10692
21371
-8.982125 -10.562807 43.903283 -219.382822 -0.312322 0.948174 0.058491 0.329437 0.050353 0.942834 -0.891026 -0.313736 0.328090
-9.872346 -13.551992 -7.908694 -233.045221 -0.396790 0.917616 -0.023215 0.425501 0.206285 0.881133 -0.813331 -0.339747 0.472298
-7.433857 -13.958190 165.348870 -373.419016 -0.360059 0.883446 -0.299801 0.259741 0.403577 0.877303 -0.896043 -0.238010 0.374779
-8.378280 -11.904615 38.181592 -183.840343 -0.188649 0.890388 0.414272 0.530466 -0.262618 0.806001 -0.826449 -0.371808 0.422777
-7.607810 -9.006725 107.670909 -198.397233 -0.270507 0.962702 -0.005540 0.227351 0.069472 0.971332 -0.935488 -0.261492 0.237664
-6.903421 -9.398090 -66.826733 95.920165 -0.025054 0.575704 0.817274 -0.441016 0.727313 -0.525853 -0.897149 -0.373606 0.235673
-8.145725 -10.636550 -59.941670 -153.716578 -0.118249 0.714912 0.689143 0.514537 -0.549458 0.658292 -0.849275 -0.432432 0.302876
-6.776298 -13.390001 14.469696 -86.565874 0.233806 -0.291374 -0.927597 0.953600 -0.117410 0.277241 -0.189690 -0.949377 0.250403
-6.961227 -13.306961 -28.808659 -25.772341 0.267463 -0.191890 -0.944268 0.963424 0.070218 0.258620 0.016678 -0.978901 0.203652
-6.960419 -13.702653 40.266767 -45.477219 0.284083 -0.296171 -0.911910 0.958471 0.062815 0.278187 -0.025110 -0.953067 0.301716
-1.929443 -6.316333 -8.376499 115.787158 0.156860 0.952850 0.259751 0.900967 -0.245791 0.357556 -0.404542 -0.177941 0.897041
-1.671645 -8.795091 -11.909688 184.152316 0.234015 0.921561 0.309778 0.832577 -0.354489 0.425622 -0.502049 -0.158312 0.850226
-1.822653 -5.927865 12.067917 112.442565 0.179891 0.939994 0.289913 0.891678 -0.280277 0.355464 -0.415390 -0.194564 0.888592
0.084489 -9.517631 30.211986 -16.967946 0.050099 0.992029 -0.115627 -0.720054 0.116104 0.684136 -0.692107 -0.048983 -0.720131
-0.165693 -9.572007 44.823764 -8.797521 0.044837 0.994637 -0.093207 -0.611813 0.101096 0.784516 -0.789731 -0.021850 -0.613064
0.317343 -9.330852 20.556457 -10.296294 0.034782 0.993545 -0.107971 -0.646175 0.104773 0.755963 -0.762396 -0.043474 -0.645649
3.617830 -4.686436 104.219029 -153.669392 0.864360 -0.365494 0.345391 0.349913 0.930430 0.108908 -0.361168 0.026721 0.932118
1.926867 -2.980857 48.900531 -45.242639 0.720004 -0.628928 0.293332 0.564164 0.776613 0.280343 -0.404121 -0.036361 0.913983
2.370788 -2.445764 -7.268043 -118.716406 0.833344 -0.360460 0.419054 0.336854 0.932255 0.132025 -0.438254 0.031138 0.898311
4.314784 -6.307156 -0.465417 -207.213632 0.871861 -0.222040 0.436528 0.244836 0.969555 0.004163 -0.424163 0.103248 0.899681
6.759643 -8.050334 149.823082 -200.127117 0.863434 -0.355049 0.358360 0.382815 0.923798 -0.007093 -0.328534 0.143310 0.933556
-0.744216 -10.560433 15.902481 169.678000 -0.013522 0.916640 -0.399486 0.103449 0.398661 0.911245 -0.994543 0.029004 0.100216
-2.123660 -12.187756 -42.031690 -249.682208 -0.033772 0.927203 -0.373032 0.155220 0.373582 0.914518 -0.987302 0.027017 0.156537
-1.104433 -9.900415 22.488154 73.972511 -0.022625 0.865843 -0.499805 0.094296 0.499552 0.861136 -0.995287 0.027647 0.092948
0.102579 -24.667410 7.861778 -313.355928 -0.128318 0.818819 -0.559526 0.610226 -0.379553 -0.695388 0.781766 0.430668 0.450961
-0.346352 -23.704697 13.952651 -215.237546 -0.126694 0.825200 -0.550448 0.607446 -0.374156 -0.700726 0.784192 0.423145 0.453862
0.127971 -26.886326 4.926852 172.696241 -0.131221 0.825095 -0.549545 0.384495 -0.468588 -0.795355 0.913753 0.315664 0.255757
0.768585 -6.154336 72.948348 -17.241842 -0.032346 0.819405 -0.572301 0.331802 0.548931 0.767191 -0.942794 0.165075 0.289636
0.807657 -6.105574 7.660758 -10.768994 -0.044470 0.810491 -0.584060 0.255529 0.574418 0.777656 -0.965778 0.114662 0.232649
-0.355286 -6.390077 135.836068 -51.574129 -0.001153 0.845872 -0.533384 0.302975 0.508610 0.805929 -0.952998 0.160673 0.256864
0.005535 -6.753229 206.436218 -60.144503 0.038841 0.851923 -0.522224 0.381305 0.470435 0.795799 -0.923633 0.230037 0.306571
-0.628817 -8.357849 -0.814268 -24.958733 -0.167799 0.982747 -0.077800 -0.143028 0.053814 0.988254 -0.975390 -0.176956 -0.131531
-0.468023 -8.959473 20.801716 -20.748939 -0.146223 0.989036 -0.020661 0.004928 0.021614 0.999754 -0.989239 -0.146085 0.008034
-0.715960 -8.316969 23.813564 -1.537020 -0.146857 0.988930 -0.021209 -0.171309 -0.004310 0.985208 -0.974211 -0.148318 -0.170045
-0.416657 -9.401779 5.597598 -45.194656 -0.161661 0.985385 -0.053693 0.030724 0.059408 0.997761 -0.986368 -0.159649 0.039879
-0.921672 -7.588331 -8.283870 -41.905240 -0.182895 0.979709 -0.081971 -0.304916 0.022739 0.952108 -0.934653 -0.199130 -0.294570
-0.708901 -7.803559 -30.285051 -53.379135 -0.192553 0.970819 -0.142948 -0.273269 0.086861 0.958008 -0.942469 -0.223531 -0.248570
-0.625808 -8.732994 -15.690301 -54.680990 -0.179098 0.976033 -0.123623 -0.120131 0.103019 0.987398 -0.976469 -0.191692 -0.098801
-0.157974 -5.698934 -39.903708 -65.723419 -0.206753 0.966936 -0.149291 -0.458466 0.039050 0.887854 -0.864328 -0.252012 -0.435233
0.019831 -6.039847 -10.171950 -56.411628 -0.198635 0.971511 -0.129268 -0.433863 0.031103 0.900442 -0.878810 -0.234944 -0.415324
-0.341624 -7.145477 -31.794983 -65.178464 -0.208436 0.967619 -0.142364 -0.349842 0.062167 0.934744 -0.913326 -0.244639 -0.325556
-0.750205 -6.676023 -33.411597 -60.080777 -0.209412 0.969999 -0.123487 -0.392794 0.032203 0.919063 -0.895466 -0.240968 -0.374266
-0.544495 -8.797797 -11.933283 -112.714143 -0.203836 0.971104 -0.124126 -0.234423 0.074684 0.969262 -0.950524 -0.226668 -0.212426
-0.562437 -8.462321 -26.558606 -85.258698 -0.196373 0.968594 -0.152523 -0.225140 0.106855 0.968449 -0.954332 -0.224516 -0.197085
-3.608489 -36.554725 -213.897875 626.949104 -0.255569 0.960005 -0.114345 -0.361243 -0.204529 -0.909764 0.896765 0.191201 -0.399066
-6.382533 -35.095267 -149.555278 378.966708 -0.316802 0.948491 -0.000598 -0.553424 -0.185359 -0.812012 0.770297 0.256916 -0.583640
-4.929612 -37.428697 -74.571045 668.575574 -0.315608 0.948880 0.004410 -0.288761 -0.091616 -0.953008 0.903885 0.302050 -0.302914
-4.697434 -36.559851 85.435226 427.181847 -0.419437 0.899607 0.121574 -0.263140 0.007687 -0.964727 0.868810 0.436633 -0.233498
-3.755080 -37.604328 -20.683954 187.979575 -0.330540 0.943109 0.035909 0.054451 0.057041 -0.996886 0.942220 0.327555 0.070208
-2.226179 -38.486337 -166.475656 518.854509 -0.240214 0.965630 -0.099278 0.021458 -0.096965 -0.995056 0.970483 0.241157 -0.002572
-3.599060 -9.108399 86.634977 81.182668 0.833864 -0.551967 0.001784 0.342916 0.515510 -0.785276 -0.432527 -0.655426 -0.619143
-4.556343 -9.944303 84.162327 168.327768 0.778997 -0.619340 0.097883 0.407785 0.381822 -0.829411 -0.476313 -0.686025 -0.549996
-4.366788 -8.961330 72.477203 75.871459 0.717115 -0.679745 0.153925 0.515049 0.368071 -0.774111 -0.469543 -0.634406 -0.614051
6.863440 -2.391013 -82.206627 -37.524105 0.991176 0.130182 0.024977 -0.100929 0.863321 -0.494459 0.085933 -0.487575 -0.868842
7.833593 -2.096544 51.329712 -22.207586 0.975305 0.186048 0.119020 -0.101184 0.855403 -0.507985 0.196320 -0.483397 -0.853104
6.985643 -2.530139 113.743434 -51.527077 0.963467 0.195373 0.183195 -0.082921 0.867997 -0.489597 0.254666 -0.456520 -0.852487
6.121908 -2.958682 -94.750074 -21.071896 0.994068 0.099816 0.043187 -0.070501 0.893773 -0.442944 0.082812 -0.437271 -0.895509
-8.074579 -12.318809 12.854055 18.165354 -0.191041 0.946736 -0.259219 -0.876401 -0.283448 -0.389331 0.442068 -0.152802 -0.883871
-8.418493 -11.870237 30.288708 0.198294 -0.099611 0.931928 -0.348694 -0.877522 -0.247480 -0.410741 0.469076 -0.265072 -0.842439
-8.057941 -11.862113 27.607961 -26.207500 -0.144566 0.952436 -0.268267 -0.936627 -0.219151 -0.273318 0.319109 -0.211754 -0.923759
16.498967 -186.843873 -477.014402 -9081.929909 0.566841 -0.550925 -0.612514 0.823308 0.352433 0.444921 -0.029248 -0.756487 0.653355
3.900712 -95.681905 85.399026 -4197.929230 0.424954 -0.589851 -0.686651 0.901845 0.341267 0.264976 0.078034 -0.731856 0.676977
2.955261 -439.575424 -135.680272 -27996.852962 0.543720 -0.487865 -0.682902 0.774152 0.605790 0.183596 0.324125 -0.628495 0.707062
-9.794783 -11.898905 -103.701586 34.183895 0.375907 0.197734 -0.905315 0.752040 0.505711 0.422719 0.541414 -0.839736 0.041396
-8.101805 -11.754021 -77.937688 43.577213 0.374268 0.005664 -0.927303 0.784477 0.531302 0.319867 0.494490 -0.847164 0.194406
-9.773939 -12.304179 -90.331438 87.883624 0.355989 0.163507 -0.920075 0.832067 0.392703 0.391725 0.425366 -0.905014 0.003750
-11.213444 -12.597393 -52.195840 62.685935 0.478021 0.413081 -0.775151 0.747011 0.273023 0.606163 0.462029 -0.868805 -0.178065
-11.130988 -12.305829 -77.496307 34.639578 0.492354 0.478223 -0.727248 0.647119 0.357653 0.673291 0.582086 -0.802114 -0.133375
1.141970 -8.565913 51.072103 -30.648630 -0.330605 0.938181 -0.102546 0.055992 -0.088967 -0.994460 0.942107 0.334515 0.023118
0.000566 -8.558070 66.365014 -69.358327 -0.347893 0.932870 -0.093398 0.091744 -0.065269 -0.993641 0.933035 0.354249 0.062878
0.366472 -9.210810 71.603672 -16.569972 -0.357179 0.929522 -0.091712 -0.042532 -0.114273 -0.992538 0.933067 0.350613 -0.080351
1.696536 -9.000549 31.900522 -1.955445 -0.313106 0.944947 -0.095076 -0.071197 -0.123183 -0.989827 0.947046 0.303152 -0.105846
1.749917 -8.715403 35.517904 -13.557525 -0.308042 0.945711 -0.103640 0.035789 -0.097341 -0.994607 0.950699 0.310090 0.003861
1.150478 -9.074937 55.390243 -6.790557 -0.337699 0.936283 -0.096607 -0.070740 -0.127592 -0.989301 0.938592 0.327252 -0.109320
3.529836 -8.807599 -230.100160 -80.021319 0.079044 0.960459 -0.266967 -0.459542 -0.202545 -0.864752 0.884632 -0.191036 -0.425361
-0.334363 -9.733166 -215.734578 -52.232766 0.140902 0.971560 -0.190312 -0.469594 -0.103642 -0.876778 0.871566 -0.212909 -0.441636
2.993734 -8.960542 -292.075596 -41.981162 0.118088 0.955840 -0.269120 -0.368496 -0.209483 -0.905719 0.922099 -0.206125 -0.327486
5.288611 -8.703195 -283.825642 -5.444946 0.068836 0.959410 -0.273487 -0.369921 -0.230048 -0.900131 0.926510 -0.163130 -0.339070
6.207295 -8.373827 -166.294104 2.943299 -0.033427 0.960197 -0.277316 -0.396400 -0.267451 -0.878258 0.917469 -0.080570 -0.389562
5.034809 -8.333135 -107.980376 -83.019192 -0.054427 0.963138 -0.263445 -0.469011 -0.257579 -0.844797 0.881513 -0.077579 -0.465742
1.686714 -4.044534 22.882392 -103.572507 0.107171 0.989123 -0.100747 0.984634 -0.119642 -0.127209 0.137879 0.085566 0.986746
2.089456 -4.788770 -50.611436 -110.681913 0.011467 0.999544 -0.027940 0.989467 -0.015375 -0.143942 0.144306 0.025995 0.989192
2.703550 -2.548495 -47.420739 -40.536333 0.267856 0.959003 -0.092552 0.958383 -0.275060 -0.076440 0.098763 0.068225 0.992769
-0.256999 -11.452982 22.201225 -244.932479 -0.159081 0.901222 -0.403103 0.542067 -0.261520 -0.798605 0.825140 0.345552 0.446920
-0.507004 -11.103778 14.972149 74.488292 -0.233129 0.924038 -0.302993 0.565866 -0.124490 -0.815045 0.790851 0.361465 0.493860
0.034568 -12.571069 8.291642 -266.042183 -0.176294 0.913538 -0.366563 0.507453 -0.234748 -0.829086 0.843452 0.332176 0.422193
0.058638 -25.159942 12.292610 155.572031 0.010185 0.888112 -0.459515 0.031125 0.459034 0.887873 -0.999464 0.023345 0.022967
-0.350370 -21.722847 19.424470 393.618204 0.004416 0.885495 -0.464628 0.277343 0.445320 0.851335 -0.960761 0.132621 0.243619
0.103971 -21.908481 11.066014 377.305441 0.005036 0.885622 -0.464380 0.259460 0.447325 0.855909 -0.965741 0.124799 0.227531
0.958933 -5.944541 -9.013387 35.774902 -0.020487 0.758611 -0.651221 0.646512 -0.486797 -0.587411 0.762629 0.433056 0.480478
1.252780 -6.176927 37.317082 -22.934793 -0.030931 0.752057 -0.658372 0.697954 -0.455248 -0.552820 0.715474 0.476612 0.510820
0.428083 -6.418186 61.546394 44.968234 -0.014903 0.752296 -0.658657 0.668979 -0.482076 -0.565747 0.743132 0.449059 0.496086
0.305551 -6.247473 24.716454 42.783429 -0.032138 0.773767 -0.632655 0.624079 -0.478889 -0.617406 0.780700 0.414669 0.467501
0.840829 -5.970689 -46.030993 52.524479 -0.006382 0.762086 -0.647444 0.595271 -0.517347 -0.614821 0.803499 0.389329 0.450346
-3.053694 -18.159223 82.716893 -16.212229 -0.088355 0.893665 -0.439951 0.443631 -0.360150 -0.820660 0.891843 0.267686 0.364637
-1.490612 -18.390926 182.048166 -42.808058 -0.177025 0.874882 -0.450825 0.493278 -0.317506 -0.809856 0.851669 0.365747 0.375353
-2.331107 -18.070303 118.876645 -30.737006 -0.100839 0.883164 -0.458097 0.624219 -0.302377 -0.720360 0.774714 0.358594 0.520796
-4.196698 -18.851694 57.549997 -42.983275 -0.036831 0.887682 -0.458981 0.581643 -0.354437 -0.732165 0.812610 0.293929 0.503260
-4.745149 -18.388131 87.250043 37.158265 -0.057770 0.892821 -0.446691 0.321814 -0.406899 -0.854909 0.945039 0.193139 0.263816
-3.193281 -34.606367 64.124305 -1418.049716 -0.105479 0.888706 -0.446179 0.120158 0.456784 0.881425 -0.987135 -0.039360 0.154966
-2.288171 -48.210487 87.599532 -1861.940135 -0.118491 0.866193 -0.485458 0.401554 0.488942 0.774397 -0.908138 0.103179 0.405758
-0.656360 -41.479907 -26.870094 -1611.091003 -0.083736 0.911959 -0.401646 0.440862 0.395374 0.805804 -0.893661 0.109596 0.435155
-4.342637 -28.183972 -114.515317 -788.813188 0.081842 0.988463 -0.127446 -0.748541 -0.023464 -0.662673 0.658019 -0.149633 -0.737985
-4.311112 -27.206753 -68.067344 -901.623301 0.100442 0.993994 -0.043437 -0.674372 0.035915 -0.737518 0.731528 -0.103370 -0.673929
-3.092698 -21.565599 -65.847511 -471.600653 0.088034 0.993101 -0.077463 -0.566322 -0.014076 -0.824064 0.819469 -0.116414 -0.561176
-2.065400 -24.557946 -101.886507 -558.527529 0.043506 0.985173 -0.165958 -0.655289 -0.097250 -0.749092 0.754124 -0.141341 -0.641342
-2.586473 -29.788365 -161.522964 -553.611216 0.041808 0.976991 -0.209145 -0.858670 -0.071888 -0.507462 0.510821 -0.200802 -0.835907
2.045096 -1.621702 48.797571 -5.090684 -0.148125 -0.949038 0.278183 0.975834 -0.185948 -0.114765 0.160644 0.254461 0.953647
2.621008 -2.519962 61.252394 -11.139421 -0.166704 -0.936249 0.309269 0.970785 -0.210749 -0.114721 0.172586 0.281110 0.944029
2.348439 -1.924256 29.248912 -70.062512 -0.328291 -0.899730 0.287596 0.929726 -0.361565 -0.069854 0.166834 0.244453 0.955201
0.468255 -78.108707 -157.299465 -1932.407082 -0.011236 0.984515 0.174942 0.112040 0.175091 -0.978157 0.993640 -0.008610 0.112272
15.631603 -350.437077 -1625.590248 -27555.928298 -0.032055 0.967178 0.252069 0.244080 0.252138 -0.936403 0.969225 -0.031508 0.244152
0.167334 -91.523589 -65.220121 2013.093623 0.004632 0.986450 0.163998 0.486875 0.141024 -0.862012 0.873459 -0.083840 0.479624
4.043469 -2.524013 -178.664954 42.231285 0.940729 0.248931 0.230352 -0.215073 0.963009 -0.162350 -0.262245 0.103184 0.959469
2.035772 -3.352882 -229.935389 0.347187 0.874827 0.403551 0.267999 -0.375659 0.914427 -0.150675 -0.305871 0.031138 0.951564
1.778477 -3.235083 -321.881515 23.811123 0.897127 0.299964 0.324321 -0.261318 0.952252 -0.157888 -0.356196 0.056895 0.932678
-10.621163 -15.676082 8.277538 -393.432826 -0.471672 0.844760 -0.252796 0.356950 0.445072 0.821278 -0.806296 -0.297138 0.511465
-12.252101 -14.919084 -125.137040 -146.344046 -0.437707 0.899088 0.007299 0.564198 0.268333 0.780819 -0.700066 -0.345888 0.624715
-9.938478 -13.656894 -10.439108 -137.015703 -0.304351 0.890160 0.339094 0.622937 -0.083314 0.777822 -0.720638 -0.447966 0.529157
-2.336667 -8.523680 -26.723923 156.779944 0.227430 0.936277 0.267695 0.851374 -0.324617 0.412051 -0.472693 -0.134196 0.870949
-1.344096 -11.357927 -14.979620 201.199857 0.254331 0.915633 0.311340 0.739729 -0.391552 0.547254 -0.622990 -0.091124 0.776904
-0.348279 -12.293805 -64.154132 304.960519 0.265262 0.891929 0.366194 0.744969 -0.430707 0.509424 -0.612093 -0.137672 0.778710
-2.179384 -10.698302 -21.926560 180.705046 0.240852 0.930879 0.274690 0.773422 -0.355067 0.525116 -0.586353 -0.085976 0.805480
0.732761 -9.426282 -139.636883 5.256810 -0.279048 0.906220 -0.317643 -0.837843 -0.068139 0.541642 -0.469203 -0.417279 -0.778285
2.584448 -8.979691 -143.215648 43.766814 -0.216589 0.912673 -0.346578 -0.767388 0.060293 0.638342 -0.603494 -0.404218 -0.687315
-0.390925 -9.643619 -136.530501 9.568837 -0.264798 0.904853 -0.333352 -0.775774 0.005435 0.630988 -0.572763 -0.425690 -0.700522
3.280261 -8.708334 -110.258807 30.088900 -0.186484 0.931859 -0.311227 -0.840523 0.012689 0.541627 -0.508669 -0.362598 -0.780883
-1.197624 -9.633604 -108.583217 -26.693892 -0.296079 0.914101 -0.277051 -0.839441 -0.110633 0.532071 -0.455715 -0.390103 -0.800090
-0.604578 -9.380921 -96.940695 49.123613 -0.291815 0.914270 -0.280988 0.884582 0.146231 -0.442867 -0.363811 -0.377792 -0.851419
0.244032 -9.421837 -111.044296 24.012696 -0.306003 0.906222 -0.291761 0.879138 0.151371 -0.451888 -0.365347 -0.394777 -0.843014
1.914514 -9.059622 -98.968169 -1.216252 -0.251621 0.920322 -0.299490 -0.889465 -0.097921 0.446389 -0.381495 -0.378707 -0.843234
1.946329 -3.107193 -58.355996 22.840307 -0.505023 0.841307 -0.192755 0.729706 0.535456 0.425224 -0.460956 -0.074094 0.884325
1.163823 -4.006163 -78.035966 15.508417 -0.540055 0.823536 -0.173576 0.724201 0.559790 0.402702 -0.428806 -0.091777 0.898723
1.319554 -4.830667 -98.028618 58.428387 -0.368548 0.927824 -0.057582 0.786435 0.344215 0.512871 -0.495674 -0.143733 0.856533
0.252196 -5.292450 -58.335008 20.889603 -0.565746 0.802360 -0.190133 0.719144 0.592927 0.362312 -0.403439 -0.068244 0.912458
0.306998 -5.959201 -91.896228 84.770951 -0.373768 0.926130 -0.050797 0.800640 0.349803 0.486429 -0.468265 -0.141142 0.872242
-0.964277 -11.545755 -27.798822 -119.602960 -0.015250 0.965805 -0.258820 0.183179 0.257168 0.948847 -0.982961 0.032941 0.180836
-2.234000 -17.612241 -98.060975 -523.522937 -0.057880 0.961514 -0.268590 0.272430 0.274042 0.922325 -0.960433 0.019787 0.277807
-4.240580 -21.899502 -80.763846 -817.108460 -0.079089 0.903238 -0.421790 0.244397 0.427771 0.870220 -0.966444 0.034259 0.254581
-1.966915 -15.751198 33.872663 75.543647 -0.011355 0.914854 -0.403625 -0.876787 -0.203176 -0.435850 0.480746 -0.348944 -0.804439
-1.156934 -16.166329 58.992144 78.099582 -0.060840 0.924582 -0.376093 -0.892320 -0.219227 -0.394595 0.447285 -0.311588 -0.838361
-1.970323 -16.660489 33.190345 141.127279 -0.032121 0.912927 -0.406856 -0.803767 -0.265547 -0.532394 0.594077 -0.309916 -0.742310
-1.684904 -15.675631 39.321202 -25.523616 -0.010744 0.917747 -0.397020 0.940072 0.144593 0.308800 0.340806 -0.369910 -0.864302
-2.546408 -16.355683 10.309490 87.434759 0.026556 0.898163 -0.438859 -0.784693 -0.253255 -0.565790 0.619315 -0.359395 -0.698057
-2.483089 -15.893946 19.318845 44.001659 0.031899 0.899986 -0.434750 -0.873372 -0.186408 -0.449970 0.486008 -0.394052 -0.780077
-0.136649 -10.141918 12.570355 -52.126306 -0.142638 0.989679 0.013757 0.196401 0.014678 0.980414 -0.970093 -0.142546 0.196467
0.176255 -4.971638 -13.450833 -61.716020 -0.180742 0.971034 -0.156285 -0.519610 0.040641 0.853436 -0.835067 -0.235459 -0.497214
0.804938 -7.303736 55.366793 175.683822 -0.202643 0.978102 -0.047466 0.751118 0.186351 0.633321 -0.628297 -0.092686 0.772433
0.007795 -9.219854 34.811303 165.075828 -0.195092 0.980215 -0.033424 0.653558 0.155336 0.740765 -0.731301 -0.122673 0.670933
0.802487 -6.596417 -23.333045 164.050425 -0.289342 0.952371 -0.096282 0.729039 0.284432 0.622576 -0.620309 -0.109944 0.776614
1.672550 -4.824224 -1.779187 88.019055 -0.322265 0.936297 -0.139618 0.750898 0.342641 0.564579 -0.576452 -0.077106 0.813485
1.802941 -4.417412 -97.213937 53.891557 -0.405628 0.893743 -0.191547 0.699516 0.438423 0.564324 -0.588339 -0.094916 0.803024
0.656573 -6.212107 -67.825645 158.940236 -0.373651 0.911462 -0.172111 0.691800 0.397441 0.602871 -0.617898 -0.106197 0.779054
-4.644026 -34.129987 -240.408965 203.966082 -0.266793 0.957341 -0.110998 -0.589755 -0.253264 -0.766842 0.762241 0.139126 -0.632165
-6.071251 -32.747645 -182.186726 -367.435384 -0.292537 0.955219 -0.044496 -0.722598 -0.251294 -0.643975 0.626319 0.156233 -0.763751
9.970104 -145.220053 565.360743 7055.117342 -0.321075 0.899188 0.297275 -0.736916 -0.434370 0.517956 -0.594867 0.052764 -0.802091
2.754463 -133.531628 -148.272836 1131.936985 -0.313997 0.929394 0.193990 0.945609 0.324436 -0.023771 -0.085030 0.175975 -0.980715
3.358914 -93.776392 110.636704 2192.690431 -0.343606 0.889762 0.300432 -0.888737 -0.411455 0.202115 -0.303449 0.197557 -0.932143
-4.282361 -11.348968 78.475115 183.261123 0.856319 -0.515033 -0.038191 0.228227 0.443722 -0.866616 -0.463282 -0.733384 -0.497512
-3.463949 -10.263324 -85.872614 157.801119 0.264996 0.929420 0.256817 0.790221 -0.361951 0.494512 -0.552564 -0.071899 0.830363
-4.358325 -8.990226 -136.668922 146.517103 0.245090 0.944148 0.220261 0.853711 -0.317845 0.412495 -0.459465 -0.086941 0.883930
-5.390599 -10.735386 -165.820982 119.304865 0.279572 0.933274 0.225474 0.761797 -0.358554 0.539540 -0.584384 -0.020925 0.811208
-3.001639 -8.042330 -62.974463 138.767991 0.201344 0.951433 0.232887 0.873770 -0.281912 0.396296 -0.442703 -0.123698 0.888095
-4.452838 -11.330590 -131.726876 51.204728 0.265859 0.937974 0.222541 0.668404 -0.345704 0.658577 -0.694662 0.026341 0.718854
-2.947047 -11.750292 -76.280464 112.007613 0.249199 0.934028 0.255915 0.689362 -0.356680 0.630524 -0.680206 -0.019292 0.732767
2.774458 -127.657985 237.614804 -6516.177341 0.393006 -0.599815 -0.696970 0.860825 -0.026506 0.508211 -0.323307 -0.799699 0.505919
5.561497 -72.325697 50.141894 -2996.725730 0.416818 -0.678529 -0.604864 0.857462 0.072645 0.509394 -0.301698 -0.730973 0.612093
5.682518 -127.820078 14.068481 -6297.798016 0.507890 -0.592609 -0.625191 0.844474 0.485781 0.225565 0.170034 -0.642520 0.747166
-7.000106 -11.509214 -33.028715 -10.210448 0.433154 -0.076283 -0.898086 0.707007 0.646770 0.286059 0.559034 -0.758860 0.334083
-6.944581 -11.842504 -28.868256 56.025708 0.397331 -0.119957 -0.909801 0.797020 0.536510 0.277338 0.454849 -0.835325 0.308780
-8.072665 -12.284333 -76.807332 92.933235 0.331483 -0.038192 -0.942688 0.866535 0.407505 0.288195 0.373143 -0.912404 0.168175
-0.580669 -7.461661 75.802031 -93.649887 -0.343687 0.934325 -0.094425 0.201596 -0.024800 -0.979155 0.917191 0.355558 0.179833
-1.065351 -8.626044 64.764770 -101.312949 -0.342293 0.938144 -0.052172 0.095169 -0.020625 -0.995247 0.934761 0.345631 0.082222
-0.544298 -9.521320 50.480490 -45.231777 -0.346095 0.934335 -0.085071 -0.028949 -0.101266 -0.994438 0.937753 0.341707 -0.062095
-2.726552 -10.317878 -111.902658 5.583897 0.088538 0.985252 -0.146424 -0.507647 -0.081844 -0.857669 0.857004 -0.150268 -0.492914
-1.324659 -10.189117 -108.074787 1.760253 0.105700 0.983059 -0.149743 -0.609916 -0.054843 -0.790566 0.785385 -0.174894 -0.593787
-2.042380 -10.081285 39.001211 47.281965 0.015075 0.988989 -0.147220 -0.635606 -0.104182 -0.764951 0.771866 -0.105105 -0.627037
-1.231897 -9.690289 16.964710 49.949965 0.029275 0.988100 -0.151003 -0.730801 -0.081909 -0.677658 0.681962 -0.130192 -0.719706
-0.445880 -10.044620 -104.955802 35.884202 0.111183 0.980260 -0.163491 -0.708550 -0.037164 -0.704681 0.696846 -0.194190 -0.690431
3.039797 -1.477970 -20.779453 8.110180 -0.510636 -0.839308 0.186581 0.852701 -0.522177 -0.015263 0.110239 0.151304 0.982321
2.389540 -0.977695 -99.318693 4.359941 -0.539223 -0.797858 0.269559 0.828644 -0.559775 0.000755 0.150290 0.223776 0.962984
2.633979 -1.723642 -63.141219 -62.060139 -0.462242 -0.849071 0.255756 0.875889 -0.482186 -0.017743 0.138387 0.215813 0.966578
-1.996525 -20.361795 60.711653 514.753896 0.063585 0.914359 -0.399880 -0.072058 0.403851 0.911982 -0.995372 0.029174 -0.091566
-1.919031 -24.140362 86.940077 487.197490 0.060864 0.929578 -0.363565 -0.275825 0.365721 0.888914 -0.959279 -0.046178 -0.278660
-2.767466 -19.183672 -26.065108 498.437093 -0.014040 0.930810 -0.365235 -0.053539 0.364047 0.929840 -0.998467 -0.032609 -0.044723
-0.275766 -24.043714 149.501381 440.976493 0.142494 0.896868 -0.418716 -0.292355 0.442296 0.847881 -0.945634 -0.001596 -0.325229
-2.627481 -13.816808 -39.165902 431.301168 -0.015579 0.916886 -0.398845 0.121609 0.397670 0.909434 -0.992456 0.034335 0.117697
-2.232187 -15.063069 61.956800 457.335319 0.064294 0.904162 -0.422323 0.103661 0.414858 0.903962 -0.992533 0.101897 0.067053
-0.744625 -20.980046 140.768221 571.515214 0.138310 0.883419 -0.447706 -0.080685 0.460599 0.883934 -0.987097 0.086133 -0.134984
-1.994556 -15.524309 37.030765 114.919187 -0.168748 0.917375 -0.360482 0.982740 0.128466 -0.133110 -0.075803 -0.376722 -0.923220
-1.939045 -16.973968 37.201113 159.213276 -0.149809 0.922584 -0.355522 0.961886 0.052798 -0.268306 -0.228764 -0.382166 -0.895330
-1.095328 -15.799677 53.888381 118.694430 -0.140746 0.936460 -0.321298 0.987322 0.108706 -0.115665 -0.073388 -0.333504 -0.939888
-2.415831 -17.022940 13.784408 140.762469 -0.188572 0.898177 -0.397138 0.950997 0.066107 -0.302051 -0.245042 -0.434635 -0.866629
-1.699772 -15.088478 41.409596 41.737454 -0.167545 0.921327 -0.350835 0.982827 0.184009 0.013866 0.077332 -0.342487 -0.936334
-2.563861 -15.958565 23.408806 89.512216 -0.194805 0.894557 -0.402266 0.976512 0.138389 -0.165146 -0.092064 -0.424989 -0.900505
-2.439600 -15.348764 26.890645 61.225987 -0.185223 0.898850 -0.397191 0.979329 0.202272 0.001053 0.081287 -0.388785 -0.917736
0.845052 -6.221042 116.881903 -7.832823 -0.060435 0.767542 -0.638143 0.712618 -0.414484 -0.566020 0.698944 0.488960 0.521915
-1.052571 -20.092527 209.752951 -48.892055 -0.177191 0.862623 -0.473798 0.641077 -0.264108 -0.720602 0.746742 0.431425 0.506211
-0.109588 -22.497068 131.071473 83.074341 -0.172668 0.899359 -0.401671 0.403438 -0.307445 -0.861809 0.898567 0.310856 0.309750
1.124248 -21.116243 65.729629 -14.563753 -0.155227 0.911943 -0.379823 0.317718 -0.317970 -0.893281 0.935393 0.259338 0.240383
1.515699 -21.952571 57.142270 29.660444 -0.145401 0.914594 -0.377328 0.493099 -0.263648 -0.829062 0.857737 0.306606 0.412650
0.489113 -21.920732 51.717755 110.304500 -0.141605 0.925777 -0.350550 0.114834 -0.336365 -0.934704 0.983240 0.172614 0.058680
13.259483 -64.834038 -902.121995 -2978.291799 -0.185943 0.901814 -0.390073 0.291106 0.429735 0.854742 -0.938447 -0.045381 0.342430
129.302177 -40.081739 -9261.841061 230.591640 0.248954 0.966942 -0.055184 0.682016 -0.134570 0.718850 -0.687660 0.216597 0.692971
-3.030165 -26.755785 -6.827264 -566.333519 0.127482 0.990931 0.042484 -0.604836 0.111617 -0.788489 0.786080 -0.074822 -0.613579
-3.165162 -20.679784 -54.498142 -429.606001 0.116601 0.993179 -0.000604 -0.482147 0.056074 -0.874294 0.868296 -0.102235 -0.485396
2.677829 -2.646954 52.666712 59.777442 -0.007499 -0.956860 0.290452 0.989074 -0.049862 -0.138730 0.147227 0.286238 0.946780
3.117121 -3.319191 40.790805 29.246125 -0.050164 -0.940223 0.336845 0.985787 -0.100757 -0.134432 0.160335 0.325314 0.931914
3.187309 -3.320664 42.001344 -30.188041 -0.182497 -0.919129 0.349136 0.964627 -0.236086 -0.117294 0.190234 0.315380 0.929702
0.760399 -38.090977 76.760380 -686.430120 -0.241601 0.913661 -0.326884 -0.592144 -0.405687 -0.696264 0.768761 -0.025344 -0.639034
8.865564 -842.496965 650.078846 -53354.199789 -0.191534 0.930241 -0.312995 -0.747016 -0.345013 -0.568271 0.636617 -0.124969 -0.760987
1.724293 -75.775493 118.975194 -3576.762648 -0.260108 0.892473 -0.368558 -0.670927 -0.441552 -0.595726 0.694407 -0.092322 -0.713635
1.203171 -34.870349 -8.952384 -264.677961 -0.196813 0.907168 -0.371903 -0.582737 -0.413285 -0.699724 0.788469 -0.079007 -0.609980
3.360551 -49.362510 179.186532 -1767.908987 -0.231936 0.909600 -0.344724 -0.664165 -0.407007 -0.627081 0.710698 -0.083511 -0.698523
11.114420 -261.490612 146.331223 -12844.156675 -0.317427 0.851273 -0.417820 -0.711217 -0.505149 -0.488871 0.627224 -0.141980 -0.765788
-9.683014 -14.771207 55.734127 -168.151105 -0.403342 0.884487 -0.234515 0.482193 0.423262 0.767033 -0.777692 -0.196295 0.597212
-4.406365 -12.999049 401.011533 -43.792529 -0.181998 0.937224 -0.297468 0.504884 0.348667 0.789635 -0.843782 0.006475 0.536646
-2.633460 -12.435263 289.087961 -205.813129 -0.175650 0.951532 -0.252456 0.322912 0.297943 0.898308 -0.929987 -0.076267 0.359595
-5.444232 -11.097564 203.991415 -319.217840 -0.254387 0.932973 -0.254654 0.153373 0.298903 0.941878 -0.954864 -0.200544 0.219130
-9.122914 -9.351810 26.821726 136.399832 -0.559303 0.078624 0.825227 -0.346420 0.882231 -0.318844 -0.753109 -0.464205 -0.466197
-8.417434 -9.796020 20.573483 113.962079 -0.516308 0.224682 0.826404 -0.339724 0.832066 -0.438469 -0.786139 -0.507134 -0.353272
-7.578341 -8.776225 164.669644 -22.645502 -0.429968 0.898421 0.089256 -0.337871 -0.251796 0.906886 -0.837240 -0.359775 -0.411815
-8.983410 -10.784288 31.187426 77.527750 -0.463154 0.008379 0.886238 -0.537470 0.792441 -0.288378 -0.704708 -0.609890 -0.362519
-9.527125 -10.621733 22.494603 116.713222 -0.408477 -0.262473 0.874216 -0.606786 0.793576 -0.045260 -0.681877 -0.548950 -0.483422
-1.983547 -4.980155 -17.580819 71.699101 -0.002154 0.980672 0.195648 0.939509 -0.065029 0.336295 -0.342517 -0.184537 0.921210
-2.592762 -6.329664 -52.788323 100.875438 0.096947 0.972202 0.213132 0.921296 -0.168682 0.350372 -0.376584 -0.162390 0.912038
1.951333 -9.312156 -201.078730 33.854237 -0.249816 0.892027 -0.376670 -0.697961 0.103741 0.708582 -0.671150 -0.439916 -0.596684
3.891718 -9.034218 -177.874565 31.609744 -0.205019 0.910903 -0.358081 -0.692557 0.123509 0.710711 -0.691615 -0.393701 -0.605531
4.191349 -8.413630 -68.655042 -0.345591 -0.110646 0.951420 -0.287327 -0.799581 0.086489 0.594298 -0.590277 -0.295498 -0.751168
4.781043 -8.794783 -90.278272 27.891639 -0.117360 0.943272 -0.310588 -0.708458 0.139642 0.691800 -0.695927 -0.301228 -0.651880
2.299080 -1.948730 -27.815379 21.916541 -0.622949 0.723054 -0.298542 0.644378 0.690686 0.328224 -0.443522 -0.012093 0.896182
-0.367414 -11.516950 -31.906760 170.238056 -0.043493 0.939842 -0.338829 0.072682 0.341228 0.937167 -0.996406 -0.016134 0.083151
-1.129126 -17.588292 59.672536 167.474808 -0.094545 0.915392 -0.391304 -0.806513 -0.300858 -0.508942 0.583608 -0.267473 -0.766720
-0.255292 -17.457282 47.944996 88.648033 -0.081587 0.919539 -0.384436 -0.889541 -0.241149 -0.388026 0.449511 -0.310314 -0.837642
-0.751107 -16.285300 56.687210 12.320267 -0.044039 0.929087 -0.367229 0.952378 0.150059 0.265439 0.301722 -0.338052 -0.891451
0.728993 -5.191350 -97.550631 -27.000098 -0.079730 0.784301 -0.615236 0.118693 0.620279 0.775349 -0.989725 0.011206 0.142546
1.272823 -5.454179 -101.999590 -13.479895 -0.075949 0.787210 -0.611990 0.147054 0.615894 0.773983 -0.986208 0.031212 0.162539
0.454207 -5.366973 -64.526592 -22.347479 -0.061952 0.811899 -0.580502 0.179503 0.581199 0.793717 -0.981805 0.055029 0.181745
2.682502 -5.181914 -149.227569 -45.312983 -0.079155 0.787652 -0.611014 0.067888 0.615774 0.784993 -0.994548 -0.020656 0.102214
-0.336285 -5.271065 -5.414327 -20.337793 -0.032941 0.884467 -0.465439 0.157880 0.464450 0.871413 -0.986909 0.044779 0.154939
1.369914 -4.839958 -171.869695 -43.683905 -0.097223 0.755023 -0.648450 0.048997 0.654378 0.754579 -0.994056 -0.041590 0.100614
-0.759178 -4.710312 -68.206895 -34.294121 -0.070304 0.811615 -0.579946 0.081909 0.584119 0.807525 -0.994157 -0.009270 0.107545
-1.055219 -7.840315 15.053134 -17.323691 -0.178124 0.984007 0.001364 -0.338858 -0.062641 0.938750 -0.923822 -0.166752 -0.344596
-0.084115 -4.625884 -41.001992 -64.207671 -0.195284 0.967732 -0.159243 -0.534285 0.031186 0.844729 -0.822438 -0.250043 -0.510955
-0.709231 -5.503050 -35.761227 -74.701967 -0.223366 0.969333 -0.102476 -0.484715 -0.019248 0.874461 -0.845671 -0.244997 -0.474149
0.432498 -9.593684 41.216208 137.240030 -0.154603 0.987910 0.011479 0.644108 0.091976 0.759385 -0.749148 -0.124797 0.650540
-0.360291 -11.062836 50.784528 70.466935 -0.160060 0.986924 -0.019011 0.490971 0.096304 0.865837 -0.856346 -0.129252 0.499965
-0.879602 -11.144945 43.943702 119.478736 -0.197973 0.978538 -0.057185 0.516830 0.153778 0.842163 -0.832882 -0.137171 0.536182
8.530680 -20.037762 -439.823779 209.128906 -0.403371 0.876331 0.263317 0.856992 0.462663 -0.226953 0.320713 -0.134114 0.937634
10.347649 -25.188715 -239.677899 428.753733 -0.441720 0.892758 0.088691 0.877179 0.450515 -0.166115 0.188257 -0.004422 0.982110
7.351406 -26.065790 -261.483350 -667.755168 -0.391630 0.913632 0.109096 0.865978 0.406057 -0.291889 0.310978 0.019838 0.950210
5.573774 -18.676050 -290.362825 -379.262010 -0.406194 0.878671 0.250885 0.825690 0.470547 -0.311162 0.391463 -0.080761 0.916643
3.217328 -30.227206 -124.755554 -1088.892696 -0.406359 0.893956 0.188983 0.767902 0.446216 -0.459584 0.495175 0.041636 0.867795
-6.129294 -10.063829 -176.117621 171.090830 0.341132 0.916424 0.209276 0.814599 -0.399300 0.420700 -0.469104 -0.026961 0.882731
-3.906082 -6.988416 -101.868852 82.561474 0.102426 0.980493 0.167759 0.922009 -0.156879 0.353962 -0.373375 -0.118420 0.920091
3.121128 -57.554107 -3.821216 -2444.913736 0.411036 -0.616055 -0.671957 0.859687 0.016713 0.510548 -0.303295 -0.787526 0.536484
-6.865942 -11.725470 17.697900 3.561210 0.490420 -0.152888 -0.857971 0.692367 0.666242 0.277037 0.529261 -0.729895 0.432593
-6.720936 -11.459372 14.531203 -16.544329 0.497838 -0.112741 -0.859911 0.595793 0.764974 0.244635 0.630229 -0.634117 0.448003
-1.557984 -6.393666 1.061165 -124.769324 -0.522660 0.833523 0.179070 0.826633 0.546859 -0.132748 0.208575 -0.078643 0.974839
-1.292713 -5.157612 13.626166 -105.081282 -0.544117 0.814092 0.202954 0.810672 0.572463 -0.122870 0.216211 -0.097674 0.971449
-1.397807 -9.170281 2.680842 -198.396440 -0.587118 0.785186 0.196916 0.754198 0.618945 -0.219299 0.294071 -0.019760 0.955579
-1.939508 -9.870924 -41.611556 -211.027398 -0.586036 0.788206 0.187866 0.752868 0.615394 -0.233408 0.299585 -0.004653 0.954058
-2.047751 -6.960140 -38.904177 -131.489710 -0.528677 0.832408 0.166123 0.824885 0.549983 -0.130705 0.200165 -0.067932 0.977404
0.150983 -9.559818 -276.634082 -54.054727 0.150709 0.963274 -0.222238 -0.347819 -0.158764 -0.924022 0.925370 -0.216557 -0.311118
-2.198651 -9.987508 -182.895430 -46.858066 0.129854 0.976532 -0.171824 -0.368956 -0.113259 -0.922521 0.920331 -0.183189 -0.345590
-2.364935 -7.019266 -8.177689 -298.019236 0.249722 -0.890047 0.381386 0.956039 0.289150 0.048803 -0.153714 0.352432 0.923127
-2.580506 -7.394671 109.168321 -256.661187 0.136410 -0.942157 0.306159 0.983703 0.165365 0.070594 -0.117138 0.291540 0.949359
-3.038845 -8.937204 7.292385 -120.589699 0.161423 -0.912000 0.377093 0.986434 0.160663 -0.033701 -0.029850 0.377418 0.925562
-1.663729 -5.561514 35.494780 -331.994372 0.185794 -0.922025 0.339634 0.950905 0.255788 0.174220 -0.247510 0.290591 0.924281
-2.451269 -22.954207 -25.628402 531.201724 -0.019866 0.944972 -0.326549 -0.234629 0.313086 0.920286 -0.971882 -0.094900 -0.215498
-1.516784 -24.742254 72.588522 159.149873 0.030550 0.948117 -0.316450 -0.491517 0.289924 0.821192 -0.870332 -0.130453 -0.474873
-0.214886 -25.372260 178.618419 37.126246 0.132626 0.922887 -0.361510 -0.533772 0.373829 0.758512 -0.835163 -0.092366 -0.542191
-0.997147 -17.583153 56.284514 174.905616 -0.112576 0.940002 -0.322060 0.965381 0.026717 -0.259470 -0.235298 -0.340121 -0.910468
-2.072018 -18.765081 38.570903 -195.782386 -0.127165 0.923731 -0.361316 -0.910578 0.035717 0.411790 -0.393289 -0.381372 -0.836588
-2.456296 -18.028681 6.325964 140.237609 -0.175839 0.898239 -0.402800 0.899227 -0.019945 -0.437026 -0.400588 -0.439055 -0.804214
-0.279381 -6.490522 171.704540 50.336047 -0.108745 0.799413 -0.590858 0.681975 -0.372454 -0.629435 0.723246 0.471398 0.504677
-0.607267 -10.059557 -24.674769 23.499091 -0.184175 0.982851 -0.009180 0.448266 0.075680 -0.890691 0.874721 0.168158 0.454517
-0.208216 -10.518763 -5.523133 25.090314 -0.187353 0.982028 -0.022814 0.488957 0.073091 -0.869240 0.851950 0.174010 0.493863
-0.621313 -9.643103 0.256568 5.818705 -0.176682 0.983633 -0.035336 0.310634 0.021658 -0.950283 0.933965 0.178874 0.309377
-0.136119 -10.726449 -51.968900 47.525577 -0.193259 0.980833 0.024832 0.610462 0.140019 -0.779571 0.768106 0.135500 0.625822
-0.710873 -10.408774 -32.114749 46.546798 -0.210164 0.977594 0.011873 0.576188 0.133662 -0.806314 0.789834 0.162618 0.591369
-1.142750 -14.720723 -57.519194 -86.969838 -0.231968 -0.835638 0.497895 0.955608 -0.291369 -0.043802 0.181674 0.465632 0.866130
-4.154361 -10.984064 -94.691171 -336.652117 -0.454491 -0.744519 0.489009 0.853970 -0.520320 0.001501 0.253323 0.418281 0.872278
-3.742214 -14.900580 -73.398515 -168.111690 -0.228004 -0.832572 0.504815 0.903326 -0.374359 -0.209421 0.363340 0.408264 0.837439
-2.346449 -16.303389 -32.420179 -149.792771 -0.138220 -0.850731 0.507102 0.925277 -0.293523 -0.240223 0.353211 0.436006 0.827732
-4.338555 -16.621860 55.793395 -128.325923 0.098458 0.876631 -0.470983 0.835295 -0.330056 -0.439710 0.540914 0.350117 0.764742
-3.589616 -36.756971 -93.588548 -695.433507 -0.025014 0.988038 -0.152166 -0.590268 0.108250 0.799916 -0.806820 -0.109828 -0.580500
-4.719489 -33.765054 21.201265 -462.606281 0.013795 0.998978 -0.043048 -0.720622 0.039779 0.692186 -0.693191 -0.021472 -0.720434
-4.994271 -33.823372 -31.023329 -230.093049 -0.006627 0.996627 -0.081797 -0.828593 0.040320 0.558398 -0.559812 -0.071477 -0.825531
-5.304550 -32.949526 -78.067114 274.504347 -0.015047 0.993768 -0.110446 -0.954398 0.018664 0.297954 -0.298158 -0.109893 -0.948169
-3.636142 -29.745194 -172.440278 198.751322 -0.030002 0.979216 -0.200587 -0.909089 0.056692 0.412726 -0.415520 -0.194734 -0.888494
-3.365405 -30.680795 -134.268766 -411.280827 -0.019035 0.984231 -0.175858 -0.791836 0.092549 0.603681 -0.610437 -0.150742 -0.777588
2.054163 -1.980384 62.387003 73.374322 0.046668 -0.968268 0.245519 0.988666 0.009663 -0.149818 0.142692 0.249729 0.957745
-3.259716 -9.106600 10.860833 46.879170 0.722682 0.652831 0.227031 -0.079519 0.404817 -0.910933 0.686591 -0.640262 -0.344467
-2.821064 -8.869668 27.274543 82.493644 0.682682 0.676316 0.276662 -0.054059 0.424326 -0.903894 0.728713 -0.602116 -0.326240
-2.676353 -10.512135 7.201904 104.800942 0.709909 0.662390 0.239308 0.037069 0.304172 -0.951896 0.703317 -0.684630 -0.191381
-2.349087 -13.112741 -32.435633 189.976696 0.715537 0.650559 0.254520 0.150146 0.212605 -0.965534 0.682249 -0.729090 -0.054448
-2.384457 -12.592249 -8.298336 195.751653 0.732947 0.652635 0.191980 0.084804 0.192349 -0.977655 0.674979 -0.732850 -0.085636
-2.578301 -13.134751 -41.130383 202.007882 0.698990 0.669012 0.252660 0.136896 0.221595 -0.965482 0.701907 -0.709450 -0.063308
1.128333 -2.404544 -15.798092 59.989681 0.717541 0.684925 0.126544 -0.677663 0.728485 -0.100415 -0.160962 -0.013702 0.986866
0.454852 -2.326262 41.101034 -60.703820 0.662654 0.743683 0.088466 0.740365 -0.668302 0.072330 -0.112912 -0.017568 0.993450
0.793828 -3.095707 -12.642580 -38.270789 0.548247 0.828776 0.112049 0.828877 -0.556302 0.059090 -0.111306 -0.060478 0.991944
4.228573 -603.612481 360.364360 -45402.052382 -0.040298 0.258262 0.965234 -0.319643 0.911923 -0.257343 -0.946681 -0.318901 0.045803
2.806072 -107.646801 -111.621584 -3439.342725 -0.129924 0.529691 0.838181 -0.616983 0.618559 -0.486536 -0.776178 -0.580356 0.246445
-5.343604 -169.588755 18.097561 -5735.479488 -0.032196 0.376964 0.925668 -0.526521 0.780823 -0.336291 -0.849552 -0.498211 0.173340
6.026445 -145.331325 650.230432 2947.656420 -0.105380 0.639221 0.761769 -0.172173 0.742737 -0.647068 -0.979414 -0.199344 0.031787
-5.086670 -124.237137 49.447746 -957.700073 -0.058468 0.395133 0.916761 -0.002779 0.918265 -0.395958 -0.998285 -0.025699 -0.052591
-0.570977 -74.404075 -71.887536 441.405567 -0.113673 0.452562 0.884458 0.149092 0.887918 -0.435171 -0.982268 0.082398 -0.168406
-1.116187 -36.389174 39.306131 309.194295 0.323667 -0.918632 0.226614 0.942684 0.292545 -0.160515 0.081160 0.265579 0.960667
-1.237233 -33.941657 -65.299250 -376.914766 -0.335148 0.920243 -0.202059 0.920672 0.365429 0.137199 -0.200095 0.140048 0.969716
0.316415 -36.841204 101.872702 -304.187009 0.315196 -0.933623 0.170291 0.944944 0.325373 0.034840 -0.087936 0.149933 0.984778
-0.697346 -35.307058 -114.853409 -924.769952 -0.316780 0.929368 -0.189543 0.845598 0.367241 0.387426 -0.429669 0.037549 0.902205
-0.304154 -35.188850 -28.244693 661.033936 -0.324420 0.921885 -0.211847 0.890210 0.221840 -0.397886 0.319809 0.317671 0.892641
0.448783 -38.259828 112.187013 810.226382 0.297822 -0.933918 0.197737 0.918657 0.224066 -0.325367 0.259560 0.278554 0.924682
