15102
30173
-3.323162 -4.410726 5.402503 49.251210 -0.329993 0.873175 0.358706 -0.124681 0.336347 -0.933448 0.935713 0.352755 0.002124
-3.799556 -4.786216 17.630437 28.498808 -0.368000 0.927333 -0.068039 0.137474 -0.018107 -0.990340 0.919607 0.373799 0.120821
-4.048840 -6.746542 10.681689 108.064021 0.332943 -0.592753 -0.733343 -0.154257 0.732999 -0.662509 0.930244 0.333701 0.152611
-2.502021 -3.917539 -0.965270 24.507056 -0.334112 0.869471 -0.363854 0.112890 -0.346343 -0.931291 0.935749 0.352230 -0.017563
-2.374088 -6.491358 -33.290311 110.596261 -0.228409 0.754812 0.614889 -0.147682 0.597413 -0.788218 0.962299 0.270844 0.024982
-2.153712 -4.639318 -23.359559 69.811877 -0.232779 0.837214 0.494860 -0.215425 0.451809 -0.865714 0.948370 0.308125 -0.075185
-2.068946 -3.341993 -5.347343 14.419613 -0.327092 0.943543 -0.052320 -0.088350 -0.085657 -0.992400 0.940853 0.319984 -0.111380
1.833666 -8.932967 26.752588 132.258697 0.240782 0.792003 0.561030 0.196506 0.526285 -0.827290 0.950478 -0.309443 0.028913
0.991831 -8.034314 14.725158 84.238826 0.201028 0.816461 0.541275 0.263545 0.487104 -0.832630 0.943468 -0.310032 0.117253
0.782224 -6.521967 19.602700 81.569128 0.167132 0.804133 0.570471 0.075915 0.566395 -0.820630 0.983008 -0.180460 -0.033617
0.971082 -6.885510 -5.154659 54.371161 0.182517 0.841301 0.508822 0.197357 0.475633 -0.857219 0.963191 -0.256877 0.079226
1.635737 -6.254658 29.931449 102.474144 0.202232 0.775389 0.598226 0.018012 0.607799 -0.793887 0.979172 -0.171324 -0.108950
0.666640 -5.667626 -6.605592 39.714664 0.160697 0.832601 0.530048 0.024454 0.533504 -0.845444 0.986701 -0.148823 -0.065372
1.519191 -2.459538 38.882016 50.269168 -0.487802 0.598251 -0.635724 0.127233 0.769192 0.626224 0.863633 0.224588 -0.451330
1.209524 -0.719758 70.095953 -5.947516 -0.540776 0.618531 -0.570071 0.150334 0.737871 0.657986 0.827623 0.270122 -0.492010
0.816222 -1.521490 78.204588 23.092319 -0.556980 0.580966 -0.593508 0.133534 0.767963 0.626420 0.819721 0.269650 -0.505319
0.975749 -3.291860 60.875891 66.868117 -0.507816 0.652386 -0.562597 0.190786 0.722022 0.665045 0.840074 0.230385 -0.491120
0.193105 -10.348209 32.884599 -298.797528 -0.385645 0.862286 -0.328239 -0.224930 -0.432889 -0.872934 0.894810 0.262812 -0.360896
-1.972097 -11.127910 -26.676359 -288.875279 -0.301520 0.917910 -0.257927 -0.287583 -0.345472 -0.893278 0.909055 0.195166 -0.368142
-2.082074 -4.107238 -56.642989 -126.364978 -0.020236 0.995615 0.091335 -0.325266 0.079828 -0.942247 0.945406 0.048776 -0.322224
0.722570 -7.061978 3.657575 -53.570609 -0.165911 0.886397 -0.432174 0.050331 -0.430065 -0.901394 0.984855 0.171303 -0.026740
0.755174 -6.976986 1.679323 -47.226045 -0.177021 0.905288 -0.386156 -0.026234 -0.396553 -0.917637 0.983857 0.152311 -0.093948
1.091209 -7.117833 1.066634 0.865053 -0.161933 0.901849 -0.400557 -0.240735 -0.429753 -0.870264 0.956987 0.044497 -0.286698
0.529576 -5.706977 3.679830 -54.338445 -0.183006 0.884358 -0.429440 0.165140 -0.402958 -0.900197 0.969143 0.235659 0.072299
1.291361 -7.452078 7.740354 -16.107647 -0.131810 0.873459 -0.468717 -0.132474 -0.484122 -0.864914 0.982383 0.051912 -0.179523
0.428270 -5.184914 2.334578 -57.332356 -0.155012 0.858250 -0.489263 0.292274 -0.433238 -0.852573 0.943688 0.275158 0.183687
0.664440 -6.702779 -3.307825 -57.303791 -0.116662 0.875075 -0.469716 0.160810 -0.450062 -0.878399 0.980066 0.178011 0.088215
0.082594 -1.909227 -6.239395 52.865153 -0.120561 0.976529 0.178482 -0.327451 -0.208850 0.921497 -0.937145 -0.052652 -0.344945
0.774767 0.027948 85.536840 -8.763985 -0.241100 -0.193296 0.951056 -0.126012 0.977904 0.166808 -0.962285 -0.079627 -0.260130
-0.202711 -0.990685 -9.756311 63.736745 -0.135920 0.967150 0.214819 -0.279738 -0.245473 0.928165 -0.950406 -0.066063 -0.303913
-0.127629 -2.662160 -7.116973 33.907214 -0.110873 0.978350 0.174752 -0.374581 -0.204006 0.904473 -0.920541 -0.034823 -0.389090
-0.379645 -2.246864 -12.438417 37.346680 -0.118299 0.976513 0.180075 -0.355778 -0.210991 0.910442 -0.927053 -0.043637 -0.372382
-0.359805 -0.713935 -4.965083 56.076229 -0.119352 0.970375 0.210066 -0.279243 -0.235846 0.930806 -0.952774 -0.052434 -0.299119
-3.117529 -6.485615 -71.863312 -31.448950 0.754974 -0.635175 -0.162992 -0.146462 -0.405608 0.902236 0.639189 0.657293 0.399253
-3.139526 -7.329381 7.423536 98.361299 -0.685312 0.545208 0.482800 -0.163054 0.531255 -0.831373 0.709761 0.648473 0.275177
-1.404793 -5.853111 -107.520482 -43.446473 0.721942 -0.688189 0.072076 -0.206119 -0.114448 0.971811 0.660541 0.716448 0.224474
-0.482322 -5.780972 -68.003345 -11.159148 0.671487 -0.720034 0.175090 -0.355779 -0.105999 0.928539 0.650020 0.685796 0.327350
0.154055 -5.030534 -0.396209 -28.941194 0.898318 -0.335901 -0.283187 -0.438204 -0.731453 -0.522450 0.031647 -0.593420 0.804271
0.136202 -4.842620 -2.805094 19.178145 0.888566 -0.357220 -0.287828 -0.450726 -0.562982 -0.692746 -0.085421 -0.745282 0.661255
0.085263 -5.092508 0.713596 -28.380987 0.900454 -0.335481 -0.276830 -0.433506 -0.744060 -0.508377 0.035428 -0.577778 0.815425
-0.034179 -5.045646 7.562341 21.348172 0.889732 -0.334396 -0.310734 -0.451017 -0.538947 -0.711421 -0.070427 -0.773121 0.630336
0.376668 -5.184954 2.435537 -3.083658 0.983393 -0.144280 -0.110100 -0.181391 -0.801463 -0.569873 0.006020 -0.580380 0.814324
0.239620 -5.614880 -5.075019 -0.951277 0.985498 -0.150863 -0.077678 -0.168209 -0.808286 -0.564251 -0.022339 -0.569134 0.821941
0.412321 -5.293946 -1.611973 7.005472 0.976379 -0.182832 -0.115142 -0.215069 -0.873543 -0.436655 0.020747 -0.451104 0.892230
0.394575 -4.954360 2.746050 2.553577 0.974886 -0.178262 -0.133489 -0.219809 -0.866533 -0.448113 0.035791 -0.466201 0.883954
0.245147 -4.969633 3.902202 -4.783384 0.977306 -0.163678 -0.134474 -0.211422 -0.793253 -0.571008 0.013211 -0.586480 0.809856
-0.892378 -6.568118 -1.270955 -12.447081 0.985755 0.167902 0.009810 -0.143304 0.869010 -0.473588 0.088042 -0.465436 -0.880692
-0.962321 -7.196608 7.513294 -26.244446 0.985445 0.147062 0.085265 -0.103612 0.917262 -0.384571 0.134766 -0.370140 -0.919149
-0.809144 -6.626797 5.161350 -8.002014 0.981604 0.185744 0.044183 -0.128567 0.814139 -0.566258 0.141150 -0.550161 -0.823043
-0.813818 -6.317623 -4.417224 8.600312 0.980917 0.193262 -0.021274 -0.165087 0.770082 -0.616215 0.102708 -0.607967 -0.787291
-0.833992 -6.263463 -5.195810 -10.088533 0.980805 0.189514 -0.045900 -0.186938 0.846905 -0.497802 0.055468 -0.496827 -0.866075
-1.078493 -6.757442 -3.834028 -27.381238 0.986758 0.161265 -0.017387 -0.157710 0.928868 -0.335159 0.037899 -0.333463 -0.942001
1.107735 -10.342389 10.052419 153.638440 0.998142 0.047871 -0.037707 0.026287 -0.896482 -0.442300 0.054977 -0.440487 0.896074
1.011570 -9.566000 19.945876 134.241364 0.993592 0.062852 -0.093942 0.016048 -0.901160 -0.433189 0.111884 -0.428906 0.896394
0.918904 -6.246244 8.571812 46.824570 0.995133 0.093677 -0.030585 0.061140 -0.830334 -0.553901 0.077283 -0.549335 0.832020
0.800653 -9.317427 -6.524523 114.861135 0.996854 0.073078 0.030679 0.078145 -0.841664 -0.534317 0.013225 -0.535034 0.844727
0.801595 -16.489111 -3.402672 242.206375 0.998825 -0.047646 0.008816 -0.042743 -0.952074 -0.302866 -0.022824 -0.302134 0.952992
0.810631 -3.814637 -4.872417 4.497119 0.949357 -0.313615 -0.019170 0.311426 0.947310 -0.074948 -0.041665 -0.065183 -0.997003
0.693394 -3.987300 -0.666957 -10.284133 0.945548 -0.325398 -0.007361 0.325156 0.943352 0.066030 0.014542 0.064828 -0.997790
0.602255 -3.867996 -15.736757 4.892271 0.945223 -0.319884 -0.065026 0.322560 0.945876 0.035680 -0.050093 0.054701 -0.997245
0.727535 -3.796270 17.722304 3.464720 -0.940214 0.334957 0.061659 0.326131 0.937616 -0.120479 -0.098168 -0.093167 -0.990799
0.919984 -3.880255 -9.418434 5.008668 0.944602 -0.327249 -0.025188 0.313692 0.922715 -0.224042 -0.096559 -0.203730 -0.974254
0.790722 -3.844263 10.717112 9.475257 0.953712 -0.299437 0.027758 0.299002 0.934358 -0.193840 -0.032107 -0.193167 -0.980640
5.044668 -3.468319 41.730459 -23.043076 -0.250413 0.882335 0.398470 0.227096 0.453633 -0.861768 0.941127 0.125307 0.313970
5.564619 -3.430614 59.288818 25.898654 -0.303127 0.824257 0.478240 -0.052167 0.486747 -0.871984 0.951521 0.289270 0.104547
5.720991 -4.409104 -65.908703 15.315694 0.028627 0.884502 0.465656 0.074823 0.462644 -0.883381 0.996786 -0.060130 0.052937
5.127440 -4.480007 -34.797826 -24.519577 0.017056 0.924522 0.380746 0.336923 0.353216 -0.872767 0.941378 -0.143167 0.305468
-0.319903 -10.025151 -5.187817 -130.129708 0.669880 0.540385 -0.509162 -0.419722 -0.290061 -0.860057 0.612450 -0.789841 -0.032505
-0.313573 -6.714870 3.387249 -71.211752 0.659090 0.540178 -0.523267 -0.310642 -0.438108 -0.843542 0.684910 -0.718519 0.120951
-0.442407 -9.482141 11.471436 -120.997510 0.648044 0.555305 -0.521225 -0.403248 -0.330398 -0.853363 0.646089 -0.763199 -0.009813
-0.596330 -9.429592 22.630834 -128.199090 0.649510 0.555080 -0.519637 -0.391862 -0.341298 -0.854377 0.651599 -0.758552 0.004161
-0.623626 -12.116358 21.034454 -145.798733 0.653851 0.568752 -0.498998 -0.521377 -0.139248 -0.841888 0.548310 -0.810636 -0.205487
-0.452815 -12.375750 1.416685 -125.952841 0.671973 0.543300 -0.503267 -0.549131 -0.090426 -0.830830 0.496899 -0.834654 -0.237579
-1.134316 -6.255257 -10.535460 -3.046673 0.758617 -0.650850 0.029899 -0.159768 -0.141342 0.976983 0.631644 0.745933 0.211210
-0.949027 -6.245563 -8.634072 -5.195628 0.771940 -0.634459 0.039630 -0.150616 -0.121975 0.981039 0.617595 0.763271 0.189717
-1.013652 -6.294073 -6.472303 8.678200 0.759219 -0.649125 0.047147 -0.278914 -0.259055 0.924715 0.588042 0.715211 0.377730
-1.359050 -6.289114 -8.048475 8.616788 0.731330 -0.681330 0.030747 -0.246588 -0.222114 0.943324 0.635885 0.697463 0.330446
1.740421 -2.418101 16.193347 11.914357 0.993321 -0.033336 -0.110466 -0.115117 -0.351626 -0.929036 0.007872 -0.935547 0.353114
1.986718 -2.786023 15.851813 -8.637363 0.998117 -0.039946 -0.046543 -0.056443 -0.301239 -0.951877 -0.024003 -0.952712 0.302927
2.039004 -2.957068 7.649640 16.924548 0.991535 -0.100274 -0.082485 -0.111750 -0.335593 -0.935355 -0.066110 -0.936655 0.343958
1.998251 -2.809187 10.587389 24.077638 0.984272 -0.102415 -0.143946 -0.172804 -0.388812 -0.904966 -0.036715 -0.915607 0.400395
1.656784 -2.413874 6.342623 6.669124 0.980159 -0.093220 -0.174927 -0.198128 -0.434524 -0.878598 -0.005893 -0.895823 0.444371
-0.704826 -11.690966 6.326207 59.792309 0.515118 0.565385 0.644200 0.767969 0.029316 -0.639816 -0.380627 0.824306 -0.419097
-0.679719 -12.461251 7.201445 119.031976 0.533154 0.569045 0.626047 0.664933 0.175675 -0.725949 -0.523078 0.803322 -0.284715
-0.546042 -13.727943 5.896048 117.350483 0.533271 0.563074 0.631324 0.626446 0.238676 -0.742024 -0.568496 0.791190 -0.225457
-0.844097 -10.901416 2.527773 48.131285 0.504551 0.592091 0.628376 0.762224 0.036369 -0.646291 -0.405517 0.805050 -0.432956
-0.652257 -12.040024 5.735348 66.939059 0.505838 0.545353 0.668370 0.781520 0.038277 -0.622705 -0.365177 0.837332 -0.406842
-3.499667 -14.712889 -67.567166 125.775708 0.695650 0.623159 -0.357412 -0.572967 0.181180 -0.799302 0.433336 -0.760820 -0.483088
-3.697583 -13.561724 -62.703254 -129.232795 0.654304 0.631799 -0.415591 0.723195 -0.362106 0.588106 0.221077 -0.685354 -0.693841
-5.084081 -14.747072 -48.830630 166.750396 0.675518 0.698297 -0.236764 -0.612281 0.352322 -0.707801 0.410838 -0.623098 -0.665553
-4.252874 -14.743732 -45.471961 82.632192 0.686640 0.709389 -0.159036 -0.374501 0.157645 -0.913727 0.623117 -0.686961 -0.373912
0.246419 -19.009213 3.142982 -161.544850 0.286397 0.662462 0.692186 0.618217 0.424160 -0.661737 0.731973 -0.617440 0.288067
0.023864 -18.443924 2.977079 -147.700081 0.298238 0.653462 0.695731 0.405700 0.572998 -0.712096 0.863980 -0.494632 0.094220
-0.013772 -22.878704 2.489317 -248.500016 -0.298482 -0.625290 -0.721055 0.323098 0.644686 -0.692811 0.898062 -0.439763 0.009603
-0.027835 -19.404731 -8.019281 -212.408504 0.308722 0.643004 0.700883 0.604155 0.436572 -0.666635 0.734634 -0.629247 0.253694
-0.136114 -2.879974 -11.683858 2.173409 0.103856 0.994533 0.010902 -0.754197 0.085895 -0.651006 0.648383 -0.059388 -0.758994
-0.111634 -2.841583 -10.941149 -2.410516 0.135274 0.990000 0.040020 -0.695911 0.123685 -0.707397 0.705272 -0.067842 -0.705683
0.215886 -2.897002 -10.614191 0.454387 0.148065 0.987002 0.062480 -0.757447 0.153796 -0.634524 0.635886 -0.046625 -0.770374
0.029810 -2.880771 -11.590020 0.104257 0.106930 0.994136 0.016094 -0.796417 0.095331 -0.597186 0.595219 -0.051039 -0.801941
0.552916 -2.899646 -10.646045 2.701000 0.177081 0.978019 0.110092 -0.728816 0.205482 -0.653149 0.661415 -0.035424 -0.749183
0.585253 -2.941393 -5.123905 -1.127608 0.162007 0.981020 0.106551 -0.777783 0.193398 -0.598039 0.607295 -0.014013 -0.794353
2.356277 -0.463151 -37.915680 -7.411578 0.526578 0.188271 -0.829017 -0.135166 0.981306 0.137001 0.839313 0.039913 0.542182
2.468488 -0.293318 14.874532 -9.213433 0.375080 0.125624 -0.918441 -0.111373 0.989705 0.089888 0.920278 0.068575 0.385210
2.437120 -0.122882 -29.114081 -10.797384 0.497422 0.278255 -0.821672 -0.171777 0.960002 0.221110 0.850332 0.031160 0.525324
-0.128996 -5.885065 -1.745814 8.695710 0.820190 -0.569419 0.055231 -0.293231 -0.335535 0.895227 0.491228 0.750452 0.442174
-0.229908 -6.029701 -2.520012 -5.116339 0.816593 -0.572469 0.073855 -0.221915 -0.193250 0.955724 0.532850 0.796827 0.284846
-0.133045 -5.920009 -4.790873 -0.480846 0.830899 -0.553665 0.055333 -0.243788 -0.272849 0.930656 0.500174 0.786771 0.361687
-0.018634 -5.529530 -2.720191 21.516721 0.833569 -0.551131 0.037638 -0.323423 -0.431661 0.842061 0.447839 0.714089 0.538068
-0.343361 -9.725422 -0.176846 -40.957723 0.979536 0.110154 0.168451 -0.014173 0.872612 -0.488207 0.200771 -0.475829 -0.856316
-0.682273 -11.698283 6.262621 -90.152239 0.978102 0.001088 0.208121 0.062502 0.952293 -0.298717 0.198517 -0.305184 -0.931372
-0.589549 -11.918442 4.056927 -113.948939 0.975850 0.032862 0.215955 0.050443 0.927997 -0.369157 0.212537 -0.371135 -0.903929
-1.725515 -8.768340 127.278161 222.230234 -0.226251 0.943345 -0.242714 -0.224994 -0.293049 -0.929247 0.947728 0.155634 -0.278550
0.017399 -42.688877 -77.983167 1204.877542 -0.317705 0.477784 -0.819015 0.000632 0.863874 0.503708 0.948189 0.159514 -0.274759
-3.622804 -17.525524 94.107004 509.021122 -0.381107 0.574056 -0.724719 0.009179 0.786188 0.617920 0.924485 0.228841 -0.304891
-0.617211 -5.513516 147.628072 110.036956 -0.117680 0.982820 -0.142185 -0.313537 -0.172629 -0.933752 0.942256 0.065304 -0.328466
0.368338 -30.652678 92.494744 705.972442 -0.117769 0.963062 -0.242162 -0.220992 -0.263161 -0.939100 0.968139 0.057081 -0.243822
-3.027244 -7.139469 116.147338 110.496254 0.965689 -0.227760 -0.124776 -0.140508 -0.862287 0.486538 0.218407 0.452312 0.864704
-2.972307 -7.494241 75.173250 169.594543 0.537787 -0.811085 0.230057 0.818685 0.437237 -0.372261 0.201346 0.388542 0.899164
-0.624911 -3.880411 30.065657 15.390432 0.936836 -0.348105 0.034072 -0.324140 -0.827462 0.458519 0.131420 0.440602 0.888031
4.555340 -2.197904 -69.519801 -15.724738 0.953644 -0.296127 -0.053584 0.126943 0.234403 0.963816 0.272852 0.925939 -0.261128
5.260901 -1.617805 -43.929806 9.710614 0.932066 -0.357777 0.056991 0.051098 0.285560 0.956997 0.358666 0.889073 -0.284443
5.790452 -1.503059 -26.113746 -32.580145 0.874738 -0.483809 0.027603 0.120428 0.272205 0.954674 0.469394 0.831765 -0.296372
-1.888466 -2.456436 97.626229 -2.032421 -0.520962 -0.336064 -0.784640 0.774895 -0.571696 -0.269632 -0.357962 -0.748481 0.558246
-2.404173 -3.709535 -2.832466 71.132151 0.903855 -0.419265 -0.085221 -0.321223 -0.533449 -0.782463 -0.282598 -0.734608 0.616838
-2.365512 -4.004188 -2.412968 37.334088 0.813139 -0.560608 -0.156599 -0.486248 -0.506351 -0.712159 -0.319948 -0.655231 0.684329
-3.816869 -4.404105 24.364947 -0.389941 0.275910 -0.481135 0.832096 0.398586 0.845029 0.356448 -0.874644 0.233314 0.424925
-3.759127 -4.221057 15.395730 -4.983423 0.195673 -0.698979 0.687852 0.308045 0.709718 0.633569 -0.931032 0.087917 0.354189
-3.422107 -4.214509 15.800564 1.662351 0.348321 -0.520491 0.779591 0.358196 0.842465 0.402427 -0.866238 0.139072 0.479886
-2.204194 -4.457805 -23.375227 -3.080722 -0.313111 0.727306 0.610727 0.653583 0.631580 -0.417056 0.689050 -0.268576 0.673110
-2.308503 -4.677962 -6.779054 19.726387 0.463214 -0.655046 -0.596948 0.499838 0.749315 -0.434383 0.731844 -0.097165 0.674510
-2.260089 -4.793419 -10.206097 -3.914719 0.457766 -0.688549 -0.562450 0.622904 0.699784 -0.349705 0.634382 -0.190270 0.749237
-2.192163 -4.479821 -4.692509 -25.236405 -0.342530 0.759861 0.552526 0.760034 0.569827 -0.312483 0.552288 -0.312904 0.772703
-1.651459 -4.133977 -44.589498 -18.648543 -0.177139 0.798562 0.575257 0.790313 0.463757 -0.400418 0.586538 -0.383703 0.713264
-0.774088 -2.758591 -2.232047 -5.511109 0.579277 0.742109 -0.337214 0.215306 0.259699 0.941382 -0.786182 0.617925 0.009343
-0.824706 -2.541227 -1.069692 -7.997214 0.595801 0.725106 -0.345314 0.174272 0.302992 0.936923 -0.783996 0.618398 -0.054157
-0.828239 -2.445665 -4.061364 -10.697040 0.565710 0.744916 -0.353655 0.138744 0.336779 0.931306 -0.812848 0.575916 -0.087167
-0.787772 -2.647661 -4.461787 -5.854538 0.553677 0.761209 -0.337642 0.196806 0.274361 0.941272 -0.809141 0.587611 -0.002097
-0.783821 -2.834375 -4.558665 -1.911961 0.547938 0.755402 -0.359348 0.282250 0.237432 0.929495 -0.787464 0.610732 0.083114
-0.849144 -3.325439 1.344379 -14.660782 0.555648 0.713574 -0.426694 0.346559 0.267720 0.899012 -0.755746 0.647409 0.098537
-0.344646 -3.113546 82.620771 -146.278396 0.874149 -0.159858 -0.458595 0.107084 0.984478 -0.139056 0.473706 0.072447 0.877698
-2.318994 -4.134381 5.066450 -123.723016 0.867431 0.265550 -0.420770 -0.332131 0.938709 -0.092275 0.370477 0.219793 0.902462
2.719545 -1.554495 -375.940849 -9.152971 -0.374446 0.925196 0.061669 0.817064 0.360665 -0.449809 0.438403 0.118042 0.890993
2.223713 -2.297561 316.110739 -64.506185 0.677176 -0.639361 -0.364212 0.552622 0.768724 -0.321983 0.485842 0.016768 0.873886
1.464477 -2.378459 9.242282 9.326576 0.146066 -0.924945 -0.350916 0.979097 0.084410 0.185053 -0.141543 -0.370611 0.917940
1.183834 -2.186989 16.148564 2.819896 0.174345 -0.910194 -0.375701 0.981980 0.132455 0.134799 -0.072930 -0.392433 0.916885
0.972437 -2.382330 21.243144 11.838876 0.219774 -0.889015 -0.401687 0.969904 0.154883 0.187875 -0.104809 -0.430888 0.896298
162.744814 -17.404399 -4288.806488 22.357063 0.081257 -0.039630 -0.995905 0.986393 0.146477 0.074652 0.142919 -0.988420 0.050993
94.625379 -7.866967 2795.166737 16.280048 -0.286733 0.728942 -0.621633 0.949573 0.302182 -0.083652 0.126869 -0.614272 -0.778829
111.814703 -9.585361 -3370.960800 0.363754 -0.030367 0.324090 -0.945539 0.999537 0.008171 -0.029301 -0.001770 -0.945991 -0.324188
33.269061 -7.298101 -794.785484 -88.363638 -0.151408 -0.424213 -0.892815 0.980872 0.047310 -0.188819 0.122338 -0.904326 0.408935
18.471149 -7.489112 -485.800795 -88.722359 -0.059360 -0.497901 -0.865200 0.963849 0.196944 -0.179465 0.259752 -0.844576 0.468211
-0.202569 -7.775945 28.074152 17.481265 -0.011224 0.985081 0.171725 -0.954504 0.040623 -0.295418 0.297987 0.167228 -0.939808
1.721860 -6.880250 82.856092 11.406154 0.027148 0.977215 0.210510 0.984006 -0.063213 0.166543 0.176056 0.202622 -0.963301
2.799348 -7.890059 88.582135 28.473008 0.033720 0.980274 0.194747 -0.950974 0.091408 -0.295455 0.307428 0.175236 -0.935297
1.149593 -9.705582 51.805912 90.543404 -0.044085 0.989962 0.134281 -0.872797 0.027235 -0.487322 0.486088 0.138684 -0.862836
-0.369567 -7.955106 17.987890 32.088418 -0.047459 0.991513 0.121038 -0.888572 0.013444 -0.458540 0.456275 0.129313 -0.880393
-2.644807 -6.727774 -58.620213 -83.323433 0.138206 0.779250 -0.611284 0.073848 -0.623597 -0.778250 0.987646 -0.062416 0.143731
-1.283212 -6.545751 -52.982714 -63.669826 0.153590 0.887336 -0.434793 0.112006 -0.452812 -0.884543 0.981766 -0.087157 0.168935
-1.432626 -8.133553 -50.959482 -85.779059 0.142830 0.763820 -0.629427 -0.132117 -0.615543 -0.776951 0.980890 -0.194130 -0.012996
0.672046 -0.540150 10.868798 28.316484 -0.341845 0.809892 0.476673 0.260623 0.569037 -0.779918 0.902894 0.142379 0.405599
0.775345 -1.288776 12.194853 25.459528 -0.310052 0.853161 0.419504 0.320684 0.509240 -0.798647 0.895003 0.113094 0.431486
0.349047 -0.827665 11.093809 22.353909 -0.344590 0.826011 0.446054 0.285920 0.544929 -0.788227 0.894152 0.144079 0.423950
1.534457 -8.385524 2.431137 -10.649652 0.159186 -0.495350 0.853983 0.827966 -0.404149 -0.388761 0.537710 0.768955 0.345799
1.459968 -8.113251 6.200711 -7.373326 0.172016 -0.503360 0.846781 0.926493 -0.209388 -0.312678 0.334696 0.838323 0.430342
1.547912 -8.707206 -1.782399 -17.901907 0.183932 -0.443133 0.877384 0.858900 -0.361595 -0.362685 0.477975 0.820294 0.314097
1.421210 -9.137000 -2.703270 -32.791513 0.156594 -0.429683 0.889298 0.727253 -0.559064 -0.398184 0.668268 0.709098 0.224942
-0.471791 -5.916002 -1.636025 -23.075592 -0.232462 0.963877 -0.130010 0.673936 0.256011 0.693014 -0.701264 -0.073481 0.709104
-0.556790 -5.564671 -0.144928 -24.040541 -0.210330 0.967246 -0.142117 0.674660 0.248812 0.694929 -0.707528 -0.050284 0.704895
-0.590860 -5.471108 -2.582048 6.533527 -0.232931 0.960451 -0.152569 0.612576 0.266755 0.744038 -0.755310 -0.079849 0.650485
-0.699761 -5.297853 -7.878372 2.780449 0.198212 -0.274456 0.940949 0.425426 0.888946 0.169671 -0.883020 0.366674 0.292960
-0.931416 -5.576577 2.365220 -6.069264 0.192206 -0.353120 0.915622 0.477525 0.848763 0.227093 -0.857337 0.393583 0.331761
-1.059894 -5.848674 -0.599939 -11.950413 0.137472 -0.392856 0.909266 0.617317 0.751876 0.231522 -0.774610 0.529478 0.345879
-0.657007 -5.326893 -0.471043 -0.631993 0.222321 -0.278381 0.934386 0.323337 0.925186 0.198708 -0.919797 0.257944 0.295699
-0.232235 -5.300593 -8.489602 -0.454833 0.226706 -0.215218 0.949887 0.215018 0.962276 0.166707 -0.949933 0.166449 0.264429
-5.863945 -13.321370 -49.279355 247.703508 0.493157 -0.044720 0.868790 0.431508 0.879738 -0.199656 -0.755379 0.473352 0.453146
-7.985246 -26.280848 14.259256 -596.100065 0.526479 0.848624 -0.051549 0.395933 -0.191074 0.898180 -0.752367 0.493283 0.436595
-5.718028 -23.414920 117.399557 -653.103350 0.664143 0.663719 0.344082 0.074240 -0.516521 0.853050 -0.743911 0.541002 0.392319
-4.694196 -28.329619 -110.874273 -713.074128 0.736251 0.597392 0.317896 0.042321 -0.509497 0.859431 -0.675384 0.619303 0.400400
-27.967809 -29.465570 265.072714 426.460167 0.560335 0.471396 0.681037 0.119223 0.767776 -0.629528 -0.819640 0.433942 0.374011
-0.985810 -9.387770 -15.281080 156.748025 0.314407 -0.179506 0.932162 0.544669 0.838355 -0.022269 -0.777485 0.514721 0.361357
-19.530157 -121.858450 -348.300316 3149.986584 0.251799 -0.341975 0.905346 0.899135 -0.263375 -0.349556 0.357985 0.902046 0.241164
-26.594861 -156.504036 -513.067296 -3954.562337 0.843410 0.266231 0.466670 -0.355340 0.927901 0.112844 -0.402981 -0.261000 0.877203
-36.072170 -484.064809 2490.862738 -21003.175036 0.593166 -0.786225 0.173217 0.784755 0.516610 -0.342452 0.179759 0.339064 0.923430
-779.394991 -1284.466992 17179.378969 50339.341913 -0.247889 -0.489918 -0.835782 0.390999 0.738730 -0.548997 0.886381 -0.462880 0.008435
0.972327 -4.382254 -161.586718 -34.919653 -0.335665 -0.656991 0.675050 0.926623 -0.359175 0.111192 0.169409 0.662840 0.729345
7.107959 -2.791208 -318.703704 6.285585 -0.110929 -0.728848 0.675629 0.977563 -0.202511 -0.057960 0.179067 0.654041 0.734960
8.419377 -3.256393 -273.198544 7.238757 -0.068513 -0.773183 0.630471 0.991173 -0.124649 -0.045154 0.113500 0.621812 0.774899
3.616031 -4.183919 -247.847140 2.280683 -0.110429 -0.689734 0.715592 0.992036 -0.120379 0.037060 0.060581 0.713986 0.697534
-0.646440 -30.043681 -18.586779 574.909103 -0.162966 0.935819 -0.312545 -0.785818 0.068439 0.614659 -0.596600 -0.345772 -0.724231
-0.564916 -28.045310 -0.596821 -471.589928 -0.147111 0.956613 -0.251497 0.947941 0.063751 -0.311999 -0.282429 -0.284302 -0.916191
-0.516227 -31.245291 -3.249585 -512.824633 -0.178569 0.945807 -0.271224 0.944122 0.087094 -0.317881 -0.277032 -0.312833 -0.908509
2.260340 -33.611870 -7.411210 -722.434085 -0.157897 0.448593 -0.879678 -0.526421 0.715463 0.459341 0.835434 0.535609 0.123180
-0.308602 -10.633323 -35.348255 -150.319689 -0.140162 0.448980 -0.882480 -0.252312 0.845658 0.470320 0.957441 0.288582 -0.005247
-0.435165 -10.865538 -19.140171 -107.561484 -0.196486 0.574244 -0.794756 -0.318659 0.729158 0.605628 0.927281 0.372253 0.039719
-0.770393 -8.802821 -11.018586 -0.502029 -0.088935 -0.175404 -0.980471 -0.075731 0.982713 -0.168936 0.993154 0.059228 -0.100681
-1.635887 -5.940766 -14.482722 -3.036304 -0.124156 -0.206064 -0.970630 0.003004 0.978116 -0.208038 0.992258 -0.028745 -0.120820
-0.664796 -8.708899 2.288575 -95.877589 -0.120245 0.090395 -0.988620 -0.170774 0.979117 0.110297 0.977945 0.182093 -0.102297
0.221247 -10.714143 11.025612 -67.798093 -0.118096 0.019272 -0.992815 -0.322443 0.944889 0.056696 0.939193 0.326822 -0.105374
0.150620 -30.930945 41.471026 -759.787140 -0.120793 0.137886 -0.983055 -0.397055 0.900926 0.175155 0.909811 0.411484 -0.054077
-0.391328 -8.285028 -7.150866 -92.556243 -0.140452 0.269679 -0.952652 -0.213391 0.931331 0.295104 0.966818 0.244736 -0.073261
-3.704911 -5.278151 26.069969 21.218593 -0.382505 0.913886 -0.136023 0.301358 -0.015769 -0.953381 0.873426 0.405664 0.269375
-4.795835 -6.113793 8.191839 68.065726 0.439638 -0.649364 -0.620519 -0.027757 0.680714 -0.732023 0.897746 0.339049 0.281244
-2.962031 -5.022204 -0.876613 17.677116 -0.368438 0.869508 -0.328951 0.340324 -0.203131 -0.918106 0.865120 0.450215 0.221073
-2.729182 -4.530172 -7.679406 28.419747 -0.347384 0.836697 -0.423394 0.239375 -0.357430 -0.902742 0.906655 0.414948 0.076119
1.546206 -8.844859 10.930654 29.614442 0.266024 0.815383 0.514181 0.494629 0.342367 -0.798829 0.827390 -0.466836 0.312234
1.470565 -7.732888 -15.818212 29.018414 0.236565 0.843709 0.481863 0.409483 0.363171 -0.836917 0.881113 -0.395301 0.259570
0.467777 -1.357177 18.322055 34.257574 -0.425631 0.860134 -0.281084 -0.315616 -0.432230 -0.844727 0.848071 0.270827 -0.455442
0.119009 -1.564555 48.350884 47.995968 -0.433572 0.872796 -0.224149 -0.357329 -0.394877 -0.846397 0.827243 0.286879 -0.483083
0.833372 -6.993826 0.162000 -18.600329 -0.173953 0.923936 -0.340708 -0.197392 -0.371676 -0.907135 0.964768 0.090546 -0.247032
0.636268 -6.347229 0.943636 -48.086542 -0.182134 0.912073 -0.367356 0.021580 -0.369807 -0.928858 0.983037 0.177105 -0.047672
0.220884 -0.976022 -2.761057 78.875853 -0.116339 0.972779 0.200415 -0.259580 -0.224552 0.939252 -0.958688 -0.057248 -0.278638
1.324155 0.240754 103.765646 -3.958948 -0.224900 -0.187794 0.956114 -0.113558 0.979617 0.165699 -0.967742 -0.071309 -0.241641
2.650774 0.123966 63.712437 -5.017560 -0.302749 -0.293575 0.906729 -0.154953 0.953880 0.257104 -0.940390 -0.062662 -0.334276
2.467539 -0.076185 65.065283 -8.612146 -0.291960 -0.280849 0.914266 -0.155536 0.957132 0.244348 -0.943699 -0.070861 -0.323127
3.010272 -3.689967 -47.350228 -55.566471 -0.645016 0.728431 -0.230958 -0.097497 -0.378211 -0.920571 0.757924 0.571265 -0.314972
2.982567 -5.634231 -90.514119 -70.265188 -0.625663 0.725402 -0.286947 -0.139431 -0.465901 -0.873782 0.767532 0.506684 -0.392640
1.688520 -4.992498 2.382796 -53.275137 -0.680609 0.712186 -0.171939 -0.227028 -0.428143 -0.874730 0.696585 0.556314 -0.453084
4.127473 -3.375053 -57.156391 -28.814238 -0.745506 0.605861 -0.277764 -0.051885 -0.468243 -0.882075 0.664476 0.643181 -0.380513
2.296879 -3.775891 14.404411 -48.256298 -0.636306 0.765639 -0.094399 -0.226236 -0.302192 -0.926011 0.737517 0.567870 -0.365502
3.286453 -2.184156 -9.592979 -52.170522 -0.624263 0.772576 -0.115853 -0.111150 -0.234627 -0.965710 0.773267 0.589980 -0.232341
4.288617 -2.181554 -71.405360 -48.581561 -0.661826 0.704114 -0.257313 -0.012479 -0.353541 -0.935336 0.749554 0.615818 -0.242769
1.162445 -4.265499 -18.003919 13.258624 -0.632099 0.704922 -0.321770 -0.506319 -0.690071 -0.517150 0.586594 0.163971 -0.793108
1.683312 -4.432719 2.716884 9.797336 -0.625243 0.747879 -0.223042 -0.466507 -0.587269 -0.661427 0.625653 0.309502 -0.716077
1.105720 -5.152243 16.231588 33.010609 -0.671045 0.707278 -0.222388 -0.504677 -0.655478 -0.561828 0.543138 0.264778 -0.796802
0.108568 -5.693123 -5.769025 -1.164633 0.991072 -0.125858 -0.043994 -0.126383 -0.781750 -0.610650 -0.042463 -0.610759 0.790677
0.208003 -5.822299 -5.972693 16.016840 0.981490 -0.176917 -0.073340 -0.189692 -0.845324 -0.499444 -0.026364 -0.504111 0.863236
0.359744 -5.795410 -6.163126 12.711987 0.972407 -0.212783 -0.095645 -0.233291 -0.886543 -0.399522 -0.000218 -0.410811 0.911721
-0.890272 -7.564082 2.850521 -32.412069 0.986736 0.120358 0.108928 -0.073441 0.929411 -0.361666 0.144769 -0.348869 -0.925923
-0.759642 -6.986001 5.491412 -10.341012 0.981377 0.173854 0.081701 -0.102887 0.834887 -0.540721 0.162217 -0.522245 -0.837225
0.707606 -8.642391 17.390671 108.643656 0.990743 0.083675 -0.106892 0.032058 -0.909382 -0.414725 0.131907 -0.407459 0.903647
0.699689 -5.781137 11.404144 62.446215 0.991482 0.097806 -0.086013 0.033302 -0.828799 -0.558555 0.125917 -0.550932 0.824996
1.041372 -4.278586 -4.569558 -21.462261 0.930808 -0.365218 0.014564 0.356989 0.916944 0.178246 0.078453 0.160714 -0.983878
0.883970 -3.896244 -7.492135 -15.976897 -0.938304 0.340989 -0.057545 0.336254 0.938503 0.078397 0.080738 0.054210 -0.995260
1.388241 -3.948684 -19.087952 -13.541966 0.919623 -0.392504 0.015288 0.383055 0.904743 0.186305 0.086957 0.165474 -0.982373
1.417932 -3.585156 -20.629879 -1.102740 0.916464 -0.399559 0.021140 0.394636 0.911362 0.116966 0.066001 0.098852 -0.992911
0.922359 -3.573359 -5.448240 -7.233739 -0.938932 0.338600 -0.061286 0.340027 0.940307 -0.014265 0.052798 -0.034233 -0.998018
0.452684 -10.197172 14.829804 -82.009271 -0.690382 -0.433515 0.579170 0.720500 -0.339850 0.604468 -0.065215 0.834605 0.546974
-0.364872 -10.827616 18.662745 -108.296843 -0.655020 -0.473664 0.588720 0.755089 -0.381360 0.533296 -0.028089 0.793856 0.607457
0.163738 -8.725679 22.336705 -44.338830 -0.681224 -0.468542 0.562497 0.704236 -0.209541 0.678339 -0.199964 0.858231 0.472709
0.726429 -8.806677 -16.912712 -11.804789 0.705015 0.420240 -0.571273 0.673515 -0.144469 0.724919 -0.222109 0.895839 0.384890
0.920195 -9.076371 -11.478796 -48.072869 0.721361 0.390046 -0.572279 0.692546 -0.400999 0.599650 -0.004408 0.828893 0.559389
0.515376 -10.815910 15.721870 -75.144169 -0.695992 -0.429523 0.575418 0.707068 -0.549576 0.444995 0.125100 0.716572 0.686203
0.995156 -8.645718 -9.915512 -14.337352 0.717023 0.382864 -0.582489 0.682075 -0.213092 0.699547 -0.143707 0.898892 0.413934
-0.203814 -7.522518 -1.349580 -82.778001 0.662990 0.545725 -0.512473 -0.334801 -0.396138 -0.854975 0.669591 -0.738417 0.079926
-0.249187 -5.745349 -2.255881 31.797325 0.648834 0.522826 -0.552873 0.263009 0.527704 0.807684 0.714031 -0.669464 0.204884
-0.601153 -3.419001 29.462121 -28.786023 0.970564 0.027132 -0.239309 -0.227498 -0.222877 -0.947930 0.079056 -0.974469 0.210144
0.081579 -3.627269 31.326420 -34.585806 0.989308 0.035666 -0.141412 -0.131511 -0.200970 -0.970730 0.063042 -0.978948 0.194131
0.632038 -3.239227 34.313054 -25.709433 0.992315 0.045700 -0.114985 -0.099132 -0.262502 -0.959826 0.074048 -0.963849 0.255954
-0.182725 -2.861624 41.422736 -7.816277 0.972687 0.059030 -0.224488 -0.201457 -0.265717 -0.942767 0.115301 -0.962242 0.246568
-0.859577 -13.155681 10.265078 128.261854 0.533802 0.578013 0.617216 0.625683 0.221025 -0.748111 -0.568838 0.785525 -0.243669
-1.595257 -2.125066 13.717731 -8.242646 0.224326 0.970047 0.093201 -0.836829 0.142738 0.528529 -0.499395 0.196556 -0.843784
-1.654911 -2.069570 0.955113 -7.073420 0.365285 0.928903 -0.060874 -0.815832 0.350941 0.459629 -0.448314 0.118233 -0.886022
-1.810076 -2.284555 -4.736024 -9.316426 0.068529 0.993350 0.092518 -0.855786 0.010866 0.517216 -0.512771 0.114620 -0.850840
-3.024638 -156.974291 297.493251 9189.970437 -0.326082 -0.390392 -0.860967 -0.693398 0.717808 -0.062861 0.642549 0.576495 -0.504762
-5.577867 -306.091914 -140.298421 11777.865875 0.504680 0.282495 0.815778 0.737734 0.349661 -0.577482 -0.448382 0.893271 -0.031939
-16.096146 -564.201525 -287.314183 36617.316301 0.342231 0.349786 0.872082 0.864530 -0.480775 -0.146432 0.368056 0.804055 -0.466937
-37.914799 -289.365593 913.660265 6216.913250 -0.310621 -0.543883 -0.779555 0.222938 0.755562 -0.615975 0.924020 -0.365127 -0.113441
-0.340415 -2.831328 -6.595097 -1.651815 0.076409 0.997076 0.001078 -0.703723 0.054694 -0.708366 0.706354 -0.053367 -0.705844
-0.378219 -2.666672 -5.020478 -6.470204 0.105096 0.993999 0.030330 -0.622418 0.089534 -0.777547 0.775597 -0.062839 -0.628093
-0.070966 -2.705309 -10.342670 -5.667806 0.163453 0.983375 0.079100 -0.623293 0.165085 -0.764364 0.764715 -0.075635 -0.639914
0.171727 -1.752570 21.008453 32.888761 0.024979 0.998162 0.055218 -0.376304 -0.041785 0.925554 -0.926159 0.043899 -0.374569
-0.232171 -0.910490 12.019816 43.994258 -0.017664 0.996662 0.079699 -0.316941 -0.081182 0.944964 -0.948281 0.008568 -0.317317
0.040016 -0.758977 17.305035 40.335404 0.032513 0.999466 -0.003122 -0.303937 0.012863 0.952605 -0.952137 0.030023 -0.304193
2.531766 -0.542946 14.931842 -2.747428 0.359522 0.182527 -0.915111 -0.153279 0.978913 0.135033 0.920461 0.091720 0.379919
1.898658 -0.705367 56.068983 -7.513766 0.227769 0.115639 -0.966824 -0.128156 0.987845 0.087962 0.965245 0.103870 0.239820
1.723148 -0.359570 44.413268 -6.628972 0.268365 -0.063674 -0.961211 -0.053645 0.995277 -0.080908 0.961823 0.073277 0.263681
-0.126576 -5.778735 1.403837 -5.992140 0.825735 -0.562510 0.041755 -0.233334 -0.273250 0.933215 0.513533 0.780331 0.356885
-0.125399 -5.743225 1.963528 -4.458995 0.828316 -0.558293 0.046921 -0.174008 -0.176750 0.968752 0.532555 0.810597 0.243552
-0.096251 -5.609930 0.582683 -9.840506 0.835572 -0.548572 0.029801 -0.221209 -0.286297 0.932256 0.502878 0.785559 0.360571
-0.580093 -8.940280 6.622036 -34.803545 0.977347 0.114808 0.177795 -0.009824 0.863784 -0.503767 0.211413 -0.490609 -0.845345
-17.912418 -106.155891 661.017965 2824.605074 -0.418533 0.490081 -0.764625 -0.083747 0.817498 0.569810 0.904332 0.302519 -0.301107
-15.280168 -25.334149 131.317177 566.933971 -0.227664 -0.785010 0.576131 0.971232 -0.225499 0.076538 0.069835 0.576982 0.813766
-12.534870 -26.596405 126.374504 570.645984 -0.081820 -0.818215 0.569060 0.970852 0.063630 0.231080 -0.225282 0.571380 0.789159
-8.243421 -25.173790 119.649433 514.839560 0.126191 -0.908896 0.397472 0.981621 0.172234 0.082198 -0.143167 0.379794 0.913925
-1.698781 -3.331474 133.851980 -20.146585 -0.646978 -0.197171 -0.736576 0.715503 -0.490903 -0.497061 -0.263581 -0.848610 0.458679
-2.761570 -4.861441 -11.183265 58.576882 0.946789 -0.316805 -0.056786 -0.238493 -0.572086 -0.784754 -0.216127 -0.756540 0.617201
0.015329 -2.700237 153.063258 -6.944547 -0.440842 -0.312290 -0.841507 0.840071 -0.473750 -0.264277 -0.316133 -0.823430 0.471194
-4.521660 -4.634980 -16.385812 -10.649253 0.163293 0.883711 -0.438623 0.280861 0.384554 0.879338 -0.945755 0.266781 0.185405
-4.532532 -4.887850 -22.683425 -7.980904 0.311411 0.945543 0.094719 -0.001261 -0.099265 0.995060 -0.950274 0.309993 0.029720
-4.308442 -4.609497 -20.910640 4.140104 0.198410 0.958613 0.204193 0.082531 -0.223936 0.971103 -0.976638 0.175825 0.123546
1.595442 -5.073914 10.583845 28.562236 0.249132 -0.356766 -0.900362 0.143958 0.932989 -0.329861 0.957710 -0.047435 0.283797
2.132157 -5.810662 -9.251224 37.379873 0.264425 -0.264724 -0.927362 0.229677 0.951207 -0.206042 0.936658 -0.158511 0.312324
2.512930 -6.290061 -2.839128 53.138459 0.281475 -0.391145 -0.876229 0.274791 0.907763 -0.316949 0.919381 -0.151566 0.362996
1.247494 -5.388649 0.679760 26.774000 0.235596 -0.177826 -0.955444 0.118627 0.981028 -0.153336 0.964584 -0.077216 0.252222
1.989976 -5.464943 7.508385 43.237786 0.307710 -0.459478 -0.833184 0.171613 0.888111 -0.426389 0.935876 -0.011781 0.352133
1.411904 -4.524529 16.511867 24.395249 0.271765 -0.418930 -0.866395 0.045671 0.904879 -0.423212 0.961279 0.075445 0.265048
0.746312 -4.496426 18.208468 22.238841 0.223354 -0.295954 -0.928722 0.015663 0.953759 -0.300165 0.974612 0.052496 0.217661
-0.721624 -2.153641 -2.872583 -13.188759 0.582250 0.690664 -0.428915 0.158248 0.421196 0.893057 -0.797460 0.587858 -0.135945
-0.828607 -2.728677 5.275382 -11.951027 0.611255 0.699603 -0.370032 0.207048 0.309906 0.927949 -0.763871 0.643828 -0.044580
-2.794111 -5.956253 -9.050175 -29.265513 -0.476103 -0.754130 0.452343 0.876107 -0.451167 0.169956 0.075914 0.477217 0.875501
6.709099 -5.175682 410.116589 42.976318 0.405470 -0.887445 0.219168 0.896600 0.339402 -0.284456 0.178053 0.311844 0.933301
-2.502439 -6.658677 3.859653 23.947083 -0.581807 -0.702856 0.409260 0.762939 -0.645994 -0.024820 0.281824 0.297800 0.912080
-2.160327 -6.518813 24.325999 -62.267412 0.697447 0.544937 -0.465415 0.682331 -0.703488 0.198817 0.219071 0.456232 0.862473
1.465462 -2.188220 -0.957794 3.156534 0.127118 -0.938248 -0.321764 0.987534 0.089355 0.129588 -0.092835 -0.334226 0.937910
1.139526 -2.120908 6.730998 -2.116188 0.139786 -0.929876 -0.340279 0.989588 0.119292 0.080533 -0.034293 -0.347993 0.936870
43.637264 -7.585712 853.821189 -30.027924 0.018477 0.977189 -0.211564 0.991530 -0.045116 -0.121788 -0.128554 -0.207522 -0.969747
30.621696 -8.450377 729.588794 3.984473 -0.019373 0.996800 0.077552 -0.996538 -0.012979 -0.082120 0.080851 0.078874 -0.993600
23.650597 -8.363694 538.765980 57.448877 -0.077477 0.996450 -0.032935 -0.974155 -0.082691 -0.210200 0.212177 -0.015798 -0.977104
52.734593 -10.083239 1288.821180 -40.631298 -0.273802 0.862460 -0.425671 0.939699 0.334192 0.072675 0.204935 -0.380104 -0.901955
-1.605703 -5.637769 -34.916306 -23.178130 0.135158 0.915209 -0.379639 0.256482 -0.402412 -0.878796 0.957052 -0.021406 0.289124
-0.236206 -6.638649 -31.013506 -67.299974 0.150510 0.932848 -0.327324 0.148077 -0.348633 -0.925488 0.977456 -0.090826 0.190606
-2.763347 -5.438456 -41.015761 -38.060805 0.090040 0.885598 -0.455641 0.245382 -0.463123 -0.851648 0.965236 0.035124 0.259010
3.055313 -3.449982 -110.021520 15.890169 0.198000 0.536952 0.820048 0.249630 0.781403 -0.571921 -0.947882 0.317949 0.020679
8.408341 -2.955099 -233.881688 -0.913015 0.184001 0.363928 0.913072 0.395004 0.823245 -0.407726 -0.900064 0.435689 0.007725
6.671468 -2.894633 -175.069718 22.049073 0.224116 0.312885 0.922971 0.347651 0.859086 -0.375646 -0.910445 0.405060 0.083760
1.257051 -8.088571 12.135085 9.224288 0.136462 -0.542786 0.828711 0.895008 -0.291049 -0.338010 0.424662 0.787829 0.446081
1.020289 -8.157271 15.329420 5.590526 0.143595 -0.550402 0.822459 0.972995 -0.073248 -0.218896 0.180724 0.831681 0.525020
1.430784 -7.912687 5.865558 -2.309142 0.175499 -0.494557 0.851242 0.977899 -0.012236 -0.208721 0.113640 0.869059 0.481479
-0.553273 -6.039710 -0.359289 -42.392141 -0.206918 0.969820 -0.128970 0.754590 0.242104 0.609902 -0.622719 -0.028880 0.781912
-0.563229 -6.074697 -0.832989 -29.265465 -0.189786 0.972745 -0.133222 0.751173 0.231233 0.618280 -0.632235 -0.017268 0.774585
-0.028145 -9.319432 -4.261434 45.512820 -0.052939 0.926930 -0.371482 -0.932920 -0.178590 -0.312674 0.356170 -0.330011 -0.874206
-0.379226 -10.162021 -17.369017 37.157489 -0.009002 0.923249 -0.384096 -0.842272 -0.214036 -0.494738 0.538977 -0.319060 -0.779554
0.056536 -10.473828 -4.955103 38.657499 -0.024343 0.933208 -0.358512 -0.832242 -0.217606 -0.509922 0.553877 -0.285956 -0.781952
0.325361 -10.149278 -4.452786 43.216449 -0.033491 0.926831 -0.373982 -0.919358 -0.175333 -0.352192 0.391994 -0.332028 -0.857962
-2.478163 -11.771155 -16.618157 108.917883 0.234640 -0.155607 0.959547 -0.300457 0.927161 0.223826 -0.924483 -0.340822 0.170796
-2.031939 -11.723644 -47.594967 77.969245 0.148524 -0.242616 0.958686 -0.379668 0.881154 0.281815 -0.913122 -0.405839 0.038759
-2.453863 -11.781961 -31.299988 20.687290 0.218743 -0.203887 0.954244 -0.571330 0.766010 0.294635 -0.791033 -0.609638 0.051073
-1.680851 -12.139847 -54.376340 -5.660829 0.130479 -0.292394 0.947355 -0.625415 0.717154 0.307482 -0.769306 -0.632610 -0.089294
