17952
35885
-4.739602 -8.193539 -2.396917 104.813857 -0.361580 0.852222 -0.378124 -0.455924 -0.515387 -0.725610 0.813261 0.089970 -0.574902
-5.938681 -9.707872 10.182228 70.513148 -0.245460 0.952319 -0.181213 -0.436317 -0.275458 -0.856592 0.865665 0.131193 -0.483127
-7.231405 -9.403738 125.041891 164.023459 -0.090140 0.995831 0.013993 -0.538844 -0.036949 -0.841595 0.837569 0.083402 -0.539928
-4.978785 -8.069129 -34.554473 70.605061 -0.448486 0.809699 -0.378481 -0.379511 -0.555903 -0.739556 0.809216 0.188043 -0.556605
-6.354340 -7.086571 62.421511 180.462755 -0.218419 0.950612 -0.220522 -0.604054 -0.309185 -0.734523 0.766428 0.027226 -0.641753
-4.569823 -7.422897 9.614780 83.153784 -0.490418 0.719563 -0.491649 -0.400911 -0.687188 -0.605841 0.773796 0.100008 -0.625490
6.160193 -10.972835 -295.322749 -188.295699 -0.187976 0.932829 -0.307401 -0.865919 -0.009695 0.500090 -0.463518 -0.360189 -0.809577
7.349123 -8.621206 -103.579675 -99.696772 -0.117351 0.971713 -0.204945 -0.921273 -0.029469 0.387798 -0.370789 -0.234319 -0.898671
8.106775 -11.088846 24.341755 -199.522058 -0.057700 0.993210 -0.101016 -0.861851 0.001512 0.507159 -0.503868 -0.116324 -0.855912
7.121317 -12.953593 -139.715307 -108.407360 -0.134739 0.973668 -0.183891 -0.708662 0.035022 0.704679 -0.692563 -0.225264 -0.685283
4.819678 -12.381956 -336.319542 -158.431424 -0.218506 0.922117 -0.319305 -0.770884 0.037516 0.635870 -0.598325 -0.385089 -0.702648
2.226867 -10.820793 -328.457534 -205.223555 -0.189484 0.911026 -0.366233 -0.858144 0.027607 0.512666 -0.477163 -0.411423 -0.776561
0.704371 -4.068316 90.340237 138.307717 -0.247336 0.949119 -0.194930 -0.820861 -0.312142 -0.478283 0.514793 -0.041713 -0.856299
0.687248 -1.550115 9.111081 -84.484201 -0.586948 0.690093 -0.423394 0.655220 0.712069 0.252278 0.475582 -0.129342 -0.870111
1.065475 -3.257601 4.367504 127.270019 -0.303965 0.911097 -0.278401 -0.791664 -0.404130 -0.458200 0.529975 -0.081123 -0.844124
0.776743 -4.470817 13.931775 39.784627 -0.119733 0.979837 -0.159949 -0.798089 -0.190820 -0.571526 0.590524 -0.059223 -0.804844
0.268348 -4.066476 -55.329955 35.218309 -0.246621 0.933030 -0.261979 -0.775843 -0.352078 -0.523554 0.580728 -0.074135 -0.810715
11.743139 -4.792964 104.083702 -57.169231 0.087929 0.841406 0.533202 -0.474173 0.506095 -0.720436 0.876030 0.189482 -0.443473
10.295392 -3.921345 382.937890 -19.808005 -0.127467 0.786242 0.604629 -0.502584 0.474344 -0.722777 0.855080 0.396007 -0.334690
11.482626 -4.501607 81.078336 -95.486651 0.000632 0.816530 0.577303 -0.494192 0.502135 -0.709672 0.869352 0.284850 -0.403840
12.542591 -5.583279 95.517085 55.520151 0.084380 0.894473 0.439087 -0.400699 0.433918 -0.806942 0.912316 0.107852 -0.395029
10.901156 -4.211512 426.373447 34.082439 -0.192394 0.793605 0.577213 -0.428359 0.461286 -0.776997 0.882889 0.396744 -0.251199
12.068490 -5.553262 -282.532971 -87.271936 0.258346 0.869109 0.421790 -0.451960 0.494619 -0.742350 0.853809 -0.001151 -0.520585
11.595650 -6.295765 -185.881515 -121.009900 0.239929 0.829166 0.504894 -0.496567 0.551720 -0.670094 0.834179 0.089939 -0.544110
10.578926 -8.071465 1.909774 7.321262 0.312952 0.740697 0.594499 -0.663667 0.618309 -0.420999 0.679417 0.262797 -0.685077
10.022174 -6.664123 135.203515 23.794150 0.223721 0.712141 0.665435 -0.677654 0.604366 -0.418958 0.700524 0.357205 -0.617795
9.987437 -8.122415 119.446237 21.003973 0.331860 0.665589 0.668476 -0.710090 0.642758 -0.287463 0.621000 0.379281 -0.685933
10.283690 -9.191549 -59.923727 53.477675 0.410249 0.715257 0.565777 -0.720818 0.634364 -0.279294 0.558675 0.293242 -0.775817
9.663644 -9.449156 -177.512730 -23.970100 0.408578 0.764503 0.498597 -0.660663 0.624630 -0.416367 0.629752 0.159287 -0.760289
10.147049 -7.999376 -145.188243 -94.913302 0.320203 0.798072 0.510441 -0.576894 0.591651 -0.563154 0.751441 0.114147 -0.649852
-0.798360 -6.142282 -24.392106 25.017809 -0.009106 0.974908 -0.222422 -0.387746 -0.208470 -0.897883 0.921721 -0.078067 -0.379915
-0.621101 -5.508518 -21.446046 58.075888 -0.021439 0.970753 -0.239120 -0.491593 -0.218500 -0.842968 0.870561 -0.099477 -0.481900
-1.181706 -6.134082 -11.101316 20.261484 -0.050226 0.963703 -0.262209 -0.373083 -0.261638 -0.890143 0.926438 -0.053117 -0.372682
-1.332822 -6.149395 -13.414261 -20.102571 -0.035758 0.968846 -0.245067 -0.260568 -0.245781 -0.933647 0.964793 -0.030471 -0.261239
-1.533305 -6.049527 -5.172601 -22.714226 -0.073622 0.958737 -0.274597 -0.240774 -0.284287 -0.928014 0.967785 0.002206 -0.251768
-1.341819 -6.093196 -3.286697 11.716244 -0.090731 0.949703 -0.299721 -0.349003 -0.312198 -0.883589 0.932719 -0.024435 -0.359775
-2.712832 -14.784575 0.051954 -366.825693 0.382704 0.917232 0.110557 0.657810 -0.186507 -0.729726 0.648709 -0.351995 0.674742
-2.010446 -9.546917 -10.765004 -282.265812 0.427787 0.900551 0.077492 0.755780 -0.309353 -0.577146 0.495777 -0.305463 0.812956
-1.822615 -13.376208 -67.585720 -348.057901 0.491962 0.864446 0.103474 0.629624 -0.271177 -0.728036 0.601288 -0.423316 0.677684
-2.462515 -18.638456 -58.307106 -352.369869 0.477837 0.872108 0.105351 0.456585 -0.144113 -0.877930 0.750468 -0.467609 0.467054
-3.309151 -20.310634 -6.677954 -332.943619 0.385873 0.916137 0.108608 0.436182 -0.077435 -0.896521 0.812925 -0.393316 0.429483
-0.228263 -16.101769 -4.198770 -63.472589 0.046464 0.969744 -0.239663 -0.972865 0.098370 0.209421 -0.226661 -0.223429 -0.948000
-0.240419 -15.759551 -1.625507 -48.095909 0.069574 0.969290 -0.235875 0.996752 -0.077160 -0.023073 -0.040564 -0.233503 -0.971509
-0.155728 -16.547551 -2.193552 -23.452762 0.048908 0.968508 -0.244132 -0.967836 0.106346 0.228001 -0.246784 -0.225129 -0.942558
-0.127995 -17.175705 -3.904646 -83.106728 0.036842 0.968820 -0.245013 -0.907110 0.135290 0.398557 -0.419277 -0.207570 -0.883811
-0.230383 -17.299813 -7.061375 -123.990145 0.036074 0.968987 -0.244465 -0.913156 0.131346 0.385868 -0.406011 -0.209315 -0.889574
-6.835279 -161.284035 629.150411 -9683.301715 0.982628 -0.180734 -0.042158 0.185404 0.966050 0.179925 -0.008208 0.184615 -0.982777
-2.803668 -44.151741 95.835777 -2688.810117 0.980300 -0.196565 -0.019340 0.197483 0.973678 0.113801 0.003538 0.115379 -0.993315
-2.878603 -27.881821 -95.360829 -1089.591881 0.879528 -0.459766 -0.122665 0.468167 0.882215 0.050164 -0.085153 0.101548 -0.991180
0.985203 -6.789589 -37.251308 12.518831 0.489464 0.871437 0.031995 0.674703 -0.355208 -0.646996 0.552451 -0.338268 0.761822
-0.165807 -6.126075 -37.300211 -38.344378 0.501397 0.864476 0.035797 0.700953 -0.381604 -0.602530 0.507213 -0.327199 0.797293
0.424179 -7.939818 -46.224105 142.724648 0.382345 0.917989 0.105396 0.781425 -0.260357 -0.567088 0.493140 -0.299182 0.816886
0.513625 -8.053801 -92.010975 -166.691991 0.561146 0.826144 0.051006 0.635612 -0.390618 -0.665894 0.530200 -0.406084 0.744301
1.655695 -8.945092 -36.956196 108.123077 0.390289 0.917878 0.071939 0.758362 -0.276186 -0.590431 0.522075 -0.284995 0.803876
2.305300 -8.480264 -11.574206 -17.103659 0.442442 0.896729 0.011099 0.647459 -0.310841 -0.695826 0.620517 -0.315049 0.718124
1.763396 -8.700234 -52.446297 -109.325923 0.515883 0.856217 0.027531 0.595068 -0.335048 -0.730504 0.616246 -0.393237 0.682353
0.139521 -8.815067 -16.301228 20.952280 0.057562 0.979126 0.194933 0.968852 -0.101894 0.225708 -0.240859 -0.175869 0.954493
0.174986 -8.625702 20.388029 6.757720 -0.075701 -0.976931 -0.199685 0.992302 -0.093492 0.081211 -0.098006 -0.192000 0.976489
-0.288812 -8.626516 -16.021503 17.936570 0.060266 0.979614 0.191634 0.976254 -0.097865 0.193260 -0.208075 -0.175437 0.962251
-0.674961 -8.390076 -14.168779 16.649624 0.053311 0.983014 0.175619 0.984241 -0.081421 0.156972 -0.168604 -0.164483 0.971863
-0.543458 -8.627746 -10.901005 14.968455 0.027101 0.986167 0.163527 0.942811 -0.079584 0.323689 -0.332226 -0.145403 0.931925
1.431178 -26.038052 2.368375 -101.785111 -0.278877 0.941106 0.191173 -0.315442 0.098254 -0.943845 0.907041 0.323521 -0.269463
1.440174 -24.960404 4.802261 -99.113740 -0.259017 0.934633 0.243662 -0.073835 0.232373 -0.969820 0.963046 0.269191 -0.008820
1.416886 -26.330777 27.258847 -160.405189 -0.287576 0.931937 0.220890 -0.185479 0.172076 -0.967464 0.939626 0.319190 -0.123370
1.263917 -27.487316 44.400998 -25.346412 -0.315756 0.929084 0.192617 -0.375076 0.064249 -0.924765 0.871560 0.364246 -0.328190
1.313056 -28.222455 37.176394 37.656752 -0.325590 0.930747 0.166438 -0.540914 -0.038978 -0.840174 0.775502 0.363581 -0.516144
1.292240 -26.602428 -32.516433 -65.221934 -0.280278 0.948849 0.145365 -0.552117 -0.035470 -0.833012 0.785246 0.313733 -0.533817
-4.569679 -12.301372 0.246169 -107.769590 0.191861 0.925178 0.327468 0.972395 -0.134051 -0.190992 -0.132804 0.355072 -0.925358
-4.416336 -10.837359 0.727984 -81.319078 0.227815 0.922545 0.311466 0.929042 -0.110177 -0.353189 -0.291517 0.369827 -0.882183
-4.647540 -12.202193 -6.678531 -101.530233 0.188229 0.903083 0.386019 0.968232 -0.104756 -0.227052 -0.164609 0.416494 -0.894112
-4.754726 -13.451743 -5.705162 -87.072752 0.168449 0.905059 0.390503 0.985099 -0.168519 -0.034364 0.034706 0.390473 -0.919960
-4.991294 -13.453009 -20.963336 -94.122435 0.157320 0.879567 0.449013 0.987544 -0.138822 -0.074067 -0.002814 0.455073 -0.890450
-4.747500 -12.025121 -15.867865 -109.084370 0.173475 0.876666 0.448736 0.963387 -0.056477 -0.262097 -0.204429 0.477774 -0.854366
-1.000980 -20.874487 -34.520565 -153.766316 -0.111666 0.955867 0.271752 0.427186 -0.200734 0.881600 -0.897242 -0.214533 0.385918
-0.715035 -19.303574 -36.354104 -220.974585 -0.113391 0.953256 0.280081 0.216624 -0.251397 0.943331 -0.969648 -0.167638 0.177992
-0.458855 -20.330865 -44.259791 -227.385141 -0.121545 0.948273 0.293268 0.375471 -0.229579 0.897951 -0.918830 -0.219255 0.328144
0.946464 -19.171523 23.315265 -178.994103 -0.337952 0.875359 0.345737 0.631032 0.483295 -0.606815 0.698274 -0.013097 0.715711
0.892137 -18.514604 5.861228 -19.038251 -0.348330 0.861086 0.370401 0.718401 0.499063 -0.484599 0.602135 -0.097296 0.792443
0.963336 -19.653148 6.814701 -213.636463 -0.352416 0.867711 0.350543 0.674455 0.495168 -0.547648 0.648778 -0.043426 0.759737
-7.644197 -49.446510 -68.944288 -1559.752534 0.755753 -0.615798 0.222779 0.620045 0.782339 0.059079 -0.210669 0.093485 0.973077
-5.876978 -43.902238 -281.841774 -1610.259151 0.713422 -0.620105 0.326340 0.607236 0.779511 0.153714 -0.349705 0.088502 0.932670
-7.963319 -38.632291 -33.789275 -1512.127775 0.800789 -0.560675 0.210665 0.470362 0.806441 0.358346 -0.370804 -0.187871 0.909510
-14.697209 -908.142828 275.294723 61313.257228 -0.114040 0.941716 -0.316490 -0.928526 -0.214327 -0.303157 0.353320 -0.259297 -0.898849
-8.930542 -298.033383 46.133107 3492.450242 -0.317158 0.897496 -0.306451 0.899260 0.181962 -0.397771 -0.301235 -0.401735 -0.864792
-6.943252 -273.473423 -329.740097 -11480.610702 -0.308282 0.899901 -0.308449 0.946913 0.259198 -0.190187 -0.091200 -0.350706 -0.932034
0.259822 -6.157202 -10.982099 34.529293 -0.043779 0.974226 -0.221285 -0.632104 0.144513 0.761288 -0.773646 -0.173203 -0.609486
0.240451 -6.570701 -10.328948 23.935124 -0.070147 0.979899 -0.186754 -0.715926 0.080915 0.693472 -0.694644 -0.182347 -0.695859
0.523115 -5.897473 -44.077379 31.683342 -0.043736 0.973152 -0.225971 -0.633568 0.147869 0.759425 -0.772450 -0.176382 -0.610090
0.214925 -6.837893 10.273623 15.941694 -0.071764 0.980358 -0.183705 -0.725722 0.075026 0.683885 -0.684235 -0.182397 -0.706083
0.462229 -5.503208 -25.985246 38.831804 -0.017074 0.968159 -0.249752 -0.550746 0.199372 0.810512 -0.834498 -0.151388 -0.529806
0.336592 -5.686889 0.814222 50.649600 -0.015192 0.967594 -0.252055 -0.541062 0.204034 0.815857 -0.840846 -0.148772 -0.520428
0.272557 -6.444422 3.908649 34.889184 -0.049374 0.975178 -0.215845 -0.636047 0.135923 0.759585 -0.770069 -0.174791 -0.613548
0.609564 -5.177672 18.195614 56.312656 -0.014239 0.965887 -0.258573 -0.459230 0.223395 0.859769 -0.888203 -0.130987 -0.440383
0.306380 -6.147853 1.152054 62.063872 -0.043846 0.973635 -0.223859 -0.541604 0.165123 0.824257 -0.839489 -0.157383 -0.520085
0.409442 -5.913378 13.282939 57.269329 -0.025011 0.969338 -0.244456 -0.539199 0.192833 0.819805 -0.841807 -0.152315 -0.517843
-1.214023 -6.623012 -39.542927 55.794364 -0.321437 0.940664 -0.108767 0.946207 0.314574 -0.075734 -0.037025 -0.127259 -0.991178
-1.257446 -7.740015 -76.829070 25.961190 -0.300693 0.948508 -0.099577 0.946492 0.283953 -0.153372 -0.117199 -0.140366 -0.983139
-1.213385 -6.668048 -42.950770 85.324062 -0.366574 0.926370 -0.086378 0.930371 0.364407 -0.040217 -0.005779 -0.095106 -0.995450
0.216634 -3.117670 72.000749 70.907477 0.385354 0.922536 0.020735 -0.097261 0.018261 0.995091 -0.917629 0.385479 -0.096764
0.095859 -2.017173 57.139686 42.436820 0.370165 0.923819 0.097656 -0.093423 -0.067571 0.993331 -0.924257 0.376820 -0.061294
1.508665 -2.802113 94.646323 63.439595 0.381894 0.924071 0.015818 -0.095391 0.022387 0.995188 -0.919270 0.381565 -0.096698
1.701654 -3.811040 107.082885 70.174667 0.383108 0.923704 -0.000124 -0.137511 0.057166 0.988849 -0.913411 0.378819 -0.148920
0.296274 -4.103812 79.654351 69.087810 0.391997 0.919824 -0.016158 -0.141725 0.077734 0.986849 -0.908984 0.384552 -0.160834
-14.481417 -381.122640 -1924.182795 -32795.334644 0.998464 -0.048907 -0.026015 0.025904 0.827330 -0.561119 -0.048966 -0.559583 -0.827326
-7.957231 -215.671233 -1064.204182 -2258.004408 0.994388 -0.071730 -0.077760 0.036687 0.923232 -0.382487 -0.099226 -0.377488 -0.920683
-14.521220 -288.380651 -1458.696069 -9352.118184 0.989514 -0.136120 0.048304 0.140108 0.985852 -0.092007 0.035097 -0.097810 -0.994586
6.967796 -1.171301 -14.197656 45.048114 -0.046055 -0.017634 0.998783 0.354371 0.934528 0.032840 -0.933970 0.355452 -0.036791
6.633889 -1.417802 128.360167 15.420321 0.081472 -0.035752 0.996034 0.330964 0.943619 0.006799 -0.940120 0.329097 0.088712
7.159860 -1.487464 -2.401100 10.766428 -0.038723 -0.018371 0.999081 0.320489 0.946782 0.029832 -0.946460 0.321350 -0.030775
6.498162 -1.395449 -173.917580 18.594224 -0.174842 0.007547 0.984568 0.327641 0.943428 0.050952 -0.928484 0.331493 -0.167423
6.191694 -1.240874 -174.454126 24.010672 -0.181959 -0.000377 0.983306 0.344923 0.936434 0.064187 -0.920825 0.350844 -0.170262
10.379985 -8.338778 524.158323 53.009169 0.497075 0.849082 -0.178819 0.667906 -0.505958 -0.545809 0.553911 -0.151874 0.818606
14.662303 -7.109093 403.039619 95.751718 0.627113 0.776774 -0.057885 0.624985 -0.546135 -0.557790 0.464890 -0.313621 0.827961
10.097468 -8.835383 326.203359 131.565842 0.487631 0.859469 -0.153396 0.731872 -0.498214 -0.464916 0.476004 -0.114441 0.871965
5.373367 -9.371479 166.802392 120.537277 0.440266 0.879201 -0.182128 0.732348 -0.468993 -0.493672 0.519454 -0.083966 0.850363
3.306549 -9.948540 -467.910888 -235.559872 0.131040 -0.932425 -0.336768 0.983861 0.164063 -0.071417 0.121842 -0.321975 0.938875
6.622056 -14.980111 -450.657398 -286.266255 0.334822 -0.848835 -0.409113 0.898176 0.418778 -0.133812 0.284911 -0.322652 0.902619
19.342307 -11.756525 -1640.498482 -444.020900 0.365934 -0.853970 -0.369901 0.925727 0.374806 0.050503 0.095513 -0.360908 0.927697
12.195747 -5.585911 -2154.256366 -206.983564 0.180812 -0.938911 -0.292836 0.983495 0.174629 0.047353 0.006677 -0.296564 0.954990
-1.199595 -7.657453 -37.754302 10.013069 -0.050751 0.963421 0.263142 0.745198 -0.138887 0.652219 -0.664909 -0.229194 0.710891
-1.146618 -7.764744 62.974542 9.904322 -0.025471 0.972400 0.231925 0.832932 -0.107646 0.542804 -0.552788 -0.207003 0.807202
-1.237519 -7.696830 105.338684 10.671062 0.002161 0.972581 0.232554 0.754984 -0.154082 0.637383 -0.655739 -0.174197 0.734617
-2.047114 -2.834853 -100.624483 29.159642 -0.305414 -0.093245 0.947643 0.252385 0.951674 0.174982 -0.918164 0.292613 -0.267121
-3.039996 -4.115496 42.229560 -135.634359 0.342322 0.920761 -0.187120 -0.158900 0.253017 0.954323 -0.926049 0.296953 -0.232923
-1.961408 -2.784570 -78.166832 -41.668504 -0.400337 -0.501487 0.766968 0.110305 0.804508 0.583609 -0.909705 0.318241 -0.266758
0.427879 -11.511489 -9.116388 18.615659 -0.249567 0.952974 -0.171923 -0.553287 0.005378 0.832973 -0.794726 -0.303005 -0.525926
0.218749 -11.257884 -9.411212 3.372601 -0.235904 0.949244 -0.208053 -0.597376 0.027212 0.801500 -0.766480 -0.313362 -0.560636
0.690725 -11.588706 -8.422561 -30.352116 -0.233797 0.954212 -0.186598 -0.699228 -0.031660 0.714197 -0.675588 -0.297452 -0.674614
0.961825 -11.929964 -13.200328 -43.000739 -0.248370 0.957062 -0.149481 -0.657560 -0.053267 0.751517 -0.711286 -0.284947 -0.642555
-1.870996 -16.715132 -2.761113 -31.661927 0.231198 0.961341 -0.149570 0.972096 -0.234533 -0.004810 -0.039703 -0.144284 -0.988739
-1.991870 -16.841715 -3.421397 22.642465 0.213971 0.965917 -0.145671 -0.947179 0.241623 0.210880 -0.238890 -0.092854 -0.966597
-1.826821 -16.633997 11.684466 -17.904185 0.260385 0.960800 -0.095204 0.963911 -0.264352 -0.031525 -0.055457 -0.083559 -0.994958
-1.613266 -16.008659 9.360916 -42.698515 0.268907 0.957863 -0.100931 -0.945074 0.242188 -0.219500 0.185807 -0.154412 -0.970378
-1.246998 -16.176027 26.005306 -5.425797 0.291688 0.955721 -0.038941 0.956360 -0.290670 0.029784 0.017146 -0.045929 -0.998798
-1.459873 -16.121270 24.645602 22.857362 0.286797 0.957170 -0.039670 -0.939820 0.289143 0.182030 -0.185704 0.014923 -0.982492
1.357014 -13.380753 34.371095 286.849756 0.338526 0.935239 -0.103577 -0.517836 0.093260 -0.850382 0.785650 -0.341512 -0.515871
1.526229 -9.797673 29.394309 81.039789 0.371376 0.926312 -0.063446 -0.583526 0.179702 -0.791962 0.722203 -0.331139 -0.607265
2.090126 -14.325703 21.796838 291.522491 0.375881 0.916581 -0.136355 -0.513559 0.083564 -0.853975 0.771343 -0.391020 -0.502129
1.727877 -18.309375 35.613306 373.219629 0.343647 0.926773 -0.151649 -0.331775 -0.031256 -0.942841 0.878540 -0.374318 -0.296739
2.189855 -19.384260 20.461129 353.433025 0.389831 0.903289 -0.179165 -0.312000 -0.053497 -0.948575 0.866422 -0.425684 -0.260971
2.649655 -15.838809 9.215807 338.600514 0.410878 0.895746 -0.169761 -0.512112 0.072708 -0.855836 0.754268 -0.438580 -0.488597
4.722971 -6.395475 -116.973174 -29.436083 -0.039868 0.993810 0.103688 0.847521 -0.021332 0.530333 -0.529262 -0.109021 0.841425
4.749133 -6.723262 -107.607143 -21.014471 -0.022767 0.996182 0.084276 0.907559 -0.014761 0.419664 -0.419306 -0.086040 0.903758
3.466211 -6.781778 -95.533964 -18.890938 -0.072754 0.990120 0.119876 0.906924 0.015669 0.421002 -0.414964 -0.139348 0.899103
5.492353 -6.373230 -72.862150 -33.967636 0.008951 0.998966 0.044568 0.849283 -0.031122 0.527019 -0.527861 -0.033134 0.848684
5.300892 -6.062563 -87.125187 -21.534336 -0.011747 0.997959 0.062764 0.789780 -0.029238 0.612693 -0.613278 -0.056767 0.787824
0.093785 -13.376825 -29.305682 145.463027 -0.055626 0.998257 -0.019702 0.477486 0.043927 0.877541 -0.876877 -0.039406 0.479097
0.199046 -13.634851 -40.609948 222.706939 -0.066409 0.996748 -0.045648 0.436109 0.070143 0.897156 -0.897440 -0.039671 0.439349
0.546180 -14.923235 -14.380859 227.039580 -0.059657 0.998121 -0.013950 0.342759 0.033607 0.938822 -0.937527 -0.051226 0.344120
0.585424 -14.931546 25.879801 184.014662 -0.028990 0.999559 -0.006437 0.334501 0.015770 0.942263 -0.941949 -0.025163 0.334811
0.443026 -13.157980 21.948401 106.680357 -0.028096 0.999072 -0.032649 0.509483 0.042414 0.859435 -0.860022 -0.007513 0.510202
0.030096 -11.991586 -20.648202 -0.089079 -0.059083 0.996977 -0.050465 0.600229 0.075875 0.796221 -0.797643 -0.016753 0.602897
-3.120918 -10.821333 -37.536195 -91.355672 0.130985 0.991059 -0.025390 0.889308 -0.106141 0.444821 -0.438149 0.080844 0.895260
-2.029763 -11.443320 -65.437941 -88.576947 0.079474 0.996837 0.000084 0.914141 -0.072914 0.398786 -0.397531 0.031617 0.917044
-2.835761 -11.585267 -56.526181 -99.548064 0.152760 0.988222 -0.009084 0.940876 -0.142617 0.307267 -0.302352 0.055485 0.951580
-3.663206 -11.222043 -44.844887 -97.755702 0.186147 0.981313 -0.048720 0.925865 -0.158601 0.342957 -0.328821 0.108948 0.938087
-3.785672 -10.289119 -57.022716 -98.592392 0.183120 0.982159 -0.042795 0.866847 -0.140781 0.478286 -0.463728 0.124681 0.877161
-3.844096 -10.007431 -33.386926 -26.948038 0.106060 0.990881 -0.083097 0.836372 -0.043699 0.546418 -0.537804 0.127453 0.833380
-1.204163 -9.016281 -21.231562 -25.789079 -0.149966 0.985843 -0.074990 0.654991 0.042248 -0.754455 0.740606 0.162261 0.652054
-0.960329 -9.286675 -14.457399 -43.161216 -0.127441 0.988787 -0.077844 0.676605 0.029280 -0.735764 0.725234 0.146436 0.672749
-1.226217 -9.355463 -13.708192 -13.620394 -0.136489 0.984270 -0.112175 0.489327 -0.031471 -0.871532 0.861354 0.173845 0.477334
-1.346888 -8.887877 -10.307827 10.394484 -0.164854 0.979143 -0.118750 0.470897 -0.027656 -0.881755 0.866648 0.201279 0.456516
-1.187860 -9.273696 -7.099994 11.123216 -0.126599 0.977862 -0.166607 0.298297 -0.122655 -0.946560 0.946040 0.169532 0.276165
-1.311024 -8.611823 -2.735987 27.771994 -0.152278 0.970756 -0.185591 0.295009 -0.134575 -0.945970 0.943282 0.198801 0.265889
-0.857011 -14.611337 -26.740013 165.763407 -0.118483 0.942761 -0.311709 -0.246891 -0.332032 -0.910384 0.961773 0.030907 -0.272100
-1.107012 -13.503946 -2.661612 156.430036 -0.140388 0.947961 -0.285764 -0.216152 -0.311004 -0.925502 0.966214 0.068161 -0.248565
-0.690396 -16.167489 -24.482319 208.177214 -0.109014 0.959097 -0.261246 -0.083918 -0.270753 -0.958984 0.990492 0.082619 -0.110002
-0.307015 -17.483567 -38.736859 152.496213 -0.096979 0.952785 -0.287742 -0.108830 -0.297522 -0.948492 0.989319 0.060669 -0.132545
-0.123369 -19.143106 -51.354811 166.354901 -0.080157 0.967297 -0.240647 0.083732 -0.234036 -0.968616 0.993259 0.097791 0.062234
-0.455425 -17.747567 -18.918145 168.365904 -0.107445 0.968406 -0.225044 0.098111 -0.214922 -0.971691 0.989358 0.126482 0.071919
-2.386241 -6.908638 113.509033 -35.175775 -0.312590 -0.561740 0.765987 0.757329 0.339363 0.557929 -0.573359 0.754507 0.319340
-3.275414 -7.151364 -8.240231 -28.329144 -0.294668 -0.502906 0.812561 0.785018 0.357472 0.505925 -0.544901 0.786956 0.289455
-2.653973 -6.434733 125.525314 -1.931534 -0.374123 -0.579067 0.724371 0.674834 0.365776 0.640942 -0.636106 0.728622 0.253929
-2.175280 -6.315227 143.132952 -13.451720 -0.365479 -0.606837 0.705815 0.647929 0.378553 0.660973 -0.668291 0.698890 0.254834
-1.967589 -6.674343 84.759185 -34.950205 -0.306977 -0.585748 0.750110 0.741723 0.346607 0.574205 -0.596332 0.732641 0.328062
0.625533 -23.046264 -21.470843 -188.211901 -0.307104 0.925091 -0.223368 0.607843 0.371268 0.701917 -0.732267 -0.079788 0.676328
0.728816 -25.227449 -7.733988 -180.665125 -0.295554 0.926349 -0.233505 0.627968 0.372583 0.683256 -0.719934 -0.055305 0.691836
0.740115 -23.734940 -9.629656 -91.013974 -0.285876 0.935051 -0.209651 0.751368 0.354508 0.556570 -0.594745 -0.001585 0.803913
0.631819 -24.235032 -12.204480 -120.003239 -0.316911 0.914054 -0.253125 0.471240 0.383356 0.794337 -0.823104 -0.132451 0.552228
0.382881 -22.145856 -23.790305 -87.312854 -0.294262 0.935754 -0.194357 0.733215 0.351476 0.582118 -0.613031 -0.028790 0.789534
0.270801 -21.452327 -35.487008 -94.538227 -0.319215 0.924097 -0.210112 0.592262 0.367611 0.716999 -0.739816 -0.104435 0.664654
0.438915 -22.450068 -34.892004 -29.504408 -0.335577 0.910144 -0.242952 0.451353 0.381723 0.806578 -0.826842 -0.161012 0.538894
20.395285 -66.006856 1390.248419 -4646.863205 0.216152 0.881741 -0.419299 0.871004 0.019908 0.490873 0.441170 -0.471314 -0.763696
15.015394 -83.073433 625.259600 5980.263943 0.075239 0.923649 -0.375781 -0.817727 -0.158516 -0.553350 0.570668 -0.348919 -0.743366
14.047118 -59.191296 566.733219 -4381.810529 0.119590 0.913049 -0.389922 0.953872 0.003263 0.300196 0.275366 -0.407836 -0.870542
0.683400 -15.465080 21.290899 3.076758 -0.216942 0.967970 -0.126370 0.969423 0.228837 0.088621 -0.114700 0.103280 0.988017
0.550785 -14.351304 10.377749 17.524527 -0.146949 0.982753 -0.112263 0.954440 0.170676 0.244772 -0.259711 0.071179 0.963060
0.159870 -12.970047 30.984976 -55.963493 -0.203520 0.968418 -0.144037 0.959515 0.226542 0.167363 -0.194707 0.104144 0.975317
0.491355 -13.296346 -17.397351 0.435865 0.291398 -0.946131 0.141152 0.956476 0.285777 -0.059039 0.015520 0.152212 0.988226
-0.358920 -12.108584 -77.013275 -59.630456 0.272039 -0.947249 0.169455 0.957552 0.283917 0.049858 -0.095339 0.148699 0.984276
2.558411 -42.681823 -81.731607 -10907.613088 -0.554681 0.829070 -0.070515 0.461961 0.377336 0.802627 -0.692041 -0.412627 0.592299
13.446079 -149.716725 860.421902 -6007.294802 -0.353166 0.933949 -0.054886 0.400820 0.204055 0.893143 -0.845350 -0.293429 0.446411
17.649821 -216.913597 -1240.398896 -9955.757552 0.069838 -0.997402 -0.017638 0.997450 0.069559 0.015977 -0.014708 -0.018708 0.999717
-9.637238 -48.272738 252.774411 1500.223467 0.331109 -0.935370 -0.124300 0.943310 0.331349 0.019341 0.023095 -0.123658 0.992056
0.056645 -6.747000 -4.907714 -3.200093 -0.078426 0.996558 0.026845 -0.038388 -0.029927 0.998815 -0.996181 -0.077303 -0.040603
0.223868 -5.810794 -10.712590 -68.034037 -0.085820 0.995317 0.044479 -0.152973 -0.057278 0.986569 -0.984497 -0.077863 -0.157172
0.186607 -6.753767 -8.834017 -13.974213 -0.080127 0.996436 0.026351 -0.041653 -0.029760 0.998689 -0.995914 -0.078924 -0.043889
-4.676191 -11.558267 20.712793 -102.855531 -0.220616 -0.835824 0.502719 0.939203 -0.043008 0.340659 -0.263110 0.547310 0.794497
-5.495016 -12.649188 31.714998 -81.914909 -0.173288 -0.800263 0.574065 0.979521 -0.079370 0.185036 -0.102514 0.594373 0.797629
-4.711687 -10.926341 11.237983 -123.249247 -0.153107 -0.800012 0.580120 0.939585 0.064027 0.336275 -0.306168 0.596558 0.741876
-0.509170 -4.163459 -5.392205 33.082578 0.232023 0.968038 0.095230 0.764734 -0.242039 0.597159 -0.601122 0.065729 0.796450
-0.982109 -5.016729 -12.044488 37.136664 0.313197 0.935818 0.161715 0.667953 -0.338112 0.662962 -0.675090 0.099620 0.730978
-0.714141 -4.662604 4.028355 38.252104 0.246841 0.962971 0.108428 0.709900 -0.255855 0.656186 -0.659630 0.085001 0.746768
0.483684 -16.730251 -26.356634 559.080639 0.178833 0.974512 0.135442 0.596606 -0.216873 0.772676 -0.782356 0.057375 0.620184
0.176888 -20.214111 -4.258246 514.809863 0.196212 0.973413 0.118186 0.568905 -0.211178 0.794827 -0.798654 0.088718 0.595216
0.602755 -23.582121 -33.118788 1100.546336 0.163138 0.980056 0.113472 0.505125 -0.181766 0.843688 -0.847487 0.080320 0.524704
0.019084 -16.835930 -1.139574 146.339278 0.164337 0.983508 0.075531 0.676434 -0.168096 0.717064 -0.717935 0.066749 0.692902
0.956022 -15.208532 -45.824371 657.985482 0.170537 0.976915 0.128662 0.598954 -0.206457 0.773712 -0.782414 0.054884 0.620336
0.457251 -13.154347 -20.578350 -42.028739 0.132825 0.988579 0.071202 0.670871 -0.142554 0.727744 -0.729582 0.048895 0.682143
-16.740357 -191.826298 -1189.726004 -10529.085044 0.981537 -0.189926 0.022669 -0.188608 -0.941312 0.279925 0.031826 0.279032 0.959754
-30.035337 -292.418404 -297.820817 -5207.203316 0.917812 -0.396033 -0.027909 -0.365502 -0.870318 0.330082 0.155013 0.292753 0.943540
-12.259903 -412.957129 -615.254922 -33626.418096 0.987015 -0.145644 -0.067745 -0.053519 -0.695828 0.716212 0.151451 0.703286 0.694587
-6.819706 -157.360307 -270.310736 -9471.267790 0.993086 -0.108945 -0.043709 -0.066793 -0.830637 0.552793 0.096531 0.546052 0.832171
0.916512 -32.372246 -81.510384 -378.972646 -0.868637 0.483809 -0.106760 0.471484 0.873408 0.121905 0.152223 0.055556 -0.986783
1.232496 -37.238812 0.953267 -91.322127 0.889901 -0.455173 0.029906 0.433748 0.864664 0.253415 0.141206 0.212543 -0.966895
1.079363 -34.934850 1.791993 123.167227 0.918983 -0.390424 0.055135 0.394227 0.912441 -0.109713 0.007473 -0.122560 -0.992433
1.254019 -30.241420 44.039918 -231.133129 0.923125 -0.371633 0.098639 0.384494 0.890785 -0.242212 -0.002148 -0.261518 -0.965196
0.060252 -22.208693 82.107037 53.948915 0.916685 -0.376293 0.134503 0.389447 0.916673 -0.089681 0.089549 -0.134591 -0.986847
0.137558 -20.741449 -50.445778 -75.594958 -0.846067 0.522196 -0.107159 0.492527 0.842653 0.217608 0.203932 0.131332 -0.970136
-9.047246 -12.391669 126.834964 203.312690 -0.000113 0.945571 0.325416 -0.406038 0.297340 -0.864131 0.913856 0.132229 -0.383904
-5.800137 -10.588273 -18.172986 85.826901 -0.203216 0.976129 -0.076646 -0.356261 -0.146628 -0.922810 0.912020 0.160224 -0.377554
-5.203943 -9.602359 -76.448440 96.742277 -0.323310 0.924415 -0.202308 -0.369324 -0.320100 -0.872431 0.871247 0.207348 -0.444900
8.548558 -8.303606 57.181456 -155.793927 -0.058885 0.992036 -0.111342 -0.901466 -0.004931 0.432822 -0.428826 -0.125857 -0.894577
7.827191 -6.965474 17.406361 -45.363558 -0.062912 0.989091 -0.133197 -0.924300 -0.007403 0.381594 -0.376445 -0.147121 -0.914683
7.185776 -7.118927 29.001130 16.062792 -0.090395 0.982112 -0.165183 -0.942578 -0.030823 0.332560 -0.321519 -0.185760 -0.928503
3.541172 -3.205461 172.946067 -24.103119 -0.754551 0.400191 -0.520096 0.434407 0.898634 0.061225 0.491878 -0.179736 -0.851910
0.797944 -4.004420 97.493188 -221.186503 -0.815750 -0.229964 -0.530725 -0.100030 0.959830 -0.262145 0.569690 -0.160757 -0.805984
1.945885 -1.822750 259.284208 140.020229 -0.618724 0.707743 -0.340998 -0.677646 -0.700401 -0.224130 0.397462 -0.092402 -0.912955
10.610863 -6.273806 45.784571 -85.160557 0.164944 0.782430 0.600497 -0.565490 0.573851 -0.592382 0.808093 0.241866 -0.537110
12.009194 -5.861584 378.498262 137.013580 -0.131574 0.879740 0.456886 -0.383430 0.379856 -0.841838 0.914150 0.285948 -0.287340
6.687508 -4.993024 565.459098 83.707215 -0.321092 0.752791 0.574635 -0.390062 0.447788 -0.804573 0.862990 0.482485 -0.149854
4.044119 -4.138724 321.744460 36.709084 -0.272655 0.725251 0.632195 -0.440628 0.490000 -0.752161 0.855281 0.483644 -0.185965
8.634449 -3.774028 581.407163 -4.443590 -0.308525 0.719052 0.622718 -0.486617 0.443194 -0.752850 0.817323 0.535298 -0.213167
10.219836 -6.083002 655.045202 158.659641 -0.304318 0.818104 0.487951 -0.375356 0.367814 -0.850777 0.875499 0.442061 -0.195148
8.830731 -6.411865 165.360348 21.260313 0.240826 0.658595 0.712920 -0.714152 0.617666 -0.329356 0.657259 0.429816 -0.619087
-0.081905 -5.454735 -37.201436 62.803442 0.017969 0.980869 -0.193839 -0.498866 -0.159219 -0.851928 0.866493 -0.112008 -0.486461
0.087501 -4.318905 -32.867316 80.839890 0.014784 0.979942 -0.198736 -0.582300 -0.153138 -0.798421 0.812840 -0.127527 -0.568356
-0.434132 -4.476812 -16.958834 75.484513 -0.030277 0.967909 -0.249471 -0.575570 -0.220935 -0.787342 0.817192 -0.119750 -0.563788
-0.967565 -5.736513 -7.750865 -69.945479 0.474757 0.879873 0.020719 0.736600 -0.384346 -0.556505 0.481691 -0.279467 0.830586
-0.972454 -8.634234 -66.709823 -223.626534 0.534349 0.843746 0.050638 0.684067 -0.396478 -0.612256 0.496511 -0.361798 0.789037
-1.371639 -5.990103 16.995656 -135.380984 0.386547 0.921497 0.037752 0.789884 -0.309653 -0.529337 0.476093 -0.234433 0.847571
-0.996916 -4.998977 29.961278 70.122335 0.392399 0.919581 0.019858 0.783844 -0.323026 -0.530323 0.481260 -0.223664 0.847563
-0.952214 -6.088385 -7.655909 135.129937 0.328269 0.939212 0.100603 0.820957 -0.231005 -0.522175 0.467193 -0.254004 0.846884
-0.552250 -6.805307 -36.769554 124.605870 0.357089 0.926171 0.121218 0.804225 -0.238845 -0.544220 0.475088 -0.291822 0.830139
-0.243410 -16.760942 -2.097471 -169.381778 0.107116 0.967547 -0.228865 0.980785 -0.065078 0.183916 0.163053 -0.244168 -0.955927
-0.321178 -15.499660 -2.939209 -130.083683 0.111692 0.968901 -0.220809 0.979057 -0.069231 0.191452 0.170211 -0.237569 -0.956342
-0.177320 -16.638743 -0.578316 -93.158754 0.070781 0.967798 -0.241573 0.995817 -0.082587 -0.039090 -0.057782 -0.237795 -0.969595
-0.269185 -18.070094 -4.437465 255.298386 0.161270 0.965434 -0.204766 -0.907540 0.063552 -0.415129 0.387766 -0.252782 -0.886419
-0.158492 -18.014797 -2.175196 -204.686083 0.101698 0.966606 -0.235226 0.983094 -0.061459 0.172481 0.152265 -0.248790 -0.956514
-0.160173 -19.416323 -3.578029 261.611926 0.147488 0.965553 -0.214369 -0.909005 0.046905 -0.414137 0.389816 -0.255943 -0.884611
0.706996 -4.658786 0.831621 37.499921 0.485150 0.873301 0.044446 -0.768602 0.450121 -0.454580 0.416991 -0.186378 -0.889596
0.707063 -4.654020 2.705538 71.801484 0.410553 0.911828 -0.003989 -0.830082 0.371929 -0.415492 0.377373 -0.173893 -0.909588
0.033955 -5.024133 -52.734328 65.853809 0.425167 0.905012 -0.013633 -0.802087 0.369749 -0.468979 0.419391 -0.210330 -0.883104
-21.023786 -402.618331 638.836916 -31713.999467 0.964025 0.201074 0.173856 -0.241373 0.936136 0.255712 0.111336 0.288477 -0.950992
0.614440 -8.826615 16.610397 10.007280 -0.058974 -0.981139 -0.184090 0.989920 -0.081266 0.115995 -0.128768 -0.175394 0.976041
0.721992 -8.507964 21.186719 13.664160 -0.073382 -0.978967 -0.190367 0.997203 -0.069304 -0.027999 0.014217 -0.191889 0.981314
0.208201 -8.335919 21.737938 7.921687 -0.089751 -0.975889 -0.198962 0.994878 -0.078518 -0.063664 0.046506 -0.203657 0.977937
-0.831713 -7.107415 107.345938 -93.452044 0.058099 0.980914 0.185561 0.018137 0.184807 -0.982607 0.998146 -0.060454 0.007054
0.289535 -3.072246 63.730566 -315.089463 0.055124 0.946145 0.319014 0.134883 0.309515 -0.941279 0.989327 -0.094916 0.110557
-0.386244 -4.461132 103.728780 -332.743928 0.061905 0.984232 0.165694 0.129258 0.156709 -0.979150 0.989677 -0.082031 0.117519
-1.261462 -12.989958 -2.786385 18.928033 -0.293275 0.896175 0.332956 0.486531 0.439704 -0.754949 0.822969 0.059415 0.564971
-0.882412 -13.201946 34.711122 214.864968 -0.336918 0.874749 0.348283 0.523749 0.481519 -0.702728 0.782415 0.054348 0.620381
-1.225852 -14.013548 4.212073 184.227247 -0.308927 0.879298 0.362491 0.567932 0.476270 -0.671282 0.762901 0.001507 0.646514
1.392797 -26.640814 14.980710 -273.272994 -0.274480 0.929789 0.245263 -0.002337 0.254413 -0.967093 0.961590 0.266021 0.067658
-4.386270 -10.930585 -10.903197 -84.679547 0.220447 0.943663 0.246786 0.939135 -0.136997 -0.315051 -0.263493 0.301218 -0.916428
-4.204664 -9.537512 -9.043065 66.751189 0.273478 0.938497 0.210793 -0.876850 0.153157 0.455715 -0.395403 0.309462 -0.864806
-4.123126 -9.421390 5.765857 95.571406 0.281111 0.919373 0.275192 -0.856813 0.111279 0.503476 -0.432259 0.377321 -0.819012
-6.452679 -21.148856 -156.558252 1460.863786 0.821931 -0.557171 0.118278 -0.331618 -0.636936 -0.695947 -0.463097 -0.532797 0.708286
-8.183508 -29.677592 20.002678 -1436.589983 0.823742 -0.540966 0.169719 0.372384 0.741952 0.557527 -0.427527 -0.396058 0.812625
-4.867925 -15.395705 -353.895618 -1012.436162 0.837721 -0.447668 0.312758 0.152031 0.741253 0.653782 -0.524510 -0.500138 0.689022
0.697907 -5.366049 -760.809912 580.093633 0.770462 -0.026358 0.636940 0.359803 -0.806809 -0.468616 -0.526241 -0.590224 0.612132
0.328658 -11.710961 -764.750369 -775.160070 0.818847 -0.243127 0.519980 -0.099714 0.831848 0.545973 -0.565285 -0.498917 0.656913
-5.587211 -13.060541 18.611711 -78.627685 -0.219739 0.958331 0.182529 -0.711158 -0.029277 -0.702422 0.667809 0.284156 -0.687958
-3.468318 -17.643750 62.459428 30.304874 -0.196630 0.961452 0.192214 -0.808036 -0.047864 -0.587185 0.555350 0.270774 -0.786300
-2.032705 -14.575459 60.306569 -227.540180 -0.298259 0.950945 0.082132 -0.770386 -0.189038 -0.608908 0.563512 0.244886 -0.788977
-1.902834 -14.007053 107.921395 -181.691663 -0.407708 0.913073 -0.008454 -0.645873 -0.294918 -0.704182 0.645463 0.281640 -0.709970
-51.397762 -462.154584 3220.443572 -104723.550529 -0.063805 0.981393 -0.181096 -0.588988 -0.183523 -0.787028 0.805619 -0.056447 -0.589739
-38.973219 -280.121469 2072.316736 148582.443178 -0.158378 0.965250 -0.207870 -0.338645 0.144655 0.929728 -0.927489 -0.217642 -0.303966
-18.108616 -867.489860 345.698912 -44525.542756 -0.046619 0.954233 -0.295409 0.979777 0.101289 0.172563 0.194587 -0.281390 -0.939657
0.625246 -6.295401 -48.639125 29.481028 -0.066282 0.978419 -0.195711 -0.711173 0.091256 0.697069 -0.699886 -0.185388 -0.689776
0.235116 -6.854183 -18.203472 16.281583 -0.096235 0.982065 -0.162132 -0.791590 0.023238 0.610610 -0.603426 -0.187104 -0.775157
0.230049 -7.064382 25.138284 11.547871 -0.091780 0.983744 -0.154354 -0.799199 0.019697 0.600744 -0.594018 -0.178495 -0.784399
0.088906 -5.401513 13.993815 -23.998032 -0.007336 0.994514 -0.104350 -0.940356 -0.042354 -0.337546 0.340114 -0.095650 -0.935507
0.284259 -4.846558 35.359943 -20.750243 0.025333 0.996159 -0.083818 -0.896646 -0.014431 -0.442514 0.442024 -0.086366 -0.892836
0.052824 -4.919677 6.822953 -29.405987 0.029856 0.995106 -0.094195 -0.899537 -0.014340 -0.436608 0.435822 -0.097768 -0.894707
-0.014501 -1.211531 29.037671 14.836102 0.340528 0.906556 0.249395 -0.127892 -0.218122 0.967505 -0.931496 0.361358 -0.041665
-0.794007 -1.487723 29.202207 14.164197 0.302032 0.826065 0.475809 -0.196193 -0.434571 0.879009 -0.932891 0.358839 -0.030813
-0.587266 -1.176040 -2.056220 15.566361 0.170868 0.504998 0.846039 0.300403 0.791083 -0.532865 -0.938383 0.345202 -0.016532
-0.649077 -1.672662 6.668687 37.077925 0.091548 0.285542 0.953984 0.320387 0.898622 -0.299717 -0.942853 0.333082 -0.009217
-1.259100 -1.819404 31.245612 12.318700 0.198739 0.594281 0.779315 0.280092 0.727570 -0.626251 -0.939176 0.342740 -0.021857
0.473438 -17.691116 -13.654311 -49.305870 0.034481 0.996074 0.081529 0.872614 -0.069774 0.483400 -0.487191 -0.054475 0.871595
-0.133364 -17.093544 -29.179103 -42.576551 0.013362 0.995543 0.093356 0.872406 -0.057229 0.485421 -0.488600 -0.074958 0.869282
0.504445 -17.438098 -16.874326 -4.212481 0.013473 0.997427 0.070406 0.779729 -0.054560 0.623735 -0.625972 -0.046494 0.778459
-159.402590 -1787.342145 -20525.719868 325419.660025 0.954403 -0.108239 0.278208 -0.012197 0.917034 0.398624 0.298273 0.383841 -0.873899
114.819761 -59667.259012 202585.536644 14444218.059904 -0.962422 -0.102664 -0.251405 -0.066427 0.986661 -0.148620 0.263309 -0.126335 -0.956404
-44.634485 -492.033269 -3374.204672 -33662.730666 0.976523 -0.172614 0.128866 0.131137 0.950975 0.280088 0.170895 0.256614 -0.951286
3.717095 -33.854910 -64.654898 795.494733 0.838186 -0.544678 -0.027748 -0.360937 -0.592137 0.720485 0.408863 0.593885 0.692915
3.327055 -37.506443 -21.452414 786.461002 0.883266 -0.468403 -0.020998 -0.302552 -0.603591 0.737658 0.358196 0.645195 0.674847
5.378532 -34.207706 -112.746007 364.145817 0.866892 -0.498204 -0.017054 -0.182026 -0.348210 0.919574 0.464074 0.794067 0.392546
1.356856 -29.345324 35.081540 380.026740 0.885680 -0.455928 -0.087750 -0.356946 -0.789495 0.499286 0.296917 0.410886 0.861982
6.348725 -35.857478 -114.343109 492.176204 0.783955 -0.619931 -0.033175 -0.221218 -0.328880 0.918096 0.580067 0.712407 0.394967
2.224077 -22.938381 -60.480240 527.186237 0.813969 -0.580255 -0.027553 -0.486409 -0.706720 0.513764 0.317587 0.404786 0.857489
5.346801 -32.953462 -87.555528 881.959943 0.751393 -0.659708 -0.013917 -0.434138 -0.510136 0.742486 0.496924 0.551857 0.669717
6.972141 -1.657066 131.862526 -17.702645 0.068144 -0.040176 0.996866 0.301908 0.953171 0.017777 -0.950898 0.299750 0.077083
15.337652 -7.485142 640.775954 -66.651886 0.591358 0.797505 -0.119506 0.628106 -0.548460 -0.551973 0.505746 -0.251352 0.825254
17.262690 -6.896111 163.686569 -25.649747 0.735917 0.661685 0.143523 0.610175 -0.556262 -0.564145 0.293449 -0.502738 0.813106
12.466323 -6.249180 -96.259152 45.196955 0.745545 0.630184 0.216866 0.637166 -0.578579 -0.509182 0.195405 -0.517797 0.832888
17.658439 -7.422237 472.933140 -92.409463 0.675183 0.736851 0.034326 0.627989 -0.549772 -0.550801 0.386986 -0.393448 0.833931
-4.091290 -10.091218 262.230876 576.934840 0.216635 -0.960529 -0.174507 0.969886 0.191376 0.150652 -0.111309 -0.201888 0.973063
6.750533 0.319778 -360.826606 -211.416489 0.966955 -0.093770 0.237078 0.057320 0.986057 0.156222 -0.248421 -0.137470 0.958848
1.338528 -7.327704 218.896506 801.086917 -0.682246 -0.689422 -0.243387 0.722994 -0.685684 -0.084367 -0.108722 -0.233527 0.966253
-6.257417 -69.481555 121.723257 4328.375392 -0.531040 -0.805705 -0.262365 0.841515 -0.465202 -0.274663 0.099245 -0.366642 0.925054
-6.334018 -35.059796 430.573719 3021.602508 -0.540683 -0.775621 -0.325690 0.839379 -0.471776 -0.269944 0.055722 -0.419332 0.906121
1.680869 -11.814687 -175.653837 -252.135458 0.298060 -0.883171 -0.362172 0.916582 0.370745 -0.149751 0.266529 -0.287326 0.920003
