11531
23045
-8.473843 -11.059240 118.043548 -108.271791 -0.256354 0.902350 0.346477 0.892098 0.082892 0.444174 0.372080 0.422958 -0.826234
-7.494458 -11.928389 -6.764939 -241.346963 0.074500 0.936913 0.341530 0.953146 -0.167594 0.251844 0.293195 0.306766 -0.905501
-6.690436 -9.408013 30.101964 -114.962055 -0.341469 0.908196 0.242031 0.915222 0.262680 0.305560 0.213932 0.325852 -0.920898
-4.130913 -11.009746 -129.490782 255.607883 -0.038819 0.983724 0.175443 -0.978305 -0.001659 -0.207163 0.203500 0.179678 -0.962447
-6.177657 -9.665014 13.769690 -72.187203 -0.616929 0.765882 0.181173 0.739260 0.484957 0.467238 0.269989 0.422186 -0.865370
-4.786166 -7.932279 -63.177966 -117.202043 -0.274830 0.948868 0.155302 0.955262 0.251105 0.156268 0.109281 0.191301 -0.975429
-5.463590 -8.030851 15.744747 -61.265639 0.753847 -0.645916 -0.120451 0.642383 0.686010 0.341664 0.138056 0.334938 -0.932071
-2.724709 -7.181455 8.524113 138.832562 -0.474954 0.879625 -0.026068 -0.876010 -0.469765 0.109213 -0.083821 -0.074707 -0.993676
-2.127768 -6.458646 64.205636 -3.167981 -0.706622 0.705798 0.050350 -0.682124 -0.698381 0.216726 -0.188128 -0.118799 -0.974933
-1.312325 -5.521990 80.561361 6.094256 -0.781193 0.613835 0.113774 0.586115 0.783892 -0.204898 -0.214960 -0.093380 -0.972148
-3.364165 -8.100497 -120.966511 37.150236 -0.260170 0.816070 -0.516083 -0.849411 -0.447597 -0.279566 0.459142 -0.365632 -0.809631
-3.418173 -7.421268 -112.171567 -73.285084 -0.265585 0.814140 -0.516372 -0.757098 -0.507728 -0.411114 0.596881 -0.281759 -0.751229
-1.554466 -6.978157 -117.272439 -21.510990 -0.127230 0.865086 -0.485221 -0.826629 -0.362843 -0.430150 0.548176 -0.346370 -0.761270
-3.229349 -6.731525 -88.944312 -67.265428 -0.270510 0.811118 -0.518568 -0.691525 -0.538465 -0.481507 0.669789 -0.228350 -0.706568
-0.964710 -7.137250 -131.517820 -38.031849 -0.070670 0.879804 -0.470054 0.921826 0.237642 0.306206 0.381106 -0.411669 -0.827821
0.635238 -6.840980 -96.239119 28.431399 -0.043182 0.895629 -0.442702 -0.901851 -0.225610 -0.368462 0.429883 -0.383340 -0.817466
-0.171271 -6.547544 -112.663062 -41.607637 -0.088876 0.879200 -0.468091 -0.778125 -0.354658 -0.518400 0.621789 -0.318160 -0.715648
1.046369 -6.600996 -101.868219 -8.019038 -0.047458 0.894061 -0.445423 -0.847890 -0.271792 -0.455206 0.528044 -0.356066 -0.770964
-1.872456 -6.555099 -107.943995 -45.057948 -0.181896 0.842387 -0.507245 -0.715738 -0.467144 -0.519129 0.674264 -0.268628 -0.687900
3.301717 -2.286637 57.549255 -8.373514 0.624505 -0.326301 0.709592 0.379558 0.920839 0.089395 -0.682590 0.213504 0.698919
1.805031 -2.520780 104.550987 -8.505061 0.621429 -0.464035 0.631266 0.460889 0.868086 0.184411 -0.633567 0.176345 0.753323
3.384351 -2.042148 59.985216 -26.751411 0.617252 -0.320057 0.718723 0.342544 0.931713 0.120721 -0.708282 0.171679 0.684736
1.816724 -2.843818 96.397260 -0.072418 0.655915 -0.391617 0.645299 0.441709 0.892369 0.092582 -0.612102 0.224308 0.758299
3.189024 -2.066613 -73.322332 -20.122337 0.484555 -0.282918 0.827746 0.350152 0.929870 0.112847 -0.801623 0.235156 0.549638
3.296633 -2.386838 -13.773827 3.731261 0.563487 -0.264381 0.782678 0.391543 0.919710 0.028779 -0.727445 0.290235 0.621761
1.101976 -5.586516 -47.687360 16.223969 0.055872 0.997945 -0.031381 -0.055331 0.034476 0.997873 -0.996904 0.054017 -0.057143
1.234234 -5.196021 -42.632284 7.830664 0.058114 0.996550 -0.059260 0.028464 0.057682 0.997929 -0.997904 0.059680 0.025013
0.564862 -5.643159 3.213694 28.982049 0.074729 0.997059 -0.016992 -0.022804 0.018743 0.999564 -0.996943 0.074308 -0.024138
0.307153 -6.232893 -0.756233 38.497167 0.063762 0.997888 0.012406 -0.126202 -0.004269 0.991995 -0.989953 0.064817 -0.125663
0.210659 -11.639722 17.628546 -8.285532 0.845916 -0.507669 -0.163394 -0.157954 0.054138 -0.985961 -0.509388 -0.859849 0.034392
0.366206 -11.935288 24.795249 51.378402 0.848941 -0.500184 -0.170632 -0.238540 -0.074552 -0.968267 -0.471591 -0.862704 0.182604
-0.162755 -11.746686 20.555975 23.656100 0.844870 -0.503460 -0.180894 -0.174273 0.060678 -0.982826 -0.505790 -0.861885 0.036475
-0.231014 -11.162698 14.685641 13.032895 0.841461 -0.513991 -0.166605 -0.064912 0.209948 -0.975555 -0.536405 -0.831706 -0.143298
-0.492979 -11.083855 14.785239 35.494807 0.837332 -0.517966 -0.174891 -0.071676 0.213133 -0.974390 -0.541976 -0.828424 -0.141337
-0.464689 -11.687962 13.596966 24.625197 0.834257 -0.516091 -0.194078 -0.193244 0.055987 -0.979552 -0.516404 -0.854702 0.053024
0.466868 -15.867128 47.078056 -87.732798 0.115423 0.963790 -0.240390 0.325344 0.191977 0.925903 -0.938525 0.185080 0.291404
-0.932235 -15.378180 32.653434 -126.932642 0.089068 0.953859 -0.286741 0.307795 0.247435 0.918715 -0.947275 0.170085 0.271555
0.689196 -15.639830 51.077179 0.387170 0.116046 0.957111 -0.265466 0.526184 0.167445 0.833722 -0.842415 0.236435 0.484185
87.949825 -28.917130 3095.473077 -829.411732 -0.673044 0.606304 -0.423564 -0.136060 0.461417 0.876688 -0.726979 -0.647680 0.228060
82.135288 -17.934158 3910.129251 -126.081671 -0.109577 0.824877 -0.554590 -0.220270 0.523926 0.822790 -0.969265 -0.212319 -0.124285
143.888446 -23.717127 6481.661578 -176.416539 -0.378363 0.677464 -0.630780 -0.065840 0.660018 0.748359 -0.923313 -0.324682 0.205123
695.563857 -106.282720 26388.100945 -2862.157009 0.951034 -0.306090 -0.042938 -0.259141 -0.713907 -0.650525 -0.168465 -0.629798 0.758270
348.880916 -35.839507 19302.721185 58.750001 0.963449 0.107917 0.245195 0.265398 -0.509127 -0.818751 -0.036479 -0.853899 0.519158
106.603590 -17.016198 5775.892826 31.646338 0.887914 -0.183554 0.421801 0.332234 -0.378315 -0.864001 -0.318165 -0.907296 0.274928
0.053339 -10.775935 -13.415614 -50.537523 -0.061771 0.984399 -0.164753 0.363541 -0.131538 -0.922245 0.929528 0.116862 0.349744
-0.249164 -9.655220 -10.021873 -10.597389 -0.063033 0.983628 -0.168828 0.359764 -0.135396 -0.923167 0.930912 0.118928 0.345340
-0.101322 -13.536832 -15.894728 300.565967 -0.080734 0.991686 -0.100206 0.419040 -0.057448 -0.906149 0.904371 0.115147 0.410918
-0.196823 -12.054242 -9.910012 -334.759641 -0.033801 0.968298 -0.247502 0.300381 -0.226351 -0.926573 0.953220 0.105664 0.283207
0.531572 -14.197740 -15.176730 -350.212941 -0.051675 0.972366 -0.227673 0.295485 -0.202883 -0.933556 0.953949 0.115516 0.276836
0.204114 -13.859583 -17.371617 -376.838972 -0.029878 0.968494 -0.247239 0.270543 -0.230281 -0.934761 0.962244 0.094818 0.255139
0.260531 -13.943690 -17.032664 276.574949 -0.092545 0.991208 -0.094563 0.444385 -0.043871 -0.894761 0.891043 0.124828 0.436418
0.493575 -11.639094 -13.575401 -53.100960 -0.089252 0.985507 -0.144256 0.383046 -0.099732 -0.918329 0.919407 0.137219 0.368594
-0.047987 -36.545145 -64.423734 -102.776698 -0.077013 0.860848 0.503001 0.632270 0.432250 -0.642957 0.770911 -0.268516 0.577577
-0.056748 -45.465658 -42.855777 888.449912 -0.145739 0.838574 0.524933 0.856150 0.372785 -0.357824 0.495749 -0.397272 0.772274
0.269004 -40.256224 2.307453 -204.954972 -0.104408 0.857246 0.504210 0.656890 0.440097 -0.612218 0.746723 -0.267290 0.609066
-0.385322 -44.881727 -168.847543 1097.180855 -0.164941 0.822525 0.544285 0.840055 0.406321 -0.359460 0.516820 -0.397940 0.757985
-0.779039 -57.191702 1.694931 -1396.465731 -0.086288 0.899983 0.427300 0.320962 0.431145 -0.843266 0.943153 -0.064384 0.326062
-38.471415 -663.302050 4474.851187 -39804.056408 -0.014652 0.928725 0.370479 0.383833 0.347356 -0.855579 0.923286 -0.129666 0.361565
-0.972377 -30.094755 -109.947977 315.345830 -0.116940 0.849562 0.514363 0.607594 0.470882 -0.639609 0.785592 -0.237728 0.571254
-14.730583 -31.885735 9.009367 -258.505972 0.381222 0.923539 0.041781 0.747785 -0.334617 0.573454 -0.543588 0.187370 0.818172
-13.272015 -32.326720 138.260390 50.479344 0.482230 0.874410 -0.053490 0.861111 -0.461898 0.212457 -0.161068 0.148514 0.975705
-15.072113 -28.668050 -262.656584 -204.836061 -0.631731 -0.758721 0.158930 0.690253 -0.457257 0.560773 -0.352798 0.463959 0.812573
-16.024716 -27.993907 208.794483 -138.476919 0.554009 0.822956 -0.125769 0.591121 -0.282480 0.755501 -0.586216 0.492899 0.642963
-15.973701 -31.007525 -49.679844 -493.475559 0.333240 0.942835 0.003539 0.477196 -0.171897 0.861821 -0.813164 0.285505 0.507200
-7.559807 -9.158923 46.851253 -220.738952 -0.962442 -0.028580 -0.269980 -0.034923 0.999215 0.018717 0.269233 0.027443 -0.962684
-4.305901 -7.363641 -176.562978 28.244176 -0.427992 0.883078 -0.192344 -0.864242 -0.462152 -0.198748 0.264402 -0.081169 -0.960991
-6.652140 -7.930921 57.174360 -185.258643 -0.984156 -0.088823 -0.153454 -0.081302 0.995191 -0.054627 0.157569 -0.041285 -0.986645
-6.535647 -11.506943 -81.534515 -221.798201 0.941004 0.310635 0.134227 -0.323449 0.942239 0.086980 0.099455 0.125264 -0.987126
-6.721712 -96.620671 -133.300880 -4011.820250 0.739827 -0.574473 -0.350196 0.316733 -0.161833 0.934607 0.593580 0.802366 -0.062226
-16.065289 -79.396271 -92.396335 -3529.228868 0.719621 -0.671324 -0.177394 0.476399 0.291479 0.829508 0.505163 0.681442 -0.529573
-4.988964 -55.956196 -109.149304 -2147.536484 0.643164 -0.622624 -0.445736 0.610578 0.065715 0.789225 0.462098 0.779757 -0.422426
-55.946858 -449.285418 -744.735910 17137.973254 -0.643926 0.616500 0.453086 -0.203171 0.433152 -0.878123 0.737619 0.657500 0.153663
1.246767 -4.223493 -55.140489 91.513366 0.171226 0.952330 -0.252485 -0.867327 0.024136 -0.497153 0.467360 -0.304112 -0.830115
0.112450 -5.185378 -81.442787 60.534127 0.096671 0.939196 -0.329493 -0.848898 -0.095032 -0.519944 0.519641 -0.329969 -0.788095
0.954749 -5.533432 -83.568261 67.417872 0.147711 0.946523 -0.286838 -0.823877 -0.042697 -0.565158 0.547182 -0.319799 -0.773512
1.268731 -5.633785 -48.384998 57.864745 0.171319 0.957152 -0.233474 -0.802821 -0.001737 -0.596218 0.571077 -0.289581 -0.768124
6.201442 -2.015250 -154.762790 3.951994 0.597531 0.006329 0.801821 0.329050 0.909957 -0.252396 -0.731220 0.414654 0.541645
7.037998 -2.258204 -10.503303 1.707851 0.677555 -0.056098 0.733330 0.353280 0.899349 -0.257612 -0.645068 0.433617 0.629177
6.782023 -2.311017 -15.459633 2.981672 0.678574 -0.099479 0.727764 0.361064 0.907996 -0.212544 -0.639664 0.406997 0.652061
-0.129409 -1.448093 -1.118336 -2.955984 -0.147163 -0.576525 0.803718 0.480256 0.668706 0.567614 -0.864695 0.469522 0.178471
-0.360502 -1.173424 -3.098242 6.233222 -0.178065 -0.615494 0.767763 0.460125 0.637599 0.617861 -0.869815 0.463286 0.169670
-0.281411 -1.890911 10.128351 38.769217 0.016302 -0.328590 0.944332 0.488987 0.826427 0.279123 -0.872139 0.457216 0.174149
0.558521 -1.101699 49.875394 -14.120570 0.349910 0.819105 -0.454565 0.355227 0.332983 0.873462 -0.866820 0.467107 0.174454
-0.344382 -2.162654 -7.926269 21.264719 -0.050326 -0.425474 0.903570 0.495641 0.774807 0.392447 -0.867068 0.467597 0.171890
-0.125869 -1.791091 -11.228323 -0.463185 -0.160811 -0.588651 0.792231 0.493727 0.647052 0.580997 -0.854619 0.484577 0.186580
0.563126 -1.298344 32.160632 -19.041903 0.289929 0.755240 -0.587839 0.422231 0.450274 0.786749 -0.858873 0.476305 0.188338
4.262584 -103.895130 -49.353808 -3969.092714 -0.073733 0.979368 -0.188154 -0.294323 0.158895 0.942405 -0.952858 -0.124864 -0.276534
3.479876 -38.946030 -42.275208 -1110.969277 -0.089531 0.954210 -0.285425 -0.426464 0.222248 0.876775 -0.900062 -0.200222 -0.387038
4.970535 -49.506864 169.801473 -1790.205839 0.033563 0.943575 -0.329454 -0.445639 0.309185 0.840125 -0.894583 -0.118620 -0.430871
3.859427 -116.894782 85.921505 -4494.150720 0.061260 0.981066 -0.183731 -0.263520 0.193443 0.945059 -0.962707 0.009478 -0.270381
9.532865 -117.207814 643.927407 -4319.731787 0.146063 0.935152 -0.322731 -0.452970 0.353243 0.818558 -0.879479 -0.026626 -0.475192
2.664884 -17.730832 10.540607 -319.709638 -0.040776 0.975538 -0.216014 -0.556720 0.157343 0.815663 -0.829699 -0.153519 -0.536686
2.682599 -16.186362 0.776841 339.287977 0.893014 0.132194 -0.430175 -0.315686 -0.497236 -0.808145 0.320730 -0.857486 0.402307
2.107104 -15.623361 -18.670246 -101.027797 0.831639 0.112006 -0.543904 -0.472865 -0.370710 -0.799358 0.291164 -0.921970 0.255333
2.162063 -13.550450 0.771037 139.300571 0.879395 0.105806 -0.464188 -0.391188 -0.395140 -0.831166 0.271361 -0.912507 0.306094
7.451235 -8.431814 257.846417 74.784088 0.124209 0.830027 -0.543717 0.176185 -0.557702 -0.811127 0.976489 -0.004955 0.215510
5.669887 -10.186490 241.091412 140.236111 0.076542 0.856735 -0.510045 0.256596 -0.511241 -0.820238 0.963483 0.068093 0.258967
4.214211 -9.254955 89.833515 36.950577 0.085926 0.802405 -0.590562 0.071441 -0.596191 -0.799658 0.993737 -0.026520 0.108553
6.970560 -8.355177 227.753604 -13.309725 0.149674 0.819698 -0.552894 0.068827 -0.566475 -0.821200 0.986337 -0.084859 0.141204
454.964559 -28.405061 -25566.004994 897.901293 0.722046 0.126800 0.680126 0.666151 -0.392841 -0.633971 -0.186794 -0.910823 0.368117
86.457289 -16.179395 -4436.230666 408.518632 -0.624792 -0.771279 -0.121505 0.642151 -0.419068 -0.641891 0.444158 -0.479073 0.757108
1655.802114 -36.764863 -233866.294394 1014.497793 0.723991 0.032528 0.689042 0.683595 -0.167605 -0.710356 -0.092381 -0.985317 0.143580
110.074489 -6.286005 6687.269264 101.391804 -0.351363 0.711612 -0.608401 0.701742 -0.229998 -0.674284 -0.619760 -0.663859 -0.418556
92.721226 -16.186481 6242.399024 -267.799691 -0.092679 0.811451 -0.577026 -0.678453 0.372700 0.633085 -0.728775 -0.450158 -0.515990
8.804280 -9.243991 -180.454786 -49.579193 -0.188115 0.960999 -0.202716 -0.031807 0.200332 0.979212 -0.981632 -0.190652 0.007119
6.732110 -9.279874 -97.617195 4.119725 -0.157487 0.970632 -0.181854 0.214217 0.213345 0.953202 -0.964007 -0.111161 0.241525
5.626325 -8.785942 -347.295997 -56.463193 -0.368379 0.908510 -0.197245 0.032379 0.224575 0.973919 -0.929112 -0.352385 0.112146
7.597119 -8.202250 -541.348459 -71.668498 -0.403747 0.876860 -0.260968 -0.160249 0.213059 0.963808 -0.900727 -0.430954 -0.054494
3.722352 -7.976837 -440.340908 -69.556802 -0.419266 0.858995 -0.293844 -0.133934 0.261601 0.955838 -0.897930 -0.440106 -0.005368
1.024895 -8.048977 -281.674090 -56.244862 -0.380923 0.866084 -0.323723 -0.074724 0.320137 0.944420 -0.921582 -0.383941 0.057231
1.352586 -8.694143 -240.741286 -31.652933 -0.373023 0.894844 -0.245169 0.118811 0.308135 0.943895 -0.920184 -0.322965 0.221258
-1.803259 -6.537891 -50.412260 16.308147 0.324844 0.926908 -0.187931 0.723802 -0.371549 -0.581431 0.608759 -0.052849 0.791593
-0.766164 -6.570363 -116.255645 18.639324 0.313941 0.942366 -0.115704 0.744402 -0.319951 -0.586086 0.589327 -0.097866 0.801945
-1.392847 -5.955818 -59.188975 29.534517 0.317674 0.932233 -0.173278 0.647519 -0.346782 -0.678573 0.692677 -0.103364 0.713802
-1.947396 -6.017290 17.419582 25.027945 0.318952 0.912764 -0.255209 0.627677 -0.405187 -0.664715 0.710135 -0.051824 0.702156
-2.209137 -6.472796 27.122672 11.637659 0.325071 0.907669 -0.265452 0.706947 -0.419678 -0.569295 0.628136 0.002599 0.778099
4.066391 -12.384116 -75.056721 -187.037419 0.365952 0.930626 -0.003804 0.119863 -0.043079 0.991855 -0.922882 0.363428 0.127312
5.715559 -13.235084 -100.026504 -177.438335 0.437394 0.898567 -0.035545 0.160997 -0.039358 0.986170 -0.884741 0.437068 0.161882
4.379347 -13.387580 -82.355664 -11.169277 0.373541 0.927557 0.010275 0.281328 -0.123836 0.951588 -0.883924 0.352567 0.307205
5.179516 -10.919328 -87.641351 -254.343308 0.435215 0.898776 -0.052819 0.027245 0.045493 0.998593 -0.899914 0.436042 0.004688
2.907681 -12.919863 -65.693159 -45.608575 0.316282 0.948228 0.028783 0.247709 -0.111836 0.962358 -0.915754 0.297247 0.270257
3.682830 -10.258522 -59.736863 -221.369086 0.365393 0.930786 -0.011202 -0.020236 0.019974 0.999596 -0.930634 0.365018 -0.026134
2.704470 -11.728985 -58.652658 -181.711938 0.311076 0.950205 0.018491 0.079774 -0.045494 0.995774 -0.947031 0.308286 0.089953
-0.050154 -20.400094 -5.227072 -398.055623 0.806018 0.574214 0.143571 -0.483468 0.778643 -0.399967 -0.341457 0.252969 0.905215
-0.036986 -19.790600 -3.089083 -274.992615 0.806039 0.575548 0.138008 -0.473947 0.767326 -0.431955 -0.354508 0.282764 0.891273
0.012686 -20.833049 1.607561 -227.653108 0.808666 0.572119 0.136894 -0.393417 0.698975 -0.597207 -0.437359 0.429085 0.790318
-0.083677 -20.800528 -5.901657 -401.690985 0.801799 0.576400 0.157736 -0.414285 0.726367 -0.548415 -0.430681 0.374371 0.821195
0.104159 -21.635319 3.760956 -216.143340 0.807405 0.575487 0.130046 0.275821 -0.563023 0.779056 -0.521556 0.593143 0.613319
-0.022192 -21.610657 3.526251 -13.068325 0.805333 0.575364 0.142808 0.300330 -0.603670 0.738502 -0.511116 0.551850 0.658955
-1.957122 -4.270218 10.805380 51.152225 0.201852 0.979211 0.020038 -0.383609 0.097868 -0.918295 0.901166 -0.177673 -0.395389
-1.747003 -4.763735 6.850659 42.691205 0.201391 0.979133 0.027223 -0.293639 0.086864 -0.951961 0.934461 -0.183722 -0.305005
-1.654046 -4.002530 -3.982363 54.318002 0.219160 0.974625 -0.045558 -0.366668 0.039001 -0.929534 0.904170 -0.220421 -0.365911
-3.167396 -13.487168 -9.226365 -94.002479 0.022714 0.742435 -0.669533 0.771140 -0.439228 -0.460893 0.636261 0.505834 0.582498
-2.026458 -13.300551 -41.358431 -73.165227 0.062661 0.781720 -0.620474 0.729928 -0.459883 -0.505681 0.680646 0.421215 0.599416
-2.744499 -13.831228 -1.429493 -78.287937 0.036182 0.735312 -0.676762 0.626835 -0.544121 -0.557683 0.778312 0.404040 0.480607
-3.596847 -14.526190 -43.230058 -58.000269 0.046908 0.704354 -0.708298 0.566105 -0.602958 -0.562109 0.822997 0.374604 0.427022
-4.009758 -13.052245 -66.355758 -76.870586 0.053337 0.728555 -0.682907 0.796251 -0.443730 -0.411202 0.602610 0.521834 0.603780
-5.751287 -25.294582 131.654627 327.285972 0.474023 -0.587397 -0.655947 0.817235 0.016193 0.576077 -0.327764 -0.809137 0.487718
-8.210599 -29.315817 232.489566 373.859340 0.471270 -0.637439 -0.609571 0.765100 -0.048368 0.642092 -0.438778 -0.768981 0.464910
-5.414117 -32.392054 155.271787 650.029207 0.480077 -0.591799 -0.647533 0.669379 -0.229955 0.706436 -0.566972 -0.772589 0.285742
-10.652268 -24.625065 299.711932 -36.521578 0.506269 -0.631097 -0.587714 0.835946 0.191711 0.514238 -0.211863 -0.751640 0.624621
-3.067930 -28.996305 68.441967 505.760989 0.480389 -0.550717 -0.682596 0.753626 -0.138916 0.642456 -0.448635 -0.823051 0.348301
-3.384347 -22.474604 57.358194 59.508542 0.494396 -0.561081 -0.663897 0.841218 0.116487 0.527999 -0.218915 -0.819523 0.529582
1.305924 -7.369344 -76.180631 -15.754577 -0.224366 -0.940415 0.255497 0.974409 -0.212810 0.072388 -0.013702 0.265200 0.964096
0.866744 -6.897513 -99.921743 -21.565117 -0.267750 -0.930428 0.250227 0.952561 -0.216626 0.213778 -0.144699 0.295596 0.944291
-0.439499 -7.098707 -123.449204 -26.438141 -0.215154 -0.938355 0.270553 0.976467 -0.202491 0.074226 -0.014866 0.280156 0.959839
0.734569 -7.675940 -88.418978 -20.728349 -0.189000 -0.944107 0.270078 0.974711 -0.213762 -0.065143 0.119235 0.250936 0.960632
-0.783200 -7.447474 -115.156192 -24.595067 -0.163112 -0.948967 0.269920 0.979596 -0.188332 -0.070158 0.117412 0.252969 0.960323
-1.684293 -6.859354 -88.628893 -32.383186 -0.189264 -0.950437 0.246676 0.981587 -0.176533 0.072953 -0.025791 0.255941 0.966348
-4.652691 -950.561639 3165.213027 114479.904342 -0.465597 0.334319 0.819421 0.189571 0.942087 -0.276651 -0.864455 0.026531 -0.502010
0.756475 -84.554673 -58.893863 -222.583591 -0.448845 0.431597 0.782472 0.669638 0.742257 -0.025294 -0.591712 0.512620 -0.622172
6.018072 -127.230693 0.962674 -4081.678544 -0.424785 0.395522 0.814322 0.603578 0.794148 -0.070871 -0.674722 0.461402 -0.576071
9.864902 -125.083695 -144.940156 -5366.886503 -0.396838 0.439268 0.805955 0.371489 0.879788 -0.296594 -0.839354 0.181704 -0.512317
-0.877648 -4.244562 -10.863091 33.918018 0.218493 0.972072 -0.085650 0.730476 -0.104727 0.674860 -0.647043 0.210017 0.732958
-0.686242 -4.071882 18.460110 10.371897 0.262236 0.960651 -0.091553 0.732142 -0.136254 0.667385 -0.628650 0.242042 0.739064
-0.820829 -4.879844 -3.478457 59.822251 0.187038 0.973113 -0.134416 0.702473 -0.036843 0.710757 -0.686694 0.227362 0.690476
-3.076051 -5.380618 -2.978333 26.959631 0.225967 0.949345 -0.218365 0.830487 -0.070581 0.552548 -0.509147 0.306207 0.804367
-2.974713 -4.880657 9.076147 48.957812 0.305472 0.927802 -0.214175 0.850794 -0.164941 0.498943 -0.427594 0.334632 0.839753
-3.172034 -5.451004 2.257088 23.678039 0.289386 0.926423 -0.240823 0.802193 -0.097455 0.589058 -0.522247 0.363652 0.771372
-3.171128 -5.429139 -0.961307 -6.836109 0.287941 0.932028 -0.220031 0.742768 -0.072330 0.665631 -0.604472 0.355094 0.713107
-2.760256 -5.289567 -20.860699 2.295953 0.281821 0.949124 -0.140500 0.750869 -0.127012 0.648123 -0.597304 0.288152 0.748463
-0.198432 -17.993326 -4.624476 -96.809676 0.802811 0.582115 0.128981 -0.468022 0.749279 -0.468547 -0.369391 0.315789 0.873972
-0.360496 -16.746129 -5.546424 -43.437459 0.802991 0.584261 0.117661 -0.469982 0.742156 -0.477830 -0.366501 0.328395 0.870537
-0.138852 -18.194954 -4.849815 16.337432 0.792031 0.600202 0.111553 0.399594 -0.647846 0.648552 -0.461532 0.469098 0.752952
-0.059539 -17.547760 -4.291191 -90.498321 0.783398 0.614914 0.090383 0.314772 -0.517930 0.795403 -0.535916 0.594667 0.599303
0.071876 -18.993027 -4.460407 -100.458170 0.787730 0.606724 0.106616 0.303954 -0.533350 0.789398 -0.535811 0.589426 0.604552
2.243669 -50.483989 -68.628376 1675.179279 0.798812 0.588620 0.124204 0.144439 -0.388085 0.910235 -0.583984 0.709166 0.395027
54.457333 -647.298709 -803.274918 32118.458058 0.845237 0.475376 0.244117 -0.009405 -0.443508 0.896221 -0.534309 0.759815 0.370398
4.212130 -66.504577 -108.561470 3512.897557 0.773860 0.624861 0.103392 0.328312 -0.535363 0.778202 -0.541620 0.568274 0.619445
-29.347984 -71.646311 -561.381840 2816.543311 0.244975 0.933068 -0.263384 0.840462 -0.068947 0.537466 -0.483333 0.353030 0.801099
-26.021080 -54.346365 1010.319152 1923.813631 0.958066 0.133620 0.253484 -0.006871 -0.873653 0.486501 -0.286464 0.467842 0.836100
-39.189988 -53.243226 -55.863051 1626.145051 0.683999 0.704579 -0.188979 0.569880 -0.354384 0.741383 -0.455392 0.614801 0.643924
-13.483401 -189.364220 789.998693 7600.261071 0.946470 0.039308 0.320391 -0.206879 -0.688042 0.695557 -0.247783 0.724606 0.643079
-31.692125 -42.043995 49.472121 709.696834 0.625779 0.778308 0.051363 0.198831 -0.222847 0.954361 -0.754233 0.587006 0.294205
-28.695544 -44.006845 -327.197011 969.142132 0.433364 0.897803 -0.078390 0.402261 -0.114863 0.908291 -0.806462 0.425154 0.410928
-31.113265 -53.366691 1080.163644 1478.844298 0.882616 0.298132 0.363465 -0.211770 -0.438119 0.873616 -0.419693 0.848039 0.323555
-2.487367 -8.369641 -33.841699 68.253576 0.421249 0.899002 -0.119766 0.211273 -0.225692 -0.951014 0.881994 -0.375310 0.285007
-2.186012 -7.058123 -11.276886 66.101877 0.387630 0.893646 -0.226142 0.040546 -0.261614 -0.964321 0.920923 -0.364630 0.137643
-2.682247 -8.072480 3.102582 118.871341 0.346533 0.922138 -0.171975 0.177881 -0.244608 -0.953166 0.921017 -0.299713 0.248795
-2.832548 -8.737852 -12.665451 21.663590 0.366371 0.924344 -0.106583 0.409586 -0.263065 -0.873520 0.835471 -0.276377 0.474978
-2.131182 -8.069335 35.766849 30.982495 0.263319 0.960284 -0.092292 0.428865 -0.202217 -0.880445 0.864140 -0.192257 0.465079
-2.033121 -7.463206 33.414809 145.711069 0.270583 0.947291 -0.171537 0.173242 -0.223189 -0.959257 0.946980 -0.229842 0.224502
-8.467261 -11.785941 29.052752 109.135420 0.066319 0.913857 0.400583 -0.874208 0.246748 -0.418181 0.481001 0.322460 -0.815265
-4.562288 -11.071767 -212.328778 96.641499 -0.014829 0.989891 0.141056 -0.903447 0.047183 -0.426095 0.428443 0.133755 -0.893614
-4.222470 -7.941704 -79.757157 -73.755232 -0.378593 0.782816 -0.493829 -0.745612 -0.574069 -0.338390 0.548389 -0.240093 -0.801015
-4.101631 -7.457808 -32.194318 -135.536387 -0.395074 0.785262 -0.476739 -0.660410 -0.603514 -0.446798 0.638572 -0.138325 -0.757028
0.056375 -3.241595 99.979566 11.007408 0.558398 -0.587784 0.585407 0.556458 0.788759 0.261176 -0.615261 0.179914 0.767519
2.232485 -4.895413 -90.731264 14.796800 0.079234 0.991668 -0.101572 0.038046 0.098810 0.994379 -0.996130 0.082653 0.029900
1.447245 -4.832642 -46.356417 16.401474 0.062504 0.992079 -0.108959 0.113229 0.101419 0.988379 -0.991601 0.074115 0.105993
0.767070 -11.674133 20.469337 40.873533 0.845595 -0.513221 -0.146881 -0.210995 -0.068578 -0.975078 -0.490358 -0.855512 0.166276
0.974245 -11.582039 19.355450 41.894228 0.845008 -0.515314 -0.142871 -0.288847 -0.214996 -0.932922 -0.450032 -0.829595 0.330520
0.570920 -11.768602 20.043487 1.903144 0.845022 -0.507221 -0.169305 -0.329762 -0.245062 -0.911702 -0.420945 -0.826239 0.374346
-2.185505 -13.212695 8.021310 -26.054832 -0.005442 0.978626 -0.205576 -0.864026 0.098892 0.493638 -0.503417 -0.180309 -0.845021
-1.859772 -13.230803 15.944136 -29.032005 0.050030 0.983155 -0.175792 -0.878920 0.126934 0.459769 -0.474339 -0.131504 -0.870465
-2.002878 -12.902081 4.288031 -21.938954 -0.016532 0.979359 -0.201453 -0.954525 0.044524 0.294787 -0.297671 -0.197165 -0.934087
-1.974854 -13.589869 21.935258 -21.331251 0.059520 0.982605 -0.175910 -0.756444 0.159383 0.634342 -0.651345 -0.095310 -0.752772
-2.123122 -12.983998 -7.883364 -29.318686 -0.076614 0.965979 -0.247011 -0.889201 0.045877 0.455211 -0.451057 -0.254518 -0.855434
-2.329265 -13.304066 -8.104920 -30.250710 -0.075851 0.965042 -0.250879 -0.772659 0.102152 0.626549 -0.630274 -0.241368 -0.737900
-2.342857 -13.439676 10.744328 -45.508110 0.001306 0.977316 -0.211782 -0.744253 0.142399 0.652541 -0.667897 -0.156767 -0.727556
2.524643 -13.764272 4.754409 135.628798 -0.128687 0.984713 -0.117384 -0.744509 -0.017740 0.667377 -0.655092 -0.173277 -0.735411
3.045866 -13.404694 41.569455 138.633275 -0.028802 0.994356 -0.102109 -0.628637 0.061403 0.775271 -0.777165 -0.086519 -0.623321
3.854491 -12.725956 16.043577 77.663866 -0.156127 0.983584 -0.090479 -0.615441 -0.025224 0.787779 -0.772565 -0.178678 -0.609277
-0.344113 -11.595006 -2.354906 -313.252887 -0.042991 0.966858 -0.251668 0.309436 -0.226628 -0.923520 0.949948 0.117578 0.289438
0.652290 -18.991320 -17.781921 -493.468887 -0.030037 0.958720 -0.282760 0.097463 -0.278731 -0.955411 0.994786 0.056257 0.085068
-0.687697 -39.843556 -33.713837 353.045619 -0.181237 0.801141 0.570374 0.870963 0.400094 -0.285218 0.456703 -0.445082 0.770276
-0.584933 -37.020524 12.480213 567.473811 0.175150 -0.826933 -0.534327 0.965674 0.250032 -0.070409 0.191823 -0.503653 0.842341
-0.849982 -39.426360 -9.876592 433.550844 0.144929 -0.843535 -0.517151 0.984063 0.177312 -0.013439 0.103033 -0.506961 0.855789
-10.036952 -26.384027 349.339489 -185.851678 0.792410 0.592406 -0.145402 0.593238 -0.692958 0.409730 -0.141969 0.410932 0.900544
-8.599821 -31.820452 392.786779 -485.256507 0.789237 0.595630 -0.149433 0.612058 -0.782754 0.112611 0.049895 0.180339 0.982338
-0.812672 -7.228317 -175.623499 0.149296 -0.413394 0.872767 -0.259584 -0.819934 -0.480787 -0.310727 0.395997 -0.084389 -0.914366
-1.165794 -7.464567 -127.301416 2.650376 -0.416095 0.885471 -0.206897 -0.880599 -0.449117 -0.151124 0.226737 -0.119312 -0.966620
-3.856248 -7.173287 -145.230989 20.672874 -0.559614 0.809472 -0.177730 0.820793 0.570996 0.016191 0.114589 -0.136818 -0.983946
5.351366 -61.237528 34.043817 1158.112945 -0.551369 0.758153 0.348133 -0.503773 0.030050 -0.863313 0.664985 0.651384 -0.365369
7.077240 -74.455944 111.097258 1590.205963 -0.565851 0.760445 0.318647 -0.186370 0.258501 -0.947863 0.803168 0.595735 0.004549
3.993725 -89.002292 -366.102273 -3125.526597 0.752186 -0.605926 -0.258980 0.207152 -0.155658 0.965846 0.625544 0.780144 -0.008435
0.594711 -54.552131 -294.165684 -1831.912132 0.836595 -0.502346 -0.218535 0.340960 0.165233 0.925443 0.428783 0.848732 -0.309513
6.549461 -105.670402 -292.593389 -4452.062858 0.790377 -0.586596 -0.176661 0.406670 0.286710 0.867420 0.458175 0.757431 -0.465160
-0.082847 -4.194764 -73.638110 89.532687 0.094888 0.939545 -0.329016 -0.897914 -0.061925 -0.435793 0.429822 -0.336779 -0.837755
6.711499 -1.980822 -147.537324 -0.441340 0.609669 0.040203 0.791636 0.333474 0.893021 -0.302172 -0.719096 0.448215 0.531041
7.430647 -2.244927 21.582318 0.064623 0.703078 -0.066724 0.707975 0.361774 0.890682 -0.275328 -0.612210 0.449704 0.650358
-0.583231 -1.795276 19.305776 50.149039 0.046641 -0.263053 0.963653 0.479162 0.852362 0.209482 -0.876486 0.451976 0.165800
1.916927 -35.845115 49.994811 -809.874428 0.801851 0.126863 -0.583901 -0.560580 -0.178557 -0.808621 0.206844 -0.975717 0.072059
1.167771 -76.009688 86.609387 -2502.543274 0.825512 0.049898 -0.562174 -0.554531 0.257032 -0.791473 -0.105004 -0.965114 -0.239854
49.220173 -916.637102 408.294325 -39584.481989 0.903510 0.015187 -0.428297 -0.428227 0.071773 -0.900817 -0.017060 -0.997305 -0.071351
2.204559 -38.221584 -20.071699 -1575.988895 0.775292 0.078225 -0.626740 -0.593441 -0.249476 -0.765238 0.216218 -0.965216 0.146994
6.132413 -11.102115 134.252484 100.993900 0.095479 0.848025 -0.521285 0.436490 -0.506314 -0.743722 0.894629 0.156526 0.418496
8.860225 -10.098964 285.764147 107.034541 0.137043 0.879734 -0.455289 0.427571 -0.467137 -0.773929 0.893533 0.088607 0.440167
7.444786 -11.298823 185.646051 101.855411 0.104937 0.883931 -0.455692 0.563614 -0.430388 -0.705057 0.819346 0.182847 0.543359
7.153338 -8.322191 -9.068271 72.975870 0.338149 0.891603 -0.301164 0.510017 -0.442566 -0.737576 0.790909 -0.095812 0.604386
8.813648 -10.402539 193.327853 129.032295 0.155677 0.913577 -0.375688 0.594970 -0.390318 -0.702611 0.788527 0.114143 0.604315
8.937552 -7.655132 65.188451 23.754013 0.368899 0.841320 -0.395087 0.364630 -0.521987 -0.771087 0.854961 -0.140393 0.499331
-5.809579 -9.316444 -48.350832 -24.050515 -0.254495 0.943806 0.210859 0.657679 0.009057 0.753244 -0.709006 -0.330375 0.623027
-5.543287 -9.589343 -76.515439 -1.474403 -0.276504 0.938308 0.207665 0.776455 0.090795 0.623597 -0.566271 -0.333669 0.753659
-5.904632 -9.524072 -23.450116 -16.719942 -0.142995 0.975805 0.165399 0.752698 -0.001292 0.658365 -0.642650 -0.218639 0.734301
0.907836 -6.115892 -169.804119 20.842606 0.452731 0.888094 0.079521 -0.363563 0.265296 -0.892995 0.814160 -0.375376 -0.442985
-1.518200 -5.991515 -179.690552 15.872332 0.476582 0.869592 0.129151 -0.393834 0.342525 -0.852978 0.785980 -0.355650 -0.505716
-1.752872 -6.553668 -160.037497 14.190084 0.461141 0.877947 0.128676 -0.285993 0.284335 -0.915075 0.839974 -0.385179 -0.382205
0.944426 -5.389064 -164.155605 27.630829 0.467468 0.878491 0.098629 -0.440783 0.328344 -0.835405 0.766279 -0.347051 -0.540714
1.074995 -6.307007 -135.855256 19.078210 0.427170 0.902546 0.054185 -0.277497 0.187902 -0.942172 0.860535 -0.387432 -0.330720
2.792484 -5.780442 -100.368589 19.532320 0.400099 0.913672 0.071580 -0.400311 0.244487 -0.883163 0.824422 -0.324699 -0.463572
3.056952 -5.907139 -125.275142 41.730499 0.403147 0.913945 0.046659 -0.337781 0.195996 -0.920592 0.850515 -0.355374 -0.387728
7.405826 -9.173281 117.439321 48.723042 0.066682 0.980575 -0.184460 0.359354 0.148863 0.921252 -0.930816 0.127718 0.342448
6.594583 -9.063051 36.690910 62.217771 -0.077954 0.976931 -0.198817 0.443944 0.212576 0.870474 -0.892657 0.020407 0.450274
9.665258 -9.583672 113.825675 -7.718928 0.040291 0.983374 -0.177063 0.117612 0.171308 0.978172 -0.992242 0.060236 0.108754
-0.283403 -5.920061 -108.855622 29.722446 0.318918 0.940313 -0.118751 0.664592 -0.311194 -0.679320 0.675728 -0.137727 0.724170
0.787472 -6.612046 -116.443453 18.527411 0.297083 0.948829 -0.107073 0.753908 -0.301899 -0.583506 0.585973 -0.092627 0.805019
6.022269 -13.908712 -100.227546 25.143146 0.450012 0.892898 -0.014897 0.310954 -0.141037 0.939902 -0.837136 0.427600 0.341119
-0.052603 -17.859266 -5.817438 -139.614194 0.812195 0.563172 0.152241 -0.514967 0.814723 -0.266523 -0.274132 0.138069 0.951729
5.181041 -2.210307 -201.590095 -184.538096 -0.091892 -0.465200 0.880423 0.859533 0.409347 0.306003 -0.502751 0.784872 0.362239
2.371401 -1.564282 -96.613081 -46.065436 0.143538 -0.262175 0.954285 0.839180 0.543365 0.023056 -0.524570 0.797508 0.298006
3.017311 -3.471849 -197.315605 -136.262873 -0.016262 -0.350206 0.936532 0.875237 0.447872 0.182674 -0.483420 0.822658 0.299230
2.319567 0.132858 60.876406 50.571500 0.372011 -0.173273 0.911912 0.767097 0.610560 -0.196922 -0.522656 0.772782 0.360052
-1.762010 -4.649639 8.883248 56.684081 0.195057 0.976861 0.087718 -0.325739 0.148882 -0.933664 0.925120 -0.153545 -0.347242
-1.627651 -5.226049 -1.149369 24.637809 0.191486 0.978206 0.080287 -0.221972 0.122842 -0.967284 0.956066 -0.167400 -0.240657
-1.794843 -14.491474 -49.490289 -26.048525 0.090728 0.778187 -0.621445 0.589158 -0.545046 -0.596505 0.802908 0.312009 0.507926
-1.209835 -14.262523 -85.487079 -53.111432 0.081111 0.811869 -0.578178 0.773625 -0.417033 -0.477062 0.628431 0.408599 0.661908
0.426520 -7.852947 -90.997958 -212.596808 -0.573062 -0.815633 0.079647 0.791311 -0.525445 0.312625 -0.213137 0.242179 0.946532
3.479605 -8.684827 -315.603800 -132.292649 -0.656771 -0.749860 0.079764 0.753204 -0.647193 0.117581 -0.036547 0.137302 0.989855
6.855424 -8.146403 442.823604 -158.279614 0.778494 0.627466 -0.015315 0.617610 -0.761462 0.196810 -0.111830 0.162674 0.980322
2.379499 -7.596258 83.469396 -201.287083 0.708609 0.705566 0.007030 0.659109 -0.665443 0.350371 -0.251888 0.243642 0.936585
-14.283864 -30.751293 415.501991 424.337658 0.514831 -0.692749 -0.505022 0.752132 0.082296 0.653854 -0.411396 -0.716467 0.563407
-10.178486 -29.545464 -255.974849 257.544877 -0.498661 0.723946 0.476697 0.531269 -0.179281 0.828016 -0.684902 -0.666154 0.295210
2.230019 -7.313663 -29.073278 -9.927999 -0.257884 -0.945792 0.197417 0.954142 -0.217150 0.206056 -0.152017 0.241502 0.958419
2.002421 -6.876810 -30.441130 -14.850175 -0.304061 -0.933742 0.188874 0.912913 -0.228928 0.337908 -0.272280 0.275171 0.922033
97.107259 -1855.734680 4345.067714 -106103.313796 -0.511345 0.387207 0.767201 0.295983 0.917474 -0.265775 -0.806797 0.091175 -0.583752
1.682359 -62.645754 26.486441 -1495.003798 -0.505129 0.416111 0.756106 0.488773 0.859981 -0.146744 -0.711299 0.295439 -0.637785
-0.565671 -93.957021 -162.512175 -1538.822267 -0.398018 0.531493 0.747728 0.875644 0.463150 0.136896 -0.273551 0.709230 -0.649740
-0.768225 -4.459756 -3.555363 -70.506889 0.079320 0.954595 -0.287153 0.537154 0.201732 0.819005 -0.839746 0.219209 0.496763
-0.858264 -5.480483 -9.845707 53.127078 0.128167 0.972617 -0.193879 0.640887 0.067965 0.764621 -0.756860 0.222254 0.614627
-0.741907 -4.148580 9.341332 -27.507414 0.081175 0.940907 -0.328792 0.579560 0.223819 0.783591 -0.810876 0.254163 0.527144
-0.417133 -3.210431 41.731481 -131.690618 -0.029465 0.843011 -0.537088 0.463508 0.487583 0.739880 -0.885603 0.227144 0.405109
-0.735007 -3.515640 22.533662 -11.663719 0.113652 0.936402 -0.332015 0.620083 0.194247 0.760109 -0.776260 0.292265 0.558570
-0.388688 -2.508961 48.600840 -59.602322 -0.065202 0.798972 -0.597823 0.520212 0.538463 0.662901 -0.851545 0.267772 0.450744
-2.921899 -4.983243 27.756618 56.990677 0.440287 0.871046 -0.217777 0.789619 -0.260194 0.555698 -0.427374 0.416628 0.802354
-2.376920 -4.292724 -53.509360 40.449265 -0.592082 -0.798973 0.105267 0.723864 -0.469856 0.505230 -0.354204 0.375336 0.856541
-1.442946 -5.176165 -53.787387 33.031929 0.565913 0.817068 0.110188 0.690609 -0.542782 0.477961 -0.450335 0.194388 0.871442
-1.194214 -4.423444 -43.184641 22.754885 0.498337 0.863727 0.075073 0.782860 -0.485502 0.389124 -0.372545 0.135143 0.918121
-1.963729 -4.885001 -61.532095 21.017030 0.508310 0.859135 0.059230 0.773054 -0.485524 0.408234 -0.379485 0.161721 0.910954
4.025763 -56.684629 -114.457737 1349.843682 0.830078 0.553396 0.068727 -0.085251 0.004136 0.996351 -0.551092 0.832908 -0.050611
11.035098 -110.277140 -129.629793 4763.481353 0.893839 0.391542 0.218510 -0.148651 -0.201005 0.968246 -0.423031 0.897938 0.121463
12.301878 -136.249850 -135.492408 6435.027339 0.894224 0.380946 0.235038 0.068541 -0.635426 0.769114 -0.442340 0.671651 0.594324
-11.462040 -55.677758 620.012198 1925.191093 0.970623 0.139884 0.195762 0.033887 -0.884995 0.464365 -0.238205 0.444090 0.863737
-9.407325 -11.269855 225.914165 43.004440 -0.237173 0.885968 0.398509 -0.800491 0.054191 -0.596890 0.550421 0.460569 -0.696357
-6.602063 -10.802681 8.604907 -55.706898 -0.558382 0.794593 0.238394 0.715641 0.316022 0.622887 0.419604 0.518413 -0.745104
-7.279787 -11.181097 102.843237 22.583297 -0.466952 0.841375 0.272112 -0.719881 -0.182986 -0.669543 0.513544 0.508532 -0.691135
-2.298726 -5.634359 78.620166 40.854243 -0.681562 0.731530 0.018343 -0.695634 -0.655489 0.293987 -0.227084 -0.187611 -0.955633
-0.675538 -6.783526 95.950234 77.346334 -0.745011 0.661525 0.085691 0.615298 0.731127 -0.294723 -0.257617 -0.166847 -0.951733
-2.678482 -7.936371 -110.376265 -87.566425 -0.188570 0.860230 -0.473756 0.939111 0.299057 0.169221 0.287249 -0.412999 -0.864245
1.086307 -6.796243 -82.630069 -59.170497 -0.012326 0.908389 -0.417944 0.939305 0.153839 0.306661 0.342863 -0.388797 -0.855150
-0.037014 -6.593352 -102.935756 -52.293946 0.003014 0.902738 -0.430180 0.968150 0.105063 0.227259 0.250352 -0.417164 -0.873669
3.277346 -1.788368 -57.616627 -38.353141 0.481723 -0.295748 0.824910 0.314920 0.936870 0.151985 -0.817783 0.186566 0.544449
1.834484 -5.706975 -102.701222 34.776907 0.074983 0.993295 -0.087995 -0.071181 0.093350 0.993086 -0.994641 0.068201 -0.077703
0.089754 -11.217917 9.918424 -20.002144 0.840319 -0.520104 -0.152826 -0.054026 0.200164 -0.978272 -0.539394 -0.830317 -0.140103
-0.266055 -10.704805 8.415664 38.088530 0.837666 -0.525141 -0.150146 0.053973 0.353142 -0.934012 -0.543510 -0.774286 -0.324158
-0.477793 -10.392790 10.861495 49.316086 0.835007 -0.528230 -0.154066 0.052218 0.354808 -0.933480 -0.547756 -0.771417 -0.323850
-1.673330 -12.662635 13.231402 -23.855739 0.035447 0.985304 -0.167091 -0.964714 0.077385 0.251670 -0.260902 -0.152275 -0.953280
-1.245451 -13.465672 24.355431 -55.076625 0.086585 0.985942 -0.142900 -0.892973 0.140404 0.427652 -0.441704 -0.090577 -0.892577
-1.321806 -13.788962 24.796287 3.599843 0.093853 0.982694 -0.159699 -0.761346 0.174202 0.624505 -0.641517 -0.062975 -0.764519
0.245712 -36.367137 -61.104374 465.924106 -0.149441 0.824296 0.546080 0.685200 0.484504 -0.543836 0.712860 -0.292903 0.637212
0.836258 -42.570451 -108.581128 -630.071808 -0.087263 0.894127 0.439230 0.434210 0.430963 -0.791032 0.896575 -0.121690 0.425846
-1.877688 -22.352778 -35.502616 57.589239 0.957633 0.046607 -0.284196 -0.199412 -0.604675 -0.771105 0.207785 -0.795108 0.569762
5.284079 -24.220811 -325.568673 141.750751 0.983077 0.103577 -0.151099 -0.087943 -0.456723 -0.885251 0.160703 -0.883558 0.439885
-3.363775 -19.676747 -7.369642 -233.173815 0.892957 -0.031697 -0.449024 -0.408496 -0.476103 -0.778753 0.189098 -0.878818 0.438087
-3.382293 -15.435934 37.598507 -229.433630 0.907891 -0.005105 -0.419175 -0.369794 -0.480727 -0.795081 0.197450 -0.876855 0.438335
-1.521468 -15.389724 11.106280 74.169113 0.964085 0.097562 -0.247027 -0.149204 -0.570510 -0.807624 0.219725 -0.815476 0.535463
12.358451 -340.098563 -1113.405711 22048.692774 -0.506829 0.827075 0.243048 -0.292167 0.100449 -0.951078 0.811026 0.553044 -0.190733
6.722292 -96.113976 17.184794 326.160449 -0.488578 0.781775 0.387453 0.050194 0.468510 -0.882031 0.871075 0.411494 0.268144
1.781138 -5.844435 -34.843704 32.589823 -0.121370 0.952778 -0.278358 -0.116653 0.264796 0.957223 -0.985729 -0.148650 -0.079006
2.021427 -6.261408 -56.276060 43.764049 -0.120738 0.958299 -0.259007 -0.201607 0.231806 0.951641 -0.971996 -0.167117 -0.165212
2.449946 -5.756160 -46.946505 34.255304 -0.097209 0.954241 -0.282798 -0.151729 0.266614 0.951785 -0.983630 -0.135431 -0.118869
1.270232 -6.523839 -41.511325 34.266799 -0.143063 0.958202 -0.247754 -0.185260 0.219977 0.957752 -0.972220 -0.182918 -0.146046
1.918849 -5.351779 -1.408896 30.071722 -0.063867 0.963263 -0.260856 -0.062956 0.256980 0.964364 -0.995971 -0.078014 -0.044231
1.665132 -5.304566 -30.610762 42.754766 -0.119809 0.941881 -0.313856 -0.012665 0.314657 0.949121 -0.992716 -0.117688 0.025770
1.100404 -6.015516 -35.576781 49.669639 -0.146347 0.947543 -0.284157 -0.058269 0.278494 0.958669 -0.987516 -0.156856 -0.014455
