10595
21154
-6.374839 -8.811095 -20.281948 -87.378901 0.348862 0.767230 -0.538195 0.099369 0.540755 0.835291 -0.931891 0.344881 -0.112410
-5.442982 -8.747214 -18.165808 -166.315256 -0.449450 -0.652859 0.609729 0.019631 0.675171 0.737400 -0.893090 0.343394 -0.290639
-5.409623 -7.050411 -20.738405 -77.657401 0.342971 0.922310 -0.178086 -0.208725 0.259672 0.942870 -0.915863 0.286206 -0.281569
-4.532241 -6.484262 32.895386 -101.612005 0.483053 0.772400 -0.412380 -0.190040 0.552234 0.811740 -0.854719 0.313745 -0.413545
-5.579232 -7.947633 -16.462349 -63.947789 0.275361 0.957343 -0.087587 -0.107898 0.121311 0.986733 -0.955267 0.262257 -0.136699
-4.137027 -5.736051 -3.112499 -44.903726 0.166112 0.952734 0.254373 -0.444441 -0.157938 0.881776 -0.880272 0.259527 -0.397198
-4.507145 -6.712449 7.285895 -47.521601 0.150598 0.969170 0.195013 -0.323291 -0.138135 0.936163 -0.934239 0.204030 -0.292521
0.847188 -3.673128 -23.496265 -3.436234 0.771633 0.427216 -0.471242 0.177690 0.566590 0.804613 -0.610745 0.704601 -0.361287
0.404267 -3.710433 -26.381536 -10.395121 0.775652 0.483090 -0.406187 0.164753 0.466274 0.869163 -0.609279 0.741089 -0.282076
0.263527 -3.626205 -15.456009 0.968257 0.770505 0.452612 -0.448847 0.134817 0.572507 0.808740 -0.623014 0.683650 -0.380100
-0.047747 -3.376314 -6.542437 8.751726 0.766942 0.431186 -0.475268 0.156503 0.592576 0.790164 -0.622340 0.680391 -0.386989
0.115415 -3.738649 6.037193 11.881118 -0.764195 -0.433456 0.477621 0.099135 0.652779 0.751034 -0.637321 0.621285 -0.455880
0.582597 -3.644824 -16.252870 2.646004 0.765060 0.422950 -0.485589 0.125130 0.642054 0.756379 -0.631685 0.639437 -0.438286
0.340269 -3.615576 13.766708 5.712561 -0.763445 -0.435783 0.476702 0.105968 0.643558 0.758026 -0.637120 0.629227 -0.445142
-2.026680 -7.080583 -13.525977 -53.495851 0.722933 0.002650 -0.690913 -0.035056 0.998845 -0.032850 0.690028 0.047969 0.722192
-1.201338 -9.406872 -25.682747 -217.457710 0.724975 0.067033 -0.685505 -0.108876 0.993893 -0.017955 0.680115 0.087652 0.727846
-2.653794 -13.699231 -51.006267 264.123194 0.645220 -0.517860 -0.561704 0.402641 0.855319 -0.326050 0.649285 -0.015791 0.760381
-6.161376 -11.012704 -171.166467 224.032186 0.567392 -0.622805 -0.538684 0.488779 0.781198 -0.388362 0.662693 -0.042944 0.747659
-0.262489 -7.202204 -10.169266 5.367030 0.157510 0.984184 -0.081074 -0.405905 -0.010319 -0.913857 0.900240 -0.176850 -0.397860
0.068543 -6.984115 -24.140795 8.914374 0.195781 0.979524 -0.046933 -0.544567 0.068794 -0.835891 0.815547 -0.189210 -0.546885
-0.353547 -7.324691 -4.768072 9.102296 0.165770 0.984253 -0.061366 -0.535734 0.037636 -0.843547 0.827955 -0.172711 -0.533537
-0.498057 -7.515272 -0.970089 5.109644 0.140455 0.985854 -0.091457 -0.399854 -0.028023 -0.916150 0.905753 -0.165248 -0.390262
-0.576029 -7.373583 0.397926 1.690733 0.132484 0.984916 -0.111304 -0.224374 -0.079578 -0.971249 0.965456 -0.153649 -0.210446
-0.176808 -6.983866 -16.160456 -6.012607 0.164871 0.981677 -0.095538 -0.288030 -0.044721 -0.956577 0.943322 -0.185230 -0.275379
0.173102 -7.595960 14.938788 -57.229354 0.486941 0.872137 -0.047597 -0.564653 0.355903 0.744648 -0.666375 0.335724 -0.665758
0.079368 -6.543683 11.750287 -18.475109 0.451107 0.892409 -0.010478 -0.684413 0.353454 0.637691 -0.572785 0.280495 -0.770221
-0.064752 -6.855224 5.469810 -48.932061 0.477446 0.877516 -0.044854 -0.593441 0.359689 0.720036 -0.647976 0.317160 -0.692486
-0.165597 -6.432963 3.339179 -50.742955 0.471332 0.881261 -0.035012 -0.616041 0.357371 0.701983 -0.631142 0.309298 -0.711333
-0.168808 -7.702158 4.490783 -58.047752 0.490015 0.869413 -0.063299 -0.470881 0.325106 0.820108 -0.733591 0.372059 -0.568697
-0.213878 -14.012674 17.382105 247.668767 0.887657 0.206701 -0.411509 0.456164 -0.517081 0.724253 0.063079 0.830604 0.553280
-0.316363 -16.082208 26.565854 211.218834 0.896538 0.190121 -0.400093 0.439271 -0.265127 0.858341 -0.057113 0.945284 0.321210
-0.451462 -13.714598 10.803470 257.574779 0.887329 0.221380 -0.404523 0.460956 -0.450401 0.764630 0.012924 0.864945 0.501700
-0.419081 -10.414279 8.505211 192.443202 0.877397 0.237076 -0.417096 0.468216 -0.612733 0.636657 0.104632 0.753892 0.648613
-1.861020 -7.909912 -25.612084 -80.489103 0.543176 0.832447 -0.109509 -0.285954 0.306042 0.908057 -0.789424 0.461921 -0.404276
-2.553304 -11.113155 -47.414880 -178.290328 0.531346 0.830675 -0.166285 -0.138098 0.278592 0.950429 -0.835823 0.482043 -0.262743
-3.203842 -10.849353 -57.803008 -219.800758 0.566888 0.797905 -0.204904 -0.190203 0.368784 0.909847 -0.801537 0.476808 -0.360823
2.326820 -5.026202 46.032921 -11.631607 0.785310 0.474903 -0.397185 -0.568751 0.806833 -0.159821 -0.244563 -0.351409 -0.903715
2.637591 -5.136609 -41.111600 -12.867719 -0.770560 -0.461480 0.439629 -0.542578 0.836868 -0.072541 -0.334435 -0.294430 -0.895245
2.630930 -4.950250 16.157372 -6.643830 0.750202 0.454733 -0.480015 -0.585574 0.794077 -0.162924 -0.307082 -0.403310 -0.861998
2.091845 -4.723193 21.745053 -7.543699 0.771396 0.469371 -0.429697 -0.603157 0.754544 -0.258582 -0.202854 -0.458644 -0.865157
1.586323 -4.945119 32.536369 -16.976265 0.792604 0.486736 -0.367243 -0.586550 0.773169 -0.241184 -0.166548 -0.406569 -0.898311
0.735494 -18.916318 13.890419 119.620448 0.839671 0.311475 -0.444899 0.517506 -0.707368 0.481474 0.164740 0.634518 0.755147
0.492272 -13.322799 10.954714 32.580470 0.821229 0.317377 -0.474188 0.546709 -0.675603 0.494641 0.163375 0.665457 0.728338
0.515508 -14.235188 12.321577 -116.124885 0.790673 0.348459 -0.503400 0.550784 -0.763886 0.336326 0.267345 0.543188 0.795910
0.334686 -12.753641 2.702893 -108.774264 0.798147 0.340465 -0.497036 0.566866 -0.703784 0.428195 0.204020 0.623515 0.754721
-0.529652 -12.521062 4.428282 -39.634753 0.847365 0.456454 -0.271334 -0.529998 0.695458 -0.485222 0.032780 -0.554967 -0.831226
-0.530311 -12.180335 9.807025 -16.354957 0.818496 0.489180 -0.301276 -0.554027 0.533289 -0.639262 0.152048 -0.690149 -0.707514
-0.806253 -12.246092 15.911033 -33.922491 0.845642 0.456920 -0.275886 -0.532549 0.687641 -0.493499 0.035779 -0.564247 -0.824831
-0.988044 -11.914202 17.114251 8.659501 0.864303 0.422536 -0.272845 -0.487516 0.837214 -0.247791 -0.123729 -0.347183 -0.929599
-0.673959 -12.550970 4.790244 -7.280240 0.866164 0.424218 -0.264194 -0.488424 0.830515 -0.267745 -0.105835 -0.360950 -0.926560
-1.295199 -11.560125 27.679360 -8.619591 0.854724 0.439432 -0.276309 -0.519079 0.725494 -0.451902 -0.001880 -0.529677 -0.848197
4.329219 -17.685987 201.224861 324.814940 -0.354106 -0.910475 0.213645 0.926751 -0.310978 0.210772 -0.125464 0.272631 0.953903
3.083369 -12.394468 138.850820 -23.439888 -0.370217 -0.900062 0.229841 0.928197 -0.368345 0.052651 0.037272 0.232830 0.971803
0.491298 -12.013185 80.317068 78.825450 -0.355117 -0.905565 0.232041 0.934110 -0.334055 0.125881 -0.036478 0.261454 0.964526
1.812570 -32.102838 -138.542946 557.925476 0.321236 0.897160 -0.303170 0.626195 0.038923 0.778694 -0.710413 0.439988 0.549294
-0.871017 -27.837835 -40.710476 14.804675 0.373371 0.881203 -0.289957 0.309667 0.176243 0.934369 -0.874471 0.438656 0.207076
0.152151 -31.096462 -57.195790 -399.719124 0.359605 0.880553 -0.308725 0.139675 0.276333 0.950858 -0.922592 0.385054 0.023621
-6.547053 -19.368760 -205.067727 -311.794397 0.412871 0.893332 0.177472 0.110408 -0.242508 0.963846 -0.904073 0.378350 0.198756
-3.049113 -14.080192 -95.088632 25.648300 0.365122 0.930553 -0.027518 0.038047 0.014618 0.999169 -0.930182 0.365865 0.030067
-3.562961 -32.595719 -153.313922 -878.683953 0.404632 0.851799 0.332733 0.104067 -0.404376 0.908653 -0.908539 0.333043 0.252268
-2.588283 -25.828691 -75.191176 -619.562570 0.441087 0.798582 0.409523 0.212769 -0.536352 0.816735 -0.871878 0.273117 0.406492
-0.477500 -48.742873 -148.461241 -1420.891321 0.387077 0.883090 0.265184 0.413491 -0.423313 0.806121 -0.824134 0.202380 0.529005
2.108208 -0.782467 14.605735 91.238122 0.953155 0.302428 -0.005756 0.177703 -0.544459 0.819748 -0.244780 0.782369 0.572696
2.000579 0.353858 11.183580 34.055294 0.940063 0.070160 0.333704 -0.223939 -0.610987 0.759306 -0.257162 0.788525 0.558655
1.613298 0.441500 -41.230004 69.833871 0.934489 0.343827 0.092267 0.116976 -0.541363 0.832612 -0.336225 0.767274 0.546117
1.969812 -0.899702 -29.466421 83.787992 0.898230 0.434041 -0.069213 0.295055 -0.478746 0.826889 -0.325768 0.763158 0.558090
1.836629 -4.847667 -53.769725 -6.703026 -0.634468 0.260926 -0.727576 0.496830 0.858758 -0.125280 0.592123 -0.440968 -0.674490
0.588358 -4.426488 -80.912054 -13.449227 -0.577686 0.306796 -0.756409 0.622676 0.764810 -0.165348 0.527781 -0.566518 -0.632855
-0.055753 -4.750784 -80.603374 -14.721970 -0.514772 0.377787 -0.769602 0.611776 0.790751 -0.021036 0.600616 -0.481653 -0.638177
2.026962 -5.099145 -132.631389 -7.495818 -0.531477 0.291286 -0.795415 0.482790 0.875734 -0.001889 0.696022 -0.385022 -0.606062
8.630347 -126.057025 99.168493 -4315.549469 0.735230 0.676225 -0.046429 0.041849 0.023080 0.998857 -0.676524 0.736333 0.011330
5.207096 -55.622001 9.726980 -121.924963 0.728784 0.662160 -0.174408 0.459212 -0.283689 0.841810 -0.507935 0.693588 0.510820
6.758839 -53.267140 36.060029 -869.928367 0.604871 0.786014 -0.127721 0.352035 -0.120073 0.928253 -0.714284 0.606436 0.349334
7.940345 -42.311092 110.094855 -912.824282 0.652960 0.745312 -0.134738 -0.100374 0.261481 0.959975 -0.750712 0.613301 -0.245547
5.960459 -58.785146 3.146302 1818.099265 0.490638 0.860137 -0.139421 0.748910 -0.334464 0.572073 -0.445430 0.385095 0.808266
6.569930 -43.070362 -9.910865 1.075321 0.408832 0.907102 -0.100110 0.523643 -0.143325 0.839795 -0.747432 0.395757 0.533593
8.521394 -69.477397 -8.121230 -1657.621117 0.403524 0.905756 -0.129519 -0.009345 0.145628 0.989295 -0.914922 0.397994 -0.067229
1.011549 -18.947751 38.211695 -208.052105 -0.460357 0.868119 0.185584 -0.251189 0.073128 -0.965172 0.851455 0.490940 -0.184397
1.293350 -16.352062 37.392823 244.103907 -0.437012 0.852962 0.285441 -0.147718 0.244979 -0.958209 0.887243 0.460913 -0.018939
0.153755 -19.520872 75.294595 248.797656 -0.480623 0.818502 0.314733 -0.114201 0.297427 -0.947890 0.869460 0.491520 0.049477
-1.333545 -23.900951 69.183197 117.464476 -0.456311 0.836979 0.302069 -0.301841 0.173748 -0.937392 0.837061 0.518919 -0.173352
11.581419 -326.039440 58.632247 -12464.885721 -0.396610 0.875073 0.277395 -0.468692 0.066795 -0.880833 0.789322 0.479360 -0.383648
-0.084841 -3.352689 19.882672 -53.662131 0.024179 -0.798572 0.601413 0.956718 0.193002 0.217810 -0.290011 0.570117 0.768674
-0.374287 -4.675792 10.803504 -69.489031 -0.068435 -0.802463 0.592764 0.969785 0.085950 0.228319 -0.234166 0.590479 0.772335
-0.707284 -3.276203 7.167609 -46.789126 -0.127256 -0.803753 0.581195 0.940762 0.087858 0.327486 -0.314280 0.588441 0.744960
-0.832521 -5.025125 14.638614 -65.903562 -0.110761 -0.797701 0.592794 0.969227 0.045240 0.241975 -0.219842 0.601354 0.768143
-0.633207 -2.121243 2.992236 -34.538720 -0.156135 -0.816457 0.555896 0.921826 0.081693 0.378898 -0.354767 0.571598 0.739876
-1.316470 -3.902387 18.590372 -48.642518 -0.174860 -0.793140 0.583398 0.938326 0.045263 0.342777 -0.298277 0.607355 0.736309
1.628344 -5.506304 -86.557466 -9.525944 0.849689 0.333667 -0.408282 -0.174502 -0.552735 -0.814882 0.497571 -0.763643 0.411428
0.174964 -5.809367 -92.464018 -13.498005 0.871010 0.346119 -0.348631 -0.126457 -0.527781 -0.839914 0.474711 -0.775660 0.415934
1.197320 -5.583111 -91.731622 -1.231682 0.854826 0.313336 -0.413634 -0.117025 -0.660174 -0.741940 0.505547 -0.682635 0.527666
2.875618 -5.293369 -52.001274 8.144620 0.790258 0.359063 -0.496554 -0.170977 -0.648950 -0.741371 0.588438 -0.670774 0.451446
2.945904 -5.132226 -64.676316 -8.096988 0.802009 0.351406 -0.483006 -0.231429 -0.562660 -0.793634 0.550656 -0.748283 0.369932
-0.838191 -9.019971 -2.280889 -16.296901 -0.683831 -0.481620 0.548104 0.726847 -0.515332 0.454012 0.063795 0.708855 0.702464
-0.803572 -8.894281 -12.389228 2.512655 -0.659593 -0.464919 0.590582 0.728382 -0.589260 0.349616 0.185464 0.660774 0.727311
-0.719311 -8.896602 -7.523303 -10.151760 -0.667507 -0.472589 0.575408 0.744077 -0.452407 0.491607 0.027990 0.756299 0.653627
-0.677869 -8.562656 -4.627958 -32.651883 -0.688719 -0.471986 0.550359 0.718327 -0.341237 0.606270 -0.098348 0.812888 0.574057
0.686753 -9.926610 -12.164978 11.662172 -0.645676 -0.672392 0.361927 -0.704386 0.707467 0.057718 -0.294860 -0.217669 -0.930418
0.559840 -9.373224 -8.022701 15.492014 -0.646956 -0.678503 0.347968 -0.720136 0.693697 0.013736 -0.250704 -0.241697 -0.937406
0.680121 -9.291950 -1.154884 25.865971 -0.666715 -0.648300 0.367693 -0.630490 0.753676 0.185620 -0.397459 -0.108071 -0.911234
0.768357 -9.846212 -8.545407 29.860514 -0.669413 -0.638056 0.380487 -0.611310 0.764136 0.205903 -0.422121 -0.094761 -0.901573
0.797114 -8.382041 3.202741 27.750359 -0.699455 -0.618499 0.358081 -0.527906 0.784869 0.324493 -0.481746 0.037935 -0.875490
0.718162 -8.810223 -2.060985 33.873597 -0.684160 -0.626213 0.373875 -0.540623 0.779521 0.316345 -0.489543 0.014305 -0.871862
-1.804849 -13.890985 1.056822 -18.483941 -0.665415 -0.269897 0.695973 -0.130738 0.960074 0.247318 -0.734936 0.073579 -0.674133
-1.774323 -14.018655 0.038679 15.671273 -0.670355 -0.247229 0.699644 0.109546 0.899562 0.422833 -0.733910 0.360092 -0.575943
-1.867932 -14.726865 -2.118527 -32.047403 -0.692187 -0.266082 0.670878 -0.131925 0.960543 0.244854 -0.709558 0.080979 -0.699978
-1.843760 -13.861175 5.476219 -37.742632 -0.665784 -0.282973 0.690404 -0.327919 0.942115 0.069916 -0.670225 -0.179848 -0.720037
-1.634951 -13.144220 11.358565 -23.468051 -0.624965 -0.265706 0.734043 -0.248081 0.959149 0.135973 -0.740186 -0.097124 -0.665351
-0.731417 -10.128581 -23.804916 -114.006072 0.749120 0.479449 -0.457109 0.344866 0.306893 0.887065 -0.565586 0.822159 -0.064554
-0.866931 -9.510879 -8.853577 -154.060487 0.784265 0.442909 -0.434465 0.309300 0.327934 0.892633 -0.537831 0.834440 -0.120196
-0.918866 -8.062875 -16.408682 -132.863090 0.761371 0.464726 -0.452043 0.241752 0.443456 0.863078 -0.601556 0.766405 -0.225286
-0.699424 -7.890835 0.184191 -63.857788 0.766118 0.434653 -0.473434 0.261759 0.461750 0.847508 -0.586980 0.773216 -0.239980
-0.392016 -9.953512 -4.994709 -92.456656 0.745505 0.448174 -0.493317 0.406964 0.280069 0.869449 -0.527827 0.848941 -0.026402
1.006756 -16.944468 -6.291511 0.822121 0.848118 0.416219 -0.327806 0.300207 0.132271 0.944659 -0.436544 0.899592 0.012770
1.072846 -26.587150 -28.080817 481.784523 0.748396 0.413153 -0.518853 0.599021 -0.085200 0.796188 -0.284741 0.906667 0.311250
0.540066 -25.552541 -16.037406 196.182334 0.764860 0.407160 -0.499210 0.460158 0.197004 0.865704 -0.450826 0.891858 0.036678
1.258681 -24.974770 -11.740085 -352.630275 0.816595 0.320470 -0.480074 0.228831 0.583825 0.778964 -0.529914 0.745954 -0.403415
1.803202 -23.467704 -50.501066 123.988699 0.799152 0.344696 -0.492485 0.340230 0.416056 0.843292 -0.495581 0.841476 -0.215215
13.650875 -26.741743 -524.763858 -375.658754 0.757545 0.516134 -0.399663 0.073001 0.541422 0.837576 -0.648688 0.663677 -0.372473
2.846386 -5.290581 13.303780 13.234350 0.692714 0.433161 -0.576645 -0.115262 0.855763 0.504365 0.711942 -0.282915 0.642726
2.484987 -5.257645 24.068459 18.159529 0.634819 0.493406 -0.594605 -0.193060 0.846436 0.496260 0.748153 -0.200241 0.632591
2.785572 -5.410052 27.326939 0.181495 0.629317 0.496018 -0.598269 -0.083290 0.808440 0.582656 0.772673 -0.316846 0.550078
2.712201 -5.443012 -38.387108 -7.843809 0.784405 0.358650 -0.506042 0.008054 0.809912 0.586496 0.620197 -0.464126 0.632411
2.239702 -5.239903 -39.487114 15.292875 0.793293 0.345227 -0.501503 -0.106058 0.889465 0.444527 0.599532 -0.299452 0.742220
3.300302 -5.408570 14.966472 -8.867493 0.695203 0.432233 -0.574341 -0.004459 0.801591 0.597857 0.718800 -0.413071 0.559196
2.627578 -26.818645 88.004601 -124.707415 -0.635305 -0.760164 0.136153 0.751337 -0.567647 0.336556 -0.178551 0.316112 0.931768
0.891704 -22.031812 -36.046385 238.917882 0.679860 0.708771 -0.188238 0.701536 -0.703358 -0.114607 0.213629 0.054139 0.975414
0.664141 -22.973738 -60.833062 158.795860 0.579335 0.802981 -0.139974 0.808520 -0.587888 -0.026145 0.103284 0.098025 0.989810
-0.390390 -19.730165 -28.181475 310.646194 0.607334 0.768683 -0.200679 0.668096 -0.630861 -0.394540 0.429877 -0.105545 0.896697
1.926203 -5.639891 -25.130602 -13.901867 0.788764 0.447573 -0.421344 0.031862 0.654760 0.755165 0.613870 -0.609071 0.502190
1.107638 -5.314403 -88.447568 17.233996 0.844158 0.400049 -0.356872 -0.015649 -0.647016 -0.762316 0.535865 -0.649100 0.539924
1.663975 -5.746366 -63.899706 -12.515911 0.824658 0.449855 -0.342884 -0.103388 0.715865 0.690542 0.556102 -0.534011 0.636854
2.025500 -5.928880 28.058934 -11.606461 0.741958 0.500003 -0.446648 -0.065332 0.716945 0.694061 0.667256 -0.485784 0.564610
1.621039 -5.950024 63.682048 -9.900728 0.701541 0.510183 -0.497548 0.069199 0.646117 0.760095 0.709262 -0.567668 0.417973
1578.550619 -2352.760530 265452.931693 -278230.373094 0.987016 -0.149742 -0.058113 0.105449 0.331174 0.937659 0.121161 0.931612 -0.342664
-87.760985 -217.692862 880.065435 -70553.336766 -0.073207 -0.772732 0.630497 0.992603 0.004939 0.121304 -0.096849 0.634713 0.766655
-65.590881 -661.076785 -122.288348 -111093.818952 0.121313 0.983398 -0.134949 0.144115 -0.151963 -0.977823 0.982097 -0.099175 0.160158
-89.267967 -898.795787 -3746.296323 -163826.834123 0.103211 0.872936 0.476792 0.951676 -0.226059 0.207871 0.289241 0.432297 -0.854084
-172.507814 -507.490895 -4319.424273 72186.408928 0.440221 0.863442 -0.246319 0.897501 -0.415081 0.148993 0.026405 -0.286662 -0.957668
-1.839993 -5.853548 -3.339462 30.092276 0.855077 0.252834 0.452679 0.518429 -0.431400 -0.738326 -0.008612 -0.866008 0.499957
-1.448571 -6.852382 -1.342759 64.162546 0.805610 0.333160 0.489895 0.591848 -0.489752 -0.640202 -0.026637 -0.805697 0.591729
-1.266956 -7.444312 -1.527492 71.171058 0.847160 0.263396 0.461457 0.522567 -0.570174 -0.633897 -0.096145 -0.778154 0.620671
-0.991161 -9.241003 -10.250893 97.775489 0.795207 0.346834 0.497344 0.584986 -0.654607 -0.478833 -0.159489 -0.671711 0.723441
-1.711049 -6.103754 -0.811596 33.331831 0.903794 0.161311 0.396404 0.421891 -0.491366 -0.761950 -0.071868 -0.855884 0.512149
-0.605476 -9.838101 10.736314 102.845860 0.851717 0.280869 0.442369 0.490452 -0.724518 -0.484283 -0.184484 -0.629433 0.754838
-1.204329 -3.996787 13.568839 -35.706326 0.629915 0.772477 0.080538 0.177357 -0.042114 -0.983245 0.756143 -0.633645 0.163533
-1.469127 -4.748128 19.142071 -40.349601 0.632330 0.769434 0.090161 0.112907 0.023608 -0.993325 0.766427 -0.638289 0.071946
-0.915239 -4.717503 40.978726 -38.592171 0.592169 0.795148 0.130678 0.150309 0.050327 -0.987357 0.791671 -0.604324 0.089715
-0.906283 -5.541132 51.228690 -34.600658 0.584375 0.801539 0.126656 0.041347 0.126466 -0.991109 0.810430 -0.584416 -0.040763
-0.548096 -9.033905 2.830369 -83.667787 -0.653452 -0.179643 0.735343 0.708212 0.197913 0.677692 -0.267276 0.963618 -0.002102
-0.898515 -9.818773 7.082914 100.772430 0.714809 0.190045 -0.673001 0.610828 0.298897 0.733178 -0.340495 0.935170 -0.097569
-0.814469 -7.980730 -1.475329 60.209576 -0.658484 -0.180631 0.730597 0.684757 0.258987 0.681200 -0.312261 0.948840 -0.046850
1.735883 -87.515748 78.662251 2670.384275 0.303356 0.801790 0.514886 0.927304 -0.124062 -0.353150 -0.219275 0.584586 -0.781139
0.665512 -66.667287 115.252665 -503.169617 0.238942 0.848028 0.473029 -0.665639 -0.211630 0.715638 -0.706988 0.485862 -0.513913
4.800698 -131.792505 -211.458100 5403.281818 0.052252 0.832695 0.551261 0.865340 0.237777 -0.441190 -0.498454 0.500081 -0.708140
0.670431 -35.841037 -67.196330 957.738670 0.093753 0.838158 0.537310 0.987310 -0.147753 0.058210 0.128178 0.525034 -0.841374
-0.521154 -34.462376 -90.038814 737.708757 0.038940 0.850565 0.524426 0.999055 -0.043282 -0.003985 0.019309 0.524086 -0.851447
-4.128788 -8.914373 64.557703 -94.318851 0.509943 0.654592 -0.558093 0.132414 0.581322 0.802827 -0.849956 0.483295 -0.209764
-3.509983 -8.922977 -90.578351 -175.735720 -0.570761 -0.618702 0.539851 -0.031934 0.673688 0.738325 -0.820495 0.404168 -0.404272
1.316816 -3.883910 -38.782156 -9.165017 0.769848 0.441625 -0.460762 0.227373 0.484795 0.844556 -0.596352 0.754945 -0.272805
1.113252 -4.057727 -46.565536 -13.603651 0.771689 0.498094 -0.395473 0.214233 0.381898 0.899032 -0.598832 0.778496 -0.187999
66.582656 -19.016664 -2994.966896 -343.166349 0.715248 0.316879 -0.622903 -0.242967 0.948448 0.203501 0.655277 0.005791 0.755366
-1.115978 -15.818706 2.992792 -393.764263 0.665304 0.144622 -0.732431 -0.308271 0.946734 -0.093081 0.679956 0.287714 0.674449
6.425345 -16.247856 -305.027275 -423.377485 0.671022 0.272886 -0.689393 -0.325277 0.943898 0.057019 0.666276 0.185983 0.722140
0.194084 -6.964219 -20.013275 -0.328175 0.205710 0.978316 -0.024093 -0.663550 0.121344 -0.738226 0.719295 -0.167848 -0.674123
-0.282692 -7.169855 -4.219619 3.360480 0.187833 0.981658 -0.032663 -0.627568 0.094366 -0.772822 0.755564 -0.165660 -0.633782
0.310256 -7.137681 12.922017 -7.497702 0.446941 0.894364 -0.018868 -0.672809 0.349974 0.651802 -0.589552 0.278623 -0.758154
0.132428 -6.604729 15.088717 29.427262 0.388793 0.920839 0.029932 -0.786310 0.314711 0.531670 -0.480163 0.230246 -0.846422
-0.071580 -6.018509 6.636390 21.259933 0.404987 0.914182 0.016005 -0.767729 0.330496 0.548966 -0.496566 0.234612 -0.835691
-0.157527 -17.276426 13.797009 226.066766 0.897397 0.207211 -0.389542 0.433476 -0.249305 0.865994 -0.082329 0.945997 0.313546
-0.393086 -17.523309 22.080418 39.523597 0.904803 0.194493 -0.378819 0.377631 0.044630 0.924880 -0.196789 0.979888 0.033065
2.628123 -5.051528 -14.906949 -4.570526 -0.748805 -0.434835 0.500210 -0.480154 0.876137 0.042849 -0.456884 -0.208092 -0.864843
2.080550 -5.073365 -37.841180 -5.332941 -0.772179 -0.481011 0.415172 -0.511938 0.857999 0.041909 -0.376376 -0.180181 -0.908777
2.078151 -5.003098 -33.019752 11.021931 -0.766413 -0.465192 0.442953 -0.435244 0.883238 0.174508 -0.472413 -0.059047 -0.879397
1.342426 -5.099535 -25.152533 9.169052 -0.761406 -0.513586 0.395589 -0.495822 0.854476 0.155023 -0.417639 -0.078107 -0.905250
1.398999 -5.261335 -30.594729 0.627851 -0.768818 -0.511564 0.383695 -0.546126 0.837409 0.022196 -0.332664 -0.192481 -0.923193
1.171792 -31.789222 17.082600 648.824645 0.885455 0.284754 -0.367268 0.457615 -0.671968 0.582278 0.080986 0.683648 0.725305
1.057360 -18.173542 22.126361 71.962706 0.821414 0.340076 -0.457851 0.510084 -0.797168 0.323014 0.255134 0.498871 0.828272
1.607717 -25.503108 36.282710 417.806990 0.859737 0.317870 -0.399765 0.472597 -0.791912 0.386687 0.193662 0.521376 0.831060
-0.270804 -12.488976 10.224566 -54.615122 0.834113 0.480754 -0.270428 -0.535547 0.588448 -0.605738 0.132078 -0.650081 -0.748298
-0.296023 -11.703651 13.528438 -14.042998 0.805157 0.505959 -0.309398 -0.542661 0.418067 -0.728519 0.239252 -0.754470 -0.611174
-0.702754 -11.490310 21.002653 6.306547 0.800690 0.507609 -0.318163 -0.515461 0.313113 -0.797659 0.305278 -0.802679 -0.512359
-1.339013 -16.676132 -11.651468 220.888151 -0.441658 -0.845704 0.299537 0.882740 -0.349948 0.313538 -0.160338 0.402890 0.901095
-1.373790 -18.449095 -11.405108 224.963814 -0.442161 -0.848101 0.291924 0.805802 -0.232665 0.544564 -0.393925 0.476017 0.786277
-1.340492 -15.532849 12.562699 197.687826 -0.409183 -0.873126 0.264993 0.893642 -0.324810 0.309680 -0.184317 0.363524 0.913169
-1.292314 -21.059904 8.381838 360.131148 -0.410656 -0.869463 0.274582 0.810532 -0.210175 0.546685 -0.417612 0.447057 0.791037
-0.996285 -26.533335 -30.702885 408.534401 0.390920 0.874872 -0.285973 0.635709 -0.031947 0.771267 -0.665624 0.483299 0.568653
-1.292985 -24.917624 8.948300 137.755174 0.433384 0.849320 -0.301385 0.401939 0.117159 0.908140 -0.806612 0.514712 0.290600
-0.718667 -9.076931 14.659231 25.630690 0.426758 0.889039 -0.165796 0.680041 -0.194610 0.706875 -0.596173 0.414412 0.687634
-0.599090 -9.366120 -0.264689 21.935368 0.441968 0.885307 -0.144553 0.637041 -0.196316 0.745411 -0.631540 0.421534 0.650743
-0.898491 -9.422759 18.541696 25.814281 0.443459 0.881219 -0.163697 0.542274 -0.118369 0.831822 -0.713641 0.457647 0.530354
1.463675 -4.522135 31.625315 -14.306945 0.664495 -0.263830 0.699171 0.563478 0.791441 -0.236883 0.490856 -0.551375 -0.674571
-5.507136 -7.606645 -14.243459 32.725899 -0.138761 0.988549 0.059293 0.900005 0.100898 0.424041 -0.413203 -0.112205 0.903700
-5.102428 -7.290410 2.374594 28.645062 -0.037034 0.999016 0.024383 0.957461 0.028485 0.287154 -0.286177 -0.033981 0.957574
-5.459262 -7.840338 12.100924 24.160156 0.090413 0.995801 0.014381 0.880259 -0.086660 0.466514 -0.465801 0.029520 0.884397
0.356519 -5.577629 31.990175 -88.902865 0.000507 -0.801350 0.598196 0.980531 0.117863 0.157060 -0.196365 0.586469 0.785808
-0.316731 -6.742722 14.602530 -89.307009 -0.092589 -0.797792 0.595781 0.990160 -0.010713 0.139533 -0.104936 0.602838 0.790933
-1.734877 -6.144479 -5.817192 12.456359 0.814610 0.481378 -0.323551 -0.186528 -0.310779 -0.932000 0.549197 -0.819568 0.163373
-1.169477 -6.004866 -48.255954 -7.636362 0.853617 0.412612 -0.317945 -0.126623 -0.427703 -0.895006 0.505277 -0.804252 0.312849
-1.060116 -6.025758 -36.727431 3.917271 0.848378 0.436217 -0.299948 -0.194374 -0.270347 -0.942938 0.492416 -0.858270 0.144567
-1.311375 -5.823826 5.019477 18.272602 0.801805 0.489641 -0.342580 -0.287915 -0.185823 -0.939455 0.523655 -0.851893 0.008019
-1.194646 -5.879348 -18.417805 20.027825 0.839935 0.457917 -0.291241 -0.263321 -0.125368 -0.956528 0.474523 -0.880111 -0.015278
-0.578819 -6.001065 -32.993960 2.512471 0.852421 0.435351 -0.289567 -0.233579 -0.178406 -0.955831 0.467782 -0.882406 0.050388
-0.597754 -9.146181 -8.392500 -5.061604 -0.651030 -0.471034 0.595220 0.754593 -0.486496 0.440353 0.082151 0.735832 0.672163
-0.689723 -9.071562 -9.601102 24.701829 -0.640486 -0.473283 0.604799 0.714456 -0.656043 0.243230 0.281657 0.587887 0.758326
-0.913399 -8.474702 -9.130351 37.462262 -0.654213 -0.474441 0.588991 0.668973 -0.726299 0.158006 0.352819 0.497389 0.792542
0.354866 -8.900306 -1.165772 -0.077658 0.655922 0.667738 -0.351984 0.735111 -0.670972 0.096998 -0.171402 -0.322370 -0.930967
0.512164 -8.874768 1.622452 17.186103 -0.666341 -0.660014 0.346945 -0.693816 0.719264 0.035757 -0.273145 -0.216890 -0.937204
-1.769256 -14.730215 -5.127023 29.717994 -0.703143 -0.241069 0.668936 0.120979 0.886498 0.446638 -0.700681 0.394978 -0.594171
-1.368515 -12.837225 12.188447 67.840555 -0.639419 -0.232091 0.732992 0.345035 0.765344 0.543323 -0.687091 0.600319 -0.409296
-1.662009 -13.427213 5.835478 69.182723 -0.668028 -0.235376 0.705930 0.315712 0.769396 0.555298 -0.673843 0.593825 -0.439667
-1.485782 -13.395602 12.556018 17.833476 -0.624038 -0.246094 0.741629 0.164761 0.886332 0.432747 -0.763826 0.392242 -0.512558
-0.919974 -7.683681 -11.272203 -147.679414 0.781186 0.438369 -0.444500 0.219485 0.473698 0.852899 -0.584444 0.763834 -0.273831
-1.107888 -9.213169 1.001965 -165.054128 0.804890 0.388942 -0.448192 0.292246 0.397527 0.869807 -0.516473 0.831082 -0.206299
-0.835794 -6.476680 2.213760 -101.240958 0.793535 0.366901 -0.485474 0.232086 0.555011 0.798811 -0.562528 0.746556 -0.355268
-1.419226 -8.351720 1.423694 -171.004887 0.819346 0.338149 -0.462955 0.261677 0.497914 0.826805 -0.510095 0.798584 -0.319479
-1.788517 -12.302727 -10.928849 -223.978248 0.789512 0.359121 -0.497697 0.412261 0.290419 0.863538 -0.454655 0.886955 -0.081237
-8.325456 -149.574250 60.782327 6138.294772 0.620740 -0.634348 -0.460743 0.429834 0.766830 -0.476670 0.655686 0.097845 0.748667
0.088036 -43.119106 -48.262977 1565.400875 0.722042 -0.481655 -0.496654 0.343730 0.872739 -0.346664 0.600421 0.079591 0.795713
-4.560873 -45.714234 -112.706506 1551.451129 0.600593 -0.643280 -0.474846 0.480574 0.765073 -0.428616 0.639012 0.029225 0.768641
4.782528 -65.444828 68.603836 2700.855422 0.714174 -0.510282 -0.479132 0.328859 0.848862 -0.413867 0.617906 0.138006 0.774045
-5.872627 -25.487284 -22.779196 720.122277 0.684718 -0.186559 -0.704526 0.114195 0.982205 -0.149105 0.719806 0.021641 0.693838
1.901995 -4.945397 17.722204 14.163340 0.616163 0.515477 -0.595505 -0.296129 0.852227 0.431297 0.729829 -0.089404 0.677759
1.888377 -5.261584 22.177687 14.871397 0.575520 0.547430 -0.607534 -0.229323 0.821125 0.522651 0.784977 -0.161474 0.598112
-1.223061 -22.321719 -5.251869 434.040744 0.429099 0.882973 -0.190350 0.792562 -0.469141 -0.389553 0.433266 -0.016292 0.901119
-1.009236 -25.054734 15.659473 350.728205 -0.414612 -0.886144 0.206992 0.897945 -0.435295 -0.064908 0.147620 0.158956 0.976187
-0.256677 -24.406457 -43.843261 275.584682 0.474787 0.865737 -0.158359 0.872243 -0.486858 -0.046488 0.117345 0.116055 0.986287
0.172834 -5.258643 -90.613617 16.602770 0.842554 0.439348 -0.311570 0.081954 -0.676308 -0.732046 0.532340 -0.591254 0.605832
-0.661429 -4.886224 -65.009595 16.373262 0.828318 0.438044 -0.349295 0.005169 -0.629402 -0.777063 0.560235 -0.641850 0.523609
-51.361422 -621.981346 -1494.852707 -38924.326961 0.749509 0.608208 -0.261380 -0.078265 0.473480 0.877320 -0.657352 0.637102 -0.402479
-1.869806 -5.581016 1.949687 29.020944 0.807587 0.335489 0.485025 0.585268 -0.354741 -0.729123 0.072554 -0.872700 0.482836
-1.588591 -5.757016 3.365479 37.488632 0.773699 0.406637 0.485836 0.627291 -0.384122 -0.677463 0.088861 -0.828913 0.552274
-1.434641 -7.371646 -13.249242 69.564126 0.764710 0.392817 0.510798 0.642695 -0.522163 -0.560615 -0.046501 -0.756995 0.651764
-1.510064 -3.960490 -4.910656 -35.284761 0.674799 0.736860 -0.041029 0.088426 -0.135922 -0.986765 0.732685 -0.662240 0.156877
-1.879172 -5.436940 17.324752 -37.589361 0.643000 0.760210 0.092910 0.026218 0.099393 -0.994703 0.765417 -0.642030 -0.043979
-1.919916 -4.815215 -4.324792 -38.281418 0.677835 0.734839 -0.023467 0.017737 -0.048253 -0.998678 0.735000 -0.676523 0.045741
4.748769 -16.771667 62.651719 231.865914 -0.520608 -0.772386 -0.363851 0.852567 -0.447434 -0.270061 0.045792 -0.450803 0.891448
3.516376 -14.823601 49.736964 157.351353 -0.488861 -0.767747 -0.414221 0.870630 -0.459282 -0.176245 -0.054933 -0.446793 0.892949
8.223764 -45.023079 202.575854 1435.233816 -0.310111 -0.873920 -0.374293 0.931534 -0.357974 0.064019 -0.189934 -0.328814 0.925098
17.016522 -166.610560 -51.776168 6079.058803 -0.546217 -0.794148 -0.266412 0.832807 -0.480738 -0.274450 0.089879 -0.371779 0.923960
-5.378897 -8.494802 22.115960 8.928076 0.474556 0.763805 -0.437490 0.239073 0.366493 0.899181 -0.847137 0.531304 0.008683
-7.220246 -9.047302 -64.434080 -26.360406 0.310207 0.820199 -0.480671 0.263437 0.411649 0.872437 -0.913440 0.397263 0.088374
-6.098474 -8.939846 -24.216327 -29.752104 0.285316 0.938820 -0.192904 0.139019 0.158604 0.977506 -0.948298 0.305716 0.085261
0.005036 -3.480223 1.324189 21.039642 0.761099 0.400576 -0.510163 0.160861 0.645380 0.746732 -0.628372 0.650403 -0.426761
-5.017433 -13.551071 -128.675899 326.867799 0.595863 -0.595594 -0.538716 0.506482 0.799281 -0.323460 0.623236 -0.080112 0.777920
-1.721999 -14.932339 -63.132120 274.090355 0.639977 -0.533158 -0.553328 0.493328 0.837190 -0.236092 0.589116 -0.121879 0.798804
-0.305086 -6.908421 2.999604 15.140375 0.193734 0.981005 -0.009861 -0.745755 0.140730 -0.651187 0.637429 -0.133511 -0.758854
-0.409937 -7.423596 2.831105 5.909416 0.171703 0.984535 -0.034764 -0.642753 0.085214 -0.761319 0.746583 -0.153065 -0.647444
0.050932 -6.629077 -12.707615 18.428896 0.210066 0.977644 -0.009203 -0.772882 0.160289 -0.613972 0.598770 -0.136088 -0.789274
0.017160 -6.187794 -3.715347 26.904962 0.200495 0.979659 0.008342 -0.850546 0.178284 -0.494759 0.486182 -0.092102 -0.868990
-0.299269 -7.211740 3.027106 33.069425 0.184896 0.982661 -0.013812 -0.760043 0.134071 -0.635893 0.623016 -0.128072 -0.771653
-0.302393 -6.560392 5.179281 37.779034 0.210937 0.977468 0.007914 -0.839182 0.185235 -0.511333 0.501277 -0.101217 -0.859346
0.294337 -8.059524 12.586379 -53.865635 0.488561 0.870487 -0.059677 -0.535519 0.353152 0.767139 -0.688860 0.342836 -0.638698
-0.003335 -18.998621 1.643695 21.280754 0.901652 0.231410 -0.365339 0.348889 0.109943 0.930693 -0.255538 0.966624 -0.018394
-0.298186 -17.483844 12.463594 -158.556798 0.907042 0.218498 -0.359907 0.253378 0.399426 0.881055 -0.336265 0.890347 -0.306934
0.227331 -18.129763 -0.009903 250.765544 0.892391 0.230851 -0.387744 0.439041 -0.245534 0.864266 -0.104312 0.941499 0.320466
0.176519 -18.704065 -2.156145 -116.635494 0.905282 0.237272 -0.352373 0.264165 0.335181 0.904362 -0.332689 0.911787 -0.240754
-0.077435 -18.915045 -3.983639 -182.715347 0.902019 0.241895 -0.357558 0.209131 0.479733 0.852127 -0.377658 0.843411 -0.382141
0.365843 -18.358377 5.434807 40.230092 0.903350 0.220788 -0.367710 0.370367 0.030805 0.928375 -0.216302 0.974835 0.053945
-1.581292 -10.563867 -29.448735 -127.250214 0.502591 0.853931 -0.134923 -0.127022 0.227312 0.965502 -0.855142 0.468115 -0.222713
-2.703484 -13.374253 -40.412394 -159.086507 0.511902 0.829412 -0.223681 0.107374 0.196564 0.974594 -0.852307 0.522914 -0.011564
2.801083 -5.067454 11.269616 -14.856398 -0.727945 -0.420638 0.541442 -0.545613 0.833620 -0.085926 -0.415213 -0.357968 -0.836335
0.398383 -13.462935 7.544346 95.710781 0.843804 0.288276 -0.452649 0.525126 -0.617401 0.585713 0.110619 0.731925 0.672346
-0.739197 -11.916050 -10.428895 24.794703 -0.875305 -0.403192 0.266978 -0.435889 0.896905 -0.074577 -0.209385 -0.181650 -0.960813
-1.491802 -11.270950 16.742181 6.057192 0.862802 0.400347 -0.308698 -0.488762 0.816606 -0.307028 -0.129167 -0.415784 -0.900244
-1.294834 -11.312599 16.342475 16.601016 0.867939 0.394396 -0.301885 -0.446566 0.885727 -0.126753 -0.217397 -0.244826 -0.944880
-0.974745 -11.633092 -11.533083 30.817872 -0.873045 -0.394829 0.286186 -0.415257 0.909627 -0.011851 -0.255644 -0.129188 -0.958101
-0.551219 -48.486935 -16.274873 -1481.093761 0.350444 0.876064 -0.331212 -0.281426 0.435794 0.854917 -0.893302 0.206388 -0.399269
-1.113519 -30.131032 -8.708538 -477.137314 0.390367 0.872753 -0.293113 -0.117625 0.363043 0.924318 -0.913115 0.326345 -0.244378
-1.067096 -25.250910 -4.101481 -430.969068 0.382213 0.867365 -0.318733 -0.459603 0.477667 0.748732 -0.801672 0.139684 -0.581214
0.202610 -33.520962 -51.325302 -776.077650 0.312535 0.896112 -0.315129 -0.535260 0.440201 0.720917 -0.784741 0.056636 -0.617230
-1.023916 -19.448718 -9.880933 -177.915284 0.326207 0.888067 -0.323924 -0.679958 0.458486 0.572230 -0.656693 -0.033589 -0.753410
-1.012915 -18.727245 -0.072383 -257.485140 0.398149 0.851404 -0.341450 -0.545945 0.519057 0.657665 -0.737171 0.075436 -0.671482
-0.395947 -26.511745 -68.786443 586.053290 0.347647 0.901028 -0.259403 0.806338 -0.146112 0.573123 -0.478498 0.408411 0.777329
4.290338 -40.877942 -193.555018 1233.563358 0.338972 0.913452 -0.225174 0.863437 -0.207011 0.460026 -0.373598 0.350359 0.858879
0.652120 -1.653408 -7.130948 2.438968 0.937463 -0.195861 0.287752 0.281943 -0.057543 -0.957704 -0.204135 -0.978942 -0.001278
2.440453 -2.005429 -77.908871 50.340733 0.959261 -0.213446 -0.185094 -0.195173 -0.026967 -0.980398 -0.204270 -0.976583 0.067527
0.985139 -0.479454 -93.632873 38.927479 0.867861 -0.167579 -0.467691 -0.464915 0.057910 -0.883459 -0.175134 -0.984156 0.027652
-0.370637 -8.708237 8.159314 36.657371 0.432808 0.886711 -0.162545 0.773646 -0.272785 0.571891 -0.462763 0.373271 0.804064
1.940869 -4.570967 -19.675623 -9.395107 0.765694 -0.227178 0.601749 0.468252 0.838273 -0.279353 0.440967 -0.495670 -0.748238
2.693916 -4.927616 37.514347 7.189619 -0.780527 0.247973 -0.573835 0.392278 0.909013 -0.140760 0.486719 -0.334970 -0.806783
3.318083 -5.269530 -72.307368 -4.791571 -0.647031 0.235530 -0.725174 0.375611 0.926141 -0.034333 0.663527 -0.294597 -0.687709
6.664068 -47.709970 61.554479 -1400.183673 0.715289 0.685930 -0.133646 -0.117835 0.306889 0.944422 -0.688822 0.659787 -0.300341
1.109041 -0.944324 5.349284 -6.561922 0.672518 -0.165237 0.721399 -0.639438 -0.620497 0.453985 -0.372610 0.766603 0.522955
1.941135 -1.182139 -4.584997 6.411730 0.698309 -0.087746 0.710398 -0.598389 -0.616187 0.512098 -0.392803 0.782697 0.482795
1.532108 -1.159535 34.468000 2.212943 0.582033 -0.330680 0.742892 0.751329 0.568132 -0.335753 -0.311034 0.753576 0.579121
2.428262 -1.299800 59.653646 7.949248 0.682315 -0.265076 0.681308 -0.673547 -0.590261 0.444890 -0.284220 0.762448 0.581285
-5.403918 -7.123179 -44.235005 -9.374106 0.611590 -0.586755 -0.530732 0.777579 0.321954 0.540108 -0.146040 -0.743011 0.653152
-4.683765 -7.008844 -45.708457 -8.250885 0.606348 -0.651674 -0.455701 0.751940 0.283437 0.595189 -0.258707 -0.703551 0.661881
-5.482518 -7.204612 -42.626423 -3.787333 0.653904 -0.570817 -0.496566 0.702258 0.213729 0.679083 -0.281502 -0.792772 0.540619
-6.124865 -7.196873 -37.973154 5.332609 0.702570 -0.462256 -0.541031 -0.694878 -0.281724 -0.661647 -0.153428 -0.840804 0.519142
-6.286149 -7.165484 -35.782909 -7.384492 0.620185 -0.474398 -0.624753 0.784219 0.355370 0.508639 -0.019279 -0.805393 0.592427
-0.337793 -1.738829 15.630759 -38.769773 0.084721 -0.784510 0.614302 0.933090 0.278730 0.227273 -0.349523 0.553944 0.755632
-0.577893 -1.236486 7.136640 -5.719226 -0.569231 -0.769804 0.288752 0.722620 -0.300913 0.622312 -0.392169 0.562897 0.727565
-0.805274 -5.888854 -76.054890 -9.155037 0.856749 0.367245 -0.362095 -0.095831 -0.576507 -0.811453 0.506752 -0.729911 0.458729
-0.432499 -8.698263 -3.017941 -23.608241 -0.661890 -0.481052 0.574884 0.740764 -0.302340 0.599883 -0.114764 0.822909 0.556462
-0.357179 -7.777346 -1.313354 -54.041892 0.691747 0.477055 -0.542129 0.672341 -0.151512 0.724570 -0.263521 0.865715 0.425552
-0.411394 -8.851103 -6.247621 2.324416 -0.646643 -0.468072 0.602297 0.762733 -0.386886 0.518226 -0.009547 0.794498 0.607191
-0.296761 -8.594756 -9.907057 -22.506440 -0.653436 -0.458837 0.602071 0.741015 -0.225229 0.632588 -0.154652 0.859500 0.487178
-0.242481 -7.979977 1.744459 -52.139358 -0.671631 -0.479109 0.565125 0.681518 -0.100344 0.724889 -0.290594 0.872001 0.393915
0.001313 -8.854037 -2.972809 2.688586 0.683787 0.646171 -0.338967 0.721524 -0.668027 0.182053 -0.108802 -0.369058 -0.923016
0.057881 -8.790159 3.654948 16.028799 0.645584 0.681636 -0.344375 0.763549 -0.584766 0.273937 -0.014653 -0.439796 -0.897978
-0.308026 -8.873360 9.964255 -6.708700 0.707776 0.634484 -0.310616 -0.706436 0.636410 -0.309726 -0.001163 -0.438648 -0.898658
0.023843 -8.887041 14.666206 8.446783 0.720715 0.624905 -0.300107 -0.672772 0.734904 -0.085407 -0.167179 -0.263458 -0.950074
-1.477120 -16.584967 -18.356688 -13.686024 -0.745379 -0.258518 0.614474 -0.044334 0.938929 0.341242 -0.665165 0.227112 -0.711319
-1.791754 -15.690934 -24.282152 -114.649562 -0.742294 -0.277275 0.610015 -0.283391 0.954850 0.089173 -0.607199 -0.106680 -0.787356
-1.931991 -14.428125 11.708129 -49.993967 -0.679267 -0.288208 0.674931 -0.349927 0.935580 0.047335 -0.645095 -0.204023 -0.736361
-2.386762 -38.192183 -88.138338 1154.999882 0.663371 -0.582786 -0.469360 0.499739 0.811899 -0.301797 0.556956 -0.034354 0.829831
2.857935 -56.390902 -2.105991 1786.242196 0.718038 -0.469592 -0.513717 0.370893 0.882727 -0.288499 0.588948 0.016619 0.808000
5.142390 -28.841448 -31.486716 1163.340639 0.767579 -0.386324 -0.511446 0.247280 0.914657 -0.319774 0.591334 0.118981 0.797601
1.278701 -4.498779 7.827637 13.349854 0.596400 0.538584 -0.595176 -0.414566 0.841608 0.346166 0.687345 0.040286 0.725213
1.372654 -4.859554 11.423414 18.356678 0.555681 0.566770 -0.608268 -0.362948 0.823598 0.435839 0.747989 -0.021418 0.663366
-1.433311 -28.198974 8.062296 598.092319 0.401735 0.885363 -0.233969 0.843802 -0.457156 -0.281081 0.355819 0.084503 0.930726
-1.006856 -26.462380 4.863786 140.479820 -0.414997 -0.877364 0.240852 0.907241 -0.379128 0.182140 -0.068490 0.294099 0.953318
2.430053 -5.996460 7.611987 -2.417800 0.762890 0.496307 -0.414342 -0.178925 0.777912 0.602361 0.621277 -0.385399 0.682263
1.654288 -5.969656 78.155147 5.165044 0.700301 0.519973 -0.489088 -0.143290 0.773592 0.617271 0.699318 -0.362194 0.616254
0.886436 -5.974829 88.078196 2.752711 0.679510 0.530460 -0.506831 -0.042849 0.718334 0.694377 0.732414 -0.450119 0.510845
