14721
29430
-5.398003 -7.795698 39.747241 96.239314 -0.261992 0.916293 -0.302931 -0.293651 -0.374701 -0.879414 0.919309 0.141443 -0.367239
-7.134352 -9.444939 34.476449 109.111964 -0.162509 0.985533 0.048113 -0.258153 0.004596 -0.966093 0.952338 0.169420 -0.253671
-6.041515 -9.014158 -29.295516 228.532945 0.050597 0.930947 0.361632 -0.405273 0.350082 -0.844509 0.912794 0.103830 -0.395001
-5.594960 -8.152063 -18.023157 86.096685 -0.327778 0.882561 -0.337116 -0.206309 -0.415083 -0.886083 0.921953 0.220889 -0.318135
-4.904266 -6.812232 28.834287 83.457450 -0.282085 0.896904 -0.340574 -0.376667 -0.430023 -0.820489 0.882355 0.103165 -0.459137
-4.610716 -7.307021 -25.868713 55.460429 -0.390072 0.771971 -0.501900 -0.220494 -0.607532 -0.763077 0.893994 0.186989 -0.407197
-8.320589 -10.536710 -87.882225 -33.194020 0.113955 0.985858 -0.122878 0.360812 -0.156306 -0.919447 0.925650 -0.060440 0.373521
-5.297029 -11.070137 -294.071114 -41.675580 0.204791 0.976272 -0.070380 0.444870 -0.156885 -0.881747 0.871866 -0.149263 0.466443
-5.121633 -11.289723 -756.063700 116.037412 0.368593 0.928308 0.048817 0.288160 -0.064173 -0.955429 0.883800 -0.366232 0.291155
-6.784522 -10.010782 -941.437852 -64.927568 0.429241 0.892652 0.137567 0.225841 0.041395 -0.973284 0.874498 -0.448842 0.183830
-7.993477 -10.106797 -155.838103 -66.111068 0.134962 0.985626 0.101623 0.204351 0.072669 -0.976197 0.969549 -0.152516 0.191606
6.277286 -14.764129 -1185.303820 579.674241 0.481532 0.876174 0.021115 0.113893 -0.038670 -0.992740 0.868997 -0.480441 0.118412
-5.832117 -10.656568 -21.425486 -17.537453 0.756792 -0.544386 0.361814 -0.443910 -0.021734 0.895808 0.479802 0.838553 0.258107
-6.895040 -10.925277 -25.946401 3.557413 0.730672 -0.621014 0.283654 -0.483727 -0.177706 0.856988 0.481795 0.763389 0.430246
-6.839152 -10.841221 -34.185974 -30.135023 0.719991 -0.628077 0.295183 -0.405210 -0.035160 0.913547 0.563399 0.777357 0.279818
0.366123 -5.400820 55.082683 -34.850841 0.111766 0.993684 0.010041 -0.864825 0.102240 -0.491553 0.489475 -0.046255 -0.870790
0.873474 -4.788925 25.644861 -48.898684 0.120512 0.992696 -0.005579 -0.818741 0.096213 -0.566045 0.561374 -0.072783 -0.824355
0.058616 -4.622162 68.912825 -49.200036 0.068114 0.997676 -0.001876 -0.815982 0.054627 -0.575491 0.574051 -0.040730 -0.817806
1.133061 -5.340333 35.569434 -34.275363 0.126170 0.992008 0.001258 -0.851406 0.108937 -0.513069 0.509106 -0.063663 -0.858346
-0.808833 -5.197870 74.920829 -36.956552 0.063931 0.997947 -0.003835 -0.859891 0.053136 -0.507705 0.506458 -0.035756 -0.861523
-0.664451 -5.714507 81.328590 -24.818237 0.090455 0.995688 0.020575 -0.901171 0.090628 -0.423883 0.423920 -0.019801 -0.905483
1.141337 -5.711603 21.163412 -20.010472 0.133830 0.990988 -0.005705 -0.890011 0.117657 -0.440496 0.435855 -0.064029 -0.897737
1.546989 -6.846457 106.012920 -12.349773 0.094171 0.992832 0.073590 -0.752850 0.022651 0.657803 -0.651421 0.117348 -0.749587
0.942468 -6.937595 133.262742 0.221721 0.120701 0.989269 0.082327 -0.809072 0.049983 0.585580 -0.575182 0.137288 -0.806423
-0.449952 -7.259579 99.326744 -7.316841 0.071920 0.991960 0.104131 -0.767481 -0.011641 0.640966 -0.637025 0.126017 -0.760473
2.707533 -6.709134 120.034999 11.393051 0.120222 0.992126 0.035115 -0.811065 0.077762 0.579765 -0.572469 0.098182 -0.814027
-0.209886 -7.179072 86.996747 -7.848255 0.046973 0.991437 0.121843 -0.688445 -0.056249 0.723104 -0.723766 0.117849 -0.679908
2.944489 -6.361484 76.931911 -9.959822 0.069384 0.997502 0.013274 -0.704478 0.039572 0.708622 -0.706326 0.058518 -0.705464
3.286601 -6.487744 81.507292 -6.233093 0.092682 0.995682 -0.005142 -0.775658 0.075438 0.626629 -0.624311 0.054089 -0.779301
1.466809 -7.278544 1.529544 36.816703 0.130627 0.989165 0.066995 0.834177 -0.073137 -0.546626 0.535804 -0.127290 0.834693
1.218761 -7.727841 35.316774 42.747869 0.119079 0.992662 0.021026 0.877167 -0.095255 -0.470644 0.465187 -0.074488 0.882073
0.832672 -6.881075 44.757627 10.821653 0.125039 0.992150 0.001968 0.809060 -0.100816 -0.579015 0.574272 -0.073992 0.815314
0.994953 -6.701742 29.441237 -6.600207 0.132384 0.990959 0.021794 0.747441 -0.085363 -0.658821 0.651004 -0.103507 0.751984
1.496120 -6.406235 -6.089838 50.470468 0.123955 0.987840 0.093850 0.768280 -0.035684 -0.639119 0.627998 -0.151325 0.763360
1.730167 -6.699188 7.166297 38.399099 0.108653 0.989450 0.095827 0.819080 -0.034485 -0.572641 0.563296 -0.140709 0.814186
1.687768 -7.555519 -14.009681 42.941063 0.128283 0.987740 0.088962 0.865532 -0.067715 -0.496255 0.484146 -0.140660 0.863607
-0.262509 -10.391931 -2.606225 62.625242 0.231652 0.971900 -0.041801 0.920812 -0.232929 -0.312809 0.313756 -0.033972 0.948896
-0.346558 -9.990121 19.552664 54.701860 0.195178 0.979737 -0.044949 0.926390 -0.199211 -0.319558 0.322037 -0.020730 0.946500
0.002431 -11.763645 1.481560 46.049756 0.167393 0.985363 -0.032253 0.976551 -0.170210 -0.131818 0.135378 0.009431 0.990749
-0.091223 -11.726873 -18.075334 115.473930 0.223928 0.974188 -0.028522 0.938480 -0.223429 -0.263317 0.262893 -0.032197 0.964288
-0.077425 -13.462257 -7.673080 52.236232 0.166860 0.985773 -0.020237 0.984490 -0.167700 -0.051530 0.054191 0.011325 0.998466
0.193070 -12.777890 -5.662237 43.976048 0.123896 0.991973 -0.025268 0.991743 -0.122938 0.036488 -0.033089 0.029580 0.999015
0.255405 -11.903396 -15.675148 36.777305 -0.116831 -0.992845 0.024689 0.992846 -0.116143 0.027697 -0.024631 0.027748 0.999311
0.343871 -11.347352 20.887398 43.672983 0.120621 0.992330 -0.027063 0.992034 -0.121493 -0.033295 0.036328 0.022831 0.999079
-0.663251 -19.522124 -5.380930 226.273638 0.169782 0.973300 -0.154471 -0.686118 0.004229 -0.727478 0.707401 -0.229498 -0.668517
-0.563764 -19.290511 23.972183 259.396802 0.163635 0.979935 -0.113801 -0.746306 0.047523 -0.663904 0.645175 -0.193569 -0.739108
-0.293204 -19.417816 28.218008 -84.478539 0.153620 0.982471 -0.105604 -0.455276 -0.024479 -0.890014 0.876998 -0.184802 -0.443535
0.063493 -19.650944 29.613313 86.036903 0.178989 0.980946 -0.075555 -0.536766 0.033005 -0.843085 0.824527 -0.191458 -0.532446
-0.508611 -19.484919 -7.353438 -78.563272 0.180372 0.972943 -0.144391 -0.442524 -0.050832 -0.895315 0.878430 -0.225386 -0.421381
-0.304226 -19.137291 27.019606 -295.892646 0.161544 0.979621 -0.119361 -0.250608 -0.076263 -0.965080 0.954515 -0.185816 -0.233181
0.154202 -18.538821 22.388697 -306.595890 0.173019 0.979214 -0.105848 -0.186226 -0.073006 -0.979791 0.967153 -0.189234 -0.169724
0.415585 -18.810554 37.727225 -263.245125 0.163417 0.983139 -0.082055 -0.226509 -0.043561 -0.973034 0.960202 -0.177597 -0.215571
0.436417 -6.696828 -27.404765 -31.202329 -0.065431 0.997363 -0.031404 -0.122973 0.023172 0.992139 -0.990251 -0.068778 -0.121133
0.230762 -6.444921 -13.486605 -0.452622 -0.055610 0.996911 -0.055464 -0.033275 0.053668 0.998004 -0.997898 -0.057345 -0.030188
0.277779 -6.923007 -3.430182 -34.238175 -0.043927 0.996845 -0.066110 -0.127862 0.060020 0.989974 -0.990819 -0.051940 -0.124822
0.690444 -6.541279 -19.191614 -27.971461 -0.058863 0.997893 -0.027306 -0.213932 0.014108 0.976747 -0.975073 -0.063336 -0.212651
0.904829 -6.335052 -19.718842 -10.520551 -0.058273 0.998115 0.019248 -0.183728 -0.029674 0.982529 -0.981248 -0.053718 -0.185110
3.455688 -3.132124 27.627761 -57.021119 -0.021767 0.900826 -0.433635 0.052808 -0.432096 -0.900280 0.998367 0.042496 0.038166
4.400618 -4.504872 5.542091 -30.634462 0.005673 0.929567 -0.368610 -0.028564 -0.368315 -0.929262 0.999576 -0.015800 -0.024463
3.918941 -4.784439 -55.775313 -9.920310 0.085122 0.914018 -0.396643 -0.022484 -0.396224 -0.917879 0.996117 -0.087049 0.013177
3.094375 -4.129114 -54.505294 -55.197897 0.107515 0.877715 -0.466965 0.053403 -0.474108 -0.878846 0.992768 -0.069552 0.097846
4.226478 -28.210805 222.111375 -544.444963 0.095297 0.985141 0.142883 0.171770 -0.157656 0.972440 -0.980517 0.068127 0.184242
-0.336887 -30.383946 47.011267 -591.049856 0.039810 0.998639 0.033709 0.251102 -0.042651 0.967020 -0.967142 0.030033 0.252458
2.133578 -29.716296 195.952937 -65.249342 0.088956 0.995502 0.032607 0.547487 -0.076218 0.833336 -0.832072 0.056278 0.551805
12.328305 -28.348192 725.062138 -12.115969 0.183178 0.971746 0.148845 0.533294 -0.225417 0.815344 -0.825859 0.069975 0.559518
-0.299593 -7.313422 -42.722672 17.593800 0.008117 0.997792 -0.065916 -0.925538 -0.017459 -0.378251 0.378567 -0.064078 -0.923353
-0.555214 -6.948139 -4.154569 45.632706 -0.047327 0.997438 -0.053634 -0.954470 -0.060990 -0.292005 0.294528 -0.037372 -0.954912
-0.928862 -7.308026 -25.466964 -2.946029 -0.030958 0.997475 -0.063914 -0.882573 -0.057294 -0.466671 0.469155 -0.041962 -0.882118
-0.148200 -7.023512 -21.998320 31.481581 0.004732 0.997940 -0.063987 -0.970450 -0.010854 -0.241058 0.241256 -0.063237 -0.968399
-0.689388 -8.016655 -27.901995 22.991208 0.015312 0.998490 -0.052757 -0.857389 -0.014035 -0.514477 0.514441 -0.053110 -0.855880
-0.325687 -7.743082 -41.213439 31.211663 0.031963 0.996990 -0.070639 -0.915624 0.000869 -0.402034 0.400763 -0.077529 -0.912896
-0.621435 -14.638823 0.536233 -199.137665 0.147197 0.955845 0.254350 0.934945 -0.050530 -0.351176 0.322818 -0.289495 0.901100
-0.309346 -12.346912 -7.391267 54.290406 -0.060440 -0.962796 -0.263385 0.976966 -0.002959 -0.213374 0.204657 -0.270215 0.940797
-0.217957 -13.723524 23.435658 -27.617659 -0.107713 -0.954005 -0.279771 0.978558 -0.052041 -0.199290 0.175564 -0.295238 0.939155
0.630317 -6.597920 133.729991 11.455822 0.103540 0.987399 0.119679 -0.880952 0.035181 0.471895 -0.461738 0.154291 -0.873494
1.192346 -6.695257 154.416734 6.992290 0.166649 0.982296 0.085573 -0.813282 0.087867 0.575198 -0.557495 0.165451 -0.813526
2.407395 -7.131492 126.768526 14.226033 0.119666 0.988683 0.090473 -0.857423 0.056977 0.511448 -0.500505 0.138777 -0.854538
2.981390 -7.307935 72.571497 15.155547 0.137285 0.990190 0.026008 -0.791770 0.093922 0.603555 -0.595192 0.103452 -0.796897
2.379746 -6.990983 118.920536 9.978577 0.082943 0.991421 0.101021 -0.911081 0.034364 0.410792 -0.403797 0.126111 -0.906115
2.595001 -7.472359 -13.828957 5.824582 0.071246 0.997439 -0.006231 -0.879001 0.065736 0.472266 -0.471467 0.028170 -0.881434
0.409418 -15.978397 0.390004 -162.283279 0.053434 0.985864 0.158799 -0.463303 -0.116398 0.878523 -0.884588 0.120515 -0.450534
0.543722 -14.993231 5.145731 -11.202738 0.052801 0.985585 0.160732 -0.613831 -0.094925 0.783710 -0.787670 0.140043 -0.599970
0.119097 -16.742155 28.010107 -181.009695 0.046801 0.979330 0.196778 -0.468491 -0.152464 0.870213 -0.882228 0.132916 -0.451672
-0.236056 -19.516609 36.174752 -301.722349 0.061595 0.981201 0.182894 -0.246653 -0.162595 0.955366 -0.967144 0.103957 -0.232002
-0.732527 -2.186526 -10.590960 -22.853839 -0.305080 0.846101 0.437080 -0.082710 0.433684 -0.897261 0.948728 0.309887 0.062327
-0.847751 -2.146406 7.170704 -34.436910 -0.333965 0.917765 0.214882 -0.001700 0.227384 -0.973804 0.942584 0.325581 0.074378
-1.199095 -1.428455 -9.229173 -30.612037 -0.309145 0.842968 0.440266 -0.041428 0.450567 -0.891781 0.950112 0.293929 0.104368
-0.486496 -1.665639 6.057877 -29.397433 0.250667 -0.538912 -0.804201 -0.132582 0.803785 -0.579958 0.958951 0.251999 0.130032
-0.374898 -2.462108 -11.393171 -13.873103 -0.285237 0.768961 0.572135 -0.110024 0.566717 -0.816533 0.952121 0.295854 0.077044
0.744193 -3.751562 -41.697881 36.423046 -0.107421 0.994095 -0.015326 -0.873161 -0.086959 0.479612 -0.475448 -0.064902 -0.877347
1.167332 -3.281887 -15.467903 25.554004 -0.066006 0.997817 -0.002318 -0.859569 -0.055681 0.507977 -0.506739 -0.035522 -0.861368
0.433408 -3.332482 -46.361059 9.249776 -0.030850 0.996593 -0.076494 -0.847452 0.014499 0.530674 -0.529975 -0.081196 -0.844117
0.194246 -3.560313 -63.589619 29.656333 -0.090348 0.994839 -0.046184 -0.860367 -0.054611 0.506741 -0.501604 -0.085519 -0.860860
-0.261679 -4.094027 -65.515684 42.557564 -0.132557 0.990971 -0.020120 -0.872372 -0.107008 0.476986 -0.470527 -0.080780 -0.878680
0.284825 -3.881362 54.197306 28.735962 -0.015923 0.996863 0.077522 -0.860076 -0.053196 0.507384 -0.509917 0.058596 -0.858226
-0.502402 -4.264976 39.836494 26.573409 -0.074696 0.992839 0.093224 -0.840007 -0.113026 0.530673 -0.537409 0.038669 -0.842435
0.176978 -3.613986 54.051071 16.879685 -0.100055 0.986534 0.129385 -0.826711 -0.154787 0.540915 -0.553658 0.052843 -0.831066
2.525467 -23.754669 -57.875400 -551.960899 -0.062061 0.970897 -0.231316 0.997754 0.054503 -0.038927 -0.025187 -0.233213 -0.972100
3.956471 -38.753349 -38.004039 1403.139202 -0.108775 0.978569 -0.174843 -0.962883 -0.147429 -0.226099 0.247031 -0.143759 -0.958284
3.781110 -23.085855 -33.397291 -484.786885 -0.112902 0.985263 -0.128494 0.993517 0.110217 -0.027844 -0.013272 -0.130805 -0.991319
2.742762 -38.494622 -111.692183 1293.662194 -0.054740 0.958577 -0.279522 -0.959456 -0.128015 -0.251111 0.276492 -0.254443 -0.926720
2.392756 -6.909134 -17.793334 67.857888 -0.562456 0.517771 0.644637 0.820935 0.256792 0.510024 0.098537 0.816070 -0.569490
0.256754 -17.257277 -3.673121 764.141600 0.808716 -0.345133 -0.476300 0.586679 0.415116 0.695332 0.042262 0.841762 -0.538193
2.452771 -8.179375 0.206162 55.007136 -0.581275 0.529215 0.618103 0.812012 0.328257 0.482580 0.052492 0.782419 -0.620536
2.064288 -8.444055 -13.156781 -211.511829 -0.641787 0.527478 0.556666 0.757421 0.322311 0.567829 0.120098 0.786055 -0.606378
1.862286 -48.486828 4.988479 2449.909741 -0.140883 -0.982101 0.125016 0.989507 -0.135593 0.049905 -0.032060 0.130735 0.990899
13.155373 -205.556779 208.881306 10469.147304 -0.089720 -0.981603 0.168541 0.987775 -0.066039 0.141204 -0.127476 0.179150 0.975528
1.338317 -31.775089 53.709880 1604.988425 -0.171867 -0.974440 0.144670 0.985097 -0.168993 0.032014 -0.006747 0.148016 0.988962
-0.499354 -13.864194 -31.135668 689.343304 -0.173689 -0.974925 0.139113 0.983798 -0.165400 0.069170 -0.044426 0.148873 0.987858
-1.167716 -3.810067 36.376129 54.228853 -0.450718 0.658163 -0.603055 0.002924 0.676651 0.736298 0.892662 0.330099 -0.306903
-0.314936 -4.970068 80.713105 106.132910 -0.462226 0.581998 -0.669048 0.005782 0.756446 0.654030 0.886743 0.298441 -0.353014
-0.059859 -3.651400 110.101689 61.060825 -0.464514 0.459540 -0.757001 -0.112368 0.817326 0.565112 0.878408 0.347565 -0.328022
-6.544412 -7.519818 -93.707928 63.161380 0.340823 0.907178 0.246712 0.448456 -0.387523 0.805427 -0.826273 0.163869 0.538907
-6.656212 -6.992900 -67.280361 -5.110272 0.054100 0.981549 -0.183399 0.656748 0.103375 0.746991 -0.752167 0.160859 0.639038
-7.402030 -7.515233 -4.837509 -56.131306 0.642487 0.269003 0.717528 0.036877 0.924420 -0.379588 -0.765408 0.270341 0.584008
-7.128223 -8.152712 -55.673247 64.352743 0.468133 0.823155 0.321353 0.312460 -0.494366 0.811154 -0.826571 0.279318 0.488632
-0.979671 -5.592608 102.575590 37.070829 0.068085 0.967770 -0.242457 0.842582 -0.185912 -0.505462 0.534247 0.169876 0.828084
-1.556866 -5.562167 50.542482 36.802968 0.052531 0.978442 -0.199729 0.834505 -0.152863 -0.529371 0.548490 0.138866 0.824545
-0.821673 -4.997257 59.452966 44.958308 0.083279 0.968550 -0.234470 0.788551 -0.207910 -0.578757 0.609304 0.136694 0.781066
-0.038955 -4.573411 58.571160 47.048726 0.110384 0.961842 -0.250351 0.761004 -0.243814 -0.601189 0.639288 0.124157 0.758878
0.043690 -5.256293 68.662254 31.035203 0.089554 0.965335 -0.245168 0.822359 -0.210536 -0.528583 0.561877 0.154280 0.812707
-0.715294 -3.948826 71.640081 55.897363 0.109605 0.961053 -0.253699 0.723976 -0.252074 -0.642120 0.681062 0.113292 0.723408
2.148157 -6.698104 131.982521 46.504637 -0.003436 0.969785 -0.243939 0.748787 0.164180 0.642155 -0.662802 0.180452 0.726726
0.802672 -7.279122 96.764523 54.743972 -0.067677 0.953105 -0.294975 0.677759 0.260883 0.687446 -0.732163 0.153398 0.663632
0.487646 -7.080248 115.613170 45.305238 -0.057576 0.952546 -0.298900 0.748842 0.239209 0.618073 -0.660242 0.188243 0.727080
2.070420 -6.947498 99.963423 67.751873 -0.030134 0.973460 -0.226863 0.674645 0.187278 0.713989 -0.737527 0.131536 0.662384
2.219675 -6.464530 159.085935 17.631769 0.018845 0.968984 -0.246405 0.799890 0.133248 0.585168 -0.599851 0.208125 0.772569
3.674498 -6.222889 103.261348 2.914491 0.030368 0.987313 -0.155856 0.803592 0.068611 0.591213 -0.594406 0.143199 0.791313
3.190335 -6.284000 58.620345 34.773944 -0.003743 0.991035 -0.133549 0.730757 0.093876 0.676152 -0.682627 0.095061 0.724558
0.907937 -6.925711 -174.798205 -46.726010 -0.060809 0.997887 0.022875 0.641876 0.021544 0.766506 -0.764393 -0.061293 0.641830
-1.183460 -7.025795 -101.366201 -42.495909 -0.104900 0.992289 -0.066017 0.607956 0.116521 0.785374 -0.787010 -0.042250 0.615491
0.914802 -6.320966 -142.399160 -27.987115 -0.052078 0.998499 0.016950 0.550332 0.014532 0.834819 -0.833320 -0.052804 0.550263
2.984096 -6.316940 -175.881893 -15.239605 -0.029665 0.998901 0.036283 0.595755 -0.011478 0.803084 -0.802618 -0.045439 0.594760
3.069065 -6.066463 -176.678207 -11.602104 -0.023204 0.998356 0.052412 0.506573 -0.033456 0.861548 -0.861885 -0.046541 0.504964
1.345484 -6.076562 -131.410473 -15.120582 -0.037422 0.998962 0.025987 0.472202 -0.005242 0.881475 -0.880696 -0.045257 0.471515
0.456336 -7.873990 28.748999 35.572665 -0.296935 0.937369 -0.182122 0.944732 0.316137 0.086827 0.138965 -0.146275 -0.979435
0.564998 -7.282384 12.492297 -24.771053 -0.294415 0.936385 -0.191060 -0.926485 -0.328695 -0.183261 0.234403 -0.123059 -0.964319
-0.055618 -7.526555 14.360335 -7.245407 -0.261759 0.948624 -0.177747 -0.925270 -0.299038 -0.233348 0.274513 -0.103383 -0.956010
0.322014 -10.909166 -16.436948 99.107636 -0.249241 0.951742 -0.179069 0.963073 0.224143 -0.149166 -0.101830 -0.209635 -0.972463
0.064930 -10.283422 -12.737139 118.168555 -0.203308 0.961335 -0.185747 0.979106 0.198785 -0.042857 -0.004277 -0.190579 -0.981663
0.511710 -12.439880 6.284001 141.866044 -0.232248 0.960150 -0.155473 0.954012 0.193720 -0.228766 -0.189531 -0.201454 -0.960986
0.694261 -12.208783 -20.312710 -96.423234 -0.305705 0.937885 -0.164061 -0.909701 -0.236852 0.341094 -0.281048 -0.253520 -0.925602
-0.272441 -18.789856 15.726961 195.770903 0.317312 0.946264 -0.062425 -0.026523 -0.056946 -0.998025 0.947950 -0.318341 -0.007028
0.177003 -16.801937 36.415038 338.678185 0.306406 0.949374 -0.069311 -0.245929 0.008611 -0.969249 0.919584 -0.314030 -0.236117
-0.293999 -19.727060 21.191774 204.671997 0.323714 0.942289 -0.085450 0.001904 -0.090961 -0.995853 0.946153 -0.322209 0.031239
0.526339 -17.944587 40.940134 296.990629 0.315952 0.943436 -0.100516 -0.198241 -0.037960 -0.979418 0.927834 -0.329375 -0.175034
-0.243650 -20.041498 34.687972 216.449875 0.308945 0.945516 -0.102725 0.006187 -0.110004 -0.993912 0.951060 -0.306429 0.039835
-0.181178 -8.824606 4.377668 93.134918 -0.108528 0.978240 -0.176828 0.983522 0.131534 0.124028 0.144588 -0.160454 -0.976396
0.102166 -11.315433 11.388276 160.469236 -0.126811 0.978323 -0.163714 0.991841 0.127227 -0.007988 0.013014 -0.163391 -0.986476
0.140610 -10.741818 19.096431 133.869186 -0.173104 0.971632 -0.161141 0.984904 0.170834 -0.027941 0.000381 -0.163545 -0.986536
-0.398181 -21.758570 -13.461898 528.288402 0.626726 -0.382445 0.678933 -0.129883 0.807819 0.574943 -0.768339 -0.448513 0.456608
-1.046843 -30.524557 1.902490 -727.687402 0.661951 -0.378077 0.647208 0.355610 -0.601692 -0.715198 -0.659820 -0.703580 0.263842
-0.908436 -22.285657 -12.746601 390.235041 0.630933 -0.369873 0.681995 -0.240519 0.742487 0.625191 -0.737614 -0.558486 0.379498
-0.617271 -17.776986 -1.641164 200.503129 0.640351 -0.359955 0.678515 -0.041688 0.865798 0.498654 -0.766950 -0.347600 0.539409
-0.727734 -18.246111 14.315397 161.058352 0.659113 -0.336788 0.672416 -0.152793 0.815500 0.558224 -0.736358 -0.470674 0.486048
12.193095 -3.836430 447.456656 110.557419 -0.128756 0.846864 -0.515987 -0.767578 0.244338 0.592556 -0.627890 -0.472356 -0.618574
15.025885 -5.081253 678.066867 91.786395 -0.079851 0.871930 -0.483076 -0.832310 0.208360 0.513660 -0.548529 -0.443086 -0.709078
3.190139 -7.440213 90.471376 -3.462595 -0.428333 0.872597 -0.234746 -0.636113 -0.106668 0.764188 -0.641788 -0.476652 -0.600759
35.958574 -5.423643 1510.634581 83.568581 -0.011325 0.840833 -0.541176 -0.864786 0.263477 0.427464 -0.502013 -0.472842 -0.724157
1.142470 -4.046701 -7.319759 47.406126 0.053249 0.995828 -0.074108 0.806624 -0.086643 -0.584680 0.588661 0.028643 0.807872
1.390726 -4.105020 -19.521150 43.387081 0.089773 0.988669 -0.120310 0.795074 -0.143892 -0.589197 0.599832 0.042761 0.798982
0.930934 -3.309599 -18.962714 37.669464 0.105746 0.987616 -0.115896 0.756865 -0.155532 -0.634795 0.644960 0.020591 0.763939
0.898161 -3.501850 -5.013598 34.917788 0.055962 0.996240 -0.066142 0.782385 -0.084912 -0.616979 0.620275 0.017221 0.784195
0.630608 -3.058587 -6.739099 22.785225 0.054505 0.996890 -0.056917 0.753397 -0.078467 -0.652868 0.655303 0.007297 0.755331
0.715038 -2.778997 -27.856377 32.200220 0.144468 0.978119 -0.149709 0.711934 -0.207823 -0.670791 0.687226 0.009675 0.726379
0.552379 -2.818191 -16.470266 23.141062 0.100003 0.990227 -0.097210 0.729717 -0.139407 -0.669387 0.676397 0.003995 0.736527
-13.450764 -3678.012493 2396.541314 196168.128477 0.779813 0.581505 -0.231826 -0.623254 0.755901 -0.200418 -0.058693 -0.300775 -0.951887
-21.430608 -127.612438 1034.085015 6729.392912 -0.740560 0.246054 -0.625323 0.472051 0.852771 -0.223491 0.478267 -0.460693 -0.747678
-28.671392 -76.627584 546.139051 1260.721998 -0.147660 0.760885 -0.631863 -0.650109 -0.556130 -0.517763 0.745356 -0.334327 -0.576776
-26.660944 -39.373120 620.501106 1847.420616 -0.748632 -0.029278 -0.662339 0.331494 0.848650 -0.412196 0.574162 -0.528144 -0.625621
-12.777510 -34.952141 533.550773 90.495049 0.387909 0.875170 -0.289144 -0.790895 0.154965 -0.592005 0.473298 -0.458327 -0.752280
-3.105854 -19.277921 -97.233820 -186.578081 0.687045 -0.260809 0.678195 -0.221272 0.813934 0.537168 -0.692104 -0.519124 0.501500
-3.262351 -25.635287 -126.820442 -431.887881 0.682043 -0.263580 0.682161 -0.043705 0.916432 0.397797 -0.730005 -0.301128 0.613526
-1.285467 -23.731381 13.057261 -269.426347 0.686888 -0.305884 0.659257 0.054346 0.926193 0.373113 -0.724728 -0.220459 0.652815
-1.385925 -19.584343 -5.963114 -173.316305 0.689923 -0.281174 0.667044 -0.096240 0.877672 0.469499 -0.717457 -0.388114 0.578466
-1.420947 -4.665018 -139.052791 -37.252106 -0.136303 0.967940 0.210984 0.093493 -0.199453 0.975437 -0.986246 -0.152681 0.063309
-0.005579 -4.289476 -114.163967 -29.757194 -0.129989 0.951667 0.278267 0.092776 -0.267742 0.959013 -0.987165 -0.150478 0.053488
-0.972912 -4.529036 -108.116144 -30.812210 -0.139007 0.976052 0.167329 0.141527 -0.147655 0.978861 -0.980126 -0.159751 0.117613
-2.719301 -5.214709 -78.359701 -15.112883 -0.115570 0.992649 -0.035939 0.135919 0.051645 0.989373 -0.983956 -0.109457 0.140889
-2.058621 -4.805798 -91.830662 14.253956 -0.148775 0.988851 -0.006372 0.209059 0.037750 0.977174 -0.966520 -0.144047 0.212345
0.985225 -42.024791 352.688910 1565.721270 0.500206 -0.536753 0.679478 0.045452 0.799895 0.598416 -0.864713 -0.268448 0.424509
3.953637 -43.489345 283.538566 1710.848859 0.421890 -0.637157 0.645012 0.178042 0.755796 0.630138 -0.888994 -0.151010 0.432304
-4.062373 -25.666597 385.182294 931.314237 0.475670 -0.541764 0.692986 0.250368 0.838622 0.483765 -0.843240 -0.056611 0.534548
-4.643177 -50.272060 111.740349 2213.443977 0.472098 -0.442333 0.762539 0.095625 0.885593 0.454511 -0.876344 -0.141656 0.460385
0.901491 -6.944858 -5.889211 -12.717841 -0.098112 0.986420 -0.131716 0.329276 0.157077 0.931077 -0.939123 -0.047979 0.340216
0.897964 -6.990753 18.208637 -27.832516 -0.090252 0.976940 -0.193501 0.293985 0.211770 0.932055 -0.951539 -0.027233 0.306319
1.327832 -7.045773 34.816662 0.211293 -0.075179 0.978268 -0.193233 0.441734 0.206403 0.873080 -0.893991 0.019720 0.447652
1.629926 -6.612013 -5.739531 19.453057 -0.081048 0.993664 -0.077862 0.483783 0.107518 0.868558 -0.871427 -0.032726 0.489432
1.094510 -6.432533 -20.616099 22.335350 -0.091621 0.994488 -0.050982 0.405173 0.083998 0.910373 -0.909637 -0.062753 0.410636
0.645960 -6.852060 -28.353272 0.785668 -0.111179 0.990159 -0.084995 0.275543 0.112885 0.954638 -0.954838 -0.082716 0.285381
-0.198589 -18.581229 -39.729448 297.208907 0.615666 -0.459464 0.640194 -0.120368 0.748054 0.652631 -0.778760 -0.478862 0.405246
-0.215581 -15.677072 -14.028940 213.673312 0.619493 -0.434884 0.653532 -0.013153 0.826656 0.562554 -0.784892 -0.357094 0.506387
0.348621 -14.276160 -20.138708 158.486291 0.624864 -0.480274 0.615534 0.091252 0.827928 0.553360 -0.775383 -0.289606 0.561169
0.503926 -14.574635 -10.428413 189.013252 0.635329 -0.476975 0.607332 -0.007358 0.782679 0.622383 -0.772207 -0.399886 0.493748
-0.525080 -1.952964 -24.017024 53.364879 0.094571 0.073996 0.992764 0.252568 0.962822 -0.095824 -0.962946 0.259803 0.072366
-0.751820 -2.041638 -24.409902 46.657417 0.088281 -0.009634 0.996049 0.252955 0.967390 -0.013062 -0.963442 0.253109 0.087839
-0.934631 -1.472024 -21.832975 66.610237 0.084436 -0.025572 0.996101 0.292213 0.956353 -0.000218 -0.952618 0.291092 0.088223
6.336757 -47.235211 -66.723065 -740.662583 -0.113385 0.993353 0.019846 0.165568 0.038587 -0.985443 0.979659 0.108449 0.168843
4.889409 -47.369249 -46.307908 -202.325899 0.006350 0.999473 0.031821 0.150658 0.030502 -0.988115 0.988566 -0.011069 0.150385
6.156682 -49.634544 -91.950398 -1557.031923 -0.066298 0.997218 0.034075 0.552665 0.065133 -0.830854 0.830762 0.036252 0.555446
8.233410 -50.159922 -174.483861 -1678.584529 -0.139042 0.990227 -0.010828 0.435332 0.051298 -0.898807 0.889468 0.129685 0.438210
7.515992 -37.234121 -162.907094 -1083.195849 -0.146860 0.989144 -0.005184 0.691276 0.098884 -0.715793 0.707510 0.108705 0.698293
5.362945 -31.036172 -50.595826 -879.878208 -0.098182 0.995050 0.015342 0.799918 0.088081 -0.593610 0.592023 0.046009 0.804606
4.380038 -35.571360 -54.079114 -895.349075 0.001698 0.999234 0.039107 0.767620 0.023762 -0.640465 0.640903 -0.031107 0.766991
1.023134 -58.872122 -52.002783 472.000471 -0.891866 0.413620 -0.183012 0.382089 0.905518 0.184511 0.242038 0.094632 -0.965641
1.264283 -41.340941 -48.730017 686.115218 -0.892477 0.388974 -0.228438 0.370508 0.920961 0.120646 0.257310 0.023036 -0.966054
2.054747 -45.519165 -17.714257 400.574367 -0.853291 0.479057 -0.205911 0.352921 0.821290 0.448252 0.383851 0.309819 -0.869868
-7.406601 -12.357430 -13.992279 304.351705 0.033607 0.821915 0.568619 -0.252081 0.557517 -0.790968 0.967122 0.116755 -0.225926
-6.793735 -10.288307 1.117796 84.249337 -0.221542 0.974634 -0.031739 -0.116400 -0.058746 -0.991463 0.968179 0.215957 -0.126463
-8.721218 -11.476742 77.730448 115.576930 -0.121296 0.923599 0.363665 -0.142882 0.346309 -0.927176 0.982279 0.164424 -0.089960
-6.307121 -9.282368 -28.284689 95.288340 -0.339770 0.912339 -0.228461 -0.125538 -0.284733 -0.950351 0.932093 0.294220 -0.211277
-8.863505 -10.661099 38.405566 -96.136534 0.064611 0.968513 -0.240432 0.501560 -0.239809 -0.831222 0.862707 0.066885 0.501261
-7.513578 -10.249248 -39.132982 -27.720123 -0.062299 0.993195 0.098400 0.600977 0.116045 -0.790797 0.796835 -0.009870 0.604117
-2.820923 -10.946523 -439.082957 -35.817594 0.145657 0.977151 0.154791 0.586124 0.040815 -0.809193 0.797021 -0.208592 0.566787
-0.819623 -6.062669 101.376921 -9.402837 0.112263 0.992870 0.040072 -0.940715 0.119183 -0.317571 0.320083 0.002044 -0.947387
-1.382656 -5.841909 55.523039 -9.057296 0.087995 0.996111 -0.004456 -0.933915 0.080943 -0.348211 0.346496 -0.034803 -0.937406
-1.562960 -6.024633 56.843175 -4.400637 0.105506 0.994412 0.003776 -0.957116 0.102577 -0.270939 0.269812 -0.024972 -0.962589
-1.049398 -6.175536 90.055377 -6.779457 0.134816 0.990272 0.034438 -0.967236 0.139067 -0.212402 0.215125 0.004674 -0.976575
0.274394 -6.234763 80.465001 -8.131625 0.146127 0.988539 0.037903 -0.955918 0.150962 -0.251855 0.254690 -0.000571 -0.967023
0.268845 -7.013686 62.053091 3.131590 0.025256 0.991892 0.124546 -0.594525 -0.085256 0.799545 -0.803680 0.094239 -0.587552
-1.139190 -7.329406 65.026661 11.185891 0.021054 0.991605 0.127579 -0.601646 -0.089349 0.793750 -0.798485 0.093469 -0.594714
-0.732053 -7.057036 51.826960 29.738448 0.008693 0.991553 0.129409 -0.487379 -0.108800 0.866385 -0.873147 0.070602 -0.482317
1.362777 -6.700823 63.300115 1.899113 0.016913 0.993701 0.110783 -0.524638 -0.085501 0.847021 -0.851157 0.072447 -0.519887
2.167502 -6.557144 80.514325 -12.328010 0.053929 0.996223 0.068059 -0.627255 -0.019235 0.778577 -0.776945 0.084678 -0.623848
0.134873 -6.968774 49.155746 19.842235 -0.001226 0.989195 0.146604 -0.493043 -0.128144 0.860516 -0.870004 0.071227 -0.487873
4.615597 -6.897932 187.694911 24.532773 0.190950 0.325947 0.925903 -0.579893 0.798522 -0.161513 -0.791999 -0.506084 0.341492
3.270489 -6.456039 186.366558 35.066503 0.169067 0.354898 0.919491 -0.484525 0.842334 -0.236028 -0.858284 -0.405612 0.314368
2.254800 -6.811016 185.111397 42.850015 0.125685 0.443920 0.887208 -0.553865 0.773349 -0.308487 -0.823066 -0.452622 0.343070
0.563059 -7.673427 50.808514 13.321533 0.137107 0.990248 -0.024689 0.859428 -0.131313 -0.494106 0.492530 -0.046528 0.869051
-0.488745 -9.164072 11.093751 66.656200 0.240275 0.969013 -0.057283 0.862111 -0.240145 -0.446201 0.446130 -0.057827 0.893098
-0.445961 -8.659942 12.502450 58.250545 0.204950 0.978124 -0.035624 0.861183 -0.197505 -0.468355 0.465145 -0.065311 0.882822
-0.862919 -17.818798 -3.267436 253.747361 0.156390 0.974395 -0.161543 -0.834822 0.042997 -0.548839 0.527840 -0.220692 -0.820171
-0.260520 -19.363617 35.434435 248.366113 0.181006 0.979778 -0.085281 -0.770454 0.087371 -0.631480 0.611259 -0.180006 -0.770688
0.757364 -10.491298 -7.778347 27.667224 -0.041858 0.997554 -0.055976 0.465651 0.069046 0.882271 -0.883978 -0.010864 0.467402
0.792443 -11.707764 -7.219553 168.228311 -0.030610 0.998624 -0.042572 0.350933 0.050618 0.935031 -0.935900 -0.013681 0.352000
0.920364 -10.848689 3.645351 62.334984 -0.010848 0.998293 -0.057392 0.432144 0.056439 0.900037 -0.901740 0.015038 0.432018
0.549703 -11.071399 -12.355453 116.682782 -0.049677 0.998023 -0.038498 0.412104 0.055594 0.909439 -0.909782 -0.029312 0.414051
0.824224 -10.542259 7.200851 -63.027161 -0.023181 0.996850 -0.075849 0.564998 0.075654 0.821617 -0.824767 0.023808 0.564971
0.801443 -10.197277 -5.314961 -88.248137 -0.047588 0.996887 -0.062866 0.552430 0.078702 0.829836 -0.832200 -0.004761 0.554455
0.725788 -10.172595 -6.280490 -12.148409 -0.050570 0.997240 -0.054358 0.495525 0.072309 0.865578 -0.867120 -0.016837 0.497814
0.203319 -5.367326 -14.296598 102.652040 -0.054294 0.992551 -0.109061 0.085624 0.113448 0.989848 -0.994847 -0.044404 0.091145
0.439856 -5.265548 -23.450415 58.921660 -0.056758 0.995886 -0.070638 0.066750 0.074379 0.994994 -0.996154 -0.051759 0.070697
0.450019 -2.439451 -17.033126 208.114324 -0.061641 0.981628 -0.180572 0.193593 0.189239 0.962658 -0.979144 -0.024382 0.201701
0.701258 -5.182015 -27.726952 1.832908 -0.056954 0.996183 -0.066149 0.047023 0.068860 0.996518 -0.997269 -0.053645 0.050765
0.622062 -4.355445 -25.003882 88.618121 -0.060165 0.989419 -0.132025 0.127437 0.138796 0.982087 -0.990020 -0.042262 0.134439
3.584503 -4.339129 97.624538 -33.501120 -0.096654 0.931705 -0.350120 -0.039354 -0.355069 -0.934011 0.994540 0.076498 -0.070985
0.266640 -23.890174 38.442015 -505.351237 0.056329 0.995513 0.076035 -0.064242 -0.072384 0.995306 -0.996343 0.060949 -0.059877
-0.950443 -24.259962 -16.618939 -437.573296 0.035349 0.995166 0.091629 -0.014554 -0.091164 0.995730 -0.999269 0.036532 -0.011261
-0.937362 -7.297227 -1.125803 34.049339 -0.079500 0.994864 -0.062657 -0.903097 -0.098493 -0.417990 0.422014 -0.023355 -0.906288
-0.150527 -6.658068 -25.546098 15.797365 -0.023851 0.997758 -0.062528 -0.976984 -0.036525 -0.210164 0.211977 -0.056076 -0.975665
-2.056058 -22.832953 53.193031 -162.027378 0.188633 0.959379 0.209782 0.565157 0.068648 -0.822123 0.803129 -0.273639 0.529250
-1.792293 -25.506405 41.088681 -139.127764 0.159912 0.956676 0.243309 0.394966 0.163882 -0.903960 0.904671 -0.240653 0.351648
-1.444152 -22.135532 43.779277 -389.989893 0.169050 0.961571 0.216342 0.710872 0.033088 -0.702543 0.682703 -0.272556 0.677960
1.825621 -6.719321 158.778273 1.610646 0.209247 0.976458 0.052398 -0.734597 0.121598 0.667519 -0.645433 0.178167 -0.742747
-0.178030 -16.031899 20.502815 -98.570145 0.030626 0.968619 0.246655 -0.524982 -0.194404 0.828614 -0.850562 0.154867 -0.502554
-0.726325 -17.788010 12.962573 -172.010072 0.016722 0.962271 0.271580 -0.310671 -0.253173 0.916181 -0.950371 0.099692 -0.294716
-0.226241 -16.628764 38.086876 -132.131573 0.043792 0.970328 0.237792 -0.455540 -0.192442 0.869166 -0.889138 0.146386 -0.433595
-0.296097 -2.418170 35.877465 -40.118873 -0.347066 0.923042 0.165947 0.022573 0.185116 -0.982457 0.937569 0.337231 0.085083
-0.599141 -1.815668 44.771821 -5.918437 -0.333391 0.940654 -0.063406 0.117897 -0.025129 -0.992708 0.935388 0.338436 0.102523
1.222285 -3.040673 7.327347 19.612081 -0.077378 0.996333 0.036524 -0.844113 -0.084963 0.529391 -0.530553 -0.010133 -0.847591
1.004614 -2.990171 -21.160576 6.177581 -0.043208 0.998616 -0.029994 -0.835947 -0.019696 0.548457 -0.547107 -0.048771 -0.835640
-0.287303 -3.878216 43.663667 9.621266 -0.154127 0.976174 0.152738 -0.802420 -0.213864 0.557121 -0.576512 0.036693 -0.816264
-0.958852 -4.611982 28.972138 4.753382 -0.175961 0.973897 0.143393 -0.798201 -0.226408 0.558225 -0.576119 0.016231 -0.817204
0.307634 -3.495639 41.902384 -6.603966 -0.203863 0.959931 0.192282 -0.777617 -0.278097 0.563892 -0.594771 0.034565 -0.803152
-0.321898 -4.086611 32.549200 -6.101551 -0.268303 0.937307 0.222415 -0.739658 -0.348360 0.575804 -0.617186 0.010021 -0.786753
5.341614 -29.615515 -69.627784 970.021695 -0.177247 0.977257 -0.116412 -0.956371 -0.198945 -0.213954 0.232247 -0.073411 -0.969882
3.670937 -52.735954 -83.619777 1982.726263 -0.055254 0.975102 -0.214765 -0.821007 -0.166781 -0.546014 0.568238 -0.146154 -0.809781
5.988350 -55.749356 -143.998688 2159.064426 -0.088559 0.986741 -0.136014 -0.843371 -0.146935 -0.516851 0.529983 -0.068939 -0.845201
-2.268396 -46.230950 4.838249 2216.157090 0.914098 -0.167350 -0.369349 0.401849 0.495704 0.769932 -0.054240 0.852216 -0.520371
0.652613 -79.092114 -6.289778 4439.436584 0.822382 -0.267157 -0.502310 0.562376 0.515401 0.646602 -0.086147 0.814241 -0.574100
1.816873 -12.711828 33.529085 344.356186 -0.645949 0.458766 0.610150 0.762420 0.427776 0.485513 -0.038270 0.778808 -0.626094
3.938604 -105.171294 23.387081 4734.481437 0.172140 0.979608 -0.103616 0.832826 -0.088552 0.546406 -0.526088 0.180353 0.831086
-0.612899 -7.729538 40.751318 -47.198563 -0.127336 0.991257 -0.034565 -0.769460 -0.120714 -0.627184 0.625873 0.053267 -0.778104
-1.111358 -7.237635 57.855120 -50.566026 -0.088899 0.995640 0.028250 -0.686010 -0.040640 -0.726456 0.722141 0.083961 -0.686632
-1.264900 -7.922111 15.496282 -5.322717 -0.073497 0.996891 -0.028404 -0.778250 -0.075141 -0.623443 0.623639 0.023715 -0.781353
-1.488453 -8.190861 -17.735315 56.539705 -0.032363 0.998382 -0.046761 -0.790515 -0.054197 -0.610040 0.611587 -0.017223 -0.790990
-1.253022 -8.195206 -17.389326 -4.107619 -0.051318 0.996158 -0.070959 -0.831784 -0.081958 -0.549016 0.552723 -0.030848 -0.832794
-5.292795 -9.018143 -51.348286 82.752571 0.243889 0.916057 0.318367 0.255846 -0.377426 0.889996 -0.935447 0.135607 0.326419
-5.540145 -9.339005 -32.519324 37.480321 0.269747 0.906324 0.325290 0.114824 -0.365677 0.923632 -0.956061 0.211796 0.202708
-5.092741 -9.426482 -1.105244 58.292850 0.186943 0.937328 0.294056 0.159261 -0.324291 0.932455 -0.969375 0.127484 0.209904
-6.008213 -9.122531 -74.255443 50.762335 0.337798 0.875953 0.344382 0.178398 -0.418843 0.890362 -0.924157 0.239326 0.297753
-4.729568 -8.311663 -10.607511 75.877151 0.176830 0.950181 0.256684 0.355768 -0.304866 0.883451 -0.917693 0.064901 0.391954
-5.086335 -9.499752 14.617197 32.287883 0.123938 0.965124 0.230597 0.091218 -0.242486 0.965857 -0.988088 0.098671 0.118090
-5.302059 -9.269899 23.264897 -30.413794 0.147977 0.954293 0.259669 -0.037553 -0.256949 0.965695 -0.988278 0.152652 0.002186
-5.134360 -9.420518 -31.318517 -37.923925 0.031377 0.985184 0.168607 -0.026948 -0.167795 0.985454 -0.999144 0.035465 -0.021284
-5.373430 -9.021950 -17.884350 -69.553025 0.057543 0.980438 0.188227 -0.174898 -0.175723 0.968779 -0.982904 0.088667 -0.161365
-5.460766 -9.083150 15.520100 -72.043979 0.160754 0.951020 0.264045 -0.183213 -0.234122 0.954788 -0.969841 0.201863 -0.136603
-1.362895 -5.896438 62.564191 14.628055 0.040344 0.978256 -0.203439 0.884726 -0.129598 -0.447733 0.464363 0.161924 0.870717
-1.453151 -5.853508 -28.268891 31.365748 0.040995 0.989028 -0.141923 0.864401 -0.106348 -0.491427 0.501128 0.102532 0.859277
-1.034667 -7.723398 67.402472 5.297691 -0.134025 0.932611 -0.335074 0.647923 0.338309 0.682453 -0.749822 0.125636 0.649602
-0.199443 -7.715464 53.571044 12.728800 -0.122246 0.938836 -0.321936 0.575299 0.331346 0.747824 -0.808756 0.093791 0.580617
1.072781 -7.479657 80.836005 42.096754 -0.074177 0.957057 -0.280248 0.597110 0.267704 0.756171 -0.798722 0.111248 0.591326
0.265599 -7.111791 28.007348 18.354789 -0.278226 0.944967 -0.172126 -0.903842 -0.318216 -0.286021 0.325054 -0.075997 -0.942637
-0.392242 -8.542068 -1.898281 67.048522 -0.159125 0.971350 -0.176520 0.976537 0.181139 0.116463 0.145101 -0.153846 -0.977383
-0.483384 -8.063045 -3.130647 -27.625921 -0.184865 0.965426 -0.183787 -0.954487 -0.220916 -0.200375 0.234049 -0.138380 -0.962326
-0.493864 -7.873496 13.461377 -0.910832 -0.170473 0.970657 -0.169601 -0.948539 -0.208267 -0.238535 0.266858 -0.120209 -0.956209
-0.434767 -7.725951 5.607407 -7.687461 -0.137057 0.973531 -0.182903 -0.957828 -0.177325 -0.226101 0.252549 -0.144201 -0.956778
-0.190221 -17.449758 -26.064944 359.202728 0.365697 0.929951 -0.038160 -0.173700 0.027912 -0.984403 0.914382 -0.366621 -0.171740
-0.206443 -18.344301 10.953994 178.765433 0.321859 0.946209 -0.033079 -0.021618 -0.027585 -0.999386 0.946541 -0.322377 -0.011577
-0.409012 -20.004430 -5.130689 60.201354 0.334525 0.942061 -0.024790 0.180697 -0.089938 -0.979418 0.924901 -0.323161 0.200314
-0.299655 -19.812079 -9.667326 173.105652 0.340972 0.940025 -0.009583 0.100517 -0.046592 -0.993844 0.934684 -0.337910 0.110375
-0.417604 -21.097091 -30.822876 -156.775924 0.339339 0.940641 -0.006676 0.434615 -0.163075 -0.885729 0.834241 -0.297661 0.464154
-1.109416 -24.345999 -0.946213 411.543933 0.630058 -0.415724 0.655897 -0.356036 0.595978 0.719756 -0.690120 -0.687011 0.227488
-1.438021 -27.676434 29.901781 -352.418394 0.659244 -0.384199 0.646365 0.512830 -0.398930 -0.760171 -0.549912 -0.832614 0.065964
-1.534630 -29.813809 11.227708 -181.171223 0.664292 -0.368842 0.650132 0.609372 -0.236470 -0.756801 -0.432877 -0.898909 -0.067677
-0.540732 -21.523091 14.587622 430.709035 0.636427 -0.379322 0.671622 -0.190220 0.766648 0.613243 -0.747514 -0.518040 0.415761
33.757601 -6.185188 1745.985581 119.600169 -0.006030 0.887080 -0.461577 -0.882371 0.212467 0.419856 -0.470515 -0.409814 -0.781453
27.363341 -6.470374 1205.956374 -34.155511 -0.133159 0.909836 -0.393023 -0.888136 0.066456 0.454750 -0.439867 -0.409612 -0.799209
-0.070216 -5.182138 16.175964 -44.269015 -0.183993 0.973478 -0.135970 0.974289 0.198923 0.105788 -0.130030 0.113010 0.985049
-0.011278 -4.606318 2.802273 -51.766666 -0.199519 0.972365 -0.121238 0.963547 0.217188 0.156226 -0.178240 0.085649 0.980252
-0.104642 -5.100451 -16.855503 -29.717882 -0.224745 0.968444 -0.107728 0.969512 0.233323 0.074881 -0.097654 0.087614 0.991356
-0.168986 -4.669685 -3.519161 -35.880355 -0.227567 0.966977 -0.114753 0.961401 0.241831 0.131251 -0.154668 0.080455 0.984685
-0.242091 -5.849392 11.518441 -39.589201 0.236104 -0.964276 0.120112 0.971242 0.238084 0.002196 -0.030714 0.116140 0.992758
-0.096611 -5.586029 25.069415 -22.878273 0.225943 -0.969291 0.097079 0.973753 0.227539 0.005553 -0.027472 0.093276 0.995261
1.494152 -4.360794 -3.650861 39.433788 0.096169 0.981738 -0.164139 0.793555 -0.175165 -0.582741 0.600851 0.074211 0.795909
1.725879 -4.885883 -30.374883 40.804775 0.066122 0.991489 -0.112152 0.841350 -0.115827 -0.527933 0.536430 0.059451 0.841848
