17176
34334
-7.536713 -9.193966 51.171669 -164.833673 -0.025980 0.971382 0.236096 0.997591 0.009996 0.068649 0.064324 0.237311 -0.969302
-6.165480 -9.711693 11.335160 -102.470128 -0.311094 0.925143 0.217555 0.939215 0.264292 0.219146 0.145243 0.272506 -0.951128
-8.987479 -11.544510 89.541413 -156.570427 0.231698 0.915017 0.330243 0.940478 -0.297466 0.164364 0.248632 0.272504 -0.929475
-5.501278 -8.450982 9.392477 -89.437666 -0.589459 0.778999 0.213772 0.805227 0.545537 0.232376 0.064400 0.309111 -0.948843
-8.928601 -15.766513 18.414145 -418.808822 0.587906 0.760358 0.276084 0.791234 -0.611513 -0.000734 0.168271 0.218878 -0.961133
-7.140474 -13.402761 -75.276371 -428.733566 0.558308 0.814458 0.157957 0.829612 -0.549464 -0.099161 0.006029 0.186405 -0.982455
-5.958208 -7.024708 -15.508504 -167.365014 -0.041187 0.981101 0.189060 0.997710 0.050547 -0.044950 -0.053657 0.186775 -0.980936
-4.968607 -7.442941 -24.889705 -91.815172 0.750215 -0.629807 -0.201299 0.660387 0.728766 0.181076 -0.032657 0.268781 -0.962648
6.009687 -7.957598 -34.446613 -11.192450 -0.288649 0.950930 0.111416 -0.186348 -0.169943 0.967675 -0.939125 -0.258556 -0.226257
7.128738 -8.230595 -55.023639 -26.489704 -0.225506 0.971320 0.075400 -0.104950 -0.101163 0.989319 -0.968573 -0.215184 -0.124752
5.480604 -9.052023 -179.020649 -87.529235 -0.389545 0.914692 0.107672 -0.066138 -0.144386 0.987309 -0.918630 -0.377480 -0.116741
6.811231 -7.947013 11.497856 85.215673 -0.195941 0.976475 0.090023 -0.155171 -0.121520 0.980385 -0.968261 -0.178129 -0.175331
-6.224322 -23.701357 -601.077630 226.768005 -0.613636 0.777335 -0.138570 0.642263 0.389310 -0.660255 -0.459292 -0.494154 -0.738148
-1.317059 -48.284730 -99.539459 -3099.625307 -0.527383 0.846152 0.076775 -0.827148 -0.531978 0.181176 -0.194145 -0.032045 -0.980449
-2.117501 -19.836004 -241.549292 -915.330422 -0.592471 0.804242 -0.046617 -0.736944 -0.517701 0.434626 -0.325411 -0.291857 -0.899404
-0.360501 -2.574437 21.250631 -37.255417 0.338376 0.910755 0.236703 0.932277 -0.290263 -0.215887 -0.127914 0.293723 -0.947293
0.112412 -2.696388 21.768411 -55.631586 0.432824 0.875843 0.213454 0.894026 -0.386657 -0.226304 -0.115673 0.288783 -0.950381
-0.114137 -3.198395 18.869248 -73.477968 0.430325 0.876887 0.214219 0.897310 -0.389716 -0.207257 -0.098257 0.281409 -0.954544
34.673902 -1.824375 -2635.006423 -227.041204 0.619060 -0.474069 0.626118 0.192949 0.864628 0.463886 -0.761273 -0.166364 0.626727
32.406442 -5.335261 2521.547543 -506.110410 -0.444995 0.741212 -0.502577 0.303554 0.652825 0.694027 -0.842517 -0.156279 0.515502
11.607810 -5.308509 774.403321 -116.576544 -0.518835 0.745957 -0.417562 0.469260 0.656796 0.590267 -0.714566 -0.110306 0.690817
9.670812 -8.146829 557.722846 44.488184 -0.540616 0.757174 -0.366636 0.530910 0.645135 0.549486 -0.652586 -0.102410 0.750762
-0.474379 -8.731425 16.444914 21.730376 0.207361 0.957866 0.198734 0.494326 0.072709 -0.866230 0.844182 -0.277861 0.458421
-0.027782 -8.272871 28.183286 35.123606 0.200970 0.954619 0.219805 0.471283 0.102488 -0.876007 0.858780 -0.279641 0.429298
0.247458 -9.064658 22.052281 29.922750 0.182610 0.950351 0.251967 0.654250 0.073840 -0.752665 0.733901 -0.302294 0.608282
-0.327068 -8.959327 -1.921203 22.934017 0.254103 0.942330 0.217821 0.553301 0.043087 -0.831866 0.793278 -0.331900 0.510444
-0.125414 -9.357867 3.089911 10.316352 0.236251 0.944693 0.227467 0.707801 -0.006923 -0.706378 0.665736 -0.327883 0.670290
0.705973 -9.365998 25.981518 1.974820 0.173278 0.949337 0.262170 0.821627 0.007437 -0.569976 0.543050 -0.314170 0.778713
2.047352 -8.971916 56.720529 12.457311 0.139599 0.945043 0.295644 0.791067 0.073144 -0.607341 0.595588 -0.318658 0.737381
0.301812 -16.336004 26.206734 80.523300 0.056471 0.998008 0.028139 -0.981667 0.050363 0.183829 -0.182046 0.038004 -0.982555
0.671237 -14.757131 12.246221 56.247946 0.019054 0.999764 0.010392 -0.977645 0.016453 0.209616 -0.209396 0.014154 -0.977729
0.361095 -15.591319 18.620902 61.721293 0.069800 0.997518 0.009284 -0.996723 0.070119 -0.040341 0.040892 0.006438 -0.999143
-0.018026 -16.681065 30.548259 20.617130 0.097437 0.994897 0.026185 -0.991162 0.099384 -0.087867 0.090021 0.017392 -0.995788
0.644304 -14.321569 17.131667 82.146797 0.009828 0.999466 0.031172 -0.904414 -0.004413 0.426633 -0.426543 0.032385 -0.903887
0.821190 -20.213776 7.369418 -53.440952 0.169035 0.977377 -0.127129 0.792103 -0.211470 -0.572585 0.586515 0.003912 0.809929
0.854650 -18.360000 -1.940375 -65.225508 0.180937 0.979394 -0.089718 0.813845 -0.200320 -0.545461 0.552193 -0.025677 0.833321
0.812634 -20.062506 6.808585 -121.945300 0.143862 0.983238 -0.112017 0.888783 -0.178151 -0.422287 0.435164 0.038808 0.899514
-2.363730 -9.894214 -783.686042 -0.571760 0.879998 0.351074 -0.319923 -0.468169 0.754755 -0.459525 -0.080136 -0.554159 -0.828544
-8.018350 -10.103494 -399.207276 -67.230488 0.667497 0.619558 -0.413032 0.744432 -0.543076 0.388444 0.016356 -0.566759 -0.823721
-1.878070 -10.267064 -1144.708849 -3.914885 0.825533 0.355641 -0.438195 -0.556469 0.642304 -0.527056 -0.094012 -0.678944 -0.728146
0.516973 -17.979076 15.803252 12.437753 0.153852 0.960531 -0.231754 0.169761 0.205364 0.963850 -0.973402 0.187633 0.131465
0.325553 -17.634474 -1.979619 91.058676 0.149505 0.961514 -0.230517 0.183608 0.202085 0.962003 -0.971564 0.186150 0.146329
0.412945 -16.806708 10.174531 162.974279 0.149395 0.959648 -0.238236 0.388774 0.164524 0.906524 -0.909140 0.228050 0.348507
0.211424 -17.846092 6.641138 -92.293061 0.158534 0.959879 -0.231297 -0.036187 0.239751 0.970160 -0.986690 0.145433 -0.072744
0.633136 -17.104134 14.718071 180.570280 0.139446 0.961004 -0.238801 0.433323 0.157621 0.887348 -0.890385 0.227215 0.394446
0.761428 -18.070254 22.051463 5.259987 0.143904 0.960147 -0.239603 0.226514 0.203736 0.952462 -0.963319 0.191336 0.188169
1.024019 -17.525833 32.527097 -167.126521 0.155078 0.957197 -0.244386 -0.040020 0.253262 0.966570 -0.987091 0.140113 -0.077582
0.537024 -17.503291 23.101078 -174.716418 0.161500 0.959322 -0.231558 -0.092447 0.248313 0.964259 -0.982533 0.134321 -0.128788
0.231258 -21.089470 -4.640892 -263.520358 0.132571 0.955160 -0.264752 0.922508 -0.021215 0.385395 -0.362497 0.295328 0.883955
0.435721 -19.224984 -26.094066 -267.262972 0.136151 0.957981 -0.252459 0.871214 0.005541 0.490872 -0.471645 0.286779 0.833852
0.145389 -18.373924 -25.718993 -342.755205 0.118403 0.957855 -0.261716 0.850649 0.038118 0.524351 -0.512228 0.284713 0.810285
4.465113 -15.375840 -503.639247 -933.892132 0.666947 0.707447 -0.233879 0.196792 -0.469989 -0.860455 0.718647 -0.527853 0.452678
-1.661363 -11.295195 -874.278950 762.743863 0.704013 0.573843 -0.418414 -0.018604 0.603859 0.796874 0.709943 -0.553226 0.435801
5.087011 -7.408298 -503.365777 -525.473145 0.674571 0.713536 -0.189265 0.288561 -0.490857 -0.822066 0.679475 -0.499927 0.537016
7.895912 -15.667547 -186.887138 -1210.162943 0.616593 0.779970 -0.107045 0.349657 -0.393128 -0.850406 0.705374 -0.486926 0.515123
-3.364339 -379.015737 -14.424002 10927.815988 -0.219919 0.965921 0.136502 0.478840 -0.015024 0.877774 -0.849910 -0.258402 0.459218
-0.870853 -680.513872 326.981449 49293.891533 -0.198865 0.979960 -0.011433 -0.771320 -0.149307 0.618687 -0.604581 -0.131853 -0.785555
-43.363094 -942.424366 1682.949343 30189.861053 -0.251434 0.964059 0.085858 0.151343 -0.048456 0.987293 -0.955969 -0.261233 0.133720
1.331118 -6.688802 59.269250 -7.929628 0.153501 0.985391 -0.073776 0.831651 -0.088508 0.548200 -0.533661 0.145505 0.833087
1.199863 -6.589115 32.991109 7.129309 0.150836 0.987103 -0.053633 0.883736 -0.110330 0.454794 -0.443011 0.115997 0.888980
2.027979 -6.354664 54.629136 -24.965936 0.095157 0.991329 -0.090619 0.828727 -0.028456 0.558929 -0.551504 0.128284 0.824249
0.427230 -6.684266 37.558072 28.952176 0.183514 0.982146 -0.041379 0.888611 -0.147743 0.434215 -0.420349 0.116454 0.899858
2.442240 -6.294861 82.391288 -24.676744 0.090541 0.988721 -0.119305 0.769201 0.006663 0.638972 -0.632560 0.149623 0.759922
1.464206 -6.693346 88.333472 -16.791869 0.151068 0.983530 -0.099232 0.769974 -0.054121 0.635776 -0.619934 0.172452 0.765469
0.313494 -6.906149 56.928138 14.774189 0.190433 0.980303 -0.052366 0.836383 -0.134084 0.531493 -0.514003 0.145012 0.845442
-2.711226 -5.963088 31.437448 10.498966 0.800557 0.426259 -0.421203 0.599211 -0.560713 0.571443 -0.007408 0.709862 0.704302
-2.965555 -6.019075 4.638803 -1.530799 0.792096 0.457406 -0.404183 0.601840 -0.474756 0.642181 -0.101849 0.751922 0.651337
-3.188355 -6.088263 22.444139 -13.609871 0.800324 0.464681 -0.378884 0.593140 -0.521341 0.613505 -0.087556 0.715734 0.692863
-2.956828 -5.869565 48.555538 4.570059 0.790826 0.449964 -0.414882 0.612039 -0.579803 0.537807 -0.001444 0.679235 0.733919
-4.108697 -7.491847 36.328555 -22.752684 0.303534 0.875005 0.377137 0.836250 -0.434351 0.334703 -0.456677 -0.213787 0.863563
-3.991673 -7.581354 62.257464 -0.595511 0.367381 0.866229 0.338641 0.873666 -0.446281 0.193756 -0.318966 -0.224677 0.920750
-3.398976 -7.233745 56.565893 -8.547100 0.273493 0.918763 0.284739 0.847099 -0.370297 0.381187 -0.455658 -0.136950 0.879557
-3.470244 -6.991510 50.182870 -28.677915 0.235989 0.923686 0.301848 0.787835 -0.363703 0.497028 -0.568881 -0.120514 0.813542
-2.797169 -6.720220 43.089198 -27.912146 0.215115 0.951005 0.222068 0.784715 -0.303682 0.540370 -0.581333 -0.058018 0.811595
-2.851311 -6.942712 21.225078 -6.550104 0.243929 0.943774 0.223135 0.846611 -0.319457 0.425672 -0.473020 -0.085075 0.876934
-0.881870 -10.074124 -300.622431 49.946817 0.312486 0.896406 -0.314338 -0.576648 -0.083955 -0.812667 0.754871 -0.435209 -0.490676
2.190311 -9.683601 379.946295 -17.265017 0.308828 0.904393 -0.294448 -0.448162 -0.134689 -0.883747 0.838913 -0.404886 -0.363719
-1.448294 -9.782374 -217.958862 38.337797 0.262583 0.880796 -0.394016 -0.477002 -0.236467 -0.846494 0.838760 -0.410222 -0.358050
-0.041460 -19.480456 -2.913161 -85.139019 -0.066277 0.992338 -0.104269 0.572899 0.123403 0.810283 -0.816942 0.006033 0.576689
0.007497 -19.500706 -1.435453 -77.015758 -0.082342 0.988340 -0.128075 0.584533 0.151981 0.797009 -0.807181 0.009237 0.590232
0.254283 -19.711063 -14.112472 24.139955 -0.070450 0.991963 -0.105099 0.435326 0.125373 0.891500 -0.897512 -0.017054 0.440660
0.518140 -19.799875 -23.244170 212.187902 -0.042960 0.997166 -0.061760 0.475932 0.074778 0.876297 -0.878432 -0.008252 0.477795
0.517453 -18.974431 -21.285535 -28.872646 -0.079488 0.989319 -0.122187 0.247285 0.138314 0.959020 -0.965677 -0.046016 0.255638
0.940869 -20.200807 -26.357560 18.944672 -0.051805 0.995704 -0.076746 0.309083 0.089062 0.946856 -0.949623 -0.025331 0.312369
0.117459 -18.100355 -8.365745 -32.992276 -0.088618 0.986493 -0.137761 0.280888 0.157442 0.946739 -0.955641 -0.045202 0.291046
-26.831158 -198.128786 -507.178199 11669.098864 0.343656 -0.059818 -0.937188 0.856017 -0.390437 0.338812 -0.386180 -0.918684 -0.082971
-139.180799 -1458.659447 8900.430149 -119163.151930 -0.390493 0.368290 0.843728 -0.529667 0.659729 -0.533114 -0.752973 -0.655072 -0.062548
-117.414047 -231.990709 -6899.518568 6842.353318 -0.202701 0.208912 -0.956696 0.941064 -0.228576 -0.249303 -0.270760 -0.950846 -0.150267
-120.241642 -275.525496 10204.073773 -3808.002101 -0.254610 -0.127051 0.958661 -0.563494 0.825136 -0.040303 -0.785906 -0.550462 -0.281681
-228.038502 -1544.250312 -2723.882407 -149054.248397 0.789992 -0.387632 -0.475031 -0.149336 0.629794 -0.762272 -0.594652 -0.673128 -0.439645
-0.392280 -41.892984 97.761276 1911.449594 0.112083 0.219370 0.969182 0.896983 0.397380 -0.193679 -0.427621 0.891048 -0.152232
-4.113852 -85.770244 40.852459 3344.819579 -0.028025 0.004065 0.999599 0.672642 0.739799 0.015850 -0.739437 0.672816 -0.023467
0.143171 -30.322433 23.808175 1210.535530 0.133769 0.297257 0.945380 0.854403 0.448728 -0.261990 -0.502097 0.842782 -0.193952
0.825801 -20.021302 4.823095 548.251096 0.188028 0.356310 0.915253 0.792231 0.495784 -0.355765 -0.580530 0.791986 -0.189059
1.935777 -15.037310 -2.234718 365.025029 0.223045 0.446612 0.866481 0.837707 0.366733 -0.404664 -0.498495 0.816116 -0.292332
-0.826242 -25.365424 105.920686 -747.999999 0.033293 0.121015 -0.992092 0.965089 0.254136 0.063387 0.259797 -0.959568 -0.108329
0.190084 -25.932984 90.607025 -470.814866 0.100770 0.150517 -0.983458 0.832635 0.528305 0.166173 0.544577 -0.835607 -0.072088
-2.625427 -30.759318 258.675299 -534.744709 0.043569 0.222665 -0.973921 0.824763 0.542122 0.160840 0.563798 -0.810262 -0.160026
-3.410433 -32.322005 170.276331 -1125.799765 0.049114 0.111712 -0.992526 0.982183 0.175071 0.068307 0.181393 -0.978198 -0.101124
-5.775843 -40.870054 209.991851 -1520.973234 0.138760 0.129163 -0.981867 0.922344 0.344149 0.175621 0.360592 -0.929989 -0.071379
-3.995858 -7.117798 -164.279826 -202.439884 0.103733 0.989130 -0.104214 0.518091 -0.143178 -0.843257 0.849012 -0.033481 0.527312
-3.869727 -12.642439 -289.932115 -441.364614 0.223589 0.950488 -0.215827 0.430924 -0.295015 -0.852802 0.874250 -0.097672 0.475550
-6.702339 -8.991903 -106.328018 -261.401945 0.111943 0.945454 -0.305916 0.448265 -0.322794 -0.833584 0.886864 0.043818 0.459949
-4.285286 -6.438965 -83.204945 -132.055397 0.438980 -0.602246 -0.666781 0.280322 0.796865 -0.535187 0.853649 0.048023 0.518630
-5.017995 -7.780427 -85.433364 -52.841252 0.397172 -0.674978 -0.621820 0.223432 0.728282 -0.647829 0.890131 0.118365 0.440065
21.045482 -16.366355 -674.549796 -353.512399 0.551153 -0.550230 0.627278 -0.473129 0.413147 0.778112 0.687298 0.725642 0.032622
20.546334 -15.661190 -23.793177 122.525220 -0.327254 0.747013 -0.578684 0.596122 -0.311955 -0.739813 0.733174 0.587073 0.343222
17.133092 -16.647408 -660.183743 212.763081 0.541377 -0.561687 0.625634 0.606668 -0.254227 -0.753208 0.582121 0.787322 0.203125
12.764848 -15.700189 -536.939774 29.386120 0.539764 -0.569812 0.619653 0.704640 -0.096917 -0.702915 0.460584 0.816040 0.349200
9.211060 -16.992314 -527.863434 -1.103781 0.671616 -0.483986 0.560972 -0.611917 0.064533 0.788285 0.417720 0.872693 0.252817
13.418259 -17.725208 -820.273761 -297.340283 0.707778 -0.415600 0.571250 -0.504827 0.268101 0.820531 0.494166 0.869136 0.020051
-4.757409 -8.571000 -56.045558 -0.713344 -0.112730 0.968285 0.222973 0.792639 -0.047686 0.607823 -0.599178 -0.245257 0.762125
-4.036196 -8.561955 -66.253313 17.706305 -0.215447 0.949490 0.228147 0.793945 0.034295 0.607022 -0.568537 -0.311917 0.761232
-4.406275 -8.823955 -67.198420 -24.310746 -0.125310 0.965454 0.228464 0.852664 -0.012926 0.522300 -0.507209 -0.260253 0.821588
-4.354143 -8.641822 -45.836328 35.039945 -0.228496 0.950826 0.209091 0.723219 0.022006 0.690268 -0.651724 -0.308942 0.692684
-5.059484 -9.048528 -60.221982 -23.302677 -0.013216 0.978774 0.204517 0.857612 -0.094070 0.505620 -0.514127 -0.182078 0.838165
-5.084866 -8.710276 -28.201788 7.153765 -0.111841 0.972292 0.205280 0.710607 -0.066151 0.700473 -0.694644 -0.224215 0.683519
-5.352339 -8.896972 -36.289165 -26.347634 0.023689 0.976024 0.216370 0.782668 -0.152762 0.603403 -0.621989 -0.155052 0.767521
-1.026037 -5.358361 -37.342692 76.704801 0.181253 0.968050 0.173283 -0.035270 0.182487 -0.982575 0.982804 -0.171983 -0.067220
-1.533344 -5.650515 -64.619429 99.834791 0.180056 0.961125 0.209327 -0.033736 0.218714 -0.975206 0.983078 -0.168530 -0.071805
-1.045834 -6.736671 -47.724118 80.277543 0.188868 0.973202 0.131177 0.061641 0.121569 -0.990667 0.980066 -0.195191 0.037028
-0.250712 -6.404358 -32.713740 54.887526 0.188854 0.977794 0.090841 0.071398 0.078589 -0.994347 0.979406 -0.194272 0.054971
-0.541837 -5.288509 -13.011068 61.994093 0.179511 0.976064 0.122778 -0.042720 0.132422 -0.990272 0.982828 -0.172520 -0.065469
-1.028911 -4.377485 -11.434503 52.935866 0.175541 0.974555 0.139381 -0.106526 0.159552 -0.981425 0.978692 -0.157433 -0.131824
-1.892584 -9.320436 -38.171917 -126.132240 0.071976 0.989635 0.124264 0.637224 0.050220 -0.769041 0.767311 -0.134536 0.627004
-1.743067 -9.398020 -31.113702 -92.860125 0.095726 0.990044 0.103199 0.560896 0.032000 -0.827267 0.822333 -0.137075 0.552249
-3.059211 -11.873082 -84.340774 -241.674121 -0.003052 0.953704 0.300730 0.543154 0.254085 -0.800266 0.839628 -0.160900 0.518784
-1.993548 -11.953489 -3.236451 -282.555324 -0.012621 0.972963 0.230616 0.590197 0.193422 -0.783744 0.807160 -0.126217 0.576681
-1.612963 -10.654564 -1.889676 -303.172554 -0.000879 0.986117 0.166049 0.651804 0.126494 -0.747764 0.758387 -0.107574 0.642866
-1.648443 -8.305439 -46.728146 -188.247395 0.090815 0.993379 0.070361 0.694978 -0.012614 -0.718921 0.713273 -0.114188 0.691522
-0.766759 -7.343841 -9.559798 -73.700338 0.168654 0.985181 -0.031226 0.673822 -0.138358 -0.725824 0.719388 -0.101373 0.687171
-0.599155 -8.136402 10.947629 -28.366934 -0.030745 0.988661 0.146985 -0.259321 0.134129 -0.956432 0.965302 0.067522 -0.252257
-0.604535 -7.708953 6.593731 -14.558159 -0.003275 0.986519 0.163612 -0.061503 0.163104 -0.984690 0.998102 0.013288 -0.060140
-0.897902 -8.549177 12.733113 -41.072639 -0.019389 0.993610 0.111188 -0.241070 0.103282 -0.964996 0.970314 0.045514 -0.237527
-0.285507 -7.884686 -1.890185 22.275533 0.043230 0.987373 0.152399 0.683529 0.082022 -0.725300 0.728642 -0.135524 0.671353
-0.266476 -7.713079 2.083701 7.879529 0.038828 0.988511 0.146077 0.703585 0.076760 -0.706453 0.709550 -0.130208 0.692521
-0.369704 -8.380177 5.805286 23.612448 0.010127 0.986004 0.166412 0.793105 0.093435 -0.601876 0.609001 -0.138077 0.781059
-0.441986 -8.721536 0.208505 37.266538 0.007231 0.982878 0.184117 0.777752 0.110202 -0.618836 0.628530 -0.147672 0.763638
-0.582027 -9.495961 6.492004 49.296150 -0.036085 0.978971 0.200784 0.869462 0.129806 -0.476641 0.492681 -0.157375 0.855861
-0.465165 -9.025953 10.940084 35.011327 -0.032687 0.982937 0.181015 0.880391 0.114050 -0.460331 0.473121 -0.144317 0.869097
0.361289 -14.479940 34.389127 -93.671443 -0.030409 0.910890 -0.411527 0.894739 -0.158721 -0.417433 0.445554 0.380902 0.810182
1.279245 -14.003173 47.489896 -99.943202 -0.043898 0.916321 -0.398030 0.906882 -0.130584 -0.400640 0.419092 0.378554 0.825263
0.513040 -13.711076 -41.550401 -61.139497 0.032683 -0.909551 0.414306 0.960954 -0.085365 -0.263211 0.274771 0.406731 0.871246
1.047769 -15.005946 38.276368 -112.730220 -0.035383 0.916637 -0.398152 0.807183 -0.208689 -0.552182 0.589240 0.340919 0.732509
-0.440220 -13.928190 -30.720592 -56.224325 0.013366 -0.909825 0.414777 0.954960 -0.111360 -0.275045 0.296433 0.399772 0.867358
-0.504588 -14.718060 28.409895 -51.233234 -0.020125 0.913105 -0.407227 0.879521 -0.177519 -0.441508 0.475434 0.367050 0.799523
0.293097 -15.184905 30.557324 -57.447979 -0.032470 0.914076 -0.404242 0.783525 -0.227822 -0.578088 0.620511 0.335504 0.708804
2.195797 -6.573749 83.181852 -6.223406 -0.363448 0.930021 0.054471 -0.856876 -0.356664 0.372228 -0.365608 -0.088610 -0.926541
3.628069 -6.907234 104.809863 -11.898105 -0.432301 0.900217 0.052195 -0.843300 -0.424108 0.330118 -0.319314 -0.098694 -0.942496
1.386418 -6.642771 60.456288 5.729729 -0.401623 0.912262 0.080473 -0.880175 -0.408777 0.241233 -0.252963 -0.026054 -0.967125
4.804927 -7.174199 150.518049 -17.006689 -0.370522 0.928611 0.019856 -0.820791 -0.337358 0.460969 -0.434760 -0.154502 -0.887194
0.522593 -6.447961 44.946511 13.440099 -0.343140 0.936132 0.076889 -0.891021 -0.350319 0.288719 -0.297215 -0.030561 -0.954321
0.930920 -6.348086 48.046319 -1.530578 -0.316378 0.947274 0.050770 -0.857696 -0.308505 0.411317 -0.405293 -0.086586 -0.910077
2.902097 -6.904226 106.725622 -19.265653 -0.307071 0.951493 0.019207 -0.826276 -0.276566 0.490693 -0.472203 -0.134807 -0.871121
-1.146650 -3.977373 -60.288160 8.860447 0.977682 -0.184307 0.100838 0.188906 0.981258 -0.038052 -0.091935 0.056252 0.994175
-2.580881 -4.084881 -62.747111 4.912204 0.897249 -0.432209 0.090223 -0.436709 -0.898835 0.037162 -0.065034 0.072745 0.995228
-1.335029 -3.740815 -55.026180 -5.932560 0.976563 -0.189174 0.102658 -0.199492 -0.974601 0.101767 -0.080799 0.119861 0.989497
-2.501792 -4.350239 -69.032396 -3.175121 0.903943 -0.420903 0.075681 0.419568 0.907105 0.033531 -0.082764 0.001443 0.996568
-0.258979 -3.732257 -29.331727 -14.135670 0.994145 -0.069053 0.083115 -0.077382 -0.991816 0.101552 -0.075422 0.107389 0.991352
-0.825044 -4.220495 -67.152406 14.739363 0.976732 -0.190987 0.097561 0.188626 0.981496 0.032961 -0.102051 -0.013792 0.994684
0.150152 -4.026371 -32.781073 19.563864 0.994475 -0.066451 0.081264 0.069502 0.996957 -0.035313 -0.078670 0.040766 0.996067
5.051152 -0.420184 651.591589 416.435048 -0.917084 -0.366227 0.157592 -0.378754 0.923709 -0.057505 -0.124509 -0.112426 -0.985829
3.347827 1.350443 677.862488 405.683576 -0.881073 -0.429252 0.198628 -0.447114 0.892860 -0.053760 -0.154270 -0.136176 -0.978599
1.689567 -2.835991 -399.785048 -386.789006 0.702414 0.687618 -0.183836 0.702471 -0.711327 0.023413 -0.114669 -0.145585 -0.982678
1.295510 -2.184374 -19.014238 63.272920 -0.137065 0.957091 -0.255324 -0.686936 -0.277547 -0.671630 0.713675 -0.083334 -0.695502
1.147318 -1.888364 -40.028396 21.592414 -0.085417 0.965999 -0.244028 -0.700836 -0.232341 -0.674423 0.708190 -0.113416 -0.696853
1.061223 -2.448520 -23.665170 56.701590 -0.150135 0.944621 -0.291805 -0.674346 -0.313680 -0.668478 0.722992 -0.096416 -0.684096
-0.170260 -19.499333 -42.701386 -282.949417 -0.504228 0.855944 -0.114516 -0.471762 -0.161952 0.866725 -0.723322 -0.491052 -0.485463
0.296901 -18.635774 -34.551599 -292.284389 -0.502663 0.859390 -0.093697 -0.545514 -0.231246 0.805568 -0.670630 -0.456042 -0.585047
-0.074839 -21.346189 -24.508141 -221.098866 -0.503912 0.859884 -0.081683 -0.338660 -0.109692 0.934493 -0.794595 -0.498565 -0.346483
1.423354 -30.326450 63.122836 24.293524 -0.421142 0.901042 -0.103742 -0.130744 -0.173495 -0.976118 0.897522 0.397520 -0.190872
0.186192 -27.520940 99.687824 -233.872952 -0.443880 0.892444 -0.080714 0.099553 -0.040403 -0.994212 0.890539 0.449346 0.070912
0.985985 -30.123914 151.469466 -48.469640 -0.456626 0.887085 -0.067622 -0.174046 -0.163613 -0.971050 0.872468 0.431637 -0.229103
2.514969 -6.523901 10.436423 -127.539349 0.027757 0.999594 0.006484 -0.985852 0.028447 -0.165185 0.165303 0.001807 -0.986241
2.653022 -6.248269 -21.886274 -101.159188 0.004238 0.998570 -0.053294 -0.987043 -0.004371 -0.160398 0.160401 -0.053283 -0.985613
2.270906 -5.188317 8.286297 -126.590657 0.036753 0.999324 0.000024 -0.972491 0.035771 -0.230175 0.230021 -0.008437 -0.973149
-0.037074 -7.577950 -52.327215 35.219099 0.828649 -0.523920 -0.197100 0.320246 0.732508 -0.600728 0.459111 0.434673 0.774775
-0.615716 -8.053666 -85.425053 55.340796 0.815208 -0.552216 -0.174623 0.352370 0.712180 -0.607153 0.459643 0.433424 0.775159
-0.420326 -7.324006 -70.953731 -125.812638 0.809001 -0.569148 -0.146928 -0.328553 -0.645102 0.689853 0.487411 0.509818 0.708883
-0.325738 -8.405509 -44.742900 -70.020410 0.834597 -0.508289 -0.212344 0.353557 0.789871 -0.501100 0.422429 0.343141 0.838933
0.064920 -7.210404 -25.778036 -5.550016 0.833821 -0.511544 -0.207520 0.324476 0.758283 -0.565440 0.446607 0.404140 0.798256
6.297335 -51.858337 -244.291462 -867.619199 -0.044209 0.994473 0.095237 -0.977633 -0.023444 -0.209006 0.205618 0.102346 -0.973266
8.444746 -52.819076 -316.195279 -1200.506016 0.066358 0.985359 0.157051 -0.973734 0.098308 -0.205370 0.217802 0.139298 -0.966001
11.028578 -48.990417 -443.928986 657.781497 0.017199 0.994985 0.098537 0.999832 -0.016497 -0.007939 -0.006274 0.098657 -0.995102
9.903957 -59.369821 -243.219765 535.414792 -0.075045 0.989447 0.123951 -0.961329 -0.104817 0.254676 -0.264980 0.100045 -0.959050
5.807686 -4.356751 15.222803 126.890013 0.073363 0.748011 -0.659619 -0.208339 -0.635314 -0.743620 0.975301 -0.191978 -0.109231
5.707594 -4.848921 138.325105 -135.827870 0.003389 0.686988 -0.726661 0.177616 0.714698 0.676506 0.984094 -0.131359 -0.119598
5.459617 -4.112072 229.579366 146.193326 -0.035073 0.732940 -0.679389 -0.200575 -0.671138 -0.713683 0.979050 -0.111238 -0.170549
0.210319 -6.569185 -0.805509 -6.677097 0.204028 0.976915 -0.063326 0.778274 -0.201101 -0.594851 0.593854 -0.072081 0.801337
0.329019 -6.078732 -2.497803 -2.506028 0.175319 0.983595 -0.042471 0.844744 -0.172446 -0.506626 0.505639 -0.052944 0.861119
-0.021686 -6.490442 26.773159 -17.607248 0.189440 0.980467 -0.052888 0.816002 -0.187165 -0.546909 0.546125 -0.060450 0.835520
0.114945 -13.198678 -13.563565 -43.626612 -0.025432 0.988245 -0.150750 0.742370 -0.082323 -0.664913 0.669507 0.128822 0.731550
0.031298 -13.127870 -5.313315 -63.122568 -0.031773 0.984876 -0.170325 0.654243 -0.108337 -0.748485 0.755617 0.135215 0.640905
0.269527 -13.128904 -21.303689 -18.799940 -0.026769 0.989232 -0.143885 0.784838 -0.068349 -0.615920 0.619122 0.129414 0.774558
0.164876 -13.694154 -25.568110 -69.398512 -0.012405 0.986530 -0.163112 0.600597 -0.123070 -0.790024 0.799456 0.107764 0.590980
0.775457 -3.298485 -25.458441 -36.109036 -0.649067 0.754215 0.099358 0.759392 0.634629 0.143422 0.045116 0.168543 -0.984661
1.311261 -3.373026 23.928719 -56.516601 -0.683426 0.718509 0.129128 0.729756 0.677163 0.094372 -0.019634 0.158729 -0.987127
1.173284 -2.520436 13.375386 -56.138486 0.786808 -0.614139 -0.061376 0.616872 0.779264 0.110526 0.020050 0.124824 -0.991976
-0.054806 -2.572683 56.605930 -19.507628 0.736834 -0.674716 -0.042821 0.671369 0.722778 0.163875 0.079619 0.149498 -0.985551
0.247762 -2.121918 37.219103 -47.881078 0.916098 -0.400833 0.009823 0.396806 0.909865 0.121201 0.057519 0.107134 -0.992579
1.732179 -1.563831 -21.648513 -56.447268 0.931682 -0.363126 -0.010384 0.362622 0.927918 0.086449 0.021756 0.084309 -0.996202
1.171958 -6.548236 124.315887 47.826012 -0.372131 0.927592 -0.033038 -0.544516 -0.246998 -0.801557 0.751678 0.280294 -0.597005
3.570821 -6.140167 202.505716 46.956564 -0.365927 0.929091 -0.053742 -0.529272 -0.255260 -0.809144 0.765486 0.267643 -0.585148
1.347796 -7.067227 138.617033 24.722405 -0.339232 0.940604 0.013657 -0.458646 -0.152702 -0.875400 0.821319 0.303227 -0.483206
-41.704044 -377.911047 -585.619404 -11255.946703 -0.493384 0.396654 0.774105 0.863136 0.113215 0.492117 0.107560 0.910960 -0.398225
-27.041167 -231.167096 2013.719280 -2431.152475 -0.497669 0.448789 0.742236 0.861337 0.154981 0.483818 0.102099 0.880096 -0.463688
-17.498514 -285.872776 94.310645 -29816.759291 -0.572443 0.449259 0.685912 0.748465 0.627909 0.213380 -0.334827 0.635529 -0.695697
-4.785592 -79.304125 246.926288 -1777.296255 0.744956 -0.458784 -0.484312 0.654021 0.645386 0.394630 -0.131518 0.610732 -0.780839
-2.358561 -16.170880 261.529728 -1284.387114 0.009552 0.294926 0.955472 0.987724 -0.151769 0.036972 0.155916 0.943390 -0.292755
-0.049189 -40.087950 59.257819 536.012774 -0.317421 0.287882 0.903531 0.131746 0.956953 -0.258619 -0.939089 0.036945 -0.341684
-2.505147 -49.731087 122.385546 636.439344 -0.277323 0.238900 0.930601 -0.160379 0.943492 -0.290002 -0.947297 -0.229673 -0.223337
-0.606734 -41.824172 72.089021 371.451057 -0.307165 0.264707 0.914101 -0.202809 0.920263 -0.334641 -0.929795 -0.288178 -0.228988
0.685429 -35.201641 2.507378 95.550053 -0.356735 0.319175 0.877991 0.032718 0.943518 -0.329702 -0.933633 -0.088890 -0.347029
0.785684 -37.662325 8.339042 -138.170194 -0.321012 0.382607 0.866351 0.391489 0.886559 -0.246472 -0.862373 0.260047 -0.434382
-6.700712 -10.640333 15.679914 -83.050764 -0.232953 0.937614 0.258094 0.943112 0.153077 0.295139 0.237218 0.312165 -0.919935
-5.395166 -9.585017 -52.619511 -85.991489 -0.434244 0.861993 0.261536 0.884528 0.353105 0.304839 0.170419 0.363710 -0.915790
8.221825 -9.575981 -130.348775 -112.076174 -0.272009 0.958377 0.086741 0.010669 -0.087131 0.996140 -0.962236 -0.271884 -0.013475
8.303142 -9.187086 -32.946500 -86.725577 -0.124849 0.991146 0.045193 -0.040678 -0.050625 0.997889 -0.991342 -0.122747 -0.046638
5.992753 -8.616416 7.531004 59.262546 -0.094223 0.995290 0.022798 -0.154498 -0.037241 0.987291 -0.983490 -0.089503 -0.157279
-1.471645 -7.710784 -288.178645 -1.185061 -0.445719 0.862589 -0.239320 0.859470 0.337616 -0.383832 -0.250292 -0.376769 -0.891851
-1.496569 -7.751118 -305.255121 -31.093788 -0.398603 0.879360 -0.260466 0.836512 0.232166 -0.496334 -0.375985 -0.415723 -0.828136
-4.291207 -8.093761 -205.213069 -11.076151 -0.582211 0.804198 -0.119566 0.766735 0.494164 -0.409780 -0.270459 -0.330254 -0.904314
1.871602 -7.278338 -272.748858 -35.993814 -0.325213 0.898014 -0.296322 0.868896 0.160114 -0.468383 -0.373169 -0.409797 -0.832353
-3.605888 -7.770984 -222.334754 27.845413 -0.576476 0.800629 -0.163304 0.799021 0.510515 -0.317711 -0.170999 -0.313636 -0.934019
1.571604 -7.188343 -211.471532 -2.674098 -0.343524 0.901797 -0.262211 0.906673 0.245676 -0.342909 -0.244816 -0.355537 -0.902030
-1.372109 -7.313159 -237.190013 35.078229 -0.449247 0.860357 -0.240756 0.888124 0.400805 -0.224924 -0.097019 -0.314868 -0.944164
66.105873 -5.962589 5396.198503 -478.309192 -0.415105 0.735438 -0.535554 0.246545 0.657575 0.711906 -0.875730 -0.163478 0.454281
88.786219 -12.232048 6314.757479 -446.049599 -0.326593 0.774283 -0.542055 0.255078 0.624428 0.738258 -0.910095 -0.102843 0.401436
11.046783 -5.747958 1040.959512 6.054528 -0.347795 0.870941 -0.347130 0.509504 0.486374 0.709821 -0.787048 -0.070008 0.612907
2.111399 -8.076663 -94.412530 -18.123116 0.171675 0.786011 0.593897 0.864422 -0.409354 0.291897 -0.472549 -0.463266 0.749721
2.531610 -8.273134 78.476406 -0.670026 -0.197750 -0.768079 -0.609056 0.930401 -0.342687 0.130077 -0.308625 -0.540943 0.782388
0.840013 -8.276027 -101.283708 -22.732699 0.228963 0.733335 0.640153 0.841466 -0.479727 0.248591 -0.489399 -0.481749 0.726916
3.856921 -8.064683 43.514633 -16.441872 -0.155227 -0.824904 -0.543542 0.942988 -0.287705 0.167333 -0.294413 -0.486579 0.822534
0.450420 -7.654545 -80.164285 -24.602484 0.218108 0.753700 0.619972 0.754583 -0.533103 0.382629 -0.618897 -0.384366 0.685003
3.007583 -7.913373 -53.062411 -22.029303 0.136867 0.839727 0.525477 0.881179 -0.345546 0.322677 -0.452537 -0.418876 0.787244
1.456788 -7.616266 -62.660434 -9.929688 0.168386 0.803954 0.570354 0.777800 -0.463815 0.424149 -0.605535 -0.372201 0.703416
-0.555702 -7.854822 33.483241 19.908104 0.202615 0.967125 0.153677 0.331911 0.079820 -0.939928 0.921294 -0.241450 0.304827
0.607211 -7.051769 50.394877 37.267076 0.222274 0.965130 0.138268 0.270591 0.075179 -0.959754 0.936683 -0.250742 0.244446
0.871546 -13.390973 -0.157127 21.958056 -0.022940 0.999689 0.009799 -0.901758 -0.024923 0.431522 -0.431632 -0.001063 -0.902049
0.863416 -12.487564 3.524619 77.359017 -0.022944 0.999529 0.020390 -0.771390 -0.030674 0.635623 -0.635949 0.001145 -0.771730
0.433744 -13.248220 20.482287 166.917082 0.010013 0.999402 0.033085 -0.766145 -0.013595 0.642524 -0.642590 0.031782 -0.765551
0.671361 -10.970829 3.839403 113.512960 -0.018729 0.999780 0.009442 -0.607077 -0.018875 0.794419 -0.794422 -0.009146 -0.607297
0.893817 -11.246456 -6.775111 61.669833 -0.031884 0.999379 -0.014998 -0.608337 -0.007498 0.793643 -0.793038 -0.034428 -0.608199
0.884663 -12.459678 -8.186949 19.996575 -0.038929 0.999232 -0.004494 -0.771071 -0.027179 0.636168 -0.635558 -0.028231 -0.771537
0.544148 -22.770202 8.812312 -44.910940 0.094898 0.988049 -0.121462 0.947446 -0.127090 -0.293589 0.305517 0.087218 0.948184
0.238183 -26.848479 5.716111 38.158486 0.028618 0.991699 -0.125354 0.989926 -0.045514 -0.134068 0.138661 0.120254 0.983012
0.347370 -27.430761 7.169910 -35.442118 0.089458 0.986726 -0.135531 0.933334 -0.130553 -0.334431 0.347686 0.096579 0.932624
31.898508 -8.498292 -358.868771 126.288759 0.976797 0.204619 0.063236 -0.002415 0.305766 -0.952104 0.214154 -0.929859 -0.299165
57.807245 -8.231571 -929.393560 -0.480738 0.974362 0.219523 0.049278 0.016335 0.149425 -0.988638 0.224393 -0.964096 -0.142008
53.356832 -10.072515 -3207.907074 34.255848 0.942312 0.318212 -0.103873 -0.181806 0.225982 -0.957016 0.281060 -0.920692 -0.270798
49.708780 -8.718665 2459.945948 115.903752 0.953236 0.109822 0.281567 0.244236 0.268828 -0.931708 0.178015 -0.956907 -0.229434
30.989926 -9.388645 -1610.615098 61.862253 0.944005 0.300006 -0.137301 -0.248723 0.373675 -0.893590 0.216776 -0.877703 -0.427370
15.467061 -7.344492 -145.732114 67.560147 0.982647 0.179526 0.046646 -0.038046 0.441209 -0.896597 0.181543 -0.879264 -0.440383
26.953658 -7.620220 1295.226901 102.231261 0.945876 0.067189 0.317496 0.263397 0.412565 -0.872016 0.189577 -0.908447 -0.372538
0.312740 -16.122434 -1.980331 156.882113 0.147961 0.960193 -0.236931 0.360225 0.170788 0.917098 -0.921057 0.221043 0.320615
0.530320 -17.512205 -15.647466 159.598561 0.157682 0.959722 -0.232530 0.179109 0.203774 0.962495 -0.971111 0.193416 0.139763
0.283031 -18.173872 -8.466193 4.058111 0.168126 0.955019 -0.244279 -0.017272 0.250623 0.967931 -0.985614 0.158516 -0.058631
0.104437 -15.052622 19.918939 -16.195730 0.105488 0.994344 0.012370 -0.947077 0.104251 -0.303606 0.303179 -0.020311 -0.952717
1.160620 -18.933416 40.579855 298.426336 0.306491 0.921448 0.238741 -0.462195 0.363324 -0.808932 0.832129 -0.137586 -0.537244
0.916842 -16.709145 75.622587 308.817109 0.310415 0.903445 0.295684 -0.513327 0.421109 -0.747772 0.800086 -0.080336 -0.594482
1.881664 -16.357784 67.980682 335.193888 0.318363 0.910655 0.263349 -0.592054 0.407968 -0.695007 0.740349 -0.065347 -0.669039
1.160719 -17.250523 -262.411376 -26.613655 0.335626 0.737210 -0.586410 -0.808587 0.544827 0.222148 -0.483262 -0.399605 -0.778957
6.694302 -16.943600 -604.639817 130.621953 0.356585 0.721187 -0.593916 0.835705 -0.530416 -0.142326 -0.417666 -0.445587 -0.791838
2.388288 -18.697769 -209.089229 -264.046713 0.336357 0.766323 -0.547369 -0.749437 0.569785 0.337178 -0.570270 -0.296806 -0.765962
4.790420 -15.604387 -636.752753 -17.639818 0.345920 0.705400 -0.618668 0.881988 -0.469393 -0.042047 -0.320058 -0.531113 -0.784526
-0.385889 -17.490990 -120.107039 -39.685735 0.330140 0.782422 -0.528037 -0.686933 0.582817 0.434106 -0.647403 -0.219411 -0.729883
-1.781454 -17.703119 -84.227424 144.914113 0.306081 0.784936 -0.538693 -0.785173 0.528122 0.323404 -0.538347 -0.323980 -0.777959
-0.586242 -17.284895 -229.265328 -110.165918 0.301598 0.755130 -0.582081 0.884726 -0.449216 -0.124355 -0.355384 -0.477477 -0.803566
24.768560 -13.841253 1260.435984 44.608446 0.851460 0.121456 -0.510161 -0.405046 0.770213 -0.492655 -0.333097 -0.626115 -0.705001
6.938474 -11.895591 398.555333 79.197920 0.795555 0.214193 -0.566757 -0.441494 0.845569 -0.300159 -0.414940 -0.489013 -0.767262
11.626215 -13.525701 386.654716 -210.616152 0.834752 -0.105902 -0.540347 -0.238614 0.814827 -0.528318 -0.496239 -0.569948 -0.654909
25.476030 -16.211706 324.699339 -203.494700 0.767614 -0.145100 -0.624271 -0.380345 0.680845 -0.625929 -0.515854 -0.717911 -0.467438
16.415413 -15.068075 74.446507 -414.030298 -0.742286 0.358151 0.566338 -0.163122 0.723170 -0.671131 -0.649925 -0.590553 -0.478377
8.315616 -14.091387 -337.392710 -20.078270 -0.829487 0.316899 0.459920 0.027134 0.845345 -0.533531 -0.557867 -0.430078 -0.709801
-0.763154 -12.532660 -93.317356 -505.716215 0.089132 0.957885 -0.272969 0.695657 0.136267 0.705332 -0.712823 0.252760 0.654213
-1.995929 -15.034012 236.925926 -443.166466 0.160225 0.950261 -0.267079 0.735821 0.065369 0.674014 -0.657948 0.304516 0.688748
-1.070796 -16.286046 94.803447 -419.112981 0.124909 0.951685 -0.280522 0.784544 0.078339 0.615104 -0.607362 0.296914 0.736854
1.621238 -25.349747 -885.542269 -1334.925346 0.664894 0.655309 -0.358449 -0.016094 -0.467211 -0.884000 0.746764 -0.593535 0.300099
-38.341787 -68.683778 -1049.816484 2365.952334 0.343182 -0.047587 -0.938063 0.612340 0.768638 0.185027 0.712226 -0.637911 0.292923
-8.534894 -19.728370 -143.861231 -1664.007246 0.095543 -0.495105 -0.863564 0.714824 0.637867 -0.286621 0.692746 -0.589912 0.414857
-64.845899 -475.202944 3020.732141 -101141.525600 0.060348 0.997933 -0.022088 -0.391183 0.003286 -0.920307 0.918332 -0.064179 -0.390573
-3.681609 -330.399852 547.983802 13209.588805 -0.123545 0.990074 0.067013 -0.776074 -0.054315 -0.628299 0.618423 0.129630 -0.775080
-39.601413 -680.961076 1304.765397 25204.894003 -0.068511 0.997613 0.008686 0.273265 0.027138 -0.961556 0.959496 0.063503 0.274472
-23.522275 -970.892190 725.430241 145130.868103 -0.118518 0.983371 0.137605 0.937138 0.156585 -0.311855 0.328216 -0.091994 0.940112
0.538351 -6.320310 18.902748 39.663209 0.168345 0.985072 -0.035965 0.928809 -0.146300 0.340455 -0.330111 0.090718 0.939573
-3.099315 -6.164775 -0.491489 21.335727 0.784154 0.472621 -0.402158 0.595517 -0.390838 0.701859 -0.174534 0.789858 0.587931
-2.891446 -6.026785 -13.952336 22.964431 0.794264 0.490179 -0.358984 0.575541 -0.417702 0.703048 -0.194671 0.765016 0.613884
-3.105792 -6.055774 -2.574849 9.398473 0.821617 0.478422 -0.309933 0.538861 -0.474496 0.696048 -0.185943 0.738895 0.647656
-0.010185 -20.493687 3.415997 -227.146486 -0.084849 0.986932 -0.136990 0.711500 0.156263 0.685091 -0.697545 0.039339 0.715460
-45.555500 -340.624980 4033.275121 -27895.928711 -0.111817 0.030719 0.993254 -0.597672 0.796455 -0.091916 -0.793905 -0.603918 -0.070698
8.745289 -591.693002 613.165422 -55578.926232 -0.081425 -0.069181 0.994276 -0.640355 0.768078 0.001001 -0.763751 -0.636608 -0.106841
-2.718374 -115.584037 94.982870 5722.616906 0.001673 0.114864 0.993380 0.796698 0.600223 -0.070745 -0.604376 0.791542 -0.090508
-5.972693 -216.647500 194.323095 10923.529217 0.021296 -0.034672 0.999172 0.270466 0.962333 0.027630 -0.962494 0.269654 0.029871
-4.910328 -157.335819 77.599476 3073.592466 0.057218 0.136387 0.989002 -0.148810 0.980724 -0.126636 -0.987209 -0.139927 0.076411
-2.010299 -222.323400 45.792798 10706.450811 -0.003271 0.032167 0.999477 0.508015 0.860954 -0.026046 -0.861342 0.507664 -0.019158
2.007189 -23.185566 100.313256 -356.199409 0.069178 0.150647 -0.986164 0.817269 0.558328 0.142621 0.572089 -0.815828 -0.084495
1.124136 -24.541413 39.404140 -59.065494 0.135953 0.167206 -0.976503 0.674451 0.706367 0.214851 0.725694 -0.687814 -0.016740
2.102877 -20.810262 111.716755 -473.657957 0.064265 0.138939 -0.988214 0.898902 0.422019 0.117791 0.433410 -0.895877 -0.097772
1.247983 -21.098459 81.883963 -587.752141 0.038117 0.106373 -0.993595 0.956011 0.285520 0.067243 0.290844 -0.952451 -0.090810
-0.172246 -7.809602 22.197218 -31.323440 0.062355 0.953278 0.295588 -0.845126 -0.107113 0.523726 -0.530918 0.282466 -0.798961
0.125907 -8.189869 21.133041 13.307928 0.035008 0.950804 0.307809 -0.719421 -0.189811 0.668136 -0.693692 0.244834 -0.677383
0.539266 -7.336819 47.308894 -55.012807 0.064139 0.946366 0.316667 -0.866644 -0.104508 0.487858 -0.494786 0.305728 -0.813460
0.104341 -10.571441 -240.831874 -263.976997 0.213689 0.970813 -0.108897 0.411683 -0.190581 -0.891177 0.885920 -0.145603 0.440393
1.389138 -12.958855 -693.676865 -259.451241 0.360309 0.930059 -0.071891 0.279205 -0.181057 -0.943007 0.890068 -0.319702 0.324914
-3.803371 -14.998428 -498.663348 -432.322507 0.295593 0.907694 -0.297852 0.252974 -0.375028 -0.891829 0.921210 -0.188269 0.340479
23.959744 -14.605800 -378.098957 201.451413 -0.266265 0.761663 -0.590740 0.475768 -0.429155 -0.767770 0.838300 0.485485 0.248106
-3.771438 -9.022697 -18.467866 -55.193968 -0.202101 0.951440 0.232202 0.831681 0.041530 0.553698 -0.517167 -0.305021 0.799688
-3.172715 -9.370247 -54.812330 18.586560 -0.295213 0.931027 0.214564 0.741670 0.081739 0.665766 -0.602308 -0.355678 0.714645
-1.594931 -5.733118 -31.501395 116.010153 0.147494 0.964279 0.220028 -0.046073 0.228918 -0.972355 0.987989 -0.133279 -0.078191
-1.361822 -4.230438 -30.176175 96.463119 0.152199 0.955413 0.253026 -0.109186 0.270695 -0.956453 0.982300 -0.117944 -0.145517
-1.533696 -4.184405 12.489190 112.391824 0.120612 0.965645 0.230179 -0.124515 0.244757 -0.961556 0.984860 -0.087314 -0.149758
-1.205724 -2.587517 27.392081 72.507346 0.096184 0.989645 0.106546 -0.180668 0.122622 -0.975870 0.978830 -0.074614 -0.190592
-1.173965 -2.816594 -1.098111 71.215956 0.133755 0.973358 0.186238 -0.166413 0.207318 -0.964015 0.976942 -0.097950 -0.189710
-3.863472 -11.614506 -111.520867 -169.724444 0.007387 0.948131 0.317795 0.455374 0.279749 -0.845207 0.890270 -0.150959 0.429688
-0.678468 -7.778110 -13.490779 -14.303285 -0.029238 0.986045 0.163889 -0.312158 0.146751 -0.938627 0.949580 0.078603 -0.303511
