16058
32099
-6.184807 -8.094664 51.423683 111.987607 -0.317034 0.897554 -0.306409 -0.508404 -0.433569 -0.744005 0.800634 0.080096 -0.593776
-8.098797 -10.160099 75.697746 119.876884 -0.092581 0.992045 0.085296 -0.479718 0.030626 -0.876888 0.872525 0.122101 -0.473066
-7.116810 -10.181274 -16.862503 275.637198 0.226106 0.901567 0.368855 -0.561833 0.430031 -0.706694 0.795751 0.047447 -0.603763
-5.899320 -8.191848 15.920865 68.180261 -0.465372 0.789824 -0.399508 -0.375206 -0.584838 -0.719156 0.801654 0.184777 -0.568514
-5.760452 -7.128979 29.137962 146.745902 -0.287500 0.913250 -0.288649 -0.597745 -0.406562 -0.690947 0.748361 0.026109 -0.662778
-4.495762 -7.246141 -20.077001 91.935079 -0.452148 0.788411 -0.417098 -0.466784 -0.607637 -0.642565 0.760049 0.095840 -0.642760
1.248520 -7.913386 132.784659 38.538761 0.350385 0.886697 0.301660 -0.375536 0.428057 -0.822034 0.858023 -0.174745 -0.482972
4.426841 -7.697350 242.868383 213.305204 0.411806 0.840937 0.351057 -0.373086 0.507057 -0.776981 0.831398 -0.188992 -0.522551
3.057746 -9.483758 152.348806 236.705434 0.402544 0.850752 0.337905 -0.296482 0.470406 -0.831154 0.866058 -0.234394 -0.441591
1.839065 -7.335192 211.214409 -35.599473 0.342984 0.891324 0.296484 -0.434055 0.430298 -0.791479 0.833041 -0.142774 -0.534469
1.159202 -9.172826 135.173507 132.738226 0.360684 0.871186 0.333079 -0.291598 0.444544 -0.846966 0.885933 -0.208362 -0.414376
0.873237 -7.860385 7.898844 -60.224368 0.359001 0.892614 0.272690 -0.467736 0.424891 -0.775043 0.807677 -0.150694 -0.570043
0.816533 -7.512391 90.012588 -99.935161 0.340934 0.899867 0.272035 -0.467012 0.413262 -0.781738 0.815882 -0.139478 -0.561143
1.713931 -8.317584 -40.669329 71.705585 0.369557 0.886649 0.277995 -0.409984 0.424066 -0.807515 0.833871 -0.184449 -0.520229
2.329581 -9.567802 -10.137225 106.115501 0.327072 0.907858 0.262332 -0.322257 0.368113 -0.872149 0.888355 -0.200717 -0.412963
-5.184197 -9.804167 -33.910010 -30.073579 0.149051 0.988025 -0.039885 -0.682156 0.131941 0.719204 -0.715854 0.079990 -0.693653
-5.308185 -9.642836 -27.358490 7.176371 0.157197 0.987517 -0.009948 -0.574665 0.099661 0.812298 -0.803149 0.121974 -0.583158
-5.553594 -9.641843 -25.960589 -10.245869 0.249467 0.968250 0.016058 -0.674142 0.161739 0.720675 -0.695197 0.190610 -0.693087
-0.570521 -23.433329 28.363957 -108.665632 0.014744 0.974956 0.221907 0.386867 0.199084 -0.900388 0.922018 -0.099123 0.374243
-0.577427 -23.968348 35.524629 -2.176295 0.007935 0.972699 0.231936 0.154391 0.227970 -0.961350 0.987978 -0.043437 0.148367
0.145168 -24.063565 32.162174 -116.200039 0.006454 0.974760 0.223164 0.376575 0.204370 -0.903562 0.926363 -0.089870 0.365751
0.105086 -21.871048 26.392907 -254.143809 0.014781 0.976496 0.215026 0.577710 0.167183 -0.798937 0.816108 -0.136032 0.561661
0.454347 -24.844193 33.380365 -79.139967 0.002386 0.977031 0.213086 0.380027 0.196214 -0.903924 0.924972 -0.083136 0.370830
0.281220 -22.587639 33.032835 -271.585622 0.006416 0.978718 0.205109 0.563036 0.165975 -0.809594 0.826407 -0.120678 0.549989
-0.598113 -14.221251 -26.970677 12.217300 0.149974 0.456231 0.877132 0.980664 -0.181459 -0.073292 0.125726 0.871163 -0.474623
0.847910 -13.332220 -50.719969 240.641284 0.120675 0.471857 0.873378 0.915053 -0.393968 0.086415 0.384859 0.788758 -0.479316
-0.298166 -13.828558 1.953792 19.986484 0.067335 0.467258 0.881553 0.988994 -0.147931 0.002868 0.131749 0.871657 -0.472076
-1.262925 -13.843497 -33.718136 -185.394087 0.108842 0.470528 0.875646 0.984624 0.070044 -0.160027 -0.136631 0.879601 -0.455670
-1.569343 -13.883872 -15.381874 -174.420584 0.178541 0.461200 0.869148 0.975195 0.034517 -0.218641 -0.130838 0.886625 -0.443597
-0.081130 -6.375506 -103.331460 15.746967 0.240658 0.949153 -0.202958 -0.266798 -0.136360 -0.954057 0.933222 -0.283751 -0.220416
0.114880 -5.916755 -51.387255 -13.040793 0.199198 0.927821 -0.315386 -0.207773 -0.274531 -0.938863 0.957680 -0.252548 -0.138090
1.073288 -5.612511 -60.155454 27.434794 0.231570 0.958678 -0.165265 -0.270845 -0.099631 -0.957453 0.934355 -0.266478 -0.236581
0.937925 -5.547483 -89.509022 20.162182 0.266153 0.959093 -0.096454 -0.311535 -0.009106 -0.950191 0.912200 -0.282945 -0.296368
-0.341071 -6.100650 -117.182071 17.524856 0.279209 0.955605 -0.094138 -0.324042 0.001483 -0.946041 0.903902 -0.294648 -0.310070
-0.554180 -8.542039 -9.054410 -62.226181 0.132115 0.976837 -0.168330 0.980903 -0.104385 0.164113 0.142740 -0.186797 -0.971973
-0.689598 -10.029882 -9.173328 64.445353 0.165144 0.974162 -0.154065 -0.921933 0.096981 -0.375013 0.350382 -0.203969 -0.914127
-0.376791 -8.857578 -8.357781 -75.518286 0.156565 0.972296 -0.173572 0.976399 -0.125899 0.175484 0.148770 -0.196951 -0.969060
-0.246700 -7.714435 -7.470158 -55.993782 0.125843 0.975138 -0.182399 0.991304 -0.130735 -0.015002 -0.038475 -0.178925 -0.983110
-0.391758 -7.544653 -7.967433 -45.485684 0.100469 0.979218 -0.176178 0.993967 -0.106616 -0.025755 -0.044003 -0.172528 -0.984021
0.465071 -22.102551 -150.924733 361.844210 0.564887 0.823410 0.053827 -0.455262 0.365401 -0.811922 0.688214 -0.434139 -0.581278
0.976333 -18.965329 -76.462085 407.887677 0.498658 0.862272 0.088468 -0.609672 0.421455 -0.671323 0.616149 -0.280824 -0.735866
-0.998911 -20.190638 -94.622084 476.401476 0.501275 0.863926 0.048538 -0.620198 0.397841 -0.676075 0.603389 -0.308797 -0.735232
-1.854991 -22.773005 -97.910318 289.379977 0.498754 0.863258 0.077658 -0.383760 0.300277 -0.873248 0.777157 -0.405734 -0.481048
1.797536 -14.018292 58.527484 190.516680 0.253463 0.954919 -0.154551 0.870083 -0.294871 -0.394978 0.422744 0.034360 0.905597
1.342393 -16.165082 63.860138 152.458838 0.251061 0.955064 -0.157547 0.938705 -0.279943 -0.201156 0.236222 0.097388 0.966807
0.547136 -14.269237 55.457163 182.401238 0.210855 0.963235 -0.166487 0.874359 -0.262001 -0.408474 0.437077 0.059441 0.897458
1.142565 -11.481498 52.232840 172.832305 0.227222 0.959872 -0.164366 0.777169 -0.280439 -0.563349 0.586838 -0.000265 0.809704
0.017971 -11.913158 37.752090 210.561953 0.188980 0.971481 -0.143217 0.766400 -0.237097 -0.597005 0.613936 -0.003060 0.789350
-0.557349 -14.696034 37.315582 185.578458 0.173468 0.975216 -0.137339 0.882165 -0.215861 -0.418556 0.437829 0.048550 0.897746
-0.575306 -3.860436 -15.714513 28.731852 -0.052796 0.853747 -0.518004 0.039312 0.520102 0.853199 -0.997831 -0.024681 0.061022
-0.989295 -5.029528 -58.239438 5.424239 -0.075154 0.921060 -0.382100 -0.040458 0.380052 0.924080 -0.996351 -0.084907 -0.008702
-0.249849 -4.154452 -15.458700 5.860564 -0.050859 0.918767 -0.391511 -0.017073 0.391162 0.920164 -0.998560 -0.053483 0.004208
1.787149 -6.420795 77.704474 3.463195 0.194291 0.975068 0.107205 -0.970197 0.207145 -0.125734 0.144807 0.079581 -0.986254
2.590089 -6.412149 41.357365 3.170830 0.174397 0.982596 0.063958 -0.977282 0.180667 -0.110815 0.120441 0.043179 -0.991781
2.143479 -6.373292 26.992490 -2.050102 0.179610 0.981580 0.065127 -0.953727 0.189976 -0.233055 0.241135 0.020254 -0.970280
2.100320 -6.476051 90.377184 -2.288333 0.191765 0.975733 0.105697 0.981157 -0.193183 0.003242 0.023583 0.103084 -0.994393
0.188497 -22.692019 -7.459696 -452.730197 0.059975 0.976010 0.209300 0.660927 0.118304 -0.741066 0.748050 -0.182778 0.637977
-0.270311 -16.930378 7.252742 -528.066279 0.070246 0.980598 0.183008 0.828949 0.044670 -0.557537 0.554895 -0.190870 0.809729
0.183127 -19.687620 23.059986 -455.817570 0.020951 0.979903 0.198371 0.732750 0.119937 -0.669845 0.680176 -0.159390 0.715511
0.574364 -25.374660 -7.758635 -32.670360 0.053064 0.974973 0.215897 0.372653 0.181249 -0.910098 0.926452 -0.128748 0.353709
-0.151202 -24.861742 -33.142265 -156.699406 0.096060 0.976929 0.190740 0.553735 0.106788 -0.825817 0.827134 -0.184947 0.530702
24.365814 0.275244 -605.089968 162.126907 -0.054748 -0.454543 -0.889041 0.909001 -0.391129 0.143997 -0.413183 -0.800255 0.434594
38.960934 1.972719 -1034.226740 131.411394 -0.123379 -0.467042 -0.875585 0.929990 -0.362284 0.062199 -0.346260 -0.806612 0.479042
28.517621 0.745955 812.743229 311.327051 0.330643 -0.070090 -0.941149 0.868384 -0.367921 0.332480 -0.369572 -0.927212 -0.060786
16.005247 -2.310683 260.558598 152.137406 0.188289 -0.093626 -0.977641 0.871208 -0.443601 0.210273 -0.453369 -0.891321 -0.001957
18.064144 -2.264524 -497.550826 113.483585 -0.054892 -0.435124 -0.898696 0.892115 -0.425620 0.151583 -0.448461 -0.793419 0.411544
9.425297 -11.112729 -438.827827 58.608324 0.171489 0.905828 0.387384 0.116273 0.371852 -0.920981 0.978301 -0.202981 0.041555
10.348331 -11.922616 -378.645893 -277.577099 0.126806 0.891711 0.434479 0.066836 0.429339 -0.900667 0.989673 -0.143248 0.005156
6.184835 -13.031133 -499.678590 49.441817 0.267032 0.896276 0.354095 0.065807 0.349621 -0.934577 0.961438 -0.272864 -0.034379
5.386896 -14.680264 -345.340391 393.650205 0.253524 0.932467 0.257354 0.137139 0.228712 -0.963786 0.957559 -0.279636 0.069893
7.942303 -11.434601 -200.843528 510.167196 0.102011 0.949564 0.296516 0.150945 0.279845 -0.948105 0.983265 -0.141475 0.114785
-3.131705 -16.452173 105.514914 -199.381764 -0.070505 0.983776 0.164966 0.660870 -0.077808 0.746457 -0.747182 -0.161651 0.644662
-3.263661 -16.412667 144.982840 202.314185 -0.041734 0.980255 0.193283 0.581399 -0.133499 0.802591 -0.812547 -0.145870 0.564348
-4.382938 -15.575774 50.787881 -165.964619 -0.120329 0.975929 0.181889 0.639150 -0.064035 0.766412 -0.759611 -0.208476 0.616059
-4.173836 -16.401225 3.191781 -457.533958 -0.147682 0.973832 0.172747 0.726012 -0.011869 0.687579 -0.671637 -0.226960 0.705261
4.056732 -6.819362 179.997095 13.990470 0.163721 0.977881 0.130169 -0.870627 0.081177 0.485201 -0.463902 0.192766 -0.864660
3.727253 -6.850640 179.486094 4.350503 0.123165 0.980597 0.152513 -0.932249 0.061641 0.356529 -0.340210 0.186092 -0.921752
1.788387 -6.474343 178.347210 8.903045 0.179668 0.970648 0.159879 -0.877110 0.084477 0.472802 -0.445418 0.225179 -0.866543
4.825820 -7.140275 79.484902 8.076073 0.108633 0.990145 0.088390 -0.926300 0.068554 0.370498 -0.360787 0.122124 -0.924618
3.257300 -6.685403 190.910572 2.174302 0.218709 0.968069 0.122510 -0.803980 0.107626 0.584836 -0.552976 0.226404 -0.801847
4.397380 -7.029553 73.219614 6.990891 0.173895 0.982690 0.063875 -0.798126 0.102646 0.593682 -0.576849 0.154219 -0.802161
4.775147 -7.123437 38.383347 21.291078 0.133180 0.989535 0.055530 -0.863025 0.088241 0.497395 -0.487289 0.114167 -0.865745
3.550755 -14.488129 -18.170836 128.662671 0.270743 0.943962 0.188770 -0.153325 0.235876 -0.959611 0.950363 -0.230865 -0.208595
8.492493 -17.423642 196.421383 377.814408 0.305968 0.888624 0.341658 0.024745 0.351325 -0.935926 0.951720 -0.294818 -0.085505
6.034914 -20.606961 86.510794 517.052213 0.242989 0.954987 0.170166 -0.009905 0.177857 -0.984006 0.969978 -0.237417 -0.052676
0.703641 -34.524772 118.665573 1271.232149 0.436828 -0.819607 -0.370710 0.876736 0.295703 0.379333 -0.201284 -0.490718 0.847750
1.289998 -27.580123 114.122790 379.939638 0.442775 -0.813363 -0.377347 0.896278 0.389670 0.211761 -0.025198 -0.431970 0.901536
0.181669 -33.149178 45.803093 1400.764026 0.433351 -0.823122 -0.366984 0.885853 0.314155 0.341425 -0.165745 -0.473050 0.865304
3.511777 -30.995808 241.747637 440.460164 0.453474 -0.808885 -0.374255 0.880504 0.341516 0.328755 -0.138111 -0.478614 0.867095
0.010216 -40.957663 34.755517 1784.428996 0.451374 -0.819560 -0.352964 0.786225 0.178188 0.591692 -0.422033 -0.544584 0.724787
1.112489 -37.110551 135.235606 913.458303 0.445446 -0.815399 -0.369734 0.833962 0.227654 0.502674 -0.325708 -0.532258 0.781419
-7.823906 -169.235931 -50.317391 1915.678856 -0.312199 0.940462 -0.134399 -0.285984 -0.227944 -0.930728 0.905950 0.252136 -0.340121
-27.160826 -5037.096076 1748.711508 -333970.712231 -0.206043 0.955407 -0.211529 0.185863 -0.174022 -0.967043 0.960730 0.238568 0.141718
1.705724 -202.806500 -368.781867 2819.326212 -0.392161 0.894591 -0.214281 -0.647911 -0.433970 -0.626004 0.653009 0.106659 -0.749802
1.564676 -206.232567 336.474337 14962.787881 -0.303726 0.944505 0.125140 0.353706 0.233738 -0.905681 0.884671 0.230816 0.405069
-6.941096 -130.078875 -27.568701 7014.682985 -0.343627 0.927641 -0.146297 -0.892381 -0.371070 -0.256833 0.292535 -0.042298 -0.955319
-4.520476 -262.578088 -125.265631 -2479.566128 -0.328183 0.940258 -0.090607 0.033484 -0.084280 -0.995879 0.944020 0.329865 0.003824
-22.931901 -116.047061 477.354568 4463.203226 -0.268898 0.962126 0.044796 -0.458993 -0.087115 -0.884159 0.846770 0.258310 -0.465034
62.734508 -555.492080 -3389.592384 -122629.814241 -0.537267 0.841709 -0.053581 -0.532113 -0.387569 -0.752759 0.654370 0.375921 -0.656112
-70.935463 -251.619687 2845.334554 2720.095046 -0.657506 0.752343 0.040814 0.268451 0.284537 -0.920311 0.704003 0.594153 0.389052
-53.065809 -915.662821 -305.495819 5555.898116 -0.287824 0.782940 0.551510 0.441003 0.619544 -0.649370 0.850102 -0.056313 0.523598
-578.944882 -819.272578 30763.993349 67808.236796 0.451009 0.890061 0.066197 -0.201399 0.173747 -0.963976 0.869500 -0.421430 -0.257619
-62.896998 -247.470620 -2138.342933 13714.340174 0.862487 -0.257547 0.435645 0.458946 0.760815 -0.458835 0.213274 -0.595676 -0.774393
3.511752 0.449342 62.509083 -142.194597 0.009530 0.745250 -0.666716 0.185726 -0.656465 -0.731136 0.982555 0.116858 0.144669
2.940619 -1.329675 57.412197 -73.241039 -0.060989 0.873731 -0.482571 0.125750 -0.472893 -0.872100 0.990185 0.113872 0.081031
3.732510 -1.757506 3.396109 -128.534434 0.055205 0.837778 -0.543213 0.165612 -0.544190 -0.822454 0.984645 0.044559 0.168788
3.002964 -1.115448 -57.073950 97.349617 0.111989 0.952945 -0.281700 0.082267 0.273619 0.958313 -0.990298 0.130495 0.047754
3.302113 -0.431579 -27.887964 102.997370 0.222365 0.951774 -0.211375 0.081947 0.197790 0.976813 -0.971514 0.234530 0.034013
2.895746 0.281515 -44.523344 141.930472 0.138441 0.944474 -0.297998 0.111223 0.284165 0.952302 -0.984105 0.164982 0.065707
-4.674060 -6.861678 -165.760325 75.174071 -0.408967 0.225456 -0.884260 -0.010503 0.967773 0.251607 0.912489 0.112187 -0.393419
-0.721830 -9.603351 -224.016422 164.905325 -0.377488 0.244991 -0.893019 0.085977 0.969475 0.229623 0.922015 0.009901 -0.387028
-4.493559 -7.377551 -118.635094 124.959482 -0.412317 -0.079812 -0.907538 -0.089805 0.994864 -0.046691 0.906603 0.062250 -0.417367
-5.075162 -8.592324 -11.919934 -32.007856 -0.326375 -0.638330 -0.697147 -0.364768 0.765459 -0.530110 0.872023 0.081282 -0.482670
-5.526704 -7.977896 -7.731847 -152.077311 0.205745 0.769752 0.604278 -0.449338 0.622856 -0.640427 0.869347 0.139760 -0.474028
-1.179469 -5.985672 -33.974256 -41.833756 -0.463034 0.845592 0.265658 -0.654849 -0.528357 0.540381 -0.597304 -0.076248 -0.798382
-0.741852 -6.712444 -30.895645 -48.918774 -0.480815 0.823374 0.301450 -0.567567 -0.554315 0.608771 -0.668345 -0.121613 -0.733843
-1.365460 -6.016867 -28.027336 -20.613577 -0.488156 0.808310 0.329148 -0.592703 -0.583864 0.554803 -0.640630 -0.075743 -0.764105
-1.409446 -5.141491 -22.756497 -21.208552 -0.437639 0.850786 0.290921 -0.677178 -0.524725 0.515842 -0.591525 -0.028747 -0.805774
-1.320471 -5.145435 -29.575883 -57.283756 -0.389421 0.895250 0.216517 -0.759610 -0.445107 0.474208 -0.520908 -0.020198 -0.853374
-64.016955 -464.736166 -3183.202577 -2614.088042 0.923308 0.074718 -0.376723 -0.080147 -0.921812 -0.379260 0.375606 -0.380367 0.845128
-26.525535 -80.370188 -1225.968670 -2490.798705 0.790018 -0.100222 -0.604837 -0.517705 -0.637517 -0.570572 0.328410 -0.763890 0.555535
-49.192860 -291.216677 -1994.170703 8978.201613 0.868934 -0.051513 -0.492240 -0.469186 -0.402316 -0.786134 0.157540 -0.914050 0.373756
-41.400891 -391.246921 -2973.794836 31329.628603 0.919330 0.125776 -0.372845 -0.267707 -0.494518 -0.826913 0.288384 -0.860019 0.420954
-153.441160 -482.241824 -13719.034565 -80337.359552 0.950758 0.183168 -0.250018 -0.241610 -0.067234 -0.968041 0.194124 -0.980780 0.019669
-89.026967 -566.054357 -6000.083837 -32625.922451 0.974582 0.017156 -0.223371 -0.224027 0.079225 -0.971358 -0.001032 -0.996709 -0.081055
2.209747 -10.309540 6.584025 85.753227 0.789359 -0.499905 -0.356381 0.562795 0.357269 0.745400 0.245306 0.788958 -0.563357
1.877644 -10.217593 3.148499 -220.911455 0.819014 -0.493052 -0.293454 0.492886 0.342751 0.799741 0.293732 0.799639 -0.523736
2.393474 -9.403730 1.777886 161.236391 0.783395 -0.466426 -0.410779 0.576030 0.296658 0.761698 0.233415 0.833331 -0.501076
-0.455355 -15.080437 -172.820182 -90.488881 -0.374363 0.926336 0.041879 0.887440 0.371008 -0.273502 0.268892 0.065224 0.960959
-1.800531 -10.242643 -30.029687 -136.692333 -0.318789 0.947507 0.024564 0.946193 0.319653 -0.050405 0.055611 -0.007174 0.998427
-0.332420 -12.502306 20.834012 -201.160792 -0.518768 0.854883 0.007381 0.836287 0.509239 -0.203223 0.177490 0.099253 0.979105
-0.312697 -4.359707 -3.801573 -17.012745 0.069240 0.993726 -0.087831 -0.812105 0.005013 -0.583490 0.579389 -0.111729 -0.807357
-0.128255 -4.570127 -5.041686 -27.694948 0.061067 0.994067 -0.090004 -0.854240 0.005409 -0.519851 0.516280 -0.108631 -0.849502
0.031783 -4.396683 20.366553 -10.481221 0.035080 0.994195 -0.101711 -0.819011 -0.029723 -0.573008 0.572705 -0.103403 -0.813214
0.198569 -3.802433 3.210920 20.506867 0.014407 0.022439 0.999644 0.103549 0.994339 -0.023812 -0.994520 0.103855 0.012002
-0.069972 -3.338337 3.745479 22.156715 0.015615 0.048002 0.998725 0.179838 0.982423 -0.050030 -0.983572 0.180390 0.006708
-0.433288 -3.779706 40.134421 24.490959 0.049650 0.119521 0.991589 0.128893 0.983745 -0.125030 -0.990415 0.134017 0.033437
1.821604 -12.083216 -163.721901 -177.783904 0.278558 0.958571 0.059564 0.893231 -0.235783 -0.382811 0.352907 -0.159840 0.921905
0.446700 -12.452911 -426.364423 -245.850224 0.358675 0.927807 0.102602 0.886807 -0.304368 -0.347756 0.291421 -0.215720 0.931954
0.032996 -9.894350 -212.910762 -219.882488 0.281947 0.958467 0.042971 0.943112 -0.268648 -0.195880 0.176200 -0.095754 0.979686
2.077576 -11.096617 -303.102897 84.824501 0.330114 0.937892 0.106694 0.786210 -0.210637 -0.580952 0.522397 -0.275664 0.806914
0.693456 -10.293179 22.627825 -129.926425 0.217182 0.975848 -0.023514 0.942629 -0.215924 -0.254611 0.253539 -0.033132 0.966758
-3.082475 -12.074562 -21.308186 -71.652438 -0.164560 0.969599 0.181100 0.930776 0.213413 -0.296834 0.326459 -0.119716 0.937599
-1.627326 -12.338496 174.456610 23.197612 -0.116289 0.989584 0.084850 0.890519 0.141715 -0.432311 0.439833 -0.025288 0.897724
-2.031413 -11.845843 152.546589 -52.321291 -0.092978 0.993926 0.058880 0.950105 0.106252 -0.293275 0.297750 -0.028674 0.954213
-3.099552 -10.874894 2.707177 -180.395705 -0.143641 0.980419 0.134707 0.979221 0.160497 -0.123960 0.143152 -0.114102 0.983101
-3.498390 -11.424732 -53.026199 -167.047006 -0.171922 0.960844 0.217307 0.963174 0.210245 -0.167608 0.206732 -0.180489 0.961606
-2.938153 -11.423057 -29.626175 -52.720270 -0.178816 0.951678 0.249669 0.916917 0.253209 -0.308462 0.356775 -0.173768 0.917887
-14.367271 -86.915648 1598.075501 6287.598602 -0.301486 -0.845277 -0.441150 0.953221 -0.277781 -0.119192 -0.021793 -0.456448 0.889483
-6.393451 -102.126090 487.117403 6142.494383 -0.231434 -0.921355 -0.312318 0.971101 -0.199543 -0.130941 0.058322 -0.333597 0.940910
-19.932189 -101.560228 661.034260 5802.306187 -0.130206 -0.965694 -0.224682 0.991297 -0.122355 -0.048584 0.019426 -0.229053 0.973220
-13.142341 -398.454265 3.509137 35113.661075 -0.549825 -0.812625 -0.193221 0.794780 -0.437818 -0.420286 0.256939 -0.384651 0.886581
-6.772606 -14.401348 433.616145 1096.282219 0.029224 -0.970775 -0.238207 0.998455 0.017081 0.052885 -0.047271 -0.239385 0.969773
0.533783 -1.627787 12.817802 2.980773 -0.171141 0.816865 -0.550855 0.358906 -0.468999 -0.806986 0.917550 0.335813 0.212913
0.409031 -1.732993 16.348802 -25.875403 -0.203425 0.842518 -0.498780 0.337837 -0.417744 -0.843420 0.918959 0.340079 0.199654
0.503070 -1.861208 -14.003693 -38.679547 -0.178043 0.840081 -0.512410 0.344335 -0.434619 -0.832189 0.921810 0.324606 0.211889
0.478519 -1.906900 -20.310816 -22.246018 -0.162774 0.839960 -0.517659 0.353019 -0.440345 -0.825514 0.921348 0.317116 0.224845
0.558592 -1.745994 4.211293 6.653192 -0.160984 0.816869 -0.553903 0.375242 -0.468420 -0.799860 0.912841 0.336612 0.231116
-1.472704 -7.796908 44.572448 -40.127019 0.249578 -0.958511 0.137720 0.964834 0.234026 -0.119695 0.082499 0.162750 0.983212
-1.933716 -7.759806 34.894567 -23.654843 0.239849 -0.955350 0.172565 0.964080 0.213499 -0.158012 0.114114 0.204265 0.972242
-1.827371 -7.190256 49.421363 -37.426929 0.258265 -0.954125 0.151473 0.964830 0.262697 0.009669 -0.049017 0.143648 0.988414
-2.398807 -4.497758 74.363841 -91.421291 0.129698 0.984567 -0.117500 0.600707 -0.172300 -0.780681 0.788878 -0.030670 0.613784
-2.478814 -3.344104 -10.574347 -69.489260 0.414062 0.827415 -0.379391 0.516586 -0.556780 -0.650489 0.749461 -0.073354 0.657972
-2.897888 -4.656470 4.175470 -76.848587 0.271746 0.940682 -0.203155 0.551618 -0.325231 -0.768077 0.788588 -0.096658 0.607277
-1.032177 -18.837875 2.457801 93.356293 0.068080 0.970366 -0.231849 -0.846235 0.179255 0.501751 -0.528442 -0.162040 -0.833362
-1.095581 -17.811813 56.134454 31.856591 0.057658 0.985389 -0.160263 -0.902082 0.120195 0.414489 -0.427696 -0.120672 -0.895832
-1.680703 -18.404444 4.418440 -174.009269 0.087034 0.967908 -0.235753 -0.958091 0.146160 0.246371 -0.272923 -0.204431 -0.940065
-0.834737 -14.686916 -35.564315 106.359386 0.086726 0.976835 -0.195632 -0.520927 0.211852 0.826894 -0.849184 -0.030196 -0.527233
-1.623019 -15.343080 -26.920719 96.339647 0.132865 0.975466 -0.175536 -0.664771 0.219068 0.714205 -0.735137 -0.021799 -0.677568
-0.894181 -16.072661 -35.711510 113.235014 0.103336 0.970345 -0.218521 -0.655201 0.231703 0.719045 -0.748354 -0.068873 -0.659715
0.303736 -5.018166 -56.253962 -44.606814 0.549428 0.835537 -0.002490 0.738329 -0.486897 -0.466692 0.391151 -0.254575 0.884416
0.401902 -5.278265 -95.613975 -23.849807 0.543404 0.839363 0.013442 0.716657 -0.455506 -0.528125 0.437166 -0.296619 0.849060
-0.986641 -5.575096 -138.924518 -55.672660 0.536052 0.843883 0.022555 0.729441 -0.449577 -0.515555 0.424928 -0.292817 0.856560
-0.467064 -5.214512 -73.892024 -75.997499 0.545658 0.838007 -0.001487 0.747002 -0.487205 -0.452348 0.379796 -0.245717 0.891840
0.483756 -4.714688 -13.270854 -45.369777 0.533394 0.845814 -0.009462 0.769902 -0.490093 -0.408729 0.350346 -0.210729 0.912607
8.318833 -13.713299 178.699485 270.794921 0.418279 -0.360161 -0.833862 0.348386 0.911431 -0.218908 0.838850 -0.198941 0.506708
13.139204 -12.971398 173.239147 34.052814 0.449081 -0.283362 -0.847368 0.477010 0.877951 -0.040788 0.755505 -0.385886 0.529437
11.101320 -16.886957 -96.507529 162.561520 0.471063 -0.513066 -0.717539 0.526389 0.816235 -0.238063 0.707823 -0.265562 0.654571
1.531014 -15.741704 -17.604950 311.554639 0.223695 0.961484 -0.159715 -0.654128 0.026619 -0.755916 0.722549 -0.273568 -0.634888
2.296776 -15.076584 -31.750195 17.636572 0.135614 0.969937 -0.202068 -0.763151 -0.027801 -0.645622 0.631830 -0.241764 -0.736438
1.565854 -13.313363 -27.201301 -145.534848 0.173082 0.956229 -0.235944 -0.728049 -0.037121 -0.684519 0.663315 -0.290256 -0.689757
-0.352578 -16.436159 57.894643 23.796545 0.016195 0.991734 -0.127283 -0.908793 0.067683 0.411722 -0.416934 -0.109006 -0.902377
0.280415 -16.330665 52.811697 101.172751 -0.031170 0.993574 -0.108809 -0.799604 0.040531 0.599159 -0.599719 -0.105680 -0.793202
0.274530 -14.926518 29.122766 -18.589802 -0.027156 0.990863 -0.132110 -0.930252 0.023327 0.366178 -0.365914 -0.132840 -0.921119
-0.327249 -18.516157 -0.041081 156.432705 -0.174707 0.930790 -0.321103 -0.589319 0.162405 0.791408 -0.788784 -0.327497 -0.520159
-0.201004 -17.733206 28.567620 164.978371 -0.138159 0.940489 -0.310472 -0.654655 0.148512 0.741196 -0.743195 -0.305655 -0.595177
-0.346855 -19.557986 22.158774 67.391485 -0.146909 0.930949 -0.334291 -0.764390 0.107647 0.635704 -0.627794 -0.348920 -0.695794
1.941566 -12.819790 -68.449068 155.224579 -0.132240 0.962830 -0.235523 0.834161 0.236451 0.498264 -0.535433 0.130573 0.834423
1.133822 -14.476404 -33.095453 222.319455 -0.076648 0.980100 -0.183108 0.829648 0.164551 0.533486 -0.553001 0.111025 0.825750
1.039235 -14.983383 -40.181119 412.925237 -0.082831 0.977063 -0.196181 0.771434 0.187489 0.608060 -0.630895 0.100975 0.769270
1.492831 -13.431850 -65.492955 408.959877 -0.123667 0.962575 -0.241153 0.766067 0.247079 0.593375 -0.630752 0.111359 0.767952
0.720761 -16.718791 -32.953065 456.307600 -0.059929 0.981033 -0.184342 0.671780 0.176232 0.719482 -0.738322 0.080719 0.669600
0.372739 -17.918608 -13.681599 363.513091 -0.039785 0.985443 -0.165284 0.653038 0.150842 0.742151 -0.756279 0.078411 0.649533
-3.244707 -13.046070 -31.296537 12.298109 0.274880 0.951589 -0.137551 0.798737 -0.305642 -0.518268 0.535220 -0.032594 0.844084
-2.414420 -13.182769 -52.084634 21.399226 0.259744 0.963169 -0.069557 0.788983 -0.253198 -0.559819 0.556812 -0.090530 0.825690
-2.575677 -12.515236 -40.966411 60.142747 0.300053 0.941570 -0.153019 0.658110 -0.320448 -0.681326 0.690550 -0.103731 0.715807
-2.929671 -13.331899 -49.470733 -18.355779 0.242634 0.968214 -0.060748 0.894831 -0.247552 -0.371477 0.374707 -0.035773 0.926453
-3.383451 -12.410416 -27.416056 52.672338 0.310911 0.923291 -0.225538 0.675107 -0.381567 -0.631378 0.669004 -0.044040 0.741953
-3.924613 -12.998239 -12.475248 9.515070 0.279440 0.935679 -0.215451 0.813282 -0.349932 -0.464887 0.510378 0.045315 0.858756
-3.695513 -13.175285 -29.402613 -18.802525 0.257095 0.957857 -0.128110 0.900455 -0.285567 -0.328074 0.350832 0.031011 0.935925
-1.713676 -21.251387 -4.368909 392.551179 -0.194759 0.955175 -0.222956 0.323975 -0.151907 -0.933790 0.925802 0.254096 0.279868
-1.454081 -20.111368 -17.916845 311.080385 -0.169234 0.967389 -0.188464 0.304530 -0.130539 -0.943515 0.937348 0.217068 0.272507
-1.381231 -17.107172 -0.604428 451.113542 -0.202175 0.954593 -0.218809 0.109560 -0.199975 -0.973656 0.973202 0.220822 0.064155
-1.261906 -18.799950 23.356236 661.763416 -0.222106 0.939934 -0.259214 0.133172 -0.234119 -0.963044 0.965885 0.248418 0.073174
-1.961669 -24.090232 11.782798 589.177516 -0.212196 0.942524 -0.258113 0.376366 -0.164930 -0.911672 0.901843 0.290598 0.319737
22.723469 -315.739586 2695.287332 62874.925293 -0.516035 0.852338 0.085021 0.499202 0.218598 0.838458 -0.696064 -0.475116 0.538293
-23.306689 -239.964059 945.765244 8856.560715 -0.278224 0.935074 0.219608 0.929825 0.319534 -0.182545 0.240866 -0.153409 0.958358
-2.188896 -219.034255 -19.864776 -5491.674586 -0.301817 0.937711 0.172061 0.930776 0.328882 -0.159665 0.206307 -0.111961 0.972061
-3.337763 -197.430127 121.573834 -4171.192848 -0.283619 0.958927 -0.004378 0.566674 0.163917 -0.807472 0.773590 0.231495 0.589889
-11.232741 -553.393629 -6.068812 -30442.459274 -0.289936 0.957045 -0.001581 0.934595 0.283490 0.214864 -0.206082 -0.060820 0.976643
1.189585 -347.032958 827.176410 37722.414157 -0.438294 0.895463 0.077744 0.680524 0.274093 0.679529 -0.587184 -0.350740 0.729518
-0.022200 -191.668946 739.425106 2714.273513 -0.473990 0.876306 -0.086149 -0.614488 -0.259118 0.745159 -0.630664 -0.406136 -0.661299
70.682396 -268.793238 2806.974351 -32630.415309 -0.371387 0.928090 0.026836 -0.459300 -0.208760 0.863402 -0.806917 -0.308330 -0.503803
94.328381 -524.118419 5110.903848 52895.833056 -0.306754 0.943312 -0.126742 -0.130649 0.090169 0.987320 -0.942779 -0.319423 -0.095583
4.409412 -111.941561 124.945791 3280.429247 -0.190790 0.977855 -0.086012 -0.958667 -0.204452 -0.197882 0.211086 -0.044703 -0.976445
9.710762 -86.321985 -1108.097528 -3575.725289 -0.440661 0.821642 -0.361557 -0.804071 -0.540354 -0.247969 0.399110 -0.181447 -0.898770
319.024419 -379.048916 17817.911408 39052.158592 -0.488241 0.794058 -0.362069 0.104936 0.465285 0.878919 -0.866377 -0.391130 0.310496
0.857753 -5.351149 86.970810 -24.915848 -0.220587 0.932156 0.287101 0.491842 0.360493 -0.792550 0.842278 0.033618 0.537994
-0.070474 -5.199369 71.366042 -28.892294 -0.222018 0.929566 0.294304 0.512202 0.368025 -0.776020 0.829673 0.021547 0.557834
0.386517 -5.532254 88.052941 -17.900149 -0.224147 0.929569 0.292678 0.432680 0.364020 -0.824789 0.873239 0.058238 0.483800
1.473595 -5.527625 99.080875 -17.611251 -0.207999 0.939063 0.273674 0.411108 0.337811 -0.846684 0.887539 0.063600 0.456321
0.124398 -5.568423 71.075745 4.343361 -0.205683 0.937849 0.279525 0.350003 0.337237 -0.873939 0.913889 0.081919 0.397614
-3.707483 -7.071255 -20.918569 53.847486 -0.041171 0.981435 -0.187321 0.224983 0.191772 0.955304 -0.973493 0.002813 0.228702
-3.691974 -6.920304 -19.669102 -1.815862 -0.025054 0.997091 -0.071985 0.113503 0.074379 0.990750 -0.993222 -0.016652 0.115036
-2.910865 -6.487260 -64.655057 7.478225 -0.085452 0.995763 -0.033957 0.151335 0.046658 0.987381 -0.984782 -0.079235 0.154680
-1.469758 -9.538706 22.612456 92.998372 -0.410482 0.804721 0.428868 0.441073 0.586858 -0.679008 0.798097 0.089559 0.595836
-1.056896 -9.369065 -18.570104 97.189117 -0.415737 0.805136 0.422988 0.428213 0.583592 -0.689967 0.802370 0.105716 0.587390
-1.227555 -10.407126 37.619610 39.817540 -0.403757 0.818215 0.409273 0.574792 0.574913 -0.582314 0.711755 -0.000133 0.702428
-1.825403 -10.271618 96.554755 25.960463 -0.405911 0.812747 0.417947 0.584774 0.582419 -0.564648 0.702336 -0.015208 0.711683
-1.592941 -9.843133 89.628901 -56.732947 -0.367516 0.847532 0.382912 0.714289 0.520902 -0.467389 0.595586 -0.101737 0.796823
-1.003279 -10.742415 30.630950 -11.319548 -0.376642 0.839856 0.390875 0.700893 0.534258 -0.472565 0.605715 -0.095973 0.789873
4.477903 -5.035833 136.302101 48.777038 0.101542 0.931068 -0.350431 0.724646 -0.310566 -0.615173 0.681599 0.191473 0.706230
3.003710 -5.449288 168.766743 53.042138 0.091780 0.908910 -0.406766 0.701463 -0.348946 -0.621439 0.706772 0.228296 0.669593
4.141746 -4.229174 92.761166 43.821383 0.178488 0.898597 -0.400831 0.641146 -0.415231 -0.645380 0.746374 0.141798 0.650246
-327.730127 -3260.668762 -30488.700315 -268910.995567 0.172314 -0.603373 0.778620 0.904796 -0.215543 -0.367268 0.389425 0.767777 0.508788
-273.715219 -541.272734 -20812.664869 -32764.996207 0.939945 -0.331410 -0.081677 -0.274440 -0.876074 0.396455 0.202945 0.350230 0.914414
-254.200116 -679.583014 21959.838492 93297.813157 -0.441193 0.891097 0.106273 0.355272 0.282180 -0.891154 0.824093 0.355415 0.441078
-144.816786 -218.833229 11557.203861 6261.656920 -0.643941 0.737400 -0.203912 0.252710 -0.046562 -0.966421 0.722134 0.673849 0.156365
-134.579081 -309.046633 -11021.111755 -4723.295527 0.839595 -0.503925 0.202831 -0.170808 0.109544 0.979196 0.515660 0.856773 -0.005898
-3.054059 -32.726320 195.390512 863.619316 0.990144 0.027775 0.137270 0.038987 0.886733 -0.460635 0.134516 -0.461447 -0.876911
-1.248438 -25.243383 40.436415 894.385316 0.993455 0.108375 0.036089 -0.097527 0.969250 -0.225929 0.059464 -0.220931 -0.973475
-0.714594 -27.386999 63.868784 558.360989 0.994693 0.069678 0.075705 -0.027024 0.886880 -0.461209 0.099277 -0.456715 -0.884056
-4.329673 -33.498834 169.404517 1220.547718 0.997667 0.033928 0.059238 -0.024999 0.989050 -0.145446 0.063524 -0.143625 -0.987591
-1.420103 -28.251253 188.110783 -231.345362 0.988491 0.080874 0.127851 0.051646 0.613939 -0.787662 0.142194 -0.785200 -0.602696
-4.511548 -32.692233 225.716349 -435.699161 0.993147 0.039059 0.110155 0.063901 0.607691 -0.791599 0.097860 -0.793213 -0.601030
-6.483651 -37.180323 335.907280 848.790684 0.989567 -0.000567 0.144070 0.075259 0.854747 -0.513560 0.122852 -0.519045 -0.845872
-1.015837 -8.058349 6.968096 32.827833 -0.151064 0.944577 -0.291469 0.126528 -0.273951 -0.953384 0.980393 0.180901 0.078131
-1.306875 -8.617882 -3.238783 28.288075 -0.159081 0.969496 -0.186471 0.296957 -0.133141 -0.945563 0.941546 0.205795 0.266719
-1.177948 -9.274729 -7.285615 11.190937 -0.134245 0.976717 -0.167341 0.300746 -0.120747 -0.946030 0.944209 0.177327 0.277534
-8.590368 -14.668564 15.130739 343.227850 0.197071 0.821635 0.534864 -0.387607 0.566411 -0.727282 0.900513 0.063991 -0.430095
-6.563217 -11.246766 -15.389325 94.157240 -0.205293 0.974382 -0.091842 -0.312794 -0.154241 -0.937214 0.927370 0.163676 -0.336445
-9.142288 -11.997052 151.818573 97.728829 -0.073871 0.971086 0.227013 -0.314238 0.193373 -0.929441 0.946466 0.139995 -0.290867
-6.404299 -9.689285 -25.113280 90.438599 -0.315997 0.925322 -0.209583 -0.377924 -0.325383 -0.866775 0.870241 0.194692 -0.452521
6.555561 -12.253080 225.837598 432.878996 0.474081 0.833512 0.283734 -0.308703 0.459142 -0.833001 0.824590 -0.307321 -0.474978
8.793462 -7.672705 240.176590 311.871829 0.530737 0.785665 0.317882 -0.383118 0.556957 -0.736899 0.756002 -0.269314 -0.596600
4.032976 -6.621448 268.202710 -36.135266 0.376565 0.864829 0.332070 -0.423371 0.479490 -0.768665 0.823988 -0.148863 -0.546703
6.894217 -5.851997 284.650531 70.690083 0.455543 0.822203 0.341266 -0.415643 0.535447 -0.735212 0.787224 -0.193076 -0.585663
-5.087011 -9.876319 -24.038178 15.398054 0.069435 0.996117 -0.054130 -0.551822 0.083556 0.829765 -0.831066 0.027745 -0.555481
-5.324742 -9.577423 -21.222415 43.294944 0.141212 0.989976 0.002697 -0.438847 0.060156 0.896546 -0.887397 0.127786 -0.442942
-1.384242 -23.271816 34.809381 -34.780331 0.025787 0.973486 0.227289 0.175620 0.219417 -0.959695 0.984120 -0.064664 0.165305
-1.404916 -22.708707 42.182604 79.266614 0.020642 0.970103 0.241813 -0.065415 0.242657 -0.967904 0.997645 -0.004161 -0.068468
0.977975 -13.302536 -24.204649 260.916185 0.040648 0.484531 0.873829 0.913827 -0.371696 0.163593 0.404064 0.791879 -0.457886
-0.603358 -5.396127 -17.752195 -58.722014 0.177383 0.851205 -0.493949 -0.142496 -0.474405 -0.868697 0.973771 -0.224477 -0.037142
-0.090929 -4.566852 -15.199512 -86.645190 0.186808 0.913579 -0.361215 -0.145483 -0.337907 -0.929867 0.971565 -0.226257 -0.069786
-0.984359 -3.358099 -18.275899 -124.914357 0.180637 0.871279 -0.456337 -0.082775 -0.448856 -0.889762 0.980060 -0.198497 0.008960
-0.953807 -4.005794 9.223513 84.506896 0.150455 0.665278 -0.731278 0.075088 0.729872 0.679447 0.985761 -0.157137 0.059859
-0.750446 -11.381449 -8.660264 53.076665 0.194157 0.971209 -0.138042 -0.809879 0.079295 -0.581213 0.553534 -0.224644 -0.801957
-0.940957 -10.964136 -8.815339 54.085734 0.177392 0.975813 -0.127753 -0.820605 0.075004 -0.566552 0.543267 -0.205337 -0.814062
-0.949175 -11.750598 -5.530181 36.737385 0.199577 0.974230 -0.105098 -0.658142 0.053812 -0.750968 0.725960 -0.219045 -0.651922
-1.065541 -10.623882 -6.811326 60.350755 0.158731 0.981161 -0.110126 -0.830161 0.072254 -0.552821 0.534450 -0.179172 -0.825991
-1.083144 -11.457031 -7.081549 37.218776 0.186917 0.978251 -0.089931 -0.665388 0.058724 -0.744184 0.722717 -0.198940 -0.661893
2.214271 -24.166954 -94.327628 403.695909 0.505326 0.858148 0.090704 -0.387492 0.319574 -0.864710 0.771036 -0.401813 -0.494014
2.473122 -19.992250 -7.206616 251.519438 0.419932 0.899407 0.121338 -0.490579 0.337438 -0.803410 0.763537 -0.277852 -0.582931
1.550131 -14.676403 2.614396 201.259362 0.405503 0.901446 0.151533 -0.685838 0.409631 -0.601522 0.604312 -0.139992 -0.784353
0.946427 -12.287625 -21.942077 228.428209 0.437977 0.889240 0.132013 -0.757395 0.444101 -0.478672 0.484282 -0.109661 -0.868012
-1.633523 -4.829771 -58.573896 25.959454 -0.057429 0.866422 -0.495998 0.043010 0.498504 0.865820 -0.997423 -0.028390 0.065894
-2.207086 -5.805862 -65.449440 46.189032 -0.049375 0.947772 -0.315105 -0.005782 0.315213 0.949003 -0.998764 -0.048679 0.010083
-1.869473 -5.901552 -100.229292 44.454350 -0.111237 0.965117 -0.237015 -0.081302 0.228858 0.970059 -0.990463 -0.127176 -0.053009
-0.908251 -5.487855 -85.272435 41.845515 -0.116142 0.959839 -0.255383 -0.128493 0.240443 0.962121 -0.984886 -0.144558 -0.095407
2.419910 -6.350967 -7.935466 -0.403332 0.152701 0.988160 0.014897 -0.963873 0.152243 -0.218565 0.218245 -0.019016 -0.975709
3.106589 -6.430003 51.019586 -0.603705 0.165438 0.984363 0.060497 0.986220 -0.165153 -0.009721 0.000422 0.061271 -0.998121
2.964509 -6.375232 -1.480693 4.271644 0.140203 0.990066 0.010597 -0.985195 0.140564 -0.098141 0.098656 -0.003320 -0.995116
-0.790767 -11.922463 1.453171 -406.549230 0.088638 0.979712 0.179745 0.896362 0.000238 -0.443323 0.434372 -0.200412 0.878155
-1.025618 -13.090142 -16.588165 -360.414380 0.183921 0.972712 0.141441 0.888623 -0.103036 -0.446915 0.420146 -0.207884 0.883324
0.051254 -15.333064 11.702153 -461.048169 0.033198 0.980700 0.192681 0.845103 0.075378 -0.529263 0.533572 -0.180406 0.826290
-1.441109 -8.777559 0.097113 -173.850082 0.252517 0.961260 0.110521 0.905291 -0.194387 -0.377705 0.341589 -0.195430 0.919306
-1.179103 -8.370367 -12.150361 -191.237456 0.115212 0.978409 0.171588 0.927422 -0.044072 -0.371412 0.355830 -0.201925 0.912475
-0.329015 -11.236795 -1.754867 -350.529827 0.034680 0.979185 0.199984 0.905252 0.054009 -0.421429 0.423458 -0.195651 0.884536
44.536328 2.446408 1406.844235 403.918845 0.267002 -0.066614 -0.961391 0.921820 -0.273227 0.274945 -0.280993 -0.959640 -0.011546
10.516208 -14.457272 -251.079330 -350.282066 0.061250 0.895299 0.441236 -0.067655 0.444773 -0.893084 0.995827 -0.024850 -0.087814
10.415191 -13.782964 122.818721 -469.533378 -0.121255 0.879461 0.460266 0.008149 0.464554 -0.885507 0.992588 0.103622 0.063496
9.347310 -19.280079 234.961196 -518.857721 -0.190737 0.882227 0.430460 -0.150180 0.407123 -0.900942 0.970085 0.236490 -0.054839
10.192570 -12.769471 410.964867 -536.894633 -0.260477 0.858061 0.442587 0.057279 0.471338 -0.880091 0.963779 0.203893 0.171921
8.887998 -18.517423 468.832773 -546.452263 -0.307891 0.859414 0.408179 -0.085687 0.402229 -0.911520 0.947555 0.315624 0.050202
-1.569340 -16.024560 183.266348 73.662377 -0.021512 0.987563 0.155745 0.620067 -0.109021 0.776938 -0.784254 -0.113285 0.610010
-1.302507 -17.698227 126.800417 452.075868 -0.013734 0.980564 0.195717 0.526929 -0.159254 0.834856 -0.849798 -0.114595 0.514501
-2.616082 -19.440441 196.116299 438.513478 0.001210 0.976440 0.215786 0.419911 -0.196336 0.886074 -0.907564 -0.089539 0.410256
1.301282 -6.556793 176.752770 9.132799 0.128108 0.973052 0.191726 -0.935592 0.054438 0.348862 -0.329023 0.224069 -0.917353
3.780058 -6.942737 184.421673 -0.552391 0.090649 0.981401 0.169218 -0.974228 0.052146 0.219456 -0.206550 0.184751 -0.960835
4.926993 -7.149502 80.956763 -8.480511 0.082959 0.991842 0.096790 -0.972527 0.059377 0.225090 -0.217507 0.112804 -0.969518
3.516129 -26.079581 206.658864 114.184149 0.458516 -0.814425 -0.355633 0.881671 0.467066 0.067119 0.111440 -0.344327 0.932212
5.518410 -189.337469 158.512474 -9081.919571 -0.311134 0.943329 0.115435 0.759756 0.319859 -0.566092 0.570934 0.088428 0.816220
-1.555932 -275.983496 64.574750 -9936.121806 -0.255006 0.965968 0.043344 0.783851 0.232760 -0.575674 0.566171 0.112825 0.816530
-269.491116 -556.146738 -10948.154341 -26416.258899 0.623780 -0.695728 -0.356177 0.760935 0.644662 0.073408 0.178542 -0.316818 0.931531
-50.804935 -242.512364 -1713.348666 -7946.968901 0.794817 -0.601880 -0.077502 0.550590 0.768929 -0.324960 0.255180 0.215612 0.942547
2.529250 -7.394287 -273.365607 -18.163980 0.050530 0.995606 -0.078838 -0.965520 0.068883 0.251050 -0.255377 -0.063435 -0.964758
2.782182 -7.153596 -272.623810 -21.217008 0.056399 0.995729 -0.073097 -0.991744 0.064318 0.110940 -0.115168 -0.066236 -0.991135
4.411412 -7.286263 -126.104903 -12.886249 0.070401 0.997515 -0.002613 -0.969088 0.069015 0.236866 -0.236458 0.014143 -0.971539
4.335926 -7.335916 -136.310115 6.050807 0.083107 0.996466 -0.012208 -0.921201 0.081491 0.380458 -0.380108 0.020373 -0.924718
2.518271 -7.501169 -266.640075 -1.719684 0.053013 0.995335 -0.080611 -0.917289 0.080443 0.390013 -0.394678 -0.053267 -0.917274
-1.245259 -6.505263 -13.000059 -49.967473 -0.486487 0.804705 0.340264 -0.538042 -0.582784 0.608994 -0.688361 -0.113192 -0.716482
-0.441230 -7.187057 -22.365837 -36.731473 -0.495090 0.802922 0.331967 -0.450750 -0.564002 0.691900 -0.742772 -0.192918 -0.641149
1.992023 -4.245358 -9.971722 62.436895 0.121780 0.990678 -0.061052 -0.245959 -0.029470 -0.968832 0.961599 -0.133001 -0.240077
1.910898 -3.192583 -5.102223 51.651656 0.091810 0.994707 -0.046150 -0.286590 -0.017990 -0.957884 0.953644 -0.101169 -0.283421
