10812
21614
-3.903227 -4.800195 -4.850458 45.670294 0.982769 0.113502 0.145883 0.008995 0.758949 -0.651088 0.184617 -0.641181 -0.744851
-4.387210 -5.936326 13.676909 44.717569 0.972404 0.095409 0.212903 0.101379 0.649101 -0.753916 0.210127 -0.754695 -0.621516
-3.253482 -5.930736 -21.193915 65.141808 0.955529 -0.117018 0.270686 0.269469 0.719340 -0.640263 0.119793 -0.684731 -0.718883
-3.946070 -5.354506 -0.723228 35.965680 0.918421 0.391885 -0.054124 -0.295655 0.589026 -0.752088 0.262852 -0.706735 -0.656836
-2.946772 -4.204393 -24.031401 43.116919 0.991217 0.001741 0.132237 0.073335 0.824862 -0.560557 0.110053 -0.565331 -0.817490
-3.386273 -4.390895 8.110280 23.753402 0.704732 0.658653 -0.263682 -0.658053 0.467922 -0.589928 0.265175 -0.589258 -0.763189
0.064279 -3.041819 -5.645877 -4.453003 0.985260 0.111046 -0.130121 -0.125443 0.986180 -0.108227 -0.116304 -0.122955 -0.985574
0.054411 -3.267093 7.893325 -7.492613 -0.978037 -0.149987 0.144732 -0.150823 0.988547 0.005243 -0.143860 -0.016701 -0.989457
-0.144362 -2.872117 11.181454 -6.964455 -0.980175 -0.135795 0.144283 -0.149339 0.984901 -0.087563 -0.130214 -0.107374 -0.985655
-0.090862 -2.675929 -12.242298 -4.430197 0.989920 0.047721 -0.133345 -0.075020 0.975268 -0.207905 -0.120126 -0.215813 -0.969017
0.124326 -2.817921 -6.335983 -2.771185 0.992711 0.035792 -0.115078 -0.063738 0.966333 -0.249275 -0.102282 -0.254793 -0.961571
0.172804 -3.029392 3.612369 -4.658321 0.991795 0.078999 -0.100505 -0.099284 0.971263 -0.216311 -0.080528 -0.224514 -0.971138
0.857534 -3.786865 16.795016 10.177859 0.966398 -0.129610 0.221983 0.102898 -0.596311 -0.796131 -0.235557 -0.792221 0.562937
0.809935 -4.136411 12.223930 10.736233 0.965503 -0.181626 0.186588 0.008286 -0.694777 -0.719177 -0.260259 -0.695914 0.669305
0.527274 -3.642630 4.812592 6.621765 0.967469 -0.139025 0.211369 0.077089 -0.633750 -0.769687 -0.240960 -0.760942 0.602416
0.266344 -8.047190 0.619609 -65.527215 0.978481 -0.204993 -0.023521 0.206250 0.975014 0.082510 -0.006020 0.085586 -0.996313
0.343025 -7.802552 11.501228 -43.960483 0.984054 -0.177864 0.001560 0.175710 0.973426 0.146860 0.027640 0.144244 -0.989156
0.251271 -6.963657 9.530086 -64.710010 0.979732 -0.199847 -0.013654 0.198015 0.976535 -0.084672 -0.030255 -0.080252 -0.996315
-0.081863 -10.549230 -5.633749 40.943372 0.993891 -0.010960 0.109818 0.017519 0.998108 -0.058940 -0.108964 0.060504 0.992203
0.102668 -10.952178 -1.909035 66.061232 0.994389 -0.033907 0.100202 0.041348 0.996464 -0.073143 -0.097368 0.076875 0.992275
-0.116649 -10.908222 -3.564134 -27.867589 0.994274 -0.034770 0.101044 -0.017911 -0.986432 -0.163191 -0.105347 -0.160447 0.981407
-0.402261 -10.359712 -7.483092 -10.265283 0.994489 -0.024349 0.101971 -0.004575 -0.981809 -0.189818 -0.104738 -0.188306 0.976510
-0.461031 -10.155979 -10.022866 27.947248 0.994077 -0.001613 0.108668 0.005555 0.999337 -0.035987 -0.108538 0.036378 0.993427
0.853864 -2.533513 3.937648 -5.493809 0.975945 -0.216174 -0.028285 0.161039 0.802248 -0.574861 -0.146961 -0.556478 -0.817762
0.990146 -2.577646 2.955926 -2.227283 0.966762 -0.255407 -0.011775 0.195294 0.767379 -0.610729 -0.165020 -0.588130 -0.791752
1.190218 -2.589695 8.841368 -5.074782 0.985502 -0.159130 -0.058855 0.087360 0.773294 -0.628001 -0.145446 -0.613755 -0.775984
0.674990 -2.645933 4.891922 -1.809254 0.993590 -0.081621 -0.078207 0.025472 0.835713 -0.548575 -0.110134 -0.543066 -0.832436
0.458342 -9.377191 15.058377 8.135488 0.943388 0.179201 0.279115 -0.002872 0.845876 -0.533372 0.331677 -0.502375 -0.798504
0.601684 -8.599810 14.490207 57.276100 0.944449 0.166352 0.283449 0.043939 0.790791 -0.610508 0.325708 -0.589048 -0.739552
-0.104253 -12.147939 12.955127 133.649502 0.938673 0.155113 0.307950 0.093652 0.744839 -0.660639 0.331847 -0.648964 -0.684633
-0.619334 -11.776105 19.929360 135.316994 0.934958 0.131261 0.329581 0.162108 0.668285 -0.726027 0.315553 -0.732233 -0.603540
-0.469063 -11.142326 12.311321 62.356500 0.933589 0.136904 0.331164 0.099318 0.789087 -0.606199 0.344308 -0.598831 -0.723086
-0.006841 -10.491008 15.526097 -10.939872 0.937019 0.190204 0.292947 -0.018789 0.864954 -0.501499 0.348773 -0.464410 -0.814052
0.833722 -15.139475 -6.084044 159.454870 0.981315 0.053819 0.184729 0.180757 0.071172 -0.980949 0.065941 -0.996011 -0.060114
0.412785 -16.577867 -1.941373 74.435082 0.984203 0.030877 0.174329 0.176623 -0.238965 -0.954830 -0.012176 -0.970537 0.240644
0.855602 -16.213676 3.951777 189.205695 0.978665 0.075193 0.191210 0.178372 0.150950 -0.972316 0.101975 -0.985677 -0.134317
0.654630 -11.691652 9.215288 -24.207782 0.937131 0.203915 0.283202 0.062099 -0.896010 0.439671 -0.343407 0.394443 0.852342
0.619802 -11.849651 7.385986 -27.990228 0.938778 0.188320 0.288500 -0.118140 0.962577 -0.243901 -0.323635 0.194885 0.925894
0.892615 -12.826421 -5.361736 17.333875 0.919016 0.224387 0.324131 0.021945 -0.850050 0.526245 -0.393610 0.476514 0.786133
0.456724 -3.721543 36.514155 1.412109 0.976762 -0.016862 0.213663 -0.035746 0.970121 0.239973 0.211326 0.242034 -0.946975
0.251319 -3.586116 42.999518 4.216485 0.976958 -0.065942 0.202989 -0.018898 0.920612 0.390020 0.212593 0.384870 -0.898153
1.468215 -3.823513 37.523190 5.778653 0.982439 -0.045738 0.180890 -0.012834 0.950626 0.310073 0.186141 0.306949 -0.933346
1.641696 -3.984238 19.873630 2.850620 0.988317 -0.018944 0.151231 -0.006943 0.985619 0.168839 0.152255 0.167916 -0.973973
1.794654 -3.955805 2.282483 1.699846 0.996339 -0.030892 0.079716 0.005647 0.954180 0.299179 0.085306 0.297634 -0.950861
-0.372727 -77.109812 14.247516 -826.981065 0.809217 0.503213 0.303222 0.260585 0.155145 -0.952904 0.526557 -0.850121 0.005584
1.357511 -51.025014 -5.715333 217.469500 0.829780 0.496762 0.254347 -0.129353 0.614525 -0.778220 0.542893 -0.612851 -0.574179
0.223491 -62.212755 44.439533 -753.121138 0.827882 0.483680 0.284016 0.159879 0.281859 -0.946041 0.537634 -0.828619 -0.156015
-95.738213 -116.044025 2755.384669 6489.338806 0.169068 0.985604 0.000183 0.092247 -0.016008 0.995607 -0.981278 0.168308 0.093625
-41.979230 -258.271267 1605.496701 -28425.343814 0.509732 0.431651 0.744212 -0.384750 0.888077 -0.251568 -0.769507 -0.158103 0.618758
-13.125470 -917.008779 419.461451 -207229.984398 0.925092 0.378859 0.025890 0.167542 -0.468381 0.867496 -0.340785 0.798176 0.496770
-3.162131 -7.647306 5.094129 37.288368 -0.771507 -0.102082 -0.627977 -0.137537 0.990465 0.007966 0.621176 0.092516 -0.778191
-2.786072 -6.853208 3.459190 37.634269 -0.815896 -0.030914 -0.577372 -0.164415 0.969751 0.180415 0.554330 0.242129 -0.796299
-2.744307 -6.552782 -1.682177 41.473495 -0.704252 -0.165263 -0.690447 -0.334178 0.935218 0.117009 0.626382 0.313137 -0.713857
2.246836 -3.282304 28.227854 -8.373523 0.974276 -0.024949 0.223974 0.130222 0.873458 -0.469161 0.183927 -0.486259 -0.854238
2.213364 -2.768435 -16.612435 -9.627760 0.983775 -0.098925 0.149666 0.164911 0.827126 -0.537277 0.070642 -0.553242 -0.830020
2.176913 -2.930218 21.269750 -9.798649 0.964545 -0.068325 0.254920 0.202223 0.811986 -0.547525 0.169582 -0.579664 -0.797014
-1.841454 -3.923281 -12.451165 -9.669870 0.956072 0.288498 -0.051922 0.281337 -0.853348 0.438914 -0.082319 0.434241 0.897028
-1.892910 -4.061115 -35.533720 -8.912003 0.975739 0.212662 -0.052036 0.217689 -0.917049 0.334116 -0.023334 0.337338 0.941094
-2.049759 -3.804272 -29.236771 -6.083529 0.958977 0.261274 -0.109998 0.282662 -0.851731 0.441200 -0.021586 0.454193 0.890642
-3.038649 -15.246235 -31.844265 -311.104996 0.927125 0.332615 0.172644 0.108048 -0.678379 0.726724 -0.358838 0.655110 0.664881
-1.851497 -5.450666 -54.868834 52.350840 0.856598 0.454611 0.244068 -0.345198 0.856477 -0.383777 -0.383507 0.244490 0.890588
-2.931429 -8.382752 -46.650632 128.723554 0.893132 0.391745 0.221022 -0.285550 0.873488 -0.394308 -0.347529 0.289056 0.892003
-5.295758 -16.704720 -29.691771 501.842979 0.946587 0.210775 0.244024 0.271519 -0.929228 -0.250624 -0.173928 -0.303494 0.936824
-4.315636 -20.807123 17.013961 -438.793930 0.991344 -0.000450 0.131289 -0.098889 -0.660332 0.744434 -0.086360 0.750974 0.654661
-6.823530 -17.260060 -90.817699 -468.033475 0.949696 0.130697 0.284599 -0.190487 0.962393 0.193686 -0.248582 -0.238155 0.938876
-8.466196 -19.598209 -60.499033 -269.694906 0.836792 -0.546244 -0.037370 0.544644 0.837442 -0.045319 0.056050 0.017569 0.998273
-5.013304 -23.685698 9.411051 -582.065877 0.195617 0.979764 -0.042384 0.976369 -0.190527 0.102000 -0.091860 0.061335 0.993881
-2.393284 -12.110009 26.525464 -246.508996 0.035111 -0.996884 -0.070643 0.999369 0.035402 -0.002874 0.005366 -0.070498 0.997498
-2.622741 -31.359658 17.388912 -791.646015 0.015581 0.999850 -0.007513 0.991925 -0.014510 0.125990 -0.125863 0.009415 0.992003
-5.859591 -21.283768 -106.737847 -359.905755 -0.327686 0.935583 0.131550 0.888465 0.352506 -0.293888 0.321329 -0.020575 0.946744
0.562709 -13.590839 39.085601 -282.512172 0.352026 -0.927227 -0.127776 0.931551 0.360357 -0.048541 0.091053 -0.101942 0.990614
-0.311714 -10.268954 37.286374 -202.707633 0.307504 -0.940623 -0.143772 0.951537 0.303276 0.051003 -0.004372 -0.152488 0.988296
-1.764814 -8.691984 30.098521 -207.892887 0.133212 -0.984646 -0.112815 0.989441 0.125568 0.072383 -0.057106 -0.121266 0.990976
25.615961 -4.875984 339.633152 -14.777362 -0.494903 0.144479 0.856853 -0.465755 0.788362 -0.401942 -0.733582 -0.598006 -0.322871
25.690952 -5.188314 637.522243 -8.091650 -0.250416 0.300540 0.920308 -0.508156 0.768322 -0.389176 -0.824056 -0.565116 -0.039679
15.973274 -4.889319 116.781098 26.676121 -0.484725 0.101824 0.868719 -0.551520 0.735291 -0.393920 -0.678872 -0.670059 -0.300256
18.281236 -5.102358 137.951343 17.965439 0.649042 -0.022024 -0.760433 -0.506874 0.732870 -0.453851 -0.567294 -0.680012 -0.464500
0.795419 -6.096931 -11.024572 -7.697369 0.931729 0.361270 -0.036940 0.012602 0.069495 0.997503 -0.362935 0.929868 -0.060198
1.139241 -5.820599 -1.006809 -19.560158 0.954197 0.295642 -0.045875 0.030850 0.055291 0.997994 -0.297585 0.953698 -0.043638
0.830047 -6.338313 -11.279326 -30.220867 0.933342 0.356862 -0.039019 0.080989 -0.103427 0.991334 -0.349733 0.928414 0.125435
1.072653 -6.254651 -2.200070 26.843432 0.951886 0.304642 -0.033256 -0.014911 0.154435 0.987890 -0.306089 0.939863 -0.151548
0.434157 -6.069008 -17.995600 -28.793338 0.912691 0.406467 -0.042191 0.046829 -0.001466 0.998902 -0.405958 0.913665 0.020372
0.463888 -6.114921 -15.321309 5.291985 0.916833 0.396472 -0.047189 0.000425 0.117220 0.993106 -0.399270 0.910532 -0.107302
0.796813 -6.631585 -9.790361 31.275094 0.934521 0.354352 -0.033243 -0.033732 0.181167 0.982874 -0.354306 0.917395 -0.181257
0.430548 -11.141514 -9.376851 54.444389 0.995459 0.047972 -0.082225 0.087852 -0.795602 0.599416 0.036663 0.603918 0.796203
0.263565 -11.957863 -6.191703 48.214748 0.992202 0.064383 -0.106721 0.124448 -0.559008 0.819770 0.006878 0.826659 0.562662
0.600221 -12.663597 -6.916663 67.603119 0.992660 0.064539 -0.102279 0.117421 -0.716817 0.687303 0.028957 0.694268 0.719134
0.778246 -11.698837 -12.554396 20.406078 0.994682 0.059376 -0.084157 0.091395 -0.885568 0.455429 0.047486 0.460698 0.886286
-0.712908 -15.795901 2.550174 135.512239 0.976323 0.183293 -0.114879 -0.022033 -0.444042 -0.895735 0.215193 -0.877058 0.429490
-0.672654 -17.217248 8.121567 276.442281 0.971385 0.199061 -0.129563 -0.096483 -0.167745 -0.981098 0.217032 -0.965524 0.143738
-0.885591 -20.766781 -2.852763 239.248580 0.975897 0.172330 -0.133892 -0.015425 -0.557528 -0.830015 0.217685 -0.812074 0.541432
-0.908362 -16.208608 3.495806 188.119662 0.964483 0.220544 -0.145369 -0.067669 -0.325675 -0.943057 0.255329 -0.919400 0.299184
-0.959928 -20.139692 -7.844483 223.658591 0.975105 0.173968 -0.137500 0.004384 -0.635085 -0.772430 0.221702 -0.752597 0.620037
1.751717 -2.565072 22.962781 -5.677036 0.988996 -0.000374 0.147940 0.108043 -0.681284 -0.724002 -0.101060 -0.732019 0.673747
1.581360 -2.497918 13.285427 -0.905013 0.988236 -0.081573 0.129363 0.029129 -0.729993 -0.682834 -0.150134 -0.678569 0.719029
1.252257 -2.306079 20.524028 -2.743627 0.992532 -0.004904 0.121883 0.077615 -0.745445 -0.662032 -0.094104 -0.666549 0.739498
1.071122 -2.323019 19.334616 2.018949 0.991772 -0.003414 0.127968 0.075713 -0.790412 -0.607878 -0.103223 -0.612566 0.783650
0.776463 -2.278085 16.554011 2.087893 0.993232 0.009479 0.115763 0.078114 -0.792120 -0.605347 -0.085960 -0.610292 0.787499
2.231866 -2.832813 21.095049 10.262501 0.949394 -0.034276 -0.312212 -0.241758 -0.714323 -0.656731 0.200510 -0.698977 0.686460
1.567426 -3.083113 42.599484 17.105232 0.928007 -0.010348 -0.372418 -0.279414 -0.680537 -0.677346 0.246435 -0.732641 0.634435
2.198492 -2.349524 9.741382 16.792823 0.928143 -0.107521 -0.356355 -0.342805 -0.619945 -0.705800 0.145032 -0.777244 0.612256
-4.153531 -177.114404 -93.207054 -4458.911972 0.928681 0.367748 -0.048103 0.311568 -0.843931 -0.436698 0.201190 -0.390566 0.898321
5.438161 -33.510099 28.536400 857.426267 0.792655 0.581946 -0.181763 -0.405081 0.725521 0.556353 0.455640 -0.367367 0.810823
6.244206 -45.410312 -11.375166 -840.076972 0.864515 0.495130 -0.086375 0.257094 -0.583307 -0.770491 0.431876 -0.643894 0.631572
-17.739845 -31.547435 -356.165011 -677.917149 0.156679 0.867955 -0.471281 0.234905 0.430732 0.871372 -0.959308 0.247232 0.136400
-23.390097 -55.074669 -295.509027 409.550892 0.338575 0.940687 -0.021811 -0.020373 0.030504 0.999327 -0.940719 0.337902 -0.029493
-12.562287 -31.444195 -177.176030 -364.422067 0.133465 0.978204 -0.159071 -0.024762 0.163748 0.986191 -0.990744 0.127683 -0.046077
-3.596793 -5.851112 -3.318713 17.565630 0.991560 0.029342 0.126283 0.091854 0.528414 -0.844003 0.091494 -0.848480 -0.521259
-4.633100 -6.298517 30.017653 22.701396 0.969367 0.236544 0.066143 -0.051959 0.460690 -0.886039 0.240059 -0.855460 -0.458868
-4.327849 -6.233372 5.225647 29.785791 0.940030 0.337548 0.049045 -0.130430 0.488583 -0.862713 0.315170 -0.804579 -0.503309
0.045627 -3.586116 5.714082 -9.950223 -0.977192 -0.157703 0.142215 -0.140607 0.982368 0.123216 -0.159139 0.100410 -0.982137
-0.196146 -3.198146 9.738004 -11.103335 -0.973768 -0.173132 0.147651 -0.172437 0.984863 0.017590 -0.148461 -0.008332 -0.988883
0.676440 -3.925025 23.103293 -6.211896 0.981483 -0.041082 0.187093 -0.114816 0.655650 0.746285 0.153326 0.753947 -0.638792
1.324145 -3.859791 29.366631 -7.911969 0.986733 -0.069482 0.146734 -0.047237 0.741827 0.668925 0.155329 0.666982 -0.728703
0.261627 -4.124834 32.454506 -4.995076 0.978854 -0.062106 0.194903 -0.087536 0.733976 0.673511 0.184883 0.676330 -0.713019
1.527376 -3.570553 11.546298 -9.700505 0.996587 -0.020371 0.079993 -0.045269 0.675473 0.735994 0.069026 0.737103 -0.672246
-0.129035 -4.143684 18.895368 0.429502 0.983268 -0.032400 0.179259 -0.118839 0.631718 0.766035 0.138060 0.774521 -0.617298
0.268963 -3.948797 13.559988 5.550373 0.982687 -0.017092 0.184484 -0.147488 0.530478 0.834770 0.112133 0.847526 -0.518773
0.887806 -3.779532 14.575736 3.451151 0.987055 -0.023868 0.158598 -0.121791 0.531865 0.838025 0.104355 0.846492 -0.522073
0.312084 -3.554388 -2.919455 -2.964924 0.967260 -0.125626 0.220512 0.114096 -0.560872 -0.820003 -0.226693 -0.818316 0.528176
0.150252 -3.976615 -0.290730 -19.499237 0.976210 -0.118261 0.181736 0.103771 -0.481120 -0.870492 -0.190382 -0.868642 0.457402
0.325648 -3.834687 1.547086 -16.494786 0.967390 -0.115838 0.225250 0.146820 -0.468208 -0.871336 -0.206398 -0.875993 0.435932
0.278028 -4.570372 -5.743043 -43.986501 0.981640 -0.177508 -0.069811 0.147370 0.938168 -0.313245 -0.121098 -0.297206 -0.947103
0.151548 -4.567516 5.282201 33.817736 0.991202 -0.116249 -0.063275 0.087561 0.934457 -0.345141 -0.099251 -0.336564 -0.936415
0.262155 -4.058298 -2.166188 -22.295346 0.982461 -0.183030 -0.035644 0.163867 0.938678 -0.303366 -0.088983 -0.292204 -0.952207
0.356373 -4.605957 -2.007274 13.154649 0.988650 -0.110787 -0.101471 0.066671 0.928814 -0.364499 -0.134630 -0.353596 -0.925659
0.274931 -5.124910 2.546918 -43.693511 0.980906 -0.187475 -0.051732 0.166638 0.947342 -0.273451 -0.100273 -0.259609 -0.960494
0.167078 -11.952310 0.208711 51.818608 0.994726 -0.050985 0.089003 0.057561 0.995673 -0.072949 -0.084899 0.077688 0.993356
0.241059 -11.163969 0.017035 -34.725822 0.995218 -0.031784 0.092366 -0.053905 -0.967269 0.247960 -0.081462 0.251753 0.964357
0.325531 -12.062866 0.786234 -14.133475 0.997795 -0.034934 0.056431 -0.050280 -0.952881 0.299148 -0.043322 0.301325 0.952537
0.321128 -10.856278 1.406031 -19.906117 0.997087 -0.017043 0.074339 -0.046956 -0.905252 0.422272 -0.060099 0.424533 0.903416
1.034008 -2.799979 -25.899247 4.206681 0.960800 -0.271950 -0.053907 0.173660 0.741913 -0.647617 -0.216113 -0.612869 -0.760057
0.679824 -2.677514 -15.818965 0.467359 0.945200 -0.326486 -0.001910 0.263758 0.767021 -0.584902 -0.192427 -0.552346 -0.811102
0.238716 -2.864269 -38.900840 7.444025 0.937606 -0.344708 -0.045515 0.258076 0.777661 -0.573271 -0.233007 -0.525756 -0.818100
0.364661 -2.667726 -6.540050 2.624938 0.929449 -0.367855 0.028407 0.328571 0.790248 -0.517251 -0.167825 -0.490092 -0.855362
0.877620 -11.433355 11.126057 68.946851 0.952370 0.148220 0.266501 0.065450 0.754211 -0.653362 0.297839 -0.639685 -0.708587
0.390212 -15.462376 10.989965 4.247965 0.972211 0.087106 0.217300 0.233318 -0.284305 -0.929911 0.019222 -0.954769 0.296728
0.727372 -11.563332 -6.523313 -51.962838 0.911925 0.234000 0.337100 -0.120089 0.937696 -0.326043 -0.392392 0.256845 0.883210
0.416709 -11.023862 -6.024431 -40.609197 0.924186 0.189371 0.331691 -0.177673 0.981904 -0.065546 -0.338101 0.001644 0.941108
0.556086 -11.514771 -1.594861 -41.511204 0.945346 0.144729 0.292190 -0.170598 0.983198 0.064947 -0.277880 -0.111245 0.954153
0.387997 -12.794483 12.890516 -21.460102 0.952279 0.153688 0.263715 -0.165056 0.986053 0.021369 -0.256752 -0.063877 0.964364
-0.597848 -3.537742 31.083237 3.420342 0.973535 0.049731 0.223060 -0.106760 0.961955 0.251485 0.202067 0.268644 -0.941807
-0.917894 -3.327084 26.885487 4.948760 0.981384 -0.008472 0.191871 -0.067659 0.919730 0.386677 0.179745 0.392460 -0.902035
-14.722052 -506.152552 -1437.672080 5530.402599 0.770763 0.533351 0.348512 0.101313 0.437448 -0.893518 0.629015 -0.724000 -0.283134
-0.616684 -55.884642 36.621683 1287.781709 -0.862881 -0.451851 -0.226422 -0.385686 0.878227 -0.282777 0.326623 -0.156675 -0.932078
0.540591 -27.885372 4.128798 196.819793 -0.832148 -0.495025 -0.249958 -0.331433 0.805334 -0.491517 0.444613 -0.326171 -0.834225
-0.530518 -6.793797 -0.924349 -0.521088 0.984010 -0.163089 -0.071600 0.021524 0.507926 -0.861132 -0.176809 -0.845821 -0.503314
-0.528044 -6.651313 -1.688271 13.366217 0.980816 -0.166312 -0.101688 0.048475 0.713348 -0.699132 -0.188813 -0.680790 -0.707725
-0.604499 -6.468410 -2.306773 13.204419 0.984155 -0.154708 -0.086625 0.052249 0.719900 -0.692109 -0.169436 -0.676616 -0.716576
4.520720 -34.885182 -18.659849 429.651830 0.944528 0.320197 -0.073083 -0.211160 0.421610 -0.881848 0.251553 -0.848362 -0.465835
3.967955 -29.854334 -31.524612 -20.928636 0.932336 0.359321 -0.040466 -0.036576 -0.017620 -0.999176 0.359738 -0.933048 0.003285
6.516523 -88.145415 -23.565355 1461.308949 0.911890 0.406328 0.057910 -0.025055 0.195942 -0.980295 0.409668 -0.892471 -0.188858
9.103457 -168.014530 45.933193 3400.772412 0.891344 0.449446 -0.059193 -0.384038 0.679261 -0.625395 0.240873 -0.580175 -0.778060
6.648236 -41.327644 21.584274 880.166372 0.756087 0.647768 0.093429 -0.362062 0.532914 -0.764796 0.545200 -0.544426 -0.637462
5.947575 -109.919047 -117.344284 -2451.834583 0.829615 0.554527 0.065099 0.256355 -0.274735 -0.926716 0.496004 -0.785506 0.370080
6.053577 -33.101027 -3.828346 231.787920 0.803900 0.590613 0.070146 0.016445 0.095822 -0.995263 0.594537 -0.801245 -0.067318
-2.018698 -4.543688 8.531944 -21.859699 0.998160 0.060597 0.002246 0.056511 -0.943009 0.327934 -0.021990 0.327204 0.944698
-1.947372 -4.001960 -30.585954 3.403508 0.998777 0.039819 0.029308 0.033430 -0.980615 0.193070 -0.036427 0.191854 0.980747
-2.738311 -3.981675 -35.068437 -1.399629 0.991174 0.077485 -0.107564 0.102414 -0.962769 0.250175 0.084174 0.258983 0.962207
-0.596715 -9.588999 -67.849106 283.964110 0.811152 0.478169 0.336731 -0.192206 0.761750 -0.618704 -0.552349 0.437141 0.709801
-0.930356 -5.063831 -54.194406 29.261190 0.852642 0.371245 0.367667 -0.247091 0.906513 -0.342316 -0.460378 0.201025 0.864662
-6.318789 -8.767594 68.181899 -146.375237 -0.006537 -0.980774 0.195037 0.994596 0.013832 0.102893 -0.103613 0.194656 0.975384
35.525553 -5.055058 597.061253 -23.936106 -0.411241 0.168976 0.895728 -0.374441 0.864614 -0.335017 -0.831068 -0.473170 -0.292293
12.577862 -3.179784 365.383103 10.874280 0.062914 0.216362 0.974284 -0.546653 0.824224 -0.147738 -0.834993 -0.523300 0.170130
8.897029 -4.748048 351.571763 12.516247 -0.070056 0.370636 0.926132 -0.617713 0.712878 -0.332018 -0.783277 -0.595344 0.179005
40.353167 -4.016312 1079.575068 -20.930151 -0.025344 0.263710 0.964269 -0.440624 0.862880 -0.247563 -0.897334 -0.431155 0.094329
0.683249 -5.860154 -5.706040 1.440557 0.992602 0.107906 0.055649 -0.106440 0.993906 -0.028676 -0.058404 0.022540 0.998039
0.604884 -6.057552 -3.400833 -18.599903 0.996874 0.050009 0.061170 0.058544 -0.987431 -0.146810 -0.053059 -0.149932 0.987272
0.481689 -5.844275 -6.403904 -27.358486 0.994297 0.064402 0.085008 0.073513 -0.991342 -0.108802 -0.077265 -0.114430 0.990422
1.277848 -5.818934 -4.188594 -40.656944 0.953829 0.294085 -0.061022 0.076906 -0.042741 0.996122 -0.290337 0.954823 0.063384
1.391599 -5.704952 -4.058063 26.453511 0.960922 0.268774 -0.066248 0.029375 0.138962 0.989862 -0.275255 0.953126 -0.125637
1.064055 -3.850603 30.869287 -5.972117 0.952753 0.168493 -0.252729 -0.301139 0.632767 -0.713388 -0.039718 -0.755789 -0.653610
3.127188 -4.022475 58.787312 -4.521467 0.917673 0.196228 -0.345501 -0.392763 0.579540 -0.714053 -0.060115 -0.790967 -0.608899
0.998183 -3.687059 26.956390 -1.161314 0.934659 0.200147 -0.293859 -0.355543 0.523298 -0.774434 0.001225 -0.828312 -0.560266
0.313714 -3.539516 9.612258 1.743516 0.948181 0.182681 -0.259962 -0.317633 0.565226 -0.761334 -0.007856 -0.804455 -0.593962
0.226341 -3.658426 7.321770 7.581994 0.939627 0.200585 -0.277248 -0.340121 0.458254 -0.821170 0.037664 -0.865892 -0.498811
0.330551 -3.706060 15.860871 4.501573 0.929525 0.219641 -0.296211 -0.363864 0.415861 -0.833464 0.059880 -0.882506 -0.466473
0.516887 -12.792551 -3.931310 30.240052 0.988952 0.062809 -0.134273 0.148201 -0.398768 0.904997 -0.003298 0.914898 0.403671
-0.159113 -5.836311 3.579399 -5.494896 0.944084 0.277906 -0.177408 0.006847 0.521439 0.853261 -0.329634 0.806765 -0.490379
0.134260 -5.653428 8.986964 3.601763 0.952161 0.271356 -0.140557 0.038454 0.349898 0.935998 -0.303169 0.896626 -0.322724
0.102055 -5.667640 7.121058 -2.579701 0.949083 0.272013 -0.158902 -0.012765 0.537202 0.843357 -0.314766 0.798388 -0.513322
-0.416204 -15.706068 -14.166670 39.823045 0.986619 0.141018 -0.081831 0.020152 -0.603528 -0.797087 0.161791 -0.784773 0.598294
-0.195203 -18.653753 -15.002586 54.594256 0.987441 0.143285 -0.066562 0.047091 -0.669079 -0.741698 0.150810 -0.729248 0.667423
-0.331335 -17.511549 -25.227664 175.352620 0.990499 0.120065 -0.067054 -0.028946 -0.294650 -0.955167 0.134440 -0.948033 0.288375
0.777068 -43.675535 -12.336362 -301.184270 0.959518 0.252053 -0.125678 0.187431 -0.904510 -0.383054 0.210227 -0.343992 0.915136
2.434837 -41.687619 52.825932 -16.413700 0.922329 0.375468 -0.091285 0.251982 -0.763541 -0.594568 0.292941 -0.525385 0.798847
0.721917 -48.724476 -8.100495 -688.597328 0.948746 0.262593 -0.175856 0.052990 -0.680734 -0.730612 0.311564 -0.683847 0.659758
2.054663 -65.550623 -26.434658 1710.582583 0.971701 0.165978 -0.168074 -0.153752 0.984583 0.083404 0.179326 -0.055202 0.982240
2.159122 -83.280975 -108.912901 -2412.602811 0.942810 0.162449 -0.291066 -0.049590 -0.795131 -0.604407 0.329621 -0.584275 0.741601
2.473740 -49.283747 21.121149 197.821929 0.910350 0.402455 -0.096395 -0.405253 0.914143 -0.010587 0.083858 0.048702 0.995287
2.140073 -47.311438 -5.613187 -676.508615 0.937010 0.327933 -0.120299 0.272573 -0.901825 -0.335285 0.218440 -0.281375 0.934405
1.755171 -3.546971 53.136957 16.705788 0.943644 0.046704 -0.327651 -0.180334 -0.757568 -0.627352 0.277518 -0.651084 0.706452
0.768502 -3.753829 46.553348 15.494839 0.939527 0.068223 -0.335611 -0.175429 -0.745760 -0.642703 0.294132 -0.662713 0.688693
0.766400 -3.330428 40.428519 18.309074 0.916653 0.001358 -0.399682 -0.299750 -0.659136 -0.689703 0.264381 -0.752023 0.603792
-15.463032 -37.690448 -233.090408 576.988770 0.260466 0.965026 0.029699 -0.273792 0.044329 0.960767 -0.925849 0.258378 -0.275762
-1.917528 -5.473939 -69.655965 14.051800 0.985253 -0.148991 0.084136 0.156147 0.581843 -0.798171 -0.069966 -0.799538 -0.596527
-1.920708 -5.827567 -37.971611 67.482107 0.968989 -0.179196 0.170144 0.245805 0.769516 -0.589427 0.025306 -0.612971 -0.789700
-4.621766 -5.102067 -14.846814 -4.072574 -0.237108 0.971297 0.019050 -0.587379 -0.127714 -0.799171 0.773800 0.200680 -0.600801
-4.417676 -4.975612 -14.056434 -5.302227 -0.140479 0.985842 0.091550 -0.719752 -0.038189 -0.693181 0.679870 0.163270 -0.714926
-4.683434 -5.155637 3.639012 2.437129 -0.627399 0.742026 -0.236152 -0.381842 -0.557464 -0.737177 0.678651 0.372332 -0.633089
-4.801539 -5.282610 6.169943 7.872785 -0.634485 0.683775 -0.360389 -0.193338 -0.591838 -0.782527 0.748365 0.426824 -0.507712
-4.757788 -5.228925 -12.150970 12.040948 -0.323142 0.942202 -0.088514 -0.434506 -0.230807 -0.870593 0.840704 0.242866 -0.483976
-0.193051 -3.570737 8.992885 -12.869562 -0.971973 -0.179131 0.152249 -0.161479 0.979380 0.121407 -0.170857 0.093420 -0.980857
-0.051847 -3.836338 -8.367264 -7.773803 0.975981 0.153738 -0.154358 -0.113007 0.963012 0.244618 -0.186255 0.221299 -0.957254
0.116959 -3.822289 -2.303913 -6.939547 0.979730 0.148709 -0.134222 -0.106403 0.953997 0.280300 -0.169730 0.260337 -0.950482
1.008214 -4.017620 41.517789 -1.140439 0.981627 -0.091974 0.167180 -0.025391 0.805406 0.592179 0.189113 0.585544 -0.788273
2.069076 -3.798779 26.840948 4.989236 0.994011 -0.069089 0.084670 0.002159 0.787056 0.616877 0.109259 0.613000 -0.782492
2.000572 -3.668094 11.464678 -3.931839 0.998043 -0.038441 0.049323 -0.004924 0.737984 0.674801 0.062340 0.673723 -0.736350
1.147399 -2.285522 -20.873798 24.751242 -0.587311 0.200759 -0.784068 0.808236 0.196556 -0.555087 0.042674 -0.959720 -0.277699
0.415607 -1.562896 12.730333 13.786529 0.733425 -0.148822 0.663279 0.670943 0.315219 -0.671173 0.109193 -0.937278 -0.331040
1.050201 -1.734892 -16.312644 27.096003 -0.519957 0.229603 -0.822756 0.851186 0.220012 -0.476526 0.071605 -0.948092 -0.309831
0.183096 -2.149058 10.013565 13.346029 0.758413 -0.147113 0.634954 0.647168 0.285591 -0.706832 0.077353 -0.946993 -0.311802
2.097738 -3.240759 -21.579511 37.551525 -0.525962 0.242715 -0.815140 0.850007 0.117115 -0.513587 -0.029191 -0.963002 -0.267907
0.829699 -2.871669 -15.711237 21.683100 -0.665408 0.178487 -0.724827 0.746465 0.165231 -0.644584 0.004714 -0.969970 -0.243181
2.110911 -3.695759 -31.552113 33.573508 -0.586557 0.206379 -0.783172 0.807596 0.076022 -0.584816 -0.061156 -0.975514 -0.211262
-0.193655 -5.137078 8.297285 63.605065 0.977921 -0.208973 0.000683 0.197596 0.923606 -0.328493 -0.068016 -0.321376 -0.944506
-0.372290 -8.253355 18.487633 132.794851 0.989582 -0.143574 -0.010659 0.126546 0.902737 -0.411159 -0.068654 -0.405527 -0.911501
0.203867 -7.003152 9.373633 93.170372 0.993534 -0.093881 -0.063856 0.057138 0.899424 -0.433327 -0.098114 -0.426876 -0.898972
0.050270 -11.494350 -1.327679 -35.592288 0.994172 -0.051902 0.094490 -0.037217 -0.987829 -0.151029 -0.101179 -0.146632 0.984003
1.198269 -2.652191 5.333242 -8.309437 0.975268 -0.218968 -0.030086 0.144206 0.733537 -0.664174 -0.167502 -0.643409 -0.746972
-1.004551 -13.583726 10.213769 148.901071 0.944899 0.083393 0.316562 0.191413 0.643733 -0.740925 0.265570 -0.760693 -0.592300
-0.163440 -10.110083 5.782333 -32.466948 0.939060 0.153064 0.307795 0.007807 0.885667 -0.464255 0.343665 -0.438366 -0.830499
-0.472604 -12.636342 1.473433 29.540013 0.939499 0.106325 0.325631 0.120906 0.786500 -0.605640 0.320504 -0.608369 -0.726061
0.776301 -16.875486 39.749484 6.207628 0.971889 0.172912 0.159791 -0.021290 -0.611368 0.791060 -0.234475 0.772225 0.590500
4.251839 -19.319347 93.280120 170.559954 0.969493 0.119056 0.214264 -0.077258 -0.681149 0.728057 -0.232626 0.722400 0.651171
0.870394 -18.180435 30.169890 -232.695140 0.967479 0.190991 0.165850 -0.105243 -0.292285 0.950523 -0.230017 0.937066 0.262679
-0.497979 -3.911665 -6.195938 -5.919466 0.986983 0.160428 0.011274 -0.155780 0.936256 0.314892 -0.039962 0.312550 -0.949060
-0.614961 -3.313505 1.903882 -0.573651 0.981500 0.159548 0.105840 -0.188740 0.899150 0.394850 0.032169 0.407521 -0.912629
-0.518055 -3.471810 -2.533595 1.227603 0.997553 0.067207 0.019292 -0.069857 0.969734 0.233957 0.002985 0.234732 -0.972055
0.328907 -11.892228 -26.061034 -55.579641 0.957557 -0.033589 0.286279 0.170289 -0.735411 -0.655875 -0.232563 -0.676788 0.698478
0.630965 -12.689448 -15.442786 -67.424185 0.961340 0.015890 0.274906 0.145799 -0.876283 -0.459206 -0.233599 -0.481534 0.844723
1.440361 -12.146600 -23.882149 25.851992 0.952136 0.010458 0.305497 0.255671 -0.575027 -0.777159 -0.167541 -0.818068 0.550177
-0.127844 -11.103443 -11.417569 -75.011748 0.953860 0.048834 0.296252 0.173392 -0.895118 -0.410730 -0.245123 -0.443147 0.862285
0.482523 -11.916744 -31.835913 -1.050117 0.949893 -0.028869 0.311238 0.258456 -0.487458 -0.834017 -0.175793 -0.872669 0.455572
-0.249599 -12.974199 -11.454772 -91.764260 0.958442 0.021237 0.284497 0.213578 -0.714550 -0.666185 -0.189140 -0.699262 0.689390
0.969920 -3.892733 -33.719449 0.362250 -0.977245 -0.006005 -0.212029 -0.030891 0.992971 0.114253 0.209852 0.118203 -0.970562
0.014024 -3.784215 -35.937964 2.933049 -0.971131 -0.057733 -0.231456 -0.087547 0.988823 0.120683 0.221902 0.137462 -0.965331
0.311583 -34.110728 -6.134517 404.798784 0.753882 0.518380 0.403664 0.597903 -0.286615 -0.748575 0.272350 -0.805689 0.526014
2.193047 -83.878616 41.400884 -1571.096809 0.739010 0.558386 0.376921 0.469687 -0.025948 -0.882451 0.482968 -0.829175 0.281443
-0.029926 -6.718067 -1.863903 -11.365208 0.977849 -0.202514 -0.052911 -0.104150 -0.251490 -0.962240 -0.181561 -0.946436 0.267011
-0.054198 -7.103121 -1.431169 4.470637 0.975532 -0.204503 -0.080720 -0.084807 -0.011284 -0.996334 -0.202842 -0.978801 0.028351
-0.088467 -6.403322 0.826329 -9.659595 0.980622 -0.190261 -0.046697 -0.090621 -0.229201 -0.969152 -0.173689 -0.954603 0.242001
1.108388 -2.296901 0.805948 12.690996 0.993376 -0.114872 -0.003027 0.036877 0.343623 -0.938383 -0.108834 -0.932056 -0.345583
1.089413 -2.080010 3.360832 7.995081 0.986169 -0.149665 0.071211 0.125198 0.391131 -0.911780 -0.108609 -0.908084 -0.404459
1.018942 -2.566855 -5.500599 8.268206 0.986741 -0.161362 -0.017443 0.040863 0.351008 -0.935481 -0.157073 -0.922364 -0.352947
1.034174 -1.859599 2.393408 12.149493 0.991575 -0.111635 0.065705 0.103562 0.378509 -0.919786 -0.077810 -0.918841 -0.386881
1.110646 -2.335879 -3.641030 16.860244 0.996499 -0.083040 -0.009719 0.016890 0.313794 -0.949341 -0.081883 -0.945853 -0.314097
-2.107106 -5.188258 14.100674 -51.591643 0.994202 0.080343 0.071460 0.037261 -0.880843 0.471939 -0.100862 0.466541 0.878730
-1.801038 -3.856030 -2.264344 -1.526754 0.916149 0.389995 -0.092598 0.379449 -0.769355 0.513917 -0.129185 0.505961 0.852827
-1.735519 -3.849777 -9.185804 10.385951 0.960553 0.263219 -0.089745 0.267796 -0.788458 0.553732 -0.074993 0.555922 0.827845
-3.119394 -10.215260 64.068626 -41.423389 0.884738 0.452892 -0.110124 0.462359 -0.882639 0.084694 0.058842 0.125849 0.990303
-8.202619 -17.485306 -129.038844 -274.442450 0.112117 0.993694 0.001339 0.948026 -0.106561 -0.299819 0.297786 -0.034884 0.953995
30.996430 -5.090716 654.277894 -10.150111 0.734231 0.080095 -0.674159 -0.443891 0.807986 -0.387451 -0.513678 -0.583732 -0.628802
19.549666 -4.977419 360.045660 7.296621 0.807343 0.162419 -0.567290 -0.479564 0.740766 -0.470409 -0.343826 -0.651833 -0.675943
28.829602 -4.980448 972.629738 -16.112918 0.875202 0.132099 -0.465372 -0.357941 0.823965 -0.439273 -0.325423 -0.551028 -0.768419
48.879010 -5.130167 -1754.966637 -21.956920 -0.827258 -0.140611 0.543942 -0.333983 0.901610 -0.274871 -0.451774 -0.409056 -0.792826
-0.011991 -4.340139 -0.480694 8.412578 0.968741 0.237490 0.071684 0.192410 -0.901716 0.387153 -0.156583 0.361258 0.919225
0.121369 -4.554509 -2.019220 8.085178 0.965725 0.252716 0.059253 0.211848 -0.899274 0.382658 -0.149988 0.356989 0.921988
0.073400 -4.332087 -1.019640 4.455624 0.975784 0.201101 0.086044 0.176066 -0.955528 0.236575 -0.129793 0.215696 0.967796
0.010354 -4.831685 -3.114376 8.118431 0.955904 0.290158 0.045348 0.224163 -0.820640 0.525643 -0.189734 0.492299 0.849496
-0.026461 -4.147143 -2.206465 2.830230 0.975953 0.195348 0.096717 0.165818 -0.953335 0.252303 -0.141490 0.230198 0.962803
-0.137728 -4.637996 -0.920866 9.791514 0.962000 0.267036 0.056987 0.198578 -0.827467 0.525229 -0.187410 0.493954 0.849051
-0.094530 -4.206526 -0.869238 7.527923 0.972200 0.219052 0.082730 0.169459 -0.902036 0.397008 -0.161591 0.371952 0.914079
-0.319212 -12.509463 -2.937170 -18.967398 0.950455 -0.308653 0.036984 -0.077085 -0.349268 -0.933847 -0.301152 -0.884729 0.355757
-0.202876 -12.949372 -5.072628 -10.053719 0.943999 -0.326100 0.050249 -0.066754 -0.337902 -0.938811 -0.323125 -0.882882 0.340748
-0.266355 -11.728999 -2.233502 90.857822 0.949424 -0.313003 0.024982 0.019836 -0.019614 -0.999611 -0.313371 -0.949550 0.012413
-0.254431 -12.506262 -4.088533 -80.665946 0.949667 -0.305182 0.070686 -0.144601 -0.627229 -0.765294 -0.277890 -0.716553 0.639788
-0.310483 -11.440719 0.658812 88.002249 0.956651 -0.290746 0.016887 0.011923 -0.018836 -0.999751 -0.290992 -0.956615 0.014553
-0.379695 -12.155077 -0.422382 -24.968514 0.957291 -0.288337 0.021335 -0.087046 -0.357789 -0.929736 -0.275711 -0.888171 0.367607
-0.359777 -12.135201 -2.367996 -88.749333 0.954679 -0.292811 0.053388 -0.154736 -0.641492 -0.751362 -0.254255 -0.709048 0.657727
1.362794 -6.604235 -8.005295 -34.801024 0.951428 0.302950 -0.054835 0.115018 -0.184549 0.976070 -0.285581 0.934967 0.210430
0.874499 -6.804985 -10.621885 -18.700059 0.939418 0.341813 -0.025638 0.138971 -0.311429 0.940053 -0.313338 0.886666 0.340064
0.429958 -6.549527 -18.914906 -8.628673 0.917786 0.396584 -0.019732 0.152392 -0.305911 0.939785 -0.366668 0.865528 0.341197
0.332073 -6.327867 -20.735353 -19.164163 0.910423 0.412086 -0.036277 0.112581 -0.162429 0.980277 -0.398066 0.896550 0.194272
5.068031 -4.282151 119.390632 1.025582 0.942185 0.155421 -0.296870 -0.315003 0.712942 -0.626488 -0.114282 -0.683782 -0.720681
9.558538 -4.460920 163.304570 10.033015 0.871931 0.185475 -0.453140 -0.451909 0.661059 -0.598982 -0.188456 -0.727049 -0.660215
5.972995 -4.382538 97.442747 -3.741087 0.815223 0.189478 -0.547275 -0.563980 0.474575 -0.675799 -0.131674 -0.859579 -0.493746
-0.904491 -12.896623 1.315824 -20.700559 0.962955 0.218033 -0.158679 0.263950 -0.641629 0.720168 -0.055208 0.735373 0.675410
-1.019097 -13.605736 9.061353 -34.385294 0.967129 0.202004 -0.154456 0.252995 -0.703202 0.664455 -0.025609 0.681690 0.731193
-0.903247 -14.309525 -4.086234 -63.438578 0.975173 0.179547 -0.129614 0.219536 -0.860514 0.459696 0.028998 0.476738 0.878567
-0.920078 -12.901856 4.255999 -14.844873 0.951905 0.248753 -0.178884 0.269127 -0.399759 0.876221 -0.146452 0.882221 0.447479
-0.780787 -12.313617 -1.475302 -27.022618 0.970357 0.177317 -0.164212 0.239037 -0.804295 0.544032 0.035608 0.567158 0.822839
-0.819898 -12.696815 5.104923 15.551959 0.948045 0.250383 -0.196261 0.273952 -0.328878 0.903764 -0.161741 0.910575 0.380384
-0.628910 -11.133383 3.016061 29.765832 0.953398 0.226536 -0.199283 0.297117 -0.590049 0.750709 -0.052476 0.774934 0.629860
1.164170 -3.573766 39.634858 -46.426315 0.670911 -0.735445 -0.094866 0.739908 0.655459 0.151359 -0.049136 -0.171741 0.983916
3.226210 -10.425711 63.197655 -167.527017 0.622099 -0.773704 -0.119893 0.782732 0.618117 0.072545 0.017980 -0.138974 0.990133
-0.286564 -3.065148 34.773959 -31.974468 0.599592 -0.789671 -0.130036 0.799242 0.582462 0.148157 -0.041255 -0.192764 0.980377
0.725557 -1.967696 22.086563 2.732559 0.868254 -0.495194 -0.030291 -0.488920 -0.843692 -0.221677 -0.084217 -0.207282 0.974650
4.680169 -175.998877 221.148864 7019.317794 0.945014 0.318282 -0.075127 0.023856 -0.296208 -0.954825 0.326157 -0.900531 0.287514
1.103174 -47.685579 59.185606 -742.259257 0.922325 0.350885 -0.161853 0.267637 -0.882203 -0.387411 0.278724 -0.314001 0.907588
1.011770 -44.420132 19.768227 -328.840701 0.928475 0.346412 -0.133915 0.128885 -0.638700 -0.758585 0.348314 -0.687068 0.637664
2.244155 -31.532298 -57.723785 -393.880152 0.906865 0.417205 0.059454 0.331894 -0.620128 -0.710836 0.259695 -0.664365 0.700841
0.289545 -23.702895 -29.370010 -291.155929 0.930012 0.366154 -0.031753 0.328386 -0.866655 -0.375595 0.165045 -0.338880 0.926240
0.484311 -21.341318 -6.839886 -73.561901 0.907965 0.418640 0.018436 0.391222 -0.831095 -0.395255 0.150148 -0.366090 0.918386
2.741960 -3.253520 45.212005 15.972270 0.959203 0.001806 -0.282714 -0.182253 -0.760519 -0.623213 0.216135 -0.649313 0.729163
-1.104335 -23.553354 -8.509382 -444.482247 0.477279 0.861908 -0.171228 0.071024 -0.232052 -0.970107 0.875877 -0.450850 0.171970
-2.204148 -38.827300 16.221824 -776.321837 0.491534 0.867856 -0.072258 -0.121651 -0.013734 -0.992478 0.862320 -0.496627 -0.098825
-0.422335 -49.553334 -6.249432 -1156.635163 0.447048 0.887453 -0.112143 -0.010192 -0.120306 -0.992685 0.894452 -0.444920 0.044738
-2.557056 -24.226999 41.860252 -410.626701 0.454082 0.884097 -0.110372 0.067225 -0.157525 -0.985224 0.888420 -0.439953 0.130963
0.305750 -23.876605 27.515066 -436.453457 0.434780 0.900470 -0.011009 0.168618 -0.093411 -0.981245 0.884610 -0.424769 0.192448
-4.201061 -13.587003 19.772364 145.522500 0.390108 0.918218 0.068493 0.179416 -0.002843 -0.983769 0.903120 -0.396064 0.165852
-1.437233 -9.867348 3.216584 49.929961 0.426450 0.904487 -0.006677 0.210550 -0.106444 -0.971771 0.879664 -0.413005 0.235833
-9.237175 -40.911414 -118.564638 770.963454 0.072279 0.996447 0.043225 -0.236597 -0.024972 0.971287 -0.968916 0.080430 -0.233951
-3.467992 -6.164066 -26.607135 -7.515071 0.995442 0.074637 -0.059375 -0.078530 0.288152 -0.954359 0.054121 -0.954672 -0.292700
-2.282821 -5.945339 -112.138860 -33.887749 0.977591 -0.207564 -0.035119 0.033564 0.318374 -0.947371 -0.207821 -0.924962 -0.318206
-4.524764 -4.982414 1.752747 1.515296 -0.492899 0.869835 -0.020914 -0.639529 -0.378483 -0.669144 0.589961 0.316445 -0.742838
-4.163358 -4.837162 -14.227515 8.591175 -0.057481 0.989900 0.129591 -0.832847 0.024032 -0.552982 0.550511 0.139716 -0.823054
-0.472301 -2.702247 7.650958 -28.680767 0.678400 0.509094 -0.529714 -0.638999 0.053048 -0.767377 0.362566 -0.859075 -0.361298
-0.781662 -2.102660 -2.968753 -16.840835 0.815716 0.449387 -0.364224 -0.448328 0.093276 -0.888989 0.365526 -0.888454 -0.277559
-0.650618 -3.279986 0.682510 -31.522982 0.769896 0.464568 -0.437535 -0.549754 0.134636 -0.824405 0.324084 -0.875243 -0.359054
-0.866066 -1.802007 -4.618661 -15.045558 0.798770 0.475161 -0.369037 -0.458795 0.084277 -0.884536 0.389195 -0.875854 -0.285320
-0.288760 -4.609875 11.371445 -50.680140 0.736687 0.495154 -0.460559 -0.614622 0.206243 -0.761383 0.282015 -0.843971 -0.456269
0.265907 -4.538476 16.643172 48.077864 0.651138 0.517225 -0.555426 0.693824 -0.109044 0.711841 0.307616 -0.848874 -0.429866
0.032386 -2.286796 26.546718 23.934007 0.509697 0.537640 -0.671679 0.755463 0.093891 0.648430 0.411686 -0.837931 -0.358311
-0.809768 -1.712933 8.465928 -16.616005 0.681598 0.523332 -0.511417 -0.604806 0.009527 -0.796315 0.411865 -0.852076 -0.323008
0.106161 -4.142891 39.131560 -1.900388 0.977659 -0.083236 0.193016 -0.047319 0.807535 0.587919 0.204803 0.583917 -0.785555
0.801203 -3.941876 46.180701 1.943203 0.979550 -0.107271 0.170218 0.004865 0.858396 0.512964 0.201141 0.501646 -0.841364
1.774409 -3.781863 31.949095 5.787554 0.989918 -0.090737 0.108765 0.021471 0.855129 0.517970 0.140007 0.510413 -0.848456
