11487
22960
-4.702553 -6.200869 -17.346872 -77.720936 0.294700 -0.350807 0.888868 0.534886 0.831363 0.150773 -0.791864 0.431011 0.432644
-6.006011 -7.442043 15.876663 -92.166876 0.387892 -0.361668 0.847783 0.612192 0.788698 0.056362 -0.689028 0.497144 0.527340
-5.389085 -9.102165 -24.553752 -164.941857 0.491412 -0.100886 0.865064 0.496670 0.848385 -0.183200 -0.715425 0.519678 0.467014
-4.587796 -6.028945 -7.286207 -47.413750 0.033423 0.807105 -0.589462 0.674785 0.416847 0.609019 -0.737257 0.418115 0.530690
-2.971313 -8.221025 -88.252465 -163.416605 0.279022 -0.193203 0.940648 0.535416 0.844462 0.014628 -0.797168 0.499556 0.339068
-2.707990 -6.098151 -63.042660 -96.871691 0.233963 -0.250437 0.939437 0.463300 0.878212 0.118733 -0.854760 0.407462 0.321497
-3.634975 -4.480234 15.100900 -28.221318 0.080669 0.789269 -0.608726 0.518340 0.488422 0.701974 -0.851362 0.372154 0.369709
-4.052235 -5.271208 -1.270263 -32.155360 0.201513 0.908307 -0.366565 0.565401 0.197727 0.800766 -0.799821 0.368621 0.473713
-0.480915 -2.500608 21.662322 23.077877 0.632396 -0.361472 0.685137 0.518039 0.854927 -0.027110 -0.575943 0.372072 0.727909
-0.293418 -2.314290 19.737743 37.918497 0.621266 -0.384215 0.682940 0.564437 0.823966 -0.049910 -0.543543 0.416484 0.728767
-0.840987 -2.030421 19.969311 15.273513 0.565204 -0.442257 0.696386 0.588547 0.807693 0.035266 -0.578063 0.389923 0.716800
-0.854202 -2.154089 20.025109 1.072384 0.660069 -0.279163 0.697407 0.430017 0.901644 -0.046077 -0.615950 0.330311 0.715192
0.516804 -1.253691 55.999191 19.660119 0.807654 0.578817 0.112540 -0.160723 0.399726 -0.902434 0.567330 -0.710767 -0.415870
-0.235403 -1.779667 8.591101 39.942046 0.543964 0.702272 -0.459257 0.638318 0.008940 0.769721 0.544659 -0.711853 -0.443410
-0.133516 -0.806049 26.594322 -9.686154 0.717802 0.678570 -0.155893 -0.404607 0.224326 -0.886550 0.566616 -0.699443 -0.435576
1.710498 -0.891651 51.601463 14.710562 0.846773 0.387403 0.364546 0.085723 0.576965 -0.812258 0.525002 -0.719049 -0.455349
-1.543132 -4.915352 -40.326870 -31.044635 -0.681898 0.099005 -0.724716 0.346369 0.916374 -0.200717 0.644239 -0.387887 -0.659166
-1.161898 -5.469653 -34.578186 -36.401257 -0.702429 0.071689 -0.708134 0.253626 0.954816 -0.154921 0.665032 -0.288422 -0.688873
0.556217 -4.632549 -75.726003 -36.947173 -0.718197 -0.198113 -0.667042 0.074915 0.931028 -0.357177 0.691796 -0.306494 -0.653819
-1.402131 -4.350202 -36.149839 -19.864187 -0.687328 0.048646 -0.724716 0.339675 0.903457 -0.261507 0.642029 -0.425909 -0.637496
-2.201767 -4.699695 -6.003725 2.888236 -0.557366 0.364788 -0.745837 0.608865 0.790313 -0.068465 0.564470 -0.492275 -0.662601
0.081130 -6.000384 0.952989 -27.335528 0.156338 0.564292 -0.810637 0.915665 -0.390497 -0.095235 -0.370292 -0.727383 -0.577752
0.148656 -5.765328 2.102264 -23.766964 0.203172 0.543236 -0.814626 0.829557 -0.537473 -0.151520 -0.520150 -0.644995 -0.559844
0.309630 -6.310515 5.379936 -25.421628 0.151226 0.565341 -0.810876 0.914860 -0.390728 -0.101797 -0.374382 -0.726444 -0.576296
0.232703 -6.815154 7.402696 -13.458208 0.118153 0.585292 -0.802168 0.972294 -0.232280 -0.026269 -0.201702 -0.776839 -0.596520
-0.015288 -6.644787 4.057616 -24.944501 0.124998 0.581160 -0.804132 0.969915 -0.242227 -0.024294 -0.208901 -0.776904 -0.593954
-0.241993 -16.140508 -6.755070 34.210114 -0.294005 -0.454965 0.840576 0.448423 0.710992 0.541671 -0.844084 0.536188 -0.005019
-0.156221 -14.706208 -5.486059 182.453836 -0.283874 -0.447407 0.848082 0.696400 0.511784 0.503095 -0.659123 0.733419 0.166292
-0.004511 -16.593234 -6.571359 38.058693 -0.298328 -0.462022 0.835186 0.446671 0.705718 0.549951 -0.843496 0.537119 -0.004163
-0.129059 -16.381964 -6.399049 -87.490735 -0.300825 -0.480819 0.823600 0.142640 0.831204 0.537358 -0.942952 0.279129 -0.181463
-0.321714 -15.930676 -5.715035 -110.419115 -0.292896 -0.473542 0.830644 0.131510 0.840535 0.525553 -0.947057 0.263171 -0.183913
0.551946 -7.236829 -2.666729 45.573943 0.052552 0.558610 -0.827764 0.590261 0.651234 0.476954 0.805500 -0.513662 -0.295502
0.580156 -6.543959 1.577518 -23.703498 0.055508 0.553176 -0.831213 0.537824 0.684836 0.491676 0.841228 -0.474339 -0.259498
0.497189 -7.096355 -4.075365 -35.757794 0.067084 0.573011 -0.816797 0.505703 0.686173 0.522907 0.860096 -0.448136 -0.243742
0.901450 -4.708103 32.838667 12.832933 0.158720 0.653697 -0.739925 0.927068 -0.356473 -0.116068 -0.339636 -0.667538 -0.662601
0.845696 -4.781771 23.468403 2.881008 0.155875 0.653811 -0.740429 0.864838 -0.452494 -0.217495 -0.477240 -0.606449 -0.635973
1.559823 -4.671515 37.940046 10.579255 0.155431 0.642962 -0.749961 0.922004 -0.366952 -0.123511 -0.354613 -0.672270 -0.649849
0.471649 -4.804510 20.711610 11.242174 0.167929 0.659109 -0.733059 0.915987 -0.379185 -0.131099 -0.364373 -0.649457 -0.667411
1.244507 -4.559453 31.248684 7.441839 0.146452 0.644376 -0.750554 0.953975 -0.292720 -0.065165 -0.261693 -0.706466 -0.657588
0.816035 -4.549431 22.437534 15.156512 0.168115 0.646955 -0.743765 0.953263 -0.298850 -0.044483 -0.251053 -0.701525 -0.666960
-0.337200 -9.408862 -8.086371 -156.544516 -0.084389 -0.405992 0.909972 0.985779 0.099173 0.135666 -0.145324 0.908480 0.391849
-0.491634 -8.747629 -6.115307 -135.285795 -0.099821 -0.425491 0.899440 0.983059 0.097485 0.155217 -0.153726 0.899697 0.408552
-0.363686 -11.280670 -4.621281 -156.707882 -0.058222 -0.413891 0.908463 0.994745 -0.100820 0.017818 0.084216 0.904726 0.417586
-0.030863 -10.346254 -10.558795 -52.995904 -0.154063 0.432638 -0.888307 0.962706 -0.136635 -0.233512 -0.222400 -0.891154 -0.395453
0.059754 -10.576357 -3.796025 -49.134044 -0.132865 0.454651 -0.880704 0.976288 -0.093188 -0.195392 -0.170906 -0.885781 -0.431489
0.102915 -10.423080 -8.776313 6.510781 -0.127493 0.444736 -0.886541 0.923589 -0.272604 -0.269573 -0.361564 -0.853169 -0.375999
-1.786645 -4.656290 37.482585 24.451955 0.154944 0.647439 -0.746200 0.939707 0.136500 0.313559 0.304867 -0.749793 -0.587253
-0.989853 -4.397416 44.088900 28.045502 0.141254 0.684858 -0.714854 0.953189 0.100922 0.285036 0.267353 -0.721654 -0.638544
-1.201799 -4.170175 38.484361 16.425715 0.264311 0.680667 -0.683251 0.883135 0.113883 0.455087 0.387573 -0.723687 -0.571021
-1.661204 -4.652337 36.830859 5.947068 0.098908 0.649122 -0.754227 0.978301 0.075238 0.193047 0.182058 -0.756954 -0.627595
-2.104398 -4.537130 18.164323 30.612663 0.227151 0.591155 -0.773911 0.896361 0.183753 0.403451 0.380710 -0.785348 -0.488148
-2.384752 -5.018790 6.988114 18.824830 0.112968 0.558010 -0.822109 0.955077 0.167171 0.244707 0.273982 -0.812822 -0.514057
-2.194859 -4.912792 23.720814 9.333148 0.087484 0.598429 -0.796385 0.972812 0.120769 0.197615 0.214437 -0.792021 -0.571594
-3.412780 -7.513095 202.743531 238.442816 -0.478172 -0.028243 -0.877812 -0.353237 0.921264 0.162779 0.804099 0.387912 -0.450499
0.876285 -4.352614 117.881949 -47.131045 -0.401219 -0.394724 -0.826569 -0.438983 0.874866 -0.204704 0.803938 0.280718 -0.524290
-3.413407 -9.816783 -78.794064 443.828311 -0.031210 0.966338 0.255377 -0.644033 0.175948 -0.744489 0.764361 0.187707 -0.616862
-0.148896 -43.360213 120.286053 1560.156059 -0.498890 0.385722 -0.776097 -0.236398 0.800976 0.550048 0.833801 0.457882 -0.308415
-6.104484 -57.521755 -1.130100 2308.334040 -0.287154 0.952468 -0.101724 -0.407298 -0.217527 -0.887012 0.866978 0.213277 -0.450402
-2.804839 -57.726080 136.409489 2006.889341 -0.492685 0.417099 -0.763734 -0.201316 0.799206 0.566340 0.846601 0.432779 -0.309788
-4.936887 -17.342744 161.835593 596.028169 -0.487323 0.279360 -0.827329 -0.212587 0.880984 0.422698 0.846949 0.381870 -0.369936
1.372455 -4.094658 -57.637519 9.507085 0.164909 0.750754 -0.639667 0.692911 0.373357 0.616830 -0.701912 0.544953 0.458635
0.501341 -4.264679 -34.076907 2.997936 0.199290 0.761341 -0.616964 0.642052 0.374186 0.669144 -0.740306 0.529476 0.414249
1.296216 -4.184307 -44.202906 8.394096 0.172832 0.735580 -0.655020 0.630649 0.428189 0.647253 -0.756578 0.524954 0.389888
-0.305712 -3.133000 -27.533862 33.720259 0.322059 0.337958 -0.884343 0.869725 0.263376 0.417387 0.373974 -0.903558 -0.209108
-0.464134 -3.825507 -19.598950 24.969315 0.345244 0.352599 -0.869759 0.890838 0.168499 0.421920 0.295322 -0.920479 -0.255935
-0.998744 -3.817683 -13.903120 26.531554 0.385567 0.370581 -0.844990 0.869690 0.159923 0.466974 0.308185 -0.914929 -0.260629
-121.200877 -372.148699 -142.522678 888.232827 -0.375930 0.674408 0.635492 0.909089 0.135543 0.393935 0.179537 0.725811 -0.664052
-7.793077 -83.743661 200.295646 -2462.517275 0.829092 -0.440634 -0.344164 0.553794 0.562481 0.613945 0.076939 0.699612 -0.710368
-7.584045 -148.695669 278.999187 -5589.703594 0.920410 -0.381644 -0.084816 0.192491 0.253554 0.947976 0.340284 0.888852 -0.306837
-6.861682 -182.387390 -125.285150 -115.592659 0.903856 -0.425840 -0.041301 -0.228960 -0.562991 0.794115 0.361417 0.708309 0.606363
-2.656640 -144.840421 -6.621633 -4292.480343 0.912862 -0.381772 -0.144682 0.220842 0.163685 0.961476 0.343383 0.909647 -0.233733
3.600268 -171.574827 126.549157 5715.515724 0.939477 -0.319841 -0.122819 0.338476 0.921983 0.188097 -0.053076 0.218284 -0.974441
15.251458 -234.560655 643.249555 -6800.374168 -0.658521 0.741733 0.127210 -0.733386 -0.670422 0.112602 -0.168805 0.019144 -0.985464
-0.774508 -55.157919 -20.323017 -387.995119 0.863637 -0.496101 -0.089528 0.365083 0.737976 -0.567544 -0.347629 -0.457466 -0.818461
-3.213525 -4.510506 -22.750571 -77.475558 0.296721 -0.413272 0.860908 0.738453 -0.472321 -0.481249 0.605511 0.778537 0.165035
-2.862248 -5.878643 -4.097117 61.834588 0.558092 -0.551581 0.619913 -0.476162 0.398950 0.783651 0.679561 0.732528 0.039992
-3.383301 -6.287756 -10.902168 -28.883211 0.401311 -0.372231 0.836895 0.706326 -0.455947 -0.541494 0.583141 0.808428 0.079940
-2.013500 -7.265435 29.118169 167.203720 -0.052640 -0.180069 0.982244 0.819657 -0.569650 -0.060504 0.570431 0.801919 0.177582
3.458945 -4.921376 223.506440 -3.628870 -0.203592 -0.548641 -0.810891 -0.681065 0.674366 -0.285273 0.703350 0.494190 -0.510955
4.736843 -5.580605 54.249351 23.916754 -0.056070 -0.278905 -0.958680 -0.626908 0.757149 -0.183608 0.777073 0.590709 -0.217301
5.650059 -5.607473 77.213276 10.590984 -0.041646 -0.356302 -0.933442 -0.732270 0.646485 -0.214098 0.679740 0.674615 -0.287833
4.942915 -6.063429 -221.043688 -48.412428 0.136704 0.588372 0.796951 -0.772560 0.566883 -0.285998 0.620051 0.576595 -0.532048
6.780291 -6.267911 -20.019537 56.496725 -0.035987 0.344953 0.937930 0.775764 -0.582016 0.243819 0.629996 0.736386 -0.246658
-0.987267 -4.533715 -59.819846 3.967047 0.212707 0.598623 -0.772273 -0.740422 0.614481 0.272377 0.637598 0.513871 0.573938
-1.832370 -4.544617 -56.932475 -5.769584 0.162463 0.618168 -0.769074 0.762025 -0.573757 -0.300201 0.626836 0.537282 0.564274
-0.997633 -4.292859 56.930413 -7.570301 -0.218071 -0.590854 0.776748 0.809886 -0.553656 -0.193779 0.544546 0.586819 0.599260
-1.083262 -5.129600 21.247530 16.376660 -0.033173 0.815518 -0.577781 0.536283 -0.473305 -0.698844 0.843386 0.333037 0.421648
-1.199843 -4.646390 19.346025 18.377119 -0.002092 0.802483 -0.596671 0.425213 -0.539330 -0.726854 0.905091 0.255232 0.340098
-0.836422 -4.851371 16.606678 18.346658 -0.031657 0.785517 -0.618030 0.491531 -0.526166 -0.693935 0.870284 0.325749 0.369449
-1.439910 -5.225784 21.387733 16.554282 0.000558 0.821186 -0.570660 0.545028 -0.478701 -0.688324 0.838418 0.310642 0.447837
-0.972734 -5.656061 14.830158 26.119223 -0.031917 0.802893 -0.595269 0.615839 -0.453291 -0.644414 0.787225 0.387158 0.479985
-1.174206 -5.675822 19.412792 19.698917 -0.013409 0.818472 -0.574390 0.650248 -0.429250 -0.626836 0.759604 0.381901 0.526454
-0.929495 -4.251144 -9.382195 -11.664028 0.167627 -0.556418 0.813818 0.963302 0.267990 -0.015188 -0.209644 0.786499 0.580921
-0.715388 -4.323594 -15.902257 -7.209006 0.108346 -0.548880 0.828850 0.972176 0.232689 0.027010 -0.207690 0.802861 0.558819
-1.018201 -3.775491 -4.739620 -27.614956 0.138429 -0.563355 0.814536 0.939505 0.334892 0.071953 -0.313317 0.755300 0.575634
-1.089021 -3.675711 0.234859 -32.053616 0.178763 -0.574603 0.798671 0.931678 0.359785 0.050314 -0.316260 0.735110 0.599661
-1.053335 -4.192023 0.089254 -11.227378 0.198723 -0.574865 0.793750 0.957491 0.286672 -0.032098 -0.209094 0.766387 0.607396
0.675091 -7.870079 -12.092116 14.277859 -0.016544 0.664137 -0.747428 0.683086 -0.538377 -0.493501 0.730150 0.518722 0.444756
0.791112 -7.807588 6.944414 39.412022 -0.062670 0.648706 -0.758455 0.650080 -0.550092 -0.524208 0.757277 0.525908 0.387237
0.907736 -8.060878 -5.748471 -6.705744 -0.032793 0.687717 -0.725238 0.537400 -0.599676 -0.592951 0.842690 0.409188 0.349914
0.714379 -8.515618 -26.275014 -25.419368 0.031928 0.683448 -0.729301 0.564778 -0.614350 -0.550999 0.824625 0.394300 0.405611
0.361640 -7.751738 -20.031380 -24.893934 0.013275 0.660305 -0.750880 0.728101 -0.521083 -0.445355 0.685341 0.540804 0.487686
0.990144 -1.839016 42.490758 -44.478476 0.248892 -0.607631 0.754213 0.883477 0.461543 0.080292 -0.396890 0.646345 0.651703
0.156812 -2.247296 31.345837 -43.003322 0.171224 -0.650063 0.740338 0.900460 0.408194 0.150163 -0.399817 0.640933 0.655249
0.626983 -1.219175 20.032585 -32.216052 0.022490 -0.704143 0.709702 0.891374 0.335576 0.304700 -0.452711 0.625757 0.635201
1.229144 -0.498638 21.956911 -40.264557 0.128863 -0.647771 0.750858 0.885366 0.416207 0.207118 -0.446677 0.638094 0.627148
1.556479 -1.460491 33.691021 -48.446862 0.297398 -0.550883 0.779797 0.862742 0.504889 0.027644 -0.408939 0.664542 0.625422
1.011591 -4.181708 -108.341170 16.968342 0.874376 0.297396 0.383435 -0.238648 0.951564 -0.193836 -0.422509 0.077980 0.902998
2.286695 -4.712640 -158.018206 61.377110 0.804662 0.455918 0.380339 -0.426361 0.889516 -0.164248 -0.413201 -0.029998 0.910145
-0.252775 -5.793336 -131.742519 67.381300 0.786590 0.489327 0.376610 -0.461283 0.871124 -0.168406 -0.410480 -0.041258 0.910936
3.850635 -3.811443 -144.893923 31.533130 0.839394 0.411102 0.355545 -0.377693 0.911587 -0.162348 -0.390852 0.001987 0.920451
-2.099934 -6.415778 -85.189386 72.351141 0.810965 0.492795 0.315420 -0.451459 0.869949 -0.198428 -0.372184 0.018519 0.927974
3.488312 -2.817044 -77.735277 -3.907259 0.907526 0.323430 0.267934 -0.282917 0.942264 -0.179155 -0.310409 0.086785 0.946633
1.901971 -3.463355 -79.814029 -7.448050 0.923630 0.121779 0.363425 -0.039521 0.973389 -0.225727 -0.381243 0.194125 0.903864
0.254742 -4.200823 -87.504535 -3.954304 0.909329 0.037124 0.414419 0.058944 0.974473 -0.216629 -0.411882 0.221415 0.883928
-1.518900 -5.092076 -73.873891 32.007419 0.912845 0.236640 0.332739 -0.150692 0.952650 -0.264101 -0.379480 0.190943 0.905282
-1.437847 -4.046946 42.552949 -36.812580 -0.227586 0.454378 -0.861247 0.462451 0.828784 0.315048 0.856938 -0.326584 -0.398747
-1.166798 -4.607576 20.214794 -35.610492 -0.262781 0.327341 -0.907631 0.326511 0.915361 0.235596 0.907930 -0.234441 -0.347420
-1.831802 -3.581873 3.589553 -28.348464 -0.221400 0.328500 -0.918188 0.447613 0.870742 0.203594 0.866386 -0.365917 -0.339824
-1.058122 -3.820469 -40.833920 -40.848036 -0.246425 0.108796 -0.963036 0.350227 0.936525 0.016184 0.903668 -0.333293 -0.268886
-0.857014 -2.983406 -72.059245 -27.120112 -0.213723 0.053146 -0.975447 0.422270 0.905441 -0.043189 0.880914 -0.421133 -0.215956
-1.831499 -2.804025 -44.443052 -1.657620 -0.119810 0.316860 -0.940875 0.503484 0.836183 0.217490 0.855657 -0.447658 -0.259717
3.246171 -8.947894 -106.473415 171.822830 0.240608 0.968264 0.067622 -0.573344 0.085566 0.814834 -0.783189 0.234827 -0.575736
10.525099 -6.954859 -355.170695 127.417109 0.303328 0.951852 0.044377 -0.562606 0.141310 0.814559 -0.769069 0.272045 -0.578381
8.370819 -5.763474 -301.586854 -32.935328 0.321028 0.946467 0.033777 -0.511776 0.143357 0.847074 -0.796885 0.289221 -0.530401
-10.863062 -27.037393 -300.640068 103.161354 0.442162 0.851818 0.280888 0.835598 -0.277385 -0.474167 -0.325990 0.444368 -0.834426
-6.464558 -65.431024 -141.778231 1483.062030 0.490186 0.854008 0.174321 0.860762 -0.442835 -0.250969 -0.137135 0.273071 -0.952169
-7.796950 -25.514117 -195.427110 316.443930 0.355921 0.915967 0.185268 -0.753689 0.164142 0.636404 -0.552515 0.366143 -0.748776
-4.173516 -32.687681 -53.739152 -88.990736 0.401077 0.903984 0.148159 -0.824349 0.285644 0.488730 -0.399483 0.318153 -0.859763
-4.981680 -50.778124 -90.418006 2215.166222 0.335392 0.887637 0.315616 -0.529829 -0.099291 0.842272 -0.778970 0.449714 -0.436994
1.609407 -5.571600 64.865808 -8.121225 0.009269 0.616347 -0.787420 -0.393422 0.726194 0.563792 0.919311 0.304563 0.249216
2.505257 -5.497634 53.787970 -4.474567 0.042793 0.615697 -0.786820 -0.269916 0.765381 0.584241 0.961932 0.187374 0.198939
2.522506 -5.451301 6.625766 -9.354946 0.136679 0.649955 -0.747581 -0.407024 0.724865 0.555790 0.903134 0.228318 0.363621
2.782609 -5.555900 44.974194 -3.575713 0.079812 0.628183 -0.773962 -0.530399 0.684161 0.500601 0.843983 0.370555 0.387792
1.672461 -77.991110 9.942913 -2622.621944 -0.426421 -0.645026 0.634119 0.635289 0.285461 0.717579 -0.643873 0.708840 0.288052
0.860882 -75.950924 48.723765 -2204.911320 -0.479105 -0.656849 0.582244 0.682067 0.138926 0.717973 -0.552488 0.741113 0.381455
4.252775 -130.970833 211.973914 -1070.419021 -0.614710 -0.595349 0.517388 0.759558 -0.269996 0.591754 -0.212608 0.756744 0.618172
1.375125 -62.011933 -0.304161 -1686.002696 0.406823 0.644391 -0.647499 0.360264 0.538182 0.761952 -0.839467 0.543250 0.013206
2.395816 -71.919634 -34.514256 -2301.691549 0.436759 0.687358 -0.580328 0.302416 0.495376 0.814338 -0.847223 0.531170 -0.008491
-4.800888 -6.156513 -110.611300 -293.159942 0.267752 -0.772995 -0.575142 0.894463 0.421296 -0.149816 0.358112 -0.474329 0.804218
44.884491 -1063.961217 496.175746 -80457.938090 0.294555 0.905118 -0.306591 0.804478 -0.061691 0.590770 -0.515803 0.420660 0.746319
1981.081062 -2168.338994 -63324.430714 66694.236325 0.039340 0.998562 -0.036431 0.798763 -0.053332 -0.599277 0.600358 0.005524 0.799712
73.215112 -122.327718 -2454.149869 280.026880 0.433895 0.168615 -0.885045 0.601652 0.676974 0.423935 0.670634 -0.716433 0.192288
-7.521022 -254.718921 59.406117 -8419.606596 0.410111 0.154142 -0.898916 0.724530 -0.653707 0.218457 -0.553954 -0.740883 -0.379773
41.402663 -20.111501 -3224.901447 350.549851 0.883873 -0.297249 -0.361126 0.148636 0.910569 -0.385710 0.443482 0.287242 0.849009
1.667332 -0.507073 -55.148054 -5.621175 -0.123836 0.589817 -0.797985 0.699152 -0.518804 -0.491964 0.704167 0.618836 0.348125
1.686985 -0.731711 -33.889677 -45.570207 -0.108577 0.521054 -0.846590 -0.687588 0.575685 0.442504 0.717937 0.630150 0.295764
3.479963 -0.221590 -75.866930 5.908469 -0.366820 0.665312 -0.650233 0.599494 -0.365421 -0.712092 0.711372 0.651020 0.264807
0.700646 -1.464764 -32.403627 -36.712817 0.097061 0.389029 -0.916098 -0.707090 0.674719 0.211608 0.700431 0.627225 0.340567
3.711542 -0.664513 -100.777982 -47.138522 -0.327513 0.695699 -0.639326 0.635191 -0.338807 -0.694076 0.699476 0.633414 0.330938
1.732599 -0.576916 -73.139195 -42.759248 -0.200517 0.664347 -0.720025 0.680855 -0.433961 -0.590012 0.704436 0.608540 0.365308
-1.394773 -3.893037 -4.767514 4.000465 -0.036128 0.242181 -0.969558 0.852360 0.513952 0.096617 0.521706 -0.822922 -0.224993
-1.459537 -3.885273 -11.558575 -10.288506 0.039364 0.293389 -0.955183 0.898037 0.408780 0.162568 0.438155 -0.864189 -0.247383
-1.681854 -4.163718 -26.547756 -1.670112 0.015209 0.300237 -0.953743 0.849618 0.499030 0.170643 0.527179 -0.812913 -0.247497
-1.923096 -4.340070 -10.918484 11.489348 0.071546 0.522974 -0.849341 0.421010 0.756117 0.501037 0.904230 -0.393429 -0.166080
-1.612615 -4.310407 -13.418627 13.511994 0.065158 0.424253 -0.903197 0.422085 0.808445 0.410196 0.904212 -0.407953 -0.126394
-2.134964 -4.466019 -10.184151 3.376279 0.075864 0.522736 -0.849112 0.510767 0.710987 0.483337 0.856365 -0.470366 -0.213059
-1.573645 -4.056481 -11.068465 16.318840 0.066855 0.494797 -0.866433 0.331713 0.807959 0.487000 0.941008 -0.319966 -0.110115
-2.285629 -4.542636 -5.203894 6.374560 0.091138 0.633228 -0.768580 0.496432 0.640166 0.586296 0.863278 -0.434981 -0.256011
-1.984731 -4.342367 -5.420486 13.765029 0.079399 0.628406 -0.773823 0.393257 0.693568 0.603583 0.915994 -0.352235 -0.192057
0.427258 -27.287922 -28.556452 -262.579979 -0.357366 0.904152 0.234093 -0.588937 -0.412685 0.694870 -0.724874 -0.110457 -0.679968
-0.320309 -37.813803 -53.943346 -982.304871 -0.366954 0.904520 0.217227 -0.802373 -0.425919 0.418079 -0.470682 0.020881 -0.882056
0.800960 -31.693398 -36.984775 -722.902296 -0.339739 0.911900 0.230252 -0.820241 -0.407063 0.401875 -0.460197 0.052330 -0.886273
1.105195 -2.847934 12.612953 -14.010742 0.015081 -0.528910 0.848544 0.908281 -0.347601 -0.232807 0.418089 0.774227 0.475157
1.465360 -2.963185 14.867193 -5.480919 0.032596 -0.503649 0.863293 0.915473 -0.331553 -0.227996 0.401058 0.797753 0.450270
1.187796 -3.167771 10.491068 -11.901692 0.027939 -0.529038 0.848138 0.879647 -0.390004 -0.272247 0.474806 0.753668 0.454470
0.969159 -3.154134 8.485918 -19.972807 0.006026 -0.542718 0.839893 0.880416 -0.395382 -0.261802 0.474163 0.741033 0.475435
1.013188 -3.599047 7.862404 -16.012297 0.030153 -0.553089 0.832576 0.836541 -0.441931 -0.323876 0.547074 0.706250 0.449356
1.134797 -3.454122 5.153988 -11.465852 0.039155 -0.532753 0.845365 0.836607 -0.445140 -0.319279 0.546402 0.719740 0.428275
-6.059277 -8.923214 6.636770 -87.147863 0.527671 -0.200133 0.825536 0.635751 0.737591 -0.227551 -0.563368 0.644908 0.516440
-6.350915 -8.050821 43.350598 -52.800782 0.337700 -0.504616 0.794557 0.760827 0.643336 0.085213 -0.554167 0.575744 0.601180
-4.889809 -6.943738 6.986058 -49.353825 -0.024910 0.790468 -0.611996 0.761535 0.411606 0.500644 -0.647644 0.453586 0.612223
-1.352750 -7.420703 25.536516 -74.258448 -0.053941 -0.526730 0.848319 0.444078 0.748265 0.492843 -0.894363 0.403305 0.193548
-0.202481 -7.512781 62.374917 -11.151878 0.041882 -0.501990 0.863859 0.635953 0.680245 0.364459 -0.770591 0.534109 0.347732
-1.496635 -7.765998 29.834861 -21.109562 -0.093227 -0.534496 0.840014 0.616155 0.631753 0.470363 -0.782088 0.561429 0.270436
-0.103715 -6.350121 83.381629 103.014621 -0.021245 -0.559409 0.828620 0.803371 0.483782 0.347203 -0.595099 0.673066 0.439135
-0.490594 -1.779267 13.932205 19.728749 0.487099 -0.547056 0.680783 0.696603 0.713531 0.074953 -0.526763 0.437726 0.728640
-0.303324 -2.122398 4.713333 27.098924 0.637670 -0.348800 0.686816 0.548435 0.831674 -0.086824 -0.540922 0.432039 0.721627
-0.236879 -1.737136 1.305849 0.264693 0.514734 -0.504920 0.692896 0.680549 0.732169 0.027976 -0.521442 0.457149 0.720495
-0.187835 -1.870949 -8.126039 8.271405 0.601025 -0.381272 0.702425 0.586987 0.807047 -0.064191 -0.542416 0.450895 0.708858
-0.344777 -2.263735 -11.160670 28.213047 0.659433 -0.285453 0.695460 0.505102 0.853417 -0.128650 -0.556794 0.436114 0.706955
-0.416403 -1.923183 18.327616 -22.659101 0.676099 0.682738 -0.277056 -0.480838 0.123923 -0.868008 0.558288 -0.720078 -0.412070
-0.665741 -2.650148 11.790250 28.030652 0.528150 0.687076 -0.498984 0.667816 0.026865 0.743842 0.524481 -0.726089 -0.444651
-0.240212 -2.616842 13.936868 22.199348 0.417975 0.684320 -0.597498 0.769215 0.083326 0.633533 0.483326 -0.724406 -0.491561
-0.876503 -5.544084 -25.272412 -6.036553 -0.709272 0.119687 -0.694700 0.213922 0.975553 -0.050335 0.671692 -0.184313 -0.717536
-1.548400 -5.865584 16.683266 -6.358025 -0.661324 0.365510 -0.655021 0.473613 0.880633 0.013234 0.581670 -0.301474 -0.755495
-0.743677 -5.683520 58.921023 13.704681 -0.660765 0.439686 -0.608330 0.444794 0.882206 0.154502 0.604605 -0.168492 -0.778501
-2.244629 -5.888751 2.599108 -6.427726 -0.605510 0.442586 -0.661419 0.627693 0.776513 -0.055033 0.489244 -0.448491 -0.747995
-1.727705 -6.033495 32.985533 -1.920928 -0.611148 0.487055 -0.623920 0.624248 0.781224 -0.001617 0.486634 -0.390469 -0.781486
-0.658045 -6.015701 75.561565 8.639669 -0.604687 0.553208 -0.572987 0.609218 0.784670 0.114661 0.513037 -0.279740 -0.811504
0.395956 -6.257672 8.935472 -31.867389 0.198897 0.541560 -0.816794 0.819258 -0.549268 -0.164685 -0.537825 -0.636410 -0.552925
-0.070775 -11.940119 -4.966120 229.608842 -0.267831 -0.441599 0.856304 0.846644 0.316325 0.427940 -0.459848 0.839601 0.289155
-0.269748 -11.628299 -3.765152 224.207559 -0.268015 -0.442471 0.855796 0.850606 0.308416 0.425850 -0.452368 0.842080 0.293708
-0.184792 -8.653855 -4.544780 160.228527 -0.230346 -0.429147 0.873369 0.931324 0.162954 0.325702 -0.282093 0.888414 0.362139
-0.311031 -11.533463 -0.777900 220.798204 -0.257331 -0.451646 0.854281 0.855117 0.305313 0.418997 -0.450062 0.838332 0.307643
-0.316493 -8.210814 -2.582277 148.343926 -0.235958 -0.436319 0.868303 0.931099 0.154265 0.330540 -0.278170 0.886469 0.369856
0.759553 -9.392075 6.935316 77.525197 0.040309 0.551134 -0.833443 0.802733 0.478823 0.355456 0.594975 -0.683360 -0.423112
0.651197 -8.194146 1.696321 106.049216 0.039939 0.551066 -0.833505 0.683673 0.593270 0.424996 0.728695 -0.586819 -0.353055
0.474191 -9.088344 6.149755 72.263700 0.035322 0.571809 -0.819626 0.783312 0.493475 0.378028 0.620625 -0.655375 -0.430474
0.531951 -9.769797 8.471131 1.039769 0.043701 0.574174 -0.817566 0.892810 0.344778 0.289860 0.448309 -0.742598 -0.497561
0.234247 -8.876746 11.242019 -62.058264 0.023224 0.586248 -0.809799 -0.765119 -0.510939 -0.391833 0.643469 -0.628693 -0.436684
0.249027 -9.482971 11.971359 6.504939 0.034486 0.588114 -0.808042 0.880732 0.364255 0.302703 0.472357 -0.722108 -0.505409
1.696833 -4.726096 33.113241 7.680968 0.148654 0.631630 -0.760885 0.873161 -0.445031 -0.198842 -0.464212 -0.634816 -0.617670
1.057104 -4.783204 26.545792 3.862224 0.146139 0.644013 -0.750926 -0.800426 0.523050 0.292809 -0.581345 -0.558270 -0.591923
0.634620 -4.778234 12.962765 11.055825 0.138120 0.657172 -0.740977 -0.779182 0.533938 0.328308 -0.611391 -0.532010 -0.585804
0.325383 -4.931106 14.378189 -1.745835 0.156951 0.665344 -0.729852 0.864630 -0.449700 -0.224018 -0.477264 -0.595892 -0.645857
0.425334 -4.865038 10.931669 11.624799 0.136242 0.668248 -0.731356 -0.785224 0.522964 0.331560 -0.604037 -0.529106 -0.595974
-0.383669 -6.817916 -3.261890 -4.133647 -0.164110 -0.430199 0.887692 0.962251 0.128253 0.240049 -0.217118 0.893577 0.392912
-0.366963 -6.482876 1.527605 2.968908 -0.189799 -0.450563 0.872335 0.957941 0.109792 0.265133 -0.215235 0.885968 0.410774
-0.544801 -8.028254 -3.165060 -117.735834 -0.132460 -0.448116 0.884108 0.978391 0.083757 0.189038 -0.158761 0.890043 0.427338
0.294577 -10.569238 -7.649597 184.337406 -0.203317 -0.429082 0.880086 0.940882 0.163102 0.296881 -0.270930 0.888418 0.370555
0.362482 -13.483019 -7.476319 229.810103 -0.259040 -0.439156 0.860256 0.843639 0.330793 0.422905 -0.470288 0.835295 0.284801
0.082087 -10.044308 -6.851263 187.915762 -0.227976 -0.427525 0.874785 0.924430 0.187047 0.332328 -0.305705 0.884441 0.352575
-0.236313 -11.560687 -0.298483 -84.822729 -0.186385 0.451878 -0.872391 0.982060 0.059833 -0.178824 -0.028608 -0.890071 -0.454923
0.160588 -12.166841 -3.794637 -110.223510 -0.117589 0.468899 -0.875390 0.992833 0.036563 -0.113780 -0.021345 -0.882495 -0.469837
0.335378 -10.715246 -8.641399 -10.418649 -0.120490 0.457089 -0.881222 0.971274 -0.129216 -0.199827 -0.205206 -0.879984 -0.428390
-0.223287 -12.647963 -12.153089 -106.372613 -0.158146 0.441364 -0.883282 0.982477 0.159689 -0.096112 0.098630 -0.883005 -0.458884
-0.905575 -4.358848 28.956602 2.183079 0.084210 0.664329 -0.742682 0.990887 0.022801 0.132748 0.105122 -0.747093 -0.656355
1.912954 -11.023177 -33.625516 -187.969057 -0.428866 0.072453 -0.900458 -0.301128 0.928304 0.218113 0.851702 0.364694 -0.376301
0.272159 -2.968132 -44.232664 35.458091 0.276302 0.304977 -0.911398 0.882304 0.295496 0.366363 0.381047 -0.905357 -0.187436
0.303241 -3.605174 -43.168274 26.216306 0.294821 0.311946 -0.903200 0.904584 0.213465 0.368999 0.307909 -0.925809 -0.219247
-0.484356 -4.211511 -19.932900 17.509066 0.340276 0.339790 -0.876786 0.914196 0.098740 0.393061 0.220132 -0.935304 -0.277036
-6.087060 -79.538290 108.902084 -2509.481069 0.846810 -0.435902 -0.304799 0.531777 0.681709 0.502480 0.011248 0.587590 -0.809080
-12.308242 -39.863307 98.709390 -1290.976815 0.750942 -0.436016 -0.495960 0.643835 0.650411 0.403042 -0.146845 0.621977 -0.769143
0.704241 -64.369084 14.969337 1673.562774 0.890897 -0.432673 -0.138188 0.443088 0.894793 0.054948 -0.099875 0.110182 -0.988881
0.199592 -36.300511 21.096633 -354.536503 0.911383 -0.396892 -0.108891 0.305647 0.829908 -0.466726 -0.275609 -0.392084 -0.877673
0.518501 -33.708987 4.532442 777.094420 0.871276 -0.452271 -0.190602 0.486780 0.746757 0.453210 0.062640 0.487652 -0.870788
2.728912 -107.466689 4.038645 3018.377144 0.924527 -0.332934 -0.185487 0.381117 0.808188 0.448979 -0.000429 0.485785 -0.874078
-0.278951 -13.506040 52.401169 375.685777 0.029722 -0.203899 0.978541 0.878823 -0.461084 -0.122770 0.476222 0.863613 0.165487
-0.968379 -18.032948 56.562756 409.726077 0.011157 -0.289025 0.957257 0.861913 -0.482545 -0.155741 0.506933 0.826810 0.243730
-3.061813 -10.193733 9.736837 211.009740 0.170998 -0.201754 0.964394 0.832484 -0.493960 -0.250947 0.527001 0.845754 0.083491
-0.981615 -15.313461 61.565274 302.537696 0.122751 -0.163994 0.978794 0.929959 -0.325400 -0.171146 0.346567 0.931247 0.112564
3.382142 -4.757100 162.337014 9.522671 -0.228743 -0.419349 -0.878534 -0.557889 0.796034 -0.234712 0.797770 0.436436 -0.416038
-0.082453 -3.989195 41.884388 -15.169628 -0.242268 -0.572233 0.783490 0.849692 -0.514949 -0.113361 0.468326 0.638261 0.610977
0.584449 -3.523813 26.129686 -24.516105 -0.239027 -0.550166 0.800115 0.886759 -0.459412 -0.050985 0.395633 0.697322 0.597676
0.910891 -3.990207 22.834380 -12.497065 -0.218164 -0.562415 0.797555 0.837305 -0.527684 -0.143072 0.501323 0.636583 0.586035
-1.693230 -4.807206 21.287802 19.103820 0.033976 0.805000 -0.592302 0.427224 -0.547466 -0.719556 0.903507 0.228598 0.362516
-0.425775 -4.408931 -15.731688 0.337452 0.040764 -0.552865 0.832273 0.978998 0.188627 0.077352 -0.199754 0.811641 0.548942
-0.251296 -4.203553 -23.675361 10.317314 0.069806 -0.540800 0.838249 0.992987 0.118045 -0.006535 -0.095417 0.832827 0.545248
-0.887733 -3.879607 -8.652697 -22.634848 0.073394 -0.561572 0.824166 0.948534 0.294567 0.116244 -0.308052 0.773218 0.554290
0.069839 -4.285951 -15.370638 18.035186 0.003438 -0.554433 0.832221 0.996230 0.074039 0.045210 -0.086682 0.828928 0.552597
-0.100754 -4.630796 -10.445535 6.720016 -0.058421 -0.571055 0.818830 0.977777 0.132699 0.162306 -0.201343 0.810116 0.550612
-0.588393 -4.020171 -11.463524 -12.973355 -0.058639 -0.576563 0.814945 0.949064 0.220962 0.224617 -0.309578 0.786607 0.534239
0.880818 -7.447203 11.982152 6.475509 -0.090259 0.683523 -0.724327 0.512662 -0.591646 -0.622200 0.853833 0.427494 0.297015
0.174431 -19.202423 -2.923402 110.700649 -0.066530 -0.371950 0.925866 0.982958 -0.183804 -0.003207 0.171370 0.909873 0.377839
0.056814 -17.817307 -3.883390 115.156967 -0.084002 -0.352780 0.931928 0.979230 -0.202420 0.011639 0.184535 0.913549 0.362456
0.027654 -16.744368 -2.263341 149.403697 -0.037583 -0.382583 0.923157 0.882132 -0.446738 -0.149228 0.469501 0.808737 0.354278
0.136521 -17.917769 -2.258885 174.702971 -0.021801 -0.398978 0.916701 0.880738 -0.441564 -0.171237 0.473102 0.803641 0.361022
-0.087664 -14.098668 1.404533 -138.750099 0.009798 0.398054 -0.917310 -0.715464 0.643667 0.271668 0.698581 0.653641 0.291100
0.044411 -15.112519 3.079854 -178.116049 -0.004198 0.406173 -0.913787 -0.705380 0.646516 0.290613 0.708817 0.645787 0.283792
-0.498801 -2.535899 16.901359 -43.686682 0.125861 -0.657452 0.742910 0.906396 0.380605 0.183266 -0.403244 0.650305 0.643815
-0.283910 -3.278471 28.774634 -26.345373 0.209241 -0.629869 0.747986 0.926463 0.372427 0.054447 -0.312864 0.681589 0.661477
-0.043960 -1.676207 24.369283 -34.396130 -0.020582 -0.726078 0.687305 0.888286 0.302209 0.345858 -0.458830 0.617641 0.638744
-0.838690 -3.436693 11.987540 -31.188374 0.195022 -0.616022 0.763206 0.928865 0.365858 0.057950 -0.314923 0.697613 0.643552
-0.485251 -1.840035 16.255363 -38.342210 -0.011683 -0.713073 0.700993 0.886607 0.316779 0.337014 -0.462375 0.625443 0.628515
-0.866204 -2.753346 6.590219 -36.850615 0.132314 -0.635049 0.761055 0.903838 0.392493 0.170371 -0.406903 0.665328 0.625914
1.455392 -6.833893 -142.410390 102.118277 0.738681 0.568876 0.361565 -0.581728 0.808995 -0.084374 -0.340503 -0.148007 0.928521
-2.461295 -7.986720 32.518495 6.895007 0.252282 0.966454 0.048179 0.122521 0.017485 -0.992312 0.959866 -0.256245 0.114000
-1.919404 -8.341203 38.498453 13.888908 0.209520 0.976289 0.054416 0.091662 0.035795 -0.995147 0.973499 -0.213491 0.081989
-2.194340 -8.964114 29.074172 38.380070 0.263716 0.964311 -0.023622 0.269155 -0.097080 -0.958191 0.926288 -0.246332 0.285151
-2.384340 -7.583779 27.156610 -3.411733 0.265534 0.954549 0.135382 -0.017766 0.145244 -0.989236 0.963938 -0.260271 -0.055526
-2.773822 -8.334988 23.052410 45.752266 0.316752 0.947736 -0.038283 0.244766 -0.120666 -0.962044 0.916383 -0.295359 0.270195
-2.800685 -7.655939 25.594959 10.066800 0.307916 0.949630 0.058229 0.110721 0.025020 -0.993537 0.944949 -0.312373 0.097440
16.110964 -17.864416 -755.858667 487.216690 0.309809 0.948125 0.071257 -0.649448 0.156285 0.744172 -0.694432 0.276829 -0.664176
20.055044 -6.932739 -816.775392 207.136398 0.354429 0.927766 0.116751 -0.590656 0.125334 0.797131 -0.724918 0.351486 -0.592412
43.822971 -3.331714 -1704.999532 -20.800807 0.435040 0.899926 0.029559 -0.510457 0.219455 0.831429 -0.741737 0.376793 -0.554845
-8.829761 -31.251612 -223.323544 589.983837 0.355819 0.868257 0.345721 0.926232 -0.376894 -0.006738 0.124450 0.322616 -0.938313
-4.510582 -25.622759 -147.389283 461.012813 0.291471 0.917403 0.270956 0.949311 -0.312263 0.036074 0.117703 0.246707 -0.961916
-3.126384 -43.960834 -71.760448 838.490519 0.372076 0.893019 0.253134 0.920203 -0.390615 0.025446 0.121602 0.223467 -0.967097
0.226963 -5.702739 -62.149202 -0.355780 0.172885 0.778578 -0.603263 0.784109 -0.479455 -0.394077 0.596057 0.404894 0.693381
1.495524 -5.573161 -71.588480 -6.140453 0.213127 0.744560 -0.632620 0.774511 -0.523454 -0.355147 0.595575 0.414279 0.688232
0.366464 -5.585960 -72.639481 0.605696 0.194630 0.764968 -0.613956 0.691643 -0.550862 -0.467098 0.695520 0.333727 0.636300
1.322409 -5.494364 -82.263904 -4.952634 0.224705 0.753480 -0.617879 0.845156 -0.466307 -0.261284 0.484994 0.463493 0.741590
-0.694828 -5.590408 -35.086249 2.976381 0.131122 0.793405 -0.594403 0.695823 -0.500731 -0.514877 0.706143 0.346088 0.617726
-0.740106 -5.857332 -24.129467 5.274693 0.108671 0.799255 -0.591085 0.784823 -0.433922 -0.442452 0.610117 0.415816 0.674429
0.012299 -5.716753 -48.415101 1.352087 0.183155 0.774384 -0.605627 0.853177 -0.431269 -0.293422 0.488410 0.462965 0.739676
5.446051 -227.179149 -59.374253 -11149.571221 -0.543489 -0.600799 0.586225 0.827471 -0.266058 0.494475 -0.141110 0.753826 0.641743
2.059172 -53.994360 38.878987 -384.575850 -0.486527 -0.590074 0.644285 0.818061 -0.048802 0.573057 -0.306703 0.805873 0.506461
0.699467 -57.117933 32.999367 -1610.407614 0.503479 0.586824 -0.634149 0.449370 0.449030 0.772295 -0.737953 0.673802 0.037624
-1.865977 -79.288366 -72.847872 -2469.036396 -0.160877 -0.279460 0.946584 -0.300511 0.927408 0.222726 -0.940112 -0.248628 -0.233180
-113.282316 -38509.617915 1861.395980 -2072105.483324 -0.431484 -0.558190 0.708693 0.630404 0.375374 0.679474 -0.645301 0.739945 0.189917
1.488938 -85.799421 15.255429 -2590.798426 0.282569 0.539548 -0.793122 0.614148 0.533384 0.581657 -0.736870 0.651452 0.180644
-3.878081 -82.875351 -64.962245 2281.341310 -0.498962 -0.537108 0.680112 0.854426 -0.436098 0.282445 0.144891 0.722034 0.676515
1.868114 -76.870978 -67.970053 -2333.717777 -0.151038 -0.477921 0.865320 0.002855 0.875148 0.483847 -0.988524 0.075550 -0.130816
0.788165 -2.098652 -22.173572 -57.864732 -0.089649 0.490512 -0.866811 -0.711297 0.577662 0.400453 0.697151 0.652460 0.297113
-1.855364 -3.957882 -28.262231 -18.553767 0.045229 0.330203 -0.942826 0.894763 0.406313 0.185225 0.444245 -0.851983 -0.277076
-1.539408 -3.494651 -12.375982 -23.901374 0.066536 0.306881 -0.949419 0.931209 0.322649 0.169549 0.358361 -0.895389 -0.264302
-1.562404 -3.408684 12.986603 -19.818236 0.075187 0.289514 -0.954216 0.931566 0.320963 0.170784 0.355712 -0.901756 -0.245569
-1.843487 -4.394740 -10.850279 1.775095 0.066652 0.431001 -0.899887 0.527476 0.750341 0.398444 0.846951 -0.501226 -0.177331
-1.328480 -4.315784 -11.176448 8.522887 0.060959 0.338521 -0.938982 0.461988 0.824331 0.327179 0.884789 -0.453743 -0.106142
-1.216020 -4.032127 -12.294870 14.134627 0.060650 0.383447 -0.921569 0.338509 0.860653 0.380379 0.939006 -0.335030 -0.077602
6.529835 -4.373145 440.845016 -48.177777 -0.189692 -0.671101 0.716687 -0.434032 0.712062 0.551891 -0.880701 -0.206375 -0.426352
3.098029 -4.841811 166.830662 -39.501039 -0.174181 -0.688456 0.704052 -0.374716 0.707532 0.599155 -0.910631 -0.159458 -0.381214
1.905484 -4.216459 -74.267885 -39.857804 0.158960 0.727155 -0.667816 -0.475082 0.649291 0.593900 -0.865464 -0.222861 -0.448670
58.564812 -1102.211012 -1348.404645 56772.346530 0.423946 0.755912 0.498865 -0.037248 -0.535795 0.843526 -0.904921 0.376191 0.198992
-42.982632 -80.303859 -1379.231298 -889.836557 0.443440 0.602613 0.663489 -0.207893 0.789215 -0.577859 -0.871861 0.118311 0.475248
-1.438795 -12.368527 115.076689 -523.207664 -0.173794 0.970658 -0.166187 0.950955 0.209267 0.227797 -0.255891 0.118447 0.959422
-3.350073 -8.581920 -100.761130 -73.097257 0.297637 -0.169086 0.939586 0.693294 0.714890 -0.090968 -0.656319 0.678485 0.330005
2.356632 -1.134272 73.257333 25.017788 0.841464 0.427343 0.330630 0.050274 0.547343 -0.835397 0.537969 -0.719578 -0.439085
2.210561 -1.480472 69.169977 28.270337 0.840976 0.461431 0.282560 0.011751 0.506524 -0.862146 0.540944 -0.728364 -0.420553
2.828896 -1.348351 23.474827 21.048040 0.885542 0.321974 0.334886 0.107616 0.559084 -0.822097 0.451923 -0.764040 -0.460443
1.010745 -5.121186 -87.633084 -33.510339 -0.694793 -0.181104 -0.696034 0.018757 0.962885 -0.269260 0.718965 -0.200135 -0.665609
0.627311 -6.676606 11.682603 -20.656053 0.145492 0.559433 -0.816007 0.914497 -0.390771 -0.104850 -0.377529 -0.730981 -0.568454
0.537247 -7.007987 12.102971 5.593601 0.114922 0.582175 -0.804901 0.974752 -0.222245 -0.021574 -0.191445 -0.782100 -0.593017
0.098258 -15.060372 -4.921229 165.983843 -0.283007 -0.454180 0.844765 0.684866 0.520923 0.509508 -0.671465 0.722745 0.163628
2.100259 -4.759144 26.444098 4.872137 0.118352 0.606819 -0.785979 0.921712 -0.361584 -0.140372 -0.369378 -0.707833 -0.602106
1.834148 -4.586300 29.170069 5.494274 0.121232 0.617706 -0.777008 0.951009 -0.296557 -0.087377 -0.284401 -0.728349 -0.623397
-0.275936 -7.316748 -5.893234 -6.862077 -0.148061 -0.414126 0.898097 0.965639 0.135585 0.221716 -0.213587 0.900065 0.379822
-0.175158 -10.164240 -9.438474 -160.383846 -0.083602 -0.393272 0.915613 0.988013 0.086942 0.127556 -0.129770 0.915302 0.381290
0.344894 -16.901428 -16.038358 -123.819799 -0.212982 0.421069 -0.881668 0.965901 0.226705 -0.125060 0.147220 -0.878240 -0.454996
0.611216 -17.734144 8.725626 -140.243227 -0.243837 0.454491 -0.856727 0.965553 0.196505 -0.170566 0.090831 -0.868806 -0.486750
0.357589 -15.299557 -20.528808 -151.130831 -0.240154 0.433675 -0.868477 0.950522 -0.076565 -0.301074 -0.197063 -0.897811 -0.393830
-0.214542 -16.418679 -22.555114 -193.794393 -0.203970 0.437481 -0.875789 0.978348 0.123162 -0.166333 0.035097 -0.890753 -0.453130
-0.965300 -3.434420 28.004541 12.747103 0.391092 0.680575 -0.619568 0.793328 0.091975 0.601807 0.466560 -0.726882 -0.503949
-1.714422 -3.855990 30.670515 25.709522 0.343563 0.651530 -0.676367 0.820091 0.142804 0.554128 0.457620 -0.745061 -0.485251
-7.943171 -124.552802 -206.749499 4284.535947 -0.148299 0.988492 -0.029849 -0.432378 -0.091954 -0.896991 0.889414 0.120117 -0.441039
-5.033099 -21.716460 -128.809340 875.719638 -0.106817 0.983153 0.148324 -0.644051 0.045233 -0.763644 0.757489 0.177098 -0.628369
-9.631871 -24.946660 62.583875 -689.160126 0.722180 -0.549418 -0.420234 0.689255 0.622682 0.370398 -0.058169 0.557142 -0.828377
