10471
20917
-8.262684 -10.786028 102.179487 110.659753 -0.147183 0.948430 0.280745 -0.124604 0.263796 -0.956496 0.981229 0.175762 -0.079352
-6.229365 -10.995491 -46.928361 230.627186 0.024802 0.888954 0.457324 -0.255331 0.447925 -0.856837 0.966536 0.095518 -0.238087
-7.074014 -9.079479 44.224691 127.336521 -0.131782 0.979539 0.152110 -0.286804 0.109209 -0.951744 0.948882 0.169048 -0.266544
-5.365385 -8.742160 -66.358666 202.518341 0.045458 0.939723 0.338902 -0.409607 0.326956 -0.851658 0.911129 0.100101 -0.399780
-7.004594 -10.125560 25.487745 88.859039 -0.233810 0.969772 -0.069824 -0.094442 -0.094127 -0.991070 0.967685 0.225128 -0.113595
-6.063432 -8.542387 -21.221417 90.478146 -0.316259 0.899085 -0.302699 -0.178317 -0.369727 -0.911869 0.931764 0.234410 -0.277252
-5.726094 -7.371233 11.854901 81.616016 -0.295974 0.895671 -0.331924 -0.294768 -0.416177 -0.860179 0.908577 0.156750 -0.387192
1.060817 -4.685042 36.340616 3.899042 0.044651 0.988472 -0.144672 -0.741870 -0.064178 -0.667466 0.669056 -0.137131 -0.730451
0.494988 -4.731057 30.411009 17.999443 -0.029955 0.978588 -0.203640 -0.714782 -0.163384 -0.679994 0.698705 -0.125188 -0.704371
0.378701 -4.504169 21.311671 5.336025 0.018265 0.985478 -0.168817 -0.780024 -0.091582 -0.619012 0.625483 -0.142987 -0.767024
0.574219 -4.626211 17.347197 -4.935850 0.048767 0.986670 -0.155252 -0.805661 -0.053016 -0.589999 0.590366 -0.153853 -0.792337
0.264778 -4.671752 5.887305 -11.340942 0.038116 0.987549 -0.152625 -0.839204 -0.051282 -0.541393 0.542479 -0.148719 -0.826801
0.158621 -4.409311 2.897242 -15.368220 0.033340 0.987891 -0.151525 -0.803962 -0.063558 -0.591275 0.593746 -0.141534 -0.792108
0.702820 -22.035661 32.748094 311.719091 0.021547 0.977255 0.210968 -0.508139 0.192434 -0.839502 0.861006 0.089112 -0.500728
0.391160 -24.945271 30.429521 417.196299 0.038229 0.972686 0.228954 -0.243464 0.231284 -0.941931 0.969156 0.019733 -0.245656
-0.148905 -26.868685 5.386848 470.170309 0.054279 0.970245 0.235964 -0.440487 0.235342 -0.866363 0.896117 0.056914 -0.440154
1.233640 -25.869663 49.538720 400.768291 0.030445 0.980153 0.195889 -0.361382 0.193516 -0.912115 0.931921 0.043022 -0.360102
0.626548 -21.275106 8.417175 171.239469 0.042618 0.974197 0.221639 -0.662356 0.193632 -0.723734 0.747976 0.115960 -0.653517
1.363006 -21.073494 38.558214 247.659812 0.028082 0.979855 0.197725 -0.649014 0.168313 -0.741924 0.760258 0.107492 -0.640666
1.021365 -7.999686 20.236714 17.325638 -0.024912 0.998586 -0.046958 -0.523960 0.026961 0.851316 -0.851378 -0.045811 -0.522548
0.475843 -7.869397 12.412553 5.005152 -0.033643 0.998304 -0.047505 -0.665424 0.013090 0.746351 -0.745707 -0.056720 -0.663855
0.472209 -8.076550 13.318452 8.883801 0.023590 0.994570 -0.101363 -0.591296 0.095636 0.800764 -0.806109 -0.041045 -0.590341
0.743597 -10.104227 -15.830785 -27.324531 0.044215 0.990214 -0.132366 -0.703925 0.124897 0.699207 -0.708897 -0.062260 -0.702559
0.687404 -11.391150 -25.231340 -45.818899 0.004274 0.994960 -0.100185 -0.566550 0.084964 0.819635 -0.824016 -0.053257 -0.564058
0.374679 -9.848342 -6.907160 -30.345280 0.024384 0.992242 -0.121904 -0.663411 0.107281 0.740525 -0.747858 -0.062816 -0.660880
0.245886 -21.384159 -23.466117 -286.403649 0.227165 0.954720 -0.192109 -0.293767 -0.120898 -0.948201 0.928492 -0.271834 -0.253002
0.050627 -23.219747 -17.094224 -25.391660 0.215312 0.952506 -0.215346 -0.582980 -0.051538 -0.810850 0.783438 -0.300128 -0.544195
-0.019006 -20.827201 -3.536136 -281.689547 0.217886 0.955877 -0.197039 -0.315219 -0.122146 -0.941125 0.923668 -0.267169 -0.274697
2.325157 -6.293554 -54.181490 27.321553 -0.035389 0.985409 -0.166484 -0.749624 0.083996 0.656513 -0.660917 -0.148034 -0.735713
3.110971 -6.560848 -43.377666 21.770781 0.000133 0.992031 -0.125992 -0.823067 0.071665 0.563404 -0.567944 -0.103625 -0.816518
2.829654 -6.311156 -14.707263 18.032624 0.004484 0.996332 -0.085457 -0.745976 0.060245 0.663242 -0.665958 -0.060775 -0.743510
1.971975 -5.829476 -65.973645 20.147115 -0.044394 0.981274 -0.187431 -0.657414 0.112573 0.745073 -0.752221 -0.156297 -0.640106
1.154407 -5.987062 -56.720140 31.720818 -0.047981 0.973603 -0.223150 -0.691963 0.128715 0.710366 -0.720336 -0.188495 -0.667521
2.578210 -5.936938 -42.184611 14.767920 -0.029136 0.992416 -0.119422 -0.660870 0.070510 0.747181 -0.749935 -0.100692 -0.653803
0.852421 -17.585919 -9.423706 52.450375 -0.037505 0.979693 0.196962 -0.963835 -0.087506 0.251722 -0.263846 0.180398 -0.947545
0.551092 -17.765246 -3.949586 58.508748 -0.027273 0.982553 0.183975 -0.953577 -0.080789 0.290111 -0.299912 0.167522 -0.939143
0.819569 -18.697287 -5.207331 -101.895991 -0.017783 0.979720 0.199580 0.999332 0.023790 -0.027742 -0.031928 0.198953 -0.979489
1.182222 -19.807675 -24.066120 -83.526202 -0.027178 0.979702 0.198607 0.994211 0.047153 -0.096544 -0.103950 0.194834 -0.975312
0.880766 -20.065475 -20.052741 69.860421 0.007151 0.977313 0.211682 -0.977919 0.051049 -0.202652 0.208861 0.205558 -0.956098
-0.314175 -6.971048 6.760375 31.065771 -0.066721 0.996088 -0.057946 -0.954852 -0.080593 -0.285940 0.289492 -0.036251 -0.956494
-0.237130 -6.824326 -1.932582 5.324519 -0.062351 0.996393 -0.057569 -0.970546 -0.073980 -0.229274 0.232706 -0.041578 -0.971658
-0.168104 -7.127603 15.972186 24.452012 -0.064851 0.996942 -0.043597 -0.945954 -0.075328 -0.315431 0.317750 -0.020785 -0.947947
-0.425873 -7.248697 13.520607 30.011597 -0.069863 0.996491 -0.046096 -0.903701 -0.082790 -0.420083 0.422425 -0.012309 -0.906314
-0.225534 -7.324015 27.814557 8.759701 -0.092957 0.994847 -0.040478 -0.872695 -0.100980 -0.477710 0.479336 0.009081 -0.877584
-0.043038 -7.529295 15.626101 11.058728 -0.060803 0.997191 -0.043747 -0.925133 -0.072756 -0.372606 0.374742 -0.017816 -0.926958
-0.186701 -7.375342 10.946413 2.362561 -0.027879 0.998822 -0.039711 -0.968305 -0.036849 -0.247039 0.248211 -0.031565 -0.968192
-0.492978 -31.678504 12.774710 -277.563836 -0.359269 0.921993 0.144410 -0.589419 -0.104205 -0.801079 0.723541 0.372921 -0.580877
-0.712903 -32.429559 -13.141398 -174.338894 -0.352762 0.926113 0.133693 -0.613900 -0.121236 -0.780018 0.706177 0.357235 -0.611308
-0.460391 -29.575674 -7.858025 -385.827732 -0.350712 0.924536 0.149110 -0.308999 0.036063 -0.950379 0.884037 0.379384 -0.273033
-0.298135 -30.620377 -8.133128 -112.631238 -0.356195 0.925142 0.131291 -0.545120 -0.091618 -0.833337 0.758927 0.368400 -0.536947
-0.800947 -30.380999 3.623490 117.585236 -0.362137 0.922104 0.136311 -0.779301 -0.219276 -0.587033 0.511416 0.318814 -0.798005
-0.209748 -28.570037 -1.024050 -352.906802 -0.357564 0.921711 0.150322 -0.298936 0.039531 -0.953454 0.884752 0.385857 -0.261397
-1.078203 -33.783288 62.773710 703.555567 -0.549797 0.834935 -0.024627 -0.680049 -0.464536 -0.567221 0.485033 0.295108 -0.823197
0.524661 -41.909198 -41.175222 1024.694285 -0.526708 0.846755 -0.074729 -0.584273 -0.424480 -0.691695 0.617417 0.320659 -0.718313
0.647123 -31.734440 8.506825 372.224501 -0.533554 0.841678 -0.083052 -0.418268 -0.347939 -0.839041 0.735100 0.412936 -0.537692
0.070306 -29.594819 -2.213222 294.888296 -0.414621 0.907341 0.069439 -0.853910 -0.361558 -0.374317 0.314527 0.214494 -0.924697
-1.733626 -21.668631 107.318185 28.721001 -0.530712 0.847241 0.022951 -0.590149 -0.349962 -0.727496 0.608333 0.399636 -0.685728
-0.659848 -20.031414 76.553895 42.180988 -0.418794 0.896908 0.142009 -0.854377 -0.336197 -0.396246 0.307653 0.287275 -0.907096
0.129745 -25.353986 46.033457 -14.416320 -0.348212 0.929193 0.123890 0.919161 0.312481 0.239791 0.184099 0.197373 -0.962887
0.078437 -8.913951 90.144744 106.062916 -0.263498 0.878559 -0.398375 -0.731200 -0.451268 -0.511569 0.629218 -0.156494 -0.761311
5.316092 -10.239622 260.068906 102.039275 -0.411193 0.769046 -0.489376 -0.684069 -0.615167 -0.391942 0.602470 -0.173603 -0.779033
0.540477 -10.335779 83.645130 -22.575963 -0.339587 0.817259 -0.465584 -0.551546 -0.573987 -0.605257 0.761891 -0.051254 -0.645674
-1.128626 -9.514705 66.790531 -13.806358 -0.302116 0.854814 -0.421923 -0.530022 -0.518513 -0.670986 0.792340 -0.020913 -0.609721
0.754239 -5.494371 -18.983705 -22.082584 -0.566696 0.124740 0.814430 0.054289 0.991978 -0.114158 -0.822137 -0.020478 -0.568922
1.405385 -5.908186 -5.171070 -95.841789 -0.546817 0.277285 0.790003 0.075771 0.956083 -0.283131 -0.833817 -0.094962 -0.543812
2.147671 -4.869498 -36.431893 -82.548786 -0.584061 -0.014204 0.811586 -0.148427 0.984858 -0.089580 -0.798024 -0.172781 -0.577325
2.715342 -6.036373 87.393029 13.902704 0.150294 0.212895 0.965447 -0.413331 0.900629 -0.134257 -0.898092 -0.378871 0.223355
2.591090 -6.194773 121.987120 19.214539 0.171770 0.285029 0.943002 -0.493933 0.853136 -0.167896 -0.852364 -0.436941 0.287328
3.811805 -6.404705 -35.753005 -5.977182 0.057384 0.071011 0.995823 -0.521130 0.852922 -0.030791 -0.851546 -0.517186 0.085951
-2.155055 -45.285568 113.544364 -1172.259234 0.825341 0.028014 -0.563939 -0.564139 -0.000940 -0.825680 0.023661 -0.999607 -0.015028
0.893882 -100.110931 56.574767 -3777.214039 0.833984 0.011529 -0.551668 -0.539400 0.227702 -0.810679 -0.116269 -0.973663 -0.196119
0.920375 -53.944474 113.092896 -1660.456178 0.849720 0.027597 -0.526512 -0.524734 -0.052880 -0.849622 0.051288 -0.998219 0.030452
0.301764 -79.184575 15.402071 -3337.356713 0.817213 -0.003568 -0.576325 -0.573329 -0.107055 -0.812301 0.058800 -0.994247 0.089532
1.199384 -21.201420 60.755703 140.101016 0.869832 0.057879 -0.489941 -0.466299 -0.227862 -0.854777 0.161113 -0.971972 0.171213
-0.319723 -26.469790 84.028642 294.579135 0.894322 0.084251 -0.439420 -0.416762 -0.200448 -0.886640 0.162781 -0.976075 0.144152
2.593178 -1.477558 -7.101990 8.701355 0.105319 0.107177 -0.988646 -0.164716 0.982323 0.088945 0.980702 0.153478 0.121111
1.228028 -1.309229 -25.936851 2.094478 0.152583 0.049183 -0.987066 -0.186842 0.982185 0.020058 0.970468 0.181365 0.159054
1.566731 -1.672491 49.851734 -0.188585 -0.022497 0.279797 -0.959796 -0.206180 0.938102 0.278306 0.978255 0.204152 0.036584
2.916060 -1.675825 90.162187 4.726236 0.002437 0.141574 -0.989925 -0.153601 0.978233 0.139524 0.988130 0.151713 0.024130
2.826986 -1.740993 -50.727553 9.924395 0.179053 0.061714 -0.981902 -0.136546 0.989931 0.037319 0.974318 0.127393 0.185677
-4.951956 -9.176965 -0.800876 27.210991 0.870176 -0.283279 0.403170 -0.491837 -0.548872 0.675896 -0.029821 0.786443 0.616942
-4.992639 -8.884177 -11.775569 11.697208 0.900035 -0.281844 0.332417 -0.431660 -0.681603 0.590835 -0.060053 0.675263 0.735128
-5.207252 -9.582225 -37.068616 38.284483 0.869942 -0.348427 0.348997 -0.491457 -0.553869 0.672086 0.040874 0.756192 0.653071
-5.018243 -9.921123 -26.624781 44.060975 0.843455 -0.323370 0.428971 -0.532111 -0.393259 0.749803 0.073767 0.860685 0.503765
-1.976199 -13.612796 33.733043 127.330919 0.245149 -0.523945 0.815711 0.804515 -0.359555 -0.472733 0.540978 0.772141 0.333377
-2.860671 -12.883977 55.786514 106.125010 0.171365 -0.469707 0.866031 0.845928 -0.380440 -0.373725 0.505014 0.796644 0.332144
-3.140756 -14.289441 44.077404 62.911696 0.218469 -0.492979 0.842166 0.916657 -0.192312 -0.350366 0.334682 0.848521 0.409878
-3.803144 -13.814141 42.774086 72.907178 0.170363 -0.415393 0.893546 0.926352 -0.241625 -0.288945 0.335929 0.876964 0.343636
-2.594244 -14.981787 28.532733 50.082751 0.291859 -0.545331 0.785768 0.908690 -0.098295 -0.405734 0.298496 0.832437 0.466849
-3.571790 -14.761292 27.383830 14.857260 0.250977 -0.510733 0.822291 0.962030 0.037457 -0.270362 0.107282 0.858923 0.500741
-3.947983 -14.389039 24.964259 4.641736 0.199923 -0.435188 0.877862 0.973392 -0.014176 -0.228707 0.111975 0.900228 0.420774
3.008890 -14.989347 -116.703504 58.981125 -0.432413 -0.368644 0.822873 0.900095 -0.122470 0.418127 -0.053363 0.921468 0.384772
6.955125 -15.260013 -299.574056 -18.125838 -0.617168 -0.372676 0.692976 0.772311 -0.118502 0.624094 -0.150466 0.920364 0.360957
1.405060 -14.893840 -88.577948 -207.238224 -0.488132 -0.403129 0.774089 0.783423 0.188534 0.592202 -0.384676 0.895512 0.223791
9.521094 -15.821381 -394.727673 228.439429 -0.542881 -0.337697 0.768922 0.830607 -0.351078 0.432245 0.123983 0.873330 0.471087
-0.164031 -14.960719 -28.503411 -212.580179 -0.348709 -0.368199 0.861877 0.860223 0.239310 0.450275 -0.372046 0.898421 0.233284
-0.424523 -7.004138 -11.668338 -49.391788 -0.240047 0.911888 -0.332924 -0.805853 -0.378406 -0.455422 0.541274 -0.158965 -0.825683
-0.112653 -6.428501 0.462723 -27.289135 -0.249716 0.906826 -0.339572 -0.728042 -0.407041 -0.551609 0.638433 -0.109478 -0.761852
-0.152478 -6.305262 -13.958569 -32.904444 -0.263729 0.898284 -0.351472 -0.749075 -0.420290 -0.512096 0.607728 -0.128224 -0.783725
4.950077 -13.552414 -24.664573 -134.091359 -0.017033 0.966425 -0.256385 -0.042700 0.255485 0.965870 -0.998943 -0.027399 -0.036914
4.486029 -12.885314 -9.470922 -146.362340 -0.102618 0.967966 -0.229152 -0.023452 0.227950 0.973390 -0.994444 -0.105261 0.000691
4.128035 -11.762504 -28.961073 -75.345931 -0.072000 0.960117 -0.270169 -0.210208 0.250181 0.945104 -0.975002 -0.124839 -0.183811
4.541193 -13.232045 5.358203 -100.689169 0.068153 0.954073 -0.291718 -0.265972 0.299191 0.916375 -0.961569 -0.015135 -0.274148
-1.689607 -14.811242 22.110080 31.363310 0.150832 0.988414 -0.016979 -0.701831 0.119163 0.702306 -0.696192 0.094014 -0.711673
-2.070260 -13.552252 14.628760 38.072851 0.124468 0.991723 -0.031517 -0.522078 0.092469 0.847871 -0.843767 0.089078 -0.529266
-1.743086 -13.921185 20.666802 27.700239 0.182573 0.982485 -0.037290 -0.504119 0.126107 0.854377 -0.844115 0.137188 -0.518313
-0.941427 -15.697957 27.282447 55.116648 0.175023 0.984485 -0.012510 -0.828180 0.154082 0.538866 -0.532433 0.083953 -0.842298
-1.533586 -15.748177 17.824771 47.227082 0.132095 0.990869 -0.027020 -0.841796 0.126532 0.524756 -0.523383 0.046572 -0.850824
-1.928185 -15.443331 13.329046 59.993326 0.095671 0.994729 -0.036910 -0.798381 0.098826 0.593988 -0.594504 0.027359 -0.803627
-1.044967 -14.889036 27.343493 38.864346 0.202235 0.978902 -0.029202 -0.684968 0.162696 0.710175 -0.699943 0.123620 -0.703419
-0.135875 -28.372384 -61.073776 -640.941134 0.638017 -0.392516 0.662469 0.380974 -0.586740 -0.714559 -0.669173 -0.708285 0.224811
2.508259 -34.939965 -141.533727 -924.506601 0.606898 -0.394880 0.689742 0.464195 -0.528327 -0.710910 -0.645134 -0.751625 0.137339
1.366152 -30.471073 -108.230108 -507.565771 0.615202 -0.384303 0.688359 0.602285 -0.334299 -0.724912 -0.508703 -0.860555 -0.025798
-1.112409 -9.340588 -9.229376 -29.500666 -0.333617 0.934270 -0.125852 0.450289 0.040640 -0.891958 0.828215 0.354242 0.434250
-0.951368 -9.734918 -10.664262 -34.201293 -0.308845 0.939818 -0.146138 0.389102 -0.015355 -0.921067 0.867879 0.341329 0.360943
-1.134278 -9.362770 -1.654197 5.856770 -0.328295 0.929197 -0.169751 0.263683 -0.082414 -0.961082 0.907025 0.360279 0.217958
-1.210948 -9.085058 5.127679 3.655027 -0.352704 0.925291 -0.139412 0.369727 0.000941 -0.929140 0.859594 0.379256 0.342437
-1.028894 -8.820525 3.794418 -27.442433 -0.366296 0.924800 -0.102824 0.547681 0.124942 -0.827306 0.752245 0.359354 0.552261
-31.367530 -49.463952 -1017.640827 1169.723695 -0.016227 -0.603343 0.797316 0.787747 -0.498819 -0.361433 0.615785 0.622219 0.483377
-16.020297 -101.240190 -52.504555 4261.667986 0.598474 -0.694339 0.399653 0.713001 0.234145 -0.660913 0.365321 0.680492 0.635194
-168.856263 -190.722766 6818.651019 7699.605292 0.052348 0.948581 -0.312175 0.629821 -0.273953 -0.726825 0.774974 0.158566 0.611778
-96.452589 -329.320381 4760.393974 18388.440739 0.548262 -0.405436 -0.731458 0.110343 0.902051 -0.417287 0.828996 0.148071 0.539297
-115.907352 -784.785626 464.092229 29738.970270 -0.459685 -0.823441 -0.332616 0.709786 -0.115553 -0.694876 0.533754 -0.555511 0.637585
-114.370567 -211.522433 -4242.410024 8584.789645 -0.081242 0.812165 0.577743 0.808125 0.392960 -0.438767 0.583382 -0.431242 0.688256
-1.730014 -51.265998 -225.681987 1961.907031 0.226137 0.879464 -0.418813 -0.602211 -0.211719 -0.769751 0.765639 -0.426283 -0.481746
-4.263695 -53.262013 -38.914695 2035.815586 0.132725 0.944003 -0.302062 -0.698636 -0.127072 -0.704102 0.703059 -0.304483 -0.642650
-1.753319 -93.010638 -147.960279 4170.902128 0.206759 0.910314 -0.358580 -0.329548 -0.280287 -0.901575 0.921221 -0.304578 -0.242041
-0.409508 -68.364603 -124.507061 2252.341704 0.223228 0.862268 -0.454601 -0.172734 -0.423997 -0.889039 0.959339 -0.276984 -0.054295
1.440417 -69.825441 -213.688886 2568.029883 0.192011 0.869000 -0.456037 -0.483533 -0.320597 -0.814502 0.854007 -0.376903 -0.358632
-1.101942 -38.839415 -233.469309 850.064214 0.096212 0.845158 -0.525787 -0.786146 -0.259473 -0.560935 0.610506 -0.467314 -0.639453
0.100309 -5.232997 -0.747025 -54.464593 -0.016571 0.999244 -0.035178 0.506334 -0.021952 -0.862058 0.862178 0.032097 0.505587
0.206912 -4.556770 -21.976074 -61.761444 -0.026345 0.999578 0.012232 0.562149 0.024932 -0.826660 0.826616 0.014902 0.562569
0.403553 -3.950394 10.734039 -72.645485 -0.018489 0.999099 -0.038200 0.595694 -0.019677 -0.802971 0.802999 0.037601 0.594793
0.727780 -7.252766 -122.478183 -21.858853 0.298956 0.397101 0.867719 -0.563327 0.807399 -0.175413 -0.770252 -0.436369 0.465074
-1.868576 -7.922619 -51.363925 -64.250926 0.428848 0.186119 0.883996 -0.353173 0.935209 -0.025568 -0.831480 -0.301239 0.466794
-0.384324 -6.748529 -90.672959 -37.784137 0.302280 0.423714 0.853870 -0.461447 0.848864 -0.257872 -0.834083 -0.316066 0.452116
-1.089674 -7.925654 -64.226233 -68.641736 0.450534 0.152165 0.879696 -0.438971 0.895780 0.069871 -0.777382 -0.417641 0.470376
-2.271828 -5.511916 2.790575 39.152039 -0.199864 0.961568 -0.188261 0.666981 0.274266 0.692759 -0.717768 -0.012891 0.696163
-1.698220 -4.753577 13.332066 36.994090 -0.092217 0.987877 -0.124877 0.761538 0.150770 0.630340 -0.641526 0.036971 0.766210
-2.082178 -5.401334 13.134181 31.466162 -0.046625 0.992468 -0.113283 0.684310 0.114350 0.720169 -0.727699 0.043942 0.684488
-2.092626 -4.959725 14.296516 42.225396 -0.242760 0.948555 -0.203250 0.721736 0.316600 0.615517 -0.648201 -0.002730 0.761465
-2.502479 -5.923895 -1.302493 27.746602 -0.169887 0.966789 -0.190939 0.591907 0.255019 0.764599 -0.787899 -0.016877 0.615573
-2.760843 -6.240395 -5.351910 26.872321 -0.279590 0.924983 -0.257363 0.531350 0.372331 0.760945 -0.799685 -0.076003 0.595589
-2.661748 -5.897816 7.798779 39.594413 -0.332588 0.903515 -0.270269 0.597487 0.423603 0.680859 -0.729654 -0.064964 0.680724
1.464663 -18.298950 -32.355361 9.214103 0.222192 -0.964418 0.143280 0.973069 0.228595 0.029679 -0.061376 0.132827 0.989237
0.732215 -17.319865 43.841487 10.107276 -0.056221 0.992010 -0.112941 0.900621 0.099216 0.423129 -0.430954 0.077928 0.899003
0.823495 -12.999764 -21.183221 17.282678 -0.154637 0.984475 -0.083047 0.955031 0.170477 0.242596 -0.252987 0.041799 0.966566
1.153068 -14.857134 59.257131 4.165616 0.270530 -0.959316 0.080783 0.961775 0.273014 0.021264 -0.042454 0.071943 0.996505
0.220899 -10.039026 -43.093525 -63.948674 -0.264624 0.960953 -0.080894 0.928071 0.276564 0.249391 -0.262025 0.009080 0.965018
0.973152 -20.978901 80.119710 -38.366065 0.956578 0.087266 0.278107 0.260879 0.169225 -0.950423 0.130002 -0.981706 -0.139111
-0.956667 -27.812271 98.879986 -390.818434 0.970964 0.140423 0.193673 0.145280 0.297068 -0.943739 0.190057 -0.944474 -0.268042
1.337799 -20.980327 84.381016 -329.592156 0.968343 0.115673 0.221206 0.159790 0.393574 -0.905299 0.191780 -0.911986 -0.362631
-6.665174 -10.223525 -28.459888 23.443314 -0.002136 0.957404 0.288742 -0.044182 0.288371 -0.956499 0.999021 0.014800 -0.041684
-3.808774 -9.889338 -251.791109 -42.420418 0.192622 0.914000 0.357072 -0.044615 0.371668 -0.927293 0.980258 -0.162686 -0.112370
-3.046200 -10.363975 -189.089962 212.326878 0.156709 0.932728 0.324747 -0.320395 0.359037 -0.876607 0.934232 -0.033325 -0.355105
-0.153216 -4.314124 -2.361820 41.263248 -0.097204 0.949527 -0.298245 -0.633519 -0.290146 -0.717265 0.767597 -0.119223 -0.629747
-0.183085 -3.807191 -13.021909 26.118065 -0.036236 0.969498 -0.242405 -0.693778 -0.198990 -0.692152 0.719276 -0.143095 -0.679828
-0.142974 -4.286865 2.018794 23.446406 -0.061108 0.965715 -0.252310 -0.687167 -0.224042 -0.691091 0.723925 -0.131148 -0.677298
0.046412 -4.614596 17.916271 24.272928 -0.070925 0.965830 -0.249284 -0.680041 -0.229651 -0.696279 0.729735 -0.120140 -0.673092
0.129887 -4.821522 19.028006 26.312390 -0.109558 0.952927 -0.282714 -0.603350 -0.289788 -0.742961 0.789915 -0.089178 -0.606697
0.808860 -27.697112 39.270563 201.573211 0.034065 0.977234 0.209412 0.034698 0.208250 -0.977460 0.998817 -0.040564 0.026814
0.004080 -8.015544 10.313442 -30.251813 0.094425 0.982225 -0.162231 -0.633046 0.185010 0.751681 -0.768333 -0.031723 -0.639263
0.051449 -7.735695 -0.836346 -14.649654 0.060135 0.986560 -0.151931 -0.664508 0.153144 0.731421 -0.744858 -0.056975 -0.664786
-0.166611 -7.575505 1.504480 -21.822020 0.066737 0.986159 -0.151775 -0.754347 0.149433 0.639243 -0.653075 -0.071830 -0.753879
-0.038010 -7.616912 -4.679565 -23.850771 0.032651 0.990185 -0.135898 -0.775226 0.110912 0.621871 -0.630839 -0.085047 -0.771238
-0.101493 -7.457042 10.136185 -20.063803 0.095984 0.982426 -0.160084 -0.738406 0.178125 0.650406 -0.667490 -0.055779 -0.742526
-0.277383 -7.050288 16.011454 1.231074 0.070269 0.988517 -0.133777 -0.831327 0.132153 0.539844 -0.551324 -0.073278 -0.831067
-0.333306 -7.318327 -0.200263 -11.527938 0.038028 0.990884 -0.129243 -0.845681 0.100813 0.524081 -0.532333 -0.089368 -0.841805
-0.780229 -11.856505 -14.716435 -27.232711 -0.002384 0.998007 -0.063056 -0.127613 0.062237 0.989869 -0.991821 -0.010407 -0.127211
-0.626194 -11.860552 -31.165052 -70.257178 -0.016788 0.995968 -0.088128 -0.331389 0.077616 0.940296 -0.943345 -0.044990 -0.328750
-0.396634 -12.522373 -18.471708 -32.845223 -0.014836 0.998185 -0.058374 -0.122171 0.056133 0.990920 -0.992398 -0.021833 -0.121116
-0.834035 -11.294947 -2.170805 -71.477220 0.025771 0.996165 -0.083609 -0.294628 0.087490 0.951599 -0.955265 -0.000110 -0.295753
-0.656650 -12.270976 -26.177907 39.888060 -0.025077 0.999011 -0.036715 0.094089 0.038922 0.994803 -0.995248 -0.021492 0.094972
-0.840726 -11.459974 10.823667 -38.965106 0.047898 0.996632 -0.066567 -0.156481 0.073308 0.984957 -0.986519 0.036760 -0.159465
-0.862666 -11.759625 -0.073312 28.974444 0.022928 0.999070 -0.036516 0.066800 0.034913 0.997155 -0.997503 0.025302 0.065938
2.872263 -17.036856 14.373142 139.859782 0.328037 0.938795 -0.105142 0.841799 -0.341008 -0.418435 0.428679 -0.048754 0.902140
2.039843 -17.167361 37.521478 -14.212952 0.298355 0.939908 -0.166004 0.923615 -0.328170 -0.198092 0.240666 0.094222 0.966024
2.267787 -16.522034 40.263128 175.505778 0.276157 0.942826 -0.186590 0.797276 -0.333142 -0.503357 0.536739 0.009758 0.843692
1.114332 -17.050576 66.344612 9.130918 0.238656 0.941613 -0.237504 0.923413 -0.295746 -0.244628 0.300586 0.160933 0.940079
2.682144 -15.150099 8.048497 231.594555 0.327088 0.938867 -0.107432 0.671947 -0.311007 -0.672132 0.664455 -0.147658 0.732596
1.019400 -16.531515 52.935998 136.126331 0.209903 0.950472 -0.229225 0.827073 -0.297646 -0.476820 0.521432 0.089500 0.848586
1.726562 -14.603398 56.349189 218.539421 0.229912 0.946435 -0.226716 0.674431 -0.322893 -0.663990 0.701629 0.000245 0.712543
2.455495 -13.745109 27.478976 224.521767 0.277350 0.942887 -0.184503 0.650247 -0.325588 -0.686419 0.707288 -0.070405 0.703411
1.396656 -10.210906 -24.656257 -94.498121 0.105382 0.985472 -0.133188 -0.847398 0.159080 0.506567 -0.520395 -0.059481 -0.851851
1.325935 -9.859332 -9.301412 -120.239938 0.172403 0.973199 -0.152190 -0.911791 0.216129 0.349178 -0.372712 -0.078566 -0.924615
1.489435 -11.096772 4.518068 -49.069023 0.138372 0.984255 -0.109975 -0.825099 0.175985 0.536880 -0.547781 -0.016451 -0.836460
0.987274 -9.121322 -28.835338 -104.773803 0.126610 0.976719 -0.173176 -0.896348 0.187429 0.401785 -0.424889 -0.104356 -0.899210
1.463778 -11.499703 -23.998268 -1.083804 0.068721 0.991587 -0.109689 -0.710603 0.125824 0.692251 -0.700229 -0.030373 -0.713272
2.983501 -6.758405 0.711982 6.000422 0.051796 0.996661 -0.063117 -0.880236 0.075415 0.468505 -0.471701 -0.031291 -0.881203
2.696217 -6.687640 -48.083487 -3.163738 -0.014699 0.988690 -0.149252 -0.904645 0.050432 0.423172 -0.425913 -0.141241 -0.893672
1.970079 -6.663072 -50.441555 -13.419781 -0.037296 0.984617 -0.170698 -0.946350 0.020067 0.322518 -0.320983 -0.173569 -0.931045
2.524904 -6.576504 -38.252952 -7.081593 0.002168 0.989865 -0.141994 -0.958949 0.042324 0.280402 -0.283570 -0.135557 -0.949322
3.190860 -6.691645 -33.091740 -10.402662 0.032978 0.994089 -0.103437 -0.935966 0.067016 0.345653 -0.350542 -0.085415 -0.932644
0.605193 -18.112748 -14.553131 -94.050300 -0.064551 0.976519 0.205534 -0.876246 -0.154023 0.456585 -0.477521 0.150625 -0.865613
0.262885 -17.459309 0.045836 -8.575088 -0.038319 0.980190 0.194317 -0.834826 -0.138274 0.532865 -0.549178 0.141802 -0.823587
-0.908559 -37.088923 -26.801632 -602.438200 -0.363762 0.920084 0.145334 -0.433848 -0.029283 -0.900510 0.824289 0.390624 -0.409829
-0.661437 -30.042554 -22.493660 -460.798089 -0.366809 0.920858 0.132180 -0.282981 0.024905 -0.958802 0.886213 0.389102 -0.251450
2.031907 -3.691792 94.693931 22.173876 -0.325466 0.204885 -0.923089 -0.349306 0.881133 0.318732 0.878668 0.426177 -0.215211
1.653880 -3.215747 37.475576 1.331236 -0.221440 0.027772 -0.974778 -0.475151 0.869837 0.132722 0.851584 0.492557 -0.179421
0.404972 -2.659563 102.519557 -0.851006 -0.270936 -0.009754 -0.962548 -0.452180 0.884044 0.118320 0.849781 0.467302 -0.243929
2.968006 -101.982510 -60.535599 4051.138366 -0.513198 0.833749 -0.203692 -0.229738 -0.362114 -0.903379 0.826951 0.416817 -0.377380
0.281532 -43.570772 -21.038546 942.888383 -0.510511 0.858245 -0.052868 -0.514577 -0.354189 -0.780872 0.688904 0.371438 -0.622450
-0.550894 -37.012728 -18.359234 155.735933 -0.455475 0.888846 0.049959 -0.778501 -0.370453 -0.506656 0.431831 0.269662 -0.860700
5.762415 -8.079506 306.479888 179.394083 -0.337063 0.844157 -0.416879 -0.801189 -0.489732 -0.343888 0.494454 -0.218087 -0.841400
7.677667 -76.743211 -143.658035 1494.257441 -0.218833 0.975621 0.016615 -0.435525 -0.082423 -0.896395 0.873172 0.203397 -0.442945
6.866952 -93.336732 121.887670 -3193.319147 -0.295078 0.955421 0.009973 0.217485 0.077326 -0.972996 0.930392 0.284941 0.230607
7.501370 -87.948347 -144.806964 -2826.356041 -0.378964 0.923145 0.064722 0.076713 0.101036 -0.991921 0.922226 0.370937 0.109106
9.251457 -77.937641 -52.367839 2637.861300 -0.449132 0.888702 0.092138 -0.536320 -0.185684 -0.823336 0.714592 0.419202 -0.560025
7.965576 -49.523182 30.123602 17.098824 -0.552233 0.809219 0.200506 -0.238078 0.077416 -0.968156 0.798973 0.582384 -0.149906
4.655525 -43.039856 -39.189368 -1281.725873 -0.381979 0.915218 0.128329 0.520156 0.327685 -0.788708 0.763891 0.234519 0.601224
9.866046 -120.101581 355.661206 -4819.447983 -0.536933 0.811913 0.229129 0.247675 0.411342 -0.877186 0.806449 0.414241 0.421954
-3.329263 -100.665294 75.683835 -3771.282444 0.807840 -0.005357 -0.589377 -0.565325 0.275843 -0.777379 -0.166740 -0.961188 -0.219808
1.013514 -1.599212 -2.110560 -11.623343 0.006686 0.377937 -0.925807 -0.243051 0.898678 0.365107 0.969990 0.222577 0.097867
-7.318493 -9.429338 -48.682224 -26.964998 0.494538 0.811424 0.311484 -0.237929 -0.218299 0.946433 -0.835955 0.542159 -0.085104
-6.677181 -9.424181 -34.594323 -26.243180 0.370368 0.869312 0.327297 -0.262010 -0.240278 0.934675 -0.891167 0.431929 -0.138777
-7.314309 -9.617848 -51.530820 -14.083398 0.467719 0.843641 0.263647 -0.062383 -0.266033 0.961943 -0.881673 0.466366 0.071800
-7.064648 -9.163484 -43.569519 -14.408913 0.446941 0.809797 0.380096 -0.405731 -0.195177 0.892910 -0.797262 0.553295 -0.241327
-8.110061 -9.640839 -45.616369 -8.727705 0.612528 0.764154 0.202183 -0.092326 -0.184867 0.978417 -0.785038 0.617975 0.042685
-7.988401 -9.417149 -42.725457 -21.703761 0.616331 0.739664 0.270249 -0.283588 -0.111681 0.952421 -0.734652 0.663645 -0.140928
-2.170392 -11.285156 -63.535422 -159.537223 -0.138938 0.449512 -0.882403 -0.711637 0.574328 0.404623 0.688672 0.684168 0.240094
-3.445053 -12.207228 70.431845 134.893951 0.118264 -0.392037 0.912316 0.828042 -0.468153 -0.308512 0.548051 0.791922 0.269257
3.916346 -13.399092 -195.146405 -226.622194 -0.627867 -0.434004 0.646083 0.646790 0.170810 0.743295 -0.432951 0.884570 0.173463
10.381837 -14.608340 386.377531 -85.788174 0.698890 0.483362 -0.527175 0.645416 -0.108600 0.756071 -0.308205 0.868658 0.387870
15.955326 -16.507453 -586.086685 174.529916 -0.661586 -0.411150 0.627104 0.749867 -0.360910 0.554475 -0.001645 0.837078 0.547081
-0.026649 -5.988783 -9.896791 -9.663898 -0.272206 0.892422 -0.359843 -0.635811 -0.447509 -0.628872 0.722252 -0.057609 -0.689226
0.360855 -6.258094 39.751568 -21.191881 -0.271125 0.901633 -0.336970 -0.652151 -0.429555 -0.624645 0.707948 -0.050399 -0.704464
0.039593 -5.879283 7.342264 -9.710002 -0.286689 0.888421 -0.358494 -0.581799 -0.458750 -0.671609 0.761130 -0.016029 -0.648401
-0.024059 -5.962495 -12.530779 8.270479 -0.278742 0.889904 -0.361073 -0.551692 -0.456125 -0.698274 0.786091 -0.004563 -0.618094
3.879031 -12.410713 -26.564306 -132.782931 -0.223054 0.955405 -0.193514 0.015823 0.202038 0.979250 -0.974678 -0.215363 0.060183
4.469955 -13.482203 5.181886 -93.220001 -0.126721 0.969550 -0.209556 0.219973 0.233466 0.947157 -0.967240 -0.073928 0.242860
4.048539 -13.055505 -25.029726 -90.025724 -0.222184 0.959310 -0.174235 0.245723 0.228028 0.942138 -0.943533 -0.166514 0.286389
3.485236 -12.694495 -27.764511 -78.025703 -0.289547 0.945181 -0.150983 0.168775 0.205684 0.963955 -0.942166 -0.253628 0.219078
3.350021 -12.058734 -37.840899 -59.465026 -0.304155 0.938324 -0.164431 -0.039612 0.160002 0.986322 -0.951799 -0.306508 0.011496
3.249325 -11.264509 -36.356529 -7.293296 -0.272576 0.942397 -0.193881 -0.129710 0.163679 0.977949 -0.953351 -0.291714 -0.077624
-2.508789 -13.221709 3.257809 49.480499 0.096380 0.994296 -0.045676 -0.303934 0.073097 0.949885 -0.947805 0.077668 -0.309246
-2.192742 -12.890990 8.716089 39.688623 0.143194 0.988367 -0.051242 -0.361012 0.100371 0.927144 -0.921502 0.114263 -0.371185
2.296697 -17.965219 35.550896 350.873762 0.194886 0.962464 -0.188900 -0.297901 -0.125411 -0.946323 0.934491 -0.240698 -0.262279
2.662473 -20.058210 9.084130 314.106308 0.269111 0.937454 -0.220817 -0.213790 -0.165409 -0.962774 0.939081 -0.306301 -0.155905
1.908700 -19.934925 36.821281 97.090942 0.191420 0.958720 -0.210271 0.031450 -0.220114 -0.974967 0.981004 -0.180015 0.072286
5.160407 -4.334993 -141.899182 34.543996 -0.033818 -0.052380 0.998054 0.769459 -0.638652 -0.007445 0.637800 0.767711 0.061902
4.541893 -3.592283 -15.645418 -19.026743 -0.180917 -0.106836 0.977678 0.732654 -0.677817 0.061507 0.656116 0.727427 0.200903
6.444980 -3.275355 -33.673052 -3.637770 -0.116038 -0.214893 0.969720 0.788962 -0.613043 -0.041444 0.603385 0.760263 0.240678
0.384461 -28.544827 -60.030071 815.723934 0.624253 -0.424702 0.655695 -0.184097 0.735709 0.651798 -0.759221 -0.527598 0.381083
-32.872635 -59.473925 -976.697156 -1736.853632 -0.351188 -0.509520 0.785530 0.933823 -0.251648 0.254259 0.068127 0.822838 0.564177
-21.573673 -71.814283 -472.573974 -1937.038306 0.028226 -0.723104 0.690163 0.970998 0.183820 0.152882 -0.237415 0.665831 0.707321
-2.639717 -5.706651 -20.629897 -37.341205 -0.360444 -0.442820 0.820969 0.470154 0.673907 0.569916 -0.805628 0.591405 -0.034712
-2.354268 -4.884747 -38.282566 -37.744267 -0.408780 -0.417102 0.811742 0.364750 0.740656 0.564258 -0.836574 0.526740 -0.150627
-3.148559 -4.895634 -38.157224 -26.088752 -0.355909 -0.468673 0.808502 0.390313 0.711529 0.584279 -0.849108 0.523519 -0.070311
-2.976092 -5.735708 -11.150049 -19.553350 -0.237252 -0.382711 0.892885 0.546928 0.706995 0.448361 -0.802858 0.594718 0.041579
-5.184022 -96.221567 -29.219142 3456.821669 0.146701 0.917792 -0.368968 -0.153460 -0.347371 -0.925085 0.977205 -0.192332 -0.089885
107.019126 -1869.439914 1790.797017 93819.777833 -0.152407 0.876378 -0.456874 -0.669050 -0.431731 -0.604963 0.727423 -0.213471 -0.652140
-4.786976 -69.889300 184.161252 3148.837862 0.034120 0.991212 -0.127805 -0.887806 -0.028664 -0.459324 0.458951 -0.129138 -0.879026
0.059136 -3.895943 -36.522609 -61.789582 -0.032755 0.998396 0.046182 0.610416 0.056571 -0.790059 0.791404 -0.002312 0.611289
0.575270 -3.235019 -16.152873 -63.580582 -0.001160 0.999671 -0.025622 0.635909 -0.019037 -0.771529 0.771763 0.017188 0.635677
-2.360496 -9.149545 -8.183165 -39.071517 0.550930 -0.049258 0.833096 -0.201593 0.960840 0.190125 -0.809837 -0.272692 0.519426
-0.924140 -9.281779 -37.144348 -33.659421 0.539166 -0.012119 0.842113 -0.383695 0.886565 0.258421 -0.749719 -0.462446 0.473355
-1.840416 -9.434876 19.041913 -45.851125 0.616581 -0.178913 0.766693 -0.161460 0.924401 0.345563 -0.770558 -0.336858 0.541080
0.207961 -44.021459 116.695986 1086.365373 0.960442 0.070963 0.269286 0.268413 0.021741 -0.963058 0.074196 -0.997242 -0.001833
-3.176065 -29.953464 98.866298 -172.755545 0.963285 0.075899 0.257529 0.251783 0.077615 -0.964666 0.093205 -0.994090 -0.055655
-5.694167 -42.502134 134.122779 -555.817307 0.979362 0.137981 0.147685 0.095635 0.327362 -0.940047 0.178055 -0.934770 -0.307410
-8.177723 -11.128442 69.487793 37.892284 -0.229831 0.972666 0.033143 0.093328 0.055924 -0.994064 0.968745 0.225373 0.103630
-6.305994 -9.570863 -53.479625 86.276328 -0.333850 0.917548 -0.215987 -0.070297 -0.252729 -0.964980 0.940001 0.306975 -0.148875
-6.954290 -10.727717 -37.936503 59.564994 -0.301342 0.950049 -0.081237 0.050670 -0.069122 -0.996321 0.952169 0.304350 0.027310
-0.057221 -3.863255 -19.030917 44.248323 -0.051615 0.960750 -0.272571 -0.652920 -0.238987 -0.718736 0.755667 -0.140870 -0.639628
0.176852 -3.372095 -22.726910 5.086533 0.035744 0.983911 -0.175045 -0.703931 -0.099542 -0.703258 0.709368 -0.148357 -0.689048
0.031921 -3.618332 -16.629264 -10.348277 0.036511 0.984883 -0.169329 -0.732405 -0.088907 -0.675039 0.679889 -0.148664 -0.718087
-0.778896 -27.243260 43.373968 353.549360 0.030831 0.968183 0.248337 -0.392256 0.240243 -0.887929 0.919339 0.070036 -0.387182
0.025343 -22.063226 17.023983 178.957037 0.033832 0.972850 0.228950 -0.621449 0.199887 -0.757526 0.782724 0.116652 -0.611340
0.228141 -8.071538 11.901907 -18.796633 0.086965 0.984236 -0.154001 -0.546326 0.176386 0.818789 -0.833046 -0.012928 -0.553053
0.385595 -8.051407 9.613509 -5.134967 0.056980 0.989852 -0.130181 -0.560024 0.139636 0.816624 -0.826514 -0.026374 -0.562297
-0.265481 -12.017415 -15.509289 -82.038292 -0.008069 0.996780 -0.079772 -0.376315 0.070883 0.923776 -0.926457 -0.037474 -0.374532
-0.604519 -10.636482 -18.505001 -67.774944 0.012613 0.993207 -0.115675 -0.452502 0.108830 0.885098 -0.891674 -0.041179 -0.450801
2.763786 -17.365019 25.263414 -101.725373 0.334313 0.934409 -0.122940 0.932893 -0.346633 -0.097758 0.133961 0.082008 0.987588
1.770964 -16.610766 -47.213082 -159.639551 -0.318569 -0.933045 0.167153 0.946553 -0.303734 0.108553 -0.050515 0.192801 0.979937
0.820828 -16.729609 -54.554045 -91.058570 -0.263465 -0.939546 0.218721 0.964658 -0.255514 0.064406 -0.004626 0.227960 0.973660
1.270045 -11.180408 31.138000 -105.441754 0.204618 0.973630 -0.100880 -0.909060 0.227234 0.349249 -0.362963 -0.020244 -0.931584
0.910641 -19.905243 -14.579606 -69.513052 -0.059478 0.973783 0.219565 -0.925676 -0.136128 0.352977 -0.373612 0.182251 -0.909504
-0.585733 -7.122709 3.930228 40.601756 -0.041998 0.997662 -0.053917 -0.929355 -0.058820 -0.364471 0.366790 -0.034800 -0.929653
-0.779946 -7.542365 -3.278640 18.157405 -0.015694 0.998849 -0.045318 -0.854611 -0.036928 -0.517953 0.519031 -0.030600 -0.854208
-0.661788 -7.369270 19.608099 -4.001779 -0.060117 0.997782 -0.028578 -0.805135 -0.065394 -0.589475 0.590037 0.012428 -0.807281
-0.652283 -16.314869 38.348272 199.232165 -0.455661 0.859540 0.231439 0.500688 0.462454 -0.731743 0.735992 0.217548 0.641084
-1.110168 -17.317005 -0.643178 -86.717238 -0.409933 0.889359 0.202475 0.402438 0.375564 -0.834863 0.818535 0.260754 0.511867
-0.676833 -15.618771 34.422556 -102.995265 -0.435380 0.882373 0.178501 0.394001 0.365046 -0.843508 0.809449 0.296917 0.506589
-1.059978 -17.818584 0.360064 130.608096 -0.425412 0.868850 0.253228 0.550930 0.470619 -0.689198 0.717984 0.153682 0.678882
0.221786 -14.953041 80.040152 102.339386 -0.467864 0.858619 0.209468 0.447517 0.434534 -0.781606 0.762123 0.271945 0.587550
-0.142355 -19.264963 55.846088 348.400719 -0.469107 0.849849 0.240199 0.594218 0.504946 -0.626046 0.653332 0.150952 0.741870
-0.666539 -22.266649 23.286430 499.515607 -0.456010 0.851326 0.259420 0.659972 0.519032 -0.543178 0.597069 0.076485 0.798535
3.447603 -80.458891 -49.436013 2779.253571 -0.568516 0.807823 -0.155600 -0.015130 -0.199374 -0.979807 0.822533 0.554682 -0.125570
-0.034476 -70.577118 279.230653 2473.637996 -0.633573 0.711351 -0.304244 -0.157008 -0.503275 -0.849743 0.757584 0.490606 -0.430549
0.719597 -6.989203 89.961318 144.973724 -0.132148 0.942031 -0.308405 -0.860007 -0.263670 -0.436883 0.492875 -0.207497 -0.844997
6.403690 -5.005772 373.970853 134.838607 -0.272385 0.898284 -0.344807 -0.877752 -0.378778 -0.293391 0.394154 -0.222740 -0.891644
-0.269411 -4.833882 32.995316 3.962523 -0.557299 -0.071727 0.827208 -0.006066 0.996587 0.082327 -0.830290 0.040863 -0.555832
-0.542964 -6.106679 -37.173448 5.771411 -0.554201 0.285233 0.781987 0.259485 0.951843 -0.163289 -0.790904 0.112418 -0.601526
-0.476134 -10.926014 2.868822 -30.092669 0.255915 0.962721 -0.087614 -0.153636 -0.048975 -0.986913 0.954413 -0.266027 -0.135375
-0.213109 -9.745434 -0.728567 -57.702921 0.256803 0.965855 -0.034298 0.031287 -0.043778 -0.998551 0.965957 -0.255358 0.041462
-0.067153 -9.874030 5.966363 -61.385584 0.253038 0.965937 -0.054201 0.097086 -0.081095 -0.991967 0.962573 -0.245743 0.114299
-0.324971 -10.777600 5.808676 -44.341328 0.256387 0.960995 -0.103703 -0.014307 -0.103504 -0.994526 0.966468 -0.256467 0.012788
1.707055 -20.622893 -5.478955 -42.262529 0.879462 -0.007213 -0.475914 -0.464134 -0.234577 -0.854139 0.105477 -0.972071 0.209650
-6.472019 -9.557570 -18.273879 -31.527913 0.359636 0.878725 0.313854 -0.110783 -0.293769 0.949435 -0.926493 0.376220 0.008302
-6.131017 -9.060367 -13.597942 -17.025590 0.277031 0.909861 0.308879 -0.334411 -0.210065 0.918717 -0.900790 0.357806 -0.246073
-5.974885 -9.578986 -14.596381 -34.550342 0.243300 0.923560 0.296383 -0.199728 -0.251314 0.947075 -0.949165 0.289619 -0.123316
-6.421150 -9.064982 -20.146113 2.716956 0.350401 0.870411 0.345838 -0.425714 -0.180889 0.886593 -0.834259 0.457891 -0.307162
-1.373093 -15.137819 32.300802 81.483549 0.340347 -0.580754 0.739519 0.829451 -0.185031 -0.527043 0.442917 0.792772 0.418732
-3.374134 -15.365961 33.168033 -17.239639 0.320367 -0.564608 0.760647 0.946569 0.159404 -0.280352 0.037039 0.809820 0.585508
-2.382250 -15.985798 19.992525 3.366200 0.361699 -0.578706 0.730940 0.913484 0.063289 -0.401922 0.186335 0.813077 0.551530
0.406877 -12.475256 -77.477436 -237.864108 -0.519314 -0.419516 0.744526 0.653096 0.367062 0.662368 -0.551161 0.830224 0.083364
-1.091772 -12.234971 -29.019223 -213.332447 -0.400912 -0.386082 0.830789 0.715245 0.434749 0.547190 -0.572445 0.813593 0.101847
-0.244246 -7.213112 16.133552 -37.485133 -0.218230 0.924783 -0.311691 -0.818202 -0.347463 -0.458056 0.531903 -0.155065 -0.832486
1.575482 -6.881859 83.853619 -33.134907 -0.247757 0.913027 -0.324035 -0.746998 -0.393011 -0.536224 0.616936 -0.109200 -0.779400
-0.672198 -7.552612 4.371505 -33.951244 -0.218155 0.927596 -0.303273 -0.882513 -0.320174 -0.344469 0.416628 -0.192495 -0.888463
2.198525 -7.704034 142.089769 -34.792686 -0.231670 0.925025 -0.301096 -0.846531 -0.344196 -0.406097 0.479286 -0.160807 -0.862802
0.134134 -7.710603 45.915132 -24.197834 -0.204046 0.932879 -0.296821 -0.897694 -0.299252 -0.323411 0.390527 -0.200464 -0.898500
4.819668 -14.154724 -27.028757 -78.485548 -0.060181 0.972259 -0.226033 0.198401 0.233576 0.951882 -0.978272 -0.012440 0.206954
-2.447365 -12.645082 2.171721 20.040889 0.134121 0.988893 -0.064043 -0.157070 0.085024 0.983921 -0.978438 0.121905 -0.166729
-1.988016 -13.505679 21.347824 32.894390 0.187980 0.979811 -0.068074 -0.264179 0.117195 0.957327 -0.945977 0.161975 -0.280876
