15516
31023
-5.616056 -7.285490 61.083287 110.789291 -0.245604 0.966328 0.076740 -0.959597 -0.253578 0.121953 -0.137307 0.043687 -0.989565
-6.616284 -9.127343 74.892430 -115.965880 -0.208198 0.972195 0.107198 0.978083 0.206652 0.025458 0.002597 0.110148 -0.993912
-6.848092 -9.658920 21.204951 -221.575468 0.239338 0.969408 0.054451 0.970164 -0.236534 -0.053234 -0.038726 0.065567 -0.997096
-5.387346 -7.872414 -4.297941 -86.649253 -0.548460 0.821872 0.154008 0.832377 0.554167 0.006960 -0.079626 0.132010 -0.988045
-4.514452 -10.251646 -154.896987 355.309557 0.400787 0.911478 -0.092618 -0.903117 0.410057 0.127412 -0.154112 -0.032580 -0.987516
-4.491043 -6.441800 -54.246265 128.859958 0.067680 0.997114 -0.034395 -0.972522 0.073630 0.220861 -0.222756 -0.018502 -0.974699
-3.694835 -6.037179 -27.812483 78.308973 -0.582723 0.802483 0.128273 -0.781148 -0.596634 0.183947 -0.224147 -0.006990 -0.974530
-4.482083 -6.917618 -2.749909 -86.329562 -0.701794 0.692582 0.166780 0.692018 0.718362 -0.071180 -0.169107 0.065461 -0.983421
6.188746 -8.514649 51.902899 108.696009 0.121392 0.978040 -0.169417 -0.107533 0.182633 0.977283 -0.986763 0.100417 -0.127341
5.934689 -9.771500 59.515896 60.425873 0.255483 0.940014 -0.226056 -0.081072 0.253822 0.963847 -0.963408 0.227920 -0.141056
7.547345 -9.159587 85.765917 -51.177833 0.180962 0.971760 -0.151446 -0.019121 0.157436 0.987344 -0.983304 0.175776 -0.047071
7.643877 -8.435604 29.521091 -28.141736 0.032363 0.995165 -0.092732 -0.041161 0.094029 0.994718 -0.998628 0.028375 -0.044005
8.591214 -10.888380 33.016919 -235.831395 0.072008 0.993763 -0.085152 0.045152 0.082038 0.995606 -0.996382 0.075536 0.038963
-4.521342 -10.874641 -29.075882 -9.165406 -0.202896 0.976379 -0.074275 0.331090 0.139791 0.933187 -0.921528 -0.164748 0.351632
-2.961957 -11.247679 -102.706883 -23.189093 -0.298358 0.953020 -0.052307 0.298854 0.145327 0.943168 -0.906459 -0.265770 0.328174
-3.770191 -10.977384 -69.004876 66.635552 -0.235466 0.971798 -0.012799 0.524681 0.138193 0.840007 -0.818086 -0.191077 0.542424
-4.779754 -10.525569 -25.750429 48.189232 -0.139752 0.989763 -0.028953 0.507368 0.096688 0.856288 -0.850322 -0.104978 0.515686
-0.728695 -4.405887 -42.029948 -17.332971 -0.080756 0.996695 -0.008798 -0.412936 -0.025422 0.910405 -0.907173 -0.077154 -0.413624
-0.404470 -4.656340 -32.797481 -17.466261 -0.087422 0.996120 -0.010144 -0.427316 -0.028300 0.903659 -0.899866 -0.083334 -0.428132
-0.663322 -4.659453 -32.077987 -28.087827 -0.118630 0.989631 0.080974 -0.346655 -0.117696 0.930579 -0.930461 -0.082324 -0.357023
-1.099498 -4.184059 -35.138263 -17.855311 -0.078779 0.996715 0.018784 -0.389636 -0.048129 0.919711 -0.917593 -0.065135 -0.392147
-0.190944 -5.073926 -14.056350 -33.876181 -0.107641 0.992494 0.058041 -0.382470 -0.095227 0.919048 -0.917676 -0.076728 -0.389850
-2.284275 -28.451186 192.676980 1014.963052 0.049808 0.970358 -0.236482 0.140958 -0.241235 -0.960175 0.988762 -0.014490 0.148795
-7.267618 -28.022841 -178.502327 839.237238 0.032920 0.999455 0.002530 0.423282 -0.011649 -0.905923 0.905400 -0.030894 0.423435
-3.423089 -21.805788 -0.251435 709.477482 0.066122 0.996279 0.055276 0.320934 0.031219 -0.946587 0.944791 -0.080330 0.317676
-3.982674 -14.148209 -0.753991 449.611471 0.070774 0.997164 0.025575 0.121357 0.016841 -0.992466 0.990083 -0.073345 0.119821
-3.488483 -21.241578 -20.835728 637.835741 0.150473 0.988381 0.021448 0.285782 -0.022718 -0.958025 0.946407 -0.150287 0.285880
-2.930421 -25.273219 -35.561844 504.961733 0.159038 0.986767 0.031598 0.546851 -0.061399 -0.834976 0.821986 -0.150072 0.549379
-0.758458 -9.546515 43.326881 35.012431 0.224633 0.972329 -0.064157 0.974330 -0.223117 0.029986 0.014841 -0.069246 -0.997489
-0.927473 -9.653978 3.718058 59.567890 0.235462 0.969056 -0.074084 0.971710 -0.233296 0.036771 0.018350 -0.080647 -0.996574
-0.619212 -8.737483 25.295323 -18.851885 0.261255 0.963900 -0.051401 -0.947024 0.245649 -0.206886 0.186791 -0.102728 -0.977014
-0.495341 -8.820329 4.299782 -22.358812 0.236958 0.968233 -0.079846 -0.957998 0.219205 -0.184905 0.161529 -0.120307 -0.979507
-0.305953 -11.491878 -9.511695 -24.004845 0.076957 0.971012 -0.226302 0.987512 -0.042939 0.151578 0.137467 -0.235142 -0.962191
-0.478873 -10.990945 -29.435520 -18.897869 0.069764 0.967276 -0.243949 0.997562 -0.068080 0.015340 -0.001770 -0.244424 -0.969667
-0.333533 -10.582949 -1.816852 -60.327577 0.094336 0.972062 -0.214931 0.986228 -0.061790 0.153413 0.135846 -0.226444 -0.964505
-0.344664 -11.370436 -22.738304 14.579090 0.057735 0.971053 -0.231781 0.995112 -0.074607 -0.064692 -0.080112 -0.226913 -0.970615
-0.180446 -10.876371 -4.551358 -23.842185 0.109183 0.971355 -0.211067 -0.934263 0.027766 -0.355502 0.339458 -0.236007 -0.910532
-0.184396 -11.316991 -5.267748 4.825399 0.059450 0.973539 -0.220651 0.997154 -0.068182 -0.032164 -0.046357 -0.218111 -0.974822
-0.149400 -11.529223 -5.961549 -39.786844 0.074701 0.970764 -0.228116 0.992507 -0.050195 0.111404 0.096697 -0.234729 -0.967239
-0.325799 -11.466495 4.020431 2.925402 0.104319 0.973426 -0.203863 -0.923742 0.018878 -0.382549 0.368534 -0.228224 -0.901164
-0.260602 -11.580978 -1.808382 15.749416 0.091704 0.972206 -0.215420 -0.955128 0.024691 -0.295162 0.281640 -0.232822 -0.930845
-2.322805 -11.149736 97.947213 -338.800982 0.317545 0.934561 -0.160501 -0.486908 0.015459 -0.873316 0.813686 -0.355467 -0.459954
-3.135019 -14.995059 84.752444 -276.807143 0.324104 0.928688 -0.180264 -0.669418 0.090497 -0.737353 0.668458 -0.359651 -0.651011
-2.438408 -14.454156 55.854320 -259.652161 0.334118 0.932970 -0.133912 -0.644531 0.122497 -0.754702 0.687710 -0.338470 -0.642256
-3.120289 -20.367398 92.742640 -278.255317 0.294090 0.946003 -0.136343 -0.822523 0.177845 -0.540210 0.486793 -0.271015 -0.830412
-1.645671 -10.209979 9.051489 -341.297218 0.380317 0.918457 -0.108610 -0.437581 0.075238 -0.896026 0.814790 -0.388299 -0.430513
-1.544051 -11.557296 -39.641340 -282.865099 0.392060 0.914961 -0.095580 -0.504004 0.126717 -0.854355 0.769590 -0.383131 -0.510824
-2.191919 -17.605364 39.827955 -69.386362 0.327192 0.938381 -0.111300 -0.827802 0.227828 -0.512678 0.455730 -0.259878 -0.851337
-1.547223 -14.240579 -11.011034 -22.593635 0.375740 0.923141 -0.081424 -0.703382 0.226877 -0.673632 0.603385 -0.310383 -0.734568
-2.102877 -11.317742 -30.134876 -34.867320 0.286317 0.939623 -0.187431 -0.219231 0.254677 0.941848 -0.932717 0.228576 -0.278913
-1.525336 -10.673052 -29.635452 -13.777688 0.318468 0.923925 -0.211992 -0.346009 0.321506 0.881426 -0.882528 0.207355 -0.422076
-1.738489 -11.707943 -24.103509 52.742804 0.295630 0.933110 -0.204717 -0.363041 0.307955 0.879412 -0.883631 0.185660 -0.429798
2.649423 -8.351651 84.084818 -1.119005 0.322532 0.917418 -0.233060 -0.369859 -0.104497 -0.923192 0.871308 -0.383958 -0.305612
4.602900 -8.074986 154.115117 -27.792371 0.356371 0.905846 -0.229005 -0.251841 -0.142900 -0.957160 0.899764 -0.398777 -0.177204
1.873155 -7.798183 56.843582 -35.674668 0.302148 0.920352 -0.248312 -0.243778 -0.177224 -0.953501 0.921563 -0.348631 -0.170813
1.979149 -7.923194 61.286825 3.192073 0.311419 0.926124 -0.212866 -0.369770 -0.088251 -0.924923 0.875379 -0.366750 -0.314970
0.445767 -16.178766 -27.323639 -5.089258 0.267601 0.963487 0.009110 0.289513 -0.089420 0.952988 -0.919006 0.252384 0.302871
0.518264 -16.540805 -22.150411 46.936890 0.271903 0.962223 0.013982 0.119081 -0.048060 0.991721 -0.954928 0.267987 0.127651
0.518420 -17.427873 -18.236520 89.275266 0.286061 0.958211 0.000320 0.068372 -0.020745 0.997444 -0.955769 0.285308 0.071449
0.514908 -17.095016 -10.684393 43.769893 0.284521 0.958622 0.009553 -0.088303 0.016283 0.995961 -0.954594 0.284215 -0.089282
0.978653 -17.626066 -29.355122 131.198768 0.298989 0.954235 0.006408 0.163499 -0.057843 0.984846 -0.940145 0.293411 0.173311
0.372463 -17.970439 -13.070946 58.847766 0.296390 0.954952 -0.014806 -0.140270 0.058860 0.988362 -0.944710 0.290864 -0.151397
0.629085 -19.220067 -28.346725 154.102079 0.319539 0.946652 -0.041773 -0.054453 0.062356 0.996567 -0.946007 0.316167 -0.071473
0.737255 -11.102053 -10.152483 15.348711 0.010870 0.981557 -0.190860 -0.543022 0.166069 0.823133 -0.839648 -0.094693 -0.534812
0.780634 -11.732034 -35.845530 26.594466 -0.017278 0.980974 -0.193369 -0.642568 0.137277 0.753831 -0.766034 -0.137277 -0.627971
1.076943 -10.881684 -10.686864 7.586867 0.013768 0.983501 -0.180376 -0.597458 0.152742 0.787219 -0.801782 -0.096928 -0.589704
-1.322449 -19.030257 9.088646 -83.989027 0.347809 0.861232 0.370551 0.498691 -0.504618 0.704746 -0.793937 0.060327 0.605000
-1.387730 -20.904799 6.452331 92.515485 0.331002 0.883451 0.331591 0.297593 -0.431198 0.851767 -0.895475 0.183258 0.405636
-1.506931 -19.575378 22.118040 -20.055159 0.336515 0.867294 0.366821 0.438505 -0.489053 0.754016 -0.833349 0.092885 0.544887
-1.403809 -16.628214 -10.395278 -53.818328 0.358480 0.865331 0.350277 0.376577 -0.477374 0.793917 -0.854214 0.152697 0.496993
-1.171542 -17.258133 -12.456033 -136.132714 0.370031 0.841250 0.394176 0.547086 -0.540240 0.639404 -0.750849 0.020951 0.660142
-1.319621 -18.383103 17.157947 -54.903091 0.355987 0.845001 0.399057 0.630685 -0.532358 0.564652 -0.689573 -0.050670 0.722442
-1.090608 -18.719122 2.162920 -43.727578 0.377445 0.834190 0.402072 0.699971 -0.541275 0.465900 -0.606281 -0.105587 0.788210
-1.097987 -16.470825 5.869918 -116.629324 0.408057 0.832244 0.375312 0.493347 -0.546916 0.676382 -0.768179 0.090844 0.633758
-1.325614 -16.397895 1.599584 28.540573 0.398087 0.852613 0.338494 0.365887 -0.485945 0.793716 -0.841221 0.192117 0.505408
-1.027447 -16.652930 0.968629 -152.851073 0.421373 0.822376 0.382286 0.524641 -0.564889 0.636909 -0.739728 0.067813 0.669481
-3.500148 -11.752656 98.291833 117.016137 0.810192 0.432269 0.395896 -0.262294 -0.336652 0.904360 -0.524206 0.836546 0.159372
-2.084166 -9.757018 43.705770 103.397852 0.792831 0.415883 0.445489 -0.209903 -0.499914 0.840254 -0.572153 0.759689 0.309052
-2.051423 -11.603822 69.599306 119.210031 0.810673 0.388730 0.437833 -0.306320 -0.355700 0.882976 -0.498976 0.849922 0.169281
-3.474387 -13.313653 103.615184 103.034867 0.817344 0.414128 0.400559 -0.364367 -0.167008 0.916158 -0.446303 0.894766 -0.014391
-5.041904 -13.373345 97.172182 103.670055 0.808123 0.487043 0.331251 -0.298678 -0.145875 0.943139 -0.507671 0.861110 -0.027584
0.608741 -44.596937 -16.405223 474.489723 0.347827 0.858961 0.375769 0.929245 -0.262587 -0.259906 -0.124578 0.439584 -0.889520
0.379770 -59.137837 -16.211586 -847.096416 0.348527 0.848941 0.397275 0.829595 -0.082130 -0.552292 -0.436236 0.522066 -0.732902
0.710812 -44.601745 -28.412782 416.652224 0.323058 0.872777 0.365915 -0.767364 0.015286 0.641029 -0.553882 0.487880 -0.674676
0.064427 -66.783575 -96.272036 2311.459688 0.344382 0.874980 0.340309 -0.526001 -0.120421 0.841916 -0.777640 0.468944 -0.418770
0.683667 -43.151796 -17.705152 801.938339 0.299254 0.870511 0.390715 -0.477252 -0.218024 0.851291 -0.826243 0.441222 -0.350208
-0.139662 -309.146794 380.211770 -18524.174640 0.146968 0.972540 0.180463 0.662973 -0.232251 0.711706 -0.734075 -0.015044 0.678901
475.559454 -299.598951 12899.389316 14396.402436 0.245608 -0.008356 0.969333 -0.045970 0.998737 0.020257 -0.968278 -0.049536 0.244914
13.028186 -131.257106 -314.452943 -6675.217697 -0.108281 0.979337 -0.170803 0.433975 0.201144 0.878184 -0.894394 -0.020966 0.446789
-2.800533 -383.630756 -167.363561 -18927.304222 -0.223647 -0.958616 -0.176174 0.972849 -0.208506 -0.100452 0.059561 -0.193857 0.979220
0.586228 -6.323383 -34.936598 30.609188 -0.053636 0.997820 -0.038440 -0.970266 -0.042979 0.238194 -0.236022 -0.050073 -0.970457
0.884029 -5.728071 -7.539537 68.377979 -0.048531 0.998659 -0.018022 -0.942463 -0.039810 0.331931 -0.330768 -0.033094 -0.943132
0.616203 -5.471670 -39.781711 65.022312 -0.100735 0.994166 -0.038566 -0.935623 -0.081479 0.343469 -0.338323 -0.070683 -0.938372
0.683732 -6.666308 2.974641 29.785975 0.000720 0.999931 -0.011732 -0.975543 0.003281 0.219784 -0.219808 -0.011286 -0.975478
0.787294 -2.980290 13.894907 -32.901224 0.117995 0.988602 0.093509 0.321605 -0.127136 0.938300 -0.939493 0.080642 0.332941
1.177558 -2.797784 8.057346 7.003919 0.108243 0.990291 0.087216 0.293340 -0.115642 0.948988 -0.949861 0.077138 0.303010
0.733441 -3.071875 26.492558 -19.902600 0.186151 0.962599 0.196852 0.273592 -0.243214 0.930588 -0.943661 0.119373 0.308634
0.907745 -3.132743 22.105109 7.220534 0.198242 0.960143 0.197044 0.252090 -0.244217 0.936381 -0.947181 0.135957 0.290456
0.570697 -3.212746 14.407712 -54.547343 0.227175 0.929127 0.291744 0.241005 -0.343897 0.907553 -0.943561 0.135862 0.302049
0.232332 -3.698908 6.763475 -65.726173 0.242645 0.900942 0.359760 0.257592 -0.417365 0.871466 -0.935291 0.118785 0.333346
0.220056 -3.415687 28.468218 -37.886959 0.204790 0.950031 0.235590 0.322960 -0.292796 0.899982 -0.923990 0.108221 0.366784
-0.250544 -8.324468 -7.308527 183.104201 -0.025956 0.988732 -0.147426 -0.150214 0.141944 0.978411 -0.988313 -0.047541 -0.144838
-0.070113 -6.701968 -8.270266 68.851187 -0.023813 0.989071 -0.145503 -0.087917 0.142908 0.985823 -0.995843 -0.036267 -0.083553
-0.304908 -7.301224 -5.822714 161.945140 -0.025836 0.992360 -0.120644 -0.099254 0.117542 0.988095 -0.994727 -0.037503 -0.095459
-0.414451 -37.017494 -44.823657 84.547900 0.145302 0.989375 -0.004894 0.928014 -0.138002 -0.346041 0.343040 -0.045739 0.938206
-0.660619 -35.380664 14.159132 -137.061720 0.136743 0.990137 -0.030501 0.969591 -0.140087 -0.200670 0.202963 0.002133 0.979184
-0.847749 -37.093336 -61.477568 -387.225762 0.122238 0.992488 0.005040 0.992462 -0.122277 0.008255 -0.008809 -0.003993 0.999953
-0.468474 -32.573263 -6.585391 -352.765065 0.089034 0.996018 -0.004599 0.979583 -0.086727 0.181370 -0.180248 0.020653 0.983404
-0.192373 -46.487719 -28.920876 -86.183327 0.122182 0.992489 -0.006058 0.972806 -0.120965 -0.197524 0.196774 -0.018241 0.980279
-0.382650 -31.634074 -57.700435 -452.966206 0.040996 0.998691 0.030576 0.919117 -0.049696 0.390839 -0.391847 -0.012080 0.919951
-0.582821 -56.647385 -32.445043 -1671.288725 0.115914 0.993085 0.018613 0.951053 -0.116373 0.286277 -0.286464 0.015481 0.957966
-1.213732 -5.885886 -22.596219 -38.458471 0.172897 0.860576 -0.479078 0.237684 -0.508483 -0.827618 0.955831 -0.029224 0.292460
0.904663 -6.993965 -15.900505 44.924011 0.126686 0.949799 -0.286064 0.336407 -0.312435 -0.888378 0.933157 -0.016311 0.359100
-1.560054 -6.870006 172.118608 -8.220135 0.111495 0.837593 -0.534795 0.264326 -0.543761 -0.796528 0.957967 0.052552 0.282024
-0.171792 -7.327614 -62.291813 -123.015395 0.150889 0.984853 -0.085426 0.311099 -0.129332 -0.941536 0.938323 -0.115491 0.325901
-2.524952 -11.024012 -115.689665 497.194668 0.209616 0.313212 -0.926261 -0.027117 0.948804 0.314698 0.977408 -0.040849 0.207377
-2.349557 -6.038999 127.448031 -74.139207 0.089233 0.995799 0.020549 0.198221 0.002464 -0.980154 0.976087 -0.091535 0.197168
-17.176766 -20.502510 692.944185 306.326936 0.318784 0.718085 0.618653 0.209383 0.583228 -0.784859 0.924411 -0.379736 -0.035569
-18.192401 -22.134014 411.266058 -512.741569 0.621392 0.778774 -0.085921 -0.150844 0.011301 -0.988493 0.768842 -0.627202 -0.124496
-21.152548 -23.650625 793.286266 51.184236 0.450661 0.846591 0.283177 -0.144398 0.382170 -0.912741 0.880939 -0.370446 -0.294475
-15.546934 -16.422259 526.141873 -344.314593 0.498194 0.717718 0.486501 0.423217 0.288426 -0.858893 0.756763 -0.633791 0.160059
-9.859147 -20.890624 398.729726 -493.552192 0.311950 0.949228 -0.040653 -0.238155 0.036701 -0.970533 0.919766 -0.312439 -0.237513
-8.851527 -15.679638 297.280808 27.301575 0.315074 0.876040 0.365080 0.102152 0.351134 -0.930736 0.943554 -0.330544 -0.021144
-6.873548 -10.185627 -58.580704 33.763582 -0.299302 0.947938 0.108778 -0.369836 -0.010163 -0.929041 0.879568 0.318294 -0.353624
-6.547770 -10.026639 -28.974795 41.463497 -0.221814 0.973959 0.046920 -0.442710 -0.057718 -0.894806 0.868796 0.219252 -0.443984
-6.604372 -9.943781 -91.194102 11.534771 -0.258203 0.958499 0.120875 -0.502415 -0.026355 -0.864225 0.825173 0.283875 -0.488370
-7.570402 -10.405229 -66.303847 -2.932330 -0.331511 0.913735 0.234924 -0.515908 0.032907 -0.856012 0.789898 0.404977 -0.460494
-7.443494 -10.209256 -51.014832 -9.491519 -0.386091 0.901371 0.196123 -0.354060 0.051522 -0.933802 0.851807 0.429972 -0.299247
-2.736600 -28.444051 216.471347 -2335.690176 0.123451 -0.836702 -0.533563 0.989485 0.144618 0.002158 0.075358 -0.528219 0.845757
-1.721383 -11.728659 258.962727 -670.801276 0.081841 -0.806440 -0.585625 0.911810 0.297815 -0.282683 0.402375 -0.510843 0.759693
-1.942994 -13.262310 167.266968 -585.052181 0.054706 -0.886181 -0.460098 0.915681 0.228270 -0.330788 0.398164 -0.403207 0.823947
-1.431066 -4.729928 13.451050 34.895876 0.922340 -0.381451 -0.061506 -0.356582 -0.901658 0.244668 0.148786 0.203735 0.967654
-1.504776 -3.850355 -23.352574 12.950953 0.992445 -0.002450 -0.122666 0.021327 -0.981135 0.192143 0.120823 0.193308 0.973670
-0.694234 -3.920961 -33.451527 12.171562 0.993058 -0.029784 -0.113791 -0.014493 -0.991021 0.132916 0.116728 0.130344 0.984573
0.005465 -3.463148 -37.206229 -26.005895 0.963875 0.226937 -0.139444 -0.235028 0.970975 -0.044371 0.125327 0.075542 0.989235
-0.062892 -4.377600 -57.565560 -5.445798 0.994596 -0.006333 -0.103627 -0.000486 0.997842 -0.065654 0.103819 0.065349 0.992447
-0.796352 -4.809263 -15.753031 28.044695 0.955564 -0.283822 -0.079639 -0.268616 -0.949640 0.161333 0.121418 0.132772 0.983681
1.598373 -6.396661 -284.086587 43.305257 0.833231 -0.537205 0.130907 -0.241923 -0.567091 -0.787325 -0.497191 -0.624355 0.602480
6.388464 -5.965850 -522.291320 83.737712 0.832412 -0.503303 0.231896 -0.087881 -0.533065 -0.841498 -0.547144 -0.680094 0.487961
1.533218 -5.555978 -18.115800 71.174961 0.747817 -0.645805 -0.153967 -0.439515 -0.307753 -0.843869 -0.497591 -0.698730 0.513984
0.064869 -7.026500 167.678677 -28.705082 0.603549 -0.699553 -0.382561 0.669116 0.183461 0.720156 -0.433603 -0.690628 0.578811
-1.056969 -6.986597 -12.911083 13.787876 0.756494 -0.641898 -0.125236 -0.486747 -0.424714 -0.763344 -0.436800 -0.638423 0.633736
-0.195472 -5.983073 -2.744473 -28.067245 -0.217229 0.973399 -0.072846 -0.834540 -0.146494 0.531114 -0.506314 -0.176166 -0.844163
-0.528365 -6.180247 -4.322062 -28.338297 -0.182568 0.977904 -0.101852 -0.846025 -0.103474 0.523005 -0.500909 -0.181653 -0.846222
-0.103445 -5.516680 -14.102679 -32.626826 -0.250894 0.966072 -0.061294 -0.871059 -0.197691 0.449638 -0.422266 -0.166202 -0.891105
-0.372342 -5.899674 -1.529827 -30.624788 -0.202428 0.975861 -0.081966 -0.877159 -0.143462 0.458270 -0.435448 -0.164664 -0.885026
0.364133 -5.402366 -48.046399 -45.499043 -0.274372 0.958817 -0.073418 -0.859522 -0.210288 0.465833 -0.431209 -0.190916 -0.881822
0.189978 -5.216119 -39.570485 -52.366413 -0.281666 0.957097 -0.068040 -0.892044 -0.235081 0.385998 -0.353443 -0.169417 -0.919987
-0.098115 -5.614142 -14.031697 -11.345444 -0.255056 0.964850 -0.063334 -0.901262 -0.213499 0.377022 -0.350248 -0.153242 -0.924036
-0.328238 -8.081400 16.763399 14.368209 0.125061 0.991666 0.030961 0.863095 -0.093350 -0.496339 0.489313 -0.088795 0.867576
-0.493803 -8.569415 -18.783371 24.483751 0.114097 0.990291 0.079413 0.878707 -0.063298 -0.473146 0.463526 -0.123765 0.877397
-0.253397 -8.199193 -2.668033 48.961429 0.149719 0.988056 0.036459 0.802496 -0.099895 -0.588236 0.577568 -0.117329 0.807867
-0.379307 -8.317577 21.665166 -17.906591 0.093243 0.994647 0.044529 0.918455 -0.068662 -0.389520 0.384377 -0.077218 0.919941
-4.645663 -20.253042 16.020522 -9.921455 -0.044806 0.957135 -0.286154 0.971394 0.108611 0.211182 0.233209 -0.268506 -0.934622
-4.396788 -21.590793 -18.282814 -229.438906 -0.003419 0.959970 -0.280081 -0.856142 -0.147538 -0.495230 0.516729 -0.238097 -0.822376
-5.083100 -22.499784 -103.033195 -84.691080 0.012894 0.920223 -0.391183 -0.915213 -0.146720 -0.375312 0.402765 -0.362855 -0.840308
-4.155031 -21.631446 87.647986 -45.336787 -0.018601 0.987412 -0.157070 -0.933081 -0.073580 -0.352061 0.359186 -0.140010 -0.922704
-4.785496 -21.000931 -16.541640 -139.553448 -0.055213 0.926345 -0.372608 0.997105 0.070692 0.027998 0.052276 -0.369984 -0.927566
-4.649236 -21.508999 84.390457 -251.238974 -0.044257 0.978421 -0.201825 0.997997 0.034157 -0.053252 -0.045210 -0.203777 -0.977973
-1.108235 -16.856932 -152.942895 116.743978 -0.123178 0.992321 0.011234 0.553054 0.059243 0.831036 -0.823989 -0.108578 0.556104
-1.707980 -16.324252 -74.585809 94.033024 -0.077430 0.996914 -0.012924 0.484396 0.048947 0.873478 -0.871415 -0.061373 0.486691
-1.336029 -17.289647 -84.761595 45.313484 -0.105985 0.994029 -0.025941 0.327388 0.059516 0.943014 -0.938927 -0.091453 0.331741
-0.952841 -19.472355 -145.787345 139.142288 -0.132737 0.990285 -0.041428 0.287206 0.078434 0.954652 -0.948627 -0.114820 0.294827
-0.319110 -19.503232 -86.968912 -131.924831 -0.189321 0.962848 -0.192563 0.003590 0.196787 0.980440 -0.981909 -0.184927 0.040713
1.654996 -19.736141 -129.567878 91.617184 -0.208169 0.950885 -0.229094 0.192616 0.269493 0.943543 -0.958939 -0.152289 0.239256
0.273616 -19.469005 -95.698772 134.634246 -0.187715 0.964660 -0.184917 0.262690 0.230712 0.936892 -0.946444 -0.127293 0.296714
-1.030929 -7.172364 0.178829 -27.394364 -0.149877 0.988451 -0.022383 -0.151414 -0.000575 0.988470 -0.977042 -0.151538 -0.149752
-0.676212 -7.101793 7.939712 -59.634706 -0.146084 0.988736 0.032557 -0.084369 -0.045242 0.995407 -0.985668 -0.142667 -0.090027
-0.892371 -6.716948 7.194054 2.644679 -0.130608 0.990323 -0.046924 -0.201073 0.019887 0.979374 -0.970830 -0.137349 -0.196530
-1.046272 -7.089904 -8.392535 20.622613 -0.144261 0.984735 -0.097392 -0.281421 0.053529 0.958090 -0.948678 -0.165623 -0.269403
-2.509105 -13.644036 -59.675165 4.953814 0.095000 0.981117 -0.168479 -0.003154 -0.168947 -0.985620 0.995472 -0.094166 0.012956
-1.294637 -13.968210 -67.941294 13.706018 0.139709 0.980031 -0.141495 -0.097895 -0.128525 -0.986863 0.985342 -0.151725 -0.077984
-2.075353 -13.738015 -53.977825 -11.998135 0.090951 0.978714 -0.183973 -0.184383 -0.164995 -0.968906 0.978637 -0.122045 -0.165452
-3.039850 -13.830077 -50.967300 -5.972922 0.046407 0.975808 -0.213649 -0.161177 -0.203762 -0.965662 0.985834 -0.079249 -0.147822
-3.556085 -13.651369 -40.955512 -15.791318 0.028573 0.978520 -0.204163 0.054302 -0.205464 -0.977157 0.998116 -0.016833 0.059007
3.947758 -3.716980 40.937172 80.213109 -0.777766 0.539302 -0.322851 0.501262 0.842083 0.199079 0.379231 -0.006996 -0.925275
3.754682 -4.080235 -33.847057 109.730997 -0.787760 0.475827 -0.391180 0.449373 0.878278 0.163377 0.421304 -0.047084 -0.905696
3.179090 -2.846819 -23.078492 69.445776 -0.777926 0.501387 -0.378738 0.454372 0.865194 0.212097 0.434024 -0.007092 -0.900873
2.270306 -2.795025 -135.815508 72.692599 -0.772937 0.407113 -0.486650 0.382997 0.910874 0.153696 0.505848 -0.067588 -0.859971
0.891014 -16.908892 -1.159716 -176.867100 -0.036112 0.998447 0.042429 0.753153 0.055097 -0.655534 0.656853 -0.008283 0.753973
0.677672 -15.326005 -22.581372 -83.843943 -0.048023 0.996668 0.065928 0.875583 0.073768 -0.477403 0.480675 -0.034800 0.876208
0.784727 -17.815080 -19.793209 -118.791519 -0.047056 0.997099 0.059834 0.788246 0.073859 -0.610912 0.613559 -0.018417 0.789434
1.037545 -18.249507 2.237673 -119.777452 -0.038812 0.998315 0.043127 0.621565 0.057913 -0.781219 0.782400 0.003515 0.622766
0.660305 -18.521022 -10.919350 -144.852044 -0.040050 0.997768 0.053424 0.637671 0.066686 -0.767417 0.769267 -0.003332 0.638919
2.314367 -6.977399 185.241876 -29.841191 -0.245507 0.969003 -0.027548 0.330021 0.056827 -0.942262 0.911489 0.240423 0.333743
3.922038 -7.191932 87.443593 -9.292463 -0.180758 0.983275 -0.022294 0.292432 0.032088 -0.955748 0.939048 0.179278 0.293341
3.261322 -6.959653 149.317286 -14.345846 -0.197246 0.978763 -0.055835 0.424651 0.033967 -0.904720 0.883610 0.202163 0.422332
0.299032 -17.405273 24.456910 18.395369 -0.149621 0.988134 0.034724 0.981873 0.152622 -0.112391 0.116357 -0.017279 0.993057
0.255407 -16.850578 2.496706 53.998981 -0.120145 0.991240 0.054853 0.984512 0.126071 -0.121831 0.127679 -0.039366 0.991034
0.103292 -18.114486 11.895214 108.582968 0.167025 -0.983444 -0.070289 0.983520 0.161184 0.081903 -0.069218 -0.082810 0.994159
11.429356 -1660.275256 909.322087 -142552.436812 0.041793 0.998937 -0.019426 0.656972 -0.012827 0.753806 -0.752756 0.044266 0.656810
0.225261 -751.650463 -122.940192 -45445.063209 -0.019415 0.981417 -0.190902 -0.738304 0.114680 0.664647 -0.674188 -0.153848 -0.722358
352.249877 -13985.922082 3315.056259 -546873.569779 0.039156 0.997285 0.062371 0.129020 -0.066942 0.989380 -0.990869 0.030693 0.131291
-8.879420 -1433.961460 -1794.837149 139128.152203 -0.078731 -0.995625 -0.050315 0.996893 -0.078743 -0.001751 -0.002219 -0.050297 0.998732
-8.088886 -1700.060320 78.702195 80430.039724 0.094470 0.987592 0.125452 0.960573 -0.057327 -0.272055 0.261487 -0.146207 0.954069
-47.218921 -1688.215863 2441.464544 -310377.241679 0.032641 0.997337 0.065213 0.314342 -0.072180 0.946562 -0.948748 0.010398 0.315862
-11.162284 -578.764046 1122.851628 21528.921231 0.074518 0.997198 0.006572 -0.854199 0.060429 0.516423 -0.514579 0.044097 -0.856308
1.822763 -1.368967 -189.575418 -10.165207 0.966994 0.248535 0.056153 -0.251842 0.965752 0.062447 0.038709 0.074527 -0.996467
2.661257 -1.659559 -205.381239 -42.979503 0.996454 -0.074963 0.038205 0.070234 0.991123 0.112883 0.046328 0.109799 -0.992874
-0.271966 -2.469954 -197.059945 -10.510414 0.992753 0.114146 0.037579 -0.117196 0.988777 0.092656 0.026581 0.096388 -0.994989
4.265936 -0.256980 119.764229 -63.011496 -0.991174 -0.007924 -0.132332 -0.018636 0.996629 0.079902 0.131252 0.081663 -0.987980
0.056465 -2.844936 -158.089994 117.197545 0.788392 0.611378 0.068229 -0.613684 0.789344 0.018101 0.042790 0.056142 -0.997505
12.478245 -7.248626 94.084816 102.469611 -0.146650 0.986280 -0.075803 -0.884921 -0.165051 -0.435515 0.442051 -0.003211 -0.896984
11.651920 -5.662798 424.897786 108.232510 -0.256836 0.951687 0.168308 -0.895535 -0.168871 -0.411703 0.363390 0.256466 -0.895641
11.048774 -5.867059 207.665938 110.655855 -0.063809 0.995154 0.074809 -0.950244 -0.037684 -0.309220 0.304903 0.090818 -0.948043
8.490667 -3.613283 337.787919 -59.096053 -0.188525 0.933059 0.306364 0.938922 0.079797 0.334750 0.287895 0.350760 -0.891114
-1.005744 -8.332316 5.239354 -49.052413 0.094365 0.995445 -0.013565 -0.137483 -0.000465 -0.990504 0.985999 -0.095334 -0.136812
-1.045538 -7.749783 2.796850 -157.785001 0.080351 0.996323 -0.029741 -0.193195 -0.013705 -0.981065 0.977865 -0.084575 -0.191384
-1.063744 -7.952819 12.664746 -57.060909 0.074741 0.997150 0.010273 -0.125343 0.019614 -0.991920 0.989294 -0.072849 -0.126452
-0.587773 -13.345966 11.630341 44.408370 0.216376 0.974795 -0.054374 0.253732 -0.109926 -0.961008 0.942763 -0.194143 0.271122
-0.833400 -12.974262 -7.380759 31.654384 0.223924 0.973180 -0.052717 0.288656 -0.117888 -0.950148 0.930879 -0.197543 0.307312
-0.657580 -13.874074 -3.081534 52.799660 0.210273 0.977400 -0.021787 0.451024 -0.116755 -0.884842 0.867388 -0.176232 0.465381
-0.311241 -14.076131 -15.818973 27.998664 0.231304 0.972603 -0.023280 0.384171 -0.113295 -0.916284 0.893818 -0.202997 0.399852
-0.140097 -41.986180 -8.442674 -863.838602 0.044444 0.997659 -0.051977 0.368512 0.031988 0.929073 -0.928560 0.060446 0.366227
0.441096 -38.334992 -4.197492 -1141.563153 0.021272 0.997901 -0.061165 0.207507 0.055440 0.976661 -0.978002 0.033467 0.205892
0.434007 -36.035599 -44.105650 -1070.291958 -0.003791 0.998010 -0.062944 -0.055304 0.062639 0.996503 -0.998462 -0.007259 -0.054956
-0.164055 -60.944482 -52.116056 -2884.924334 0.038168 0.998478 -0.039810 0.202311 0.031293 0.978821 -0.978577 0.045414 0.200809
-0.306957 -47.228680 2.470497 -251.997526 0.092896 0.994235 -0.053554 0.681656 -0.024301 0.731269 -0.725751 0.104438 0.679984
0.344429 -35.542614 -9.266581 -1169.909742 0.009657 0.995953 -0.089350 -0.009704 0.089444 0.995945 -0.999906 0.008750 -0.010528
2.864428 -13.049067 -117.735386 -127.335386 0.213575 0.964479 -0.155453 0.871550 -0.259998 -0.415695 0.441347 0.046703 0.896120
3.398394 -42.896505 -113.408077 1533.789731 0.175325 0.979983 -0.094311 0.897876 -0.198455 -0.392982 0.403832 0.015780 0.914697
3.778982 -37.897808 -92.819292 1912.599196 0.117954 0.975754 -0.184369 0.873272 -0.190315 -0.448527 0.472740 0.108098 0.874546
2.634743 -65.719270 -35.475919 3191.845484 0.140506 0.951524 -0.273607 0.831904 -0.263302 -0.488474 0.536836 0.158981 0.828572
2.458149 -10.107464 -103.713976 -19.784720 0.207358 0.968557 -0.137475 0.780910 -0.248526 -0.573074 0.589221 -0.011476 0.807890
1.321176 -7.696151 -3.651959 -222.989775 0.166263 0.928432 -0.332220 -0.068314 0.346945 0.935394 -0.983712 0.132826 -0.121109
0.674059 -4.479826 -133.673339 6.203947 0.075306 0.913860 -0.398984 -0.061217 0.403602 0.912884 -0.995280 0.044321 -0.086338
-0.391570 -5.443484 55.871571 33.029097 0.198196 0.796697 -0.570958 -0.042911 0.589008 0.806987 -0.979223 0.135441 -0.150926
0.875437 -2.284741 44.150507 -63.505616 0.007521 0.999923 0.009824 -0.604895 0.012372 -0.796209 0.796270 -0.000045 -0.604941
1.324424 -2.436671 6.085098 -66.522546 0.033398 0.999423 -0.006112 -0.608419 0.015480 -0.793465 0.792913 -0.030219 -0.608585
1.078373 -1.579612 21.384534 -56.439679 0.008210 0.999858 -0.014717 -0.590057 -0.007038 -0.807331 0.807320 -0.015312 -0.589915
1.007517 -3.366143 25.850698 -71.503655 0.039006 0.998995 0.022067 -0.640517 0.041947 -0.766798 0.766953 -0.015775 -0.641509
-8.556505 -11.905722 9.824527 256.272173 0.464636 0.873066 0.147884 -0.874724 0.478512 -0.076713 0.137739 0.093714 -0.986025
-7.170485 -10.430633 83.163906 -96.988934 -0.169196 0.977202 0.128256 0.976532 0.148621 0.155876 0.133260 0.151619 -0.979415
-5.680808 -9.368373 -32.218335 -90.575729 -0.370902 0.913737 0.165881 0.927422 0.355184 0.117182 0.048155 0.197305 -0.979159
4.357761 -10.705215 19.732054 165.481350 0.216819 0.936453 -0.275763 -0.224166 0.322695 0.919575 -0.950126 0.137565 -0.279888
-1.706795 -11.564438 -140.283062 49.206718 -0.304709 0.952436 0.004206 0.474204 0.147877 0.867907 -0.826004 -0.266454 0.496708
0.079260 -11.773427 -199.875927 -43.812705 -0.351954 0.935984 0.007893 0.319463 0.112192 0.940934 -0.879813 -0.333687 0.338499
-0.727077 -5.791113 -42.513084 -45.703807 -0.155119 0.964698 0.212826 -0.116698 -0.231819 0.965734 -0.980979 -0.124968 -0.148538
-0.556598 -5.546866 -45.576940 -30.842843 -0.157827 0.968600 0.192104 -0.160787 -0.217153 0.962804 -0.974289 -0.121069 -0.190011
-0.351818 -6.184541 -38.323729 -28.731761 -0.160124 0.970594 0.179742 -0.055893 -0.190715 0.980053 -0.985513 -0.146884 -0.084787
-0.306975 -6.711719 -45.088799 -24.437530 -0.164475 0.973706 0.157621 0.078245 -0.146414 0.986124 -0.983273 -0.174526 0.052107
-0.664473 -6.393850 -43.662141 -37.677825 -0.156270 0.968486 0.193946 -0.022530 -0.199802 0.979577 -0.987457 -0.148709 -0.053043
0.058830 -6.481592 -3.183080 -27.517745 -0.138259 0.978181 0.155069 0.058698 -0.148204 0.987213 -0.988655 -0.145594 0.036926
-6.403460 -31.036002 -104.774277 1169.419765 -0.024105 0.999633 0.012359 0.279474 0.018608 -0.959973 0.959851 0.019686 0.279820
6.858741 -33.397462 528.512449 848.258447 0.057982 0.995217 -0.078625 0.570741 -0.097663 -0.815302 0.819081 -0.002399 0.573673
-8.227565 -28.491068 -95.310363 249.539854 -0.030882 0.996174 0.081755 0.747535 0.077316 -0.659707 0.663504 -0.040742 0.747063
-0.720104 -9.309928 -25.211355 56.787610 0.252772 0.964936 -0.070744 0.966873 -0.254611 -0.018169 -0.035544 -0.063808 -0.997329
-0.792294 -9.541653 -24.629298 64.739132 0.251676 0.964234 -0.083144 0.967782 -0.250069 0.029382 0.007539 -0.087860 -0.996104
-0.965275 -10.300957 -5.812035 -75.015766 0.197828 0.978969 -0.049847 -0.965946 0.203343 0.159997 -0.166768 -0.016497 -0.985858
-0.353768 -7.956141 -1.923205 -50.146034 0.344993 0.937394 -0.047671 -0.924176 0.330380 -0.191696 0.163945 -0.110190 -0.980296
-1.185844 -9.925348 16.366360 -54.556815 0.223244 0.974167 -0.034069 -0.959878 0.225785 0.166299 -0.169695 0.004423 -0.985487
-1.103549 -9.270907 4.277979 -32.028254 0.261413 0.964911 -0.024693 -0.960104 0.262573 0.096210 -0.099318 0.001443 -0.995055
-0.696821 -8.295673 3.543217 48.482254 0.310462 0.950176 -0.027896 0.949670 -0.308741 0.052964 0.041713 -0.042935 -0.998207
-0.526897 -10.687440 -14.999674 -38.492872 0.071951 0.971823 -0.224462 0.997316 -0.067032 0.029469 0.013592 -0.225979 -0.974037
-0.596636 -10.928538 -22.308268 65.151228 0.062076 0.971956 -0.226822 0.995763 -0.075761 -0.052124 -0.067847 -0.222626 -0.972540
-0.595176 -11.113999 -38.184642 61.861824 0.052794 0.969312 -0.240098 0.991082 -0.080318 -0.106331 -0.122352 -0.232343 -0.964908
-3.315525 -12.848149 31.039069 -350.006768 0.313954 0.904771 -0.287789 -0.595489 -0.048435 -0.801902 0.739477 -0.423135 -0.523575
-3.724439 -18.051332 28.965031 -286.920491 0.318773 0.910470 -0.263492 -0.780965 0.094771 -0.617343 0.537101 -0.402570 -0.741256
-1.273964 -13.899768 36.726701 -91.125435 0.329902 0.921690 -0.204090 0.205598 0.140853 0.968447 -0.921354 0.361454 0.143030
-1.781116 -12.679882 24.201156 -115.057614 0.313635 0.932510 -0.179050 0.046876 0.173128 0.983783 -0.948386 0.316942 -0.010586
-1.872942 -13.407029 24.278505 -50.414358 0.300937 0.934652 -0.189377 0.241954 0.117253 0.963177 -0.922440 0.335676 0.190857
-0.986222 -12.357451 60.301050 -143.139607 0.359653 0.914562 -0.185004 -0.037709 0.212355 0.976465 -0.932324 0.344212 -0.110862
-1.873586 -14.441395 38.780800 -31.055912 0.304716 0.928992 -0.210055 0.419495 0.067095 0.905274 -0.855086 0.363969 0.369263
-0.493614 -13.236418 48.309313 -167.265369 0.360816 0.908604 -0.210358 0.009853 0.221826 0.975037 -0.932585 0.353882 -0.071086
-0.621651 -14.203061 44.864674 -83.180384 0.352601 0.906381 -0.232694 0.234994 0.154931 0.959570 -0.905787 0.393027 0.158366
-1.034645 -14.438169 26.149097 -3.782492 0.324836 0.918838 -0.224093 0.376088 0.091910 0.922015 -0.867779 0.383782 0.315708
-1.531058 -15.018552 -4.835642 -27.127700 0.305340 0.928929 -0.209423 0.449203 0.053406 0.891832 -0.839633 0.366386 0.400971
2.539116 -9.701020 29.216113 52.685858 0.184294 0.949865 -0.252571 -0.608267 -0.091628 -0.788426 0.772041 -0.298933 -0.560885
2.619298 -9.501903 2.062404 138.583636 0.199986 0.936257 -0.288839 -0.545430 -0.138515 -0.826631 0.813948 -0.322857 -0.482962
2.296575 -10.479736 30.004233 145.345921 0.131028 0.958441 -0.253420 -0.506386 -0.155057 -0.848252 0.852294 -0.239473 -0.465024
2.108732 -9.274434 36.550811 79.176225 0.138757 0.960712 -0.240372 -0.639901 -0.098269 -0.762148 0.755826 -0.259568 -0.601125
-0.517549 -5.684034 32.822847 6.260684 0.132854 0.988822 0.067679 -0.367066 -0.014342 0.930084 -0.920659 0.148408 -0.361058
-0.545190 -6.101560 70.043309 88.441375 0.145843 0.985455 0.087226 -0.244702 -0.049496 0.968334 -0.958567 0.162569 -0.233924
-0.224534 -5.512201 26.194043 9.777927 0.121631 0.989343 0.080042 -0.378863 -0.028260 0.925021 -0.917425 0.142836 -0.371388
-0.422780 -6.401133 9.357888 -60.071432 0.129226 0.990464 0.047777 -0.486636 0.021364 0.873344 -0.863994 0.136109 -0.484756
0.542176 -16.411632 -1.442142 45.740131 0.269471 0.962984 0.006843 0.244005 -0.075150 0.966858 -0.931583 0.258871 0.255224
1.067554 -11.976065 -28.897513 27.917125 -0.018179 0.984774 -0.172888 -0.745874 0.101796 0.658263 -0.665839 -0.140919 -0.732666
0.747978 -11.748171 -45.776218 46.056553 -0.030076 0.979819 -0.197611 -0.733873 0.112578 0.669893 -0.678621 -0.165169 -0.715676
1.047544 -12.228387 -54.116189 -37.750710 -0.016218 0.978878 -0.203800 -0.871364 0.086126 0.483019 -0.490370 -0.185417 -0.851562
-1.437136 -22.020978 20.795455 223.956474 0.319784 0.888789 0.328318 0.245772 -0.412463 0.877194 -0.915060 0.199821 0.350338
-1.315663 -19.002902 -10.894499 253.895585 0.330156 0.896655 0.294968 0.214913 -0.375689 0.901482 -0.919135 0.234238 0.316739
-0.924498 -25.374127 17.998184 453.913371 0.317120 0.895648 0.311849 0.070150 -0.350073 0.934092 -0.945787 0.274344 0.173845
-1.338872 -8.003438 12.497873 104.377811 0.794954 0.400305 0.455856 -0.136203 -0.614460 0.777102 -0.591183 0.679849 0.433944
-2.155975 -8.151308 40.545373 110.905105 0.789484 0.449257 0.418189 -0.090839 -0.588315 0.803513 -0.607011 0.672349 0.423656
-1.289531 -6.492816 7.943569 -91.899430 0.786399 0.445811 0.427586 0.023373 0.670231 -0.741785 -0.617277 0.593333 0.516649
-2.241081 -7.000930 39.039034 -115.174756 0.783368 0.529348 0.325769 -0.057347 0.583434 -0.810133 -0.618907 0.615950 0.487400
-3.298964 -8.592611 52.829673 129.253036 0.777629 0.563142 0.279579 0.032670 -0.480269 0.876513 -0.627874 0.672468 0.391869
0.670756 -52.810375 -22.094013 898.424208 0.359034 0.848945 0.387798 0.933136 -0.334868 -0.130848 0.018779 0.408847 -0.912410
0.325948 -62.917175 -80.593106 2106.012304 0.349438 0.862841 0.365238 -0.639736 -0.065091 0.765833 -0.684566 0.501268 -0.529245
0.956893 -2.914049 -10.346131 -15.995918 0.059708 0.998119 0.013902 0.320949 -0.032383 0.946543 -0.945212 0.052055 0.322279
0.083860 -33.694009 7.543261 207.654870 0.178271 0.983462 -0.031958 0.819935 -0.166427 -0.547731 0.543991 -0.071441 0.836044
-0.005887 -32.860550 37.484399 -23.984030 0.176437 0.983485 -0.040347 0.887398 -0.176668 -0.425809 0.425905 -0.039325 0.903913
1.437001 -6.165440 -131.013157 -107.224531 0.183652 0.958234 -0.219224 0.392348 -0.275939 -0.877452 0.901297 -0.075133 0.426637
1.873045 -10.611672 -31.247944 314.376578 0.115252 0.964805 -0.236363 0.422522 -0.262965 -0.867366 0.898995 -0.000097 0.437959
-1.025200 -7.865127 -16.305042 -29.181537 0.303516 0.952815 -0.004621 -0.946459 0.302044 0.113954 -0.109973 0.030213 -0.993475
-1.082929 -8.961323 11.012522 -48.490758 0.262958 0.964807 0.000863 -0.957674 0.260906 0.121608 -0.117103 0.032804 -0.992578
-1.168672 -8.568096 -24.826067 -60.141220 0.206441 0.978451 -0.004060 -0.950665 0.201557 0.235820 -0.231557 0.044823 -0.971788
-1.175387 -7.499443 -5.000516 -90.284012 0.263944 0.963864 0.036041 -0.954994 0.255907 0.149992 -0.135349 0.074008 -0.988030
-1.069434 -6.489544 0.069779 23.698239 0.332628 0.942572 0.030275 -0.936277 0.326223 0.130241 -0.112885 0.071668 -0.991020
-0.906929 -6.543615 10.753875 -22.231547 0.439286 0.897998 0.025050 0.897482 -0.437468 -0.056111 -0.039429 0.047131 -0.998110
-19.237796 -21.540050 -22.577893 -752.826824 0.798463 0.488069 0.352484 0.354218 0.092572 -0.930570 0.486813 -0.867882 0.098967
-18.921440 -24.175607 -411.789315 -388.371005 0.856470 0.487865 -0.168661 -0.246757 0.099959 -0.963908 0.453398 -0.867177 -0.205996
-8.065337 -9.437061 102.797908 -24.732471 -0.095840 0.983921 0.150714 -0.526400 0.078407 -0.846614 0.844818 0.160475 -0.510422
-7.572136 -9.577133 133.824263 62.989886 -0.184637 0.982755 0.010098 -0.415017 -0.068651 -0.907220 0.890882 0.171697 -0.420535
-9.525201 -10.085929 28.524231 184.726538 -0.363281 0.348621 -0.863996 -0.010218 0.925807 0.377858 0.931623 0.146097 -0.332766
-9.176196 -10.012152 -0.898029 162.606410 -0.300954 -0.643271 -0.704010 -0.371728 0.758972 -0.534583 0.878205 0.100816 -0.467538
-2.235264 -4.167488 10.049421 40.829483 0.975237 -0.212301 -0.061982 -0.188111 -0.943629 0.272357 0.116310 0.253953 0.960198
-2.291878 -3.780800 -26.117732 -7.612877 0.956491 0.246048 -0.156799 0.277133 -0.934220 0.224569 0.091230 0.258252 0.961760
-1.895880 -4.580753 22.864504 46.278862 0.928348 -0.367806 -0.053746 -0.339785 -0.898320 0.278509 0.150719 0.240291 0.958929
9.490233 -7.223488 -675.211843 -8.954922 0.844347 -0.403273 0.352773 -0.004630 -0.663876 -0.747828 -0.535777 -0.629793 0.562409
13.416579 -6.067366 -615.121863 52.877530 0.876513 -0.358698 0.321031 0.051708 -0.592885 -0.803625 -0.478593 -0.720988 0.501124
-0.656826 -6.920248 3.461268 -47.719395 -0.153197 0.981200 -0.117376 -0.800666 -0.053629 0.596706 -0.579193 -0.185392 -0.793829
-0.627030 -7.054043 -9.639099 -43.041818 -0.146960 0.980447 -0.130870 -0.804936 -0.041645 0.591899 -0.574875 -0.192327 -0.795317
-0.233709 -6.716020 14.645603 -51.129125 -0.144400 0.982601 -0.116808 -0.847272 -0.061800 0.527552 -0.511154 -0.175146 -0.841454
-0.193355 -7.797559 9.897251 -12.422476 0.142898 0.989391 0.026192 0.782207 -0.096681 -0.615472 0.606410 -0.108437 0.787724
