11579
23143
-5.947587 -9.138584 -42.466212 -182.328460 0.302063 0.949107 0.089186 0.950922 -0.306580 0.041919 0.067128 0.072146 -0.995133
-6.441046 -8.840816 46.255370 -88.982318 -0.302155 0.948256 0.097536 0.944843 0.284349 0.162536 0.126391 0.141268 -0.981870
-7.651822 -10.940295 -30.562536 200.309787 0.437664 0.880227 0.183444 -0.871929 0.465303 -0.152421 0.219522 0.093241 -0.971142
-5.067024 -7.317976 17.403336 -66.625080 -0.311169 0.946881 0.081182 0.950312 0.310830 0.017106 -0.009036 0.082471 -0.996553
-4.419334 -11.003745 -150.918180 190.360982 0.397276 0.917105 0.033023 -0.899868 0.396364 -0.182023 0.180023 -0.042597 -0.982740
-3.268324 -9.982384 -141.824870 -235.346049 0.359904 0.932749 -0.021165 0.932710 -0.359149 0.032607 0.022812 -0.031476 -0.999244
-4.394987 -7.314980 -32.774874 -106.288135 0.141929 0.989290 0.034087 0.989230 -0.140507 -0.041010 -0.035781 0.039541 -0.998577
-5.953908 -9.489808 -12.984765 32.535460 0.419763 0.892119 -0.167101 0.419463 -0.027412 0.907358 -0.804891 0.450968 0.385718
-6.464225 -9.540389 -19.075164 43.988527 0.522985 0.825880 -0.210733 0.354808 0.013854 0.934837 -0.774982 0.563676 0.285783
-5.925362 -9.847969 -17.941434 24.629610 0.434843 0.878292 -0.198783 0.282381 0.076617 0.956238 -0.855086 0.471946 0.214697
-5.592180 -9.862428 -33.398803 -6.714623 0.363881 0.915424 -0.172014 0.157788 0.121424 0.979979 -0.917983 0.383738 0.100259
-5.602683 -9.875185 -21.911279 19.711004 0.332081 0.932300 -0.143313 0.288369 0.044316 0.956493 -0.898090 0.358961 0.254130
0.991059 -3.704567 -4.412711 -17.936952 0.869903 0.453219 0.194579 -0.493043 0.809695 0.318279 0.013300 0.372808 -0.927813
1.474089 -3.289559 -6.219427 11.673449 0.964333 0.233627 0.124419 -0.264585 0.864167 0.428030 0.007520 0.445683 -0.895159
2.433687 -3.115136 17.330482 49.438815 0.920075 0.358045 0.158952 -0.389373 0.791296 0.471423 -0.043013 0.495636 -0.867465
0.419082 -3.308699 23.583016 -45.562264 0.938837 0.294076 0.179178 -0.337624 0.888481 0.310824 0.067790 0.352308 -0.933426
3.242591 -3.811532 107.479091 23.737697 0.750547 0.601420 0.273811 -0.659946 0.660926 0.357279 -0.033906 0.448855 -0.892961
1.434124 -4.165634 37.045511 -19.411491 0.745538 0.619205 0.246491 -0.666366 0.698885 0.259839 0.011375 0.357972 -0.933663
0.235781 -3.493618 -14.031074 -57.560103 0.859503 0.467929 0.205664 -0.506762 0.832630 0.223428 0.066693 0.296260 -0.952776
0.425493 -3.721176 -26.531719 -48.478108 0.784990 0.584204 0.206147 -0.617703 0.763480 0.188522 0.047254 0.275325 -0.960189
-0.392280 -2.389168 186.235670 -28.249411 0.938299 -0.337206 0.076732 -0.342305 -0.874014 0.344858 0.049224 0.349846 0.935513
2.588651 -2.093643 193.290086 -22.180397 0.960502 -0.270826 0.063946 -0.275839 -0.896294 0.347232 0.036725 0.351155 0.935597
2.171464 -1.856879 181.387763 5.908652 0.980421 -0.193876 0.034441 -0.192434 -0.906275 0.376345 0.041751 0.375604 0.925839
1.262559 -2.610461 183.724024 -43.965407 0.936581 -0.341396 0.079147 -0.348601 -0.884399 0.310346 0.035953 0.318255 0.947323
-2.056529 -2.261442 149.496618 2.811295 0.979509 -0.191153 0.063425 -0.200900 -0.905183 0.374543 0.014184 0.379611 0.925038
-2.522899 -3.357206 -6.788860 94.458472 0.131326 -0.925912 0.354175 0.990638 0.136005 -0.011767 -0.037275 0.352405 0.935105
-1.613343 -2.907273 133.621514 -45.541513 0.837697 -0.518456 0.171660 -0.546126 -0.793363 0.268927 0.003239 0.319027 0.947740
1.465464 -4.923974 101.991590 -111.668967 -0.526748 0.841283 0.121571 0.849561 0.516347 0.107848 0.027958 0.160090 -0.986706
1.757726 -7.016838 72.703920 -105.595447 -0.552437 0.830447 0.071911 0.821620 0.527951 0.214962 0.140549 0.177836 -0.973971
-0.783921 -7.005853 162.076513 -95.879963 -0.458710 0.872375 0.168956 0.882646 0.425382 0.199965 0.102574 0.240854 -0.965126
3.141506 -5.738254 16.552636 125.435727 -0.568766 0.822496 -0.002366 -0.815662 -0.564405 -0.127049 0.105833 0.070331 -0.991894
-1.548678 -5.189258 164.664508 -127.861152 -0.320618 0.928664 0.186512 0.947205 0.313786 0.065888 0.002663 0.197790 -0.980241
1.021920 -2.817966 127.665537 -115.676570 -0.442303 0.882932 0.157479 0.894826 0.446277 0.011126 -0.060455 0.145837 -0.987460
3.028547 -3.203732 43.672080 -115.027284 -0.536937 0.842602 0.041478 0.843608 0.535992 0.032212 0.004910 0.052287 -0.998620
0.208998 -9.490253 30.205983 38.184954 -0.092468 0.982710 0.160409 0.069566 0.167081 -0.983486 0.993283 0.079782 0.083813
0.089573 -10.480791 24.877097 52.123274 -0.095042 0.984717 0.145941 0.171970 0.160642 -0.971916 0.980507 0.067276 0.184609
-0.539439 -9.552493 21.841792 50.141894 -0.086223 0.991883 0.093449 -0.010283 0.092907 -0.995622 0.996223 0.086807 -0.002189
0.697631 -10.037697 33.367253 37.243112 -0.101847 0.977152 0.186549 0.202857 0.203984 -0.957726 0.973897 0.059699 0.218997
-0.305344 -8.594097 26.858151 31.993361 -0.088744 0.988462 0.122748 -0.082804 0.115487 -0.989852 0.992607 0.098008 -0.071600
-0.310584 -16.938417 -7.480934 4.503181 -0.288765 0.897458 -0.333442 -0.318305 0.238472 0.917503 -0.902938 -0.371079 -0.216803
-0.320573 -18.290144 -16.162222 -158.995621 -0.306423 0.907559 -0.287127 -0.085532 0.274165 0.957871 -0.948045 -0.318072 0.006385
-0.217371 -16.316289 -9.847282 -41.798600 -0.294024 0.899372 -0.323542 -0.276776 0.243886 0.929470 -0.914847 -0.362835 -0.177216
-0.344444 -14.651693 -7.989621 56.582926 -0.274699 0.894737 -0.352117 -0.422786 0.216509 0.879986 -0.863592 -0.390602 -0.318808
-0.140483 -17.001712 -7.112159 150.742750 -0.255940 0.889665 -0.378142 -0.508953 0.208554 0.835148 -0.821865 -0.406204 -0.399420
-0.351497 -15.288590 -4.387157 -84.357802 -0.282888 0.908829 -0.306602 -0.209241 0.253486 0.944438 -0.936052 -0.331324 -0.118456
-0.398636 -12.469710 -30.539929 -94.609190 -0.082449 0.996595 0.000189 -0.798757 -0.065968 -0.598026 0.595978 0.049458 -0.801476
-0.550211 -11.618305 -26.650092 -123.591323 -0.054649 0.998161 0.026221 -0.700839 -0.019639 -0.713049 0.711223 0.057344 -0.700624
-0.242655 -13.629852 -9.338070 -125.585026 -0.082712 0.996236 0.025918 -0.830996 -0.054591 -0.553593 0.550095 0.067326 -0.832384
0.369493 -3.052889 -27.146941 -0.511073 0.987461 -0.156281 -0.022289 0.150770 0.891804 0.426560 0.046786 0.424572 -0.904184
0.744354 -3.541952 -60.391447 31.052674 0.879672 -0.451630 -0.149024 0.471702 0.788615 0.394440 0.060618 0.417272 -0.906758
1.686895 -2.992463 -52.691320 22.678197 0.964717 -0.253230 -0.072079 0.255776 0.836455 0.484688 0.062447 0.486022 -0.871712
0.052149 -21.310685 -2.561961 289.791946 0.854984 -0.431092 0.288378 0.338344 0.042175 -0.940077 -0.393098 -0.901322 -0.181916
-0.264066 -18.340125 -2.392910 288.723415 0.849479 -0.438880 0.292865 0.419803 0.225975 -0.879034 -0.319610 -0.869666 -0.376204
0.200705 -21.742664 -10.631193 250.270096 0.837303 -0.448412 0.312811 0.309834 -0.082242 -0.947227 -0.450474 -0.890035 -0.070071
0.545577 -23.273098 -17.838192 108.750328 0.843084 -0.447127 0.298809 0.184815 -0.280895 -0.941776 -0.505028 -0.849220 0.154182
0.765864 -19.534530 20.911355 -58.444708 0.092115 -0.986723 0.133765 0.988166 0.074038 -0.134337 0.122650 0.144556 0.981866
0.457113 -18.875745 -17.355175 -52.986179 -0.163433 0.976742 -0.138795 0.955552 0.191715 0.223977 -0.245376 0.096020 0.964661
0.507092 -20.513317 -14.326649 15.682409 0.140618 -0.971816 0.189211 0.987115 0.152354 0.048905 -0.076354 0.179896 0.980718
0.718538 -22.032098 -0.351896 -96.424678 -0.072667 0.979831 -0.186147 0.966233 0.022901 -0.256650 0.247211 0.198511 0.948409
0.868909 -21.491915 -2.853799 -38.820395 -0.044990 0.983490 -0.175283 0.890134 -0.040181 -0.453923 0.453472 0.176447 0.873630
0.501848 -19.883232 -40.452223 -88.946165 -0.026211 0.991566 -0.126927 0.919537 -0.025891 -0.392149 0.392128 0.126992 0.911103
-0.656560 -25.192822 18.840795 -310.678743 -0.492538 0.298862 -0.817366 -0.124795 0.905228 0.406188 0.861297 0.302066 -0.408563
-0.986210 -23.824242 -2.722039 -236.796679 -0.472729 0.324365 -0.819338 -0.049142 0.918639 0.392030 0.879837 0.225588 -0.418327
-0.947013 -21.198549 5.698661 -214.975006 -0.478929 0.325599 -0.815238 0.142709 0.945196 0.293666 0.866176 0.024304 -0.499148
-0.608456 -22.456189 25.371356 -121.089138 -0.496785 0.325130 -0.804671 0.061643 0.938052 0.340966 0.865682 0.119784 -0.486053
-1.473992 -4.319339 43.842880 -2.871515 0.948866 0.277521 -0.150452 0.305895 -0.690573 0.655391 -0.077986 0.667901 0.740153
-0.426745 -4.325865 77.278045 6.845016 0.952718 0.240631 -0.185537 0.300878 -0.661837 0.686618 -0.042426 0.709978 0.702945
-1.584038 -4.564932 19.294984 -4.696399 0.927190 0.326265 -0.184040 0.354897 -0.607900 0.710285 -0.119864 0.723884 0.679429
-2.061493 -4.455957 -5.425563 -3.752049 0.946919 0.308985 -0.088729 0.277664 -0.647010 0.710127 -0.162010 0.697069 0.698461
-1.504450 -4.776841 -17.970326 18.646990 0.952426 0.294550 -0.078261 0.244367 -0.584604 0.773643 -0.182124 0.755962 0.628770
0.568843 -45.183435 -33.340689 -53.908987 0.396700 -0.277632 0.874957 0.851760 -0.244050 -0.463622 0.342250 0.929172 0.139661
0.773789 -50.194690 -37.912300 -226.605869 0.407934 -0.298193 0.862943 0.629278 -0.592977 -0.502381 0.661512 0.747970 -0.054249
0.402403 -58.905699 -53.244612 -1478.157944 0.437721 -0.298754 0.848025 0.703775 -0.473135 -0.529947 0.559554 0.828788 0.003154
0.808682 -55.145954 -15.636778 -936.144476 0.411268 -0.290237 0.864072 0.766146 -0.403515 -0.500197 0.493842 0.867720 0.056411
-0.519195 -5.366647 -10.764992 -49.482640 -0.606136 0.780599 -0.152526 0.160284 0.307718 0.937880 -0.779043 -0.544035 0.311636
-0.940890 -5.703772 1.972795 -43.300080 -0.593231 0.799259 -0.096241 0.270064 0.310205 0.911503 -0.758382 -0.514741 0.399874
-1.016750 -6.252571 -1.983850 -38.155742 -0.618389 0.754072 -0.221292 0.211167 0.430672 0.877456 -0.756970 -0.495880 0.425558
-0.015617 -4.578990 -26.452560 -45.509996 -0.565526 0.822579 0.059533 0.259260 0.108788 0.959661 -0.782921 -0.558148 0.274784
-0.853711 -18.983170 -64.583035 -83.841572 0.018618 0.989394 -0.144059 0.678627 -0.118316 -0.724891 0.734247 0.084267 0.673632
-1.108301 -20.064088 -66.973980 -78.628848 0.035709 0.983624 -0.176658 0.430990 -0.174645 -0.885295 0.901650 0.044525 0.430169
-1.749528 -17.925486 -47.758219 -78.049869 0.000346 0.983711 -0.179755 0.623218 -0.140789 -0.769271 0.782048 0.111760 0.613115
2.104978 -38.113484 75.120970 -1271.748447 -0.447620 0.889062 -0.095940 -0.024711 -0.119545 -0.992521 0.893882 0.441902 -0.075481
3.174294 -35.865428 79.983122 -1228.397340 -0.432980 0.887380 -0.158385 0.099413 -0.127628 -0.986827 0.895905 0.443022 0.032957
2.700710 -18.439649 57.845311 -511.889236 -0.433044 0.861806 -0.264128 0.376854 -0.093085 -0.921584 0.818813 0.498624 0.284465
5.464653 -115.553194 103.338338 -5288.713524 -0.421316 0.906070 -0.039122 -0.266560 -0.164949 -0.949599 0.866856 0.389653 -0.311017
1.544524 -14.578888 38.165289 -513.149535 -0.443484 0.867904 -0.223750 0.257073 -0.115980 -0.959407 0.858624 0.483002 0.171679
1.561230 -58.093868 5.221103 -2380.125415 -0.403550 0.910575 -0.089444 -0.263815 -0.209407 -0.941568 0.876099 0.356373 -0.324729
2.133545 -67.646204 1.716874 -2209.666654 -0.415024 0.906004 -0.083133 -0.415576 -0.270063 -0.868540 0.809353 0.325917 -0.488596
0.799329 -17.245460 -9.280897 -454.287686 -0.403098 0.904542 -0.138981 0.002038 -0.150978 -0.988535 0.915154 0.398760 -0.059016
-0.949294 -9.285367 38.947944 99.150574 -0.312713 0.898303 -0.308647 0.043581 0.338171 0.940075 -0.948847 -0.280523 0.144899
-4.467749 -7.380173 209.782524 17.899292 -0.269863 0.877823 -0.395728 0.091756 0.432549 0.896929 -0.958517 -0.205737 0.197274
-0.491095 -11.140642 0.839066 49.439696 -0.339511 0.801266 -0.492651 0.152857 0.563800 0.811643 -0.928099 -0.200256 0.313895
0.211481 -12.435373 -47.947627 55.577309 -0.341596 0.891842 -0.296531 -0.052589 0.296878 0.953466 -0.938374 -0.341295 0.054512
1.341685 -5.665868 -238.625035 29.507729 0.787356 0.342447 0.512640 0.561140 -0.053695 -0.825978 0.255328 -0.938001 0.234438
0.796500 -5.068874 -203.531569 30.148257 0.755912 0.364053 0.544117 0.568524 0.047078 -0.821318 0.324620 -0.930188 0.171386
-2.149895 -5.294597 -96.801765 44.639887 0.798254 0.432566 0.419138 0.474836 -0.023818 -0.879752 0.370568 -0.901288 0.224410
4.205151 -5.183547 -282.039293 16.243105 0.772799 0.346493 0.531718 0.565055 0.005801 -0.825033 0.288953 -0.938035 0.191304
5.357616 -5.556300 -260.192248 23.287132 0.778186 0.372638 0.505536 0.573586 -0.093863 -0.813750 0.255783 -0.923217 0.286783
0.645046 -2.059750 -11.333832 -8.781140 -0.811978 0.565500 -0.144575 0.524440 0.815556 0.244604 0.256233 0.122792 -0.958784
0.169594 -2.114534 34.236002 29.096216 -0.755665 0.648607 -0.090993 0.593096 0.736594 0.325063 0.277863 0.191671 -0.941304
0.383589 -2.326574 47.454430 -5.675356 -0.836426 0.538097 -0.104131 0.507994 0.832454 0.221275 0.205752 0.132182 -0.969636
0.841733 -1.827978 17.710559 -25.782183 -0.903447 0.394642 -0.167453 0.372691 0.916054 0.148145 0.211860 0.071433 -0.974686
0.318890 -1.426106 -29.523626 -22.718111 -0.915459 0.330567 -0.229478 0.301218 0.941047 0.153943 0.266838 0.071805 -0.961063
-0.012274 -1.808078 -38.695330 -11.709134 -0.811077 0.558073 -0.175237 0.505948 0.819670 0.268623 0.293548 0.129213 -0.947171
-2.138305 -13.571165 1.772409 -0.832472 0.926406 -0.372203 0.056888 -0.028964 -0.221085 -0.974824 -0.375410 -0.901436 0.215595
-1.907654 -14.248394 -3.337528 10.442403 0.924952 -0.378456 0.035153 0.046727 0.021438 -0.998678 -0.377202 -0.925371 -0.037513
-2.233883 -13.711403 -7.405009 -17.411562 0.935382 -0.352849 0.023623 0.004384 -0.055225 -0.998464 -0.353611 -0.934049 0.050110
-1.342154 -15.585983 -9.072096 -80.771722 0.936181 0.342886 -0.077423 -0.257646 0.819158 0.512443 -0.239131 0.459792 -0.855224
-1.181064 -14.081514 -23.292944 -180.341388 0.923297 0.369657 -0.104287 -0.323075 0.894296 0.309608 -0.207712 0.252167 -0.945128
-0.684539 -14.926278 -35.012116 -106.188894 0.926512 0.345107 -0.149923 -0.237679 0.845685 0.477835 -0.291692 0.407086 -0.865562
-0.795403 -16.380879 -19.393733 -10.675457 0.940931 0.311176 -0.133484 -0.131839 0.699812 0.702055 -0.311877 0.642987 -0.699500
-1.924560 -17.260485 -49.378763 -32.762549 0.938714 0.320601 -0.126616 -0.134441 0.678762 0.721947 -0.317399 0.660679 -0.680265
-0.880206 -15.503951 -16.084795 -196.967277 0.939664 0.282288 -0.193248 -0.337074 0.667530 -0.663916 0.058417 -0.688997 -0.722406
-1.153349 -18.774540 -7.435008 -270.481057 0.950469 0.268874 -0.155936 -0.308167 0.749774 -0.585552 0.040523 -0.604603 -0.795495
-0.660571 -15.811611 8.887247 -60.174664 0.934379 0.301355 -0.190053 -0.338215 0.582556 -0.739080 0.112009 -0.754860 -0.646251
-0.477766 -14.185209 -24.160292 -56.345781 0.919541 0.304668 -0.248235 -0.378663 0.517864 -0.767093 0.105157 -0.799371 -0.591564
141.731533 -11.245685 -6277.569112 124.675003 0.957529 0.268727 -0.104515 0.190718 -0.318424 0.928565 -0.216250 0.909061 0.356151
59.466357 -10.561376 -3101.486085 -20.402263 0.771616 0.618472 -0.148663 0.410642 -0.305853 0.858969 -0.485779 0.723841 0.489972
89.200417 -20.782996 -4777.705508 -277.173425 0.695517 0.656637 -0.291690 0.496534 -0.145825 0.855680 -0.519336 0.739975 0.427467
-0.517511 -38.863642 23.126463 100.158187 0.883740 0.348038 -0.312847 -0.156155 -0.410883 -0.898215 0.441157 -0.842641 0.308766
-1.000291 -37.345303 39.712029 -640.112575 0.885073 0.352966 -0.303416 -0.022375 -0.618854 -0.785188 0.464914 -0.701737 0.539833
-0.634798 -36.711293 36.786583 27.443986 0.883984 0.371478 -0.283860 -0.211664 -0.223373 -0.951474 0.416859 -0.901171 0.118829
-0.741209 -33.050080 37.529843 -22.936757 0.888276 0.385771 -0.249293 -0.249465 -0.050518 -0.967065 0.385660 -0.921210 -0.051363
-0.264981 -37.059844 37.643066 551.659952 0.889042 0.388488 -0.242243 -0.342572 0.213464 -0.914920 0.303725 -0.896387 -0.322863
-0.282233 -37.490795 16.659614 471.697075 0.887768 0.363891 -0.281871 -0.298126 -0.011997 -0.954451 0.350697 -0.931364 -0.097835
2.502639 -7.867740 92.466835 -51.804421 0.933102 0.021789 -0.358950 0.285280 -0.652562 0.701982 0.218941 0.757422 0.615123
3.159596 -8.831497 24.009185 -54.748331 0.937041 0.119807 -0.328026 0.320756 -0.666709 0.672766 0.138096 0.735626 0.663162
3.332592 -8.490207 31.403508 -7.178627 0.954536 0.054332 -0.293104 0.271079 -0.567243 0.777658 0.124009 0.821756 0.556182
2.586988 -7.776994 107.736849 11.019034 0.947117 -0.049010 -0.317123 0.234694 -0.568159 0.788742 0.218832 0.821458 0.526611
-1.534067 -3053.981149 -3058.887989 135030.054716 0.623312 -0.107786 -0.774509 0.781192 0.130080 0.610588 0.034936 -0.985627 0.165282
-3.287028 -47.141055 -188.441294 1785.854156 0.522111 -0.073003 -0.849748 0.842877 0.196295 0.501025 0.130225 -0.977823 0.164021
-2.286879 -32.346612 -26.261660 1692.289784 0.407812 -0.043549 -0.912027 0.820076 0.456646 0.344891 0.401454 -0.888582 0.221939
1.879655 -3.068528 -106.114728 -43.327980 0.016113 0.993610 -0.111713 -0.334875 -0.099912 -0.936951 0.942125 -0.052507 -0.331125
0.994824 -2.744951 -70.984126 -21.699144 0.016338 0.991697 -0.127556 -0.306113 -0.116486 -0.944842 0.951855 -0.054483 -0.301668
3.162533 -2.385031 -149.726579 -8.547259 -0.016140 0.976118 -0.216640 -0.292178 -0.211816 -0.932613 0.956228 -0.048245 -0.288619
4.032770 -2.600794 -147.982496 -43.698883 -0.050620 0.978146 -0.201661 -0.310113 -0.207334 -0.927816 0.949351 -0.015572 -0.313831
0.307632 -1.942455 -139.617634 -26.979805 0.922935 0.146327 0.356061 -0.016306 -0.909250 0.415931 -0.384611 0.389683 0.836793
3.197932 -1.628998 -154.553006 -18.185749 0.922779 0.004326 0.385304 -0.151791 -0.915003 0.373803 -0.354172 0.403423 0.843690
1.628518 -1.993282 -151.069661 18.212452 0.922402 0.075690 0.378742 0.074573 0.927256 -0.366926 -0.378964 0.366697 0.849659
-0.898058 -2.473646 -76.562762 22.120390 0.899535 0.374383 0.225111 -0.250481 0.864208 -0.436353 -0.357906 0.336128 0.871161
-1.836674 -2.771772 -33.619402 -57.476450 0.755694 0.654897 0.006061 0.569280 -0.661419 0.488309 -0.323800 0.365562 0.872650
-2.714597 -5.323098 -81.876320 -28.753190 0.927613 0.214586 0.305757 0.302279 -0.912107 -0.276926 -0.219459 -0.349304 0.910947
-1.389392 -5.082130 -101.853491 -38.209242 0.866974 0.325404 0.377451 0.424037 -0.879589 -0.215674 -0.261820 -0.347037 0.900564
-0.921659 -5.686091 -106.616628 -28.948542 0.849734 0.364577 0.380836 0.491403 -0.809375 -0.321614 -0.190986 -0.460430 0.866908
-7.391947 -10.088188 94.286681 82.424883 -0.172014 0.978186 0.116459 -0.943760 -0.129754 -0.304108 0.282363 0.162220 -0.945492
-6.029331 -9.902461 -18.946060 68.276169 -0.372437 0.921165 0.112898 -0.886034 -0.316740 -0.338554 0.276105 0.226121 -0.934150
-5.716036 -8.986655 -29.036900 -85.315175 -0.536672 0.833974 0.128337 0.834421 0.501936 0.227599 0.125394 0.229233 -0.965261
-5.125263 -7.786359 -41.923670 -64.280098 -0.550134 0.826827 0.117090 0.834947 0.542148 0.094544 0.014692 0.149776 -0.988611
-6.225909 -9.049034 -15.609563 11.666775 0.515307 0.833368 -0.199890 0.441078 -0.057921 0.895598 -0.734785 0.549675 0.397427
-6.822529 -9.348292 -34.086448 22.435996 0.595461 0.771377 -0.224509 0.408151 -0.049762 0.911557 -0.691982 0.634430 0.344470
2.420719 -2.566272 -25.292287 46.912220 0.998086 0.050432 0.035803 -0.061749 0.845466 0.530447 0.003518 0.531642 -0.846962
0.997392 -3.019246 13.435128 2.601555 0.994006 0.077886 0.076717 -0.103835 0.892170 0.439604 0.034205 0.444935 -0.894909
3.851970 -1.635890 88.503314 -3.361366 0.975695 -0.166498 0.142468 -0.207546 -0.910746 0.357024 -0.070308 0.377915 0.923167
3.906749 -2.139506 114.391101 -29.889845 0.964213 -0.229277 0.133136 -0.261441 -0.905690 0.333728 -0.044064 0.356592 0.933221
-0.108652 -7.989656 140.437294 -49.114376 -0.529627 0.838711 0.126721 0.818636 0.466294 0.335270 0.222105 0.281306 -0.933561
1.941883 -8.067141 60.263141 74.614417 -0.567976 0.821837 0.044590 -0.783292 -0.523114 -0.335866 0.252702 0.225690 -0.940854
3.265531 -7.409286 9.758086 105.535532 -0.564668 0.825110 -0.018530 -0.794284 -0.549397 -0.259376 0.224194 0.131744 -0.965599
-0.426097 -11.058889 31.092200 63.865521 -0.100890 0.991729 0.079337 0.139125 0.093024 -0.985896 0.985122 0.088429 0.147359
0.220871 -11.565687 16.714235 29.172667 -0.097884 0.986385 0.132147 0.342320 0.158053 -0.926194 0.934471 0.045423 0.353130
0.651639 -10.669516 21.859484 41.377140 -0.103206 0.977374 0.184630 0.322611 0.208479 -0.923287 0.940888 0.035725 0.336828
-0.328289 -18.938675 -3.362380 -156.891446 -0.302621 0.908281 -0.288871 -0.125781 0.262374 0.956734 -0.944775 -0.325862 -0.034845
-0.314827 -20.138175 0.819371 -183.577261 -0.299385 0.916713 -0.264587 0.146301 0.318133 0.936690 -0.942849 -0.241721 0.229360
-0.189681 -19.055328 2.217042 -124.539190 -0.291018 0.921786 -0.256163 0.200780 0.320634 0.925679 -0.935412 -0.217957 0.278386
-0.619043 -11.275071 0.694507 -113.969178 -0.126728 0.991818 0.015418 -0.703771 -0.078948 -0.706027 0.699033 0.100324 -0.708017
-0.376503 -10.655600 32.067748 -134.627773 -0.168282 0.985333 0.028292 -0.639255 -0.087238 -0.764031 0.750356 0.146659 -0.644559
-0.819561 -9.792339 29.660468 -133.068893 -0.143716 0.989238 0.027451 -0.579729 -0.061677 -0.812472 0.802035 0.132679 -0.582354
-1.019424 -9.934656 -3.002742 -102.798530 -0.101733 0.994545 0.023028 -0.570640 -0.039379 -0.820256 0.814875 0.096588 -0.571533
2.150240 -3.999064 -49.752869 45.357350 0.824509 -0.547569 -0.142663 0.549983 0.716218 0.429594 0.133054 0.432666 -0.891682
0.164383 -21.609570 4.711811 83.953536 -0.213002 0.958534 -0.189322 0.894551 0.269250 0.356769 -0.392950 0.093366 0.914808
0.293371 -20.095599 -5.702468 20.827738 -0.236588 0.954266 -0.182761 0.817097 0.297190 0.493995 -0.525717 0.032461 0.850040
0.252044 -18.085259 -15.287243 27.090763 -0.198679 0.968236 -0.151811 0.863863 0.246169 0.439480 -0.462891 0.043828 0.885331
0.678120 -17.650180 6.287724 103.220624 0.915811 -0.279472 0.288418 -0.401377 -0.612528 0.680959 0.013645 0.739394 0.673134
0.592389 -17.315526 16.683713 166.117515 0.925530 -0.266259 0.269257 -0.374227 -0.751783 0.542934 -0.057862 0.603265 0.795439
1.180854 -19.101351 7.132676 182.670379 0.933261 -0.242206 0.265254 -0.357499 -0.554554 0.751442 0.034906 0.796120 0.604132
0.938158 -18.712211 0.528796 202.961528 0.943478 -0.214359 0.252784 -0.329546 -0.688041 0.646528 -0.035336 0.693289 0.719793
1.136903 -18.523564 10.958933 70.784575 0.921325 -0.266024 0.283535 -0.374771 -0.413564 0.829766 0.103478 0.870745 0.480725
1.426537 -19.249601 -9.877689 53.044915 0.943434 -0.207074 0.258944 -0.323366 -0.402115 0.856585 0.073251 0.891865 0.446330
1.528130 -19.406261 6.071731 17.875857 0.931374 -0.239482 0.274207 -0.331633 -0.247342 0.910407 0.150204 0.938866 0.309788
-1.017602 -21.686927 -19.318595 -268.529393 -0.445354 0.351453 -0.823493 0.242703 0.932691 0.266800 0.861833 -0.081044 -0.500676
-1.092797 -26.505330 -2.360035 -410.571655 -0.470141 0.341451 -0.813866 -0.038176 0.913402 0.405264 0.881765 0.221601 -0.416393
0.149444 -3.902832 114.141664 14.000140 0.982825 0.135821 -0.124927 0.184164 -0.764978 0.617165 0.011742 0.629573 0.776853
0.132198 -56.345012 -4.342180 609.110291 0.299989 -0.359905 0.883445 0.563046 0.814382 0.140577 -0.770056 0.455248 0.446949
0.316528 -41.779085 -29.490829 168.279388 0.296217 -0.321812 0.899273 0.722505 0.691301 0.009397 -0.624693 0.646946 0.437286
0.427293 -45.291162 2.525556 -191.187364 0.338414 -0.325596 0.882872 0.810224 0.577969 -0.097417 -0.478554 0.748291 0.459399
35.499526 -538.079159 1476.765836 -88159.504087 -0.432725 0.502912 -0.748217 -0.019919 0.824409 0.565644 0.901306 0.259672 -0.346725
6.320716 -1884.838574 -514.599137 -229068.583118 -0.570860 0.207624 -0.794362 -0.299527 0.848157 0.436937 0.764462 0.487363 -0.421990
4.585522 -299.228557 -496.942163 17702.508870 -0.362922 0.514619 -0.776824 0.929659 0.143232 -0.339438 -0.063416 -0.845371 -0.530403
4.884787 -99.678632 -173.167567 2842.740486 -0.562810 0.479406 -0.673360 0.755116 0.629554 -0.182925 0.336221 -0.611417 -0.716327
-1.808452 -531.572232 -894.252911 -12246.240003 -0.342710 0.378770 -0.859699 0.935926 0.058572 -0.347291 -0.081189 -0.923635 -0.374574
30.786587 12.476133 194.010892 995.089980 0.239260 -0.571048 0.785276 -0.284541 0.732021 0.619016 -0.928327 -0.371549 0.012657
8.818224 -382.133283 494.654620 -21100.598157 0.180581 -0.360660 0.915049 0.253931 0.915899 0.310882 -0.950215 0.176220 0.256977
0.617423 -13.589607 -7.055740 82.945580 0.927600 -0.209208 0.309500 -0.328999 -0.849951 0.411513 -0.176968 0.483545 0.857244
0.779733 -13.844060 -9.487902 82.839745 0.925391 -0.216031 0.311421 -0.325709 -0.873448 0.361942 -0.193819 0.436370 0.878644
0.793447 -12.925609 10.700251 83.071209 0.923668 -0.228429 0.307665 -0.301418 -0.928876 0.215261 -0.236610 0.291565 0.926825
-0.535220 -4.931707 -21.926015 -50.786942 -0.543411 0.829908 0.126323 0.349520 0.086862 0.932894 -0.763243 -0.551097 0.337271
-1.305081 -5.709754 -1.880476 -44.011534 -0.575466 0.817725 0.012847 0.362281 0.240805 0.900425 -0.733206 -0.522818 0.434822
-0.361639 -20.952891 -35.931404 -127.821396 0.025688 0.981019 -0.192205 0.450876 -0.182971 -0.873632 0.892217 0.064219 0.447017
-0.720998 -20.205307 -41.388482 -17.256812 0.038222 0.975439 -0.216926 0.168347 -0.220268 -0.960802 0.984986 -0.000205 0.172631
-1.339849 -19.542062 -52.299720 10.960582 0.032088 0.973910 -0.224656 0.150533 -0.226917 -0.962210 0.988084 0.002943 0.153887
3.416309 -17.135058 39.780757 -353.683687 -0.363795 0.904291 -0.223408 0.368390 -0.080611 -0.926170 0.855536 0.419237 0.303806
-3.541073 -12.552549 -220.371925 -318.856242 0.262008 -0.643457 0.719246 0.113390 0.760646 0.639188 -0.958381 -0.085917 0.272257
10.276462 -13.596065 -491.144827 -279.303404 0.794130 0.254770 -0.551770 -0.385045 -0.491517 -0.781122 0.470211 -0.832769 0.292230
13.087305 -11.216586 -13.300291 196.028207 0.585238 0.520042 -0.622135 0.318979 0.557740 0.766276 0.745485 -0.646902 0.160528
11.721123 -16.346732 48.612278 -395.278080 0.602672 0.531480 -0.595244 -0.429580 -0.412539 -0.803288 0.672493 -0.739824 0.020312
8.597261 -19.242968 -365.335482 -413.995504 0.772161 0.281817 -0.569514 -0.494599 -0.296119 -0.817120 0.398923 -0.912629 0.089265
9.685096 -21.441448 85.257525 -474.481158 0.616813 0.545460 -0.567464 -0.566075 -0.193518 -0.801318 0.546901 -0.815490 -0.189407
0.922785 -0.849559 -37.298874 -10.356837 -0.932876 -0.075168 -0.352268 -0.156223 0.965646 0.207657 0.324557 0.248750 -0.912571
0.392216 -0.988877 17.881386 33.555910 -0.843577 0.504046 -0.185243 0.416003 0.831519 0.368127 0.339586 0.233482 -0.911135
0.805239 -1.178809 -41.939585 -9.106471 -0.903933 0.303569 -0.301250 0.204309 0.925331 0.319406 0.375717 0.227174 -0.898459
-4.394116 -7.151953 -33.679153 57.523792 0.900640 0.418504 0.117055 0.268661 -0.324505 -0.906928 0.341568 -0.848264 0.404698
-3.753749 -6.479062 -44.869827 53.211454 0.860546 0.428238 0.275814 0.383290 -0.187766 -0.904341 0.335484 -0.883944 0.325721
-4.230863 -6.307437 -31.647437 64.699989 0.884006 0.441182 0.154570 0.264481 -0.199368 -0.943558 0.385465 -0.874992 0.292927
-4.429081 -6.939070 -0.408793 75.534589 0.904294 0.418559 -0.084030 0.073084 -0.345708 -0.935492 0.420609 -0.839818 0.343211
-5.074804 -8.128855 -9.440943 48.499442 0.913752 0.391176 -0.109726 0.114445 -0.506976 -0.854329 0.389821 -0.768087 0.508018
-4.552376 -7.816152 -32.070397 32.099676 0.931011 0.357878 0.071698 0.253304 -0.492105 -0.832868 0.262783 -0.793571 0.548807
-0.890975 -2.860417 78.222952 20.924794 -0.721755 0.689975 -0.054813 0.650444 0.703210 0.287087 0.236628 0.171554 -0.956335
-1.003524 -2.427271 72.833004 -49.479659 -0.622801 0.782339 -0.008028 -0.729565 -0.584434 -0.355207 0.282584 0.215366 -0.934753
-0.229477 -9.166534 18.665112 -203.922691 0.984981 -0.154130 0.077825 -0.158413 -0.627368 0.762440 0.068690 0.763318 0.642361
-0.368296 -9.597150 20.223529 -206.615485 0.993918 -0.106581 0.027688 -0.090185 -0.643575 0.760051 0.063188 0.757926 0.649273
0.607885 -11.438633 9.685665 -180.887329 0.990250 -0.128135 0.054652 -0.133623 -0.762832 0.632639 0.039373 0.633773 0.772516
-1.046010 -7.177224 5.830365 -130.750404 0.990956 -0.114218 0.070423 -0.122029 -0.548839 0.826973 0.055805 0.828088 0.557814
0.361318 -11.105927 30.978279 -206.814669 0.974695 -0.199436 0.100972 -0.212513 -0.686588 0.695295 0.069341 0.699158 0.711596
-0.866158 -7.748736 22.849745 -72.240456 0.969264 -0.197426 0.146802 -0.232141 -0.536305 0.811472 0.081475 0.820610 0.565652
-0.325524 -9.527114 33.002370 -98.925371 0.961006 -0.232072 0.150369 -0.260922 -0.580895 0.771025 0.091585 0.780194 0.618796
-2.762785 -11.963843 -10.380585 6.743068 0.960227 -0.279202 0.003287 -0.134835 -0.473965 -0.870159 -0.244508 -0.835107 0.492760
-2.684502 -12.279936 -8.502126 -8.376566 0.951551 -0.305681 0.033330 -0.109515 -0.438189 -0.892187 -0.287329 -0.845311 0.450435
-2.624343 -12.248063 -7.384469 -8.802128 0.956134 -0.292909 -0.003371 -0.091913 -0.289066 -0.952887 -0.278134 -0.911398 0.303308
-1.471891 -11.812788 3.064312 -187.956214 -0.918494 -0.388939 0.071386 -0.377936 0.916533 0.130885 -0.116334 0.093238 -0.988824
-0.988678 -13.082549 42.000859 -166.058448 -0.920322 -0.364931 0.140828 -0.328189 0.916277 0.229628 -0.212836 0.165113 -0.963036
-0.236462 -8.520872 -7.214107 18.059559 0.841151 0.490172 -0.228466 -0.216984 -0.081065 -0.972803 0.495362 -0.867848 -0.038172
-0.399223 -8.445486 8.084331 26.271289 0.838326 0.513508 -0.183082 -0.251486 0.066301 -0.965587 0.483698 -0.855520 -0.184722
-0.390648 -8.964738 -6.794561 32.287678 0.838037 0.504410 -0.208000 -0.196591 -0.076464 -0.977500 0.508965 -0.860072 -0.035083
-0.092012 -9.103259 -10.290806 16.931064 0.834047 0.487967 -0.257397 -0.151596 -0.245889 -0.957370 0.530456 -0.837512 0.131109
0.985513 -16.580777 44.871586 -54.090640 0.995803 0.006984 -0.091255 0.075701 0.497521 0.864143 -0.051437 0.867424 -0.494904
0.792747 -16.003277 25.497445 -97.246833 0.998510 0.027483 -0.047138 0.016214 0.675430 0.737246 -0.052100 0.736912 -0.673978
-0.115074 -16.574360 39.471291 -13.054127 0.999072 0.010916 -0.041668 0.033023 0.426982 0.903657 -0.027656 0.904194 -0.426225
0.276985 -15.656817 25.545909 -83.386348 0.999076 0.042598 0.005713 -0.032070 0.650381 0.758931 -0.028613 0.758413 -0.651146
0.375105 -16.584527 47.443537 13.442172 0.994178 -0.000086 -0.107746 0.105293 0.212926 0.971378 -0.022858 0.977068 -0.211696
-0.848244 -15.772456 23.059264 33.551019 0.999381 0.029011 -0.019913 0.012509 0.236047 0.971661 -0.032889 0.971308 -0.235538
-0.741396 -16.545785 44.182509 56.478092 0.996939 -0.000618 -0.078176 0.077753 0.112078 0.990653 -0.008149 0.993699 -0.111783
-0.384241 -15.624448 4.665386 11.217709 0.998001 0.063132 -0.003034 -0.026178 0.456564 0.889305 -0.057529 0.887448 -0.457304
10.327005 -6.928841 -734.416244 40.342737 0.758441 0.630007 -0.166907 0.419992 -0.276624 0.864341 -0.498370 0.725652 0.474401
9.730789 -6.093529 -580.719401 -15.219160 0.803431 0.585470 -0.108278 0.382873 -0.368763 0.847008 -0.455968 0.721969 0.520436
-1.575025 -28.560511 7.396101 -220.850051 0.909349 0.308870 -0.278717 -0.024411 -0.629173 -0.776882 0.415317 -0.713261 0.564598
-1.276746 -28.784553 10.447402 -346.790597 0.901979 0.317480 -0.292643 0.015226 -0.700727 -0.713267 0.431511 -0.638897 0.636875
-1.438582 -27.973865 1.345544 -263.332183 0.909223 0.272243 -0.314957 0.080608 -0.857352 -0.508379 0.408431 -0.436842 0.801469
-1.837804 -25.727205 20.560772 -214.015018 0.908815 0.286666 -0.303115 0.085853 -0.839501 -0.536533 0.408271 -0.461586 0.787562
-0.949316 -25.401123 -11.482729 51.071641 0.942366 0.281930 -0.180172 -0.280775 0.373492 -0.884121 0.181967 -0.883753 -0.431125
-0.758359 -29.146598 -16.599271 -24.717636 0.946123 0.265060 -0.185996 -0.261381 0.286114 -0.921856 0.191131 -0.920805 -0.339981
-0.760970 -26.620050 -17.236196 211.679325 0.945969 0.263207 -0.189381 -0.313985 0.597694 -0.737682 0.080971 -0.757287 -0.648043
-0.861986 -26.135444 18.628379 220.293948 0.933414 0.317635 -0.166871 -0.330481 0.580003 -0.744566 0.139714 -0.750136 -0.646356
-3.010027 -10.093092 193.011056 407.080688 -0.007066 -0.105187 -0.994427 0.853893 0.516892 -0.060742 0.520401 -0.849563 0.086167
-1.337487 -14.039186 -254.587911 678.093590 0.047499 -0.218459 -0.974689 0.784349 0.612364 -0.099027 0.618499 -0.759793 0.200435
0.053529 -3.379617 -1.184720 -26.827939 0.033176 0.999202 -0.022250 -0.324554 -0.010285 -0.945811 0.945285 -0.038600 -0.323954
0.458662 -2.971469 -29.932833 7.169536 -0.005473 0.985136 -0.171692 -0.276371 -0.166497 -0.946519 0.961035 -0.042270 -0.273174
0.323645 -3.608162 -28.440868 -47.727815 0.048484 0.998783 0.009048 -0.358011 0.025834 -0.933360 0.932458 -0.042014 -0.358828
3.882664 -1.992294 -134.446117 -23.092947 0.931468 -0.049430 0.360451 -0.178365 -0.925543 0.334001 -0.317103 0.375403 0.870930
0.520247 -5.061866 -117.039904 -33.475578 0.795320 0.433949 0.423265 0.548902 -0.811838 -0.199061 -0.257241 -0.390649 0.883867
0.460055 -376.788851 686.169038 -17599.483967 -0.085449 0.676032 -0.731901 0.564650 0.638091 0.523460 -0.820895 0.368539 0.436246
-14.438407 -175.431857 -336.848688 -7260.462150 0.076031 -0.583026 0.808888 0.488549 0.728970 0.479502 -0.869218 0.358724 0.340261
-5.471844 -45.649046 -178.568311 -1977.574900 0.188367 0.928485 -0.320052 0.410378 0.221657 0.884567 -0.892249 0.297966 0.339277
-0.088406 -895.646882 396.509915 -43046.322810 -0.041665 0.850698 -0.524002 0.571714 0.450410 0.685765 -0.819394 0.271007 0.505122
2.117200 -37.154468 -1.764996 -1103.381935 -0.699657 -0.646353 0.304480 -0.545088 0.758393 0.357378 -0.461907 0.084074 -0.882934
5.795135 -46.200948 -115.744231 -1203.874228 0.630909 0.705656 -0.322496 -0.376710 0.641994 0.667782 -0.678265 0.299822 -0.670867
3.003900 -39.408625 -76.657356 -1143.932304 0.579288 0.742087 -0.337243 -0.631266 0.670173 0.390348 -0.515683 0.013234 -0.856677
-8.996806 -11.265489 7.530908 144.160652 0.380584 0.882723 0.275603 -0.839626 0.454745 -0.297043 0.387535 0.118353 -0.914226
-7.813131 -10.810360 63.059320 48.042125 -0.216969 0.963408 0.157385 -0.871345 -0.118448 -0.476160 0.440095 0.240449 -0.865160
-5.325533 -9.843442 -22.372178 -22.741252 0.289923 0.947494 -0.134910 0.087048 0.114273 0.989628 -0.953083 0.298659 0.049347
-5.515765 -9.646372 -32.954737 -35.974193 0.366270 0.914551 -0.171589 -0.013735 0.189697 0.981747 -0.930407 0.357228 -0.082042
-5.162220 -9.376097 -8.923115 -37.918092 0.278509 0.951972 -0.127210 -0.110595 0.163358 0.980348 -0.954045 0.258967 -0.150780
5.767164 -3.104573 186.930068 71.782324 0.784193 0.562383 0.262235 -0.613657 0.640201 0.462134 -0.092014 0.523324 -0.847151
8.753395 -4.732424 371.163868 -16.875661 0.641851 0.693696 0.326822 0.765207 -0.551704 -0.331785 -0.049849 0.463043 -0.884933
4.636989 -4.502099 290.479703 -4.764611 0.605079 0.718106 0.343807 0.795971 -0.555165 -0.241293 0.017596 0.419662 -0.907510
4.127004 -1.584765 73.839602 4.674325 0.981522 -0.112920 0.154478 -0.167061 -0.899343 0.404069 -0.093301 0.422410 0.901590
4.328237 -1.415848 -72.420478 -7.340461 0.955891 -0.059487 0.287633 -0.171416 -0.908194 0.381838 -0.238512 0.414301 0.878332
4.201330 -1.764458 -32.597046 -14.933088 0.957232 -0.099591 0.271641 -0.193897 -0.917668 0.346827 -0.214735 0.384664 0.897732
-3.302529 -8.149741 169.044100 -52.589330 -0.330877 0.919403 0.212645 0.915576 0.258191 0.308315 0.228563 0.296707 -0.927213
-4.372649 -8.261666 97.346044 -173.594354 0.024599 0.971749 0.234729 0.991910 -0.052975 0.115358 0.124534 0.229993 -0.965191
2.284865 -5.990620 5.056514 30.096132 -0.135681 0.942253 0.306187 0.175777 -0.281249 0.943399 -0.975035 -0.181822 0.127466
1.879890 -5.998969 15.609810 -2.008886 -0.121293 0.947199 0.296819 0.059409 -0.291563 0.954705 -0.990837 -0.133433 0.020908
1.995366 -6.242154 36.480651 -3.834731 -0.101534 0.950648 0.293188 0.194556 -0.270046 0.942986 -0.975622 -0.152787 0.157535
2.429352 -6.245506 19.107482 -27.376440 -0.133007 0.942534 0.306493 0.222683 -0.272915 0.935911 -0.965775 -0.192734 0.173586
2.243909 -6.478254 13.269766 -46.095196 -0.128168 0.946087 0.297478 0.276253 -0.254023 0.926907 -0.952501 -0.200979 0.228801
-0.837904 -10.114378 17.157499 63.568692 -0.077340 0.996827 0.018826 -0.004815 0.018509 -0.999817 0.996993 0.077417 -0.003369
-0.762478 -11.176075 3.819303 111.411091 -0.052590 0.998609 0.003830 0.075387 0.007794 -0.997124 0.995767 0.052150 0.075692
-0.361272 -12.016238 16.489218 67.461949 -0.079373 0.995551 0.050776 0.244560 0.068828 -0.967188 0.966380 0.064351 0.248935
-0.466471 -17.042801 -16.999865 211.681294 -0.237491 0.880956 -0.409286 -0.635800 0.177577 0.751149 -0.734408 -0.438615 -0.517939
-0.523361 -14.281013 -8.390926 -91.716719 -0.281854 0.906078 -0.315565 -0.339343 0.213500 0.916114 -0.897443 -0.365295 -0.247295
-0.556244 -13.961506 -8.905075 66.020152 -0.248793 0.894552 -0.371320 -0.513757 0.203111 0.833546 -0.821070 -0.398149 -0.409050
1.030525 -5.370901 18.892200 17.432083 -0.254605 0.940940 -0.223179 0.319927 0.299746 0.898777 -0.912592 -0.157432 0.377349
1.234932 -5.768970 5.308759 28.029565 -0.278599 0.931215 -0.234993 0.219788 0.300006 0.928272 -0.934920 -0.206967 0.288251
0.799547 -5.795973 36.855836 9.400043 -0.233753 0.947523 -0.218083 0.253446 0.275921 0.927164 -0.938682 -0.161455 0.304644
1.130907 -5.484240 -14.664526 28.158937 -0.306560 0.924075 -0.228267 0.285685 0.318082 0.903995 -0.907968 -0.211916 0.361505
0.417806 -5.682085 39.793852 1.183549 -0.210556 0.962066 -0.173477 0.369251 0.242578 0.897112 -0.905163 -0.124836 0.406320
0.588341 -5.376874 24.115317 -1.263095 -0.220931 0.959402 -0.175318 0.408202 0.254221 0.876780 -0.885754 -0.122143 0.447795
0.867935 -5.181306 2.888697 13.888777 -0.271629 0.939876 -0.207003 0.393118 0.304684 0.867540 -0.878451 -0.154272 0.452244
14.277620 -3.542036 -58.562881 -18.713720 0.836539 0.542280 -0.078327 -0.395841 0.697000 0.597914 -0.378830 0.469174 -0.797724
11.649019 -4.456870 178.413427 -2.040454 0.765984 0.639164 0.068833 -0.577342 0.636870 0.510954 -0.282746 0.431122 -0.856848
11.613681 -2.176227 58.289435 26.465554 0.888728 0.454942 0.056478 -0.395245 0.697976 0.597170 -0.232257 0.553044 -0.800124
14.440783 -2.324160 -49.202512 -17.549195 0.955637 0.294529 -0.003392 -0.226268 0.741430 0.631732 -0.188578 0.602938 -0.775180
18.154956 -3.622231 -269.822060 -60.884805 0.894275 0.422148 -0.148534 -0.246351 0.741469 0.624128 -0.373608 0.521550 -0.767074
-0.418745 -22.532106 -19.936949 257.770587 0.838479 -0.443823 0.316187 0.206194 0.795488 0.569810 -0.504418 -0.412578 0.758513
-0.538462 -20.662828 -23.044323 220.524587 0.842612 -0.429013 0.325504 0.315377 0.883062 0.347474 -0.436511 -0.190129 0.879380
0.098030 -21.063920 -28.431956 156.205105 0.834253 -0.441646 0.330108 0.271833 0.850312 0.450639 -0.479718 -0.286213 0.829429
-0.857512 -23.644617 -33.858666 242.055149 0.833284 -0.448874 0.322723 0.171031 0.764420 0.621619 -0.525725 -0.462790 0.713750
0.090991 -15.854701 19.031816 90.826847 0.908596 -0.310372 0.279503 -0.411241 -0.781780 0.468722 -0.073032 0.540822 0.837960
-0.068249 -15.249775 16.209163 49.268988 0.912368 -0.300055 0.278481 -0.385082 -0.859890 0.335113 -0.138910 0.412985 0.900082
0.419393 -16.120802 17.129944 120.933635 0.932010 -0.248182 0.264127 -0.339327 -0.853564 0.395330 -0.127336 0.458077 0.879745
0.234030 -13.277831 53.944917 149.813223 0.904402 -0.130344 0.406285 -0.422117 -0.134411 0.896522 0.062247 0.982316 0.176582
1.669085 -10.924595 26.853277 158.664353 0.898074 -0.133372 0.419135 -0.437849 -0.361742 0.823062 -0.041845 0.922689 0.383268
2.940227 -13.329887 115.540140 176.101832 0.896060 -0.126595 0.425500 -0.441691 -0.158018 0.883142 0.044565 0.979288 0.197509
0.317763 -12.007397 6.882692 123.681950 0.941760 -0.133222 0.308771 -0.333622 -0.254817 0.907615 0.042234 0.957768 0.284423
1.029247 -14.785381 201.192358 124.969730 0.875692 -0.167142 0.453021 -0.446017 0.079505 0.891486 0.185022 0.982722 0.004926
-1.662316 -14.553269 9.955587 122.988654 0.912022 -0.113898 0.394009 -0.387347 0.076608 0.918746 0.134828 0.990534 -0.025750
-1.244732 -14.068737 -43.898399 127.512207 0.951581 -0.088370 0.294422 -0.298759 -0.040406 0.953473 0.072362 0.995268 0.064851
-6.601347 -300.462052 -17.913898 8601.736074 0.316876 -0.238310 0.918040 0.902476 0.373506 -0.214546 -0.291765 0.896494 0.333424
