12156
24298
-8.243635 -10.464389 90.089979 125.357376 -0.164686 0.968919 0.184590 -0.208481 0.148723 -0.966653 0.964061 0.197678 -0.177509
-6.921833 -10.704810 -38.390327 252.916389 0.040400 0.875559 0.481420 -0.338520 0.465312 -0.817856 0.940091 0.129929 -0.315193
-6.477903 -8.353337 19.891647 99.813683 -0.264787 0.940573 -0.212626 -0.277344 -0.285461 -0.917384 0.923563 0.183941 -0.336448
-5.535031 -7.454507 -24.841566 121.150505 -0.056166 0.991989 0.113152 -0.451155 0.075885 -0.889214 0.890676 0.100993 -0.443279
-6.360490 -9.784032 -17.483418 92.332808 -0.286585 0.937396 -0.197882 -0.128828 -0.242376 -0.961591 0.949354 0.250084 -0.190224
-4.812732 -7.041250 -12.896513 72.656944 -0.367164 0.797731 -0.478346 -0.282699 -0.585641 -0.759675 0.886156 0.143697 -0.440544
-6.081245 -8.749385 -39.595264 70.221544 -0.392527 0.821835 -0.412929 -0.098298 -0.483877 -0.869598 0.914473 0.300750 -0.270719
-5.499008 -7.736916 -22.529983 55.498513 -0.434266 0.700764 -0.565988 -0.136773 -0.672339 -0.727498 0.890340 0.238516 -0.387820
-6.116393 -9.727792 -12.906555 1.210773 0.293840 0.936650 0.190643 -0.790389 0.125931 0.599521 -0.537534 0.326846 -0.777322
-6.244907 -9.642696 0.153194 30.294115 0.290379 0.926976 0.237479 -0.691925 0.031971 0.721261 -0.660999 0.373757 -0.650681
-6.479304 -9.571565 -1.008615 24.848407 0.369656 0.879623 0.299362 -0.756351 0.097718 0.646826 -0.539710 0.465526 -0.701426
-6.461571 -9.384450 -1.771980 2.724009 0.353948 0.866728 0.351430 -0.680471 -0.019129 0.732525 -0.641623 0.498414 -0.583013
-6.272519 -9.573512 -14.481423 2.648258 0.369303 0.899852 0.232123 -0.828299 0.205478 0.521247 -0.421349 0.384766 -0.821231
-8.865368 -28.838312 143.068569 1300.859172 0.189268 0.976842 0.099786 -0.970163 0.201715 -0.134516 0.151530 0.071349 -0.985874
-7.369249 -29.046016 -118.689052 -1355.494500 -0.032204 0.979716 -0.197785 0.994824 0.050501 0.088174 0.096374 -0.193922 -0.976272
-8.380308 -36.858358 99.522257 1815.909188 0.113225 0.993560 0.004273 -0.974957 0.110275 0.193126 -0.191411 0.026032 -0.981165
-16.470990 -28.623327 -701.288702 -1199.345516 0.044877 0.957728 -0.284152 -0.749973 -0.155604 -0.642905 0.659944 -0.241958 -0.711288
-13.194053 -77.601362 262.634234 -4435.698129 0.367034 0.906503 0.208659 0.909179 -0.302168 -0.286512 -0.196673 0.294868 -0.935079
-10.845982 -26.924383 -375.831119 -1231.913792 0.061868 0.984215 -0.165809 -0.680155 -0.080006 -0.728689 0.730453 -0.157859 -0.664469
-0.235452 -2.397856 143.347016 19.336171 0.186434 -0.091007 0.978243 0.268019 0.962645 0.038477 -0.945203 0.255014 0.203861
2.106848 -1.945074 162.437007 6.062474 0.213100 0.009115 0.976988 0.278340 0.957954 -0.069649 -0.936544 0.286777 0.201603
-1.457190 -2.235826 135.807557 0.333639 0.238497 0.122584 0.963375 0.257545 0.948498 -0.184450 -0.936370 0.292104 0.194643
-2.119621 -3.023865 32.887386 96.346698 0.370074 0.875440 0.310885 0.037779 -0.348549 0.936529 -0.928234 0.334840 0.162062
-2.543276 -4.186463 5.810170 109.209893 0.286520 0.957541 -0.031968 0.122983 -0.003667 0.992402 -0.950148 0.288275 0.118812
-2.665513 -3.333349 -6.600737 106.313179 0.192296 0.933941 -0.301291 0.218037 0.258685 0.941032 -0.956808 0.246650 0.153890
-0.252721 -4.099454 -58.787463 -80.582860 0.132161 0.960120 -0.246380 -0.190972 -0.219240 -0.956799 0.972658 -0.173503 -0.154381
-0.287678 -5.021479 -81.720202 -45.176175 0.151654 0.954404 -0.257125 -0.272147 -0.209762 -0.939114 0.950230 -0.212397 -0.227927
-1.011726 -4.190909 -41.364647 -117.836714 0.116335 0.969967 -0.213611 -0.150937 -0.195308 -0.969058 0.981674 -0.144977 -0.123683
-0.740823 -3.608607 -22.576949 -63.634875 0.109455 0.981502 -0.157075 -0.110599 -0.145018 -0.983228 0.987820 -0.124992 -0.092680
-1.346358 -3.364423 21.648935 -110.504875 0.061008 0.985858 -0.156081 -0.065687 -0.152067 -0.986185 0.995974 -0.070417 -0.055481
-1.692878 -4.928062 7.123275 -133.251957 0.074541 0.981212 -0.177952 -0.118603 -0.168459 -0.978547 0.990140 -0.094048 -0.103818
0.999994 -12.846532 8.016374 181.156187 0.110484 0.977175 -0.181445 -0.889778 0.015910 -0.456116 0.442819 -0.211840 -0.871226
0.439222 -15.531546 33.899503 152.488134 0.125757 0.983827 -0.127554 -0.749552 0.009999 -0.661870 0.649890 -0.178843 -0.738687
0.426021 -13.129056 35.998991 299.430886 0.124518 0.981198 -0.147468 -0.924042 0.060534 -0.377467 0.361443 -0.183268 -0.914206
0.877121 -10.910000 10.242018 199.905598 0.117497 0.975342 -0.186824 -0.961652 0.064799 -0.266507 0.247829 -0.210974 -0.945553
1.138643 -11.175173 15.128929 160.260908 0.106452 0.975029 -0.194901 -0.954995 0.045680 -0.293082 0.276861 -0.217328 -0.936011
-0.155363 -24.039906 8.355010 272.269570 0.135674 0.964706 -0.225686 -0.900350 0.024987 -0.434448 0.413475 -0.262140 -0.871964
-0.246704 -23.432572 7.968722 96.426698 0.166134 0.962190 -0.215849 -0.732936 -0.025950 -0.679803 0.659700 -0.271142 -0.700912
0.045947 -23.577113 13.154382 72.682320 0.164081 0.959811 -0.227683 -0.721849 -0.040484 -0.690866 0.672318 -0.277710 -0.686196
0.260042 -24.796507 -18.732297 62.582924 0.176797 0.955217 -0.237283 -0.689884 -0.051681 -0.722073 0.702000 -0.291358 -0.649852
0.351398 -24.782698 -34.426405 85.524520 0.156739 0.951258 -0.265595 -0.796291 -0.037367 -0.603759 0.584255 -0.306123 -0.751621
0.152766 -21.503893 -24.458065 240.865337 0.130078 0.953670 -0.271279 -0.928134 0.020874 -0.371661 0.348779 -0.300128 -0.887849
-0.016175 -22.358899 -17.197577 -334.212203 0.109253 0.957315 -0.267604 0.986152 -0.070594 0.150071 0.124774 -0.280293 -0.951770
-0.290648 -20.482429 9.003974 -297.184722 0.095255 0.965360 -0.242911 0.991065 -0.069081 0.114100 0.093367 -0.251609 -0.963315
-0.468731 -21.047740 19.009821 -182.467632 0.114579 0.963338 -0.242594 0.988509 -0.086323 0.124091 0.098601 -0.254025 -0.962159
2.689547 -6.682023 58.996261 12.892999 0.084566 0.996245 -0.018549 -0.738799 0.075182 0.669719 -0.668599 0.042931 -0.742383
3.170964 -6.571932 -18.405498 6.404405 0.027959 0.994399 -0.101928 -0.741295 0.089031 0.665248 -0.670597 -0.056959 -0.739632
2.911251 -6.751092 46.087854 8.701961 0.081881 0.995606 -0.045426 -0.800282 0.092846 0.592392 -0.594006 0.012151 -0.804368
0.719748 -3.712731 21.680828 -15.550598 0.199588 0.277153 0.939867 0.593848 0.728740 -0.341003 -0.779429 0.626198 -0.019139
1.243814 -3.878785 72.079874 -34.556310 0.207780 0.242545 0.947628 0.526976 0.788410 -0.317340 -0.824089 0.565315 0.036000
1.738429 -3.266390 22.063108 -2.682849 0.080408 0.162900 0.983361 0.563137 0.806596 -0.179665 -0.822442 0.568213 -0.026878
0.335257 -2.625729 -27.252961 24.886887 0.085828 0.213231 0.973225 0.631778 0.743672 -0.218652 -0.770383 0.633629 -0.070887
-0.214048 -20.757708 -4.236957 169.609696 -0.056378 0.980980 -0.185744 -0.276469 0.163426 0.947025 -0.959368 -0.104743 -0.261997
-0.375455 -18.213876 -14.330882 -7.906718 -0.064804 0.977856 -0.198991 -0.538851 0.133548 0.831748 -0.839905 -0.161127 -0.518264
-0.492799 -20.196525 15.340211 -33.690087 -0.029525 0.979183 -0.200822 -0.615176 0.140552 0.775760 -0.787836 -0.146445 -0.598220
-0.252228 -21.523890 10.242985 156.309734 -0.044586 0.980406 -0.191873 -0.299225 0.170140 0.938891 -0.953140 -0.099275 -0.285777
-0.370151 -18.452886 0.205394 -205.381166 0.064986 0.969189 0.237592 -0.359582 -0.199356 0.911569 -0.930848 0.144673 -0.335547
0.092513 -17.370122 20.887093 -199.064665 0.092518 0.974724 0.203354 -0.400708 -0.150514 0.903758 -0.911522 0.165099 -0.376655
0.129939 -16.314125 15.966221 -62.669294 0.082041 0.972593 0.217561 -0.573000 -0.132579 0.808761 -0.815439 0.191014 -0.546418
-0.317490 -17.203258 1.473262 -136.017556 0.078800 0.966438 0.244514 -0.538626 -0.165117 0.826207 -0.838852 0.196807 -0.507538
-2.056305 -16.531193 -18.658753 -394.913607 -0.130653 0.922815 0.362413 -0.713656 -0.341284 0.611735 -0.688204 0.178713 -0.703162
-1.593329 -13.702583 0.092807 19.690379 -0.100822 0.932478 0.346872 -0.794972 -0.285139 0.535458 -0.598210 0.221767 -0.770042
-1.543957 -12.895040 1.094809 -190.782570 -0.116209 0.930503 0.347361 -0.787034 -0.299604 0.539272 -0.605865 0.210717 -0.767154
-1.571055 -15.892473 -15.181966 -290.532207 -0.175584 0.922209 0.344530 -0.679772 -0.366716 0.635161 -0.712096 0.122678 -0.691281
-1.392025 -13.885056 8.396675 -29.231987 -0.132047 0.934501 0.330562 -0.811112 -0.293559 0.505886 -0.569790 0.201322 -0.796749
-3.874431 -11.369474 -19.356920 -115.815444 0.229000 0.939090 0.256260 0.943663 -0.149567 -0.295178 -0.238870 0.309419 -0.920435
-3.888210 -9.807759 2.935756 -100.137592 0.220664 0.923937 0.312486 0.905858 -0.075372 -0.416822 -0.361565 0.375046 -0.853587
-4.174444 -11.350542 -3.671829 -126.751877 0.196871 0.907423 0.371249 0.950250 -0.083376 -0.300121 -0.241383 0.411865 -0.878693
-3.639214 -9.662202 -31.470411 86.670246 0.220778 0.948900 0.225489 -0.891078 0.102248 0.442183 -0.396532 0.298553 -0.868118
-3.843968 -13.187934 -26.546045 -129.725348 0.243955 0.947805 0.205310 0.964031 -0.213979 -0.157663 -0.105502 0.236388 -0.965914
-3.447551 -10.932940 -41.792258 92.900260 0.224685 0.958724 0.174253 -0.921035 0.150565 0.359201 -0.318139 0.241200 -0.916848
4.098809 -173.859433 518.727307 8458.365809 0.822796 -0.567494 0.030942 -0.374426 -0.582221 -0.721681 -0.427565 -0.582211 0.691533
-22.576146 -539.904657 -256.211256 -27271.966229 0.562357 -0.818623 -0.116668 0.815047 0.524957 0.245188 -0.139471 -0.232973 0.962430
-12.044984 -129.546587 239.085361 -5728.402811 -0.599722 0.798931 0.045195 0.721484 0.515429 0.462379 -0.346114 -0.309906 0.885530
-2.668006 -180.221804 227.773609 -8277.499672 -0.635756 0.752468 -0.172063 0.559504 0.602798 0.568850 -0.531760 -0.265379 0.804242
-6.284686 -32.220102 -201.664454 -1265.789899 0.764975 -0.609234 0.208919 0.292466 0.617596 0.730096 -0.573827 -0.497403 0.650625
-6.062783 -103.246710 211.550780 -4790.783051 -0.566843 0.816741 -0.107809 0.793522 0.576464 0.194967 -0.221385 -0.024967 0.974867
-16.079374 -291.022809 -579.940154 -10473.080171 0.303473 0.930379 -0.205668 -0.579338 0.351532 0.735386 -0.756487 0.104018 -0.645684
-2.929654 -129.809325 66.937913 -5554.892368 0.293104 0.940448 -0.172187 -0.879619 0.335826 0.336883 -0.374646 -0.052717 -0.925668
-17.570237 -704.034220 -195.323420 52628.694019 0.544114 0.758771 -0.358059 0.769187 -0.280679 0.574082 0.335098 -0.587781 -0.736358
0.093718 -4.976741 84.831206 18.547536 0.187616 0.228304 0.955342 -0.169868 0.965499 -0.197372 -0.967442 -0.125252 0.219925
-0.861890 -4.502834 74.573000 13.266966 0.175138 0.229189 0.957496 -0.075429 0.972793 -0.219054 -0.981650 -0.033858 0.187661
-1.487571 -4.723112 90.495947 8.491767 0.152579 0.341652 0.927359 -0.157035 0.934805 -0.318558 -0.975735 -0.097023 0.196283
-2.830095 -4.991850 66.386502 5.623514 0.071763 0.580490 0.811099 -0.190582 0.806193 -0.560117 -0.979045 -0.114385 0.168486
-1.200298 -5.034969 92.034060 23.651212 0.139442 0.374461 0.916698 -0.235384 0.911742 -0.336632 -0.961847 -0.168836 0.215277
-0.168102 -17.197306 125.785462 -352.021012 -0.326633 0.931666 -0.159092 0.882461 0.240334 -0.404355 0.338488 0.272468 0.900659
-0.408762 -24.962489 5.100341 -669.727345 -0.327529 0.944474 -0.026343 0.773104 0.251864 -0.582130 0.543172 0.211031 0.812669
0.772282 -25.142880 85.021674 -514.942102 -0.336227 0.934523 -0.116697 0.724704 0.177600 -0.665780 0.601461 0.308424 0.736966
0.218552 -74.653435 29.326097 2773.373528 -0.812714 0.059754 0.579591 -0.147007 0.941518 -0.303204 -0.563813 -0.331622 -0.756401
-0.097892 -62.910353 -67.015988 -671.874099 0.777269 -0.192033 -0.599146 -0.252073 0.777466 -0.576200 -0.576465 -0.598891 -0.555894
0.643027 -89.143134 9.220042 -3334.693535 0.838010 -0.095491 -0.537235 -0.435280 0.476734 -0.763712 -0.329046 -0.873846 -0.357942
0.477612 -46.144117 52.971900 -427.283066 0.827999 -0.059682 -0.557544 -0.345331 0.729104 -0.590892 -0.441773 -0.681795 -0.583088
0.159704 -3.745544 30.969173 -52.750142 -0.069375 0.994270 0.081326 -0.552094 0.029634 -0.833255 0.830891 0.102707 -0.546874
0.257415 -4.253649 28.538717 -56.427804 -0.116200 0.993048 0.018785 -0.582781 -0.052854 -0.810909 0.804278 0.105175 -0.584871
0.552607 -2.725917 33.518579 -33.261080 -0.032386 0.989869 0.138242 -0.537001 0.099422 -0.837702 0.842960 0.101366 -0.528341
-0.065178 -3.414153 28.839329 -36.372994 -0.010423 0.985656 0.168442 -0.533711 0.136967 -0.834502 0.845603 0.098598 -0.524628
-3.013933 -7.906770 -17.102649 -80.251911 -0.044489 0.998567 0.029729 0.701953 0.010072 0.712152 -0.710832 -0.052552 0.701396
-1.980048 -6.759500 -74.534263 -29.361373 -0.301617 0.934596 -0.188565 0.567842 0.334961 0.751902 -0.765887 -0.119711 0.631733
-4.153191 -10.031491 111.740201 -261.566998 -0.052955 0.998597 -0.000275 0.600134 0.032044 0.799257 -0.798145 -0.042159 0.600989
-3.023402 -7.678103 43.797135 31.911645 0.081365 0.995149 0.055309 0.825382 -0.098383 0.555937 -0.558681 -0.000417 0.829383
-2.948014 -7.315367 -124.911983 -2.580146 0.028291 0.996303 0.081116 0.787555 -0.072191 0.612001 -0.615595 -0.046570 0.786686
-5.563554 -12.672074 299.777044 -552.395992 0.397768 0.903857 0.157556 0.532631 -0.367312 0.762487 -0.747051 0.219374 0.627527
0.077107 -7.861936 28.974706 -10.168189 -0.052394 0.982420 0.179178 0.820961 -0.059783 0.567846 -0.568575 -0.176850 0.803397
-0.146416 -7.591860 52.776988 -3.794080 -0.035144 0.984845 0.169840 0.750343 -0.086250 0.655398 -0.660114 -0.150471 0.735940
-0.008164 -7.552850 -21.166406 7.651446 -0.071133 0.974427 0.213148 0.789537 -0.075585 0.609031 -0.609567 -0.211611 0.763969
0.096886 -7.680998 -7.002172 10.483406 -0.089282 0.978958 0.183493 0.865411 -0.014950 0.500840 -0.493045 -0.203513 0.845866
0.208601 -8.038682 -2.061299 -6.386491 -0.104876 0.976126 0.190206 0.910864 0.017518 0.412335 -0.399159 -0.216496 0.890956
-2.687499 -6.091686 130.312964 -112.593022 -0.094603 0.992720 0.074545 0.031928 0.077868 -0.996452 0.995003 0.091887 0.039062
-0.943924 -4.584885 122.639878 -110.233997 -0.113981 0.991903 0.056010 0.109310 0.068557 -0.991641 0.987451 0.106906 0.116239
-2.466347 -4.311841 104.821133 -126.209081 -0.077959 0.979886 0.183702 0.118969 0.192090 -0.974140 0.989833 0.054088 0.131551
-1.548403 -2.462313 -112.180687 52.191274 0.119156 0.672039 -0.730866 -0.152894 0.739750 0.655281 0.981033 0.033664 0.190897
-3.080324 -4.173658 -162.845009 94.109268 0.157960 0.467887 -0.869558 -0.070918 0.883715 0.462622 0.984896 -0.011408 0.172774
-0.478369 -7.314330 -3.923087 -88.303684 -0.301284 0.952946 0.033501 0.942854 0.292481 0.159627 -0.142317 -0.079679 0.986609
-0.672151 -7.372124 -5.984321 -81.934345 -0.317279 0.948230 0.013923 0.939228 0.312170 0.142827 -0.131087 -0.058393 0.989650
-0.507221 -7.258976 -10.524169 -35.415232 -0.316114 0.948371 0.025786 0.929661 0.304228 0.207790 -0.189217 -0.089657 0.977834
-0.357919 -7.248798 -0.310861 -24.223543 -0.298328 0.953799 0.035602 0.933734 0.283914 0.218021 -0.197840 -0.098284 0.975295
-0.380314 -7.215109 0.458037 -72.773934 -0.300553 0.952608 0.046956 0.941528 0.288476 0.174089 -0.152293 -0.096534 0.983610
2.497607 -13.037303 -32.952120 85.224512 -0.335474 0.941067 -0.043021 -0.350579 -0.082327 0.932908 -0.874387 -0.328048 -0.357536
2.790651 -11.610801 -28.765205 65.026302 -0.344348 0.938216 -0.034292 -0.134957 -0.013320 0.990762 -0.929092 -0.345795 -0.131206
1.933443 -12.267122 -28.941854 65.391352 -0.388726 0.920610 -0.037005 -0.326275 -0.099985 0.939972 -0.861648 -0.377465 -0.339239
-0.044417 -19.212479 37.316269 -76.423212 -0.345480 -0.924973 -0.158332 0.938379 -0.338826 -0.068125 0.009366 -0.172111 0.985033
-0.265645 -16.672707 1.496122 -8.122521 -0.326511 -0.937245 -0.122322 0.943666 -0.330595 0.014157 -0.053708 -0.110808 0.992390
-0.136361 -18.873603 -25.394417 58.701246 0.300382 0.942917 0.143798 0.920263 -0.326139 0.216217 -0.250773 -0.067384 0.965698
0.013392 -22.778972 -25.693814 -109.047075 0.322956 0.933494 0.155848 0.933628 -0.341220 0.109118 -0.155040 -0.110263 0.981736
3.866859 -6.794352 62.219140 -28.028345 0.009811 0.991397 -0.130523 0.892698 0.050128 0.447858 -0.450548 0.120912 0.884526
4.012330 -6.538995 -25.006884 -41.408007 -0.042400 0.998839 -0.022876 0.854423 0.048118 0.517344 -0.517844 -0.002389 0.855472
3.227810 -6.542758 79.138627 -17.881963 -0.000575 0.985136 -0.171778 0.822875 0.098074 0.559695 -0.568222 0.141030 0.810700
0.239606 -17.435720 -66.666555 -105.858152 0.510583 -0.566892 0.646481 0.789349 0.010913 -0.613848 0.340930 0.823720 0.453048
0.486006 -18.793817 -64.233674 -140.157192 0.517396 -0.563593 0.643945 0.724230 -0.112456 -0.680327 0.455843 0.818362 0.349987
1.328264 -18.309169 -63.764740 149.107358 0.519569 -0.577391 0.629816 0.806319 0.087484 -0.584975 0.282660 0.811767 0.511016
0.692304 -15.934342 -51.136609 112.757202 0.529446 -0.572653 0.625904 0.822474 0.165681 -0.544138 0.207902 0.802881 0.558711
-0.302896 -16.896294 -45.748423 -152.722360 0.506190 -0.577768 0.640278 0.800849 0.039416 -0.597567 0.320018 0.815249 0.482657
2.506844 -26.642077 53.485896 469.392482 -0.478845 0.618321 -0.623206 -0.177304 0.627140 0.758458 0.859808 0.473681 -0.190672
2.827867 -20.541938 42.362613 -212.343708 -0.452165 0.662809 -0.596851 0.295544 -0.520024 -0.801391 0.841547 0.538757 -0.039247
2.323453 -22.725374 4.300851 -316.463153 -0.461736 0.675874 -0.574452 0.396750 -0.421861 -0.815244 0.793341 0.604341 0.073365
2.708055 -17.431772 11.427447 -112.124111 -0.463372 0.696010 -0.548504 0.479688 -0.323435 -0.815652 0.745108 0.641061 0.183997
0.556960 -7.723399 50.840039 -8.884415 -0.372389 0.927773 -0.023768 0.729527 0.276794 -0.625440 0.573687 0.250246 0.779910
0.030957 -7.113153 38.556243 71.438545 -0.363209 0.931432 -0.022648 0.759400 0.281867 -0.586398 0.539807 0.230184 0.809706
-0.413174 -7.624571 53.720229 -18.693760 -0.359216 0.932793 -0.029361 0.742274 0.266496 -0.614825 0.565679 0.242648 0.788117
0.289448 -7.939368 78.606454 -87.665069 -0.403097 0.915023 -0.015699 0.682105 0.288964 -0.671739 0.610120 0.281484 0.740622
1.074053 -8.165048 64.326793 -37.642718 -0.394550 0.918755 -0.014829 0.663842 0.273848 -0.695932 0.635330 0.284424 0.717954
0.728649 -7.828412 -6.672694 -3.407240 -0.324588 0.945834 -0.006292 0.750073 0.253344 -0.610907 0.576223 0.203013 0.791677
-17.697752 -33.047323 789.732084 -1239.130902 0.341837 0.872718 -0.348583 0.887673 -0.178081 0.424645 0.308520 -0.454587 -0.835563
-11.016139 -23.134958 285.210298 379.522158 -0.170922 0.586161 -0.791960 0.713181 0.628197 0.311033 0.679822 -0.511649 -0.525412
-18.896745 -29.569045 525.802309 1197.125376 -0.457678 0.260851 -0.849993 0.634188 0.765815 -0.106460 0.623167 -0.587780 -0.515925
-12.255770 -40.050875 320.420944 -413.573451 0.170404 0.865200 -0.471584 -0.821983 -0.139120 -0.552258 0.543420 -0.481741 -0.687474
-1.790557 -23.727953 15.160457 -104.040233 0.261795 0.858272 -0.441398 0.468876 -0.512854 -0.719121 0.843575 0.018699 0.536686
-1.473463 -22.674477 10.934531 -62.278274 0.264400 0.864825 -0.426814 0.430573 -0.501862 -0.750161 0.862960 -0.014568 0.505063
-1.362667 -25.849762 23.025043 -360.919305 0.234150 0.891229 -0.388439 0.210181 -0.436502 -0.874808 0.949209 -0.123194 0.289526
-1.644225 -28.416914 21.819346 -483.179284 0.218053 0.882373 -0.416979 0.272639 -0.465324 -0.842105 0.937081 -0.069938 0.342035
-2.317322 -6.162782 -36.863997 -20.356408 0.165776 0.058951 -0.984400 -0.435880 0.899793 -0.019519 0.884606 0.432316 0.174859
-2.426052 -5.990061 91.314749 -20.487271 0.254926 -0.254951 -0.932745 -0.429015 0.834656 -0.345393 0.866579 0.488211 0.103398
-3.988634 -7.457333 -65.633731 -106.106157 0.055835 0.224156 -0.972953 -0.552089 0.818875 0.156975 0.831914 0.528391 0.169476
-2.376774 -8.200295 -92.553625 -109.331993 -0.015629 0.427165 -0.904039 -0.530468 0.762873 0.369634 0.847561 0.485340 0.214674
-3.746575 -10.033956 -95.210095 -163.364384 -0.058557 0.452498 -0.889841 -0.633389 0.672136 0.383473 0.771615 0.586070 0.247249
-1.538945 -44.696168 -151.645468 2374.449584 0.199209 0.977273 -0.072483 -0.949465 0.174175 -0.261111 0.242552 -0.120836 -0.962584
-0.605300 -88.853770 129.597553 3767.248149 0.071346 0.991337 -0.110271 -0.915326 0.021142 -0.402159 0.396344 -0.129626 -0.908905
-1.050651 -32.670079 47.950383 1691.510438 0.264199 0.964219 0.021914 -0.928935 0.260510 -0.263088 0.259383 -0.049150 -0.964523
0.567675 -61.159065 -16.623110 2671.204474 0.201728 0.978824 -0.034786 -0.851603 0.157743 -0.499890 0.483817 -0.130466 -0.865390
-0.194948 -11.091178 -90.991297 741.725096 0.216198 0.971064 -0.101456 -0.941332 0.179735 -0.285640 0.259139 -0.157258 -0.952952
1.145853 -33.659831 21.906242 1601.283924 0.320908 0.946859 0.021832 -0.891357 0.309730 -0.330983 0.320156 -0.086755 -0.943384
1.126635 -17.987669 -46.673697 177.063674 0.531414 -0.576184 0.620976 0.842324 0.437239 -0.315137 -0.089938 0.690532 0.717689
1.308843 -17.214147 -63.701617 173.971270 0.527024 -0.573337 0.627320 0.842546 0.255921 -0.473941 0.111184 0.778324 0.617940
1.913895 -19.257974 -22.049681 223.592976 0.517049 -0.624980 0.584860 0.852378 0.313539 -0.418503 0.078180 0.714908 0.694834
1.485695 -18.285347 -22.496577 -42.213280 0.527199 -0.615562 0.585785 0.798272 0.595053 -0.093133 -0.291244 0.516716 0.805097
1.945807 -17.597821 22.200628 109.006516 0.514121 -0.669113 0.536626 0.854872 0.450662 -0.257095 -0.069811 0.590924 0.803701
2.221242 -16.800512 15.120379 114.056898 0.498664 -0.675722 0.542893 0.852261 0.268009 -0.449247 0.158066 0.686710 0.709538
-0.274630 -10.092055 51.078739 -2.581990 -0.307400 0.940695 -0.143523 -0.250118 0.065648 0.965987 -0.918121 -0.332842 -0.215104
-0.380274 -10.093720 26.867056 57.464425 -0.332694 0.934288 -0.128142 -0.082701 0.106454 0.990872 -0.939402 -0.340255 -0.041850
0.045844 -10.060256 78.676131 17.749088 -0.285019 0.949726 -0.129555 -0.202123 0.072572 0.976668 -0.936969 -0.304555 -0.171277
0.125661 -9.726379 52.202640 47.344779 -0.313451 0.943829 -0.104572 0.022405 0.117441 0.992827 -0.949340 -0.308860 0.057959
-0.212903 -10.120821 40.639616 -47.237802 -0.308546 0.937826 -0.158999 -0.396963 0.024951 0.917495 -0.864419 -0.346207 -0.364584
0.491734 -9.448420 39.409163 47.553915 -0.325207 0.938849 -0.113153 -0.048264 0.103022 0.993507 -0.944411 -0.328556 -0.011809
-0.017047 -9.929879 47.028887 -29.479089 -0.302653 0.942115 -0.144293 -0.406305 0.009414 0.913689 -0.862158 -0.335158 -0.379937
0.648921 -6.714234 -24.697366 6.877045 -0.109793 0.993085 -0.041557 0.263830 0.069428 0.962067 -0.958300 -0.094664 0.269629
0.336071 -6.360624 -6.670623 33.583810 -0.088041 0.996058 -0.010809 0.264036 0.033798 0.963921 -0.960486 -0.082011 0.265971
0.315152 -6.708254 -15.366466 9.727516 -0.109054 0.993193 -0.040913 0.165872 0.058763 0.984395 -0.980099 -0.100566 0.171151
-8.126123 -11.343058 -9.751239 171.165077 -0.016481 0.856200 0.516381 -0.162852 0.507256 -0.846268 0.986513 0.098042 -0.131074
-5.026019 -10.836470 -161.989172 130.258958 0.112151 0.913320 0.391496 -0.187331 0.406350 -0.894308 0.975874 -0.026959 -0.216666
-4.244018 -10.423576 -135.655857 286.493742 0.141341 0.918364 0.369636 -0.397163 0.394622 -0.828574 0.906799 0.029694 -0.420516
-7.047480 -9.093046 -49.925653 41.954460 0.456524 0.807769 0.372953 0.881813 -0.355069 -0.310374 -0.118287 0.470569 -0.874399
-6.612239 -9.438601 -22.920181 17.527972 0.422438 0.853191 0.305960 0.865417 -0.279321 -0.415973 -0.269444 0.440506 -0.856361
-7.387352 -9.442893 -42.887301 -7.943289 0.440794 0.787406 0.430919 0.864667 -0.243624 -0.439315 -0.240937 0.566249 -0.788233
-8.070098 -9.064108 -36.191511 13.821309 0.541362 0.664312 0.515380 0.837638 -0.373100 -0.398949 -0.072738 0.647678 -0.758435
-7.604169 -9.105575 -51.549575 41.891605 0.510150 0.736277 0.444571 0.856243 -0.385962 -0.343338 -0.081205 0.555815 -0.827330
-8.174154 -9.354061 -53.972725 1.103248 0.425192 0.703943 0.568925 0.879659 -0.173402 -0.442868 -0.213102 0.688764 -0.692959
-5.413517 -14.702126 -287.424155 418.397954 -0.054894 0.936531 -0.346260 -0.941571 -0.163966 -0.294209 0.332311 -0.309878 -0.890812
-6.755180 -48.364918 -220.550826 2779.445091 -0.053834 0.958163 -0.281116 -0.951891 0.035808 0.304338 -0.301671 -0.283976 -0.910138
2.888665 -1.753319 167.609193 -3.663894 0.213874 0.059442 0.975051 0.297576 0.946743 -0.122989 -0.930433 0.316456 0.184795
4.541495 -1.669662 129.439356 -1.685892 0.141129 0.035384 0.989359 0.282206 0.956460 -0.074463 -0.948917 0.289712 0.124999
4.557677 -1.648021 122.256042 -4.661232 0.138554 0.070767 0.987823 0.321174 0.940325 -0.112413 -0.936830 0.332839 0.107557
1.724793 -1.928222 147.592511 -6.366120 0.241064 0.131822 0.961515 0.307011 0.929496 -0.204404 -0.920669 0.344470 0.183597
0.517099 -4.807806 -54.230398 -22.120605 0.137400 0.968574 -0.207329 -0.251087 -0.168419 -0.953200 0.958163 -0.183028 -0.220056
0.742351 -5.232978 -58.908498 20.640464 0.169815 0.973361 -0.154050 -0.380756 -0.079376 -0.921262 0.908949 -0.215100 -0.357134
-0.308460 -11.495923 17.981917 46.842324 0.207617 0.960252 -0.186576 -0.206110 -0.143508 -0.967948 0.956250 -0.239417 -0.168123
-0.369103 -11.413145 3.397092 -12.763568 0.215431 0.955468 -0.201667 -0.379333 -0.108417 -0.918887 0.899831 -0.274456 -0.339084
-0.291915 -11.200148 -5.701818 -4.444445 0.229175 0.957479 -0.175249 -0.229167 -0.121906 -0.965723 0.946024 -0.261481 -0.191485
-0.271286 -11.242316 20.316544 30.669161 0.206929 0.953637 -0.218534 -0.373504 -0.129448 -0.918552 0.904254 -0.271698 -0.329401
-0.149610 -11.012914 7.824394 27.969364 0.219106 0.963919 -0.151169 -0.053240 -0.142892 -0.988305 0.974247 -0.224592 -0.020010
-0.165612 -11.148064 16.730404 9.937589 0.211084 0.965525 -0.152331 0.012826 -0.158565 -0.987265 0.977384 -0.206442 0.045855
-0.200292 -11.584569 3.743911 29.519190 0.227607 0.958170 -0.173510 -0.083587 -0.158305 -0.983846 0.970159 -0.238433 -0.044059
-0.170641 -11.452265 1.477586 68.921333 0.223489 0.952290 -0.207838 -0.278817 -0.141862 -0.949809 0.933977 -0.270221 -0.233810
0.356279 -17.482940 38.980234 83.009035 0.136133 0.986092 -0.095347 -0.547388 -0.005349 -0.836862 0.825733 -0.166116 -0.539046
0.817316 -16.242453 8.212146 69.449099 0.161179 0.976402 -0.143735 -0.570511 -0.026660 -0.820857 0.805319 -0.214307 -0.552751
0.446392 -16.822151 22.363308 9.969094 0.171951 0.981384 -0.085548 -0.318787 -0.026735 -0.947449 0.932098 -0.190187 -0.308256
1.194046 -14.059182 -4.117796 84.036794 0.155848 0.968789 -0.192767 -0.694910 -0.031160 -0.718421 0.702006 -0.245920 -0.668365
1.112703 -14.442622 -6.945316 54.083140 0.180486 0.969506 -0.165782 -0.520549 -0.048856 -0.852433 0.834538 -0.240150 -0.495857
0.839768 -15.652959 3.391608 6.823705 0.191294 0.972955 -0.129482 -0.338188 -0.058506 -0.939258 0.921431 -0.223464 -0.317850
0.198926 -4.607804 64.398379 -52.549829 0.294270 0.356700 0.886663 0.497124 0.735229 -0.460767 -0.816255 0.576371 0.039032
0.900361 -3.667220 79.749706 -47.025590 0.241488 0.270329 0.931990 0.451858 0.818618 -0.354526 -0.858783 0.506741 0.075536
2.118659 -3.237626 57.535017 -28.804741 0.105518 0.140338 0.984465 0.490857 0.853627 -0.174298 -0.864827 0.501623 0.021187
-1.087894 -21.296686 35.830800 -315.275376 0.182406 0.953894 0.238356 0.657953 0.061724 -0.750525 0.730634 -0.293728 0.616358
-0.961928 -19.385604 27.570370 -398.143150 0.184557 0.952878 0.240755 0.826344 -0.017831 -0.562883 0.532066 -0.302831 0.790696
-1.677272 -24.947383 23.258524 -444.574414 0.220679 0.943224 0.248251 0.665595 0.040413 -0.745218 0.712941 -0.329688 0.618887
-1.467251 -24.261133 17.269982 -190.372774 0.214092 0.944811 0.247985 0.468738 0.123363 -0.874681 0.857000 -0.303502 0.416458
-0.937460 -15.591135 -23.449272 64.569208 -0.062049 0.984574 -0.163599 -0.381728 0.128041 0.915363 -0.922190 -0.119248 -0.367894
-0.807222 -14.869544 -18.800876 71.159151 -0.067924 0.990357 -0.120741 -0.150375 0.109476 0.982549 -0.986293 -0.084895 -0.141489
-1.150871 -15.253038 1.226528 48.095495 -0.032932 0.988221 -0.149447 -0.331162 0.130292 0.934535 -0.942999 -0.080267 -0.322971
-1.190364 -15.421955 -14.323256 11.487811 -0.018066 0.983954 -0.177504 -0.560411 0.137059 0.816795 -0.828018 -0.114231 -0.548942
-1.492484 -14.763481 -18.561121 31.290044 -0.025011 0.987770 -0.153900 -0.347542 0.135754 0.927785 -0.937331 -0.076692 -0.339896
-1.815761 -14.288964 -8.429502 69.014299 -0.057131 0.943914 0.325212 -0.770573 -0.248807 0.586781 -0.634786 0.217076 -0.741569
-1.427350 -21.449370 -4.414973 670.499986 -0.128771 0.936879 0.325078 -0.833368 -0.279914 0.476598 -0.537508 0.209538 -0.816810
-4.928171 -14.054090 -13.678165 -99.725902 0.176671 0.906001 0.384643 0.978216 -0.204897 0.033316 0.108997 0.370378 -0.922464
-4.786011 -13.293691 -10.837025 -125.210671 0.167427 0.901306 0.399520 0.984171 -0.128919 -0.121599 -0.058092 0.413555 -0.908624
-5.446943 -14.623704 -38.829995 -95.475048 0.130473 0.884277 0.448365 0.981842 -0.178054 0.065451 0.137710 0.431683 -0.891451
-5.183085 -14.758901 -25.071167 15.778175 0.172830 0.903825 0.391447 -0.921337 0.288865 -0.260184 0.348236 0.315687 -0.882651
-12.261574 -189.441209 -198.124969 -3944.870367 -0.557550 0.829321 0.036944 0.748580 0.521509 -0.409459 0.358840 0.200638 0.911580
-7.101905 -420.439080 -239.290203 -23685.222016 -0.551022 0.821450 0.146947 0.810792 0.568676 -0.138649 0.197459 -0.042745 0.979379
-9.142355 -170.704200 -38.929209 8063.540997 -0.518452 0.854967 -0.015466 0.438851 0.250510 -0.862934 0.733905 0.454177 0.505081
-13.659238 -222.925307 93.505739 10438.092208 -0.683721 0.729356 0.023769 0.523060 0.512525 -0.680975 0.508855 0.453165 0.731921
-10.000851 -181.747395 -165.052280 6410.551940 -0.450421 0.892498 0.023833 0.498418 0.273508 -0.822662 0.740743 0.358666 0.568031
3.941801 -21.890815 17.676757 1099.180603 -0.380921 -0.814488 -0.437616 0.909867 -0.414382 -0.020743 -0.164445 -0.406074 0.898923
1.883292 -87.300365 31.211664 3453.122293 0.171632 0.884833 0.433144 0.902321 -0.317664 0.291387 -0.395423 -0.340824 0.852924
5.473456 -154.135237 27.444676 7684.515253 0.215984 0.893176 0.394445 0.800662 -0.393228 0.452008 -0.558830 -0.218191 0.800064
0.047490 -4.280351 45.304249 21.270789 0.178053 0.147172 0.972953 -0.001710 0.988797 -0.149256 -0.984019 0.024912 0.176310
-0.614741 -4.208729 56.756506 24.766224 0.174656 0.224243 0.958755 0.009743 0.973280 -0.229415 -0.984581 0.049410 0.167805
0.583418 -4.648484 46.544555 13.220065 0.173528 0.129214 0.976315 -0.093422 0.989045 -0.114295 -0.980388 -0.071376 0.183699
0.923588 -21.251939 -33.309169 -111.974643 0.037221 0.997550 0.059228 0.883911 -0.060513 0.463723 -0.466171 -0.035092 0.883998
1.040966 -19.774258 -3.041823 -100.492253 0.004428 0.999780 0.020523 0.753471 -0.016829 0.657265 -0.657466 -0.012553 0.753380
0.925104 -18.955014 -19.771497 -27.444998 -0.017334 0.999804 0.009551 0.688135 0.004999 0.725566 -0.725376 -0.019149 0.688087
0.507622 -36.695559 -21.067359 1345.511961 -0.013545 -0.994855 0.100397 0.999895 -0.013988 -0.003704 0.005089 0.100336 0.994941
-0.692825 -12.240303 -99.788189 -228.948539 0.134245 -0.979112 0.152702 0.990932 0.133507 -0.015128 -0.005575 0.153348 0.988157
0.409377 -16.782475 -110.611594 -370.900933 0.223668 -0.962225 0.155229 0.969961 0.204119 -0.132329 0.095646 0.180164 0.978975
0.939700 -15.834554 46.128905 -290.862451 -0.181259 0.978376 -0.099624 0.968921 0.160325 -0.188383 0.168337 0.130674 0.977030
0.658382 -16.213502 -6.707514 174.728754 0.093335 -0.992745 0.075800 0.993901 0.088412 -0.065905 0.058725 0.081489 0.994943
-14.197252 -48.171154 -408.529412 1683.741937 -0.732832 0.108760 0.671661 -0.153237 0.935400 -0.318660 -0.662930 -0.336448 -0.668825
-16.266364 -203.492615 -705.937584 10681.314290 -0.716620 -0.007250 0.697426 0.076838 0.993039 0.089276 -0.693218 0.117566 -0.711075
-9.440595 -119.691415 -368.043751 5088.006964 -0.779201 0.090069 0.620269 0.129622 0.991384 0.018876 -0.613224 0.095108 -0.784162
-31.502144 -69.449560 -927.953009 2928.715281 -0.564508 0.193276 0.802481 0.124551 0.981013 -0.148659 -0.815977 0.016030 -0.577863
-6.886721 -55.340283 -254.631154 1838.841882 -0.830554 0.003854 0.556925 -0.094217 0.984591 -0.147322 -0.548912 -0.174830 -0.817392
-7.375259 -36.432812 252.431108 29.087463 0.781385 0.006615 -0.624015 -0.420233 0.744817 -0.518317 -0.461348 -0.667236 -0.584768
-26.927337 -46.695352 -575.747092 1319.673985 -0.538040 0.395811 0.744209 -0.121323 0.837337 -0.533054 -0.834143 -0.377094 -0.402500
-23.464964 -46.203441 756.357033 -864.066355 0.661061 -0.161350 -0.732779 -0.497982 0.636170 -0.589323 -0.561259 -0.754489 -0.340198
-13.414959 -54.222837 425.557229 -1512.411405 0.728855 -0.051531 -0.682726 -0.564099 0.519930 -0.641456 -0.388025 -0.852653 -0.349885
-0.239172 -9.599544 -8.425938 -15.065099 0.218427 0.972797 -0.077171 0.065278 -0.093469 -0.993480 0.973667 -0.211965 0.083919
-0.088818 -9.988186 -6.454162 -12.065571 0.223201 0.970110 -0.095221 0.070155 -0.113419 -0.991067 0.972245 -0.214527 0.093373
-0.406154 -10.549562 -12.977963 -17.547340 0.228463 0.967903 -0.104727 -0.077556 -0.089136 -0.992995 0.970459 -0.234985 -0.054702
-0.614111 -10.460437 -7.284524 -31.133364 0.220673 0.971686 -0.084433 -0.120101 -0.058837 -0.991017 0.967925 -0.228831 -0.103717
-0.306447 -9.568203 3.124075 -32.306142 0.207066 0.977471 -0.040918 0.054517 -0.053288 -0.997090 0.976807 -0.204233 0.064323
-2.806735 -6.217089 -79.372381 22.977344 -0.212794 0.961875 -0.171801 0.511254 0.259446 0.819334 -0.832669 -0.086515 0.546971
-2.677910 -5.936111 -41.630037 28.260572 -0.317320 0.912267 -0.258993 0.459803 0.386865 0.799323 -0.829391 -0.134555 0.542223
-3.412954 -7.961147 44.239754 -100.846592 -0.219422 0.971661 -0.087912 0.546108 0.196990 0.814224 -0.808468 -0.130650 0.573856
-0.239939 -7.023163 57.947929 -38.675859 -0.007620 0.980701 0.195365 0.647021 -0.144126 0.748727 -0.762434 -0.132111 0.633436
-0.269012 -7.206170 -18.777112 -16.742234 -0.058507 0.975468 0.212226 0.697301 -0.112199 0.707943 -0.714387 -0.189405 0.673630
0.089923 -5.885142 88.548955 -95.618543 -0.099295 0.994816 0.021942 0.029126 0.024948 -0.999264 0.994632 0.098583 0.031452
0.410984 -10.753142 -2.387776 -82.057777 -0.247704 0.959470 -0.134387 -0.948637 -0.212019 0.234811 -0.196802 -0.185648 -0.962707
0.128656 -9.349842 -5.356346 73.490797 -0.217571 0.964800 -0.147727 0.975331 0.209121 -0.070694 -0.037313 -0.159463 -0.986498
0.349930 -11.173264 -13.958188 111.815651 -0.210346 0.966488 -0.147157 0.962186 0.178018 -0.206172 -0.173067 -0.184960 -0.967387
0.784243 -12.485354 -15.498531 -109.801275 -0.262362 0.957083 -0.123122 -0.897633 -0.195233 0.395145 -0.354149 -0.214190 -0.910330
0.731503 -11.075589 2.848552 -65.574866 -0.288310 0.949882 -0.120837 -0.904882 -0.229006 0.358811 -0.313156 -0.212792 -0.925555
-0.713294 -16.770345 -22.317262 -50.859096 -0.375509 -0.921696 -0.097314 0.916440 -0.353582 -0.187397 0.138315 -0.159552 0.977452
-0.458614 -16.872298 -6.640596 9.550702 -0.328362 -0.936961 -0.119512 0.942999 -0.332440 0.015380 -0.054141 -0.107650 0.992714
-0.243860 -17.649572 6.308670 -92.106490 -0.375547 -0.919310 -0.117615 0.911357 -0.343230 -0.227202 0.168501 -0.192514 0.966719
0.968579 -4.070669 -25.561767 4.026158 0.317638 0.948191 -0.006352 0.788727 -0.267925 -0.553286 0.526322 -0.170735 0.832967
1.494793 -4.314824 -38.747352 -7.917375 0.297694 0.954534 0.015575 0.762184 -0.227817 -0.605950 0.574851 -0.192259 0.795351
0.324982 -4.551162 -64.373089 -14.925020 0.366090 0.930579 0.000720 0.763608 -0.299961 -0.571775 0.531866 -0.209871 0.820410
1.826009 -4.086800 -17.907370 4.382108 0.211214 0.976907 0.032276 0.786595 -0.150280 -0.598903 0.580222 -0.151885 0.800171
0.058219 -4.137356 -26.826311 -19.147115 0.377867 0.925071 -0.038224 0.802436 -0.347810 -0.484897 0.461859 -0.152554 0.873736
0.328966 -3.919651 -15.831130 0.278039 0.342613 0.939018 -0.029344 0.813400 -0.312120 -0.490878 0.470102 -0.144313 0.870734
1.094616 -4.010626 -27.776857 2.061628 0.212449 0.976578 0.034061 0.838281 -0.164229 -0.519917 0.502145 -0.139008 0.853538
0.420584 -22.774327 -51.042837 -363.654350 0.515437 -0.560166 0.648490 0.603520 -0.299940 -0.738782 0.608348 0.772172 0.183471
1.430406 -18.050614 -38.423489 -114.838152 0.516029 -0.604926 0.606448 0.723192 -0.071726 -0.686913 0.459030 0.793044 0.400465
-0.097485 -14.702108 29.366823 -332.571604 -0.475498 0.607973 -0.635823 0.747822 0.660001 0.071836 0.463318 -0.441324 -0.768485
-0.447654 -16.424025 6.509895 -433.311249 -0.480577 0.586075 -0.652351 0.686527 0.714280 0.135958 0.545643 -0.382519 -0.745623
-0.730399 -10.600052 9.610890 -181.806618 -0.480624 0.599607 -0.639900 0.767844 0.640217 0.023183 0.423575 -0.480201 -0.768109
-0.761592 -12.515631 2.550938 -301.681380 -0.486651 0.585103 -0.648710 0.734223 0.676321 0.059205 0.473378 -0.447486 -0.758729
-0.793640 -9.740318 23.793047 -40.089837 -0.490144 0.607662 -0.624905 0.793938 0.607138 -0.032339 0.359752 -0.511986 -0.780031
-1.216374 -9.255638 -2.984623 93.734248 -0.547283 0.554865 -0.626583 0.762287 0.639551 -0.099464 0.345542 -0.532071 -0.772982
-0.847141 -6.697445 17.925338 63.409822 -0.332355 0.942797 -0.025963 0.785153 0.261320 -0.561469 0.522566 0.206992 0.827091
-3.143858 -31.138000 -28.799721 492.385882 -0.275349 -0.842580 0.462863 0.851855 0.009306 0.523695 -0.445562 0.538491 0.715193
-1.921290 -27.746475 -4.839261 419.779479 -0.341339 -0.828249 0.444400 0.884436 -0.122952 0.450174 -0.318216 0.546705 0.774501
-2.661506 -29.406265 45.817028 214.639479 0.346771 0.806141 -0.479465 0.710127 0.108305 0.695694 -0.612756 0.581728 0.534905
-2.622852 -27.390677 -23.770293 334.128401 -0.280560 -0.862697 0.420761 0.953550 -0.200423 0.224887 -0.109679 0.464310 0.878855
-4.371374 -32.301297 75.383539 245.543343 0.288186 0.829548 -0.478329 0.636207 0.207463 0.743101 -0.715674 0.518468 0.467977
-5.062417 -35.562521 70.667226 555.740952 0.226590 0.854085 -0.468184 0.704701 0.188060 0.684127 -0.672349 0.484946 0.559262
-6.386276 -37.134776 -135.327290 905.964459 -0.177007 -0.870725 0.458809 0.917079 0.023300 0.398024 -0.357260 0.491217 0.794400
-1.525530 -22.263152 14.484955 145.089536 0.270364 0.841258 -0.468176 0.633819 -0.521567 -0.571176 0.724691 0.142313 0.674218
-4.926159 -11.176155 94.354010 168.323301 0.094046 -0.427375 0.899169 0.724733 -0.589844 -0.356154 0.682581 0.685153 0.254260
-3.892928 -12.334430 90.190686 115.220172 0.102363 -0.520088 0.847956 0.780675 -0.486296 -0.392508 0.616496 0.702157 0.356241
-1.606071 -157.801529 99.374233 7483.152094 0.140210 0.983236 -0.116567 -0.595579 -0.010297 -0.803230 0.790965 -0.182045 -0.584152
-2.116235 -44.705894 145.455029 1864.983851 0.213085 0.976996 0.008616 -0.875636 0.194875 -0.441910 0.433423 -0.086620 -0.897018
13.524178 -546.864115 -119.197599 29227.635481 0.206782 0.977656 -0.037806 -0.625218 0.102319 -0.773714 0.752558 -0.183627 -0.632406
-0.462030 -9.687576 25.332355 43.929932 -0.323366 0.941099 -0.098823 0.103290 0.138914 0.984903 -0.940620 -0.308277 0.142127
1.540380 -5.338065 4.003243 18.008186 0.061810 0.986306 -0.152906 0.858185 -0.130739 -0.496412 0.509605 0.100538 0.854514
1.787677 -5.327337 -7.239891 20.239477 0.042832 0.993177 -0.108471 0.875630 -0.089596 -0.474600 0.481080 0.074652 0.873492
1.959071 -5.691781 8.402367 5.894950 0.050206 0.986672 -0.154782 0.900119 -0.111852 -0.421041 0.432742 0.118184 0.893737
3.504225 -81.407241 -4.569337 2994.484215 0.396874 0.917762 0.014311 0.010967 -0.020332 0.999733 -0.917808 0.396611 0.018134
2.439813 -70.978130 44.393619 -1690.666414 0.436865 0.898513 0.042708 -0.312486 0.107070 0.943869 -0.843506 0.425689 -0.327547
2.962861 -174.261131 64.379191 9007.774018 0.440542 0.897718 -0.004921 0.363772 -0.173499 0.915188 -0.820727 0.404969 0.402998
47.001434 -569.694488 1627.230146 29952.315890 0.387671 0.903180 0.184331 0.436526 -0.356002 0.826262 -0.811885 0.239853 0.532272
2.395272 -55.972009 -29.933980 159.844442 0.318307 0.947565 0.028301 -0.212608 0.042262 0.976223 -0.923839 0.316756 -0.214912
5.577785 -151.871088 -114.647966 -6436.220480 0.322305 0.944789 0.059101 -0.620970 0.163888 0.766510 -0.714504 0.283750 -0.639507
2.923872 -70.620336 55.245052 2907.663569 0.421400 0.906875 -0.000206 0.580703 -0.269662 0.768158 -0.696567 0.323822 0.640261
7.009965 -214.458921 74.947846 -9541.717838 0.376378 0.926408 0.010418 -0.625877 0.245956 0.740124 -0.683094 0.285087 -0.672390
