14036
28062
-6.442225 -9.039107 -39.566355 186.412062 0.021857 0.917551 0.397017 -0.362616 0.377347 -0.852126 0.931682 0.125340 -0.340966
-6.490997 -9.294593 11.445289 120.269036 -0.168595 0.985441 -0.021967 -0.221830 -0.059647 -0.973259 0.960399 0.159214 -0.228657
-8.309882 -10.898086 57.592391 140.538018 -0.071455 0.906039 0.417118 -0.170119 0.400989 -0.900148 0.982829 0.135280 -0.125482
-6.094548 -8.070464 0.099377 86.976442 -0.330216 0.870137 -0.365813 -0.188562 -0.440552 -0.877701 0.924879 0.220853 -0.309552
-5.866340 -13.652128 -77.661806 335.779153 0.104971 0.794199 0.598522 -0.232003 0.604797 -0.761837 0.967035 0.058888 -0.247743
-3.324396 -11.317061 -135.983676 337.524470 0.177683 0.883305 0.433822 -0.361723 0.468599 -0.805960 0.915197 0.013718 -0.402774
-3.960647 -7.856026 -71.415256 190.524525 0.105585 0.938265 0.329410 -0.458942 0.339851 -0.820898 0.882170 0.064506 -0.466492
-4.662330 -6.672104 13.031438 100.311085 -0.129539 0.990126 -0.053576 -0.423394 -0.104090 -0.899946 0.896637 0.093895 -0.432697
-5.222974 -6.863642 -5.947841 73.639537 -0.280007 0.906781 -0.315188 -0.326458 -0.398696 -0.857010 0.902785 0.137073 -0.407663
-6.830558 -10.020546 -301.897144 -27.609562 0.304946 0.940828 -0.147822 0.399546 -0.267278 -0.876884 0.864506 -0.208340 0.457409
-7.646933 -10.537596 -141.712685 44.855079 0.240544 0.907781 -0.343617 0.269559 -0.402562 -0.874804 0.932457 -0.117804 0.341534
-9.180468 -11.462816 8.760296 -108.909711 0.212520 0.911030 -0.353355 0.400764 -0.411065 -0.818788 0.891192 -0.032397 0.452468
-9.076805 -11.188485 -5.145773 -177.689844 0.367101 0.790070 -0.490945 0.411245 -0.611264 -0.676191 0.834335 -0.046331 0.549308
-8.924386 -10.275940 105.284382 125.358105 0.513575 0.659190 -0.549281 -0.345448 0.744828 0.570873 0.785434 -0.103438 0.610241
-5.145112 -10.984030 -414.092639 -138.058812 0.186733 0.971348 0.147017 0.621750 -0.000983 -0.783215 0.760630 -0.237660 0.604119
4.622029 -12.597357 -190.338744 98.497134 -0.166522 0.980542 -0.103960 -0.592385 -0.015200 0.805511 -0.788258 -0.195719 -0.583390
1.632073 -11.878642 -217.303062 93.849965 -0.175568 0.971111 -0.161617 -0.618515 0.018912 0.785545 -0.765908 -0.237879 -0.597326
4.910680 -12.703402 -203.574270 12.749502 -0.138507 0.979894 -0.143606 -0.758395 -0.011691 0.651691 -0.636909 -0.199174 -0.744766
-0.088227 -2.579770 72.938949 -63.713010 -0.039742 0.997835 -0.052399 -0.709358 -0.065108 -0.701835 0.703727 -0.009277 -0.710410
-1.196126 -3.570309 76.887064 -58.459349 -0.074093 0.993360 -0.088012 -0.746901 -0.113755 -0.655133 0.660794 -0.017196 -0.750370
-0.212973 -3.733513 80.226275 -58.305826 0.007539 0.999953 -0.006111 -0.756626 0.001709 -0.653845 0.653804 -0.009553 -0.756603
-2.402045 -7.687005 40.346779 3.637627 0.019129 0.996817 0.077398 -0.810166 -0.029909 0.585437 -0.585889 0.073904 -0.807015
-1.717804 -7.423136 97.749592 -9.765134 0.067774 0.993003 0.096709 -0.882103 0.014349 0.470837 -0.466155 0.117218 -0.876903
-2.611363 -7.573899 38.418378 -11.752475 0.038603 0.997593 0.057610 -0.883870 0.007194 0.467677 -0.466137 0.068973 -0.882020
0.568673 -6.240852 -13.364679 -13.720632 0.257974 0.948100 0.185893 0.451233 0.051899 -0.890896 0.854306 -0.313709 0.414425
0.571903 -6.175896 -5.275879 12.808146 0.272029 0.950087 0.152758 0.544556 -0.021108 -0.838459 0.793385 -0.311271 0.523117
0.618142 -6.221812 -12.394305 -19.223282 0.244464 0.955243 0.166577 0.499510 0.023180 -0.865998 0.831100 -0.294912 0.471487
0.391659 -7.026468 -5.861923 -50.823161 0.246376 0.956675 0.155154 0.360438 0.058160 -0.930968 0.899657 -0.285291 0.330493
0.736443 -6.056156 -13.931745 11.578573 0.235157 0.958080 0.163657 0.609556 -0.014221 -0.792615 0.757061 -0.286147 0.587348
0.755894 -6.301002 0.171101 -33.047180 0.217294 0.965704 0.142125 0.533448 0.004450 -0.845821 0.817445 -0.259609 0.514185
0.426947 -7.183515 2.228388 -60.044843 0.232709 0.965671 0.115442 0.390504 0.015933 -0.920463 0.890704 -0.259281 0.373391
0.621884 -14.670650 -34.867056 -322.685763 0.298427 0.943180 -0.146129 -0.929243 0.322068 0.181052 -0.217828 -0.081758 -0.972557
0.933695 -13.701632 -32.909433 -338.617698 0.306870 0.942202 -0.134481 -0.938013 0.323328 0.124862 -0.161127 -0.087828 -0.983018
0.924540 -14.887427 -30.994960 -150.167279 0.305938 0.942204 -0.136578 -0.850552 0.334947 0.405428 -0.427743 0.007869 -0.903866
1.195999 -14.699689 -16.682491 -240.272540 0.322857 0.939587 -0.113753 -0.879880 0.342251 0.329659 -0.348675 0.006344 -0.937222
1.202244 -15.298048 -7.892805 66.395467 0.324281 0.940323 -0.103124 -0.734266 0.318941 0.599275 -0.596402 0.118613 -0.793874
0.013409 -15.869678 15.700636 -398.224134 0.192041 0.970459 -0.146046 0.011888 -0.151105 -0.988446 0.981315 -0.188086 0.040556
-0.382598 -19.447723 8.924623 -318.760099 0.192725 0.968281 -0.159024 -0.266089 -0.104419 -0.958276 0.944486 -0.226998 -0.237525
-0.140680 -19.288415 11.120041 -305.983827 0.193559 0.971415 -0.137431 -0.257104 -0.084961 -0.962642 0.946801 -0.221662 -0.233310
0.213254 -13.605179 4.466528 -158.441752 0.264656 0.963079 -0.049358 0.254897 -0.119225 -0.959590 0.930045 -0.241380 0.277040
0.481798 -15.023862 12.949469 -38.694648 0.251585 0.964459 -0.080768 -0.023772 -0.077269 -0.996727 0.967543 -0.252681 -0.003487
0.276990 -13.207634 -6.289574 -103.530271 0.277280 0.957093 -0.084195 0.185061 -0.139193 -0.972819 0.942798 -0.254162 0.215716
-1.970884 -5.882670 -96.806027 210.056604 -0.123452 -0.989810 0.070967 0.991527 -0.120121 0.049443 -0.040415 0.076470 0.996252
-2.652552 -9.266385 -70.551318 483.927433 0.085685 -0.992241 0.090089 0.993642 0.091733 0.065274 -0.073032 0.083923 0.993792
-3.328174 -8.972740 30.547978 293.390905 0.001380 0.999599 -0.028291 0.999099 -0.000178 0.042451 -0.042428 0.028324 0.998698
-2.592510 -5.513228 -115.955677 18.854923 -0.393881 -0.918513 0.034514 0.919056 -0.392988 0.029955 -0.013951 0.043519 0.998955
2.632535 -10.079213 -21.261821 10.636326 0.402531 0.910326 -0.096305 0.482467 -0.300384 -0.822797 0.777942 -0.284738 0.560117
2.698984 -11.663938 -15.979128 125.312057 0.347583 0.931409 -0.108001 0.592533 -0.307457 -0.744564 0.726698 -0.194803 0.658757
2.761692 -10.027995 -0.949980 -5.513474 0.353699 0.926504 -0.128402 0.468075 -0.294174 -0.833287 0.809817 -0.234631 0.537722
-0.102703 -7.192303 -10.179974 -28.247074 0.111867 0.972932 -0.202212 -0.852823 0.198447 0.483024 -0.510077 -0.118416 -0.851938
-0.204528 -7.751919 -5.033379 -49.109724 0.088699 0.980245 -0.176783 -0.767224 0.180423 0.615479 -0.635216 -0.081040 -0.768071
-0.214908 -7.033162 -5.790431 -23.074000 0.115472 0.972917 -0.200248 -0.842997 0.202614 0.498301 -0.525378 -0.111269 -0.843562
0.303009 -12.997857 17.965814 -13.115987 0.087767 0.994717 -0.053237 0.917093 -0.059822 0.394161 -0.388894 0.083417 0.917498
0.118753 -13.334139 18.745866 -28.037360 0.135575 0.989925 -0.040846 0.966790 -0.123166 0.223936 -0.216649 0.069849 0.973748
0.618011 -12.192582 10.252747 -5.559348 0.089112 0.995354 -0.036460 0.940332 -0.072004 0.332553 -0.328383 0.063919 0.942379
-0.510475 -27.675159 24.282252 -641.012632 -0.473249 0.870918 0.132426 -0.114032 0.088498 -0.989528 0.873517 0.483393 -0.057431
-1.273382 -32.643842 6.118861 -420.149174 -0.449377 0.880877 0.148716 -0.454205 -0.081942 -0.887121 0.769258 0.466199 -0.436921
-0.369018 -29.079337 59.598820 -610.144641 -0.476746 0.865208 0.155333 -0.267750 0.025382 -0.963154 0.837271 0.500771 -0.219559
0.741189 -20.378768 5.808170 27.556349 -0.093216 0.963060 0.252637 0.080694 -0.245599 0.966007 -0.992371 -0.110434 0.054820
0.483050 -21.129682 -1.616104 39.135140 -0.089389 0.968357 0.233012 -0.087548 -0.240682 0.966647 -0.992142 -0.066007 -0.106292
0.858619 -21.749721 12.318745 69.609265 -0.073853 0.972003 0.223059 0.148521 -0.210455 0.966256 -0.986148 -0.104490 0.128821
0.532594 -19.505537 3.945802 118.090374 -0.090839 0.960936 0.261441 -0.073613 -0.268287 0.960522 -0.993141 -0.068007 -0.095108
0.882961 -20.723753 26.453950 -67.889182 -0.079615 0.962801 0.258216 0.278747 -0.227201 0.933102 -0.957059 -0.146265 0.250289
0.792829 -19.262573 12.793050 64.642740 -0.089780 0.953461 0.287841 0.113752 -0.277300 0.954026 -0.989444 -0.118395 0.083562
1.551647 -6.633162 139.802919 -3.707378 -0.038614 0.984080 0.173482 0.999254 0.037935 0.007229 0.000532 0.173632 -0.984811
1.525352 -6.633610 166.640119 3.240220 -0.010477 0.984986 0.172314 0.991775 0.032219 -0.123870 -0.127562 0.169599 -0.977223
3.542932 -6.655979 156.745502 -1.448659 -0.001196 0.989169 0.146776 0.999997 0.001478 -0.001812 -0.002009 0.146774 -0.989168
3.413627 -6.575485 133.720700 0.312934 -0.007841 0.988086 0.153704 0.991623 -0.012135 0.128597 0.128930 0.153425 -0.979713
1.540529 -6.638663 128.034083 -3.634218 -0.057904 0.981818 0.180778 0.990274 0.033540 0.135028 0.126510 0.186839 -0.974211
1.647727 -43.123969 53.969044 -1382.567258 -0.249880 0.958631 0.136336 -0.959438 -0.264114 0.098604 -0.130533 0.106167 -0.985743
8.968568 -249.944550 -105.002426 -14613.841735 -0.313317 0.947807 0.059116 -0.935541 -0.318753 0.152180 -0.163081 0.007625 -0.986583
1.220942 -32.505993 5.112198 402.086462 -0.331848 0.937570 0.104110 0.936072 0.313616 0.159419 0.116816 0.150357 -0.981706
0.784274 -20.946577 20.125087 166.366961 -0.310267 0.942478 0.124374 0.949809 0.301828 0.082236 0.039966 0.143647 -0.988822
0.430706 -37.362665 46.575174 1142.257951 -0.237838 0.962050 0.133761 0.965088 0.249620 -0.079336 -0.109715 0.110222 -0.987833
-105.212356 -192.659415 -5075.505701 -21791.805806 0.840070 -0.534307 0.093801 -0.057547 -0.259710 -0.963970 -0.539417 -0.804405 0.248923
-62.211423 -222.867094 -2580.130217 2652.149802 0.850178 -0.525940 -0.024176 -0.506296 -0.804101 -0.311586 -0.144435 -0.277144 0.949910
-3.540149 -222.300763 -689.443950 2116.203939 0.774421 -0.590608 0.226835 0.547302 0.805249 0.228113 -0.317383 -0.052508 0.946842
2699.791498 -111338.933944 -1682364.640956 -5317827.619078 -0.018606 -0.322238 -0.946476 0.781312 -0.595362 0.187339 -0.623864 -0.736007 0.262846
4.637109 -7.218275 184.320120 -279.847974 -0.355205 0.595671 0.720420 0.005454 0.771985 -0.635618 -0.934772 -0.221846 -0.277462
1.002758 -9.132195 123.802241 -106.412078 -0.370814 0.648138 0.665143 0.243556 0.759003 -0.603817 -0.896202 -0.061904 -0.439306
2.111195 -10.914109 99.691205 94.660748 -0.269409 0.820443 0.504274 -0.236344 -0.563950 0.791266 -0.933574 -0.093992 -0.345840
3.945631 -6.748281 52.136059 -249.485431 -0.474967 0.403261 0.782168 -0.015970 0.884727 -0.465835 -0.879859 -0.233748 -0.413776
8.718072 -8.381665 594.179092 160.089826 -0.182977 0.737788 0.649760 0.000407 -0.660862 0.750508 -0.983117 -0.137590 -0.120623
-2.474581 -7.697511 68.658106 -97.241878 -0.295998 0.845067 -0.445250 -0.192676 -0.509380 -0.838694 0.935554 0.162463 -0.313600
-2.937734 -6.334454 94.266633 -74.543684 -0.280275 0.848582 -0.448726 -0.087073 -0.488009 -0.868484 0.955963 0.204342 -0.210665
-3.595767 -7.410511 104.829939 -89.221608 -0.268598 0.822771 -0.500902 -0.165338 -0.551673 -0.817509 0.948956 0.136764 -0.284214
-3.045216 -8.599955 77.506499 -94.321780 -0.286880 0.838858 -0.462620 -0.277481 -0.534981 -0.797997 0.916899 0.100561 -0.386243
-1.779064 -8.868205 38.066801 -88.834459 -0.311485 0.835629 -0.452439 -0.305596 -0.538922 -0.784968 0.899771 0.106242 -0.423231
-0.080289 -12.622784 -21.985125 -18.020582 0.289776 0.931318 -0.220628 -0.576528 -0.014151 -0.816955 0.763967 -0.363932 -0.532830
0.101007 -12.690998 -17.551081 -24.866890 0.264024 0.936918 -0.229076 -0.735988 0.042198 -0.675679 0.623389 -0.346992 -0.700701
-0.214722 -12.483152 -18.466068 -18.413530 0.272361 0.934900 -0.227557 -0.754045 0.060481 -0.654032 0.597691 -0.349721 -0.721429
2.983653 -5.938450 138.310772 -22.947624 0.006214 0.977690 0.209961 -0.878636 0.105589 -0.465671 0.477452 0.181585 -0.859690
3.398253 -6.235098 150.394551 -21.264640 -0.010399 0.981685 0.190225 -0.927575 0.061585 -0.368528 0.373493 0.180280 -0.909946
4.711574 -5.679268 147.709694 -26.609441 0.029824 0.985589 0.166508 -0.882528 0.104178 -0.458575 0.469313 0.133271 -0.872917
1.329645 -6.528527 109.688089 -15.356214 -0.050543 0.978238 0.201236 -0.927307 0.028858 -0.373188 0.370874 0.205470 -0.905668
3.771114 -5.149204 108.466776 -28.066638 0.046749 0.982056 0.182703 -0.828671 0.140260 -0.541877 0.557780 0.126069 -0.820359
0.980867 -6.359526 107.683031 -18.538409 -0.005559 0.973018 0.230662 -0.876878 0.106135 -0.468850 0.480681 0.204869 -0.852628
2.482235 -5.526361 123.297656 -27.612391 0.053783 0.968771 0.242056 -0.817913 0.181797 -0.545865 0.572823 0.168622 -0.802147
-6.179304 -236.521135 -313.877042 -232.013342 0.815335 -0.128071 -0.564648 -0.053700 0.954299 -0.293991 0.576494 0.270023 0.771195
5.159264 -173.169471 166.148474 -8171.618696 0.805407 -0.245877 -0.539318 0.321551 -0.583116 0.746043 0.497920 0.774287 0.390584
-24.592997 -370.073128 232.860482 -10215.160720 0.830016 -0.113235 -0.546124 0.205676 0.972306 0.110992 0.518431 -0.204449 0.830319
-0.299042 -31.408619 -22.968723 1099.883263 -0.819836 0.197053 0.537623 0.379429 0.890145 0.252341 -0.428838 0.410868 -0.804541
2.307706 -11.407552 58.105681 -121.062219 -0.578293 0.613970 0.537231 0.737929 0.674468 0.023521 -0.347904 0.410041 -0.843107
-0.561570 -78.940269 -51.571271 3147.596404 0.836795 -0.167713 -0.521197 0.392295 0.847711 0.357059 -0.381941 0.503248 -0.775153
2.190654 -9.876688 39.700412 -112.757147 -0.580074 0.651501 0.488939 0.712244 0.696931 -0.083645 -0.395251 0.299723 -0.868299
-1.960384 -80.312645 -9.710439 3494.344157 -0.831440 0.069221 0.551285 0.264507 0.921873 0.283172 -0.488613 0.381260 -0.784792
-0.604665 -52.641641 -6.786904 2384.671752 -0.819906 0.130714 0.557376 0.304882 0.923738 0.231852 -0.484563 0.360030 -0.797231
-0.345385 -20.465664 -37.349712 774.242009 -0.787022 0.288529 0.545295 0.414483 0.901982 0.120961 -0.456946 0.321214 -0.829471
1.905358 -4.180668 -81.153954 -14.794776 0.207327 0.323224 -0.923332 -0.638330 0.759923 0.122688 0.741317 0.563954 0.363876
1.690428 -3.809225 -39.735638 -52.129338 0.155958 0.350146 -0.923621 -0.576285 0.791682 0.202818 0.802229 0.500638 0.325253
0.983776 -4.420066 -74.823279 -71.150107 0.203055 0.343835 -0.916813 -0.569689 0.803017 0.174983 0.796382 0.486767 0.358935
1.746600 -4.233861 -22.454739 4.070123 0.130212 0.429257 -0.893747 -0.661568 0.709026 0.244152 0.738494 0.559483 0.376306
1.066716 -4.408667 5.422851 -37.049426 0.103501 0.463213 -0.880182 -0.606423 0.730818 0.313298 0.788377 0.501336 0.356544
0.473373 -4.195884 -60.663396 -95.065635 0.160094 0.420308 -0.893147 -0.539014 0.795233 0.277614 0.826943 0.436974 0.353864
0.249356 -7.591982 31.917582 -12.714268 -0.059657 0.974158 0.217847 0.736501 -0.104355 0.668338 -0.673801 -0.200315 0.711243
0.817045 -7.776314 -1.717251 -28.499927 -0.076421 0.968441 0.237239 0.757654 -0.098271 0.645216 -0.648167 -0.229053 0.726233
0.353112 -7.197855 11.928180 -11.537493 -0.066679 0.971156 0.228932 0.662339 -0.128517 0.738099 -0.746231 -0.200846 0.634665
0.133733 -7.075427 33.599758 -17.515924 -0.051497 0.975981 0.211684 0.629665 -0.132794 0.765433 -0.775158 -0.172707 0.607702
0.307572 -6.617848 16.621432 -41.175344 -0.063738 0.973503 0.219612 0.552658 -0.148803 0.820016 -0.830967 -0.173636 0.528530
0.459464 -6.641835 -37.282739 -54.973219 -0.081318 0.963669 0.254419 0.575007 -0.163141 0.801718 -0.814097 -0.211487 0.540850
2.153832 -2.520002 -166.739937 -37.778533 0.383461 0.840464 -0.382855 0.524135 -0.539361 -0.659069 0.760421 -0.052060 0.647340
0.555737 -2.165048 -132.314595 -46.438888 0.415036 0.807289 -0.419558 0.517420 -0.588754 -0.621003 0.748346 -0.040651 0.662062
2.289418 -2.195601 -154.242611 -6.879151 0.338476 0.868595 -0.361908 0.561157 -0.495059 -0.663339 0.755339 -0.021437 0.654984
3.764478 -2.490551 -146.009652 -11.104850 0.323488 0.864672 -0.384315 0.546733 -0.502294 -0.669913 0.772294 -0.006591 0.635231
3.395237 -2.840325 -136.352980 -23.262699 0.361538 0.841323 -0.401828 0.506792 -0.539083 -0.672719 0.782593 -0.039570 0.621275
0.806826 -10.499175 7.217592 114.399972 -0.134746 -0.971256 0.196228 0.981310 -0.158259 -0.109473 0.137382 0.177810 0.974428
0.874012 -11.345580 18.863248 185.118004 -0.120705 -0.980146 0.157301 0.987417 -0.134855 -0.082593 0.102166 0.145352 0.984091
0.959049 -13.145482 -2.420388 186.489678 -0.141032 -0.971327 0.191397 0.988530 -0.127616 0.080764 -0.054023 0.200592 0.978184
0.693185 -12.360478 -16.993592 141.942281 -0.137743 -0.963263 0.230547 0.990407 -0.131372 0.042839 -0.010978 0.234236 0.972118
0.701805 -10.455738 -14.100268 28.639769 -0.141920 -0.960275 0.240273 0.976120 -0.176091 -0.127208 0.164464 0.216482 0.962334
1.931547 -11.656701 -48.628903 137.061260 0.166749 0.940510 -0.296034 0.936373 -0.056999 0.346346 0.308868 -0.334951 -0.890173
1.717367 -9.261791 -46.208682 -76.701422 0.219141 0.939064 -0.264833 -0.866455 0.062505 -0.495328 0.448591 -0.338013 -0.827353
2.784111 -11.704236 -21.213112 -91.982716 0.178169 0.958874 -0.220946 -0.921496 0.083840 -0.379231 0.345111 -0.271168 -0.898536
-0.680625 -3.446772 -18.983538 -11.523143 -0.100636 0.907685 0.407407 -0.077311 -0.415382 0.906356 -0.991915 -0.059715 -0.111976
-1.479721 -3.919078 -59.656477 -8.682807 -0.115901 0.857493 0.501271 -0.067395 -0.510298 0.857353 -0.990972 -0.065584 -0.116935
-1.109119 -3.442047 -18.876494 -18.655013 -0.118036 0.816977 0.564461 -0.108925 -0.575657 0.810404 -0.987017 -0.034173 -0.156938
-7.039356 -10.568602 131.827074 93.071773 -0.038875 0.906706 0.419968 0.106229 0.421654 -0.900513 0.993581 -0.009606 0.112711
-4.627873 -9.274956 157.470300 11.856267 -0.099083 0.958997 0.265531 0.086975 0.274169 -0.957740 0.991271 0.071801 0.110574
-6.525309 -9.077542 246.505981 -42.492360 -0.127290 0.818368 0.560421 0.174776 0.574682 -0.799496 0.976346 0.003819 0.216182
-4.997524 -9.743771 149.060006 75.833190 -0.068722 0.975993 0.206677 -0.007139 0.206681 -0.978382 0.997610 0.068712 0.007236
-7.787177 -9.848871 -154.654935 57.789817 0.098748 -0.618998 -0.779160 0.195187 0.779825 -0.594790 0.975782 -0.093348 0.197826
-8.034040 -10.405446 -107.096832 58.471885 0.027377 0.735850 0.676591 0.165833 0.664123 -0.729000 0.985774 -0.132159 0.103847
-7.229959 -10.635579 61.092426 96.497823 0.018470 0.895721 0.444234 0.031494 0.443568 -0.895687 0.999333 -0.030534 0.020017
0.975082 -5.932064 -10.502698 20.333599 -0.076535 0.993872 0.079754 0.424312 -0.039918 0.904636 -0.902276 -0.103077 0.418657
1.455233 -5.945261 -12.762452 -3.604137 -0.065638 0.992935 0.098853 0.488438 -0.054415 0.870900 -0.870126 -0.105447 0.481416
1.166862 -5.752726 -6.548241 -14.324538 -0.057950 0.983443 0.171702 0.483113 -0.122885 0.866892 -0.873638 -0.133188 0.467993
1.220589 -6.310269 -22.212732 27.143017 -0.098758 0.995056 0.010501 0.437437 0.033932 0.898609 -0.893810 -0.093338 0.438626
0.690928 -6.330394 -11.389895 18.389511 -0.105394 0.994239 -0.019523 0.324241 0.052917 0.944493 -0.940085 -0.093214 0.327950
-3.753449 -15.611563 65.751950 -87.011047 0.144312 0.837701 -0.526717 -0.499520 0.521161 0.692004 -0.854198 -0.163242 -0.493658
-3.707054 -14.099257 48.126908 -161.677893 0.115306 0.849125 -0.515453 -0.632826 0.462774 0.620783 -0.765660 -0.254612 -0.590709
-4.896830 -13.802813 51.716320 -191.047266 0.039613 0.849389 -0.526279 -0.625850 0.431673 0.649592 -0.778937 -0.303640 -0.548690
-5.332868 -15.858413 67.889862 -189.702018 0.070329 0.830398 -0.552715 -0.462933 0.517976 0.719301 -0.883599 -0.205282 -0.420847
-1.827026 -22.107786 93.128632 -258.616695 0.270567 0.822922 -0.499593 -0.196952 0.555289 0.808000 -0.942339 0.120222 -0.312319
-0.996435 -22.063247 -3.701143 -133.306556 0.221119 0.832513 -0.507966 -0.181534 0.546891 0.817285 -0.958202 0.088505 -0.272057
-1.915403 -19.021090 51.829896 -127.300158 0.238974 0.839110 -0.488656 -0.410542 0.543357 0.732269 -0.879970 -0.025620 -0.474338
-2.577374 -18.747779 78.700080 -165.047561 0.226251 0.826696 -0.515155 -0.325075 0.562631 0.760113 -0.918225 0.004512 -0.396034
-2.501457 -20.222810 69.455106 -248.186143 0.214354 0.821500 -0.528385 -0.161633 0.563334 0.810265 -0.963290 0.088279 -0.253534
-1.659982 -7.178835 -27.135976 14.114828 0.328862 -0.025631 0.944030 0.173697 0.984219 -0.033787 -0.928267 0.175087 0.328125
-1.922253 -7.481385 -36.441993 15.524711 0.362089 0.010500 0.932084 0.132619 0.989184 -0.062662 -0.922661 0.146301 0.356781
-1.567364 -6.957744 -34.140047 46.617528 0.337326 -0.043534 0.940381 0.298148 0.952448 -0.062857 -0.892927 0.301576 0.334264
-1.798472 -7.244364 -15.376860 -27.908873 0.344291 0.058176 0.937059 0.011877 0.997729 -0.066306 -0.938788 0.033958 0.342818
-6.009753 -61.024007 140.529231 3822.251960 0.160592 0.986865 -0.017545 -0.910312 0.141218 -0.389088 0.381500 -0.078456 -0.921034
-6.657163 -32.838183 71.766162 2211.450864 0.178268 0.970654 -0.161407 -0.837967 0.063775 -0.541982 0.515783 -0.231872 -0.824744
-5.676541 -10.436858 28.787448 459.096539 0.611632 0.772725 0.169715 -0.630343 0.605608 -0.485702 0.478095 -0.190092 -0.857491
-2.804847 -11.416301 106.067697 342.255743 -0.760059 0.139615 -0.634679 0.197138 0.980162 -0.020469 0.619231 -0.140677 -0.772504
-3.032832 -8.529482 135.955933 292.023997 -0.754856 -0.530782 -0.385309 -0.478269 0.847445 -0.230424 0.448833 0.010344 -0.893556
-6.723371 -11.009721 -54.628603 -187.406098 -0.349271 0.717336 -0.602859 -0.755575 -0.596119 -0.271567 0.554180 -0.360655 -0.750208
1.230601 -10.711103 8.771572 -136.849174 -0.365383 0.872957 0.323174 0.791758 0.474021 -0.385257 0.489504 -0.115110 0.864370
1.656663 -7.716892 -1.365042 -199.512081 -0.304724 0.905213 0.296196 0.886943 0.383030 -0.258107 0.347094 -0.184058 0.919591
0.836258 -9.861160 36.036950 -129.372328 -0.359958 0.890950 0.276838 0.795821 0.448081 -0.407299 0.486929 -0.073703 0.870327
2.201292 -4.397936 -31.139768 -27.525142 0.122984 0.986442 0.108663 0.214063 0.080549 -0.973493 0.969047 -0.142985 0.201254
1.448022 -4.687540 -57.478547 5.052406 0.138780 0.976668 0.163890 0.160922 0.141052 -0.976836 0.977161 -0.161939 0.137592
1.619414 -4.874810 -59.519911 -15.573734 0.150782 0.973519 0.171830 0.213487 0.137649 -0.967200 0.965240 -0.182520 0.187079
2.224458 -4.170318 -47.043115 -24.806592 0.150891 0.986593 0.062172 0.261616 0.020796 -0.964948 0.953304 -0.161867 0.254970
2.789537 -1.860896 -160.998665 -13.547272 -0.249904 0.173981 0.952512 0.019447 0.984428 -0.174709 -0.968075 -0.025137 -0.249396
1.443374 -2.384569 -163.494463 -38.538050 -0.251242 0.241815 0.937231 0.072338 0.970273 -0.230949 -0.965217 0.009774 -0.261266
3.029670 -2.394972 -128.161639 -51.277002 -0.227743 0.150702 0.961989 0.038661 0.988571 -0.145714 -0.972953 0.004006 -0.230966
-17.926883 -283.792017 -855.286454 11951.471622 0.998605 0.039976 0.034504 0.011954 -0.807569 0.589653 -0.051437 0.588417 0.806920
-2.784190 -57.676801 -395.644687 7087.574833 0.981758 -0.140489 0.128118 -0.175159 -0.406140 0.896867 0.073966 0.902947 0.423339
27.442749 -65.666149 901.032856 -1678.593541 0.729552 -0.328535 -0.599849 0.438670 -0.448111 0.778951 0.524711 0.831421 0.182802
-66.146573 -275.581030 1758.502379 -16115.214038 0.581843 -0.034047 -0.812588 0.352076 0.911197 0.213921 0.733145 -0.410561 0.542161
2.322963 -35.118717 68.506634 1069.916888 0.875339 -0.471134 0.108689 -0.050343 0.134764 0.989598 0.480881 0.871706 -0.094246
2.100209 -39.955630 -21.756394 1443.048363 0.925508 -0.375395 0.050139 -0.036671 0.042940 0.998404 0.376949 0.925870 -0.025975
2.142310 -37.193503 -18.880525 487.323491 0.928575 -0.356476 0.103311 0.104371 0.517930 0.849032 0.356167 0.777607 -0.518143
2.815492 -31.894915 -34.726247 352.319322 0.900362 -0.416488 0.126037 0.013616 0.316471 0.948505 0.434928 0.852282 -0.290609
-0.742318 -69.838764 -87.592830 2330.035481 0.963282 -0.234742 0.130324 0.069909 0.687936 0.722397 0.259231 0.686761 -0.679086
0.833849 -47.092728 -48.339252 -396.869011 0.959636 -0.273736 0.064553 0.201829 0.830126 0.519765 0.195865 0.485756 -0.851867
1.697204 -41.255258 16.161456 -408.000529 0.922348 -0.368056 0.117509 0.267839 0.828315 0.492094 0.278453 0.422409 -0.862575
2.659730 -36.763262 -18.335443 -616.959327 0.899257 -0.422151 0.114564 0.220143 0.663098 0.715429 0.377986 0.618134 -0.689229
-7.029208 -27.542737 181.638709 -364.913257 0.953305 0.061683 0.295644 0.297606 -0.025290 -0.954354 0.051390 -0.997775 0.042466
-3.539968 -36.277795 162.265345 1042.990917 0.910153 0.089472 0.404494 0.411926 -0.091714 -0.906590 0.044017 -0.991758 0.120329
-11.255494 -41.384005 398.827911 1336.824265 0.890382 0.052095 0.452224 0.454277 -0.165411 -0.875369 -0.029201 -0.984848 0.170945
-17.343892 -41.681079 540.560975 47.445260 0.931844 0.004215 0.362835 0.362809 -0.027651 -0.931453 -0.006106 -0.999609 0.027295
-28.497118 -70.428930 914.448973 2046.318512 0.855157 -0.078009 0.512465 0.477676 -0.265371 -0.837499 -0.201326 -0.960985 0.189670
-6.639528 -10.211938 35.954238 86.783004 -0.183434 0.982917 -0.015040 -0.107547 -0.035274 -0.993574 0.977131 0.180637 -0.112180
-5.542948 -9.415362 -46.115252 103.373206 -0.275841 0.945951 -0.170556 -0.126403 -0.211598 -0.969148 0.952856 0.245772 -0.177939
-9.800938 -11.070091 214.720651 -35.884585 -0.070543 0.987973 -0.137595 0.366130 -0.102666 -0.924883 0.927886 0.115621 0.354484
-8.333732 -10.763986 -78.326462 -16.709961 0.136035 0.938842 -0.316338 0.226189 -0.340305 -0.912705 0.964538 -0.052607 0.258649
7.803805 -9.714304 53.188094 18.706790 0.372956 0.844254 0.384887 -0.519714 -0.153555 0.840427 -0.768636 0.513474 -0.381502
8.205558 -12.698321 -85.652774 128.881320 0.228636 0.903434 0.362673 -0.613484 -0.155551 0.774236 -0.755885 0.399513 -0.518679
7.937339 -10.924671 45.300891 117.675703 0.337985 0.821738 0.458818 -0.635035 -0.160689 0.755586 -0.694620 0.546742 -0.467522
7.347414 -9.745827 86.458186 106.705733 0.389792 0.761039 0.518538 -0.654086 -0.167572 0.737625 -0.648254 0.626689 -0.432467
7.326901 -8.673271 107.437779 17.972944 0.421112 0.776230 0.469182 -0.583159 -0.164480 0.795533 -0.694687 0.608616 -0.383401
-1.138645 -3.025393 38.519587 -43.751517 -0.315513 0.829538 0.460781 -0.281093 0.382086 -0.880339 0.906332 0.407281 -0.112625
-0.389008 -2.345890 47.601180 -65.198467 -0.322461 0.811261 0.487725 -0.234945 0.430531 -0.871461 0.916962 0.395600 -0.051772
-1.032090 -2.517665 25.044135 -63.183514 -0.367654 0.899731 0.235191 -0.157791 0.188883 -0.969240 0.916478 0.393456 -0.072526
-1.562648 -3.020964 8.293303 -23.079118 -0.370834 0.917467 0.144002 -0.165985 0.087084 -0.982276 0.913746 0.388164 -0.119992
-1.996608 -2.988683 -12.421680 18.743240 -0.386754 0.921490 0.035731 -0.171277 -0.033706 -0.984646 0.906138 0.386936 -0.170866
-1.958554 -2.790005 33.132373 23.992721 -0.294306 0.837253 0.460860 -0.347248 0.355581 -0.867745 0.890395 0.415415 -0.186084
-1.286622 -3.207915 51.268267 7.087313 -0.257465 0.746496 0.613559 -0.393389 0.498987 -0.772177 0.882585 0.440176 -0.165192
1.532513 -14.600480 70.210129 57.816202 0.264312 0.452058 0.851929 0.955847 -0.240424 -0.168977 0.128437 0.858976 -0.495646
0.202258 -13.889851 42.625386 -157.965936 0.246959 0.463675 0.850892 0.956791 0.022417 -0.289910 -0.153498 0.885722 -0.438104
1.322226 -14.039604 63.174430 -105.779371 0.313309 0.468184 0.826221 0.942500 -0.046734 -0.330921 -0.116319 0.882394 -0.455906
2.863330 -14.973211 80.647570 55.162520 0.330554 0.478005 0.813785 0.937535 -0.265392 -0.224934 0.108453 0.837304 -0.535873
2.820078 -13.960241 83.335117 154.561782 0.275449 0.457297 0.845581 0.909560 -0.408700 -0.075262 0.311172 0.789838 -0.528515
2.150418 -13.865247 64.423186 170.379618 0.233442 0.464348 0.854334 0.919012 -0.392410 -0.037832 0.317682 0.793974 -0.518346
1.376072 -13.787283 39.101326 182.340318 0.199182 0.473137 0.858177 0.923176 -0.384371 -0.002353 0.328745 0.792717 -0.513349
0.708644 -6.366792 9.902277 12.264643 0.276658 0.948208 0.156082 0.518769 -0.010647 -0.854848 0.808912 -0.317471 0.494847
0.659508 -6.825406 12.653712 27.523634 0.315511 0.943339 0.102781 0.599367 -0.114141 -0.792295 0.735672 -0.311581 0.601419
0.922696 -9.005454 -12.281283 179.151177 0.285410 0.952849 -0.103055 0.958158 -0.286125 0.008091 -0.021777 -0.101052 -0.994643
0.675195 -10.744494 -37.031261 265.975094 0.284061 0.946705 -0.151852 0.958329 -0.285331 0.013830 -0.030235 -0.149453 -0.988306
1.217375 -11.682780 -7.244485 -252.912413 0.313859 0.945650 -0.085084 -0.940521 0.321924 0.108558 -0.130048 -0.045952 -0.990442
0.601604 -7.306928 -5.039494 42.774807 0.251981 0.960576 -0.117473 0.965579 -0.241469 0.096694 0.064516 -0.137795 -0.988357
0.466485 -7.568047 7.657487 -52.295975 0.326101 0.942799 -0.069200 0.943546 -0.320110 0.085150 0.058127 -0.093061 -0.993962
0.969798 -8.298962 0.258036 66.495994 0.330023 0.942158 -0.058514 0.943928 -0.329978 0.010704 -0.009224 -0.058765 -0.998229
-0.294810 -15.811686 8.206362 -404.405781 0.199311 0.966424 -0.162173 0.002281 -0.165951 -0.986131 0.979934 -0.196177 0.035280
-0.480458 -19.651617 1.042249 -337.426248 0.206583 0.962597 -0.175300 -0.265155 -0.117382 -0.957034 0.941815 -0.244189 -0.230988
-0.193974 -11.067825 12.625623 -263.002128 0.197648 0.967871 -0.155438 0.202172 -0.195404 -0.959658 0.959199 -0.158249 0.234298
-0.421443 -11.064853 3.150393 -270.292350 0.209381 0.966147 -0.150732 0.193245 -0.191994 -0.962182 0.958549 -0.172335 0.226903
-0.429684 -15.780242 -1.418143 -412.141565 0.215576 0.961290 -0.171608 -0.003621 -0.174952 -0.984570 0.976480 -0.212871 0.034234
-0.078908 -11.525412 -12.437149 -127.218122 0.290590 0.952777 -0.088172 0.365080 -0.195579 -0.910201 0.884462 -0.232305 0.404673
-0.255142 -9.785872 -1.000639 -103.304672 0.281598 0.955708 -0.085589 0.520091 -0.226984 -0.823398 0.806355 -0.187353 0.560973
-0.348917 -9.592379 -12.089019 -103.641827 0.288947 0.955569 -0.058293 0.542553 -0.213618 -0.812406 0.788762 -0.203115 0.580171
1.673914 -10.282774 -252.968223 475.431772 0.022220 -0.992605 0.119337 0.995322 0.033189 0.090731 -0.094020 0.116763 0.988699
-0.165097 -10.155848 -12.696252 -4.926578 0.080971 0.993509 0.079896 0.697317 -0.113742 0.707681 -0.712175 0.001589 0.702000
-0.430931 -10.267848 -10.123270 8.249659 0.065521 0.996093 0.059204 0.566103 -0.085966 0.819840 -0.821726 0.020201 0.569524
-0.062541 -10.337098 -10.680120 -6.711230 0.052092 0.997571 0.046247 0.683872 -0.069382 0.726295 -0.727740 0.006207 0.685825
-0.282320 -14.387457 26.319796 -39.406365 0.136863 0.989464 -0.047218 0.951636 -0.118096 0.283624 -0.275060 0.083752 0.957772
-0.471028 -14.767414 25.599662 -37.016402 0.187663 0.981446 -0.039327 0.978649 -0.183411 0.092774 -0.083839 0.055898 0.994910
-0.072354 -13.413243 -14.971917 -10.067458 -0.188612 -0.981441 0.034635 0.981443 -0.187136 0.041828 -0.034570 0.041881 0.998524
2.575070 -24.065914 195.978770 -562.584173 -0.506220 0.837312 0.206518 -0.112163 0.173511 -0.978424 0.855079 0.518461 -0.006080
9.689899 -18.987922 516.788350 -621.456468 -0.479996 0.827225 0.292065 0.010033 0.338079 -0.941064 0.877213 0.448777 0.170576
5.108905 -17.968659 266.134360 -439.990174 -0.502060 0.832133 0.235563 0.085897 0.319013 -0.943850 0.860557 0.453635 0.231641
0.456405 -21.831047 17.816492 10.219842 -0.060852 0.975145 0.213048 -0.109904 -0.218691 0.969585 -0.992078 -0.035586 -0.120480
0.103232 -21.061027 5.578780 -62.998732 -0.079778 0.973342 0.215035 -0.299287 -0.229159 0.926236 -0.950822 -0.009536 -0.309591
0.257575 -19.911938 -0.448141 9.916168 -0.089788 0.966646 0.239860 -0.260872 -0.255250 0.931017 -0.961189 -0.021022 -0.275089
3.779159 -6.752887 185.131878 5.409776 0.018668 0.990468 0.136469 0.991036 -0.000272 -0.133593 -0.132282 0.137739 -0.981595
3.060607 -51.024534 -145.330262 -1225.342535 -0.443293 0.896242 0.015547 -0.842594 -0.422551 0.333896 -0.305821 -0.134914 -0.942482
-0.337805 -37.319101 -71.810983 630.028705 -0.415766 0.908365 0.044853 0.907547 0.411175 0.085404 0.059135 0.076214 -0.995336
0.151184 -34.774367 -106.608000 -708.401533 -0.375102 0.925895 0.044916 -0.914502 -0.361693 -0.181286 0.151606 0.109077 -0.982404
-39.049990 -214.961311 -4099.922359 9858.114022 0.772776 -0.558590 0.301322 0.562540 0.382991 -0.732712 -0.293882 -0.735728 -0.610195
-258.606630 -1426.585004 5678.418024 -90888.581456 -0.455755 0.654672 -0.603068 0.864287 0.163487 -0.475689 -0.212826 -0.738022 -0.640335
1.568593 -7.760421 69.074259 -96.086711 -0.494142 0.419170 0.761657 0.147591 0.903820 -0.401655 -0.856762 -0.086060 -0.508481
-3.968696 -6.313451 87.932700 -78.223920 -0.230042 0.821202 -0.522215 -0.064355 -0.548268 -0.833823 0.971050 0.158207 -0.178973
0.227564 -12.828947 -14.026257 4.530893 0.273985 0.937820 -0.213133 -0.566310 -0.021796 -0.823904 0.777319 -0.346436 -0.525126
0.461560 -12.883356 -15.950400 -16.045602 0.248711 0.941881 -0.225839 -0.725112 0.026478 -0.688121 0.642149 -0.334902 -0.689555
-0.041749 -12.674388 -8.509552 19.826719 0.284279 0.940059 -0.188346 -0.380482 -0.069700 -0.922158 0.880011 -0.333812 -0.337861
0.246294 -13.052756 -10.871180 44.269657 0.281860 0.941039 -0.187082 -0.372908 -0.072211 -0.925054 0.884022 -0.330500 -0.330568
0.566263 -13.167037 -17.482214 19.177701 0.263595 0.941254 -0.211087 -0.556222 -0.030476 -0.830475 0.788121 -0.336321 -0.515513
4.889480 -6.074717 133.451856 -28.464550 0.023236 0.989671 0.141460 -0.928004 0.073981 -0.365152 0.371846 0.122790 -0.920138
1.363816 -13.525304 45.094290 48.433402 -0.635985 0.542658 0.548675 0.732251 0.648778 0.207110 -0.243579 0.533487 -0.809976
4.824819 -11.445306 86.851806 -104.113703 -0.506893 0.685317 0.522877 0.848308 0.504304 0.161403 -0.153077 0.525374 -0.836988
5.154357 -10.237403 85.490549 -116.197479 -0.460651 0.751504 0.472273 0.843832 0.535795 -0.029516 -0.275223 0.384923 -0.880958
2.557934 -3.783393 -36.819243 -8.424833 0.182121 0.257222 -0.949036 -0.620641 0.778685 0.091949 0.762651 0.572265 0.301458
1.599890 -3.346457 26.158539 -36.267761 0.131537 0.287608 -0.948673 -0.566888 0.806892 0.166023 0.813226 0.515953 0.269177
1.361465 -2.911042 8.031907 -52.545977 0.090487 0.407902 -0.908530 -0.534615 0.789579 0.301251 0.840238 0.458454 0.289517
0.482566 -8.272127 15.668311 -39.533836 -0.091638 0.971699 0.217725 0.813241 -0.053151 0.579495 -0.574667 -0.230166 0.785354
0.855460 -8.438922 -1.692426 -45.490889 -0.103573 0.969066 0.224017 0.832980 -0.038567 0.551957 -0.543523 -0.243770 0.803218
1.212707 -8.895867 15.038008 -64.461678 -0.091666 0.968849 0.230061 0.836464 -0.050439 0.545695 -0.540301 -0.242460 0.805784
0.729263 -8.119576 -20.308833 -34.185985 -0.069343 0.960897 0.268082 0.781301 -0.114781 0.613510 -0.620291 -0.251995 0.742791
0.735552 -1.787240 -153.287327 -5.511795 0.356543 0.863868 -0.355821 0.565872 -0.502723 -0.653497 0.743415 -0.031650 0.668082
-1.369249 -11.483079 -8.667021 -32.238430 -0.148184 0.983311 -0.105555 0.586924 0.001536 -0.809641 0.795966 0.181928 0.577356
-1.313077 -11.098877 3.159417 -50.856132 -0.181745 0.974566 -0.131108 0.616735 0.009123 -0.787118 0.765903 0.223913 0.602707
-1.372615 -10.430980 0.833579 -47.838317 -0.183925 0.978458 -0.093760 0.767519 0.083370 -0.635582 0.614073 0.188862 0.766319
-1.263306 -10.927048 -13.199393 -35.688068 -0.151661 0.986538 -0.061175 0.749840 0.074507 -0.657410 0.644002 0.145575 0.751045
-1.230136 -9.270740 12.541458 -51.239023 -0.235547 0.968449 -0.081388 0.879877 0.176940 -0.441032 0.412716 0.175496 0.893794
-1.222668 -9.736660 -3.542569 -50.733411 -0.194463 0.979530 -0.052012 0.877992 0.150171 -0.454509 0.437394 0.134051 0.889222
1.177485 -13.818360 7.873889 169.070670 -0.122872 -0.980120 0.155778 0.985500 -0.101996 0.135594 -0.117010 0.170180 0.978441
0.432715 -8.644568 -70.920416 -125.907192 0.193593 0.928380 -0.317225 -0.884848 0.025565 -0.465177 0.423751 -0.370751 -0.826425
0.375356 -7.221898 -63.388753 -52.346028 0.289048 0.925582 -0.244437 -0.792193 0.087907 -0.603906 0.537477 -0.368199 -0.758649
1.834371 -8.141786 -35.622836 -31.676765 0.284702 0.935203 -0.210572 -0.767769 0.090923 -0.634243 0.574000 -0.342241 -0.743905
-2.345363 -8.815751 135.144603 30.702036 -0.117859 0.990374 0.072588 -0.007858 0.072165 -0.997362 0.992999 0.118118 0.000723
1.068240 -7.186426 -19.398876 5.966811 -0.191291 0.970842 0.144478 0.951375 0.147186 0.270594 -0.241439 -0.189215 0.951790
1.027108 -7.380564 -11.196302 -3.317300 -0.176934 0.974862 0.135419 0.911583 0.110440 0.396003 -0.371093 -0.193512 0.908209
1.230249 -7.253421 -4.820838 4.448408 -0.183268 0.974936 0.126150 0.951002 0.143320 0.273962 -0.249015 -0.170177 0.953431
1.839094 -5.971104 -30.767776 -20.952069 -0.073164 0.986832 0.144257 0.566647 -0.077898 0.820270 -0.820706 -0.141757 0.553486
1.703708 -6.228500 -36.342711 11.474304 -0.093223 0.994377 0.050230 0.516515 0.005170 0.856262 -0.851188 -0.105768 0.514093
-3.000901 -15.078399 67.687178 -99.043800 0.162305 0.865564 -0.473769 -0.642742 0.457042 0.614814 -0.748693 -0.204724 -0.630514
-0.960462 -20.313100 -12.684980 -79.404700 0.211921 0.845845 -0.489526 -0.368771 0.533085 0.761464 -0.905040 -0.019152 -0.424895
-0.062298 -21.213942 40.964760 -19.085100 0.256980 0.831745 -0.492100 -0.225415 0.546742 0.806388 -0.939760 0.096299 -0.327989
0.733440 -4.109575 -38.272190 11.986910 0.231065 0.971473 0.053375 0.868258 -0.181140 -0.461862 0.439018 -0.153063 0.885344
1.586651 -4.258887 -47.276493 9.574520 0.106047 0.989516 0.098038 0.888339 -0.049979 -0.456461 0.446776 -0.135498 0.884326
1.665457 -4.059247 -26.809207 5.802251 0.196825 0.978713 0.058146 0.844093 -0.138986 -0.517871 0.498765 -0.151010 0.853480
-2.206795 -7.268240 -42.265947 66.463979 0.382523 -0.028806 0.923497 0.244393 0.967069 -0.071065 -0.891038 0.252880 0.376966
-2.507609 -7.793382 -24.750783 40.545766 0.417546 0.027227 0.908248 0.109065 0.990823 -0.079843 -0.902087 0.132396 0.410744
-2.162167 -7.648628 -25.538661 -13.521733 0.381016 0.094738 0.919702 -0.036561 0.995502 -0.087399 -0.923845 -0.000325 0.382766
-5.092262 -415.850994 382.066876 26299.002278 0.044936 0.982388 -0.181369 -0.772437 -0.080962 -0.629910 0.633500 -0.168402 -0.755194
-7.676784 -116.797851 -93.357466 6388.966298 0.118395 0.936963 -0.328758 -0.661514 -0.172490 -0.729826 0.740528 -0.303886 -0.599393
2.202606 -3.758912 6.765459 -222.794384 -0.208534 0.943612 0.257120 0.948771 0.258990 -0.180988 0.237374 -0.206206 0.949280
1.216605 -6.772227 38.182365 -189.946799 -0.262125 0.935533 0.236788 0.907694 0.322332 -0.268690 0.327693 -0.144501 0.933668
1.799990 -4.523648 -32.109836 -21.085675 0.110008 0.987862 0.109667 0.155253 0.091903 -0.983590 0.981730 -0.125229 0.143259
0.674979 -4.064924 -57.812696 43.519544 0.134717 0.972273 0.191146 0.076052 0.182190 -0.980318 0.987961 -0.146603 0.049400
3.459643 -2.819349 -11.750333 8.223487 0.235748 0.895044 -0.378574 0.363419 -0.442486 -0.819837 0.901304 -0.055694 0.429591
3.137908 -3.287987 -31.071499 0.658172 0.284334 0.879592 -0.381408 0.381894 -0.468816 -0.796472 0.879381 -0.080807 0.469211
3.617599 -2.884215 2.229556 10.730149 0.251491 0.848627 -0.465387 0.388340 -0.528914 -0.754614 0.886535 -0.009050 0.462573
2.784887 -3.444930 -44.611609 -3.968709 0.255566 0.928696 -0.268720 0.362177 -0.349677 -0.864034 0.896389 -0.123493 0.425718
3.584607 -2.465927 0.628066 11.354339 0.204809 0.860021 -0.467352 0.371033 -0.510054 -0.776002 0.905753 0.014471 0.423560
3.438934 -2.293009 4.839754 13.530613 0.185627 0.902371 -0.388933 0.344701 -0.430458 -0.834198 0.920176 -0.020784 0.390953
3.228996 -2.846353 -23.149640 10.365696 0.213332 0.937129 -0.276187 0.338080 -0.336040 -0.879078 0.916619 -0.094162 0.388513
-114.792833 -326.837217 -7547.792298 20579.051268 0.847630 0.167568 -0.503432 -0.100383 0.982331 0.157955 0.521005 -0.083352 0.849474
-153.136458 -397.338105 -10228.958115 -31830.107975 0.926001 -0.026097 -0.376618 0.219724 -0.773975 0.593872 0.306991 0.632678 0.710968
-75.467464 -562.737031 -6703.893462 31018.584116 0.991882 -0.039425 -0.120892 -0.017485 -0.983978 0.177430 0.125951 0.173876 0.976680
-98.043928 -190.460542 -4793.837079 6612.812927 0.949436 -0.174459 -0.261028 -0.289846 -0.806598 -0.515159 0.120671 -0.564768 0.816379
1.022746 -23.332039 56.352863 695.924039 0.888491 -0.446148 0.107405 -0.170629 -0.103917 0.979840 0.425993 0.888905 0.168456
-3.266685 -30.319746 118.699072 -394.670139 0.964220 0.114262 0.239217 0.235138 0.048132 -0.970769 0.122436 -0.992284 -0.019543
