13352
26686
-6.609758 -8.611993 -51.886505 -183.177369 0.087243 -0.911066 0.402923 0.991705 0.041104 -0.121787 0.094394 0.410206 0.907095
-8.358229 -10.087586 -22.560923 -179.485643 0.187434 -0.939964 0.285196 0.958896 0.112119 -0.260668 0.213042 0.322331 0.922342
-5.545462 -12.141362 -93.102364 -248.460572 0.194101 -0.902737 0.383914 0.954573 0.083614 -0.286006 0.226088 0.421988 0.877958
-6.189480 -7.934513 -58.130324 -62.901669 0.815915 0.522120 -0.248340 0.569863 -0.798784 0.192873 0.097667 0.298888 0.949277
-3.447615 -9.679624 -165.212873 -314.235699 0.087641 -0.858205 0.505769 0.994057 0.042432 -0.100254 0.064578 0.511550 0.856824
-4.586277 -6.254789 -78.835748 -128.135081 -0.212971 -0.849032 0.483517 0.976946 -0.192564 0.092174 0.014849 0.492000 0.870469
-5.316409 -6.821276 -37.122278 -62.809895 0.903225 0.382928 -0.193780 0.427528 -0.842250 0.328381 0.037465 0.379448 0.924454
-2.625945 -9.073425 47.222042 -45.433722 0.477263 0.800959 -0.361503 -0.582091 0.596334 0.552772 -0.658324 0.053390 -0.750839
-3.493249 -8.745650 43.354901 -35.513762 0.422536 0.827762 -0.369151 -0.594375 0.560555 0.576625 -0.684238 0.024231 -0.728856
-3.450494 -9.357011 41.349171 -101.080384 0.463337 0.789394 -0.402711 -0.492431 0.607161 0.623592 -0.736770 0.090625 -0.670042
-0.008866 -3.577295 -6.014315 -14.303651 0.189344 0.960938 0.201857 0.914451 -0.097686 -0.392729 0.357670 -0.258949 0.897228
0.028100 -3.545485 -4.210248 47.862396 0.103668 0.964025 0.244761 0.883144 0.023977 -0.468489 0.457504 -0.264726 0.848887
-0.031507 -4.144340 -13.610660 -7.857308 0.183866 0.960814 0.207435 0.902348 -0.081295 -0.423273 0.389823 -0.265004 0.881936
-0.228641 -3.878353 -16.445042 -52.054802 0.222751 0.957159 0.185011 0.915330 -0.140035 -0.377573 0.335489 -0.253451 0.907309
-0.667981 -7.958156 -2.046088 -16.959403 0.419514 0.871837 -0.252802 -0.297783 -0.130907 -0.945616 0.857516 -0.471979 -0.204701
-0.463401 -7.854885 -16.339536 10.043412 0.451600 0.861825 -0.230902 -0.276289 -0.110993 -0.954644 0.848364 -0.494913 -0.187988
-0.476987 -8.180360 -12.081355 -13.096136 0.434656 0.868410 -0.238617 -0.413144 -0.043160 -0.909642 0.800241 -0.493965 -0.340019
0.463882 -18.066869 -0.526748 -63.117956 0.482632 0.793888 -0.369875 -0.656426 0.607468 0.447312 -0.579803 -0.026908 -0.814312
0.605591 -18.227068 -2.253480 -39.682228 0.452097 0.819081 -0.353150 -0.773899 0.557056 0.301279 -0.443496 -0.137095 -0.885729
0.610015 -15.921094 0.683085 -19.202155 0.449638 0.832246 -0.324334 -0.764566 0.546344 0.341976 -0.461806 -0.094209 -0.881964
0.724117 -16.631440 2.298766 32.770801 0.417387 0.853978 -0.310660 -0.855078 0.484808 0.183856 -0.307620 -0.188899 -0.932570
0.429941 -15.132903 12.575033 49.833139 0.419911 0.863653 -0.278889 -0.850792 0.481576 0.210328 -0.315957 -0.148957 -0.937007
0.319652 -14.023208 10.582571 29.437707 0.443969 0.848521 -0.287930 -0.766301 0.526092 0.368794 -0.464407 -0.056908 -0.883791
0.405595 -14.345813 3.779451 -28.960289 0.465001 0.827306 -0.315180 -0.666438 0.561461 0.490532 -0.582782 0.018050 -0.812428
0.499975 -16.065038 -2.887617 -58.131466 0.477284 0.805751 -0.350665 -0.639603 0.592176 0.490137 -0.602584 0.009648 -0.797997
5.740614 -9.022765 -1435.558922 19.400882 0.708942 -0.705265 0.001149 -0.331656 -0.331946 0.883072 0.622419 0.626428 0.469236
-2.911599 -8.892241 1250.069194 -92.180118 -0.687426 0.725421 -0.034793 0.331571 0.270860 -0.903712 0.646148 0.632771 0.426724
24.875365 -8.941928 -3497.921780 30.484938 0.778068 -0.624788 -0.065184 -0.151978 -0.287910 0.945521 0.609518 0.725774 0.318968
-6.577785 -8.386925 327.307107 -53.736035 -0.641190 0.699260 0.316085 0.188224 0.542629 -0.818612 0.743940 0.465391 0.479546
-4.185690 -9.318991 949.360861 44.409067 -0.630723 0.776007 0.001435 0.435099 0.355169 -0.827372 0.642556 0.521218 0.561653
2.197535 -2.403860 -67.808184 7.419249 0.548564 -0.827090 -0.122470 0.818551 0.501393 0.280320 -0.170444 -0.254021 0.952062
2.115087 -2.464439 -70.252957 5.603373 0.676904 -0.728453 -0.105628 0.725105 0.635239 0.265885 -0.126585 -0.256570 0.958200
2.737429 -2.990533 -27.479753 23.496564 0.609370 -0.769715 -0.190281 0.785460 0.553253 0.277422 -0.108262 -0.318511 0.941717
1.591930 -13.288995 -43.597763 -0.568798 -0.477129 -0.786601 0.391928 0.878737 -0.420382 0.226055 -0.013055 0.452259 0.891791
1.021958 -14.197855 -65.612253 84.919097 -0.472010 -0.779817 0.411208 0.868365 -0.330754 0.369519 -0.152148 0.531495 0.833285
0.621670 -13.132076 -74.233207 51.721167 -0.433220 -0.792611 0.429055 0.901187 -0.388061 0.193054 0.013483 0.470294 0.882407
0.450631 -13.164873 0.997437 -2.708537 0.481312 0.861735 -0.160473 -0.259636 0.315014 0.912883 -0.837215 0.397717 -0.375357
0.081816 -13.873958 -16.991605 62.622949 0.448022 0.880320 -0.155925 -0.276968 0.302497 0.912022 -0.850038 0.365419 -0.379346
0.157826 -14.242374 -9.293599 57.473867 0.459564 0.877292 -0.138417 -0.421309 0.352538 0.835593 -0.781857 0.325693 -0.531624
0.648324 -14.258142 -22.093026 -29.277635 0.472600 0.864559 -0.170843 -0.288624 0.335011 0.896919 -0.832673 0.374575 -0.407859
-0.357206 -20.608057 10.801103 385.063512 0.364518 0.868296 -0.336436 -0.140218 -0.305994 -0.941651 0.920579 -0.390423 -0.010210
-0.600333 -22.402899 -8.468986 245.372026 0.380758 0.866638 -0.322432 0.194646 -0.416004 -0.888287 0.903956 -0.275462 0.327085
-0.875924 -18.720633 39.979511 346.599515 0.332095 0.886686 -0.321715 -0.099387 -0.306280 -0.946739 0.937995 -0.346382 0.013589
-0.257944 -15.332490 23.214515 152.937263 0.366762 0.906815 -0.207777 -0.291806 -0.099936 -0.951243 0.883366 -0.409510 -0.227961
-1.243071 -18.311467 7.750201 291.101793 0.362574 0.887091 -0.285675 0.047142 -0.323598 -0.945020 0.930762 -0.329173 0.159147
-0.773252 -14.130116 15.164021 349.818277 0.362504 0.896309 -0.255384 -0.159297 -0.210401 -0.964549 0.918268 -0.390335 -0.066508
-0.403035 -12.673805 29.913168 257.005366 0.356341 0.906534 -0.226311 -0.266900 -0.133360 -0.954453 0.895425 -0.400513 -0.194432
-3.022747 -525.932137 -238.117706 -58781.739661 0.713736 0.698692 0.049096 0.553378 -0.519547 -0.651033 0.429364 -0.491834 0.757460
0.527273 -284.288086 -77.981153 3937.157432 0.793561 0.607558 0.033672 0.600787 -0.773536 -0.201737 0.096520 -0.180321 0.978861
7.403980 -220.776425 143.172006 5471.688162 0.709716 0.679530 0.185854 0.199557 0.059093 -0.978103 0.675633 -0.731264 0.093666
-56.041530 -168.571401 -2580.403343 -3882.348648 0.825792 0.416425 0.380339 0.557973 -0.505130 -0.658415 0.082060 -0.755933 0.649486
-101.975764 -2153.167724 4103.176055 22057.049362 0.877305 0.293040 0.380084 0.394132 -0.891797 -0.222167 -0.273854 -0.344712 0.897874
-35.621149 -2275.947040 787.030159 92149.405144 0.790677 0.400861 0.462753 0.493304 0.030528 -0.869321 0.362604 -0.915630 0.173608
-19.529447 -162.939148 -1108.989776 14744.140646 0.742749 0.395906 0.539984 0.324961 0.491972 -0.807690 0.585427 -0.775385 -0.236758
3.447874 0.605237 -67.765122 -121.389634 0.795485 0.336279 -0.504103 -0.174605 0.923806 0.340727 0.580273 -0.183025 0.793590
2.420710 1.910174 -71.191549 -83.185009 0.763020 0.555841 -0.329911 -0.412590 0.811724 0.413369 0.497564 -0.179291 0.848696
2.617679 -0.401013 -93.443689 -100.936786 0.783859 0.501869 -0.365639 -0.346321 0.842109 0.413417 0.515389 -0.197432 0.833903
-2.091123 -12.640529 7.825877 17.221543 0.347439 0.820755 -0.453483 0.514773 0.237275 0.823838 -0.783770 0.519674 0.340064
-1.923614 -13.231163 15.417114 -8.628953 0.410132 0.801668 -0.434878 0.321781 0.318969 0.891468 -0.853375 0.505556 0.127142
-2.245296 -13.063876 8.646224 6.155521 0.348688 0.823802 -0.446953 0.330358 0.338246 0.881166 -0.877086 0.454906 0.154207
-3.208777 -31.279626 -105.938683 -1139.325156 0.804286 -0.403854 0.435920 -0.294953 0.365524 0.882833 0.515875 0.838627 -0.174868
-4.785763 -17.146827 -67.647417 -363.877630 0.737364 -0.339894 0.583752 -0.410288 0.461155 0.786765 0.536617 0.819639 -0.200584
1.787767 -26.992786 174.388792 -750.569236 0.816018 -0.419123 0.398059 -0.249388 0.365977 0.896586 0.521461 0.830901 -0.194120
2.019241 -26.994966 76.856665 661.215672 -0.671303 -0.143555 -0.727148 -0.318253 0.941849 0.107869 0.669378 0.303829 -0.677953
1.907981 -23.384387 -25.255916 505.863368 -0.579510 -0.067110 -0.812197 -0.293427 0.946947 0.131118 0.760308 0.314305 -0.568457
2.441542 -17.819639 40.535204 406.613752 -0.641043 -0.066815 -0.764591 -0.462618 0.828534 0.315463 0.612412 0.555939 -0.562036
1.216808 -21.348028 82.129898 691.643723 -0.702436 -0.129615 -0.699846 -0.445468 0.846940 0.290259 0.555106 0.515647 -0.652661
-5.168524 -7.606807 75.311828 59.795423 -0.019245 0.810470 -0.585464 0.995976 -0.035722 -0.082189 -0.087526 -0.584690 -0.806521
-6.022647 -7.518260 79.367142 54.725988 -0.042400 0.752209 -0.657559 0.996537 -0.015279 -0.081737 -0.071530 -0.658747 -0.748956
-5.657532 -8.485275 55.004286 63.742311 -0.079120 0.788940 -0.609356 0.975119 -0.065730 -0.211713 -0.207082 -0.610945 -0.764109
-5.025808 -8.469673 24.610893 69.152038 -0.002289 0.826993 -0.562207 0.975680 -0.121383 -0.182525 -0.219189 -0.548952 -0.806603
-5.457452 -9.035740 19.693064 44.466359 -0.027301 0.818600 -0.573715 0.936283 -0.180116 -0.301551 -0.350184 -0.545392 -0.761524
-6.035098 -8.998525 42.247189 36.081988 -0.089101 0.769303 -0.632640 0.936906 -0.150831 -0.315368 -0.338035 -0.620824 -0.707326
0.802805 -1.593054 103.686834 -2.674086 0.383432 0.719441 -0.579124 -0.043370 -0.612332 -0.789410 0.922550 -0.327802 0.203586
-0.187201 -1.418793 30.416947 -29.311947 0.396525 0.856726 -0.329831 0.073599 -0.387795 -0.918803 0.915069 -0.340052 0.216825
0.521260 -2.175723 107.946634 -51.455640 0.376271 0.834433 -0.402668 0.018315 -0.441221 -0.897212 0.926329 -0.330220 0.181301
2.599541 -2.476725 117.746229 -30.950295 0.400639 0.761119 -0.510085 -0.043454 -0.540308 -0.840345 0.915205 -0.358840 0.183395
2.890314 -2.129422 109.900807 -2.104404 0.411188 0.659066 -0.629727 0.058554 0.670307 0.739770 0.909668 -0.341057 0.237031
1.030515 -2.053139 132.604723 -35.934990 0.361863 0.621795 -0.694569 0.079273 0.721838 0.687507 0.928855 -0.303844 0.211915
9.023143 -15.870093 -256.971255 293.951238 0.460541 -0.007560 -0.887606 0.856204 0.267539 0.441969 0.234128 -0.963517 0.129685
5.494051 -15.598694 -206.854164 315.629852 0.553037 -0.110546 -0.825790 0.813338 0.286529 0.506341 0.180639 -0.951672 0.248373
8.347216 -13.240688 -311.209479 279.461188 0.529661 -0.079861 -0.844441 0.792035 0.402842 0.458693 0.303545 -0.911779 0.276622
9.112950 -9.812863 -305.291511 203.205658 0.539498 -0.067527 -0.839275 0.733266 0.527601 0.428904 0.413840 -0.846804 0.334155
11.105115 -13.011707 -170.465371 225.519631 0.407395 0.108686 -0.906762 0.819274 0.395202 0.415457 0.403508 -0.912142 0.071959
-0.092730 -5.701507 57.530700 21.187337 0.310540 0.911429 -0.269929 0.411293 -0.384845 -0.826276 0.856973 -0.145572 0.494374
0.773552 -5.031027 47.978981 52.734355 0.325315 0.900237 -0.289385 0.299346 -0.388334 -0.871544 0.896974 -0.196900 0.395814
0.576010 -5.741512 42.014813 28.194379 0.337786 0.891983 -0.300443 0.387879 -0.422760 -0.819038 0.857584 -0.160124 0.488785
1.156042 -10.753533 -6.674273 -23.302675 0.289027 0.903334 -0.316939 -0.702723 -0.024631 -0.711037 0.650111 -0.428230 -0.627675
1.081910 -9.790371 15.378463 -2.472233 0.279365 0.920548 -0.273032 -0.712534 0.008147 -0.701590 0.643623 -0.390544 -0.658198
1.373013 -10.523533 10.067883 -60.077002 0.338731 0.903934 -0.261084 -0.776753 0.112069 -0.619754 0.530958 -0.412727 -0.740095
1.399238 -11.556401 -12.952825 -51.129357 0.330769 0.887547 -0.320707 -0.786776 0.071690 -0.613061 0.521129 -0.455106 -0.722013
1.059959 -11.526191 -32.322564 -55.435512 0.295857 0.882466 -0.365680 -0.690904 -0.066667 -0.719866 0.659636 -0.465627 -0.589976
0.239763 -25.018953 5.512358 173.526015 0.143381 0.929644 -0.339418 0.033634 -0.347341 -0.937136 0.989096 -0.122952 0.081070
0.287245 -24.483266 9.260422 21.189531 0.124968 0.911987 -0.390721 0.334229 -0.409487 -0.848888 0.934170 0.024506 0.355986
0.066540 -23.367360 8.186569 171.546820 0.124724 0.923746 -0.362128 0.024634 -0.367748 -0.929599 0.991886 -0.107023 0.068623
-0.551683 -3.141857 -55.448609 -71.471028 0.343771 0.939026 0.007183 0.767429 -0.276526 -0.578434 0.541179 -0.204362 0.815697
0.730225 -2.866026 -101.028692 -66.325672 0.299797 0.952264 0.057585 0.792230 -0.214876 -0.571140 0.531502 -0.216847 0.818830
0.034496 -4.221807 -94.096532 -48.084254 0.358859 0.933170 0.020353 0.715898 -0.261182 -0.647514 0.598925 -0.246937 0.761782
-1.114849 -4.497470 -47.741266 -48.920726 0.364308 0.931090 -0.018726 0.696208 -0.285651 -0.658558 0.618526 -0.226881 0.752297
7.106296 -4.670430 -290.883970 121.450479 0.790378 0.585761 -0.179406 -0.431790 0.740398 0.515139 0.434581 -0.329689 0.838120
11.129043 -6.231768 -391.442320 -95.938162 0.773383 0.567184 -0.283162 -0.281004 0.707107 0.648873 0.568256 -0.422258 0.706246
6.346433 -4.643528 -326.512223 -7.200145 0.831495 0.511385 -0.217027 -0.309700 0.751034 0.583125 0.461196 -0.417652 0.782857
0.004406 -15.063636 -13.263482 126.214565 0.579897 0.788528 -0.204797 0.785504 -0.474487 0.397299 0.216108 -0.391261 -0.894546
0.003273 -16.168337 5.095733 131.996138 0.607896 0.771323 -0.188474 0.790461 -0.565441 0.235473 0.075055 -0.292124 -0.953431
0.106493 -17.795462 62.061101 205.541329 0.600326 0.785569 -0.149967 0.762008 -0.504916 0.405467 0.242802 -0.357688 -0.901724
0.222852 -15.507298 30.702102 142.235933 0.571453 0.800951 -0.178659 0.738060 -0.406446 0.538581 0.358761 -0.439635 -0.823415
0.133398 -14.581844 -32.359612 21.878243 0.565267 0.796652 -0.214052 0.756287 -0.396876 0.520115 0.329399 -0.455889 -0.826839
0.014509 -12.561850 16.315457 20.477269 0.398614 0.874316 -0.276908 -0.517334 0.463669 0.719289 -0.757279 0.143465 -0.637139
0.435700 -13.663856 6.590478 10.142468 0.378272 0.881982 -0.281102 -0.520351 0.453742 0.723431 -0.765601 0.127382 -0.630578
0.014080 -13.026793 13.828341 65.531415 0.380547 0.887994 -0.258166 -0.642142 0.454632 0.617222 -0.665460 0.069103 -0.743227
-0.530917 -12.143786 23.499268 59.824387 0.389851 0.884231 -0.257201 -0.640589 0.461048 0.614069 -0.661560 0.074635 -0.746169
-0.579081 -11.701778 26.797442 0.238822 0.408616 0.870291 -0.275001 -0.524149 0.470419 0.709911 -0.747195 0.145940 -0.648383
5.055155 -34.704761 448.598741 830.543262 -0.416089 -0.870145 0.264042 0.897969 -0.438934 -0.031441 0.143255 0.224019 0.963999
-0.175272 -33.410878 102.732288 523.080400 -0.342610 -0.882433 0.322384 0.930284 -0.366547 -0.014668 0.131113 0.294883 0.946495
2.911919 -34.041200 552.071477 -336.274580 -0.352617 -0.899038 0.259600 0.922963 -0.288404 0.254878 -0.154275 0.329476 0.931475
6.848013 -38.082107 628.615219 -19.932706 -0.370260 -0.886317 0.278118 0.926486 -0.330654 0.179697 -0.067307 0.324207 0.943589
4.487778 -15.069915 129.006157 461.308522 0.533006 0.746992 -0.397376 0.707878 -0.650950 -0.274178 0.463480 0.135155 0.875739
5.193330 -11.878535 30.909239 -451.118461 0.647107 0.702520 -0.296171 -0.648325 0.711470 0.271080 0.401156 0.016597 0.915859
3.980145 -16.014930 7.738047 561.037727 0.564149 0.764010 -0.313088 0.752242 -0.631918 -0.186578 0.340393 0.130261 0.931217
2.864761 -18.500053 21.786498 424.030361 -0.540624 -0.788359 0.293624 0.825212 -0.564815 0.002902 0.163555 0.243871 0.955917
3.368554 -19.372754 -24.987178 463.247842 -0.489923 -0.799738 0.346979 0.836209 -0.543626 -0.072285 0.246436 0.254733 0.935083
-1.142200 -8.055371 -0.103485 -175.784915 -0.367066 -0.841296 0.396843 0.759492 -0.024744 0.650046 -0.537061 0.540008 0.648040
-1.005637 -7.754418 -18.533537 -142.314354 -0.455954 -0.825354 0.333011 0.723945 -0.126295 0.678199 -0.517696 0.550309 0.655096
-1.689867 -6.196516 4.832936 27.666228 0.381045 0.843607 -0.378328 0.726213 -0.019843 0.687183 -0.572205 0.536594 0.620200
-62.053676 -2279.279528 517.560362 -62187.079098 0.498062 0.822627 0.274260 0.542052 -0.048486 -0.838945 0.676841 -0.566510 0.470056
-54.478849 -318.850659 -2394.810399 16256.039147 0.519924 0.825459 0.219763 -0.069246 0.297152 -0.952316 0.851401 -0.479915 -0.211656
-48.811058 -463.696919 -2189.266249 37221.865671 0.572542 0.816436 0.075018 0.763420 -0.497514 -0.411911 0.298976 -0.293106 0.908131
-10.863595 -444.931294 55.783961 18346.585351 0.594986 0.752313 0.282873 -0.366804 0.567321 -0.737293 0.715155 -0.334921 -0.613499
7.119715 -466.102166 439.668519 16450.730260 -0.642065 -0.750399 -0.157016 0.739983 -0.553046 -0.382838 0.200444 -0.361996 0.910374
-3.422571 -446.689202 -252.202595 22022.960834 0.599972 0.796965 0.069862 0.141331 -0.019634 -0.989768 0.787438 -0.603706 0.124416
-0.479385 -20.288490 13.073254 -204.777301 0.789318 0.612197 -0.046823 -0.419382 0.593271 0.687131 -0.448438 0.522728 -0.725024
-0.822289 -22.290950 1.599129 -97.738246 0.794432 0.603551 -0.067856 -0.225934 0.397383 0.889405 -0.563766 0.691240 -0.452057
-0.670486 -20.858495 -17.519013 -188.507750 0.778821 0.625095 -0.051905 -0.450005 0.614480 0.648004 -0.436959 0.481322 -0.759866
1.854065 -2.220675 141.021482 -23.375235 -0.480146 0.611887 0.628534 0.303668 0.788173 -0.535322 -0.822950 -0.066167 -0.564248
4.190577 -2.006783 176.264542 -18.641830 -0.524198 0.593472 0.610744 0.295894 0.799422 -0.522850 -0.798538 -0.093361 -0.594660
2.419173 -2.757843 143.752132 -34.420909 -0.483803 0.645963 0.590480 0.364651 0.762128 -0.534968 -0.795591 -0.043500 -0.604271
0.272924 -2.900757 90.837686 25.945381 -0.437450 0.711297 0.550176 -0.421775 -0.702644 0.573059 -0.794193 -0.018634 -0.607379
2.501615 -2.271097 -142.432704 7.433498 0.866080 -0.316729 -0.386766 0.308760 0.947386 -0.084427 0.393157 -0.046297 0.918305
2.467366 -1.966370 -95.181626 3.016298 0.881584 -0.224770 -0.415076 0.243192 0.969939 -0.008718 0.404557 -0.093258 0.909745
0.801148 -3.097637 -141.360240 17.347147 0.928230 -0.073830 -0.364607 0.098703 0.993858 0.050035 0.358674 -0.082432 0.929816
-0.614100 -20.768351 7.801063 259.508963 0.137857 0.910782 -0.389193 -0.032994 -0.388504 -0.920856 0.989902 -0.139788 0.023507
-0.675170 -20.922139 4.057118 78.859729 0.158638 0.898659 -0.408956 0.296431 -0.438443 -0.848467 0.941787 -0.013372 0.335944
-0.766627 -20.220880 5.330245 263.173379 0.159266 0.905722 -0.392813 -0.044328 -0.390929 -0.919353 0.986240 -0.163835 0.022113
3.146871 -34.106656 56.330070 -554.452200 0.224992 0.929826 -0.291207 0.733914 -0.358309 -0.577048 0.640896 0.083890 0.763030
4.150145 -40.876372 72.483161 -723.247244 0.278976 0.926349 -0.253081 0.790561 -0.371157 -0.487089 0.545147 0.064190 0.835879
3.004897 -28.675662 42.994790 -580.717198 0.267090 0.915794 -0.299973 0.880178 -0.358569 -0.310990 0.392364 0.180968 0.901832
3.112164 -15.707255 33.649480 -361.148482 0.747785 -0.157228 0.645056 -0.634769 0.115522 0.764017 0.194643 0.980782 0.013418
2.054162 -20.501013 92.863460 -288.723271 0.739984 -0.253995 0.622824 -0.663322 -0.122099 0.738306 0.111480 0.959468 0.258832
2.557303 -21.359908 -21.882309 -391.678410 0.770923 -0.081544 0.631687 -0.636484 -0.135669 0.759264 -0.023787 0.987393 0.156492
2.984405 -16.738141 -60.786527 -473.439938 0.766345 -0.002699 0.642424 -0.636212 0.135602 0.759504 0.089164 0.990760 -0.102201
-8.918686 -10.897493 -43.086960 -91.717805 0.174644 0.933689 -0.312609 0.926466 -0.263331 -0.268919 0.333407 0.242657 0.911020
-7.007152 -10.855806 37.876241 -35.876167 0.018068 0.930162 -0.366705 0.903648 -0.172154 -0.392153 0.427896 0.324287 0.843649
-6.943132 -9.227046 -21.178258 -101.219046 0.700028 0.658339 -0.276676 0.692165 -0.720838 0.036068 0.175694 0.216754 0.960286
-1.021941 -5.039728 55.186999 -127.322324 -0.574494 -0.696881 0.429317 0.785258 -0.321276 0.529293 -0.230925 0.641201 0.731803
-2.428204 -7.167069 12.852673 -133.212985 -0.477003 -0.683846 0.552107 0.865364 -0.255596 0.431063 -0.153664 0.683392 0.713696
-1.422689 -3.946172 -80.444657 -56.311522 0.797400 0.556403 -0.233600 0.538447 -0.481258 0.691712 -0.272448 0.677352 0.683349
1.139544 -2.001939 -165.061961 -82.568090 0.869654 0.488909 -0.068343 0.391886 -0.599523 0.697852 -0.300213 0.633672 0.712974
-0.307877 -4.003611 67.348001 -120.798995 -0.591069 -0.712772 0.377615 0.771299 -0.362410 0.523218 -0.236084 0.600512 0.763970
0.664452 -2.671980 -194.020501 -38.583284 0.893143 0.449413 -0.017988 0.322624 -0.612278 0.721823 -0.313383 0.650495 0.691844
0.003524 -3.213519 -10.354723 -47.792354 0.232064 0.955653 0.181311 0.925714 -0.159750 -0.342832 0.298664 -0.247402 0.921733
-0.115989 -2.734069 -19.721682 -44.581273 0.290122 0.943057 0.162702 0.922145 -0.230028 -0.311023 0.255887 -0.240270 0.936372
0.165530 -2.665569 -3.680741 -36.394686 0.276352 0.948466 0.155053 0.922578 -0.216617 -0.319260 0.269221 -0.231277 0.934896
0.013765 -3.056053 6.581099 -28.437238 0.255805 0.953221 0.161038 0.914169 -0.184340 -0.360989 0.314417 -0.239559 0.918560
0.080600 -2.568006 9.600826 -28.259043 0.318711 0.939499 0.125556 0.914019 -0.269551 -0.303171 0.250985 -0.211384 0.944629
-0.127781 -2.870397 13.847639 -27.909756 0.342723 0.932282 0.115717 0.893484 -0.285423 -0.346727 0.290219 -0.222223 0.930801
-0.238637 -4.389253 -13.019108 35.763901 0.148753 0.965746 0.212621 0.876045 -0.028959 -0.481358 0.458712 -0.257869 0.850345
0.124482 -3.970998 -20.409544 72.249144 0.085303 0.960846 0.263625 0.858497 0.063404 -0.508884 0.505674 -0.269731 0.819475
0.443482 -2.695834 -25.871758 69.026381 -0.070008 0.932224 0.355047 0.837549 0.248263 -0.486701 0.541859 -0.263296 0.798163
-0.249614 -2.479408 24.189373 56.229669 -0.028616 0.958943 0.282150 0.874817 0.160588 -0.457063 0.483607 -0.233751 0.843496
0.346331 -2.540284 2.683923 69.778507 -0.112991 0.933587 0.340072 0.844014 0.270784 -0.462944 0.524284 -0.234717 0.818556
-0.341640 -9.532178 -4.622971 -38.154961 0.426595 0.872741 -0.237359 -0.533776 0.031080 -0.845054 0.730137 -0.487193 -0.479107
-0.155700 -11.363855 -5.698342 -75.821087 0.448954 0.869487 -0.205990 -0.628901 0.143710 -0.764088 0.634762 -0.472588 -0.611341
-0.418559 -10.520179 -4.646983 -72.372069 0.410767 0.876021 -0.252700 -0.550453 0.017332 -0.834686 0.726823 -0.481961 -0.489328
0.341016 -20.801646 -1.917258 -79.556395 0.491004 0.775020 -0.397817 -0.642863 0.630526 0.434929 -0.587913 -0.042190 -0.807823
0.706097 -18.803038 -4.143631 54.793311 0.415927 0.842208 -0.343060 -0.858174 0.488321 0.158368 -0.300902 -0.228536 -0.925867
0.434495 -21.568644 -4.871547 -31.294262 0.458681 0.803525 -0.379419 -0.768094 0.573219 0.285398 -0.446815 -0.160523 -0.880107
2.518549 -7.842571 -1120.912233 -39.187038 0.772518 -0.569964 -0.279923 0.041080 -0.395046 0.917742 0.633662 0.720472 0.281766
-8.065821 -9.173141 -103.069607 86.833158 0.197152 0.384488 -0.901832 -0.629841 0.754608 0.184029 0.751287 0.531728 0.390939
1.925216 -13.935447 -28.856903 39.037649 -0.498501 -0.785936 0.365788 0.847460 -0.352988 0.396497 -0.182503 0.507645 0.842015
1.512650 -14.776407 -53.644616 116.325160 -0.489380 -0.783404 0.383126 0.811228 -0.247730 0.529659 -0.320025 0.570007 0.756753
0.398580 -15.144503 -83.767561 119.430975 -0.466432 -0.777124 0.422516 0.830076 -0.219498 0.512636 -0.305640 0.589830 0.747452
0.174096 -21.922180 -1.188620 9.854090 0.514857 0.739826 -0.433106 -0.461898 0.665006 0.586870 -0.722200 0.102103 -0.684107
0.236355 -24.010277 -1.104272 -57.896106 0.494308 0.763402 -0.415784 -0.632634 0.643956 0.430226 -0.596182 -0.050375 -0.801267
-0.061602 -14.524852 -15.635984 60.699869 0.425400 0.897325 -0.117653 -0.476504 0.332604 0.813830 -0.769402 0.290141 -0.569069
1.164190 -20.897847 123.754842 -134.360309 0.278096 0.894195 -0.350825 0.488650 -0.446140 -0.749787 0.826973 -0.037083 0.561018
-1.181158 -23.510367 46.480191 3.396114 0.300361 0.896013 -0.327024 0.542964 -0.442500 -0.713711 0.784202 -0.036809 0.619413
0.016371 -20.401243 23.026626 27.488602 0.357709 0.858882 -0.366559 0.270117 -0.470916 -0.839807 0.893913 -0.201393 0.400449
-90.285168 -1839.615130 -2859.161193 159688.207555 0.678650 0.734308 -0.015038 0.557809 -0.528632 -0.639842 0.477790 -0.425840 0.768360
-41.627998 -2001.283870 -555.490078 70684.851166 0.836569 0.527024 -0.149656 0.436730 -0.476583 0.762978 -0.330785 0.703644 0.628862
-38.712267 -867.017866 -721.886005 -26851.674580 0.653201 0.745195 -0.134213 0.549099 -0.588239 -0.593687 0.521362 -0.314101 0.793424
-52.644915 -1424.295750 -2035.604704 192008.518079 0.626398 0.779088 0.025425 -0.432038 0.374144 -0.820585 0.648821 -0.503028 -0.570959
-58.133070 -821.951382 -1855.317024 46672.051877 0.868530 0.288255 0.403193 -0.268780 0.957407 -0.105493 -0.416429 -0.016746 0.909014
-2.902168 -5.997118 -12.800541 9.566885 -0.288779 -0.669110 0.684762 -0.553878 0.700150 0.450564 -0.780913 -0.249161 -0.572794
-2.738464 -6.543626 3.909692 42.955767 -0.340426 -0.669090 0.660627 -0.522501 0.718740 0.458699 -0.781731 -0.189025 -0.594278
-2.740385 -6.389767 -13.606346 -10.886721 0.245997 0.752131 -0.611378 -0.663202 0.590605 0.459727 -0.706858 -0.292376 -0.644102
3.060802 0.861503 -54.850628 -131.662969 -0.039612 0.990959 0.128181 0.883770 0.094603 -0.458258 0.466241 -0.095130 0.879528
2.384390 -0.341812 -83.220626 -106.858774 0.209542 0.974879 0.075524 0.854510 -0.145029 -0.498777 0.475294 -0.169051 0.863433
3.114985 -2.551527 -25.345976 15.383907 0.096858 0.967079 -0.235324 0.957456 -0.155109 -0.243349 0.271838 0.201742 0.940959
2.881882 -2.289933 -26.834106 16.473103 0.048882 0.985971 -0.159600 0.967010 -0.086714 -0.239524 0.250003 0.142626 0.957683
3.289169 -2.614183 -52.911828 -0.100670 0.040047 0.980466 -0.192570 0.975273 -0.080276 -0.205908 0.217344 0.179562 0.959437
1.764575 -20.778817 -81.164486 388.091935 -0.531344 0.021702 -0.846878 -0.324298 0.918314 0.227002 0.782627 0.395257 -0.480903
2.749032 -18.125871 -22.031872 433.129144 -0.586158 -0.024397 -0.809830 -0.401134 0.877177 0.263916 0.703926 0.479546 -0.523950
-6.241963 -6.747261 78.035654 24.801642 0.172986 0.723311 -0.668504 0.982746 -0.081639 0.165968 0.065471 -0.685680 -0.724953
-6.939896 -7.351076 50.520468 49.644036 -0.092211 0.671722 -0.735042 0.995384 0.042447 -0.086080 -0.026622 -0.739586 -0.672536
-1.559449 -4.598258 -77.433370 -36.844866 0.684794 0.725065 0.073069 -0.487200 0.530080 -0.694011 0.541935 -0.439655 -0.716247
-0.802374 -4.164067 -109.405076 -2.520153 0.677342 0.735668 -0.000845 -0.511439 0.470065 -0.719353 0.528808 -0.487680 -0.694644
0.236863 -6.293817 -108.517284 -145.163940 0.547305 0.831360 -0.096429 -0.609307 0.316810 -0.726895 0.573762 -0.456588 -0.679944
3.074624 -9.126330 -264.174004 -408.873479 0.673493 0.735846 -0.070272 -0.511249 0.395038 -0.763262 0.533883 -0.549978 -0.642256
-2.650976 -22.078401 -220.928796 -872.174623 0.485460 0.826502 -0.284996 -0.599770 0.077671 -0.796394 0.636086 -0.557549 -0.533417
-0.192387 -2.202139 48.870132 -60.281373 0.391152 0.865115 -0.313967 0.062669 -0.365393 -0.928741 0.918190 -0.343603 0.197140
-1.859843 -5.695305 3.980743 -18.877014 0.305730 0.946112 -0.106780 0.579357 -0.273858 -0.767689 0.755562 -0.172842 0.631863
-1.858339 -5.580187 -13.139431 -22.179383 0.319956 0.945680 -0.057593 0.603934 -0.250414 -0.756675 0.729995 -0.207320 0.651250
-1.749181 -5.746124 2.866664 10.469234 0.301400 0.949914 -0.082586 0.498857 -0.230910 -0.835358 0.812588 -0.210578 0.543468
-1.957977 -4.874850 -6.236716 -59.026212 0.312602 0.947110 -0.072542 0.678445 -0.276072 -0.680806 0.664825 -0.163606 0.728863
-1.875719 -4.984823 3.702906 -56.231071 0.297426 0.948050 -0.112870 0.659191 -0.289433 -0.694043 0.690655 -0.132024 0.711031
1.116366 -9.508712 21.402388 -55.516414 0.338387 0.914842 -0.220361 -0.774747 0.137938 -0.617042 0.534099 -0.379523 -0.755447
0.532271 -26.764354 6.842054 40.977600 0.144164 0.918208 -0.368932 0.341393 -0.396086 -0.852389 0.928799 0.003067 0.370571
0.487914 -22.828977 12.291237 -248.788891 0.133084 0.899081 -0.417064 0.608830 -0.406211 -0.681409 0.782058 0.163236 0.601447
0.435095 -26.855342 5.581671 162.077209 0.162496 0.936469 -0.310838 0.047693 -0.322111 -0.945500 0.985556 -0.138816 0.097005
0.770599 -29.249793 8.847679 10.204982 0.160002 0.929658 -0.331866 0.352230 -0.367835 -0.860599 0.922135 -0.020805 0.386308
0.828091 -25.027813 9.469136 -232.832788 0.151703 0.908235 -0.389995 0.607461 -0.396922 -0.688072 0.779729 0.132524 0.611932
-0.067370 -1.913423 -45.409888 -66.598606 0.348603 0.937267 0.002310 0.799727 -0.296160 -0.522231 0.488786 -0.183899 0.852801
1.361545 -1.251601 -80.026060 -75.408664 0.277821 0.959010 0.055816 0.830246 -0.210479 -0.516130 0.483225 -0.189733 0.854690
2.060764 -2.499711 -101.186071 -70.531445 0.250605 0.965683 0.068215 0.811382 -0.171080 -0.558919 0.528068 -0.195416 0.826412
0.034974 -17.198097 17.261709 52.888703 0.634795 0.753931 -0.169184 0.769372 -0.636980 0.048197 -0.071430 -0.160760 -0.984405
-0.057213 -15.588991 -25.296801 46.226929 0.624005 0.754508 -0.203309 0.779595 -0.618881 0.096011 -0.053383 -0.218410 -0.974396
-0.012854 -16.872277 6.225000 4.538036 0.651751 0.736757 -0.180029 -0.736344 0.671554 0.082540 -0.181711 -0.078768 -0.980192
0.189785 -14.211709 -30.255452 53.168100 0.583542 0.784893 -0.208379 0.803748 -0.521547 0.286316 0.116048 -0.334562 -0.935201
0.096318 -14.591561 -18.199505 48.244245 0.619383 0.762295 -0.187807 0.783081 -0.616960 0.078386 -0.056116 -0.195619 -0.979073
-0.125375 -16.119154 -10.216913 -48.827631 0.648676 0.737036 -0.189730 -0.737689 0.670212 0.081427 -0.187175 -0.087142 -0.978454
0.344354 -14.013306 5.745764 62.567705 0.355458 0.898572 -0.257330 -0.649536 0.435441 0.623293 -0.672126 0.054409 -0.738435
0.594086 -15.022827 0.878936 18.775573 0.343236 0.899536 -0.270231 -0.550551 0.425785 0.718053 -0.760975 0.097686 -0.641385
-3.338165 -31.620403 23.389271 -589.586417 -0.289823 -0.893151 0.343924 0.934897 -0.187275 0.301490 -0.204867 0.408912 0.889281
-0.526968 -11.977030 -8.189562 -313.365873 -0.515500 -0.807776 0.285933 0.727057 -0.235730 0.644840 -0.453483 0.540305 0.708818
-0.712721 -8.301904 -33.680554 -41.905409 -0.537179 -0.797660 0.274185 0.667545 -0.203347 0.716264 -0.515580 0.567793 0.641708
-109.056255 -670.366490 -4134.466709 20582.995219 0.404166 0.887970 0.219450 0.287374 0.104499 -0.952101 0.868369 -0.447872 0.212945
9.843572 -279.754302 1449.347432 -82.595312 -0.662574 -0.688796 -0.294202 -0.700917 0.708671 -0.080627 0.264029 0.152790 -0.952336
-55.273364 -3015.733931 -5383.142645 425585.064472 0.482325 0.825734 0.292449 -0.674623 0.563099 -0.477288 0.558790 -0.032915 -0.828656
4.439803 -2.454953 181.342838 -39.549887 -0.520741 0.614656 0.592475 0.328629 0.784841 -0.525383 -0.787929 -0.078884 -0.610693
6.041072 -1.838321 151.649298 -12.664416 -0.587935 0.564062 0.579799 0.285682 0.815369 -0.503547 -0.756781 -0.130415 -0.640526
5.878203 -1.474392 144.315719 -3.725894 -0.593140 0.552383 0.585712 0.253801 0.818698 -0.515091 -0.764049 -0.156867 -0.625797
1.316629 -21.504686 120.086631 131.209436 0.695576 -0.313590 0.646402 0.713004 0.190713 -0.674725 0.088310 0.930210 0.356246
1.221308 -20.205073 49.895244 161.324840 0.702776 -0.280950 0.653584 -0.700711 -0.432107 0.567704 -0.122921 0.856943 0.500539
0.954146 -21.575651 120.317581 -456.904404 0.723059 -0.311494 0.616569 -0.625946 0.082099 0.775533 0.292194 0.946695 0.135616
2.050468 -16.451316 86.155824 -421.402654 0.757336 -0.258575 0.599651 -0.572284 0.179492 0.800171 0.314537 0.949169 0.012042
0.835040 -5.019390 13.716207 -28.646614 0.361016 0.880403 -0.307503 -0.227682 -0.236551 -0.944566 0.904339 -0.411016 -0.115053
0.436044 -4.372112 0.922497 -31.913658 0.357724 0.881595 -0.307934 -0.140116 -0.275349 -0.951078 0.923256 -0.383370 -0.025027
0.548041 -4.850434 8.358292 -28.393587 0.361652 0.890300 -0.276720 -0.207533 -0.212487 -0.954871 0.908921 -0.402760 -0.107920
-9.431176 -11.878655 -123.188168 -43.404672 0.086748 0.970275 -0.225921 0.859521 -0.187550 -0.475446 0.503685 0.152940 0.850242
-7.255999 -10.359978 -10.685820 -100.461528 0.506758 0.809421 -0.296704 0.804387 -0.567751 -0.174988 0.310093 0.149988 0.938800
-7.268619 -11.118910 -36.480559 -55.404849 0.407226 0.847570 -0.340281 0.807283 -0.508278 -0.299913 0.427155 0.152571 0.891213
-0.395165 -3.377004 -19.437173 -60.334470 0.283483 0.945682 0.159135 0.915636 -0.217594 -0.338030 0.285042 -0.241536 0.927584
1.142624 -3.913612 -106.788584 -16.283879 -0.226288 0.730377 -0.644471 -0.619931 0.402347 0.673649 -0.751319 -0.551966 -0.361737
2.858541 -4.996457 -140.240007 -13.177211 -0.147153 0.695652 -0.703146 -0.645455 0.471129 0.601187 -0.749489 -0.542315 -0.379684
2.139133 -4.815538 -83.915235 -16.082140 -0.330872 0.788722 -0.518113 -0.499213 0.319628 0.805372 -0.800818 -0.525124 -0.287984
1.113525 -3.430789 -113.891355 -9.401040 -0.051641 0.612512 -0.788773 -0.708944 0.533800 0.460930 -0.703372 -0.582998 -0.406670
0.754249 -3.722708 -10.598381 -35.138744 -0.403427 0.817133 -0.411752 -0.502491 0.178221 0.846014 -0.764689 -0.548207 -0.338703
-0.187248 -2.587512 -35.451338 -93.600972 -0.281460 0.777515 -0.562362 -0.623846 0.297031 0.722903 -0.729107 -0.554296 -0.401447
-2.141277 -20.366984 -40.272203 10.151490 0.423365 0.872987 -0.242190 0.738011 -0.487379 -0.466692 0.525455 -0.018842 0.850613
-1.491576 -17.891423 -51.427606 -218.269061 0.460962 0.855806 -0.234755 0.863054 -0.493898 -0.105839 0.206522 0.153819 0.966276
-0.677070 -17.584970 -41.439968 -78.795735 0.489339 0.840452 -0.232783 0.768221 -0.541755 -0.341083 0.412775 0.011924 0.910755
-2.801722 -19.529688 -65.508142 -215.062447 0.399058 0.881426 -0.252667 0.881334 -0.444747 -0.159529 0.252986 0.159022 0.954311
-1.065791 -17.976457 -34.502679 32.593349 0.449463 0.864850 -0.223648 0.621830 -0.482653 -0.616744 0.641335 -0.138132 0.754724
-2.101906 -19.625836 -18.449584 116.588052 0.373023 0.896223 -0.240080 0.546173 -0.421279 -0.724030 0.750033 -0.138955 0.646639
-3.200090 -20.967086 -50.358798 179.343377 0.370678 0.897186 -0.240115 0.522681 -0.415221 -0.744578 0.767726 -0.150495 0.622855
-3.866490 -22.692966 -90.135373 98.395794 0.404682 0.887295 -0.221223 0.721287 -0.458423 -0.519224 0.562118 -0.050556 0.825510
0.799814 -17.449481 2.195373 -89.733548 0.386101 0.870601 -0.304927 0.908104 -0.416811 -0.040194 -0.162090 -0.261386 -0.951527
0.456045 -15.974755 15.371118 -88.788955 0.391153 0.879592 -0.270772 0.904592 -0.421619 -0.062851 -0.169446 -0.220354 -0.960590
31.064754 -7.275416 -1993.111262 -23.891593 0.717659 -0.647570 -0.256160 0.082147 -0.286550 0.954537 0.691532 0.706075 0.152449
2.217968 -13.502890 -4.761053 -49.221665 -0.500110 -0.793630 0.346471 0.864620 -0.435361 0.250783 -0.048189 0.424985 0.903917
-2.769117 -8.018949 279.104891 28.330397 0.187336 0.892144 -0.411076 -0.396151 -0.314327 -0.862707 0.898871 -0.324464 -0.294539
-3.662570 -7.003533 358.982965 56.408099 0.162578 0.888298 -0.429529 -0.526839 -0.289923 -0.798991 0.834272 -0.356191 -0.420855
0.718458 -7.463355 36.805162 45.067619 0.272604 0.916220 -0.293646 -0.397179 -0.170820 -0.901703 0.876319 -0.362438 -0.317337
-6.644394 -11.067087 72.139666 965.680917 -0.339434 0.217058 -0.915244 0.400864 0.913610 0.068003 0.850936 -0.343806 -0.397121
-6.585958 -11.314089 111.083566 688.693880 -0.119211 0.431516 -0.894194 0.388182 0.849187 0.358046 0.913840 -0.304427 -0.268739
0.261980 -17.503885 -0.415882 123.069240 0.401026 0.889335 -0.219682 -0.315375 -0.091118 -0.944583 0.860068 -0.448085 -0.243933
-6.632241 -13.830930 14.650176 -76.936545 -0.038672 0.997665 0.056299 0.620972 -0.020147 0.783574 -0.782878 -0.065262 0.618743
-6.002588 -12.490526 -8.813066 -109.733575 -0.034416 0.992546 0.116910 0.428234 -0.091051 0.899069 -0.903012 -0.081007 0.421908
-6.632858 -13.778413 -35.168649 -67.195849 -0.070301 0.979917 0.186602 0.616898 -0.104295 0.780102 -0.783897 -0.169956 0.597177
-5.944357 -15.544481 297.586054 -907.478558 -0.668837 0.168398 -0.724085 0.312823 0.947328 -0.068638 0.674388 -0.272418 -0.686287
-4.235666 -25.974956 -235.028612 -990.035989 -0.639824 -0.267857 -0.720332 0.015595 0.932577 -0.360633 0.768363 -0.241976 -0.592508
5.296325 -21.952370 -163.104451 1269.783895 0.113042 0.986464 -0.118784 -0.728007 0.000872 -0.685569 0.676186 -0.163974 -0.718251
-120.727267 -576.788745 -5020.520903 -4851.983779 0.688443 0.597865 0.410614 0.584093 -0.121386 -0.802559 0.429979 -0.792353 0.432776
-2.841254 -7.119173 -24.305450 45.505334 0.333479 0.722986 -0.605048 -0.555434 0.669245 0.493563 -0.761764 -0.171472 -0.624750
2.509664 -4.068771 14.993369 -70.638867 0.431457 0.833420 -0.345335 0.797771 -0.531207 -0.285272 0.421196 0.152416 0.894071
2.506866 -2.857116 3.892891 -63.683281 0.415594 0.860591 -0.294388 0.829837 -0.491266 -0.264628 0.372360 0.134316 0.918318
2.556054 -3.169647 4.895041 -54.180853 0.387143 0.859196 -0.334519 0.839285 -0.478603 -0.257953 0.381734 0.180892 0.906398
-6.242168 -65.927452 96.917719 -2350.369148 0.733780 -0.317142 0.600823 -0.605055 0.097158 0.790233 0.308991 0.943388 0.120596
-2.693478 -33.830442 277.876241 -1107.559784 0.792122 -0.394805 0.465481 -0.334393 0.357285 0.872083 0.510612 0.846449 -0.150993
-12.345251 -275.091787 117.564161 -9246.490449 0.673606 -0.251651 0.694929 -0.573093 0.415894 0.706114 0.466711 0.873902 -0.135929
0.181932 -22.587085 -92.985288 -55.197188 -0.493335 0.038019 -0.869008 -0.039779 0.997013 0.066201 0.868929 0.067227 -0.490349
1.210777 -22.325042 -105.561769 280.100076 -0.490105 0.072851 -0.868614 -0.224674 0.952272 0.206637 0.842211 0.296429 -0.450346
0.976615 -21.290603 -103.859099 406.498941 -0.491725 0.076043 -0.867424 -0.371048 0.882909 0.287740 0.787737 0.463345 -0.405933
1.612208 -17.024881 -84.414416 330.225693 -0.484104 0.009250 -0.874961 -0.549213 0.775228 0.312068 0.681181 0.631614 -0.370211
2.571910 -14.876538 -4.656976 338.529055 -0.588135 -0.032138 -0.808124 -0.498571 0.801171 0.330987 0.636808 0.597572 -0.487220
-4.527503 -7.632509 28.395537 60.376389 0.097737 0.825859 -0.555341 0.989820 -0.138673 -0.032021 -0.103456 -0.546558 -0.831006
-4.465027 -8.508474 11.987505 65.184658 0.131333 0.838632 -0.528628 0.964239 -0.231895 -0.128329 -0.230207 -0.492870 -0.839097
-4.943875 -9.039963 12.187449 43.603050 0.078024 0.842695 -0.532707 0.931016 -0.252685 -0.263363 -0.356542 -0.475410 -0.804278
-2.541063 -5.180018 -21.728326 137.401641 0.353520 0.893606 -0.276571 -0.719396 0.070740 -0.690988 0.597907 -0.443242 -0.667865
0.469015 -3.271884 143.840398 -72.712399 0.363105 0.854402 -0.371687 -0.002803 -0.397910 -0.917420 0.931744 -0.334162 0.142088
1.757602 -3.072680 168.535250 -62.679467 0.364911 0.831270 -0.419322 -0.022471 -0.442384 -0.896544 0.930771 -0.336581 0.142751
5.293519 -8.520994 -226.588282 235.905180 0.639010 -0.128982 -0.758307 0.670933 0.575600 0.467476 0.376186 -0.807495 0.454352
7.257757 -6.202762 -296.232269 112.843605 0.624984 -0.045926 -0.779285 0.631450 0.616683 0.470077 0.458983 -0.785871 0.414417
4.646868 -4.939030 -160.486859 -144.698004 0.720496 -0.036522 -0.692496 -0.543813 -0.649399 -0.531552 0.430294 -0.759570 0.487751
3.084083 -8.356981 -55.707342 -292.567251 0.715422 -0.068057 -0.695371 -0.583653 -0.605318 -0.541239 0.384085 -0.793069 0.472779
-1.723778 -5.700564 -16.433429 3.588678 0.316434 0.948147 -0.029779 0.529643 -0.202632 -0.823662 0.786987 -0.244862 0.566299
-1.487122 -5.405291 -37.272705 -24.538478 0.341208 0.939756 -0.020875 0.623313 -0.242825 -0.743315 0.703604 -0.240613 0.668616
-1.708056 -4.656153 -20.208965 -57.515644 0.336000 0.941003 -0.040219 0.690624 -0.275183 -0.668814 0.640424 -0.196946 0.742341
0.856893 -10.255495 36.574306 32.617680 0.429505 0.893838 -0.128761 0.897394 -0.406495 0.171598 0.101040 -0.189252 -0.976716
1.470144 -10.438395 34.082195 18.242469 0.426778 0.890470 -0.157874 0.900327 -0.401891 0.167020 0.085278 -0.213418 -0.973232
0.986122 -9.331073 28.074137 -18.905588 0.406363 0.901259 -0.150336 0.888380 -0.351239 0.295656 0.213658 -0.253699 -0.943391
1.370771 -11.504792 34.874781 114.497759 0.443131 0.883609 -0.151232 0.896052 -0.441651 0.045109 -0.026933 -0.155501 -0.987468
0.721693 -11.238786 36.787086 92.610875 0.449750 0.884306 -0.125412 0.892805 -0.449050 0.035412 -0.025001 -0.127895 -0.991473
-1.383391 -3.390728 -19.963456 -76.862532 0.347642 0.937076 -0.032154 0.753510 -0.299621 -0.585192 0.558003 -0.179209 0.810257
-1.063304 -2.240826 -23.225972 -69.475688 0.411621 0.909443 -0.058997 0.763461 -0.379452 -0.522631 0.497690 -0.170084 0.850515
