19514
39011
-3.366358 -5.201892 -21.868435 -22.296626 -0.608797 0.781226 -0.138031 -0.032195 -0.198176 -0.979637 0.792672 0.591956 -0.145801
-3.701780 -5.124881 -12.750924 -54.543037 -0.581558 0.728391 0.362267 -0.252143 0.261993 -0.931549 0.773443 0.633093 -0.031295
-2.704756 -4.512876 -12.471564 -24.950928 -0.595916 0.757582 -0.266373 0.145898 -0.224046 -0.963596 0.789682 0.613085 -0.022983
-2.504190 -4.053954 -8.974819 -24.161792 -0.613387 0.760463 -0.213195 0.188656 -0.121046 -0.974555 0.766920 0.637999 0.069218
-2.612918 -4.766619 13.359967 -23.925505 -0.552860 0.747179 -0.368875 0.156404 -0.341765 -0.926679 0.818464 0.570018 -0.072086
-2.301078 -4.205637 18.923527 -23.384706 -0.525166 0.745646 -0.410138 0.282082 -0.302174 -0.910560 0.802889 0.593888 0.051642
2.306575 -3.624566 37.069664 -5.537514 0.762828 -0.645323 -0.040653 0.595232 0.725393 -0.345693 0.252573 0.239506 0.937467
2.870583 -3.369971 20.160330 21.120789 0.729397 -0.683060 0.037536 -0.669959 -0.702157 0.241104 0.138332 0.201008 0.969773
2.381673 -2.751840 -1.694022 -12.882606 0.748137 -0.657599 0.088623 -0.637834 -0.675888 0.369247 0.182917 0.332774 0.925096
3.174709 -0.852958 49.647319 15.087259 0.952632 -0.232951 -0.195513 -0.116743 -0.873725 0.472202 0.280825 0.427010 0.859535
2.592597 -2.554124 32.156790 -11.282024 0.877164 -0.467799 -0.108389 -0.370859 -0.803350 0.465931 0.305036 0.368501 0.878157
1.569604 -0.111557 -23.695061 -26.471288 0.951750 -0.301036 -0.059572 -0.233071 -0.835385 0.497804 0.199623 0.459901 0.865241
-4.112679 -5.367359 -19.814425 23.480856 -0.531886 0.846777 -0.008074 -0.659752 -0.420350 -0.622923 0.530871 0.325997 -0.782242
-4.595566 -5.248601 -32.405621 20.310709 -0.495950 0.866091 0.062614 -0.766836 -0.402998 -0.499555 0.407427 0.295769 -0.864016
-5.375064 -5.522963 -22.516861 2.761755 0.017630 0.875710 0.482516 -0.894737 0.229206 -0.383289 0.446245 0.424968 -0.787571
-3.830726 -5.251633 -10.628585 31.468036 -0.493664 0.868120 -0.051612 -0.731223 -0.446477 -0.515725 0.470754 0.216855 -0.855198
-3.626866 -5.402086 -7.598581 14.798124 -0.475875 0.877460 -0.060056 -0.656269 -0.399716 -0.639952 0.585537 0.265124 -0.766065
1.004938 -7.460228 34.966230 -90.540400 0.524181 -0.645065 0.555990 0.801972 0.154278 -0.577095 0.286487 0.748391 0.598194
0.703910 -7.572017 8.350188 -97.215397 0.567598 -0.636005 0.522810 0.788114 0.236054 -0.568467 0.238136 0.734695 0.635228
1.197287 -6.016962 37.287517 -126.521530 0.500519 -0.662812 0.556921 0.854096 0.272966 -0.442730 0.141427 0.697259 0.702730
2.463581 -4.825643 52.189736 -99.484576 0.422079 -0.641882 0.640185 0.899292 0.207218 -0.385143 0.114558 0.738274 0.664701
-0.718796 -7.876661 -13.042416 121.796212 0.592426 0.206687 0.778660 0.686748 0.375762 -0.622238 -0.421199 0.903373 0.080670
-0.774532 -11.003340 -13.568211 -143.359569 0.596193 0.199137 0.777752 -0.567124 -0.581236 0.583554 -0.568264 0.788993 0.233594
-0.891238 -9.676128 -7.095357 -145.454893 0.621700 0.182047 0.761806 -0.621628 -0.477039 0.621299 -0.476517 0.859821 0.183410
-0.752577 -7.032017 -0.340203 100.007039 0.613301 0.169399 0.771470 0.699956 0.335977 -0.630223 -0.365955 0.926512 0.087483
-0.011537 -2.333303 37.584019 -42.807078 0.375633 0.886390 0.270576 -0.635838 0.034081 0.771070 -0.674247 0.461682 -0.576403
0.627941 -1.399793 25.352477 -27.989957 0.324731 0.890592 0.318426 -0.683476 -0.011751 0.729878 -0.653766 0.454651 -0.604883
-0.556800 -1.748700 37.108262 -32.644172 0.210372 0.859617 0.465620 -0.730491 -0.178308 0.659233 -0.649712 0.478815 -0.590432
-1.024782 -2.619019 19.565263 -44.268347 0.271253 0.883336 0.382281 -0.675229 -0.108401 0.729599 -0.685921 0.456033 -0.567050
-1.042047 -2.177622 20.069965 -45.585975 -0.021322 0.747827 0.663551 -0.745186 -0.454356 0.488117 -0.666515 0.484061 -0.566959
-0.291381 -1.703017 3.211940 49.858207 -0.264638 0.562251 0.783480 0.721843 0.654227 -0.225677 -0.639461 0.505826 -0.578990
0.174839 -1.528529 3.784207 -10.609262 -0.431300 0.670552 0.603606 -0.511176 0.369664 -0.775918 0.743424 0.643202 -0.183334
-0.049273 -1.437713 9.838554 -0.916500 -0.436294 0.668037 0.602805 -0.525544 0.354598 -0.773345 0.730377 0.654207 -0.196374
0.129343 -1.579397 5.872919 -6.006126 -0.387105 0.645959 0.657941 -0.578329 0.385652 -0.718894 0.718113 0.658794 -0.224289
-0.167598 -4.062366 3.955345 2.815506 -0.024853 0.997096 -0.071984 0.948017 0.046358 0.314826 -0.317249 0.060418 0.946416
-0.258357 -4.654599 0.619644 -30.928688 -0.033797 0.997768 -0.057594 0.961054 0.048260 0.272115 -0.274287 0.046155 0.960540
-0.224137 -4.754646 1.785779 -32.526166 -0.039641 0.996958 -0.067104 0.962672 0.056100 0.264793 -0.267753 0.054103 0.961967
-0.176793 -4.461987 1.160302 -9.332069 -0.028723 0.997387 -0.066289 0.943631 0.048932 0.327364 -0.329752 0.053149 0.942570
-0.135003 -3.946651 3.996719 0.071096 0.026271 0.997901 -0.059198 0.893381 0.003133 0.449289 -0.448531 0.064690 0.891423
-3.355622 -8.309047 -20.706272 -40.576037 0.932964 0.334140 -0.133902 -0.012325 0.401413 0.915814 -0.359760 0.852771 -0.378622
-4.114313 -8.301974 -29.351341 -8.086213 0.945621 0.201412 -0.255410 0.166698 0.374179 0.912251 -0.279307 0.905220 -0.320257
-3.923990 -7.240816 -16.803565 -35.227394 0.951891 0.118734 -0.282501 0.169539 0.563887 0.808262 -0.255267 0.817272 -0.516629
-4.713436 -9.442918 -26.364157 -19.915605 0.942822 0.242521 -0.228629 0.184698 0.190835 0.964090 -0.277442 0.951192 -0.135130
-3.062695 -6.860746 -26.326531 -51.659744 0.941451 0.260879 -0.213572 0.016156 0.597826 0.801463 -0.336763 0.757988 -0.558609
-2.432782 -6.972411 -30.410102 -58.778897 0.905566 0.387741 -0.172065 -0.098503 0.586733 0.803767 -0.412610 0.710915 -0.569520
-2.267063 -8.192588 -26.089743 -72.234502 0.882649 0.464305 -0.073153 -0.159400 0.442093 0.882692 -0.442178 0.767447 -0.464224
-2.676249 -9.014615 -19.562994 -50.000349 0.889635 0.454100 -0.048404 -0.085076 0.268939 0.959393 -0.448678 0.849391 -0.277890
-3.431685 -9.490637 1.158463 -29.170344 0.936305 0.342924 -0.075741 0.019032 0.165806 0.985975 -0.350673 0.924614 -0.148718
-0.423984 -10.391225 12.459762 -62.804084 0.320938 0.897182 0.303418 0.262720 -0.392127 0.881598 -0.909933 0.203224 0.361556
-2.996503 -16.255245 -17.489215 -206.320389 0.324359 0.641878 0.694826 0.055765 0.720287 -0.691431 -0.944289 0.263019 0.197837
-0.882858 -8.107924 -7.010849 -29.662172 0.343492 0.810184 0.474989 0.055877 -0.522496 0.850809 -0.937492 0.265705 0.224744
-0.903519 -6.638570 8.088674 21.116296 -0.288434 0.957499 -0.001422 -0.186120 -0.057523 -0.980842 0.939237 0.282643 -0.194802
-0.940777 -6.255115 12.475655 6.686677 -0.288064 0.957571 -0.008799 -0.252376 -0.084779 -0.963908 0.923756 0.275447 -0.266089
-1.105748 -6.134789 1.898215 8.830238 -0.295750 0.955265 0.000336 -0.309447 -0.095472 -0.946112 0.903756 0.279916 -0.323839
-1.294433 -6.373152 -22.182108 16.096851 -0.278631 0.960378 0.006217 -0.275799 -0.073812 -0.958377 0.919946 0.268749 -0.285437
-1.101362 -6.692761 -11.469716 27.629947 -0.274198 0.961540 0.016027 -0.177358 -0.034183 -0.983553 0.945177 0.272531 -0.179909
0.120953 -8.221287 -0.085430 -52.157848 -0.352922 -0.260304 -0.898714 0.761702 0.477885 -0.437533 0.543374 -0.838968 0.029618
0.144658 -8.717881 1.468800 -34.597616 -0.340670 -0.243345 -0.908145 0.635712 0.652031 -0.413190 0.692686 -0.718080 -0.067430
0.214961 -8.717715 -1.368700 -46.601979 -0.357808 -0.264905 -0.895432 0.725770 0.524478 -0.445174 0.587564 -0.809165 0.004598
0.108045 -7.975436 7.523895 -38.290913 -0.394639 -0.262162 -0.880643 0.811840 0.349379 -0.467815 0.430321 -0.899559 0.074955
0.126402 -7.396100 -1.473773 -24.917616 -0.397271 -0.292367 -0.869883 0.829046 0.292130 -0.476805 0.393521 -0.910594 0.126331
0.154783 -6.409333 -4.288424 -108.826012 0.816027 0.569762 0.097323 -0.468183 0.552789 0.689369 -0.338977 0.608109 -0.717843
0.174413 -8.672540 -7.887683 -117.820992 0.795013 0.592571 0.129669 -0.452729 0.437368 0.777010 -0.403721 0.676438 -0.615988
-0.044774 -6.849410 -3.314928 -146.044680 0.801769 0.584545 0.124394 -0.479273 0.504551 0.718140 -0.357022 0.635401 -0.684690
-0.192765 -14.089913 9.378170 -132.723494 0.883494 0.410671 -0.225362 -0.018408 -0.450279 -0.892698 0.468081 -0.792842 0.390259
-0.059555 -16.208397 -2.089117 -129.056089 0.891690 0.403743 -0.204649 -0.152822 -0.157044 -0.975696 0.426069 -0.901293 0.078334
-0.111359 -13.863024 1.374352 -126.775414 0.886312 0.395327 -0.241181 -0.053435 -0.430025 -0.901234 0.459996 -0.811662 0.360012
-0.150243 -12.479650 3.516858 -51.296236 0.886578 0.388114 -0.251686 0.038693 -0.604409 -0.795734 0.460957 -0.695743 0.550873
-0.321733 -12.330852 2.794964 -76.874148 0.888629 0.390859 -0.239931 0.097135 -0.671682 -0.734444 0.448222 -0.629342 0.634843
-0.350087 -12.054472 12.102358 -47.933128 0.881396 0.411144 -0.232597 0.070397 -0.601223 -0.795974 0.467102 -0.685195 0.558859
0.436615 -0.837508 -0.588349 5.493465 0.646793 -0.306224 0.698488 -0.365335 0.679533 0.636211 -0.669469 -0.666679 0.327643
0.409794 -0.855038 -5.335696 -8.050159 0.680487 -0.398981 0.614615 -0.272944 0.640393 0.717912 -0.680029 -0.656286 0.326879
0.375545 -0.677483 3.726476 -1.557178 0.681137 -0.339161 0.648862 0.311699 -0.667582 -0.676149 -0.662493 -0.662800 0.348998
0.258300 -0.715585 7.401676 -14.365979 0.651413 -0.258365 0.713378 0.384849 -0.697788 -0.604139 -0.653875 -0.668087 0.355117
0.211921 -0.422115 11.471329 8.379325 0.735976 -0.399583 0.546510 0.226440 -0.615460 -0.754940 -0.638016 -0.679369 0.362482
0.080175 -0.495520 10.973414 -7.558039 0.713674 -0.348654 0.607544 0.283147 -0.649724 -0.705469 -0.640701 -0.675499 0.364971
0.020250 -18.480651 3.910277 -55.353984 0.947945 0.168580 -0.270148 0.318232 -0.471436 0.822481 -0.011296 0.865638 0.500544
0.129171 -18.762201 6.506319 -142.288459 0.946441 0.177344 -0.269812 0.305136 -0.218097 0.926998 -0.105552 0.959679 0.260530
0.123510 -16.876875 8.636408 -49.045656 0.958643 0.142683 -0.246264 0.269164 -0.173314 0.947372 -0.092493 0.974476 0.204551
-46.218500 -379.670475 1899.969122 -15098.578935 -0.011264 0.163103 -0.986545 0.041399 0.985837 0.162513 0.999079 -0.039012 -0.017857
-2.925968 -10.645226 77.654639 135.221208 0.732601 0.293252 -0.614247 -0.415561 -0.522019 -0.744853 0.539078 -0.800936 0.260568
-1.536227 -48.254773 6.168442 960.454900 0.872501 0.361017 -0.329255 0.026442 -0.707756 -0.705962 0.487897 -0.607246 0.627064
-0.561364 -18.328305 50.784450 564.926002 0.831809 0.538378 0.135068 0.141813 0.029130 -0.989465 0.536641 -0.842200 0.052119
-5.641994 -219.156527 -137.825721 9089.856087 0.759237 0.164532 -0.629674 -0.374381 0.901821 -0.215772 0.532352 0.399560 0.746293
-4.833439 -12.850982 239.590811 21.848460 0.688418 -0.150083 -0.709616 0.635070 -0.347894 0.689678 0.350380 0.925443 0.144184
42.190186 -275.104866 1311.316141 5265.748246 -0.872016 -0.194692 -0.449091 -0.268790 0.957245 0.106929 0.409072 0.213955 -0.887064
4.495454 -54.283711 180.489860 3422.358851 0.810442 0.286612 0.510918 0.325949 0.504059 -0.799801 0.486765 -0.814726 -0.315090
0.619736 -138.129775 85.329760 -4602.254875 0.958126 -0.243171 0.151200 -0.092024 0.238533 0.966765 0.271155 0.940197 -0.206167
-0.293705 -356.575456 -7.090179 8541.220760 0.977861 0.202153 0.054057 0.141432 -0.448090 -0.882730 0.154224 -0.870833 0.466760
-13.129459 -500.638640 -301.180359 12915.228897 0.971287 0.228817 0.065145 0.117751 -0.224422 -0.967352 0.206726 -0.947247 0.244922
-6.665285 -198.133767 -240.575828 3405.193746 0.969208 0.238089 0.062850 -0.239654 0.970681 0.018556 -0.056589 -0.033047 0.997850
1.170899 -136.841308 23.806097 3307.115446 0.965154 0.251964 0.070648 0.232182 -0.700031 -0.675313 0.120699 -0.668184 0.734140
0.290635 -298.548920 -46.583125 15569.794893 0.949672 0.259846 0.174938 -0.030170 0.631745 -0.774589 0.311791 -0.730327 -0.607790
-8.570055 -575.420137 -53.529066 -12303.308631 0.979402 0.200180 0.026443 0.182508 -0.933648 0.308207 -0.086385 0.297033 0.950952
-0.080966 -2.601380 0.170907 -15.514277 0.923573 -0.376958 0.070108 -0.304098 -0.608782 0.732740 0.233532 0.698059 0.676887
-0.100063 -2.684382 -4.024873 -11.032270 0.912728 -0.393802 0.108843 -0.351218 -0.620151 0.701469 0.208741 0.678478 0.704340
-0.088707 -2.628788 -1.554154 -19.172588 0.920757 -0.381615 0.081095 -0.323993 -0.632155 0.703853 0.217336 0.674352 0.705701
-0.091800 -2.522567 2.146455 -7.237027 0.911532 -0.399019 0.099465 -0.335020 -0.580291 0.742310 0.238477 0.709962 0.662633
1.097935 -5.535952 -29.434317 -13.411184 0.653566 0.164391 0.738801 0.554331 -0.768587 -0.319360 -0.515333 -0.618264 0.593449
1.130408 -5.738964 -40.534698 14.853445 0.644243 0.160828 0.747720 0.620213 -0.681924 -0.387705 -0.447535 -0.713522 0.539073
0.531241 -5.662183 -27.196463 -11.260867 0.628518 0.173788 0.758131 0.595153 -0.734997 -0.324919 -0.500757 -0.655421 0.565389
0.967068 -5.025898 -15.972319 40.994805 0.658306 0.162250 0.735056 -0.470361 0.851051 0.233395 -0.587702 -0.499387 0.636568
0.368347 -5.433165 -11.732572 25.803396 0.591237 0.223819 0.774818 -0.565310 0.800212 0.200214 -0.575207 -0.556387 0.599642
-0.320300 -2.361976 -4.257673 20.532516 0.565808 -0.604995 0.560216 0.576411 0.776052 0.255918 -0.589586 0.178114 0.787822
-0.316956 -2.231309 -9.746567 18.798088 0.546567 -0.627010 0.555088 0.623886 0.747048 0.229533 -0.558597 0.220856 0.799495
-0.083688 -1.853649 13.039446 15.475134 -0.452185 0.719510 -0.527100 0.703488 0.651001 0.285136 -0.548301 0.241874 0.800539
0.052440 -1.732054 9.437852 21.158264 -0.423850 0.753783 -0.502158 0.717349 0.617855 0.321970 -0.552957 0.223756 0.802603
-1.091697 -5.519554 16.810556 -54.539668 -0.138079 0.989709 -0.037565 0.962877 0.125260 -0.239121 0.231955 0.069188 0.970263
-1.335147 -5.358501 16.518287 -12.631230 -0.104850 0.994381 -0.014600 0.982548 0.101312 -0.156000 0.153644 0.030702 0.987649
-1.415271 -5.430114 10.538373 -66.508925 -0.128391 0.991173 0.033038 0.971346 0.132401 -0.197374 0.200006 -0.006750 0.979771
-0.330194 -6.868964 -1.602069 -106.055645 0.800092 0.580451 0.151423 -0.458394 0.428765 0.778483 -0.386946 0.692269 -0.609127
-0.348757 -4.630886 0.202136 -59.711701 0.824709 0.552974 0.118633 -0.470770 0.554971 0.685845 -0.313417 0.621472 -0.718013
-0.329216 -5.290878 -6.080894 -112.166429 0.798653 0.587561 0.130097 -0.485927 0.502110 0.715374 -0.355003 0.634554 -0.686523
-1.030764 -2.847487 1.684436 7.928404 -0.441583 0.719343 -0.536238 0.494999 0.693801 0.523084 -0.748318 0.034452 0.662445
-0.824380 -2.861299 -1.695541 6.503853 0.499782 -0.663948 0.556230 0.473196 0.747179 0.466701 -0.725468 0.029957 0.687603
-0.748739 -2.580939 2.999157 8.010314 -0.395273 0.774028 -0.494610 0.592725 0.626284 0.506404 -0.701738 0.093000 0.706339
0.336209 -15.066817 -38.015029 -119.187442 0.839112 0.414407 0.352361 0.540558 -0.707588 -0.455100 -0.060730 -0.572351 0.817757
0.050605 -12.284624 -15.373546 -25.825892 0.828031 0.441532 0.345564 0.542343 -0.787082 -0.293880 -0.142230 -0.430756 0.891190
0.407928 -15.038324 -18.428515 -121.745425 0.830737 0.429650 0.353944 0.528237 -0.809036 -0.257735 -0.175618 -0.401076 0.899053
-12.333246 -32.722110 -231.766150 -696.233617 -0.645195 -0.647152 -0.406099 0.729076 -0.362605 -0.580488 0.228411 -0.670605 0.705774
-6.408881 -27.770102 -151.511756 -430.151500 -0.583720 -0.748944 -0.313613 0.673234 -0.230513 -0.702581 0.453902 -0.621246 0.638769
-4.532830 -84.023006 -192.363242 -2600.507102 -0.467036 -0.832791 -0.297215 0.857966 -0.345467 -0.380194 0.213945 -0.432564 0.875851
3.734381 -0.680967 50.829742 7.350023 -0.007514 -0.332583 -0.943044 0.881859 -0.446830 0.150557 -0.471453 -0.830500 0.296649
2.540332 -0.622483 116.432588 10.282792 -0.015685 -0.147800 -0.988893 0.875169 -0.480339 0.057911 -0.483563 -0.864540 0.136884
2.863972 -0.817239 84.599434 14.764500 0.003030 -0.239203 -0.970965 0.880532 -0.459582 0.115968 -0.473978 -0.855317 0.209233
3.722030 -0.775294 -33.397021 14.693638 -0.034316 -0.455194 -0.889731 0.886773 -0.424455 0.182953 -0.460930 -0.782711 0.418219
3.668584 -0.720190 -97.265350 11.028701 -0.085554 -0.575707 -0.813168 0.889648 -0.411588 0.197795 -0.448562 -0.706511 0.547389
8.131008 -5.499561 33.577555 7.456869 -0.852343 0.257220 0.455357 -0.010896 0.861768 -0.507186 -0.522870 -0.437258 -0.731718
5.591660 -4.387562 91.591476 23.453214 -0.720192 0.293245 0.628754 0.059019 0.928890 -0.365623 -0.691260 -0.226210 -0.686286
6.413697 -4.543047 32.851461 34.183632 -0.734817 0.412104 0.538715 0.065015 0.833393 -0.548844 -0.675142 -0.368276 -0.639184
8.070664 -4.750506 54.609359 11.004668 -0.739101 0.444028 0.506527 0.005239 0.755743 -0.654848 -0.673574 -0.481345 -0.560896
6.264032 -6.161737 -125.078992 -37.533277 0.981298 0.021330 -0.191310 0.132055 0.648513 0.749661 -0.140057 0.760904 -0.633568
11.100545 -4.930327 -226.367390 -34.367632 0.997074 -0.045695 -0.061286 0.075908 0.686785 0.722886 -0.009058 0.725423 -0.688244
7.832798 -6.173167 -153.455007 -5.494544 0.983731 -0.051064 -0.172238 0.174128 0.506870 0.844253 -0.044191 0.860509 -0.507515
9.213412 -4.562231 -69.901125 -15.956628 0.967955 -0.248755 0.034422 0.118223 0.572317 0.811465 0.221556 0.781392 -0.583386
4.235004 -7.377566 -85.686314 -42.950402 0.961710 0.020871 -0.273273 0.214117 0.565188 0.796691 -0.171079 0.824698 -0.539078
7.922565 -5.050867 -73.741622 22.296340 0.968881 -0.233261 -0.082822 0.168908 0.378447 0.910081 0.180943 0.895749 -0.406070
3.182167 -8.148574 4.238953 101.568421 -0.338197 0.277905 -0.899106 0.214980 0.952955 0.213684 0.916191 -0.121022 -0.382030
2.718391 -8.294074 0.224519 27.461443 -0.218221 0.359642 -0.907214 0.382179 0.886862 0.259645 0.897953 -0.290058 -0.330980
3.640530 -7.428832 -41.604152 92.108845 -0.134334 0.335311 -0.932481 0.137218 0.938239 0.317614 0.981390 -0.085287 -0.172049
2.219901 -8.258477 -39.121264 -0.303952 -0.078146 0.391914 -0.916677 0.412536 0.849785 0.328147 0.907583 -0.352518 -0.228086
2.605610 -7.639176 -56.647155 73.384821 0.008831 0.391727 -0.920039 0.168776 0.906291 0.387493 0.985615 -0.158702 -0.058110
-2.229613 -3.309385 -3.856242 -2.787510 -0.029069 0.328618 0.944016 0.419778 0.861112 -0.286832 -0.907161 0.387939 -0.162978
-2.110182 -3.251620 -0.266424 9.459180 0.006486 0.405935 0.913879 0.521107 0.778626 -0.349555 -0.853467 0.478496 -0.206486
-2.066584 -3.428867 11.384231 2.096676 -0.075307 0.294752 0.952602 0.413293 0.878622 -0.239189 -0.907479 0.375691 -0.187985
-2.130815 -3.389989 13.281492 -4.123926 -0.063188 0.228556 0.971478 0.315341 0.928126 -0.197846 -0.946872 0.293845 -0.130720
-2.237751 -3.312761 -1.786191 -16.364438 -0.032466 0.259690 0.965146 0.343903 0.909594 -0.233174 -0.938444 0.324347 -0.118839
0.156710 -4.427334 6.657092 -35.182910 -0.398564 -0.048399 0.915863 -0.558421 0.804970 -0.200474 -0.727539 -0.591338 -0.347859
-0.095778 -4.067758 -5.441132 -11.028980 -0.384019 -0.109483 0.916811 -0.537211 0.834072 -0.125416 -0.750955 -0.540683 -0.379115
-0.201518 -4.813906 -0.124729 16.043069 -0.393273 -0.062613 0.917287 -0.578315 0.792448 -0.193852 -0.714764 -0.606718 -0.347859
-0.232286 -4.847739 6.097172 33.354915 -0.388296 -0.049311 0.920214 -0.624302 0.748582 -0.223319 -0.677844 -0.661206 -0.321457
0.148476 -5.006264 10.766944 8.917893 -0.395534 -0.037296 0.917694 -0.592820 0.773535 -0.224074 -0.701511 -0.632656 -0.328069
-0.806065 -8.652598 5.495479 73.019535 -0.105010 -0.140773 0.984457 0.966688 -0.246809 0.067822 0.233426 0.958785 0.162001
-0.573738 -8.464594 13.751566 60.862549 -0.088849 -0.190999 0.977561 0.983423 -0.172572 0.055665 0.158068 0.966301 0.203165
-0.388053 -7.450098 5.330655 60.747830 -0.042987 -0.174613 0.983698 0.951326 -0.307909 -0.013084 0.305175 0.935255 0.179350
-0.036586 -8.537860 -2.314536 -37.720286 0.086869 0.175563 -0.980628 0.880302 0.447307 0.158063 0.466392 -0.876980 -0.115691
-0.603775 -6.752718 2.188698 -43.481482 0.104555 0.198040 -0.974602 0.960123 0.235401 0.150835 0.259293 -0.951508 -0.165530
-0.374109 -8.343547 -9.599815 -36.658490 0.125904 0.199156 -0.971846 0.882428 0.425139 0.201441 0.453288 -0.882946 -0.122214
0.045543 -10.102555 -3.400531 -87.312152 -0.360392 -0.382087 0.850956 -0.640398 0.764650 0.072117 -0.678238 -0.518961 -0.520262
0.017390 -10.440965 -1.120908 -66.298323 -0.360901 -0.365757 0.857888 -0.608506 0.789446 0.080587 -0.706732 -0.492946 -0.507477
0.133911 -11.014562 -2.521639 -33.332473 -0.367825 -0.365229 0.855168 -0.401918 0.891744 0.207977 -0.838551 -0.267208 -0.474797
0.069168 -10.485021 0.669946 -57.724981 -0.342789 -0.378994 0.859569 -0.529180 0.833923 0.156654 -0.776186 -0.401168 -0.486415
0.925733 -3.661115 -5.868143 -0.474025 0.071184 0.405343 -0.911389 -0.393645 0.850960 0.347722 0.916502 0.334011 0.220136
0.782637 -4.756542 -8.071730 53.784370 0.105892 0.326175 -0.939360 -0.333678 0.901552 0.275432 0.936721 0.284278 0.204304
0.532371 -4.481712 -4.732530 30.884637 0.111727 0.366497 -0.923687 -0.353580 0.883340 0.307720 0.928708 0.292217 0.228279
0.659230 -3.764531 -10.514730 -18.037976 0.100543 0.440355 -0.892176 -0.430268 0.827775 0.360080 0.897085 0.347671 0.272698
0.079198 -4.180922 -13.236515 30.725408 0.130868 0.382457 -0.914659 -0.341035 0.883656 0.320698 0.930897 0.269962 0.246073
0.187382 -3.655015 -15.060678 -26.370483 0.124655 0.438318 -0.890134 -0.403224 0.842087 0.358190 0.906571 0.314274 0.281710
-0.257610 -4.003505 9.333613 15.366872 0.870436 -0.347571 0.348618 0.295435 -0.197643 -0.934696 -0.393775 -0.916587 0.069351
-0.383739 -4.165558 7.619191 11.001661 0.890793 -0.391691 0.230360 0.140419 -0.244858 -0.959337 -0.432169 -0.886918 0.163117
-0.692933 -4.048393 9.120304 -3.380630 0.868412 -0.362390 0.338428 0.215004 -0.339821 -0.915584 -0.446803 -0.867868 0.217189
-0.910568 -3.826572 -0.688486 -13.140018 0.816000 -0.375881 0.439156 0.273427 -0.418366 -0.866145 -0.509296 -0.826851 0.238611
-0.494329 -3.974145 0.153440 2.339167 0.833076 -0.354326 0.424780 0.323239 -0.311340 -0.893635 -0.448889 -0.881771 0.144838
-1.023321 -3.787697 0.446048 -16.915264 0.849181 -0.402970 0.341332 0.147265 -0.440007 -0.885837 -0.507154 -0.802502 0.314302
5.580640 -2.420239 -2.957820 53.698613 0.800108 -0.516815 0.304515 -0.053846 0.443718 0.894547 0.597435 0.732131 -0.327193
6.287058 -1.252920 -103.287269 53.243539 0.885729 -0.388402 0.254219 -0.081491 0.409041 0.908870 0.456993 0.825729 -0.330649
5.898370 -1.788885 -122.645656 45.907622 0.922646 -0.350709 0.160397 0.001058 0.418216 0.908347 0.385646 0.837913 -0.386237
0.099683 -10.252482 13.636361 20.940100 0.106278 0.237375 -0.965587 0.841256 -0.539158 -0.039951 -0.530087 -0.808060 -0.256994
0.142873 -9.596462 5.580753 30.628692 0.083846 0.244281 -0.966073 0.936612 -0.350292 -0.007285 -0.340187 -0.904225 -0.258168
-0.076834 -9.988890 -5.397674 6.604151 0.106038 0.220855 -0.969525 0.827414 -0.560362 -0.037153 -0.551491 -0.798259 -0.242158
0.321627 -8.601205 -4.329528 1.800846 0.127437 0.090021 -0.987753 0.073718 0.992259 0.099943 0.989103 -0.085552 0.119814
-0.321637 -9.224621 -21.912254 50.101580 0.158021 0.071805 -0.984821 -0.024139 0.997335 0.068844 0.987141 0.012894 0.159334
0.030796 -8.117062 5.002183 1.112756 0.112904 0.021541 -0.993372 -0.115201 0.993306 0.008446 0.986905 0.113484 0.114630
3.521226 -3.783431 -48.159813 2.612257 0.922879 -0.385013 -0.007649 0.300136 0.731590 -0.612123 -0.241271 -0.562620 -0.790726
3.867979 -3.923491 -15.416314 12.955122 0.940134 -0.333373 0.070788 0.300205 0.711751 -0.635049 -0.161325 -0.618282 -0.769221
4.027807 -3.867608 -18.514925 3.155345 0.946684 -0.314017 0.071983 0.295929 0.759300 -0.579560 -0.127335 -0.569962 -0.811744
3.684999 -3.726921 -48.746356 2.816194 0.931911 -0.362666 -0.004009 0.302986 0.784538 -0.541016 -0.199354 -0.502964 -0.841002
0.123427 -2.775872 14.634619 -12.893072 0.215222 -0.210069 -0.953704 -0.410742 0.866536 -0.283561 0.885986 0.452755 0.100214
-0.029225 -3.038905 2.921350 5.867567 0.218259 -0.171580 -0.960689 -0.382005 0.890847 -0.245894 0.898017 0.420657 0.128891
0.067637 -3.013512 -8.202585 5.434281 0.219535 -0.115576 -0.968734 -0.416502 0.886820 -0.200191 0.882230 0.447429 0.146551
-1.927810 -11.373418 12.245595 95.942821 0.203296 0.243121 -0.948453 0.781799 -0.623482 0.007755 -0.589458 -0.743076 -0.316823
-1.546797 -9.599727 1.012841 139.613862 0.214186 0.229672 -0.949408 0.911772 -0.395701 0.109971 -0.350424 -0.889197 -0.294162
-1.645029 -10.669164 -9.822392 135.075072 0.135859 0.210910 -0.968018 0.875803 -0.482340 0.017826 -0.463154 -0.850215 -0.250246
-1.293829 -8.139357 -5.783630 113.676082 0.138872 0.234122 -0.962238 0.955782 -0.286023 0.068349 -0.259220 -0.929181 -0.263491
-1.068367 -8.641095 -14.869736 102.242660 0.074405 0.214906 -0.973796 0.929441 -0.368825 -0.010380 -0.361391 -0.904314 -0.227185
-0.617233 -9.000136 -0.282125 73.705445 0.126072 0.448849 -0.884670 -0.578916 0.757472 0.301814 0.805582 0.474099 0.355342
-0.654556 -8.706886 -1.564022 76.341968 0.136983 0.469898 -0.872028 -0.544320 0.771214 0.330069 0.827618 0.429448 0.361417
-0.527566 -10.300221 -2.561208 68.688877 0.122787 0.459836 -0.879474 -0.394830 0.835663 0.381806 0.910512 0.300362 0.284166
-0.443837 -9.621395 3.314224 60.428404 0.112368 0.433203 -0.894264 -0.480223 0.811561 0.332797 0.869919 0.392051 0.299227
0.291165 -3.998935 41.919489 10.465327 0.050989 0.487384 -0.871698 0.998544 -0.040261 0.035899 -0.017599 -0.872259 -0.488727
0.930586 -4.092632 30.426724 -3.199340 0.112038 0.451525 -0.885196 0.989219 -0.135222 0.056230 -0.094309 -0.881953 -0.461807
1.186373 -3.922633 30.522911 15.359230 0.074572 0.451617 -0.889090 0.996403 0.002245 0.084713 0.040254 -0.892209 -0.449825
22.051478 -133.309788 368.792915 2901.217416 0.725979 0.655675 -0.207474 -0.259634 0.540668 0.800167 -0.636824 0.527037 -0.562749
5.329704 -25.107882 -158.033522 -790.372522 -0.122143 0.293642 0.948080 0.755062 0.647471 -0.103261 -0.644176 0.703246 -0.300802
10.585559 -40.949001 -381.401738 -1333.150989 -0.213273 0.201495 0.955989 0.793680 0.606337 0.049265 -0.569724 0.769256 -0.289238
3.560117 -58.293031 -60.323728 940.853801 -0.647402 -0.441555 0.621208 0.023646 0.803045 0.595449 -0.761782 0.400184 -0.509452
3.083150 -201.545754 -56.238889 5687.680048 -0.747918 -0.487892 0.450089 -0.450989 0.871020 0.194764 -0.487060 -0.057318 -0.871485
55.686448 -784.323644 -387.545086 -36315.465448 0.576168 0.644374 0.502805 0.776253 -0.623987 -0.089838 0.255854 0.442066 -0.859719
0.116577 -3.534207 -0.872821 21.973458 0.902463 -0.429882 0.027590 -0.006345 -0.077307 -0.996987 -0.430720 -0.899569 0.072494
0.076307 -3.992933 -3.869646 12.137439 0.899454 -0.430728 0.073863 -0.030235 -0.229944 -0.972734 -0.435968 -0.872696 0.219847
0.085793 -3.917722 0.940096 14.304621 0.906419 -0.416205 0.071959 -0.003972 -0.178757 -0.983885 -0.422361 -0.891527 0.163681
0.142405 -3.694635 -0.489044 16.836720 0.906714 -0.418195 0.054606 0.016240 -0.094760 -0.995368 -0.421432 -0.903401 0.079128
0.179947 -3.188319 0.219237 15.220390 0.908501 -0.417755 -0.010359 -0.001731 0.021027 -0.999777 -0.417879 -0.908317 -0.018380
0.145857 -2.899915 -1.291755 16.078988 0.901941 -0.429903 -0.041068 -0.026226 0.040394 -0.998840 -0.431063 -0.901971 -0.025158
0.209984 -2.962776 -1.869880 29.205877 0.900079 -0.435636 0.008933 0.006464 -0.007150 -0.999954 -0.435679 -0.900095 0.003619
1.327102 -1.843070 -19.112023 8.961519 0.690901 -0.033924 -0.722153 -0.447754 0.764176 -0.464275 -0.567603 -0.644115 -0.512780
0.969269 -2.718948 9.460425 -28.539444 0.487554 0.190837 -0.851982 0.670222 -0.707189 0.225136 -0.559548 -0.680782 -0.472696
0.720350 -1.973389 -12.558792 -20.704836 0.588103 0.096220 -0.803042 0.597541 -0.720817 0.351238 -0.545050 -0.686415 -0.481410
1.289543 -1.477261 -34.258760 0.457051 0.729161 -0.076090 -0.680099 -0.427353 0.725576 -0.539359 -0.534504 -0.683922 -0.496545
1.438664 -1.710883 -11.216532 -4.628665 0.771622 -0.091773 -0.629426 -0.369732 0.740488 -0.561226 -0.517588 -0.665774 -0.537445
-1.032907 -3.741731 -13.460792 8.769854 0.751021 -0.622714 0.219532 0.368525 0.119446 -0.921912 -0.547865 -0.773279 -0.319192
-0.900766 -3.460478 -10.745533 11.904347 0.740312 -0.622673 0.253409 0.460708 0.195403 -0.865775 -0.489578 -0.757691 -0.431530
-1.167303 -3.607683 -12.701829 17.884239 0.763726 -0.600259 0.237509 0.424764 0.190228 -0.885093 -0.486105 -0.776854 -0.400250
-1.206218 -3.768453 -2.912637 11.039522 0.781807 -0.574576 0.242157 0.366648 0.109508 -0.923893 -0.504328 -0.811092 -0.296281
-1.127254 -3.811445 -7.968643 -3.018676 0.771507 -0.596527 0.221207 0.295525 0.028104 -0.954921 -0.563420 -0.802101 -0.197971
-1.037912 -3.798641 -18.355503 2.346284 0.749585 -0.630732 0.200745 0.287558 0.037144 -0.957043 -0.596181 -0.775111 -0.209215
-0.972944 -3.727125 -10.937000 -0.848256 0.738656 -0.634720 0.226975 0.337095 0.056226 -0.939790 -0.583742 -0.770694 -0.255492
-1.142526 -6.982655 8.887696 -2.935921 -0.046068 -0.238428 0.970067 -0.420252 0.885606 0.197711 -0.906237 -0.398565 -0.140998
-1.272530 -6.766599 18.688702 -8.672961 -0.069611 -0.221740 0.972618 -0.511128 0.845209 0.156111 -0.856681 -0.486265 -0.172173
-1.089026 -6.729537 9.677297 -15.513739 -0.057558 -0.214129 0.975108 -0.599741 0.788258 0.137696 -0.798122 -0.576886 -0.173793
-0.887105 -7.073371 -1.181925 -15.462439 -0.040549 -0.228768 0.972636 -0.531632 0.829149 0.172855 -0.846004 -0.510075 -0.155241
-1.867768 -13.450221 -26.224461 -361.624754 0.887602 -0.424216 0.179453 0.297146 0.825045 0.480629 0.351947 0.373284 -0.858366
-1.874915 -20.008781 -23.473758 -451.329393 0.874421 -0.463677 0.142800 0.243621 0.674163 0.697246 0.419568 0.574898 -0.702464
-2.189817 -17.260356 8.880292 -486.241693 -0.838153 0.504358 -0.207659 0.367098 0.803210 0.469140 0.403408 0.316980 -0.858362
-0.824888 -96.867635 82.251378 -3362.496157 -0.664572 0.747198 0.006216 -0.743583 -0.662132 0.093092 -0.073674 -0.057244 -0.995638
-0.795095 -41.466738 28.510064 -543.469301 -0.704148 0.706952 0.066295 -0.613256 -0.652560 0.445065 -0.357901 -0.272735 -0.893041
-1.304469 -69.366690 16.644557 -2094.664835 -0.688894 0.724807 -0.008886 -0.721102 -0.686516 -0.093313 0.073734 0.057875 -0.995597
88.124506 -1237.441792 -380.948528 41253.431631 -0.864288 0.485395 -0.131901 0.460000 0.868831 0.183120 0.203486 0.097594 -0.974202
0.050427 -5.103852 -10.092179 31.459585 0.070272 0.223766 -0.972106 -0.380287 0.906930 0.181273 0.922195 0.356941 0.148827
0.054299 -5.628592 -3.995106 37.704412 0.060416 0.245128 -0.967606 -0.295999 0.930175 0.217163 0.953276 0.273290 0.128755
-0.046058 -6.081505 -2.807182 38.882223 0.038264 0.269633 -0.962203 -0.258713 0.932749 0.251092 0.965196 0.239327 0.105448
0.031677 -5.617210 0.200959 25.297708 0.042364 0.252620 -0.966638 -0.339103 0.913710 0.223926 0.939795 0.318303 0.124373
0.683588 -4.414240 13.791782 -7.217631 -0.327433 -0.150642 0.932789 0.042360 0.983876 0.173761 -0.943924 0.096408 -0.315772
0.439542 -4.441558 0.362021 -3.303962 -0.332301 -0.168382 0.928021 0.019682 0.982483 0.185311 -0.942968 0.079845 -0.323166
0.540796 -4.491244 9.669724 21.196929 -0.331387 -0.168928 0.928249 -0.034712 0.985358 0.166929 -0.942856 0.023096 -0.332398
-4.485033 -6.826590 2.315431 -104.429788 -0.377835 0.660535 0.648794 -0.523422 0.425627 -0.738153 0.763721 0.618494 -0.184922
-3.060976 -7.600473 33.029626 -127.694937 -0.499784 0.590770 0.633408 -0.502253 0.398122 -0.767620 0.705661 0.701776 -0.097741
-2.206531 -5.958898 32.525056 -109.759118 -0.607035 0.609673 0.509713 -0.324888 0.394958 -0.859334 0.725228 0.687246 0.041678
-2.913383 -4.258048 -18.603354 -42.603116 -0.642507 0.720591 0.260640 -0.111697 0.248433 -0.962188 0.758096 0.647325 0.079132
2.361188 -3.779383 34.005295 -29.895215 0.774595 -0.628311 -0.072306 0.593238 0.761430 -0.261332 0.219253 0.159532 0.962537
3.175156 -3.222094 39.046558 -37.180173 0.748671 -0.660931 -0.051598 0.645131 0.744266 -0.172842 0.152639 0.096114 0.983597
3.501151 -3.025308 7.889374 16.232357 0.727137 -0.684875 0.047103 -0.683108 -0.715042 0.148589 0.068084 0.140221 0.987777
2.749621 -3.162588 -41.214994 -6.443302 0.706915 -0.684717 0.177297 0.707268 0.681958 -0.186296 0.006651 0.257091 0.966364
-5.403303 -5.546767 -23.569894 31.945605 -0.340540 0.890191 0.302642 0.873520 0.180460 0.452102 0.347843 0.418323 -0.839054
-5.146201 -5.345193 -1.997183 -63.148566 -0.620859 -0.670100 -0.406816 -0.711523 0.699523 -0.066356 0.329042 0.248261 -0.911097
-4.163140 -5.123730 -23.708768 6.864813 -0.576052 0.814745 -0.065993 -0.724077 -0.546073 -0.421328 0.379312 0.194922 -0.904504
7.308382 -8.676071 -31.800930 64.666075 0.832922 -0.500071 -0.237001 -0.494500 -0.480324 -0.724402 -0.248415 -0.720568 0.647358
7.268872 -7.510912 -17.386278 28.976379 0.881900 -0.375352 -0.285243 -0.433672 -0.408629 -0.803089 -0.184882 -0.831946 0.523149
6.679679 -7.902464 -6.318727 26.019008 0.848556 -0.500196 -0.172500 -0.376943 -0.342706 -0.860504 -0.371304 -0.795208 0.479351
0.458353 -8.324426 5.928323 -24.958229 0.567796 -0.626476 0.533981 0.710376 0.045166 -0.702372 0.415902 0.778131 0.470679
0.527536 -8.342182 -13.669861 -29.381982 0.609569 -0.614874 0.500355 0.709659 0.141973 -0.690092 0.353283 0.775740 0.522894
1.090249 -7.073440 -17.420392 -101.375839 0.608017 -0.617834 0.498595 0.773459 0.319292 -0.547552 0.179099 0.718564 0.672004
-0.453787 -12.129093 -12.587833 -149.836259 0.585350 0.206005 0.784173 -0.511007 -0.657163 0.554083 -0.629474 0.725050 0.279400
-0.725537 -12.670435 -8.733006 74.127810 0.596336 0.195388 0.778593 0.397037 0.771187 -0.497626 -0.697672 0.605882 0.382310
-0.396941 -8.766596 -15.003706 167.009070 0.571176 0.207827 0.794082 0.681514 0.419119 -0.599898 -0.457489 0.883826 0.097754
-0.180580 -1.263916 8.501109 3.653657 -0.365310 0.636458 0.679315 -0.610949 0.386667 -0.690818 0.702346 0.667390 -0.247590
-0.340365 -1.341689 8.114438 7.827484 -0.488285 0.709278 0.508432 -0.491345 0.258048 -0.831860 0.721220 0.656000 -0.222499
-0.246632 -4.911209 3.882778 -60.681246 -0.038943 0.997041 -0.066276 0.973921 0.052709 0.220680 -0.223520 0.055954 0.973092
0.318488 -8.336098 -0.100329 -59.544220 0.927694 0.370333 0.047307 -0.051678 0.252868 -0.966120 0.369748 -0.893818 -0.253723
0.002885 -8.278597 -26.391449 -68.849193 0.942053 0.333162 0.039242 -0.054290 0.266849 -0.962208 0.331043 -0.904320 -0.269473
0.047023 -7.271165 -19.811081 -30.216790 0.937381 0.339200 0.079122 0.038854 0.123911 -0.991532 0.346132 -0.932518 -0.102973
0.031800 -8.968971 -25.099202 -38.092281 0.940791 0.338641 0.015306 -0.151589 0.460663 -0.874534 0.303204 -0.820434 -0.484722
0.360236 -7.428227 2.461746 -22.776475 0.923792 0.374173 0.081252 0.053061 0.085056 -0.994962 0.379199 -0.923450 -0.058720
0.421021 -7.476524 7.999634 -41.362582 0.922213 0.381178 0.065019 0.000400 0.167205 -0.985922 0.386683 -0.909256 -0.154046
0.311497 -9.096079 8.814138 -35.591483 0.919399 0.391525 0.037602 -0.161035 0.461916 -0.872182 0.358850 -0.795828 -0.487734
0.397597 -8.455677 6.477735 -71.151284 0.920232 0.388637 0.046194 -0.074979 0.290912 -0.953807 0.384124 -0.874260 -0.296846
-3.970006 -31.680599 -31.810604 -825.570406 0.363549 0.686286 0.629956 -0.145694 0.709792 -0.689180 -0.920112 0.158770 0.358032
-0.162459 -13.103877 25.327129 -12.800967 0.233192 0.955595 0.180168 0.513901 -0.278392 0.811421 -0.825546 0.096629 0.556000
2.693952 -2.714116 -142.659654 -14.729742 -0.371994 0.732641 0.569962 -0.325127 0.472289 -0.819289 0.869432 0.490081 -0.062513
5.929565 -3.994282 -182.032045 -63.939417 -0.483611 0.726783 0.487757 -0.258396 0.413874 -0.872892 0.836273 0.548174 0.012356
3.929709 -3.231543 -132.850326 -15.119164 -0.491268 0.755126 0.434098 -0.333809 0.297105 -0.894595 0.804505 0.584391 -0.106110
-1.641096 -6.131232 -15.980149 -6.769679 -0.276375 0.956885 0.089373 -0.582084 -0.092671 -0.807831 0.764719 0.275287 -0.582600
-2.057432 -6.335728 -15.255185 -25.524332 -0.256140 0.953528 0.158670 -0.668613 -0.056221 -0.741482 0.698104 0.296012 -0.651942
-2.511929 -6.478832 -28.250907 -7.428978 -0.269666 0.946573 0.176860 -0.614486 -0.027744 -0.788440 0.741409 0.321293 -0.589137
0.290976 -8.918817 -5.813834 16.117624 -0.322320 -0.243066 -0.914893 0.461184 0.803699 -0.376002 0.826692 -0.543126 -0.146950
0.210180 -8.709650 -6.619037 8.029963 -0.317101 -0.246052 -0.915918 0.454329 0.808319 -0.374441 0.832485 -0.534864 -0.144530
0.361785 -8.966109 -13.575678 28.333406 -0.304814 -0.249319 -0.919200 0.274475 0.901186 -0.335452 0.912004 -0.354548 -0.206262
0.156297 -8.576787 4.367445 17.724422 -0.310977 -0.217610 -0.925170 0.318263 0.893391 -0.317113 0.895545 -0.393062 -0.208567
0.266061 -8.796735 -20.245658 17.771843 -0.285861 -0.239992 -0.927732 0.264707 0.910686 -0.317146 0.920985 -0.336237 -0.196802
0.162361 -8.402199 2.851308 4.457795 -0.315301 -0.232614 -0.920041 0.483075 0.795143 -0.366587 0.816837 -0.560035 -0.138339
0.282733 -7.961112 -10.540901 -52.823958 0.817455 0.570572 0.078840 -0.464624 0.572294 0.675725 -0.340430 0.589005 -0.732926
0.410413 -8.626599 -0.241968 64.725002 0.869250 0.493400 0.030994 -0.420552 0.705040 0.571013 -0.259885 0.509388 -0.820356
0.485800 -8.577964 -0.707035 -49.104511 0.836369 0.539774 0.095560 -0.452950 0.582322 0.675083 -0.308745 0.607902 -0.731527
0.418049 -9.838978 -12.487258 -109.585751 0.787511 0.600620 0.138134 -0.436657 0.385596 0.812801 -0.434921 0.700408 -0.565927
0.579604 -10.110251 -5.769114 -113.460995 0.806459 0.572939 0.146171 -0.445251 0.425766 0.787702 -0.389070 0.700332 -0.598464
0.558604 -8.116172 -1.375493 -86.061359 0.846818 0.522272 0.100655 -0.447166 0.596606 0.666411 -0.287996 0.609338 -0.738759
0.207768 -18.074323 -4.101223 -42.135261 0.892795 0.410048 -0.186488 -0.303295 0.241088 -0.921894 0.333061 -0.879623 -0.339608
0.159919 -15.493671 4.359417 -96.538002 0.893917 0.412233 -0.175999 -0.222281 0.066727 -0.972697 0.389233 -0.908632 -0.151280
0.364957 -14.656119 1.318332 -19.320232 0.896227 0.409166 -0.171347 -0.303617 0.284196 -0.909423 0.323409 -0.867073 -0.378934
0.538881 -10.993595 -146.725736 -0.512991 -0.222795 0.141005 -0.964614 -0.192761 0.963576 0.185375 0.955618 0.227240 -0.187500
13.737545 -11.833308 -618.890935 60.566864 -0.163809 0.110997 -0.980228 -0.109739 0.985432 0.129925 0.980369 0.128852 -0.149242
0.908550 -11.937989 -125.404956 7.872251 -0.291334 0.117049 -0.949434 0.090799 0.991389 0.094359 0.952303 -0.058717 -0.299453
21.922291 -11.164189 -903.654332 86.357497 -0.143677 0.242926 -0.959346 -0.319539 0.906091 0.277297 0.936617 0.346389 -0.052560
-2.390968 -11.568865 -34.564136 -44.067351 -0.304203 0.103471 -0.946971 0.060438 0.994177 0.089214 0.950688 -0.030094 -0.308686
-2.820224 -11.382669 -20.056195 -35.842367 -0.302889 0.085510 -0.949182 -0.179316 0.973065 0.144882 0.936004 0.214087 -0.279397
3.974869 -10.434930 -245.790863 37.606212 -0.208351 0.132832 -0.968992 -0.491563 0.842291 0.221159 0.845550 0.522399 -0.110197
0.232935 -1.157852 -7.373841 -6.211771 0.669512 -0.396878 0.627887 -0.289258 0.639269 0.712506 -0.684167 -0.658652 0.313198
0.486168 -15.364228 6.338529 7.320808 0.961603 0.183513 -0.204065 0.061142 0.581619 0.811160 -0.267546 0.792491 -0.548066
0.510146 -14.321734 -4.273174 28.155787 0.959845 0.201156 -0.195534 -0.029523 0.765576 0.642668 -0.278973 0.611089 -0.740773
0.535617 -13.591574 -4.817158 -12.422182 0.961324 0.175127 -0.212573 0.072534 0.583586 0.808805 -0.265698 0.792942 -0.548313
3.124733 -52.094395 106.960752 1463.239506 0.701068 0.345339 -0.623895 -0.555274 -0.284563 -0.781470 0.447409 -0.894296 0.007740
-4.651568 -18.637598 141.130267 -386.345783 0.615532 0.188957 -0.765124 0.626584 0.471527 0.620528 0.478030 -0.861370 0.171842
1.961581 -16.844528 159.361641 -476.339349 0.771707 0.468325 0.430279 0.420028 0.132701 -0.897757 0.477540 -0.873534 0.094304
-14.948777 -550.334834 -463.269881 34465.786848 0.926518 0.351415 0.134432 -0.149698 0.672096 -0.725174 0.345189 -0.651763 -0.675315
-34.597699 -594.386793 -1439.665128 -50772.490501 0.949373 0.311026 0.044198 0.245840 -0.647956 -0.720913 0.195584 -0.695282 0.691614
-0.204250 -2.707818 3.227916 -6.952198 0.894906 -0.426251 0.132108 -0.393007 -0.612563 0.685793 0.211396 0.665640 0.715706
1.577384 -5.206549 -12.727602 -5.428079 0.690522 0.174577 0.701927 0.574394 -0.722147 -0.385455 -0.439603 -0.669348 0.598934
1.398389 -5.546576 29.426624 14.447260 -0.653419 -0.196890 -0.730943 0.665156 -0.610316 -0.430212 -0.361402 -0.767299 0.529755
