16065
32117
-4.900406 -5.776549 0.653898 78.227851 -0.601914 0.795871 0.065485 0.068036 -0.030597 0.997214 -0.795657 -0.604692 0.035731
-5.148171 -6.488112 40.098753 55.423704 -0.541088 0.781027 0.311802 0.125042 -0.291925 0.948232 -0.831618 -0.552065 -0.060296
-5.164775 -8.519568 -41.346052 159.663378 -0.500959 0.709649 -0.495418 -0.355128 0.353468 0.865416 -0.789256 -0.609475 -0.074943
-3.641244 -5.537620 5.377784 50.093292 -0.369452 0.630894 0.682259 0.406752 -0.550337 0.729165 -0.835499 -0.546902 0.053294
-4.046417 -6.488355 -55.282933 143.142299 -0.621303 0.687331 -0.376243 -0.183073 0.339543 0.922602 -0.761884 -0.642095 0.085127
-3.536489 -4.780423 20.373458 59.642200 -0.452608 0.670478 0.587882 0.447830 -0.399191 0.800059 -0.771099 -0.625384 0.119583
3.210507 -9.116406 11.468828 -45.005599 0.927363 -0.189413 0.322676 0.168605 0.981424 0.091536 -0.334020 -0.030483 0.942073
3.936855 -9.605457 23.559548 -48.373924 0.916953 -0.152077 0.368876 0.150622 0.988043 0.032924 -0.369473 0.025372 0.928895
4.015292 -9.450333 8.920166 -18.169787 0.915781 -0.236652 0.324562 0.280643 0.955050 -0.095491 -0.287375 0.178535 0.941032
4.667988 -10.507134 8.480687 15.414298 0.902756 -0.163131 0.398021 0.258694 0.945162 -0.199367 -0.343671 0.282945 0.895451
-5.764483 -6.284474 32.917654 8.646918 0.853368 -0.186319 0.486875 -0.479423 -0.647285 0.592601 -0.204734 0.739126 0.641698
-6.120449 -6.359959 35.219717 7.596976 0.844379 -0.097381 0.526822 -0.430053 -0.709627 0.558107 -0.319498 0.697815 0.641073
-5.316372 -6.262848 32.727936 -1.235108 0.721608 -0.401102 0.564269 -0.656477 -0.655243 0.373758 -0.219818 0.640136 0.736142
-0.900787 -2.744775 5.473798 -17.780298 0.735631 -0.502960 -0.453737 -0.662305 -0.393515 -0.637572 -0.142121 -0.769531 0.622595
-0.776503 -2.576058 6.752644 -10.106456 0.810397 -0.455604 -0.368351 -0.575460 -0.500931 -0.646462 -0.110012 -0.735862 0.668135
-0.770524 -3.017871 -2.146805 -19.506956 0.719881 -0.527648 -0.450953 -0.675443 -0.382927 -0.630194 -0.159838 -0.758258 0.632057
-0.693631 -2.318405 7.961490 -2.161975 0.863739 -0.394213 -0.313929 -0.492841 -0.530770 -0.689486 -0.105180 -0.750253 0.652731
-0.781320 -3.305381 -2.859881 19.133109 0.666887 -0.550765 -0.501916 0.715957 0.286880 0.636479 -0.206560 -0.783810 0.585641
-0.944274 -3.052263 0.862111 22.827415 0.657727 -0.539990 -0.525172 0.729837 0.284350 0.621677 -0.186367 -0.792184 0.581129
-0.841948 -2.402312 5.539502 -13.429668 0.792974 -0.451347 -0.409242 -0.595756 -0.433812 -0.675930 -0.127545 -0.779803 0.612894
-1.901195 -81.232596 -100.403684 2975.391095 0.510148 0.860001 0.012152 0.852340 -0.503611 -0.141041 0.115176 -0.082309 0.989929
-4.277223 -76.937145 -140.846142 2827.339699 0.368664 0.926790 -0.071748 0.918253 -0.375096 -0.126943 0.144562 0.019084 0.989312
-2.651607 -53.158753 60.725952 1598.380252 -0.523272 -0.847016 0.093541 0.827864 -0.479250 0.291479 -0.202058 0.229962 0.951993
4.082874 -96.932640 57.706287 3580.298672 0.654992 0.755120 0.027932 0.755369 -0.655296 0.002367 -0.020091 -0.019549 0.999607
1.560300 -80.521372 50.055887 2979.094149 -0.637595 -0.767367 -0.067970 0.765481 -0.621150 -0.167961 0.086668 -0.159120 0.983448
-0.070381 -4.178829 9.062253 -13.023312 -0.211606 0.974958 0.068408 0.932503 0.180440 0.312857 -0.292679 -0.129993 0.947333
-0.021905 -4.127924 4.226812 7.914949 -0.181206 0.980410 0.077203 0.951317 0.154844 0.266495 -0.249320 -0.121735 0.960739
-0.107834 -4.548370 1.659302 -10.875778 -0.225037 0.971720 0.071549 0.904034 0.180843 0.387321 -0.363428 -0.151845 0.919164
-0.219972 -4.668839 -2.284743 -15.173781 -0.241791 0.967767 0.070453 0.893999 0.193956 0.403913 -0.377229 -0.160648 0.912080
-0.285287 -4.804843 3.370648 -7.566628 -0.265254 0.961701 0.069082 0.902155 0.222271 0.369746 -0.340230 -0.160399 0.926561
-0.941216 -4.404089 20.872204 14.516888 0.823848 -0.384841 -0.416140 -0.441882 0.023735 -0.896759 -0.354987 -0.922678 0.150500
-0.321206 -4.443570 27.391436 9.609263 0.856380 -0.369775 -0.360389 -0.402716 -0.041496 -0.914384 -0.323161 -0.928194 0.184451
-0.429344 -4.525386 29.976418 -5.724067 0.842857 -0.373586 -0.387330 -0.454223 -0.107925 -0.884326 -0.288570 -0.921295 0.260657
-0.598678 -4.003556 19.677995 34.605274 0.853325 -0.374286 -0.362968 -0.364665 0.069101 -0.928571 -0.372633 -0.924735 0.077523
-1.428443 -4.203321 10.832916 25.439945 0.787274 -0.416617 -0.454565 -0.447463 0.121196 -0.886052 -0.424236 -0.900967 0.091006
-1.123321 -3.733591 14.201408 35.883607 0.817743 -0.382354 -0.430234 -0.408502 0.141051 -0.901793 -0.405490 -0.913187 0.040849
-0.156514 -5.979464 1.712824 60.820973 0.458730 -0.869234 -0.184388 0.887923 0.440463 0.132610 -0.034053 -0.224555 0.973866
-0.151347 -5.152040 2.345738 33.974383 0.433770 -0.882108 -0.183652 0.899487 0.435837 0.031119 0.052592 -0.178691 0.982499
-0.235551 -5.530644 2.629271 68.228900 0.452749 -0.872580 -0.183364 0.891638 0.443062 0.093156 -0.000045 -0.205670 0.978621
-0.271178 -6.459647 4.777932 58.778188 0.464143 -0.866401 -0.184178 0.877120 0.420597 0.231859 -0.123418 -0.269162 0.955154
-0.259094 -5.718149 7.149892 68.238981 0.443205 -0.876887 -0.186112 0.896099 0.427837 0.118161 -0.023988 -0.219144 0.975398
0.229906 -16.936272 7.741798 -117.140801 0.996044 -0.042904 -0.077818 -0.088124 -0.364311 -0.927098 -0.011427 -0.930288 0.366651
0.527436 -17.880258 -11.091893 12.889018 0.996284 -0.069963 -0.050234 -0.050937 -0.008301 -0.998667 -0.069452 -0.997515 0.011834
0.481594 -18.050084 -6.474500 -79.306835 0.993349 -0.078311 -0.084416 -0.101438 -0.248241 -0.963372 -0.054487 -0.965528 0.254534
0.205496 -16.750518 -2.424846 -113.637066 0.992254 -0.071592 -0.101522 -0.124043 -0.526687 -0.840960 -0.006736 -0.847039 0.531488
0.105429 -15.253791 0.359011 -143.905551 0.991541 -0.070041 -0.109277 -0.128536 -0.646908 -0.751657 0.018045 -0.759345 0.650438
0.943184 -13.967641 33.360905 56.270488 0.970906 0.038176 0.236400 0.216519 0.281721 -0.934748 0.102283 -0.958737 -0.265258
0.958367 -11.961027 18.784209 156.873128 0.976978 0.007881 0.213193 0.170596 0.571200 -0.802887 0.128103 -0.820773 -0.556706
1.266589 -13.083009 -3.949358 64.038153 0.977476 -0.026819 0.209336 0.204979 0.356778 -0.911424 0.050243 -0.933804 -0.354239
-0.155867 -4.471290 16.373843 15.909007 -0.325821 0.937640 0.121129 0.787084 0.339994 -0.514687 0.523774 0.072357 0.848779
-0.390974 -4.129754 -0.172065 8.615495 -0.303193 0.943616 0.132903 0.831418 0.330095 -0.446968 0.465637 0.025020 0.884622
-0.527599 -4.523154 -1.026637 -8.687232 -0.325431 0.935492 0.137656 0.783257 0.348254 -0.515003 0.529720 0.059778 0.846063
-0.348964 -4.459693 21.607297 -18.221419 -0.327482 0.939153 0.103667 0.760556 0.327114 -0.560848 0.560633 0.104824 0.821403
2.241165 -2.106209 8.970690 49.239015 0.649094 -0.403196 -0.645065 -0.476968 0.444875 -0.758016 -0.592603 -0.799699 -0.096454
1.868732 -1.830799 -33.700853 44.892728 0.616637 -0.481687 -0.622685 -0.457175 0.424817 -0.781359 -0.640897 -0.766491 -0.041742
2.254987 -3.030457 -19.519001 30.084717 0.672395 -0.480101 -0.563372 -0.452519 0.335687 -0.826160 -0.585757 -0.810443 -0.008459
1.445152 -2.681582 -49.676777 29.306991 0.635928 -0.555281 -0.535965 -0.429203 0.322707 -0.843591 -0.641389 -0.766501 0.033110
-2.697844 -5.206861 -24.895325 57.735703 0.570124 -0.577618 -0.584223 0.818945 0.342888 0.460170 -0.065479 -0.740801 0.668526
-1.970061 -5.820090 -44.854634 47.903785 0.431718 -0.667053 -0.607173 0.891751 0.214408 0.398508 -0.135643 -0.713491 0.687409
-2.751203 -6.258193 -58.133304 24.821079 0.383517 -0.666093 -0.639714 0.890755 0.083886 0.446675 -0.243865 -0.741136 0.625497
0.088885 -7.629024 17.349317 92.420652 0.992738 -0.074341 0.094578 0.117924 0.756821 -0.642896 0.023785 -0.649381 -0.760092
0.252224 -10.462083 24.201033 176.377900 0.997698 -0.037634 0.056409 0.067160 0.663373 -0.745269 0.009373 -0.747342 -0.664373
0.006970 -8.841006 18.892921 180.798854 0.997823 -0.032189 0.057562 0.063945 0.685779 -0.724995 0.016138 -0.727098 -0.686344
0.515223 -9.088956 1.255042 36.350610 -0.365415 0.930347 -0.030438 -0.813484 -0.335067 -0.475368 0.452456 0.148946 -0.879260
0.883029 -9.454487 0.057330 33.995597 -0.322149 0.946687 -0.001781 -0.753936 -0.257694 -0.604296 0.572539 0.193331 -0.796758
0.751195 -10.182047 1.439856 38.297877 -0.402961 0.914584 -0.034053 -0.741533 -0.348071 -0.573564 0.536425 0.205872 -0.818453
0.778419 -11.123015 -1.391791 49.599042 -0.496291 0.864783 -0.076460 -0.695711 -0.448847 -0.560823 0.519309 0.225137 -0.824397
0.266209 -10.018475 5.077152 57.035537 -0.476832 0.876517 -0.065945 -0.784566 -0.458235 -0.417705 0.396344 0.147436 -0.906187
0.154323 -9.320696 5.566351 48.078960 -0.429003 0.901715 -0.053543 -0.826094 -0.415623 -0.380560 0.365410 0.119030 -0.923205
1.628605 -11.114429 1.581006 -6.759087 -0.440015 0.897575 -0.027302 -0.579909 -0.307238 -0.754526 0.685632 0.316170 -0.655702
-2.029654 -17.607717 -53.361529 211.344772 -0.457834 0.783481 -0.420172 0.856710 0.515092 0.026974 0.237561 -0.347616 -0.907044
-2.284554 -15.271911 -61.970962 -145.284364 -0.416817 0.797437 -0.436300 -0.784727 -0.557923 -0.270048 0.458768 -0.229816 -0.858322
-1.062211 -16.688145 -31.411777 -121.676958 -0.389173 0.800930 -0.455033 -0.840004 -0.511304 -0.181551 0.378070 -0.311575 -0.871771
-0.764166 -17.827654 -20.481349 63.099697 -0.426414 0.793066 -0.434990 0.902276 0.406848 -0.142730 0.063780 -0.453344 -0.889051
-0.638111 -16.357107 -2.446648 -151.402416 -0.365855 0.822765 -0.434979 -0.806564 -0.513492 -0.292883 0.464332 -0.243686 -0.851477
-0.319379 -17.999119 -3.140518 122.178387 -0.383489 0.808851 -0.445753 0.907298 0.420092 -0.018277 0.172474 -0.411440 -0.894969
-3.346697 -15.291579 -104.185026 -38.834958 0.879945 -0.475055 0.004462 0.263021 0.494972 0.828144 0.395623 0.727548 -0.560497
-5.777942 -15.402672 -122.756325 -83.226017 0.863469 -0.490875 0.116027 0.236475 0.597142 0.766486 0.445534 0.634400 -0.631693
-4.407547 -15.170281 -109.375683 -90.944260 0.875669 -0.482313 0.024035 0.355122 0.676876 0.644769 0.327249 0.556069 -0.763999
-3.178004 -9.952230 18.483115 -2.660612 0.948659 -0.308439 -0.070088 -0.316251 -0.928920 -0.192597 0.005701 -0.204874 0.978772
-3.154123 -9.490409 13.707464 33.343783 0.938757 -0.339836 -0.056980 0.340054 0.940386 -0.006118 0.055662 -0.013633 0.998357
-3.358151 -9.653403 -2.049045 -13.111698 0.939891 -0.341018 0.017669 -0.337304 -0.935228 -0.107586 -0.053213 -0.095160 0.994039
0.258784 -19.271190 11.205547 37.295707 -0.241507 0.901296 -0.359639 0.726617 -0.077687 -0.682636 0.643196 0.426182 0.636135
0.212260 -18.591503 5.188361 -44.460366 -0.230879 0.894582 -0.382645 0.551540 -0.203654 -0.808906 0.801560 0.397804 0.446379
0.124020 -18.629509 -2.325093 -25.813114 -0.212480 0.896655 -0.388409 0.483613 -0.248897 -0.839148 0.849100 0.366141 0.380749
-40.848770 -533.569627 1199.228190 -1918.079460 0.010609 0.948281 -0.317255 0.026241 -0.317428 -0.947919 0.999599 -0.001732 0.028252
-20.664551 -368.307922 -662.210947 -4213.691027 0.068666 -0.966744 0.246357 0.972739 0.010051 -0.231685 0.221503 0.255550 0.941079
-37.551273 -1649.526757 2818.813024 -329647.810002 0.231744 -0.929141 0.288083 0.970274 0.199549 -0.136926 0.069737 0.311251 0.947765
-70.875987 -208.844564 2169.318914 -6242.181736 0.018291 0.954277 -0.298362 0.494406 -0.268007 -0.826883 0.869039 0.132388 0.476702
-93.708780 -273.809586 2775.058343 -9124.088979 0.042396 0.913828 -0.403882 -0.629893 -0.289336 -0.720777 0.775524 -0.284960 -0.563347
-47.186112 -578.454175 1805.587500 -32676.206816 0.136459 0.937123 -0.321214 0.973766 -0.067285 0.217378 0.182097 -0.342451 -0.921720
0.512628 -2.887683 -41.962642 -22.660898 0.736487 -0.478593 -0.478054 0.367644 -0.310028 0.876767 0.567825 0.821481 0.052379
0.034962 -2.146543 -32.248078 -55.679831 0.765863 -0.508633 -0.393379 0.341352 -0.196845 0.919092 0.544915 0.838179 -0.022867
0.406455 -1.763055 -38.471881 -53.617730 0.716170 -0.480104 -0.506558 0.440609 -0.251865 0.861643 0.541263 0.840276 -0.031160
0.107342 -0.403983 9.248698 -49.134150 -0.486856 0.386093 0.783520 0.699828 -0.364359 0.614397 0.522696 0.847452 -0.092808
-0.048839 -9.783403 -25.204629 -81.531212 0.717511 0.018205 0.696309 -0.398380 -0.809293 0.431669 -0.571377 0.587122 0.573425
-0.715341 -9.584675 -14.658261 -84.578671 0.698093 -0.053860 0.713979 -0.443453 -0.815421 0.372074 -0.562153 0.576358 0.593124
-0.706527 -8.074094 -23.275551 -108.433679 0.716867 0.011240 0.697119 -0.510442 -0.672625 0.535747 -0.474921 0.739898 0.476445
-0.693618 -2.219843 34.839749 -19.333677 -0.671093 0.728862 0.135628 0.646762 0.664996 -0.373469 0.362400 0.162913 0.917674
-0.094820 -2.305061 -12.061634 -7.207948 0.728900 -0.658175 -0.188445 0.568697 0.735340 -0.368591 0.381168 0.161498 0.910291
-0.161217 -2.188759 10.789581 -12.173657 -0.690537 0.702007 0.174197 0.628466 0.701556 -0.335931 0.358035 0.122495 0.925638
-0.230505 -2.479261 -13.582531 -3.405178 0.744109 -0.639534 -0.193129 0.528124 0.740170 -0.416213 0.409130 0.207712 0.888520
-0.560495 -2.018349 20.108889 -20.963316 -0.590480 0.798532 0.116957 0.731540 0.590787 -0.340323 0.340856 0.115395 0.933007
-1.174441 -2.373876 13.608411 -40.269858 -0.408127 0.912407 0.030774 0.844054 0.389967 -0.368102 0.347859 0.124258 0.929276
-1.524459 -2.578035 26.841650 -27.749385 -0.402993 0.915067 -0.015775 0.822142 0.354389 -0.445523 0.402094 0.192512 0.895131
-1.131227 -2.627454 46.190317 -5.478843 -0.646292 0.757156 0.094981 0.647252 0.609850 -0.457326 0.404191 0.234090 0.884212
-0.145461 -7.533563 -2.194109 2.247489 -0.523482 0.842450 0.127452 0.218963 -0.011547 0.975665 -0.823421 -0.538650 0.178421
-0.180825 -7.908415 -6.422263 -9.098722 -0.527003 0.838676 0.137442 0.383034 0.090029 0.919337 -0.758652 -0.537138 0.368687
-0.159771 -7.438072 -3.990697 6.522517 -0.526916 0.840188 0.128234 0.289053 0.035266 0.956663 -0.799254 -0.541148 0.261441
-0.125447 -7.661310 2.510889 1.888669 -0.515662 0.847474 0.126017 0.146893 -0.057456 0.987482 -0.844106 -0.527718 0.094860
-0.192367 -7.973478 2.397282 19.654902 -0.518505 0.845968 0.124465 0.046250 -0.117600 0.991983 -0.853823 -0.520105 -0.021850
-0.159262 -7.619881 0.823060 9.610693 -0.519317 0.845725 0.122713 0.095819 -0.085064 0.991757 -0.849193 -0.526795 0.036861
-0.265459 -8.505727 10.987307 24.597269 0.983267 -0.130189 -0.127423 -0.174823 -0.871003 -0.459120 0.051213 -0.473714 0.879188
-0.364001 -9.571853 8.260055 83.011135 0.977631 -0.159368 -0.137255 -0.193195 -0.938402 -0.286491 0.083143 -0.306599 0.948200
-0.389306 -8.632442 0.998137 61.234302 0.981844 -0.144368 -0.123044 -0.180258 -0.912094 -0.368229 0.059067 -0.383723 0.921557
-0.358571 -8.072790 4.897664 25.698473 0.987126 -0.114677 -0.111498 -0.156160 -0.841749 -0.516790 0.034589 -0.527548 0.848821
5.762393 -4.357388 -34.901031 58.103984 0.796131 -0.595194 -0.109175 -0.038193 0.130633 -0.990695 -0.603917 -0.792893 -0.081269
6.167764 -5.359204 52.896921 -8.154990 0.887564 -0.424564 -0.178814 -0.095954 0.209264 -0.973140 -0.450580 -0.880882 -0.144997
6.022907 -3.890483 -101.044206 -53.772044 0.698523 -0.654717 -0.288810 -0.178536 0.231380 -0.956341 -0.692958 -0.719589 -0.044734
4.652797 -3.017799 129.084440 -15.703918 -0.627713 0.757875 0.177769 0.099692 -0.148220 0.983917 -0.772035 -0.635339 -0.017486
-0.066922 -13.024671 6.454626 -75.568358 0.976299 -0.121930 -0.178809 -0.197009 -0.842705 -0.501035 0.089592 -0.524387 0.846754
0.198711 -13.366199 16.608012 -37.754380 0.972725 -0.127048 -0.194074 -0.204564 -0.864296 -0.459506 0.109358 -0.486673 0.866712
-0.038626 -12.256984 14.505493 2.615678 0.971936 -0.131110 -0.195320 -0.186127 -0.936355 -0.297653 0.143863 -0.325654 0.934480
0.134193 -15.319426 0.151526 -170.560605 0.975868 -0.131931 -0.174000 -0.213328 -0.746133 -0.630696 0.046619 -0.652595 0.756272
-0.050996 -15.281230 -0.511776 -145.743539 0.978875 -0.117406 -0.167388 -0.201005 -0.702429 -0.682781 0.037415 -0.702004 0.711190
-3.006587 -6.101672 -2.962800 24.607549 0.354745 0.493731 0.793968 0.724995 0.390953 -0.567043 -0.590371 0.776779 -0.219264
-3.480224 -5.769766 -25.534075 10.194473 0.412508 0.485866 0.770566 0.766117 0.272615 -0.582019 -0.492851 0.830431 -0.259774
-2.898545 -5.917808 -7.887561 12.270269 0.356255 0.546486 0.757915 0.779562 0.273351 -0.563526 -0.515136 0.791601 -0.328637
-2.821822 -5.703725 -8.377483 3.632299 0.393761 0.581576 0.711844 0.819329 0.129012 -0.558620 -0.416716 0.803197 -0.425702
-2.907773 -5.786746 -9.458517 9.237973 0.375547 0.623184 0.686007 0.796830 0.160904 -0.582384 -0.473314 0.765344 -0.436145
-3.038798 -6.242347 9.703661 22.787475 0.323618 0.601018 0.730786 0.766144 0.286783 -0.575133 -0.555242 0.746011 -0.367659
-2.918077 -6.512446 2.883696 24.856966 0.301476 0.535683 0.788769 0.699889 0.437466 -0.564605 -0.647509 0.722265 -0.243033
-4.383551 -17.705684 -110.043567 717.891157 -0.621921 0.740428 -0.254914 -0.562209 -0.648785 -0.512834 0.545101 0.175628 -0.819768
-1.681476 -4.497714 -42.931309 -327.544767 -0.731282 0.478049 -0.486514 0.211765 0.837164 0.504293 0.648369 0.265754 -0.713437
-0.144033 -3.830452 -37.166434 -261.830293 -0.777644 0.513993 -0.362051 0.280423 0.798980 0.531972 0.562701 0.312157 -0.765457
1.545923 -3.292623 44.219402 -5.558002 0.831151 -0.494909 0.253483 0.232762 -0.104338 -0.966921 -0.504986 -0.862658 -0.028475
2.168862 -3.192380 17.419718 -4.575769 0.816880 -0.539976 0.202810 0.213016 -0.044339 -0.976042 -0.536032 -0.840511 -0.078804
1.920482 -2.152814 21.509105 -48.797449 0.803019 -0.522044 0.287456 0.223851 -0.182805 -0.957326 -0.552315 -0.833098 0.029935
1.181919 -2.507683 47.646510 -61.978701 0.811176 -0.466418 0.352772 0.260858 -0.251308 -0.932093 -0.523399 -0.848115 0.082186
18.182491 -10.545067 755.680856 -171.520062 -0.229178 -0.354119 0.906685 0.098220 0.918309 0.383486 -0.968416 0.176941 -0.175675
22.188242 -8.270172 814.027282 -106.785109 -0.324491 -0.291949 0.899706 0.040380 0.946033 0.321545 -0.945027 0.140669 -0.295190
23.266149 -10.344692 655.239483 -149.458322 -0.516863 -0.273475 0.811212 0.103949 0.920541 0.376563 -0.849734 0.278956 -0.447365
17.835761 -12.033252 677.728650 -162.928943 -0.381711 -0.394475 0.835874 0.225910 0.837103 0.498220 -0.896249 0.379008 -0.230416
-1.309329 -7.496527 5.189380 -51.479581 -0.468674 0.799899 0.374843 -0.562524 -0.597422 0.571536 -0.681111 -0.057006 -0.729958
-1.239489 -7.857362 2.971876 -51.147296 -0.469352 0.801794 0.369912 -0.479385 -0.583182 0.655812 -0.741552 -0.130476 -0.658086
-1.043649 -7.242443 24.596744 -50.976106 -0.424124 0.818856 0.386774 -0.598622 -0.573973 0.558754 -0.679537 -0.005449 -0.733621
-1.011546 -8.010244 31.007185 -95.957933 -0.413537 0.812519 0.410853 -0.544650 -0.582364 0.603497 -0.729618 -0.025797 -0.683368
-0.824924 -7.193144 32.489218 -68.400558 -0.401323 0.829166 0.389131 -0.599245 -0.558993 0.573091 -0.692709 0.003190 -0.721210
-0.466297 -6.240869 19.376893 -24.203591 -0.378188 0.854870 0.355205 -0.649539 -0.518441 0.556163 -0.659600 0.020385 -0.751340
1.416993 -8.304546 -16.666865 40.753437 -0.240070 0.902153 0.358449 -0.655826 0.121515 -0.745068 0.715723 0.413949 -0.562483
1.012161 -7.847957 -16.116250 30.618470 -0.240657 0.910069 0.337428 -0.725780 0.062099 -0.685119 0.644460 0.409777 -0.645565
1.082803 -8.237392 -23.566915 36.582165 -0.189107 0.911413 0.365464 -0.612100 0.181613 -0.769643 0.767836 0.369246 -0.523532
1.472996 -8.294163 -21.351490 22.401798 -0.279327 0.901244 0.331263 -0.721464 0.030662 -0.691773 0.633614 0.432225 -0.641651
1.968134 -8.523810 -28.904083 17.016533 -0.224988 0.901733 0.369133 -0.502997 0.216973 -0.836610 0.834490 0.373900 -0.404753
2.201030 -8.754103 -33.516155 41.700029 -0.276832 0.895028 0.349700 -0.622495 0.110198 -0.774827 0.732028 0.432183 -0.526643
-1.585350 -9.216931 1.654546 -37.563287 0.929088 -0.352739 0.111226 -0.359693 -0.791701 0.493792 0.086122 0.498783 0.862437
-1.595744 -8.465985 3.755039 -26.497497 0.927385 -0.349402 0.133697 -0.357132 -0.720405 0.594537 0.111416 0.599112 0.792875
-1.653658 -9.180975 -6.311094 -31.794313 0.938717 -0.304684 0.161178 -0.344559 -0.816582 0.463113 0.009488 0.490267 0.871521
-1.724774 -8.719011 25.141367 -28.378548 0.922067 -0.379237 0.077278 -0.336599 -0.687215 0.643767 0.191034 0.619608 0.761309
-1.626261 -9.821356 -6.423654 -35.862672 0.937288 -0.323999 0.128515 -0.348439 -0.880525 0.321351 -0.009043 0.345978 0.938199
-1.734227 -9.662569 9.472162 -38.644490 0.933984 -0.349770 0.073039 -0.350765 -0.858543 0.373988 0.068103 0.374919 0.924553
-1.738853 -9.662865 0.278450 -57.500292 0.931127 -0.359409 0.061870 -0.337467 -0.784799 0.519814 0.138271 0.504892 0.852036
-0.049505 -9.787086 -33.990688 61.358236 0.939760 -0.255148 0.227488 -0.019120 -0.703682 -0.710257 -0.341300 -0.663122 0.666171
0.314835 -10.509746 -36.748336 56.219514 0.942165 -0.239361 0.234587 -0.067071 -0.820449 -0.567772 -0.328369 -0.519201 0.789052
0.698678 -9.458954 -37.648867 63.745800 0.943590 -0.231901 0.236349 0.006583 -0.700513 -0.713610 -0.331052 -0.674910 0.659470
0.534157 -8.241916 -34.077839 61.636790 0.940613 -0.230725 0.249025 0.069476 -0.587190 -0.806462 -0.332296 -0.775870 0.536288
-0.444372 -9.019319 -29.015569 46.739046 0.942495 -0.249183 0.222736 0.023300 -0.615826 -0.787538 -0.333408 -0.747440 0.574607
-0.830662 -10.131568 -18.352844 38.653793 0.948382 -0.254941 0.188619 -0.055821 -0.719679 -0.692060 -0.312179 -0.645808 0.696761
2.653462 -5.276522 -127.825378 6.526154 0.501803 -0.733718 -0.458096 0.827445 0.252859 0.501395 -0.252049 -0.630651 0.733997
8.414639 -5.580271 -325.044068 -12.916604 0.438393 -0.730615 -0.523463 0.846022 0.138836 0.514754 -0.303412 -0.668525 0.678981
2.147659 -5.117433 -117.051822 -12.249658 0.481175 -0.734908 -0.477893 0.794619 0.135431 0.591810 -0.370204 -0.664507 0.649138
0.324692 -5.194984 -25.825817 -4.939059 0.509752 -0.721483 -0.468632 0.809646 0.218119 0.544883 -0.290907 -0.657181 0.695332
0.220766 -4.957945 -22.378278 -11.225651 0.503593 -0.719649 -0.478015 0.782527 0.145480 0.605381 -0.366121 -0.678926 0.636408
8.855906 -5.280852 8.661258 21.676984 0.800085 -0.397524 -0.449265 -0.130707 0.615403 -0.777300 -0.585474 -0.680628 -0.440416
10.918087 -4.913709 25.514753 52.424766 -0.764292 0.351393 0.540723 -0.112148 0.753295 -0.648051 -0.635044 -0.555941 -0.536329
8.915974 -4.386441 235.818510 55.191221 -0.553546 0.550672 0.624778 -0.119888 0.689693 -0.714108 -0.824144 -0.470195 -0.315758
7.288078 -4.268912 166.387538 -11.039364 -0.601285 0.612047 0.513669 0.171473 -0.529045 0.831089 -0.780419 -0.587801 -0.213157
6.851720 -5.132497 -9.688742 -49.098561 0.808546 -0.481078 -0.338848 -0.164077 0.368688 -0.914958 -0.565095 -0.795383 -0.219167
0.055827 -6.427197 20.926342 -59.984196 -0.329645 0.883147 0.333744 -0.576115 -0.468225 0.669968 -0.747948 -0.028577 -0.663142
0.244686 -6.397512 12.603593 -75.725491 -0.351047 0.873217 0.338021 -0.580989 -0.486231 0.652711 -0.734314 -0.032745 -0.678019
0.041003 -6.557627 14.339349 -52.992605 -0.353241 0.866435 0.352862 -0.468619 -0.490320 0.734835 -0.809702 -0.094216 -0.579229
-0.226287 -6.453539 12.316807 -25.246663 -0.336027 0.876764 0.344052 -0.408809 -0.464861 0.785354 -0.848505 -0.123249 -0.514634
-0.278206 -7.204244 0.713683 15.417554 -0.381689 0.846643 0.370822 -0.268247 -0.485397 0.832126 -0.884509 -0.218142 -0.412380
-0.622245 -12.779070 10.136020 69.365125 -0.607167 -0.776788 0.167178 0.772234 -0.527345 0.354347 -0.187092 0.344249 0.920049
-0.220665 -12.705037 26.769247 77.954980 -0.614808 -0.778780 0.124555 0.773959 -0.565395 0.285160 -0.151654 0.271719 0.950353
-0.798366 -11.832243 7.439813 30.810806 -0.651073 -0.744018 0.150141 0.758900 -0.634656 0.145885 -0.013253 0.208924 0.977842
-0.155380 -14.238034 29.065568 100.591715 -0.577675 -0.804578 0.137642 0.752849 -0.459999 0.470764 -0.315451 0.375572 0.871456
-0.805530 -13.786555 15.397346 80.388197 -0.579129 -0.794448 0.182926 0.728899 -0.404097 0.552641 -0.365125 0.453385 0.813097
-0.577375 -11.458810 -23.272658 20.266201 0.595123 -0.405171 -0.694021 0.557972 -0.413189 0.719681 0.578356 0.815544 0.019825
-1.060174 -11.817444 -37.372267 -31.918926 0.603439 -0.445962 -0.661044 0.452724 -0.490826 0.744399 0.656431 0.748470 0.094286
-1.389783 -11.866229 41.957723 30.851284 -0.590999 0.428200 0.683642 0.598526 -0.335415 0.727505 0.540821 0.839132 -0.058059
-0.401415 -11.838014 -22.417000 -59.848355 0.601641 -0.416002 -0.681887 0.438840 -0.541151 0.717339 0.667418 0.730820 0.143020
-0.780569 -12.175080 24.945351 80.546845 -0.581611 0.404530 0.705751 0.675934 -0.242374 0.695965 0.452594 0.881822 -0.132468
-0.303061 -12.094290 10.095160 42.817791 -0.579901 0.400713 0.709327 0.631056 -0.329720 0.702177 0.515250 0.854818 -0.061668
-0.176800 -12.176189 -10.231646 -37.929500 0.585036 -0.401317 -0.704754 0.496057 -0.510404 0.702436 0.641608 0.760548 0.099529
-1.558263 -5.922151 2.076115 71.217498 -0.350244 -0.090999 0.932228 0.859727 0.363780 0.358515 -0.371750 0.927029 -0.049177
-1.516384 -4.959985 5.592920 21.189289 -0.428098 -0.136726 0.893330 0.853363 0.264239 0.449388 -0.297496 0.954717 0.003556
-1.617947 -4.830995 -10.683966 25.307799 -0.424147 -0.075928 0.902405 0.853594 0.299286 0.426387 -0.302452 0.951138 -0.062129
-1.458919 -6.197138 -9.417876 74.637954 -0.311167 -0.012078 0.950278 0.863004 0.415159 0.287866 -0.397994 0.909669 -0.118760
-1.343073 -8.688250 3.773022 141.313573 -0.247446 -0.048567 0.967684 0.838570 0.489569 0.239001 -0.485356 0.870611 -0.080415
0.148975 -34.324602 -29.758677 224.971758 0.719090 0.625560 -0.302629 -0.684926 0.564433 -0.460751 0.117414 -0.538600 -0.834341
0.093857 -33.946400 -9.618013 467.623681 0.737693 0.618825 -0.269933 -0.596653 0.410464 -0.689583 0.315933 -0.669757 -0.672021
0.614159 -32.603781 -43.809725 99.838898 0.751694 0.593315 -0.287981 -0.548873 0.320710 -0.771935 0.365642 -0.738324 -0.566731
1.351270 -40.858287 -37.711821 -658.307984 0.741004 0.608721 -0.283499 -0.431233 0.107753 -0.895783 0.514734 -0.786033 -0.342347
0.477639 -45.133023 -22.180646 400.383028 0.712334 0.643841 -0.279371 -0.668080 0.500065 -0.551003 0.215055 -0.579140 -0.786351
2.937372 -2.172164 -175.935391 -211.072189 -0.444612 -0.835630 -0.322556 0.822191 -0.237845 -0.517138 0.355417 -0.495128 0.792797
1.348813 -63.835187 -40.080449 -3336.961963 0.791106 0.611651 -0.005929 0.489401 -0.638744 -0.593711 0.366931 -0.466786 0.804657
-0.358185 -27.070261 -164.177763 -1290.844853 0.813719 0.580566 0.028369 0.471734 -0.631089 -0.615787 0.339602 -0.514460 0.787402
1.177155 -4.904037 -11.127447 -9.097158 0.325655 -0.814739 -0.479739 0.939435 0.221500 0.261531 -0.106817 -0.535853 0.837527
1.130930 -5.163942 -2.027480 -16.444141 0.323221 -0.805389 -0.496867 0.945883 0.258944 0.195583 -0.028860 -0.533194 0.845500
1.202695 -4.985917 -5.654391 -14.476843 0.340397 -0.792299 -0.506352 0.935264 0.229734 0.269266 -0.097013 -0.565230 0.819209
1.143596 -4.767182 -13.903265 -10.585220 0.336254 -0.810120 -0.480249 0.917062 0.165615 0.362724 -0.214313 -0.562385 0.798619
-0.308194 -8.333877 -18.420570 -30.843920 0.992983 -0.113428 -0.033441 0.117763 0.974267 0.192186 -0.010781 0.194776 -0.980789
-0.410840 -8.265138 -15.724412 5.970488 0.992619 -0.117763 -0.028973 0.119894 0.988851 0.088314 -0.018250 0.091136 -0.995671
-0.061250 -8.134077 -15.331614 7.733104 0.993844 -0.104759 -0.036040 0.107854 0.989257 0.098680 -0.025316 0.101960 -0.994466
0.926612 -26.948330 -28.408869 209.218393 -0.216277 -0.889124 -0.403340 0.960558 -0.119817 -0.250941 0.174791 -0.441704 0.879969
0.772617 -31.952656 7.724258 -103.062730 -0.166621 -0.887349 -0.429942 0.965397 -0.235526 0.111964 -0.200613 -0.396409 0.895887
-1.130561 -71.538527 -57.264347 2655.052097 -0.159225 -0.900418 -0.404840 0.984345 -0.113400 -0.134928 0.075583 -0.419986 0.904378
-2.590055 -34.284767 -73.900638 324.427794 -0.291216 -0.888826 -0.353811 0.921821 -0.161818 -0.352224 0.255813 -0.428723 0.866462
-1.018712 -34.702093 67.557297 899.998932 0.271265 0.895379 0.353145 0.786647 0.005177 -0.617382 0.554619 -0.445274 0.702943
0.510452 -43.000295 16.871292 1444.522086 0.183749 0.881666 0.434627 0.850683 0.078911 -0.519723 0.492519 -0.465228 0.735519
-5.088666 -7.206190 50.832065 40.142823 -0.502151 0.789360 0.353208 0.032436 -0.390957 0.919837 -0.864172 -0.473354 -0.170716
-6.386183 -8.278118 -6.021827 93.504922 -0.476741 0.824139 -0.305800 -0.341235 0.147091 0.928398 -0.810109 -0.546955 -0.211101
-4.049575 -6.386681 7.029855 34.593385 -0.401853 0.692834 0.598745 0.230270 -0.556394 0.798374 -0.886279 -0.458702 -0.064050
-4.158045 -5.897018 -1.881883 -6.285325 0.786939 -0.539954 0.298624 -0.597190 -0.544753 0.588734 0.155213 0.641633 0.751143
-4.156127 -6.112863 -5.122712 -7.395424 0.796314 -0.542306 0.267933 -0.598480 -0.642092 0.479103 0.087783 0.541869 0.835866
-4.125401 -5.952069 8.142468 -9.192562 0.771799 -0.598720 0.214153 -0.602057 -0.579713 0.549054 0.204582 0.552691 0.807885
-4.101541 -5.785282 6.830679 -11.511487 0.754594 -0.619237 0.217102 -0.586096 -0.487246 0.647366 0.295091 0.615741 0.730606
-4.108145 -5.755901 0.821976 -7.478713 0.789636 -0.550195 0.271590 -0.553719 -0.448304 0.701725 0.264330 0.704492 0.658651
-4.309678 -5.851804 7.301962 -9.459700 0.798500 -0.493706 0.344460 -0.579753 -0.476565 0.660888 0.162127 0.727421 0.666764
-0.677837 -2.907211 -8.526881 -22.056126 0.752524 -0.518396 -0.406169 -0.642319 -0.441597 -0.626433 -0.145378 -0.732296 0.665288
-0.553199 -2.559815 6.892413 3.774576 0.875561 -0.391501 -0.283056 -0.476076 -0.599607 -0.643291 -0.082127 -0.697996 0.711376
-0.633313 -2.668553 -3.786710 -11.822131 0.810934 -0.467576 -0.351794 -0.574499 -0.522099 -0.630368 -0.111074 -0.713292 0.692010
-0.501866 -2.420597 9.053773 6.439811 0.902014 -0.349111 -0.253954 -0.423401 -0.600559 -0.678278 -0.084280 -0.719340 0.689526
0.165237 -95.162800 -244.459604 4327.199259 0.080793 0.989184 -0.122427 0.974319 -0.104279 -0.199571 0.210179 0.103159 0.972205
-3.549490 -45.588893 -89.062001 1298.983138 0.260097 0.961360 -0.090207 0.936952 -0.228700 0.264228 -0.233388 0.153245 0.960232
0.108290 -4.158242 -0.688942 -18.449247 0.174544 -0.980424 -0.091124 0.984642 0.173442 0.019940 -0.003744 -0.093205 0.995640
0.106685 -4.373233 -6.573944 -9.065614 0.181717 -0.980256 -0.077955 0.981452 0.175871 0.076303 -0.061086 -0.090374 0.994033
-0.007906 -4.399678 -8.785658 6.953406 0.185059 -0.979226 -0.082878 0.981651 0.180253 0.062210 -0.045978 -0.092870 0.994616
-0.081091 -4.174733 -7.999059 -14.803621 0.169862 -0.981580 -0.087453 0.985212 0.171169 -0.007611 0.022440 -0.084867 0.996140
-0.194747 -4.225536 -9.314423 33.587299 0.188552 -0.978219 -0.086809 0.978764 0.179944 0.098191 -0.080431 -0.103480 0.991374
-0.308193 -4.424375 -10.877706 -0.933299 0.186026 -0.978966 -0.083791 0.982241 0.183171 0.040625 -0.024422 -0.089860 0.995655
0.537301 -4.515278 36.994275 -11.766478 0.876617 -0.363282 -0.315545 -0.392405 -0.160172 -0.905739 -0.278497 -0.917808 0.282964
0.200386 -4.259520 33.517804 18.425449 0.883181 -0.363343 -0.296602 -0.326786 -0.023054 -0.944817 -0.336455 -0.931370 0.139097
0.046623 -5.521124 5.674619 23.035256 0.418791 -0.888810 -0.186092 0.906290 0.421965 0.024175 0.057037 -0.178777 0.982235
-0.036893 -5.137465 5.277499 -19.861940 0.382003 -0.906742 -0.178586 0.915637 0.397532 -0.059817 0.125232 -0.140670 0.982104
0.527137 -17.499677 -27.996810 164.066002 0.994940 -0.093204 -0.037516 -0.005916 0.318407 -0.947936 -0.100297 -0.943361 -0.316244
0.704461 -18.513610 -16.467177 46.836968 0.993719 -0.093992 -0.060736 -0.051666 0.096098 -0.994030 -0.099267 -0.990924 -0.090639
0.868246 -12.737564 11.397329 90.243434 0.980883 -0.067351 0.182572 0.194541 0.362376 -0.911503 0.004769 -0.929595 -0.368551
0.633382 -13.148072 6.179937 14.538698 0.980941 -0.074038 0.179646 0.188598 0.140364 -0.971972 -0.046747 -0.987328 -0.151652
0.935532 -13.157887 -27.835329 61.281455 0.977148 -0.090266 0.192444 0.210861 0.297309 -0.931206 -0.026841 -0.950505 -0.309549
1.142788 -11.714470 -5.165838 124.853415 0.980753 -0.071995 0.181493 0.191711 0.531267 -0.825228 0.037009 -0.844140 -0.534844
2.099878 -0.689686 -25.999707 61.063138 0.555438 -0.384588 -0.737279 -0.515412 0.536555 -0.668176 -0.652564 -0.751133 -0.099802
1.161497 -1.552740 -54.569086 45.503361 0.598843 -0.528882 -0.601391 -0.433885 0.416920 -0.798700 -0.673150 -0.739230 -0.020196
1.286849 -0.534102 -43.674689 51.408535 0.540356 -0.451716 -0.709907 -0.491086 0.515789 -0.701995 -0.683264 -0.727952 -0.056878
-0.945996 -2.833300 16.472193 8.609115 0.748938 -0.557009 -0.358932 -0.632849 -0.761837 -0.138227 0.196454 -0.330673 0.923072
-0.925736 -2.503390 -7.282603 -4.518705 0.892085 -0.353523 -0.281435 -0.426425 -0.864676 -0.265514 0.149485 -0.356872 0.922115
-0.719404 -2.677285 15.712653 2.548759 0.854363 -0.403143 -0.327933 -0.495926 -0.821077 -0.282649 0.155310 -0.404115 0.901427
-0.393087 -2.548005 -23.121083 0.811639 0.947302 -0.230558 -0.222398 -0.299872 -0.882421 -0.362505 0.112670 -0.410093 0.905057
-0.471002 -2.924292 26.190419 7.781693 0.769082 -0.512871 -0.381412 -0.610451 -0.766232 -0.200593 0.189372 -0.387106 0.902379
-0.338510 -2.839622 20.847419 1.949465 0.839575 -0.417909 -0.347083 -0.523280 -0.793751 -0.310061 0.145921 -0.441941 0.885096
-0.326954 -2.656459 -2.333386 1.078857 0.920913 -0.284880 -0.266011 -0.373231 -0.841221 -0.391211 0.112326 -0.459556 0.881017
0.388177 -10.116411 13.572680 104.664636 0.992425 -0.083174 0.090419 0.122210 0.743697 -0.657252 0.012578 -0.663323 -0.748227
0.573117 -11.769407 20.363133 179.501492 0.997689 -0.042900 0.052692 0.067946 0.635369 -0.769213 0.000479 -0.771016 -0.636816
0.424797 -13.990021 21.440307 204.296968 0.999599 -0.013008 0.025158 0.028319 0.471809 -0.881246 0.000406 -0.881605 -0.471988
-4.176314 -15.592980 -86.550210 -119.290573 -0.512180 0.761402 -0.397415 -0.756318 -0.619104 -0.211408 0.407008 -0.192293 -0.892955
-2.574977 -5.586818 -8.690499 -66.133634 0.922519 -0.348621 0.165594 -0.365421 -0.650895 0.665434 0.124200 0.674388 0.727857
-2.837578 -5.542881 -12.415433 -55.930011 0.950906 -0.304815 0.053530 -0.254743 -0.672706 0.694674 0.175738 0.674206 0.717330
-2.242899 -4.550914 -26.726736 -48.862434 0.862700 -0.429441 0.267074 -0.477170 -0.516312 0.711148 0.167502 0.740947 0.650338
-2.949271 -6.581553 -2.463455 -52.976408 0.946007 -0.316461 0.070160 -0.296556 -0.757590 0.581474 0.130861 0.570885 0.810534
-1.937823 -4.575614 -26.410259 -69.414793 0.843155 -0.429015 0.324092 -0.524748 -0.525240 0.669898 0.117170 0.734894 0.667983
-2.306351 -5.583109 -22.215211 -67.703732 0.848438 -0.405947 0.339647 -0.528220 -0.608526 0.592182 0.033711 0.681838 0.730726
-2.777182 -6.744247 -13.948386 -59.109115 0.920063 -0.337498 0.198946 -0.389795 -0.737678 0.551263 0.039292 0.584744 0.810266
0.283661 -24.687565 0.742304 324.404933 0.263390 -0.906221 0.330741 0.955197 0.197013 -0.220874 0.135000 0.374099 0.917510
0.252600 -27.524588 -2.792504 325.033820 0.248626 -0.905836 0.342996 0.954725 0.169463 -0.244505 0.163356 0.388257 0.906957
0.263496 -21.886743 -4.831623 160.507783 0.244822 -0.906888 0.342953 0.878190 0.057506 -0.474843 0.410907 0.417430 0.810498
0.296190 -23.267205 -14.050411 121.013752 -0.227477 0.913444 -0.337453 0.865663 0.030986 -0.499667 0.445961 0.405783 0.797784
-7.864991 -222.634600 283.835699 -4488.608726 -0.037826 0.936710 -0.348057 0.507347 0.318078 0.800891 -0.860911 0.146291 0.487268
-0.312156 -5.174244 -31.720525 -52.415438 0.749772 0.085171 0.656192 -0.546777 -0.478760 0.686895 -0.372662 0.873805 0.312391
-0.878825 -5.928342 -30.511592 -83.342335 0.731171 0.055273 0.679951 -0.551906 -0.537927 0.637208 -0.400984 0.841178 0.362811
-1.054843 -4.725042 -26.546766 -35.579064 0.743676 0.068611 0.665010 -0.569790 -0.455259 0.684163 -0.349693 0.887712 0.299471
-0.657114 -4.168632 -23.459001 -5.011361 0.747212 0.078435 0.659941 -0.582298 -0.401343 0.707002 -0.320316 0.912563 0.254216
0.037466 -2.401225 3.171268 2.490518 0.718463 -0.668654 -0.191604 0.586718 0.730541 -0.349388 0.373594 0.138605 0.917178
0.001103 -2.454944 4.851129 -1.502455 0.749040 -0.628737 -0.208876 0.527574 0.756753 -0.385993 0.400756 0.178927 0.898543
-0.239140 -8.098484 -6.772408 -29.905000 -0.521746 0.840999 0.143183 0.495211 0.161903 0.853553 -0.694656 -0.516243 0.500945
-0.120388 -8.123136 -1.730197 -32.692368 -0.508889 0.848850 0.143125 0.461927 0.128973 0.877490 -0.726399 -0.512658 0.457740
0.094627 -7.895972 -6.403602 -15.991678 -0.520133 0.842753 0.138669 0.364864 0.072453 0.928238 -0.772228 -0.533403 0.345175
0.038244 -8.315441 -5.180214 -51.172572 -0.510199 0.846161 0.153974 0.468836 0.123539 0.874603 -0.721034 -0.518410 0.459740
-0.230521 -9.361588 13.443449 70.845757 0.976359 -0.158029 -0.147476 -0.197825 -0.928230 -0.315046 0.087106 -0.336773 0.937548
-0.280315 -10.769383 19.572591 79.285316 0.969904 -0.182062 -0.161677 -0.200939 -0.973499 -0.109197 0.137512 -0.138397 0.980784
0.205255 -14.125996 26.855534 60.215985 0.971283 -0.134731 -0.196106 -0.184100 -0.947700 -0.260715 0.150723 -0.289331 0.945288
0.404507 -14.147025 32.942828 -160.389930 0.973668 -0.119161 -0.194346 -0.212431 -0.783602 -0.583816 0.082722 -0.609728 0.788282
1.133186 -23.941023 -22.712385 -189.463245 0.444255 0.870434 0.212092 -0.723240 0.488157 -0.488495 0.528736 -0.063623 -0.846398
1.544166 -24.866813 10.989716 -511.075792 0.431963 0.861261 0.267650 -0.515014 0.479177 -0.710739 0.740384 -0.169169 -0.650549
1.152575 -27.113637 0.961222 -107.763277 0.413451 0.872952 0.258868 -0.755608 0.487583 -0.437401 0.508050 0.014759 -0.861201
1.771015 -25.838751 -18.076438 -719.417820 0.466177 0.860819 0.204130 -0.396513 0.409563 -0.821606 0.790858 -0.302074 -0.532255
0.704742 -22.131877 -53.312788 229.302094 0.434788 0.885441 0.164177 -0.876641 0.457875 -0.147821 0.206060 0.079653 -0.975292
0.360553 -19.023329 -30.250971 80.902982 0.477951 0.852433 0.211946 -0.764825 0.522527 -0.376840 0.431978 -0.018009 -0.901704
1.086748 -20.097480 -26.013474 -283.434821 0.506171 0.834446 0.217925 -0.551475 0.507438 -0.662104 0.663073 -0.214957 -0.717027
-0.280660 -7.647645 -1.999397 -40.940366 -0.479720 0.873846 0.079133 -0.294516 -0.245322 0.923622 -0.826517 -0.419774 -0.375047
-0.137422 -7.097651 0.827629 -36.069152 -0.471883 0.880006 0.054009 -0.422512 -0.279478 0.862192 -0.773828 -0.384034 -0.503694
-0.238433 -7.688327 -4.255074 -49.225900 -0.496734 0.863938 0.082868 -0.332472 -0.277615 0.901328 -0.801697 -0.420169 -0.425135
-0.211436 -7.125262 -2.094966 -36.420508 -0.465504 0.884046 0.042050 -0.382961 -0.244031 0.890949 -0.797902 -0.398636 -0.452153
6.561723 -538.540052 256.170037 -21082.742395 -0.374902 0.897408 -0.232610 -0.885068 -0.421133 -0.198246 0.275867 -0.131553 -0.952151
-1.209028 -15.615445 -66.944808 631.039396 0.856267 -0.514200 0.049045 0.515797 0.856252 -0.028044 0.027574 -0.049310 -0.998403
-1.963715 -27.248880 28.090588 847.949678 0.726197 -0.661316 0.187881 0.687475 0.700112 -0.192928 0.003951 -0.269267 -0.963057
-3.568635 -6.127336 -29.616408 27.422930 0.379020 0.472314 0.795779 0.707733 0.406086 -0.578107 -0.596202 0.782313 -0.180357
-4.055377 -6.076615 -39.077808 27.665769 0.447762 0.443181 0.776595 0.716735 0.341387 -0.608068 -0.534603 0.828882 -0.164783
-2.956453 -14.159530 -105.776078 573.749679 -0.279094 0.930670 0.236560 -0.796077 -0.086480 -0.598985 0.537000 0.355493 -0.765020
1.989225 -3.018417 90.282520 73.310616 0.134942 0.750976 0.646395 -0.786982 0.477602 -0.390583 0.602038 0.455995 -0.655453
-12.983636 -46.727771 -254.773393 1955.810306 -0.591926 0.743469 -0.311251 -0.625242 -0.667255 -0.404776 0.508622 0.044990 -0.859814
-1.838465 -3.032088 52.486433 -31.792715 0.761537 -0.447896 0.468456 0.358293 -0.311369 -0.880157 -0.540081 -0.838116 0.076641
-2.537782 -3.606830 37.641378 -25.243870 0.713843 -0.485954 0.504258 0.412830 -0.289630 -0.863531 -0.565685 -0.824598 0.006134
-1.080933 -3.606615 66.693424 -18.277148 0.811844 -0.449780 0.372300 0.322200 -0.186649 -0.928089 -0.486925 -0.873419 0.006611
-0.367413 -2.534417 64.918485 -47.183940 0.776231 -0.399838 0.487438 0.370106 -0.336910 -0.865745 -0.510380 -0.852421 0.113538
18.318158 -7.098210 552.867856 -57.855073 -0.383255 -0.162556 0.909226 0.022180 0.982487 0.185004 -0.923376 0.091071 -0.372937
