17919
35822
-6.998230 -8.866378 37.799890 -191.238231 -0.080789 0.984891 0.153177 0.993868 0.091240 -0.062464 -0.075496 0.147192 -0.986223
-6.315890 -9.635758 41.880002 -116.412611 -0.407770 0.893047 0.190240 0.912870 0.394204 0.106170 0.019822 0.216958 -0.975980
-8.808423 -12.032927 3.049667 -288.706976 0.265061 0.939328 0.217727 0.960093 -0.278005 0.030561 0.089236 0.200937 -0.975531
-4.938346 -8.571136 39.908304 -111.661605 -0.648276 0.734322 0.201268 0.758631 0.645486 0.088476 -0.064946 0.210045 -0.975532
-6.676283 -14.176491 -108.924571 -442.217919 0.408194 0.904235 0.125443 0.912696 -0.407103 -0.035395 0.019063 0.128939 -0.991469
-5.349033 -10.589686 -127.898051 433.992270 0.303330 0.951448 0.052329 -0.944680 0.293072 0.147273 -0.124786 0.094107 -0.987711
-5.030636 -6.603381 63.427686 139.330981 -0.278598 0.950462 0.137860 -0.942388 -0.298215 0.151565 -0.185169 0.087692 -0.978786
-4.178738 -7.152372 26.405374 -118.770389 -0.737960 0.643740 0.202520 0.656768 0.754084 -0.003779 -0.155150 0.130220 -0.979271
5.891852 -8.104496 12.817749 68.442344 -0.290685 0.955278 0.054281 -0.065533 -0.076474 0.994916 -0.954572 -0.285650 -0.084832
4.905177 -7.990031 0.824100 23.652679 -0.345956 0.935782 0.068017 -0.166140 -0.132447 0.977167 -0.923424 -0.326756 -0.201292
4.545726 -8.702655 40.547007 85.664186 -0.235716 0.971742 -0.012435 -0.206617 -0.037608 0.977699 -0.949604 -0.233029 -0.209643
5.041724 -8.775846 34.160794 112.960975 -0.174720 0.983624 -0.044243 -0.109649 0.025217 0.993650 -0.978494 -0.178461 -0.103448
3.060985 -10.034345 17.244943 103.196029 -0.136173 0.982602 -0.126296 -0.295435 0.081406 0.951888 -0.945608 -0.166934 -0.279209
0.472668 -12.483207 270.664397 217.852561 0.677902 -0.732293 0.064780 0.572400 0.470477 -0.671573 -0.461310 -0.492341 -0.738101
0.592612 -8.394500 -99.746425 217.780128 -0.525839 0.844472 -0.101791 -0.531392 -0.232706 0.814537 -0.664166 -0.482406 -0.571111
0.645666 -22.479173 265.146102 -1969.320859 0.744610 -0.658287 -0.110519 0.124682 0.299824 -0.945812 -0.655752 -0.690481 -0.305328
-0.335547 -16.962329 397.906891 -583.879864 0.740673 -0.669694 0.053980 0.401141 0.376341 -0.835136 -0.538971 -0.640216 -0.547388
3.688367 -7.366448 -212.435026 423.001988 -0.352395 0.852697 -0.385650 -0.524933 0.161054 0.835767 -0.774767 -0.496961 -0.390854
-2.468253 -74.521845 -204.840529 6133.953307 -0.681138 0.709802 0.179533 0.117651 -0.135914 0.983710 -0.722640 -0.691165 -0.009067
-0.107486 -3.168130 -24.414170 14.768109 0.140225 0.980086 0.140602 -0.944563 0.089839 0.315800 -0.296879 0.177090 -0.938351
-0.521864 -3.239887 -14.824660 -17.014726 0.068625 0.983442 0.167729 -0.970964 0.027219 0.237671 -0.229171 0.179169 -0.956755
-0.246645 -3.197009 -19.060272 6.021143 0.223720 0.966633 0.124783 -0.945143 0.183896 0.269974 -0.238019 0.178336 -0.954748
4.526175 -12.225705 -112.292376 -230.608754 -0.587176 -0.610039 0.532050 -0.058174 0.687393 0.723952 -0.807366 0.394136 -0.439109
5.057858 -10.899005 -91.963183 -173.199844 -0.543144 -0.674665 0.499822 -0.206504 0.684333 0.699317 -0.813849 0.276615 -0.511012
3.313043 -9.230997 -84.969287 -192.618951 -0.603048 -0.637568 0.479416 -0.195817 0.700922 0.685831 -0.773297 0.319712 -0.547536
5.792377 -14.062119 79.900051 -212.975349 0.528134 0.649122 -0.547462 -0.005060 0.647104 0.762385 -0.849146 0.399871 -0.345042
1.947446 -4.904201 -51.230866 88.332455 -0.456462 0.889621 -0.014724 0.848006 0.439999 0.295442 -0.269310 -0.122372 0.955247
2.474535 -4.971890 -7.642170 56.849270 -0.484813 0.871332 -0.075736 0.812782 0.480826 0.328925 -0.323019 -0.097911 0.941314
2.584861 -4.171675 26.308788 57.299338 -0.457507 0.885083 -0.085531 0.849076 0.463405 0.253625 -0.264115 -0.043413 0.963514
1.823724 -5.760731 -71.843180 68.888412 -0.458536 0.888596 -0.011891 0.823876 0.430079 0.369135 -0.333126 -0.159465 0.929300
-0.488307 -11.250751 -20.316327 -19.258488 -0.080508 0.963486 0.255367 0.989494 0.108120 -0.095980 -0.120086 0.244957 -0.962068
-0.397981 -10.688861 -26.934597 6.518963 -0.071893 0.965977 0.248434 -0.951107 -0.141406 0.274589 -0.300377 0.216546 -0.928914
-0.554218 -10.552877 -39.367466 -48.643453 -0.075988 0.966832 0.243849 -0.969449 -0.128839 0.208734 -0.233227 0.220538 -0.947084
-0.518842 -10.875985 -34.881609 13.860706 -0.082746 0.963978 0.252783 -0.891823 -0.184828 0.412905 -0.444753 0.191272 -0.874991
2.171585 -14.718224 -57.289186 92.101751 0.075406 0.973809 -0.214497 0.172331 0.199146 0.964698 -0.982149 0.109709 0.152801
4.037662 -15.362184 -38.903605 151.339501 0.087489 0.953005 -0.290048 0.314843 0.249786 0.915686 -0.945103 0.171432 0.278193
3.961548 -14.750763 -27.489381 145.953942 0.081047 0.983800 -0.159900 0.322124 0.125965 0.938280 -0.943222 0.127552 0.306697
1.574783 -13.781300 -8.621745 -31.796567 0.079377 0.994837 -0.063239 0.087805 0.056215 0.994550 -0.992970 0.084497 0.082889
0.575022 -13.247520 -17.139191 -133.346131 0.088505 0.976185 -0.198063 -0.071544 0.204560 0.976236 -0.993503 0.072231 -0.087945
0.377845 -17.602794 50.372316 175.504122 0.208599 0.791122 -0.574989 -0.868772 0.419890 0.262542 -0.449135 -0.444768 -0.774893
-0.308540 -15.152671 43.427181 116.540625 0.213452 0.788490 -0.576821 -0.749375 0.510953 0.421146 -0.626797 -0.342361 -0.699938
0.581133 -16.294046 50.831756 63.181598 0.232763 0.769477 -0.594749 -0.811390 0.490796 0.317436 -0.536161 -0.408686 -0.738585
1.393633 -18.444398 57.154155 -280.358946 0.217531 0.774158 -0.594440 0.891846 -0.405115 -0.201230 -0.396600 -0.486375 -0.778555
0.053748 -23.177459 1.387468 -180.488003 -0.142158 0.871970 -0.468465 0.604171 0.451323 0.656723 -0.784072 0.189674 0.590978
0.089978 -22.807699 -12.994929 -156.111692 -0.134477 0.883197 -0.449309 0.731438 0.394375 0.556297 -0.668516 0.253833 0.699038
-0.110673 -21.084327 -8.959128 -104.178584 -0.157359 0.871090 -0.465231 0.536659 0.470898 0.700180 -0.828997 0.139491 0.541578
-0.109852 -20.558435 -3.641540 -139.697730 -0.158333 0.865138 -0.475885 0.375691 0.498499 0.781252 -0.913119 0.055088 0.403954
-0.033891 -21.207908 5.035991 -114.404101 -0.159500 0.859272 -0.486015 0.443621 0.502196 0.742293 -0.881907 0.097211 0.461292
-1.629881 -13.210781 1.814527 39.045182 -0.177509 -0.705461 0.686160 0.789048 0.314655 0.527632 -0.588127 0.635073 0.500788
-1.619422 -13.595539 42.356856 49.384845 0.202948 0.680910 -0.703685 0.710230 0.392355 0.584492 -0.674081 0.618400 0.403975
-1.947398 -13.662916 4.129747 43.406964 0.158743 0.712391 -0.683594 0.678643 0.424154 0.599615 -0.717109 0.559101 0.416127
-2.132362 -13.769266 17.509501 74.374220 -0.141104 -0.730895 0.667744 0.793315 0.320016 0.517920 -0.592234 0.602812 0.534674
-2.463519 -14.068617 19.298771 25.028044 0.136301 0.728942 -0.670870 0.620545 0.465054 0.631387 -0.772235 0.502363 0.388954
-0.577687 -6.224532 -0.606538 83.377376 -0.082268 0.887099 0.454189 0.542655 -0.342378 0.767009 -0.835917 -0.309568 0.453221
-0.235959 -6.676708 48.274385 34.404062 -0.055718 0.890911 0.450747 0.588225 -0.335494 0.735823 -0.806776 -0.306139 0.505363
-0.214267 -6.481574 42.061136 112.757869 -0.047102 0.884685 0.463803 0.548060 -0.365300 0.752454 -0.835112 -0.289634 0.467654
1.723886 -6.581144 -72.014784 15.198978 -0.192026 0.933035 -0.304255 0.937776 0.083056 -0.337162 -0.289314 -0.350067 -0.890927
1.255535 -6.067918 -64.680466 62.357498 -0.145289 0.939066 -0.311522 0.974061 0.080553 -0.211465 -0.173485 -0.334165 -0.926411
1.786261 -6.827141 -9.906745 12.644185 -0.139736 0.947290 -0.288299 0.951727 0.048130 -0.303149 -0.273294 -0.316742 -0.908287
0.680984 -6.201911 -68.272438 51.989150 -0.226686 0.926187 -0.301317 0.948724 0.139999 -0.283414 -0.220310 -0.350113 -0.910431
2.016621 -6.592597 -31.559292 37.556241 -0.197054 0.935308 -0.293884 -0.894840 -0.049120 0.443676 -0.400539 -0.350407 -0.846631
1.251617 -6.594570 -79.506453 5.868523 -0.243031 0.922781 -0.299016 0.905725 0.105514 -0.410524 -0.347273 -0.370596 -0.861429
1.983476 -13.880837 -12.326224 34.048089 -0.332847 0.906513 -0.259705 -0.492655 0.067664 0.867590 -0.804055 -0.416719 -0.424077
1.735836 -14.115418 -51.984247 -78.420563 -0.353311 0.894135 -0.275125 -0.371938 0.135592 0.918301 -0.858390 -0.426775 -0.284656
1.434854 -13.339759 -53.233533 -8.858257 -0.364984 0.889339 -0.275432 -0.491738 0.067063 0.868157 -0.790557 -0.452304 -0.412845
-0.989375 -16.381106 -16.668114 70.954215 0.283600 0.926992 0.245473 0.955574 -0.294626 0.008615 0.080309 0.232124 -0.969365
-1.338418 -15.391133 -6.738133 -35.600393 0.323412 0.909287 0.261921 0.926651 -0.360392 0.106937 0.191630 0.208124 -0.959147
-0.979461 -16.423328 -36.188633 35.051228 0.347081 0.908474 0.232829 -0.894223 0.395406 -0.209806 0.282665 0.135382 -0.949617
-0.366807 -17.645852 -32.978860 -10.914848 0.326352 0.919260 0.220128 -0.914902 0.365724 -0.170883 0.237592 0.145627 -0.960387
-0.375105 -18.218393 -41.573930 84.939297 0.272525 0.936987 0.218598 0.962146 -0.265887 -0.059817 0.002074 0.226625 -0.973980
9.478027 -13.000125 480.839640 387.593549 0.273466 0.910744 0.309453 0.956719 -0.224249 -0.185476 -0.099527 0.346781 -0.932651
9.109724 -19.509030 499.397350 718.432132 0.284628 0.908927 0.304694 0.930141 -0.184925 -0.317238 -0.232001 0.373704 -0.898065
17.483258 -18.122369 809.543605 570.714243 0.288157 0.934152 0.210538 0.933265 -0.224733 -0.280197 -0.214432 0.277229 -0.936570
14.959911 -11.435001 644.582468 172.036988 0.234058 0.948338 0.214177 0.966587 -0.203298 -0.156143 -0.104534 0.243567 -0.964234
17.698475 -12.564365 399.674432 -271.567570 0.188605 0.981750 -0.024398 -0.961829 0.189680 0.197248 -0.198276 0.013735 -0.980050
-3.754945 -5.639713 -17.231320 41.148108 0.087230 0.991286 0.098706 0.487120 -0.128874 0.863774 -0.868968 0.027265 0.494117
-3.499091 -5.505412 -64.204971 24.435083 0.065364 0.968926 0.238558 0.410926 -0.243993 0.878412 -0.909322 -0.040613 0.414106
-3.487088 -5.149916 -66.748676 29.881027 -0.027560 0.998672 0.043537 0.510155 -0.023403 0.859764 -0.859641 -0.045905 0.508832
0.046245 -5.155052 -27.218491 -47.191467 0.632844 0.772849 0.047047 0.592064 -0.522177 0.613833 -0.498967 0.360606 0.788033
-0.676100 -4.669673 50.114248 18.512292 0.601905 0.798327 -0.019605 0.618374 -0.450413 0.644004 -0.505295 0.399753 0.764771
-0.676608 -5.031680 86.083467 -61.726347 0.602683 0.796813 -0.043142 0.643652 -0.453457 0.616513 -0.471683 0.399331 0.786161
-0.417922 -6.405860 63.750849 -123.243945 0.645176 0.764034 -0.000656 0.629820 -0.531355 0.566559 -0.432522 0.365943 0.824021
-1.789913 -6.113579 125.444594 -85.048228 0.537984 0.836717 -0.102361 0.706331 -0.381177 0.596490 -0.460075 0.393203 0.796067
21.405756 -222.972496 1513.919326 15304.798036 0.401804 0.889565 0.217319 -0.795797 0.221793 0.563484 -0.453056 0.399352 -0.797031
8.146988 -107.176868 875.081831 5693.159917 0.410298 0.896971 0.164618 -0.513570 0.078100 0.854486 -0.753592 0.435137 -0.492702
100.279628 -240.354490 7100.272165 20183.149339 0.554113 0.832013 -0.026708 -0.658000 0.457424 0.598164 -0.509897 0.313876 -0.800929
6.600004 -348.743525 792.609136 18223.581807 0.242843 0.964001 0.108304 0.969150 -0.245948 0.016092 0.042150 0.101055 -0.993988
4.188264 -5.596986 -76.566202 10.600896 -0.340350 0.923810 -0.175321 0.719316 0.375881 0.584207 -0.605596 -0.072723 0.792443
3.901765 -6.110630 -120.105693 39.877397 -0.359097 0.923202 -0.136921 0.675346 0.358293 0.644619 -0.644171 -0.139012 0.752143
4.908767 -5.840620 -105.547501 35.322009 -0.322386 0.929050 -0.181478 0.682000 0.360912 0.636096 -0.656462 -0.081300 0.749965
5.033841 -5.580586 -32.635535 2.069440 -0.271067 0.936346 -0.223113 0.713531 0.351041 0.606336 -0.646062 -0.005160 0.763268
4.109362 -5.448074 -20.062896 -9.563959 -0.276589 0.937603 -0.210709 0.767758 0.347468 0.538343 -0.577967 0.012874 0.815958
3.517040 -5.444607 -53.283940 12.691206 -0.363531 0.916361 -0.167711 0.767843 0.396680 0.503053 -0.527506 -0.054100 0.847827
-3.389505 -5.625779 92.283361 -57.700703 -0.465586 0.829065 0.309646 -0.777218 -0.550378 0.304987 -0.423276 0.098665 -0.900612
-2.240895 -5.409688 47.602883 -70.530681 -0.459378 0.818169 0.345790 -0.761289 -0.563225 0.321274 -0.457614 0.115660 -0.881596
-2.328974 -4.635999 59.207139 -36.568338 -0.330662 0.896717 0.294213 -0.854415 -0.416839 0.310196 -0.400797 0.148810 -0.904001
-3.412172 -9.072218 77.091038 33.884283 -0.457216 -0.595345 -0.660695 0.888417 -0.339868 -0.308553 -0.040854 -0.728048 0.684307
-3.141706 -9.099858 72.977724 33.486791 -0.403112 -0.598489 -0.692323 0.900164 -0.395658 -0.182096 -0.164940 -0.696610 0.698233
-2.200828 -9.140128 86.179604 83.119861 -0.405658 -0.572935 -0.712170 0.911406 -0.312482 -0.267756 -0.069134 -0.757694 0.648938
0.106054 -7.859813 1.693122 34.772243 0.065921 -0.840427 -0.537900 0.879541 -0.205643 0.429091 -0.471235 -0.501391 0.725633
0.298205 -7.993740 -21.754472 -21.693811 -0.016786 -0.831295 -0.555578 0.937191 -0.206707 0.280973 -0.348414 -0.515966 0.782552
0.341431 -7.308851 -39.173494 37.174910 0.021098 -0.844002 -0.535925 0.911247 -0.204300 0.357616 -0.411319 -0.495905 0.764784
0.142630 -7.883480 28.467477 109.061561 -0.076329 0.852355 0.517363 0.867709 -0.198823 0.455578 -0.491178 -0.483694 0.724420
0.096029 -8.153796 -46.534882 43.991412 -0.112894 0.834695 0.539017 0.814413 -0.233034 0.531439 -0.569198 -0.498979 0.653478
0.238980 -8.080285 -48.281606 -14.173886 -0.093547 0.831293 0.547906 0.812786 -0.254064 0.524243 -0.575003 -0.494371 0.651896
0.102087 -22.329314 -6.730996 -180.546958 -0.174046 0.853712 -0.490800 0.411873 0.515827 0.751188 -0.894466 0.071405 0.441398
0.026494 -21.692811 -20.797933 -149.826066 -0.182254 0.852144 -0.490545 0.388978 0.520688 0.759987 -0.903039 0.052301 0.426362
-0.005488 -19.484381 -23.495913 -128.499358 -0.190071 0.844084 -0.501394 0.171852 0.531424 0.829491 -0.966613 -0.071497 0.246066
0.347375 -22.148382 -15.977549 -238.642175 -0.167773 0.855044 -0.490665 0.239886 0.518168 0.820948 -0.956194 -0.020030 0.292048
-3.607856 -5.509459 55.906850 -29.163469 0.206251 0.887360 0.412373 0.726642 -0.421144 0.542798 -0.655326 -0.187695 0.731655
-3.825587 -5.651700 0.746562 -5.421906 0.219078 0.831736 0.510118 0.762205 -0.472284 0.442708 -0.609137 -0.291827 0.737421
-3.634251 -6.208533 47.421011 -29.837766 0.130707 0.928013 0.348865 0.818156 -0.299705 0.490711 -0.559943 -0.221287 0.798434
-2.865832 -5.430481 47.559469 -38.077188 0.030908 0.976505 0.213269 0.754107 -0.162825 0.636247 -0.656024 -0.141162 0.741422
-4.880154 -8.468460 24.512837 14.909459 -0.534031 0.118666 0.837096 0.603277 -0.640191 0.475617 0.592341 0.758995 0.270293
-5.345285 -8.729559 29.434004 36.095845 -0.500500 0.192505 0.844063 0.585668 -0.642720 0.493866 0.637567 0.741521 0.208938
-5.416010 -9.067102 44.147027 52.975125 -0.598886 0.214786 0.771493 0.600400 -0.517090 0.610031 0.529957 0.828544 0.180720
-4.747882 -8.418865 32.346394 3.980040 -0.613008 0.098174 0.783954 0.637569 -0.524546 0.564232 0.466612 0.845703 0.258958
-4.658220 -8.171642 25.085218 -2.538524 -0.552890 0.040336 0.832277 0.629448 -0.634268 0.448887 0.545993 0.772061 0.325291
-8.308998 -8.924514 -23.138895 89.446526 0.416087 -0.507887 0.754269 0.908894 0.257809 -0.327789 -0.027977 0.821940 0.568887
-7.790638 -8.222686 57.113351 -8.743529 0.817649 0.257905 -0.514719 0.574281 -0.428480 0.697571 0.040640 0.865962 0.498456
-8.371213 -8.787440 -17.414813 68.434709 0.171394 -0.434147 0.884387 0.982602 0.140514 -0.121449 -0.071542 0.889816 0.450677
-8.475689 -9.523151 -34.373206 120.872119 0.276642 -0.453961 0.846988 0.952874 0.243771 -0.180572 -0.124499 0.857027 0.500005
-8.817726 -9.667305 -20.313519 78.625792 0.030783 -0.425637 0.904370 0.975000 0.211992 0.066586 -0.220060 0.879711 0.421522
-8.165221 -8.826333 -14.794378 50.456248 -0.461199 -0.399962 0.792039 0.880153 -0.093174 0.465456 -0.112367 0.911784 0.394999
10.718670 -9.350592 -151.276971 9.793087 -0.381831 0.761921 -0.523145 -0.522005 -0.644891 -0.558235 0.762703 -0.059933 -0.643966
14.060979 -8.730804 -395.057109 -54.076381 -0.409342 0.785106 -0.464809 -0.616084 -0.613612 -0.493884 0.672963 -0.084194 -0.734869
9.036430 -10.723875 -147.072060 -110.018317 -0.295463 0.805815 -0.513190 -0.644753 -0.564583 -0.515306 0.704979 -0.178627 -0.686365
-0.739179 -3.955272 21.415064 -72.449987 0.864781 -0.501420 -0.027043 0.482873 0.815599 0.318797 0.137795 0.288748 -0.947437
-0.527355 -3.175951 -37.452584 -19.910824 -0.662038 0.741276 0.110526 0.741033 0.625360 0.244532 0.112147 0.243792 -0.963322
1.293991 -4.178486 177.606764 -5.583821 -0.675181 0.718004 0.169121 0.731318 0.621571 0.280757 0.096464 0.313243 -0.944761
1.270632 -4.344098 -173.944029 -8.074133 0.815215 -0.565626 -0.124465 0.566023 0.732598 0.378045 0.122649 0.378638 -0.917382
-0.632562 -4.269302 -4.899472 -80.028998 0.942972 -0.331618 0.028878 0.298238 0.880204 0.369180 0.147846 0.339514 -0.928909
-0.662842 -3.488449 70.502665 -84.403582 0.913319 -0.406186 0.029351 0.374682 0.866345 0.330241 0.159568 0.290618 -0.943440
18.047499 -15.386904 -965.193675 -365.054876 0.937634 -0.087891 0.336329 -0.253449 0.489337 0.834454 0.237919 0.867655 -0.436543
19.867712 -11.790971 -813.814503 -184.271374 0.906143 -0.202652 0.371265 -0.192843 0.583279 0.789048 0.376453 0.786586 -0.489454
23.189323 -14.780303 -780.273961 -207.745659 0.820896 -0.315046 0.476315 -0.319333 0.438249 0.840217 0.473451 0.841834 -0.259152
18.926737 -16.852191 -905.633626 -352.505827 0.896682 -0.126124 0.424327 -0.357466 0.359099 0.862129 0.261111 0.924738 -0.276913
0.702740 -5.212475 32.519218 -59.036737 0.014175 0.993649 -0.111624 0.907452 -0.059667 -0.415897 0.419916 0.095398 0.902535
0.425811 -4.785553 36.132539 -56.467333 0.041760 0.988726 -0.143792 0.919045 -0.094469 -0.382665 0.391935 0.116171 0.912629
0.262635 -5.801259 63.982925 -58.378823 0.019088 0.990655 -0.135048 0.872815 -0.082394 -0.481046 0.487678 0.108690 0.866231
0.733170 -5.938048 19.867319 -48.160646 0.014081 0.994441 -0.104348 0.860388 -0.065220 -0.505448 0.509444 0.082663 0.856524
0.765734 -5.555353 -1.344115 -45.175360 -0.005668 0.996280 -0.085992 0.892116 -0.033812 -0.450539 0.451770 0.079268 0.888606
-0.381260 -10.621894 23.427803 179.088904 -0.083835 0.964381 0.250880 0.989040 0.049821 0.138990 0.121540 0.259783 -0.957988
-0.447486 -11.317778 -19.631944 115.876161 -0.066632 0.974575 0.213926 0.991520 0.040700 0.123415 0.111571 0.220336 -0.969022
-0.448446 -10.841326 11.766713 89.237252 -0.087577 0.967656 0.236584 0.995890 0.090559 -0.001743 -0.023112 0.235459 -0.971609
-0.398036 -10.846569 24.283720 33.096313 -0.094889 0.963176 0.251571 0.994547 0.102707 -0.018100 -0.043272 0.248482 -0.967670
-0.308644 -11.439355 19.260929 -54.751039 -0.097658 0.962502 0.253087 0.969912 0.149030 -0.192511 -0.223010 0.226672 -0.948096
1.940746 -14.878881 -4.928741 -77.143220 -0.088824 0.971826 -0.218321 0.498834 -0.146316 -0.854258 0.862134 0.184784 0.471784
2.231419 -15.080737 -41.115746 21.916633 -0.053022 0.937311 -0.344436 0.457045 -0.283895 -0.842920 0.887862 0.202116 0.413341
0.913235 -14.275907 -28.288291 162.432865 -0.060121 0.960668 -0.271113 0.282037 -0.244189 -0.927808 0.957518 0.132245 0.256263
1.105410 -14.033008 -61.069517 250.225929 -0.033159 0.926091 -0.375840 0.215827 -0.360540 -0.907430 0.975868 0.111206 0.187921
0.923417 -14.067090 35.150277 100.222851 -0.116820 0.980952 -0.155194 0.306744 -0.112986 -0.945062 0.944596 0.158007 0.287703
-0.139083 -12.125484 -23.871107 262.582829 -0.055104 0.955452 -0.289958 0.094995 -0.284065 -0.954088 0.993952 0.080118 0.075110
-0.133963 -12.800450 -1.689671 225.477658 -0.081635 0.978720 -0.188262 0.135041 -0.176289 -0.975031 0.987471 0.105019 0.117776
-0.752366 -13.221211 2.853092 -47.661989 -0.053863 0.814724 -0.577342 -0.376249 -0.552127 -0.744038 0.924952 -0.177148 -0.336278
-0.346999 -13.222492 27.951191 -27.405642 -0.081865 0.803520 -0.589621 -0.376269 -0.572743 -0.728277 0.922887 -0.162235 -0.349227
-0.825310 -12.328107 11.369070 -92.033139 -0.063592 0.806858 -0.587312 -0.179912 -0.588130 -0.788502 0.981625 -0.055522 -0.182564
0.033385 -15.374789 23.952973 -112.382929 -0.078959 0.804673 -0.588445 -0.517975 -0.537465 -0.665457 0.851744 -0.252255 -0.459238
-1.192214 -12.189400 7.546140 -151.285245 -0.044863 0.814538 -0.578373 -0.157204 -0.577499 -0.801113 0.986547 -0.054982 -0.153957
-0.519011 -15.422595 4.555147 -107.778255 -0.041930 0.822991 -0.566504 -0.529127 -0.499253 -0.686128 0.847506 -0.270983 -0.456400
-0.859618 -14.922322 5.332171 -101.662047 -0.028509 0.832798 -0.552842 -0.460804 -0.501743 -0.732061 0.887044 -0.233882 -0.398061
-1.271249 -12.948168 12.583504 -119.491895 -0.034035 0.820798 -0.570204 -0.239207 -0.560642 -0.792755 0.970372 -0.109416 -0.215422
0.147755 -20.900839 13.428206 114.502045 0.179074 0.913425 -0.365496 0.857786 -0.326889 -0.396670 0.481805 0.242484 0.842060
0.125238 -20.953828 16.728723 61.158031 0.165987 0.921688 -0.350628 0.872908 -0.302747 -0.382591 0.458781 0.242561 0.854801
0.393120 -21.373583 -19.670556 -163.346399 -0.156483 -0.919454 0.360719 0.966273 -0.218143 -0.136856 0.204521 0.327137 0.922579
-0.939066 -11.885513 11.867826 -29.918771 -0.061670 0.806779 -0.587626 -0.026065 -0.589847 -0.807094 0.997756 0.034457 -0.057404
-0.447318 -12.099427 34.900846 -92.185593 -0.088474 0.798551 -0.595390 -0.077334 -0.601437 -0.795169 0.993072 0.024308 -0.114966
-0.609288 -12.029102 40.454213 62.685417 -0.088520 0.804896 -0.586776 0.047193 -0.585038 -0.809631 0.994956 0.099361 -0.013802
-1.353123 -20.510338 25.896215 274.909032 0.340686 -0.923389 0.176879 0.937109 0.348697 0.015393 -0.075891 0.160511 0.984112
-0.710373 -18.000144 44.794242 168.472117 0.350889 -0.922324 0.161851 0.927681 0.318829 -0.194309 0.127613 0.218327 0.967496
-0.958019 -18.253079 11.625051 180.734719 0.319810 -0.927215 0.194922 0.942824 0.291056 -0.162388 0.093835 0.235710 0.967283
-1.622324 -21.415150 -14.565027 260.055931 0.270259 -0.939762 0.209300 0.955847 0.287950 0.058662 -0.115396 0.184205 0.976090
-2.100711 -23.231045 -6.069274 262.477138 -0.303808 0.933100 -0.192420 0.897993 0.347925 0.269365 -0.318292 0.090957 0.943619
0.600982 -12.986514 -53.076373 2.526493 -0.166828 0.901582 -0.399148 -0.818195 -0.352488 -0.454213 0.550205 -0.250805 -0.796474
1.072626 -13.013194 -43.035237 -19.970191 -0.195289 0.890841 -0.410201 -0.891051 -0.335905 -0.305278 0.409743 -0.305893 -0.859384
0.169703 -12.887164 -33.918670 -6.160764 -0.223430 0.879061 -0.421106 -0.850404 -0.386929 -0.356509 0.476332 -0.278456 -0.834009
1.377580 -12.972588 1.558610 66.346857 -0.306499 0.845504 -0.437242 0.899966 0.407018 0.156198 0.310031 -0.345628 -0.885676
0.079349 -12.024649 -16.066256 39.299773 -0.327235 0.821976 -0.466125 -0.835282 -0.482268 -0.264048 0.441838 -0.302941 -0.844397
-0.484097 -13.041863 -60.742087 37.010332 -0.188565 0.887911 -0.419591 -0.757122 -0.403554 -0.513722 0.625467 -0.220812 -0.748353
-1.054951 -12.904381 -45.784835 73.516876 -0.253493 0.859265 -0.444302 -0.773243 -0.455971 -0.440665 0.581237 -0.231848 -0.780006
1.277310 -13.018402 -63.298932 -7.782943 -0.147460 0.913570 -0.379006 -0.784933 -0.341239 -0.517142 0.601777 -0.221237 -0.767410
1.749624 -12.792846 -94.759104 -23.808406 -0.138769 0.912452 -0.384936 -0.684961 -0.369161 -0.628131 0.715243 -0.176501 -0.676222
1.919149 -13.416846 -55.145848 -94.930115 -0.161385 0.917186 -0.364315 -0.782356 -0.343918 -0.519267 0.601559 -0.201222 -0.773069
-0.277133 -8.620430 -73.765255 -26.959457 -0.133816 0.895698 0.424049 -0.710187 0.211764 -0.671409 0.691178 0.390999 -0.607776
-0.863051 -8.696738 -41.477797 -22.076655 -0.145907 0.881887 0.448314 -0.719696 0.216308 -0.659734 0.678785 0.418910 -0.603130
-0.580001 -7.868253 -23.986811 -14.626799 -0.153641 0.877335 0.454618 -0.606132 0.279675 -0.744571 0.780384 0.389955 -0.488811
-0.154158 -7.339645 -52.935681 -22.323371 -0.127317 0.879840 0.457900 -0.561513 0.316618 -0.764497 0.817614 0.354450 -0.453731
-0.098367 -7.720256 -83.768227 63.981661 -0.109032 0.890152 0.442427 -0.666770 0.264609 -0.696706 0.737245 0.370960 -0.564676
-0.429301 -7.180479 -28.750200 -106.179839 -0.153709 0.888575 0.432212 -0.453331 0.325245 -0.829884 0.877989 0.323496 -0.352825
-0.825370 -7.504710 -17.000751 -39.420171 -0.159468 0.887962 0.431386 -0.455240 0.321598 -0.830260 0.875972 0.328784 -0.352951
-1.091484 -20.718860 -49.126233 -362.842892 -0.084043 0.769002 0.633697 -0.400405 0.556285 -0.728164 0.912476 0.314933 -0.261160
-0.662310 -20.607313 -8.998600 -467.894040 -0.101905 0.756646 0.645835 -0.441699 0.547295 -0.710894 0.891357 0.357708 -0.278438
-0.515267 -17.664704 13.611382 -385.351203 -0.123290 0.748445 0.651636 -0.245218 0.613306 -0.750816 0.961597 0.252361 -0.107918
-0.812792 -16.779820 -7.266341 -172.987528 -0.120168 0.748283 0.652405 -0.173084 0.631310 -0.755969 0.977549 0.203765 -0.053653
-1.089657 -18.963610 27.167615 -314.935573 -0.135115 0.772870 0.620013 -0.339835 0.551647 -0.761707 0.930729 0.313620 -0.188112
-7.319880 -14.622273 -58.318058 270.606915 -0.248668 0.882243 0.399765 0.300935 0.462676 -0.833888 0.920653 0.087058 0.380551
-6.800546 -17.592216 -115.915414 383.382950 -0.265787 0.771143 0.578528 0.406255 0.633819 -0.658202 0.874251 -0.060089 0.481742
-5.479521 -15.105628 -94.738341 355.364344 -0.216822 0.805217 0.551918 0.228229 0.591511 -0.773321 0.949157 0.041709 0.312026
-4.554232 -17.983676 -128.351803 336.518455 -0.193625 0.737105 0.647446 0.345076 0.668933 -0.658370 0.918385 -0.095941 0.383880
3.928245 -2.790981 6.657656 -0.951984 0.921949 0.340462 0.184651 -0.385596 0.851669 0.354932 0.036421 0.398430 -0.916475
3.048877 -3.790593 -118.337091 30.167284 0.876318 0.459095 0.145936 -0.481076 0.818189 0.314855 -0.025145 0.346119 -0.937854
2.993042 -3.052433 25.412453 42.954335 0.831568 0.489274 0.262879 -0.550235 0.790223 0.269792 0.075731 0.368996 -0.926341
9.933985 -72.961371 449.908108 -3823.522987 0.454984 0.415983 0.787368 -0.116842 0.904429 -0.410311 -0.882801 0.094688 0.460105
8.641641 -69.295825 433.709756 -1784.026022 0.483238 0.339009 0.807189 0.312572 0.794416 -0.520771 -0.817789 0.503961 0.277927
2.837199 -72.737018 433.726015 -3483.921818 0.559737 0.260580 0.786634 -0.054226 0.958755 -0.279012 -0.826894 0.113517 0.550781
10.577233 -76.773708 30.439296 -2797.273347 0.306370 0.508876 0.804477 0.250131 0.772382 -0.583832 -0.918462 0.380093 0.109349
7.710651 -66.547840 -36.954987 -3008.836271 0.190416 0.587221 0.786710 -0.220563 0.806475 -0.548589 -0.956605 -0.069060 0.283085
11.438086 -87.482288 -2333.417990 -352.006920 -0.195144 0.948501 0.249528 -0.627129 0.074938 -0.775302 0.754074 0.307782 -0.580209
-4.401987 -15.898811 6.207528 485.346087 -0.292818 0.078192 -0.952966 -0.174235 0.975601 0.133586 0.940159 0.205156 -0.272050
-2.936835 -20.178559 -174.996839 -671.676438 -0.022769 0.860933 0.508209 -0.036234 0.507297 -0.861009 0.999084 0.038019 -0.019644
-0.582401 -97.875318 -135.095171 3705.976458 -0.100982 0.746413 0.657777 -0.338895 0.595809 -0.728122 0.935389 0.296445 -0.192790
9.167252 -295.803052 202.877880 -27191.757150 -0.223157 0.836522 0.500432 0.971236 0.147056 0.187284 0.083076 0.527831 -0.845277
-5.621655 -8.881716 -45.510933 60.221383 0.578227 0.813324 0.064474 -0.754898 0.563314 -0.335866 0.309487 -0.145535 -0.939701
-5.364570 -8.868965 67.870219 123.495118 0.559101 0.803747 0.203463 -0.766261 0.594642 -0.243404 0.316623 0.019819 -0.948345
-5.882673 -9.468537 30.744237 8.906163 0.543251 0.823820 0.161859 -0.717004 0.555539 -0.421049 0.436788 -0.112681 -0.892479
0.334252 -154.291310 121.047781 7731.075777 0.016801 -0.945881 0.324079 0.997125 0.039801 0.064474 -0.073884 0.322065 0.943830
1.068951 -76.198518 119.580724 3210.049459 -0.073447 -0.954337 0.289562 0.964818 -0.141491 -0.221601 0.252453 0.263099 0.931153
0.756327 -66.520960 133.027373 2797.622755 -0.008983 -0.962039 0.272765 0.977004 -0.066557 -0.202569 0.213033 0.264673 0.940513
0.263899 -131.206365 129.308776 5972.912641 0.061196 -0.945555 0.319658 0.998112 0.059649 -0.014639 -0.005225 0.319951 0.947420
2.618652 -4.032036 17.057745 -27.853824 0.699500 -0.447446 -0.557218 0.650490 0.075797 0.755723 0.295910 0.891093 -0.344079
2.282888 -5.965206 -9.059136 51.740435 -0.595306 0.486655 0.639357 0.731398 -0.001242 0.681950 0.332669 0.873593 -0.355199
0.232382 -10.597283 -15.638668 -353.765473 -0.446227 0.406149 0.797449 0.849494 -0.088057 0.520198 0.281499 0.909554 -0.305727
2.060783 -3.388086 -106.373354 -57.252439 0.781341 -0.380753 -0.494503 0.573032 0.123751 0.810136 0.247267 0.916359 -0.314875
0.846684 -4.865752 -49.996029 -32.312053 0.038390 0.757510 -0.651693 -0.155381 0.648767 0.744955 -0.987108 -0.072662 -0.142609
0.178001 -4.764700 -108.955029 78.851797 0.007035 0.800542 -0.599235 -0.181482 0.590320 0.786502 -0.983369 -0.103217 -0.149437
0.120933 -5.531195 4.672433 135.164961 -0.136607 -0.602470 0.786364 -0.141356 0.797538 0.586474 -0.980488 -0.031041 -0.194112
-1.181780 -6.406252 203.648908 -49.001701 0.162026 0.744800 -0.647318 -0.154010 0.667033 0.728936 -0.974694 0.018413 -0.222783
-6.205172 -17.282369 71.821282 141.057381 -0.272182 0.957729 -0.093129 -0.933077 -0.239043 0.268750 -0.235128 -0.160045 -0.958697
-5.496061 -17.299473 101.530355 22.889774 -0.325619 0.945089 0.027913 -0.926544 -0.324833 0.189738 -0.188386 -0.035920 -0.981438
-6.835045 -19.606413 200.669005 248.292310 -0.244844 0.969156 0.028086 -0.965847 -0.246337 0.080364 -0.084803 0.007451 -0.996370
-7.731556 -11.084234 75.710589 -122.775690 -0.256809 0.937150 0.236220 0.956917 0.212293 0.198096 0.135498 0.276916 -0.951293
-5.601881 -9.774656 -6.605899 -83.715979 -0.562904 0.790639 0.240893 0.825574 0.523889 0.209686 0.039585 0.316909 -0.947630
5.339336 -8.128433 -83.390444 14.261383 -0.411059 0.906652 0.094934 -0.043532 -0.123542 0.991384 -0.910569 -0.403385 -0.090251
0.155852 -8.880699 -9.958288 -259.689919 -0.613839 0.786290 0.070345 -0.593329 -0.518299 0.615895 -0.520732 -0.336323 -0.784681
0.048520 -6.585840 125.845494 -8.908974 -0.474610 0.879550 -0.033729 -0.621972 -0.308012 0.719916 -0.622813 -0.362658 -0.693241
-0.785466 -2.880547 -8.247820 14.298882 0.216706 0.965639 0.143459 0.960594 -0.184716 -0.207701 -0.174065 0.182816 -0.967615
-0.728276 -2.948413 13.507405 42.090361 0.031701 0.980160 0.195658 0.985804 0.001631 -0.167891 -0.164879 0.198203 -0.966194
5.046202 -8.827058 49.768079 -40.082512 0.490093 0.757166 -0.431866 -0.382273 0.631959 0.674163 -0.783375 0.165312 -0.599163
4.259027 -8.225369 96.860472 -101.707006 0.557052 0.710689 -0.429668 -0.319857 0.661062 0.678740 -0.766410 0.240661 -0.595565
4.483893 -6.664781 56.044622 6.667698 0.494903 0.805852 -0.325076 -0.477378 0.564736 0.673189 -0.726073 0.177979 -0.664185
5.046082 -10.965001 1.373750 -129.481444 0.436025 0.740293 -0.511712 -0.307215 0.656895 0.688555 -0.845873 0.143022 -0.513852
5.109366 -9.207029 -22.254468 -12.197883 0.406470 0.792089 -0.455386 -0.462360 0.608211 0.645215 -0.788039 0.051708 -0.613450
5.459610 -7.473814 -4.375951 -22.053980 0.422188 0.833925 -0.355423 -0.557083 0.547983 0.623998 -0.715134 0.065444 -0.695917
-2.343459 -4.085123 -35.889198 130.795785 0.091114 -0.854748 0.510983 0.974031 -0.030308 -0.224378 0.207274 0.518158 0.829789
-2.652699 -3.960472 -14.872975 151.380137 0.168610 -0.877810 0.448354 0.957611 0.038096 -0.285536 0.233566 0.477492 0.847023
-1.613329 -2.415604 -117.855308 25.586092 -0.672013 -0.513144 0.533930 0.692419 -0.691066 0.207326 0.262593 0.509029 0.819716
-2.784892 -5.745603 -8.446921 120.057778 0.266518 -0.861525 0.432137 0.952254 0.166088 -0.256178 0.148931 0.479780 0.864656
-1.930486 -3.512092 -44.340333 103.365462 -0.075141 -0.817917 0.570408 0.976089 -0.177337 -0.125704 0.203970 0.547323 0.811686
-2.412609 -5.252858 -32.624628 99.810433 0.232759 -0.838448 0.492776 0.963639 0.130457 -0.233198 0.131238 0.529137 0.838326
0.167953 -7.487463 -10.153553 -5.947784 0.251596 0.837316 0.485388 -0.056291 0.513332 -0.856342 0.966194 -0.188129 -0.176285
0.068497 -7.331813 -4.570871 15.764736 0.246730 0.851336 0.462982 -0.205291 0.512825 -0.833586 0.947090 -0.110625 -0.301301
0.037036 -7.313252 10.473268 0.841540 0.246139 0.840788 0.482173 -0.087231 0.514676 -0.852936 0.965301 -0.167880 -0.200025
0.006006 -7.115441 4.488601 9.512720 0.247545 0.852784 0.459871 -0.218378 0.511540 -0.831046 0.943945 -0.105296 -0.312859
0.112128 -7.368170 -12.586667 -6.209631 0.259415 0.826739 0.499206 0.030459 0.509641 -0.859848 0.965285 -0.238263 -0.107026
0.046605 -7.160394 12.733609 1.184983 0.246038 0.838624 0.485979 -0.075648 0.516477 -0.852953 0.966304 -0.173095 -0.190513
0.026092 -7.222815 6.230797 1.189970 0.251019 0.828351 0.500823 0.026978 0.511201 -0.859038 0.967606 -0.229146 -0.105974
-0.010016 -15.795544 24.764015 26.827440 0.176120 0.803703 -0.568369 -0.862843 0.403955 0.303846 -0.473798 -0.436899 -0.764614
-0.474988 -14.633234 7.218092 46.169697 0.156330 0.798302 -0.581614 -0.805925 0.443522 0.392140 -0.571004 -0.407434 -0.712707
-0.626914 -13.275355 5.387342 150.914200 0.180663 0.784463 -0.593278 -0.654081 0.546312 0.523184 -0.734533 -0.293532 -0.611801
-0.493318 -13.122026 33.833413 150.060201 0.217037 0.768672 -0.601696 -0.555068 0.604221 0.571679 -0.802991 -0.209906 -0.557804
-1.211464 -13.219927 -60.397791 23.952635 -0.202376 -0.673324 0.711111 0.817123 0.284130 0.501578 -0.539772 0.682572 0.492688
-1.196759 -13.540845 87.185536 54.901691 0.219574 0.668503 -0.710557 0.709160 0.390810 0.586822 -0.669985 0.632749 0.388264
0.428442 -6.515234 91.367214 -12.826434 -0.012794 0.883790 0.467709 0.625687 -0.357782 0.693187 -0.779969 -0.301508 0.548398
-0.430034 -6.129207 80.787698 -66.736084 -0.035297 0.887686 0.459095 0.619933 -0.340867 0.706748 -0.783860 -0.309555 0.538274
-0.100828 -4.866964 -56.477689 80.185543 -0.180643 0.933219 -0.310597 0.979042 0.140419 -0.147510 -0.094045 -0.330734 -0.939026
37.009709 -9.868870 1108.856983 -142.617230 0.693575 0.271116 -0.667420 0.699837 -0.473280 0.535009 -0.170828 -0.838154 -0.517992
48.202245 1.296576 -978.344305 909.331600 0.646993 -0.105007 -0.755230 0.658182 -0.423149 0.622689 -0.384962 -0.899955 -0.204661
155.289570 -12.304882 10580.404680 -142.406736 0.751533 0.560133 -0.348497 -0.621674 0.424579 -0.658221 0.220727 -0.711326 -0.667305
12.561597 -7.322239 742.848893 -178.580009 0.737654 0.367615 -0.566327 -0.640437 0.646562 -0.414486 -0.213794 -0.668444 -0.712373
13.241605 -10.332485 443.338574 -326.536244 0.768516 0.021467 -0.639470 -0.475513 0.687871 -0.548380 -0.428101 -0.725515 -0.538848
64.392431 -4.363963 5597.602451 37.268747 0.875935 0.378934 -0.298574 -0.482246 0.704789 -0.520299 -0.013273 -0.599735 -0.800089
-1.307708 -16.935158 -4.299439 154.045565 0.357658 0.893935 0.270113 -0.853509 0.430288 -0.293896 0.378950 0.125430 -0.916877
-1.241781 -15.285129 3.642845 198.289660 0.344361 0.895592 0.281659 -0.893275 0.404881 -0.195270 0.288921 0.184355 -0.939435
-1.474707 -14.002430 -7.523965 -41.029731 0.285260 0.916678 0.279870 0.951608 -0.305709 0.031376 0.114320 0.257376 -0.959525
2.774113 -18.158501 170.073932 593.726322 0.238208 0.919962 0.311330 0.946883 -0.148682 -0.285143 -0.216032 0.362716 -0.906514
-3.501152 -5.867994 76.803050 12.560942 0.145255 0.988489 0.042312 0.440819 -0.102945 0.891673 -0.885765 0.110868 0.450698
-2.231180 -5.990734 133.992002 3.723017 0.139836 0.987725 -0.069611 0.448057 -0.000427 0.894005 -0.883001 0.156203 0.442616
-3.051015 -6.015504 93.794495 -10.409368 0.166741 0.981775 0.091186 0.335426 -0.143445 0.931082 -0.927193 0.124663 0.353231
-0.204465 -4.938368 -25.233700 31.152101 0.657671 0.749665 0.073975 0.533846 -0.533104 0.656360 -0.531486 0.392178 0.750813
-0.747259 -4.827152 25.429376 80.462648 0.623217 0.781864 0.017025 0.566747 -0.466535 0.679075 -0.538886 0.413562 0.733872
-1.784202 -5.539415 70.472789 93.881819 0.505583 0.852249 -0.134378 0.679458 -0.297314 0.670776 -0.531716 0.430438 0.729384
-3.427375 -456.930675 2009.804624 26682.330353 0.332163 0.902506 0.274134 -0.573562 -0.037461 0.818305 -0.748795 0.429044 -0.505200
-1.685255 -71.206787 158.838211 3542.204926 0.282859 0.927916 0.242823 -0.163151 -0.202926 0.965506 -0.945184 0.312719 -0.093991
-2.560266 -34.634008 237.708386 1158.551238 0.402067 0.906436 0.129292 -0.238961 -0.032432 0.970487 -0.883877 0.421097 -0.203563
4.431836 -2.909279 77.058179 50.761877 0.952459 0.201361 -0.228637 0.295693 -0.791752 0.534505 0.073395 0.576700 0.813652
4.485373 -2.823452 -46.577056 46.355211 0.969470 0.228558 -0.088816 0.239334 -0.803188 0.545535 -0.053350 0.550137 0.833368
4.120241 -3.357833 31.295822 52.648098 0.954331 0.231389 -0.188972 0.298479 -0.765406 0.570143 0.012715 0.600510 0.799516
3.610154 -3.235911 -81.926427 47.119148 0.968901 0.243251 -0.045391 0.223364 -0.780810 0.583477 -0.106489 0.575470 0.810860
-1.893641 -10.186734 -14.630355 -25.146559 -0.557386 0.718820 0.415474 -0.381672 -0.666250 0.640654 -0.737324 -0.198517 -0.645712
-2.083362 -9.572815 10.633927 -87.516953 -0.567890 0.713036 0.411194 -0.480265 -0.692753 0.537995 -0.668466 -0.108040 -0.735854
-2.237758 -9.955529 44.895746 -16.290381 -0.564770 0.720121 0.403063 -0.390541 -0.663485 0.638173 -0.726989 -0.203008 -0.655954
-2.099997 -9.575542 -36.401550 -90.310621 -0.559727 0.708215 0.430277 -0.466675 -0.698460 0.542557 -0.684778 -0.102884 -0.721453
-1.951984 -9.559232 25.937920 85.864260 -0.543204 0.746645 0.383993 -0.288284 -0.595411 0.749919 -0.788557 -0.296660 -0.538675
-1.837180 -10.100478 -24.220231 60.069710 -0.543171 0.738172 0.400085 -0.271331 -0.605260 0.748358 -0.794572 -0.297931 -0.529049
-2.083655 -10.186310 -25.782616 -57.750117 -0.545891 0.706265 0.450768 -0.388524 -0.690042 0.610648 -0.742329 -0.158213 -0.651089
1.520392 -9.211453 81.146700 -88.738646 -0.083670 0.781686 0.618035 -0.796219 -0.425377 0.430221 -0.599195 0.456095 -0.657984
1.400541 -9.563677 55.282468 141.216034 -0.086013 0.786588 0.611458 -0.643974 -0.512187 0.568297 -0.760197 0.344882 -0.550597
2.446087 -9.142360 72.300477 -51.522333 -0.068710 0.800548 0.595316 -0.776214 -0.417761 0.472194 -0.626714 0.429649 -0.650102
0.558744 -9.345380 27.100101 -30.621362 -0.102959 0.781483 0.615373 -0.776252 -0.449964 0.441549 -0.621959 0.432223 -0.652955
2.449368 -8.808725 112.007779 234.883361 -0.040008 0.795346 0.604833 0.887463 0.306432 -0.344250 -0.459139 0.522995 -0.718100
1.304538 -9.165565 101.542103 209.231972 -0.063531 0.784070 0.617412 0.865343 0.351462 -0.357289 -0.497136 0.511575 -0.700818
3.057081 -31.392052 -5.337693 -600.123292 0.144239 -0.564905 -0.812451 -0.423600 0.706758 -0.566619 0.894292 0.425883 -0.137352
1.425841 -27.528344 87.441353 286.241753 0.105286 -0.468742 -0.877038 -0.272012 0.834731 -0.478784 0.956517 0.288974 -0.039618
2.062410 -39.765074 77.889037 -236.272446 0.146155 -0.491326 -0.858626 -0.430992 0.749619 -0.502313 0.890441 0.443476 -0.102197
1.043106 -27.630696 17.568509 -343.986835 0.109097 -0.496005 -0.861439 -0.229501 0.830629 -0.507330 0.967175 0.253049 -0.023215
6.599828 -46.127869 -256.630377 -1694.964932 0.153332 -0.602053 -0.783595 -0.456525 0.660118 -0.596514 0.876399 0.449196 -0.173635
0.946046 -21.195097 -113.249119 -222.174994 0.222601 0.676569 -0.701928 0.952195 -0.305396 0.007605 -0.209221 -0.670065 -0.712207
0.252852 -21.445798 -210.437561 269.290163 0.224776 0.645708 -0.729751 0.960681 -0.021577 0.276814 0.162995 -0.763279 -0.625170
1.750688 -20.663664 -55.498421 109.211294 0.216382 0.703524 -0.676929 0.968354 -0.066327 0.240604 0.124372 -0.707570 -0.695612
-1.531474 -5.857088 -15.198991 -52.702743 0.017407 0.870899 0.491154 0.297857 -0.473441 0.828936 -0.954452 -0.131864 0.267645
-1.396697 -5.426278 59.978671 48.760354 0.082600 0.859154 0.505007 0.366560 -0.497407 0.786270 -0.926721 -0.120169 0.356017
-1.201106 -5.618726 6.472468 -22.432410 0.004175 0.902800 0.430041 0.260899 -0.416134 0.871071 -0.965357 -0.108560 0.237277
-1.175525 -6.321644 -31.171026 -58.055180 -0.018039 0.883020 0.468989 0.222339 -0.453778 0.862932 -0.974802 -0.119841 0.188145
-5.886505 -8.671615 -52.314177 -39.478204 0.502044 -0.274372 -0.820166 -0.509723 0.672248 -0.536903 0.698666 0.687606 0.197645
-6.300517 -9.418632 -40.045831 54.573973 0.566111 -0.353819 -0.744533 0.542295 -0.520382 0.659635 0.620834 0.777183 0.102720
