12911
25802
-6.541964 -8.220436 70.411228 136.214250 0.042628 0.748078 -0.662241 -0.601007 -0.510300 -0.615130 0.798106 -0.424233 -0.427847
-7.191974 -9.567913 97.004209 105.275515 0.038097 0.784884 -0.618471 -0.478643 -0.528968 -0.700781 0.877183 -0.322724 -0.355527
-5.938817 -9.885422 -54.813684 179.538282 0.260740 0.855649 -0.447079 -0.471520 -0.291235 -0.832377 0.842427 -0.427841 -0.327518
-5.524395 -8.847958 -10.099550 -79.970993 -0.198283 0.523284 -0.828769 0.474104 0.791262 0.386173 0.857852 -0.316351 -0.404985
-5.470021 -8.129460 -61.231777 193.788861 0.260928 0.802071 -0.537214 -0.614889 -0.290913 -0.732994 0.744196 -0.521586 -0.417277
-4.864029 -6.783493 7.470273 -91.210782 -0.204978 0.494504 -0.844660 0.644051 0.717971 0.264039 0.737009 -0.489882 -0.465654
-4.699310 -8.956378 -2.597896 -33.846423 -0.813766 0.011541 -0.581079 -0.150512 0.961510 0.229880 0.561366 0.274528 -0.780707
-4.422667 -8.349089 -17.411185 -11.009957 -0.816738 -0.037053 -0.575818 -0.113633 0.988722 0.097555 0.565709 0.145109 -0.811737
-4.760532 -8.680953 -25.025525 -17.111902 -0.868172 -0.028117 -0.495467 -0.160812 0.960461 0.227274 0.469486 0.276990 -0.838367
-5.305641 -8.748836 8.236075 21.860996 -0.167567 -0.682566 0.711354 -0.268691 0.725860 0.633192 -0.948539 -0.085033 -0.305029
-5.484967 -8.667726 8.122038 16.141240 -0.281144 -0.697105 0.659547 -0.289657 0.716856 0.634206 -0.914908 -0.012739 -0.403461
-5.329701 -9.102142 7.193430 34.782234 -0.185441 -0.654661 0.732823 -0.386454 0.734252 0.558146 -0.903474 -0.179699 -0.389157
10.125395 -5.908021 -235.023865 -76.782343 0.498239 0.866982 0.009966 0.076331 -0.032410 -0.996556 0.863673 -0.497284 0.082326
8.914268 -6.346076 -343.420824 16.847237 0.574372 0.817072 -0.049902 0.061530 -0.103880 -0.992685 0.816279 -0.567099 0.109941
9.646261 -5.645773 34.269877 64.695320 0.381269 0.923785 -0.035411 0.095958 -0.077644 -0.992353 0.919470 -0.374956 0.118248
9.873449 -7.089193 -211.323338 190.739558 0.500013 0.864339 -0.053904 0.088155 -0.112720 -0.989709 0.861520 -0.490115 0.132557
7.585223 -7.256646 45.660645 161.456217 0.296452 0.945968 -0.131376 0.134180 -0.177449 -0.974940 0.945575 -0.271395 0.179535
-2.079668 -2.666643 -20.787594 47.034762 -0.796362 -0.276100 0.538122 -0.177404 0.957221 0.228594 -0.578217 0.086578 -0.811276
-2.024968 -3.917388 -18.329071 51.048295 -0.729355 -0.505534 0.460953 -0.415786 0.862608 0.288147 -0.543290 0.018504 -0.839341
-2.569379 -2.861251 -15.615203 43.467357 -0.793451 -0.132149 0.594115 -0.071151 0.989591 0.125091 -0.604461 0.056982 -0.794594
-1.470693 -2.817827 51.115743 19.808579 -0.531014 0.679886 0.505746 0.562898 0.729156 -0.389200 -0.633380 0.078013 -0.769899
0.311278 -9.710489 8.245352 140.894257 0.054894 -0.664369 0.745386 0.963786 0.230363 0.134347 -0.260965 0.711018 0.652955
0.051986 -10.382659 -20.723080 172.040665 0.006577 -0.659516 0.751662 0.963738 0.204710 0.171182 -0.266770 0.723279 0.636947
-0.066588 -8.285646 4.564530 117.094373 0.034197 -0.677230 0.734976 0.993156 0.105201 0.050726 -0.111674 0.728212 0.676193
0.046249 -8.103799 24.952050 75.333095 0.083169 -0.678943 0.729465 0.989363 0.143924 0.021155 -0.119351 0.719946 0.683691
0.109951 -9.281731 15.567110 90.647927 0.082225 -0.664478 0.742770 0.959643 0.253904 0.120908 -0.268933 0.702852 0.658539
3.035774 -5.829579 60.382105 36.458210 -0.230737 0.739771 -0.632060 0.731917 0.559984 0.388222 -0.641138 0.373038 0.670660
2.736034 -6.316051 17.818385 33.018556 -0.329595 0.698541 -0.635144 0.587973 0.678221 0.440800 -0.738685 0.228161 0.634261
3.357160 -6.500489 112.814650 51.348190 -0.223836 0.705894 -0.672020 0.617506 0.636176 0.462565 -0.754045 0.311438 0.578293
2.536633 -6.153381 113.390458 46.090249 -0.187115 0.711383 -0.677438 0.724660 0.565549 0.393729 -0.663217 0.417239 0.621333
2.611927 -5.674550 117.474165 19.992538 -0.137257 0.735332 -0.663663 0.823291 0.457237 0.336343 -0.550775 0.500222 0.668151
3.115310 -5.526043 66.764437 6.912007 -0.159861 0.768409 -0.619671 0.833616 0.441302 0.332171 -0.528705 0.463466 0.711105
-4.498729 -7.981669 306.577408 -31.929878 0.627427 -0.660216 0.412856 0.748991 0.366697 -0.551857 0.212951 0.655476 0.724571
-5.213824 -8.670596 260.708564 161.182660 0.716694 -0.571491 0.399685 -0.695018 -0.538106 0.476856 0.057446 0.619548 0.782854
1.165657 -7.200897 13.476592 11.370608 0.353206 -0.725578 0.590578 0.918809 0.150163 -0.365022 0.176169 0.671556 0.719706
-7.415399 -21.260776 3.470782 1705.900560 0.993823 0.013675 -0.110131 0.078477 -0.788273 0.610300 0.078468 0.615173 0.784477
0.839915 -6.828659 19.162389 37.800619 0.429496 -0.709093 0.559214 0.840812 0.088054 -0.534118 0.329498 0.699595 0.634033
-7.287803 -17.378385 38.008746 1339.242765 0.964291 -0.071954 -0.254884 0.111691 -0.762136 0.637710 0.240142 0.643406 0.726884
-2.999404 -7.374994 269.603019 18.349347 0.595321 -0.693504 0.405765 0.716291 0.229270 -0.659062 0.364033 0.682999 0.633240
1.699230 -5.835741 17.805001 -8.308601 0.643929 0.705500 -0.296017 -0.510354 0.107833 -0.853177 0.569996 -0.700458 -0.429491
1.844573 -5.632620 3.793586 -14.696875 0.648904 0.704247 -0.288026 -0.433908 0.031558 -0.900404 0.625017 -0.709253 -0.326057
1.509214 -5.746477 37.856042 -6.655555 0.637627 0.721051 -0.271140 -0.478224 0.094567 -0.873131 0.603931 -0.686398 -0.405123
1.712648 -5.654797 -18.789997 -15.293545 0.657064 0.677205 -0.331149 -0.469188 0.023557 -0.882784 0.590025 -0.735417 -0.333215
1.861058 -5.848215 -22.218427 0.219397 0.653781 0.666522 -0.358215 -0.559303 0.106808 -0.822053 0.509656 -0.737794 -0.442617
9.603128 -0.680900 526.503339 92.447992 0.518247 0.734420 -0.438232 0.730692 -0.113957 0.673129 0.444420 -0.669060 -0.595692
0.858737 -1.111725 115.480747 -0.855192 0.692134 0.677588 -0.248647 -0.568685 0.299815 -0.765969 0.444463 -0.671555 -0.592846
0.003319 -2.329887 48.749893 121.466384 0.518586 0.727346 -0.449485 0.735212 -0.110956 0.668694 0.436499 -0.677242 -0.592294
1.302410 -3.229245 -20.773395 -49.773731 0.668089 0.712668 -0.213917 -0.101558 -0.197465 -0.975035 0.737118 -0.673135 0.059547
1.769921 -2.453989 -59.029827 -48.799985 0.675433 0.702193 -0.225202 -0.066466 -0.246177 -0.966943 0.734420 -0.668074 0.119604
1.591201 -2.838791 14.100592 -57.474954 0.645596 0.726370 -0.235780 -0.093124 -0.231559 -0.968353 0.757980 -0.647122 0.081851
1.064212 -2.728741 -61.427866 -41.843372 0.695860 0.689502 -0.200914 -0.068049 -0.215195 -0.974197 0.714947 -0.691577 0.102826
0.795255 -3.633448 58.438716 -47.672580 0.628285 0.733204 -0.260136 -0.159605 -0.205785 -0.965494 0.761436 -0.648124 0.012269
1.266996 -4.011639 -15.729183 -38.699733 0.663858 0.709032 -0.237836 -0.177613 -0.159446 -0.971098 0.726462 -0.686914 -0.020084
1.043097 -3.414113 -42.868805 -36.679053 0.686187 0.696645 -0.209364 -0.121083 -0.174414 -0.977199 0.717277 -0.695892 0.035329
4.509931 -18.038202 -106.745309 294.809505 -0.217088 -0.845463 0.487919 0.973559 -0.223933 0.045132 0.071104 0.484816 0.871721
0.992518 -22.519324 11.864666 350.777257 -0.210409 -0.858680 0.467330 0.963319 -0.100662 0.248763 -0.166565 0.502530 0.848363
1.319780 -24.479033 20.756841 430.853323 -0.120829 -0.860349 0.495176 0.971521 -0.000064 0.236952 -0.203830 0.509705 0.835855
-1.325037 -27.690938 63.341298 531.358599 -0.163619 -0.871384 0.462514 0.887310 0.074920 0.455047 -0.431172 0.484848 0.760929
1.635515 -23.820186 -47.784019 474.298041 -0.093816 -0.844562 0.527175 0.989096 -0.018689 0.146078 -0.113520 0.535132 0.837107
-0.309105 -28.868799 -60.384999 373.608091 0.076223 0.862230 -0.500749 0.868378 0.189400 0.458309 -0.490010 0.469773 0.734305
-3.772702 -10.624461 18.099137 71.267801 0.640234 0.745836 0.183929 -0.681052 0.661864 -0.313217 0.355345 -0.075267 -0.931700
-4.213512 -11.870581 10.459804 79.694098 0.589411 0.783862 0.195334 -0.646971 0.602834 -0.466926 0.483759 -0.148836 -0.862453
-4.036346 -10.990422 3.832165 41.612227 0.678897 0.721778 0.134668 -0.628270 0.665982 -0.402175 0.379968 -0.188428 -0.905605
-3.465055 -10.163020 -11.728193 10.719526 0.701693 0.706507 0.092056 -0.665025 0.695832 -0.271219 0.255674 -0.129093 -0.958105
-3.889632 -11.086811 -12.016378 53.217057 0.716644 0.692933 0.079156 -0.605660 0.674593 -0.422019 0.345829 -0.254496 -0.903125
-1.507483 -74.341893 -74.183897 1880.419418 -0.111106 0.787588 -0.606103 0.429120 0.588114 0.685550 -0.896388 0.183922 0.403312
-0.443495 -62.747692 -58.391512 434.302823 -0.088037 0.786051 -0.611861 -0.079338 0.606761 0.790915 -0.992953 -0.118174 -0.008946
-2.565832 -211.946207 490.593760 13311.159560 0.150962 -0.690680 0.707228 0.226158 0.720584 0.655448 -0.962322 0.060997 0.264983
-2.673072 -79.125454 -324.347908 3148.934811 -0.093171 0.757793 -0.645809 0.013383 0.649525 0.760222 -0.995560 -0.062188 0.070659
-1.113859 -83.074810 -232.899008 3514.127807 -0.164028 0.771326 -0.614940 0.688026 0.536179 0.489012 -0.706905 0.342883 0.618640
-623.787828 -3007.958759 14770.560163 283936.642200 0.353602 0.436341 -0.827389 -0.362004 0.879443 0.309083 0.862507 0.190226 0.468930
38.282507 -160.220476 -13379.664906 -60245.813601 0.331416 0.847160 -0.415311 0.716037 0.060798 0.695410 -0.614373 0.527848 0.586449
643.448082 43.954268 -300319.439856 2394.285416 0.980841 0.171214 0.092932 0.075256 -0.773024 0.629897 -0.179686 0.610835 0.771099
-28.039891 -1340.657803 1495.031354 387259.082414 0.197855 0.447850 -0.871943 0.440756 0.753886 0.487226 0.875550 -0.480714 -0.048233
0.462532 -2.995009 80.383341 -42.148443 -0.166526 0.980644 0.102993 0.610993 0.184604 -0.769811 0.773923 0.065266 0.629907
-0.144927 -4.022650 47.335040 -56.884450 0.031484 0.992482 -0.118270 0.563349 -0.115364 -0.818126 0.825619 0.040869 0.562746
0.735696 -3.397904 26.418668 -65.316032 -0.017266 0.999312 -0.032813 0.581849 -0.016647 -0.813127 0.813114 0.033131 0.581161
1.189879 -2.446200 6.328825 -65.298845 -0.079855 0.990388 0.112940 0.582419 0.138308 -0.801037 0.808957 -0.001812 0.587865
1.410520 -2.105934 46.877787 -58.573692 -0.168402 0.969194 0.179733 0.607425 0.245636 -0.755445 0.776322 0.018044 0.630078
7.237799 -4.372458 142.198094 -14.650822 0.393119 0.900258 -0.187065 -0.067513 -0.174634 -0.982316 0.917006 -0.398796 0.007873
7.068110 -3.888019 -135.411013 -32.893537 0.531812 0.812720 -0.238040 -0.110930 -0.211810 -0.970995 0.839566 -0.542792 0.022488
6.758906 -3.326403 -145.208150 -4.232829 0.537689 0.832204 -0.135378 -0.001787 -0.159439 -0.987206 0.843141 -0.531052 0.084241
6.745111 -3.983798 83.673638 14.106081 0.412104 0.905238 -0.103513 0.023997 -0.124353 -0.991948 0.910821 -0.406301 0.072970
-5.432120 -7.575592 31.161294 110.608044 0.426940 0.162897 -0.889487 0.216640 0.936571 0.275503 0.877946 -0.310322 0.364569
-5.407183 -9.060138 47.113693 107.621669 0.403524 0.188529 -0.895335 0.326709 0.884345 0.333460 0.854652 -0.427073 0.295260
-4.563419 -7.604083 84.755723 105.220096 0.345100 0.273173 -0.897932 0.188223 0.917128 0.351352 0.919499 -0.290263 0.265083
0.079065 -6.738363 -6.243440 13.913634 0.322005 -0.654699 0.683873 0.909326 0.414933 -0.030928 -0.263513 0.631822 0.728946
-0.193487 -7.000401 5.723386 13.584383 0.332131 -0.655332 0.678402 0.863988 0.499932 0.059942 -0.378437 0.566222 0.732242
-0.020211 -7.272510 4.375612 5.198676 0.360358 -0.639739 0.678879 0.836079 0.544245 0.069066 -0.413661 0.542708 0.730995
-76.488645 -147.045313 4568.582770 6209.637308 -0.121350 -0.304566 -0.944729 -0.667248 0.729672 -0.149527 0.734884 0.612224 -0.291767
0.682770 -117.453712 -305.154261 5298.059256 -0.575707 -0.507493 -0.641102 -0.022745 0.793710 -0.607872 0.817340 -0.335374 -0.468487
-11.431100 -211.197658 -52.704605 9705.907406 -0.456362 -0.671218 -0.584123 -0.659809 0.695716 -0.283956 0.596980 0.255823 -0.760374
5.800278 -1035.919394 48.701460 82558.997544 0.327853 0.752163 0.571633 0.188882 0.540672 -0.819755 0.925655 -0.376730 -0.035191
-8.748639 -36.300113 119.518405 1433.522465 -0.407105 -0.617762 -0.672782 -0.691234 0.689854 -0.215167 0.597043 0.377454 -0.707861
-3.324504 -370.702160 211.072562 19023.445556 -0.594713 -0.601935 -0.532908 -0.565648 0.784335 -0.254679 0.571279 0.149978 -0.806937
-12.519058 -71.634563 137.617424 3117.527075 0.257804 0.785131 0.563122 -0.816110 0.488934 -0.308070 0.517205 0.380148 -0.766803
-2.398207 -75.918524 -81.387190 -734.444780 0.834037 -0.119084 0.538703 -0.483504 -0.628043 0.609743 -0.265717 0.769013 0.581389
0.213205 -47.547081 -36.900248 -1280.707639 0.820871 -0.180448 0.541857 -0.550182 -0.504368 0.665518 -0.153204 0.844424 0.513300
-0.338827 -41.392252 -38.239681 102.681387 0.831307 -0.147317 0.535935 -0.418236 -0.800861 0.428602 -0.366070 0.580447 0.727375
-2.600724 -49.261221 -124.296124 -1445.067289 0.808971 -0.120215 0.575426 0.233470 0.964058 -0.126821 -0.539498 0.236939 0.807961
-5.793017 -8.212035 49.340907 6.255978 0.947432 0.025145 0.318968 -0.319769 0.040176 0.946643 -0.010988 0.998876 -0.046104
-5.008951 -8.176977 22.611514 9.074609 0.954547 -0.082446 0.286432 -0.284315 0.036616 0.958031 0.089474 0.995923 -0.011511
-5.816100 -8.222836 48.235011 -12.047066 0.963708 0.012060 0.266688 -0.263884 0.194245 0.944793 0.040408 0.980879 -0.190378
-6.993565 -8.395678 59.605261 -11.325095 0.956259 0.158920 0.245589 -0.272890 0.182257 0.944623 -0.105359 0.970323 -0.217652
-7.056550 -8.457518 60.144772 -13.808817 0.985657 0.110108 0.127889 -0.158901 0.350328 0.923050 -0.056832 0.930132 -0.362800
-5.789841 -8.276825 47.184439 -14.293382 0.972469 -0.014676 0.232570 -0.213904 0.339772 0.915860 0.092462 0.940393 -0.327279
-4.505253 -9.067241 -28.403984 -35.205827 0.048176 0.734213 -0.677208 0.216076 0.654281 0.724726 -0.975187 0.181243 0.127125
-3.959069 -8.913432 -38.401210 -46.627792 -0.027848 0.733943 -0.678640 0.140610 0.675030 0.724268 -0.989673 0.075255 0.121998
-4.290487 -8.899428 -18.798913 3.586106 0.022171 0.720160 -0.693454 0.335819 0.647958 0.683649 -0.941666 0.248032 0.227477
-4.634622 -8.838809 -33.111897 -36.802676 0.052080 0.747781 -0.661900 0.052869 0.659806 0.749574 -0.997242 0.074032 0.005171
-4.587395 -8.930119 -3.016777 19.531183 0.109403 0.714039 -0.691505 0.370439 0.616277 0.694966 -0.922391 0.332192 0.197085
-4.749216 -9.093329 -20.349615 -29.837200 0.128650 0.728203 -0.673179 0.224385 0.639840 0.735021 -0.965971 0.245612 0.081083
8.122506 -10.044888 302.617794 216.758203 0.720812 -0.318769 -0.615481 0.296543 -0.660775 0.689520 0.626492 0.679531 0.381766
8.594733 -7.030624 228.321842 111.892680 0.748108 -0.259921 -0.610553 0.254985 -0.736855 0.626121 0.612631 0.624088 0.484971
10.101631 -9.512675 82.054325 110.346887 0.837526 -0.119625 -0.533143 0.324323 -0.676424 0.661260 0.439733 0.726733 0.527725
10.981587 -13.227831 156.563709 228.317787 0.821258 -0.162756 -0.546851 0.395080 -0.529275 0.750853 0.411640 0.832693 0.370370
4.418812 -5.626533 102.274706 9.069612 0.380277 0.873232 -0.304721 0.745891 -0.484367 -0.457203 0.546842 0.053425 0.835530
4.468948 -5.300909 94.796439 16.091078 0.360387 0.886034 -0.291659 0.693177 -0.463608 -0.551882 0.624201 0.003280 0.781257
5.050524 -5.686095 13.329877 7.605223 0.433492 0.875809 -0.212234 0.728192 -0.479175 -0.490028 0.530869 -0.057876 0.845476
4.511181 -5.897648 32.786841 7.133437 0.447650 0.863433 -0.232580 0.761415 -0.504438 -0.407173 0.468889 -0.005181 0.883242
4.193230 -5.841476 -118.437991 15.937105 0.477829 0.873847 -0.089837 0.697669 -0.439646 -0.565659 0.533796 -0.207612 0.819731
4.092800 -6.037652 -82.691497 1.875048 0.477546 0.871309 -0.113007 0.746970 -0.470345 -0.469905 0.462585 -0.139988 0.875453
1.506441 -10.842255 -33.702694 -50.930183 0.253667 0.659106 -0.707978 0.872264 -0.472229 -0.127100 -0.418100 -0.585302 -0.694704
1.771204 -11.680036 -21.709780 -30.850498 0.278192 0.666420 -0.691732 0.919540 -0.392900 -0.008715 -0.277590 -0.633651 -0.722101
2.160617 -10.620224 -24.821227 -82.844707 0.271150 0.680994 -0.680239 0.844284 -0.507653 -0.171676 -0.462235 -0.527765 -0.712603
1.487934 -10.112581 -33.073082 104.783413 0.256271 0.659497 -0.706675 -0.770828 0.580554 0.262260 -0.583223 -0.477515 -0.657138
0.808935 -10.299380 -38.705226 65.721973 0.242956 0.642386 -0.726851 -0.805667 0.550946 0.217621 -0.540252 -0.532728 -0.651405
1.272896 -18.118908 -9.439688 489.192201 0.709488 0.704331 0.023324 0.429627 -0.406064 -0.806556 0.558612 -0.582263 0.590697
0.913797 -15.932490 -15.195754 459.998267 0.732486 0.678107 0.060284 0.433986 -0.396886 -0.808788 0.524519 -0.618589 0.585002
1.258609 -22.816045 -11.051321 520.235634 0.684703 0.725841 0.065856 0.589128 -0.498003 -0.636334 0.429081 -0.474498 0.768597
-0.184386 -1.680337 -113.797833 91.312116 0.888434 -0.164407 -0.428551 -0.004867 0.930226 -0.366955 0.458979 0.328101 0.825644
2.012840 -3.872866 -69.499031 113.987170 0.861092 -0.206940 -0.464431 0.038628 0.937413 -0.346070 0.506980 0.280058 0.815193
0.817122 -4.398873 -122.838087 121.461686 0.874914 -0.303813 -0.377125 0.159574 0.916106 -0.367814 0.457233 0.261626 0.849994
7.181911 -6.980495 -151.852141 226.452898 0.710002 0.419733 -0.565439 -0.428186 0.894786 0.126554 0.559065 0.152260 0.815023
6.948769 -7.393321 -59.952764 54.336410 0.662395 0.474524 -0.579706 -0.355514 0.880240 0.314304 0.659426 -0.002100 0.751767
4.669631 -7.900292 -236.639106 107.723984 0.769175 0.437883 -0.465433 -0.395478 0.898281 0.191542 0.501963 0.036739 0.864109
5.573244 -6.787406 152.568458 145.553452 0.488450 0.479879 -0.728788 -0.391691 0.866906 0.308304 0.779740 0.134869 0.611405
6.286146 -5.981001 131.194079 185.883694 0.542769 0.384781 -0.746556 -0.444073 0.885948 0.133771 0.712882 0.258919 0.651736
0.376284 -12.666973 -55.069483 -11.661899 0.668964 0.633751 -0.388389 -0.557537 0.773396 0.301680 0.491569 0.014728 0.870714
-0.990914 -12.692611 -41.714077 -35.954454 0.709386 0.560066 -0.427899 -0.504723 0.827418 0.246238 0.491961 0.041293 0.869637
-0.285393 -12.832215 -57.223150 -12.421559 0.679896 0.625250 -0.383150 -0.635792 0.762964 0.116850 0.365391 0.164158 0.916265
0.755323 -12.625668 -52.458038 -17.342796 0.645346 0.659045 -0.386249 -0.662009 0.734802 0.147683 0.381147 0.160394 0.910495
0.372627 -13.284420 51.572019 25.354284 -0.651356 -0.652244 0.387702 0.717903 -0.695181 0.036580 0.245665 0.302159 0.921058
-0.765131 -13.430211 59.679081 17.344359 -0.677036 -0.629459 0.381317 0.698734 -0.712467 0.064512 0.231068 0.310116 0.922191
-0.667386 -23.789475 22.109492 -129.693818 -0.134681 0.798707 -0.586454 0.817897 -0.244504 -0.520829 0.559380 0.549804 0.620330
-0.147822 -22.667941 49.674850 -118.370286 0.128607 -0.845010 0.519055 0.868178 -0.157031 -0.470753 0.479299 0.511174 0.713424
0.083980 -23.083081 -30.802177 -18.352130 -0.126174 0.828491 -0.545604 0.736356 -0.290325 -0.611140 0.664726 0.478868 0.573433
-0.373259 -24.365581 17.637987 -30.220570 -0.135683 0.798150 -0.586981 0.620369 -0.393494 -0.678457 0.772484 0.456200 0.441757
-0.305524 -24.945346 -15.363595 93.823009 -0.070402 0.813279 -0.577599 0.580222 -0.437617 -0.686901 0.811410 0.383495 0.441073
-0.691176 -24.059072 -15.779705 -186.606564 0.098957 -0.800806 0.590692 0.863226 -0.226215 -0.451295 0.495023 0.554560 0.668891
1.504412 -33.054276 -13.772019 -198.213443 -0.182517 0.796904 -0.575874 0.575836 -0.388107 -0.719574 0.796932 0.462943 0.388050
1.464387 -32.962755 -25.411538 138.682845 -0.167780 0.777002 -0.606727 0.204259 -0.574696 -0.792466 0.964432 0.256889 0.062287
0.949425 -31.325915 -34.787315 234.927099 -0.146784 0.810867 -0.566523 0.427703 -0.464394 -0.775505 0.891922 0.356136 0.278645
0.725911 -31.376598 -34.586341 -208.056342 -0.181960 0.818509 -0.544916 0.763205 -0.231860 -0.603124 0.620007 0.525627 0.582502
1.775501 -71.342340 -34.848100 1082.600258 -0.273621 0.746580 -0.606424 -0.001344 -0.630781 -0.775960 0.961837 0.211504 -0.173598
3.852408 -79.018998 -134.469052 2381.392570 -0.285011 0.769312 -0.571776 -0.143143 -0.623989 -0.768211 0.947776 0.137103 -0.287965
2.497508 -70.878087 -112.926727 2300.142594 -0.252867 0.770488 -0.585155 -0.530007 -0.616302 -0.582464 0.809414 -0.162851 -0.564207
1.223340 -63.049207 -23.436352 1161.370903 -0.251478 0.769180 -0.587470 -0.345574 -0.638326 -0.687836 0.904067 -0.030039 -0.426334
0.543024 -54.083819 -48.540623 -169.019556 -0.241418 0.768973 -0.591944 0.137449 -0.576741 -0.805281 0.960638 0.275771 -0.033541
-0.547002 -13.289690 -113.978509 0.362565 0.354503 -0.595821 0.720642 0.935028 0.231744 -0.268361 -0.007109 0.768955 0.639263
0.478507 -17.276408 -80.039035 160.471755 0.291037 -0.650950 0.701115 0.950689 0.278878 -0.135714 -0.107182 0.706040 0.700014
-1.446203 -14.080144 -111.889100 107.403582 0.269369 -0.637774 0.721585 0.942659 0.327941 -0.062046 -0.197066 0.696921 0.689540
-1.924253 -12.270179 -94.786609 -38.213373 0.364268 -0.620715 0.694278 0.930375 0.275670 -0.241680 -0.041377 0.733975 0.677915
1.266868 -4.531998 -1.619184 31.611559 0.751641 0.572894 -0.326847 0.659566 -0.655105 0.368524 0.002994 0.492575 0.870265
1.301897 -4.495821 -0.249750 27.965948 0.723439 0.608049 -0.326974 0.690280 -0.628686 0.358144 -0.012205 0.484799 0.874540
1.587992 -5.037795 16.360398 12.066575 0.745092 0.576518 -0.335357 0.663753 -0.591696 0.457523 -0.065341 0.563491 0.823534
1.097668 -5.058008 26.248297 18.894796 0.767097 0.545324 -0.337911 0.640105 -0.615509 0.459798 -0.042751 0.569008 0.821220
0.955922 -4.508283 3.940190 39.116707 0.767567 0.549863 -0.329379 0.640666 -0.673927 0.367925 0.019670 0.493429 0.869563
-0.637816 -11.753022 59.876872 -46.017820 -0.541331 -0.698069 0.468680 0.704909 -0.072940 0.705538 -0.458329 0.712306 0.531560
-0.158221 -13.275993 46.253875 -104.816093 -0.576653 -0.687045 0.442087 0.743443 -0.216903 0.632649 -0.338768 0.693486 0.635857
-1.064971 -12.396814 56.622200 -109.346821 -0.591112 -0.680215 0.433468 0.732959 -0.228666 0.640689 -0.336687 0.696433 0.633737
-3.133273 -5.904725 12.832997 -4.097761 -0.488923 -0.612498 0.621128 -0.192795 0.770301 0.607838 -0.850755 0.177436 -0.494704
-3.205973 -5.338730 -4.673048 -25.382116 -0.562490 -0.565689 0.602993 -0.263348 0.813902 0.517892 -0.783743 0.132512 -0.606785
-3.283922 -5.490963 7.179657 -22.520160 -0.523759 -0.507158 0.684447 -0.239784 0.858751 0.452824 -0.817423 0.073052 -0.571387
-12.977622 -380.903510 -360.990440 16530.300881 0.588102 -0.149207 0.794905 -0.559160 -0.785121 0.266318 -0.584360 0.601101 0.545162
-10.912333 -70.734277 242.786864 -2663.322990 0.852606 -0.299278 0.428363 0.192061 0.941846 0.275750 -0.485978 -0.152835 0.860504
-12.302317 -452.826425 374.217459 -27242.757784 0.875203 -0.242764 0.418433 -0.451516 -0.720419 0.526432 -0.173648 0.649663 0.740124
-13.098369 -92.212567 -328.458581 3170.066606 0.679441 -0.183200 0.710491 0.729952 0.070631 -0.679840 0.074364 0.980535 0.181716
-125.294478 -600.845724 -3965.054500 26808.144843 0.591409 -0.754215 0.285298 0.700775 0.305682 -0.644572 0.398935 0.581136 0.709318
-10.293574 -42.614339 403.944645 1391.456094 0.198293 0.207955 0.957828 0.292860 0.920020 -0.260376 -0.935368 0.332140 0.121532
-7.982588 -44.509222 325.410407 1350.432288 0.277007 0.182798 0.943320 0.325449 0.905861 -0.271107 -0.904074 0.382101 0.191438
-22.512784 -69.971003 729.485890 2766.819702 0.080459 0.233067 0.969127 0.656836 0.718919 -0.227425 -0.749729 0.654855 -0.095243
-12.445631 -41.801664 467.115981 -568.423867 0.211807 0.232566 0.949237 -0.241166 0.953675 -0.179841 -0.947089 -0.190832 0.258082
-21.598628 -100.856706 421.865847 4597.491539 -0.017655 -0.103394 0.994484 0.246184 0.963568 0.104551 -0.969062 0.246672 0.008443
0.054951 -20.785854 -45.612384 297.317524 0.833557 0.528219 0.161767 0.530908 -0.685016 -0.498888 0.152709 -0.501735 0.851435
0.888995 -20.028045 -56.924750 96.790852 0.834719 0.515412 0.193894 0.549485 -0.756431 -0.354794 0.036197 -0.402695 0.914618
1.014009 -19.429695 -34.641658 378.037080 0.832520 0.533617 0.148875 0.485011 -0.572179 -0.661343 0.267721 -0.622787 0.735161
-7.394737 -11.228452 28.723040 131.164291 0.152782 0.884798 -0.440217 -0.337680 -0.371897 -0.864676 0.928779 -0.280759 -0.241959
-7.331551 -10.395046 93.519711 70.150742 -0.064565 0.697858 -0.713320 -0.339381 -0.687559 -0.641937 0.938431 -0.200640 -0.281232
-7.063190 -8.874883 -36.781034 10.058578 0.573769 0.766447 -0.288702 -0.624218 0.637437 0.451692 -0.530227 0.078954 -0.844171
-6.957556 -8.904994 -27.906587 16.667501 0.588457 0.732776 -0.341698 -0.667051 0.678825 0.306985 -0.456905 -0.047282 -0.888258
-6.331239 -8.831890 -18.147436 19.164071 0.546630 0.713320 -0.438600 -0.551913 0.700821 0.451933 -0.629752 0.004971 -0.776780
-7.548124 -8.823103 -29.659491 1.777643 0.587505 0.788601 -0.181513 -0.739326 0.614275 0.275795 -0.328990 0.027834 -0.943923
-6.376980 -8.581814 -28.488979 4.438750 0.550918 0.725161 -0.413074 -0.466027 0.677914 0.568552 -0.692320 0.120722 -0.711420
-7.780408 -8.909343 -46.244496 1.807676 0.599828 0.790618 -0.123003 -0.694118 0.590638 0.411519 -0.398004 0.161462 -0.903063
-7.284757 -8.725223 -52.342205 3.575487 0.612976 0.741445 -0.272981 -0.521967 0.639386 0.564567 -0.593136 0.203579 -0.778938
-5.433073 -8.522209 -3.412635 -15.587570 0.258659 0.731179 -0.631247 -0.171089 0.677832 0.715033 -0.950697 0.076950 -0.300424
-5.626831 -8.513475 -5.764078 -8.778185 0.370680 0.702772 -0.607213 -0.160857 0.692487 0.703269 -0.914725 0.163014 -0.369737
-5.631999 -8.315604 13.452076 7.283334 -0.397002 -0.692462 0.602400 -0.282880 0.716704 0.637428 -0.873137 0.082654 -0.480417
-5.571226 -8.626624 7.352241 24.607382 -0.381767 -0.686287 0.619083 -0.400606 0.726495 0.558319 -0.832928 -0.034860 -0.552283
-1.524704 -3.565138 -19.664038 70.410754 -0.740283 -0.524094 0.421079 -0.405376 0.847634 0.342327 -0.536332 0.082724 -0.839943
-1.687684 -4.818314 -3.605351 27.032341 -0.730219 -0.508860 0.455896 -0.471617 0.858229 0.202534 -0.494325 -0.067114 -0.866682
-2.125053 -4.746708 -32.579724 27.437557 -0.705187 -0.537636 0.462233 -0.502558 0.838893 0.209032 -0.500147 -0.084892 -0.861770
-1.512018 -4.475984 -8.514030 42.793325 -0.739192 -0.525197 0.421619 -0.452936 0.850962 0.265918 -0.498441 0.005598 -0.866905
-0.279209 -6.027721 -8.494427 -6.736455 -0.225289 0.405696 -0.885808 0.954444 0.274481 -0.117035 0.195657 -0.871821 -0.449051
-0.220686 -6.037618 -8.471632 2.292728 -0.228653 0.407027 -0.884334 0.972388 0.139057 -0.187417 0.046689 -0.902769 -0.427584
-0.407523 -6.151752 -2.410056 -6.352632 -0.252518 0.413860 -0.874617 0.950039 0.277440 -0.143012 0.183467 -0.867033 -0.463242
-0.623552 -8.655830 -34.026339 140.403696 -0.036147 -0.664927 0.746034 0.992066 0.066068 0.106954 -0.120406 0.743981 0.657263
3.315531 -6.762118 -15.135956 -3.409083 0.415113 -0.665419 0.620402 0.417722 0.745208 0.519783 -0.808202 0.043387 0.587306
0.306986 -9.832114 88.610260 -130.463610 0.580736 -0.421389 0.696547 0.342016 0.902729 0.260972 -0.738763 0.086674 0.668368
3.519669 -6.562132 -97.710597 30.128805 0.260351 -0.688489 0.676904 0.452173 0.706391 0.544566 -0.853087 0.164299 0.495226
8.361997 -7.867454 159.419111 -86.550077 -0.484487 0.731810 -0.479298 0.396781 0.672126 0.625149 -0.779639 -0.112700 0.616005
7.405462 -5.718932 118.116750 -51.398556 -0.431183 0.769474 -0.471159 0.345583 0.623219 0.701549 -0.833459 -0.139672 0.534639
3.749516 -6.396701 -70.190065 21.995561 0.336497 -0.666631 0.665111 0.286492 0.745291 0.602050 -0.897046 -0.012039 0.441773
1.723692 -7.394965 -10.894861 -10.902797 0.293434 -0.735284 0.610946 0.955607 0.207776 -0.208911 0.026669 0.645126 0.763611
-4.868638 -8.974314 222.429933 302.262434 0.734608 -0.510430 0.447004 -0.671842 -0.639240 0.374166 -0.094757 0.575182 0.812519
-6.977690 -23.822320 -11.954263 2236.133791 0.997230 0.031407 0.067421 -0.012531 -0.822567 0.568530 -0.073314 0.567800 0.819895
1.437025 -5.573461 35.203238 -15.450684 0.637756 0.721415 -0.269865 -0.408760 0.020042 -0.912422 0.652826 -0.692213 -0.307668
1.663145 -5.225899 -16.967187 -23.353955 0.654105 0.702028 -0.281609 -0.352220 -0.046785 -0.934747 0.669394 -0.710611 -0.216666
1.602834 -5.282183 -30.119190 -26.386176 0.661688 0.682792 -0.309781 -0.383833 -0.046446 -0.922234 0.644081 -0.729135 -0.231345
1.216586 -2.195329 -88.270009 -23.737725 0.705469 0.671283 -0.227361 -0.059964 -0.263113 -0.962900 0.706199 -0.692930 0.145365
2.837122 -20.623175 -142.075152 265.123698 -0.393616 -0.826378 0.402698 0.916226 -0.317019 0.245006 -0.074804 0.465401 0.881933
-1.196338 -26.225987 -8.699066 461.777969 -0.333491 -0.841461 0.425120 0.888053 -0.129022 0.441266 -0.316458 0.524687 0.790290
-4.327831 -12.954557 -8.942652 82.107194 0.499822 0.839770 0.212050 -0.627894 0.519953 -0.579136 0.596596 -0.156320 -0.787170
-4.137702 -12.948810 10.630942 52.829256 0.547938 0.815210 0.187609 -0.560737 0.524365 -0.640793 0.620756 -0.245916 -0.744438
-3.644126 -10.011796 7.182675 93.025527 0.551569 0.803471 0.224067 -0.759161 0.594846 -0.264260 0.345611 0.024345 -0.938062
-4.260599 -11.242384 -25.208348 112.617979 0.462190 0.858007 0.224062 -0.764905 0.513570 -0.388800 0.448665 -0.008313 -0.893661
-79.157176 -903.849159 -2637.702767 36901.308601 -0.002203 -0.407215 0.913330 -0.673477 0.675745 0.299662 -0.739205 -0.614447 -0.275739
-39.859821 -1309.681602 1978.880444 -343311.251591 0.014203 0.390419 -0.920528 0.918820 -0.368245 -0.142005 -0.394422 -0.843782 -0.363955
7.466125 -4.860182 158.122099 -46.793988 0.388398 0.882748 -0.264391 -0.176159 -0.210497 -0.961592 0.904497 -0.420055 -0.073747
7.198189 -4.509363 -117.676826 -50.008318 0.533114 0.785930 -0.313214 -0.218815 -0.229530 -0.948386 0.817257 -0.574134 -0.049608
-1.254996 -10.248748 11.531889 100.445598 0.250071 0.403266 -0.880250 0.454258 0.754002 0.474479 0.855052 -0.518515 0.005367
-1.786381 -9.347079 35.941512 87.864831 0.265137 0.382748 -0.884990 0.372775 0.805780 0.460171 0.889236 -0.451911 0.070963
-1.826397 -9.448558 23.346391 13.687466 0.296165 0.385036 -0.874090 0.543409 0.684676 0.485721 0.785489 -0.618842 -0.006455
-1.156867 -9.403631 11.492929 -32.405955 0.294274 0.426028 -0.855513 0.600883 0.613621 0.512258 0.743197 -0.664808 -0.075421
7.383720 -5.423144 100.271375 -31.058899 0.398141 0.862492 -0.312396 -0.296002 -0.201542 -0.933683 0.868255 -0.464207 -0.175058
6.166562 -6.180039 227.039715 -11.555781 0.297390 0.895003 -0.332459 -0.407992 -0.195690 -0.891767 0.863193 -0.400843 -0.306957
7.298441 -5.834995 82.711216 -15.401309 0.406860 0.841873 -0.354562 -0.415327 -0.175223 -0.892637 0.813614 -0.510438 -0.278361
28.826158 -833.024006 919.695006 -52355.228052 0.803651 0.342122 0.486927 0.475320 0.123305 -0.871130 0.358073 -0.931530 0.063523
0.760776 -38.452517 19.147832 -406.832752 0.817141 -0.196026 0.542083 -0.536364 -0.603069 0.590441 -0.211172 0.773228 0.597934
1.067033 -43.098559 21.560054 -234.320523 0.765275 -0.221691 0.604324 -0.643700 -0.266692 0.717305 -0.002148 0.937939 0.346795
-4.684668 -8.127130 5.118145 13.205722 0.949725 -0.156558 0.271132 -0.290938 -0.121382 0.949011 0.115665 0.980182 0.160828
-4.702301 -8.145496 -1.739714 5.425682 0.947272 -0.177753 0.266607 -0.268198 0.015471 0.963240 0.175343 0.983954 0.033018
-3.549185 -8.823903 -56.205762 -7.511995 -0.060031 0.722559 -0.688698 0.308495 0.669596 0.675627 -0.949330 0.171901 0.263102
-4.210125 -8.516813 -31.008944 -30.479030 -0.018285 0.722618 -0.691005 -0.016623 0.690806 0.722849 -0.999695 -0.024704 0.000619
-3.055551 -8.974352 66.028955 -26.400450 0.072615 -0.687164 0.722864 -0.002912 0.724629 0.689134 -0.997356 -0.052146 0.050618
4.462914 -1.844372 -164.390170 2.443928 0.768621 0.510517 -0.385479 0.615080 -0.755368 0.226045 0.175779 0.410844 0.894600
1.862723 -1.824442 -171.226646 -39.163160 0.808136 0.495469 -0.318476 0.575004 -0.780819 0.244319 0.127620 0.380568 0.915905
1.873548 -1.436085 -130.056389 1.533352 0.711935 0.597710 -0.368636 0.690342 -0.691929 0.211336 0.128752 0.404942 0.905232
4.892405 -2.172895 -144.653703 29.368712 0.722180 0.551637 -0.417316 0.672902 -0.699999 0.239174 0.160184 0.453539 0.876723
3.264379 -2.023420 181.247468 37.197748 -0.673795 -0.636137 0.375939 0.731024 -0.648048 0.213632 0.107727 0.418764 0.901682
6.549781 -4.468677 197.239702 -60.291241 0.686123 -0.203493 -0.698445 -0.274094 0.817020 -0.507298 0.673875 0.539508 0.504800
8.620125 -6.506444 90.420577 26.290000 0.789361 -0.127673 -0.600507 0.300585 -0.772507 0.559358 0.535311 0.622039 0.571410
3.100074 -5.336826 118.068359 18.207369 0.327146 0.877287 -0.351202 0.706252 -0.473915 -0.525940 0.627840 0.075978 0.774625
2.994131 -4.884021 112.653957 28.323677 0.317649 0.886209 -0.337243 0.637363 -0.462885 -0.616040 0.702045 0.019262 0.711872
1.807269 -12.207428 -6.151040 -19.195397 0.304903 0.671608 -0.675261 0.944927 -0.301880 0.126419 -0.118943 -0.676618 -0.726664
1.448078 -11.603544 -26.164812 13.962474 0.299750 0.634976 -0.712008 0.951556 -0.252570 0.175353 -0.068487 -0.730078 -0.679924
2.382674 -11.713073 -18.701991 -76.259037 0.293209 0.687360 -0.664503 0.895627 -0.440655 -0.060621 -0.334485 -0.577373 -0.744823
1.463477 -11.446237 -11.921908 26.074063 0.327230 0.642984 -0.692454 0.939817 -0.145216 0.309284 0.098309 -0.751987 -0.651806
1.684918 -12.278735 1.864949 12.262379 0.334036 0.673269 -0.659643 0.941198 -0.200639 0.271828 0.050664 -0.711655 -0.700700
2.254773 -12.607959 -9.866397 -61.165380 0.322419 0.688947 -0.649152 0.929604 -0.359804 0.079852 -0.178554 -0.629200 -0.756456
1.640483 -29.369397 13.133612 296.410629 -0.637699 -0.769339 -0.038173 0.725386 -0.583118 -0.365771 0.259143 -0.260942 0.929922
2.668873 -34.496085 55.258781 -21.908519 -0.601269 -0.798847 -0.017849 0.797593 -0.598678 -0.073686 0.048178 -0.058542 0.997122
2.893619 -30.987810 -45.136636 196.884133 0.618730 0.785482 0.013836 0.741258 -0.577880 -0.341454 0.260210 -0.221524 0.939797
1.075923 -1.021265 28.750555 -34.379874 0.455600 0.704482 -0.544182 0.736088 -0.641919 -0.214742 0.500602 0.302730 0.811019
0.279085 -0.911484 21.465294 44.612106 0.509172 0.653105 -0.560534 -0.714948 0.683550 0.147000 0.479159 0.325905 0.814980
1.234905 -1.704909 54.795304 -50.480300 0.364628 0.759989 -0.538018 0.761301 -0.576013 -0.297708 0.536160 0.301041 0.788611
1.793984 -1.898949 51.820161 -47.929506 0.422965 0.725157 -0.543367 0.732643 -0.626542 -0.265858 0.533231 0.285646 0.796286
1.365728 -2.720734 57.312094 -34.962281 0.289453 0.804109 -0.519255 0.753411 -0.526004 -0.394579 0.590415 0.277000 0.758078
1.944435 -2.824833 39.497987 -49.992218 0.403564 0.742403 -0.534766 0.716673 -0.619835 -0.319662 0.568784 0.254249 0.782203
5.705811 -8.413923 -174.396412 -53.519598 0.715368 0.495465 -0.492709 -0.313721 0.857810 0.407114 0.624361 -0.136664 0.769088
7.708903 -6.770285 9.952580 -278.937757 0.623929 0.523656 -0.580084 -0.244066 0.835731 0.491921 0.742391 -0.165345 0.649243
6.619288 -5.482923 154.493886 -96.121701 0.489456 0.534322 -0.689154 -0.278320 0.844676 0.457232 0.826421 -0.031989 0.562144
-2.332687 -12.449486 -40.088968 -51.989795 0.737688 0.481746 -0.473010 -0.469020 0.869620 0.154216 0.485631 0.108088 0.867456
-2.099914 -13.014324 -37.523453 -25.748265 0.713076 0.540698 -0.446283 -0.587608 0.808145 0.040229 0.382413 0.233553 0.893987
-1.362157 -12.011864 -32.593271 -92.196816 0.739290 0.467392 -0.484763 -0.336758 0.880017 0.334909 0.583133 -0.084347 0.807986
-0.299078 -12.450086 -41.762182 -44.167578 0.718045 0.538806 -0.440567 -0.371972 0.832100 0.411397 0.588259 -0.131523 0.797906
0.070005 -21.460805 13.465622 113.475142 0.636853 0.769647 -0.045405 -0.732772 0.622548 0.274735 -0.239716 0.141695 -0.960447
0.183962 -19.247929 10.723405 -1.222996 0.602168 0.797669 -0.033433 -0.702958 0.549591 0.451441 -0.378475 0.248342 -0.891674
0.450124 -18.001335 8.397085 22.414441 0.631146 0.773231 -0.061385 -0.725767 0.616619 0.305029 -0.273709 0.147967 -0.950363
0.042829 -26.132920 -67.537790 -127.416056 -0.125303 0.852734 -0.507094 0.800452 -0.215083 -0.559478 0.586153 0.476009 0.655622
-0.623077 -23.230846 78.270168 -249.925556 0.151956 -0.859217 0.488524 0.952559 -0.004562 -0.304319 0.263705 0.511592 0.817762
0.002360 -27.403600 60.278991 -347.385682 0.190911 -0.834274 0.517242 0.936621 -0.002872 -0.350333 0.293760 0.551342 0.780850
-1.186452 -20.051795 29.123683 -254.859922 0.160029 -0.837910 0.521821 0.987103 0.138198 -0.080808 -0.004405 0.528023 0.849219
-0.759013 -22.260101 61.326609 -327.941956 0.218726 -0.835535 0.504025 0.975324 0.203102 -0.086563 -0.030042 0.510521 0.859340
-0.884014 -21.132811 20.579283 -231.997262 0.137081 -0.834110 0.534293 0.985780 0.061947 -0.156208 0.097197 0.548108 0.830741
1.487490 -37.981898 -38.856608 9.393127 -0.179158 0.783708 -0.594731 0.392606 -0.497338 -0.773638 0.902088 0.372098 0.218587
1.447466 -37.276932 -54.153035 498.067894 -0.164130 0.760186 -0.628632 -0.039560 -0.641834 -0.765823 0.985645 0.100826 -0.135417
6.041718 -109.368272 -216.382554 4697.952267 -0.259240 0.772193 -0.580096 -0.512579 -0.619064 -0.594998 0.818570 -0.143098 -0.556297
9.085160 -142.303545 -279.799018 -1100.264631 -0.315977 0.722592 -0.614833 0.130353 -0.608825 -0.782522 0.939769 0.327404 -0.098182
49.402631 -2665.749415 130.980232 170676.491175 -0.421579 0.807607 -0.412362 -0.546336 -0.589162 -0.595320 0.723732 0.025686 -0.689603
3.832954 -70.335385 14.929998 -2170.158122 0.333622 -0.759356 0.558636 0.722510 -0.174678 -0.668929 0.605537 0.626790 0.490366
13.155544 -696.565552 904.070777 -39815.440662 -0.448179 0.762735 -0.466231 0.442229 -0.264087 -0.857141 0.776897 0.590334 0.218945
8.995919 -170.377143 -47.703251 -8236.004093 -0.464878 0.741103 -0.484412 0.073583 -0.512894 -0.855293 0.882312 0.433251 -0.183901
0.892180 -15.930844 -122.393108 -22.096829 0.454375 -0.594048 0.663814 0.878683 0.176340 -0.443644 0.146489 0.784863 0.602105
1.725410 -4.949720 0.824413 13.336457 0.705919 0.625242 -0.332792 0.702773 -0.559747 0.439083 -0.088254 0.543834 0.834539
0.651722 -14.069262 19.062799 -91.567389 -0.573711 -0.676304 0.462027 0.751493 -0.210292 0.625328 -0.325752 0.705967 0.628885
0.384453 -12.482366 22.014157 -49.857127 -0.542551 -0.682425 0.489830 0.697420 -0.040906 0.715494 -0.468235 0.729810 0.498131
1.021631 -13.210786 17.231441 -65.757125 -0.545214 -0.677349 0.493903 0.711281 -0.061984 0.700169 -0.443645 0.733046 0.515580
1.301406 -14.712382 10.306032 -95.547077 -0.565735 -0.665084 0.487450 0.751651 -0.172869 0.636503 -0.339063 0.726485 0.597709
2.245278 -5.703961 -92.980291 -33.311975 -0.673608 0.505958 0.538757 -0.049700 0.696289 -0.716039 -0.737416 -0.509106 -0.443880
0.135160 -5.828681 -83.841733 12.943091 -0.663206 0.397123 0.634390 -0.066904 0.812770 -0.578730 -0.745440 -0.426261 -0.512466
1.611684 -5.756401 -69.373661 12.212182 -0.655380 0.517838 0.549837 0.038494 0.749927 -0.660400 -0.754318 -0.411647 -0.511421
-26.111279 -171.203942 -267.175240 -6991.620246 0.629591 -0.253899 0.734269 0.051650 0.956681 0.286520 -0.775208 -0.142465 0.615431
-24.254771 -98.508467 -519.395383 -3626.598731 0.878948 -0.180461 0.441457 -0.063456 0.873164 0.483279 -0.472677 -0.452790 0.756014
-6.531211 -82.549486 157.717010 3417.574572 0.205721 0.220383 0.953473 0.699450 0.648315 -0.300763 -0.684433 0.728779 -0.020775
-2.025807 -56.227153 64.485465 2005.698605 0.228190 0.220878 0.948231 0.414409 0.859265 -0.299882 -0.881019 0.461385 0.104542
-4.106320 -38.950891 190.706707 -504.729751 0.230133 0.232962 0.944864 -0.215081 0.959090 -0.184084 -0.949094 -0.160858 0.270824
-4.300581 -9.592342 -171.907480 -23.129613 0.332280 0.785133 -0.522644 -0.282536 -0.445825 -0.849361 0.899868 -0.429892 -0.073690
-4.279935 -10.216012 -172.759013 238.644034 0.402179 0.803442 -0.439014 -0.493385 -0.213734 -0.843143 0.771248 -0.555697 -0.310447
-6.274028 -8.944132 15.762836 20.708056 -0.556105 -0.680778 0.476748 -0.619563 0.721919 0.308180 -0.553975 -0.123995 -0.823248
-6.786562 -8.769030 34.014687 -4.732800 -0.621204 -0.677587 0.393676 -0.691163 0.710494 0.132262 -0.369323 -0.189932 -0.909685
-7.442708 -8.584024 -35.118474 -9.107525 0.660285 0.706299 -0.255275 -0.708084 0.698750 0.101809 -0.250281 -0.113533 -0.961493
-5.219788 -8.397976 -15.164466 -2.174293 0.144581 0.714551 -0.684480 -0.145459 0.699582 0.699591 -0.978743 0.001584 -0.205084
-1.342052 -2.297162 39.285718 22.968848 -0.573501 0.629665 0.524040 0.559138 0.768390 -0.311355 -0.598717 0.114448 -0.792742
-1.568033 -2.336297 -29.277330 57.547412 -0.778107 -0.427563 0.460150 -0.293355 0.895132 0.335681 -0.555420 0.126209 -0.821936
