16548
33081
-3.758339 -5.064577 29.416450 57.245364 0.550280 0.803110 0.228485 0.602704 -0.571425 0.556975 -0.577875 0.168784 0.798482
-4.349130 -6.418419 24.715624 56.573555 0.512703 0.840880 0.173370 0.549018 -0.476347 0.686785 -0.660088 0.256933 0.705882
-4.896991 -7.077170 4.032091 139.081197 0.018918 0.972458 -0.232311 0.771100 0.133712 0.622516 -0.636433 0.190912 0.747332
-3.526298 -5.558971 -9.380013 -40.894428 0.712403 0.612337 0.342818 -0.372307 0.743873 -0.555014 -0.594869 0.267760 0.757915
-2.846671 -6.047081 -67.257410 150.801951 -0.065512 0.987223 -0.145252 0.831025 0.134556 0.539715 -0.552364 0.085350 0.829222
-2.763784 -4.046968 25.632171 36.111457 0.560683 0.782929 0.269550 0.637299 -0.615866 0.463205 -0.528663 0.087927 0.844265
-2.838430 -4.674811 -4.866721 -38.004524 0.767009 0.489466 0.414874 -0.332119 0.856088 -0.395994 -0.548994 0.165943 0.819188
-0.026507 -4.268968 119.528577 -60.153308 -0.464230 -0.810383 -0.357448 0.839121 -0.273233 -0.470340 0.283489 -0.518289 0.806852
1.057670 -1.618614 102.471069 -126.356929 -0.440611 -0.826701 -0.349895 0.867141 -0.291123 -0.404120 0.232224 -0.481468 0.845139
2.195508 -4.663007 89.078300 -51.819375 -0.433164 -0.847778 -0.306010 0.832232 -0.245848 -0.496939 0.346062 -0.469927 0.812040
-0.626189 -1.474880 -134.141679 72.835315 0.979096 0.122089 -0.162680 0.027838 -0.872722 -0.487423 0.201484 -0.472705 0.857878
-1.983547 -3.970409 75.973741 -59.245158 -0.436813 -0.841757 -0.317239 0.851452 -0.273116 -0.447702 0.290214 -0.465676 0.836016
-3.544173 -5.493811 -5.583244 -14.612470 0.045760 0.994298 0.096317 0.864446 0.008907 -0.502648 0.500640 -0.106262 0.859109
-3.477015 -5.214290 4.150286 -10.168757 0.049369 0.989419 0.136428 0.907955 0.012455 -0.418883 0.416150 -0.144551 0.897733
-3.492992 -5.552102 -2.305904 -6.476644 0.100124 0.980695 0.167966 0.850103 0.003402 -0.526605 0.517010 -0.195514 0.833351
0.419090 -4.023146 15.985795 2.124330 0.404089 0.910462 0.088153 0.823001 -0.319817 -0.469452 0.399226 -0.262251 0.878546
0.392257 -4.126129 5.462757 -6.631659 0.433393 0.897038 0.086559 0.781823 -0.326470 -0.531197 0.448245 -0.297891 0.842815
0.395493 -3.858560 2.846018 -7.324480 0.420212 0.902201 0.097236 0.824797 -0.335073 -0.455451 0.378327 -0.271585 0.884935
0.338675 -3.746863 7.113211 -12.686794 0.384625 0.917550 0.100826 0.870783 -0.324425 -0.369439 0.306268 -0.229893 0.923769
-0.300539 -9.640135 -6.251403 11.150612 0.461759 -0.635595 0.618706 0.777589 -0.045540 -0.627121 0.426771 0.770678 0.473203
-0.242433 -9.424309 3.349243 -2.244335 0.396872 -0.642887 0.655125 0.829586 -0.054195 -0.555743 0.392784 0.764042 0.511821
-0.892569 -9.219720 -1.467492 76.956726 0.438332 -0.644372 0.626618 0.690729 -0.204591 -0.693567 0.575116 0.736836 0.355408
-0.757494 -9.406377 -11.593593 80.921140 0.504492 -0.634211 0.585888 0.647319 -0.171226 -0.742738 0.571372 0.753962 0.324154
-0.436475 -4.322211 8.180096 15.389095 0.463285 0.885747 -0.028600 0.785404 -0.425322 -0.449714 0.410497 -0.185884 0.892715
-0.449489 -4.706867 3.737722 0.005862 0.458692 0.888580 -0.005313 0.781612 -0.406304 -0.473285 0.422710 -0.212939 0.880893
-0.367689 -4.383036 -0.095397 -45.483289 0.483640 0.874905 -0.025152 0.767620 -0.437790 -0.468079 0.420536 -0.207075 0.883328
-1.846463 -4.750242 -19.862440 39.078129 0.135979 0.983619 0.118338 0.796865 -0.179562 0.576857 -0.588657 -0.015859 0.808228
-1.522090 -3.721628 -25.524822 41.353547 0.004648 0.999224 0.039117 0.873580 -0.023094 0.486133 -0.486659 -0.031912 0.873009
-1.667138 -4.392470 19.610960 52.575323 0.146627 0.988423 0.039002 0.845776 -0.145718 0.513253 -0.512994 0.042270 0.857351
-1.194937 -4.099171 -50.153873 35.135834 0.022654 0.993635 0.110343 0.824916 -0.080932 0.559432 -0.564801 -0.078351 0.821499
-1.734000 -5.250294 25.860998 35.269396 0.180194 0.982222 0.052623 0.767478 -0.173857 0.617051 -0.615230 0.070801 0.785162
-1.321938 -4.704969 -46.801904 18.364764 0.131185 0.971092 0.199426 0.728567 -0.230860 0.644899 -0.672295 -0.060695 0.737791
0.040860 -8.250858 5.615992 29.160157 -0.258100 -0.943622 -0.207274 0.961787 -0.271253 0.037260 -0.091383 -0.189737 0.977573
0.061443 -7.622250 1.867109 26.348530 -0.273882 -0.940100 -0.202977 0.960186 -0.255192 -0.113665 0.055058 -0.226027 0.972564
-0.058510 -7.871765 -0.108484 25.758788 -0.273150 -0.941330 -0.198210 0.961890 -0.269954 -0.043511 -0.012549 -0.202541 0.979193
-0.068034 -8.132592 5.209358 25.808972 -0.251861 -0.945836 -0.204844 0.956101 -0.275950 0.098607 -0.149793 -0.171016 0.973815
-0.183594 -7.710357 4.867799 29.514005 -0.270525 -0.941358 -0.201647 0.962697 -0.265710 -0.051105 -0.005472 -0.207950 0.978124
-0.395856 -10.899426 5.560497 18.219531 0.223843 0.974296 -0.025321 -0.941941 0.222935 0.251092 -0.250283 0.032354 -0.967632
-0.195490 -10.255573 15.581800 15.951880 0.239150 0.970980 0.002406 -0.941856 0.231373 0.243667 -0.236039 0.060539 -0.969856
-0.148751 -10.570120 3.934852 -7.099281 0.276285 0.960798 -0.023097 -0.958857 0.277200 0.061267 -0.065268 -0.005220 -0.997854
-0.380040 -11.290983 16.501859 -10.666425 0.263433 0.964517 -0.017606 -0.963652 0.263950 0.041282 -0.044465 -0.006091 -0.998992
0.774317 -14.191332 -3.938577 -16.974914 0.280373 0.954174 -0.104604 -0.942490 0.252995 -0.218415 0.181942 -0.159826 -0.970233
0.644823 -15.022672 0.241599 23.373092 0.241772 0.966735 -0.083481 0.970191 -0.242313 0.003744 -0.016610 -0.081898 -0.996502
0.682666 -14.700729 1.483109 33.198267 0.246247 0.963607 -0.104037 0.965696 -0.253066 -0.058210 -0.082420 -0.086134 -0.992868
0.702648 -13.724261 1.038510 39.148886 0.274121 0.955814 -0.106196 0.953715 -0.255988 0.157791 0.123634 -0.144534 -0.981746
1.030008 -8.945855 -2.954242 -39.541306 0.409628 0.911936 -0.024051 -0.076393 0.008019 -0.997046 0.909048 -0.410255 -0.072950
1.081576 -8.151147 -7.670575 -49.879419 0.418184 0.908351 -0.004589 0.136797 -0.067971 -0.988264 0.898003 -0.412648 0.152684
1.238717 -9.005923 8.026813 -62.922217 0.363909 0.931023 -0.027670 0.021773 -0.038202 -0.999033 0.931180 -0.362955 0.034173
1.091515 -9.031291 1.249801 6.432617 0.377895 0.925129 -0.036497 -0.216954 0.050160 -0.974892 0.900070 -0.376325 -0.219666
1.060022 -8.695795 2.503444 26.797760 0.408612 0.911935 -0.037557 -0.295162 0.093092 -0.950901 0.863664 -0.399635 -0.307207
1.040665 -8.852524 -3.215739 -18.457728 0.421751 0.906234 -0.029426 -0.170059 0.047183 -0.984304 0.890621 -0.420136 -0.174013
0.178190 -2.345422 16.804345 27.381423 0.421899 0.865552 0.269854 -0.368307 0.435597 -0.821344 0.828463 -0.247135 -0.502566
0.317088 -3.099005 28.296066 -2.190391 0.398717 0.876865 0.268576 -0.303628 0.402565 -0.863569 0.865353 -0.262772 -0.426750
-0.043304 -2.813679 22.553917 22.843293 0.368124 0.911594 0.182979 -0.408657 0.335406 -0.848824 0.835155 -0.237697 -0.496001
-0.189160 -1.401131 21.665609 76.037375 0.355793 0.921244 0.157230 -0.499215 0.329570 -0.801354 0.790061 -0.206624 -0.577157
-0.388454 -4.134841 -10.945315 -37.014497 0.378860 0.925029 -0.028027 0.851369 -0.360244 -0.381307 0.362817 -0.120601 0.924023
-0.213899 -4.069682 -1.326740 7.042650 0.380713 0.923906 -0.038162 0.864365 -0.370234 -0.340295 0.328529 -0.096569 0.939544
-0.264381 -4.198384 -0.593545 -46.525121 0.392261 0.918844 -0.043098 0.850902 -0.380257 -0.362451 0.349424 -0.105503 0.931006
-0.361756 -4.104414 -3.416447 -31.486927 0.390593 0.919363 -0.047003 0.811140 -0.367860 -0.454676 0.435302 -0.139467 0.889416
-0.266104 -14.315488 -25.154196 -126.459937 0.287182 0.918271 -0.272588 -0.591583 -0.053787 -0.804448 0.753363 -0.392281 -0.527787
-0.090634 -16.794807 -27.599888 -164.338513 0.300304 0.914006 -0.272784 -0.705746 0.020526 -0.708168 0.641670 -0.405182 -0.651220
-0.481689 -15.508974 -17.409377 -186.082382 0.284038 0.923656 -0.257258 -0.724003 0.030709 -0.689113 0.628604 -0.381990 -0.677452
-0.568724 -16.337436 -14.170464 -211.539183 0.286327 0.926688 -0.243446 -0.611327 -0.018953 -0.791151 0.737765 -0.375353 -0.561083
-0.182253 -27.360954 -7.649082 -137.805399 0.419591 0.754668 -0.504400 0.907036 -0.327129 0.265089 0.035050 -0.568738 -0.821772
-0.406929 -26.753503 -5.606209 197.499115 0.439051 0.758333 -0.481835 0.799613 -0.085256 0.594433 0.409699 -0.646268 -0.643805
-0.227850 -28.674350 18.234018 137.667899 0.426522 0.758764 -0.492297 0.884633 -0.236570 0.401820 0.188424 -0.606887 -0.772130
0.034055 -29.396121 1.801394 -258.739109 0.400041 0.752689 -0.522902 0.881898 -0.471423 -0.003900 -0.249444 -0.459587 -0.852384
-0.039772 -25.903140 -12.049895 -222.135999 0.380168 0.764587 -0.520461 0.879977 -0.472269 -0.051015 -0.284803 -0.438599 -0.852360
1.210689 -10.921460 -13.990705 29.393230 0.290302 0.936335 -0.197488 0.510168 -0.326037 -0.795882 0.809601 -0.130294 0.572338
0.912359 -10.705295 -19.433202 -6.409755 0.302758 0.937888 -0.169423 0.506749 -0.308969 -0.804825 0.807182 -0.157812 0.568817
1.293067 -11.491292 -23.254912 116.654043 0.289421 0.941043 -0.175140 0.611946 -0.322601 -0.722115 0.736042 -0.101819 0.669235
1.369281 -1.638552 -1.080957 -4.136460 -0.163902 0.941308 -0.295085 0.833889 0.292019 0.468352 -0.527034 0.169305 0.832809
1.549242 -1.902929 18.134838 -13.511650 -0.187180 0.934351 -0.303235 0.844196 0.310846 0.436701 -0.502291 0.174248 0.846960
1.710231 -1.759597 22.425933 -4.658439 -0.166628 0.946025 -0.277980 0.833575 0.285739 0.472765 -0.526677 0.152941 0.836194
1.625262 -1.584168 9.381287 -6.293728 -0.122701 0.959693 -0.252850 0.818217 0.242010 0.521491 -0.561664 0.142898 0.814932
-0.675053 -11.046225 -1.242178 -61.921361 0.369634 0.844422 -0.387715 0.208465 -0.481994 -0.851013 0.905491 -0.233738 0.354194
-0.500504 -11.614023 -14.200591 -96.008663 0.394344 0.817736 -0.419287 -0.027378 -0.445604 -0.894812 0.918555 -0.364343 0.153333
-0.617878 -9.533285 0.808514 -122.231475 0.357056 0.833772 -0.421112 0.197271 -0.507970 -0.838481 0.913015 -0.216311 0.345852
-0.684194 -9.439679 2.377814 -27.170270 0.343472 0.867812 -0.359068 0.343969 -0.472002 -0.811726 0.873907 -0.155297 0.460619
-0.686364 -9.216797 18.023006 18.021692 0.318987 0.871621 -0.372188 0.356245 -0.474175 -0.805138 0.878258 -0.124238 0.461766
-0.491184 -9.131635 17.266396 -59.085714 0.312110 0.862958 -0.397354 0.296246 -0.485795 -0.822339 0.902677 -0.138946 0.407269
-0.746210 -10.791611 -1.010358 -172.999887 0.350764 0.821570 -0.449429 0.125906 -0.516938 -0.846713 0.927961 -0.240411 0.284764
-1637.045281 -2911.328004 -254260.255865 -566813.604252 -0.211181 -0.082783 -0.973935 0.881652 -0.446330 -0.153233 -0.422011 -0.891031 0.167242
-65.238599 -461.967741 -2239.928618 -16999.807417 -0.482558 -0.859691 -0.167541 0.828048 -0.385451 -0.407142 0.285438 -0.335201 0.897867
-60.054596 -424.011596 2081.039356 23638.859105 0.029048 0.999426 -0.017406 0.109410 0.014130 0.993896 -0.993572 0.030775 0.108937
-70.483038 -399.163063 2327.496030 15715.746419 0.581882 0.703463 -0.408109 0.749723 -0.269520 0.604379 0.315165 -0.657646 -0.684231
0.202475 -4.107694 -0.869172 44.619626 -0.349856 -0.905479 -0.240227 0.932853 -0.313207 -0.178006 0.085940 -0.286373 0.954256
-0.546942 -4.228221 -13.469505 52.176279 -0.420796 -0.880465 -0.218430 0.906899 -0.402580 -0.124351 0.021552 -0.250420 0.967897
0.218438 -3.233727 -7.228788 11.450360 -0.078938 -0.968922 -0.234432 0.993177 -0.056189 -0.102192 0.085843 -0.240899 0.966746
0.930458 -3.337983 -5.396178 12.189442 -0.099489 -0.961777 -0.255123 0.982984 -0.055209 -0.175199 0.154417 -0.268212 0.950904
1.685481 -2.563000 -33.410115 9.502129 -0.133434 0.990437 -0.035070 0.842557 0.132001 0.522182 -0.521817 -0.040128 0.852113
1.631218 -2.381623 -45.259913 8.320886 -0.209048 0.975865 -0.063141 0.861141 0.214300 0.460991 -0.463395 -0.041996 0.885156
0.681896 -3.011943 -62.028576 14.483393 -0.154357 0.987898 0.015202 0.849299 0.124808 0.512946 -0.504841 -0.092088 0.858286
2.151952 -2.230704 -15.466983 3.096838 -0.180930 0.977443 -0.108944 0.849396 0.211138 0.483680 -0.495772 0.005024 0.868438
0.922086 -3.197643 -46.307023 18.540920 -0.069118 0.996151 0.053908 0.824123 0.026564 0.565788 -0.562178 -0.083533 0.822787
2.054698 -2.245679 -6.079516 2.579491 -0.123770 0.987714 -0.095410 0.832336 0.155685 0.531957 -0.540275 0.013573 0.841379
1.638162 -2.647673 -19.736967 9.715685 -0.050133 0.998734 0.004157 0.814503 0.038476 0.578883 -0.577990 -0.032407 0.815400
-1.466729 -4.466462 18.656598 4.472201 0.116121 0.963014 0.243145 -0.019785 0.246995 -0.968815 0.993038 -0.107689 -0.047734
-1.523049 -4.454081 10.715987 0.883155 0.151561 0.972298 0.177950 0.041938 0.173542 -0.983933 0.987558 -0.156589 0.014474
-1.714009 -4.453654 15.717651 1.069655 0.149804 0.971388 0.184292 -0.036344 0.191679 -0.980784 0.988048 -0.140227 -0.064019
-1.755936 -4.357695 20.440649 9.556238 0.124277 0.967027 0.222291 -0.122389 0.237256 -0.963707 0.984671 -0.092560 -0.147839
-1.541908 -4.278774 9.099203 11.640162 0.104738 0.958041 0.266809 -0.131718 0.279285 -0.951131 0.985739 -0.064476 -0.155443
-1.275223 -4.483849 1.786126 7.785771 0.104768 0.952628 0.285523 -0.016317 0.288710 -0.957277 0.994363 -0.095633 -0.045792
109.979582 -154.517035 -21918.763384 3930.070146 -0.151280 0.092111 0.984190 0.724925 -0.666538 0.173810 0.672010 0.739758 0.034060
-3.546062 -17.649270 1.626202 -494.616661 0.851857 -0.009363 -0.523691 0.011765 0.999930 0.001260 0.523643 -0.007234 0.851907
169.141039 -32.378083 6375.660909 -791.457904 0.288133 0.955958 -0.055891 0.797419 -0.271846 -0.538723 0.530190 -0.110655 0.840627
1.720168 -29.838904 -39.007232 71.634301 0.368734 0.917239 0.150692 0.508521 -0.334760 0.793311 -0.778101 0.215891 0.589873
1.343968 -26.733690 -28.953688 197.125609 0.357435 0.919775 0.162031 0.703402 -0.379253 0.601160 -0.614382 0.100903 0.782530
1.456112 -27.048383 -24.679069 -105.648975 0.352016 0.925397 0.140450 0.413023 -0.288229 0.863908 -0.839939 0.246100 0.483671
2.041278 -30.566088 -21.045907 -391.698883 0.386450 0.914046 0.123193 0.137650 -0.189233 0.972236 -0.911981 0.358763 0.198948
2.443909 -32.231068 -5.895089 -134.159011 0.436972 0.892146 0.114587 0.434180 -0.320779 0.841777 -0.787746 0.318082 0.527523
-4.437141 -63.403972 70.226977 257.604007 0.870800 -0.065088 -0.487309 0.264300 0.897759 0.352382 -0.414550 0.435651 -0.798972
-5.140952 -56.393101 48.044126 477.738255 0.847230 -0.081797 -0.524891 0.426719 0.693301 0.580728 -0.316406 0.715991 -0.622290
4.371196 -127.524296 238.971369 5008.093878 0.913541 0.071199 -0.400467 0.231267 0.719007 0.655397 -0.334602 0.691346 -0.640376
0.255322 -30.538009 50.040421 438.827644 0.891772 0.088157 -0.443815 0.403689 0.288059 0.868365 -0.204398 0.953546 -0.221295
0.221132 -40.039661 64.220105 234.569081 0.900753 0.066959 -0.429139 0.295066 0.630696 0.717746 -0.318715 0.773136 -0.548344
-4.202560 -94.280474 -93.033779 -1660.892677 -0.878949 0.062998 0.472736 0.138853 0.982098 0.127290 -0.456254 0.177522 -0.871962
-2.134788 -52.623637 53.889338 697.956025 0.884651 0.001421 -0.466252 0.233447 0.864275 0.445569 -0.403603 0.503018 -0.764250
-2.862314 -46.281720 -92.410354 -1478.776249 0.658763 -0.191731 -0.727510 0.752333 0.161295 0.638732 -0.005121 -0.968103 0.250500
-4.421393 -30.773361 -129.357060 -497.063106 0.634252 -0.181988 -0.751402 0.729072 0.464182 0.502980 0.257251 -0.866842 0.427091
-2.329869 -27.010609 -70.302046 -202.750596 0.655295 -0.200612 -0.728247 -0.646426 -0.647709 -0.403244 0.390796 -0.735002 0.554121
-0.797604 -35.352933 -41.217500 -814.898731 0.674389 -0.178880 -0.716381 0.723355 0.354756 0.592373 0.148176 -0.917688 0.368637
-4.766693 -7.590694 20.322463 -23.604141 0.932389 0.361306 -0.010386 -0.055607 0.171773 0.983566 -0.357153 0.916489 -0.180250
-4.038073 -7.265824 19.688716 -20.642669 0.967569 0.252549 0.005447 -0.060204 0.209604 0.975931 -0.245329 0.944609 -0.218010
-4.345614 -7.089047 5.472618 -28.282051 0.946804 0.314286 -0.069185 -0.047009 0.347751 0.936408 -0.318359 0.883342 -0.344026
-4.825071 -6.540795 10.162618 -24.090903 0.737887 0.665758 0.110858 -0.448036 0.360338 0.818181 -0.504764 0.653393 -0.564172
-4.901190 -6.880578 -10.464151 -14.269154 0.608738 0.766163 0.205993 -0.507993 0.176967 0.842986 -0.609411 0.617800 -0.496932
-5.230698 -6.989634 7.344107 -14.942075 0.745252 0.660156 0.093775 -0.341383 0.256958 0.904118 -0.572763 0.705810 -0.416864
24.956864 -6.869223 -825.520239 -240.786693 -0.487072 -0.465304 0.739089 -0.479731 0.849700 0.218790 -0.729807 -0.247997 -0.637086
56.899654 -14.748629 2293.224947 -298.325487 0.448410 0.686727 -0.572132 -0.667502 0.682978 0.296619 -0.594450 -0.248892 -0.764645
25.310257 -7.267381 -1237.397616 -210.662953 -0.554552 -0.640423 0.531347 -0.530785 0.763991 0.366859 -0.640889 -0.078589 -0.763600
11.608875 -6.233150 -500.145213 -104.684377 -0.520948 -0.570620 0.634828 -0.379012 0.821013 0.426952 -0.764829 -0.018188 -0.643977
0.957361 -10.996014 62.500637 13.979793 0.252486 0.319318 0.913393 0.967110 -0.113347 -0.227709 0.030819 0.940845 -0.337434
-0.200736 -10.581874 18.294371 140.268895 0.270161 0.370277 0.888768 0.913038 -0.391492 -0.114436 0.305572 0.842395 -0.443843
-0.499456 -10.853083 24.236364 137.537958 0.314975 0.341584 0.885501 0.916189 -0.352990 -0.189724 0.247766 0.871045 -0.424138
0.423347 -10.928004 48.864161 -111.207630 0.327464 0.307579 0.893399 0.925777 0.084644 -0.368473 -0.188956 0.947750 -0.257031
2.677594 -10.783662 121.682516 -157.418677 0.242208 0.283263 0.927953 0.930839 0.201897 -0.304592 -0.273630 0.937550 -0.214771
-0.222690 -11.230142 29.115551 34.565856 0.335941 0.330132 0.882132 0.941653 -0.138431 -0.306802 0.020829 0.933729 -0.357374
0.001223 -4.891664 -71.981903 23.547299 -0.519563 -0.312228 -0.795341 0.405997 0.728829 -0.551338 0.751811 -0.609362 -0.251909
-1.533780 -4.925769 -38.469521 9.219569 -0.607233 -0.447941 -0.656214 0.240424 0.683604 -0.689117 0.757274 -0.576225 -0.307411
-1.100348 -4.538993 -37.650502 15.655933 -0.567320 -0.394772 -0.722705 0.245175 0.756837 -0.605877 0.786153 -0.520916 -0.332580
1.001276 -4.587448 -77.934256 14.954890 -0.484312 -0.232883 -0.843331 0.427055 0.778361 -0.460193 0.763588 -0.583026 -0.277516
3.499468 -4.961826 -140.093584 10.856516 -0.393743 -0.160401 -0.905118 0.587870 0.713031 -0.382094 0.706665 -0.682538 -0.186456
-0.445536 -7.597640 2.792331 8.054143 0.000390 0.999524 -0.030846 0.296604 0.029343 0.954550 -0.955001 0.009521 0.296451
-0.444095 -7.484677 11.501583 22.435673 0.027485 0.999330 -0.024151 0.228507 0.017240 0.973390 -0.973154 0.032272 0.227880
-0.476707 -7.290829 4.980137 16.281733 0.004273 0.999843 -0.017190 0.146189 0.016381 0.989121 -0.989247 0.006739 0.146096
-0.564525 -7.466939 -5.146385 7.701468 -0.014169 0.999728 -0.018540 0.209076 0.021094 0.977672 -0.977797 -0.009977 0.209318
-0.496347 -7.375595 1.136855 -24.767414 -0.012929 0.999583 -0.025838 -0.028842 0.025457 0.999260 -0.999500 -0.013664 -0.028501
0.711348 -12.204144 25.054604 -113.138524 0.040000 0.979225 0.198791 -0.323787 -0.175512 0.929708 -0.945284 0.101554 -0.310040
0.192350 -12.442424 23.405172 -115.619917 0.053759 0.986143 0.156948 -0.282698 -0.135714 0.949560 -0.957701 0.095417 -0.271485
1.081806 -13.536065 28.817532 -88.344188 0.048197 0.983722 0.173110 -0.060097 -0.170142 0.983585 -0.997028 0.057810 -0.050918
1.362321 -13.886672 22.197610 18.185789 0.033462 0.986823 0.158307 0.279969 -0.161310 0.946360 -0.959426 -0.012654 0.281678
1.757624 -13.834313 27.874442 -46.645182 0.023193 0.981538 0.189854 0.110711 -0.191259 0.975276 -0.993582 0.001601 0.113103
-0.370925 -11.756066 3.071438 -92.196929 0.056184 0.982708 -0.176435 -0.932029 0.114986 0.343656 -0.358001 -0.145135 -0.922372
-0.419981 -12.945112 -10.397786 -102.061625 0.039826 0.980885 -0.190468 -0.906721 0.115572 0.405586 -0.419846 -0.156548 -0.893992
-0.241502 -13.173457 1.637624 -101.719085 0.025885 0.986754 -0.160145 -0.827628 0.111003 0.550190 -0.560679 -0.118299 -0.819539
-0.419703 -7.343999 7.570376 70.408347 0.077375 0.995611 0.052645 0.956302 -0.089046 0.278490 -0.281956 -0.028797 0.958995
-0.364052 -7.598568 2.812998 63.779278 0.049709 0.997381 0.052538 0.935891 -0.064884 0.346263 -0.348765 -0.031957 0.936665
-0.192865 -8.250495 6.469118 38.525181 0.077384 0.996005 0.044565 0.875519 -0.089270 0.474866 -0.476947 -0.002271 0.878929
3.662559 -4.789628 130.678683 -24.319311 0.369112 0.887172 0.276915 0.768428 -0.458918 0.445996 -0.522756 -0.048167 0.851120
1.137840 -4.717782 51.912195 -28.042744 0.250887 0.951481 0.178155 0.847135 -0.304864 0.435224 -0.468421 -0.041729 0.882519
3.757052 -5.307085 159.185057 -38.723789 0.299663 0.931523 0.206074 0.853702 -0.358242 0.377963 -0.425905 -0.062664 0.902595
11.651801 -4.184258 392.474268 -26.039110 0.513558 0.776821 0.364427 0.733529 -0.617820 0.283256 -0.445190 -0.121849 0.887107
6.381654 -5.073142 183.513189 -9.774908 0.406563 0.827384 0.387483 0.726733 -0.549899 0.411669 -0.553684 -0.114227 0.824855
-0.055354 -3.983472 -18.242359 24.241604 0.280634 0.934183 0.220333 0.794903 -0.354867 0.492138 -0.537935 -0.037033 0.842172
-0.130247 -3.802473 -6.197379 -3.732033 0.288382 0.933609 0.212628 0.814896 -0.355901 0.457470 -0.502772 -0.041343 0.863430
-0.193986 -4.064848 2.176798 18.592214 0.295769 0.933938 0.200700 0.776525 -0.357427 0.518898 -0.556354 -0.002375 0.830942
-0.162240 -4.289011 -16.636376 39.526452 0.272867 0.938693 0.210710 0.767456 -0.344462 0.540701 -0.580134 -0.014171 0.814398
0.036054 -2.827779 7.804214 -20.844672 0.271443 0.960974 0.053371 -0.954714 0.261826 0.141311 -0.121822 0.089312 -0.988526
0.231598 -2.423434 9.340662 -17.091197 0.282411 0.958063 0.048565 -0.956352 0.277223 0.092406 -0.075067 0.072542 -0.994536
0.042147 -2.443837 8.759504 19.705247 0.296448 0.953757 0.049652 0.952112 -0.291063 -0.093622 -0.074840 0.075028 -0.994369
0.091282 -2.113161 9.492134 10.468242 0.319373 0.946443 0.047402 0.947066 -0.317060 -0.050382 -0.032655 0.060984 -0.997604
-0.149535 -2.360749 7.643879 15.265877 0.321233 0.945972 0.044117 0.945975 -0.318369 -0.061420 -0.044056 0.061464 -0.997137
-0.146675 -2.758688 10.512141 -23.474702 0.273517 0.960306 0.054782 -0.956900 0.265882 0.116831 -0.097628 0.084376 -0.991640
-0.715944 -5.068635 5.922338 -20.821659 0.312164 0.943621 -0.110153 -0.385690 0.231839 0.893025 -0.868215 0.236285 -0.436317
-0.793514 -5.676509 3.285753 -8.397844 0.301112 0.946811 -0.113493 -0.244228 0.191618 0.950597 -0.921783 0.258518 -0.288937
-0.682293 -5.575788 -13.999469 -5.871895 0.292484 0.947805 -0.126959 -0.256619 0.205689 0.944372 -0.921195 0.243634 -0.303385
-0.753885 -2.663708 -17.022341 4.032991 0.208834 0.971422 -0.112815 -0.725542 0.231249 0.648161 -0.655727 0.053506 -0.753100
-0.187366 -2.891493 -24.714890 -1.578188 0.132658 0.988372 -0.074316 -0.696180 0.146284 0.702805 -0.705504 0.041495 -0.707490
-0.567710 -2.649304 -11.353285 -10.988369 0.028321 0.997920 0.057916 -0.705917 -0.021054 0.707981 -0.707728 0.060935 -0.703852
-4.697305 -7.983177 -44.538527 66.020886 0.465396 0.706063 0.533743 -0.408956 -0.363265 0.837134 -0.784959 0.607876 -0.119687
-5.191222 -8.292980 -24.777671 56.746265 0.555991 0.617060 0.556876 -0.451106 -0.338706 0.825701 -0.698124 0.710292 -0.090043
-4.812338 -9.063395 -43.749989 -31.408994 0.477592 0.689708 0.544250 0.561636 0.236696 -0.792805 -0.675626 0.684308 -0.274321
-5.004744 -6.820201 -34.035637 93.202311 0.508370 0.639109 0.577147 -0.315561 -0.485335 0.815396 -0.801237 0.596648 0.045053
-4.255099 -8.987880 -27.418986 38.098826 0.408201 0.741092 0.533061 -0.549467 -0.266851 0.791755 -0.729011 0.616095 -0.298277
-4.530686 -5.977178 -25.064303 93.682868 0.443179 0.675644 0.589150 -0.263474 -0.530013 0.806020 -0.856839 0.512437 0.056876
-4.204420 -7.718180 -29.515659 73.372762 0.400190 0.733225 0.549754 -0.372410 -0.418005 0.828602 -0.837352 0.536333 -0.105779
1.201443 -36.713407 -47.066309 -899.487543 0.707869 0.678355 -0.196869 -0.014308 0.292428 0.956180 -0.706199 0.674033 -0.216706
0.626605 -23.525834 -39.219965 -432.067757 0.718145 0.661253 -0.216822 -0.237470 0.525736 0.816829 -0.654122 0.535113 -0.534583
1.485959 -35.341482 -84.055445 -1072.686674 0.726533 0.612288 -0.311855 0.025554 0.429460 0.902724 -0.686656 0.663828 -0.296370
8.681869 -68.461120 -267.033257 -2693.634805 0.708044 0.704791 -0.044078 0.151201 -0.090336 0.984367 -0.689791 0.703639 0.170527
0.818366 -49.865824 -22.657812 -1554.320488 0.712880 0.695237 -0.091913 -0.132679 0.262405 0.955793 -0.688621 0.669170 -0.279306
0.105078 -4.630199 0.268349 18.849504 0.310256 0.949672 -0.043181 -0.540298 0.138777 -0.829951 0.782189 -0.280828 -0.556162
0.186650 -4.764121 -1.771089 20.501533 0.306536 0.950927 -0.042108 -0.577752 0.150720 -0.802176 0.756464 -0.270224 -0.595601
0.226249 -4.307297 1.890071 20.116327 0.263451 0.959912 -0.095722 -0.652958 0.104400 -0.750164 0.710098 -0.260133 -0.654287
0.070579 -4.988768 -1.564351 8.512896 0.326563 0.945052 -0.015259 -0.471890 0.149031 -0.868970 0.818948 -0.290974 -0.494629
0.156790 -3.954656 -2.424857 21.448931 0.259732 0.958208 -0.119906 -0.645591 0.079956 -0.759486 0.718158 -0.274673 -0.639378
0.857096 -2.958347 14.790173 6.647280 0.202841 0.977074 -0.064668 -0.474794 0.155896 0.866179 -0.856403 0.144992 -0.495531
1.221683 -2.936361 13.735077 1.636807 0.164232 0.985107 -0.050906 -0.489197 0.126152 0.863002 -0.856571 0.116829 -0.502629
0.938565 -3.036840 7.407912 10.005920 0.182046 0.981494 -0.059403 -0.529445 0.148750 0.835201 -0.828581 0.120595 -0.546726
0.755895 -3.161745 12.893212 10.572478 0.216532 0.974082 -0.065403 -0.534103 0.174273 0.827262 -0.817220 0.144197 -0.557996
-1.336091 -2.896926 -37.760791 1.596112 0.090390 0.995613 0.024196 -0.994563 0.091502 -0.049710 0.051706 0.019571 -0.998471
-1.965339 -3.165304 -31.220342 2.666018 0.193432 0.978975 0.064743 0.980627 -0.194992 0.018656 0.030888 0.059880 -0.997728
-1.898693 -3.237152 -32.896838 10.835254 -0.052591 0.997553 0.046075 -0.993510 -0.047606 -0.103301 0.100855 0.051209 -0.993582
-1.406232 -3.140896 -38.468110 15.734718 -0.105586 0.994378 0.008040 -0.987135 -0.103834 -0.121587 0.120069 0.020774 -0.992548
-0.851384 -2.920256 -27.309514 12.324572 -0.028027 0.999600 0.003744 -0.993400 -0.027436 -0.111368 0.111221 0.006841 -0.993772
-0.578817 -2.607928 -27.658989 1.604360 0.117105 0.993068 0.010125 -0.991939 0.117457 -0.047548 0.048408 0.004475 -0.998818
0.276536 -4.287841 -5.010293 2.684155 0.069011 0.986031 -0.151593 -0.936952 0.116242 0.329558 -0.342576 -0.119292 -0.931886
0.217131 -4.293210 -1.304795 -3.016272 0.077718 0.984778 -0.155473 -0.929098 0.128097 0.346941 -0.361576 -0.117486 -0.924911
0.256784 -4.305056 -3.517950 14.534684 0.078812 0.984727 -0.155248 -0.959813 0.117032 0.255074 -0.269347 -0.128906 -0.954377
-0.347847 -3.676038 12.143514 -18.781761 0.217228 0.973929 0.065379 -0.950055 0.195577 0.243199 -0.224072 0.114943 -0.967771
-0.327034 -3.116205 12.344997 -26.145619 0.255436 0.965054 0.058513 -0.957955 0.244449 0.150224 -0.130670 0.094425 -0.986919
-0.489471 -3.617485 9.005112 -20.255230 0.229405 0.972255 0.045764 -0.951763 0.214230 0.219663 -0.203764 0.093949 -0.974502
-0.455362 -4.157728 5.072561 -16.915603 0.187970 0.980730 0.053256 -0.934831 0.162014 0.315978 -0.301261 0.109180 -0.947271
-0.270098 -4.101802 7.891994 -19.493222 0.196589 0.978207 0.066817 -0.933385 0.165842 0.318258 -0.300241 0.124932 -0.945647
1.578359 -30.130388 -46.358332 -269.585259 0.073005 0.989031 -0.128407 0.074081 0.123018 0.989636 -0.994576 0.081761 0.064287
1.077508 -27.086593 -31.997875 -272.326395 0.049985 0.991249 -0.122180 -0.222198 0.130304 0.966255 -0.973720 0.021150 -0.226766
1.377492 -32.091493 -26.497565 -697.631469 0.076489 0.989064 -0.126101 -0.346108 0.144945 0.926930 -0.935071 0.027256 -0.353410
1.884036 -27.762161 -41.371770 -175.837995 0.102260 0.980207 -0.169522 -0.131707 0.182257 0.974390 -0.986000 0.077314 -0.147738
-2.047398 -3.872606 -3.084738 18.295332 0.025973 0.996832 0.075173 0.918771 0.005830 -0.394748 0.393936 -0.079320 0.915709
-3.170031 -4.750063 36.842424 -115.120384 0.801157 0.553695 -0.227089 -0.523000 0.832226 0.184040 0.290891 -0.028678 0.956326
-2.244754 -6.798405 66.091372 199.830490 0.791938 -0.520478 -0.319277 0.515626 0.850121 -0.106884 0.327055 -0.079982 0.941615
-1.585886 -6.813293 10.138303 121.362958 0.586799 0.799111 -0.130720 0.770258 -0.600661 -0.214262 0.249738 -0.025041 0.967990
-1.341269 -4.981627 -24.970417 111.696659 0.376842 0.925025 -0.048163 0.840270 -0.363269 -0.402470 0.389791 -0.111198 0.914165
-0.422742 -3.570427 -69.709623 36.042498 0.008117 0.990010 0.140762 0.887576 0.057705 -0.457032 0.460589 -0.128647 0.878241
-0.488788 -3.795279 11.288454 21.867789 0.385246 0.914991 0.119900 0.125253 -0.180573 0.975554 -0.914274 0.360811 0.184170
-0.594087 -4.724700 5.836740 26.503370 0.350707 0.934897 -0.054513 0.065694 0.033507 0.997277 -0.934178 0.353333 0.049667
-0.713161 -4.564844 10.273668 25.066781 0.364652 0.930724 0.027965 0.125001 -0.078692 0.989031 -0.922715 0.357156 0.145037
-5.851438 -7.891975 71.180894 78.476572 0.222570 0.960083 -0.169418 0.643430 -0.014103 0.765375 -0.732434 0.279358 0.620886
-4.286505 -7.506540 10.196608 50.027555 0.468781 0.877091 0.104667 0.484828 -0.354538 0.799528 -0.738367 0.324058 0.591439
-3.800507 -6.722242 -29.752441 49.476639 0.582679 0.790140 0.190168 0.450264 -0.508660 0.733844 -0.676571 0.341970 0.652157
2.124946 -0.528412 -189.923164 53.006100 0.748284 -0.522818 -0.408329 -0.642892 -0.723308 -0.252021 0.163587 -0.451095 0.877355
2.111054 -0.992772 66.875439 -49.528796 -0.057587 -0.908186 -0.414585 0.978114 0.031844 -0.205620 0.199943 -0.417353 0.886476
-3.539718 -5.319385 3.710976 -4.707395 0.089369 0.975253 0.202224 0.899054 0.008385 -0.437758 0.428620 -0.220932 0.876056
-3.340032 -4.122570 10.717573 -43.201071 0.346875 0.935232 0.070839 0.883912 -0.300712 -0.358149 0.313651 -0.186849 0.930973
-3.622264 -5.685568 5.883136 -1.029321 0.118967 0.959679 0.254684 0.854794 0.031507 -0.518011 0.505148 -0.279328 0.816579
-3.558873 -5.131079 6.337431 -8.337924 0.119836 0.959860 0.253591 0.920699 -0.011886 -0.390091 0.371419 -0.280228 0.885167
0.583988 -4.262262 14.656860 -10.241395 0.442777 0.893013 0.080468 0.728066 -0.305705 -0.613566 0.523323 -0.330259 0.785533
0.394746 -4.302262 5.603979 -7.235806 0.429060 0.899130 0.086442 0.746881 -0.299321 -0.593781 0.508013 -0.319330 0.799970
0.523739 -4.440434 10.892317 -9.371281 0.432273 0.897671 0.085592 0.674641 -0.258965 -0.691228 0.598330 -0.356544 0.717550
0.425871 -4.325430 -4.533293 -5.368135 0.426909 0.899641 0.091621 0.702646 -0.266228 -0.659857 0.569243 -0.346077 0.745784
0.312596 -4.279948 -3.568536 -1.740121 0.417173 0.904277 0.090825 0.766407 -0.296326 -0.569922 0.488453 -0.307365 0.816664
1.613460 -5.993162 14.466869 -123.301187 0.435210 -0.670179 0.601209 0.898436 0.366555 -0.241765 -0.058350 0.645366 0.761641
1.008408 -8.040838 9.770800 -112.565108 0.457138 -0.654370 0.602349 0.886274 0.278464 -0.370102 0.074451 0.703034 0.707248
1.463413 -7.755573 -9.293314 -108.984867 0.508417 -0.645056 0.570451 0.859396 0.338310 -0.383386 0.054317 0.685163 0.726361
2.317586 -5.583996 -17.679460 -109.264437 0.474536 -0.669331 0.571675 0.876220 0.421158 -0.234231 -0.083987 0.612064 0.786336
1.592212 -9.248352 -39.603964 -96.270606 0.555026 -0.632483 0.540289 0.817250 0.293527 -0.495927 0.155076 0.716804 0.679812
2.247235 -7.713633 -55.143142 -105.121171 0.553106 -0.641905 0.531066 0.831799 0.389740 -0.395237 0.046727 0.660349 0.749504
-0.508017 -4.571257 -4.738331 -0.779825 0.409131 0.911868 0.033291 0.876874 -0.382814 -0.290768 0.252398 -0.148154 0.956214
-0.509525 -4.724394 2.698151 20.826242 0.422719 0.906112 0.016453 0.835837 -0.382789 -0.393507 0.350264 -0.180095 0.919174
-0.540224 -4.505728 -4.543887 -6.835138 0.416348 0.909033 0.017696 0.879645 -0.397812 -0.260711 0.229955 -0.124112 0.965255
-0.531541 -4.716229 1.463069 27.050470 0.433829 0.900739 0.021490 0.811217 -0.380111 -0.444344 0.392069 -0.210203 0.895598
-0.541007 -4.930824 -4.515956 -27.921742 0.381402 0.924062 0.025339 0.916331 -0.374311 -0.142228 0.121943 -0.077465 0.989510
-0.463764 -5.007313 -4.073261 -21.116115 0.389751 0.920227 0.035730 0.911608 -0.380016 -0.156710 0.130631 -0.093650 0.986998
-0.526597 -4.850465 -8.309673 -7.230980 0.410489 0.910119 0.056404 0.881773 -0.380423 -0.278847 0.232326 -0.164199 0.958678
-0.438690 -4.501846 -2.032542 45.095792 0.434839 0.899891 0.033331 0.825990 -0.383839 -0.412806 0.358687 -0.207035 0.910209
-1.513487 -3.317119 19.416328 49.956483 0.085870 0.996303 0.002691 0.896062 -0.078411 0.436949 -0.435545 0.035109 0.899482
-0.619953 -3.365887 -54.928835 30.107869 -0.121174 0.992275 0.026577 0.861853 0.091888 0.498764 -0.492469 -0.083343 0.866330
0.225254 -8.066159 13.329297 24.324842 -0.260354 -0.941138 -0.215580 0.965325 -0.258142 -0.038867 -0.019071 -0.218224 0.975712
0.203468 -6.982742 8.946807 55.274303 -0.267753 -0.940366 -0.209809 0.946691 -0.216288 -0.238737 0.179121 -0.262547 0.948148
-2.649762 -14.516685 30.295458 -47.349049 0.113882 0.993232 -0.022813 0.504538 -0.038038 0.862551 -0.855846 0.109739 0.505455
-3.449955 -15.303566 -11.389813 2.473882 0.036724 0.999068 0.022704 0.474489 -0.037427 0.879465 -0.879495 0.021525 0.475421
-2.900068 -15.794180 -4.364521 39.698134 0.072436 0.996148 0.049426 0.719339 -0.086506 0.689252 -0.690872 0.014372 0.722834
-2.725709 -14.285559 40.579408 -97.757253 0.102661 0.994093 -0.035202 0.229800 0.010730 0.973179 -0.967808 0.107997 0.227341
-2.061295 -14.832336 37.508461 36.039056 0.164739 0.986331 0.003600 0.730144 -0.124402 0.671873 -0.663137 0.108055 0.740657
-2.193816 -13.857038 73.216804 -115.574292 0.190361 0.979227 -0.069839 0.285831 0.012774 0.958195 -0.939182 0.202365 0.277462
-1.971463 -13.838499 85.141062 -66.436327 0.211441 0.975919 -0.053625 0.533926 -0.069376 0.842680 -0.818667 0.206809 0.535738
0.018689 -14.560342 -15.315857 18.913531 0.219932 0.966930 -0.129136 -0.808359 0.254743 0.530719 -0.546064 0.012333 -0.837652
0.256998 -15.089494 6.330660 -32.452396 0.220978 0.970306 -0.098358 -0.868008 0.241652 0.433781 -0.444668 0.010481 -0.895634
0.020705 -13.646509 8.847151 65.258698 0.215912 0.972040 -0.092300 -0.679738 0.217497 0.700465 -0.700955 0.088499 -0.707693
-0.133253 -12.827733 -25.625716 37.429463 0.201640 0.970489 -0.132256 -0.683147 0.236114 0.691057 -0.701891 0.048995 -0.710598
-0.327722 -13.010926 -26.435977 -1.429646 0.227651 0.962637 -0.146643 -0.817843 0.270759 0.507762 -0.528495 -0.004339 -0.848925
-0.066393 -12.530089 -12.434585 98.878965 0.193660 0.973837 -0.118904 -0.588011 0.212233 0.780513 -0.785328 0.081237 -0.613727
1.296879 -8.024988 -3.075048 -38.582028 0.388459 0.921459 -0.003515 0.226105 -0.099016 -0.969057 0.893295 -0.375644 0.246811
-0.331407 -4.244017 -13.873012 -9.838176 0.344383 0.938738 -0.013111 0.883316 -0.328719 -0.334210 0.318046 -0.103515 0.942407
-0.110074 -4.115795 6.031278 20.559116 0.384874 0.921206 -0.057025 0.881243 -0.385140 -0.274003 0.274375 -0.055204 0.960037
0.512735 -14.801819 -5.602741 1.127622 0.265468 0.934035 -0.238966 -0.577637 -0.044360 -0.815087 0.771921 -0.354415 -0.527757
0.252657 -15.153439 -11.351531 -43.499034 0.283603 0.927220 -0.244607 -0.575697 -0.039370 -0.816715 0.766904 -0.372442 -0.522633
0.296812 -14.242100 -2.906022 13.160072 0.276824 0.937064 -0.212790 -0.367437 -0.101391 -0.924505 0.887896 -0.334112 -0.316244
0.537996 -15.748926 -7.085612 27.349673 0.274642 0.935893 -0.220628 -0.474296 -0.067738 -0.877756 0.836430 -0.345711 -0.425286
0.120280 -12.639664 -8.967724 -36.246680 0.291618 0.936308 -0.195667 -0.126086 -0.165146 -0.978176 0.948188 -0.309925 -0.069896
0.227876 -13.394685 -6.496244 -65.989638 0.291618 0.938438 -0.185184 -0.077566 -0.169761 -0.982428 0.953385 -0.300857 -0.023286
0.345090 -14.749389 4.481549 -45.946299 0.268573 0.942920 -0.196903 -0.175942 -0.152955 -0.972445 0.947055 -0.295816 -0.124820
0.833756 -8.637738 -9.631527 -6.518484 0.441821 0.896517 -0.032424 -0.200011 0.063207 -0.977753 0.874523 -0.438477 -0.207239
0.743607 -8.494288 -7.413407 35.459035 0.445622 0.893901 -0.048605 -0.419915 0.160766 -0.893211 0.790628 -0.418444 -0.447004
0.503504 -8.429179 -19.803083 3.011757 0.466465 0.883356 -0.045731 -0.227574 0.069891 -0.971249 0.854763 -0.463461 -0.233631
0.598455 -8.299731 -21.584108 -38.028008 0.466258 0.884325 -0.023936 -0.030881 -0.010770 -0.999465 0.884110 -0.466747 -0.022288
-0.471733 -28.144594 6.184665 439.093687 0.428384 0.759378 -0.489726 0.724124 0.035680 0.688747 0.540492 -0.649670 -0.534599
-0.603492 -21.834644 -29.744382 218.012478 0.475635 0.739924 -0.475693 0.586515 0.136262 0.798394 0.655570 -0.658745 -0.369166
-0.328181 -25.200776 -4.745869 -324.499715 0.474939 0.755067 -0.452004 -0.526699 -0.167583 -0.833369 0.704997 -0.633869 -0.318101
1.254507 -2.206804 7.835110 -26.624469 -0.175111 0.933885 -0.311761 0.863398 0.297840 0.407228 -0.473159 0.197864 0.858470
1.930518 -2.157366 29.582729 -9.943122 -0.188458 0.936031 -0.297202 0.866150 0.301056 0.398935 -0.462890 0.182239 0.867480
1.930600 -1.963726 36.395728 -6.763782 -0.180219 0.946423 -0.267965 0.845271 0.288331 0.449869 -0.503029 0.145428 0.851946
-5.659612 -160.477937 -59.721534 6503.586542 0.306533 0.939458 -0.153153 -0.747042 0.137728 -0.650353 0.589886 -0.313767 -0.744033
-1.588677 -128.841170 1.110267 -4643.211566 0.249547 0.931622 -0.264208 -0.515797 -0.103036 -0.850492 0.819561 -0.348516 -0.454816
61.801883 -1333.848266 -580.146697 -80018.761606 0.170172 0.913704 -0.369034 0.948813 -0.050809 0.311725 0.266075 -0.403191 -0.875581
-0.279106 -5.584444 -6.135338 80.143387 -0.580958 -0.787627 -0.205259 0.813909 -0.564121 -0.138997 -0.006313 -0.247813 0.968787
-0.788364 -5.752982 -21.083976 76.922844 -0.626836 -0.754294 -0.195235 0.775448 -0.628356 -0.062047 -0.075875 -0.190288 0.978792
2.256125 -2.153793 -9.356285 1.481285 -0.206868 0.967952 -0.142385 0.863434 0.249062 0.438691 -0.460095 0.032189 0.887286
2.156034 -2.069939 -39.913394 9.967418 -0.222386 0.968911 -0.108422 0.881624 0.247331 0.401954 -0.416274 0.006199 0.909218
-1.880551 -4.484109 5.225361 -0.206204 0.189590 0.975794 0.109008 -0.013771 0.113653 -0.993425 0.981767 -0.186842 -0.034985
-1.602743 -4.420890 2.629645 -3.981834 0.200919 0.975898 0.085179 0.079587 0.070404 -0.994339 0.976370 -0.206561 0.063523
-1.914054 -4.521064 -4.210627 -3.162453 0.234996 0.971858 -0.016408 -0.014022 -0.013490 -0.999811 0.971895 -0.235182 -0.010457
-1.532789 -4.377934 0.474854 -10.657846 0.252705 0.965277 -0.066189 0.089957 -0.091553 -0.991729 0.963353 -0.244660 0.109969
-1.267374 -4.224542 1.792553 -15.963413 0.205608 0.975619 0.076764 0.183443 0.038628 -0.982271 0.961288 -0.216045 0.171028
0.376787 -5.625642 15.350811 5.150635 0.401065 0.916042 0.003649 -0.191761 0.087851 -0.977502 0.895754 -0.391342 -0.210895
0.262911 -5.853665 8.530051 -11.192679 0.396716 0.917083 -0.039684 -0.318887 0.097149 -0.942801 0.860771 -0.386679 -0.330986
0.602012 -5.418699 15.301724 -3.304947 0.409035 0.912437 -0.012189 -0.232223 0.091167 -0.968381 0.882475 -0.398932 -0.249180
0.483845 -5.438728 15.620924 15.797055 0.407856 0.912809 0.020841 -0.111595 0.072491 -0.991106 0.906201 -0.401903 -0.131431
-0.371339 -2.023199 20.668468 1.137149 0.289265 0.948612 -0.128300 0.529084 -0.270135 -0.804424 0.797744 -0.164811 0.580036
-0.774249 -2.240664 13.918388 -29.057152 0.384830 0.882757 -0.269529 0.449825 -0.434366 -0.780374 0.805955 -0.179071 0.564243
-0.402341 -2.051692 27.735238 -18.591807 0.287716 0.947474 -0.139689 0.505217 -0.274065 -0.818318 0.813618 -0.164870 0.557533
-10.088918 -134.210047 170.120681 2478.382115 -0.742154 0.083863 0.664962 0.357898 0.888432 0.287399 -0.566671 0.451283 -0.689368
-8.020308 -29.217736 -220.619014 -259.543835 0.608473 -0.155894 -0.778112 0.706618 0.552696 0.441834 0.361180 -0.818672 0.446458
-7.730356 -53.491867 -183.880494 -1674.154494 0.602062 -0.133707 -0.787175 0.798092 0.071301 0.598302 -0.023871 -0.988453 0.149638
-13.712527 -39.977822 -289.243148 -1052.688992 0.542466 -0.010702 -0.840010 0.812220 0.262046 0.521181 0.214543 -0.964996 0.150844
-10.472726 -28.277734 -216.475270 35.448063 0.536849 0.002220 -0.843675 0.631427 0.662164 0.403533 0.559548 -0.749355 0.354081
-0.191090 -2.118696 -7.957728 12.221624 0.323676 0.927929 0.184884 0.885524 -0.365921 0.286266 -0.333287 -0.071062 0.940143
