13937
27855
-8.875578 -12.891139 -132.878940 -197.532351 0.706680 -0.128940 -0.695685 0.697939 0.288414 0.655514 -0.116123 0.948784 -0.293808
-8.508618 -13.228609 -71.792103 -413.126067 -0.272754 0.357556 0.893174 0.946851 0.264315 0.183335 -0.170526 0.895707 -0.410645
-7.345173 -9.957778 -24.228427 -173.279117 0.877133 -0.005435 -0.480216 0.423768 0.479238 0.768604 -0.225961 0.877668 -0.422658
-6.383914 -9.257617 -106.132523 -275.507886 -0.514667 0.346438 0.784282 0.824301 0.451600 0.341445 -0.235892 0.822215 -0.517993
-7.101144 -11.582220 69.416752 -176.171418 0.856768 0.000205 -0.515702 0.481563 0.357478 0.800192 -0.184517 0.933921 -0.306177
-5.351196 -7.879995 29.262013 -118.610877 0.944557 0.098399 -0.313257 0.201737 0.578817 0.790109 -0.259065 0.809499 -0.526875
-6.692133 -10.057452 12.996835 -111.813007 0.940639 0.194756 -0.277970 0.183871 0.395992 0.899657 -0.285288 0.897363 -0.336676
-5.783777 -9.009322 16.044261 -60.815451 0.953981 0.265433 -0.139520 0.005027 0.451052 0.892484 -0.299825 0.852114 -0.428960
10.040208 -9.836284 238.614242 -18.280481 -0.062133 0.622085 0.780480 -0.411376 0.696515 -0.587909 -0.909346 -0.357599 0.212634
11.721082 -13.448214 59.697365 11.776592 -0.240889 0.570477 0.785193 -0.431137 0.661916 -0.613179 -0.869536 -0.486234 0.086505
11.817750 -12.570961 120.378333 -91.307831 -0.114655 0.524745 0.843503 -0.321578 0.783778 -0.531301 -0.939916 -0.332168 0.078883
11.965443 -12.979594 153.320933 -225.072382 0.014859 0.472311 0.881307 -0.205558 0.864020 -0.459581 -0.978532 -0.174331 0.109926
9.578258 -9.703334 218.917048 -142.184344 0.065507 0.531938 0.844246 -0.329023 0.810261 -0.484996 -0.942047 -0.246006 0.228098
4.634578 -19.224044 342.667951 295.038261 0.418901 -0.046180 0.906857 0.723419 0.620580 -0.302564 -0.548805 0.782782 0.293369
7.052890 -16.566625 394.968984 373.626002 0.406677 -0.048515 0.912283 0.823034 0.452878 -0.342808 -0.396521 0.890252 0.224105
2.429148 -18.219339 170.774176 326.266843 0.375631 -0.076667 0.923593 0.781399 0.562047 -0.271145 -0.498314 0.823544 0.271030
0.010247 -9.422121 46.244192 41.614961 -0.584208 0.510995 0.630543 0.311747 0.858596 -0.406972 -0.749343 -0.041187 -0.660900
0.256066 -10.023215 3.048360 37.429202 -0.599332 0.512858 0.614636 0.214920 0.842714 -0.493601 -0.771110 -0.163734 -0.615289
0.038900 -9.535683 -22.566432 46.483960 -0.613717 0.494069 0.615831 0.305695 0.867861 -0.391622 -0.727944 -0.052089 -0.683655
0.271625 -9.839546 -0.719544 27.083824 -0.591316 0.528785 0.608878 0.235130 0.835262 -0.497043 -0.771401 -0.150744 -0.618237
-0.203878 -9.147571 13.251500 34.334457 -0.606737 0.485324 0.629548 0.390542 0.871805 -0.295690 -0.692349 0.066459 -0.718496
0.116832 -9.107729 21.260581 51.820558 -0.593148 0.513925 0.619724 0.314211 0.856481 -0.409526 -0.741247 -0.048186 -0.669500
-0.124191 -8.922682 19.638196 71.226093 -0.590343 0.512901 0.623240 0.387619 0.857431 -0.338472 -0.707988 0.041765 -0.704989
0.073724 -11.947412 20.229988 45.639601 0.406948 -0.395685 -0.823302 0.878696 0.415828 0.234479 0.249572 -0.818853 0.516907
-0.172732 -12.055479 20.097928 46.315905 0.403503 -0.395884 -0.824900 0.899034 0.339116 0.277018 0.170070 -0.853391 0.492748
-0.107825 -12.253039 21.455460 52.809807 0.421560 -0.384731 -0.821139 0.899099 0.295108 0.323315 0.117936 -0.874582 0.470317
0.207233 -12.609228 23.338601 45.755906 0.442496 -0.381076 -0.811774 0.887543 0.315623 0.335633 0.128313 -0.869001 0.477884
0.609915 -11.967141 16.411648 64.636597 0.423059 -0.393796 -0.816055 0.858233 0.463006 0.221496 0.290614 -0.794071 0.533848
0.332637 -11.406576 19.105285 40.860022 0.387968 -0.407943 -0.826476 0.830751 0.543135 0.121887 0.399166 -0.733885 0.549618
-0.320324 -22.439317 5.564498 211.332979 -0.577890 0.623196 0.526943 0.557982 0.772894 -0.302144 -0.595566 0.119419 -0.794381
-0.279091 -23.496015 12.490437 251.471717 -0.574657 0.614354 0.540684 0.499362 0.786642 -0.363086 -0.648388 0.061347 -0.758834
-0.282032 -22.357794 28.217469 164.951824 -0.550445 0.638492 0.537902 0.661172 0.726785 -0.186107 -0.509767 0.253204 -0.822208
-0.306081 -25.038627 -2.737379 153.559682 -0.586657 0.616457 0.525180 0.427330 0.786512 -0.445856 -0.687911 -0.037140 -0.724844
-0.272483 -24.700891 8.671934 37.377149 -0.564394 0.642229 0.518652 0.627691 0.741935 -0.235663 -0.536156 0.192546 -0.821865
0.644659 -8.485783 0.172364 52.932972 -0.690149 0.442258 0.572803 0.491071 0.867603 -0.078198 -0.531549 0.227318 -0.815955
0.736042 -8.517670 -2.138905 46.127693 -0.686147 0.444122 0.576157 0.472394 0.874321 -0.111382 -0.553214 0.195749 -0.809714
0.651914 -8.863512 1.489378 20.718815 -0.681020 0.455216 0.573576 0.419398 0.884567 -0.204072 -0.600264 0.101580 -0.793325
0.857931 -8.751603 -12.870930 19.625085 -0.676802 0.455556 0.578280 0.410557 0.885600 -0.217153 -0.611050 0.090448 -0.786408
0.607036 -9.072215 5.736493 -10.804258 -0.673747 0.467451 0.572323 0.329467 0.883278 -0.333574 -0.661450 -0.036183 -0.749116
-0.050592 -13.173559 -7.168751 -197.936872 0.382384 -0.624822 -0.680721 0.099439 0.760256 -0.641968 0.918637 0.177788 0.352842
-0.116191 -14.565012 -2.042568 -112.893427 0.382498 -0.645716 -0.660867 -0.078630 0.689915 -0.719607 0.920604 0.327212 0.213119
-0.055525 -12.685962 5.031166 -192.999024 0.378172 -0.622895 -0.684826 0.091016 0.761199 -0.642100 0.921250 0.180494 0.344558
-0.382755 -12.164525 -47.480808 1.195668 0.486663 -0.410767 -0.770993 0.683536 -0.370537 0.628873 -0.544001 -0.833050 0.100447
-0.395959 -12.360983 -17.298025 -73.194564 0.481897 -0.395898 -0.781690 0.745268 -0.283977 0.603268 -0.460815 -0.873282 0.158203
-0.067040 -11.914029 -27.754122 -22.885216 0.490027 -0.415145 -0.766504 0.697315 -0.340973 0.630468 -0.523092 -0.843441 0.122401
0.103816 -11.461307 -41.108625 -17.644138 0.505260 -0.431331 -0.747440 0.618020 -0.423646 0.662250 -0.602299 -0.796541 0.052520
0.217924 -11.698892 -3.186637 -26.699138 0.510536 -0.414897 -0.753136 0.683021 -0.336393 0.648323 -0.522337 -0.845399 0.111643
0.557942 -9.791782 -53.355251 -49.585347 0.288970 -0.370988 -0.882533 -0.537783 0.699758 -0.470243 0.792014 0.610497 0.002698
-0.514495 -10.835171 -38.584599 -78.549276 0.354028 -0.440156 -0.825183 -0.546122 0.618974 -0.564466 0.759220 0.650487 -0.021245
-0.281512 -10.265308 -32.324438 -64.627874 0.322250 -0.408830 -0.853823 -0.616893 0.593442 -0.516982 0.718052 0.693314 -0.060968
-1.464508 -33.454295 -7.580772 682.153665 0.569760 0.163515 -0.805380 0.191428 0.926642 0.323559 0.799205 -0.338523 0.496662
-1.303284 -28.149421 -8.611456 444.156187 0.576636 0.161734 -0.800833 -0.008002 0.981281 0.192415 0.816962 -0.104545 0.567136
-1.262281 -34.943578 -34.774983 659.973347 0.588403 0.159593 -0.792661 0.179600 0.930042 0.320572 0.788369 -0.330987 0.518577
-1.202631 -27.932908 13.696984 514.204232 0.557787 0.154016 -0.815569 -0.048707 0.987013 0.153081 0.828554 -0.045663 0.558045
-1.366603 -38.151776 -39.756153 399.801879 0.586546 0.161796 -0.793591 0.462515 0.737444 0.492195 0.664864 -0.655743 0.357711
-1.484624 -34.118207 -30.686277 484.727614 0.582381 0.164393 -0.796120 0.392338 0.800888 0.452382 0.711971 -0.575807 0.401925
-1.212248 -29.842908 18.939322 511.892959 0.551499 0.184964 -0.813411 0.139344 0.940979 0.308449 0.822455 -0.283454 0.493176
2.596616 -6.108532 289.249432 62.990522 -0.325371 0.943604 0.061203 -0.512377 -0.230336 0.827294 -0.794735 -0.237818 -0.558425
2.774405 -6.447371 355.545007 79.818452 -0.401628 0.886295 0.230600 -0.500513 -0.423296 0.755186 -0.766930 -0.187885 -0.613610
-0.687255 -6.062201 191.827760 79.050366 -0.470056 0.825794 0.311628 -0.385557 -0.509706 0.769120 -0.793973 -0.241379 -0.557981
-0.610904 -38.487661 -86.201976 420.823118 -0.730665 -0.220219 0.646245 -0.354781 0.931186 -0.083809 -0.583318 -0.290511 -0.758514
-0.770490 -51.248486 71.880863 973.385608 0.678933 0.285718 -0.676324 -0.590037 0.760528 -0.271023 -0.436927 -0.583063 -0.684932
-0.782203 -38.135910 64.159614 505.786655 0.720200 0.239959 -0.650946 -0.508727 0.820621 -0.260343 -0.471708 -0.518653 -0.713085
-0.669074 -44.434862 56.827406 1054.622488 0.680006 0.274637 -0.679828 -0.668250 0.613691 -0.420506 -0.301718 -0.740242 -0.600839
-624.548079 -3463.184235 -38586.082680 836310.094119 0.593986 -0.027987 -0.803989 -0.177532 0.970196 -0.164933 0.784642 0.240702 0.571314
-752.694247 -3714.496043 96852.528509 975016.441955 -0.673048 -0.045685 -0.738186 -0.000678 0.998128 -0.061155 0.739598 -0.040660 -0.671819
39.546761 -2937.743873 6224.446964 784376.396955 0.773834 -0.389800 -0.499236 0.604842 0.220809 0.765120 0.188008 0.894035 -0.406638
2.238020 -2.415777 -190.474947 25.895124 -0.181928 0.545508 -0.818122 0.711693 -0.501070 -0.492365 0.678525 0.671826 0.297075
1.514489 -3.075870 -270.627707 21.015347 -0.149239 0.561095 -0.814187 0.697529 -0.523876 -0.488884 0.700843 0.640879 0.313197
0.121104 -3.982216 131.417015 87.623514 -0.105254 -0.325846 0.939546 0.755875 -0.640150 -0.137334 0.646200 0.695724 0.313677
0.822317 -3.366221 97.370938 110.699733 -0.083962 -0.339661 0.936793 0.762485 -0.627151 -0.159052 0.641534 0.700936 0.311643
-3.690273 -7.944415 90.444436 -74.799060 0.648649 -0.513647 -0.561623 -0.305480 0.500167 -0.810256 -0.697091 -0.697136 -0.167524
-2.621846 -6.453956 123.181263 -69.386815 0.730436 -0.567862 -0.379467 -0.237705 0.309497 -0.920711 -0.640281 -0.762722 -0.091084
-3.753165 -7.127450 89.021375 -99.665105 0.679826 -0.588837 -0.437159 -0.294071 0.327198 -0.898033 -0.671833 -0.739062 -0.049278
-4.359077 -8.474757 -12.890365 -51.671392 -0.578711 0.531643 0.618425 -0.328209 0.542361 -0.773385 -0.746574 -0.650538 -0.139380
-4.274460 -7.927564 -6.865404 111.291434 -0.590613 0.590700 0.549773 0.360565 -0.416324 0.834666 -0.721921 -0.691193 -0.032900
-3.566939 -6.388507 63.088640 -121.075198 0.693228 -0.650224 -0.310876 -0.275611 0.159388 -0.947963 -0.665938 -0.742836 0.068716
14.431455 -26.343013 393.032545 -895.706440 -0.130146 0.800392 0.585179 -0.148913 0.567725 -0.809638 0.980248 0.192512 -0.045301
10.175408 -24.373122 447.014126 -261.757288 -0.229153 0.701423 0.674904 -0.462471 0.531645 -0.709560 0.856510 0.474721 -0.202559
15.482644 -27.072512 545.368032 25.429711 -0.121417 0.754421 0.645064 -0.580864 0.472974 -0.662490 0.804894 0.455132 -0.380789
14.432815 -27.791237 64.010234 -439.537796 0.038468 0.845950 0.531873 -0.417183 0.497257 -0.760719 0.908008 0.192625 -0.372044
-1.452531 -11.551056 -37.895097 -83.850257 -0.495032 0.625991 0.602560 0.864099 0.427299 0.265985 -0.090969 0.652343 -0.752445
-1.319143 -10.901728 -12.494003 -9.855738 -0.525015 0.597303 0.606290 0.828329 0.522260 0.202770 -0.195526 0.608665 -0.768958
-1.433001 -10.821487 -9.752406 -89.333225 -0.515892 0.593739 0.617519 0.836483 0.504645 0.213609 -0.184800 0.626743 -0.756995
-0.977579 -10.887958 -48.273968 -78.319763 -0.484371 0.477598 0.732997 0.777938 0.618439 0.111112 -0.400247 0.624046 -0.671096
-0.935480 -11.452513 -37.504393 -24.213057 -0.518854 0.451794 0.725722 0.804001 0.546354 0.234690 -0.290470 0.705251 -0.646721
-0.764132 -10.401254 -9.498435 -53.913721 -0.489843 0.475509 0.730715 0.793755 0.589900 0.148228 -0.360565 0.652617 -0.666396
4.708224 -43.188401 50.152506 -1450.247994 0.572531 -0.527713 -0.627477 0.368364 0.849297 -0.378157 0.732473 -0.014633 0.680639
5.991759 -63.620528 94.030366 -2315.381816 0.594346 -0.546622 -0.589878 0.109007 0.781477 -0.614338 0.796787 0.300829 0.524054
4.882436 -50.881577 26.853233 -2018.851883 0.552433 -0.546827 -0.629124 0.193799 0.818322 -0.541102 0.810715 0.176999 0.558043
6.458810 -1119.261335 378.939493 -87047.243028 0.678916 0.731310 0.065255 -0.467872 0.499416 -0.729163 0.565834 -0.464510 -0.681221
-2.261917 -7.375841 -51.563265 -298.884322 0.742335 0.658252 0.125075 -0.366034 0.554760 -0.747169 0.561212 -0.508868 -0.652760
-3.152075 -134.402687 -41.153909 -10096.870766 0.641815 0.765788 -0.040527 -0.525559 0.400762 -0.750451 0.558445 -0.502951 -0.659682
226.279828 -2446.120977 12105.975518 -156403.941355 0.737336 0.667405 0.104436 -0.482857 0.628819 -0.609455 0.472424 -0.398946 -0.785912
-4.177860 -75.042556 58.163317 -4092.816731 0.561916 0.826576 -0.031972 -0.656869 0.422388 -0.624589 0.502766 -0.371968 -0.780299
0.090579 -66.161620 166.544218 -3768.132820 0.401879 0.896015 -0.188816 -0.809053 0.250872 -0.531504 0.428867 -0.366362 -0.825743
1.954225 -80.114076 275.277859 -4130.794656 0.422633 0.895101 -0.142041 -0.719506 0.236080 -0.653129 0.551084 -0.378234 -0.743805
-0.083859 -25.169149 140.971286 -853.125352 0.359743 0.910615 -0.203386 -0.749013 0.151859 -0.644917 0.556385 -0.384343 -0.736693
-2.918140 -54.285879 168.945291 -2513.459895 0.383875 0.896658 -0.220554 -0.799294 0.203072 -0.565589 0.462351 -0.393403 -0.794648
4.131915 -9.323022 89.562004 590.129945 0.467424 -0.455417 -0.757701 -0.178016 0.791049 -0.585279 0.865924 0.408456 0.288684
5.647006 -5.432632 -475.288166 773.075646 0.579469 -0.197549 -0.790689 -0.348109 0.817231 -0.459297 0.736909 0.541395 0.404792
8.707380 -4.069058 45.563706 520.325124 0.438369 -0.185119 -0.879524 -0.474509 0.783406 -0.401392 0.763330 0.593300 0.255580
-8.788349 -9.643980 71.619693 50.394116 0.922119 0.386166 0.023936 0.334526 -0.764670 -0.550792 0.194394 -0.515903 0.834299
-8.017504 -8.807419 51.655506 7.102415 0.931044 -0.023575 -0.364145 -0.214458 -0.842735 -0.493766 0.295237 -0.537811 0.789680
-8.324033 -9.773001 26.293597 42.889678 0.834605 0.550429 0.021490 0.489207 -0.722713 -0.488224 0.253201 -0.417987 0.872454
-8.470355 -8.870115 97.080590 -10.555162 0.746788 -0.398134 -0.532727 -0.631701 -0.675145 -0.380962 0.207994 -0.621022 0.755692
-8.839379 -10.515172 84.153279 40.293986 0.821692 0.557836 0.116792 0.554687 -0.735662 -0.388746 0.130937 -0.384213 0.913912
-9.267625 -10.151235 100.295577 48.469966 0.853148 0.489561 0.180187 0.511873 -0.718988 -0.470151 0.100615 -0.493342 0.863997
-9.428046 -9.643402 82.440316 96.675975 0.096069 -0.784396 -0.612775 0.990615 0.135475 -0.018111 0.097222 -0.605284 0.790050
5.476351 -13.164231 -155.549944 324.351578 0.350528 0.470153 -0.809992 -0.530702 0.812323 0.241842 0.771677 0.345091 0.534253
9.067401 -14.578485 -316.050418 131.664077 0.385239 0.499363 -0.776034 -0.373052 0.853435 0.363979 0.844052 0.149282 0.515064
3.937630 -13.813662 -237.607472 355.423227 0.455354 0.398237 -0.796279 -0.485625 0.860717 0.152757 0.746204 0.317135 0.585325
3.307877 -10.236663 -132.426817 294.135975 0.378190 0.453205 -0.807203 -0.627781 0.766388 0.136163 0.680341 0.455251 0.574354
0.573304 -17.422714 60.496847 343.123523 0.645938 -0.728455 0.228294 0.761882 0.596373 -0.252735 0.047958 0.337184 0.940217
-0.341495 -17.136235 45.947604 -55.974934 0.681593 -0.696663 0.223810 0.715084 0.699036 -0.001802 -0.155196 0.161271 0.974631
0.932296 -17.318282 46.351742 -268.696294 0.714509 -0.663966 0.220511 -0.698877 -0.662786 0.268858 0.032361 0.346212 0.937598
-1.680615 -6.037791 68.778225 211.607990 0.252921 -0.420661 -0.871249 -0.560557 0.670257 -0.486345 0.788547 0.611392 -0.066283
-0.783756 -5.426961 84.834988 128.421597 0.262569 -0.458161 -0.849203 -0.543964 0.656620 -0.522449 0.796970 0.599115 -0.076815
-1.370579 -4.050486 4.761702 230.988504 0.278094 -0.400061 -0.873278 -0.621897 0.617885 -0.481105 0.732057 0.676882 -0.076966
-1.848229 -4.741489 -12.785709 312.857233 0.302942 -0.404418 -0.862944 -0.635562 0.588992 -0.499148 0.710132 0.699667 -0.078602
-2.188228 -6.400084 -11.871088 240.290468 0.351815 -0.442517 -0.824866 -0.539296 0.624439 -0.565010 0.765105 0.643626 -0.018961
3.902063 -8.222316 278.498808 23.437436 0.458870 -0.537699 -0.707331 0.490706 0.817035 -0.302756 0.740706 -0.208166 0.638765
1.799293 -8.155609 288.367768 11.490161 0.447087 -0.519181 -0.728399 0.526323 0.811119 -0.255087 0.723254 -0.269327 0.635898
4.677019 -8.714001 252.734788 32.729007 0.489314 -0.525127 -0.696286 0.553610 0.803935 -0.217266 0.673860 -0.279160 0.684092
5.515271 -8.621136 59.008748 34.709595 0.549401 -0.554011 -0.625483 0.493973 0.819112 -0.291627 0.673906 -0.148752 0.723688
1.639995 -17.649843 -9.769187 -99.323829 0.402812 -0.558637 -0.725029 0.877269 0.461560 0.131760 0.261039 -0.689120 0.675997
1.434743 -18.133828 1.484262 -10.534966 0.353002 -0.593019 -0.723683 0.881285 0.470502 0.044327 0.314208 -0.653419 0.688707
0.818699 -16.697834 8.276077 267.854105 0.372717 -0.571668 -0.730943 0.774420 0.625592 -0.094386 0.511229 -0.530878 0.675880
0.898807 -16.484835 -0.513099 171.339770 0.414040 -0.530802 -0.739473 0.774834 0.631857 -0.019715 0.477706 -0.564807 0.672897
1.944576 -16.777970 8.034862 -118.258512 0.449618 -0.497816 -0.741636 0.860838 0.463040 0.211073 0.238331 -0.733330 0.636730
-0.781608 -18.729822 41.264281 31.499867 -0.133658 0.652341 0.746047 0.175026 0.756506 -0.630130 -0.975449 0.046356 -0.215290
0.514429 -19.131656 95.547857 -58.902077 -0.098050 0.684062 0.722804 0.224341 0.722802 -0.653628 -0.969566 0.098066 -0.224333
0.523658 -18.934509 88.788741 -56.664138 -0.109353 0.664869 0.738912 0.377794 0.715385 -0.587789 -0.919409 0.214880 -0.329413
-1.751283 -18.802286 46.761675 7.307267 -0.149466 0.624534 0.766562 0.148340 0.780660 -0.607096 -0.977576 0.022971 -0.209325
-1.746447 -18.391770 49.664723 -4.852089 -0.139297 0.646454 0.750129 -0.062775 0.750226 -0.658195 -0.988259 -0.138774 -0.063923
-0.953220 -19.511112 34.710164 -60.732006 -0.155408 0.627481 0.762965 0.372654 0.752524 -0.542988 -0.914865 0.199938 -0.350782
-1.706585 -16.494134 -9.822192 367.629441 -0.323699 0.659430 0.678507 0.940070 0.142914 0.309588 0.107184 0.738057 -0.666171
-1.986272 -16.882502 13.662589 293.957456 -0.299933 0.636481 0.710585 0.952399 0.157197 0.261198 0.054546 0.755103 -0.653333
-1.573920 -13.583818 7.295437 392.281667 -0.294083 0.644157 0.706100 0.927911 0.015324 0.372486 0.229119 0.764740 -0.602227
-2.376553 -20.369003 12.902733 250.148732 -0.331001 0.631843 0.700866 0.933905 0.325710 0.147426 -0.135128 0.703340 -0.697892
-1.261177 -12.060317 -8.845558 430.006490 -0.303316 0.660746 0.686596 0.898697 -0.041168 0.436633 0.316769 0.749480 -0.581324
-2.019241 -20.351150 -26.835810 296.081637 -0.358945 0.652955 0.666940 0.929670 0.313578 0.193344 -0.082893 0.689434 -0.719590
-1.681327 -18.279020 -51.860292 383.762597 -0.372996 0.665739 0.646270 0.926070 0.224211 0.303518 0.057163 0.711702 -0.700151
-1.353183 -13.742431 -25.153173 419.904476 -0.343571 0.670463 0.657600 0.902083 0.040883 0.429622 0.261161 0.740816 -0.618860
0.474984 -28.934735 -25.682503 -121.015100 -0.644980 0.499218 0.578604 -0.280529 0.549610 -0.786913 -0.710848 -0.669858 -0.214442
0.171416 -30.499220 -62.547976 -146.423705 -0.660542 0.494931 0.564559 -0.057178 0.716610 -0.695127 -0.748608 -0.491441 -0.445052
0.750835 -29.840522 -58.909542 -152.455589 -0.665634 0.489286 0.563499 -0.057830 0.718990 -0.692611 -0.744034 -0.493612 -0.450289
0.883010 -28.887245 -46.669478 -101.895965 -0.652113 0.493813 0.575237 -0.104323 0.693098 -0.713255 -0.750910 -0.525133 -0.400462
1.889061 -1.173019 107.817553 -161.365784 -0.436573 0.113713 0.892454 0.691769 -0.591794 0.413806 0.575204 0.798028 0.179698
2.582233 -3.382994 177.768930 -134.519503 -0.467938 0.126813 0.874615 0.645796 -0.626529 0.436358 0.603308 0.769012 0.211282
0.786829 -2.455938 115.716296 -146.655333 -0.506149 0.160842 0.847315 0.642543 -0.585009 0.494876 0.575284 0.794918 0.192753
-1.547934 -3.942157 169.506724 59.264815 0.081996 0.890150 0.448230 0.769122 0.229503 -0.596473 0.633820 -0.393652 0.665816
0.296247 -4.346483 186.407694 66.271554 0.049824 0.890136 0.452962 0.770393 0.254376 -0.584626 0.635620 -0.378087 0.673081
-1.529446 -8.458438 163.833027 469.691726 0.303443 0.919382 0.250317 0.735617 -0.059060 -0.674819 0.605633 -0.388906 0.694234
-3.227589 -5.105214 186.829025 181.200622 0.275912 0.910835 0.307006 0.736418 0.004947 -0.676509 0.617706 -0.412742 0.669390
-0.304520 -19.988090 -2.619160 -91.038211 0.202280 -0.505523 -0.838766 0.684795 0.685285 -0.247872 0.700099 -0.524243 0.484799
-0.154085 -23.238749 9.193064 -195.775700 0.186014 -0.518865 -0.834373 0.583470 0.741583 -0.331085 0.790545 -0.425245 0.440687
-0.225977 -21.550112 4.435002 -245.831584 0.179871 -0.543920 -0.819632 0.535970 0.752871 -0.381996 0.824853 -0.370589 0.426944
1.398087 -27.797824 3.977314 -152.508635 -0.613882 0.514093 0.599047 -0.124556 0.686279 -0.716594 -0.779509 -0.514519 -0.357261
1.816547 -27.842287 -50.955495 73.645245 -0.611295 0.507726 0.607069 -0.168503 0.665990 -0.726680 -0.773257 -0.546509 -0.321563
1.139460 -27.984631 1.796685 48.639329 -0.606947 0.524279 0.597284 -0.309914 0.535911 -0.785336 -0.731826 -0.661764 -0.162788
0.309084 -9.503166 -116.102000 57.312542 0.691252 -0.557317 -0.459966 0.305388 0.802202 -0.513040 0.654912 0.214172 0.724721
-0.410750 -9.559872 -61.721953 86.899106 0.681010 -0.562938 -0.468323 0.247848 0.778995 -0.575968 0.689055 0.276167 0.670026
1.453594 -8.017642 -145.062991 93.066929 0.661890 -0.637110 -0.394960 0.290969 0.703946 -0.647918 0.690825 0.313929 0.651313
2.617854 -8.275424 -200.495777 76.448299 0.673158 -0.604945 -0.425324 0.323393 0.758056 -0.566363 0.665038 0.243705 0.705926
6.618772 -69.764821 204.343473 -2578.611021 0.819855 -0.269360 -0.505255 0.570246 0.463562 0.678181 -0.051542 0.844130 -0.533655
8.192220 -45.612359 278.867430 -1338.951230 0.831400 -0.248120 -0.497202 0.516965 0.673492 0.528352 -0.203767 0.696308 -0.688211
5.592074 -47.675923 195.687427 -515.046452 0.841556 -0.305515 -0.445471 0.517177 0.693764 0.501218 -0.155923 0.652190 -0.741846
10.177009 -77.668427 454.708516 -4144.186687 0.781264 -0.226742 -0.581563 0.607762 0.488738 0.625908 -0.142312 0.842451 -0.519639
41.147832 -1575.222239 761.334608 187050.036889 0.261039 0.937838 0.228734 -0.638640 0.345463 -0.687601 0.723877 -0.033411 -0.689120
-4.814500 -104.070090 385.492934 -8202.031485 0.483940 -0.034518 -0.874420 0.471431 0.852115 0.227272 0.737262 -0.522215 0.428646
1.771218 -36.234910 969.152911 -368.521674 0.155209 -0.696084 -0.700983 0.344611 0.703158 -0.621942 0.925826 -0.145036 0.349014
21.168567 -704.770991 -295.378420 -9995.388812 0.451909 -0.417819 -0.788166 -0.446574 0.658890 -0.605339 0.772237 0.625533 0.111172
1.380771 -59.233434 817.975771 2800.681533 0.725787 0.386831 -0.568854 0.058455 0.789249 0.611285 0.685431 -0.476915 0.550215
4.366138 -22.176904 47.723509 -43.666597 0.346776 -0.608031 -0.714174 0.535524 0.753465 -0.381452 0.770040 -0.250179 0.586898
0.381261 -8.676256 -50.106372 88.533406 -0.687839 0.502885 0.523435 0.725657 0.459221 0.512385 0.017298 0.732272 -0.680792
0.213844 -8.383324 -45.038244 59.509592 -0.686078 0.505151 0.523564 0.724436 0.408070 0.555582 0.067002 0.760461 -0.645918
0.814220 -8.111697 48.115544 43.632774 0.710030 -0.485721 -0.509836 0.701172 0.420916 0.575489 0.064929 0.766097 -0.639436
9.869141 -89.795558 335.966202 -4318.538579 0.667173 -0.171362 -0.724924 0.181663 0.981226 -0.064758 0.722412 -0.088487 0.685778
-7.971985 -256.050526 -102.930808 -17879.642005 0.569250 -0.242215 -0.785676 0.254606 0.960576 -0.111663 0.781748 -0.136474 0.608477
5.060930 -25.864879 86.116531 -550.257134 0.616356 -0.303709 -0.726544 0.456005 0.889853 0.014872 0.642001 -0.340474 0.686958
8.537743 -233.517697 -357.380731 -12531.844659 0.576711 -0.120454 -0.808019 -0.135444 0.961285 -0.239973 0.805642 0.247836 0.538069
6.452579 -25.800688 182.315272 -407.322456 0.716377 -0.196842 -0.669371 0.359804 0.926196 0.112704 0.597783 -0.321580 0.734330
11.680465 -43.373313 178.463016 -1471.188124 0.782251 -0.136789 -0.607759 0.144279 0.988850 -0.036860 0.606025 -0.058853 0.793265
7.970871 -142.427333 285.869857 -8280.435465 0.732500 -0.156916 -0.662436 -0.005105 0.971779 -0.235837 0.680748 0.176132 0.711027
4.693733 -18.347810 -26.836643 156.067455 0.991736 0.020527 -0.126644 0.003308 -0.990881 -0.134699 0.128254 -0.133167 0.982760
5.776007 -16.562953 -107.786835 305.105031 0.988451 -0.018458 -0.150414 -0.064438 -0.949545 -0.306939 0.137160 -0.313086 0.939768
2.763969 -19.777610 -30.104912 -125.559435 0.995350 0.079896 -0.053813 0.056954 -0.938645 -0.340149 0.077688 -0.335502 0.938831
-10.624566 -15.556618 61.519120 -410.196026 -0.214180 0.260086 0.941532 0.976045 0.094720 0.195866 -0.038239 0.960928 -0.274143
-6.640440 -16.412104 -267.565310 -493.985342 -0.231069 0.432840 0.871354 0.972351 0.133837 0.191368 -0.033788 0.891480 -0.451797
-4.754723 -14.497372 -281.357146 -583.529497 -0.322848 0.473561 0.819457 0.932160 0.308992 0.188686 -0.163851 0.824781 -0.541192
-2.335586 -9.147533 -66.132823 -229.898994 0.715762 -0.303886 -0.628759 0.614048 0.702695 0.359395 -0.332610 0.643330 -0.689563
-3.219110 -10.401264 3.218429 -254.317535 0.707461 -0.368468 -0.603101 0.648814 0.676978 0.347479 -0.280251 0.637128 -0.718002
-3.004402 -7.586378 -18.917594 -216.193086 0.792416 -0.248721 -0.556970 0.504969 0.779692 0.370253 -0.342176 0.574646 -0.743436
-1.985919 -6.366248 -88.411421 -266.328229 0.807844 -0.164693 -0.565919 0.442334 0.803970 0.397457 -0.389524 0.571409 -0.722332
11.660194 -14.529812 -35.193830 -18.783507 -0.375642 0.588646 0.715813 0.568680 -0.463467 0.679560 -0.731776 -0.662340 0.160653
11.600219 -16.238480 -170.572834 -8.927370 -0.411588 0.470852 0.780316 -0.444255 0.643934 -0.622886 -0.795759 -0.603032 -0.055857
10.447536 -10.551237 198.352718 -21.207263 -0.183256 0.694939 0.695326 0.515254 -0.534468 0.669968 -0.837216 -0.481045 0.260126
0.020144 -2.815646 -142.760039 66.468473 -0.361359 0.575883 0.733334 0.914152 0.063860 0.400310 0.183701 0.815034 -0.549520
1.569954 -3.068156 -215.962817 26.996392 -0.211571 0.582085 0.785121 0.960952 -0.022700 0.275782 0.178351 0.812811 -0.554553
1.499141 -3.952886 -219.785820 82.744922 -0.347016 0.589452 0.729470 0.926568 0.095145 0.363895 0.145093 0.802181 -0.579184
3.812454 -14.401531 194.463739 432.561352 0.345834 -0.103154 0.932608 0.887737 0.357835 -0.289615 -0.303845 0.928070 0.215325
8.899986 -12.192920 392.730470 305.138733 0.349526 -0.032554 0.936361 0.902762 0.279122 -0.327280 -0.250705 0.959704 0.126949
0.201337 -10.062357 -14.480243 17.245598 -0.609623 0.495602 0.618658 0.203274 0.852095 -0.482300 -0.766185 -0.168264 -0.620200
0.456227 -10.497938 -9.188215 70.501636 -0.598721 0.524317 0.605496 0.146780 0.814986 -0.560584 -0.787394 -0.246759 -0.564908
-0.412467 -12.564558 14.460912 18.412975 0.421848 -0.391349 -0.817857 0.906578 0.169451 0.386526 -0.012680 -0.904506 0.426271
-0.680418 -19.866546 -33.043374 96.943446 0.391296 -0.551935 -0.736380 0.832418 0.553467 0.027491 0.392388 -0.623733 0.676010
-0.091237 -18.474381 -33.063267 5.330906 0.416488 -0.545595 -0.727230 0.853663 0.509842 0.106395 0.312724 -0.665122 0.678098
-0.154669 -19.924067 -18.786366 -22.355340 0.436781 -0.522201 -0.732481 0.875379 0.434289 0.212378 0.207205 -0.733961 0.646813
-0.607806 -21.354060 -37.354359 -78.375428 0.433465 -0.527163 -0.730894 0.890050 0.377457 0.255611 0.141133 -0.761331 0.632816
-0.125336 -24.585191 3.158329 17.132260 -0.585478 0.599909 0.545275 0.251269 0.773769 -0.581502 -0.770765 -0.203446 -0.603764
-0.082615 -23.478307 -13.705904 39.688183 -0.588201 0.598327 0.544081 0.294045 0.784956 -0.545327 -0.753363 -0.160778 -0.637647
-2.343868 -14.653593 -3.440817 -81.743267 -0.333553 0.643584 0.688870 0.912322 0.404461 0.063877 -0.237511 0.649777 -0.722065
-1.918550 -16.017661 -6.914442 -266.846364 -0.348869 0.640055 0.684558 0.929897 0.327251 0.167923 -0.116542 0.695152 -0.709353
-2.103213 -16.063803 -37.829077 -179.885668 -0.382864 0.657247 0.649185 0.915250 0.365281 0.169962 -0.125428 0.659239 -0.741398
-2.459331 -14.899932 -35.694188 -3.861115 -0.368859 0.661888 0.652570 0.891210 0.451247 0.046058 -0.263986 0.598566 -0.756327
-2.136009 -15.001214 -28.543597 -1.047335 -0.403874 0.660146 0.633319 0.881857 0.465090 0.077579 -0.243337 0.589829 -0.769993
-1.753750 -15.907014 -14.947988 -165.812772 -0.411711 0.654469 0.634165 0.903879 0.381973 0.192612 -0.116176 0.652508 -0.748823
-0.680245 -9.365290 -51.541604 -4.456766 -0.686627 0.471924 0.553020 0.401573 0.880298 -0.252617 -0.606038 0.048625 -0.793948
-0.529566 -9.169312 -91.780781 19.390528 -0.704906 0.458887 0.540860 0.446187 0.879635 -0.164800 -0.551384 0.125156 -0.824810
-0.230947 -9.294614 -54.776312 3.885626 -0.690073 0.471511 0.549069 0.387482 0.881463 -0.269964 -0.611275 0.026459 -0.790976
-0.794037 -9.319839 -9.813912 13.729326 -0.688955 0.450139 0.568081 0.454305 0.878892 -0.145451 -0.564755 0.157873 -0.810017
-0.729369 -9.559916 29.272962 -19.564933 -0.666963 0.470125 0.578051 0.382869 0.881797 -0.275401 -0.639196 0.037635 -0.768122
-0.757373 -12.824401 -37.080674 -21.199011 0.473263 -0.404898 -0.782355 0.743207 -0.293271 0.601361 -0.472932 -0.866054 0.162129
-0.650857 -12.859516 -8.911175 -15.797970 0.466424 -0.392380 -0.792771 0.824695 -0.131208 0.550148 -0.319885 -0.910397 0.262396
-0.328437 -10.519697 -49.069794 -64.601642 0.353727 -0.439716 -0.825546 -0.480533 0.671795 -0.563719 0.802474 0.596105 0.026334
-0.833989 -11.291247 -5.026715 -70.968692 0.369041 -0.495050 -0.786597 -0.516121 0.594687 -0.616415 0.772935 0.633461 -0.036042
-1.237161 -29.066961 -8.498169 571.580059 0.594153 0.183332 -0.783181 -0.108713 0.983048 0.147644 0.796972 -0.002581 0.604011
-1.542460 -23.799568 16.798778 222.316906 0.580157 0.147987 -0.800948 -0.226741 0.973829 0.015692 0.782308 0.172504 0.598528
-1.616213 -37.679339 -49.251108 200.234023 0.588025 0.160999 -0.792658 0.611804 0.552495 0.566079 0.529078 -0.817819 0.226381
-1.569022 -36.155610 7.609537 -440.973141 0.577507 0.190945 -0.793742 -0.532759 -0.648555 -0.543640 0.618590 -0.736829 0.272817
4.266511 -6.185032 -63.229211 -59.646184 -0.205195 0.868698 -0.450843 -0.652004 0.222215 0.724922 -0.729922 -0.442701 -0.520797
8.528876 -5.644130 194.876734 -206.903083 -0.194928 0.919937 -0.340175 -0.747022 0.085500 0.659278 -0.635579 -0.382630 -0.670547
5.043447 -6.019882 104.176374 2.653575 -0.280653 0.942757 -0.180118 -0.591068 -0.021905 0.806325 -0.756223 -0.332759 -0.563381
4.020787 -6.027409 -41.391468 71.196749 -0.296024 0.923205 -0.245075 -0.537764 0.050967 0.841554 -0.789418 -0.380912 -0.481379
0.214764 -42.966550 -48.900442 444.660057 -0.720738 -0.199871 0.663769 -0.353403 0.929696 -0.103789 -0.596359 -0.309383 -0.740702
0.128289 -58.475928 78.857721 1883.472480 0.683595 0.265689 -0.679785 -0.542146 0.808416 -0.229221 -0.488647 -0.525237 -0.696671
96.111069 -7292.428737 15031.296295 -1180670.977930 0.554202 0.665492 -0.499980 0.628384 0.059426 0.775630 0.545888 -0.744035 -0.385250
-2.250221 -6.111971 82.402369 -42.390664 -0.421470 -0.010761 0.906779 0.751127 -0.564405 0.342425 0.508105 0.825428 0.245962
-2.348014 -5.362276 67.838644 -64.984123 -0.543712 0.072860 0.836103 0.718453 -0.474546 0.508558 0.433823 0.877210 0.205670
-1.416789 -5.381036 60.638680 -79.797145 -0.455978 -0.007335 0.889961 0.765669 -0.512986 0.388068 0.453691 0.858366 0.239527
-24.727782 -28.565746 826.562242 -398.674843 -0.294810 0.806044 0.513206 -0.391963 0.387804 -0.834250 0.871465 0.447103 -0.201611
-22.291407 -27.675472 -1316.254800 -405.349769 0.414367 -0.514671 -0.750609 -0.433082 0.613877 -0.659996 0.800463 0.598556 0.031476
-25.327935 -28.026269 1093.447714 -1015.211571 -0.342431 0.770218 0.538057 -0.125221 0.530157 -0.838602 0.931161 0.354539 0.085095
-22.490279 -26.814112 -290.996489 -806.139158 0.070442 0.741123 0.667663 -0.179090 0.667847 -0.722432 0.981308 0.068682 -0.179772
-24.786316 -29.120274 -873.394594 -263.631870 0.201455 0.837412 0.508092 -0.465202 0.538289 -0.702732 0.861976 0.094796 -0.498007
0.210388 -36.405254 30.857985 234.767960 0.563478 -0.566293 -0.601502 -0.468383 0.380776 -0.797262 -0.680522 -0.730973 0.050683
0.395111 -41.879128 -63.911128 940.490057 -0.589953 0.561743 0.580000 -0.231343 0.570610 -0.787962 -0.773586 -0.599040 -0.206678
-0.207360 -50.490772 32.628175 1039.838488 0.543020 -0.550777 -0.633857 -0.536753 0.352837 -0.766422 -0.645775 -0.756407 0.104034
-2.142582 -10.856538 -120.602011 -464.939649 0.623784 0.774442 -0.105510 -0.550621 0.339615 -0.762547 0.554716 -0.533761 -0.638271
-1.305752 -7.231235 -73.473844 250.886721 0.760977 0.639831 0.107381 -0.363018 0.557103 -0.746897 0.537710 -0.529390 -0.656212
8.176717 -1.489160 -347.553850 317.879320 0.467204 0.141633 -0.872731 -0.563374 0.808440 -0.170395 0.681417 0.571284 0.457499
0.370020 -9.926444 -299.777277 538.697962 0.584484 -0.120880 -0.802351 -0.288528 0.893249 -0.344757 0.758374 0.433005 0.487213
1.870165 -3.520733 -38.037004 586.040882 0.367589 0.232431 -0.900475 -0.590607 0.806285 -0.032977 0.718375 0.543948 0.433657
-7.000012 -8.517429 132.185109 21.374483 0.722478 -0.329587 -0.607781 -0.619997 -0.697887 -0.358550 0.305989 -0.635867 0.708551
-5.474725 -8.613175 225.565870 8.800802 0.752981 -0.256078 -0.606171 -0.528770 -0.783776 -0.325727 0.391691 -0.565791 0.725575
6.105443 -16.086977 -371.577712 158.643315 0.489590 0.371003 -0.789087 -0.282214 0.923677 0.259183 0.825019 0.095798 0.556925
14.762626 -14.236024 -891.992705 -182.846183 0.468867 0.538676 -0.699995 -0.185562 0.834891 0.518192 0.863557 -0.113071 0.491410
12.110644 -12.293319 -196.235574 -258.588840 0.265542 0.631041 -0.728886 -0.209570 0.775731 0.595249 0.941046 -0.005311 0.338237
4.466124 -11.248572 -218.002543 394.058097 0.488398 -0.828975 0.272520 0.814217 0.320584 -0.484021 0.313876 0.458286 0.831538
3.364617 -17.005516 -188.531435 482.829663 0.470391 -0.832472 0.292784 0.870738 0.383958 -0.307232 0.143345 0.399457 0.905475
2.102101 -13.838722 -33.832352 462.814044 0.551837 -0.796175 0.248155 0.788615 0.401422 -0.465776 0.271225 0.452731 0.849395
2.794901 -7.569773 3.944429 249.321195 0.567840 -0.792970 0.220806 0.738761 0.372648 -0.561575 0.363029 0.482008 0.797420
0.919331 -16.518963 8.138875 352.122060 0.331802 -0.605814 -0.723116 0.765871 0.620536 -0.168454 0.550771 -0.497920 0.669871
1.758366 -18.594901 21.441367 94.042801 0.313160 -0.624242 -0.715718 0.888266 0.459177 -0.011832 0.336027 -0.632043 0.698289
2.604481 -20.239059 5.759143 -95.971573 0.298991 -0.654951 -0.694006 0.950868 0.265711 0.158894 0.080337 -0.707416 0.702217
1.871368 -18.691577 48.529428 191.962565 0.272623 -0.653291 -0.706319 0.897868 0.436533 -0.057203 0.345702 -0.618587 0.705578
1.006038 -16.285459 -29.785681 383.234253 -0.296814 0.633399 0.714638 0.774212 0.597703 -0.208199 0.559014 -0.491485 0.667792
2.461992 -19.880489 177.424478 184.138624 -0.070435 0.702964 0.707729 -0.433081 -0.660685 0.613136 -0.898599 0.263318 -0.350976
2.562949 -18.925512 165.149577 65.261595 -0.084998 0.736886 0.670652 -0.249986 -0.667330 0.701554 -0.964512 0.108022 -0.240933
5.108599 -19.012641 147.878870 169.804586 -0.148324 0.781688 0.605775 -0.280255 -0.620664 0.732280 -0.948397 0.061157 -0.311131
4.250714 -20.436120 139.029849 277.422889 -0.128446 0.750167 0.648654 -0.458688 -0.624845 0.631803 -0.879265 0.216377 -0.424351
-2.313604 -19.289028 10.618513 267.953854 -0.295400 0.619787 0.727051 0.950894 0.264344 0.161004 -0.092403 0.738909 -0.667439
-0.065875 -28.594049 -58.989253 -238.492039 -0.660063 0.495334 0.564767 -0.227360 0.584822 -0.778647 -0.715978 -0.642361 -0.273400
-0.917558 -30.762775 -50.692557 -220.542470 -0.648562 0.493290 0.579683 -0.039235 0.738898 -0.672674 -0.760150 -0.459015 -0.459867
4.908501 -9.722798 -70.716364 -96.349146 0.747113 -0.178676 -0.640232 -0.513683 0.456079 -0.726720 -0.421844 -0.871818 -0.248960
3.739204 -9.689303 -74.200664 -76.233019 0.709435 -0.230936 -0.665861 -0.559817 0.389301 -0.731471 -0.428143 -0.891691 -0.146902
4.600580 -9.512638 -44.804429 -72.395390 0.758966 -0.162645 -0.630490 -0.553034 0.350087 -0.756037 -0.343692 -0.922489 -0.175756
-1.235392 -26.669454 18.906676 -712.149055 -0.470050 0.590147 0.656337 0.878413 0.240098 0.413211 0.086270 0.770765 -0.631251
-1.573302 -30.371508 24.283611 -667.051077 -0.455813 0.597439 0.659774 0.857679 0.096649 0.505020 0.237952 0.796069 -0.556464
-1.316946 -24.936970 2.281272 -621.761239 -0.470272 0.600465 0.646751 0.882512 0.323313 0.341527 -0.004028 0.731376 -0.681963
0.553200 -7.806750 -73.018005 136.839652 0.653048 -0.645160 -0.396607 0.237460 0.671730 -0.701706 0.719126 0.364069 0.591871
2.877059 -42.299414 104.198055 -985.508089 0.849949 -0.322546 -0.416593 0.522846 0.613845 0.591462 -0.064950 0.720527 -0.690379
3.396473 -37.532823 140.957790 33.774280 0.862962 -0.315327 -0.394798 0.468653 0.791555 0.392180 -0.188839 0.523460 -0.830861
1.696010 -37.324893 49.923082 119.424544 0.859636 -0.319404 -0.398756 0.480704 0.770022 0.419511 -0.173058 0.552310 -0.815478
1.506818 -40.753717 66.968853 -616.172650 0.836180 -0.360900 -0.412982 0.548359 0.564268 0.617175 -0.010294 0.742531 -0.669732
2.813377 -75.887379 54.112077 -3810.223533 0.830273 -0.352325 -0.431873 0.538798 0.309077 0.783689 0.142631 0.883368 -0.446451
-12.434296 -368.949782 1361.213534 -22284.103289 0.674524 0.054901 -0.736209 0.298610 0.891725 0.340088 0.675166 -0.449236 0.585096
-13.169672 -113.896719 -525.382635 -6995.357855 0.674066 -0.142427 -0.724810 0.072820 0.989268 -0.126671 0.735073 0.032604 0.677204
2.173771 -7.470686 66.896945 27.739039 0.498056 -0.410768 -0.763682 0.525487 0.843529 -0.111005 0.689785 -0.346018 0.635978
2.718152 -7.542752 35.747574 5.618237 0.508045 -0.464108 -0.725599 0.548146 0.824022 -0.143264 0.664399 -0.324949 0.673039
1.933912 -7.062593 22.780433 25.877639 0.501479 -0.461940 -0.731526 0.467794 0.856048 -0.219888 0.727796 -0.231934 0.645383
1.573311 -6.684369 24.453229 40.300921 0.491711 -0.422573 -0.761349 0.430599 0.877964 -0.209199 0.756839 -0.224970 0.613664
1.455599 -6.297245 15.019879 57.208228 0.489753 -0.477879 -0.729228 0.386277 0.868766 -0.309897 0.781622 -0.129911 0.610074
1.758471 -6.647138 10.495227 55.364353 0.489585 -0.521140 -0.699085 0.412146 0.844836 -0.341157 0.768403 -0.121100 0.628404
-0.917926 -10.028918 -21.052098 -29.129069 -0.622634 0.533884 0.572097 0.740827 0.637614 0.211243 -0.251998 0.555352 -0.792516
-0.528198 -10.045311 -29.270908 -23.427364 -0.636623 0.534880 0.555531 0.731562 0.646786 0.215606 -0.243986 0.543665 -0.803056
-0.777812 -10.025123 -8.686894 -53.573136 -0.632803 0.525408 0.568777 0.691859 0.713505 0.110639 -0.347695 0.463526 -0.815016
-1.088610 -9.673678 -34.723872 -55.077481 -0.633716 0.527398 0.565912 0.681573 0.726678 0.086012 -0.365873 0.440217 -0.819967
-1.259318 -9.803966 -24.507893 -59.161062 -0.613681 0.533485 0.582056 0.727404 0.668699 0.154028 -0.307048 0.517914 -0.798427
5.315185 -33.981334 -77.547813 -786.870595 0.547419 -0.392922 -0.738881 0.554063 0.831864 -0.031876 0.627173 -0.391937 0.673082
7.887034 -63.159905 179.426630 -2508.196537 0.481601 -0.309383 -0.819965 0.049276 0.943695 -0.327126 0.875004 0.117140 0.469730
7.187151 -20.456016 -195.652940 -376.670858 0.983636 0.026173 -0.178253 -0.010711 0.996137 0.087157 0.179846 -0.083821 0.980117
8.104404 -20.783778 -224.546626 555.393886 0.976591 -0.012207 -0.214759 -0.066484 -0.966634 -0.247384 0.204574 -0.255871 0.944817
5.298571 -16.265661 -95.311598 257.180993 0.985350 0.010237 -0.170238 -0.069168 -0.888427 -0.453776 0.155889 -0.458903 0.874704
-11.249269 -14.834746 248.741457 -136.382559 -0.548525 0.143994 0.823642 0.835595 0.059052 0.546162 0.030006 0.987815 -0.152712
-8.736369 -13.868259 -16.473346 -143.410825 0.750532 -0.061647 -0.657952 0.657543 0.168910 0.734239 -0.065872 0.983702 -0.167308
-9.718458 -14.213191 -32.948502 -56.275268 0.791939 0.345015 -0.503783 0.587599 -0.206298 0.782412 -0.166014 0.915645 0.366106
-9.218799 -13.483651 -67.323814 -108.935876 0.835130 0.376053 -0.401424 0.462188 -0.084072 0.882788 -0.298226 0.922776 0.244019
-9.095876 -13.969287 -82.625651 -71.640793 0.816294 0.445114 -0.368154 0.508251 -0.250597 0.823943 -0.274490 0.859694 0.430791
-9.586268 -14.312105 18.233149 -65.337631 0.786826 0.225819 -0.574379 0.607280 -0.117294 0.785782 -0.110073 0.967082 0.229425
-9.734194 -14.411308 -50.824652 3.278080 0.784908 0.406291 -0.467810 0.606981 -0.352521 0.712252 -0.124469 0.843004 0.523308
-9.970177 -14.801918 29.976394 30.027808 0.778843 0.239519 -0.579684 0.626806 -0.330736 0.705498 0.022742 0.912822 0.407724
11.132704 -17.775576 -131.668507 -18.963952 -0.510785 0.396222 0.762960 -0.436378 0.645147 -0.627184 -0.740725 -0.653295 -0.156629
