15704
31398
-9.546520 -12.684471 -167.454106 283.187730 -0.873111 -0.106755 -0.475691 -0.187960 0.974009 0.126405 0.449832 0.199776 -0.870483
-10.975545 -14.573786 -201.766055 238.424516 -0.870287 -0.081980 -0.485674 -0.102433 0.994617 0.015663 0.481776 0.063380 -0.874000
-11.517700 -18.184648 130.479965 770.782678 -0.681015 0.691004 -0.242346 0.593194 0.714631 0.370707 0.429348 0.108699 -0.896574
-7.663623 -13.429191 58.738362 251.104219 -0.796395 -0.308389 -0.520242 -0.325773 0.943504 -0.060591 0.509536 0.121227 -0.851867
-8.690657 -13.022269 147.347077 458.913809 -0.803665 0.547066 -0.234183 0.410569 0.794603 0.447257 0.430762 0.263296 -0.863203
-7.073089 -10.494526 15.299739 171.234394 -0.779301 -0.337316 -0.528118 -0.445670 0.890794 0.088677 0.440532 0.304473 -0.844528
-7.347949 -12.417616 45.495402 288.525431 -0.738178 -0.402194 -0.541603 -0.460016 0.887335 -0.031956 0.493436 0.225556 -0.840027
5.885128 -16.743175 -105.012091 -49.413614 0.757727 -0.513829 -0.402282 0.490335 0.041524 0.870544 0.430606 0.856887 -0.283412
7.056981 -17.899349 -67.814242 -309.775623 0.724346 -0.537876 -0.431293 0.451143 -0.103258 0.886458 0.521338 0.836677 -0.167864
6.143432 -17.919315 -113.647446 -162.440593 0.795246 -0.476891 -0.374379 0.391121 -0.068294 0.917802 0.463259 0.876305 -0.132212
3.935215 -17.882477 -142.922948 22.136277 0.821810 -0.441265 -0.360435 0.440110 0.089882 0.893434 0.361844 0.892864 -0.268071
-8.288707 -14.700494 -5.542152 -116.800358 0.916717 -0.395060 0.059646 -0.186220 -0.290404 0.938610 0.353486 0.871547 0.339786
-8.163507 -13.900780 -16.919083 -120.692082 0.902210 -0.429127 0.043212 -0.121380 -0.156489 0.980193 0.413865 0.889585 0.193274
-7.984021 -13.982436 -37.919327 -151.173263 0.926126 -0.358851 0.116261 -0.190192 -0.178055 0.965465 0.325757 0.916254 0.233152
-7.961291 -14.529955 -73.760606 -120.695223 0.932195 -0.329035 0.150827 -0.249659 -0.282788 0.926122 0.262074 0.900981 0.345760
-8.235388 -15.339680 -63.494365 -60.838720 0.930915 -0.337309 0.140073 -0.276862 -0.401573 0.872976 0.238213 0.851447 0.467218
-8.464488 -15.239457 15.021419 -31.346339 0.913388 -0.407002 0.008449 -0.201360 -0.433656 0.878292 0.353803 0.803922 0.478050
0.056347 -37.589865 -95.147000 116.764945 -0.628454 0.701195 0.336707 0.678332 0.282201 0.678401 0.380672 0.654743 -0.652993
-0.447320 -38.235528 -146.719955 -401.295790 -0.624807 0.707317 0.330634 0.763367 0.464464 0.448937 0.163973 0.532894 -0.830142
-1.354011 -38.092776 -98.317304 -20.702755 -0.628420 0.690971 0.357277 0.720253 0.343383 0.602764 0.293809 0.636119 -0.713462
0.451738 -37.622478 -79.965511 -296.118939 -0.626678 0.699754 0.342957 0.762099 0.458424 0.457222 0.162723 0.547898 -0.820566
-1.202123 -37.344166 101.828056 676.953442 0.623485 -0.692326 -0.363251 0.596680 0.121128 0.793285 0.505212 0.711346 -0.488619
1.195086 -36.855896 -74.745634 138.442772 -0.634906 0.692120 0.343313 0.719262 0.367289 0.589713 0.282057 0.621344 -0.731010
1.386033 -33.964496 83.487735 514.471857 0.648572 -0.689488 -0.322429 0.574720 0.165868 0.801364 0.499051 0.705049 -0.503840
0.541369 -34.832328 54.403753 746.117140 0.650136 -0.681374 -0.336233 0.494690 0.043700 0.867970 0.576719 0.730630 -0.365480
1.403915 -11.527970 124.080539 167.872996 0.969493 0.240442 0.047656 0.112737 -0.610022 0.784323 -0.217656 0.755023 0.618519
1.984248 -12.377213 142.375612 123.759496 0.976626 0.192008 0.096618 0.020156 -0.529324 0.848180 -0.214000 0.826407 0.520822
0.032556 -11.550005 -71.525949 135.562393 0.975693 0.171034 0.137005 -0.000576 -0.623186 0.782073 -0.219141 0.763142 0.607940
-0.570329 -10.435674 -110.992146 138.397898 0.974465 0.189146 0.121002 0.047165 -0.699294 0.713277 -0.219529 0.689356 0.690358
11.228911 -4.169882 -197.781236 -32.383471 -0.464158 0.747944 -0.474487 -0.265125 0.393811 0.880126 -0.845143 -0.534316 -0.015508
9.138735 -5.198909 -330.449871 -138.052778 -0.452379 0.816911 -0.357785 -0.194709 0.301035 0.933524 -0.870311 -0.491970 -0.022878
6.346513 -5.410449 99.347906 -161.447498 -0.443922 0.603128 -0.662699 -0.335796 0.573699 0.747068 -0.830767 -0.554172 0.052150
13.855575 -4.926287 -129.578419 -20.069813 -0.344340 0.888192 -0.304212 -0.164903 0.261772 0.950938 -0.924250 -0.377611 -0.056327
9.812233 -5.227733 -70.880412 -83.301474 -0.512661 0.561072 -0.649906 -0.360395 0.546411 0.756010 -0.779291 -0.621799 0.077916
14.793315 -3.892529 -228.579487 -28.959215 -0.464799 0.750964 -0.469057 -0.295761 0.367646 0.881681 -0.834558 -0.548533 -0.051224
2.764716 -7.628813 -799.057245 -7.901725 0.958259 0.285720 0.010201 -0.147355 0.463002 0.874023 -0.245002 0.839043 -0.485778
0.352909 -8.098952 -451.544824 10.334235 0.968813 0.247473 -0.012553 -0.090775 0.401593 0.911308 -0.230566 0.881748 -0.411533
-0.913954 -7.575445 -282.614544 -21.459575 0.977517 0.210068 -0.018214 -0.088125 0.485494 0.869787 -0.191557 0.848627 -0.493091
1.171091 -7.117610 -378.179131 -78.573755 0.971218 0.238121 0.005890 -0.139002 0.546517 0.825831 -0.193429 0.802881 -0.563886
18.304995 -19.100360 -53.812927 -453.002356 0.952388 -0.289492 0.095660 -0.247722 -0.917649 -0.310731 -0.177737 -0.272240 0.945672
12.242191 -23.431182 -176.948909 -770.815692 0.927475 -0.301148 0.221583 -0.171315 -0.869075 -0.464070 -0.332326 -0.392453 0.857637
16.985167 -18.596796 -357.754576 495.958672 0.910920 -0.248741 0.329170 0.161056 0.948907 0.271360 -0.379850 -0.194173 0.904440
22.854287 -16.991387 -168.346541 -62.971321 0.951481 -0.222049 0.213019 0.186304 0.966688 0.175514 -0.244896 -0.127312 0.961154
19.289430 -15.226799 -475.421962 184.768475 0.888465 -0.208608 0.408795 0.153799 0.974556 0.163053 -0.432408 -0.081994 0.897942
0.510711 -11.541654 149.360557 34.331695 0.791572 -0.115198 0.600119 0.575564 0.470459 -0.668875 0.205278 -0.874870 -0.438706
0.650739 -12.547754 121.418357 -116.731837 0.817429 -0.092532 0.568548 0.512375 0.567810 -0.644254 0.263213 -0.817942 -0.511556
1.506997 -11.135322 137.218353 34.215278 0.773938 -0.129882 0.619799 0.601307 0.457704 -0.654933 0.198621 -0.879567 -0.432334
1.245964 -11.924192 48.623890 -117.304887 0.808171 -0.116830 0.577244 0.530357 0.570549 -0.627052 0.256087 -0.812911 -0.523063
2.004594 -10.709160 4.913436 46.474330 0.762542 -0.180025 0.621386 0.623002 0.463195 -0.630332 0.174347 -0.867780 -0.465361
7.774613 -0.996488 -145.821732 125.562024 -0.901267 0.163639 -0.401174 0.006043 0.930590 0.366013 0.433222 0.327451 -0.839699
7.261532 -0.237583 -198.812867 112.916807 -0.855253 0.298175 -0.423833 0.103611 0.899754 0.423919 0.507747 0.318645 -0.800411
8.071298 -0.947234 -170.419906 -20.443120 -0.869576 0.261391 -0.418942 0.090054 0.918123 0.385927 0.485518 0.297866 -0.821917
9.679371 -1.664589 -87.275603 6.481483 -0.935020 0.108562 -0.337567 -0.016456 0.937670 0.347137 0.354212 0.330135 -0.874954
8.290025 -2.667960 -27.688589 205.075442 -0.932957 -0.024275 -0.359168 -0.139684 0.943962 0.299037 0.331782 0.329159 -0.884067
1.833069 -8.285192 -165.640996 -278.013317 -0.469671 -0.478077 -0.742194 -0.682141 0.730197 -0.038681 0.560440 0.488114 -0.669068
0.505046 -6.280310 -240.885868 -96.597913 -0.392879 -0.528377 -0.752638 -0.718902 0.686839 -0.106916 0.573433 0.499068 -0.649696
0.308821 -9.094941 -205.434755 -313.773201 -0.472180 -0.464256 -0.749341 -0.702409 0.711772 0.001628 0.532604 0.527112 -0.662182
0.752490 -12.989373 200.459210 559.346091 0.497006 0.443997 0.745554 0.723705 -0.686150 -0.073820 0.478786 0.576251 -0.662344
1.922890 -11.698455 143.012918 470.787173 0.494820 0.459619 0.737498 0.708404 -0.704889 -0.036002 0.503307 0.540261 -0.674389
-1.110619 -12.663147 137.111431 445.598849 0.524442 0.432151 0.733625 0.710363 -0.697095 -0.097180 0.469410 0.572106 -0.672569
2.906141 -8.920745 47.144899 -52.424005 0.792009 0.022144 0.610107 -0.606059 -0.091920 0.790090 -0.073577 0.995520 0.059380
2.722677 -9.347138 20.971919 73.777361 0.805561 0.025753 0.591953 -0.590435 -0.048706 0.805614 -0.049579 0.998481 0.024031
2.150337 -8.974371 157.265486 -25.608809 0.807920 -0.042008 0.587793 -0.589277 -0.064689 0.805337 -0.004193 0.997021 0.077018
1.730315 -8.788386 112.821096 -45.218634 0.788532 -0.024951 0.614488 -0.609604 -0.163715 0.775617 -0.081249 0.986192 0.144304
1.009135 -9.328225 165.333982 -11.712742 0.994133 0.025721 -0.105065 0.106625 -0.069577 0.991862 -0.018202 0.997245 0.071912
1.059288 -9.765854 168.688706 -49.490434 0.996112 0.022008 -0.085299 0.087874 -0.180119 0.979712 -0.006197 0.983399 0.181353
2.730728 -9.114983 84.525389 -23.729798 0.995227 0.057293 -0.079002 0.086259 -0.137809 0.986696 -0.045644 0.988800 0.142093
2.563144 -8.868771 77.316864 -19.685770 0.992806 0.058279 -0.104594 0.106671 -0.033742 0.993722 -0.054384 0.997730 0.039716
11.775325 -33.400173 -1008.544186 -829.677244 -0.030109 0.998741 -0.040130 -0.982436 -0.036967 -0.182900 0.184154 -0.033918 -0.982312
3.960020 -38.539496 -107.276945 -734.816608 0.002865 0.999949 0.009686 -0.990136 0.001480 0.140101 -0.140079 0.009991 -0.990090
4.747454 -40.544368 -347.826384 -1142.800165 0.109415 0.993553 -0.029694 -0.993299 0.110408 0.034172 -0.037230 -0.025756 -0.998975
1.134388 -41.401987 -183.974892 -565.751504 0.124450 0.991518 -0.037480 -0.919681 0.129447 0.370716 -0.372423 0.011666 -0.927990
6.582839 -33.149639 -562.533298 -836.748950 0.130599 0.989144 -0.067358 -0.972997 0.114833 -0.200224 0.190315 -0.091688 -0.977432
2.670626 -41.557146 -214.162271 -1018.660552 0.188944 0.980150 -0.060049 -0.979123 0.192707 0.064662 -0.074950 -0.046578 -0.996099
-1.891239 -32.452685 194.525117 179.322634 0.552517 -0.772290 -0.313517 0.709610 0.238527 0.662992 -0.437240 -0.588789 0.679815
-4.945506 -30.079312 287.774371 545.345483 0.499846 -0.808698 -0.310099 0.812192 0.313297 0.492126 -0.300828 -0.497848 0.813419
-5.211085 -32.635350 308.860701 70.049391 0.530388 -0.786919 -0.315353 0.661117 0.151085 0.734913 -0.530672 -0.598274 0.600379
-2.319226 -34.494747 251.264244 142.438006 0.573057 -0.760091 -0.306379 -0.534792 -0.063565 -0.842589 -0.620970 -0.646700 0.442917
-6.266166 -34.564750 -354.247588 -256.560373 -0.544368 0.775744 0.319193 0.472667 -0.030694 0.880706 -0.693001 -0.630300 0.349960
-10.032818 -33.275914 -464.726372 -39.676813 -0.474871 0.815680 0.330399 0.593942 0.020007 0.804259 -0.649408 -0.578157 0.493967
7.242599 -4.500616 192.123897 185.641311 0.893378 -0.210669 0.396854 -0.023756 0.859880 0.509943 0.448677 0.464999 -0.763194
6.536509 -3.738851 90.622245 162.835654 0.877937 -0.204696 0.432811 -0.063606 0.846117 0.529188 0.474532 0.492124 -0.729818
9.140460 -4.638219 274.069078 94.896542 0.917534 -0.237411 0.319010 0.027496 0.838181 0.544699 0.396705 0.491009 -0.775587
6.317196 -4.299030 69.449313 100.206890 -0.878435 0.162597 -0.449348 -0.072129 0.884442 0.461042 0.472386 0.437407 -0.765197
11.070280 -4.704959 476.321650 89.550120 0.908100 -0.223679 0.354008 0.028636 0.876578 0.480406 0.417773 0.426120 -0.802426
-10.767751 -43.298236 787.579571 4261.901790 0.248188 0.875826 0.413923 0.932126 -0.099593 -0.348171 -0.263713 0.472240 -0.841097
-7.769056 -210.731555 467.054801 -17404.289228 0.218190 0.916911 0.334167 -0.865595 0.023687 0.500184 -0.450709 0.398389 -0.798841
-9.017221 -82.683621 533.339154 6475.106061 0.312996 0.889559 0.332745 0.875646 -0.134607 -0.463816 -0.367801 0.436539 -0.821070
-5.447137 -100.630163 607.971553 9262.892121 0.343921 0.847777 0.403724 0.926418 -0.236206 -0.293183 -0.153192 0.474849 -0.866632
4.836229 -1.028331 -438.381778 -113.129879 0.430950 0.900739 -0.054330 -0.887988 0.412600 -0.203073 0.160499 -0.135759 -0.977655
1.708931 -3.186288 -288.518833 -286.858901 0.675787 0.737089 -0.003447 -0.722530 0.661499 -0.200920 0.145816 -0.138269 -0.979602
4.659667 -1.640331 -565.678716 32.896129 0.238054 0.965626 -0.104383 -0.958988 0.216662 -0.182755 0.153857 -0.143608 -0.977602
4.427796 -1.521279 -261.629479 -276.092616 0.679059 0.733650 0.025241 -0.718094 0.671012 -0.184616 0.152380 -0.107240 -0.982487
6.751320 -0.784774 -476.042834 90.287189 0.170753 0.982390 -0.075850 -0.971756 0.155177 -0.177793 0.162892 -0.104066 -0.981140
6.461645 0.059642 -371.211531 20.317691 0.283450 0.958344 -0.035109 -0.943512 0.272139 -0.189010 0.171582 -0.086701 -0.981347
11.315228 -7.758914 625.941570 -63.069972 0.941107 -0.189543 0.279984 -0.083476 0.672199 0.735650 0.327643 0.715697 -0.616789
13.051944 -7.047688 285.571258 -93.336934 0.978417 -0.093961 0.184044 -0.077508 0.658744 0.748364 0.191555 0.746477 -0.637243
12.874733 -6.210570 133.252091 -36.978874 0.988199 -0.094574 0.120495 -0.021533 0.693060 0.720559 0.151656 0.714650 -0.682844
11.791922 -6.631528 480.577307 -68.355393 0.953503 -0.211209 0.214995 0.004518 0.723295 0.690524 0.301350 0.657445 -0.690618
1.451220 -0.724713 618.243639 76.548893 -0.167032 -0.956557 -0.238955 0.976012 -0.194745 0.097337 -0.139643 -0.216965 0.966140
-0.425234 -1.783327 -15.962041 326.481036 0.870387 0.440536 0.219898 0.469004 -0.877751 -0.097926 -0.149876 -0.188366 0.970595
2.887072 -1.185953 573.363225 -19.691906 -0.183020 -0.952547 -0.243224 0.968406 -0.217306 0.122344 -0.169392 -0.213149 0.962223
-0.004144 -2.243360 165.240414 372.705479 0.950916 0.266333 0.157563 0.289704 -0.945167 -0.150768 -0.108769 -0.189014 0.975932
4.712221 -1.033408 608.005077 65.006923 -0.185834 -0.952315 -0.241996 0.972439 -0.213546 0.093599 -0.140813 -0.217932 0.965752
1.987738 -0.526386 518.774515 136.173309 -0.280621 -0.928883 -0.241718 0.953562 -0.298513 0.040105 -0.109409 -0.219239 0.969517
-3.683901 -9.052060 -2.202162 -21.479613 0.885596 0.205624 0.416459 -0.093223 -0.799718 0.593094 -0.455005 0.564065 0.689058
-4.375605 -9.470954 15.338730 -42.172779 0.850770 0.105631 0.514813 -0.203075 -0.837425 0.507424 -0.484717 0.536247 0.691005
-4.509336 -9.386525 0.131937 -38.544233 0.885481 0.179027 0.428805 -0.074531 -0.856137 0.511346 -0.458660 0.484746 0.744750
-0.288686 -104.489142 77.173726 5556.885284 0.984525 -0.049092 -0.168225 0.022295 0.987247 -0.157625 0.173818 0.151435 0.973065
0.796460 -128.259834 258.388277 8884.886163 0.988842 0.030718 -0.145769 -0.043249 -0.877169 -0.478231 0.142554 -0.479199 0.866052
0.058010 -90.426546 271.359451 4010.238963 0.982383 0.032031 -0.184113 -0.031154 -0.943345 -0.330349 0.184264 -0.330265 0.925728
-0.190826 -79.893323 226.014984 987.860878 0.985657 0.003061 -0.168736 0.003483 0.999253 0.038475 0.168728 -0.038511 0.984910
0.206685 -119.591801 149.366223 -7829.123332 0.984663 -0.046032 -0.168282 0.003520 -0.959127 0.282955 0.174429 0.279208 0.944255
-10.644059 -163.793689 -240.767263 1652.726272 0.090435 -0.068073 -0.993573 0.960358 -0.258197 0.105102 -0.263692 -0.963691 0.042024
-5.625758 -149.717064 342.219990 11485.597253 -0.112168 0.040633 0.992858 -0.660596 0.743355 -0.105053 -0.742315 -0.667661 -0.056538
-12.262109 -236.203352 257.217962 -18583.142299 -0.015564 0.170113 -0.985302 0.776795 -0.618401 -0.119038 -0.629561 -0.767230 -0.122519
-4.588596 -152.080881 -248.443700 -6873.615205 0.032761 -0.080858 -0.996187 0.901232 -0.428521 0.064420 -0.432096 -0.899906 0.058833
-8.695163 -189.988409 -72.358816 5986.079131 0.042042 -0.062606 -0.997152 0.990681 0.132026 0.033480 0.129554 -0.989267 0.067574
1.223440 -181.979077 -256.801343 14452.346175 0.994813 -0.035337 -0.095381 -0.096962 -0.612784 -0.784280 0.030734 -0.789460 0.613032
0.161598 -118.924948 171.162914 10423.638532 0.966099 -0.126554 -0.225026 -0.257995 -0.505485 -0.823361 0.009548 -0.853504 0.520999
5.771288 -464.474528 90.836900 38239.143928 0.983225 -0.089377 -0.158999 -0.172682 -0.736827 -0.653657 0.058733 -0.670148 0.739900
3.945713 -146.315353 -312.598607 11256.009363 0.989792 -0.090129 -0.110405 -0.125028 -0.920955 -0.369065 0.068414 -0.379101 0.922823
0.457464 -18.358333 -6.951531 -171.355760 0.870828 0.054823 0.488521 -0.353339 0.760714 0.544486 0.341775 0.646767 -0.681822
0.184011 -17.841196 15.694976 -92.755939 0.871975 0.040821 0.487846 -0.305592 0.823907 0.477274 0.382456 0.565253 -0.730901
0.558005 -17.536243 -20.092997 -66.772049 0.875121 0.051937 0.481108 -0.282450 0.862110 0.420701 0.392918 0.504053 -0.769120
0.551399 -17.588225 -58.071638 -177.484116 0.869367 0.061480 0.490327 -0.319591 0.826745 0.462984 0.376911 0.559207 -0.738394
0.371886 -17.438279 -58.770907 -53.248877 0.873465 0.054373 0.483841 -0.262898 0.889096 0.374689 0.409808 0.454479 -0.790889
-6.572117 -8.058274 525.793997 23.512661 -0.163155 0.414073 0.895502 -0.569636 0.701555 -0.428178 -0.805541 -0.579969 0.121409
-6.803703 -13.457421 -21.688426 262.966824 0.403846 -0.396155 0.824603 -0.572247 0.593865 0.565560 -0.713752 -0.700275 0.013131
-7.353605 -12.080557 -43.294309 287.949551 0.457048 -0.376060 0.806031 -0.527530 0.615011 0.586066 -0.716114 -0.693066 0.082706
-10.968944 -11.992010 -118.207445 164.283217 0.843155 -0.518543 -0.142137 -0.523403 -0.731086 -0.437679 -0.123041 -0.443426 0.887825
-10.702005 -11.042945 -154.500493 -21.773974 0.969102 0.050517 0.241432 0.165221 -0.859718 -0.483309 -0.183148 -0.508265 0.841501
-11.574853 -12.087377 157.562291 -82.428473 -0.473126 -0.728102 -0.496004 0.880010 -0.417198 -0.226999 -0.041654 -0.543888 0.838124
-11.559923 -13.525511 -62.517859 148.203563 0.829506 -0.513963 -0.218543 -0.558473 -0.759665 -0.333193 -0.005230 -0.398436 0.917181
-3.918938 -11.711714 -290.500521 -189.605086 0.920278 -0.391263 -0.000832 0.335552 0.790331 -0.512623 -0.201228 -0.471477 -0.858613
-4.850781 -12.207336 -418.922051 -95.513132 0.895325 -0.445413 -0.000887 0.408143 0.821202 -0.398806 -0.178361 -0.356699 -0.917035
-6.203975 -12.977267 -117.442329 -140.883325 0.843334 -0.521406 0.130091 0.526048 0.751510 -0.398128 -0.109822 -0.404189 -0.908058
-5.693107 -12.759243 70.387245 -163.277466 0.863769 -0.471333 0.178182 0.494325 0.724060 -0.481021 -0.097706 -0.503571 -0.858411
-6.847711 -13.605890 188.623188 -11.834039 0.768007 -0.585996 0.258406 0.640108 0.715377 -0.280176 0.020676 -0.380585 -0.924515
-3.016422 -6.258040 -114.554465 99.773621 0.956376 -0.103794 -0.273079 0.130560 0.988069 0.081695 0.261341 -0.113784 0.958516
-2.958259 -4.556221 -112.246876 121.558101 0.963203 -0.009573 -0.268606 0.020928 0.999003 0.039445 0.267961 -0.043615 0.962442
-2.360408 -5.650885 -74.624912 125.353560 0.961176 -0.107157 -0.254279 0.122355 0.991480 0.044680 0.247325 -0.074057 0.966098
-2.454740 -6.910270 -77.623381 85.928759 0.959064 -0.122854 -0.255152 0.158240 0.979700 0.123073 0.234852 -0.158410 0.959036
2.672031 -9.997878 151.311299 -32.862668 -0.021027 0.555201 0.831451 -0.603625 0.655902 -0.453243 -0.796991 -0.511414 0.321341
1.331428 -9.600679 109.052639 50.547854 -0.030325 0.584297 0.810973 -0.579351 0.650882 -0.490617 -0.814514 -0.484716 0.318775
2.196528 -8.613193 178.526218 -16.720010 -0.043871 0.602205 0.797135 0.662739 -0.579516 0.474276 -0.747564 -0.549100 0.373681
1.660206 -9.279843 142.023512 -27.418915 0.027482 0.793425 0.608047 -0.791199 -0.354497 0.498334 -0.610941 0.494781 -0.618015
0.146912 -10.647537 70.527774 8.507703 -0.035238 0.772034 0.634604 -0.721223 -0.459214 0.518614 -0.691806 0.439415 -0.572990
1.703980 -10.257625 196.488615 13.254761 0.051114 0.792902 0.607202 -0.723693 -0.389580 0.569645 -0.688226 0.468545 -0.553905
0.500068 -9.826004 57.089130 -55.164289 0.001271 0.791146 0.611626 -0.822424 -0.347111 0.450702 -0.568874 0.503588 -0.650217
4.232986 -8.273432 330.308528 -3.733159 0.147603 0.823647 0.547557 -0.801206 -0.225025 0.554466 -0.579899 0.520547 -0.626696
4.213193 -8.714497 285.894929 155.389728 0.150559 0.826329 0.542690 0.852593 0.169338 -0.494379 -0.500418 0.537126 -0.679027
1.272186 -8.782058 -37.659972 -29.678982 -0.085924 0.794164 0.601599 0.968065 -0.076189 0.238840 0.235513 0.602909 -0.762256
1.180274 -9.030837 -11.754076 -6.350253 -0.053398 0.782396 0.620488 0.951752 -0.148162 0.268729 0.302185 0.604900 -0.736736
1.741268 -9.484309 -28.136635 2.278497 -0.051501 0.778927 0.624996 0.982160 -0.073833 0.172949 0.180860 0.622753 -0.761229
1.215034 -9.626607 -45.669224 69.138671 -0.082247 0.797906 0.597144 0.976281 -0.055902 0.209164 0.200275 0.600184 -0.774383
1.870140 -10.124413 -100.982305 135.983502 -0.054097 0.806033 0.589393 0.990397 -0.031896 0.134524 0.127230 0.591010 -0.796567
0.492045 -9.830951 -71.609543 79.208029 0.997567 0.044777 0.053425 0.050694 -0.992060 -0.115097 -0.047847 -0.117525 0.991917
0.195277 -8.706679 -49.476232 88.439611 0.998540 0.012686 0.052503 0.020658 -0.987822 -0.154213 -0.049908 -0.155072 0.986642
0.190438 -8.138802 -72.982138 150.043507 0.990774 0.120262 0.062485 -0.120996 0.992620 0.008090 -0.061051 -0.015576 0.998013
6.037580 -4.744057 264.913459 -69.143419 0.006547 0.994761 0.102015 0.917673 0.034554 -0.395831 0.397282 -0.096208 0.912639
3.630431 -4.925277 317.729971 -47.932349 0.068788 0.997630 -0.001816 0.898574 -0.062749 -0.434313 0.433397 -0.028244 0.900760
5.249931 -4.599580 252.955536 59.226584 0.001802 0.993983 0.109518 0.875139 0.051425 -0.481131 0.483868 -0.096710 0.869781
-0.401991 -14.895304 -39.695141 -304.436546 -0.031609 0.919628 0.391516 -0.832435 -0.241033 0.498954 -0.553221 0.310140 -0.773149
-0.465492 -15.928925 58.661452 -254.246159 -0.014322 0.915207 0.402730 -0.829810 -0.235593 0.505876 -0.557862 0.326944 -0.762822
-0.356603 -22.875085 -44.514015 -1045.988217 -0.071037 0.909631 0.409298 -0.749756 -0.319332 0.579562 -0.657890 0.265703 -0.704686
-0.436450 -15.384402 74.555637 347.427233 0.032531 0.928084 0.370947 -0.872583 -0.154612 0.463352 -0.487382 0.338755 -0.804801
-0.879170 -19.279466 -86.656399 -872.478794 -0.047163 0.921493 0.385520 -0.789691 -0.270741 0.550533 -0.611689 0.278477 -0.740464
0.020100 -13.754265 10.740972 334.264648 0.038242 0.932555 0.358998 -0.871840 -0.144416 0.468016 -0.488296 0.330887 -0.807516
0.769367 -19.076880 -94.366454 9.377593 -0.203906 -0.562774 -0.801067 0.466367 0.663608 -0.584915 0.860769 -0.492859 0.127146
0.658636 -19.268826 -7.739097 47.410557 0.242921 0.552832 0.797099 0.638505 0.527480 -0.560425 0.730275 -0.645090 0.224849
0.436513 -18.531159 128.935887 -8.590498 0.208179 0.574390 0.791668 0.643817 0.528852 -0.553006 0.736316 -0.624813 0.259706
-0.895636 -17.932380 -128.908928 -132.282914 -0.209624 -0.559433 -0.801931 0.581161 0.588277 -0.562301 0.786327 -0.583923 0.201804
0.185844 -18.942976 -163.402296 -37.399783 -0.188881 -0.568691 -0.800571 0.450442 0.674247 -0.585230 0.872597 -0.471150 0.128810
-0.381181 -17.489938 134.828910 -31.547177 0.227547 0.572470 0.787719 0.690203 0.475818 -0.545176 0.686908 -0.667739 0.286850
-1.555420 -34.228851 -63.323716 634.611987 0.937666 -0.018690 -0.347035 0.272868 0.658007 0.701833 -0.215234 0.752780 -0.622091
-1.645961 -29.485272 -78.433238 828.439742 0.943163 -0.006716 -0.332263 0.292953 0.488870 0.821696 -0.156915 0.872331 -0.463051
-2.270203 -33.837379 53.676044 891.712331 0.945394 -0.040963 -0.323345 0.302471 0.479833 0.823572 -0.121415 0.876403 -0.466022
-0.121882 -32.644389 -248.414243 941.027978 0.931077 0.023325 -0.364076 0.302903 0.506789 0.807103 -0.203336 0.861754 -0.464795
-1.149854 -38.555674 -176.375803 574.196722 0.921044 -0.002962 -0.389447 0.248851 0.773688 0.582650 -0.299585 0.633560 -0.713337
-1.418065 -36.208889 -97.115341 84.260121 0.929306 -0.026902 -0.368329 0.214417 0.851336 0.478803 -0.300691 0.523931 -0.796920
-2.065204 -28.978925 -6.085896 -322.087227 0.911920 -0.033806 -0.408972 -0.345611 -0.600603 -0.720992 0.221256 -0.798832 0.559386
-2.297230 -31.696608 -2.292820 -132.559079 0.897461 -0.030646 -0.440028 -0.341540 -0.679564 -0.649263 0.279130 -0.732976 0.620349
-2.568678 -29.819662 28.093947 76.953481 0.906182 -0.033986 -0.421520 -0.298165 -0.758193 -0.579863 0.299886 -0.651144 0.697194
-2.393774 -27.470334 51.769469 -433.672421 0.919523 -0.040033 -0.390991 -0.321660 -0.648309 -0.690094 0.225857 -0.760324 0.609013
4.194590 -21.331975 -76.499055 -296.642682 0.110103 0.990055 0.087565 -0.947566 0.131152 -0.291408 0.299994 0.050889 -0.952583
6.482626 -22.639724 87.728310 318.126721 0.022170 0.995527 0.091837 0.996908 -0.028940 0.073052 0.075383 0.089934 -0.993091
3.693829 -18.215494 -140.728175 -182.518583 -0.013606 0.999665 -0.022035 -0.982658 -0.017444 -0.184605 0.184928 -0.019141 -0.982566
6.766888 -20.882675 0.318138 259.566531 -0.067886 0.997601 0.013533 0.997691 0.067909 -0.001233 -0.002149 0.013418 -0.999908
4.915156 -18.573522 -135.250365 242.481833 -0.188611 0.978494 -0.083522 0.981929 0.189252 -0.000253 0.015559 -0.082060 -0.996506
1.018049 -47.908969 -46.519679 689.818438 0.956267 0.031909 -0.290750 0.083853 0.922400 0.377023 -0.280218 0.384915 -0.879385
1.310085 -48.339703 55.681637 978.241028 0.961474 0.018504 -0.274272 0.112881 0.883158 0.455292 -0.250650 0.468711 -0.847044
1.142917 -44.745544 -50.601502 -81.198010 0.950770 0.023797 -0.308981 0.184588 0.757386 0.626333 -0.248923 0.652533 -0.715708
1.037498 -44.154736 -4.077972 871.860263 0.954108 0.048827 -0.295454 0.124192 0.833256 0.538759 -0.272495 0.550727 -0.788953
1.417651 -50.066541 -49.339056 -866.744738 0.933930 0.017969 -0.357003 0.299610 0.505360 0.809225 -0.194956 0.862721 -0.466587
1.214136 -42.146523 -17.595334 -507.983990 0.946019 0.038059 -0.321868 0.213690 0.673425 0.707697 -0.243688 0.738275 -0.628940
-7.628237 -31.468892 152.911302 1198.196461 0.947248 -0.296243 0.122314 -0.319917 -0.896986 0.305074 -0.019338 0.328111 0.944441
-3.187687 -21.249299 -204.218266 87.785024 0.998197 0.059344 -0.009055 0.060026 -0.988632 0.137853 0.000771 0.138147 0.990411
-5.013983 -31.640812 -35.349481 1347.149458 0.998223 -0.059016 -0.008257 -0.056266 -0.979076 0.195561 0.019626 0.194749 0.980657
2.819671 -6.338615 -19.289430 -53.324684 0.984224 -0.171117 0.044969 0.117066 0.439267 -0.890697 -0.132660 -0.881909 -0.452369
2.404167 -6.573549 -18.631831 -42.868479 0.982883 -0.176996 0.051120 0.132970 0.489494 -0.861809 -0.127514 -0.853855 -0.504650
2.164008 -6.431876 -84.474718 -19.265284 0.975693 -0.211787 0.056298 0.154315 0.481600 -0.862698 -0.155595 -0.850416 -0.502575
2.588972 -6.352477 44.975901 -12.736201 0.992892 -0.114350 0.033021 0.083859 0.475221 -0.875861 -0.084463 -0.872404 -0.481432
-1.977078 -6.854045 -15.661727 34.674404 0.919880 0.177587 0.349692 0.378868 -0.632861 -0.675238 -0.101393 -0.753624 0.649438
-2.126669 -7.423821 -45.664423 43.242150 0.961231 0.102291 0.256068 0.253917 -0.690460 -0.677341 -0.107519 -0.716102 0.689665
-2.145606 -7.416564 -4.881285 47.395689 0.962052 0.092154 0.256832 0.243685 -0.713664 -0.656735 -0.122771 -0.694400 0.709039
-2.177448 -6.954787 49.070721 60.573679 0.940666 0.138505 0.309780 0.315568 -0.692696 -0.648529 -0.124759 -0.707806 0.695303
-1.536189 -10.213932 -125.732163 227.184783 0.123234 -0.591407 -0.796901 0.956041 0.286062 -0.064453 0.266081 -0.753927 0.600662
-0.913468 -10.398216 -98.206469 197.223228 0.118911 -0.595192 -0.794737 0.956482 0.283472 -0.069185 0.266464 -0.751924 0.602998
-1.213880 -10.642724 -109.487612 109.875196 0.113303 -0.597130 -0.794102 0.983898 0.178630 0.006061 0.138231 -0.782002 0.607754
-1.850330 -10.489588 -52.580975 99.501797 0.095539 -0.585912 -0.804723 0.985700 0.168416 -0.005597 0.138808 -0.792681 0.593624
-1.307399 -11.634466 -74.881699 -49.311316 0.085208 -0.592802 -0.800828 0.996347 0.046156 0.071845 -0.005627 -0.804025 0.594569
-0.786877 -11.792604 -63.173590 -37.886032 0.115711 -0.594800 -0.795502 0.993283 0.068892 0.092969 -0.000495 -0.800916 0.598776
7.371227 -156.602604 84.929770 -9903.719626 0.958430 0.101278 0.266748 0.226354 0.299284 -0.926927 0.173710 -0.948774 -0.263918
2.989795 -58.206475 -60.593341 -1868.125248 0.969764 0.059280 0.236734 0.230337 0.098186 -0.968145 0.080636 -0.993401 -0.081563
6.802061 -196.195975 93.029805 -14093.421773 0.963287 0.082627 0.255442 0.265006 -0.140221 -0.953997 0.043008 -0.986667 0.156970
2.245390 -40.171733 -84.926261 -916.331858 0.970915 0.020342 0.238561 0.234603 -0.279813 -0.930949 -0.047815 -0.959839 0.276447
5.800005 -282.012278 -450.347842 -23627.584332 -0.280351 -0.532958 -0.798348 0.187527 0.785266 -0.590078 0.941402 -0.315140 -0.120206
22.781013 -2253.572187 1473.230372 -157614.409064 0.319769 0.722876 0.612534 -0.048587 0.658137 -0.751329 0.946249 -0.210491 -0.245574
4.726489 -70.522199 -204.547950 -4704.641348 0.381881 0.678192 0.627871 0.262172 0.571960 -0.777257 0.886246 -0.461430 -0.040618
-5.997709 -216.816032 -84.605652 -15155.703367 0.271564 0.749225 0.604082 -0.430445 0.655944 -0.620043 0.860796 0.091643 -0.500631
3.706877 -88.061998 76.413237 -9030.447561 0.338143 0.694635 0.634934 0.285710 0.567059 -0.772537 0.896676 -0.442635 0.006717
1.371533 -101.755059 -7.573427 -9884.061187 0.290180 0.716114 0.634804 0.253009 0.582332 -0.772577 0.922920 -0.384798 0.012202
-15.654075 -214.718854 -442.756484 -15732.221251 0.229361 0.806596 0.544790 0.035804 0.552340 -0.832849 0.972683 -0.210529 -0.097805
1.932934 -71.100111 81.667225 91.748642 0.098291 0.803197 0.587548 0.681083 -0.484766 0.548752 -0.725579 -0.346232 0.594692
1.436645 -66.540001 -148.936893 -545.199997 0.024975 0.774325 0.632295 0.638525 -0.499018 0.585890 -0.769196 -0.389104 0.506889
2.147717 -100.799922 -98.323611 -6638.026624 0.028152 0.778026 0.627601 0.253319 -0.612907 0.748448 -0.966973 -0.137913 0.214343
6.146392 -298.824632 290.813385 -24445.700965 0.103825 0.748112 0.655399 0.215167 -0.660250 0.719564 -0.971042 -0.066312 0.229520
4.497485 -13.607428 755.602618 1.827000 -0.238975 0.695072 0.678060 -0.239401 0.634563 -0.734858 0.941052 0.337941 -0.014756
3.141435 -13.995950 -656.650301 15.988072 0.212763 -0.626103 -0.750151 -0.107858 0.747989 -0.654889 0.971133 0.220246 0.091614
-1.779309 -15.190126 217.225173 -26.771104 -0.177868 0.699295 0.692351 -0.138419 0.678795 -0.721164 0.974271 0.224106 0.023940
20.427481 -12.427193 -1670.587536 107.632152 0.215009 -0.623872 -0.751369 -0.185379 0.729303 -0.658598 0.958857 0.280892 0.041154
-2.609750 -15.394364 153.982919 -146.857184 -0.161990 0.736596 0.656647 -0.205882 0.625563 -0.752518 0.965076 0.257092 -0.050317
-2.188214 -14.137000 235.753004 145.150982 -0.200938 0.746584 0.634220 -0.384315 0.535442 -0.752067 0.901069 0.394859 -0.179333
-12.942373 -16.774382 -163.165210 343.661402 -0.828545 0.357344 -0.431066 0.329316 0.933634 0.140989 0.452840 -0.025141 -0.891237
-10.780473 -16.350036 -100.746017 165.826000 -0.856733 0.008156 -0.515695 0.055942 0.995446 -0.077193 0.512717 -0.094982 -0.853288
-8.919508 -14.794776 31.219852 111.905059 -0.787173 -0.286682 -0.546051 -0.222360 0.957771 -0.182292 0.575252 -0.022075 -0.817678
0.148991 -0.721623 -896.905088 -477.751058 -0.539002 0.252003 0.803724 0.841851 0.192498 0.504214 -0.027652 0.948388 -0.315905
3.152120 -5.731302 -569.045505 -423.570250 0.962834 0.103360 0.249533 -0.265694 0.196418 0.943836 -0.048542 0.975057 -0.216580
-1.913270 -7.872473 -598.679841 -248.625655 0.930168 0.145689 0.336989 -0.361385 0.201539 0.910375 -0.064716 0.968585 -0.240115
-0.275897 -5.074914 -1044.321113 -447.563539 -0.122967 0.327222 0.936912 0.992328 0.028389 0.120325 0.012775 0.944521 -0.328202
-6.037893 -7.727106 -354.424785 -170.237284 0.745442 0.136626 0.652419 -0.666529 0.163743 0.727274 0.007465 0.976996 -0.213126
-1.518511 -37.083573 -109.347302 -635.318773 -0.632291 0.686093 0.359840 0.771251 0.513456 0.376212 0.073355 0.515402 -0.853803
-0.567733 -34.026014 -108.750497 -751.538534 -0.624874 0.699309 0.347130 0.778563 0.591231 0.210443 -0.058069 0.401763 -0.913901
0.419738 -33.562833 -49.993474 -708.349497 -0.624456 0.692097 0.362017 0.776872 0.598297 0.196244 -0.080774 0.403786 -0.911281
0.508048 -2.268171 -92.500499 612.096523 0.985580 -0.017890 0.168261 0.016736 -0.979213 -0.202144 -0.168380 -0.202045 0.964793
4.745626 0.460807 800.360844 -89.127725 -0.182373 -0.947935 -0.261073 0.966370 -0.221772 0.130175 -0.181296 -0.228553 0.956502
0.758907 -0.591986 521.540471 -49.983229 -0.366938 -0.893028 -0.260495 0.914117 -0.398068 0.077015 -0.172471 -0.209863 0.962399
6.375215 -0.366111 -381.604107 -46.993838 0.174153 0.968063 0.180345 0.969615 -0.200535 0.140119 -0.171809 -0.150464 0.973572
-0.534429 -4.010413 -18.168504 -419.913159 0.971924 0.141718 0.187830 -0.167976 0.976898 0.132116 -0.164768 -0.159958 0.973275
-0.338146 -4.561552 -80.095389 481.443972 0.983624 0.039079 0.175943 0.067385 -0.985152 -0.157910 -0.167160 -0.167180 0.971652
15.038860 -5.991311 -579.141743 24.569932 -0.382879 0.906807 -0.176365 -0.038717 0.174994 0.983808 -0.922987 -0.383507 0.031892
11.395499 -6.020562 -789.205250 -167.308163 -0.482521 0.857901 -0.176579 -0.058119 0.169796 0.983764 -0.873954 -0.484949 0.032069
5.417670 -8.207827 -651.875889 12.887826 0.959564 0.270514 0.077834 -0.181329 0.382536 0.905973 -0.215304 0.883453 -0.416120
14.299148 -22.907386 -188.972454 -681.709550 0.938846 -0.342684 0.033686 -0.295259 -0.851510 -0.433305 -0.177171 -0.396861 0.900618
9.844078 -26.813186 -279.103226 -855.007115 0.926559 -0.369729 0.069196 -0.260440 -0.763321 -0.591195 -0.271401 -0.529756 0.803555
5.793088 -27.542349 -127.329863 -500.341330 0.931811 -0.312405 0.184746 -0.095572 -0.702260 -0.705477 -0.350134 -0.639715 0.684231
7.015527 -24.943446 -24.480272 -542.168229 0.904797 -0.227263 0.360130 0.026967 -0.813412 -0.581062 -0.424988 -0.535455 0.729845
-0.274298 -15.715984 -65.326747 135.627985 0.866555 -0.244889 -0.434870 0.498882 0.449685 0.740878 -0.014121 0.858960 -0.511847
0.095678 -18.530160 -29.394033 380.791196 0.842733 -0.274113 -0.463318 0.533236 0.543194 0.648537 -0.073899 0.793601 -0.603934
0.718986 -20.201095 21.416850 426.553499 0.851755 -0.293835 -0.433790 0.522653 0.534498 0.664188 -0.036698 0.792447 -0.608836
-0.677503 -12.295690 152.812929 -16.168542 0.815367 -0.088330 0.572166 0.537462 0.482845 -0.691372 0.215199 -0.871240 -0.441170
-0.337064 -12.778191 167.264524 -152.925936 0.826384 -0.068914 0.558874 0.492168 0.570625 -0.657386 0.273604 -0.818314 -0.505473
-1.084073 -12.936129 67.150330 -86.619106 0.843670 -0.070954 0.532153 0.467123 0.585572 -0.662496 0.264607 -0.807509 -0.527174
-1.522868 -12.963576 35.753068 -100.528163 0.839230 -0.094074 0.535578 0.495570 0.537746 -0.682085 0.223839 -0.837842 -0.497912
-1.442840 -12.667810 69.433246 16.508902 0.815477 -0.117132 0.566813 0.555109 0.435536 -0.708634 0.163863 -0.892518 -0.420191
6.017990 -1.448096 -135.167921 98.893006 -0.803936 0.424653 -0.416362 0.210196 0.857805 0.469028 0.556332 0.289551 -0.778881
2.898537 -6.103163 -297.170807 -26.521140 -0.389743 -0.533113 -0.750927 -0.705288 0.697112 -0.128852 0.592173 0.479401 -0.647693
1.544309 -4.778369 -283.550897 -34.985887 -0.282695 -0.624952 -0.727680 -0.733411 0.629765 -0.255938 0.618217 0.461336 -0.636378
-1.395065 -4.883788 199.408342 -52.927350 0.238909 0.676040 0.697059 -0.770647 0.568743 -0.287462 0.590784 0.468509 -0.656866
-4.305352 -11.242431 -120.269000 474.817830 0.930364 -0.336171 -0.146326 0.023349 0.452620 -0.891398 -0.365892 -0.825908 -0.428951
-5.293804 -8.515380 -103.087898 125.461784 0.937749 -0.281584 -0.203318 -0.033510 0.509316 -0.859927 -0.345694 -0.813208 -0.468175
-5.271246 -9.696357 -14.950028 331.083814 0.937903 -0.343065 0.051435 0.198798 0.410036 -0.890140 -0.284286 -0.845090 -0.452774
1.969413 -10.509202 55.957947 174.438402 0.806151 -0.018191 0.591431 -0.587511 0.094261 0.803707 0.070369 0.995381 -0.065301
2.331578 -9.786262 53.378936 140.165214 0.807151 0.003165 0.590336 -0.590332 -0.002022 0.807158 -0.003748 0.999993 -0.000237
2.385435 -11.448668 -26.311402 302.373354 0.804380 0.028493 0.593432 -0.593408 0.087272 0.800157 0.028990 0.995777 -0.087108
1.937037 -9.206799 152.807944 -25.119473 0.806242 -0.056610 0.588871 -0.588038 0.032166 0.808194 0.064694 0.997878 0.007355
2.143673 -11.261834 -6.595932 245.510368 0.781787 0.020136 0.623220 -0.616910 0.170395 0.768367 0.090721 0.985170 -0.145635
1.838273 -10.292516 76.012007 76.747022 0.777595 -0.032450 0.627928 -0.614319 0.173640 0.769716 0.134010 0.984275 -0.115086
1.461309 -9.793909 100.610173 -9.632979 0.794419 -0.046411 0.605595 -0.598645 0.108567 0.793623 0.102580 0.993005 -0.058464
10.419194 -33.347652 -632.971873 681.603905 -0.255688 0.963168 0.083259 0.965680 0.250384 0.069069 0.045678 0.098061 -0.994132
-0.373298 -38.937542 -139.311741 -491.306824 -0.167111 0.982440 0.082978 -0.942988 -0.183834 0.277450 -0.287832 0.031882 -0.957150
-1.625402 -39.658878 178.791605 -96.667880 0.061905 0.996260 0.060283 -0.873828 0.024914 0.485597 -0.482278 0.082738 -0.872102
-1.902224 -30.007994 148.932382 473.583484 0.544209 -0.781764 -0.304437 0.789939 0.355276 0.499775 -0.282547 -0.512469 0.810890
-1.580388 -28.378073 153.100740 777.977218 0.510564 -0.799781 -0.315713 0.852856 0.424342 0.304254 -0.109366 -0.424599 0.898752
6.502698 -3.829917 147.194527 39.897427 0.903768 -0.234446 0.358104 -0.003024 0.833129 0.553070 0.428012 0.500930 -0.752246
5.275314 -4.579953 -108.674169 -109.164637 -0.849915 0.176794 -0.496376 -0.110933 0.860882 0.496564 0.515110 0.477101 -0.712064
-11.102487 -88.927591 202.533672 6640.623817 -0.841768 -0.419651 0.339586 -0.246083 0.858180 0.450523 -0.480489 0.295669 -0.825658
-8.157807 -121.393099 437.000163 9020.596996 -0.839691 -0.340586 0.422991 -0.042380 0.817616 0.574203 -0.541409 0.464226 -0.700978
-10.242187 -219.233775 374.821139 19771.834847 0.893263 0.403033 -0.199112 -0.208548 0.763917 0.610687 -0.398232 0.503980 -0.766430
-7.617984 -111.574221 408.574870 7328.153730 -0.749553 -0.487142 0.448177 -0.397765 0.872658 0.283286 -0.529106 0.034069 -0.847872
-8.204544 -111.082231 55.549141 7386.492592 -0.873943 -0.377144 0.306570 -0.332166 0.923942 0.189728 -0.354808 0.063979 -0.932748
-34.475809 -429.256955 -3895.874496 3624.509071 0.819391 0.413210 -0.397311 -0.326072 0.906025 0.269807 0.471461 -0.091525 0.877125
-5.635994 -2618.386766 -4661.457912 275883.256568 0.912252 0.258452 -0.317805 0.408139 -0.639626 0.651384 0.034925 0.723934 0.688984
-145.676816 -3316.289269 10555.303070 26997.684497 0.795525 0.362334 -0.485648 -0.150508 0.894550 0.420865 0.586930 -0.261715 0.766172
-2.333777 -213.337212 408.861393 -7387.447593 0.762359 0.544689 -0.349461 -0.300795 -0.179885 -0.936570 0.573002 -0.819119 -0.026703
-130.241367 -4614.709342 3852.956227 -284164.284356 0.803642 0.550611 -0.225804 -0.025115 -0.347712 -0.937265 0.594583 -0.758896 0.265608
0.415254 -3.117660 -472.980878 24.581571 0.359727 0.928353 -0.093575 0.921645 -0.337898 0.190774 0.145487 -0.154870 -0.977164
2.018301 -5.245754 219.424627 -238.537524 -0.848430 -0.525965 -0.059390 -0.518701 0.848528 -0.104639 0.105431 -0.057973 -0.992735
-2.404580 -7.253951 -70.002946 73.045353 0.976251 0.114068 0.184183 0.070448 -0.971105 0.228018 -0.204871 0.209627 0.956078
-2.303336 -7.580507 -97.258953 49.930106 0.971937 0.117214 0.203959 0.058903 -0.960663 0.271398 -0.227748 0.251768 0.940608
-1.112423 -6.662701 -169.620218 -98.977292 0.956908 0.204422 0.206251 -0.158668 0.962912 -0.218231 -0.243212 0.176102 0.953853
-2.694273 -8.119037 33.925495 63.967004 0.984840 0.000335 0.173464 -0.049425 -0.958004 0.282462 -0.166274 0.286754 0.943465
-1.867985 -6.415609 -80.659286 -96.012510 0.967087 0.175341 0.184384 -0.143606 0.974335 -0.173343 -0.210046 0.141160 0.967447
-2.480849 -7.365856 73.530918 87.267306 0.987151 0.030116 0.156929 -0.003695 -0.977515 0.210831 -0.159750 0.208702 0.964844
-5.154943 -10.117428 58.886616 69.039070 0.809965 0.018451 0.586188 0.267834 0.877553 -0.397701 -0.521749 0.479125 0.705845
-4.707348 -9.385144 108.519855 -69.151495 0.815244 0.049130 0.577030 -0.301038 -0.815243 0.494727 -0.494725 0.577031 0.649832
-5.570356 -10.364271 124.688079 87.284990 0.763828 -0.019114 0.645137 0.326218 0.873920 -0.360342 -0.556911 0.485694 0.673759
-5.604215 -10.748380 57.174689 70.769147 0.772140 -0.033583 0.634564 0.281744 0.913176 -0.294499 -0.569579 0.406179 0.714562
0.698943 -88.672630 -4.573148 2882.971220 0.989215 -0.007758 -0.146268 -0.035894 -0.980988 -0.190721 0.142008 -0.193915 0.970686
-0.046883 -372.053952 -285.479989 -30066.395649 0.992806 -0.069002 -0.097852 -0.013647 -0.877130 0.480060 0.118954 0.475271 0.871761
-1.336463 -226.549239 106.356906 -17347.267801 0.984288 -0.036467 -0.172762 0.038735 -0.910008 0.412777 0.172268 0.412983 0.894298
1.485025 -93.348560 -269.921676 2999.959386 0.991242 -0.040866 -0.125577 -0.060570 -0.985686 -0.157338 0.117350 -0.163567 0.979528
