18612
37197
-6.122708 -8.299766 123.660028 108.453610 -0.528012 0.837671 -0.139677 -0.653841 -0.505947 -0.562592 0.541936 0.205729 -0.814850
-6.946503 -9.778002 119.324354 121.750096 -0.351828 0.935548 0.031088 -0.689656 -0.236614 -0.684389 0.632923 0.262227 -0.728454
-7.233141 -11.404135 -27.848330 370.414672 0.170819 0.923428 0.343659 -0.789075 0.337087 -0.513550 0.590069 0.183448 -0.786235
-5.155504 -8.302148 -12.662763 86.472199 -0.618872 0.765435 -0.176371 -0.554142 -0.584585 -0.592610 0.556709 0.269015 -0.785943
-6.289448 -7.531167 103.790244 152.966415 -0.401621 0.912288 -0.080187 -0.765207 -0.382394 -0.517912 0.503148 0.146645 -0.851667
-4.108673 -6.777343 -6.372327 -66.118374 -0.700503 0.663835 -0.261951 0.524968 0.727976 0.440976 0.483429 0.171389 -0.858442
6.272920 -13.183352 -118.129924 169.740328 0.280029 0.958969 0.044293 -0.948038 0.268990 0.169907 -0.151022 0.089571 -0.984464
6.978199 -14.350694 -127.511326 -116.418310 0.338347 0.934918 0.106999 0.940834 -0.333815 -0.058303 -0.018791 0.120395 -0.992548
8.919665 -13.337771 -183.681396 98.229997 0.307415 0.942487 0.131201 -0.929358 0.267750 0.254173 -0.204426 0.200069 -0.958218
5.418249 -12.339498 -46.983554 9.644313 0.332651 0.942725 0.024740 -0.940893 0.333549 -0.058866 0.063747 0.003696 -0.997959
6.731041 -11.600365 -104.633550 178.455709 0.226472 0.972832 0.048041 -0.928415 0.200691 0.312681 -0.294545 0.115416 -0.948642
5.134998 -11.680899 -67.889685 162.136292 0.230922 0.972937 -0.008331 -0.958248 0.228903 0.171361 -0.168630 0.031587 -0.985173
0.400663 -62.206567 184.511916 -7500.900256 0.756209 -0.598697 0.264026 0.492700 0.255478 -0.831852 -0.430575 -0.759139 -0.488173
-0.617156 -11.025121 -432.477311 -221.463328 -0.531941 0.687415 -0.494469 0.842263 0.489771 -0.225206 0.087366 -0.536269 -0.839513
2.093949 -7.806533 -224.973668 -314.724962 -0.264182 0.884468 -0.384608 0.932611 0.132611 -0.335636 -0.245856 -0.447359 -0.859898
-1.355082 -20.565508 -551.986748 -871.847352 -0.616805 0.624991 -0.478475 0.786728 0.470422 -0.399704 -0.024726 -0.622969 -0.781856
2.771959 -10.718013 -399.097929 -788.699191 -0.249650 0.852708 -0.458872 0.908864 0.042825 -0.414888 -0.334127 -0.520629 -0.785687
0.937540 -55.449053 -112.670862 -4580.285810 -0.573114 0.763209 -0.298416 0.623633 0.169961 -0.763017 -0.531622 -0.623398 -0.573370
-1.459020 -18.726813 -176.199677 -1037.034927 -0.509778 0.794624 -0.329695 0.837572 0.370897 -0.401134 -0.196467 -0.480633 -0.854630
6.395381 -8.976387 -233.949655 148.248253 0.317833 0.884624 0.341206 -0.308809 0.436826 -0.844879 0.896448 -0.163163 -0.412018
5.135888 -11.258176 -221.572938 157.205905 0.340354 0.903340 0.261031 -0.197663 0.340136 -0.919368 0.919287 -0.261314 -0.294323
8.875826 -9.381358 -282.886261 104.726694 0.245406 0.919137 0.308160 -0.198094 0.358719 -0.912184 0.948965 -0.162811 -0.270108
9.459429 -8.523303 -334.021200 181.270391 0.257944 0.901303 0.348019 -0.328803 0.420598 -0.845568 0.908490 -0.103680 -0.404842
10.868253 -7.665394 -127.778025 148.567912 0.085364 0.923893 0.373008 -0.272258 0.381756 -0.883254 0.958430 0.026156 -0.284125
10.059788 -8.127698 -104.651148 -93.770013 0.088693 0.950237 0.298634 -0.041800 0.303103 -0.952041 0.995182 -0.071957 -0.066603
-0.940572 -2.451128 -0.734293 -34.177462 -0.305205 0.914496 0.265606 0.034907 0.289470 -0.956550 0.951647 0.282672 0.120269
-0.542947 -2.782332 -17.007236 -10.561737 -0.285187 0.931043 0.227657 -0.008476 0.235061 -0.971944 0.958434 0.279115 0.059145
-0.825920 -2.746646 -23.255163 -34.350210 -0.290334 0.941982 0.168454 0.037232 0.187023 -0.981650 0.956201 0.278734 0.089371
-1.268020 -3.182598 -49.242826 -0.724498 -0.271940 0.903556 0.331111 -0.092792 0.317854 -0.943588 0.957830 0.287324 0.002594
-0.155499 -3.406367 44.411357 -41.439034 -0.302878 0.903013 0.304685 -0.022502 0.312837 -0.949540 0.952764 0.294451 0.074432
-0.181100 -2.318932 26.153710 -79.530418 -0.308308 0.942016 0.132484 0.099440 0.170419 -0.980341 0.946075 0.289073 0.146216
-0.636945 -2.002356 29.794876 -50.008570 -0.311761 0.941009 0.131556 0.105364 0.171841 -0.979474 0.944300 0.291501 0.152722
-2.379800 -6.168081 -81.065572 -27.127644 -0.296703 0.951571 0.080500 0.954738 0.297431 0.003064 -0.021028 0.077766 -0.996750
-2.373339 -6.366032 -4.073902 -12.572456 -0.232076 0.962306 0.141800 0.972410 0.225983 0.057881 0.023655 0.151321 -0.988202
-1.956168 -6.511978 -19.562078 -46.197974 -0.274627 0.955246 0.109930 0.960054 0.266024 0.086767 0.053640 0.129367 -0.990145
-1.598533 -6.539669 48.668911 -38.544225 -0.169698 0.969587 0.176360 0.982151 0.151659 0.111262 0.081132 0.192093 -0.978017
-1.491145 -6.891785 30.191087 -23.664825 -0.226791 0.963244 0.143966 0.957253 0.193207 0.215264 0.179536 0.186632 -0.965886
-1.512994 -6.980993 -49.035483 40.151622 0.106618 0.994236 0.011321 -0.649918 0.061069 0.757547 -0.752488 0.088126 -0.652683
-0.510405 -7.207289 -122.349318 36.081191 0.136713 0.988044 -0.071262 -0.680346 0.145938 0.718214 -0.720027 0.049706 -0.692163
0.458345 -6.707394 -119.187594 35.933540 0.136077 0.989097 -0.056306 -0.601632 0.127658 0.788506 -0.787097 0.073422 -0.612444
-0.334853 -7.078522 -0.285954 7.835570 -0.113467 0.988087 -0.103969 -0.894268 -0.055973 0.444018 -0.432909 -0.143358 -0.889965
-0.181772 -7.748597 27.811251 55.825058 -0.124501 0.988094 -0.090385 -0.836256 -0.055468 0.545526 -0.534018 -0.143504 -0.833206
-0.106013 -7.131158 23.382089 41.238693 -0.132616 0.987777 -0.081917 -0.868195 -0.075893 0.490386 -0.478175 -0.136153 -0.867647
0.750759 -10.984942 -8.414179 -30.811242 -0.194924 0.980705 0.014925 0.442176 0.074283 0.893847 -0.875491 -0.180832 0.448124
0.465357 -10.818183 -0.150238 -4.676758 -0.176745 0.983486 0.038939 0.472534 0.050083 0.879888 -0.863407 -0.173916 0.473583
0.442174 -10.733106 -6.334235 -24.007537 -0.195763 0.980483 0.018137 0.335953 0.049677 0.940568 -0.921310 -0.190222 0.339121
0.631237 -11.078007 -17.040030 -47.416856 -0.203919 0.978935 -0.010149 0.326032 0.077682 0.942162 -0.923104 -0.188816 0.335005
3.397636 -17.132498 -54.722234 45.036808 0.484339 0.853816 0.190826 0.849101 -0.511308 0.132636 -0.210818 -0.097789 0.972622
4.490991 -16.781347 -10.374169 -88.597283 0.492724 0.850389 0.184558 0.761668 -0.524032 0.381119 -0.420813 0.047214 0.905918
4.102836 -16.904503 -16.326479 -28.631539 0.534186 0.835704 0.127452 0.804030 -0.548826 0.228747 -0.261114 0.019718 0.965107
3.331460 -16.513355 17.011995 99.725675 -0.526712 -0.840483 -0.127133 0.847876 -0.530135 -0.008001 -0.060674 -0.112007 0.991853
3.884108 -16.703551 15.478021 3.996304 0.554405 0.829509 0.067449 0.823911 -0.558489 0.096234 -0.117497 -0.002219 0.993071
4.152970 -16.482995 71.552174 -56.533325 0.573376 0.818238 0.041544 0.781458 -0.561426 0.272259 -0.246096 0.123642 0.961327
-0.447421 -19.186973 -5.343537 197.556610 0.484880 0.866404 -0.119314 -0.546727 0.193798 -0.814574 0.682627 -0.460204 -0.567655
-0.214159 -19.384005 6.361638 188.214294 0.471060 0.873735 -0.121197 -0.589930 0.209899 -0.779695 0.655808 -0.438782 -0.614318
-0.429988 -16.581825 -20.152616 275.854645 0.470002 0.868934 -0.155087 -0.725853 0.280516 -0.628051 0.502230 -0.407756 -0.762561
-0.246825 -16.572175 2.870808 243.463939 0.443643 0.883910 -0.147934 -0.777172 0.297240 -0.554664 0.446301 -0.361043 -0.818818
-0.527932 -16.116205 0.416378 228.858659 0.467335 0.875139 -0.125418 -0.702621 0.281555 -0.653491 0.536583 -0.393521 -0.746472
-0.591590 -14.286657 -4.499412 258.626778 0.449278 0.880930 -0.148701 -0.796754 0.319795 -0.512752 0.404145 -0.348846 -0.845561
-0.432848 -14.194584 -13.350560 182.011286 0.432173 0.885970 -0.168177 -0.828732 0.316660 -0.461444 0.355571 -0.338797 -0.871083
-0.612460 -8.022899 -19.268863 192.402508 0.226621 0.970850 0.078059 0.943867 -0.199132 -0.263554 0.240328 -0.133404 0.961481
-0.560285 -7.648933 -12.752021 103.330807 0.155809 0.984366 0.082141 0.945551 -0.124574 -0.300691 0.285757 -0.124519 0.950178
-0.552173 -9.561460 -17.067516 140.089540 0.203175 0.976494 0.071975 0.967202 -0.188709 -0.170027 0.152448 -0.104160 0.982807
0.366186 -4.182662 -38.059591 -19.944659 0.036064 0.900460 -0.433441 -0.156305 0.433468 0.887510 -0.987050 -0.035741 -0.156379
-0.452536 -4.221108 -47.762364 22.790316 0.049683 0.834497 -0.548768 -0.077745 0.551011 0.830868 -0.995735 -0.001384 -0.092254
-0.610408 -4.600983 -73.683116 -8.842006 0.026167 0.882979 -0.468683 -0.145456 0.467217 0.872096 -0.989019 -0.045353 -0.140661
-1.527543 -4.819235 -85.383516 26.808834 0.044376 0.857863 -0.511958 -0.082446 0.513860 0.853903 -0.995607 -0.004317 -0.093531
-0.241802 -4.693232 -82.708717 3.897698 0.001036 0.926630 -0.375972 -0.203928 0.368268 0.907079 -0.978985 -0.075731 -0.189347
-1.494557 -5.194381 -103.871057 37.001551 -0.001867 0.933878 -0.357588 -0.180474 0.351402 0.918665 -0.983578 -0.066250 -0.167885
-0.199669 -9.020772 49.986136 260.997045 0.475954 0.867542 -0.144357 0.576211 -0.431610 -0.694041 0.664416 -0.247152 0.705314
-0.595937 -8.426197 36.690832 252.272227 0.470449 0.874119 -0.120804 0.549699 -0.397395 -0.734785 0.690296 -0.279274 0.667456
0.031159 -6.551297 42.548031 200.015691 0.500451 0.850279 -0.163015 0.500416 -0.437741 -0.746972 0.706493 -0.292247 0.644561
0.667864 -7.605132 42.541996 113.167483 0.497330 0.853208 -0.157160 0.530916 -0.442582 -0.722668 0.686142 -0.275966 0.673091
0.032690 -13.860206 18.283825 -70.609399 0.524152 0.848438 -0.073602 0.662779 -0.352125 0.660857 -0.534780 0.395172 0.746894
0.869567 -15.097256 46.752872 -127.870754 0.546172 0.834631 -0.071326 0.745365 -0.445365 0.496064 -0.382265 0.324101 0.865351
1.280854 -14.065414 69.665923 -154.383927 0.567223 0.821205 -0.062301 0.686125 -0.429367 0.587262 -0.455512 0.375855 0.806996
0.850265 -13.010680 60.016151 -54.154620 0.565847 0.822242 -0.061114 0.606352 -0.364757 0.706604 -0.558707 0.436886 0.704965
-1.208358 -20.122214 -37.314814 127.912588 -0.516739 0.831603 0.203514 -0.274049 -0.385868 0.880910 -0.811097 -0.399428 -0.427293
-1.062867 -20.114878 -41.916747 125.861526 -0.511706 0.839577 0.182394 -0.071505 -0.253174 0.964775 -0.856180 -0.480639 -0.189585
-2.269095 -21.127073 -89.982398 185.297659 -0.518537 0.827677 0.214642 -0.232565 -0.378083 0.896084 -0.822820 -0.414734 -0.388539
-2.204131 -19.797993 -88.428659 -139.779979 -0.527538 0.820557 0.219978 -0.477655 -0.500630 0.721953 -0.702531 -0.275784 -0.656044
-3.544672 -21.208650 -113.719719 -13.816952 -0.498357 0.831447 0.245636 -0.390973 -0.468412 0.792294 -0.773809 -0.298808 -0.558509
-3.788503 -21.469343 -137.977364 203.857062 -0.493036 0.842018 0.218909 -0.174889 -0.342402 0.923133 -0.852250 -0.416853 -0.316076
-1.182653 -15.890769 -7.584561 -131.908039 -0.489179 0.859484 0.148295 -0.789228 -0.508579 0.344190 -0.371245 -0.051331 -0.927115
-1.038675 -14.775802 9.500811 -215.665281 -0.498836 0.844606 0.194430 -0.772301 -0.534987 0.342551 -0.393338 -0.020718 -0.919161
-1.219521 -14.932747 8.311302 -46.176800 -0.451385 0.876210 0.168843 -0.856342 -0.478549 0.194087 -0.250860 0.056979 -0.966345
-1.330778 -16.937924 14.024783 1.042072 -0.459289 0.878003 0.134777 -0.850387 -0.478449 0.218928 -0.256703 0.014062 -0.966388
-1.257867 -17.060437 26.232317 -70.589016 -0.479653 0.865028 0.147173 -0.759553 -0.493297 0.423954 -0.439332 -0.091565 -0.893646
-1.316558 -16.001350 -11.994309 -7.302304 -0.434991 0.890703 0.132025 -0.876301 -0.452476 0.165417 -0.207076 0.043739 -0.977347
-1.154121 -13.814892 16.199707 -20.085730 -0.444553 0.875246 0.190570 -0.851778 -0.478891 0.212456 -0.277214 0.067876 -0.958408
-3.245535 -46.642307 -4.287073 2209.411627 -0.233513 0.969577 -0.073426 0.970660 0.236896 0.041225 0.057366 -0.061645 -0.996448
-21.382235 -63.185339 901.531896 3489.662088 -0.174169 0.971392 -0.161437 0.980165 0.186761 0.066306 0.094560 -0.146687 -0.984653
-2.848151 -52.044049 183.607789 -2086.176996 0.039206 0.998990 -0.021951 -0.985369 0.042299 0.165101 -0.165863 -0.015157 -0.986032
-3.032455 -60.791071 185.035378 -3858.984764 0.018465 0.998391 -0.053611 -0.983113 0.008366 -0.182808 0.182066 -0.056082 -0.981686
-0.702390 -169.638025 260.832323 -8177.003672 -0.147142 0.981540 0.122179 -0.877429 -0.186547 0.441949 -0.456583 0.042174 -0.888681
19.835409 -311.354638 692.405106 2170.995585 -0.401865 0.913599 -0.061970 0.642703 0.329617 0.691582 -0.652256 -0.238095 0.719634
53.014400 -1160.606182 4261.793399 81665.349007 -0.358131 0.897619 -0.256949 -0.408941 0.096599 0.907434 -0.839351 -0.430057 -0.332478
10.456700 -442.636430 735.736358 13079.616201 -0.396734 0.905763 -0.148982 0.018063 0.169973 0.985283 -0.917756 -0.388205 0.083795
30.080100 -1507.630198 1265.368374 157091.788693 -0.426134 0.902373 -0.064294 0.168576 0.149031 0.974357 -0.888815 -0.404368 0.215626
22.575889 -171.619094 1036.262484 -8424.046533 -0.283189 0.957243 -0.059069 0.905609 0.246623 -0.345034 0.315714 0.151203 0.936730
12.003401 -81.670909 -832.168120 4577.041037 -0.564921 0.824885 -0.020703 0.797085 0.552026 0.244792 -0.213354 -0.121786 0.969354
0.998809 -6.266501 -5.368079 46.627887 0.021231 0.983703 0.178542 -0.350038 -0.159965 0.922976 -0.936495 0.082092 -0.340937
0.841060 -6.339052 -9.647109 27.642493 0.021224 0.989538 0.142704 -0.316955 -0.128714 0.939666 -0.948203 0.065174 -0.310907
1.172568 -6.613349 12.267737 28.474981 0.020011 0.986018 0.165430 -0.410423 -0.142778 0.900648 -0.911675 0.085919 -0.401828
0.939984 -6.685487 4.084692 7.438179 0.023653 0.993636 0.110129 -0.357765 -0.094452 0.929023 -0.933512 0.061374 -0.353254
0.227286 -4.794157 21.003854 -34.520895 0.096551 0.989602 -0.106606 -0.840559 0.023708 -0.541200 0.533046 -0.141862 -0.834109
0.225571 -4.511700 30.391611 -16.441782 0.105913 0.989609 -0.097248 -0.809870 0.029102 -0.585887 0.576969 -0.140811 -0.804536
-0.056413 -4.750049 16.677842 -29.991600 0.107118 0.989157 -0.100466 -0.822131 0.031296 -0.568438 0.559130 -0.143487 -0.816569
-4.454584 -6.587849 109.040378 -77.139729 -0.198837 0.850789 -0.486438 -0.069204 -0.507299 -0.858987 0.977586 0.137135 -0.159748
-3.588502 -7.646026 111.836168 -101.856459 -0.239370 0.825499 -0.511130 -0.152914 -0.551917 -0.819759 0.958811 0.118066 -0.258343
-2.621887 -6.290711 80.502329 -83.034246 -0.245860 0.860935 -0.445358 -0.087759 -0.477346 -0.874322 0.965324 0.175877 -0.192915
-3.386976 -5.401126 91.321534 -44.726752 -0.217635 0.928870 -0.299727 -0.043000 -0.315914 -0.947813 0.975083 0.193389 -0.108696
-1.789722 -5.313864 45.331136 -72.716313 -0.270603 0.864285 -0.424011 -0.049214 -0.452287 -0.890514 0.961432 0.220108 -0.164926
-2.370838 -5.112833 58.032183 -50.625706 -0.247774 0.910158 -0.331995 -0.040239 -0.352053 -0.935115 0.967982 0.218338 -0.123853
0.459540 -8.259025 -199.951656 65.517764 -0.604409 0.756374 0.250178 0.107193 -0.233962 0.966318 -0.789430 -0.610868 -0.060331
-2.293097 -8.365300 -147.130131 32.575789 -0.562398 0.717168 0.411555 0.187585 -0.374091 0.908222 -0.805307 -0.587984 -0.075858
-1.963052 -8.792650 -137.184251 57.755747 -0.577076 0.741695 0.341865 0.057739 -0.380499 0.922977 -0.814647 -0.552366 -0.176752
0.464230 -7.968776 -5.481716 -57.277843 -0.196990 0.974069 -0.111286 -0.528381 -0.201095 -0.824848 0.825838 0.103685 -0.554293
0.488415 -8.597351 -4.570336 66.269368 -0.189368 0.977685 -0.090954 -0.674540 -0.196844 -0.711512 0.713538 0.073386 -0.696763
0.525765 -7.866990 -15.692173 -69.311369 -0.184845 0.977945 -0.097243 -0.529674 -0.182483 -0.828339 0.827815 0.101607 -0.551723
0.641902 -7.676462 7.855139 -184.942040 -0.185116 0.978645 -0.089362 -0.419925 -0.160988 -0.893166 0.888479 0.127814 -0.440759
0.562890 -7.308874 45.415116 -119.353835 -0.217634 0.973155 -0.074866 -0.425476 -0.163625 -0.890054 0.878411 0.161852 -0.449665
0.117580 -8.102923 26.723573 -42.114821 -0.216904 0.971284 -0.097774 -0.528461 -0.201044 -0.824809 0.820781 0.127235 -0.556893
-0.253591 -31.251695 21.013674 -113.426633 0.323648 0.945388 -0.038654 0.423145 -0.108079 0.899593 -0.846286 0.307508 0.435016
-0.775760 -32.627853 -0.876539 -308.749398 0.297215 0.951145 -0.083585 0.151839 0.039344 0.987622 -0.942660 0.306228 0.132727
-0.637843 -35.820386 20.752871 -16.261466 0.320876 0.944558 -0.069636 0.367067 -0.056244 0.928493 -0.873099 0.323492 0.364763
-0.624885 -36.735606 -8.714259 -580.616399 0.298285 0.948995 -0.102150 0.020717 0.100560 0.994715 -0.954252 0.298825 -0.010335
-0.263533 -35.246434 -10.542211 808.213364 0.298433 0.953605 -0.039680 0.686401 -0.185552 0.703153 -0.663168 0.237080 0.709931
-0.713497 -45.859719 -39.235420 1171.237916 0.263328 0.961945 -0.072944 0.572315 -0.094904 0.814524 -0.776604 0.256234 0.575526
-0.817592 -39.292077 -14.984201 -138.138407 0.290268 0.953976 -0.075329 0.279535 -0.009242 0.960091 -0.915208 0.299741 0.269352
7.432253 -54.517937 -195.901592 2027.609906 0.137449 0.978558 -0.153404 -0.536916 -0.056539 -0.841739 0.832363 -0.198061 -0.517632
7.781924 -48.146118 -110.401811 706.590040 0.112658 0.981486 -0.154900 -0.127945 -0.140266 -0.981812 0.985362 -0.130428 -0.109775
9.008157 -50.568985 -156.575591 1671.338081 0.046903 0.988607 -0.143023 -0.479933 -0.103269 -0.871206 0.876050 -0.109504 -0.469622
8.018205 -34.899274 -148.769356 979.963082 0.081345 0.987437 -0.135467 -0.713340 -0.037244 -0.699828 0.696081 -0.153562 -0.701349
2.329115 -15.350940 147.917159 -499.595580 0.477281 0.874045 0.090816 -0.767143 0.364027 0.528182 -0.428596 0.321760 -0.844261
3.198305 -61.966315 -13.846493 -3243.143321 0.427917 0.897206 0.109129 -0.733487 0.274184 0.621948 -0.528094 0.346187 -0.775417
3.208026 -13.843937 -90.191369 -220.180474 0.414332 0.909656 -0.029240 -0.704874 0.341050 0.621962 -0.575744 0.237088 -0.782501
-1.058649 -8.657313 -3.035885 -2.676451 -0.134470 0.990425 -0.031251 -0.529707 -0.098500 -0.842442 0.837453 0.096729 -0.537880
-0.846282 -8.866809 -22.408420 21.416650 -0.106857 0.993567 -0.037487 -0.559546 -0.091259 -0.823760 0.821882 0.067049 -0.565698
-0.769249 -8.258074 -34.506753 -2.690372 -0.116617 0.991117 -0.063929 -0.626468 -0.123354 -0.769624 0.770674 0.049702 -0.635288
-4.029150 -10.162814 43.779461 11.334642 -0.266761 0.864009 0.426997 0.769600 0.457664 -0.445264 0.580133 -0.209837 0.787029
-2.999875 -9.568910 -78.419854 138.859073 -0.235871 0.830264 0.505001 0.667324 0.516150 -0.536906 0.706430 -0.210358 0.675800
-3.259308 -9.008122 13.150983 73.402219 -0.247774 0.871544 0.423106 0.673647 0.468856 -0.571291 0.696281 -0.143473 0.703284
-3.864906 -9.956057 82.251145 -25.968491 -0.220534 0.911447 0.347316 0.802596 0.371917 -0.466387 0.554260 -0.175900 0.813545
-4.424866 -9.894552 42.332497 -34.158382 -0.280348 0.869283 0.407125 0.840791 0.427009 -0.332768 0.463116 -0.249016 0.850597
-4.512043 -10.733397 -10.498416 -9.307894 -0.376572 0.777436 0.503772 0.798119 0.548351 -0.249634 0.470319 -0.308064 0.826980
2.091978 -10.811930 -193.875382 24.175887 -0.397396 0.903292 0.161679 0.447588 0.036991 0.893474 -0.801088 -0.427429 0.419002
4.234273 -11.086892 -147.301683 99.748540 -0.332652 0.930075 0.155897 0.529662 0.047488 0.846878 -0.780257 -0.364288 0.508423
1.383508 -10.059405 -190.846939 103.268074 -0.386418 0.896892 0.215094 0.591697 0.062169 0.803760 -0.707514 -0.437858 0.554712
4.633461 -11.896712 -156.953627 -0.554767 -0.349069 0.930908 0.107521 0.342095 0.019769 0.939457 -0.872423 -0.364718 0.325360
-0.535885 -10.117636 -152.413505 -11.352870 -0.391195 0.901165 0.186730 0.490124 0.032272 0.871055 -0.778938 -0.432273 0.454307
-0.435071 -10.132075 -134.723137 -55.423559 -0.400901 0.906900 0.129654 0.341918 0.016822 0.939579 -0.849924 -0.421009 0.316829
2.133680 -10.847576 -194.392314 -24.676928 -0.413531 0.903018 0.116409 0.317807 0.023347 0.947868 -0.853224 -0.428968 0.296640
-5.627694 -8.553812 10.112648 -34.478953 0.083751 0.995709 0.039353 0.196736 -0.055237 0.978899 -0.976873 0.074242 0.200518
-5.592217 -8.460650 -2.199173 -3.568048 0.017347 0.999537 0.025008 0.091445 -0.026493 0.995458 -0.995659 0.014982 0.091862
-5.505504 -8.642747 10.924530 -47.806949 0.004669 0.998407 0.056234 0.176413 -0.056175 0.982712 -0.984305 -0.005332 0.176394
-5.272859 -8.483957 -23.743011 -6.062752 -0.091814 0.992638 0.078988 0.108089 -0.068919 0.991749 -0.989892 -0.099594 0.100966
-4.042698 -12.308865 -55.234344 30.269993 0.419363 0.883432 -0.209006 0.742042 -0.466206 -0.481690 0.522980 -0.046912 0.851053
-4.514788 -11.946297 -23.673393 39.556489 0.391699 0.876039 -0.281296 0.760433 -0.480344 -0.437048 0.517990 0.042716 0.854320
-4.603548 -12.797916 -31.942920 3.973500 0.390486 0.893442 -0.221995 0.841067 -0.444271 -0.308593 0.374336 0.066211 0.924926
-4.048887 -12.845219 -33.296440 -1.060998 0.384789 0.907977 -0.165875 0.833720 -0.419019 -0.359631 0.396042 -0.000089 0.918233
-4.803270 -12.917180 0.890203 7.385533 0.375043 0.887457 -0.267885 0.896802 -0.420510 -0.137543 0.234712 0.188655 0.953582
-4.512794 -12.783933 -22.076765 -11.123201 0.368766 0.911276 -0.183273 0.900315 -0.399204 -0.173403 0.231181 0.101058 0.967648
1.893074 -2.113541 -147.963594 -20.184543 -0.321710 0.143469 0.935905 0.140235 0.984772 -0.102755 -0.936396 0.098189 -0.336931
1.432554 -1.508097 -158.065045 -29.058725 -0.322900 0.132858 0.937062 0.097247 0.989515 -0.106785 -0.941424 0.056645 -0.332434
-0.176506 -2.122609 -10.908733 0.396021 -0.221641 0.549321 0.805681 0.220778 0.833044 -0.507242 -0.949806 0.065451 -0.305915
-0.538283 -3.100718 -5.116985 21.038949 -0.194137 0.621929 0.758627 0.253095 0.778914 -0.573791 -0.947762 0.080610 -0.308623
0.582658 -2.441243 -53.732658 -12.966698 -0.270934 0.366959 0.889908 0.212973 0.924426 -0.316353 -0.938742 0.103815 -0.328611
-0.332932 -3.367085 5.976675 -29.016114 -0.132595 0.787543 0.601826 -0.232875 -0.614944 0.753401 -0.963425 0.040254 -0.264938
0.668270 -6.584763 2.952393 3.869434 -0.181872 0.982279 0.045290 0.521312 0.057266 0.851442 -0.833760 -0.178464 0.522489
1.002972 -6.472835 19.221460 -23.269266 -0.211348 0.977348 0.011050 0.463571 0.090279 0.881449 -0.860485 -0.191415 0.472150
1.137303 -6.791746 15.089489 -15.095646 -0.192903 0.980601 0.034799 0.392998 0.044717 0.918451 -0.899078 -0.190848 0.394000
0.504913 -6.962352 0.500177 10.081409 -0.222337 0.974964 0.003467 0.585601 0.130699 0.799994 -0.779512 -0.179899 0.599999
0.855512 -6.738047 10.653338 -15.150839 -0.154835 0.985760 0.065597 0.416399 0.004904 0.909169 -0.895901 -0.168086 0.411229
0.430961 -6.978399 3.514900 8.714023 -0.151578 0.985891 0.071018 0.607938 0.036334 0.793153 -0.779382 -0.163399 0.604868
0.341967 -7.302079 5.143322 -20.531540 -0.181556 0.982383 0.044281 0.620119 0.079426 0.780477 -0.763210 -0.169160 0.623615
0.577704 -6.594164 -3.460107 17.751295 -0.148589 0.985728 0.079133 0.520546 0.009928 0.853776 -0.840805 -0.168054 0.514592
3.253019 -3.216078 74.054384 -55.917431 0.127092 0.709314 -0.693340 0.266608 -0.697714 -0.664918 0.955389 0.100345 0.277782
3.854154 -2.227859 68.136695 47.871632 0.190770 0.668717 -0.718627 -0.262960 0.740129 0.618919 0.945758 0.070899 0.317040
2.523660 -2.705469 68.086561 -27.325534 0.067233 0.809920 -0.582674 0.323453 -0.570149 -0.755188 0.943853 0.137694 0.300304
2.040733 -3.951702 76.758138 -20.393415 0.048503 0.786559 -0.615608 0.268204 -0.603954 -0.750537 0.962140 0.128705 0.240252
3.245669 -4.005099 68.606246 51.163029 0.122226 0.680306 -0.722665 -0.218620 0.728695 0.649006 0.968125 0.078664 0.237794
-0.799113 -7.946026 -11.373480 -29.244434 0.104288 0.983605 -0.147126 -0.877313 0.021304 -0.479446 0.468450 -0.179076 -0.865151
-0.980103 -7.812537 -6.767834 -2.685317 0.109235 0.987046 -0.117508 -0.874860 0.039345 -0.482775 0.471898 -0.155539 -0.867825
-0.707071 -7.720520 2.203324 -38.439842 0.091526 0.986045 -0.139059 -0.819856 -0.004646 -0.572551 0.565207 -0.166412 -0.807990
-0.570607 -7.717699 -14.101640 -29.755813 0.083967 0.981468 -0.172249 -0.850107 -0.019628 -0.526244 0.519872 -0.190618 -0.832705
0.865975 -9.026926 -37.497522 48.650172 -0.118258 0.987827 0.101058 0.865171 0.052554 0.498716 -0.487334 -0.146410 0.860854
1.445787 -9.276326 -32.922459 102.190173 -0.059023 0.993099 0.101341 0.926626 0.016743 0.375612 -0.371323 -0.116075 0.921220
0.921044 -8.193852 -32.586489 87.438035 -0.044453 0.991289 0.123979 0.944374 0.001218 0.328871 -0.325855 -0.131702 0.936202
3.350426 -11.519466 -48.999199 -151.015245 0.521171 0.849109 0.085994 -0.686710 0.477043 -0.548507 0.506764 -0.226813 -0.831712
3.054943 -12.541860 14.998129 -171.382688 0.477460 0.865392 0.152083 -0.708569 0.481577 -0.515765 0.519578 -0.138496 -0.843124
3.479413 -13.866320 -10.193626 -206.535385 0.499236 0.860346 0.102801 -0.772076 0.495559 -0.397894 0.393270 -0.119273 -0.911654
3.531410 -12.024263 -18.862615 -150.786543 0.497614 0.864089 0.075703 -0.750539 0.472681 -0.461805 0.434824 -0.172983 -0.883745
12.527006 -8.345171 592.286748 27.953298 -0.169353 0.980180 -0.102791 0.978315 0.154572 -0.137867 -0.119246 -0.123910 -0.985102
271.565073 -46.735304 11004.846485 582.078021 -0.084828 0.979704 -0.181617 0.995875 0.077469 -0.047250 -0.032221 -0.184875 -0.982234
25.353670 -7.886946 1264.295721 102.988959 -0.207870 0.975209 -0.075875 0.978136 0.207741 -0.009679 0.006323 -0.076228 -0.997070
-0.494069 -7.120192 52.754662 55.594337 -0.424371 0.902151 -0.077679 0.905331 0.421133 -0.054974 -0.016882 -0.093655 -0.995462
-1.477859 -12.274674 51.506129 139.526955 0.489682 0.863444 0.121150 -0.180082 -0.035795 0.983000 -0.853102 0.503174 -0.137962
-1.097956 -13.518939 4.086252 172.253771 0.475464 0.868025 0.143065 -0.246114 -0.024884 0.968921 -0.844608 0.495897 -0.201802
-1.444580 -13.399329 47.527208 137.852315 0.477407 0.863545 0.162397 -0.361381 0.024499 0.932097 -0.800929 0.503676 -0.323764
-1.906479 -12.405707 77.065372 147.661724 0.476077 0.867182 0.146103 -0.245525 -0.028461 0.968972 -0.844433 0.497178 -0.199365
-0.608762 -6.647726 37.623358 -62.611024 -0.278996 0.951441 -0.130083 0.710189 0.295610 0.638942 -0.646369 -0.085879 0.758176
-0.227395 -6.821082 47.746047 -36.765424 -0.310742 0.936211 -0.164158 0.630687 0.332301 0.701291 -0.711107 -0.114389 0.693717
-0.661780 -7.012612 56.728848 -73.816429 -0.246975 0.962940 -0.108395 0.700267 0.254676 0.666908 -0.669798 -0.088804 0.737214
-0.714340 -6.543772 23.450298 66.109673 -0.252433 0.963964 -0.083968 0.806117 0.257507 0.532790 -0.535213 -0.066806 0.842071
1.131346 -13.412844 -30.176279 -63.598597 0.275867 0.958174 0.076160 0.597724 -0.108958 -0.794263 0.752744 -0.264633 0.602782
1.468109 -14.060615 -2.536190 -85.008644 0.230356 0.969679 0.081600 0.610555 -0.078727 -0.788051 0.757733 -0.231353 0.610177
1.894501 -16.154100 15.766028 -249.849765 0.266065 0.963361 0.033845 0.445582 -0.091776 -0.890524 0.854790 -0.252018 0.453675
1.110960 -12.978584 -32.723581 -1.156814 0.234558 0.966500 0.104215 0.721009 -0.101063 -0.685516 0.652019 -0.235933 0.720561
0.274693 -12.968571 -68.970073 16.975542 0.274222 0.955908 0.105079 0.712751 -0.128672 -0.689514 0.645591 -0.263975 0.716609
2.273884 -12.265738 -27.841534 -28.813065 0.183825 0.981162 0.059403 0.828038 -0.122005 -0.547236 0.529680 -0.149783 0.834868
2.374280 -13.967427 -17.598133 -154.834522 0.178999 0.982981 0.041325 0.737222 -0.106195 -0.667253 0.651508 -0.149903 0.743684
2.180850 -12.419905 -31.182200 -70.985003 0.188662 0.978805 0.079666 0.770223 -0.097155 -0.630331 0.609232 -0.180280 0.772228
1.930401 -12.171871 -42.854074 19.138741 0.203906 0.973968 0.099039 0.825368 -0.116623 -0.552419 0.526488 -0.194385 0.827662
2.029937 -12.285245 -35.969202 27.005601 0.200004 0.977395 0.068530 0.904779 -0.157398 -0.395728 0.375996 -0.141152 0.915807
-0.878777 -10.077617 13.861191 -138.634364 -0.013311 0.999606 -0.024705 0.717485 -0.007660 -0.696532 0.696447 0.026997 0.717101
-0.839095 -9.523018 5.825123 -104.972944 -0.036104 0.999208 -0.016704 0.704731 0.013605 -0.709344 0.708555 0.037382 0.704665
-0.646995 -9.398568 11.991084 -92.451616 -0.032998 0.999437 -0.006093 0.790535 0.022369 -0.612008 0.611527 0.025012 0.790828
-0.823968 -10.076375 -1.868229 -188.575402 -0.005579 0.999984 0.000959 0.761338 0.004870 -0.648337 0.648331 0.002887 0.761353
-0.943023 -25.671873 -51.329688 241.672198 -0.135579 0.981304 -0.136605 0.671051 -0.010486 -0.741337 0.728909 0.192178 0.657084
-1.154090 -25.426305 -36.537818 204.766943 -0.132928 0.978870 -0.155382 0.817075 0.019492 -0.576201 0.560998 0.203552 0.802402
-0.789066 -25.418286 -27.206366 97.266816 -0.119406 0.982126 -0.145499 0.844837 0.023529 -0.534507 0.521530 0.186746 0.832546
-0.613478 -25.715041 -19.310662 278.757038 -0.130775 0.981835 -0.137468 0.642268 -0.021726 -0.766172 0.755242 0.188488 0.627760
-0.312638 -25.978014 2.592484 175.837959 -0.144588 0.978920 -0.144257 0.705331 -0.000285 -0.708878 0.693976 0.204244 0.690421
-1.449090 -18.471956 4.897172 -177.518834 -0.263597 0.939814 -0.217409 0.228911 0.279885 0.932343 -0.937079 -0.195995 0.288910
-1.571865 -18.644948 3.205953 -93.682348 -0.278848 0.933367 -0.225985 0.132723 0.270516 0.953523 -0.951119 -0.235895 0.199313
-1.529577 -19.759568 -19.790890 -140.800859 -0.292028 0.937159 -0.190925 0.359820 0.292615 0.885949 -0.886143 -0.190024 0.422660
-1.591001 -18.985607 8.065581 -94.846449 -0.245205 0.948487 -0.200614 0.461610 0.296195 0.836173 -0.852520 -0.112429 0.510460
-1.295607 -18.362588 25.083174 -116.386649 -0.233698 0.945379 -0.227254 0.335994 0.297848 0.893529 -0.912411 -0.132460 0.387248
-1.198549 -17.587938 31.511853 -90.332388 -0.244252 0.937744 -0.246937 0.129577 0.283929 0.950050 -0.961016 -0.200054 0.190860
1.088409 -28.828725 -14.709988 -452.702443 0.278050 -0.947860 0.155720 0.949716 0.246975 -0.192466 0.143972 0.201405 0.968870
0.984319 -30.701876 53.342811 -424.149540 0.246974 -0.961206 0.122829 0.966603 0.235419 -0.101276 0.068431 0.143739 0.987247
0.976011 -25.101355 10.877953 37.037385 0.289218 -0.945050 0.152424 0.953363 0.298724 0.043164 -0.086325 0.132832 0.987372
1.241272 -29.241934 -45.737551 368.893988 -0.306003 0.939425 -0.154409 0.916298 0.334637 0.220038 -0.258381 0.074152 0.963193
1.058623 -28.239954 30.923072 -0.087365 0.285639 -0.947512 0.143635 0.957290 0.275098 -0.088975 0.044791 0.162915 0.985623
1.419528 -24.482551 -61.370490 -328.140307 -0.449092 0.893481 0.002675 0.774402 0.390730 -0.497626 0.445665 0.221408 0.867388
3.134658 -37.456763 -57.018395 -1198.124522 -0.540580 0.836358 0.090987 0.545128 0.430598 -0.719320 0.640788 0.339250 0.688695
1.274271 -35.913898 -10.493572 -1275.134384 -0.440922 0.897517 -0.007097 0.729829 0.353917 -0.584886 0.522434 0.263069 0.811084
0.043087 -24.019416 -85.665483 -380.240547 -0.379868 0.924063 -0.042518 0.868303 0.340343 -0.360855 0.318982 0.173996 0.931652
-41.443114 -866.474558 3028.444927 125079.821534 -0.590095 0.790632 0.163365 0.278246 0.389122 -0.878159 0.757870 0.472742 0.449610
-2.565610 -476.220276 1397.041527 160245.713234 -0.669725 0.695129 -0.261274 -0.106015 -0.437726 -0.892836 0.735003 0.570256 -0.366850
-17.429487 -236.876235 -2352.924300 -45744.557092 0.658602 -0.749429 0.067821 -0.630905 -0.500817 0.592572 0.410125 0.433057 0.802658
-57.875909 -338.944136 -3300.221929 48038.031905 0.850904 -0.381790 -0.360830 -0.493835 -0.815575 -0.301604 0.179134 -0.434826 0.882517
2.288235 -3.420441 -105.346295 1.377627 -0.578632 -0.814914 -0.033150 0.812979 -0.573056 -0.103307 0.065189 -0.086727 0.994097
2.865777 -3.783883 -80.829070 11.872766 -0.511526 -0.855812 -0.076984 0.856303 -0.500276 -0.128331 0.071314 -0.131566 0.988739
3.291273 -4.231829 -30.253563 27.961345 -0.498386 -0.856393 -0.134915 0.866874 -0.490140 -0.091058 0.011854 -0.162336 0.986664
3.196508 -3.794825 -122.618092 38.025938 -0.639984 -0.767443 -0.038112 0.768021 -0.637357 -0.062605 0.023755 -0.069337 0.997310
1.480527 -3.275888 144.083855 18.721257 0.691794 0.722081 -0.004588 0.719651 -0.689961 -0.077825 0.059361 -0.050537 0.996957
3.306278 -5.783500 128.331748 -16.518610 0.356049 0.934399 -0.011253 0.314662 -0.108545 0.942977 -0.879896 0.339287 0.332667
3.730256 -5.618659 125.747109 -8.915160 0.354624 0.934950 0.010497 0.213611 -0.091941 0.972583 -0.910282 0.342659 0.232320
2.391786 -5.551030 117.754189 -14.972083 0.380876 0.924626 -0.000242 0.243196 -0.099926 0.964816 -0.892070 0.367534 0.262925
2.221382 -5.322443 100.226200 -14.897392 0.382320 0.923776 0.021672 0.163002 -0.090510 0.982465 -0.909539 0.372084 0.185182
1.133997 -5.728441 107.974341 -16.433960 0.391108 0.920343 0.001567 0.327057 -0.140577 0.934490 -0.860272 0.364974 0.355986
0.685329 -5.559324 84.873662 -12.731935 0.398173 0.917155 0.016892 0.233988 -0.119354 0.964886 -0.886966 0.380239 0.262127
-0.337966 -6.789652 25.998310 14.374176 0.197225 -0.329217 0.923427 0.258555 0.926047 0.274930 -0.945649 0.184534 0.267760
-0.354725 -5.338278 -11.624247 4.771515 0.221485 -0.171702 0.959929 0.203456 0.970850 0.126712 -0.953703 0.167238 0.249962
0.823564 -5.998050 -6.406782 20.208924 0.231110 -0.042513 0.971998 0.081200 0.996402 0.024273 -0.969533 0.073316 0.233731
-0.540591 -3.922540 -3.937639 29.534070 0.252559 0.959782 0.122607 0.680020 -0.266211 0.683158 -0.688322 0.089162 0.719905
-0.805748 -4.281108 -22.626236 28.978756 0.301153 0.938675 0.167916 0.636232 -0.328957 0.697851 -0.710292 0.103327 0.696282
-0.689992 -4.402800 0.141531 31.021926 0.283612 0.946669 0.152909 0.616396 -0.302121 0.727172 -0.734588 0.111982 0.669208
-0.631707 -4.114256 11.055609 33.126930 0.240436 0.964527 0.108985 0.654547 -0.244018 0.715558 -0.716769 0.100710 0.689999
0.331057 -7.037628 12.274133 7.690648 -0.095751 0.988942 0.113252 0.513426 -0.048405 0.856767 -0.852775 -0.140183 0.503114
0.162341 -7.311794 -2.445507 19.129304 -0.095092 0.987624 0.124722 0.532861 -0.055329 0.844392 -0.840843 -0.146754 0.521006
0.241676 -7.012284 -3.750055 -13.935458 -0.096279 0.987071 0.128144 0.592015 -0.046706 0.804573 -0.800156 -0.153326 0.579864
0.224799 -7.543005 17.660049 42.463516 -0.094858 0.990234 0.102167 0.432953 -0.051378 0.899951 -0.896411 -0.129601 0.423852
-0.080822 -20.065257 -42.895769 -51.460658 0.274759 0.958261 -0.079015 0.961498 -0.273365 0.028162 0.005387 -0.083710 -0.996476
-0.266767 -19.225331 -16.502733 20.684995 0.259197 0.963543 -0.066351 -0.953887 0.266156 0.138779 -0.151380 -0.027321 -0.988098
-0.885594 -19.531407 -52.539648 -33.971356 0.275073 0.959205 -0.065269 0.961144 -0.272724 0.042697 0.023155 -0.074478 -0.996954
-0.465302 -19.144655 -39.260885 -51.247881 0.301453 0.950604 -0.074013 -0.921739 0.270676 -0.277726 0.243974 -0.151942 -0.957805
-0.044497 -2.677348 -16.267698 25.404329 -0.132169 -0.003054 0.991222 0.290522 0.955960 0.041684 -0.947696 0.293481 -0.125461
-0.010584 -3.269526 -26.603869 16.393919 -0.144672 -0.036512 0.988806 0.235408 0.969355 0.070237 -0.961069 0.242934 -0.131643
-0.448596 -2.747082 -31.345700 21.711373 -0.171325 -0.118404 0.978074 0.276601 0.947043 0.163099 -0.945590 0.298479 -0.129501
-51.323393 -201.670873 1344.799370 -8653.490390 0.546138 -0.408342 -0.731430 0.834006 0.183191 0.520457 -0.078533 -0.894258 0.440608
-19.782615 -191.725817 -680.887321 10186.419480 0.964186 -0.146101 -0.221358 -0.263404 -0.625148 -0.734717 0.031039 -0.766710 0.641242
-21.277459 -68.961006 529.008512 3002.481494 0.756401 -0.088666 -0.648071 -0.653698 -0.137518 -0.744155 0.023140 -0.986523 0.161979
1.925683 -59.800406 -66.213923 1040.138045 0.819986 -0.179568 0.543488 0.249573 -0.742338 -0.621810 -0.515109 -0.645515 0.563891
1.520525 -101.561608 -90.833067 4559.187520 0.801403 -0.144464 0.580417 0.014581 0.974824 0.222498 -0.597948 -0.169848 0.783333
19.413340 -4263.689583 5224.044822 240707.067574 0.807549 0.011174 0.589695 0.001490 0.999779 -0.020985 -0.589799 0.017825 0.807353
2.020569 -113.503657 307.641405 6285.717037 0.865996 -0.121487 0.485070 0.233765 0.955872 -0.177941 -0.442047 0.267489 0.856180
1.990845 -126.499411 169.465366 6761.186087 0.868625 -0.030355 0.494540 -0.014361 0.996160 0.086369 -0.495262 -0.082124 0.864853
1.894487 -53.947110 59.173070 263.888110 0.858011 -0.114982 0.500596 0.236308 -0.776979 -0.583491 -0.456043 -0.618936 0.639486
1.140591 -108.295355 96.565347 7001.372470 0.924462 -0.138711 0.355146 0.365480 0.057083 -0.929067 -0.108599 -0.988686 -0.103467
-0.856200 -6.712622 -37.316790 290.078311 0.958168 -0.140600 0.249290 0.264678 0.103879 -0.958725 -0.108901 -0.984602 -0.136747
-1.449794 -5.840227 -34.624649 282.409348 0.984304 -0.119936 0.129464 0.142227 0.104784 -0.984272 -0.104484 -0.987236 -0.120198
-1.717656 -8.762728 18.891443 9.357692 -0.106407 0.989341 -0.099406 0.416366 -0.046453 -0.908010 0.902949 0.138008 0.406985
-1.421396 -7.871706 22.026826 -6.104433 -0.111656 0.982314 -0.150307 0.409490 -0.092334 -0.907630 0.905456 0.162891 0.391938
-1.639818 -8.479707 38.702788 41.652449 -0.158476 0.986307 -0.045656 0.465392 0.033836 -0.884458 0.870802 0.161413 0.464381
-1.624557 -8.687839 24.769349 38.804348 -0.158265 0.987394 -0.002466 0.546445 0.085507 -0.833118 0.822405 0.133201 0.553089
-1.819616 -9.203297 -4.016312 70.066257 -0.095845 0.994180 -0.049200 0.457699 0.000125 -0.889107 0.883926 0.107736 0.455047
-9.000807 -13.683501 37.944208 346.211463 0.140645 0.870348 0.471925 -0.689908 0.428034 -0.583793 0.710103 0.243477 -0.660661
-7.757645 -11.483392 124.886773 102.212284 -0.290574 0.946937 0.137394 -0.607552 -0.071657 -0.791041 0.739221 0.313330 -0.596135
-5.753373 -9.835801 -24.764979 102.786294 -0.492193 0.868583 -0.057530 -0.572613 -0.372838 -0.730141 0.655637 0.326428 -0.680870
10.104242 -13.516783 -213.322081 -47.844850 0.387350 0.899201 0.203464 0.919838 -0.362074 -0.150996 -0.062107 0.245642 -0.967369
9.364683 -13.708379 -250.443483 -111.060608 0.397190 0.896136 0.197943 0.915361 -0.402346 -0.015231 0.065992 0.187239 -0.980095
5.797212 -13.218569 45.411067 -57.768774 0.350903 0.927209 0.130958 -0.904437 0.371823 -0.209144 0.242614 0.045054 -0.969076
6.557754 -14.101288 -94.052218 76.752657 0.348588 0.924041 0.156952 -0.920565 0.369019 -0.128002 0.176197 0.099865 -0.979276
0.758446 -5.289428 -84.053505 -138.006794 -0.342660 0.875736 -0.340104 0.936893 0.291802 -0.192570 -0.069398 -0.384627 -0.920460
-0.155150 -8.346316 47.026540 197.906101 -0.566891 0.787607 -0.241474 0.816104 0.576887 -0.034296 0.112292 -0.216510 -0.969801
0.962441 -13.800652 -0.224701 -635.601092 -0.630520 0.724342 -0.278878 -0.729120 -0.675942 -0.107176 0.266137 -0.135758 -0.954327
-0.233405 -34.113887 90.122973 -2060.622624 -0.432396 0.856364 -0.282268 -0.827126 -0.501350 -0.253989 0.359022 -0.123647 -0.925103
3.208449 -14.168628 -44.923401 345.298330 0.349466 0.907748 0.232092 -0.252149 0.329688 -0.909795 0.902383 -0.259420 -0.344102
2.758172 -15.155501 -70.484649 190.691510 0.368119 0.914744 0.166528 -0.110117 0.220737 -0.969097 0.923235 -0.338406 -0.181986
3.882988 -10.188883 -60.825205 178.599486 0.351401 0.877617 0.326045 -0.306152 0.436826 -0.845845 0.884753 -0.197411 -0.422185
-0.047106 -2.602356 -21.509739 22.859109 -0.273689 0.912214 0.304895 -0.086202 0.292458 -0.952385 0.957948 0.286940 0.001408
-0.198665 -2.836510 -15.341196 14.868484 -0.276409 0.880022 0.386212 -0.063620 0.384232 -0.921042 0.958932 0.279155 0.050218
-2.558964 -5.615505 -78.078365 22.460174 -0.265863 0.959995 0.087896 -0.957033 -0.273790 0.095530 -0.115773 0.058721 -0.991538
-2.590631 -5.871425 -5.757576 9.230946 -0.216838 0.965776 0.142332 0.974907 0.221758 -0.019469 -0.050366 0.134539 -0.989627
-2.732751 -5.706092 -4.078068 26.344546 -0.126338 0.980930 0.147696 -0.978894 -0.147392 0.141573 -0.160643 0.126693 -0.978848
-2.091901 -6.380453 88.782486 -0.341267 -0.120274 0.973194 0.196031 0.992608 0.114658 0.039791 0.016248 0.199367 -0.979790
-2.139880 -5.993640 94.200099 -2.160685 -0.049596 0.978165 0.201828 0.995118 0.065660 -0.073686 -0.085329 0.197188 -0.976645
1.763443 -7.042727 -187.363177 34.730089 0.142613 0.985949 -0.086988 -0.656652 0.160008 0.737025 -0.740588 0.047989 -0.670244
1.601506 -13.591837 -7.285980 -239.569546 0.032959 0.999260 0.019820 0.381402 -0.030905 0.923893 -0.923822 0.022891 0.382138
2.590496 -10.957841 -28.367846 -239.167904 0.045313 0.997917 0.045927 0.226128 -0.055027 0.972542 -0.973043 0.033683 0.228150
2.420761 -11.962145 -16.051262 -252.915412 0.103436 0.990051 0.095399 0.274418 -0.120597 0.954018 -0.956031 0.072500 0.284162
2.338679 -11.544776 -39.757860 -215.243814 -0.009534 0.999952 0.002209 0.215984 -0.000098 0.976397 -0.976350 -0.009787 0.215973
