10649
21278
-8.374222 -11.755212 21.081905 228.925019 -0.028373 0.850521 0.525176 -0.261242 0.500818 -0.825187 0.964856 0.160611 -0.207982
-5.275940 -10.738459 -89.900313 290.936643 0.056784 0.937754 0.342625 -0.397756 0.336017 -0.853747 0.915733 0.087802 -0.392077
-7.058484 -8.884134 17.134624 141.971112 -0.148774 0.984608 0.091728 -0.350457 0.034241 -0.935953 0.924687 0.171392 -0.339968
-5.382151 -7.132951 -46.927036 112.712089 -0.090556 0.993822 0.064163 -0.464489 0.014843 -0.885454 0.880937 0.109986 -0.460276
-7.699792 -10.316431 59.091811 114.111297 -0.212748 0.976481 0.034964 -0.193470 -0.007023 -0.981081 0.957762 0.215488 -0.190414
-6.354645 -9.225004 -21.715590 98.445162 -0.343582 0.897657 -0.275977 -0.167238 -0.347653 -0.922588 0.924112 0.270831 -0.269569
-5.757575 -7.776537 -2.341814 78.340041 -0.402415 0.785541 -0.470093 -0.213638 -0.579911 -0.786169 0.890180 0.215937 -0.401187
-1.625744 -7.465311 63.365150 111.652994 -0.190649 0.911540 -0.364347 -0.836534 -0.345075 -0.425599 0.513677 -0.223648 -0.828322
-2.936154 -7.802275 55.953384 90.624816 -0.193213 0.895725 -0.400432 -0.773507 -0.390140 -0.499477 0.603618 -0.213231 -0.768230
-2.028067 -6.222715 -22.744117 68.011332 0.086074 0.961052 -0.262623 -0.861438 -0.060637 -0.504230 0.500515 -0.269635 -0.822667
-2.205451 -9.004478 62.246110 45.053386 -0.324208 0.840559 -0.433993 -0.672508 -0.527444 -0.519168 0.665299 -0.123546 -0.736284
-0.549242 -5.870796 35.454037 89.482926 -0.013180 0.959434 -0.281626 -0.915733 -0.124694 -0.381948 0.401571 -0.252860 -0.880229
0.285014 -7.423618 87.788822 147.458589 -0.219351 0.906098 -0.361762 -0.881625 -0.342897 -0.324282 0.417878 -0.247807 -0.874054
-0.766040 -8.855840 65.926043 107.811285 -0.305584 0.864654 -0.398737 -0.778580 -0.467975 -0.418106 0.548116 -0.182683 -0.816208
0.982879 -26.438840 1.319032 459.557501 0.196969 0.952268 0.233213 -0.454554 0.299462 -0.838870 0.868668 -0.059223 -0.491842
0.273331 -28.528881 13.824369 425.403373 0.172042 0.955635 0.239088 -0.601065 0.294126 -0.743109 0.780463 0.015861 -0.625001
0.818588 -21.633258 -9.835325 288.150596 0.186431 0.961210 0.203268 -0.695065 0.275263 -0.664165 0.694355 0.017464 -0.719421
1.227776 -22.846239 21.374533 397.382646 0.184792 0.954214 0.235220 -0.652023 0.298117 -0.697131 0.735335 0.024545 -0.677259
1.301918 -26.558358 16.148112 418.584054 0.195312 0.952589 0.233298 -0.341440 0.289043 -0.894356 0.919387 -0.095021 -0.381705
0.903185 -7.993237 16.703425 -4.328396 -0.010473 0.994300 -0.106106 -0.367320 0.094868 0.925244 -0.930036 -0.048665 -0.364233
0.869943 -7.916796 23.961525 -12.778398 -0.025924 0.996036 -0.085093 -0.480454 0.062232 0.874809 -0.876637 -0.063562 -0.476936
0.382600 -7.901100 3.962262 -23.926836 -0.009662 0.990474 -0.137362 -0.525809 0.111811 0.843222 -0.850548 -0.080374 -0.519720
0.146724 -8.139644 6.286159 -39.152216 0.024830 0.986906 -0.159371 -0.524037 0.148611 0.838630 -0.851334 -0.062693 -0.520865
0.446292 -8.229155 -2.780940 -21.311763 -0.003947 0.989796 -0.142437 -0.408145 0.128439 0.903837 -0.912909 -0.061702 -0.403473
-0.569166 -11.534661 -13.785072 19.449097 -0.055960 0.998311 0.015599 0.330966 0.003807 0.943635 -0.941982 -0.057969 0.330620
-0.311219 -11.961940 -8.131033 32.242882 -0.051022 0.998646 -0.010174 0.210260 0.020700 0.977426 -0.976313 -0.047731 0.211031
-0.008230 -11.716364 -14.530207 55.601036 -0.062036 0.998055 0.006072 0.441625 0.021993 0.896930 -0.895052 -0.058324 0.442131
-0.726211 -11.750161 -10.711274 5.125156 -0.054341 0.998443 -0.012607 0.095153 0.017746 0.995305 -0.993978 -0.052886 0.095969
-0.620717 -10.920817 -25.997186 20.476466 -0.038974 0.997580 0.057575 0.473699 -0.032287 0.880095 -0.879824 -0.061574 0.471295
-0.790113 -10.839010 -12.503678 39.896086 -0.032304 0.999118 0.026832 0.317363 -0.015203 0.948182 -0.947754 -0.039146 0.316592
-0.735865 -11.172157 -8.251577 -1.626469 -0.031718 0.999451 -0.009543 0.108512 0.012934 0.994011 -0.993589 -0.030493 0.108863
-1.924822 -12.556753 18.033550 -68.708949 0.226909 0.973030 -0.041529 -0.847681 0.218314 0.483503 -0.479530 0.074508 -0.874357
-2.001504 -11.713672 12.324774 -76.228383 0.222934 0.973357 -0.053640 -0.929769 0.228843 0.288377 -0.292969 0.014416 -0.956013
-2.290545 -12.854515 6.876692 -71.990137 0.185535 0.979774 -0.074967 -0.853374 0.198481 0.482035 -0.487165 0.025459 -0.872939
-2.412505 -13.460074 6.621275 -41.804334 0.203988 0.976727 -0.066281 -0.729095 0.196754 0.655522 -0.653307 0.085393 -0.752262
-2.349579 -12.345752 -8.193143 -47.681724 0.138172 0.982063 -0.128296 -0.897678 0.178908 0.402698 -0.418428 -0.059527 -0.906297
-2.424329 -13.077080 -4.185854 -51.769340 0.134678 0.983191 -0.123276 -0.801682 0.181235 0.569613 -0.582381 -0.022113 -0.812615
-2.489423 -14.110922 -4.343040 -60.343662 0.157876 0.982003 -0.103660 -0.707897 0.185742 0.681456 -0.688446 0.034205 -0.724481
5.289654 -8.003526 170.974049 74.948267 -0.115784 0.992833 0.029605 0.814648 0.077867 0.574705 -0.568281 -0.090659 0.817825
2.854559 -8.551902 116.057769 10.783342 -0.113834 0.993453 -0.009671 0.857364 0.103149 0.504269 -0.501965 -0.049111 0.863492
9.307885 -5.692918 316.622894 108.399300 -0.016749 0.996614 0.080495 0.880008 -0.023525 0.474376 -0.474664 -0.078782 0.876634
15.627874 -4.581955 479.570239 87.879535 0.068395 0.970893 0.229539 0.893472 -0.161976 0.418893 -0.443880 -0.176437 0.878544
0.308392 -9.124524 24.874386 -1.400948 0.079865 0.994095 0.073458 0.717434 -0.108487 0.688127 -0.692033 0.002256 0.721862
0.124881 -9.282890 17.542218 -3.003274 0.070761 0.993941 0.084108 0.666269 -0.109848 0.737577 -0.742347 -0.003847 0.670005
-0.095668 -9.221826 9.810399 -7.321354 0.089195 0.989786 0.111208 0.785713 -0.138541 0.602878 -0.612127 -0.033604 0.790045
0.123888 -9.003068 13.460744 -2.815871 0.091003 0.990440 0.103671 0.832787 -0.132772 0.537436 -0.546063 -0.037428 0.836908
-1.056056 -18.475424 9.441752 171.419253 -0.153054 0.935306 0.319024 0.482877 0.352447 -0.801630 0.862209 -0.031357 0.505581
-0.770902 -22.321079 30.562342 388.358488 -0.172594 0.924624 0.339532 0.654751 0.365221 -0.661751 0.735875 -0.108095 0.668433
-0.943381 -22.719868 7.793705 411.152800 -0.146321 0.925080 0.350453 0.639270 0.358780 -0.680155 0.754933 -0.124513 0.643873
-5.269319 -12.994291 -36.546715 -118.316271 0.084854 0.864126 0.496071 0.992483 -0.029238 -0.118836 -0.088186 0.502426 -0.860111
-4.518337 -12.186216 -20.886636 -138.393767 0.140905 0.890672 0.432260 0.965607 -0.027269 -0.258573 -0.218517 0.453827 -0.863881
-4.724454 -11.268867 2.778729 -154.308474 0.033893 0.827881 0.559879 0.960082 0.128663 -0.248370 -0.277657 0.545948 -0.790473
-1.866706 -5.941056 4.736023 -26.955819 0.032645 0.998050 -0.053209 -0.495442 0.062396 0.866397 -0.868028 0.001921 -0.496512
-1.200604 -5.308761 -1.501947 -38.871766 0.024077 0.998089 -0.056916 -0.595315 0.060052 0.801245 -0.803131 -0.014591 -0.595623
-1.371378 -5.368358 -7.529947 -43.893263 -0.091712 0.994003 0.059552 -0.592228 -0.102524 0.799221 -0.800534 -0.038030 -0.598079
-2.130976 -6.292752 -7.179753 -32.969150 -0.106525 0.988182 0.110224 -0.454802 -0.147003 0.878376 -0.884199 -0.043438 -0.465086
-1.557738 -5.759699 1.604622 -50.371526 -0.181117 0.966633 0.181156 -0.550173 -0.252270 0.796034 -0.815173 -0.044508 -0.577505
3.580671 -128.784528 299.611397 5433.893556 0.784570 -0.241402 -0.571117 -0.619838 -0.281863 -0.732362 -0.015816 -0.928589 0.370772
0.456203 -44.559553 -42.896522 1734.353799 0.904784 -0.182380 -0.384841 -0.424590 -0.316298 -0.848339 -0.032996 -0.930964 0.363618
-1.096317 -26.738523 -12.706604 936.793341 0.891248 -0.149031 -0.428329 -0.447339 -0.133538 -0.884339 -0.074595 -0.979774 0.185683
-1.811864 -31.385511 -27.447314 1178.440495 0.924359 -0.119223 -0.362417 -0.376019 -0.123915 -0.918289 -0.064572 -0.985104 0.159372
5.772356 -8.076090 -55.893053 -9.614588 0.113039 0.933965 0.339016 0.682356 -0.320988 0.656778 -0.722228 -0.157088 0.673580
7.235067 -10.575045 -123.105740 -44.779153 0.127356 0.966751 0.221752 0.585357 -0.253745 0.770046 -0.800711 -0.031734 0.598210
6.341389 -9.500700 -82.034769 -21.628521 0.202541 0.927983 0.312768 0.727729 -0.356348 0.586026 -0.655277 -0.108916 0.747496
-0.789259 -6.917150 -148.610492 -3.734108 0.098623 0.922736 0.372601 0.398741 0.306411 -0.864360 0.911745 -0.233817 0.337713
-3.352163 -7.380997 -123.139139 24.197525 0.003993 0.887459 0.460870 0.354161 0.429747 -0.830595 0.935176 -0.166539 0.312587
-1.313829 -7.109202 -195.307286 -19.826082 0.130817 0.926277 0.353408 0.500996 0.245843 -0.829797 0.855505 -0.285608 0.431901
-1.959627 -6.765124 -135.008448 26.434654 0.052718 0.900888 0.430839 0.268612 0.402745 -0.875011 0.961805 -0.161857 0.220757
1.473254 -6.525687 -136.158994 -30.310354 0.130043 0.952438 0.275592 0.506434 0.175155 -0.844301 0.852416 -0.249365 0.459570
2.022176 -6.368234 -100.695212 0.853149 0.087460 0.954137 0.286312 0.392693 0.231117 -0.890156 0.915502 -0.190285 0.354469
0.579468 -6.544001 -150.592419 14.847843 0.108322 0.926107 0.361375 0.311480 0.313592 -0.897018 0.944059 -0.209727 0.254495
-0.805917 -26.756730 -62.333255 -429.391863 0.451124 -0.644639 0.617194 0.585234 -0.308434 -0.749913 0.673786 0.699507 0.238123
0.174423 -27.653318 38.704771 -548.471970 -0.455076 0.644763 -0.614155 0.520525 -0.366975 -0.770962 0.722467 0.670530 0.168614
0.311200 -20.623197 -46.897626 -290.488099 0.456404 -0.652042 0.605423 0.714487 -0.136947 -0.686115 0.530287 0.745712 0.403372
-0.549490 -20.801184 -68.600960 -128.283910 0.463582 -0.626809 0.626260 0.770886 -0.063139 -0.633836 0.436836 0.776610 0.453928
-0.031005 -7.212005 6.375086 -9.417557 -0.215548 0.973418 0.077437 0.817842 0.136630 0.558988 -0.533549 -0.183820 0.825552
-0.013533 -7.404346 2.217527 22.834486 -0.231934 0.970444 0.066670 0.744900 0.133116 0.653762 -0.625564 -0.201292 0.753758
-0.037520 -7.106828 -2.754830 -5.692939 -0.213816 0.973303 0.083446 0.827193 0.134952 0.545472 -0.519648 -0.185657 0.833965
-2.099367 -19.251511 -16.381545 42.040656 0.342254 0.932262 -0.117257 -0.852717 0.360589 0.377955 -0.394634 0.029369 -0.918369
-2.513359 -19.141184 -9.570120 -54.025679 0.376936 0.922044 -0.088061 -0.907778 0.386637 0.162637 -0.184006 -0.018636 -0.982749
-1.923843 -19.370928 -13.255679 -52.429809 0.367561 0.921737 -0.123695 -0.923561 0.377397 0.067870 -0.109240 -0.089294 -0.989997
-1.343511 -19.791624 -40.362355 -4.162255 0.323273 0.924675 -0.201173 -0.902377 0.365239 0.228726 -0.284974 -0.107593 -0.952478
-1.365335 -18.897589 -35.399984 129.154110 0.344770 0.919938 -0.186677 0.938601 -0.340551 0.055261 -0.012737 -0.194268 -0.980866
2.702904 -1.846530 157.333598 87.907455 -0.274487 0.955181 0.110838 0.916431 0.294762 -0.270685 0.291224 -0.027276 0.956266
1.435592 -3.275316 106.455547 84.203170 -0.278923 0.953348 0.115455 0.923731 0.299219 -0.239142 0.262532 -0.039947 0.964096
0.327195 -2.215949 69.196395 21.893603 -0.069380 0.996616 0.044084 0.951917 0.079356 -0.295898 0.298395 -0.021435 0.954202
0.201257 -2.376736 58.416763 -36.077158 0.174928 0.984301 -0.023494 0.928455 -0.172851 -0.328776 0.327676 -0.035699 0.944116
1.949743 -1.085846 119.333930 16.581749 -0.089948 0.994053 0.061379 0.948273 0.104318 -0.299827 0.304447 -0.031235 0.952017
3.431668 -7.302771 55.131664 -17.411515 0.029669 0.987975 -0.151739 0.985496 -0.003537 0.169659 -0.167082 0.154572 0.973751
2.579308 -7.338235 -110.703952 -7.355163 -0.041068 -0.977904 0.204979 0.988087 -0.009296 0.153616 -0.148316 0.208846 0.966636
2.384245 -7.157093 -79.495478 18.311846 -0.036515 -0.981633 0.187254 0.999333 -0.035820 0.007090 -0.000252 0.187388 0.982286
11.849707 -127.909754 -2153.014292 4336.183768 0.700574 0.064598 0.710650 0.146795 0.961547 -0.232118 -0.698318 0.266936 0.664152
-12.071379 -17.385201 134.152691 -276.715099 -0.298220 0.851398 -0.431493 0.779667 0.478067 0.404441 -0.550622 0.215809 0.806376
-13.980923 -46.042194 -124.461402 1044.082024 0.001728 -0.902815 0.430025 0.981702 0.083416 0.171181 -0.190416 0.421860 0.886440
-15.397327 -41.227061 157.626760 571.991628 -0.034906 0.805887 -0.591040 0.798804 0.377896 0.468088 -0.600577 0.455787 0.656936
2.229095 -2.725333 54.128476 -6.989223 -0.004455 0.827203 -0.561885 0.333507 -0.528492 -0.780685 0.942737 0.190871 0.273524
2.830697 -2.514935 11.132953 -3.081000 0.090107 0.825437 -0.557256 0.310976 -0.554875 -0.771627 0.946137 0.103764 0.306689
2.207133 -3.008264 23.056607 19.900259 0.055066 0.836466 -0.545245 0.349172 -0.527727 -0.774328 0.935439 0.147744 0.321130
1.505038 -3.491634 60.379947 31.798371 -0.061983 0.871597 -0.486289 0.356083 -0.435851 -0.826583 0.932396 0.224394 0.283345
1.386296 -3.326555 65.818895 18.678000 -0.094252 0.877053 -0.471057 0.332633 -0.418228 -0.845246 0.938335 0.236355 0.252318
2.118474 -2.501162 25.852965 21.573383 -0.028769 0.853623 -0.520096 0.269484 -0.494423 -0.826392 0.962575 0.163932 0.215814
5.796459 -607.296782 -187.562800 -90266.461477 -0.565886 -0.615442 0.548638 0.693913 0.003852 0.720049 -0.445262 0.788173 0.424884
-1.924969 -149.040053 -35.527387 6129.709947 0.511004 0.661476 -0.548931 -0.639371 0.719327 0.271613 0.574526 0.212175 0.790507
-289.034370 -20534.873984 52623.559091 823411.488088 0.388805 0.641954 -0.660852 -0.429960 -0.507961 -0.746398 0.814841 -0.574343 -0.078517
3588.443668 -169316.904056 -249597.420343 -25909081.628031 -0.523413 -0.581526 0.622790 0.747854 -0.663806 0.008697 0.408354 0.470308 0.782341
4.322517 -721.404908 648.022467 36139.179224 0.578884 0.551283 -0.600816 0.320579 0.523624 0.789333 -0.749748 0.649542 -0.126388
0.510186 -16.838922 -13.529968 57.274516 0.508865 -0.627018 0.589835 0.528550 0.768394 0.360841 -0.679479 0.128138 0.722419
0.592165 -17.485155 -2.489479 70.954065 0.515141 -0.644118 0.565456 0.514874 0.759984 0.396647 -0.685225 0.086810 0.723139
0.096721 -19.988519 -13.641876 279.744503 0.534189 -0.588195 0.607181 0.323231 0.805786 0.496217 -0.781130 -0.068814 0.620565
0.523829 -15.963928 57.818354 -367.485883 -0.058614 0.988110 0.142137 0.998258 0.057057 0.015005 0.006717 0.142769 -0.989733
-0.154342 -12.124601 89.707969 227.879541 0.050366 0.986194 0.157749 -0.975672 0.014841 0.218732 -0.213371 0.164928 -0.962950
0.575628 -18.444508 93.993899 -354.426363 0.070543 0.983975 0.163760 0.984462 -0.042210 -0.170452 -0.160808 0.173240 -0.971663
-0.339773 -10.201974 33.796689 164.534586 0.065444 0.992745 0.100865 -0.974099 0.041633 0.222255 -0.216443 0.112798 -0.969757
3.071067 -35.314808 95.137885 -1080.601710 0.043433 0.985417 0.164523 0.988160 -0.066629 0.138204 0.147151 0.156572 -0.976643
2.890076 -40.782387 52.275841 1351.874419 -0.084908 0.988576 0.124534 -0.943808 -0.039731 -0.328098 0.319402 0.145394 -0.936399
2.918817 -50.500093 -18.828756 1941.208237 -0.219645 0.975377 0.019902 -0.935110 -0.204675 -0.289272 0.278075 0.082147 -0.957040
-0.442728 -13.511187 -3.086510 -331.399629 -0.139727 0.988478 0.058200 0.989902 0.138029 0.032271 0.023866 0.062122 -0.997783
-36.780060 -60.647099 -295.795281 -2102.880079 -0.550075 0.789122 0.273320 -0.626593 -0.606359 0.489602 -0.552085 -0.098058 -0.828002
-50.032618 -59.737629 -107.073598 -1894.514538 -0.454257 0.830173 0.323207 -0.826992 -0.527858 0.193518 -0.331261 0.179382 -0.926330
-28.097894 -73.321400 -543.576893 3124.780503 -0.809811 0.568994 0.143012 0.501997 0.798169 -0.333055 -0.303654 -0.197920 -0.931999
-41.362489 -315.709211 -1367.142447 19807.062000 -0.540221 0.801809 -0.255467 0.619385 0.173347 -0.765711 -0.569670 -0.571885 -0.590274
0.779869 -11.896443 -18.886694 41.282742 -0.005866 0.998282 0.058291 0.411688 0.055534 -0.909631 0.911306 -0.018662 0.411307
0.915308 -12.083908 -5.303014 29.627813 -0.030112 0.997160 0.069024 0.452777 0.075172 -0.888449 0.891115 -0.004500 0.453755
0.966495 -11.944995 -12.100099 -10.774627 -0.024444 0.997928 0.059519 0.285191 0.064023 -0.956330 0.958159 0.006402 0.286165
-5.348470 -11.748709 -127.416932 201.789686 0.092339 0.909540 0.405228 -0.210065 0.415602 -0.884956 0.973317 0.003408 -0.229439
-2.268687 -10.642791 -283.632260 173.024449 0.228986 0.940744 0.250133 -0.282151 0.310073 -0.907880 0.931642 -0.137316 -0.336434
-3.302894 -9.346399 -133.095611 233.646262 0.137877 0.958069 0.251186 -0.466142 0.286534 -0.837024 0.873900 0.001682 -0.486103
-3.149510 -7.211776 -26.511972 66.428198 0.015512 0.942372 -0.334207 -0.784937 -0.195575 -0.587898 0.619382 -0.271451 -0.736669
-3.631640 -8.601457 72.505474 31.756800 -0.264347 0.851680 -0.452506 -0.635017 -0.506841 -0.582980 0.725861 -0.133240 -0.674813
-1.064020 -27.631521 80.667525 384.805301 0.140235 0.956605 0.255423 -0.529715 0.290435 -0.796900 0.836502 0.023548 -0.547457
-0.368802 -23.413846 34.565295 163.445100 0.169946 0.952835 0.251445 -0.760168 0.289128 -0.581851 0.627107 0.092258 -0.773450
0.898978 -22.293403 -26.429775 127.535834 0.165926 0.967236 0.192154 -0.834247 0.241580 -0.495652 0.525833 0.078062 -0.846998
0.159039 -23.732370 37.553782 125.639953 0.128998 0.963977 0.232612 -0.834090 0.232344 -0.500310 0.536333 0.129481 -0.834015
0.200280 -11.265786 -9.664209 23.638393 -0.057266 0.998239 0.015450 0.612852 0.022933 0.789865 -0.788120 -0.054701 0.613086
0.561578 -11.668507 -10.957797 7.993633 -0.060249 0.998104 -0.012594 0.575827 0.045059 0.816329 -0.815348 -0.041931 0.577450
0.650224 -11.127553 -1.367706 -6.786910 -0.041308 0.999146 -0.001103 0.736544 0.031198 0.675669 -0.675127 -0.027098 0.737204
0.204934 -11.130015 -15.999926 16.449948 -0.042062 0.998055 0.046005 0.730036 -0.000734 0.683409 -0.682113 -0.062331 0.728585
-1.324734 -12.012621 34.942162 -82.030898 0.243562 0.969881 -0.002775 -0.925195 0.233197 0.299387 -0.291017 0.070352 -0.954128
-1.699886 -11.322265 22.688550 -47.158873 0.238990 0.970637 -0.027334 -0.958779 0.240339 0.151593 -0.153711 0.010022 -0.988065
2.428428 -14.069873 -48.540507 -93.807597 0.265365 0.956989 0.117273 0.656307 -0.268399 0.705141 -0.706288 0.110153 0.699303
2.282464 -17.464546 -35.634152 -304.784635 0.284293 0.953457 0.100488 0.800492 -0.293744 0.522424 -0.527626 0.068081 0.846744
1.427539 -14.803276 -74.595859 -237.182683 0.224604 0.962835 0.150008 0.733953 -0.268417 0.623911 -0.640988 0.030034 0.766963
9.505004 -5.940947 352.097352 -112.886527 -0.000640 0.998388 0.056748 0.885032 -0.025852 0.464813 -0.465531 -0.050521 0.883589
4.782715 -7.678097 208.264054 -55.885519 0.003261 0.998970 0.045262 0.913369 -0.021402 0.406570 -0.407120 -0.040016 0.912498
35.032090 -4.800759 1225.082396 -154.172968 0.233163 0.960575 0.151427 0.900673 -0.272032 0.338801 -0.366637 -0.057390 0.928592
-0.212563 -22.626372 1.529773 -551.852096 0.168244 0.954213 0.247329 0.850243 -0.013518 -0.526217 0.498780 -0.298823 0.813587
0.100579 -28.253496 14.987656 -595.118752 0.174006 0.956882 0.232591 0.602548 0.083358 -0.793717 0.778882 -0.278259 0.562063
0.458567 -24.318421 -10.735581 -565.412535 0.194335 0.950759 0.241434 0.682723 0.045636 -0.729251 0.704360 -0.306551 0.640237
-0.248315 -16.919602 -16.361747 -461.289914 0.200255 0.947398 0.249669 0.860407 -0.048172 -0.507325 0.468612 -0.316412 0.824795
-0.031924 -21.789476 -19.978969 -570.918128 0.223747 0.947614 0.227959 0.753048 -0.019597 -0.657673 0.618753 -0.318817 0.717984
0.670163 -27.032497 -6.351489 -430.729864 0.208042 0.947097 0.244388 0.470188 0.122258 -0.874057 0.857696 -0.296748 0.419879
-0.399491 -26.281814 20.223618 292.235201 -0.164609 0.917911 0.361031 0.887843 0.297340 -0.351174 0.429695 -0.262732 0.863906
-0.156667 -25.876194 26.374985 531.237735 -0.177598 0.920687 0.347554 0.751239 0.354968 -0.556450 0.635688 -0.162272 0.754698
0.264893 -33.003565 31.131562 584.383743 -0.182361 0.922272 0.340820 0.936775 0.268263 -0.224696 0.298660 -0.278296 0.912882
-0.235998 -31.193696 -26.446127 204.403135 0.167059 -0.922902 -0.346904 0.982581 0.184892 -0.018702 0.081400 -0.337737 0.937714
-0.761109 -31.560759 -44.320290 219.390136 0.154021 -0.926111 -0.344377 0.983485 0.177222 -0.036734 0.095051 -0.333031 0.938113
-3.480226 -24.933076 167.974858 120.504309 -0.270597 0.943727 0.190150 -0.828615 -0.127771 -0.545043 0.490076 0.305048 -0.816560
-2.706009 -18.962376 86.646857 -91.287322 -0.107017 0.953333 0.282318 -0.858174 0.054821 -0.510424 0.502081 0.296901 -0.812259
-1.579898 -17.411036 105.159246 -155.114696 -0.201749 0.943504 0.262864 0.938559 0.109509 0.327283 0.280007 0.312742 -0.907628
-6.716481 -19.168115 34.948876 -252.401362 -0.059731 0.926884 0.370565 -0.716142 0.218821 -0.662766 0.695394 0.304965 -0.650710
-5.609743 -37.655570 321.056376 1054.792005 -0.464582 0.874153 -0.141495 -0.444559 -0.368426 -0.816474 0.765853 0.316416 -0.559776
1.242251 -8.251736 -18.207687 41.723430 0.121935 0.985578 0.117341 0.900625 -0.060181 -0.430410 0.417140 -0.158162 0.894974
1.376633 -7.907195 -11.351409 54.978106 0.107958 0.988758 0.103451 0.870081 -0.043631 -0.490974 0.480941 -0.143015 0.865010
1.352342 -7.459316 -18.122921 42.873883 0.115225 0.985838 0.121851 0.838607 -0.030794 -0.543866 0.532411 -0.164852 0.830278
0.628530 -15.413622 -57.240246 396.576817 0.924351 -0.133328 -0.357488 -0.377005 -0.175101 -0.909509 -0.058666 -0.975481 0.212121
1.698919 -30.722750 -35.101953 1095.878989 0.901015 -0.158529 -0.403783 -0.433753 -0.341005 -0.834011 0.005477 -0.926598 0.376013
-3.142786 -7.657359 -159.280366 -24.267777 0.053514 0.911239 0.408388 0.509097 0.326934 -0.796200 0.859044 -0.250517 0.446413
-4.207820 -7.978628 -35.329915 1.480628 -0.127390 0.868956 0.478212 0.429307 0.482944 -0.763191 0.894129 -0.108077 0.434571
-4.433578 -7.677973 -25.629631 74.638369 -0.164235 0.823370 0.543221 0.234255 0.567500 -0.789347 0.958202 0.002387 0.286082
-3.995814 -6.942066 -67.291553 55.592475 -0.073430 0.822916 0.563398 0.174028 0.566828 -0.805245 0.981999 -0.038918 0.184833
1.207394 -21.069017 -34.185660 -317.571391 0.457146 -0.652324 0.604559 0.662268 -0.204044 -0.720949 0.593649 0.729959 0.338735
0.080113 -29.616323 36.154551 -368.224268 -0.456234 0.639517 -0.618764 0.203567 -0.601904 -0.772187 0.866263 0.478258 -0.144424
0.885504 -26.146319 9.075812 -468.092226 -0.447372 0.647714 -0.616705 0.454078 -0.429568 -0.780567 0.770501 0.629236 0.101936
-0.663474 -7.567943 15.054500 -23.542358 -0.204709 0.977128 0.057582 0.925424 0.212371 -0.313828 0.318879 0.010956 0.947732
-0.464571 -7.417320 7.117780 -17.368483 -0.228195 0.971158 0.069132 0.915313 0.238191 -0.324757 0.331857 0.010830 0.943267
-0.427085 -7.139618 9.552210 -10.545680 -0.239321 0.967933 0.076368 0.954838 0.248888 -0.162293 0.176096 -0.034079 0.983783
-0.937626 -8.208662 13.970960 -35.385270 -0.176862 0.983638 0.034287 0.866668 0.172152 -0.468242 0.466483 0.053099 0.882935
-0.614426 -7.275271 17.243510 -14.981034 -0.216255 0.973886 0.069140 0.958057 0.225313 -0.177092 0.188046 -0.027943 0.981763
-0.911113 -7.903166 0.988834 -33.737176 -0.166268 0.982739 0.081117 0.930478 0.183594 -0.317025 0.326445 -0.022767 0.944942
-0.991490 -7.972065 9.582245 -19.492633 -0.167261 0.984370 0.055129 0.884541 0.174525 -0.432583 0.435443 0.023591 0.899907
0.341835 -11.600847 -26.645431 40.445132 -0.360822 0.932474 0.017326 0.642698 0.235145 0.729140 -0.675830 -0.274225 0.684145
-0.368490 -11.171227 -23.965939 52.637000 -0.354491 0.934481 0.032877 0.680839 0.233854 0.694097 -0.640932 -0.268435 0.719130
-0.070769 -11.717051 -17.933272 13.150440 -0.368089 0.929790 -0.000997 0.488378 0.194253 0.850737 -0.791200 -0.312659 0.525591
1.049608 -12.025928 -49.153515 8.196699 -0.372553 0.927812 0.019198 0.511287 0.187950 0.838606 -0.774461 -0.322241 0.544399
0.018766 -11.735815 -37.231818 -24.206119 -0.394465 0.918904 -0.003712 0.272774 0.120951 0.954445 -0.877492 -0.375482 0.298364
0.880909 -12.142398 -51.087364 -41.127578 -0.384799 0.922963 0.008316 0.298612 0.115962 0.947304 -0.873362 -0.367005 0.320229
-2.559839 -18.358511 -10.340586 79.388581 0.345681 0.935336 -0.075172 -0.789775 0.333271 0.514962 -0.506715 0.118643 -0.853911
-2.316171 -17.133919 8.808766 19.755448 0.389144 0.920955 -0.020223 -0.864894 0.372836 0.336084 -0.317058 0.113294 -0.941615
2.383971 -11.184180 -7.030834 149.457848 0.541852 0.836567 -0.080941 -0.599323 0.317070 -0.735037 0.589244 -0.446791 -0.673179
2.005962 -10.484664 30.258891 25.114668 0.525102 0.851022 0.005346 -0.610196 0.380870 -0.694693 0.593236 -0.361523 -0.719286
2.474750 -9.995956 2.860447 -17.872925 0.556335 0.830350 -0.031793 -0.656011 0.415400 -0.630152 0.510040 -0.371433 -0.775820
2.341131 -13.417282 -1.742611 228.943565 0.555503 0.821107 -0.131151 -0.575139 0.265508 -0.773771 0.600527 -0.505262 -0.619740
2.179930 -15.656677 -13.145606 340.446638 0.528105 0.839717 -0.126413 -0.508568 0.193540 -0.838988 0.680046 -0.507364 -0.529263
2.465532 -10.672267 -18.713487 38.650718 0.567835 0.815561 -0.111463 -0.646795 0.358319 -0.673248 0.509135 -0.454388 -0.730967
11.417339 -3.898932 544.270619 103.252931 -0.256448 0.958421 0.125156 0.932652 0.279364 -0.228289 0.253761 -0.058182 0.965515
-10.785406 -29.059847 -197.364090 306.252705 -0.052784 -0.956715 0.286200 0.993600 -0.021656 0.110860 -0.099864 0.290220 0.951735
-11.925436 -27.036620 347.091222 -687.007905 -0.150859 0.909445 -0.387495 0.750197 0.360592 0.554237 -0.643775 0.207085 0.736661
-15.344502 -32.347179 980.812560 -611.523934 -0.540402 0.708411 -0.454004 0.484276 0.703114 0.520680 -0.688072 -0.061513 0.723030
-13.310039 -24.058259 387.717872 -400.171791 -0.060176 0.996781 -0.052972 0.925552 0.075592 0.370997 -0.373807 0.026704 0.927122
-11.309592 -29.324988 -375.755866 215.267632 -0.016663 -0.976121 0.216586 0.992774 0.009594 0.119617 -0.118839 0.217014 0.968908
-19.398075 -33.256219 -127.109638 -1165.338212 0.545628 -0.654960 0.522798 0.264488 0.726545 0.634176 -0.795196 -0.207750 0.569652
-8.517815 -32.774193 -788.735772 -192.512901 0.421607 -0.514071 0.746980 0.689834 0.716497 0.103740 -0.588538 0.471554 0.656703
3.186058 -2.665720 -15.973037 9.840229 0.165867 0.832663 -0.528356 0.300851 -0.552962 -0.776995 0.939136 0.030079 0.342225
3.085980 -2.726290 -9.539731 15.333351 0.148812 0.814790 -0.560332 0.331488 -0.574958 -0.748023 0.931649 0.074428 0.355654
2.892488 -2.591834 -4.511529 9.559663 0.152511 0.865756 -0.476663 0.276138 -0.500425 -0.820563 0.948941 0.006480 0.315388
2.582820 -2.006785 16.122885 13.745340 0.087275 0.854838 -0.511503 0.251332 -0.515747 -0.819047 0.963958 0.057075 0.259860
-4.421486 -195.503265 -154.441490 -8688.980268 -0.653190 -0.525372 0.545277 0.755204 -0.399839 0.519419 -0.054865 0.751074 0.657934
-6.182701 -240.653479 64.019217 -5364.252657 0.438706 0.794968 -0.419003 0.278400 -0.563563 -0.777747 0.854418 -0.224552 0.468557
-0.143903 -22.735265 -9.654965 339.765378 0.543214 -0.618396 0.567895 0.247259 0.764224 0.595672 -0.802360 -0.183160 0.568041
0.466681 -14.936841 5.880741 82.188179 0.534601 -0.645445 0.545530 0.391189 0.761194 0.517257 -0.749115 -0.063121 0.659426
0.608342 -14.196523 20.879499 -85.710466 0.523436 -0.678937 0.514839 0.552982 0.730374 0.400955 -0.648248 0.074822 0.757744
-0.417757 -6.996496 -73.667310 38.190073 -0.676868 0.717555 -0.164210 0.488428 0.604701 0.629106 -0.550716 -0.345618 0.759777
-1.719339 -7.406899 -67.973630 46.411924 -0.679198 0.700898 -0.217789 0.443359 0.628279 0.639295 -0.584913 -0.337650 0.737475
-0.193872 -7.740692 -96.839049 42.764127 -0.679883 0.721186 -0.132854 0.423199 0.533822 0.732077 -0.598884 -0.441502 0.668142
0.935066 -7.327127 -50.818376 36.098191 -0.634911 0.762515 -0.124336 0.469365 0.508527 0.721870 -0.613665 -0.399965 0.680767
-0.771515 -8.746525 1.237685 97.215482 0.471579 0.881173 -0.033887 -0.568148 0.274218 -0.775894 0.674405 -0.385148 -0.629952
-1.029019 -8.904056 2.725713 -156.793450 0.440247 0.894832 -0.073886 -0.619188 0.242978 -0.746705 0.650223 -0.374484 -0.661039
-1.150718 -8.819475 -8.585776 -159.628619 0.474917 0.879320 -0.035352 -0.594198 0.290774 -0.749919 0.649140 -0.377155 -0.660584
0.403912 -20.515368 24.653379 -480.178808 0.231208 0.969173 0.085122 -0.922351 0.190518 0.336112 -0.309533 0.156224 -0.937968
-10.303428 -83.354663 491.552764 2837.543764 0.482396 0.873176 -0.069693 0.500273 -0.209322 0.840186 -0.719042 0.440168 0.537802
-14.507614 -37.379276 650.424967 1288.275772 0.351132 0.915718 -0.195365 0.815373 -0.196471 0.544579 -0.460297 0.350514 0.815639
-2.339741 -29.670971 205.196429 851.779290 0.415615 0.903915 -0.101006 0.767848 -0.289174 0.571654 -0.487518 0.315145 0.814254
3.237538 -163.883243 684.587892 5996.596279 0.553720 0.826564 0.100928 0.435112 -0.390544 0.811267 -0.709980 0.405300 0.575900
-1.012457 -66.080846 186.907187 761.233649 0.491628 0.870265 0.030686 -0.060840 -0.000826 0.998147 -0.868678 0.492584 -0.052541
-9.132978 -67.693192 438.991291 -245.894193 0.450314 0.892792 0.011834 -0.147364 0.061244 0.987184 -0.880625 0.446287 -0.159144
0.930586 -12.154103 -4.849998 3.977551 -0.057454 0.995502 0.075329 0.425749 0.092680 -0.900082 0.903015 0.019642 0.429159
-9.024296 -11.676916 69.831381 73.596388 -0.195659 0.927577 0.318305 -0.068824 0.310790 -0.947983 0.978254 0.207388 -0.003031
-7.754967 -10.562190 18.813530 79.420212 -0.300895 0.950205 -0.081069 -0.058789 -0.103328 -0.992908 0.951844 0.293995 -0.086952
-4.936364 -8.247685 -6.995792 -9.395649 -0.745971 0.291386 -0.598850 -0.229798 0.731357 0.642114 0.625076 0.616613 -0.478610
-4.598521 -8.239536 31.200403 -8.612962 0.756865 -0.277709 0.591637 -0.321084 0.630470 0.706691 0.569263 0.724835 -0.388012
-4.479494 -8.382322 -3.392369 -7.536231 0.735162 -0.327673 0.593436 -0.306394 0.620280 0.722064 0.604697 0.712659 -0.355609
-0.260621 -5.119712 -54.073745 48.183637 0.264662 0.950291 -0.164013 -0.866915 0.159962 -0.472091 0.422388 -0.267130 -0.866158
-0.619578 -5.583709 -103.867332 46.562959 0.313444 0.933414 -0.174614 -0.814816 0.169935 -0.554253 0.487675 -0.316006 -0.813826
-1.675107 -6.136598 -108.822012 45.662754 0.232994 0.945206 -0.228692 -0.804291 0.055103 -0.591675 0.546653 -0.321792 -0.773059
-1.734520 -25.965153 54.526115 298.593205 0.217819 0.939296 0.265101 -0.526605 0.341799 -0.778370 0.821731 -0.029940 -0.569088
-1.679284 -24.681115 84.416225 261.106675 0.193975 0.947204 0.255302 -0.331269 0.308203 -0.891780 0.923382 -0.088409 -0.373563
0.274155 -8.712414 14.815824 -11.643515 0.022759 0.990435 -0.136093 -0.318029 0.136229 0.938243 -0.947808 -0.021928 -0.318087
0.619043 -8.337647 6.027713 9.718551 0.002180 0.992934 -0.118647 -0.235286 0.115826 0.965000 -0.971924 -0.025812 -0.233876
0.026585 -12.072657 -20.475426 63.196571 -0.084052 0.996252 -0.020411 0.263952 0.042011 0.963621 -0.960867 -0.075607 0.266494
-0.192302 -12.217722 -8.856622 21.854906 -0.060908 0.997707 -0.029518 0.082979 0.034531 0.995953 -0.994688 -0.058212 0.084892
-1.116420 -11.962025 34.485839 -2.199652 0.254938 0.966957 -0.000221 -0.962609 0.253813 0.094669 -0.091597 0.023922 -0.995509
-1.491126 -11.842885 24.214788 -66.919598 0.244707 0.969213 -0.027280 0.969595 -0.244670 0.004759 -0.002062 -0.027615 -0.999616
-0.515167 -12.161823 43.886826 -57.845758 0.272117 0.962142 0.015353 -0.943033 0.263471 0.203156 -0.191420 0.069761 -0.979026
-0.580287 -13.107900 39.535352 123.781157 0.266694 0.963770 0.004674 -0.960284 0.266136 -0.083820 0.082027 -0.017865 -0.996470
-0.155313 -12.427560 39.399317 -101.629683 0.278901 0.960079 0.021499 0.959985 -0.278143 -0.032640 -0.025357 0.029742 -0.999236
-0.187765 -19.341671 -80.732142 -116.091435 0.208661 0.968319 0.137179 0.966743 -0.225433 0.120784 -0.147882 -0.107414 0.983155
0.551958 -19.169286 85.721536 -55.857327 -0.234376 -0.958202 -0.164064 0.966325 -0.248072 0.068385 -0.106226 -0.142511 0.984076
-0.392953 -17.991421 72.551998 161.542920 -0.233305 -0.961924 -0.142378 0.961368 -0.206176 -0.182381 0.146081 -0.179428 0.972865
0.610581 -18.190384 -75.098030 -249.825960 0.218542 0.963967 0.151677 0.887598 -0.260953 0.379569 -0.405473 -0.051676 0.912645
-0.712231 -19.476916 -50.335644 -206.278933 0.185813 0.977098 0.103697 0.931543 -0.208749 0.297743 -0.312571 -0.041274 0.948997
-0.788314 -21.592102 51.847754 -431.050677 0.173882 0.954456 0.242442 0.727795 0.041294 -0.684550 0.663385 -0.295479 0.687469
-0.361541 -10.112530 -14.705130 3.005306 0.006452 0.995852 0.090761 0.697617 -0.069510 0.713091 -0.716442 -0.058716 0.695172
-0.135582 -9.977855 -16.518975 22.174930 0.022749 0.994106 0.105996 0.815795 -0.079745 0.572816 -0.577893 -0.073439 0.812802
-0.492845 -9.879412 0.005425 5.033541 0.053427 0.993234 0.103111 0.736778 -0.108907 0.667306 -0.674021 -0.040318 0.737611
-0.195129 -19.159632 39.160859 340.100889 -0.191236 0.921736 0.337388 0.524434 0.386507 -0.758671 0.829697 -0.031853 0.557304
1.306580 -7.291976 -4.492935 29.729846 0.106493 0.990203 0.090318 0.816294 -0.035200 -0.576563 0.567735 -0.135126 0.812045
-2.726491 -6.794091 -10.334809 -22.968268 -0.107936 0.985972 0.127317 -0.325263 -0.156040 0.932661 -0.939444 -0.059256 -0.337542
-2.597134 -6.509079 -0.926114 -19.350416 -0.013237 0.999845 0.011583 -0.374453 -0.015697 0.927113 -0.927151 -0.007935 -0.374603
-2.519071 -6.925090 -6.809835 -25.145884 -0.162109 0.967418 0.194480 -0.323366 -0.238285 0.915781 -0.932285 -0.085568 -0.351458
-2.935079 -7.101337 -10.611592 -4.594688 -0.175318 0.955126 0.238743 -0.187208 -0.270416 0.944366 -0.966549 -0.120869 -0.226216
5.931005 -74.262307 -44.280823 -6.868212 -0.212116 0.972975 -0.091252 -0.246344 -0.143598 -0.958485 0.945686 0.180831 -0.270146
7.785005 -64.393911 -145.430346 2034.143022 -0.154989 0.981767 -0.110054 -0.757440 -0.189610 -0.624766 0.634242 0.013473 -0.773017
5.387278 -56.822396 -61.459776 892.208761 -0.122606 0.981087 -0.149790 -0.495254 -0.191275 -0.847430 0.860053 0.029716 -0.509338
5.927357 -83.380441 -57.137416 3225.722552 -0.113967 0.971699 -0.206913 -0.842618 -0.204875 -0.498018 0.526314 -0.117591 -0.842120
5.555156 -61.114482 -42.393041 -1284.545522 -0.154801 0.980566 -0.120530 -0.018029 -0.124784 -0.992020 0.987781 0.151393 -0.036996
-1.328247 -9.095494 -67.362745 67.284841 0.942534 -0.098783 -0.319172 -0.329044 -0.108737 -0.938033 -0.057956 -0.989150 0.134992
7.052791 -12.039037 -59.912269 186.755192 0.048574 0.991049 0.124344 0.371791 -0.133485 0.918669 -0.927045 -0.001607 0.374947
4.917797 -9.851899 -81.660145 110.930026 -0.063849 0.981388 0.181108 0.451321 -0.133464 0.882325 -0.890075 -0.138073 0.434399
5.367146 -11.049431 -65.972637 181.919671 -0.062034 0.990508 0.122661 0.339473 -0.094631 0.935844 -0.938568 -0.099694 0.330381
5.869104 -12.399250 -62.510323 143.061079 -0.055357 0.994731 0.086286 0.183232 -0.074830 0.980217 -0.981510 -0.070073 0.178125
-1.538796 -6.979344 -191.497411 -44.699910 0.160597 0.939114 0.303766 0.607589 0.148476 -0.780250 0.777846 -0.309870 0.546751
0.775051 -6.284167 -136.318358 -30.431949 0.166127 0.956191 0.241041 0.589572 0.099626 -0.801548 0.790447 -0.275269 0.547193
-1.341775 -28.564207 -45.507111 498.322630 -0.579014 0.524469 -0.624240 0.767726 0.092967 -0.633998 -0.274479 -0.846339 -0.456478
-1.391921 -31.898577 -44.617014 860.938192 -0.573710 0.550515 -0.606457 0.800676 0.220969 -0.556857 -0.172550 -0.805050 -0.567557
-1.237504 -23.714085 -47.805080 645.239371 -0.568546 0.525405 -0.633012 0.821656 0.400525 -0.405539 0.040464 -0.750686 -0.659419
-1.843640 -31.793552 -49.054093 348.624832 -0.584222 0.546520 -0.600001 0.649382 -0.128664 -0.749499 -0.486814 -0.827503 -0.279732
-0.867679 -24.542134 -32.003594 498.220212 -0.577246 0.521276 -0.628537 0.814730 0.316011 -0.486161 -0.054800 -0.792722 -0.607115
-0.645513 -27.065084 -17.123326 229.867319 -0.567956 0.522745 -0.635738 0.736355 -0.022354 -0.676226 -0.367705 -0.852196 -0.372230
-1.221583 -29.536743 -4.142797 -55.356259 -0.558800 0.547283 -0.623076 0.570906 -0.291081 -0.767684 -0.601506 -0.784700 -0.149791
-0.245674 -7.055899 1.269945 -17.660774 -0.256422 0.963776 0.073369 0.943286 0.266083 -0.198525 0.210856 -0.018302 0.977346
-0.291362 -7.070593 3.106864 -9.093705 -0.263795 0.961828 0.072790 0.910299 0.273198 -0.310994 0.319009 0.015778 0.947620
-0.616870 -7.564098 11.166589 -2.728011 -0.229990 0.971445 0.058295 0.859052 0.230799 -0.456904 0.457312 0.055005 0.887604
-2.321105 -16.197279 10.411742 66.308868 0.377592 0.925847 -0.015222 -0.777372 0.325885 0.538045 -0.503108 0.191328 -0.842779
-2.138643 -16.205275 17.949315 67.563826 0.411595 0.911013 0.025374 -0.771803 0.333623 0.541310 -0.484675 0.242384 -0.840440
-1.958892 -16.557143 21.430825 28.081073 0.421140 0.906583 0.027371 -0.876099 0.398799 0.270943 -0.234717 0.138085 -0.962206
2.486305 -6.864252 -76.760050 28.145364 -0.039307 -0.982158 0.183903 0.987959 -0.065762 -0.140044 0.149639 0.176184 0.972917
3.027531 -6.975833 -35.034128 30.254507 -0.022480 -0.991293 0.129738 0.996404 -0.032819 -0.078118 0.081696 0.127515 0.988466
3.414403 -2.757824 -7.924903 8.628551 0.189356 0.838063 -0.511658 0.329393 -0.545107 -0.770947 0.925011 0.022553 0.379271
3.219180 -2.820610 -2.513876 8.323219 0.184599 0.866195 -0.464359 0.299943 -0.499591 -0.812677 0.935926 -0.010738 0.352033
2.330313 -200.470728 203.242008 10310.383157 0.412431 0.778116 -0.473747 0.568260 0.186715 0.801385 -0.712027 0.599727 0.365165
1.171842 -60.344314 40.063501 2406.609092 -0.401770 -0.730387 0.552373 0.702415 0.141208 0.697620 -0.587532 0.668278 0.456301
0.431281 -53.721822 -87.099557 1262.680077 -0.422387 -0.745124 0.516120 0.802394 -0.042525 0.595278 -0.421608 0.665569 0.615845
-2.881309 -7.418752 -44.948551 49.776574 -0.664947 0.687646 -0.291528 0.417916 0.666052 0.617836 -0.619025 -0.288994 0.730267
-2.579679 -8.114352 -42.122964 39.836586 -0.662800 0.691969 -0.286138 0.327050 0.611274 0.720682 -0.673598 -0.384086 0.631461
-0.693765 -8.586653 -7.240652 -13.679805 0.448957 0.889929 -0.080404 -0.602238 0.234887 -0.762979 0.660111 -0.390967 -0.641403
-0.996755 -10.035547 -14.300684 -238.382773 0.425696 0.896885 -0.119917 -0.667557 0.221818 -0.710749 0.610861 -0.382615 -0.693149
0.044210 -55.265034 -20.569041 -2118.678729 0.214817 0.975526 0.046929 -0.939933 0.193449 0.281254 -0.265292 0.104528 -0.958485
1.018641 -12.684210 10.887810 -27.553214 -0.071656 0.996309 0.047254 0.237854 0.063078 -0.969251 0.968654 0.058213 0.241496
-6.282133 -10.633887 -44.451248 -24.439059 -0.008023 0.957457 0.288463 -0.026646 0.288165 -0.957210 0.999613 0.015366 -0.023200
0.296347 -4.517851 31.096031 45.056459 0.204171 0.964757 -0.166009 -0.915586 0.128180 -0.381146 0.346434 -0.229814 -0.909488
3.330671 -4.779621 198.096973 112.003926 -0.179995 0.931156 -0.317097 -0.936754 -0.260626 -0.233594 0.300157 -0.254996 -0.919175
-1.962075 -25.207230 -45.807582 364.742150 0.051461 0.966094 0.253011 0.885962 -0.161084 0.434882 -0.460893 -0.201779 0.864212
-2.193589 -22.788697 48.712674 620.490056 -0.072795 -0.961911 -0.263492 0.989753 -0.102215 0.099709 -0.122844 -0.253533 0.959495
-2.798222 -24.301677 -21.729154 593.105438 0.082220 0.979946 0.181509 0.967095 -0.122449 0.223012 -0.240765 -0.157200 0.957768
-1.349374 -30.999432 38.753316 874.403336 -0.055414 -0.956989 -0.284784 0.965075 -0.124478 0.230510 -0.256045 -0.262064 0.930464
-2.301712 -26.761361 -21.860540 182.279073 0.069736 0.981057 0.180730 0.784687 -0.165812 0.597304 -0.615957 -0.100163 0.781386
-1.633884 -27.482961 -27.218580 -101.399082 0.059891 0.971088 0.231086 0.613133 -0.218471 0.759170 -0.787706 -0.096219 0.608491
-1.338980 -30.338022 -34.500616 87.531732 0.056864 0.960282 0.273176 0.693494 -0.234827 0.681118 -0.718214 -0.150714 0.679303
0.006888 -7.532853 9.151850 -40.202468 0.037279 0.985611 -0.164868 -0.669311 0.147137 0.728268 -0.742047 -0.083199 -0.665165
0.041129 -7.950625 10.345088 -39.402943 0.046148 0.983020 -0.177603 -0.571765 0.171781 0.802232 -0.819118 -0.064525 -0.569984
0.048609 -8.601343 19.083070 -30.080277 0.044973 0.986975 -0.154462 -0.435206 0.158532 0.886264 -0.899207 -0.027365 -0.436667
0.434704 -12.239878 -31.618538 72.970255 -0.097457 0.995146 -0.013674 0.416451 0.053255 0.907597 -0.903920 -0.082757 0.419619
6.334323 -12.911112 -23.576898 121.205010 0.449661 0.693882 0.562435 0.799757 -0.593170 0.092403 0.397736 0.408261 -0.821662
5.997717 -12.850479 -72.644405 -43.205427 0.470581 0.739226 0.481766 -0.799824 0.587937 -0.120881 0.372607 0.328444 -0.867922
6.205311 -11.126714 -86.993056 -35.703190 0.440399 0.742400 0.504866 -0.746423 0.615252 -0.253610 0.498900 0.265154 -0.825101
