11452
22886
-7.478975 -10.351668 60.279452 126.361543 0.976414 0.063930 -0.206225 0.127868 -0.940856 0.313750 0.173970 0.332720 0.926840
-8.927769 -12.750006 43.004710 315.218831 -0.684822 -0.628968 0.367993 0.717241 -0.671028 0.187850 0.128782 0.392583 0.910656
-6.888031 -11.248055 -99.501154 295.252037 0.731716 0.626929 -0.267491 0.665941 -0.741206 0.084477 0.145305 0.239947 0.959850
-8.230662 -11.772447 54.688505 109.954737 0.974592 0.029692 -0.222013 0.130031 -0.882058 0.452841 0.182383 0.470204 0.863507
-6.697620 -9.116040 17.401716 106.961844 0.978704 -0.102761 -0.177702 -0.056251 -0.966798 0.249274 0.197418 0.233970 0.951990
-6.463334 -10.443359 -39.460735 114.807339 0.964420 -0.186322 -0.187559 -0.103632 -0.919096 0.380161 0.243217 0.347198 0.905704
13.602176 -7.530797 202.381404 -9.312674 0.611164 0.779196 -0.139042 0.761953 -0.626750 -0.163136 0.214259 0.006241 0.976757
13.924253 -7.489877 -51.898527 -122.932607 0.541872 0.840435 -0.006597 0.812638 -0.525921 -0.251051 0.214461 -0.130676 0.967951
14.806153 -9.327197 401.024782 -56.437463 -0.636678 -0.750799 -0.175905 0.770877 -0.613849 -0.170110 0.019739 -0.243907 0.969598
13.322751 -9.498126 396.009204 -114.715317 -0.590459 -0.771225 -0.237844 0.803338 -0.533328 -0.264970 0.077503 -0.347523 0.934463
14.859634 -10.137897 404.067148 90.133090 -0.683743 -0.701199 -0.202029 0.725880 -0.681932 -0.089816 -0.074791 -0.208060 0.975252
12.088724 -11.089476 500.722887 -42.455361 -0.628000 -0.687934 -0.363817 0.768458 -0.621979 -0.150381 -0.122834 -0.374017 0.919251
-3.581257 -4.699533 50.483197 4.400484 -0.727793 -0.584045 -0.359457 -0.431300 0.797314 -0.422220 0.533196 -0.152255 -0.832178
-3.750793 -4.820710 13.649000 15.614967 0.296315 0.951091 0.087311 -0.756426 0.289510 -0.586518 0.583109 -0.107750 -0.805216
-4.426979 -4.770632 6.228645 -10.079698 0.456588 0.873561 0.168578 -0.650328 0.457010 -0.606807 0.607125 -0.167430 -0.776767
-3.905333 -5.320027 28.894945 20.134630 0.010637 0.989973 -0.140856 -0.739582 -0.087016 -0.667418 0.672982 -0.111274 -0.731241
-3.701140 -5.191979 69.920251 12.117440 -0.817563 -0.329183 -0.472470 -0.156915 0.916797 -0.367233 0.554047 -0.226099 -0.801194
-4.330920 -4.956679 29.553481 44.291813 -0.740894 0.173200 -0.648905 0.277303 0.958864 -0.060683 0.611702 -0.224903 -0.758446
-4.215502 -5.331713 -10.565053 15.271064 -0.315572 0.797114 -0.514804 -0.651912 -0.576345 -0.492785 0.689510 -0.180098 -0.701527
-0.698085 -6.430482 415.927359 -113.020277 0.859074 -0.272825 -0.433080 0.131085 0.935156 -0.329089 0.494781 0.225942 0.839132
3.420062 -4.201835 385.684309 -168.516620 0.886297 -0.160878 -0.434277 0.088841 0.979370 -0.181496 0.454516 0.122277 0.882306
3.846938 -6.806328 183.957955 -163.660918 0.899939 -0.292776 -0.323097 0.190275 0.930448 -0.313148 0.392307 0.220337 0.893055
1.348057 -8.086195 193.849285 -54.607431 0.885150 -0.325089 -0.332906 0.150558 0.877068 -0.456162 0.440274 0.353650 0.825282
4.361489 -8.570201 10.910386 133.728695 0.919280 -0.323825 -0.223744 -0.211582 -0.885889 0.412837 0.331900 0.332172 0.882895
5.679532 -7.613158 -40.620503 -202.297801 0.934252 -0.307668 -0.180312 0.245867 0.921959 -0.299235 0.258306 0.235229 0.936987
-0.412359 -13.220136 20.197226 35.878211 0.797006 0.016358 -0.603749 0.001630 0.999571 0.029235 0.603969 -0.024285 0.796638
-0.470557 -13.906701 -17.006673 47.739106 0.809387 0.037525 -0.586075 0.007518 0.997213 0.074232 0.587227 -0.064489 0.806849
-0.274376 -13.376741 14.605057 4.459786 0.796002 0.038507 -0.604068 -0.115984 0.989185 -0.089779 0.594078 0.141526 0.791859
-0.262692 -12.845549 11.274644 -20.331984 0.803965 0.025911 -0.594112 -0.099851 0.990748 -0.091912 0.586234 0.133217 0.799114
-0.072648 -12.997025 13.056741 -14.085896 0.797075 0.037595 -0.602709 -0.210718 0.952642 -0.219250 0.565923 0.301760 0.767249
-0.037607 -12.764551 7.351192 13.240345 0.792460 0.056286 -0.607321 -0.259329 0.932339 -0.251976 0.552046 0.357177 0.753439
71.226797 -24.104843 4176.510088 460.401524 -0.748897 0.159908 0.643104 -0.211516 0.862011 -0.460650 -0.628024 -0.481006 -0.611734
73.241410 -21.333764 3997.407662 174.653948 -0.576943 0.082992 0.812557 -0.257951 0.925397 -0.277672 -0.774983 -0.369801 -0.512493
69.313785 -21.137785 4006.013124 256.567576 -0.537997 0.194543 0.820191 -0.271340 0.881248 -0.387009 -0.798082 -0.430760 -0.421321
0.761092 -37.605193 -54.713731 152.738037 0.525896 0.256043 0.811096 0.724726 -0.634042 -0.269744 0.445203 0.729680 -0.519001
0.938687 -31.637402 -15.464397 243.137437 0.484904 0.260149 0.834979 0.825114 -0.452581 -0.338168 0.289922 0.852932 -0.434111
0.745172 -32.090240 6.666396 353.847005 0.502000 0.234805 0.832384 0.677140 -0.705437 -0.209380 0.538031 0.668749 -0.513125
-0.072431 -7.077838 -6.709194 -79.312912 0.975844 0.147372 0.161277 0.010474 0.705808 -0.708326 0.218218 -0.692905 -0.687214
0.092630 -7.578510 -5.863113 -28.194040 0.975084 0.175496 0.135695 -0.057915 0.791859 -0.607952 0.214145 -0.584945 -0.782293
-0.089257 -7.033540 -8.639449 -80.848656 0.975849 0.161603 0.146982 -0.014987 0.720790 -0.692992 0.217933 -0.674052 -0.705804
0.103634 -7.811178 -5.358749 -72.034713 0.975119 0.142768 0.169589 0.010628 0.734019 -0.679045 0.221428 -0.663952 -0.714239
-0.219046 -5.968938 -2.453272 -55.218362 0.973852 0.119776 0.193044 0.071823 0.643823 -0.761796 0.215531 -0.755742 -0.618386
-0.202307 -6.490557 -7.849796 -57.730935 0.972678 0.105765 0.206667 0.091102 0.644905 -0.758813 0.213537 -0.756909 -0.617649
5.301326 -7.867542 121.831372 39.879190 0.686229 0.034220 -0.726580 -0.656983 -0.399560 -0.639316 0.312190 -0.916068 0.251708
5.325569 -7.640327 3.515463 33.845579 0.766996 -0.109161 -0.632298 -0.624906 -0.350739 -0.697477 0.145634 -0.930089 0.337231
5.753888 -9.246539 -39.482801 242.447108 0.781047 -0.134860 -0.609736 -0.602678 -0.418491 -0.679444 0.163539 -0.898153 0.408138
5.368282 -7.637081 212.770315 -105.592935 0.703781 0.048433 -0.708764 -0.651258 -0.354601 -0.670911 0.283823 -0.933763 0.218019
0.264446 -45.988931 60.253600 707.688481 0.547028 0.480514 0.685469 -0.457288 0.857403 -0.236108 -0.701176 -0.184299 0.688757
0.630947 -44.562684 19.470915 460.136004 0.543668 0.453709 0.706098 -0.185614 0.885458 -0.426042 -0.818519 0.100564 0.565610
0.694902 -39.601095 40.725764 405.982611 0.567302 0.431456 0.701437 -0.132708 0.888530 -0.439207 -0.812746 0.156077 0.561323
0.869786 -40.715098 -4.088308 -61.941900 0.536740 0.423326 0.729866 0.134902 0.810845 -0.569501 -0.832894 0.404134 0.378106
0.325763 -42.570487 47.161188 479.695033 0.563640 0.453432 0.690442 -0.368480 0.886110 -0.281125 -0.739279 -0.095961 0.666527
-9.530076 -12.435312 209.733001 38.927229 0.498540 0.687720 0.527731 -0.645655 0.700804 -0.303322 -0.578436 -0.189514 0.793408
-5.285419 -48.168957 83.692167 2603.322143 0.693799 0.243851 0.677628 -0.289998 0.955869 -0.047060 -0.659199 -0.163860 0.733898
-5.237212 -22.051506 245.608438 1654.082004 0.752145 0.239234 0.614040 -0.195011 0.970847 -0.139376 -0.629482 -0.014914 0.776872
-4.689012 -19.944822 -7.795088 1261.588503 -0.189599 0.961208 0.200329 0.877763 0.074504 0.473266 -0.439982 -0.265572 0.857839
8.904186 -162.250537 560.739160 8591.482285 0.112982 0.833177 0.541342 0.767855 -0.418990 0.484608 -0.630582 -0.360920 0.687098
0.575359 -5.963899 -59.955573 -42.740897 0.908264 0.165516 0.384268 0.338036 -0.831503 -0.440834 -0.246554 -0.530290 0.811174
0.812544 -5.085648 -83.614551 -73.695203 0.894653 0.186571 0.405940 0.333899 -0.882922 -0.330090 -0.296828 -0.430859 0.852205
0.925042 -5.811722 -2.093705 -70.246829 0.911456 0.183977 0.367969 0.330645 -0.859801 -0.389122 -0.244790 -0.476335 0.844502
0.826471 -6.521069 0.929919 -29.732243 0.912926 0.182337 0.365129 0.353759 -0.799670 -0.485163 -0.203519 -0.572086 0.794543
0.858372 -6.584938 -42.810319 -15.703647 0.913250 0.165641 0.372206 0.355033 -0.771676 -0.527700 -0.199813 -0.614068 0.763541
0.273167 -6.410586 -55.929647 -15.139117 0.920669 0.135280 0.366152 0.328472 -0.775279 -0.539489 -0.210888 -0.616961 0.758212
-1.881819 -4.214984 -21.074662 61.980629 0.966178 -0.205966 0.155170 0.256852 0.822163 -0.508011 0.022942 -0.530685 -0.847258
-1.403138 -3.550809 -71.429642 41.432280 0.918520 -0.344317 0.194337 0.395263 0.788012 -0.472021 -0.009385 -0.510375 -0.859900
-1.467194 -2.980818 -41.689380 67.967377 0.807199 -0.499486 0.314554 0.588637 0.720870 -0.365860 0.044011 -0.480480 -0.875901
-1.577107 -4.435764 -55.705489 51.051565 0.979063 -0.178723 0.097437 0.202480 0.805879 -0.556381 -0.020916 -0.564461 -0.825195
-2.158455 -4.670347 21.946230 55.053623 0.979946 -0.118833 0.159953 0.186155 0.832301 -0.522132 0.071083 -0.541438 -0.837731
-2.029553 -5.131260 -0.017818 36.740708 0.993492 -0.070357 0.089579 0.109302 0.810179 -0.575903 0.032056 -0.581946 -0.812596
-1.339086 -9.032347 -56.280662 30.888464 0.552931 0.062620 -0.830871 0.621827 -0.694753 0.361455 -0.554616 -0.716517 -0.423089
-1.414448 -8.152477 -59.202550 49.663667 0.530230 0.068189 -0.845107 0.722249 -0.558406 0.408091 -0.444086 -0.826760 -0.345333
-0.735600 -8.325171 -62.453403 50.481972 0.539836 0.035327 -0.841029 0.675255 -0.614724 0.407608 -0.502601 -0.787951 -0.355705
-0.646270 -9.400435 -44.543815 90.078790 0.564212 0.028035 -0.825154 0.588883 -0.714168 0.378393 -0.578690 -0.699413 -0.419452
-0.994764 -9.758207 -18.463585 -47.999374 0.579417 0.054458 -0.813210 -0.531613 0.781552 -0.326440 -0.617789 -0.621458 -0.481795
-1.721648 -104.522121 -344.586799 -5461.459245 0.749727 -0.522625 -0.405922 -0.651674 -0.689716 -0.315615 0.115022 -0.501154 0.857680
-9.527143 -52.471628 347.542153 -2364.190370 0.831764 -0.406197 -0.378381 -0.525883 -0.794871 -0.302701 0.177808 -0.450760 0.874757
-16.320471 -68.894239 351.589081 -3120.169835 0.763598 -0.391828 -0.513215 -0.635234 -0.598348 -0.488321 0.115744 -0.698892 0.705799
-5.156065 -50.560246 -18.966906 -1982.172471 0.881757 -0.311266 -0.354427 -0.471516 -0.560365 -0.680929 -0.013342 -0.767532 0.640872
-22.093280 -54.400290 -767.820684 885.335086 0.966641 0.165435 -0.195543 -0.222377 0.920879 -0.320202 -0.127099 -0.353005 -0.926948
-9.205796 -43.306255 -327.272129 356.172906 0.944077 0.149489 -0.293891 -0.274538 0.850024 -0.449541 -0.182613 -0.505086 -0.843529
-11.859433 -69.853064 392.959048 2495.967818 -0.938619 -0.185042 0.291124 -0.191149 0.981532 0.007583 -0.287151 -0.048530 -0.956655
-48.682009 -95.230847 -1530.071099 -1430.459281 0.985793 -0.166531 0.021916 0.167646 0.983560 -0.067114 0.010379 -0.069835 -0.997505
-30.545238 -60.365355 -883.663434 -1655.244333 0.987612 0.087709 0.130117 -0.000565 0.831187 -0.555993 0.156917 -0.549032 -0.820939
-26.854681 -116.804591 814.202914 3822.119863 -0.972219 -0.128468 0.195667 -0.116598 0.990633 0.071067 -0.202964 0.046278 -0.978092
-8.275602 -9.648891 84.075496 3.282855 -0.385869 0.871898 0.301495 0.815048 0.169081 0.554173 0.432205 0.459571 -0.775882
-9.774433 -10.061195 120.178635 -10.655436 -0.445632 0.889814 0.098200 -0.758423 -0.316981 -0.569489 0.475611 0.328260 -0.816112
-9.054751 -9.950772 87.039638 -13.188433 -0.635299 0.771597 0.032159 -0.687759 -0.546348 -0.478007 0.351259 0.325795 -0.877767
-4.273935 -23.347493 -91.678092 1121.968283 0.863423 0.400231 -0.307108 -0.129133 0.763821 0.632378 -0.487673 0.506352 -0.711184
-5.052807 -14.797746 53.740625 723.562509 -0.846117 -0.374620 0.379138 -0.088490 0.800194 0.593177 -0.525600 0.468347 -0.710208
-2.385444 -9.854763 105.521359 485.670072 -0.824421 -0.490917 0.281655 -0.226416 0.742156 0.630825 -0.518715 0.456294 -0.723001
-0.745450 -3.768660 -37.133459 -46.046711 0.721571 0.692331 0.003683 -0.627390 0.656118 -0.419393 0.292775 -0.300311 -0.907797
-1.263773 -2.296993 21.602597 -41.658647 0.518312 0.845858 -0.126003 -0.783554 0.410680 -0.466246 0.342631 -0.340391 -0.875636
-0.582174 -3.199575 -15.033822 -53.701965 0.826154 0.556488 0.088264 -0.476255 0.773399 -0.418372 0.301082 -0.303603 -0.903977
-1.410566 -3.699538 -19.291076 -33.220705 0.573616 0.815107 -0.081030 -0.747658 0.480590 -0.458302 0.334622 -0.323472 -0.885095
0.049265 -4.226052 -40.687598 -20.759047 0.804722 0.591533 0.050121 -0.541532 0.766043 -0.346295 0.243240 -0.251529 -0.936786
-0.522581 -4.591872 -82.532884 -24.874792 0.753201 0.657746 0.007630 -0.616699 0.710138 -0.339685 0.228845 -0.251146 -0.940508
-1.456109 -4.462044 -54.350819 -31.976052 0.636921 0.769996 -0.037924 -0.710137 0.566839 -0.417611 0.300062 -0.292916 -0.907834
-1.981317 -6.903911 -125.984865 1.193536 -0.088268 0.914388 -0.395099 -0.533373 0.291604 0.794028 -0.841262 -0.280823 -0.461971
-3.582659 -7.616807 -57.886927 30.910748 -0.209257 0.966318 -0.149805 -0.603698 -0.007147 0.797181 -0.769260 -0.257252 -0.584859
-1.532303 -6.666977 -143.095754 8.889319 -0.099542 0.902952 -0.418055 -0.638522 0.264261 0.722811 -0.763139 -0.338887 -0.550249
1.000294 -6.400501 -228.958419 -0.733388 -0.055644 0.840499 -0.538948 -0.556031 0.422250 0.715915 -0.829297 -0.339509 -0.443848
2.019331 -6.517570 -276.426809 -19.049565 -0.054356 0.818378 -0.572104 -0.467826 0.485303 0.738661 -0.882147 -0.307796 -0.356480
-1.715546 -6.903693 -157.152906 -11.457990 -0.041136 0.880246 -0.472732 -0.419717 0.414139 0.807667 -0.906722 -0.231638 -0.352418
0.622093 -10.762504 25.046921 34.385138 -0.025570 0.998180 -0.054616 0.546329 0.059706 0.835440 -0.837180 0.008476 0.546861
0.413118 -10.935719 19.817274 29.582361 -0.020733 0.999048 -0.038388 0.404769 0.043496 0.913384 -0.914184 -0.003399 0.405286
0.186482 -10.885124 12.432613 33.498226 -0.032610 0.997838 -0.057056 0.411423 0.065427 0.909093 -0.910861 -0.006172 0.412667
0.693578 -11.517856 20.723140 33.163254 -0.014371 0.999833 -0.011267 0.384338 0.015926 0.923055 -0.923081 -0.008935 0.384503
0.163622 -10.540497 25.189092 58.009292 -0.033372 0.995508 -0.088601 0.552454 0.092250 0.828423 -0.832875 0.021302 0.553051
0.679811 -10.235925 17.547326 28.897386 -0.055163 0.995070 -0.082415 0.659453 0.098285 0.745293 -0.749719 0.013237 0.661624
0.970160 -11.040476 3.633080 32.523616 -0.044021 0.998850 -0.018988 0.574374 0.040856 0.817573 -0.817408 -0.025084 0.575512
1.033960 -10.447912 12.097743 15.847685 -0.055172 0.996306 -0.065800 0.686135 0.085706 0.722408 -0.725379 0.005291 0.688330
1.357085 -15.590204 30.469157 -196.037984 -0.289668 0.957025 -0.014003 -0.935348 -0.286150 -0.207948 0.203018 0.047138 -0.978040
1.208270 -15.362974 -4.564783 -212.490654 -0.278585 0.959170 -0.048812 -0.918636 -0.280950 -0.277805 0.280176 0.032552 -0.959396
1.324967 -13.410996 30.929484 -239.487768 -0.292239 0.956183 -0.017607 -0.865761 -0.272335 -0.419871 0.406269 0.107459 -0.907413
1.227461 -16.802547 -2.630801 86.601270 -0.268725 0.962479 -0.037700 0.963187 0.268203 -0.018375 -0.007574 -0.041250 -0.999120
1.305777 -16.026217 -4.572026 -5.839564 -0.277563 0.960245 -0.029810 -0.960269 -0.278240 -0.021596 0.029032 -0.022631 -0.999322
0.313740 -35.179816 33.607941 527.626129 -0.233078 0.942234 0.240560 -0.669932 0.023730 -0.742043 0.704887 0.334113 -0.625702
0.045254 -29.831364 18.430058 429.523771 -0.232841 0.947797 0.217867 -0.658678 0.011124 -0.752342 0.715491 0.318681 -0.621703
-0.100546 -28.309195 33.563299 507.561217 -0.224337 0.939932 0.257295 -0.854631 -0.062890 -0.515413 0.468272 0.335518 -0.817404
0.103750 -6.942264 -60.824455 25.691407 0.015923 0.998612 0.050205 -0.824537 0.041517 -0.564283 0.565584 0.032411 -0.824054
1.333840 -6.758408 -105.971261 54.123629 0.015877 0.998315 0.055811 -0.783351 0.047108 -0.619792 0.621377 0.033879 -0.782779
1.961956 -7.097035 -135.551810 68.879205 -0.002667 0.999091 0.042556 -0.828260 0.021639 -0.559927 0.560338 0.036741 -0.827449
1.752665 -6.812384 -125.565550 16.933408 -0.010544 0.999407 0.032785 -0.858082 0.007790 -0.513454 0.513404 0.033546 -0.857491
0.239459 -9.062114 -1.378411 -64.576994 -0.109474 0.985073 0.132844 -0.815041 -0.165461 0.555276 -0.568967 0.047485 -0.820988
0.250152 -9.819253 -16.814258 -57.102244 -0.102438 0.987967 0.115876 -0.738867 -0.153565 0.656120 -0.666020 0.018406 -0.745707
0.081577 -10.169365 0.383528 -71.889885 -0.089181 0.989752 0.111525 -0.728761 -0.141167 0.670059 -0.678936 0.021519 -0.733882
0.352952 -9.228450 -23.099659 -41.345475 -0.117147 0.985683 0.121270 -0.805096 -0.165753 0.569514 -0.581461 0.030917 -0.812986
0.112963 -9.338912 -11.255675 -63.797338 -0.118542 0.985638 0.120272 -0.813067 -0.165881 0.558038 -0.569974 0.031638 -0.821053
0.050078 -8.680156 -1.587413 -33.366183 -0.129273 0.981707 0.139788 -0.885018 -0.177807 0.430265 -0.447250 0.068093 -0.891813
0.256253 -8.660766 -7.494585 -27.537240 -0.122552 0.983154 0.135610 -0.870675 -0.172087 0.460772 -0.476347 0.061604 -0.877097
-0.283968 -34.180605 3.972566 385.511421 -0.215552 0.976470 -0.006626 -0.135642 -0.036661 -0.990079 0.967026 0.212515 -0.140352
-1.610975 -35.488888 -17.540225 1240.882366 -0.210207 0.975886 0.058816 -0.446799 -0.042383 -0.893630 0.869588 0.214127 -0.444934
-0.351423 -38.838533 -53.723502 315.368684 -0.185918 0.981306 0.049727 -0.012489 0.048245 -0.998757 0.982486 0.186308 -0.003286
7.179074 -3.262164 8.132518 -47.117661 0.953685 -0.284503 0.097689 -0.220601 -0.440710 0.870121 0.204499 0.851371 0.483060
7.852220 -1.732889 -107.073609 -8.616522 0.887458 -0.431037 0.163173 -0.338770 -0.370015 0.865057 0.312495 0.822980 0.474395
6.179113 -3.661603 -9.667420 -67.570729 0.952167 -0.305518 -0.005990 -0.155245 -0.500528 0.851687 0.263204 0.810019 0.524016
5.844553 -4.843454 28.804362 -128.267778 0.940453 -0.328514 -0.087334 -0.113548 -0.545764 0.830210 0.320399 0.770857 0.550567
7.011584 -5.708769 54.617943 -87.002267 0.973322 -0.222721 -0.055130 -0.087361 -0.581917 0.808543 0.212160 0.782156 0.585849
7.237697 -4.859990 38.427291 -57.775910 0.977734 -0.209281 0.015381 -0.127164 -0.532596 0.836762 0.166927 0.820087 0.547350
0.977730 -44.809067 11.856796 271.618916 -0.364387 0.877920 0.310610 -0.350721 0.179609 -0.919095 0.862680 0.443843 -0.242458
0.724474 -40.803822 21.116496 304.825981 -0.376356 0.866559 0.327769 -0.396967 0.168832 -0.902171 0.837122 0.469651 -0.280454
0.716783 -40.878077 18.196577 -123.176428 -0.359049 0.869609 0.338917 -0.638214 0.036199 -0.769007 0.681004 0.492412 -0.542000
0.217972 -38.859293 37.264120 57.708866 -0.338374 0.872053 0.353591 0.857929 0.131517 0.496651 0.386603 0.471410 -0.792661
0.578162 -40.934201 9.904419 110.233481 -0.316679 0.883260 0.345784 0.855567 0.108590 0.506175 0.409536 0.456136 -0.790076
3.720324 -27.454047 280.608938 482.288624 0.190074 0.752428 0.630653 -0.295730 -0.568649 0.767582 -0.936171 0.332401 -0.114431
48.681139 -276.683127 -2408.500577 7224.314567 -0.125692 0.872284 0.472571 -0.551608 -0.457375 0.697522 -0.824579 0.173001 -0.538647
16.360452 -142.124734 -25.100391 4192.023877 -0.005521 0.765001 0.644005 0.986199 -0.102404 0.130099 0.165475 0.635835 -0.753878
13.894933 -151.704993 -1133.863165 -4962.635143 -0.188461 0.979619 0.069499 0.621188 0.064095 0.781036 -0.760663 -0.190366 0.620607
9.691518 -139.730656 -345.923963 -7897.379138 -0.023402 0.963402 -0.267038 0.803358 0.177106 0.568550 -0.595036 0.201222 0.778101
0.471927 -23.499944 22.492255 192.882410 -0.115108 0.952471 0.282044 0.987362 0.140842 -0.072667 -0.108937 0.270115 -0.956646
0.461452 -26.448354 22.452930 -458.882021 -0.114582 0.950992 0.287203 -0.933958 -0.201640 0.295065 -0.338516 0.234427 -0.911291
0.603107 -26.694029 10.964152 -307.707172 -0.121070 0.953413 0.276306 -0.918194 -0.213330 0.333782 -0.377177 0.213292 -0.901246
0.956394 -24.599074 1.052352 270.569720 -0.110671 0.960160 0.256603 0.989237 0.131287 -0.064599 -0.095714 0.246692 -0.964356
1.014986 -40.720942 36.178630 -1324.193504 -0.066857 0.967187 0.245110 -0.903993 -0.162689 0.395384 -0.422287 0.195144 -0.885208
0.575773 -97.835057 -186.124403 3740.289326 0.968408 0.111669 0.222971 0.247617 -0.324714 -0.912824 0.029532 -0.939197 0.342107
7.473348 -174.745086 198.700928 10055.090423 0.956164 0.285485 0.065185 0.125460 -0.198240 -0.972091 0.264595 -0.937656 0.225367
3.840434 -119.169023 89.716034 5576.268766 0.944616 0.260519 0.199574 0.135635 0.243838 -0.960284 0.298836 -0.934169 -0.194998
11.926827 -359.064314 137.466154 19169.023320 0.999775 0.019463 -0.008416 0.007748 -0.704772 -0.709391 0.019739 -0.709167 0.704765
-2.136313 -211.243933 64.587385 2777.843738 0.946871 0.160455 0.278727 0.269308 -0.869320 -0.414434 -0.175805 -0.467479 0.866346
-0.594315 -11.254445 8.287630 -122.735296 -0.266163 0.962847 -0.045643 0.723071 0.168120 -0.670003 0.637437 0.211333 0.740954
-0.279069 -9.537813 15.555520 -82.705863 -0.221231 0.971191 -0.088575 0.813397 0.133652 -0.566147 0.537998 0.197295 0.819532
-0.745113 -10.811121 -3.219811 -121.355077 -0.220609 0.972848 -0.069995 0.741747 0.120737 -0.659723 0.633359 0.197459 0.748242
-0.155157 -10.584610 10.305117 -110.719787 -0.267905 0.962115 -0.050620 0.790922 0.189625 -0.581795 0.550154 0.195903 0.811759
-0.403636 -11.759742 14.532469 -106.727375 -0.303084 0.952655 -0.024265 0.689085 0.201499 -0.696104 0.658257 0.227699 0.717531
-4.899321 -13.878121 203.334628 312.490047 -0.697186 -0.675206 0.240890 0.716847 -0.660320 0.223849 0.007920 0.328746 0.944385
-10.730044 -13.765369 -28.775461 228.353286 -0.646947 -0.599995 0.470600 0.755910 -0.585800 0.292299 0.100299 0.544834 0.832524
-7.653746 -14.088862 130.909098 225.507103 -0.617536 -0.699459 0.359731 0.786174 -0.534901 0.309534 -0.024086 0.473960 0.880217
-5.778925 -11.638187 7.901085 -20.679388 -0.578335 0.701838 0.415875 0.010466 0.516118 -0.856454 0.815733 0.490964 0.305834
-5.673199 -11.057150 -13.120685 -40.272373 -0.565646 0.707868 0.423046 0.179525 0.606400 -0.774629 0.804870 0.362219 0.470087
-5.988553 -11.473558 49.568709 -54.379146 -0.512556 0.745307 0.426384 0.109759 0.549369 -0.828340 0.851610 0.377771 0.363386
13.988501 -5.478365 390.700014 -46.252008 0.442196 0.842455 -0.307787 0.798313 -0.526108 -0.293097 0.408850 0.116104 0.905186
14.245349 -4.925835 141.711929 -27.106903 0.311859 0.932272 -0.183340 0.820016 -0.361561 -0.443676 0.479915 0.011977 0.877233
13.796045 -7.825180 -133.316159 -70.137614 0.469935 0.878523 0.085787 0.823579 -0.401414 -0.400729 0.317614 -0.258969 0.912171
-3.126620 -3.845525 35.131578 62.411723 0.278672 0.956441 0.086959 -0.821547 0.284301 -0.494200 0.497396 -0.066279 -0.864988
-2.799477 -4.519278 70.620414 61.123450 0.032651 0.999291 -0.018769 -0.835200 0.016965 -0.549684 0.548976 -0.033624 -0.835162
-2.825786 -5.127147 53.096697 25.332930 -0.028103 0.996980 -0.072393 -0.773345 -0.067572 -0.630374 0.633362 -0.038269 -0.772909
-2.307963 -5.071388 80.234876 -207.809528 0.792634 0.382685 -0.474640 -0.398831 0.914264 0.071103 0.461156 0.132942 0.877304
0.831301 -3.265430 152.664332 -141.634710 0.833427 0.279270 -0.476873 -0.289936 0.955583 0.052898 0.470465 0.094176 0.877379
4.183335 -1.912017 252.319450 -88.219223 0.880885 0.066690 -0.468608 -0.106933 0.992468 -0.059768 0.461093 0.102759 0.881382
6.674254 -2.456528 175.010339 -128.196858 0.931281 -0.182494 -0.315297 0.135148 0.976790 -0.166183 0.338306 0.112151 0.934329
-0.475782 -13.352209 -32.553392 29.310612 0.809559 0.059537 -0.584012 -0.038492 0.998086 0.048392 0.585776 -0.016696 0.810301
-0.887472 -13.578902 -36.168074 49.964908 0.808684 0.065265 -0.584611 0.041516 0.985016 0.167394 0.586776 -0.159640 0.793857
-0.635954 -13.414106 -19.484222 17.826095 0.796639 0.074832 -0.599805 -0.067199 0.997120 0.035149 0.600708 0.012305 0.799373
55.985783 -17.227262 2630.880846 -6.114031 -0.428242 0.078869 0.900216 -0.285470 0.933364 -0.217575 -0.857389 -0.350159 -0.377191
0.394427 -40.953941 7.864409 -16.384225 -0.512034 -0.178412 -0.840232 -0.550076 0.819404 0.161225 0.659725 0.544745 -0.517703
-0.166572 -47.204432 -0.335895 -106.286919 -0.522308 -0.130751 -0.842673 -0.222599 0.974820 -0.013283 0.823191 0.180640 -0.538261
-0.119796 -40.116661 -48.660835 248.602587 -0.499799 -0.126704 -0.856824 -0.441575 0.888302 0.126219 0.745126 0.441437 -0.499921
0.587262 -35.636318 31.789007 -183.515587 0.505147 0.160238 0.848027 0.669083 -0.693361 -0.267541 0.545119 0.702549 -0.457462
1.135860 -39.639465 -28.639803 -683.992597 0.520452 0.218553 0.825448 0.807617 -0.439900 -0.392738 0.277281 0.871047 -0.405454
0.280592 -8.029114 2.530087 -15.492959 0.972699 0.176295 0.150919 -0.059709 0.818541 -0.571337 0.224257 -0.546727 -0.806720
0.390386 -6.104099 1.096310 139.356304 0.972646 0.188252 0.136089 -0.107081 0.883259 -0.456495 0.206138 -0.429436 -0.879257
4.244268 -7.670530 105.456053 79.713692 0.689576 0.030422 -0.723574 0.691157 0.270761 0.670067 0.216301 -0.962166 0.165684
3.354654 -7.931662 -42.846986 4.418150 0.649877 -0.012473 -0.759937 0.746089 0.201157 0.634734 0.144950 -0.979480 0.140033
3.502004 -8.039880 18.857754 -15.730702 0.665383 -0.026454 -0.746033 0.742742 0.123635 0.658064 0.074828 -0.991975 0.101913
4.141263 -7.416510 94.488301 -73.289627 0.727448 -0.018796 -0.685906 -0.675046 -0.198819 -0.710482 0.123017 -0.979856 0.157319
-2.729910 -6.803876 -72.812737 71.869455 0.893966 0.332404 0.300552 0.431993 -0.817594 -0.380685 -0.119189 -0.470156 0.874498
-2.732879 -6.903334 -6.226207 96.598263 0.947762 0.247531 0.201185 0.313887 -0.835970 -0.450142 -0.056761 -0.489777 0.869998
-3.321083 -8.142676 4.170928 148.170573 0.982469 0.112038 0.149002 0.162845 -0.904842 -0.393372 -0.090751 -0.410740 0.907225
-0.742623 -11.977670 9.901810 33.101495 -0.502538 -0.199561 0.841208 0.325905 0.857489 0.398119 -0.800776 0.474224 -0.365883
-1.069001 -12.357062 -5.379513 28.693061 -0.526074 -0.204415 0.825506 0.206331 0.911002 0.357075 -0.825030 0.358176 -0.437077
-1.087882 -12.660801 18.103192 35.005997 -0.492108 -0.184423 0.850775 0.190123 0.930941 0.311772 -0.849519 0.315177 -0.423060
-0.859932 -12.944830 24.122083 30.857004 -0.467986 -0.163217 0.868533 0.245157 0.920247 0.305032 -0.849051 0.355677 -0.390648
-1.459313 -13.568572 50.041605 33.495104 -0.463278 -0.170614 0.869634 0.067911 0.971573 0.226791 -0.883607 0.164125 -0.438522
-0.199594 -40.270926 -78.178965 -595.930935 -0.328255 -0.364380 -0.871479 -0.206456 0.927971 -0.310236 0.921751 0.078086 -0.379839
-0.655841 -34.737319 -60.306579 -322.482185 -0.328463 -0.410529 -0.850634 0.144785 0.868074 -0.474853 0.933354 -0.279131 -0.225692
-0.767562 -33.534757 -73.022750 -213.882485 -0.330708 -0.382113 -0.862915 0.006690 0.913391 -0.407028 0.943709 -0.140381 -0.299509
-1.189380 -31.104630 -61.202144 -69.273693 -0.326924 -0.429563 -0.841782 0.321179 0.787207 -0.526450 0.888799 -0.442472 -0.119391
-0.356884 -36.777479 -57.872791 -380.077411 -0.357362 -0.344293 -0.868190 -0.309497 0.920706 -0.237724 0.881195 0.183748 -0.435583
-1.002322 -32.393148 12.214352 -390.772336 -0.374397 -0.361360 -0.853959 -0.102820 0.931439 -0.349068 0.921550 -0.042886 -0.385884
-1.281390 -28.129046 -27.652839 -197.026786 -0.354349 -0.394925 -0.847627 0.183976 0.859284 -0.477267 0.916837 -0.325062 -0.231829
-6.909805 -29.539650 -293.706295 1659.539587 -0.202906 0.968011 0.147593 0.871643 0.109876 0.477667 -0.446170 -0.225570 0.866055
-4.519031 -45.031523 -156.953619 2198.824448 -0.129495 0.951741 0.278246 0.787034 -0.072038 0.612689 -0.603165 -0.298329 0.739724
-1.075282 -197.859404 -365.998410 9954.122070 -0.100077 0.924635 0.367472 0.460543 -0.284333 0.840865 -0.881977 -0.253388 0.397379
1.309573 -4.777479 -12.674168 -93.977153 0.909290 0.181889 0.374309 0.303570 -0.905136 -0.297612 -0.284668 -0.384245 0.878248
-5.503211 -12.967405 183.550494 31.051464 -0.444864 -0.779546 0.440913 0.892093 -0.429213 0.141228 0.079152 0.456163 0.886369
-6.785850 -13.183545 -67.399810 -10.252470 -0.320137 -0.719911 0.615824 0.944043 -0.296861 0.143726 0.079344 0.627377 0.774663
-5.117028 -13.733425 148.202712 -226.669746 -0.381578 -0.796632 0.468803 0.912318 -0.243064 0.329538 -0.148571 0.553442 0.819529
-2.570143 -27.065552 345.856092 -887.036191 0.929154 -0.283256 -0.237570 -0.355974 -0.858930 -0.368132 0.099781 -0.426620 0.898910
-4.598797 -59.378053 231.053204 1960.442255 -0.935773 -0.114747 0.333411 -0.165925 0.977634 -0.129231 -0.311125 -0.176252 -0.933882
-6.731223 -8.259619 102.884831 4.674551 -0.917587 -0.395167 0.043315 -0.395226 0.918553 0.007568 -0.042778 -0.010175 -0.999033
-5.760881 -7.760841 72.095398 27.035358 -0.938621 -0.324826 0.116096 -0.331143 0.942753 -0.039519 -0.096613 -0.075538 -0.992451
-5.325851 -7.838020 130.353718 -62.877124 -0.987030 -0.091015 0.132244 -0.086178 0.995400 0.041865 -0.135446 0.029926 -0.990333
-7.027729 -9.352581 -78.852196 100.794612 0.766511 0.640833 -0.042360 -0.641408 0.760523 -0.100996 0.032506 -0.104585 -0.993985
-6.917871 -8.469580 -104.796908 -39.501510 0.994287 0.099533 -0.038555 -0.094294 0.988323 0.119693 -0.050018 0.115374 -0.992062
-8.101894 -8.999028 86.534231 38.456650 -0.873629 -0.480508 -0.076712 -0.482329 0.875969 0.006077 0.064277 0.042310 -0.997035
-12.622987 -46.179455 -116.278425 2529.529816 0.834255 0.385363 -0.394352 -0.006437 0.721969 0.691896 -0.551341 0.574679 -0.604787
-6.907984 -28.747191 22.562282 1486.089319 0.893302 0.178332 -0.412564 0.101638 0.813989 0.571919 -0.437814 0.552829 -0.709013
-2.543923 -9.817412 12.871028 438.306358 0.884293 -0.015814 -0.466664 0.226702 0.888268 0.399482 -0.408206 0.459053 -0.789074
-1.072909 -1.688763 -21.954260 -17.389230 0.933798 0.003560 0.357783 0.128841 0.929525 -0.345519 0.333799 -0.368742 -0.867530
0.113164 -2.021418 -125.834627 -32.599601 -0.381831 0.773361 -0.506081 0.851768 0.506991 0.132105 0.358743 -0.380622 -0.852309
-0.081200 -2.489310 -93.305649 32.079026 -0.186086 0.869954 -0.456676 -0.899635 -0.337722 -0.276768 0.395005 -0.359339 -0.845486
-1.239226 -3.040256 -25.717333 18.397459 0.225780 0.935215 -0.272759 -0.900874 0.093885 -0.423806 0.370741 -0.341408 -0.863708
-3.623350 -7.600343 -33.371195 33.775567 -0.295712 0.949594 -0.104047 -0.672099 -0.129414 0.729064 -0.678850 -0.285523 -0.676491
-4.217735 -8.463013 -5.132219 42.728761 -0.337965 0.940015 0.046374 -0.646736 -0.267755 0.714171 -0.683748 -0.211373 -0.698434
-2.933814 -6.917265 -92.543362 17.670015 -0.214003 0.933205 -0.288671 -0.710093 0.054316 0.702010 -0.670799 -0.355215 -0.651038
-4.113267 -8.649146 5.495796 26.245089 -0.449842 0.888927 0.086319 -0.693540 -0.408583 0.593349 -0.562712 -0.207048 -0.800304
-4.050857 -7.571290 -1.708668 19.801513 -0.412145 0.909531 -0.053763 -0.713215 -0.285342 0.640238 -0.566976 -0.302216 -0.766293
0.201580 -11.563176 31.991213 45.096646 -0.008580 0.999632 -0.025744 0.296060 0.027130 0.954784 -0.955131 -0.000571 0.296184
1.198871 -12.910329 -11.205812 -154.167444 -0.280199 0.956687 -0.078986 -0.827987 -0.282497 -0.484390 0.485722 0.070326 -0.871279
1.082544 -13.754117 -53.792590 -194.352024 -0.252454 0.963406 -0.090090 -0.895496 -0.267894 -0.355414 0.366542 0.009050 -0.930357
0.855607 -15.203043 -34.668660 -148.044405 -0.264406 0.961302 -0.077381 -0.950066 -0.273421 -0.150386 0.165724 -0.033754 -0.985594
0.364847 -37.283576 29.037685 409.916020 -0.246937 0.948290 0.199422 -0.390803 0.090861 -0.915979 0.886733 0.304124 -0.348158
5.068238 -6.949458 -287.918769 8.321996 -0.026560 0.999540 0.014628 -0.769050 -0.011082 -0.639092 0.638636 0.028224 -0.768991
2.831231 -6.551741 -198.686138 -43.766878 0.018808 0.999291 0.032609 -0.680870 0.036685 -0.731485 0.732163 0.008445 -0.681077
11.515945 -7.140012 -559.907652 -45.634578 -0.011779 0.999919 -0.004877 -0.659692 -0.011437 -0.751449 0.751443 0.005634 -0.659774
0.655213 -6.533527 -105.740015 -34.801242 0.015751 0.997990 0.061375 -0.625975 0.057708 -0.777705 0.779684 0.026170 -0.625626
6.943963 -7.046587 -470.719905 -24.480139 0.041148 0.998688 0.030465 -0.600554 0.049090 -0.798076 0.798524 -0.014543 -0.601787
4.103347 -7.050907 -82.638827 37.326988 -0.011613 0.932906 -0.359932 0.471705 0.322499 0.820664 -0.881680 0.160251 0.443802
3.412213 -6.994677 -75.179669 -57.908708 -0.003854 0.939140 -0.343514 0.349476 0.323121 0.879465 -0.936937 0.116661 0.329452
5.488886 -6.779757 -120.999577 7.469723 0.015114 0.903224 -0.428903 0.436996 0.379849 0.815321 -0.899336 0.199751 0.388965
6.215342 -6.097578 -137.598221 107.701700 -0.002365 0.898259 -0.439459 0.558541 0.365709 0.744506 -0.829474 0.243695 0.502579
0.306013 -10.035525 -18.214748 -57.186848 -0.102619 0.988290 0.112924 -0.701121 -0.152392 0.696567 -0.705619 0.007693 -0.708550
-1.259700 -19.556373 -35.071824 13.479336 -0.195258 0.980404 0.026129 0.640396 0.107274 0.760516 -0.742810 -0.165230 0.648793
-0.885400 -18.471084 -22.347610 -141.026548 -0.159199 0.985588 0.057210 0.426587 0.016413 0.904298 -0.890326 -0.168368 0.423052
-0.575225 -17.719722 -23.071426 23.452493 -0.191455 0.981006 0.031192 0.640117 0.100709 0.761649 -0.744040 -0.165788 0.647239
-0.776429 -30.543154 -64.925119 755.269161 -0.179302 0.983773 -0.006456 -0.484608 -0.094031 -0.869663 0.856158 0.152804 -0.493604
-1.910961 -27.414792 5.864991 965.639742 -0.229790 0.970422 0.074013 -0.712734 -0.116010 -0.691774 0.662726 0.211715 -0.718311
-2.134990 -29.191357 13.396801 843.579718 -0.251531 0.963213 0.094617 -0.626983 -0.087691 -0.774082 0.737309 0.254029 -0.625976
8.550344 -1.737906 -167.686820 -12.950449 0.893828 -0.395966 0.210431 -0.357739 -0.346751 0.867056 0.270358 0.850279 0.451589
1.064901 -46.852973 -14.458604 1018.424339 -0.370610 0.883653 0.286018 -0.057092 0.285691 -0.956620 0.927032 0.370862 0.055430
1.061443 -47.011807 10.588492 596.299265 -0.384065 0.884100 0.266197 -0.099316 0.247078 -0.963892 0.917949 0.396636 0.007088
41.554848 -402.345813 -1504.077456 5261.674132 -0.098137 0.919733 0.380080 0.993612 0.069171 0.089167 0.055720 0.386403 -0.920646
0.464797 -10.190444 -10.582050 -27.605115 -0.077943 0.991372 0.105388 -0.589653 -0.131079 0.796949 -0.803887 0.000026 -0.594782
0.696959 -9.726331 -9.509582 -4.851779 -0.065390 0.990827 0.118263 -0.571291 -0.134344 0.809678 -0.818138 0.014618 -0.574836
0.519039 -10.358061 -15.514318 -14.855309 -0.068199 0.993941 0.086200 -0.455097 -0.107882 0.883882 -0.887826 -0.021051 -0.459697
0.457331 -22.708680 22.920246 180.427188 -0.120933 0.948593 0.292485 0.986557 0.147477 -0.070392 -0.109908 0.280040 -0.953676
0.526358 -25.629610 -6.781160 487.965213 -0.109842 0.953386 0.281053 0.963651 0.171431 -0.204910 -0.243540 0.248329 -0.937561
5.013606 -94.687273 115.772393 4488.229079 0.907099 0.368720 0.203018 0.117803 0.240658 -0.963435 0.404096 -0.897847 -0.174864
4.923719 -58.781680 48.367131 1991.015402 0.886767 0.413475 0.206597 0.189485 0.082490 -0.978412 0.421591 -0.906771 0.005198
3.823803 -53.305554 27.571155 -421.285766 0.912269 0.357973 0.199048 0.359987 -0.468928 -0.806546 0.195383 -0.807442 0.556654
-0.650666 -9.731136 23.975171 -82.708246 -0.186059 0.976141 -0.111941 0.792334 0.081691 -0.604593 0.581024 0.201185 0.788629
-3.394840 -13.089647 -259.930858 405.670134 0.755460 0.639272 -0.143569 0.654648 -0.745434 0.125554 0.026758 0.188838 0.981644
-3.242967 -10.381053 -168.050643 273.769223 0.842223 0.519153 -0.145400 0.529216 -0.847583 0.039154 0.102912 0.109924 0.988598
-5.251475 -8.183142 -55.732394 -92.815122 0.947802 0.257216 -0.188446 -0.277445 0.956533 -0.089828 0.157150 0.137423 0.977967
-7.832658 -11.102242 -27.995618 46.550715 0.561261 0.824559 0.071331 -0.086671 0.144269 -0.985736 0.823088 -0.547072 -0.152438
-7.819574 -11.193611 -23.623891 7.133562 0.546081 0.835667 0.058791 0.037399 0.045790 -0.998251 0.836897 -0.547325 0.006248
-7.367863 -11.230499 -42.328933 17.440549 0.646899 0.762478 0.012246 -0.018240 0.031525 -0.999337 0.762358 -0.646246 -0.034301
-8.812792 -11.276279 -51.061165 39.887473 0.469611 0.879241 0.080007 -0.060833 0.122630 -0.990586 0.880775 -0.460324 -0.111075
-7.553400 -10.947531 -52.359835 63.371183 0.638831 0.768470 0.036723 -0.147975 0.169573 -0.974345 0.754982 -0.617008 -0.222043
-8.643555 -10.801526 -58.194702 34.120190 0.544736 0.834466 0.083239 -0.213300 0.233863 -0.948584 0.811028 -0.498973 -0.305385
12.393832 -8.656537 208.223285 -135.650287 0.700372 0.699767 -0.140730 -0.697991 0.712676 0.070016 0.149290 0.049191 0.987569
12.718935 -6.562965 600.647486 51.235080 0.576947 0.706975 -0.409046 0.737476 -0.666161 -0.111173 0.351087 0.237520 0.905716
13.480692 -5.517504 612.511659 -10.828193 0.487753 0.770719 -0.409987 0.769379 -0.601424 -0.215280 0.412496 0.210432 0.886321
-2.894571 -5.208724 31.896151 15.514211 -0.824402 -0.381686 -0.417944 -0.229431 0.900376 -0.369709 0.517419 -0.208899 -0.829842
-3.546177 -5.495570 64.055633 38.646510 -0.817835 -0.068597 -0.571349 0.118469 0.951531 -0.283820 0.563126 -0.299805 -0.770069
-2.949203 -5.778912 37.895369 20.625079 -0.844785 -0.274324 -0.459440 -0.083549 0.915685 -0.393117 0.528544 -0.293713 -0.796476
-3.625245 -7.984361 385.454793 -5.234390 0.870553 -0.272350 -0.409833 0.074419 0.896157 -0.437453 0.486415 0.350327 0.800420
-5.698881 -7.722331 68.506688 -269.905788 0.655200 0.535379 -0.532993 -0.603762 0.795158 0.056523 0.454075 0.284767 0.844229
-0.556173 -13.318650 24.466419 18.362564 0.791415 0.036182 -0.610207 0.118318 0.970301 0.210988 0.599719 -0.239178 0.763630
-0.773888 -13.898356 -24.300823 -9.487286 0.803159 0.042901 -0.594219 0.165571 0.942039 0.291802 0.572296 -0.332749 0.749503
28.549158 -18.871305 1690.347422 137.475819 -0.543730 0.155209 0.824783 -0.374286 0.834763 -0.403832 -0.751177 -0.528280 -0.395793
-0.052340 -27.492988 21.833701 -139.064827 -0.561417 -0.032452 -0.826896 0.433608 0.839541 -0.327344 0.704837 -0.542326 -0.457262
-0.118518 -26.737486 78.777821 30.617072 -0.557669 0.029239 -0.829549 0.590002 0.716929 -0.371363 0.583869 -0.696533 -0.417060
-0.166792 -30.775661 50.711127 -26.380085 -0.565454 -0.009193 -0.824729 0.424983 0.853728 -0.300896 0.706860 -0.520639 -0.478837
-0.066954 -26.317633 11.067403 -150.178573 -0.539037 0.005121 -0.842266 0.671023 0.607010 -0.425754 0.509084 -0.794677 -0.330637
-0.091510 -28.793754 33.680963 34.456047 -0.572226 -0.078087 -0.816370 0.140684 0.971353 -0.191522 0.807939 -0.224444 -0.544848
0.115106 -25.010811 -5.851779 60.657357 -0.557319 -0.070663 -0.827286 0.230159 0.944178 -0.235699 0.797761 -0.321767 -0.509945
-0.094125 -25.824133 -36.188500 66.920241 -0.530235 -0.046920 -0.846551 0.473587 0.811794 -0.341623 0.703254 -0.582056 -0.408221
-0.240742 -25.279305 -36.622609 45.774968 -0.518627 -0.022532 -0.854704 0.612405 0.687798 -0.389735 0.596645 -0.725552 -0.342912
-0.115266 -5.930078 11.435439 -94.169750 0.971557 0.145683 0.186692 0.040796 0.673616 -0.737954 0.233266 -0.724581 -0.648513
2.977313 -8.278870 -48.866636 -2.415631 0.621258 -0.023024 -0.783268 0.783308 0.045821 0.619942 0.021617 -0.998684 0.046501
2.732104 -7.886775 -24.392055 12.446142 0.605835 0.040490 -0.794559 0.795036 -0.068081 0.602729 -0.029690 -0.996858 -0.073437
2.762630 -7.775446 -9.611064 -29.023078 0.605943 -0.001358 -0.795507 0.790793 -0.107683 0.602537 -0.086481 -0.994184 -0.064176
3.312560 -7.813182 28.230088 -37.414759 0.669859 -0.029898 -0.741886 0.742448 0.016590 0.669698 -0.007715 -0.999415 0.033311
-1.595097 -5.038607 56.996939 -67.325121 0.991211 0.093882 -0.093201 -0.014838 -0.621184 -0.783524 0.131454 -0.778021 0.614332
-1.599895 -3.664525 70.549049 -46.622772 0.981926 0.187500 -0.025784 0.107601 -0.665118 -0.738946 0.155701 -0.722816 0.673272
-2.414892 -4.289283 29.638477 -25.197983 0.965472 0.240819 0.099344 0.234961 -0.640301 -0.731306 0.112502 -0.729397 0.674776
-1.918995 -3.838775 69.533934 37.725240 0.831642 0.470051 0.295673 0.539793 -0.559288 -0.629143 0.130363 -0.682824 0.718858
-2.322394 -5.091701 3.282277 -34.078645 0.990724 0.130014 0.039523 0.112504 -0.621649 -0.775175 0.076214 -0.772431 0.630510
-2.315427 -4.369290 28.622949 24.253046 0.845400 0.432184 0.313871 0.527772 -0.585472 -0.615369 0.082190 -0.685886 0.723053
-2.604673 -4.779753 -15.362519 1.464882 0.939180 0.269341 0.213064 0.339810 -0.639037 -0.690045 0.049701 -0.720477 0.691695
0.075896 -50.200484 -12.410258 -1173.272438 -0.343607 -0.401469 -0.848974 -0.093915 0.914174 -0.394291 0.934406 -0.055749 -0.351821
-0.212016 -39.011944 -10.975924 -414.198427 -0.360617 -0.438380 -0.823273 0.256156 0.802176 -0.539349 0.896850 -0.405385 -0.176985
-0.828498 -32.503360 -36.718744 -52.093563 -0.354696 -0.452158 -0.818379 0.447405 0.686491 -0.573200 0.820987 -0.569458 -0.041198
