15271
30524
-7.001271 -10.341845 -66.353669 159.918004 -0.472322 0.824508 0.311606 0.699477 0.135508 0.701691 0.536324 0.549385 -0.640728
-9.115139 -12.518527 -203.953703 180.796554 -0.197977 0.828379 0.524017 0.884093 -0.079960 0.460420 0.423303 0.554432 -0.716533
-8.879675 -12.358308 26.181859 433.069498 0.217509 0.618422 0.755145 0.829709 -0.524627 0.190654 0.514074 0.585082 -0.627222
-7.070383 -11.316020 5.721817 145.281382 -0.411275 0.850356 0.328249 0.779473 0.141422 0.610264 0.472520 0.506847 -0.720993
-6.920822 -8.805103 -88.541040 -234.968629 -0.386316 0.816267 0.429498 -0.702074 0.041773 -0.710878 0.598208 0.576163 -0.556942
-5.159962 -8.649641 19.087961 -118.689408 -0.607472 0.788851 0.093234 -0.507494 -0.295128 -0.809536 0.611087 0.539086 -0.579619
-6.208685 -9.956505 20.795894 -80.182145 -0.571267 0.814141 0.104059 -0.597898 -0.325932 -0.732316 0.562292 0.480564 -0.672968
12.354018 -20.241479 127.518960 207.216183 -0.429478 -0.002068 -0.903075 0.480021 0.846509 -0.230224 0.764937 -0.532371 -0.362564
11.820880 -20.439198 212.637300 -142.514366 -0.453085 0.038359 -0.890642 0.682590 0.657538 -0.318926 0.573397 -0.752444 -0.324105
13.126780 -19.914184 -21.368905 -6.381040 -0.325141 -0.111238 -0.939101 0.628274 0.716804 -0.302431 0.706792 -0.688345 -0.163174
-1.916092 -6.329030 0.433007 140.358242 0.000124 0.934164 0.356844 0.289378 0.341543 -0.894208 0.957215 -0.103373 0.270284
-2.130745 -5.282697 19.973270 81.978823 -0.034805 0.900811 0.432814 0.236383 0.428208 -0.872216 0.971036 -0.071952 0.227841
-1.573828 -6.455936 34.644323 91.837457 -0.061238 0.889720 0.452381 0.292540 0.449327 -0.844113 0.954291 -0.080647 0.287794
-1.572252 -7.485631 18.954687 115.327774 -0.050183 0.893935 0.445379 0.360897 0.432039 -0.826496 0.931255 -0.119259 0.344299
-1.094398 -7.182442 74.169818 103.511814 -0.087325 0.879006 0.468746 0.353181 0.467297 -0.810492 0.931471 -0.094776 0.351255
-0.722297 -6.662230 78.182818 63.724342 -0.107507 0.858963 0.500624 0.306414 0.507658 -0.805229 0.945808 -0.066831 0.317776
7.681792 -41.958509 -599.292939 -2386.702698 -0.195197 0.477748 0.856537 0.576353 0.762502 -0.293953 -0.793546 0.436289 -0.424189
1758.298014 44.871974 -109096.140281 4284.909341 0.288529 0.772449 0.565750 -0.572575 -0.334385 0.748562 -0.767404 0.539916 -0.345805
17.534531 -39.902260 -1209.274080 -2248.416192 -0.171676 0.409684 0.895928 0.442667 0.844529 -0.301357 -0.880098 0.344862 -0.326339
78.750932 -42.943705 -5426.701994 -1055.815507 0.175535 0.656100 0.733975 0.847498 0.278654 -0.451773 -0.500934 0.701345 -0.507130
43.271400 -42.747432 -3296.905487 -1384.865662 0.070665 0.636334 0.768170 0.830740 0.388736 -0.398440 -0.552157 0.666306 -0.501158
0.250976 -37.090403 -271.639809 -1930.608213 -0.228412 0.459597 0.858253 0.527971 0.799143 -0.287432 -0.817970 0.387480 -0.425188
0.119883 -7.158661 -21.454090 46.169750 -0.123708 0.771857 0.623645 0.081842 0.634267 -0.768770 0.988938 0.044063 0.141635
0.286348 -6.712293 -16.761206 36.449258 -0.124389 0.756044 0.642592 0.068261 0.652608 -0.754614 0.989883 0.050002 0.132786
0.325616 -6.623056 -17.245752 18.778638 -0.129333 0.744715 0.654731 0.009129 0.661143 -0.750204 0.991559 0.091049 0.092307
0.110653 -7.089447 -0.525984 31.832085 -0.126044 0.765515 0.630951 0.036915 0.639203 -0.768152 0.991338 0.073530 0.108827
0.291149 -6.350026 -12.801076 38.763322 -0.128121 0.728972 0.672447 -0.077927 0.668539 -0.739583 0.988692 0.147158 0.028847
2.523394 -19.232831 -22.729379 182.854895 -0.065278 -0.391552 -0.917838 0.956546 0.237394 -0.169303 0.284180 -0.889006 0.359041
2.815333 -19.466493 -14.059198 296.126168 -0.082946 -0.426524 -0.900665 0.986665 0.091857 -0.134367 0.140043 -0.899800 0.413217
2.488896 -17.982862 4.276806 239.771505 -0.060508 -0.412607 -0.908897 0.929846 0.307787 -0.201627 0.362940 -0.857334 0.365038
2.368100 -19.212197 -6.960106 -111.801436 -0.030923 -0.372358 -0.927574 0.887277 0.417052 -0.196998 0.460200 -0.829106 0.317488
0.805308 -20.942649 118.972131 -262.176679 -0.162252 -0.359529 -0.918920 -0.349667 0.891777 -0.287170 0.922717 0.274722 -0.270408
0.025414 -20.641898 43.657202 -210.681584 -0.127512 -0.399369 -0.907880 -0.425597 0.848829 -0.313618 0.895884 0.346401 -0.278206
-0.471967 -17.791458 38.003417 -278.616164 -0.127640 -0.382034 -0.915291 -0.207497 0.912704 -0.352018 0.969873 0.144988 -0.195768
-0.849576 -20.724633 15.745782 -284.418810 -0.097457 -0.424650 -0.900097 -0.377165 0.852701 -0.361452 0.921004 0.304259 -0.243265
-1.465461 -17.527564 14.524938 -310.293721 -0.111443 -0.409395 -0.905526 -0.105591 0.910921 -0.398839 0.988145 0.051168 -0.144744
-1.153804 -15.465420 33.764718 -267.388858 -0.132111 -0.371855 -0.918842 0.005960 0.926652 -0.375872 0.991217 -0.055134 -0.120205
253.016388 -17.248432 -15500.432005 712.452916 0.424088 0.394453 0.815204 0.212262 0.831791 -0.512902 -0.880394 0.390553 0.269025
112.863998 -9.380439 -7495.031888 3.133395 0.131799 0.411678 0.901749 0.209769 0.877500 -0.431267 -0.968827 0.245999 0.029296
131.120353 -6.266869 -8157.045521 198.688590 0.285267 0.416839 0.863057 0.266515 0.830461 -0.489187 -0.920648 0.369567 0.125809
874.607945 -11.637461 83668.949211 -104.757532 0.976936 -0.193062 0.091229 -0.213200 -0.858085 0.467157 0.011908 0.475832 0.879455
178.935493 -3.329949 -10883.533077 337.236756 0.234854 0.476224 0.847381 0.303805 0.792128 -0.529372 -0.923334 0.381764 0.041355
1683.946139 -20.737226 281203.593872 -269.772590 0.963112 -0.254969 0.086063 -0.263672 -0.830192 0.491180 0.053787 0.495754 0.866796
0.827880 -5.442730 30.957574 -16.383981 0.122052 -0.399692 -0.908487 -0.139398 0.899355 -0.414402 0.982686 0.177220 0.054051
0.803689 -5.750606 -49.003993 -24.985764 0.140919 -0.417355 -0.897751 -0.225351 0.869474 -0.439582 0.964033 0.264255 0.028474
0.902553 -5.498900 23.056149 -20.109310 0.121352 -0.433171 -0.893105 -0.189068 0.873195 -0.449204 0.974437 0.223369 0.024065
0.216727 -5.297169 38.597255 -6.679430 0.116653 -0.414730 -0.902436 -0.122768 0.895650 -0.427480 0.985556 0.160657 0.053565
-1.508979 -32.734170 -10.263309 366.868523 0.384562 0.822279 0.419487 0.646618 -0.564272 0.513305 -0.658785 -0.073850 0.748698
-1.387297 -29.062734 -34.340420 389.715874 0.359504 0.828883 0.428614 0.809916 -0.505294 0.297848 -0.463458 -0.240064 0.852981
-1.604551 -30.397888 -10.452334 484.010743 0.375025 0.836384 0.399772 0.816697 -0.502127 0.284385 -0.438591 -0.219841 0.871383
-1.295188 -31.858476 -18.769278 400.822497 0.372556 0.817228 0.439704 0.656798 -0.566933 0.497196 -0.655605 -0.103563 0.747969
-1.659873 -35.343824 8.089365 388.859796 0.401814 0.829361 0.388209 0.680306 -0.554139 0.479702 -0.612968 -0.071350 0.786880
0.606665 -28.861896 70.141167 -175.048283 0.287106 0.798920 0.528486 0.949469 -0.310382 -0.046601 0.126802 0.515161 -0.847662
0.739314 -31.648705 46.933894 -193.757609 0.246353 0.819559 0.517334 0.893690 -0.398632 0.205939 0.375005 0.411603 -0.830635
-0.035391 -31.804942 53.671031 -231.549700 0.238759 0.818238 0.522954 0.913996 -0.371271 0.163616 0.328034 0.438912 -0.836510
-1.318319 -10.255719 129.388692 60.059302 -0.215038 -0.621640 -0.753208 -0.242819 0.781064 -0.575307 0.945938 0.059180 -0.318904
-0.988004 -10.412910 119.226081 17.514224 -0.209283 -0.662113 -0.719588 -0.145960 0.748792 -0.646534 0.966900 -0.030277 -0.253352
0.558636 -9.016004 131.376438 55.134032 -0.224600 -0.578469 -0.784174 -0.263873 0.810772 -0.522513 0.938044 0.089566 -0.334742
-0.717013 -9.256020 98.302893 124.438799 -0.223371 -0.563782 -0.795145 -0.367950 0.804172 -0.466819 0.902617 0.188300 -0.387072
-0.922514 -102.008996 -488.430630 6436.954415 -0.165614 0.974243 -0.153045 -0.080655 0.141288 0.986678 -0.982887 -0.175752 -0.055178
-3.359102 -88.642353 -324.267924 5953.862728 -0.056209 0.938441 -0.340837 0.324344 0.340024 0.882714 -0.944268 0.060932 0.323490
-6.428445 -72.452584 -288.113817 3888.404806 -0.021867 0.971121 -0.237582 -0.012316 0.237359 0.971344 -0.999685 -0.024167 -0.006770
-38.151750 -1349.466358 -319.746913 -193530.519592 -0.057878 0.939232 -0.338370 0.454823 -0.276912 -0.846437 0.888699 0.202888 0.411156
-46.115167 -402.977824 -12214.397795 18801.785795 -0.072458 0.968528 -0.238126 0.884203 -0.048084 -0.464620 0.461448 0.244217 0.852892
-26.209711 -306.101328 -2133.726192 -21941.901414 -0.059477 0.963906 -0.259516 -0.067193 -0.263252 -0.962384 0.995966 0.039802 -0.080425
-73.890275 -506.228496 -3920.482291 43447.930773 -0.015817 0.992517 -0.121075 -0.839157 -0.079017 -0.538119 0.543659 -0.093089 -0.834128
1.043344 -2.458956 -157.215634 -5.230399 0.130869 0.911128 0.390793 0.964595 -0.208062 0.162070 0.228975 0.355747 -0.906098
4.380496 -3.279738 -320.778666 -114.865097 0.210889 0.891148 0.401723 0.952318 -0.280001 0.121200 0.220490 0.357008 -0.907706
6.199135 -3.190633 -430.427613 41.885907 0.030240 0.929847 0.366700 0.972902 -0.111518 0.202548 0.229233 0.350638 -0.908023
1.643926 -2.634030 -228.202451 64.169068 -0.069760 0.934133 0.350042 0.973105 -0.013503 0.229965 0.219544 0.356670 -0.908068
-0.970492 -14.442482 -18.593195 3.341196 0.143906 -0.469061 -0.871363 -0.427210 0.764803 -0.482253 0.892627 0.441654 -0.090328
-0.769154 -14.608612 -3.926834 -30.610537 0.139762 -0.462551 -0.875507 -0.536740 0.707626 -0.459538 0.832092 0.534146 -0.149371
-0.871053 -14.704694 25.545647 4.684051 0.142902 -0.484607 -0.862980 -0.408946 0.765109 -0.497365 0.901300 0.423987 -0.088842
2.400590 -9.314038 -48.276966 117.078516 0.614374 0.137725 0.776902 0.690441 -0.570415 -0.444881 0.381885 0.809728 -0.445539
2.074044 -8.008071 -61.353595 -130.862447 0.655940 0.098586 0.748347 -0.601996 0.666422 0.439867 0.455350 0.739028 -0.496481
3.122752 -9.317118 -91.593857 -146.703946 0.650800 0.069795 0.756035 -0.627614 0.609825 0.483957 0.427271 0.789457 -0.440678
0.208661 -32.008199 -25.893874 428.096390 0.067762 -0.667453 -0.741562 0.890488 0.375652 -0.256740 0.449932 -0.642955 0.619815
0.346431 -40.504068 -4.139096 701.141928 0.011983 -0.660052 -0.751125 0.990996 0.108019 -0.079112 0.133354 -0.743414 0.655403
0.090480 -32.479072 -45.189838 266.607381 0.047584 -0.668981 -0.741755 0.985281 0.153499 -0.075232 0.164188 -0.727257 0.666438
0.239960 -36.743356 -35.472527 330.259791 0.013088 -0.657967 -0.752933 0.988727 -0.103808 0.107902 -0.149156 -0.745857 0.649192
12.372089 -83.164545 59.234607 -4418.303599 0.281451 0.862755 0.420047 -0.347488 0.499669 -0.793463 0.894448 -0.077360 -0.440429
11.623925 -82.598639 187.073420 -3911.587718 0.266248 0.866634 0.421968 -0.691515 0.476706 -0.542732 0.671505 0.147296 -0.726213
10.341232 -49.322809 -260.553447 -2603.786967 0.411932 0.884524 0.218928 -0.476548 0.413906 -0.775619 0.776669 -0.215172 -0.592019
7.912122 -37.578124 -419.362229 -1768.133931 0.414014 0.900181 0.135155 -0.612643 0.385373 -0.690041 0.673247 -0.202884 -0.711039
7.157958 -25.797756 -286.973258 -808.015416 0.472228 0.859247 0.196710 -0.423553 0.416895 -0.804240 0.773048 -0.296467 -0.560806
7.029013 -23.349438 -361.854030 -765.375828 0.492607 0.842240 0.219021 -0.279196 0.391324 -0.876878 0.824250 -0.370806 -0.427919
8.693857 -26.059941 -242.097471 -1049.617283 0.417089 0.853720 0.311768 -0.231539 0.431520 -0.871883 0.878878 -0.291467 -0.377651
-3.426610 -49.671605 229.804196 77.375858 0.628250 0.610590 -0.482163 -0.501553 0.791624 0.348963 0.594766 0.022595 0.803582
-0.130340 -55.725965 176.962819 1268.680357 0.607063 0.636573 -0.475657 -0.599326 0.759816 0.251967 0.521807 0.132114 0.842771
-3.202453 -82.668246 -229.293491 -4125.064426 -0.627089 -0.615189 0.477810 0.735415 -0.669769 0.102836 0.256759 0.415876 0.872423
-7.930292 -68.591347 399.304865 3222.534779 0.667871 0.585651 -0.459306 -0.643505 0.764447 0.039016 0.373965 0.269507 0.887421
-8.081551 -51.938735 399.582680 -1553.813784 0.641533 0.614394 -0.459299 -0.358375 0.769443 0.528701 0.678235 -0.174578 0.713807
-0.180087 -35.650194 -63.794865 -138.349108 -0.165577 0.705423 0.689176 0.888767 -0.196127 0.414280 0.427409 0.681112 -0.594482
-0.996546 -34.265119 -77.229467 -502.782025 -0.187954 0.707171 0.681602 0.969534 0.022590 0.243915 0.157092 0.706681 -0.689872
-1.260701 -34.568258 -73.335428 75.227379 -0.172691 0.701725 0.691202 0.858080 -0.237366 0.455364 0.483608 0.671743 -0.561145
-0.706677 -33.336600 -63.222616 -580.767557 -0.166642 0.698188 0.696250 -0.682632 0.427847 -0.592419 0.711508 0.574005 -0.405308
0.021710 -34.436442 -32.944496 -654.299409 -0.165896 0.695252 0.699359 -0.671846 0.439453 -0.596242 0.721874 0.568775 -0.394199
0.340423 -37.490465 -62.580891 -452.781640 -0.148479 0.701153 0.697380 -0.770516 0.360017 -0.526016 0.619886 0.615445 -0.486794
0.887720 -39.384612 -72.764827 -907.196135 -0.142087 0.705559 0.694260 0.969812 -0.041197 0.240348 0.198181 0.707452 -0.678406
-3.167387 -15.336617 31.813792 298.540395 0.118977 0.917124 0.380431 0.245412 -0.398428 0.883758 -0.962090 0.011784 0.272477
-1.953997 -12.077631 46.382106 105.653055 0.160297 0.812099 0.561070 0.287541 -0.582186 0.760513 -0.944259 -0.039423 0.326834
-2.579497 -12.520684 64.068907 54.964081 0.165694 0.852054 0.496538 0.140115 -0.518730 0.843378 -0.976173 0.070171 0.205336
-4.613367 -12.589441 125.699013 -4.721806 0.179565 0.942068 0.283308 -0.021896 -0.284090 0.958548 -0.983502 0.178325 0.030385
-4.201574 -14.865878 53.025047 175.869912 0.140954 0.951407 0.273783 0.109937 -0.289876 0.950729 -0.983893 0.103910 0.145454
-2.494579 -8.200797 -152.344624 -155.888099 0.197506 0.654501 0.729808 0.971036 -0.232733 -0.054071 0.134461 0.719349 -0.681511
-4.064177 -6.415012 -129.402996 -147.987300 0.523997 0.532812 0.664484 0.851288 -0.352471 -0.388680 0.027118 0.769335 -0.638270
-5.267532 -8.842892 -193.423884 -169.150962 0.334882 0.582500 0.740640 0.935610 -0.298784 -0.188050 0.111753 0.755924 -0.645050
1.614609 -8.511022 -197.099256 93.763268 -0.150780 0.713377 0.684367 0.442448 0.667772 -0.598598 0.884028 -0.212541 0.416319
-0.528140 -9.398309 -43.004074 86.377071 -0.161829 0.721201 0.673558 0.485331 0.652468 -0.582013 0.859223 -0.232712 0.455609
1.553217 -9.806104 -211.945058 73.278964 -0.135103 0.738688 0.660369 0.564044 0.605288 -0.561677 0.814618 -0.296593 0.498428
-0.296433 -8.577306 94.527376 39.416816 0.183963 -0.675422 -0.714116 0.352581 0.723511 -0.593480 0.917521 -0.142606 0.371241
18.122510 -9.198951 1869.374617 58.904506 0.177886 -0.665127 -0.725233 0.496606 0.696933 -0.517365 0.849552 -0.268123 0.454281
53.812944 -7.814521 4025.710603 78.825137 0.197493 -0.597020 -0.777537 0.394454 0.774512 -0.494507 0.897442 -0.209041 0.388458
29.472641 -7.799409 2290.395426 -31.912581 0.192979 -0.605967 -0.771728 0.327855 0.781129 -0.531365 0.924808 -0.150472 0.349411
2.129991 -12.543385 -25.877717 -37.501786 0.158508 -0.649625 -0.743547 0.986795 0.078819 0.141500 -0.033316 -0.756158 0.653541
2.392262 -12.099591 -59.265267 33.428075 0.228206 -0.613744 -0.755805 0.973595 0.148605 0.173292 0.005959 -0.775394 0.631450
2.967772 -14.086321 -5.853039 275.006928 0.196569 -0.603063 -0.773095 0.975456 0.040482 0.216443 -0.099232 -0.796666 0.596218
2.780793 -14.261299 -23.846722 241.211400 0.137523 -0.653296 -0.744508 0.977043 -0.034002 0.210312 -0.162711 -0.756338 0.633622
2.165023 -11.762805 -35.900360 77.545144 0.120470 -0.674701 -0.728194 0.989253 0.020364 0.144791 -0.082862 -0.737810 0.669903
0.673570 -37.108692 6.115975 -353.158695 0.089805 0.501332 0.860582 0.873367 0.375680 -0.309991 -0.478712 0.779443 -0.404109
0.188132 -33.625607 -31.716741 -443.864425 0.090215 0.510153 0.855339 0.728343 0.551958 -0.406027 -0.679247 0.659611 -0.321771
0.272817 -33.865880 9.717142 -520.111312 0.111430 0.509068 0.853483 0.684135 0.583624 -0.437428 -0.720793 0.632640 -0.283238
0.546204 -5.668554 17.678695 -38.835152 -0.172474 0.328080 0.928771 0.645715 0.749701 -0.144915 -0.743845 0.574728 -0.341150
1.156339 -5.721316 15.991424 -9.823153 -0.124640 0.372994 0.919424 0.706290 0.684177 -0.181812 -0.696864 0.626719 -0.348718
0.599587 -6.215857 74.481405 -33.688350 -0.133742 0.332993 0.933396 0.711033 0.688322 -0.143681 -0.690323 0.644459 -0.328826
-0.744067 -6.162573 85.221480 -67.899555 -0.075207 0.391738 0.916998 0.678376 0.694105 -0.240882 -0.730855 0.603954 -0.317947
1.042048 -5.055351 -79.831810 -54.002094 -0.205416 0.307416 0.929139 0.575439 0.805875 -0.139414 -0.791628 0.506025 -0.342439
0.365807 -5.105390 -46.038646 -36.961258 -0.181690 0.336110 0.924131 0.603462 0.780116 -0.165087 -0.776417 0.527683 -0.344569
0.589539 -5.333051 20.705944 -68.533927 -0.115946 0.376652 0.919070 0.613601 0.754790 -0.231917 -0.781057 0.537053 -0.318629
3.367831 -5.217596 -162.179160 -129.557418 0.849225 0.512003 0.129114 -0.522573 0.779866 0.344567 -0.075727 0.360086 -0.929840
4.204483 -8.299593 -59.115109 -242.468886 0.802494 0.562785 0.198182 -0.589960 0.698800 0.404506 -0.089160 0.441533 -0.892804
2.290084 -5.822553 -174.221846 -163.606697 0.770810 0.620667 0.143614 -0.623725 0.689350 0.368462 -0.129692 0.373589 -0.918483
1.360614 -3.585072 -203.112072 -71.259845 0.842839 0.530813 0.088655 -0.526826 0.780167 0.337333 -0.109895 0.331023 -0.937202
0.193579 -4.321012 -132.981837 -105.667363 0.715746 0.679775 0.160046 -0.686800 0.643635 0.337699 -0.126548 0.351626 -0.927548
-0.388893 -15.182175 -17.572457 510.193977 0.205272 -0.543769 -0.813743 -0.553994 0.620866 -0.554631 0.806817 0.564660 -0.173798
-0.611657 -17.243883 -19.816926 453.144358 0.210985 -0.554448 -0.805030 -0.429830 0.687048 -0.585842 0.877913 0.469630 -0.093362
-0.613806 -13.812629 -17.475767 494.725681 0.195025 -0.545325 -0.815222 -0.579205 0.606733 -0.544423 0.791509 0.578357 -0.197527
-0.726391 -9.866976 -19.662946 194.819403 0.150434 -0.513144 -0.845017 -0.673277 0.572716 -0.467647 0.723925 0.639280 -0.259332
-0.485446 -11.053393 -15.020902 273.237479 0.166965 -0.518725 -0.838479 -0.655324 0.577006 -0.487458 0.736664 0.630864 -0.243592
2.240083 -16.224081 4.597904 -122.214522 -0.028539 0.542968 0.839268 0.999266 -0.005976 0.037846 0.025565 0.839732 -0.542399
2.005689 -17.724884 -52.958340 -164.591107 -0.014726 0.587920 0.808785 0.997652 0.062750 -0.027449 -0.066889 0.806482 -0.587464
1.876032 -17.904166 -62.945472 -112.526811 -0.076573 0.587823 0.805358 0.977564 -0.114705 0.176669 0.196229 0.800816 -0.565851
2.089960 -15.680666 4.601590 -3.464625 0.025625 0.549261 0.835258 0.983861 0.134154 -0.118404 -0.177088 0.824812 -0.536959
2.074129 -16.513503 29.527017 -148.794169 -0.076200 0.534597 0.841665 0.978192 -0.123497 0.167001 0.193221 0.836035 -0.513528
2.121000 -15.307943 35.753529 -114.183436 -0.048776 0.523606 0.850563 0.992530 -0.069933 0.099968 0.111826 0.849085 -0.516284
2.060381 -15.023780 27.554862 -36.581052 -0.006076 0.521156 0.853440 0.997718 0.060556 -0.029876 -0.067251 0.851310 -0.520334
-1.108705 -8.698553 22.434176 42.723729 -0.015109 0.762570 0.646729 -0.013474 -0.646900 0.762456 -0.999795 -0.002806 -0.020049
-1.454119 -8.332589 36.216975 143.376761 -0.029898 0.734928 0.677485 -0.039507 -0.678128 0.733881 -0.998772 0.004824 -0.049309
-1.398908 -8.222413 60.776269 -126.876824 -0.011471 0.785617 0.618607 -0.006428 -0.618693 0.785607 -0.999914 -0.005036 -0.012147
-1.756895 -7.629807 32.469316 -44.656200 -0.047787 0.756237 0.652551 -0.026964 -0.654036 0.755983 -0.998494 -0.018531 -0.051646
-0.964719 -8.451584 60.754596 -238.097532 -0.000471 0.794116 0.607766 0.020178 -0.607635 0.793960 -0.999796 -0.012638 0.015738
-2.050907 -31.358351 -1.176493 -411.303640 0.179564 -0.933940 -0.309050 0.980034 0.142561 0.138602 -0.085388 -0.327768 0.940892
-2.119754 -29.609391 4.301668 -328.095628 -0.130214 0.938791 0.318930 0.908209 -0.016103 0.418207 -0.397744 -0.344112 0.850521
-2.029330 -27.652850 18.181587 -267.115324 0.152848 -0.930318 -0.333386 0.937095 0.029310 0.347841 -0.313831 -0.365582 0.876276
-1.888073 -29.861065 23.416099 -548.903119 0.189516 -0.921079 -0.340144 0.975558 0.137396 0.171489 -0.111220 -0.364330 0.924605
-1.818427 -7.488650 -39.512716 -21.152403 0.743202 -0.665655 0.067485 -0.145154 -0.258877 -0.954941 -0.653132 -0.699919 0.289021
-1.441388 -8.160247 -29.539214 14.935003 0.727045 -0.685681 0.035301 -0.158565 -0.217711 -0.963047 -0.668029 -0.694581 0.267010
-1.799655 -7.681665 -52.105394 20.928057 0.716133 -0.696556 -0.044307 -0.157977 -0.099929 -0.982373 -0.679850 -0.710510 0.181602
-2.350577 -7.234911 -53.584788 -24.148219 0.743857 -0.668246 -0.011133 -0.152882 -0.153918 -0.976185 -0.650618 -0.727844 0.216656
-2.291765 -6.617107 -33.637354 -68.256426 0.771267 -0.628717 0.099304 -0.122959 -0.300241 -0.945905 -0.624522 -0.717336 0.308872
1.563167 -29.919316 44.911028 -95.058896 -0.258088 0.911559 0.320079 -0.261633 0.252978 -0.931424 0.930021 0.324133 -0.173204
1.641570 -33.375930 37.191045 -408.032053 -0.235789 0.906801 0.349452 -0.479963 0.204009 -0.853238 0.845008 0.368908 -0.387127
1.272608 -37.717885 64.639633 -346.740072 -0.252252 0.912510 0.322017 -0.253449 0.258857 -0.932071 0.933880 0.316732 -0.165978
0.153300 -8.687340 -10.073847 33.203422 -0.015422 -0.774784 -0.632038 0.958510 -0.191403 0.211244 -0.284643 -0.602557 0.745589
0.240073 -8.593408 -10.279539 -44.982695 -0.049967 -0.765316 -0.641712 0.912186 -0.296619 0.282725 -0.406718 -0.571234 0.712932
0.101021 -8.487707 0.135674 11.816782 -0.027898 -0.769447 -0.638101 0.951645 -0.215810 0.218626 -0.305930 -0.601147 0.738261
-2.685534 -6.748519 65.174772 -67.414102 0.749128 -0.297094 -0.592066 -0.628849 -0.038003 -0.776599 -0.208223 -0.954092 0.215296
-3.021554 -6.321742 42.399349 57.860486 0.633040 -0.336363 -0.697223 0.745075 0.020350 0.666670 -0.210055 -0.941512 0.263498
-3.511273 -6.920035 72.248060 -66.739461 0.710801 -0.335986 -0.617960 -0.649602 0.023391 -0.759915 -0.269775 -0.941577 0.201631
-3.738649 -8.323657 -40.476285 -5.374624 -0.075222 0.603618 0.793717 0.751519 -0.488853 0.442993 -0.655409 -0.629816 0.416858
-2.971411 -8.239114 -34.067167 31.127125 -0.050986 0.567293 0.821936 -0.670398 0.590581 -0.449200 -0.740248 -0.573927 0.350200
-3.301923 -8.235405 -39.333134 0.468188 -0.027654 0.523298 0.851701 -0.755617 0.546862 -0.360534 -0.654429 -0.653530 0.380291
-3.895674 -7.968643 43.383028 51.764965 0.064548 -0.569936 -0.819150 0.826943 -0.428916 0.363587 -0.558568 -0.700860 0.443619
-3.433837 -7.835297 42.465802 61.987133 0.028430 -0.502350 -0.864197 0.822586 -0.479442 0.305757 -0.567929 -0.719569 0.399595
-2.945401 -15.186564 6.164377 58.158986 -0.071542 0.504722 0.860312 -0.018580 0.861698 -0.507081 -0.997264 -0.052262 -0.052270
-2.879610 -15.003132 3.782239 33.936416 -0.044751 0.508589 0.859845 0.022623 0.861003 -0.508097 -0.998742 -0.003285 -0.050036
-2.819778 -14.211545 -11.712174 3.025221 -0.076818 0.499540 0.862878 0.128999 0.863141 -0.488207 -0.988665 0.073808 -0.130745
2.187583 -5.591612 -6.319517 -44.514158 -0.034715 0.561183 0.826963 0.995936 -0.049378 0.075317 0.083100 0.826217 -0.557189
2.132436 -6.139973 3.444394 -65.173593 -0.035661 0.579852 0.813941 0.988338 -0.100185 0.114674 0.148038 0.808538 -0.569518
1.642079 -6.129272 24.858817 -20.980937 -0.017834 0.553821 0.832445 0.986418 -0.126224 0.105108 0.163285 0.823013 -0.544048
2.318140 -5.346128 -11.465042 -61.056327 -0.052743 0.587292 0.807655 0.995515 -0.032680 0.088775 0.078531 0.808715 -0.582934
-31.035617 -126.667482 631.461894 6955.932674 0.778830 0.279887 -0.561326 0.626840 -0.379046 0.680731 0.022241 0.882036 0.470657
-13.703510 -136.443705 500.002785 8717.445071 -0.575904 -0.724544 0.378644 0.705057 -0.205757 0.678645 -0.413799 0.657800 0.629341
-11.227911 -77.817707 -203.553968 5030.178129 0.721798 0.558236 -0.409121 0.679680 -0.460238 0.571153 -0.130545 0.690329 0.711621
-8.183565 -66.949991 14.444199 3563.049826 0.774235 0.488175 -0.402797 0.626716 -0.502621 0.595482 -0.088245 0.713482 0.695094
-24.592944 -58.631345 763.810780 -2443.749559 -0.365867 0.824981 -0.430753 0.309422 0.544341 0.779712 -0.877724 -0.151986 0.454423
-49.589883 -77.259471 -1154.491676 -3936.724316 -0.347039 0.873148 0.342311 0.352471 -0.216809 0.910362 -0.869096 -0.436586 0.232518
-37.692995 -56.567347 652.678058 -1329.273692 -0.437602 0.895481 -0.081356 0.568556 0.345662 0.746500 -0.696598 -0.280414 0.660393
-26.616984 -57.863473 979.958949 1703.096527 -0.314931 0.858366 -0.405001 0.750267 0.486498 0.447683 -0.581308 0.162869 0.797217
-17.188083 -51.575686 741.359831 796.264822 -0.225232 0.779782 -0.584132 0.634818 0.572260 0.519158 -0.739105 0.253886 0.623911
-10.862349 -15.948691 30.174850 549.074319 0.466031 0.531908 0.707028 0.804218 -0.587801 -0.087882 0.368846 0.609561 -0.701704
-10.330337 -14.685984 -225.889947 155.462019 -0.043893 0.825682 0.562426 0.959231 -0.122497 0.254695 0.279193 0.550676 -0.786643
-7.870975 -13.308600 43.389800 156.774277 -0.269029 0.862879 0.427860 0.902293 0.070416 0.425333 0.336883 0.500482 -0.797513
9.219991 -14.071670 57.356760 46.767010 -0.084605 -0.384152 -0.919385 0.424866 0.820703 -0.382017 0.901294 -0.422935 0.093778
10.548696 -13.938892 95.058809 167.493572 0.003375 -0.549214 -0.835675 0.471018 0.738045 -0.483148 0.882117 -0.391987 0.261180
7.820364 -13.516463 80.060195 -92.278069 -0.021253 -0.440057 -0.897719 0.339462 0.841401 -0.420487 0.940380 -0.313678 0.131500
-6.527678 -11.965276 4.466446 122.194258 0.330541 -0.627232 -0.705211 0.433462 0.764633 -0.476914 0.838364 -0.148042 0.524624
-6.474902 -13.215315 1.938810 133.047682 0.313723 -0.676034 -0.666751 0.572825 0.694777 -0.434921 0.757264 -0.245487 0.605217
-6.883431 -12.585381 52.587125 112.492092 0.244094 -0.634592 -0.733288 0.533799 0.719219 -0.444728 0.809615 -0.282873 0.514301
-6.535954 -13.316531 -27.883261 79.135210 -0.233464 0.681290 0.693785 0.657949 0.636041 -0.403181 0.715959 -0.362348 0.596747
-6.740480 -11.410162 37.673881 74.793775 0.258418 -0.579981 -0.772556 0.391408 0.793998 -0.465153 0.883187 -0.182180 0.432193
-6.633557 -12.239809 6.324904 83.280985 0.178048 -0.606236 -0.775098 0.524670 0.724863 -0.446423 0.832478 -0.327186 0.447135
-6.619210 -12.976815 -36.096535 58.355157 -0.168459 0.658398 0.733576 0.665320 0.625064 -0.408222 0.727304 -0.419294 0.543343
-2.305347 -4.808425 -10.608168 120.610699 0.028268 0.958199 0.284704 0.227834 0.271145 -0.935185 0.973289 -0.091301 0.210646
-2.638359 -4.015662 13.153919 56.413982 -0.022282 0.878841 0.476593 0.196225 0.471284 -0.859876 0.980306 -0.074360 0.182952
-2.258831 -4.612784 31.851929 1.828141 -0.090739 0.755768 0.648523 0.169221 0.653440 -0.737821 0.981392 -0.042795 0.187184
234.751031 -545.251485 -18937.313771 -98718.192748 0.782375 0.088402 -0.616501 0.535898 -0.599922 0.594060 0.317336 0.795160 0.516738
141.926790 -45.188346 -9827.535165 -1330.375781 0.417280 0.507041 0.754179 0.832934 0.118514 -0.540532 -0.363453 0.853735 -0.372879
119.685542 2.665959 -5791.597241 168.133182 0.857097 -0.515101 -0.007447 -0.298592 -0.508515 0.807624 0.419795 0.689988 0.589651
6.830786 -10.495245 319.345817 -93.796622 0.432342 0.828361 0.356229 0.717111 -0.555366 0.421095 -0.546656 -0.073399 0.834134
5.346307 -10.629007 306.458918 -77.382821 0.422228 0.832946 0.357666 0.797249 -0.528996 0.290786 -0.431413 -0.162371 0.887423
8.546708 -10.741924 49.628281 -52.907907 0.294745 0.821135 0.488735 0.776668 -0.503820 0.378089 -0.556697 -0.268145 0.786249
0.261047 -7.126852 -36.685339 54.439558 -0.115155 0.785538 0.608005 0.146947 0.618813 -0.771671 0.982418 -0.000483 0.186691
1.629990 -25.059366 112.463687 -342.341111 -0.144354 -0.391070 -0.908970 -0.585592 0.774230 -0.240102 0.797649 0.497626 -0.340770
0.378126 -22.861023 15.140083 -285.072980 -0.102257 -0.417159 -0.903062 -0.557197 0.776061 -0.295399 0.824060 0.472977 -0.311798
95.137136 -11.318019 -6021.667543 6.290716 0.153494 0.357007 0.921404 0.141852 0.914835 -0.378093 -0.977915 0.188738 0.089780
94.120185 -9.646182 -6068.173115 -370.245494 0.078379 0.333212 0.939589 0.181561 0.921955 -0.342104 -0.980251 0.197406 0.011764
90.913618 -9.252983 -5966.706739 112.880584 0.096091 0.465425 0.879856 0.229873 0.849674 -0.474565 -0.968465 0.247856 -0.025342
0.666038 -5.600212 -26.841877 2.056970 0.147739 -0.610899 -0.777802 -0.139804 0.765636 -0.627899 0.979095 0.201505 0.027708
0.020694 -5.330048 -13.740092 -6.128280 0.137649 -0.517887 -0.844302 -0.111643 0.838872 -0.532757 0.984169 0.167594 0.057652
0.944122 -5.534501 -13.403724 -13.325357 0.139181 -0.511751 -0.847785 -0.189852 0.826447 -0.530039 0.971898 0.234725 0.017868
213.333338 -0.752009 2022.942043 -134.153661 0.931107 -0.339019 0.134557 -0.319928 -0.581923 0.747671 0.175173 0.739211 0.650294
315.357586 -9.907055 16243.801789 -227.551475 0.737006 -0.654946 0.166935 -0.450430 -0.291801 0.843780 0.503919 0.697064 0.510066
186.288160 -17.464939 -10808.199626 -209.202731 -0.432558 0.724191 0.537067 0.067805 0.620120 -0.781571 0.899053 0.301658 0.317342
561.294446 -45.173941 37387.697781 -1151.015612 0.439943 -0.582733 -0.683281 0.120193 0.792234 -0.598264 0.889946 0.181076 0.418578
-1.899599 -10.752275 -46.947966 -337.660228 0.159746 0.479240 0.863024 0.793380 0.457879 -0.401117 -0.587392 0.748783 -0.307075
-1.497439 -8.941754 -29.453445 -134.299970 0.104645 0.443587 0.890101 0.755135 0.546978 -0.361367 -0.647163 0.709962 -0.277730
-1.659614 -7.614783 27.012167 -210.997270 0.128823 0.407895 0.903895 0.748801 0.557579 -0.358333 -0.650155 0.722999 -0.233603
-2.009706 -10.938066 91.811592 -513.871357 0.232589 0.433824 0.870459 0.768726 0.466267 -0.437785 -0.595788 0.770968 -0.225043
-1.466541 -6.942350 73.740743 -174.443339 0.100411 0.346299 0.932735 0.776766 0.558533 -0.290989 -0.621733 0.753736 -0.212910
-1.245270 -10.697669 12.442383 52.890877 0.173808 0.509814 0.842544 0.245512 0.806119 -0.538421 -0.953685 0.300436 0.014945
-1.111402 -11.085020 17.088235 49.972957 0.189140 0.517990 0.834214 0.130707 0.828707 -0.544206 -0.973212 0.211969 0.089037
-1.032205 -11.068040 51.525378 46.563737 0.209492 0.490087 0.846125 0.224823 0.818001 -0.529461 -0.951613 0.301146 0.061182
-1.083955 -10.708021 39.027807 19.319922 0.195505 0.471808 0.859753 0.357731 0.781957 -0.510463 -0.913130 0.407358 -0.015904
3.075596 -7.991232 -55.334831 -7.558675 0.096203 -0.667469 -0.738397 0.207129 0.739023 -0.641048 0.973572 -0.091272 0.209348
3.800513 -8.020697 -24.922875 -4.699664 0.079958 -0.664131 -0.743328 0.318860 0.723574 -0.612183 0.944423 -0.188069 0.269621
2.636434 -7.946457 79.737665 -8.537414 -0.118118 0.705534 0.698763 0.244530 0.702686 -0.668160 0.962420 -0.091947 0.255525
3.310759 -8.042361 -7.533831 -6.047095 0.062655 -0.629562 -0.774420 0.206323 0.767353 -0.607125 0.976476 -0.121741 0.177972
1.931981 -7.949148 -60.448992 -7.478576 0.113921 -0.698319 -0.706663 0.117771 0.715770 -0.688333 0.986485 -0.004809 0.163783
2.550473 -8.031862 -68.307415 -7.209670 0.097551 -0.651301 -0.752523 0.107458 0.758602 -0.642632 0.989412 -0.018175 0.143990
-1.483148 -26.411861 37.317236 243.049707 -0.348803 -0.841595 -0.412377 0.897872 -0.426201 0.110355 -0.268629 -0.331770 0.904305
-1.206746 -25.232891 31.358672 214.779031 -0.337804 -0.844315 -0.415956 0.911431 -0.403735 0.079321 -0.234908 -0.352321 0.905919
-1.106472 -27.909922 -22.077149 287.311251 0.352383 0.832509 0.427499 0.826619 -0.491052 0.274899 -0.438780 -0.256509 0.861206
1.264847 -34.019622 70.698707 -283.525398 0.265789 0.810829 0.521453 0.924275 -0.368065 0.101208 0.273991 0.455066 -0.847256
0.990247 -9.223897 109.699002 15.987395 -0.192802 -0.623011 -0.758080 -0.144288 0.782177 -0.606119 0.970571 -0.007479 -0.240698
-0.603925 -10.053456 -111.573053 -0.928187 0.205215 0.704892 0.678980 -0.025757 0.697394 -0.716224 0.978378 -0.129491 -0.161271
-1.146533 -14.794227 -329.968999 1253.052275 -0.161347 0.737816 -0.655435 0.466265 0.642329 0.608284 -0.869807 0.207462 0.447656
-6.832537 -38.353760 -274.125861 3222.118300 0.039757 0.934252 -0.354392 0.507126 0.286732 0.812778 -0.860955 0.212035 0.462383
-1.708128 -43.728793 -186.301855 3059.770712 -0.099715 0.973879 -0.203999 0.166880 0.218485 0.961465 -0.980922 -0.061829 0.184307
-103.526058 -470.162444 -5152.167753 27254.680054 0.136924 0.982915 -0.123008 -0.873897 0.178331 0.452220 -0.466429 -0.045577 -0.883384
-9.506182 -363.840919 -1483.727860 10383.634561 0.065948 0.974333 -0.215235 -0.215665 0.224525 0.950304 -0.974238 0.016252 -0.224936
-61.972768 -540.490105 -3681.123359 21682.941773 0.232796 0.949462 -0.210542 0.091135 0.194239 0.976712 -0.968246 0.246562 0.041311
-107.582704 -378.851226 -5977.571582 -15511.136150 0.257821 0.965830 0.026455 -0.730596 0.176963 0.659480 -0.632264 0.189356 -0.751257
-0.920737 -14.655110 -20.897475 -51.060423 0.134927 -0.457137 -0.879102 -0.542733 0.708190 -0.451562 0.828997 0.538046 -0.152549
1.399358 -8.034219 -21.326030 87.520438 0.604347 0.169371 0.778510 0.674512 -0.628818 -0.386810 0.424027 0.758881 -0.494267
0.351110 -32.144938 -8.732111 551.897706 0.089617 -0.656142 -0.749297 0.877925 0.407316 -0.251676 0.470336 -0.635273 0.612546
-0.165823 -53.926483 -42.387690 1061.935734 -0.046814 -0.625404 -0.778895 0.960837 -0.241402 0.136081 -0.273133 -0.742021 0.612212
2.036608 -102.282818 -121.446080 -5912.822190 -0.589650 -0.656829 0.469987 0.775624 -0.622777 0.102744 0.225212 0.425116 0.876673
0.178150 -83.950300 -125.308739 -4529.256374 -0.598749 -0.638738 0.483232 0.778201 -0.606674 0.162326 0.189481 0.473244 0.860312
0.645205 -4.179644 58.788844 -112.322466 -0.174435 0.715165 0.676840 -0.525986 0.513416 -0.678044 0.832413 0.474283 -0.286609
-0.045106 -5.660186 47.348349 -132.910053 -0.207527 0.744210 0.634889 -0.560707 0.441327 -0.700598 0.801586 0.501380 -0.325696
0.554417 -5.971420 53.557829 -145.514940 -0.167357 0.719197 0.674350 -0.579742 0.481451 -0.657346 0.797428 0.500960 -0.336374
-4.878518 -7.934639 296.733616 99.146109 0.075859 0.347083 0.934761 -0.353328 0.885991 -0.300300 -0.932419 -0.307497 0.189844
-5.596806 -7.161891 263.164431 141.954165 0.107498 0.141071 0.984146 -0.262431 0.958801 -0.108773 -0.958944 -0.246577 0.140090
-7.452155 -8.107717 -14.006010 57.877812 0.208656 -0.331247 0.920184 -0.306964 0.871164 0.383206 -0.928567 -0.362421 0.080093
-6.420622 -8.781948 253.555068 6.172901 -0.038997 0.490885 0.870351 -0.453209 0.767583 -0.453230 -0.890551 -0.412126 0.192540
-1.970464 -32.272398 -69.884095 -313.415594 -0.195147 0.692425 0.694597 0.941955 -0.064957 0.329396 0.273201 0.718559 -0.639557
-1.672624 -29.255452 -68.346464 -571.995512 -0.205943 0.693589 0.690306 0.978219 0.164648 0.126407 -0.025983 0.701303 -0.712390
-0.648315 -29.514366 -74.711997 -679.291515 -0.187473 0.710365 0.678406 0.966922 0.255072 0.000115 -0.172960 0.655987 -0.734687
-2.194751 -13.388106 25.098872 251.139344 0.129189 0.851215 0.508668 0.364434 -0.517825 0.773980 -0.922225 -0.085386 0.377109
-1.246169 -10.651476 43.682507 100.118894 0.181697 0.756280 0.628512 0.400902 -0.640593 0.654919 -0.897922 -0.132976 0.419588
-1.144324 -8.996304 0.034458 89.915316 0.194722 -0.692984 -0.694159 0.417224 0.699007 -0.580786 0.887698 -0.176529 0.425242
3.427362 -14.081688 -37.361339 354.227760 0.234691 -0.576151 -0.782924 0.970853 0.098633 0.218441 -0.048633 -0.811371 0.582505
3.113573 -11.935039 -78.258399 47.155064 0.274307 -0.572866 -0.772386 0.959927 0.211063 0.184368 0.057404 -0.792008 0.607806
3.925613 -14.701750 -36.867685 341.344777 0.258228 -0.519837 -0.814302 0.965668 0.163633 0.201768 0.028360 -0.838448 0.544244
4.332909 -12.719609 -108.507559 18.544399 0.328243 -0.518216 -0.789752 0.935531 0.293885 0.195992 0.130530 -0.803171 0.581273
0.487291 -13.390470 -89.709314 71.823766 -0.237947 0.479605 0.844606 0.328618 0.858052 -0.394661 -0.913998 0.183644 -0.361778
-0.245078 -14.537514 -91.173793 188.631152 -0.241250 0.478517 0.844286 0.221940 0.874132 -0.432015 -0.944744 0.083157 -0.317087
-0.260983 -13.585007 -95.260010 61.859076 -0.240763 0.474513 0.846682 0.376941 0.849583 -0.368951 -0.894398 0.230319 -0.383412
0.420605 -36.016114 50.661400 -1037.248918 0.134373 0.505696 0.852183 0.510080 0.702000 -0.497006 -0.849566 0.501466 -0.163616
0.058261 -27.740486 44.466101 -626.799544 0.161403 0.531504 0.831536 0.366865 0.749888 -0.550525 -0.916166 0.393918 -0.073956
1.063360 -37.568507 92.156451 -1083.410619 0.153753 0.512942 0.844542 0.482641 0.706823 -0.517164 -0.862217 0.487126 -0.138890
4.074798 -6.481813 26.294265 -167.437938 0.855891 0.475418 0.203541 -0.517139 0.783571 0.344361 -0.004227 0.399994 -0.916508
3.011814 -8.479664 163.246415 -206.782880 0.844806 0.468362 0.258729 -0.534841 0.753407 0.382522 0.015769 0.461536 -0.886981
4.373256 -10.714140 146.554405 -251.377003 0.836207 0.489055 0.248159 -0.543509 0.678650 0.493996 -0.073178 0.547960 -0.833298
1.447957 -18.520764 -62.180562 -146.788219 -0.049963 0.595521 0.801785 0.997958 -0.002219 0.063835 0.039794 0.803337 -0.594194
1.596003 -17.528378 -36.609453 -136.288375 -0.005727 0.593155 0.805068 0.987190 0.131724 -0.090029 -0.159448 0.794239 -0.586311
2.145813 -16.605149 -6.383793 -32.764151 0.036856 0.580165 0.813664 0.968464 0.180032 -0.172236 -0.246411 0.794353 -0.555234
-1.221685 -8.323856 45.375083 209.731492 -0.011990 0.753892 0.656889 -0.054571 -0.656451 0.752393 -0.998438 0.026826 -0.049012
-1.239989 -8.819736 30.214470 242.248078 -0.024266 0.719056 0.694529 -0.104620 -0.692745 0.713554 -0.994216 0.055346 -0.092037
-1.295511 -8.327649 -9.409840 -148.820827 -0.066900 0.693668 0.717181 0.129442 0.718751 -0.683112 -0.989328 0.047133 -0.137874
-1.648500 -7.893463 26.409710 161.666543 -0.051902 0.715282 0.696906 -0.056234 -0.698833 0.713071 -0.997068 0.002180 -0.076494
-1.170822 -18.338251 -17.417810 180.721580 -0.199519 0.904000 0.378121 -0.571289 0.206201 -0.794424 0.796129 0.374519 -0.475304
-1.004657 -22.577291 10.856080 459.635338 -0.225938 0.903291 0.364716 -0.407056 0.252600 -0.877780 0.885018 0.346784 -0.310618
-0.891355 -21.609345 -54.288513 490.417568 -0.208027 0.916010 0.343001 -0.422820 0.232001 -0.876013 0.882014 0.327262 -0.339045
-0.695165 -19.159037 -64.019535 417.034835 -0.196375 0.916917 0.347418 -0.538362 0.195308 -0.819769 0.819514 0.348019 -0.455280
-0.337066 -24.794199 -62.632348 655.552553 -0.204402 0.914082 0.350249 -0.336858 0.270268 -0.901932 0.919101 0.302341 -0.252673
-1.324938 -8.655391 -27.023552 0.146202 0.744512 -0.647731 0.161696 -0.121018 -0.369129 -0.921466 -0.656549 -0.666474 0.353208
-1.461271 -9.060754 6.124856 57.750708 0.719240 -0.693666 0.038995 -0.143877 -0.203622 -0.968420 -0.679700 -0.690917 0.246255
-1.588443 -7.976701 -11.710289 58.607941 0.706754 -0.705395 -0.054001 -0.142634 -0.067313 -0.987484 -0.692931 -0.705611 0.148187
1.449304 -39.836506 -75.562285 -452.842481 -0.195005 0.932902 0.302765 -0.239305 0.254107 -0.937103 0.951160 0.255193 -0.173696
1.308175 -47.037653 47.935356 -1304.143701 -0.198466 0.919817 0.338450 -0.262581 0.282795 -0.922539 0.944279 0.271963 -0.185402
1.036106 -33.987013 -36.720550 -327.646581 -0.209942 0.937030 0.279103 0.017416 0.289004 -0.957169 0.977559 0.196089 0.076994
-0.394734 -19.233405 -48.177251 10.761879 0.121593 0.924646 0.360894 -0.539966 -0.243464 0.805706 -0.832857 0.292839 -0.469674
0.046839 -22.412837 -18.305726 -248.782969 0.074158 0.883253 0.462995 -0.412495 -0.395527 0.820614 -0.907937 0.251838 -0.335006
-0.711543 -19.765913 -90.727188 -148.323230 0.045605 0.871482 0.488302 -0.360011 -0.441626 0.821802 -0.931833 0.213273 -0.293603
-1.553181 -16.995298 -121.287740 11.647964 0.066576 0.909693 0.409910 -0.488562 -0.328482 0.808336 -0.869985 0.254083 -0.422573
0.317548 -8.869334 -18.468441 18.569120 -0.027735 -0.775718 -0.630470 0.946593 -0.223066 0.232814 -0.321235 -0.590341 0.740476
0.500718 -8.773313 -13.952852 -42.378434 -0.046814 -0.765405 -0.641844 0.882772 -0.332398 0.332002 -0.467463 -0.551060 0.691239
0.477730 -8.199733 -9.057468 -55.902764 -0.094730 -0.744285 -0.661109 0.853851 -0.402183 0.330435 -0.511824 -0.533187 0.673608
0.313650 -7.799510 7.924922 -69.886079 -0.114422 -0.732689 -0.670876 0.859395 -0.411767 0.303132 -0.498346 -0.541863 0.676784
-2.136456 -5.553949 60.416798 -86.158230 0.751133 -0.292604 -0.591761 -0.643696 -0.125741 -0.754881 -0.146472 -0.947930 0.282797
-1.876060 -6.009903 61.308694 -93.018830 0.817266 -0.261557 -0.513483 -0.556026 -0.123868 -0.821883 -0.151365 -0.957207 0.246666
-3.438415 -8.424933 -8.561697 -33.448961 -0.104692 0.668741 0.736088 0.692369 -0.482311 0.536657 -0.713908 -0.565828 0.412522
