13152
26290
-6.639578 -8.022087 40.651489 120.789113 -0.329284 0.943817 -0.027936 -0.727094 -0.272326 -0.630217 0.602417 0.187209 -0.775916
-7.573865 -10.084375 61.704751 127.049369 -0.193495 0.970935 0.140869 -0.685343 -0.031021 -0.727559 0.702043 0.237323 -0.671427
-5.311487 -11.132006 -106.820668 286.511113 0.205676 0.931296 0.300642 -0.748869 0.347548 -0.564275 0.629994 0.109084 -0.768900
-6.317442 -9.069372 13.561527 99.407448 -0.548227 0.823906 -0.143617 -0.532329 -0.476212 -0.699891 0.645037 0.307248 -0.699661
-5.172614 -7.245864 -82.481186 156.153898 0.002811 0.993198 0.116405 -0.848320 0.064002 -0.525601 0.529476 0.097271 -0.842730
-4.995611 -6.870700 28.698270 -83.808230 -0.694292 0.646081 -0.317075 0.471842 0.741304 0.477320 0.543437 0.181790 -0.819530
-5.621021 -7.942345 28.074574 -69.830821 -0.720568 0.624363 -0.301583 0.394332 0.726759 0.562427 0.570337 0.286343 -0.769885
-3.377248 -9.930971 -82.104257 -76.464955 -0.231153 0.949269 -0.213206 -0.706794 -0.013250 0.707295 -0.668588 -0.314187 -0.674001
-2.184458 -11.061115 -140.310038 -48.560248 -0.327870 0.922518 -0.203623 -0.547925 -0.010107 0.836467 -0.769597 -0.385822 -0.508784
-3.905691 -10.664702 -52.289358 -58.628350 -0.258013 0.949070 -0.180818 -0.562009 0.004797 0.827117 -0.785860 -0.315028 -0.532148
-3.396371 -10.925932 -69.121898 11.759784 -0.307587 0.939079 -0.153365 -0.392200 0.021726 0.919623 -0.866931 -0.343013 -0.361624
-4.358868 -10.193394 -3.046584 -70.472639 -0.173219 0.973779 -0.147477 -0.598102 0.014960 0.801281 -0.782477 -0.227004 -0.579827
-4.545069 -10.548745 1.709695 -15.149581 -0.203727 0.972782 -0.110408 -0.445604 0.008280 0.895192 -0.871741 -0.231573 -0.431789
-1.786624 -4.549208 -1.922204 -68.176995 0.506653 0.705039 -0.496208 -0.296666 0.682970 0.667489 -0.809501 0.190977 -0.555190
-2.151333 -4.861234 28.322010 -52.421024 -0.534568 -0.650030 0.540091 -0.194837 0.716642 0.669674 -0.822359 0.252757 -0.509744
-2.044724 -4.166480 13.722289 -40.047823 -0.589352 -0.365698 0.720367 -0.051019 0.906748 0.418575 -0.806264 0.209935 -0.553051
-2.433073 -5.758818 -1.038528 -67.530225 0.461895 0.811146 -0.358741 -0.278536 0.516670 0.809611 -0.842063 0.274033 -0.464581
-0.856353 -3.620439 24.632755 -32.433100 -0.569301 -0.437243 0.696214 -0.160966 0.889734 0.427156 -0.806217 0.131114 -0.576908
-2.468265 -6.038259 23.460324 -100.658593 0.392106 0.885119 -0.250634 -0.387744 0.406087 0.827495 -0.834211 0.227283 -0.502429
-0.601907 -3.723797 -46.032297 -43.158800 -0.552110 -0.594937 0.584144 -0.288580 0.793657 0.535566 -0.782238 0.127119 -0.609872
-1.552883 -4.551310 45.432696 -91.367331 0.476974 0.772634 -0.418965 -0.380668 0.611256 0.693872 -0.792204 0.171472 -0.585670
-0.679707 -6.503674 14.492890 67.581230 -0.012798 0.996635 -0.080962 -0.995109 -0.020626 -0.096606 0.097951 -0.079330 -0.992024
-0.548127 -6.545624 -5.850042 11.299248 -0.020126 0.995442 -0.093219 0.997639 0.026118 0.063512 0.065657 -0.091721 -0.993618
-0.623413 -6.466600 3.336401 62.331908 -0.003159 0.997439 -0.071449 -0.991307 -0.012521 -0.130975 0.131534 -0.070414 -0.988808
-0.538678 -6.428473 11.649870 74.602535 0.015463 0.998654 -0.049513 -0.986986 0.007318 -0.160640 0.160061 -0.051352 -0.985770
-0.469312 -5.879913 0.133678 9.878138 0.002981 0.997602 -0.069152 -0.962942 -0.015786 -0.269247 0.269693 -0.067392 -0.960585
-0.972988 -7.469912 12.671976 32.731207 0.108238 0.990209 0.088148 0.969893 -0.124642 0.209216 -0.218155 -0.062849 0.973888
-0.870943 -7.863439 14.134106 33.645437 0.080719 0.993705 0.077689 0.934658 -0.102539 0.340440 -0.346263 -0.045133 0.937051
-1.015313 -8.067658 -9.580634 17.213798 0.085889 0.989836 0.113347 0.939230 -0.118396 0.322224 -0.332369 -0.078784 0.939853
-0.933596 -7.839775 -9.418279 12.133439 0.124164 0.982222 0.140793 0.966956 -0.151613 0.204961 -0.222663 -0.110692 0.968591
-0.833586 -8.392108 -23.919832 15.393255 0.093575 0.984780 0.146464 0.919313 -0.141943 0.367037 -0.382241 -0.100300 0.918603
1.511450 -15.224201 -5.388775 25.908614 0.327062 0.945000 0.002372 -0.894501 0.308773 0.323307 -0.304793 0.107863 -0.946291
1.326926 -15.065410 -16.170956 137.944697 0.322259 0.946508 -0.016482 -0.855212 0.298552 0.423650 -0.405909 0.122429 -0.905676
1.112599 -14.139908 -39.828174 -98.997610 0.304263 0.951498 -0.045547 -0.942007 0.307646 0.134077 -0.141586 -0.002111 -0.989924
0.591997 -14.330081 -46.853885 -100.766676 0.289615 0.954127 -0.075929 -0.946495 0.297291 0.125557 -0.142371 -0.035504 -0.989176
0.486192 -13.561971 -53.965547 270.259998 0.299327 0.951428 -0.072024 0.949801 -0.289913 0.117595 0.091002 -0.103607 -0.990446
0.938611 -12.600180 -34.327849 -280.059224 0.317160 0.947494 -0.040809 -0.935834 0.305703 -0.175388 0.153704 -0.093817 -0.983653
1.593616 -13.970673 -17.412961 -215.067830 0.323987 0.946023 -0.008600 -0.945922 0.324082 0.014230 -0.016249 -0.003524 -0.999862
-1.611851 -17.479393 -16.336197 48.324563 0.140379 0.989235 0.041322 0.978783 -0.132362 -0.156411 0.149258 -0.062403 0.986827
-2.123177 -18.034262 -4.518685 35.535899 0.151098 0.988505 -0.005284 0.986614 -0.151136 -0.061248 0.061343 -0.004042 0.998109
-2.183370 -17.855708 -8.378265 -52.455851 0.118101 0.992779 0.021024 0.983399 -0.119870 0.136229 -0.137765 -0.004586 0.990454
-1.404174 -18.804443 46.033682 -55.958024 -0.101441 -0.990899 -0.088484 0.992806 -0.106520 0.054681 -0.063609 -0.082301 0.994576
-1.700332 -18.599477 -74.073248 -23.467093 0.073572 0.993326 0.088827 0.945419 -0.097819 0.310828 -0.317442 -0.061111 0.946306
1.261788 -10.747252 20.191994 173.583709 0.155973 0.978729 -0.133277 -0.805299 0.047865 -0.590934 0.571985 -0.199498 -0.795635
0.924210 -8.934395 23.527785 202.936541 0.135370 0.981390 -0.136193 -0.861438 0.048669 -0.505526 0.489489 -0.185755 -0.851995
0.922014 -7.822936 5.878900 60.726223 0.185647 0.974073 -0.129291 -0.874612 0.103833 -0.473573 0.447871 -0.200997 -0.871213
0.628803 -6.590412 -1.948004 -53.409104 0.231310 0.967874 -0.098566 -0.890208 0.169694 -0.422770 0.392462 -0.185535 -0.900861
0.750914 -7.740618 21.782633 -23.471769 0.265645 0.960824 -0.079059 -0.893881 0.214757 -0.393517 0.361122 -0.175205 -0.915912
1.061865 -9.194728 -4.796894 51.561185 0.238088 0.962781 -0.127932 -0.859476 0.147507 -0.489432 0.452345 -0.226482 -0.862607
-0.305492 -5.956755 -8.297194 -34.641832 -0.098995 0.989562 -0.104721 -0.558127 0.031910 0.829142 -0.823829 -0.140528 -0.549143
0.054961 -5.446439 -8.270529 41.788457 -0.078852 0.982947 -0.166125 -0.466304 0.110921 0.877643 -0.881103 -0.146668 -0.449606
-0.153732 -5.896946 -1.610718 24.034101 -0.094780 0.988455 -0.118212 -0.455665 0.062500 0.887954 -0.885091 -0.138025 -0.444480
-0.145047 -5.896537 10.345308 -0.214802 -0.082650 0.989757 -0.116402 -0.555106 0.051283 0.830197 -0.827663 -0.133231 -0.545182
-0.671370 -6.003499 -20.006106 -7.993422 -0.094902 0.991276 -0.091463 -0.492007 0.033166 0.869959 -0.865403 -0.127561 -0.484568
-0.951783 -5.822240 -34.714997 -49.391840 -0.101963 0.990877 -0.088127 -0.602066 0.009055 0.798395 -0.791909 -0.134465 -0.595650
-0.423620 -5.793144 -12.237172 -46.753723 -0.092179 0.990207 -0.104848 -0.622494 0.024877 0.782229 -0.777177 -0.137372 -0.614105
-0.408977 -6.124596 3.933703 -25.538611 -0.081928 0.990862 -0.107146 -0.632734 0.031350 0.773734 -0.770023 -0.131185 -0.624384
0.011136 -7.180077 -6.718842 -55.719796 -0.403401 -0.910537 -0.090503 0.910139 -0.389073 -0.142372 0.094422 -0.139803 0.985667
-0.499498 -6.372106 -3.034454 -50.457101 -0.350296 -0.931881 -0.094292 0.936534 -0.349982 -0.020394 -0.013996 -0.095452 0.995336
0.033663 -7.259462 -38.745718 -45.213778 -0.341910 -0.935855 -0.085284 0.935980 -0.331036 -0.119823 0.083905 -0.120792 0.989126
0.408612 -7.759478 20.504160 -23.352014 0.371184 0.923364 0.098088 0.901948 -0.333421 -0.274444 0.220707 -0.190339 0.956587
-0.546416 -7.399679 -25.564790 -19.241843 -0.276016 -0.955949 -0.099881 0.960067 -0.269275 -0.075905 0.045666 -0.116844 0.992100
-0.054275 -7.556042 28.499991 -16.224212 0.320025 0.942254 0.098700 0.931237 -0.293684 -0.215749 0.174303 -0.160958 0.971448
1.362037 -1.482579 5.841703 -15.263695 0.150299 0.913949 0.376972 -0.294497 0.405382 -0.865411 0.943759 -0.019053 -0.330084
1.105022 -1.933013 7.616908 -21.475120 0.099480 0.949669 0.297041 -0.326251 0.313149 -0.891907 0.940034 0.008183 -0.340982
1.062589 -1.976509 7.685767 -20.820908 0.150549 0.914741 0.374945 -0.327508 0.403999 -0.854122 0.932777 -0.005790 -0.360406
-6.689656 -9.041766 -47.899013 99.647346 0.219711 0.726761 0.650804 0.119152 0.642119 -0.757289 0.968261 -0.243929 -0.054485
-4.414051 -9.499487 265.651625 116.593695 -0.337821 -0.532575 -0.776042 0.180893 0.772406 -0.608825 0.923664 -0.346054 -0.164596
-4.962542 -8.350580 -146.262402 212.396578 0.290812 0.708857 0.642611 -0.070647 0.685715 -0.724434 0.954168 -0.165276 -0.249493
3.144209 -204.448262 64.283839 -11854.706986 -0.265471 0.954107 0.138583 -0.835086 -0.299389 0.461517 -0.481827 -0.006791 -0.876240
1.046544 -52.704255 53.833574 -1819.831845 -0.201222 0.976519 0.076939 -0.958178 -0.212540 0.191626 -0.203479 0.035162 -0.978448
-0.196100 -50.205316 45.442733 -1640.348084 -0.252027 0.963033 0.095129 -0.934628 -0.267717 0.234089 -0.250903 0.029913 -0.967550
-2.315599 -111.559492 49.921026 -4898.736585 -0.294597 0.938829 0.178363 -0.709086 -0.339878 0.617803 -0.640632 -0.055528 -0.765837
-24.164221 -596.746228 -336.327241 -13201.020794 -0.789965 0.473236 -0.389875 0.289112 0.848218 0.443780 0.540711 0.237853 -0.806881
0.941600 -255.009862 31.595011 -11982.247450 0.738154 -0.648438 0.186164 -0.388623 -0.183140 0.903013 0.551453 0.738910 0.387183
-49.747335 -411.584677 -2233.133232 -7113.428414 0.805950 -0.550666 0.217282 -0.164460 0.144317 0.975769 0.568681 0.822155 -0.025750
-21.044656 -465.540209 2971.282388 12958.081469 -0.856016 0.443731 -0.265218 0.406367 0.894715 0.185342 0.319536 0.050880 -0.946207
13.373977 -923.537865 -3663.116507 -55520.893980 0.861051 -0.440479 0.254106 0.417285 0.326442 -0.848121 -0.290628 -0.836310 -0.464888
2.701686 -3.024327 -40.051111 -21.057382 -0.227286 -0.058648 0.972060 0.498199 0.850668 0.167812 -0.836743 0.522421 -0.164127
3.652348 -2.625336 -32.936336 -25.915253 -0.163746 -0.017768 0.986343 0.458299 0.884023 0.092008 -0.873584 0.467106 -0.136612
2.774620 -2.955155 -83.000097 -40.329338 -0.294748 -0.075286 0.952605 0.447723 0.869817 0.207275 -0.844196 0.487597 -0.222669
2.053599 -3.426751 -71.847043 -43.578105 -0.338832 -0.144755 0.929645 0.466988 0.831911 0.299742 -0.816771 0.535695 -0.214279
1.630208 -3.305670 -32.555824 -9.453049 -0.326234 -0.166151 0.930572 0.511537 0.796808 0.321599 -0.794922 0.580939 -0.174954
0.099050 -18.098719 -2.377785 -184.005810 -0.179654 0.979899 0.086727 -0.408328 -0.154489 0.899667 -0.894982 -0.126216 -0.427875
0.484340 -24.354602 35.196219 -532.920121 -0.179418 0.980668 0.078096 -0.223775 -0.117986 0.967473 -0.957984 -0.156106 -0.240618
0.884837 -22.985875 28.346874 -480.606992 -0.176934 0.979735 0.093884 -0.352949 -0.152205 0.923180 -0.918761 -0.130205 -0.372727
0.274140 -15.992242 -1.391699 -115.373305 -0.168639 0.982785 0.075459 -0.562964 -0.158875 0.811067 -0.809093 -0.094297 -0.580066
0.483174 -17.090648 -21.788369 -78.764988 -0.195995 0.975370 0.101194 -0.573577 -0.197730 0.794929 -0.795359 -0.097760 -0.598204
1.089056 -6.252688 161.647072 -12.158347 0.283146 0.950214 0.130083 -0.816605 0.167726 0.552289 -0.502975 0.262605 -0.823441
0.157391 -6.187744 132.720789 -12.189371 0.319397 0.943343 0.089943 -0.773156 0.204537 0.600328 -0.547919 0.261283 -0.794680
2.015192 -6.607508 114.014363 -13.480566 0.302510 0.948906 0.089804 -0.746917 0.177472 0.640795 -0.592117 0.260923 -0.762442
2.618389 -6.807602 109.321464 -4.134893 0.249452 0.962633 0.105409 -0.816948 0.150745 0.556662 -0.519971 0.224974 -0.824025
-1.888355 -11.705363 -21.873901 -49.343156 0.233553 0.968061 -0.091167 -0.942704 0.202463 -0.265174 0.238247 -0.147876 -0.959881
-1.971724 -11.724429 -27.231561 85.627784 0.213774 0.971865 -0.098890 0.975331 -0.206634 0.077664 0.055045 -0.113052 -0.992063
-1.966438 -11.503638 -13.213078 -68.542180 0.223334 0.972757 -0.062177 -0.960088 0.208509 -0.186424 0.168381 -0.101330 -0.980500
-0.549302 -1.285807 5.214651 14.661871 0.149252 0.533175 0.832735 0.346610 0.760521 -0.549062 -0.926059 0.370583 -0.071295
-0.537896 -1.341839 -7.454565 38.055502 0.016301 0.208690 0.977846 0.364319 0.909506 -0.200178 -0.931132 0.359511 -0.061204
-0.435299 -0.905501 -6.165939 4.774710 0.218958 0.688769 0.691126 -0.297713 -0.627378 0.719558 -0.929206 0.363310 -0.067686
-0.766872 -0.841089 -16.259257 13.058436 0.099843 0.390525 0.915162 0.352204 0.846338 -0.399581 -0.930583 0.362219 -0.053044
-0.216972 -1.052353 10.204749 7.344929 0.304477 0.847113 0.435538 -0.235409 -0.376141 0.896159 -0.922971 0.375390 -0.084892
-0.048724 -0.847565 25.981607 1.677446 0.349938 0.915178 0.199984 -0.124837 -0.166019 0.978189 -0.928418 0.367271 -0.056151
-3.232054 -7.233761 -143.943236 -202.491769 0.357770 -0.932887 0.041501 0.933730 0.357965 -0.002884 -0.012165 0.039783 0.999134
-3.854540 -9.432454 -9.203637 -427.225848 0.999669 0.025679 0.001355 0.025610 -0.998963 0.037651 -0.002320 0.037604 0.999290
-2.746923 -9.330359 -90.946125 -235.242088 0.669069 -0.742590 0.030113 0.739673 0.661404 -0.124210 0.072320 0.105379 0.991799
-1.420726 -14.204105 -31.995112 -340.658263 -0.503026 0.864059 0.019167 0.845312 0.496490 -0.197348 0.180036 0.083069 0.980146
-1.896399 -9.580257 54.685746 -193.039699 0.261190 -0.965224 -0.011013 0.965231 0.261035 0.013766 -0.010413 -0.014225 0.999845
4.494768 0.696512 -192.796593 5.862127 -0.313966 0.072458 0.946665 -0.021588 0.996281 -0.083416 -0.949189 -0.046627 -0.311234
3.377974 0.538257 -389.360184 -12.531369 -0.400153 0.046985 0.915243 -0.050019 0.996077 -0.073004 -0.915082 -0.074992 -0.396233
5.713525 0.572748 -123.850867 -3.804615 -0.248607 0.031933 0.968078 -0.044258 0.998038 -0.044287 -0.967593 -0.053855 -0.246706
4.294065 0.419593 -417.416591 -4.736730 -0.401019 -0.038289 0.915269 -0.074585 0.997174 0.009037 -0.913028 -0.064642 -0.402742
6.179094 0.290993 -282.955255 -4.663979 -0.330422 0.056118 0.942164 -0.057187 0.995206 -0.079333 -0.942099 -0.080093 -0.325628
12.628563 -15.604201 -186.437924 -100.813968 -0.532361 -0.672296 0.514402 0.769776 -0.131649 0.624591 -0.352189 0.728482 0.587602
9.813519 -15.926212 -285.819111 -48.817825 -0.551468 -0.505618 0.663501 0.815917 -0.161336 0.555203 -0.173674 0.847538 0.501514
12.784684 -16.641065 -166.234989 129.668904 -0.529002 -0.652153 0.543004 0.844692 -0.343146 0.410788 -0.081567 0.675979 0.732393
8.470240 -14.056889 -264.600207 -273.563302 -0.572817 -0.534036 0.621841 0.703531 0.068982 0.707308 -0.420624 0.842643 0.336197
11.169725 -13.609384 -216.489257 -277.327727 -0.550012 -0.670924 0.497341 0.617247 0.074580 0.783227 -0.562577 0.737766 0.373106
-4.815634 -20.021203 -82.547040 901.817821 -0.093541 0.973173 0.210203 0.965464 0.140229 -0.219581 0.243166 -0.182403 0.952680
-3.421960 -11.618983 -340.046036 316.922394 0.168501 -0.970443 0.172768 0.981672 0.181047 0.059521 -0.089041 0.159572 0.983162
-3.991144 -10.983602 124.256317 -88.955832 -0.137741 0.990299 0.018305 0.949526 0.126766 0.286933 -0.281829 -0.056904 0.957776
-9.252986 -47.113693 -142.965375 2510.014225 -0.215140 0.944339 0.248876 0.910011 0.286335 -0.299820 0.354393 -0.161976 0.920961
93.229358 -145.927126 -5651.533639 6539.644720 -0.402309 0.797125 -0.450266 -0.061307 0.467262 0.881991 -0.913449 -0.382438 0.139114
22.748069 -8.897637 -1035.211998 171.196453 -0.390649 0.673215 -0.627833 -0.048609 0.665990 0.744375 -0.919255 -0.321308 0.227444
5.525414 0.269041 327.265668 -242.452681 0.557051 0.307806 0.771330 -0.339016 0.932149 -0.127146 -0.758131 -0.190666 0.623606
13.452604 -10.027811 808.141435 204.965730 0.323801 0.869870 0.372127 0.812787 -0.457071 0.361196 -0.484282 -0.185505 0.855020
4.286324 -2.816658 277.533591 -70.848744 0.434298 0.412103 0.800972 -0.277861 0.907136 -0.316065 -0.856842 -0.085292 0.508475
2.113012 -3.132505 299.844759 -17.553453 0.392972 0.637866 0.662344 -0.391963 0.767772 -0.506844 -0.831828 -0.060439 0.551733
2.951659 -4.859726 305.715051 19.159905 0.309731 0.831697 0.460811 0.611944 -0.545297 0.572867 -0.727730 -0.104555 0.677847
-0.252706 -6.443212 -18.335254 21.529191 -0.188494 0.980992 0.046099 0.969419 0.193371 -0.151109 0.157151 -0.016206 0.987442
-0.301625 -7.226203 -13.658826 -92.109078 0.195596 -0.979858 -0.040242 0.980651 0.195083 0.016343 -0.008163 -0.042660 0.999056
-0.367730 -6.668237 -11.689846 66.483786 -0.171420 0.983842 0.051681 0.969665 0.177763 -0.167779 0.174255 -0.021352 0.984469
-0.160775 -6.993213 -40.849263 119.081828 -0.165503 0.984376 0.060101 0.941619 0.175844 -0.287111 0.293193 -0.009075 0.956010
-0.290912 -7.145944 -13.050475 115.775669 -0.176143 0.983060 0.050671 0.944619 0.183286 -0.272214 0.276890 0.000084 0.960902
4.336469 -8.881956 328.748518 8.213167 -0.101115 0.974317 -0.201200 -0.942184 -0.028839 0.333853 -0.319476 -0.223325 -0.920902
1.301432 -8.107769 11.147482 23.749975 -0.217589 0.965790 -0.141086 -0.865722 -0.124213 0.484867 -0.450755 -0.227643 -0.863133
5.385167 -7.602020 212.167509 49.444886 -0.076620 0.965445 -0.249088 -0.897703 0.041918 0.438603 -0.433889 -0.257213 -0.863471
1.572696 -8.269865 18.087788 33.734806 -0.230472 0.965051 -0.124734 -0.774703 -0.104406 0.623646 -0.588828 -0.240365 -0.771691
7.720128 -8.473105 541.118021 3.801758 -0.064707 0.976513 -0.205514 -0.948296 0.003954 0.317362 -0.310720 -0.215423 -0.925768
2.415093 -7.827495 11.287077 42.237452 -0.254939 0.952126 -0.168708 -0.782216 -0.100499 0.614848 -0.568458 -0.288715 -0.770389
7.895622 -6.487010 355.786039 81.230188 -0.039436 0.960708 -0.274746 -0.874009 0.100104 0.475487 -0.484307 -0.258882 -0.835719
12.794732 -7.126651 607.286392 26.932020 0.012040 0.969344 -0.245411 -0.933106 0.099105 0.345674 -0.359399 -0.224833 -0.905695
1.676706 -14.829733 2.607960 -176.794048 0.232480 0.971949 0.035599 0.806965 -0.213191 0.550779 -0.542919 0.099318 0.833892
1.871965 -14.125240 -8.642140 -189.925495 0.131367 0.990851 0.030951 0.783785 -0.122929 0.608744 -0.606979 0.055710 0.792763
2.583649 -14.232253 8.284686 -102.569482 0.196219 0.980517 0.009147 0.698699 -0.146355 0.700286 -0.687981 0.131018 0.713804
2.233919 -15.134870 4.856922 -148.295707 0.293417 0.955650 0.025308 0.737493 -0.243121 0.630076 -0.608285 0.166211 0.776121
-0.917383 -13.403125 22.380623 82.504062 0.405113 0.913929 -0.024863 0.817701 -0.350026 0.456997 -0.408960 0.205466 0.889120
-1.543662 -12.633962 31.940662 74.775699 0.388283 0.921509 -0.007632 0.838949 -0.350045 0.416694 -0.381315 0.168198 0.909015
-0.954013 -12.200258 30.149643 72.739059 0.384861 0.922272 -0.036012 0.889308 -0.360098 0.281888 -0.247010 0.140514 0.958771
-1.532050 -13.545664 35.082479 64.428178 0.413124 0.910671 -0.002565 0.721925 -0.325781 0.610484 -0.555114 0.254057 0.792025
-0.369949 -12.777683 25.999574 95.845779 0.400144 0.915288 -0.046189 0.878757 -0.368892 0.302826 -0.260135 0.161763 0.951926
-0.303091 -14.173339 17.531650 94.399765 0.418936 0.907790 -0.020233 0.795987 -0.356435 0.489243 -0.436919 0.221067 0.871913
-0.858497 -14.471434 13.283274 31.909976 0.423988 0.905662 -0.003230 0.673548 -0.312935 0.669631 -0.605448 0.286091 0.742687
0.022120 -7.562328 -11.529329 -65.776578 -0.279080 0.959532 -0.037583 0.637676 0.214447 0.739853 -0.717973 -0.182512 0.671718
0.438803 -6.477732 0.356666 8.118022 -0.266710 0.962964 -0.039580 0.579257 0.192988 0.791970 -0.770277 -0.188300 0.609275
-0.070200 -7.699328 -1.583090 -77.797515 -0.227444 0.973759 0.007864 0.649893 0.145774 0.745915 -0.725195 -0.174764 0.665995
0.449918 -7.056934 -5.713579 -16.335660 -0.324676 0.942168 -0.083103 0.574601 0.266272 0.773908 -0.751279 -0.203518 0.627822
-0.182099 -7.183114 0.706587 -33.698805 -0.316874 0.943656 -0.095413 0.664422 0.292641 0.687681 -0.676856 -0.154514 0.719716
0.488254 -7.202673 24.213807 77.343804 -0.034068 0.991478 -0.125742 -0.632230 -0.118821 -0.765616 0.774032 -0.053415 -0.630890
0.237145 -7.948579 35.633874 104.386521 -0.007512 0.997397 -0.071709 -0.563663 -0.063457 -0.823564 0.825971 -0.034233 -0.562672
0.317912 -8.154169 4.095695 95.175207 0.013112 0.996493 -0.082637 -0.616909 -0.056979 -0.784969 0.786925 -0.061272 -0.613998
0.252461 -7.455005 33.121541 66.890596 -0.029779 0.993810 -0.107032 -0.541095 -0.106061 -0.834247 0.840434 -0.033072 -0.540903
0.715942 -7.148297 8.377186 67.366646 -0.034241 0.989752 -0.138633 -0.704618 -0.122281 -0.698971 0.708760 -0.073750 -0.701584
0.625500 -6.685184 2.359062 37.292731 -0.044079 0.981080 -0.188518 -0.614456 -0.175412 -0.769204 0.787719 -0.081931 -0.610562
0.511930 -8.434171 -31.951477 19.572193 -0.091202 0.968167 -0.233096 0.988227 0.059117 -0.141113 -0.122841 -0.243222 -0.962161
0.255161 -7.914253 -28.827762 25.226812 -0.052211 0.971464 -0.231369 0.993510 0.027086 -0.110471 -0.101051 -0.235636 -0.966574
0.501799 -7.983232 -43.288761 26.616885 -0.050394 0.967055 -0.249530 0.998722 0.047849 -0.016258 -0.003783 -0.250030 -0.968231
1.028690 -8.317458 -22.999040 22.101751 -0.083151 0.974211 -0.209758 0.994946 0.093048 0.037748 0.056292 -0.205559 -0.977024
0.628408 -7.965214 -46.366581 9.118896 -0.035488 0.967422 -0.250671 0.994052 0.060013 0.090877 0.102960 -0.245955 -0.963797
0.163998 -7.794221 -30.296956 17.707865 -0.022125 0.971673 -0.235289 0.998685 0.032369 0.039768 0.046257 -0.234100 -0.971111
-1.254416 -8.321689 5.742336 -133.624998 -0.188462 0.982080 -0.001040 0.670898 0.127972 -0.730423 0.717201 0.138355 0.682994
-1.162040 -8.228649 44.718538 -52.713628 -0.213309 0.976488 -0.031159 0.587110 0.102628 -0.802976 0.780898 0.189576 0.595197
-1.060710 -8.758669 10.873380 8.848898 -0.192269 0.981342 0.000293 0.674648 0.132397 -0.726169 0.712659 0.139422 0.687516
-0.569570 -25.227009 36.098621 133.833759 -0.140037 0.949911 -0.279389 -0.627946 0.132964 0.766814 -0.765554 -0.282824 -0.577873
-0.717120 -22.866561 22.507935 212.741312 -0.163795 0.948716 -0.270387 -0.331492 0.205219 0.920868 -0.929131 -0.240465 -0.280878
-0.447017 -23.640444 12.344352 12.217992 -0.143971 0.950326 -0.275957 -0.368431 0.207339 0.906239 -0.918439 -0.232143 -0.320279
0.606943 -6.362937 193.918015 45.884565 0.417604 -0.463323 -0.781626 -0.018242 0.855777 -0.517023 0.908446 0.230169 0.348924
0.390315 -5.350726 183.812058 33.630629 0.396086 -0.379755 -0.836003 -0.159217 0.868271 -0.469847 0.904304 0.319206 0.283447
-3.916684 -6.684987 230.265681 -2.931851 0.415027 -0.318601 -0.852201 -0.138156 0.903749 -0.405155 0.899258 0.285887 0.331064
2.618400 -4.831253 96.415630 66.504227 0.470289 -0.436503 -0.767003 -0.083519 0.843198 -0.531076 0.878552 0.313818 0.360091
-3.043174 -7.143827 236.994949 4.271956 0.425880 -0.445967 -0.787236 0.050705 0.880482 -0.471360 0.903358 0.160826 0.397592
0.448922 -7.827922 196.713310 90.370948 0.427271 -0.473254 -0.770370 0.092749 0.870510 -0.483331 0.899354 0.135063 0.415838
2.661530 -6.647517 105.397759 123.151445 0.470875 -0.498537 -0.727831 0.036980 0.835447 -0.548326 0.881424 0.231278 0.411827
-0.065342 -73.049537 628.758558 -2180.769187 0.762091 -0.416387 -0.495822 0.191485 0.876471 -0.441737 0.618507 0.241701 0.747683
-3.801184 -82.578431 209.031731 -2494.775017 0.657833 -0.620559 -0.426804 0.400754 0.768203 -0.499260 0.637692 0.157386 0.754041
-21.540275 -177.615731 328.425934 -6568.350792 -0.659272 0.714680 0.233652 0.262197 0.509755 -0.819392 0.704708 0.478940 0.523454
-15.566314 -19.066654 14.338467 28.831010 0.847329 -0.080898 -0.524871 -0.066547 0.964366 -0.256068 0.526883 0.251902 0.811751
-7.934511 -16.592526 380.217465 472.225290 0.746822 0.268789 -0.608283 -0.303711 0.951574 0.047601 0.591621 0.149193 0.792291
-19.918898 -45.213941 -264.272542 -1001.552971 0.809688 -0.373604 -0.452578 0.100508 0.848068 -0.520268 0.578191 0.375767 0.724220
-3.389983 -7.306747 26.422177 -132.261300 0.209950 0.830089 -0.516597 0.766951 0.187878 0.613587 -0.606389 0.525027 0.597192
-3.912235 -8.743187 9.947389 -163.124138 0.276939 0.863712 -0.421077 0.793143 0.041902 0.607593 -0.542429 0.502240 0.673443
-3.872533 -8.911663 -15.720600 -140.409025 -0.185062 -0.808761 0.558262 0.839947 0.164716 0.517066 -0.510138 0.564600 0.648834
-3.398663 -8.071825 -31.348966 -129.436188 -0.021552 -0.715374 0.698409 0.844438 0.360951 0.395777 -0.535220 0.598293 0.596310
-2.843178 -6.722319 30.611092 -86.991746 0.049805 0.745467 -0.664679 0.782173 0.384724 0.490094 -0.621067 0.544303 0.563924
-4.343718 -10.090654 -11.257671 -154.605369 -0.090643 -0.753424 0.651257 0.906462 0.208415 0.367273 -0.412444 0.623630 0.664059
-4.886281 -11.386163 13.720705 -133.867764 -0.217761 -0.826133 0.519697 0.919390 0.005081 0.393315 -0.327571 0.563453 0.758431
0.285081 -12.078168 -17.772146 -76.047143 0.102718 0.990013 0.096560 0.173394 0.077766 -0.981777 0.979481 -0.117589 0.163675
0.448807 -12.766447 -15.776737 -105.182230 0.100479 0.992674 0.067094 0.098485 0.057181 -0.993494 0.990053 -0.106433 0.092018
0.023888 -12.316362 -18.705298 -24.307885 0.112181 0.991077 0.071980 -0.072331 0.080389 -0.994136 0.991052 -0.106317 -0.080704
-0.057102 -11.479081 -9.423933 -102.696429 0.102794 0.989423 0.102348 0.073945 0.095008 -0.992726 0.991950 -0.109615 0.063397
0.386753 -252.028571 2885.270082 13293.680013 0.590709 -0.030152 -0.806321 -0.245011 0.945415 -0.214848 0.768787 0.324470 0.551077
-28.006720 -261.293168 1212.046735 -14298.152879 0.679494 -0.007672 -0.733641 0.183971 0.969780 0.160252 0.710241 -0.243859 0.660372
-109.826795 -195.967853 -161.931109 10873.123685 0.691325 0.585235 -0.423757 -0.146618 -0.460653 -0.875387 0.707512 -0.667307 0.232655
-34.941713 -576.304627 -148.088282 39975.089253 0.981318 0.024319 -0.190851 -0.117534 -0.709581 -0.694753 0.152319 -0.704204 0.693466
-29.508472 -2173.604804 -649.914779 109284.981325 0.948873 0.314448 0.027598 0.051325 -0.067427 -0.996403 0.311456 -0.946877 0.080118
-31.498205 -53.797772 1056.930871 20.066993 -0.052681 0.996661 -0.062374 -0.290247 0.044482 0.955917 -0.955501 -0.068463 -0.286934
-21.489102 -63.451844 842.826894 -951.003985 0.164146 0.984536 0.061190 -0.435729 0.016715 0.899923 -0.884984 0.174381 -0.431734
-30.481699 -67.940210 956.507673 -2028.568060 -0.053576 0.994055 -0.094790 -0.665481 0.035229 0.745583 -0.744490 -0.103027 -0.659637
-7.814676 -12.611609 -30.513520 292.472251 0.190105 0.881695 0.431827 -0.648825 0.442934 -0.618737 0.736808 0.162555 -0.656270
-7.951520 -11.550912 87.618845 79.795385 -0.276901 0.955852 0.098348 -0.526675 -0.065368 -0.847549 0.803703 0.286484 -0.521524
-9.831961 -12.238452 71.114680 160.475101 0.096533 0.857247 0.505775 -0.565744 0.465338 -0.680730 0.818911 0.220427 -0.529903
-6.691197 -10.606743 -2.750932 88.968620 -0.436009 0.899327 -0.033282 -0.512319 -0.278446 -0.812402 0.739882 0.337163 -0.582147
-0.160751 -10.489592 -178.105803 -97.230279 -0.326794 0.914489 -0.238571 -0.672057 -0.047375 0.738982 -0.664489 -0.401828 -0.630071
-1.351586 -11.421207 -141.759182 22.816550 -0.368702 0.918075 -0.145591 -0.333170 0.015699 0.942736 -0.867788 -0.396096 -0.300086
-2.633045 -4.769796 27.542104 -37.418520 -0.581721 -0.465415 0.667075 -0.046686 0.837872 0.543867 -0.812048 0.285236 -0.509136
-3.003230 -5.414123 -38.993733 -38.384917 0.518581 0.732066 -0.441761 -0.178937 0.598141 0.781159 -0.836096 0.326047 -0.441178
-0.551144 -6.427534 5.572974 72.462037 -0.059233 0.994455 -0.086895 0.998142 0.057758 -0.019401 -0.014275 -0.087883 -0.996029
-0.673108 -6.286508 -36.447422 76.541237 -0.051584 0.991406 -0.120225 0.998662 0.051632 -0.002718 0.003513 -0.120204 -0.992743
-0.704793 -6.803897 8.008484 -3.317951 0.000503 0.995429 -0.095503 0.999443 0.002687 0.033266 0.033371 -0.095467 -0.994873
0.085128 -7.314922 50.988989 63.373419 0.061601 0.996877 0.049406 0.959397 -0.072791 0.272507 -0.275252 -0.030614 0.960885
-0.145178 -7.834069 23.214869 45.196014 0.036249 0.996932 0.069368 0.911600 -0.061429 0.406462 -0.409477 -0.048502 0.911030
1.646845 -15.328683 -5.889111 108.170747 0.326408 0.945228 0.001138 -0.791990 0.272834 0.546180 -0.515955 0.179178 -0.837667
-1.787760 -16.333265 -26.686841 196.894412 0.180285 0.983614 -0.001306 0.911533 -0.167572 -0.375535 0.369601 -0.066513 0.926807
-2.403060 -17.097247 -57.899138 82.407848 0.191599 0.981460 0.005013 0.963522 -0.187120 -0.191339 0.186853 -0.041490 0.981511
-1.643659 -16.830478 9.383097 177.688165 0.154888 0.987924 -0.003979 0.930705 -0.147266 -0.334814 0.331357 -0.048155 0.942276
-0.450371 -7.337929 -2.733353 -31.879641 -0.551761 -0.829198 -0.089389 0.833698 -0.545489 -0.085960 0.022517 -0.121953 0.992280
-0.133437 -5.970959 24.638414 -20.236380 -0.351893 -0.929667 -0.109043 0.934080 -0.356300 0.023335 -0.060546 -0.093643 0.993763
1.020293 -6.684127 47.117753 -48.478528 0.123859 0.953537 0.274638 0.521184 0.173007 -0.835725 0.844408 -0.246650 0.475540
1.799001 -6.639781 48.623302 -34.784108 0.120672 0.933984 0.336321 0.523070 0.228124 -0.821193 0.843704 -0.275015 0.461011
1.569726 -6.265504 50.470352 1.036119 0.130055 0.953549 0.271718 0.589640 0.145938 -0.794372 0.797127 -0.263528 0.543270
109.918372 -23.737399 -5883.138295 -417.186623 -0.261925 -0.957492 -0.120849 0.961097 -0.247411 -0.122803 0.087684 -0.148312 0.985046
36.507400 -10.236950 -1954.622997 -132.921226 -0.127790 -0.964585 -0.230751 0.965342 -0.067585 -0.252086 0.227563 -0.254968 0.939791
73.185162 -14.668308 -3687.571907 -154.919799 -0.215835 -0.916535 -0.336719 0.975964 -0.191847 -0.103389 0.030161 -0.350940 0.935912
-1.555519 -23.313542 -34.979055 71.787396 -0.560212 0.822660 0.096918 -0.619913 -0.493973 0.609671 -0.549427 -0.281464 -0.786707
-1.240582 -21.101371 -2.269262 120.287750 -0.525648 0.840742 0.129792 -0.657210 -0.498211 0.565562 -0.540156 -0.211986 -0.814428
-1.090065 -23.606655 -11.175071 117.013291 -0.520973 0.846166 0.112207 -0.784992 -0.526584 0.326338 -0.335222 -0.081932 -0.938570
-1.288188 -22.206842 20.117294 86.286191 -0.502587 0.846801 0.174169 -0.706466 -0.518400 0.481838 -0.498309 -0.119121 -0.858777
-1.069323 -22.802645 -26.296424 110.955471 -0.538905 0.837700 0.088546 -0.761025 -0.529234 0.375170 -0.361141 -0.134796 -0.922717
-6.789565 -561.162597 -186.246452 32782.808204 -0.384299 0.886086 -0.259163 -0.869985 -0.441520 -0.219515 0.308935 -0.141109 -0.940557
-29.410976 -926.993075 -224.431179 -1925.960666 -0.420796 0.897355 -0.132987 0.078860 -0.109858 -0.990814 0.903721 0.427418 0.024538
-66.411941 -1381.777896 1989.635074 -33998.069133 -0.381566 0.916061 -0.123448 0.083813 -0.098714 -0.991580 0.920534 0.388700 0.039112
-7.774223 -2710.363068 -205.698776 -252354.770646 -0.431660 0.874061 -0.222906 0.888540 0.454602 0.061921 0.155456 -0.171332 -0.972871
-78.439739 -1014.408294 2806.046833 -37968.150922 -0.373577 0.926198 -0.050959 0.146805 0.004790 -0.989154 0.915908 0.377006 0.137760
-18.476753 -951.443204 -1035.512258 -118221.988255 0.486505 -0.868047 0.099033 0.873375 0.480221 -0.081259 0.022979 0.126026 0.991761
-24.582747 -236.080893 -1180.724448 6283.324130 0.843702 -0.511462 0.163012 -0.244397 -0.636348 -0.731663 -0.477950 -0.577466 0.661889
-1.426449 -205.342355 -300.821172 -8418.290841 0.814057 -0.510044 0.277788 0.475824 0.859958 0.184562 -0.333021 -0.018065 0.942746
2.856275 -168.941903 -549.054577 8380.345745 0.846442 -0.456941 0.273389 0.017873 -0.488755 -0.872238 -0.532181 -0.743185 0.405535
3.939298 -2.204783 60.510371 -11.118057 -0.056231 -0.022047 0.998174 0.439794 0.896991 0.044588 -0.896337 0.441498 -0.040743
4.226178 -2.191727 -52.176452 -10.040003 -0.187438 -0.016536 0.982137 0.434625 0.895261 0.098020 -0.880890 0.445234 -0.160619
3.623399 -2.448204 -97.560854 -28.070851 -0.264429 -0.029613 0.963950 0.427512 0.892356 0.144688 -0.864471 0.450360 -0.223304
-0.464851 -1.761835 8.236462 41.902680 0.034392 0.255553 0.966183 0.355665 0.900335 -0.250796 -0.933981 0.352263 -0.059926
-0.372216 -1.970043 -7.862646 42.342323 -0.031960 0.081736 0.996141 0.333214 0.940505 -0.066480 -0.942309 0.329804 -0.057294
-0.648700 -1.374944 -12.257928 42.713124 -0.074130 -0.044179 0.996270 0.351488 0.933752 0.067560 -0.933253 0.355185 -0.053690
3.205742 -43.331017 -40.655260 -1270.254219 0.105997 0.974423 -0.198154 0.433297 -0.224624 -0.872810 0.894996 -0.006656 0.446024
5.732025 -60.719030 -171.738933 -1767.803598 0.113405 0.972394 -0.203936 0.189069 -0.222630 -0.956394 0.975393 -0.069902 0.209097
2.514006 -40.901412 -49.385436 -357.692128 0.132670 0.971526 -0.196304 0.046521 -0.203940 -0.977877 0.990068 -0.120603 0.072254
-3.258406 -13.408527 53.988263 -161.867473 0.948736 -0.312122 -0.049805 -0.305492 -0.945952 0.108852 0.081088 0.088057 0.992809
3.301256 -0.840926 -70.764476 -25.762890 -0.190290 0.049800 0.980464 -0.056838 0.996478 -0.061645 -0.980081 -0.067458 -0.186789
3.066292 -0.799974 124.368634 -9.042443 0.008673 0.085817 0.996273 -0.043181 0.995413 -0.085367 -0.999030 -0.042280 0.012339
3.984487 -0.681874 -5.659217 -14.408767 -0.146785 0.073750 0.986415 -0.055494 0.995032 -0.082652 -0.987611 -0.066872 -0.141963
3.489400 -0.402527 -240.256365 -16.819172 -0.327804 -0.000099 0.944746 -0.080940 0.996326 -0.027980 -0.941272 -0.085640 -0.326608
3.233165 -0.679702 -191.490321 -15.678717 -0.304114 0.000903 0.952635 -0.061514 0.997894 -0.020583 -0.950647 -0.064860 -0.303418
-4.736426 -13.406739 237.586240 -556.118035 0.191945 0.979680 -0.058170 0.887739 -0.148050 0.435890 -0.418421 0.135307 0.898118
10.003571 -6.427064 218.671581 -203.203735 0.004126 0.870406 -0.492317 -0.293061 0.471758 0.831601 -0.956085 -0.140847 -0.257028
4.191952 -4.965415 -168.036164 -310.122567 -0.132969 0.832955 -0.537126 -0.088310 0.529826 0.843496 -0.987178 -0.159592 -0.003108
107.726315 -24.862410 -5520.157967 834.608987 -0.298477 0.869172 -0.394275 0.124790 0.445099 0.886744 -0.946224 -0.215471 0.241315
-0.448472 -7.013576 -5.963772 -118.946582 0.174490 -0.984123 -0.032498 0.984645 0.174217 0.011064 -0.005226 -0.033929 0.999411
-0.391806 -7.193921 0.242977 -19.925334 -0.189894 0.980751 0.045481 0.979753 0.186301 0.073314 -0.063429 -0.058482 0.996271
-0.364543 -7.235606 6.203847 -26.475221 -0.192334 0.979628 0.057762 0.977875 0.186390 0.094971 -0.082270 -0.074750 0.993803
-0.383477 -7.180663 -15.256691 -86.857754 0.194843 -0.979301 -0.054827 0.980062 0.192168 0.050492 -0.038911 -0.063572 0.997218
0.714620 -8.095084 23.935906 -13.202131 -0.194507 0.970136 -0.144925 -0.919587 -0.128931 0.371128 -0.341360 -0.205458 -0.917203
0.561322 -8.096488 19.409141 -6.860710 -0.164055 0.976144 -0.142226 -0.893930 -0.086151 0.439849 -0.417103 -0.199300 -0.886738
1.269146 -8.193320 45.336121 28.747505 -0.191575 0.976464 -0.099082 -0.786988 -0.092505 0.609994 -0.586472 -0.194836 -0.786187
1.088397 -13.717062 -4.901737 3.480773 0.175331 0.983741 0.038901 0.919028 -0.177711 0.351862 -0.353054 0.025941 0.935243
1.424898 -13.173951 -1.258973 -94.962915 0.089412 0.995508 0.031131 0.877954 -0.093536 0.469519 -0.470322 0.014649 0.882373
2.181140 -12.849464 -10.404746 -185.323617 0.029459 0.999363 0.020133 0.755759 -0.035451 0.653890 -0.654187 0.004047 0.756322
-1.902121 -13.299251 35.722405 69.533775 0.392341 0.919746 0.011619 0.776878 -0.338108 0.531172 -0.492473 0.199374 0.847184
0.008733 -8.931503 8.281661 46.086152 0.036884 0.998913 -0.028501 -0.457407 -0.008482 -0.889217 0.888492 -0.045834 -0.456597
-0.084682 -8.980893 14.110290 64.673813 0.022274 0.999312 -0.029659 -0.381349 -0.018931 -0.924237 0.924163 -0.031897 -0.380665
-0.063667 -9.828455 -13.325481 68.761603 0.071731 0.997339 -0.013025 -0.481204 0.023165 -0.876303 0.873669 -0.069126 -0.481585
-0.295017 -10.408087 -15.425972 27.669686 0.074645 0.997067 0.016882 -0.326223 0.040413 -0.944429 0.942341 -0.064990 -0.328283
-0.191988 -9.975374 16.413859 38.410678 0.049422 0.998661 0.015276 -0.304262 0.029622 -0.952128 0.951305 -0.042408 -0.305319
-0.000794 -8.215173 -18.340019 6.734159 -0.064642 0.973284 -0.220315 0.971723 0.011148 -0.235860 -0.227103 -0.229332 -0.946484
-1.282244 -9.244733 -26.004339 -88.261640 -0.108242 0.994094 0.007848 0.680856 0.079883 -0.728048 0.724375 0.073462 0.685481
-0.907321 -9.795498 0.896742 -82.795234 -0.087208 0.995750 -0.029621 0.669789 0.036598 -0.741649 0.737412 0.084518 0.670134
-1.446885 -9.701425 -45.360936 -22.963636 -0.057219 0.998035 -0.025545 0.512487 0.007404 -0.858663 0.856786 0.062224 0.511904
-0.757214 -9.006914 -11.208192 -71.164759 -0.097490 0.995236 -0.000555 0.753269 0.073423 -0.653602 0.650448 0.064138 0.756838
-1.567207 -9.251085 -56.265497 -29.478769 -0.086150 0.996244 -0.008756 0.524032 0.037837 -0.850858 0.847330 0.077890 0.525323
0.046067 -35.869299 78.373096 744.167286 -0.150265 0.949547 -0.275282 0.685612 -0.100525 -0.720993 0.712290 0.297077 0.635915
2.576585 -32.042389 190.149332 654.371640 -0.152325 0.923027 -0.353297 0.613323 -0.192029 -0.766133 0.775004 0.333386 0.536863
0.427110 -34.088195 120.556175 115.832703 -0.139576 0.936796 -0.320829 0.871228 -0.037807 -0.489421 0.470618 0.347827 0.810886
2.390425 -36.052853 158.675612 275.954243 -0.094986 0.928876 -0.358005 0.848104 -0.112798 -0.517683 0.521245 0.352798 0.777069
-1.385601 -35.995200 39.915491 -234.254714 -0.141154 0.957318 -0.252228 0.928378 0.039525 -0.369531 0.343789 0.286323 0.894331
0.900860 -34.284385 -140.114398 -372.576720 0.117722 -0.933010 0.340050 0.979935 0.053683 -0.191951 0.160837 0.355824 0.920609
-0.840054 -33.915471 -54.580753 -492.588543 0.141781 -0.949405 0.280230 0.980946 0.096767 -0.168466 0.132825 0.298776 0.945035
2.126216 -3.880804 72.585149 26.201704 0.450002 -0.308535 -0.838036 -0.212522 0.874461 -0.436064 0.867371 0.374331 0.327939
0.754612 -4.668794 161.945401 7.227048 0.347618 -0.193916 -0.917365 -0.325569 0.892545 -0.312038 0.879299 0.407136 0.247132
6.886723 -366.909661 -0.444635 -19343.909395 -0.618953 0.784284 0.042379 -0.038011 0.023982 -0.998990 0.784508 0.619939 -0.014967
-35.922973 -307.162232 1074.708929 -8314.085293 -0.693653 0.708749 0.128532 0.537699 0.628225 -0.562329 0.479297 0.320950 0.816863
0.972549 -18.176731 34.273168 -104.548689 0.073243 0.995948 -0.052189 0.888459 -0.041386 0.457086 -0.453074 0.079847 0.887890
0.976922 -17.676412 45.594956 45.671462 0.067920 0.995713 -0.062792 0.983987 -0.056459 0.169062 -0.164792 0.073269 0.983603
0.891967 -17.754427 26.972867 -108.378411 0.080872 0.996342 -0.027595 0.924379 -0.064618 0.375963 -0.372805 0.055913 0.926224
1.379289 -16.928013 3.511430 80.410869 0.101963 0.994641 0.017091 0.994219 -0.102471 0.032063 -0.033642 -0.013723 0.999340
0.812492 -16.789768 17.222050 -176.557368 0.060419 0.997546 -0.035381 0.778377 -0.024895 0.627304 -0.624884 0.065441 0.777970
0.822901 -16.618239 -8.376385 -103.240637 0.056020 0.998411 0.006153 0.827761 -0.049889 0.558859 -0.558277 0.026214 0.829240
1.101516 -17.047467 -19.836206 -23.949822 0.090803 0.995002 0.041538 0.949844 -0.099065 0.296617 -0.299250 -0.012520 0.954093
-3.632233 -7.855195 13.230409 -128.447218 0.274604 0.882845 -0.381020 0.739277 0.059542 0.670764 -0.614868 0.465874 0.636317
-4.392964 -10.052812 5.527196 -129.188994 0.323517 0.897379 -0.300080 0.809463 -0.098242 0.578894 -0.490006 0.430186 0.758178
-0.131340 -8.937207 -47.422669 -5.707029 -0.115008 0.993343 -0.006586 0.887441 0.099763 -0.449996 0.446343 0.057598 0.893006
-0.550078 -9.207313 -37.244226 -12.038850 -0.106985 0.993789 -0.030628 0.891940 0.082319 -0.444597 0.439314 0.074883 0.895207
-0.322972 -8.292737 -19.217508 -67.943841 -0.089358 0.995243 -0.038812 0.963413 0.076483 -0.256879 0.252688 0.060346 0.965664
-0.089492 -9.271596 -44.749941 36.984020 -0.139340 0.990218 -0.007286 0.813063 0.110205 -0.571649 0.565254 0.085577 0.820466
0.171196 -8.297807 -34.946267 -14.961603 -0.131847 0.991266 -0.002956 0.908503 0.119645 -0.400385 0.396534 0.055475 0.916342
0.327351 -8.745700 -25.752126 6.086600 -0.163768 0.986481 0.005938 0.818971 0.139310 -0.556667 0.549969 0.086301 0.830714
-62.222223 -344.045861 -3296.380994 -23382.259818 0.978942 -0.197928 -0.049972 -0.183993 -0.961524 0.204006 0.088428 0.190515 0.977693
-4.310610 -10.433778 -233.994812 33.597806 0.200758 0.965081 0.168271 -0.573252 0.255020 -0.778683 0.794405 -0.059865 -0.604432
