17259
34490
-4.192658 -5.204945 -16.311177 -54.718833 -0.178542 0.884485 -0.431056 -0.225322 -0.463207 -0.857129 0.957785 0.055907 -0.281996
-3.599835 -5.416204 -14.110013 27.996848 -0.234304 0.652497 -0.720659 0.234183 0.757348 0.609576 0.943536 -0.025940 -0.330253
-4.543064 -6.323971 -45.988688 -38.169626 -0.138501 0.873298 -0.467084 -0.388400 -0.481743 -0.785537 0.911023 -0.072618 -0.405911
-3.605530 -5.073010 -8.818025 23.936889 -0.208245 0.488786 -0.847185 0.187892 0.870033 0.455783 0.959860 -0.064264 -0.273019
-3.945993 -7.726299 13.863931 -103.001312 -0.092136 0.993127 -0.072183 -0.398616 -0.103216 -0.911291 0.912478 0.055189 -0.405386
-2.952225 -7.391374 32.123405 -116.614251 -0.191338 0.979792 -0.058286 -0.289158 -0.113016 -0.950587 0.937965 0.165030 -0.304939
-3.448296 -4.401138 24.538683 -62.619860 -0.201163 0.971815 -0.122920 -0.179424 -0.159918 -0.970687 0.962985 0.173211 -0.206537
-3.067533 -4.199512 -14.525019 23.334120 -0.224999 0.250721 -0.941549 -0.024659 0.964552 0.262739 0.974047 0.082333 -0.210841
3.310638 -7.153898 -7.353696 24.174748 -0.486252 0.866811 0.110442 0.683235 0.455943 -0.570357 0.544747 0.201879 0.813939
3.305665 -6.778373 1.656711 13.238553 -0.475952 0.879158 -0.023471 0.754585 0.394512 -0.524368 0.451743 0.267285 0.851168
2.815524 -6.754951 5.085653 13.916899 -0.527713 0.845467 0.081878 0.605666 0.442108 -0.661595 0.595556 0.299541 0.745377
4.102505 -7.649537 -8.260429 1.394952 -0.452429 0.885754 0.103671 0.790339 0.452090 -0.413495 0.413124 0.105142 0.904585
3.475996 -7.185718 15.027929 50.980792 -0.515975 0.842037 0.157300 0.577179 0.477440 -0.662507 0.632957 0.251047 0.732353
4.114186 -7.725112 9.475661 23.730290 -0.474941 0.863549 0.169455 0.701111 0.487682 -0.520202 0.531860 0.128258 0.837063
-2.443822 -4.587866 77.479079 4.806263 -0.522709 0.352150 -0.776380 -0.265007 0.798460 0.540585 0.810276 0.488314 -0.324040
-2.289111 -4.305139 63.847650 -3.604773 -0.523254 0.327935 -0.786552 -0.180519 0.859390 0.478394 0.832837 0.392310 -0.390481
-1.001789 -4.215794 82.466308 0.386651 -0.583633 0.453949 -0.673277 -0.144178 0.758035 0.636078 0.799115 0.468308 -0.376965
-1.376942 -4.069420 65.715427 -6.300233 -0.566109 0.434010 -0.700825 -0.059022 0.826653 0.559609 0.822215 0.358164 -0.442359
-0.506018 -4.189829 98.792874 6.724766 -0.612916 0.518999 -0.595797 -0.203521 0.624895 0.753715 0.763487 0.583221 -0.277381
1.201188 -4.004386 57.514883 0.384294 -0.578824 0.573235 -0.579969 -0.120366 0.643373 0.756031 0.806520 0.507417 -0.303402
0.536710 -4.014305 77.687761 2.635434 -0.588784 0.534841 -0.606034 -0.044901 0.726973 0.685196 0.807042 0.430644 -0.404016
111.132190 2.721207 4953.250976 -254.416148 0.956804 0.105422 0.270946 -0.148674 -0.623451 0.767597 -0.249843 0.774723 0.580847
48.183627 0.883700 2122.399122 -17.678878 0.966874 0.015070 0.254810 -0.148579 -0.778489 0.609819 -0.207557 0.627477 0.750462
75.988082 -5.868301 3790.674373 139.520505 0.881454 0.463362 0.091294 0.129892 -0.423714 0.896434 -0.454056 0.778307 0.433671
54.260242 6.334683 589.454425 -327.242178 0.588616 0.732322 0.342398 -0.092698 -0.359609 0.928487 -0.803081 0.578262 0.143787
16.840494 -1.122525 476.735443 -126.202329 0.835028 0.325317 0.443731 -0.116401 -0.683775 0.720349 -0.537754 0.653162 0.533104
15.758584 1.025903 -117.839700 251.318064 0.555155 0.581224 0.594964 0.157081 0.629180 -0.761221 -0.816780 0.516053 0.257993
35.421201 3.523320 -1064.999706 405.974194 0.392046 0.606606 0.691613 0.320252 0.614779 -0.720753 -0.862403 0.504059 0.046755
-0.136921 -4.137135 -81.808683 5.928875 0.324467 -0.774565 0.542928 0.939977 0.199916 -0.276544 0.105662 0.600069 0.792939
0.021564 -3.959861 -87.823986 6.529253 0.329500 -0.773047 0.542059 0.913607 0.116196 -0.389641 0.238226 0.623616 0.744548
1.406565 -4.089150 -87.588168 4.967740 0.331431 -0.773606 0.540080 0.935567 0.195496 -0.294103 0.121936 0.602756 0.788554
1.310564 -4.198693 -84.907250 2.794302 0.333888 -0.770261 0.543339 0.942509 0.281344 -0.180338 -0.013958 0.572314 0.819915
-0.177101 -4.264472 -76.784697 2.643789 0.326792 -0.774551 0.541551 0.944638 0.285543 -0.161633 -0.029443 0.564390 0.824983
0.600079 -7.236277 -3.479713 -50.787879 -0.384385 0.737746 -0.554958 0.343975 -0.443401 -0.827694 0.856697 0.509045 0.083329
0.395333 -8.821010 -7.082577 -52.645327 -0.369652 0.769178 -0.521269 0.094014 -0.527165 -0.844546 0.924402 0.361195 -0.122554
0.210397 -8.612984 -7.799207 -97.804320 -0.371558 0.779559 -0.504214 0.334450 -0.394241 -0.855989 0.866076 0.486684 0.114240
0.475803 -6.129199 -1.596526 -55.306407 -0.389442 0.735256 -0.554738 0.527960 -0.315315 -0.788565 0.754714 0.599979 0.265389
-0.389861 -10.146153 -17.980004 -139.369145 -0.362954 0.816689 -0.448646 0.326480 -0.339500 -0.882128 0.872740 0.466646 0.143409
0.140050 -6.867107 -10.286529 -88.722946 -0.375602 0.768201 -0.518449 0.539774 -0.273411 -0.796172 0.753370 0.578889 0.311962
0.427758 -10.102801 0.577656 9.857337 -0.242031 0.827346 -0.506873 -0.136041 0.488308 0.862002 -0.960684 -0.277586 0.005633
0.434346 -11.260538 -2.042358 16.817835 -0.276462 0.816849 -0.506287 -0.161531 0.479827 0.862365 -0.947352 -0.320192 0.000707
0.449802 -10.235414 0.349098 4.840833 -0.247765 0.840482 -0.481874 -0.291591 0.409627 0.864396 -0.923898 -0.354677 -0.143586
0.273998 -9.499826 4.934917 10.654380 -0.211660 0.851026 -0.480578 -0.269733 0.421756 0.865659 -0.939385 -0.312853 -0.140280
0.247274 -9.251846 4.702575 18.505147 -0.209071 0.837329 -0.505144 -0.108885 0.493415 0.862952 -0.971820 -0.235420 0.011986
0.596590 -4.750844 315.250671 -17.237444 0.169397 0.609232 0.774688 0.959328 -0.282037 0.012029 0.225819 0.741142 -0.632230
-5.024614 -8.961159 74.203187 465.306832 0.893480 -0.402107 0.200010 0.113457 0.633008 0.765786 0.434536 0.661522 -0.611201
-4.054957 -5.358487 -178.890904 -85.234759 0.579819 0.559198 0.592543 0.796680 -0.541432 -0.268611 0.170616 0.627813 -0.759435
5.690512 -3.434590 -165.971379 -53.747889 0.153589 0.947007 -0.282114 -0.117891 -0.265900 -0.956765 0.981077 -0.180207 -0.070805
3.717936 -3.240016 -105.740917 -21.506343 0.152738 0.915483 -0.372240 -0.245120 -0.329796 -0.911675 0.957386 -0.230491 -0.174031
3.884514 -2.675309 -124.237923 -25.497591 0.224176 0.943921 -0.242402 -0.132623 -0.216870 -0.967150 0.965482 -0.248960 -0.076568
0.236170 -8.268960 1.688235 -53.990221 0.229519 -0.875693 0.424832 0.957885 0.280615 0.060917 -0.172559 0.392959 0.903220
0.246712 -7.857029 -0.415542 -33.522203 0.229597 -0.876786 0.422530 0.963813 0.265240 0.026673 -0.135459 0.401116 0.905956
0.233515 -7.687969 5.275982 -10.591284 0.245403 -0.876551 0.414048 0.922251 0.342704 0.178904 -0.298714 0.337953 0.892501
0.284997 -7.661700 -2.121464 -36.737695 -0.235774 0.873901 -0.425098 0.905430 0.356430 0.230553 -0.352998 0.330538 0.875293
0.329176 -8.427552 1.056930 -69.018967 0.233426 -0.868849 0.436594 0.946161 0.306503 0.104094 -0.224259 0.388790 0.893616
-0.147440 -11.534950 -3.107576 45.740072 -0.009913 0.953002 -0.302802 -0.347130 0.280705 0.894821 -0.937765 -0.113982 -0.328033
-0.176238 -12.233207 -5.667736 15.419075 -0.017557 0.956955 -0.289706 -0.564191 0.229731 0.793039 -0.825457 -0.177373 -0.535872
-0.140865 -11.488572 -6.223623 44.071965 -0.029722 0.950771 -0.308466 -0.400599 0.271404 0.875134 -0.915771 -0.149582 -0.372811
-0.086499 -10.461474 -6.502143 62.421964 -0.029095 0.945313 -0.324863 -0.206590 0.312297 0.927249 -0.977995 -0.094092 -0.186206
-0.382987 -11.624861 9.214373 50.215408 -0.011394 0.952820 -0.303321 -0.456594 0.264913 0.849319 -0.889602 -0.148172 -0.432033
-0.268198 -10.381111 3.109650 49.226841 -0.009964 0.942684 -0.333538 -0.183665 0.326154 0.927303 -0.982938 -0.070499 -0.169889
3.448274 -10.974348 65.869839 190.503333 -0.341237 0.936785 -0.077401 -0.079762 -0.110904 -0.990625 0.936587 0.331864 -0.112565
2.649107 -10.786374 78.148883 152.568728 -0.373170 0.925175 -0.069248 -0.024787 -0.084555 -0.996110 0.927432 0.370002 -0.054486
3.104270 -8.512148 106.428566 105.175808 -0.374414 0.926615 -0.034619 -0.209406 -0.120866 -0.970330 0.903307 0.356056 -0.239292
4.458512 -8.181420 99.680048 116.816959 -0.313916 0.948811 -0.034840 -0.234701 -0.113103 -0.965465 0.919985 0.294898 -0.258192
7.363016 -3.537459 140.501981 -3.021242 0.803058 0.074476 0.591228 0.265793 0.843231 -0.467243 -0.533340 0.532368 0.657368
7.118317 -3.721381 54.368483 47.649360 0.748880 0.272246 0.604203 0.188482 0.786570 -0.588033 -0.635337 0.554247 0.537733
11.475209 -2.496871 181.593821 122.259499 0.708623 0.493116 0.504667 0.081087 0.653592 -0.752490 -0.700912 0.574155 0.423165
5.967395 -3.683647 56.093245 87.982494 0.667022 0.571666 0.477787 -0.026292 0.658954 -0.751724 -0.744574 0.488854 0.454567
3.930436 -4.026926 -18.307023 3.015789 0.716276 0.337611 0.610711 0.058261 0.843185 -0.534458 -0.695380 0.418400 0.584284
-0.492921 -4.233077 231.985189 96.720482 -0.252122 0.932109 0.260016 -0.641599 -0.362161 0.676159 -0.724421 -0.003649 -0.689348
2.318990 -4.789866 150.048847 141.992833 -0.296519 0.930628 0.214492 -0.644440 -0.360728 0.674220 -0.704822 -0.061692 -0.706697
-1.574525 -6.541361 335.082424 94.783749 -0.424248 0.831757 0.358041 -0.657545 -0.554808 0.509728 -0.622614 0.019177 -0.782294
-4.642279 -6.371992 -15.347947 248.419436 0.397444 0.859241 -0.322093 -0.629721 0.510702 0.585350 -0.667450 0.029815 -0.744057
-3.538833 -4.796059 122.267075 199.338537 0.220451 0.946987 -0.233703 -0.635178 0.321208 0.702406 -0.740237 0.006403 -0.672316
3.548316 -8.850823 185.104067 -549.253609 -0.785416 0.557300 0.269331 0.354975 0.762016 -0.541595 -0.507065 -0.329771 -0.796327
1.448314 -3.219075 -68.027330 -106.546319 -0.882840 0.286695 0.372020 0.094011 0.883920 -0.458091 -0.460169 -0.369447 -0.807313
-0.881957 -8.204876 -244.410497 -187.866289 -0.879619 0.319719 0.352207 0.166717 0.900678 -0.401229 -0.445506 -0.294210 -0.845556
-143.919916 -1284.287968 -2150.470634 20693.595279 0.025853 -0.738658 0.673584 0.935472 -0.219690 -0.276818 0.352454 0.637276 0.685314
-3.547803 -170.787393 81.830028 8570.430865 -0.201459 0.610081 -0.766300 0.521590 -0.595373 -0.611125 0.829070 0.522811 0.198269
-455.632554 -22951.201122 21073.877197 873407.038683 -0.221483 0.762555 -0.607829 0.429178 -0.483473 -0.762929 0.875644 0.429842 0.220191
15.094615 -549.975683 294.213537 -23225.404389 0.245837 -0.723633 0.644918 0.867054 -0.133277 -0.480057 0.433338 0.677195 0.594664
-1.617259 -146.163337 9.427889 -4582.356562 0.335977 -0.741193 0.581164 0.941431 0.245424 -0.231247 0.028767 0.624820 0.780239
-0.132533 -2.067056 8.380425 4.960339 -0.433087 0.743422 -0.509666 0.384595 -0.358975 -0.850425 0.815182 0.564323 0.130449
-0.244490 -1.963671 7.884178 -2.105121 -0.393234 0.690327 -0.607302 0.387038 -0.474858 -0.790387 0.834008 0.545856 0.080452
0.029370 -1.903172 4.488126 8.837503 -0.448754 0.769226 -0.454875 0.350023 -0.317044 -0.881457 0.822255 0.554774 0.126973
0.460640 -1.329122 -43.075180 -5.300223 0.227456 0.419806 0.878650 -0.508706 0.820619 -0.260391 -0.830351 -0.387747 0.400213
0.544926 -1.441901 -38.096887 -8.099622 0.268017 0.363154 0.892348 -0.460833 0.861725 -0.212281 -0.846050 -0.354328 0.398311
1.754690 -1.203491 -53.841493 -3.654415 0.218097 0.465050 0.857999 -0.519202 0.799712 -0.301480 -0.826355 -0.379723 0.415869
-0.637357 -1.645266 -34.516526 -9.946570 0.350586 0.198874 0.915171 -0.395671 0.917151 -0.047730 -0.848843 -0.345374 0.400229
-0.826169 -1.527132 -40.346302 -6.518664 0.299516 0.309672 0.902437 -0.467124 0.872337 -0.144306 -0.831917 -0.378328 0.405934
-0.555835 -3.360995 -14.118179 0.483773 -0.622600 0.712399 -0.323818 0.697220 0.692889 0.183819 -0.355322 0.111327 0.928091
0.332322 -3.380334 -41.330055 -0.810043 -0.571222 0.770752 -0.282219 0.737272 0.632928 0.236288 -0.360744 0.073100 0.929796
-0.599159 -3.328937 -21.103688 2.852913 -0.590052 0.746995 -0.306327 0.759336 0.642366 0.103799 -0.274312 0.171358 0.946250
0.278417 -3.305088 -32.996472 -3.603823 -0.591767 0.750123 -0.295173 0.679675 0.661177 0.317628 -0.433422 0.012660 0.901102
-1.006408 -3.262510 -1.202727 5.087888 0.640827 -0.681637 0.353146 0.716690 0.696064 0.043009 -0.275128 0.225535 0.934579
-0.862576 -3.361225 -3.935041 2.106642 0.659889 -0.652922 0.371804 0.662438 0.739085 0.122187 -0.354573 0.165667 0.920235
-0.520194 -3.354951 8.166995 -3.188579 0.635487 -0.692854 0.340748 0.641715 0.719365 0.265924 -0.429369 0.049672 0.901762
-2.845589 -8.808212 -21.727553 369.720945 0.846841 0.128660 -0.516049 -0.384679 0.818208 -0.427269 -0.367263 -0.560342 -0.742385
-2.013607 -8.996288 -20.934461 333.791295 0.769530 0.166655 -0.616482 -0.481806 0.785114 -0.389178 -0.419150 -0.596509 -0.684464
-2.666553 -5.626701 -18.061267 253.360604 0.829398 0.118503 -0.545945 -0.373980 0.843747 -0.385005 -0.415016 -0.523495 -0.744120
-3.323740 -5.328012 -23.058327 216.853431 0.933493 -0.099301 -0.344571 -0.080160 0.878793 -0.470423 -0.349520 -0.466758 -0.812387
-3.535536 -8.716295 -20.891042 390.603942 0.921927 0.056174 -0.383268 -0.239028 0.861093 -0.448760 -0.304821 -0.505336 -0.807292
1.390363 -4.855662 14.400488 -94.392566 -0.042082 0.711755 -0.701166 0.842960 -0.351428 -0.407328 -0.536327 -0.608196 -0.585193
0.868779 -6.019735 16.309406 -12.869960 -0.138430 0.789172 -0.598369 0.864955 -0.197942 -0.461164 -0.482380 -0.581401 -0.655197
1.022617 -4.106255 22.827286 22.764422 -0.097645 0.759403 -0.643251 -0.812041 0.312878 0.492642 -0.575374 -0.570450 -0.586116
1.287580 -2.697947 6.413629 106.619835 -0.005784 0.652284 -0.757952 -0.772821 0.478096 0.417340 -0.634598 -0.588175 -0.501334
1.168395 -4.512597 -20.419302 -161.727700 -0.054075 0.640484 -0.766065 0.788484 -0.443335 -0.426317 -0.612673 -0.627084 -0.481038
-26.902691 -357.178686 -912.037799 2168.371742 0.817235 -0.143606 -0.558126 0.503263 -0.294053 0.812563 0.280808 0.944939 0.168039
-61.086040 -363.340220 -5032.580062 -32363.219323 0.834041 -0.071436 -0.547058 0.532586 0.363013 0.764574 -0.143971 0.929042 -0.340813
-24.405249 -126.676004 -1111.939331 -1472.725501 0.849379 0.053989 -0.525015 0.527538 -0.056476 0.847652 -0.016113 0.996943 0.076451
-0.281336 -2.141758 2.258083 18.305705 -0.337954 0.612338 -0.714723 -0.353918 0.620982 0.699374 0.872083 0.489309 0.006855
-0.201341 -1.805375 2.193089 -11.196269 -0.370132 0.664298 -0.649393 0.372338 -0.534352 -0.758836 0.851098 0.522663 0.049563
-0.364581 -2.377617 3.806856 17.014996 -0.310260 0.568287 -0.762095 -0.361074 0.671135 0.647459 0.879411 0.476054 -0.003033
-0.463287 -2.775538 1.758675 16.903805 -0.304146 0.559922 -0.770703 -0.294939 0.713931 0.635070 0.905818 0.420464 -0.051996
-0.391720 -2.635786 1.414018 19.923383 -0.331652 0.602750 -0.725741 -0.294729 0.664577 0.686638 0.896182 0.441622 -0.042760
-0.168195 -4.143208 -31.312408 38.808628 -0.126137 0.905224 -0.405781 -0.548621 -0.404456 -0.731731 0.826501 -0.130322 -0.547642
-1.225218 -4.551770 -36.783486 41.132384 -0.095048 0.938841 -0.330973 -0.579373 -0.322537 -0.748530 0.809502 -0.120610 -0.574596
-0.370212 -4.688899 -34.907323 32.631395 -0.145132 0.889227 -0.433834 -0.483625 -0.446282 -0.752954 0.863159 -0.100535 -0.494822
4.187278 -5.420338 -11.087825 86.260896 -0.230193 0.942764 -0.241261 -0.016405 0.244125 0.969605 -0.973007 -0.227154 0.040730
4.701449 -3.945487 -55.026801 70.830091 -0.203995 0.967869 -0.147023 -0.003340 0.149492 0.988757 -0.978966 -0.202193 0.027263
3.985859 -4.299874 5.851707 28.560185 -0.201919 0.933954 -0.294888 0.038602 0.308445 0.950459 -0.978641 -0.180532 0.098334
3.533238 -5.700599 44.048692 42.460843 -0.270202 0.893904 -0.357668 0.009519 0.373948 0.927401 -0.962757 -0.247181 0.109550
3.519599 -4.831407 13.419322 -34.637019 -0.259463 0.866917 -0.425597 0.064327 0.455224 0.888050 -0.963608 -0.203039 0.173881
-2.149294 -4.357846 5.432278 -29.372059 -0.258146 0.828680 -0.496639 0.168631 0.544820 0.821422 -0.951275 -0.128298 0.280384
-2.177781 -4.942213 7.687612 -20.222273 -0.238294 0.793324 -0.560227 0.282173 0.608514 0.741680 -0.929298 -0.018657 0.368859
-2.083479 -4.594616 -0.766224 -25.906777 -0.219257 0.809074 -0.545276 0.188785 0.583494 0.789870 -0.957229 -0.070244 0.280676
0.452635 -2.202612 -13.582601 -0.909698 -0.254421 0.868851 -0.424698 0.935661 0.332199 0.119094 0.244559 -0.367073 -0.897468
0.196355 -2.087067 -1.980068 1.813922 -0.269325 0.866237 -0.420830 0.933700 0.341925 0.106264 0.235942 -0.364309 -0.900894
0.386322 -2.258554 -12.078865 -5.655814 -0.198086 0.887968 -0.415060 0.932836 0.300801 0.198333 0.300964 -0.347896 -0.887913
0.300562 -2.212558 -3.423473 5.630361 -0.301050 0.852692 -0.426949 0.936486 0.348819 0.036317 0.179895 -0.388898 -0.903546
0.891650 -2.413103 -25.620531 -7.420467 -0.228268 0.879360 -0.417875 0.922495 0.332579 0.195946 0.311283 -0.340759 -0.887122
0.584967 -2.236176 -14.855465 3.096844 -0.284451 0.857719 -0.428259 0.940592 0.336079 0.048356 0.185405 -0.389062 -0.902361
0.980543 -2.295313 -24.692596 -2.664606 -0.268506 0.867476 -0.418795 0.929485 0.347465 0.123796 0.252907 -0.356023 -0.899603
-1.059249 -2.279088 -4.347328 13.508528 0.772738 -0.484992 0.409462 0.235870 0.818321 0.524134 -0.589272 -0.308438 0.746743
-1.104472 -2.654555 4.088365 5.763674 -0.684340 0.673195 -0.280157 0.371712 0.652628 0.660233 -0.627304 -0.347686 0.696854
-1.326840 -2.520697 -10.883702 2.387867 0.730630 -0.592832 0.338718 0.289192 0.718091 0.633019 -0.618504 -0.364548 0.696101
-0.394873 -4.038512 1.076191 0.974506 -0.233072 0.870373 -0.433738 0.943923 0.095226 -0.316135 -0.233853 -0.483098 -0.843759
-0.369887 -4.094250 0.791981 0.222084 -0.236968 0.878157 -0.415556 0.935407 0.090701 -0.341741 -0.262411 -0.469696 -0.842927
-0.450451 -4.222220 0.949983 -6.300573 -0.258330 0.868580 -0.422888 0.963073 0.197172 -0.183338 -0.075862 -0.454633 -0.887442
-0.462918 -4.151068 0.657607 -5.630909 -0.240411 0.862735 -0.444849 0.969363 0.189603 -0.156163 -0.050383 -0.468763 -0.881886
-0.397639 -4.014829 -0.472587 0.717523 -0.229507 0.860110 -0.455563 0.951767 0.100400 -0.289931 -0.203634 -0.500131 -0.841667
-0.218247 -6.641338 -0.734496 -1.313335 -0.436025 0.856522 -0.276139 -0.391587 -0.456847 -0.798718 0.810273 0.240129 -0.534599
-0.124948 -6.555222 0.758457 -8.365304 -0.444580 0.848473 -0.287126 -0.211718 -0.411000 -0.886710 0.870359 0.333424 -0.362360
-0.128956 -6.228719 -1.356675 -12.914778 -0.440964 0.842055 -0.310634 -0.176211 -0.420589 -0.889974 0.880057 0.337709 -0.333844
-1.085925 -12.044201 10.424105 -107.755702 -0.712906 0.660462 -0.235702 0.648901 0.748735 0.135363 0.265880 -0.056446 -0.962352
-0.849648 -10.726976 8.739584 -177.045450 -0.690422 0.687250 -0.225842 0.723370 0.652738 -0.225096 -0.007281 -0.318779 -0.947801
-0.439549 -11.199609 -19.974320 -153.361644 0.717989 -0.675247 0.168919 0.694957 0.709049 -0.119519 0.039067 -0.203205 -0.978357
-0.520562 -12.273037 19.501368 -68.772851 -0.736414 0.648609 -0.192355 0.607325 0.759072 0.234450 0.298078 0.055830 -0.952908
-0.952510 -13.463265 16.369740 24.173216 -0.729611 0.651509 -0.207856 0.493551 0.712044 0.499400 0.473366 0.261780 -0.841068
0.241134 -4.213636 -8.531849 -6.689292 -0.395882 0.797512 -0.455250 0.566577 -0.178020 -0.804549 0.722681 0.576441 0.381377
0.018540 -4.791661 -6.415221 -21.895205 -0.426546 0.809474 -0.403499 0.438781 -0.204909 -0.874919 0.790904 0.550241 0.267779
0.025510 -4.361884 -7.682513 -8.120092 -0.412888 0.804662 -0.426665 0.570703 -0.136512 -0.809730 0.709804 0.577827 0.402859
0.217415 -4.541012 -6.241098 -20.751686 -0.414505 0.798635 -0.436311 0.436339 -0.246324 -0.865409 0.798620 0.549096 0.246374
0.477511 -4.033819 -5.141086 -3.355672 -0.392568 0.773678 -0.497306 0.556285 -0.230859 -0.798280 0.732419 0.590023 0.339758
-0.581646 -4.667339 -4.573367 -0.737588 -0.504918 0.782796 -0.363715 0.503260 -0.075366 -0.860843 0.701276 0.617698 0.355896
-0.214359 -4.755314 -19.792200 -0.258637 -0.497842 0.798953 -0.337384 0.467551 -0.080397 -0.880302 0.730445 0.595995 0.333526
-0.454921 -4.586608 -3.211528 12.817595 -0.503687 0.777281 -0.377005 0.386423 -0.187597 -0.903042 0.772643 0.600534 0.205869
-0.492691 -4.511358 -17.207357 -15.586268 -0.499693 0.800680 -0.330482 0.576298 0.022470 -0.816931 0.646674 0.598671 0.472658
-0.656827 -4.545298 3.713401 12.200497 -0.514294 0.758154 -0.400879 0.424775 -0.180884 -0.887044 0.745029 0.626485 0.229017
-0.697205 -4.381000 4.183608 -16.160973 0.500214 -0.786051 0.363195 0.615397 0.027644 -0.787732 0.609157 0.617544 0.497561
-0.757903 -4.574331 3.145449 -1.884369 -0.513880 0.763851 -0.390461 0.540881 -0.064794 -0.838600 0.665865 0.642132 0.379856
0.411025 -7.157112 -13.027990 21.699384 -0.340154 0.771842 -0.537174 0.939125 0.308209 -0.151829 0.048374 -0.556118 -0.829694
0.321530 -8.142987 -10.958966 71.669364 -0.313681 0.779761 -0.541828 0.946803 0.213656 -0.240654 -0.071887 -0.588493 -0.805300
0.119039 -7.469908 -8.173779 18.017539 -0.339978 0.767422 -0.543580 0.939458 0.303462 -0.159152 0.042819 -0.564779 -0.824131
0.624332 -8.263255 -11.655756 73.106246 -0.324723 0.788267 -0.522675 0.940978 0.213467 -0.262664 -0.095475 -0.577119 -0.811060
0.837400 -7.082315 -11.685836 30.272463 -0.345748 0.788087 -0.509291 0.937364 0.314682 -0.149412 0.042515 -0.529050 -0.847525
0.722146 -7.020313 14.739495 -6.147390 -0.390857 0.867494 -0.307710 -0.876555 -0.452809 -0.163144 0.280860 -0.205959 -0.937389
0.240975 -7.011798 16.867470 -13.395972 -0.432441 0.848691 -0.304497 -0.856188 -0.492401 -0.156474 0.282733 -0.193041 -0.939573
0.443164 -7.117188 17.334370 3.348048 -0.400230 0.865620 -0.300861 0.909126 0.416363 -0.011459 0.115349 -0.278107 -0.953599
0.916655 -6.996254 14.157584 0.808141 -0.372404 0.870999 -0.320430 0.920056 0.391762 -0.004393 0.121706 -0.296449 -0.947262
0.203018 -7.354348 18.345435 -0.452848 -0.409877 0.861619 -0.299356 0.910118 0.364473 -0.197088 -0.060708 -0.353231 -0.933564
0.764407 -7.299089 16.325854 10.645377 -0.376848 0.869469 -0.319388 0.925241 0.337055 -0.174134 -0.043753 -0.361133 -0.931487
1.680761 -2.058522 -42.517960 9.398136 -0.551225 -0.546594 -0.630385 0.196028 0.649544 -0.734619 0.811002 -0.528514 -0.250898
2.009482 -1.874596 38.105680 2.289617 0.584992 0.653686 0.480082 0.014363 0.583492 -0.811992 0.810912 -0.481904 -0.331949
2.139965 -1.526593 1.151710 0.980875 -0.641357 -0.587027 -0.494025 0.072625 0.594556 -0.800767 0.763797 -0.549457 -0.338690
2.907593 -12.981748 2.625038 106.386593 -0.534815 0.571078 -0.622770 0.724561 0.689142 0.009712 0.434724 -0.446041 -0.782344
2.592159 -14.786495 -19.194231 67.648574 -0.472169 0.583394 -0.660839 0.842130 0.520090 -0.142562 0.260526 -0.623825 -0.736864
3.308390 -13.226823 -30.887756 143.533579 -0.509842 0.563556 -0.649974 0.710223 0.702081 0.051633 0.485432 -0.435301 -0.758201
3.841279 -11.705522 -16.011172 185.933923 -0.516640 0.545530 -0.659909 0.566948 0.795529 0.213783 0.641602 -0.263686 -0.720290
3.189018 -11.118783 45.921683 146.109828 -0.593749 0.551947 -0.585505 0.570745 0.801808 0.177071 0.567196 -0.229039 -0.791094
-0.374556 -13.430074 -7.976378 2.378435 0.288860 -0.513260 0.808161 0.942386 0.003668 -0.334507 0.168725 0.858225 0.484749
-0.409403 -13.142127 -6.146524 9.545781 0.297199 -0.527004 0.796203 0.931971 -0.021206 -0.361913 0.207614 0.849598 0.484850
-0.321477 -12.833890 -16.529642 19.654514 0.304585 -0.497903 0.811985 0.870241 -0.201062 -0.449728 0.387180 0.843603 0.372055
-0.539693 -13.423247 -7.149542 13.583350 0.281716 -0.528083 0.801102 0.959222 0.175042 -0.221933 -0.023028 0.830956 0.555861
-0.181239 -13.186465 -1.670473 29.913136 0.281818 -0.514428 0.809903 0.884850 -0.187022 -0.426688 0.370970 0.836891 0.402486
-0.231779 -13.698107 -3.077869 -18.542261 0.279199 -0.507359 0.815252 0.951015 0.028746 -0.307805 0.132732 0.861255 0.490531
-0.410214 -13.491594 -6.022242 0.980478 0.276778 -0.516789 0.810138 0.958944 0.202776 -0.198264 -0.061816 0.831752 0.551696
1.844646 -0.704379 -8.640386 10.629342 -0.421242 0.885207 -0.197392 0.470818 0.399455 0.786617 -0.775168 -0.238420 0.585038
1.985556 -1.066596 16.684481 1.322537 -0.313694 0.917222 -0.245560 0.456558 0.372458 0.807979 -0.832557 -0.141345 0.535603
1.925042 -0.658294 10.553614 18.446636 -0.321394 0.925950 -0.198300 0.505803 0.344898 0.790702 -0.800543 -0.153826 0.579196
1.617243 -0.515263 -14.486692 20.779613 -0.463392 0.862268 -0.204355 0.478160 0.437459 0.761573 -0.746077 -0.255193 0.615017
1.290620 -0.583565 -27.453394 8.251191 -0.520150 0.822052 -0.231677 0.433090 0.487670 0.758031 -0.736123 -0.293953 0.609684
3.964509 -19.318855 -62.549172 420.562158 -0.539682 0.771763 -0.336340 -0.348143 -0.568348 -0.745504 0.766511 0.285241 -0.575412
2.184261 -20.582369 -49.641436 442.647652 -0.456188 0.831953 -0.315827 -0.373619 -0.501175 -0.780533 0.807651 0.238071 -0.539464
4.820181 -21.542113 -136.054312 341.261769 -0.482651 0.804272 -0.346691 -0.121883 -0.453680 -0.882790 0.867290 0.383824 -0.316996
2.007368 -13.149519 -21.576818 234.393008 -0.495247 0.803441 -0.330473 -0.515530 -0.577975 -0.632592 0.699256 0.142921 -0.700439
12.843715 -18.712886 -410.092805 263.986444 -0.577984 0.662667 -0.476242 -0.027617 -0.599146 -0.800164 0.815581 0.449330 -0.364597
2.641872 -12.314269 -14.386079 218.878293 -0.591574 0.725630 -0.351426 -0.471159 -0.664842 -0.579650 0.654255 0.177328 -0.735191
7.517977 -15.402965 -160.969528 -292.476607 -0.669789 0.596408 -0.442358 0.222725 0.729658 0.646524 0.708362 0.334511 -0.621552
-0.894877 -19.906867 179.037042 278.211456 0.417251 -0.850177 0.321094 0.908534 0.381829 -0.169623 0.021607 0.362500 0.931733
-2.063623 -15.825093 72.300595 359.966869 0.470459 -0.812452 0.344368 0.855798 0.324949 -0.402514 0.215122 0.484077 0.848170
-2.666874 -21.320181 41.714413 267.084252 0.470661 -0.792427 0.387992 0.882298 0.420012 -0.212464 0.005401 0.442323 0.896840
-1.028516 -24.005040 100.616964 85.411386 0.433040 -0.819536 0.375283 0.868446 0.490846 0.069801 -0.241410 0.295686 0.924278
-3.003555 -24.313179 10.358636 274.898806 0.496762 -0.749528 0.437534 0.866824 0.453438 -0.207390 -0.042950 0.482289 0.874959
1.142838 -8.976908 -60.062674 302.096162 0.150595 -0.563911 0.811989 0.932416 -0.191919 -0.306214 0.328514 0.803226 0.496898
3.991319 -6.046272 -79.621375 931.934516 0.592076 -0.584261 0.555054 0.790579 0.287515 -0.540666 0.156304 0.758930 0.632135
-24.627800 -415.099998 -408.988848 9842.383713 -0.005059 -0.642849 0.765976 0.863070 0.384067 0.328030 -0.505059 0.662750 0.552881
157.942058 -53.622507 104.197591 -8896.755111 0.276445 -0.230033 0.933093 0.203187 0.962972 0.177201 -0.939305 0.140606 0.312949
8.285386 -7.342525 980.980722 161.654246 0.133362 -0.233869 0.963078 -0.172668 0.951414 0.254947 -0.975910 -0.200293 0.086501
0.303295 -3.298943 11.967815 12.863586 -0.142906 0.949995 -0.277647 0.010895 0.282019 0.959347 -0.989676 -0.134071 0.050653
-0.235932 -3.300017 22.910305 17.642100 -0.122666 0.946783 -0.297583 0.030471 0.303299 0.952408 -0.991980 -0.107760 0.066053
0.194001 -2.993343 6.632726 8.819450 -0.155995 0.943290 -0.293034 0.098613 0.310057 0.945590 -0.982823 -0.118611 0.141388
-1.714202 -4.072902 -12.186871 -7.751792 -0.537364 0.804185 -0.254021 0.370715 0.495785 0.785345 -0.757503 -0.327846 0.564541
-1.873922 -4.234747 -8.015476 -4.531199 -0.517268 0.788232 -0.333352 0.340471 0.546891 0.764846 -0.785183 -0.282134 0.551260
-1.720474 -4.034025 -8.303637 -25.242755 -0.496123 0.830654 -0.252737 0.301975 0.437992 0.846743 -0.814047 -0.343768 0.468135
-1.464264 -3.657562 -10.933434 -22.948282 -0.502960 0.849982 -0.156721 0.338411 0.360512 0.869200 -0.795305 -0.384137 0.468967
1.587326 0.381419 82.538000 22.754503 0.394488 0.891711 0.221880 0.556012 -0.423879 0.714967 -0.731594 0.158678 0.663017
1.722623 0.471535 116.985011 6.449386 0.521927 0.779217 0.347007 0.451493 -0.597518 0.662666 -0.723703 0.189192 0.663672
3.921070 0.730304 123.535142 -3.287141 0.546268 0.680592 0.488248 -0.384746 0.721657 -0.575484 -0.744017 0.126517 0.656073
0.530976 -1.533814 6.087039 68.468065 -0.148926 0.897241 -0.415669 0.622210 0.411737 0.665828 -0.768554 0.159474 0.619590
3.276641 0.710371 102.180024 7.790169 0.497194 0.730086 0.468799 0.439608 -0.677804 0.589344 -0.748026 0.086930 0.657952
2.335732 -2.210055 -36.168120 29.275150 -0.531283 0.798247 -0.283795 0.297890 0.489608 0.819479 -0.793095 -0.350836 0.497910
1.926503 -1.615421 -44.400549 20.761816 -0.560060 0.785134 -0.264381 0.325025 0.501779 0.801609 -0.762031 -0.363019 0.536214
1.351385 -2.315079 -36.264922 22.349609 -0.571518 0.775375 -0.268627 0.264625 0.484019 0.834086 -0.776750 -0.405610 0.481809
2.268712 -2.698905 -36.445449 19.736236 -0.537706 0.790361 -0.293600 0.218872 0.467136 0.856667 -0.814228 -0.396375 0.424170
0.305488 -2.389724 -27.137418 17.400373 -0.582703 0.777643 -0.236070 0.264187 0.455961 0.849885 -0.768546 -0.432863 0.471133
0.391636 -2.790679 -26.091092 14.077854 -0.576547 0.783676 -0.231182 0.210298 0.415739 0.884836 -0.789537 -0.461532 0.404499
1.432279 -2.804156 -34.491860 14.434987 -0.561164 0.782459 -0.269913 0.191118 0.439776 0.877537 -0.805337 -0.440857 0.396329
-80.853125 -100.007858 -938.608126 -3933.693178 0.341393 0.938534 -0.051031 -0.305326 0.059387 -0.950394 0.888947 -0.340039 -0.306833
-64.843102 -99.570542 -2776.190417 -3772.877582 0.329360 0.187138 -0.925474 0.588358 0.725930 0.356175 0.738483 -0.661819 0.128988
-109.013645 -184.722273 -3742.520676 -9740.658990 -0.191554 0.199371 -0.961019 0.910817 0.400917 -0.098375 0.365676 -0.894157 -0.258388
0.229258 -30.533841 -5.723928 809.623922 0.422235 -0.168174 -0.890750 0.696912 -0.568157 0.437620 -0.579682 -0.805553 -0.122693
0.539242 -9.049332 4.559101 175.995121 0.324194 0.030166 -0.945510 0.733444 -0.639265 0.231086 -0.597460 -0.768395 -0.229370
0.438693 -71.138660 -11.361582 2099.347240 0.458213 -0.182242 -0.869959 0.583679 -0.676459 0.449135 -0.670342 -0.713577 -0.203591
0.844434 -23.311041 -4.947106 708.369944 -0.489146 0.269350 0.829570 0.767904 0.584011 0.263165 -0.413594 0.765756 -0.492501
1.092374 -25.782617 19.748680 856.959183 -0.430071 0.268356 0.861988 0.827424 0.499089 0.257448 -0.361121 0.823951 -0.436688
1.618411 -93.090003 40.116829 2977.325088 -0.445127 0.239638 0.862807 0.667736 0.730825 0.141508 -0.596650 0.639116 -0.485325
-3.721354 -5.711682 -11.908285 31.011435 -0.198986 0.684039 -0.701780 0.325090 0.721626 0.611206 0.924511 -0.106520 -0.365968
2.517950 -6.635570 17.094049 -8.848650 -0.550016 0.835110 -0.008625 0.628246 0.406924 -0.663114 0.550263 0.370141 0.748469
2.616690 -6.110197 11.217244 -21.138716 -0.522209 0.845565 -0.110986 0.701196 0.351642 -0.620219 0.485408 0.401707 0.776537
3.421004 -5.724233 -1.193126 6.802912 -0.458191 0.875720 -0.152236 0.801152 0.332696 -0.497462 0.384989 0.349897 0.854023
4.547423 -7.519916 13.030275 16.698773 -0.423144 0.904872 -0.046439 0.873655 0.393888 -0.285620 0.240157 0.161430 0.957217
4.137739 -6.418641 -6.055509 43.959784 0.418262 -0.889925 0.181907 0.861509 0.325203 -0.389930 0.287852 0.319807 0.902698
-3.429681 -4.803348 32.024643 -0.478315 -0.382470 0.093862 -0.919188 -0.290872 0.932014 0.216202 0.876989 0.350057 -0.329165
-2.706529 -4.226520 34.002678 -16.177453 -0.485309 0.237090 -0.841584 -0.119660 0.935466 0.332542 0.866116 0.262090 -0.425620
44.109533 -2.161517 2001.347059 -95.870817 0.818542 -0.452833 0.353457 -0.573971 -0.669773 0.471128 -0.023394 0.588512 0.808150
459.795637 -13.177203 19325.190658 280.220810 0.980211 -0.038170 0.194241 -0.132177 -0.856650 0.498678 -0.147362 0.514483 0.844743
9.220511 -2.628267 428.590938 15.383920 0.770005 -0.385842 0.508151 -0.566055 -0.780602 0.265032 -0.294403 0.491717 0.819476
10.569762 -2.897940 440.106270 -34.897590 0.800750 -0.257725 0.540720 -0.491165 -0.799213 0.346433 -0.342865 0.542989 0.766555
-1.222840 -3.801773 -56.895349 4.613016 0.327321 -0.790699 0.517354 0.877028 0.050445 -0.477783 0.351685 0.610123 0.709977
0.250448 -3.811680 -91.766189 4.176258 0.344383 -0.772335 0.533759 0.868583 0.046330 -0.493374 0.356321 0.633523 0.686792
-0.966995 -3.650706 -64.587953 2.555659 0.353221 -0.782251 0.513146 0.816071 -0.010573 -0.577855 0.457452 0.622874 0.634638
2.200510 -4.536774 -39.217708 -13.559865 -0.122621 0.813723 -0.568172 -0.570496 0.410660 0.711261 -0.812095 -0.411356 -0.413870
0.766687 -4.906711 -13.580043 -13.266105 -0.105410 0.815373 -0.569258 -0.531422 0.437663 0.725287 -0.840523 -0.378969 -0.387174
0.624638 -4.317455 -11.851737 -17.067433 -0.126432 0.835122 -0.535338 -0.688041 0.314924 0.653776 -0.714573 -0.450992 -0.534781
3.013672 -4.787523 -44.357927 -8.620461 -0.117783 0.804621 -0.581990 -0.397670 0.498807 0.770098 -0.909937 -0.322145 -0.261223
3.018212 -3.912958 -60.581048 -22.794784 -0.137927 0.801834 -0.581411 -0.679653 0.350377 0.644444 -0.720450 -0.484044 -0.496642
10.366837 -3.825547 -188.331125 -2.690268 -0.204957 0.886684 -0.414468 -0.502030 0.268276 0.822188 -0.840213 -0.376588 -0.390157
0.661875 -7.895097 -3.415529 -29.795504 -0.396827 0.736893 -0.547282 0.115202 -0.551539 -0.826156 0.910636 0.390888 -0.133974
0.496443 -9.031348 -6.650588 -28.136525 -0.383584 0.767320 -0.513890 -0.140736 -0.598526 -0.788644 0.912719 0.230188 -0.337575
0.368111 -12.925903 -2.132515 11.653595 -0.296540 0.814388 -0.498835 -0.198959 0.458187 0.866302 -0.934066 -0.356141 -0.026159
0.341706 -12.841551 -1.659207 19.013254 -0.292140 0.788258 -0.541575 -0.024701 0.559871 0.828212 -0.956056 -0.255332 0.144090
0.434810 -11.297696 -2.274610 -1.220937 -0.284181 0.831070 -0.478084 -0.322351 0.386796 0.863990 -0.902957 -0.399640 -0.157976
0.271527 -15.512837 -0.822474 6.670592 -0.305384 0.786874 -0.536255 -0.064474 0.544779 0.836098 -0.950044 -0.289905 0.115634
0.283107 -15.014851 -1.197190 -7.215522 -0.313407 0.817225 -0.483652 -0.246702 0.421755 0.872502 -0.917014 -0.392766 -0.069430
0.348396 -12.673972 -2.426341 -22.089553 -0.307676 0.829258 -0.466546 -0.363351 0.350771 0.863097 -0.879381 -0.435074 -0.193387
49.342674 -3.153299 627.974690 27.144491 0.305721 0.724236 0.618076 0.940167 -0.127082 -0.316128 -0.150405 0.677741 -0.719754
224.645360 3.137950 4187.542643 -26.517197 0.292494 0.727876 0.620196 0.907005 -0.005688 -0.421082 -0.302968 0.685685 -0.661851
136.689948 -4.746448 5626.354515 5.606675 0.031859 0.810486 0.584891 0.977263 0.097471 -0.188299 -0.209623 0.577592 -0.788952
88.343899 -4.070123 -2236.977880 67.025873 0.589367 0.620051 0.517864 0.783320 -0.281792 -0.554079 -0.197627 0.732209 -0.651777
40.108377 -4.641257 1218.798432 -0.594499 0.073739 0.774692 0.628025 0.996621 -0.034404 -0.074579 -0.036169 0.631403 -0.774611
16.040503 -3.425699 91.055219 3.154467 0.305154 0.713349 0.630884 0.952215 -0.219552 -0.212330 -0.012954 0.665530 -0.746259
29.317202 -3.618793 -802.856609 32.763147 0.601063 0.601779 0.525914 0.796495 -0.396938 -0.456110 -0.065722 0.693038 -0.717899
1.722530 -2.503133 -54.223299 27.295032 0.090069 0.882969 -0.460710 -0.391614 -0.393929 -0.831540 0.915711 -0.255316 -0.310303
1.673722 -2.652536 -75.524432 6.209256 0.159837 0.929710 -0.331800 -0.301945 -0.273965 -0.913111 0.939831 -0.246135 -0.236931
5.286331 -4.371991 -82.859582 -74.522800 -0.032984 0.942743 -0.331886 -0.163624 -0.332680 -0.928736 0.985971 -0.023671 -0.165229
4.684749 -3.264821 -98.130732 27.844742 0.031338 0.899520 -0.435754 -0.391175 -0.390155 -0.833523 0.919783 -0.196577 -0.339643
0.405394 -7.412077 -5.923586 -26.568360 0.216680 -0.881008 0.420566 0.969950 0.243117 0.009559 -0.110668 0.405857 0.907212
0.475505 -8.427902 -6.130159 -56.859837 0.203001 -0.883956 0.421203 0.978726 0.170093 -0.114737 0.029779 0.435534 0.899680
0.198998 -7.620135 1.552247 13.536066 0.247000 -0.875619 0.415070 0.933981 0.329261 0.138805 -0.258207 0.353383 0.899138
0.881919 -8.239765 -15.554796 -75.781403 0.187074 -0.890245 0.415291 0.982131 0.160656 -0.098021 0.020543 0.426207 0.904392
0.704887 -7.069513 -13.510613 -28.693540 0.179722 -0.891223 0.416439 0.978376 0.205996 0.018618 -0.102377 0.404088 0.908973
0.255922 -7.448013 -2.696081 30.275950 0.231967 -0.881134 0.412061 0.946950 0.301427 0.111478 -0.222433 0.364342 0.904311
0.624062 -6.877898 4.976641 -5.730303 -0.451839 0.699640 -0.553485 0.329588 -0.445615 -0.832346 0.828983 0.558508 0.029247
0.654705 -6.150104 4.492728 -15.612019 -0.452170 0.704155 -0.547455 0.502458 -0.306029 -0.808630 0.736938 0.640712 0.215431
0.562355 -6.395337 4.456270 -14.832800 -0.467718 0.700633 -0.538845 0.513706 -0.280622 -0.810776 0.719268 0.656022 0.228668
-0.333601 -8.549161 -9.694350 16.513959 -0.296793 0.818398 -0.492076 -0.476238 0.319792 0.819104 -0.827715 -0.477449 -0.294840
-0.717460 -9.375323 -7.744209 16.549054 -0.308221 0.844647 -0.437688 -0.568443 0.205396 0.796671 -0.762805 -0.494352 -0.416826
-0.478832 -8.820213 -9.703492 9.396124 -0.319843 0.828452 -0.459747 -0.623580 0.181264 0.760455 -0.713336 -0.529915 -0.458630
-0.326053 -12.651504 -3.485082 -2.535489 -0.007999 0.958647 -0.284485 -0.505405 0.241606 0.828367 -0.862845 -0.150406 -0.482572
-0.327770 -12.803476 -4.472913 -11.539650 -0.014383 0.961464 -0.274555 -0.700825 0.186156 0.688614 -0.713188 -0.202319 -0.671141
-0.380952 -2.179943 20.623822 6.468074 0.693272 -0.709249 0.127829 -0.468592 -0.308866 0.827661 0.547535 0.633694 0.546477
0.114530 -2.303580 26.848818 -1.821129 0.690019 -0.714338 0.116597 -0.442045 -0.288358 0.849379 0.573122 0.637629 0.514743
-0.593598 -2.240405 10.284772 -3.538774 0.677014 -0.715445 0.172597 -0.478748 -0.249999 0.841606 0.558974 0.652410 0.511771
0.678403 -2.217101 41.922468 2.966775 0.676361 -0.725050 0.129762 -0.472604 -0.292059 0.831473 0.564961 0.623701 0.540199
-0.005525 -2.006371 33.860315 17.248019 0.691738 -0.713194 0.113367 -0.485023 -0.342531 0.804627 0.535024 0.611577 0.582857
4.209970 -8.096678 70.717282 386.459464 -0.298525 0.937544 0.178589 -0.661964 -0.338193 0.668901 -0.687522 -0.081464 -0.721579
4.591061 -3.749089 103.607014 205.791878 -0.324668 0.921534 0.212994 -0.616581 -0.376979 0.691169 -0.717230 -0.093073 -0.690593
5.307032 -5.763822 62.646289 349.636997 -0.339715 0.928869 0.147634 -0.638165 -0.342953 0.689296 -0.690897 -0.139949 -0.709278
5.875798 -0.723794 114.116045 182.436760 -0.452651 0.840113 0.298860 -0.520748 -0.521128 0.676200 -0.723829 -0.150452 -0.673377
0.850282 -2.517373 12.891112 15.351625 -0.463025 0.815741 -0.346663 0.378493 -0.171688 -0.909542 0.801468 0.552350 0.229256
0.816218 -1.994294 14.021757 17.478218 -0.467342 0.817271 -0.337134 0.308636 -0.206525 -0.928489 0.828453 0.537974 0.155722
0.985142 -2.439644 9.368793 15.854792 -0.442887 0.832367 -0.333191 0.360903 -0.174678 -0.916098 0.820731 0.525978 0.223041
0.995859 -2.913721 7.887231 11.637266 -0.442626 0.830297 -0.338658 0.442867 -0.125979 -0.887692 0.779712 0.542897 0.311950
0.910715 -2.835606 -6.122171 11.805078 -0.415334 0.848168 -0.328799 0.427429 -0.137103 -0.893592 0.802996 0.511677 0.305588
0.936687 -2.328467 -4.525422 16.614982 -0.412705 0.848298 -0.331761 0.348443 -0.189490 -0.917976 0.841583 0.494454 0.217380
1.670340 -1.334922 -50.666387 -7.716050 0.229740 0.451117 0.862388 -0.490692 0.818915 -0.297656 -0.840500 -0.354784 0.409497
0.581532 -1.585558 -31.755918 -7.332369 0.286112 0.344077 0.894288 -0.414455 0.885921 -0.208260 -0.863925 -0.311056 0.396077
-0.422829 -1.835886 -28.677031 -9.482326 0.360576 0.155804 0.919625 -0.329040 0.943811 -0.030889 -0.872765 -0.291455 0.391581
0.402651 -3.407426 -44.323026 -0.007172 -0.533465 0.798780 -0.278146 0.796242 0.585198 0.153437 -0.285333 0.139619 0.948205
-1.304918 -9.941986 -18.228663 294.238396 0.701749 0.199996 -0.683776 -0.552247 0.759061 -0.344746 -0.450080 -0.619538 -0.643118
-1.443577 -10.924564 -20.112888 205.482095 0.737027 0.173974 -0.653088 -0.550096 0.715819 -0.430114 -0.392664 -0.676267 -0.623280
-1.883100 -6.763847 -20.134586 281.427344 0.718383 0.208998 -0.663511 -0.509389 0.807613 -0.297127 -0.473761 -0.551436 -0.686636
-1.140726 -21.816277 -6.999561 726.999375 0.745155 0.131555 -0.653787 -0.545768 0.683687 -0.484468 -0.383251 -0.717820 -0.581251
-0.733492 -16.920593 -21.499355 -616.732528 0.631023 0.258591 -0.731397 0.634548 -0.714420 0.294877 -0.446272 -0.650180 -0.614904
-1.192484 -9.050009 -16.640680 360.091226 0.619731 0.292470 -0.728282 -0.588941 0.786659 -0.185247 -0.518730 -0.543718 -0.659765
