16285
32548
-6.134964 -7.746839 47.745102 -126.837969 -0.455578 0.359326 0.814453 0.588497 0.808038 -0.027311 -0.667922 0.466861 -0.579587
-7.322702 -9.771814 50.457523 132.250063 -0.173419 0.595972 0.784056 -0.785015 -0.564391 0.255370 -0.594707 0.571210 -0.565723
-6.925035 -12.229311 -30.924370 335.277754 0.094919 0.837785 0.537686 -0.761014 -0.287132 0.581732 -0.641754 0.464404 -0.610312
-5.374380 -7.691651 17.686151 -87.610812 -0.569747 0.091417 0.816720 0.479116 0.844383 0.239720 -0.667710 0.527884 -0.524884
-5.580066 -6.752135 -22.410160 -160.665334 -0.316316 0.595530 0.738436 0.634446 0.711511 -0.302044 -0.705281 0.372957 -0.602894
-4.463927 -6.574179 22.123911 -68.045908 -0.656158 -0.211643 0.724337 0.201343 0.875968 0.438339 -0.727267 0.433459 -0.532161
2.631803 -6.652832 178.829670 -44.149776 0.078152 0.861917 0.500990 0.961686 0.067280 -0.265769 -0.262777 0.502565 -0.823636
4.742773 -6.710423 153.905912 -93.251530 0.022425 0.890188 0.455041 0.957432 0.111898 -0.266089 -0.287787 0.441638 -0.849785
3.068954 -8.254643 75.745483 -155.140817 0.019378 0.874905 0.483906 0.984114 0.068739 -0.163690 -0.176476 0.479391 -0.859675
4.132125 -6.030396 185.862022 40.617185 0.062317 0.873390 0.483018 0.944770 0.104397 -0.310661 -0.321754 0.475700 -0.818647
1.354297 -6.975660 136.277530 -34.462593 0.025989 0.850629 0.525124 0.970927 0.103566 -0.215814 -0.237963 0.515466 -0.823206
2.942320 -6.442749 81.224307 50.356630 0.061293 0.857568 0.510706 0.944436 0.115715 -0.307653 -0.322930 0.501186 -0.802826
-4.540914 -8.661114 20.187452 -28.927289 0.455731 -0.626999 -0.631808 0.585049 -0.323950 0.743488 -0.670840 -0.708469 0.219191
-4.284814 -8.038316 -20.429166 -32.038328 -0.469160 0.617215 0.631613 0.489774 -0.413287 0.767669 -0.734854 -0.669507 0.108398
-4.218534 -8.721588 5.202852 -34.066899 0.488159 -0.561316 -0.668301 0.604635 -0.334695 0.722770 -0.629379 -0.756904 0.176007
-4.450424 -9.058215 10.588653 -11.456421 0.468300 -0.555734 -0.686917 0.701230 -0.239227 0.671600 -0.537560 -0.796197 0.277667
-4.733739 -8.848556 27.071048 -21.496368 0.447210 -0.628679 -0.636212 0.676037 -0.228154 0.700656 -0.585643 -0.743443 0.322978
-1.242911 -3.356389 -17.278786 38.924355 -0.687315 0.296751 0.662976 0.724264 0.349270 0.594519 -0.055134 0.888791 -0.454984
-1.423418 -3.931417 10.974498 42.783905 0.737055 -0.259449 -0.624048 0.668658 0.414135 0.617566 -0.098213 0.872455 -0.478723
-1.344293 -3.217595 -8.386479 23.790999 -0.615385 0.307500 0.725772 0.784639 0.326732 0.526867 -0.075121 0.893695 -0.442342
-1.098945 -2.738376 -8.789860 38.675133 -0.564681 0.330899 0.756070 0.824689 0.261751 0.501373 -0.031998 0.906638 -0.420694
-1.418799 -3.183739 0.402694 13.221288 -0.490371 0.332198 0.805717 0.866340 0.286390 0.409188 -0.094818 0.898680 -0.428234
-1.125081 -2.777103 6.210808 35.342697 -0.423119 0.349397 0.835998 0.904597 0.215562 0.367747 -0.051720 0.911841 -0.407272
-3.108575 -6.060399 -115.070304 119.569107 -0.560882 0.154382 0.813374 0.081852 0.987987 -0.131081 -0.823839 -0.006944 -0.566781
-3.640173 -7.737551 -65.355961 51.185398 -0.533889 0.077551 0.841990 -0.032584 0.993159 -0.112136 -0.844926 -0.087304 -0.527710
-2.399296 -61.538319 -1.980733 -4188.192804 0.283739 0.889877 -0.357227 -0.445018 0.452191 0.772969 -0.849383 0.060349 -0.524316
-3.072778 -20.907293 157.251577 -1344.269219 0.283600 0.933015 -0.221482 -0.494969 0.340244 0.799525 -0.821327 0.117119 -0.558306
-2.522881 -4.452428 -101.058694 146.327417 -0.592448 0.048640 0.804139 0.085857 0.996303 0.002991 -0.801020 0.070813 -0.594434
-1.515364 -2.535327 -46.125275 -58.363481 0.141156 0.896307 0.420368 0.950046 -0.003248 -0.312094 -0.278366 0.443423 -0.851991
-1.943436 -3.646131 -48.988200 -63.550534 0.031611 0.890254 0.454366 0.973429 0.075730 -0.216102 -0.226795 0.449124 -0.864206
-0.674564 -2.937658 -95.479694 -41.906588 0.101893 0.913478 0.393923 0.964238 0.006702 -0.264954 -0.244670 0.406832 -0.880127
-0.366985 -2.121832 -97.919838 -34.445195 0.055535 0.910858 0.408967 0.955927 0.069767 -0.285196 -0.288305 0.406781 -0.866839
0.681518 -8.250876 -9.991003 18.984450 0.329808 -0.703169 -0.629905 0.299122 0.710695 -0.636741 0.895406 0.021584 0.444726
0.320526 -7.876409 11.353035 20.773547 -0.323616 0.726183 0.606573 0.198467 0.678905 -0.706894 0.925140 0.108378 0.363828
0.898870 -7.848420 -12.287427 11.481260 0.324314 -0.691313 -0.645683 0.251288 0.721014 -0.645750 0.911962 0.047173 0.407553
0.339166 -8.892175 10.632407 41.849563 -0.337733 0.728177 0.596402 0.310099 0.684338 -0.659939 0.888693 0.037939 0.456931
1.011632 -8.399445 -4.442918 15.972425 0.324051 -0.675957 -0.661871 0.361820 0.734986 -0.573482 0.874115 -0.053640 0.482748
0.787049 -8.761089 -9.283126 41.688786 0.340771 -0.691288 -0.637178 0.396126 0.720221 -0.569531 0.852619 -0.058323 0.519268
1.968066 -11.848904 2.319643 57.311118 -0.261429 0.881879 0.392357 0.318166 -0.305040 0.897619 -0.911276 -0.359499 0.200838
1.840905 -11.916017 19.900924 -0.923067 -0.215733 0.902245 0.373381 0.438982 -0.251948 0.862448 -0.872212 -0.349966 0.341716
2.248506 -11.790050 1.739161 -94.220466 -0.266723 0.867068 0.420775 0.459294 -0.269472 0.846424 -0.847295 -0.419020 0.326365
-1.080083 -8.209621 -17.797221 210.611954 -0.159552 0.863661 0.478155 -0.049546 0.476744 -0.877645 0.985945 0.163720 0.033274
-1.342039 -6.707678 14.040834 185.899702 -0.212185 0.868786 0.447424 -0.076788 0.441611 -0.893915 0.974208 0.224032 0.026991
-1.109754 -11.042613 -22.230023 265.138847 -0.164132 0.837753 0.520798 0.043849 0.533632 -0.844579 0.985463 0.115786 0.124321
-1.169545 -5.526937 -4.383640 99.184817 -0.184509 0.919206 0.347876 -0.122753 0.329628 -0.936097 0.975135 0.215421 -0.052016
-0.565136 -11.905661 -46.976024 257.201463 -0.114001 0.855934 0.504361 0.085058 0.514216 -0.853433 0.989833 0.054392 0.131425
-0.688088 -8.598344 -33.615394 193.002540 -0.125342 0.886449 0.445531 -0.043658 0.443709 -0.895107 0.991153 0.131646 0.016915
-0.810579 -20.549387 33.749579 113.421194 0.243350 -0.476189 -0.845000 0.725999 0.667141 -0.166879 0.643200 -0.572859 0.508062
-0.757203 -21.073250 27.461019 -25.143021 0.244770 -0.481455 -0.841599 0.850140 0.523936 -0.052475 0.466208 -0.702632 0.537548
-0.187325 -20.589116 23.426169 110.520733 0.243001 -0.474714 -0.845930 0.754819 0.640273 -0.142476 0.609261 -0.603902 0.513910
-1.192760 -21.289912 26.022609 -28.482764 0.257185 -0.489284 -0.833341 0.826517 0.558202 -0.072661 0.500725 -0.670083 0.547963
-0.224671 -19.312747 27.528721 278.564022 0.241370 -0.471575 -0.848149 0.606525 0.755564 -0.247489 0.757540 -0.454687 0.468393
-1.226167 -20.009672 35.505537 90.496356 0.248071 -0.486562 -0.837686 0.699279 0.688372 -0.192751 0.670425 -0.537961 0.511007
-0.810437 -18.687698 40.472377 265.185469 0.232352 -0.478301 -0.846900 0.573500 0.770634 -0.277885 0.785564 -0.421130 0.453364
2.961083 -14.430589 2.155163 -348.804848 -0.133877 0.901958 0.410546 0.989915 0.102356 0.097934 0.046310 0.419517 -0.906566
2.651089 -12.740523 -78.279695 -178.004669 -0.156444 0.896368 0.414789 0.976982 0.078779 0.198242 0.145022 0.436256 -0.888060
3.455548 -11.163085 -13.846631 -269.620478 -0.049584 0.895417 0.442458 0.997193 0.069267 -0.028428 -0.056103 0.439806 -0.896339
1.830025 -13.621361 8.694524 -146.965365 -0.340319 0.625965 0.701677 0.856540 0.514257 -0.043340 -0.387972 0.586265 -0.711176
2.074341 -13.433993 0.081645 -106.143792 -0.371802 0.643543 0.669041 0.856812 0.515261 -0.019473 -0.357262 0.566002 -0.742970
1.702322 -14.897707 6.973851 -127.715781 -0.331402 0.633499 0.699179 0.923700 0.368832 0.103637 -0.192226 0.680178 -0.707395
1.358173 -15.662878 18.416896 -193.636384 -0.298270 0.615726 0.729326 0.928884 0.363023 0.073404 -0.219565 0.699354 -0.680217
1.431243 -13.669754 24.345277 -172.242412 -0.304609 0.605486 0.735255 0.861568 0.504279 -0.058337 -0.406096 0.615703 -0.675275
0.362648 -20.882821 -78.545172 7.773496 0.324771 -0.541802 -0.775225 -0.166069 0.774255 -0.610697 0.931099 0.327077 0.161479
1.824622 -20.177511 -46.435938 79.861760 0.323987 -0.564389 -0.759274 -0.357507 0.670015 -0.650591 0.875912 0.482229 0.015303
1.653430 -21.104051 -38.337476 -35.586255 0.320309 -0.622334 -0.714215 -0.145938 0.712520 -0.686307 0.936004 0.324061 0.137404
0.904539 -19.767809 -69.722345 37.858415 0.312107 -0.484630 -0.817143 -0.361905 0.734609 -0.573911 0.878415 0.474850 0.053886
0.002748 -21.171313 -116.806698 69.788172 0.353978 -0.577367 -0.735762 0.053723 0.797952 -0.600322 0.933709 0.172973 0.313475
-1.265066 -20.437063 -56.116480 39.358627 0.314955 -0.508537 -0.801370 0.016663 0.847174 -0.531055 0.948960 0.153906 0.275296
-0.706238 -20.345949 -27.765272 -20.133430 0.299253 -0.469018 -0.830945 -0.173179 0.829692 -0.530679 0.938327 0.302709 0.167063
-1.238113 -13.370516 -0.932893 137.445059 -0.300275 0.223261 0.927356 -0.334704 0.885740 -0.321618 -0.893201 -0.406964 -0.191239
-1.133763 -14.237672 7.420035 82.583049 -0.280971 0.189724 0.940776 -0.517528 0.795573 -0.315005 -0.808220 -0.575386 -0.125346
-1.161686 -12.548672 -0.408787 149.063102 -0.273055 0.216032 0.937428 -0.375621 0.873164 -0.310633 -0.885635 -0.436937 -0.157276
-1.186602 -11.928993 -1.670678 62.301020 -0.292811 0.284717 0.912797 -0.197491 0.916045 -0.349082 -0.935553 -0.282485 -0.211999
-0.918985 -11.925259 8.184286 188.948045 -0.241588 0.200227 0.949497 -0.410124 0.865725 -0.286912 -0.879451 -0.458726 -0.127031
-0.985648 -10.714099 8.903682 86.288228 -0.264524 0.276383 0.923926 -0.238297 0.909611 -0.340326 -0.934474 -0.310193 -0.174753
-2.482349 -4.741063 -20.111712 8.783796 -0.314547 0.755098 0.575228 0.098581 -0.576725 0.810969 -0.944109 -0.311795 -0.106968
-2.123793 -5.144997 50.212244 6.395769 -0.235698 0.781090 0.578226 0.100012 -0.572334 0.813899 -0.966666 -0.249664 -0.056780
-2.409353 -5.006055 -15.100119 -17.506560 -0.292813 0.624924 0.723692 -0.048253 0.746243 -0.663922 -0.954951 -0.229326 -0.188355
-2.185471 -4.605502 -54.341059 -22.178863 -0.363593 0.607099 0.706563 -0.069699 0.738620 -0.670509 -0.928947 -0.293039 -0.226243
-2.098396 -4.294793 -61.269864 8.216216 -0.385830 0.740711 0.549984 0.091139 -0.562625 0.821673 -0.918057 -0.367151 -0.149570
3.489823 -35.122801 138.190789 -722.906641 0.248597 -0.026030 -0.968257 0.967818 0.047006 0.247221 0.039078 -0.998555 0.036878
3.457581 -35.699678 138.327380 -35.842443 0.228288 -0.036621 -0.972905 0.900629 0.387503 0.196743 0.369799 -0.921141 0.121444
1.734118 -32.966470 48.022008 -511.233359 0.221259 -0.048732 -0.973997 0.970989 0.103892 0.215378 0.090694 -0.993394 0.070305
1.561013 -29.759275 55.628521 -996.839833 0.228220 -0.034264 -0.973007 0.955055 -0.186300 0.230569 -0.189171 -0.981895 -0.009793
0.409608 -34.161459 11.023548 -813.401916 0.222081 -0.045908 -0.973947 0.974373 -0.026170 0.223411 -0.035745 -0.998603 0.038920
-1.325077 -68.006664 -7.721765 2892.499497 0.140379 -0.412029 -0.900292 0.737725 0.649982 -0.182441 0.660345 -0.638557 0.395208
0.162993 -340.697128 -213.274093 19604.921258 0.286858 -0.372005 -0.882794 0.934680 0.310661 0.172807 0.209964 -0.874701 0.436822
-28.031216 -1679.946537 -2123.256782 128828.485899 0.529925 -0.340935 -0.776494 0.844264 0.125736 0.520969 -0.079984 -0.931640 0.354470
-0.825477 -198.921224 -51.025257 9755.545306 0.207398 -0.382360 -0.900437 0.870226 0.492576 -0.008727 0.446871 -0.781773 0.434899
-9.207775 -156.417899 351.306202 5671.550856 -0.492650 0.276050 0.825283 0.166509 0.960733 -0.221960 -0.854149 0.028068 -0.519270
-11.173762 -468.762912 -418.906935 10591.692203 -0.577820 0.399516 0.711696 -0.069311 0.844831 -0.530525 -0.813216 -0.355876 -0.460470
-6.500804 -201.082000 -151.828298 4462.157611 0.497937 -0.395962 -0.771540 0.546987 -0.546982 0.633731 -0.672952 -0.737580 -0.055777
-1.307541 -4.453451 36.712883 -25.182888 -0.093929 0.409828 0.907314 0.980319 -0.120877 0.156086 0.173642 0.904118 -0.390408
-1.511674 -3.913514 37.361749 -40.858171 -0.171541 0.418905 0.891680 0.979277 -0.026404 0.200797 0.107659 0.907646 -0.405694
-0.852050 -4.025061 24.294755 -49.786928 -0.090797 0.399259 0.912331 0.986414 -0.089889 0.137508 0.136910 0.912421 -0.385673
1.904681 -4.220956 9.699041 -31.590441 -0.425146 0.777843 0.462829 0.893606 0.279394 0.351294 0.143940 0.562938 -0.813869
1.582183 -4.446450 -0.019386 -33.280251 -0.444260 0.770048 0.457886 0.873571 0.258945 0.412095 0.198766 0.583072 -0.787730
1.836129 -3.988797 -2.646302 -40.840354 -0.410399 0.765684 0.495278 0.902067 0.261305 0.343505 0.133597 0.587748 -0.797937
2.031118 -3.486679 9.313188 -31.829586 -0.361737 0.780935 0.509202 0.928681 0.253894 0.270352 0.081843 0.570682 -0.817082
1.923517 -3.904683 1.998740 -24.405688 -0.371336 0.797491 0.475519 0.924160 0.267999 0.272224 0.089658 0.540542 -0.836526
-347.206763 -589.270492 19994.426972 47598.889365 -0.432034 0.162891 0.887025 0.818635 -0.341842 0.461499 0.378396 0.925533 0.014340
-160.979521 -423.624001 5025.433863 -46187.240901 0.658311 0.276930 0.699954 0.731530 -0.016151 -0.681618 -0.177455 0.960754 -0.213215
-182.412544 -225.615871 12351.323657 -13871.788859 0.626172 -0.204839 0.752296 0.744031 0.445427 -0.498010 -0.233081 0.871571 0.431320
-213.478561 -506.321845 -486.811278 35772.621926 0.825296 -0.049699 -0.562509 0.437054 -0.574565 0.691996 0.357589 0.816949 0.452465
4.836358 -33.658816 -92.012863 -433.904424 -0.538797 0.712330 0.449759 0.842341 0.463525 0.274965 -0.012609 0.527001 -0.849771
4.923483 -35.052476 -73.601406 51.566033 -0.528356 0.703961 0.474635 0.808414 0.246304 0.534604 0.259436 0.666163 -0.699228
6.189574 -43.638245 -157.764349 -1342.786000 -0.543647 0.655596 0.524062 0.832260 0.501859 0.235543 -0.108584 0.564209 -0.818461
5.330404 -33.104282 -126.063459 -981.220534 -0.547709 0.662678 0.510756 0.759573 0.649796 -0.028546 -0.350804 0.372322 -0.859251
4.044214 -30.081956 -74.365628 -616.639844 -0.544692 0.717663 0.433900 0.794087 0.607747 -0.008353 -0.269696 0.340005 -0.900922
5.679309 -2.675311 0.699932 6.844335 0.843234 -0.005221 0.537521 0.356441 -0.743074 -0.566384 -0.402375 -0.669189 0.624724
5.161478 -2.745453 163.368897 -2.157905 0.901504 0.074596 0.426293 0.336190 -0.740996 -0.581293 -0.272519 -0.667354 0.693089
4.975172 -2.402120 -20.203994 -11.974488 0.843878 -0.019809 0.536169 0.354286 -0.729896 -0.584579 -0.402928 -0.683271 0.608925
5.799644 -2.599743 174.889563 -5.789123 0.899964 0.074893 0.429483 0.326915 -0.767685 -0.551169 -0.288429 -0.636437 0.715372
4.697730 -2.617407 -184.281058 11.573742 0.758824 -0.071519 0.647357 0.397608 -0.736366 -0.547424 -0.515842 -0.672793 0.530335
6.123687 -2.542062 21.339222 0.184994 0.842307 0.000892 0.538997 0.342352 -0.773262 -0.533723 -0.416310 -0.634086 0.651630
5.251070 -2.645478 -192.137126 6.374845 0.756800 -0.063222 0.650581 0.380406 -0.766793 -0.517030 -0.531549 -0.638774 0.556259
3.101232 -7.018730 379.414255 -69.064477 0.473775 -0.212408 -0.854646 0.206831 0.970169 -0.126462 0.856013 -0.116853 0.503574
2.479969 -5.743448 447.416822 -17.880504 0.525874 0.008638 -0.850519 0.146848 0.984011 0.100789 0.837790 -0.177899 0.516197
0.087037 -9.204911 49.877254 -55.209470 0.571817 -0.074443 -0.816997 0.143201 0.989643 0.010053 0.807786 -0.122744 0.576555
-0.709464 -11.422214 -205.948107 -286.513279 0.568291 -0.412462 -0.711983 0.291236 0.910103 -0.294777 0.769563 -0.039835 0.637328
2.222935 -7.804279 299.678050 -24.118481 0.402634 -0.436022 -0.804842 0.221055 0.899554 -0.376746 0.888268 -0.026224 0.458576
1.164650 -6.636188 317.779029 -60.295592 0.449879 -0.347300 -0.822795 0.237050 0.934680 -0.264915 0.861055 -0.075864 0.502820
-3.259672 -5.589864 -29.722575 38.179871 0.395382 -0.466031 -0.791510 0.555928 0.807384 -0.197675 0.731175 -0.361866 0.578305
-3.610287 -6.609105 -20.977188 60.525861 0.370769 -0.455507 -0.809348 0.623600 0.767894 -0.146500 0.688225 -0.450391 0.568765
-3.469636 -5.326485 -4.601638 72.050074 0.430194 -0.312456 -0.846938 0.509415 0.858565 -0.057992 0.745271 -0.406495 0.528519
1.005215 -6.119779 134.532674 8.345712 -0.511297 0.756773 0.407271 0.457298 0.640815 -0.616632 0.727636 0.129038 0.673718
-0.895516 -6.178704 149.019576 11.415578 -0.521353 0.751860 0.403606 0.442590 0.642629 -0.625414 0.729592 0.147429 0.667802
0.652387 -5.916503 125.833041 13.003925 -0.509529 0.761054 0.401468 0.363649 0.613325 -0.701136 0.779833 0.211256 0.589263
-0.682855 -6.416406 165.088047 5.647709 -0.536852 0.739050 0.406933 0.525803 0.670293 -0.523677 0.659788 0.067170 0.748444
2.154362 -5.899798 88.295628 14.835580 -0.488289 0.758259 0.431992 0.365790 0.627266 -0.687557 0.792321 0.177708 0.583650
2.664408 -6.082687 87.805183 9.530743 -0.482961 0.754734 0.443987 0.462050 0.650362 -0.602942 0.743814 0.086054 0.662824
1.370169 -6.287500 140.214061 0.243263 -0.516028 0.749507 0.414673 0.544396 0.660730 -0.516787 0.661323 0.040930 0.748984
-0.316740 -7.373487 17.529903 -34.094828 0.261507 -0.580804 -0.770897 0.787754 0.589940 -0.177243 0.557726 -0.560926 0.611803
-0.890777 -8.127563 7.311148 -54.662980 0.333538 -0.541853 -0.771458 0.734762 0.662120 -0.147385 0.590659 -0.517679 0.618975
-0.752645 -7.418159 23.769421 -37.097189 0.286942 -0.573492 -0.767314 0.815151 0.566917 -0.118884 0.503183 -0.591364 0.630155
6.193740 -4.494744 114.779507 98.466702 0.881785 -0.088372 -0.463298 -0.352555 0.529011 -0.771915 -0.313305 -0.844001 -0.435318
16.995759 -1.232357 -324.192386 9.668265 0.939956 -0.325767 -0.101774 0.067148 0.468888 -0.880702 -0.334624 -0.820987 -0.462609
8.097785 -5.145975 -53.865498 31.635054 0.760583 -0.244922 -0.601271 -0.441470 0.483954 -0.755575 -0.476044 -0.840120 -0.259961
-0.080389 -7.223714 -2.470350 6.745098 0.336582 -0.569567 -0.749871 0.844390 0.535030 -0.027376 0.416796 -0.623969 0.661018
-0.207332 -7.425625 -8.058500 9.023391 0.340829 -0.574611 -0.744082 0.835448 0.548070 -0.040562 0.431116 -0.607817 0.666856
-0.103841 -6.906793 -1.137488 -1.173782 0.313400 -0.580433 -0.751584 0.779701 0.609072 -0.145249 0.542075 -0.540490 0.643448
-0.263391 -7.914965 -4.347104 30.448983 0.377455 -0.552716 -0.742989 0.874219 0.477295 0.089059 0.305400 -0.683150 0.663352
-0.023601 -6.873299 -0.815990 -7.514573 0.322608 -0.570981 -0.754920 0.790757 0.600926 -0.116586 0.520219 -0.559347 0.645371
-0.107909 -7.587987 -0.952199 31.433100 0.371484 -0.552495 -0.746157 0.880944 0.463509 0.095382 0.293152 -0.692755 0.658903
0.039764 -7.088247 -3.862055 2.307279 0.341595 -0.565295 -0.750835 0.853460 0.521143 -0.004078 0.393598 -0.639415 0.660477
2.352116 -13.679448 77.633411 28.897185 -0.189463 0.941495 0.278732 0.834126 0.004568 0.551555 -0.518013 -0.336997 0.786191
0.907014 -12.961551 43.900552 112.346684 -0.174108 0.941322 0.289137 0.864935 0.005831 0.501849 -0.470716 -0.337460 0.815198
2.057097 -13.096837 67.886013 102.779096 -0.221180 0.937040 0.270251 0.915120 0.103632 0.389636 -0.337098 -0.333492 0.880425
1.037733 -6.093478 34.281405 -2.746720 -0.661536 0.553433 0.506045 0.749580 0.508094 0.424228 -0.022336 0.659964 -0.750965
1.827632 -6.224972 -51.404913 6.998659 0.720136 -0.523160 -0.455751 0.693394 0.519266 0.499568 0.024698 0.675771 -0.736698
0.285291 -6.452565 26.278354 -26.521355 -0.659023 0.547701 0.515472 0.749137 0.416992 0.514696 0.066952 0.725356 -0.685111
0.017860 -6.531343 17.742377 -28.687085 -0.604940 0.574313 0.551554 0.795388 0.403218 0.452518 0.037490 0.712446 -0.700725
-0.548773 -7.553058 5.337647 -57.674487 -0.555996 0.596548 0.578791 0.816025 0.259377 0.516553 0.158024 0.759509 -0.631011
-0.494851 -7.276364 6.269792 -59.483602 -0.613022 0.570641 0.546418 0.770939 0.280792 0.571672 0.172790 0.771703 -0.612061
-0.871030 -3.614567 -42.472813 -20.575937 0.912492 -0.094864 0.397944 0.212187 -0.721917 -0.658645 -0.349764 -0.685446 0.638614
-2.003856 -3.674341 -49.428819 -11.061952 0.942607 -0.216223 0.254441 0.033860 -0.696191 -0.717058 -0.332184 -0.684519 0.648913
-1.198422 -3.303128 -40.039988 -17.078573 0.915613 -0.109794 0.386779 0.173101 -0.760621 -0.625693 -0.362890 -0.639844 0.677429
-0.811191 -4.051141 -48.358396 -25.159014 0.918483 -0.107015 0.380706 0.214177 -0.674668 -0.706365 -0.332442 -0.730322 0.596751
-0.220459 -3.401028 -23.588514 -17.564175 0.884241 -0.016913 0.466724 0.292870 -0.758355 -0.582344 -0.363792 -0.651622 0.665615
0.071150 -3.816462 -29.457722 -21.211624 0.886577 -0.026443 0.461825 0.308332 -0.710463 -0.632593 -0.344837 -0.703238 0.621726
-4.339669 -7.422967 43.634156 -8.329704 0.416085 0.284700 0.863608 0.691145 -0.716192 -0.096891 0.590924 0.637193 -0.494766
-3.702675 -7.858744 70.284215 -1.787486 0.070318 0.526042 0.847546 0.868781 -0.449809 0.207101 0.490178 0.721770 -0.488646
-3.422305 -6.729349 100.140343 21.938624 0.189339 0.418991 0.888030 0.811009 -0.576576 0.099123 0.553548 0.701432 -0.448973
2.247299 -6.157372 55.078465 10.204267 0.326599 -0.620766 -0.712729 0.413172 0.771983 -0.483043 0.850071 -0.136718 0.508613
3.169934 -6.151473 81.889662 11.618129 0.333838 -0.657643 -0.675320 0.431379 0.743586 -0.510874 0.838132 -0.120769 0.531931
2.109157 -5.908045 54.319212 16.071754 0.329273 -0.637577 -0.696473 0.304956 0.769885 -0.560606 0.893634 -0.027801 0.447935
3.320394 -6.209492 84.600868 -0.528588 0.329379 -0.642202 -0.692160 0.534858 0.731014 -0.423728 0.778098 -0.230640 0.584267
1.461629 -5.874235 23.974748 17.113491 0.326503 -0.606405 -0.725031 0.283366 0.794585 -0.536971 0.901720 -0.030126 0.431269
2.270195 -6.236551 50.058193 -1.138428 0.325298 -0.606366 -0.725604 0.518657 0.756028 -0.399270 0.790681 -0.246458 0.560431
1.551511 -6.139045 21.451390 10.173719 0.325504 -0.590987 -0.738093 0.394018 0.794379 -0.462290 0.859533 -0.140344 0.491433
-0.950610 -19.798207 -20.655541 -22.974710 0.701219 -0.424546 -0.572759 -0.359528 0.483168 -0.798303 -0.615655 -0.765709 -0.186170
-1.038630 -20.107733 -7.256523 -72.053774 0.714110 -0.404140 -0.571592 -0.391364 0.446513 -0.804649 -0.580414 -0.798309 -0.160693
-0.994623 -19.017049 -35.943683 -124.682128 0.686817 -0.433686 -0.583266 -0.511513 0.281704 -0.811786 -0.516369 -0.855897 0.028358
-0.829213 -18.836207 -10.134752 -106.850013 0.684019 -0.435275 -0.585367 -0.495373 0.311874 -0.810765 -0.535466 -0.844553 0.002296
-0.753390 -19.537375 -9.447351 30.089789 0.693226 -0.441569 -0.569610 -0.319187 0.520503 -0.791957 -0.646187 -0.730817 -0.219883
1.679699 -16.452284 24.274727 -149.564702 -0.483734 0.694781 0.532241 0.516737 -0.264098 0.814393 -0.706388 -0.668978 0.231266
1.993177 -15.362180 -1.266831 -180.887641 -0.519230 0.684743 0.511397 0.498832 -0.243058 0.831919 -0.693950 -0.687059 0.215368
1.982845 -15.021656 13.365363 -187.612676 -0.504229 0.690680 0.518377 0.404760 -0.341233 0.848369 -0.762838 -0.637590 0.107500
1.699240 -16.451018 -1.873329 -93.915929 0.502612 -0.684680 -0.527820 0.624746 -0.134349 0.769183 -0.597557 -0.716354 0.360226
0.948398 -15.417933 107.488677 -110.548381 -0.449213 0.716034 0.534324 0.377184 -0.390159 0.839946 -0.809901 -0.578853 0.094812
1.412951 -17.329782 -18.735589 -87.970108 0.468081 -0.701051 -0.537985 0.652636 -0.136208 0.745328 -0.595791 -0.699982 0.393775
0.904946 -17.096659 90.739887 -153.063209 -0.446016 0.720735 0.530670 0.542967 -0.253460 0.800590 -0.711517 -0.645212 0.278288
-0.300157 -5.659185 -214.151233 -37.784592 0.515105 0.081312 0.853261 0.803344 -0.392881 -0.447531 0.298841 0.915987 -0.267696
-1.276047 -6.291500 -200.248802 13.455182 0.420995 0.114718 0.899779 0.830248 -0.448240 -0.331313 0.365310 0.886522 -0.283951
2.196611 -5.091434 -155.789794 -74.318428 0.425441 0.074582 0.901908 0.833976 -0.419287 -0.358724 0.351404 0.904785 -0.240581
2.819377 -4.385137 -177.216375 -56.459593 0.521027 0.034066 0.852860 0.797871 -0.374387 -0.472479 0.303204 0.926647 -0.222245
3.428779 -4.063193 -62.714859 -89.892134 0.417205 -0.017490 0.908644 0.830849 -0.397816 -0.389143 0.368279 0.917299 -0.151439
3.132372 -4.644163 -50.147426 -83.450648 0.335135 0.030819 0.941666 0.840745 -0.460886 -0.284133 0.425244 0.886924 -0.180369
-3.183251 -231.746756 -61.334613 9928.621663 0.642665 -0.559783 -0.523092 0.652901 0.042910 0.756227 -0.400877 -0.827528 0.393059
-2.218637 -157.795362 -104.141621 8225.286705 0.495260 -0.578630 -0.648000 0.845593 0.492133 0.206829 0.199224 -0.650379 0.733019
-2.313907 -85.828471 271.547182 3042.455521 0.637553 -0.529192 -0.559894 0.768959 0.392580 0.504563 -0.047207 -0.752221 0.657217
-4.143461 -83.648272 120.742088 -391.904813 0.575772 -0.584505 -0.571699 0.604794 -0.166055 0.778878 -0.550191 -0.794216 0.257896
1761.574514 -80.483541 117301.731470 -80068.313693 -0.599000 0.708569 -0.372999 -0.231065 -0.598949 -0.766726 0.766686 0.373082 -0.522497
-2.282615 -145.491701 76.885573 8393.095674 -0.116410 0.850857 0.512339 0.054674 0.520554 -0.852077 0.991695 0.071179 0.107117
-32.137833 -1904.654399 -536.922179 97259.638123 -0.175901 0.714297 0.677376 0.462339 0.667437 -0.583756 0.869081 -0.210494 0.447651
-1.172739 -154.969672 -20.712729 7142.774025 0.280647 -0.704188 -0.652193 0.870127 0.473465 -0.136785 0.405113 -0.529103 0.745610
-35.684868 -2142.549896 779.983786 -67038.923873 0.293348 -0.641166 -0.709122 0.856216 -0.153746 0.493210 -0.425254 -0.751843 0.503875
-4.570844 -591.102013 64.061889 -8200.678003 0.300060 -0.678066 -0.670962 0.831436 -0.158906 0.532413 -0.467631 -0.717618 0.516087
1.311345 -4.697500 -75.559267 -77.098027 -0.144455 0.746438 0.649587 0.120912 0.664868 -0.737110 0.982096 0.027936 0.186297
1.568427 -5.009161 -201.392864 -49.856784 -0.097562 0.788034 0.607852 0.159833 0.615244 -0.771964 0.982311 -0.021841 0.185978
2.627199 -3.965240 -73.166580 4.764136 -0.122200 0.892159 0.434880 0.212506 0.451521 -0.866585 0.969489 0.013482 0.244765
3.074439 -3.751115 -36.158276 50.369632 -0.104783 0.953557 0.282398 0.291156 0.300933 -0.908112 0.950920 0.012932 0.309167
3.431737 -3.243253 79.339596 2.792353 -0.173597 0.937935 0.300238 0.265251 0.338131 -0.902945 0.948423 0.077110 0.307487
2.528102 -3.572827 30.143614 -26.154821 -0.180872 0.873307 0.452349 0.191029 0.482371 -0.854884 0.964776 0.068213 0.254074
0.307633 -6.251183 1.354651 -10.590765 0.228952 -0.621500 -0.749213 0.925418 0.377717 -0.030532 0.301966 -0.686344 0.661626
0.377665 -5.710751 1.569075 -19.387928 0.251455 -0.614297 -0.747937 0.949357 0.306959 0.067060 0.188391 -0.726922 0.660373
0.092601 -6.077885 -17.052044 -24.149763 0.239084 -0.617522 -0.749337 0.939808 0.341192 0.018683 0.244130 -0.708699 0.661926
0.893512 -14.003049 13.872868 160.200861 0.409348 -0.658775 -0.631229 0.910216 0.247264 0.332215 -0.062774 -0.710546 0.700845
3.186675 -15.544944 -14.443041 62.905142 0.458432 -0.648855 -0.607311 0.838922 0.090387 0.536693 -0.293343 -0.755524 0.585776
1.839665 -16.457453 -55.349690 157.569667 0.352405 -0.694935 -0.626798 0.906113 0.085884 0.414225 -0.234028 -0.713925 0.659956
0.799866 -14.764338 -77.704279 121.733262 0.317819 -0.703224 -0.635977 0.933454 0.114421 0.339958 -0.166298 -0.701700 0.692793
0.515215 -13.630752 -17.064568 166.598266 0.354374 -0.687066 -0.634318 0.934859 0.275823 0.223518 0.021388 -0.672207 0.740055
-0.833925 -4.647591 5.792080 10.853003 0.630828 -0.272345 -0.726556 0.455758 0.887879 0.062893 0.627966 -0.370808 0.684223
-1.165861 -4.445408 23.421366 30.875948 0.677178 -0.167054 -0.716605 0.399262 0.901472 0.167146 0.618077 -0.399301 0.677156
-0.480811 -5.424571 17.230481 29.346536 0.671792 -0.135347 -0.728270 0.460655 0.846261 0.267655 0.580081 -0.515289 0.630859
-1.043962 -4.017491 1.932326 -4.658496 0.585605 -0.391515 -0.709777 0.472232 0.876465 -0.093844 0.658835 -0.280224 0.698148
-0.813443 -4.751807 -1.079042 -16.211834 0.533103 -0.461858 -0.708865 0.472817 0.857440 -0.203078 0.701602 -0.226902 0.675478
-3.769247 -65.172500 123.930714 2635.207354 0.655383 0.680569 -0.327565 -0.466254 0.023356 -0.884343 0.594205 -0.732312 -0.332625
-3.809762 -37.098320 123.302429 -37.164354 0.660966 0.675703 -0.326419 -0.069750 -0.377782 -0.923264 0.747167 -0.633014 0.202571
-8.661006 -49.783279 295.325794 1757.598391 0.685131 0.659743 -0.308764 -0.325239 -0.102214 -0.940091 0.651779 -0.744508 -0.144544
-14.431633 -41.810716 521.440954 929.546093 0.740578 0.598331 -0.305851 -0.216056 -0.218967 -0.951511 0.636289 -0.770749 0.032889
-12.449525 -58.016167 395.106347 2311.887388 0.737633 0.622210 -0.262206 -0.430589 0.134360 -0.892491 0.520087 -0.771234 -0.367025
-5.352255 -94.467506 125.628195 5137.192873 0.744130 0.637227 -0.200529 -0.460115 0.271265 -0.845405 0.484318 -0.721358 -0.495054
-8.300715 -10.947600 45.150491 -89.124259 -0.078253 0.593702 0.800871 0.869276 0.433943 -0.236754 -0.488093 0.677651 -0.550048
-7.731664 -13.566988 10.695010 -300.410354 0.174596 0.768950 0.615006 0.856992 0.188889 -0.479464 -0.484852 0.610767 -0.626005
-6.214048 -9.143153 18.481217 -60.182210 -0.478554 0.226534 0.848332 0.657117 0.733219 0.174892 -0.582395 0.641149 -0.499745
6.011736 -9.071250 139.964071 -317.728036 -0.015773 0.916117 0.400601 0.966170 0.117113 -0.229781 -0.257422 0.383424 -0.886972
8.447003 -6.969233 211.376008 137.870233 -0.028432 0.935893 0.351134 -0.943002 -0.141633 0.301144 -0.331571 0.322558 -0.886576
7.185747 -5.909007 221.829893 16.725219 0.016719 0.904007 0.427191 0.931192 0.141525 -0.335933 -0.364144 0.403413 -0.839438
-4.020231 -8.024760 10.736936 45.597111 0.511035 -0.553571 -0.657573 -0.507587 0.423033 -0.750599 -0.693685 -0.717358 0.064801
-1.321172 -4.206890 23.298008 50.782076 0.775558 -0.254854 -0.577546 0.625701 0.431664 0.649743 -0.083716 0.865284 -0.494242
-1.452415 -4.908163 15.026068 70.737909 0.806096 -0.223798 -0.547835 0.579373 0.487047 0.653538 -0.120561 0.844215 -0.522270
-3.513894 -10.020544 11.246934 84.898715 -0.501219 0.461617 0.731908 0.116570 0.874133 -0.471491 -0.857433 -0.151001 -0.491942
-2.578760 -8.406096 -96.804278 -4.589498 -0.552485 0.276211 0.786427 -0.049465 0.930970 -0.361729 -0.832054 -0.238750 -0.500684
-3.761915 -9.757265 -51.310950 -56.190745 -0.523785 0.299037 0.797638 -0.092627 0.910813 -0.402292 -0.846799 -0.284597 -0.449372
-1.677842 -8.382455 -89.084906 -28.400673 -0.563695 0.377815 0.734510 -0.097195 0.852736 -0.513219 -0.820245 -0.360689 -0.443961
-1.113779 -7.771452 -101.379493 -6.151741 -0.580551 0.398175 0.710224 -0.012757 0.867715 -0.496897 -0.814124 -0.297534 -0.498674
-2.163634 -3.258131 35.963022 -71.999876 -0.156975 0.826525 0.540569 0.952707 0.270945 -0.137618 -0.260209 0.493401 -0.829968
-2.528167 -4.711834 38.897900 -87.051028 -0.210347 0.811860 0.544644 0.957662 0.283128 -0.052178 -0.196565 0.510609 -0.837043
-2.562161 -4.850643 -36.272671 -74.150279 -0.108290 0.871559 0.478182 0.981512 0.170098 -0.087753 -0.157820 0.459839 -0.873866
-0.016633 -8.364768 12.313604 26.731952 -0.331279 0.758406 0.561316 0.211048 0.639396 -0.739345 0.919627 0.126464 0.371878
1.243490 -12.374163 37.619444 68.763930 -0.168636 0.925817 0.338268 0.417157 -0.243898 0.875496 -0.893052 -0.288751 0.345081
1.352640 -12.181759 36.768708 -13.157080 -0.176224 0.923005 0.342062 0.555776 -0.193514 0.808496 -0.812440 -0.332587 0.478882
1.683164 -12.624070 22.657062 112.105353 -0.209916 0.910796 0.355508 0.290617 -0.289051 0.912136 -0.933529 -0.294789 0.204017
-1.202889 -4.604490 25.490732 50.527569 -0.232888 0.933474 0.272745 -0.102360 0.255370 -0.961410 0.967102 0.251819 -0.036077
-0.121143 -20.546781 23.551752 -104.305561 0.236132 -0.478336 -0.845835 0.875432 0.482503 -0.028470 0.421736 -0.733748 0.532685
-0.627654 -20.146259 28.288857 -143.846832 0.236629 -0.480611 -0.844405 0.932230 0.357197 0.057934 0.273775 -0.800889 0.532564
-1.098141 -20.785207 21.383784 -49.054340 0.255452 -0.491993 -0.832278 0.909230 0.414920 0.033795 0.328702 -0.765366 0.553327
-0.346179 -6.378691 2.267123 -12.001808 -0.455452 0.582988 0.672821 0.479041 0.797506 -0.366749 -0.750389 0.155273 -0.642500
-0.412315 -6.181778 -8.557201 -1.748431 -0.453913 0.603152 0.655874 0.370889 0.797169 -0.476406 -0.810188 0.027010 -0.585547
-0.309554 -6.672330 -7.867547 -10.760261 -0.464281 0.589559 0.660957 0.508459 0.788458 -0.346127 -0.725199 0.175370 -0.665832
-0.332211 -6.808380 6.842074 -18.917988 -0.466304 0.557591 0.686770 0.604162 0.767817 -0.213178 -0.646180 0.315515 -0.694912
-0.401208 -6.665836 7.507207 -20.753150 -0.468662 0.570451 0.674493 0.584613 0.772703 -0.247301 -0.662256 0.278417 -0.695630
2.170442 -13.411548 7.543576 -80.189304 -0.392805 0.655117 0.645389 0.869278 0.493523 0.028109 -0.300100 0.572064 -0.763337
2.198137 -13.073120 -2.154276 21.441132 -0.393325 0.659280 0.640816 -0.795171 -0.593809 0.122853 -0.461517 0.461237 -0.757801
2.081367 -12.987382 -2.258979 -51.049572 -0.404841 0.678690 0.612768 0.862140 0.506598 0.008496 -0.304661 0.531731 -0.790217
2.081656 -13.395124 7.277834 71.237625 -0.366196 0.640951 0.674598 0.699498 0.667708 -0.254693 -0.613680 0.378612 -0.692856
1.955851 -13.630362 -14.881680 -60.157505 -0.389585 0.672736 0.629007 -0.703255 -0.658292 0.268486 -0.594690 0.337754 -0.729566
1.763300 -13.219157 -24.202377 -19.488504 -0.407165 0.690924 0.597361 -0.799573 -0.585766 0.132519 -0.441475 0.423677 -0.790948
3.126611 -20.157079 -11.414784 61.467810 -0.309646 0.652543 0.691597 -0.337278 0.604673 -0.721536 0.889024 0.456681 -0.032854
3.929989 -19.317161 51.598046 326.157418 -0.314399 0.584186 0.748251 -0.541460 0.537070 -0.646820 0.779727 0.608508 -0.147459
2.872358 -18.660375 -129.437761 292.585101 0.319566 -0.492762 -0.809359 -0.547498 0.601119 -0.582153 0.773384 0.629159 -0.077689
-1.219694 -14.736113 7.700494 82.493414 -0.308061 0.191043 0.931988 -0.477263 0.816410 -0.325107 -0.822994 -0.544956 -0.160327
-0.692668 -5.547597 111.834829 5.897809 -0.190635 0.791016 0.581336 0.096872 -0.574147 0.813001 -0.976870 -0.211301 -0.032825
-1.144345 -5.425125 95.608680 -3.289001 -0.213385 0.845304 0.489825 0.191382 -0.455491 0.869425 -0.958040 -0.279266 0.064581
-1.980192 -5.353764 54.625479 -11.958909 -0.222612 0.693442 0.685260 -0.016926 0.700043 -0.713900 -0.974760 -0.170522 -0.144101
0.992947 -5.734627 147.510290 0.205630 -0.194036 0.833407 0.517477 0.211925 -0.479435 0.851604 -0.957830 -0.274908 0.083592
1.886205 -5.875313 154.213919 6.570413 -0.191436 0.794084 0.576873 0.119123 -0.564601 0.816722 -0.974249 -0.225069 -0.013491
1.454267 -5.927994 154.493525 6.709317 -0.177980 0.757528 0.628072 0.005786 -0.637446 0.770474 -0.984017 -0.140763 -0.109070
-0.679371 -5.670877 112.385818 11.121635 -0.184138 0.729683 0.658526 -0.016934 -0.672238 0.740142 -0.982755 -0.125136 -0.136141
5.612483 -37.701638 176.245193 127.061706 0.274615 -0.084843 -0.957804 0.924131 0.298477 0.238522 0.265645 -0.950638 0.160372
6.327711 -39.735822 208.386728 835.523871 0.257515 -0.075145 -0.963348 0.743784 0.651834 0.147977 0.616824 -0.754629 0.223748
3.317322 -36.383463 183.152802 511.866155 0.187144 -0.021228 -0.982103 0.700092 0.704205 0.118185 0.689093 -0.709680 0.146649
-2.091605 -4.404520 55.986668 -36.329597 -0.145438 0.435463 0.888380 0.980409 -0.057125 0.188506 0.132836 0.898392 -0.418624
-2.262768 -3.994886 51.402430 -16.313732 -0.313644 0.442106 0.840339 0.946145 0.070734 0.315920 0.080230 0.894169 -0.440482
-1.664387 -3.461472 36.744719 -24.060121 -0.364792 0.411809 0.835069 0.929306 0.105562 0.353902 0.057589 0.905135 -0.421205
0.434887 -11.236556 2.603952 -49.812937 0.353826 -0.560170 -0.749010 0.682182 -0.393298 0.616397 -0.639871 -0.729058 0.242979
0.122586 -12.984835 15.554639 -152.504842 0.366088 -0.548051 -0.752077 0.775850 -0.266506 0.571867 -0.513846 -0.792852 0.327641
0.200537 -11.422526 10.882347 -105.990087 0.387332 -0.556908 -0.734729 0.689723 -0.353778 0.631762 -0.611765 -0.751461 0.247082
0.349003 -10.816525 -4.005621 9.807494 -0.375204 0.562410 0.736829 0.590582 -0.467634 0.657671 -0.714447 -0.681919 0.156691
0.557335 -10.781986 4.857410 35.272148 -0.357936 0.565470 0.743051 0.574276 -0.494160 0.652697 -0.736267 -0.660340 0.147858
0.545967 -11.230843 -7.830198 20.196069 -0.350214 0.553453 0.755672 0.603126 -0.484016 0.634009 -0.716651 -0.677805 0.164293
-3.315691 -7.376655 66.238626 -79.939794 -0.789068 0.385514 0.478278 0.495929 0.859230 0.125609 -0.362527 0.336306 -0.869179
-2.241842 -8.547508 -86.192403 -29.534239 0.812141 -0.296192 -0.502691 0.466732 0.846810 0.255095 -0.350127 0.441795 -0.825971
-3.664943 -8.382435 -76.162481 -27.801469 0.842823 -0.290044 -0.453348 0.450550 0.840988 0.299573 -0.294370 0.456743 -0.839483
-4.518775 -7.484738 -101.038276 -68.258044 0.807806 -0.375639 -0.454251 0.508124 0.834368 0.213636 -0.298762 0.403392 -0.864879
1.735980 -4.586489 -10.473543 -47.827923 -0.417820 0.761888 0.494928 0.888423 0.228653 0.398024 0.190083 0.606007 -0.772414
1.400761 -4.814089 -11.553693 -9.948739 -0.427015 0.773103 0.469009 0.861397 0.190017 0.471051 0.275051 0.605149 -0.747089
-288.485400 -856.300907 -11696.628426 -67794.115025 0.874381 0.008560 -0.485165 0.282195 0.804409 0.522774 -0.394746 0.594014 -0.700944
-158.234276 -205.054269 -11267.249594 10360.788007 0.700720 0.668461 -0.249302 0.164450 0.188692 0.968169 -0.694225 0.719413 -0.022291
5.696102 -40.377629 -35.214978 -354.636334 -0.543136 0.600862 0.586488 0.811327 0.195695 0.550865 0.216221 0.775028 -0.593785
4.676224 -34.360401 -43.168891 530.268433 -0.522574 0.684699 0.508040 0.676031 -0.030331 0.736248 0.519517 0.728195 -0.447028
-0.101324 -5.328166 336.204484 -14.734095 0.564263 0.088765 -0.820809 0.154723 0.965219 0.210746 0.810967 -0.245915 0.530903
-0.286693 -7.612444 93.566955 -89.228373 0.569367 0.110437 -0.814632 0.128840 0.966703 0.221102 0.811925 -0.230845 0.536180
-0.543118 -5.731573 323.062130 -50.745588 0.576137 0.328362 -0.748495 0.053811 0.898530 0.435601 0.815580 -0.291243 0.500007
-2.557109 -6.545085 120.666661 13.469903 -0.528668 0.715950 0.455988 0.497067 0.696575 -0.517404 0.688066 0.046879 0.724132
-2.094348 -9.474830 36.143613 -100.679750 0.438393 -0.425537 -0.791663 0.666337 0.744987 -0.031455 0.603164 -0.513724 0.610148
-2.254833 -9.794000 35.532514 -110.119014 0.442680 -0.395157 -0.804914 0.590424 0.804051 -0.070017 0.674859 -0.444245 0.589247
-4.007647 -12.015693 74.450264 -189.715150 0.541827 -0.240311 -0.805403 0.468849 0.881727 0.052330 0.697570 -0.405966 0.590413
-2.216549 -9.363386 45.835717 -54.649254 0.422151 -0.380013 -0.823030 0.507030 0.851585 -0.133130 0.751471 -0.361101 0.552175
-3.621185 -11.105278 59.398096 -123.353471 0.530756 -0.186356 -0.826783 0.367827 0.929513 0.026617 0.763545 -0.318240 0.561891
10.317412 -1.749587 -307.431524 198.904933 0.938186 -0.342114 0.052583 0.208614 0.437659 -0.874605 -0.276201 -0.831512 -0.481976
18.283243 -4.186424 -624.724010 160.638879 0.871167 -0.353923 0.340304 0.450768 0.301795 -0.840076 -0.194620 -0.885245 -0.422451
25.412731 -2.368063 -848.754405 139.623864 0.858486 -0.377707 0.346899 0.479625 0.351863 -0.803836 -0.181553 -0.856464 -0.483227
-0.185203 -7.025901 -3.345395 8.988753 0.309249 -0.586395 -0.748670 0.765598 0.620513 -0.169775 0.564115 -0.520677 0.640836
-0.323788 -7.738635 -8.755842 20.482040 0.344005 -0.567051 -0.748408 0.821478 0.567808 -0.052623 0.454791 -0.596698 0.661148
-0.407973 -8.314395 -11.546736 29.151958 0.387079 -0.548633 -0.741061 0.867174 0.489734 0.090384 0.313335 -0.677615 0.665326
1.124475 -13.480280 54.061206 -21.647249 -0.147628 0.945480 0.290300 0.743582 -0.087434 0.662904 -0.652144 -0.313725 0.690134
-0.212982 -12.991804 24.454414 99.660662 -0.139013 0.935664 0.324359 0.790584 -0.092392 0.605344 -0.596366 -0.340583 0.726877
-0.349073 -12.329660 16.884240 124.178991 -0.166647 0.932627 0.320056 0.888269 0.001092 0.459323 -0.428027 -0.360840 0.828605
2.625581 -6.341982 60.684365 11.780082 -0.669935 0.570590 0.474989 0.739131 0.572752 0.354457 -0.069801 0.588543 -0.805447
4.289001 -6.648392 -102.008993 21.026737 0.733624 -0.540415 -0.412003 0.679490 0.591748 0.433737 -0.009404 0.598152 -0.801327
-2.190337 -4.147545 -55.119029 -18.765607 0.948549 -0.242015 0.204165 0.000495 -0.643671 -0.765302 -0.316630 -0.726028 0.610434
-4.686417 -8.571404 1.239715 5.336608 0.278639 0.459557 0.843308 0.792761 -0.605712 0.068142 0.542117 0.649554 -0.533094
-3.982388 -8.596569 89.422387 32.609966 -0.005125 0.575172 0.818016 0.903668 -0.347623 0.250085 0.428203 0.740497 -0.517984
-3.821230 -7.652511 86.094335 -9.388243 -0.572533 -0.168836 -0.802309 -0.540868 0.813207 0.214839 0.616171 0.556946 -0.556906
