10251
20473
-7.175861 -8.851665 -5.462085 155.372939 0.268731 0.962301 0.041957 -0.825764 0.252589 -0.504293 0.495880 -0.100873 -0.862513
-8.290770 -10.584853 44.095333 133.771743 0.260610 0.959613 0.105954 -0.719807 0.266267 -0.641076 0.643397 -0.090804 -0.760128
-6.006912 -10.937084 -99.944210 208.406344 0.530210 0.835470 0.144454 -0.647438 0.508960 -0.567260 0.547450 -0.207242 -0.810771
-7.029939 -9.662160 20.928208 95.349819 -0.198508 0.967994 -0.153565 -0.768332 -0.250970 -0.588795 0.608490 -0.001108 -0.793561
-4.617496 -9.708332 -125.827947 259.508797 0.528083 0.848159 0.041886 -0.749957 0.488943 -0.445532 0.398362 -0.203865 -0.894286
-5.597366 -6.883967 0.675753 85.109248 -0.015596 0.987916 -0.154200 -0.923032 -0.073516 -0.377634 0.384407 -0.136442 -0.913025
-5.961542 -8.112524 27.963509 79.574061 -0.440308 0.857406 -0.266427 -0.760672 -0.513876 -0.396622 0.476977 -0.028028 -0.878469
-6.704103 -7.105552 22.921878 -59.400621 0.718605 -0.601584 -0.348860 0.658500 0.749919 0.063238 -0.223574 0.275168 -0.935039
-6.068712 -6.603303 -35.735491 48.818576 -0.387377 0.892200 0.232203 -0.900538 -0.420125 0.111919 -0.197408 0.165753 -0.966207
-5.896673 -6.437885 -63.453154 0.088269 0.275002 0.958706 0.072504 -0.912644 0.236581 0.333332 -0.302414 0.157838 -0.940017
-7.315168 -7.711996 -15.329706 -46.656620 0.962589 0.048347 -0.266619 0.060529 0.920725 0.385489 -0.264120 0.387206 -0.883353
-6.726423 -8.018662 26.791096 -41.521631 0.784793 -0.540016 -0.304110 0.612942 0.748871 0.251980 -0.091665 0.384154 -0.918707
-6.468519 -7.066988 50.447050 -45.586514 -0.771521 -0.625851 0.114309 -0.535644 0.735948 0.414085 -0.343281 0.258246 -0.903032
0.463984 -5.856704 -15.034745 -18.363199 -0.163551 0.983706 -0.074658 -0.939217 -0.132104 0.316892 -0.301866 -0.121948 -0.945519
0.430355 -5.558423 -2.173934 -18.240114 -0.108053 0.991723 -0.069348 -0.980002 -0.094531 0.175099 -0.167094 -0.086881 -0.982105
0.655959 -6.030097 -1.609680 -16.064612 -0.137027 0.988373 -0.065895 -0.953280 -0.113496 0.279958 -0.269224 -0.101178 -0.957748
0.625256 -5.814658 -2.703935 -16.260408 -0.096862 0.992705 -0.071800 -0.983366 -0.084314 0.160877 -0.153650 -0.086189 -0.984359
0.861302 -6.422332 -8.864684 -11.356195 -0.157912 0.985200 -0.066663 -0.895213 -0.114344 0.430719 -0.416722 -0.127693 -0.900021
0.897733 -6.280403 -9.441444 -8.273397 -0.114323 0.991675 -0.059251 -0.948909 -0.091347 0.302038 -0.294111 -0.090754 -0.951453
-1.879761 -14.610129 -54.610976 239.421150 0.024797 0.983324 0.180164 0.840004 0.077217 -0.537057 0.542013 -0.164656 0.824082
-2.835857 -17.874901 -35.817690 485.228105 0.007663 0.992480 0.122165 0.911629 0.043272 -0.408730 0.410943 -0.114501 0.904442
-2.185119 -21.513748 -63.675958 499.233350 -0.014671 0.979283 0.201962 0.946747 0.078579 -0.312242 0.321643 -0.186626 0.928287
-1.398342 -18.077610 -63.868508 400.468417 -0.019369 0.972813 0.230779 0.894413 0.120015 -0.430838 0.446822 -0.198067 0.872422
-1.478743 -26.275081 54.677187 641.353136 0.024130 -0.973438 -0.227675 0.987594 0.058559 -0.145702 0.155164 -0.221335 0.962775
-0.022429 -7.293931 -27.933871 -20.169560 -0.305663 0.951668 -0.029982 -0.667625 -0.191769 0.719375 -0.678857 -0.239903 -0.693974
0.106753 -7.751061 -9.614478 -15.932995 -0.295660 0.955291 -0.001867 -0.520296 -0.159391 0.838979 -0.801172 -0.249024 -0.544160
-0.128623 -7.398407 -14.139796 -18.991393 -0.306681 0.951812 0.000953 -0.609339 -0.197103 0.768021 -0.731199 -0.234957 -0.640424
0.356840 -10.659871 -37.088834 -58.052804 -0.361186 0.931583 0.041193 -0.437440 -0.208283 0.874794 -0.823524 -0.297944 -0.482740
1.033926 -11.016833 -61.707801 -31.095352 -0.354693 0.934935 0.009404 -0.533636 -0.210688 0.819050 -0.767740 -0.285493 -0.573645
1.112103 -11.659098 -52.112716 -59.786897 -0.364132 0.930217 0.045872 -0.355124 -0.184208 0.916490 -0.860985 -0.317433 -0.397418
-1.741003 -12.816224 31.791702 55.517918 0.396135 0.910397 0.119394 0.911546 -0.374311 -0.170223 -0.110280 0.176264 -0.978146
-1.072852 -12.987830 29.355623 -11.499789 0.400787 0.906220 0.134667 0.913142 -0.407067 0.021661 0.074448 0.114289 -0.990654
-1.676120 -12.703182 29.980491 6.221371 0.369960 0.921923 0.114838 -0.923518 0.378404 -0.062647 0.101211 0.082878 -0.991407
-0.981670 -14.231687 16.534364 103.914495 0.382087 0.916677 0.117104 -0.881716 0.399561 -0.250854 0.276743 0.007405 -0.960916
-1.301266 -14.043701 42.254371 98.725129 0.350067 0.930038 0.111726 -0.886511 0.367463 -0.281194 0.302576 0.000609 -0.953125
-1.756328 -12.518214 32.990479 49.239583 0.339723 0.937135 0.079787 -0.913888 0.348958 -0.207455 0.222255 0.002439 -0.974985
2.149726 -4.869102 4.653590 72.045802 -0.730092 0.426834 -0.533646 0.097565 0.838037 0.536820 0.676348 0.339863 -0.653488
1.414616 -4.262084 81.582711 74.720713 -0.770141 0.482404 -0.417335 0.183758 0.794311 0.579054 0.610832 0.369265 -0.700377
2.714446 -6.816358 21.919324 148.599598 -0.738075 0.496026 -0.457388 0.215684 0.815777 0.536646 0.639317 0.297434 -0.709089
2.180640 -6.928213 -106.139602 113.402694 -0.689698 0.446924 -0.569715 0.159742 0.861320 0.482296 0.706257 0.241632 -0.665444
0.050517 -24.238081 -11.852041 -441.054842 0.118505 0.988618 0.092690 0.229492 0.063551 -0.971234 0.966069 -0.136367 0.219349
-0.642674 -22.211954 -30.136492 -485.792097 0.136122 0.988017 0.072753 0.459125 0.002160 -0.888369 0.877881 -0.154329 0.453329
-0.435518 -20.573442 -25.026858 -496.977445 0.129760 0.987553 0.088889 0.497559 0.012691 -0.867337 0.857670 -0.156773 0.489719
0.862069 -5.503632 -9.185291 -29.928332 -0.096960 0.991728 -0.084104 -0.038969 0.080655 0.995980 -0.994525 -0.099848 -0.030827
1.118260 -5.265633 -10.153686 -6.078002 -0.101539 0.984528 -0.142806 -0.138117 0.128206 0.982083 -0.985197 -0.119444 -0.122962
1.372054 -5.715547 -17.992309 -18.663620 -0.087212 0.993810 -0.068822 -0.132271 0.056922 0.989578 -0.987369 -0.095406 -0.126488
0.777446 -5.129080 1.762185 -0.197445 -0.109614 0.980846 -0.161018 -0.083222 0.152369 0.984814 -0.990484 -0.121350 -0.064926
0.889189 -6.119874 -13.622622 -35.647296 -0.086861 0.995706 -0.031999 -0.011576 0.031109 0.999449 -0.996153 -0.087183 -0.008824
0.600989 -6.095449 -5.208701 -29.754533 -0.090561 0.995686 -0.020220 0.080386 0.027546 0.996383 -0.992641 -0.088608 0.082533
0.549182 -5.458976 0.881010 -26.865436 -0.101013 0.992120 -0.074119 0.036680 0.078163 0.996266 -0.994209 -0.097917 0.044286
-0.687300 -37.077821 -26.904913 -578.200653 -0.183708 0.899117 0.397290 0.822383 -0.080815 0.563166 -0.538459 -0.430182 0.724572
-0.808466 -37.206295 4.694187 -418.236572 0.169080 -0.903235 -0.394433 0.969781 0.081045 0.230123 -0.175888 -0.421423 0.889644
-0.743352 -28.901135 30.670506 -273.405894 0.177422 -0.901155 -0.395526 0.945245 0.044177 0.323359 -0.273923 -0.431240 0.859650
-0.910134 -25.923251 -17.422748 -96.667382 -0.173053 0.919006 0.354231 0.859456 -0.034751 0.510027 -0.481028 -0.392708 0.783832
-0.907678 -27.396673 11.166630 -272.375795 0.161858 -0.923511 -0.347748 0.966187 0.076634 0.246192 -0.200712 -0.375837 0.904688
2.129911 -0.287070 -28.750415 77.946656 0.015121 0.961221 -0.275364 0.344638 0.253509 0.903857 -0.938614 0.108568 0.327440
2.624496 -1.860155 -52.512832 44.897394 0.010288 0.975564 -0.219475 0.276912 0.208123 0.938086 -0.960840 0.070426 0.268004
2.596929 -1.250554 10.627984 36.585976 0.094254 0.962987 -0.252530 0.292864 0.215615 0.931526 -0.951497 0.161757 0.261702
2.115223 -0.985682 54.722086 17.247438 0.182123 0.952848 -0.242719 0.287279 0.184513 0.939907 -0.940373 0.240907 0.240129
2.177547 -0.366915 24.279067 44.155335 0.141788 0.961138 -0.236874 0.319420 0.182068 0.929958 -0.936946 0.207519 0.281191
0.849070 -65.950949 -21.371158 -1359.864813 -0.281695 0.870678 0.403196 0.212148 -0.353296 0.911140 -0.935757 -0.342200 0.085191
1.115207 -56.578109 -7.285029 -1210.683772 -0.303691 0.884911 0.353135 -0.198162 -0.421200 0.885055 -0.931935 -0.198806 -0.303270
0.276857 -60.685558 36.459759 -1027.811884 -0.276403 0.872689 0.402511 -0.175989 -0.457708 0.871511 -0.944791 -0.170051 -0.280095
2.397861 -265.332156 -2.594001 -15979.966481 -0.263636 0.825236 0.499481 0.244272 -0.443808 0.862186 -0.933181 -0.349312 0.084578
-34.572024 -1254.258408 2621.964361 700580.158516 -0.056847 0.997406 0.044147 0.289559 0.058788 -0.955353 0.955471 0.041526 0.292149
305.499304 -438.485728 -34761.505730 41289.248252 0.109300 0.798745 0.591658 -0.298888 0.594088 -0.746811 0.948008 0.095213 -0.303669
-4.991393 -1331.857980 736.606876 188423.830463 -0.250897 0.966389 0.056056 0.836341 0.245564 -0.490136 0.487427 0.076092 0.869842
-1.341068 -4.603033 15.943841 -19.589300 -0.415743 0.856745 0.305197 -0.658608 -0.515028 0.548617 -0.627211 -0.027078 -0.778379
-1.207532 -5.042542 19.360559 -32.165819 -0.498835 0.789255 0.358106 -0.561669 -0.609066 0.559970 -0.660069 -0.078196 -0.747124
-1.188416 -5.063198 -1.710574 -41.090085 -0.529754 0.755198 0.386052 -0.512824 -0.647747 0.563414 -0.675554 -0.100494 -0.730430
-1.050633 -5.787626 -12.946857 -28.515084 -0.565445 0.717620 0.406563 -0.393901 -0.668041 0.631318 -0.724648 -0.196830 -0.660412
-1.261965 -5.032577 -22.560585 -35.213367 -0.550846 0.722176 0.418367 -0.447426 -0.678679 0.582413 -0.704541 -0.133631 -0.696968
-1.175428 -4.348853 -10.039815 -41.724889 -0.469426 0.812962 0.344576 -0.599764 -0.579980 0.551276 -0.648014 -0.052119 -0.759843
2.270547 -33.821030 -33.534879 -407.292319 0.172776 0.984685 0.023317 0.844769 -0.135970 -0.517569 0.506472 -0.109121 0.855324
3.965828 -55.676495 -67.169991 -1334.691848 0.164028 0.983221 -0.079824 0.613497 -0.165045 -0.772257 0.772474 -0.077700 0.630275
2.292253 -42.479266 -64.774129 -936.949668 0.224422 0.973855 -0.035234 0.614999 -0.169586 -0.770076 0.755917 -0.151153 0.636979
2.124450 -23.594479 -42.817877 -288.352324 0.191649 0.979065 0.068575 0.775783 -0.108318 -0.621633 0.601191 -0.172335 0.780301
1.787910 -22.193309 -53.050422 123.608771 0.188562 0.974386 0.122542 0.902799 -0.122877 -0.412135 0.386521 -0.188344 0.902845
1.710634 -34.339057 -52.070557 417.673496 0.165175 0.981393 0.097903 0.972309 -0.145394 -0.182963 0.165324 -0.125413 0.978233
-36.027159 -62.990473 975.324773 1011.315599 -0.126134 0.975862 0.178277 0.424683 -0.109293 0.898721 -0.896512 -0.189070 0.400647
-26.820580 -67.892902 913.752353 1580.564368 0.216215 0.966620 0.137465 0.479044 -0.227712 0.847741 -0.850746 0.117442 0.512288
-33.136909 -69.339959 1099.598540 -2234.543987 0.113966 0.985689 0.124215 -0.008000 -0.124115 0.992236 -0.993452 0.114075 0.006259
-43.467093 -107.686326 1317.261054 4203.833986 0.083619 0.996382 0.015207 0.849766 -0.079269 0.521166 -0.520486 0.030657 0.853320
-39.555288 -76.760745 822.016140 3388.053215 -0.272000 0.945792 0.177466 0.754099 0.094933 0.649863 -0.597788 -0.310590 0.739042
-33.918959 -48.068325 -175.655862 724.194901 -0.436604 0.785472 0.438646 0.598426 -0.110506 0.793520 -0.671761 -0.608952 0.421800
-36.132751 -61.652546 -237.661971 -382.654858 -0.549020 0.802502 0.233597 0.214404 -0.134910 0.967383 -0.807842 -0.581197 0.097992
0.623115 -5.475229 -12.466772 -32.910360 0.026830 0.998284 -0.052044 -0.995262 0.021809 -0.094752 0.093454 -0.054340 -0.994140
0.347761 -4.942504 -1.208945 -27.977968 0.046323 0.997840 -0.046572 -0.979563 0.036241 -0.197848 0.195733 -0.054785 -0.979126
0.786574 -5.453730 -17.383282 -32.558237 0.062201 0.997193 -0.041674 -0.989136 0.056019 -0.135915 0.133199 -0.049675 -0.989844
-7.022309 -9.554220 37.819075 -56.501854 -0.487867 0.863226 0.129716 0.284897 0.297923 -0.911085 0.825118 0.407532 0.391277
-6.652719 -9.675539 43.652098 -44.946465 -0.605274 0.769738 0.202846 0.169940 0.373904 -0.911765 0.777666 0.517396 0.357124
-6.302199 -8.920141 36.114383 -29.894085 -0.595655 0.762188 0.253504 0.271644 0.488153 -0.829407 0.755913 0.425178 0.497815
-6.596969 -9.034045 13.371630 -49.968516 -0.395472 0.915633 0.072230 0.440673 0.258153 -0.859747 0.805859 0.308176 0.505587
4.420933 -8.836608 75.104803 -43.925707 0.524628 0.794495 -0.305849 0.495983 0.006751 0.868306 -0.691929 0.607234 0.390515
3.209216 -6.631535 -74.736522 -67.901871 -0.513650 -0.730937 0.449327 0.591396 0.077801 0.802619 -0.621622 0.677996 0.392311
5.074656 -9.784571 -51.982663 -130.512869 -0.454145 -0.765373 0.456022 0.674511 0.039024 0.737233 -0.582054 0.642402 0.498530
3.685152 -8.227915 -59.335843 -154.763806 -0.416244 -0.680386 0.603172 0.728123 0.147897 0.669301 -0.544590 0.717776 0.433843
-0.301225 -13.531611 18.615380 -56.687288 0.189927 -0.519359 0.833183 0.958483 -0.085758 -0.271947 0.212690 0.850242 0.481509
0.686238 -13.760427 -31.547028 138.026231 0.112098 -0.478310 0.871007 0.901533 -0.319706 -0.291592 0.417938 0.817929 0.395374
-0.478296 -13.962156 -7.432578 -134.098650 0.107061 -0.495402 0.862041 0.990340 -0.023708 -0.136619 0.088118 0.868341 0.488078
0.600995 -14.417307 -72.640672 -81.720531 0.013823 -0.448233 0.893810 0.987933 -0.131787 -0.081368 0.154265 0.884149 0.441002
-1.308110 -12.474928 4.155794 -191.753970 0.147485 -0.508847 0.848129 0.979933 0.191431 -0.055553 -0.134090 0.839303 0.526869
-0.827497 -13.422690 -33.642094 -231.105002 0.033667 -0.467450 0.883378 0.991135 0.129276 0.030634 -0.128520 0.874516 0.467658
-0.742471 -9.376771 -4.511305 51.869117 0.075974 0.994768 -0.068303 -0.256873 -0.046662 -0.965318 0.963454 -0.090884 -0.251984
-0.665904 -9.645798 3.688026 58.651133 0.092755 0.994448 -0.049699 -0.302007 -0.019464 -0.953107 0.948783 -0.103414 -0.298524
-0.556959 -8.331534 0.037186 58.234693 0.059968 0.992468 -0.106820 -0.438706 -0.069919 -0.895906 0.896627 -0.100589 -0.431209
-0.630410 -8.313610 -3.362378 59.679421 0.044263 0.992816 -0.111161 -0.398849 -0.084456 -0.913119 0.915948 -0.084754 -0.392245
-0.437970 -10.612895 8.660183 -9.297977 -0.044457 0.993372 -0.106003 -0.465966 0.073239 0.881766 -0.883685 -0.088595 -0.459621
-0.201415 -10.441470 -4.859330 -36.454342 -0.063778 0.991229 -0.115745 -0.627076 0.050420 0.777325 -0.776343 -0.122157 -0.618360
-0.464780 -10.538114 -4.337002 7.843472 -0.071367 0.991666 -0.107262 -0.455745 0.063235 0.887861 -0.887245 -0.112248 -0.447434
-0.221945 -10.723071 -16.179448 10.230731 -0.101503 0.990041 -0.097550 -0.477202 0.037585 0.877990 -0.872912 -0.135670 -0.468634
-0.607252 -10.438213 4.338816 18.541347 -0.065226 0.993469 -0.093623 -0.298766 0.070076 0.951750 -0.952095 -0.090051 -0.292244
-0.533498 -10.601284 -12.755076 25.903712 -0.102441 0.990837 -0.088018 -0.305136 0.052917 0.950838 -0.946783 -0.124262 -0.296919
0.053290 -14.930492 14.188640 49.267710 0.388558 0.920102 -0.049352 0.020449 0.044936 0.998781 -0.921197 0.389093 0.001355
-0.096955 -14.453866 13.132519 64.974658 0.376421 0.924343 -0.062435 0.228362 -0.027262 0.973195 -0.897863 0.380588 0.221347
0.612743 -14.967302 34.255154 15.835057 0.383521 0.919959 -0.081161 0.159438 0.020607 0.986993 -0.909666 0.391472 0.138773
-1.052180 -27.369049 -9.681635 520.337199 -0.197597 0.980160 0.015557 0.292697 0.043846 0.955200 -0.935566 -0.193298 0.295553
-0.411096 -23.173089 -27.852462 339.311616 -0.235113 0.971968 -0.000715 0.511880 0.124445 0.849996 -0.826257 -0.199479 0.526789
-0.519891 -22.568906 -6.988369 409.216413 -0.179318 0.983567 0.020978 0.579813 0.088433 0.809936 -0.794771 -0.157400 0.586143
-1.191247 -31.370112 13.615752 565.077744 -0.144814 0.985485 0.088586 0.361540 -0.030638 0.931853 -0.921042 -0.166973 0.351855
-1.973809 -30.409420 -5.777202 314.540686 -0.181683 0.981340 0.062958 -0.010040 -0.065871 0.997778 -0.983306 -0.180647 -0.021821
0.984873 -20.437053 13.048008 65.074599 0.167619 -0.985669 0.018961 0.985795 0.167786 0.007541 -0.010614 0.017428 0.999792
0.770835 -21.719206 -30.579565 56.791197 -0.146839 0.989160 -0.000243 0.975856 0.144824 -0.163493 0.161686 0.024244 0.986544
0.606931 -23.210317 -15.141728 119.343696 -0.173339 0.984797 -0.011359 0.967085 0.172380 0.187165 -0.186278 -0.021458 0.982263
1.140368 -20.319690 -31.868812 -85.730815 -0.147874 0.988241 -0.038901 0.955774 0.132684 -0.262471 0.254223 0.075993 0.964155
0.666172 -21.302154 -6.316767 181.240155 -0.180355 0.983301 -0.024320 0.938068 0.179389 0.296392 -0.295805 -0.030642 0.954757
0.899823 -21.075603 -15.027805 201.271512 -0.197435 0.980069 -0.021993 0.956713 0.197526 0.213740 -0.213824 -0.021159 0.976643
1.247406 -20.547833 -24.245878 6.185044 -0.179794 0.983467 -0.021622 0.982270 0.178302 -0.057907 0.053095 0.031650 0.998088
-0.800370 -35.833491 -50.868038 381.391349 -0.513668 0.857605 -0.025657 0.324134 0.221656 0.919677 -0.794407 -0.464092 0.391837
-1.244781 -31.786679 -51.420161 266.362752 -0.503057 0.863548 -0.034906 0.323605 0.225658 0.918890 -0.801382 -0.450958 0.392967
-0.627474 -39.078668 -46.927256 549.269599 -0.514987 0.851938 -0.094820 -0.017640 0.100060 0.994825 -0.857017 -0.513994 0.036502
-0.552322 -41.713605 -34.656546 498.708104 -0.521041 0.850832 -0.067829 -0.025168 0.064119 0.997625 -0.853161 -0.521510 0.011995
-0.247513 -32.251287 -26.162420 459.061087 -0.477220 0.864322 -0.158771 0.818530 0.371436 -0.438227 -0.319796 -0.339090 -0.884731
0.063317 -40.168060 -26.644142 -452.859088 -0.506503 0.851216 -0.137427 -0.693250 -0.307257 0.651918 -0.512698 -0.425470 -0.745732
-0.517625 -34.862073 -31.759989 -139.800719 -0.504318 0.851201 -0.145327 -0.599339 -0.223879 0.768551 -0.621656 -0.474694 -0.623064
1.488837 -41.138372 -54.647715 13.098609 -0.506728 0.858390 -0.079957 0.861358 0.507969 -0.005477 0.035915 -0.071647 -0.996783
2.845779 -51.312261 -132.354491 655.897820 -0.509861 0.850445 -0.129557 0.820365 0.435342 -0.370781 -0.258927 -0.295331 -0.919639
0.867105 -48.821082 23.622350 1260.978994 -0.478032 0.872691 -0.099481 0.862492 0.444966 -0.241064 -0.166109 -0.201038 -0.965397
0.973329 -53.802873 19.077542 -1673.172164 -0.503762 0.855832 -0.117366 -0.748768 -0.364853 0.553379 -0.430778 -0.366652 -0.824619
0.909407 -37.601392 29.018288 119.112322 -0.478010 0.873534 -0.091895 -0.866672 -0.486071 -0.112320 0.142782 -0.025952 -0.989414
0.453598 -66.503761 70.680080 -2307.939015 -0.486079 0.865334 -0.122165 -0.722707 -0.319433 0.612908 -0.491347 -0.386212 -0.780653
0.470773 -42.283659 -3.727645 566.352241 -0.506407 0.853445 -0.123220 0.824603 0.437516 -0.358622 -0.252153 -0.283216 -0.925315
-2.502633 -6.921062 8.741113 -39.519642 0.498096 -0.488320 0.716550 0.759574 0.644316 -0.088910 -0.418268 0.588559 0.691846
-2.244102 -7.181695 11.264695 -52.635676 0.517213 -0.523842 0.676817 0.779565 0.614730 -0.119943 -0.353228 0.589659 0.726314
-2.319299 -8.059717 -1.691868 -78.065776 0.471749 -0.502564 0.724488 0.828210 0.534476 -0.168532 -0.302523 0.679533 0.668367
-1.689878 -4.400886 -64.153254 20.685919 0.189501 0.977488 0.092768 0.929255 -0.209058 0.304598 -0.317135 -0.028483 0.947953
-1.495502 -4.859223 -40.452707 37.978066 0.288712 0.949711 0.121222 0.874305 -0.313126 0.370868 -0.390175 0.001089 0.920740
-0.751548 -3.904138 -41.354460 19.948514 0.117752 0.990017 0.077462 0.949202 -0.135132 0.284175 -0.291806 -0.040065 0.955638
0.559967 -20.694633 1.422239 189.679993 0.077727 0.995230 -0.058956 -0.363702 0.083365 0.927777 -0.928267 0.050671 -0.368447
0.189004 -24.729840 -18.710758 266.316116 0.092258 0.989521 -0.111071 -0.544261 0.143522 0.826548 -0.833827 0.015804 -0.551799
0.538563 -23.962767 -2.211721 204.039721 0.105492 0.989793 -0.095818 -0.647539 0.141501 0.748779 -0.754695 0.016945 -0.655857
-19.448704 -97.086914 -498.994029 -3257.426794 0.958244 0.057149 -0.280184 -0.281133 0.009143 -0.959625 0.052280 -0.998324 -0.024828
-9.239556 -54.303977 -54.924072 -1799.925824 0.400333 0.124038 -0.907936 0.912706 0.034542 0.407155 0.081865 -0.991676 -0.099382
-1.979103 -163.871474 -184.117271 -6366.945365 0.990081 -0.000778 -0.140494 -0.138839 0.147711 -0.979237 -0.021514 -0.989030 -0.146137
-4.194550 -28.936971 164.356580 85.486752 0.993921 0.101302 -0.043123 -0.104409 0.742957 -0.661146 0.034937 -0.661629 -0.749017
-1.945921 -27.326037 114.092359 -211.065499 0.993932 0.106483 -0.027562 -0.086864 0.606170 -0.790577 0.067475 -0.788175 -0.611742
-5.197071 -36.838844 148.382985 -1024.643324 0.991826 0.068114 -0.107897 -0.125314 0.360662 -0.924240 0.024039 -0.930206 -0.366249
-7.513207 -11.098261 -35.320998 62.054598 0.451823 0.875764 0.169978 -0.554933 0.425092 -0.715085 0.698502 -0.228766 -0.678057
-9.264505 -11.687670 102.200954 63.417478 0.234659 0.960441 0.149963 -0.568879 0.260778 -0.779982 0.788233 -0.097719 -0.607568
-7.544259 -11.023465 12.459235 80.216809 -0.034822 0.998201 -0.048818 -0.662576 -0.059628 -0.746617 0.748185 -0.006347 -0.663460
-4.749473 -6.299146 -91.663399 17.529834 -0.002326 0.996854 0.079229 -0.970312 -0.021411 0.240906 -0.241844 0.076317 -0.967309
0.084918 -5.148619 -30.478110 -19.907768 -0.114670 0.988630 -0.097269 -0.977470 -0.094822 0.188575 -0.177208 -0.116701 -0.977230
0.356129 -4.879597 -9.433878 14.977644 -0.027686 0.995018 -0.095778 0.998398 0.022794 -0.051795 -0.049354 -0.097058 -0.994054
0.560371 -5.259367 6.455639 21.476416 -0.055519 0.995899 -0.071438 0.997279 0.051836 -0.052409 -0.048491 -0.074154 -0.996067
-0.340002 -7.118874 11.740287 -29.149484 -0.297469 0.954206 0.031667 -0.706834 -0.242407 0.664548 -0.641792 -0.175299 -0.746574
-0.460262 -6.894319 0.967033 -23.158654 -0.315861 0.948314 0.030531 -0.787466 -0.279965 0.549105 -0.529272 -0.149398 -0.835196
-0.493040 -6.835213 12.882783 -31.591731 -0.312786 0.949123 0.036472 -0.788727 -0.280938 0.546794 -0.529221 -0.142263 -0.836473
-0.157750 -11.582861 -27.778680 -33.279499 -0.360661 0.913880 0.186407 0.499349 0.020393 0.866161 -0.787766 -0.405472 0.463700
-0.457754 -11.276128 -26.334381 -6.821836 -0.370413 0.912731 0.172384 0.320386 -0.048652 0.946037 -0.871864 -0.405654 0.274405
0.161698 -12.128581 -30.226407 -15.627258 -0.373304 0.913491 0.161793 0.448389 0.024986 0.893489 -0.812152 -0.406090 0.418927
-0.423121 -11.095157 -8.622141 -11.625236 -0.332772 0.921827 0.198741 0.476795 -0.017354 0.878843 -0.813590 -0.387213 0.433748
0.402591 -11.986013 -27.993816 -20.760384 -0.360446 0.914730 0.182613 0.627786 0.093098 0.772799 -0.689901 -0.393194 0.607811
-0.017313 -11.356349 -8.728113 -11.612323 -0.333021 0.922635 0.194529 0.632404 0.065523 0.771863 -0.699401 -0.380067 0.605299
-2.534676 -13.993073 18.335069 -54.327667 0.372441 0.924907 0.076388 -0.774295 0.264305 0.574987 -0.511619 0.273295 -0.814589
-2.159187 -13.452892 22.346416 -56.750443 0.385513 0.917392 0.098854 -0.866483 0.323116 0.380531 -0.317155 0.232355 -0.919469
-2.439738 -13.229337 12.170935 -50.697858 0.347448 0.935715 0.060974 -0.878646 0.302166 0.369699 -0.327509 0.182026 -0.927149
-2.696177 -13.572205 -6.648599 -30.682458 0.319384 0.947420 0.019724 -0.794661 0.256432 0.550233 -0.516244 0.191409 -0.834778
-2.550583 -12.913825 -12.045297 -37.131679 0.297800 0.954627 0.001356 -0.897170 0.279390 0.342092 -0.326191 0.103091 -0.939666
-0.424428 -2.456044 81.395201 36.423976 -0.772063 0.511411 -0.377328 0.191396 0.753241 0.629282 0.606041 0.413627 -0.679432
0.012479 -3.870516 81.006790 63.609206 -0.747109 0.590882 -0.304445 0.304506 0.711377 0.633418 0.590851 0.380527 -0.711404
1.258443 -3.145010 77.207859 33.476053 -0.777971 0.351786 -0.520585 0.022526 0.843644 0.536430 0.627897 0.405600 -0.664255
-0.553163 -27.096263 -10.871502 -553.381040 0.140683 0.989790 0.022899 0.308118 -0.021790 -0.951099 0.940889 -0.140859 0.308037
-1.215849 -21.931120 -19.417524 -598.618762 0.152740 0.988219 0.009733 0.602454 -0.085300 -0.793582 0.783403 -0.127075 0.608385
0.019242 -25.207455 -14.319329 -288.304252 0.125085 0.990169 0.062604 0.129087 0.046321 -0.990551 0.983713 -0.131984 0.122024
1.470017 -5.614354 -31.656564 13.163572 -0.104633 0.985123 -0.136325 -0.227657 0.109712 0.967541 -0.968104 -0.132272 -0.212790
1.044937 -5.473603 -19.759968 27.248712 -0.119258 0.977074 -0.176363 -0.190279 0.151847 0.969916 -0.974460 -0.149228 -0.167808
-0.763398 -31.404391 -28.335460 100.452349 0.166480 -0.908827 -0.382515 0.980144 0.194900 -0.036483 0.107709 -0.368847 0.923229
-0.610508 -36.462317 0.187152 393.963857 -0.170484 0.900121 0.400896 0.925099 0.286309 -0.249437 0.339303 -0.328343 0.881512
-0.958477 -33.563632 -26.163520 -204.152464 0.150842 -0.910847 -0.384194 0.955468 0.034621 0.293056 -0.253628 -0.411290 0.875508
-0.866895 -38.750801 54.075912 -736.111491 -0.183783 0.912488 0.365500 0.797779 -0.078765 0.597784 -0.574259 -0.401450 0.713487
1.892902 -1.987246 -58.279514 56.927741 -0.052635 0.964123 -0.260187 0.311824 0.263388 0.912903 -0.948681 0.033082 0.314500
1.893916 -3.124117 -69.351991 25.932744 -0.030604 0.984518 -0.172591 0.240186 0.174856 0.954849 -0.970244 0.012231 0.241819
2.340261 -134.585062 146.467581 -6399.124826 -0.300097 0.898122 0.321432 -0.306774 -0.409929 0.858981 -0.903234 -0.159170 -0.398539
0.828051 -46.053337 -16.817954 -303.537008 -0.299025 0.898828 0.320456 -0.526088 -0.435458 0.730485 -0.796125 -0.049845 -0.603075
0.846375 -50.381705 56.319092 -773.322760 -0.278961 0.902074 0.329307 -0.567318 -0.431490 0.701403 -0.774810 -0.008842 -0.632132
1.028508 -737.529540 -160.188655 -136918.161567 -0.102206 0.972074 -0.211250 -0.834577 -0.199354 -0.513555 0.541327 -0.123816 -0.831646
-0.757867 -7.277963 14.461110 19.886888 -0.149323 0.987744 -0.045441 -0.417943 -0.021400 0.908221 -0.896117 -0.154610 -0.416016
-0.652236 -6.605540 15.299930 24.297909 -0.144883 0.988367 -0.046258 -0.286773 0.002799 0.957994 -0.946979 -0.152063 -0.283032
-0.766525 -7.207643 13.794220 47.234866 -0.152632 0.988257 -0.007211 -0.330194 -0.044117 0.942881 -0.931491 -0.146295 -0.333051
-0.583814 -6.164823 10.269176 19.998330 -0.139752 0.989312 -0.041597 -0.206112 0.012025 0.978454 -0.968497 -0.145315 -0.202229
-0.775765 -6.410835 -3.472623 23.601130 -0.136907 0.989761 -0.040371 -0.237322 0.006796 0.971407 -0.961735 -0.142573 -0.233961
0.325332 -288.688101 114.735092 13234.920539 0.141889 0.988943 0.043117 0.892061 -0.146626 0.427468 -0.429063 0.022190 0.903002
0.591709 -60.181890 -10.353198 1511.312324 0.122402 0.992155 -0.025427 0.675663 -0.064536 0.734380 -0.726978 0.107070 0.678262
1.023738 -56.052827 -23.498848 659.559160 0.128530 0.990877 -0.040544 0.488440 -0.027671 0.872158 -0.863079 0.131901 0.487541
5.130690 -429.973941 112.729089 20202.873639 0.150027 0.988665 0.005733 0.791805 -0.123623 0.598132 -0.592061 0.085197 0.801377
1.319003 -73.550559 -56.515220 -2606.699596 0.140728 0.990041 0.003740 0.122786 -0.021201 0.992207 -0.982405 0.139172 0.124547
-17.229435 -60.445635 694.743592 -950.191843 0.364290 0.930976 0.024016 0.163971 -0.089504 0.982396 -0.916737 0.353940 0.185258
-14.280688 -105.316102 555.539458 4115.063618 0.381316 0.923677 0.037660 0.656059 -0.299088 0.692916 -0.651294 0.239513 0.720034
-0.426954 -6.336869 9.137239 26.508720 -0.285772 0.954768 0.082169 -0.945865 -0.267259 -0.184152 0.153862 0.130346 -0.979457
-0.492816 -7.223027 6.619623 63.061064 -0.261530 0.961466 0.084771 -0.934632 -0.230343 -0.270935 0.240969 0.150087 -0.958858
-0.700036 -7.358557 8.806620 54.208435 -0.250012 0.964546 0.084529 -0.935343 -0.218031 -0.278560 0.250254 0.148707 -0.956692
-4.452804 -7.092255 10.786844 -42.296573 -0.519554 0.814951 0.256745 0.624404 0.567248 -0.536982 0.583252 0.118678 0.803575
-5.306606 -7.928421 15.413898 -30.157248 -0.430727 0.881222 0.194737 0.593166 0.439055 -0.674822 0.680168 0.175152 0.711824
-4.885194 -7.842654 5.002774 -22.974374 -0.636278 0.703029 0.317649 0.444271 0.670539 -0.594139 0.630693 0.236915 0.738985
0.599128 -13.211521 34.486226 194.093254 0.187697 -0.531804 0.825805 0.841052 -0.347253 -0.414787 0.507348 0.772399 0.382097
1.607345 -12.045992 -1.330732 297.673240 0.157441 -0.504733 0.848797 0.732600 -0.516665 -0.443120 0.662201 0.691594 0.288423
2.182962 -12.605173 -69.356682 289.133654 0.095425 -0.460800 0.882359 0.765199 -0.532988 -0.361100 0.636682 0.709639 0.301743
2.753525 -14.557975 -143.420802 212.880825 0.019338 -0.423682 0.905605 0.876080 -0.429282 -0.219544 0.481777 0.797628 0.362878
11.568261 -4.421129 49.380525 -122.060346 -0.097881 0.483660 -0.869766 0.697352 0.656852 0.286785 0.710013 -0.578463 -0.401575
10.434743 -3.264980 -126.523061 -155.396466 -0.038856 0.186235 -0.981737 0.755939 0.648001 0.093006 0.653488 -0.738519 -0.165961
6.784137 -6.898021 -284.639885 -76.706414 0.162666 0.394705 -0.904294 0.589186 0.696302 0.409905 0.791454 -0.599475 -0.119290
6.040943 -7.863607 -18.831090 -5.970928 0.015233 0.604895 -0.796160 0.477398 0.695232 0.537348 0.878555 -0.388271 -0.278185
3.852809 -7.897509 -162.684086 12.582357 0.156029 0.434998 -0.886810 0.386629 0.799274 0.460086 0.908941 -0.414653 -0.043473
2.507439 -6.720717 -276.961695 -80.285477 0.143598 0.257183 -0.955634 0.491030 0.819878 0.294433 0.859226 -0.511525 -0.008552
0.287335 -10.123354 -12.494199 -58.957707 -0.074580 0.990626 -0.114447 -0.760511 0.017733 0.649083 -0.645028 -0.135447 -0.752059
0.193455 -10.670407 -17.010425 -28.460539 -0.103404 0.990344 -0.092334 -0.621715 0.008107 0.783201 -0.776388 -0.138391 -0.614874
1.965402 -13.434049 58.296062 -171.076727 0.347995 0.934958 0.068937 -0.905890 0.354285 -0.232046 0.241376 -0.018302 -0.970259
2.451057 -10.953633 18.076482 -78.463631 0.375807 0.926619 0.012080 -0.856263 0.352199 -0.377849 0.354377 -0.131654 -0.925788
1.782809 -10.950888 48.801127 -100.354991 0.349449 0.934105 0.073027 -0.841679 0.347203 -0.413554 0.411658 -0.083051 -0.907546
2.742612 -13.026858 21.739644 -153.077132 0.371360 0.928450 -0.008529 -0.899869 0.357635 -0.249666 0.228752 -0.100390 -0.968295
-0.168618 -26.116906 -5.659512 299.033785 -0.206090 0.978402 -0.015997 0.614211 0.142068 0.776248 -0.761756 -0.150151 0.630224
-0.054650 -18.917971 -11.412249 172.788389 -0.202033 0.979279 0.013958 0.722268 0.139355 0.677429 -0.661447 -0.146944 0.735456
0.796856 -21.387578 -40.003117 26.073795 -0.097555 0.994465 -0.039011 0.861805 0.064806 -0.503082 0.497770 0.082698 0.863358
0.328360 -39.071700 -68.545265 784.956286 -0.484047 0.856907 -0.177228 0.864228 0.436413 -0.250307 -0.137145 -0.274325 -0.951807
0.579773 -38.689595 4.284748 495.304233 -0.479167 0.866883 -0.137528 0.851465 0.421050 -0.312610 -0.213090 -0.266893 -0.939873
0.317514 -40.361339 12.350892 -449.121417 -0.494164 0.863002 -0.105016 -0.688260 -0.314556 0.653722 -0.531130 -0.395325 -0.749412
-0.031524 -42.673731 2.728037 17.355231 -0.498191 0.862440 -0.089463 -0.406126 -0.140942 0.902883 -0.766073 -0.486141 -0.420475
2.507317 -55.684521 -169.308434 -1242.384581 -0.563018 0.820023 -0.102825 -0.616311 -0.333710 0.713301 -0.550609 -0.464974 -0.693274
5.550128 -55.749568 -229.066837 -36.535418 -0.506377 0.858462 -0.081394 -0.746985 -0.389537 0.538771 -0.430809 -0.333622 -0.838511
-1.385604 -43.251821 42.350811 -631.158795 0.466630 -0.833565 -0.295679 0.884418 0.442727 0.147641 0.007836 -0.330397 0.943809
1.227422 -92.223755 32.249541 -1703.702634 -0.065418 0.994617 0.080360 0.193636 0.091655 -0.976783 0.978890 0.048339 0.198590
-0.892632 -11.224413 -188.607948 -75.332452 -0.552920 0.692470 0.463428 0.705817 0.684832 -0.181183 0.442834 -0.226916 0.867414
-0.767598 -4.297190 -18.499261 36.110413 0.190646 0.977653 0.088588 0.911680 -0.209795 0.353308 -0.363998 -0.013407 0.931303
-1.119187 -5.019252 -18.405175 42.535116 0.286293 0.950293 0.122387 0.852068 -0.310930 0.421073 -0.438197 0.016269 0.898732
-1.563947 -5.730286 -26.025191 37.942687 0.337888 0.930551 0.141093 0.791028 -0.362004 0.493180 -0.510006 0.055031 0.858409
22.268943 -40.692441 1354.732280 -1953.728513 0.289378 0.036629 -0.956514 0.957038 0.008157 0.289849 0.018419 -0.999296 -0.032695
13.849409 -152.977434 537.416653 -5232.468407 0.443797 0.005285 -0.896112 0.891172 0.102409 0.441955 0.094106 -0.994728 0.040739
-10.865663 -26.111277 21.099029 -414.424090 0.849063 -0.000828 -0.528291 -0.528272 0.007239 -0.849044 -0.004528 -0.999973 -0.005709
0.053191 -23.179367 97.377095 -169.916708 0.998099 0.055699 0.026367 -0.017705 0.669007 -0.743045 0.059027 -0.741166 -0.668722
-0.063115 -24.242459 92.166907 -528.818653 0.997014 0.077215 -0.000899 -0.030752 0.386350 -0.921840 0.070832 -0.919115 -0.387571
-2.030287 -32.226386 75.754956 -559.274775 0.999325 0.035916 0.007700 0.000562 0.194667 -0.980869 0.036728 -0.980212 -0.194516
-4.189360 -9.856800 -256.821266 -76.873036 0.523978 0.845765 -0.100636 -0.572844 0.262501 -0.776494 0.630314 -0.464515 -0.622037
-2.693988 -10.333130 -226.456670 127.997343 0.545677 0.833706 -0.084687 -0.686398 0.386699 -0.615892 0.480724 -0.394207 -0.783266
0.552926 -6.417203 -21.339075 -18.450166 -0.197554 0.977378 -0.075529 -0.875818 -0.141365 0.461474 -0.440357 -0.157316 -0.883933
0.051765 -5.999605 -31.845439 -26.651611 -0.209014 0.975052 -0.074744 -0.904868 -0.163851 0.392896 -0.370847 -0.149754 -0.916541
-0.085947 -5.389650 -35.207113 -22.356863 -0.178961 0.980233 -0.084358 -0.944850 -0.147330 0.292492 -0.274282 -0.132051 -0.952540
-2.297357 -12.098871 -48.063446 177.887262 0.076558 0.991968 0.100694 0.812898 -0.003619 -0.582394 0.577352 -0.126441 0.806646
-0.505558 -6.319610 -1.893000 8.170408 -0.329782 0.943782 0.022800 -0.878168 -0.315540 0.359520 -0.346503 -0.098541 -0.932859
-0.603108 -6.487443 -2.546186 1.993424 -0.322986 0.946129 0.022817 -0.921757 -0.319950 0.219082 -0.214580 -0.049729 -0.975440
-0.544476 -6.363407 -4.027512 3.406016 -0.322704 0.946431 0.011385 -0.882803 -0.305303 0.357000 -0.341352 -0.105154 -0.934035
-0.437478 -6.401357 -0.573662 3.747242 -0.322124 0.946430 0.022497 -0.830324 -0.293861 0.473506 -0.454751 -0.133848 -0.880503
-0.463042 -6.451627 4.454579 5.351307 -0.324383 0.945370 0.032435 -0.831225 -0.301247 0.467243 -0.451488 -0.124605 -0.883534
0.044065 -12.007866 -21.595396 -0.788404 -0.368654 0.918211 0.144851 0.253081 -0.050798 0.966111 -0.894452 -0.392820 0.213655
-0.527157 -11.232282 -25.525381 7.334742 -0.376286 0.914203 0.150473 0.137847 -0.105360 0.984834 -0.916191 -0.391322 0.086374
-0.639143 -10.872884 -15.145616 -7.099869 -0.355699 0.920761 0.160239 0.141994 -0.116220 0.983021 -0.923751 -0.372413 0.089403
-0.607217 -10.922977 -6.782121 6.860137 -0.337827 0.924146 0.178403 0.312739 -0.068561 0.947361 -0.887731 -0.375838 0.265855
-0.974705 -13.390708 41.818287 77.892685 0.422959 0.893625 0.150133 0.898720 -0.392521 -0.195522 -0.115793 0.217626 -0.969139
-0.369007 -13.008453 50.266397 13.844948 0.420413 0.890739 0.172733 0.905888 -0.422807 -0.024522 0.051190 0.166786 -0.984663
-0.390172 -13.488591 23.730881 92.767006 0.401327 0.904588 0.143727 -0.887775 0.422780 -0.181966 0.225369 0.054569 -0.972744
4.451723 -14.502882 -43.959804 -126.840892 0.235152 0.938458 0.252983 0.532855 -0.342155 0.773948 -0.812877 0.047192 0.580520
4.054710 -17.197543 -33.206150 -189.764354 0.315332 0.916881 0.244735 0.721182 -0.399156 0.566191 -0.616817 0.002039 0.787104
3.024597 -17.110494 -104.895047 -232.487522 0.177141 0.935101 0.306933 0.706619 -0.337920 0.621691 -0.685063 -0.106758 0.720619
-1.251430 -3.320467 9.460419 -7.127244 -0.355456 0.917058 0.180710 -0.614240 -0.083456 -0.784694 0.704528 0.389923 -0.592958
-1.295602 -3.017532 14.080119 -12.923239 -0.567409 0.821646 -0.054267 -0.518964 -0.407994 -0.751144 0.639315 0.398043 -0.657904
-1.079490 -2.923571 12.208657 7.331208 -0.242561 0.906592 0.345334 -0.676690 0.096963 -0.729856 0.695166 0.410719 -0.589962
-0.749672 -27.566255 14.267552 -624.167520 0.148253 0.988036 -0.042491 0.525412 -0.115091 -0.843028 0.837833 -0.102656 0.536188
-2.155790 -18.523709 -13.496553 -385.468692 0.176910 0.980924 -0.080565 0.729381 -0.185623 -0.658443 0.660838 -0.057722 0.748306
1.228678 -6.422940 -10.105293 -29.126503 -0.068788 0.997500 0.016194 -0.030620 -0.018336 0.999363 -0.997161 -0.068248 -0.031805
0.820137 -6.604450 -8.330570 -23.027690 -0.076098 0.996883 0.020797 0.092845 -0.013682 0.995587 -0.992768 -0.077693 0.091514
-1.000842 -33.219179 -26.360704 264.467659 0.147550 -0.902177 -0.405346 0.971448 0.209179 -0.111951 0.185789 -0.377254 0.907282
-0.886111 -29.754417 23.106315 402.487424 -0.167336 0.903430 0.394731 0.854983 0.332341 -0.398187 0.490920 -0.270858 0.828030
1.150109 -0.871182 55.707229 3.806509 0.225103 0.951928 -0.207755 0.275480 0.142346 0.950709 -0.934580 0.271240 0.230195
1.644272 -1.334898 68.626612 12.771498 0.221721 0.955103 -0.196514 0.254700 0.137808 0.957151 -0.941259 0.262273 0.212709
0.510472 -1.224165 54.299164 14.945700 0.245489 0.958633 -0.144077 0.243812 0.082791 0.966282 -0.938238 0.272339 0.213402
1.578778 -2.086189 65.545063 35.166791 0.239128 0.961953 -0.132154 0.218190 0.079387 0.972672 -0.946156 0.261428 0.190905
0.071909 -0.915308 37.290453 -4.265543 0.200560 0.943273 -0.264599 0.289667 0.200915 0.935803 -0.935879 0.264330 0.232939
-0.655906 -0.868397 33.451742 -0.917732 0.156154 0.908725 -0.387084 0.311732 0.326522 0.892304 -0.937251 0.260003 0.232291
0.206485 -1.944940 61.724403 39.414704 0.273823 0.959519 -0.065919 0.204374 0.008924 0.978852 -0.939815 0.281504 0.193658
-0.548338 -1.292906 44.647730 23.905374 0.280891 0.959555 0.018837 0.203313 -0.078675 0.975948 -0.937957 0.270305 0.217189
0.253451 -71.694511 -53.646266 1881.907702 -0.323471 0.896562 0.302561 -0.480984 -0.431153 0.763388 -0.814874 -0.101407 -0.570698
0.601313 -71.158751 -58.893752 -1374.015271 -0.365658 0.858223 0.360204 -0.633869 -0.513006 0.578822 -0.681545 0.016672 -0.731586
-0.186349 -61.992877 -79.985390 -969.390698 -0.348143 0.847195 0.401320 -0.064246 -0.448657 0.891392 -0.935237 -0.284549 -0.210626
16.290710 -47.033886 -3645.198125 88601.204006 -0.451446 0.821095 0.349284 0.846682 0.517741 -0.122775 0.281649 -0.240306 0.928939
-10.428695 -637.008625 45.604705 -80208.144301 0.274777 -0.848030 -0.453147 0.960914 0.225634 0.160417 -0.033793 -0.479514 0.876883
-0.412604 -6.786615 2.067802 26.707309 -0.153471 0.985232 -0.075922 -0.309664 0.025010 0.950517 -0.938379 -0.169387 -0.301253
-0.104823 -6.279824 -32.893047 51.868342 -0.186552 0.975423 -0.117253 -0.225953 0.073550 0.971358 -0.956108 -0.207703 -0.206679
-0.266006 -5.999036 -9.463423 42.309809 -0.162765 0.983068 -0.084166 -0.170040 0.056079 0.983840 -0.971902 -0.174446 -0.158033
-0.310085 -5.601439 -14.216512 31.399042 -0.170211 0.981402 -0.088758 -0.078424 0.076296 0.993996 -0.982282 -0.176150 -0.063979
-0.810452 -6.486134 -26.949627 -30.337646 -0.577464 0.694614 0.429007 -0.266832 -0.657194 0.704909 -0.771580 -0.292587 -0.564851
-1.378400 -5.835942 -24.214631 -27.748819 -0.565955 0.694818 0.443759 -0.340574 -0.687222 0.641666 -0.750802 -0.212021 -0.625574
1.219721 -49.585567 -22.409297 1625.279098 0.130297 0.990559 0.042613 0.943777 -0.137084 0.300819 -0.303821 -0.001021 0.952729
0.353906 -12.720425 33.557329 74.094020 0.269367 -0.536740 0.799595 0.884968 -0.189514 -0.425342 0.379832 0.822189 0.423949
-0.638282 -12.876770 23.340018 -126.665612 0.251023 -0.522874 0.814611 0.965592 0.076175 -0.248654 0.067962 0.849000 0.524004
19.201878 -0.803644 122.642107 -61.537894 -0.190275 0.167966 -0.967255 0.763600 0.644554 -0.038284 0.617018 -0.745881 -0.250901
-0.343545 -10.313487 16.380756 13.977366 -0.047132 0.995281 -0.084821 -0.258255 0.069887 0.963546 -0.964926 -0.067319 -0.253742
-0.234517 -10.294737 3.169059 -1.384826 -0.051491 0.991865 -0.116411 -0.454782 0.080490 0.886958 -0.889113 -0.098613 -0.446938
0.090361 -16.075492 23.791061 -63.783956 0.352228 0.925168 -0.141424 0.753158 -0.190490 0.629656 -0.555597 0.328297 0.763893
0.738145 -15.839798 41.547491 -14.921363 0.365402 0.921528 -0.131403 0.672096 -0.163519 0.722184 -0.644026 0.352203 0.679105
0.330521 -16.053988 33.829352 -36.057945 0.359844 0.924637 -0.124735 0.598896 -0.126395 0.790789 -0.715427 0.359264 0.599244
0.779103 -15.949866 33.690893 -29.179702 0.351134 0.925866 -0.139563 0.807510 -0.223994 0.545669 -0.473955 0.304301 0.826297
-0.195383 -15.621971 28.739757 -53.012229 0.372532 0.918706 -0.131144 0.586375 -0.123492 0.800571 -0.719294 0.375138 0.584711
0.183762 -15.464624 27.973357 45.825065 0.331473 0.931350 -0.150708 0.902276 -0.266249 0.339129 -0.275722 0.248392 0.928589
-0.428333 -15.011302 24.395539 -10.462593 0.340737 0.929262 -0.142722 0.845628 -0.236583 0.478479 -0.410867 0.283726 0.866423
-0.610794 -14.979762 20.917598 -44.676709 0.355974 0.925792 -0.127243 0.721299 -0.185632 0.667285 -0.594147 0.329316 0.733853
