17546
35077
-6.510092 -8.191190 72.117927 169.128022 -0.108699 0.992649 -0.053230 -0.593943 -0.107791 -0.797253 0.797130 0.055045 -0.601294
-8.462576 -10.513587 101.885222 155.766520 -0.023676 0.982623 0.184096 -0.477833 0.150629 -0.865440 0.878132 0.108458 -0.465963
-7.346167 -11.420532 -34.092249 433.175099 0.242811 0.865788 0.437554 -0.503200 0.498036 -0.706223 0.829357 0.048698 -0.556593
-6.074293 -8.567426 12.942201 102.066975 -0.338623 0.892918 -0.296703 -0.461635 -0.432432 -0.774529 0.819895 0.125304 -0.558633
-4.520935 -11.414325 -162.125572 446.674780 0.316201 0.897493 0.307445 -0.575655 0.439106 -0.689787 0.754081 -0.041129 -0.655493
-5.230162 -6.592155 -41.629919 155.693674 0.021591 0.999754 0.005109 -0.680370 0.018437 -0.732637 0.732551 -0.012342 -0.680600
-4.746386 -7.175592 17.440702 104.251263 -0.430980 0.786175 -0.442928 -0.487372 -0.615905 -0.618974 0.759424 0.050894 -0.648603
6.754046 -12.421302 4.583919 -49.097933 0.427927 0.892920 0.139902 -0.781611 0.287883 0.553360 -0.453831 0.346146 -0.821109
7.882804 -13.765830 -19.647858 -45.312076 0.484410 0.850036 0.206845 -0.711365 0.245099 0.658701 -0.509222 0.466224 -0.723415
7.784125 -13.033062 -42.158746 -122.423581 0.335092 0.931257 0.143084 -0.716004 0.152985 0.681127 -0.612415 0.330689 -0.718048
7.359914 -11.114870 12.004402 -140.524826 0.318544 0.941141 0.113065 -0.788450 0.196854 0.582748 -0.526191 0.274777 -0.804749
8.040134 -12.244019 29.669751 -231.777961 0.252370 0.961969 0.104521 -0.766585 0.132849 0.628251 -0.590472 0.238676 -0.770958
8.593763 -13.520819 -110.252994 -2.201095 0.289580 0.947679 0.134340 -0.564703 0.055832 0.823404 -0.772822 0.314303 -0.551325
8.288458 -13.296678 -30.586128 -137.874536 0.223563 0.971114 0.083408 -0.647465 0.083997 0.757452 -0.728567 0.223342 -0.647541
-6.494627 -9.117323 -16.409635 18.190470 0.558609 0.797991 0.226200 -0.508346 0.113893 0.853588 -0.655393 0.591810 -0.469277
-6.385204 -8.828473 -111.785486 -6.066962 0.494062 0.838001 0.231641 -0.445855 0.015475 0.894971 -0.746402 0.545450 -0.381272
-6.502156 -8.986680 15.826991 -22.815565 0.601439 0.759489 0.247888 -0.439634 0.055553 0.896457 -0.667078 0.648144 -0.367309
-7.251806 -9.339953 -1.723484 -16.052413 0.656650 0.700300 0.279982 -0.490650 0.114730 0.863770 -0.572776 0.704568 -0.418940
-7.462644 -9.256583 1.114082 -11.201262 0.713034 0.679476 0.172899 -0.300926 0.073852 0.950784 -0.633266 0.729971 -0.257131
-0.038804 -2.822829 22.897893 52.514472 -0.118473 0.879722 0.460493 -0.543449 0.330690 -0.771562 0.831040 0.341664 -0.438906
-0.488640 -3.071724 22.267128 50.991308 -0.134840 0.895310 0.424545 -0.537230 0.293960 -0.790552 0.832588 0.334676 -0.441349
-0.305894 -2.590992 26.724163 18.390609 -0.149063 0.897340 0.415405 -0.554769 0.271861 -0.786335 0.818543 0.347667 -0.457292
-0.513632 -2.547071 27.329990 -27.137062 -0.213683 0.920059 0.328375 -0.557923 0.160990 -0.814128 0.801911 0.357173 -0.478921
-0.005797 -2.380214 24.399642 15.854976 -0.143552 0.894705 0.422961 -0.563369 0.277499 -0.778209 0.813639 0.349997 -0.464213
-0.594255 -7.233150 -24.788045 26.419513 -0.127888 0.978056 -0.164474 -0.532652 0.072157 0.843253 -0.836616 -0.195450 -0.511735
-0.829565 -7.424517 -47.139104 11.084801 -0.150618 0.975763 -0.158748 -0.612322 0.033988 0.789878 -0.776129 -0.216175 -0.592361
-0.217503 -7.345397 -49.594891 3.504958 -0.143259 0.975031 -0.169682 -0.562628 0.060815 0.824470 -0.814203 -0.213581 -0.539867
-0.472095 -7.367264 36.444294 49.153647 -0.103407 0.983116 -0.150966 -0.564259 0.067010 0.822874 -0.819096 -0.170275 -0.547803
-0.434571 -7.159330 -34.880717 2.545906 -0.135563 0.975849 -0.171292 -0.469806 0.088902 0.878282 -0.872299 -0.199536 -0.446408
-0.787548 -7.355557 238.607766 6.439615 0.388233 -0.690282 -0.610562 0.669693 -0.243810 0.701476 -0.633077 -0.681225 0.367622
-0.920325 -7.613658 155.564102 54.074457 0.356499 -0.720487 -0.594816 0.736604 -0.174891 0.653320 -0.574737 -0.671053 0.468365
-3.211509 -8.210872 -64.777412 29.427270 -0.229808 0.683495 0.692837 0.673443 -0.402260 0.620211 -0.702612 -0.609115 0.367853
-2.174151 -8.092516 -209.377761 -8.221491 -0.352574 0.673973 0.649194 0.610232 -0.360354 0.705522 -0.709442 -0.644908 0.284228
1.433997 -7.647156 351.484655 -12.322001 0.489618 -0.685388 -0.538996 0.592294 -0.192218 0.782458 -0.639893 -0.702350 0.311838
-0.535206 -6.218025 -1.617323 -47.725884 -0.177642 0.981725 -0.068256 -0.855551 -0.119793 0.503668 -0.486287 -0.147869 -0.861196
-0.544885 -6.408733 8.533983 -33.411447 -0.180448 0.982409 -0.048079 -0.847256 -0.130422 0.514924 -0.499596 -0.133652 -0.855886
-0.731776 -6.910740 -6.559819 -117.691683 -0.184450 0.981415 -0.052938 -0.904056 -0.148289 0.400865 -0.385565 -0.121798 -0.914606
-0.348501 -6.896437 1.295283 84.353089 -0.171395 0.982495 -0.072987 -0.772869 -0.088143 0.628414 -0.610981 -0.164117 -0.774447
-0.748956 -6.713628 -15.478981 -95.834317 -0.157090 0.984047 -0.083516 -0.907451 -0.110458 0.405379 -0.389687 -0.139467 -0.910326
-0.520752 -5.999046 -12.143522 -20.558189 -0.162016 0.981345 -0.103508 -0.848322 -0.084930 0.522626 -0.504085 -0.172481 -0.846256
-0.581576 -8.957987 -2.466378 134.451877 -0.042010 0.986194 -0.160175 0.999055 0.039670 -0.017784 -0.011184 -0.160771 -0.986928
-0.557192 -9.568660 -6.975148 134.461742 -0.015176 0.984628 -0.174006 0.999883 0.014660 -0.004250 -0.001633 -0.174050 -0.984735
-0.496046 -8.410494 -6.149570 -25.314462 -0.061753 0.983328 -0.171034 0.983510 0.030766 -0.178216 -0.169982 -0.179219 -0.969013
-0.383145 -8.717382 -5.876392 -20.189638 -0.036009 0.982013 -0.185349 0.987357 0.006310 -0.158385 -0.154367 -0.188709 -0.969825
-0.342967 -8.456403 -9.630248 216.376968 -0.064211 0.981715 -0.179197 -0.944474 -0.001798 0.328580 -0.322250 -0.190346 -0.927321
-0.431917 -8.294854 -1.260108 224.624454 -0.075155 0.983866 -0.162353 -0.944425 -0.017979 0.328234 -0.320019 -0.177999 -0.930540
0.089245 -9.191086 28.333359 40.544301 0.028465 0.999185 0.028623 0.923176 -0.015298 -0.384074 0.383323 -0.037357 0.922859
-0.079975 -9.727945 31.039029 51.396211 0.053187 0.998414 0.018460 0.928818 -0.042674 -0.368072 0.366700 -0.036722 0.929614
-0.252777 -8.645283 16.145565 28.594948 0.058582 0.998006 0.023504 0.878955 -0.040403 -0.475191 0.473294 -0.048497 0.879569
-1.942376 -17.140075 -44.937471 64.243554 0.060437 0.997607 0.033579 0.838503 -0.032490 -0.543927 0.541534 -0.061030 0.838461
-2.093593 -17.141310 -52.571464 56.435856 0.060673 0.998154 0.002577 0.872592 -0.051787 -0.485697 0.484667 -0.031717 0.874123
-2.247467 -17.317281 -24.268114 -10.274383 0.049054 0.998424 0.027246 0.950596 -0.038298 -0.308058 0.306529 -0.041012 0.950977
-2.282219 -17.312493 -8.569270 36.121698 0.039847 0.997426 0.059612 0.936304 -0.016439 -0.350806 0.348923 -0.069794 0.934549
1.581290 -2.411904 171.852701 5.854848 -0.778041 0.193996 -0.597509 -0.120436 0.887421 0.444948 0.616561 0.418150 -0.667086
-0.351101 -1.817176 126.387613 0.960819 -0.729996 0.012156 -0.683343 -0.289894 0.899936 0.325694 0.618924 0.435852 -0.653426
-0.502441 -2.084411 154.770026 15.121569 -0.785094 0.292625 -0.545892 -0.026318 0.864800 0.501426 0.618817 0.408033 -0.671248
-0.484437 -6.783924 7.569447 104.860556 -0.154391 0.987657 0.026408 -0.981153 -0.150121 -0.121666 0.116200 0.044695 -0.992220
-0.437074 -6.760797 0.754841 6.432055 -0.121401 0.992402 0.019982 -0.989332 -0.119344 -0.083540 0.080520 0.029911 -0.996304
-0.545135 -6.954909 12.617854 59.744981 -0.135111 0.990042 0.039533 -0.987214 -0.131105 -0.090660 0.084575 0.051277 -0.995097
-0.464526 -6.835649 -3.563744 41.750992 -0.121245 0.992574 0.009810 -0.989817 -0.120154 -0.076329 0.074583 0.018964 -0.997034
-0.621307 -7.093749 16.297268 115.733830 -0.129121 0.991480 0.017157 -0.985703 -0.126441 -0.111368 0.108250 0.031292 -0.993631
-0.363350 -16.833063 -109.184648 -80.758657 -0.054496 0.984507 0.166660 0.925343 -0.012921 0.378910 -0.375193 -0.174866 0.910303
-0.110849 -18.493367 115.389776 -75.510150 0.037131 -0.982914 -0.180283 0.984807 0.005367 0.173568 -0.169634 -0.183989 0.968180
-1.064912 -16.773565 -117.846483 -89.826019 -0.043923 0.985861 0.161704 0.979034 0.010249 0.203441 -0.198907 -0.167250 0.965641
0.500387 -22.282604 17.538169 276.911985 0.090648 0.974967 0.203032 0.341467 0.161084 -0.925987 0.935512 -0.153268 0.318317
1.361416 -20.343088 33.667090 336.974101 0.112648 0.982048 0.151301 0.163499 0.131875 -0.977690 0.980091 -0.134872 0.145709
0.292232 -22.622117 50.769018 -30.934278 0.124467 0.986338 0.107915 0.462782 0.038499 -0.885636 0.877690 -0.160174 0.451668
1.562292 -22.406754 11.346559 201.935407 0.162590 0.983289 0.081899 0.267995 0.035874 -0.962752 0.949602 -0.178482 0.257684
0.944258 -25.148988 38.461209 -24.578032 0.132302 0.988483 0.073462 0.551557 -0.011837 -0.834053 0.823578 -0.150865 0.546771
-0.179580 -23.526580 79.320791 -26.974298 0.100643 0.989997 0.098881 0.674953 0.005081 -0.737843 0.730965 -0.140998 0.667690
8.839301 -8.576036 -323.083956 -120.004984 -0.715279 -0.084072 -0.693763 0.249059 0.896884 -0.365470 0.652951 -0.434201 -0.620584
23.072620 -7.722511 -1551.963580 7.543765 -0.543796 -0.313739 -0.778366 0.217771 0.842965 -0.491920 0.810470 -0.437010 -0.390078
3.296064 -9.593261 -221.223441 83.394785 -0.610342 -0.603703 -0.512860 -0.173613 0.733644 -0.656982 0.772879 -0.311944 -0.552584
0.784076 -25.046459 -37.494593 236.136126 -0.016343 0.870795 0.491374 0.568823 0.412262 -0.711675 0.822298 -0.267874 0.502066
0.603962 -28.940350 -41.334139 307.128938 -0.037903 0.862173 0.505194 0.736156 0.365967 -0.569334 0.675749 -0.350322 0.648565
0.942479 -28.878809 -10.091311 4.640610 -0.044460 0.887453 0.458748 0.480515 0.421591 -0.769003 0.875859 -0.186245 0.445179
0.998918 -25.162986 -22.719312 -102.017053 -0.012011 0.892599 0.450691 0.345797 0.426622 -0.835714 0.938232 -0.145810 0.313782
-2.713828 -33.922118 -327.037896 -1316.717371 -0.210170 0.953500 -0.216023 0.948163 0.144920 -0.282815 -0.238358 -0.264265 -0.934532
2.627990 -140.367719 -2034.077628 -4544.719868 0.652073 0.649088 -0.391772 0.676464 -0.264779 0.687233 0.342342 -0.713146 -0.611739
-1.664767 -45.260816 -95.644376 -1371.071152 -0.319231 0.946918 0.037927 -0.943719 -0.321297 0.078504 -0.086522 0.010732 -0.996192
2.958852 -136.426603 -339.201649 -3999.223182 -0.577122 0.777692 0.249249 -0.634427 -0.619131 0.462795 -0.514230 -0.108960 -0.850703
-4.978441 -23.622220 -98.787987 867.295797 -0.013197 0.995872 -0.089804 -0.925699 0.021787 0.377633 -0.378030 -0.088115 -0.921590
0.498468 -4.401175 -51.457453 37.183964 0.031945 0.998946 -0.032961 0.217383 0.025245 0.975760 -0.975564 0.038336 0.216347
0.215506 -4.996091 -2.430557 34.892604 0.062493 0.997682 0.026917 0.151743 -0.036154 0.987759 -0.986442 0.057643 0.153651
0.918991 -4.779560 -90.236975 29.123543 0.018465 0.999071 -0.038926 0.159719 0.035485 0.986524 -0.986990 0.024434 0.158916
0.240887 -4.512372 41.330970 40.415799 0.070696 0.997469 0.007532 0.223468 -0.023196 0.974435 -0.972144 0.067206 0.224542
1.436170 -4.003413 -119.191876 45.686962 0.014348 0.996528 -0.082008 0.246419 0.075962 0.966182 -0.969057 0.034071 0.244473
0.712924 -4.017487 -53.358766 38.676466 0.017926 0.996241 -0.084754 0.279259 0.076406 0.957171 -0.960048 0.040826 0.276840
-0.433071 -16.863037 9.359324 -133.709611 -0.089403 0.980827 -0.173163 -0.741524 0.050524 0.669021 -0.664943 -0.188217 -0.722790
-0.485233 -17.788879 7.462219 -66.671939 -0.104099 0.980172 -0.168601 -0.604486 0.072263 0.793332 -0.789785 -0.184502 -0.584977
-0.537476 -17.319562 24.037594 -68.011155 -0.083657 0.982615 -0.165740 -0.631038 0.076486 0.771972 -0.771228 -0.169170 -0.613669
-24.465107 -108.597475 -212.821576 6354.594888 0.969624 -0.036451 0.241870 -0.215208 0.342845 0.914408 0.116255 0.938684 -0.324586
-34.790512 -218.030402 -884.526808 11332.520269 0.990097 -0.126917 -0.060002 0.095776 0.298186 0.949690 0.102640 0.946032 -0.307389
-11.858985 -192.640111 123.749700 10518.111415 0.964412 -0.051621 0.259315 -0.211918 0.435583 0.874847 0.158114 0.898667 -0.409142
-3.112767 -5.529131 -172.383456 188.953532 0.924688 -0.248335 -0.288586 0.355478 0.291714 0.887997 0.136336 0.923706 -0.358022
-20.125771 -109.470738 304.321418 5275.136771 0.968469 0.048107 0.244446 -0.238287 0.465246 0.852506 0.072716 0.883873 -0.462039
-3.481010 -47.706743 91.160222 2189.079881 0.991693 -0.127461 0.017258 0.028417 0.347968 0.937076 0.125445 0.928802 -0.348699
-20.279431 -49.962244 810.076125 -1277.352263 0.135013 0.989616 -0.049311 0.190853 0.022862 0.981352 -0.972289 0.141906 0.185785
-11.591773 -52.665306 567.928040 -88.754378 0.245656 0.963782 -0.103819 0.474635 -0.026207 0.879793 -0.845207 0.265402 0.463882
-9.452545 -66.867546 558.259322 -2633.227953 0.283263 0.954105 -0.097192 0.034069 0.091268 0.995243 -0.958437 0.285226 0.006652
1.527856 -4.692336 94.681933 -39.052994 0.307643 0.871284 0.382387 -0.791400 0.457416 -0.405533 0.528244 0.177861 -0.830255
1.388093 -4.055486 65.601415 -45.130976 0.360113 0.843397 0.398749 -0.731265 0.520599 -0.440712 0.579284 0.132885 -0.804221
0.759529 -4.801680 40.235589 -66.878766 0.314379 0.869974 0.379884 -0.769380 0.467916 -0.434866 0.556076 0.155562 -0.816444
2.073951 -11.637325 -116.719119 54.824730 0.285945 0.956139 0.063510 0.821389 -0.210433 -0.530131 0.493514 -0.203755 0.845534
2.124361 -11.173153 243.563676 96.416675 0.079011 0.996764 -0.014825 0.851349 -0.075206 -0.519182 0.518616 -0.028400 0.854535
5.925047 -7.818902 232.060117 365.302014 0.117192 0.992552 0.033272 0.743712 -0.065509 -0.665282 0.658147 -0.102710 0.745850
-7.091471 -9.514042 39.408770 -36.484170 -0.564739 0.809889 -0.158586 0.630847 0.299756 -0.715666 0.532073 0.504208 0.680201
-6.538237 -8.905571 -34.015376 -58.973171 0.628230 -0.768767 0.119679 0.652489 0.436808 -0.619238 0.423774 0.467114 0.776029
-6.998374 -9.276374 1.868671 -59.378664 -0.426967 0.874221 -0.231163 0.749871 0.199435 -0.630808 0.505364 0.442677 0.740705
-1.085032 -1.561224 12.098085 9.523455 0.393453 0.154303 -0.906303 -0.007867 0.986343 0.164515 0.919311 -0.057599 0.389293
-0.889023 -2.158464 -70.487162 53.020681 0.337367 0.702557 -0.626576 -0.211350 0.705133 0.676844 0.917341 -0.095918 0.386374
-1.360476 -1.960519 -39.422636 2.622604 0.385140 -0.050610 -0.921470 0.065416 0.997481 -0.027443 0.920537 -0.049709 0.387480
-0.688378 -5.537535 -27.363703 -43.057229 -0.228215 0.973470 -0.016579 0.967497 0.224844 -0.115733 0.108935 0.042452 0.993142
-1.438681 -5.430089 -45.715943 -35.876371 -0.221059 0.974846 -0.028418 0.973404 0.218747 -0.068069 0.060140 0.042710 0.997276
-0.547705 -4.817423 36.081943 -46.824301 0.173402 -0.984738 0.014957 0.984705 0.173095 -0.019844 0.016952 0.018169 0.999691
-1.124424 -4.594294 -42.230463 -40.036260 -0.128374 0.991390 -0.025793 0.990937 0.129266 0.036539 -0.039559 0.020869 0.998999
-0.218298 -4.021052 -36.894045 -50.270113 -0.089084 0.995997 -0.007312 0.994419 0.089354 0.056087 -0.056516 0.002274 0.998399
1.281132 -7.005166 -157.280278 -9.705176 0.058830 0.994663 0.084766 0.800666 -0.097728 0.591087 -0.596216 -0.033095 0.802142
-0.760503 -7.025284 -102.420941 -28.196783 0.017171 0.999508 0.026253 0.818215 -0.029137 0.574174 -0.574656 -0.011621 0.818313
0.264590 -6.718915 -142.126023 14.853060 0.039038 0.997223 0.063420 0.779219 -0.070112 0.622818 -0.625535 -0.025105 0.779792
-0.715062 -11.069167 11.950996 -17.234199 0.256516 0.964012 0.069866 -0.154385 0.112222 -0.981617 0.954130 -0.241014 -0.177615
-0.458431 -9.831436 6.307528 -168.945572 0.254734 0.964992 0.062459 -0.196351 0.114860 -0.973783 0.946867 -0.235792 -0.218736
-0.499057 -11.002679 0.124606 -6.932511 0.249230 0.965891 0.070277 -0.142589 0.108374 -0.983831 0.957890 -0.235179 -0.164735
-0.392275 -10.022900 3.387694 -140.436626 0.242062 0.968463 0.059038 -0.213768 0.112585 -0.970375 0.946419 -0.222271 -0.234279
-0.560476 -11.155752 -3.029211 -14.963963 0.234809 0.970323 0.057778 -0.146962 0.094195 -0.984647 0.960868 -0.222712 -0.164718
0.402046 -13.072633 -15.489796 292.322132 0.307089 0.951671 -0.004298 0.876632 -0.284627 -0.387947 0.370421 -0.115367 0.921672
0.511613 -14.936165 8.181530 154.184330 0.315322 0.948541 -0.029029 0.919227 -0.312891 -0.239001 0.235785 -0.048678 0.970585
0.705558 -14.475988 -21.407873 235.487776 0.319748 0.947389 -0.014693 0.912126 -0.311971 -0.265897 0.256491 -0.071618 0.963890
-0.278303 -18.183477 -41.859379 -49.305637 -0.190372 -0.957655 -0.215998 0.981621 -0.182691 -0.055174 0.013377 -0.222531 0.974834
0.251990 -17.791621 24.141488 123.296790 -0.171745 -0.954274 -0.244673 0.974838 -0.200450 0.097522 -0.142107 -0.221768 0.964689
0.036051 -19.025713 69.880847 -87.421689 -0.199855 -0.944598 -0.260371 0.978120 -0.176662 -0.109874 0.057789 -0.276633 0.959237
-0.180432 -11.911572 -8.521479 85.501131 0.258218 0.966068 0.006043 -0.760001 0.206992 -0.616079 0.596425 -0.154490 -0.787661
0.094439 -11.963054 1.896219 22.366969 0.266454 0.963160 0.036405 -0.625837 0.201613 -0.753446 0.733028 -0.177975 -0.656501
0.392369 -12.632978 -33.861417 23.420472 0.270429 0.962740 0.000160 -0.592930 0.166683 -0.787814 0.758487 -0.212953 -0.615913
0.393343 -12.798026 -40.328959 36.476817 0.240276 0.970514 -0.019232 -0.634039 0.141909 -0.760169 0.735025 -0.194844 -0.649441
-0.084990 -12.145585 -9.279956 69.382138 0.236900 0.971529 -0.003159 -0.747641 0.180228 -0.639179 0.620412 -0.153783 -0.769051
4.048009 -6.907956 64.222216 -13.443452 -0.026434 -0.997696 -0.062474 0.999606 -0.025793 -0.011041 0.009405 -0.062741 0.997986
3.115167 -6.806172 52.507757 -24.952764 0.024960 -0.993511 -0.110963 0.999239 0.021465 0.032579 -0.029986 -0.111692 0.993290
4.252580 -6.557775 -70.374006 -36.389984 0.014178 0.996936 0.076931 0.994368 -0.022140 0.103648 -0.105034 -0.075028 0.991634
4.681361 -6.288502 -86.801370 -29.681042 0.026328 0.997294 0.068644 0.979220 -0.039542 0.198909 -0.201085 -0.061980 0.977611
4.887127 -6.568769 -26.110495 -38.994064 0.051939 0.998650 -0.000922 0.993681 -0.051589 0.099686 -0.099503 0.006094 0.995019
1.046254 -28.835170 5.963080 -645.491081 -0.017108 0.992357 -0.122209 -0.327632 -0.121042 -0.937020 0.944650 -0.024009 -0.327199
0.733730 -29.351663 -1.345626 -659.529870 0.023106 0.994093 -0.106047 -0.468660 -0.082927 -0.879477 0.883076 -0.070021 -0.463976
1.388488 -23.786848 13.003663 -497.005618 0.000424 0.995264 -0.097209 -0.225128 -0.094618 -0.969724 0.974329 -0.022296 -0.224022
1.671068 -22.830917 -3.212918 -469.940872 -0.008067 0.993810 -0.110799 -0.067935 -0.111091 -0.991486 0.997657 0.000471 -0.068411
1.652170 -19.847903 4.297657 -389.115679 0.020650 0.997813 -0.062789 -0.042238 -0.061875 -0.997190 0.998894 -0.023244 -0.040868
0.491622 -14.315275 10.308318 -45.497036 0.043183 0.997075 0.063054 0.226025 -0.071227 0.971514 -0.973164 0.027701 0.228439
0.416917 -14.843003 15.351987 -52.827373 0.043812 0.994862 0.091271 0.284190 -0.099995 0.953539 -0.957766 0.015838 0.287111
0.273874 -14.691950 7.846835 -83.638645 0.054788 0.993357 0.101197 0.398229 -0.114678 0.910089 -0.915648 0.009563 0.401866
0.038111 -14.596313 -34.012189 -53.752908 0.027943 0.994174 0.104106 0.430247 -0.105967 0.896470 -0.902279 -0.019741 0.430701
0.139488 -14.289214 -44.600340 -18.542182 0.011251 0.998420 0.055060 0.185159 -0.056191 0.981101 -0.982644 0.000843 0.185498
-1.259554 -28.822533 -48.232770 -772.306279 0.347248 -0.913361 0.212583 0.920454 0.288596 -0.263585 0.179398 0.287202 0.940921
-1.556361 -32.623274 88.059901 -366.672809 -0.366577 0.902005 -0.228052 0.777782 0.162590 -0.607141 0.510565 0.399939 0.761165
-0.793634 -35.539687 18.031565 -852.382078 -0.354339 0.907349 -0.226189 0.843089 0.205343 -0.497026 0.404530 0.366813 0.837737
-0.850237 -30.396106 -4.981704 -1007.579984 0.351156 -0.911605 0.213694 0.930625 0.314682 -0.186850 0.103088 0.264482 0.958865
-0.635016 -12.059395 -33.988381 -0.462578 -0.162601 0.975979 -0.145004 -0.960166 -0.122665 0.251065 -0.227247 -0.180052 -0.957048
-0.723429 -12.049978 -11.874853 -59.097168 -0.108292 0.983433 -0.145370 0.989574 0.092671 -0.110253 -0.094955 -0.155794 -0.983215
-0.457676 -14.156529 -46.480333 43.832207 -0.113195 0.979028 -0.169381 -0.972102 -0.073879 0.222619 -0.205436 -0.189856 -0.960079
-2.133177 -6.770426 28.305039 -24.699524 -0.038352 -0.524503 0.850544 0.893007 0.363961 0.264709 -0.448406 0.769694 0.454427
-2.078487 -8.509256 5.452486 -136.289107 0.037762 -0.474487 0.879452 0.934354 0.328835 0.137295 -0.354339 0.816535 0.455756
-2.206752 -7.176692 -15.233645 -39.841579 -0.054207 -0.479737 0.875736 0.898829 0.358568 0.252064 -0.434935 0.800800 0.411765
0.745917 -57.023420 -22.660182 -140.004641 -0.390324 0.910863 -0.134074 -0.053966 -0.168010 -0.984307 0.919095 0.376963 -0.114734
0.731512 -55.464211 -43.333412 -1445.932725 -0.356854 0.925802 -0.124680 0.305756 -0.010361 -0.952054 0.882705 0.377866 0.279372
2.246960 -94.686375 -51.685735 -3965.979761 -0.365396 0.923068 -0.120131 0.414977 0.046012 -0.908668 0.833235 0.381875 0.399864
2.638521 -74.759909 -209.693228 -2741.105148 -0.377630 0.910205 -0.170063 0.140951 -0.125016 -0.982092 0.915166 0.394838 0.081084
17.241290 -253.119369 -75.808457 -15166.587638 -0.311613 0.920411 -0.236094 0.585296 -0.009811 -0.810761 0.748550 0.390828 0.535655
5.368836 -46.734305 -207.348253 -1406.862319 -0.467385 0.859962 -0.204981 -0.567674 -0.114194 0.815295 -0.677715 -0.497419 -0.541551
4.867472 -36.237663 -155.226990 -873.490547 -0.465344 0.858900 -0.213882 -0.762605 -0.266383 0.589468 -0.449320 -0.437413 -0.778962
5.458513 -67.018904 -48.212610 -3456.828441 -0.351272 0.927302 -0.129303 -0.728084 -0.183718 0.660410 -0.588644 -0.326127 -0.739689
-160.951815 -978.476103 7589.502367 209801.628897 -0.116198 0.993127 -0.014039 -0.676549 -0.089490 -0.730940 0.727172 0.075436 -0.682297
-17.557778 -5283.417602 515.466718 545001.022545 -0.141456 0.979003 0.146774 0.684867 0.203838 -0.699577 0.714806 -0.001561 0.699321
-82.479099 -834.200545 3895.314175 -84284.098545 -0.185005 0.981464 0.050016 0.782659 0.177928 -0.596478 0.594321 0.071206 0.801069
-142.497267 -1037.342908 5942.315872 112.461870 -0.060571 0.996770 -0.052738 -0.317847 -0.069345 -0.945603 0.946205 0.040513 -0.321021
-42.666929 -424.904581 1790.319487 43113.653863 -0.041475 0.997198 -0.062256 0.998621 0.043380 0.029571 0.032189 -0.060944 -0.997622
1.138422 -6.914558 52.209038 21.703983 0.095872 -0.971562 -0.216508 0.991090 0.072967 0.111431 -0.092464 -0.225262 0.969901
1.544831 -6.880725 29.670212 10.470307 0.083871 -0.977634 -0.192866 0.988184 0.056683 0.142403 -0.128286 -0.202531 0.970837
1.426432 -6.900900 19.918635 -4.465011 0.103068 -0.974905 -0.197323 0.994637 0.099300 0.028922 -0.008602 -0.199246 0.979912
1.069234 -6.911605 9.875479 -4.194874 0.093332 -0.974577 -0.203690 0.995599 0.093094 0.010771 0.008465 -0.203799 0.978976
0.623711 -7.002198 42.937052 25.722393 0.066748 -0.971757 -0.226345 0.995134 0.048358 0.085843 -0.072473 -0.230974 0.970257
0.612776 -7.197642 87.716780 46.113409 0.050478 -0.967094 -0.249361 0.985557 0.007824 0.169162 -0.161645 -0.254298 0.953522
-2.587734 -7.028007 -7.656580 59.146186 -0.533053 0.828979 -0.169255 0.667464 0.534955 0.517992 -0.519948 -0.163145 0.838473
-3.151565 -7.303278 14.727367 40.264973 -0.466045 0.863187 -0.194191 0.643412 0.481307 0.595286 -0.607309 -0.152485 0.779695
-2.901501 -7.788183 -9.141911 45.369149 -0.570965 0.795889 -0.201397 0.559369 0.556698 0.614160 -0.600920 -0.238009 0.763051
4.294287 -40.001643 -45.733195 964.954331 0.081365 0.986482 0.142239 -0.670110 0.159787 -0.724859 0.737789 0.036338 -0.674053
3.551977 -29.709199 -61.424912 825.575096 0.087334 0.991592 0.095486 -0.875728 0.122109 -0.467108 0.474840 0.042825 -0.879029
3.285612 -34.168095 -45.496260 752.170573 0.106282 0.985851 0.129622 -0.652184 0.167518 -0.739320 0.750574 0.005961 -0.660760
3.310499 -40.771134 -70.657913 495.586864 0.118474 0.979060 0.165543 -0.346597 0.197006 -0.917093 0.930502 -0.051275 -0.362680
4.369788 -42.357609 -28.116889 225.044785 0.081909 0.981227 0.174598 -0.305945 0.191484 -0.932594 0.948519 -0.022970 -0.315885
2.552413 -14.266698 151.331088 524.568777 0.374410 0.926729 -0.031480 0.829140 -0.319397 0.458816 -0.415144 0.197887 0.887973
-0.808988 -10.496711 315.106101 205.599223 0.386711 0.920513 -0.055779 0.855894 -0.335729 0.393360 -0.343366 0.199857 0.917691
2.485611 -9.495793 57.342734 -122.795370 0.367711 0.928506 0.051625 0.813988 -0.348210 0.464945 -0.449680 0.128944 0.883833
3.431293 -11.997149 -71.837795 -23.392670 0.325095 0.940466 0.099181 0.779261 -0.325828 0.535339 -0.535784 0.096748 0.838794
3.482955 -60.481169 49.794473 3343.651476 0.302153 0.952836 -0.028413 0.812463 -0.241821 0.530496 -0.498605 0.183375 0.847211
-8.911387 -14.627512 -2.657588 381.771440 -0.278489 -0.705030 -0.652209 -0.307787 0.708772 -0.634751 0.909786 0.023970 -0.414385
-10.437103 -13.139540 -20.818058 323.961511 -0.182353 -0.621291 -0.762066 -0.228298 0.780634 -0.581799 0.956362 0.067885 -0.284190
-8.243471 -11.558899 118.390956 76.826286 -0.119488 0.989426 0.082211 -0.317972 0.040306 -0.947243 0.940540 0.139325 -0.309794
-6.258638 -10.167508 -6.578682 99.894633 -0.252150 0.957079 -0.142897 -0.374746 -0.232723 -0.897444 0.892180 0.172741 -0.417343
8.014313 -14.045344 -56.220581 24.547907 0.567623 0.789171 0.234550 0.729077 -0.349500 -0.588469 -0.382427 0.505034 -0.773751
9.355133 -14.900821 -77.420121 -72.534218 0.565088 0.784411 0.255684 0.650138 -0.232578 -0.723345 -0.507934 0.574984 -0.641403
-6.492216 -9.230006 -28.575061 12.749789 0.455218 0.859113 0.233881 -0.485830 0.019538 0.873835 -0.746154 0.511412 -0.426277
-6.613614 -8.906987 -52.471911 12.651540 0.467259 0.851012 0.239682 -0.372956 -0.056068 0.926153 -0.801606 0.522144 -0.291192
-1.318348 -3.457734 20.028122 -30.837275 -0.362775 0.931472 0.027464 -0.483922 -0.163120 -0.859774 0.796376 0.325194 -0.509936
-1.054699 -3.106568 22.936667 13.557740 -0.229957 0.936736 0.263906 -0.525367 0.108779 -0.843894 0.819213 0.332707 -0.467116
-1.623521 -3.716665 30.245336 0.205922 -0.275140 0.950604 0.143704 -0.502514 -0.014767 -0.864443 0.819621 0.310056 -0.481754
-1.474350 -4.226011 8.737979 -51.363045 -0.424324 0.898573 -0.111874 -0.465412 -0.322402 -0.824286 0.776750 0.297697 -0.555010
-1.291480 -3.787236 -3.904763 -50.397828 -0.407927 0.911340 -0.055262 -0.479931 -0.265526 -0.836159 0.776699 0.314570 -0.545696
-1.404351 -3.770706 25.969182 -32.562256 -0.374585 0.926944 -0.021454 -0.473650 -0.211195 -0.855016 0.797083 0.310114 -0.518157
-0.614069 -7.419378 -76.767237 -10.058219 -0.165119 0.971727 -0.168765 -0.678038 0.012424 0.734922 -0.716241 -0.235779 -0.656816
-0.615303 -7.524760 34.411631 21.775658 -0.121416 0.983287 -0.135666 -0.646724 0.025319 0.762303 -0.752998 -0.180294 -0.632842
-0.620096 -7.526648 -18.947970 -5.963804 -0.154424 0.976535 -0.150110 -0.699538 -0.000776 0.714595 -0.697710 -0.215359 -0.683243
-1.952603 -7.945348 13.052505 19.452026 0.131494 -0.668074 -0.732384 0.817335 -0.345001 0.461453 -0.560957 -0.659282 0.500674
-3.246345 -8.174672 12.687203 34.316332 -0.146487 0.698131 0.700824 0.735972 -0.396469 0.548779 -0.660974 -0.596176 0.455727
-0.560133 -6.888654 -10.245779 -114.160673 -0.209520 0.976847 -0.043253 -0.898068 -0.174750 0.403654 -0.386749 -0.123418 -0.913889
-0.282659 -7.135418 16.654369 100.132202 -0.171738 0.984137 -0.044505 -0.771219 -0.106199 0.627649 -0.612966 -0.142114 -0.777223
-0.586000 -10.236773 -7.880908 -50.032576 0.012464 0.983779 -0.178950 0.998501 -0.002707 0.054669 0.053297 -0.179363 -0.982338
-0.443590 -9.934368 -3.899379 122.727952 -0.005966 0.983145 -0.182731 0.999895 0.008272 0.011859 0.013171 -0.182641 -0.983091
-0.277243 -9.161577 16.988676 50.978664 0.095220 0.995454 0.002238 0.874005 -0.082526 -0.478859 0.476497 -0.047553 0.877889
-0.205397 -10.176639 14.596212 52.166594 0.078984 0.996832 0.009366 0.929638 -0.070262 -0.361713 0.359909 -0.037277 0.932242
-0.049593 -10.862014 32.884850 50.450028 0.030254 0.999230 0.024994 0.972061 -0.023590 -0.233541 0.232771 -0.031361 0.972026
-0.201616 -10.062912 -15.266019 86.958530 0.135417 0.990660 0.015945 0.889064 -0.114395 -0.443260 0.437296 -0.074201 0.896251
-0.174641 -11.059331 -11.010382 70.482261 0.079499 0.996478 0.026663 0.949458 -0.067545 -0.306540 0.303660 -0.049685 0.951484
-2.404854 -16.959043 11.742722 33.311810 0.054953 0.997116 -0.052337 0.885327 -0.072896 -0.459219 0.461710 0.021100 0.886780
-1.970320 -16.137216 -17.050565 162.848035 0.069982 0.996171 -0.052403 0.744386 -0.087120 -0.662043 0.664073 -0.007323 0.747632
-1.947742 -16.338489 49.310191 97.139294 0.054089 0.992982 -0.105168 0.812140 -0.105024 -0.573932 0.580950 0.054368 0.812122
-2.303207 -16.768631 40.295794 -47.998767 0.047621 0.993649 -0.101947 0.935510 -0.080138 -0.344093 0.350077 0.078987 0.933385
0.365382 -13.528598 20.875921 199.606444 0.115576 0.975739 -0.185943 0.642149 -0.216215 -0.735456 0.757818 0.034402 0.651559
0.688905 -15.523023 57.884436 160.936337 0.099074 0.977497 -0.186236 0.799333 -0.189648 -0.570175 0.592664 0.092375 0.800135
-0.237776 -15.750315 49.302878 118.056963 0.073315 0.981668 -0.175934 0.806156 -0.162190 -0.569041 0.587144 0.100111 0.803268
0.164874 -15.981359 44.477116 18.845337 0.088914 0.980959 -0.172664 0.907659 -0.151186 -0.391534 0.410183 0.121907 0.903819
-0.387823 -13.675717 51.755847 211.399182 0.078275 0.980700 -0.179165 0.630011 -0.187943 -0.753501 0.772632 0.053895 0.632563
-0.636988 -16.539431 26.441259 -25.078445 0.077121 0.985581 -0.150607 0.941816 -0.121582 -0.313369 0.327162 0.117676 0.937613
-0.964146 -16.098555 71.999696 20.172817 0.055165 0.984002 -0.169404 0.883593 -0.127123 -0.450670 0.464995 0.124823 0.876469
-1.097038 -15.551366 70.326978 170.485821 0.054566 0.986412 -0.154965 0.747369 -0.143266 -0.648779 0.662165 0.080415 0.745031
-0.207708 -2.715575 -21.355674 3.194658 -0.082308 0.866689 0.492012 -0.472268 0.400818 -0.785053 0.877604 0.296978 -0.376319
-0.788416 -2.171334 -4.353094 -26.887360 -0.139732 0.898019 0.417178 -0.415436 0.329270 -0.847936 0.898826 0.291794 -0.327059
-0.415448 -2.423624 -36.963511 -12.695901 -0.002939 0.776938 0.629571 -0.414626 0.571959 -0.707776 0.909987 0.263117 -0.320458
1.006626 -13.578274 4.177942 -86.936368 0.065837 0.997826 -0.002891 0.091094 -0.008896 -0.995803 0.993664 -0.065297 0.091482
0.547193 -12.529467 10.909028 -93.773038 0.069208 0.997557 -0.009506 0.170018 -0.021184 -0.985213 0.983008 -0.066568 0.171069
0.517440 -12.232395 -20.670113 -157.904260 0.083206 0.996050 0.030998 0.314205 0.003297 -0.949350 0.945702 -0.088732 0.312689
0.854123 -13.756299 -35.167111 -129.847123 0.091782 0.995620 0.017780 0.130334 0.005691 -0.991454 0.987213 -0.093315 0.129241
2.252586 -4.889502 -167.996339 -36.063770 0.161887 0.986020 -0.039451 -0.958169 0.147501 -0.245267 0.236019 -0.077506 -0.968653
0.372156 -4.971209 -138.881066 -34.790268 0.122625 0.990483 -0.062507 -0.969028 0.105889 -0.223099 0.214357 -0.087928 -0.972790
1.113424 -4.238379 -176.840611 -42.063088 0.158982 0.985875 -0.052670 -0.944063 0.136195 -0.300327 0.288912 -0.097470 -0.952381
3.306658 -4.635256 -159.405871 -27.058105 0.188296 0.982112 -0.000078 -0.944378 0.181040 -0.274543 0.269618 -0.051769 -0.961575
-0.955260 -8.721927 -25.420638 -2.644605 -0.150283 0.988512 0.016079 -0.874035 -0.125243 -0.469444 0.462037 0.084603 -0.882816
-0.745197 -8.010188 -21.879951 -73.442332 -0.146425 0.989176 0.009471 -0.895478 -0.128475 -0.426160 0.420331 0.070882 -0.904598
-0.685373 -7.444532 -16.257907 40.280830 -0.161435 0.986702 0.018928 -0.940905 -0.148099 -0.304574 0.297720 0.066979 -0.952301
0.720310 -20.456411 -69.814870 -61.901467 -0.002195 0.991063 0.133380 0.985788 -0.020261 0.166766 -0.167978 -0.131851 0.976933
0.775420 -18.413886 -77.501400 -49.636101 -0.037475 0.990934 0.129014 0.922686 -0.015263 0.385249 -0.383726 -0.133477 0.913750
0.799136 -21.340665 -66.520808 -58.539537 -0.030857 0.993520 0.109384 0.908502 -0.017750 0.417503 -0.416740 -0.112259 0.902068
0.922787 -17.974049 -62.400713 -80.363608 -0.060982 0.992082 0.109789 0.816447 -0.013696 0.577258 -0.574191 -0.124840 0.809148
2.676074 -19.367173 -16.755546 520.381179 0.174791 0.976828 0.123513 -0.073827 0.138094 -0.987664 0.981834 -0.163516 -0.096253
1.802964 -18.012248 14.791180 490.797124 0.079483 0.964650 0.251262 0.053575 0.247561 -0.967390 0.995395 -0.090352 0.032004
2.608481 -16.565928 29.682727 513.096789 0.102082 0.973859 0.202921 -0.078612 0.211246 -0.974266 0.991665 -0.083503 -0.098122
11.518777 -11.008283 -709.279411 132.174483 -0.527283 -0.662670 -0.531828 -0.097650 0.669021 -0.736801 0.844060 -0.336570 -0.417473
359.238391 -17.829950 -22876.272619 -64.831493 -0.225691 -0.225639 -0.947708 0.561765 0.764637 -0.315833 0.795917 -0.603670 -0.045816
49.027767 -7.261517 -3848.208085 148.058663 -0.389062 -0.357863 -0.848861 0.183739 0.872802 -0.452170 0.902702 -0.331891 -0.273820
10.180487 -191.470708 485.015408 -7472.119894 0.475229 0.879583 0.022179 0.196481 -0.081519 -0.977113 0.857644 -0.468710 0.211562
53.675906 -528.779828 1535.499683 -36110.696447 0.019535 0.996598 0.080070 -0.503856 0.078985 -0.860169 0.863567 0.023541 -0.503685
-0.550506 -2.133852 35.763107 -37.298037 -0.254504 0.943406 0.212631 -0.356831 0.112747 -0.927340 0.898832 0.311885 -0.307942
-0.973809 -1.637905 25.392401 -15.332482 -0.234985 0.941971 0.239736 -0.341997 0.150746 -0.927531 0.909846 0.299945 -0.286728
-0.938300 -1.558728 33.296061 -17.032230 -0.103623 -0.573645 -0.812523 -0.357894 0.783706 -0.507657 0.927995 0.238192 -0.286514
0.005719 -5.255716 42.954741 41.033445 0.083078 0.992274 0.092141 0.146085 -0.103588 0.983834 -0.985778 0.068274 0.153562
-0.482542 -16.970907 4.911810 -138.111140 -0.095778 0.979677 -0.176239 -0.769059 0.039577 0.637951 -0.631961 -0.196639 -0.749639
-0.550353 -17.716414 -28.498108 -139.493816 -0.117787 0.975910 -0.183646 -0.675397 0.056844 0.735260 -0.727987 -0.210638 -0.652431
-0.466517 -18.145318 -29.140949 -8.282453 -0.127454 0.977345 -0.168972 -0.498797 0.084092 0.862630 -0.857297 -0.194228 -0.476779
-0.392398 -17.736017 19.373727 91.791842 -0.105757 0.983619 -0.145975 -0.390100 0.093991 0.915963 -0.914679 -0.153815 -0.373770
-7.957407 -10.399111 -31.657228 -11.502197 -0.466145 0.876550 -0.119874 0.365893 0.067644 -0.928195 0.805501 0.476534 0.352255
-7.288837 -10.383407 -69.466336 -29.944142 -0.358781 0.928551 -0.095231 0.337902 0.034098 -0.940563 0.870114 0.369635 0.325993
-7.958197 -11.047369 -51.153344 -35.162493 -0.482844 0.875267 -0.027752 0.195498 0.076847 -0.977689 0.853606 0.477496 0.208218
-7.287780 -11.156729 -48.270330 -48.389024 -0.361180 0.932430 -0.011115 0.156097 0.048705 -0.986540 0.919338 0.358054 0.163140
2.144276 -134.585376 -262.539018 8817.595847 0.847911 0.056408 0.527130 -0.517252 0.305932 0.799285 0.116180 0.950381 -0.288580
-3.441034 -5.152741 -245.650981 -74.562269 0.737987 -0.346239 -0.579218 0.653356 0.151878 0.741660 0.168821 0.925771 -0.338302
-3.070399 -19.010562 103.399213 -884.304016 0.986742 0.086795 0.137138 0.134874 0.031453 -0.990363 0.090272 -0.995730 -0.019329
-2.212585 -23.336649 4.150492 -1269.245740 0.985703 0.095755 0.138635 0.131146 0.080543 -0.988086 0.105780 -0.992141 -0.066834
-7.632668 -12.200783 -335.464085 -575.561931 0.982235 0.099532 0.159082 0.155383 0.043922 -0.986877 0.105213 -0.994065 -0.027676
2.955142 -7.938967 328.013067 338.691969 -0.086727 0.993547 0.073096 0.758444 0.113422 -0.641793 0.645942 0.000221 0.763387
-0.212160 -11.512372 235.725992 -6.842547 0.062120 0.998014 -0.010406 0.929754 -0.061656 -0.362982 0.362902 -0.012873 0.931738
-0.515792 -10.624199 183.194781 134.629991 -0.084372 0.993717 0.073540 0.879348 0.108966 -0.463545 0.468646 -0.025557 0.883016
-0.525649 -1.450643 -64.275737 36.143894 0.165609 0.966596 -0.195616 0.374840 -0.245163 -0.894086 0.912178 -0.074744 0.402920
-0.382229 -2.538537 -86.406871 69.114035 0.127539 0.989504 -0.067945 0.416421 -0.115595 -0.901793 0.900182 -0.086720 0.426793
1.539457 -2.380361 -151.060791 46.223710 0.186124 0.965018 -0.184655 0.393171 -0.245388 -0.886116 0.900430 -0.092326 0.425090
0.534905 -1.677461 -138.945286 9.818023 0.231514 0.931443 -0.280740 0.348366 -0.348820 -0.870038 0.908319 -0.103625 0.405239
-0.729947 -6.405775 -3.858478 -29.400713 -0.208516 0.977954 -0.011254 0.946399 0.198859 -0.254526 0.246676 0.063723 0.967001
-0.377706 -5.458768 -8.374248 -53.383599 -0.180288 0.983543 -0.011802 0.972479 0.176434 -0.152167 0.147580 0.038911 0.988284
-0.733607 -6.377359 19.484936 -45.780186 -0.162808 0.986370 -0.023824 0.957087 0.152015 -0.246729 0.239744 0.062971 0.968792
-0.534417 -6.019772 -3.550924 -55.183594 -0.094774 0.995210 -0.023966 0.973342 0.087587 -0.211978 0.208864 0.043417 0.976981
-1.189190 -7.214264 28.569718 -61.927576 -0.188182 0.981694 -0.029412 0.926554 0.167521 -0.336800 0.325707 0.090631 0.941117
-1.020644 -7.165163 23.875523 -87.470642 -0.113430 0.992755 -0.039634 0.946883 0.095935 -0.306935 0.300909 0.072344 0.950905
0.775050 -7.174761 -178.425541 -42.755217 0.048560 0.995120 0.085896 0.843300 -0.086931 0.530366 -0.535245 -0.046682 0.843406
-0.763617 -10.072481 -12.317374 56.042698 0.298840 0.952933 0.051124 0.014899 0.048906 -0.998692 0.954187 -0.299211 -0.000418
-0.877536 -10.963133 13.889968 171.595879 0.271643 0.959241 0.077885 -0.111233 0.111679 -0.987499 0.955948 -0.259584 -0.137036
-0.791748 -9.918185 14.711233 17.466778 0.266369 0.962405 0.053148 0.059469 0.038626 -0.997483 0.962035 -0.268859 0.046945
-0.797732 -10.994035 -40.422215 110.334883 0.303729 0.950593 0.064197 -0.132901 0.108993 -0.985118 0.943444 -0.290677 -0.159439
-0.367163 -10.246147 -21.828400 -156.001236 0.304864 0.949289 0.076863 0.220942 0.008010 -0.975254 0.926414 -0.314302 0.207296
-0.275726 -9.838103 -60.483664 -19.169643 0.322921 0.944838 0.054807 0.025236 0.049292 -0.998466 0.946089 -0.323809 0.007927
2.013293 -19.737163 62.161419 -318.241836 0.271254 0.948947 -0.160998 0.221169 -0.224245 -0.949104 0.936753 -0.221840 0.270705
0.394603 -16.732298 43.931949 -214.420258 0.262145 0.955556 -0.134877 0.440734 -0.242885 -0.864153 0.858506 -0.167088 0.484818
0.615611 -18.060989 61.678716 -369.526745 0.245837 0.961415 -0.123473 0.369536 -0.210721 -0.905008 0.896107 -0.176857 0.407080
1.308622 -19.108157 87.477242 -242.259159 0.214563 0.968305 -0.127859 0.124419 -0.156938 -0.979740 0.968753 -0.194308 0.154148
2.649341 -20.260498 130.494751 27.159368 0.217405 0.967869 -0.126352 -0.119667 -0.102042 -0.987556 0.968718 -0.229820 -0.093638
2.945793 -20.721539 51.635518 -15.914570 0.312587 0.936822 -0.157017 -0.117290 -0.125969 -0.985076 0.942620 -0.326339 -0.070504
0.039869 -21.727737 -22.630163 -316.491597 0.238394 0.952478 0.189617 0.841069 -0.104866 -0.530665 0.485563 -0.285988 0.826099
-0.088686 -18.705118 42.471526 -146.894752 -0.199818 -0.952199 -0.231062 0.943257 -0.123105 -0.308400 0.265214 -0.279575 0.922767
0.024176 -19.873090 -8.188027 -173.002360 0.197082 0.953778 0.226861 0.935452 -0.113692 -0.334670 0.293409 -0.278175 0.914620
0.058900 -23.622863 7.285742 -260.672480 0.201567 0.956195 0.212276 0.906876 -0.100308 -0.409286 0.370064 -0.275007 0.887369
0.177722 -23.864158 38.180494 -424.505398 0.217573 0.959485 0.179026 0.834851 -0.087918 -0.543410 0.505655 -0.267692 0.820155
-0.193979 -11.371520 6.316420 87.180673 0.258636 0.965633 0.025706 -0.769122 0.221957 -0.599322 0.584431 -0.135235 -0.800095
-0.111857 -11.551602 -4.577413 36.063044 0.261895 0.964648 0.029428 -0.664216 0.202284 -0.719651 0.700163 -0.168927 -0.693712
-0.062774 -12.183422 36.674914 -52.706095 0.255914 0.963833 0.074397 -0.458050 0.188672 -0.868673 0.851292 -0.188228 -0.489767
3.138368 -6.999149 58.004159 -5.833533 0.003672 -0.995447 -0.095244 0.996833 0.011211 -0.078732 0.079442 -0.094653 0.992336
2.207245 -6.964028 51.964421 -9.795912 0.034470 -0.990050 -0.136427 0.993544 0.048711 -0.102462 0.108088 -0.132015 0.985337
-0.702441 -7.192320 1.450054 -57.402301 0.142893 0.982062 -0.123032 -0.897582 0.076203 -0.434212 0.417047 -0.172477 -0.892369
-0.916419 -7.341574 9.141909 -50.440335 0.146421 0.981892 -0.120205 -0.927098 0.093825 -0.362886 0.345036 -0.164576 -0.924048
-1.072924 -8.041959 1.745908 -43.468978 0.189544 0.976772 -0.099948 -0.945687 0.154231 -0.286162 0.264100 -0.148760 -0.952954
