14112
28195
-6.644525 -9.598499 -6.416848 183.485696 -0.078193 0.971813 0.222410 -0.863120 0.045654 -0.502932 0.498909 0.231292 -0.835221
-6.273347 -10.359362 31.208530 117.252574 -0.430039 0.902319 0.029788 -0.673379 -0.298601 -0.676312 0.601355 0.310899 -0.736012
-7.648848 -11.524695 83.619567 156.316675 -0.143431 0.951084 0.273618 -0.758638 0.071881 -0.647535 0.635528 0.300454 -0.711218
-6.164394 -9.037419 -18.460543 100.787447 -0.602705 0.792886 -0.089880 -0.592085 -0.519871 -0.615768 0.534960 0.317910 -0.782784
-4.882772 -13.049427 -120.119496 284.554651 0.098686 0.962771 0.251662 -0.803829 0.226206 -0.550173 0.586618 0.147999 -0.796226
-3.247933 -11.504001 -149.088924 324.898020 0.109283 0.981020 0.160177 -0.873799 0.171628 -0.454994 0.473849 0.090239 -0.875970
-4.911941 -7.194153 -71.522212 166.791684 -0.034834 0.991276 0.127114 -0.919756 0.017957 -0.392079 0.390941 0.130572 -0.911107
-5.329819 -7.127133 12.339868 -90.147090 -0.762845 0.616621 -0.194541 0.491216 0.748336 0.445758 0.420446 0.244482 -0.873758
-8.150081 -10.800786 0.909855 -43.847654 -0.167592 0.985856 0.000027 -0.343932 -0.058442 -0.937174 0.923918 0.157072 -0.348862
-10.017949 -11.706702 229.761296 11.716203 -0.243996 0.943034 0.226170 -0.553376 0.056132 -0.831038 0.796393 0.327927 -0.508156
-9.525623 -11.484707 199.086188 -72.964577 -0.319285 0.943260 0.091200 -0.264528 0.003701 -0.964371 0.909990 0.332034 -0.248337
-3.689508 -6.573258 96.976859 -13.353009 0.286675 0.953417 0.093885 -0.952389 0.294233 -0.079891 0.103793 0.066512 -0.992372
-3.631936 -6.261965 102.614629 -6.800256 0.319096 0.942732 0.097131 -0.921201 0.332609 -0.201890 0.222635 0.025055 -0.974580
-3.941142 -6.570708 -7.066453 -14.801555 0.245403 0.969213 0.020107 -0.963366 0.246132 -0.106515 0.108185 -0.006768 -0.994108
-4.105515 -6.963720 5.058396 23.458958 0.213586 0.976560 0.026675 0.976778 -0.213002 -0.023131 -0.016907 0.030996 -0.999377
-3.728617 -6.923534 79.847621 25.291751 0.241933 0.965829 0.092970 0.970127 -0.239007 -0.041589 -0.017948 0.100254 -0.994800
-0.471086 -6.477366 -41.844027 30.971396 -0.370739 0.928006 0.036848 -0.924298 -0.364801 -0.112219 0.090697 0.075662 -0.993000
-1.351672 -6.189232 -46.335648 -30.060014 -0.347915 0.935118 0.067159 0.937525 0.347151 0.023097 -0.001716 0.070999 -0.997475
-0.869546 -6.876699 -56.841603 31.679625 -0.383011 0.922639 0.045168 -0.914045 -0.371469 -0.162886 0.133506 0.103673 -0.985610
-0.374356 -7.625468 -41.462475 50.356606 -0.382710 0.922896 0.042365 -0.896244 -0.359747 -0.259477 0.224230 0.137274 -0.964820
-0.419056 -7.415615 5.918922 55.861872 -0.367959 0.927764 0.062123 -0.914959 -0.349355 -0.201990 0.165696 0.131165 -0.977415
-3.421185 -8.035949 146.119111 -2.981913 0.204061 0.978590 0.026845 -0.116031 0.051406 -0.991914 0.972058 -0.199296 -0.124037
-2.961448 -7.962079 147.141823 -48.122801 0.205441 0.978656 0.005066 0.005765 0.003966 -0.999976 0.978653 -0.205465 0.004827
-4.084419 -8.530533 44.544855 32.829810 0.263853 0.953959 -0.142633 -0.154536 -0.104155 -0.982482 0.952103 -0.281273 -0.119939
-1.265980 -6.679962 184.404642 -116.562461 0.150048 0.978926 0.138529 0.041238 0.133796 -0.990150 0.987818 -0.154283 0.020293
-4.362732 -7.868547 69.721977 75.884571 0.261514 0.963215 -0.061870 -0.260089 0.008594 -0.965546 0.929497 -0.268595 -0.252769
-3.382504 -7.734178 147.138069 68.622541 0.202630 0.979051 0.020034 -0.250555 0.071611 -0.965450 0.946659 -0.190609 -0.259816
-1.626260 -7.792469 122.859884 -21.706348 0.170315 0.982587 0.074260 -0.104334 0.092919 -0.990192 0.979851 -0.160897 -0.118343
-2.248751 -13.458277 -45.316710 265.720307 -0.082095 -0.989178 -0.121605 0.994465 -0.073278 -0.075295 0.065570 -0.127114 0.989719
-1.256253 -15.769328 35.637440 124.800257 0.043508 0.990892 0.127434 0.986847 -0.062504 0.149087 -0.155695 -0.119271 0.980578
-2.350598 -14.342408 29.842346 190.803595 -0.203997 -0.961695 -0.183104 0.978968 -0.199922 -0.040646 0.002483 -0.187545 0.982253
-3.054604 -11.728653 12.887247 322.007239 -0.257753 -0.951430 -0.168359 0.943585 -0.210379 -0.255711 0.207872 -0.224771 0.951981
-2.955166 -10.622468 43.150086 313.698693 0.150670 0.981512 0.118035 0.957597 -0.115244 -0.264060 0.245575 -0.152816 0.957257
-1.586068 -12.415039 -19.597841 -66.720457 0.429050 0.898037 -0.097192 0.353689 -0.068015 0.932887 -0.831156 0.434631 0.346807
-0.882693 -12.844675 -34.788529 -77.412267 0.398224 0.916530 -0.037279 0.323426 -0.102263 0.940711 -0.858378 0.386671 0.337153
-1.698196 -13.551549 -15.545046 -128.972536 0.445263 0.892343 -0.073922 0.467988 -0.161542 0.868845 -0.763366 0.421459 0.489535
-2.152316 -13.075034 -5.641588 -75.185941 0.477610 0.869751 -0.124186 0.508456 -0.158359 0.846401 -0.716492 0.467393 0.517864
-2.103625 -12.217483 -11.563844 -28.727087 0.468527 0.872072 -0.141326 0.396475 -0.064601 0.915770 -0.789487 0.485095 0.376022
2.087653 -4.192488 155.126142 83.435238 -0.414694 0.621915 -0.664267 0.036204 0.740694 0.670867 0.909240 0.254155 -0.329677
2.849466 -5.063456 170.782861 133.653394 -0.405753 0.639181 -0.653308 0.068429 0.734031 0.675659 0.911417 0.229446 -0.341574
3.790332 -5.975683 95.152946 122.152354 -0.360525 0.607131 -0.708106 0.038781 0.768260 0.638962 0.931943 0.202901 -0.300522
2.872508 -3.982042 115.073501 65.334964 -0.386946 0.566337 -0.727691 -0.033297 0.780069 0.624807 0.921501 0.265997 -0.282988
3.538567 -4.645646 -39.343774 60.872350 -0.271947 0.538084 -0.797816 -0.083611 0.812715 0.576632 0.958673 0.223520 -0.176025
3.900651 -6.679878 -108.520670 121.373651 -0.224528 0.602012 -0.766270 0.029200 0.790150 0.612217 0.974030 0.115085 -0.194989
0.207906 -15.203426 -5.580391 -128.696175 0.204153 0.964535 0.167315 -0.895858 0.115173 0.429155 -0.394665 0.237504 -0.887599
-0.009255 -15.170236 6.578366 -47.240708 0.197283 0.964571 0.175166 -0.876618 0.093579 0.472000 -0.438885 0.246671 -0.864022
0.122832 -14.875643 -5.271128 23.394854 0.198393 0.966660 0.161888 -0.943648 0.143747 0.298103 -0.264894 0.211907 -0.940705
3.885240 -15.188024 133.351817 -352.969314 0.767180 0.631453 -0.112702 0.597044 -0.638755 0.485315 -0.234464 0.439612 0.867046
2.952111 -12.802351 129.505682 -213.673167 0.788114 0.606404 -0.105598 0.537834 -0.594991 0.597260 -0.299352 0.527503 0.795066
1.045465 -14.410601 70.779077 -272.817028 0.733849 0.661156 -0.156007 0.646625 -0.609485 0.458698 -0.208187 0.437493 0.874790
2.176564 -18.383109 -46.458941 199.824411 0.124729 0.966907 0.222563 0.883304 -0.210377 0.418945 -0.451903 -0.144336 0.880313
2.212730 -19.877109 -56.489586 161.547278 0.114625 0.965711 0.232944 0.784070 -0.231935 0.575708 -0.609996 -0.116654 0.783771
2.490986 -20.029252 -71.106036 121.269601 0.136212 0.965837 0.220466 0.832976 -0.232124 0.502264 -0.536281 -0.115229 0.836137
-1.205257 -15.866123 -11.253971 -179.750703 -0.435949 0.898067 0.058519 -0.891977 -0.439810 0.104616 -0.119689 0.006590 -0.992790
-0.961206 -16.654313 -0.615752 -120.288493 -0.468334 0.881180 0.064689 -0.830343 -0.463973 0.308641 -0.301982 -0.090833 -0.948976
-1.333226 -15.443450 10.876961 -173.084191 -0.457558 0.884709 0.089059 -0.873031 -0.465991 0.143767 -0.168692 0.011970 -0.985596
-1.372353 -15.752451 -6.938991 -75.135713 -0.408747 0.908646 0.085369 0.912608 0.407811 0.028931 -0.008526 0.089734 -0.995929
-1.128607 -14.856432 22.624594 -268.435909 -0.478058 0.870916 0.113868 -0.852592 -0.491287 0.178112 -0.211063 0.011935 -0.977400
-1.146736 -14.436309 30.140713 47.811440 -0.435610 0.893032 0.112864 0.898371 0.439173 -0.007584 -0.056340 0.098090 -0.993582
3.468252 -2.296567 127.201790 -15.800917 -0.263298 0.040605 -0.963860 -0.382836 0.912677 0.143028 0.885500 0.406659 -0.224761
1.915582 -2.197296 116.313457 -22.654776 -0.244328 -0.117553 -0.962541 -0.422835 0.906200 -0.003341 0.872648 0.406180 -0.271116
1.941725 -1.798700 153.891475 -9.074364 -0.292571 0.043941 -0.955234 -0.359121 0.920773 0.152348 0.886247 0.387617 -0.253611
3.116102 -2.218770 150.894769 11.903173 -0.309341 0.199189 -0.929856 -0.302210 0.906534 0.294731 0.901653 0.372184 -0.220231
3.516073 -2.825214 -2.706374 1.773774 -0.200518 0.162244 -0.966162 -0.350540 0.909020 0.225400 0.914830 0.383875 -0.125402
-0.428235 -19.033493 17.186148 -472.333425 -0.455435 0.890262 -0.003578 0.494195 0.249470 -0.832788 0.740507 0.381049 0.553581
1.299703 -11.996209 109.631521 -121.803626 -0.509071 0.860155 0.031293 0.573101 0.365859 -0.733282 0.642185 0.355359 0.679204
-0.799269 -16.883629 14.185248 -335.855994 -0.425730 0.903738 -0.044848 0.514356 0.200928 -0.833706 0.744441 0.378002 0.550384
-2.845190 -75.653446 24.262238 -3087.815540 -0.178280 0.982493 0.054074 -0.843233 -0.180870 0.506206 -0.507124 -0.044650 -0.860716
-1.467624 -117.610112 77.581532 -6477.075334 -0.181569 0.982299 0.046050 -0.959103 -0.187234 0.212285 -0.217150 0.005622 -0.976122
-1.294555 -216.700302 18.816579 -13554.867634 -0.332710 0.934142 0.129159 -0.683538 -0.333243 0.649403 -0.649676 -0.127778 -0.749395
-3.722297 -6.657519 7.433234 67.428830 0.257531 0.966101 -0.018052 -0.075604 0.038772 0.996384 -0.963308 0.255235 -0.083026
-3.582884 -6.883171 9.729522 57.622639 0.313662 0.949479 0.010323 -0.090214 0.018977 0.995742 -0.945239 0.313258 -0.091609
-3.740348 -7.078775 11.826521 -22.681835 0.247581 0.968113 0.038225 -0.234911 0.021706 0.971775 -0.939958 0.249573 -0.232794
-3.434389 -5.427914 -7.149746 117.142276 0.271727 0.946504 -0.174054 0.092465 0.154345 0.983681 -0.957922 0.283386 0.045579
-3.452726 -5.689743 -32.412417 101.554756 0.189743 0.953865 -0.232676 0.050775 0.227131 0.972540 -0.980520 0.196347 0.005336
5.179005 0.173698 -95.139797 -47.768799 0.291630 0.194641 -0.936518 0.049740 0.974667 0.218059 0.955237 -0.110175 0.274561
5.951042 0.891414 31.951817 -61.288622 0.140898 0.069236 -0.987600 0.077151 0.993750 0.080674 0.987013 -0.087561 0.134676
4.506783 0.906514 -5.365952 35.376427 0.263771 0.436493 -0.860174 -0.048861 0.896656 0.440023 0.963347 -0.074036 0.257839
-15.085314 -51.802958 -105.000399 1952.074536 0.853816 0.140567 0.501238 -0.367273 0.845026 0.388640 0.368929 0.515918 -0.773123
-20.334602 -57.274282 -109.980530 2209.043661 0.830069 -0.259545 0.493581 -0.182294 0.710179 0.680011 0.527024 0.654433 -0.542184
-67.967678 -290.562013 3529.661157 19692.485410 -0.923971 0.375600 -0.072129 0.372067 0.926398 0.057899 0.088567 0.026661 -0.995713
-13.252744 -46.084029 -40.158815 1956.411927 0.839604 -0.363145 0.403969 -0.166674 0.535583 0.827871 0.516996 0.762415 -0.389151
-32.573076 -462.108655 -1177.702461 -19784.816326 0.871091 -0.465720 0.155900 0.490552 0.809798 -0.321847 -0.023643 -0.356835 -0.933868
-15.350248 -71.664268 -244.249431 2733.347105 0.877983 -0.466557 0.107106 0.190392 0.545638 0.816106 0.439201 0.696135 -0.567890
-7.178008 -157.900521 -410.546498 7735.772228 0.818729 -0.573848 -0.019513 0.242956 0.315442 0.917316 0.520245 0.755774 -0.397682
-19.842331 -62.880587 -326.675352 2659.548687 -0.586163 0.648255 0.485981 0.556848 0.758049 -0.339531 -0.588500 0.071597 -0.805321
-26.329223 -47.207319 -374.319521 -720.466971 -0.401968 0.759680 0.511183 -0.330201 -0.640972 0.692909 -0.854043 -0.109734 -0.508497
-33.279772 -78.416261 -593.354703 -3396.759154 -0.360455 0.718694 0.594601 -0.680425 -0.638622 0.359421 -0.638039 0.275027 -0.719212
-15.378711 -39.998927 -468.204063 20.923590 -0.683902 0.577644 0.445651 0.228169 0.749542 -0.621390 -0.692976 -0.323286 -0.644414
-0.152425 -9.968871 -591.070123 527.982620 0.251090 0.967924 -0.008812 0.319654 -0.091507 -0.943105 0.913660 -0.233987 0.332378
1.723972 -11.429317 -551.381696 172.771622 0.235286 0.971879 -0.009548 0.522939 -0.134868 -0.841633 0.819253 -0.193031 0.539966
3.066087 -8.640062 -239.897509 403.630420 0.058512 0.997139 0.047860 0.426122 0.018408 -0.904479 0.902772 -0.073317 0.423825
5.270691 -5.395044 -429.091177 353.841380 0.002898 0.952893 0.303293 0.187053 0.297424 -0.936243 0.982346 -0.059445 0.177379
-1.725739 -9.559042 -1111.782545 229.162809 0.334945 0.931964 0.138763 0.210423 0.069565 -0.975132 0.918441 -0.355814 0.172806
-5.325091 -9.870260 -23.025758 48.695741 0.982435 -0.126438 -0.137238 0.108696 -0.210046 0.971631 0.151677 0.969481 0.192613
-5.275608 -9.501700 9.619190 46.875016 0.993199 -0.016934 -0.115187 0.109506 -0.200110 0.973635 0.039537 0.979627 0.196894
-5.226856 -9.385919 -16.038450 37.210259 0.974569 -0.092231 -0.204226 0.159081 -0.357112 0.920415 0.157823 0.929497 0.333358
5.403162 -10.742355 12.606523 283.817399 0.326300 -0.580956 -0.745666 0.266648 0.813377 -0.517026 0.906878 -0.030125 0.420316
6.726172 -12.607344 125.481812 203.634422 0.335576 -0.561638 -0.756275 0.449853 0.800915 -0.395179 0.827660 -0.207600 0.521422
5.018556 -12.313441 -116.069513 287.339150 0.409444 -0.667978 -0.621418 0.414224 0.742986 -0.525728 0.812880 -0.042151 0.580904
4.739778 -8.195828 -126.703261 246.315863 0.413097 -0.634277 -0.653486 0.258220 0.769704 -0.583847 0.873312 0.072442 0.481746
4.580026 -13.766221 174.223014 164.565087 -0.373161 0.765884 0.523615 0.628059 0.623934 -0.465025 0.682857 -0.155332 0.713848
2.574808 -10.816148 145.016627 280.509541 -0.413729 0.734147 0.538382 0.405493 0.678071 -0.613021 0.815109 0.035314 0.578230
3.958496 -8.905164 -173.890746 282.303581 0.439702 -0.672898 -0.594870 0.308461 0.735186 -0.603617 0.843513 0.081917 0.530826
-1.220182 -8.161203 -30.407473 45.155880 -0.090908 0.971745 0.217822 0.963731 0.030735 0.265101 -0.250916 -0.234022 0.939295
-2.434409 -8.720034 66.149376 55.916928 0.165335 -0.968705 -0.185137 0.961608 0.116650 0.248399 -0.219029 -0.219098 0.950801
-1.246434 -8.882555 -36.036777 -5.557790 -0.037010 0.971584 0.233785 0.921541 -0.057302 0.384029 -0.386512 -0.229655 0.893234
-0.576547 -8.236460 -24.857538 7.713587 0.003050 0.966336 0.257266 0.927010 -0.099214 0.361675 -0.375024 -0.237385 0.896106
-0.555744 -8.671386 -34.595524 -29.745262 0.024213 0.962036 0.271845 0.861411 -0.158074 0.482684 -0.507331 -0.222483 0.832536
-0.438189 -8.332930 -20.042650 -37.809927 0.055447 0.956827 0.285319 0.854515 -0.193285 0.482125 -0.516458 -0.217077 0.828341
-1.229841 -9.276447 -31.224019 -52.335244 -0.039271 0.974411 0.221319 0.883767 -0.069485 0.462739 -0.466276 -0.213766 0.858423
-1.076456 -6.969125 37.554096 115.494918 0.039656 0.972390 -0.229970 0.736918 -0.183893 -0.650489 0.674818 0.143673 0.723864
-0.916757 -6.601073 11.162385 109.486838 0.086305 0.958455 -0.271874 0.739385 -0.244521 -0.627311 0.667729 0.146880 0.729770
-1.428326 -8.246362 20.209157 81.096935 0.006615 0.979626 -0.200721 0.841317 -0.113947 -0.528395 0.540501 0.165374 0.824930
-1.654548 -8.542281 10.382447 71.299869 -0.004013 0.989167 -0.146739 0.851020 -0.073678 -0.519939 0.525118 0.126965 0.841505
-0.202327 -9.530826 -4.917193 -46.943173 0.047055 0.983344 -0.175559 -0.935284 0.105088 0.337937 -0.350757 -0.148296 -0.924650
-0.234448 -9.092385 0.239438 -38.746981 0.072255 0.982430 -0.172079 -0.942017 0.123906 0.311850 -0.327692 -0.139569 -0.934419
-0.041152 -8.784262 -9.319758 -41.845651 0.074921 0.979199 -0.188563 -0.979710 0.107530 0.169132 -0.185890 -0.172066 -0.967387
0.187358 -9.259499 -13.602982 -46.258719 0.038940 0.982637 -0.181407 -0.976012 0.076320 0.203900 -0.214205 -0.169115 -0.962038
0.407491 -8.539122 -14.803415 46.652535 0.064681 0.980257 -0.186850 0.996542 -0.073236 -0.039242 -0.052152 -0.183666 -0.981604
0.080433 -8.141666 -12.049379 38.228565 0.102440 0.975908 -0.192640 0.994364 -0.105783 -0.007121 -0.027328 -0.190825 -0.981244
5.300448 -10.364076 127.734971 48.777693 0.642104 0.766127 0.027402 -0.605661 0.485054 0.630791 -0.469975 0.421630 -0.775469
3.143456 -11.774594 115.641932 79.984639 0.633809 0.760602 0.140605 0.672903 -0.452560 -0.585143 -0.381429 0.465483 -0.798648
4.700398 -10.347499 141.625941 -214.673624 0.633667 0.770369 0.070690 -0.587464 0.419730 0.691891 -0.503341 0.479956 -0.718533
6.223092 -8.520567 106.170928 -137.284131 0.588837 0.806282 -0.056393 -0.534193 0.440589 0.721470 -0.606555 0.394704 -0.690145
0.188868 -14.328402 -12.393997 -288.597770 0.424103 0.905608 0.003271 -0.530244 0.251242 -0.809764 0.734151 -0.341688 -0.586746
-0.147999 -11.431370 -14.849783 -180.572906 0.442216 0.896338 0.031975 -0.359973 0.210023 -0.909016 0.821501 -0.390472 -0.415533
0.256651 -12.340182 -19.532110 -187.863529 0.433815 0.900821 0.018057 -0.377012 0.199690 -0.904426 0.818332 -0.385546 -0.426249
-2.628742 -4.291167 -61.022828 -2.200329 -0.244606 -0.498405 0.831721 0.005213 0.857090 0.515140 -0.969609 0.130342 -0.207051
-3.363462 -4.863419 22.311090 -30.045573 0.185233 0.875727 -0.445860 -0.028565 0.458318 0.888329 -0.982279 0.151812 -0.109910
-2.615882 -4.022114 -53.585000 9.034545 -0.263318 -0.527905 0.807453 0.066685 0.825028 0.561143 -0.962401 0.201604 -0.182042
-1.343297 -3.853867 -53.273868 10.336752 -0.259866 -0.258418 0.930425 0.104387 0.950363 0.293111 -0.959986 0.173293 -0.219991
0.618731 -4.333549 88.419274 -82.616803 0.152931 0.988146 0.013402 0.705176 -0.099615 -0.702000 0.692343 -0.116808 0.712051
-0.797823 -4.515637 127.812297 -86.167606 0.172320 0.984801 -0.021745 0.700709 -0.138065 -0.699960 0.692324 -0.105380 0.713851
0.294367 -5.707667 92.286177 -76.856306 0.184222 0.982594 -0.023889 0.628005 -0.136368 -0.766168 0.756090 -0.126143 0.642196
1.172596 -5.420301 38.564868 -66.416911 0.187029 0.982287 0.011506 0.628667 -0.110683 -0.769758 0.754850 -0.151200 0.638232
-0.137850 -6.775603 76.847689 -68.916811 0.208909 0.976045 -0.060771 0.533471 -0.165823 -0.829405 0.819614 -0.140850 0.555333
0.929519 -6.337924 47.126333 -59.159268 0.203058 0.978905 -0.022639 0.550676 -0.133286 -0.824009 0.809644 -0.154855 0.566124
-2.718126 -4.495719 -61.410494 -23.249252 0.110417 0.970297 0.215251 0.412136 -0.241777 0.878458 -0.904407 0.008284 0.426591
-3.060810 -4.240915 -49.223106 14.285249 0.048990 0.998759 0.008936 0.388512 -0.027297 0.921039 -0.920141 0.041650 0.389367
-2.317115 -4.587282 -78.914379 -9.505223 0.045081 0.989196 0.139494 0.367584 -0.146265 0.918416 -0.928897 -0.009873 0.370207
-1.677372 -4.911687 -65.055250 -45.924933 0.080968 0.964759 0.250369 0.404743 -0.261376 0.876280 -0.910839 -0.030384 0.411642
-1.142756 -8.602447 -5.119146 69.406036 0.111154 0.974611 -0.194365 0.318633 -0.220202 -0.921946 0.941338 -0.040547 0.335020
-0.979528 -9.169020 -5.397163 74.327314 0.119242 0.983605 -0.135289 0.303390 -0.165840 -0.938324 0.945376 -0.070842 0.318191
-0.472067 -7.650093 18.162032 72.720481 0.118580 0.951621 -0.283471 0.127133 -0.297686 -0.946161 0.984772 -0.076157 0.156282
-1.254503 -9.890953 -13.328397 25.033663 0.103782 0.991652 -0.076528 0.517115 -0.119525 -0.847529 0.849601 -0.048384 0.525202
-0.481253 -7.333809 23.091277 61.145569 0.117537 0.922484 -0.367706 0.157070 -0.382881 -0.910347 0.980568 -0.049244 0.189898
-1.367536 -9.127097 -9.697724 18.542655 0.075238 0.991574 -0.105448 0.529350 -0.129334 -0.838487 0.845061 -0.007267 0.534621
-1.201082 -7.813310 4.585561 49.985854 0.093237 0.964399 -0.247469 0.346564 -0.264444 -0.899979 0.933381 0.001852 0.358882
-0.399531 -22.427062 -32.657899 270.150124 -0.222624 0.974228 -0.036304 0.090268 -0.016480 -0.995781 0.970716 0.224962 0.084272
-0.106835 -21.966630 -3.047171 171.581293 -0.250816 0.967039 -0.043891 0.094519 -0.020659 -0.995309 0.963409 0.253788 0.086222
-0.663402 -19.035149 -3.001496 164.722721 -0.241127 0.969019 -0.053478 -0.137857 -0.088745 -0.986468 0.960652 0.230492 -0.154985
-0.782626 -19.865040 -20.029111 236.538570 -0.240407 0.969949 -0.037457 -0.051017 -0.051161 -0.997386 0.969331 0.237867 -0.061783
-0.634376 -23.163073 -3.297519 302.949466 -0.258241 0.965407 -0.036064 0.128515 -0.002669 -0.991704 0.957494 0.260734 0.123380
41.396615 -19.233326 2758.193531 -462.897409 0.184486 0.785991 -0.590070 -0.461660 -0.460718 -0.758029 0.867661 -0.412257 -0.277865
14.551547 -28.846181 923.896153 -1334.049580 0.282439 0.933137 -0.222447 -0.244118 -0.154338 -0.957385 0.927704 -0.324706 -0.184205
38.483984 -31.620901 3278.780165 -601.620942 0.115361 0.973170 -0.199079 -0.617762 -0.086655 -0.781576 0.777857 -0.213147 -0.591191
43.429503 -3.017742 3625.223606 501.561868 0.196225 0.469422 -0.860894 0.305983 0.804808 0.508584 0.931595 -0.363216 0.014288
56.455476 -34.174053 3478.745947 1242.417870 0.148148 0.955889 -0.253630 -0.813958 -0.027812 -0.580258 0.561716 -0.292408 -0.773933
13.863136 -8.246470 849.909077 251.477518 0.379006 0.623288 -0.684008 0.287414 0.623314 0.727237 0.879629 -0.472221 0.057098
145.958000 -5.875904 9600.572996 -240.007273 -0.003158 0.288445 -0.957491 0.574814 0.784025 0.234292 0.818278 -0.549640 -0.168278
0.067374 -36.989416 1.131591 482.634473 -0.460699 0.880375 -0.112680 0.346623 0.295337 0.890297 -0.817073 -0.371101 0.441220
-0.876721 -34.869787 -32.818038 312.481675 -0.484946 0.867199 -0.113106 0.163508 0.216957 0.962390 -0.859123 -0.448214 0.247006
-0.189485 -39.102313 -12.645437 387.243830 -0.472490 0.871811 -0.129223 -0.010759 0.140906 0.989965 -0.881270 -0.469139 0.057197
-0.739664 -36.626001 -21.337595 222.894698 -0.479836 0.862601 -0.160240 -0.227796 0.053888 0.972217 -0.847270 -0.503006 -0.170640
0.210058 -39.062263 -36.874983 428.766404 -0.500643 0.857085 -0.121498 0.116564 0.205822 0.971622 -0.857770 -0.472274 0.202949
0.308784 -6.471970 -59.205168 -47.234518 0.094375 0.939253 0.329996 0.398452 -0.339405 0.852080 -0.912321 -0.051072 0.406279
-0.082238 -6.566417 -48.605731 -50.290137 0.088780 0.939595 0.330575 0.399801 -0.337592 0.852168 -0.912292 -0.056508 0.405622
0.216785 -5.751161 -53.454756 -59.688350 0.098930 0.937048 0.334893 0.291320 -0.349072 0.890663 -0.951497 -0.009448 0.307514
-0.223627 -5.792674 -53.208889 -65.120548 0.084490 0.944084 0.318697 0.288434 -0.329320 0.899085 -0.953765 -0.015959 0.300130
-0.704342 -7.920624 -24.786921 -65.966528 0.059801 0.963835 0.259702 0.629971 -0.238253 0.739170 -0.774313 -0.119401 0.621436
-0.873894 -6.657423 -46.679385 -62.764154 0.080117 0.957186 0.278167 0.539392 -0.276307 0.795431 -0.838235 -0.086314 0.538435
-0.057002 -6.763558 -39.274094 -57.954006 0.084384 0.948324 0.305877 0.555086 -0.299668 0.775937 -0.827501 -0.104311 0.551689
0.186639 -6.057428 -42.027476 -46.040691 0.076434 0.953761 0.290684 0.473763 -0.291264 0.831092 -0.877329 -0.074191 0.474119
0.316688 -6.589056 -9.682332 -36.961030 0.106729 0.949034 0.296553 0.518243 -0.307636 0.797988 -0.848548 -0.068518 0.524663
-3.184527 -6.149013 19.105617 -18.297592 0.167063 0.985167 -0.039197 0.122209 0.018757 0.992327 -0.978343 0.170572 0.117263
-3.416816 -5.706258 17.015851 -37.595501 0.158090 0.974502 -0.159228 0.029960 0.156448 0.987232 -0.986970 0.160842 0.004463
-3.340214 -6.375695 -5.461637 -6.866395 0.083054 0.987893 -0.131033 0.145035 0.118105 0.982352 -0.985935 0.100593 0.133470
-3.256052 -5.490251 26.949940 -46.982975 0.228786 0.972894 -0.033675 0.019040 0.030114 0.999365 -0.973290 0.229282 0.011634
3.522165 -6.945283 88.276303 98.804314 0.365722 0.929171 -0.053735 -0.849295 0.309552 -0.427639 0.380716 -0.202034 -0.902351
3.111209 -7.640220 140.205953 86.145910 0.310333 0.948630 -0.061590 -0.834742 0.240929 -0.495136 0.454862 -0.205069 -0.866630
1.723424 -6.319106 59.704367 92.395070 0.299296 0.952247 -0.060393 -0.884889 0.253335 -0.390887 0.356921 -0.170432 -0.918455
0.558623 -20.799451 8.691158 8.340492 0.202773 0.971597 0.121992 0.642504 -0.226023 0.732190 -0.738966 0.070088 0.670087
0.007718 -18.735802 6.166772 -388.774998 0.196663 0.971248 0.134168 0.482439 -0.214986 0.849137 -0.853567 0.102266 0.510848
0.077739 -19.817224 25.108695 -320.846890 0.174417 0.983114 0.055368 0.598923 -0.150553 0.786527 -0.781582 0.104022 0.615068
0.504824 -21.453241 26.612108 302.681130 0.176181 0.982905 0.053465 0.795961 -0.174208 0.579739 -0.579142 0.059583 0.813046
14.538753 -58.810229 94.089630 -1980.044143 -0.470091 0.845253 -0.254091 0.717693 0.198501 -0.667468 0.513742 0.496130 0.699946
13.248126 -45.340380 -223.106922 1414.305077 0.589698 -0.745275 0.311162 -0.583147 -0.126370 0.802477 0.558745 0.654672 0.509125
12.937745 -45.670182 65.667128 -709.539037 -0.490898 0.842223 -0.222890 0.388963 -0.017051 -0.921095 0.779568 0.538860 0.319223
-6.382476 -33.578406 143.888597 -653.397582 0.963484 0.023698 0.266714 0.213985 0.530622 -0.820153 0.160961 -0.847277 -0.506175
-3.993006 -29.416183 150.888390 -221.038602 0.938489 0.088995 0.333644 0.208771 0.623392 -0.753523 0.275051 -0.776828 -0.566467
-4.885617 -40.329295 107.831447 -1354.454836 0.960083 0.040155 0.276819 0.259921 0.237599 -0.935942 0.103355 -0.970533 -0.217678
-9.507299 -49.408437 272.929062 -1609.586476 0.957307 -0.054305 0.283927 0.289053 0.191443 -0.937975 0.003419 -0.980000 -0.198966
-7.647193 -11.586500 70.135455 72.825475 -0.380918 0.920909 0.082632 -0.592189 -0.174359 -0.786709 0.710080 0.348605 -0.611769
-6.323992 -10.977145 -48.080418 114.037909 -0.496095 0.867476 0.037084 -0.591409 -0.306329 -0.745921 0.635708 0.391980 -0.665001
-2.898120 -8.357139 3.672499 -110.681942 -0.335177 0.866735 -0.369361 -0.622492 -0.498007 -0.603732 0.707220 -0.027567 -0.706456
-2.524148 -9.449393 -2.764091 -42.243608 -0.302762 0.904606 -0.300038 -0.711676 -0.423977 -0.560144 0.633919 -0.043939 -0.772150
-2.447528 -6.474371 17.200528 -312.953623 -0.410587 0.804684 -0.428839 -0.446689 -0.587517 -0.674754 0.794914 0.085487 -0.600670
-3.342568 -9.939705 8.880078 17.019009 -0.298835 0.896770 -0.326345 -0.766423 -0.429283 -0.477819 0.568588 -0.107329 -0.815590
-3.581304 -6.211445 -43.932935 -9.694122 0.264042 0.964447 0.011139 -0.937362 0.259314 -0.232612 0.227230 -0.050978 -0.972506
-3.511418 -5.994332 103.716972 -8.279607 0.319462 0.942668 0.096551 -0.884972 0.333222 -0.325251 0.338776 -0.018461 -0.940686
-1.980151 -6.558820 -40.489721 -29.422508 -0.333367 0.937985 0.095137 0.942241 0.328006 0.067778 0.032369 0.112237 -0.993154
-2.437552 -6.089079 -38.416453 -26.683770 -0.280032 0.953198 0.114001 0.955725 0.287997 -0.060394 -0.090399 0.092041 -0.991643
-1.264802 -5.603244 185.431321 -176.283955 0.146777 0.977907 0.148842 0.142120 0.128062 -0.981530 0.978907 -0.165219 0.120184
0.146729 -17.809667 18.170644 76.899921 0.000600 0.991705 0.128537 0.931374 -0.047349 0.360971 -0.364062 -0.119500 0.923677
-0.107229 -16.567464 66.609692 120.772922 -0.087553 0.993218 0.076503 0.961908 0.064328 0.265697 -0.258974 -0.096851 0.961016
1.307715 -18.138965 51.936101 97.810416 -0.140885 0.987642 0.068662 0.877859 0.092558 0.469890 -0.457727 -0.126476 0.880051
-0.379684 -13.890910 -48.628943 188.320137 0.131971 -0.988763 -0.070222 0.989316 0.126955 0.071662 -0.061942 -0.078929 0.994954
0.597901 -15.942098 31.661485 137.079139 -0.187920 0.979572 0.071583 0.946788 0.161277 0.278538 -0.261303 -0.120116 0.957754
-0.059849 -13.306605 -31.075169 -72.754138 0.407873 0.912993 -0.009151 0.315443 -0.131502 0.939789 -0.856817 0.386201 0.341633
-0.077009 -12.460415 -33.023955 -18.502229 0.396537 0.917375 -0.034382 0.182886 -0.042240 0.982226 -0.899617 0.395777 0.184525
0.515734 -13.369084 -17.112462 7.764331 0.420751 0.906467 -0.035857 0.198636 -0.053489 0.978613 -0.885162 0.418874 0.202563
0.123339 -13.083180 -24.676138 38.721252 0.399763 0.914005 -0.069168 0.059942 0.049230 0.996987 -0.914657 0.402704 0.035107
-0.539545 -12.163738 -36.333679 9.506475 0.386842 0.918687 -0.079792 0.053302 0.064108 0.996518 -0.920604 0.389749 0.024169
1.377615 -5.289471 -95.389473 13.819472 0.512804 0.858208 0.022587 -0.616061 0.386183 -0.686536 0.597913 -0.338144 -0.726745
-0.179101 -5.511787 -152.597966 51.638429 0.547484 0.836535 0.021696 -0.630795 0.429593 -0.646180 0.549872 -0.340087 -0.762877
0.187168 -5.583699 -196.926856 23.136113 0.539465 0.842002 0.003287 -0.607104 0.391667 -0.691391 0.583440 -0.370985 -0.722474
0.551581 -15.374621 -19.041980 -106.564468 0.178458 0.970156 0.164162 0.979631 -0.159575 -0.121895 -0.092061 0.182572 -0.978873
0.948438 -16.882167 -41.932378 -248.723361 0.180450 0.970350 0.160804 0.982201 -0.186438 0.022834 0.052137 0.153821 -0.986722
0.994643 -14.774543 -49.212564 -152.731789 0.177500 0.972452 0.151102 0.979415 -0.159559 -0.123639 -0.096123 0.169938 -0.980756
-0.064009 -15.901694 -43.284718 -200.208706 -0.685661 -0.707677 0.170479 0.724008 -0.638757 0.260386 -0.075375 0.301964 0.950335
-0.730576 -17.038602 -34.387520 -97.062203 -0.643997 -0.743411 0.180577 0.760300 -0.648134 0.043200 0.084923 0.165114 0.982612
0.648402 -17.420889 -61.103487 -10.689826 -0.684750 -0.704297 0.187307 0.720025 -0.693514 0.024547 0.112612 0.151674 0.981995
-0.842357 -21.707783 104.680816 -168.955286 -0.569094 -0.804761 -0.168796 0.692201 -0.358065 -0.626616 0.443836 -0.473444 0.760829
0.247719 -21.456676 79.528205 -425.918030 -0.526204 -0.827289 -0.196730 0.813537 -0.422420 -0.399648 0.247522 -0.370343 0.895309
3.080235 -22.167150 307.151523 -2.943280 -0.542135 -0.816411 -0.198903 0.697866 -0.305602 -0.647758 0.468052 -0.489980 0.735423
-1.370728 -19.535599 24.096660 -386.503671 -0.503695 -0.841335 -0.196078 0.824103 -0.399880 -0.401186 0.259124 -0.363664 0.894764
2.251883 -21.722635 -351.877137 228.813077 0.582590 0.788725 0.196219 0.557254 -0.211880 -0.802854 0.591656 -0.577079 0.562959
-2.781924 -20.631359 16.311853 -130.616083 0.517999 0.841756 0.152067 0.709843 -0.323822 -0.625509 0.477283 -0.431957 0.765254
-2.091222 -21.756358 -102.273308 64.906270 0.567539 0.809194 0.152001 0.567409 -0.250622 -0.784370 0.596613 -0.531407 0.601381
-1.213088 -17.668080 -30.170753 -152.837887 -0.455668 0.890147 0.002373 -0.856617 -0.439225 0.270718 -0.242021 -0.121325 -0.962656
0.152066 -1.925239 38.508108 7.132419 -0.151239 -0.303478 -0.940759 -0.435970 0.874621 -0.212055 0.887162 0.378072 -0.264584
-0.306764 -16.422272 80.794188 306.613935 -0.538002 0.838500 0.086443 0.783595 0.535285 -0.315355 0.310697 0.101925 0.945029
-0.645093 -13.182182 76.781467 191.425844 -0.547365 0.832314 0.087431 0.714965 0.519360 -0.468070 0.434990 0.193695 0.879355
0.887093 -15.370980 115.902504 301.613476 -0.546026 0.834520 0.073696 0.717732 0.511350 -0.472633 0.432106 0.205176 0.878173
-2.403015 -7.333972 -2.972860 -75.661335 0.037403 0.444458 0.895019 0.910704 0.353532 -0.213619 -0.411362 0.823087 -0.391546
-3.103040 -6.208903 5.764504 -12.777625 0.072332 0.441493 0.894344 0.842543 0.452819 -0.291676 -0.533750 0.774621 -0.339224
-2.837028 -6.404069 -7.992018 -35.239966 0.162760 0.453146 0.876452 0.864003 0.363493 -0.348383 -0.476453 0.813960 -0.332358
-3.098529 -6.127912 15.439217 3.243359 0.239574 0.459458 0.855279 0.781328 0.431677 -0.450757 -0.576308 0.776243 -0.255569
-2.831733 -6.086630 9.353173 -6.939489 0.289885 0.454703 0.842147 0.794242 0.376661 -0.476766 -0.533991 0.807076 -0.251956
-3.510012 -7.151781 9.980011 -28.576051 0.324225 0.945964 0.005527 -0.217180 0.068749 0.973708 -0.920712 0.316901 -0.227734
-3.378680 -6.899391 10.120918 41.944119 0.369525 0.929123 0.013494 -0.086895 0.020094 0.996015 -0.925149 0.369225 -0.088162
-3.428919 -5.918124 1.127183 126.616387 0.348740 0.937198 -0.006310 0.040086 -0.008189 0.999163 -0.936362 0.348701 0.040424
6.391576 -0.368734 61.213129 -77.525401 0.132882 0.029527 -0.990692 0.100534 0.993999 0.043110 0.986020 -0.105327 0.129117
5.058177 0.280699 152.903881 -64.990140 -0.017987 -0.098731 -0.994952 0.103615 0.989570 -0.100071 0.994455 -0.104892 -0.007569
4.032541 1.129444 41.221678 13.041595 -0.011549 -0.333256 -0.942766 0.064067 0.940645 -0.333291 0.997879 -0.064249 0.010488
-1.121513 -17.283940 32.198410 39.649091 0.611308 0.773309 -0.168211 0.747656 -0.634009 -0.197592 0.259448 0.004974 0.965744
-1.501056 -16.993964 -25.924873 -132.738576 -0.612177 -0.774446 0.159603 0.788843 -0.612054 0.055818 0.054458 0.160072 0.985602
-35.241923 -88.051158 1031.558280 -4769.426632 -0.760735 0.610770 -0.219640 -0.151502 -0.496140 -0.854922 0.631133 0.617093 -0.469964
-25.426692 -61.495286 -1315.825144 1813.873898 -0.003436 -0.374372 -0.927272 -0.453013 0.827253 -0.332312 0.891497 0.418924 -0.172438
-41.699115 -70.436616 996.850697 -2462.082496 0.111822 0.979715 -0.166298 -0.372229 0.196459 0.907110 -0.921380 0.039534 -0.386646
-48.356004 -97.599754 -809.407742 -3294.180570 -0.426068 0.883495 -0.194684 -0.165586 0.135402 0.976856 -0.889408 -0.448444 -0.088604
-27.825893 -53.117127 -982.623377 1513.623707 -0.628551 0.667410 0.399360 0.008640 -0.507445 0.861641 -0.777721 -0.545035 -0.313189
-0.045875 -20.999901 -97.012162 104.759218 0.780917 0.621990 0.057415 -0.134994 0.257801 -0.956721 0.609873 -0.739369 -0.285286
-0.644211 -21.674159 -150.697969 -268.887985 0.798203 0.596656 0.082900 0.096124 0.009697 -0.995322 0.594669 -0.802438 0.049613
0.515772 -21.233798 -68.845018 -72.800281 0.761739 0.644184 0.069146 0.021975 0.080974 -0.996474 0.647511 -0.760572 -0.047525
0.269797 -11.841240 -193.719326 -141.522456 0.103195 0.994583 -0.012479 0.715710 -0.082961 -0.693453 0.690731 -0.062629 0.720394
2.774161 -11.222184 -186.687995 53.925129 0.009950 0.999933 0.005888 0.593501 -0.001166 -0.804832 0.804771 -0.011502 0.593473
-1.559933 -12.634038 -347.471406 -189.391782 0.202532 0.977585 -0.057528 0.676242 -0.182107 -0.713816 0.708292 -0.105668 0.697966
5.067189 -11.502263 241.279083 371.868839 0.252062 -0.552742 -0.794318 0.307121 0.824080 -0.475993 0.917683 -0.123972 0.377478
3.310401 -11.002522 232.528861 143.166757 0.276271 -0.441974 -0.853424 0.353241 0.872527 -0.337515 0.893809 -0.208219 0.397178
7.286398 -10.280340 316.901700 7.868093 0.302319 -0.378228 -0.874955 0.499976 0.844425 -0.192276 0.811558 -0.379328 0.444390
12.194975 -10.622746 -180.532145 -231.089495 0.489427 -0.503968 -0.711673 0.645387 0.758167 -0.093051 0.586462 -0.413763 0.696321
-3.448542 -7.735832 73.069321 115.231361 0.306030 -0.942674 -0.133081 0.949139 0.291238 0.119647 -0.074030 -0.162928 0.983857
-3.579915 -9.420741 84.575802 105.383612 0.290605 -0.948724 -0.124383 0.942058 0.260923 0.210824 -0.167559 -0.178442 0.969578
-0.438133 -5.024112 15.160171 102.450002 0.165998 0.928583 -0.331933 0.633355 -0.358393 -0.685868 0.755848 0.096379 0.647615
-0.200552 -4.780926 -14.205163 88.881434 0.228935 0.897621 -0.376650 0.642445 -0.430016 -0.634311 0.731337 0.096761 0.675118
-0.827244 -6.285983 6.509173 84.442660 0.137489 0.934474 -0.328412 0.748515 -0.315171 -0.583432 0.648708 0.165606 0.742800
-0.309622 -9.690237 6.994497 -30.671111 0.048453 0.987145 -0.152306 -0.864134 0.117902 0.489256 -0.500924 -0.107907 -0.858738
0.055341 -9.221914 12.812266 -24.797867 0.049035 0.988609 -0.142296 -0.877175 0.110758 0.467222 -0.477660 -0.101908 -0.872614
-0.101618 -8.653578 5.137570 -33.219059 0.068413 0.984878 -0.159168 -0.951186 0.112516 0.287377 -0.300941 -0.131738 -0.944500
3.708817 -12.731190 101.203630 -217.679825 0.631403 0.766292 0.118856 0.700575 -0.497982 -0.511085 -0.332452 0.405969 -0.851273
1.854737 -12.602686 86.367931 -68.768097 0.611744 0.766122 0.197044 0.746268 -0.476293 -0.465004 -0.262399 0.431511 -0.863102
1.057970 -12.905421 67.570476 132.632745 0.591379 0.778465 0.210388 0.723494 -0.396985 -0.564765 -0.356129 0.486205 -0.797983
1.201751 -13.977822 -24.700284 -207.431706 0.368096 0.929634 -0.016911 -0.590328 0.219616 -0.776712 0.718344 -0.295888 -0.629628
1.525089 -13.650053 -28.064313 43.588760 0.328106 0.944522 -0.014998 -0.755143 0.252715 -0.604892 0.567543 -0.209794 -0.796167
0.844765 -14.874290 -15.084398 -83.555777 0.389676 0.920950 -0.001658 -0.718958 0.303083 -0.625492 0.575544 -0.244931 -0.780229
-3.481910 -5.110070 17.906236 -30.309441 0.132578 0.833371 -0.536578 -0.067955 0.547726 0.833894 -0.988840 0.074093 -0.129248
-3.564466 -5.928316 0.076205 -26.825288 0.082546 0.959487 -0.269392 0.022195 0.268477 0.963030 -0.996340 0.085473 -0.000866
-0.316041 -3.076474 119.266677 -71.988929 0.100392 0.993951 0.044539 0.758361 -0.047465 -0.650104 0.644057 -0.099042 0.758539
-2.943598 -3.977554 21.874741 -14.056234 0.268295 0.890451 0.367581 0.358384 -0.446443 0.819909 -0.894192 0.088243 0.438901
-3.225322 -4.238399 -13.653498 23.815753 0.094664 0.995269 -0.021872 0.365749 -0.014337 0.930603 -0.925887 0.096094 0.365376
-0.542281 -7.961171 10.628867 73.473406 0.123441 0.971273 -0.203447 0.104873 -0.216635 -0.970603 0.986795 -0.098476 0.128602
-1.140662 -30.184532 -60.277422 238.496498 -0.512536 0.847781 -0.136286 -0.031221 0.140215 0.989629 -0.858098 -0.511475 0.045397
-0.921623 -23.257829 -11.193803 185.131249 -0.461203 0.875648 -0.143287 0.014799 0.169056 0.985495 -0.887171 -0.452393 0.090928
-0.855480 -26.062893 -6.446020 71.178491 -0.456393 0.872211 -0.175936 -0.200247 0.091973 0.975419 -0.866952 -0.480405 -0.132682
-1.048771 -24.444626 -32.974360 324.535773 -0.473964 0.873926 -0.107759 0.208489 0.230276 0.950529 -0.855506 -0.428050 0.291346
-1.097431 -28.730928 -45.199130 287.480185 -0.487307 0.870766 -0.065560 0.320446 0.248160 0.914183 -0.812309 -0.424480 0.399964
-0.144226 -19.675856 13.781642 35.297143 -0.260962 0.963418 -0.061037 -0.044739 -0.075230 -0.996162 0.964312 0.257230 -0.062735
0.271387 -22.298013 -33.048673 60.525546 -0.230001 0.971666 -0.054454 0.081720 -0.036473 -0.995988 0.969753 0.233528 0.071016
-0.670753 -32.221279 -29.216066 130.992244 -0.476465 0.877907 -0.047535 0.491773 0.310936 0.813313 -0.728794 -0.364139 0.579882
-3.024807 -178.207930 97.142123 8523.008639 0.348200 -0.929689 -0.120143 0.937218 0.342591 0.065219 -0.019474 -0.135310 0.990612
3.280085 -656.222614 -166.905611 119333.480078 0.025861 0.988866 0.146544 0.462095 0.118166 -0.878923 0.886453 -0.090447 0.453894
-3.571496 -34.660010 12.104546 1742.973330 -0.236240 0.944968 0.226331 0.940172 0.281136 -0.192455 0.245494 -0.167324 0.954848
-0.181211 -5.107340 79.295525 -29.351933 -0.115776 0.953741 0.277441 0.646275 0.284440 -0.708112 0.754271 -0.097321 0.649310
-1.038649 -4.973300 42.008442 -39.859812 -0.075495 0.959422 0.271679 0.674125 0.249868 -0.695069 0.734749 -0.130672 0.665634
-0.719137 -5.535535 64.921619 -18.513692 -0.094133 0.959525 0.265425 0.577933 0.269754 -0.770211 0.810637 -0.080896 0.579935
0.301774 -5.466038 91.816648 -21.902295 -0.113065 0.956062 0.270485 0.572859 0.285154 -0.768453 0.811818 -0.068065 0.579930
0.012147 -5.596634 74.191609 -2.852076 -0.091616 0.960658 0.262189 0.492116 0.272576 -0.826755 0.865695 -0.053284 0.497727
-1.157141 -5.734949 53.230763 -0.711327 -0.066832 0.967800 0.242685 0.493859 0.243430 -0.834772 0.866970 -0.064063 0.494226
-1.234689 -7.673245 -22.835572 -97.424450 0.087355 0.960327 0.264842 0.596525 -0.263350 0.758159 -0.797827 -0.091756 0.595864
-1.524116 -6.636349 -37.907250 -87.662246 0.119919 0.949206 0.290907 0.523452 -0.309435 0.793882 -0.843574 -0.057074 0.533971
-1.113729 -5.796786 -54.110873 -68.949922 0.091727 0.955454 0.280526 0.461796 -0.290404 0.838099 -0.882230 -0.052669 0.467863
-5.537633 -11.098963 -38.006886 133.915852 0.298265 0.830716 -0.470051 0.551683 -0.551914 -0.625329 0.778899 0.072806 0.622909
-5.987241 -8.955664 -39.253505 213.968570 0.294544 0.801029 -0.521150 0.369016 -0.598380 -0.711174 0.881516 -0.017160 0.471842
-6.450449 -11.304924 -65.373633 148.674039 0.257051 0.808620 -0.529205 0.541222 -0.574129 -0.614374 0.800627 0.128492 0.585224
-5.692282 -12.861025 -43.275949 51.316024 0.293680 0.823287 -0.485748 0.692068 -0.533653 -0.486061 0.659389 0.193424 0.726494
-1.210739 -5.550691 -6.169436 32.170648 0.336813 0.912114 0.233676 0.445563 -0.373028 0.813832 -0.829476 0.169991 0.532045
-1.127885 -5.096321 -18.384802 36.492730 0.340785 0.911656 0.229670 0.520126 -0.386325 0.761723 -0.783157 0.140127 0.605830
-1.483628 -5.799394 -28.523119 27.431935 0.368976 0.889235 0.270403 0.395911 -0.413590 0.819877 -0.840899 0.195459 0.504662
-0.789291 -4.754334 1.834106 37.732855 0.291971 0.940457 0.174053 0.563372 -0.316171 0.763313 -0.772894 0.124809 0.622140
-1.506077 -6.065326 -15.235454 18.057706 0.358869 0.895146 0.264437 0.315935 -0.383080 0.868006 -0.878293 0.227956 0.420283
-1.082010 -5.307590 9.597340 35.393492 0.286097 0.942786 0.171180 0.493798 -0.298164 0.816861 -0.821165 0.149173 0.550850
-1.433622 -5.940498 4.638891 25.231486 0.326532 0.918202 0.224235 0.367667 -0.341946 0.864808 -0.870745 0.199944 0.449249
0.254668 -21.138627 3.411216 -59.605518 0.225753 0.955559 0.189585 0.491257 -0.279718 0.824878 -0.841250 0.093084 0.532572
-0.189631 -18.890578 9.923774 -125.619554 0.231344 0.950819 0.205969 0.361961 -0.280636 0.888948 -0.903030 0.131100 0.409083
