10267
20521
-6.506268 -8.965676 35.122287 -147.329734 -0.275818 0.738221 0.615592 0.145806 0.665156 -0.732330 0.950087 0.112233 0.291099
-7.842458 -10.430888 -46.961360 -111.068819 -0.191767 0.801930 0.565803 -0.034321 0.570671 -0.820461 0.980840 0.176756 0.081913
-5.694721 -11.215957 -66.565972 -176.019953 0.328158 -0.613410 -0.718359 -0.048178 0.748614 -0.661253 0.943394 0.251605 0.216111
-6.990433 -9.183569 -16.247695 -105.745582 -0.088749 0.974234 0.207345 0.122853 0.217284 -0.968346 0.988449 0.060467 0.138972
-3.700204 -9.798456 -126.822515 -230.179054 0.431354 -0.611029 -0.663759 0.105844 0.764920 -0.635370 0.895952 0.203815 0.394625
-4.673112 -7.369718 -73.327579 -150.104357 0.392574 -0.691111 -0.606838 0.235194 0.713305 -0.660212 0.889140 0.116457 0.442570
-5.128812 -6.511093 -20.134171 -54.292085 0.003621 0.990672 -0.136222 0.389631 -0.126855 -0.912193 0.920964 0.049773 0.386456
-6.058887 -7.862755 -38.207228 -72.761029 0.025903 0.994335 -0.103083 0.260872 -0.106268 -0.959507 0.965026 0.002037 0.262147
-7.701200 -8.596176 37.033107 6.587207 0.832805 0.369116 -0.412539 -0.253179 -0.408750 -0.876826 0.492276 -0.834672 0.246956
-7.300224 -8.274728 36.416209 2.756843 0.837932 0.450128 -0.308633 -0.066130 -0.477591 -0.876090 0.541753 -0.754514 0.370422
-7.797467 -8.611323 -16.664669 -8.865619 0.708327 -0.025608 -0.705419 -0.616390 -0.509448 -0.600438 0.343999 -0.860120 0.376641
-8.059935 -8.849669 -20.397983 18.814693 0.629249 -0.036372 -0.776352 0.730613 0.368337 0.574919 0.265048 -0.928981 0.258349
-7.963922 -8.788880 32.833819 -24.435546 0.802796 0.308804 -0.510058 -0.417629 -0.319334 -0.850653 0.425564 -0.895916 0.127395
-1.021722 -25.468314 -23.801560 87.860555 -0.382380 0.718730 0.580700 -0.272971 0.512542 -0.814118 0.882764 0.469817 -0.000206
-1.192591 -26.896345 -14.298947 -309.896493 -0.388280 0.715779 0.580430 0.113089 0.662096 -0.740838 0.914576 0.222012 0.338025
-0.268554 -24.976496 -39.320875 -108.807777 -0.350626 0.729927 0.586744 -0.075382 0.602488 -0.794560 0.933477 0.322824 0.156225
-0.461616 -23.718649 -40.103520 -328.209116 -0.349123 0.724914 0.593812 0.244194 0.682171 -0.689211 0.904700 0.095614 0.415181
-0.213752 -23.402462 -29.259961 232.246123 -0.359968 0.725063 0.587118 -0.443833 0.420448 -0.791351 0.820631 0.545443 -0.170459
-1.859554 -7.406084 -23.461752 -3.248313 0.360979 -0.805825 -0.469404 0.792122 -0.000704 0.610362 -0.492175 -0.592154 0.638058
-2.073291 -7.248251 57.506117 2.515488 0.368995 -0.765819 -0.526653 0.811489 -0.010800 0.584268 -0.453131 -0.642965 0.617469
-2.412174 -7.172773 67.896953 13.680161 0.390033 -0.765547 -0.511677 0.852041 0.089354 0.515792 -0.349142 -0.637145 0.687128
-1.473523 -7.363942 -108.623112 -5.324351 0.334831 -0.844098 -0.418792 0.794109 0.013535 0.607624 -0.507226 -0.536018 0.674838
-0.608837 -7.282671 62.014651 -14.030911 -0.346723 0.837041 0.423256 0.716624 -0.054745 0.695308 -0.605172 -0.544394 0.580863
-2.438220 -7.235711 -16.114021 7.876134 0.352969 -0.808658 -0.470622 0.857450 0.078285 0.508577 -0.374423 -0.583047 0.721016
-0.029895 -5.248116 27.903093 -45.628884 -0.364502 0.894383 0.259263 0.502360 0.423292 -0.753962 0.784074 0.144577 0.603593
-0.187170 -5.740465 26.636261 -19.266471 -0.371340 0.886169 0.277147 0.414201 0.425247 -0.804738 0.830990 0.184037 0.524964
0.480544 -5.485634 19.536017 -52.608072 -0.391984 0.858935 0.329514 0.463622 0.493805 -0.735670 0.794609 0.135601 0.591785
0.718745 -4.107958 21.415803 -81.068572 -0.381574 0.873660 0.301860 0.574720 0.480011 -0.662787 0.723947 0.079417 0.685269
0.012350 -4.249571 25.306567 -65.481731 -0.334966 0.915887 0.221242 0.598965 0.388239 -0.700365 0.727351 0.102082 0.678631
0.368018 -24.917134 1.359712 -110.815184 -0.416833 0.875030 0.246114 0.498628 0.446499 -0.742973 0.760014 0.186977 0.622430
0.127238 -22.503632 3.551729 -212.467543 -0.405137 0.884571 0.231080 0.716791 0.464214 -0.520303 0.567516 0.045157 0.822123
0.261334 -23.417763 6.002834 -109.106451 -0.449643 0.857421 0.250302 0.490130 0.471117 -0.733363 0.746722 0.207071 0.632082
11.349021 -4.012702 -406.056039 -138.867474 0.203276 -0.290195 0.935129 0.956265 -0.146316 -0.253276 0.210324 0.945716 0.247761
26.483328 -6.993771 888.526351 11.018091 -0.400440 -0.194502 0.895442 0.902249 -0.254310 0.348244 0.159986 0.947362 0.277325
5.622759 -5.523738 226.005287 -92.170984 -0.228979 -0.215015 0.949388 0.934932 -0.320151 0.152986 0.271053 0.922644 0.274332
6.107881 -7.725750 -352.830007 -40.879127 0.534771 -0.459110 0.709392 0.720267 -0.191323 -0.666791 0.441854 0.867533 0.228368
-1.707100 -6.542189 -287.555276 -27.770867 0.362539 -0.381361 0.850370 0.802410 -0.336370 -0.492943 0.474028 0.861057 0.184061
0.753712 -2.874333 -35.398712 -81.693765 -0.366756 0.839273 0.401387 0.588803 0.543448 -0.598310 0.720278 -0.016904 0.693479
0.627079 -4.302247 -8.553765 -94.275720 -0.370885 0.849717 0.374733 0.552109 0.526206 -0.646748 0.746739 0.032976 0.664299
-0.167716 -3.186319 -51.948983 -89.128929 -0.357389 0.834924 0.418540 0.577210 0.549761 -0.603814 0.734236 -0.025789 0.678405
1.046076 -2.949425 6.048209 -79.810046 -0.377131 0.859552 0.344880 0.601017 0.510453 -0.614993 0.704663 0.024654 0.709113
0.285646 -2.150063 -64.763358 -44.908048 -0.363201 0.829132 0.425001 0.591551 0.557627 -0.582339 0.719828 -0.039904 0.693005
0.728009 -1.965623 -38.127785 -32.705178 -0.366876 0.844685 0.389756 0.604110 0.534935 -0.590673 0.707427 -0.018752 0.706538
0.745684 -14.569847 -15.679379 -50.078149 -0.406176 0.840181 0.359328 0.018772 0.400815 -0.915967 0.913602 0.365299 0.178573
1.023313 -13.751157 -8.402566 -54.030867 -0.403676 0.859745 0.312864 0.268708 0.438295 -0.857726 0.874553 0.262174 0.407949
0.835001 -13.358182 5.830833 -43.337935 -0.441022 0.837474 0.322703 0.060067 0.386295 -0.920417 0.895484 0.386541 0.220669
-1.141663 -14.838772 41.383689 5.194777 -0.253535 0.812541 0.524879 -0.716834 -0.522153 0.462065 -0.649514 0.259101 -0.714841
-1.644927 -14.256673 23.404786 31.764860 -0.294516 0.832480 0.469294 -0.706811 -0.520263 0.479318 -0.643179 0.190535 -0.741631
-0.964776 -14.612815 36.398298 81.995955 -0.239739 0.828867 0.505474 -0.583199 -0.539202 0.607569 -0.776147 0.149134 -0.612662
-0.195746 -16.478327 28.931275 63.808215 -0.250885 0.818163 0.517365 -0.668413 -0.533010 0.518772 -0.700200 0.215661 -0.680595
0.009961 -15.518315 -2.983706 161.079110 -0.256384 0.728425 0.635346 0.700330 -0.313045 0.641515 -0.666187 -0.609425 0.429878
0.009787 -21.108732 -6.693208 378.368298 -0.281151 0.743176 0.607160 0.531082 -0.406476 0.743457 -0.799316 -0.531476 0.280406
0.744711 -17.773581 1.477485 152.304876 -0.254680 0.733525 0.630143 0.731308 -0.280259 0.621806 -0.632714 -0.619190 0.465056
-0.596826 -19.214024 -26.612574 417.275003 -0.296361 0.713392 0.635013 0.605144 -0.374129 0.702729 -0.738898 -0.592536 0.320828
-0.287764 -6.679268 -18.901767 48.379068 0.139357 0.126480 0.982132 -0.528394 0.848307 -0.034271 -0.837484 -0.514176 0.185049
-1.321943 -7.299714 -59.012092 -64.424130 0.068485 0.219745 0.973151 -0.690302 0.714674 -0.112799 -0.720272 -0.664043 0.200635
-1.513237 -8.236136 -51.183359 -38.443771 0.021177 0.305520 0.951950 -0.613528 0.755767 -0.228908 -0.789389 -0.579201 0.203450
-0.379296 -7.762646 -46.804290 137.247148 0.040981 0.282756 0.958316 -0.407214 0.880577 -0.242405 -0.912413 -0.380306 0.151229
-4.815161 -30.935874 -27.923480 -1338.823129 0.441321 0.808320 0.389685 0.794340 -0.149885 -0.588692 -0.417444 0.569345 -0.708228
-8.366862 -32.655419 -217.890559 1088.164544 0.659723 0.691221 0.294922 -0.653852 0.334489 0.678672 -0.370464 0.640570 -0.672626
-3.634701 -58.232937 -73.060101 -2171.574004 0.298734 0.839822 0.453275 0.950361 -0.218486 -0.221534 -0.087015 0.496954 -0.863403
-3.564681 -47.655096 -207.035396 -1523.857442 0.265734 0.920280 0.287175 0.946307 -0.192120 -0.259988 -0.184090 0.340843 -0.921920
-1.434399 -5.368998 -20.168760 -18.966043 0.633504 -0.743088 -0.215619 -0.503105 -0.183886 -0.844435 -0.587841 -0.643433 0.490344
-1.054084 -5.677083 4.924492 3.253227 0.637748 -0.731454 -0.241356 -0.392904 -0.039417 -0.918734 -0.662499 -0.680750 0.312529
-1.274602 -5.561205 16.463394 -8.187403 0.621251 -0.731541 -0.280881 -0.514403 -0.110323 -0.850423 -0.591131 -0.672812 0.444845
-2.195688 -5.721701 -40.437166 -29.067373 -0.089752 0.176740 0.980157 -0.081968 0.979479 -0.184124 -0.992585 -0.096867 -0.073423
-0.017620 -5.572203 -86.493882 -38.288790 -0.098724 -0.162200 0.981807 -0.027003 0.986700 0.160293 -0.994748 -0.010687 -0.101791
-2.266525 -5.328136 -46.734816 -26.870349 -0.106531 0.099142 0.989354 -0.137685 0.983960 -0.113427 -0.984730 -0.148303 -0.091172
-1.676113 -6.078779 -36.977557 -29.610829 -0.063921 0.160130 0.985024 0.001239 0.987055 -0.160379 -0.997954 -0.009031 -0.063292
4.246070 -63.235506 37.217186 -544.009147 -0.210469 0.934286 0.287771 -0.059619 0.281550 -0.957693 0.975781 0.218721 0.003557
4.137745 -65.319875 105.541153 -2285.796773 -0.258436 0.920363 0.293500 0.400614 0.378572 -0.834381 0.879044 0.098054 0.466547
5.012965 -58.455451 119.625651 -45.996324 -0.277272 0.913796 0.296812 -0.078334 0.286396 -0.954904 0.957593 0.288019 0.007828
3.792270 -10.318631 72.291077 -124.175289 -0.222346 0.865656 0.448555 -0.121929 -0.481148 0.868118 -0.967314 -0.138331 -0.212530
5.820926 -10.905526 37.126388 -149.082366 -0.340887 0.824594 0.451488 -0.153813 -0.522702 0.838525 -0.927436 -0.216398 -0.305016
4.030530 -8.813492 80.160037 -114.136603 -0.232801 0.815199 0.530335 -0.238981 -0.576549 0.781331 -0.942704 -0.055155 -0.329039
5.121606 -11.427677 61.675769 -116.508951 -0.290774 0.856113 0.427225 -0.008975 -0.448940 0.893517 -0.956750 -0.255977 -0.138223
2.618194 -10.565620 97.140185 -52.780381 -0.157558 0.902016 0.401923 0.077156 -0.394518 0.915643 -0.984491 -0.175277 0.007437
3.123399 -9.702274 -24.821156 -122.701383 -0.273956 -0.294329 -0.915597 -0.511658 0.850715 -0.120379 0.814343 0.435494 -0.383655
5.418844 -8.783116 -19.506486 -88.309233 0.356095 0.225270 0.906890 0.677080 -0.731069 -0.084262 0.644018 0.644043 -0.412856
3.545845 -10.079651 115.724891 -78.363690 -0.322113 -0.439773 -0.838357 -0.635747 0.756653 -0.152647 0.701476 0.483814 -0.523313
2.220133 -9.419580 46.754776 -193.592574 -0.288352 -0.427198 -0.856945 -0.456148 0.848168 -0.269334 0.841892 0.313231 -0.439437
3.181699 -9.879409 -193.381799 -51.647147 0.289906 0.566591 0.771317 0.810102 -0.574402 0.117458 0.509597 0.590793 -0.625519
1.173178 -10.590891 82.541139 -129.208194 -0.232566 -0.587284 -0.775249 -0.650517 0.686491 -0.324898 0.723008 0.428752 -0.541693
1.528769 -9.669123 96.176412 -192.901310 -0.294177 -0.507683 -0.809764 -0.509317 0.800202 -0.316660 0.808737 0.319272 -0.493973
-4.282625 -25.993996 -70.144200 649.074248 0.243669 -0.848130 -0.470427 0.936062 0.078731 0.342913 -0.253797 -0.523906 0.813087
-12.509248 -27.460094 -228.061824 444.576917 0.003145 -0.782965 -0.622058 0.919327 -0.242508 0.309884 -0.393483 -0.572849 0.719038
-4.640192 -661.772142 1782.954167 -30652.902460 0.939780 0.220507 0.261132 0.328950 -0.790934 -0.515961 -0.092765 -0.570789 0.815840
-1.190643 -26.817200 -73.641130 142.286627 -0.378077 0.864774 0.330490 0.663352 0.004040 0.748297 -0.645773 -0.502145 0.575177
-9.362656 -16.045178 -258.781179 535.483832 0.188911 -0.842155 -0.505062 0.980712 0.188073 0.053223 0.050167 -0.505375 0.861440
-3.505790 -19.817861 -28.557425 476.306073 0.242482 -0.860554 -0.447939 0.967775 0.182234 0.173787 -0.067924 -0.475645 0.877011
-3.158579 -25.435615 -31.586168 485.806299 0.238849 -0.870203 -0.430926 0.894383 0.024309 0.446640 -0.378192 -0.492093 0.784102
-0.424639 -6.126298 12.719710 35.276173 -0.470309 0.837087 0.279454 0.611673 0.537460 -0.580511 0.636134 0.102085 0.764796
-0.164397 -6.109620 17.777459 30.149204 -0.457369 0.851662 0.255902 0.652128 0.516858 -0.554605 0.604601 0.086778 0.791787
-0.735601 -6.893093 11.807810 38.315849 -0.505333 0.806625 0.306584 0.670028 0.590661 -0.449646 0.543783 0.021802 0.838943
-0.545722 -7.046728 -4.407236 43.977390 -0.514618 0.793085 0.325859 0.634629 0.607875 -0.477215 0.576554 0.038784 0.816138
-0.391944 -6.255028 -3.815751 34.801727 -0.476929 0.826625 0.298714 0.575931 0.550639 -0.604235 0.663960 0.116139 0.738694
0.972603 -13.710234 20.483363 183.382620 -0.627046 0.652161 0.426028 0.750056 0.653117 0.104177 -0.210306 0.384869 -0.898692
0.907319 -11.164758 20.392342 215.168326 -0.619747 0.664663 0.417296 0.784340 0.542795 0.300306 -0.026904 0.513416 -0.857718
0.889710 -12.648790 21.661196 265.540552 -0.614609 0.655558 0.438748 0.786722 0.550060 0.280183 -0.057662 0.517376 -0.853813
0.116518 -18.593909 -7.411036 -16.546462 0.507207 -0.798069 -0.325310 0.857403 0.505462 0.096792 0.087185 -0.328016 0.940640
0.164261 -19.292771 -8.673841 -44.383455 0.488261 -0.808790 -0.327810 0.867384 0.408361 0.284405 -0.096159 -0.423201 0.900919
-0.231864 -18.210733 -15.163669 -18.177744 0.491818 -0.807629 -0.325346 0.866771 0.489583 0.094952 0.082597 -0.328700 0.940816
-0.242813 -17.554875 11.380263 76.720426 -0.507765 0.796537 0.328183 0.813446 0.568738 -0.121828 0.283690 -0.205099 0.936725
-0.762614 -16.958852 19.311851 73.214125 -0.503766 0.795992 0.335583 0.812017 0.568881 -0.130395 0.294701 -0.206811 0.932942
-0.861260 -17.413484 -22.694711 -11.814345 0.484296 -0.808584 -0.334140 0.869945 0.485653 0.085653 0.093019 -0.332165 0.938624
0.618277 -4.738801 61.954607 -13.010029 -0.646514 0.633829 0.424595 0.667162 0.199789 0.717620 0.370019 0.747225 -0.552033
0.812529 -4.774970 56.570517 -9.117288 -0.608806 0.647730 0.458040 0.678286 0.125557 0.723992 0.411442 0.751453 -0.515786
-0.634068 -5.619867 116.987429 -25.378377 -0.570574 0.618356 0.540445 0.700837 0.023578 0.712932 0.428103 0.785544 -0.446820
-0.825352 -5.085720 81.741122 -35.964976 -0.607665 0.643530 0.465417 0.718411 0.195578 0.667559 0.338569 0.740013 -0.581165
0.428860 -4.495961 -36.143507 -23.326594 0.693607 -0.622034 -0.363296 0.648847 0.320417 0.690167 0.312901 0.714428 -0.625848
2.138578 -15.801641 64.982530 -383.011924 -0.580121 0.788856 0.202893 0.524574 0.171276 0.833959 -0.623122 -0.590229 0.513174
1.809001 -17.614808 -64.196992 -220.807540 0.592969 -0.778830 -0.204477 0.660593 0.325311 0.676601 -0.460439 -0.536280 0.707390
2.873156 -14.366001 4.530864 346.095925 0.667293 -0.698203 -0.259293 -0.526419 -0.195856 -0.827359 -0.526881 -0.688588 0.498241
3.395229 -12.224901 67.616318 -430.192916 -0.615925 0.769835 0.167302 0.399223 0.121926 0.908711 -0.679159 -0.626489 0.382433
-0.126704 -32.455006 -1.115526 -488.272465 -0.225980 0.939928 0.255869 -0.269761 0.192010 -0.943590 0.936035 0.282256 -0.210165
-0.987556 -31.269125 42.051234 -512.998444 -0.269663 0.919427 0.286245 -0.303135 0.201092 -0.931489 0.913997 0.337959 -0.224483
-0.748537 -33.550576 20.604567 -176.926164 -0.222335 0.929170 0.295315 -0.644134 0.087388 -0.759905 0.731887 0.359176 -0.579080
-29.492631 -271.182637 -817.491821 1366.315672 -0.104330 0.857801 0.503281 0.994493 0.084914 0.061430 0.009960 0.506919 -0.861936
91.013522 -1465.475237 -2347.550689 89823.849259 0.192297 0.848484 0.493048 -0.579888 -0.307075 0.754609 -0.791677 0.431021 -0.432976
-36.320825 -293.279299 -7233.961037 -5670.913432 0.012859 0.900698 0.434256 0.136715 -0.431797 0.891549 -0.990527 -0.047905 0.128691
-7.826882 -414.590988 -294.282407 10292.542395 -0.026961 0.864352 0.502165 -0.860899 -0.275393 0.427799 -0.508061 0.420779 -0.751544
-11.599165 -269.283151 -457.835571 1092.173080 -0.069775 0.898641 0.433101 -0.394200 0.373985 -0.839489 0.916372 0.229303 -0.328149
-2.294704 -88.034546 -133.624138 3490.962817 0.673737 0.730507 0.111529 -0.221459 0.343584 -0.912637 0.705007 -0.590178 -0.393263
-6.021396 -57.006499 -322.509500 1178.510869 0.738337 0.672642 0.049112 0.170740 -0.115974 -0.978467 0.652462 -0.730824 0.200474
0.781033 -76.382646 -214.771897 2694.230757 0.693749 0.699976 0.169545 -0.143996 0.365461 -0.919621 0.705675 -0.613572 -0.354332
-1.377682 -47.289037 -113.361360 1485.474874 0.666154 0.738122 0.106837 -0.382507 0.461102 -0.800671 0.640256 -0.492504 -0.589502
-5.865962 -10.311439 24.278943 -1.357680 -0.344119 0.844937 0.409468 -0.186293 0.365990 -0.911782 0.920259 0.390042 -0.031462
-8.199270 -11.149496 -101.258345 -24.733213 -0.150022 0.892353 0.425676 -0.227901 0.387742 -0.893150 0.962057 0.231004 -0.145199
-7.346405 -10.771669 -18.613978 -57.985221 -0.107540 0.944501 0.310407 -0.103296 0.299913 -0.948358 0.988820 0.134050 -0.065310
-7.482801 -8.228295 -13.732197 -13.190307 0.803859 0.052479 -0.592501 -0.433322 -0.630716 -0.643762 0.407484 -0.774237 0.484266
-6.915028 -7.979070 39.859442 -33.873995 0.816217 0.510279 -0.270933 0.080413 -0.564723 -0.821354 0.572122 -0.648616 0.501970
-1.667397 -25.594366 -35.252728 -59.365093 -0.383309 0.721674 0.576421 -0.055897 0.604819 -0.794399 0.921927 0.336720 0.191493
-1.178233 -23.555645 -34.247568 -431.947988 -0.366898 0.727260 0.580068 0.448881 0.684564 -0.574351 0.814796 -0.049653 0.577618
-1.781134 -25.454512 -46.061073 -257.534254 -0.362985 0.732177 0.576332 0.345621 0.680191 -0.646441 0.865325 0.035457 0.499955
-0.922222 -6.942199 110.683164 10.937832 0.412528 -0.725196 -0.551282 0.848322 0.085325 0.522561 -0.331921 -0.683235 0.650398
0.126516 -5.954831 24.595562 -24.299722 -0.394340 0.860111 0.323582 0.374410 0.471941 -0.798179 0.839234 0.193602 0.508139
-0.661503 -5.766918 19.293804 21.239546 -0.368888 0.885761 0.281690 0.303246 0.401173 -0.864351 0.878614 0.233427 0.416591
-1.281447 -5.003345 12.780375 55.292078 -0.320264 0.921589 0.219327 0.212268 0.295447 -0.931479 0.923241 0.251763 0.290245
-1.125363 -4.946350 12.368738 53.917282 -0.352276 0.900464 0.255083 0.199366 0.338500 -0.919604 0.914415 0.273099 0.298767
-0.680326 -5.137990 22.432707 59.229380 -0.394942 0.855012 0.336118 0.174194 0.428916 -0.886390 0.902041 0.291523 0.318334
-0.094762 -6.050100 18.635717 19.612263 -0.405538 0.836038 0.369565 0.262995 0.493927 -0.828776 0.875427 0.238906 0.420180
0.766217 -10.037622 30.450873 11.757559 -0.204021 0.921714 0.329877 0.719214 -0.087485 0.689259 -0.664159 -0.377875 0.645061
0.870161 -9.243760 24.575841 -18.642174 -0.237861 0.917935 0.317517 0.801831 0.001081 0.597550 -0.548169 -0.396729 0.736286
1.271408 -10.240908 26.699007 -3.171019 -0.226571 0.911738 0.342636 0.723120 -0.078209 0.686280 -0.652505 -0.403258 0.641577
1.182816 -11.120589 23.821698 88.624302 -0.210510 0.908774 0.360299 0.634410 -0.153415 0.757620 -0.743780 -0.388064 0.544240
0.680056 -10.815091 28.784022 67.651139 -0.184216 0.917547 0.352381 0.619314 -0.170037 0.766510 -0.763227 -0.359438 0.536926
34.503939 -2.504539 -1154.305969 -32.475318 0.284857 -0.318580 0.904081 0.951320 -0.021822 -0.307431 0.117670 0.947645 0.296855
56.939702 0.593274 414.267818 -123.206248 -0.129739 -0.194632 0.972258 0.990637 -0.067459 0.118687 0.042487 0.978554 0.201562
49.374693 -1.477623 -637.208526 -120.860156 -0.143507 0.153592 0.977658 0.981965 -0.100771 0.159970 0.123090 0.982983 -0.136360
-1.665122 -14.853770 27.518049 49.655395 -0.309057 0.819303 0.482936 -0.806513 -0.494890 0.323452 -0.504005 0.289529 -0.813727
-2.032709 -14.316397 3.295875 55.890063 -0.348447 0.837880 0.420170 -0.807931 -0.495744 0.318567 -0.475217 0.228465 -0.849690
-2.006041 -13.797122 -1.541032 38.355967 -0.336330 0.850512 0.404365 -0.714320 -0.510206 0.478995 -0.613701 0.127746 -0.779136
-0.073687 -22.613989 -33.667877 211.982005 -0.322654 0.740308 0.589778 0.184869 -0.561812 0.806344 -0.928287 -0.369202 -0.044411
0.616389 -21.799883 2.348769 267.130925 -0.277998 0.749503 0.600802 0.349031 -0.503892 0.790108 -0.894927 -0.429347 0.121519
0.826583 -19.710695 -1.215877 257.979218 -0.264689 0.756026 0.598636 0.614231 -0.346386 0.709040 -0.743411 -0.555376 0.372690
-3.190832 -13.194375 -30.293786 95.228374 0.558260 -0.634989 -0.533980 0.537706 0.767056 -0.349997 0.631837 -0.091735 0.769654
-2.267552 -13.477840 -54.562056 92.738056 0.572924 -0.666630 -0.476825 0.535788 0.744875 -0.397609 0.620233 -0.027677 0.783929
-2.355663 -14.486899 44.153647 95.764097 -0.541906 0.703472 0.459852 0.668161 0.692513 -0.272006 0.509802 -0.159854 0.845310
-5.062494 -18.942184 -106.118414 -945.315961 0.519834 0.750824 0.407475 0.706040 -0.109088 -0.699719 -0.480915 0.651431 -0.586820
-2.034904 -4.520639 -40.560802 73.560324 -0.615913 0.784309 -0.074230 0.095801 0.168087 0.981106 -0.781967 -0.597165 0.178665
-1.934171 -4.145389 -16.619081 61.583570 -0.630556 0.742522 -0.225965 -0.007518 0.285281 0.958415 -0.776107 -0.606033 0.174303
-1.392955 -3.581035 -59.927491 10.643095 -0.624762 0.640214 -0.446988 -0.105750 0.497811 0.860814 -0.773621 -0.585073 0.243311
-1.640510 -5.510579 -20.555741 -18.881961 -0.590249 0.769498 0.243883 0.226184 -0.132365 0.965049 -0.774885 -0.624782 0.095920
-1.417214 -5.410529 -42.979707 -17.764370 -0.635886 0.739836 0.219755 0.206411 -0.111338 0.972110 -0.743669 -0.663511 0.081911
-1.286130 -5.820760 -30.594493 4.361261 -0.618078 0.753201 0.225094 0.326458 -0.014550 0.945100 -0.715125 -0.657629 0.236896
-1.558475 -4.813927 -30.356789 -44.878231 -0.614376 0.751342 0.240887 0.128833 -0.205676 0.970103 -0.778424 -0.627042 -0.029565
-1.868556 -4.881134 -20.717379 -42.164652 -0.576553 0.765446 0.285796 0.155822 -0.240357 0.958096 -0.802064 -0.596927 -0.019305
-0.693484 -5.015192 -73.038543 -35.191121 -0.086802 -0.197090 0.976535 -0.141171 0.972777 0.183783 -0.986173 -0.121905 -0.112262
1.056751 -5.242517 -81.677490 -34.817571 -0.073522 -0.363453 0.928707 -0.108398 0.928622 0.354839 -0.991385 -0.074581 -0.107672
1.532870 -5.615919 -86.499560 -29.632482 -0.086775 -0.350195 0.932649 -0.020361 0.936608 0.349787 -0.996020 0.011364 -0.088404
2.449996 -5.970242 -114.212301 -8.430681 -0.120509 -0.342369 0.931805 0.095115 0.930345 0.354134 -0.988145 0.131305 -0.079550
1.809524 -45.475089 -77.073119 -1288.352720 0.872348 0.229119 0.431871 -0.329036 -0.378200 0.865274 -0.361584 0.896922 0.254534
1.090014 -48.338154 -2.815249 -1379.066818 0.885983 0.246789 0.392593 -0.206808 -0.547477 0.810864 -0.415047 0.799603 0.434017
0.375336 -48.633375 -45.048764 -1457.965377 0.868917 0.271684 0.413728 -0.245376 -0.489488 0.836775 -0.429853 0.828607 0.358659
0.644801 -28.170074 -101.719864 -780.831720 0.848066 0.269984 0.455953 -0.337585 -0.387961 0.857626 -0.408437 0.881246 0.237874
5.881122 -9.687408 45.150746 -107.473691 -0.365361 0.789211 0.493617 -0.274095 -0.597978 0.753189 -0.889597 -0.139888 -0.434796
7.169024 -11.170028 36.939347 -171.037055 -0.458435 0.783913 0.418710 -0.178273 -0.542672 0.820808 -0.870664 -0.301642 -0.388530
7.328512 -12.499498 41.519925 -34.432213 -0.456779 0.787817 0.413155 0.081231 -0.425560 0.901277 -0.885864 -0.445245 -0.130392
1.918708 -8.329223 -143.534577 0.692057 -0.264803 -0.140746 -0.953976 -0.505516 0.862718 0.013038 0.821177 0.485703 -0.299600
3.441348 -7.699967 -205.547981 111.727828 -0.277652 -0.035458 -0.960027 -0.636199 0.755570 0.156090 0.719834 0.654107 -0.232344
20.682516 -3.815462 -1022.104631 78.286773 0.763539 -0.158849 0.625920 -0.476862 0.514896 0.712380 0.435444 0.842407 -0.317394
-23.959762 -48.917513 -378.792940 -1181.665990 -0.533317 -0.514024 -0.671827 0.807207 -0.546742 -0.222466 -0.252963 -0.660948 0.706510
-0.515639 -28.127013 -140.442574 184.200457 -0.397352 0.812903 0.425793 0.661713 -0.067666 0.746697 -0.635804 -0.578455 0.511021
0.090429 -6.287911 29.625289 26.348137 -0.457407 0.859199 0.229250 0.704437 0.507430 -0.496269 0.542723 0.065505 0.837354
0.336220 -5.942908 20.354567 3.201014 -0.428866 0.872333 0.234753 0.630279 0.475104 -0.614023 0.647165 0.115373 0.753569
0.520787 -6.153060 23.105345 21.495657 -0.426146 0.873731 0.234506 0.727759 0.485079 -0.484835 0.537370 0.035947 0.842580
0.000228 -6.376291 7.508745 -31.166205 -0.440972 0.854181 0.275532 0.501388 0.489071 -0.713737 0.744415 0.176589 0.643943
0.234227 -6.492024 -2.672051 -35.495553 -0.431288 0.849850 0.302896 0.529841 0.510314 -0.677383 0.730246 0.131660 0.670377
0.603423 -6.019642 8.086827 -10.892173 -0.412444 0.872835 0.260863 0.663186 0.484002 -0.570899 0.624559 0.062463 0.778476
0.728249 -13.442981 -3.157276 154.392922 -0.578512 0.684936 0.442930 0.800612 0.580689 0.147718 -0.156027 0.440071 -0.884304
0.785395 -13.337145 6.734837 231.123824 -0.600516 0.668496 0.438741 0.793087 0.567904 0.220221 -0.101946 0.480207 -0.871211
0.538698 -11.733668 7.427676 246.040180 -0.575866 0.678613 0.455919 0.816322 0.446806 0.366037 0.044690 0.582965 -0.811267
0.602184 -12.084304 -3.196512 197.252865 -0.557001 0.690143 0.462008 0.830508 0.464499 0.307405 -0.002449 0.554926 -0.831896
0.414477 -8.165408 16.600126 128.728392 -0.538877 0.690162 0.482998 0.822266 0.306397 0.479582 0.183000 0.655589 -0.732608
0.479089 -9.077443 14.850738 145.211306 -0.540261 0.683233 0.491234 0.827301 0.324476 0.458571 0.153917 0.654147 -0.740541
0.373484 -19.796595 -4.351426 12.491104 0.503211 -0.798435 -0.330577 0.861579 0.433978 0.263335 -0.066793 -0.417331 0.906297
0.470675 -20.079979 -1.299273 -13.894009 0.488819 -0.800626 -0.346487 0.840054 0.324860 0.434483 -0.235298 -0.503452 0.831367
0.233406 -19.017009 -10.707825 -66.760057 0.464716 -0.820006 -0.334108 0.842693 0.293730 0.451210 -0.271857 -0.491235 0.827515
1.123296 -4.974070 65.289340 3.963223 -0.574196 0.646223 0.502689 0.679339 0.033379 0.733065 0.456944 0.762419 -0.458171
1.913722 -4.272384 9.906328 -3.334849 -0.533522 0.702126 0.471565 0.713389 0.074063 0.696843 0.454346 0.708190 -0.540403
2.348365 -4.545445 10.190273 -6.052897 -0.518099 0.696689 0.496182 0.685134 -0.009232 0.728359 0.512021 0.717314 -0.472542
1.543595 -4.019284 0.421453 -3.066886 -0.550357 0.710680 0.438226 0.731296 0.157044 0.663735 0.402882 0.685764 -0.606147
1.821888 -3.976833 -15.919975 6.789239 -0.448051 0.760987 0.469201 0.769143 0.060593 0.636198 0.455708 0.645932 -0.612456
2.592047 -4.076076 -26.797590 3.885391 -0.445156 0.749187 0.490464 0.733142 -0.009554 0.680009 0.514139 0.662290 -0.545007
-0.627455 -4.617460 -28.702280 -121.664334 -0.416671 0.864232 0.281938 -0.021683 0.300607 -0.953502 0.908799 0.403409 0.106515
-0.158711 -4.324604 1.098188 -124.345772 -0.422964 0.867612 0.261441 -0.011246 0.283471 -0.958915 0.906077 0.408527 0.110141
-0.256057 -5.841318 -19.425408 -64.730215 -0.414632 0.866071 0.279288 -0.116380 0.253924 -0.960197 0.902517 0.430631 0.004492
-0.256528 -3.321856 -3.225872 -109.129095 -0.432370 0.840433 0.326694 0.045793 0.382309 -0.922899 0.900533 0.384074 0.203785
-1.113495 -6.304040 -48.101716 -34.598421 -0.409880 0.856070 0.314869 -0.199111 0.252900 -0.946782 0.890142 0.450760 -0.066794
-1.015636 -3.371444 -28.525977 -142.289943 -0.411044 0.809613 0.419011 0.002843 0.460771 -0.887514 0.911611 0.363616 0.191699
0.250080 -8.656231 -11.740081 38.341614 0.381146 -0.874434 -0.300155 0.882561 0.247448 0.399819 -0.275342 -0.417295 0.866055
0.635775 -8.437818 -9.354313 36.098345 0.372929 -0.871143 -0.319427 0.913719 0.284924 0.289717 -0.161373 -0.399910 0.902236
0.443298 -9.050301 -11.336906 33.101940 0.354031 -0.877810 -0.322662 0.883766 0.201133 0.422497 -0.305974 -0.434735 0.846986
2.395680 -17.458512 -13.604357 -221.083828 0.648580 -0.713111 -0.266114 0.667902 0.365533 0.648300 -0.365036 -0.598212 0.713366
-0.903558 -24.447505 23.720384 -372.762629 -0.220589 0.937441 0.269340 0.084446 0.293461 -0.952234 0.971704 0.187308 0.143898
-1.044124 -23.121437 21.437380 -307.446587 -0.212716 0.940510 0.264938 -0.179326 0.228961 -0.956775 0.960518 0.251032 -0.119954
-0.998816 -26.708605 27.713797 -339.533654 -0.218016 0.929423 0.297729 -0.449911 0.175002 -0.875759 0.866054 0.324881 -0.380004
-5.637420 -12.890789 43.332409 -16.548268 -0.493837 0.867302 -0.062543 -0.717126 -0.446893 -0.534805 0.491788 0.219256 -0.842657
-5.956764 -13.038645 30.977523 1.333732 -0.438182 0.890370 -0.123441 -0.777738 -0.444387 -0.444572 0.450689 0.098799 -0.887197
-5.391167 -12.961563 22.188681 24.456898 -0.510530 0.859254 -0.032271 -0.805121 -0.490870 -0.332906 0.301892 0.143976 -0.942408
-5.801501 -12.717217 20.950970 38.881153 -0.400227 0.903385 -0.153994 -0.873939 -0.426815 -0.232508 0.275771 -0.041525 -0.960326
-5.217916 -12.038864 10.975013 43.582184 -0.482047 0.873260 -0.071054 -0.869743 -0.486734 -0.081467 0.105726 -0.022528 -0.994140
-1.474747 -87.142035 -186.578421 3281.162716 0.468476 0.758703 0.452658 -0.219504 0.596252 -0.772206 0.855773 -0.262399 -0.445868
8.396413 -110.646625 -570.702681 3740.992207 0.444357 0.747916 0.493121 -0.202910 0.620172 -0.757769 0.872568 -0.236661 -0.427337
-9.628200 -370.431943 -546.649945 16452.929845 0.320960 0.878880 0.352924 -0.644043 0.475756 -0.599053 0.694401 0.035026 -0.718735
-2.537699 -114.339617 -33.037358 4070.202360 -0.429888 -0.665179 -0.610519 -0.420242 0.745891 -0.516763 0.799120 0.034416 -0.600186
1.125626 -6.428184 -0.136710 -22.304716 -0.294773 0.869110 0.397185 -0.312382 -0.480461 0.819497 -0.903065 -0.117492 -0.413121
1.302126 -6.456235 -6.513175 -4.076309 -0.296679 0.893331 0.337551 -0.326375 -0.427031 0.843282 -0.897475 -0.140016 -0.418252
1.612997 -6.433624 -9.629805 -12.963354 -0.310959 0.872554 0.376768 -0.425060 -0.482243 0.766007 -0.850076 -0.078048 -0.520845
0.994432 -6.297210 -2.311354 1.473032 -0.291408 0.881281 0.372056 -0.190769 -0.434662 0.880157 -0.937384 -0.185508 -0.294785
1.604049 -6.246177 24.697966 -10.368098 -0.285335 0.830990 0.477535 -0.406060 -0.556136 0.725140 -0.868158 -0.013000 -0.496117
1.101809 -6.391893 18.015465 -20.773072 -0.281871 0.842431 0.459193 -0.281645 -0.530165 0.799751 -0.917183 -0.096097 -0.386704
0.779897 -6.397385 -11.342279 -3.462192 -0.293092 0.863383 0.410691 -0.170914 -0.469950 0.865988 -0.940684 -0.183621 -0.285303
-19.275664 -297.014731 251.935151 -4678.907939 0.674897 0.736493 -0.045749 0.607655 -0.589868 -0.531800 0.418653 -0.331110 0.845633
2.012479 -362.180047 -520.765676 20411.755752 0.622764 0.776522 0.095804 0.325528 -0.145811 -0.934222 0.711475 -0.612987 0.343586
-0.128979 -466.501584 -209.948884 29053.245714 0.575160 0.787375 -0.221881 0.300074 -0.455398 -0.838193 0.761017 -0.415515 0.498197
5.644606 -18.978604 -58.689320 -479.773669 0.155619 0.976477 0.149246 0.987125 -0.148069 -0.060499 -0.036978 0.156739 -0.986948
7.616074 -16.996459 -161.771410 391.037032 0.249164 0.968460 -0.001829 -0.966731 0.248605 -0.060221 0.057867 -0.016773 -0.998183
17.142857 -87.962914 -429.771589 3853.371302 0.285257 0.944939 0.160371 -0.923802 0.315651 -0.216690 0.255380 0.086339 -0.962978
4.426278 -19.123480 60.547701 -319.106764 -0.007191 0.943176 0.332216 0.999140 -0.006793 0.040912 0.040844 0.332224 -0.942316
1.607831 -11.152237 -13.706394 -92.474392 -0.013370 0.943328 0.331592 0.981773 0.075261 -0.174522 -0.189587 0.323215 -0.927140
-3.813674 -9.721447 210.707977 45.864291 -0.505917 0.678622 0.532467 -0.201175 0.507443 -0.837872 0.838795 0.531012 0.120203
-2.004590 -9.099852 -242.871844 -30.762828 0.555490 -0.621915 -0.551954 -0.067537 0.627849 -0.775399 0.828776 0.468004 0.306762
-7.378641 -8.789988 -35.289693 9.375955 0.630194 -0.266383 -0.729312 0.749032 0.455932 0.480704 0.204465 -0.849215 0.486855
-7.587191 -8.998831 -34.307824 5.129505 0.557747 -0.257026 -0.789212 0.822802 0.296260 0.485002 0.109154 -0.919874 0.376720
-0.777076 -23.831003 -15.128672 436.987848 -0.375540 0.719364 0.584367 -0.635840 0.258757 -0.727153 0.674297 0.644640 -0.360227
-1.531869 -24.799986 -31.981033 253.250465 -0.395742 0.722925 0.566364 -0.408919 0.413489 -0.813519 0.822298 0.553540 -0.131983
3.738313 -13.666219 110.158195 -44.479367 0.561839 0.096485 -0.821601 0.772882 0.292878 0.562918 0.294942 -0.951269 0.089978
1.072986 -13.045280 87.547700 -55.674992 0.484169 0.143459 -0.863134 0.818579 0.274159 0.504743 0.309046 -0.950924 0.015306
1.599603 -12.006280 76.420269 -153.306862 0.559672 0.098355 -0.822857 0.826599 0.004652 0.562773 0.059179 -0.995141 -0.078696
-0.699754 -11.147849 56.288441 -167.628209 0.479559 0.120718 -0.869166 0.877509 -0.065528 0.475061 0.000394 -0.990522 -0.137356
4.598526 -12.524826 148.225219 -192.039875 0.616809 0.105912 -0.779954 0.784394 -0.000424 0.620263 0.065363 -0.994375 -0.083339
2.657905 -10.281082 103.304797 -196.968523 0.609650 0.099350 -0.786420 0.789662 -0.162488 0.591635 -0.069005 -0.981696 -0.177514
0.394332 -9.460708 57.292878 -150.665084 0.547397 0.104105 -0.830373 0.825070 -0.233195 0.514665 -0.140060 -0.966841 -0.213545
1.397966 -9.513711 22.809105 -54.446954 -0.252938 0.907118 0.336392 0.799002 -0.000203 0.601328 -0.545544 -0.420877 0.724737
0.995398 -8.863023 -21.395729 36.430306 0.272253 -0.909505 -0.314132 0.887493 0.111206 0.447202 -0.371800 -0.400542 0.837455
0.864816 -25.042866 2.971576 237.753811 -0.429926 0.856123 0.286734 -0.042948 0.297831 -0.953652 0.901842 0.422314 0.091277
0.551484 -26.452944 -2.394980 22.025964 -0.426626 0.864736 0.264993 0.236602 0.389501 -0.890117 0.872931 0.317049 0.370770
0.641436 -22.615184 2.550707 240.984538 -0.462970 0.836339 0.293593 -0.044951 0.308650 -0.950113 0.885234 0.453071 0.105301
0.673073 -19.716042 3.909404 373.165657 -0.458131 0.825851 0.328763 -0.302679 0.202819 -0.931263 0.835764 0.526150 -0.157050
0.480046 -17.612787 13.587055 375.416343 -0.491799 0.806110 0.329120 -0.300284 0.197776 -0.933121 0.817290 0.557738 -0.144796
0.452092 -20.818876 13.356479 283.063243 -0.497347 0.815570 0.295790 -0.060114 0.307731 -0.949572 0.865466 0.490049 0.104022
143.256171 10.640760 727.532379 -58.224918 -0.001951 -0.463061 0.886325 0.998238 -0.053465 -0.025735 0.059304 0.884713 0.462349
199.638500 -5.178869 -2309.661770 190.404353 0.352346 -0.516941 0.780143 0.930523 0.282492 -0.233078 -0.099897 0.808065 0.580561
232.223754 -0.216512 -6816.364286 310.530547 0.233298 -0.090222 0.968211 0.970422 0.085161 -0.225895 -0.062073 0.992274 0.107421
-0.218005 -2.207800 -41.058256 -47.231577 -0.431089 0.757879 0.489675 0.548067 0.651042 -0.525135 0.716787 -0.041995 0.696026
0.474265 -14.109561 -17.615401 18.260758 -0.404674 0.824938 0.394609 -0.237621 0.321839 -0.916491 0.883049 0.464648 -0.065783
0.484694 -15.666515 -24.525411 -14.490007 -0.385810 0.835902 0.390408 -0.034069 0.409973 -0.911461 0.921949 0.364952 0.129693
-0.963775 -15.981955 40.291523 9.264468 -0.265028 0.799779 0.538622 -0.808787 -0.488523 0.327427 -0.524998 0.348853 -0.776324
0.347508 -16.472196 9.669181 120.418433 -0.262719 0.839773 0.475143 -0.476583 -0.541119 0.692863 -0.838956 0.044416 -0.542383
0.443589 -16.346617 7.456428 70.892723 -0.276855 0.827294 0.488810 -0.597249 -0.546650 0.586913 -0.752758 0.129452 -0.645444
0.376852 -16.556620 8.262541 44.151540 -0.285324 0.817623 0.500082 -0.728836 -0.523936 0.440783 -0.622406 0.238712 -0.745405
0.150429 -34.241786 17.920759 -935.136543 0.199945 -0.676152 -0.709112 0.865578 -0.217237 0.451202 -0.459127 -0.704007 0.541827
-0.248358 -18.799724 18.091467 93.924825 0.231659 -0.652215 -0.721769 0.789065 -0.307961 0.531542 -0.568956 -0.692659 0.443298
-0.229155 -20.174165 2.066792 -34.884659 0.227756 -0.666768 -0.709611 0.783205 -0.307560 0.540368 -0.578547 -0.678843 0.452167
-0.471160 -20.313943 21.985860 -116.300021 0.237362 -0.670978 -0.702458 0.818748 -0.250982 0.516391 -0.522791 -0.697708 0.489789
0.296471 -51.083094 -21.203937 -1392.485380 0.114203 -0.707190 -0.697739 0.897365 -0.227913 0.377877 -0.426255 -0.669281 0.608580
-0.425044 -51.673016 -13.297582 -1602.459291 0.249622 -0.677698 -0.691675 0.916112 -0.066146 0.395429 -0.313733 -0.732360 0.604335
6.140993 -281.678471 -279.713889 -10639.967909 0.158555 -0.702884 -0.693408 0.981145 0.033551 0.190339 -0.110522 -0.710513 0.694951
0.808985 -5.340165 17.737933 -29.751182 -0.307507 0.932077 0.191501 0.448961 -0.035323 0.892853 -0.838972 -0.360535 0.407604
0.523997 -5.575505 9.605392 -41.687575 -0.299999 0.931662 0.204956 0.454986 -0.049095 0.889144 -0.838444 -0.359994 0.409164
0.987283 -5.810431 29.835594 -32.127561 -0.290532 0.932734 0.213538 0.538102 -0.025270 0.842501 -0.791225 -0.359679 0.494565
1.229372 -5.466171 40.123528 -25.922941 -0.298293 0.927135 0.226809 0.474858 -0.061980 0.877877 -0.827968 -0.369566 0.421769
-2.636090 -6.012365 -33.987260 61.296774 -0.564107 0.805520 0.181440 0.147818 -0.117672 0.981989 -0.812363 -0.580767 0.052691
-2.466060 -5.661168 -6.434474 68.810248 -0.583454 0.803445 0.118568 0.102121 -0.072256 0.992144 -0.805700 -0.590979 0.039890
-2.894650 -6.064909 -6.471412 -10.449049 -0.549222 0.806748 0.217976 -0.015357 -0.270537 0.962587 -0.835536 -0.525326 -0.160974
-3.143117 -6.652273 -14.342880 23.188548 -0.496443 0.823597 0.274285 0.107611 -0.255145 0.960896 -0.861373 -0.506547 -0.038037
-1.052762 -5.591027 -20.800286 -9.946084 -0.636050 0.745446 0.199373 0.277988 -0.019666 0.960383 -0.719835 -0.666275 0.194716
-0.901219 -4.733818 -39.002897 -33.878659 -0.635289 0.729557 0.253287 0.156465 -0.199582 0.967308 -0.756258 -0.654151 -0.012643
9.657095 -185.502632 154.983677 -9341.651053 -0.181099 0.918671 0.351066 0.255263 0.388643 -0.885323 0.949760 0.070717 0.304885
1.318171 -55.678683 -53.375154 -2116.431764 0.896844 0.187411 0.400685 -0.309689 -0.380774 0.871266 -0.315855 0.905477 0.283456
3.955976 -87.099321 -75.726671 -3205.223314 0.861969 0.139133 0.487494 -0.311213 -0.613867 0.725475 -0.400194 0.777052 0.485835
2.261291 -8.877157 -50.381913 -146.944853 -0.240997 -0.316540 -0.917455 -0.397513 0.894580 -0.204229 0.885383 0.315481 -0.341420
2.141834 -8.238477 -99.873756 -86.752537 -0.240899 -0.184511 -0.952850 -0.391762 0.916714 -0.078468 0.887969 0.354388 -0.293120
-22.241781 -30.014433 -408.224194 -264.970763 -0.458161 -0.686382 -0.564773 0.888842 -0.348813 -0.297134 0.006947 -0.638129 0.769898
2.750894 -92.556514 972.722139 3172.625591 0.239641 -0.586475 -0.773705 0.966121 0.222709 0.130423 0.095821 -0.778748 0.619976
-0.491999 -6.872305 11.983681 37.148661 -0.491205 0.822216 0.287540 0.706295 0.569164 -0.420951 0.509770 0.003685 0.860303
0.110787 -18.104701 7.112506 96.643704 -0.514243 0.792900 0.326900 0.810604 0.573845 -0.116717 0.280135 -0.204966 0.937824
-0.166589 -15.459751 8.184676 184.334842 -0.514770 0.790363 0.332172 0.718079 0.609153 -0.336593 0.468375 -0.065257 0.881117
-0.595569 -14.904481 12.819522 173.432893 -0.515694 0.785798 0.341441 0.707604 0.615322 -0.347385 0.483070 -0.062460 0.873351
-0.025988 -5.567559 0.158501 -57.999473 -0.405414 0.861596 0.305438 -0.145105 0.269238 -0.952080 0.902543 0.430307 -0.015869
-0.267302 -4.486906 8.269923 -84.919230 -0.405179 0.860588 0.308575 -0.062244 0.310771 -0.948444 0.912116 0.403497 0.072351
-0.256099 -3.315051 19.436118 -79.032923 -0.434299 0.843669 0.315607 0.018727 0.358756 -0.933243 0.900574 0.399396 0.171607
-0.118444 -9.061329 -18.618019 -20.123121 -0.350802 0.855498 0.380869 0.367550 -0.248293 0.896246 -0.861304 -0.454393 0.227337
-0.441760 -9.327533 -3.714606 -24.514206 -0.329027 0.866186 0.376115 0.348649 -0.258724 0.900836 -0.877602 -0.427532 0.216868
-0.185623 -8.729077 -17.195257 -16.165416 -0.338887 0.847157 0.409244 0.210095 -0.355857 0.910618 -0.917069 -0.394577 0.057388
-0.362876 -9.546681 -5.588704 -16.367989 -0.344501 0.868389 0.356680 0.502669 -0.150254 0.851321 -0.792870 -0.472572 0.384749
0.468052 -8.429993 -32.123060 -18.658721 -0.349284 0.840924 0.413337 0.228549 -0.351340 0.907924 -0.908717 -0.411591 0.069475
0.544999 -8.839326 -30.274865 -17.726956 -0.352240 0.848111 0.395772 0.394754 -0.248785 0.884463 -0.848585 -0.467776 0.247163
-0.104441 -9.296488 -16.952328 -8.173928 -0.361768 0.857986 0.364668 0.526035 -0.135080 0.839667 -0.769682 -0.495593 0.402463
2.394002 -12.258038 49.866790 175.533179 0.716567 -0.613041 -0.332734 -0.546527 -0.197053 -0.813928 -0.433405 -0.765082 0.476245
2.499531 -15.045415 33.849136 139.786586 0.686982 -0.636529 -0.350551 -0.644690 -0.311276 -0.698199 -0.335306 -0.705647 0.624205
37.513762 -325.198661 -1456.768734 11457.082696 0.328288 0.805422 0.493480 -0.083650 0.545171 -0.834141 0.940867 -0.232559 -0.246346
15.687512 -122.768994 -411.959541 4555.698646 0.436779 0.743385 0.506560 -0.595971 0.660933 -0.456056 0.673827 0.102699 -0.731717
1.550693 -6.492677 -25.794923 0.815315 -0.325918 0.894889 0.304879 -0.455762 -0.431265 0.778647 -0.828286 -0.114823 -0.548414
