18353
36678
-9.839485 -13.951741 -29.361920 445.478974 0.451603 0.815633 0.361659 -0.772316 0.560322 -0.299279 0.446747 0.144160 -0.882970
-8.070235 -15.250497 -33.449441 528.517683 0.419121 0.876298 0.237569 -0.833584 0.475095 -0.281822 0.359828 0.079916 -0.929590
-8.680209 -10.816868 33.237839 231.803674 0.054220 0.986710 0.153179 -0.956590 0.095319 -0.275407 0.286348 0.131597 -0.949045
-8.566184 -14.602170 -54.353008 186.246470 0.506211 0.799614 0.323061 -0.667802 0.600475 -0.439853 0.545702 -0.006918 -0.837950
-8.719189 -11.309229 75.943789 128.694510 -0.207580 0.970409 0.123356 -0.891304 -0.135663 -0.432635 0.403098 0.199755 -0.893090
-10.396736 -12.820812 -24.818302 229.342829 0.352172 0.821129 0.449135 -0.760640 0.530716 -0.373854 0.545346 0.209969 -0.811487
-10.035832 -13.816686 15.481569 209.844637 -0.569933 -0.619659 -0.539629 -0.516569 0.780924 -0.351161 0.639009 0.078617 -0.765171
5.292020 -6.251066 -127.034050 7.340935 -0.485092 0.858362 -0.167032 -0.393685 -0.043810 0.918201 -0.780832 -0.511170 -0.359176
6.387543 -6.123297 10.789451 47.664247 -0.372690 0.912335 -0.169550 -0.385610 0.013927 0.922557 -0.844042 -0.409208 -0.346615
6.645067 -6.901847 -155.213549 -85.222103 -0.454022 0.871613 -0.184811 -0.332391 0.026755 0.942762 -0.826668 -0.489464 -0.277569
-2.008651 -7.096696 -359.249663 609.401510 -0.384577 0.786297 -0.483568 -0.639757 0.150602 0.753678 -0.665441 -0.599213 -0.445121
-2.126016 -5.258542 207.114922 -164.156709 -0.560354 -0.061914 0.825936 -0.455997 0.855526 -0.245238 -0.691426 -0.514044 -0.507631
-4.587841 -124.805330 -70.529477 9727.090107 -0.545776 0.823813 -0.153172 -0.146073 0.086459 0.985488 -0.825101 -0.560230 -0.073150
-4.167963 -101.338235 -225.317839 8673.743283 -0.698564 0.711770 -0.073430 -0.099305 0.005191 0.995043 -0.708624 -0.702393 -0.067056
-0.679572 -3.627384 -33.911062 -25.630569 0.234837 0.873148 0.427159 -0.859615 0.391698 -0.328078 0.453778 0.290147 -0.842556
-0.467794 -2.913559 -78.671548 -32.462735 0.413964 0.775724 0.476325 -0.796628 0.561918 -0.222784 0.440474 0.287229 -0.850577
-0.059535 -3.889177 -57.639743 -51.980718 0.434200 0.763954 0.477332 -0.807255 0.565137 -0.170173 0.399762 0.311440 -0.862088
0.410907 -3.325219 76.524379 -66.072415 -0.572893 -0.642384 -0.509054 -0.713477 0.696542 -0.076026 0.403415 0.319644 -0.857370
0.900113 -4.362585 131.945537 -30.346963 0.159042 0.887335 0.432831 -0.889986 0.318630 -0.326191 0.427353 0.333336 -0.840391
1.659440 -4.308073 111.772205 10.795499 0.328696 0.809997 0.485659 0.878218 -0.451299 0.158309 0.347407 0.374479 -0.859694
1.018376 -4.204524 63.049502 -62.859209 -0.564195 -0.654899 -0.502783 -0.742649 0.668627 -0.037560 0.360772 0.352200 -0.863597
-0.384501 -5.934972 -86.948182 77.353027 -0.547430 0.775376 0.314822 -0.187520 -0.480287 0.856832 -0.815572 -0.410020 -0.408322
-1.439246 -5.926858 -69.095072 61.852044 -0.540280 0.761016 0.359100 -0.152960 -0.508453 0.847395 -0.827466 -0.402903 -0.391112
-1.366668 -6.558575 -34.204987 46.572052 -0.537662 0.749474 0.386275 -0.210637 -0.562995 0.799168 -0.816426 -0.348318 -0.460568
-1.286978 -6.991512 -80.893274 14.602220 -0.272901 0.943845 -0.186228 0.243529 0.255046 0.935759 -0.930709 -0.210018 0.299456
-2.086031 -6.799913 -22.995287 27.906560 -0.205105 0.970235 -0.128751 0.324167 0.191465 0.926422 -0.923498 -0.148277 0.353788
-2.405826 -7.061343 -31.022128 15.472982 -0.228977 0.961895 -0.149424 0.219912 0.200650 0.954661 -0.948266 -0.185735 0.257477
0.744450 -5.993721 21.560206 46.089833 -0.062093 0.967286 0.245972 -0.064623 -0.249827 0.966132 -0.995976 -0.044095 -0.078021
0.480445 -5.784616 43.840437 141.625228 -0.048895 0.965410 0.256111 -0.089644 -0.259624 0.961540 -0.994773 -0.024056 -0.099238
0.286812 -6.027361 36.164359 24.555997 -0.046015 0.969711 0.239880 -0.054415 -0.242212 0.968696 -0.997458 -0.031521 -0.063912
0.710110 -5.801051 17.416868 -124.400974 -0.067554 0.968576 0.239366 -0.050070 -0.242903 0.968758 -0.996458 -0.053458 -0.064905
0.792201 -11.368846 40.820652 63.018738 0.073632 -0.944358 -0.320572 0.962881 0.151022 -0.223725 0.259690 -0.292199 0.920424
0.415574 -11.127441 -14.151539 79.873407 -0.058163 0.949152 0.309400 0.954133 0.144024 -0.262463 0.293678 -0.279944 0.913994
0.314717 -11.704971 19.951183 -34.128902 0.059304 -0.950367 -0.305427 0.990631 0.093734 -0.099315 0.123015 -0.296676 0.947022
0.966924 -11.515300 59.244586 -57.003619 0.075708 -0.941771 -0.327622 0.990494 0.108872 -0.084072 0.114846 -0.318142 0.941061
1.742602 -19.677257 -101.552531 -287.587706 0.400477 0.915969 -0.024884 0.781962 -0.355792 -0.511808 0.477653 -0.185509 0.858740
3.566284 -17.946294 -76.133925 -380.669837 0.419087 0.903076 -0.093916 0.837562 -0.424457 -0.343986 0.350509 -0.065499 0.934266
2.850734 -19.555971 -83.458210 -168.274656 0.414033 0.905429 -0.093680 0.702432 -0.383260 -0.599751 0.578936 -0.182513 0.794684
2.085929 -17.575845 -119.951102 -401.990266 0.399697 0.916623 -0.006654 0.868606 -0.381058 -0.316732 0.292859 -0.120817 0.948492
0.987628 -19.916022 -85.593658 34.314159 0.391998 0.919268 -0.035819 0.627400 -0.295608 -0.720406 0.672835 -0.259925 0.692627
-0.114270 -20.190556 -88.574807 -23.403243 0.360169 0.932780 0.014144 0.697839 -0.259329 -0.667659 0.619111 -0.250340 0.744333
0.478228 -19.928021 -113.121026 -321.425867 0.361419 0.932007 0.027200 0.840477 -0.313017 -0.442288 0.403701 -0.182712 0.896461
0.420147 -24.447620 -76.961147 -139.566046 0.141339 0.930604 -0.337638 -0.905837 -0.016011 -0.423323 0.399352 -0.365677 -0.840713
0.538670 -24.720477 -23.954722 -121.251210 0.110900 0.944410 -0.309501 0.990709 -0.080387 0.109698 0.078720 -0.318791 -0.944551
0.103598 -24.123778 -41.900331 -51.970333 0.132389 0.933875 -0.332190 0.979169 -0.071166 0.190167 0.153951 -0.350447 -0.923843
0.195401 -23.483397 -16.340613 -149.674481 0.139810 0.939444 -0.312888 -0.890937 -0.018533 -0.453748 0.432070 -0.342202 -0.834394
1.349511 -13.054715 8.254866 88.062108 -0.074105 0.972412 0.221187 0.798536 -0.074999 0.597257 -0.597369 -0.220885 0.770948
1.243075 -12.908659 14.313173 31.946334 -0.096430 0.971327 0.217315 0.758996 -0.069487 0.647376 -0.643914 -0.227368 0.730533
1.385580 -12.929029 -0.931864 -46.208260 -0.093832 0.972174 0.214647 0.666459 -0.098831 0.738962 -0.739614 -0.212391 0.638640
1.619686 -13.201880 -14.421740 -49.471499 -0.073287 0.973793 0.215305 0.667588 -0.112484 0.735985 -0.740915 -0.197673 0.641849
-0.875905 -24.251090 36.484077 -270.846037 0.103599 -0.027168 -0.994248 0.890806 -0.442110 0.104901 -0.442417 -0.896549 -0.021601
-0.658371 -25.278488 38.709327 80.932678 0.104159 -0.033767 -0.993987 0.991982 -0.068394 0.106273 -0.071571 -0.997087 0.026373
-1.084301 -24.458084 48.913156 -59.871251 0.098786 -0.033087 -0.994558 0.973165 -0.205519 0.103499 -0.207825 -0.978094 0.011896
-1.314848 -22.674443 16.565994 -268.490964 0.092781 -0.059823 -0.993888 0.906996 -0.406747 0.109152 -0.410791 -0.911580 0.016521
-1.550196 -24.819207 1.280424 -94.742589 0.088338 -0.081479 -0.992753 0.977843 -0.182803 0.102014 -0.189791 -0.979767 0.063525
1.358370 -4.135245 94.690562 -18.628429 0.864791 0.410462 0.289235 0.022729 -0.607423 0.794054 -0.501617 0.680117 0.534623
2.461598 -3.955370 91.785236 0.362744 0.852422 0.342742 0.394848 -0.045004 -0.704279 0.708496 -0.520914 0.621707 0.584918
2.054272 -3.417018 16.612752 -28.942767 0.824560 0.392381 0.407601 -0.058450 -0.657496 0.751187 -0.562748 0.643223 0.519210
-2.087720 -4.592499 -84.602848 41.849190 0.347481 0.807783 -0.476176 -0.170843 -0.444782 -0.879194 0.921992 -0.386854 0.016549
-1.656596 -5.616565 -89.949677 -104.383637 0.361301 0.789173 -0.496656 -0.194445 -0.457160 -0.867868 0.911950 -0.410134 0.011721
-2.677984 -4.719297 -78.147368 -45.523040 0.323793 0.768612 -0.551719 -0.190505 -0.518227 -0.833756 0.926750 -0.375069 0.021374
-3.160008 -7.087504 -94.039618 -257.205457 0.348620 0.808861 -0.473506 -0.165751 -0.444031 -0.880547 0.922491 -0.385460 0.020728
4.183228 -4.019915 77.983550 29.166605 -0.239524 0.958100 0.157078 -0.213993 -0.209906 0.954016 -0.947014 -0.194896 -0.255304
3.493633 -4.807377 101.108808 18.989161 -0.177299 0.977861 0.111146 -0.304441 -0.161891 0.938673 -0.935885 -0.132588 -0.326404
2.763710 -4.687440 114.615141 6.961432 -0.171061 0.967123 0.188179 -0.236833 -0.225757 0.944957 -0.956373 -0.117078 -0.267664
3.576366 -4.058378 145.255438 6.388788 -0.195313 0.951308 0.238468 -0.152657 -0.269676 0.950774 -0.968787 -0.149294 -0.197895
-0.348404 -16.117237 -29.360321 -118.287619 -0.062194 0.980488 -0.186483 -0.286689 0.161420 0.944327 -0.956003 -0.112195 -0.271055
-0.367587 -17.105023 14.154598 -24.120421 -0.031041 0.987044 -0.157417 -0.085092 0.154311 0.984351 -0.995889 -0.043950 -0.079199
-0.544563 -16.384975 -34.011277 41.006623 -0.060871 0.985720 -0.157004 -0.029799 0.155431 0.987397 -0.997701 -0.064783 -0.019913
-0.689628 -15.676524 -29.331673 -61.392725 -0.048204 0.981531 -0.185131 -0.217589 0.170576 0.961020 -0.974849 -0.086608 -0.205348
1.215007 -9.689738 21.189719 -62.037732 0.019765 0.972374 0.232588 0.602340 0.174096 -0.779023 0.797995 -0.155494 0.582259
1.218183 -8.962905 10.300326 -97.791453 0.023325 0.966271 0.256468 0.702208 0.166764 -0.692166 0.711589 -0.196239 0.674634
1.308349 -9.383704 34.041486 -121.006355 -0.003783 0.971184 0.238299 0.717087 0.168725 -0.676253 0.696973 -0.168323 0.697062
1.199527 -9.369100 -18.875212 -53.633914 0.072960 0.964883 0.252345 0.578215 0.165234 -0.798977 0.812616 -0.204204 0.545854
1.300171 -9.920320 23.132808 -59.500537 0.010145 0.975279 0.220744 0.627467 0.165675 -0.760813 0.778577 -0.146228 0.610275
1.309020 -10.068887 14.192432 68.386124 0.021000 0.975299 0.219889 0.488856 0.181836 -0.853203 0.872112 -0.125411 0.472962
1.317655 -9.685642 -6.608934 35.011589 0.055630 0.970874 0.233044 0.447294 0.184440 -0.875163 0.892655 -0.152925 0.424006
-1.938197 -26.062597 18.078446 286.007518 0.661479 0.749957 -0.002961 0.473665 -0.414715 0.776951 -0.581452 0.515340 0.629554
-2.167309 -22.008310 26.798820 304.973524 0.675501 0.737210 0.014863 0.615627 -0.574960 0.538910 -0.405835 0.354884 0.842232
-1.698553 -22.367103 32.886190 245.820193 0.678564 0.734356 -0.016487 0.573348 -0.515490 0.636822 -0.459156 0.441577 0.770834
-2.794378 -25.551159 32.446699 487.290120 0.653274 0.755958 0.041964 0.555666 -0.516360 0.651619 -0.514266 0.402368 0.757384
-1.488841 -25.113036 37.577346 303.259914 0.679118 0.732963 -0.039544 0.463627 -0.386556 0.797260 -0.569077 0.559768 0.602339
-2.733760 -29.612454 27.500332 435.972800 0.635602 0.771311 0.033002 0.405602 -0.370000 0.835815 -0.656884 0.517860 0.548018
-1.662348 -19.151463 66.239126 52.079307 -0.079247 -0.049676 0.995617 -0.406552 0.913532 0.013220 -0.910184 -0.403722 -0.092590
-1.259341 -18.855046 73.041623 -18.265731 -0.080162 0.004987 0.996769 -0.558274 0.828206 -0.049041 -0.825775 -0.560402 -0.063606
-0.479146 -19.081556 77.134470 8.052580 -0.066404 0.027837 0.997404 -0.474076 0.878696 -0.056086 -0.877976 -0.476570 -0.045153
0.793112 -5.811363 73.357413 -74.018538 -0.137474 0.982569 0.125140 -0.980493 -0.152912 0.123496 -0.140479 0.105721 -0.984423
0.531589 -6.731362 75.359675 -79.367516 -0.233983 0.962372 0.138173 -0.946299 -0.258039 0.194768 -0.223094 0.085181 -0.971068
1.938550 -5.570064 100.274117 -54.452452 -0.102416 0.988910 0.107554 -0.977340 -0.120170 0.174256 -0.185248 0.087270 -0.978809
2.497790 -4.706850 82.395554 -47.180296 -0.015947 0.996619 0.080597 -0.994011 -0.024517 0.106493 -0.108109 0.078416 -0.991042
3.803648 -4.794389 125.482403 -33.672724 -0.036331 0.997825 0.055004 -0.983628 -0.045427 0.174394 -0.176513 0.047768 -0.983139
0.132032 -28.802238 -29.571890 153.341320 0.120050 -0.204118 -0.971557 0.983446 -0.109342 0.144491 -0.135725 -0.972821 0.187613
0.128616 -29.980283 -21.947312 -457.654738 0.112511 -0.204552 -0.972368 0.877698 -0.438296 0.193759 -0.465819 -0.875246 0.130222
-0.542184 -28.457942 7.074165 -246.385660 0.127771 -0.179342 -0.975454 0.930766 -0.318018 0.180386 -0.342563 -0.930968 0.126292
-0.412086 -27.705290 -16.237061 403.281504 0.125625 -0.192630 -0.973197 0.991481 0.058411 0.116423 0.034419 -0.979531 0.198327
9.809424 -65.674230 351.870991 976.308288 -0.499833 -0.647720 -0.575001 0.866115 -0.376458 -0.328822 -0.003479 -0.662373 0.749166
6.197823 -76.030201 563.459497 -1890.646817 -0.393806 -0.566096 -0.724190 0.850218 -0.523765 -0.052914 -0.349351 -0.636557 0.687567
10.945884 -88.311088 -132.649960 -3365.522325 0.538277 0.681820 0.495357 0.754442 -0.651795 0.077334 -0.375599 -0.332091 0.865240
12.320321 -61.460920 -295.847314 -392.127061 -0.562603 -0.757549 -0.331054 0.826538 -0.523967 -0.205654 -0.017668 -0.389330 0.920929
9.858087 -59.743633 -61.966280 2250.417396 -0.553520 -0.751346 -0.359298 0.721445 -0.217032 -0.657583 0.416093 -0.623199 0.662186
-268.591965 -1091.906222 -13168.710132 95758.270822 0.331525 0.926169 0.179725 -0.451413 0.322998 -0.831805 0.828443 -0.194634 -0.525167
-74.042468 -715.686086 -7149.900065 109956.016117 0.507233 0.814998 0.280164 0.822092 -0.360023 -0.441076 -0.258611 0.454049 -0.852619
-995.951485 -1966.115907 34842.699053 -96475.552498 -0.637309 0.304969 -0.707694 0.298666 0.944330 0.137982 0.710377 -0.123427 -0.692914
-111.050728 -1611.280384 -6083.022069 -206665.953594 0.369853 0.926700 0.066603 0.778144 -0.269799 -0.567186 0.507642 -0.261602 0.820892
0.222175 -5.631070 -12.244819 16.912316 -0.248804 0.933730 -0.257382 -0.810612 -0.055304 0.582967 -0.530099 -0.353681 -0.770652
0.471329 -5.553846 -41.910864 25.814194 -0.213180 0.932644 -0.291083 -0.832954 -0.017782 0.553057 -0.510629 -0.360360 -0.780640
0.898264 -5.471725 -44.474379 14.591075 -0.199555 0.932720 -0.300351 -0.803078 0.019955 0.595540 -0.561465 -0.360048 -0.745065
0.680338 -5.414703 -29.547103 8.961295 -0.237608 0.932315 -0.272636 -0.768583 -0.008815 0.639690 -0.593989 -0.361539 -0.718656
4.356857 -2.905069 -52.123478 -19.180195 0.741710 0.234305 0.628465 0.146475 0.857798 -0.492673 -0.654532 0.457475 0.601918
4.004912 -2.794013 -133.570965 -10.044561 0.674139 0.220021 0.705072 0.170960 0.882195 -0.438753 -0.718546 0.416320 0.557108
2.864799 -2.870626 -133.739423 5.368097 0.659386 0.210067 0.721860 0.217877 0.865570 -0.450909 -0.719541 0.454600 0.524976
3.542128 -3.055126 -75.158142 -12.298662 0.735716 0.259112 0.625766 0.163144 0.828923 -0.535042 -0.657348 0.495729 0.567580
-2.794646 -10.624736 -1.118323 -13.149910 0.018963 0.105208 0.994269 -0.187460 0.977187 -0.099825 -0.982089 -0.184492 0.038252
-2.022244 -9.847559 -19.854179 -98.011400 -0.009022 0.126612 0.991911 -0.344563 0.930809 -0.121947 -0.938720 -0.342876 0.035228
-1.948625 -9.834962 38.800803 -101.185286 0.077232 0.026422 0.996663 -0.322304 0.946636 -0.000121 -0.943480 -0.321219 0.081626
2.440117 -2.676955 31.525989 -46.256530 0.790386 0.087522 0.606326 -0.010027 0.991458 -0.130043 -0.612528 0.096704 0.784511
1.928399 -2.318086 113.382611 -53.945605 0.823716 0.058796 0.563946 0.006246 0.993608 -0.112715 -0.566969 0.096368 0.818083
2.476724 -1.858245 44.152214 -38.206461 0.801487 0.096284 0.590209 -0.030946 0.992309 -0.119858 -0.597210 0.077800 0.798303
8.457559 -6.251836 -377.270807 3.048941 -0.672026 -0.632750 -0.384718 0.721546 -0.442626 -0.532405 0.166593 -0.635381 0.754014
7.021533 -6.177077 0.910448 47.758790 -0.706516 -0.466510 -0.532168 0.707302 -0.490587 -0.508968 -0.023636 -0.735998 0.676571
6.085723 -6.240526 -280.452392 2.727035 -0.651249 -0.648374 -0.394317 0.754395 -0.496844 -0.428991 0.082233 -0.576851 0.812699
0.783050 -6.213435 24.822353 -58.246064 0.026515 0.988923 0.146042 -0.143494 0.148345 -0.978470 0.989296 -0.004988 -0.145838
1.087432 -5.828492 21.470383 -28.475576 0.052593 0.979468 0.194620 -0.143435 0.200278 -0.969183 0.988261 -0.023057 -0.151023
1.228492 -5.762526 18.880432 -4.348398 0.048409 0.977201 0.206726 -0.090369 0.210405 -0.973429 0.994731 -0.028442 -0.098494
1.016869 -6.132208 27.627060 -8.771297 0.027904 0.982762 0.182759 -0.065920 0.184241 -0.980668 0.997435 -0.015317 -0.069925
11.233794 -434.428618 -1787.945050 23682.279947 0.485741 -0.197905 -0.851404 0.590164 -0.644258 0.486454 -0.644796 -0.738759 -0.196146
-42.139875 -975.604540 -2367.993358 -60765.025252 0.702081 -0.209461 -0.680594 -0.566948 0.413888 -0.712227 -0.430874 -0.885902 -0.171829
-7.028592 -57.416913 297.796690 -2227.208100 0.751053 -0.248543 -0.611675 -0.579839 0.194777 -0.791106 -0.315764 -0.948835 -0.002173
1.140337 -775.612645 -105.642495 44819.807641 0.522289 -0.232784 -0.820381 0.649979 -0.514090 0.559677 -0.552033 -0.825544 -0.117199
-19.877462 -200.487987 899.514477 -7939.972336 -0.527573 0.475827 0.703744 0.051273 0.844737 -0.532720 -0.847961 -0.244966 -0.470058
-5.964303 -35.054779 -167.216861 1962.072822 -0.165386 0.615844 0.770314 0.366743 0.763461 -0.531626 -0.915504 0.194584 -0.352122
-5.086506 -48.008204 -224.359031 2108.377241 -0.189482 0.619425 0.761846 0.030648 0.779255 -0.625957 -0.981406 -0.095259 -0.166639
-9.950563 -46.076736 -312.086553 2101.172519 -0.076683 0.621619 0.779557 0.300794 0.759855 -0.576320 -0.950601 0.190292 -0.245247
-8.114203 -13.582810 -188.705697 777.293447 -0.162341 0.465836 0.869852 0.407927 0.834371 -0.370703 -0.898466 0.294656 -0.325480
-14.920781 -41.117329 -419.472582 2034.398829 0.033325 0.642405 0.765640 0.398800 0.693890 -0.599562 -0.916432 0.325318 -0.233067
-15.422728 -50.602953 -465.896423 2002.453173 0.038767 0.647346 0.761210 0.016955 0.761246 -0.648241 -0.999104 0.038037 0.018535
-0.571912 -19.472365 93.180519 -48.733743 0.207347 -0.585920 -0.783393 0.970571 0.022956 0.239719 -0.122473 -0.810044 0.573437
-1.068237 -25.261215 95.798401 -771.178036 0.327047 -0.538732 -0.776407 0.943941 0.225267 0.241309 0.044898 -0.811802 0.582205
-3.211370 -30.687615 86.284378 -1004.547891 0.352311 -0.574978 -0.738429 0.935850 0.209792 0.283148 -0.007887 -0.790815 0.612005
-0.676969 -31.760953 95.005103 1165.139506 0.171242 -0.605806 -0.776966 0.945001 -0.122051 0.303441 -0.278656 -0.786195 0.551587
1.083867 -30.218410 78.920609 865.275158 0.167440 -0.603167 -0.779842 0.964031 -0.065445 0.257606 -0.206416 -0.794925 0.570514
-3.039581 -22.319180 115.038643 -71.175728 0.226758 -0.612420 -0.757313 0.957494 -0.002163 0.288446 -0.178288 -0.790530 0.585898
-1.784378 -11.588381 -60.438784 55.837247 -0.127374 0.972060 0.197166 0.982225 0.151254 -0.111163 -0.137879 0.179502 -0.974048
-1.142295 -11.944736 -10.868501 -77.680493 -0.102779 0.975408 0.194975 -0.976242 -0.136504 0.168281 -0.190757 0.173047 -0.966264
-1.477552 -12.014433 -58.560243 -60.308350 -0.149831 0.968125 0.200713 -0.954887 -0.194337 0.224552 -0.256400 0.158013 -0.953568
-1.360896 -11.556265 -42.980541 -40.316356 -0.212565 0.947708 0.238044 -0.922862 -0.274775 0.269861 -0.321158 0.162319 -0.933011
-2.007415 -12.268455 -90.186047 -114.299417 -0.142960 0.967107 0.210397 -0.970821 -0.178377 0.160273 -0.192531 0.181346 -0.964389
2.560933 -16.396135 -1252.825959 -680.318148 0.192052 0.972189 -0.134033 -0.113516 -0.113652 -0.987014 0.974797 -0.204773 -0.088532
-3.969844 -13.126458 -524.375051 -131.318386 -0.050840 0.993667 -0.100203 -0.293746 -0.110773 -0.949443 0.954531 0.018836 -0.297517
-7.018903 -9.365575 -453.490642 -130.246473 0.056009 0.997928 -0.031673 -0.111535 -0.025271 -0.993439 0.992181 -0.059174 -0.109889
2.474041 -13.171013 -1321.542147 -636.342787 0.291831 0.954949 0.053925 0.004348 0.055054 -0.998474 0.956460 -0.291620 -0.011915
23.671278 -40.126000 -1888.605645 -2545.249940 0.188298 0.980770 -0.051326 0.134714 -0.077560 -0.987844 0.972829 -0.179095 0.146728
-3.318316 -9.452496 -53.021259 13.508999 -0.161157 0.975859 0.147406 0.906296 0.087201 0.413550 -0.390712 -0.200239 0.898470
-3.959143 -9.407744 -25.528432 9.850065 -0.144629 0.986583 0.075736 0.904687 0.100844 0.413970 -0.400778 -0.128389 0.907134
-3.589176 -9.435123 -45.143436 -24.219407 -0.168866 0.979506 0.109786 0.842205 0.085531 0.532330 -0.512030 -0.182355 0.839388
-4.296553 -9.362124 -40.539237 -28.022686 -0.138217 0.989052 0.051694 0.845494 0.090651 0.526234 -0.515787 -0.116442 0.848767
-2.972862 -9.593080 -53.843615 -14.791365 -0.191229 0.969020 0.156310 0.847925 0.082871 0.523599 -0.494424 -0.232666 0.837503
-3.186285 -9.547013 -43.099091 -43.476671 -0.216712 0.968888 0.119551 0.770273 0.094468 0.630678 -0.599763 -0.228763 0.766781
-3.881289 -9.105443 -56.426081 -43.212769 -0.167219 0.981800 0.090038 0.772129 0.073624 0.631186 -0.613069 -0.175067 0.770388
-0.089924 -6.593127 10.223786 66.327250 -0.046462 0.996893 0.063601 0.591411 0.078763 -0.802514 0.805030 -0.000327 0.593233
0.361270 -6.772482 -29.199865 63.621143 -0.001608 0.999810 0.019450 0.634807 0.016049 -0.772504 0.772669 -0.011105 0.634712
-0.067353 -5.947259 -44.711150 58.755554 -0.016705 0.998697 0.048226 0.559476 0.049311 -0.827379 0.828678 -0.013160 0.559570
-0.325701 -5.572702 0.120060 56.098050 -0.076307 0.991250 0.107704 0.509341 0.131614 -0.850441 0.857175 0.010037 0.514927
9.735369 -14.299795 -369.447614 -463.406809 0.909408 0.166691 0.381040 0.277468 0.439323 -0.854404 0.309821 -0.882728 -0.353273
6.181034 -13.204344 -186.007074 -590.590743 0.918579 0.114639 0.378248 0.323385 0.332219 -0.886032 0.227234 -0.936210 -0.268097
12.546754 -7.815486 -386.157191 -333.496599 0.915687 0.248417 0.315920 0.245876 0.275524 -0.929318 0.317902 -0.928642 -0.191214
17.250724 -5.620015 -469.930097 -265.290178 0.865226 0.384559 0.321713 0.218439 0.288430 -0.932251 0.451297 -0.876882 -0.165555
16.431148 -9.760780 -550.210118 -374.911067 0.886302 0.310472 0.343623 0.215673 0.379902 -0.899533 0.409822 -0.871368 -0.269748
5.915577 -6.604254 -877.244214 129.399722 -0.331565 -0.313385 -0.889862 -0.347270 0.917534 -0.193736 0.877193 0.244787 -0.413051
-2.029095 -8.913434 57.247807 -42.936718 0.146686 0.791400 0.593438 -0.590921 0.551223 -0.589038 0.793282 0.264271 -0.548511
-2.357774 -5.781169 50.699292 -193.155741 0.003960 0.854617 0.519245 -0.633768 0.403794 -0.659764 0.773513 0.326467 -0.543228
-1.206456 -5.734314 45.209797 9.458886 -0.080193 0.987004 0.139255 -0.508510 0.079648 -0.857364 0.857313 0.139567 -0.495515
-1.724794 -5.921158 14.849718 2.301614 -0.036887 0.989928 0.136684 -0.454505 0.105193 -0.884511 0.889980 0.094750 -0.446047
-1.723563 -5.776995 19.871487 10.915998 -0.059174 0.991490 0.115961 -0.538140 0.066156 -0.840255 0.840776 0.112124 -0.529646
-1.336235 -5.516917 40.311194 28.009895 -0.085846 0.988967 0.120725 -0.598282 0.045722 -0.799980 0.796673 0.140903 -0.587757
-1.916317 -5.325782 21.613667 35.981777 -0.055493 0.993966 0.094616 -0.613554 0.040813 -0.788597 0.787700 0.101814 -0.607587
-1.346874 -8.577649 42.893751 119.690451 0.858772 0.106956 -0.501070 0.353090 -0.832202 0.427514 0.371266 0.544059 0.752437
-1.684740 -7.842661 14.313409 99.445682 0.837050 0.181183 -0.516256 0.407913 -0.835503 0.368159 0.364629 0.518755 0.773265
-1.011343 -7.124807 39.758506 64.710522 0.835348 0.152158 -0.528244 0.361773 -0.875676 0.319861 0.413902 0.458300 0.786541
-0.426927 -6.932035 37.308082 -55.951753 0.843118 0.112841 -0.525756 -0.316669 0.894402 -0.315858 0.434595 0.432796 0.789820
-0.697701 -7.911894 49.990176 133.763630 0.845009 0.111768 -0.522942 0.338630 -0.868697 0.361517 0.413872 0.482569 0.771905
-17.484979 -44.460275 -501.128548 1849.307396 0.883163 0.078663 0.462424 -0.446709 -0.159682 0.880314 -0.143089 0.984029 0.105885
-29.578302 -55.373935 -945.187183 -2509.865309 0.851240 0.127661 -0.509012 0.519199 -0.063836 0.852266 -0.076308 0.989761 0.120622
-27.197383 -178.291868 -1467.481475 -9015.143979 0.451333 0.139296 0.881416 0.892339 -0.076485 -0.444839 0.005451 0.987293 -0.158819
-13.856332 -34.511147 -292.934358 -1576.486049 0.679884 0.120560 0.723341 0.715121 0.109386 -0.690389 -0.162356 0.986661 -0.011845
0.050616 -15.636789 -17.450789 5.564272 0.578153 0.771239 -0.266325 0.787278 -0.613035 -0.066196 0.214320 0.171401 0.961607
-0.057327 -16.721397 9.758150 157.004343 -0.558396 -0.785501 0.266801 0.825139 -0.559116 0.080839 0.085674 0.265288 0.960355
0.084429 -17.384923 19.202567 149.316242 -0.558306 -0.785735 0.266300 0.827854 -0.548650 0.116795 0.054335 0.285665 0.956788
0.082332 -18.577369 22.926553 213.357165 -0.544703 -0.797150 0.260480 0.830854 -0.470765 0.296752 -0.113931 0.378063 0.918743
0.165638 -16.339378 26.748434 -19.302199 -0.583185 -0.769476 0.260388 0.794357 -0.607256 -0.015408 0.169978 0.197855 0.965381
0.279939 -17.683865 34.524850 137.785493 -0.567885 -0.783687 0.251677 0.822304 -0.553667 0.131408 0.036362 0.281579 0.958849
0.218027 -19.152716 15.671893 201.785367 -0.549521 -0.791248 0.268240 0.825398 -0.464420 0.320987 -0.129404 0.397794 0.908303
-4.220019 -27.344204 88.320614 855.281174 -0.913132 -0.306023 0.269332 -0.332532 0.941316 -0.057851 -0.235823 -0.142387 -0.961308
-6.885973 -51.167219 -166.083938 1863.534663 0.739079 0.505277 -0.445485 -0.652076 0.702560 -0.284967 -0.168993 -0.501103 -0.848727
-3.572330 -30.949604 -81.666313 854.758055 0.835348 0.407149 -0.369354 -0.500121 0.841782 -0.203178 -0.228192 -0.354447 -0.906805
-2.612757 -3.546454 -114.318357 29.236484 0.851747 -0.076913 0.518277 -0.022658 0.982835 0.183091 -0.523463 -0.167691 0.835384
-2.075841 -4.109579 -113.516850 42.669273 0.828988 0.114523 0.547415 -0.227020 0.963448 0.142233 -0.511117 -0.242184 0.824685
-3.319248 -3.941513 -87.223871 15.662555 0.872924 -0.175253 0.455292 0.055645 0.962926 0.263966 -0.484673 -0.205087 0.850312
-3.585946 -4.466241 -79.447673 20.598046 0.870424 0.076436 0.486333 -0.192972 0.961792 0.194211 -0.452907 -0.262895 0.851917
-1.459064 -14.374600 -23.439091 -248.798021 0.885038 -0.000085 0.465519 0.406013 0.489340 -0.771816 0.227732 -0.872093 -0.433119
-1.010119 -14.307351 -33.669024 -340.108541 0.902372 -0.011530 0.430805 0.379015 0.497016 -0.780591 0.205117 -0.867665 -0.452863
-1.553707 -18.101188 -38.658625 -332.777326 0.896951 0.001053 0.442129 0.339817 0.638096 -0.690911 0.282848 -0.769956 -0.571983
-2.155390 -17.869703 -31.179997 -300.086263 0.874487 0.005896 0.485013 0.372621 0.631981 -0.679524 0.310526 -0.774961 -0.550463
-0.748600 -11.150286 -19.947104 -81.480186 0.899847 -0.094136 -0.425927 0.412646 -0.132849 0.901152 0.141415 0.986656 0.080698
-1.344970 -11.690119 -56.578757 -89.402445 0.919289 -0.103193 -0.379815 0.346480 -0.245602 0.905335 0.186708 0.963862 0.190025
-1.393934 -10.521453 -64.855892 -72.015406 0.908398 -0.082942 -0.409798 0.404336 -0.075213 0.911513 0.106425 0.993712 0.034787
-0.948528 -10.387377 -37.259949 -20.336876 0.900209 -0.085198 -0.427043 0.431470 0.042078 0.901146 0.058807 0.995475 -0.074640
-0.452347 -10.237355 8.527290 -93.861756 0.888496 -0.102412 -0.447311 0.450416 0.008222 0.892781 0.087753 0.994708 -0.053434
-3.146742 -9.827201 90.398849 -167.148892 0.902546 0.340176 -0.263992 -0.027983 0.658130 0.752384 -0.429684 0.671674 -0.603511
-2.916086 -8.725972 81.269982 -85.886352 0.890486 0.372027 -0.261973 -0.085561 0.702392 0.706629 -0.446893 0.606829 -0.657302
-4.443562 -9.800334 92.351253 -136.468534 0.864071 0.434901 -0.253461 -0.080742 0.616756 0.783002 -0.496852 0.656105 -0.568036
-2.147606 -9.251519 40.405370 -118.329998 0.905688 0.305539 -0.293898 -0.006415 0.703042 0.711119 -0.423897 0.642166 -0.638697
-1.044533 -19.740789 -14.342011 110.760783 0.684018 -0.012766 -0.729353 0.110080 0.990203 0.085906 0.721111 -0.139048 0.678722
-0.822729 -19.050632 -8.071655 192.835238 0.693157 -0.004914 -0.720770 0.172436 0.972070 0.159203 0.699856 -0.234639 0.674645
-1.084214 -21.039899 -6.399174 212.785859 0.687904 0.018875 -0.725556 0.268371 0.922199 0.278434 0.674362 -0.386254 0.629320
-1.364643 -21.539435 -12.466451 289.579659 0.669995 0.002580 -0.742361 0.186550 0.967321 0.171727 0.718544 -0.253543 0.647619
-5.125615 -14.485058 94.568442 -69.628452 0.877272 0.053057 0.477053 -0.361918 0.725960 0.584805 0.315294 0.685687 -0.656067
-4.569254 -13.151126 38.736584 -103.554515 0.866726 0.048935 0.496378 -0.310517 0.831744 0.460197 0.390339 0.552999 -0.736089
-5.729921 -12.975587 79.564273 -165.063708 0.894482 0.076023 0.440593 -0.278955 0.865005 0.417075 0.349408 0.495971 -0.794938
-5.103607 -11.177618 -43.640343 -171.259979 -0.880750 -0.079731 -0.466821 -0.230569 0.933203 0.275626 0.413663 0.350392 -0.840303
2.941505 -165.026574 -248.395800 10340.713483 0.776941 0.194444 -0.598794 -0.324751 0.938587 -0.116584 0.539351 0.285038 0.792372
-5.034947 -155.933265 266.122714 -8515.007513 -0.643354 -0.133708 0.753802 0.653817 -0.608193 0.450139 0.398270 0.782447 0.478704
-8.165092 -468.361209 -603.842224 36539.813848 0.636801 0.257670 -0.726699 -0.173352 0.966222 0.190692 0.751288 0.004541 0.659959
131.437970 -5747.002457 546.060219 425248.447942 0.680600 0.379911 -0.626460 -0.352756 -0.579498 -0.734673 0.642143 -0.721006 0.260390
0.134722 -116.636811 -44.413188 6527.300383 0.640228 0.407775 -0.651021 -0.421275 -0.522298 -0.741439 0.642367 -0.748949 0.162605
3.474763 -0.761081 197.546796 -26.745849 -0.771760 -0.466485 -0.432180 -0.409198 0.884520 -0.224010 0.486769 0.003966 -0.873522
1.696608 -2.256870 -99.763939 123.331987 0.439783 0.867100 0.233942 -0.747063 0.497773 -0.440589 0.498484 -0.018994 -0.866691
3.587693 -0.224852 113.054202 47.637605 -0.654341 -0.638623 -0.404967 -0.563336 0.768923 -0.302342 0.504471 0.030298 -0.862897
2.838657 -1.426990 -36.697819 147.997880 0.387068 0.885499 0.257040 -0.762561 0.464139 -0.450638 0.518342 0.021581 -0.854901
3.227888 0.527679 -27.209383 102.984375 0.530646 0.745595 0.403116 -0.659022 0.662023 -0.356953 0.533015 0.076247 -0.842664
4.963148 0.882724 162.226883 -20.493615 -0.759869 -0.367526 -0.536212 -0.343521 0.927287 -0.148767 0.551899 0.071157 -0.830870
-1.258758 -3.164956 18.174828 34.649616 -0.338862 0.940834 0.002181 0.897997 0.324123 -0.297566 0.280667 0.098875 0.954699
-1.000318 -2.981256 -7.913392 11.404466 -0.474640 0.878574 0.053148 0.819686 0.463211 -0.336972 0.320673 0.116375 0.940013
-1.241704 -3.558504 -2.532157 29.399800 -0.239282 0.970042 -0.041985 0.934555 0.218369 -0.280930 0.263345 0.106459 0.958810
-0.782242 -2.765578 -21.484079 -4.030680 -0.642357 0.752170 0.147028 0.690240 0.651150 -0.315552 0.333086 0.101213 0.937448
-1.282894 -4.012911 9.360888 35.320369 -0.184837 0.980960 -0.059608 0.960103 0.167290 -0.224090 0.209851 0.098650 0.972744
-1.544239 -3.934131 39.508669 46.674788 -0.241117 0.969740 -0.038291 0.945149 0.225678 -0.236141 0.220354 0.093128 0.970964
-1.575644 -3.362717 22.833174 53.251283 -0.373368 0.927224 0.029202 0.888059 0.366345 -0.277746 0.268230 0.077769 0.960211
-1.325346 -2.915290 -19.437701 29.195083 -0.604579 0.784148 0.139985 0.733583 0.616606 -0.285750 0.310386 0.070068 0.948025
-1.835536 -11.318516 -2.945072 -13.308743 0.591513 0.675926 -0.439586 -0.530803 0.736829 0.418725 0.606927 -0.014348 0.794628
-1.739376 -11.239316 9.357872 23.396619 0.598848 0.686063 -0.413158 -0.526670 0.726010 0.442187 0.603324 -0.047205 0.796098
-1.685517 -11.182063 6.459066 81.665468 0.590568 0.679295 -0.435646 -0.467368 0.727998 0.501584 0.657873 -0.092612 0.747413
-1.719311 -11.702111 -7.031430 41.146250 0.585563 0.665447 -0.462921 -0.470421 0.744024 0.474481 0.660166 -0.060071 0.748714
10.010085 -2.133408 -411.731813 -111.741029 -0.041631 0.967781 -0.248330 -0.311271 -0.248739 -0.917191 0.949409 -0.039114 -0.311597
13.070739 -0.585732 -125.530952 -87.205441 -0.316241 0.915533 -0.248577 -0.284690 -0.341534 -0.895716 0.904955 0.212495 -0.368650
9.763702 -2.907970 -78.813203 -160.676221 -0.149949 0.980203 -0.129299 -0.312092 -0.171018 -0.934533 0.938144 0.099779 -0.331558
18.224469 -389.769101 -3707.139308 2577.991354 0.888775 -0.441794 -0.122050 -0.329476 -0.800937 0.499946 0.318628 0.404127 0.857414
-513.127884 -2119.086932 -38104.527703 211159.296415 0.762687 -0.602686 0.234687 -0.322682 -0.040107 0.945657 0.560522 0.796970 0.225065
-73.142025 -495.060321 -3955.223701 35897.850397 0.849452 -0.511433 0.129873 -0.198120 -0.081007 0.976825 0.489060 0.855496 0.170137
-17.650509 -249.290734 146.142122 -3426.914914 -0.769462 0.587817 -0.249799 0.255386 0.641650 0.723231 0.585411 0.492703 -0.643846
-54.751632 -165.390884 -2847.408972 12783.730200 0.615808 -0.617135 0.489821 -0.515270 0.154864 0.842920 0.596051 0.771467 0.222624
-103.269647 -383.345551 -6552.145915 17378.206344 0.845908 -0.255908 0.467922 -0.246435 0.590532 0.768467 0.472980 0.765365 -0.436471
2.451271 -33.541302 -214.162005 -1064.528452 -0.496503 0.866977 0.042837 -0.506313 -0.249166 -0.825568 0.705075 0.431586 -0.562674
3.536180 -29.359076 -102.248886 -990.741464 -0.549546 0.828383 0.108538 -0.459780 -0.191398 -0.867161 0.697568 0.526449 -0.486056
3.355005 -39.884971 -121.512451 -1272.597820 -0.549852 0.830046 0.093201 -0.618004 -0.329226 -0.713920 0.561902 0.450149 -0.693997
-6.844013 -14.227007 -55.513315 550.288765 0.362661 0.924074 0.120684 -0.903579 0.380365 -0.197147 0.228082 0.037550 -0.972917
-5.206973 -14.067462 -246.035725 153.941668 0.323164 0.946195 0.016746 -0.834368 0.293231 -0.466740 0.446537 -0.136861 -0.884236
7.328704 -6.953519 -17.448878 -63.274893 -0.320340 0.927787 -0.191297 -0.330663 0.079723 0.940376 -0.887719 -0.364494 -0.281246
6.287209 -6.497326 55.755820 66.303690 -0.238591 0.949339 -0.204521 -0.396811 0.096914 0.912770 -0.886349 -0.298935 -0.353586
1.920618 -3.412822 -516.978868 -180.987238 -0.734841 -0.015165 0.678070 -0.358870 0.857029 -0.369748 -0.575519 -0.515044 -0.635222
3.687564 -6.512621 -620.799517 -86.613468 -0.762410 0.031448 0.646330 -0.270146 0.892146 -0.362072 -0.588008 -0.450651 -0.671685
-2.633331 -7.961086 375.287980 -126.859018 -0.637171 0.313902 0.703902 -0.099042 0.872381 -0.478687 -0.764332 -0.374721 -0.524767
-8.347119 -119.157956 -308.333439 8998.145410 -0.377135 0.892453 -0.247581 -0.213576 0.176312 0.960885 -0.901196 -0.415261 -0.124113
-0.574612 -2.777632 -30.712235 -14.725834 0.130454 0.911667 0.389673 -0.853639 0.303182 -0.423535 0.504264 0.277388 -0.817786
0.058096 -7.220305 -130.371260 9.947931 -0.302941 0.929328 -0.211131 0.150549 0.265427 0.952304 -0.941043 -0.256706 0.220318
0.936043 -7.313214 -176.000922 -7.051294 -0.320873 0.919684 -0.226322 0.022385 0.246255 0.968947 -0.946858 -0.305842 0.099603
1.592484 -7.239202 -102.099408 5.102985 -0.290882 0.930009 -0.224655 0.114940 0.267076 0.956796 -0.949830 -0.252493 0.184583
1.373738 -7.073170 -141.175887 8.524713 -0.301817 0.929706 -0.211076 0.205834 0.279725 0.937756 -0.930881 -0.239584 0.275791
1.258344 -6.031024 38.799887 88.149726 -0.064435 0.965957 0.250548 -0.098350 -0.255995 0.961662 -0.993064 -0.037323 -0.111497
1.381599 -11.037308 6.614894 77.469949 -0.097300 0.956329 0.275623 0.951677 0.170451 -0.255455 0.291279 -0.237448 0.926701
1.259935 -10.594198 20.535549 80.891007 -0.094198 0.963381 0.251047 0.899206 0.190555 -0.393849 0.427265 -0.188643 0.884228
1.244949 -10.403619 -10.174132 126.926677 -0.082633 0.951776 0.295455 0.892970 0.202341 -0.402072 0.442466 -0.230608 0.866628
3.211062 -14.641751 -116.841082 -351.755512 0.420391 0.907055 -0.022861 0.895554 -0.418846 -0.150171 0.145789 -0.042658 0.988396
4.412901 -13.850042 -25.445237 -264.481455 0.440537 0.887731 -0.133648 0.877435 -0.457257 -0.144997 0.189830 0.053391 0.980364
4.587421 -15.119703 -8.037478 -321.359759 0.430294 0.881817 -0.192991 0.836027 -0.469936 -0.283230 0.340451 0.039473 0.939433
1.162727 -25.325955 -48.141303 -72.786918 0.090609 0.941410 -0.324865 0.991195 -0.053624 0.121063 0.096550 -0.332974 -0.937980
0.690759 -22.609931 -27.117643 -230.829335 0.088978 0.945734 -0.312521 0.987434 -0.124897 -0.096825 -0.130604 -0.299979 -0.944963
0.968604 -25.697066 -43.469058 -175.784786 0.124045 0.941029 -0.314767 -0.908632 -0.019753 -0.417131 0.398750 -0.337750 -0.852598
-0.437090 -24.768868 30.887529 -108.270520 0.113743 -0.031928 -0.992997 0.968123 -0.220940 0.117997 -0.223160 -0.974765 0.005780
-0.166882 -24.310254 26.194037 209.500558 0.117286 -0.030914 -0.992617 0.989161 0.092552 0.113996 0.088345 -0.995228 0.041434
-0.520892 -23.621373 37.208947 445.117274 0.104153 -0.035711 -0.993920 0.960239 0.263883 0.091143 0.259024 -0.963893 0.061775
2.270189 -4.056889 133.413039 31.445641 0.870665 0.300880 0.389118 -0.028713 -0.758652 0.650863 -0.491037 0.577857 0.651893
3.295128 -3.603028 19.257748 -18.755008 0.810747 0.295631 0.505263 0.105279 0.775408 -0.622623 -0.575851 0.557984 0.597536
2.829965 -3.466978 -27.111768 -7.617972 0.785356 0.329582 0.524015 0.125475 0.744168 -0.656102 -0.606195 0.581024 0.543082
-1.777728 -6.333071 -65.096933 169.438529 0.376643 0.899436 -0.221708 -0.069563 -0.211195 -0.974965 0.923743 -0.382637 0.016978
-0.626146 -6.133851 -59.506914 39.775467 0.381956 0.857486 -0.344712 -0.156075 -0.307785 -0.938568 0.910906 -0.412293 -0.016272
-1.121745 -8.106968 -47.503894 265.548183 0.380027 0.912722 -0.150063 -0.021361 -0.153532 -0.987913 0.924729 -0.378639 0.038849
3.244297 -2.667711 -243.848578 45.101405 -0.135162 0.933997 -0.330728 0.980887 0.078977 -0.177832 -0.139975 -0.348442 -0.926820
0.720107 -1.991171 -302.861327 22.696372 -0.150560 0.919053 -0.364243 0.982585 0.098531 -0.157539 -0.108897 -0.381619 -0.917882
4.091837 -2.218320 -257.344857 9.263584 -0.024464 0.947477 -0.318888 0.993066 -0.013657 -0.116763 -0.114985 -0.319533 -0.940573
1.643024 -1.954161 -288.349740 -17.892884 0.015353 0.929976 -0.367299 0.995010 -0.050431 -0.086096 -0.098591 -0.364144 -0.926110
5.655150 -2.786218 -105.469191 26.844419 -0.035792 0.976149 -0.214131 0.989299 0.004282 -0.145841 -0.141445 -0.217060 -0.965856
4.601629 -2.385805 -185.792278 -24.919857 0.062096 0.956012 -0.286680 0.993869 -0.085557 -0.070038 -0.091485 -0.280574 -0.955463
6.131671 -2.521470 -76.329786 -2.194649 0.023844 0.975994 -0.216489 0.993718 -0.046824 -0.101646 -0.109342 -0.212705 -0.970979
-0.101983 -17.306503 -30.683389 -8.848633 -0.078177 0.982739 -0.167670 -0.083191 0.161168 0.983415 -0.993462 -0.090829 -0.069156
-0.265136 -17.957109 -35.291529 116.088289 -0.090370 0.986189 -0.138800 0.144005 0.150845 0.978012 -0.985442 -0.068396 0.155648
-0.150832 -16.915527 1.359508 124.620659 -0.046731 0.986894 -0.154456 0.091667 0.158209 0.983141 -0.994693 -0.031785 0.097859
-0.135156 -17.706933 -7.378212 -114.478518 -0.070351 0.982278 -0.173729 -0.184254 0.158367 0.970036 -0.980358 -0.100253 -0.169847
-0.110343 -16.676599 2.115111 -192.475607 -0.048351 0.982796 -0.178253 -0.345350 0.151006 0.926245 -0.937227 -0.106345 -0.332108
1.328550 -8.745824 19.825683 -54.723514 -0.014344 0.962359 0.271404 0.768519 0.184255 -0.612722 0.639666 -0.199790 0.742234
1.116622 -8.557632 -38.719830 -79.407497 0.068345 0.956160 0.284759 0.698077 0.158083 -0.698354 0.712753 -0.246512 0.656669
-2.004031 -19.392797 24.440309 181.580852 0.674722 0.738048 -0.006016 0.669734 -0.608804 0.425222 -0.310172 0.290936 0.905069
-2.631254 -20.227653 15.122695 280.642662 0.666912 0.742757 0.059500 0.635987 -0.609012 0.473945 -0.388262 0.278239 0.878542
-2.621066 -18.246329 29.464917 254.110139 0.681316 0.730614 0.044860 0.674253 -0.650253 0.350078 -0.284942 0.208267 0.935646
-2.354089 -18.288526 30.722964 238.891507 0.672430 0.740126 0.007189 0.705156 -0.643550 0.297655 -0.224929 0.195082 0.954646
-2.570238 -19.695892 90.310314 -51.465029 -0.085712 -0.018350 0.996151 -0.665179 0.745416 -0.043503 -0.741748 -0.666347 -0.076097
-4.134292 -18.199343 121.198851 11.075225 -0.083494 -0.077178 0.993515 -0.554318 0.832109 0.018056 -0.828106 -0.549216 -0.112257
-4.089920 -20.601161 -143.947209 25.655484 0.105240 0.007175 -0.994421 0.850546 -0.518777 0.086270 -0.515263 -0.854880 -0.060699
-2.058845 -19.348678 -109.353777 58.873734 0.096221 -0.031509 -0.994861 0.806821 -0.582862 0.096494 -0.582907 -0.811960 -0.030661
-4.653240 -18.193826 -137.720657 31.308991 0.106377 0.041980 -0.993439 0.730279 -0.681361 0.049405 -0.674816 -0.730743 -0.103138
-3.830561 -66.619220 283.630813 1789.525740 -0.300817 -0.552550 -0.777302 0.826460 0.255676 -0.501591 0.475891 -0.793296 0.379748
-6.372755 -73.933252 21.429082 2498.024061 -0.169056 -0.639456 -0.750011 0.775159 0.383721 -0.501883 0.608727 -0.666224 0.430809
-6.280551 -74.748975 52.143294 -611.326000 -0.192079 -0.627586 -0.754481 0.966017 0.014586 -0.258065 0.172963 -0.778411 0.603457
