15204
30384
-6.838416 -9.305393 -31.510537 189.207377 0.154377 0.950764 0.268731 -0.584956 0.307151 -0.750656 0.796238 0.041312 -0.603572
-7.192832 -9.591709 91.668789 107.160804 -0.154363 0.983767 -0.091514 -0.481092 -0.155743 -0.862725 0.862973 0.089146 -0.497323
-9.306716 -11.646909 93.503015 202.164518 0.112951 0.901451 0.417885 -0.416931 0.424758 -0.803585 0.901893 0.083464 -0.423820
-6.419708 -9.171886 -5.010739 98.723915 -0.316595 0.904813 -0.284748 -0.424850 -0.403656 -0.810287 0.848098 0.135558 -0.512205
-7.117471 -13.425193 -45.142414 301.027520 0.272880 0.824633 0.495497 -0.402751 0.565659 -0.719598 0.873686 0.003199 -0.486479
-3.080103 -12.317167 -185.860019 332.076468 0.313444 0.919005 0.239128 -0.522831 0.377228 -0.764426 0.792717 -0.114581 -0.598724
-3.561201 -9.266912 -136.039083 306.168974 0.286435 0.932851 0.218505 -0.634790 0.355598 -0.685997 0.717633 -0.057789 -0.694020
-4.746448 -6.296090 -30.731243 107.568647 -0.085578 0.988505 -0.124634 -0.697340 -0.148772 -0.701131 0.711614 -0.026910 -0.702056
-5.516788 -7.224110 30.969841 -89.349964 -0.518017 0.678981 -0.520233 0.398734 0.729754 0.555402 0.756749 0.080273 -0.648758
4.495639 -0.126913 253.025628 66.515819 0.713380 0.638344 -0.289148 -0.694976 0.697428 -0.174936 -0.089990 -0.325746 -0.941165
3.980640 -2.118034 442.147862 -219.343761 0.995009 0.017717 -0.098200 -0.053303 0.926310 -0.372972 -0.084356 -0.376345 -0.922631
6.324851 -2.412795 452.945632 -72.039616 0.915468 0.338374 -0.217762 -0.393579 0.865600 -0.309568 -0.083745 -0.369106 -0.925606
5.176671 -3.827456 202.117520 -138.753294 0.584424 0.762094 -0.278679 0.809067 -0.573560 0.128217 -0.062126 -0.300403 -0.951787
12.590389 -5.936127 1100.473384 -76.365530 0.950840 -0.291111 0.105626 0.309031 0.914037 -0.262746 0.020058 -0.282471 -0.959066
7.195004 -4.757036 539.976924 -136.900310 0.995427 -0.095430 -0.004372 0.088870 0.941839 -0.324101 -0.035046 -0.322230 -0.946012
3.780292 -5.563210 639.739323 -59.195219 0.937411 -0.341690 0.067146 0.346116 0.893063 -0.287476 -0.038262 -0.292724 -0.955431
11.823483 -6.697521 747.818023 -126.260098 0.975690 -0.212818 0.052330 0.218875 0.934140 -0.281914 -0.011113 -0.286515 -0.958011
-3.167296 -6.505522 97.190420 -5.891334 0.155718 0.987278 0.032143 -0.949881 0.140731 0.279142 -0.271067 0.073999 -0.959712
-3.350384 -6.777458 91.192703 -14.512948 0.146345 0.988293 0.043132 -0.909337 0.117231 0.399203 -0.389474 0.097642 -0.915847
-2.149939 -6.511175 128.715033 -4.541315 0.211474 0.976040 0.051231 -0.935212 0.186840 0.300783 -0.284004 0.111520 -0.952316
-1.103465 -8.944041 -36.178666 102.663826 -0.193371 0.979514 -0.056219 -0.532865 -0.056737 0.844296 -0.823810 -0.193220 -0.532920
-1.393772 -8.821881 -45.924713 60.984484 -0.220743 0.974149 -0.048029 -0.605728 -0.098330 0.789573 -0.764439 -0.203385 -0.611775
-0.637781 -7.877285 -22.899242 45.050513 -0.137626 0.982319 -0.126921 -0.542548 0.032441 0.839398 -0.828674 -0.184384 -0.528491
-0.616356 -7.360157 -14.712441 66.163302 -0.118063 0.983109 -0.139849 -0.462769 0.070134 0.883700 -0.878582 -0.169050 -0.446672
-0.803441 -7.888311 -1.021356 29.147435 -0.103125 0.994246 -0.028995 -0.993788 -0.104217 -0.039050 0.041847 -0.024787 -0.998817
-0.946433 -9.049402 -3.963175 50.782560 -0.051257 0.998258 -0.029233 -0.970762 -0.056676 -0.233257 0.234508 -0.016422 -0.971976
-0.861568 -8.191941 -0.581024 -30.215496 -0.090164 0.994707 -0.049281 0.995375 0.091651 0.028779 0.033144 -0.046458 -0.998370
-0.927318 -8.574345 4.329254 -37.240772 -0.074781 0.995057 -0.065334 0.996912 0.076172 0.019076 0.023958 -0.063706 -0.997681
-0.767926 -7.631058 1.909823 17.818004 -0.125416 0.990074 -0.063440 -0.977939 -0.112606 0.175942 -0.167052 -0.084106 -0.982354
-0.174669 -8.938757 8.916941 -33.107241 -0.135749 0.989182 -0.055604 -0.406501 -0.004428 0.913640 -0.903510 -0.146628 -0.402704
-0.103064 -8.255505 6.848849 -33.789870 -0.123485 0.988474 -0.087580 -0.560087 0.003431 0.828426 -0.819178 -0.151351 -0.553208
-0.271209 -9.260228 3.898785 -35.879766 -0.147268 0.987843 -0.049791 -0.419725 -0.016832 0.907495 -0.895624 -0.154543 -0.417101
-0.355009 -9.945818 1.683790 -39.440120 -0.159072 0.987195 -0.011955 -0.251135 -0.028750 0.967525 -0.954792 -0.156908 -0.252492
-0.306258 -9.570570 7.922161 -34.794193 -0.142301 0.989555 -0.023042 -0.238810 -0.011731 0.970995 -0.960583 -0.143676 -0.237985
1.116372 -13.896576 38.881920 74.557820 0.280471 0.959747 0.014880 -0.349180 0.087578 0.932954 -0.894097 0.266863 -0.359687
1.593314 -14.094279 22.383627 117.836780 0.247537 0.968861 -0.005803 -0.472655 0.125984 0.872196 -0.845768 0.213158 -0.489122
1.096760 -14.746919 38.547917 104.470555 0.281622 0.959431 0.013482 -0.513882 0.138944 0.846534 -0.810318 0.245331 -0.532164
2.338544 -7.885217 -37.006399 17.970353 0.225014 0.907055 0.355837 0.088557 0.344652 -0.934544 0.970323 -0.241797 0.002775
0.379026 -9.725085 -153.853025 117.263505 0.310834 0.934261 0.174754 0.120071 0.143791 -0.982297 0.942849 -0.326314 0.067483
1.582309 -8.652227 -110.615556 65.315946 0.280032 0.934929 0.217922 0.188314 0.169096 -0.967442 0.941340 -0.311952 0.128708
0.675089 -6.666402 -8.217148 -2.927927 -0.019903 0.999792 -0.004355 0.320387 0.010504 0.947229 -0.947078 -0.017457 0.320529
0.850602 -6.637161 -8.087042 -8.774013 -0.001464 0.998931 0.046204 0.216319 -0.044793 0.975295 -0.976322 -0.011423 0.216022
0.806172 -6.131147 -14.958544 -6.916005 -0.008281 0.999913 0.010238 0.314787 -0.007111 0.949136 -0.949126 -0.011083 0.314701
0.808847 -5.584959 -15.368308 40.478424 -0.034383 0.997818 -0.056370 0.414259 0.065558 0.907795 -0.909509 -0.007861 0.415609
0.881027 -5.077486 -13.541042 14.904177 -0.025806 0.997423 -0.066946 0.394528 0.071694 0.916083 -0.918522 0.002772 0.395361
0.817433 -5.456577 -8.091595 -5.908598 0.009164 0.999806 0.017412 0.310185 -0.019396 0.950478 -0.950632 0.003309 0.310303
-11.164899 -15.553336 339.400947 -122.902720 0.088250 0.996029 -0.011751 -0.402030 0.024822 -0.915290 0.911364 -0.085499 -0.402624
-10.716682 -13.917472 338.759392 430.580034 0.074761 0.997125 -0.012337 -0.540787 0.030146 -0.840619 0.837831 -0.069517 -0.541486
-8.826712 -13.865114 296.318613 -21.812383 0.000189 0.999966 0.008235 -0.450728 0.007436 -0.892631 0.892661 0.003543 -0.450714
1.697995 -6.174061 -61.568790 1.824757 -0.015560 0.992343 -0.122531 -0.956388 0.020978 0.291345 -0.291685 -0.121721 -0.948738
1.945951 -6.273552 -71.259854 -0.849705 -0.039609 0.991393 -0.124784 -0.913557 0.014659 0.406446 -0.404777 -0.130096 -0.905114
0.934992 -6.119572 -34.992782 -3.823142 -0.061487 0.991001 -0.118896 -0.957458 -0.024913 0.287495 -0.281946 -0.131515 -0.950374
0.749972 -5.965880 -25.527476 -10.985081 -0.032114 0.992716 -0.116116 -0.985995 -0.012443 0.166311 -0.163654 -0.119830 -0.979213
1.388845 -6.097124 -46.944322 -3.870171 0.013337 0.993107 -0.116452 -0.984513 0.033402 0.172102 -0.174806 -0.112353 -0.978172
-1.379065 -24.314181 -30.256218 -75.280819 -0.105841 0.876889 0.468897 0.871040 -0.145708 0.469104 -0.479674 -0.458078 0.748383
-1.236338 -25.069763 13.613768 26.042219 0.077570 -0.880593 -0.467482 0.966253 -0.049125 0.252867 -0.245638 -0.471321 0.847065
-1.068898 -23.677346 -9.456110 -67.263738 0.077056 -0.893041 -0.443329 0.901135 -0.127888 0.414247 -0.426636 -0.431419 0.794896
-1.106772 -21.850904 8.313748 -234.854346 -0.091570 0.895803 0.434915 0.775116 -0.210066 0.595875 -0.625148 -0.391675 0.675116
0.024251 -15.503895 -55.735045 -299.135991 0.199090 0.977058 0.075643 0.658459 -0.076203 -0.748749 0.725807 -0.198876 0.658523
-0.665247 -17.892867 -63.594367 -327.819770 0.212900 0.975506 0.055331 0.533945 -0.068732 -0.842721 0.818277 -0.208959 0.535499
-0.524121 -14.310489 -12.341957 -317.526924 0.163269 0.981018 0.104630 0.676361 -0.034091 -0.735781 0.718247 -0.190897 0.669088
-0.100051 -12.238798 -32.617656 -198.066133 0.133228 0.981099 0.140340 0.767905 -0.012666 -0.640439 0.626556 -0.193092 0.755078
-0.737286 -13.495516 21.425653 -313.244861 0.110730 0.985662 0.127318 0.679177 0.018478 -0.733742 0.725574 -0.167719 0.667393
-0.346281 -11.011206 4.637777 -186.568149 0.084755 0.982351 0.166741 0.766418 0.042664 -0.640924 0.636726 -0.182115 0.749276
2.478878 -2.336897 134.760544 1.555451 -0.681865 -0.106362 -0.723703 -0.432075 0.856890 0.281160 0.590229 0.504407 -0.630240
0.946227 -2.167447 69.216356 -0.380878 -0.563771 -0.325030 -0.759288 -0.588782 0.802868 0.093484 0.579222 0.499758 -0.644006
0.606624 -1.949055 126.758134 -3.134101 -0.685187 -0.113490 -0.719471 -0.412301 0.874728 0.254674 0.600438 0.471138 -0.646145
2.294472 -2.372422 174.876963 11.670239 -0.742871 0.064295 -0.666340 -0.266857 0.884431 0.382845 0.613946 0.462222 -0.639860
3.443185 -2.799764 58.937471 12.836077 -0.673584 0.044074 -0.737795 -0.337197 0.869958 0.359820 0.657710 0.491151 -0.571129
-1.168725 -125.598035 69.390530 -5770.485772 0.081369 0.992324 0.093127 -0.300621 -0.064650 0.951550 -0.950266 0.105423 -0.293053
-2.217754 -204.759384 191.618707 -11155.359728 0.118416 0.982778 0.141863 0.012226 -0.144300 0.989458 -0.992889 0.115434 0.029103
0.208449 -124.350246 246.126571 -6025.896761 0.116006 0.991995 0.049886 -0.379302 -0.002174 0.925271 -0.917972 0.126259 -0.376013
0.866575 -46.388762 37.030073 -1652.413522 0.071319 0.996727 0.038064 -0.626204 0.015038 0.779514 -0.776390 0.079431 -0.625227
0.880847 -77.588453 15.814563 -3304.599623 -0.020361 0.978891 0.203368 -0.590865 -0.175869 0.787368 -0.806513 0.104132 -0.581974
1.626675 -4.128736 53.658955 -4.812604 0.341494 0.924428 -0.169752 0.938550 -0.345020 0.009210 -0.050054 -0.162466 -0.985444
1.549677 -4.022878 113.663860 4.099813 0.457072 0.880638 -0.124749 0.887543 -0.460725 -0.000486 -0.057903 -0.110498 -0.992188
2.527872 -4.027950 110.132721 -0.194703 0.418212 0.896143 -0.148414 0.901849 -0.429152 -0.049976 -0.108478 -0.112947 -0.987662
-0.650265 -10.693361 7.515367 -94.003355 0.060247 0.478915 0.875791 0.891319 0.369165 -0.263188 -0.449356 0.796466 -0.404625
-0.058009 -12.531926 28.328438 -86.673447 0.053090 0.485596 0.872570 0.964672 0.200863 -0.170476 -0.258050 0.850794 -0.457777
-0.994463 -10.848887 5.740966 -91.003548 -0.006151 0.476041 0.879401 0.885423 0.411306 -0.216457 -0.464746 0.777311 -0.424028
-1.948238 -5.911279 -15.744082 -72.979409 -0.386240 0.755715 0.528880 -0.267833 -0.640556 0.719690 -0.882657 -0.136321 -0.449814
-2.186135 -6.604556 -23.014305 -59.577742 -0.378501 0.749929 0.542534 -0.180676 -0.634728 0.751317 -0.907796 -0.186352 -0.375739
-2.247697 -5.842785 -30.202584 -66.000423 -0.363575 0.765631 0.530681 -0.282474 -0.633454 0.720378 -0.887706 -0.112008 -0.446579
-0.329220 -17.450538 -2.942102 -120.918246 -0.096927 0.980000 -0.173799 -0.716361 0.052537 0.695749 -0.690965 -0.191939 -0.696941
-0.303098 -18.031834 -0.264077 12.044969 -0.101673 0.981795 -0.160442 -0.539854 0.081013 0.837851 -0.835596 -0.171802 -0.521789
-0.451730 -16.822611 -3.241986 -60.087717 -0.090575 0.982770 -0.161120 -0.707495 0.050363 0.704921 -0.700890 -0.177840 -0.690743
2.542719 -8.750653 -47.248227 -320.931596 -0.333848 0.941802 0.039425 0.922556 0.335039 -0.191414 0.193484 0.027531 0.980717
1.598788 -10.840814 -52.256931 -50.062928 -0.182082 0.981138 0.064915 0.944392 0.192882 -0.266308 0.273806 -0.012815 0.961700
1.880343 -7.333979 -73.417257 -78.625602 -0.246980 0.967452 0.055115 0.955566 0.252601 -0.151944 0.160921 -0.015139 0.986851
2.470427 -4.983765 -25.938337 -330.858137 -0.413303 0.910583 0.004363 0.908310 0.412601 -0.068801 0.064450 0.024473 0.997621
2.122610 -8.039437 -63.677943 -551.717996 0.393321 -0.918574 0.038996 0.916653 0.388516 -0.093821 0.071031 0.072648 0.994825
-23.020384 -29.471453 -196.048214 1280.127625 -0.371620 0.597478 0.710576 0.501839 0.773210 -0.387690 -0.781061 0.212522 -0.587178
-21.061720 -50.692382 818.037694 -1890.359693 0.165513 0.985644 0.033346 -0.353057 0.027648 0.935193 -0.920845 0.166560 -0.352564
-7.933265 -28.186391 504.147472 -1070.163008 0.281867 0.957374 0.063137 -0.575683 0.116113 0.809387 -0.767555 0.264487 -0.583872
-1.879759 -2.649241 7.608696 -4.210417 -0.096671 0.977760 -0.186121 -0.330618 -0.207924 -0.920576 0.938801 0.027458 -0.343365
-1.759418 -3.130734 0.634518 -70.456985 -0.143398 0.939658 -0.310612 -0.323114 -0.341109 -0.882747 0.935433 0.026222 -0.352531
-1.887870 -2.444382 9.728423 -9.875148 -0.150104 0.956809 -0.248967 -0.309372 -0.284630 -0.907345 0.939020 0.059173 -0.338734
-1.949424 -3.007720 -2.121624 78.589188 0.009881 0.991116 0.132636 -0.328783 0.128488 -0.935624 0.944354 0.034364 -0.327131
-1.788242 -2.321322 7.153136 -15.117606 -0.186003 0.938799 -0.289930 -0.286666 -0.334093 -0.897889 0.939801 0.083897 -0.331264
-1.963344 -2.807966 4.407495 73.699233 -0.022961 0.988318 0.150665 -0.336058 0.134305 -0.932216 0.941562 0.072037 -0.329048
-3.603312 -27.396427 -382.444696 -1406.639476 -0.412794 0.895221 0.167869 0.553172 0.099987 0.827045 -0.723604 -0.434260 0.536485
-5.815591 -69.010148 -179.869941 -3379.460509 -0.207143 0.969225 0.133018 0.404089 -0.039061 0.913885 -0.890957 -0.243056 0.383562
-2.483778 -6.979668 -210.169375 -118.939252 -0.040377 0.952754 0.301047 0.753877 -0.168693 0.634990 -0.655774 -0.252592 0.711448
-4.400296 -6.383686 12.577989 -161.715579 0.006073 0.987744 0.155962 0.724222 -0.111891 0.680428 -0.689540 -0.108819 0.716026
-3.879517 -6.882289 -191.415672 -47.743301 0.298831 0.940751 0.160272 0.484771 -0.004982 -0.874627 0.822008 -0.339061 0.457537
-1.405010 -6.514827 -273.966208 -28.555206 0.403114 0.911677 0.079645 0.406264 -0.100293 -0.908235 0.820029 -0.398479 0.410811
-4.170950 -7.487005 -208.393834 -76.698825 0.255178 0.913815 0.315953 0.444576 0.179291 -0.877614 0.858625 -0.364413 0.360510
-5.380628 -8.339174 43.804726 -126.432538 -0.017014 0.859927 0.510133 0.490324 0.451821 -0.745278 0.871374 -0.237450 0.429330
-4.209853 -7.512663 -33.414108 22.745915 -0.059711 0.997381 -0.040817 0.983520 0.051792 -0.173224 0.170656 0.050487 0.984036
-3.415273 -7.809258 -122.550682 12.622583 -0.053426 0.998398 0.018641 0.998001 0.054017 -0.032811 0.033765 -0.016850 0.999288
-3.109706 -7.518910 -130.145731 18.289379 -0.053866 0.998006 0.032904 0.983684 0.058700 -0.170057 0.171649 -0.023207 0.984885
2.649391 -12.238185 -5.222605 -302.225915 0.081804 0.994633 -0.063349 0.301248 0.035913 0.952869 -0.950030 0.097032 0.296694
2.561607 -13.560736 -15.453574 -192.731898 0.041975 0.999118 0.001173 0.445904 -0.019784 0.894862 -0.894096 0.037039 0.446341
2.278837 -11.169054 -22.759488 -255.653939 0.025559 0.999566 -0.014642 0.305321 0.006141 0.952230 -0.951907 0.028809 0.305031
-1.640402 -13.021477 -14.655478 -15.101810 0.224075 0.969891 0.095406 0.930229 -0.183658 -0.317717 0.290629 -0.159942 0.943373
-1.303526 -13.251958 -19.441054 -7.926169 0.220090 0.964651 0.144942 0.932475 -0.164421 -0.321645 0.286444 -0.205945 0.935701
-1.456422 -13.991823 -16.694067 -82.091764 0.245898 0.964789 0.093364 0.834408 -0.161678 -0.526899 0.493251 -0.207467 0.844784
-1.597091 -13.915928 -8.169959 -84.882823 0.244518 0.968821 0.039967 0.829884 -0.187778 -0.525387 0.501501 -0.161634 0.849924
-1.799809 -12.845164 -4.963088 -26.027451 0.227357 0.973085 0.037596 0.927441 -0.204598 -0.313038 0.296921 -0.106040 0.948996
-1.954666 -12.333413 15.906464 3.033334 0.299561 0.953739 0.025393 0.255700 -0.105897 0.960939 -0.919174 0.281367 0.275594
-2.032906 -12.348768 15.782373 -79.522734 0.296471 0.955041 0.000980 0.401407 -0.125539 0.907255 -0.866589 0.268582 0.420579
-1.575476 -12.661279 26.111819 23.713925 0.350349 0.936615 -0.002671 0.265862 -0.096713 0.959148 -0.898094 0.336747 0.282893
-2.245645 -12.121469 1.235345 -63.356082 0.237078 0.970365 0.046754 0.398334 -0.140989 0.906340 -0.886072 0.196250 0.419954
-1.518738 -12.892257 25.074776 99.089196 0.347731 0.937216 0.026622 0.119698 -0.072537 0.990157 -0.929922 0.341122 0.137407
-1.921983 -12.557813 15.258606 70.511562 0.295003 0.954424 0.045251 0.103393 -0.078966 0.991501 -0.949886 0.287817 0.121976
-2.211212 -12.027409 1.106783 4.223797 0.233450 0.970892 0.053578 0.253662 -0.114000 0.960552 -0.938699 0.210650 0.272892
13.587692 -8.981735 58.801090 25.628514 -0.052828 0.594779 -0.802151 0.599943 0.661051 0.450645 0.798297 -0.457438 -0.391756
10.345962 -9.007164 -78.729781 58.599882 -0.020186 0.453013 -0.891275 0.532969 0.759107 0.373764 0.845894 -0.467478 -0.256765
8.515295 -7.974054 97.786876 81.882298 -0.091324 0.572910 -0.814514 0.409300 0.767244 0.493771 0.907818 -0.288288 -0.304560
8.904033 -8.274587 163.910156 -54.485051 -0.111679 0.692949 -0.712285 -0.485097 -0.663581 -0.569509 0.867300 -0.281925 -0.410256
5.239542 -6.330766 90.783134 101.148116 -0.113597 0.579052 -0.807338 0.239247 0.804629 0.543445 0.964291 -0.131419 -0.229940
5.241531 -6.950652 109.220273 79.100610 -0.135686 0.670511 -0.729386 0.316900 0.726891 0.609265 0.938703 -0.148473 -0.311114
1.848170 -11.006410 -49.734053 225.683681 0.480802 0.859827 -0.171835 -0.767080 0.317531 -0.557461 0.424757 -0.399839 -0.812225
2.818281 -11.899107 10.371369 191.150588 0.436420 0.892016 -0.117665 -0.732769 0.276491 -0.621773 0.522098 -0.357576 -0.774308
2.287733 -8.908306 -5.757544 48.167433 0.457424 0.882642 -0.108193 -0.786767 0.344997 -0.511835 0.414441 -0.319248 -0.852244
-0.652504 -10.116123 8.558744 18.282851 0.022293 0.994018 0.106919 0.665548 -0.094559 0.740341 -0.746022 -0.054655 0.663674
-0.484129 -9.527760 4.304844 18.310753 0.032510 0.993590 0.108266 0.655348 -0.102978 0.748274 -0.754627 -0.046626 0.654495
-0.690050 -10.086310 6.439297 4.095349 -0.003519 0.997527 0.070198 0.517267 -0.058262 0.853838 -0.855817 -0.039316 0.515783
-0.425290 -9.323545 7.579041 20.211661 0.065838 0.988184 0.138412 0.776255 -0.137882 0.615156 -0.626972 -0.066942 0.776160
-0.803872 -10.650048 8.348081 1.931963 -0.015252 0.996930 0.076803 0.527699 -0.057218 0.847502 -0.849295 -0.053455 0.525206
-0.765292 -10.681609 7.979108 23.747078 0.004599 0.994088 0.108484 0.676225 -0.083011 0.732004 -0.736681 -0.069993 0.672608
-0.545760 -9.746214 10.089635 23.041588 0.052536 0.989175 0.137012 0.786524 -0.125526 0.604668 -0.615321 -0.075996 0.784604
0.866609 -11.246019 5.539172 -29.937222 -0.016525 0.999835 0.007559 -0.683884 -0.016818 0.729397 -0.729404 -0.006884 -0.684049
0.809248 -10.695640 -3.025854 -20.752158 -0.026191 0.999278 -0.027505 -0.716984 0.000395 0.697090 -0.696597 -0.037978 -0.716456
0.869626 -10.705046 5.593753 -29.463095 0.004828 0.999942 -0.009651 -0.790991 0.009724 0.611751 -0.611809 -0.004680 -0.790992
0.906135 -11.500684 4.553379 -42.039439 0.016357 0.999787 0.012554 -0.764477 0.004413 0.644636 -0.644444 0.020141 -0.764386
0.859372 -10.009076 7.206299 -51.632675 0.027265 0.999341 -0.023969 -0.881202 0.035349 0.471417 -0.471954 -0.008269 -0.881585
0.718662 -11.076933 3.127982 -66.230488 0.042891 0.999026 -0.010376 -0.860489 0.042216 0.507717 -0.507661 0.012848 -0.861461
-0.475058 -21.557711 35.285518 -32.059100 -0.361328 0.900224 -0.242979 -0.586908 -0.017086 0.809473 -0.724556 -0.435091 -0.534523
-0.220010 -21.626969 30.288364 -5.416570 -0.360748 0.901609 -0.238667 -0.617444 -0.039079 0.785644 -0.699017 -0.430783 -0.570791
-0.504359 -22.356501 31.573910 -11.949909 -0.358528 0.898377 -0.253724 -0.738662 -0.106818 0.665559 -0.570821 -0.426038 -0.701894
-0.481601 -22.507088 25.449945 -105.430006 -0.364575 0.896602 -0.251374 0.845651 0.205788 -0.492468 -0.389818 -0.392116 -0.833238
-0.564577 -22.226617 3.805569 45.277838 -0.369193 0.892598 -0.258776 -0.824753 -0.186344 0.533908 -0.428344 -0.410542 -0.804970
-0.680264 -23.464738 10.659391 6.074134 -0.368749 0.892827 -0.258621 -0.710885 -0.091616 0.697316 -0.598888 -0.440984 -0.668480
1.846560 -14.594941 53.790760 -51.912822 0.250001 -0.960903 0.119013 0.964927 0.257423 0.051474 -0.080099 0.101970 0.991558
2.785989 -13.552371 71.174258 -179.828739 0.316912 -0.934610 0.161462 0.942435 0.329454 0.057235 -0.106687 0.134029 0.985218
2.901196 -16.528902 54.382420 -387.641936 0.268204 -0.948784 0.166958 0.963358 0.263650 -0.049292 0.002749 0.174061 0.984731
1.135330 -14.659629 40.131080 -64.211234 0.195149 -0.977132 0.084433 0.979230 0.198946 0.039091 -0.054994 0.075051 0.995662
0.700647 -14.996350 -28.410431 150.284297 -0.199672 0.975029 -0.097211 0.962884 0.213633 0.164969 -0.181617 0.060664 0.981496
2.247738 -15.928747 53.869415 -256.938113 0.229895 -0.965492 0.122366 0.971815 0.220999 -0.082069 0.052195 0.137784 0.989086
-1.416672 -22.609315 -66.181042 276.420899 -0.360525 0.899670 -0.246203 -0.725779 -0.104780 0.679902 -0.585890 -0.423811 -0.690737
-0.654036 -24.233804 -60.964004 161.290078 -0.369540 0.890645 -0.264938 -0.827718 -0.185939 0.529443 -0.422284 -0.414944 -0.805914
-0.687884 -22.747119 -54.481242 153.750274 -0.376556 0.892905 -0.246833 -0.684073 -0.088333 0.724046 -0.624700 -0.441495 -0.644074
-7.165801 -14.098658 -87.504368 -28.198148 0.405014 -0.642247 0.650755 0.796724 -0.101262 -0.595799 0.448547 0.759779 0.470681
-7.472180 -14.098559 -9.248574 -28.964621 0.294223 -0.709910 0.639891 0.814621 -0.163867 -0.556363 0.499825 0.684963 0.530094
-8.135710 -13.720064 -40.514052 31.161268 0.361191 -0.667812 0.650821 0.670847 -0.298685 -0.678787 0.647693 0.681773 0.340118
-6.588726 -13.284106 -20.534093 -71.320396 0.323722 -0.695189 0.641807 0.902656 0.023613 -0.429715 0.283579 0.718439 0.635160
-7.415669 -13.765005 -130.872808 41.032355 0.450976 -0.599745 0.661004 0.663495 -0.270086 -0.697731 0.596989 0.753233 0.276125
-5.832040 -13.305322 -94.220095 -73.281775 0.449322 -0.619252 0.643924 0.860792 0.107225 -0.497533 0.239053 0.777837 0.581226
0.300514 -45.997563 -78.479334 1363.498642 0.431260 -0.891440 0.139104 0.901156 0.433110 -0.018265 -0.043965 0.133232 0.990109
0.880785 -52.290397 7.427597 1971.206530 -0.482606 0.869956 -0.101333 0.860852 0.492474 0.128073 -0.161322 0.025424 0.986574
1.014567 -57.720529 78.151353 1614.037315 -0.434812 0.884167 -0.170843 0.768249 0.463187 0.441872 -0.469821 -0.060881 0.880660
0.559831 -36.093080 -54.246683 808.904699 0.429726 -0.898459 0.090036 0.886439 0.400776 -0.231525 0.171932 0.179304 0.968654
-0.128013 -36.880257 50.639317 557.707833 -0.426806 0.899119 -0.097067 0.864652 0.374266 -0.335114 0.264978 0.226958 0.937164
1.067779 -60.193868 71.086774 1969.120038 0.421246 -0.903443 0.079644 0.899843 0.405364 -0.161128 0.113285 0.139542 0.983715
-49.868942 -908.077811 944.294686 53203.101306 0.605763 -0.709774 0.359543 0.582669 0.088020 -0.807929 -0.541800 -0.698908 -0.466883
8.071073 -30.765529 -171.383852 1244.933899 -0.604566 0.788592 -0.112354 0.747982 0.513523 -0.420497 -0.273904 -0.338257 -0.900311
28.240413 -797.883382 967.992174 -68631.549671 -0.402018 0.913977 -0.055027 -0.041890 0.041676 0.998253 -0.914673 -0.403621 -0.021532
1.488206 -2.411412 145.051758 3.372359 0.517718 0.802888 -0.295531 0.672062 -0.595409 -0.440252 0.529435 -0.029311 0.847844
2.582717 -2.876238 160.550069 47.830254 0.557280 0.771792 -0.306229 0.652220 -0.635125 -0.413793 0.513856 -0.030870 0.857321
0.357691 -2.572244 128.849803 30.740789 0.607839 0.711054 -0.353461 0.606393 -0.703044 -0.371505 0.512659 -0.011479 0.858516
-0.690085 -2.150136 104.988911 -10.634855 0.526578 0.796473 -0.297232 0.669631 -0.604001 -0.432178 0.523746 -0.028540 0.851396
0.745718 -2.445122 134.857360 -24.335480 0.481548 0.831088 -0.278215 0.686324 -0.555013 -0.470020 0.545041 -0.035392 0.837662
-0.054434 -12.046717 -9.940347 33.792967 0.254185 0.966874 0.023332 -0.621429 0.181760 -0.762095 0.741091 -0.179214 -0.647044
-0.228458 -11.790715 -3.040573 27.595569 0.248672 0.967892 0.036702 -0.571099 0.177122 -0.801544 0.782309 -0.178361 -0.596808
0.004668 -12.490757 -21.447568 -29.758688 0.287687 0.956688 0.044548 -0.404344 0.163493 -0.899875 0.868183 -0.240870 -0.433866
0.006834 -12.309913 -26.818975 -24.359003 0.301631 0.950598 0.073356 -0.176296 0.131221 -0.975551 0.936984 -0.281325 -0.207167
0.498722 -12.762098 -20.106496 -54.280669 0.279276 0.957657 0.069981 -0.184988 0.125176 -0.974736 0.942223 -0.259275 -0.212114
3.192481 -3.136191 49.535458 -11.752054 0.113568 0.854659 -0.506616 0.211948 -0.519018 -0.828069 0.970660 0.013334 0.240087
2.600540 -3.034547 69.091540 2.769147 0.080754 0.843333 -0.531289 0.180280 -0.536597 -0.824356 0.980295 0.029210 0.195369
3.076187 -3.230800 43.779095 -15.168766 0.130833 0.874114 -0.467769 0.164282 -0.484417 -0.859274 0.977698 -0.035575 0.206979
-96.099782 -273.623930 -8398.866189 -11824.402142 0.948871 -0.236075 -0.209551 -0.306280 -0.527884 -0.792169 -0.076393 -0.815847 0.573199
-6.168270 -86.469509 -724.018664 -2818.803172 0.942448 -0.055189 -0.329766 -0.314132 -0.483938 -0.816777 0.114509 -0.873360 0.473423
-49.151369 -226.469563 -2228.577314 -14536.726055 0.991754 -0.106898 -0.070685 -0.080154 -0.087036 -0.992975 -0.099995 -0.990453 0.094887
-105.130035 -266.170638 -5028.306280 -4325.072273 0.992161 -0.124932 -0.002753 -0.013973 -0.089028 -0.995931 -0.124179 -0.988163 0.090076
-1.653458 -69.502324 -4.203910 3132.087841 0.876813 -0.473956 -0.081020 0.062432 -0.054854 0.996541 0.476761 0.878838 0.018507
-3.983561 -81.515976 29.484984 3738.488592 0.934233 -0.353672 0.046098 0.096807 0.375842 0.921613 0.343274 0.856539 -0.385362
-0.802829 -68.060389 -53.483422 2982.509614 0.899726 -0.418171 -0.125001 0.162359 0.054827 0.985207 0.405132 0.906712 -0.117224
-0.240338 -25.384194 -58.806559 1091.037592 0.872396 -0.467841 -0.141599 0.042142 -0.216619 0.975346 0.486980 0.856855 0.169262
-1.250848 -19.581076 -5.228025 914.079966 0.863538 -0.499865 -0.066610 -0.037545 -0.195452 0.979994 0.502884 0.843762 0.187548
-30.830515 -56.881205 660.659352 706.826727 0.852630 -0.467985 0.232405 0.031048 -0.398620 -0.916591 -0.521592 -0.788728 0.325345
-35.010590 -75.260859 724.030899 -1940.936269 0.813828 -0.540025 -0.214610 -0.162712 0.142773 -0.976289 -0.557861 -0.829451 -0.028324
-31.591350 -52.918149 961.281317 720.394566 0.948563 -0.276952 0.153382 0.139520 -0.069207 -0.987798 -0.284188 -0.958388 0.027007
-20.066850 -51.772836 617.403280 1902.997946 0.908784 -0.131990 0.395841 0.365118 -0.207684 -0.907500 -0.201991 -0.969250 0.140548
-7.487916 -11.142437 65.290194 109.673011 -0.170478 0.981515 -0.086978 -0.346349 -0.142326 -0.927246 0.922485 0.127950 -0.364210
-5.736600 -6.494988 96.799729 359.421704 -0.337319 0.923988 -0.180175 -0.860565 -0.225068 0.456916 -0.381633 -0.309178 -0.871071
0.325670 -3.242101 361.686119 -153.032816 0.957228 -0.288737 -0.018560 0.259240 0.884388 -0.388140 -0.128484 -0.366727 -0.921414
-0.501216 -6.383686 126.072872 -4.281085 0.236508 0.969981 0.056583 -0.955148 0.221421 0.196636 -0.178204 0.100551 -0.978843
0.918239 -6.319393 89.551857 -11.071202 0.236032 0.970637 0.046398 -0.968685 0.231234 0.090439 -0.077054 0.066291 -0.994821
-0.429192 -6.221275 125.584336 11.368015 0.223122 0.973046 0.058299 0.973364 -0.219162 -0.067308 -0.052717 0.071764 -0.996028
-1.887549 -9.993801 -40.693554 108.285114 -0.296373 0.954095 0.043186 -0.612238 -0.224497 0.758133 -0.733027 -0.198250 -0.650668
-2.626045 -9.918586 -74.108730 72.810328 -0.345888 0.935720 0.069205 -0.660007 -0.295068 0.690887 -0.666897 -0.193293 -0.719643
-0.918723 -8.727074 -0.959817 48.402684 -0.071704 0.997398 -0.007442 -0.967894 -0.071381 -0.241011 0.240915 0.010078 -0.970494
-1.038928 -9.661683 -5.043471 50.755614 -0.033174 0.999449 0.000521 -0.897940 -0.029576 -0.439123 0.438866 0.015035 -0.898427
-1.019031 -10.076503 -3.258189 56.056950 -0.014933 0.999780 -0.014720 -0.899420 -0.019863 -0.436633 0.436830 -0.006720 -0.899519
-0.080325 -7.626372 4.976898 -32.476629 -0.106089 0.987757 -0.114377 -0.691377 0.009397 0.722433 -0.714663 -0.155720 -0.681915
-0.044315 -7.492298 1.539763 -26.269559 -0.113457 0.986999 -0.113846 -0.676236 0.007234 0.736650 -0.727896 -0.160565 -0.666623
-0.190945 -8.503718 6.194473 -34.366320 -0.127756 0.988433 -0.081722 -0.571596 -0.006041 0.820513 -0.810528 -0.151537 -0.565756
-0.135007 -7.128803 -3.411547 -14.599500 -0.102460 0.985564 -0.134777 -0.786240 0.002762 0.617915 -0.609367 -0.169279 -0.774607
-0.104924 -7.222864 0.567243 -20.622197 -0.089435 0.986266 -0.138853 -0.799771 0.011975 0.600185 -0.593605 -0.164728 -0.787716
-0.120406 -7.840553 5.972913 -37.845136 -0.106806 0.988314 -0.108753 -0.703823 0.002107 0.710372 -0.702300 -0.152415 -0.695373
176.217982 -8.067790 11274.274397 24.371666 -0.376365 -0.760141 -0.529655 0.788144 0.037824 -0.614327 0.487009 -0.648656 0.584865
275.736789 -6.749489 24027.554640 233.578304 -0.418256 -0.774948 -0.473832 0.825228 -0.106216 -0.554722 0.379552 -0.623036 0.683934
188.034153 -4.168993 26228.393087 170.151948 0.062848 0.997834 0.019446 0.816692 -0.040220 -0.575671 0.573641 -0.052061 0.817450
1068.507185 -15.790896 118200.526324 1340.557753 -0.570124 -0.423349 -0.704084 0.794427 -0.065658 -0.603800 0.209389 -0.903584 0.373753
107.580182 -8.284395 9634.832840 -21.662768 0.157351 0.931485 0.327988 0.738110 0.109716 -0.665700 0.656075 -0.346839 0.670274
223.785612 -8.304193 16588.132981 -9.206453 -0.522813 -0.380566 -0.762782 0.788729 0.123491 -0.602210 0.323377 -0.916471 0.235601
111.542418 -10.147894 6955.117476 -9.163147 -0.443028 -0.630021 -0.637808 0.703849 0.196209 -0.682714 0.555268 -0.751383 0.356513
0.703177 -6.965569 -3.568025 -19.602870 -0.019021 0.999768 0.010130 0.213344 -0.005840 0.976960 -0.976792 -0.020744 0.213183
1.029595 -6.640920 -4.109929 -18.127168 -0.006645 0.999268 0.037677 0.106907 -0.036752 0.993590 -0.994247 -0.010630 0.106584
1.176742 -6.475751 -0.349261 5.651872 0.019844 0.995514 0.092514 0.118668 -0.094223 0.988453 -0.992736 0.008636 0.120006
0.618904 -12.402237 -68.595304 -58.649907 0.224108 0.973798 -0.038630 -0.769796 0.152573 -0.619787 0.597654 -0.168636 -0.783819
2.035122 -13.094004 -46.191518 24.126759 0.234266 0.972045 -0.015770 -0.654215 0.145628 -0.742156 0.719112 -0.184179 -0.670041
1.601792 -12.941788 -53.701489 -28.186365 0.159843 0.985210 -0.061732 -0.783977 0.088696 -0.614420 0.599858 -0.146608 -0.786560
1.371791 -12.302359 -44.428900 16.967447 0.311728 0.949451 0.036992 -0.639558 0.238457 -0.730824 0.702703 -0.204160 -0.681563
0.770368 -13.536556 -72.395232 -69.921694 0.158202 0.984092 -0.080837 -0.879813 0.103327 -0.463953 0.448220 -0.144520 -0.882164
-0.633882 -12.178615 -60.398285 -74.562581 0.286929 0.957797 0.017200 -0.756397 0.237540 -0.609457 0.587823 -0.161861 -0.792632
-0.498372 -13.538149 -74.632889 -109.881594 0.221170 0.973946 -0.050135 -0.864710 0.172074 -0.471876 0.450955 -0.147717 -0.880238
2.121801 -6.428905 -72.530554 -8.230781 -0.059303 0.990681 -0.122616 -0.858975 0.011936 0.511878 -0.508571 -0.135680 -0.850263
3.158751 -6.416295 -104.195250 -10.161553 -0.009788 0.992324 -0.123281 -0.859309 0.054700 0.508523 -0.511363 -0.110914 -0.852177
1.085332 -6.260612 -33.931617 -0.352741 -0.082738 0.989938 -0.114791 -0.913405 -0.029263 0.405998 -0.398554 -0.138442 -0.906636
3.340002 -6.509825 -110.234553 -12.839274 -0.029836 0.991623 -0.125674 -0.792242 0.053204 0.607883 -0.609477 -0.117701 -0.784018
2.221607 -6.532218 -69.173065 -12.189691 -0.075977 0.989726 -0.121119 -0.791892 0.013920 0.610502 -0.605916 -0.142297 -0.782699
1.211791 -6.425244 -29.815084 -6.772697 -0.099936 0.988963 -0.109383 -0.858631 -0.030169 0.511706 -0.502758 -0.145057 -0.852169
-1.385810 -26.755969 23.273538 98.859547 0.100091 -0.868759 -0.485015 0.944756 -0.069932 0.320228 -0.312120 -0.490273 0.813765
-1.168865 -26.723553 13.411653 196.956084 0.078665 -0.872362 -0.482489 0.995365 0.041870 0.086580 -0.055328 -0.487064 0.871612
-1.147653 -24.915160 2.601270 80.408888 0.059964 -0.883078 -0.465379 0.998197 0.051886 0.030160 -0.002487 -0.466349 0.884597
-0.482432 -2.376505 -17.638523 38.354090 -0.332227 -0.575718 -0.747111 -0.713003 0.671837 -0.200653 0.617456 0.466030 -0.633691
-2.677084 -235.714857 38.409301 -12159.812358 0.164138 0.949207 0.268450 0.341267 -0.309978 0.887384 -0.925524 0.054040 0.374812
-2.343020 -88.575978 122.742262 909.868789 0.187589 0.974915 0.119793 0.596899 -0.210000 0.774346 -0.780078 0.073755 0.621319
7.466218 -789.275162 297.073859 -163362.048940 -0.126938 0.983708 -0.127298 -0.774633 -0.018154 0.632151 -0.619541 -0.178853 -0.764317
-12.887797 -1928.578982 2813.448058 -333718.894552 -0.147489 0.959863 0.238560 0.716141 -0.062726 0.695132 -0.682195 -0.273367 0.678145
-1.687391 -335.348068 379.278694 3544.266831 -0.159196 0.985529 0.058210 0.309826 -0.006110 0.950774 -0.937371 -0.169394 0.304370
4.622586 -3.506637 150.069194 51.283866 0.477592 0.859720 -0.181071 -0.847485 0.505144 0.163089 -0.231678 -0.075565 -0.969853
2.903881 -2.773427 230.686598 67.669258 0.556051 0.821951 -0.123303 -0.805061 0.569515 0.165917 -0.206599 -0.007008 -0.978401
3.757281 -2.508851 240.311459 88.769435 0.566457 0.812758 -0.136201 -0.791478 0.582593 0.184789 -0.229539 -0.003125 -0.973295
5.012559 -2.390021 194.594659 80.711055 0.526346 0.833499 -0.168047 -0.813110 0.551204 0.187153 -0.248620 -0.038134 -0.967850
2.639161 -7.303663 -221.454486 -3.341181 0.025375 0.994700 -0.099643 -0.401228 0.101428 0.910345 -0.915627 -0.016879 -0.401675
2.428806 -7.521708 -240.198510 5.772696 0.014773 0.995449 -0.094147 -0.507209 0.088604 0.857256 -0.861697 -0.035088 -0.506209
3.830947 -7.178382 -118.205456 5.772528 0.084396 0.993782 -0.072627 -0.425406 0.101846 0.899253 -0.901059 0.044998 -0.431357
4.034585 -6.905708 -92.066876 5.019839 0.112120 0.990547 -0.079037 -0.326830 0.111873 0.938438 -0.938409 0.079386 -0.336283
2.936628 -6.989471 -186.827774 7.704582 0.044597 0.993810 -0.101748 -0.283071 0.110246 0.952742 -0.958062 0.013687 -0.286235
-0.189006 -18.910701 1.559292 93.889301 -0.107534 0.980460 -0.164727 -0.360623 0.115937 0.925478 -0.926492 -0.158924 -0.341110
-0.223195 -17.780009 1.106501 137.737721 -0.108935 0.983945 -0.141368 -0.343659 0.096168 0.934158 -0.932755 -0.150345 -0.327665
0.801992 -14.394346 -16.081916 183.707742 -0.031569 0.997917 0.056258 0.958908 0.046117 -0.279944 0.281955 -0.045108 0.958367
1.619146 -13.218951 -41.627440 -10.996786 -0.117360 0.989667 0.082377 0.911810 0.140250 -0.385918 0.393484 -0.029821 0.918848
0.870612 -11.722859 -19.579177 245.692911 -0.057227 0.997321 0.045561 0.980576 0.064724 -0.185154 0.187607 -0.034081 0.981653
0.982360 -15.728524 -18.664808 73.288670 0.001337 0.997306 0.073340 0.926104 0.026434 -0.376342 0.377267 -0.068424 0.923574
0.561352 -17.636023 -3.832119 214.342020 0.047445 0.997462 0.053090 0.970609 -0.033483 -0.238321 0.235939 -0.062837 0.969734
0.480645 -16.823142 -1.091643 437.356182 0.039759 0.998368 0.040993 0.986360 -0.032656 -0.161333 0.159731 -0.046848 0.986048
-443.290038 -1256.508385 -25021.240941 -53052.609474 0.614305 -0.554919 -0.560976 -0.013298 0.703552 -0.710519 0.788956 0.443935 0.424817
-166.697354 -778.469331 -13146.626032 -67000.741346 0.275736 -0.011101 -0.961169 0.093956 0.995456 0.015457 0.956630 -0.094570 0.275526
-201.014317 -734.279290 -11973.170016 39242.001105 0.115064 -0.194924 -0.974046 -0.525670 0.820062 -0.226206 0.842871 0.538055 -0.008106
-33.748067 -63.238669 1144.476935 -1877.988643 -0.058368 0.998066 0.021401 -0.022366 -0.022740 0.999491 -0.998045 -0.057860 -0.023650
-18.362891 -72.329493 756.498536 -2560.311303 0.119253 0.982390 -0.143838 0.067839 0.136471 0.988319 -0.990544 0.127618 0.050370
-8.432551 -100.490641 408.637219 -4095.784031 0.262318 0.952130 -0.156962 0.012776 0.159217 0.987161 -0.964897 0.260955 -0.029601
9.748949 -147.077972 1264.491836 -6947.135685 0.376348 0.862561 -0.338159 -0.208995 0.434625 0.876026 -0.902598 0.259017 -0.343841
-0.705570 -4.914540 16.420864 -27.366478 -0.040484 0.560311 0.827292 0.541465 0.708160 -0.453128 -0.839748 0.429605 -0.332058
-1.254757 -5.700465 12.234247 -57.820981 -0.030749 0.578897 0.814821 0.593061 0.666768 -0.451331 -0.804570 0.469360 -0.363823
-1.311581 -5.066027 46.915243 -6.270955 0.042524 0.658600 0.751291 -0.535194 -0.619965 0.573769 -0.843658 0.426486 -0.326115
9.522708 -11.575506 -35.998256 -154.897892 -0.430715 -0.781224 0.451856 0.705569 0.020696 0.708339 -0.562723 0.623908 0.542293
9.202196 -13.236415 -150.548712 -260.201202 -0.425775 -0.666728 0.611710 0.799289 0.039722 0.599632 -0.424090 0.744241 0.515997
11.467442 -13.504809 -122.837557 -25.096095 -0.438302 -0.737411 0.513922 0.842038 -0.136855 0.521768 -0.314425 0.661434 0.680912
10.268410 -14.896422 -240.645468 -63.581078 -0.406759 -0.608645 0.681247 0.895899 -0.119945 0.427760 -0.178642 0.784324 0.594073
7.099978 -9.513134 -122.501896 -241.442993 -0.442378 -0.716588 0.539262 0.667962 0.137970 0.731295 -0.598439 0.683715 0.417619
7.556000 -9.276736 110.949141 -147.617859 0.462503 0.792542 -0.397453 0.554306 0.091397 0.827279 -0.691979 0.602930 0.397040
5.723820 -6.887615 162.325798 -133.416461 0.500286 0.734670 -0.458230 0.554348 0.134771 0.821301 -0.665141 0.664904 0.339839
4.600832 -6.248400 -130.635799 -152.983887 -0.469265 -0.666037 0.579815 0.630927 0.206512 0.747853 -0.617837 0.716762 0.323311
6.145263 -10.688350 -173.397177 -292.434383 -0.418972 -0.603178 0.678704 0.755704 0.182733 0.628904 -0.503363 0.776392 0.379264
1.284606 -5.730603 -236.620915 -26.808417 0.415093 0.909011 0.037359 0.411625 -0.151028 -0.898752 0.811333 -0.388444 0.436863
1.752105 -6.070906 -194.322774 -27.547801 0.363539 0.923724 0.120725 0.374962 -0.026461 -0.926662 0.852785 -0.382145 0.355981
-1.646821 -6.184283 -213.959842 -24.352995 0.428484 0.903222 -0.024313 0.458054 -0.240336 -0.855819 0.778838 -0.355568 0.516704
0.668359 -5.794932 -238.192925 -12.020717 0.445326 0.895172 -0.018747 0.427419 -0.230936 -0.874060 0.786764 -0.381229 0.485455
-2.239674 -7.660356 57.664501 -24.609377 -0.153567 0.964589 -0.214443 0.853061 0.238941 0.463890 -0.498702 0.111695 0.859547
-2.799527 -7.508432 14.839235 -34.032169 -0.119613 0.983373 -0.136642 0.854009 0.172099 0.490969 -0.506322 0.057967 0.860394
-2.842260 -7.814323 65.955522 -7.214385 -0.148423 0.968229 -0.201256 0.915031 0.211647 0.343399 -0.375084 0.133187 0.917373
-2.066015 -7.174660 8.714985 -40.301837 -0.096657 0.986791 -0.130005 0.785014 0.155880 0.599546 -0.611891 0.044105 0.789711
-1.715907 -7.494167 32.534578 -29.570736 -0.143754 0.968606 -0.202822 0.786613 0.236200 0.570482 -0.600479 0.077533 0.795873
-0.682205 -7.463172 3.081891 -8.722517 0.072181 0.983914 0.163410 0.952422 -0.019354 -0.304167 0.296112 -0.177590 0.938499
-0.525651 -7.315640 1.635358 -2.092724 -0.092412 -0.979152 -0.180888 0.988246 -0.067975 -0.136926 0.121776 -0.191416 0.973925
-0.683276 -7.506763 -1.128169 -22.935059 0.102706 0.979410 0.173805 0.953240 -0.046983 -0.298539 0.284226 -0.196339 0.938438
2.725911 -13.766163 11.034150 253.496981 0.123513 0.992075 -0.023080 0.768021 -0.080838 0.635302 -0.628401 0.096194 0.771919
2.592840 -13.685755 20.547489 245.116471 0.176196 0.982192 -0.065220 0.775276 -0.097641 0.624030 -0.606549 0.160515 0.778674
2.571723 -12.178992 12.027454 178.551984 0.137548 0.990123 -0.027146 0.862266 -0.106210 0.495194 -0.487420 0.091520 0.868358
2.732756 -15.155989 18.006693 118.438743 0.165560 0.984404 -0.059490 0.635234 -0.060304 0.769962 -0.754366 0.165265 0.635310
2.682525 -12.171865 -9.263983 189.101815 0.084186 0.996141 0.024819 0.857581 -0.085114 0.507258 -0.507413 0.021420 0.861437
2.749092 -13.607908 -11.784776 229.061548 0.068293 0.997327 0.025967 0.758292 -0.068803 0.648274 -0.648328 0.024582 0.760964
2.792325 -14.836120 7.730338 87.245407 0.108841 0.993744 -0.025013 0.624506 -0.048780 0.779495 -0.773399 0.100462 0.625908
-0.900531 -13.586182 -15.634903 -14.256584 0.214062 0.961533 0.172139 0.935508 -0.151093 -0.319368 0.281074 -0.229402 0.931865
-0.999500 -13.787084 16.574917 30.054586 -0.187550 -0.966243 -0.176632 0.979128 -0.169568 -0.112052 0.078318 -0.193961 0.977878
-1.126336 -14.237807 -16.736990 -97.137780 0.246644 0.960125 0.131629 0.839977 -0.144057 -0.523150 0.483327 -0.239597 0.842014
-0.642159 -14.223875 10.811096 30.432793 -0.182957 -0.963479 -0.195539 0.980206 -0.163466 -0.111689 0.075646 -0.212103 0.974315
-0.793339 -14.721970 -12.270500 -121.433638 0.247456 0.956702 0.153255 0.843901 -0.135107 -0.519207 0.476021 -0.257813 0.840795
-0.597209 -14.077191 -10.077346 -35.234306 0.210842 0.959254 0.188087 0.938116 -0.144482 -0.314745 0.274745 -0.242809 0.930354
