18992
37970
-5.235246 -7.622849 75.330253 -91.338190 -0.577574 0.802465 0.149859 0.815985 0.572909 0.077092 -0.023992 0.166809 -0.985697
-6.220911 -9.181324 99.544349 -96.912159 -0.330582 0.929415 0.164021 0.938252 0.304868 0.163517 0.101970 0.207949 -0.972810
-7.101615 -9.508550 -6.280613 -256.050676 0.301931 0.941998 0.146549 0.952950 -0.302563 -0.018500 0.026913 0.145240 -0.989030
-4.945796 -8.202551 -24.828120 -81.383629 -0.557242 0.810992 0.178251 0.829268 0.532586 0.169312 0.042376 0.242166 -0.969309
-5.516846 -7.007530 92.376341 -147.799132 -0.391182 0.911121 0.129753 0.917350 0.397333 -0.024416 -0.073801 0.109477 -0.991246
-3.471439 -6.257383 -28.257358 -75.644392 -0.686319 0.710560 0.155149 0.719030 0.694975 -0.002175 -0.109370 0.110064 -0.987889
-4.302333 -7.081948 9.936772 -55.700831 0.768520 -0.614629 -0.177786 0.637475 0.759339 0.130501 -0.054791 0.213627 -0.975378
5.798095 -1.088956 93.502943 -31.869998 0.029478 0.911798 -0.409579 -0.598577 0.344265 0.723317 -0.800523 -0.223842 -0.555930
4.771069 -5.340745 44.904117 -123.842629 -0.085675 0.988703 -0.122991 -0.529252 0.059425 0.846381 -0.844128 -0.137607 -0.518182
4.225700 -4.200142 -67.620938 -129.647243 -0.229274 0.971520 -0.059856 -0.452109 -0.051834 0.890455 -0.861992 -0.231220 -0.451117
7.548971 -3.411996 293.309416 12.461569 0.120567 0.913994 -0.387399 -0.612990 0.375504 0.695155 -0.780838 -0.153659 -0.605543
4.526252 1.637109 -456.977816 8.434238 -0.304195 -0.560677 0.770134 -0.527705 0.772249 0.353778 -0.793091 -0.298786 -0.530786
9.400799 -4.024276 406.864151 48.563298 0.156831 0.801655 -0.576848 -0.613725 0.536718 0.579030 -0.773787 -0.263216 -0.576169
8.198845 -0.946045 502.954724 64.628912 0.241878 0.680940 -0.691242 -0.582920 0.671486 0.457504 -0.775693 -0.292279 -0.559351
-8.397116 -65.976585 -369.625763 4947.309106 -0.462065 0.884759 -0.060803 -0.395383 -0.144148 0.907135 -0.793831 -0.443196 -0.416425
-5.131073 -29.602854 -415.668746 1388.430869 -0.536981 0.836446 -0.109593 -0.480790 -0.196700 0.854488 -0.693176 -0.511535 -0.507779
-0.547086 -432.171159 -1258.460385 35393.436075 -0.459526 0.853433 -0.245943 0.169554 0.356114 0.918931 -0.871830 -0.380572 0.308346
-50.830647 -275.148911 -90.357725 -17870.984156 -0.369661 0.928701 -0.029417 -0.927475 -0.366894 0.071967 -0.056043 -0.053887 -0.996973
-1.413006 -6.353126 -197.806157 19.647310 -0.380944 0.894410 -0.234334 0.909669 0.407916 0.078143 0.165480 -0.183399 -0.969010
-3.852366 -6.490032 -152.267491 24.655360 -0.498784 0.845516 -0.190573 0.855607 0.515443 0.047500 0.138392 -0.139363 -0.980523
-3.151410 -5.830724 -152.015621 -31.855025 -0.434032 0.877954 -0.202024 -0.869474 -0.466934 -0.161203 0.235861 -0.105687 -0.966023
-0.393197 -5.792167 -170.811106 -10.202174 -0.405180 0.883255 -0.235986 -0.882802 -0.445095 -0.150170 0.237675 -0.147483 -0.960083
1.093756 -6.100831 -177.672235 10.012415 -0.362471 0.903201 -0.229876 0.915850 0.390897 0.091746 0.172723 -0.177277 -0.968886
-0.655570 -5.870699 18.134911 -77.525407 0.107988 0.991133 0.077417 -0.469488 -0.017799 0.882759 -0.876310 0.131674 -0.463404
-0.415368 -5.580783 29.492910 -27.880582 0.106424 0.986410 0.125177 -0.384290 -0.075305 0.920136 -0.917058 0.146028 -0.371053
-0.371511 -6.203458 30.147202 -31.582716 0.106244 0.987974 0.112335 -0.470066 -0.049649 0.881234 -0.876213 0.146431 -0.459139
-0.634686 -6.781356 22.726024 68.279239 0.126815 0.989798 0.064952 -0.490156 0.005603 0.871617 -0.862360 0.142370 -0.485866
-0.858053 -8.766839 -0.650999 -14.307572 0.273922 0.958059 0.084205 0.505214 -0.068840 -0.860244 0.818368 -0.278181 0.502881
-1.037744 -8.204858 -7.396864 15.783075 0.279296 0.956460 0.084729 0.379790 -0.028994 -0.924618 0.881903 -0.290421 0.371352
-1.045086 -8.487460 9.729906 -4.930585 0.252987 0.962790 0.095042 0.464873 -0.034819 -0.884693 0.848464 -0.267998 0.456384
0.051633 -7.727621 4.474217 -113.962117 -0.018540 0.999781 -0.009738 0.175621 0.012844 0.984374 -0.984283 -0.016540 0.175820
0.178177 -6.442984 -3.766444 -65.519269 -0.036146 0.995809 -0.084010 0.091795 0.087017 0.991969 -0.995122 -0.028144 0.094555
0.124275 -7.446429 -5.164431 -110.142190 -0.030549 0.999098 -0.029492 0.130389 0.033237 0.990906 -0.990992 -0.026426 0.131287
0.016758 -8.559132 -12.256194 -78.614113 -0.015823 0.999231 0.035888 0.258576 -0.030582 0.965507 -0.965861 -0.024557 0.257893
-1.030811 -15.536875 19.318482 84.310287 0.221813 0.971239 -0.086570 0.227501 -0.137878 -0.963967 0.948179 -0.194125 0.251541
-0.797644 -15.172571 40.434915 51.853789 0.180339 0.980455 -0.078645 0.287139 -0.128950 -0.949170 0.940760 -0.148590 0.304781
-0.896272 -15.970832 31.805775 -47.570707 0.199113 0.977791 -0.065415 0.396303 -0.141392 -0.907167 0.896269 -0.154705 0.415654
-0.486087 -18.992697 -21.975390 -116.552871 0.136885 0.972325 -0.189330 0.980846 -0.159778 -0.111407 -0.138575 -0.170454 -0.975573
-0.514659 -18.561918 -16.206615 278.059534 0.146524 0.972404 -0.181551 -0.916417 0.202536 0.345193 -0.372438 -0.115798 -0.920804
-0.320190 -18.741576 -2.492418 -77.495252 0.157553 0.972339 -0.172437 0.981718 -0.173107 -0.079140 -0.106801 -0.156815 -0.981836
-0.139013 -19.215212 -8.332626 203.835843 0.157702 0.969940 -0.185327 0.975590 -0.123990 0.181246 0.152819 -0.209386 -0.965818
-0.015614 -19.202832 39.953246 117.956917 0.173032 0.973867 -0.147114 0.981100 -0.157291 0.112709 0.086624 -0.163835 -0.982677
-0.257294 -6.169116 -19.774431 -41.362186 -0.024597 0.999112 0.034199 0.973980 0.016241 0.226053 -0.225297 -0.038869 0.973514
0.053302 -5.827434 -2.431661 -62.121058 -0.032763 0.998903 0.033466 0.955369 0.021464 0.294635 -0.293594 -0.041626 0.955024
-0.070087 -6.273585 -14.578261 -24.458290 0.003721 0.998774 0.049355 0.978351 -0.013848 0.206487 -0.206917 -0.047518 0.977204
-0.106068 -5.363059 -4.435948 -74.109221 -0.086704 0.996138 0.013867 0.940274 0.077226 0.331542 -0.329191 -0.041784 0.943338
-0.750481 -5.824516 -48.089242 11.487153 -0.015550 0.998807 0.046280 0.990512 0.009067 0.137128 -0.136545 -0.047974 0.989472
-0.442464 -5.686631 -18.978250 -50.401794 -0.103359 0.994518 0.015843 0.961327 0.095796 0.258212 -0.255278 -0.041919 0.965958
1.275369 -8.223014 94.684451 33.135322 0.101042 0.977088 0.187320 0.788399 0.036201 -0.614098 0.606809 -0.209733 0.766678
1.436668 -8.157102 73.465106 106.032639 0.121529 0.973589 0.193273 0.830103 0.007068 -0.557565 0.544205 -0.228197 0.807321
0.159979 -8.442384 15.670338 -15.670519 0.195982 0.969758 0.145467 0.796745 -0.070996 -0.600130 0.571654 -0.233515 0.786564
-0.101520 -8.713417 31.639559 -71.224614 0.157843 0.974489 0.159553 0.735784 -0.008307 -0.677165 0.658564 -0.224282 0.718325
7.506964 -6.592825 206.524933 49.521873 0.167517 0.943044 0.287413 0.741442 0.071633 -0.667182 0.649770 -0.324864 0.687213
5.733461 -7.098296 280.126131 -60.137662 0.150520 0.976877 0.151841 0.662532 0.014320 -0.748897 0.733754 -0.213324 0.645057
16.643433 -4.050553 836.382752 -168.226145 0.353622 0.935376 0.004843 0.582877 -0.216303 -0.783241 0.731577 -0.279794 0.621699
11.709752 -3.680998 330.013593 78.535369 0.339436 0.910134 0.237569 0.644723 -0.041208 -0.763305 0.684920 -0.412259 0.600772
-1.983083 -11.783052 -24.370538 20.754855 0.073733 0.997141 -0.016520 0.955324 -0.065867 0.288128 -0.286216 0.037026 0.957449
-2.174719 -11.962117 -36.141344 43.953878 0.067182 0.996914 -0.040605 0.941828 -0.049932 0.332366 -0.329313 0.060572 0.942276
-1.885644 -12.377880 -24.382340 52.291820 0.067865 0.997359 -0.025876 0.897472 -0.049698 0.438262 -0.435819 0.052965 0.898475
-1.553464 -12.054282 -1.593108 54.237683 0.070758 0.997466 -0.007442 0.919510 -0.062333 0.388093 -0.386646 0.034303 0.921590
-0.547309 -26.987259 -7.007961 206.955509 0.327809 0.930932 0.160953 -0.463805 0.010156 0.885879 -0.823059 0.365050 -0.435100
-0.863009 -24.896024 -31.612417 524.853122 0.323682 0.933581 0.153809 -0.144359 -0.111929 0.983175 -0.935088 0.340440 -0.098541
-0.719661 -26.823221 -38.779928 232.522334 0.317105 0.936162 0.151804 -0.425912 -0.002444 0.904761 -0.847375 0.351559 -0.397948
-0.476197 -27.470887 -28.427315 -96.407025 0.319917 0.934171 0.158041 -0.674248 0.107290 0.730670 -0.665615 0.340313 -0.664187
-0.715462 -27.362826 -23.665844 -135.907612 0.332665 0.927775 0.169022 -0.648824 0.095103 0.754972 -0.684369 0.360818 -0.633600
1.960703 -22.324060 17.037656 -155.211878 0.286087 0.918101 -0.274310 -0.359060 -0.162700 -0.919024 0.888386 -0.361414 -0.283107
1.361452 -19.757512 -28.777706 -208.648920 0.312480 0.901327 -0.299942 -0.314793 -0.199658 -0.927924 0.896249 -0.384377 -0.221342
1.751707 -20.758656 -11.388558 -73.166202 0.312465 0.920915 -0.232982 -0.103312 -0.210862 -0.972041 0.944295 -0.327798 -0.029254
-7.156690 -14.619610 -20.804979 65.288806 0.775468 0.631311 0.009757 -0.219017 0.254471 0.941953 -0.592183 0.732592 -0.335602
-7.088988 -14.635421 -42.242956 -2.162248 0.738063 0.671014 -0.070733 -0.266992 0.386718 0.882703 -0.619660 0.632605 -0.464578
-6.311404 -14.187269 -44.341471 91.844741 0.712773 0.693035 -0.107970 -0.075373 0.228727 0.970568 -0.697333 0.683657 -0.215266
-6.190942 -13.669931 11.786018 104.455339 0.795275 0.600578 0.082727 -0.148594 0.060807 0.987027 -0.587757 0.797250 -0.137600
1.160443 -28.030532 -9.821116 21.176227 0.329498 0.887564 0.321964 -0.187694 -0.272624 0.943635 -0.925312 0.371357 -0.076762
0.531995 -33.646384 53.427609 -636.559081 0.358497 0.868792 0.341585 -0.033034 -0.353871 0.934711 -0.932946 0.346375 0.098162
1.143397 -30.160686 1.399140 -581.497997 0.338780 0.876325 0.342466 -0.029002 -0.354091 0.934761 -0.940419 0.326610 0.094543
1.133164 -30.826564 -24.459061 187.177343 0.317755 0.892631 0.319754 -0.181026 -0.273916 0.944563 -0.930732 0.358023 -0.074552
1.207186 -161.615783 -210.957984 8367.011887 0.003767 0.994690 0.102843 -0.251553 -0.098594 0.962808 -0.967836 0.029497 -0.249846
0.507446 -185.287973 287.563300 12894.791663 0.072315 0.953152 0.293722 -0.218176 -0.272243 0.937167 -0.973227 0.131854 -0.188267
5.256087 -126.033877 -768.181555 5834.194595 -0.175981 0.631908 0.754800 0.498470 -0.603991 0.621870 -0.848857 -0.485682 0.208696
-659.308543 -2701.491808 17139.079649 148390.628304 -0.459072 0.345220 -0.818582 0.136401 0.937876 0.319034 0.877866 0.034804 -0.477641
-58.775982 -357.955673 -1056.191917 5309.963505 -0.825490 -0.482570 -0.292732 -0.326246 0.831186 -0.450215 0.460575 -0.276145 -0.843572
-34.336351 -544.193343 919.786046 -74601.927599 0.033805 0.767829 0.639763 0.994386 0.038381 -0.098608 -0.100268 0.639505 -0.762220
-215.815963 -256.025043 9529.508800 -11197.490669 0.807173 0.588990 0.039524 -0.064430 0.154456 -0.985897 0.586788 -0.793242 -0.162622
-31.315246 -261.670652 1690.280201 -5396.243920 0.135493 0.692325 0.708750 0.948567 -0.297222 0.108994 0.286116 0.657529 -0.696989
-13.292769 -584.591678 771.015812 -21350.354871 0.168184 0.742661 0.648204 -0.140492 0.668917 -0.729940 0.975693 -0.031697 -0.216839
-61.351578 -216.619471 -3647.873998 -15819.143506 -0.251950 -0.488642 -0.835314 0.717660 0.484718 -0.500013 0.649219 -0.725450 0.228554
-1.682390 -4.492275 11.454225 51.009226 -0.270400 0.909590 0.315484 0.958015 0.286666 -0.005391 -0.095343 0.300781 -0.948915
-2.000404 -4.439894 34.443845 36.868688 -0.227596 0.927719 0.295869 0.971652 0.236331 0.006406 -0.063980 0.288939 -0.955207
-1.976228 -5.158844 28.917231 63.175292 -0.333941 0.894901 0.296033 0.934654 0.355052 -0.018972 -0.122085 0.270352 -0.954989
-1.785447 -5.706556 -0.077552 75.936722 -0.375434 0.872886 0.311641 0.910570 0.410107 -0.051717 -0.172949 0.264354 -0.948792
0.012288 -13.945858 -23.759012 43.706486 0.229434 0.963976 -0.134576 0.697056 -0.066234 0.713951 -0.679318 0.257612 0.687142
0.155177 -13.723700 2.213245 24.544846 0.244599 0.959293 -0.141171 0.656339 -0.056637 0.752337 -0.713716 0.276677 0.643474
0.039750 -14.307856 -25.220094 18.945534 0.215426 0.959770 -0.180090 0.529415 0.040177 0.847411 -0.820556 0.277896 0.499461
-0.445506 -5.901515 7.518739 8.880750 0.265629 0.823715 0.500934 0.435734 -0.566078 0.699779 -0.859987 -0.032393 0.509287
-0.390798 -6.652848 1.851526 -15.106374 0.252625 0.836648 0.486005 0.469854 -0.545174 0.694278 -0.845824 -0.052959 0.530827
0.096828 -6.347324 -15.139385 -84.562503 0.298844 0.772668 0.560068 0.454455 -0.631295 0.628441 -0.839144 -0.066720 0.539801
-0.175251 -5.891807 -9.545999 -42.219256 0.304363 0.766457 0.565603 0.434340 -0.640123 0.633712 -0.847769 -0.052786 0.527733
-0.027998 -6.557290 -11.486270 -90.533110 0.331489 0.742550 0.582009 0.492187 -0.662398 0.564784 -0.804902 -0.099238 0.585051
0.367480 -6.649220 -42.278108 -97.691689 0.288637 0.769796 0.569300 0.525122 -0.624477 0.578166 -0.800584 -0.132072 0.584484
0.228721 -5.278689 112.323762 -40.563120 0.961280 0.264116 0.078635 0.274549 -0.942471 -0.190714 -0.023741 -0.204919 0.978491
1.714597 -5.709362 161.868208 -51.545533 0.975577 0.214492 0.047361 0.219385 -0.940682 -0.258819 0.010963 -0.262888 0.964764
1.930519 -5.568096 128.633970 -42.811716 0.990273 0.132831 0.041407 0.138583 -0.968128 -0.208620 -0.012376 -0.212329 0.977120
2.387931 -35.738091 -80.179085 778.573141 -0.039590 0.998170 -0.045716 -0.849408 -0.009523 0.527651 -0.526250 -0.059721 -0.848230
1.908399 -38.383258 -73.099943 465.784354 -0.023287 0.996708 -0.077656 -0.967461 -0.002891 0.253005 -0.251947 -0.081021 -0.964343
3.075833 -41.635176 -94.333256 477.644856 -0.014446 0.999433 -0.030414 -0.979660 -0.008059 0.200504 -0.200145 -0.032692 -0.979221
2.441847 -39.276840 -70.505183 -145.618639 -0.008213 0.997675 -0.067652 -0.991195 -0.017063 -0.131304 0.132153 -0.065978 -0.989031
3.528142 -36.308074 -85.139663 879.693469 -0.048004 0.998807 -0.008993 -0.865688 -0.037111 0.499207 -0.498277 -0.031749 -0.866436
3.728852 -41.315585 -48.348234 -315.076876 -0.022768 0.999579 0.017994 -0.978393 -0.018579 -0.205918 0.205497 0.022294 -0.978404
3.837612 -42.478432 -27.262741 576.867153 -0.014799 0.999290 0.034635 -0.984966 -0.020532 0.171525 -0.172115 0.031576 -0.984571
2.669633 -31.012209 8.045483 -784.636772 -0.044354 0.531585 0.845843 0.994021 -0.061079 0.090510 0.099777 0.844800 -0.525697
3.248352 -32.056717 44.552799 151.551987 -0.056103 0.528127 0.847310 0.874726 -0.383149 0.296735 0.481360 0.757811 -0.440471
2.725776 -33.424054 -67.944396 -553.687481 -0.046487 0.541007 0.839732 0.937756 -0.266002 0.223288 0.344171 0.797843 -0.494967
3.313087 -11.207747 -30.927603 -74.095387 0.161474 0.893087 0.419906 -0.300615 -0.360756 0.882885 -0.939977 0.268793 -0.210223
4.318562 -13.354982 -103.623990 -64.977516 0.082929 0.921711 0.378908 -0.441256 -0.306953 0.843251 -0.893541 0.237125 -0.381255
5.238970 -11.515323 69.067517 -28.812531 0.201457 0.810045 0.550674 -0.470495 -0.413068 0.779749 -0.859098 0.416176 -0.297907
-1.253994 -5.223075 118.382679 -138.596279 -0.174386 0.944878 0.277120 0.694540 0.317528 -0.645593 0.697999 -0.079889 0.711628
-2.105924 -4.341055 31.999623 -181.919968 -0.051851 0.969510 0.239503 0.740484 0.198241 -0.642171 0.670071 -0.144051 0.728186
-2.314596 -7.159600 37.146628 -144.444746 -0.021120 0.982584 0.184616 0.663121 0.151961 -0.732924 0.748214 -0.106943 0.654782
-3.414921 -7.061470 -439.565880 309.526068 0.749617 -0.640068 -0.168485 -0.659453 -0.744018 -0.107517 0.056538 -0.191704 0.979823
3.403320 -5.434438 602.121118 -71.491225 0.831622 -0.428871 -0.352809 0.477184 0.876825 0.058933 0.284078 -0.217365 0.933838
3.774235 -4.155982 577.583394 -97.973440 0.946765 -0.115968 -0.300311 0.185324 0.959120 0.213879 0.263231 -0.258148 0.929553
-2.119510 -8.126168 -39.828976 58.972976 0.111413 0.949129 0.294518 0.327624 0.244714 -0.912566 0.938216 -0.198163 0.283694
-1.492941 -7.175173 -36.993967 88.485243 0.138681 0.944551 0.297642 0.247160 0.258025 -0.933989 0.958999 -0.203092 0.197672
-2.160464 -6.469914 -47.453080 115.910775 0.103142 0.937709 0.331758 0.186096 0.309455 -0.932527 0.977103 -0.157922 0.142586
-2.818756 -5.368970 -53.459538 150.942457 0.072261 0.929790 0.360928 0.120999 0.351029 -0.928514 0.990019 -0.110767 0.087138
-3.534959 -7.357815 -90.316206 121.695619 0.060248 0.917508 0.393128 0.230757 0.370372 -0.899764 0.971144 -0.144926 0.189407
0.090072 -0.817991 101.868396 -143.786053 -0.583302 0.782742 -0.216966 0.698754 0.619749 0.357288 -0.414129 -0.056801 0.908444
-0.249132 -1.665544 22.840702 -193.718174 -0.385755 0.915411 -0.114960 0.831835 0.398989 0.385821 -0.399053 -0.053204 0.915383
4.062423 -0.386253 -479.482826 -14.416678 0.896953 -0.127383 0.423379 0.087049 0.989733 0.113365 -0.433473 -0.064829 0.898832
3.075055 -0.659116 -413.693676 -14.125025 0.900789 -0.155667 0.405397 0.118350 0.986206 0.115716 -0.417818 -0.056257 0.906787
5.914156 -0.046691 -574.801304 -7.816919 0.891437 -0.079730 0.446076 0.041336 0.994603 0.095167 -0.451256 -0.066396 0.889921
8.304788 -0.161650 -500.368285 -18.308716 0.915801 -0.043775 0.399239 0.008074 0.995848 0.090671 -0.401551 -0.079813 0.912352
7.592568 -0.481667 -396.566494 -13.727741 0.927718 -0.017467 0.372873 -0.013033 0.996780 0.079121 -0.373054 -0.078262 0.924503
3.754470 -6.563632 -40.767607 -8.271192 0.113517 -0.953909 -0.277799 0.987259 0.139680 -0.076211 0.111502 -0.265608 0.957611
2.906591 -6.492678 41.904917 12.199719 -0.119679 0.956429 0.266310 0.959251 0.180550 -0.217346 0.255958 -0.229447 0.939063
3.594045 -6.684430 5.522744 -1.149084 0.158429 -0.923216 -0.350102 0.961595 0.224757 -0.157539 0.224130 -0.311698 0.923369
3.244990 -6.976383 32.054213 20.079181 0.206222 -0.894145 -0.397463 0.930849 0.304485 -0.202011 0.301649 -0.328319 0.895106
3.739889 -6.770178 9.171955 -20.457867 0.207497 -0.896157 -0.392235 0.957379 0.268389 -0.106736 0.200923 -0.353370 0.913652
4.170329 -6.759340 -1.232892 -59.034155 0.176024 -0.914508 -0.364267 0.980496 0.195747 -0.017629 0.087426 -0.354059 0.931128
2.424456 -1.561747 -21.824607 48.188197 -0.535855 0.819755 -0.202141 -0.726195 -0.569617 -0.384937 0.430697 0.059476 -0.900534
2.302696 -1.907542 19.195025 22.569780 -0.503562 0.856276 -0.114962 -0.762088 -0.502921 -0.407790 0.406997 0.117736 -0.905810
2.896209 -1.404302 15.160476 30.623037 -0.584467 0.789264 -0.188313 -0.705202 -0.608886 -0.363248 0.401359 0.079507 -0.912463
2.624326 -1.203725 -42.132348 44.412156 -0.591179 0.764375 -0.257368 -0.681116 -0.644046 -0.348261 0.431959 0.030587 -0.901374
1.985514 -1.386209 -42.374138 37.453314 -0.528838 0.810085 -0.253164 -0.711015 -0.585747 -0.389049 0.463453 0.025740 -0.885748
2.222721 -1.834549 -21.226574 25.868198 -0.518248 0.827997 -0.214104 -0.718227 -0.557278 -0.416642 0.464294 0.062148 -0.883498
-0.153174 -8.488488 4.252795 -40.579959 -0.223621 0.974676 -0.000300 0.209425 0.048350 0.976629 -0.951911 -0.218332 0.214934
-0.162230 -8.383459 2.342299 -52.618386 -0.225396 0.974255 -0.004793 0.156676 0.041102 0.986794 -0.961587 -0.221668 0.161907
-0.223504 -9.091332 0.760673 -20.582049 -0.223780 0.974543 0.013741 0.323919 0.061068 0.944112 -0.919238 -0.215724 0.329339
-0.230348 -7.965092 12.422098 -54.680084 -0.215805 0.976274 -0.017839 0.064329 0.032445 0.997401 -0.974315 -0.214096 0.069804
-0.090131 -8.947520 14.958928 -18.973987 -0.212520 0.977152 0.003166 0.329993 0.068719 0.941479 -0.919750 -0.201128 0.337058
-0.231892 -8.347647 0.925828 -48.418689 -0.215245 0.976551 0.004213 0.194055 0.038543 0.980233 -0.957085 -0.211807 0.197801
1.390292 -10.914661 -18.470107 116.495577 -0.030189 0.981279 0.190208 0.902563 -0.055007 0.427030 -0.429499 -0.184567 0.884006
1.074735 -11.390497 -23.099580 91.999605 -0.047822 0.977285 0.206466 0.833999 -0.074686 0.546688 -0.549690 -0.198336 0.811483
1.291399 -11.729147 -1.961280 101.219029 -0.028198 0.984558 0.172776 0.814561 -0.077552 0.574870 -0.579392 -0.156946 0.799796
1.461652 -11.521039 -22.696924 137.526678 -0.027624 0.985011 0.170263 0.845290 -0.067903 0.529976 -0.533593 -0.158561 0.830744
1.343564 -12.477044 -26.830806 69.613858 -0.038460 0.985431 0.165670 0.734761 -0.084475 0.673045 -0.677235 -0.147614 0.720807
0.709595 -13.652074 75.881128 57.944308 0.137654 0.918980 -0.369496 0.597744 0.220381 0.770801 -0.789780 0.326968 0.518979
0.040005 -13.610774 52.920223 -18.999606 0.151228 0.928126 -0.340166 0.708316 0.138291 0.692217 -0.689506 0.345627 0.636493
0.672045 -13.319372 43.381208 -58.913290 0.105618 0.924423 -0.366453 0.697512 0.193782 0.689874 -0.708747 0.328468 0.624329
1.936800 -13.587937 69.842171 76.368718 0.070714 0.913154 -0.401434 0.574318 0.291772 0.764871 -0.815572 0.284638 0.503809
2.164014 -15.291812 92.078663 144.060719 0.107423 0.914516 -0.390027 0.414340 0.315426 0.853714 -0.903760 0.253313 0.345037
0.815079 -14.046094 76.769331 84.051832 0.141986 0.924307 -0.354256 0.453054 0.257515 0.853480 -0.880104 0.281679 0.382197
75.713716 -4.584897 3592.474480 -181.570851 -0.533405 0.833295 -0.145252 -0.074807 0.124575 0.989386 -0.842546 -0.538609 0.004112
72.637094 -7.555143 3871.123473 -98.390346 -0.262657 0.948896 -0.174948 0.018626 0.186267 0.982323 -0.964709 -0.254755 0.066599
299.590778 -16.562896 13960.302945 -262.274388 -0.567952 0.798647 -0.198981 0.014351 0.251330 0.967795 -0.822937 -0.546805 0.154205
-0.081841 -7.167597 22.066271 -75.485718 -0.149289 0.945897 0.288084 0.709806 0.305354 -0.634771 0.688395 -0.109720 0.716989
-0.265675 -6.805733 33.360719 -6.467223 -0.137300 0.953208 0.269340 0.632087 0.293669 -0.717094 0.762636 -0.071789 0.642831
-0.033389 -6.649958 30.558198 -43.140563 -0.190951 0.931155 0.310625 0.700320 0.350970 -0.621588 0.687815 -0.098844 0.719125
0.627687 -5.063003 81.043944 -93.935545 -0.038487 0.998639 -0.035190 -0.736626 -0.052150 -0.674286 0.675204 0.000030 -0.737631
0.698425 -5.935172 64.715894 -75.718445 -0.044650 0.998018 -0.044349 -0.787287 -0.062480 -0.613413 0.614968 -0.007527 -0.788516
1.220058 -5.316029 46.298113 -76.722397 -0.023529 0.999092 -0.035505 -0.759325 -0.040961 -0.649421 0.650286 -0.011680 -0.759600
1.219752 -4.127768 43.563715 -79.770116 -0.005272 0.999590 -0.028156 -0.708335 -0.023608 -0.705482 0.705857 -0.016225 -0.708169
2.366564 -14.376329 -8.332385 -227.286474 -0.005731 0.983587 -0.180343 -0.555829 -0.153054 -0.817086 0.831277 -0.095557 -0.547583
2.577646 -12.379482 6.311450 -100.955792 0.010462 0.986049 -0.166124 -0.420201 -0.146417 -0.895541 0.907371 -0.079175 -0.412807
2.608513 -13.198423 -13.782928 -165.143981 -0.012538 0.985605 -0.168599 -0.469312 -0.154687 -0.869378 0.882943 -0.068225 -0.464496
1.121909 -10.472810 -44.414207 -15.070395 -0.037672 0.975122 0.218442 0.946005 -0.035628 0.322187 -0.321954 -0.218785 0.921129
0.617298 -10.862838 -39.478587 -53.572983 -0.053342 0.973483 0.222454 0.954036 -0.016108 0.299258 -0.294906 -0.228193 0.927878
0.859584 -10.845695 -36.574248 66.516743 -0.043472 0.973893 0.222808 0.913313 -0.051653 0.403970 -0.404932 -0.221055 0.887223
-0.911293 -8.694411 -2.791987 137.038443 -0.126951 0.991891 -0.005929 -0.989822 -0.127070 -0.064074 0.064308 0.002266 -0.997928
-1.116579 -8.825643 -3.198384 149.602117 -0.160284 0.987063 0.004035 -0.982588 -0.159165 -0.095855 0.093973 0.019329 -0.995387
-1.254324 -8.731727 10.280101 14.966807 -0.122540 0.992408 0.010480 -0.964981 -0.116672 -0.234946 0.231939 0.038903 -0.971952
-1.107238 -8.947456 -12.151146 36.135232 -0.094473 0.995462 -0.011394 -0.974124 -0.094796 -0.205171 0.205320 0.008284 -0.978660
-1.208884 -9.160660 -25.536947 -112.017705 -0.093026 0.995511 -0.017457 -0.931176 -0.093195 -0.352457 0.352502 0.016533 -0.935665
-1.328856 -9.405398 -14.377816 -75.585628 -0.105744 0.994393 0.000487 -0.912659 -0.096858 -0.397080 0.394807 0.042433 -0.917784
-0.610533 -18.137019 -36.908674 -165.007713 -0.439741 0.897832 0.022916 -0.751343 -0.381733 0.538297 -0.492048 -0.219493 -0.842444
-0.296057 -19.302570 -34.334596 -118.405070 -0.432067 0.901549 0.022961 -0.778857 -0.385860 0.494463 -0.454643 -0.195757 -0.868895
-0.493658 -21.417258 -16.129378 -244.386090 -0.450458 0.891653 0.045198 -0.627892 -0.352384 0.693957 -0.634696 -0.284219 -0.718596
-0.477431 -16.753161 -42.081217 -20.422456 -0.410003 0.912027 0.010187 -0.851066 -0.386567 0.355322 -0.328001 -0.137013 -0.934689
-0.643450 -19.775433 -12.447489 -242.065443 -0.438197 0.898228 0.034191 -0.639155 -0.338103 0.690773 -0.632032 -0.280841 -0.722263
-0.820303 -19.290397 -1.503150 -267.741289 -0.422354 0.905254 0.046185 -0.707420 -0.361052 0.607617 -0.566723 -0.223958 -0.792886
-0.771056 -16.616749 -19.003599 -151.064952 -0.418563 0.907616 0.032223 -0.812996 -0.390269 0.432121 -0.404775 -0.154673 -0.901240
0.334634 -16.977693 -81.667557 -31.539404 -0.203946 0.916202 -0.344935 -0.432294 -0.400411 -0.807956 0.878367 0.015666 -0.477731
1.860209 -19.132857 -105.787937 -10.646828 -0.221279 0.915292 -0.336564 -0.366163 -0.397848 -0.841214 0.903858 0.062906 -0.423182
0.996126 -18.592654 -149.013574 -49.947567 -0.219133 0.894259 -0.390233 -0.556690 -0.443058 -0.702706 0.801297 -0.063253 -0.594914
-0.551839 -17.752905 -64.116965 -167.588165 -0.204390 0.915718 -0.345956 -0.540652 -0.400224 -0.739943 0.816039 -0.035805 -0.576887
-0.314569 -16.384833 -42.177287 -59.607170 -0.183463 0.940566 -0.285791 -0.384714 -0.336236 -0.859617 0.904620 0.047760 -0.423536
44.832860 -8.039046 2744.042004 -5.224959 0.027525 0.991271 -0.128938 0.050311 -0.130198 -0.990211 0.998354 -0.020768 0.053456
4.680806 -2.477077 410.087483 82.470828 0.050354 0.953009 -0.298728 -0.006508 -0.298788 -0.954297 0.998710 -0.049997 0.008843
23.456148 -2.036392 1664.484814 102.006244 0.060291 0.996760 -0.053240 0.016604 -0.054332 -0.998385 0.998043 -0.059310 0.019826
-2.570454 -10.474087 62.656632 99.640540 -0.654201 0.756309 -0.004216 0.711561 0.613587 -0.342333 0.256323 0.226955 0.939569
-2.086544 -9.837831 -93.842849 -103.844080 0.757699 -0.652594 -0.003695 -0.607346 -0.707212 0.361914 0.238796 0.271977 0.932204
-1.158568 -10.716669 -79.341044 -19.119641 0.748637 -0.662970 -0.003719 -0.647984 -0.732878 0.207379 0.140212 0.152842 0.978254
-1.640799 -11.563589 -1.088233 46.161217 -0.578916 0.815382 -0.002989 0.796966 0.565058 -0.213434 0.172341 0.125942 0.976953
1.126994 -46.896280 36.307704 1243.919798 -0.396564 0.905066 0.153597 -0.859752 -0.424817 0.283474 -0.321814 0.019639 -0.946599
1.001606 -39.472489 -33.422240 993.740541 -0.378576 0.918314 0.115668 -0.885916 -0.395703 0.242016 -0.268017 0.010851 -0.963353
0.819416 -52.162577 17.579678 -1184.946865 -0.332851 0.928421 0.165060 0.942371 0.321215 0.093578 0.033860 0.186696 -0.981834
1.207554 -61.155126 21.050515 -2005.669624 -0.343301 0.923902 0.168969 0.937448 0.348122 0.001160 -0.057750 0.158798 -0.985621
0.892487 -51.318508 22.435178 463.982609 -0.325579 0.925306 0.194444 -0.874951 -0.216887 -0.432920 0.358411 0.311078 -0.880211
0.834794 -47.426234 5.591611 -83.148684 -0.329692 0.931473 0.153822 -0.820832 -0.202325 -0.534135 0.466410 0.302362 -0.831288
3.045856 -307.572542 -61.703146 15523.992754 -0.335270 -0.008707 0.942082 -0.310990 0.944930 -0.101943 -0.889314 -0.327156 -0.319515
-8.220192 -55.468605 788.668355 3312.594919 -0.293830 0.018260 0.955683 -0.333638 0.934975 -0.120443 -0.895740 -0.354242 -0.268632
-2.701900 -30.539688 109.251849 1260.713148 -0.190319 -0.232290 0.953845 -0.440282 0.888609 0.128554 -0.877457 -0.395495 -0.271392
-83.858212 -854.120987 -6206.735821 56975.654713 0.012131 -0.982325 -0.186790 0.996829 -0.002811 0.079521 -0.078641 -0.187162 0.979176
-54.024259 -555.943223 3539.683691 32007.929196 -0.102497 0.990217 0.094680 0.046718 -0.090285 0.994820 -0.993636 -0.106389 0.037007
-361.941758 -1406.461927 19347.500510 -149037.873313 -0.351491 0.929341 0.113044 0.547903 0.106294 0.829761 -0.759115 -0.353591 0.546550
-92.058892 -505.329506 5445.719859 31472.143511 0.003079 0.929971 0.367620 0.855624 0.187828 -0.482316 0.517589 -0.316029 0.795127
0.626656 -13.330234 -0.122203 -50.579505 -0.095664 0.992062 -0.081614 0.902890 0.051960 -0.426720 0.419092 0.114510 0.900694
0.416915 -13.916330 -11.743925 67.813746 -0.106761 0.991883 -0.069060 0.950035 0.081273 -0.301377 0.293318 0.097785 0.951001
0.645437 -14.172482 -16.318474 -52.277215 -0.107625 0.991629 -0.071339 0.901021 0.066959 -0.428576 0.420211 0.110404 0.900685
0.175867 -13.988006 -6.023013 99.246162 -0.029528 0.996742 -0.075051 0.958699 0.006991 -0.284338 0.282887 0.080348 0.955782
0.213270 -14.900791 9.455569 131.529443 -0.026893 0.996709 -0.076472 0.993859 0.018444 -0.109108 0.107339 0.078936 0.991084
0.241701 -14.005205 2.627555 115.995230 -0.039341 0.996005 -0.080162 0.963164 0.016442 -0.268410 0.266020 0.087769 0.959964
0.479788 -13.276629 -0.852133 -1.156463 -0.043750 0.995888 -0.079324 0.922810 0.009863 -0.385130 0.382764 0.090050 0.919447
0.414476 -13.521342 -3.640306 -4.202761 -0.031206 0.996025 -0.083423 0.915272 -0.005061 -0.402805 0.401626 0.088925 0.911476
0.332501 -2.866465 13.455131 2.899092 -0.074826 0.996543 0.036099 0.582634 0.073069 -0.809443 0.809283 0.039535 0.586088
0.112569 -2.931439 8.841245 10.314229 -0.062651 0.997740 0.024282 0.619023 0.057932 -0.783233 0.782870 0.034039 0.621254
-0.086018 -2.954030 19.430762 11.226723 -0.132947 0.985975 0.100886 0.601929 0.161190 -0.782112 0.787405 0.043253 0.614917
-0.318281 -3.204045 14.190730 15.624562 -0.119004 0.988858 0.089428 0.647743 0.145582 -0.747820 0.752507 0.031067 0.657851
0.151806 -2.940344 17.924311 -2.700454 -0.113704 0.990300 0.079857 0.570339 0.130877 -0.810916 0.813502 0.046659 0.579688
-0.183567 -3.044593 17.365762 7.293529 -0.167027 0.974078 0.152559 0.565465 0.221396 -0.794502 0.807682 0.046437 0.587786
-0.436334 -3.136556 16.576456 19.608010 -0.201212 0.959796 0.195716 0.588515 0.278173 -0.759125 0.783048 0.037563 0.620826
-0.561400 -3.289016 28.143710 20.218297 -0.205257 0.961362 0.183445 0.622968 0.272897 -0.733102 0.754838 0.036194 0.654912
-1.071525 -8.160054 16.119486 -75.706872 0.048628 0.998438 0.027520 -0.189339 0.036268 -0.981242 0.980707 -0.042505 -0.190807
-1.170255 -7.923452 -5.731069 -129.117961 0.047812 0.998701 0.017591 -0.266663 0.029735 -0.963331 0.962603 -0.041368 -0.267738
-0.939184 -7.621772 0.795614 -56.540570 0.052437 0.996492 0.065229 -0.184066 0.073845 -0.980136 0.981514 -0.039389 -0.187292
-0.865397 -7.302352 0.299563 42.954841 0.058897 0.995774 0.070462 -0.128968 0.077583 -0.988609 0.989898 -0.049139 -0.132993
-72.458616 -162.686403 2655.775960 4138.408965 -0.055918 0.241372 0.968820 0.968449 -0.222909 0.111433 0.242856 0.944485 -0.221292
-105.822470 -178.957337 -9622.992292 6226.150497 -0.246512 0.285308 -0.926192 -0.601738 0.704092 0.377049 0.759699 0.650272 -0.001886
-116.803021 -337.603238 5742.995006 -11915.182247 0.155937 0.194103 0.968508 0.956975 -0.272596 -0.099448 0.244708 0.942346 -0.228260
-13.689223 -48.693523 439.062564 91.599449 0.160571 0.384438 0.909079 0.903301 -0.428462 0.021641 0.397825 0.817697 -0.416061
-3.221142 -85.869872 276.263393 4531.240872 -0.426173 0.356947 0.831243 0.897942 0.055294 0.436626 0.109890 0.932487 -0.344083
-4.031427 -217.947943 -270.375580 -12714.781908 0.551771 -0.167724 -0.816956 0.660709 0.685676 0.305470 0.508932 -0.708320 0.489153
-5.892579 -162.701575 -82.035356 -8213.803225 0.395966 -0.058429 -0.916404 0.568308 0.799477 0.194585 0.721274 -0.597849 0.349771
-4.608879 -100.894451 -33.403197 -1763.654205 0.460890 -0.147530 -0.875109 0.403684 0.913014 0.058687 0.790329 -0.380315 0.480354
-5.495302 -151.021094 -217.196990 -7513.742584 0.581055 -0.072193 -0.810656 0.791183 0.283621 0.541839 0.190802 -0.956215 0.221917
-4.568270 -64.196652 175.672570 -2958.041473 0.609058 -0.029530 -0.792576 0.765271 0.284387 0.577481 0.208345 -0.958255 0.195806
-4.973721 -40.232215 223.936236 470.061718 0.594343 -0.052449 -0.802500 -0.591346 -0.704788 -0.391897 0.545038 -0.707476 0.449901
-8.565581 -52.525015 328.538143 -2219.577310 0.640806 -0.055893 -0.765665 0.682281 0.498676 0.534616 0.351937 -0.864984 0.357690
-15.154051 -55.768431 499.530042 2299.161356 0.699885 -0.150679 -0.698181 -0.673613 -0.464276 -0.575059 0.237500 -0.872779 0.426439
-10.674286 -49.564026 404.649607 -2246.659169 0.678447 -0.066697 -0.731615 0.725952 0.213648 0.653719 0.112707 -0.974631 0.193367
-0.539433 -16.198087 -33.228989 43.513079 -0.077195 0.992959 -0.089852 0.996342 0.080141 0.029649 0.036641 -0.087235 -0.995514
-0.075130 -16.154305 53.161988 102.110442 -0.043628 0.998712 -0.025890 -0.977508 -0.048025 -0.205357 0.206336 -0.016348 -0.978345
-0.528748 -16.501436 54.276747 7.541544 -0.103095 0.993589 -0.046394 0.994217 0.104345 0.025376 0.030054 -0.043510 -0.998601
-8.237371 -12.128458 17.085844 -309.060901 0.435131 0.867887 0.239652 0.883897 -0.462440 0.069829 0.171428 0.181443 -0.968344
-7.946185 -10.945697 135.501293 108.148900 -0.078360 0.971493 0.223743 -0.968182 -0.020656 -0.249392 0.237661 0.236166 -0.942201
-5.717331 -9.712232 10.892424 -93.224121 -0.371253 0.908210 0.193196 0.912346 0.318119 0.257732 0.172616 0.271945 -0.946705
5.206993 -7.281398 44.095118 2.768466 -0.133406 0.990906 -0.017573 -0.399786 -0.037582 0.915838 -0.906848 -0.129204 -0.401164
4.042728 -8.085816 61.215712 2.432380 -0.020203 0.994605 -0.101744 -0.470231 0.080354 0.878878 -0.882312 -0.065599 -0.466071
4.545992 -5.986139 130.613724 -58.773127 0.066054 0.970147 -0.233349 -0.588151 0.226770 0.776308 -0.806049 -0.085966 -0.585572
-9.365544 -38.275456 708.172071 2972.239234 0.500976 0.860360 -0.093829 -0.362485 0.307036 0.879962 -0.785893 0.406829 -0.465685
-11.815011 -59.527794 288.296842 5011.255895 0.255465 0.953720 -0.158605 -0.168758 0.205517 0.963993 -0.951976 0.219501 -0.213450
0.235180 -9.868200 -120.854132 137.229264 -0.295683 0.856419 0.423224 -0.545590 -0.515064 0.661090 -0.784158 0.035434 -0.619549
-5.391708 -7.596004 -93.738995 41.191007 -0.665777 0.742539 -0.073327 0.744486 0.654515 -0.131720 -0.049814 -0.142287 -0.988571
-4.588702 -6.953110 -119.955634 37.826274 -0.584092 0.798562 -0.145380 0.810241 0.584311 -0.045722 0.048436 -0.144499 -0.988319
-2.963193 -7.206433 -183.295449 28.472641 -0.443650 0.874560 -0.195755 0.895719 0.425552 -0.128812 -0.029350 -0.232489 -0.972156
-2.163394 -7.368587 47.217430 7.571504 0.195247 0.980143 0.034629 0.620686 -0.150826 0.769415 -0.759360 0.128732 0.637809
-2.151925 -7.453943 69.723716 -15.042351 0.219320 0.974930 0.037538 0.543295 -0.153997 0.825297 -0.810388 0.160610 0.563450
-2.714314 -7.421395 39.112379 5.673237 0.154911 0.987882 0.009623 0.541085 -0.092990 0.835811 -0.826577 0.124270 0.548933
-2.488937 -7.305739 2.354409 16.018759 0.115046 0.993277 0.012865 0.645026 -0.084547 0.759469 -0.755450 0.079076 0.650416
-2.099138 -7.152417 17.186905 33.816151 0.169824 0.984899 0.033661 0.697897 -0.144313 0.701508 -0.695772 0.095641 0.711866
-1.678342 -7.179628 64.958020 22.619824 0.221692 0.974617 0.031223 0.686553 -0.178745 0.704766 -0.692457 0.134804 0.708753
-0.131394 -8.760938 24.046262 83.278524 0.197260 0.969606 0.144751 0.504562 0.026183 -0.862979 0.840539 -0.243267 0.484061
-0.869566 -9.020773 -16.607969 40.927891 0.229945 0.963059 0.140151 0.530929 -0.003446 -0.847409 0.815622 -0.269268 0.512108
-0.919964 -8.505018 -0.548295 86.914034 0.215880 0.968516 0.123984 0.422160 0.021916 -0.906256 0.880441 -0.247984 0.404138
-0.386803 -8.408129 57.255722 138.821945 0.183998 0.975871 0.117564 0.407534 0.033101 -0.912590 0.894461 -0.215826 0.391610
-0.741969 -7.336772 23.956396 63.143859 0.200611 0.973753 0.107522 0.356135 0.029758 -0.933960 0.912646 -0.225656 0.340818
-0.958250 -7.351294 23.709002 58.159882 0.228311 0.971285 0.066925 0.287695 -0.001635 -0.957721 0.930111 -0.237912 0.279807
0.310655 -6.537243 -13.505133 -78.589373 -0.038521 0.996401 -0.075502 0.055259 0.077567 0.995455 -0.997729 -0.034174 0.058048
-0.268603 -14.536896 14.540846 -11.372770 0.180540 0.983077 -0.031048 0.433068 -0.107795 -0.894892 0.883095 -0.148118 0.445201
-0.537321 -15.703401 34.077458 -32.734177 0.168361 0.985171 -0.033067 0.517650 -0.116912 -0.847567 0.838864 -0.125581 0.529657
-0.648944 -18.634343 -13.542017 277.999658 0.124427 0.976137 -0.177973 -0.908371 0.184232 0.375394 -0.399224 -0.114956 -0.909618
-0.864296 -16.010127 -14.375951 130.003528 0.129006 0.977233 -0.168442 -0.852910 0.195996 0.483871 -0.505868 -0.081244 -0.858776
-1.045442 -9.706942 -27.074563 334.275366 0.179362 0.972610 -0.147846 -0.665111 0.009151 -0.746688 0.724884 -0.232262 -0.648535
-0.771201 -9.963660 5.349555 360.085234 0.117121 0.977347 -0.176281 -0.658621 -0.056414 -0.750357 0.743304 -0.203985 -0.637094
-1.324713 -12.216749 -32.838406 283.048089 0.182346 0.972054 -0.147852 -0.542612 -0.025916 -0.839584 0.819953 -0.233321 -0.522722
0.141961 -5.918680 7.232087 -58.279556 -0.027922 0.999050 0.033463 0.952252 0.016402 0.304873 -0.304034 -0.040378 0.951805
0.261542 -4.810045 16.822434 -63.227608 -0.105137 0.994449 -0.004153 0.914275 0.098302 0.392985 -0.391212 -0.037520 0.919536
3.020193 -8.513310 156.489395 58.853614 0.056504 0.970133 0.235901 0.833954 0.084048 -0.545396 0.548934 -0.227548 0.804297
2.133497 -8.177319 103.406251 94.177347 0.095685 0.975294 0.199112 0.877372 0.011849 -0.479664 0.470173 -0.220592 0.854562
19.423654 -5.643311 1156.208385 -107.702384 0.314540 0.946740 -0.068912 0.475701 -0.220034 -0.851642 0.821446 -0.235094 0.519574
4.115408 -7.499990 308.688594 41.194630 0.150980 0.980481 0.125943 0.507863 0.032370 -0.860830 0.848104 -0.193930 0.493062
-0.875510 -3.088852 62.544594 44.001983 0.116155 0.923167 -0.366429 -0.304727 0.384256 0.871486 -0.945330 -0.010433 -0.325947
-1.620848 -3.232735 3.763725 -6.016387 -0.027286 0.999616 0.004752 -0.285385 -0.012345 0.958333 -0.958024 -0.024793 -0.285612
-1.519707 -2.754128 0.923823 -21.444465 -0.012935 0.999665 0.022403 -0.283591 -0.025153 0.958615 -0.958858 -0.006046 -0.283822
-0.029623 -2.601692 121.262440 45.502802 0.159134 0.881530 -0.444501 -0.270360 0.471939 0.839154 -0.949517 0.013363 -0.313432
0.873558 -3.284939 124.997241 32.406431 0.156145 0.888828 -0.430818 -0.318438 0.458178 0.829861 -0.934995 -0.007611 -0.354579
-0.262236 -3.398489 72.974864 27.610630 0.138760 0.900387 -0.412370 -0.349475 0.434129 0.830301 -0.926614 -0.028900 -0.374903
-2.247170 -11.496998 -35.341625 16.898692 0.066085 0.997205 -0.034866 0.982812 -0.059015 0.174924 -0.172378 0.045826 0.983964
3.335472 -7.807632 303.862252 123.365909 -0.242719 -0.715720 -0.654853 0.969662 -0.199204 -0.141683 -0.029044 -0.669375 0.742357
5.005454 -7.589181 143.819886 136.311948 -0.204847 -0.795778 -0.569891 0.978689 -0.157991 -0.131176 0.014350 -0.584617 0.811183
5.138846 -7.489823 232.154701 32.886567 -0.218114 -0.752268 -0.621707 0.974865 -0.138290 -0.174681 0.045432 -0.644181 0.763523
2.623176 -7.472947 306.191660 37.467281 -0.300334 -0.686088 -0.662633 0.953370 -0.194259 -0.230974 0.029746 -0.701104 0.712438
-0.760168 -24.930110 35.593335 427.187786 0.343908 0.921982 0.177980 -0.217339 -0.106237 0.970298 -0.913505 0.372375 -0.163847
-1.113206 -21.332853 11.668626 370.229750 0.337427 0.925392 0.172607 0.045654 -0.199232 0.978888 -0.940244 0.322423 0.109475
-0.189714 -26.884867 15.769535 105.117694 0.326932 0.925042 0.193426 -0.506148 -0.001453 0.862445 -0.798079 0.379863 -0.467733
-0.918635 -22.309654 39.286010 330.572837 0.337835 0.922242 0.187984 -0.008018 -0.196899 0.980391 -0.941171 0.332718 0.059125
-0.503316 -24.934531 30.807108 432.898513 0.329500 0.924520 0.191551 -0.232079 -0.117348 0.965592 -0.915188 0.362618 -0.175896
-1.417171 -18.917799 -4.783704 64.753724 0.334950 0.882996 0.328825 0.732422 -0.463541 0.498685 -0.592761 -0.073804 0.801989
-1.210347 -19.086125 -6.758185 -75.504591 0.364753 0.862185 0.351557 0.819031 -0.476692 0.319301 -0.442881 -0.171470 0.880031
-1.349345 -18.581976 4.217772 27.406486 0.365906 0.871729 0.325885 0.790773 -0.475858 0.385015 -0.490704 -0.116821 0.863459
-1.239210 -20.451407 15.977627 -120.356231 0.402906 0.853559 0.330309 0.875584 -0.464555 0.132442 -0.266494 -0.235852 0.934535
-1.483689 -18.843029 4.595861 10.999411 0.347305 0.883826 0.313417 0.645060 -0.467752 0.604240 -0.680645 0.007683 0.732573
-1.335666 -17.991668 11.870045 22.985894 0.369671 0.874572 0.313794 0.675375 -0.484852 0.555686 -0.638131 -0.006508 0.769900
-1.195322 -18.752520 -3.610498 -101.581814 0.390541 0.858628 0.332018 0.860930 -0.468370 0.198567 -0.326002 -0.208296 0.922136
-1.213326 -17.589530 -3.226668 37.955155 0.380013 0.863963 0.330391 0.792744 -0.488243 0.364933 -0.476600 -0.123236 0.870440
