13118
26220
-9.998796 -13.947123 -160.255135 168.679201 0.689205 0.315044 0.652491 -0.236912 0.949010 -0.207972 -0.684741 -0.011247 0.728700
-9.150921 -15.011512 140.405152 -573.045600 0.480678 0.826601 0.292712 0.564796 -0.547184 0.617734 -0.670786 0.131609 0.729880
-8.348824 -11.635157 -137.324901 208.874887 0.706502 0.066801 0.704552 0.039937 0.990186 -0.133930 -0.706584 0.122759 0.696900
-7.793883 -9.901991 -78.923142 230.911672 0.724191 0.288848 0.626191 -0.043659 0.925432 -0.376389 -0.688216 0.245238 0.682801
-7.794980 -12.964674 34.985555 128.980343 0.671920 0.032683 0.739902 -0.042899 0.999066 -0.005173 -0.739380 -0.028266 0.672695
-6.349827 -10.272318 7.200000 213.999903 0.643062 -0.143958 0.752162 0.260479 0.964729 -0.038056 -0.720154 0.220395 0.657879
-7.193484 -11.370661 17.725621 182.950326 0.616753 -0.179824 0.766342 0.198089 0.977682 0.069994 -0.761825 0.108635 0.638609
-12.792943 -14.088859 348.624273 0.278991 0.905892 0.259822 0.334444 0.359271 -0.889597 -0.282033 -0.224242 -0.375647 0.899224
-6.824834 -15.031813 740.999173 -149.974043 0.848019 0.448080 0.282997 0.521968 -0.798589 -0.299675 -0.091720 -0.401846 0.911102
-7.771453 -16.350477 1633.401347 -366.614541 0.793451 0.602205 0.088229 0.608500 -0.781858 -0.135743 0.012762 -0.161393 0.986808
-11.158438 -15.176347 -451.129884 416.373199 -0.590941 -0.765642 -0.254128 0.786404 -0.616976 0.030160 -0.179883 -0.182025 0.966700
11.086064 -14.823443 175.890396 -356.278891 -0.701330 -0.632518 0.328720 -0.588996 0.773945 0.232578 -0.401521 -0.030500 -0.915342
12.261051 -18.161658 38.641861 -301.416611 -0.736736 -0.649691 0.187406 -0.540426 0.732333 0.414281 -0.406398 0.203937 -0.890646
10.408993 -19.295766 227.370513 -394.339085 -0.632985 -0.667367 0.392366 -0.506613 0.740317 0.441898 -0.585383 0.080937 -0.806706
12.894747 -16.209835 16.728943 -297.777320 -0.774334 -0.619048 0.131095 -0.578358 0.776440 0.250287 -0.256727 0.117986 -0.959255
8.243046 -14.352889 320.148513 -399.972381 -0.577874 -0.651871 0.491046 -0.609346 0.744882 0.271750 -0.542918 -0.142180 -0.827663
7.772891 -10.082969 271.048649 -280.717076 -0.613199 -0.629453 0.477259 -0.649720 0.745530 0.148491 -0.449279 -0.219030 -0.866126
9.732786 -9.560983 186.127862 -245.335460 -0.728307 -0.586420 0.354514 -0.600563 0.795374 0.081882 -0.329989 -0.153272 -0.931459
12.030881 -13.252665 80.003441 -236.979684 -0.802889 -0.568931 0.178007 -0.557077 0.822361 0.115706 -0.212215 -0.006264 -0.977203
-2.309455 -15.376732 7.978474 99.100515 0.556029 0.485710 0.674476 0.299723 0.639715 -0.707765 -0.775240 0.595694 0.210122
-2.434989 -15.851713 -15.201054 205.862906 0.527844 0.517233 0.673684 0.245343 0.666517 -0.703961 -0.813135 0.536865 0.224918
-2.317632 -16.146755 21.587025 65.589725 0.555549 0.497666 0.666104 0.131720 0.738312 -0.661472 -0.820984 0.455220 0.344616
-2.283814 -15.897046 38.532508 98.409019 0.579874 0.462163 0.670934 0.205857 0.713688 -0.669531 -0.788270 0.526360 0.318710
0.267015 -17.010657 31.826627 -5.378577 0.644630 0.330784 0.689227 -0.446392 -0.569031 0.690607 -0.620634 0.752851 0.219155
0.314824 -16.312007 50.113926 -42.243226 0.641283 0.322083 0.696432 -0.560294 -0.423555 0.711809 -0.524239 0.846678 0.091158
-0.077175 -16.794719 10.831423 -22.418416 0.630029 0.339302 0.698525 -0.499584 -0.511564 0.699084 -0.594541 0.789415 0.152791
3.020449 -20.398431 -282.260152 -256.713759 0.904113 0.228039 -0.361355 -0.426180 0.542246 -0.724113 -0.030817 -0.808682 -0.587438
7.485431 -22.212983 -362.275650 76.715454 0.895174 0.291390 -0.337277 -0.437819 0.433035 -0.787906 0.083535 -0.852979 -0.515217
7.597048 -21.296118 -427.223207 -217.197031 0.887986 0.284415 -0.361372 -0.458208 0.613966 -0.642722 -0.039071 -0.736311 -0.675514
7.030560 -21.141903 -426.021384 -58.417751 0.878285 0.295352 -0.376008 -0.447015 0.786297 -0.426514 -0.169682 -0.542682 -0.822620
2.934631 -20.633917 -231.428346 -213.255330 0.891349 0.255454 -0.374486 -0.434904 0.714944 -0.547461 -0.127886 -0.650844 -0.748363
0.659298 -44.910523 22.189860 -998.996521 0.991588 0.113942 -0.061404 0.119382 -0.621812 0.774014 -0.050011 0.774833 0.630184
1.235588 -45.050040 30.543927 -1397.998747 0.994427 0.095784 -0.044045 0.089030 -0.539215 0.837449 -0.056465 0.836703 0.544738
0.635389 -35.740837 -0.146020 -797.671707 0.995902 0.088221 -0.019915 0.045937 -0.303737 0.951648 -0.077906 0.948663 0.306545
1.289116 -48.755355 66.769357 -784.515209 0.987867 0.135263 -0.076312 0.154752 -0.815921 0.557068 -0.013086 0.562118 0.826954
2.703492 -2.381827 -322.581080 12.077854 -0.003679 0.827876 -0.560899 0.995837 0.054122 0.073350 0.091081 -0.558294 -0.824628
5.309486 -2.186646 -295.171389 24.682716 -0.062030 0.843259 -0.533917 0.993821 0.101517 0.044873 0.092041 -0.527835 -0.844345
2.836529 -2.602585 -261.023160 48.395445 0.016146 0.839164 -0.543639 0.997705 0.022235 0.063954 0.065756 -0.543424 -0.836879
0.228419 -24.357063 -105.700938 -84.850389 0.873444 0.478453 0.090436 -0.208113 0.198908 0.957666 -0.440210 0.855289 -0.273307
-0.207944 -23.767533 -63.021280 137.477003 0.873316 0.478822 0.089716 -0.284046 0.350877 0.892302 -0.395775 0.804745 -0.442434
0.725496 -23.686020 -85.623975 136.233584 0.870049 0.478137 0.120002 -0.334407 0.393596 0.856303 -0.362198 0.785154 -0.502340
1.765037 -22.815122 -90.889043 200.287447 0.872797 0.470712 0.129054 -0.308573 0.327294 0.893119 -0.378163 0.819334 -0.430910
-1.086253 -18.512222 -27.912662 221.100806 0.886007 0.461915 0.040315 0.433712 -0.794876 -0.424342 0.163965 -0.393455 0.904604
-1.945191 -22.061545 -13.904211 392.722748 0.927682 0.373351 -0.003815 0.353956 -0.882651 -0.309262 0.118831 -0.285546 0.950969
-1.546924 -22.607457 -43.793002 616.815742 0.910633 0.412275 0.027856 0.407072 -0.883473 -0.231876 0.070987 -0.222494 0.972346
-0.806574 -17.655682 -25.905710 424.983604 0.894112 0.445460 0.046130 0.432631 -0.832531 -0.346010 0.115729 -0.329329 0.937096
-2.678469 -24.948402 -79.218142 535.531246 0.930911 0.365128 0.009228 0.364260 -0.926249 -0.096842 0.026812 -0.093513 0.995257
-0.950380 -20.607621 4.460377 -117.040870 0.878643 0.476091 0.036398 0.429810 -0.755419 -0.494576 0.207967 -0.450200 0.868372
-1.213403 -22.674416 63.087662 284.927034 0.929139 0.368426 -0.031029 0.325295 -0.854479 -0.405030 0.175737 -0.366235 0.913777
10.143811 -3.054821 34.219182 -125.609051 0.867887 0.346232 0.356225 0.066113 -0.791219 0.607948 -0.492343 0.504079 0.709579
11.797872 -2.956575 11.468621 -26.528056 0.849174 0.437854 0.295274 -0.160239 0.746374 -0.645948 -0.503216 0.501208 0.703963
10.089011 -3.782587 173.877615 -89.021078 0.917893 0.296475 0.263772 0.072511 -0.778817 0.623046 -0.390148 0.552763 0.736368
7.989208 -5.568632 136.259091 -118.685740 0.932933 0.153380 0.325746 -0.042795 -0.851074 0.523299 -0.357497 0.502144 0.787431
8.745473 -4.834542 2.229722 162.162114 0.874596 0.244901 0.418457 0.004576 0.858851 -0.512204 -0.484831 0.449887 0.750027
4.096264 -123.898833 181.112629 -6249.624557 -0.010801 0.943504 0.331185 0.455690 0.299458 -0.838255 0.890073 -0.141864 0.433180
3.613894 -119.454100 96.851934 -1369.927042 0.028065 0.941950 0.334580 0.020397 0.334102 -0.942316 0.999398 -0.033270 0.009837
2.220483 -438.155370 -86.022500 -35701.982890 0.067728 0.952153 0.298022 0.133585 0.287364 -0.948460 0.988720 -0.104048 0.107731
12.851513 -242.471841 38.298297 -16377.295862 0.009135 0.918718 0.394810 0.693254 0.278719 -0.664616 0.720635 -0.279774 0.634359
4.476075 -105.361257 6.213424 -5183.288441 0.013831 0.968484 0.248690 0.814756 0.133262 -0.564282 0.579639 -0.210427 0.787235
-1.967571 -7.309510 -37.335397 -80.487888 0.820360 -0.099454 0.563132 -0.490799 -0.627832 0.604106 -0.293472 0.771969 0.563860
-2.065147 -6.132538 -16.012515 -100.518198 0.849872 -0.079899 0.520897 -0.472586 -0.552941 0.686235 -0.233196 0.829381 0.507688
-1.522986 -6.648592 -32.899077 -85.340946 0.840346 -0.058469 0.538888 -0.470351 -0.572799 0.671321 -0.269423 0.817608 0.508850
1.932019 -5.538588 -124.887544 -112.484203 -0.905166 -0.140203 -0.401269 -0.112300 0.989372 -0.092363 0.409954 -0.038542 -0.911291
1.497334 -6.520850 -140.114848 -63.811781 -0.897633 -0.167559 -0.407651 -0.175403 0.984325 -0.018362 0.404338 0.055021 -0.912953
2.959805 -5.962751 -35.484044 -90.942088 -0.923278 -0.171626 -0.343659 -0.165010 0.985091 -0.048645 0.346884 0.011795 -0.937834
3.019894 -4.516874 -52.855115 -112.470992 -0.925398 -0.138221 -0.352893 -0.103802 0.987955 -0.114760 0.364505 -0.069568 -0.928599
-1.619727 -1.875862 18.793981 52.469043 0.525543 0.790349 0.314884 0.552232 -0.598455 0.580424 -0.647182 0.131149 0.750970
-1.032175 -2.311993 -37.866483 31.033273 0.738889 0.024380 0.673386 0.055982 0.993669 -0.097403 -0.671498 0.109667 0.732846
-0.720003 -2.335338 68.786389 34.407084 0.635182 -0.491075 0.596145 0.448713 0.862854 0.232681 -0.628650 0.119704 0.768421
-0.578074 -1.764630 -49.242545 25.831665 -0.217752 0.919846 -0.326293 0.776368 0.365845 0.513236 -0.591471 0.141566 0.793802
0.095160 -15.957318 2.661878 -12.172905 0.644100 0.360143 0.674857 0.044419 0.863136 -0.503015 -0.763650 0.353969 0.539949
0.089952 -16.047809 3.839163 21.928273 0.641923 0.372133 0.670412 -0.094960 0.906185 -0.412081 -0.760867 0.200862 0.617039
0.328779 -15.751378 26.365781 -13.311760 0.651269 0.363299 0.666230 -0.015832 0.884264 -0.466718 -0.758682 0.293411 0.581646
0.004399 -16.114619 1.473974 30.823505 0.646391 0.369461 0.667590 -0.113231 0.911708 -0.394927 -0.754557 0.179685 0.631155
0.278309 -15.963219 17.868206 -65.835104 0.646418 0.348046 0.678975 0.146193 0.816907 -0.557934 -0.748847 0.459920 0.477182
2.158870 -12.277534 -63.002482 112.274310 0.370915 0.339310 0.864460 0.549595 0.670142 -0.498854 -0.748577 0.660135 0.062082
1.910858 -11.673468 -7.374474 64.061813 0.431652 0.347403 0.832459 0.611144 0.566144 -0.553159 -0.663460 0.747524 0.032064
2.287290 -12.614784 12.652227 24.068988 0.437625 0.332985 0.835228 0.524900 0.659584 -0.537986 -0.730044 0.673847 0.113867
1.467591 -11.184644 -54.610283 129.838369 0.367197 0.349948 0.861802 0.619864 0.598732 -0.507236 -0.693495 0.720456 0.002932
3.277885 -11.431944 -54.615755 -67.815521 0.393593 0.340277 0.853988 0.425351 0.756137 -0.497326 -0.814961 0.558989 0.152873
1.252566 -11.631119 -96.361133 98.309451 0.321647 0.338515 0.884280 0.516350 0.720113 -0.463486 -0.793679 0.605677 0.056830
333.837679 -1104.491334 17671.476356 284255.234620 -0.468448 -0.491165 0.734380 0.859543 -0.061145 0.507392 -0.204310 0.868918 0.450820
452.830474 -268.314041 -49806.215266 -1119.124159 0.923634 0.317405 -0.214836 -0.318899 0.947356 0.028627 0.212612 0.042069 0.976231
-43.401658 -158.305985 1438.404458 8554.376632 -0.268378 0.772344 -0.575724 0.651943 -0.294362 -0.698800 0.709185 0.562882 0.424524
149.462453 -1963.299822 1689.689024 -316359.244998 -0.394081 -0.097431 0.913897 0.823013 0.405186 0.398088 -0.409084 0.909028 -0.079489
-12.163909 -148.871123 -1215.841100 -10594.498811 -0.130919 -0.280731 0.950816 0.071281 0.953923 0.291463 -0.988827 0.105933 -0.104876
-30.940195 -70.563845 1271.808019 -3288.660357 -0.403296 0.548642 0.732355 0.914067 0.204087 0.350470 0.042818 0.810765 -0.583803
-40.084240 -59.137488 981.640574 -1717.258274 -0.089996 0.743355 0.662815 0.949388 -0.137064 0.282624 0.300938 0.654704 -0.693397
-63.136796 -98.658660 2339.084539 -5089.055216 -0.110114 0.751709 0.650237 0.971930 0.218290 -0.087764 -0.207913 0.622321 -0.754645
-28.479822 -54.492033 1097.232406 628.448465 -0.309588 0.568866 0.761936 0.803706 -0.271668 0.529389 0.508145 0.776265 -0.373096
-25.863826 -87.820998 1173.527450 -5948.353326 -0.523135 0.397422 0.753914 0.774785 0.590276 0.226456 -0.355019 0.702588 -0.616710
-22.622462 -57.249765 1010.527829 882.631628 -0.424904 0.390580 0.816642 0.793171 -0.274142 0.543807 0.436276 0.878802 -0.193313
5.187785 -5.625045 -236.248862 32.049680 0.358157 0.640368 0.679450 -0.082291 0.746545 -0.660226 -0.930028 0.180552 0.320077
5.778030 -5.278177 -76.289564 3.328248 0.473127 0.574738 0.667703 -0.014246 0.762789 -0.646491 -0.880879 0.296360 0.369083
7.034562 -4.785984 -40.418124 60.676594 0.502790 0.651636 0.567955 -0.123736 0.704534 -0.698799 -0.855507 0.281073 0.434864
3.833918 -7.263038 -268.081838 -63.349495 0.308589 0.537651 0.784669 0.034396 0.818082 -0.574072 -0.950573 0.204142 0.233958
3.199470 -7.038968 -298.928555 -76.395061 0.292107 0.580792 0.759838 -0.057203 0.803677 -0.592310 -0.954673 0.129552 0.267983
3.362954 -6.628996 -240.301214 -82.208857 0.315433 0.653974 0.687619 -0.151586 0.750033 -0.643795 -0.936762 0.098841 0.335719
-0.518565 -10.688862 -314.888050 -281.796120 -0.503933 -0.560281 -0.657370 -0.276744 0.825684 -0.491587 0.818208 -0.065804 -0.571144
3.873297 -12.678422 -413.880606 -282.214737 -0.519056 -0.527283 -0.672721 -0.291670 0.849071 -0.440462 0.803436 -0.032412 -0.594508
2.163000 -8.137151 -362.992490 -310.114494 -0.487683 -0.592593 -0.641092 -0.219106 0.793914 -0.567180 0.845079 -0.136137 -0.517019
-2.402596 -5.757926 -236.139808 -447.923025 -0.532165 -0.492480 -0.688668 -0.120313 0.849147 -0.514270 0.838048 -0.190821 -0.511139
-3.130910 -10.474258 -153.335502 -243.704445 -0.548420 -0.566341 -0.615218 -0.287957 0.818636 -0.496906 0.785058 -0.095357 -0.612039
0.193948 -3.464711 97.950424 54.506427 0.654189 -0.546918 0.522414 0.369865 0.833833 0.409784 -0.659725 -0.074853 0.747770
0.797469 -2.610113 31.947698 34.208564 0.630450 -0.544558 0.553163 0.367875 0.837126 0.404830 -0.683521 -0.051730 0.728096
0.531489 -2.703441 71.578435 -17.522203 0.671378 -0.466394 0.575958 0.317881 0.883255 0.344690 -0.669480 -0.048332 0.741256
0.010917 -2.964573 69.711354 -18.901998 0.715667 -0.344377 0.607639 0.238361 0.938187 0.250977 -0.656510 -0.034779 0.753515
0.541488 -2.749470 37.250351 -58.436249 0.700983 -0.348217 0.622388 0.251454 0.937329 0.241215 -0.667378 -0.012586 0.744613
-3.468504 -4.707756 38.319020 114.267517 -0.928747 -0.239294 -0.283137 -0.140569 0.934048 -0.328320 0.343028 -0.265126 -0.901132
-3.101688 -3.598433 83.270301 -27.094618 -0.694586 0.605752 -0.388091 0.641105 0.765944 0.048107 0.326397 -0.215393 -0.920365
-3.861325 -4.721095 -0.780403 84.625910 -0.906376 0.054855 -0.418895 0.146884 0.970594 -0.190718 0.396115 -0.234391 -0.887780
-2.877834 -4.136062 105.937205 111.432472 -0.939956 -0.262895 -0.217644 -0.183878 0.927318 -0.325991 0.287527 -0.266397 -0.919979
-3.632947 -5.856633 -3.334267 105.931133 -0.901973 -0.321487 -0.288257 -0.191569 0.896223 -0.400107 0.386971 -0.305664 -0.869955
-3.139746 -5.693214 67.323884 105.979329 -0.914359 -0.344383 -0.212951 -0.236137 0.880772 -0.410464 0.328918 -0.325026 -0.886663
4.131716 -7.929019 28.770507 60.291048 0.827455 0.503760 0.248079 -0.478298 0.863752 -0.158633 -0.294192 0.012606 0.955663
4.135170 -7.152184 -66.605210 62.239407 0.797508 0.528137 0.291638 -0.463777 0.845848 -0.263538 -0.385865 0.074919 0.919508
4.287973 -7.744617 85.791444 65.393191 0.824381 0.525577 0.210155 -0.478592 0.845448 -0.236996 -0.302235 0.094796 0.948508
2.960231 -8.545128 170.291130 41.546911 0.834610 0.527943 0.157170 -0.506209 0.847611 -0.159082 -0.217205 0.053211 0.974675
1.082143 -13.462839 22.053873 -32.604820 0.290145 -0.226750 0.929732 0.883267 -0.310459 -0.351361 0.368315 0.923147 0.110202
0.899239 -14.220345 36.486780 -51.454356 0.247357 -0.213373 0.945138 0.818020 -0.476796 -0.321729 0.519286 0.852724 0.056604
0.635098 -13.769944 15.478062 -60.630982 0.265482 -0.222560 0.938076 0.828337 -0.445221 -0.340054 0.493333 0.867321 0.066156
0.125340 -14.013619 24.458237 -70.421702 0.263419 -0.236121 0.935338 0.773843 -0.527206 -0.351028 0.576001 0.816272 0.043845
0.648781 -13.329917 19.229746 -79.933839 0.294417 -0.240601 0.924895 0.863657 -0.347364 -0.365286 0.409164 0.906338 0.105527
4.885103 -23.855856 -187.883813 219.491652 0.848348 0.513164 -0.130264 0.220288 -0.118396 0.968223 -0.481435 0.850085 0.213485
6.666474 -25.093483 -150.079611 262.927660 0.895348 0.425886 -0.130282 0.196429 -0.115080 0.973741 -0.399709 0.897429 0.186693
5.507220 -23.756739 -138.535019 547.578290 0.860721 0.495228 -0.117932 0.316761 -0.339644 0.885609 -0.398524 0.799619 0.449208
3.420419 -22.137059 -133.484542 437.537306 0.842325 0.529257 -0.101864 0.296601 -0.297381 0.907520 -0.450019 0.794639 0.407469
-2.245942 -8.020798 -64.921442 7.453591 -0.267459 0.736554 -0.621252 0.962683 0.176610 -0.205062 -0.041320 -0.652914 -0.756304
-1.397760 -8.527076 -93.222647 -14.773583 -0.264671 0.716892 -0.644993 0.964234 0.186857 -0.187984 -0.014242 -0.671678 -0.740707
-1.626722 -8.566869 -80.999487 -17.630659 -0.293977 0.714246 -0.635162 0.944940 0.117235 -0.305523 -0.143755 -0.690006 -0.709384
-1.879531 -7.714234 -61.121560 71.188018 -0.208787 0.746999 -0.631190 0.975160 0.207837 -0.076596 0.073967 -0.631503 -0.771837
-2.620099 -8.415180 -36.415083 -10.337756 -0.304438 0.741457 -0.597962 0.941298 0.138053 -0.308058 -0.145861 -0.656645 -0.739961
-2.990141 -7.755842 -39.818474 25.628972 -0.266412 0.764157 -0.587442 0.962187 0.174962 -0.208769 -0.056752 -0.620848 -0.781874
-2.491285 -7.072178 -42.912283 81.689484 -0.150359 0.775983 -0.612571 0.985882 0.163867 -0.034411 0.073678 -0.609097 -0.789666
1.283070 -9.055379 -150.653003 55.353129 0.517722 -0.223433 0.825858 0.853412 0.203047 -0.480062 -0.060426 0.953336 0.295802
-0.392885 -8.938784 -39.072327 45.838159 0.461727 -0.247637 0.851753 0.886519 0.096501 -0.452517 0.029865 0.964035 0.264092
1.384584 -8.419944 -150.468961 15.071176 0.495508 -0.231733 0.837121 0.867214 0.077484 -0.491870 0.049119 0.969689 0.239356
6.312592 -8.351412 -478.527437 49.090472 0.592336 -0.196501 0.781361 0.804687 0.192672 -0.561565 -0.040198 0.961387 0.272248
6.382434 -3.450456 219.983357 -119.405068 0.975817 -0.010362 0.218342 0.114581 -0.826398 -0.551305 -0.186150 -0.562991 0.805226
7.265946 -5.028383 127.607374 -136.168361 0.953227 -0.012915 0.301978 0.173516 -0.794673 -0.581710 -0.247486 -0.606900 0.755263
7.489361 -4.659797 -146.746179 -124.723394 0.915244 -0.154492 0.372104 0.091199 -0.820150 -0.564834 -0.392443 -0.550896 0.736547
7.732147 -3.099222 -40.579475 -28.905260 0.950254 -0.155166 0.270075 0.026246 -0.824111 -0.565821 -0.310368 -0.544762 0.779042
6.141843 -2.330763 408.337350 -11.691876 0.991433 -0.033972 0.126122 0.042225 -0.830379 -0.555597 -0.123604 -0.556162 0.821831
-2.249425 -31.815467 -31.611598 -808.827937 0.919150 -0.154869 -0.362187 0.380986 0.115930 0.917284 0.100071 0.981109 -0.165560
-3.259794 -30.588155 -24.910501 -843.457663 0.929438 -0.194409 -0.313610 0.350088 0.196161 0.915947 0.116550 0.961107 -0.250380
-2.917415 -25.815518 -45.466230 -456.143027 0.922361 -0.175612 -0.344110 0.385256 0.351744 0.853143 0.028784 0.919476 -0.392091
-4.560871 -13.265431 -42.305694 3.316683 -0.677679 0.482560 -0.554876 0.731004 0.360086 -0.579630 -0.079903 -0.798420 -0.596776
-4.354259 -14.964035 65.593202 122.633910 0.757028 -0.410521 0.508312 0.641469 0.319085 -0.697640 -0.124201 -0.854200 -0.504893
-4.839989 -14.323584 76.913056 175.351534 0.782290 -0.423542 0.456764 0.597173 0.301312 -0.743368 -0.177219 -0.854297 -0.488641
-4.140045 -16.837037 72.984708 204.840023 0.821304 -0.378393 0.426941 0.513282 0.163483 -0.842505 -0.249000 -0.911094 -0.328491
-4.746764 -12.121560 1.672019 104.578599 0.712489 -0.502758 0.489483 0.685510 0.349828 -0.638511 -0.149782 -0.790478 -0.593894
-4.705208 -13.096139 11.115317 212.879284 0.771673 -0.484601 0.411926 0.589774 0.302756 -0.748669 -0.238093 -0.820671 -0.519433
-4.676211 -15.690910 36.498847 218.011070 0.808012 -0.440476 0.391277 0.507399 0.182720 -0.842116 -0.299438 -0.878973 -0.371137
8.705406 -16.960356 -826.592471 -1245.010070 0.974372 0.034041 0.222352 -0.129334 -0.723975 0.677594 -0.184043 0.688986 0.701018
-3.445680 -72.806337 -453.983401 -3909.707275 0.948072 0.096050 0.303205 -0.235041 -0.430676 0.871363 -0.214278 0.897381 0.385737
-6.926983 -79.335831 191.344707 -4548.509152 0.808563 -0.265190 0.525261 -0.588254 -0.384798 0.711258 -0.013501 0.884084 0.467133
127.939265 -564.837162 -4650.020511 40631.724637 0.290417 -0.426715 0.856488 0.955853 0.087493 -0.280519 0.044765 0.900144 0.433287
11.986679 -165.625995 2118.516204 11692.278380 0.262013 -0.480734 0.836806 0.964609 0.103830 -0.242381 0.029635 0.870697 0.490925
-11.230804 -87.663405 378.658638 -4675.173271 0.770315 -0.234208 0.593094 -0.636191 -0.345444 0.689877 -0.043306 0.908744 0.415102
-370.325718 -626.107149 16206.708908 29867.587846 0.797382 -0.596045 0.094402 0.222026 0.435214 0.872521 0.561147 0.674773 -0.479369
-99.837660 -893.850458 2869.270160 6389.246260 0.990629 0.124557 -0.056036 -0.061143 0.771296 0.633533 -0.122131 0.624170 -0.771684
92.136899 -557.112925 -327245.185360 161560.936518 0.896050 0.386624 0.218212 -0.165181 -0.165892 0.972211 -0.412080 0.907194 0.084785
-507.625682 -747.083423 30197.115466 22632.977944 0.341208 -0.450042 0.825251 0.925942 0.312123 -0.212627 -0.161889 0.836685 0.523211
-46.397407 -502.701415 3141.587775 14690.562668 0.721949 -0.444693 0.530129 -0.639897 -0.137555 0.756049 0.263288 0.885058 0.383866
-5.143694 -16.385648 37.671447 209.739321 0.589012 -0.678936 0.438303 0.550164 -0.060383 -0.832870 -0.591932 -0.731710 -0.337960
-4.953658 -16.575316 -12.896075 212.495949 0.664272 -0.649040 0.370795 0.498555 0.015096 -0.866727 -0.556942 -0.760605 -0.333610
-5.945214 -18.484983 55.124686 87.303933 0.654522 -0.655641 0.376478 0.345960 -0.183036 -0.920223 -0.672245 -0.732552 -0.107025
-6.488692 -18.523826 -78.385445 -111.506365 -0.587784 0.683326 -0.433100 -0.393821 0.225957 0.890982 -0.706693 -0.694268 -0.136294
0.403400 -22.678835 -124.892400 32.785656 0.889816 0.443787 0.106216 -0.117739 0.448166 -0.886163 0.440870 -0.776016 -0.451036
1.441613 -24.716583 -99.329512 -88.270605 0.884424 0.437397 0.162720 -0.075104 0.477528 -0.875401 0.460601 -0.762004 -0.455188
2.305497 -30.225713 20.854908 -78.238125 0.863078 0.487199 0.133169 -0.269829 0.667658 -0.693848 0.426954 -0.562912 -0.707701
1.068264 -24.017057 -150.276355 -331.069545 0.902072 0.390836 0.183068 0.086952 0.250897 -0.964101 0.422736 -0.885606 -0.192343
1.393554 -24.699603 21.570279 324.205489 0.858336 0.507779 0.073619 -0.310211 0.627865 -0.713831 0.408692 -0.589870 -0.696437
0.336329 -22.279957 -22.429540 -75.789236 0.865687 0.499461 0.033533 -0.229947 0.456268 -0.859618 0.444646 -0.736449 -0.509835
-0.543753 -23.639884 -160.069118 -304.838354 0.899460 0.403491 0.167830 0.064364 0.257542 -0.964121 0.432237 -0.877990 -0.205678
-0.411726 -21.615507 -77.505944 -195.722394 0.881402 0.442671 0.164839 0.058765 0.243495 -0.968120 0.468696 -0.862990 -0.188604
-2.434481 -104.516722 32.968182 -6711.706834 -0.301706 0.068785 -0.950916 0.921417 0.277211 -0.272295 0.244875 -0.958344 -0.147016
5.583432 -310.747140 257.226735 -26093.732401 -0.419095 0.035458 -0.907250 0.662688 0.695001 -0.278959 0.620649 -0.718134 -0.314769
14.418104 -860.142926 -761.694650 -54385.606293 -0.112934 0.093241 -0.989218 0.913976 0.400263 -0.066616 0.389736 -0.911644 -0.130424
-1.158879 -102.340128 216.229278 -6085.551246 -0.391919 0.105978 -0.913875 0.807368 0.515869 -0.286420 0.441086 -0.850087 -0.287742
-0.994864 -38.814891 122.942087 -1861.335846 -0.489879 0.018924 -0.871585 0.842963 0.265255 -0.468032 0.222335 -0.963993 -0.145895
-11.808999 -17.416724 67.615115 -580.278480 0.359033 0.874658 0.325683 0.689015 -0.483771 0.539651 -0.629566 -0.030648 0.776342
-7.160760 -17.783544 331.753780 -383.730769 0.509297 0.819081 0.264050 0.688198 -0.571855 0.446503 -0.516721 0.045684 0.854934
-3.906873 -17.322760 407.777103 -615.355589 0.608316 0.764805 0.212190 0.579008 -0.610475 0.540435 -0.542864 0.205895 0.814190
-6.237265 -13.332854 185.643983 -642.413826 0.573757 0.782323 0.242435 0.477682 -0.560083 0.676850 -0.665299 0.272540 0.695053
-12.330339 -14.826890 77.725284 189.698169 0.919495 0.130590 0.370776 0.304609 -0.832899 -0.462053 -0.248480 -0.537797 0.805625
-12.799645 -14.015828 14.258203 252.878771 0.961075 0.144662 0.235387 0.252213 -0.807189 -0.533699 -0.112796 -0.572293 0.812255
-5.569456 -14.975718 879.872388 32.182995 0.855779 0.452452 0.250858 0.516987 -0.765878 -0.382303 -0.019153 -0.456857 0.889334
10.688536 -20.141395 39.785150 -201.113286 -0.722094 -0.647218 0.244315 -0.404227 0.681342 0.610224 -0.561410 0.341880 -0.753616
958.280026 -146.782021 -66398.889542 -7669.207782 0.935062 0.338486 0.105288 -0.266734 0.476216 0.837897 -0.233476 0.811570 -0.535577
188.443293 -160.673503 -17175.125864 1787.253140 0.984326 0.099225 -0.145794 0.082076 0.473968 0.876708 -0.156094 0.874933 -0.458396
73.694304 -15.047010 -5809.646714 -21.757861 0.962250 0.185091 0.199538 -0.243208 0.255689 0.935667 -0.122164 0.948875 -0.291053
399.720812 -122.614632 -25374.333275 -3693.034479 0.959542 0.251965 0.125672 -0.225499 0.420402 0.878870 -0.168611 0.871651 -0.460211
11.042730 -10.166760 -800.442255 19.985548 0.969374 0.161547 0.184977 0.242467 -0.509824 -0.825402 0.039036 -0.844974 0.533380
10.515169 -19.772945 -1088.134436 1001.844786 0.876140 0.355779 0.325270 -0.454710 0.385905 0.802693 -0.160058 0.851175 -0.499883
-18.195054 -65.892191 -6838.484028 27609.573195 -0.050155 0.826620 0.560521 -0.449917 -0.519756 0.726243 -0.891661 0.215763 -0.397978
3.687446 -6.003588 -69.961448 -15.640216 0.553026 0.831901 -0.045857 0.214704 -0.089117 0.972605 -0.805025 0.547721 0.227897
3.588526 -7.167000 -54.218262 72.897472 0.532595 0.825105 -0.188534 0.241478 0.065361 0.968203 -0.811192 0.561186 0.164433
4.817069 -7.680683 -114.661017 15.397750 0.577456 0.808546 -0.113133 0.259990 -0.050759 0.964276 -0.773919 0.586240 0.239525
-1.583534 -15.560317 39.227652 -77.160889 0.541426 0.524190 0.657330 -0.239700 0.845632 -0.476917 -0.805855 0.100653 0.583496
-1.183552 -14.594631 8.221494 -66.562692 0.545284 0.507672 0.667034 -0.347276 0.861059 -0.371453 -0.762932 -0.029097 0.645824
-1.637388 -15.724837 13.599485 -111.591038 0.550241 0.496200 0.671580 -0.208324 0.860427 -0.465045 -0.808601 0.115980 0.576813
0.602921 -16.742244 39.136734 -63.567137 0.644614 0.333962 0.687708 -0.529621 -0.453649 0.716732 -0.551339 0.826240 0.115555
0.651944 -15.261063 64.949258 193.292076 0.644706 0.313449 0.697211 0.649234 0.256965 -0.715866 -0.403546 0.914177 -0.037835
3.700497 -20.438876 -294.030217 122.312422 0.913129 0.208696 -0.350202 -0.406862 0.412461 -0.815070 0.025657 -0.886748 -0.461540
5.467277 -23.415181 -306.132063 484.686902 0.919706 0.213649 -0.329385 -0.381284 0.286013 -0.879101 0.093611 -0.934104 -0.344509
8.661988 -25.437087 -218.926360 503.224739 0.902186 0.328225 -0.279873 -0.373775 0.271020 -0.887040 0.215298 -0.904885 -0.367193
11.370831 -22.148775 -312.331867 267.795197 0.881777 0.382728 -0.275661 -0.431045 0.416602 -0.800402 0.191496 -0.824598 -0.532323
539.090454 -11.758923 37724.902839 -93.992529 -0.468660 -0.758738 -0.452409 0.723471 -0.035795 -0.689426 0.506900 -0.650411 0.565701
149.942347 -10.976790 7978.590728 111.429980 -0.476444 -0.792123 -0.381500 0.643727 -0.018738 -0.765026 0.598846 -0.610073 0.518839
36.298370 -5.751118 2169.862106 -114.147235 -0.458348 -0.708723 -0.536310 0.732273 0.040835 -0.679786 0.503680 -0.704304 0.500262
164.299473 -8.995009 -9718.173424 -36.429056 0.170551 0.916678 0.361405 0.730716 0.128396 -0.670499 0.661035 -0.378439 0.647933
15.574375 -6.802458 877.590175 37.026828 -0.533217 -0.706155 -0.465858 0.715176 -0.082120 -0.694104 0.451889 -0.703279 0.548813
153.595356 -9.584593 9150.281036 13.077935 -0.268631 -0.819822 -0.505697 0.813860 0.087642 -0.574413 0.515237 -0.565872 0.643677
19.640223 -7.026578 924.055991 96.950192 -0.525128 -0.731110 -0.435566 0.733216 -0.128867 -0.667674 0.432013 -0.669978 0.603734
6.138809 -2.267008 -176.858360 46.800530 -0.077345 0.879938 -0.468751 0.994207 0.103267 0.029806 0.074634 -0.463730 -0.882827
7.023162 -1.986326 -161.720668 0.331123 -0.099512 0.884436 -0.455927 0.991623 0.126067 0.028117 0.082345 -0.449310 -0.889573
8.071857 -21.408475 -186.804679 27.831044 0.581704 0.681867 -0.443484 -0.186747 0.642614 0.743083 -0.791673 0.349435 -0.501148
8.127865 -20.743741 -14.298920 227.260569 0.666671 0.647943 -0.368401 -0.067976 0.545060 0.835637 -0.742246 0.532052 -0.407421
6.562356 -19.693343 -131.559990 306.693770 0.568147 0.690987 -0.446929 0.018763 0.532078 0.846487 -0.822713 0.489315 -0.289333
-0.780663 -15.542998 -29.846882 7.909142 0.859276 0.504959 0.081612 0.480334 -0.741712 -0.468126 0.175852 -0.441451 0.879885
1.365803 -24.722482 12.009768 181.100224 0.937095 0.339870 0.079628 -0.281710 0.871024 -0.402438 0.206134 -0.354691 -0.911978
1.028535 -22.206418 0.342700 -53.764232 -0.951280 -0.295770 -0.087098 -0.281639 0.948511 -0.144937 0.125482 -0.113346 -0.985600
1.016180 -23.968472 2.944881 -65.986153 0.957472 0.275610 0.085358 -0.254356 0.945949 -0.201203 0.136198 -0.170935 -0.975823
1.345186 -26.225161 32.410359 -50.156527 0.944194 0.319291 0.080941 -0.258086 0.869803 -0.420516 0.204670 -0.376159 -0.903667
1.541996 -26.167583 26.361809 307.772300 0.927615 0.368699 0.059925 -0.270100 0.772875 -0.574204 0.258023 -0.516454 -0.816516
1.299803 -27.309309 20.698225 384.946440 0.920716 0.385862 0.058239 -0.256381 0.710646 -0.655173 0.294194 -0.588297 -0.753231
117.135540 3.899314 16232.847070 3530.836950 0.422111 -0.855320 0.300416 0.771341 0.164754 -0.614728 0.476294 0.491207 0.729287
216.149250 -89.376450 -9965.220155 -17808.411348 -0.658492 0.750579 -0.054947 0.460696 0.344288 -0.818062 0.595102 0.564001 0.572500
50.533493 -6.502261 -2845.161020 41.104301 0.869092 -0.038191 0.493174 -0.486026 0.119437 0.865744 0.091967 0.992107 -0.085240
30.524590 -1.860221 -2273.585388 141.036871 0.892615 0.188892 0.409339 -0.436416 0.134366 0.889655 -0.113048 0.972762 -0.202373
31.459237 -13.547834 -1683.112551 917.348036 0.994351 0.002938 0.106101 -0.105035 0.171232 0.979616 0.015289 0.985226 -0.170574
12.689091 -3.791343 -81.424150 -109.956075 0.824382 0.497049 0.270808 -0.207025 0.710049 -0.673031 -0.526817 0.498770 0.688253
12.057990 -2.827490 -167.010891 -112.145720 0.736768 0.572152 0.360299 -0.236846 0.717497 -0.655059 -0.633307 0.397291 0.664141
12.324739 -3.300226 -233.168794 -96.383810 0.712248 0.603924 0.357742 -0.233067 0.684216 -0.691034 -0.662105 0.408810 0.628086
3.263081 -113.886906 -29.296702 4883.828589 0.022711 0.956524 0.290767 -0.434315 0.271403 -0.858901 0.900475 0.106778 -0.421596
7.920498 -126.656179 42.657189 6741.187642 0.052937 0.928312 0.368014 -0.444084 0.351968 -0.823959 0.894420 0.119811 -0.430881
-1.008527 -8.285390 -109.069205 -0.931848 0.824728 -0.057418 0.562608 -0.375864 -0.798970 0.469439 -0.422552 0.598624 0.680514
-0.195282 -8.097170 -119.406827 -9.316914 0.830586 -0.026857 0.556243 -0.380096 -0.757344 0.530996 -0.407006 0.652464 0.639247
0.671985 -8.232625 -177.640401 3.368350 0.832675 -0.006659 0.553722 -0.317886 -0.824511 0.468113 -0.453433 0.565806 0.688667
-0.530823 -8.108081 -145.502680 27.682635 0.831086 -0.030847 0.555288 -0.299210 -0.866442 0.399689 -0.468795 0.498323 0.729318
1.158965 -7.387783 -192.073878 -45.376781 -0.891629 -0.173893 -0.418042 -0.217821 0.974182 0.059353 0.396929 0.143979 -0.906486
3.003380 -7.113307 -126.867514 -41.904660 -0.907676 -0.176370 -0.380813 -0.210733 0.976257 0.050141 0.362928 0.125762 -0.923292
1.207585 -2.835170 -172.233340 22.374601 0.710561 0.246772 0.658943 -0.103367 0.962933 -0.249151 -0.696002 0.108923 0.709731
-0.044820 -2.919656 -100.183229 62.346257 0.732007 0.018264 0.681052 0.041865 0.996546 -0.071721 -0.680010 0.081013 0.728714
-0.858622 -2.575259 28.599398 31.071325 0.717438 -0.231440 0.657053 0.221627 0.970023 0.099685 -0.660428 0.074103 0.747224
-0.449912 -11.587712 19.951803 -37.070362 0.313251 0.658667 0.684128 0.470371 0.518204 -0.714294 0.825000 -0.545547 0.147490
-0.799896 -11.397271 45.331215 -34.906946 0.303304 0.657275 0.689925 0.478196 0.521272 -0.706827 0.824218 -0.544303 0.156203
-0.586586 -11.611700 36.598996 -12.926282 0.308027 0.651579 0.693227 0.364794 0.592072 -0.718593 0.878661 -0.474231 0.055318
-0.841637 -11.672116 36.183037 6.749884 0.306870 0.648157 0.696939 0.314052 0.622297 -0.717020 0.898444 -0.438907 0.012591
-0.375678 -11.927249 4.409699 -33.071691 0.308849 0.645062 0.698933 0.330164 0.616449 -0.714831 0.891966 -0.451537 0.022586
-0.645215 -12.059640 -6.887063 -35.359649 -0.313181 -0.629501 -0.711088 0.230432 0.676010 -0.699937 0.921313 -0.383064 -0.066657
1.330322 -10.329748 -17.509800 14.281390 0.410031 0.365558 0.835609 0.649803 0.525813 -0.548887 -0.640024 0.768041 -0.021941
1.388562 -9.969198 -50.223654 60.201063 0.445584 0.390852 0.805413 0.698997 0.410206 -0.585776 -0.559337 0.823994 -0.090423
379.474624 -1195.307876 -26477.324406 -94365.693015 0.361221 -0.640635 -0.677574 0.849854 -0.072865 0.521957 -0.383756 -0.764380 0.518126
-22.216940 -153.071425 -7821.219738 4615.823009 -0.333655 0.697435 0.634239 0.810274 0.556028 -0.185170 0.481799 -0.452125 0.750635
-41.754763 -61.343707 -453.560784 -2167.836352 0.381831 0.767548 0.514854 0.914983 -0.392540 -0.093376 0.130431 0.506737 -0.852177
-44.453134 -61.228926 859.188660 563.593835 -0.486507 -0.585985 -0.648023 -0.675841 0.722461 -0.145906 0.553670 0.366976 -0.747515
-40.225649 -66.388058 1396.821883 -2115.633106 -0.091973 0.637281 0.765123 -0.663271 0.533902 -0.524424 0.742706 0.555717 -0.373585
7.924269 -4.089846 -28.591166 52.810161 0.581671 0.617680 0.529273 -0.087935 0.694609 -0.713993 -0.808657 0.368768 0.458349
4.140746 -8.051283 -139.680479 -190.164053 0.378018 0.443391 0.812716 0.119513 0.847138 -0.517759 -0.918052 0.292852 0.267242
5.969047 -10.407824 -374.175844 -291.882715 -0.541921 -0.553012 -0.632850 -0.227589 0.821437 -0.522919 0.809027 -0.139351 -0.571014
8.336137 -14.314699 -312.654637 -369.042698 -0.619245 -0.509763 -0.597224 -0.283267 0.854418 -0.435580 0.732322 -0.100556 -0.673494
6.674294 -15.944602 -337.188871 -282.647712 -0.609404 -0.478626 -0.632095 -0.370605 0.876737 -0.306569 0.700913 0.047433 -0.711668
3.366126 -14.980824 -365.585997 -197.285065 -0.553459 -0.480588 -0.680234 -0.411532 0.867861 -0.278313 0.724103 0.125903 -0.678103
0.795349 -3.659121 32.177216 105.193800 0.584669 -0.651629 0.483262 0.432352 0.754317 0.494043 -0.686465 -0.079912 0.722759
-2.201960 -2.935046 93.250598 37.211427 -0.928507 0.189151 -0.319524 0.250122 0.954612 -0.161723 0.274432 -0.230081 -0.933676
-1.898635 -3.084506 80.905213 82.727624 -0.466780 0.821864 -0.326582 -0.834845 -0.531340 -0.143917 0.291807 -0.205468 -0.934148
3.727836 -7.546919 -124.823111 57.554539 0.800233 0.491738 0.343250 -0.467500 0.870030 -0.156498 -0.375593 -0.035234 0.926115
2.921056 -6.996198 -170.974475 65.064281 0.779560 0.505211 0.370200 -0.445136 0.862708 -0.239976 -0.440613 0.022286 0.897420
3.392278 -5.869013 -155.563610 74.742658 0.766240 0.550807 0.330891 -0.447141 0.826899 -0.341033 -0.461456 0.113358 0.879891
4.125434 -6.186520 -19.182111 46.543736 0.777493 0.577443 0.249126 -0.479939 0.800795 -0.358310 -0.406402 0.159019 0.899750
1.181543 -14.507466 31.468011 -19.107249 0.254274 -0.205686 0.945007 0.848701 -0.421071 -0.320009 0.463737 0.883398 0.067499
0.960673 -14.886425 47.462841 -37.114053 0.220932 -0.186023 0.957384 0.772254 -0.566174 -0.288220 0.595661 0.803021 0.018571
5.382620 -22.612571 54.691800 530.137194 0.916504 0.373096 -0.144290 0.300325 -0.403490 0.864292 -0.264244 0.835461 0.481851
-2.515679 -20.914278 -14.431506 245.779541 0.893062 0.449191 0.025844 0.230972 -0.506988 0.830430 -0.386124 0.735656 0.556523
-2.568659 -22.192519 -78.434433 125.361767 0.866261 0.497687 0.043571 0.155163 -0.350919 0.923461 -0.474885 0.793198 0.381210
-1.986305 -19.821524 -98.617241 302.870143 0.852905 0.521463 0.025076 0.299699 -0.528386 0.794348 -0.427473 0.669988 0.606946
-0.811374 -8.670424 -122.397088 -73.094343 -0.289130 0.698550 -0.654547 0.953374 0.148339 -0.262818 -0.086497 -0.700017 -0.708869
-0.276570 -8.819410 -78.472010 -48.321463 -0.245631 0.713397 -0.656300 0.969320 0.187192 -0.159306 0.009205 -0.675295 -0.737490
-0.901153 -7.974396 -70.230830 50.173602 -0.177058 0.740979 -0.647766 0.977208 0.210673 -0.026117 0.117115 -0.637626 -0.761392
-0.774696 -9.520046 -26.540072 66.132561 0.483661 -0.249486 0.838945 0.872720 0.210366 -0.440574 -0.066569 0.945253 0.319477
-1.034522 -9.095252 -15.354930 46.752301 0.441358 -0.256488 0.859894 0.895164 0.059290 -0.441777 0.062327 0.964727 0.255766
7.829133 -6.721093 20.518922 -103.595564 0.930298 -0.018766 0.366324 0.230352 -0.747307 -0.623273 -0.285454 -0.664213 0.690896
7.145072 -6.307698 -212.112931 -121.803247 0.878889 -0.141023 0.455704 0.183489 -0.781861 -0.595840 -0.440324 -0.607294 0.661293
4.811817 -8.497196 -125.555187 -27.405212 0.980230 0.045620 0.192532 0.197842 -0.211954 -0.957044 0.002852 -0.976214 0.216789
5.344251 -8.809855 -49.507737 -26.514661 0.976407 0.086736 0.197753 0.208166 -0.134596 -0.968788 0.057412 -0.987097 0.149476
3.843750 -8.883910 -190.105341 -31.637908 0.983454 -0.000810 0.181157 0.178697 -0.159960 -0.970814 -0.029764 -0.987123 0.157169
-18.110266 -36.880844 -407.933118 805.035176 0.931711 0.091641 0.351448 -0.343501 0.536676 0.770705 0.117985 0.838797 -0.531506
-22.488792 -52.278856 -594.964065 -412.016737 0.980898 -0.131279 0.143543 -0.023224 0.653614 0.756472 0.193130 0.745356 -0.638080
-13.268162 -83.794917 -540.105495 -4719.859182 0.670878 0.431307 0.603239 0.709667 -0.609431 -0.353506 0.215163 0.665258 -0.714938
-16.655741 -149.113843 -416.366054 8843.270434 0.463502 0.706862 0.534333 -0.771543 0.618498 -0.148935 0.435760 0.343229 -0.832050
-12.997645 -82.597175 341.906136 -4811.261613 0.569482 0.583685 0.578794 0.809267 -0.521581 -0.270259 0.144142 0.622307 -0.769388
-3.658490 -14.791765 -69.796334 -52.318862 -0.673231 0.451706 -0.585424 0.739334 0.398317 -0.542889 -0.012042 -0.798314 -0.602122
125.185733 -1766.577368 6892.128300 -185552.364716 -0.162399 -0.264996 0.950475 0.077236 0.956893 0.279982 -0.983698 0.118880 -0.134932
-70.801361 -1029.804523 -2729.136823 4823.370513 0.943830 -0.094594 -0.316602 0.319987 0.022655 0.947151 0.082422 0.995258 -0.051651
26.317753 -44.679798 -2245.937611 1268.663004 0.964483 0.236110 -0.118429 0.262707 -0.810675 0.523250 -0.027537 0.535777 0.843910
-1597.880971 -1757.260136 -247620.889026 270978.573350 0.030603 0.920135 0.390403 -0.651570 -0.277827 0.705881 -0.757971 0.275977 -0.591031
-1.493164 -5.764394 -14.628992 65.029192 -0.913800 -0.132170 -0.384058 -0.005552 0.949549 -0.313570 0.406126 -0.284408 -0.868432
-1.772459 -5.690532 10.188812 23.485515 -0.918788 -0.185096 -0.348667 -0.076042 0.949701 -0.303785 0.387359 -0.252600 -0.886649
-1.266096 -4.917665 -21.956034 19.631137 -0.891814 -0.301967 -0.336875 -0.188468 0.924924 -0.330145 0.411276 -0.230938 -0.881771
2.058450 -29.020999 -30.078695 -221.605125 0.869261 0.465607 0.166119 -0.158118 0.580244 -0.798946 0.468385 -0.668226 -0.578005
-3.166719 -104.004274 -31.859169 -1664.069643 -0.327793 0.014088 -0.944645 0.459273 0.876165 -0.146302 0.825603 -0.481806 -0.293671
-1.276544 -83.948624 161.343316 -2551.089355 -0.388107 0.090297 -0.917180 0.406593 0.909880 -0.082472 0.827076 -0.404927 -0.389845
-2.634650 -108.517059 193.087352 4256.119527 -0.395420 0.019376 -0.918296 0.131019 0.990744 -0.035512 0.909108 -0.134357 -0.394298
-11.291516 -15.479822 -204.907369 170.162840 0.642616 0.428822 0.634946 -0.422704 0.889603 -0.172999 -0.639035 -0.157222 0.752938
-8.457158 -14.589688 -0.207033 120.276517 0.665545 0.194266 0.720632 -0.250581 0.967648 -0.029430 -0.703035 -0.160989 0.692693
-14.945078 -15.289746 131.627339 -444.726214 0.620804 -0.773376 -0.128417 0.672785 0.441479 0.593680 -0.402445 -0.454956 0.794389
-13.990842 -17.211255 57.676018 -254.632780 -0.085459 0.955975 0.280728 0.896936 -0.048867 0.439453 -0.433824 -0.289349 0.853272
9.847703 -21.276598 118.538081 -145.926353 -0.644755 -0.664899 0.377094 -0.313289 0.679850 0.663064 -0.697238 0.309375 -0.646642
8.107634 -20.739186 274.351258 -211.107846 -0.555095 -0.683547 0.473956 -0.362159 0.711573 0.602084 -0.748807 0.162566 -0.642543
6.957362 -17.905124 311.304404 -408.154857 -0.524604 -0.677366 0.515718 -0.518126 0.734691 0.437921 -0.675526 -0.037472 -0.736383
