15132
30250
-4.612603 -5.731245 4.341807 -86.687546 0.845829 0.071120 -0.528691 -0.518360 0.343661 -0.783071 -0.125998 -0.936397 -0.327545
-4.685859 -6.457192 -25.444161 61.186145 0.592925 0.152409 -0.790703 0.761351 -0.425912 0.488819 -0.262270 -0.891835 -0.368570
-5.164270 -7.513951 -0.404449 -137.432870 0.936754 -0.072294 -0.342442 -0.279141 0.435892 -0.855616 -0.211124 -0.897091 -0.388143
-3.631570 -5.251040 -11.643670 35.313933 0.169628 0.263701 -0.949572 0.970427 -0.212615 0.114309 -0.171750 -0.940881 -0.291968
-3.222354 -8.491314 73.993571 -186.805921 0.983929 0.008092 -0.178376 -0.165852 0.411529 -0.896179 -0.066155 -0.911361 -0.406258
-3.301436 -5.372642 60.049758 -110.301314 0.932226 0.095894 -0.348940 -0.361294 0.301315 -0.882426 -0.020521 -0.948691 -0.315539
-3.006832 -4.345752 -6.353305 30.922622 0.174569 0.281674 -0.943497 0.983123 -0.103112 0.151118 -0.054720 -0.953954 -0.294920
3.271139 -10.767617 -292.973136 -191.348337 -0.734855 -0.345306 -0.583740 -0.021190 0.871957 -0.489123 0.677893 -0.347065 -0.648079
1.407480 -13.569287 -328.913792 -185.932427 -0.724384 -0.298001 -0.621662 -0.096410 0.936676 -0.336666 0.682622 -0.183941 -0.707243
6.429315 -14.138526 -154.967143 -262.960121 -0.824079 -0.312593 -0.472418 -0.119315 0.911035 -0.394690 0.553766 -0.268889 -0.788062
-0.986216 -3.451036 -38.628024 13.820380 0.951046 0.199611 -0.235940 -0.308768 0.581051 -0.753022 0.013218 -0.789009 -0.614239
-0.948223 -3.801295 -51.126275 9.820506 0.967556 0.158810 -0.196508 -0.250921 0.512932 -0.820938 0.029578 -0.843612 -0.536139
-0.448694 -3.634411 -54.748728 13.292520 0.969765 0.145306 -0.196065 -0.244009 0.564656 -0.788431 0.003855 -0.812435 -0.583039
0.681991 -4.714894 -46.396119 8.259080 0.953128 0.066724 -0.295117 -0.178381 -0.663918 -0.726218 0.244390 -0.744822 0.620897
0.608321 -4.862273 -56.527681 2.504334 0.962144 0.081351 -0.260117 -0.167423 -0.576678 -0.799633 0.215054 -0.812911 0.541227
-0.424414 -5.037005 -43.045182 -1.014549 0.941870 0.033833 -0.334269 -0.214289 -0.705785 -0.675239 0.258767 -0.707618 0.657508
1.802652 -4.533907 -51.214170 2.106481 0.960310 0.130826 -0.246352 -0.123299 -0.593123 -0.795615 0.250204 -0.794412 0.553451
0.251130 -4.836347 -32.050724 4.496365 0.941648 0.052144 -0.332535 -0.179573 -0.757770 -0.627326 0.284697 -0.650435 0.704189
1.470308 -4.478565 -41.615865 6.401365 0.954670 0.110504 -0.276396 -0.124505 -0.695177 -0.707974 0.270378 -0.710294 0.649906
1.721807 -4.801880 73.969425 -6.035686 0.895904 0.337372 -0.289027 0.073164 -0.753765 -0.653058 0.438182 -0.563931 0.699984
1.185994 -4.501396 60.315486 -18.009119 0.899216 0.329647 -0.287653 0.115669 -0.813216 -0.570351 0.421938 -0.479596 0.769386
-0.106717 -4.896714 51.434520 -16.422336 0.899614 0.318557 -0.298690 0.054349 -0.760353 -0.647232 0.433290 -0.566026 0.701338
0.770744 -5.037189 82.206723 -12.348379 0.889089 0.344407 -0.301505 0.037304 -0.711015 -0.702187 0.456213 -0.613059 0.645003
0.776056 -4.862593 -9.725170 -20.588210 -0.673462 0.005296 0.739202 0.692730 0.353554 0.628590 -0.258019 0.935399 -0.241774
0.879349 -5.491232 -5.935950 -24.639719 -0.666523 -0.012605 0.745378 0.724370 0.225328 0.651548 -0.176167 0.974201 -0.141056
0.890460 -4.897204 1.887099 -18.937376 -0.662526 -0.028241 0.748506 0.700247 0.331411 0.632314 -0.265920 0.943064 -0.199793
1.692500 -9.420096 -14.419680 27.177237 -0.589249 -0.204447 0.781657 0.608696 -0.748515 0.263085 0.531295 0.630814 0.565508
1.164940 -9.490366 0.339403 7.499947 -0.583222 -0.199016 0.787556 0.691931 -0.629609 0.353305 0.425539 0.750990 0.504907
1.144149 -9.146769 3.181260 8.093725 -0.557807 -0.211622 0.802538 0.633106 -0.733747 0.246560 0.536683 0.645625 0.543268
1.751885 -8.650831 16.132238 -35.694532 0.557221 0.213077 -0.802560 -0.512520 0.848698 -0.130517 0.653321 0.484055 0.582119
0.109077 -13.418968 12.496679 85.853784 -0.931772 -0.283152 -0.227212 -0.295871 0.954944 0.023282 0.210382 0.088919 -0.973567
-0.196809 -13.764154 13.605237 -65.572006 -0.933299 -0.277359 -0.228089 -0.199303 0.928442 -0.313487 0.298716 -0.247118 -0.921792
0.158816 -13.845042 14.152959 34.992191 -0.935855 -0.261012 -0.236743 -0.245271 0.964866 -0.094213 0.253016 -0.030104 -0.966994
0.396722 -12.607322 -15.731049 162.386890 0.933269 0.267887 0.239260 -0.322392 0.918437 0.229211 0.158343 0.291051 -0.943513
0.687772 -12.955488 -9.384747 122.714809 0.933555 0.246817 0.259916 -0.292578 0.943629 0.154796 0.207058 0.220556 -0.953143
0.276982 -13.976690 17.570837 -9.069529 -0.939939 -0.240538 -0.242190 -0.202772 0.964233 -0.170699 0.274588 -0.111337 -0.955095
0.353189 -4.770558 -7.502392 -2.870368 0.905695 0.244838 -0.346079 -0.195825 0.965668 0.170697 0.375990 -0.086828 0.922546
0.453683 -4.740381 -8.769614 -13.944240 0.910091 0.229592 -0.344996 -0.136434 0.952090 0.273699 0.391306 -0.202022 0.897812
0.286595 -4.513062 -2.780890 -2.465257 0.910636 0.228309 -0.344407 -0.177349 0.968773 0.173282 0.373214 -0.096717 0.922690
0.271086 -4.008553 -7.256678 35.628141 0.903897 0.263731 -0.336774 -0.257765 0.964139 0.063190 0.341362 0.029692 0.939463
0.237000 -4.320602 -1.764721 6.761899 0.898871 0.281471 -0.335866 -0.266229 0.959544 0.091638 0.348071 0.007047 0.937442
1.311764 -11.744585 12.081423 -88.668551 0.954833 0.216625 -0.203391 -0.273713 0.907619 -0.318291 -0.115651 -0.359585 -0.925917
1.209670 -10.203538 27.234928 -20.216873 0.954532 0.241550 -0.174709 -0.294693 0.853042 -0.430669 -0.045006 -0.462572 -0.885438
1.286113 -10.354386 12.346718 -56.247729 0.963530 0.206316 -0.170423 -0.246282 0.932780 -0.263185 -0.104668 -0.295559 -0.949573
1.565361 -14.139363 2.238029 -166.228242 -0.962769 -0.200094 0.181762 -0.220268 0.970465 -0.098387 -0.156707 -0.134760 -0.978408
76.821495 -4.637317 2628.896091 -6.434499 -0.631741 0.150172 0.760495 0.762910 0.294307 0.575631 -0.137376 0.943839 -0.300493
28.296283 -6.132832 -936.403326 51.727909 0.783548 -0.041048 -0.619974 0.613970 0.204291 0.762434 -0.095359 0.978049 -0.185274
11.754232 -5.135846 -369.740900 -4.313907 0.773404 -0.017616 -0.633669 0.611091 0.286526 0.737882 -0.168564 0.957911 -0.232365
62.653770 -6.682483 2215.992648 -40.119358 -0.620091 0.340878 0.706604 0.778783 0.158642 0.606902 0.094783 0.926625 -0.363843
54.791158 -4.858017 1851.517591 -91.900137 -0.470078 0.433322 0.768933 0.882551 0.242004 0.403159 -0.011388 0.868139 -0.496190
-0.387688 -14.813812 87.141474 -53.223570 0.995780 -0.009652 -0.091269 0.027025 0.981201 0.191085 -0.087709 0.192745 -0.977321
-0.942110 -15.845908 63.006239 -26.921999 0.994059 0.069334 -0.083906 -0.023870 0.890967 0.453440 -0.106196 0.448743 -0.887328
1.161537 -15.160756 174.702314 -120.284867 0.999894 0.005148 -0.013651 0.000024 0.935082 0.354431 -0.014589 0.354394 -0.934982
5.417325 -13.361969 304.226172 -12.514918 0.996333 -0.085554 -0.000413 0.084472 0.982943 0.163365 0.013570 0.162800 -0.986566
2.475617 -13.644083 233.725278 -32.453181 0.995931 -0.076211 -0.048102 0.072968 0.995154 -0.065911 -0.052892 -0.062133 -0.996665
-1.133145 -14.722183 -81.508087 -74.973531 -0.994447 0.025760 0.102033 0.014985 0.994360 -0.104991 -0.104162 -0.102879 -0.989225
-1.634793 -4.164265 -31.594126 4.727576 0.966289 0.240871 -0.090924 0.067855 -0.578933 -0.812547 0.248358 -0.778985 0.575760
-1.763919 -4.008045 -15.816934 7.831913 0.961541 0.238581 -0.136079 0.004253 -0.508316 -0.861160 0.274628 -0.827462 0.489782
-1.908892 -4.042846 1.294811 8.590440 0.944338 0.324042 -0.056774 0.137098 -0.544515 -0.827471 0.299050 -0.773628 0.558632
-1.354863 -4.208312 -21.398547 1.376315 0.958477 0.278385 -0.061832 0.136315 -0.637717 -0.758113 0.250479 -0.718206 0.649185
-1.662581 -4.173170 0.324693 5.469400 0.928091 0.372242 -0.009097 0.228800 -0.589388 -0.774772 0.293764 -0.716978 0.632175
-1.772108 -4.012217 23.277030 11.123176 0.914534 0.403575 -0.027480 0.204849 -0.520640 -0.828837 0.348806 -0.752370 0.558815
-1.194582 -187.787392 207.995851 -6318.424142 0.650261 -0.015621 -0.759551 0.569234 -0.652099 0.500739 0.503124 0.757973 0.415142
-4.078042 -142.400392 105.142265 3376.063147 0.688103 0.107320 -0.717633 -0.082334 0.994163 0.069728 0.720927 0.011105 0.692922
-0.036000 -188.924141 -32.017225 -7570.084798 0.717648 0.001845 -0.696404 0.450059 -0.764343 0.461764 0.531440 0.644807 0.549360
-1.026296 -166.878046 51.127566 8029.501902 0.654443 0.143322 -0.742403 -0.347667 0.928958 -0.127139 0.671440 0.341314 0.657779
-4.014517 -6.263801 -43.685215 -33.493342 0.466539 0.748724 -0.470908 0.854443 -0.519115 0.021144 -0.228625 -0.412228 -0.881929
-3.667615 -5.446607 -46.889990 51.062003 0.491371 0.718711 -0.491944 -0.784705 0.610393 0.107969 -0.377878 -0.332978 -0.863906
-4.136484 -5.762115 -7.346360 -36.191746 0.523405 0.760691 -0.383923 0.813581 -0.580063 -0.040156 -0.253246 -0.291335 -0.922491
-3.992315 -6.070742 15.203382 -5.128712 0.624019 0.700469 -0.346328 0.777971 -0.598453 0.191352 -0.073225 -0.388840 -0.918391
-0.031015 -10.831866 -21.572815 25.048906 0.915332 0.118068 0.385003 0.402683 -0.259532 -0.877775 0.003717 -0.958490 0.285102
-0.172329 -10.217595 -21.835373 69.757506 0.924038 0.098545 0.369380 0.371609 -0.004637 -0.928378 0.089775 -0.995122 0.040905
-0.608912 -10.247822 -20.602994 34.611690 0.916516 0.119295 0.381795 0.396274 -0.140841 -0.907266 0.054460 -0.982819 0.176356
-0.645930 -10.407979 -21.998492 -6.433214 0.909699 0.124058 0.396305 0.413336 -0.362472 -0.835325 -0.040021 -0.923701 0.381018
-4.959404 -11.396537 -14.925068 110.262826 0.989231 0.126269 -0.074009 -0.061037 0.815508 0.575518 -0.133025 0.564804 -0.814433
-5.527104 -14.024102 7.706687 149.727612 0.984740 0.172831 0.020396 -0.166414 0.900861 0.400943 -0.050921 0.398219 -0.915876
-5.592395 -13.293583 -22.822604 128.421436 0.981620 0.117878 -0.150090 -0.050022 0.917867 0.393723 -0.184174 0.378979 -0.906893
-2.684480 -25.823595 -61.011173 897.423276 -0.878971 -0.347724 0.326341 -0.116619 0.820289 0.559934 -0.462397 0.454107 -0.761561
-5.323954 -33.638189 87.362675 1594.591318 0.843839 0.339107 -0.415864 0.038549 0.734689 0.677308 -0.535210 0.587570 -0.606887
-2.746274 -5.303231 -72.419417 142.420447 0.627936 0.770758 -0.107832 -0.520263 0.518767 0.678386 -0.578811 0.369882 -0.726750
-1.243252 -8.146178 46.528910 278.011309 -0.824037 -0.484497 0.293643 -0.251148 0.777000 0.577231 -0.507827 0.401912 -0.761957
-2.618073 -3.944298 5.974219 -132.485683 -0.630197 0.429617 0.646747 0.563553 0.826080 0.000388 -0.534098 0.364720 -0.762705
-2.930907 -4.111621 -31.415689 -118.001732 -0.825217 0.085832 0.558257 0.283349 0.917925 0.277717 -0.488601 0.387358 -0.781807
-4.361543 -6.230369 3.114610 10.415938 0.936633 0.251467 -0.243890 0.320297 -0.896703 0.305505 0.141873 0.364263 0.920426
-4.301820 -6.572199 -2.569818 24.942382 0.950704 0.205778 -0.231985 0.288901 -0.859594 0.421467 0.112684 0.467711 0.876669
-4.475645 -6.520267 13.514603 17.706027 0.951803 0.252761 -0.173734 0.303965 -0.852996 0.424268 0.040956 0.456628 0.888714
-4.111642 -6.389507 1.852251 28.456834 0.925400 0.174807 -0.336270 0.293027 -0.892721 0.342323 0.240354 0.415322 0.877347
-4.256628 -6.035812 4.965561 -11.444676 0.927910 0.278069 -0.248316 0.321414 -0.934174 0.154957 0.188882 0.223599 0.956205
-4.147176 -6.114982 2.847920 10.181488 0.925498 0.199419 -0.322003 0.280569 -0.932074 0.229169 0.254430 0.302439 0.918584
-1.531409 -5.850991 45.583572 -7.732388 0.351382 0.577214 -0.737126 -0.469263 0.789876 0.394827 0.810137 0.207171 0.548414
-0.680827 -5.543076 66.510664 -11.179196 0.328154 0.581847 -0.744157 -0.315037 0.810090 0.494476 0.890543 0.072173 0.449138
0.144099 -5.692576 70.415160 -7.865272 0.379205 0.472380 -0.795651 -0.375919 0.864362 0.334011 0.845510 0.172442 0.505347
1.002113 -5.573867 69.519969 -15.528560 0.393789 0.453947 -0.799289 -0.238409 0.890230 0.388138 0.887745 0.037713 0.458788
2.096652 -5.662907 49.703111 -13.563441 0.453880 0.402737 -0.794856 -0.247200 0.913928 0.321912 0.856087 0.050379 0.514370
-0.098942 -4.493013 -5.575117 25.153369 0.838436 0.423134 -0.343486 -0.544208 0.683978 -0.485811 -0.029374 -0.594249 -0.803745
-0.352741 -5.211012 2.557201 20.590252 0.875784 0.382693 -0.294191 -0.480392 0.631446 -0.608686 0.047174 -0.674405 -0.736853
-0.137431 -4.561783 17.582828 23.841351 0.852687 0.424786 -0.304108 -0.522325 0.704429 -0.480580 -0.010079 -0.568627 -0.822534
-0.057978 -5.251553 -0.194977 19.654879 0.878136 0.385336 -0.283536 -0.476914 0.658248 -0.582463 0.037807 -0.646704 -0.761803
0.147986 -4.902093 -7.002859 26.676768 0.867906 0.393380 -0.303300 -0.496129 0.716494 -0.490401 -0.024399 -0.576098 -0.817016
0.062685 -4.279038 5.344757 23.748212 0.841982 0.435497 -0.318447 -0.536740 0.735860 -0.412819 -0.054551 -0.518510 -0.853330
-0.288250 -4.720354 11.687133 37.924266 0.872254 0.077555 -0.482864 0.488832 -0.108641 0.865587 -0.014672 0.991051 0.132675
-0.491020 -4.754708 4.530477 31.039483 0.866283 0.101036 -0.489229 0.498262 -0.104381 0.860721 -0.035897 0.989392 0.140766
-0.262059 -4.209579 9.436670 -15.743761 0.875625 0.078114 -0.476634 0.482991 -0.139869 0.864382 -0.000854 0.987084 0.160201
-0.051565 -3.946571 11.150560 -11.304865 0.879693 0.069415 -0.470449 0.472175 -0.245023 0.846767 0.056493 0.967029 0.248321
-0.067668 -4.264668 11.881233 4.442279 0.881887 0.070989 -0.466086 0.471407 -0.147783 0.869445 0.007158 0.986469 0.163793
0.961587 -17.390347 12.530889 -211.369293 0.993613 0.106698 -0.036736 -0.112569 0.959947 -0.256575 -0.007889 -0.259071 -0.965826
0.566173 -15.080415 18.484916 -249.773183 0.993376 0.114631 0.008001 -0.106528 0.944784 -0.309894 0.043083 -0.306989 -0.950737
0.733065 -20.211377 17.630135 -284.774020 0.998680 0.051177 -0.004419 -0.051083 0.998511 0.019126 -0.005391 0.018875 -0.999807
0.172086 -9.299978 -10.663400 18.833289 -0.939909 -0.176170 0.292464 -0.188554 0.981956 -0.014475 -0.284636 -0.068750 -0.956167
0.253277 -9.655855 -14.250509 7.777395 -0.932132 -0.206399 0.297538 -0.223865 0.974287 -0.025476 -0.284630 -0.090355 -0.954370
-0.126854 -9.238316 7.480439 -14.123811 0.929863 0.212500 -0.300332 -0.284121 0.933382 -0.219257 -0.233732 -0.289210 -0.928293
0.730034 -9.149640 -4.859468 36.716625 -0.929603 -0.176986 0.323288 -0.118540 0.974124 0.192433 -0.348980 0.140563 -0.926528
-0.103934 -8.849140 -4.317648 -0.360517 -0.939811 -0.171778 0.295376 -0.234117 0.953370 -0.190460 -0.248886 -0.248149 -0.936204
0.527803 -8.700893 -7.346820 42.460704 -0.940048 -0.153625 0.304480 -0.093715 0.974789 0.202494 -0.327912 0.161820 -0.930746
1.009640 -6.352337 10.134953 -23.069888 0.753243 0.358618 -0.551378 0.119449 0.749767 0.650831 0.646805 -0.556095 0.521921
1.337824 -6.120526 -35.156745 30.036212 0.765463 0.314562 -0.561352 -0.198200 -0.714701 -0.670760 0.612195 -0.624702 0.484731
0.817914 -6.180124 1.126822 14.781638 0.765262 0.367023 -0.528836 -0.185184 -0.661284 -0.726919 0.616507 -0.654216 0.438088
0.485259 -6.258635 22.050056 -6.754104 0.761082 0.379419 -0.526114 0.088434 0.742817 0.663629 0.642599 -0.551602 0.531791
-0.665456 -6.834534 1.691186 11.565563 0.781035 0.351324 -0.516291 -0.180291 0.918393 0.352206 0.597896 -0.182002 0.780638
-0.499410 -6.794953 -11.242587 11.745634 0.801989 0.313485 -0.508469 -0.229085 0.947550 0.222864 0.551665 -0.062252 0.831739
-0.647649 -6.987341 -8.277222 15.058207 0.796656 0.342786 -0.497832 -0.151032 0.910401 0.385173 0.585259 -0.231662 0.777049
-0.279265 -6.589288 -16.051482 15.289915 0.805107 0.303804 -0.509417 -0.216282 0.950100 0.224794 0.552291 -0.070806 0.830639
-0.207855 -6.842500 -8.846153 20.655200 0.792092 0.333634 -0.511154 -0.134519 0.912229 0.386966 0.595394 -0.237753 0.767450
2.114182 -3.716091 99.695746 -53.976628 0.296914 0.900731 0.317058 0.891438 -0.142427 -0.430178 -0.342317 0.410364 -0.845234
0.330751 -3.965893 100.010776 -47.960783 0.166267 0.902042 0.398341 0.928021 -0.006574 -0.372469 -0.333364 0.431599 -0.838207
-0.129468 -2.520009 83.074878 -41.031981 0.114866 0.902968 0.414070 0.904645 0.077119 -0.419130 -0.410394 0.422730 -0.808008
1.676820 -2.179800 94.764292 45.544664 0.324767 0.898993 0.293834 -0.849014 0.140206 0.509428 -0.416775 0.414915 -0.808792
-0.594301 -13.442794 9.074357 156.429679 -0.678515 -0.411602 0.608442 0.697078 -0.099483 0.710060 -0.231732 0.905918 0.354419
-0.653699 -12.177828 -0.767443 126.668033 0.703211 0.391253 -0.593647 0.675862 -0.108680 0.728972 -0.220694 0.913844 0.340857
-0.710713 -16.369127 13.396702 256.656076 0.710885 0.369506 -0.598421 0.612649 0.092528 0.784920 -0.345404 0.924610 0.160600
0.326308 -14.621864 -0.034770 14.299770 0.852557 0.397336 -0.339515 0.485187 -0.843192 0.231561 0.194269 0.362147 0.911652
0.551169 -15.505208 6.296539 10.277594 0.848654 0.396870 -0.349686 0.471227 -0.867563 0.158998 0.240273 0.299716 0.923276
0.538894 -14.906899 16.210547 -53.953602 0.847810 0.387001 -0.362559 0.520030 -0.740631 0.425480 0.103861 0.549268 0.829167
-1.532771 -5.280175 -9.082241 37.475512 0.385713 0.892394 0.234216 0.693188 -0.447833 0.564744 -0.608864 0.055473 0.791333
-1.622378 -4.566460 7.030476 14.685422 0.432372 0.882951 0.182899 0.706428 -0.457755 0.539833 -0.560369 0.104204 0.821662
-1.567606 -5.317404 -3.393805 57.105484 0.362418 0.916280 0.170544 0.688111 -0.386474 0.614118 -0.628615 0.105214 0.770567
-1.644130 -4.589619 8.472301 3.771153 0.453157 0.863512 0.221348 0.730762 -0.502053 0.462524 -0.510524 0.047843 0.858531
-1.385368 -7.700824 -15.799667 98.912314 0.301522 0.940930 0.154064 0.626238 -0.317283 0.712150 -0.718965 0.118248 0.684913
-1.249709 -6.434439 -16.180177 64.622079 0.346019 0.908690 0.233568 0.658107 -0.412501 0.629872 -0.668705 0.064235 0.740748
0.593652 -31.055027 21.890045 -309.273869 -0.607928 -0.361168 0.707093 0.791016 -0.352534 0.500014 0.068686 0.863294 0.500005
1.139161 -40.464672 1.459983 -170.767409 -0.582511 -0.383767 0.716522 0.770848 -0.540443 0.337216 0.257827 0.748762 0.610640
1.219585 -34.875251 -8.484723 -12.120725 -0.623736 -0.315177 0.715274 0.678151 -0.673245 0.294706 0.388670 0.668883 0.633665
2.594928 -136.836310 -29.737512 -5600.630135 -0.633800 -0.260878 0.728176 0.751023 -0.432836 0.498616 0.185102 0.862900 0.470257
0.776464 -17.510061 13.334033 138.218930 -0.535470 -0.167898 0.827697 0.556160 0.667436 0.495191 -0.635576 0.725492 -0.264014
0.872975 -15.086134 43.072660 231.466422 -0.459719 -0.067515 0.885494 0.467580 0.829303 0.305983 -0.755002 0.554705 -0.349678
2.540300 -22.599268 66.965739 347.308945 -0.489644 -0.046017 0.870707 0.381274 0.886772 0.261276 -0.784142 0.459910 -0.416658
2.513714 -32.373615 1.196335 760.473154 -0.542632 -0.086066 0.835550 0.446496 0.813007 0.373712 -0.711472 0.575858 -0.402736
0.454285 -23.919620 12.157860 209.349353 0.616192 0.208745 -0.759429 0.551973 0.573358 0.605464 -0.561813 0.792266 -0.238077
0.458408 -17.452319 1.771518 -57.024686 0.632958 0.267338 -0.726564 0.628527 0.370497 0.683875 -0.452016 0.889529 -0.066480
0.274153 -4.126683 12.345707 16.362768 0.934239 0.237423 -0.266134 -0.060050 0.840275 0.538825 -0.351555 0.487410 -0.799275
0.420863 -4.550793 4.033411 12.742894 0.922955 0.292948 -0.249671 -0.134270 0.852944 0.504438 -0.360730 0.432050 -0.826563
0.262632 -4.439264 13.219340 12.770305 0.929753 0.269127 -0.251258 -0.124497 0.872027 0.473359 -0.346498 0.408826 -0.844275
0.142551 -9.168115 7.484133 -8.787228 0.901341 0.275776 -0.333964 0.421515 -0.735775 0.530057 0.099546 0.618533 0.779428
0.040189 -8.999682 16.258848 48.663453 0.905682 0.266742 -0.329528 0.421794 -0.645341 0.636887 0.042773 0.715810 0.696984
-0.037627 -9.028116 16.355305 -7.440632 0.893425 0.289738 -0.343284 0.439022 -0.725027 0.530656 0.095139 0.624810 0.774959
0.283356 -9.640266 -2.742478 -63.106422 0.891811 0.294568 -0.343370 0.426306 -0.801242 0.419851 0.151447 0.520809 0.840132
0.644568 -3.865717 -42.228074 -21.278472 0.023757 0.993385 0.112347 0.779819 0.051905 -0.623850 0.625555 -0.102431 0.773427
1.381459 -3.878644 -21.448982 -6.575654 -0.088761 0.984348 0.152254 0.776091 0.164160 -0.608880 0.624344 -0.064119 0.778514
1.795539 -4.092932 -35.680143 -8.394215 -0.048951 0.984949 0.165771 0.709346 0.151126 -0.688468 0.703158 -0.083887 0.706067
6.447550 -230.794830 1571.416542 748.648008 0.269065 0.069141 0.960637 0.942920 0.184306 -0.277368 -0.196229 0.980434 -0.015605
-17.914691 -45.686286 843.346505 -3245.891098 0.355624 0.075552 0.931571 0.774700 -0.581417 -0.248585 0.522850 0.810090 -0.265296
-31.786667 -90.471989 1437.806718 -5080.027308 0.426527 0.098937 0.899047 0.775550 -0.551471 -0.307250 0.465400 0.828306 -0.311948
93.967094 -132.077691 -43319.983244 6043.530865 0.749787 0.317087 -0.580753 0.488352 0.327033 0.809050 -0.446465 0.890228 -0.090355
-162.005027 -1098.630618 5576.184206 45522.931132 0.824290 0.101221 0.557046 -0.445447 0.723240 0.527731 0.349460 0.683138 -0.641249
1.234836 -8.702922 -4.921405 -44.276635 -0.096027 -0.509717 0.854966 0.944670 0.223990 0.239641 -0.313653 0.830673 0.460005
0.399572 -53.281467 -30.807640 -1835.015425 0.325505 -0.425854 0.844213 0.914131 0.369944 -0.165849 -0.241684 0.825706 0.509704
1.890967 -140.727886 27.892957 -5189.700955 0.287624 -0.490851 0.822397 0.903449 0.424060 -0.062869 -0.317887 0.761077 0.565429
-0.528084 -2.383873 -6.749112 25.067460 0.897725 0.049286 -0.437790 0.277843 0.707845 0.649429 -0.341896 0.704646 -0.621757
-0.322131 -2.716740 -19.995682 24.925482 0.862515 -0.000427 -0.506031 0.349316 0.724020 0.594789 -0.366123 0.689779 -0.624627
-0.207825 -2.186346 -10.958702 16.048428 0.908638 0.091513 -0.407433 0.244907 0.673485 0.697452 -0.338226 0.733515 -0.589542
-6.620696 -8.998220 -6.767486 -151.882665 0.941973 -0.287206 -0.173781 -0.009700 0.494180 -0.869306 -0.335548 -0.820548 -0.462718
-5.487761 -7.629354 -37.375392 -52.341665 0.687822 0.068679 -0.722623 -0.611266 0.591699 -0.525591 -0.391479 -0.803228 -0.448964
-4.217388 -6.746181 16.422345 53.449575 0.466505 0.146726 -0.872264 0.802097 -0.485856 0.347251 -0.372844 -0.861635 -0.344343
-3.801032 -5.784462 12.157239 44.150108 0.284084 0.208927 -0.935760 0.917679 -0.342004 0.202236 -0.277781 -0.916178 -0.288885
-2.022226 -7.672278 -231.212433 3.689458 -0.758164 -0.467123 0.454955 -0.535347 0.844253 -0.025302 -0.372278 -0.262741 -0.890155
-2.129534 -8.562118 396.053546 -83.160387 0.797503 0.526886 -0.293906 -0.593616 0.772278 -0.226291 -0.107747 -0.354935 -0.928661
-4.996189 -7.572893 -86.127004 -8.677613 -0.629368 -0.528883 0.569367 -0.656267 0.754117 -0.024929 -0.416184 -0.389346 -0.821706
2.399986 -11.086335 340.700674 -192.554293 0.860968 0.349384 -0.369683 -0.451251 0.860043 -0.238114 -0.234750 -0.371828 -0.898129
-5.232810 -7.966176 -52.819912 66.186764 -0.526722 -0.584964 0.616750 -0.640860 0.749940 0.163976 -0.558446 -0.308881 -0.769890
-4.997129 -7.551662 -35.452000 49.207913 -0.728329 -0.330809 0.600086 -0.374185 0.925654 0.056133 -0.574041 -0.183660 -0.797964
-0.443224 -8.231784 -215.876005 36.904919 -0.841389 -0.267646 0.469501 -0.300369 0.953808 0.005444 -0.449270 -0.136443 -0.882915
-3.935703 -15.511699 -427.643663 -74.290895 -0.718307 -0.238484 -0.653575 -0.223508 0.968719 -0.107833 0.658847 0.068622 -0.749141
4.739056 -15.265618 -237.921160 -68.836639 -0.788130 -0.275614 -0.550353 -0.251709 0.960279 -0.120445 0.561689 0.043602 -0.826199
-0.853996 -3.802508 3.007308 9.085319 0.953157 0.216066 -0.211679 -0.294374 0.501721 -0.813400 0.069544 -0.837611 -0.541823
-1.087971 -4.028600 -33.850320 6.562568 0.968817 0.169111 -0.181095 -0.236370 0.411574 -0.880191 0.074316 -0.895549 -0.438713
-0.753421 -5.204456 -53.133944 1.179150 0.949468 0.048504 -0.310094 -0.221185 -0.597563 -0.770711 0.222683 -0.800354 0.556638
1.046841 -4.820339 -76.941254 2.843663 0.971395 0.089268 -0.220050 -0.150129 -0.487109 -0.860341 0.183989 -0.868767 0.459774
-0.056634 -5.051789 -67.461871 2.372815 0.964492 0.071840 -0.254152 -0.186962 -0.493972 -0.849139 0.186547 -0.866505 0.463001
1.943912 -4.655216 -60.552639 -3.646899 0.967155 0.130538 -0.218110 -0.124652 -0.504236 -0.854522 0.221526 -0.853643 0.471402
1.322884 -4.129022 51.291245 18.457587 0.901847 0.326792 -0.282628 -0.158268 0.858552 0.487688 0.402023 -0.395089 0.826003
0.264923 -4.247017 45.553760 -21.601683 0.902869 0.301423 -0.306547 0.113036 -0.854391 -0.507187 0.414789 -0.423273 0.805475
2.172490 -4.206239 51.266289 -15.396427 0.913767 0.317343 -0.253620 0.151010 -0.844919 -0.513135 0.377129 -0.430586 0.819981
2.244495 -4.513894 36.537246 -10.019834 0.923856 0.302352 -0.234677 0.111956 -0.799812 -0.589718 0.366000 -0.518541 0.772761
0.971094 -5.975965 -6.112766 -33.383139 -0.652745 -0.050100 0.755919 0.750734 0.091042 0.654301 -0.101601 0.994586 -0.021816
0.881205 -5.869738 -7.057468 -36.891382 -0.655243 -0.056069 0.753335 0.737295 0.169661 0.653919 -0.164476 0.983906 -0.069830
0.988459 -5.596397 -3.216430 -35.302868 -0.659533 -0.050608 0.749970 0.729644 0.196688 0.654930 -0.180655 0.979159 -0.092796
0.979979 -6.604841 -3.443519 -37.752701 -0.643257 -0.079629 0.761498 0.763101 0.014412 0.646118 -0.062424 0.996720 0.051494
0.948837 -5.944635 -0.836201 -23.314269 -0.657542 -0.036909 0.752514 0.745614 0.111505 0.656982 -0.108158 0.993078 -0.045800
0.941294 -6.370156 -1.857569 -12.955377 -0.635905 -0.053895 0.769883 0.771754 -0.050304 0.633929 0.004563 0.997279 0.073582
1.785368 -10.075447 -16.349828 19.425116 -0.641780 -0.194722 0.741756 0.656286 -0.639843 0.399861 0.396746 0.743427 0.538432
1.028108 -9.588005 -0.370585 -13.110633 -0.628765 -0.185461 0.755155 0.730856 -0.472567 0.492474 0.265526 0.861560 0.432678
0.996871 -9.300454 11.230967 -15.528287 -0.595031 -0.190560 0.780785 0.745851 -0.492840 0.448124 0.299408 0.848997 0.435384
-0.167867 -13.580673 -2.972382 -19.123136 -0.922335 -0.294719 -0.249879 -0.251973 0.949043 -0.189280 0.292931 -0.111616 -0.949597
-0.391232 -13.195895 3.510637 -116.670429 0.921924 0.302159 0.242396 -0.159341 0.866162 -0.473682 0.353081 -0.398075 -0.846682
1.279234 -7.830450 10.291985 -27.653219 0.532503 0.212350 -0.819358 -0.320855 0.946415 0.036754 0.783257 0.243324 0.572103
1.236747 -7.446591 20.860589 38.128350 0.517724 0.196823 -0.832600 -0.224164 0.970386 0.090006 0.825659 0.140041 0.546513
2.259577 -7.628564 38.732747 -0.390691 0.548683 0.192764 -0.813504 -0.238935 0.968626 0.068367 0.801160 0.156863 0.577527
0.845572 -7.998266 14.662948 -2.003615 0.504545 0.195443 -0.840973 -0.271070 0.960649 0.060627 0.819729 0.197374 0.537669
2.233811 -8.029979 28.875652 -29.642047 0.559350 0.205779 -0.802983 -0.362624 0.931833 -0.013801 0.745407 0.298900 0.595842
0.976527 -8.279800 15.172005 -49.243000 0.498725 0.196820 -0.844118 -0.397262 0.917470 -0.020789 0.770361 0.345704 0.535754
1.337116 -8.021003 4.826151 -62.591160 0.535914 0.221459 -0.814710 -0.429213 0.902444 -0.037028 0.727030 0.369527 0.578685
0.469297 -4.844043 -9.494876 -10.227810 0.903878 0.255863 -0.342841 -0.185113 0.956436 0.225752 0.385667 -0.140588 0.911864
0.558470 -4.685010 -8.134176 -16.967737 0.902351 0.268496 -0.337153 -0.151628 0.930007 0.334808 0.403450 -0.250993 0.879904
0.669305 -4.427115 -3.780585 -10.120548 0.906586 0.253947 -0.337066 -0.112408 0.915145 0.387135 0.406776 -0.313082 0.858203
0.555586 -4.599440 -8.753837 -3.696150 0.916905 0.204776 -0.342566 -0.082349 0.936936 0.339660 0.390517 -0.283226 0.875945
1.347211 -10.514116 12.527502 -26.453330 0.947747 0.239912 -0.210281 -0.316920 0.783606 -0.534345 -0.036582 -0.573066 -0.818693
0.990618 -10.280725 17.817093 27.564526 0.951413 0.246059 -0.185118 -0.307905 0.754537 -0.579541 0.002923 -0.608382 -0.793639
92.503163 -8.395829 -2742.295653 85.973035 0.763985 -0.226227 -0.604275 0.634464 0.092997 0.767338 0.117397 0.969625 -0.214581
1.693226 -15.069185 152.152019 -98.534043 0.998713 0.020308 -0.046474 0.010415 0.814689 0.579805 -0.049636 0.579543 -0.813429
-0.883861 -15.768424 53.037419 39.344286 0.991410 0.086308 -0.098272 -0.001397 0.758305 0.651898 -0.130784 0.646161 -0.751912
-1.861187 -4.094620 -34.047962 -6.710544 0.958592 0.145197 -0.244987 -0.149188 -0.476736 -0.866294 0.242578 -0.866972 0.435334
-2.302919 -3.838874 5.341432 -2.006136 0.938689 0.203881 -0.278021 -0.159148 -0.459105 -0.874011 0.305835 -0.864671 0.398509
-0.700346 -4.291128 -57.954495 3.632812 0.976791 0.149586 -0.153310 -0.046229 -0.551650 -0.832793 0.209148 -0.820552 0.531932
-30.319445 -219.158685 -565.687207 11661.991131 0.723559 0.132174 -0.677490 0.111794 0.946098 0.303974 0.681149 -0.295683 0.669782
-17.829543 -306.086110 -635.741958 18059.907045 0.865863 0.192887 -0.461601 0.485926 -0.104820 0.867692 -0.118981 0.975606 0.184488
-83.830891 -3911.899409 -428.060891 -137193.344401 0.858468 0.209429 -0.468158 -0.124769 0.970683 0.205442 0.497459 -0.117954 0.859431
-1.787983 -548.730496 -4.960134 8955.269861 0.853133 0.384918 -0.352140 -0.379354 -0.005646 -0.925234 0.358127 -0.922934 -0.141203
1.285646 -4.128324 -7.981517 8.374908 -0.022815 0.870700 0.491284 0.881672 0.249192 -0.400698 0.471312 -0.424009 0.773357
2.623595 -3.712222 -4.327729 81.378010 -0.092566 0.850294 0.518104 0.795753 0.375942 -0.474811 0.598506 -0.368331 0.711423
2.650315 -3.490408 5.092379 12.901973 0.228844 0.884121 0.407381 0.806953 0.061778 -0.587375 0.544478 -0.463155 0.699307
-3.990814 -4.887115 -27.426666 44.142033 0.477166 0.769184 -0.425051 -0.781009 0.592908 0.196175 -0.402911 -0.238361 -0.883655
-3.146867 -4.316882 54.443333 32.633316 -0.605744 -0.582609 0.541886 -0.636547 0.763458 0.109272 -0.477370 -0.278745 -0.833318
-0.772058 -8.336979 -4.865077 71.310846 -0.776934 -0.247485 0.578900 -0.325674 0.944902 -0.033127 -0.538805 -0.214270 -0.814725
-0.720259 -8.257374 -4.388066 79.080565 -0.774177 -0.271602 0.571736 -0.338321 0.940965 -0.011110 -0.534966 -0.202032 -0.820362
-0.838110 -8.097681 -10.787136 -3.399908 -0.775088 -0.276021 0.568377 -0.453493 0.869392 -0.196220 -0.439981 -0.409843 -0.799028
-0.757540 -8.333647 6.318654 -60.864978 0.761870 0.300159 -0.573985 -0.565198 0.740920 -0.362751 -0.316393 -0.600785 -0.734134
-0.902866 -7.871586 5.290040 -109.446131 0.765105 0.273227 -0.583062 -0.541425 0.763115 -0.352867 -0.348530 -0.585665 -0.731795
-2.654565 -19.965504 93.556636 481.007235 -0.151099 -0.142790 0.978151 -0.611120 0.791257 0.021105 -0.776983 -0.594578 -0.206820
-7.948136 -45.962140 5.804451 1292.652663 0.038469 -0.311995 0.949305 -0.575113 0.769979 0.276363 -0.817169 -0.556589 -0.149812
-12.452669 -43.816758 25.001423 1081.603033 0.130681 -0.303589 0.943799 -0.682783 0.662668 0.307698 -0.718839 -0.684620 -0.120688
-9.247670 -32.894616 -11.135468 885.302869 0.007254 -0.200078 0.979753 -0.686597 0.711323 0.150344 -0.727002 -0.673787 -0.132213
-11.784812 -80.044872 520.039765 2900.041910 0.970178 0.157682 -0.184092 -0.021398 0.812233 0.582940 -0.241445 0.561617 -0.791385
-23.064245 -109.386470 849.822395 3402.911838 -0.545399 0.110220 0.830898 0.600229 0.743282 0.295392 -0.585033 0.659836 -0.471543
-4.366569 -6.735847 5.417529 21.677347 0.958810 0.215374 -0.185198 0.281962 -0.800557 0.528778 0.034377 0.559216 0.828309
-4.150994 -6.682442 2.417203 25.063680 0.935695 0.189632 -0.297515 0.318639 -0.816261 0.481857 0.151474 0.545671 0.824196
-1.099707 -5.767832 78.873140 -3.179436 0.352739 0.489742 -0.797326 -0.588224 0.778735 0.218091 0.727714 0.392077 0.562768
-1.561014 -5.767095 50.852970 4.431642 0.343750 0.533924 -0.772503 -0.688950 0.702386 0.178891 0.638109 0.470722 0.609292
-1.891643 -5.864471 33.197766 1.627153 0.346399 0.579470 -0.737714 -0.609565 0.736792 0.292520 0.713048 0.348356 0.608449
0.532409 -4.029508 13.238220 4.346223 0.774743 0.496514 -0.391468 -0.631913 0.629022 -0.452788 -0.021426 -0.598168 -0.801084
0.270655 -4.149128 14.738162 10.377116 0.796464 0.484940 -0.361218 -0.604663 0.643853 -0.468866 -0.005199 -0.591850 -0.806031
0.455964 -3.832668 8.256139 16.754251 0.777503 0.496989 -0.385345 -0.622654 0.694362 -0.360782 -0.088264 -0.520445 -0.849321
0.560553 -3.705106 5.730340 24.235771 0.776894 0.493493 -0.391025 -0.612505 0.736214 -0.287795 -0.145853 -0.463091 -0.874227
0.570022 -4.006777 12.210906 6.267266 0.789810 0.478161 -0.384138 -0.603970 0.715427 -0.351262 -0.106863 -0.509438 -0.853846
0.408154 -4.102182 9.010779 2.828954 0.780592 0.498066 -0.377632 -0.610008 0.738766 -0.286558 -0.136257 -0.454044 -0.880499
-0.432427 -5.037365 8.909055 82.697084 0.875135 0.089053 -0.475613 0.481586 -0.064736 0.874005 -0.047043 0.993921 0.099539
-0.606763 -4.841616 -1.542915 58.327774 0.866713 0.122225 -0.483601 0.493071 -0.063311 0.867683 -0.075436 0.990481 0.115138
-0.615901 -4.671286 -3.100419 21.721495 0.853712 0.121054 -0.506479 0.517834 -0.094647 0.850229 -0.054987 0.988123 0.143488
0.503648 -7.288798 17.207612 -79.741692 0.980004 0.198107 0.018572 -0.023769 0.023886 0.999432 -0.197551 0.979889 -0.028117
0.571012 -7.405237 0.226429 -71.034151 0.972115 0.230671 0.042232 -0.046861 0.014624 0.998794 -0.229775 0.972922 -0.025025
0.238240 -5.977986 15.472270 5.685303 0.968746 0.228009 0.097685 -0.125116 0.109098 0.986126 -0.214188 0.967528 -0.134216
0.356350 -6.808489 -2.557380 -9.938714 0.961324 0.255719 0.102290 -0.121929 0.062122 0.990593 -0.246959 0.964753 -0.090899
0.300853 -6.139111 13.277969 -57.605605 0.979286 0.202474 0.001771 -0.022486 0.100057 0.994728 -0.201229 0.974163 -0.102537
-0.207380 -5.628172 9.447416 39.306326 0.970122 0.226014 0.088205 -0.132425 0.188652 0.973075 -0.203288 0.955682 -0.212945
0.261007 -6.726592 6.754124 54.076167 0.943171 0.272484 0.190212 -0.245889 0.187223 0.951045 -0.223532 0.943769 -0.243584
-0.132004 -7.647270 17.737970 116.068304 0.948826 0.244397 0.200000 -0.257920 0.234269 0.937334 -0.182228 0.940951 -0.285315
1.367676 -23.564863 8.807498 -344.408160 0.992913 0.070539 -0.095648 -0.085257 0.983468 -0.159753 -0.082798 -0.166776 -0.982512
1.195175 -20.534171 -9.207568 -246.673651 -0.996818 -0.057898 0.054784 -0.057122 0.998245 0.015631 -0.055592 0.012452 -0.998376
1.242777 -24.875539 15.319246 -145.363266 0.994670 0.009774 -0.102642 0.020820 0.955951 0.292786 -0.100983 0.293362 -0.950653
1.185021 -18.232669 4.798820 -216.513104 0.992592 0.102556 -0.065145 -0.118029 0.941125 -0.316785 -0.028822 -0.322128 -0.946257
1.774851 -23.194607 -15.746794 -355.803966 -0.988961 -0.059286 0.135797 -0.072720 0.992701 -0.096206 -0.129103 -0.105019 -0.986054
1.649553 -20.275976 -0.177534 -310.521648 0.983568 0.097154 -0.152168 -0.146670 0.921465 -0.359707 -0.105270 -0.376115 -0.920573
1.369223 -18.307856 9.652729 -243.878744 0.986535 0.122294 -0.108597 -0.157845 0.885793 -0.436412 -0.042824 -0.447677 -0.893169
0.664508 -9.687872 -10.069708 19.892380 -0.924600 -0.218433 0.312094 -0.207690 0.975849 0.067696 -0.319344 -0.002227 -0.947636
0.287793 -9.577993 -20.664429 -12.646164 -0.922467 -0.253811 0.290920 -0.304909 0.941169 -0.145709 -0.236822 -0.223115 -0.945587
1.602553 -6.403082 15.602869 27.559335 0.970018 0.191993 0.149007 -0.042735 0.738313 -0.673103 0.239245 -0.646554 -0.724382
1.189181 -6.194181 17.436932 -4.536930 0.961795 0.204197 0.182359 -0.059891 0.806897 -0.587648 0.267140 -0.554275 -0.788299
1.486156 -6.791022 12.885221 -20.817194 0.969034 0.187220 0.161005 -0.066719 0.826293 -0.559275 0.237745 -0.531214 -0.813197
1.262882 -7.645579 4.397298 -60.200768 0.965827 0.200138 0.164694 -0.102118 0.877853 -0.467916 0.238224 -0.435107 -0.868292
1.738697 -6.729773 10.496156 -17.177760 0.975287 0.164506 0.147488 -0.045709 0.803332 -0.593774 0.216161 -0.572359 -0.790999
1.684700 -8.520357 13.423227 -130.265465 0.971153 0.183560 0.152209 -0.090011 0.873276 -0.478839 0.220816 -0.451325 -0.864607
-0.584721 -7.334265 1.833167 3.423289 0.770924 0.386102 -0.506558 -0.038313 0.821987 0.568216 0.635773 -0.418644 0.648482
-0.591901 -7.395584 8.864990 9.809537 0.762022 0.386147 -0.519820 -0.055441 0.838705 0.541756 0.645174 -0.384011 0.660520
-0.637224 -7.132917 8.926783 7.375241 0.765747 0.365738 -0.529025 -0.145744 0.899845 0.411142 0.626411 -0.237729 0.742357
-0.523764 -7.321988 9.664381 4.197880 0.766141 0.390907 -0.510118 0.051832 0.753574 0.655316 0.640579 -0.528505 0.557083
-0.535070 -7.285780 7.585329 2.433363 0.767199 0.398342 -0.502722 0.068355 0.728537 0.681587 0.637757 -0.557276 0.531704
-0.689430 -7.185568 -0.660541 -3.471842 0.786423 0.383498 -0.484219 0.010566 0.775455 0.631314 0.617598 -0.501596 0.605784
-1.189150 -19.766916 4.162669 239.254491 0.676578 0.382602 -0.629172 0.487494 0.407653 0.772120 -0.551898 0.829117 -0.089292
-1.182290 -19.991356 13.109790 267.667106 0.706564 0.354419 -0.612499 0.486896 0.384611 0.784224 -0.513518 0.852327 -0.099187
-1.241984 -21.352551 -10.956796 111.503154 -0.689334 -0.362747 0.627083 0.287285 0.657755 0.696294 -0.665046 0.660131 -0.349201
-1.118147 -20.827711 -5.080779 226.756326 0.647506 0.415266 -0.638975 0.484590 0.422751 0.765803 -0.588140 0.805503 -0.072500
-1.099287 -17.444122 -8.478939 287.920851 0.657932 0.424756 -0.621859 0.643140 0.112680 0.757413 -0.391787 0.898268 0.199041
-1.242166 -22.243874 -3.543212 91.474880 -0.662586 -0.385996 0.641862 0.297244 0.651083 0.698382 -0.687478 0.653527 -0.316663
0.802638 -16.113198 2.757663 -24.965192 0.855188 0.393542 -0.337311 -0.379431 0.918676 0.109847 0.353109 0.034046 0.934963
0.757034 -15.806608 4.491069 -47.831300 0.844247 0.410385 -0.344719 -0.381491 0.911905 0.151309 0.376446 0.003765 0.926431
0.982235 -16.025774 3.288823 9.602642 0.852012 0.399370 -0.338495 -0.288534 0.897727 0.332918 0.436834 -0.185982 0.880106
0.919853 -15.822457 8.563635 11.877363 0.836381 0.418668 -0.353814 -0.285701 0.883820 0.370454 0.467805 -0.208756 0.858824
0.667171 -16.520502 -7.539466 -65.707650 0.870440 0.375241 -0.318636 -0.304996 0.919155 0.249260 0.386408 -0.119783 0.914517
-1.591531 -5.256945 17.456988 45.052528 0.368276 0.925784 0.085423 0.691911 -0.334289 0.639930 -0.620993 0.176566 0.763670
-1.471351 -5.825374 -0.330143 71.618955 0.346625 0.927547 0.139667 0.654098 -0.345741 0.672770 -0.672315 0.141843 0.726549
-1.790113 -4.419599 -1.514394 8.658081 0.389800 0.913562 0.116015 0.735940 -0.384758 0.557093 -0.553577 0.131775 0.822306
-1.611602 -4.939508 -3.163106 27.451126 0.329666 0.943424 0.035664 0.719854 -0.275625 0.637057 -0.610844 0.184343 0.769992
0.267411 -24.987793 5.071572 -453.458966 -0.585435 -0.325070 0.742695 0.756308 0.110971 0.644736 -0.292002 0.939157 0.180887
0.459341 -28.287759 -4.461976 -577.746542 -0.568178 -0.329239 0.754172 0.799999 -0.006265 0.599969 -0.192809 0.944226 0.266950
0.566072 -28.361260 6.215638 -426.108972 -0.552123 -0.350028 0.756731 0.833763 -0.230886 0.501530 -0.000831 0.907839 0.419317
5.888835 -46.388848 204.932692 1582.631044 -0.387805 0.131619 0.912296 0.297759 0.954576 -0.011145 -0.872323 0.267322 -0.409380
-0.092129 -13.640371 52.189974 157.119588 -0.437263 -0.051379 0.897865 0.519624 0.800420 0.298862 -0.734024 0.597233 -0.323297
-0.070879 -46.098922 60.675565 1506.796361 -0.266150 0.207162 0.941408 0.451547 0.889644 -0.068112 -0.851628 0.406962 -0.330322
0.301266 -4.435543 -10.015450 24.361779 0.918868 0.285973 -0.271847 -0.093465 0.827127 0.554188 -0.383335 0.483818 -0.786750
-2.270564 -4.054146 -20.073465 9.928256 0.466778 0.867926 0.169771 0.818709 -0.496673 0.288153 -0.334416 -0.004490 0.942415
-2.110252 -3.748193 -21.751109 19.742674 0.605671 0.762390 0.227870 0.757368 -0.640167 0.128762 -0.244041 -0.094594 0.965140
-2.500548 -3.756661 -4.775897 31.387225 0.519395 0.844470 0.130763 0.820193 -0.535595 0.201049 -0.239816 -0.002828 0.970814
-2.004073 -4.166572 -19.184375 14.505979 0.491569 0.838454 0.235276 0.803873 -0.540789 0.247658 -0.334885 -0.067391 0.939846
-2.476074 -3.882802 2.569717 22.945098 0.366886 0.929973 0.023349 0.881629 -0.355604 0.310284 -0.296859 0.093253 0.950357
-2.205887 -4.215915 -15.739514 -6.919774 0.405890 0.906949 0.112681 0.818658 -0.415615 0.396312 -0.406266 0.068612 0.911175
-2.178164 -4.356079 -20.605165 -11.130582 0.419110 0.891268 0.173168 0.802281 -0.452836 0.388953 -0.425079 0.024085 0.904836
-1.631146 -4.114590 11.774361 -21.981341 -0.660785 -0.474426 0.581621 0.725347 -0.602851 0.332329 0.192966 0.641475 0.742478
-1.374950 -3.749643 -5.267447 -22.784786 0.759860 0.406678 -0.507174 0.633502 -0.638321 0.437289 0.145904 0.653574 0.742666
-1.686684 -4.272016 -4.320054 -11.257037 0.700150 0.459398 -0.546575 0.677177 -0.669911 0.304386 0.226322 0.583244 0.780132
