16613
33210
-4.832217 -8.652497 25.221250 96.399182 -0.295553 0.951822 0.081758 -0.946443 -0.280086 -0.160615 0.129977 0.124850 -0.983625
-6.016118 -9.587557 44.290183 79.887136 -0.183878 0.977503 0.103332 -0.957224 -0.154181 -0.244847 0.223407 0.143934 -0.964040
-7.177368 -9.589876 107.165760 124.011691 0.079206 0.991288 0.105235 -0.981988 0.095754 -0.162884 0.171542 0.090438 -0.981017
-5.159239 -9.520797 -38.244885 68.305546 -0.395499 0.911675 0.111488 -0.888341 -0.348864 -0.298571 0.233305 0.217124 -0.947853
-5.909195 -8.492842 -21.219622 -154.758589 0.180248 0.980283 0.080966 0.981763 -0.184355 0.046429 0.060440 0.071121 -0.995635
-4.849889 -8.209998 -3.456465 -90.212302 -0.447152 0.889936 0.089833 0.890421 0.433351 0.139129 0.084886 0.142201 -0.986191
4.171320 -8.177724 -161.272347 -169.843843 -0.271075 0.958928 -0.083515 -0.215741 0.024028 0.976155 -0.938069 -0.282629 -0.200367
6.222614 -8.067863 -93.397400 -139.895000 -0.149987 0.983223 -0.103806 -0.141367 0.082587 0.986506 -0.978529 -0.162637 -0.126609
4.462692 -10.838640 -345.032398 -168.111264 -0.354869 0.932204 -0.071157 -0.023981 0.067010 0.997464 -0.934608 -0.355676 0.001425
1.389113 -10.841041 -254.134777 -300.737382 -0.344144 0.931971 -0.113993 -0.187170 0.050875 0.981009 -0.920072 -0.358944 -0.156929
-6.022442 -9.340991 -7.170772 27.595404 0.421230 0.897440 -0.131024 0.389074 -0.048310 0.919939 -0.819260 0.438484 0.369520
-6.151438 -8.750342 -18.810671 16.842557 0.448777 0.883141 -0.136605 0.502868 -0.123203 0.855538 -0.738730 0.452640 0.499394
-6.502167 -9.365512 -34.250014 20.590043 0.534948 0.833371 -0.139010 0.350372 -0.069101 0.934058 -0.768811 0.548377 0.328956
-4.919495 -8.940193 63.648756 28.216910 -0.525662 0.847300 -0.075914 0.838262 0.500713 -0.215877 -0.144902 -0.177114 -0.973465
-5.136326 -8.267607 36.729281 99.292674 -0.612973 0.781821 -0.114104 0.790060 0.608037 -0.078081 0.008334 -0.138011 -0.990396
-4.901816 -8.299177 -25.736933 -4.244752 -0.515136 0.837668 -0.181516 0.848921 0.469441 -0.242811 -0.118184 -0.279174 -0.952940
-3.727142 -7.661119 -145.099035 -76.126531 -0.334344 0.886248 -0.320591 0.917078 0.227540 -0.327404 -0.217214 -0.403473 -0.888835
-4.919449 -8.436155 -9.979486 -90.133945 -0.425618 0.886959 -0.179311 0.869395 0.345845 -0.352906 -0.251000 -0.306095 -0.918316
3.956397 -3.145030 169.904649 46.315941 -0.377091 0.778569 -0.501631 0.462030 0.627543 0.626672 -0.802702 -0.004544 0.596363
3.423191 -4.167231 147.937526 88.327405 -0.401198 0.747754 -0.529059 0.410598 0.663111 0.625853 -0.818809 -0.033861 0.573066
2.378978 -3.400548 -33.228623 42.352451 -0.409794 0.755841 -0.510660 0.458429 0.654642 0.601071 -0.788614 -0.012214 0.614768
5.334939 -3.279951 336.102962 70.768968 -0.371332 0.794194 -0.481008 0.460826 0.607379 0.647094 -0.806072 -0.018626 0.591525
2.824735 -3.037045 14.269500 13.047135 -0.373238 0.801387 -0.467411 0.510999 0.598088 0.617391 -0.774321 0.008412 0.632737
4.122097 -3.196493 295.348468 8.926170 -0.362623 0.788279 -0.497112 0.485407 0.615110 0.621305 -0.795540 0.016002 0.605689
-1.105593 -8.477134 105.361219 -41.956605 -0.003216 -0.506500 -0.862234 0.954498 -0.258675 0.148393 -0.298199 -0.822524 0.484285
-1.996414 -8.773977 81.296976 -11.740554 -0.031981 -0.516018 -0.855981 0.990640 -0.130069 0.041398 -0.132699 -0.846645 0.515348
-1.914142 -8.281762 -15.806797 -50.590412 0.015111 -0.559588 -0.828633 0.944029 -0.265127 0.196259 -0.329517 -0.785219 0.524261
-1.160405 -7.557697 102.948007 -68.503979 0.033310 -0.508316 -0.860526 0.884709 -0.385552 0.261993 -0.464953 -0.770042 0.436869
0.000157 -7.702241 171.633035 -75.658835 0.023649 -0.479595 -0.877171 0.882303 -0.402565 0.243890 -0.470087 -0.779699 0.413628
1.670114 -8.779824 -103.671376 98.991763 -0.582732 0.732925 0.351061 -0.270773 -0.582414 0.766470 -0.766228 -0.351589 -0.537847
1.388480 -8.357811 -31.644399 44.827603 -0.548722 0.772472 0.319673 -0.377321 -0.570058 0.729837 -0.746011 -0.279858 -0.604273
2.510008 -9.323539 -86.689453 72.972542 -0.520885 0.785296 0.334647 -0.428333 -0.579551 0.693290 -0.738383 -0.217784 -0.638248
0.288829 -7.626486 -89.885381 35.588597 -0.591689 0.735506 0.330053 -0.259210 -0.561243 0.786013 -0.763358 -0.379522 -0.522732
0.573742 -7.653754 -92.407527 32.328777 -0.611155 0.692127 0.383993 -0.161975 -0.584235 0.795257 -0.774760 -0.423828 -0.469165
-0.341958 -13.027287 43.733114 -219.002681 -0.075012 0.994719 -0.070053 -0.159871 0.057346 0.985471 -0.984284 -0.085122 -0.154725
1.840293 -15.040678 20.379004 -166.199062 -0.077217 0.996615 -0.028225 0.076115 0.034119 0.996515 -0.994105 -0.074799 0.078491
0.695763 -13.434183 34.820126 -163.368888 -0.104045 0.990296 0.092133 -0.061438 -0.098859 0.993203 -0.992673 -0.097677 -0.071128
-0.775364 -10.784297 37.364920 -93.277116 -0.123357 0.990088 0.067141 -0.261833 -0.097733 0.960152 -0.957197 -0.100862 -0.271293
0.270212 -11.437394 23.571654 -36.854975 -0.151425 0.973399 0.171945 -0.175790 -0.197697 0.964372 -0.972712 -0.115804 -0.201049
1.439676 -13.275088 13.529832 -96.985240 -0.137180 0.965705 0.220445 0.029534 -0.218463 0.975398 -0.990106 -0.140316 -0.001447
0.225322 -22.370369 3.761183 -249.768033 0.256126 -0.749401 0.610571 0.897445 0.419034 0.137848 -0.359154 0.512648 0.779872
0.085245 -22.485682 -7.246452 -522.281650 -0.287840 0.736300 -0.612381 0.761463 0.563758 0.319925 -0.580795 0.374218 0.722937
0.391940 -26.183906 13.090377 -471.780457 0.269250 -0.742583 0.613249 0.878599 0.450183 0.159374 -0.394423 0.495888 0.773644
0.457399 -25.712809 5.080534 166.815255 0.235595 -0.745074 0.623987 0.964191 0.259654 -0.054002 -0.121785 0.614365 0.779567
0.284386 -22.519477 -4.008008 345.900317 0.237735 -0.749628 0.617689 0.968519 0.231285 -0.092074 -0.073841 0.620133 0.781014
1.638336 -6.558300 -82.822222 -31.205131 0.546497 0.804066 0.234135 -0.260318 0.428828 -0.865067 0.795974 -0.411807 -0.443666
2.124756 -7.938656 -113.622220 -22.784217 0.492902 0.856868 0.151079 -0.398321 0.376594 -0.836371 0.773555 -0.352071 -0.526933
0.519102 -7.114196 -112.657132 -9.220666 0.547070 0.808460 0.217042 -0.350868 0.456871 -0.817411 0.760004 -0.371028 -0.533603
-0.779340 -8.656859 -32.249192 113.743291 0.814808 -0.389113 0.429743 0.565482 0.370112 -0.737053 -0.127744 -0.843569 -0.521606
-0.545888 -7.593341 -5.309933 32.144932 0.854681 -0.351929 0.381662 0.514951 0.481348 -0.709316 -0.065916 -0.802776 -0.592626
-0.791697 -7.591176 11.270294 113.958252 0.851230 -0.330619 0.407551 0.517320 0.398056 -0.757583 -0.088243 -0.855712 -0.509873
-1.064375 -10.898430 -15.453686 341.094457 0.800545 -0.370884 0.470715 0.582314 0.295884 -0.757208 -0.141560 -0.880283 -0.452839
-0.755703 -8.805731 52.542493 274.201276 0.834548 -0.311606 0.454348 0.544014 0.335771 -0.768965 -0.087057 -0.888909 -0.449735
-0.331675 -6.167447 48.810999 -9.296353 0.897975 -0.273204 0.344964 0.432272 0.400961 -0.807695 -0.082349 -0.874408 -0.478152
-0.111523 -12.372097 20.217890 6.692471 -0.191041 0.932226 0.307341 -0.666409 -0.353068 0.656691 -0.720696 0.079360 -0.688694
-0.362337 -11.567211 27.523446 41.069285 -0.183777 0.944933 0.270791 -0.503991 -0.327098 0.799374 -0.843930 -0.010430 -0.536351
0.175329 -12.003825 11.930476 14.856960 -0.194860 0.936507 0.291520 -0.485647 -0.350349 0.800876 -0.852160 -0.014483 -0.523080
-0.438492 -18.761727 -2.505235 213.449776 0.168356 -0.451662 0.876161 -0.498842 0.727588 0.470926 -0.850184 -0.516350 -0.102814
-0.441282 -20.398687 2.665019 173.655459 0.178987 -0.463866 0.867636 -0.673427 0.585153 0.451765 -0.717258 -0.665150 -0.207646
-0.542254 -18.568253 -7.242136 214.070973 0.178798 -0.451331 0.874260 -0.552840 0.688955 0.468732 -0.813879 -0.567134 -0.126330
-0.592148 -17.017388 -13.673588 193.276027 0.166704 -0.435361 0.884687 -0.377463 0.800715 0.465164 -0.910896 -0.411481 -0.030851
-1.029017 -18.761684 -24.299934 226.755858 0.190418 -0.448823 0.873097 -0.606762 0.645347 0.464078 -0.771739 -0.618131 -0.149443
-1.163730 -16.802746 -33.887455 165.703976 0.180598 -0.438065 0.880615 -0.439247 0.765171 0.470718 -0.880026 -0.471818 -0.054230
-0.179250 -8.346834 20.241470 -80.974374 0.882208 -0.319629 0.345756 0.470496 0.569496 -0.674024 -0.018530 -0.757306 -0.652797
0.141703 -12.121568 8.127656 -340.206814 0.874720 -0.337280 0.348004 0.484540 0.622347 -0.614740 0.009240 -0.706348 -0.707805
0.024210 -8.140500 30.972495 -116.877610 0.914494 -0.278378 0.293610 0.403604 0.576749 -0.710257 -0.028381 -0.768028 -0.639787
4.773319 -14.003178 57.612972 172.940259 0.925952 -0.354980 0.128852 0.370618 0.919699 -0.129601 0.072499 -0.167759 -0.983159
3.899310 -11.742340 -18.314029 72.056605 -0.950823 0.285954 -0.119024 0.283663 0.958243 0.036133 0.124386 0.000594 -0.992234
3.264445 -11.458308 67.873790 67.489816 -0.933256 0.350890 -0.076879 0.349492 0.936414 0.031382 0.083002 0.002419 -0.996546
-0.654782 -13.745221 -25.751791 52.657481 0.791719 -0.381007 0.477509 0.403473 0.913051 0.059562 -0.458684 0.145506 0.876606
-0.423849 -13.534568 -12.670330 7.757405 0.816341 -0.343766 0.464125 0.432079 0.896735 -0.095785 -0.383269 0.278732 0.880576
-0.244302 -14.581325 -25.153810 -27.902317 0.789928 -0.382289 0.479446 0.402692 0.913056 0.064561 -0.462442 0.142070 0.875193
1.181054 -30.210056 -20.541487 -646.084302 0.060743 -0.436273 0.897762 0.383541 0.840575 0.382532 -0.921524 0.321092 0.218387
2.429911 -37.232346 -60.482707 420.719818 0.075789 -0.403272 0.911936 0.240914 0.894877 0.375706 -0.967583 0.191224 0.164976
2.151884 -34.396133 -91.592157 1027.076852 0.030985 -0.460050 0.887352 0.273563 0.857784 0.435168 -0.961355 0.229263 0.152431
-0.689916 -98.533340 408.099655 -5162.539613 0.210889 0.608962 -0.764651 0.965005 -0.004973 0.262185 0.155858 -0.793184 -0.588700
25.502099 -389.495987 -788.092882 -21746.035060 0.321878 0.429957 -0.843524 0.899220 0.140001 0.414492 0.296308 -0.891929 -0.341562
5.414177 -246.891127 435.911596 -1370.244851 0.006790 0.538726 -0.842454 0.465320 0.744002 0.479519 0.885117 -0.395266 -0.245627
0.308270 -193.462535 -72.722082 16691.164593 0.544399 -0.262852 0.796580 0.706804 -0.367660 -0.604363 0.451729 0.892040 -0.014369
79.314908 -118.426622 -17948.841805 11299.097257 -0.825117 0.080632 -0.559179 0.078251 0.996534 0.028232 0.559517 -0.020461 -0.828566
51.028408 -441.973650 -3391.880555 182.438407 -0.524875 0.471375 -0.708740 0.048048 0.847737 0.528236 0.849822 0.243204 -0.467604
9.174927 -537.059929 1088.189234 42241.907533 0.370033 -0.398035 0.839431 0.660203 0.748370 0.063830 -0.653611 0.530576 0.539705
2.413736 -380.279367 -1170.818320 19746.142413 0.059348 -0.519472 0.852424 0.898503 0.399859 0.181120 -0.434936 0.755157 0.490478
-1.506921 -3.561294 16.805383 -6.832441 -0.030717 0.987541 0.154334 -0.978990 0.001415 -0.203905 0.201583 0.157355 -0.966749
-1.581093 -3.963704 30.239691 -55.691591 -0.211809 0.969693 0.121791 -0.964176 -0.186972 -0.188163 0.159689 0.157283 -0.974557
-1.311642 -3.087940 24.685597 -1.476334 0.023052 0.982803 0.183210 -0.980781 0.057747 -0.186370 0.193745 0.175393 -0.965246
6.529400 -6.770475 234.093069 83.104615 0.853383 -0.159461 0.496296 -0.482702 -0.601187 0.636846 -0.196815 0.783037 0.590015
5.705388 -7.843003 328.261192 139.705380 0.886281 -0.155767 0.436168 -0.446998 -0.534203 0.717510 -0.121238 0.830881 0.543081
4.068375 -7.796344 277.352644 111.541851 0.895699 -0.186161 0.403816 -0.427539 -0.610134 0.667043 -0.122205 0.770117 0.626087
5.561091 -6.700604 290.830396 15.874854 0.846915 -0.225493 0.481548 -0.500405 -0.644240 0.578403 -0.179807 0.730827 0.658454
6.758734 -6.095241 19.881338 -6.903513 0.814426 -0.157462 0.558495 -0.520248 -0.624437 0.582598 -0.257008 0.765039 0.590477
-1.835365 -6.722162 -6.530792 18.758156 -0.567817 0.768381 -0.295253 0.364944 0.556497 0.746409 -0.737834 -0.316073 0.596405
-2.010500 -6.876987 -26.539330 -0.282840 -0.600465 0.738137 -0.307564 0.235729 0.530925 0.813972 -0.764117 -0.416260 0.492802
-1.756537 -6.831506 -17.657155 11.812513 -0.611698 0.729084 -0.307020 0.308395 0.577163 0.756158 -0.728504 -0.367857 0.577896
3.555224 -16.758818 -69.701792 512.475553 -0.304154 0.949109 0.081746 -0.781195 -0.297610 0.548783 -0.545183 -0.103055 -0.831958
4.143712 -12.612092 -94.621806 134.061794 -0.209324 0.977421 0.028843 -0.740382 -0.177690 0.648275 -0.638763 -0.114345 -0.760859
2.305449 -27.144690 -39.286256 970.880531 -0.336479 0.938579 0.076493 -0.763140 -0.319370 0.561801 -0.551725 -0.130660 -0.823728
2.289449 -36.379762 14.041221 1280.187550 -0.390280 0.918476 0.063903 -0.766493 -0.362582 0.530116 -0.510068 -0.157912 -0.845514
2.435417 -41.004421 -22.340108 1465.526933 -0.396428 0.914331 0.082725 -0.867775 -0.402602 0.291339 -0.299685 -0.043708 -0.953036
2.068701 -6.889885 5.961942 -82.855238 -0.205512 0.780612 0.590262 0.778483 0.495898 -0.384772 0.593067 -0.380434 0.709607
1.692721 -5.311976 -9.624634 -52.261273 -0.384827 0.683610 0.620150 0.730486 0.636272 -0.248087 0.564179 -0.357540 0.744223
2.905167 -8.122273 -1.396084 -250.477897 -0.281816 0.738889 0.612064 0.727404 0.580524 -0.365891 0.625670 -0.342104 0.701072
2.857364 -10.671827 -14.398337 -314.128670 -0.179106 0.770423 0.611857 0.730693 0.520615 -0.441643 0.658794 -0.367978 0.656188
2.089787 -8.915502 0.963291 -62.819057 -0.079466 0.815591 0.573146 0.793377 0.399851 -0.458990 0.603521 -0.418246 0.678846
-4.052391 -7.120013 -33.167912 -76.623366 0.415028 -0.659060 -0.627209 0.258202 0.746363 -0.613412 0.872401 0.092637 0.479932
-4.958612 -7.282352 25.915394 -63.380008 -0.316664 0.753539 0.576110 0.303856 0.655947 -0.690946 0.898552 0.043743 0.436682
-4.463863 -7.660697 5.972789 -22.783470 -0.371959 0.735663 0.566080 0.203864 0.659690 -0.723360 0.905586 0.153657 0.395353
-4.639481 -6.289153 -55.440699 -119.766087 0.383473 -0.685997 -0.618350 0.356640 0.727592 -0.586018 0.851914 0.004194 0.523666
-4.281202 -7.588907 -40.075179 -42.453052 0.484087 -0.558795 -0.673356 0.109186 0.802092 -0.587134 0.868181 0.210702 0.449295
-3.822079 -7.089200 -51.562736 -37.947856 0.501968 -0.526973 -0.685804 0.184897 0.839995 -0.510119 0.844891 0.129260 0.519086
-5.563408 -9.679016 -0.446821 42.233185 0.744148 -0.418161 -0.520946 0.448990 -0.264334 0.853543 0.494622 0.869062 0.008954
-5.693528 -9.217211 8.347586 40.766982 0.809843 -0.293475 -0.507963 0.446321 -0.253717 0.858152 0.380725 0.921683 0.074487
-5.497088 -9.230799 3.103426 23.453345 0.733590 -0.362521 -0.574825 0.429798 -0.407710 0.805634 0.526422 0.838064 0.143281
-2.267357 -5.791906 24.843073 100.132807 0.957577 0.012867 -0.287890 0.177601 -0.813085 0.554392 0.226946 0.582003 0.780877
-2.129780 -4.632405 14.420842 60.477662 0.900223 0.203417 -0.384993 0.372816 -0.816873 0.440144 0.224958 0.539760 0.811205
-1.823685 -5.324423 8.500633 26.331463 0.903069 0.161517 -0.397968 0.337956 -0.839050 0.426357 0.265051 0.519526 0.812306
-2.114562 -6.288473 -35.445605 54.690871 0.943028 0.028823 -0.331463 0.194062 -0.856874 0.477606 0.270256 0.514720 0.813649
-2.306901 -6.444382 -0.948458 94.396250 0.961218 -0.061868 -0.268760 0.111949 -0.803086 0.585253 0.252046 0.592643 0.765014
-0.908566 -5.449477 -3.958892 -30.733838 0.855902 0.252559 -0.451271 0.412600 -0.859575 0.301485 0.311758 0.444235 0.839918
-0.865803 -2.643474 -28.737866 18.522476 0.808068 0.449536 0.380715 -0.446494 0.888957 -0.101969 -0.384278 -0.087589 0.919053
-0.803921 -3.120198 -36.154097 -6.487348 0.812073 0.443946 0.378747 -0.470342 0.882116 -0.025504 -0.345421 -0.157430 0.925149
-1.914570 -2.600401 -46.932335 17.578069 0.884498 0.279835 0.373304 -0.285707 0.957449 -0.040772 -0.368829 -0.070593 0.926813
-0.036629 -3.107934 -11.801834 -6.225177 0.772553 0.508893 0.379722 -0.532904 0.844814 -0.047992 -0.345218 -0.165279 0.923855
-1.704364 -2.049959 -38.535177 39.160488 0.906303 0.130822 0.401871 -0.124549 0.991331 -0.041828 -0.403859 -0.012144 0.914741
-0.851135 -2.066885 -28.252719 56.113599 0.807166 0.445498 0.387316 -0.414349 0.894886 -0.165813 -0.420473 -0.026646 0.906914
-0.281536 -2.666548 -13.034642 29.515109 0.757961 0.530212 0.379961 -0.521414 0.842479 -0.135488 -0.391946 -0.095423 0.915026
-4.735209 -8.583931 -38.985881 59.058753 0.579816 0.798873 0.160048 -0.630619 0.564417 -0.532685 0.515882 -0.207930 -0.831042
-5.088947 -8.422580 -11.856104 77.268091 0.602375 0.764155 0.230674 -0.625898 0.631531 -0.457624 0.495374 -0.131283 -0.858702
-4.939904 -9.032241 16.130533 41.575619 0.532346 0.822063 0.202037 -0.597239 0.533867 -0.598575 0.599927 -0.197984 -0.775170
0.802330 -30.749952 24.075972 -32.518124 0.960353 -0.216608 -0.175510 0.163939 -0.070422 0.983954 0.225492 0.973715 0.032119
1.037077 -27.468942 24.749020 390.993391 0.959421 -0.192015 -0.206499 0.108849 -0.423367 0.899395 0.260122 0.885376 0.385287
1.588361 -31.338376 27.555805 -21.954732 0.962587 -0.177915 -0.204384 0.190999 -0.089547 0.977497 0.192213 0.979963 0.052215
5.499286 -3.995222 -36.538216 -59.250895 -0.770366 -0.262118 -0.581232 0.202906 0.763416 -0.613209 0.604455 -0.590330 -0.534924
5.671810 -5.223547 -26.180126 -109.337198 -0.787497 -0.322550 -0.525177 0.104018 0.770337 -0.629095 0.607478 -0.550038 -0.573087
5.566557 -3.891947 15.093793 -56.552108 0.810562 0.240004 0.534217 0.178099 0.767957 -0.615242 0.557916 -0.593835 -0.579732
4.952651 -2.981786 31.292669 -34.830157 0.789930 0.222271 0.571494 0.245292 0.739637 -0.626713 0.561998 -0.635242 -0.529740
6.064623 -3.585127 53.228301 -35.321271 0.835718 0.218443 0.503842 0.179915 0.757934 -0.627030 0.518850 -0.614669 -0.594118
6.437585 -4.532965 82.705391 -63.065687 0.842338 0.248920 0.478023 0.109229 0.789698 -0.603694 0.527765 -0.560728 -0.638003
0.655679 -15.210004 -18.512472 -80.416883 0.977396 0.106661 -0.182541 0.167937 0.132824 0.976809 -0.128433 0.985384 -0.111909
0.128815 -15.306257 -9.467390 36.978230 0.979729 0.127962 -0.154132 0.114088 0.276033 0.954353 -0.164666 0.952592 -0.255838
0.702884 -14.517917 -33.661273 14.809427 0.976215 0.117262 -0.182359 0.140865 0.296332 0.944640 -0.164810 0.947859 -0.272766
9.833403 -6.121149 89.527256 -294.781260 0.824878 0.511772 0.240138 -0.033084 0.467764 -0.883234 0.564342 -0.720615 -0.402780
9.998324 -10.023921 142.668693 -352.634716 0.836290 0.517322 0.181649 -0.118666 0.494228 -0.861195 0.535291 -0.698654 -0.474707
10.992954 -5.597480 -198.015589 -286.927950 0.890877 0.423398 0.164533 -0.060668 0.469872 -0.880647 0.450174 -0.774567 -0.444285
8.221568 -10.810487 316.504283 -384.365126 0.765916 0.606359 0.213777 -0.123758 0.465322 -0.876447 0.630917 -0.644828 -0.431440
9.623770 -2.797194 -154.252706 -185.822149 0.882182 0.430062 0.191836 -0.027509 0.453743 -0.890708 0.470104 -0.780489 -0.412115
9.290444 -2.688156 -2.510226 -140.752347 0.817989 0.470265 0.331278 0.064225 0.497637 -0.865004 0.571638 -0.728840 -0.376859
8.215188 -6.121536 252.875901 -272.880389 0.745092 0.577509 0.333648 0.023924 0.476787 -0.878693 0.666533 -0.662689 -0.341434
-0.841381 -15.772315 15.777479 62.637739 0.972762 -0.082272 -0.216715 -0.129845 -0.967854 -0.215403 0.192027 -0.237675 0.952175
-0.718788 -15.220550 16.616628 68.254122 0.976170 -0.051871 -0.210716 -0.137286 -0.899616 -0.414541 0.168061 -0.433591 0.885299
-0.447830 -16.965540 10.774411 63.139971 0.968123 -0.093763 -0.232264 -0.144992 -0.965920 -0.214422 0.204244 -0.241263 0.948724
-0.752024 -15.830230 11.765988 -1.747821 0.967658 -0.117439 -0.223261 0.118642 0.992904 -0.008067 0.222624 -0.018682 0.974725
-1.207348 -14.889869 15.861534 -24.808462 0.973209 -0.117669 -0.197531 0.119569 0.992823 -0.002321 0.196386 -0.021360 0.980294
3.984410 -5.555429 -209.238754 -0.718671 0.828920 0.313591 0.463198 0.533781 -0.195870 -0.822626 0.167241 -0.929137 0.329750
0.895006 -5.918469 -187.877376 2.416075 0.841244 0.313580 0.440427 0.526423 -0.289398 -0.799454 0.123234 -0.904387 0.408531
4.236568 -5.715146 -210.531789 2.932624 0.815562 0.326384 0.477841 0.564362 -0.266135 -0.781452 0.127883 -0.906998 0.401248
-1.604069 -22.038197 8.319664 -138.539395 0.953824 0.232283 -0.190433 -0.203048 0.965830 0.161072 0.221340 -0.114967 0.968396
-2.377648 -22.830717 38.818408 -85.777580 0.956036 0.244138 -0.162453 -0.212464 0.958499 0.190102 0.202122 -0.147229 0.968230
-1.351277 -21.814123 23.544518 391.265987 0.956521 0.215751 -0.196265 0.118937 -0.902955 -0.412948 0.266312 -0.371650 0.889356
-0.997144 -19.367678 38.192950 25.048609 0.937089 -0.020220 -0.348504 0.180025 -0.827341 0.532070 0.299090 0.561336 0.771652
-1.326186 -18.957057 10.302509 17.797545 0.953845 -0.021482 -0.299531 0.184558 -0.744900 0.641141 0.236894 0.666830 0.706554
-1.407980 -18.712761 10.885456 -26.414770 0.948795 -0.005114 -0.315850 0.159053 -0.856144 0.491649 0.272928 0.516711 0.811492
-1.386404 -6.704124 -162.007821 17.473698 0.743110 -0.653569 0.143647 -0.572805 -0.510292 0.641479 0.345949 0.558972 0.753571
-1.762491 -6.696862 -125.828008 -18.059387 0.681725 -0.707200 0.187401 -0.674156 -0.507730 0.536399 0.284193 0.492014 0.822895
-3.268390 -6.427379 -69.043723 24.401697 0.679403 -0.720242 0.140228 -0.633342 -0.479109 0.607727 0.370526 0.501704 0.781667
0.922330 -6.975354 -196.783751 -13.295595 0.685253 -0.701155 0.197005 -0.673035 -0.506278 0.539173 0.278304 0.502061 0.818829
-3.655465 -6.764577 -104.176466 34.949435 0.736273 -0.667780 0.109418 -0.532883 -0.472520 0.701969 0.417058 0.575147 0.703753
2.041037 -6.951428 -272.105535 24.873790 0.756662 -0.637995 0.142919 -0.518762 -0.452807 0.725157 0.397932 0.622839 0.673589
2.292460 -6.843608 -237.688256 13.748344 0.718082 -0.675927 0.165771 -0.602242 -0.484124 0.634767 0.348802 0.555649 0.754713
-1.629077 -6.925273 -214.508691 21.202857 0.789303 -0.604937 0.105129 -0.465455 -0.477842 0.744996 0.400440 0.636960 0.658733
-4.997717 -11.520307 122.412056 -180.901956 0.999164 -0.031005 -0.026647 0.038665 0.928389 0.369592 -0.013280 0.370314 -0.928812
-4.178824 -11.471200 87.698953 -157.460091 0.999552 -0.013990 0.026474 0.003566 0.933469 0.358641 0.029730 0.358386 -0.933100
-4.579286 -9.058878 80.442038 -124.863887 0.992965 0.116045 0.023547 -0.118398 0.970200 0.211407 -0.001687 0.212708 -0.977114
-5.221814 -8.858172 69.182772 -125.092551 0.983621 0.179929 -0.010752 -0.172561 0.957221 0.232274 -0.052085 0.226614 -0.972591
-3.477810 -7.375017 -89.714945 -19.592711 0.863935 0.502363 0.035326 -0.503264 0.858651 0.097182 -0.018488 0.101738 -0.994639
-3.489351 -7.494887 -14.583183 -23.258788 0.901980 0.427084 0.063488 -0.430560 0.900694 0.058037 0.032396 0.079683 -0.996294
3.178187 -25.115008 205.925769 74.159005 0.900802 0.231697 -0.367250 -0.424615 0.293009 -0.856649 0.090876 -0.927611 -0.362325
1.860289 -20.009015 83.638942 174.267683 0.896006 0.228836 -0.380536 -0.443987 0.448141 -0.775916 0.007024 -0.864178 -0.503137
3.283880 -23.067260 177.002900 -55.128050 0.905322 0.213269 -0.367300 -0.424566 0.478170 -0.768828 -0.011664 -0.851980 -0.523444
-1.755767 -7.495024 -292.265457 -227.337818 -0.070381 0.011327 -0.997456 0.879589 0.472344 -0.056700 0.470500 -0.881342 -0.043207
29.658639 -13.590289 1645.701349 -427.171390 -0.337692 -0.181223 -0.923646 0.749419 0.541961 -0.380328 0.569505 -0.820632 -0.047204
1.543590 -9.272765 51.958353 -451.441759 0.113700 0.107318 -0.987702 0.906126 0.396498 0.147391 0.407440 -0.911741 -0.052162
0.945686 -6.854394 -89.247972 -312.700977 -0.352511 -0.139894 -0.925292 0.864042 0.331079 -0.379233 0.359397 -0.933175 0.004166
-0.052120 -2.544198 -68.163281 -33.872276 0.062004 0.984654 -0.163131 -0.274913 -0.140274 -0.951181 0.959468 -0.103824 -0.261997
-0.840825 -2.726358 6.203920 0.944447 0.014151 0.969735 -0.243751 -0.258893 -0.231909 -0.937653 0.965802 -0.076374 -0.247776
-0.214113 -2.465435 -58.594397 15.969177 0.014386 0.946256 -0.323098 -0.254155 -0.309058 -0.916454 0.967056 -0.095301 -0.236050
0.856538 -2.594298 -32.164697 -135.734628 0.566788 0.683566 -0.459880 -0.685758 0.700803 0.196498 0.456604 0.203994 0.865967
0.428546 -3.333299 5.339437 -166.754120 0.662499 0.571939 -0.483716 -0.610592 0.786400 0.093560 0.433905 0.233370 0.870210
-0.486636 -3.450170 41.672504 -151.549436 0.568219 0.654747 -0.498432 -0.694686 0.706354 0.135924 0.441066 0.269019 0.856207
-1.178764 -4.944181 16.093835 138.819846 0.498293 0.722531 -0.479221 0.781065 -0.614024 -0.113628 0.376353 0.317683 0.870308
-1.465446 -4.082348 27.204364 137.967012 0.420246 0.784968 -0.455213 0.813674 -0.548041 -0.193869 0.401656 0.288922 0.869020
-1.077677 -5.246181 -23.951474 98.152354 -0.577020 -0.641086 0.506019 0.734766 -0.677992 -0.021099 0.356604 0.359631 0.862264
5.476518 -1.385263 -319.622171 20.136947 0.706779 0.392359 0.588657 -0.284435 0.919490 -0.271359 -0.647734 0.024356 0.761477
4.254669 -1.754024 -265.374674 22.695440 0.691913 0.465883 0.551551 -0.365683 0.884844 -0.288664 -0.622521 -0.001962 0.782601
1.896330 -1.725076 -260.982068 15.502002 0.649661 0.535816 0.539298 -0.414857 0.844328 -0.339122 -0.637051 -0.003417 0.770814
-0.686844 -11.671742 7.940510 -61.758123 0.969395 0.210738 -0.125949 -0.072253 0.735187 0.674003 -0.234634 0.644274 -0.727913
-0.085399 -10.692097 -3.490932 -97.790019 0.967842 0.207861 -0.141687 -0.121522 0.879485 0.460150 -0.220259 0.428135 -0.876463
-0.364314 -10.408045 4.957577 -93.937553 0.963689 0.242050 -0.112764 -0.158720 0.858827 0.487057 -0.214737 0.451473 -0.866060
1.302878 -4.606033 198.919834 96.153936 -0.610522 0.155634 -0.776557 -0.265164 0.883748 0.385586 0.746291 0.441324 -0.498279
-0.409113 -5.881910 50.527953 -11.172376 -0.492048 -0.172361 -0.853335 -0.426480 0.902253 0.063674 0.758949 0.395261 -0.517460
0.458419 -4.012643 24.547083 -193.079546 -0.575195 0.213831 -0.789574 -0.174893 0.910765 0.374059 0.799102 0.353248 -0.486469
-0.063687 -7.648474 113.659512 455.421450 -0.510393 -0.175856 -0.841768 -0.483412 0.868234 0.111724 0.711205 0.463944 -0.528151
1.376891 -5.901229 286.238822 481.859914 -0.638468 0.068552 -0.766590 -0.385001 0.834004 0.395236 0.666433 0.547483 -0.506092
-26.619111 -272.370955 -978.409317 -15554.546916 0.044420 0.998624 0.027870 -0.847740 0.052439 -0.527813 0.528548 0.000181 -0.848903
294.278177 -6166.659239 14798.781589 -520695.870606 0.248517 0.968355 -0.022963 -0.877974 0.215182 -0.427620 0.409147 -0.126431 -0.903667
-12.955016 -453.212569 -219.818722 -35522.024269 0.091321 0.995736 -0.013064 -0.993689 0.091975 0.064201 -0.065129 -0.007119 -0.997851
-56.429798 -322.038589 -2729.971180 13001.762543 0.085209 0.995015 0.051818 0.996190 -0.086048 0.014164 0.018552 0.050413 -0.998556
3.385866 -16.279976 7.579118 317.924883 0.491115 0.829447 -0.266129 0.562483 -0.068680 0.823952 -0.665147 0.554347 0.500279
4.572351 -19.992718 -57.122337 347.822576 0.538531 0.809525 -0.233781 0.543581 -0.121783 0.830475 -0.643819 0.574315 0.505627
3.641498 -12.554180 19.162347 77.264054 0.568185 0.808627 -0.152606 0.594502 -0.275139 0.755557 -0.568976 0.520020 0.637060
1.013608 -19.741890 73.116986 -443.760250 0.925231 -0.281835 0.254001 0.087823 0.810383 0.579281 0.369100 0.513662 -0.774543
0.742825 -15.556171 82.084853 -290.817335 0.915322 -0.295716 0.273382 0.135679 0.865587 0.482027 0.379179 0.404117 -0.832414
-0.174242 -21.035065 79.680889 -454.959602 0.922472 -0.288495 0.256545 0.064178 0.769862 0.634975 0.380692 0.569282 -0.728692
1.964601 -14.961193 39.562992 -269.847151 0.933698 -0.291525 0.207898 0.173217 0.875910 0.450308 0.313376 0.384440 -0.868333
0.828259 -21.988920 76.991041 -401.221191 0.922842 -0.279404 0.265134 -0.012913 0.665512 0.746275 0.384962 0.692118 -0.610555
1.887022 -20.783589 40.564912 -425.965966 0.939219 -0.264117 0.219341 0.080531 0.790542 0.607090 0.333741 0.552527 -0.763761
-8.878987 -11.552159 47.010755 189.338732 0.364676 0.897024 0.249717 -0.870109 0.423784 -0.251631 0.331545 0.125517 -0.935053
-6.468840 -10.264012 66.959178 54.842883 -0.224453 0.965226 0.134016 -0.918508 -0.163610 -0.359964 0.325520 0.203890 -0.923291
6.715073 -11.026592 -119.153767 -220.644835 -0.163316 0.982613 -0.088314 -0.001153 0.089326 0.996002 -0.986573 -0.162764 0.013455
7.679919 -9.545144 15.980725 -223.037382 -0.009562 0.990335 -0.138366 -0.110865 0.136469 0.984421 -0.993789 -0.024753 -0.108489
6.319090 -7.134574 31.365828 -24.460082 0.012632 0.988875 -0.148213 -0.168786 0.148207 0.974446 -0.985572 -0.012708 -0.168781
-5.765916 -8.747044 -7.209824 28.111709 0.345757 0.934003 -0.089951 0.523659 -0.112525 0.844464 -0.778610 0.339083 0.528005
-6.030841 -8.556928 -20.395407 19.222014 0.384205 0.908347 -0.165206 0.644257 -0.135607 0.752691 -0.661301 0.395622 0.637310
-6.684055 -8.794705 -48.796436 3.185479 0.443065 0.854996 -0.269585 0.656132 -0.104355 0.747396 -0.610888 0.508028 0.607226
0.816656 -9.317161 -13.953127 197.269873 -0.553207 0.828635 0.085595 0.828173 0.535967 0.163916 0.089951 0.161567 -0.982754
0.485386 -10.982750 51.286591 247.533455 -0.564554 0.815384 0.128166 0.825380 0.558644 0.081634 -0.005036 0.151873 -0.988387
0.619734 -12.027042 2.672863 277.978733 -0.526134 0.844851 0.097003 0.850376 0.523573 0.052262 -0.006635 0.109986 -0.993911
0.943836 -8.073465 55.738032 146.249960 -0.629520 0.767176 0.123063 0.772481 0.600946 0.205273 0.083526 0.224287 -0.970937
0.579289 -9.515072 -62.051443 199.062609 -0.540565 0.839737 0.051293 0.834441 0.527387 0.159913 0.107233 0.129244 -0.985798
0.738970 -7.705064 -108.995242 -127.511269 -0.555924 0.830515 0.034544 -0.809563 -0.531537 -0.249150 0.188561 0.166474 -0.967849
1.326298 -7.285828 -40.045388 101.973998 -0.602086 0.795840 0.064275 0.779652 0.568661 0.262234 0.172146 0.207999 -0.962861
4.366730 -5.244937 255.126742 154.595433 -0.391967 0.762095 -0.515338 0.399390 0.645584 0.650929 -0.828764 -0.049322 0.557421
-2.859613 -8.600045 56.779725 -0.692724 -0.081999 -0.535871 -0.840309 0.996597 -0.051151 -0.064630 -0.008349 -0.842749 0.538242
-1.937654 -8.712296 133.126379 41.926229 -0.089648 -0.488973 -0.867680 0.993055 0.022761 -0.115429 0.076191 -0.872002 0.483536
-2.964574 -8.529089 4.068902 -33.711107 -0.022375 -0.558875 -0.828950 0.982168 -0.167105 0.086151 -0.186669 -0.812241 0.552648
-3.405901 -8.198257 48.296328 15.382963 -0.157418 -0.576625 -0.801700 0.975944 0.033161 -0.215483 0.150838 -0.816336 0.557534
-3.755468 -8.463122 18.682877 -20.602150 -0.086769 -0.586992 -0.804930 0.995513 -0.081699 -0.047735 -0.037742 -0.805460 0.591447
2.121828 -8.973301 85.478160 -17.017987 -0.486059 0.797213 0.358048 -0.504787 -0.590552 0.629633 -0.713398 -0.125301 -0.689466
1.812604 -7.958133 11.965728 -25.431419 -0.514480 0.803115 0.300527 -0.514087 -0.569378 0.641500 -0.686312 -0.175542 -0.705805
0.600932 -7.603615 -62.740294 12.365569 -0.559583 0.781422 0.276128 -0.409721 -0.550449 0.727416 -0.720413 -0.293914 -0.628187
-0.107231 -20.808014 -0.013029 135.341120 -0.299196 0.728082 -0.616748 0.708236 0.602599 0.367799 -0.639439 0.326760 0.695949
-0.195747 -21.711955 -2.226948 84.140013 -0.317751 0.711684 -0.626530 0.678031 0.632451 0.374539 -0.662804 0.305796 0.683506
-0.236555 -20.628587 -2.110007 407.344372 -0.314450 0.720788 -0.617726 0.614523 0.650546 0.446263 -0.723521 0.239279 0.647505
-0.118236 -19.575180 8.637480 415.426761 -0.286573 0.719427 -0.632694 0.635277 0.637023 0.436606 -0.717147 0.276816 0.639589
-0.182820 -6.410424 -20.369498 -30.099420 -0.147812 0.977905 -0.147831 0.862427 0.200611 0.464731 -0.484119 0.058800 0.873024
-0.030316 -5.989607 -6.251431 -81.814281 -0.166168 0.971219 -0.170653 0.790861 0.234627 0.565233 -0.589005 0.041039 0.807087
0.051700 -6.709179 -10.993602 -30.438079 -0.137898 0.979814 -0.144740 0.864415 0.190397 0.465334 -0.483499 0.060946 0.873221
-0.123550 -5.826011 -9.901363 -86.677223 -0.193016 0.963889 -0.183477 0.782652 0.264023 0.563691 -0.591777 0.034797 0.805350
-0.307788 -6.028336 -8.835377 -17.355889 -0.168201 0.970548 -0.172469 0.862749 0.229576 0.450509 -0.476836 0.073021 0.875954
13.905091 -8.620220 909.303553 -295.774224 0.405390 0.857905 0.315686 0.914004 -0.386440 -0.123537 0.016010 0.338619 -0.940787
11.715327 -8.269830 587.464391 -196.151455 0.337781 0.893364 0.296318 0.934093 -0.356859 0.011090 0.115652 0.273042 -0.955025
5.586416 -5.957933 514.120027 -114.100728 0.463622 0.815240 0.347044 0.879629 -0.470502 -0.069857 0.106334 0.337657 -0.935244
13.634387 -10.609280 374.667761 -309.076214 0.328340 0.942812 0.057432 0.944367 -0.326436 -0.040144 -0.019101 0.067417 -0.997542
15.552360 -8.592286 337.906271 309.788774 0.405691 0.912843 0.046187 -0.905629 0.394630 0.155249 -0.123492 0.104811 -0.986795
-0.432529 -8.067977 -21.310569 75.797863 0.828605 -0.382177 0.409091 0.553591 0.450522 -0.700405 -0.083374 -0.806828 -0.584874
-0.261574 -8.099911 1.007349 20.714513 0.859367 -0.346655 0.375924 0.510868 0.549787 -0.660869 -0.022416 -0.759977 -0.649564
-1.354647 -11.235245 38.112014 90.333097 -0.180852 0.955021 0.235005 -0.516239 -0.295561 0.803829 -0.837132 -0.024055 -0.546472
-0.668334 -10.620802 28.972748 22.596429 -0.169990 0.966671 0.191441 -0.362795 -0.242014 0.899894 -0.916233 -0.083519 -0.391843
-0.523950 -20.513301 5.994899 149.761001 0.174248 -0.466471 0.867204 -0.628965 0.624891 0.462509 -0.757655 -0.626032 -0.184508
-0.543609 -21.662331 -5.927255 -76.869592 -0.178510 0.475086 -0.861642 0.788981 -0.454132 -0.413852 -0.587915 -0.753696 -0.293767
14.596902 -21.217265 -1211.612529 -623.621753 0.936678 -0.350188 0.001313 0.264377 0.709598 0.653127 0.229649 0.611423 -0.757247
32.056412 -16.248473 -3056.554905 -276.298738 0.939550 -0.342405 -0.002351 0.293063 0.800569 0.522688 0.177089 0.491781 -0.852521
29.443366 -21.831560 -2510.665257 -653.069685 0.923060 -0.367202 0.114555 0.224847 0.756716 0.613861 0.312096 0.540873 -0.781058
6.912109 -3.428554 -90.348540 383.317346 -0.582284 0.721973 -0.373766 0.450449 0.669231 0.590953 -0.676788 -0.175740 0.714894
6.907893 -5.184946 -112.802413 171.761918 -0.608263 0.705964 -0.362810 0.376179 0.658896 0.651418 -0.698932 -0.259752 0.666351
6.434629 -4.213017 79.833262 177.850981 -0.497818 0.759939 -0.417935 0.432603 0.635242 0.639783 -0.751686 -0.137695 0.644987
6.889462 -6.423007 -42.422035 23.142955 -0.589471 0.703120 -0.397675 0.344499 0.664105 0.663540 -0.730647 -0.254139 0.633695
6.542566 -2.906424 81.719875 168.272652 -0.499987 0.753039 -0.427721 0.465789 0.650196 0.600238 -0.730105 -0.100883 0.675847
5.901673 -8.154362 162.785766 347.356408 -0.462408 0.758986 -0.458386 0.383006 0.637237 0.668757 -0.799678 -0.133674 0.585360
-0.561975 -12.670154 -4.813831 71.431293 0.831152 -0.321991 0.453329 0.406616 0.908051 -0.100534 -0.379275 0.267890 0.885655
-0.297226 -12.730740 1.064793 -38.641126 0.849537 -0.287678 0.442187 -0.425400 -0.869286 0.251746 -0.311965 0.401973 0.860869
-0.125330 -13.531316 7.490983 -8.613866 0.835802 -0.321813 0.444827 -0.461795 -0.850274 0.252546 -0.296952 0.416498 0.859272
1.650019 -46.723252 -36.085495 84.289612 0.095652 -0.374091 0.922446 0.392489 0.865791 0.310416 -0.914770 0.332358 0.229641
2.903026 -61.693814 -12.891659 546.415369 0.099158 -0.364146 0.926048 0.139240 0.926556 0.349437 -0.985282 0.094294 0.142579
0.802426 -35.081433 -6.860776 -712.628583 0.076548 -0.409166 0.909243 0.563297 0.770191 0.299169 -0.822701 0.489273 0.289439
1.694231 -60.216990 7.877918 567.405911 0.128405 -0.352586 0.926928 0.523582 0.817889 0.238579 -0.842244 0.454688 0.289628
11.877483 -240.594523 -554.509455 -12398.381354 0.307233 0.310299 -0.899624 0.871762 -0.470877 0.135302 -0.381628 -0.825826 -0.415176
12.710783 -431.842384 -1028.213270 34166.850486 0.396121 0.341311 -0.852405 0.820660 0.284780 0.495397 0.411832 -0.895772 -0.167293
6.309788 -487.365478 -32.468604 22340.938549 -0.449472 0.608635 -0.653864 0.871032 0.461005 -0.169639 0.198186 -0.645785 -0.737350
11.372966 -236.371094 -336.264871 14940.790623 -0.298265 0.726198 -0.619415 0.849263 -0.094285 -0.519483 -0.435649 -0.680990 -0.588611
-1.627838 -4.368983 12.736019 -51.217952 -0.232786 0.967738 0.096408 -0.959254 -0.212155 -0.186608 0.160134 0.135920 -0.977693
-1.663211 -5.046926 28.543148 79.380648 -0.300695 0.949466 0.089980 0.947081 0.286157 0.145434 0.112336 0.128950 -0.985268
-1.301950 -4.559177 29.607092 86.586164 -0.349713 0.931507 0.099978 0.929417 0.331533 0.162079 0.117832 0.149602 -0.981700
4.021556 -9.592077 292.629579 126.424662 0.916893 -0.130101 0.377333 -0.395926 -0.416065 0.818616 -0.050493 0.899980 0.432998
4.524175 -8.980088 130.159916 112.625276 0.870383 -0.090420 0.484002 -0.474057 -0.419522 0.774126 -0.133053 0.903231 0.408009
2.455409 -11.127492 30.301881 105.318467 0.907356 -0.055370 0.416702 -0.415703 -0.265398 0.869917 -0.062425 0.962548 0.263828
4.096955 -8.660047 -149.835254 130.590998 0.814495 -0.056578 0.577406 -0.542314 -0.427865 0.723068 -0.206141 0.902070 0.379177
2.299665 -10.880227 -148.055053 133.296280 0.845285 -0.030300 0.533457 -0.518905 -0.284611 0.806061 -0.127403 0.958164 0.256300
3.413593 -1.324310 244.462828 11.135629 0.935029 0.217247 0.280223 -0.175082 0.970131 -0.167907 -0.308331 0.107936 0.945136
3.614175 -1.252495 329.686364 19.136108 0.956179 0.168939 0.239128 -0.129495 0.976531 -0.172099 -0.262590 0.133592 0.955615
0.996359 -1.746336 233.294852 44.107965 0.956098 -0.071525 0.284184 0.097053 0.992314 -0.076769 -0.276509 0.100979 0.955691
2.858083 -11.094472 -50.978452 456.883328 -0.156811 0.765678 -0.623817 0.441586 -0.510622 -0.737745 0.883410 0.391155 0.258041
1.745274 -16.188269 -20.689906 650.355455 -0.082502 0.729677 -0.678797 0.478852 -0.568317 -0.669116 0.874010 0.380247 0.302520
2.529643 -18.585286 -41.786633 1179.630841 -0.109583 0.716067 -0.689376 0.527861 -0.545747 -0.650787 0.842232 0.435210 0.318179
2.038872 -12.714787 -32.422799 200.278479 -0.122310 0.776208 -0.618500 0.375972 -0.540498 -0.752667 0.918523 0.324597 0.225724
5.507931 -18.396615 -142.230406 1899.603756 -0.167396 0.714919 -0.678873 0.493849 -0.535166 -0.685354 0.853283 0.449987 0.263478
4.066284 -6.430371 -68.530645 187.271217 -0.246316 0.782399 -0.571997 0.440519 -0.435316 -0.785139 0.863291 0.445368 0.237436
3.249803 -8.766133 -63.099578 -43.589522 -0.218405 0.820538 -0.528220 0.359013 -0.435765 -0.825360 0.907419 0.369901 0.199411
2.268019 -7.621128 47.546204 -313.071972 -0.423360 0.689550 0.587611 0.719303 0.650167 -0.244716 0.550789 -0.319068 0.771250
25.931081 -10.355291 -938.622603 -278.820141 0.037302 0.796530 -0.603447 -0.645525 -0.441761 -0.623013 0.762827 -0.412780 -0.497701
15.672398 -12.874029 -630.388147 -132.972191 0.220116 0.722097 -0.655839 -0.727811 -0.326080 -0.603294 0.649493 -0.610122 -0.453774
16.235759 -11.537216 -681.688297 -317.468997 0.216088 0.712729 -0.667325 -0.610171 -0.434995 -0.662171 0.762232 -0.550270 -0.340890
8.000203 -13.891555 -179.651520 -295.209437 0.288527 0.687153 -0.666763 -0.652059 -0.368914 -0.662360 0.701121 -0.625878 -0.341623
32.512680 -8.409325 -1531.838430 -200.233152 0.104450 0.741497 -0.662776 -0.570535 -0.501180 -0.650621 0.814604 -0.446094 -0.370703
7.400820 -11.234375 -264.251145 -245.622137 0.229740 0.671611 -0.704385 -0.596337 -0.474832 -0.647238 0.769156 -0.568747 -0.291419
10.425870 -9.140164 -502.386880 -92.090641 0.219088 0.676503 -0.703096 -0.560084 -0.502857 -0.658362 0.798941 -0.538032 -0.268728
17.680687 -8.193431 -1000.210418 -146.880795 0.186587 0.704323 -0.684919 -0.552119 -0.501479 -0.666095 0.812619 -0.502442 -0.295301
-2.669439 -4.794354 19.305490 132.390976 0.952585 0.099123 -0.287675 0.243971 -0.813795 0.527462 0.181825 0.572637 0.799392
-1.941082 -3.023109 -58.488530 3.487020 0.905565 0.209881 0.368649 -0.243554 0.968761 0.046736 -0.347323 -0.132108 0.928393
-0.810620 -3.406853 -63.960169 11.157942 0.832232 0.386190 0.397803 -0.438803 0.897361 0.046844 -0.338882 -0.213542 0.916274
0.079881 -3.494416 -22.171993 -6.023447 0.771493 0.509682 0.380818 -0.556610 0.830621 0.015937 -0.308193 -0.224263 0.924513
-4.927039 -9.016706 60.427246 73.045209 0.522357 0.810909 0.263760 -0.619969 0.573524 -0.535452 0.585476 -0.116174 -0.802323
-4.725164 -6.720817 -13.383364 81.878378 0.612478 0.758570 0.222356 -0.684268 0.649610 -0.331337 0.395787 -0.050786 -0.916937
-4.764453 -7.994616 25.571551 72.654602 0.547481 0.797684 0.252914 -0.674784 0.599570 -0.430327 0.494905 -0.064933 -0.866518
1.769651 -13.048912 -27.101735 -193.898589 0.937576 0.254715 -0.236795 -0.208342 -0.133814 -0.968859 0.278470 -0.957713 0.072393
