15707
31403
-6.191768 -7.619551 32.026325 -159.452126 -0.176106 0.969400 0.171030 0.984368 0.173014 0.032938 0.002339 0.174157 -0.984715
-6.291017 -8.657696 87.971038 -112.589543 -0.446107 0.875713 0.184701 0.890252 0.413014 0.192017 0.091868 0.250091 -0.963854
-7.449799 -10.969902 14.692011 -280.107902 0.242525 0.937693 0.248823 0.961132 -0.267115 0.069821 0.131935 0.222219 -0.966029
-4.942432 -7.278554 -34.577618 -82.001614 0.753012 -0.637491 -0.163029 0.657653 0.737266 0.154697 -0.021578 0.223705 -0.974418
-4.434271 -11.044966 -160.568394 -354.772221 0.340723 0.934718 0.101042 0.940092 -0.340051 -0.024333 0.011615 0.103280 -0.994585
-4.959686 -6.773894 -72.819812 -154.791790 0.047911 0.992180 0.115250 0.996253 -0.039150 -0.077117 -0.072002 0.118513 -0.990339
-4.111524 -6.455899 35.002986 -103.221591 -0.700372 0.695612 0.160010 0.710001 0.701966 0.056055 -0.073330 0.152867 -0.985522
-0.545211 -3.526610 -289.136770 -146.090537 -0.670531 0.234491 0.703848 -0.117141 0.903368 -0.412558 -0.732575 -0.359082 -0.578268
1.486568 -1.443777 -358.749796 -237.886746 -0.590310 -0.090902 0.802042 -0.344443 0.926996 -0.148449 -0.729996 -0.363889 -0.578525
-0.106521 -2.900151 -205.137960 -232.132330 -0.503103 0.860618 0.078889 -0.407486 -0.316724 0.856528 -0.762130 -0.398776 -0.510035
-5.629654 -8.860163 11.892596 -55.823613 -0.206992 0.967027 -0.148367 -0.250713 0.094156 0.963472 -0.945673 -0.236628 -0.222957
-5.483349 -8.015043 2.830977 -16.904535 -0.181737 0.975075 -0.127284 -0.364977 0.053308 0.929489 -0.913106 -0.215379 -0.346192
-5.373214 -8.719681 -20.647850 -55.690378 -0.264393 0.953122 -0.147158 -0.276333 0.071321 0.958412 -0.923978 -0.294062 -0.244523
-5.401143 -8.399220 29.919717 -30.532773 -0.134329 0.983685 -0.119661 -0.260720 0.081417 0.961975 -0.956023 -0.160419 -0.245530
-5.413687 -9.748373 -0.619878 -74.398915 -0.269143 0.959347 -0.084937 -0.105835 0.058196 0.992679 -0.957267 -0.276162 -0.085870
-5.502258 -9.059756 26.050083 -57.494836 -0.188746 0.974632 -0.120282 -0.156492 0.091067 0.983472 -0.969477 -0.204449 -0.135334
-5.482670 -7.501180 -3.020211 -28.086942 -0.834614 -0.487788 0.255893 -0.419738 0.864021 0.278006 -0.356706 0.124620 -0.925868
-4.949231 -9.823958 -43.509358 -108.443608 0.540324 0.813445 -0.215306 -0.699533 0.576444 0.422334 -0.467657 0.077584 -0.880498
-5.318858 -9.685979 -24.528214 -149.618955 0.507390 0.854626 -0.110320 -0.721896 0.491473 0.487155 -0.470554 0.167538 -0.866320
-5.373888 -10.990295 -1.044591 -143.800791 0.447172 0.894070 -0.026001 -0.714599 0.374590 0.590788 -0.537946 0.245603 -0.806408
-5.992363 -9.146402 -6.503039 -182.011251 0.561694 0.827268 -0.011321 -0.727788 0.500565 0.468785 -0.393478 0.255074 -0.883240
-1.047626 -7.170449 -9.635304 -73.063655 0.230674 0.973002 0.007550 -0.814895 0.188939 0.547950 -0.531730 0.132550 -0.836477
-0.338721 -5.952658 -22.656615 -86.382745 0.215031 0.976599 0.004009 -0.869619 0.189605 0.455864 -0.444436 0.101511 -0.890040
-0.514261 -7.453054 -36.966613 -65.813663 0.140732 0.989409 0.035560 -0.821944 0.096739 0.561293 -0.551908 0.108220 -0.826853
-1.092666 -8.237735 -38.310222 -89.491172 0.157603 0.987150 0.026374 -0.791616 0.110329 0.600976 -0.590344 0.115594 -0.798832
-0.653235 -9.022131 -55.047232 -72.144178 0.090951 0.995236 0.035118 -0.753544 0.045723 0.655806 -0.651076 0.086109 -0.754113
-1.354034 -8.405277 48.099565 11.816270 0.185943 0.964163 0.189249 -0.481649 -0.078437 0.872847 -0.856411 0.253451 -0.449803
-1.566723 -8.682938 48.932729 -7.767231 0.208652 0.968909 0.132965 -0.574083 0.011273 0.818719 -0.791766 0.247161 -0.558586
-1.781330 -9.006726 4.863266 40.553535 0.145010 0.977046 0.156055 -0.462025 -0.072604 0.883890 -0.874932 0.200275 -0.440891
-0.583290 -7.863440 95.133513 -16.770141 0.251012 0.958158 0.137569 -0.600171 0.042549 0.798739 -0.759465 0.283058 -0.585739
-1.473328 -8.224964 5.273114 71.943352 0.130039 0.968240 0.213546 -0.339600 -0.158854 0.927059 -0.931537 0.193074 -0.308156
-1.018164 -7.649742 19.530493 32.486671 0.144284 0.958449 0.246086 -0.362153 -0.180288 0.914517 -0.920884 0.221071 -0.321093
-0.379292 -7.789593 61.554137 -5.230053 0.208468 0.962106 0.175763 -0.513921 -0.045142 0.856649 -0.832122 0.268912 -0.485036
0.517847 -9.043610 -20.673508 -115.747767 0.318096 0.943469 -0.093173 0.929883 -0.329639 -0.163267 0.184751 0.034705 0.982172
1.508105 -9.964652 -39.963877 96.111769 0.358198 0.925897 -0.120034 0.921825 -0.371121 -0.111839 0.148098 0.070590 0.986450
1.294473 -10.161334 -79.458542 -151.571830 0.420065 0.899980 -0.116541 0.876213 -0.435654 -0.206051 0.236213 0.015560 0.971577
0.954602 -8.742049 -19.288283 93.218069 0.308247 0.947575 -0.084179 0.942888 -0.316066 -0.105183 0.126275 0.046949 0.990884
1.846371 -15.043440 11.201450 179.816748 0.250358 0.920535 -0.299894 0.402731 0.182665 0.896907 -0.880414 0.345324 0.324996
1.882854 -14.760283 4.526589 -21.160138 0.244143 0.928371 -0.280215 0.197409 0.235329 0.951656 -0.949433 0.287657 0.125815
1.631735 -15.503845 14.832777 -26.876712 0.274612 0.916709 -0.290230 0.282385 0.211639 0.935664 -0.919156 0.338901 0.200746
1.308699 -6.409939 106.079020 145.550702 -0.648654 0.535373 0.540947 0.688677 0.715448 0.117722 -0.323994 0.448899 -0.832777
3.062729 -6.294235 -79.085811 163.001086 0.729091 -0.491249 -0.476552 0.627183 0.758290 0.177869 -0.273986 0.428568 -0.860965
2.081148 -4.290751 -122.232777 80.059041 0.736503 -0.449871 -0.505153 0.617971 0.751189 0.232007 -0.275092 0.483044 -0.831260
0.141476 -3.927191 97.481774 63.074880 -0.635593 0.544290 0.547512 0.718451 0.676587 0.161427 -0.282577 0.495962 -0.821080
-0.615174 -5.282956 75.220741 89.438437 -0.567320 0.608519 0.554845 0.765152 0.638610 0.081969 -0.304450 0.471043 -0.827906
2.974828 -9.931290 -25.768926 -78.172490 0.281274 0.886807 -0.366687 -0.671385 -0.091167 -0.735480 0.685658 -0.453059 -0.569746
2.608456 -9.041889 1.559029 -106.180870 0.264652 0.867444 -0.421307 -0.689769 -0.135038 -0.711325 0.673927 -0.478858 -0.562599
1.936483 -8.260143 -41.907394 53.039029 0.308339 0.874242 -0.375005 -0.590137 -0.133394 -0.796206 0.746100 -0.466806 -0.474792
3.066416 -13.495849 -18.968541 -269.039361 0.292543 0.865608 -0.406377 -0.756178 -0.050721 -0.652397 0.585332 -0.498147 -0.639716
2.907919 -10.633898 -46.267315 107.286948 0.292309 0.895502 -0.335607 -0.535740 -0.137359 -0.833136 0.792173 -0.423331 -0.439605
3.613638 -14.666219 10.051782 -301.188733 0.283077 0.900391 -0.330400 -0.750249 -0.006726 -0.661121 0.597490 -0.435030 -0.673613
3.115681 -10.433293 -1.572098 -74.203879 0.250696 0.917144 -0.309838 -0.652747 -0.076208 -0.753733 0.714893 -0.391203 -0.579558
0.396002 -9.425354 -23.619183 8.529367 0.336442 0.939916 -0.058010 0.398367 -0.197872 -0.895629 0.853294 -0.278217 0.441004
0.282696 -9.680891 -20.276607 26.091260 0.318598 0.947162 -0.037144 0.555376 -0.218281 -0.802441 0.768149 -0.235027 0.595575
0.549146 -9.693326 -17.952019 16.250521 0.306315 0.951187 -0.037619 0.501209 -0.194752 -0.843126 0.809296 -0.239407 0.536399
0.770613 -9.450653 -9.897011 -1.901431 0.300954 0.952398 -0.048634 0.360191 -0.160744 -0.918925 0.883000 -0.259037 0.391422
0.691783 -9.485955 -9.135447 -9.379318 0.314820 0.946448 -0.071579 0.241601 -0.152837 -0.958264 0.917887 -0.284387 0.276779
1.030933 -6.090253 -14.055949 -48.927526 -0.076990 0.987683 0.136218 0.857950 -0.003973 0.513717 -0.507931 -0.156419 0.847077
1.759264 -5.590294 -19.150977 -34.358835 -0.073097 0.989887 0.121572 0.803117 -0.013850 0.595660 -0.591321 -0.141177 0.793983
1.391282 -6.187470 -17.534007 -56.310317 -0.027265 0.988962 0.145640 0.854910 -0.052437 0.516119 -0.518059 -0.138581 0.844044
0.708710 -6.833153 -11.528289 -53.139192 -0.038810 0.987384 0.153512 0.914585 -0.026786 0.403505 -0.402526 -0.156059 0.902008
0.656795 -6.190029 -11.226658 -56.220704 -0.085625 0.984977 0.149961 0.895649 0.010163 0.444646 -0.436442 -0.172385 0.883064
1.044494 -6.725289 -12.719823 -46.638935 -0.023115 0.988497 0.149465 0.903749 -0.043261 0.425872 -0.427439 -0.144923 0.892353
-0.793850 -26.908197 -15.468705 261.719739 0.162226 0.962608 0.216951 -0.475760 -0.116317 0.871850 -0.864486 0.244654 -0.439101
-0.932020 -29.324789 -5.031582 -35.447350 0.167974 0.958968 0.228396 -0.733342 -0.033274 0.679046 -0.658783 0.281554 -0.697662
-0.973718 -28.511430 -16.802886 -42.319535 0.155096 0.963456 0.218400 -0.741070 -0.032724 0.670630 -0.653269 0.265861 -0.708912
-0.722385 -28.877559 -2.411063 192.182500 0.159642 0.960826 0.226558 -0.601302 -0.087368 0.794231 -0.782912 0.263022 -0.563798
-0.943515 -27.384039 8.132081 373.902495 0.174470 0.959455 0.221373 -0.280267 -0.167133 0.945260 -0.943934 0.226963 -0.239744
-0.843478 -23.770861 -20.907183 392.708515 0.169090 0.960796 0.219727 -0.124408 -0.200347 0.971794 -0.977717 0.191656 -0.085655
-1.471951 -20.733999 1.516898 -569.145023 0.297118 0.915246 0.272112 0.577819 -0.399223 0.711862 -0.760162 0.054276 0.647463
-1.018110 -14.440510 14.146872 -349.271077 0.300643 0.922306 0.242828 0.378086 -0.349001 0.857467 -0.875594 0.165981 0.453636
-1.187519 -17.026045 44.097052 -398.885498 0.327561 0.898191 0.293185 0.381357 -0.409591 0.828735 -0.864448 0.159653 0.476698
-1.358290 -17.815990 -5.115553 -388.928761 0.314090 0.891067 0.327639 0.558610 -0.452497 0.695127 -0.767660 0.035310 0.639884
-1.109111 -16.291336 0.592319 -362.781887 0.303010 0.891451 0.336899 0.445668 -0.445033 0.776741 -0.842357 0.085215 0.532140
-0.755444 -13.374692 28.481084 -136.212619 0.299361 0.913086 0.276872 0.300301 -0.365598 0.880998 -0.905650 0.180591 0.383646
0.750051 -4.102168 31.560368 -60.888517 0.515164 0.843712 -0.150852 -0.765190 0.532036 0.362520 -0.386121 0.071327 -0.919686
1.161500 -3.282987 22.268022 -52.602605 0.567577 0.800620 -0.192001 -0.742782 0.598532 0.300055 -0.355149 0.027690 -0.934400
0.892480 -3.163753 2.363825 -49.967810 0.531267 0.829473 -0.172421 -0.773520 0.557924 0.300645 -0.345575 0.026351 -0.938021
0.280666 -3.868766 -1.602926 -80.871609 0.434361 0.893945 -0.110419 -0.830643 0.444950 0.334741 -0.348371 0.053679 -0.935818
0.250748 -4.464089 12.613333 -94.974277 0.455059 0.882187 -0.121105 -0.812490 0.467010 0.348944 -0.364391 0.060393 -0.929286
-0.099544 -19.216104 409.240412 -259.232762 -0.080254 -0.559438 -0.824978 0.439576 0.722957 -0.533016 0.894613 -0.405417 0.187895
0.635790 -189.243942 -210.375250 -10172.400521 0.337156 0.841432 0.422278 0.473070 0.236380 -0.848722 0.813960 -0.485919 0.318359
-21.095343 -127.686241 200.185217 -8798.618696 0.226125 0.914886 0.334442 0.403851 0.224388 -0.886879 0.886438 -0.335610 0.318738
2.489815 -39.343913 -511.627366 2025.182044 0.295777 -0.173016 -0.939458 0.337112 0.939091 -0.066813 0.893796 -0.296941 0.336087
-0.180009 -11.731860 -4.401331 -25.547218 0.126406 0.952757 -0.276179 -0.879429 -0.021175 -0.475559 0.458940 -0.302994 -0.835206
-0.240787 -11.682129 -2.116013 34.141780 0.116268 0.952707 -0.280769 -0.927212 0.002782 -0.374526 0.356032 -0.303878 -0.883685
-0.089272 -10.846479 8.855267 -22.143140 0.129666 0.957046 -0.259327 -0.862316 -0.020267 -0.505964 0.489486 -0.289228 -0.822648
-0.167606 -10.448097 -31.365937 -127.240124 0.167077 0.947984 -0.270946 -0.729430 -0.066040 -0.680860 0.663338 -0.311392 -0.680454
0.031380 -15.020308 42.365773 -77.384856 0.344097 0.897774 -0.274952 0.329088 0.158942 0.930827 -0.879374 0.410778 0.240755
-0.401665 -14.239628 37.488156 -131.411809 0.345911 0.902266 -0.257412 0.232980 0.183159 0.955078 -0.908882 0.390344 0.146854
-0.790495 -14.913876 35.566378 -7.152327 0.334433 0.902732 -0.270609 0.459121 0.094698 0.883312 -0.823020 0.419651 0.382794
-0.283180 -1.654741 7.445823 -46.107263 0.984233 0.130235 0.119684 0.085012 -0.941681 0.325591 -0.155108 0.310283 0.937905
-0.285691 -1.245908 3.778539 -54.972336 0.984423 0.130124 0.118235 0.083157 -0.937113 0.338975 -0.154909 0.323863 0.933336
-0.651016 -1.184534 11.723538 -21.438596 0.915986 0.400892 0.015971 0.367870 -0.855090 0.365366 -0.160129 0.328794 0.930727
-0.745508 -1.618741 28.073956 -35.094564 0.953847 0.293682 0.062664 0.254793 -0.901941 0.348687 -0.158922 0.316628 0.935142
-1.092264 -1.668919 -39.036312 32.298280 -0.370297 -0.893131 0.255339 0.912611 -0.298512 0.279340 -0.173265 0.336464 0.925619
-32.424573 -98.076390 188.728953 -3244.277975 0.769341 0.409579 -0.490265 -0.634851 0.575783 -0.515207 -0.071269 -0.707615 -0.702995
-253.024718 -1669.782770 4921.447897 -79898.523200 0.849228 0.261048 -0.458983 -0.522787 0.293540 -0.800330 0.074195 -0.919613 -0.385755
257.637207 -221.953488 10274.936576 2214.797284 -0.832128 0.073495 -0.549692 -0.104138 0.952841 0.285042 0.544719 0.294435 -0.785232
-21.875654 -49.277950 825.036610 -932.923601 0.130889 0.986091 -0.102432 0.950228 -0.095317 0.296618 -0.282729 0.136157 0.949487
-34.374017 -44.008699 1015.345139 -283.622256 0.221779 0.957619 0.183794 0.939008 -0.260548 0.224451 -0.262825 -0.122806 0.956996
-28.402942 -51.833355 919.999919 1139.084799 0.248731 0.968425 0.016935 0.956372 -0.242794 -0.162493 0.153251 -0.056613 0.986564
-16.548325 -50.431092 -672.640137 696.660269 -0.142864 -0.967351 0.209336 0.981455 -0.165777 -0.096253 0.127813 0.191702 0.973095
-20.815879 -81.317171 928.127796 4208.026607 0.208897 0.937026 -0.279901 0.825381 -0.322443 -0.463440 0.524508 0.134214 0.840761
-33.746899 -45.622569 976.522988 1083.963169 0.022220 0.992172 0.122885 0.873341 0.040563 -0.485418 0.486603 -0.118106 0.865603
4.585725 -2.099646 18.701366 11.871810 0.988335 -0.001824 0.152282 -0.045868 -0.957062 0.286230 -0.145221 0.289876 0.945982
5.114451 -1.748742 -11.085932 23.555413 0.978972 -0.017410 0.203251 -0.067305 -0.968126 0.241251 -0.192572 0.249857 0.948940
4.411733 -1.743880 -94.083558 -14.074933 0.951634 -0.029033 0.305859 0.107805 0.963781 -0.243936 -0.287699 0.265111 0.920296
4.085871 -2.089011 -79.019778 -6.296283 0.954089 -0.043725 0.296314 -0.133189 -0.948032 0.288957 -0.268281 0.315157 0.910330
6.714575 0.611756 -413.820805 -4.097409 0.877677 -0.113753 0.465557 0.010739 0.975847 0.218191 -0.479132 -0.186502 0.857700
8.813016 0.669705 -452.743989 -9.688903 0.899771 -0.096877 0.425473 -0.004886 0.972746 0.231820 -0.436335 -0.210663 0.874776
7.853430 0.882167 -119.365924 33.391558 0.954538 -0.017988 0.297546 -0.035335 0.984312 0.172860 -0.295987 -0.175516 0.938928
4.220080 -5.365439 85.540842 -24.893080 -0.290211 -0.927274 -0.236519 0.928120 -0.212508 -0.305670 0.233178 -0.308226 0.922293
6.759897 -6.457649 37.837042 -34.168826 -0.228851 -0.958363 -0.170783 0.954931 -0.186946 -0.230559 0.189032 -0.215850 0.957954
6.849818 -5.876660 87.095064 -3.511360 0.311463 0.939893 0.139971 0.889644 -0.236649 -0.390551 0.333952 -0.246166 0.909878
4.856644 -6.190228 175.228538 85.573729 -0.098083 -0.948494 -0.301230 0.991358 -0.066626 -0.113008 0.087117 -0.309711 0.946831
1.347067 -7.574487 233.629314 -81.866737 -0.131163 -0.909318 -0.394888 0.954911 -0.008866 -0.296760 0.266349 -0.416006 0.869481
1.851743 -4.425172 162.081978 57.347175 -0.210002 -0.922286 -0.324480 0.964344 -0.140722 -0.224140 0.161060 -0.359980 0.918953
-0.320342 -7.780147 222.791095 -195.476222 -0.095898 -0.907802 -0.408288 0.980952 -0.016579 -0.193542 0.168928 -0.419071 0.892100
-2.787634 -4.487097 45.215604 229.456674 0.105787 -0.935758 -0.336402 0.988126 0.136831 -0.069886 0.111427 -0.325015 0.939122
-1.886493 -4.191097 170.116701 51.145632 0.881428 -0.371420 -0.291772 -0.431154 -0.884954 -0.175964 0.192848 -0.280898 0.940163
-2.542286 -4.611543 88.684675 32.653608 0.657197 -0.707626 -0.259533 0.744218 0.663729 0.074851 0.119293 -0.242341 0.962829
3.949145 -5.211863 117.020900 -14.522498 0.170766 0.967460 0.186710 -0.672528 0.252934 -0.695507 0.720100 0.006799 -0.693837
2.625432 -5.168542 102.937905 -13.901181 0.189822 0.944570 0.267870 -0.686931 0.322704 -0.651144 0.701494 0.060407 -0.710111
3.917318 -5.601788 92.473991 -11.838934 0.214972 0.948202 0.233880 -0.741959 0.314287 -0.592216 0.635046 0.046220 -0.771090
4.568755 -5.739405 56.019120 -24.743696 0.238114 0.960897 0.141343 -0.703448 0.270969 -0.657067 0.669674 -0.057030 -0.740463
4.116312 -5.380120 61.273304 -14.935317 0.198711 0.974429 0.104891 -0.645951 0.210707 -0.733723 0.737062 -0.078045 -0.671304
3.340282 -6.649431 131.714704 -14.302731 -0.122966 0.992257 -0.017482 0.700584 0.074317 -0.709690 0.702895 0.099515 0.704298
1.332277 -6.985313 164.786805 1.359384 -0.176263 0.983650 -0.036927 0.679516 0.094451 -0.727555 0.712172 0.153334 0.685054
3.159911 -6.821919 111.197335 -15.857806 -0.093988 0.995143 -0.029258 0.605007 0.033753 -0.795504 0.790653 0.092469 0.605241
4.630521 -6.506388 56.398092 -53.266935 -0.043317 0.998840 0.021012 0.666156 0.044551 -0.744480 0.744553 0.018252 0.667314
4.676801 -6.304099 86.073287 -43.757467 -0.052318 0.998539 0.013541 0.726856 0.047375 -0.685154 0.684794 0.026004 0.728273
12.527166 -7.915472 154.953377 -21.348946 -0.674961 0.673913 -0.300447 0.725922 0.533573 -0.433979 -0.132153 -0.511020 -0.849349
13.491352 -7.764764 141.884571 -62.342177 0.731997 -0.519485 0.440813 0.678517 0.497341 -0.540617 -0.061608 -0.694829 -0.716531
10.624345 -8.288754 102.138778 -0.337717 0.729037 -0.546714 0.411836 0.683064 0.619709 -0.386502 0.043913 -0.563085 -0.825231
9.064787 -7.660562 151.311748 8.070458 -0.681988 0.680958 -0.266813 0.731092 0.624812 -0.274069 -0.019922 -0.381976 -0.923957
8.750843 -8.254459 -15.916542 15.977079 0.747516 -0.532343 0.397279 0.645807 0.722387 -0.247165 0.155413 -0.441325 -0.883787
8.847083 -8.724334 162.762085 46.929704 0.762308 -0.460327 0.454956 0.621869 0.715744 -0.317787 0.179346 -0.525175 -0.831881
-0.460328 -11.172139 -10.946136 -14.437261 0.158392 0.963113 -0.217543 -0.926849 0.069074 -0.369025 0.340386 -0.260080 -0.903602
-0.653595 -11.037778 7.531260 -2.065673 0.142995 0.970393 -0.194653 -0.929415 0.064054 -0.363434 0.340206 -0.232883 -0.911057
-0.552052 -11.126900 2.942420 108.434927 0.145972 0.967978 -0.204230 -0.901242 0.044978 -0.430975 0.407989 -0.246971 -0.878948
-2.665077 -13.472030 63.356152 402.451976 -0.104219 0.971745 -0.211778 -0.803913 0.043058 0.593187 -0.585545 -0.232072 -0.776711
-3.625937 -13.807956 84.978582 554.208499 -0.049046 0.953918 -0.296032 -0.742444 0.163439 0.649665 -0.668110 -0.251651 -0.700215
-1.934383 -9.494333 14.034579 441.991030 -0.113088 0.958027 -0.263430 -0.692215 0.114232 0.712593 -0.712776 -0.262936 -0.650242
-1.067193 -10.400937 -32.017955 491.043878 -0.163779 0.963942 -0.209745 -0.714721 0.030605 0.698740 -0.679964 -0.264348 -0.683937
-1.777598 -13.864670 51.408184 253.282513 -0.153607 0.975309 -0.158676 -0.842451 -0.045339 0.536861 -0.516411 -0.216143 -0.828614
-2.982718 -17.134982 91.015784 140.598114 -0.100857 0.978795 -0.178293 -0.949241 -0.041003 0.311865 -0.297942 -0.200697 -0.933248
-1.198505 -13.912962 24.340678 65.616428 0.008322 0.951918 -0.306241 0.649621 -0.237971 -0.722054 0.760212 0.192931 0.620366
-1.698058 -13.606060 23.080709 59.921791 0.017144 0.956504 -0.291216 0.661761 -0.229190 -0.713823 0.749519 0.180478 0.636906
-1.446565 -12.460988 21.948900 95.851672 -0.000743 0.958750 -0.284249 0.470390 -0.250503 -0.846157 0.882458 0.134337 0.450800
-1.601187 -14.335989 33.733918 33.979220 0.031327 0.949303 -0.312799 0.792545 -0.214277 -0.570927 0.609008 0.230022 0.759078
-0.797130 -12.504005 21.411043 141.325946 -0.014760 0.956307 -0.291993 0.441909 -0.255718 -0.859840 0.896938 0.141726 0.418826
-0.597646 -13.591638 44.456656 114.968747 -0.016153 0.948720 -0.315703 0.572012 -0.250203 -0.781153 0.820086 0.193204 0.538638
-0.810445 -14.670118 45.643663 8.745682 0.001016 0.938078 -0.346423 0.759921 -0.225905 -0.609498 0.650015 0.262634 0.713094
-1.173298 -14.768419 23.817068 11.800510 0.032279 0.946135 -0.322159 0.818335 -0.210077 -0.534973 0.573835 0.246366 0.781036
2.746572 -10.234094 10.083253 -128.972771 0.171615 0.930947 -0.322314 -0.757663 0.333834 0.560804 -0.629678 -0.147963 -0.762635
1.930528 -11.593666 90.842435 -156.442518 0.228660 0.946533 -0.227574 -0.708733 0.322117 0.627645 -0.667392 -0.017772 -0.744494
2.343794 -13.108010 37.501095 -193.320751 0.188713 0.941670 -0.278647 -0.632413 0.333610 0.699113 -0.751293 -0.044288 -0.658481
3.209001 -11.916988 -6.262053 -192.572296 0.124750 0.931748 -0.341004 -0.672356 0.332131 0.661534 -0.729640 -0.146750 -0.667899
0.350951 -6.401995 6.865049 -25.432910 -0.004331 0.999847 0.016924 -0.075509 0.016549 -0.997008 0.997136 0.005596 -0.075426
0.270519 -6.450118 34.723421 -39.437483 -0.019768 0.999562 0.022039 -0.008726 0.021870 -0.999723 0.999767 0.019955 -0.008290
0.201783 -6.083430 45.159178 -36.402242 -0.023789 0.997916 0.059975 -0.109381 0.057034 -0.992362 0.993715 0.030168 -0.107797
0.485386 -6.465542 -30.047404 26.773744 0.010108 0.999869 0.012618 0.008461 0.012533 -0.999886 0.999913 -0.010214 0.008333
0.295466 -6.886860 1.261263 -11.717568 0.007913 0.995361 0.095888 -0.229376 0.095141 -0.968677 0.973306 0.014330 -0.229065
-0.024277 -6.995583 -47.765306 18.890788 0.014162 0.999704 -0.019766 -0.004199 -0.019708 -0.999797 0.999891 -0.014242 -0.003919
0.027140 -6.848536 -34.426451 -14.582077 0.012651 0.999206 0.037778 -0.119887 0.039024 -0.992020 0.992707 -0.008021 -0.120285
-3.876231 -12.538442 -1.310530 -381.916683 -0.060388 0.992433 0.106911 -0.329223 -0.120916 0.936478 -0.942319 -0.021354 -0.334034
-4.127624 -20.301601 9.475861 -625.579735 -0.043793 0.986845 0.155627 -0.129053 -0.160060 0.978635 -0.990670 -0.022773 -0.134364
-4.418649 -11.461797 -34.863928 -346.100110 0.014782 0.997823 0.064264 -0.323054 -0.056058 0.944719 -0.946265 0.034725 -0.321523
-1.266816 -19.309788 -17.938286 -199.829014 -0.204012 0.968430 0.143255 0.457307 0.223660 -0.860724 0.865592 0.110086 0.488499
-1.510142 -18.085601 10.425247 -54.999681 -0.240900 0.961792 0.130089 0.577878 0.249828 -0.776944 0.779759 0.111990 0.615982
-1.472401 -18.466984 -19.954340 -30.122821 -0.225350 0.958899 0.172423 0.602952 0.276274 -0.748413 0.765289 0.064692 0.640428
-1.317531 -21.258970 -39.928144 -188.079953 -0.192206 0.962596 0.190961 0.505833 0.263926 -0.821265 0.840946 0.061257 0.537641
-1.118053 -25.300139 -13.608000 6.225860 -0.459730 0.872753 0.164167 -0.015679 -0.192809 0.981111 -0.887920 -0.448472 -0.102324
-0.926028 -28.785326 -27.870474 47.220003 -0.472745 0.859448 0.194578 0.130988 -0.149819 0.979998 -0.871409 -0.488777 0.041752
-1.349994 -25.674403 0.718493 16.955804 -0.442592 0.876716 0.188366 0.235244 -0.089186 0.967836 -0.865317 -0.472668 0.166769
-1.277783 -25.243788 20.396515 40.772304 -0.411010 0.899225 0.149882 0.073472 -0.131202 0.988629 -0.908665 -0.417349 0.012143
-1.863684 -8.474484 -20.410189 104.134963 0.875780 -0.450745 -0.172736 -0.173989 -0.628558 0.758052 0.450263 0.633833 0.628903
-2.365353 -8.103494 -30.675212 123.979379 0.843912 -0.518028 -0.139500 -0.256247 -0.617671 0.743519 0.471329 0.591718 0.654003
-2.668317 -9.494268 -50.420293 129.965325 0.858178 -0.495026 -0.135937 -0.190064 -0.552375 0.811638 0.476870 0.670694 0.568123
-1.770634 -10.543097 -37.568129 136.295505 0.884456 -0.435212 -0.168308 -0.099609 -0.528473 0.843086 0.455867 0.728908 0.510763
1.224356 -62.104665 -58.252434 -1449.954418 -0.308094 0.922825 0.231242 0.949334 0.314057 0.011522 -0.061990 0.223075 -0.972828
1.245482 -54.678848 46.069004 1206.328104 -0.373531 0.894516 0.245594 -0.860406 -0.433047 0.268648 -0.346663 0.110962 -0.931403
0.739679 -54.330874 5.096851 -932.411109 -0.324265 0.906416 0.270670 0.945936 0.308428 0.100380 0.007504 0.288586 -0.957424
1.506883 -58.100537 -83.321369 -855.719942 -0.290887 0.923335 0.250672 0.907408 0.183187 0.378224 0.303308 0.337483 -0.891128
0.879048 -53.945913 27.298015 -207.772100 -0.323935 0.903489 0.280667 0.870923 0.168901 0.461481 0.369538 0.393929 -0.841582
-1.538977 -32.421668 -35.428104 618.714103 -0.111431 0.948511 0.296496 0.090819 0.306825 -0.947423 0.989614 0.078645 0.120332
-0.603402 -24.830542 -2.171263 474.934353 -0.093649 0.960779 0.261023 0.202981 0.275094 -0.939746 0.974694 0.035024 0.220782
-0.459364 -20.395295 -39.123578 20.409135 -0.095211 0.921749 0.375918 -0.035472 0.374253 -0.926648 0.994825 0.101561 0.002937
-0.518025 -26.293325 -69.161179 -147.531164 -0.081526 0.906630 0.413976 -0.209831 0.390436 -0.896399 0.974333 0.159944 -0.158408
-3.032055 -4.477940 37.809225 -112.455730 -0.000476 0.984707 -0.174220 0.933602 0.062863 0.352753 -0.358310 0.162484 0.919354
-3.312906 -5.899729 47.564657 -73.685646 0.092679 0.985448 -0.142487 0.961752 -0.051552 0.269027 -0.257767 0.161970 0.952534
-2.716167 -5.252700 40.436895 -67.035309 0.046062 0.977580 -0.205464 0.959178 0.014169 0.282448 -0.279027 0.210087 0.937021
1.902598 -2.597865 -92.090093 -56.112964 -0.112942 -0.936109 0.333083 0.991739 -0.085690 0.095451 -0.060811 0.341112 0.938054
0.327992 -2.118415 -64.022227 -46.971383 -0.057158 -0.937729 0.342634 0.994410 -0.022954 0.103066 -0.088784 0.346609 0.933798
0.152128 -3.054307 -71.825714 -59.927938 -0.096965 -0.934240 0.343210 0.994183 -0.074670 0.077624 -0.046892 0.348740 0.936046
1.241113 -3.619827 -94.332671 -59.112171 -0.098458 -0.933210 0.345579 0.995125 -0.090366 0.039494 -0.005628 0.347783 0.937558
-1.170314 -3.659774 -54.812120 -61.613227 -0.126012 -0.934377 0.333259 0.991730 -0.110409 0.065432 -0.024344 0.338748 0.940562
-0.243877 -3.998591 -71.083723 -66.487740 -0.113240 -0.930746 0.347691 0.993560 -0.107409 0.036068 0.003775 0.349537 0.936915
4.850847 -122.674663 -144.461267 5798.684624 0.193208 0.980572 -0.033910 0.938847 -0.194806 -0.283932 0.285022 -0.023022 0.958245
1.251064 -50.674791 -22.061566 2278.104644 0.188060 0.982156 0.001478 0.929007 -0.177394 -0.324771 0.318714 -0.062449 0.945791
1.187269 -106.885945 -137.660039 4751.826568 0.007337 0.999740 -0.021568 0.998913 -0.008320 -0.045856 0.046024 0.021209 0.998715
1.386460 -29.398911 -20.201711 887.878494 0.108420 0.994095 0.004589 0.889581 -0.094959 -0.446798 0.443723 -0.052524 0.894623
2.775756 -122.572134 -156.913788 5154.552207 0.049464 0.996442 -0.068238 0.980107 -0.035278 0.195311 -0.192209 0.076541 0.978364
4.018997 -131.420770 141.078987 6002.801990 -0.082713 -0.995048 0.055112 0.996101 -0.084250 -0.026164 0.030677 0.052733 0.998137
1.653383 -25.625929 -39.342091 598.692049 0.136251 0.990113 -0.033350 0.908417 -0.138297 -0.394528 0.395240 -0.023459 0.918278
-0.711315 -35.077235 -126.938423 1304.362890 0.225237 -0.227413 -0.947392 0.920557 -0.268826 0.283386 -0.319129 -0.935957 0.148797
-2.173002 -86.085656 -45.927077 4289.175802 0.294020 -0.197335 -0.935206 0.866545 -0.357826 0.347938 -0.403302 -0.912699 0.065791
-2.600321 -25.867434 -82.264467 1099.844615 0.251539 -0.172612 -0.952331 0.953120 -0.126818 0.274733 -0.168195 -0.976792 0.132620
-2.470615 -12.562014 -11.490390 663.067487 0.215449 -0.106412 -0.970700 0.973703 -0.051975 0.221813 -0.074056 -0.992963 0.092416
-1.239135 -12.053885 -70.667413 497.227364 0.106165 -0.147750 -0.983310 0.986196 -0.110726 0.123114 -0.127068 -0.982807 0.133955
1.617686 -14.799335 -78.465142 628.788792 0.235888 -0.199009 -0.951185 0.926148 -0.250381 0.282064 -0.294292 -0.947473 0.125250
1.209533 -26.323441 -86.062848 1032.221055 0.273666 -0.233484 -0.933055 0.848267 -0.398683 0.348563 -0.453377 -0.886869 0.088951
0.391129 -15.369477 -79.786795 802.327590 0.187954 -0.185954 -0.964414 0.949985 -0.214918 0.226581 -0.249403 -0.958766 0.136259
-0.407542 -13.233632 -58.701058 636.207061 0.134163 -0.150890 -0.979404 0.975802 -0.152088 0.157100 -0.172661 -0.976781 0.126834
0.714723 -7.827551 -45.112911 402.582711 0.112481 -0.160023 -0.980684 0.978103 -0.156092 0.137655 -0.175105 -0.974694 0.138961
-6.549500 -10.304108 78.605702 -90.124685 -0.299776 0.928207 0.220378 0.929355 0.231954 0.287222 0.215483 0.290912 -0.932168
-5.435945 -9.329094 -46.777340 -93.941896 -0.480078 0.846874 0.228756 0.862782 0.408709 0.297596 0.158532 0.340236 -0.926880
-5.266618 -8.076617 -15.117982 -82.233911 -0.661298 0.723448 0.198261 0.748902 0.621668 0.229512 0.042788 0.300254 -0.952899
2.836998 -0.514694 190.363201 5.912862 0.200711 0.726992 -0.656656 -0.639448 0.605032 0.474387 -0.742173 -0.324683 -0.586311
-1.914718 -3.902117 -278.146212 210.859278 -0.058701 0.795101 -0.603629 -0.626237 0.441567 0.642531 -0.777420 -0.415732 -0.472001
4.932940 -3.035702 38.640707 117.332767 0.024836 0.862166 -0.506017 -0.670339 0.389877 0.631381 -0.741639 -0.323522 -0.587626
-4.376797 -7.449008 -82.631406 -43.095502 -0.313048 0.947946 -0.058312 -0.370021 -0.065188 0.926734 -0.874692 -0.311689 -0.371167
-4.505215 -6.385498 -77.769480 -45.218344 -0.350107 0.929322 0.117412 -0.396708 -0.260654 0.880160 -0.848556 -0.261572 -0.459926
-5.245815 -6.714098 5.947991 -48.084240 -0.219901 0.972718 0.073911 -0.434279 -0.165457 0.885452 -0.873525 -0.162614 -0.458815
-5.376753 -7.866787 16.741523 -6.549695 -0.095648 0.990176 -0.101999 -0.366114 0.060292 0.928615 -0.925641 -0.126164 -0.356750
-4.847971 -12.141841 -29.278443 -115.613002 0.411051 0.894931 -0.173598 -0.684324 0.428731 0.589822 -0.602277 0.123650 -0.788653
-4.284131 -11.588970 -44.435096 -123.401471 0.388026 0.893994 -0.224077 -0.743256 0.447295 0.497491 -0.544983 0.026493 -0.838029
-4.436247 -13.451432 -25.399599 -114.126980 0.328468 0.925927 -0.186464 -0.649380 0.364743 0.667284 -0.685867 0.098095 -0.721085
0.017275 -7.105179 28.159229 42.279447 -0.169472 0.971457 0.165982 0.551582 -0.046075 0.832847 -0.816723 -0.232696 0.528030
0.031725 -6.685518 -1.921433 59.666143 -0.186959 0.968346 0.165384 0.584572 -0.025637 0.810937 -0.789507 -0.248291 0.561275
-0.433139 -7.912889 -32.416168 71.528464 -0.175842 0.960273 0.216692 0.491346 -0.105128 0.864596 -0.853029 -0.258503 0.453341
-0.355625 -7.378724 -52.580389 99.920187 -0.197332 0.962111 0.188157 0.547169 -0.051162 0.835457 -0.813429 -0.267816 0.516341
-0.836511 -5.989819 -2.514844 -69.460192 0.325582 0.944329 -0.047314 -0.822858 0.307640 0.477768 -0.465726 0.116621 -0.877211
-0.324815 -4.942450 -8.202259 -104.030714 0.358418 0.931022 -0.068801 -0.852381 0.356420 0.382637 -0.380766 0.078500 -0.921333
0.274814 -4.244401 -12.646917 -85.885906 0.294780 0.954940 -0.034565 -0.892459 0.288060 0.347187 -0.341499 0.071496 -0.937159
0.390055 -5.423413 -34.896666 -120.678612 0.160411 0.986794 0.022505 -0.912739 0.139616 0.383947 -0.375735 0.082130 -0.923081
-2.004727 -9.290446 -0.885312 3.327764 0.170232 0.981103 0.091970 -0.573817 0.022821 0.818665 -0.801096 0.192137 -0.566859
-0.897101 -7.850846 98.340261 -35.015752 0.278657 0.955721 0.094594 -0.658925 0.118601 0.742800 -0.698690 0.269317 -0.662797
-0.131138 -13.763634 -73.016586 -304.605805 0.399440 0.911897 -0.094292 0.838353 -0.404960 -0.364926 0.370960 -0.066716 0.926249
1.202954 -12.872802 -114.661963 -289.547383 0.451203 0.885033 -0.114595 0.815559 -0.461063 -0.349693 0.362325 -0.064323 0.929830
-1.173554 -16.547890 -70.574587 -281.336494 0.374836 0.923746 -0.078683 0.748999 -0.351754 -0.561488 0.546349 -0.151533 0.823735
-1.205869 -13.707366 11.810152 -252.988759 0.302459 0.947557 -0.103224 0.843519 -0.316521 -0.433924 0.443840 -0.044173 0.895017
-0.116835 -17.237710 -123.145670 -320.170959 0.430368 0.897456 -0.096724 0.715457 -0.404487 -0.569659 0.550368 -0.175962 0.816170
3.445692 -4.822836 -51.529552 80.612358 0.779558 -0.464623 -0.420017 0.592998 0.763365 0.256178 -0.201600 0.448775 -0.870608
3.203495 -6.862420 45.186841 163.292851 0.771660 -0.513626 -0.375139 0.605550 0.773692 0.186304 -0.194552 0.370929 -0.908054
2.185037 -7.748835 5.650680 -46.763600 0.241296 0.862969 -0.443915 -0.670827 -0.182223 -0.718878 0.701261 -0.471253 -0.534933
2.234150 -10.070256 -21.209813 -174.810512 0.272839 0.845016 -0.459899 -0.699312 -0.154096 -0.698009 0.660698 -0.512056 -0.548887
2.601222 -5.537534 -42.308762 -15.123800 -0.049336 0.991200 0.122837 0.766510 -0.041274 0.640905 -0.640335 -0.125776 0.757728
2.304665 -5.248702 -37.574702 2.529087 -0.120438 0.987712 0.099601 0.745132 0.023650 0.666497 -0.655952 -0.154487 0.738824
1.665525 -5.193068 -44.572152 7.658817 -0.193619 0.976643 0.093169 0.731642 0.080471 0.676923 -0.653614 -0.199232 0.730134
2.598531 -5.336833 -48.325915 10.608972 -0.144136 0.985156 0.093230 0.677948 0.029679 0.734511 -0.720841 -0.169075 0.672162
2.965056 -5.496724 -29.126067 2.418811 -0.048825 0.993045 0.107132 0.712784 -0.040495 0.700214 -0.699683 -0.110549 0.705849
-1.056689 -27.824842 -20.862136 -231.561470 0.151438 0.963683 0.219960 -0.907895 0.047609 0.416484 -0.390886 0.262772 -0.882133
-1.134895 -30.075696 -11.313817 -187.958816 0.171368 0.954181 0.245298 -0.821887 0.001165 0.569649 -0.543263 0.299227 -0.784429
-0.643994 -16.131538 -34.987980 300.248432 0.242134 0.934335 0.261513 0.335061 -0.333475 0.881209 -0.910552 0.125748 0.393805
-0.849422 -12.859419 5.368587 44.373545 0.262288 0.944692 0.196880 0.409496 -0.293704 0.863743 -0.873795 0.145928 0.463882
-0.527365 -19.905664 -41.858242 642.764879 0.241954 0.937827 0.248874 0.348029 -0.323310 0.879970 -0.905723 0.126297 0.404617
-0.503428 -21.648665 -30.951136 717.000783 0.235654 0.931683 0.276467 0.227456 -0.329452 0.916365 -0.944845 0.153061 0.289553
-0.684252 -25.646999 -9.694221 806.950688 0.230548 0.925406 0.300784 0.159666 -0.340898 0.926442 -0.959872 0.165565 0.226349
1.468772 -3.527465 45.989721 -35.559446 0.556690 0.808995 -0.188741 -0.737351 0.585848 0.336298 -0.382637 0.048045 -0.922649
1.496691 -2.859961 33.145675 -37.150855 0.554031 0.808088 -0.200110 -0.759752 0.589062 0.275286 -0.340333 0.000483 -0.940305
-26.648532 -518.728604 -708.323578 16417.073948 -0.124169 0.967681 0.219488 -0.857088 0.006861 -0.515124 0.499982 0.252083 -0.828536
1.644391 -259.339515 214.810187 5301.161224 -0.157920 0.945551 0.284596 0.966987 0.089711 0.238514 0.199996 0.312867 -0.928502
-1.300381 -101.146783 119.034251 3363.768168 -0.183019 0.936838 0.298056 -0.793132 -0.319845 0.518306 -0.580900 0.141538 -0.801575
3.817919 -164.598771 33.561656 -6597.568843 -0.013011 0.941538 0.336657 -0.192655 0.328017 -0.924818 0.981180 0.076891 -0.177124
2.769336 -180.381274 828.290569 9278.405703 -0.118477 0.970413 0.210386 -0.915568 -0.188769 0.355109 -0.384316 0.150551 -0.910843
11.966739 -104.368821 -1352.316062 -4557.471158 0.001191 0.969205 -0.246251 -0.311750 -0.233619 -0.920996 0.950163 -0.077865 -0.301872
5.400255 -112.598775 181.393475 -5377.328042 0.030325 0.949034 0.313710 -0.017369 0.314308 -0.949162 0.999389 -0.023334 -0.026016
0.305874 -4.421787 39.863508 21.779738 0.822784 -0.257617 0.506616 0.209445 0.966075 0.151099 -0.528355 -0.018214 0.848828
-0.506689 -5.076506 39.744394 0.177072 0.854669 -0.012397 0.519025 0.036853 0.998642 -0.036832 -0.517863 0.050607 0.853965
0.236033 -6.081690 15.937400 8.692459 0.851940 -0.039156 0.522174 0.020647 0.998937 0.041221 -0.523232 -0.024337 0.851842
1.206749 -5.385107 26.231176 31.825838 0.830453 -0.240281 0.502607 0.168938 0.968338 0.183798 -0.530856 -0.067726 0.844751
-0.257276 -12.471549 -1.595163 -27.755442 0.104820 0.955055 -0.277279 0.964515 -0.029689 0.262354 0.242330 -0.294940 -0.924276
-1.049574 -13.775271 39.691430 -97.384452 0.338999 0.908649 -0.243795 0.245965 0.164524 0.955214 -0.908065 0.383781 0.167722
-0.230437 -1.557793 -2.744887 -51.046914 0.984723 -0.027976 0.171864 -0.079717 -0.949931 0.302119 -0.154807 0.311204 0.937650
-20.299974 -41.331395 -793.190426 1579.857701 0.348258 0.142877 -0.926446 0.917645 -0.253785 0.305811 -0.191425 -0.956650 -0.219494
-17.415302 -111.402705 429.277576 -4457.898645 -0.470989 0.126938 0.872959 -0.414338 0.841806 -0.345956 -0.778777 -0.524642 -0.343886
4.855510 -1.667194 -100.512208 -24.478170 0.948982 -0.040450 0.312726 0.109229 0.972506 -0.205673 -0.295808 0.229339 0.927309
4.636805 -0.646394 7.328584 -4.814145 0.971718 0.006630 0.236053 -0.055970 0.977590 0.202941 -0.229418 -0.210413 0.950313
5.249854 -0.788053 -34.656683 4.837688 0.969345 -0.007086 0.245600 -0.042590 0.979607 0.196360 -0.241983 -0.200800 0.949275
4.247042 -0.734488 189.154681 -7.724600 0.993489 0.072577 0.087821 0.088197 -0.977893 -0.189593 -0.072119 -0.196104 0.977927
3.982785 -0.764311 100.976133 3.581910 0.989904 0.019624 0.140377 0.046011 -0.981227 -0.187287 -0.134066 -0.191855 0.972223
7.074880 -8.164762 -45.498991 -117.289053 0.197542 0.974092 0.110102 0.949362 -0.162107 -0.269135 0.244314 -0.157692 0.956788
8.346986 -7.185006 168.123966 -30.189586 0.255601 0.963014 0.085276 0.899026 -0.204321 -0.387305 0.355556 -0.175661 0.917999
7.030827 -8.882258 -60.820662 -16.079756 0.087161 0.991104 0.100573 0.984285 -0.070114 -0.162074 0.153581 -0.113119 0.981640
6.306284 -8.929886 64.694594 79.374932 -0.027932 -0.985383 -0.168048 0.996576 -0.014363 -0.081425 0.077821 -0.169747 0.982410
2.445146 -5.411426 85.997130 -0.977491 0.209318 0.932101 0.295592 -0.744134 0.347950 -0.570259 0.634390 0.100594 -0.766440
1.208872 -5.096093 64.750369 -14.968224 0.224063 0.920319 0.320638 -0.678880 0.383440 -0.626175 0.699226 0.077372 -0.710701
1.274383 -4.834958 60.872935 -21.023118 0.210558 0.931532 0.296501 -0.635031 0.360928 -0.682984 0.743237 0.044480 -0.667548
-0.234511 -7.308729 130.977405 15.121464 -0.215392 0.976409 0.015233 0.740926 0.173567 -0.648771 0.636110 0.128454 0.760831
-0.755772 -7.416274 158.764151 8.508281 -0.192544 0.981182 -0.014420 0.677979 0.122392 -0.724821 0.709417 0.149337 0.688786
-2.148552 -7.656173 86.693590 -3.931255 -0.202936 0.977735 0.053403 0.775289 0.193751 -0.601155 0.598117 0.080593 0.797346
19.975910 -6.375262 -26.075376 -108.347893 0.747581 -0.580796 0.322178 0.606669 0.399703 -0.687161 -0.270325 -0.709164 -0.651161
15.917424 -5.516768 789.826141 -133.695196 0.798857 -0.224072 0.558228 0.593047 0.448613 -0.668612 0.100612 -0.865181 -0.491263
15.324877 -7.722644 298.708651 -42.600534 -0.631462 0.737829 -0.238462 0.716507 0.437650 -0.543213 -0.296435 -0.513878 -0.805019
-0.733282 -10.885483 6.580733 -182.591279 0.142460 0.964434 -0.222647 -0.709394 -0.057384 -0.702472 0.690265 -0.258018 -0.675989
-0.615481 -10.412688 -30.410862 -69.158175 0.184095 0.957356 -0.222663 -0.728585 -0.019143 -0.684688 0.659752 -0.288277 -0.693991
-0.613799 -10.056474 -10.715424 -53.374677 0.155210 0.961457 -0.226958 -0.802072 -0.011473 -0.597117 0.576707 -0.274716 -0.769377
-2.928336 -10.754511 7.270448 458.745586 0.064174 0.896964 -0.437420 -0.731681 0.340360 0.590591 -0.678620 -0.282152 -0.678134
-3.928077 -13.884297 3.834619 323.018807 -0.016169 0.922223 -0.386321 -0.876674 0.172721 0.449010 -0.480813 -0.345938 -0.805696
-3.194381 -12.759711 -82.777246 328.821000 0.022903 0.866801 -0.498128 -0.856344 0.274127 0.437641 -0.515898 -0.416545 -0.748558
-4.067449 -16.645494 -38.126881 -162.318632 -0.006463 0.908141 -0.418615 0.964027 -0.105582 -0.243934 -0.265724 -0.405133 -0.874790
-4.071209 -16.950461 34.624793 3.447995 -0.046957 0.951619 -0.303672 0.975325 -0.021975 -0.219679 -0.215723 -0.306494 -0.927106
-1.926645 -13.269133 -2.324752 88.312872 0.037808 0.963755 -0.264097 0.605889 -0.232274 -0.760885 0.794650 0.131246 0.592711
-2.112879 -14.060818 12.162651 61.688121 0.059773 0.960144 -0.273040 0.762877 -0.220346 -0.607838 0.643775 0.171964 0.745642
0.721501 -15.532006 66.193809 -101.603685 0.215281 0.954740 -0.205246 -0.387680 0.276458 0.879361 -0.896303 0.109740 -0.429649
1.120615 -16.273551 57.084879 -36.334414 0.189039 0.944974 -0.267000 -0.196822 0.302848 0.932494 -0.962042 0.123726 -0.243242
1.754513 -15.148241 63.899617 -159.119933 0.197794 0.946003 -0.256817 -0.455401 0.320684 0.830525 -0.868037 0.047318 -0.494240
-0.756007 -5.689012 9.917220 -25.951235 0.006492 0.998564 0.053181 -0.060199 0.053476 -0.996753 0.998165 -0.003269 -0.060460
-0.725740 -6.265531 25.784955 -57.706258 -0.006217 0.999415 0.033634 0.038245 0.033848 -0.998695 0.999249 0.004922 0.038433
-1.081409 -6.441736 -12.073805 -64.293786 0.024936 0.998864 0.040618 0.060553 0.039047 -0.997401 0.997853 -0.027331 0.059511
-0.212322 -5.730577 39.228459 -11.567241 -0.023398 0.997165 0.071511 -0.104201 0.068709 -0.992180 0.994281 0.030666 -0.102298
-0.906773 -5.631892 -6.003097 -21.572486 0.026535 0.997846 0.059992 -0.052590 0.061324 -0.996732 0.998264 -0.023293 -0.054104
-0.725381 -6.414783 1.275347 65.558476 0.011023 0.998770 0.048332 -0.205084 0.049566 -0.977488 0.978682 -0.000862 -0.205378
