11926
23811
-4.206038 -6.149635 -11.222315 95.560486 0.215425 0.961605 0.170023 0.917085 -0.139407 -0.373526 0.335482 -0.236392 0.911905
-4.011789 -5.939637 32.347058 -36.882741 0.710797 0.688362 -0.144656 -0.633031 0.715676 0.295094 0.306659 -0.118180 0.944454
-5.524951 -7.134163 38.576602 80.955524 0.199597 0.978326 0.055136 0.954347 -0.181327 -0.237366 0.222224 -0.099996 0.969854
-3.475126 -4.844188 19.636237 -37.577852 0.738556 0.657318 -0.149894 -0.549700 0.715831 0.430600 0.390339 -0.235626 0.890009
-4.045138 -7.792928 55.229135 113.600998 -0.035720 -0.968506 -0.246415 0.982522 0.011041 -0.185821 0.182689 -0.248745 0.951184
-2.467080 -7.295763 80.989355 119.455067 -0.181331 -0.925160 -0.333465 0.939269 -0.062467 -0.337447 0.291362 -0.374403 0.880301
-3.029086 -5.136647 -47.538843 73.922554 0.294757 0.926332 0.234580 0.865317 -0.154604 -0.476784 0.405394 -0.343522 0.847142
-4.569558 -7.239963 6.236632 -13.302157 -0.573055 -0.794011 0.202865 0.796223 -0.480837 0.367184 -0.194003 0.371943 0.907756
-4.416802 -7.351545 2.995884 -0.737421 -0.559667 -0.809268 0.178488 0.826789 -0.530578 0.186832 -0.056495 0.252135 0.966041
-4.407042 -7.290832 17.266226 1.868941 -0.612118 -0.739945 0.278914 0.790691 -0.577605 0.202929 0.010946 0.344751 0.938630
-4.523291 -7.243209 18.242932 -6.851699 -0.608285 -0.735526 0.298315 0.785042 -0.502102 0.362770 -0.117042 0.454857 0.882840
-4.534810 -7.041179 8.615090 17.747355 -0.683151 -0.621289 0.383802 0.697847 -0.710264 0.092382 0.215204 0.330946 0.918783
-4.754811 -7.416081 9.279473 4.377035 -0.654661 -0.646871 0.391122 0.754951 -0.585721 0.294924 0.038311 0.488353 0.871805
5.907564 -4.117598 4.931589 -18.948438 0.399782 -0.874134 -0.275798 0.915603 0.366731 0.164864 -0.042970 -0.318431 0.946972
6.258578 -4.837209 65.369470 -28.171167 0.430270 -0.795359 -0.426933 0.890132 0.452474 0.054148 0.150109 -0.403325 0.902660
6.240286 -5.048017 112.792733 -11.341835 0.376141 -0.801008 -0.465730 0.926390 0.334807 0.172354 0.017872 -0.496277 0.867980
6.404033 -4.568039 85.516854 19.849276 0.347690 -0.850756 -0.394114 0.936171 0.291719 0.196174 -0.051926 -0.437166 0.897881
5.432739 -3.930657 -66.003410 18.997300 0.308792 -0.940909 -0.139058 0.939290 0.278674 0.200187 -0.149606 -0.192432 0.969839
-0.395277 -5.299218 9.104694 -11.900216 0.287757 0.880298 0.377189 0.312828 0.285847 -0.905776 0.905171 -0.378638 0.193127
-0.444737 -4.836899 11.617446 -23.055230 0.303836 0.890962 0.337448 0.398062 0.203079 -0.894598 0.865581 -0.406136 0.292955
-0.448631 -4.997584 9.992431 -11.328297 0.297263 0.873869 0.384691 0.326435 0.285608 -0.901037 0.897260 -0.393422 0.200361
-0.409579 -5.215390 8.879955 0.495830 0.286232 0.859791 0.422885 0.210821 0.374022 -0.903140 0.934680 -0.347660 0.074205
-0.430897 -4.909589 -3.630299 -6.855083 0.315709 0.852397 0.416830 0.272209 0.339468 -0.900369 0.908972 -0.397720 0.124857
3.443251 -3.716596 -23.699926 -51.218030 0.263985 0.962015 0.069561 0.930818 -0.272995 0.243003 -0.252763 -0.000599 0.967528
3.308106 -4.524434 -22.561052 -50.869861 0.469478 0.882888 -0.009950 0.867306 -0.459022 0.192559 -0.165441 0.099032 0.981235
2.172214 -4.770044 -18.240648 -47.869214 0.320404 0.945837 0.052291 0.938513 -0.324448 0.118013 -0.128586 -0.011264 0.991634
2.874157 -3.975362 18.101946 -40.691053 0.112254 0.989945 0.086066 0.976715 -0.125859 0.173744 -0.182830 -0.064558 0.981023
1.675264 -4.905019 -13.863187 -34.355315 -0.188166 -0.979493 -0.072022 0.981036 -0.190920 0.033425 -0.046490 -0.064367 0.996843
-0.118453 -7.812700 -3.042260 -3.378308 0.714673 0.699246 -0.017262 0.574744 -0.573001 0.584242 -0.398637 0.427463 0.811396
-0.172514 -7.799193 -7.121985 -1.960701 0.704235 0.709537 -0.024694 0.575718 -0.550371 0.604683 -0.415454 0.440056 0.796084
-0.074231 -7.808073 -5.858052 5.596777 0.701227 0.712616 -0.021425 0.505148 -0.475420 0.720279 -0.503096 0.515902 0.693354
-0.054106 -7.868544 2.316852 7.828862 0.717062 0.696268 -0.032133 0.510398 -0.493129 0.704498 -0.474674 0.521570 0.708978
-0.019847 -7.775398 2.611197 -1.252542 0.720275 0.693475 -0.017235 0.570408 -0.577947 0.583620 -0.394764 0.430198 0.811844
-0.098535 -7.691313 0.389335 -2.240702 0.719999 0.693789 -0.016067 0.646809 -0.662495 0.377807 -0.251475 0.282413 0.925745
0.787767 -7.529246 -3.151338 10.202436 -0.741726 -0.590415 0.318203 -0.536309 0.806999 0.247234 -0.402760 0.012725 -0.915217
0.877964 -7.123622 -6.511459 4.920899 -0.742385 -0.576614 0.341146 -0.521481 0.817003 0.246098 -0.420621 0.004798 -0.907224
0.890741 -7.892982 -4.171606 1.778585 -0.761107 -0.558333 0.330121 -0.581493 0.812836 0.034092 -0.287369 -0.166015 -0.943323
0.956472 -8.050613 3.722083 -1.118063 -0.757261 -0.573295 0.312872 -0.581098 0.810095 0.077924 -0.298129 -0.122801 -0.946593
0.041521 -12.959565 -0.725329 -9.996605 0.532510 0.834210 0.143269 -0.479250 0.157642 0.863405 -0.697676 0.528434 -0.483742
0.200753 -13.346708 0.800401 51.863389 0.526463 0.834422 0.163022 -0.416235 0.085765 0.905203 -0.741340 0.544412 -0.392468
-0.027916 -11.674694 0.346977 81.453336 0.521263 0.837284 0.165048 -0.268649 -0.022572 0.962974 -0.810007 0.546303 -0.213170
-0.237629 -11.554953 -0.490678 87.090445 0.532145 0.831977 0.156961 -0.262378 -0.014210 0.964861 -0.804972 0.554629 -0.210730
-0.291386 -13.034019 -9.482649 -4.712943 0.535241 0.834147 0.133102 -0.521157 0.202097 0.829187 -0.664765 0.513182 -0.542892
-0.473827 -9.178934 18.799648 3.903587 0.360436 0.848350 0.387799 -0.208878 0.478592 -0.852830 0.909096 -0.226388 -0.349703
-0.706591 -9.174443 14.716993 -18.271843 0.392709 0.822525 0.411378 -0.357349 0.548640 -0.755841 0.847397 -0.149820 -0.509384
-0.260799 -9.624439 16.473792 -29.099481 0.376887 0.829974 0.411218 -0.353603 0.539254 -0.764311 0.856108 -0.142651 -0.496719
38.117772 -4.918424 -1368.154634 327.170466 -0.239038 -0.662545 -0.709856 0.944504 0.010994 -0.328315 0.225328 -0.748942 0.623148
20.531769 -6.160590 -454.413753 149.181259 -0.313003 -0.616865 -0.722154 0.937083 -0.076802 -0.340555 0.154613 -0.783313 0.602093
7.003911 -1.722023 -163.092046 70.249058 -0.209320 -0.739358 -0.639949 0.943443 0.019369 -0.330967 0.257099 -0.673034 0.693488
132.187435 -10.162986 -4318.230207 -198.419871 -0.704394 -0.210878 -0.677760 0.709393 -0.241821 -0.662030 -0.024289 -0.947129 0.319933
0.309312 -22.838828 -19.250931 -132.538780 0.218667 0.943271 0.249850 0.897724 -0.294821 0.327371 -0.382461 -0.152711 0.911265
0.482845 -23.579131 -7.504238 -20.617694 0.252283 0.946751 0.200041 0.934215 -0.292179 0.204630 -0.252182 -0.135257 0.958180
0.058233 -23.631437 7.853944 98.270890 -0.260948 -0.939986 -0.219846 0.961776 -0.233564 -0.142949 0.083022 -0.248745 0.965004
0.536814 -29.001056 31.604332 321.372967 -0.257033 -0.937726 -0.233674 0.965784 -0.240598 -0.096814 0.034563 -0.250563 0.967483
0.064591 -24.807362 -11.331253 240.383036 0.282703 0.932936 0.222955 0.895643 -0.173534 -0.409523 0.343369 -0.315461 0.884637
-0.181834 -23.395356 -10.334612 282.819126 0.282815 0.930727 0.231870 0.833347 -0.118734 -0.539846 0.474919 -0.345905 0.809198
-1.943754 -8.734542 19.981285 -65.732770 0.604420 -0.435039 -0.667396 0.743626 0.608645 0.276715 0.285825 -0.663546 0.691384
-1.939925 -9.594177 17.650297 -50.967749 0.566617 -0.457606 -0.685231 0.684342 0.724533 0.082029 0.458936 -0.515411 0.723691
-2.433410 -9.387812 9.849729 -51.177078 0.620277 -0.473531 -0.625320 0.690528 0.707799 0.148970 0.372059 -0.524204 0.766018
-2.455956 -9.937300 10.884006 -18.464232 0.601851 -0.494545 -0.627057 0.587399 0.806092 -0.071958 0.541052 -0.325025 0.775643
1.270760 -85.360538 -58.677002 -2489.791263 0.160654 0.986092 0.042568 -0.052412 0.051590 -0.997292 0.985618 -0.157988 -0.059971
-3.674108 -80.280085 13.141679 -1121.987528 -0.054216 0.993352 0.101552 -0.571593 0.052516 -0.818855 0.818744 0.102442 -0.564946
1.517458 -55.825961 59.774000 -146.556502 0.146957 0.972413 0.181154 -0.550185 0.232556 -0.802006 0.822010 -0.018192 -0.569183
2.880338 -65.053403 -24.291723 -1501.916679 0.219872 0.963394 0.153388 -0.092063 0.177026 -0.979891 0.971175 -0.201330 -0.127616
2.655144 -50.420550 2.909574 0.777009 0.194645 0.962803 0.187416 -0.537900 0.264552 -0.800422 0.820230 -0.054987 -0.569385
3.607658 -77.405598 37.657185 2082.085321 0.259424 0.937049 0.233748 -0.849901 0.336460 -0.405541 0.458659 0.093455 -0.883685
-0.452089 -12.074970 -2.188965 29.341416 -0.540863 0.571609 0.617034 0.605275 -0.244884 0.757412 0.584046 0.783132 -0.213532
-0.724318 -12.500624 -2.511688 55.785240 -0.525330 0.566859 0.634586 0.738702 -0.066319 0.670761 0.422312 0.821141 -0.383901
-0.341935 -12.936422 -2.202143 44.507972 -0.511455 0.558023 0.653471 0.669992 -0.217219 0.709878 0.538075 0.800891 -0.262774
-0.135832 -11.933332 3.007190 3.442826 0.519080 -0.562489 -0.643555 0.487621 -0.423501 0.763461 0.701984 0.710108 -0.054451
-2.369816 -4.024451 28.386062 -36.776172 0.566690 0.722099 0.396782 0.727798 -0.664446 0.169767 -0.386229 -0.192572 0.902077
-2.537080 -5.075730 29.077515 52.746608 0.659357 0.633009 0.405645 -0.682220 0.730489 -0.031012 -0.315950 -0.256291 0.913505
-1.683452 -4.051688 22.291616 -36.939861 0.573265 0.744050 0.343157 0.750870 -0.644682 0.143457 -0.327966 -0.175427 0.928258
0.787778 -4.964776 -3.501718 19.079900 0.642443 0.652384 -0.402072 -0.195317 0.646736 0.737281 -0.741025 0.395130 -0.542913
0.869589 -5.467666 5.263104 21.390817 -0.650790 -0.643733 0.402593 -0.303922 0.706777 0.638825 -0.695776 0.293383 -0.655608
1.010980 -5.105783 4.149626 23.333781 -0.656832 -0.646454 0.388161 -0.233468 0.663835 0.710504 -0.716983 0.376058 -0.586954
0.893638 -4.689417 -2.473216 12.881667 0.655815 0.656978 -0.371870 -0.161559 0.603322 0.780962 -0.737432 0.452087 -0.501808
0.802755 -4.439340 2.876302 14.853940 0.652956 0.653326 -0.383162 -0.098304 0.574719 0.812425 -0.750989 0.492812 -0.439490
-4.403855 -26.703886 165.797430 -623.841345 -0.630503 0.769467 0.101914 0.106382 -0.044395 0.993334 -0.768862 -0.637142 0.053866
-11.256476 -24.929221 115.469284 531.346376 0.782585 -0.622493 -0.007899 -0.095447 -0.107436 -0.989620 -0.615183 -0.775216 0.143493
2.688271 -39.563549 -252.592856 1043.358848 0.911755 -0.410614 0.009991 -0.074224 -0.188639 -0.979238 -0.403973 -0.892083 0.202470
0.970560 -14.039059 23.394871 -117.211098 -0.397824 0.097263 0.912292 -0.107580 0.982560 -0.151667 -0.911133 -0.158481 -0.380422
0.529830 -14.089566 38.932152 -50.449744 -0.341519 0.176959 0.923066 0.000779 0.982169 -0.188001 -0.939875 -0.063487 -0.335567
0.929007 -12.963798 30.039774 -164.176496 -0.364198 0.150363 0.919103 -0.275642 0.925263 -0.260595 -0.889596 -0.348252 -0.295533
1.605198 -13.701327 17.948029 -217.859271 -0.411232 0.069288 0.908894 -0.315653 0.924589 -0.213303 -0.855132 -0.374612 -0.358350
-1.356255 -3.106281 -18.040996 -17.149805 0.506622 0.861690 -0.028706 -0.149831 0.120782 0.981306 -0.849049 0.492851 -0.190299
-1.131318 -4.661825 -28.327615 -57.471793 0.446289 0.860916 0.244233 -0.209090 -0.165049 0.963867 -0.870119 0.481230 -0.106349
-2.105354 -3.763824 -37.007394 -34.389221 0.486053 0.863253 0.136185 -0.178024 -0.054762 0.982501 -0.855605 0.501792 -0.127062
-2.084073 -3.139357 -18.813950 -20.051820 0.511926 0.699908 -0.498057 0.130106 0.509929 0.850320 -0.849120 0.500101 -0.169984
0.349593 -1.198904 9.516148 15.373931 0.118280 0.889002 0.442363 -0.105874 -0.431660 0.895802 -0.987320 0.152790 -0.043065
0.388774 -1.010943 -0.486847 6.050814 0.122072 0.868032 0.481268 -0.122722 -0.467973 0.875180 -0.984905 0.165898 -0.049400
0.297646 -1.096933 16.157509 2.069978 0.142509 0.912637 0.383126 -0.080455 -0.375115 0.923480 -0.986518 0.162429 -0.019969
0.427245 -1.353857 14.326176 -8.013946 0.127955 0.906262 0.402886 -0.069553 -0.397025 0.915169 -0.989338 0.145123 -0.012231
0.550172 -1.358594 6.587674 9.577635 0.085943 0.875008 0.476418 -0.089533 -0.469470 0.878397 -0.992269 0.118147 -0.037994
5.964271 -8.951201 109.204186 -120.809154 0.594355 -0.001297 0.804202 0.453810 0.826111 -0.334062 -0.663927 0.563506 0.491591
5.496445 -5.595176 21.746978 -36.758547 0.523912 0.125326 0.842502 0.343865 0.873812 -0.343817 -0.779277 0.469836 0.414706
6.208521 -7.736790 -0.470829 -54.157968 0.387024 0.186604 0.902990 0.455399 0.812850 -0.363162 -0.801763 0.551773 0.229613
6.957392 -10.813257 65.305639 -130.208718 0.447317 0.130738 0.884768 0.565696 0.724879 -0.393114 -0.692744 0.676357 0.250293
1.204288 -1.354687 21.352636 8.457074 0.447772 0.429711 0.784123 -0.011410 0.879625 -0.475531 -0.894075 0.203983 0.398774
1.553341 -1.063742 10.589731 17.255523 0.407782 0.319687 0.855286 0.039677 0.929616 -0.366388 -0.912217 0.183342 0.366396
1.180647 -0.945237 6.326122 -2.730011 0.401889 0.473816 0.783571 -0.014674 0.858941 -0.511865 -0.915571 0.194215 0.352152
1.027541 -1.457628 21.015568 -9.318558 0.441299 0.632769 0.636285 -0.094486 0.737887 -0.668278 -0.892372 0.234790 0.385417
0.688945 -1.988465 24.897336 3.567295 0.473743 0.491980 0.730426 -0.050252 0.843155 -0.535316 -0.879228 0.216897 0.424162
0.734239 -7.832128 -30.230215 -2.115082 0.457011 0.844232 0.280025 -0.665322 0.533411 -0.522321 0.590328 -0.052400 -0.805461
1.192293 -7.842864 -21.176543 23.961007 0.409203 0.860026 0.304809 -0.772296 0.504354 -0.386247 0.485914 0.077350 -0.870577
0.365525 -7.561897 -24.157727 32.058896 0.437934 0.854650 0.278902 -0.806092 0.510653 -0.299082 0.398033 0.093842 -0.912559
0.755462 -7.510571 -23.635540 32.391428 0.412439 0.863979 0.288851 -0.847913 0.480004 -0.225032 0.333072 0.152109 -0.930551
-0.248849 -11.495544 9.296657 -195.959510 0.612826 -0.581901 -0.534635 -0.536876 0.189844 -0.822024 -0.579834 -0.790791 0.196067
-0.147689 -11.246234 10.533614 -166.828218 0.611556 -0.574356 -0.544165 -0.557191 0.175653 -0.811594 -0.561728 -0.799538 0.212604
-0.277476 -7.893463 6.023398 118.970252 0.590539 -0.575241 -0.566005 0.668476 -0.044243 0.742416 -0.452110 -0.816787 0.358408
-0.661407 -13.237514 11.040719 -40.405764 0.404747 -0.597112 -0.692558 0.866368 0.492707 0.081522 0.292551 -0.633006 0.716741
-1.132162 -13.366471 12.882850 1.835946 0.405043 -0.609457 -0.681544 0.805518 0.590514 -0.049334 0.432528 -0.529013 0.730112
-1.096974 -12.113470 14.091313 -69.136161 0.435637 -0.587786 -0.681710 0.884059 0.421839 0.201225 0.169295 -0.690332 0.703406
-0.750732 -11.377019 12.358586 -141.166326 0.421839 -0.586568 -0.691368 0.906010 0.243607 0.346123 -0.034603 -0.772394 0.634200
-0.128548 -3.293211 -17.115837 -5.914118 -0.106410 0.901127 0.420295 0.973704 0.008804 0.227647 0.201438 0.433467 -0.878367
0.207908 -3.181045 -6.762880 7.189438 -0.107797 0.900795 0.420651 0.953937 -0.025436 0.298928 0.279973 0.433498 -0.856560
0.212802 -3.451685 -4.418305 2.458340 -0.138764 0.892852 0.428438 0.976903 0.052425 0.207152 0.162495 0.447288 -0.879505
0.237900 -3.695861 11.219814 7.061543 -0.167483 0.877639 0.449110 0.980100 0.098987 0.172064 0.106555 0.468990 -0.876752
0.257503 -3.669348 -8.236252 6.687478 -0.187998 0.889231 0.417044 0.980693 0.146677 0.129335 0.053838 0.433306 -0.899637
-0.121700 -3.399339 -18.773836 0.736411 -0.150389 0.899282 0.410700 0.982681 0.090481 0.161714 0.108266 0.427907 -0.897315
0.586822 -8.769536 34.030772 -25.283614 0.172120 0.871390 0.459407 0.274805 -0.490327 0.827080 -0.945969 0.016110 0.323858
0.623958 -8.609143 15.454469 -21.248722 0.142288 0.878997 0.455102 0.308146 -0.476269 0.823537 -0.940638 -0.023059 0.338627
0.617482 -8.467279 19.049173 -22.807571 0.148425 0.892177 0.426603 0.106169 -0.443264 0.890082 -0.983208 0.086818 0.160513
0.706906 -8.014667 0.064565 -17.238922 0.093235 0.898872 0.428177 0.134929 -0.437490 0.889042 -0.986459 0.025117 0.162073
0.372943 -8.640280 17.002434 -34.437658 0.138850 0.903830 0.404737 -0.090726 -0.395367 0.914031 -0.986149 0.163634 -0.027104
0.153233 -9.287368 21.150828 -28.375258 0.154117 0.880460 0.448373 0.134723 -0.468282 0.873248 -0.978825 0.074176 0.190789
0.785565 -7.909373 11.468620 -11.280457 0.120481 0.913004 0.389753 -0.070358 -0.383772 0.920744 -0.990219 0.138354 -0.018000
3.010984 -5.756052 39.348007 25.332170 0.399024 0.357306 0.844460 -0.462453 0.873666 -0.151145 -0.791781 -0.330212 0.513851
2.773376 -5.734038 27.574895 18.573648 0.357061 0.474240 0.804739 -0.622856 0.762916 -0.173233 -0.696102 -0.439382 0.567790
3.528215 -6.131045 38.330972 19.069866 0.361747 0.406200 0.839131 -0.590495 0.796350 -0.130931 -0.721426 -0.448138 0.527936
2.135809 -4.895814 27.422148 14.306051 0.416500 0.411169 0.810844 -0.449845 0.868256 -0.209213 -0.790043 -0.277617 0.546591
-32.327474 -351.540991 -989.896396 -97613.247987 -0.500063 -0.795958 0.341156 0.850053 -0.526393 0.017861 0.165365 0.298932 0.939837
-948.365720 -17924.288122 -66997.511309 -3093656.833469 0.783698 0.225859 0.578624 0.521769 -0.744800 -0.415969 -0.337008 -0.627902 0.701544
182.653024 -51.005874 -111203.746307 1519.804005 0.994786 0.094914 0.037319 0.025456 0.123255 -0.992048 0.098760 -0.987826 -0.120196
-105.799760 -380.864301 3032.321929 -11160.096333 0.460415 0.656419 -0.597605 -0.120411 -0.620801 -0.774666 0.879500 -0.428626 0.206786
0.440922 -11.472376 -8.391169 -103.189730 0.404709 0.811449 0.421618 0.912026 -0.324660 -0.250606 -0.066472 0.485950 -0.871455
1.296026 -16.097239 19.842274 -200.340773 0.456667 0.771773 0.442517 0.863650 -0.503940 -0.012369 0.213456 0.387828 -0.896675
0.291485 -11.933285 15.523351 -97.951996 0.409360 0.782895 0.468508 0.906747 -0.406037 -0.113770 0.101161 0.471391 -0.876103
0.281188 -9.961594 7.494229 -59.135034 0.403943 0.791511 0.458629 0.904299 -0.269815 -0.330821 -0.138104 0.548371 -0.824753
-0.207529 -2.310216 -0.970824 0.184256 0.539484 0.775266 0.328511 0.839024 -0.462223 -0.287035 -0.070684 0.430479 -0.899829
-0.118563 -2.534076 1.930752 10.085099 0.493567 0.799048 0.343386 0.862846 -0.400389 -0.308522 -0.109037 0.448565 -0.887074
-0.020761 -2.229811 4.058410 7.172817 0.429682 0.822042 0.373659 0.897673 -0.344070 -0.275315 -0.097755 0.453722 -0.885765
-0.302621 -2.619909 -5.367105 -7.505661 0.635573 0.717164 0.285872 0.769649 -0.559441 -0.307679 -0.060727 0.415574 -0.907530
-0.309420 -2.181286 1.780683 -4.907756 0.494193 0.795226 0.351266 0.867986 -0.428707 -0.250619 -0.048708 0.428749 -0.902110
-0.369802 -2.466080 -6.409636 -13.625924 0.661301 0.694176 0.284254 0.749652 -0.598209 -0.283138 -0.026505 0.400331 -0.915987
1.139916 -125.242940 104.712689 4103.319419 0.876321 0.481703 -0.004949 0.019776 -0.046238 -0.998735 0.481322 -0.875114 0.050046
-1.062869 -87.452746 19.180212 2579.936722 0.906666 0.411643 -0.092236 -0.229076 0.296830 -0.927047 0.354234 -0.861651 -0.363424
-0.360866 -35.441883 28.712381 1103.757362 0.895981 0.442185 -0.041121 -0.173640 0.263598 -0.948876 0.408739 -0.857315 -0.312959
-4.860547 -6.891334 47.022953 34.177895 0.579368 0.809271 -0.097020 0.792365 -0.587125 -0.165654 0.191022 -0.019100 0.981400
-3.893806 -6.608221 -13.638322 -32.817683 0.692868 0.695529 -0.190194 -0.677856 0.718218 0.157082 0.245856 0.020087 0.969098
-3.403398 -5.506791 -14.278589 -34.211605 0.792793 0.554204 -0.253649 -0.484825 0.825628 0.288588 0.369356 -0.105815 0.923244
-5.353313 -7.280227 -53.062680 -20.779516 -0.567451 -0.814627 0.119932 0.786489 -0.493104 0.371864 -0.243792 0.305339 0.920507
-5.740736 -7.496701 -65.408300 -0.326675 -0.484769 -0.867190 0.113936 0.869410 -0.463535 0.171060 -0.095528 0.181981 0.978651
0.548209 -1.477133 25.043156 7.272984 0.818010 -0.562931 0.118184 0.562572 0.825800 0.039591 -0.119884 0.034101 0.992202
1.329073 -1.512141 46.917756 -8.012914 0.958460 -0.238856 0.155891 0.243513 0.969833 -0.011213 -0.148510 0.048708 0.987711
1.416827 -1.555286 34.909096 -5.573293 0.874785 -0.466284 0.131645 0.472674 0.881000 -0.020444 -0.106447 0.080109 0.991086
2.060044 -1.905125 30.691195 -12.681738 0.923687 -0.329160 0.196103 0.342910 0.938522 -0.039861 -0.170926 0.104065 0.979773
1.545617 -1.640337 41.392046 10.471754 -0.629627 0.762756 -0.147558 0.767045 0.640479 0.037793 -0.123334 0.089388 0.988331
2.404658 -1.558649 -44.176402 -2.533405 0.681712 -0.715005 0.155036 0.724855 0.688821 -0.010527 -0.099265 0.119555 0.987853
2.557682 -2.144229 6.383014 16.781724 0.829756 -0.535149 0.158496 -0.549840 -0.832536 0.067523 -0.095819 0.143175 0.985048
-0.395876 -4.704067 3.321910 -26.562010 0.316641 0.889884 0.328398 0.432838 0.172513 -0.884811 0.844032 -0.422311 0.330550
2.443172 -5.901048 29.141645 -33.619255 -0.618106 -0.784296 0.053151 0.785985 -0.617734 0.025130 0.013123 0.057309 0.998270
2.378268 -5.776502 -39.565314 -46.637584 0.537480 0.843277 0.000215 0.842387 -0.536925 0.045782 -0.038722 0.024426 0.998951
5.263464 -2.887926 -41.132208 -40.616843 0.280633 0.958827 0.043545 0.901737 -0.278923 0.330262 -0.328809 0.053416 0.942884
5.310992 -3.581669 -4.597101 -51.829094 0.479160 0.872292 -0.097534 0.844059 -0.427444 0.323816 -0.240772 0.237484 0.941079
3.503083 -5.246786 -25.545979 -46.823568 -0.632780 -0.752684 0.181813 0.772842 -0.599350 0.208556 -0.048007 0.272482 0.960962
0.141436 -6.674293 5.458983 36.962800 0.699164 0.669031 -0.252126 -0.406292 0.661960 0.629870 -0.588300 0.337946 -0.734640
0.245013 -7.308782 -0.478993 41.983304 0.686946 0.687165 -0.236451 -0.453335 0.659514 0.599607 -0.567972 0.304706 -0.764566
-0.096943 -6.393898 -3.915930 25.957869 0.663093 0.716575 -0.216399 -0.379001 0.570703 0.728461 -0.645496 0.401022 -0.650012
0.563541 -7.297100 -4.714065 35.218504 -0.720876 -0.628194 0.292762 -0.465053 0.751640 0.467720 -0.513871 0.201018 -0.833984
-0.046787 -5.916998 2.097824 15.888604 0.680080 0.691655 -0.243112 -0.343801 0.593758 0.727497 -0.647527 0.411174 -0.641596
0.269107 -13.527739 -8.494540 76.226240 0.506847 0.845519 0.167939 -0.384227 0.047189 0.922032 -0.771670 0.531856 -0.348789
0.160615 -12.373166 -4.014563 139.829018 0.508952 0.840712 0.184857 -0.207362 -0.088683 0.974236 -0.835445 0.534172 -0.129196
0.028269 -11.861558 -6.607458 174.911098 0.502387 0.847047 0.173549 -0.124725 -0.127623 0.983949 -0.855600 0.515969 -0.041532
5.677933 -5.757082 93.907765 -25.266112 0.338001 -0.738403 -0.583537 0.904955 0.425278 -0.013969 0.258480 -0.523354 0.811966
7.951635 -5.823604 -109.530271 -15.513790 -0.446051 0.734935 0.510793 0.806165 0.577816 -0.127382 0.388762 -0.354965 0.850214
-0.405304 -9.127240 -0.040729 125.226947 -0.643815 0.527002 0.554771 0.153516 0.799239 -0.581077 -0.749623 -0.288940 -0.595465
-0.381312 -7.323688 -3.333616 -0.930496 -0.640150 0.559577 0.526385 0.254943 0.801079 -0.541550 -0.724715 -0.212475 -0.655471
-0.569964 -9.353002 6.120761 117.763530 -0.646384 0.513375 0.564476 0.151540 0.811437 -0.564451 -0.747812 -0.279312 -0.602297
-0.734339 -12.982332 7.852424 224.564662 -0.654353 0.497891 0.569145 -0.014619 0.744180 -0.667819 -0.756048 -0.445310 -0.479678
-0.185652 -11.970324 15.439823 198.260282 -0.632163 0.535806 0.559716 0.074217 0.760918 -0.644590 -0.771273 -0.365945 -0.520790
0.080224 -13.315515 -5.991831 -211.535915 0.540656 0.746626 0.387609 0.303816 -0.602956 0.737658 -0.784466 0.281057 0.552829
-0.126199 -9.427579 -7.034673 -130.087651 0.526194 0.764877 0.371595 0.166196 -0.521057 0.837185 -0.833966 0.378764 0.401296
0.164026 -10.462180 -5.630358 -109.744284 0.531692 0.783194 0.322352 0.156238 -0.464778 0.871534 -0.832402 0.413024 0.369483
0.351420 -12.881719 -8.788154 -182.360484 0.545497 0.745736 0.382506 0.281786 -0.593011 0.754278 -0.789322 0.303671 0.533624
0.334169 -15.231213 -14.443193 -184.808862 0.554240 0.718834 0.419637 0.457145 -0.684194 0.568240 -0.695584 0.123106 0.707819
-0.205794 -18.310219 -17.690904 -78.456196 0.200010 0.948288 0.246466 0.848971 -0.293308 0.439565 -0.489125 -0.121325 0.863734
0.016821 -18.991314 -17.176554 -35.022635 0.200233 0.945782 0.255739 0.955097 -0.246614 0.164232 -0.218397 -0.211371 0.952694
-0.379912 -19.041405 -4.769855 -63.537282 0.216152 0.950614 0.222738 0.945485 -0.260713 0.195158 -0.243590 -0.168411 0.955145
-0.344834 -18.940953 4.449202 17.477419 -0.225118 -0.947138 -0.228584 0.969983 -0.195720 -0.144312 0.091945 -0.254210 0.962768
-1.722717 -10.072088 16.686555 -0.007369 0.559277 -0.457833 -0.691085 0.531294 0.837896 -0.125130 0.636346 -0.297187 0.711860
0.573627 -47.295268 71.207698 -1040.421260 0.057229 0.979819 0.191518 0.073300 0.187191 -0.979585 0.995667 -0.070099 0.061108
-1.791392 -135.879206 55.532909 -4478.405250 0.018965 0.993712 0.110345 -0.345903 0.110071 -0.931792 0.938079 0.020497 -0.345815
-4.040068 -67.593530 20.508496 1389.378249 0.005878 0.988763 0.149375 -0.826701 0.088848 -0.555582 0.562611 0.120222 -0.817934
-0.434810 -14.849791 3.847099 101.412001 -0.523343 0.555498 0.646169 0.797565 0.052351 0.600957 0.300002 0.829869 -0.470443
-2.535573 -5.929834 -35.093119 -51.866015 -0.682344 -0.618878 -0.389097 0.696705 -0.711721 -0.089756 -0.221380 -0.332330 0.916814
-3.245809 -5.961243 -27.022857 -38.968183 -0.676421 -0.570791 -0.465459 0.686282 -0.717860 -0.117018 -0.267342 -0.398590 0.877299
-2.734778 -6.351928 -37.538462 -14.939105 -0.669469 -0.623246 -0.404198 0.734356 -0.637273 -0.233675 -0.111947 -0.453263 0.884319
-1.984633 -6.355383 -33.022459 -38.664234 -0.671565 -0.656599 -0.343334 0.733228 -0.655621 -0.180379 -0.106660 -0.372879 0.921729
0.577751 -5.596407 8.132919 7.203700 -0.638609 -0.643125 0.422573 -0.400731 0.746726 0.530862 -0.656957 0.169675 -0.734587
0.902976 -5.813303 4.912962 8.327447 -0.669761 -0.625203 0.400675 -0.406134 0.760132 0.507203 -0.621671 0.176978 -0.763023
1.160325 -4.645547 73.936132 -21.877746 0.699572 0.485217 -0.524560 0.695673 -0.294808 0.655078 -0.163211 0.823196 0.543792
4.027312 -3.761346 -136.507539 -1.692501 -0.526162 -0.510941 0.679775 0.805524 -0.043257 0.590982 -0.272551 0.858527 0.434336
-0.316187 -5.003736 34.631061 -19.790968 0.696071 0.532621 -0.481456 0.676650 -0.262440 0.687946 -0.240060 0.804637 0.543075
-0.350375 -5.618604 28.658386 -22.428040 0.794828 0.470602 -0.383121 0.592170 -0.463542 0.659138 -0.132599 0.750775 0.647113
1.765065 -4.973754 58.227432 -31.673607 0.741383 0.496635 -0.451336 0.662511 -0.434507 0.610150 -0.106913 0.751371 0.651162
-10.088161 -305.019360 405.292748 -8859.384277 0.871961 -0.195745 -0.448740 0.189775 -0.709786 0.678373 0.451297 0.676674 0.581758
-18.659536 -28.673615 -1068.381707 -640.413016 0.904459 -0.301208 0.302038 -0.422378 -0.533502 0.732784 0.059583 0.790348 0.609754
-12.365972 -40.103788 196.581296 914.099882 0.726672 -0.509822 -0.460467 0.251389 0.821121 -0.512410 0.639337 0.256598 0.724849
1.320898 -625.100289 269.702682 -32311.163796 0.629862 -0.233741 -0.740702 0.678206 0.630314 0.377811 0.378564 -0.740317 0.555535
-6.535781 -51.924996 -51.521794 -1394.853684 0.792303 -0.309897 -0.525566 0.169657 -0.715528 0.677670 0.586065 0.626086 0.514339
-28.023199 -1947.683723 405.368224 99582.484037 0.791936 -0.410345 -0.452166 -0.606504 -0.614300 -0.504765 0.070638 -0.673983 0.735362
-11.578908 -68.420836 -45.663744 -1726.122336 0.963336 -0.142452 -0.227357 -0.046898 -0.923763 0.380082 0.264167 0.355484 0.896575
-1.454047 -11.172197 14.202508 154.963572 -0.460731 0.091956 0.882763 0.477884 0.863833 0.159433 -0.747899 0.495314 -0.441939
-1.890500 -11.247424 -0.687874 251.573509 -0.414920 0.224827 0.881643 0.576923 0.814298 0.063859 -0.703563 0.535137 -0.467577
-0.692133 -13.510385 26.182614 152.268616 -0.369222 0.185757 0.910587 0.327933 0.942834 -0.059367 -0.869560 0.276692 -0.409031
-2.717457 -7.725651 -27.675798 60.219149 0.603074 0.068894 -0.794704 0.494375 0.749576 0.440146 -0.626015 0.658323 -0.417991
-1.667278 -11.949487 -34.254442 22.943819 0.602043 0.168565 -0.780468 0.481581 0.703005 0.523320 -0.636887 0.690919 -0.342061
-3.218761 -4.308363 9.543377 -69.977686 0.174330 0.941575 -0.288176 -0.220586 0.322562 0.920486 -0.959662 0.096901 -0.263931
-2.777175 -5.615938 14.079370 -30.568247 0.245592 0.946745 -0.208226 -0.084448 0.234884 0.968348 -0.965688 0.220234 -0.137637
-3.074385 -4.213629 14.314848 -40.835882 0.259092 0.934818 -0.242872 -0.207671 0.299495 0.931223 -0.943263 0.190835 -0.271731
-2.716253 -4.737169 19.044642 -28.419195 0.318630 0.935337 -0.153684 -0.183366 0.219895 0.958135 -0.929974 0.277110 -0.241575
-2.583163 -3.197617 -96.480111 6.009854 -0.254489 0.612226 0.748608 0.310804 0.784806 -0.536172 -0.915771 0.096221 -0.390007
-2.776636 -3.235775 23.890123 -43.516847 0.241379 0.970359 0.011817 -0.352449 0.076314 0.932714 -0.904166 0.229303 -0.360423
0.486631 -1.305684 -10.050241 17.450023 0.092010 0.833973 0.544081 -0.150179 -0.528526 0.835528 -0.984368 0.158586 -0.076615
1.001724 -1.150887 -36.262710 1.438768 0.065656 0.767599 0.637558 -0.168798 -0.621185 0.765269 -0.983461 0.157863 -0.088785
0.402278 -1.137254 -28.278581 -12.178135 0.081109 0.779047 0.621697 -0.149114 -0.607247 0.780395 -0.985488 0.156001 -0.066913
5.167392 -5.579226 -53.345356 -16.476329 0.330062 0.286498 0.899432 0.264003 0.886789 -0.379351 -0.906290 0.362663 0.217059
1.201287 -0.892523 -15.533131 29.639801 0.344740 0.206190 0.915773 0.075376 0.966347 -0.245952 -0.935667 0.153817 0.317597
1.212309 -0.453595 -11.450340 8.513240 0.363957 0.391397 0.845188 0.014421 0.904947 -0.425280 -0.931304 0.166972 0.323718
-0.044745 -13.992876 -0.655665 -172.682551 0.600349 -0.603553 -0.524695 -0.387274 0.354624 -0.851035 -0.699714 -0.714119 0.020842
0.155013 -12.693338 2.802586 -154.106717 0.598450 -0.598407 -0.532697 -0.442426 0.307481 -0.842446 -0.667920 -0.739841 0.080738
0.041703 -11.303821 1.647590 179.274053 0.584106 -0.593077 -0.554147 0.591410 -0.156628 0.791014 -0.555927 -0.789764 0.259264
0.265347 -12.000187 4.049037 -186.207679 0.591095 -0.588488 -0.551624 -0.584667 0.158535 -0.795633 -0.555672 -0.792811 0.250360
-0.180920 -7.830377 5.491949 82.573146 0.550791 -0.576429 -0.603621 0.712661 -0.051644 0.699605 -0.434446 -0.815513 0.382353
0.057327 -8.640789 5.427788 94.143955 0.545657 -0.581599 -0.603325 0.718178 -0.046449 0.694308 -0.431832 -0.812149 0.392346
-0.068361 -12.777003 15.008834 -155.166614 0.398202 -0.559271 -0.727084 0.916310 0.279286 0.287010 0.042548 -0.780523 0.623678
-0.097702 -10.398194 13.862153 -149.520499 0.421596 -0.551027 -0.720157 0.881096 0.061242 0.468955 -0.214303 -0.832237 0.511327
0.237326 -10.522292 5.501463 -138.773854 0.421131 -0.573030 -0.703054 0.884941 0.089679 0.456987 -0.198818 -0.814613 0.544864
-0.330349 -10.304895 8.168151 -156.932285 0.423211 -0.571883 -0.702740 0.896993 0.155180 0.413912 -0.127658 -0.805524 0.578648
0.318412 -13.224460 2.556821 -120.770429 0.412240 -0.584748 -0.698662 0.905267 0.349353 0.241754 0.102714 -0.732136 0.673370
-0.368692 -12.451194 8.038779 -123.174861 0.402722 -0.582492 -0.706058 0.910701 0.332405 0.245215 0.091862 -0.741761 0.664343
-0.069445 -3.231378 -15.524915 0.669269 -0.089316 0.900502 0.425580 0.952331 -0.047928 0.301278 0.291699 0.432202 -0.853295
0.395799 -9.216192 35.042570 -16.684123 0.190647 0.853989 0.484104 0.471599 -0.512191 0.717813 -0.860958 -0.091455 0.500388
0.713755 -8.400498 -21.797815 -18.837161 0.070142 0.875407 0.478270 0.380424 -0.466691 0.798422 -0.922148 -0.125942 0.365761
0.581054 -16.331852 -8.186144 21.724303 0.522010 0.748666 0.408663 -0.394166 0.636636 -0.662818 0.756399 -0.184916 -0.627429
0.446111 -16.329622 5.235506 84.381426 0.504716 0.764305 0.401371 -0.518078 0.640068 -0.567369 0.690548 -0.078419 -0.719022
0.401564 -16.502378 -2.898843 114.121347 0.514731 0.756519 0.403399 -0.640463 0.652092 -0.405688 0.569964 0.049542 -0.820175
0.596021 -16.547792 -11.806835 -33.673695 0.531586 0.740408 0.411353 -0.216079 0.588133 -0.779365 0.818979 -0.325415 -0.472630
0.314245 -16.225822 -10.667597 35.277622 0.535668 0.742138 0.402853 -0.407705 0.645082 -0.646255 0.739484 -0.181933 -0.648123
0.404895 -16.095739 -12.514344 -109.615810 0.528762 0.731772 0.430024 -0.111571 0.562172 -0.819460 0.841405 -0.385321 -0.378900
1.267167 -1.798334 13.675155 -4.696627 0.291187 0.474895 0.830473 0.135759 0.838793 -0.527253 -0.946984 0.266274 0.179775
1.312870 -1.756598 18.390889 0.373929 0.270272 0.526387 0.806145 0.078403 0.822492 -0.563347 -0.959586 0.215461 0.181026
1.856281 -1.813237 31.643321 5.668103 0.286616 0.530867 0.797516 0.144424 0.798986 -0.583749 -0.947097 0.282492 0.152332
1.677887 -2.057587 38.768267 -6.641227 0.338453 0.540984 0.769926 0.192846 0.760969 -0.619465 -0.921010 0.358137 0.153225
0.817070 -27.473776 -11.294914 205.861108 0.279257 0.744898 -0.605924 0.250144 0.552804 0.794881 -0.927062 0.373544 0.031957
0.905715 -30.995711 -2.148826 453.914710 0.310629 0.732050 -0.606311 -0.120994 0.663128 0.738662 -0.942799 0.156090 -0.294560
0.896088 -24.255025 4.044675 271.940814 0.310617 0.747416 -0.587271 0.204492 0.550820 0.809185 -0.928278 0.371439 -0.018253
0.727805 -28.056909 -28.936040 -319.216788 0.244376 0.774432 -0.583555 0.029421 0.595602 0.802741 -0.969234 0.213339 -0.122767
0.888423 -27.569064 3.392817 -425.162044 0.302394 0.759663 -0.575734 0.405828 0.443923 0.798897 -0.862474 0.475230 0.174052
0.745157 -30.769742 -30.441006 -348.745531 0.258212 0.798225 -0.544209 0.393807 0.427420 0.813774 -0.882181 0.424439 0.203981
-1.101840 -2.687608 11.054866 -26.601210 -0.069107 0.851085 0.520460 -0.655935 0.354315 -0.666491 0.751647 0.387447 -0.533770
-0.978608 -3.356676 5.694609 -20.483697 -0.124055 0.872983 0.471712 -0.723492 0.245767 -0.645103 0.679095 0.421308 -0.601107
-0.616059 -2.702520 13.506187 -31.690700 -0.085127 0.839654 0.536410 -0.660876 0.355312 -0.661057 0.745652 0.410774 -0.524660
-0.275643 -2.746211 5.739511 0.789273 0.593718 0.740713 0.314393 0.801319 -0.508609 -0.314968 -0.073398 0.438932 -0.895518
-0.251530 -2.846393 6.217730 13.451546 0.491563 0.797873 0.348947 0.862186 -0.389544 -0.323868 -0.122476 0.460059 -0.879400
-5.692183 -140.752614 60.149386 3213.328097 0.907292 0.415810 0.062639 -0.407820 0.906419 -0.109939 -0.102491 0.074201 0.991963
-0.871555 -40.932689 8.417506 -972.709439 0.861384 0.507098 0.029482 0.308912 -0.569042 0.762079 -0.403225 0.647335 0.646812
-40.568372 -133.072581 -620.895703 2768.428440 -0.290497 -0.649897 0.702314 0.917664 0.018742 0.396915 -0.271117 0.759791 0.590943
-2.551324 -57.488116 -35.675389 1385.947017 0.926469 0.326418 0.187367 -0.262111 0.916833 -0.301188 -0.270098 0.229931 0.934975
-9.190510 -133.729177 41.123466 2214.445479 0.966958 0.240938 0.083308 0.221250 -0.630785 -0.743746 0.126647 -0.737603 0.663251
-33.035403 -957.886332 665.060712 40066.013457 0.882053 0.416857 0.219573 0.470130 -0.748076 -0.468359 0.030982 -0.516345 0.855820
0.794288 -20.278623 29.356158 483.851076 0.892840 0.449405 -0.029531 -0.149067 0.233007 -0.960982 0.424989 -0.862405 -0.275029
1.189142 -30.949820 -0.342277 716.714761 0.910348 0.403870 0.090309 0.063880 0.078470 -0.994868 0.408884 -0.911445 -0.045636
1.448175 -31.355351 20.355596 694.805546 0.868237 0.495054 0.032951 0.077797 -0.070249 -0.994491 0.490012 -0.866018 0.099507
0.699362 -5.077854 21.657812 2.314470 0.406914 0.866843 0.288106 -0.176694 -0.234749 0.955862 -0.896214 0.439860 -0.057644
0.430743 -5.330463 34.675923 1.725007 0.427408 0.848873 0.311025 -0.293174 -0.195298 0.935899 -0.855202 0.491196 -0.165396
0.135967 -5.109725 37.214181 -2.159880 0.436535 0.847908 0.300816 -0.158137 -0.256838 0.953429 -0.885681 0.463775 -0.021967
0.706773 -5.450486 3.699607 20.110577 0.363929 0.882113 0.299051 -0.283122 -0.201111 0.937761 -0.887354 0.425947 -0.176556
0.597808 -4.651512 33.100112 0.701700 0.437958 0.847665 0.299429 -0.058838 -0.305329 0.950427 -0.897068 0.433865 0.083846
0.595808 -4.763336 -8.983310 24.597950 0.349131 0.883697 0.311749 -0.048817 -0.315080 0.947809 -0.935801 0.346128 0.066865
-6.565703 -7.634218 51.779888 47.198086 0.141831 0.989139 -0.038568 0.988473 -0.143605 -0.047949 0.052967 0.031322 0.998105
-5.835342 -8.136569 -4.913987 97.564849 0.079261 -0.990917 -0.108634 0.993809 0.087060 -0.069024 0.077854 -0.102490 0.991683
-5.908552 -6.983059 22.429954 22.104030 0.823100 0.551091 0.137131 -0.490107 0.811316 -0.318686 -0.286882 0.195102 0.937888
-5.091893 -7.063686 -17.538663 -19.795492 -0.521673 -0.834929 0.175360 0.763388 -0.365050 0.532895 -0.380914 0.411865 0.827811
-5.642426 -7.041953 36.527439 -29.877566 0.566987 0.823464 -0.020813 0.717122 -0.481019 0.504337 -0.405292 0.300878 0.863256
0.379674 -1.289667 36.477098 -6.083173 0.934795 -0.324902 0.143515 0.322505 0.945709 0.040319 -0.148823 0.008594 0.988827
1.295895 -1.434817 44.207215 -3.664218 0.979548 -0.024924 0.199663 0.028276 0.999503 -0.013956 -0.199216 0.019316 0.979765
1.904596 -1.965048 9.606616 -11.275309 0.948531 -0.157721 0.274616 0.170788 0.985011 -0.024185 -0.266685 0.069841 0.961250
-0.408606 -5.362078 -10.205064 -25.821218 0.319175 0.876785 0.359689 0.374749 0.231837 -0.897672 0.870454 -0.421308 0.254578
-0.341347 -5.414975 6.140821 6.436322 0.277488 0.854069 0.439963 0.164597 0.408913 -0.897607 0.946524 -0.321491 0.027109
-0.374655 -5.789564 -7.485350 -2.630296 0.299281 0.865877 0.400859 0.237421 0.339323 -0.910215 0.924155 -0.367582 0.104025
4.104759 -3.044134 -7.514451 -39.555517 0.080086 0.990432 0.112385 0.954481 -0.108697 0.277761 -0.287319 -0.085025 0.954054
-0.060333 -7.333868 -3.075713 -8.829350 0.703261 0.709966 -0.037026 0.410474 -0.362971 0.836518 -0.580460 0.603489 0.546687
-0.067734 -7.594659 0.259630 -4.958772 0.706139 0.706712 -0.043896 0.392608 -0.339191 0.854874 -0.589260 0.620893 0.516976
0.037368 -6.886200 -1.386207 -30.671243 0.696181 0.715206 -0.061742 0.297990 -0.209670 0.931258 -0.653096 0.666722 0.359092
0.015822 -7.765885 3.055407 18.997295 0.717523 0.695587 -0.036330 0.469979 -0.444986 0.762304 -0.514082 0.564045 0.646199
0.009128 -6.850975 2.458314 -22.686776 0.696686 0.712943 -0.079625 0.270650 -0.158429 0.949552 -0.664362 0.683090 0.303334
-0.096200 -7.241839 5.599320 -24.999531 0.703048 0.706450 -0.081555 0.262330 -0.151039 0.953085 -0.660989 0.691459 0.291511
-0.045116 -7.719686 3.078876 -4.053322 0.710630 0.701524 -0.053558 0.376445 -0.314811 0.871311 -0.594385 0.639342 0.487799
0.045816 -6.915386 -1.468635 30.152190 0.654928 0.733305 -0.182575 -0.409476 0.547422 0.729835 -0.635137 0.403229 -0.658792
0.591640 -8.199114 1.165397 31.746306 -0.710440 -0.654807 0.257881 -0.528087 0.738236 0.419681 -0.465187 0.161975 -0.870267
0.318423 -7.832515 -3.084282 40.011619 0.670451 0.711545 -0.210235 -0.488203 0.636445 0.597156 -0.558706 0.297727 -0.774084
0.368544 -13.765555 -3.425354 111.367124 0.513253 0.836024 0.193998 -0.312330 -0.028595 0.949543 -0.799388 0.547947 -0.246439
0.453780 -14.849577 -1.581633 26.589925 0.528960 0.829629 0.178654 -0.561855 0.184583 0.806380 -0.636019 0.526921 -0.563768
0.542971 -15.987097 2.489940 -6.912640 0.547852 0.817463 0.177799 0.695239 -0.326685 -0.640250 -0.465296 0.474375 -0.747307
0.452400 -14.959843 4.568282 48.019589 0.531126 0.824452 0.195406 -0.539564 0.151293 0.828240 -0.653281 0.545334 -0.525200
-0.241629 -9.400192 -9.906258 -138.808236 -0.638021 0.599400 0.483372 0.389703 0.792764 -0.468675 -0.664124 -0.110653 -0.739388
-0.568653 -8.194294 -12.618792 -95.350639 -0.641252 0.578426 0.504202 0.314249 0.797419 -0.515141 -0.700031 -0.171891 -0.693116
-0.600845 -12.134162 -15.384464 -214.059472 -0.632664 0.606454 0.481612 0.451444 0.794111 -0.406923 -0.629233 -0.040025 -0.776185
-0.033302 -8.189625 -8.770883 14.989559 0.508823 0.817174 0.270787 0.110837 -0.374117 0.920734 -0.853706 0.438478 0.280932
0.702676 -22.668353 -11.150378 -144.618679 0.227687 0.951457 0.207094 0.772134 -0.305997 0.556933 -0.593268 -0.033098 0.804324
0.539514 -32.157700 -19.214061 103.735399 0.247208 0.949025 0.195550 0.889242 -0.302365 0.343256 -0.384886 -0.089036 0.918660
-0.205530 -15.506171 14.268957 30.631260 -0.566244 0.608410 0.556062 0.579280 -0.186170 0.793584 0.586347 0.771478 -0.247022
-0.428939 -16.776041 24.074570 60.313523 -0.546687 0.610074 0.573535 0.730745 0.013175 0.682524 0.408834 0.792235 -0.453011
0.320333 -17.292568 11.144358 28.673894 -0.566096 0.609277 0.555263 0.735103 0.068294 0.674507 0.373041 0.790011 -0.486542
0.181146 -15.541840 3.557444 14.974123 -0.580396 0.613284 0.535745 0.584682 -0.144096 0.798363 0.566822 0.776607 -0.274944
0.503958 -16.745488 -5.426395 0.281986 -0.587227 0.618734 0.521855 0.737494 0.143299 0.659976 0.333568 0.772420 -0.540462
0.991832 -56.979320 81.696814 -1337.664007 0.105087 0.964202 0.243457 0.422162 0.178406 -0.888792 0.900409 -0.196179 0.388302
