13139
26265
-4.766123 -5.682185 17.626129 64.690007 0.795865 0.016827 -0.605240 0.604920 0.020634 0.796019 -0.025883 0.999645 -0.006243
-5.167933 -6.763679 37.469046 49.356924 0.801581 -0.042463 -0.596376 0.593599 0.175760 0.785333 -0.071471 0.983517 -0.166092
-4.896901 -7.632227 28.119069 121.596128 -0.302821 0.024834 0.952724 0.945708 0.131654 0.297159 -0.118051 0.990985 -0.063354
-4.024324 -6.014698 4.059029 38.804533 0.972212 -0.048369 -0.229052 0.233531 0.132034 0.963343 0.016353 0.990064 -0.139660
-3.862021 -5.827207 35.557904 97.659074 -0.493319 -0.099466 0.864143 0.869539 -0.029894 0.492959 -0.023200 0.994592 0.101236
-3.355546 -4.747692 10.759208 43.137381 0.987761 0.007859 -0.155777 0.155820 -0.094313 0.983273 0.006964 0.995512 0.094384
-3.609452 -5.120737 6.735728 36.562518 0.998834 -0.046997 -0.011011 0.010979 -0.000934 0.999939 0.047005 0.998895 0.000417
-3.634458 -6.170067 20.224857 11.379111 -0.723952 0.530428 -0.441066 -0.015216 0.626931 0.778927 0.689682 0.570617 -0.445797
-3.340041 -6.409939 8.680622 10.682407 -0.725211 0.496515 -0.477014 0.071413 0.743308 0.665126 0.684814 0.448292 -0.574513
-3.051664 -6.457785 11.964019 14.353068 -0.776213 0.474953 -0.414625 0.084276 0.729904 0.678334 0.624813 0.491589 -0.606588
-3.032449 -6.483100 -5.834735 0.162514 -0.725535 0.492307 -0.480867 0.180166 0.810256 0.557697 0.664184 0.317993 -0.676565
-3.078915 -6.083234 -14.392635 11.543066 0.791016 -0.434720 0.430480 -0.060403 0.644702 0.762044 0.608807 0.628791 -0.483711
-2.893709 -6.337813 -17.139204 13.908156 0.827898 -0.394423 0.398767 -0.011596 0.698780 0.715243 0.560758 0.596773 -0.573945
-3.092896 -6.614832 7.794761 18.279908 -0.826796 0.419546 -0.374686 0.101806 0.766716 0.633863 0.553212 0.485930 -0.676630
-2.868927 -6.597870 -6.814953 1.696215 -0.774328 0.481865 -0.410150 0.220180 0.812835 0.539278 0.593243 0.327271 -0.735497
5.614619 -3.261597 -171.551585 11.882647 -0.444436 0.634052 0.632814 0.859081 0.101468 0.501681 0.253882 0.766604 -0.589798
6.303988 -4.053736 -37.000671 4.025147 -0.487655 0.391476 0.780345 0.866453 0.107458 0.487557 0.107013 0.913892 -0.391598
6.008456 -3.668636 -159.873054 27.905670 -0.530265 0.592093 0.606832 0.824934 0.195097 0.530491 0.195709 0.781897 -0.591891
3.823665 -3.024065 -154.905298 23.195501 -0.488280 0.672099 0.556656 0.832238 0.166674 0.528771 0.262606 0.721459 -0.640730
3.095725 -2.724162 -142.379287 -3.910772 -0.393630 0.694008 0.602834 0.873416 0.077824 0.480717 0.286706 0.715749 -0.636791
0.927705 -4.808408 -52.764151 -3.991458 0.865111 -0.084893 -0.494344 0.077061 0.996367 -0.036247 0.495625 -0.006737 0.868511
0.716667 -5.060652 -62.496612 -2.039185 0.870416 -0.081988 -0.485441 0.019834 0.991075 -0.131824 0.491917 0.105113 0.864274
1.650428 -4.849936 -25.702840 -2.649082 0.837213 -0.071415 -0.542194 0.025889 0.995501 -0.091146 0.546264 0.062272 0.835295
1.764725 -4.568969 -21.915525 -6.797473 0.827434 -0.055088 -0.558854 0.078413 0.996761 0.017843 0.556062 -0.058585 0.829074
1.222696 -4.500940 -48.069651 -11.789806 0.860552 -0.076071 -0.503649 0.131676 0.988398 0.075699 0.492048 -0.131462 0.860585
0.649167 -3.801016 48.698293 -7.653890 0.975081 -0.078553 -0.207476 0.220772 0.435617 0.872638 -0.021832 0.896698 -0.442104
1.893889 -3.853697 47.939069 -5.189367 0.957057 -0.055626 -0.284514 0.281128 0.417697 0.864000 -0.070780 0.906882 -0.415398
1.613051 -3.665405 47.582640 -3.999244 0.967653 -0.070629 -0.242198 0.244688 0.496580 0.832788 -0.061452 0.865113 -0.497799
0.269297 -3.677670 37.577606 -8.945239 0.976463 -0.071321 -0.203553 0.211150 0.508648 0.834681 -0.044007 0.858015 -0.511736
1.088032 -3.457995 49.899048 -9.506985 0.973838 -0.075366 -0.214380 0.218379 0.571292 0.791161 -0.062847 0.817279 -0.572805
2.917386 -10.293714 7.598874 10.952824 0.655805 -0.045995 -0.753528 -0.018504 0.996863 -0.076952 0.754704 0.064408 0.652897
3.165536 -9.724518 0.556178 25.709161 0.717729 -0.090261 -0.690448 0.027787 0.994486 -0.101122 0.695768 0.053393 0.716279
2.401925 -9.672742 -6.030949 -17.928722 0.720426 -0.066776 -0.690310 -0.126675 0.965940 -0.225640 0.681865 0.250002 0.687429
1.931586 -9.418061 -3.730412 -43.147997 0.784997 -0.110502 -0.609565 -0.108989 0.943981 -0.311481 0.609837 0.310947 0.728979
1.624762 -9.824376 -20.217906 -36.252581 0.762196 -0.049168 -0.645477 -0.269921 0.882159 -0.385926 0.588388 0.468379 0.659106
1.947238 -9.931399 -6.056310 -28.784117 0.698055 -0.037700 -0.715051 -0.307723 0.885898 -0.347118 0.646548 0.462345 0.606805
2.278068 -10.513598 8.824816 -30.053088 0.641990 -0.034244 -0.765948 -0.199642 0.957075 -0.210122 0.740265 0.287812 0.607596
-0.623960 -7.588032 -12.862933 -15.279981 -0.561593 0.042666 0.826313 0.689670 -0.527608 0.495969 0.457131 0.848416 0.266876
-0.171048 -7.805943 -23.616284 -17.021477 -0.539522 0.068771 0.839158 0.688329 -0.537950 0.486635 0.484891 0.840167 0.242899
-0.320417 -7.150321 -21.947234 11.161981 -0.547348 0.073970 0.833630 0.736428 -0.430653 0.521740 0.397598 0.899481 0.181244
-1.040965 -8.787133 47.131166 234.430180 0.887516 -0.169099 -0.428627 0.414285 -0.114355 0.902935 0.201701 0.978943 0.031437
-1.410366 -10.633812 49.754850 168.063454 0.849362 -0.204143 -0.486734 0.513116 0.103278 0.852083 0.123678 0.973478 -0.192469
-2.212949 -10.500353 21.745217 239.208156 0.795944 -0.099301 -0.597170 0.580699 -0.153505 0.799516 0.171061 0.983146 0.064517
-1.186169 -6.521559 28.962620 148.306275 0.869996 -0.133454 -0.474655 0.448910 -0.183769 0.874476 0.203929 0.973868 0.099970
-2.415398 -10.368476 6.636632 275.548716 -0.693841 0.008443 0.720079 0.710047 -0.158711 0.686035 0.120077 0.987289 0.104125
-1.693016 -6.337653 1.723104 173.449353 0.716098 -0.030288 -0.697342 0.673008 -0.234984 0.701316 0.185106 0.971527 0.147887
-1.396157 -2.077160 -70.257874 -22.318962 0.169143 0.842009 0.512260 0.933187 0.030404 -0.358104 -0.317102 0.538605 -0.780609
-2.483035 -2.742089 -37.981535 -42.119399 0.948869 0.167066 -0.267835 0.039150 0.779636 0.625008 -0.313232 0.603536 -0.733232
-1.984670 -3.148512 -38.872934 -25.284723 -0.389231 0.673116 0.628819 0.895812 0.435590 0.088221 -0.214524 0.597642 -0.772531
-0.898838 -2.013212 -75.193856 -23.189725 0.768325 0.636773 0.064780 -0.509388 0.547045 0.664278 -0.387557 0.543380 -0.744673
-0.367461 -2.020772 -61.630671 -22.957781 -0.030605 0.834459 0.550219 0.960536 0.176813 -0.214726 -0.276466 0.521934 -0.806940
1.090842 -1.279958 -95.103347 -14.786794 0.378336 0.844861 0.378249 0.857494 -0.165965 -0.486990 -0.348663 0.508592 -0.787254
0.071024 -4.390950 16.431370 -8.072481 0.788735 -0.256267 -0.558771 -0.195562 0.757142 -0.623291 -0.582798 -0.600885 -0.547068
2.799109 -4.656149 -92.132717 -23.180929 -0.774550 0.246564 0.582476 -0.185441 0.791905 -0.581806 -0.604718 -0.558653 -0.567647
0.366264 -4.079882 24.781676 -21.534613 0.776299 -0.213102 -0.593252 -0.274120 0.733358 -0.622129 -0.567643 -0.645580 -0.510889
-0.716413 -6.537447 9.116569 13.838953 0.884443 -0.313733 -0.345444 0.428938 0.255043 0.866583 0.183773 0.914617 -0.360143
-0.544366 -6.273543 2.393599 -12.386943 0.894410 -0.294322 -0.336758 0.389854 0.144036 0.909542 0.219193 0.944790 -0.243570
-0.589257 -6.522125 -3.097560 3.670699 0.895602 -0.294291 -0.333601 0.407044 0.239565 0.881433 0.179478 0.925203 -0.334345
-0.626201 -6.324569 -16.017947 8.056166 0.879212 -0.295797 -0.373484 0.469672 0.406551 0.783661 0.079964 0.864419 -0.496372
-0.520706 -5.957716 -5.494608 37.686665 0.907217 -0.296537 -0.298368 0.384450 0.296566 0.874212 0.170750 0.907807 -0.383053
-0.495990 -6.337613 0.274716 -1.203977 0.899363 -0.315565 -0.302597 0.381775 0.229559 0.895293 0.213060 0.920718 -0.326932
-0.704948 -13.545970 21.000840 -13.737260 0.750709 -0.492211 -0.440640 -0.635581 -0.720050 -0.278505 0.180200 -0.489139 0.853388
-0.825637 -12.842004 18.214692 -2.746688 0.771694 -0.466302 -0.432494 0.536913 0.842154 0.050022 0.340901 -0.270813 0.900248
-1.023218 -13.692680 2.391856 -0.821145 0.753190 -0.517124 -0.406556 -0.633096 -0.737669 -0.234593 0.178590 -0.434082 0.882994
-0.854546 -13.698845 10.135152 -57.674424 0.738170 -0.528508 -0.419267 -0.673295 -0.616030 -0.408877 0.042186 -0.584111 0.810577
-0.813693 -16.776795 38.599171 125.901304 0.799004 -0.183161 -0.572751 -0.597647 -0.347077 -0.722742 0.066410 -0.919777 0.386781
0.056776 -16.607977 14.398497 202.679478 0.803359 -0.189910 -0.564401 -0.595454 -0.267342 -0.757604 0.007011 -0.944702 0.327854
-0.018622 -16.609177 20.526615 -15.121105 0.789426 -0.191125 -0.583334 -0.562528 -0.605613 -0.562845 0.245701 -0.772466 0.585599
-2.399147 -7.845304 -15.012312 -58.201602 0.752582 -0.013579 -0.658358 -0.262853 0.910487 -0.319252 0.603762 0.413314 0.681647
-2.199113 -9.144802 -15.248306 71.322438 0.755796 0.009258 -0.654742 0.390345 -0.809184 0.439149 0.525741 0.587483 0.615192
-1.932185 -8.283227 -19.805279 -52.291742 0.793700 0.007911 -0.608258 -0.285141 0.888098 -0.360522 0.537340 0.459586 0.707140
-2.740640 -8.825969 -11.102658 -54.428707 0.704874 -0.048626 -0.707664 -0.357833 0.837025 -0.413938 0.612460 0.545000 0.572597
-2.207170 -7.137095 -20.194826 -21.970223 0.793492 -0.043420 -0.607030 -0.143638 0.955910 -0.256134 0.591388 0.290433 0.752270
-2.508510 -6.742370 -13.612055 -30.056646 0.743736 -0.014160 -0.668324 -0.165179 0.964880 -0.204260 0.647744 0.262309 0.715277
-4.095678 -519.349816 66.503283 23347.649749 0.941999 -0.216164 -0.256731 0.264599 0.007771 0.964327 0.206457 0.976326 -0.064517
-5.796604 -239.723998 150.418724 -9402.799131 0.975164 -0.198572 -0.098102 -0.107270 -0.810955 0.575191 0.193773 0.550382 0.812115
15.297425 -544.199841 1023.786909 74693.973863 0.935531 -0.338489 -0.101033 -0.272149 -0.872990 0.404750 0.225205 0.351160 0.908829
-0.401084 -101.477482 41.738275 3386.223006 0.954761 -0.251019 -0.159437 0.108078 -0.206574 0.972443 0.277038 0.945683 0.170100
5.840166 -169.353501 300.557238 9262.041583 0.915349 -0.300713 -0.267784 0.396972 0.785336 0.475037 -0.067451 0.541127 -0.838232
-17.201303 -205.703727 -758.293475 -5700.203821 -0.685367 0.672871 -0.278418 0.392616 0.663454 0.636932 -0.613291 -0.327221 0.718889
3.729368 -170.839332 610.432504 651.858514 0.762651 -0.574005 0.298131 0.348833 0.753158 0.557734 -0.544682 -0.321359 0.774629
38.031127 -298.884446 2136.254593 -33459.889261 0.753208 -0.571474 0.325723 -0.648788 -0.563819 0.511060 0.108409 0.596259 0.795438
-26.194792 -247.644844 888.492977 -5496.520465 0.757112 -0.545772 0.359046 -0.646615 -0.547719 0.530936 0.093114 0.634143 0.767589
-1.967840 -3.183653 -14.557764 35.154785 0.949864 0.245711 -0.193353 -0.055784 -0.475302 -0.878053 0.307648 -0.844816 0.437765
-1.030818 -2.328942 -44.597489 15.989931 0.848397 0.434801 0.301945 0.423295 -0.214709 -0.880183 0.317874 -0.874556 0.366207
-2.124892 -3.337244 -9.672631 55.977631 0.894733 0.163995 -0.415401 -0.287844 -0.499411 -0.817150 0.341465 -0.850702 0.399634
-0.306869 -5.063104 32.497273 3.222541 0.784451 -0.448112 -0.428756 0.239647 -0.418617 0.875973 0.572018 0.789909 0.220996
-0.763390 -5.165606 15.177879 6.941550 0.806222 -0.466855 -0.363389 0.163030 -0.415134 0.895033 0.568706 0.780839 0.258579
-0.724812 -4.807596 16.651563 7.703015 0.795623 -0.450920 -0.404543 0.137203 -0.516310 0.845340 0.590050 0.728076 0.348921
0.467272 -16.855253 -5.984897 176.700853 0.814135 0.126349 -0.566763 0.558784 -0.435943 0.705489 0.157938 0.891061 0.425518
0.061978 -15.930312 -5.997450 10.980752 0.834190 0.122320 -0.537740 0.467640 -0.673726 0.572193 0.292299 0.728787 0.619218
0.311017 -17.278436 2.499165 202.497046 0.813590 0.136797 -0.565117 0.542682 -0.527567 0.653583 0.208729 0.838427 0.503460
-14.855223 -326.730071 692.039692 -11068.606705 -0.448917 0.836050 -0.315427 0.671622 0.548528 0.498037 -0.589404 -0.011730 0.807753
-26.710379 -53.659175 386.743252 -991.415658 -0.707925 0.705279 -0.037724 0.610609 0.637995 0.469167 -0.354962 -0.309101 0.882303
-19.197807 -30.548441 307.955057 -252.049182 -0.545467 0.835273 -0.069180 0.830781 0.549746 0.087079 -0.110766 0.009975 0.993796
-13.981748 -41.948211 289.197884 -982.287008 -0.310382 0.892671 -0.326806 0.857736 0.411197 0.308554 -0.409819 0.184544 0.893304
0.696694 -3.055492 -18.194179 -1.282496 0.765577 -0.108163 -0.634187 0.447852 0.797297 0.404655 -0.461867 0.593816 -0.658833
1.111075 -3.210054 -9.796074 -10.427003 0.812621 -0.074712 -0.577984 0.419366 0.763643 0.490900 -0.404698 0.641302 -0.651883
0.557211 -2.937543 -26.867764 -12.219937 0.808250 -0.036695 -0.587694 0.412734 0.747149 0.520978 -0.419978 0.663642 -0.619029
1.911143 -8.540006 -29.981332 20.665684 0.811423 -0.040481 -0.583056 -0.505027 -0.550687 -0.664599 0.294178 -0.833730 0.467284
2.533841 -8.190535 -6.524812 38.136924 0.768726 0.002197 -0.639575 -0.578354 -0.424563 -0.696601 0.273070 -0.905396 0.325102
1.616798 -7.402857 -34.888362 45.399192 0.787964 -0.085386 -0.609773 -0.598978 -0.335680 -0.727010 0.142612 -0.938098 0.315648
-0.455811 -5.116817 12.206458 -3.893008 0.731435 -0.291341 -0.616541 -0.560676 0.257676 -0.786922 -0.388131 -0.921262 -0.025125
-0.442547 -5.422244 -8.690669 -13.943013 0.732390 -0.336470 -0.591940 -0.519772 0.285289 -0.805262 -0.439820 -0.897440 -0.034055
-0.255470 -5.081970 3.666216 -7.038610 0.717446 -0.301081 -0.628189 -0.614628 0.150852 -0.774259 -0.327878 -0.941591 0.076824
1.710082 -1.603731 37.462998 -9.936349 -0.795036 -0.325081 0.512094 -0.244724 0.944403 0.219576 -0.555003 0.049249 -0.830389
1.101361 -1.272137 51.273460 -14.042285 -0.778083 -0.307074 0.547990 -0.245605 0.951643 0.184537 -0.578157 0.008997 -0.815876
2.031911 -1.533487 36.822470 -0.890980 -0.821566 -0.262239 0.506221 -0.218167 0.964958 0.145808 -0.526718 0.009350 -0.849989
2.241429 -1.740753 -2.216097 -0.382009 -0.856143 -0.291824 0.426447 -0.239303 0.955349 0.173330 -0.457987 0.046345 -0.887750
2.181567 -1.688735 1.731102 -7.825029 -0.833918 -0.349723 0.426937 -0.269864 0.933197 0.237310 -0.481409 0.082682 -0.872588
1.821605 -1.897849 21.287340 -15.386433 -0.803927 -0.345620 0.483991 -0.242744 0.933620 0.263494 -0.542933 0.094344 -0.834460
-0.295896 -4.707035 -3.649250 36.246460 0.888111 -0.254659 -0.382633 -0.339291 0.198362 -0.919529 -0.310066 -0.946468 -0.089764
-0.277177 -4.873754 -15.890541 14.460475 0.862802 -0.290075 -0.414040 -0.387155 0.147528 -0.910135 -0.325090 -0.945564 -0.014984
-0.408449 -4.922685 -10.353052 55.199454 0.864166 -0.256556 -0.432892 -0.346025 0.321630 -0.881374 -0.365353 -0.911446 -0.189167
-0.123837 -5.043491 1.512316 -32.618653 0.898964 -0.247102 -0.361670 -0.369950 0.013765 -0.928950 -0.234523 -0.968892 0.079041
-0.489859 -4.915615 1.691200 56.665407 0.891840 -0.240770 -0.382950 -0.295485 0.330919 -0.896204 -0.342504 -0.912427 -0.223983
-0.345985 -4.713709 7.052721 25.427380 0.903036 -0.241621 -0.355169 -0.315939 0.186614 -0.930246 -0.291046 -0.952258 -0.092182
-1.033461 -4.243990 -3.676115 60.965776 -0.550044 -0.216032 0.806710 0.832374 -0.063323 0.550585 -0.067860 0.974331 0.214650
-1.114656 -4.142151 -23.285659 67.842203 -0.581254 -0.165252 0.796766 0.813528 -0.096653 0.573437 -0.017752 0.981504 0.190617
-1.463866 -6.892786 9.260545 144.313336 -0.598538 -0.249327 0.761307 0.788314 -0.014238 0.615109 -0.142524 0.968315 0.205070
-0.974473 -3.668105 -14.465313 -20.695599 -0.616493 -0.177640 0.767060 0.787056 -0.111960 0.606636 -0.021883 0.977706 0.208835
-0.907309 -4.573933 26.165515 56.755573 -0.586166 -0.268875 0.764274 0.799273 -0.037566 0.599793 -0.132559 0.962442 0.236924
-1.176039 -3.708703 12.043433 -9.640670 -0.633891 -0.235827 0.736592 0.769237 -0.093296 0.632115 -0.080349 0.967306 0.240547
-1.028022 -9.306300 5.347162 -59.986065 -0.717049 -0.047387 0.695410 -0.280091 0.933181 -0.225217 -0.638270 -0.356270 -0.682409
-0.892011 -9.650014 -1.516177 -42.381315 -0.718149 -0.012817 0.695772 -0.198529 0.962053 -0.187192 -0.666970 -0.272562 -0.693441
-0.746371 -10.918370 -0.330442 -77.135649 -0.723769 -0.041085 0.688819 -0.091463 0.995130 -0.036748 -0.683954 -0.089599 -0.724002
-1.183557 -8.549451 4.191139 -26.332197 -0.705941 -0.009498 0.708207 -0.360033 0.865899 -0.347269 -0.609937 -0.500129 -0.614693
-0.878334 -9.663302 -4.788050 -51.997055 -0.733790 -0.077491 0.674943 -0.185940 0.978448 -0.089815 -0.653436 -0.191404 -0.732384
-0.886442 -8.958035 -3.635462 -59.761081 -0.731322 -0.078307 0.677522 -0.317418 0.918325 -0.236485 -0.603667 -0.388004 -0.696447
-1.202051 -8.331881 0.642589 -30.353661 -0.723457 -0.045186 0.688889 -0.401384 0.839400 -0.366468 -0.561694 -0.541633 -0.625407
-0.233638 -11.094712 2.822455 11.049692 0.836672 0.012997 -0.547549 0.450647 0.551845 0.701701 -0.311282 0.833846 -0.455856
0.146029 -9.626725 15.755389 49.119742 0.848695 -0.004321 -0.528865 0.493879 0.364220 0.789574 -0.189212 0.931303 -0.311246
0.334724 -10.188836 8.971041 -7.654994 0.824377 -0.003813 -0.566029 0.450479 0.609912 0.651979 -0.342742 0.792460 -0.504515
0.136339 -10.646609 0.979651 -9.780303 0.809015 -0.009761 -0.587707 0.418662 0.711382 0.564498 -0.412574 0.702738 -0.579605
-0.371378 -11.926795 4.356016 20.596788 0.811818 -0.026656 -0.583301 0.409253 0.738507 0.535835 -0.416489 0.673718 -0.610443
-1.010410 -12.792328 15.805723 48.597031 0.837954 0.013489 -0.545574 0.439015 0.577193 0.688559 -0.324189 0.816496 -0.477739
1.477555 -6.725549 4.519222 28.750746 -0.616120 -0.218842 0.756640 0.756483 0.103151 0.645827 -0.219382 0.970293 0.101997
1.400318 -6.445372 14.973884 -16.436520 -0.649566 -0.220783 0.727543 0.754314 -0.067249 0.653060 -0.095258 0.973002 0.210223
0.823820 -5.634380 20.485619 -12.437946 -0.617954 -0.251440 0.744924 0.769498 0.000915 0.638648 -0.161263 0.967873 0.192917
0.881159 -6.513053 22.108456 48.593625 -0.579422 -0.271810 0.768368 0.771673 0.120424 0.624514 -0.262279 0.954787 0.139972
1.453491 -9.545159 9.782325 121.688000 -0.606061 -0.247696 0.755868 0.708637 0.263478 0.654532 -0.361280 0.932323 0.015843
-1.371439 -11.241919 18.612206 31.092713 0.874125 0.061084 -0.481844 0.436097 0.338053 0.833990 -0.213832 0.939143 -0.268862
-1.552118 -10.023403 20.820627 114.210176 0.852564 0.082881 -0.516010 0.504238 0.129129 0.853856 -0.137400 0.988158 -0.068299
-1.138322 -8.743429 7.671175 128.539056 0.873332 0.072030 -0.481770 0.481313 0.024731 0.876200 -0.075027 0.997096 0.013070
-0.039698 -3.578405 9.015971 34.524939 -0.892701 0.200902 0.403391 0.261856 0.959755 0.101496 -0.366765 0.196236 -0.909381
0.008406 -4.248236 9.199277 35.516338 -0.872869 0.262145 0.411559 0.304886 0.951525 0.040549 -0.380979 0.160872 -0.910481
0.198577 -2.913787 3.197736 31.033138 -0.911330 0.142703 0.386151 0.233343 0.951825 0.198947 -0.339158 0.271412 -0.900726
0.417608 -17.206730 21.496509 -0.883077 0.892592 -0.110543 -0.437103 0.353108 -0.431420 0.830175 0.280345 0.895353 0.346049
-0.332080 -16.758645 41.110762 61.839254 0.893482 -0.146793 -0.424432 0.195033 -0.724475 0.661134 0.404540 0.673489 0.618676
0.350788 -15.886260 22.046738 51.469474 0.886158 -0.110320 -0.450060 0.261484 -0.682786 0.682223 0.382558 0.722241 0.576209
-0.573149 -17.530644 24.910953 -26.140570 0.908818 -0.157543 -0.386302 0.250524 -0.534330 0.807297 0.333597 0.830465 0.446140
0.685421 -16.441254 -0.131180 117.830127 0.888490 -0.067382 -0.453921 0.346139 -0.551021 0.759318 0.301284 0.831767 0.466253
-0.001772 -12.217632 14.468306 84.450426 0.918175 -0.166865 -0.359319 -0.395913 -0.353521 -0.847512 -0.014393 -0.920423 0.390658
0.097163 -10.824212 1.319025 43.673246 0.925269 -0.179732 -0.334026 -0.373193 -0.273836 -0.886420 -0.067850 -0.944833 0.320447
0.145349 -10.480813 11.792265 38.896000 0.911942 -0.173628 -0.371774 -0.395914 -0.134369 -0.908403 -0.107769 -0.975602 0.191279
0.194481 -12.071387 4.641917 59.061019 0.894702 -0.203946 -0.397384 -0.429482 -0.148424 -0.890795 -0.122693 -0.967665 0.220386
-0.278721 -15.225404 8.047943 134.900573 0.888738 -0.225103 -0.399342 -0.458058 -0.470508 -0.754192 0.018123 -0.853200 0.521268
0.200286 -9.480600 -15.829998 -49.606614 0.850418 -0.233488 -0.471458 -0.393456 0.312639 -0.864551 -0.349259 -0.920728 -0.174007
0.521962 -10.323510 -20.207151 -35.852045 0.839081 -0.227229 -0.494277 -0.340859 0.488518 -0.803222 -0.423978 -0.842447 -0.332453
0.090850 -9.723150 -14.783929 -30.990621 0.835003 -0.200167 -0.512545 -0.353137 0.519399 -0.778151 -0.421976 -0.830757 -0.363013
-0.289781 -9.019332 -15.159397 -39.750412 0.847967 -0.218522 -0.482908 -0.405483 0.319329 -0.856512 -0.341373 -0.922105 -0.182173
-0.463824 -5.193667 -6.133112 4.999673 0.864859 0.081054 -0.495429 0.440563 -0.595668 0.671628 0.240673 0.799131 0.550878
-0.581517 -5.108041 -7.393369 11.718314 0.846956 0.088877 -0.524181 0.491279 -0.507740 0.707704 0.203249 0.856913 0.473697
-0.397372 -5.284982 -4.610073 9.313560 0.852472 0.089602 -0.515037 0.492803 -0.466517 0.734511 0.174460 0.879962 0.441849
-192.401102 -371.445464 -3957.673503 17906.465230 0.568829 0.788157 0.235038 -0.353588 -0.023667 0.935102 -0.742569 0.615019 -0.265221
-85.457242 -195.024881 2061.609485 6366.031089 0.881298 -0.272544 -0.386049 0.463904 0.654625 0.596874 -0.090043 0.705114 -0.703354
-230.777722 -896.342567 -3684.114069 -49323.738579 -0.550429 0.700804 0.453765 0.539982 0.713354 -0.446706 -0.636747 -0.000855 -0.771072
-115.691982 -1494.448668 3669.135922 -72201.010245 0.521149 0.072031 0.850421 0.757409 0.420225 -0.499743 -0.393365 0.904557 0.164443
192.298436 -1046.443987 9197.054085 -51815.823010 -0.132736 0.708084 -0.693540 0.083488 0.705233 0.704043 -0.987629 -0.035550 0.152727
1.184470 -5.618738 -19.936559 17.670434 0.711695 -0.071704 -0.698820 -0.684160 0.155005 -0.712670 -0.159422 -0.985308 -0.061259
-1.674924 -8.063037 148.869663 -131.373191 0.648908 0.100968 -0.754138 0.759249 -0.150540 0.633150 -0.049600 -0.983434 -0.174347
-0.482188 -4.205717 53.783907 35.204731 0.753035 -0.001796 -0.657978 -0.636401 0.252016 -0.729028 -0.167130 -0.967721 -0.188634
-0.218940 -6.305101 6.331777 19.150958 0.774296 -0.070790 -0.628852 0.529868 0.615824 0.583095 -0.345985 0.784697 -0.514339
-0.185399 -6.682145 -0.494910 9.873455 0.753725 -0.062197 -0.654240 0.539741 0.626540 0.562252 -0.374937 0.776903 -0.505809
-0.066225 -6.249874 0.881171 24.604470 0.778550 -0.037906 -0.626436 0.557700 0.499538 0.662896 -0.287801 0.865462 -0.410056
-0.010345 -5.803206 0.380239 28.738524 0.797874 -0.024786 -0.602315 0.536356 0.485275 0.690529 -0.275173 0.874010 -0.400483
-6.349047 -7.756721 -18.195038 63.514298 -0.419987 0.127237 0.898567 0.883330 0.284441 0.372588 -0.208183 0.950212 -0.231854
-5.433401 -7.509275 43.811043 38.019535 0.779898 -0.087847 -0.619711 0.611052 0.321293 0.723455 -0.135555 0.942897 -0.304255
-4.424797 -7.046505 -2.741375 35.244866 0.915833 -0.087256 -0.391964 0.398667 0.314506 0.861482 -0.048106 0.945237 -0.322821
-3.816373 -6.487233 38.078352 -3.019811 -0.705823 0.510864 -0.490746 0.183012 0.800750 0.570356 0.684340 0.312758 -0.658682
6.963377 -4.582491 -12.425216 32.158047 -0.583570 0.314066 0.748871 0.812051 0.220802 0.540203 0.004307 0.923368 -0.383892
7.184811 -5.181543 107.220706 -5.179636 -0.460602 0.068557 0.884955 0.887258 0.007624 0.461211 0.024872 0.997618 -0.064339
7.640573 -5.589941 125.748855 23.972635 -0.529736 0.073472 0.844975 0.840015 0.183204 0.510696 -0.117281 0.980325 -0.158767
1.168017 -5.009822 -37.458330 -1.411402 0.853326 -0.089480 -0.513642 -0.020184 0.978755 -0.204036 0.520987 0.184477 0.833391
0.095888 -5.146113 -58.181575 -3.541468 0.870914 -0.105931 -0.479884 -0.009314 0.972759 -0.231633 0.491348 0.206202 0.846202
-0.476095 -5.104652 -60.240287 -0.122916 0.870591 -0.119860 -0.477184 -0.064759 0.933519 -0.352631 0.487727 0.337900 0.804951
1.012840 -5.009006 -53.817788 3.613880 0.864767 -0.110606 -0.489841 -0.065417 0.942319 -0.328262 0.497894 0.315914 0.807651
2.022903 -3.999848 35.556656 -4.723511 0.938478 -0.036376 -0.343417 0.336017 0.325666 0.883761 -0.079692 0.944785 -0.317854
2.757583 -4.056534 25.449866 -5.711972 0.935666 0.006749 -0.352822 0.319472 0.408475 0.855035 -0.149890 0.912744 -0.380040
0.944155 -3.843181 46.249825 -2.885709 0.964598 -0.073930 -0.253152 0.263232 0.328632 0.907033 -0.016137 0.941560 -0.336459
3.557786 -9.841878 7.100549 33.642445 0.701820 -0.099062 -0.705433 0.158748 0.987130 0.019316 0.694440 -0.125542 0.708514
-1.334510 -11.091799 2.546959 54.438135 0.701654 0.006082 -0.712492 -0.418622 0.812695 -0.405317 -0.576574 -0.582657 -0.572777
-1.551653 -11.920430 -0.960142 -20.084163 0.701727 -0.011812 -0.712348 -0.567536 0.595152 -0.568943 -0.430676 -0.803526 -0.410930
-1.537388 -12.246249 -4.535982 36.353829 0.691299 -0.056541 -0.720353 -0.467264 0.725449 -0.505359 -0.551153 -0.685949 -0.475083
-1.054691 -11.063580 16.925233 -4.606586 0.723092 0.077365 -0.686405 -0.538707 0.685144 -0.490277 -0.432356 -0.724287 -0.537099
-1.252483 -10.601920 14.934388 110.597315 -0.675637 0.061427 0.734671 -0.274804 0.903721 -0.328284 -0.684103 -0.423692 -0.593707
-1.071701 -9.386622 -15.744138 108.204345 -0.713772 -0.048574 0.698691 -0.265958 0.941666 -0.206232 -0.647916 -0.333025 -0.685054
-0.953196 -10.441458 -19.553648 64.898102 -0.721048 -0.079403 0.688320 -0.412537 0.847341 -0.334405 -0.556689 -0.525080 -0.643730
-1.186537 -9.617806 0.659561 108.539908 -0.692418 0.008203 0.721450 -0.253518 0.933407 -0.253929 -0.675490 -0.358726 -0.644228
-3.197915 -3.658684 -39.178742 -16.508820 -0.411115 0.598199 0.687854 0.887154 0.436069 0.151001 -0.209623 0.672311 -0.709969
-3.046251 -3.686725 -45.045363 -24.852606 0.953755 0.250739 -0.165776 -0.053864 0.685150 0.726408 -0.295720 0.683886 -0.666971
0.052196 -3.839840 -2.209850 14.733154 0.848166 -0.236368 -0.474072 0.186105 -0.704925 0.684431 0.495963 0.668738 0.553904
-0.043159 -4.353292 -12.029742 21.014423 0.857514 -0.223919 -0.463173 0.230618 -0.637475 0.735147 0.459874 0.737215 0.495004
-0.053430 -3.929614 4.870814 13.739604 0.848718 -0.227871 -0.477234 0.202172 -0.694059 0.690947 0.488676 0.682903 0.542991
-0.691691 -6.264185 2.617976 -10.602894 0.883950 -0.276282 -0.377228 0.416694 0.099454 0.903590 0.212129 0.955917 -0.203037
-0.587980 -5.235090 11.399404 34.300432 0.889139 -0.296669 -0.348452 0.350243 -0.048944 0.935379 0.294552 0.953725 -0.060389
-0.714588 -6.510813 9.272025 3.608250 0.885482 -0.296251 -0.357992 0.420111 0.181175 0.889203 0.198568 0.937769 -0.284885
-1.005503 -13.018187 6.580380 -29.694316 0.780451 -0.468411 -0.414111 0.506974 0.861746 -0.019277 0.365888 -0.194899 0.910022
1.527594 -14.128432 67.109147 147.539326 -0.700467 0.021043 0.713374 0.396482 0.842600 0.364454 -0.593420 0.538128 -0.598557
0.864655 -13.594653 -73.166531 75.191339 0.685482 -0.037889 -0.727104 0.534507 0.704285 0.467210 -0.494386 0.708906 -0.503026
0.121507 -14.800882 42.262682 81.027818 -0.724784 0.015645 0.688799 0.338225 0.879066 0.335928 -0.600244 0.476444 -0.642424
2.713778 -12.039524 -90.863813 197.464759 0.673138 -0.055149 -0.737458 0.545466 0.710386 0.444767 -0.499351 0.701648 -0.508270
2.662881 -13.860920 62.547621 200.576326 -0.703537 0.080985 0.706029 0.425113 0.844089 0.326791 -0.569486 0.530052 -0.628275
-2.430729 -9.636647 -8.217534 40.112911 0.717201 -0.024879 -0.696422 0.483900 -0.701355 0.523394 0.501461 0.712378 0.490974
-1.880945 -10.085754 -17.388922 37.379959 0.763334 0.028935 -0.645356 0.518229 -0.623875 0.584995 0.385694 0.780988 0.491220
-1.113041 -20.201623 271.108382 -715.391001 0.669746 -0.292778 -0.682437 -0.378533 0.656032 -0.652943 -0.638868 -0.695631 -0.328549
4.601290 -32.993724 2.622611 -1012.520324 -0.486245 0.167524 0.857614 -0.395556 0.832939 -0.386974 -0.779167 -0.527398 -0.338747
2.626973 -8.391503 24.237940 344.257854 0.465560 -0.217908 -0.857770 0.567897 -0.669805 0.478387 -0.678783 -0.709843 -0.188085
1.074464 -3.008751 99.147012 130.532925 0.560435 -0.090976 -0.823186 0.565178 -0.684526 0.460432 -0.605381 -0.723289 -0.332215
-0.071945 -369.804535 1910.169754 -45268.146554 0.763112 -0.601207 0.237087 0.356865 0.086151 -0.930175 -0.538802 -0.794436 -0.280293
2.499663 -1.830111 69.405191 15.284178 -0.618214 -0.497481 -0.608543 0.701421 0.000219 -0.712747 0.354711 -0.867475 0.348808
0.711970 -1.984748 -57.505192 12.330416 0.689006 0.470238 0.551496 0.649755 -0.063675 -0.757472 0.321075 -0.880240 0.349412
1.346072 -2.036551 57.860529 4.912881 -0.665753 -0.487335 -0.565046 0.685046 -0.099018 -0.721739 0.295779 -0.867583 0.399768
3.014603 -1.868639 59.251505 5.727841 -0.584644 -0.540854 -0.604705 0.736561 -0.041393 -0.675103 0.340102 -0.840097 0.422572
1.704266 -1.926848 57.184252 -3.814435 -0.660382 -0.502258 -0.558241 0.702882 -0.151786 -0.694923 0.264297 -0.851292 0.453265
-0.471166 -12.981642 -3.665336 -99.557785 -0.687808 -0.087847 0.720557 0.387526 0.794920 0.466826 -0.613795 0.600321 -0.512709
-0.357492 -10.903072 -5.820445 -182.266514 -0.686082 -0.078594 0.723266 0.168649 0.949887 0.263198 -0.707707 0.302553 -0.638446
-0.433358 -11.053962 0.019314 -169.834761 -0.679847 -0.088335 0.728014 0.191457 0.936912 0.292472 -0.707921 0.338220 -0.620044
-0.452523 -12.756273 -2.616985 -136.368871 -0.684439 -0.087688 0.723777 0.322052 0.854272 0.408046 -0.654083 0.512377 -0.556457
0.376969 -15.774580 3.734682 -17.243475 0.825234 0.105592 -0.554833 0.483168 -0.640690 0.596711 0.292468 0.760504 0.579738
-24.650565 -42.588225 -454.843617 798.511796 0.742367 -0.421150 0.521079 0.162069 0.867520 0.470258 -0.650096 -0.264653 0.712274
-0.891653 -5.297660 -11.178584 -33.921445 0.884240 -0.348743 -0.310640 0.444436 0.423949 0.789141 0.143512 0.835850 -0.529867
-0.569956 -4.058779 0.884332 -38.295361 0.798057 -0.448274 -0.402685 0.597732 0.504296 0.623219 0.076300 0.738062 -0.670405
-0.745314 -4.684946 4.512137 -34.584466 0.839534 -0.412769 -0.353278 0.534206 0.508618 0.675227 0.099029 0.755599 -0.647506
2.657525 -1.570372 -34.712217 -6.763774 -0.443369 -0.745849 -0.497125 0.802260 -0.082856 -0.591197 0.399754 -0.660941 0.635101
3.336262 -1.721251 23.032490 -2.542904 -0.513192 -0.632552 -0.580097 0.778656 -0.058844 -0.624685 0.361011 -0.772279 0.522739
2.840569 -1.569134 30.249601 -6.700299 -0.543778 -0.609657 -0.576735 0.781880 -0.118352 -0.612092 0.304909 -0.783780 0.541035
2.772065 -9.355906 -2.467799 13.610944 0.766189 0.042004 -0.641241 -0.486653 -0.613743 -0.621681 0.419671 -0.788387 0.449802
3.151563 -8.674815 7.688882 42.040593 0.730249 0.096356 -0.676352 -0.586751 -0.418649 -0.693150 0.349944 -0.903022 0.249181
-0.414670 -5.252171 -4.121893 -10.040463 0.746116 -0.333033 -0.576542 -0.452209 0.382090 -0.805924 -0.488690 -0.862030 -0.134483
-0.620215 -5.407095 0.454971 -2.216431 0.769980 -0.325614 -0.548732 -0.394681 0.432678 -0.810565 -0.501356 -0.840693 -0.204640
-0.766010 -5.737046 -6.944363 -6.587251 0.786048 -0.328147 -0.523879 -0.408856 0.359651 -0.838742 -0.463644 -0.873482 -0.148538
-0.326121 -5.387506 -3.371462 -22.204380 0.753630 -0.311150 -0.578988 -0.516878 0.263622 -0.814457 -0.406052 -0.913066 -0.037847
1.319044 -1.334412 55.002440 3.255912 -0.804219 -0.202938 0.558612 -0.171011 0.979163 0.109520 -0.569198 -0.007451 -0.822167
-0.318148 -4.945158 -18.511734 27.165311 0.837182 -0.277218 -0.471462 -0.395234 0.289197 -0.871869 -0.378044 -0.916251 -0.132544
0.031810 -5.167779 -6.611160 -30.698653 0.880767 -0.270779 -0.388496 -0.413271 -0.038969 -0.909774 -0.231208 -0.961852 0.146228
-0.752678 -2.989850 -30.576489 -7.307081 -0.511998 -0.154880 0.844908 0.858981 -0.088794 0.504250 -0.003076 0.983935 0.178501
-0.732127 -11.195864 -2.622802 -93.727617 -0.713599 -0.012979 0.700434 -0.061883 0.997088 -0.044569 -0.697816 -0.075149 -0.712324
-1.034842 -9.714379 9.339727 -56.943392 -0.688659 0.022604 0.724733 -0.264646 0.922725 -0.280253 -0.675064 -0.384797 -0.629461
-0.958153 -9.933999 13.690326 -48.451569 -0.684742 0.009766 0.728720 -0.150357 0.976505 -0.154370 -0.713106 -0.215272 -0.667186
0.469931 -9.486077 25.171962 31.444901 0.835394 -0.034030 -0.548597 0.494917 0.480756 0.723831 -0.239109 0.876194 -0.418463
0.301545 -9.059524 13.064666 54.902990 0.834520 -0.011164 -0.550864 0.528373 0.299653 0.794374 -0.156200 0.953983 -0.255965
1.673100 -4.378897 -32.674344 -2.860045 0.771243 -0.319867 -0.550336 -0.519450 0.183440 -0.834579 -0.367908 -0.929535 0.024678
2.300313 -4.209041 -39.708725 -1.660987 0.774749 -0.282717 -0.565540 -0.551584 0.135007 -0.823121 -0.309062 -0.949655 0.051345
2.176940 -4.432501 -35.922297 -7.127565 0.786908 -0.282622 -0.548544 -0.485594 0.264896 -0.833084 -0.380755 -0.921930 -0.071210
1.539740 -4.370897 -27.516254 -2.023556 0.755575 -0.313434 -0.575209 -0.580229 0.087332 -0.809757 -0.304040 -0.945586 0.115878
1.421097 -4.537108 -25.506888 -3.139977 0.777857 -0.325727 -0.537438 -0.463316 0.280551 -0.840612 -0.424589 -0.902880 -0.067315
0.871352 -4.611640 -21.684819 -1.235904 0.759437 -0.337220 -0.556361 -0.528539 0.178840 -0.829857 -0.379344 -0.924283 0.042416
-1.862626 -12.565185 25.048424 37.261757 0.840336 0.074168 -0.536969 0.460969 0.423426 0.779884 -0.285209 0.902890 -0.321630
0.122894 -3.364807 -7.026607 29.273323 -0.905770 0.196544 0.375434 0.273925 0.947521 0.164832 -0.323335 0.252141 -0.912074
-0.036635 -4.614508 -11.063509 24.985112 -0.879157 0.288608 0.379195 0.310881 0.950445 -0.002617 -0.361160 0.115584 -0.925313
-0.158228 -5.080430 5.008840 31.878215 -0.871643 0.290286 0.394934 0.277688 0.956434 -0.090128 -0.403891 0.031109 -0.914278
0.024644 -4.994648 10.653107 36.830179 -0.850847 0.318054 0.418212 0.315044 0.945836 -0.078364 -0.420484 0.065079 -0.904963
1.885323 -14.954583 -1.006850 -225.889654 0.890906 -0.048279 -0.451614 0.449265 0.239672 0.860650 -0.066688 0.969653 -0.235215
1.444254 -13.923378 11.954323 -214.249036 0.915784 -0.090091 -0.391438 0.400944 0.146418 0.904326 0.024159 0.985112 -0.170209
1.183780 -15.859058 19.918996 -134.152682 0.894531 -0.095473 -0.436692 0.430743 -0.077015 0.899182 0.119479 0.992448 0.027768
0.476255 -11.751748 7.487103 -21.776733 0.891213 -0.190090 -0.411831 -0.394460 0.123416 -0.910588 -0.223920 -0.973979 -0.035007
0.664596 -11.851385 7.153210 -42.321781 0.877900 -0.182906 -0.442534 -0.353220 0.376624 -0.856382 -0.323306 -0.908130 -0.266032
0.429179 -11.192124 -13.093449 -20.988350 0.871687 -0.245172 -0.424325 -0.415858 0.088032 -0.905159 -0.259274 -0.965474 0.025221
0.379466 -11.004105 13.771576 -5.540629 0.896940 -0.179470 -0.404090 -0.404691 0.034927 -0.913786 -0.178111 -0.983143 0.041302
0.629873 -1.983122 -3.945427 -26.581852 0.736810 -0.304019 -0.603890 -0.588317 -0.728436 -0.351089 0.333157 -0.613965 0.715579
0.705689 -1.807782 -5.519285 -59.862323 0.733510 -0.321638 -0.598759 -0.579041 -0.757023 -0.302700 0.355915 -0.568740 0.741526
1.099389 -0.380045 -18.098179 51.988585 0.473312 -0.563372 -0.677191 0.787512 0.615082 0.038717 0.394716 -0.551621 0.734788
1.035835 -1.019253 -9.627630 38.593585 0.579118 -0.440426 -0.686038 0.720455 0.670312 0.177840 0.381534 -0.597250 0.705496
1.921179 0.517824 -57.397737 21.590782 0.005574 -0.773710 -0.633515 0.900447 0.279427 -0.333341 0.434931 -0.568589 0.698242
2.193590 0.575452 -73.253417 17.656173 -0.090669 -0.818894 -0.566738 0.901191 0.174727 -0.396642 0.423832 -0.546702 0.722138
-0.682346 -5.553738 0.609898 11.624929 -0.770494 0.195754 0.606646 -0.194026 0.834504 -0.515710 -0.607201 -0.515057 -0.604999
-0.720794 -5.326372 1.209118 13.103114 -0.790584 0.210795 0.574928 -0.160441 0.834779 -0.526691 -0.590962 -0.508635 -0.626143
-0.605481 -4.798507 1.544857 -18.838303 0.782868 -0.228747 -0.578613 -0.256757 0.728314 -0.635323 -0.566740 -0.645937 -0.511441
-0.109722 -3.413675 7.139995 -18.290346 0.868844 -0.094378 -0.486007 -0.402063 0.438301 -0.803889 -0.288887 -0.893860 -0.342869
-0.097342 -2.921521 10.998757 -28.887409 0.882934 -0.098533 -0.459042 -0.402002 0.346416 -0.847579 -0.242534 -0.932892 -0.266252
-0.361659 -3.350722 7.960983 -19.759702 0.860443 -0.093467 -0.500901 -0.425326 0.409597 -0.807050 -0.280600 -0.907466 -0.312681
-0.323704 -3.927418 3.557161 -11.298889 0.848110 -0.097322 -0.520805 -0.409094 0.504353 -0.760441 -0.336677 -0.857996 -0.387933
-0.174259 -3.964269 4.917623 -15.282393 0.856290 -0.091648 -0.508300 -0.394254 0.519783 -0.757885 -0.333664 -0.849368 -0.408952
-80.579760 -190.025147 -1536.940606 -6317.425946 0.331413 0.936636 0.113488 -0.902042 0.349813 -0.252887 0.276562 0.018561 -0.960817
-113.008486 -434.921229 1772.874176 15328.067537 0.806197 -0.481630 -0.343627 0.459533 0.143908 0.876425 0.372661 0.864479 -0.337343
1.040772 -9.334089 20.721333 -140.650023 0.675112 0.022400 -0.737376 0.737225 -0.056952 0.673243 -0.026914 -0.998126 -0.054963
-1.141180 -16.213770 90.624884 349.706664 0.762014 0.129015 -0.634579 -0.642843 0.032643 -0.765302 0.078021 -0.991105 -0.107811
-6.370298 -16.781317 247.535553 402.845856 0.809099 0.140388 -0.570658 -0.585585 0.110832 -0.802998 0.049484 -0.983874 -0.171883
0.378210 -1.842323 -3.856768 19.236267 -0.938743 -0.115538 0.324672 0.000340 0.941813 0.336137 -0.344617 0.315657 -0.884081
0.414882 -2.011672 6.324306 26.657309 0.942447 0.028265 -0.333158 0.087824 0.940506 0.328231 -0.322614 0.338600 -0.883895
0.703561 -1.447029 4.962209 15.372771 0.934788 0.215072 -0.282691 -0.085154 0.908336 0.409481 -0.344847 0.358706 -0.867416
-1.103092 -3.775307 2.820401 15.377271 0.852151 -0.126957 -0.507662 -0.520924 -0.113523 -0.846021 -0.049776 -0.985390 0.162874
-1.015247 -3.809809 9.094746 14.044731 0.785949 -0.103290 -0.609603 -0.618116 -0.107788 -0.778662 -0.014720 -0.988794 0.148561
-1.289423 -4.047772 3.942097 12.033718 0.822073 -0.112993 -0.558057 -0.569289 -0.180777 -0.802016 0.010261 -0.977012 0.212938
-1.357375 -4.088196 -0.055135 12.662519 0.877964 -0.130811 -0.460507 -0.478256 -0.197027 -0.855834 -0.021221 -0.971632 0.235544
-4.728399 -6.496715 31.104697 -42.404529 -0.620869 -0.132875 0.772571 0.667731 0.426661 0.609997 -0.410679 0.894598 -0.176176
-2.812319 -8.075877 93.611545 67.502993 -0.352915 -0.123503 0.927469 0.876044 0.304543 0.373900 -0.328632 0.944458 0.000717
-2.814109 -8.365364 65.141084 170.957742 -0.395763 -0.136922 0.908088 0.914272 0.034365 0.403640 -0.086474 0.989986 0.111583
2.578591 -2.896278 -119.456944 6.261533 -0.577660 0.625512 0.524447 0.795871 0.288831 0.532133 0.181379 0.724784 -0.664673
4.843384 -3.152806 -141.441799 -4.199665 -0.650447 0.577508 0.493358 0.751514 0.395076 0.528339 0.110206 0.714422 -0.690981
6.827200 -4.180622 -88.929458 13.699977 -0.652438 0.388175 0.650881 0.757516 0.359268 0.545066 -0.022259 0.848674 -0.528448
1.545832 -8.716773 1.692375 -36.565630 0.831719 -0.141754 -0.536795 -0.147736 0.875490 -0.460100 0.535180 0.461978 0.707219
1.098518 -9.299610 -2.210985 -23.102536 0.783971 -0.087999 -0.614529 -0.278658 0.834691 -0.475017 0.554743 0.543643 0.629851
-1.508208 -12.398832 -2.589099 -21.863946 0.709868 -0.058202 -0.701926 -0.601200 0.469125 -0.646900 -0.366942 -0.881212 -0.298026
-1.636653 -11.490777 -1.379582 -46.937249 0.716493 -0.017691 -0.697370 -0.644290 0.366480 -0.671255 -0.267448 -0.930258 -0.251182
-1.273738 -11.089239 11.155429 -29.213138 0.722604 0.049821 -0.689465 -0.613800 0.505007 -0.606810 -0.317952 -0.861676 -0.395500
-0.244214 -6.585212 30.256838 138.819730 0.915040 -0.155489 -0.372190 0.353882 -0.133347 0.925736 0.193572 0.978796 0.066993
-0.407910 -4.486480 13.307119 31.695936 0.890626 -0.113676 -0.440298 0.415860 -0.188113 0.889761 0.183970 0.975547 0.120265
-0.816939 -2.803247 -36.559847 -25.711198 -0.359355 0.719922 0.593781 0.914282 0.399078 0.069464 -0.186956 0.567845 -0.801623
0.444214 -1.847081 -58.250159 -12.206465 -0.010637 0.838020 0.545535 0.968833 0.143665 -0.201799 -0.247486 0.526386 -0.813430
1.631490 -1.334996 -92.230427 -5.747511 0.260492 0.853882 0.450587 0.918438 -0.075263 -0.388338 -0.297682 0.514995 -0.803844
2.865034 -4.786685 -81.751527 -14.576138 -0.775611 0.284566 0.563427 -0.081608 0.839913 -0.536551 -0.625914 -0.462135 -0.628222
7.645151 -4.822347 -216.764261 -25.510403 -0.760859 0.314512 0.567606 -0.109810 0.799679 -0.590301 -0.639559 -0.511465 -0.573906
-0.062478 -4.949955 -21.895444 15.004648 0.873162 -0.231347 -0.429031 0.269126 -0.505046 0.820061 0.406398 0.831509 0.378726
-0.372851 -5.105273 -20.877957 31.753158 0.875637 -0.251357 -0.412406 0.225832 -0.541709 0.809661 0.426918 0.802104 0.417576
0.026152 -4.396359 -0.764333 10.098227 0.858017 -0.235843 -0.456272 0.256906 -0.572168 0.778860 0.444753 0.785494 0.430341
