10351
20670
-13.014152 -17.271518 -130.453658 404.177741 0.283600 -0.112441 -0.952328 -0.414643 0.881085 -0.227509 0.864663 0.459398 0.203253
-10.042108 -16.705833 158.519107 627.275845 0.081756 -0.003648 -0.996646 -0.556470 0.829440 -0.048684 0.826836 0.558584 0.065782
-10.135350 -13.462212 -49.881008 298.884450 0.441749 -0.440667 -0.781454 -0.411290 0.674647 -0.612937 0.797307 0.592168 0.116783
-7.194863 -13.103017 211.002505 474.549797 0.112744 -0.178600 -0.977441 -0.636719 0.742214 -0.209062 0.762809 0.645926 -0.030037
-11.288505 -15.991609 -41.172088 240.153438 0.485518 -0.446630 -0.751528 -0.238823 0.759188 -0.605472 0.840973 0.473450 0.261934
-7.585805 -10.194380 -7.299151 185.563871 -0.526875 0.602768 0.599227 -0.403883 0.442781 -0.800514 0.747851 0.663789 -0.010158
-9.446978 -14.107216 -28.803488 211.127058 -0.612310 0.585732 0.531031 -0.157953 0.567497 -0.808083 0.774679 0.578675 0.254967
-8.049672 -11.838434 -16.342330 173.517133 -0.648689 0.681433 0.338898 -0.141222 0.329789 -0.933432 0.747836 0.653367 0.117696
-0.726075 -6.624744 -6.476821 -57.941127 -0.293192 0.491338 0.820138 0.844376 -0.269262 0.463170 0.448405 0.828303 -0.335928
-0.370883 -6.081213 -26.708266 21.795522 -0.155105 0.442291 0.883358 0.912872 -0.277641 0.299300 0.377634 0.852816 -0.360691
-0.476390 -6.570820 -0.352922 -6.504311 -0.202873 0.454150 0.867520 0.911124 -0.237025 0.337153 0.358742 0.858817 -0.365701
-0.616360 -5.681160 -41.421525 -23.663530 -0.218529 0.478421 0.850505 0.869060 -0.300990 0.392607 0.443825 0.824936 -0.350001
-0.233682 -7.109504 47.389028 -66.820100 -0.283193 0.471810 0.834983 0.865919 -0.248488 0.434094 0.412294 0.845960 -0.338179
0.146582 -7.600042 72.285394 -61.738396 -0.328327 0.480857 0.813005 0.802016 -0.312759 0.508873 0.498970 0.819120 -0.282968
-0.477681 -7.524823 35.219261 -72.324451 -0.360711 0.505408 0.783869 0.768874 -0.314598 0.556651 0.527940 0.803486 -0.275117
-0.943982 -6.760995 -16.476180 -98.924906 -0.360475 0.522958 0.772381 0.782480 -0.281186 0.555571 0.507723 0.804643 -0.307843
0.434796 -10.180166 -15.680495 -88.377012 -0.321595 0.496796 0.806083 0.356994 0.852099 -0.382729 -0.877002 0.164683 -0.451384
0.599067 -10.255272 -31.649429 -73.103762 -0.323924 0.495066 0.806215 0.400332 0.843835 -0.357320 -0.857209 0.207009 -0.471529
0.716574 -9.344863 -25.389321 -98.308395 -0.315560 0.515542 0.796642 0.294489 0.851291 -0.434257 -0.902052 0.097568 -0.420455
0.302721 -9.396347 -15.135326 -116.015957 -0.318431 0.500886 0.804807 0.264158 0.862258 -0.432125 -0.910397 0.074994 -0.406883
-1.168921 -10.895680 -6.851022 -58.493101 -0.339635 0.407931 0.847491 0.924255 0.311785 0.220324 -0.174358 0.858127 -0.482925
-1.305303 -11.406133 9.905739 3.464058 -0.317031 0.392599 0.863341 0.947836 0.162966 0.273951 -0.033142 0.905156 -0.423785
-1.391918 -11.839838 -15.787488 -35.546836 -0.298294 0.427394 0.853437 0.954187 0.155461 0.255654 -0.023411 0.890599 -0.454187
-1.223884 -11.375632 -3.031860 -56.576889 -0.315290 0.429507 0.846236 0.930875 0.313397 0.187760 -0.184564 0.846939 -0.498628
-1.012576 -10.801410 -22.944860 -32.090465 -0.345474 0.419725 0.839332 0.897304 0.409616 0.164498 -0.274760 0.809966 -0.518133
-0.402699 -18.097077 -27.843662 -25.116958 -0.377724 0.269202 0.885920 -0.143384 0.928254 -0.343200 -0.914749 -0.256661 -0.312024
0.052555 -17.887921 -34.945341 -84.630186 -0.381132 0.249969 0.890086 -0.350102 0.852031 -0.389194 -0.855667 -0.459956 -0.237222
-0.715915 -17.741306 -39.120930 -27.642164 -0.371609 0.242075 0.896274 -0.303023 0.880908 -0.363562 -0.877544 -0.406694 -0.253999
-0.933951 -17.345053 -36.070597 7.628546 -0.376550 0.267533 0.886925 -0.101149 0.939796 -0.326425 -0.920858 -0.212627 -0.326820
-0.738117 -17.432936 -47.171607 20.900118 -0.357106 0.208280 0.910546 -0.471188 0.801533 -0.368139 -0.806509 -0.560503 -0.188093
-1.057826 -17.211874 -51.312643 1.941767 -0.370039 0.233580 0.899173 -0.277784 0.895777 -0.347015 -0.886514 -0.378185 -0.266588
0.306513 -22.973751 114.516521 -161.789974 0.080705 0.426969 0.900658 -0.696210 0.670787 -0.255610 -0.713287 -0.606418 0.351396
-0.532922 -22.049038 99.247671 -125.637604 0.040664 0.462498 0.885688 -0.739732 0.609812 -0.284475 -0.671672 -0.643604 0.366921
0.700054 -22.801014 -141.424551 2.546128 -0.066464 -0.464262 -0.883201 0.841481 -0.501738 0.200419 -0.536182 -0.729876 0.424015
2.296422 -22.718926 -147.612298 11.554933 -0.094285 -0.417505 -0.903770 0.846202 -0.511847 0.148173 -0.524454 -0.750801 0.401554
2.148481 -23.907644 -126.792671 -236.429962 -0.070915 -0.440463 -0.894965 0.932856 -0.346985 0.096853 -0.353200 -0.828006 0.435495
0.346894 -24.106323 -90.337834 -184.111073 -0.009721 -0.469317 -0.882976 0.928759 -0.331461 0.165952 -0.370557 -0.818459 0.439104
-1.020173 -13.735145 -10.733940 337.102082 0.083465 -0.310270 -0.946977 0.821833 0.558874 -0.110676 0.563581 -0.769020 0.301637
-0.739222 -18.090191 -18.771110 402.030159 0.104175 -0.319536 -0.941830 0.912713 0.406913 -0.037100 0.395098 -0.855756 0.334035
-0.867433 -15.626376 -15.259003 476.047946 0.063199 -0.328766 -0.942294 0.854644 0.505391 -0.119011 0.515354 -0.797805 0.312918
-1.085702 -12.557063 -4.298119 434.088423 0.040107 -0.326304 -0.944414 0.788065 0.591403 -0.170868 0.614283 -0.737407 0.280868
-1.268833 -10.807976 -2.397771 146.053578 0.058971 -0.302706 -0.951258 0.753353 0.638711 -0.156546 0.654966 -0.707402 0.265710
6.663121 -13.436700 162.972765 53.141319 -0.284391 0.342670 -0.895376 -0.093212 0.919632 0.381560 0.954166 0.191972 -0.229594
8.153563 -12.701084 -201.193784 121.276466 -0.122508 0.312743 -0.941904 -0.120120 0.937404 0.326872 0.985172 0.153186 -0.077273
5.692062 -10.980090 -148.103684 147.069723 -0.138643 0.360709 -0.922316 -0.279674 0.879142 0.385865 0.950032 0.311445 -0.021007
0.476620 -30.647998 10.640244 440.471589 -0.192458 0.126314 0.973142 0.243692 0.966768 -0.077292 -0.950565 0.222272 -0.216844
0.283913 -33.620434 -4.316911 558.346899 -0.187611 0.090179 0.978095 -0.053705 0.993345 -0.101886 -0.980774 -0.071644 -0.181519
0.396165 -30.075766 6.128321 251.314468 -0.190303 0.122120 0.974100 0.185385 0.978852 -0.086498 -0.964063 0.164123 -0.208917
0.735189 -28.892953 1.039944 -235.660232 -0.199059 0.157030 0.967325 0.409019 0.910306 -0.063605 -0.890550 0.382993 -0.245433
0.763979 -29.257937 24.958312 -82.283694 -0.188281 0.147270 0.971011 0.454156 0.889688 -0.046875 -0.870800 0.432164 -0.234395
-0.926318 -51.074271 -57.021257 871.560336 -0.202011 0.105493 0.973685 0.876160 -0.424795 0.227801 0.437648 0.899122 -0.006615
-0.868686 -43.656158 -94.433527 676.971122 -0.180481 0.095721 0.978910 0.689103 -0.697853 0.195288 0.701828 0.709816 0.059988
-0.330438 -48.665647 -80.395764 414.200541 -0.190769 0.108162 0.975658 0.778297 -0.589030 0.217480 0.598215 0.800840 0.028187
-0.244498 -51.626656 -28.335352 -278.000809 -0.202853 0.109340 0.973086 0.946794 -0.231673 0.223403 0.249865 0.966629 -0.056526
2.657617 -7.610425 140.172284 -21.064995 -0.156199 0.433024 0.887746 0.904927 -0.297478 0.304326 0.395866 0.850880 -0.345389
2.713425 -8.007888 245.339820 -47.203087 -0.234660 0.424103 0.874684 0.855334 -0.337465 0.393093 0.461887 0.840389 -0.283560
1.114445 -7.393704 138.284010 -51.188796 -0.232602 0.435770 0.869483 0.891388 -0.262058 0.369801 0.389003 0.861063 -0.327485
-1.464109 -39.513517 69.317802 -174.303462 0.228263 0.062092 -0.971618 0.694238 -0.710053 0.117721 -0.682591 -0.701405 -0.205185
-0.602538 -38.479638 -17.659383 -164.488939 0.214826 0.057401 -0.974964 0.694928 -0.710414 0.111297 -0.686239 -0.701439 -0.192505
-0.942614 -41.576163 25.122293 -626.701501 0.201257 0.057719 -0.977837 0.866151 -0.476700 0.150131 -0.457469 -0.877169 -0.145933
-7.943563 -15.352622 35.760227 82.461594 0.922474 -0.371110 0.106396 -0.382609 -0.915590 0.123714 -0.051504 0.154831 0.986598
-9.219597 -15.452292 139.005167 37.684230 0.922202 -0.344610 0.175462 -0.375643 -0.906056 0.194820 -0.091842 0.245575 0.965017
-8.303225 -14.849830 67.598968 -98.837160 0.934611 -0.333848 0.122672 0.333604 0.942429 0.023137 -0.123334 0.019300 0.992178
-7.608096 -15.179915 -25.526669 -114.461889 0.937673 -0.346960 0.019696 0.347132 0.937797 -0.006054 -0.016370 0.012514 0.999788
-14.815050 -219.634049 14.055707 -11197.673429 -0.928541 -0.311008 -0.202697 -0.229916 0.910476 -0.343762 0.291464 -0.272593 -0.916920
-8.814024 -110.932793 -199.563741 -6075.053652 0.870798 0.490435 0.034408 -0.430131 0.793881 -0.429815 0.238112 -0.359482 -0.902261
-7.204667 -152.372072 -617.234771 -8748.398347 -0.948918 -0.269739 -0.163694 -0.237244 0.951996 -0.193442 0.208015 -0.144725 -0.967359
-21.897133 -33.669593 -324.634117 -1489.052112 -0.429570 0.003580 -0.903026 0.745275 0.566094 -0.352283 0.509936 -0.824333 -0.245845
-17.949139 -25.315918 -654.079252 -919.958594 -0.071175 0.057617 -0.995798 0.897247 0.439831 -0.038682 0.435754 -0.896230 -0.083001
-16.184223 -22.832755 745.653469 -974.180115 -0.497951 0.247212 -0.831222 0.839698 0.376943 -0.390923 0.216683 -0.892637 -0.395283
-20.814230 -33.475957 990.558576 -1422.592152 -0.497070 0.395119 -0.772530 0.813477 0.522017 -0.256424 0.301956 -0.755896 -0.580899
-4.903463 -27.115618 -1896.970595 -896.345627 0.783873 -0.310533 0.537691 0.603108 0.586715 -0.540394 0.147661 -0.747886 -0.647195
-5.143589 -16.007215 -1586.699449 -503.003502 0.797064 -0.245633 0.551682 0.599787 0.428368 -0.675837 0.070315 -0.869577 -0.488765
-3.378264 -5.908714 164.591454 53.984072 0.368438 -0.242995 -0.897333 0.917183 -0.062552 0.393526 -0.151755 -0.968009 0.199825
-3.965276 -11.953152 116.942223 661.748839 0.277824 -0.191174 -0.941417 0.953359 -0.065488 0.294647 -0.117980 -0.979369 0.164064
-2.467791 -6.230084 37.007416 -17.909377 0.566229 -0.274201 -0.777302 0.799533 -0.046481 0.598820 -0.200327 -0.960549 0.192913
-2.015442 -4.739210 44.420526 -184.497851 0.601332 -0.283138 -0.747150 0.782592 0.020181 0.622208 -0.161092 -0.958867 0.233717
2.259175 -5.707768 270.753042 48.849253 -0.499515 0.726936 0.471221 0.295165 0.654210 -0.696338 0.814470 0.208743 0.541354
3.569018 -5.373487 -377.648661 54.260063 0.540303 -0.614931 -0.574397 0.156100 0.744009 -0.649679 0.826865 0.261360 0.497981
9.590584 -6.700116 -854.988573 32.508236 0.565838 -0.628417 -0.533779 0.229068 0.741712 -0.630390 0.792058 0.234427 0.563639
7.490572 -6.483558 601.256692 9.408282 -0.547152 0.729509 0.410417 0.372718 0.651371 -0.660906 0.749470 0.208646 0.628300
1.804443 -4.513921 -257.142782 -88.286097 0.092137 0.675724 0.731374 0.349120 0.665951 -0.659261 0.932537 -0.316079 0.174550
-0.396913 -5.117716 224.079677 -115.911503 -0.082936 -0.658028 -0.748412 0.346144 0.685220 -0.640826 0.934509 -0.312205 0.170943
0.850263 -3.834941 -209.637898 -84.360490 0.078800 0.673247 0.735206 0.396390 0.655531 -0.642771 0.914694 -0.342078 0.215213
3.010321 -3.933488 -160.492699 -41.540024 0.042774 0.688058 0.724394 0.382211 0.658633 -0.648164 0.923084 -0.304596 0.234811
3.046869 -4.877057 -153.577273 -69.359624 0.053765 0.686701 0.724949 0.324393 0.674610 -0.663076 0.944393 -0.270819 0.186490
1.972782 -11.267725 -8.952152 110.142840 -0.195880 0.446804 0.872924 0.980247 0.064420 0.186989 0.027314 0.892309 -0.450598
1.338779 -11.629829 -69.275680 95.000789 -0.177878 0.486819 0.855200 0.983771 0.067172 0.166382 0.023553 0.870916 -0.490867
1.590376 -10.825601 -14.590528 76.326686 -0.190323 0.455510 0.869648 0.969453 -0.052402 0.239613 0.154717 0.888687 -0.431622
1.950098 -10.924512 9.681102 70.794673 -0.195568 0.432509 0.880164 0.975652 -0.005053 0.219268 0.099283 0.901615 -0.420990
1.590877 -10.463387 19.282960 -19.504428 -0.180906 0.438652 0.880260 0.949532 -0.155295 0.272529 0.256245 0.885137 -0.388421
1.495902 -10.872137 30.523735 -3.510856 -0.169180 0.419510 0.891846 0.964283 -0.116666 0.237798 0.203806 0.900223 -0.384788
1.330689 -10.330505 -36.533415 21.759412 -0.184700 0.474807 0.860491 0.943884 -0.158228 0.289908 0.273804 0.865750 -0.418938
-5.765965 -37.595041 9.289025 -14.099606 -0.140038 -0.468880 -0.872090 -0.160484 0.879871 -0.447293 0.977054 0.077318 -0.198463
-4.934810 -35.104020 19.733130 -422.839468 -0.170840 -0.475321 -0.863067 0.150803 0.853010 -0.499633 0.973690 -0.215510 -0.074048
-5.004341 -36.896224 140.009743 -19.391104 -0.236121 -0.499186 -0.833703 -0.094744 0.865702 -0.491512 0.967094 -0.037068 -0.251705
-5.189607 -34.018093 180.501609 360.745965 -0.249873 -0.498833 -0.829897 -0.381671 0.838433 -0.389047 0.889883 0.219535 -0.399892
-5.998515 -33.772642 11.242772 576.401419 -0.137959 -0.488480 -0.861600 -0.498720 0.785849 -0.365678 0.855714 0.379248 -0.352030
1.334685 -53.162971 29.206177 -610.067076 -0.018601 -0.140734 -0.989873 0.664875 0.737676 -0.117372 0.746723 -0.660325 0.079848
1.125898 -52.064728 -2.471805 -1154.299630 -0.032928 -0.141630 -0.989372 0.719111 0.684125 -0.121867 0.694114 -0.715481 0.079321
0.698419 -48.406114 18.369466 -1431.720521 0.005800 -0.111586 -0.993738 0.923335 0.382158 -0.037523 0.383952 -0.917335 0.105247
1.056371 -54.675755 41.755691 -355.461260 -0.053997 -0.180729 -0.982050 0.380096 0.905726 -0.187582 0.923369 -0.383402 0.019788
3.254884 -73.450578 175.978067 -3005.160280 -0.009912 -0.119614 -0.992771 0.861428 0.503140 -0.069222 0.507783 -0.855887 0.098051
2.629294 -79.706502 169.811999 -1910.383508 -0.026647 -0.189559 -0.981508 0.491690 0.852389 -0.177971 0.870363 -0.487340 0.070491
-5.727378 -19.856935 268.874184 333.406556 -0.558225 0.819145 0.131855 0.720453 0.557390 -0.412630 0.411499 0.135345 0.901305
-7.700256 -21.624713 217.816238 66.396770 -0.539116 0.817192 0.203839 0.795136 0.573636 -0.196724 0.277691 -0.056023 0.959036
-8.987097 -20.224900 227.108956 271.654671 -0.487589 0.843663 0.224697 0.721850 0.534324 -0.439806 0.491109 0.052248 0.869530
-6.117117 -16.401723 320.503048 383.447448 -0.509922 0.856755 0.077139 0.662424 0.448299 -0.600185 0.548793 0.254949 0.796133
-2.338246 -16.406118 282.154058 435.133705 -0.527617 0.848714 0.036127 0.692956 0.454607 -0.559594 0.491359 0.270217 0.827979
-2.748507 -19.501726 267.980820 343.055031 -0.578115 0.812817 0.071496 0.740851 0.559603 -0.371462 0.341940 0.161780 0.925691
1.140673 -16.525260 -154.921252 -313.508335 0.290853 0.480829 0.827168 0.839933 -0.542326 0.019910 0.458168 0.688975 -0.561601
3.127968 -15.288451 -56.459438 -98.389748 0.258011 0.433353 0.863502 0.839593 -0.542789 0.021535 0.478031 0.719434 -0.503886
2.107413 -14.898174 -82.259073 121.941452 0.208814 0.470174 0.857516 0.914419 -0.404768 -0.000737 0.346748 0.784283 -0.514457
3.473265 -19.948476 -59.283272 -570.068969 0.286159 0.431591 0.855478 0.763756 -0.641876 0.068351 0.578610 0.633817 -0.513309
1.972241 -22.978401 -203.189007 -689.296857 0.334763 0.480393 0.810652 0.749680 -0.656979 0.079741 0.570888 0.581035 -0.580073
-3.325894 -22.060635 -55.082155 -63.092785 -0.099763 -0.369836 -0.923725 0.744639 -0.643510 0.177224 -0.659970 -0.670161 0.339593
-2.763956 -22.582151 -31.535008 39.447818 -0.104830 -0.391807 -0.914056 0.885376 -0.455346 0.093641 -0.452901 -0.799467 0.394630
-2.608157 -22.462568 40.688333 121.765273 0.125020 0.391403 0.911687 -0.722038 0.666113 -0.186961 -0.680464 -0.634899 0.365885
-1.713162 -47.609210 -34.129442 1051.988759 -0.474430 0.561055 0.678331 0.879974 0.281520 0.382613 0.023703 0.778437 -0.627275
-1.008378 -53.488781 -46.129995 1401.017162 -0.489412 0.551554 0.675473 0.866876 0.223426 0.445654 0.094884 0.803660 -0.587476
-1.827043 -59.215829 -28.558409 992.959906 -0.504931 0.535253 0.677163 0.813935 0.556401 0.167117 -0.287324 0.635549 -0.716605
-1.782743 -47.379208 -14.759222 183.602083 -0.469311 0.558845 0.683695 0.821953 0.559424 0.106948 -0.322708 0.612157 -0.721888
-1.784745 -44.863726 -14.045535 555.169522 -0.454743 0.555112 0.696462 0.887374 0.349132 0.301121 -0.076002 0.754955 -0.651357
-1.493329 -40.614220 -30.493986 917.245778 -0.448925 0.565815 0.691606 0.849015 0.028741 0.527586 0.278639 0.824031 -0.493288
-3.802213 -12.982342 162.445708 160.735899 -0.557697 0.780063 0.283682 0.435476 -0.015981 0.900058 -0.706636 -0.625497 0.330786
-2.270406 -11.254515 86.935671 72.093358 -0.602348 0.788957 0.121344 0.322409 0.101398 0.941154 -0.730226 -0.606025 0.315444
-1.354373 -12.404534 151.004464 -40.248474 -0.611113 0.785963 0.093824 0.200686 0.039187 0.978872 -0.765680 -0.617030 0.181680
2.749814 -41.202735 70.087147 899.376470 0.066365 -0.150776 -0.986338 0.974728 -0.201529 0.096390 -0.213309 -0.967808 0.133591
2.683475 -36.493085 36.208808 -118.138146 0.080566 -0.158483 -0.984069 0.996440 -0.011790 0.083477 -0.024832 -0.987291 0.156969
1.458218 -39.140134 -5.658177 867.276224 0.053112 -0.149022 -0.987406 0.956006 -0.278084 0.093392 -0.288499 -0.948927 0.127696
1.921076 -46.066958 98.174835 1037.413104 0.101456 -0.155930 -0.982544 0.835190 -0.523260 0.169282 -0.540522 -0.837786 0.077143
0.378473 -521.680843 328.592186 -34534.424224 0.959307 -0.120091 0.255554 0.192207 -0.385276 -0.902563 -0.206848 -0.914954 0.346516
-26.332144 -74.057594 1087.794464 -4396.489296 0.938560 -0.324557 0.117338 -0.024580 -0.401997 -0.915311 -0.344240 -0.856190 0.385275
-15.933247 -86.328115 765.857007 -4893.320818 0.958652 -0.212498 0.189290 0.164538 -0.128831 -0.977921 -0.232192 -0.968632 0.088540
-32.205616 -95.269232 1429.292165 -5151.241666 0.925750 -0.374013 0.055693 0.077690 0.043987 -0.996007 -0.370069 -0.926380 -0.069778
-8.567571 -70.341005 513.012035 -3414.100001 0.971357 -0.106376 0.212486 0.224564 0.118550 -0.967221 -0.077699 -0.987234 -0.139042
-17.758689 -59.439256 856.353924 343.761791 0.955952 -0.217752 0.196824 0.272854 0.412063 -0.869342 -0.108196 -0.884753 -0.453327
-9.486643 -17.658554 204.624070 293.530905 0.090764 -0.041843 -0.994993 -0.370733 0.925885 -0.072756 0.924294 0.375480 0.068525
-6.054719 -17.617096 411.971014 661.507299 -0.025343 -0.114383 -0.993113 -0.543956 0.835068 -0.082299 0.838731 0.538124 -0.083383
-10.349155 -10.565554 114.465046 -92.872691 0.778952 -0.092331 -0.620248 0.623273 0.005127 0.781988 0.069022 0.995715 -0.061542
-10.141903 -11.878712 66.388234 -120.204532 0.984387 -0.139476 -0.107367 0.094855 -0.093472 0.991093 0.148269 0.985804 0.078783
-9.581207 -10.741356 83.753766 -133.470488 0.911924 -0.197242 -0.359848 0.359552 -0.038591 0.932327 0.197781 0.979595 -0.035727
-11.061931 -12.013355 37.521891 -122.490502 0.991146 -0.028170 0.129756 -0.131638 -0.080680 0.988009 0.017364 0.996342 0.083674
-7.656925 -10.121323 -252.404412 -35.634636 -0.483106 0.213944 0.849021 0.859871 -0.066828 0.506119 0.165019 0.974557 -0.151679
-10.581138 -11.646569 -100.612108 103.019740 0.415357 0.053615 0.908077 0.907148 0.049699 -0.417866 -0.067535 0.997324 -0.027994
0.022650 -6.705309 -14.339389 49.649397 -0.131647 0.425158 0.895494 0.946004 -0.216057 0.241652 0.296218 0.878954 -0.373758
0.338240 -6.483209 -37.840325 72.855183 -0.086182 0.416584 0.905003 0.941897 -0.261945 0.210272 0.324657 0.870541 -0.369805
0.046263 -5.694244 -49.151398 58.841604 -0.095144 0.429847 0.897875 0.915452 -0.316512 0.248532 0.391019 0.845608 -0.363390
0.485781 -11.237640 -22.982600 -0.194518 -0.343912 0.444027 0.827384 0.595106 0.784645 -0.173728 -0.726343 0.432634 -0.534092
1.240822 -10.919383 -42.689588 2.733995 -0.349840 0.434430 0.829990 0.629278 0.765306 -0.135333 -0.693989 0.474949 -0.541112
0.896085 -10.694970 -27.988436 -45.207240 -0.331487 0.463085 0.821990 0.500979 0.824670 -0.262563 -0.799460 0.324764 -0.505364
0.273020 -11.194203 -28.736555 28.814910 -0.357959 0.429548 0.829068 0.692786 0.717478 -0.072614 -0.626029 0.548374 -0.554412
0.843267 -11.064676 1.648808 15.682027 -0.351951 0.426926 0.832985 0.660052 0.744190 -0.102532 -0.663673 0.513727 -0.543712
-1.458176 -11.787645 8.538408 -53.261249 -0.280559 0.392267 0.876021 0.956338 0.036381 0.289991 0.081883 0.919132 -0.385347
-1.462139 -12.114060 20.441285 -56.203085 -0.275690 0.402069 0.873118 0.958923 0.051918 0.278874 0.066796 0.914136 -0.399867
0.302745 -18.560842 -37.735584 -43.895248 -0.385774 0.277202 0.879965 -0.188932 0.909845 -0.369442 -0.903041 -0.308774 -0.298622
0.725993 -18.687833 -65.843271 -87.675752 -0.395451 0.259324 0.881118 -0.387792 0.822479 -0.416109 -0.832608 -0.506241 -0.224687
-1.166646 -21.986073 58.316156 -28.703386 0.033832 0.432523 0.900988 -0.545216 0.763531 -0.346063 -0.837613 -0.479525 0.261650
-1.495031 -22.265315 42.980998 -7.332243 -0.004196 0.457196 0.889356 -0.700579 0.633278 -0.328858 -0.713562 -0.624444 0.317645
-0.254082 -18.750433 -14.449955 241.030927 0.142682 -0.307494 -0.940792 0.957545 0.283447 0.052579 0.250497 -0.908353 0.334882
0.335966 -18.941564 -63.667925 136.918387 0.193374 -0.319217 -0.927743 0.977112 0.148101 0.152705 0.088653 -0.936038 0.340550
-0.084660 -20.859128 -10.858420 112.608276 0.189010 -0.290014 -0.938172 0.981267 0.092070 0.169231 0.037299 -0.952583 0.301983
0.484620 -33.699458 -24.610451 428.675221 -0.201325 0.106698 0.973696 0.107315 0.990468 -0.086347 -0.973628 0.087109 -0.210856
-2.136283 -30.672254 -7.041053 46.097002 -0.260133 0.025795 0.965228 0.347106 0.935317 0.068551 -0.901026 0.352869 -0.252261
-1.947160 -35.804610 22.904311 -489.834771 -0.226079 0.051131 0.972766 0.579300 0.809899 0.092064 -0.783135 0.584337 -0.212721
-2.097945 -37.218625 -16.218545 -456.955914 -0.262949 0.067470 0.962448 0.494695 0.865872 0.074455 -0.828333 0.495696 -0.261058
-1.846394 -34.691267 -3.982028 -543.828199 -0.210546 0.051364 0.976234 0.509581 0.857982 0.064760 -0.834264 0.511105 -0.206819
-2.158798 -33.390670 -12.562333 -71.407705 -0.291073 0.011652 0.956630 0.158168 0.986752 0.036106 -0.943535 0.161818 -0.289060
-1.766067 -30.753869 -2.390702 144.663498 -0.275280 -0.024038 0.961064 0.012219 0.999519 0.028500 -0.961287 0.019589 -0.274854
-1.853777 -31.127058 14.572030 133.855171 -0.237535 0.001101 0.971378 0.252466 0.965703 0.060643 -0.937997 0.259645 -0.229667
21.752965 -4.813860 1682.861116 28.703784 -0.126587 0.347953 0.928927 0.973287 0.224391 0.048580 -0.191539 0.910262 -0.367063
13.705715 -2.376376 1233.431230 -6.481308 -0.243779 0.355209 0.902440 0.959962 0.220788 0.172413 -0.138005 0.908339 -0.394810
4.651469 -3.468413 595.886921 65.496499 -0.237172 0.349502 0.906420 0.958494 0.236162 0.159737 -0.158233 0.906684 -0.391007
-1.008586 -5.602585 296.671043 52.916656 -0.141424 0.380089 0.914074 0.970761 0.234166 0.052824 -0.193967 0.894817 -0.402092
33.452188 -2.500057 2190.137845 -101.733761 -0.391928 0.334623 0.856983 0.900741 0.329150 0.283418 -0.187238 0.882999 -0.430412
-19.811568 -421.746662 691.504103 2381.355944 0.604230 0.016699 -0.796635 0.048349 0.997170 0.057575 0.795342 -0.073305 0.601712
-4.311335 -373.630707 225.282485 -10634.811006 0.724535 0.177116 -0.666092 0.201251 0.869938 0.450229 0.659201 -0.460258 0.594656
-9.651449 -290.969753 67.186385 -18051.237527 0.631118 -0.067662 -0.772731 0.505440 -0.719797 0.475839 0.588405 0.690879 0.420077
-6.653772 -158.670318 -38.917694 -8279.996637 0.698283 -0.072630 -0.712127 0.414009 -0.770587 0.484554 0.583949 0.633183 0.508019
7.135743 -3.520832 -48.935537 36.522727 -0.335635 0.868196 -0.365492 0.047572 0.403126 0.913907 -0.940790 -0.289352 0.176605
7.014859 -3.868145 63.320865 36.302390 -0.278379 0.882946 -0.378036 0.005532 0.395062 0.918638 -0.960455 -0.253639 0.114861
6.535765 -3.606982 236.245773 41.905051 -0.152571 0.901848 -0.404219 0.044784 0.414896 0.908766 -0.987277 -0.120549 0.103690
6.930996 -3.018012 119.606086 32.497401 -0.226818 0.893938 -0.386560 0.091916 0.414781 0.905267 -0.969590 -0.169799 0.176247
-9.619639 -14.652115 176.810272 -73.990480 0.935193 -0.297064 0.192790 0.314810 0.946689 -0.068369 -0.162202 0.124630 0.978855
-4.272759 -19.267298 -107.550618 -688.416334 0.933478 0.357769 0.024896 -0.303169 0.824291 -0.478156 0.191591 -0.438801 -0.877922
42.575012 -3010.169327 784.462661 -205520.016624 0.943795 0.326493 0.051503 -0.277053 0.866409 -0.415425 0.180256 -0.377807 -0.908168
17.369080 -752.793124 -1351.431592 -44856.902290 0.734521 0.678155 -0.024187 -0.663583 0.710372 -0.234581 0.141901 -0.188355 -0.971796
-21.852750 -33.582620 -1164.363476 -940.568948 -0.013628 -0.058542 -0.998192 0.718530 0.693660 -0.050492 0.695362 -0.717919 0.032611
-13.774960 -23.745890 -418.286906 -340.269741 0.171924 0.052994 -0.983684 0.818128 0.548540 0.172540 0.548733 -0.834443 0.050951
-4.435178 -12.438941 70.246010 503.558938 0.429783 -0.210911 -0.877954 0.886391 -0.086713 0.454744 -0.172041 -0.973652 0.149681
-7.000515 -24.620009 168.928979 1329.875662 0.311271 -0.155912 -0.937444 0.948760 -0.005533 0.315948 -0.054447 -0.987755 0.146201
2.654627 -4.547019 -246.998704 71.680605 0.531050 -0.556921 -0.638612 0.052706 0.773917 -0.631090 0.845700 0.301481 0.440342
9.473772 -6.071295 -642.630504 92.172362 0.550161 -0.505178 -0.664920 0.015438 0.802272 -0.596759 0.834916 0.318048 0.449178
-1.010594 -3.949473 -114.392069 -117.487177 0.055839 0.678869 0.732133 0.404048 0.655188 -0.638338 0.913032 -0.331461 0.237711
-2.170351 -5.668092 68.561193 -161.314076 0.003736 -0.577352 -0.816487 0.351916 0.765021 -0.539349 0.936024 -0.285320 0.206037
-1.708304 -7.171450 212.281910 -128.499886 -0.043099 -0.555072 -0.830685 0.262092 0.796055 -0.545531 0.964080 -0.241227 0.111170
0.678425 -12.589275 -63.048517 43.041955 -0.154071 0.494658 0.855322 0.977819 0.200643 0.060098 -0.141887 0.845610 -0.514599
0.773687 -11.793618 -103.444841 79.613915 -0.149147 0.510731 0.846705 0.988601 0.059210 0.138427 0.020565 0.857699 -0.513740
1.391438 -12.294224 -37.444892 62.894962 -0.179088 0.462850 0.868157 0.975478 0.198294 0.095508 -0.127944 0.863973 -0.487012
-2.715622 -24.148822 -65.605421 -1180.110465 -0.069726 -0.385734 -0.919971 0.694467 0.643276 -0.322354 0.716138 -0.661366 0.223027
-3.962376 -30.409702 19.790192 -1066.869726 -0.154163 -0.440746 -0.884295 0.485557 0.745669 -0.456302 0.860505 -0.499720 0.099053
-3.980795 -29.408022 -54.819862 -990.811586 -0.068327 -0.404849 -0.911827 0.470732 0.792747 -0.387252 0.879627 -0.455686 0.136409
-4.075151 -32.945854 -123.143456 -704.621577 -0.003528 -0.400320 -0.916369 0.251445 0.886577 -0.388273 0.967865 -0.231787 0.097531
-2.116740 -27.224975 -93.260462 -1015.553216 0.014760 -0.352118 -0.935839 0.563307 0.776208 -0.283171 0.826116 -0.522985 0.209808
0.843693 -51.047593 -1.229484 -779.863423 -0.046564 -0.195343 -0.979629 0.436853 0.877957 -0.195833 0.898327 -0.437073 0.044455
-9.917475 -21.589569 73.500907 2.434220 -0.441526 0.824776 0.353268 0.821806 0.529765 -0.209723 0.360124 -0.197720 0.911712
-6.568510 -21.311938 -188.689325 -222.946288 0.561161 -0.807806 -0.180408 0.827521 0.552164 0.101607 0.017536 -0.206310 0.978330
-8.942167 -21.503916 -137.401637 -133.209863 0.500556 -0.816958 -0.286398 0.851200 0.524760 -0.009197 0.157804 -0.239179 0.958067
3.801738 -14.364949 -75.938187 139.114992 0.227480 0.429062 0.874162 0.884866 -0.465842 -0.001618 0.406527 0.773884 -0.485632
4.145442 -16.019927 -31.830508 -110.991407 0.242062 0.414181 0.877417 0.807299 -0.587606 0.054660 0.538215 0.695106 -0.476605
4.179376 -16.751417 -22.601566 10.899897 0.202906 0.378125 0.903245 0.852854 -0.521466 0.026715 0.481113 0.764915 -0.428293
4.552678 -21.311908 23.818278 -434.873169 0.190937 0.411023 0.891405 0.762495 -0.634002 0.129010 0.618179 0.655059 -0.434457
4.078993 -21.479623 12.056234 654.172808 -0.232425 -0.422870 -0.875876 -0.731544 0.669462 -0.129089 0.640954 0.610739 -0.464948
-3.637895 -21.290508 -18.298311 25.937093 -0.041997 -0.327636 -0.943870 0.811126 -0.562771 0.159259 -0.583362 -0.758909 0.289389
-3.663922 -20.595721 -7.291441 106.197656 -0.024408 -0.313893 -0.949145 0.899438 -0.421317 0.116205 -0.436366 -0.850860 0.292611
-3.548696 -20.854057 -42.102454 126.844078 -0.041264 -0.347187 -0.936888 0.941368 -0.327760 0.079998 -0.334848 -0.878655 0.340356
-0.239943 -43.738648 -62.709935 699.308562 -0.484308 0.577449 0.657265 0.854662 0.151621 0.496552 0.187078 0.802224 -0.566955
-0.919010 -47.351068 -38.999573 777.087653 -0.500543 0.556194 0.663403 0.859971 0.407556 0.307162 -0.099532 0.724256 -0.682310
-0.747142 -47.060159 -62.128501 43.314008 -0.428913 0.534098 0.728542 0.894718 0.362368 0.261092 -0.124552 0.763825 -0.633292
-1.059294 -47.160110 -32.186758 -987.527986 -0.430915 0.513385 0.742124 0.739526 0.672187 -0.035597 -0.517121 0.533480 -0.669317
-2.044472 -50.479933 -150.966982 -254.239813 -0.432103 0.520732 0.736291 0.835030 0.539385 0.108577 -0.340605 0.661742 -0.667897
0.360286 -10.305842 1.010841 -43.164278 -0.642212 0.762890 -0.074578 0.049726 0.138552 0.989106 -0.764912 -0.631507 0.126915
-1.329905 -5.125666 -111.582745 -57.417278 0.543892 -0.596469 -0.590259 0.043317 0.722415 -0.690101 0.838036 0.349772 0.418754
-3.140627 -5.737959 -112.184908 -0.877414 0.521670 -0.327531 -0.787771 -0.080651 0.900303 -0.427726 0.849327 0.286666 0.443246
-2.854716 -6.084992 -153.185600 -61.665863 0.529040 -0.628331 -0.570366 0.027549 0.684491 -0.728501 0.848150 0.369693 0.379433
3.979517 -43.524717 90.558077 -680.573197 0.094749 -0.156086 -0.983189 0.994332 0.062701 0.085869 0.048244 -0.985751 0.161142
4.336292 -40.109827 170.945066 -996.540602 0.084361 -0.124056 -0.988683 0.965692 0.254744 0.050435 0.245604 -0.959018 0.141290
1.780248 -50.869233 81.278261 -1265.907146 0.042313 -0.119502 -0.991932 0.986042 0.165013 0.022182 0.161031 -0.979025 0.124816
-12.196872 -28.680277 420.458517 -2135.151117 0.944438 -0.176722 0.277138 0.161953 -0.483510 -0.860227 -0.286020 -0.857314 0.428024
-12.280043 -32.920366 -1214.913913 1862.979119 -0.181905 -0.376179 -0.908515 0.910937 -0.412382 -0.011640 -0.370276 -0.829717 0.417690
-42.312352 -119.759248 -2331.726726 7195.183832 -0.024535 -0.456290 -0.889493 0.870953 -0.446541 0.205042 -0.490754 -0.769675 0.408363
-65.587856 -107.835106 1861.545855 -5519.137098 0.801667 -0.564342 -0.197099 -0.280189 -0.063488 -0.957843 -0.528038 -0.823096 0.209019
-14.351691 -17.961019 -167.059046 194.946289 0.276922 -0.057078 -0.959196 -0.279082 0.950426 -0.137128 0.919471 0.305668 0.247265
-13.011501 -17.844634 -108.452486 112.257343 0.451841 -0.314617 -0.834779 -0.128924 0.902895 -0.410072 0.882734 0.292910 0.367403
-10.720262 -12.779496 68.531387 -91.075350 0.994611 -0.103675 -0.000014 -0.020397 -0.195810 0.980430 0.101649 0.975146 0.196869
0.189525 -6.982880 53.429248 -23.822365 -0.216822 0.447641 0.867529 0.917936 -0.208956 0.337241 0.332238 0.869457 -0.365599
0.091220 -6.930211 4.952779 30.409958 -0.172562 0.439532 0.881495 0.946509 -0.173732 0.271916 0.272660 0.881266 -0.386041
1.122208 -9.813466 -56.470441 -70.771712 -0.317046 0.493998 0.809597 0.378782 0.848553 -0.369433 -0.869486 0.189534 -0.456149
-1.617807 -17.092479 -25.407185 -93.968703 0.141626 -0.399506 -0.905724 -0.604132 0.689924 -0.398786 0.784198 0.603655 -0.143643
-1.707275 -17.230754 -37.336456 -18.261240 0.156159 -0.374126 -0.914136 -0.634011 0.671699 -0.383210 0.757393 0.639414 -0.132309
-1.435615 -17.352291 -29.580877 -120.242592 0.145057 -0.395339 -0.907009 -0.463664 0.782656 -0.415290 0.874056 0.480788 -0.069775
-1.659565 -17.163330 8.203345 -107.966718 -0.145008 0.405144 0.902680 0.761851 -0.536394 0.363131 0.631312 0.740365 -0.230878
-1.421883 -17.174106 38.604815 -141.554802 0.109764 -0.427977 -0.897100 -0.503468 0.754263 -0.421435 0.857013 0.497919 -0.132681
-1.529630 -17.621670 60.228087 -6.765137 0.108523 -0.447999 -0.887423 -0.655999 0.638459 -0.402537 0.746919 0.625833 -0.224600
1.015732 -18.527540 -55.774199 5.832870 -0.386477 0.251504 0.887345 -0.557573 0.702668 -0.442007 -0.734675 -0.665585 -0.131333
1.276085 -18.709250 -37.368570 -115.154060 -0.377701 0.284571 0.881114 -0.408569 0.802728 -0.434394 -0.830911 -0.524067 -0.186925
1.516685 -18.325336 13.241622 -92.280900 0.361976 -0.274574 -0.890832 0.672228 -0.585178 0.453515 -0.645819 -0.763004 -0.027244
1.327651 -18.108194 39.767737 -4.361866 0.371107 -0.238307 -0.897491 0.722493 -0.533059 0.440287 -0.583339 -0.811824 -0.025646
0.800008 -17.601516 41.291802 -45.445881 0.371779 -0.226158 -0.900352 0.641857 -0.638065 0.425315 -0.670671 -0.736020 -0.092058
1.454348 -18.357274 -20.935675 45.303952 -0.368789 0.283161 0.885333 -0.535272 0.713992 -0.451330 -0.759920 -0.640340 -0.111744
-2.227962 -21.352450 47.583575 -5.758482 -0.004919 0.441101 0.897444 -0.513439 0.769012 -0.380790 -0.858112 -0.462656 0.222696
-2.262731 -21.650939 52.374663 68.025845 -0.031670 0.460967 0.886852 -0.662464 0.654727 -0.363971 -0.748424 -0.599034 0.284639
-1.540601 -22.603316 -56.029499 -139.472478 0.029733 -0.466749 -0.883890 0.810943 -0.505711 0.294326 -0.584370 -0.725535 0.363470
0.350160 -22.481928 -35.853963 -81.485868 0.259959 -0.304018 -0.916512 0.901001 -0.265007 0.343465 -0.347302 -0.915065 0.205030
0.955656 -20.902863 -78.332968 14.656797 0.270906 -0.321589 -0.907298 0.919220 -0.193352 0.342999 -0.285733 -0.926928 0.243231
1.118971 -20.580168 -42.346365 -88.449019 0.294718 -0.314317 -0.902411 0.814330 -0.411522 0.409288 -0.500008 -0.855485 0.134675
-1.649054 -41.777427 -1.816072 -795.710093 -0.229036 0.077290 0.970345 0.723873 0.679993 0.116696 -0.650808 0.729134 -0.211691
-1.781509 -51.869115 11.440249 -1997.399966 -0.192127 0.087005 0.977506 0.752680 0.652222 0.089885 -0.629730 0.753018 -0.190797
-6.770623 -556.087590 -1146.796907 24669.556536 0.705949 0.002495 -0.708258 -0.244007 0.939632 -0.239902 0.664904 0.342178 0.663941
-71.909044 -1131.806991 5663.761551 17130.839440 0.909141 0.182482 -0.374383 -0.412253 0.266423 -0.871244 0.059242 -0.946425 -0.317444
-20.769272 -518.071714 -2810.888054 27590.033369 0.768942 0.140178 -0.623762 -0.336255 -0.741138 -0.581074 0.543747 -0.656555 0.522756
6.374274 -3.965744 94.574807 -15.562496 -0.241445 0.884929 -0.398252 -0.075223 0.392092 0.916845 -0.967495 -0.251325 0.028101
5.407559 -4.137688 279.712389 30.343894 -0.109616 0.893755 -0.434955 -0.020859 0.435428 0.899982 -0.993755 -0.107725 0.029087
-0.297045 -13.442849 -8.714981 -198.485589 0.131173 -0.322643 -0.937388 0.153406 0.940774 -0.302342 0.979418 -0.104142 0.172899
-0.094479 -12.348618 0.828965 -240.318252 0.130135 -0.294815 -0.946652 0.288047 0.924833 -0.248422 0.948733 -0.240351 0.205274
-0.399735 -14.260793 18.636929 -177.628383 0.111271 -0.348979 -0.930501 0.142155 0.932276 -0.332645 0.983570 -0.095262 0.153345
-0.631192 -14.813418 -0.825848 -76.789510 0.122101 -0.360101 -0.924888 -0.004311 0.931660 -0.363307 0.992508 0.048348 0.112204
-0.711866 -16.370271 4.840396 -91.428805 0.110466 -0.400763 -0.909498 -0.047484 0.911925 -0.407600 0.992745 0.088212 0.081707
-8.323526 -16.790880 384.249791 -54.233925 0.140681 -0.337436 -0.930777 0.544795 0.811379 -0.211809 0.826685 -0.477285 0.297979
-4.635297 -19.775098 1567.573197 -412.665695 -0.073368 -0.202206 -0.976591 0.617745 0.759544 -0.203675 0.782948 -0.618228 0.069185
-2.946735 -18.368534 780.708081 -79.656296 0.064485 -0.300867 -0.951483 0.423727 0.871502 -0.246859 0.903492 -0.387251 0.183684
-3.361698 -128.742678 -57.467355 -8295.283791 0.915206 0.401371 -0.036052 -0.376107 0.818611 -0.434073 0.144712 -0.410825 -0.900156
-1.965538 -17.128276 -123.317515 795.883964 0.964879 0.261044 0.029396 -0.213164 0.843436 -0.493130 0.153522 -0.469545 -0.869459
-2.366534 -23.004702 -170.346844 -866.841895 0.871371 0.481077 -0.096322 -0.462629 0.740290 -0.487796 0.163361 -0.469612 -0.867627
-1.624017 -5.929854 -123.725604 -264.196568 0.464607 -0.317463 -0.826654 0.866177 -0.031111 0.498768 -0.184058 -0.947760 0.260525
-3.014266 -7.776244 60.055198 -203.876879 0.297860 -0.300023 -0.906237 0.950691 0.007298 0.310055 -0.086410 -0.953904 0.287403
-2.635597 -7.284853 -101.063162 -71.285350 0.560627 -0.300615 -0.771575 0.790483 -0.083248 0.606800 -0.246645 -0.950105 0.190960
3.745573 -4.318582 -348.833239 87.603217 0.559438 -0.436150 -0.704842 -0.084783 0.815791 -0.572098 0.824524 0.379813 0.419407
0.166590 -3.536085 -84.029788 44.134376 0.535685 -0.528771 -0.658364 -0.001554 0.779047 -0.626963 0.844416 0.336878 0.416502
1.935576 -3.472110 211.762374 -4.860675 -0.033051 -0.622080 -0.782256 0.425919 0.699289 -0.574097 0.904157 -0.352152 0.241844
4.002781 -4.537972 -14.477497 -26.021975 -0.021620 0.728940 0.684236 0.344160 0.647994 -0.679454 0.938662 -0.220797 0.264881
4.057636 -4.568487 24.450030 11.006132 -0.066836 0.711406 0.699596 0.406324 0.659796 -0.632116 0.911281 -0.242014 0.333160
3.513113 -4.078023 147.387673 17.814459 0.009942 -0.649192 -0.760559 0.425393 0.691085 -0.584331 0.904954 -0.317728 0.283033
-0.014642 -12.184907 -51.711921 8.749218 -0.115061 0.496157 0.860575 0.989591 0.132631 0.055843 -0.086432 0.858043 -0.506253
-3.148887 -32.034320 116.297821 -794.438034 -0.253665 -0.486257 -0.836187 0.345763 0.761765 -0.547870 0.903384 -0.428098 -0.025103
-3.883241 -36.693766 181.513150 -253.431323 -0.276370 -0.504293 -0.818113 0.054204 0.841734 -0.537164 0.959521 -0.192802 -0.205295
0.647058 -41.261667 37.094051 -675.278332 0.023505 -0.099551 -0.994755 0.998929 0.041993 0.019401 0.039842 -0.994146 0.100431
1.128448 -48.390711 131.424901 -1161.753129 0.002204 -0.092741 -0.995688 0.980067 0.198001 -0.016273 0.198656 -0.975805 0.091328
-8.724751 -16.375726 283.059153 399.877540 -0.471412 0.866444 0.164456 0.612397 0.455792 -0.645928 0.634618 0.203786 0.745474
-5.466498 -11.940564 370.991000 305.836910 -0.382695 0.921017 -0.072606 0.636208 0.205735 -0.743581 0.669913 0.330757 0.664692
-1.804813 -11.447563 302.171857 306.927199 -0.419690 0.904703 -0.073301 0.675954 0.257632 -0.690443 0.605761 0.339320 0.719663
-3.490419 -20.613721 16.198307 99.625748 -0.004618 -0.286630 -0.958030 0.957552 -0.277400 0.078379 -0.288223 -0.917002 0.275745
-0.435490 -50.091664 -89.717617 790.997862 -0.515717 0.576920 0.633403 0.851558 0.426505 0.304866 -0.094266 0.696603 -0.711237
0.476708 -47.934134 -91.266544 807.104006 -0.500863 0.575054 0.646876 0.841088 0.147030 0.520532 0.204223 0.804795 -0.557313
-4.099001 -40.373362 -78.191870 -290.435557 -0.345715 0.491317 0.799430 0.867592 0.491909 0.072872 -0.357443 0.718772 -0.596323
-3.412643 -43.700592 -100.943246 136.946007 -0.333003 0.507072 0.794976 0.942797 0.192960 0.271844 -0.015554 0.840026 -0.542323
-2.779167 -47.163195 -205.729531 -251.186716 -0.400576 0.530283 0.747221 0.904881 0.357096 0.231674 -0.143977 0.768949 -0.622887
0.440396 -9.856097 111.884168 -385.607733 -0.629732 0.775720 0.041179 0.017440 -0.038879 0.999092 -0.776617 -0.629878 -0.010954
-2.331842 -5.677933 -37.418892 91.964987 0.490806 -0.050642 -0.869796 -0.174134 0.972466 -0.154880 0.853690 0.227477 0.468473
-3.193862 -7.635392 -99.971120 153.630419 0.446333 0.113932 -0.887584 -0.217219 0.975991 0.016049 0.868103 0.185637 0.460366
-0.027362 -13.136999 3.866107 157.487230 0.058802 -0.387274 -0.920088 -0.704527 0.636879 -0.313094 0.707237 0.666637 -0.235395
-0.192852 -13.543508 2.796415 146.769896 0.052726 -0.378844 -0.923957 -0.615903 0.715970 -0.328711 0.786056 0.586399 -0.195581
-0.342404 -15.058284 31.646981 159.741911 0.013284 -0.348503 -0.937213 -0.571090 0.766737 -0.293206 0.820780 0.539128 -0.188842
-0.387195 -15.747594 -43.181919 167.310650 0.020410 -0.326951 -0.944821 -0.581046 0.765162 -0.277332 0.813615 0.554645 -0.174357
2.722742 -39.296067 -4.038577 621.868339 0.089362 -0.190533 -0.977605 0.967019 -0.218453 0.130970 -0.238515 -0.957066 0.164728
-7.246137 -32.628229 150.132333 -2343.542760 0.963149 -0.142026 0.228414 0.145702 -0.438325 -0.886928 -0.226087 -0.887524 0.401479
-4.155833 -201.119403 192.405183 -12328.699946 0.971003 -0.123624 0.204622 0.159130 -0.304534 -0.939115 -0.178412 -0.944445 0.276031
-1.319557 -16.867106 23.019914 -53.207273 -0.019604 -0.269044 -0.962928 0.284198 0.921885 -0.263363 0.958565 -0.278825 0.058390
-1.302261 -16.022735 17.219639 -24.355037 -0.016653 -0.252982 -0.967328 0.457625 0.858254 -0.232335 0.888989 -0.446543 0.101478
-1.130194 -17.249637 9.836594 -28.530981 -0.035463 -0.243831 -0.969169 0.355925 0.903108 -0.240235 0.933841 -0.353471 0.054759
-9.633919 -16.667412 242.315394 -111.605718 0.155317 -0.369820 -0.916029 -0.065040 0.921442 -0.383034 0.985721 0.119071 0.119062
-7.263513 -17.140899 792.858848 -507.152020 -0.106446 -0.259724 -0.959798 -0.082423 0.964265 -0.251792 0.990896 0.052307 -0.124049
-4.699264 -16.318587 655.604264 -11.807275 -0.105255 -0.189236 -0.976274 -0.327311 0.933619 -0.145680 0.939036 0.304212 -0.160207
