10803
21588
-11.581286 -14.069104 -62.088025 454.229380 -0.567946 -0.658662 -0.493560 0.729000 -0.124176 -0.673156 0.382094 -0.742122 0.550690
-13.703977 -17.186573 -196.094474 427.065933 -0.515216 -0.705192 -0.487089 0.804012 -0.200843 -0.559666 0.296844 -0.679975 0.670461
-12.314394 -19.289584 168.963833 802.124549 -0.186578 -0.658815 -0.728802 0.940431 0.094841 -0.326490 0.284217 -0.746303 0.601874
-10.371369 -14.714757 44.567291 274.881977 0.833784 0.549860 0.049585 0.375683 -0.499262 -0.780768 0.404557 -0.669620 0.622850
-9.314733 -18.380958 374.089135 893.657493 -0.154382 -0.561098 -0.813226 0.926223 0.204318 -0.316805 0.343915 -0.802137 0.488158
-8.739162 -11.875322 253.377979 392.520363 -0.456760 -0.603499 -0.653574 0.785285 0.071656 -0.614974 0.417969 -0.794137 0.441189
-8.355604 -12.266210 47.269618 190.568133 0.881239 0.464543 -0.087284 0.177696 -0.496710 -0.849532 0.437999 -0.733130 0.520267
-1.599194 -9.275953 281.791061 -130.926609 0.820938 0.530387 0.211546 0.174250 0.120112 -0.977349 0.543782 -0.839204 -0.006185
-0.366865 -12.176656 34.241480 -565.472779 0.823028 0.453003 0.342655 0.300096 0.165393 -0.939461 0.482251 -0.876033 -0.000179
-0.903313 -10.023912 322.707121 -217.172558 0.811207 0.580302 0.072068 0.099062 -0.014913 -0.994970 0.576308 -0.814265 0.069584
-1.721546 -8.907973 141.121083 159.035352 -0.384761 -0.264706 -0.884245 0.910298 0.049662 -0.410964 0.152698 -0.963049 0.221853
-3.645484 -10.192092 89.149870 216.854671 -0.508006 -0.255412 -0.822614 0.858728 -0.075671 -0.506814 0.067198 -0.963867 0.257771
-0.012636 -8.576909 215.959375 92.653386 -0.236063 -0.254192 -0.937902 0.964191 0.058782 -0.258611 0.120868 -0.965366 0.231213
0.090603 -8.072367 57.542991 60.529220 -0.248722 -0.270671 -0.929986 0.943898 0.147620 -0.295407 0.217243 -0.951286 0.218769
23.118905 3.206437 4018.711182 395.511366 -0.766777 0.454305 -0.453498 0.176925 0.828686 0.531015 0.617050 0.326935 -0.715795
3.431656 -41.133471 -234.551510 -1881.916249 -0.428049 -0.618145 -0.659296 -0.632072 0.726174 -0.270474 0.645956 0.300946 -0.701550
23.407480 2.540287 -4848.241337 298.674588 0.715174 -0.693903 -0.083817 0.538224 0.470240 0.699421 0.445916 0.545320 -0.709778
2.528093 -26.292720 -80.522019 -510.293024 -0.417478 -0.669688 -0.614191 -0.479338 0.736521 -0.477255 0.771977 0.095162 -0.628487
62.181271 0.060633 6514.129925 -1004.986760 -0.451468 0.824580 0.340945 0.850357 0.281850 0.444357 0.270313 0.490538 -0.828434
48.950558 -4.789112 6118.827654 357.891975 -0.807121 0.493821 -0.323569 0.347022 0.840211 0.416680 0.477632 0.224026 -0.849518
2.393134 -13.156937 177.794889 773.390403 0.206239 0.896393 0.392359 -0.696617 0.416096 -0.584456 0.687161 0.152787 -0.710258
1.360946 -23.374073 -9.016627 -91.078635 0.406205 0.717040 0.566437 -0.471174 0.695477 -0.542500 0.782938 0.046524 -0.620357
1.111177 -7.886664 -22.108404 -37.879627 -0.594290 -0.291495 -0.749566 -0.278858 0.948873 -0.147912 0.754359 0.121120 -0.645192
1.114984 -8.192433 -25.842857 75.830276 -0.593534 -0.279038 -0.754888 -0.223768 0.958203 -0.178254 0.773075 0.063120 -0.631166
0.942644 -8.329616 -70.196132 -56.785676 -0.560705 -0.323353 -0.762268 -0.296877 0.937897 -0.179479 0.772964 0.125665 -0.621880
0.803673 -8.429736 -44.260183 -129.900472 -0.562231 -0.345097 -0.751535 -0.351630 0.922287 -0.160447 0.748500 0.174054 -0.639885
0.834512 -8.265737 -4.385051 -127.911760 -0.585548 -0.326051 -0.742176 -0.354905 0.926248 -0.126911 0.728819 0.189089 -0.658079
-0.285437 -13.213315 37.938704 189.216584 -0.552690 -0.316692 -0.770870 0.621922 0.458989 -0.634462 0.554750 -0.830082 -0.056721
-0.355518 -11.694645 60.028221 108.835395 -0.570952 -0.325274 -0.753798 0.571369 0.501886 -0.649344 0.589536 -0.801441 -0.100701
-0.679713 -12.945478 55.603962 279.406214 -0.565911 -0.325359 -0.757553 0.622195 0.434327 -0.651333 0.540942 -0.839941 -0.043353
-0.542873 -15.332431 82.875399 236.895645 -0.540641 -0.301278 -0.785454 0.717967 0.321363 -0.617454 0.438441 -0.897751 0.042566
1.283876 -22.809414 -52.923513 -176.090511 -0.030548 -0.262975 -0.964319 0.800639 0.571118 -0.181110 0.598367 -0.777604 0.193102
1.919876 -25.637489 -66.820568 -410.735335 -0.037464 -0.258573 -0.965265 0.636283 0.738654 -0.222564 0.770546 -0.622519 0.136853
2.284313 -21.901469 19.115777 -380.441646 -0.062805 -0.252428 -0.965575 0.774428 0.597946 -0.206692 0.629537 -0.760750 0.157934
0.339494 -23.772606 -183.112206 -272.060565 -0.001062 -0.291930 -0.956439 0.697897 0.684783 -0.209788 0.716197 -0.667719 0.203010
1.724924 -20.830372 34.809970 102.973611 -0.036490 -0.255206 -0.966198 0.861245 0.482366 -0.159936 0.506878 -0.837969 0.202194
1.137364 -22.629338 -47.198571 233.901146 -0.016261 -0.275211 -0.961246 0.909898 0.394481 -0.128335 0.414513 -0.876723 0.243999
0.365230 -21.829315 -129.342383 18.947391 -0.011965 -0.293680 -0.955829 0.836475 0.520809 -0.170491 0.547874 -0.801567 0.239424
0.245663 -9.255323 43.803708 96.572006 -0.610498 -0.378494 -0.695726 -0.280047 0.924836 -0.257395 0.740855 0.037697 -0.670607
-0.738261 -10.360604 52.639774 -14.194774 -0.583315 -0.430140 -0.689002 -0.218034 0.900055 -0.377310 0.782435 -0.069865 -0.618800
-0.096922 -10.329507 12.952974 64.675834 -0.590474 -0.410154 -0.695065 -0.205940 0.909296 -0.361620 0.780339 -0.070386 -0.621383
-0.112047 -25.272132 14.358672 517.761146 0.392982 0.478457 0.785267 -0.216520 0.878108 -0.426668 -0.893691 -0.002353 0.448676
0.053512 -23.053987 16.060635 461.434034 0.394148 0.481418 0.782869 -0.186491 0.876001 -0.444796 -0.899927 0.029318 0.435054
-0.557987 -20.811222 -3.902432 482.024780 0.379178 0.504257 0.775854 -0.028100 0.844356 -0.535046 -0.924897 0.181077 0.334331
2.590717 -42.384481 360.425587 -2037.137911 0.582221 0.771229 0.257340 0.642315 -0.630370 0.435964 -0.498447 0.088534 0.862387
4.374858 -25.872130 512.570840 -548.973017 0.582794 0.772790 0.251290 0.557603 -0.605248 0.568115 -0.591126 0.190973 0.783645
0.668206 -38.820334 204.561897 -1848.135050 0.590073 0.760217 0.271814 0.595535 -0.637173 0.489233 -0.545116 0.126808 0.828715
-0.450386 -65.148663 110.924119 -3533.310268 0.570608 0.761730 0.306878 0.731063 -0.641393 0.232727 -0.374104 -0.091551 0.922857
7.376736 -6.900630 -149.282836 356.980082 -0.224116 0.835933 -0.500987 -0.641153 -0.513619 -0.570192 0.733959 -0.193420 -0.651071
3.798570 -7.914502 -62.915379 13.164613 -0.306283 0.752208 -0.583416 -0.486995 -0.650412 -0.582924 0.817941 -0.105581 -0.565531
2.054254 -9.396456 19.352671 194.111673 -0.217811 0.909574 -0.353885 -0.562423 -0.413307 -0.716141 0.797646 -0.043050 -0.601588
3.947064 -9.415480 311.457132 560.580543 -0.200975 0.956641 -0.210823 -0.700052 -0.290800 -0.652198 0.685227 -0.016512 -0.728142
-3.345610 -96.590397 215.302420 -5652.863725 0.553312 0.651852 0.518588 0.198882 0.501185 -0.842175 0.808883 -0.569124 -0.147671
-6.469035 -231.656369 220.823780 -15520.384158 0.478165 0.734200 0.481984 -0.243559 0.638115 -0.730403 0.843823 -0.231861 -0.483945
1.581705 -101.478240 276.201253 -5453.609903 0.556582 0.587816 0.587103 0.221156 0.576350 -0.786709 0.800816 -0.567709 -0.190786
0.496075 -91.473965 18.598477 -4419.665639 0.615404 0.604917 0.505325 0.300486 0.412638 -0.859906 0.728687 -0.681033 -0.072170
-0.200834 -100.050095 49.039263 -6151.845529 0.616264 0.617326 0.489007 0.433592 0.252386 -0.865043 0.657432 -0.745124 0.112131
-2.730887 -228.514086 508.997062 -21078.307896 0.508435 0.568461 0.646797 0.499488 0.417156 -0.759271 0.701431 -0.709107 0.071842
1.120320 -10.955134 38.303494 -113.523466 -0.508522 -0.429622 -0.746211 -0.408172 0.883347 -0.230419 0.758156 0.187410 -0.624561
1.686192 -11.601742 38.167760 -98.057879 -0.481253 -0.464185 -0.743591 -0.430041 0.864211 -0.261159 0.763846 0.194091 -0.615523
1.132289 -11.458037 13.252747 6.470934 -0.483959 -0.462856 -0.742663 -0.529966 0.830360 -0.172157 0.696362 0.310269 -0.647158
-1.239176 -5.723539 204.391570 32.895817 -0.817020 0.415351 -0.399953 0.019480 0.713115 0.700776 0.576281 0.564757 -0.590720
-3.573979 -7.414459 168.890089 154.894237 -0.760211 0.088634 -0.643602 -0.276877 0.851981 0.444374 0.587723 0.516016 -0.623144
-1.592468 -5.792981 117.924542 83.785209 -0.806035 0.226787 -0.546695 -0.133872 0.829882 0.541641 0.576529 0.509768 -0.638553
0.915629 -4.652225 234.998551 -45.805405 -0.806347 0.511200 -0.297455 0.151011 0.664211 0.732134 0.571840 0.545435 -0.612781
6.700454 -40.610753 -37.311798 -297.140442 -0.413901 -0.334283 -0.846724 0.682396 0.501694 -0.531639 0.602514 -0.797846 0.020462
5.629983 -38.403760 -124.242521 166.413127 -0.399965 -0.421054 -0.814090 0.570104 0.581189 -0.580690 0.717641 -0.696372 0.007589
4.715016 -40.125714 -67.153400 -437.245878 -0.392319 -0.312431 -0.865143 0.482649 0.730746 -0.482764 0.783030 -0.606958 -0.135891
-21.027709 -82.174767 784.874567 5293.216216 -0.662342 -0.529777 0.529754 0.071588 0.659103 0.748638 -0.745774 0.533778 -0.398625
-39.883015 -87.859515 -1933.534746 6172.041050 0.752477 0.517995 -0.406767 0.224125 0.379356 0.897695 -0.619311 0.766662 -0.169361
-40.263016 -76.318525 1887.780320 4044.409053 -0.780500 -0.502677 0.371665 -0.056555 0.648853 0.758809 -0.622592 0.571231 -0.534859
-30.216578 -72.652326 1286.166234 -501.181114 -0.691708 -0.530085 0.490460 -0.343080 0.838809 0.422724 -0.635482 0.124134 -0.762072
-49.914546 -77.759600 2229.338833 -1200.180430 -0.752229 -0.605319 0.260270 -0.489236 0.777703 0.394749 -0.441362 0.169608 -0.881154
-0.894500 -12.594958 -33.196073 171.597595 -0.556276 -0.514246 -0.652769 0.763176 -0.005324 -0.646168 0.328814 -0.857626 0.395422
-0.880245 -11.267251 27.227574 22.530460 -0.578258 -0.502721 -0.642565 0.722082 0.051243 -0.689907 0.379757 -0.862929 0.333374
-0.940328 -12.327393 22.991940 155.701759 -0.561655 -0.505580 -0.654929 0.765521 -0.017251 -0.643180 0.313881 -0.862607 0.396721
-7.671897 -12.934858 -73.590677 -131.849927 0.436740 0.780453 -0.447383 0.592607 0.124560 0.795803 -0.676812 0.612681 0.408101
-8.064569 -13.762672 82.773390 -85.378942 -0.391639 -0.719929 0.572993 0.683440 0.189341 0.705025 -0.616059 0.667721 0.417875
-7.771808 -11.964509 -112.447363 -186.664897 0.427474 0.714735 -0.553553 0.568872 0.263219 0.779166 -0.702603 0.647974 0.294073
-8.615698 -14.472413 -0.125923 -66.009183 -0.399282 -0.753224 0.522711 0.738539 0.073586 0.670183 -0.543262 0.653635 0.526904
-6.947872 -10.640822 -93.257388 -218.455065 0.483874 0.806273 -0.340278 0.422050 0.125630 0.897826 -0.766642 0.578049 0.279498
-7.200551 -11.822897 -16.234614 -181.819767 0.509151 0.828884 -0.231770 0.440611 -0.019698 0.897482 -0.739343 0.559074 0.375245
-8.500680 -13.581458 12.179768 -111.913472 0.485338 0.810227 -0.328603 0.596411 -0.031976 0.802042 -0.639329 0.585244 0.498747
-8.899799 -16.675942 -27.528756 -55.068886 0.433741 0.586624 0.683916 0.900907 -0.295247 -0.318112 0.015312 0.754124 -0.656554
-9.620385 -16.832809 -44.926574 65.257616 0.422758 0.561012 0.711717 0.876664 -0.452175 -0.164309 0.229641 0.693400 -0.682980
-8.821018 -16.987082 -72.156695 41.009030 0.470967 0.624449 0.623100 0.875133 -0.419649 -0.240907 0.111049 0.658755 -0.744117
-8.085711 -16.563658 -75.220315 -72.538707 0.481325 0.663456 0.572845 0.873683 -0.310387 -0.374617 -0.070738 0.680798 -0.729048
0.990484 -6.252393 -313.180705 -216.554919 0.351373 0.314986 0.881658 0.160591 0.907471 -0.388209 -0.922360 0.277992 0.268277
-0.948822 -5.727176 -1.434910 -201.310897 0.400519 0.320214 0.858515 0.135420 0.905973 -0.401092 -0.906226 0.276905 0.319496
-0.639987 -7.992937 -227.198112 -193.104458 0.380156 0.343573 0.858743 0.212912 0.871008 -0.442734 -0.900083 0.351145 0.257968
2.009934 -8.344275 -458.887727 -188.878976 0.344674 0.352453 0.870044 0.223454 0.869391 -0.440712 -0.911739 0.346317 0.220900
4.084842 -6.692779 -449.458504 -210.432113 0.347449 0.282176 0.894235 0.174572 0.917511 -0.357350 -0.921306 0.280269 0.269528
2.629837 -4.593499 -403.231694 -160.171486 0.329504 0.222142 0.917649 0.153325 0.946436 -0.284165 -0.931621 0.234333 0.277794
1.350904 -3.894729 -325.959917 118.840046 0.295410 -0.019289 0.955176 0.168873 0.985107 -0.032334 -0.940327 0.170856 0.294268
4.390662 -4.582771 -354.634976 97.332205 0.318291 -0.013906 0.947891 0.139618 0.989676 -0.032363 -0.937655 0.142643 0.316947
1.501938 -5.240470 -338.178980 148.459096 0.282372 -0.019124 0.959114 0.126693 0.991787 -0.017524 -0.950902 0.126462 0.282476
4.066291 -5.631439 -242.211533 109.172725 0.337725 -0.016931 0.941093 0.087098 0.996110 -0.013335 -0.937206 0.086471 0.337886
-0.964833 -4.534235 -168.842788 199.044760 0.327705 0.041642 0.943862 0.147090 0.984598 -0.094508 -0.933260 0.169803 0.316532
-0.800360 -20.083883 -35.653639 -16.888706 0.339785 0.509574 0.790494 -0.692745 0.704085 -0.156103 -0.636121 -0.494569 0.592243
-0.781003 -20.260363 16.893307 111.133928 0.337758 0.517905 0.785935 -0.621880 0.749583 -0.226696 -0.706531 -0.412189 0.575252
-0.539564 -20.223212 4.638176 -12.931975 -0.349753 -0.512490 -0.784236 0.763414 -0.641122 0.078499 -0.543021 -0.571241 0.615477
-0.680588 -19.229458 19.073208 137.380717 -0.366743 -0.498574 -0.785445 0.804342 -0.594164 0.001588 -0.467475 -0.631184 0.618929
-0.866884 -19.072104 36.045352 155.868662 -0.362133 -0.495413 -0.789573 0.751750 -0.656051 0.066850 -0.551119 -0.569353 0.610004
-0.954498 -19.488654 -56.176480 32.667287 0.339683 0.513612 0.787920 -0.618198 0.753275 -0.224515 -0.708835 -0.410827 0.573389
6.312096 -22.236453 175.572065 -375.760561 -0.533288 -0.518735 -0.668220 -0.640338 0.763721 -0.081836 0.552785 0.384244 -0.739449
4.682197 -20.731916 116.225212 -254.074135 -0.547720 -0.550042 -0.630441 -0.590165 0.788113 -0.174877 0.593049 0.276281 -0.756282
5.298195 -20.723933 139.043231 -61.363968 -0.528224 -0.507614 -0.680667 -0.516122 0.828486 -0.217322 0.674239 0.236512 -0.699617
0.921318 -54.484869 -65.525276 1040.625606 -0.283063 -0.392639 -0.875049 -0.165195 0.918687 -0.358782 0.944768 0.042996 -0.324908
-0.210321 -59.214230 -31.497365 813.149361 -0.264897 -0.416331 -0.869769 -0.373235 0.875952 -0.305618 0.889115 0.243671 -0.387426
1.030611 -48.379532 -67.312015 278.254484 -0.264778 -0.447603 -0.854134 -0.472598 0.832313 -0.289665 0.840562 0.326965 -0.431914
0.410086 -62.587276 -33.424692 379.475861 -0.268011 -0.388734 -0.881508 -0.012791 0.916337 -0.400204 0.963331 -0.095984 -0.250561
0.983812 -53.149129 -56.928576 413.917856 -0.282065 -0.345102 -0.895178 0.248034 0.875113 -0.415520 0.926779 -0.339238 -0.161242
2.251607 -6.768641 -169.915993 -115.639396 -0.343493 0.540057 -0.768343 -0.511350 0.578672 0.635342 0.787740 0.611128 0.077388
6.784243 -8.336951 -386.869503 -229.194135 -0.260151 0.400375 -0.878647 -0.643515 0.606532 0.466913 0.719868 0.686891 0.099857
3.861453 -4.287286 -234.560862 -229.276450 -0.222031 0.261082 -0.939435 -0.609059 0.715252 0.342726 0.761413 0.648267 0.000206
1.568317 -4.175023 27.165697 10.097398 -0.490702 0.647192 -0.583399 0.314417 -0.492920 -0.811278 0.812621 0.581526 -0.038389
1.242551 -7.257136 -129.223647 91.528957 -0.436785 0.661501 -0.609619 0.331267 -0.511778 -0.792682 0.836350 0.548178 -0.004404
0.531771 -8.934976 -170.533190 63.196208 -0.378147 0.589324 -0.713935 0.489324 -0.527421 -0.694542 0.785854 0.611984 0.088928
-0.776382 -25.504783 -186.817439 -266.850364 0.548639 0.427332 0.718597 0.800162 -0.517536 -0.303146 0.242356 0.741312 -0.625876
-2.111690 -24.153536 -209.897859 -74.949803 0.465816 0.468702 0.750556 0.882646 -0.306364 -0.356479 0.062861 0.828529 -0.556407
-3.061568 -21.699557 -236.358965 -119.750755 0.590904 0.378378 0.712504 0.781227 -0.488744 -0.388348 0.201289 0.786104 -0.584400
-4.551072 -21.526237 -235.909924 -127.130144 0.488424 0.427784 0.760554 0.872585 -0.245592 -0.422233 0.006161 0.869877 -0.493231
-1.641733 -19.423077 -162.207130 -349.450275 0.654092 0.304781 0.692295 -0.645039 0.702778 0.300048 0.395080 0.642816 -0.656277
-5.657551 -19.146928 -126.018027 -143.961423 0.642254 0.287923 0.710359 0.747497 -0.440319 -0.497361 0.169583 0.850423 -0.498018
-3.969826 -17.148592 -101.589507 -250.594825 0.741677 0.188674 0.643674 -0.572949 0.677181 0.461688 0.348776 0.711216 -0.610351
0.063651 -13.943234 -59.041182 -55.312171 0.614932 0.349396 0.706952 0.516591 0.498856 -0.695899 0.595812 -0.793136 -0.126267
0.851161 -14.478319 -80.682379 -63.150775 0.627330 0.356603 0.692309 0.521083 0.468443 -0.713466 0.578731 -0.808329 -0.108048
0.272397 -15.177826 -76.948609 -125.804386 0.635094 0.365032 0.680741 0.417417 0.579345 -0.700088 0.649938 -0.728774 -0.215568
0.420270 -13.665330 67.095963 12.611148 -0.605103 -0.341942 -0.718976 0.608949 0.382962 -0.694638 0.512865 -0.858147 -0.023506
-0.345772 -14.444659 -44.958015 -116.034328 0.619673 0.359390 0.697743 0.426275 0.592343 -0.683681 0.659011 -0.721089 -0.213860
-0.175642 -42.484487 211.020072 -411.337840 -0.367811 -0.251318 -0.895296 0.720862 -0.685264 -0.103788 -0.587430 -0.683559 0.433213
0.716616 -40.590976 276.778987 -172.592599 -0.351130 -0.252157 -0.901734 0.870938 -0.441536 -0.215668 -0.343766 -0.861082 0.374649
-2.261301 -43.510415 60.530040 524.172448 -0.371459 -0.291867 -0.881381 0.869315 -0.442709 -0.219772 -0.326051 -0.847834 0.418173
3.633848 -37.326775 489.432599 -817.844811 -0.340007 -0.201962 -0.918481 0.727676 -0.675180 -0.120910 -0.595720 -0.709467 0.376529
2.661989 -37.479533 -535.574902 228.239149 0.351458 0.176744 0.919369 -0.569899 0.819498 0.060317 -0.742761 -0.545146 0.388745
-4.771803 -10.452794 -87.963226 -82.357460 -0.444288 0.470085 -0.762646 -0.505045 0.571693 0.646603 0.739958 0.672449 -0.016582
-4.640373 -11.258827 43.870288 32.612496 0.471733 -0.486615 0.735305 0.585221 -0.450976 -0.673897 0.659534 0.748215 0.072037
-3.754900 -10.713813 -63.344325 -87.938334 -0.438739 0.517535 -0.734619 -0.495537 0.542629 0.678231 0.749634 0.661598 0.018385
-4.060909 -9.476307 -94.850274 -137.867155 -0.419812 0.466908 -0.778302 -0.425056 0.656532 0.623131 0.801926 0.592420 -0.077158
-16.605876 -28.199911 805.271934 -470.430027 0.667047 0.632434 0.393795 -0.403804 -0.137288 0.904486 -0.626091 0.762351 -0.163802
-5.877430 -27.694637 289.108757 -192.208480 0.631567 0.520821 0.574342 -0.470441 -0.331406 0.817836 -0.616286 0.786712 -0.035710
-7.089720 -38.682277 302.491473 -1436.199904 0.599103 0.545415 0.586172 0.605151 0.170927 -0.777545 -0.524277 0.820552 -0.227656
-13.717449 -35.585124 516.027995 -1296.835613 0.456215 0.594221 0.662397 0.706401 0.210855 -0.675676 -0.541171 0.776171 -0.323563
-12.972752 -30.932692 51.240924 253.334593 0.344768 0.603993 0.718560 0.676433 0.370883 -0.636305 -0.650825 0.705435 -0.280692
5.341989 -37.908379 -2127.651739 1100.008717 0.628210 0.608609 -0.484714 0.266112 0.417345 0.868912 -0.731120 0.674847 -0.100222
-1.265454 -25.965774 -28.733831 340.709723 0.088200 0.478233 0.873793 0.549820 0.708101 -0.443047 -0.830613 0.519506 -0.200488
-1.061325 -25.267269 -66.216578 51.101097 0.087153 0.500554 0.861307 0.584481 0.674453 -0.451104 -0.806713 0.542733 -0.233784
-1.214631 -27.408846 -53.425894 520.516415 0.070282 0.460413 0.884918 0.459801 0.772298 -0.438337 -0.885237 0.437693 -0.157420
133.368578 -430.362897 -9186.620282 40429.881104 -0.176763 0.983836 -0.028652 0.817561 0.162974 0.552298 -0.548041 -0.074202 0.833154
-17.551407 -58.496157 -742.820024 2384.993026 -0.061807 -0.856481 0.512465 0.955452 0.097694 0.278510 -0.288603 0.506849 0.812288
-6.940355 -59.914074 538.733859 3518.455906 -0.163774 -0.924441 0.344363 0.985330 -0.136310 0.102686 -0.047987 0.356129 0.933204
56.334107 -128.033743 4471.663465 7923.408978 -0.205030 -0.848182 0.488416 0.976272 -0.212753 0.040359 0.069680 0.485102 0.871677
-13.435258 -81.897000 988.729063 4920.512318 -0.138981 -0.825537 0.546967 0.990043 -0.103371 0.095547 -0.022336 0.554800 0.831684
-14.280175 -66.874218 744.651178 -893.264416 -0.865020 -0.036246 0.500426 0.078054 0.975523 0.205579 -0.495629 0.216890 -0.841018
-33.782835 -83.458114 1670.524322 -1655.644366 -0.930104 -0.045099 0.364516 -0.000218 0.992501 0.122239 -0.367296 0.113616 -0.923139
-24.200620 -159.228638 1041.123370 -10314.379762 -0.876824 0.010734 0.480692 -0.120047 0.963201 -0.240485 -0.465584 -0.268569 -0.843269
-7.381140 -110.365492 423.634087 -6784.377150 -0.846311 -0.033547 0.531632 -0.131039 0.980458 -0.146733 -0.516320 -0.193846 -0.834168
-13.864472 -19.884173 -71.920282 337.518747 -0.267335 -0.721655 -0.638550 0.950513 -0.088631 -0.297775 0.158296 -0.686555 0.709637
-14.113696 -19.787756 -225.648822 282.302021 -0.540880 -0.718697 -0.436948 0.824436 -0.350115 -0.444662 0.166595 -0.600745 0.781890
-11.450786 -17.445689 -25.360042 347.518160 0.728600 0.644150 0.232836 0.615160 -0.465919 -0.636001 0.301198 -0.606622 0.735724
-4.062266 -16.324064 217.929175 104.444775 0.850551 0.225682 0.475006 0.522664 -0.462699 -0.716053 -0.058185 -0.857308 0.511505
-4.829629 -13.684747 212.892749 317.048585 0.766619 0.246449 0.592923 0.641996 -0.277452 -0.714745 0.011641 -0.928592 0.370919
-2.734064 -14.998325 153.705445 327.483166 0.795910 0.263395 0.545114 0.602847 -0.261979 -0.753619 0.055691 -0.928434 0.367299
-0.494725 -14.422577 124.615276 448.756704 0.765934 0.270495 0.583248 0.625345 -0.102777 -0.773551 0.149297 -0.957220 0.247873
-1.618185 -17.148139 47.125398 286.019098 0.832627 0.245710 0.496346 0.552845 -0.315190 -0.771374 0.033091 -0.916669 0.398275
-2.302723 -17.424310 64.936001 35.696640 0.863285 0.219102 0.454680 0.501444 -0.474761 -0.723295 -0.057389 -0.852406 0.519722
53.439756 -18.274541 7833.354914 -310.701680 -0.613770 0.755810 0.228117 0.669832 0.345601 0.657180 0.417866 0.556157 -0.718385
1.106243 -34.894639 -85.956069 -1101.610377 -0.472523 -0.576163 -0.666902 -0.443879 0.809311 -0.384692 0.761376 0.114248 -0.638164
-0.447684 -54.693483 -156.102861 -2823.245565 -0.501975 -0.540427 -0.675248 -0.602658 0.778553 -0.175095 0.620343 0.319050 -0.716507
1.088825 -8.867373 -30.716109 147.260816 -0.595345 -0.260562 -0.760047 -0.150128 0.965371 -0.213356 0.789320 -0.012916 -0.613846
0.650774 -9.464843 61.121733 168.130159 -0.617709 -0.303798 -0.725357 -0.176776 0.952404 -0.248349 0.766281 -0.025182 -0.642012
0.436479 -10.682941 44.447755 180.909697 -0.608299 -0.304418 -0.733008 -0.089812 0.943993 -0.317508 0.788610 -0.127307 -0.601571
-0.057370 -10.806086 80.574100 159.827288 -0.615350 -0.345521 -0.708491 -0.111125 0.927860 -0.355989 0.780382 -0.140327 -0.609354
-0.165747 -12.078879 -24.103174 -1.664686 0.576449 0.345425 0.740532 0.502445 0.564851 -0.654593 0.644403 -0.749417 -0.152051
2.912296 -24.608662 -3.391745 -503.122962 -0.086870 -0.252363 -0.963725 0.615185 0.747311 -0.251145 0.783582 -0.614686 0.090331
1.031403 -26.171516 -184.493145 -289.809687 0.009930 -0.272455 -0.962117 0.462600 0.854264 -0.237139 0.886511 -0.442721 0.134521
2.947317 -27.508833 -117.646869 -198.075223 -0.041904 -0.264292 -0.963532 0.365639 0.893424 -0.260964 0.929813 -0.363240 0.059197
3.321382 -18.484656 139.063110 -422.036507 0.206812 0.125024 0.970360 0.089746 0.985196 -0.146063 -0.974256 0.117294 0.192530
4.108691 -17.998295 69.345669 -252.329299 0.147911 0.138916 0.979196 0.107202 0.982001 -0.155507 -0.983173 0.127973 0.130357
3.918666 -21.898985 152.102464 -551.310251 0.202544 0.105109 0.973616 0.287280 0.944101 -0.161687 -0.936187 0.312449 0.161027
-1.933622 -10.596610 159.355219 72.959758 -0.591037 -0.442019 -0.674755 -0.354675 0.893702 -0.274777 0.724487 0.076916 -0.684984
-3.327850 -10.560434 177.556319 98.924246 -0.587987 -0.405067 -0.700137 -0.393719 0.899439 -0.189722 0.706581 0.164103 -0.688341
-3.103098 -10.817074 156.943105 -24.329343 -0.553931 -0.472375 -0.685582 -0.339505 0.880045 -0.332052 0.760195 0.048824 -0.647858
-1.842291 -10.585669 146.410103 -61.759086 -0.582470 -0.457657 -0.671773 -0.277166 0.888734 -0.365145 0.764138 -0.026493 -0.644508
-1.323019 -16.183354 30.689522 309.132537 0.370836 0.524552 0.766372 0.124910 0.789541 -0.600852 -0.920260 0.318545 0.227269
-1.417115 -12.914793 -4.418031 142.070698 0.339942 0.526744 0.779089 0.242538 0.751298 -0.613781 -0.908634 0.397608 0.127642
-2.091818 -14.150639 95.444847 359.067501 0.358764 0.517979 0.776522 0.229757 0.757305 -0.611311 -0.904710 0.397728 0.152685
-4.708990 -23.879334 -27.195562 106.514264 -0.222536 -0.202099 -0.953747 -0.532153 0.844869 -0.054861 0.816879 0.495331 -0.295561
-4.668073 -22.989814 -25.843021 -35.197167 -0.269963 -0.201320 -0.941589 -0.654918 0.755243 0.026294 0.705835 0.623762 -0.335735
-4.313124 -23.429370 17.632232 10.426003 0.226349 0.186582 0.956009 0.705100 -0.708528 -0.028661 0.672012 0.680570 -0.291934
-0.270668 -33.974590 -77.293348 -613.804206 -0.414431 -0.657073 -0.629684 -0.062763 0.710887 -0.700501 0.907914 -0.250788 -0.335853
-0.632423 -30.173494 98.491318 -17.712314 0.404687 0.704199 0.583380 0.043112 0.622552 -0.781390 0.913438 -0.341369 -0.221579
-1.545446 -36.738144 -15.520214 -1053.465293 -0.435167 -0.666677 -0.605122 -0.101428 0.704118 -0.702802 0.894618 -0.244460 -0.374028
-3.823862 -36.479928 118.645894 -1183.697896 0.439515 0.686126 0.579704 -0.094737 0.677191 -0.729683 0.893225 -0.265787 -0.362638
-4.036726 -44.193110 -194.114801 -1598.132890 -0.422650 -0.655747 -0.625590 -0.345020 0.754716 -0.558002 0.838050 -0.019998 -0.545226
-1.369373 -38.306592 -114.941134 -885.977002 -0.419114 -0.644868 -0.639131 -0.303277 0.762942 -0.570914 0.855784 -0.045445 -0.515333
-5.066043 -12.342394 -220.935493 -79.098978 0.655144 -0.681357 -0.326402 -0.641662 -0.273754 -0.716469 -0.398818 -0.678831 0.616549
-6.149135 -14.894399 121.010823 -304.081757 0.255078 -0.686406 -0.681015 0.892961 -0.102931 0.438209 -0.370887 -0.719897 0.586678
-8.733979 -15.554783 97.054677 -321.326411 0.166352 -0.734438 -0.657973 0.950014 -0.059413 0.306504 -0.264200 -0.676070 0.687843
-7.170758 -12.013930 -494.874193 -105.381024 0.816397 -0.568396 -0.102089 -0.473187 -0.557069 -0.682472 -0.331044 -0.605475 0.723747
0.212901 -12.971424 -633.880806 -226.752355 0.883713 -0.454787 0.110540 -0.240938 -0.644541 -0.725614 -0.401248 -0.614602 0.679165
1.598814 -14.072390 -802.920412 -28.059457 0.835047 -0.549891 0.017784 -0.277888 -0.449449 -0.848984 -0.474842 -0.704000 0.528119
-3.885685 -299.457895 67.067246 -23581.212208 0.509440 0.713233 0.481424 -0.221368 0.649262 -0.727637 0.831545 -0.264115 -0.488647
-7.687993 -238.176864 -249.819950 4349.419426 0.447897 0.740507 0.501038 -0.713674 0.633670 -0.298549 0.538570 0.223859 -0.812299
-7.316248 -202.300478 -360.089642 5385.381961 -0.427257 -0.675188 -0.601309 -0.678822 0.678853 -0.279927 0.597204 0.288581 -0.748377
-3.805469 -6.904623 194.869523 145.823949 -0.777882 0.216583 -0.589908 -0.219536 0.785922 0.578041 0.588816 0.579153 -0.563806
-5.278668 -9.134136 84.447376 246.042523 -0.616484 -0.131535 -0.776303 -0.470763 0.851886 0.229505 0.631134 0.506941 -0.587095
-4.922930 -9.631946 131.349816 184.265269 -0.624685 -0.195301 -0.756059 -0.448715 0.882182 0.142864 0.639080 0.428500 -0.638720
-5.074165 -11.870631 -103.893594 -101.479993 0.474898 0.834572 0.279217 -0.423219 0.494762 -0.759010 0.771594 -0.242283 -0.588168
-3.862890 -11.343307 -103.783418 -98.578326 0.493910 0.837984 0.232025 -0.378638 0.447495 -0.810174 0.782743 -0.312300 -0.538315
-4.556626 -12.454196 -126.270024 -113.910284 0.480352 0.849095 0.219770 -0.486267 0.466355 -0.738957 0.729936 -0.248092 -0.636901
11.025261 -61.665871 19.735928 2321.339818 -0.512331 -0.450521 -0.731128 0.722579 0.233947 -0.650498 0.464108 -0.861568 0.205679
7.389140 -32.062414 -6.105040 -249.952234 -0.430100 -0.520467 -0.737650 0.655747 0.381485 -0.651510 0.620492 -0.763926 0.177218
4.423664 -31.972526 -146.283994 -526.585604 -0.333451 -0.451729 -0.827497 0.473566 0.678705 -0.561333 0.815197 -0.579052 -0.012392
-14.792076 -69.945615 674.433957 4971.799533 -0.604179 -0.497568 0.622410 0.367448 0.519122 0.771683 -0.707071 0.694938 -0.130812
-15.218235 -30.797183 795.009077 1855.499497 -0.516179 -0.335763 0.787923 0.622591 0.484659 0.614399 -0.588167 0.807693 -0.041128
-8.423871 -13.691396 63.278890 -64.333641 -0.410141 -0.639665 0.650087 0.703050 0.232299 0.672129 -0.580952 0.732712 0.354441
-8.579111 -14.361045 23.659891 -38.663667 -0.396495 -0.668862 0.628820 0.770053 0.130604 0.624469 -0.499810 0.731824 0.463276
-10.180967 -16.645875 -24.670015 41.261145 0.402356 0.507461 0.761967 0.819874 -0.570060 -0.053281 0.407329 0.646154 -0.645421
-9.492835 -16.530244 -53.948560 59.597813 0.456543 0.575181 0.678775 0.809993 -0.584334 -0.049646 0.368075 0.572469 -0.732667
4.115881 -3.797222 -363.937809 51.478971 0.324709 0.017093 0.945660 0.164550 0.983568 -0.074279 -0.931390 0.179728 0.316560
6.143876 -4.435344 -172.652941 38.623129 0.396960 -0.021461 0.917585 0.155547 0.986839 -0.044211 -0.904560 0.160277 0.395074
5.983779 -5.069147 -148.453591 105.068085 0.390827 -0.040038 0.919593 0.136946 0.990464 -0.015078 -0.910220 0.131828 0.392583
-0.430542 -20.407048 -18.989309 58.586202 0.326129 0.514826 0.792840 -0.694577 0.699418 -0.168454 -0.641251 -0.495750 0.585687
4.006686 -20.587341 92.539809 117.796628 -0.542888 -0.552406 -0.632550 -0.487606 0.820585 -0.298128 0.683749 0.146586 -0.714842
3.483966 -19.710487 30.033295 23.847941 -0.547694 -0.576255 -0.606598 -0.532647 0.799255 -0.278350 0.645227 0.170652 -0.744688
3.381771 -20.324165 78.376679 -354.947452 -0.557479 -0.581381 -0.592632 -0.619460 0.766558 -0.169289 0.552708 0.272737 -0.787482
0.278187 -51.834085 -23.641996 623.446933 -0.252064 -0.493078 -0.832669 -0.718152 0.672051 -0.180567 0.648630 0.552469 -0.523505
-0.724128 -70.373299 57.851499 845.494812 -0.265972 -0.405660 -0.874470 -0.217683 0.908988 -0.355464 0.939081 0.095814 -0.330071
-0.740166 -81.375427 33.472641 2021.492202 -0.274987 -0.418804 -0.865440 -0.544128 0.809906 -0.219038 0.792658 0.410677 -0.450596
0.112896 -27.306182 -57.386802 -356.114850 0.480287 0.463937 0.744371 0.855267 -0.435936 -0.280138 0.194532 0.771183 -0.606164
-0.850578 -25.828966 -98.912282 -105.947634 0.410142 0.480225 0.775350 0.911891 -0.201544 -0.357540 -0.015432 0.853677 -0.520574
-2.700243 -23.284679 -188.444625 76.883455 0.391060 0.469756 0.791455 0.905589 -0.042921 -0.421979 -0.164258 0.881752 -0.442190
0.942976 -15.694521 -64.191977 -111.404181 0.636537 0.386052 0.667671 0.408728 0.565281 -0.716519 0.654035 -0.728987 -0.202032
1.713976 -14.899582 -38.164563 -130.601229 0.620230 0.396033 0.677106 0.533431 0.419934 -0.734239 0.575123 -0.816586 -0.049200
-3.102929 -45.607802 -55.724819 587.135610 -0.405806 -0.309684 -0.859894 0.811085 -0.555680 -0.182648 -0.421263 -0.771567 0.476678
-2.583578 -42.314564 -25.060128 976.825268 -0.402993 -0.318617 -0.857951 0.905201 -0.276981 -0.322325 -0.134938 -0.906513 0.400033
-5.639014 -10.241076 68.264118 66.096450 0.493092 -0.425266 0.758953 0.543135 -0.531005 -0.650414 0.679606 0.732928 -0.030857
-5.225273 -11.434554 46.719060 38.605362 0.556361 -0.475363 0.681537 0.585674 -0.357493 -0.727451 0.589448 0.803883 0.079513
-3.842188 -31.203634 249.943887 713.453358 0.619554 0.505112 0.600846 -0.567353 -0.240826 0.787473 -0.542461 0.828773 -0.137372
-3.746432 -27.112704 181.177050 -30.451164 0.666875 0.498390 0.553971 -0.397837 -0.390473 0.830215 -0.630082 0.774040 0.062119
-2.925046 -9.846798 -76.331853 -77.741088 0.093072 0.440585 0.892873 0.983707 -0.179224 -0.014103 0.153811 0.879638 -0.450088
-3.036557 -9.935963 -65.683832 -56.620852 0.079668 0.415220 0.906226 0.982336 -0.187123 -0.000622 0.169317 0.890268 -0.422793
-2.841112 -10.243437 -14.878422 -24.021347 0.082210 0.417501 0.904950 0.954422 -0.294392 0.049114 0.286915 0.859666 -0.422675
-2.923080 -10.293482 -19.720629 -40.915803 0.108414 0.443293 0.889797 0.954163 -0.297572 0.031993 0.278961 0.845543 -0.455235
-41.735822 -307.514569 -1018.869427 28308.620557 0.884296 0.464617 0.046380 -0.463998 0.863297 0.198555 -0.052212 0.197101 -0.978992
-57.368939 -147.012500 -2768.869510 -3185.512152 0.952270 0.133647 -0.274445 -0.192052 0.961134 -0.198337 -0.237271 -0.241578 -0.940926
-49.445363 -300.790243 1839.807136 -20371.526692 -0.919801 0.126585 0.371406 -0.022456 0.928001 -0.371901 -0.391742 -0.350416 -0.850733
-8.112047 -18.873155 519.749467 315.372685 -0.277552 -0.572790 -0.771282 0.955031 -0.077336 -0.286242 0.104309 -0.816046 0.568497
-5.553511 -12.011542 0.053343 275.633711 -0.620405 -0.231200 -0.749430 0.783780 -0.216965 -0.581907 -0.028063 -0.948405 0.315816
-2.128361 -9.852261 407.103039 137.895471 -0.296185 -0.227629 -0.927609 0.955065 -0.059212 -0.290421 0.011183 -0.971946 0.234939
1.297018 -8.285370 -48.949742 52.877552 -0.577278 -0.268737 -0.771058 -0.205280 0.961726 -0.181501 0.790323 0.053506 -0.610350
-0.090903 -16.701592 -15.145071 294.151180 -0.517510 -0.318842 -0.794055 0.750484 0.276650 -0.600199 0.411044 -0.906534 0.096116
-0.212448 -18.929516 2.744263 190.907969 -0.507763 -0.314603 -0.801999 0.820256 0.108037 -0.561701 0.263358 -0.943055 0.203198
0.338417 -18.204557 36.789295 271.249215 -0.513975 -0.306525 -0.801169 0.789329 0.196661 -0.581622 0.335840 -0.931326 0.140870
-0.387139 -18.544751 1.685651 209.893128 -0.507036 -0.318623 -0.800871 0.814431 0.127074 -0.566176 0.282166 -0.939325 0.195065
0.471598 -15.314950 32.762244 363.823353 -0.528570 -0.312223 -0.789386 0.683375 0.395157 -0.613881 0.503599 -0.863926 0.004497
-0.079376 -13.806702 -10.958591 284.493847 -0.530579 -0.325004 -0.782853 0.653544 0.431288 -0.621990 0.539784 -0.841643 -0.016428
-0.339072 -16.330170 8.103611 266.292389 -0.521105 -0.316677 -0.792569 0.733628 0.308363 -0.605560 0.436166 -0.897011 0.071633
2.151213 -19.785711 54.517540 -9.495172 -0.060882 -0.252297 -0.965733 0.863771 0.471533 -0.177642 0.500193 -0.844987 0.189219
-2.532333 -27.178738 73.757513 -702.040621 0.249345 0.235795 0.939270 0.342446 0.885771 -0.313272 -0.905846 0.399762 0.140116
-2.465604 -22.958136 43.891920 -829.311142 0.225827 0.259332 0.939015 0.136067 0.946070 -0.294004 -0.964618 0.194162 0.178361
-1.545834 -24.240801 91.202061 -917.462394 0.259289 0.193639 0.946189 0.178216 0.953278 -0.243928 -0.949215 0.231873 0.212665
-1.130294 -18.111835 60.679213 -636.879813 0.235318 0.183146 0.954507 -0.016430 0.982694 -0.184504 -0.971780 0.027735 0.234255
-2.136174 -28.860536 144.296587 -530.625090 0.286656 0.180425 0.940891 0.460414 0.835314 -0.300451 -0.840148 0.519325 0.156377
-0.357276 -21.235156 117.072656 -882.477502 0.268540 0.163309 0.949324 0.062751 0.980465 -0.186417 -0.961222 0.109631 0.253046
-0.344337 -26.672877 117.304728 -874.405842 0.268575 0.157684 0.950265 0.298549 0.924305 -0.237756 -0.915825 0.347556 0.201168
-0.407029 -10.881469 -49.112651 -22.007656 -0.567450 -0.438120 -0.697174 -0.143646 0.886382 -0.440106 0.810781 -0.149592 -0.565911
-1.054672 -10.935303 63.313047 16.552908 -0.580785 -0.425064 -0.694269 -0.098436 0.883263 -0.458429 0.808084 -0.197908 -0.554827
-2.085311 -10.416116 149.064409 -98.240765 -0.580582 -0.446621 -0.680775 -0.177876 0.885504 -0.429236 0.794534 -0.128113 -0.593551
-1.650756 -13.138700 17.353406 -90.420518 0.308608 0.490861 0.814749 0.328057 0.749076 -0.575555 -0.892827 0.444905 0.070140
-4.682799 -22.388553 -11.203477 59.790998 -0.267079 -0.215886 -0.939182 -0.523719 0.850616 -0.046595 0.808942 0.479422 -0.340245
-4.425187 -23.446985 -0.487045 -30.891960 -0.309505 -0.224417 -0.924037 -0.565731 0.824519 -0.010757 0.764300 0.519427 -0.382153
-6.799474 -123.938046 109.293361 -9329.131782 0.543285 0.128455 -0.829663 0.581278 0.655492 0.482126 0.605769 -0.744197 0.281451
354.392574 -1134.768899 -172013.993130 172722.483312 0.992173 0.038873 -0.118669 0.070535 -0.958653 0.275696 0.103046 0.281909 0.953892
115.066949 -2695.387138 3009.771975 -188589.123496 0.562273 0.188802 -0.805111 0.624637 0.541048 0.563112 0.541921 -0.819525 0.186284
7.242757 -74.823968 328.625682 -5861.835482 0.591970 0.143155 -0.793145 0.624568 0.540508 0.563708 0.509399 -0.829070 0.230554
-2.719421 -86.720494 -143.228071 6638.234421 0.669795 0.210923 -0.711959 -0.524603 -0.544153 -0.654744 0.525515 -0.812040 0.253820
0.320547 -32.574322 122.438275 257.421786 0.393410 0.705847 0.589074 0.166240 0.575564 -0.800681 0.904208 -0.412924 -0.109093
-25.918584 -4463.024312 8509.858017 1277826.675869 0.882029 0.369291 0.292658 0.217851 0.231128 -0.948220 0.417811 -0.900113 -0.123411
-13.807485 -1156.798152 1448.290443 94630.582346 0.823168 0.460762 0.331802 0.522335 -0.385388 -0.760686 0.222623 -0.799484 0.557911
-107.385764 -1580.890815 6669.851848 -92919.996140 0.768079 0.410118 0.491790 0.532557 -0.835567 -0.134945 -0.355580 -0.365555 0.860193
319.483925 -68786.899677 -147737.062497 -10191885.296854 0.866732 0.299745 0.398659 0.358166 0.182222 -0.915703 0.347122 -0.936455 -0.050579
-181.612144 -635.162296 17913.203698 -772600.199188 0.678044 0.599080 0.425863 -0.194630 0.705044 -0.681933 -0.708785 0.379494 0.594650
2.800219 -4.671324 324.000160 43.569807 -0.774676 0.607766 -0.174637 -0.244852 -0.542916 -0.803299 0.583031 0.579536 -0.569397
3.861663 -3.779842 339.352871 85.600171 -0.750309 0.643084 -0.153228 -0.316864 -0.553258 -0.770392 0.580201 0.529480 -0.618884
-4.531492 -10.754115 -60.989327 -96.732001 0.486694 0.800414 0.349953 -0.297276 0.528442 -0.795221 0.821436 -0.282996 -0.495133
-3.981961 -24.108845 -74.262893 -186.015495 -0.088638 -0.259101 -0.961774 0.374522 0.886051 -0.273217 0.922972 -0.384423 0.018501
-3.837124 -25.100620 -64.073692 25.652139 -0.081920 -0.244450 -0.966195 0.124565 0.959341 -0.253277 0.988824 -0.141103 -0.048139
-2.447051 -25.212154 -91.791290 -142.750828 -0.048482 -0.258245 -0.964862 0.327876 0.908354 -0.259595 0.943476 -0.328940 0.040633
5.016707 -364.850272 524.164628 29102.125887 0.665999 0.652349 -0.361781 0.389845 0.109104 0.914394 -0.635976 0.750025 0.181652
2.444240 -93.069857 362.402523 -1869.290898 0.688295 0.647900 -0.326305 0.583334 -0.226924 0.779889 -0.431244 0.727139 0.534133
10.452123 -527.112993 -103.478062 41918.377780 -0.513818 -0.576368 0.635446 0.530786 0.368334 0.763280 -0.673986 0.729473 0.116671
2.870362 -183.115345 364.293352 8543.848190 -0.553411 -0.738996 0.384214 0.634499 -0.075210 0.769256 -0.539580 0.669498 0.510515
-6.965003 -167.327136 127.139844 -10561.080587 0.634038 0.672527 -0.381710 -0.038674 0.520570 0.852943 -0.772334 0.526036 -0.356071
-2.161045 -141.538945 -25.922677 -9398.160151 0.631340 0.697214 -0.339561 -0.088361 0.499679 0.861692 -0.770456 0.514017 -0.377074
-2.978492 -163.182347 -527.026676 3876.574274 0.555417 0.715981 -0.422945 0.359942 0.251503 0.898437 -0.749636 0.651243 0.118022
-6.862440 -9.211281 -162.924781 -308.001484 0.427974 0.736372 -0.524018 0.452027 0.327674 0.829639 -0.782630 0.591934 0.192624
-5.712043 -8.081476 -223.232543 -217.104085 0.552975 0.833095 -0.013096 0.147539 -0.082437 0.985615 -0.820031 0.546952 0.168499
-8.808249 -17.019176 -94.184289 40.635386 0.479286 0.632646 0.608312 0.839476 -0.532670 -0.107441 0.256057 0.562158 -0.786392
0.333790 -9.516958 -316.474651 -129.089327 0.365176 0.366015 0.855967 0.298386 0.824938 -0.480045 -0.881823 0.430710 0.192034
3.372053 -9.988842 -410.886067 -107.215859 0.364413 0.379597 0.850358 0.301951 0.815648 -0.493501 -0.880925 0.436605 0.182614
5.467315 -8.896632 -251.430411 -189.016648 0.419475 0.295276 0.858401 0.233278 0.878798 -0.416288 -0.877281 0.374869 0.299752
-0.410310 -20.626169 24.537975 10.130976 -0.337773 -0.501812 -0.796300 0.799995 -0.598802 0.038013 -0.495901 -0.624196 0.603706
-0.610807 -21.512956 -58.422233 137.218795 0.319477 0.503276 0.802900 -0.694433 0.700854 -0.162993 -0.644746 -0.505487 0.573398
-0.474569 -19.899270 -51.879983 106.531828 0.305218 0.523358 0.795574 -0.555936 0.776222 -0.297346 -0.773160 -0.351533 0.527871
-0.242547 -21.504209 4.186547 234.997661 0.327237 0.520857 0.788431 -0.677726 0.710800 -0.188282 -0.658485 -0.472728 0.585599
-0.422943 -21.598437 -9.577780 3.762521 -0.342841 -0.504337 -0.792530 0.816130 -0.577685 0.014567 -0.465180 -0.641813 0.609659
4.037925 -21.975804 71.235999 363.893362 -0.521123 -0.532361 -0.667100 -0.402002 0.842593 -0.358374 0.752878 0.081418 -0.653105
1.320876 -45.819671 -94.067081 -252.168794 -0.222629 -0.486554 -0.844809 -0.668133 0.707200 -0.231229 0.709954 0.512966 -0.482526
1.750086 -33.313097 -33.273422 -1041.257372 0.546272 0.393905 0.739206 0.716446 -0.676930 -0.168733 0.433926 0.621776 -0.651999
