18363
36693
-9.037679 -12.107584 -239.700288 -231.096913 0.931085 0.267808 -0.247710 0.085181 -0.819855 -0.566199 0.354719 -0.506080 0.786167
-10.959150 -14.093368 -187.463961 -207.811370 0.922825 0.328737 -0.200815 0.105837 -0.717603 -0.688364 0.370396 -0.613986 0.697014
-11.149230 -17.465601 -75.814873 -801.163829 -0.557173 -0.770865 -0.308748 0.731883 -0.280213 -0.621151 0.392308 -0.572056 0.720310
-7.113607 -12.773740 25.834678 -227.784032 0.930652 0.026147 -0.364971 -0.185187 -0.826611 -0.531432 0.315584 -0.562166 0.764445
-9.519104 -14.893585 -79.824293 -850.055699 -0.560790 -0.798793 -0.217818 0.740631 -0.366372 -0.563237 0.370108 -0.477180 0.797069
-7.124426 -10.172451 -263.737416 -169.275996 0.909276 0.363550 -0.202603 0.219067 -0.831976 -0.509730 0.353873 -0.419102 0.836138
-5.935309 -10.931817 36.710345 -201.925514 0.922011 0.003433 -0.387148 -0.171744 -0.892566 -0.416929 0.346986 -0.450904 0.822366
5.312322 -10.568575 164.152486 -52.635331 -0.689435 -0.661983 0.294035 0.724077 -0.618754 0.304723 -0.019786 0.422991 0.905918
7.105812 -9.311734 -153.708343 -35.687098 0.785100 0.551802 -0.281303 0.616921 -0.656355 0.434288 -0.055007 0.514502 0.855723
8.417158 -7.081550 254.020415 35.507540 -0.639798 -0.677959 0.361981 0.765540 -0.603780 0.222259 0.067874 0.419311 0.905302
6.023802 -10.947604 -113.849117 -238.387972 0.737550 0.623558 -0.259220 0.661202 -0.588830 0.464855 -0.137228 0.514251 0.846590
6.697669 -9.381543 417.155217 68.478267 -0.601413 -0.736762 0.309005 0.794697 -0.591465 0.136479 0.082213 0.327646 0.941217
3.603506 -12.381139 144.504115 -8.183455 -0.592277 -0.751026 0.291835 0.804575 -0.570689 0.164232 0.043205 0.332074 0.942263
3.789470 -13.593345 63.660606 -209.296898 -0.646692 -0.710495 0.277464 0.760146 -0.570294 0.311356 -0.062981 0.412265 0.908885
-11.976427 -131.064878 645.989325 -13871.820305 0.899099 0.158372 -0.408092 0.000269 0.932060 0.362305 0.437746 -0.325858 0.837971
-26.288916 -150.537214 344.905808 -11863.065163 0.893139 0.212973 -0.396162 -0.079818 0.941860 0.326386 0.442641 -0.259888 0.858212
-145.378810 -902.005790 8492.424393 -94794.535794 0.829128 0.285373 -0.480737 -0.025203 0.878111 0.477793 0.558490 -0.384035 0.735259
-20.154519 -143.821411 -840.302826 14167.895256 0.518297 0.830871 -0.202541 0.543995 -0.503052 -0.671572 0.659878 -0.237892 0.712719
2.638080 -8.525617 244.571087 -23.371725 0.622668 0.447224 -0.642087 0.194623 0.706270 0.680665 0.757896 -0.548793 0.352731
1.055967 -9.801625 272.274600 -11.434519 0.624211 0.487391 -0.610583 0.105527 0.721778 0.684033 0.774096 -0.491413 0.399109
-0.465503 -9.117301 231.526015 -69.522916 0.623742 0.438833 -0.646816 0.222440 0.693646 0.685110 0.749310 -0.571210 0.335042
1.849028 -7.492609 226.044286 -147.439540 0.605775 0.403520 -0.685717 0.295232 0.686316 0.664686 0.738833 -0.605096 0.296621
3.775950 -6.079231 203.963147 -197.204798 0.612625 0.389313 -0.687841 0.310218 0.681997 0.662302 0.726949 -0.619124 0.297037
4.470216 -7.242599 157.644913 -64.029577 0.664651 0.430337 -0.610778 0.191816 0.691794 0.696152 0.722112 -0.579855 0.377256
-4.848768 -11.411432 259.797378 0.556335 0.713507 0.440332 -0.544991 0.693375 -0.555539 0.458919 0.100687 0.705326 0.701696
-5.259396 -11.181749 189.620399 -77.472531 0.727517 0.448929 -0.518827 0.686082 -0.479465 0.547179 0.003115 0.754040 0.656821
-6.562865 -11.321330 27.099431 -91.139632 -0.661401 -0.549383 0.510614 0.749843 -0.469026 0.466638 -0.016872 0.691515 0.722165
-6.212790 -11.119961 -109.972203 -31.550028 -0.633702 -0.549276 0.544718 0.768107 -0.530365 0.358782 0.091829 0.645762 0.757996
-3.246259 -18.384012 -75.387598 -127.438766 0.826511 0.167590 0.537395 -0.336023 0.912798 0.232139 -0.451629 -0.372442 0.810752
-3.290252 -17.579564 -55.694011 -321.444157 0.842663 0.172965 0.509903 -0.338681 0.906466 0.252218 -0.418585 -0.385230 0.822426
-3.206655 -16.859529 -102.913052 107.676887 0.825096 0.202726 0.527369 -0.260705 0.964708 0.037043 -0.501247 -0.168052 0.848828
-3.217044 -16.871317 -84.956757 163.894832 0.821399 0.197284 0.535147 -0.232760 0.972533 -0.001263 -0.520698 -0.123523 0.844758
-3.012484 -16.911644 -17.941073 328.004758 0.834534 0.197963 0.514163 -0.139872 0.978769 -0.149820 -0.532906 0.053113 0.844506
-2.740327 -16.891636 67.776863 261.870950 0.861762 0.209191 0.462175 -0.171407 0.977512 -0.122843 -0.477479 0.026642 0.878239
-1.427521 -7.815758 640.394365 -28.565017 0.679327 0.445924 -0.582809 -0.590676 0.803537 -0.073688 0.435449 0.394310 0.809261
-0.157974 -7.326320 414.836191 -24.819510 0.682639 0.468903 -0.560477 -0.573310 0.819237 -0.012884 0.453122 0.330122 0.828070
4.393642 -7.676121 644.160037 -32.404522 0.759399 0.346627 -0.550602 -0.472669 0.875459 -0.100776 0.447098 0.336781 0.828663
-0.992478 -14.717807 2.555638 220.207566 0.692761 -0.169755 0.700903 -0.624823 0.344029 0.700886 0.360110 0.923486 -0.132263
-1.220107 -15.811628 -8.260200 89.393744 0.692925 -0.163581 0.702208 -0.556236 0.498394 0.664985 0.458755 0.851378 -0.254361
-0.836742 -14.870364 -26.463953 208.483569 0.709195 -0.155854 0.687570 -0.596164 0.388024 0.702869 0.376339 0.908376 -0.182270
-1.028001 -16.034381 -31.914783 79.660310 0.707256 -0.155264 0.689697 -0.524004 0.539752 0.658853 0.474562 0.827382 -0.300384
-0.824803 -13.451557 -8.995950 204.611588 0.713621 -0.163231 0.681250 -0.634414 0.261835 0.727297 0.297093 0.951209 -0.083295
-0.893504 -12.912302 15.165899 193.750144 0.723289 -0.164158 0.670750 -0.629193 0.243588 0.738093 0.284550 0.955886 -0.072897
-1.092781 -15.790210 3.168145 117.588901 0.715082 -0.153850 0.681900 -0.534702 0.507963 0.675328 0.450279 0.847528 -0.280971
-1.101615 -14.470672 22.972334 230.671657 0.715409 -0.158670 0.680452 -0.602647 0.352677 0.715846 0.353563 0.922194 -0.156686
-1.119831 -33.459346 -177.543939 854.255661 0.554539 -0.534475 0.637826 0.792111 0.104116 -0.601431 0.255042 0.838747 0.481100
-0.270036 -30.603612 37.941608 545.194725 0.560438 -0.551892 0.617515 0.788315 0.126893 -0.602044 0.253905 0.824205 0.506181
0.607535 -45.889693 -61.168319 1517.423405 0.624012 -0.508380 0.593430 0.777759 0.330704 -0.534533 0.075496 0.795101 0.601760
-1.043177 -56.160033 -154.022911 3084.381075 0.600839 -0.526480 0.601508 0.773332 0.192343 -0.604120 0.202361 0.828144 0.522711
0.590391 -30.525798 -8.123706 -566.493751 0.271722 -0.484438 0.831557 -0.349227 0.755535 0.554264 -0.896776 -0.441008 0.036117
0.307682 -28.054193 -22.396723 -404.750760 0.262035 -0.482658 0.835691 -0.244247 0.804587 0.541279 -0.933639 -0.345949 0.092942
0.312478 -30.003071 -23.338648 -306.799145 0.256661 -0.443051 0.858971 -0.140790 0.862124 0.486745 -0.956192 -0.245863 0.158897
-1.837078 -19.023759 48.892144 9.920852 0.460612 -0.530891 0.711331 0.829271 -0.028333 -0.558128 0.316459 0.846966 0.427202
-1.361758 -19.767449 17.791979 -333.805076 0.440280 -0.529275 0.725274 0.796809 -0.141977 -0.587314 0.413823 0.836487 0.359221
-1.660509 -18.747895 59.041931 -224.619987 0.429194 -0.520622 0.738069 0.832858 -0.088067 -0.546436 0.349486 0.849233 0.395806
-0.433077 -11.610918 -104.807982 52.855777 0.686286 0.640011 -0.345540 0.169398 0.321365 0.931681 -0.707330 0.697933 -0.112131
-0.006245 -10.978087 -64.932292 149.391329 0.688893 0.636375 -0.347064 0.242920 0.248429 0.937695 -0.682946 0.730281 -0.016553
-0.860727 -10.925755 -78.391335 144.109185 0.696497 0.641563 -0.321387 0.215997 0.239663 0.946524 -0.684279 0.728669 -0.028349
1.809381 -8.358357 -62.321615 52.358425 0.526904 0.743269 -0.412217 0.780061 -0.615475 -0.112673 0.337455 0.262187 0.904092
1.792236 -8.231087 57.977910 64.681866 0.515039 0.735916 -0.439502 0.777505 -0.616949 -0.121903 0.360861 0.278930 0.889931
1.598199 -7.973163 10.232809 58.450514 0.512075 0.744260 -0.428785 0.760372 -0.624980 -0.176733 0.399517 0.235535 0.885951
-2.374224 -22.397666 -127.904619 -925.791572 0.050058 0.116913 -0.991880 -0.188278 0.976423 0.105589 0.980839 0.181463 0.070890
-1.556115 -18.035669 -143.848755 -638.332188 0.065760 0.131096 -0.989186 -0.082636 0.988642 0.125531 0.994408 0.073487 0.075847
-2.093253 -16.163218 -88.951323 -594.005664 0.041291 0.080738 -0.995880 -0.068627 0.994605 0.077789 0.996788 0.065132 0.046610
-1.734660 -14.601423 55.606675 6.383510 0.816229 -0.085574 0.571355 -0.431619 0.567059 0.701534 0.384025 0.819220 -0.425914
-1.562489 -15.056158 34.108996 29.940966 0.806976 -0.091632 0.583432 -0.435045 0.575869 0.692178 0.399407 0.812391 -0.424848
-1.765828 -14.845161 33.591323 -2.177271 0.803269 -0.067667 0.591760 -0.398067 0.678061 0.617881 0.443059 0.731884 -0.517729
-1.759392 -14.558633 9.082256 -27.362418 0.797994 -0.028382 0.601996 -0.340123 0.803400 0.488738 0.497515 0.594763 -0.631455
-1.757953 -14.299814 7.776204 -13.010637 0.813698 -0.048303 0.579277 -0.383253 0.704685 0.597107 0.437050 0.707875 -0.554888
-1.931030 -14.452382 25.146786 3.243607 0.819209 -0.058663 0.570486 -0.421244 0.613474 0.667984 0.389165 0.787533 -0.477852
2.559812 -3.486892 415.959261 -59.249595 0.502913 0.681323 -0.531862 -0.546318 0.727405 0.415234 0.669787 0.081739 0.738040
2.604048 -3.281218 225.022373 18.346498 0.567170 0.622346 -0.539447 -0.489174 0.781491 0.387273 0.662591 0.044235 0.747674
2.962278 -3.017466 87.389510 -55.418696 0.575316 0.646901 -0.500530 -0.516795 0.761817 0.390586 0.633984 0.033961 0.772601
0.675161 -3.952706 363.279040 -24.548950 0.509248 0.665244 -0.546000 -0.511723 0.744152 0.429392 0.691958 0.060734 0.719379
0.975389 -4.308732 326.686769 53.341716 0.454689 0.749193 -0.481629 0.636564 -0.651576 -0.412595 0.622932 0.118986 0.773174
-0.071478 -4.100342 307.916890 38.319764 0.453456 0.747170 -0.485916 0.607301 -0.658059 -0.445134 0.652352 0.093248 0.752158
9.826268 -6.601340 -534.054739 26.936215 0.299331 0.733896 0.609752 -0.580488 0.647251 -0.494064 0.757254 0.206065 -0.619760
8.920956 -6.167813 -71.423893 49.333033 -0.205525 -0.632171 -0.747073 -0.617392 0.676050 -0.402223 0.759333 0.378570 -0.529243
9.842525 -6.776342 -685.040187 93.844897 0.337769 0.740724 0.580723 -0.645719 0.631256 -0.429608 0.684806 0.229876 -0.691519
6.378286 -7.015521 -653.045045 -14.291189 0.311026 0.794020 0.522297 -0.605166 0.589204 -0.535362 0.732828 0.149565 -0.663772
5.479652 -6.382056 -442.583871 -181.156079 0.306753 0.765740 0.565283 -0.502328 0.634714 -0.587201 0.808437 0.103832 -0.579353
7.250867 -6.960336 184.173442 68.059153 -0.259182 -0.682714 -0.683174 -0.507168 0.698179 -0.505299 0.821952 0.215520 -0.527206
-18.025082 -28.214696 -454.351748 -516.079109 -0.246198 -0.564726 0.787700 0.866146 0.236519 0.440284 -0.434946 0.790660 0.430904
-18.819778 -30.512163 -532.016267 -552.708985 -0.303258 -0.509149 0.805482 0.930989 0.021953 0.364387 -0.203210 0.860398 0.467355
-15.506726 -28.440959 -576.463081 -288.578123 -0.184596 -0.409097 0.893624 0.944867 0.176347 0.275912 -0.270462 0.895289 0.353989
-13.890531 -26.118330 -540.470120 -146.182521 -0.133796 -0.400826 0.906332 0.880943 0.370791 0.294031 -0.453915 0.837766 0.303494
-16.311321 -24.577461 -394.276464 -304.871256 -0.200914 -0.568344 0.797884 0.762581 0.420517 0.491565 -0.614901 0.707213 0.348921
-5.003520 -34.856043 -211.410992 2110.656764 0.129161 0.981828 -0.139038 0.335907 0.088602 0.937718 -0.932997 0.167820 0.318359
-4.155033 -39.378001 -120.197748 1907.299646 0.108109 0.983835 -0.142762 0.217889 0.116663 0.968976 -0.969967 0.135861 0.201755
-4.140405 -25.147623 -125.809898 852.080605 0.105578 0.983727 -0.145377 0.400970 0.091668 0.911494 -0.909987 0.154526 0.384766
3.686905 -15.047548 -248.650183 -186.470704 0.405387 -0.263200 -0.875436 0.770758 0.613327 0.172517 0.491522 -0.744685 0.451498
5.832975 -17.133620 -278.193627 -263.890312 0.486721 -0.219301 -0.845582 0.648171 0.739604 0.181274 0.585643 -0.636312 0.502126
7.064935 -18.113980 -321.329474 -250.781992 0.368107 -0.271099 -0.889383 0.731258 0.675190 0.096852 0.574246 -0.686021 0.446785
2.804937 -16.183848 -52.357825 -331.395728 0.568844 -0.129607 -0.812169 0.632783 0.699765 0.331533 0.525359 -0.702518 0.480070
1.191997 -13.193184 -149.635798 -289.422252 0.468457 -0.217662 -0.856254 0.780862 0.555375 0.286032 0.413283 -0.802610 0.430133
5.770206 -64.680446 -377.834725 -2259.511000 0.034490 0.999399 -0.003605 -0.659724 0.020058 -0.751240 0.750716 -0.028289 -0.660019
6.366659 -54.627580 -417.264327 -1096.770924 0.086602 0.995343 0.042327 -0.328533 0.068643 -0.941995 0.940514 -0.067673 -0.332948
10.807624 -53.085332 -663.153696 -2086.251745 0.056824 0.997119 0.050242 -0.489231 0.071677 -0.869204 0.870301 -0.024812 -0.491895
10.854713 -64.769489 -620.591403 -1944.410698 0.006623 0.999553 0.029139 -0.770243 0.023683 -0.637310 0.637716 0.018223 -0.770056
3.391692 -60.841443 -54.565522 -1464.617598 -0.026225 0.995509 -0.090960 0.800020 0.075460 0.595209 -0.599399 0.057161 0.798407
2.182131 -54.792662 -243.261666 -2113.578231 -0.082703 0.991266 -0.102723 0.519743 0.130850 0.844243 -0.850310 -0.016432 0.526025
4.021703 -63.595426 -170.049907 -2193.279460 -0.073021 0.988209 -0.134574 0.778718 0.140797 0.611371 -0.623110 0.060152 0.779818
1.885751 -56.629613 33.656317 -2507.385207 -0.021952 0.996290 -0.083218 0.502565 0.082954 0.860550 -0.864260 0.022932 0.502522
5.847037 -79.175671 -122.130819 -1483.251519 -0.018894 0.990641 -0.135181 0.967313 0.052309 0.248130 -0.252879 0.126074 0.959248
0.698308 -6.342882 -30.073748 112.858737 0.705431 0.606852 -0.366192 0.261812 0.257009 0.930269 -0.658651 0.752114 -0.022422
1.023682 -5.511610 -71.917688 1.241165 0.665295 0.573884 -0.477535 0.383260 0.286385 0.878120 -0.640698 0.767229 0.029417
0.372869 -6.894244 -7.606458 84.268416 0.687692 0.594591 -0.416583 0.311981 0.276095 0.909087 -0.655552 0.755138 -0.004367
1.302549 -5.280177 -126.043761 84.068483 0.674165 0.600123 -0.430528 0.322077 0.285694 0.902577 -0.664657 0.747149 0.000681
1.018125 -6.776792 -47.196179 183.233406 0.713388 0.620958 -0.324790 0.205952 0.257226 0.944150 -0.669822 0.740436 -0.055615
-2.805975 -9.442636 -51.924654 166.741447 0.081933 0.473118 0.877181 -0.150124 0.875956 -0.458436 -0.985266 -0.094125 0.142797
-3.808814 -7.900547 -26.810048 96.094727 0.098387 0.385935 0.917264 -0.028022 0.922445 -0.385109 -0.994754 0.012187 0.101571
-2.895284 -8.627389 -28.797789 162.137519 0.049799 0.570452 0.819820 -0.107701 0.819119 -0.563422 -0.992935 -0.060238 0.102230
-0.215097 -6.702772 -43.459340 135.851791 0.368420 0.631307 -0.682435 0.534009 0.457175 0.711214 -0.760987 0.626452 0.168691
-0.649365 -6.570884 -88.766281 158.107048 0.432124 0.686396 -0.584919 0.504911 0.353267 0.787571 -0.747217 0.635660 0.193914
-1.415471 -7.642288 -50.913880 139.273696 0.464628 0.704806 -0.536068 0.416083 0.360618 0.834763 -0.781662 0.610903 0.125704
-4.314674 -8.894004 -59.409141 35.415575 0.878745 0.027441 -0.476503 0.470066 0.123310 0.873975 -0.082740 0.991989 -0.095459
-4.128269 -8.428610 -66.567318 32.467469 0.890202 0.015497 -0.455302 0.454715 0.030824 0.890103 -0.027828 0.999405 -0.020393
-4.866333 -8.890483 -60.545212 44.945328 0.912983 -0.008257 -0.407914 0.406434 0.105837 0.907530 -0.035679 0.994349 -0.099983
1.393426 -7.564380 31.489773 87.454518 0.847015 0.131224 0.515117 0.521370 -0.016173 -0.853177 0.103626 -0.991221 0.082115
1.510583 -7.390202 11.849047 63.472902 0.851032 0.132276 0.508181 0.516189 -0.033067 -0.855836 0.096402 -0.990661 0.096420
1.360620 -7.275905 -3.535094 0.659465 0.829859 0.131204 0.542328 0.540844 0.049837 -0.839645 0.137193 -0.990102 0.029603
1.365630 -8.404836 17.453695 138.099026 0.867638 0.130735 0.479701 0.493117 -0.102925 -0.863853 0.063562 -0.986060 0.153769
1.273780 -9.433888 -31.165551 192.396093 0.877634 0.100016 0.468781 0.477625 -0.100001 -0.872854 0.040420 -0.989948 0.135534
-2.572767 -3.431762 -104.230877 -111.339965 0.234986 0.595181 0.768467 0.838565 0.275655 -0.469917 -0.491518 0.754833 -0.434323
-1.275065 -3.574514 -89.442016 -124.063453 0.330932 0.645758 0.688100 0.800748 0.193644 -0.566838 -0.499286 0.738579 -0.453006
-1.612878 -2.971144 -75.282121 -115.234283 0.296383 0.628565 0.719071 0.804946 0.240814 -0.542282 -0.514022 0.739537 -0.434588
-2.712321 -3.014954 16.201384 -91.581454 -0.319620 0.288062 0.902698 0.801551 0.590259 0.095448 -0.505330 0.754066 -0.419555
-3.141736 -4.149407 -95.711644 -143.525647 0.735815 0.104771 -0.669029 0.474753 0.624694 0.619973 -0.482894 0.773809 -0.409919
226.734810 -3380.339331 -32558.634060 975934.135389 0.950817 0.267696 0.155841 0.039619 -0.604081 0.795938 -0.307210 0.750617 0.584976
1691.435836 -3040.930800 143145.421119 262855.293110 0.892204 -0.200718 0.404580 -0.434490 -0.625937 0.647627 -0.123251 0.753601 0.645673
41.344855 -102.761692 2486.423700 48473.473802 0.836900 0.199062 0.509875 -0.545320 0.222959 0.808032 -0.047167 0.954287 -0.295146
0.578651 -51.580547 10281.792964 -3500.324194 -0.540162 0.294551 0.788330 0.841497 0.200601 0.501639 -0.010382 0.934344 -0.356221
-34.670565 -632.571427 648.557948 -75085.537755 -0.469901 0.756045 0.455620 0.017784 0.524159 -0.851435 0.882540 0.391987 0.259748
5.278806 -58.116007 311.764521 2012.837039 0.537433 0.449096 -0.713778 0.023106 0.838244 0.544805 0.842990 -0.309289 0.440123
5.642046 -51.900112 288.836763 2811.134031 0.544883 0.428537 -0.720735 -0.267770 0.903462 0.334746 0.794608 0.010594 0.607031
4.334382 -56.898715 333.600201 3029.207584 0.514841 0.445337 -0.732539 -0.211792 0.894073 0.394688 0.830712 -0.048055 0.554624
4.066119 -37.455216 250.561508 2097.207599 0.522061 0.456667 -0.720353 -0.436173 0.868736 0.234627 0.732943 0.191709 0.652719
3.574701 -57.420941 173.595898 1372.406556 0.521863 0.462227 -0.716941 0.051922 0.821695 0.567558 0.851448 -0.333412 0.404813
3.297981 -64.540989 158.388975 3905.789965 0.498097 0.468609 -0.729592 -0.340900 0.879472 0.332140 0.797300 0.083280 0.597811
12.749105 -147.982409 221.326059 13251.319027 -0.511920 0.257435 -0.819552 0.833836 -0.080461 -0.546117 -0.206532 -0.962940 -0.173469
11.930503 -181.018762 33.475001 14903.459261 -0.536654 0.317714 -0.781703 0.574953 -0.540377 -0.614346 -0.617601 -0.779134 0.107325
16.691297 -454.220980 808.767266 44534.839246 -0.587853 0.255898 -0.767428 0.696920 -0.321498 -0.641047 -0.410769 -0.911677 0.010653
6.830518 -98.521800 479.186790 -3452.739878 0.631610 -0.270221 0.726670 -0.379937 0.709144 0.593939 -0.675808 -0.651226 0.345235
-2.280697 -4.954792 89.934020 69.112014 0.605943 0.591271 -0.532196 -0.423265 0.806074 0.413632 0.673557 -0.025377 0.738699
-1.632359 -4.185291 122.071836 -5.730679 0.539232 0.688121 -0.485507 -0.520053 0.725534 0.450716 0.662400 0.009449 0.749091
-2.899892 -4.580924 -36.755217 39.913982 0.597226 0.653052 -0.465665 -0.499922 0.757090 0.420587 0.627215 -0.018389 0.778629
-9.292758 -12.365125 -231.336988 186.196365 0.938687 0.330377 -0.098581 -0.320126 0.729036 -0.605000 0.128009 -0.599464 -0.790099
-12.149014 -16.065335 -131.576731 -573.997733 0.491938 0.699968 -0.517727 0.850842 -0.260455 0.456324 0.184568 -0.664987 -0.723690
-9.437289 -14.290793 -96.397034 163.069288 0.925524 0.348865 -0.147305 -0.344650 0.614811 -0.709382 0.156914 -0.707319 -0.689259
-7.393411 -12.069971 46.867804 114.960626 0.991479 0.129909 0.009651 -0.092903 0.757088 -0.646674 0.091316 -0.640267 -0.762706
-8.741602 -14.531133 90.312019 132.887439 0.944488 0.286676 -0.160497 -0.296245 0.531875 -0.793314 0.142060 -0.796822 -0.587276
-7.879036 -13.361528 112.963171 156.537115 0.972966 0.211051 -0.093784 -0.212062 0.655579 -0.724738 0.091474 -0.725033 -0.682612
-11.458528 -15.326062 -115.577958 158.483006 0.774894 0.500720 -0.385771 -0.595612 0.374082 -0.710851 0.211627 -0.780604 -0.588108
22.897599 -19.281942 780.911454 116.723930 0.404888 0.833058 -0.376935 -0.842030 0.500402 0.201454 -0.356442 -0.235824 -0.904066
16.688633 -18.990608 560.145966 232.577770 0.476446 0.851734 -0.218058 -0.848147 0.510593 0.141217 -0.231618 -0.117663 -0.965665
20.910661 -18.189723 572.090431 450.227989 0.461983 0.821772 -0.333561 -0.765127 0.559489 0.318672 -0.448499 -0.107995 -0.887235
23.970350 -19.273282 128.217338 -15.708250 0.326969 0.742288 -0.584893 -0.784176 0.558510 0.270433 -0.527408 -0.370236 -0.764700
-11.225949 -12.510839 74.959280 -68.638762 0.234061 0.933035 -0.273242 0.052623 0.268479 0.961847 -0.970797 0.239510 -0.013741
-9.677590 -12.358115 112.080475 -2.944244 0.373441 0.927242 -0.027626 -0.020124 0.037871 0.999080 -0.927436 0.372542 -0.032802
-11.542865 -12.540456 75.105279 31.553742 0.249057 0.961886 -0.112894 -0.072866 0.134847 0.988184 -0.965744 0.237888 -0.103673
-12.311721 -13.324967 -17.265488 101.526033 -0.124763 -0.575366 0.808324 0.061269 0.808667 0.585067 -0.990293 0.122520 -0.065640
-2.542716 -33.813100 -85.692594 -16.602990 0.534771 -0.606673 -0.588190 0.797014 0.593369 0.112615 0.280693 -0.529019 0.800844
-2.930699 -33.134261 -83.156357 261.618186 0.531338 -0.595882 -0.602167 0.710693 0.700400 -0.065991 0.461081 -0.392893 0.795638
-2.001626 -34.031752 -61.829521 290.588543 0.537461 -0.606743 -0.585661 0.698469 0.709440 -0.093994 0.472522 -0.358548 0.805088
-3.045174 -33.329734 -62.780127 0.227263 0.518166 -0.586967 -0.622072 0.811667 0.566771 0.141306 0.269630 -0.578135 0.770104
-1.196645 -33.735545 -64.667629 -331.617270 0.544453 -0.606669 -0.579244 0.816023 0.542902 0.198404 0.194107 -0.580698 0.790640
-2.333170 -32.506179 -64.796892 -372.126199 0.530008 -0.604379 -0.594826 0.845424 0.431162 0.315211 0.065959 -0.669944 0.739476
5.296238 -35.154318 -400.002279 1811.943519 -0.050166 0.998729 -0.004847 -0.993446 -0.050399 -0.102593 0.102707 0.000332 -0.994712
3.341566 -28.650757 88.041852 371.806672 -0.013575 0.996216 0.085841 -0.951626 0.013483 -0.306964 0.306960 0.085855 -0.947842
5.062632 -32.890815 -99.949975 327.048093 -0.060591 0.995918 0.066900 -0.908357 -0.027232 -0.417309 0.413784 0.086055 -0.906299
5.441244 -31.450904 272.960512 -957.913043 -0.025080 0.991768 0.125569 -0.781603 0.058859 -0.620993 0.623272 0.113720 -0.773692
8.055711 -36.375733 -474.606645 1156.757625 -0.051672 0.997354 0.051134 -0.936490 -0.030608 -0.349356 0.346866 0.065938 -0.935594
6.903878 -34.375669 13.770378 -1044.679131 -0.047527 0.992153 0.115647 -0.733438 0.043934 -0.678335 0.678093 0.117059 -0.725594
2.021303 -10.226232 44.449205 -90.308362 -0.132870 0.990823 -0.024798 -0.947332 -0.134314 -0.290727 0.291390 0.015137 -0.956485
1.927807 -10.103083 21.265777 13.026988 -0.113209 0.992934 -0.035591 -0.931269 -0.118527 -0.344512 0.346297 0.005857 -0.938107
1.604057 -10.523249 15.112693 5.675767 -0.097499 0.995214 -0.006554 -0.938228 -0.094109 -0.332974 0.331998 0.026315 -0.942913
1.436895 -10.995092 24.197363 -151.051925 -0.117168 0.993112 -0.000045 -0.944649 -0.111464 -0.308569 0.306448 0.036112 -0.951202
1.074952 -10.779465 47.816865 -2.190870 -0.108230 0.994028 0.013979 -0.930693 -0.096371 -0.352877 0.349423 0.051202 -0.935565
15.580979 -9.445397 -206.588693 -155.440191 0.828776 0.487490 -0.274741 -0.106250 -0.344955 -0.932586 0.549400 -0.802097 0.234095
15.738147 -8.211155 708.307610 -169.241176 0.643958 0.663010 -0.381754 -0.138547 -0.389674 -0.910472 0.752412 -0.639196 0.159076
14.502694 -9.143521 97.405140 -171.782526 0.707459 0.611912 -0.353646 -0.177368 -0.330648 -0.926937 0.684136 -0.718496 0.125386
-2.020547 -9.577841 2.245663 52.892144 -0.105216 0.989629 -0.097793 -0.841539 -0.036210 0.538982 -0.529851 -0.139006 -0.836621
-1.323418 -9.119649 -119.122891 -18.515875 -0.188072 0.977251 -0.098031 -0.877829 -0.122489 0.463048 -0.440506 -0.173141 -0.880895
-1.775646 -10.289925 -72.134150 -97.064341 -0.199305 0.977447 -0.069823 -0.817280 -0.126487 0.562188 -0.540677 -0.169112 -0.824057
-2.639575 -10.678556 -5.533090 -130.654860 -0.137528 0.988059 -0.069466 -0.797580 -0.068883 0.599267 -0.587326 -0.137821 -0.797530
-2.393386 -10.087739 28.801650 -9.666747 -0.045886 0.993266 -0.106385 -0.820053 0.023361 0.571810 -0.570444 -0.113480 -0.813459
-1.874217 -9.362340 25.958270 10.292387 -0.064708 0.993716 -0.091334 -0.888143 -0.015618 0.459303 -0.454990 -0.110838 -0.883572
-15.216608 -21.518475 49.227077 -13.784242 0.797835 -0.102558 -0.594088 -0.594675 0.028104 -0.803475 -0.099099 -0.994330 0.038566
-14.051990 -22.388637 115.948007 -95.717625 0.762303 0.054519 -0.644920 -0.644373 -0.029439 -0.764145 0.060646 -0.998079 -0.012689
-14.863515 -21.136433 88.727419 42.841743 0.711659 -0.061502 -0.699828 -0.699789 -0.149898 -0.698446 0.061947 -0.986787 0.149715
-13.657564 -22.899601 220.661190 -90.868844 0.719993 0.140588 -0.679592 -0.649400 -0.208837 -0.731209 0.244723 -0.967792 0.059063
-15.421159 -20.810054 50.349288 -65.814882 0.760008 -0.215985 -0.612975 -0.645185 -0.137168 -0.751612 -0.078256 -0.966714 0.243599
-15.448769 -21.311477 27.883826 10.962379 0.713580 -0.163681 -0.681185 -0.694438 -0.293671 -0.656897 0.092523 -0.941789 0.323224
-14.322665 -21.859227 94.624210 37.918011 0.723692 0.011022 -0.690035 -0.646964 -0.337208 -0.683907 0.240223 -0.941366 0.236904
-3.279028 -21.532626 254.595326 -328.491403 0.769327 0.393036 -0.503645 0.638403 -0.443314 0.629218 -0.024032 0.805603 0.591969
-1.737731 -20.558669 182.011643 -243.555771 0.783553 0.383382 -0.488940 0.613180 -0.350144 0.708103 -0.100275 0.854645 0.509438
-2.974892 -18.878473 233.786626 -221.856132 0.805724 0.371482 -0.461313 0.578086 -0.323673 0.749034 -0.128938 0.870194 0.475539
-13.759339 -19.488816 -24.052282 587.147316 0.835830 -0.320084 -0.446019 -0.199393 0.579961 -0.789865 -0.511498 -0.749127 -0.420927
-12.599142 -17.027552 -56.919525 401.457119 0.833149 -0.369369 -0.411617 -0.080412 0.655455 -0.750941 -0.547171 -0.658745 -0.516391
-12.812446 -17.388591 40.646159 611.659459 0.866975 -0.183198 -0.463458 -0.230605 0.676948 -0.698973 -0.441787 -0.712867 -0.544650
-13.388123 -20.004403 99.237647 479.066134 0.856204 -0.070935 -0.511744 -0.378854 0.587251 -0.715266 -0.351260 -0.806290 -0.475933
-1.281283 -33.007675 -66.549174 -381.782362 -0.514196 0.711115 0.479499 0.744175 0.091976 0.661622 0.426387 0.697034 -0.576487
-0.539571 -32.711119 -42.355289 -538.036732 -0.523750 0.707599 0.474331 0.774490 0.163649 0.611052 0.354757 0.687403 -0.633739
-1.468674 -30.168590 -34.602799 -520.616550 -0.511557 0.701206 0.496608 0.833390 0.264179 0.485459 0.209214 0.662208 -0.719521
-1.704716 -32.097598 5.935909 -466.282087 -0.520309 0.682007 0.513950 0.811397 0.207143 0.546560 0.266297 0.701397 -0.661157
-1.257462 -33.626507 19.895198 -259.080584 -0.518112 0.682726 0.515214 0.722494 0.026946 0.690852 0.457780 0.730177 -0.507226
0.539512 -20.097075 -101.827256 225.886274 0.589772 -0.609523 -0.529765 -0.585145 0.129576 -0.800509 -0.556574 -0.782107 0.280240
1.022374 -19.279111 -80.745334 18.738961 0.604499 -0.609654 -0.512740 -0.494761 0.217126 -0.841468 -0.624333 -0.762351 0.170381
0.155393 -20.692483 -52.027006 94.206889 0.583797 -0.607706 -0.538400 -0.530156 0.216907 -0.819687 -0.614911 -0.763966 0.195549
-1.564863 -16.579529 -67.467639 -731.808099 -0.557319 0.683586 0.471282 -0.024565 0.553781 -0.832300 0.829935 0.475433 0.291840
-0.704209 -18.882427 -98.118094 -653.175971 -0.531734 0.706929 0.466380 -0.061297 0.517115 -0.853718 0.844690 0.482539 0.231635
-1.724899 -26.799786 -83.688613 -1185.831205 -0.548450 0.682508 0.483100 -0.160972 0.480760 -0.861950 0.820543 0.550502 0.153809
-2.419425 -23.542235 -15.717406 -1034.804425 -0.582426 0.657470 0.478030 -0.103581 0.523247 -0.845863 0.806257 0.542167 0.236651
-1.888075 -13.461398 -36.549737 -413.079267 -0.573484 0.638414 0.513365 -0.027744 0.611159 -0.791022 0.818747 0.467881 0.332778
5.187449 -8.559717 120.189813 58.029003 0.619362 0.735467 -0.274735 0.779834 -0.535824 0.323654 0.090827 -0.414707 -0.905411
4.286254 -8.421210 -24.880314 49.241229 0.662306 0.712327 -0.232251 0.734081 -0.554921 0.391392 0.149918 -0.429713 -0.890433
4.576443 -9.036169 16.005682 58.011230 0.646575 0.731255 -0.217272 0.755755 -0.575277 0.312874 0.103799 -0.366501 -0.924610
-1.096657 -33.823715 -0.516897 -289.132740 -0.514053 0.842054 0.163385 0.331308 0.370614 -0.867687 0.791192 0.391906 0.469495
-0.913477 -32.125293 -16.619482 -425.108655 -0.523595 0.832917 0.179158 0.465265 0.455706 -0.758855 0.713707 0.313976 0.626132
-0.472208 -30.924973 -29.584414 -459.909869 -0.511815 0.841303 0.173936 0.524443 0.466333 -0.712385 0.680444 0.273390 0.679892
-0.459692 -33.822997 -45.863737 -408.850014 -0.491864 0.856347 0.157290 0.452405 0.405721 -0.794178 0.743908 0.319469 0.586976
-3.517304 -31.430121 -1.295306 403.029857 0.506208 -0.544524 -0.668766 0.605027 0.776835 -0.174554 0.614570 -0.316261 0.722691
-3.202002 -29.721834 25.963997 514.072061 0.508754 -0.512481 -0.691761 0.471462 0.838171 -0.274211 0.720342 -0.186633 0.668038
-3.089019 -27.679212 7.889084 506.240704 0.518974 -0.545678 -0.657953 0.428988 0.832038 -0.351684 0.739348 -0.099739 0.665895
-3.289715 -32.147304 -85.400487 281.181565 0.521302 -0.578712 -0.627166 0.710714 0.701225 -0.056302 0.472367 -0.416385 0.776848
-3.714510 -33.464478 -24.726171 295.660523 0.505152 -0.552771 -0.662771 0.749408 0.661830 0.019199 0.428029 -0.506384 0.748576
-2.815280 -30.184829 -75.614986 344.748872 0.532263 -0.575258 -0.621107 0.582538 0.781228 -0.224347 0.614284 -0.242407 0.750929
4.975131 -2.300841 285.397681 127.924839 -0.100220 0.383779 0.917970 0.398569 0.860840 -0.316381 -0.911646 0.334167 -0.239236
4.868807 -3.362876 336.110159 62.475642 -0.102743 0.356188 0.928749 0.355032 0.885323 -0.300258 -0.929191 0.298886 -0.217419
6.886524 -2.924357 264.873919 83.007565 -0.146178 0.393046 0.907826 0.366858 0.873787 -0.319237 -0.918721 0.286377 -0.271920
1.104748 -37.081375 -54.901785 -578.914013 -0.468867 0.877763 0.098466 0.407815 0.314016 -0.857369 0.783487 0.361836 0.505197
0.916268 -33.894964 -68.993122 -505.720083 -0.477982 0.868674 0.130150 0.539079 0.407097 -0.737337 0.693489 0.282272 0.662869
1.645362 -34.982247 -64.943555 -483.708027 -0.482012 0.869059 0.111361 0.625222 0.430211 -0.651165 0.613809 0.244244 0.750722
1.583048 -36.112226 -31.753392 -257.697463 -0.481602 0.871932 0.088284 0.588011 0.396182 -0.705183 0.649848 0.287706 0.703508
1.934274 -35.774059 -16.017295 269.447745 -0.505308 0.856308 0.106771 0.717366 0.485608 -0.499570 0.479635 0.175843 0.859668
7.088346 -77.447951 -434.978800 -738.911982 -0.588151 0.806135 0.064993 -0.754973 -0.518451 -0.401528 0.289990 0.285227 -0.913538
8.585713 -72.877974 -66.369546 -270.279124 -0.600129 0.785273 0.152286 0.662362 0.381112 0.645004 0.448466 0.487954 -0.748852
8.293832 -78.678371 -132.847626 -565.787921 -0.625774 0.764111 0.156653 0.766054 0.564246 0.307876 0.146861 0.312665 -0.938441
12.150498 -485.132548 346.704802 -32883.084283 -0.484007 0.663421 0.570622 0.169365 0.710782 -0.682718 -0.858518 -0.233797 -0.456384
298.609465 -9158.461922 2250.839320 2820585.351905 0.459789 -0.466330 -0.755732 0.840784 -0.045278 0.539474 -0.285791 -0.883451 0.371264
0.266447 -277.947739 -188.399871 24018.119721 -0.634796 0.631513 0.445224 0.008843 -0.570233 0.821435 -0.772629 -0.525381 -0.356398
5.169428 -266.759721 646.147954 23764.145980 -0.353255 0.778389 0.518962 -0.801969 -0.537599 0.260447 -0.481723 0.324187 -0.814154
0.754325 -3.476024 -64.011817 101.028170 0.762248 0.078566 -0.642499 -0.475538 -0.605441 -0.638204 0.439137 -0.792003 0.424135
0.015130 -3.988252 -118.641640 91.235440 0.803951 0.116042 -0.583265 -0.405040 -0.611283 -0.679908 0.435438 -0.782858 0.444440
1.362664 -4.078524 -60.186138 7.913229 0.739864 0.040343 -0.671546 -0.479395 -0.668710 -0.568337 0.471998 -0.742428 0.475415
4.852971 -7.289956 102.103746 35.991205 0.606944 0.733513 -0.305904 -0.542756 0.663735 0.514656 -0.580546 0.146336 -0.800969
4.411807 -7.453635 -55.697442 18.278305 -0.620839 -0.675206 0.398316 -0.454354 0.723973 0.519062 -0.638844 0.141277 -0.756253
5.856505 -7.549228 -71.422602 4.560327 -0.611700 -0.689395 0.388017 -0.530118 0.721281 0.445790 -0.587195 0.066995 -0.806668
-3.685050 -6.034156 0.403996 -33.343790 0.272005 0.901685 0.336122 -0.497708 -0.167122 0.851091 -0.823590 0.398792 -0.403318
-2.918473 -5.970624 56.026329 -14.043731 0.203762 0.828319 0.521889 -0.522428 -0.358836 0.773502 -0.827979 0.430260 -0.359620
-3.465128 -6.318139 56.487816 -4.156976 0.250422 0.863486 0.437815 -0.553944 -0.243087 0.796276 -0.794000 0.441929 -0.417448
-3.193806 -5.735674 4.852995 -14.907028 0.233817 0.879391 0.414731 -0.471386 -0.270539 0.839407 -0.850367 0.391766 -0.351276
-4.160562 -6.246584 46.687475 47.762827 0.282263 0.898211 0.336965 -0.536887 -0.143189 0.831414 -0.795035 0.415590 -0.441820
-4.135776 -6.288800 -9.265486 31.947627 0.352974 0.926310 0.131757 -0.448949 0.044130 0.892467 -0.820886 0.374170 -0.431443
-3.334817 -5.776260 -57.358765 2.306922 0.351149 0.932425 0.085313 -0.375692 0.056851 0.924999 -0.857642 0.356863 -0.370268
-1.370471 -15.061733 8.764548 39.252045 -0.387326 0.917390 0.091512 0.153142 -0.033861 0.987624 -0.909135 -0.396547 0.127376
-1.376091 -15.252996 34.209372 -6.965753 -0.376061 0.922519 0.086819 0.173946 -0.021745 0.984515 -0.910121 -0.385340 0.152290
-1.305781 -16.519334 62.690203 278.823647 -0.368247 0.926472 0.077738 0.082629 -0.050670 0.995291 -0.926049 -0.372936 0.057894
-1.054163 -16.587939 24.791799 238.047840 -0.367335 0.926791 0.078254 0.075987 -0.053951 0.995648 -0.926979 -0.371683 0.050606
-1.320203 -15.432163 -9.314841 368.491453 -0.398401 0.911959 0.098014 0.120200 -0.054028 0.991278 -0.909301 -0.406708 0.088093
-7.534634 -274.683094 956.386962 23288.013522 0.152258 0.943790 0.293389 -0.411755 0.330435 -0.849276 0.898485 -0.008505 -0.438922
-3.930576 -397.818340 1228.139420 39253.807804 0.113303 0.916511 0.383628 0.291331 0.338496 -0.894733 0.949889 -0.213139 0.228655
-55.864847 -445.531920 1854.257845 21249.426862 0.173289 0.939135 0.296642 0.095379 0.283780 -0.954134 0.980242 -0.193634 0.040398
-4.453885 -139.018278 424.127351 9814.234493 0.131670 0.936580 0.324777 -0.219459 0.347041 -0.911812 0.966696 -0.048783 -0.251235
-56.013288 -1855.433937 4017.331188 169336.004814 0.260228 0.923886 0.280564 -0.582655 0.381963 -0.717368 0.769932 -0.023207 -0.637704
3.483172 -91.375813 19178.173773 7199.396405 -0.798697 0.123849 -0.588850 0.114243 0.992001 0.053685 0.590789 -0.024394 -0.806457
25.156870 -605.378775 -342.771361 47307.219122 0.351109 0.808931 0.471543 -0.512276 0.587506 -0.626426 0.783770 0.021616 -0.620675
-8.185071 -185.394674 -87.462067 13262.617297 -0.035584 0.956643 0.289082 0.986588 0.079738 -0.142431 -0.159306 0.280136 -0.946649
-10.071636 -102.988526 45.549215 -6612.982595 0.018293 0.956290 0.291846 -0.903724 0.140686 -0.404339 0.427724 0.256352 -0.866796
-9.039633 -202.642365 -105.185168 16331.473264 -0.024131 0.983519 0.179185 0.999142 0.017691 0.037449 0.033662 0.179935 -0.983102
-10.914768 -468.456962 54.907007 44411.139061 0.000493 0.982307 0.187275 -0.741482 -0.125298 0.659169 -0.670972 0.139186 -0.728302
-17.105828 -93.580013 -850.169740 -6959.895966 0.075972 0.815189 0.574192 -0.867322 0.338119 -0.365277 0.491915 0.470258 -0.732719
-17.563086 -59.416245 -849.750284 529.819417 0.024878 0.797637 0.602624 0.999649 -0.014377 -0.022239 -0.009075 0.602966 -0.797715
-29.884902 -77.734776 -1520.167022 4490.335912 0.028778 0.748868 0.662094 0.923856 -0.272828 0.268430 0.381656 0.603955 -0.699698
-36.281976 -62.367866 -1242.131714 2061.195858 -0.122524 0.542208 0.831263 0.971629 -0.105193 0.211827 0.202297 0.833633 -0.513937
-43.078927 -70.895947 -1898.456796 3577.193188 -0.059560 0.633912 0.771108 0.827609 -0.400558 0.393214 0.558137 0.661596 -0.500774
-27.241585 -59.037458 -1308.453304 -3681.580046 0.089030 0.757926 0.646237 -0.747577 0.479587 -0.459483 0.658181 0.442204 -0.609306
-8.732454 -14.546410 -20.237291 -121.958598 0.938185 0.223204 -0.264555 -0.042279 -0.684693 -0.727604 0.343544 -0.693812 0.632932
-11.924176 -15.716161 -168.431808 -189.413301 0.910541 0.403147 -0.091589 0.166328 -0.560047 -0.811593 0.378485 -0.723754 0.577000
-8.049706 -14.052302 -28.345924 -121.526990 0.936776 0.061550 -0.344475 -0.193186 -0.729836 -0.655759 0.291772 -0.680846 0.671802
-13.858094 -18.172979 -91.019243 -671.811010 -0.451766 -0.729210 -0.513965 0.787153 -0.054669 -0.614330 0.419878 -0.682103 0.598698
10.370481 -3.277144 845.658073 -232.319883 -0.249386 -0.827417 0.503178 0.945501 -0.320375 -0.058209 0.209369 0.461238 0.862220
1.427033 -5.653603 -224.596238 -495.110754 -0.315329 -0.713204 0.626025 0.932600 -0.354939 0.065384 0.175569 0.604449 0.777057
2.323626 -13.951624 643.037859 -1330.204471 0.753221 0.364502 -0.547537 0.621177 -0.667945 0.409864 0.216329 0.648835 0.729530
9.621002 -7.645353 288.941683 -85.828108 -0.579276 -0.688262 0.436732 0.795704 -0.593735 0.119724 0.176902 0.416862 0.891589
-9.489662 -238.471174 282.773456 -24429.678865 0.841284 0.423286 -0.336259 0.512565 -0.426886 0.745014 -0.171810 0.799122 0.576094
-12.722757 -47.814089 -937.583223 -7203.009945 0.900417 0.431656 -0.054058 0.301254 -0.529055 0.793314 -0.313839 0.730598 0.606408
-37.479423 -518.572399 140.643492 -68358.517505 0.832640 0.488247 -0.261390 0.385633 -0.172387 0.906405 -0.397489 0.855510 0.331821
15.206127 -10.335295 1169.197746 184.114303 0.689961 -0.656362 0.305192 0.718784 0.571482 -0.395927 0.085460 0.492542 0.866083
1.904103 -9.922676 301.505486 -25.192975 0.622627 0.526259 -0.579126 -0.019460 0.750263 0.660853 0.782277 -0.400195 0.477375
3.165047 -9.368441 268.833306 -35.474814 0.634424 0.521529 -0.570537 0.019970 0.726791 0.686568 0.772727 -0.446969 0.450679
3.883401 -9.520858 247.715135 -22.629500 0.637776 0.549421 -0.539794 -0.090292 0.749330 0.656012 0.764911 -0.369650 0.527514
4.571800 -8.824084 95.342474 -47.174245 0.684555 0.501335 -0.529196 -0.002258 0.727413 0.686196 0.728958 -0.468543 0.499086
-5.287028 -9.980605 -108.558331 18.764340 0.855682 0.502103 -0.125300 0.259860 -0.207505 0.943088 -0.447527 0.839544 0.308035
-5.463832 -9.902638 -93.281959 40.685408 0.839963 0.509261 -0.187389 0.353010 -0.250548 0.901449 -0.412123 0.823334 0.390225
-5.543612 -10.083994 -37.000694 -8.108359 0.851935 0.470911 -0.229021 0.337689 -0.159798 0.927594 -0.400217 0.867587 0.295159
-5.175933 -10.005417 -74.866781 -38.669760 0.857481 0.489121 -0.159646 0.241537 -0.108704 0.964284 -0.454298 0.865415 0.211353
-4.734308 -10.135732 -61.257330 2.148290 0.844224 0.523878 -0.113309 0.225566 -0.155485 0.961740 -0.486216 0.837482 0.249433
-2.718858 -17.608256 45.027471 55.352405 0.858868 0.171510 0.482628 0.360250 -0.872091 -0.331176 -0.364095 -0.458303 0.810798
-2.421405 -17.427613 57.997707 305.799954 0.873093 0.174131 0.455397 0.352954 -0.870116 -0.343980 -0.336351 -0.461060 0.821152
-3.018952 -17.150026 76.630281 361.189887 0.864881 0.211145 0.455410 0.348468 -0.905559 -0.241935 -0.361317 -0.367941 0.856778
1.561384 -6.936176 744.597649 -30.028842 0.699930 0.403875 -0.589053 -0.492283 0.870355 0.011799 0.517451 0.281722 0.808008
-1.664797 -7.211422 185.487450 -46.081744 0.640715 0.581094 -0.501810 -0.624078 0.774875 0.100475 0.447226 0.248793 0.859122
-2.381225 -7.916649 -74.809874 4.090993 0.584976 0.683578 -0.436491 0.737503 -0.672263 -0.064430 0.337480 0.284224 0.897399
-0.516259 -6.457258 296.729194 -57.891035 0.674344 0.526859 -0.517378 -0.546481 0.827292 0.130178 0.496608 0.194952 0.845798
-1.273275 -15.509639 7.022844 138.920086 0.669014 -0.169155 0.723745 -0.602618 0.446530 0.661410 0.435055 0.878634 -0.196799
-1.413468 -16.212555 -2.382908 36.874460 0.679660 -0.166633 0.714349 -0.524662 0.570154 0.632182 0.512632 0.804461 -0.300085
-1.305889 -16.557468 -30.669049 40.844834 0.697954 -0.159307 0.698199 -0.479728 0.619862 0.620993 0.531715 0.768370 -0.356211
-2.425523 -33.225599 -201.029253 1088.621758 0.499579 -0.560839 0.660213 0.775202 -0.050719 -0.629675 0.386631 0.826370 0.409425
-2.245338 -23.873065 -164.186900 446.867476 0.444820 -0.560397 0.698635 0.688423 -0.285036 -0.666955 0.572896 0.777631 0.259000
-1.108982 -25.413526 -65.748255 239.556021 0.476204 -0.558979 0.678803 0.774756 -0.098408 -0.624555 0.415912 0.823322 0.386210
-0.964660 -22.675603 -5.124746 206.374021 0.435243 -0.574697 0.693027 0.667481 -0.310591 -0.676758 0.604179 0.757137 0.248417
-0.530433 -23.783809 67.820107 185.329385 0.468945 -0.581620 0.664687 0.754748 -0.126992 -0.643606 0.458744 0.803487 0.379424
