16679
33331
-2.714902 -3.844127 1.887534 -26.399017 -0.759254 -0.517683 0.394383 -0.107685 0.697584 0.708365 -0.641823 0.495360 -0.585390
-3.958627 -5.147153 22.347174 -42.824605 -0.683010 -0.155038 0.713765 0.352530 0.785885 0.508043 -0.639703 0.598622 -0.482111
-3.072428 -4.609997 -6.721972 -63.181715 -0.639114 0.105060 0.761903 0.439199 0.863076 0.249406 -0.631377 0.494026 -0.597747
-3.034867 -4.463677 -4.172598 -22.257046 -0.729881 -0.554295 0.400038 -0.023171 0.604941 0.795933 -0.683181 0.571667 -0.454379
-2.557091 -3.172041 -17.972040 -32.808359 -0.722706 0.043475 0.689787 0.323474 0.903244 0.281983 -0.610787 0.426919 -0.666842
-2.219649 -3.361266 -0.656632 -16.885366 0.562592 0.826313 -0.026394 -0.512260 0.373474 0.773374 -0.648907 0.421573 -0.633401
-2.146635 -3.664572 19.157475 -17.269570 0.688958 0.693588 -0.210408 -0.290633 0.530302 0.796437 -0.663979 0.487561 -0.566936
2.811502 -4.842837 45.120296 35.338512 0.830724 0.395333 -0.391930 -0.556670 0.594971 -0.579766 -0.003986 -0.699801 -0.714326
3.877939 -5.569124 14.910543 37.666995 0.831806 0.236587 -0.502122 -0.546584 0.506676 -0.666727 -0.096674 -0.829039 -0.550771
2.643369 -5.852414 53.789237 30.627314 0.821314 0.419427 -0.386684 -0.556996 0.443094 -0.702441 0.123286 -0.792306 -0.597538
1.052483 -5.477941 59.817063 43.155136 0.819551 0.463062 -0.337506 -0.559655 0.520459 -0.644910 0.122975 -0.717424 -0.685697
-3.441469 -4.698692 8.040451 -2.162681 0.696739 -0.349991 -0.626148 -0.627636 0.125197 -0.768374 -0.347316 -0.928349 0.132438
-3.616710 -4.617037 11.077947 -0.907626 0.725026 -0.395113 -0.564113 -0.629754 -0.048723 -0.775265 -0.278832 -0.917339 0.284150
-3.928598 -4.764503 13.102400 1.575025 0.611195 -0.479404 -0.629771 0.640320 -0.168192 0.749467 -0.465221 -0.861326 0.204174
-2.450407 -4.054720 -82.491694 -16.924392 -0.913506 -0.377144 0.152544 -0.311108 0.889219 0.335412 -0.262143 0.258943 -0.929639
-2.181744 -4.003144 71.173150 -0.115352 0.898655 0.425784 -0.105489 -0.322643 0.804511 0.498662 -0.297189 0.414089 -0.860354
-0.646282 -3.731091 81.097949 -5.982292 0.956707 0.232686 -0.174841 -0.157453 0.918992 0.361473 -0.244787 0.318294 -0.915843
1.047733 -3.542881 50.210995 -5.235917 0.950328 0.185884 -0.249647 -0.074739 0.914896 0.396710 -0.302143 0.358347 -0.883344
1.159194 -3.316278 -56.670357 -6.284040 -0.959750 -0.129401 0.249270 -0.064973 0.965757 0.251181 -0.273238 0.224875 -0.935293
-0.478864 -3.498067 -88.495091 -9.686626 -0.972538 -0.107930 0.206204 -0.070470 0.980941 0.181075 -0.221818 0.161571 -0.961609
0.226759 -55.301839 128.359519 2032.699365 0.314169 0.839915 -0.442539 0.878308 -0.434091 -0.200348 0.360378 0.325742 0.874082
12.437393 -22.184523 -389.610555 -584.091558 0.818970 0.173253 -0.547058 0.414751 -0.837554 0.355648 0.396573 0.518158 0.757788
16.421318 -15.150978 -871.154202 -13.754832 0.837189 -0.060636 -0.543542 0.013416 0.995813 -0.090427 0.546749 0.068412 0.834497
-7.851632 -32.932053 -17.957911 1219.562944 0.331496 0.892497 -0.305875 0.827169 -0.430869 -0.360754 0.453764 0.133422 0.881077
-7.713591 -20.501944 -72.201630 3.397711 -0.528539 -0.668653 0.523020 0.784547 -0.620069 0.000101 0.324241 0.410387 0.852321
0.687981 -46.383326 128.788740 2133.104679 0.418225 0.891041 -0.176445 0.759473 -0.449579 -0.470190 0.498285 -0.062640 0.864747
0.934932 -4.028895 58.913133 1.160048 0.253363 0.296099 -0.920941 0.546008 0.742093 0.388810 0.798550 -0.601352 0.026347
1.087340 -3.968597 40.741913 1.037278 0.297522 0.298972 -0.906695 0.635112 0.647098 0.421778 0.712820 -0.701342 0.002645
1.758353 -4.092338 40.464801 -5.595625 0.331417 0.296135 -0.895805 0.512201 0.740896 0.434422 0.792346 -0.602807 0.093865
0.849898 -4.063127 56.283466 5.161816 0.238412 0.266530 -0.933875 0.401551 0.848501 0.344677 0.884261 -0.457173 0.095267
2.519816 -4.163226 9.169984 -10.436880 0.445224 0.271742 -0.853189 0.473672 0.737126 0.481955 0.759875 -0.618710 0.199469
1.849995 -4.128092 42.051802 -1.888658 0.316181 0.279074 -0.906723 0.357399 0.850300 0.386336 0.878803 -0.446214 0.169108
-0.340644 -3.875749 -4.124824 -13.321949 0.758906 0.069508 -0.647480 0.409311 -0.824243 0.391266 0.506485 0.561955 0.653973
0.050258 -3.454849 -12.797002 -15.307342 0.789765 0.055709 -0.610874 0.407987 -0.791361 0.455296 0.458058 0.608805 0.647718
0.578546 -3.734374 -17.489184 16.911347 0.746823 0.143290 -0.649403 -0.413619 0.864738 -0.284864 0.520745 0.481348 0.705073
-0.455389 -3.620249 -3.140499 -8.298452 0.793742 -0.002499 -0.608249 0.411046 -0.734894 0.539418 0.448347 0.678177 0.582290
-0.553656 -3.953402 1.950396 -7.721547 0.761614 -0.001463 -0.648029 0.414804 -0.767190 0.489242 0.497877 0.641419 0.583695
0.321416 -6.826603 -8.811674 35.258599 0.876995 -0.016279 -0.480224 -0.363614 0.630856 -0.685423 -0.314110 -0.775729 -0.547338
0.518798 -6.327779 -7.132943 -23.832365 0.868551 0.013583 -0.495413 -0.463985 0.373595 -0.803209 -0.174173 -0.927493 -0.330789
0.554464 -6.368215 -10.594820 27.158540 0.861303 0.015620 -0.507852 -0.416159 0.595121 -0.687490 -0.291495 -0.803484 -0.519079
0.402602 -5.936684 -10.165241 29.281400 0.884772 -0.004216 -0.466006 -0.309084 0.743071 -0.593559 -0.348778 -0.669199 -0.656145
0.595567 -5.579206 -8.268765 11.968565 0.880775 0.025189 -0.472864 -0.353657 0.699046 -0.621499 -0.314899 -0.714632 -0.624611
0.712517 -5.874137 -4.441936 27.915310 0.853605 0.071178 -0.516035 -0.456500 0.579400 -0.675206 -0.250931 -0.811930 -0.527071
-0.064967 -9.911017 -0.527916 -20.488334 0.840848 0.286097 -0.459480 -0.398297 -0.247772 -0.883159 0.366516 -0.925612 0.094387
0.012944 -9.651478 -0.811125 -27.579727 0.832094 0.274737 -0.481809 -0.337678 -0.438193 -0.833043 0.439993 -0.855866 0.271846
-0.040274 -9.245844 -0.489100 -39.478729 0.832214 0.276325 -0.480691 -0.407675 -0.282648 -0.868281 0.375794 -0.918561 0.122573
-0.099657 -9.474555 -0.145954 -12.243622 0.840709 0.281475 -0.462580 -0.460727 -0.077000 -0.884195 0.284498 -0.956474 -0.064948
-0.044889 -8.453459 0.149491 -38.741905 0.818714 0.267028 -0.508333 -0.428125 -0.306071 -0.850311 0.382643 -0.913792 0.136263
-0.120577 -8.949074 0.014826 -28.484292 0.832626 0.272483 -0.482169 -0.472972 -0.103123 -0.875022 0.288151 -0.956618 -0.043014
-0.068033 -2.934258 3.975147 7.587219 0.787494 0.209734 -0.579538 -0.319919 -0.664610 -0.675238 0.526787 -0.717151 0.456278
0.070431 -2.785719 0.338617 16.222773 0.804593 0.226143 -0.549081 -0.345013 -0.574552 -0.742197 0.483318 -0.786607 0.384258
0.014186 -3.130044 1.169681 5.694945 0.774814 0.178614 -0.606433 -0.346702 -0.682084 -0.643862 0.528641 -0.709125 0.466563
0.146784 -2.596163 -0.065405 16.535613 0.820760 0.267733 -0.504651 -0.298788 -0.551738 -0.778660 0.486908 -0.789876 0.372849
-0.067660 -2.728100 2.057477 8.145184 0.808396 0.249117 -0.533325 -0.272755 -0.644369 -0.714418 0.521632 -0.723000 0.452958
1.307079 -2.156307 -13.766627 5.622667 -0.170118 -0.771595 -0.612945 0.983484 -0.171952 -0.056499 -0.061803 -0.612433 0.788103
0.988024 -2.141279 -7.859140 -8.747155 -0.125288 -0.774725 -0.619761 0.985219 -0.170710 0.014227 -0.116821 -0.608818 0.784662
0.841897 -2.392619 -22.879754 3.015969 -0.027420 -0.816069 -0.577303 0.994920 -0.078242 0.063346 -0.096864 -0.572633 0.814069
-0.210134 -3.836094 5.241405 6.833282 0.734640 0.000920 -0.678456 0.628722 -0.376738 0.680277 0.254975 0.926319 0.277345
-0.287712 -4.218146 6.712353 -46.515415 0.714335 0.009917 -0.699734 0.637187 -0.422637 0.644493 0.289342 0.906245 0.308223
-0.074322 -4.066666 -2.473759 -1.485318 0.723491 0.026178 -0.689837 0.643022 -0.389125 0.659625 0.251165 0.920813 0.298362
-0.101003 -4.604477 -2.871662 51.334453 0.755589 0.008390 -0.654992 0.619694 -0.333205 0.710601 0.212285 0.942817 0.256966
-0.129327 -4.374138 3.772453 56.685959 0.762707 -0.011580 -0.646640 0.608962 -0.323870 0.724067 0.217812 0.946031 0.239966
-0.637745 -15.944013 2.706370 87.892849 0.541420 0.064341 -0.838286 0.669026 -0.636824 0.383222 -0.509184 -0.768320 -0.387836
-0.009377 -16.737716 22.056352 41.785774 -0.530251 -0.055268 0.846037 -0.464104 0.854015 -0.235086 -0.709536 -0.517304 -0.478493
-0.461270 -15.763027 -3.127606 86.493494 0.547116 0.070811 -0.834056 0.641038 -0.676190 0.363094 -0.538269 -0.733317 -0.415347
0.144068 -17.003004 21.129937 53.117540 -0.541059 -0.038149 0.840119 -0.482265 0.832470 -0.272790 -0.688967 -0.552756 -0.468813
-0.529040 -14.033808 5.956645 208.596336 0.563284 0.076838 -0.822683 0.768994 -0.412978 0.487952 -0.302256 -0.907494 -0.291712
-0.765801 -13.791552 14.809666 209.431310 0.556092 0.071665 -0.828025 0.787328 -0.364554 0.497208 -0.266227 -0.928420 -0.259150
-0.607168 -15.704127 4.731231 86.229212 0.547989 0.042225 -0.835419 0.678649 -0.606314 0.414511 -0.489024 -0.794104 -0.360909
-1.784458 -3.489419 -0.271848 -25.669913 0.831121 -0.225679 -0.508239 -0.526540 -0.025400 -0.849771 -0.178866 -0.973870 0.139940
-2.086897 -3.915975 -8.074502 -16.457808 0.846915 -0.188060 -0.497361 -0.506346 0.000305 -0.862330 -0.162322 -0.982157 0.094965
-1.859028 -3.167996 -12.339737 -0.105378 0.714686 -0.233740 -0.659234 -0.683500 -0.033287 -0.729191 -0.148497 -0.971729 0.183551
-1.480872 -2.780663 -12.376264 25.435033 0.664608 -0.279081 -0.693116 0.724899 0.015928 0.688671 -0.181155 -0.960135 0.212892
-1.652237 -3.371355 -2.599311 -38.714263 0.761441 -0.284578 -0.582429 -0.605035 0.010506 -0.796129 -0.232680 -0.958595 0.164180
-0.437858 -5.507200 -6.935347 -33.392384 0.570044 0.020364 -0.821362 0.821603 -0.008902 0.569990 0.004295 -0.999753 -0.021806
-0.380876 -6.144079 -8.200185 50.262879 0.634527 0.027784 -0.772402 0.770584 -0.100070 0.629434 -0.059806 -0.994592 -0.084907
-0.570645 -6.039990 -2.353935 -24.684688 0.584590 0.054113 -0.809522 0.811326 -0.036255 0.583469 0.002224 -0.997876 -0.065098
-0.231847 -5.555840 -11.565231 55.696629 0.638217 0.003352 -0.769849 0.769121 -0.046470 0.637411 -0.033639 -0.998914 -0.032236
-0.361539 -5.070044 -6.091735 -56.671684 0.561521 0.003615 -0.827454 0.827461 -0.004504 0.561506 -0.001697 -0.999983 -0.005520
-1.496137 -7.106410 -41.594455 57.249383 0.574115 0.180688 -0.798589 0.724418 -0.566656 0.392581 -0.381591 -0.803898 -0.456220
-2.145296 -6.432507 -42.583757 70.385948 0.561745 0.247766 -0.789338 0.779215 -0.479023 0.404179 -0.277969 -0.842110 -0.462152
-1.920258 -5.737234 -42.461548 73.742168 0.578657 0.206430 -0.789014 0.786548 -0.397041 0.472971 -0.215635 -0.894285 -0.392118
-1.138836 -6.084479 -28.729226 71.593211 0.597410 0.180992 -0.781245 0.762744 -0.429070 0.483859 -0.247634 -0.884952 -0.394381
-0.498084 -6.926639 -18.311484 49.087058 0.598239 0.179335 -0.780992 0.721885 -0.543687 0.428119 -0.347839 -0.819904 -0.454714
-0.861225 -7.560308 -18.589609 -1.716614 0.588338 0.179857 -0.788359 0.618020 -0.728730 0.294964 -0.521449 -0.660760 -0.539895
-0.297173 -19.331282 -1.551350 -418.245042 -0.637544 0.533965 0.555355 0.313060 0.838211 -0.446537 -0.703940 -0.110827 -0.701560
-3.191348 -9.328082 -35.630497 -105.260537 -0.680997 0.257544 0.685503 -0.082693 0.903079 -0.421437 -0.727602 -0.343684 -0.593698
-4.635699 -15.079366 -39.824531 431.551626 -0.524619 0.757377 0.388787 -0.384676 -0.618286 0.685381 -0.759473 -0.210007 -0.615709
4.694925 -21.121764 254.705158 553.337424 -0.455100 0.816504 0.355255 -0.619901 -0.576927 0.531862 -0.639224 -0.021827 -0.768711
-1.903692 -12.614115 64.200542 -218.908604 -0.275328 -0.662409 0.696713 -0.397860 0.738260 0.544683 -0.875158 -0.127228 -0.466810
-6.309383 -13.141409 -11.872488 234.154172 -0.252852 0.963390 0.089140 -0.590594 -0.226668 0.774481 -0.766332 -0.143183 -0.626286
0.867142 -2.457944 3.926691 -6.940245 0.905424 0.046750 -0.421926 0.169646 0.871253 0.460584 -0.389137 0.488602 -0.780923
0.620900 -2.467401 3.101768 -5.522816 0.907131 0.084151 -0.412350 0.162407 0.833911 0.527462 -0.388250 0.545445 -0.742800
0.923452 -2.301868 -1.039809 -11.781723 0.881662 0.039413 -0.470233 0.198721 0.872822 0.445748 -0.427998 0.486444 -0.761702
1.093045 -2.109998 3.864214 -8.209685 -0.870370 0.018610 0.492046 0.227610 0.901323 0.368525 -0.436634 0.432747 -0.788721
0.928728 -2.365484 7.197808 -5.657485 0.895027 -0.021119 -0.445511 0.207374 0.904047 0.373758 -0.394869 0.426911 -0.813527
-2.537041 -7.107955 -5.506367 -8.970173 -0.697430 0.259045 0.668197 -0.269031 0.769557 -0.579141 -0.664239 -0.583676 -0.467022
-2.517520 -6.786243 4.893240 -22.392581 0.698969 -0.273913 -0.660616 -0.403932 0.611075 -0.680754 -0.590154 -0.742670 -0.316481
-2.790395 -7.200806 -10.827304 -12.657048 -0.648245 0.297831 0.700767 -0.303112 0.743326 -0.596313 -0.698499 -0.598968 -0.391581
-3.122701 -7.276098 -14.515140 -17.256995 -0.584629 0.328703 0.741730 -0.348678 0.723707 -0.595543 -0.732552 -0.606797 -0.308489
-3.149905 -7.287519 -17.367321 9.237612 -0.593903 0.315814 0.739960 -0.149268 0.860512 -0.487071 -0.790568 -0.399725 -0.463920
-0.708814 -3.235893 6.604333 -13.827462 0.254539 0.180284 -0.950109 0.952041 0.125780 0.278923 0.169790 -0.975540 -0.139621
-0.734605 -2.943775 6.693373 -7.568060 0.264000 0.184585 -0.946696 0.959781 0.046936 0.276800 0.095527 -0.981695 -0.164770
-0.429279 -3.317685 7.815260 -12.791687 0.286323 0.204534 -0.936048 0.943851 0.107843 0.312274 0.164817 -0.972901 -0.162172
-0.304555 -3.595220 8.213250 -9.893973 0.255778 0.194430 -0.946982 0.922271 0.244588 0.299321 0.289818 -0.949934 -0.116756
1.010045 -2.136045 2.643409 -16.922664 0.850058 0.054700 -0.523841 0.218608 0.868230 0.445406 -0.479178 0.493137 -0.726088
0.925918 -1.595109 -0.140949 -13.476490 -0.832370 -0.075730 0.549022 0.193871 0.888248 0.416449 -0.519206 0.453079 -0.724669
0.972042 -1.726693 -0.017321 -11.661660 -0.842175 -0.018528 0.538885 0.227147 0.894211 0.385733 -0.489024 0.447261 -0.748874
-85.258134 -308.618876 -2728.264785 -2683.412962 -0.824268 0.228613 -0.517995 0.232515 0.970833 0.058476 0.516255 -0.072242 -0.853382
-142.256518 -573.533001 4296.358493 15178.145433 0.836830 -0.167850 0.521097 -0.229681 0.756381 0.612482 0.496953 0.632230 -0.594410
-29.740991 -366.419480 -1830.733911 -23408.646890 -0.719181 0.162919 -0.675452 0.005676 0.973467 0.228757 0.694799 0.160684 -0.701024
1.408667 -12.804606 -35.831802 139.681448 -0.489059 -0.403154 0.773491 0.836981 0.032714 0.546254 -0.245528 0.914547 0.321433
1.849530 -13.079889 -7.168576 176.581300 -0.374461 -0.479624 0.793561 0.902752 0.006820 0.430108 -0.211702 0.877448 0.430427
2.627405 -20.180174 -25.207649 325.647963 -0.447859 -0.454942 0.769708 0.767066 0.246805 0.592197 -0.459383 0.855638 0.238437
0.577488 -2.528410 28.188022 4.080706 0.910817 -0.303846 -0.279446 -0.063170 -0.771550 0.633025 0.407949 0.558917 0.721935
0.079103 -3.062098 38.345777 43.452152 0.851970 -0.059569 -0.520191 0.253416 -0.822476 0.509229 0.458179 0.565672 0.685629
0.587307 -2.560677 32.889182 23.509095 0.898054 -0.178351 -0.402107 0.067308 -0.847639 0.526287 0.434705 0.499699 0.749221
0.509530 -3.242220 1.599824 -30.947441 0.930107 -0.197096 -0.309927 0.021364 -0.813361 0.581367 0.366668 0.547354 0.752302
-0.115362 -1.640441 -1.953167 -8.496530 -0.852276 -0.266520 0.450103 -0.212711 0.962692 0.167269 -0.477891 0.046817 -0.877170
-0.192555 -1.935899 -1.426464 -14.667545 -0.829448 -0.354271 0.431866 -0.262519 0.929674 0.258438 -0.493052 0.100988 -0.864119
0.019443 -1.431698 -3.971565 -7.740305 -0.866464 -0.185237 0.463603 -0.142283 0.981730 0.126336 -0.478535 0.043502 -0.876990
0.015057 -5.051335 12.599943 32.404303 0.827077 -0.080134 -0.556347 0.269965 -0.811519 0.518224 0.493013 0.578805 0.649556
-0.336468 -4.012920 -20.220096 -28.340703 0.833769 0.008419 -0.552050 -0.250816 0.896530 -0.365138 0.491855 0.442904 0.749610
-0.497083 -4.661894 -37.153581 16.323387 0.840021 0.025475 -0.541956 0.301987 -0.851817 0.428033 0.450743 0.523220 0.723237
0.054811 -5.704586 -50.161094 17.316880 0.857574 0.026857 -0.513658 0.346990 -0.767378 0.539192 0.379689 0.640632 0.667403
4.766659 -5.712185 38.699785 -12.405102 0.867060 -0.113390 -0.485129 0.215533 0.963289 0.160065 0.449169 -0.243347 0.859668
4.103530 -6.090127 71.808386 -55.064501 0.790677 -0.103070 -0.603496 0.216027 0.969293 0.117487 0.572855 -0.223266 0.788663
3.668847 -5.356512 34.510466 11.417823 0.804947 -0.043107 -0.591778 0.210816 0.953060 0.217332 0.554632 -0.299697 0.776251
4.107984 -5.982333 12.388286 47.233811 0.870472 -0.056833 -0.488926 0.214201 0.938063 0.272316 0.443167 -0.341772 0.828731
-1.756819 -4.415681 9.146229 17.908805 0.737339 0.332557 -0.587994 -0.438164 -0.427041 -0.790979 0.514144 -0.840858 0.169159
-2.162786 -4.391406 13.384670 11.746186 0.736810 0.252071 -0.627352 -0.482716 -0.453559 -0.749179 0.473388 -0.854836 0.212508
-1.855868 -4.198845 13.832095 0.234282 0.732372 0.328594 -0.596371 -0.485487 -0.362116 -0.795723 0.477425 -0.872295 0.105676
-1.378515 -4.487093 13.584824 -0.015565 0.740765 0.395700 -0.542852 -0.433513 -0.335718 -0.836278 0.513160 -0.854819 0.077147
-1.511911 -4.432511 19.483946 -15.334948 0.751185 0.403765 -0.522201 -0.450689 -0.264288 -0.852661 0.482286 -0.875857 0.016557
-1.972793 -4.334726 12.946396 -11.537544 0.761741 0.335719 -0.554114 -0.490727 -0.259444 -0.831791 0.423010 -0.905528 0.032883
0.037023 -5.189413 19.797971 -55.681742 -0.182391 -0.170579 0.968316 0.919833 0.318299 0.229330 -0.347333 0.932517 0.098849
-0.570261 -4.585619 -1.394188 -48.590606 -0.227333 -0.159618 0.960647 0.894106 0.356671 0.270850 -0.385867 0.920493 0.061633
-0.357631 -3.402720 9.969154 -42.034348 -0.158670 -0.152094 0.975547 0.868246 0.448932 0.211209 -0.470077 0.880527 0.060823
0.587554 -4.564289 34.149809 -49.983989 -0.105122 -0.153621 0.982522 0.912816 0.377139 0.156631 -0.394609 0.913327 0.100582
-0.143329 -2.667284 21.710805 -40.121611 -0.070551 -0.120177 0.990242 0.850303 0.511792 0.122693 -0.521543 0.850662 0.066080
0.269779 -3.386260 26.992047 -49.965014 -0.077530 -0.129485 0.988546 0.877946 0.460985 0.129239 -0.472440 0.877910 0.077940
-0.661059 -2.274997 16.413707 -27.540137 -0.145990 -0.165453 0.975352 0.827300 0.520192 0.212072 -0.542458 0.837870 0.060936
-0.775986 -2.537655 3.620034 -28.540226 -0.231634 -0.189498 0.954168 0.817223 0.494180 0.296534 -0.527723 0.848455 0.040394
-0.158484 -4.696698 4.297317 -40.473258 0.852942 -0.421422 -0.308047 0.048719 0.651813 -0.756813 -0.519727 -0.630510 -0.576490
4.526262 -139.094333 171.743772 5105.346839 0.789308 -0.613547 -0.023500 0.325263 0.450290 -0.831531 -0.520765 -0.648690 -0.554982
-0.517061 -6.736657 -5.666921 -116.585929 0.848874 -0.263180 -0.458420 -0.095662 0.776435 -0.622894 -0.519867 -0.572612 -0.633919
0.155558 -48.349373 73.753889 1506.801565 0.712368 -0.680723 0.170727 0.461850 0.271552 -0.844366 -0.528418 -0.680350 -0.507837
-0.619354 -6.157305 5.157740 -84.287937 0.864990 -0.275715 -0.419253 -0.047076 0.787243 -0.614844 -0.499575 -0.551571 -0.667978
-0.147743 -4.088601 3.404626 -21.355725 0.845192 -0.477032 -0.241023 0.146924 0.640965 -0.753377 -0.513872 -0.601336 -0.611826
0.759726 -42.141665 52.446770 1256.860711 0.677268 -0.708476 0.198420 0.508879 0.256305 -0.821797 -0.531367 -0.657548 -0.534116
31.094768 -4.566414 -277.137455 0.083150 -0.842396 -0.446330 -0.301923 -0.472721 0.881058 0.016480 0.258656 0.156608 -0.953190
20.303717 -4.250876 -481.651739 -7.484987 -0.677990 -0.425424 -0.599453 -0.559254 0.827771 0.045065 0.477038 0.365800 -0.799140
16.629188 -4.582245 90.462471 -16.225711 0.822101 0.443460 0.357063 -0.524816 0.833390 0.173293 0.220724 0.329856 -0.917865
20.834880 -4.557664 -191.328701 -9.639651 0.893988 0.436800 0.099953 -0.447599 0.880954 0.153544 0.020986 0.182005 -0.983074
0.419780 -6.268147 5.171415 -6.428719 0.799002 -0.162996 -0.578817 0.601313 0.223504 0.767117 -0.004330 0.960978 -0.276591
0.169891 -6.247837 7.553820 -10.749878 0.804867 -0.188919 -0.562582 0.592786 0.210948 0.777242 0.028160 0.959067 -0.281774
0.330804 -6.199141 5.727762 -5.240115 0.794868 -0.174394 -0.581182 0.587006 -0.021537 0.809296 0.153654 0.984440 -0.085251
0.909786 -10.839200 -10.292998 38.737366 0.948733 -0.131487 -0.287431 0.313956 0.286823 0.905077 0.036564 0.948917 -0.313400
1.039202 -11.161871 -4.200471 68.171951 0.957388 -0.180297 -0.225613 0.260027 0.198188 0.945043 0.125675 0.963439 -0.236625
0.547456 -9.262059 -9.422942 55.261714 0.960122 -0.123854 -0.250650 0.247302 -0.041958 0.968030 0.130411 0.991413 0.009655
0.230952 -9.601471 -7.688111 51.937410 0.941734 -0.122052 -0.313432 0.314621 -0.009912 0.949166 0.118954 0.992474 -0.029065
-0.283943 -2.040840 -23.357049 -5.997352 0.677645 0.729801 -0.090487 -0.261654 0.354270 0.897792 -0.687266 0.584707 -0.431025
-1.280945 -2.452262 -21.337966 0.148565 0.723888 0.675659 -0.139537 -0.202928 0.401824 0.892949 -0.659398 0.618079 -0.427986
-0.512628 -2.069277 -27.833935 -3.901915 0.647792 0.761800 -0.005122 -0.358265 0.310568 0.880451 -0.672318 0.568514 -0.474110
0.252156 -1.624184 -45.985381 -3.712933 0.503137 0.835182 0.222091 -0.555567 0.115737 0.823377 -0.661966 0.537658 -0.522231
0.430978 -1.584875 -35.751520 -4.976819 0.574516 0.809156 0.123280 -0.459200 0.193964 0.866899 -0.677544 0.554657 -0.483000
1.759281 -3.316334 21.914381 -34.102988 0.905237 -0.392934 -0.161704 -0.079303 -0.530116 0.844208 0.417440 0.751385 0.511042
1.888542 -3.927612 9.171442 -29.624173 0.896058 -0.384394 -0.222084 -0.050150 -0.584706 0.809694 0.441095 0.714395 0.543208
2.043268 -3.533419 -4.196628 -26.402963 0.910071 -0.411753 -0.047223 -0.204555 -0.545340 0.812872 0.360455 0.730112 0.580525
1.862525 -2.990219 -34.405325 -27.436435 0.926644 -0.371788 0.055726 -0.257228 -0.518929 0.815197 0.274163 0.769732 0.576496
2.033198 -3.063525 -13.734090 -37.544219 0.919992 -0.386816 -0.063147 -0.159578 -0.516839 0.841078 0.357980 0.763708 0.537215
2.253832 -4.720672 -30.996821 -51.433499 0.896051 -0.429910 0.110771 -0.365630 -0.573106 0.733393 0.251809 0.697658 0.670720
0.434132 -12.557160 1.117892 103.422765 0.852906 0.123497 -0.507248 0.298139 0.682379 0.667437 -0.428562 0.720491 -0.545185
0.375319 -12.033739 0.760784 116.445231 0.848236 0.089681 -0.521970 0.340747 0.662079 0.667490 -0.405447 0.744049 -0.531041
0.639076 -10.086476 0.796589 64.773415 0.844185 0.108744 -0.524906 0.404398 0.513572 0.756773 -0.351872 0.851128 -0.389574
0.582812 -11.359519 -1.747799 83.641693 0.848369 0.146438 -0.508750 0.371701 0.519524 0.769372 -0.376973 0.841814 -0.386317
0.842036 -8.414913 1.639942 40.874876 0.822565 0.075960 -0.563576 0.510229 0.339026 0.790397 -0.251105 0.937706 -0.240114
0.752867 -9.346846 -0.436068 59.073347 0.832901 0.117044 -0.540903 0.480997 0.330293 0.812126 -0.273711 0.936594 -0.218803
0.535190 -2.944194 0.811465 0.872253 0.704144 -0.004141 -0.710045 0.244432 0.940278 0.236918 0.666658 -0.340382 0.663104
0.442097 -2.790617 0.204351 -3.042485 0.677333 -0.046682 -0.734194 0.294759 0.931599 0.212697 0.674045 -0.360478 0.644763
0.328866 -2.946811 -0.132579 4.698809 0.718134 0.039070 -0.694808 0.273531 0.902216 0.333447 0.639894 -0.429511 0.637225
0.397110 -3.150248 2.188578 6.263670 0.737954 0.084295 -0.669566 0.226662 0.903572 0.363568 0.635648 -0.420061 0.647688
0.230826 -3.304250 1.539229 7.956322 0.745914 0.121216 -0.654919 0.263076 0.849725 0.456900 0.611885 -0.513102 0.601933
0.183406 -3.093214 0.426355 9.381033 0.733746 0.095412 -0.672692 0.288261 0.852844 0.435389 0.615242 -0.513375 0.598267
-0.500059 -11.123402 -3.427888 72.119328 -0.424983 -0.676181 0.601805 0.890435 -0.431878 0.143555 0.162837 0.596876 0.785635
-0.740245 -11.052043 -8.162832 53.765976 -0.435837 -0.676895 0.593177 0.878260 -0.463925 0.115902 0.196736 0.571478 0.796685
-0.608503 -9.961874 -3.770548 59.909425 -0.429849 -0.672126 0.602890 0.836359 -0.547988 -0.014611 0.340196 0.497952 0.797691
-0.490936 -10.249051 -0.675683 73.118764 -0.411411 -0.677442 0.609765 0.859052 -0.511768 0.011037 0.304581 0.528361 0.792506
-0.707677 -8.755207 2.923239 46.594210 0.434320 0.670944 -0.601000 0.753814 -0.635974 -0.165235 0.493084 0.381277 0.781983
-0.627044 -9.001630 0.276125 47.122119 0.411549 0.678602 -0.608381 0.787700 -0.600614 -0.137086 0.458429 0.422803 0.781716
-1.421344 -10.036541 -2.315910 -17.677066 -0.896907 0.075841 0.435668 0.180357 0.962258 0.203790 -0.403770 0.261357 -0.876734
-1.404063 -9.864077 6.831958 -36.359564 -0.889812 0.005060 0.456298 0.109243 0.973224 0.202239 -0.443057 0.229802 -0.866540
-1.815841 -10.648176 -0.360683 -26.611228 0.900643 -0.052432 -0.431385 0.230313 0.899401 0.371530 -0.368508 0.433969 -0.822115
8.635867 -4.229629 -190.188779 9.171226 0.437101 0.778391 -0.450611 0.079118 0.465787 0.881353 -0.895926 0.420892 -0.142011
3.364532 -4.496962 -61.332198 9.544136 0.406384 0.829312 -0.383529 0.014149 0.413990 0.910171 -0.913593 0.375306 -0.156505
6.820924 -4.936789 -166.235176 84.153397 0.457481 0.741207 -0.491246 0.061951 0.524537 0.849131 -0.887059 0.418894 -0.194047
-1.608292 -2.731503 -3.275303 16.574032 -0.576562 -0.749701 -0.324845 0.803323 -0.447561 -0.392889 0.149161 -0.487480 0.860299
-1.395674 -3.094352 -3.669948 1.779609 -0.595091 -0.761655 -0.256412 0.791772 -0.500978 -0.349453 0.137706 -0.410977 0.901186
-1.566535 -3.179399 -6.017696 6.354680 -0.613703 -0.734127 -0.290561 0.785611 -0.531140 -0.317341 0.078640 -0.423021 0.902701
-1.794494 -2.854313 -7.745455 20.057573 -0.638896 -0.691547 -0.337008 0.763067 -0.514061 -0.391752 0.097673 -0.507449 0.856128
-1.663185 -3.157354 -5.193085 4.077525 -0.700671 -0.641143 -0.313043 0.713376 -0.621884 -0.323040 0.012439 -0.449662 0.893112
-1.465024 -3.312823 -5.951859 3.194226 -0.648940 -0.709015 -0.275999 0.760830 -0.606592 -0.230617 -0.003908 -0.359644 0.933081
0.280169 -4.026249 -44.111405 -25.364993 -0.023108 0.150426 0.988351 0.859741 0.507523 -0.057144 -0.510207 0.848406 -0.141055
0.420073 -4.506562 -46.793882 -34.484625 0.009956 0.161309 0.986854 0.897068 0.434575 -0.080085 -0.441781 0.886072 -0.140379
1.252725 -4.521382 -35.069341 -58.840957 -0.014258 0.127575 0.991726 0.885419 0.462436 -0.046758 -0.464576 0.877426 -0.119551
1.328682 -3.948098 -29.264168 -42.193839 -0.016703 0.111755 0.993595 0.854581 0.517464 -0.043835 -0.519049 0.848376 -0.104147
0.302990 -3.635442 -42.865244 -20.199892 -0.029325 0.150454 0.988182 0.823040 0.564640 -0.061544 -0.567226 0.811508 -0.140388
25.531271 -60.984795 682.037940 -1529.723133 -0.391521 -0.519892 0.759226 -0.003594 0.825952 0.563730 -0.920162 0.217984 -0.325246
23.012564 -15.971911 770.972296 -517.878475 -0.683991 0.083139 0.724738 0.232781 0.966421 0.108830 -0.691354 0.243144 -0.680376
54.928663 -828.772744 1058.687126 62979.696900 -0.516655 -0.441986 0.733291 0.714819 0.248751 0.653572 -0.471276 0.861842 0.187421
0.585421 -3.158852 6.424067 -5.747146 0.723267 0.091093 -0.684535 0.596353 -0.582217 0.552618 0.348208 0.807914 0.475422
0.436830 -3.091260 0.990102 -6.344849 0.707884 0.097134 -0.699618 0.615141 -0.571574 0.543052 0.347135 0.814781 0.464359
0.650452 -3.345082 6.536382 -5.183483 0.706106 0.101877 -0.700739 0.565397 -0.676895 0.471317 0.426310 0.728996 0.535561
0.392408 -2.868986 0.173169 -6.322961 0.729331 0.086569 -0.678661 0.629178 -0.474484 0.615629 0.268719 0.875997 0.400524
0.511938 -2.948830 4.239956 -5.603381 0.744084 0.084421 -0.662731 0.611441 -0.485794 0.624615 0.269220 0.869987 0.413090
4.094450 0.617741 115.411284 -0.777748 -0.381796 -0.477771 -0.791180 0.831923 0.195294 -0.519389 0.402662 -0.856501 0.322906
3.647057 0.698030 103.675402 -2.379800 -0.337891 -0.486667 -0.805596 0.858402 0.191667 -0.475826 0.385975 -0.852302 0.352993
1.592513 0.447371 96.057941 -5.076100 -0.216201 -0.395895 -0.892482 0.892579 0.290306 -0.345001 0.395677 -0.871200 0.290603
-5.870309 -1084.712727 -1224.521254 68510.851866 -0.465430 0.860808 -0.205873 -0.427152 -0.422183 -0.799564 0.775187 0.284203 -0.564193
-70.319124 -323.483279 -2525.633593 -17426.374945 -0.219336 0.969633 -0.108183 -0.943768 -0.238974 -0.228457 0.247373 -0.051991 -0.967525
-139.639780 -669.996122 5158.393476 49521.099887 0.753725 -0.656125 -0.037391 0.331413 0.330348 0.883762 0.567506 0.678506 -0.466440
-104.241934 -372.739006 -4180.422933 -18308.880724 -0.465929 0.461731 -0.754795 -0.516746 0.550462 0.655717 0.718250 0.695555 -0.017878
41.438884 -98.804336 -1160.708942 -2470.258142 0.524020 -0.374198 0.765100 0.448486 0.884917 0.125628 -0.724060 0.277305 0.631537
-2.618893 -59.826478 29.942869 -1457.804209 -0.319962 0.796473 -0.513083 0.738334 0.548981 0.391769 -0.593707 0.253475 0.763716
-4.735293 -51.899641 3.378417 -1246.800512 -0.315986 0.740838 -0.592715 0.762301 0.570173 0.306268 -0.564846 0.355051 0.744908
-13.667313 -21.310192 67.807672 -313.037557 0.116310 0.384032 -0.915965 0.988569 -0.133843 0.069413 -0.095939 -0.913568 -0.395209
-13.748617 -20.112858 19.628276 -14.606508 0.153740 0.355638 -0.921892 0.919491 0.290125 0.265261 0.361801 -0.888453 -0.282402
-14.069947 -21.290493 -174.120612 -148.180413 0.607631 0.184162 -0.772573 0.780073 0.044391 0.624112 0.149233 -0.981893 -0.116686
-3.578658 -7.484827 -17.981795 -140.035759 -0.422959 0.361995 0.830702 0.676343 0.736210 0.023548 -0.603047 0.571799 -0.556219
-3.331776 -5.310346 -6.172187 -30.653430 0.737451 0.369705 -0.565229 0.227233 0.652282 0.723114 -0.636027 0.661700 -0.397017
-4.615033 -5.765850 -49.163652 -20.267911 0.639028 0.156030 -0.753191 0.515951 0.639288 0.570181 -0.570471 0.752971 -0.328019
-4.961301 -7.732915 3.850440 -114.408741 -0.183971 0.366912 0.911883 0.800544 0.594230 -0.077591 -0.570337 0.715728 -0.403050
3.755448 -5.251954 -15.657250 43.388250 0.818798 -0.005585 -0.574054 -0.459768 0.592423 -0.661550 -0.343778 -0.805607 -0.482508
4.347593 -6.424946 -17.132323 48.503004 0.811531 0.037875 -0.583081 -0.541411 0.424044 -0.725990 -0.219755 -0.904849 -0.364630
3.762777 -4.552417 -3.463468 28.019380 0.835207 0.128623 -0.534683 -0.488625 0.619692 -0.614189 -0.252340 -0.774234 -0.580419
3.837454 -6.175777 44.899193 22.051908 0.818909 0.349929 -0.454904 -0.563833 0.342542 -0.751504 0.107149 -0.871903 -0.477812
4.392176 -6.587321 -6.557135 34.021351 0.818930 0.174404 -0.546751 -0.572007 0.325216 -0.753022 -0.046482 -0.929418 -0.366089
-3.225849 -4.496394 6.095041 -2.858398 0.761051 -0.255289 -0.596346 -0.628713 -0.063889 -0.775008 -0.159752 -0.964752 0.209126
-3.479286 -4.595070 9.963311 -0.166647 0.806533 -0.330486 -0.490187 -0.575288 -0.247730 -0.779535 -0.136191 -0.910719 0.389927
-3.991392 -4.742971 11.863795 2.417241 0.813301 -0.453623 -0.364374 -0.521626 -0.291007 -0.802011 -0.257775 -0.842343 0.473297
-3.009528 -4.273513 32.114308 14.110959 0.752868 0.657110 -0.037367 -0.501628 0.609630 0.613776 -0.426098 0.443348 -0.788596
-2.780932 -4.038661 23.100494 7.979360 0.764362 0.644787 -0.000011 -0.489958 0.580832 0.650058 -0.419155 0.496875 -0.759884
-3.124477 -4.374659 -38.209696 -8.153799 -0.768355 -0.635485 0.076088 -0.519886 0.689041 0.504917 -0.373296 0.348399 -0.859807
16.554653 -107.680255 -788.591988 4841.919529 0.006588 0.992320 0.123519 0.990473 -0.023467 0.135694 -0.137551 -0.121449 0.983021
116.193101 -29.950643 -4877.849311 1144.377013 0.748423 -0.187393 -0.636197 -0.211206 0.841969 -0.496467 0.628693 0.505936 0.590571
94.999975 -23.182929 -4511.237070 604.044748 0.851276 -0.215896 -0.478244 0.004569 0.914447 -0.404681 0.524698 0.342310 0.779433
0.268911 -4.072729 39.018259 0.590888 0.245499 0.251633 -0.936168 0.685585 0.637683 0.351189 0.685349 -0.728039 -0.015965
0.273854 -3.970516 24.192753 0.864332 0.258172 0.241221 -0.935500 0.774511 0.527131 0.349665 0.577478 -0.814828 -0.050738
0.992970 -3.211560 -25.018925 -21.904994 0.760180 0.137674 -0.634958 0.442761 -0.824998 0.351199 0.475489 0.548109 0.688104
-0.105398 -3.235045 -10.407831 -2.433591 0.834317 -0.040956 -0.549761 0.364875 -0.706529 0.606369 0.413256 0.706498 0.574525
0.413289 -2.970775 -18.725804 -11.636287 0.818139 0.022147 -0.574594 0.384503 -0.764072 0.518027 0.427559 0.644751 0.633632
0.010747 -10.452718 -0.586138 -11.023919 0.842339 0.283420 -0.458408 -0.328070 -0.405177 -0.853347 0.427592 -0.869198 0.248315
0.096879 -10.205395 -0.175057 -11.214793 0.830580 0.266609 -0.488934 -0.259263 -0.591897 -0.763178 0.492869 -0.760643 0.422496
0.064272 -2.997276 -1.674151 14.712798 0.790537 0.196444 -0.580052 -0.374533 -0.594301 -0.711710 0.484537 -0.779882 0.396242
0.240149 -2.495705 -6.764124 13.045351 0.828701 0.243201 -0.504090 -0.343259 -0.490538 -0.800966 0.442071 -0.836795 0.323028
0.302608 -2.328464 -2.886693 12.759009 0.840177 0.286000 -0.460768 -0.297659 -0.467021 -0.832640 0.453324 -0.836717 0.307250
-0.311122 -2.864750 -10.959784 22.631007 0.153368 -0.809288 -0.567037 0.987565 0.105456 0.116599 -0.034565 -0.577868 0.815398
0.479057 -2.550774 -21.831207 27.059154 0.001913 -0.822605 -0.568610 0.999997 0.000782 0.002233 -0.001392 -0.568613 0.822604
0.237185 -2.787670 -20.959735 22.706596 0.068255 -0.826552 -0.558707 0.995538 0.019852 0.092252 -0.065160 -0.562510 0.824219
-0.359387 -5.446178 9.889763 -83.039321 0.699759 0.011728 -0.714282 0.620534 -0.505366 0.599619 0.353942 0.862826 0.360912
-0.678225 -5.246193 15.281205 -88.421343 0.725224 -0.007590 -0.688471 0.601217 -0.480334 0.638606 0.335543 0.877053 0.343787
-0.049199 -4.489826 0.485569 -45.688864 0.696516 0.034308 -0.716721 0.650555 -0.451608 0.610597 0.302728 0.891557 0.336871
-0.760837 -6.941534 19.005151 -105.668183 0.705510 -0.006298 -0.708672 0.569857 -0.589445 0.572553 0.421329 0.807784 0.412271
-0.449761 -7.314802 9.922281 -108.280187 0.694393 0.021642 -0.719271 0.580327 -0.607860 0.541965 0.425487 0.793749 0.434653
-0.092710 -5.820729 3.968077 -79.357419 0.686822 0.033816 -0.726038 0.625812 -0.535532 0.567066 0.369641 0.843838 0.388978
-0.513921 -16.512056 6.515607 35.835047 -0.536378 -0.077982 0.840368 -0.436644 0.877745 -0.197244 -0.722247 -0.472739 -0.504853
0.999943 -16.034792 43.943278 103.406863 -0.534304 -0.020533 0.845043 -0.245675 0.960323 -0.132001 -0.808804 -0.278134 -0.518148
-2.162578 -4.132288 -6.941540 -8.237786 0.868472 -0.143932 -0.474385 -0.472190 0.051254 -0.880005 -0.150975 -0.988259 0.023450
-2.040495 -4.339568 0.967425 -19.571422 0.886734 -0.166025 -0.431438 -0.418174 0.109765 -0.901711 -0.197063 -0.979994 -0.027905
-1.991019 -4.336359 5.982380 -10.983483 0.901109 -0.106416 -0.420331 -0.400498 0.167182 -0.900917 -0.166143 -0.980166 -0.108030
-2.112771 -4.745726 3.346690 -18.005627 0.867379 -0.158023 -0.471892 -0.426963 0.250817 -0.868788 -0.255647 -0.955050 -0.150083
-2.103756 -4.723407 0.108180 -23.249422 0.843746 -0.216144 -0.491299 -0.455085 0.197241 -0.868328 -0.284588 -0.956231 -0.068058
-0.546431 -6.847315 -3.134873 47.893956 0.641803 0.056409 -0.764792 0.762642 -0.151518 0.628824 -0.080408 -0.986844 -0.140265
-0.412344 -9.130014 -6.097336 145.177409 0.632253 0.049989 -0.773148 0.761811 -0.221816 0.608640 -0.141071 -0.973806 -0.178326
-0.236663 -8.934056 -6.942319 176.425304 0.629777 0.033674 -0.776046 0.771447 -0.143948 0.619798 -0.090839 -0.989012 -0.116633
-2.714940 -5.463189 -23.463660 62.301867 0.525181 0.316105 -0.790103 0.838125 -0.352965 0.415887 -0.147414 -0.880621 -0.450306
-1.721327 -11.538949 -4.046862 -175.067923 -0.705149 0.257690 0.660576 -0.059016 0.907061 -0.416842 -0.706599 -0.332920 -0.624406
0.792764 -7.327459 10.110690 33.925687 -0.785528 -0.046276 0.617094 -0.285948 0.911498 -0.295644 -0.548798 -0.408694 -0.729239
1.067873 -7.236419 6.864205 30.351898 -0.811075 -0.059671 0.581891 -0.283447 0.910281 -0.301740 -0.511679 -0.409669 -0.755219
0.810732 -7.207369 8.991793 -11.065703 -0.789529 -0.037232 0.612582 -0.191346 0.963336 -0.188068 -0.583121 -0.265700 -0.767707
0.827310 -2.513326 1.751456 -11.598082 0.883680 0.053460 -0.465029 0.214631 0.836593 0.504030 -0.415986 0.545211 -0.727806
0.458664 -2.501642 6.817216 3.251823 0.899395 0.064281 -0.432386 0.221977 0.784953 0.578424 -0.376584 0.616211 -0.691714
0.783361 -2.656729 5.615282 -2.862249 0.880486 0.043310 -0.472089 0.260927 0.787140 0.558864 -0.395805 0.615252 -0.681765
0.533009 -2.456402 10.495462 8.556130 0.877950 0.004364 -0.478733 0.323020 0.732651 0.599067 -0.353359 0.680591 -0.641820
0.077837 -2.155688 13.916915 14.020897 0.895577 0.035237 -0.443509 0.279370 0.731286 0.622233 -0.346257 0.681161 -0.645078
-0.978818 -2.965416 6.639686 -6.890455 0.265990 0.168532 -0.949129 0.957316 0.069351 0.280599 0.113113 -0.983254 -0.142892
-0.932517 -2.671793 2.848495 -2.426374 0.338490 0.158018 -0.927607 0.939417 -0.000128 0.342778 0.054046 -0.987436 -0.148488
-0.743255 -2.488420 4.411258 -7.033611 0.336355 0.176560 -0.925036 0.941550 -0.043564 0.334045 0.018681 -0.983325 -0.180893
0.820189 -8.743818 -26.267831 62.132517 -0.440740 -0.413212 0.796871 0.897157 -0.173813 0.406077 -0.029289 0.893893 0.447322
0.846457 -7.989697 22.005287 85.152676 -0.317289 -0.530486 0.786074 0.948322 -0.174246 0.265188 -0.003708 0.829592 0.558357
1.878952 -12.147127 26.047652 177.943748 -0.233342 -0.561736 0.793728 0.953259 0.028992 0.300760 -0.191960 0.826808 0.528715
-1.032343 -2.759728 -24.798547 9.433503 0.829683 0.090577 -0.550838 0.418237 -0.754412 0.505905 0.369736 0.650122 0.663805
-1.335024 -3.667593 46.985308 122.398686 0.738428 -0.633779 0.230321 -0.582620 -0.427659 0.691131 0.339525 0.644540 0.685048
-1.494330 -3.521072 45.610327 52.290008 -0.399601 -0.513985 0.759038 0.872714 -0.466690 0.143426 0.280516 0.719736 0.635052
-0.718452 -4.973398 -6.851151 29.551389 -0.604631 -0.297770 0.738752 0.732087 -0.573162 0.368150 0.313800 0.763426 0.564545
-0.470069 -4.148892 27.067542 45.814008 0.736609 0.158269 -0.657539 0.528692 -0.741065 0.413894 0.421772 0.652514 0.629551
-0.216836 -2.156106 -1.466484 -13.390410 -0.810713 -0.412188 0.415746 -0.304771 0.903469 0.301428 -0.499859 0.117665 -0.858077
-0.314435 -2.505155 0.665667 -13.510203 -0.802236 -0.432997 0.411013 -0.282977 0.881995 0.376842 -0.525682 0.186009 -0.830096
-0.305418 -2.377563 -0.270430 -16.135112 -0.823533 -0.370789 0.429311 -0.240305 0.913577 0.328072 -0.513854 0.167012 -0.841463
-0.544436 -1.860212 2.969673 12.107490 -0.529758 -0.261540 0.806817 0.198274 0.886720 0.417629 -0.824648 0.381213 -0.417891
-0.694358 -2.119811 2.684906 6.046011 -0.538393 -0.302394 0.786569 0.122988 0.895208 0.428343 -0.833671 0.327355 -0.444783
-0.555549 -1.939335 6.804009 7.933381 -0.497100 -0.201027 0.844085 0.216098 0.913458 0.344814 -0.840353 0.353812 -0.410639
-0.555405 -3.050880 -9.819217 -20.430386 0.805667 0.125815 -0.578853 -0.311720 0.920990 -0.233683 0.503717 0.368710 0.781231
-0.632455 -3.221641 -17.822263 -24.185568 0.783980 0.145168 -0.603574 -0.310789 0.933438 -0.179177 0.537388 0.328056 0.776913
-0.218445 -3.841021 14.532632 -34.832764 0.830657 -0.042613 -0.555151 -0.225010 0.886330 -0.404709 0.509293 0.461089 0.726648
3.028360 -5.402397 52.008583 -40.279900 0.736402 -0.029627 -0.675895 0.200352 0.963778 0.176041 0.646197 -0.265054 0.715664
2.814416 -5.286839 44.735909 -25.663434 0.751760 -0.130272 -0.646441 0.138675 0.989603 -0.038159 0.644691 -0.060958 0.762009
3.784942 -6.119706 61.603895 -34.756356 0.802264 -0.173680 -0.571146 0.132454 0.984683 -0.113381 0.582090 0.015311 0.812980
-2.344816 -4.622958 13.937888 5.157558 0.758125 0.183708 -0.625698 -0.432692 -0.576140 -0.693427 0.487878 -0.796439 0.357297
-2.524926 -4.549226 12.164953 8.754742 0.738379 0.152246 -0.656977 -0.530049 -0.471286 -0.704938 0.416947 -0.868741 0.267290
0.556773 -110.172145 111.604177 3905.400512 0.740237 -0.652597 0.161762 0.447192 0.298225 -0.843256 -0.502065 -0.696548 -0.512593
46.256800 -4.627505 -1210.619831 22.253010 -0.676816 -0.453245 -0.580077 -0.500588 0.861122 -0.088770 0.539752 0.230299 -0.809710
26.347878 -3.164898 -678.644024 25.628779 -0.417523 -0.500407 -0.758464 -0.631340 0.760076 -0.153927 0.653517 0.414580 -0.633277
8.932223 -3.390658 -349.706535 -4.529370 -0.452469 -0.461275 -0.763215 -0.685800 0.727048 -0.032842 0.570044 0.508553 -0.645309
0.453009 -5.872049 4.034831 8.243750 0.793760 -0.165245 -0.585354 0.539001 -0.254812 0.802838 0.281820 0.952767 0.113192
0.490764 -5.442687 1.763790 14.810299 0.803092 -0.155380 -0.575239 0.458864 -0.454586 0.763411 0.380114 0.877046 0.293776
0.517795 -5.685480 1.678338 8.920223 0.789746 -0.143451 -0.596425 0.556692 -0.240802 0.795052 0.257672 0.959915 0.110314
1.239017 -11.267441 -1.066520 8.388653 0.944732 -0.220721 -0.242413 0.323704 0.510876 0.796380 0.051935 0.830835 -0.554089
