13501
26985
-6.654209 -8.439265 43.456842 123.372106 -0.234077 0.964347 -0.123464 -0.534358 -0.233704 -0.812308 0.812201 0.124169 -0.570011
-8.153272 -10.365341 23.897988 135.621459 -0.042484 0.967484 0.249338 -0.479743 0.199155 -0.854508 0.876380 0.155921 -0.455682
-6.878265 -11.056779 -57.851776 290.797127 0.208467 0.879602 0.427600 -0.529074 0.469134 -0.707102 0.822570 0.078824 -0.563174
-6.635767 -8.972741 20.808891 92.394980 -0.394056 0.887456 -0.239045 -0.404785 -0.401084 -0.821755 0.825148 0.227056 -0.517278
-5.857629 -7.138599 -42.231213 134.922753 -0.099066 0.994675 -0.028425 -0.657412 -0.086866 -0.748508 0.746991 0.055465 -0.662517
-5.220113 -7.687711 1.415706 92.820166 -0.463603 0.798713 -0.383575 -0.428878 -0.581099 -0.691656 0.775329 0.156147 -0.611950
-5.261326 -9.510700 -57.578122 -46.964045 0.800267 -0.420181 0.427810 -0.191299 0.497267 0.846245 0.568312 0.759061 -0.317566
-6.024641 -10.201987 -55.879471 -63.613415 0.774200 -0.516610 0.365689 -0.182749 0.370704 0.910594 0.605984 0.771811 -0.192589
-5.967818 -9.565856 -64.676281 -37.604728 0.756275 -0.517263 0.400609 -0.139091 0.471202 0.870989 0.639298 0.714429 -0.284412
0.884292 -8.206010 -106.471727 -8.968906 -0.426999 0.779525 0.458271 0.254932 -0.382461 0.888107 -0.867572 -0.496048 0.035415
0.869291 -7.954652 -80.483355 -24.178654 -0.422845 0.797984 0.429445 0.136051 -0.412623 0.900685 -0.895931 -0.439276 -0.065909
2.457739 -7.716881 -95.187637 -0.306985 -0.422951 0.837965 0.344859 0.237968 -0.264502 0.934564 -0.874348 -0.477340 0.087538
3.546019 -7.908092 -103.654958 22.472024 -0.421769 0.845724 0.326898 0.382267 -0.161067 0.909906 -0.822182 -0.508733 0.255359
1.560165 -8.191521 -167.830861 21.433428 -0.458854 0.777134 0.430716 0.376489 -0.269034 0.886497 -0.804804 -0.568932 0.169135
3.847491 -7.636101 -38.824494 -6.521492 -0.382175 0.882085 0.275441 0.267199 -0.179853 0.946709 -0.884617 -0.435406 0.166957
3.173246 -7.489711 -59.802053 5.010932 -0.393788 0.877630 0.273308 0.178289 -0.218761 0.959352 -0.901745 -0.426509 0.070327
-1.718266 -6.733032 68.000531 -43.203721 0.064168 0.997094 -0.041060 -0.612941 0.006910 -0.790098 0.787518 -0.075866 -0.611604
-1.660937 -5.400794 25.917017 -143.014241 0.048787 0.990084 -0.131729 -0.463582 -0.094374 -0.881014 0.884710 -0.104049 -0.454381
-2.236020 -6.690192 1.992299 -40.610553 0.089233 0.989786 -0.111177 -0.622253 -0.031758 -0.782172 0.777714 -0.138976 -0.613064
-2.232422 -6.834032 55.374238 62.298831 0.094006 0.994886 -0.036931 -0.732602 0.044009 -0.679233 0.674135 -0.090907 -0.732993
-2.423710 -6.524582 -22.813105 54.264114 0.168063 0.983518 -0.066694 -0.729990 0.078702 -0.678911 0.662472 -0.162785 -0.731185
0.392648 -11.535524 -18.893198 57.531111 -0.165362 0.984441 0.059418 0.435561 0.018845 0.899962 -0.884840 -0.174700 0.431901
0.132184 -11.811542 -15.286264 9.352063 -0.166657 0.984977 0.045226 0.207476 -0.009810 0.978191 -0.963939 -0.172406 0.202725
0.534070 -11.761629 -6.629638 60.944420 -0.153603 0.987392 0.038253 0.356750 0.019313 0.934000 -0.921486 -0.157112 0.355219
0.382809 -11.916822 -0.166283 14.650123 -0.145232 0.989206 0.019479 0.148892 0.002388 0.988851 -0.978130 -0.146513 0.147632
0.743062 -11.354382 -15.355475 35.244007 -0.163712 0.985129 0.052149 0.521697 0.041590 0.852116 -0.837276 -0.166707 0.520748
0.733907 -11.517834 -13.397144 103.917212 -0.160021 0.986834 0.023493 0.316604 0.028768 0.948122 -0.934963 -0.159158 0.317039
0.822257 -11.227058 -13.691153 110.846870 -0.164881 0.985706 0.034625 0.461882 0.046146 0.885740 -0.871481 -0.162034 0.462888
2.644707 -18.176134 -25.962783 255.575404 0.416367 0.909151 -0.009104 -0.777565 0.350879 -0.521802 0.471202 -0.224340 -0.853018
3.212844 -20.286203 -51.611181 329.580434 0.405858 0.913369 -0.032173 -0.704403 0.290186 -0.647773 0.582320 -0.285567 -0.761154
2.753445 -18.764881 9.224695 237.998664 0.363335 0.931628 -0.007558 -0.776274 0.298241 -0.555384 0.515157 -0.207657 -0.831560
2.123166 -15.153070 -7.702309 196.396546 0.401584 0.915798 0.006658 -0.851900 0.376213 -0.364322 0.336150 -0.140634 -0.931249
-0.703120 -7.126218 -4.959141 31.464316 0.163697 0.986440 0.011823 0.707143 -0.108975 -0.698622 0.687860 -0.122723 0.715393
-0.499349 -8.164558 -9.372077 131.809096 0.174406 0.984672 0.001926 0.772399 -0.135594 -0.620495 0.610723 -0.109705 0.784208
-0.759437 -6.394527 -4.600011 39.573366 0.194496 0.980903 -0.000531 0.703662 -0.139901 -0.696626 0.683396 -0.135118 0.717435
-0.833128 -6.639050 11.511799 -141.378116 0.111389 0.991613 0.065539 0.689991 -0.029708 -0.723208 0.715196 -0.125779 0.687513
-0.444295 -6.175500 15.034952 5.389646 -0.096692 0.994911 0.028323 -0.959705 -0.100738 0.262332 -0.263850 0.001816 -0.964562
-0.410496 -5.949359 10.628183 74.365280 -0.079451 0.996712 0.015871 -0.969235 -0.080962 0.232439 -0.232959 -0.003085 -0.972482
-0.556521 -6.133037 5.504467 1.799499 -0.111081 0.993777 0.008228 -0.955575 -0.109078 0.273823 -0.273017 -0.022554 -0.961745
-0.316005 -5.948353 40.847378 60.714512 -0.097127 0.994437 0.040760 -0.971657 -0.103611 0.212481 -0.215522 0.018967 -0.976315
-0.290338 -6.246134 25.804846 40.308788 -0.099915 0.994072 0.042859 -0.973162 -0.106606 0.203938 -0.207298 0.021332 -0.978045
-0.506860 -5.999988 -9.149025 -1.097214 -0.094871 0.995078 0.028635 -0.956935 -0.099087 0.272867 -0.274362 0.001515 -0.961625
-1.449687 -3.390417 -20.385959 61.372913 0.038454 0.997269 -0.063050 -0.368692 -0.044485 -0.928487 0.928756 -0.058950 -0.365975
-1.439167 -3.109163 -13.276311 -22.433300 0.004032 0.992257 -0.124139 -0.396081 -0.112402 -0.911310 0.918207 -0.052843 -0.392561
-1.754205 -3.288697 -2.458591 25.323563 0.000164 0.999786 -0.020684 -0.380459 -0.019066 -0.924601 0.924798 -0.008021 -0.380374
-1.747382 -3.626239 -2.812166 69.185079 0.033029 0.989701 0.139288 -0.329190 0.142360 -0.933471 0.943686 0.015021 -0.330502
-1.648141 -3.640945 -1.763469 71.117753 0.050384 0.994823 0.088258 -0.334472 0.100075 -0.937077 0.941058 -0.017694 -0.337782
-1.906701 -3.001503 0.187101 18.271405 -0.051313 0.997930 -0.038758 -0.375206 -0.055230 -0.925295 0.925520 0.032938 -0.377263
-1.940869 -5.855523 -107.189912 -59.608033 0.095574 0.956774 -0.274681 0.979518 -0.041266 0.197081 0.177227 -0.287891 -0.941121
-3.788900 -7.190372 -2.660890 99.206307 -0.195648 0.933263 -0.301235 -0.940136 -0.265897 -0.213176 0.279046 -0.241494 -0.929416
-1.950479 -6.469151 -216.045549 -60.800876 0.183871 0.939149 -0.290157 0.945313 -0.088049 0.314054 0.269396 -0.332035 -0.903979
0.036384 -5.772401 -188.087778 -36.622439 0.266411 0.923243 -0.276853 0.937178 -0.181005 0.298219 0.225217 -0.338909 -0.913465
-0.083044 -6.761128 -8.435795 -30.697027 -0.186063 0.982154 0.027458 -0.979834 -0.183407 -0.079297 0.072846 0.041659 -0.996473
-0.236673 -7.443887 27.048289 49.759397 -0.204636 0.977720 0.046770 -0.972477 -0.197636 -0.123401 0.111408 0.070735 -0.991254
-0.171106 -6.550518 -0.183553 -37.358604 -0.181887 0.983092 0.021149 -0.981942 -0.180451 -0.056813 0.052036 0.031100 -0.998161
-0.127396 -7.673823 -5.268149 26.597965 -0.209841 0.977393 0.025884 -0.966397 -0.203315 -0.157288 0.148470 0.058020 -0.987213
-0.156876 -7.315858 -16.116747 11.165491 -0.182732 0.982707 0.029928 -0.980622 -0.179988 -0.077356 0.070632 0.043483 -0.996554
-0.915130 -26.542705 -29.542400 55.402203 -0.191044 0.915277 0.354641 0.083370 -0.344860 0.934944 -0.978035 -0.208182 0.010423
-1.050614 -35.990738 3.658623 -652.943714 -0.151533 0.900170 0.408328 0.322294 -0.345526 0.881328 -0.934432 -0.265152 0.237761
-1.372680 -31.070534 -21.440811 -352.901192 -0.166530 0.893206 0.417673 0.405702 -0.324005 0.854650 -0.898707 -0.311775 0.308419
-0.461097 -2.307974 -12.101588 26.316398 -0.363849 -0.593725 -0.717708 -0.736522 0.655082 -0.168531 0.570219 0.467288 -0.675642
0.519567 -1.953716 92.406155 -5.701362 -0.697095 -0.194217 -0.690173 -0.464050 0.856011 0.227820 0.546549 0.479087 -0.686847
0.827075 -2.221879 69.249726 1.052842 -0.609013 -0.342481 -0.715409 -0.595012 0.793688 0.126567 0.524465 0.502758 -0.687147
0.882766 -56.466851 11.596389 972.979035 -0.102072 0.937368 0.333049 -0.918533 0.039734 -0.393343 0.381941 0.346066 -0.856948
0.626929 -49.221799 -7.584954 -476.562394 -0.103409 0.942166 0.318796 -0.647459 0.179547 -0.740648 0.755052 0.282997 -0.591447
0.955865 -53.059193 -3.969265 -162.325341 -0.114185 0.936684 0.331037 -0.689412 0.165214 -0.705277 0.715314 0.308753 -0.626896
0.785095 -91.510855 -102.499293 -3858.336909 -0.050579 0.954604 0.293553 0.997804 0.060889 -0.026081 -0.042771 0.291589 -0.955587
1.379340 -49.498447 -39.181090 -1150.555841 -0.135535 0.951959 0.274597 0.990205 0.139528 0.005033 -0.033523 0.272590 -0.961546
1.689666 -86.769436 160.164620 3774.452794 -0.574659 0.811916 0.102759 -0.695921 -0.418722 -0.583409 0.430652 0.406773 -0.805652
-3.451111 -83.192013 267.003484 -3413.598596 -0.631076 0.768172 0.107960 0.654440 0.452508 0.605760 0.416475 0.452934 -0.788289
-1.830143 -33.646110 130.309888 -1039.177228 -0.582450 0.804975 0.112990 0.775974 0.509217 0.372240 0.242107 0.304488 -0.921233
1.391726 -5.664199 81.426750 -17.165657 -0.224404 0.958048 -0.178286 -0.716910 -0.286222 -0.635702 0.660063 0.014839 -0.751064
0.442548 -5.744336 70.231369 -5.151450 -0.284676 0.936470 -0.204899 -0.685041 -0.348249 -0.639876 0.670580 0.041793 -0.740659
-0.126568 -5.595651 39.108217 9.537827 -0.285708 0.929677 -0.232532 -0.747726 -0.368029 -0.552685 0.599397 -0.015963 -0.800293
2.735313 -2.957837 -2.318945 10.035530 0.431677 0.863715 0.260097 -0.701523 0.502722 -0.505110 0.567028 -0.035581 -0.822930
2.649056 -2.907546 -56.514820 23.136822 0.464829 0.861776 0.203165 -0.730529 0.502937 -0.461932 0.500261 -0.066302 -0.863332
2.029804 -3.292938 -65.664302 14.459875 0.462845 0.871765 0.160626 -0.706416 0.472205 -0.527257 0.535492 -0.130569 -0.834386
2.546653 -3.105688 -5.316642 4.134837 0.403066 0.891231 0.207955 -0.690085 0.445231 -0.570572 0.601099 -0.086472 -0.794482
-1.199263 -8.401762 6.616980 11.566202 -0.070983 0.988147 -0.136112 0.995598 0.061812 -0.070462 -0.061213 -0.140514 -0.988185
-0.916798 -7.344270 -1.025819 16.827407 -0.100915 0.986666 -0.127693 -0.970352 -0.069279 0.231555 -0.219621 -0.147274 -0.964405
-0.902984 -7.190011 8.566533 48.708642 -0.089830 0.990464 -0.104464 0.993556 0.081839 -0.078420 -0.069123 -0.110835 -0.991432
-0.963012 -8.036620 8.737114 -35.074114 -0.062680 0.993583 -0.094148 0.997877 0.060717 -0.023570 -0.017703 -0.095426 -0.995279
-1.131104 -8.406341 3.732729 -27.709718 -0.034489 0.991615 -0.124542 0.999325 0.032637 -0.016879 -0.012673 -0.125040 -0.992071
-0.827820 -6.842518 11.865539 -32.725567 -0.111340 0.991010 -0.074175 -0.989970 -0.104072 0.095545 -0.086966 -0.084069 -0.992658
-2.456031 -8.020496 7.560217 -180.229813 0.997399 0.072083 0.000143 0.001807 -0.023020 -0.999733 0.072060 -0.997133 0.023090
-2.685868 -9.825400 17.434795 -238.724075 0.985181 0.022253 -0.170066 -0.168082 -0.072142 -0.983130 0.034146 -0.997146 0.067333
-7.183227 -61.077733 -39.896754 -2870.802630 0.967790 0.085006 -0.236975 -0.237693 -0.001713 -0.971339 0.082975 -0.996379 -0.018548
-9.536860 -25.402199 -293.536189 -1030.996363 0.976391 0.096023 0.193495 0.187943 0.063920 -0.980098 0.106480 -0.993325 -0.044364
-5.118339 -36.290265 151.467066 1202.446651 0.927273 0.103452 -0.359810 -0.319538 -0.282120 -0.904601 0.195093 -0.953785 0.228546
-10.234763 -41.371892 228.400339 1680.749154 0.955325 -0.000602 -0.295558 -0.294284 -0.094710 -0.951014 0.027420 -0.995505 0.090656
-3.854247 -24.537210 108.541688 193.420980 0.862442 0.034278 -0.504994 -0.501922 -0.070852 -0.862006 0.065327 -0.996898 0.043901
3.222538 -6.887647 -156.150493 24.088451 0.274449 -0.269385 0.923098 -0.353242 0.864598 0.357337 -0.894370 -0.424148 0.142130
3.760467 -6.731415 -119.874448 14.554115 0.301404 -0.156260 0.940605 -0.331737 0.907665 0.257089 -0.893927 -0.389521 0.221737
5.095786 -6.953672 -21.015965 -3.278108 0.350339 -0.069474 0.934043 -0.462620 0.854275 0.237060 -0.814399 -0.515158 0.267146
6.257650 -6.932462 -270.064400 -2.791540 0.225131 -0.280397 0.933110 -0.502493 0.787091 0.357755 -0.834755 -0.549423 0.036301
-4.821474 -9.797424 14.818233 -96.909664 0.469489 -0.744505 -0.474650 0.866456 0.491877 0.085508 0.169808 -0.451408 0.876011
-5.091569 -9.796784 -27.491117 -29.915892 0.423281 -0.824110 -0.376398 0.899039 0.433460 0.061975 0.112079 -0.364629 0.924383
-5.304788 -8.276613 6.280837 -177.457274 0.539140 -0.738846 -0.404271 0.842096 0.480994 0.243965 0.014200 -0.471966 0.881502
-5.530977 -7.579527 -12.830116 299.906989 0.782836 -0.499646 -0.370838 -0.622226 -0.627330 -0.468286 -0.001339 -0.597336 0.801990
-4.876347 -9.073489 -42.649986 29.276014 0.953666 -0.256868 0.156653 -0.264282 -0.466348 0.844200 0.143793 0.846486 0.512626
-5.159540 -9.396060 -60.882416 33.524534 0.942566 -0.309025 0.126779 -0.268289 -0.474329 0.838470 0.198974 0.824327 0.529995
-4.976686 -9.550901 -64.468890 53.690444 0.936524 -0.289696 0.197480 -0.297276 -0.357520 0.885328 0.185873 0.887838 0.420946
-4.496399 -9.277588 -19.832078 48.621192 0.929644 -0.270155 0.250555 -0.335956 -0.342237 0.877501 0.151312 0.899939 0.408919
-4.802832 -10.047881 -37.053954 43.293635 0.903709 -0.313675 0.291408 -0.352781 -0.159877 0.921946 0.242602 0.935974 0.255141
-1.229467 -5.578134 20.029153 -87.835434 0.126862 0.976874 0.172113 0.709498 0.031894 -0.703986 0.693195 -0.211423 0.689044
-2.503452 -7.339561 51.676922 -138.306644 -0.046593 0.928064 0.369495 0.620145 0.316856 -0.717651 0.783103 -0.195703 0.590297
-1.693144 -7.932304 45.587755 -168.389778 -0.095356 0.914206 0.393871 0.656034 0.355305 -0.665866 0.748683 -0.194899 0.633631
-1.836344 -9.536056 39.528424 -103.943552 -0.165361 0.862715 0.477890 0.522609 0.487587 -0.699385 0.836383 -0.134099 0.531490
-0.880205 -7.065819 25.841060 -154.477968 -0.028900 0.948626 0.315078 0.737623 0.232967 -0.633750 0.674595 -0.214093 0.706460
-1.030508 -9.723840 30.439925 -152.838720 -0.174411 0.878940 0.443897 0.604289 0.451473 -0.656511 0.777442 -0.153739 0.609876
1.368707 -26.555752 -305.479249 -416.332311 0.530997 -0.840445 0.108141 0.815146 0.471765 -0.336119 0.231472 0.266629 0.935591
21.610391 -9.959468 -1270.073880 223.652356 -0.537487 -0.843120 -0.016037 0.842173 -0.535718 -0.061243 0.043044 -0.046423 0.997994
0.709243 -77.657121 673.484886 -4081.015348 0.816969 -0.575840 -0.031156 0.573799 0.817093 -0.055799 0.057589 0.027709 0.997956
-15.403540 -78.200531 810.598541 -2980.967583 0.884510 -0.430881 -0.178840 0.335349 0.853736 -0.398340 0.324319 0.292362 0.899634
-0.505013 -6.879647 23.455460 -25.964458 0.050067 0.994212 0.095058 0.747942 0.025750 -0.663265 0.661873 -0.104306 0.742323
-0.747432 -7.013945 -3.556658 89.580590 0.056602 0.990275 0.127090 0.777064 0.036230 -0.628378 0.626872 -0.134325 0.767456
-0.747607 -7.197167 3.598540 -52.622806 0.079190 0.990446 0.112895 0.756733 0.013993 -0.653574 0.648910 -0.137188 0.748395
-0.953765 -7.463372 -10.658911 22.947717 0.079671 0.988284 0.130178 0.786079 0.018016 -0.617864 0.612971 -0.151556 0.775434
-1.080948 -8.146471 4.229447 -71.294157 0.137821 0.987720 0.073587 0.725339 -0.050059 -0.686569 0.674454 -0.147999 0.723331
-1.308763 -7.393358 -89.261118 -117.419211 0.165485 0.979873 0.111644 0.699501 -0.036820 -0.713683 0.695208 -0.196199 0.691515
0.993207 -7.093192 -47.795418 57.777978 0.019229 0.977598 -0.209600 0.996969 -0.002942 0.077744 0.075385 -0.210460 -0.974692
0.423571 -7.498164 -32.344548 40.368184 0.062167 0.978191 -0.198186 0.997989 -0.063380 0.000223 -0.012343 -0.197801 -0.980164
0.677460 -6.985355 -38.840470 54.711356 0.027817 0.977658 -0.208354 0.992305 -0.001850 0.123803 0.120652 -0.210194 -0.970186
-0.043583 -7.485327 -10.346254 48.296220 0.076734 0.979228 -0.187682 0.995543 -0.064897 0.068432 0.054831 -0.192096 -0.979843
1.074830 -6.288628 -68.924975 29.977026 -0.019221 0.974626 -0.223014 0.980722 0.061762 0.185389 0.194459 -0.215152 -0.957024
0.232281 -6.942046 -15.080009 61.849977 0.032976 0.978948 -0.201428 0.980944 0.006909 0.194168 0.191472 -0.203993 -0.960065
0.830770 -6.276683 -32.697080 -35.074208 -0.017942 0.977014 -0.212421 -0.973820 -0.065228 -0.217759 0.226610 -0.202953 -0.952606
-0.312107 -8.489733 -6.779804 -28.952206 0.161129 0.984001 -0.076029 -0.971243 0.171778 0.164863 -0.175286 -0.047278 -0.983382
0.032302 -9.266095 -6.004049 -66.629893 0.113382 0.991584 -0.062489 -0.949266 0.126682 0.287829 -0.293323 -0.026684 -0.955641
-0.044201 -8.353313 24.142166 -37.412452 0.121577 0.991371 -0.049010 -0.967912 0.129351 0.215442 -0.219922 -0.021244 -0.975286
0.699679 -23.759036 9.663752 -89.534339 0.138347 0.981313 -0.133731 -0.930099 0.175127 0.322871 -0.340258 -0.079715 -0.936947
0.630037 -21.898582 33.650584 192.539163 0.158197 0.980780 -0.114210 0.985110 -0.164656 -0.049468 -0.067323 -0.104684 -0.992224
0.445866 -22.178979 -8.269632 243.532775 0.159881 0.976164 -0.146771 0.983175 -0.170776 -0.064822 -0.088342 -0.133938 -0.987044
2.046068 -10.656997 14.708504 117.128747 0.341657 0.939424 -0.027421 -0.743758 0.252429 -0.618954 0.574538 -0.231865 -0.784949
2.163068 -15.134195 31.004573 305.184673 0.321788 0.944495 -0.066201 -0.659644 0.173483 -0.731282 0.679208 -0.278987 -0.678854
1.403392 -11.316958 31.765734 227.456622 0.315982 0.948569 -0.019292 -0.713968 0.224344 -0.663264 0.624823 -0.223354 -0.748137
2.493012 -12.856162 10.833289 201.170878 0.353316 0.930699 -0.094697 -0.712742 0.202236 -0.671639 0.605943 -0.304795 -0.734801
1.535799 -9.062620 23.395165 37.569312 0.345329 0.938442 0.008637 -0.729247 0.274120 -0.626943 0.590717 -0.210203 -0.779017
1.443270 -8.625140 28.808603 -77.597380 0.372407 0.926578 0.052596 -0.752332 0.334588 -0.567493 0.543424 -0.171769 -0.821697
2.198089 -8.979443 30.400762 31.792023 0.371279 0.927867 0.034846 -0.809410 0.341812 -0.477515 0.454981 -0.149086 -0.877932
2.558139 -9.594777 -7.990425 114.295196 0.391376 0.917301 -0.073372 -0.807364 0.304021 -0.505701 0.441574 -0.257157 -0.859583
-0.797603 -7.937250 4.951348 -22.327757 0.044804 -0.975524 -0.215279 0.998824 0.039748 0.027760 -0.018524 -0.216269 0.976158
-0.395440 -7.650265 13.188750 8.415830 0.028723 -0.973563 -0.226603 0.996118 0.009006 0.087571 -0.083215 -0.228239 0.970042
-0.245634 -7.520663 34.438863 7.419488 0.066077 -0.967440 -0.244321 0.996869 0.074664 -0.026042 0.043436 -0.241836 0.969345
-0.799453 -7.717838 19.885588 15.482104 0.081380 -0.970281 -0.227888 0.988873 0.107171 -0.103170 0.124527 -0.216957 0.968206
-0.559863 -7.240591 49.416860 39.716638 0.096365 -0.963061 -0.251450 0.974813 0.142364 -0.171673 0.201129 -0.228574 0.952524
0.812334 -9.165563 -43.105164 -148.475491 0.490027 0.850936 -0.189159 0.810714 -0.365137 0.457621 0.320337 -0.377601 -0.868793
0.542615 -7.976825 -49.359809 4.836355 0.449601 0.872214 -0.192619 0.860640 -0.365286 0.354775 0.239079 -0.325283 -0.914895
-0.435144 -7.168489 -71.252988 -126.274748 0.536571 0.823281 -0.185204 0.810289 -0.441381 0.385505 0.235633 -0.356919 -0.903928
1.517177 -8.695710 -12.176479 -2.073471 0.426229 0.887650 -0.174371 0.862361 -0.340477 0.374711 0.273243 -0.310084 -0.910597
-0.047879 -10.290246 -112.805879 -290.795959 0.552417 0.799881 -0.234577 0.783724 -0.402542 0.473007 0.283923 -0.445140 -0.849257
1.919094 -8.634310 -0.686070 63.923208 0.448498 0.882665 -0.140541 -0.817359 0.341426 -0.464061 0.361626 -0.323003 -0.874583
1.899414 -10.997232 -5.161504 204.249013 0.467208 0.870007 -0.157493 -0.759815 0.304000 -0.574687 0.452104 -0.388164 -0.803076
1.011142 -14.330103 -109.263126 -292.838842 0.520136 0.817001 -0.248935 0.732901 -0.277301 0.621257 0.438538 -0.505583 -0.743015
0.829049 -14.572413 37.747534 -2.616877 0.148051 0.988793 -0.019237 -0.527798 0.062547 -0.847064 0.836367 -0.135562 -0.531143
1.337353 -14.778928 64.313043 -79.689606 0.152708 0.988204 0.011579 -0.343416 0.064048 -0.936997 0.926685 -0.139110 -0.349145
1.025552 -14.995098 42.484329 -49.924088 0.156117 0.987638 -0.014064 -0.341405 0.040594 -0.939039 0.926860 -0.151401 -0.343522
0.187280 -15.905879 -6.436415 -17.042004 0.170647 0.982431 -0.075558 -0.474540 0.014738 -0.880111 0.863535 -0.186043 -0.468717
0.772841 -15.035367 5.395684 -25.933264 0.167907 0.983173 -0.071962 -0.514378 0.025104 -0.857196 0.840965 -0.180945 -0.509937
31.313194 -65.596009 -1405.793336 -3965.014990 0.360854 0.757968 -0.543387 -0.370255 -0.418329 -0.829405 0.855976 -0.500486 -0.129686
4.784334 -6.115157 430.874915 -161.635381 0.065068 0.169209 -0.983430 0.410689 0.893643 0.180933 0.909451 -0.415657 -0.011344
1.982386 -6.206116 257.881105 -113.052079 0.153529 0.577426 -0.801878 0.322593 0.737748 0.593010 0.934004 -0.349725 -0.073008
11.475726 -2.628438 959.956703 -179.230167 -0.022645 0.482041 -0.875856 0.419739 0.799711 0.429281 0.907362 -0.357910 -0.220441
0.686393 -22.432486 8.575165 69.229278 0.020838 0.994087 -0.106565 -0.857566 0.072565 0.509230 -0.513952 -0.080775 -0.854007
0.099883 -26.532337 90.874488 316.350549 0.054505 0.995418 -0.078569 -0.843079 0.088039 0.530535 -0.535021 -0.037323 -0.844014
1.055306 -24.056830 28.845564 92.336042 0.006044 0.995495 -0.094620 -0.663729 0.074767 0.744227 -0.747949 -0.058304 -0.661191
1.139125 -20.734312 -44.651797 -32.393164 -0.062435 0.989945 -0.126929 -0.697090 0.047761 0.715391 -0.714260 -0.133146 -0.687098
0.644917 -22.938590 94.263013 -42.695432 0.027525 0.996609 -0.077546 -0.405433 0.082038 0.910436 -0.913710 -0.006380 -0.406317
1.542004 -22.099920 -11.547564 2.734165 -0.052945 0.991646 -0.117625 -0.440335 0.082537 0.894032 -0.896271 -0.099129 -0.432286
0.108544 -3.783964 47.926829 -25.826468 0.421284 0.879633 -0.220828 0.637627 -0.460427 -0.617607 0.644943 -0.119382 0.754849
0.771031 -3.747674 76.535259 -29.715541 0.442837 0.860844 -0.250684 0.645331 -0.500124 -0.577429 0.622450 -0.093933 0.777002
-0.332014 -3.360732 53.035594 -37.062170 0.416855 0.881880 -0.220271 0.675941 -0.462766 -0.573543 0.607730 -0.090194 0.789005
-3.287527 -7.360205 214.932445 27.196388 0.030025 -0.371358 -0.928004 -0.241462 0.898231 -0.367256 0.969946 0.235105 -0.062699
-0.726215 -8.172631 197.783190 62.014540 0.043692 -0.421145 -0.905940 -0.125807 0.897268 -0.423181 0.991092 0.132463 -0.013779
-0.400414 -7.031755 155.107554 57.345231 0.032248 -0.437118 -0.898826 -0.259644 0.864755 -0.429864 0.965166 0.247237 -0.085608
-0.675815 -147.183945 54.637390 7033.916945 0.083748 0.946934 -0.310326 0.989240 -0.116496 -0.088508 -0.119963 -0.299574 -0.946501
-2.340854 -55.940173 -53.029679 -2440.176792 0.052505 0.952550 -0.299818 -0.921093 0.162180 0.353956 -0.385786 -0.257576 -0.885903
-3.391177 -51.822828 -118.598761 -2422.598609 0.050430 0.954565 -0.293706 -0.936329 0.147506 0.318637 -0.347483 -0.258937 -0.901225
-3.011755 -100.530216 -25.270110 -4588.797184 -0.015218 0.984823 -0.172893 -0.579402 0.132238 0.804243 -0.814900 -0.112414 -0.568596
-1.752967 -143.841692 15.902800 -6950.467611 0.093067 0.967038 -0.237016 -0.863152 0.197019 0.464921 -0.496293 -0.161311 -0.853037
-4.754360 -36.590391 -147.743210 2069.361868 0.059329 0.953868 -0.294307 0.969505 -0.125289 -0.210626 -0.237783 -0.272836 -0.932212
-1.775527 -64.063724 -263.902407 3910.041757 0.022091 0.940810 -0.338214 0.989953 -0.067844 -0.124060 -0.139663 -0.332076 -0.932856
-100.211890 -2155.543997 -6470.463038 -118623.368802 0.860139 -0.493271 -0.129787 -0.158628 -0.016862 -0.987194 -0.484766 -0.869712 0.092750
-16.446772 -380.111932 1129.354455 18649.409711 -0.737231 0.645211 0.200482 -0.209232 -0.500165 0.840272 -0.642427 -0.577527 -0.503736
-85.438457 -367.902174 -3363.485549 8740.292173 0.905385 -0.408032 -0.117422 0.351218 0.875117 -0.332889 -0.238588 -0.260152 -0.935626
1.433145 -4.186908 -8.256580 6.498733 0.187753 0.981667 0.032828 0.626660 -0.093984 -0.773605 0.756337 -0.165819 0.632817
1.336911 -4.400921 17.762218 13.010171 0.087723 0.993546 0.071912 0.654109 -0.003006 -0.756394 0.751296 -0.113391 0.650151
1.811832 -4.148381 32.251563 8.765382 0.121509 0.991824 0.038986 0.588603 -0.040372 -0.807414 0.799239 -0.121055 0.588696
2.066459 -4.179709 11.220330 4.849416 0.201240 0.979514 0.007334 0.545834 -0.105918 -0.831172 0.813368 -0.171269 0.555967
-0.533957 -3.191714 -116.298456 16.722419 0.181360 0.231497 0.955781 0.149625 0.954088 -0.259478 -0.971968 0.190068 0.138396
0.516346 -3.198011 -95.520824 -5.350919 0.189897 0.267994 0.944520 0.080068 0.954594 -0.286950 -0.978534 0.130117 0.159817
-2.008378 -3.700897 -91.686816 11.219114 0.209302 0.489847 0.846311 0.020215 0.863128 -0.504580 -0.977642 0.122717 0.170752
-3.424790 -4.626052 -55.671266 -92.086187 0.196044 0.910603 0.363825 0.136576 -0.392764 0.909441 -0.971037 0.128601 0.201366
-3.029569 -3.793545 -58.173977 -60.438713 0.254171 0.776680 0.576338 0.022231 -0.600442 0.799359 -0.966904 0.190362 0.169881
-2.831527 -4.826321 17.235039 -58.081900 0.200876 0.977425 -0.065486 0.523202 -0.050530 0.850709 -0.828196 0.205150 0.521541
-2.519001 -5.390689 20.393165 -56.232503 0.285370 0.958314 0.014075 0.548808 -0.175430 0.817333 -0.785731 0.225518 0.575993
-2.562213 -4.486304 16.494864 -65.144489 0.260560 0.964543 -0.042021 0.496954 -0.096677 0.862375 -0.827735 0.245583 0.504523
4.923093 -52.447594 -52.630557 -1803.509717 0.004584 0.984695 0.174227 0.535276 0.144750 -0.832182 0.844665 -0.097074 0.526420
4.579779 -47.195453 -51.423034 -988.385661 0.100848 0.977567 0.184911 0.383978 0.133215 -0.913682 0.917819 -0.163145 0.361929
4.317914 -39.849162 -55.089976 -839.046100 0.085552 0.978174 0.189357 0.734892 0.066380 -0.674928 0.672766 -0.196899 0.713173
-1.525278 -5.567064 -3.654678 103.829434 0.857331 -0.080078 -0.508498 -0.505656 0.053996 -0.861044 -0.096408 -0.995325 -0.005800
-1.473372 -6.378770 -41.613490 -70.059743 0.896541 -0.128097 -0.424035 -0.417503 0.075487 -0.905535 -0.148005 -0.988885 -0.014196
-2.217991 -7.919498 -15.568444 -298.545340 0.951093 -0.115677 -0.286428 -0.284689 0.031638 -0.958098 -0.119892 -0.992783 0.002841
-0.232621 -63.820757 69.742185 2382.773575 0.989815 -0.082325 0.116144 0.067840 -0.444488 -0.893212 -0.125158 -0.891994 0.434376
-1.171285 -62.423909 54.120177 2655.903752 0.986018 -0.069680 0.151372 0.135685 -0.191628 -0.972043 -0.096739 -0.978991 0.179494
2.565647 -68.910243 194.637356 3230.383993 0.998124 -0.032287 0.052013 0.046730 -0.147059 -0.988023 -0.039549 -0.988601 0.145274
-1.283548 -5.336857 8.423915 -23.168509 -0.076558 0.997065 0.000931 0.996655 0.076553 -0.028603 0.028590 0.001262 0.999590
-1.292173 -4.640384 30.733017 -36.911154 -0.105004 0.993985 -0.031116 0.993835 0.106005 0.032478 -0.035581 0.027514 0.998988
-1.559753 -5.169937 28.938729 11.775170 -0.221655 0.974776 -0.026093 0.973690 0.222701 0.048289 -0.052881 0.014703 0.998493
-1.385788 -5.579418 3.136742 25.574236 0.221150 -0.975069 -0.018222 0.974990 0.220632 0.026760 -0.022072 -0.023684 0.999476
-1.197999 -6.160228 -16.089416 5.970610 -0.091488 0.994906 0.042331 0.993001 0.094336 -0.071058 0.074689 -0.035534 0.996574
-1.009688 -5.781181 -2.315365 -37.342702 0.020441 0.999659 0.016241 0.992534 -0.018337 -0.120583 0.120245 -0.018585 0.992570
-7.833540 -11.948441 -4.985248 142.022240 0.072487 0.915878 0.394858 -0.332001 0.395480 -0.856371 0.940490 0.069017 -0.332739
-8.990493 -11.818167 69.541174 103.294376 -0.082867 0.953468 0.289883 -0.352077 0.244115 -0.903576 0.932296 0.176938 -0.315465
-7.072720 -10.661771 -9.232109 102.031350 -0.306952 0.946781 -0.096880 -0.328189 -0.200848 -0.923012 0.893349 0.251526 -0.372374
-5.283188 -9.937756 -64.702603 -60.323423 0.816556 -0.434442 0.380127 -0.240041 0.343329 0.908023 0.524992 0.832697 -0.176063
-5.847057 -10.587709 -51.714745 -33.741450 0.815487 -0.484469 0.316656 -0.270968 0.163870 0.948537 0.511427 0.859323 -0.002359
-4.806366 -9.818967 -56.774169 -62.746809 0.844395 -0.354988 0.401223 -0.264756 0.374567 0.888597 0.465726 0.856553 -0.222297
-5.159184 -10.190782 -54.641728 -43.915284 0.857044 -0.385427 0.341939 -0.281899 0.204746 0.937343 0.431288 0.899736 -0.066825
-7.044869 -11.105047 -43.807165 14.468996 0.786483 -0.597595 0.155966 -0.294172 -0.140420 0.945381 0.543054 0.789406 0.286234
-7.527936 -11.276276 -42.308410 -22.763507 0.719912 -0.683286 0.121848 -0.177721 -0.011772 0.984011 0.670927 0.730056 0.129909
-6.825134 -11.141787 -38.751680 -19.540704 0.779959 -0.595896 0.191240 -0.210614 0.037825 0.976837 0.589327 0.802170 0.096002
4.102970 -5.697153 -94.297603 -43.179098 -0.064699 0.936392 -0.344942 -0.463966 -0.334259 -0.820370 0.883487 -0.106964 -0.456080
3.282430 -5.613608 -131.931194 -21.560740 -0.039028 0.914579 -0.402520 -0.423135 -0.380054 -0.822506 0.905226 -0.138219 -0.401823
4.142727 -4.754034 -39.907883 -30.862526 -0.117906 0.923892 -0.364035 -0.390700 -0.380186 -0.838339 0.912936 -0.043384 -0.405791
2.531644 -6.384945 -164.210810 -38.034824 0.000328 0.926411 -0.376515 -0.509193 -0.323893 -0.797381 0.860653 -0.191980 -0.471615
4.528955 -5.268231 12.383228 -47.555948 -0.133402 0.952383 -0.274171 -0.467939 -0.304394 -0.829685 0.873634 -0.017613 -0.486264
4.160891 -6.133676 -84.234547 -47.294565 -0.048317 0.950155 -0.308012 -0.546556 -0.283259 -0.788061 0.836027 -0.130269 -0.532999
-0.512830 -8.290372 -74.947729 -24.911777 -0.397823 0.760152 0.513718 0.155881 -0.495790 0.854338 -0.904123 -0.419954 -0.078743
-0.453166 -7.829382 -59.470753 -16.596568 -0.399130 0.772483 0.493928 0.026659 -0.528692 0.848395 -0.916507 -0.351787 -0.190423
0.514034 -7.704524 -68.354328 -13.697686 -0.414683 0.796910 0.439287 0.021636 -0.473979 0.880270 -0.909709 -0.374538 -0.179309
-1.240854 -6.135814 63.268085 -130.457908 0.067483 0.997667 -0.010373 -0.492790 0.024289 -0.869809 0.867528 -0.063809 -0.493279
-0.706910 -4.314838 45.780415 -180.316797 0.075877 0.996629 -0.031195 -0.369663 -0.000939 -0.929165 0.926062 -0.082034 -0.368346
-0.992461 -2.697118 35.389370 -164.940991 0.017388 0.985074 -0.171251 -0.339748 -0.155265 -0.927612 0.940356 -0.074312 -0.331977
-0.133058 -11.235033 -18.725905 14.581352 -0.160737 0.984772 0.066237 0.286592 -0.017651 0.957890 -0.944473 -0.172952 0.279391
-0.220132 -11.275313 -17.941588 -13.796250 -0.167854 0.984845 0.043648 0.097525 -0.027470 0.994854 -0.980976 -0.171247 0.091436
-0.166062 -14.426878 39.543429 157.120011 0.217819 0.975244 0.038131 -0.929809 0.219230 -0.295625 0.296666 -0.028938 -0.954543
0.686399 -16.799487 52.992113 127.455420 0.216506 0.974585 0.057529 -0.829992 0.214770 -0.514769 0.514042 -0.063702 -0.855397
-0.292968 -14.857483 6.272875 62.339760 0.195394 0.980659 -0.011365 -0.889482 0.172322 -0.423234 0.413090 -0.092806 -0.905949
-1.053092 -13.376172 1.545153 151.508280 0.194266 0.980884 -0.011305 -0.965313 0.189108 -0.180026 0.174446 -0.045886 -0.983597
-0.798582 -13.340765 19.797103 207.911555 0.222341 0.974587 0.027288 -0.970806 0.223889 -0.086083 0.090005 0.007351 -0.995914
-0.959720 -5.121555 -8.915677 7.473343 0.207380 0.978198 0.011043 0.678047 -0.135592 -0.722404 0.705157 -0.157300 0.691383
-0.646044 -6.304957 3.452559 203.088851 0.231991 0.971308 -0.052356 0.683016 -0.200985 -0.702207 0.692582 -0.127145 0.710046
-0.617325 -4.899705 21.600360 167.241856 0.299413 0.947759 -0.110018 0.611661 -0.279161 -0.740230 0.732272 -0.154341 0.663292
-1.031466 -4.796939 -10.978368 -32.497585 0.220189 0.975189 0.022867 0.648005 -0.128711 -0.750682 0.729113 -0.180110 0.660268
-1.107192 -5.916082 -23.852530 -244.478987 0.154840 0.982931 0.099351 0.696665 -0.037331 -0.716425 0.700488 -0.180145 0.690554
-1.014258 -6.190212 -2.678859 -176.244908 0.146185 0.986711 0.070937 0.700736 -0.052667 -0.711474 0.698283 -0.153715 0.699123
-0.335664 -5.641706 12.240157 1.422055 -0.143009 0.989121 0.034478 -0.985223 -0.145590 0.090212 -0.094250 0.021067 -0.995326
-0.888430 -4.615419 -28.267756 -77.993228 0.048826 0.996205 -0.072058 -0.487904 -0.039162 -0.872018 0.871531 -0.077734 -0.484140
-1.340823 -3.662557 -18.591622 -71.420445 0.040587 0.996131 -0.077948 -0.431208 -0.052911 -0.900700 0.901339 -0.070169 -0.427392
-0.848041 -3.629934 -38.575964 -50.363080 0.096792 0.995099 -0.020221 -0.415993 0.021990 -0.909102 0.904202 -0.096405 -0.416082
-0.375829 -4.587948 -34.851199 -88.612802 0.112412 0.993628 0.008207 -0.453755 0.058679 -0.889192 0.884008 -0.096232 -0.457460
-0.237341 -5.691799 -30.892299 -71.103193 0.077837 0.995849 -0.047191 -0.560420 0.004557 -0.828196 0.824543 -0.090911 -0.558448
-0.723202 -5.727032 -23.461776 -56.724716 0.008043 0.993565 -0.112976 -0.581060 -0.087304 -0.809165 0.813821 -0.072154 -0.576619
-3.744120 -8.615814 92.732556 82.059891 -0.446824 0.851976 -0.272919 -0.834917 -0.506705 -0.214859 0.321344 -0.131860 -0.937737
-4.450382 -8.792616 90.673591 83.011260 -0.463142 0.826573 -0.319808 -0.790993 -0.548267 -0.271540 0.399787 -0.127205 -0.907738
-0.438191 -6.957801 11.707244 50.707871 -0.156785 0.987219 0.028576 -0.984432 -0.153884 -0.084937 0.079454 0.041448 -0.995976
-0.427004 -7.285630 31.354596 139.576220 -0.218440 0.974982 0.041165 -0.966390 -0.210270 -0.147907 0.135551 0.072090 -0.988144
-0.481471 -7.518692 70.461919 99.312459 -0.238621 0.967616 0.082332 -0.953720 -0.217530 -0.207602 0.182969 0.128060 -0.974743
-0.163161 -7.722249 17.029371 49.502002 -0.228631 0.972832 0.036399 -0.943748 -0.212311 -0.253504 0.238889 0.092311 -0.966649
-0.135806 -35.330681 -70.978070 459.268284 -0.062373 0.983852 0.167762 -0.946557 -0.111609 0.302612 -0.316449 0.139922 -0.938233
-0.147169 -30.370070 -9.075942 -215.695263 -0.034686 0.976198 0.214089 0.996393 0.050379 -0.068285 -0.077445 0.210949 -0.974424
0.334872 -37.255105 -47.281461 -139.058760 -0.025927 0.981715 0.188581 0.990441 -0.000339 0.137933 0.135475 0.190355 -0.972323
-0.693248 -26.816133 10.440415 419.535662 -0.029409 0.975525 0.217914 -0.913833 -0.114576 0.389591 -0.405023 0.187680 -0.894837
0.105656 -36.102106 -23.972473 334.397959 -0.091247 0.972793 0.212951 -0.952992 -0.147347 0.264755 -0.288929 0.178783 -0.940509
-0.565124 -31.162231 -36.116883 302.717391 -0.105043 0.969606 0.220977 -0.782534 -0.217714 0.583302 -0.613683 0.111650 -0.781618
-0.791894 -27.370804 -36.037800 467.325975 -0.057204 0.979361 0.193856 -0.813553 -0.158275 0.559536 -0.578671 0.125704 -0.805816
-0.371693 -27.567598 -33.402325 -206.498411 -0.197095 0.895846 0.398262 0.183143 -0.365435 0.912642 -0.963126 -0.252816 0.092042
-0.493332 -34.277458 -19.402953 -639.078403 -0.158255 0.882581 0.442727 0.455564 -0.332537 0.825760 -0.876023 -0.332371 0.349446
-0.617767 -28.410568 -12.090907 -58.849919 -0.181161 0.916432 0.356836 -0.003450 -0.363430 0.931615 -0.983447 -0.167541 -0.069001
-0.652038 -1.587546 77.848959 -10.980771 -0.715323 -0.133257 -0.685971 -0.396968 0.885364 0.241963 0.575091 0.445391 -0.686220
1.316124 -2.031776 128.655825 3.327245 -0.785467 0.025040 -0.618397 -0.269392 0.885729 0.378036 0.557198 0.463526 -0.688966
0.719427 -46.796754 11.161355 -1334.034484 -0.037525 0.942481 0.332147 -0.288913 0.307954 -0.906473 0.956620 0.129977 -0.260739
0.971932 -60.381372 6.762439 -1520.059528 -0.094038 0.934340 0.343752 -0.221315 0.317024 -0.922234 0.970658 0.162803 -0.176971
1.494826 -5.667992 126.067621 -6.080494 -0.268895 0.946705 -0.177325 -0.634941 -0.312670 -0.706461 0.724255 0.077373 -0.685178
0.157644 -5.652342 68.744879 -5.247697 -0.292976 0.930725 -0.218899 -0.624327 -0.359623 -0.693460 0.724141 0.066503 -0.686438
1.232048 -4.011335 -98.279281 18.682828 0.421253 0.903677 0.076900 -0.718870 0.384392 -0.579197 0.552966 -0.188708 -0.811553
-0.304658 -4.773952 -117.144895 51.128623 0.370024 0.928986 0.008207 -0.741069 0.300479 -0.600441 0.560267 -0.216095 -0.799627
1.293651 -4.216561 -79.392388 22.254110 0.353751 0.934756 0.033033 -0.712497 0.292184 -0.637947 0.605977 -0.202139 -0.769371
2.536704 -26.838519 -42.561904 -693.584596 -0.071635 0.996742 -0.037062 0.592311 0.012614 -0.805611 0.802519 0.079662 0.591285
2.459540 -18.904535 -26.383278 -181.695797 -0.079895 0.996309 0.031384 0.766246 0.081523 -0.637355 0.637561 0.026873 0.769931
3.085644 -31.091257 -11.257618 -1050.190397 -0.131843 0.990399 -0.041569 0.702287 0.063729 -0.709036 0.699579 0.122675 0.703946
4.152664 -54.569864 -1.303050 -2081.083268 -0.126394 0.988442 -0.083711 0.413449 -0.024216 -0.910205 0.901712 0.149655 0.405609
-14.884475 -189.463678 -638.226622 -7935.247207 0.888861 0.044567 -0.456004 -0.456029 -0.010210 -0.889906 0.044316 -0.998954 -0.011249
-2.001984 -7.411035 -47.495632 -151.654581 0.965010 -0.051873 -0.257032 -0.261487 -0.117415 -0.958039 -0.019517 -0.991727 0.126871
-3.540767 -15.427956 -73.958418 -627.966416 0.892295 -0.023906 -0.450819 -0.451366 -0.066865 -0.889830 0.008871 -0.997476 0.070454
-8.489220 -47.058382 150.581988 1916.491709 0.962496 0.030006 -0.269632 -0.236271 -0.395742 -0.887448 0.133334 -0.917871 0.373811
-16.548953 -61.066833 383.734499 2245.963165 0.981752 -0.046101 -0.184491 -0.188983 -0.344457 -0.919584 0.021156 -0.937669 0.346884
-21.768521 -54.158607 679.095332 1128.168992 0.926325 -0.105138 -0.361757 -0.367642 -0.042691 -0.928987 -0.082228 -0.993541 0.078198
-10.852526 -29.412204 353.622437 -613.138549 0.762502 -0.042709 -0.645574 -0.644833 0.031151 -0.763688 -0.052726 -0.998602 0.003787
-6.488082 -12.871139 -71.630383 179.915950 0.372563 -0.737578 -0.563184 0.832158 0.534136 -0.149038 0.410744 -0.413132 0.812780
-8.688435 -13.027326 -228.080406 31.483991 0.482019 -0.661067 -0.575020 0.833820 0.547663 0.069346 0.269075 -0.512889 0.815195
-10.339612 -15.612711 292.564748 -32.295379 -0.106673 0.880546 0.461801 0.845105 0.324993 -0.424472 0.523849 -0.344991 0.778822
-5.441182 -11.137976 42.532532 159.781862 -0.193170 0.851930 0.486724 0.831863 0.405251 -0.379178 0.520278 -0.331642 0.786971
-1.785859 -5.501834 -37.175530 -65.991265 0.246009 0.966693 0.070592 0.639315 -0.107091 -0.761451 0.728530 -0.232455 0.644367
-2.329042 -6.138988 -65.433985 -79.512189 0.201596 0.963179 0.177893 0.588782 0.025975 -0.807874 0.782748 -0.267604 0.561866
-3.658718 -8.209933 69.860476 -125.006962 -0.089888 0.878495 0.469220 0.513345 0.444590 -0.734041 0.853462 -0.174891 0.490934
-2.644346 -9.415919 65.744191 -87.555016 -0.188881 0.838879 0.510496 0.438151 0.537232 -0.720698 0.878833 -0.087548 0.469028
4.960312 -6.747142 379.486690 2.744621 0.557143 0.805019 0.203804 0.800904 -0.585756 0.124271 -0.219419 -0.093991 0.971093
4.495475 -2.703663 364.924688 43.804563 0.639149 0.718713 0.273752 0.703496 -0.690186 0.169519 -0.310775 -0.084235 0.946743
-0.638294 -7.211136 -23.986137 -61.809697 0.091322 0.992726 0.078454 0.598320 0.008279 -0.801215 0.796036 -0.120109 0.593211
-0.540679 -6.884166 -26.280490 -83.263520 0.085730 0.991458 0.098292 0.686360 0.012740 -0.727150 0.722191 -0.129802 0.679405
-0.974556 -8.110145 -6.769833 -62.228025 0.106731 0.992927 0.052005 0.532593 -0.012925 -0.846273 0.839615 -0.118021 0.530206
-0.435163 -6.896194 -3.555013 -108.982392 0.041547 0.994219 0.099012 0.698747 0.041920 -0.714140 0.714161 -0.098854 0.692966
-0.892421 -8.109436 -12.473089 47.701208 0.073453 0.995260 0.063734 0.460441 0.022844 -0.887396 0.884646 -0.094528 0.456581
-0.838603 -6.910983 -0.906724 -43.971902 0.019702 0.995154 0.096333 0.577603 0.067317 -0.813537 0.816080 -0.071671 0.573478
0.855867 -7.462836 -38.232069 40.101873 0.040451 0.979753 -0.196079 0.997134 -0.052139 -0.054816 -0.063929 -0.193300 -0.979055
0.200744 -7.898599 -22.947631 -4.239580 0.081137 0.978640 -0.188892 0.983327 -0.109541 -0.145149 -0.162740 -0.173966 -0.971211
-0.308504 -7.991426 -20.817279 6.174116 0.108440 0.974192 -0.197966 0.989826 -0.124265 -0.069308 -0.092120 -0.188436 -0.977755
-0.017582 -9.663895 -9.794704 -78.042437 0.141463 0.987618 -0.067819 -0.946378 0.155019 0.283440 -0.290444 -0.024086 -0.956589
0.551395 -19.049949 42.685133 -291.295041 0.168474 0.979210 -0.112975 -0.970966 0.145114 -0.190178 0.169830 -0.141735 -0.975228
0.343226 -19.771204 50.050413 -338.875976 0.160638 0.981879 -0.100548 -0.946002 0.124102 -0.299465 0.281560 -0.143224 -0.948795
1.895627 -17.931687 21.287530 249.889587 0.313590 0.945372 -0.089065 -0.439760 0.061459 -0.896010 0.841589 -0.320147 -0.435009
1.302432 -14.397448 44.624198 329.041262 0.270998 0.961688 -0.041425 -0.606920 0.137306 -0.782812 0.747133 -0.237282 -0.620878
2.743219 -17.898960 58.984534 305.196252 0.312626 0.944010 -0.105402 -0.575141 0.099812 -0.811942 0.755961 -0.314455 -0.574143
