13701
27390
-4.809711 -5.979544 -21.689568 97.414960 -0.533830 0.722866 0.438737 -0.283713 0.335661 -0.898242 0.796575 0.603984 -0.025901
-5.402391 -6.659492 34.179839 58.478630 -0.654269 0.740792 0.152182 -0.016263 0.187401 -0.982149 0.756087 0.645065 0.110563
-4.892963 -7.694861 -20.594596 92.397074 -0.550462 0.654535 0.518243 -0.192653 0.504412 -0.841697 0.812328 0.563163 0.151562
-3.905006 -5.279301 17.723021 34.173683 -0.573137 0.639717 -0.512130 0.321212 -0.399566 -0.858586 0.753882 0.656589 -0.023522
-3.231083 -7.269423 -74.401946 160.428015 -0.452802 0.752098 0.478872 -0.300212 0.377119 -0.876158 0.839549 0.540490 -0.055029
-3.601372 -4.727449 -25.367553 79.079059 -0.541446 0.824559 0.164131 -0.200300 0.063087 -0.977701 0.816527 0.562248 -0.131001
-3.402431 -4.532270 15.317111 39.476449 -0.565381 0.650567 -0.507057 0.222395 -0.471740 -0.853230 0.794283 0.595167 -0.122030
-1.179192 -4.205784 -29.151418 -3.165560 -0.498603 0.860949 0.100802 -0.811436 -0.422670 -0.403635 0.304903 0.283048 -0.909350
-1.103080 -4.106036 3.043902 4.825039 -0.480529 0.861290 0.165142 0.803878 0.357327 0.475497 0.350531 0.361243 -0.864078
-0.412737 -4.112792 -47.661836 -6.251895 -0.490322 0.867951 0.079031 -0.773477 -0.391570 -0.498403 0.401643 0.305507 -0.863336
-0.111637 -4.269251 -78.389529 -6.351382 -0.508653 0.860168 0.037195 -0.794863 -0.452557 -0.404210 0.330855 0.235168 -0.913910
0.650268 -3.196557 -10.270512 -15.512214 -0.643202 0.754180 0.132300 0.762510 0.646639 0.020904 -0.069785 0.114326 -0.990989
0.638889 -3.713247 -4.508965 -18.018435 -0.588576 0.791337 0.165418 0.807872 0.583395 0.083623 -0.030330 0.182855 -0.982672
0.846919 -3.132055 -0.581449 -13.765410 -0.613916 0.772165 0.163918 0.782524 0.622617 -0.002191 -0.103750 0.126925 -0.986472
0.242441 -5.308598 1.335394 5.159713 -0.599679 0.792012 0.114467 -0.634784 -0.557897 0.534603 -0.487272 -0.247928 -0.837315
0.424254 -5.102606 -3.101034 7.346122 -0.608797 0.784918 0.115198 -0.548910 -0.521606 0.653166 -0.572769 -0.334412 -0.748401
0.530138 -5.045408 3.144244 -7.674005 -0.628820 0.766112 0.132880 -0.589043 -0.580917 0.561751 -0.507557 -0.274969 -0.816565
0.261614 -5.316347 8.728023 6.494396 -0.620530 0.771950 0.137968 -0.636403 -0.598534 0.486567 -0.458184 -0.214127 -0.862680
0.540841 -5.042910 7.258887 -1.052081 -0.662855 0.730826 0.162837 -0.568416 -0.632725 0.525891 -0.487366 -0.256031 -0.834819
-0.339375 -9.886259 -11.426546 -11.390540 0.469974 -0.840644 -0.269150 0.825411 0.310507 0.471467 -0.312763 -0.443737 0.839808
-0.557621 -10.469456 -6.364892 21.615696 0.453870 -0.839002 -0.300130 0.864856 0.333683 0.375073 -0.214539 -0.429803 0.877065
-0.376904 -9.279896 -9.142755 42.791977 0.441052 -0.851776 -0.282756 0.886852 0.365287 0.282948 -0.137722 -0.375558 0.916509
-0.164470 -9.223982 -6.660338 6.004864 0.481246 -0.835831 -0.264175 0.824798 0.329710 0.459347 -0.296835 -0.438950 0.848064
-0.375775 -7.778162 -5.614917 77.499852 0.403087 -0.865700 -0.296789 0.912296 0.405750 0.055517 0.072361 -0.293138 0.953328
-0.135480 -8.351197 -3.271894 45.668880 0.450686 -0.846358 -0.283831 0.883962 0.378791 0.274095 -0.124471 -0.374426 0.918864
0.065915 -14.599978 -4.106635 43.440191 -0.355411 0.916471 0.183751 -0.358619 0.047843 -0.932257 0.863178 0.397231 -0.311660
-0.004572 -14.038908 -6.651822 84.023202 -0.359146 0.918593 0.164925 -0.544477 -0.062703 -0.836429 0.757996 0.390198 -0.522673
-0.087427 -14.385540 0.161757 77.549480 -0.357403 0.915677 0.183843 -0.479902 -0.011185 -0.877251 0.801222 0.401759 -0.443433
-0.196570 -11.981712 -3.376986 93.200478 -0.371845 0.913545 0.164822 -0.665018 -0.138273 -0.733915 0.647674 0.382512 -0.658940
-0.182420 -13.705416 -4.088912 80.181695 -0.354818 0.917526 0.179583 -0.477470 -0.012688 -0.878557 0.803820 0.397473 -0.442593
-0.211394 -14.753873 -3.901392 36.993910 -0.343975 0.918105 0.196888 -0.267823 0.105043 -0.957725 0.899973 0.382165 -0.209758
-0.510618 -10.182534 11.215783 40.093931 -0.411528 0.846622 0.337455 -0.581846 0.040937 -0.812268 0.701498 0.530618 -0.475757
-0.569486 -10.757167 8.513896 55.858534 -0.420222 0.855137 0.303568 -0.537279 0.035120 -0.842673 0.731262 0.517211 -0.444689
-0.853444 -9.061080 7.725371 48.723814 -0.412075 0.853912 0.317849 -0.703878 -0.076823 -0.706154 0.578576 0.514716 -0.632707
2.210847 -5.464462 -16.563041 30.762522 0.253357 -0.382626 -0.888486 -0.236157 0.866201 -0.440371 0.938104 0.321393 0.129098
2.473045 -6.026957 -28.139061 15.907590 0.306839 -0.428916 -0.849636 -0.069475 0.880223 -0.469447 0.949222 0.203073 0.240287
2.142872 -5.319421 -39.355211 29.674241 0.332759 -0.402349 -0.852870 -0.207834 0.850881 -0.482500 0.919824 0.337811 0.199516
1.711510 -4.567341 -24.633745 36.323442 0.296979 -0.364519 -0.882570 -0.339548 0.823547 -0.454398 0.892475 0.434621 0.120804
1.578388 -4.221924 4.048313 47.547475 0.206818 -0.348377 -0.914253 -0.414898 0.815044 -0.404430 0.886051 0.462965 0.024025
-0.517477 -4.523040 7.292266 -51.514206 -0.558994 0.802320 0.209305 0.724645 0.350017 0.593614 0.403008 0.483499 -0.777054
-0.331864 -4.695156 10.163563 -31.249537 -0.581679 0.787291 0.204506 0.705618 0.363307 0.608368 0.404664 0.498178 -0.766855
-0.516101 -4.823795 5.836401 -25.406833 -0.558509 0.804247 0.203112 0.672469 0.295637 0.678516 0.485647 0.515544 -0.705947
-0.658682 -6.558502 41.929383 0.975954 -0.661179 0.253124 0.706237 -0.104392 0.901164 -0.420720 -0.742930 -0.351897 -0.569407
-1.782360 -6.176479 35.957087 50.677274 -0.652959 0.358820 0.667003 0.140464 0.922748 -0.358895 -0.744255 -0.140654 -0.652918
-1.982357 -7.090093 2.987231 44.653931 -0.673421 0.505518 0.539404 0.239017 0.839352 -0.488221 -0.699554 -0.199852 -0.686064
-2.586924 -6.618513 -17.512576 35.676295 -0.600754 0.696195 0.392946 0.533817 0.715237 -0.451083 -0.595091 -0.061228 -0.801322
-1.863244 -7.978150 -21.828813 45.977501 -0.654356 0.654330 0.379039 0.399976 0.724884 -0.560858 -0.641746 -0.215394 -0.736049
-0.892302 -8.316805 -6.936948 14.344252 -0.680278 0.540767 0.494766 0.118476 0.747280 -0.653862 -0.723316 -0.386190 -0.572426
-1.955800 -8.678035 -37.937824 -110.023661 0.871656 -0.485814 -0.064816 0.483005 0.829013 0.281859 0.083198 0.276990 -0.957264
-3.078097 -8.065860 -30.719012 -59.310185 0.868022 -0.496518 -0.002639 0.489671 0.855148 0.170131 0.082217 0.148970 -0.985418
-2.106168 -8.076159 -36.569741 -38.599716 0.846370 -0.527934 -0.070307 0.532444 0.835578 0.135327 0.012697 0.151972 -0.988303
-1.216232 -8.944358 -38.055556 -64.088677 0.854498 -0.507271 -0.111842 0.518969 0.824367 0.226032 0.022461 0.251186 -0.967678
-1.345799 -9.268272 -45.325568 -48.882052 0.883541 -0.455702 -0.108129 0.455629 0.782863 0.423707 0.108433 0.423629 -0.899322
-1.176221 -5.052389 29.042604 21.525148 0.897039 -0.305231 -0.319617 0.065704 0.807263 -0.586523 -0.437040 -0.505134 -0.744201
-0.541739 -5.000101 32.157169 21.334953 0.907425 -0.261932 -0.328589 0.042373 0.835008 -0.548605 -0.418071 -0.483895 -0.768806
-0.517342 -5.421322 37.563614 13.412026 0.908395 -0.275005 -0.314945 -0.006486 0.743895 -0.668265 -0.418063 -0.609091 -0.673967
-1.363903 -5.726414 49.556481 21.089266 0.906517 -0.252171 -0.338582 -0.085854 0.675127 -0.732689 -0.413348 -0.693263 -0.590364
-1.616792 -5.367030 24.264930 16.943568 0.886330 -0.309684 -0.344260 0.000007 0.743464 -0.668776 -0.463054 -0.592754 -0.658957
-0.211280 -5.752004 60.392139 10.352285 0.917982 -0.262332 -0.297474 -0.071575 0.628136 -0.774805 -0.390110 -0.732548 -0.557841
-0.464483 -6.762674 -0.667259 0.960175 -0.603229 0.741625 0.293440 0.163517 -0.245105 0.955608 -0.780626 -0.624433 -0.026586
-0.534784 -6.708929 -4.250015 4.584392 -0.619518 0.740919 0.259300 0.047172 -0.294590 0.954459 -0.783564 -0.603536 -0.147553
-0.477804 -6.884135 -6.822736 0.679477 -0.621829 0.729584 0.284669 0.196690 -0.206350 0.958506 -0.758052 -0.652018 0.015187
1.277958 -2.024702 6.163933 6.269199 -0.402363 0.855280 0.326495 -0.313528 0.206334 -0.926891 0.860118 0.475312 -0.185133
1.340459 -1.784402 12.083967 2.261231 -0.380474 0.811801 0.442965 -0.403051 0.285542 -0.869491 0.832339 0.509357 -0.218556
1.363352 -2.102485 -2.599993 5.850627 -0.345721 0.847035 0.403744 -0.405304 0.253267 -0.878399 0.846289 0.467320 -0.255747
1.177284 -1.649053 7.090475 2.013312 -0.418360 0.829152 0.370785 -0.329248 0.242020 -0.912700 0.846505 0.503918 -0.171745
1.093438 -2.543428 -10.931172 8.328733 -0.366132 0.891232 0.267682 -0.287016 0.165478 -0.943525 0.885195 0.422283 -0.195211
1.182419 -2.511072 4.305800 12.834013 -0.425928 0.885807 0.184206 -0.191322 0.110812 -0.975252 0.884297 0.450629 -0.122276
1.182172 -2.060882 6.944509 11.396283 -0.441965 0.866294 0.232814 -0.226182 0.143532 -0.963452 0.868049 0.478471 -0.132504
-9.222620 -30.019332 139.689465 -741.739471 0.866658 0.394259 0.305718 0.496690 -0.739483 -0.454382 -0.046929 -0.545641 0.836704
-18.188245 -37.325438 102.038265 -904.630680 0.967028 -0.022543 0.253671 0.142974 -0.776234 -0.614019 -0.210750 -0.630042 0.747417
-13.186450 -26.089183 257.460837 196.168537 0.891899 0.310921 0.328396 0.431169 -0.365596 -0.824883 0.136414 -0.877307 0.460134
-5.241702 -27.355789 105.006616 -613.624672 0.823611 0.532046 0.196448 0.557837 -0.697406 -0.449937 0.102383 -0.480159 0.871186
-6.889911 -30.729659 110.903139 -987.159528 0.831059 0.486580 0.269409 0.529964 -0.839753 -0.118126 -0.168759 -0.240946 0.955754
-7.186991 -23.956963 132.392294 169.749182 0.821631 0.489659 0.291816 0.494956 -0.358922 -0.791324 0.282739 -0.794612 0.537261
-0.210212 -2.438889 10.370405 -26.914780 -0.572096 0.658007 0.489626 -0.346544 0.347141 -0.871436 0.743380 0.668221 -0.029430
-0.351420 -3.151775 8.957747 -45.174964 -0.633430 0.708984 0.310011 -0.258884 0.183377 -0.948342 0.729208 0.680965 -0.067388
0.087643 -2.190608 14.798819 -24.515410 -0.608717 0.680751 0.407482 -0.314662 0.264331 -0.911656 0.728321 0.683160 -0.053304
-0.821544 -5.783888 46.690429 -38.616118 0.719703 -0.692309 -0.052307 0.000596 0.075956 -0.997111 -0.694282 -0.717593 -0.055078
0.355211 -6.419380 71.873147 -37.680905 0.743810 -0.667547 -0.033600 0.061252 0.118135 -0.991107 -0.665579 -0.735136 -0.128759
0.127333 -5.029835 68.185382 -65.506816 0.741844 -0.664198 -0.092239 -0.096560 0.030312 -0.994866 -0.663584 -0.746942 0.041648
-1.426102 -4.287730 -32.721703 74.319643 -0.702840 0.711322 -0.006056 0.046377 0.054316 0.997446 -0.709834 -0.700765 0.071165
-1.915909 -5.846480 -13.875130 28.476278 -0.663759 0.746027 0.053557 -0.030364 -0.098424 0.994681 -0.747330 -0.658602 -0.087982
-3.347640 -6.227611 -13.970961 -10.793204 -0.528691 0.829453 0.180259 -0.281787 -0.371832 0.884498 -0.800676 -0.416832 -0.430314
-3.601416 -6.127739 -4.450191 -13.235744 -0.446174 0.853453 0.269345 -0.277371 -0.418014 0.865061 -0.850878 -0.311260 -0.423230
-3.562740 -6.176563 -11.679760 -8.313250 -0.498637 0.842148 0.205299 -0.412824 -0.438981 0.798043 -0.762193 -0.313181 -0.566551
-3.290545 -6.158424 -16.809371 -7.735071 -0.564892 0.815285 0.127308 -0.438455 -0.427263 0.790698 -0.699038 -0.390841 -0.598823
-0.620499 -4.533714 58.882351 13.069520 0.583833 -0.805998 -0.097500 0.800496 0.551449 0.234756 -0.135446 -0.215107 0.967152
-1.284122 -4.413169 -6.553990 8.951210 -0.546700 0.837071 0.020772 0.822499 0.532204 0.200635 -0.156891 -0.126772 0.979446
-1.367615 -4.638059 45.208414 10.907153 0.590700 -0.804981 -0.055488 0.777055 0.548983 0.307901 -0.217393 -0.224994 0.949799
-0.035002 -4.807176 76.927948 7.207231 0.604833 -0.788949 -0.108336 0.768381 0.542425 0.339656 -0.209208 -0.288678 0.934290
-1.308370 -4.909675 -42.727336 7.208874 -0.603658 0.795307 0.055529 0.732266 0.525570 0.433084 -0.315251 -0.302097 0.899641
8.135909 -5.622084 -120.245465 37.206800 -0.085912 -0.853373 0.514173 0.994070 -0.038894 0.101544 -0.066657 0.519848 0.851654
7.576243 -7.737243 -148.772800 98.095724 -0.179681 -0.809927 0.558330 0.966216 -0.038697 0.254810 -0.184772 0.585252 0.789518
5.444444 -5.942365 -148.814857 93.312745 -0.132820 -0.719165 0.682027 0.988369 -0.044684 0.145360 -0.074062 0.693401 0.716736
6.125832 -3.955975 -142.458976 45.688543 -0.090063 -0.740898 0.665552 0.995835 -0.057482 0.070769 -0.014175 0.669154 0.742989
-0.374922 -4.756685 1.340040 21.527224 0.637223 -0.758031 -0.139053 0.745215 0.560058 0.361926 -0.196474 -0.334252 0.921778
-0.388583 -4.722217 2.017355 7.047442 0.630508 -0.759983 -0.157751 0.753532 0.550594 0.359214 -0.186140 -0.345358 0.919826
-0.390949 -4.646385 -2.431200 -7.504125 0.643170 -0.754503 -0.130607 0.751443 0.589138 0.297069 -0.147194 -0.289209 0.945882
-0.404114 -4.454442 -2.754610 -9.465118 0.635055 -0.762256 -0.125184 0.768183 0.606141 0.206128 -0.081243 -0.227067 0.970485
-0.336333 -4.697135 -0.568820 7.016778 0.653122 -0.746708 -0.125932 0.741180 0.596277 0.308393 -0.155189 -0.294756 0.942887
-0.353679 -4.362748 5.090383 5.392544 0.602443 -0.769363 -0.212468 0.765851 0.482225 0.425360 -0.224799 -0.418974 0.879731
-0.226593 -4.439256 10.922518 1.887907 0.584898 -0.775830 -0.236605 0.756890 0.417204 0.503049 -0.291568 -0.473316 0.831240
-0.337984 -4.641349 8.018353 -10.966273 0.583910 -0.778747 -0.229353 0.791494 0.483279 0.374136 -0.180516 -0.399993 0.898565
-0.491091 -4.685957 -1.440014 -11.628715 0.598944 -0.776832 -0.194415 0.782861 0.516929 0.346285 -0.168506 -0.359605 0.917763
-0.397327 -4.534638 -3.276331 3.091507 0.613890 -0.769307 -0.176934 0.751718 0.501302 0.428505 -0.240955 -0.396059 0.886046
1.320996 -12.488314 -38.402659 195.609390 -0.058508 0.987413 0.146942 -0.185270 0.133897 -0.973523 0.980944 0.084182 -0.175104
1.080681 -8.777155 -34.168606 127.737619 -0.047084 0.985535 0.162802 -0.381429 0.132894 -0.914796 0.923198 0.105169 -0.369655
0.436181 -10.647725 -47.120363 149.456523 -0.036715 0.989880 0.137073 -0.272916 0.122019 -0.954268 0.961337 0.072445 -0.265675
0.458582 -17.589506 1.984029 123.376731 -0.436065 0.898455 0.051235 0.896978 0.429341 0.105346 0.072651 0.091894 -0.993115
0.428636 -16.024474 -7.260872 -152.474410 -0.427689 0.903821 0.013760 -0.817890 -0.380454 -0.431638 0.384889 0.195861 -0.901942
0.566425 -15.952393 -1.562597 -166.237530 -0.443715 0.895246 0.040636 -0.830695 -0.393862 -0.393469 0.336247 0.208344 -0.918439
0.506941 -19.290532 -4.998830 257.386749 -0.444176 0.894052 0.058119 0.887861 0.430553 0.162255 0.120041 0.123672 -0.985036
0.575429 -19.328543 6.521785 -100.558565 -0.451485 0.888015 0.087126 -0.868498 -0.459746 0.185323 -0.204626 -0.008002 -0.978808
0.337570 -18.380828 3.057240 29.876690 -0.461362 0.884642 0.067478 -0.836485 -0.459072 0.299241 -0.295698 -0.081614 -0.951789
0.393281 -16.568564 0.819358 -12.128397 -0.446663 0.893865 0.038706 -0.884213 -0.447618 0.133437 -0.136600 -0.025377 -0.990301
0.129607 -8.493626 -8.581142 22.174898 -0.414079 0.904382 0.103109 -0.141692 0.047854 -0.988754 0.899145 0.424032 -0.108328
0.105687 -8.302702 0.938232 13.908392 -0.424303 0.893654 0.146117 -0.115395 0.106684 -0.987574 0.898138 0.435892 -0.057857
0.361586 -8.599876 -4.275810 -29.611347 -0.422214 0.896145 0.136598 0.076770 0.185495 -0.979642 0.903240 0.403131 0.147116
0.369554 -8.976902 -10.847465 23.868689 -0.420910 0.902849 0.087738 -0.045854 0.075423 -0.996097 0.905943 0.423291 -0.009653
0.613295 -9.136786 -6.031427 -29.644580 -0.435774 0.893161 0.111195 0.169445 0.202744 -0.964460 0.883962 0.401445 0.239692
0.454155 -8.251637 -2.854436 -39.732934 -0.425545 0.888169 0.173398 0.229185 0.291142 -0.928822 0.875435 0.355515 0.327449
0.587590 -8.543811 -7.985643 -40.490533 -0.427260 0.890547 0.156122 0.237786 0.277280 -0.930899 0.872300 0.360612 0.330231
-0.102204 -6.960602 -5.441696 -32.795387 -0.369033 0.924427 0.096178 -0.303963 -0.022252 -0.952424 0.878306 0.380710 -0.289203
-0.050046 -7.707860 -4.306338 91.173024 -0.349979 0.918840 0.182338 -0.269979 0.087452 -0.958886 0.897009 0.384818 -0.217462
-0.021349 -8.638304 -5.421082 98.040078 -0.343895 0.919212 0.191796 -0.252840 0.106064 -0.961677 0.904328 0.379209 -0.195939
0.038734 -3.048657 1.201723 34.813304 -0.631518 0.772375 -0.067978 0.546959 0.381633 -0.745112 0.549564 0.507733 0.663466
-0.076957 -4.025849 -5.806735 29.911957 -0.689310 0.723818 0.030646 0.511233 0.515961 -0.687332 0.513316 0.458117 0.725696
0.125821 -3.183149 -2.810788 34.823300 -0.652438 0.757217 -0.030769 0.506256 0.405271 -0.761223 0.563941 0.512227 0.647760
0.045243 -3.877897 -0.286330 28.913833 -0.688889 0.724666 0.017052 0.491961 0.484691 -0.723221 0.532359 0.489830 0.690406
0.307208 -2.341419 3.909889 26.449736 -0.569631 0.807376 -0.153830 0.567041 0.250566 -0.784654 0.594966 0.534191 0.600545
0.222983 -2.732111 3.190097 31.583366 -0.609736 0.786342 -0.099441 0.521533 0.303562 -0.797404 0.596846 0.538068 0.595196
0.492984 -14.822557 -22.581269 83.014432 -0.441922 0.895932 0.044841 -0.562796 -0.237982 -0.791597 0.698546 0.375060 -0.609397
0.126053 -15.508106 -29.816419 74.026233 -0.422383 0.905079 0.049236 -0.363552 -0.119403 -0.923890 0.830315 0.408135 -0.379477
1.054791 -14.832614 -29.796321 4.530482 -0.429800 0.902416 0.030288 -0.301734 -0.111932 -0.946799 0.851016 0.416072 -0.320398
-0.268036 -14.446901 -19.420312 102.354435 -0.435975 0.898590 0.049617 -0.528204 -0.210856 -0.822520 0.728646 0.384806 -0.566567
0.016913 -12.957455 -20.254858 83.273973 -0.476655 0.878989 0.013354 -0.698042 -0.369211 -0.613531 0.534356 0.301764 -0.789558
-0.712769 -7.548480 -6.214359 105.444477 -0.530990 0.846643 0.035299 -0.688136 -0.406522 -0.601007 0.494488 0.343419 -0.798464
-0.228487 -8.910711 2.290001 177.400724 -0.531795 0.846639 0.019902 -0.640656 -0.386820 -0.663273 0.553854 0.365475 -0.748113
-0.473652 -6.692555 -9.608787 91.049857 -0.548371 0.836214 -0.005924 -0.664437 -0.440002 -0.604088 0.507753 0.327328 -0.796896
1.473052 -5.557914 82.109357 37.751329 0.719546 0.100902 -0.687075 -0.388898 0.878240 -0.278301 0.575336 0.467453 0.671175
-0.247706 -5.067817 111.671225 18.902107 0.659940 0.179344 -0.729600 -0.422736 0.891428 -0.163251 0.621107 0.416164 0.664104
2.560146 -5.727009 118.095545 11.252262 0.661599 0.192839 -0.724638 -0.340796 0.938124 -0.061498 0.667941 0.287641 0.686380
0.992899 -2.725594 17.550543 3.689553 -0.601003 0.779073 0.178439 0.726166 0.625532 -0.285295 0.333885 0.041887 0.941683
0.889734 -2.901547 10.816911 6.178475 -0.602219 0.778994 0.174643 0.752052 0.626967 -0.203298 0.267863 -0.008911 0.963416
0.658451 -2.663951 11.196289 6.046251 -0.601997 0.781282 0.164920 0.727300 0.621750 -0.290622 0.329597 0.055007 0.942518
1.517502 -2.792489 44.456679 -20.918635 -0.269539 0.946622 0.176795 0.016698 -0.178967 0.983713 -0.962845 -0.268101 -0.032432
2.413426 -2.847690 25.629539 -18.032697 -0.359254 0.917378 0.171328 0.027484 -0.173105 0.984520 -0.932835 -0.358401 -0.036976
1.930092 -2.117962 40.755597 -22.698100 -0.300940 0.933763 0.193703 -0.054585 -0.219652 0.974050 -0.952080 -0.282557 -0.117072
0.888592 -2.356137 39.649407 -25.362924 -0.263637 0.948592 0.175126 -0.044414 -0.193293 0.980135 -0.963599 -0.250622 -0.093090
2.116177 -12.551457 -3.989027 157.382097 -0.619859 0.779670 0.088817 -0.634378 -0.431266 -0.641540 0.461886 0.454008 -0.761930
2.249102 -25.842925 -14.744907 498.055740 -0.548792 0.820757 0.158701 -0.599037 -0.253690 -0.759471 0.583081 0.511859 -0.630886
2.238082 -16.466953 -1.168683 -238.011406 0.644330 -0.750594 -0.146450 0.613255 0.392717 0.685340 0.456899 0.531397 -0.713345
2.514392 -26.268821 -0.903991 512.595566 -0.614363 0.767104 0.184689 -0.494389 -0.191830 -0.847809 0.614929 0.612171 -0.497101
-0.781938 -16.746742 -27.382284 -514.031468 0.886532 0.349108 0.303621 0.154779 0.394645 -0.905703 0.436011 -0.849929 -0.295831
-1.625430 -33.571567 -14.627162 -1001.495366 0.870421 0.271451 0.410708 0.168665 0.619335 -0.766796 0.462513 -0.736708 -0.493298
-1.376397 -43.704025 0.890569 -1299.300472 0.841592 0.389619 0.374058 0.198513 0.420949 -0.885096 0.502310 -0.819145 -0.276923
-1.809817 -9.822360 1.291335 -275.107774 0.830904 0.448775 0.328937 0.211599 0.291899 -0.932749 0.514611 -0.844628 -0.147580
-1.415630 -8.700413 -8.855235 -251.278829 0.865273 0.402110 0.299349 0.183659 0.301344 -0.935661 0.466446 -0.864580 -0.186894
1.413355 -11.496867 14.800597 152.509174 0.706891 0.389028 0.590730 0.370196 0.508161 -0.777642 0.602711 -0.768394 -0.215198
0.802289 -13.425036 24.666422 59.737653 0.686322 0.439142 0.579755 0.346406 0.503535 -0.791489 0.639503 -0.744047 -0.193466
1.482929 -10.284463 31.864282 -109.035529 0.715246 0.463674 0.522905 0.224687 0.555927 -0.800288 0.661770 -0.689893 -0.293443
1.824219 -9.970652 14.273949 -117.388674 0.761623 0.434417 0.480846 0.197104 0.551568 -0.810507 0.617318 -0.712078 -0.334461
-6.027766 -7.504578 52.714202 48.219261 -0.666401 0.686309 0.291360 -0.006044 0.385790 -0.922567 0.745569 0.616560 0.252943
-4.707369 -7.198593 24.506977 38.114852 -0.667302 0.738270 -0.098317 0.256383 0.103760 -0.960990 0.699268 0.666477 0.258519
-4.333466 -6.140484 2.840393 43.135900 -0.643236 0.694252 -0.322897 0.296225 -0.163233 -0.941066 0.706045 0.700977 0.100657
-1.818173 -5.564811 6.478678 -71.499188 -0.326140 0.918191 -0.224850 0.256954 -0.142794 -0.955816 0.909729 0.369506 0.189362
-1.314921 -6.182768 18.327827 -52.291688 -0.394205 0.908487 -0.138759 0.186846 -0.068605 -0.979991 0.899828 0.412244 0.142703
-1.008540 -3.839715 23.652825 -145.644170 -0.285682 0.888256 -0.359704 0.470850 -0.196817 -0.859978 0.834677 0.415047 0.362009
-1.918580 -7.045180 -4.925633 25.523534 -0.361719 0.923452 -0.128045 0.015404 -0.131406 -0.991209 0.932160 0.360511 -0.033307
-2.028018 -6.520908 6.862552 4.135283 -0.327113 0.931699 -0.157906 0.075554 -0.140778 -0.987154 0.941960 0.334841 0.024343
4.853570 -5.978762 31.447677 37.474964 -0.168380 0.841673 0.513064 -0.453481 -0.528288 0.717821 -0.875216 0.111798 -0.470636
5.631889 -8.181708 -11.905685 56.863259 -0.297195 0.848907 0.437072 -0.539762 -0.526965 0.656480 -0.787612 0.040812 -0.614818
5.725725 -7.382100 25.477701 76.922085 -0.199969 0.787884 0.582453 -0.554883 -0.581009 0.595427 -0.807538 0.204127 -0.553367
5.600734 -7.972400 28.779335 86.745274 -0.158680 0.715540 0.680311 -0.637400 -0.600457 0.482880 -0.754017 0.357007 -0.551366
4.793345 -6.131477 40.784125 71.942448 -0.126866 0.741856 0.658449 -0.517854 -0.615702 0.593917 -0.846009 0.265633 -0.462285
-0.746128 -3.932302 -17.478592 -5.006893 -0.483864 0.865927 0.126672 -0.739488 -0.327148 -0.588330 0.468011 0.378344 -0.798638
-1.082091 -3.994987 20.094638 -4.965704 -0.493545 0.851413 0.177510 -0.759220 -0.322207 -0.565480 0.424262 0.413859 -0.805433
-0.703373 -4.095097 36.784486 5.149886 -0.467682 0.855940 0.220544 0.807558 0.312338 0.500296 0.359339 0.412082 -0.837296
0.449066 -3.952765 29.177359 -6.387015 -0.049355 0.376151 0.925243 0.330611 0.880301 -0.340245 -0.942476 0.289102 -0.167807
1.015586 -3.935242 22.766005 -19.799160 -0.043439 0.440822 0.896543 0.354679 0.845740 -0.398657 -0.933979 0.300667 -0.193088
0.572938 -4.654781 30.780693 -36.703905 -0.042000 0.408963 0.911584 0.414568 0.837272 -0.356524 -0.909049 0.362939 -0.204708
0.544411 -3.399708 15.123760 -12.229540 -0.073543 0.343767 0.936171 0.233682 0.918519 -0.318928 -0.969528 0.195311 -0.147883
-0.198540 -4.229018 23.609707 -3.000088 -0.066924 0.373351 0.925273 0.361354 0.873467 -0.326311 -0.930024 0.312513 -0.193368
0.025467 -3.853513 24.624026 4.116796 -0.062688 0.338005 0.939054 0.260645 0.913796 -0.311514 -0.963397 0.225231 -0.145383
0.202884 -5.282531 1.023634 3.686499 -0.583582 0.804200 0.112668 -0.643901 -0.542803 0.539219 -0.494797 -0.242132 -0.834595
0.327917 -5.171303 4.511923 8.718358 -0.570552 0.813061 0.115767 -0.573490 -0.495341 0.652492 -0.587860 -0.305889 -0.748901
0.493105 -5.039344 7.582379 17.456766 -0.581543 0.802720 0.132093 -0.478782 -0.468990 0.742170 -0.657705 -0.368360 -0.657066
0.631497 -4.978732 -1.105591 2.066701 -0.611559 0.780025 0.132503 -0.443209 -0.476470 0.759303 -0.655409 -0.405633 -0.637104
0.093475 -14.526926 -8.240301 156.064214 -0.371164 0.916032 0.152060 -0.619676 -0.122393 -0.775256 0.691548 0.381975 -0.613071
-0.162281 -12.459235 -1.249079 121.835219 -0.378742 0.913505 0.148536 -0.726480 -0.194009 -0.659232 0.573395 0.357587 -0.737123
0.226025 -15.944483 -7.964179 63.512326 -0.354446 0.918709 0.174192 -0.344246 0.044999 -0.937801 0.869404 0.392364 -0.300312
-1.088894 -8.431958 -11.013302 36.626384 -0.403886 0.878537 0.255048 -0.777933 -0.183140 -0.601066 0.481349 0.441172 -0.757411
-1.199139 -7.829302 -5.491831 4.896805 -0.405112 0.879267 0.250549 0.852051 0.263726 0.452169 0.331501 0.396659 -0.856019
-1.128932 -7.470276 -1.430137 -17.742374 -0.392979 0.870192 0.297209 0.842989 0.211809 0.494477 0.367338 0.444863 -0.816799
2.714331 -5.995555 -50.563318 12.392942 0.353984 -0.490893 -0.796065 0.076288 0.863496 -0.498552 0.932135 0.115749 0.343114
2.943037 -6.360660 7.215800 5.925116 0.248465 -0.460837 -0.851995 0.081285 0.886395 -0.455738 0.965224 0.043980 0.257697
3.776396 -6.087386 -59.087217 -4.979553 0.343863 -0.519755 -0.782057 0.269515 0.852431 -0.448022 0.899511 -0.056718 0.433201
-0.915207 -6.992866 -17.849323 -141.095188 -0.431589 0.777416 0.457553 0.705599 0.606954 -0.365699 0.562014 -0.165017 0.810499
-0.965533 -9.054890 -17.555074 -94.597656 -0.417182 0.795995 0.438579 0.559815 0.605230 -0.565954 0.715937 -0.009417 0.698101
-0.809772 -8.362463 -10.453658 -81.575348 -0.461750 0.782752 0.417237 0.586838 0.622308 -0.518028 0.665138 -0.005651 0.746700
0.119729 -5.632288 5.590683 -6.025206 -0.580556 0.786480 0.210723 -0.157071 -0.362122 0.918802 -0.798926 -0.500317 -0.333765
0.094856 -5.688746 4.555280 6.245920 -0.571263 0.802898 0.170333 -0.286242 -0.389390 0.875466 -0.769236 -0.451365 -0.452267
-0.205828 -6.090735 7.920506 -0.280060 -0.576676 0.788933 0.212200 -0.176830 -0.374118 0.910366 -0.797606 -0.487463 -0.355252
0.315619 -5.433322 10.632132 6.931678 -0.563369 0.807029 0.176975 -0.256158 -0.374260 0.891242 -0.785493 -0.456764 -0.417574
0.301982 -5.361406 11.886228 -13.493791 -0.570382 0.793603 0.211800 -0.150244 -0.354312 0.922979 -0.807522 -0.494628 -0.321327
-0.457992 -15.360675 0.402258 65.753843 0.871468 -0.374794 -0.316343 -0.079961 0.527798 -0.845598 -0.483890 -0.762207 -0.429990
-0.581570 -13.412130 -5.085420 33.309356 0.869000 -0.383882 -0.312208 0.032304 0.673630 -0.738362 -0.493757 -0.631551 -0.597785
-0.600250 -14.560531 -14.011399 65.739454 0.862327 -0.395821 -0.315783 -0.107481 0.466344 -0.878050 -0.494814 -0.791106 -0.359597
-0.505508 -13.293051 -0.265140 71.993520 0.863643 -0.381618 -0.329375 0.076104 0.744602 -0.663156 -0.498326 -0.547663 -0.672114
-0.442541 -16.833598 -4.781457 89.052499 0.861261 -0.383075 -0.333890 -0.255129 0.242274 -0.936062 -0.439475 -0.891379 -0.110928
-0.384931 -14.619095 7.419949 26.079732 0.869660 -0.368750 -0.328201 -0.160019 0.418369 -0.894070 -0.466997 -0.830055 -0.304831
-0.539388 -13.520949 12.919309 43.537997 0.876242 -0.356803 -0.323870 -0.009420 0.659297 -0.751824 -0.481780 -0.661830 -0.574342
0.591225 -21.465609 5.214695 -36.254229 0.859794 -0.471071 -0.197095 0.430818 0.461971 0.775228 0.274135 0.751449 -0.600146
0.588919 -25.471117 1.155530 -20.245048 0.873020 -0.453543 -0.179263 0.432476 0.550106 0.714387 0.225392 0.701200 -0.676400
0.355641 -20.619604 10.873941 -85.852269 0.870688 -0.462709 -0.166742 0.475904 0.707005 0.523125 0.124167 0.534832 -0.835785
-1.349453 -5.179058 45.944547 54.724811 -0.630406 0.260881 0.731115 0.141215 0.964662 -0.222453 -0.763313 -0.036991 -0.644969
-2.333057 -5.264516 35.019954 49.595732 -0.611911 0.470891 0.635474 0.332586 0.882161 -0.333434 -0.717601 0.007318 -0.696416
-0.864455 -6.056070 25.122306 38.638013 -0.641942 0.202774 0.739455 -0.022881 0.958902 -0.282814 -0.766412 -0.198470 -0.610919
-4.960211 -12.127811 54.188234 286.284278 0.972350 0.229517 0.043091 -0.231786 0.971018 0.058306 0.028460 0.066681 -0.997368
-3.251554 -7.813321 25.681144 88.683798 -0.993213 0.018826 -0.114777 0.011336 0.997784 0.065568 0.115757 0.063822 -0.991225
-3.767742 -8.818657 -35.029383 96.501611 -0.625710 0.779970 -0.011603 -0.760280 -0.613107 -0.214649 0.174533 0.125487 -0.976622
-1.892842 -3.807057 -0.625652 -0.571831 -0.212435 0.975815 0.051540 -0.303864 -0.116097 0.945615 -0.928729 -0.185221 -0.321178
-1.855757 -4.036922 3.938036 -4.336013 -0.252497 0.967460 0.016305 -0.313526 -0.097746 0.944535 -0.915394 -0.233380 -0.328005
-1.767676 -3.718902 4.928390 10.017990 -0.251087 0.952355 0.173132 -0.179155 -0.221494 0.958563 -0.951241 -0.209665 -0.226233
-0.909620 -4.663288 -29.773644 19.237984 -0.900010 0.298547 0.317572 0.109964 0.860551 -0.497353 -0.421770 -0.412701 -0.807334
1.470191 -1.876491 16.358625 0.445458 -0.355725 0.792130 0.495974 -0.464269 0.310801 -0.829372 0.811119 0.525293 -0.257202
1.342347 -1.677376 14.961101 -1.937527 -0.371434 0.775621 0.510342 -0.450157 0.330296 -0.829616 0.812032 0.537882 -0.226468
1.220047 -1.579422 10.092092 -2.594358 -0.388412 0.792070 0.470915 -0.406462 0.311372 -0.858973 0.826997 0.525045 -0.201006
-21.151020 -76.533769 -350.773674 -2437.874107 0.699666 0.435333 0.566527 0.700882 -0.264301 -0.662502 -0.138675 0.860599 -0.490039
-15.817699 -42.727472 467.824671 -1137.762233 0.607775 0.015670 0.793954 0.786045 -0.153992 -0.598681 0.112881 0.987948 -0.105910
-34.604821 -239.860215 -1264.937333 6351.993500 0.822963 0.433389 0.367296 -0.506802 0.852207 0.129980 0.256680 0.293115 -0.920977
-11.125294 -44.215042 -3.352198 -1233.508258 0.632265 0.093757 0.769058 0.764479 0.085618 -0.638938 -0.125750 0.991907 -0.017542
-97.141898 -188.224665 -2827.951330 -6712.672013 0.675318 0.636251 0.373002 0.737391 -0.592174 -0.324936 0.014141 0.494484 -0.869072
-13.729288 -50.311242 -113.126169 1444.845971 0.715779 0.327465 0.616788 -0.651698 -0.004095 0.758467 -0.250897 0.944855 -0.210478
-21.508037 -39.271147 171.546242 -672.528806 0.988497 -0.133079 -0.071854 -0.111477 -0.320059 -0.940816 -0.102205 -0.938005 0.331212
-0.461894 -4.890783 -9.666019 24.868717 0.672138 -0.723689 -0.156539 0.306751 0.079745 0.948443 0.673895 0.685503 -0.275592
-0.111703 -4.395508 -13.956648 31.938513 0.687656 -0.709988 -0.151811 0.286365 0.073088 0.955329 0.667176 0.700411 -0.253575
-0.350147 -3.937083 9.648472 -35.945365 -0.663218 0.718609 0.209148 -0.267064 0.033823 -0.963085 0.699155 0.694592 -0.169482
-0.591449 -4.035110 6.371569 -44.220567 -0.638901 0.726595 0.252715 -0.260953 0.104331 -0.959697 0.723677 0.679099 -0.122951
1.727250 -6.291319 64.850800 -53.465466 0.719522 -0.689772 -0.080639 -0.028598 0.086588 -0.995834 -0.693881 -0.718830 -0.042576
1.766484 -7.235568 -63.705675 34.728210 -0.708491 0.705199 0.027121 -0.149431 -0.187466 0.970838 -0.689718 -0.683777 -0.238196
0.072947 -6.706035 65.274042 -4.894258 0.726440 -0.687157 -0.010009 0.191212 0.216089 -0.957467 -0.660093 -0.693628 -0.288368
-0.525915 -4.348102 57.211187 5.513810 0.560313 -0.822019 -0.101662 0.825871 0.545102 0.144221 -0.063136 -0.164769 0.984309
-1.156627 -4.218387 10.416726 3.424528 0.525957 -0.849736 -0.036301 0.848237 0.520954 0.095399 -0.062153 -0.080967 0.994777
8.798215 -6.962434 -27.514806 33.567691 -0.102005 -0.941961 0.319850 0.974266 -0.029630 0.223447 -0.201002 0.334411 0.920743
8.938381 -8.402822 -110.262436 101.054069 -0.182559 -0.894492 0.408112 0.939946 -0.037026 0.339309 -0.288399 0.445548 0.847534
-0.386806 -4.623907 5.030083 12.375152 0.630015 -0.759523 -0.161885 0.732376 0.511770 0.449128 -0.258275 -0.401518 0.878679
-0.376469 -4.550277 -0.438953 5.266665 0.626377 -0.761359 -0.167285 0.725565 0.490987 0.482169 -0.284969 -0.423396 0.859958
-0.420364 -4.667141 -3.727503 1.090055 0.631650 -0.758812 -0.158815 0.750275 0.546751 0.371686 -0.195208 -0.353931 0.914673
-0.076048 -4.295301 7.696640 -0.016435 0.570005 -0.786994 -0.236082 0.784150 0.435253 0.442338 -0.245362 -0.437258 0.865218
0.011842 -4.330940 4.505316 11.061385 0.559458 -0.793855 -0.238329 0.755839 0.370618 0.539768 -0.340168 -0.482116 0.807372
-0.171894 -4.521671 7.021525 6.569699 0.576130 -0.783632 -0.232369 0.725456 0.359280 0.587054 -0.376549 -0.506793 0.775482
-0.093663 -4.608432 7.086420 12.099747 0.567620 -0.787926 -0.238707 0.722470 0.337683 0.603330 -0.394772 -0.514921 0.760928
1.580486 -10.184896 12.011711 -30.425241 -0.282630 0.953510 0.104587 -0.145879 -0.150490 0.977789 -0.948072 -0.261095 -0.181630
1.527711 -10.858508 -1.214939 -5.370365 -0.317276 0.942799 0.102303 0.104836 -0.072346 0.991855 -0.942521 -0.325416 0.075886
1.851222 -9.993902 -11.728204 -37.456392 -0.351007 0.934836 0.053627 -0.134666 -0.107073 0.985089 -0.926639 -0.338552 -0.163474
1.115627 -10.909670 26.154397 -14.018963 -0.233758 0.964881 0.119843 0.078408 -0.104149 0.991466 -0.969128 -0.241160 0.051309
2.150870 -9.278381 4.778847 -72.372802 -0.288374 0.955199 0.066601 -0.360572 -0.172765 0.916592 -0.887034 -0.240306 -0.394239
1.852260 -9.444713 31.194090 -52.851770 -0.238707 0.963238 0.123250 -0.351784 -0.204073 0.913566 -0.905134 -0.174717 -0.387565
1.050290 -10.449757 30.922063 -22.477918 -0.224445 0.962675 0.151263 -0.204893 -0.198372 0.958471 -0.952703 -0.184132 -0.241769
0.509712 -13.184179 -4.607400 -112.471209 -0.412308 0.910705 0.024861 -0.696466 -0.297487 -0.653022 0.587314 0.286561 -0.756931
0.431433 -14.362202 -5.223149 -102.507719 -0.409480 0.912099 0.020054 -0.802819 -0.349804 -0.482824 0.433368 0.213806 -0.875488
0.428680 -12.209444 -8.521511 -70.152321 -0.407136 0.913265 0.013708 -0.693423 -0.299291 -0.655431 0.594479 0.276355 -0.755131
-0.098099 -7.995602 4.520834 31.397240 -0.429583 0.895777 0.114204 -0.247268 0.004950 -0.968934 0.868514 0.444476 -0.219370
-0.114479 -7.653268 10.466689 46.780041 -0.440302 0.888487 0.129329 -0.347247 -0.035678 -0.937095 0.827982 0.457514 -0.324233
0.044638 -7.773664 0.601474 25.458307 -0.416238 0.896949 0.149094 -0.219564 0.059969 -0.973753 0.882348 0.438049 -0.171977
0.069084 -8.038676 0.155166 -9.988666 -0.416535 0.891730 0.176964 -0.008772 0.190703 -0.981608 0.909077 0.410427 0.071613
9.148571 -6.543150 102.604739 -5.504638 0.026731 -0.995370 0.092321 0.999050 0.023421 -0.036754 0.034422 0.093216 0.995051
8.476977 -4.698436 6.225821 26.062957 0.136007 -0.942427 0.305505 0.960597 0.049998 -0.273412 0.242396 0.330654 0.912092
8.828500 -6.246642 -90.807689 36.604922 -0.065636 0.996370 -0.054218 0.955803 0.047172 -0.290200 0.286589 0.070870 0.955429
0.435031 -9.381628 -13.913007 -104.273220 -0.381605 0.922713 0.054571 -0.388864 -0.106701 -0.915095 0.838548 0.370426 -0.399528
0.499298 -9.433167 -15.724625 41.561024 -0.370861 0.921148 0.118101 -0.320128 -0.007426 -0.947345 0.871768 0.389141 -0.297640
0.562489 -10.664137 -9.410160 6.536136 -0.399826 0.911376 0.097636 -0.343698 -0.050324 -0.937731 0.849712 0.408487 -0.333359
0.367825 -7.980362 -10.196917 -19.448805 -0.373449 0.923650 0.086060 -0.318520 -0.040544 -0.947049 0.871252 0.381086 -0.309342
0.305911 -8.490263 -4.169851 -113.477620 -0.394242 0.918057 0.041775 -0.358896 -0.111955 -0.926639 0.846030 0.380313 -0.373624
-0.114297 -4.906472 -22.077723 29.860434 -0.695200 0.714142 0.081843 0.543617 0.596831 -0.590147 0.470295 0.365779 0.803136
0.057016 -4.607924 -8.535497 23.247121 -0.710395 0.700748 0.065514 0.513525 0.579739 -0.632610 0.481281 0.415760 0.771695
0.286247 -15.021699 -37.107755 -31.243063 -0.405683 0.913712 0.023497 -0.053496 0.001927 -0.998566 0.912447 0.406359 -0.048098
-0.554318 -15.557511 -18.226871 55.579969 -0.428960 0.902471 0.039231 -0.272202 -0.087727 -0.958233 0.861336 0.421722 -0.283286
-1.498608 -55.956765 15.108547 1369.130892 -0.662409 0.747136 -0.054797 0.096961 0.158036 0.982661 -0.742841 -0.645610 0.177128
-2.427197 -133.155685 -35.611032 2589.265632 -0.606420 0.773248 -0.185319 -0.460022 -0.151077 0.874960 -0.648564 -0.615844 -0.447327
-3.451439 -268.933580 13.726924 11007.149860 -0.612422 0.769707 -0.180248 -0.385378 -0.091606 0.918201 -0.690234 -0.631790 -0.352730
-0.344356 -1.309562 9.560427 0.462564 0.589957 -0.660231 0.464807 0.634360 0.022853 -0.772700 0.499538 0.750715 0.432307
-0.537445 -1.191052 -13.063237 -4.826555 0.738233 -0.615363 0.276297 -0.451781 -0.146891 0.879953 0.500905 0.774436 0.386450
-0.223896 -1.346498 -10.385724 -7.860509 0.727215 -0.622584 0.289046 -0.484494 -0.167272 0.858654 0.486235 0.764467 0.423281
-0.473529 -1.150406 14.581456 6.244276 0.436187 -0.645892 0.626549 0.720512 -0.166433 -0.673173 0.539076 0.745066 0.392777
0.640479 -2.851514 6.306862 11.092173 -0.590392 0.792804 0.151325 0.755407 0.608798 -0.242333 0.284248 0.028760 0.958319
0.693483 -3.118801 6.039720 8.683554 -0.606824 0.780139 0.152142 0.763881 0.625307 -0.159615 0.219657 -0.019361 0.975385
2.653946 -2.276798 16.834332 -24.029816 -0.400187 0.895244 0.195931 -0.048867 -0.234340 0.970926 -0.915130 -0.378977 -0.137528
2.608710 -2.853659 -10.837206 -22.171803 -0.475085 0.862401 0.174808 0.001133 -0.198060 0.980189 -0.879939 -0.465872 -0.093119
2.929608 -3.329466 -3.190234 -13.897674 -0.446209 0.881120 0.156606 0.075130 -0.137493 0.987649 -0.891770 -0.452464 0.004848
0.537898 -13.666048 2.871923 83.965707 -0.478728 0.877696 0.021675 -0.791309 -0.442041 0.422409 -0.380328 -0.185067 -0.906146
0.562855 -12.289202 1.142329 64.907896 -0.512220 0.858096 0.036080 -0.683890 -0.432923 0.587259 -0.519544 -0.276131 -0.808595
0.449038 -12.441472 2.744239 84.051261 -0.505580 0.862121 0.033693 -0.683135 -0.423858 0.594702 -0.526987 -0.277653 -0.803240
0.398189 -13.567273 -2.098469 63.611793 -0.486227 0.873818 0.005064 -0.824127 -0.460488 0.329795 -0.290512 -0.156182 -0.944039
2.050827 -57.492894 -6.526594 1563.013496 -0.542152 0.815875 0.201043 -0.380839 -0.025310 -0.924295 0.749021 0.577673 -0.324439
1.971942 -18.820903 -23.539541 340.716128 -0.512579 0.848485 0.131668 -0.504393 -0.173447 -0.845874 0.694874 0.499990 -0.516875
1.689251 -12.633085 -15.752426 76.285069 -0.525733 0.848646 0.058345 -0.597957 -0.319906 -0.734920 0.605022 0.421260 -0.675639
0.461679 -60.760715 -1.261990 -2281.534823 0.885936 0.239356 0.397273 0.153370 0.657176 -0.737969 0.437715 -0.714723 -0.545506
-1.072403 -35.297272 41.132196 -770.343133 -0.904892 -0.237413 -0.353278 -0.059664 0.892545 -0.446993 0.421438 -0.383403 -0.821822
0.969461 -12.924028 -39.940964 -170.924555 -0.691504 -0.513914 -0.507656 0.154914 0.580911 -0.799089 0.705567 -0.631216 -0.322090
0.083154 -16.097603 -42.283411 -227.329359 -0.683150 -0.541971 -0.489462 0.125711 0.572960 -0.809885 0.719376 -0.614804 -0.323286
-0.279903 -15.711758 21.841665 -78.396631 0.676489 0.447179 0.585143 0.376095 0.473350 -0.796551 0.633178 -0.758928 -0.152034
0.461128 -20.372941 15.647253 439.651995 0.647893 0.379168 0.660656 0.515387 0.420439 -0.746731 0.560902 -0.824295 -0.076981
2.313592 -4.661985 29.343969 7.076742 -0.688877 0.724536 -0.022271 -0.112207 -0.076231 0.990756 -0.716141 -0.685008 -0.133812
2.803293 -4.597474 -23.428999 0.870388 0.734486 -0.675262 0.067469 0.129498 0.041870 -0.990695 -0.666154 -0.736389 -0.118198
2.961132 -4.748813 -31.683027 -19.656747 0.722178 -0.689577 0.054244 0.168700 0.099536 -0.980629 -0.670820 -0.717339 -0.188215
2.184837 -4.822117 32.675056 18.004904 -0.669508 0.742675 -0.013888 -0.182900 -0.146702 0.972125 -0.719935 -0.653385 -0.234053
1.629135 -4.807244 25.575333 8.996053 -0.646715 0.762660 0.010467 -0.117085 -0.112826 0.986692 -0.753691 -0.636883 -0.162263
-2.326863 -7.679706 -110.002128 70.897004 -0.408694 0.785619 0.464511 -0.104725 0.465229 -0.878974 0.906643 0.407878 0.107862
-5.657898 -7.179799 4.996651 1.151184 -0.606210 0.716104 0.345983 0.082204 0.489121 -0.868334 0.791045 0.497951 0.355376
-2.961860 -6.678508 -132.498169 -70.374926 -0.358446 0.866903 0.346404 0.205689 0.435280 -0.876483 0.910609 0.242920 0.334336
0.042772 -5.000232 71.545257 -139.648973 -0.433019 0.889663 -0.144891 0.349325 0.017450 -0.936839 0.830943 0.456284 0.318338
-0.984248 -6.874200 40.473285 -32.726498 -0.459257 0.887745 -0.031496 0.082016 0.007071 -0.996606 0.884509 0.460281 0.076057
-1.638540 -7.134386 -5.993382 45.837088 -0.393723 0.916383 -0.072277 -0.071688 -0.108998 -0.991454 0.916430 0.385177 -0.108608
4.983196 -7.492661 -9.620967 7.266472 -0.276809 0.899636 0.337685 -0.424686 -0.429768 0.796832 -0.861985 -0.077160 -0.501027
5.353304 -8.782682 -35.417572 40.232038 -0.399810 0.868165 0.294010 -0.519050 -0.478817 0.708040 -0.755472 -0.130476 -0.642057
