19303
38569
-6.844995 -12.202435 -60.957786 360.888553 0.776886 -0.628503 -0.037848 0.199237 0.188364 0.961677 0.597288 0.754654 -0.271559
-9.015018 -14.971884 -24.775185 120.996559 0.717238 -0.662056 -0.217375 0.418149 0.159377 0.894288 0.557424 0.732312 -0.391149
-11.813048 -14.708076 27.335759 683.690908 -0.329239 0.536617 0.776945 0.737387 -0.367835 0.566531 0.589798 0.759434 -0.274589
-7.069859 -13.167161 -88.999178 227.821195 0.757541 -0.647366 0.083955 0.175194 0.325512 0.929166 0.628839 0.689173 -0.360003
-6.032242 -9.662958 -5.211707 434.349502 0.788025 -0.611691 0.069637 0.050779 0.177308 0.982844 0.613545 0.770970 -0.170785
-5.498930 -11.220382 -75.740122 377.867035 0.760693 -0.619911 0.192499 0.005944 0.303197 0.952909 0.649085 0.723727 -0.234325
-7.711720 -9.488280 -161.053319 -71.573131 0.488249 -0.350691 -0.799143 -0.358343 0.754390 -0.549987 0.795741 0.554898 0.242663
-7.731138 -9.323681 -289.779871 -4.521486 0.301074 -0.067305 -0.951223 -0.575757 0.782339 -0.237590 0.760170 0.619206 0.196790
-4.540738 -10.010816 -409.739527 121.169624 0.509234 -0.333407 -0.793423 -0.439460 0.691927 -0.572811 0.739970 0.640373 0.205834
-6.702404 -9.022389 -81.896761 -39.435310 0.590876 -0.601953 -0.537139 -0.089506 0.612773 -0.785174 0.801782 0.512017 0.308194
-8.055892 -9.156681 -130.992351 -11.133717 0.546099 -0.538502 -0.641710 -0.159698 0.685051 -0.710776 0.822358 0.490634 0.288108
-5.463985 -9.347938 -291.919897 -195.350165 0.611631 -0.567824 -0.550894 -0.126377 0.617262 -0.776541 0.780985 0.544577 0.305777
-5.047078 -10.131242 -336.249296 -40.799835 0.583348 -0.457822 -0.670898 -0.276257 0.664919 -0.693949 0.763797 0.590154 0.261402
-9.842158 -14.514423 -9.559926 445.809177 0.956876 -0.288406 0.034787 -0.103238 -0.225678 0.968716 0.271533 0.930533 0.245720
-7.131198 -10.517524 -706.081835 329.595417 0.870618 -0.026729 -0.491232 0.424967 -0.462186 0.778324 0.247844 0.886380 0.391028
-9.114038 -12.573331 223.307950 535.503706 0.917370 -0.385797 0.097942 -0.215342 -0.274108 0.937279 0.334753 0.880923 0.334537
-11.809574 -17.209094 351.924653 60.633999 0.908461 -0.347206 0.232695 -0.239484 0.023887 0.970606 0.342559 0.937484 0.061450
-11.082678 -15.993747 -132.913389 338.004809 0.961620 -0.244309 0.124899 -0.150676 -0.089766 0.984499 0.229310 0.965534 0.123132
-9.656789 -16.690015 302.274095 258.073741 0.889735 -0.408677 0.203359 -0.254564 -0.074432 0.964187 0.378904 0.909639 0.170259
-2.955782 -32.568724 83.098385 217.013791 -0.519081 0.417210 0.745983 -0.391723 0.659597 -0.641471 -0.759676 -0.625194 -0.178953
-3.327792 -28.881855 119.111460 688.650963 -0.516243 0.422004 0.745256 -0.230516 0.769598 -0.595468 -0.824837 -0.479199 -0.300021
-4.152303 -31.883467 58.830976 329.977620 -0.569337 0.408733 0.713297 -0.330453 0.680688 -0.653807 -0.752766 -0.607948 -0.252474
-2.037558 -29.907575 119.333183 671.791450 -0.479985 0.434943 0.761865 -0.263663 0.756771 -0.598146 -0.836718 -0.487977 -0.248560
-3.533614 -34.511964 -29.000859 -12.277103 0.568309 -0.398693 -0.719770 -0.479728 0.550151 -0.683517 -0.668495 -0.733743 -0.121392
-1.856353 -33.073424 89.141523 264.472520 -0.485247 0.433909 0.759116 -0.427502 0.639603 -0.638866 -0.762743 -0.634531 -0.124869
-2.574432 -34.188271 -48.508485 6.350790 0.520539 -0.410328 -0.748780 0.540244 -0.520816 0.660974 -0.661193 -0.748586 -0.049428
6.184812 -6.475694 181.614653 108.613418 0.888881 -0.201592 -0.411401 -0.426375 -0.692551 -0.581874 0.167615 -0.692628 0.701550
5.691812 -5.946285 211.034342 16.004212 0.882223 -0.202880 -0.424878 -0.445801 -0.650252 -0.615170 0.151472 -0.732128 0.664112
5.059846 -6.513045 -99.345246 139.426217 0.894652 -0.260585 -0.362897 -0.437967 -0.671952 -0.597215 0.088225 -0.693236 0.715290
0.300985 -16.804906 21.876987 -130.631508 -0.461305 0.877089 -0.133838 0.863236 0.478540 0.160697 -0.204993 0.041404 0.977887
0.555223 -17.074446 28.442445 -109.043083 -0.455678 0.879056 -0.140064 0.815146 0.475304 0.331093 -0.357623 -0.036699 0.933145
-0.149831 -16.850126 13.017417 -75.663881 -0.442709 0.887784 -0.125887 0.871056 0.459119 0.174560 -0.212769 0.032375 0.976566
1.106380 -16.762470 49.836394 -200.090201 -0.481272 0.864307 -0.146119 0.808077 0.502056 0.308141 -0.339689 -0.030225 0.940052
-0.282168 -16.747666 -9.586974 41.958905 0.451929 -0.883307 0.124611 0.891229 0.453090 -0.020498 -0.038354 0.120321 0.991994
0.116749 -17.222606 -30.149294 54.431751 0.470773 -0.872166 0.133038 0.881706 0.470417 -0.036087 -0.031109 0.134289 0.990454
0.852447 -16.830043 52.882036 -171.843878 -0.482055 0.865004 -0.139248 0.855288 0.499069 0.139325 -0.190011 0.051935 0.980407
-1.918254 -19.851885 47.392353 133.236452 0.429577 -0.123134 -0.894596 -0.533815 0.764411 -0.361548 0.728358 0.632862 0.262643
-2.638062 -19.813779 29.063099 92.135071 0.469889 -0.106086 -0.876328 -0.512618 0.775408 -0.368736 0.718629 0.622486 0.309974
-2.108440 -21.116777 49.573492 118.601911 0.424287 -0.096058 -0.900418 -0.361600 0.893664 -0.265727 0.830196 0.438336 0.344435
-1.091317 -21.151906 75.667470 221.375691 0.387211 -0.132542 -0.912415 -0.472179 0.821480 -0.319716 0.791906 0.554620 0.255503
-0.957854 -22.149388 84.880059 121.603325 0.382269 -0.102145 -0.918388 -0.277941 0.935137 -0.219698 0.881260 0.339242 0.329084
-2.161164 -21.789110 47.589469 -36.117498 0.427341 -0.070948 -0.901302 -0.158382 0.975625 -0.151893 0.890109 0.207660 0.405688
24.165061 -16.640997 -194.821111 485.028546 0.386139 -0.555993 -0.736049 0.909633 0.097007 0.403927 -0.153179 -0.825507 0.543208
22.407257 -19.428101 450.869902 360.093166 0.385751 -0.350719 -0.853342 0.894194 -0.085635 0.439414 -0.227187 -0.932557 0.280577
18.989692 -21.034786 -485.942361 758.316523 0.392150 -0.587758 -0.707643 0.875067 0.001120 0.484000 -0.283682 -0.809036 0.514766
5.443235 -10.815420 -102.616098 269.085520 0.725852 0.210039 -0.654998 -0.415203 0.892980 -0.173764 0.548402 0.398084 0.735380
6.703713 -9.405804 628.233375 -534.528923 0.773156 0.077083 -0.629514 -0.266288 0.940311 -0.211909 0.575605 0.331470 0.747534
4.132205 -10.819941 633.202813 74.083904 0.842677 -0.035169 -0.537269 -0.207287 0.899758 -0.384015 0.496918 0.434969 0.750916
2.255065 -11.977898 1520.884817 -232.209278 0.868555 -0.330540 -0.369263 0.068813 0.818311 -0.570642 0.490792 0.470223 0.733493
-1.275043 -11.959377 45.965751 81.941997 0.891954 -0.206042 -0.402447 0.058457 -0.830097 0.554547 0.448330 0.518156 0.728364
2.348093 -11.367380 -482.973054 -503.417647 0.810285 0.111344 -0.575362 0.362872 -0.866258 0.343397 0.460177 0.487032 0.742319
0.414095 -6.435711 -18.880343 -91.857086 0.668263 -0.179758 -0.721881 0.526139 -0.571814 0.629449 0.525930 0.800447 0.287544
0.095106 -5.648100 -2.583635 -60.512285 0.660069 -0.168452 -0.732074 0.569475 -0.523343 0.633885 0.489905 0.835306 0.249513
0.603348 -6.505118 11.792087 -92.814429 0.640069 -0.159171 -0.751649 0.559324 -0.574186 0.597886 0.526752 0.803103 0.278491
2.049631 -32.050017 53.529750 -310.841385 0.001830 0.904880 -0.425664 0.921445 0.163847 0.352268 0.388504 -0.392870 -0.833497
2.028654 -29.630378 97.136762 -333.838639 0.026218 0.913451 -0.406104 0.975404 0.065564 0.210447 0.218859 -0.401633 -0.889265
2.210853 -33.411179 15.508631 -945.271911 0.017786 0.895919 -0.443861 0.951782 0.120808 0.281987 0.306260 -0.427474 -0.850571
0.987885 -28.882612 126.339327 -220.804273 0.008415 0.919674 -0.392593 0.963567 0.097503 0.249061 0.267334 -0.380386 -0.885347
2.120841 -35.866281 -50.742996 805.608874 -0.002264 0.879697 -0.475528 -0.872455 -0.234125 -0.428962 0.488690 -0.413906 -0.768026
1.271051 -30.655582 113.917380 19.142479 -0.024235 0.913198 -0.406795 -0.896078 -0.200255 -0.396160 0.443235 -0.354919 -0.823150
2.139784 -33.466782 1.737819 14.673923 -0.020938 0.889949 -0.455579 -0.824078 -0.273374 -0.496148 0.566089 -0.365044 -0.739111
0.127731 -27.770690 60.686621 382.696586 0.555651 -0.446749 -0.701190 0.683163 -0.235338 0.691306 -0.473857 -0.863152 0.174436
1.059648 -30.138728 4.360266 574.079681 0.557804 -0.460020 -0.690823 0.598098 -0.354292 0.718858 -0.575442 -0.814161 0.077512
0.906753 -29.915262 -2.850657 713.185564 0.516746 -0.450211 -0.728206 0.696495 -0.273559 0.663370 -0.497864 -0.849986 0.172209
0.458033 -27.193034 36.266446 371.290124 0.513677 -0.436681 -0.738543 0.768789 -0.147901 0.622164 -0.380919 -0.887375 0.259743
0.729789 -29.052943 -21.872392 787.355711 0.487391 -0.452447 -0.746821 0.779178 -0.160684 0.605856 -0.394120 -0.877196 0.274221
0.911913 -32.216793 -34.682411 744.150105 0.497337 -0.458025 -0.736797 0.686113 -0.312107 0.657144 -0.530947 -0.832348 0.159034
10.623730 -29.694533 -431.766744 1082.109781 -0.522930 0.103451 0.846074 0.838572 0.240352 0.488905 -0.152778 0.965157 -0.212438
15.009609 -24.720017 -815.834356 767.335444 -0.333547 0.101123 0.937294 0.930234 0.196672 0.309815 -0.153011 0.975241 -0.159667
31.005264 -37.075995 -2416.201890 1789.255000 -0.368525 0.149998 0.917437 0.878877 0.377810 0.291265 -0.302927 0.913652 -0.271062
4.333797 -55.939139 346.337558 2371.874979 0.178073 0.818027 -0.546921 0.754044 0.243662 0.609956 -0.632224 0.521019 0.573438
3.535942 -57.105583 279.006568 474.842717 0.167144 0.823946 -0.541458 0.594903 0.353661 0.721813 -0.786227 0.442761 0.431055
1.045360 -57.607791 40.424567 801.333015 0.135702 0.830305 -0.540535 0.649482 0.337446 0.681398 -0.748170 0.443535 0.493476
3.038340 -57.638292 214.781526 -1419.142046 0.156676 0.831044 -0.533685 0.400710 0.440399 0.803418 -0.902710 0.339729 0.264007
1.680320 -51.529753 -73.088249 2727.563238 -0.146405 -0.821153 0.551610 0.869123 0.159530 0.468162 -0.472431 0.547958 0.690327
0.007754 -56.266625 -42.105887 2536.964742 0.125587 0.822265 -0.555074 0.820352 0.228566 0.524195 -0.557898 0.521188 0.645842
-0.268937 -59.154629 41.061881 -443.874810 0.143896 0.818083 -0.556807 0.496631 0.426977 0.755677 -0.855951 0.385266 0.344845
0.569322 -57.289847 58.600462 -1147.536656 0.141008 0.829012 -0.541162 0.389825 0.455970 0.800080 -0.910029 0.323776 0.258874
-7.975273 -414.129654 1346.621099 40070.992257 -0.109468 0.672560 -0.731901 -0.721749 0.452497 0.523760 -0.683444 -0.585584 -0.435886
-8.962160 -332.475470 3161.730040 -26997.124411 -0.120771 0.682266 -0.721060 0.948485 -0.135016 -0.286614 -0.292902 -0.718529 -0.630813
0.452562 -277.595819 1675.112888 35218.465290 -0.081008 0.700692 -0.708850 -0.725814 0.445946 0.523761 -0.683104 -0.556922 -0.472447
2.502285 -256.208688 -408.201893 7024.578792 0.057992 -0.654444 0.753883 -0.410660 0.672667 0.615530 -0.909943 -0.345285 -0.229745
4.256985 -202.635222 -292.589466 15243.301612 -0.031712 0.657549 -0.752744 -0.475872 0.652352 0.589901 -0.878943 -0.376917 -0.292222
6.881931 -251.249143 -964.059636 35810.375788 -0.063762 0.676026 -0.734114 0.832082 -0.370117 -0.413102 -0.550975 -0.637183 -0.538910
6.117280 -3.773544 -208.293849 -1008.201599 -0.487368 0.229825 0.842409 -0.012080 0.962874 -0.269679 -0.873113 -0.141609 -0.466498
9.829001 0.845065 -400.339461 -1195.781150 -0.515449 0.206016 0.831787 -0.032961 0.965185 -0.259481 -0.856286 -0.161166 -0.490713
4.654800 -10.661562 -347.401640 -2009.285429 -0.500371 -0.162078 0.850505 -0.199418 0.977485 0.068954 -0.842533 -0.135103 -0.521427
2.490708 -15.073849 -182.519364 -2079.003036 -0.494347 -0.073311 0.866168 -0.128540 0.991648 0.010569 -0.859708 -0.106113 -0.499642
-6.996915 -37.347970 -2933.048486 -7261.464906 -0.537392 0.157432 0.828507 0.022262 0.984727 -0.172677 -0.843038 -0.074351 -0.532689
1.441594 -37.308725 -2192.471481 -4538.880900 -0.509334 -0.060665 0.858428 -0.071187 0.997064 0.028224 -0.857620 -0.046734 -0.512157
1.541175 -8.311134 96.527676 -1168.422960 -0.443425 -0.472493 0.761659 -0.366236 0.871108 0.327172 -0.818074 -0.133870 -0.559315
1.483300 -39.121546 -677.001235 1030.590912 0.096080 0.204908 -0.974054 0.704735 0.677072 0.211948 0.702934 -0.706814 -0.079353
3.125389 -29.437353 -640.731452 1294.908801 0.081840 0.225457 -0.970810 0.524454 0.818564 0.234312 0.847497 -0.528321 -0.051250
7.766897 -38.979734 -775.941592 876.045684 0.042480 0.220388 -0.974487 0.722244 0.667162 0.182368 0.690332 -0.711564 -0.130833
-2.291532 -33.884686 -663.660708 1811.379343 0.077311 0.191678 -0.978408 0.549074 0.810932 0.202255 0.832190 -0.552855 -0.042551
1.722772 -1256.750263 5938.814708 402799.880145 0.237736 0.966625 -0.095484 -0.857063 0.255011 0.447674 -0.457083 0.024592 -0.889084
-643.914606 -3697.646884 -83434.067708 482559.619008 -0.215724 0.888576 -0.404841 -0.657086 0.174582 0.733321 -0.722289 -0.424211 -0.546209
-241.974501 -388.420012 26579.907381 18487.220466 -0.275975 -0.669275 0.689862 0.061194 0.704044 0.707514 -0.959215 0.237472 -0.153343
-212.242921 -746.132679 17672.043243 71197.859716 -0.531243 -0.073702 0.844007 0.687188 0.545191 0.480145 -0.495532 0.835066 -0.238982
9.777762 -5.226367 -337.158784 76.263445 0.739482 0.163348 0.653057 0.672869 -0.150071 -0.724380 0.020321 -0.975088 0.220886
8.487697 -5.661462 -311.791885 31.077211 0.763028 0.142546 0.630451 0.646007 -0.200664 -0.736484 -0.021526 -0.969234 0.245198
8.896303 -5.176829 142.231496 9.104863 0.741432 0.275768 0.611744 0.665250 -0.182702 -0.723921 0.087867 -0.943701 0.318916
-0.322070 -48.467520 6.319509 -2684.410081 0.580913 -0.221007 -0.783387 0.758227 -0.203093 0.619552 -0.296026 -0.953892 0.049594
-0.467913 -48.351226 -2.283440 -4756.929295 0.569225 -0.233863 -0.788220 0.719200 -0.322935 0.615195 -0.398415 -0.917072 -0.015628
-0.377163 -36.324489 17.674182 -3087.431136 0.568718 -0.221346 -0.792190 0.678928 -0.417383 0.604027 -0.464345 -0.881361 -0.087096
-0.078831 -40.124475 24.681364 -2239.910750 0.570533 -0.212089 -0.793417 0.719833 -0.335965 0.607428 -0.395389 -0.917685 -0.039010
-90.767184 -1077.624796 -8527.351379 228908.594750 0.280313 0.648668 -0.707569 0.462646 0.554560 0.691680 -0.841061 0.521241 0.144653
-258.047994 -1205.217628 5297.267086 -128504.569753 -0.337693 0.225714 0.913792 0.102488 0.973867 -0.202678 -0.935660 0.025210 -0.352002
-70.678821 -394.640417 -6491.758831 52683.449602 0.114953 0.717405 -0.687107 0.252692 0.647820 0.718662 -0.960694 0.256239 0.106814
17.841166 -53.400337 -440.652121 1948.967132 0.762091 -0.399680 -0.509385 0.632666 0.292407 0.717100 0.137663 0.868766 -0.475705
21.282790 -37.390176 -388.793380 1273.046169 0.712789 -0.556782 -0.426528 0.567439 0.100348 0.817278 0.412244 0.824575 -0.387467
16.450363 -41.339574 -383.187893 1606.961525 0.769022 -0.378610 -0.515034 0.569368 0.039473 0.821134 0.290560 0.924714 -0.245924
-0.284325 -36.298139 240.561363 -395.103966 -0.268268 0.849885 -0.453572 -0.373055 0.342442 0.862301 -0.888179 -0.400535 -0.225188
-1.789689 -30.609376 137.510095 -544.428495 -0.268951 0.784176 -0.559226 -0.292344 0.486763 0.823163 -0.917715 -0.384877 -0.098334
0.442095 -39.886548 145.982247 -129.211142 -0.243985 0.797964 -0.551112 -0.140342 0.533251 0.834235 -0.959571 -0.280885 0.018118
-2.661827 -25.225403 128.085496 -354.322657 -0.349799 0.830368 -0.433739 -0.447643 0.258562 0.856015 -0.822955 -0.493594 -0.281264
0.017186 -32.554713 154.048299 -33.813850 -0.358616 0.878691 -0.315113 -0.562486 0.065996 0.824169 -0.744986 -0.472807 -0.470584
-15.784327 -38.425431 -664.345754 5410.421465 0.628454 -0.416219 0.657120 0.603747 0.793669 -0.074701 -0.490444 0.443680 0.750075
-8.551466 -20.967114 -153.036211 2847.736782 0.504828 -0.554490 0.661581 0.735767 0.677207 0.006150 -0.451438 0.483665 0.749848
-12.027533 -35.217120 -704.688578 4310.236256 0.494147 -0.539983 0.681349 0.702629 0.709595 0.052788 -0.511987 0.452651 0.730053
40.414582 -12.754845 4467.764910 -1330.360857 0.489540 0.866444 -0.098110 -0.783156 0.486355 0.387461 -0.383429 0.112842 -0.916651
53.477883 -13.089612 6073.102566 -504.650818 0.511676 0.845432 -0.153074 -0.723214 0.519997 0.454494 -0.463842 0.121849 -0.877498
45.349610 -20.048224 2543.716199 -1171.472472 0.371442 0.885253 -0.279927 -0.747425 0.463966 0.475490 -0.550806 -0.032608 -0.833996
34.013869 -20.550882 -2449.999089 -1791.505125 0.245124 0.840492 -0.483205 -0.764524 0.474068 0.436765 -0.596169 -0.262360 -0.758782
38.046648 -12.194193 2307.834592 -880.658173 0.350015 0.913394 -0.207847 -0.805407 0.406741 0.431138 -0.478339 -0.016496 -0.878020
6.728291 -15.090936 169.168018 52.110997 -0.554922 0.541157 0.631832 0.359472 -0.528953 0.768758 -0.750228 -0.653726 -0.098997
10.339822 -9.423439 -540.986565 31.320308 -0.488837 0.484969 0.725151 -0.421049 0.596850 -0.683000 -0.764039 -0.639199 -0.087566
7.052488 -15.940556 -256.361211 -615.993988 0.555057 -0.627321 -0.546242 -0.452649 0.323154 -0.831072 -0.697869 -0.708548 0.104587
12.335038 -12.123991 -1074.975592 570.710785 -0.531412 0.391618 0.751157 -0.326134 0.723794 -0.608078 -0.781817 -0.568117 -0.256913
9.147616 -19.185316 -646.986527 -886.158354 0.563524 -0.558695 -0.608523 -0.498852 0.357010 -0.789741 -0.658473 -0.748601 0.077523
10.115579 -14.541541 -209.787646 439.353722 -0.541419 0.379452 0.750254 -0.311580 0.738262 -0.598237 -0.780886 -0.557661 -0.281479
8.555950 -17.412579 462.621020 -224.403148 -0.565576 0.466672 0.679956 -0.377724 0.586344 -0.716607 -0.733109 -0.662132 -0.155349
0.844937 -2.433359 -27.539328 -97.412948 0.975440 -0.218239 0.029808 0.133033 0.691571 0.709952 0.175554 0.688550 -0.703619
0.982240 -2.882374 20.436173 -132.932820 0.965501 -0.260370 0.003985 0.177453 0.669077 0.721697 0.190574 0.696091 -0.692198
0.597881 -3.396576 -98.370059 -132.262843 0.972910 -0.231116 -0.005684 0.163073 0.668634 0.725490 0.163872 0.706763 -0.688209
0.350389 -2.750950 -92.307364 -110.952125 0.961303 -0.269580 -0.056776 0.229063 0.667633 0.708375 0.153058 0.693969 -0.703549
0.888200 -2.050990 -34.682892 -79.696803 0.971036 -0.238908 -0.003480 0.173383 0.694541 0.698248 0.164401 0.678628 -0.715847
-1.312676 -8.987671 65.726081 25.619132 -0.663084 0.619725 0.419834 0.062915 -0.512741 0.856235 -0.745897 -0.594169 -0.301000
-1.843104 -8.160502 71.581967 72.942472 -0.660481 0.600002 0.451401 0.184937 -0.452672 0.872288 -0.727711 -0.659610 -0.188018
-1.030298 -8.488734 20.081863 50.421213 -0.661811 0.625555 0.413142 0.103105 -0.469910 0.876672 -0.742546 -0.622789 -0.246494
-0.847482 -9.624116 -9.891620 61.158776 -0.669857 0.616398 0.413939 0.009312 -0.550482 0.834795 -0.742432 -0.563048 -0.363004
-0.790848 -9.313577 -16.736963 77.212218 -0.665718 0.629890 0.400073 0.038427 -0.506495 0.861386 -0.745214 -0.588813 -0.312978
-0.907126 -8.024353 -5.098698 70.381387 -0.664041 0.634848 0.394990 0.127073 -0.424769 0.896339 -0.736819 -0.645399 -0.201392
-0.582530 -9.931262 -98.951043 -61.004540 0.780959 -0.576245 -0.240927 0.366742 0.110833 0.923697 0.505573 0.809727 -0.297890
-0.201258 -9.447603 -63.784529 -19.819693 0.783882 -0.587047 -0.202250 0.408398 0.242118 0.880108 0.467697 0.772499 -0.429541
0.096381 -9.937542 -32.395130 -66.156725 0.776762 -0.594617 -0.207534 0.340504 0.119296 0.932644 0.529809 0.795109 -0.295134
-0.388573 -10.668536 -46.759686 -97.518942 0.768752 -0.590090 -0.246607 0.308447 0.004303 0.951232 0.560251 0.807326 -0.185320
-6.178076 -40.029816 -294.533384 -899.680866 -0.110681 -0.090533 0.989724 -0.686145 0.727393 -0.010195 -0.718995 -0.680223 -0.142628
0.313864 -42.929774 -520.010975 2434.903667 0.288355 -0.131824 -0.948406 0.708654 -0.636723 0.303962 -0.643942 -0.759741 -0.090185
10.704894 -46.483218 2327.827379 4340.977608 0.180717 0.134537 -0.974290 0.894179 -0.435033 0.105785 -0.409616 -0.890307 -0.198918
-8.396204 -36.254029 -41.144227 1012.156739 -0.270394 0.098662 0.957681 -0.407629 0.889440 -0.206722 -0.872196 -0.446275 -0.200282
-0.119497 -41.064919 361.877822 573.386883 -0.059168 0.343520 -0.937280 0.739637 -0.615473 -0.272267 -0.670400 -0.709356 -0.217664
-8.907303 -37.667069 595.259178 1660.137738 0.024156 -0.261433 0.964919 -0.406752 0.879127 0.248371 -0.913219 -0.398482 -0.085102
-1.095631 -30.211513 -4.543710 -175.694601 0.374980 -0.556095 0.741720 0.547762 0.778401 0.306673 -0.747895 0.291290 0.596492
-0.903066 -29.542856 -12.468154 -171.771074 0.348241 -0.568475 0.745362 0.560460 0.763629 0.320554 -0.751407 0.306115 0.584535
-1.315056 -29.365740 2.884113 -564.313719 0.377593 -0.547627 0.746678 0.259021 0.836648 0.482627 -0.889006 0.011169 0.457759
-0.564645 -27.876870 -19.037851 551.110483 0.354555 -0.568191 0.742596 0.785317 0.612019 0.093329 -0.507512 0.550083 0.663204
-1.188741 -30.354023 9.945968 -606.144782 0.406642 -0.538869 0.737742 0.257042 0.842385 0.473622 -0.876682 -0.002964 0.481061
-0.877361 -28.622278 -14.116038 598.423256 0.375545 -0.559613 0.738783 0.776557 0.625105 0.078757 -0.505890 0.544130 0.669326
-1.079813 -31.216528 3.302643 -153.727939 0.398445 -0.554765 0.730395 0.548943 0.782202 0.294655 -0.734781 0.283541 0.616199
-0.841089 -19.316307 -0.070089 -12.740974 -0.562873 0.690519 0.454266 0.786554 0.278608 0.551099 0.253982 0.667503 -0.699952
-1.151105 -19.839667 -9.074301 2.347231 -0.588638 0.669567 0.452974 0.754939 0.254927 0.604218 0.289089 0.697634 -0.655541
-0.959312 -18.749448 -9.815038 151.732113 -0.585577 0.688109 0.428492 0.670543 0.114161 0.733034 0.455491 0.716570 -0.528257
-0.746183 -18.605311 -9.417432 27.075585 -0.556930 0.704457 0.439965 0.776105 0.252751 0.577736 0.295788 0.663217 -0.687497
-0.704277 -18.761351 -3.246231 -107.394651 -0.538481 0.708687 0.455852 0.837539 0.390713 0.381933 0.092563 0.587457 -0.803944
40.320104 -14.508251 -2054.947748 -111.120318 0.962603 0.045191 -0.267119 0.210106 0.497920 0.841387 -0.171027 0.866045 -0.469804
31.861224 -12.740627 450.458623 -59.476586 0.971102 -0.185002 -0.150783 0.233148 0.600279 0.765054 0.051025 0.778100 -0.626065
45.950082 -13.686867 1590.540796 -112.555626 0.948476 -0.273755 -0.159537 0.273517 0.453232 0.848392 0.159944 0.848316 -0.504756
0.148867 -9.970260 1.294070 72.896612 0.765116 -0.615514 -0.189053 0.464505 0.324298 0.824055 0.445908 0.718313 -0.534034
-0.010208 -11.814062 -0.667982 144.276756 0.745310 -0.628833 -0.221546 0.553653 0.398612 0.731147 0.371459 0.667590 -0.645245
0.558521 -10.116947 3.220430 82.533453 0.763454 -0.615599 -0.195384 0.453032 0.294811 0.841337 0.460325 0.730838 -0.503961
6.529851 -4.180801 736.674182 137.917542 -0.526194 0.100016 0.844462 0.294426 0.953064 0.070582 -0.797767 0.285772 -0.530944
1.159159 -2.588744 525.042459 102.820099 -0.507183 0.105555 0.855350 0.324539 0.942807 0.076089 -0.798399 0.316185 -0.512432
1.785920 -4.003273 566.523520 149.653152 -0.471966 0.184565 0.862081 0.343130 0.939195 -0.013221 -0.812102 0.289566 -0.506598
0.049187 -22.055885 97.021198 -52.173553 -0.761395 0.092354 0.641676 -0.166679 0.928639 -0.331432 -0.626495 -0.359305 -0.691668
1.100989 -23.567104 119.017323 26.605018 -0.756533 0.108143 0.644952 -0.160207 0.925530 -0.343114 -0.634028 -0.362903 -0.682869
0.541320 -22.410297 95.103360 73.830351 -0.753791 0.072932 0.653054 -0.075676 0.977575 -0.196523 -0.652742 -0.197557 -0.731368
-1.747581 -30.475118 29.440808 -415.844048 -0.320695 0.904508 -0.281104 0.510275 0.415014 0.753248 -0.797981 -0.098122 0.594641
-1.451570 -32.309328 44.421332 -414.484409 -0.298005 0.911857 -0.282329 0.489870 0.399940 0.774645 -0.819280 -0.092543 0.565876
-1.844128 -28.278669 26.212897 -421.164917 -0.302634 0.920874 -0.245773 0.368190 0.350803 0.861031 -0.879118 -0.170087 0.445221
-1.933584 -26.818865 -1.099228 -390.456544 -0.328020 0.912399 -0.244809 0.396748 0.368242 0.840826 -0.857318 -0.178680 0.482783
-1.867539 -28.965749 -2.980392 -390.740031 -0.346813 0.897018 -0.274007 0.533570 0.428948 0.728908 -0.771378 -0.106593 0.627386
-0.901452 -9.842676 -241.785610 -113.053024 0.892253 -0.270620 0.361454 0.399044 0.097986 -0.911681 -0.211302 -0.957687 -0.195417
-1.875790 -9.626694 -107.060551 -107.574574 0.915202 -0.237215 0.325781 0.353415 0.083970 -0.931690 -0.193655 -0.967821 -0.160685
-1.413551 -9.695490 -181.090122 -3.474054 0.868991 -0.264180 0.418407 0.439616 0.024035 -0.897864 -0.227141 -0.964174 -0.137024
0.014157 -10.806215 -356.457245 84.646994 0.836982 -0.284901 0.467219 0.494533 0.028228 -0.868700 -0.234305 -0.958141 -0.164519
-0.961859 -10.099856 -191.512173 142.963151 0.794190 -0.248045 0.554740 0.556790 -0.068635 -0.827813 -0.243409 -0.966314 -0.083600
1.018675 -34.746101 38.949128 142.165800 -0.263221 0.952370 -0.153967 -0.422937 0.029525 0.905678 -0.867087 -0.303512 -0.395021
1.522357 -37.839165 -1.511104 293.406971 -0.287771 0.942648 -0.169125 -0.450588 0.022563 0.892447 -0.845079 -0.333026 -0.418253
1.157018 -34.828919 19.693658 158.784168 -0.284620 0.950058 -0.127990 -0.564486 -0.058184 0.823389 -0.774821 -0.306601 -0.552855
1.272756 -36.147369 0.554831 409.746164 -0.274370 0.940953 -0.198316 -0.294748 0.114014 0.948749 -0.915339 -0.318761 -0.246062
0.591932 -32.937626 69.809405 -88.816651 -0.263519 0.957205 -0.119651 -0.546511 -0.045930 0.836192 -0.794911 -0.285743 -0.535226
0.464996 -32.678139 111.754275 -179.777234 -0.236705 0.961043 -0.142715 -0.396610 0.038516 0.917179 -0.886945 -0.273703 -0.372042
0.768581 -33.556893 59.499591 100.412877 -0.245476 0.952406 -0.180731 -0.263932 0.113730 0.957813 -0.932781 -0.282821 -0.223453
-16.480231 -174.406618 2425.777423 2013.338951 -0.060811 0.995218 0.076445 0.997407 0.057635 0.043089 0.038477 0.078867 -0.996142
-35.570405 -532.601436 19696.808854 -52420.522697 -0.104712 0.986094 0.129049 -0.958935 -0.134507 0.249702 -0.263588 0.097602 -0.959685
-14.462791 -341.266700 1408.439773 -46614.913348 -0.193814 0.972583 0.128523 0.979716 0.185086 0.076804 0.050911 0.140802 -0.988728
-14.501942 -337.132206 433.107061 -7330.486121 -0.056597 0.989980 0.129370 0.996630 0.063726 -0.051645 -0.059371 0.126011 -0.990251
-35.819387 -435.678393 2799.272494 -24167.715860 -0.111484 0.982408 0.149821 -0.864101 -0.021369 -0.502865 0.490817 0.185522 -0.851281
6.925243 -29.573474 413.123721 -75.666734 -0.204687 0.909529 -0.361746 0.863418 -0.006324 -0.504450 0.461100 0.415593 0.784009
12.016197 -28.268948 795.738967 -741.792606 -0.178789 0.921275 -0.345379 0.900089 0.011390 -0.435558 0.397335 0.388745 0.831266
6.435097 -28.266577 -410.149278 -295.415692 0.218933 -0.905908 0.362490 0.918267 0.065674 -0.390478 0.329931 0.418351 0.846244
3.040211 -29.411301 -173.599422 163.415279 0.237722 -0.899642 0.366241 0.885451 0.045698 -0.462480 0.399330 0.434230 0.807452
6.158725 -28.006613 -430.130713 97.103457 0.258978 -0.898280 0.354999 0.945939 0.161575 -0.281233 0.195267 0.408640 0.891563
2.542441 -29.635309 -186.538293 117.608493 0.259140 -0.894256 0.364902 0.930835 0.130446 -0.341364 0.257667 0.428125 0.866208
8.498935 -744.054192 -272.927693 21045.302725 -0.076240 0.986430 -0.145409 0.984208 0.097816 0.147533 -0.159755 0.131865 0.978310
4.966905 -468.914153 -879.032628 83095.305924 -0.171055 0.981653 -0.084245 0.854582 0.190377 0.483163 -0.490337 -0.010654 0.871468
64.261914 -461.525861 -6490.834718 -19103.909355 -0.056697 0.994159 -0.091830 0.489357 0.107844 0.865390 -0.870239 -0.004127 0.492613
18.482156 -660.179903 -810.645463 -22802.581559 -0.122991 0.972740 -0.196597 0.641618 0.229071 0.732020 -0.757100 0.036108 0.652301
-18.016126 -714.775889 641.882889 88674.328720 -0.021416 -0.971711 0.235200 0.995605 0.000724 0.093648 -0.091169 0.236172 0.967425
52.354640 -603.341205 -3495.411425 -79128.697812 -0.194854 0.959329 -0.204254 0.786615 0.028451 -0.616787 0.585891 0.280853 0.760167
0.282066 -37.494395 89.508038 -857.185953 0.882257 -0.100043 -0.460015 0.465715 0.328254 0.821802 -0.068786 0.939277 -0.336196
0.982438 -38.000860 57.573771 -463.593735 0.873033 -0.087009 -0.479836 0.487088 0.107901 0.866662 0.023632 0.990347 -0.136582
1.407681 -34.192470 92.908076 -715.731591 0.871846 -0.095941 -0.480292 0.481042 0.352144 0.802865 -0.092105 0.931016 -0.353167
0.696608 -31.851349 130.695589 -803.809524 0.877316 -0.109870 -0.467166 0.445099 0.550275 0.706459 -0.179451 0.827723 -0.531668
-5.468922 -10.130802 57.713419 -55.381762 0.727253 -0.176928 -0.663174 -0.685242 -0.131813 -0.716288 -0.039317 -0.975357 0.217100
-5.514399 -8.819264 27.242504 213.454808 0.660936 -0.208689 -0.720841 0.749556 0.230231 0.620612 0.036445 -0.950496 0.308593
-5.557796 -9.754002 34.209704 -90.698998 0.718662 -0.234667 -0.654566 -0.691453 -0.141525 -0.708423 -0.073606 -0.961718 0.263970
-0.136655 -6.261883 82.182444 58.887601 0.872699 0.385391 0.299783 0.472619 -0.512621 -0.716834 0.122586 -0.767264 0.629507
0.408615 -7.000252 89.260027 58.177040 0.882061 0.378047 0.281156 0.463284 -0.587493 -0.663491 0.085654 -0.715494 0.693348
-1.814096 -6.563662 161.833198 43.995588 0.920163 0.327085 0.215210 0.378000 -0.598851 -0.706040 0.102057 -0.731022 0.674679
-687.715998 -4177.987860 -3124.928179 1095437.752528 0.469019 -0.418180 0.777911 0.865525 0.392908 -0.310629 -0.175748 0.818993 0.546227
-505.966720 -894.424114 -25775.921187 -224481.969733 -0.501409 -0.344806 0.793535 0.794956 0.178426 0.579836 -0.341518 0.921560 0.184641
-381.510749 -474.585077 -14913.339136 -10579.899527 0.705233 0.674933 0.217051 0.227330 -0.505255 0.832489 -0.671540 0.537757 0.509756
-379.445991 -2194.659826 54695.908873 -726516.836531 0.827484 -0.096197 -0.553187 0.552377 -0.037303 0.832759 0.100745 0.994663 -0.022269
-461.290054 -570.748973 80884.357395 97589.511836 0.417267 -0.711020 0.565985 0.892589 0.437698 -0.108194 -0.170803 0.550337 0.817285
-1943.339996 -3749.688381 381438.500525 1327340.807916 0.954793 -0.031196 -0.295629 0.114237 -0.879610 0.461774 0.274444 0.474671 0.836282
-181.246132 -709.038585 23757.474456 142681.166093 0.901247 0.024788 -0.432596 0.371363 -0.558584 0.741670 0.223256 0.829078 0.512627
93.584617 -435.349638 21319.187956 -3677.510715 0.753881 -0.501604 -0.424331 0.368360 -0.212101 0.905165 0.544035 0.838694 -0.024872
44.850402 -354.014152 7967.480880 -36588.756099 0.761625 -0.426097 -0.488231 0.188037 -0.575687 0.795755 0.620137 0.697873 0.358335
45.076903 -368.367994 6348.728045 2320.961625 0.831681 -0.283669 -0.477325 0.431536 -0.210733 0.877136 0.349404 0.935480 0.052849
-13.968997 -18.078982 -88.358749 508.924035 -0.352604 0.668061 0.655259 0.789609 -0.163370 0.591462 0.502183 0.725951 -0.469902
-10.166173 -16.369550 41.070761 97.149948 0.669187 -0.699213 -0.251574 0.525589 0.206039 0.825411 0.525304 0.684579 -0.505377
-7.937501 -15.243685 -116.393884 86.872073 0.726808 -0.686372 -0.025359 0.348793 0.337031 0.874502 0.591687 0.644440 -0.484359
-8.546269 -10.249759 -49.679976 -25.118630 -0.130534 0.376336 -0.917242 -0.602874 0.704332 0.374777 0.787085 0.601903 0.134944
-7.820144 -10.210147 -235.697058 215.569799 0.043982 0.179590 -0.982758 -0.689165 0.717629 0.100297 0.723268 0.672871 0.155330
-4.816427 -8.946029 506.442763 -258.154272 -0.359181 0.115313 0.926117 0.628168 -0.704027 0.331286 0.690213 0.700749 0.180437
-12.646205 -14.976296 -110.599329 -499.231833 0.927037 0.373828 0.029222 -0.353161 0.844278 0.403079 -0.126011 0.383989 -0.914699
-13.792689 -15.768439 -385.445930 -412.042865 0.998611 0.038616 -0.035833 -0.018029 0.889639 0.456308 -0.049499 0.455029 -0.889100
-11.645413 -13.240979 -297.672015 -454.352455 -0.450471 0.832104 0.323541 0.891138 0.441117 0.106251 -0.054307 0.336183 -0.940230
-10.815190 -12.029601 -167.425238 -339.935245 -0.664958 0.698916 0.263341 0.737705 0.669708 0.085340 -0.116716 0.251015 -0.960921
-9.782286 -13.651731 -65.766449 -392.036685 -0.470060 0.849385 0.239977 0.882625 0.451118 0.132156 0.003994 0.273931 -0.961741
1.342718 -7.820753 226.233709 7.451759 0.725517 -0.654326 -0.213266 0.131331 -0.172557 0.976205 0.675557 0.736262 0.039260
0.965716 -6.688574 -9.874413 93.315237 0.758249 -0.645245 -0.093369 0.029040 -0.109643 0.993547 0.651318 0.756067 0.064398
-0.113762 -7.279169 -29.213421 -99.932909 0.737005 -0.622111 -0.264201 0.195529 -0.177934 0.964421 0.646987 0.762442 0.009497
-6.388382 -9.160094 -772.297850 190.496738 0.756030 0.068336 -0.650960 0.580651 -0.529045 0.618835 0.302098 0.845838 0.439653
-2.497078 -9.182085 -856.407900 151.610347 0.708718 0.144479 -0.690539 0.657135 -0.491332 0.571635 0.256695 0.858905 0.443158
-4.561993 -27.363259 73.033154 921.648267 -0.570246 0.408936 0.712455 -0.170548 0.789455 -0.589639 -0.803575 -0.457746 -0.380441
-3.600110 -23.845752 138.027907 1094.884290 -0.516350 0.417848 0.747520 -0.073774 0.847937 -0.524938 -0.853194 -0.326199 -0.407006
-2.205604 -25.183622 142.628911 1036.207735 -0.476899 0.433458 0.764645 -0.103655 0.836139 -0.538634 -0.872825 -0.336134 -0.353824
3.714677 -8.363557 -424.626726 212.893417 0.860469 -0.370483 -0.349764 -0.506438 -0.697105 -0.507509 0.055799 -0.613829 0.787464
1.776358 -9.893347 -298.331070 152.096620 0.826383 -0.411719 -0.384160 -0.548962 -0.740993 -0.386744 0.125430 -0.530488 0.838362
3.651977 -9.543616 -418.112188 166.692040 0.861571 -0.352208 -0.365575 -0.489794 -0.766019 -0.416314 0.133408 -0.537740 0.832489
1.508039 -16.911645 58.486046 125.197255 -0.481963 0.863713 -0.147349 0.765439 0.496885 0.408911 -0.426397 -0.084293 0.900600
-2.107645 -19.236019 -26.544686 25.730842 -0.471576 0.123563 0.873126 0.641713 -0.631032 0.435892 0.604831 0.765853 0.218288
-2.581590 -19.575016 -8.653973 6.547287 -0.527574 0.121431 0.840785 0.618638 -0.623377 0.478213 0.582196 0.772435 0.253756
6.021756 -11.748746 -875.323459 32.319110 0.644641 -0.354041 -0.677564 0.185405 0.932244 -0.310720 0.741662 0.074679 0.666603
5.143329 -12.146078 -815.502400 35.181643 0.649697 -0.349852 -0.674905 0.281266 0.935432 -0.214141 0.706246 -0.050701 0.706149
0.222206 -12.022861 -956.933649 53.931879 0.663185 -0.349562 -0.661809 0.198917 0.934752 -0.294397 0.721538 0.063595 0.689448
6.495868 -9.130558 186.077183 -504.084934 0.627120 0.286153 -0.724456 -0.411211 0.911531 0.004083 0.661533 0.295344 0.689309
10.832513 -7.382859 1516.429363 -914.170580 0.784486 -0.065002 -0.616730 -0.119798 0.959874 -0.253554 0.608465 0.272793 0.745221
5.713543 -10.087663 140.776087 -223.607534 0.640964 0.269973 -0.718526 -0.431356 0.900995 -0.046260 0.634900 0.339592 0.693959
1.401779 -7.490866 -27.450491 -77.599011 0.626517 -0.143668 -0.766052 0.528729 -0.643786 0.553159 0.572645 0.751598 0.327382
2.749840 -8.268225 -84.487781 -47.372499 0.600162 -0.117289 -0.791233 0.498831 -0.718385 0.484861 0.625279 0.685687 0.372640
2.312062 -8.240415 -94.255347 -60.902404 0.648234 -0.153313 -0.745847 0.448909 -0.714241 0.536974 0.615039 0.682902 0.394172
2.501001 -29.910622 45.957878 -246.339398 0.042978 0.901468 -0.430706 0.983959 0.036518 0.174618 0.173141 -0.431302 -0.885438
1.920735 -27.392639 103.253057 -238.403219 0.050991 0.913644 -0.403303 0.997476 -0.026609 0.065834 0.049417 -0.405642 -0.912695
0.814002 -26.865215 128.111315 -323.080548 0.038459 0.920548 -0.388732 0.995313 -0.000744 0.096708 0.088735 -0.390629 -0.916261
-0.760925 -30.252805 106.099817 680.950311 0.590454 -0.465204 -0.659507 0.594764 -0.301551 0.745199 -0.545545 -0.832257 0.098634
0.438013 -32.353127 60.123537 -761.027223 0.583483 -0.468922 -0.663068 -0.517547 0.414494 -0.748558 -0.625854 -0.779940 0.000839
1.899233 -33.091538 -31.154925 -390.505756 0.557541 -0.462394 -0.689448 -0.486735 0.490695 -0.722708 -0.672485 -0.738519 -0.048519
-0.950794 -37.341093 48.824718 -403.521979 -0.116932 0.877619 -0.464878 0.199300 -0.437831 -0.876689 0.972937 0.195163 0.123713
-0.981430 -35.832494 56.280887 -792.041682 -0.124492 0.861889 -0.491579 0.365025 -0.420905 -0.830419 0.922637 0.282819 0.262211
-1.279230 -34.489412 20.708436 -1076.180670 -0.109139 0.878186 -0.465702 0.436947 -0.378426 -0.816009 0.892842 0.292545 0.342420
0.121974 -11.658995 -185.414670 108.146380 -0.288745 0.731322 0.617895 -0.561987 0.393034 -0.727801 0.775111 0.557398 -0.297507
3.390677 -9.788356 -256.054801 99.550536 -0.173201 0.636580 0.751510 -0.714652 0.443815 -0.540648 0.677697 0.630709 -0.378064
1.564268 -10.997492 -217.827008 109.490071 -0.209972 0.690908 0.691778 -0.704037 0.384110 -0.597320 0.678413 0.612458 -0.405773
6.849226 -57.912057 558.837214 41.854372 0.159500 0.834947 -0.526709 0.509529 0.387352 0.768335 -0.845541 0.390923 0.363648
-7.075688 -322.354618 157.106436 -5691.429661 -0.136240 0.658311 -0.740314 0.949600 -0.126171 -0.286951 -0.282309 -0.742096 -0.607943
-6.947782 -234.082698 -413.302592 4568.456955 -0.179042 0.643907 -0.743860 0.980943 0.174824 -0.084773 0.075459 -0.744863 -0.662937
-26.620103 -446.182964 3980.400624 -40052.382791 -0.252036 0.618957 -0.743888 0.942159 0.332448 -0.042596 0.220939 -0.711597 -0.666945
-4.688063 -193.683506 776.102720 6250.431440 -0.089934 0.691018 -0.717221 0.995801 0.074767 -0.052830 0.017118 -0.718961 -0.694840
11.681902 2.102097 -720.663094 -1081.783912 -0.436367 0.560150 0.704142 0.141154 0.815508 -0.561268 -0.888628 -0.145526 -0.434928
15.137220 6.112695 -978.443969 -716.390407 -0.438548 0.600274 0.668840 0.195819 0.790167 -0.580768 -0.877115 -0.123723 -0.464071
9.875613 -31.570061 -652.209810 914.787804 0.048123 0.288589 -0.956243 0.578033 0.772711 0.262290 0.814593 -0.565362 -0.129629
5.235894 -26.930774 -291.699599 1267.286442 0.078482 0.365055 -0.927672 0.367284 0.854499 0.367333 0.926792 -0.369548 -0.067017
-2.896559 -23.509607 -827.767732 1645.675850 0.082195 0.168794 -0.982218 0.371027 0.909527 0.187351 0.924977 -0.379828 0.012131
1.716134 -21.842406 -532.291108 1420.986817 0.098546 0.304078 -0.947536 0.306238 0.896697 0.319613 0.946840 -0.321668 -0.004754
-528.834860 -1035.079095 -23713.278448 -126350.816216 0.764169 -0.640192 -0.078742 0.328955 0.491815 -0.806168 -0.554829 -0.590146 -0.586424
-58.123724 -387.139932 9170.288092 -38387.346501 0.033005 -0.669240 0.742313 0.069273 0.742463 0.666296 -0.997052 0.029431 0.070865
-1.824737 -52.675441 66.925630 2604.124446 0.067990 -0.905621 0.418602 0.970371 -0.037480 -0.238696 0.231858 0.422429 0.876240
0.100251 -37.856705 211.171599 1785.661973 0.083974 -0.901358 0.424856 0.906167 -0.108278 -0.408825 0.414500 0.419321 0.807688
-1.901508 -53.989734 -66.185323 3092.082170 0.036501 -0.893387 0.447804 0.962161 -0.089663 -0.257309 0.270027 0.440251 0.856308
0.300252 -4.169064 -634.796012 122.235022 0.741833 0.514625 0.429936 -0.649757 0.393070 0.650624 -0.165832 0.762008 -0.625973
1.130196 -3.840026 -479.858517 -129.353740 0.950103 0.295472 0.100002 -0.252978 0.542297 0.801197 -0.182500 0.786518 -0.589986
-3.045451 -6.172496 -398.761831 -214.409678 0.986516 0.149841 -0.065838 -0.030364 0.562841 0.826007 -0.160826 0.812870 -0.559801
-0.832765 -28.994144 -103.971412 535.504695 0.602481 -0.379384 -0.702200 0.794528 0.201562 0.572798 -0.075774 -0.903017 0.422869
-0.969331 -32.146731 -15.817354 752.543841 0.635278 -0.359547 -0.683482 0.756811 0.113569 0.643692 -0.153816 -0.926190 0.344257
-0.518159 -28.850473 33.750626 819.211228 0.592618 -0.360436 -0.720341 0.805422 0.254105 0.535467 -0.009959 -0.897506 0.440890
-0.062040 -25.790607 10.517099 566.392851 0.581542 -0.364213 -0.727432 0.809495 0.347870 0.472974 0.080789 -0.863907 0.497130
-0.451156 -25.756469 0.010896 449.986517 0.575139 -0.369050 -0.730080 0.817700 0.285661 0.499764 0.024118 -0.884421 0.466067
8.918528 -2.531268 -143.022183 -97.487233 0.738157 0.169666 0.652945 0.668714 -0.056130 -0.741398 0.089140 -0.983902 0.154891
9.078742 -2.577811 -147.030789 -13.562268 0.740907 0.170387 0.649635 0.666776 -0.070794 -0.741888 0.080418 -0.982831 0.166061
8.934485 -2.667284 80.149454 -97.345737 0.736440 0.267890 0.621201 0.657337 -0.066340 -0.750671 0.159886 -0.961163 0.224949
8.778570 -2.707026 82.494832 -68.768841 0.738530 0.264805 0.620042 0.651412 -0.043071 -0.757501 0.173884 -0.963340 0.204306
8.759306 -2.600452 -106.264767 -15.451552 0.735425 0.183964 0.652156 0.667167 -0.028299 -0.744370 0.118482 -0.982526 0.143546
-4.227141 -7.913667 192.806958 36.952363 -0.623625 -0.562572 -0.542774 0.781408 -0.468350 -0.412372 -0.022220 -0.681293 0.731673
-2.493921 -7.443017 -204.058758 38.173344 0.752040 0.442761 0.488261 0.659100 -0.499696 -0.562042 0.004868 -0.744491 0.667615
-5.114064 -7.474733 178.868358 32.015315 -0.617933 -0.565238 -0.546502 0.784285 -0.394279 -0.478999 0.055274 -0.724603 0.686946
-0.144785 -73.142528 -8.631756 -5089.049537 0.604910 -0.219645 -0.765402 0.780002 -0.029999 0.625057 -0.160252 -0.975119 0.153177
-0.015298 -101.433614 -14.371449 -12775.305924 0.577760 -0.234807 -0.781703 0.749413 -0.226840 0.622032 -0.323379 -0.945203 0.044908
