14276
28541
-9.535178 -13.968008 144.416297 -448.173802 0.966307 -0.172868 0.190703 -0.244062 -0.850719 0.465522 -0.081760 0.496380 0.864246
-11.397552 -14.689331 -77.854977 -309.831567 0.843986 -0.378630 0.379904 -0.496527 -0.819407 0.286414 -0.202851 0.430362 0.879568
-10.093893 -18.732589 128.228973 -545.090363 0.979899 -0.053420 0.192209 -0.117732 -0.932663 0.340996 -0.161050 0.356770 0.920205
-9.037788 -12.174216 -51.238315 242.793890 0.311924 -0.770456 0.555969 0.931285 0.363832 -0.018299 -0.188181 0.523473 0.831002
-4.855066 -18.858427 363.062423 -679.734773 0.970179 -0.222475 0.096220 -0.242381 -0.894039 0.376757 -0.002205 0.388843 0.921301
-3.814584 -14.851273 326.744184 -662.281861 0.947341 -0.299303 0.113858 -0.315267 -0.809382 0.495488 0.056147 0.505291 0.861120
-7.197458 -9.424888 128.635029 -244.009307 0.824296 -0.482959 0.295444 -0.566001 -0.690655 0.450153 0.013356 0.538281 0.842660
-8.123518 -10.148621 -89.163095 143.014066 0.084601 -0.821195 0.564342 0.991824 0.123710 0.031329 -0.095542 0.557077 0.824946
10.101626 -18.361666 -304.040629 -246.097793 -0.647655 0.667655 -0.367124 -0.049075 -0.517384 -0.854345 0.760352 0.535304 -0.367852
11.925615 -19.200481 -143.960671 328.550846 0.787090 -0.543770 0.291211 0.039329 0.515380 0.856059 0.615584 0.662342 -0.427036
10.220199 -20.500193 -209.567160 36.977293 -0.681945 0.633804 -0.365024 0.207192 0.646033 0.734651 0.701443 0.425362 -0.571879
7.244276 -19.457130 -635.252833 12.175915 -0.560754 0.707355 -0.430354 -0.217451 -0.627331 -0.747777 0.798918 0.325738 -0.505593
6.945298 -19.854316 -657.781239 -67.633707 -0.579320 0.666488 -0.469236 0.355870 0.724728 0.590023 0.733311 0.174825 -0.657032
2.253723 -17.849588 -535.919886 -159.006244 -0.559244 0.692840 -0.455214 0.351831 0.695565 0.626422 0.750640 0.190164 -0.632753
1.517645 -2.237734 -106.001938 26.423780 0.829661 -0.507192 0.233279 -0.556997 -0.723869 0.407145 0.037638 0.467728 0.883071
1.419544 -2.860328 -112.952935 123.658497 0.862776 -0.460909 0.207800 -0.503914 -0.750518 0.427545 0.041101 0.473588 0.879787
2.086799 -2.440189 -6.193949 34.919723 0.854181 -0.486263 0.184184 -0.515583 -0.746102 0.421315 0.067450 0.454841 0.888015
2.151892 -2.617239 0.302011 -98.620739 0.812544 -0.542473 0.213296 -0.579136 -0.709790 0.400999 0.066136 0.449357 0.890901
1.534757 -2.650711 -102.241297 -99.650528 0.803925 -0.539095 0.251159 -0.593668 -0.702180 0.393066 0.035541 0.465101 0.884544
-2.278487 -10.657827 -72.013021 -42.532176 0.871581 -0.381951 0.307342 0.003802 0.632154 0.774833 0.490236 0.674162 -0.552426
-2.873223 -11.028009 -40.896771 -38.192862 0.864656 -0.424371 0.268848 -0.010258 0.520138 0.854020 0.502260 0.741192 -0.445388
-2.321292 -10.596325 29.194449 -60.027061 0.847863 -0.456271 0.270082 0.079956 0.613582 0.785572 0.524151 0.644463 -0.556716
-1.596709 -10.107612 26.440122 -83.573226 0.851281 -0.449843 0.270114 0.133197 0.683189 0.717991 0.507522 0.575234 -0.641504
-1.851809 -10.320742 -29.987640 -63.666260 0.870733 -0.370096 0.323809 0.046527 0.717523 0.694979 0.489550 0.590076 -0.641991
-1.020677 -15.758217 3.275696 -81.264360 0.877117 -0.457402 0.146453 0.423642 0.880494 0.212739 -0.226258 -0.124554 0.966071
-0.995104 -16.180935 2.507595 -82.999958 0.869850 -0.477677 0.123229 0.440043 0.864229 0.243868 -0.222988 -0.157902 0.961948
-1.329782 -16.738756 0.386143 -47.080028 0.859866 -0.491820 0.136909 0.495946 0.868341 0.004534 -0.121114 0.064001 0.990573
3.105441 -17.639637 15.127384 412.395535 0.829158 -0.505010 0.239713 0.086422 0.539460 0.837564 0.552294 0.673757 -0.490942
2.886860 -16.286636 -5.839898 -186.836928 0.831528 -0.507313 0.226262 0.055017 0.480539 0.875246 0.552751 0.715343 -0.427492
2.912430 -17.481534 -18.009391 380.397745 0.855237 -0.478991 0.197831 0.093293 0.517803 0.850398 0.509771 0.708835 -0.487530
-0.979881 -30.345886 -4.586848 -583.373801 0.814100 -0.574011 0.088046 -0.568709 -0.757359 0.320900 0.117518 0.311317 0.943012
-1.302079 -25.311487 16.659343 -494.334262 0.804560 -0.587286 0.088192 -0.525253 -0.634414 0.567123 0.277113 0.502607 0.818898
-0.900672 -29.781580 -1.972761 -539.900984 0.828912 -0.551580 0.093086 -0.549872 -0.772913 0.316615 0.102691 0.313632 0.943975
-0.531041 -30.260160 -11.864523 83.672116 0.827412 -0.553563 0.094638 0.554002 0.832169 0.023991 -0.092035 0.032580 0.995223
0.302069 -18.982011 38.676522 -31.719916 0.838861 -0.543241 0.034658 -0.492149 -0.784091 -0.378141 -0.232597 -0.300151 0.925099
0.092353 -18.145025 32.921172 109.424671 0.853311 -0.519089 0.049070 -0.394091 -0.703715 -0.591166 -0.341399 -0.485110 0.805056
0.697865 -19.817694 42.268674 -32.326303 0.845727 -0.531705 0.045114 -0.473161 -0.786316 -0.397272 -0.246706 -0.314637 0.916591
-0.087103 -17.370301 13.683421 75.036642 0.849137 -0.525289 0.055122 -0.405089 -0.714669 -0.570220 -0.338924 -0.461865 0.819641
0.911751 -19.714469 56.638466 -64.324832 0.824214 -0.565525 0.029195 -0.553276 -0.815203 -0.171262 -0.120653 -0.125003 0.984793
-0.137060 -18.351365 11.857275 -31.105432 0.835686 -0.547505 0.043216 -0.498695 -0.789434 -0.357906 -0.230072 -0.277546 0.932757
0.363280 -18.980401 40.579437 -32.878442 0.821780 -0.569271 0.024643 -0.559470 -0.814321 -0.154514 -0.108027 -0.113190 0.987683
4.724666 -16.073401 -16.996915 278.940332 0.895785 -0.437657 -0.077621 -0.296493 -0.458245 -0.837916 -0.331150 -0.773607 0.540251
3.461530 -12.623084 17.474854 51.192651 0.896443 -0.421001 -0.138378 -0.315629 -0.387358 -0.866217 -0.311076 -0.820190 0.480125
3.754920 -14.776334 55.710157 -48.517944 0.909585 -0.411937 -0.054432 -0.207119 -0.335921 -0.918835 -0.360218 -0.847033 0.390869
4.812670 -16.335059 -21.597239 414.242585 0.890382 -0.431998 -0.143520 -0.361497 -0.479399 -0.799685 -0.276659 -0.763907 0.583014
4.037708 -14.877442 11.602439 -16.473726 0.885943 -0.462654 -0.032499 -0.214137 -0.345885 -0.913515 -0.411400 -0.816281 0.405506
4.104836 -15.840810 -14.335063 273.575338 0.886549 -0.462354 -0.016114 -0.259898 -0.468926 -0.844133 -0.382732 -0.752554 0.535891
5.707433 -21.809852 -92.654277 604.746276 0.894713 -0.445747 -0.028255 -0.319772 -0.595119 -0.737279 -0.311825 -0.668688 0.674998
5.917973 -24.372405 -45.122584 751.832462 0.908739 -0.407463 -0.090370 -0.339323 -0.595220 -0.728405 -0.243008 -0.692595 0.679161
-0.209538 -10.785009 6.869689 22.084995 0.738772 -0.629707 0.240177 -0.139352 0.205943 0.968591 0.659391 0.749037 -0.064394
-0.524760 -10.497983 16.302795 -5.366690 0.735939 -0.636319 0.231283 -0.239856 0.074415 0.967952 0.633138 0.767828 0.097861
-0.198490 -10.713310 12.798263 35.399828 0.740489 -0.638522 0.209679 -0.128897 0.171268 0.976756 0.659592 0.750304 -0.044519
2.071185 -36.622445 -330.708066 -1479.785891 0.715353 -0.212634 0.665625 0.273289 0.961837 0.013553 -0.643105 0.172213 0.746163
0.540134 -44.807279 -297.805951 -1308.888908 0.711392 -0.236118 0.661944 0.460375 0.868219 -0.185068 -0.531014 0.436398 0.726347
6.564613 -35.365722 -667.343370 -1215.630041 0.720718 -0.177147 0.670213 0.287589 0.956083 -0.056553 -0.630761 0.233504 0.740011
8.530596 -28.200348 -688.131579 -1515.820803 0.736651 -0.139462 0.661737 0.088872 0.989983 0.109706 -0.670408 -0.022005 0.741666
11.689814 -27.055992 -792.844095 -954.427277 0.768700 -0.117070 0.628804 0.136253 0.990513 0.017846 -0.624928 0.071958 0.777359
10.347780 -34.935550 -899.856344 -974.534792 0.741067 -0.149851 0.654496 0.299059 0.946413 -0.121929 -0.601152 0.286091 0.746169
2.206102 -1.383007 -230.447414 18.021732 0.913706 -0.402721 -0.054380 0.401472 0.873833 0.274293 0.062944 0.272455 -0.960107
3.584209 -1.287157 -173.562849 -35.008558 0.839034 -0.540242 -0.064501 0.534937 0.797478 0.279054 0.099318 0.268640 -0.958107
2.130975 -1.377912 -213.705623 -4.517866 0.875164 -0.477137 -0.080177 0.478549 0.829240 0.288708 0.071267 0.291035 -0.954054
2.693073 -270.477854 708.563654 18419.982458 -0.870620 0.290365 -0.397125 0.106576 0.899390 0.423955 0.480272 0.326780 -0.813974
3.490857 -85.650793 -53.206513 3540.439777 0.797539 -0.464756 0.384622 -0.070204 0.561730 0.824337 0.599169 0.684443 -0.415373
-37.160393 -882.007199 -2129.114496 73642.888724 0.879386 -0.385568 0.279315 0.108439 0.733444 0.671045 0.463596 0.559819 -0.686791
44.151820 -329.856650 -3172.290077 29718.672339 -0.735908 0.313192 -0.600292 -0.154903 0.785196 0.599560 0.659125 0.534208 -0.529317
-4.679657 -147.660516 414.494805 -5636.659337 -0.905661 0.350996 -0.237865 0.352936 0.934960 0.035847 0.234976 -0.051486 -0.970637
6.159172 -148.958842 282.074604 -2239.489881 -0.823131 0.413123 -0.389595 0.312171 0.902321 0.297264 0.474347 0.123067 -0.871694
3.417921 -227.563548 717.182935 -17603.589300 -0.861202 0.433230 -0.265786 0.456767 0.889050 -0.030873 0.222922 -0.147990 -0.963538
-46.029413 -1864.632328 -3662.961516 286734.030028 0.735539 -0.576729 0.355479 0.333186 -0.148923 -0.931026 -0.589889 -0.803247 -0.082620
-292.600992 -3369.114523 -19010.509993 -1126595.654653 0.749359 -0.528442 0.399012 0.610641 0.784538 -0.107783 0.256083 -0.324421 -0.910589
-54.229021 -1886.003012 -3413.081568 296463.700826 0.799606 -0.421495 0.427754 0.397980 -0.161484 -0.903070 -0.449715 -0.892337 -0.038623
6.018688 -2.289473 -369.542409 137.579179 0.219486 0.871762 0.438015 0.836330 -0.399306 0.375641 -0.502372 -0.283877 0.816723
0.607687 -3.775236 -555.922280 114.137738 0.164030 0.858812 0.485320 0.849371 -0.373158 0.373259 -0.501661 -0.350991 0.790659
4.924563 -3.037247 -649.536730 86.092909 0.264292 0.814765 0.516050 0.805538 -0.480721 0.346433 -0.530338 -0.324139 0.783375
7.905778 -2.392879 -354.655070 64.409315 0.329265 0.835119 0.440636 0.793323 -0.497748 0.350551 -0.512078 -0.234142 0.826410
8.255446 -1.770390 58.221431 51.619062 0.354942 0.893623 0.274688 0.816367 -0.439447 0.374741 -0.455588 -0.091235 0.885503
7.595667 -0.702989 16.863652 193.944050 0.347355 0.891822 0.289825 0.835885 -0.434551 0.335352 -0.425018 -0.125775 0.896404
2.763683 0.489540 -193.468135 442.016541 -0.314985 0.933028 -0.173905 -0.912041 -0.348262 -0.216551 0.262612 -0.090398 -0.960658
1.902220 -4.657842 -46.398381 -297.043487 -0.709795 0.652786 -0.264691 0.623861 0.757048 0.194100 0.327090 -0.027360 -0.944597
2.726494 -0.180287 -73.822282 445.470687 -0.471662 0.867149 -0.159964 -0.843510 -0.496569 -0.204719 0.256955 -0.038373 -0.965661
5.660945 2.019275 -569.366896 91.241154 0.303510 0.951977 0.040274 -0.925645 0.304612 -0.224485 0.225972 -0.030854 -0.973645
7.554185 2.070808 -757.700024 26.001642 0.413318 0.909794 0.037981 -0.875106 0.408398 -0.259616 0.251709 -0.074066 -0.964965
0.142196 -6.841014 -109.404184 24.663085 0.559580 0.795918 0.231053 -0.739682 0.605371 -0.293932 0.373819 0.006428 -0.927480
0.686854 -7.451729 -133.323844 57.634369 0.572360 0.786592 0.231684 -0.699399 0.615784 -0.362838 0.428072 -0.045634 -0.902592
1.191588 -7.109295 -4.829604 54.166732 0.465773 0.849061 0.249300 -0.778049 0.527146 -0.341695 0.421538 0.034815 -0.906142
0.689104 -6.337470 -5.208271 40.577815 0.466471 0.849345 0.247017 -0.809856 0.522403 -0.266887 0.355722 0.075553 -0.931533
0.648704 -6.871016 87.358693 72.318762 0.369049 0.891711 0.262019 -0.831829 0.442654 -0.334839 0.414564 0.094383 -0.905113
1.265537 -7.636876 111.216837 93.803745 0.360183 0.893442 0.268382 -0.796850 0.444247 -0.409480 0.485075 0.066373 -0.871950
-1.795592 -14.206427 1165.309709 259.686864 0.843387 0.520123 -0.134799 -0.519498 0.853410 0.042581 0.137186 0.034116 0.989958
-1.180115 -11.248345 706.457185 -365.065361 0.830547 0.551268 -0.079347 0.556792 -0.818470 0.141736 -0.013191 0.161898 0.986719
-8.859843 -15.077222 1309.458385 -500.989997 0.919200 0.382503 -0.093611 0.389243 -0.918564 0.068776 0.059681 0.099656 0.993231
-11.301136 -15.874204 1430.393593 122.253833 0.882356 0.461350 -0.092763 -0.448027 0.883877 0.134290 0.143946 -0.076931 0.986591
-14.269819 -18.569501 531.483738 -764.879318 0.998271 -0.045191 -0.037585 -0.046753 -0.998033 -0.041770 0.035624 -0.043455 0.998420
-13.138014 -16.955503 403.935936 -1192.896981 0.998892 -0.033474 0.033068 -0.037215 -0.992088 0.119903 -0.028793 0.121001 0.992235
6.824878 -153.080820 -528.910760 -20836.125004 -0.768277 0.595939 -0.233683 -0.129851 -0.502564 -0.854733 0.626809 0.626327 -0.463492
3.357087 -21.791582 -157.118130 -1224.482821 -0.677084 0.710081 -0.193241 -0.279537 -0.491075 -0.825048 0.680747 0.504609 -0.530993
3.570789 -16.954445 -123.032148 964.268782 -0.737095 0.641322 -0.213065 -0.258653 -0.559005 -0.787789 0.624331 0.525566 -0.577920
3.502692 -53.265577 117.084364 3667.507760 0.818188 -0.546469 0.178718 0.185628 0.545267 0.817451 0.544161 0.635653 -0.547571
6.799281 -165.905697 310.964705 13297.479807 0.827109 -0.531226 0.183547 0.147206 0.519924 0.841433 0.542421 0.668938 -0.508233
2.418073 -12.582530 11.019609 -410.563847 0.154514 -0.030550 0.987518 0.778594 0.619071 -0.102673 -0.608207 0.784741 0.119441
2.467225 -15.025754 47.237622 477.258050 0.083164 -0.167977 0.982277 0.773481 0.632382 0.042656 -0.628340 0.756225 0.182519
2.352865 -11.652106 49.387741 227.537097 0.051559 -0.156544 0.986324 0.761187 0.645498 0.062660 -0.646480 0.747547 0.152441
0.060315 -38.982235 98.130179 2546.846776 0.257149 0.134124 -0.957019 0.774839 0.563190 0.287127 0.577494 -0.815370 0.040899
-2.313514 -32.078108 61.474321 2617.594396 0.298240 0.131354 -0.945410 0.595901 0.748119 0.291926 0.745624 -0.650434 0.144845
-5.567020 -245.340906 -614.390225 26510.301999 0.181781 0.089730 -0.979237 0.774908 0.599988 0.198829 0.605371 -0.794961 0.039534
-7.643759 -8.974561 -29.277586 291.065793 0.551259 0.124159 -0.825044 0.715001 -0.579926 0.390461 -0.429985 -0.805153 -0.408463
-7.190828 -9.008900 389.421946 -35.112857 0.923106 -0.348466 -0.162627 0.046399 0.520745 -0.852450 -0.381737 -0.779356 -0.496871
-5.347178 -7.241361 371.066665 -201.056505 0.939526 -0.311612 -0.142089 0.007090 0.432492 -0.901610 -0.342405 -0.846078 -0.408546
1.231306 -19.853177 -502.527386 116.436824 -0.554945 0.241878 -0.795947 0.813562 0.357522 -0.458580 0.173648 -0.902038 -0.395188
-2.308942 -10.444046 -919.713861 227.292767 -0.684134 0.125431 -0.718490 0.703700 0.372501 -0.605021 0.191750 -0.919516 -0.343106
0.210602 -29.896892 154.419913 -2850.221087 -0.599360 0.426694 -0.677274 0.721426 -0.078685 -0.688007 -0.346860 -0.900967 -0.260667
2.824734 -10.304838 397.364050 -753.381058 -0.311139 0.483895 -0.817947 0.892130 -0.147932 -0.426873 -0.327562 -0.862532 -0.385670
2.344456 -19.799678 441.502443 -1327.679915 -0.373571 0.530169 -0.761161 0.860738 -0.107773 -0.497509 -0.345797 -0.841015 -0.416076
-10.670552 -55.263014 -750.349154 -3831.371204 0.656771 -0.542834 0.523434 0.624684 0.002834 -0.780873 -0.422401 -0.839835 -0.340961
-6.668477 -10.293789 440.779206 102.554348 0.957481 -0.286773 0.031479 -0.101944 -0.438394 -0.892983 -0.269884 -0.851805 0.448989
-5.914577 -10.766387 566.326847 122.153961 0.972613 -0.201368 0.116078 -0.011197 -0.539425 -0.841959 -0.232159 -0.817601 0.526907
-9.040248 -12.485004 -49.307861 236.215665 0.853898 -0.011012 0.520325 0.392173 -0.643640 -0.657212 -0.342139 -0.765249 0.545285
-9.763975 -14.509875 -211.132886 20.705529 0.684763 0.191265 0.703219 0.561385 -0.753740 -0.341646 -0.464700 -0.628724 0.623507
-8.494026 -14.653924 -282.904680 135.984109 0.695398 0.059548 0.716154 0.536385 -0.706214 -0.462118 -0.478239 -0.705490 0.523040
-8.652114 -11.624829 -180.857997 227.954601 0.850436 -0.086891 0.518853 0.385056 -0.569204 -0.726456 -0.358456 -0.817592 0.450614
-1.955820 -9.348292 -76.318167 79.455808 -0.628555 0.630821 -0.454954 0.629812 0.069606 -0.773623 -0.456350 -0.772800 -0.441050
-1.187955 -9.843268 47.469301 73.251249 0.657492 -0.607984 0.445039 0.576349 0.025383 -0.816810 -0.485311 -0.793543 -0.367100
-1.727673 -10.331580 78.880581 72.231849 0.622296 -0.619041 0.479098 0.581851 -0.043623 -0.812125 -0.523638 -0.784146 -0.333043
-2.673923 -10.521114 105.816803 80.135224 0.604327 -0.637387 0.478045 0.583709 -0.054187 -0.810153 -0.542285 -0.768636 -0.339301
-3.267517 -9.603490 -123.164633 82.924377 -0.612416 0.644340 -0.458009 0.636519 0.058325 -0.769053 -0.468818 -0.762512 -0.445854
-3.051988 -9.926006 -10.561235 213.995917 0.907248 -0.365900 0.207410 0.295045 0.905106 0.306155 -0.299750 -0.216563 0.929113
-2.921470 -10.891352 -149.267731 195.091951 0.826174 -0.527348 0.198347 0.439005 0.823191 0.360045 -0.353146 -0.210384 0.911606
-3.994604 -12.116787 6.490159 -37.452193 0.888859 -0.420790 0.181290 0.311793 0.845435 0.433619 -0.335731 -0.328901 0.882671
-1.867486 -6.414936 -125.981947 699.733491 0.836157 -0.503753 0.216967 0.463359 0.860431 0.212031 -0.293497 -0.076757 0.952874
-2.000637 -6.101821 74.441258 627.164676 0.952522 -0.155014 0.262053 0.122076 0.982921 0.137706 -0.278924 -0.099177 0.955178
0.125876 -12.702895 22.275284 -316.508472 0.824247 -0.557444 0.099368 0.019249 -0.147805 -0.988829 -0.565904 -0.816952 0.111097
-0.169899 -12.171618 20.187488 77.731948 0.823935 -0.521145 0.222575 0.093775 -0.261964 -0.960511 -0.558872 -0.812271 0.166971
0.470759 -14.039347 10.033702 -347.583690 0.822379 -0.551259 0.140733 0.074228 -0.141287 -0.987182 -0.564076 -0.822284 0.075273
0.159445 -27.560378 17.729906 223.286288 0.731293 -0.681886 -0.015533 -0.312181 -0.354875 0.881253 0.606426 0.639606 0.472389
-0.349103 -24.289495 24.543683 524.816065 0.733853 -0.679194 -0.012494 -0.452771 -0.502755 0.736367 0.506417 0.534728 0.676467
0.197583 -24.194498 16.172740 502.396137 0.734168 -0.678856 -0.012300 -0.442955 -0.492618 0.749079 0.514576 0.544501 0.662367
3.129533 -7.525539 248.153731 7.344206 0.938986 -0.329689 -0.098034 -0.217738 -0.349120 -0.911431 -0.266263 -0.877166 0.399604
2.138516 -7.555192 158.284578 -20.091607 0.911347 -0.369805 -0.180807 -0.287038 -0.256067 -0.923060 -0.295053 -0.893126 0.339514
3.721934 -6.890736 59.613087 -32.976965 0.928861 -0.361258 -0.081910 -0.207960 -0.325574 -0.922363 -0.306543 -0.873782 0.377540
4.828799 -7.003642 54.903478 18.311233 0.938895 -0.344192 -0.002745 -0.148947 -0.399085 -0.904735 -0.310307 -0.849860 0.425966
7.424539 -15.009439 -470.477773 -179.492335 -0.462831 -0.548653 -0.696252 0.780524 -0.624556 -0.026694 -0.420203 -0.555796 0.717301
11.108340 -12.866667 -826.823758 255.472429 -0.337865 -0.671027 -0.659977 0.917919 -0.389903 -0.073484 -0.208017 -0.630634 0.747683
17.824800 -17.696438 159.334283 -20.235008 -0.271219 -0.517480 -0.811575 0.916819 -0.395617 -0.054136 -0.293058 -0.758750 0.581734
1.037337 -22.983293 -5.445038 137.502052 0.746749 -0.609261 0.266771 0.593746 0.429908 -0.680180 -0.299721 -0.666318 -0.682780
1.324777 -21.691569 10.879231 114.455938 0.736947 -0.617885 0.274095 0.594726 0.399972 -0.697369 -0.321264 -0.676935 -0.662230
1.629706 -23.521929 21.252526 147.182847 0.731959 -0.621050 0.280239 0.540057 0.278054 -0.794371 -0.415422 -0.732791 -0.538926
0.918328 -21.276142 -44.559949 30.098693 0.750791 -0.610921 0.251174 0.624122 0.531593 -0.572609 -0.216297 -0.586673 -0.780404
0.650523 -22.257609 -27.996676 73.217165 0.744102 -0.615962 0.258656 0.643817 0.557801 -0.523791 -0.178357 -0.556281 -0.811628
-3.085643 -21.604970 -12.122384 -129.569315 0.834637 -0.547838 0.057041 0.147633 0.322280 0.935062 0.530646 0.772016 -0.349866
-3.048651 -20.624270 -19.354962 -184.694289 0.844412 -0.532097 0.061976 0.217335 0.446028 0.868231 0.489626 0.719675 -0.492275
-2.705085 -21.501005 -37.972651 -142.921661 0.862086 -0.506223 0.023367 0.139492 0.281376 0.949405 0.487185 0.815209 -0.313185
-2.991345 -21.185699 21.438837 -158.314150 0.803923 -0.586731 0.097234 0.226244 0.452908 0.862373 0.550020 0.671283 -0.496848
-2.966980 -22.718628 -15.739408 -86.820920 0.834367 -0.549735 0.040297 0.063847 0.169000 0.983546 0.547499 0.818065 -0.176107
-3.003821 -22.747280 24.915426 -121.124372 0.797155 -0.598486 0.079741 0.139431 0.310976 0.940135 0.587455 0.738314 -0.331343
1.864364 -26.113855 -91.578302 286.504134 0.761614 -0.601697 0.240636 -0.369654 -0.098386 0.923946 0.532260 0.792642 0.297352
0.451743 -28.323846 -152.459239 108.714536 0.755671 -0.611051 0.235750 -0.355982 -0.081054 0.930971 0.549762 0.787431 0.278773
1.903154 -27.045609 -116.932623 -46.399621 0.746390 -0.607674 0.271356 -0.286252 0.074955 0.955218 0.600801 0.790642 0.118002
-1.256208 -32.208552 0.304382 -169.343629 -0.480060 0.821373 -0.308039 0.626564 0.075282 -0.775726 0.613971 0.565401 0.550783
-1.370631 -35.682086 6.609629 -187.413435 -0.460368 0.830135 -0.314542 0.524203 -0.031741 -0.851001 0.716430 0.556658 0.420547
-1.553848 -33.647219 -4.551241 -2.531121 -0.476865 0.820736 -0.314630 0.473155 -0.061975 -0.878797 0.740759 0.567936 0.358781
-1.356684 -34.383480 12.462285 -197.525783 -0.502479 0.809468 -0.303771 0.575285 0.050746 -0.816377 0.645416 0.584968 0.491173
-1.310722 -11.136470 -7.531413 144.581085 -0.635482 0.733746 -0.240372 0.138896 0.414874 0.899215 -0.759520 -0.538048 0.365559
-0.558661 -10.381685 137.094620 108.231712 -0.603497 0.772580 -0.197259 0.158242 0.358513 0.920015 -0.781506 -0.524011 0.338616
-1.832709 -11.923592 42.024053 44.389139 -0.626351 0.715093 -0.310365 -0.037377 0.370131 0.928227 -0.778644 -0.592997 0.205104
4.985987 -211.084802 -522.767295 -15014.856298 0.302955 -0.368913 0.878705 0.249924 0.920520 0.300301 -0.919650 0.128632 0.371076
55.418420 -371.273757 -3109.835648 -40208.231763 0.455739 -0.235636 0.858358 0.235317 0.961910 0.139123 -0.858445 0.138583 0.493829
9.485426 -161.501662 -296.899251 -13299.356490 0.398238 -0.268117 0.877223 -0.067193 0.945232 0.319408 -0.914818 -0.186144 0.358411
-2.364095 -53.454050 -329.886587 -2504.106900 0.350580 -0.296976 0.888200 -0.184409 0.907934 0.376362 -0.918197 -0.295738 0.263539
27280.815690 -79.655575 -21524715.626034 -124756.972537 0.024704 0.748128 0.663094 -0.360017 0.625449 -0.692243 0.932619 0.221624 -0.284790
-111.942952 -15446.350894 -3606.897742 -2989478.129870 0.954352 -0.249891 0.163605 0.032616 -0.457286 -0.888721 -0.296898 -0.853489 0.428261
-68.200855 -1645.671227 -3468.072308 34437.299678 0.880889 -0.340959 0.328300 0.425444 0.874347 -0.233483 0.207440 -0.345346 -0.915262
-97.015367 -2568.471431 -4848.439292 -261186.314014 0.780229 -0.524592 0.340656 -0.087722 0.447465 0.889989 0.619312 0.724278 -0.303107
-4.327923 -8.825418 -107.118621 142.933552 -0.842697 0.404451 -0.355360 0.343375 0.912130 0.223860 0.414675 0.066624 -0.907527
-4.266070 -9.311524 -66.293353 20.783774 -0.800255 0.502509 -0.327226 0.490826 0.862390 0.123989 0.344502 -0.061388 -0.936776
-5.408998 -10.020705 -24.992745 67.856495 -0.833335 0.490328 -0.255209 0.454381 0.870553 0.188881 0.314786 0.041439 -0.948258
0.034087 -11.537148 -24.872867 -50.179154 0.708444 -0.557067 0.433340 0.683389 0.694838 -0.224010 0.176312 -0.454838 -0.872947
-0.283915 -11.978453 -0.164072 -80.449407 0.707316 -0.551496 0.442217 0.688561 0.679067 -0.254464 0.159960 -0.484480 -0.860053
-0.027780 -11.222879 -8.732330 -7.285035 0.729904 -0.527853 0.434294 0.678359 0.637516 -0.365243 0.084075 -0.561200 -0.823399
0.734101 -9.885693 -16.830822 -23.426866 -0.787402 0.502813 -0.356619 0.510407 0.856184 0.080213 0.345664 -0.118860 -0.930800
0.472847 -9.566657 -13.556667 -52.452222 -0.808092 0.462865 -0.364339 0.475858 0.877516 0.059379 0.347198 -0.125390 -0.929371
0.395118 -10.057378 -17.863878 -3.654312 -0.784457 0.502623 -0.363315 0.467203 0.864194 0.186790 0.407860 -0.023213 -0.912749
86.112086 -349.146741 7061.023285 41471.188521 0.608358 0.162342 0.776882 0.282911 0.870197 -0.403383 -0.741526 0.465190 0.483463
142.359406 -180.142136 21331.742673 -17578.524746 0.782673 0.560786 0.270078 -0.010133 -0.422369 0.906367 -0.622351 0.712126 0.324894
424.448011 -488.276723 49506.255087 36233.184038 -0.450884 -0.467522 -0.760346 0.890263 -0.174175 -0.420828 0.064313 -0.866652 0.494750
-22.190303 -130.448346 -432.623873 4080.105869 0.154857 0.070639 0.985408 -0.024530 0.997408 -0.067644 -0.987632 -0.013697 0.156188
-9.661218 -59.562862 -50.163068 4505.053936 0.275433 0.339460 0.899391 0.294115 0.860959 -0.415026 -0.915223 0.378836 0.137296
-1.782756 -208.239963 326.145006 -16027.357731 0.318862 0.518818 -0.793193 0.925646 -0.350349 0.142950 -0.203729 -0.779797 -0.591955
-2.580006 -155.271324 172.313005 -12449.022809 0.250234 0.431772 -0.866577 0.820198 -0.570128 -0.047225 -0.514450 -0.698947 -0.496803
-2.656498 -129.006202 -50.263771 8106.590460 -0.368430 -0.415299 0.831737 -0.619967 0.776439 0.113064 -0.692749 -0.473993 -0.543535
-2.726797 -133.423318 -35.263130 2577.920347 0.255409 0.402030 -0.879282 0.966210 -0.073506 0.247051 0.034690 -0.912671 -0.407220
-1.394480 -121.779686 -268.743686 8495.022090 -0.286019 -0.516349 0.807203 -0.731927 0.661415 0.163746 -0.618446 -0.543979 -0.567107
-1.492561 -259.910410 126.294301 -20649.769907 0.349139 0.456397 -0.818415 0.900908 -0.403773 0.159163 -0.257813 -0.792887 -0.552145
-1.350640 -139.108628 53.221627 8344.972056 0.288990 0.422443 -0.859085 0.878256 0.240137 0.413523 0.380988 -0.874000 -0.301616
-2.187714 -284.600153 -160.333904 20753.902089 0.196530 0.420029 -0.885975 0.842456 0.389959 0.371751 0.501640 -0.819456 -0.277218
-12.861082 -16.929877 -142.786197 -192.092574 0.865033 -0.306520 0.397194 -0.400401 -0.898807 0.178397 -0.302318 0.313357 0.900229
-10.137333 -14.427957 -39.069182 248.501435 0.573843 -0.639553 0.511543 0.769135 0.635417 -0.068383 -0.281309 0.432687 0.856532
11.680024 -18.171101 155.402238 44.476274 0.928314 -0.361411 0.087269 0.277756 0.830164 0.483403 0.247155 0.424510 -0.871037
13.002695 -17.988963 177.327997 -198.170318 0.950935 -0.292729 0.100159 0.171197 0.767506 0.617758 0.257709 0.570301 -0.779963
12.397816 -15.191093 -8.075858 -46.200357 0.969492 -0.245106 0.002929 0.202352 0.807013 0.554782 0.138344 0.537264 -0.831991
12.827591 -13.848044 -172.827907 -272.275906 0.995886 -0.066930 -0.061093 0.090445 0.776038 0.624167 -0.005635 0.627125 -0.778898
11.312146 -12.442547 -225.839944 21.650116 0.978385 -0.167255 -0.121607 0.206530 0.819855 0.534026 -0.010382 0.547598 -0.836677
11.500214 -14.794183 9.389433 87.634473 0.941552 -0.335417 -0.031224 0.317569 0.852870 0.414442 0.112381 0.400135 -0.909540
1.297554 -4.478571 -68.512292 143.840229 0.890912 -0.421817 0.168362 -0.447238 -0.750254 0.486926 0.079079 0.509106 0.857063
-0.211859 -3.893031 -153.866233 145.273161 0.849389 -0.474753 0.230537 -0.525517 -0.720525 0.452411 0.048676 0.505424 0.861497
2.004733 -3.032276 -12.049444 131.830112 0.882302 -0.442248 0.161121 -0.465507 -0.769255 0.437664 0.069613 0.461155 0.884585
-0.500688 -5.612667 -168.122959 120.931729 0.873229 -0.440791 0.207785 -0.479719 -0.702596 0.525575 0.085680 0.558626 0.824983
0.971570 -6.180829 -139.878553 115.913828 0.896341 -0.407067 0.175695 -0.431537 -0.710084 0.556378 0.101725 0.574524 0.812142
1.749081 -6.118636 -29.368104 120.073534 0.900347 -0.410908 0.143284 -0.416992 -0.720448 0.554142 0.124473 0.558668 0.819998
1.711748 -3.632844 34.628075 142.878491 0.890467 -0.436707 0.127887 -0.444345 -0.773881 0.451293 0.098114 0.458688 0.883164
1.704677 -5.078344 19.556366 136.593436 0.900738 -0.417519 0.119788 -0.416368 -0.751382 0.511921 0.123730 0.510982 0.850640
-0.659621 -10.702596 147.533112 -38.958798 0.820414 -0.521518 0.234392 0.121935 0.560095 0.819406 0.558616 0.643672 -0.523101
-3.958960 -11.270986 -98.142213 -3.900804 0.875914 -0.388779 0.285702 -0.112871 0.410611 0.904798 0.469078 0.824773 -0.315778
-4.141139 -11.351509 10.883607 -19.680655 0.848169 -0.456691 0.268409 -0.067376 0.409573 0.909786 0.525424 0.789736 -0.316617
-2.057279 -11.113686 110.266800 -37.358136 0.822734 -0.522960 0.222758 0.059958 0.469542 0.880872 0.565255 0.711368 -0.417664
-0.609577 -14.028775 -2.933079 136.595212 0.888743 -0.429101 0.161272 -0.328938 -0.841995 -0.427603 -0.319275 -0.326980 0.889465
-0.583191 -14.390168 -2.210318 138.247083 0.881769 -0.450712 0.139074 -0.345280 -0.817652 -0.460682 -0.321349 -0.358195 0.876602
-0.933902 -16.541071 4.761174 -73.214735 0.862276 -0.496934 0.097656 0.457126 0.846705 0.272261 -0.217981 -0.190123 0.957255
3.042457 -19.832650 -22.932825 580.133536 0.872032 -0.460715 0.165232 0.177992 0.612979 0.769789 0.455937 0.641871 -0.616541
3.144762 -22.387378 -8.687139 405.838626 0.879948 -0.454925 0.136875 0.267262 0.712242 0.649063 0.392763 0.534560 -0.748320
3.308976 -22.769455 -14.008199 406.148092 0.868973 -0.460928 0.180087 0.258495 0.733113 0.629067 0.421979 0.500091 -0.756203
-1.067519 -26.250636 7.672149 -570.411186 0.793413 -0.603300 0.080782 -0.533095 -0.624681 0.570599 0.293779 0.495785 0.817246
-1.313679 -20.764820 22.965342 -283.988083 0.775063 -0.624743 0.094730 -0.470439 -0.470426 0.746583 0.421859 0.623214 0.658513
-1.726284 -20.331160 32.551573 -225.176073 0.792731 -0.602016 0.095682 -0.458616 -0.485621 0.744207 0.401559 0.633837 0.661060
0.348847 -18.778731 31.795179 155.992128 0.860365 -0.505705 0.063514 -0.365707 -0.699321 -0.614173 -0.355007 -0.505186 0.786611
-0.139472 -16.681704 22.656892 238.359458 0.863452 -0.499779 0.068353 -0.277899 -0.584389 -0.762405 -0.420979 -0.639305 0.643480
-0.098347 -16.090459 9.622272 215.268975 0.861738 -0.501863 0.074439 -0.284114 -0.598902 -0.748729 -0.420341 -0.624059 0.658683
344.364151 -3.723184 -138843.695655 381.566115 0.837709 -0.543546 0.052937 0.145113 0.128096 -0.981088 -0.526485 -0.829548 -0.186182
870.125879 8.778941 -331313.016774 68.788820 0.838814 -0.531446 0.118131 0.212882 0.120475 -0.969622 -0.501070 -0.838481 -0.214192
564.424693 -1.286310 -188273.237594 248.556792 0.797814 -0.571410 0.192312 0.293928 0.090131 -0.951568 -0.526402 -0.815700 -0.239861
2.449241 -13.030924 77.954356 -244.866386 0.921621 -0.381568 -0.070853 -0.198304 -0.306075 -0.931125 -0.333602 -0.872195 0.357752
2.864986 -14.939963 107.778553 435.897540 0.897472 -0.382884 -0.218961 -0.377919 -0.411557 -0.829336 -0.227425 -0.827055 0.514060
-1.197992 -45.710808 -100.941557 -1661.499157 0.721733 -0.269462 0.637567 0.448339 0.883761 -0.134011 -0.527346 0.382567 0.758650
-1.817903 -49.942238 -131.433003 1025.092252 0.727838 -0.264394 0.632731 -0.580164 -0.729330 0.362612 -0.365597 0.631010 0.684226
3.611959 -1.134292 -208.170545 7.531804 0.895310 -0.442954 -0.047032 0.438374 0.857440 0.269491 0.079045 0.261896 -0.961854
4.611555 -1.145649 -63.399097 -121.021196 0.803021 -0.594780 -0.037336 0.583300 0.771590 0.253791 0.122141 0.225578 -0.966538
3.726668 -1.332826 -211.389251 48.888128 0.938667 -0.344706 -0.009059 0.335150 0.905835 0.259108 0.081110 0.246252 -0.965806
4.397510 -0.746824 -84.555389 0.575430 0.889483 -0.456765 -0.013660 0.443612 0.855922 0.265719 0.109679 0.242412 -0.963954
4.714437 -1.215943 -105.035995 128.542005 0.948732 -0.312970 0.044235 0.289505 0.916581 0.275801 0.126862 0.248855 -0.960196
2.152232 -90.496515 -153.904244 4647.028086 0.829343 -0.403459 0.386538 -0.212969 0.411318 0.886263 0.516561 0.817336 -0.255200
6.433181 -166.900114 104.644762 12705.673730 0.797019 -0.467868 0.381916 -0.309407 0.226764 0.923496 0.518679 0.854212 -0.035974
4.410861 -92.744677 527.380322 4420.862704 0.719035 -0.488558 0.494268 -0.355330 0.352775 0.865615 0.597268 0.798036 -0.080058
-8.784542 -151.200858 280.076943 -124891.085681 -0.630330 0.722775 -0.283338 0.289867 -0.119458 -0.949583 0.720182 0.680681 0.134211
-66.928839 -408.739100 20765.980960 275377.565722 0.873276 0.101040 0.476634 0.334696 0.586510 -0.737553 0.354073 -0.803615 -0.478367
0.520553 -4.124221 -571.360309 58.309189 0.348501 0.752458 0.558887 0.758869 -0.576487 0.302953 -0.550150 -0.318542 0.771923
2.112372 -4.317417 -19.875116 -192.990267 -0.713341 0.663074 -0.226888 0.624081 0.748319 0.224815 0.318853 0.018773 -0.947618
1.694458 -7.315740 -48.873418 -9.253787 -0.770928 0.564873 -0.294260 0.504053 0.823516 0.260292 0.389360 0.052344 -0.919597
-1.076299 -7.449510 179.984453 61.829403 -0.670503 -0.683204 -0.289237 -0.587234 0.726982 -0.355884 0.453411 -0.068771 -0.888644
1.432996 -7.962256 -162.043835 72.766784 0.589487 0.772506 0.236092 -0.647023 0.626534 -0.434531 0.483597 -0.103393 -0.869163
2.904927 -17.265015 -123.023880 1578.135313 -0.695827 0.679390 -0.232923 -0.247732 -0.531447 -0.810057 0.674131 0.505957 -0.538102
2.382800 -14.998856 7.633390 -251.178566 0.181031 -0.057690 0.981784 0.808801 0.576679 -0.115249 -0.559526 0.814931 0.151057
2.074431 -21.446885 11.928242 741.217853 0.084018 -0.197591 0.976677 0.788290 0.612737 0.056150 -0.609541 0.765187 0.207240
4.246553 -86.135516 850.462133 -5400.479321 -0.279001 -0.258126 0.924948 0.773329 0.510644 0.375773 -0.569316 0.820130 0.057146
2.493262 -16.742957 -38.461048 -625.876129 0.190679 -0.017375 0.981499 0.829845 0.536974 -0.151711 -0.524404 0.843420 0.116808
2.690396 -15.817073 -1.428782 424.996746 0.201847 -0.075333 0.976516 0.829839 0.542730 -0.129660 -0.520217 0.836522 0.172063
0.473924 -22.467931 138.995514 1651.811701 0.307626 0.167235 -0.936696 0.617828 0.713574 0.330304 0.723640 -0.680327 0.116191
-1.017945 -12.529054 164.279414 951.436150 0.396726 0.260771 -0.880118 0.458217 0.774538 0.436037 0.795390 -0.576272 0.187789
2.025076 -30.867939 140.729157 1800.152631 0.264706 0.141237 -0.953930 0.767746 0.567714 0.297097 0.583521 -0.811020 0.041843
1.064552 -11.684469 201.426405 893.443186 0.366044 0.238997 -0.899385 0.502179 0.762935 0.407121 0.783472 -0.600676 0.159248
2.392890 -18.893006 210.516432 1337.997696 0.307059 0.187244 -0.933089 0.629300 0.695560 0.346668 0.713930 -0.693640 0.095746
-3.277274 -9.969936 485.815534 -98.536257 0.891770 -0.437397 0.115887 0.317662 0.422783 -0.848732 -0.322238 -0.793687 -0.515969
-4.511458 -38.870827 -1059.378415 7468.331382 -0.373107 0.271882 -0.887058 0.745936 0.656438 -0.112552 0.551698 -0.703683 -0.447728
-2.537969 -9.681861 639.075502 61.207004 0.954302 -0.286424 -0.085259 -0.204392 -0.417426 -0.885426 -0.218018 -0.862390 0.456893
-1.619127 -11.388717 55.350829 100.170313 0.643118 -0.612768 0.459255 0.509678 -0.105073 -0.853925 -0.571513 -0.783247 -0.244740
-1.088282 -11.207029 -10.552419 120.115647 0.662978 -0.624110 0.413457 0.502303 -0.038678 -0.863826 -0.555115 -0.780378 -0.287849
-3.722449 -12.288658 -148.105041 -37.107974 0.824117 -0.531588 0.195563 0.393689 0.785808 0.476985 -0.407234 -0.316101 0.856878
-2.203978 -11.490308 -190.169742 54.412907 0.768919 -0.606419 0.202531 0.469990 0.750889 0.463977 -0.433443 -0.261574 0.862384
-1.303162 -9.041325 -172.804217 357.922541 0.742716 -0.645379 0.178489 0.564832 0.747000 0.350651 -0.359634 -0.159618 0.919340
-2.246670 -21.602251 -72.972309 -604.229594 -0.687020 0.726627 -0.004073 0.302118 0.280544 -0.911054 0.660854 0.627143 0.412267
-2.176150 -25.794936 -91.232509 -538.197728 -0.679043 0.733395 -0.032136 0.181898 0.125684 -0.975252 0.711206 0.668083 0.218748
-3.061658 -20.197803 -19.325975 576.022719 0.719768 -0.690156 0.074960 -0.346308 -0.263373 0.900392 0.601668 0.674032 0.428574
-0.447413 -26.619413 -162.742049 -576.492258 -0.647708 0.760428 0.047161 0.125071 0.167183 -0.977961 0.751553 0.627534 0.203393
-2.995881 -14.600206 -25.059289 536.843889 0.730215 -0.681576 0.047330 -0.424000 -0.397757 0.813642 0.535733 0.614202 0.579436
-2.581585 -15.941310 -73.494002 -570.605934 -0.693060 0.720682 0.016909 0.397304 0.401438 -0.825226 0.601513 0.565213 0.564550
-1.025415 -22.257645 -158.722741 -652.804641 -0.655013 0.752194 0.071853 0.256552 0.310829 -0.915187 0.710732 0.581025 0.396574
-2.244726 -17.081033 -49.530191 -124.278969 -0.792988 0.588909 -0.156063 0.455669 0.743346 0.489696 0.404395 0.317210 -0.857813
-2.151015 -18.786404 -47.916332 -211.505798 -0.779627 0.608200 -0.149246 0.406711 0.672956 0.617831 0.476201 0.420978 -0.772017
-1.202385 -17.592949 -66.276467 -146.132624 -0.764053 0.618600 -0.183185 0.476637 0.732602 0.485912 0.434787 0.283950 -0.854595
-2.848111 -18.345057 24.499743 -139.903715 0.815251 -0.565561 0.124526 0.373129 0.677439 0.633917 0.442878 0.470337 -0.763310
-1.887424 -16.662604 -52.836426 -45.070061 -0.792003 0.586893 -0.168191 0.508376 0.786524 0.350620 0.338062 0.192188 -0.921291
-2.943611 -17.186061 -34.131132 -75.338139 -0.823632 0.552772 -0.126778 0.424406 0.749044 0.508736 0.376178 0.365206 -0.851537
-2.741883 -16.687457 -36.662214 -67.101975 -0.819045 0.558614 -0.130828 0.488423 0.798531 0.351839 0.301012 0.224273 -0.926873
0.118421 -8.409778 348.996198 56.254015 0.918757 -0.349610 -0.183463 -0.287180 -0.272857 -0.918192 -0.270950 -0.896282 0.351090
1.138772 -7.548378 109.086250 47.904777 0.888476 -0.390421 -0.241208 -0.327839 -0.172162 -0.928914 -0.321140 -0.904396 0.280957
2.334709 -22.890402 76.458746 333.868334 0.715409 -0.633538 0.294652 0.563354 0.273567 -0.779611 -0.413306 -0.723734 -0.552618
0.751496 -21.768367 10.003305 -176.640998 0.733322 -0.622530 0.273304 0.638301 0.491971 -0.592061 -0.234118 -0.608622 -0.758135
1.782639 -21.244467 90.470367 180.361144 0.710613 -0.632268 0.308653 0.628389 0.373015 -0.682632 -0.316475 -0.679041 -0.662380
-1.655861 -19.307994 -44.988229 -254.983623 0.850755 -0.503515 -0.150627 0.523286 0.784893 0.331836 0.048859 0.361132 -0.931234
-0.411405 -19.483099 -51.027499 -270.526113 0.834429 -0.525075 -0.167403 0.550852 0.804002 0.223924 -0.017016 0.279064 -0.960122
-0.198979 -20.342044 -68.066258 -218.999840 0.848994 -0.500603 -0.169136 0.522830 0.749477 0.406119 0.076541 0.433221 -0.898032
-2.913419 -19.976336 15.123169 -204.425927 0.811481 -0.574126 0.108986 0.309320 0.580223 0.753434 0.495803 0.577686 -0.648428
2.986096 -26.528094 54.362984 -215.894753 0.705492 -0.640353 0.303693 -0.205072 0.225733 0.952360 0.678400 0.734161 -0.027934
3.148789 -26.568972 -147.547603 209.796469 -0.663776 0.674849 -0.322459 0.136133 -0.314923 -0.939304 0.735438 0.667385 -0.117170
2.724170 -25.249465 93.423753 197.987719 0.681352 -0.658288 0.320027 -0.266828 0.183753 0.946064 0.681588 0.729995 0.050449
-1.747139 -36.359158 -44.633214 -48.690039 -0.462115 0.829178 -0.314504 0.300785 -0.187072 -0.935164 0.834253 0.526752 0.162955
-1.561894 -33.826915 9.892721 -50.194073 -0.440420 0.837731 -0.322856 0.577699 -0.010836 -0.816178 0.687236 0.545975 0.479184
-1.808188 -34.970942 12.854643 33.209654 -0.437472 0.837865 -0.326497 0.413529 -0.134964 -0.900433 0.798507 0.528930 0.287438
-1.874537 -38.212117 39.879648 -109.574279 -0.452696 0.824945 -0.338425 0.284215 -0.226248 -0.931683 0.845156 0.517955 0.132040
0.128450 -9.099347 95.004912 146.632430 -0.586050 0.803554 -0.104145 0.326203 0.351632 0.877466 -0.741712 -0.480267 0.468196
1.780133 -8.561520 268.964612 117.947888 -0.567404 0.819490 -0.080552 0.319832 0.309471 0.895508 -0.758789 -0.482352 0.437694
1.627413 -9.677323 300.181716 97.418896 -0.590604 0.789683 -0.166097 0.166011 0.320327 0.932647 -0.789701 -0.523251 0.320282
-6.202363 -33.860074 637.881169 410.322354 -0.698601 0.702625 -0.135186 -0.614045 -0.685721 -0.390814 0.367296 0.190012 -0.910488
-2.813286 -31.532340 494.093069 17.719365 -0.740292 0.650677 -0.169081 0.481618 0.688763 0.541894 0.469055 0.319727 -0.823263
-6.194990 -30.614696 358.353359 -583.404710 -0.708506 0.671551 -0.216883 -0.418783 -0.647463 -0.636720 0.568014 0.360293 -0.739966
-7.548907 -31.123761 273.987223 -575.600267 -0.655119 0.721318 -0.224765 -0.496280 -0.635155 -0.591848 0.569671 0.276184 -0.774078
-7.137903 -30.078782 -145.161159 -883.242539 -0.608778 0.740231 -0.285389 -0.373168 -0.584635 -0.720381 0.700096 0.332054 -0.632143
-6.850997 -29.256640 172.105282 -877.975817 -0.679173 0.699835 -0.221259 -0.302954 -0.541866 -0.783964 0.668538 0.465416 -0.580039
15.497329 -183.966129 750.336239 -14600.315782 0.555997 -0.528685 0.641373 0.437732 0.842206 0.314768 -0.706582 0.105740 0.699686
5.918042 -76.750070 12.881249 -4466.507888 0.524169 -0.433019 0.733308 -0.022453 0.853754 0.520192 -0.851318 -0.289133 0.437789
129.350478 -896.944785 -167381.328151 -72626.938064 0.266520 0.750413 -0.604853 0.166015 -0.653915 -0.738129 0.949424 -0.096311 0.298861
-136.619744 -1738.314720 13176.649799 654760.585784 -0.690997 0.722442 0.024522 0.457690 0.463523 -0.758726 0.559502 0.513054 0.650948
-5.419322 -10.476718 -5.130425 -131.364517 -0.807816 0.549577 -0.213067 0.544538 0.834196 0.087149 0.225635 -0.045623 -0.973143
-5.131857 -9.233975 11.365723 -200.606535 -0.833681 0.517595 -0.192541 0.530382 0.847567 -0.018036 0.153856 -0.117156 -0.981123
