18365
36710
-4.966888 -8.044905 11.037548 120.822580 -0.366553 0.865701 -0.340883 -0.437648 -0.483752 -0.757924 0.821038 0.128633 -0.556193
-7.609546 -10.403217 133.897172 131.459140 -0.206586 0.978358 -0.011719 -0.399880 -0.095356 -0.911594 0.892983 0.183636 -0.410925
-8.042270 -10.103221 25.316592 314.118253 0.104923 0.914349 0.391098 -0.537099 0.383081 -0.751514 0.836968 0.131208 -0.531290
-5.258123 -8.783362 -33.874921 101.176764 -0.376459 0.875801 -0.302078 -0.364219 -0.439723 -0.820968 0.851835 0.199039 -0.484521
-4.771131 -6.720010 -1.916820 158.853972 -0.118381 0.992040 -0.042927 -0.624057 -0.107957 -0.773885 0.772359 0.064824 -0.631869
-3.719578 -6.289895 -9.844185 -93.999360 -0.493236 0.698396 -0.518615 0.401490 0.711651 0.576506 0.771702 0.076135 -0.631411
-4.586730 -7.605210 -20.153572 -74.891283 -0.530428 0.681292 -0.504468 0.285371 0.703850 0.650506 0.798254 0.201086 -0.567763
6.275669 -12.772146 -22.073881 -2.196426 0.539617 0.824431 0.170665 0.786601 -0.421438 -0.451275 -0.300121 0.377761 -0.875913
5.570630 -11.684296 8.574317 15.294916 0.458254 0.879601 0.127693 -0.830780 0.372821 0.413291 -0.315924 0.295477 -0.901601
5.571531 -12.010090 -46.463331 5.606179 0.560404 0.814536 0.149928 0.809822 -0.500959 -0.305334 -0.173597 0.292525 -0.940369
7.233487 -13.051696 11.409793 -22.264079 0.438316 0.881851 0.173832 -0.773151 0.271282 0.573275 -0.458386 0.385674 -0.800711
6.961851 -13.510023 -63.131604 92.136254 0.608317 0.764246 0.214192 0.772306 -0.507737 -0.381767 -0.183011 0.397657 -0.899097
7.502643 -14.215920 -20.697414 65.316011 0.552916 0.802887 0.222840 0.748162 -0.360651 -0.556942 -0.366794 0.474662 -0.800099
-3.046420 -5.755841 -227.664512 -108.257293 0.487434 0.828249 0.276427 -0.705306 0.560107 -0.434539 0.514735 -0.016844 -0.857184
-0.812457 -4.899198 -252.075698 -243.101359 0.585577 0.758074 0.287096 -0.597764 0.643044 -0.478719 0.547520 -0.108712 -0.829701
-0.993647 -7.463751 -267.670029 -184.375268 0.284750 0.953055 0.102976 -0.831065 0.298976 -0.468983 0.477754 -0.047963 -0.877183
-0.527822 -3.410129 -4.240715 66.486872 0.189182 0.736797 0.649107 -0.792344 0.505000 -0.342294 0.580000 0.449560 -0.679334
-0.100254 -2.591443 6.288560 37.610427 -0.385850 -0.586063 -0.712496 -0.739571 0.658173 -0.140868 0.551503 0.472587 -0.687391
-0.596525 -3.197128 -29.225548 58.439910 0.248177 0.697359 0.672383 -0.797418 0.541170 -0.266945 0.550029 0.469920 -0.690393
-0.918879 -3.828688 -38.871650 76.759758 0.161016 0.754689 0.636017 -0.801540 0.475994 -0.361888 0.575853 0.451524 -0.681557
-0.898006 -3.733482 70.348025 -58.578111 0.031771 0.999442 0.010280 -0.935830 0.033357 -0.350870 0.351018 -0.001527 -0.936368
-1.249854 -3.105433 18.000705 -56.206719 -0.070739 0.996025 -0.054138 -0.922529 -0.085969 -0.376230 0.379388 -0.023330 -0.924943
-1.019620 -4.106694 -34.335351 -50.832419 0.026218 0.999323 -0.025816 -0.950382 0.016910 -0.310624 0.309977 -0.032679 -0.950182
4.159326 -6.920380 63.710666 20.211248 -0.201806 0.976297 0.078225 0.475310 0.027790 0.879379 -0.856361 -0.214646 0.469652
2.890917 -7.091251 114.189796 109.794626 -0.132514 0.991168 0.005118 0.574322 0.072574 0.815406 -0.807833 -0.110992 0.578867
4.368212 -6.734425 72.737912 102.370493 -0.209966 0.976512 0.048349 0.601541 0.090041 0.793751 -0.770755 -0.195745 0.606318
2.488072 -7.097480 114.143535 0.808793 -0.119188 0.992871 -0.000797 0.447587 0.054447 0.892581 -0.886262 -0.106028 0.450886
5.623910 -6.631071 -6.145145 152.184440 -0.284086 0.954133 0.094471 0.591687 0.096929 0.800320 -0.754455 -0.283257 0.592084
3.223655 -7.458383 97.811798 -143.025044 -0.135215 0.988668 0.065219 0.317322 -0.019146 0.948124 -0.938629 -0.148896 0.311137
5.793577 -7.572716 41.088879 79.323036 -0.276595 0.949700 0.146847 0.551176 0.031602 0.833790 -0.787210 -0.311561 0.532194
5.327959 -8.124695 13.362995 -96.603901 -0.278001 0.944737 0.173745 0.393755 -0.052904 0.917692 -0.876169 -0.323532 0.357287
4.289819 -7.691268 45.596360 -82.483554 -0.229105 0.964132 0.134019 0.282890 -0.065790 0.956893 -0.931388 -0.257141 0.257671
-0.079460 -7.984333 -21.199345 9.002531 0.112019 0.982914 0.146052 0.868267 -0.025334 -0.495450 0.483285 -0.182312 0.856270
0.403720 -7.864187 -44.638846 31.668468 0.118562 0.979105 0.165216 0.832356 -0.007276 -0.554194 0.541412 -0.203225 0.815827
0.106211 -7.743839 -33.489190 31.169165 0.115530 0.980756 0.157387 0.814482 -0.002838 -0.580182 0.568570 -0.195218 0.799136
0.068567 -5.138492 26.446128 -46.136360 0.140758 0.985913 -0.090354 0.989979 -0.139117 0.024236 0.011324 -0.092859 -0.995615
0.405972 -5.366226 2.230956 118.357474 0.180279 0.979640 -0.088347 0.983398 -0.181398 -0.004739 -0.020668 -0.086026 -0.996078
0.701124 -4.896325 -9.113389 142.802645 0.150409 0.981609 -0.117559 0.988579 -0.148198 0.027376 0.009450 -0.120334 -0.992689
0.203244 -19.554252 19.361029 176.660473 0.141946 0.989683 -0.019480 -0.776968 0.099201 -0.621675 0.613328 -0.103380 -0.783033
-0.563913 -16.051529 14.581950 178.706206 0.161057 0.986881 -0.011233 -0.919357 0.145878 -0.365380 0.358948 -0.069174 -0.930791
-0.036725 -16.872288 -22.056448 70.138055 0.179091 0.983804 -0.007491 -0.826016 0.146222 -0.544349 0.534437 -0.103676 -0.838825
0.152946 -23.176888 71.153409 -296.450223 -0.043457 0.978733 -0.200481 0.992945 0.064473 0.099514 0.110324 -0.194743 -0.974630
-0.152519 -21.249838 -32.026076 -196.779675 -0.063123 0.965654 -0.252046 0.997182 0.050765 -0.055244 -0.040551 -0.254823 -0.966137
-0.004681 -19.761184 10.155452 -114.729027 -0.053071 0.971656 -0.230365 0.996326 0.035995 -0.077710 -0.067216 -0.233643 -0.969996
-2.822580 -13.533299 -8.351395 -3.590122 0.138169 0.985270 -0.100755 -0.132990 0.119266 0.983915 -0.981439 0.122547 -0.147510
-2.583077 -13.483172 23.533150 54.428257 0.154982 0.982455 -0.103746 0.066141 0.094461 0.993329 -0.985701 0.160810 0.050341
-2.478219 -13.980192 94.839309 28.400625 0.223137 0.970665 -0.089552 -0.096738 0.113466 0.988821 -0.969975 0.211980 -0.119219
-3.163128 -13.331411 -29.516857 39.970624 0.089246 0.990009 -0.109169 -0.025733 0.111862 0.993390 -0.995677 0.085847 -0.035459
-2.584244 -13.724417 32.656504 -28.871014 0.181319 0.978900 -0.094227 -0.282315 0.143594 0.948514 -0.942031 0.145382 -0.302394
-2.815076 -13.728158 -52.176313 -39.474072 0.083610 0.990748 -0.106900 -0.255571 0.125007 0.958675 -0.963168 0.052835 -0.263658
-0.709700 -7.703138 -21.021137 31.887399 -0.261845 0.948080 0.180502 -0.427536 -0.281624 0.859012 -0.865246 -0.147757 -0.479080
-0.623369 -7.763521 -21.518364 109.111094 -0.228184 0.968503 0.099672 -0.496932 -0.203887 0.843498 -0.837252 -0.142943 -0.527803
-0.242809 -8.210552 -18.483536 51.357736 -0.248865 0.960417 0.125161 -0.427697 -0.224919 0.875492 -0.868989 -0.164349 -0.466742
-0.060351 -7.259041 -19.760397 -92.545756 -0.290138 0.936097 0.198854 -0.370138 -0.301390 0.878727 -0.882506 -0.181349 -0.433930
0.787280 -5.930592 54.538024 92.628882 0.004133 0.999805 -0.019311 -0.800093 -0.008278 -0.599819 0.599862 -0.017929 -0.799903
0.654355 -4.503639 75.443813 110.796819 -0.001952 0.999931 -0.011590 -0.848062 -0.007797 -0.529840 0.529893 -0.008795 -0.848019
1.298761 -4.644939 14.328922 96.919003 0.003968 0.998859 -0.047597 -0.842561 -0.022296 -0.538139 0.538586 -0.042238 -0.841511
1.115266 -5.905559 1.596435 63.586183 -0.000730 0.998198 -0.060000 -0.779547 -0.038149 -0.625181 0.626343 -0.046317 -0.778170
1.005802 -6.693018 4.465648 52.711010 0.012464 0.999347 -0.033917 -0.739342 -0.013627 -0.673193 0.673215 -0.033467 -0.738689
0.541839 -7.122884 54.369453 61.700155 0.023402 0.999725 0.001616 -0.725074 0.018086 -0.688434 0.688274 -0.014939 -0.725297
-0.914171 -21.068922 -98.995552 -536.655421 0.169527 0.985119 -0.028289 0.509713 -0.112211 -0.852995 0.843477 -0.130186 0.521151
-1.476686 -15.358972 -66.206921 -322.130595 0.179567 0.980267 -0.082655 0.629716 -0.179089 -0.755900 0.755787 -0.083685 0.649448
-0.411032 -21.184135 -33.144530 -553.672991 0.117167 0.992963 -0.017240 0.462770 -0.069949 -0.883715 0.878701 -0.095564 0.467709
0.283825 -20.959520 29.350362 -483.852078 0.054777 0.998177 0.025351 0.335182 0.005534 -0.942137 0.940560 -0.060105 0.334267
0.409061 -25.618164 -4.374643 -420.556989 0.084306 0.996394 0.009576 0.125240 -0.001062 -0.992126 0.988538 -0.084842 0.124878
-0.213549 -23.939540 -52.055039 -337.485672 0.145073 0.988620 -0.039800 0.223825 -0.071974 -0.971968 0.963772 -0.132098 0.231719
-0.960453 -8.609067 0.086098 -29.631779 -0.040060 0.998858 -0.026035 -0.929964 -0.046801 -0.364661 0.365463 -0.009603 -0.930776
-1.021979 -8.055243 -4.559480 -72.806819 -0.024441 0.999004 -0.037324 -0.933296 -0.036182 -0.357281 0.358275 -0.026102 -0.933251
-1.005134 -7.083900 35.234123 49.623031 -0.040708 0.998939 -0.021523 -0.976985 -0.044309 -0.208656 0.209388 -0.012533 -0.977752
1.022458 -19.963185 25.737013 507.902490 -0.051658 0.979854 0.192921 0.146521 0.198525 -0.969082 0.987858 0.021794 0.153824
0.781522 -19.241759 -32.637224 477.690533 -0.045523 0.963426 0.264078 0.163808 0.267973 -0.949399 0.985441 -0.000038 0.170016
2.045741 -15.035236 18.349073 401.128491 -0.065176 0.961297 0.267695 -0.013913 0.267364 -0.963495 0.997777 0.066521 0.004051
2.398032 -17.431637 59.939326 520.904866 -0.034824 0.986165 0.162068 -0.044208 0.160488 -0.986047 0.998415 0.041503 -0.038007
0.602416 -22.322014 32.268361 427.732673 -0.003128 0.994405 0.105587 0.274047 0.102398 -0.956249 0.961711 -0.025945 0.272834
0.911947 -20.323995 46.516155 -115.621914 0.057852 0.997671 -0.036131 0.813554 -0.068089 -0.577489 0.578604 -0.004015 0.815599
1.147999 -20.752141 -26.140506 -204.866538 0.110643 0.993288 -0.033723 0.743432 -0.105235 -0.660481 0.659596 -0.048007 0.750085
1.332696 -20.017012 22.967932 7.735060 0.027750 0.999587 0.007425 0.903333 -0.021896 -0.428381 0.428042 -0.018595 0.903568
0.571532 -21.722096 74.522952 44.564804 0.016945 0.999493 -0.026947 0.909685 -0.026596 -0.414448 0.414954 0.017491 0.909674
0.117416 -53.510376 41.298554 -474.100847 0.260241 -0.874758 -0.408746 0.839743 -0.003888 0.542971 -0.476557 -0.484545 0.733560
-0.107862 -58.978655 -135.544903 -1915.698086 -0.279907 0.860380 0.425909 0.552719 -0.218315 0.804264 -0.784955 -0.460527 0.414440
0.292799 -72.613971 -47.899823 -2622.797050 -0.273740 0.876671 0.395620 0.523405 -0.209310 0.825976 -0.806916 -0.433172 0.401557
0.186783 -55.855401 -89.409274 -596.900860 -0.264847 0.864701 0.426788 0.812499 -0.038252 0.581706 -0.519327 -0.500828 0.692438
0.400243 -45.644652 9.178530 754.286460 0.263640 -0.875817 -0.404276 0.950953 0.165675 0.261229 -0.161811 -0.453318 0.876539
-1.572715 -15.350761 82.994897 -242.484762 -0.358292 0.931290 0.065770 -0.915881 -0.336951 -0.218232 0.181076 0.138428 -0.973678
-2.357749 -15.028170 37.210009 -207.264554 -0.179864 0.980629 0.077557 -0.977470 -0.169317 -0.126033 0.110460 0.098479 -0.988990
-0.941517 -15.409134 54.244854 -18.629539 -0.262351 0.962455 0.069657 -0.962990 -0.265754 0.044995 -0.061818 0.055274 -0.996556
4.424316 -7.165506 20.516703 10.613766 0.088058 0.995122 0.044474 -0.683742 0.027915 0.729189 -0.724391 0.094620 -0.682865
3.534477 -7.388666 -153.031259 10.731810 0.009805 0.999834 -0.015354 -0.717824 0.017728 0.695999 -0.696155 -0.004197 -0.717879
4.222242 -7.055123 4.415103 30.074527 0.068003 0.996046 0.057174 -0.741719 0.012146 0.670601 -0.667254 0.088010 -0.739612
1.173194 -2.952284 -38.596980 31.240566 0.445199 0.154992 0.881916 0.525351 0.752369 -0.397426 -0.725124 0.640249 0.253528
0.612813 -2.824812 -36.150801 44.408278 0.195786 -0.079363 0.977430 0.650767 0.756140 -0.068958 -0.733601 0.649580 0.199688
-0.024835 -1.742769 -67.694582 79.477491 0.434166 0.164782 0.885634 0.563239 0.717607 -0.409637 -0.703037 0.676674 0.218749
-2.283078 -5.728746 -34.934114 -6.182885 0.311810 0.899159 -0.307061 -0.324941 0.404601 0.854817 -0.892854 0.166764 -0.418332
-1.916827 -5.920202 -11.284662 -8.439162 0.315113 0.899711 -0.302033 -0.270336 0.390155 0.880169 -0.909737 0.195702 -0.366167
-1.760420 -5.951712 66.452444 -1.613975 0.327517 0.923446 -0.199949 -0.296028 0.301256 0.906428 -0.897274 0.237680 -0.372033
0.003071 -4.953740 -4.019580 -38.459742 0.035066 0.969466 -0.242704 -0.869709 0.149237 0.470462 -0.492317 -0.194585 -0.848387
0.065686 -5.497798 -2.690826 -55.639414 0.018787 0.973406 -0.228316 -0.857204 0.133222 0.497447 -0.514634 -0.186367 -0.836910
-0.009838 -6.066202 3.927948 -17.219727 0.017122 0.974732 -0.222722 -0.821059 0.140826 0.553201 -0.570587 -0.173396 -0.802723
-0.668481 -14.564882 24.708679 -114.679423 -0.052785 0.981921 -0.181785 -0.903337 0.030645 0.427834 -0.425670 -0.186796 -0.885388
-0.572704 -15.306992 39.067803 -55.068252 -0.073073 0.984832 -0.157375 -0.751972 0.049249 0.657353 -0.655133 -0.166376 -0.736967
-0.541161 -14.153809 -4.891858 -108.365473 -0.072898 0.978325 -0.193819 -0.865078 0.034683 0.500437 -0.496312 -0.204149 -0.843799
-0.565338 -14.916557 6.440678 -31.840493 -0.088288 0.983072 -0.160545 -0.714456 0.049810 0.697905 -0.694088 -0.176318 -0.697964
-0.582350 -12.791331 -17.472893 -94.968030 -0.038767 0.975222 -0.217804 -0.949762 0.031782 0.311356 -0.310563 -0.218932 -0.924997
-147.680056 -372.282688 -27051.025236 -50236.301299 0.488996 -0.241807 -0.838100 0.182495 0.967906 -0.172780 0.852982 -0.068460 0.517431
-56.716519 -292.214602 -5033.824709 9344.840876 0.542448 -0.388199 -0.745018 -0.432089 0.631612 -0.643712 0.720450 0.671095 0.174880
56.960089 -34.479060 8996.447621 -2016.340240 0.059527 -0.474556 0.878210 0.819005 -0.479750 -0.314755 0.570690 0.737995 0.360105
-123.800652 -5105.762593 -12266.934161 -588720.125601 0.606412 0.096730 -0.789245 0.186600 0.947543 0.259504 0.772946 -0.304640 0.556552
-2.352078 -32.438194 -62.593417 1760.281678 0.934714 -0.125285 -0.332586 -0.352406 -0.205493 -0.913008 -0.046043 -0.970606 0.236228
-0.599352 -21.276132 -63.442863 1058.374875 0.953001 -0.120347 -0.278038 -0.300111 -0.249289 -0.920754 -0.041498 -0.960922 0.273691
-1.601052 -11.569808 -75.232057 580.765104 0.981088 -0.079766 -0.176361 -0.185641 -0.129806 -0.974006 -0.054800 -0.988326 0.142159
-1.529926 -7.579691 -28.044541 -15.869123 -0.088682 0.995973 0.013137 -0.772415 -0.060437 -0.632237 0.628897 0.066216 -0.774664
-1.300889 -7.415932 1.223872 -170.716567 -0.050443 0.995123 0.084764 -0.665965 0.029734 -0.745390 0.744276 0.094050 -0.661217
-1.466653 -8.079624 -33.462697 -151.553409 -0.000432 0.996252 0.086503 -0.662637 0.064500 -0.746158 0.748940 0.057642 -0.660125
-1.161190 -7.055854 23.968479 -23.551256 -0.120893 0.991013 0.057259 -0.765012 -0.056255 -0.641555 0.632568 0.121363 -0.764937
-1.306025 -8.068097 -18.419583 0.090134 -0.049656 0.998591 0.018712 -0.776590 -0.026822 -0.629435 0.628046 0.045787 -0.776828
-1.333348 -8.397153 -15.818114 100.934067 -0.114083 0.993403 -0.011652 -0.865298 -0.105120 -0.490112 0.488103 0.045831 -0.871582
-1.239676 -8.097883 21.893691 109.412923 -0.141959 0.989593 0.023512 -0.849438 -0.109589 -0.516183 0.508235 0.093248 -0.856156
7.516573 1.501426 -179.516585 -6.587238 0.293453 0.093515 0.951388 -0.026941 0.995618 -0.089553 -0.955594 0.000648 0.294687
5.571914 1.392101 200.195602 -20.988767 0.522180 0.002330 0.852832 0.011740 0.999882 -0.009920 -0.852755 0.015192 0.522091
6.932266 1.623291 -134.624265 -6.238428 0.321916 0.094537 0.942037 0.002374 0.994919 -0.100655 -0.946765 0.034638 0.320056
6.181422 1.351288 -372.087172 7.816960 0.150664 0.247862 0.957008 -0.041980 0.968790 -0.244304 -0.987693 -0.003367 0.156367
4.593050 1.495672 -39.720730 28.995978 0.350826 0.101896 0.930881 0.056171 0.989983 -0.129534 -0.934755 0.097732 0.341588
3.985194 1.114939 -196.552161 60.324580 0.183051 0.429413 0.884362 -0.044708 0.902267 -0.428853 -0.982086 0.038964 0.184359
-5.657549 -8.135278 50.720058 -3.029465 0.894779 -0.111857 0.432271 -0.374829 -0.714254 0.591054 -0.242638 0.690890 0.681027
-4.982108 -8.054826 24.514367 -8.024575 0.933010 -0.108117 0.343225 -0.324852 -0.663367 0.674103 -0.154802 0.740442 0.654050
-5.426108 -8.092184 72.548232 -9.782739 0.915847 -0.107623 0.386836 -0.368158 -0.609604 0.702027 -0.160262 0.785366 0.597926
-5.836588 -8.109751 85.306463 -10.576800 0.917516 -0.030374 0.396538 -0.327146 -0.624609 0.709112 -0.226142 0.780347 0.583025
-5.850900 -8.101076 140.514611 -27.285589 0.911536 -0.075336 0.404261 -0.377226 -0.544573 0.749094 -0.163716 0.835323 0.524816
-5.760033 -8.210061 100.440203 -7.556710 0.930469 -0.083125 0.356817 -0.349457 -0.493875 0.796220 -0.110037 0.865550 0.488584
7.681318 -14.580446 12.431021 -10.374646 0.061374 0.997807 -0.024777 0.083443 0.019608 0.996320 -0.994621 0.063216 0.082057
7.450534 -13.183435 23.637814 50.620306 0.079433 0.996541 -0.024401 0.312708 -0.001668 0.949848 -0.946522 0.083080 0.311759
7.095955 -13.310630 5.106565 -0.052918 -0.035650 0.999136 -0.021353 0.219037 0.028659 0.975296 -0.975065 -0.030092 0.219869
7.396716 -13.957738 7.196913 10.663981 -0.021312 0.999311 -0.030401 0.043182 0.031300 0.998577 -0.998840 -0.019969 0.043819
6.313155 -12.879665 -88.152367 -4.514318 -0.154465 0.987743 -0.022479 0.114868 0.040551 0.992553 -0.981298 -0.150732 0.119724
0.342112 -3.244251 -22.283491 62.313167 -0.332579 0.714279 -0.615789 0.184746 -0.590962 -0.785260 0.924803 0.374926 -0.064582
-0.436966 -3.929533 -76.206355 -85.298487 -0.284239 0.640407 -0.713503 -0.247024 0.670155 0.699908 0.926384 0.375194 -0.032289
0.264376 -3.617585 -22.458703 49.453220 -0.319426 0.685648 -0.654105 0.240772 -0.608890 -0.755832 0.916513 0.398923 -0.029411
-0.212153 -3.205628 -58.994890 64.832087 -0.305546 0.675725 -0.670848 0.189215 -0.647402 -0.738288 0.933188 0.352516 -0.069954
0.418837 -3.032202 27.892464 41.091371 -0.365459 0.735687 -0.570267 0.171072 -0.549124 -0.818044 0.914972 0.396519 -0.074827
0.526243 -2.482979 -6.788539 28.863688 -0.354615 0.756299 -0.549781 0.127538 -0.543373 -0.829747 0.926273 0.364359 -0.096231
-0.804537 -3.916534 -46.802642 -54.673346 0.671691 -0.084893 0.735952 0.166639 0.985269 -0.038437 -0.721847 0.148456 0.675942
-1.345954 -3.953905 -20.364251 -36.420094 0.679450 -0.037577 0.732759 0.170357 0.979475 -0.107734 -0.713671 0.198031 0.671906
-0.160545 -3.312904 -58.762134 -45.229010 0.694858 0.263694 0.669058 -0.090982 0.955107 -0.281944 -0.713369 0.135039 0.687655
0.090006 -3.408870 -11.955540 -62.475642 0.661344 0.522921 0.537752 -0.287852 0.838966 -0.461819 -0.692651 0.150628 0.705369
1.397812 -3.242115 -57.062837 -34.536565 0.674159 0.414260 0.611473 -0.231635 0.904714 -0.357543 -0.701324 0.099402 0.705878
0.799481 -3.296911 -120.608630 -14.646284 0.668284 0.284719 0.687263 -0.135255 0.954964 -0.264103 -0.731507 0.083540 0.676697
-1.025191 -7.205200 35.615577 -45.142275 -0.165667 0.985396 -0.039369 0.918782 0.139717 -0.369213 0.358320 0.097338 0.928511
-1.200035 -7.461698 51.701169 -75.442315 -0.109583 0.992407 -0.055857 0.929273 0.082344 -0.360099 0.352765 0.091368 0.931240
-1.409445 -8.360545 64.656712 -65.213418 -0.127815 0.989609 -0.065863 0.877852 0.081976 -0.471865 0.461562 0.118130 0.879207
-1.338060 -8.200043 45.335943 -72.808499 -0.172671 0.984032 -0.043190 0.866842 0.130993 -0.481068 0.467728 0.120506 0.875619
-1.594462 -9.167386 18.991622 -76.474993 -0.128852 0.990533 -0.047340 0.791454 0.073957 -0.606738 0.597493 0.115647 0.793491
-1.419711 -8.654788 -5.664153 -30.711627 -0.079100 0.996266 -0.034596 0.823701 0.045773 -0.565175 0.561481 0.073202 0.824246
-1.977439 -2.926811 47.593113 -72.121068 0.188076 0.758240 -0.624259 0.296090 0.562258 0.772137 -0.936460 0.330057 0.118760
-1.196565 -2.653307 -106.772815 27.879743 0.094347 -0.043908 0.994571 0.289407 0.957092 0.014799 -0.952545 0.286439 0.103006
-2.865414 -4.162928 42.488445 -119.275396 0.245171 0.921179 -0.302193 0.227066 0.248475 0.941648 -0.942514 0.299482 0.148250
0.192396 -7.414052 -13.053553 46.226790 0.048703 0.976813 -0.208480 0.998493 -0.042327 0.034938 0.025304 -0.209867 -0.977402
0.482640 -7.386471 -11.086417 44.669911 0.032410 0.981434 -0.189041 0.999471 -0.032309 0.003615 -0.002560 -0.189058 -0.981963
-0.025784 -7.854977 -15.088369 10.389775 0.077669 0.975774 -0.204529 0.988014 -0.102783 -0.115167 -0.133399 -0.193133 -0.972062
-0.104015 -7.842094 -18.073203 5.904202 0.096990 0.972492 -0.211783 0.989486 -0.117153 -0.084806 -0.107284 -0.201331 -0.973630
0.176240 -7.419503 -17.855200 52.689062 0.075119 0.973571 -0.215675 0.995631 -0.061197 0.070531 0.055469 -0.220031 -0.973915
0.241044 -5.338253 27.911916 64.191401 0.282676 0.954622 -0.093760 0.740726 -0.279346 -0.610975 0.609442 -0.103258 0.786078
-0.172369 -7.096395 -32.691929 -140.197220 0.419276 0.886479 -0.195866 0.653892 -0.444538 -0.612218 0.629788 -0.128613 0.766045
-0.553551 -6.807030 16.469097 -154.893620 0.380797 0.906696 -0.181372 0.667060 -0.405211 -0.625168 0.640331 -0.117076 0.759124
-0.526903 -11.726818 -46.836626 -432.184235 0.479202 0.844620 -0.238709 0.566197 -0.505290 -0.651232 0.670661 -0.176915 0.720358
0.207439 -5.224325 67.679735 -98.298709 0.231146 0.971069 -0.059967 0.736063 -0.214847 -0.641912 0.636225 -0.104236 0.764430
-1.002514 -10.388395 20.713002 -430.062521 0.355733 0.921123 -0.158072 0.661995 -0.367736 -0.653095 0.659710 -0.127685 0.740594
1.272832 -12.118383 -26.316763 -232.382781 0.469392 0.838970 -0.275320 0.501903 -0.510042 -0.698534 0.726474 -0.189703 0.660491
1.588873 -12.301651 -3.762912 -115.679677 0.417150 0.870448 -0.261356 0.525436 -0.465624 -0.712117 0.741555 -0.159734 0.651599
2.212940 -13.445613 -20.537735 -148.048666 0.454189 0.845752 -0.280029 0.413789 -0.478620 -0.774404 0.788981 -0.235853 0.567347
1.433250 -9.574258 -1.553581 -94.638372 0.405219 0.881009 -0.244173 0.633590 -0.463172 -0.619706 0.659061 -0.096411 0.745885
0.858645 -8.484830 -35.157047 -106.695092 0.433346 0.871757 -0.228585 0.627792 -0.473972 -0.617436 0.646598 -0.124059 0.752676
0.382829 -8.155351 -52.122452 -259.634382 0.487116 0.836216 -0.251917 0.590641 -0.527916 -0.610285 0.643320 -0.148487 0.751060
0.394497 -19.977800 7.620240 34.384108 -0.207518 -0.958514 -0.195416 0.974443 -0.220112 0.044854 -0.086007 -0.181114 0.979694
0.163690 -20.927048 25.558195 -215.078395 -0.237408 -0.950318 -0.201327 0.959915 -0.197716 -0.198673 0.148996 -0.240423 0.959165
-0.017797 -18.290820 -21.043045 -50.377131 -0.225719 -0.958463 -0.174354 0.973532 -0.215335 -0.076593 0.035867 -0.187027 0.981700
-0.591837 -13.151430 9.993431 -63.840200 0.391926 0.906417 -0.157488 0.596518 -0.120048 0.793571 -0.700400 0.404965 0.587744
-0.633089 -14.188909 -17.794293 -44.625084 0.368624 0.917636 -0.148531 0.726769 -0.184873 0.661535 -0.579589 0.351805 0.735058
-0.657448 -14.182805 10.378003 -54.535923 0.378397 0.909702 -0.171049 0.736860 -0.184196 0.650469 -0.560226 0.372175 0.740022
-0.428885 -15.030072 12.566817 -73.585727 0.374306 0.910703 -0.174683 0.802003 -0.223369 0.553983 -0.465496 0.347456 0.813995
-0.364446 -14.070549 20.435597 -65.743034 0.394093 0.904456 -0.163250 0.680008 -0.167453 0.713826 -0.618288 0.392325 0.681030
0.231778 -5.780131 -54.148420 32.123526 -0.490414 0.871354 -0.015336 0.824693 0.469697 0.315065 -0.281736 -0.141865 0.948946
0.593481 -6.053502 -68.606410 111.939905 -0.534295 0.844952 -0.024183 0.786574 0.507450 0.351846 -0.309565 -0.168968 0.935745
0.704807 -6.020067 3.534686 88.211362 -0.437861 0.898733 -0.023611 0.843967 0.419946 0.333714 -0.309835 -0.126193 0.942379
4.356079 -5.355386 144.208324 -146.638660 0.066689 0.970477 0.231791 0.877399 0.053578 -0.476760 0.475104 -0.235168 0.847922
43.787135 -10.802266 2514.301787 -342.656874 -0.435754 0.787333 0.436148 0.781142 0.571542 -0.251310 0.447142 -0.231185 0.864071
7.112981 -7.676844 272.444292 -63.592383 0.254648 0.962977 0.088485 0.891441 -0.198292 -0.407448 0.374817 -0.182635 0.908932
4.714933 -4.818998 42.678047 -44.729604 0.321361 0.945514 0.052256 0.842303 -0.260194 -0.472044 0.432727 -0.195712 0.880025
4.713196 -84.173234 -34.906462 -6005.860214 0.804033 0.329795 -0.494739 -0.334195 0.938866 0.082731 0.491778 0.098821 0.865095
3.584895 -123.140933 -39.622599 -7839.394006 0.823043 0.301644 -0.481259 -0.362028 0.931499 -0.035291 0.437647 0.203275 0.875868
3.677991 -81.514038 54.319733 -5890.366786 0.826462 0.276488 -0.490423 -0.287596 0.956204 0.054426 0.483992 0.096062 0.869784
-0.561365 -5.947894 136.357687 -208.835193 0.737500 0.491084 -0.463606 -0.435706 0.870482 0.228960 0.515999 0.033138 0.855948
-2.271418 -11.567533 -64.180310 23.292229 0.152924 0.987004 0.049375 0.199635 -0.079786 0.976617 -0.967864 0.139491 0.209242
-2.299052 -12.148107 -74.703836 64.154416 0.145637 0.988123 0.049023 -0.002861 -0.049130 0.998788 -0.989334 0.145601 0.004328
-2.020268 -12.108031 -25.258126 55.770884 0.152477 0.987224 0.046260 0.089674 -0.060434 0.994136 -0.984230 0.147434 0.097743
-1.108494 -15.157745 22.674890 -90.604343 -0.310226 0.924232 -0.222609 -0.536272 -0.363483 -0.761769 0.784966 0.116941 -0.608402
-0.963758 -15.382502 15.133016 -175.838682 -0.330587 0.905394 -0.266410 -0.638355 -0.422424 -0.643476 0.695137 0.042660 -0.717610
-0.691127 -16.638582 31.301294 -273.178676 -0.341022 0.906730 -0.248082 -0.647244 -0.417862 -0.637547 0.681747 0.056848 -0.729376
-0.987671 -14.323400 11.233356 -108.392928 -0.318900 0.921652 -0.221045 -0.516944 -0.364617 -0.774483 0.794400 0.132715 -0.592719
-0.488288 -13.641214 23.616962 -225.840762 -0.348912 0.904267 -0.246095 -0.531398 -0.407202 -0.742835 0.771931 0.128409 -0.622603
-0.060914 -15.665909 34.669698 -351.849977 -0.360992 0.897065 -0.254871 -0.621150 -0.435143 -0.651785 0.695599 0.076976 -0.714295
-0.090775 -19.390204 25.393778 -282.520944 -0.339065 0.906487 -0.251627 -0.780833 -0.420356 -0.462169 0.524723 -0.039774 -0.850343
1.376252 -22.528155 7.362682 129.590491 -0.103631 0.993287 -0.051391 0.376800 0.087025 0.922198 -0.920480 -0.076204 0.383289
1.399631 -21.037449 9.002435 61.864827 -0.121978 0.990940 -0.056202 0.566613 0.116013 0.815776 -0.814906 -0.067662 0.575631
1.248867 -22.659101 13.822579 75.964603 -0.118937 0.991157 -0.058838 0.386936 0.100842 0.916576 -0.914404 -0.086248 0.395509
0.348877 -7.355649 92.161592 19.195952 -0.161680 0.961236 -0.223348 0.612099 -0.079848 -0.786740 0.774077 0.263911 0.575462
-0.124063 -7.207347 78.894092 42.379422 -0.141629 0.951481 -0.273177 0.517863 -0.163972 -0.839602 0.843658 0.260380 0.469514
1.408123 -6.679904 119.707923 48.620695 -0.121481 0.949466 -0.289408 0.519010 -0.187773 -0.833888 0.846091 0.251507 0.469972
2.480027 -6.871825 152.800255 20.650745 -0.135888 0.957215 -0.255486 0.612980 -0.121360 -0.780722 0.778325 0.262699 0.570262
0.989452 -7.213913 103.043697 -7.945512 -0.170058 0.961914 -0.214012 0.687143 -0.039916 -0.725425 0.706339 0.270421 0.654184
1.575023 -2.248618 -156.528454 18.156403 0.131802 -0.204513 -0.969950 -0.421389 0.874114 -0.241567 0.897251 0.440566 0.029030
3.090388 -2.823650 -145.486613 12.576883 0.121584 -0.251330 -0.960235 -0.416002 0.865444 -0.279193 0.901199 0.433405 0.000670
2.525320 -3.284662 -141.251017 52.100388 0.168355 -0.341852 -0.924551 -0.376690 0.844440 -0.380823 0.910912 0.412382 0.013393
11.307989 -148.843218 -7.729536 7730.461549 -0.472845 0.876599 0.089393 -0.619125 -0.258337 -0.741583 0.626978 0.406000 -0.664878
9.289324 -88.928515 -254.235852 -2454.714015 0.654917 -0.722635 -0.221094 0.535265 0.237056 0.810738 0.533456 0.649310 -0.542053
20.058067 -275.811810 68.503460 -19570.044559 -0.525792 0.799097 0.291526 0.830903 0.409151 0.377088 0.182051 0.440499 -0.879101
49.201321 -412.212548 -2499.596448 27657.924707 -0.277730 0.950486 0.139439 -0.936677 -0.235699 -0.259002 0.213313 0.202542 -0.955759
7.967040 -53.112761 266.687901 -2748.393889 -0.544621 0.808023 0.224692 0.837641 0.537407 0.097732 -0.041781 0.241438 -0.969516
-2.648963 -89.898717 18.963108 3078.451748 -0.081013 0.989441 -0.120181 0.370941 0.141846 0.917759 -0.925116 -0.029771 0.378516
14.751201 -565.756795 588.190306 36602.386144 -0.009449 0.998655 0.050986 0.332865 -0.044939 0.941903 -0.942927 -0.025871 0.331993
-5.235970 -150.940649 -41.277909 6018.494368 -0.038657 0.980773 -0.191286 -0.123603 0.185266 0.974884 -0.991579 -0.061329 -0.114064
-3.563176 -6.974893 1.117640 72.600826 -0.041749 0.980141 -0.193856 0.624602 0.177041 0.760611 -0.779827 0.089328 0.619589
-3.182652 -5.466678 34.887143 123.052032 0.012530 0.986500 -0.163281 0.705417 0.107012 0.700668 -0.708682 0.123961 0.694553
-3.488198 -6.925686 22.743235 86.988400 0.081119 0.988000 -0.131438 0.633929 0.050619 0.771733 -0.769126 0.145924 0.622215
-3.453881 -6.613849 0.409616 57.841959 -0.136192 0.962207 -0.235816 0.632150 0.267682 0.727140 -0.762783 0.050040 0.644715
-3.633185 -7.272306 -23.157057 23.624376 -0.108040 0.978085 -0.177978 0.554213 0.207883 0.805998 -0.825334 0.011558 0.564527
-3.573789 -5.661353 -9.243924 -31.375702 -0.197733 0.922239 -0.332231 0.436292 0.386301 0.812663 -0.877810 -0.015740 0.478750
-3.552037 -6.412303 -10.112094 -42.838686 -0.192938 0.952224 -0.236736 0.481316 0.302094 0.822845 -0.855050 -0.044813 0.516606
-3.465495 -6.238095 12.344048 -30.035942 -0.062023 0.985177 -0.159934 0.551093 0.167404 0.817479 -0.832135 0.037436 0.553308
-3.454688 -5.834100 10.916364 -9.283340 -0.290813 0.844971 -0.448833 0.331456 0.529032 0.781193 -0.897532 -0.078413 0.433921
-3.499741 -5.280634 -4.473564 -43.457074 -0.127350 0.936861 -0.325689 0.454494 0.346980 0.820390 -0.881599 0.043547 0.469986
-0.430216 -6.285880 10.698477 -67.091983 0.121435 0.991121 -0.054163 0.965441 -0.130613 -0.225530 0.230602 0.024904 0.972729
-0.646956 -6.299712 -14.035751 -70.554979 0.090436 0.995587 -0.025054 0.959236 -0.093842 -0.266572 0.267747 -0.000074 0.963489
-0.543386 -6.480675 22.407173 -18.969713 0.113767 0.991656 -0.060628 0.928578 -0.127833 -0.348426 0.353269 0.016658 0.935373
-0.315744 -6.590631 17.309577 -65.179930 0.124572 0.989947 -0.066985 0.954816 -0.137963 -0.263235 0.269830 0.031167 0.962404
-0.509383 -6.500279 6.804404 26.183843 0.111014 0.992226 -0.056239 0.906458 -0.124293 -0.403590 0.407443 0.006174 0.913210
-0.545620 -6.801302 -15.045940 54.406678 0.105209 0.993707 -0.038451 0.861623 -0.110393 -0.495399 0.496526 -0.018990 0.867814
-0.072426 -45.514587 -40.312208 1455.286798 0.156238 0.981085 0.114292 0.505883 -0.178867 0.843854 -0.848335 0.074024 0.524260
-0.654180 -38.354088 -2.979083 982.767519 0.170603 0.982901 0.069287 0.369907 -0.129062 0.920061 -0.913271 0.131335 0.385600
-0.482655 -53.345836 -20.383986 1573.155513 0.177166 0.983811 0.026968 0.110903 -0.047184 0.992711 -0.977912 0.172884 0.117467
1.359662 -24.084529 -98.828756 207.656712 0.150248 0.976334 0.155556 0.850349 -0.207881 0.483418 -0.504314 -0.059645 0.861458
0.989291 -20.318604 -45.164451 115.675550 0.189867 0.965878 0.176155 0.927211 -0.235397 0.291320 -0.322846 -0.108020 0.940267
0.415774 -22.346192 -45.558635 81.674317 0.188274 0.965129 0.181876 0.783312 -0.259274 0.564977 -0.592431 -0.036095 0.804812
-9.041397 -27.580890 -420.891631 1356.597089 -0.978963 -0.019097 0.203140 0.015229 0.985995 0.166081 -0.203467 0.165680 -0.964962
-8.650932 -63.700359 -266.742511 2723.289807 -0.985104 0.068988 0.157514 0.054580 0.994071 -0.094037 -0.163067 -0.084039 -0.983029
-16.988424 -58.989759 -344.317811 2629.523500 -0.912961 0.304442 0.271694 0.295018 0.952469 -0.075940 -0.281900 0.010825 -0.959383
-0.272353 -8.231096 29.028818 61.158878 -0.103223 0.989594 0.100240 0.254338 0.123688 -0.959173 0.961591 0.073514 0.264459
-0.577428 -8.350299 20.215123 123.436677 -0.100859 0.990015 0.098474 0.312861 0.125518 -0.941469 0.944429 0.064146 0.322397
-0.718696 -8.414674 26.342535 70.794702 -0.093081 0.992621 0.077720 0.260012 0.099584 -0.960457 0.961109 0.069192 0.267363
-0.461742 -7.193604 2.886165 -7.365735 -0.086799 0.990288 0.108603 0.203182 0.124321 -0.971216 0.975286 0.062235 0.212000
-0.905624 -7.368108 28.954168 23.224571 -0.093801 0.992563 0.077593 0.168718 0.092657 -0.981300 0.981191 0.078956 0.176154
-0.898202 -8.457703 15.654928 39.391566 -0.088069 0.991757 0.093070 0.268781 0.113627 -0.956475 0.959167 0.059220 0.276573
-9.668106 -14.636503 -18.850807 486.386264 0.156069 0.739610 0.654691 -0.358240 0.660067 -0.660285 0.920493 0.131486 -0.367974
-9.966988 -12.531627 136.233706 229.221262 -0.046617 0.889238 0.455063 -0.326959 0.416881 -0.848120 0.943888 0.188323 -0.271311
-6.734349 -11.603123 61.474366 84.042618 -0.248781 0.967523 -0.044805 -0.240418 -0.106499 -0.964810 0.938247 0.229254 -0.259104
-5.709139 -10.141800 -46.511906 94.749395 -0.334546 0.924017 -0.185126 -0.298914 -0.290349 -0.909037 0.893717 0.248778 -0.373336
4.038547 -12.149362 -37.555486 -34.016902 0.489946 0.868558 0.074565 0.859198 -0.466657 -0.209785 -0.147414 0.166849 -0.974900
5.007592 -10.675060 12.479200 62.229816 0.361776 0.930047 0.064272 -0.873667 0.314173 0.371485 -0.325306 0.190547 -0.926212
6.808684 -11.191734 37.983217 -55.561398 0.325536 0.939198 0.109240 -0.830313 0.228683 0.508218 -0.452336 0.256147 -0.854272
-1.002659 -1.442499 223.174871 -181.279743 -0.701082 -0.600360 -0.384775 -0.442783 0.789482 -0.425042 0.558951 -0.127617 -0.819321
-0.039673 -3.217916 171.887633 -247.307498 -0.702558 -0.579952 -0.412392 -0.414979 0.804659 -0.424637 0.578104 -0.127198 -0.805988
-2.262378 -2.930350 -203.871534 -160.049121 0.453840 0.866353 0.208477 -0.673408 0.486675 -0.556480 0.583568 -0.112163 -0.804281
-0.420452 -2.388621 -11.600085 38.211340 -0.375298 -0.595983 -0.709899 -0.732904 0.659679 -0.166361 0.567453 0.457852 -0.684374
0.804682 -1.996224 100.700261 -3.427501 -0.664947 -0.259432 -0.700386 -0.513376 0.839858 0.176304 0.542486 0.476794 -0.691647
3.136568 -4.094578 62.450534 16.389138 0.320682 0.693737 0.644897 0.836800 -0.526488 0.150253 0.443766 0.491467 -0.749354
3.317060 -5.486757 47.871568 75.593857 0.463801 0.630465 0.622417 0.792857 -0.608856 0.025922 0.395305 0.481465 -0.782256
4.504851 -5.556198 73.984546 -36.015794 0.423324 0.689331 0.587894 -0.799378 0.589582 -0.115703 0.426369 0.420970 -0.800621
3.434249 -7.674522 145.416235 -21.183322 -0.120354 0.992617 0.015034 0.606463 0.061527 0.792728 -0.785950 -0.104525 0.609391
2.022525 -7.805442 93.133415 2.567608 -0.090311 0.995587 0.025501 0.597223 0.033648 0.801369 -0.796975 -0.087602 0.597626
1.601427 -7.876090 75.408313 121.407737 -0.112631 0.993630 0.003737 0.551938 0.059436 0.831764 -0.826244 -0.095745 0.555117
0.607071 -8.078678 -20.481074 23.289175 0.105385 0.984365 0.141138 0.873803 -0.023910 -0.485691 0.474723 -0.174512 0.862661
0.842532 -7.537229 -32.233478 47.272494 0.101788 0.983810 0.147503 0.797181 0.008033 -0.603687 0.595098 -0.179035 0.783457
1.259527 -7.974654 -31.390444 52.842290 0.089981 0.987186 0.131784 0.843414 -0.005158 -0.537239 0.529675 -0.159490 0.833071
0.329653 -8.113759 -32.368370 1.296095 0.114008 0.981497 0.153837 0.902953 -0.037790 -0.428074 0.414340 -0.187711 0.890554
0.524787 -8.415205 -12.793026 4.601086 0.096370 0.985694 0.138274 0.933700 -0.041395 -0.355655 0.344844 -0.163381 0.924332
1.095046 -8.456767 -27.144237 16.319360 0.086442 0.987022 0.135332 0.914787 -0.024836 -0.403172 0.394579 -0.158651 0.905062
-0.154269 -5.854441 4.639023 -81.871716 0.277274 0.957820 -0.075503 0.960735 -0.275553 0.032533 0.010356 -0.081559 -0.996615
0.169582 -5.164996 9.726780 -14.219049 0.337680 0.939129 -0.063309 0.941255 -0.336669 0.026334 0.003417 -0.068482 -0.997646
0.664054 -6.592010 21.718756 -105.717208 0.250088 0.966850 -0.051545 -0.966958 0.252128 0.037723 -0.049469 -0.040407 -0.997958
1.852224 -19.989058 104.143161 170.014500 0.202742 0.978942 0.023847 -0.694627 0.160939 -0.701136 0.690209 -0.125585 -0.712628
3.217892 -20.738961 99.396316 89.832995 0.237411 0.971402 0.003722 -0.480909 0.120862 -0.868400 0.844016 -0.204378 -0.495850
2.458941 -20.182856 96.375969 120.341803 0.189454 0.981755 0.016287 -0.505669 0.111773 -0.855456 0.841669 -0.153834 -0.517619
0.199140 -23.885013 -40.314326 -348.578813 -0.046617 0.966914 -0.250808 0.985932 0.084883 0.143989 0.160514 -0.240567 -0.957268
-0.125975 -24.715714 -67.869861 -384.104133 -0.070519 0.962440 -0.262176 0.997510 0.067749 -0.019602 -0.001104 -0.262906 -0.964821
-2.248744 -13.591827 83.382531 57.188070 0.217845 0.970360 -0.104617 0.124925 0.078587 0.989049 -0.967955 0.228529 0.104103
-2.304373 -12.900449 23.325285 8.465385 0.155009 0.981671 -0.110876 0.257870 0.068136 0.963774 -0.953664 0.177985 0.242582
-2.946081 -12.771823 -14.259704 78.950944 0.096353 0.987661 -0.123457 0.179644 0.104741 0.978140 -0.979002 0.116425 0.167335
0.907214 -3.151503 68.724526 95.480570 0.007193 0.999876 -0.014018 -0.871784 -0.000596 -0.489889 0.489837 -0.015745 -0.871672
0.386918 -1.961106 91.726461 67.678956 0.041578 0.998877 0.022722 -0.884851 0.047374 -0.463458 0.464014 0.000836 -0.885827
1.279024 -1.891367 56.233914 67.755647 0.041583 0.999103 -0.008006 -0.888576 0.033317 -0.457517 0.456840 -0.026139 -0.889165
1.522738 -3.048812 9.866091 88.213661 0.017330 0.998699 -0.047960 -0.876404 -0.007915 -0.481511 0.481264 -0.050377 -0.875127
-1.411622 -17.447126 -12.547773 -459.283597 0.153972 0.977068 -0.147074 0.624567 -0.211583 -0.751764 0.765643 -0.023893 0.642822
-1.794550 -11.420564 -9.429800 -215.061950 0.233175 0.945460 -0.227453 0.697835 -0.325586 -0.637982 0.677242 0.009964 0.735693
-0.255758 -8.748843 17.165636 -366.021847 0.092558 0.983417 -0.155964 0.225253 -0.173256 -0.958772 0.969894 -0.053610 0.237553
-0.319652 -9.315890 -6.040072 -349.804383 0.102768 0.983271 -0.150391 0.211231 -0.169315 -0.962660 0.972019 -0.067164 0.225098
-0.384529 -12.548129 16.501834 -481.636312 0.090610 0.987280 -0.130643 0.127909 -0.141633 -0.981621 0.987638 -0.072234 0.139115
-1.199442 -8.989650 24.864809 45.687274 -0.015206 0.999745 -0.016723 -0.913802 -0.020684 -0.405632 0.405874 -0.009114 -0.913884
-1.110430 -8.975089 0.131721 44.537600 -0.013151 0.999073 -0.040996 -0.915000 -0.028558 -0.402442 0.403240 -0.032219 -0.914527
-0.805672 -8.025807 -29.395599 -78.647978 -0.013535 0.997630 -0.067458 -0.936789 -0.036242 -0.348012 0.349632 -0.058483 -0.935060
1.436724 -16.737913 17.745151 420.808281 -0.096866 0.941500 0.322791 0.064461 0.329570 -0.941928 0.993208 0.070434 0.092614
-1.234028 -20.359334 -5.361032 -13.234134 -0.237731 0.930867 0.277437 0.171431 -0.240932 0.955282 -0.956083 -0.274662 0.102302
-1.199386 -19.762187 -27.756415 33.483773 -0.250808 0.934874 0.251208 -0.133989 -0.290531 0.947438 -0.958719 -0.203966 -0.198131
-1.027443 -19.381021 -21.928080 100.173333 -0.273915 0.929674 0.246328 -0.031337 -0.264615 0.963845 -0.961243 -0.256292 -0.101615
-1.351168 -18.815311 -28.573497 31.494920 -0.240333 0.930264 0.277215 0.080547 -0.265488 0.960744 -0.967343 -0.253227 0.011124
-1.062447 -21.253740 -6.703688 -53.462229 -0.267291 0.925937 0.266827 0.138650 -0.237065 0.961549 -0.953589 -0.294009 0.065016
-1.249754 -24.300969 38.488279 -305.428162 -0.215290 0.925519 0.311553 0.379939 -0.214514 0.899794 -0.899609 -0.312088 0.305458
-1.203175 -22.692308 -13.583886 -244.097458 -0.221918 0.919511 0.324425 0.419755 -0.210223 0.882956 -0.880090 -0.332123 0.339317
-1.175108 -19.745016 -14.868022 -93.149399 -0.220945 0.926032 0.306021 0.319875 -0.227613 0.919713 -0.921338 -0.301094 0.245924
0.427279 -0.280189 -76.302115 -57.439638 -0.059864 0.891194 -0.449655 -0.332741 -0.442515 -0.832745 0.941116 -0.099767 -0.323028
-0.319764 -1.807037 54.111486 -324.588469 0.071936 0.996920 0.031253 -0.266657 0.049416 -0.962524 0.961103 -0.060906 -0.269390
0.489413 -2.177319 24.075871 -280.826870 0.136415 0.975507 0.172559 -0.287134 0.205645 -0.935556 0.948127 -0.078077 -0.308154
0.381987 -2.883719 -37.911568 -225.098054 0.173481 0.961033 0.215219 -0.309584 0.260671 -0.914444 0.934913 -0.092011 -0.342742
0.423999 -1.132670 -46.920209 -187.218208 0.163666 0.977798 0.130858 -0.301575 0.175887 -0.937079 0.939290 -0.113905 -0.323666
-0.237017 -44.195295 -109.172629 -1156.204997 -0.320684 0.872896 0.367716 0.191075 -0.320621 0.927735 -0.927713 -0.367771 0.063971
-0.097542 -34.119480 -30.626574 -553.482489 -0.283319 0.881138 0.378585 0.442879 -0.229934 0.866596 -0.850640 -0.413191 0.325092
1.059197 -6.251194 164.259249 -11.132202 0.288816 0.957171 -0.020207 -0.394482 0.138209 0.908450 -0.872335 0.254404 -0.417504
-0.018923 -6.070179 131.589481 -0.591049 0.307395 0.947655 -0.086366 -0.313744 0.186617 0.930988 -0.898372 0.259084 -0.354686
