11269
22512
-4.696635 -6.913674 11.975089 -87.969392 -0.295234 0.852663 0.431049 0.608099 0.515677 -0.603566 0.736921 -0.083928 0.670749
-6.046965 -7.909468 -30.241572 -62.117882 -0.229064 0.821402 0.522329 0.445522 0.565563 -0.694009 0.865471 -0.073737 0.495503
-4.280250 -8.548236 43.028673 -111.793687 -0.443728 0.744887 0.498245 0.440105 0.665444 -0.602903 0.780649 0.048245 0.623105
-4.754416 -6.663489 -2.002692 -45.018849 0.155813 0.985893 0.061132 0.573635 -0.039929 -0.818137 0.804155 -0.162544 0.571764
-2.968904 -7.860439 64.275577 -118.186024 -0.497473 0.778686 0.382321 0.553600 0.624289 -0.551172 0.667868 0.062540 0.741647
-3.758775 -6.066348 39.094984 -83.559189 -0.420731 0.820976 0.385984 0.663349 0.568645 -0.486426 0.618832 -0.051388 0.783840
-3.935782 -5.631579 -1.567269 -39.714796 0.193218 0.981156 0.000034 0.690505 -0.135955 -0.710436 0.697044 -0.137292 0.703762
3.388299 -3.652890 17.526577 35.974575 0.171172 0.242787 -0.954859 0.022532 0.967944 0.250153 0.984984 -0.064334 0.160214
2.705040 -5.078055 -8.041778 71.941201 0.113660 0.187625 -0.975642 0.073951 0.977684 0.196633 0.990764 -0.094499 0.097249
3.346971 -5.375003 35.443979 85.331518 0.181226 0.234000 -0.955197 0.072358 0.965475 0.250246 0.980776 -0.114467 0.158038
5.667254 -3.890809 110.377793 47.239204 0.238573 0.212988 -0.947481 0.053484 0.971290 0.231807 0.969651 -0.105978 0.220332
4.227806 -2.646712 75.359200 15.471592 0.243684 0.124365 -0.961848 0.030488 0.990272 0.135764 0.969375 -0.062408 0.237522
3.160276 -2.284847 -24.368867 13.796983 0.229701 0.283671 -0.931004 -0.052150 0.958795 0.279272 0.971863 -0.015597 0.235030
-0.036510 -2.758085 7.636806 -75.676740 -0.636723 0.720535 0.274617 0.139387 -0.242721 0.960030 -0.758390 -0.649551 -0.054113
-0.057359 -0.914380 10.380133 -96.872264 -0.627504 0.777519 0.041267 -0.092653 -0.127190 0.987541 -0.773081 -0.615862 -0.151852
-0.224211 -2.508442 4.096949 -64.385357 -0.650111 0.735814 0.189564 0.078355 -0.183229 0.979943 -0.755789 -0.651924 -0.061465
-0.061840 -3.653570 3.558384 0.499455 -0.654422 0.723515 0.219675 0.188446 -0.125295 0.974058 -0.732270 -0.678842 0.054348
-0.281045 -2.673127 -0.117849 -42.316317 -0.661767 0.733286 0.156061 0.047817 -0.166455 0.984889 -0.748183 -0.659230 -0.075091
-0.087201 -3.375243 -1.684528 1.185634 -0.670773 0.726785 0.147811 0.130031 -0.080966 0.988198 -0.730175 -0.682077 0.040195
0.342041 -6.166129 -10.731737 12.872011 0.324522 0.945851 -0.007132 0.428194 -0.140182 0.892748 -0.843407 0.292770 0.450500
0.386688 -6.490586 -12.229678 8.796656 0.328261 0.944585 0.001819 0.243932 -0.086631 0.965915 -0.912547 0.316629 0.258852
0.836432 -6.138565 -15.585151 12.743003 0.333252 0.942504 -0.025072 0.423393 -0.125838 0.897164 -0.842426 0.309597 0.440985
0.706075 -5.699267 -16.616591 16.777397 0.320689 0.947053 -0.015762 0.578064 -0.182506 0.795320 -0.750334 0.264162 0.605985
0.884886 -5.680245 -8.906375 19.490565 0.367547 0.929304 -0.036098 0.585970 -0.201265 0.784941 -0.722183 0.309655 0.618518
1.032984 -6.108196 -3.670086 10.478791 0.393721 0.917852 -0.050304 0.423225 -0.132425 0.896295 -0.816005 0.374180 0.440597
4.405916 -8.299278 31.596151 35.792852 -0.067852 0.974033 0.215998 -0.024957 -0.218086 0.975610 -0.997383 -0.060807 -0.039106
3.016453 -8.927355 20.483899 116.033404 0.033032 0.984357 0.173063 -0.117869 -0.168112 0.978696 -0.992480 0.052727 -0.110472
3.846478 -7.845332 16.994684 68.036771 0.015587 0.986818 0.161080 0.009193 -0.161234 0.986873 -0.999836 0.013901 0.011585
-1.612302 -9.080628 6.284231 -27.645674 -0.279701 0.957484 -0.070649 -0.259359 -0.004503 0.965771 -0.924392 -0.288451 -0.249592
-1.689656 -9.492146 4.156671 -42.181630 -0.351043 0.935095 -0.048647 -0.273121 -0.052561 0.960543 -0.895641 -0.350478 -0.273845
-1.745969 -9.271409 8.361692 -12.528708 -0.287563 0.956716 -0.044740 -0.072089 0.024959 0.997086 -0.955045 -0.289950 -0.061792
-1.435171 -8.908426 8.912163 -7.325113 -0.225397 0.972564 -0.057577 -0.052783 0.046821 0.997508 -0.972836 -0.227875 -0.040781
-1.834346 -9.413780 7.178075 17.121897 -0.294403 0.955292 -0.027268 0.129818 0.068243 0.989187 -0.946823 -0.287680 0.144105
-1.497727 -9.085067 10.862127 4.587406 -0.224951 0.973560 -0.039732 0.135499 0.071638 0.988184 -0.964903 -0.216910 0.148032
2.261406 -69.933390 -49.452778 -7080.654268 0.827964 0.462736 -0.316782 0.530120 -0.830081 0.173027 0.182889 0.311193 0.932583
1.870321 -41.751874 -94.913903 -3192.256583 0.850202 0.413582 -0.325741 0.488019 -0.851234 0.192974 0.197471 0.323034 0.925556
2.946576 -34.276246 -19.980653 -2971.874898 0.801193 0.477368 -0.360845 0.549365 -0.825834 0.127260 0.237248 0.300195 0.923903
-0.105161 -14.089374 -15.545549 -6.174909 0.790745 0.090548 -0.605412 -0.535221 0.582250 -0.611983 -0.297087 -0.807952 -0.508875
-0.647779 -16.781962 -8.427520 -124.924644 0.799651 0.117637 -0.588830 -0.535754 0.582605 -0.611178 -0.271158 -0.804197 -0.528905
-0.235089 -14.099771 -9.375327 4.548220 0.811542 0.090933 -0.577174 -0.552674 0.440013 -0.707771 -0.189605 -0.893375 -0.407346
0.076231 -14.269414 -13.171506 38.817820 0.806705 0.078583 -0.585706 -0.564330 0.396580 -0.724055 -0.175381 -0.914631 -0.364270
-0.217400 -13.256742 -10.246289 -4.807918 0.820942 0.090400 -0.563810 -0.569838 0.192965 -0.798780 -0.036586 -0.977032 -0.209927
0.609485 -7.441724 -6.945413 -46.111009 0.331151 0.932697 -0.142880 0.506691 -0.303514 -0.806934 0.795992 -0.194821 0.573099
0.386746 -7.680948 -2.966739 -29.614946 0.340805 0.924038 -0.173219 0.298522 -0.281078 -0.912075 0.891480 -0.259130 0.371638
0.209975 -6.979553 -2.799210 -40.068849 0.339812 0.930424 -0.137254 0.542545 -0.313137 -0.779481 0.768227 -0.190410 0.611205
1.501365 -7.488881 -32.387343 -8.494735 0.333796 0.936398 -0.108349 0.261677 -0.202471 -0.943679 0.905597 -0.286644 0.312618
1.449509 -7.468071 -21.631907 -38.471474 0.291051 0.952233 -0.092418 0.479462 -0.228774 -0.847219 0.827892 -0.202273 0.523144
-0.867623 -14.657701 -28.203128 182.810928 -0.372537 0.852608 0.366436 -0.607158 0.074694 -0.791063 0.701837 0.517185 -0.489841
3.206094 -25.154012 -241.219403 580.366257 -0.286847 0.866850 0.407787 -0.594151 0.172929 -0.785544 0.751467 0.467618 -0.465436
4.223205 -12.237608 -249.093608 152.038834 -0.315045 0.877660 0.361192 -0.742174 0.009379 -0.670142 0.591544 0.479192 -0.648421
20.304844 -18.271906 -779.341139 268.971669 -0.259426 0.885111 0.386364 -0.730991 0.081487 -0.677504 0.631150 0.458190 -0.625869
12.655451 -12.029349 -540.811832 -4.243901 -0.381370 0.865090 0.325848 0.793392 0.125402 0.595653 0.474432 0.485689 -0.734180
4.140628 -1.007246 -32.508397 -1.874101 -0.164122 0.348381 -0.922873 0.911178 -0.304881 -0.277133 -0.377915 -0.886385 -0.267400
3.766750 -1.179075 -24.127349 -8.441929 -0.146299 0.351434 -0.924711 0.921609 -0.291275 -0.256507 -0.359490 -0.889749 -0.281271
3.932801 -1.095774 52.376639 -8.217562 -0.086749 0.456267 -0.885604 0.916490 -0.311936 -0.250485 -0.390539 -0.833377 -0.391104
3.434963 -1.386662 51.924389 -13.272653 -0.056155 0.453124 -0.889677 0.930952 -0.298246 -0.210661 -0.360798 -0.840076 -0.405089
4.088683 -1.019682 43.098449 1.018077 -0.105100 0.454793 -0.884374 0.906332 -0.322202 -0.273402 -0.409289 -0.830271 -0.378330
-1.350475 -30.640856 29.935171 790.811921 0.319733 -0.785496 -0.529873 0.942574 0.320678 0.093382 0.096568 -0.529302 0.842920
1.371606 -42.089414 -33.074733 1548.441837 0.136423 -0.857174 -0.496629 0.947004 0.260006 -0.188627 0.290813 -0.444577 0.847219
-2.569420 -36.241768 40.743054 1038.625501 0.249382 -0.833481 -0.493070 0.934204 0.341176 -0.104225 0.255093 -0.434636 0.863724
-2.120042 -3.942102 -20.114241 3.082814 0.677625 -0.671261 -0.300387 -0.232191 0.192284 -0.953475 -0.697790 -0.715846 0.025564
-1.841061 -3.848498 36.030482 -21.316808 -0.660934 0.724625 0.195153 0.061937 -0.206490 0.976486 -0.747884 -0.657480 -0.091595
-2.447691 -4.012015 -13.030042 -2.683675 0.719737 -0.642436 -0.263162 -0.170038 0.204391 -0.964008 -0.673102 -0.738580 -0.037869
-2.572071 -3.793716 10.178379 -21.491863 0.769503 -0.588965 -0.246952 -0.238268 0.094006 -0.966639 -0.592532 -0.802672 0.067994
-2.474832 -3.808723 -7.712716 -7.570291 0.770852 -0.622383 -0.135748 -0.071461 0.127267 -0.989291 -0.632994 -0.772297 -0.053628
-1.486952 -3.688985 4.408288 9.381912 0.608686 0.785823 0.109473 0.779816 -0.617967 0.100022 -0.146250 -0.024487 0.988945
-1.374995 -4.139726 7.117094 5.069957 0.649360 0.749997 0.125840 0.716466 -0.658821 0.229415 -0.254966 0.058813 0.965160
-1.735604 -3.682222 7.122396 17.180072 0.667775 0.725169 0.167945 0.719811 -0.686568 0.102450 -0.189599 -0.052476 0.980458
-1.670192 -3.132760 -1.496056 23.249826 -0.635261 -0.750024 -0.184142 0.761265 -0.648284 0.014263 -0.130074 -0.131120 0.982796
-1.667527 -3.179412 -2.366760 8.949625 -0.522540 -0.842892 -0.128397 0.849706 -0.527247 0.003163 -0.070363 -0.107447 0.991718
-1.596199 -3.650423 -7.587512 1.588653 -0.389090 -0.918355 -0.072340 0.921149 -0.388689 -0.020125 -0.009636 -0.074466 0.997177
0.884840 -37.812859 15.756942 1005.962568 -0.224403 0.968124 -0.111264 0.603789 0.227748 0.763917 -0.764906 -0.104245 0.635650
0.263395 -38.276869 11.865663 835.700918 -0.208435 0.975698 -0.067590 0.474702 0.161346 0.865232 -0.855110 -0.148259 0.496796
1.156996 -24.179562 11.142815 383.238436 -0.253653 0.952937 -0.166045 0.710440 0.300029 0.636598 -0.656456 -0.043509 0.753108
1.984906 -36.105853 50.070551 892.706500 -0.204347 0.972037 -0.115696 0.714289 0.228880 0.661366 -0.669353 -0.052508 0.741086
1.582774 -14.044617 17.890817 -86.203124 -0.253814 0.954948 -0.153795 0.758965 0.295194 0.580373 -0.599625 -0.030581 0.799697
1.204709 -16.253309 10.040902 -20.617662 -0.257619 0.953267 -0.157841 0.847425 0.301386 0.437077 -0.464223 0.021159 0.885466
-0.548238 -25.033621 18.161521 500.944433 0.850210 0.523511 0.055483 0.443570 -0.655618 -0.611074 0.283528 -0.544152 0.789627
-3.143014 -185.411804 15.964924 4338.142949 0.954605 0.295399 0.038319 0.263143 -0.776012 -0.573203 0.139587 -0.557266 0.818517
-1.397233 -53.184022 -22.483220 1129.587965 0.899267 0.406989 0.160245 0.432613 -0.881641 -0.188561 -0.064537 -0.238891 0.968899
-0.842803 -33.048492 -16.033460 820.727722 0.877993 0.464828 0.114296 0.464765 -0.770681 -0.435941 0.114552 -0.435874 0.892688
0.785112 -14.316028 -3.909564 131.662653 0.732823 0.663976 0.148685 0.630235 -0.580004 -0.516139 0.256466 -0.471945 0.843501
1.289481 -19.812731 5.620479 212.957685 0.716499 0.692782 0.081746 0.549180 -0.487922 -0.678479 0.430152 -0.531023 0.730058
1.165628 -4.702453 -66.201002 -18.594035 0.747879 -0.366621 -0.553413 0.633032 0.142872 0.760827 0.199868 0.919335 -0.338934
2.066590 -4.825049 -57.640399 -0.652335 0.719756 -0.390470 -0.574007 0.617409 -0.018017 0.786436 0.317422 0.920439 -0.228112
0.335861 -5.192020 -109.582752 -8.718934 0.737431 -0.313695 -0.598156 0.639130 0.037696 0.768175 0.218424 0.948775 -0.228290
-1.115871 -5.206849 -83.806314 -22.447080 0.700853 -0.350474 -0.621267 0.691289 0.119007 0.712711 0.175852 0.928981 -0.325686
1.438574 -0.769606 114.411391 -17.439268 0.658586 -0.302925 0.688840 0.449947 -0.575211 -0.683140 -0.603168 -0.759848 0.242526
-0.210124 -2.316776 5.580864 -87.052662 0.771394 -0.633895 -0.055937 -0.140117 -0.083447 -0.986612 -0.620741 -0.768904 0.153190
0.685527 -1.057584 89.926796 -24.272387 0.723413 -0.421228 0.547030 0.336607 -0.476592 -0.812130 -0.602802 -0.771639 0.202985
0.399162 -1.285204 76.288668 -40.706832 0.731672 -0.450975 0.511154 0.318362 -0.436983 -0.841244 -0.602745 -0.778247 0.176155
2.746007 -0.741189 -148.279910 -16.029028 -0.554270 0.250266 -0.793821 0.558111 -0.595799 -0.577526 -0.617493 -0.763145 0.190558
0.015727 -3.762003 -16.239874 -22.630590 -0.721080 0.506430 0.472835 -0.012228 0.673039 -0.739506 -0.692744 -0.539025 -0.479122
0.068881 -3.308668 -10.857591 -21.891633 -0.710950 0.513379 0.480616 -0.086112 0.614734 -0.784020 -0.697950 -0.598786 -0.392837
-0.198664 -3.587303 -9.733310 -27.564202 -0.717064 0.505909 0.479454 -0.048834 0.649718 -0.758605 -0.695295 -0.567382 -0.441184
-0.376584 -4.101365 -9.811082 -26.145004 -0.715086 0.503981 0.484412 0.019487 0.707074 -0.706871 -0.698765 -0.496034 -0.515440
0.350174 -7.800490 -7.949999 15.107065 0.538989 -0.832926 -0.125401 0.823095 0.489201 0.288439 -0.178902 -0.258683 0.949251
0.071679 -7.499534 -4.100528 18.792323 0.569035 -0.814744 -0.111315 0.810726 0.533207 0.241690 -0.137562 -0.227776 0.963948
0.533567 -7.641429 -7.357405 16.107928 0.559454 -0.819396 -0.124906 0.827973 0.545498 0.129974 -0.038364 -0.176134 0.983618
0.803932 -8.240948 -18.241376 12.920489 0.522708 -0.843391 -0.124373 0.843086 0.489762 0.222124 -0.126424 -0.220964 0.967053
0.906888 -7.870832 -15.093324 15.051402 0.548948 -0.826411 -0.125305 0.835614 0.546199 0.058447 0.020140 -0.136791 0.990395
0.707916 -7.294419 7.028713 17.013907 -0.578838 0.805924 0.124232 0.809403 0.586352 -0.032537 0.099066 -0.081720 0.991720
-1.360188 -9.746257 11.872005 8.575097 0.867319 0.110154 -0.485411 -0.378753 0.778803 -0.500012 -0.322961 -0.617521 -0.717191
-1.297105 -9.446161 7.757158 13.538439 0.872833 0.081418 -0.481180 -0.273303 0.898414 -0.343741 -0.404312 -0.431536 -0.806417
-0.882620 -9.755368 13.674716 15.473004 0.884268 0.118042 -0.451814 -0.300145 0.884874 -0.356245 -0.357747 -0.450626 -0.817896
-0.942367 -10.154047 14.882724 0.223887 0.874409 0.142065 -0.463924 -0.398428 0.755903 -0.519486 -0.276881 -0.639084 -0.717571
-0.350388 -9.706542 -16.824816 33.558769 -0.900169 -0.113128 0.420593 -0.209316 0.959215 -0.189984 -0.381947 -0.259054 -0.887134
-0.359911 -10.341890 16.707455 24.745821 0.888798 0.139274 -0.436624 -0.321364 0.868632 -0.377099 -0.326746 -0.475480 -0.816796
-1.553047 -6.457057 -30.848229 -115.133765 0.944181 -0.062469 -0.323450 0.134492 -0.823207 0.551582 0.300723 0.564294 0.768855
-1.856715 -4.698277 1.160227 -71.365756 0.900624 -0.081229 -0.426940 0.215445 -0.769722 0.600925 0.377438 0.633190 0.675730
-1.570723 -4.831287 -21.704139 -51.652046 0.906519 0.040819 -0.420188 0.303635 -0.754556 0.581765 0.293309 0.654964 0.696413
5.952769 -5.443789 104.515703 3.648007 0.595154 -0.793336 -0.128096 0.788113 0.545058 0.285989 -0.157065 -0.271162 0.949632
20.531165 -3.968408 348.254525 -8.178199 0.724283 -0.679481 0.117131 0.641469 0.726328 0.246910 -0.252846 -0.103697 0.961933
37.625849 -6.440856 763.571784 1.467784 0.683608 -0.729487 -0.023009 0.722768 0.672257 0.160237 -0.101423 -0.126169 0.986810
0.043270 -11.783585 -0.507794 -0.288164 -0.509911 0.860099 -0.014849 -0.760638 -0.442749 0.474767 -0.401772 -0.253383 -0.879986
0.179642 -12.314045 10.544334 -12.896406 -0.519507 0.854243 0.019527 -0.817752 -0.503682 0.278541 -0.247777 -0.128736 -0.960226
-0.191474 -11.252102 -0.942584 -25.561549 -0.521679 0.853138 -0.002436 -0.783909 -0.478216 0.395976 -0.336657 -0.208482 -0.918258
0.132530 -11.785708 4.178525 -24.431239 -0.537803 0.843025 0.008758 -0.829970 -0.531242 0.170095 -0.148046 -0.084209 -0.985389
-0.273983 -11.754349 -2.554315 -8.074493 -0.493976 0.869121 -0.024820 -0.664820 -0.359153 0.654999 -0.560360 -0.340055 -0.755222
-0.341101 -10.876133 6.501047 -42.166918 -0.497572 0.867402 0.006021 -0.722508 -0.418277 0.550478 -0.480004 -0.269552 -0.834828
-0.212997 -11.157931 2.912628 -10.743119 -0.536607 0.843707 0.014523 -0.825514 -0.528447 0.198170 -0.174873 -0.094350 -0.980060
-0.264673 -10.337615 -0.177326 -29.339532 -0.531310 0.847146 0.007305 -0.790495 -0.498844 0.355348 -0.304676 -0.183025 -0.934706
-0.222975 -3.812509 -19.147859 -35.408403 -0.582424 0.807819 0.090611 -0.567228 -0.324036 -0.757134 0.582266 0.492370 -0.646945
-0.354052 -3.333282 -19.739981 -8.871794 -0.704892 0.695873 -0.137433 -0.323786 -0.488060 -0.810531 0.631102 0.526839 -0.569343
0.361553 -2.432136 -24.895693 -11.814013 -0.685254 0.720565 -0.105891 -0.365094 -0.465669 -0.806138 0.630185 0.513749 -0.582176
0.709599 -2.745180 -29.611381 -21.413459 -0.764933 0.528117 -0.368740 0.067785 0.635304 0.769281 0.640533 0.563454 -0.521764
0.756182 -2.976717 -35.936779 -35.202147 -0.531511 0.837730 0.125317 -0.603612 -0.270795 -0.749882 0.594264 0.474213 -0.649594
-0.584749 -16.038989 10.914662 -9.097719 0.348969 0.837880 0.419735 0.688545 0.074586 -0.721347 0.635709 -0.540735 0.550890
-0.861093 -15.212573 26.529258 -40.378665 0.340852 0.837149 0.427787 0.701704 0.076278 -0.708374 0.625645 -0.541630 0.561432
-0.400724 -18.777162 12.743875 -155.479063 0.305150 0.821949 0.480918 0.512695 0.283774 -0.810318 0.802513 -0.493833 0.334816
-0.067655 -19.688975 6.327259 -139.556099 0.315552 0.830264 0.459444 0.527445 0.249027 -0.812273 0.788815 -0.498646 0.359337
0.485808 -25.365704 13.761482 -287.690421 0.297531 0.794058 0.530044 0.222832 0.482095 -0.847308 0.928343 -0.370211 0.033504
-0.312557 -20.774433 1.068488 -204.279404 0.294194 0.814596 0.499883 0.191080 0.462338 -0.865870 0.936450 -0.350251 0.019636
-1.098583 -4.656413 -7.121109 7.058607 -0.012341 0.833564 -0.552285 0.959651 -0.145300 -0.240745 -0.280923 -0.532972 -0.798137
-0.970856 -4.798222 3.154653 6.287210 0.117908 0.798520 -0.590307 0.903278 -0.333201 -0.270307 -0.412536 -0.501341 -0.760573
-1.309047 -5.368852 -18.175323 -0.676494 -0.003958 0.835604 -0.549317 0.913416 -0.220559 -0.342089 -0.407008 -0.503109 -0.762382
2.623471 -12.313986 -38.431746 436.724151 -0.224544 -0.972324 -0.064549 0.974442 -0.224494 -0.008128 -0.006587 -0.064724 0.997881
9.961757 -15.514505 -542.624084 -112.195106 0.231084 -0.925441 0.300264 0.942064 0.289954 0.168649 -0.243137 0.243896 0.938829
43.877243 -39.845511 -1716.703902 -107.216091 0.536688 -0.842147 0.052492 0.839117 0.526156 -0.137992 0.088590 0.118106 0.989041
1.416716 -48.787819 4.739222 1474.287855 0.334519 0.938839 0.081718 0.928457 -0.343187 0.142089 -0.161444 -0.028340 0.986475
0.192740 -3.764388 7.453787 -4.484325 -0.360336 0.932575 -0.021461 -0.544414 -0.191562 0.816650 -0.757477 -0.305952 -0.576734
-0.080730 -3.663369 23.811328 -13.647859 -0.274570 0.957490 -0.088454 -0.553933 -0.082310 0.828483 -0.785983 -0.276474 -0.552985
0.717811 -4.129016 19.839933 -10.334928 -0.274627 0.958269 -0.079370 -0.439830 -0.051788 0.896587 -0.855061 -0.281137 -0.435698
-0.163971 -3.306826 4.221267 0.142421 -0.390938 0.920253 0.017359 -0.603876 -0.270678 0.749712 -0.694623 -0.282608 -0.661537
-0.005500 -3.764561 -1.580832 8.503490 -0.463932 0.881465 0.088246 -0.592937 -0.382988 0.708340 -0.658174 -0.276297 -0.700333
0.735242 -12.708399 -30.701173 198.374955 0.878531 0.188721 -0.438826 0.477049 -0.394056 0.785586 0.024666 0.899503 0.436219
0.467301 -15.657678 -32.540838 158.773803 0.884960 0.215067 -0.413028 0.436151 -0.072057 0.896984 -0.163150 0.973937 0.157569
1.369570 -12.326906 -3.586932 188.995736 0.881535 0.132377 -0.453180 0.465300 -0.406147 0.786473 0.079947 0.904169 0.419628
24.362937 -163.360784 -493.940752 -5463.531628 0.664816 -0.455587 -0.591997 -0.655801 -0.735429 -0.170498 0.357695 -0.501582 0.787699
-0.410887 -32.906135 -11.200168 250.825624 0.817938 -0.181744 -0.545844 -0.570758 -0.375410 -0.730276 0.072192 -0.908866 0.410794
-0.469151 -29.875923 -4.756440 -213.850820 0.826559 -0.182446 -0.532460 -0.519430 -0.611605 -0.596768 0.216777 -0.769839 0.600296
-0.098496 -27.617212 -4.413501 -470.229258 0.853094 -0.166846 -0.494361 -0.378938 -0.849439 -0.367231 0.358658 -0.500615 0.787876
-0.586005 -4.972180 -15.073998 26.812005 -0.533819 0.827082 0.175990 0.711592 0.326952 0.621883 0.456808 0.457207 -0.763079
-0.926764 -4.526911 -9.978490 -27.531313 -0.620687 0.780540 0.074190 -0.549536 -0.365587 -0.751237 0.559248 0.507053 -0.655850
-4.905610 -7.977056 25.991412 -21.732742 -0.378517 0.784341 0.491461 0.309095 0.607599 -0.731630 0.872459 0.125026 0.472423
-6.405358 -8.241530 -75.166308 -23.796174 -0.158856 0.834774 0.527179 0.254473 0.550537 -0.795080 0.953944 -0.007849 0.299883
-5.010365 -7.663431 -6.940114 -25.609659 0.061107 0.984645 0.163526 0.400139 0.125925 -0.907762 0.914415 -0.120904 0.386300
-5.379282 -8.148302 -50.727924 -15.358702 -0.018479 0.962911 0.269186 0.313890 0.261207 -0.912822 0.949280 -0.067627 0.307075
2.385080 -7.889982 21.399713 119.926630 0.101249 0.149711 -0.983532 0.177401 0.970051 0.165921 0.978917 -0.191279 0.071657
4.345775 -8.418853 112.244565 119.966712 0.199274 0.262353 -0.944172 0.216923 0.927783 0.303583 0.955633 -0.265309 0.127973
1.413976 -9.661278 2.455133 114.927565 0.148140 0.137013 -0.979429 0.362803 0.913780 0.182703 0.920016 -0.382405 0.085659
0.973176 -9.548323 -12.876339 79.553224 0.086457 0.082196 -0.992859 0.419465 0.900945 0.111113 0.903645 -0.426077 0.043415
1.464029 -8.543801 27.546858 101.049599 -0.016364 0.091912 -0.995633 0.238771 0.967316 0.085374 0.970938 -0.236331 -0.037775
0.110669 -0.960276 7.487247 -109.243753 -0.632774 0.766134 0.112406 -0.042808 -0.179553 0.982816 -0.773152 -0.617089 -0.146413
2.221370 -0.105400 -94.369508 9.591750 0.249273 -0.484759 0.838375 -0.577408 0.620603 0.530520 -0.777472 -0.616329 -0.125204
-0.059268 -6.656665 -5.697460 10.667745 0.338054 0.940720 0.027676 0.255099 -0.119899 0.959452 -0.905894 0.317287 0.280509
-0.062432 -6.876840 -7.093319 9.976755 0.339677 0.939223 0.049794 0.041162 -0.067736 0.996854 -0.939641 0.336559 0.061668
3.751327 -9.102957 41.948096 102.640337 -0.051869 0.969205 0.240730 -0.134806 -0.245643 0.959941 -0.989513 -0.017339 -0.143396
2.263619 -10.374153 6.747133 150.074133 0.018127 0.983195 0.181658 -0.269168 -0.170181 0.947938 -0.962923 0.066080 -0.261559
4.235688 -8.947439 24.427464 -16.979733 -0.192571 0.947012 0.257070 -0.092627 -0.278346 0.956004 -0.976902 -0.160287 -0.141320
3.017512 -9.714934 45.851703 143.440626 -0.049510 0.966631 0.251344 -0.253173 -0.255579 0.933050 -0.966153 0.017439 -0.257379
4.289083 -8.942634 55.927468 41.126815 -0.151979 0.942319 0.298224 -0.187731 -0.323757 0.927329 -0.970391 -0.084948 -0.226106
-1.527333 -9.185182 3.461174 -30.620431 -0.335573 0.939156 -0.073333 -0.434130 -0.085092 0.896823 -0.836016 -0.332785 -0.436270
-1.480478 -9.558581 -1.666266 -39.909184 -0.403714 0.913204 -0.055431 -0.414621 -0.128616 0.900859 -0.815540 -0.386672 -0.430557
-0.711119 -9.767145 -6.791242 -46.645879 -0.413011 0.902986 0.118481 0.718625 0.403042 -0.566688 0.559464 0.148905 0.815369
-0.383682 -11.638869 -6.424166 -83.558104 -0.403967 0.907935 0.111647 0.554714 0.340181 -0.759322 0.727395 0.244809 0.641066
-0.897925 -9.715970 -0.552299 -45.948553 -0.400741 0.914332 0.058336 0.731102 0.357509 -0.581100 0.552174 0.190221 0.811739
-0.851866 -9.646416 4.653668 -48.257353 -0.390099 0.920761 -0.004739 0.745648 0.312881 -0.588315 0.540214 0.233034 0.808618
-1.118130 -8.830655 4.756673 -7.901419 -0.384148 0.923263 -0.003884 0.848754 0.351484 -0.395065 0.363384 0.155060 0.918645
2.950828 -11.837486 -123.238416 -307.736071 0.941281 0.184115 -0.283006 0.267104 -0.918791 0.290653 0.206509 0.349178 0.914018
-0.575407 -15.694673 -6.578963 -148.955163 0.789996 0.114657 -0.602296 -0.497506 0.693999 -0.520436 -0.358321 -0.710788 -0.605299
-1.047474 -17.892404 -26.825043 -147.995935 0.779320 0.123598 -0.614316 -0.439450 0.806667 -0.395187 -0.446704 -0.577938 -0.682966
-0.900873 -16.508495 -31.362018 -97.623459 0.786309 0.079302 -0.612723 -0.519220 0.622318 -0.585773 -0.334856 -0.778737 -0.530510
-0.036046 -7.391572 0.304686 -32.247957 0.340363 0.924364 -0.172352 0.346598 -0.293723 -0.890840 0.874084 -0.243472 0.420355
0.133465 -7.682885 -2.611591 -2.946247 0.347702 0.918127 -0.190124 0.070736 -0.227885 -0.971115 0.934933 -0.324210 0.144181
1.339500 -7.469908 -33.337330 23.583071 0.366481 0.921893 -0.125714 0.031630 -0.147381 -0.988574 0.929888 -0.358318 0.083172
-1.153558 -24.166516 -4.710201 -269.492343 -0.356805 0.812744 0.460583 0.781801 0.529666 -0.329000 0.511348 -0.242695 0.824392
-1.062029 -34.601387 -26.562511 -665.309198 -0.337008 0.838678 0.427837 0.659339 0.534618 -0.528635 0.672084 -0.103935 0.733144
-1.407953 -26.579315 -11.089270 -249.336405 -0.361372 0.826879 0.430908 0.503205 0.562010 -0.656452 0.784981 0.020388 0.619184
-1.040090 -26.863979 -61.301088 115.514006 -0.319394 0.836220 0.445784 0.177320 0.514854 -0.838739 0.930884 0.188841 0.312720
-1.248726 -22.584591 -2.113238 60.481010 -0.383972 0.822567 0.419462 0.208275 0.519736 -0.828551 0.899548 0.230777 0.370884
3.422745 -0.998403 -77.243977 -4.889699 -0.223258 0.257127 -0.940235 0.907594 -0.297022 -0.296734 -0.355569 -0.919600 -0.167055
2.890923 -1.183385 -67.475296 -10.452187 -0.208240 0.248390 -0.946012 0.920880 -0.276118 -0.275207 -0.329570 -0.928472 -0.171239
2.974396 -1.494953 -12.539007 -11.382028 -0.119186 0.335839 -0.934348 0.940969 -0.262073 -0.214229 -0.316814 -0.904727 -0.284778
1.211967 -38.835976 -68.105204 996.388821 0.171614 -0.834280 -0.523952 0.946757 0.286718 -0.146436 0.272395 -0.470925 0.839066
-0.462606 -12.180166 50.609315 37.024522 0.225062 -0.823276 -0.521117 0.887285 0.394162 -0.239504 0.402583 -0.408476 0.819191
0.496409 -3.129679 11.399965 -2.918123 0.705227 -0.706389 -0.060578 -0.250673 -0.168509 -0.953293 -0.663188 -0.687473 0.295910
0.456359 -3.243741 8.124804 12.234092 0.711574 -0.701704 -0.035703 -0.276543 -0.232995 -0.932329 -0.645900 -0.673294 0.359845
0.360313 -3.353751 11.794129 -8.852750 0.708587 -0.700418 -0.085554 -0.288979 -0.177440 -0.940748 -0.643736 -0.691325 0.328138
0.420568 -3.231649 3.650446 -23.588126 -0.688372 0.723845 0.046827 0.278904 0.204536 0.938284 -0.669594 -0.658949 0.342680
0.239421 -3.594107 9.885916 -25.104352 0.685395 -0.710767 -0.158253 -0.289542 -0.066609 -0.954845 -0.668131 -0.700266 0.251451
0.362770 -3.387850 13.505920 -29.255795 0.692305 -0.708092 -0.138995 -0.263101 -0.068332 -0.962345 -0.671932 -0.702806 0.233607
0.370497 -3.230738 11.184512 -26.395979 0.695927 -0.713494 -0.081314 -0.223901 -0.107999 -0.968610 -0.682316 -0.692287 0.234912
-0.868402 -4.446643 10.963366 6.486426 0.576884 0.814101 0.066662 0.746950 -0.558801 0.360286 -0.330560 0.158051 0.930457
-1.493084 -4.592486 15.803186 10.029455 0.617473 0.777596 0.118619 0.711433 -0.616416 0.337484 -0.335545 0.123998 0.933828
-1.872095 -4.277082 17.020604 6.465739 0.674737 0.719002 0.166631 0.687377 -0.694398 0.212895 -0.268780 0.029110 0.962762
1.429338 -109.999632 5.226329 4125.676519 -0.266734 0.963723 -0.009552 0.320979 0.098175 0.941984 -0.908749 -0.248193 0.335522
0.119955 -32.567280 4.521306 117.199417 -0.245294 0.967147 -0.066761 -0.055940 0.054630 0.996938 -0.967833 -0.248278 -0.040702
0.094280 -26.058103 -3.548631 246.051917 -0.259663 0.962808 -0.074671 0.142790 0.114752 0.983078 -0.955084 -0.244607 0.167276
-2.003856 -119.983357 -22.416522 -3170.997339 0.924513 0.360190 0.124653 -0.340422 0.927411 -0.154992 -0.171431 0.100857 0.980020
0.540210 -9.335542 1.906002 1.071875 0.035096 0.998536 -0.041171 0.072149 -0.043620 -0.996440 0.996776 -0.032001 0.073575
0.342549 -9.441161 9.460500 6.739990 0.000882 0.999226 -0.039338 0.071930 -0.039299 -0.996635 0.997409 0.001950 0.071909
0.371627 -9.531623 3.364261 -16.685865 0.024165 0.999702 -0.003481 -0.152539 0.000246 -0.988297 0.988002 -0.024413 -0.152500
1.961439 -7.872152 119.919712 -24.698572 -0.015944 0.962418 0.271105 -0.312831 -0.262329 0.912864 -0.949675 0.070255 -0.305257
4.237221 -8.444271 94.861968 -28.875457 -0.104611 0.954253 0.280103 -0.313326 -0.298929 0.901370 -0.943866 -0.006530 -0.330264
3.058630 -7.613717 96.115044 -57.394500 -0.082137 0.944476 0.318148 -0.486153 -0.316641 0.814490 -0.870005 0.087769 -0.485168
4.350175 -9.021024 103.100556 17.401027 -0.082279 0.971835 0.220831 -0.080773 -0.227356 0.970456 -0.993331 -0.062011 -0.097204
-0.237848 -7.359292 107.194956 -16.245899 0.024772 0.967054 0.253363 -0.317728 -0.232684 0.919188 -0.947858 0.103270 -0.301496
0.712410 -7.803386 113.896480 6.174878 0.028395 0.983798 0.177020 -0.086399 -0.174013 0.980946 -0.995856 0.043148 -0.080058
-2.167296 -5.544030 27.289683 -41.218687 -0.571439 0.478108 0.666986 0.795758 0.124185 0.592746 0.200567 0.869477 -0.451422
-2.478011 -5.664258 34.194749 -7.122141 -0.564463 0.434817 0.701652 0.759708 -0.058791 0.647601 0.322839 0.898598 -0.297148
-3.003331 -5.942090 -27.456978 -16.256536 -0.431188 0.526838 0.732475 0.826687 -0.094559 0.554660 0.361478 0.844690 -0.394757
-2.649876 -5.995229 -40.462453 21.608090 -0.347294 0.550367 0.759265 0.797285 -0.252955 0.548043 0.493684 0.795683 -0.350949
-0.151763 -2.358053 5.253858 -85.756156 0.770590 -0.634202 -0.063079 -0.164753 -0.102612 -0.980983 -0.615668 -0.766328 0.183559
-0.284983 -3.914946 -3.043536 -25.933587 0.727006 -0.652520 -0.213730 -0.184149 0.114579 -0.976197 -0.661477 -0.749059 0.036862
0.249562 -3.544917 -2.590740 -11.734123 -0.701344 0.524957 0.482221 -0.020196 0.661590 -0.749594 -0.712537 -0.535462 -0.453400
0.266083 -2.900770 -7.477802 -15.734096 -0.696714 0.491838 0.522192 -0.185556 0.579609 -0.793488 -0.692935 -0.649730 -0.312558
-0.154336 -2.763490 -22.984138 -6.054760 -0.722865 0.480394 0.496678 -0.167149 0.575878 -0.800266 -0.670468 -0.661503 -0.335985
0.217812 -3.217500 4.764844 -15.207765 -0.686020 0.518779 0.510142 -0.110061 0.619086 -0.777573 -0.719210 -0.589577 -0.367608
-0.128580 -7.542819 -3.121592 2.350808 0.555628 -0.823182 -0.116831 0.779877 0.467294 0.416448 -0.288218 -0.322504 0.901622
-0.299957 -7.417235 -6.421856 7.522017 0.583107 -0.806510 -0.097610 0.768548 0.508699 0.388020 -0.263288 -0.301275 0.916468
-0.117229 -7.228715 -6.226137 20.396443 0.601563 -0.793610 -0.091130 0.790811 0.575520 0.208314 -0.112873 -0.197380 0.973807
-1.644566 -9.579540 1.877655 20.793234 0.849762 0.048677 -0.524915 -0.347094 0.801104 -0.487605 -0.396776 -0.596543 -0.697643
0.401897 -14.350236 28.778409 -28.130711 -0.478714 0.877463 0.029858 -0.808092 -0.453653 0.375748 -0.343250 -0.155748 -0.926241
0.178526 -3.456885 -29.042950 -19.141810 -0.751881 0.568764 -0.333441 0.083123 0.583493 0.807853 0.654038 0.579693 -0.485994
-0.799733 -4.019015 -16.262027 -3.575625 -0.700681 0.707086 -0.095266 -0.344113 -0.451884 -0.823035 0.625006 0.543903 -0.559944
-0.786710 -17.320048 -18.367293 137.019151 -0.414352 -0.833047 -0.366532 0.818081 -0.164433 -0.551094 0.398817 -0.528200 0.749633
-1.077964 -12.897739 -10.605468 48.843276 -0.403701 -0.819731 -0.406284 0.788256 -0.086224 -0.609277 0.464412 -0.566221 0.680967
-0.989569 -13.335482 23.713950 -79.017935 0.335401 0.819418 0.464822 0.697530 0.115635 -0.707164 0.633212 -0.561411 0.532785
-1.378431 -6.597177 8.333752 16.787416 -0.320261 0.930729 -0.176571 -0.765457 -0.144429 0.627069 -0.558129 -0.335983 -0.758688
-1.158427 -6.096234 -9.291046 27.853162 -0.165215 0.919865 -0.355743 -0.776083 0.101327 0.622437 -0.608604 -0.378922 -0.697151
-0.296600 -5.835661 -11.206520 67.603500 -0.242676 0.920623 -0.305880 -0.649116 0.080226 0.756447 -0.720942 -0.382123 -0.578122
-0.430088 -7.365712 13.064854 6.154759 -0.403620 0.911959 -0.073625 -0.674113 -0.242013 0.697855 -0.618597 -0.331300 -0.712445
315.669483 -417.075434 16162.485255 -356.392627 -0.525905 0.308484 0.792630 0.840088 0.042724 0.540765 0.132953 0.950270 -0.281622
1.527836 -45.105763 59.652455 332.933402 0.707231 0.629633 0.321537 -0.351422 -0.081551 0.932658 -0.613454 0.772601 -0.163591
34.804470 -174.839913 -574.600176 -4149.189072 -0.206560 0.839586 0.502422 0.707129 0.483000 -0.516410 0.676241 -0.248607 0.693465
2.577963 -473.170024 -172.894963 -14607.931971 0.588405 0.651358 0.479074 -0.474869 0.757931 -0.447258 -0.654430 0.035671 0.755281
0.271942 -4.178429 39.058799 -15.565864 -0.215823 0.965754 -0.144015 -0.447501 0.033259 0.893665 -0.867850 -0.257320 -0.424998
-0.410378 -3.701998 21.313897 -19.113525 -0.252385 0.955618 -0.151976 -0.522932 -0.002553 0.852371 -0.814152 -0.294599 -0.500368
-0.429639 -3.111319 12.327771 -21.495730 -0.297368 0.948019 -0.113280 -0.584915 -0.087114 0.806403 -0.754617 -0.306057 -0.580416
-0.349114 -3.024034 10.493676 -12.058737 -0.337467 0.940715 -0.034229 -0.611321 -0.191361 0.767898 -0.715823 -0.280065 -0.639657
0.251852 -38.326004 -17.771151 -421.696969 0.801960 -0.211853 -0.558551 -0.579865 -0.500811 -0.642608 0.143590 -0.839230 0.524476
1.023306 -85.625631 -63.302252 3092.505123 0.817271 -0.244617 -0.521757 -0.515820 0.093105 -0.851623 -0.256900 -0.965139 0.050087
3.104727 -8.984015 -31.374619 -122.742641 -0.521861 0.846868 -0.102348 0.813185 0.457650 -0.359564 -0.257664 -0.270870 -0.927491
1.788153 -7.028613 -4.814207 96.610774 -0.567737 0.822868 0.023716 -0.712793 -0.505794 0.485900 -0.411827 -0.258959 -0.873693
0.883476 -9.203891 -8.646057 22.874914 -0.356789 0.906853 -0.224321 -0.862514 -0.227539 0.451991 -0.358848 -0.354745 -0.863356
3.952545 -9.216048 -34.980830 87.070210 -0.618869 0.782552 0.067930 -0.731142 -0.605498 0.314331 -0.287111 -0.144863 -0.946880
6.266966 -12.363709 -96.359741 -209.989796 -0.544155 0.835615 -0.075126 0.836036 0.532564 -0.131982 -0.070277 -0.134626 -0.988401
1.108908 -2.347835 5.925610 -31.404372 0.683009 -0.658633 -0.315755 0.655301 0.361616 0.663185 0.322614 0.659876 -0.678590
1.166885 -1.760097 -1.451390 -13.663209 -0.659357 0.669123 0.342817 0.688441 0.354092 0.632983 0.302155 0.653371 -0.694125
1.115587 -2.221764 -21.570480 -28.985027 -0.656140 0.690855 0.303644 0.674958 0.357298 0.645577 0.337509 0.628536 -0.700736
1.062934 -1.717498 -14.427033 -14.727734 0.691579 -0.630729 -0.351994 0.668627 0.374681 0.642302 0.273233 0.679555 -0.680844
1.109517 -2.356466 -16.630127 -28.580314 0.694401 -0.632008 -0.344053 0.651793 0.349830 0.672893 0.304914 0.691509 -0.654861
1.065926 -3.179300 6.033138 -41.870409 0.699872 -0.651838 -0.292039 0.612785 0.337885 0.714373 0.366980 0.678926 -0.635913
-2.503722 -7.295476 143.343012 13.166228 -0.537597 0.810634 0.232084 0.380494 0.478844 -0.791159 0.752472 0.337018 0.565866
-3.777294 -7.159190 -6.373000 -20.755091 0.797818 0.597261 -0.082258 -0.019973 -0.110180 -0.993711 0.602568 -0.794443 0.075974
-3.743558 -7.125742 5.531642 -2.531616 0.861171 0.505759 -0.050925 -0.094063 0.060103 -0.993750 0.499537 -0.860579 -0.099332
-3.845473 -7.312970 -12.852314 -8.193557 0.798564 0.600551 -0.040417 -0.091120 0.054243 -0.994362 0.594973 -0.797744 -0.098039
1.912410 -0.121267 -168.038408 -3.542847 0.175969 -0.503189 0.846070 -0.605400 0.622409 0.496083 -0.776226 -0.599506 -0.195106
4.552259 -0.020263 -143.513462 4.318271 0.194298 -0.406522 0.892742 -0.600685 0.670191 0.435915 -0.775517 -0.620954 -0.113974
3.721596 0.025857 16.893180 22.252146 0.384479 -0.240493 0.891257 -0.571530 0.696166 0.434403 -0.724934 -0.676399 0.130212
2.645715 -0.199331 -49.845332 -20.953700 -0.490426 0.253947 -0.833662 0.553303 -0.648334 -0.522990 -0.673304 -0.717756 0.177450
3.110584 -0.283255 -80.134041 -3.287848 0.229767 -0.420362 0.877783 -0.624101 0.628422 0.464310 -0.746796 -0.654508 -0.117957
-0.309534 -6.995581 -1.243775 3.658618 0.359141 0.930344 0.074013 0.069275 -0.105660 0.991986 -0.930709 0.351136 0.102397
-0.377762 -6.973422 0.999372 2.104607 0.372192 0.923073 0.097002 -0.128226 -0.052371 0.990361 -0.919256 0.381042 -0.098870
-0.320246 -6.922321 -4.155950 10.107612 0.341279 0.935865 0.087670 -0.175564 -0.028162 0.984065 -0.923421 0.351233 -0.154693
0.294654 -6.569259 -14.310772 6.013887 0.316510 0.944581 0.087111 -0.186357 -0.028125 0.982079 -0.930103 0.327072 -0.167127
1.979485 -10.753178 -8.491697 115.480847 0.075244 0.991039 0.110363 -0.288121 -0.084348 0.953872 -0.954633 0.103571 -0.279192
-1.286931 -9.142983 -2.563364 -26.627977 -0.405266 0.912192 -0.060535 -0.543207 -0.187017 0.818505 -0.735313 -0.364595 -0.571301
-1.135218 -9.812143 -11.874215 -52.642316 -0.466202 0.883526 -0.045141 -0.425384 -0.179135 0.887107 -0.775696 -0.432774 -0.459350
1099.842618 -68.183559 92362.450344 7688.142384 0.299403 -0.901492 0.312523 0.928193 0.199349 -0.314194 0.220942 0.384152 0.896444
0.319036 -15.786767 -18.885285 -28.602354 0.783875 0.105897 -0.611822 -0.543301 0.594014 -0.593271 -0.300605 -0.797454 -0.523167
0.181302 -18.123111 -0.628853 -42.531067 0.810363 0.098069 -0.577662 -0.553131 0.453260 -0.699001 -0.193281 -0.885967 -0.421550
0.143735 -15.150416 -15.923522 -33.925930 0.820820 0.078376 -0.565784 -0.571088 0.130946 -0.810377 -0.010573 -0.988287 -0.152243
0.074557 -6.414895 -10.887877 -26.581826 0.345617 0.933566 -0.094887 0.569770 -0.289123 -0.769266 0.745594 -0.211807 0.631844
-0.613288 -37.966504 8.575026 -905.855815 0.341220 -0.810578 -0.475954 0.870209 0.463844 -0.166085 0.355394 -0.357508 0.863645
-0.782110 -26.758855 2.900301 -529.177618 -0.358506 0.813780 0.457423 0.785534 0.527721 -0.323182 0.504391 -0.243458 0.828443
0.787385 -30.641926 -66.663315 -404.050528 -0.379699 0.806450 0.453285 0.421237 0.586953 -0.691408 0.823643 0.071586 0.562572
4.320985 -0.953530 -40.329822 4.688095 -0.191996 0.342070 -0.919851 0.899018 -0.314586 -0.304634 -0.393579 -0.885451 -0.247128
3.830457 -0.918375 -78.097157 5.789617 -0.225356 0.267766 -0.936758 0.904599 -0.299568 -0.303249 -0.361823 -0.915729 -0.174711
1.137467 -37.924735 25.248727 936.990069 0.224506 -0.828402 -0.513173 0.896713 0.381763 -0.223971 0.381448 -0.409887 0.828547
0.224254 -13.913702 -52.828071 20.356448 -0.160100 0.842220 0.514814 0.797367 0.417780 -0.435506 0.581871 -0.340771 0.738445
-1.329634 -10.598305 -53.378824 -90.987292 -0.109643 0.871906 0.477240 0.822851 0.348958 -0.448492 0.557580 -0.343524 0.755709
0.382210 -3.410908 4.351794 5.528211 0.712159 -0.699955 -0.053788 -0.312649 -0.247632 -0.917022 -0.628554 -0.669882 0.395194
0.376213 -3.570654 5.967599 -21.799644 -0.689138 0.723555 0.039465 0.337409 0.272208 0.901142 -0.641283 -0.634327 0.431723
-2.369029 -3.805376 -5.304610 -29.928314 0.701579 -0.628448 -0.335917 -0.346493 0.111066 -0.931454 -0.622679 -0.769882 0.139831
-0.951256 -4.873958 19.861428 20.413604 0.552219 0.832307 0.048156 0.722539 -0.506607 0.470411 -0.415923 0.224975 0.881132
-0.274310 -4.747739 21.594669 14.817622 0.518111 0.855268 -0.008864 0.746074 -0.446846 0.493663 -0.418253 0.262385 0.869608
2.143963 -81.071826 31.302732 2825.144977 -0.261970 0.958767 -0.110174 0.661424 0.261502 0.702947 -0.702773 -0.111279 0.702657
1.026279 -42.319650 17.824452 -791.056620 -0.244749 0.964333 -0.100796 -0.392883 -0.003596 0.919581 -0.886420 -0.264668 -0.379750
1.616687 -38.259730 27.161979 426.878803 -0.279766 0.957938 -0.063922 -0.021319 0.060366 0.997949 -0.959832 -0.280555 -0.003534
2.523698 -112.725292 55.357488 3666.424091 -0.237919 0.969781 -0.054030 0.502566 0.170517 0.847556 -0.831157 -0.174496 0.527948
-0.354946 -98.049402 -23.298014 -2741.227317 0.886604 0.453943 0.088706 0.302718 -0.714500 0.630755 -0.349707 0.532377 0.770895
0.642023 -112.261435 -11.873925 3302.841066 0.961224 0.233781 0.146267 0.257913 -0.949864 -0.176745 -0.097614 -0.207616 0.973328
-0.980966 -57.849842 62.294081 134.971420 0.887170 0.449765 0.103153 0.349968 -0.801521 0.484858 -0.300751 0.394051 0.868489
5.682844 -8.553132 71.310691 -68.214996 -0.228523 0.930905 0.284945 -0.473653 -0.362026 0.802864 -0.850547 -0.048508 -0.523657
6.345459 -9.416872 89.037731 -13.732542 -0.219923 0.944705 0.243243 -0.212364 -0.289731 0.933251 -0.952122 -0.153587 -0.264340
8.800771 -5.191352 -131.831172 -35.932031 0.114397 0.111877 0.987115 0.942658 -0.325833 -0.072316 0.313544 0.938785 -0.142736
6.214833 -6.259380 -75.875923 36.199490 -0.053821 0.286407 0.956595 0.842885 -0.500614 0.197308 0.535396 0.816919 -0.214464
4.823059 -5.965264 31.776958 6.400042 -0.109720 0.141868 0.983786 0.833151 -0.526636 0.168864 0.542053 0.838170 -0.060415
8.456439 -7.331796 -239.367687 10.819273 -0.032737 0.465239 0.884580 0.949720 -0.261258 0.172555 0.311383 0.845752 -0.433294
3.201453 -4.695438 66.447793 -4.781151 -0.018049 -0.088539 0.995909 0.838284 -0.544222 -0.033190 0.544935 0.834256 0.084044
112.991441 -6.546625 -3486.026875 24.334490 0.535150 0.317751 0.782719 0.842686 -0.265643 -0.468310 0.059118 0.910202 -0.409923
28.423978 -7.798697 -186.220343 121.266852 0.283537 -0.320269 0.903900 0.937431 -0.106046 -0.331629 0.202065 0.941373 0.270162
5.914227 -4.891179 65.446999 12.422616 0.177069 -0.337791 0.924415 0.890675 -0.344623 -0.296535 0.418741 0.875861 0.239840
-0.217338 -4.168295 -6.097339 -27.735262 0.713841 -0.663743 -0.223329 -0.210970 0.100268 -0.972336 -0.667774 -0.741209 0.068454
