15100
30190
-6.268249 -7.604038 28.075436 -113.024691 -0.426574 0.883947 0.191501 0.904378 0.414142 0.102894 0.011644 0.217081 -0.976084
-8.323323 -10.162848 55.742426 -163.154885 0.182449 0.941693 0.282713 0.970536 -0.218520 0.101536 0.157394 0.255858 -0.953815
-8.094047 -11.432273 -16.029114 -250.408823 0.489536 0.841366 0.229038 0.865263 -0.501254 -0.008034 0.108047 0.202111 -0.973384
-6.463094 -9.434539 3.771584 -105.617543 -0.451065 0.866579 0.213499 0.880592 0.393196 0.264491 0.145255 0.307308 -0.940459
-6.325977 -10.517732 -92.233194 -303.785908 0.483634 0.867945 0.113001 0.875030 -0.476432 -0.085639 -0.020493 0.140297 -0.989897
-4.832169 -6.033614 -33.697608 -120.013175 -0.180776 0.974270 0.134605 0.980170 0.189758 -0.057086 -0.081159 0.121616 -0.989254
-4.105698 -6.363276 26.911359 -64.548924 0.788335 -0.593294 -0.162881 0.610921 0.786201 0.093083 -0.072831 0.172888 -0.982245
-5.524312 -7.926701 1.721097 -67.829073 0.753616 -0.627550 -0.195561 0.656835 0.707605 0.260503 0.025099 0.324771 -0.945460
-4.799007 -7.289255 -18.537187 -25.998408 0.911380 -0.376850 -0.165438 0.408067 0.879711 0.244111 -0.053544 0.289988 -0.955531
2.911082 -5.340253 -218.917576 -134.126574 -0.482325 0.873947 0.059823 -0.376613 -0.268539 0.886594 -0.790901 -0.405097 -0.458663
1.610256 -5.727245 -278.944503 -131.171836 -0.512207 0.855776 0.072741 -0.336688 -0.277988 0.899646 -0.790117 -0.436314 -0.430517
0.578922 -2.129387 -181.222402 -247.378366 -0.563127 0.807808 0.174168 -0.341079 -0.419179 0.841400 -0.752697 -0.414410 -0.511577
2.763025 -1.834718 -114.943213 -362.811853 -0.468011 0.880267 0.078079 -0.418363 -0.298519 0.857822 -0.778420 -0.368805 -0.507981
1.876779 -1.673719 -358.216089 -173.641820 -0.582618 -0.131272 0.802075 -0.355711 0.928518 -0.106418 -0.730771 -0.347308 -0.587666
-1.779082 -3.709911 -225.901404 -93.224285 -0.648583 0.391634 0.652658 -0.024823 0.846130 -0.532397 -0.760739 -0.361505 -0.539064
-4.757382 -10.361210 -52.756325 88.481887 -0.299892 0.951013 0.075091 0.473326 0.079992 0.877248 -0.828267 -0.298622 0.474129
-5.412817 -9.974101 -8.849062 80.760849 -0.179941 0.981102 0.071133 0.483221 0.025176 0.875136 -0.856807 -0.191846 0.478620
-4.953880 -10.587729 -39.717865 80.059384 -0.286441 0.957159 0.042411 0.353075 0.064305 0.933382 -0.890668 -0.282333 0.356368
-1.309267 -5.207018 -6.965119 -95.855795 -0.176801 0.848352 0.499039 -0.171912 -0.525849 0.833024 -0.969117 -0.061489 -0.238813
-1.539925 -4.118624 4.027797 -71.750486 -0.185280 0.845102 0.501472 -0.223978 -0.533193 0.815806 -0.956820 -0.038833 -0.288074
-1.329883 -5.182153 11.309686 -80.474088 -0.170214 0.887530 0.428156 -0.170700 -0.454485 0.874246 -0.970510 -0.075723 -0.228861
-1.226725 -6.127331 17.689702 -71.636420 -0.161098 0.900085 0.404838 -0.089903 -0.421874 0.902186 -0.982835 -0.108944 -0.148884
7.298977 -62.540057 -216.652944 -3867.044131 0.036902 0.632807 -0.773430 -0.109921 0.771831 0.626254 0.993255 0.061906 0.098041
14.074400 -25.194927 838.020678 65.069788 0.009169 0.932418 -0.361265 0.028749 -0.361377 -0.931977 0.999545 0.001841 0.030120
30.356750 -233.262331 -1566.526857 -16258.015482 0.090611 0.641724 -0.761564 -0.070544 0.766925 0.637848 0.993385 -0.004072 0.114761
6.752000 -110.042060 -283.717620 -7572.440403 0.106036 0.568588 -0.815760 -0.149946 0.820147 0.552156 0.982992 0.063772 0.172223
58.080073 -487.657667 -2564.182242 -35245.878612 0.058799 0.518892 -0.852815 -0.149754 0.849211 0.506374 0.986973 0.097938 0.127639
9.997347 -10.161867 234.137905 -4.949254 0.773636 0.626053 -0.097696 -0.522067 0.542426 -0.658195 0.359072 -0.560207 -0.746482
14.691994 -10.377917 807.578153 -23.312214 0.705295 0.706295 -0.060885 -0.453060 0.383025 -0.805002 0.545248 -0.595348 -0.590140
7.595068 -10.198587 496.539027 5.059057 0.678914 0.730654 -0.072247 -0.570936 0.463501 -0.677642 0.461636 -0.501309 -0.731835
5.899049 -9.686013 261.222677 41.234519 0.739834 0.668897 -0.072259 -0.607315 0.617757 -0.499545 0.289506 -0.413465 -0.863269
7.306459 -9.657104 124.316543 38.048532 0.815474 0.566765 -0.117383 -0.549465 0.694326 -0.464757 0.181906 -0.443495 -0.877623
1.125177 -11.457497 -20.397907 51.159761 0.014102 0.966518 -0.256211 -0.589710 0.214969 0.778480 -0.807492 -0.140112 -0.572997
1.135968 -10.564086 -19.557356 88.730249 0.023653 0.961698 -0.273090 -0.379341 0.261371 0.887573 -0.924955 -0.082600 -0.370993
0.729078 -11.685842 -19.999400 61.454455 0.010144 0.963821 -0.266358 -0.565712 0.225177 0.793262 -0.824540 -0.142635 -0.547530
0.489669 -19.394649 33.645882 174.852863 0.311684 0.930760 -0.191151 -0.814524 0.365313 0.450662 -0.489289 -0.015233 -0.871989
-0.099075 -16.144695 30.475936 164.970482 0.327092 0.922754 -0.203804 -0.625789 0.373110 0.684965 -0.708095 0.096508 -0.699490
1.847175 -19.459273 62.399100 202.638324 0.364660 0.904594 -0.220756 -0.768385 0.426251 0.477383 -0.525935 0.004456 -0.850513
2.466968 -21.489274 72.553370 108.526235 0.336356 0.918522 -0.207802 -0.908362 0.374661 0.185760 -0.248479 -0.126278 -0.960371
-1.967829 -4.355768 -144.102487 -54.022140 -0.763099 -0.410304 -0.499330 -0.476860 0.878955 0.006515 0.436216 0.243083 -0.866387
-3.008266 -5.534099 -93.737915 3.677824 -0.611633 -0.645118 -0.457960 -0.704197 0.707753 -0.056498 0.360571 0.287938 -0.887175
-1.142633 -4.360642 -112.970692 -36.259934 -0.687687 -0.518740 -0.507932 -0.597847 0.801557 -0.009189 0.411904 0.297347 -0.861348
0.536178 -3.234825 -184.079954 -15.224783 -0.833691 -0.205523 -0.512562 -0.302497 0.946488 0.112502 0.462012 0.248840 -0.851248
0.383952 -3.172279 -250.725600 -66.587206 -0.858930 -0.058753 -0.508711 -0.148776 0.979179 0.138112 0.490004 0.194312 -0.849787
2.199938 -2.888631 91.310671 54.367572 -0.436995 0.887067 0.148817 0.877827 0.384534 0.285575 0.196099 0.255431 -0.946731
3.117387 -4.177593 67.992815 39.367211 -0.365942 0.921433 0.130569 0.917721 0.333999 0.215019 0.154516 0.198511 -0.967842
3.260428 -3.157653 9.893532 -47.736104 -0.450573 0.892038 0.035376 -0.856112 -0.420514 -0.300399 0.253092 0.165637 -0.953157
2.616266 -1.385868 50.787541 -73.111972 -0.516729 0.853799 0.063392 -0.813131 -0.466242 -0.348478 0.267974 0.231614 -0.935171
3.071745 -3.835582 -63.041720 -69.190189 -0.455039 0.888009 -0.066184 -0.830999 -0.450180 -0.326771 0.319970 0.093695 -0.942783
3.351858 -1.862249 -2.205270 -121.507276 -0.550069 0.833128 -0.057638 -0.757749 -0.526931 -0.384917 0.351056 0.168056 -0.921150
-1.775578 -5.359356 -60.035292 -68.610498 -0.068680 0.963507 0.258722 0.809974 -0.097549 0.578296 -0.582431 -0.249275 0.773716
-2.016053 -4.498623 -70.160174 -66.813117 -0.139751 0.969970 0.199066 0.764331 -0.022136 0.644444 -0.629498 -0.242214 0.738285
-1.120519 -4.986358 -45.513802 -83.173065 -0.104450 0.964048 0.244340 0.767735 -0.078015 0.636000 -0.632197 -0.254019 0.731985
-2.684864 -4.912896 -62.910809 -68.408847 -0.073981 0.974651 0.211143 0.800854 -0.068103 0.594975 -0.594272 -0.213111 0.775515
-0.769965 -5.592920 -23.096686 -58.570085 -0.074229 0.961651 0.264042 0.810614 -0.096037 0.577652 -0.580857 -0.256915 0.772399
-2.498331 -6.011391 -54.050921 -55.662415 -0.021326 0.968802 0.246915 0.854031 -0.110748 0.508297 -0.519785 -0.221713 0.825025
-1.279524 -5.787235 -47.992633 -10.220695 -0.079283 0.960793 0.265691 0.856345 -0.070791 0.511529 -0.510281 -0.268079 0.817158
0.194600 -9.271917 288.780715 -70.396782 0.276268 0.751577 -0.599006 -0.267845 -0.538360 -0.799017 0.923003 -0.381183 -0.052574
1.412117 -10.224868 314.753167 -35.454294 0.312730 0.794448 -0.520627 -0.356446 -0.409903 -0.839599 0.880424 -0.448143 -0.154988
11.750595 -8.447441 2209.865110 -108.513784 0.338813 0.860511 -0.380429 -0.200882 -0.328858 -0.922767 0.919158 -0.389067 -0.061440
-1.017502 -29.883971 21.329445 1236.366555 0.230270 0.935991 0.266266 -0.134023 -0.240508 0.961350 -0.963853 0.257056 -0.070063
-0.968933 -28.069883 16.394326 682.037022 0.215866 0.937197 0.273976 -0.355618 -0.185859 0.915965 -0.909361 0.295157 -0.293164
-0.834193 -24.166901 -28.058564 648.265413 0.168433 0.958962 0.228085 -0.203277 -0.192626 0.959986 -0.964525 0.208058 -0.162490
-1.572825 -34.826065 2.465123 848.548524 0.203973 0.932616 0.297695 -0.449437 -0.180941 0.874795 -0.869714 0.312229 -0.382245
-0.965684 -22.158191 -13.240451 805.189395 0.187263 0.956045 0.225634 0.002061 -0.230079 0.973170 -0.982308 0.181774 0.045056
-0.629342 -19.628367 24.049850 684.262915 0.222909 0.946803 0.232113 0.077285 -0.254518 0.963975 -0.971771 0.196940 0.129908
-1.060211 -31.586986 6.199138 1487.081895 0.215449 0.937603 0.272916 -0.070428 -0.263833 0.961994 -0.973972 0.226481 -0.009191
-3.100579 -9.098186 56.794637 172.670805 0.903704 0.426431 -0.038410 0.244135 -0.439517 0.864421 -0.351734 0.790558 0.501300
-3.088241 -9.296656 -21.743346 178.343133 0.896120 0.441345 0.046727 0.179095 -0.455941 0.871804 -0.406071 0.772873 0.487621
-3.375328 -7.220199 14.362407 95.516799 0.893226 0.449238 -0.018237 0.278185 -0.520342 0.807377 -0.353215 0.726243 0.589754
-3.091808 -6.499443 -18.423247 82.239146 0.861648 0.506590 -0.030493 0.330571 -0.514640 0.791119 -0.385080 0.691746 0.610902
-3.366907 -6.312875 26.916000 27.675384 0.865305 0.491984 -0.095913 0.392612 -0.546287 0.739882 -0.311614 0.677880 0.665864
-2.730916 -21.550115 106.348448 128.111293 0.254443 0.966085 -0.044032 -0.569454 0.112869 -0.814238 0.781653 -0.232251 -0.578859
-1.390225 -21.421515 -22.638381 -532.644984 0.234945 0.971118 -0.041606 -0.326741 0.038591 -0.944326 0.915446 -0.235459 -0.326371
-3.914460 -21.621745 252.927483 -453.434292 0.241917 0.970214 -0.012712 -0.347316 0.074353 -0.934796 0.906006 -0.230558 -0.354958
-0.180185 -18.695549 229.945015 -921.271347 -0.350843 0.770567 0.532104 0.427210 0.637355 -0.641304 0.833307 -0.002323 0.552805
-4.946724 -9.571448 146.416233 -409.790250 0.447303 -0.445868 -0.775320 0.414735 0.871445 -0.261876 0.792411 -0.204415 0.574717
-0.042285 -27.666098 -230.561771 -1623.718936 0.471360 -0.632575 -0.614547 0.444545 0.772230 -0.453917 0.761708 -0.059235 0.645207
-2.944850 -22.500598 -108.770771 -1292.121792 0.466574 -0.441898 -0.766182 0.536458 0.830110 -0.152088 0.703223 -0.340064 0.624367
4.552081 -40.861566 480.673089 -2379.440176 -0.489921 0.717431 0.495247 0.290050 0.669876 -0.683474 0.822100 0.191202 0.536277
-0.904802 -58.971077 -240.614073 -3165.115859 0.443363 -0.581416 -0.682191 0.385366 0.810796 -0.440571 0.809273 -0.067561 0.583535
0.147892 -36.356383 -343.005327 -1707.333952 0.517522 -0.631067 -0.577864 0.263326 0.760019 -0.594164 0.814144 0.155326 0.559502
-19.642737 -648.452073 3258.812914 65484.559525 -0.407395 0.650316 0.641186 0.507830 -0.422218 0.750893 -0.759037 -0.631523 0.158241
-45.904930 -322.762484 2376.895654 -6175.509606 -0.317655 0.466375 0.825585 -0.245667 0.800471 -0.546712 -0.915829 -0.376485 -0.139701
-65.071226 -215.427202 -3872.904343 32472.860924 0.353955 -0.493917 -0.794206 0.910416 -0.012478 0.413506 -0.214147 -0.869420 0.445253
-16.060348 -317.254809 -1162.741550 -8985.135723 0.296939 -0.617679 -0.728217 0.916182 0.399235 0.034950 0.269142 -0.677557 0.684455
-1.874274 -5.729948 34.165742 -79.658423 0.280297 0.916215 0.286327 0.517462 -0.395455 0.758846 -0.808496 0.064539 0.584952
-1.355206 -5.168973 31.707193 -73.807855 0.301257 0.894406 0.330580 0.434336 -0.437344 0.787454 -0.848880 0.093643 0.520225
-1.342064 -5.440966 -12.467167 -63.340467 0.316821 0.843776 0.433206 0.445478 -0.535599 0.717415 -0.837361 0.034308 0.545572
1.337339 -10.307582 -139.868747 34.425507 0.388126 0.826340 -0.408068 -0.547918 -0.149131 -0.823132 0.741043 -0.543067 -0.394885
1.270067 -9.977365 -153.003545 57.698424 0.440267 0.824688 -0.355041 -0.637962 0.009079 -0.770014 0.631798 -0.565515 -0.530117
1.107631 -10.753779 -63.279044 34.084345 0.387563 0.823921 -0.413460 -0.557296 -0.147862 -0.817042 0.734313 -0.547075 -0.401862
2.307865 -9.480843 -101.965623 58.303679 0.433161 0.835554 -0.337965 -0.617334 0.001829 -0.786699 0.656712 -0.549405 -0.516608
0.671251 -10.544772 -11.189546 -0.419078 0.338159 0.811887 -0.475907 -0.455934 -0.301050 -0.837552 0.823269 -0.500208 -0.268364
1.957041 -9.810554 -115.960273 28.508900 0.392062 0.836358 -0.383135 -0.521567 -0.140986 -0.841482 0.757797 -0.529743 -0.380941
0.921441 -9.989092 -127.393663 -8.147728 0.352307 0.820589 -0.450016 -0.437108 -0.280903 -0.854418 0.827537 -0.497723 -0.259721
-4.567121 -32.842572 -28.999385 1753.163738 0.137154 0.094039 -0.986076 0.964342 -0.240150 0.111228 -0.226346 -0.966170 -0.123624
-3.749936 -47.075829 21.439637 2218.050989 0.080357 0.010411 -0.996712 0.969103 -0.234758 0.075679 -0.233199 -0.971998 -0.028954
-10.969369 -50.373667 1229.953982 1574.378547 0.545927 -0.091626 -0.832807 0.742023 -0.408701 0.531381 -0.389057 -0.908058 -0.155132
-5.837150 -604.194484 -1168.968749 32990.959766 0.006432 0.076823 -0.997024 0.766508 -0.640697 -0.044422 -0.642203 -0.763941 -0.063006
3.096945 -33.221943 33.532278 -1035.375370 -0.020646 0.559419 0.828628 0.999567 -0.005823 0.028837 0.020957 0.828865 -0.559056
2.906692 -27.359421 45.761035 -863.586587 0.043005 0.585570 0.809481 0.970610 0.167539 -0.172761 -0.236783 0.793120 -0.561155
4.483318 -32.897451 103.386085 -726.229799 0.007325 0.578367 0.815744 0.992577 -0.103243 0.064286 0.121401 0.809217 -0.574830
3.010448 -31.892795 25.328463 -246.148816 -0.024642 0.558108 0.829402 0.901624 -0.345962 0.259587 0.431819 0.754205 -0.494679
4.722741 -33.400171 87.200217 298.225464 -0.024794 0.597435 0.801534 0.841264 -0.420670 0.339576 0.540056 0.682721 -0.492170
5.661892 -34.840482 149.421576 -427.079550 0.029216 0.631412 0.774897 0.979568 -0.172406 0.103549 0.198978 0.756039 -0.623548
-5.135609 -13.538765 -25.366081 162.779590 0.006738 -0.530628 -0.847578 0.480755 0.744934 -0.462545 0.876829 -0.404361 0.260121
-5.205405 -11.049733 -34.059679 -173.354294 0.161638 -0.400030 -0.902136 0.688830 0.700352 -0.187135 0.706673 -0.591171 0.388756
-7.356013 -15.794894 -181.629940 -3.992900 0.094029 -0.434773 -0.895618 0.647714 0.709895 -0.276613 0.756059 -0.554095 0.348359
-9.048182 -17.959180 -228.217771 415.451279 -0.012637 -0.484311 -0.874805 0.461596 0.773251 -0.434756 0.887000 -0.409300 0.213784
-7.465625 -14.696017 -183.873025 403.398637 -0.090956 -0.622842 -0.777042 0.275286 0.734146 -0.620682 0.957050 -0.270364 0.104685
-20.887758 -133.071118 10.374933 10603.709114 -0.139156 0.897785 0.417874 0.327245 0.439963 -0.836267 0.934637 -0.020375 0.355019
-30.971145 -79.076000 3085.647119 4292.626332 0.001184 0.998949 0.045831 0.530837 0.038213 -0.846612 0.847473 -0.025331 0.530233
-3.014582 -90.398051 188.790818 6553.272605 -0.352540 0.792199 0.498132 0.415576 0.609474 -0.675158 0.838458 0.031008 0.544084
2.898717 -15.069191 -161.811559 -303.717537 0.593969 -0.575738 0.561896 0.778820 0.236493 -0.580956 0.201594 0.782686 0.588866
2.067125 -11.612429 -108.250050 -322.125045 0.537580 -0.616802 0.574946 0.840414 0.336428 -0.424876 0.068636 0.711598 0.699227
0.813568 -12.345321 -70.312273 -360.365731 0.636056 -0.572451 0.517429 0.767615 0.400979 -0.499982 0.078737 0.715203 0.694467
2.762254 -4.876712 113.268582 39.854812 0.267106 0.901602 0.340247 -0.880907 0.371594 -0.293122 0.390713 0.221432 -0.893483
2.846457 -5.275011 113.786616 21.305685 0.241200 0.911757 0.332448 -0.844932 0.365807 -0.390224 0.477401 0.186775 -0.858606
1.100296 -4.980110 109.750475 40.309637 0.224136 0.904289 0.363352 -0.879973 0.348019 -0.323312 0.418821 0.247274 -0.873753
1.433228 -3.928584 122.987482 59.333226 0.257153 0.893332 0.368552 -0.904567 0.356713 -0.233483 0.340045 0.273339 -0.899808
2.901451 -3.663384 80.411557 63.140931 0.330516 0.888133 0.319342 -0.894046 0.403034 -0.195565 0.302394 0.220869 -0.927240
1.219499 -12.195291 -5.695427 70.670569 0.018027 0.998566 0.050417 0.716839 -0.048061 0.695581 -0.697006 -0.023601 0.716677
1.031577 -11.225245 -14.036289 137.802147 0.002561 0.997077 0.076362 0.801995 -0.047661 0.595426 -0.597325 -0.059718 0.799773
1.078403 -12.163370 -10.762206 32.599189 -0.003776 0.997927 0.064238 0.674726 -0.044870 0.736703 -0.738059 -0.046125 0.673158
1.223831 -13.096930 -13.458187 -27.098011 -0.001739 0.999182 0.040409 0.559889 -0.032508 0.827930 -0.828566 -0.024064 0.559374
0.526452 -20.936145 0.191291 -187.353627 -0.037329 0.978655 -0.202090 -0.169211 0.193120 0.966474 -0.984873 -0.070273 -0.158390
0.512752 -19.125546 -4.361291 -132.266537 -0.047931 0.979223 -0.197041 -0.338931 0.169620 0.925394 -0.939589 -0.111138 -0.323759
0.500079 -21.579395 -1.266926 -544.622287 -0.029407 0.979512 -0.199226 -0.241372 0.186455 0.952352 -0.969987 -0.076093 -0.230944
0.494124 -23.311369 2.202189 -503.763025 -0.025638 0.979279 -0.200888 -0.083269 0.198164 0.976626 -0.996197 -0.041767 -0.076463
0.579511 -22.714424 3.564988 -139.719654 -0.029467 0.981508 -0.189139 0.010136 0.189505 0.981827 -0.999514 -0.027014 0.015533
0.589171 -0.898799 -4.288816 12.335108 -0.303742 0.924758 -0.229268 -0.803029 -0.377985 -0.460729 0.512723 -0.044166 -0.857417
0.410213 -0.909175 -65.930786 21.521121 -0.624271 0.661202 -0.416050 0.582233 0.748879 0.316522 0.520856 -0.044642 -0.852477
0.335053 -1.111892 36.585572 -33.074712 0.001136 0.999287 -0.037744 -0.867054 -0.017820 -0.497896 0.498213 -0.033291 -0.866415
0.841959 -1.610124 26.722093 -23.559821 -0.015611 0.997765 -0.064971 -0.869240 -0.045656 -0.492278 0.494144 -0.048790 -0.868010
0.929082 -2.202791 24.197092 -39.773210 0.099225 0.995060 0.003199 -0.879909 0.089243 -0.466685 0.464665 -0.043492 -0.884418
0.323047 -2.017689 40.073654 -52.431736 0.189886 0.978460 0.080994 -0.863255 0.205685 -0.460961 0.467691 -0.017612 -0.883717
-0.791631 -16.310084 -34.279662 408.331305 0.819030 -0.488110 0.301559 -0.484492 -0.306839 0.819218 0.307338 0.817067 0.487796
-1.808222 -15.579017 -71.355756 405.845364 0.840660 -0.464597 0.278280 -0.452762 -0.320993 0.831847 0.297147 0.825296 0.480198
-0.732941 -17.575035 -79.298211 139.584964 0.846403 -0.458672 0.270597 -0.350788 -0.097877 0.931326 0.400688 0.883199 0.243740
0.888763 -17.961905 -26.457519 -170.305278 -0.262980 0.960836 0.087380 0.904365 0.213943 0.369259 -0.336103 -0.176131 0.925210
1.270105 -17.837348 -3.134534 -131.471959 -0.258095 0.964237 0.060287 0.850148 0.197027 0.488292 -0.458951 -0.177278 0.870595
0.864432 -18.902817 -0.307390 -190.793639 -0.228038 0.971042 0.071248 0.922771 0.192195 0.333998 -0.310633 -0.141910 0.939877
-2.227756 -13.709662 -8.093680 20.731036 0.098355 0.978807 -0.179618 0.866288 -0.173043 -0.468616 0.489766 0.109510 0.864949
-2.155327 -13.688924 8.134940 -15.236259 0.096266 0.964727 -0.245019 0.936817 -0.170990 -0.305181 0.336312 0.200159 0.920234
-2.232027 -13.455062 -3.956014 -15.941108 0.109635 0.978238 -0.176154 0.947525 -0.156399 -0.278811 0.300294 0.136343 0.944052
0.536413 -21.751221 -91.818224 188.176314 -0.033507 0.982966 -0.180708 -0.886658 0.054202 0.459238 -0.461210 -0.175614 -0.869739
1.560029 -22.208818 -53.207497 60.786147 -0.037106 0.986267 -0.160934 -0.908997 0.033591 0.415447 -0.415148 -0.161704 -0.895267
0.781982 -20.627677 -42.455110 258.842464 -0.048583 0.986704 -0.155095 -0.780403 0.059414 0.622448 -0.623387 -0.151277 -0.767140
0.068798 -19.694652 -63.379157 291.433987 -0.059092 0.986031 -0.155724 -0.759040 0.056937 0.648550 -0.648357 -0.156525 -0.745072
-1.086326 -24.178629 -8.266740 -7.663866 -0.470678 0.862273 0.186943 0.031397 -0.195377 0.980225 -0.881746 -0.467240 -0.064887
-0.962456 -23.524192 -8.003551 -23.707329 -0.456383 0.871737 0.178293 -0.007210 -0.203994 0.978946 -0.889754 -0.445489 -0.099384
-0.931866 -23.068122 -39.042732 -45.203404 -0.485235 0.857761 0.169683 -0.189079 -0.292402 0.937417 -0.853696 -0.422784 -0.304068
-1.153456 -23.926047 -11.329652 -42.765631 -0.454902 0.868204 0.198207 0.214927 -0.108955 0.970533 -0.864217 -0.484097 0.137037
-0.778425 -24.085968 4.393704 -98.061264 -0.472467 0.859693 0.194172 -0.157790 -0.299262 0.941034 -0.867108 -0.413969 -0.277042
-0.847505 -25.321944 -4.579345 32.314310 -0.478786 0.853923 0.203910 0.070955 -0.193865 0.978459 -0.875060 -0.482941 -0.032229
-1.194000 -24.336310 0.271402 -4.037936 -0.466221 0.860632 0.204819 0.249462 -0.094230 0.963789 -0.848768 -0.500433 0.170763
2.855889 -6.620296 200.862595 -15.541551 -0.177536 0.976757 -0.120112 0.558533 -0.000482 -0.829482 0.810261 0.214349 0.545465
4.640410 -7.051435 91.473926 -17.428992 -0.102324 0.990731 -0.089343 0.574492 -0.014466 -0.818383 0.812089 0.135067 0.567686
3.094835 -6.536981 178.951439 -10.436188 -0.124764 0.978013 -0.167106 0.663603 -0.042955 -0.746851 0.737608 0.204072 0.643653
4.334330 -6.619216 77.849924 -3.749954 -0.041706 0.986212 -0.160146 0.752547 -0.074427 -0.654319 0.657217 0.147806 0.739067
2.318435 -6.263770 199.155314 0.182231 -0.093982 0.968697 -0.229770 0.743655 -0.085140 -0.663120 0.661925 0.233191 0.712374
-1.247194 -261.558320 -334.719056 -14804.418350 -0.110790 0.968633 0.222433 0.927350 0.020265 0.373645 -0.357417 -0.247670 0.900507
1.002768 -115.675931 -82.197008 4592.711590 -0.135117 0.972244 0.191008 0.962164 0.174781 -0.209026 0.236609 -0.155539 0.959074
1.246001 -72.964942 105.688191 634.099988 0.263524 -0.909193 -0.322370 0.942100 0.314406 -0.116603 0.207369 -0.272977 0.939405
-0.465005 -46.355561 83.503315 1003.136470 -0.243963 0.949079 0.199328 0.685428 0.314152 -0.656884 0.686054 0.023631 0.727167
-55.781669 -479.933975 2026.815250 -26776.350199 0.044657 0.958103 0.282920 -0.363064 0.279403 -0.888886 0.930694 0.063023 -0.360330
-116.883459 -384.942329 5173.686490 -6620.968842 0.104627 0.900151 0.422826 -0.154694 0.434714 -0.887183 0.982407 -0.027414 -0.184731
-73.826006 -645.824140 3320.504155 26285.168048 0.031516 0.947403 0.318489 0.994307 -0.062167 0.086537 0.101785 0.313948 -0.943968
8.468194 0.888579 -478.953486 8.556907 0.879358 -0.005600 0.476129 -0.069976 0.987554 0.140853 -0.470992 -0.157178 0.868022
8.281854 1.044491 -467.610121 5.567197 0.882431 0.022064 0.469925 -0.085529 0.989777 0.114134 -0.462602 -0.140907 0.875297
3.208544 0.690730 -443.877463 -1.592692 0.860258 0.027076 0.509140 -0.104510 0.986750 0.124108 -0.499033 -0.159975 0.851689
-3.135732 -5.819410 6.751189 28.072325 0.831880 -0.526430 0.175635 -0.541798 -0.701901 0.462375 0.120130 0.479799 0.869115
-2.608081 -5.779662 -54.787984 7.157467 0.718641 -0.612702 0.328864 -0.691557 -0.580184 0.430273 0.072827 0.536640 0.840663
-3.356736 -5.169990 3.624522 50.982334 0.717309 -0.640288 0.274771 -0.696408 -0.646400 0.311741 0.021992 0.414967 0.909571
-0.518025 -6.042467 -34.497306 47.955146 -0.382323 0.795394 0.470295 0.681201 0.586503 -0.438156 0.624336 -0.152848 0.766056
-0.177804 -6.122648 -18.077094 31.341352 -0.309673 0.854258 0.417547 0.711339 0.499534 -0.494431 0.630951 -0.143906 0.762360
-0.866299 -5.073337 -12.611277 36.151424 -0.345232 0.842597 0.413335 0.630405 0.534460 -0.562976 0.695273 -0.066211 0.715690
-1.047250 -5.114488 -19.022467 47.361806 -0.418075 0.787741 0.452413 0.611955 0.612290 -0.500612 0.671361 -0.067563 0.738045
-1.060631 -4.272493 -0.796513 43.695232 -0.351263 0.861717 0.366138 0.595099 0.507388 -0.623229 0.722821 0.001029 0.691034
-0.984542 -4.273778 5.764065 25.780653 -0.280033 0.911947 0.299891 0.596552 0.410059 -0.689910 0.752135 0.014297 0.658854
-1.183493 -87.167935 -55.132111 -3416.454112 0.578202 -0.199954 -0.791013 0.640378 0.711972 0.288118 0.505569 -0.673137 0.539710
-1.962072 -78.569070 -16.338906 1045.686850 0.557696 -0.188308 -0.808403 0.419392 0.904391 0.078661 0.716299 -0.382907 0.583350
-0.186875 -207.846459 -157.069830 12096.504809 0.641903 -0.169547 -0.747806 0.178342 0.981515 -0.069450 0.745758 -0.088785 0.660275
0.462236 -99.188100 -56.819895 -4345.997346 0.572082 -0.169308 -0.802532 0.691937 0.624996 0.361391 0.440393 -0.762046 0.474699
0.299519 -72.961116 -32.008172 3354.669099 0.609028 -0.120899 -0.783880 0.328990 0.937791 0.110968 0.721700 -0.325471 0.610915
-7.805062 -13.126214 -19.923507 205.150325 0.347566 0.891082 0.291841 -0.886857 0.413463 -0.206236 0.304439 0.187141 -0.933967
-8.342455 -11.096703 93.688007 107.267342 -0.111359 0.960718 0.254204 -0.952848 -0.030563 -0.301905 0.282276 0.275838 -0.918822
-2.058535 -77.570892 482.407472 -4747.193286 -0.449157 0.876063 0.175418 -0.862132 -0.476506 0.172251 -0.234490 0.073866 -0.969308
3.904786 -9.887529 223.093364 507.427755 -0.761975 0.576613 0.294808 0.525886 0.816595 -0.237944 -0.377940 -0.026272 -0.925457
-1.099613 -56.069943 212.543553 -3394.449783 -0.412343 0.908044 0.073686 -0.880531 -0.417986 0.223503 -0.233750 -0.027277 -0.971914
-4.677870 -39.291333 121.863743 -1950.103791 -0.372679 0.927758 -0.019359 -0.842555 -0.329564 0.426015 -0.388859 -0.175078 -0.904509
-1.491156 -3.739018 -15.535197 -84.992353 -0.199578 0.797658 0.569131 -0.224449 -0.602587 0.765840 -0.953830 -0.025104 -0.299297
-1.788437 -2.876188 -22.912641 -45.547493 -0.112386 0.937657 0.328891 -0.306332 -0.347561 0.886207 -0.945267 0.001153 -0.326295
-1.563437 -3.232433 21.392669 -14.550563 -0.085779 0.968956 0.231876 -0.308400 -0.247127 0.918596 -0.947381 -0.007286 -0.320024
14.842375 -23.707650 1091.178345 -1123.703687 -0.006865 0.991225 -0.132006 -0.100507 -0.132025 -0.986138 0.994913 -0.006497 -0.100531
7.168762 -22.787050 561.254434 -1069.058003 -0.007658 0.983357 -0.181524 -0.098348 -0.181389 -0.978481 0.995123 -0.010359 -0.098100
25.142349 -38.542135 1540.533939 -1638.991754 0.060318 0.997144 -0.045450 -0.288263 -0.026192 -0.957193 0.955650 -0.070837 -0.285859
-0.051342 -20.847956 129.278198 -966.956424 0.000311 0.968597 -0.248637 -0.117065 -0.246892 -0.961946 0.993124 -0.029405 -0.113312
8.757016 -34.355705 907.688447 -1560.718438 0.050020 0.994791 -0.088819 -0.297548 -0.070049 -0.952134 0.953396 -0.074053 -0.292494
18.936104 -10.492117 1369.205860 -13.574849 0.627517 0.773851 -0.085897 -0.383492 0.211177 -0.899076 0.677611 -0.597126 -0.429283
21.148263 -10.692519 223.355323 -13.740607 0.756155 0.648113 -0.090435 -0.355194 0.290423 -0.888533 0.549606 -0.703991 -0.449811
9.171677 -10.368263 823.483844 -19.936160 0.603467 0.790519 -0.104433 -0.506987 0.279298 -0.815449 0.615460 -0.545043 -0.569330
29.700566 -10.650130 1080.076973 -5.809320 0.676845 0.730514 -0.090720 -0.272905 0.134558 -0.952584 0.683669 -0.669510 -0.290436
10.632829 -10.471602 1038.345409 -13.231920 0.531450 0.825942 -0.188098 -0.447662 0.085333 -0.890122 0.719138 -0.557260 -0.415093
24.731455 -10.078177 2504.267596 -14.720653 0.550571 0.822845 -0.140701 -0.308593 0.044008 -0.950176 0.775656 -0.566559 -0.278154
0.338473 -12.561065 -18.360339 9.807227 0.009001 0.963354 -0.268083 -0.740083 0.186706 0.646079 -0.672455 -0.192589 -0.714642
0.064796 -12.700249 -14.508485 -19.662689 0.020488 0.959724 -0.280197 -0.873644 0.153456 0.461733 -0.486134 -0.235332 -0.841601
0.469803 -12.808780 -22.248979 -21.822486 0.014722 0.962088 -0.272341 -0.887382 0.138093 0.439867 -0.460799 -0.235194 -0.855773
-0.779593 -16.357826 11.581822 161.760239 0.273213 0.943961 -0.185182 -0.660120 0.324006 0.677689 -0.699712 0.062911 -0.711650
-1.230210 -13.708556 13.871591 109.495243 0.280584 0.941234 -0.188018 -0.446172 0.301338 0.842689 -0.849825 0.152557 -0.504503
-0.649171 -13.410967 27.937286 120.653446 0.328937 0.921274 -0.207498 -0.408846 0.336995 0.848103 -0.851261 0.194137 -0.487509
-3.496162 -5.939887 89.836761 -29.880223 0.495693 0.754970 0.429312 0.819915 -0.569804 0.055340 0.286404 0.324568 -0.901459
-4.549987 -6.123749 -72.674251 11.867151 -0.631119 -0.674585 -0.382916 -0.717373 0.695381 -0.042688 0.295068 0.247752 -0.922797
-5.702454 -6.431872 -17.635687 25.145394 -0.889017 -0.370258 -0.269368 -0.406724 0.908787 0.093178 0.210298 0.192395 -0.958519
-4.720442 -6.189947 65.862318 -40.253642 0.604954 0.712332 0.355830 0.766941 -0.641411 -0.019858 0.214088 0.284913 -0.934340
-5.354431 -5.515966 42.919361 -26.299114 0.370326 0.890937 0.262850 -0.881420 0.426347 -0.203293 0.293186 0.156397 -0.943177
-1.454334 -4.282251 -71.274189 -38.807226 -0.180147 0.966563 0.182491 0.729867 0.006974 0.683553 -0.659425 -0.256334 0.706719
-2.155021 -3.916508 -51.816613 -26.138959 -0.285304 0.957900 0.032093 0.692224 0.182784 0.698152 -0.662894 -0.221401 0.715230
-2.464061 -4.071892 -5.598392 -45.435951 -0.289266 0.957030 -0.020473 0.707061 0.228031 0.669378 -0.645283 -0.179153 0.742640
-0.207133 -9.817988 53.523226 -45.601127 0.296019 0.792370 -0.533406 -0.349866 -0.429680 -0.832447 0.888801 -0.433041 -0.150030
2.739430 -10.759689 233.306919 -1.737983 0.370658 0.817782 -0.440280 -0.447333 -0.258249 -0.856271 0.813945 -0.514335 -0.270099
-1.034584 -28.621670 -53.053653 447.634383 0.132766 0.962658 0.235929 -0.447570 -0.154156 0.880862 -0.884338 0.222543 -0.410390
-1.138007 -30.846451 20.729770 186.050831 0.205140 0.930703 0.302836 -0.625259 -0.113423 0.772131 -0.752973 0.347746 -0.558663
-1.252428 -16.783992 7.796255 158.980271 0.277793 0.957684 -0.075317 -0.788706 0.272132 0.551260 -0.548429 0.093733 -0.830927
-0.893624 -17.238749 -51.145240 90.633392 0.315945 0.938145 -0.141643 -0.791056 0.342897 0.506609 -0.523842 0.048013 -0.850461
-0.671944 -16.483324 -19.149826 -12.949989 0.261576 0.963163 -0.062403 -0.689447 0.231704 0.686277 -0.675456 0.136490 -0.724658
0.056859 -11.175794 17.381900 -455.409656 0.156113 0.987677 0.011082 0.560465 -0.097815 0.822382 -0.813331 0.122174 0.568828
-0.921984 -14.684667 144.339964 -534.103609 0.212250 0.976882 0.025540 0.608577 -0.152585 0.778686 -0.764581 0.149734 0.626894
-0.573360 -16.208962 98.298040 -489.669614 0.165225 0.986248 0.003973 0.678462 -0.116584 0.725326 -0.715814 0.117147 0.688394
-2.023224 -8.015313 -66.270724 -278.451461 0.626388 0.230464 -0.744664 0.192570 0.879937 0.434314 0.755351 -0.415449 0.506801
-48.996104 -310.258726 1936.333708 7212.404222 -0.271121 0.693146 0.667863 -0.726450 -0.602551 0.330457 -0.631477 0.395576 -0.666901
-54.330813 -250.298959 2252.308085 -20079.143692 -0.492786 0.422580 0.760650 -0.287048 0.746279 -0.600559 -0.821441 -0.514290 -0.246455
3.068604 -3.968799 -99.987902 -42.930554 0.144713 0.979722 -0.138573 -0.752615 0.199905 0.627383 -0.642362 -0.013502 -0.766282
4.094933 -4.876343 5.963986 -37.438027 0.190403 0.978296 -0.081749 -0.704176 0.194123 0.682973 -0.684019 0.072475 -0.725855
3.365899 -4.762841 -119.931330 -38.142600 0.104141 0.987311 -0.119885 -0.699481 0.158400 0.696876 -0.707023 -0.011284 -0.707101
-2.911807 -7.418538 16.102334 6.377777 0.332805 0.899131 0.284261 0.836386 -0.420678 0.351408 -0.435544 -0.120802 0.892025
-3.028144 -7.564344 47.599197 2.067967 0.287382 0.918119 0.272891 0.792787 -0.387890 0.470138 -0.537495 -0.081235 0.839345
-3.470482 -7.715726 61.867251 -2.225268 0.366834 0.868344 0.333783 0.833623 -0.466088 0.296371 -0.412924 -0.169530 0.894848
-2.643480 -7.322625 1.107484 2.142822 0.259997 0.938601 0.226783 0.786054 -0.342135 0.514843 -0.560822 -0.044406 0.826745
-3.118509 -7.436856 30.543144 -1.607477 0.460368 0.822966 0.332848 0.837784 -0.526762 0.143664 -0.293562 -0.212717 0.931973
-2.799522 -6.922916 -20.730195 7.358991 0.421119 0.857190 0.296454 0.847481 -0.488326 0.208120 -0.323164 -0.163595 0.932095
-2.701848 -7.114758 -29.879132 6.499726 0.295120 0.924210 0.242364 0.836130 -0.372569 0.402591 -0.462376 -0.083835 0.882712
2.226506 -8.871850 -108.224806 -49.621332 0.495694 0.820805 -0.283842 0.678094 -0.161566 0.716997 0.542655 -0.547883 -0.636671
0.552573 -18.152150 -25.906213 -6.342411 0.001632 0.999750 -0.022279 0.132959 0.021864 0.990880 -0.991120 0.004580 0.132890
0.746928 -18.953897 -32.836681 -40.335038 -0.008792 0.999206 -0.038854 -0.079880 0.038030 0.996079 -0.996766 -0.011861 -0.079482
1.207315 -19.368264 -32.779639 -54.248796 0.027921 0.999610 -0.000019 0.141424 -0.003932 0.989941 -0.989555 0.027643 0.141478
0.222962 -18.039784 -18.734760 61.169035 -0.015976 0.998150 -0.058666 -0.062809 0.057556 0.996365 -0.997898 -0.019602 -0.061773
1.017548 -17.450243 -33.057622 269.779926 0.038614 0.998928 0.025513 0.345683 -0.037309 0.937609 -0.937556 0.027386 0.346754
0.315184 -16.691503 -18.660160 117.681166 0.007876 0.999955 -0.005370 0.318638 0.002580 0.947873 -0.947844 0.009176 0.318603
0.102819 -17.167705 -11.668702 37.154089 -0.005171 0.999364 -0.035281 0.140378 0.035657 0.989456 -0.990084 -0.000164 0.140473
-7.636160 -13.150268 -173.441850 -432.606178 0.224368 -0.290082 -0.930329 0.807125 0.590286 0.010600 0.546085 -0.753270 0.366574
-4.605056 -8.816530 24.749709 -282.894238 0.226291 -0.415976 -0.880770 0.711416 0.688223 -0.142258 0.665342 -0.594402 0.451671
-3.411311 -7.619032 -371.241092 47.795372 0.646624 0.012438 -0.762708 -0.559275 -0.672216 -0.485115 0.518738 -0.740250 0.427715
-0.403274 -4.059524 -28.175957 -82.409638 0.744177 -0.667838 -0.013884 0.512678 0.557709 0.652780 0.428208 0.492902 -0.757420
-0.173977 -3.426530 11.786066 -60.192162 0.682266 -0.729859 -0.042648 0.591485 0.516747 0.618966 0.429720 0.447525 -0.784259
2.251316 -4.029312 136.499816 4.805035 -0.556993 0.794501 0.241925 0.731646 0.331563 0.595617 0.393005 0.508758 -0.765971
-0.935290 -3.624180 58.702351 -110.321855 0.800369 -0.587662 0.118587 0.392419 0.663087 0.637434 0.453229 0.463647 -0.761324
1.826227 -4.302989 -228.092664 -26.151307 0.701127 -0.697270 -0.149115 0.582774 0.439872 0.683292 0.410847 0.565975 -0.714757
-0.672624 -4.445829 -5.431868 -95.822149 0.840350 -0.518727 0.157271 0.293361 0.679222 0.672754 0.455798 0.519211 -0.722958
2.845086 -5.475640 99.436065 -3.485365 0.232653 0.922753 0.307247 -0.787915 0.364029 -0.496662 0.570142 0.126535 -0.811743
4.074563 -5.642836 77.675307 11.997466 0.256626 0.932538 0.254000 -0.811565 0.350631 -0.467355 0.524886 0.086202 -0.846796
1.153014 -5.315957 102.025277 14.640964 0.224789 0.905020 0.361123 -0.829902 0.372029 -0.415760 0.510619 0.206238 -0.834706
4.000025 -5.832504 85.431046 7.109593 0.231866 0.945316 0.229383 -0.771450 0.322340 -0.548601 0.592540 0.049755 -0.804003
1.191479 -5.376118 100.022029 -15.888460 0.240066 0.898345 0.367892 -0.761234 0.409383 -0.502920 0.602404 0.159318 -0.782130
1.699471 -5.362419 78.445764 -11.855673 0.237454 0.912961 0.331840 -0.725885 0.393777 -0.563941 0.645527 0.106967 -0.756209
2.925449 -5.580622 77.939876 -1.731676 0.220319 0.940207 0.259751 -0.745799 0.334003 -0.576390 0.628683 0.066732 -0.774793
1.225367 -10.834745 -6.319622 176.412309 0.018134 0.998272 0.055902 0.835051 -0.045870 0.548257 -0.549874 -0.036739 0.834439
1.009559 -10.184434 -19.549326 129.773597 -0.000541 0.996461 0.084054 0.882773 -0.039013 0.468178 -0.469800 -0.074454 0.879627
0.643575 -10.481746 -22.085618 101.774606 -0.015966 0.995185 0.096709 0.857877 -0.036049 0.512589 -0.513607 -0.091148 0.853170
0.658855 -17.210512 -7.116944 -216.509932 -0.040688 0.982996 -0.179065 -0.377755 0.150778 0.913547 -0.925011 -0.104813 -0.365196
0.606844 -16.503764 -10.100006 -49.098119 -0.057142 0.981594 -0.182229 -0.504026 0.129195 0.853971 -0.861796 -0.140646 -0.487366
1.182639 -1.147523 -38.867306 0.351291 -0.597831 0.709472 -0.373159 -0.627591 -0.703851 -0.332751 0.498726 -0.035262 -0.866042
-1.046548 -5.863640 -34.416439 24.119886 0.672036 -0.529086 0.518108 0.727754 0.601224 -0.330005 -0.136898 0.598830 0.789089
-0.481976 -5.220792 -39.852547 -9.836547 0.756001 -0.427817 0.495415 -0.618965 -0.713450 0.328436 -0.212943 0.554943 0.804173
-0.932288 -5.656567 -20.345783 36.492355 0.737357 -0.469131 0.486025 -0.641383 -0.712000 0.285803 -0.211971 0.522468 0.825891
-0.651943 -5.405565 -33.778542 30.597542 0.662763 -0.521382 0.537499 0.735778 0.586841 -0.338006 -0.139196 0.619499 0.772558
-1.275950 -5.966076 -13.813540 -43.015339 0.691508 -0.532514 0.488104 0.699824 0.661348 -0.269936 -0.179062 0.528250 0.829993
-0.782409 -5.902939 -34.153575 18.446582 0.613588 -0.570815 0.545600 0.787694 0.490784 -0.372383 -0.055211 0.658256 0.750767
0.288085 -18.695821 -36.976500 201.362924 -0.279345 0.953506 0.113102 0.781706 0.157434 0.603449 -0.557586 -0.256983 0.789340
1.072526 -17.365109 -45.566427 171.068119 -0.294296 0.951937 0.084885 0.781777 0.188695 0.594322 -0.549740 -0.241267 0.799735
0.585597 -17.411317 -39.783405 0.318498 -0.289370 0.951979 0.100001 0.853771 0.209447 0.476662 -0.432828 -0.223309 0.873380
-2.071105 -13.859541 7.474075 32.372090 0.079185 0.965857 -0.246679 0.853449 -0.193558 -0.483902 0.515126 0.172210 0.839636
-1.813196 -14.421683 25.434779 11.338768 0.059162 0.949900 -0.306903 0.874651 -0.197504 -0.442693 0.481129 0.242242 0.842516
-2.060827 -13.461659 1.902755 39.467246 0.068410 0.973205 -0.219526 0.744231 -0.196322 -0.638418 0.664410 0.119704 0.737720
-1.729514 -13.800352 20.555541 23.908373 0.039413 0.958482 -0.282417 0.756304 -0.213330 -0.618462 0.653032 0.189218 0.733311
201.283913 -5.380085 49868.737608 208.063891 -0.119777 0.910614 -0.395519 -0.227625 0.362586 0.903725 -0.966354 -0.198276 -0.163849
356.148674 -8.621383 107333.782717 706.258961 -0.096050 0.901748 -0.421455 -0.218873 0.393916 0.892706 -0.971014 -0.177990 -0.159533
471.125100 -8.112152 157974.055337 19.157043 -0.389701 0.824066 -0.411154 -0.268418 0.325431 0.906668 -0.880957 -0.463691 -0.094373
1.567650 -20.899748 -127.007809 -149.984980 -0.033279 0.982515 -0.183187 -0.973296 0.009794 0.229343 -0.227127 -0.185927 -0.955952
2.644966 -20.349937 -64.440186 -294.443024 -0.049824 0.987044 -0.152518 -0.981327 -0.019975 0.191308 -0.185782 -0.159201 -0.969608
2.457827 -22.025526 -0.642625 -164.362174 -0.057316 0.991880 -0.113526 -0.938248 -0.014655 0.345653 -0.341183 -0.126327 -0.931470
-1.180646 -23.486301 3.694544 -45.153065 -0.432296 0.882270 0.186331 0.160346 -0.128132 0.978709 -0.887361 -0.452969 0.086077
4.660650 -7.092571 73.497685 -4.761361 -0.127915 0.990525 -0.049985 0.437697 0.011155 -0.899054 0.889977 0.136881 0.434976
4.691271 -7.313813 -106.015134 -11.211310 0.003219 0.999968 0.007368 0.458078 0.005075 -0.888898 0.888906 -0.006237 0.458047
5.495098 -7.353058 -52.774015 -5.615554 -0.013462 0.999221 -0.037098 0.584121 -0.022254 -0.811361 0.811555 0.032593 0.583367
56.631943 -7.389594 3530.932974 108.744778 -0.659051 0.706089 -0.259018 0.513842 0.674209 0.530480 -0.549198 -0.216519 0.807156
19.198206 -10.720640 993.279901 -10.859022 -0.457720 0.876101 -0.151457 0.748239 0.471588 0.466629 -0.480240 -0.100260 0.871388
15.626633 -9.457373 839.735991 -160.574616 -0.590590 0.802865 -0.081313 0.709085 0.564411 0.422657 -0.385230 -0.191959 0.902635
132.524983 -199.687552 2956.239883 6037.463762 0.311216 0.067772 -0.947920 0.318637 0.932276 0.171267 0.895330 -0.355343 0.268545
0.032666 -12.806414 186.520666 -450.083569 -0.257803 0.851677 0.456271 0.771552 0.465721 -0.433372 0.581588 -0.240312 0.777178
12.888881 -25.971865 772.251103 1737.898001 -0.093305 0.915645 -0.391008 -0.270570 -0.401261 -0.875089 0.958168 -0.024145 -0.285186
-1.644626 -8.073773 4.250889 93.125297 0.896371 -0.417628 -0.148678 -0.180507 -0.650172 0.738034 0.404890 0.634715 0.658180
-1.712099 -7.982559 6.918588 81.127266 0.896466 -0.434571 -0.086588 -0.230840 -0.624808 0.745874 0.378236 0.648662 0.660435
-1.983936 -6.649407 16.621298 61.641286 0.888831 -0.441697 -0.121997 -0.265767 -0.713780 0.647986 0.373293 0.543527 0.751818
-1.130223 -10.706337 -13.352468 149.403835 0.902968 -0.408139 -0.134430 -0.116944 -0.534438 0.837078 0.413488 0.740134 0.530310
-1.731914 -6.558908 24.161104 76.966944 0.883724 -0.439289 -0.161421 -0.243622 -0.726288 0.642771 0.399600 0.528706 0.748859
-1.399652 -10.224878 -17.025421 125.385890 0.896808 -0.408472 -0.169957 -0.095374 -0.553615 0.827294 0.432017 0.725714 0.535444
-1.604770 -7.899844 8.818243 96.062509 0.891394 -0.410750 -0.191578 -0.153595 -0.671453 0.724955 0.426411 0.616795 0.661618
0.672911 -6.957113 -24.884283 35.682683 -0.341513 0.825689 0.449006 0.783992 0.513751 -0.348448 0.518387 -0.233018 0.822786
-0.456873 -116.247999 31.936562 6100.489386 0.570811 -0.122470 -0.811896 -0.129830 0.962912 -0.236527 0.810752 0.240421 0.533741
0.396792 -138.646471 8.095944 7788.091366 0.636082 -0.087787 -0.766611 0.105879 0.994040 -0.025979 0.764323 -0.064644 0.641586
-0.499862 -179.449199 -100.554095 8476.212282 0.621324 -0.133341 -0.772125 -0.179292 0.935076 -0.305757 0.762765 0.328410 0.557078
-28.349046 -47.316120 920.173687 -1184.260137 0.659067 -0.202223 -0.724387 0.751919 0.156948 0.640301 -0.015792 -0.966681 0.255495
