10333
20643
-8.202429 -10.213253 45.462255 151.753371 -0.124656 0.969940 0.208992 -0.403022 0.142977 -0.903953 0.906661 0.196911 -0.373084
-6.544747 -10.685263 -77.391132 221.769773 0.077144 0.931391 0.355752 -0.468192 0.348868 -0.811842 0.880253 0.103931 -0.462983
-6.768099 -8.383094 39.497701 106.282957 -0.338930 0.904034 -0.260477 -0.412482 -0.391625 -0.822489 0.845568 0.171324 -0.505631
-5.437882 -7.800332 -49.020441 153.346887 -0.024032 0.995604 0.090523 -0.581491 0.059735 -0.811357 0.813198 0.072137 -0.577499
-6.870659 -10.119786 11.636476 105.822329 -0.368923 0.901492 -0.226292 -0.245572 -0.329354 -0.911713 0.896432 0.280781 -0.342887
-5.067886 -6.536747 3.006221 69.817566 -0.387048 0.836162 -0.388622 -0.470602 -0.541583 -0.696578 0.792923 0.086723 -0.603118
-5.947761 -8.749327 -8.220626 64.212677 -0.499712 0.728252 -0.468974 -0.201513 -0.624306 -0.754741 0.842425 0.282649 -0.458726
-4.930485 -7.343507 -0.933824 -59.297114 -0.570817 0.561797 -0.598792 0.217283 0.806633 0.549664 0.791805 0.183651 -0.582509
-3.680908 -4.871740 -137.667475 -90.938854 0.408848 0.877427 0.250930 -0.708915 0.478508 -0.518141 0.574702 -0.033953 -0.817658
-2.573489 -5.397360 -74.411794 -146.878121 0.191088 0.980711 0.041115 -0.791023 0.178658 -0.585119 0.581179 -0.079287 -0.809904
-3.236505 -6.045814 -124.313967 -97.799029 0.139342 0.987711 0.070788 -0.850742 0.155989 -0.501903 0.506777 -0.009714 -0.862023
-3.322563 -3.836509 -105.535110 -18.058698 0.022645 0.994714 -0.100153 -0.787169 -0.044018 -0.615164 0.616321 -0.092768 -0.782012
-0.235398 -4.011456 -6.131374 9.969514 -0.022766 0.986008 -0.165136 -0.920609 -0.085083 -0.381103 0.389820 -0.143350 -0.909665
-0.227346 -4.447647 9.071689 28.748403 -0.135356 0.967511 -0.213542 -0.872253 -0.218588 -0.437486 0.469950 -0.127047 -0.873502
-0.245908 -3.773493 -11.732473 7.631311 -0.024464 0.983635 -0.178506 -0.903243 -0.098272 -0.417725 0.428431 -0.151015 -0.890865
-0.471737 -4.233410 -4.142889 33.162589 -0.161011 0.957095 -0.240924 -0.850142 -0.258494 -0.458737 0.501332 -0.130958 -0.855287
0.064706 -3.773750 -17.891441 -13.329651 0.072885 0.988719 -0.130851 -0.929258 0.019679 -0.368906 0.362170 -0.148483 -0.920210
-0.235521 -3.536473 -16.767578 17.831241 -0.047175 0.979726 -0.194708 -0.882957 -0.132047 -0.450501 0.467078 -0.150666 -0.871285
0.192311 -3.398428 -21.058548 -15.641013 0.085955 0.988528 -0.124196 -0.906828 0.025995 -0.420699 0.412644 -0.148786 -0.898659
0.463368 -5.971540 -12.431402 46.450631 -0.142573 0.959086 -0.244597 -0.243080 0.205625 0.947961 -0.959471 -0.194610 -0.203817
0.350180 -6.259059 -23.574235 51.492564 -0.152095 0.961319 -0.229638 -0.263812 0.184426 0.946779 -0.952508 -0.204581 -0.225557
0.342373 -6.715114 -24.180815 34.868883 -0.155909 0.959936 -0.232841 -0.367071 0.162537 0.915882 -0.917034 -0.228264 -0.327024
0.541669 -6.222577 0.340583 42.441467 -0.123815 0.962474 -0.241483 -0.302082 0.195246 0.933073 -0.945207 -0.188476 -0.266571
0.621009 -6.864431 -2.036566 20.801118 -0.135844 0.969149 -0.205659 -0.458948 0.122409 0.879990 -0.878017 -0.213928 -0.428160
-0.862314 -7.036792 -2.419403 11.770567 -0.074930 0.989214 -0.125861 -0.979006 -0.048983 0.197857 -0.189558 -0.138045 -0.972117
-0.710646 -7.055751 -0.697799 22.210984 -0.080226 0.987903 -0.132706 -0.936913 -0.029293 0.348333 -0.340232 -0.152279 -0.927930
-0.795613 -7.000731 -3.378033 19.145469 -0.097485 0.989034 -0.110941 -0.942063 -0.055752 0.330770 -0.320958 -0.136758 -0.937168
-0.878048 -7.521640 5.734122 15.752157 -0.047836 0.988908 -0.140613 -0.984804 -0.023164 0.172116 -0.166950 -0.146709 -0.974989
-0.910655 -6.843144 -8.594503 14.072337 -0.082614 0.990363 -0.111161 -0.977843 -0.059026 0.200844 -0.192347 -0.125291 -0.973296
-0.907959 -7.247561 -8.341314 0.417108 -0.035805 0.992512 -0.116781 0.998231 0.029968 -0.051357 -0.047473 -0.118413 -0.991829
-0.887982 -7.560449 -2.014082 -4.580396 -0.042145 0.990632 -0.129890 0.997572 0.034509 -0.060494 -0.055445 -0.132124 -0.989681
0.697662 -11.314325 -9.462478 11.212103 -0.060310 0.996150 0.063627 0.908648 0.028403 0.416595 -0.413184 -0.082940 0.906863
0.869872 -11.176016 -2.516444 32.169840 -0.032142 0.997421 0.064174 0.978381 0.018275 0.206000 -0.204296 -0.069408 0.976445
0.576697 -10.698240 -13.662315 18.830620 -0.025014 0.994486 0.101844 0.954893 -0.006385 0.296880 -0.295893 -0.104676 0.949468
0.347488 -10.950266 -15.220285 9.921582 -0.053630 0.994558 0.089318 0.876320 0.003994 0.481713 -0.478735 -0.104105 0.871766
0.194482 -10.592715 -11.893904 8.500188 -0.022536 0.993791 0.108955 0.889718 -0.029768 0.455540 -0.455955 -0.107205 0.883523
0.650747 -10.030718 12.197552 26.938222 -0.028649 -0.991515 -0.126794 0.992856 -0.042924 0.111331 -0.115829 -0.122699 0.985662
0.356369 -10.163291 -12.661103 15.079567 0.007455 0.992017 0.125880 0.956246 -0.043891 0.289252 -0.292467 -0.118216 0.948940
-2.029553 -13.715343 9.471174 -81.791862 0.180768 0.982765 -0.038671 -0.793125 0.168912 0.585168 -0.581615 0.075109 -0.809989
-2.041819 -12.396736 17.637563 -71.624856 0.167510 0.985202 -0.036306 -0.900799 0.167917 0.400456 -0.400627 0.034376 -0.915596
-2.327249 -13.495508 8.671274 -81.973609 0.149390 0.986939 -0.060275 -0.799594 0.156442 0.579806 -0.581663 0.038421 -0.812522
-2.256821 -14.658564 16.552124 -52.121175 0.180563 0.982366 -0.048522 -0.616281 0.151447 0.772827 -0.766548 0.109641 -0.632759
-2.402797 -13.404846 -2.920295 -52.728079 0.090799 0.990960 -0.098763 -0.835697 0.129758 0.533641 -0.541633 -0.034082 -0.839924
-2.463115 -13.866779 0.848709 -31.640268 0.108963 0.989957 -0.090064 -0.679786 0.140314 0.719863 -0.725271 0.017214 -0.688248
-0.658741 -11.551331 44.535454 -149.010811 0.111147 0.993616 0.019353 0.420684 -0.029398 -0.906731 0.900373 -0.108922 0.421266
-0.579323 -14.473883 36.179312 -139.994164 0.117478 0.992815 0.022724 0.213400 -0.002890 -0.976961 0.969876 -0.119620 0.212206
-0.159021 -13.134234 34.296982 -165.042734 0.123974 0.992269 -0.005691 0.278580 -0.040309 -0.959567 0.952378 -0.117377 0.281423
-0.422272 -10.810526 41.426733 -142.731577 0.111962 0.993617 0.013751 0.452554 -0.038665 -0.890898 0.884680 -0.105970 0.453995
-0.747919 -9.139043 28.099464 -122.590872 0.130397 0.991222 0.021813 0.596982 -0.060930 -0.799938 0.791587 -0.117331 0.599687
1.731054 -8.494211 43.058381 15.470426 -0.125523 0.990203 0.061167 0.820443 0.068944 0.567556 -0.557779 -0.121426 0.821060
1.156715 -8.752123 49.218004 0.700189 -0.119193 0.992129 0.038384 0.885941 0.088824 0.455214 -0.448221 -0.088264 0.889555
3.892435 -8.363638 140.785071 28.313176 -0.144666 0.988193 0.050470 0.859799 0.100298 0.500685 -0.489711 -0.115826 0.864157
-0.204825 -19.346170 -8.293893 -496.056855 0.104535 0.990044 0.094257 0.595016 0.013681 -0.803597 0.796886 -0.140089 0.587662
-0.604762 -27.472286 18.049383 -691.150094 0.109712 0.989419 0.094935 0.361588 0.049238 -0.931037 0.925860 -0.136473 0.352360
0.150777 -23.770849 8.274102 -533.454032 0.108983 0.990484 0.084049 0.356879 0.039929 -0.933297 0.927772 -0.131709 0.349131
-0.099717 -20.356137 9.347924 -619.203962 0.107393 0.992180 0.063599 0.569266 -0.008920 -0.822105 0.815109 -0.124493 0.565773
0.445881 -30.813827 13.391632 -679.202993 0.106470 0.994060 0.022545 0.265694 -0.006593 -0.964035 0.958160 -0.108631 0.264818
2.697694 -40.059267 -68.646808 267.979656 -0.220743 0.885949 0.407881 0.647784 0.445812 -0.617760 0.729142 -0.127853 0.672314
1.245253 -71.390526 -101.885264 1096.469496 -0.223859 0.863256 0.452411 0.794915 0.430299 -0.427730 0.563913 -0.263877 0.782541
10.635017 -285.379580 -416.844228 2620.998719 0.032507 -0.916910 -0.397769 0.934737 0.168790 -0.312693 0.353851 -0.361645 0.862556
1.353455 -58.312914 -93.809276 -496.953607 -0.142001 0.917893 0.370552 0.463615 0.392420 -0.794398 0.874584 -0.058988 0.481272
5.068204 -80.343499 -15.354189 2010.964297 -0.183462 0.908836 0.374646 0.823263 0.350317 -0.446672 0.537197 -0.226485 0.812480
2.756712 -1669.716211 213.164026 134991.082205 -0.106598 0.990635 -0.085319 -0.689839 -0.135481 -0.711173 0.716072 0.016953 -0.697821
-21.811666 -868.232719 260.902458 21247.630526 -0.244569 0.953903 -0.173942 -0.802622 -0.098508 0.588298 -0.544044 -0.283489 -0.789715
8.681692 -36.760963 251.256953 -1093.903899 -0.374029 0.926024 0.050800 -0.877413 -0.371075 0.304057 -0.300415 -0.069154 -0.951298
-6.323321 -110.123300 -112.380928 621.471429 0.004427 0.986666 -0.162701 -0.868876 -0.076745 -0.489044 0.495009 -0.143532 -0.856951
39.226028 -209.620736 -1589.653991 8899.280760 -0.234306 0.837508 0.493641 0.576992 0.528472 -0.622734 0.782420 -0.138917 0.607059
-5.009234 -8.145849 35.169124 -55.256051 -0.403285 0.772253 -0.490904 -0.516528 -0.634939 -0.574501 0.755354 -0.021878 -0.654952
-5.556887 -7.414614 58.195184 94.434303 -0.452461 0.695874 -0.557708 0.336582 0.712386 0.615807 0.825828 0.090914 -0.556546
-5.552175 -7.803112 -11.908047 76.205238 -0.371212 0.706902 -0.602073 0.391491 0.707104 0.588845 0.841984 -0.017120 -0.539231
2.372028 -25.346205 28.591310 -692.591395 -0.224316 0.969204 -0.101620 0.858393 0.147142 -0.491437 0.461350 0.197467 0.864964
2.540554 -25.624709 6.568432 -463.745366 -0.170278 0.982728 -0.072468 0.779964 0.089469 -0.619396 0.602214 0.161991 0.781727
1.786896 -24.036960 -6.220200 52.825992 -0.125013 0.990955 -0.048787 0.921115 0.097649 -0.376844 0.368672 0.092048 0.924991
3.288612 -57.282497 92.318701 -2189.034964 -0.257402 0.960690 -0.104011 0.647217 0.091475 -0.756798 0.717534 0.262119 0.645321
1.147507 -19.942556 11.317312 -66.156619 -0.151701 0.986698 -0.058428 0.961137 0.133460 -0.241671 0.230659 0.092819 0.968597
1.203292 -24.275001 50.243207 -580.435758 -0.266553 0.959800 -0.087942 0.910570 0.220867 -0.349399 0.315930 0.173210 0.932838
3.118654 -34.028442 28.696938 -968.912983 -0.283982 0.952827 -0.107120 0.764905 0.157763 -0.624525 0.578164 0.259290 0.773624
-0.785246 -5.753457 24.887667 -66.974656 -0.067590 0.992510 0.101759 -0.707469 0.024239 -0.706329 0.703505 0.119732 -0.700532
-0.566647 -4.061364 18.001770 -42.716581 0.064568 0.965346 0.252861 -0.621272 0.237180 -0.746838 0.780930 0.108873 -0.615057
-0.904134 -4.856159 25.184099 -44.379966 0.058389 0.968230 0.243151 -0.620629 0.225983 -0.750834 0.781928 0.107066 -0.614106
-1.020570 -5.783671 17.390657 -58.575209 0.012946 0.985595 0.168629 -0.646365 0.136921 -0.750643 0.762918 0.099278 -0.638827
-6.087143 -9.183247 14.463967 -71.592980 0.506409 -0.842883 0.181929 0.815084 0.399055 -0.419992 0.281405 0.360976 0.889105
-6.095857 -8.607014 -25.853319 -79.087465 0.443888 -0.886111 0.133306 0.870968 0.391672 -0.296661 0.210662 0.247789 0.945633
-6.938229 -9.808905 15.436126 -48.390913 -0.295639 0.941405 -0.162341 0.870961 0.195804 -0.450653 0.392460 0.274623 0.877814
-5.388194 -8.079222 -14.385641 47.028844 0.725575 -0.675751 0.130006 -0.672108 -0.655358 0.344640 0.147690 0.337440 0.929689
-6.455422 -9.979135 -31.851916 -37.017014 -0.399413 0.896637 -0.191077 0.798481 0.237832 -0.553049 0.450440 0.373467 0.810941
-6.578180 -9.584652 -0.528923 -50.380233 0.567263 -0.791597 0.227127 0.742349 0.372102 -0.557188 0.356554 0.484680 0.798721
-6.070545 -8.712170 -19.430501 43.858230 0.749167 -0.640803 0.167693 -0.629982 -0.611101 0.479247 0.204625 0.464680 0.861511
-4.600359 -8.212135 -29.450630 75.779598 0.032837 0.998191 0.050355 0.483138 -0.059958 0.873489 -0.874928 0.004355 0.484233
-4.349124 -8.713940 -21.001430 63.656577 -0.053105 0.998146 0.029739 0.408911 -0.005433 0.912558 -0.911028 -0.060622 0.407864
-3.766929 -6.991621 -26.948101 72.531501 -0.141663 0.984581 -0.102627 0.565237 0.165563 0.808143 -0.812673 -0.056476 0.579976
-5.078287 -9.188560 -22.355591 35.895622 0.064397 0.995625 0.067702 0.304292 -0.084203 0.948850 -0.950399 0.040502 0.308384
0.306866 -4.419664 -110.048932 60.174870 0.143835 0.985898 -0.085542 0.535834 -0.150263 -0.830845 0.831982 -0.073668 0.549891
-0.881259 -4.719892 -58.126792 53.379331 0.102799 0.990276 -0.093735 0.565662 -0.135712 -0.813393 0.818205 -0.030593 0.574112
0.118343 -5.415165 -112.424062 47.105261 0.120325 0.991387 -0.051701 0.623712 -0.116012 -0.772997 0.772337 -0.060764 0.632300
1.625708 -5.169980 -135.340252 48.792272 0.138113 0.988084 -0.067928 0.592537 -0.137391 -0.793740 0.793615 -0.069376 0.604452
2.042253 -4.376153 -113.700582 56.906433 0.140655 0.983529 -0.113518 0.525161 -0.171314 -0.833581 0.839299 -0.057632 0.540607
-2.871973 -6.537417 143.910711 -92.361398 -0.001543 0.970502 0.241090 -0.137744 0.238586 -0.961303 0.990467 0.034692 -0.133312
-1.076546 -5.860199 115.806768 -79.912350 -0.031397 0.979151 0.200692 -0.136040 0.194736 -0.971376 0.990206 0.057801 -0.127090
-2.776868 -4.283865 107.471173 -145.368665 0.032221 0.945605 0.323718 -0.001552 0.323933 -0.946079 0.999480 -0.029981 -0.011905
-5.227401 -6.611984 120.915140 -176.397546 0.115247 0.930801 0.346883 -0.047526 0.353977 -0.934046 0.992199 -0.091160 -0.085032
-1.031253 -3.719994 -177.509343 89.158438 0.084284 0.235919 -0.968111 0.102991 0.964302 0.243957 0.991105 -0.120268 0.056977
-3.506689 -4.924683 -198.857044 100.247444 0.045025 0.133530 -0.990021 0.133464 0.981338 0.138429 0.990030 -0.138365 0.026363
-1.748388 -1.875115 -94.470030 37.915492 0.029852 -0.202155 -0.978898 0.055447 0.978162 -0.200312 0.998015 -0.048297 0.040409
0.261832 -8.364487 27.631661 -39.401172 0.052959 0.996827 -0.059424 -0.977400 0.063939 0.201497 -0.204657 -0.047410 -0.977685
0.295450 -7.735330 27.737332 -8.874085 0.058775 0.996165 -0.064813 -0.994562 0.064024 0.082137 -0.085971 -0.059633 -0.994511
-0.033338 -8.350279 5.462641 -24.799124 0.100216 0.991953 -0.077374 -0.990587 0.106761 0.085675 -0.093246 -0.068059 -0.993314
-0.246998 -8.074351 7.927249 -14.900357 0.103188 0.991553 -0.078578 0.993612 -0.099128 0.053931 0.045686 -0.083641 -0.995448
0.275062 -9.337201 4.299447 -60.118593 0.064452 0.995591 -0.068153 -0.962149 0.080118 0.260482 -0.264794 -0.048785 -0.963070
-0.433820 -8.318699 5.665390 -17.268351 0.134596 0.987924 -0.076747 0.988773 -0.128831 0.075698 0.064896 -0.086074 -0.994173
0.025597 -8.968305 -8.094103 -64.317350 0.110518 0.989721 -0.090767 -0.975269 0.125584 0.181878 -0.191407 -0.068422 -0.979123
-0.274872 -8.292846 -6.470083 32.739887 0.142120 0.985331 -0.094474 0.988716 -0.145875 -0.034067 -0.047349 -0.088567 -0.994944
-4.145454 -22.692230 -11.533044 204.661693 0.350837 0.908918 -0.225346 -0.470797 -0.036817 -0.881473 0.809484 -0.415346 -0.414999
-3.704003 -22.326320 -67.034946 133.456011 0.452316 0.852754 -0.261193 -0.429319 -0.048513 -0.901849 0.781726 -0.520056 -0.344161
-3.847674 -18.815772 -25.769253 279.244516 0.384917 0.890306 -0.243297 -0.668182 0.086962 -0.738898 0.636688 -0.446981 -0.628360
-4.133472 -23.470568 31.904887 474.107974 0.290999 0.938722 -0.184717 -0.653900 0.054212 -0.754636 0.698380 -0.340384 -0.629606
0.168600 -43.502283 -44.348310 -759.437259 0.320540 0.946221 0.043805 0.531643 -0.141439 -0.835075 0.783970 -0.290964 0.548389
0.190180 -40.001647 -33.616422 -928.243196 0.373429 0.920180 0.117553 0.715565 -0.205085 -0.667763 0.590354 -0.333479 0.735034
0.424758 -41.780045 19.462577 -1041.627462 0.314233 0.943522 0.104995 0.818518 -0.213240 -0.533439 0.480923 -0.253565 0.839296
0.395807 -55.078377 -22.430629 -1644.252589 0.328783 0.940969 0.080495 0.655555 -0.166038 -0.736667 0.679816 -0.294972 0.671448
0.314654 -30.230340 -5.118162 -505.687564 0.286187 0.947457 0.142910 0.866587 -0.192302 -0.460486 0.408809 -0.255629 0.876087
-0.011545 -2.707400 37.364700 -50.089760 0.009299 0.983268 0.181926 0.265294 -0.177840 0.947624 -0.964123 -0.039452 0.262509
0.163255 -4.095881 37.588778 3.581689 -0.000264 0.991400 0.130866 0.379191 -0.120993 0.917374 -0.925318 -0.049866 0.375898
0.307766 -3.830864 27.378854 -10.082311 0.010789 0.978790 0.204582 0.354324 -0.195061 0.914552 -0.935060 -0.062621 0.348914
0.561960 -4.353244 23.815211 -5.623032 -0.002994 0.982062 0.188537 0.450287 -0.167018 0.877124 -0.892879 -0.087521 0.441709
-0.355771 -10.085191 -6.977225 108.592168 0.130098 0.984553 -0.117174 -0.940402 0.085079 -0.329250 0.314195 -0.153025 -0.936944
-0.040643 -12.077048 3.730560 114.330982 0.124890 0.987365 -0.097533 -0.844489 0.054185 -0.532825 0.520808 -0.148911 -0.840586
-0.534244 -9.840139 21.341200 138.094530 0.113565 0.987156 -0.112362 -0.947297 0.073488 -0.311815 0.299553 -0.141852 -0.943476
-0.934970 -8.491118 21.924990 150.614222 0.136557 0.981436 -0.134669 -0.967549 0.102961 -0.230755 0.212606 -0.161810 -0.963647
-0.533171 -7.957361 16.364118 55.012864 0.166207 0.978628 -0.121093 -0.973426 0.143213 -0.178693 0.157532 -0.147575 -0.976425
-2.626699 -13.636067 3.537215 -0.115744 0.312359 0.949329 -0.034746 0.736477 -0.218897 0.640067 -0.600028 0.225520 0.767533
-2.728995 -13.028421 -1.530725 -36.372058 0.302326 0.953076 -0.015628 0.592431 -0.175031 0.786377 -0.746742 0.247001 0.617549
-2.571750 -13.265509 -1.210447 -8.308388 0.277599 0.960643 -0.010133 0.717988 -0.200448 0.666569 -0.638304 0.192314 0.745375
-2.230952 -13.474198 -11.515631 -7.847274 0.249723 0.968307 0.004564 0.829239 -0.216287 0.515347 -0.500001 0.124909 0.856969
-2.483070 -13.456674 -3.388910 16.005535 0.293108 0.955646 -0.028790 0.842763 -0.244032 0.479791 -0.451484 0.164894 0.876910
-1.289742 -36.767369 25.735021 -491.397244 0.807480 -0.539418 0.238756 0.363379 0.136015 -0.921659 -0.464685 -0.830980 -0.305843
-1.451536 -30.197546 16.260985 -281.509480 0.833619 -0.521211 0.182808 0.175403 -0.064030 -0.982412 -0.523749 -0.851022 -0.038045
-1.540790 -30.973071 23.658307 -362.254276 0.831905 -0.524261 0.181894 0.095701 -0.187329 -0.977624 -0.546604 -0.830697 0.105668
-1.222424 -34.924852 6.323509 -265.991724 0.829357 -0.521273 0.201102 0.374054 0.250661 -0.892890 -0.415031 -0.815747 -0.402872
-1.369659 -27.535211 -2.697536 -417.533122 0.802800 -0.563237 0.195646 0.204172 -0.048610 -0.977727 -0.560202 -0.824865 -0.075973
1.884238 -70.709426 1.879848 2506.857122 0.202917 0.969005 0.140902 0.716204 -0.244999 0.653474 -0.667740 0.031687 0.743720
1.465378 -29.159486 3.048742 411.390006 0.183035 0.979472 0.084458 0.888934 -0.201581 0.411293 -0.419875 0.000203 0.907582
0.964062 -28.644921 -35.557000 458.827605 0.164603 0.979262 0.118121 0.849754 -0.201591 0.487113 -0.500823 -0.020193 0.865314
1.208057 -34.996891 -8.619270 883.802255 0.153086 0.985536 0.072687 0.780123 -0.165674 0.603290 -0.606607 0.035650 0.794202
-7.636275 -10.731957 7.209577 96.008863 -0.052132 0.970768 0.234288 -0.278683 0.211145 -0.936885 0.958967 0.114134 -0.259529
-4.113141 -10.381190 -187.273551 93.916803 0.121168 0.975110 0.185683 -0.304346 0.214547 -0.928086 0.944824 -0.055942 -0.322767
-4.353247 -10.633068 -130.111418 238.897479 0.167225 0.954756 0.245919 -0.524194 0.297355 -0.797998 0.835019 -0.004536 -0.550202
-0.038913 -4.432182 12.698513 19.199427 -0.073911 0.981413 -0.177101 -0.916499 -0.136855 -0.375899 0.393150 -0.134530 -0.909580
0.598903 -4.961952 43.176261 24.965496 -0.125527 0.975064 -0.183014 -0.867093 -0.197467 -0.457336 0.482071 -0.101282 -0.870258
0.072594 -5.102248 27.758021 23.386135 -0.193171 0.954270 -0.228151 -0.811460 -0.286097 -0.509589 0.551559 -0.086697 -0.829618
-0.352884 -5.016064 9.659256 30.356339 -0.219192 0.940805 -0.258534 -0.795144 -0.325806 -0.511465 0.565422 -0.093462 -0.819490
1.128523 -7.019259 -8.944973 -11.748445 -0.156813 0.974122 -0.162777 -0.672800 0.015292 0.739666 -0.723014 -0.225505 -0.652991
1.027916 -7.018812 -12.191415 7.003986 -0.148224 0.974293 -0.169656 -0.568736 0.056366 0.820587 -0.809055 -0.218120 -0.545760
0.613133 -7.176061 -8.016181 1.810251 -0.150530 0.970112 -0.190327 -0.584710 0.067872 0.808398 -0.797154 -0.232974 -0.557018
0.671899 -7.142357 -4.227498 -15.992426 -0.155079 0.971409 -0.179763 -0.689740 0.023804 0.723666 -0.707255 -0.236215 -0.666328
-0.736155 -7.142587 3.572516 49.866205 -0.050934 0.986758 -0.153994 -0.942675 0.003418 0.333694 -0.329801 -0.162163 -0.930018
-0.600768 -6.934216 -5.503887 20.816015 -0.065766 0.985225 -0.158136 -0.910067 0.005769 0.414422 -0.409211 -0.171169 -0.896241
-0.502339 -6.851660 -12.527366 0.861718 -0.083100 0.985252 -0.149579 -0.892036 -0.006629 0.451915 -0.444259 -0.170984 -0.879431
0.906608 -11.468036 5.977873 32.905769 -0.044295 0.998583 0.029503 0.962730 0.034781 0.268217 -0.266811 -0.040284 0.962907
0.871688 -11.149320 9.766919 26.657279 -0.017172 0.999231 0.035264 0.995624 0.013848 0.092422 -0.091862 -0.036696 0.995095
1.057154 -10.684680 -4.471343 35.670164 0.004401 -0.998299 -0.058137 0.999933 0.003769 0.010978 -0.010740 -0.058182 0.998248
-1.720662 -12.593042 27.898787 -75.432438 0.189556 0.981843 -0.007240 -0.904663 0.177512 0.387395 -0.381646 0.066883 -0.921885
-0.313630 -16.403258 19.396049 -92.591725 0.142531 0.989790 -0.000155 -0.044257 0.006216 -0.999001 0.988800 -0.142396 -0.044691
-0.852940 -15.852521 2.552795 -147.567290 0.155651 0.987142 0.036387 0.140150 0.014395 -0.990026 0.977819 -0.159198 0.136107
-0.900626 -18.573857 15.941873 -110.611010 0.156930 0.987596 0.005179 -0.144468 0.028143 -0.989109 0.976986 -0.154473 -0.147093
-1.248401 -13.413741 -0.071754 -211.199945 0.182514 0.980940 0.066674 0.360671 -0.003713 -0.932686 0.914661 -0.194275 0.354474
-1.273348 -16.734066 12.363186 -91.223846 0.169558 0.984016 0.054428 0.073307 0.042481 -0.996404 0.982790 -0.172938 0.064933
-0.437208 -20.607422 14.973279 -452.460630 0.076788 0.991321 0.106704 0.609053 0.038095 -0.792214 0.789403 -0.125821 0.600842
-1.234597 -27.584606 71.329826 -707.926773 0.076303 0.993279 0.087037 0.369122 0.052949 -0.927872 0.926244 -0.102927 0.362600
-0.800558 -20.355453 -1.044155 -102.227625 -0.174408 0.933322 0.313835 0.118049 -0.296603 0.947677 -0.977572 -0.202331 0.058448
-0.869293 -23.455802 20.123686 -22.326466 -0.162383 0.937273 0.308465 0.406597 -0.221281 0.886405 -0.899061 -0.269358 0.345160
-0.521276 -22.226247 -1.143880 -30.923954 -0.161369 0.927149 0.338163 0.434755 -0.240830 0.867750 -0.885973 -0.287046 0.364220
-0.548692 -25.993450 23.434648 -133.804458 -0.145937 0.934662 0.324207 0.668886 -0.148234 0.728436 -0.728899 -0.323163 0.603549
-0.651587 -20.693034 -6.253999 -182.865343 -0.158588 0.929386 0.333304 0.150778 -0.310820 0.938433 -0.975764 -0.199079 0.090839
-0.386170 -24.902077 4.574150 -69.086668 -0.134776 0.931820 0.336967 0.697201 -0.152466 0.700475 -0.704092 -0.329341 0.629117
-0.683116 -24.241750 -13.912860 -113.793550 -0.148299 0.928282 0.341028 0.470413 -0.237115 0.849993 -0.869896 -0.286477 0.401511
-0.856230 -3.713953 -16.288582 64.580522 0.192095 0.975076 0.111021 -0.262265 0.160020 -0.951636 0.945683 -0.153688 -0.286468
-0.983706 -3.465856 -3.247704 -30.553152 0.123077 0.991917 -0.030864 -0.310235 0.008915 -0.950618 0.942659 -0.126575 -0.308825
-1.309764 -3.435349 23.976016 70.361787 0.154521 0.976182 0.152289 -0.304445 0.193686 -0.932630 0.939913 -0.097748 -0.327122
-1.048935 -3.076345 27.352592 29.071218 0.111734 0.992048 0.057936 -0.322750 0.091368 -0.942064 0.939866 -0.086562 -0.330393
-1.309999 -4.219415 8.676540 139.770928 0.143021 0.985215 0.094321 -0.319775 0.136188 -0.937655 0.936637 -0.103943 -0.334525
-1.171926 -4.519295 -24.121957 106.536552 0.203822 0.969821 0.133802 -0.230704 0.180402 -0.956154 0.951437 -0.164017 -0.260512
4.648284 -103.665915 -115.720892 -3709.420100 -0.259706 0.933828 0.246003 0.495731 0.347537 -0.795907 0.828736 0.084750 0.553185
7.095742 -52.110409 -214.200853 161.375284 -0.216129 0.915877 0.338316 0.740788 0.379542 -0.554239 0.636020 -0.130833 0.760501
59.119519 -389.541661 -1801.399599 -6594.513527 -0.110073 0.986068 0.124715 0.837614 0.159577 -0.522434 0.535057 -0.046957 0.843510
10.397577 -443.237084 -26.317586 -24010.082520 -0.324156 0.941220 0.095012 0.652746 0.295233 -0.697682 0.684723 0.164139 0.710079
4.174359 -82.929507 -124.194834 -2296.307434 -0.346191 0.913366 0.214274 0.150164 0.279400 -0.948360 0.926068 0.296138 0.233880
89.141246 -424.874774 1241.595842 8449.559077 -0.243247 0.962901 0.116842 0.046697 -0.108695 0.992978 -0.968840 -0.246995 0.018525
91.235917 -2902.057953 3593.361713 215079.363367 -0.283305 0.958397 -0.034846 0.736619 0.240725 0.632016 -0.614110 -0.153385 0.774172
6.735672 -1387.578075 1636.113605 -326379.715845 -0.223726 0.969374 -0.101295 -0.595299 -0.053617 0.801713 -0.771729 -0.239665 -0.589063
-1.169711 -7.937456 -17.177528 3.187364 0.110456 0.987394 0.113372 0.947844 -0.070337 -0.310877 0.298984 -0.141797 0.943664
-1.201406 -8.130426 -18.552969 28.731541 0.084381 0.989450 0.117762 0.980160 -0.061150 -0.188540 0.179350 -0.131334 0.974979
-0.790291 -8.329359 -17.923198 21.121389 0.099070 0.985992 0.134179 0.976082 -0.070067 -0.205804 0.193520 -0.151359 0.969351
2.173141 -22.675666 1.499472 16.574433 -0.079272 0.996333 -0.032196 0.856370 0.051534 -0.513785 0.510242 0.068300 0.857315
2.551099 -34.295987 -47.544002 -815.876808 -0.067754 0.992590 -0.100870 0.685793 -0.027097 -0.727292 0.724636 0.118453 0.678875
4.004720 -42.595959 -7.836405 -1156.560432 -0.160139 0.982397 -0.096183 0.517739 0.000633 -0.855538 0.840418 0.186803 0.508727
-1.743495 -69.333028 -7.118321 2410.957447 0.845335 -0.164259 -0.508358 0.380082 0.853609 0.356214 -0.375428 0.494338 -0.784018
-0.513153 -86.312678 107.535587 3164.206413 0.908702 -0.087167 -0.408243 0.300768 0.814882 0.495485 -0.289481 0.573035 -0.766702
-1.318374 -103.678310 43.843263 4323.808870 0.887999 -0.209985 -0.409102 0.435438 0.669964 0.601284 -0.147823 0.712078 -0.686363
-5.145102 -7.261362 -33.510437 -64.379834 0.704966 -0.702595 0.096864 0.705332 0.680194 -0.199606 0.074356 0.209037 0.975077
-3.540133 -7.632180 -13.636887 98.467123 -0.175977 0.982370 -0.063104 0.466479 0.139670 0.873435 -0.866850 -0.124267 0.482834
-4.657364 -9.273349 -24.419830 13.221330 -0.046870 0.998221 0.036862 0.221309 -0.025608 0.974867 -0.974077 -0.053850 0.219715
-4.004593 -9.075900 -30.026815 31.846004 -0.142440 0.989794 0.004315 0.283683 0.036647 0.958218 -0.948280 -0.137712 0.286008
-1.184353 -5.604674 -36.135942 31.834179 0.086217 0.991648 -0.095917 0.661695 -0.128970 -0.738597 0.744799 -0.000212 0.667288
0.689919 -8.189263 37.679234 -36.634049 0.021291 0.998024 -0.059125 -0.980640 0.032362 0.193127 -0.194658 -0.053868 -0.979391
0.833704 -7.447372 36.137446 18.045701 0.028041 0.997237 -0.068792 0.998464 -0.031233 -0.045766 -0.047788 -0.067403 -0.996581
0.256313 -7.258782 32.304947 6.991187 0.064482 0.995822 -0.064663 0.997433 -0.062294 0.035306 0.031131 -0.066774 -0.997282
-2.900498 -21.941475 -28.710785 -536.624321 0.417941 0.871978 -0.254911 0.323288 -0.404977 -0.855265 0.849005 -0.275041 0.451157
-3.669498 -21.981017 -16.306028 -214.038756 0.379452 0.903113 -0.201005 0.094710 -0.254028 -0.962549 0.920351 -0.346204 0.181925
-2.961982 -21.258158 37.562383 -515.309075 0.298782 0.943328 -0.144434 0.410507 -0.263672 -0.872904 0.861518 -0.201517 0.466023
-2.217083 -17.209946 16.294895 -444.167688 0.363759 0.913003 -0.184676 0.578688 -0.376857 -0.723256 0.729931 -0.156221 0.665428
-2.595174 -20.902772 24.800148 -483.225546 0.261999 0.960577 -0.092995 0.451095 -0.207081 -0.868119 0.853153 -0.185496 0.487567
-1.709526 -14.452868 36.174093 -398.501563 0.272390 0.957191 -0.097922 0.652263 -0.258510 -0.712549 0.707359 -0.130220 0.694756
-0.045789 -3.890671 -26.454804 -22.758507 -0.021686 0.965393 0.259895 0.324442 -0.239092 0.915190 -0.945657 -0.104167 0.308029
-0.964663 -3.915766 -68.327448 -34.356959 -0.021371 0.942842 0.332554 0.263208 -0.315589 0.911661 -0.964502 -0.107014 0.241419
-0.280358 -2.761092 -8.581161 -32.605811 0.038279 0.902573 0.428832 0.232129 -0.425438 0.874710 -0.971931 -0.066062 0.225799
-1.050768 -4.536841 -86.693420 -31.577536 -0.090286 0.975800 0.199154 0.339365 -0.157858 0.927314 -0.936312 -0.151310 0.316900
-0.162396 -4.461646 -65.448382 -26.646260 -0.071037 0.975745 0.207063 0.387341 -0.164312 0.907176 -0.919196 -0.144647 0.366274
-2.584955 -13.279346 6.185251 -47.583792 0.338450 0.940289 -0.036177 0.555771 -0.168726 0.814033 -0.759322 0.295616 0.579691
-2.684949 -12.738249 -8.227549 -49.140228 0.303067 0.952936 -0.008011 0.432407 -0.130020 0.892255 -0.849220 0.273877 0.451461
0.117261 -31.398904 18.510958 -586.788805 -0.676719 0.713177 -0.182838 -0.683893 -0.700880 -0.202628 0.272658 0.012081 -0.962035
-0.988755 -29.664570 -27.413256 -443.809848 -0.571611 0.800510 -0.180122 -0.789581 -0.596354 -0.144649 0.223210 -0.059538 -0.972950
3.316084 -25.620861 134.597288 -490.369348 -0.595906 0.791828 -0.133810 -0.642079 -0.569869 -0.512820 0.482319 0.219676 -0.848004
-1.835718 -30.445458 -65.951258 70.051793 -0.649284 0.728270 -0.219210 0.760225 0.613084 -0.214912 -0.022120 -0.306188 -0.951714
2.659170 -24.810652 114.007628 -541.929096 -0.716162 0.682734 -0.144863 -0.515258 -0.657204 -0.550084 0.470766 0.319308 -0.822449
0.405868 -29.571772 29.890077 529.879951 -0.733703 0.652712 -0.188806 0.614494 0.755989 0.225561 0.289961 0.049474 -0.955759
-0.722526 -30.758731 -0.320343 217.401195 0.730950 -0.657584 0.182470 0.681489 0.717410 -0.144555 0.035849 -0.230014 -0.972527
-9.144166 -84.562457 64.156974 2323.588867 0.936286 0.093688 -0.338514 0.323992 -0.602551 0.729356 0.135640 0.792562 0.594514
2.228061 -64.631415 -279.446109 2574.102445 0.983172 0.004071 -0.182634 0.147532 -0.607274 0.780674 0.107731 0.794482 0.597656
-7.470221 -30.621065 -136.647004 1117.839978 0.960216 0.081199 -0.267194 0.232037 -0.764367 0.601583 0.155386 0.639649 0.752798
1.812706 -21.386677 34.467791 18.362968 0.110517 0.993747 0.015912 0.992512 -0.111189 0.050572 -0.052025 -0.010204 0.998594
1.063205 -21.716811 32.803362 26.447188 0.143881 0.989008 0.034067 0.910488 -0.145788 0.386986 -0.387698 0.024663 0.921456
0.964244 -19.543517 70.670816 -38.802367 0.099769 0.994728 -0.023714 0.975798 -0.093154 0.197841 -0.194588 0.042879 0.979947
0.563959 -38.417077 68.253285 1061.227612 0.209005 0.976106 0.059441 0.812797 -0.207192 0.544456 -0.543763 0.065480 0.836681
2.212898 -20.796819 56.025577 -12.035455 -0.004448 0.999745 -0.022154 0.982743 0.000274 -0.184974 0.184921 0.022594 0.982494
0.598534 -16.715595 74.284267 -143.989121 0.143011 0.988483 -0.049489 0.926523 -0.116130 0.357868 -0.347999 0.097032 0.932460
1.253821 -16.775782 -57.945231 8.789802 -0.000246 -0.998419 0.056204 0.999142 -0.002573 -0.041335 0.041414 0.056146 0.997563
-0.753558 -120.260200 42.074110 2391.779627 0.919620 -0.380263 -0.098478 0.391368 0.908438 0.146876 -0.033610 0.173611 -0.984241
2.221920 -87.820457 11.458745 3102.548992 0.927347 -0.374202 0.000562 0.297855 0.739050 0.604225 0.226518 0.560159 -0.796814
-1.574084 -127.601227 -7.402304 5709.158690 0.957848 -0.287214 -0.005895 0.221715 0.726054 0.650914 0.182671 0.624783 -0.759129
1.047980 -81.871745 34.740063 414.509356 0.888216 -0.457459 -0.042461 0.444180 0.831456 0.333743 0.117369 0.315296 -0.941707
-4.349914 -102.868957 -91.743618 1536.288106 0.941366 -0.318086 -0.112475 0.336263 0.911741 0.235915 -0.027507 0.259904 -0.965243
-33.932015 -1832.352762 -74.924982 -126557.038098 -0.850799 0.518434 0.085828 0.466868 0.820702 -0.329365 -0.241193 -0.240154 -0.940294
0.407831 -80.836317 -70.535203 -2936.995774 0.921082 -0.381537 -0.077700 0.311053 0.841055 -0.442576 -0.234209 -0.383480 -0.893359
-1.075691 -123.197318 -75.420408 -5776.533214 0.899954 -0.434927 -0.030345 0.426009 0.892033 -0.150978 -0.092733 -0.122945 -0.988071
-8.523197 -11.127275 98.816793 94.256433 -0.245542 0.968558 0.040064 -0.218913 -0.015141 -0.975627 0.944344 0.248328 -0.215748
0.024625 -4.179867 -6.984575 -3.784281 0.023879 0.989735 -0.140906 -0.945532 -0.023412 -0.324687 0.324653 -0.140984 -0.935267
1.556151 -6.903349 92.303209 -12.084389 0.101067 0.987917 0.117498 -0.386844 -0.069785 0.919501 -0.916590 0.138384 -0.375117
0.821696 -7.158340 107.439809 4.285193 0.118221 0.984928 0.126256 -0.467138 -0.057036 0.882343 -0.876245 0.163290 -0.453355
0.236046 -7.118386 74.108369 6.414106 0.088406 0.984090 0.154117 -0.321639 -0.118232 0.939452 -0.942726 0.132623 -0.306069
2.549844 -6.732350 96.389405 2.342768 0.105316 0.992036 0.069095 -0.471495 -0.011362 0.881795 -0.875557 0.125445 -0.466544
1.302364 -6.758182 64.160709 -4.561848 0.076115 0.989266 0.124739 -0.248452 -0.102339 0.963223 -0.965649 0.104308 -0.237996
2.852296 -6.552293 59.795434 -5.169184 0.067088 0.997074 0.036642 -0.379708 -0.008447 0.925068 -0.922671 0.075975 -0.378030
0.378552 -11.358123 -19.286400 -11.692353 -0.081367 0.994012 0.072934 0.782323 0.018356 0.622603 -0.617536 -0.107717 0.779132
-0.018338 -10.858741 -8.521129 5.888295 -0.048506 0.995640 0.079672 0.787076 -0.011008 0.616757 -0.614945 -0.092624 0.783111
-1.314603 -12.268513 44.235995 -34.763865 0.202062 0.979180 0.019435 -0.960420 0.194228 0.199671 -0.191739 0.059012 -0.979670
-1.147648 -13.358266 38.137453 -110.717218 0.235070 0.971737 0.021664 -0.890359 0.206336 0.405816 -0.389876 0.114684 -0.913698
-0.613118 -12.245501 40.997295 -27.438854 0.224087 0.974052 0.031743 -0.956314 0.213498 0.199705 -0.187746 0.075108 -0.979342
-0.687750 -12.935959 37.238853 -86.248433 0.213106 0.976870 0.017635 0.977021 -0.212997 -0.007870 -0.003932 0.018907 -0.999814
-1.393992 -12.045587 26.737177 33.529879 0.185041 0.982700 -0.007739 -0.982091 0.185199 0.034636 -0.035470 -0.001191 -0.999370
0.181456 -14.868299 27.792873 -102.333787 0.128741 0.991248 -0.029212 0.023274 -0.032469 -0.999202 0.991405 -0.127958 0.027250
4.879420 -8.275686 175.906203 10.628829 -0.112059 0.992881 0.040376 0.928725 0.090194 0.359633 -0.353431 -0.077798 0.932220
1.057616 -2.442195 -2.847958 -24.808629 0.150706 0.988059 -0.032038 -0.870983 0.117380 -0.477085 0.467628 -0.099804 -0.878273
0.818583 -2.939418 24.456237 -48.534121 0.161243 0.986845 0.011719 -0.884158 0.149720 -0.442548 0.438481 -0.060997 -0.896668
1.153197 -3.257855 -11.811649 -42.677548 0.178704 0.983318 -0.033916 -0.893829 0.147840 -0.423335 0.411259 -0.105967 -0.905338
1.034215 -2.692026 -30.083834 20.219506 0.093473 0.991081 -0.094985 -0.868810 0.034603 -0.493935 0.486243 -0.128694 -0.864295
0.992174 -2.536555 4.297798 21.094811 0.090556 0.994794 -0.046745 -0.863966 0.055127 -0.500524 0.495341 -0.085712 -0.864460
0.900212 -2.775153 -26.471331 -15.945017 0.130721 0.987767 -0.085021 -0.879919 0.076080 -0.468994 0.456788 -0.136119 -0.879100
-1.274256 -21.880470 31.632895 -55.421065 -0.157825 0.942993 0.293012 0.055794 -0.287741 0.956082 -0.985890 -0.167241 0.007201
-1.223241 -22.926752 21.679806 -53.487227 -0.171266 0.929179 0.327557 0.353619 -0.252341 0.900709 -0.919577 -0.270092 0.285358
-0.998656 -25.153730 22.004363 -257.238405 -0.168079 0.925950 0.338181 0.571283 -0.188083 0.798912 -0.803358 -0.327478 0.497367
-0.853565 -25.677318 30.741925 -133.466647 -0.138108 0.934644 0.327667 0.664161 -0.158027 0.730696 -0.734722 -0.318539 0.598930
-0.309823 -3.945692 -44.718572 -12.350658 0.158490 0.985370 -0.062660 -0.314451 -0.009784 -0.949223 0.935949 -0.170146 -0.308300
69.572295 -317.708588 -2853.979310 21277.856892 -0.295407 0.891617 0.343152 0.912601 0.369618 -0.174760 0.282654 -0.261536 0.922879
-0.499427 -50.108501 -0.639033 81.403964 -0.336457 0.937873 -0.084805 -0.717548 -0.197008 0.668067 -0.609855 -0.285627 -0.739253
0.288168 -9.166585 24.633549 -8.267979 0.000768 0.997968 0.063713 0.661655 -0.048280 0.748253 -0.749808 -0.041581 0.660347
0.513823 -8.867440 15.302073 -5.508791 -0.039455 0.998419 0.040028 0.516277 -0.013929 0.856308 -0.855512 -0.054451 0.514911
0.194951 -9.211841 18.241184 -17.452335 -0.023085 0.998550 0.048624 0.528208 -0.029112 0.848616 -0.848801 -0.045274 0.526771
0.049586 -9.197812 20.426382 3.485500 0.018224 0.996268 0.084363 0.756274 -0.068927 0.650614 -0.654001 -0.051944 0.754708
0.197285 -9.063671 19.640884 -2.130669 0.021035 0.996282 0.083546 0.813072 -0.065674 0.578446 -0.581782 -0.055762 0.811431
7.030060 -243.871173 -83.233962 11703.695441 -0.074067 0.996840 -0.028723 0.987228 0.069219 -0.143493 0.141051 0.038984 0.989234
1.347651 -30.160540 8.030467 620.927362 -0.041120 0.998621 -0.032644 0.966192 0.031419 -0.255904 0.254525 0.042063 0.966151
-3.729650 -226.610208 45.400604 8412.737724 -0.825578 0.112319 0.552997 0.212428 0.969759 0.120170 -0.522776 0.216682 -0.824472
9.792940 -260.633343 190.593519 10535.896960 0.893906 0.026612 -0.447463 0.172944 0.900473 0.399048 -0.413548 0.434097 -0.800336
1.035337 -24.084278 -2.438656 509.663220 0.748527 -0.421698 -0.511740 0.616663 0.726412 0.303402 -0.243790 0.542676 -0.803784
-0.879691 -7.278761 24.365095 -47.978249 -0.115309 0.992334 0.044460 -0.802321 -0.066654 -0.593160 0.585650 0.104068 -0.803856
-0.532592 -6.988845 24.790431 -60.534720 -0.137549 0.989972 0.032187 -0.793087 -0.090610 -0.602332 0.593375 0.108377 -0.797597
-1.104754 -6.858925 19.321577 -50.308036 -0.063722 0.994741 0.080183 -0.742659 0.006404 -0.669639 0.666631 0.102220 -0.738345
-7.620190 -10.333450 12.109057 16.221487 -0.256902 0.946007 -0.197666 0.758597 0.070669 -0.647716 0.598775 0.316349 0.735794
-3.402294 -6.556240 -8.637740 56.591903 -0.280356 0.946239 -0.161346 0.574715 0.300099 0.761343 -0.768832 -0.120719 0.627952
0.540106 -9.398566 25.862450 -62.595838 0.014393 0.998781 -0.047223 -0.940519 0.029555 0.338453 -0.339436 -0.039543 -0.939797
-2.704235 -24.189223 -46.440283 -179.091959 0.461594 0.849090 -0.256859 -0.021983 -0.278514 -0.960180 0.886819 -0.448860 0.109895
-3.681032 -23.858998 -74.486994 -48.541525 0.462451 0.852848 -0.242463 -0.167566 -0.184467 -0.968449 0.870667 -0.488489 -0.057601
-0.945786 -3.027136 -37.333155 -20.905265 0.063821 0.810999 0.581556 0.176504 -0.582730 0.793267 -0.982229 -0.052020 0.180335
-1.890778 -4.197153 -75.047573 -47.965377 0.007537 0.933707 0.357959 0.209052 -0.351531 0.912537 -0.977876 -0.067954 0.197842
-2.063144 -4.755870 -79.084275 -48.909039 -0.049755 0.979338 0.196012 0.284467 -0.174231 0.942721 -0.957394 -0.102664 0.269920
-2.286691 -13.213796 -12.681062 12.379205 0.270956 0.962584 -0.003799 0.913916 -0.256013 0.314984 -0.302226 0.088819 0.949089
-2.019607 -14.144735 -31.113928 -17.966776 0.208641 0.975905 0.063862 0.778908 -0.205302 0.592582 -0.591415 0.073895 0.802974
-1.983568 -13.979238 -19.386603 29.480047 0.235497 0.970586 0.050040 0.903748 -0.237637 0.356045 -0.357464 0.038624 0.933128
1.132269 -33.318380 67.574308 -810.707458 -0.436294 0.886565 -0.153783 -0.787392 -0.458889 -0.411623 0.435500 0.058502 -0.898286
-2.753601 -29.101043 16.665196 178.151451 -0.408320 0.896997 -0.169327 0.912477 0.406294 -0.048064 0.025684 -0.174132 -0.984387
-3.514536 -28.348732 -70.959515 -15.842896 -0.556800 0.806495 -0.198846 0.823800 0.505484 -0.256590 -0.106425 -0.306679 -0.945844
0.630932 -41.610414 44.702590 448.599323 0.765792 -0.643085 0.002285 -0.566945 -0.673439 0.474398 0.303539 0.364585 0.880308
0.883873 -47.385899 -10.634398 911.157302 0.786118 -0.617601 0.024242 -0.565994 -0.703564 0.429707 0.248332 0.351521 0.902643
1.186887 -45.721515 -10.087173 554.318238 0.774676 -0.629536 0.059676 -0.433736 -0.460309 0.774590 0.460163 0.625940 0.629642
0.782707 -39.711368 38.053187 56.078164 0.750608 -0.659962 0.032232 -0.409222 -0.426022 0.806872 0.518773 0.618835 0.589846
-1.029064 -16.310600 -15.736269 -161.386172 0.359276 0.932726 0.030700 0.561706 -0.189858 -0.805258 0.745257 -0.306554 0.592130
-0.890038 -19.470790 -7.830124 -239.524553 0.374659 0.926920 0.021191 0.498243 -0.182008 -0.847719 0.781911 -0.328164 0.530022
-1.001463 -19.112223 -15.510297 -274.916069 0.368768 0.929320 0.019375 0.396184 -0.138288 -0.907697 0.840862 -0.342405 0.419178
2.221121 -78.072339 21.327053 2862.806162 0.879352 -0.476153 0.004148 0.314657 0.587597 0.745467 0.357394 0.654223 -0.666530
-5.251873 -10.690022 -254.736863 -76.168501 0.148349 0.987283 0.057135 -0.039448 0.063636 -0.997193 0.988148 -0.145679 -0.048387
-8.198294 -11.312851 46.874487 11.663135 -0.144456 0.981603 0.124855 -0.082316 0.113820 -0.990085 0.986081 0.153301 -0.064359
0.158905 -4.428400 9.443028 5.028802 -0.028218 0.987544 -0.154789 -0.948108 -0.075501 -0.308854 0.316694 -0.138042 -0.938429
0.329706 -4.390718 -3.574053 -17.109309 0.036669 0.990786 -0.130375 -0.969989 0.003908 -0.243117 0.240368 -0.135377 -0.961195
0.400609 -4.322429 -13.017419 -27.779711 0.090343 0.989671 -0.111309 -0.956992 0.055330 -0.284788 0.275688 -0.132250 -0.952106
