19513
39012
-3.686213 -5.124874 -28.114816 28.774794 -0.144488 -0.957905 -0.248074 0.985249 -0.162503 0.053636 -0.091691 -0.236665 0.967255
-3.420901 -4.509525 -24.683875 48.507202 -0.001348 -0.953743 -0.300620 0.999396 0.009154 -0.033522 0.034723 -0.300483 0.953155
-2.411266 -4.118855 -1.627316 25.975173 -0.503817 -0.836821 -0.214239 0.862775 -0.475351 -0.172221 0.042279 -0.271608 0.961479
-2.865096 -3.559983 -26.181811 32.975077 -0.460110 -0.854038 -0.242732 0.878056 -0.397172 -0.266970 0.131596 -0.335968 0.932635
-2.554778 -4.444379 6.970744 19.498374 -0.456858 -0.865042 -0.207324 0.889031 -0.451904 -0.073533 -0.030082 -0.217912 0.975505
-2.273317 -3.721707 2.269902 15.734683 0.753025 0.652766 0.082768 0.646291 -0.710142 -0.279296 0.123538 -0.263809 0.956631
-2.419632 -3.947006 6.576196 18.763164 -0.668977 -0.735158 -0.109603 0.740838 -0.647534 -0.178492 0.060249 -0.200605 0.977818
3.761510 -4.882125 -99.185961 6.591850 0.467067 0.775811 -0.424223 0.223536 -0.567786 -0.792244 0.855500 -0.275202 0.438616
4.080914 -3.777333 -200.816643 -1.477856 0.584376 0.712635 -0.388145 0.196987 -0.588585 -0.784068 0.787211 -0.381731 0.484335
4.904386 -3.948746 -247.448973 6.783417 0.560334 0.791678 -0.243457 0.328374 -0.482185 -0.812199 0.760392 -0.375158 0.530152
4.624663 -4.579439 -226.468552 29.724558 0.363031 0.924846 0.113439 0.560971 -0.119726 -0.819132 0.743989 -0.361007 0.562276
2.162017 -5.584877 -33.502565 99.890219 0.229047 0.973358 0.010551 0.491568 -0.106305 -0.864327 0.840178 -0.203158 0.502820
-0.796268 -3.208849 -27.743337 1.757636 -0.011167 0.871249 0.490714 0.352436 0.462682 -0.813458 0.935769 -0.163862 0.312226
-0.688872 -3.247219 -33.838660 0.753850 0.003653 0.866939 0.498400 0.264789 0.479775 -0.836483 0.964300 -0.135026 0.227803
-1.141858 -3.225180 4.326546 1.674462 -0.073370 0.857072 0.509946 0.307592 0.505844 -0.805921 0.948685 -0.097725 0.300742
0.447485 -3.256928 -60.581838 3.258994 0.045019 0.859461 0.509215 0.312958 0.471940 -0.824215 0.948699 -0.196469 0.247729
-1.123403 -3.194173 4.778246 -3.339653 -0.075701 0.858141 0.507803 0.420394 0.489258 -0.764131 0.904178 -0.155632 0.397795
-0.917868 -3.180973 -16.530423 -3.359730 -0.015115 0.869938 0.492930 0.467039 0.442045 -0.765814 0.884108 -0.218642 0.412976
-0.093258 -3.201231 -52.849683 0.087078 0.029730 0.858452 0.512032 0.398282 0.459663 -0.793777 0.916781 -0.227532 0.328240
-0.662829 -3.638744 -49.989680 -10.025475 0.032649 0.903136 0.428111 0.012118 0.427950 -0.903721 0.999393 -0.034693 -0.003027
-1.350458 -3.740126 -30.098233 -8.344312 -0.004367 0.916295 0.400480 -0.085128 0.398690 -0.913126 0.996360 0.038079 -0.076262
-1.517202 -3.619178 -18.589138 -10.713361 -0.025333 0.906827 0.420740 -0.003581 0.420790 -0.907151 0.999673 0.024487 0.007413
-0.427900 -3.702929 7.245121 41.298964 0.049166 0.892873 0.447616 0.508900 0.363229 -0.780440 0.859421 -0.266163 0.436524
-0.356527 -3.670772 6.303368 6.694561 0.060143 0.897814 0.436250 0.468538 0.360512 -0.806538 0.881394 -0.252907 0.398977
-0.421122 -3.604961 -0.336915 5.916380 0.062981 0.896086 0.439389 0.477716 0.359482 -0.801599 0.876254 -0.260389 0.405434
-0.420652 -3.711345 -0.976154 40.057887 0.055146 0.893984 0.444693 0.516871 0.355495 -0.778761 0.854285 -0.272794 0.442470
-0.311108 -3.496959 -4.264814 5.220817 0.068027 0.897661 0.435404 0.485739 0.351399 -0.800360 0.871453 -0.265938 0.412124
-0.397105 -3.317696 -7.531649 -27.239144 0.084300 0.905527 0.415830 0.447192 0.338547 -0.827892 0.890457 -0.255747 0.376405
-0.838353 -4.674050 0.191397 -23.903935 -0.015012 0.944099 0.329321 0.679001 0.251396 -0.689752 0.733984 -0.213254 0.644818
-0.836294 -4.967637 6.066042 -3.248914 -0.059569 0.936232 0.346295 0.525198 0.324409 -0.786718 0.848893 -0.135009 0.511032
-0.883894 -4.955309 -9.080503 -15.398878 -0.052281 0.929854 0.364196 0.637582 0.311771 -0.704477 0.768606 -0.195374 0.609158
-0.764597 -4.570335 -5.175163 -20.065362 -0.015160 0.943874 0.329957 0.750266 0.228878 -0.620254 0.660962 -0.238153 0.711627
-0.601077 -4.487415 -0.260313 -8.169979 0.012308 0.950667 0.309968 0.755843 0.194102 -0.625321 0.654638 -0.241984 0.716166
-0.518605 -4.601589 -6.728717 -11.410970 0.010840 0.939843 0.341435 0.676365 0.244600 -0.694767 0.736487 -0.238466 0.633025
0.203081 -2.741577 0.270004 -14.006115 0.149677 0.769258 0.621159 0.054898 0.620801 -0.782043 0.987210 -0.151155 -0.050689
0.114131 -3.253899 3.574374 -23.466483 0.144017 0.809363 0.569377 -0.008953 0.576418 -0.817106 0.989535 -0.112580 -0.090260
0.173049 -3.045931 -0.152759 6.739781 0.153306 0.781902 0.604258 0.081479 0.599402 -0.796290 0.984814 -0.171310 -0.028183
0.270417 -3.368919 -3.987889 -36.350164 0.145481 0.815157 0.560673 -0.015570 0.568519 -0.822523 0.989238 -0.110932 -0.095401
0.292788 -3.032611 -3.063442 4.080550 0.156741 0.770079 0.618394 0.108919 0.608836 -0.785783 0.981615 -0.190519 -0.011553
0.419289 -3.219136 -11.748504 -28.501385 0.156911 0.799555 0.579733 0.044686 0.580655 -0.812922 0.986601 -0.153462 -0.055382
-2.570292 -10.827144 32.587138 6.643437 0.062133 -0.692655 -0.718588 0.997940 0.054658 0.033601 0.016002 -0.719195 0.694624
-2.025771 -11.194280 2.240696 187.140284 0.059918 -0.760552 -0.646506 0.974232 0.185643 -0.128099 0.217446 -0.622171 0.752077
-2.074831 -10.045506 8.233396 -20.834429 0.092382 -0.742665 -0.663260 0.993154 0.020897 0.114932 -0.071496 -0.669337 0.739511
-1.574096 -9.608724 -58.335909 -24.298814 0.062633 -0.856882 -0.511694 0.995302 0.015702 0.095533 -0.073826 -0.515274 0.853840
-2.031310 -10.803472 -15.481623 -161.357172 0.115087 -0.779079 -0.616272 0.933317 -0.127607 0.335612 -0.340109 -0.613802 0.712442
-0.149316 -10.467250 15.258172 26.386015 -0.077677 -0.811471 -0.579207 0.970135 0.072383 -0.231513 0.229791 -0.579892 0.781614
-0.043959 -9.972293 14.033406 -51.044359 -0.049194 -0.812043 -0.581520 0.992518 -0.104887 0.062502 -0.111748 -0.574094 0.811128
0.013604 -9.761293 -4.538201 -39.911440 -0.072186 -0.821868 -0.565085 0.992786 -0.113592 0.038389 -0.095740 -0.558238 0.824139
0.453135 -10.194292 0.150631 54.384300 -0.081135 0.869847 0.486604 0.178395 -0.467656 0.865721 -0.980608 -0.157048 0.117233
0.462221 -9.773466 -7.887723 55.208565 -0.089719 0.869787 0.485202 0.244390 -0.453047 0.857334 -0.965517 -0.195498 0.171921
0.500946 -8.994497 1.214372 68.553021 -0.065502 0.875089 0.479510 0.421947 -0.411175 0.808020 -0.904251 -0.255255 0.342308
-1.133436 -3.723306 20.537088 42.281994 0.039863 0.756346 0.652956 -0.081981 -0.648796 0.756533 -0.995836 0.083688 -0.036143
-1.200428 -3.681931 20.663480 -14.204635 0.003589 0.692780 0.721140 0.041003 0.720436 -0.692308 -0.999153 0.032054 -0.025820
0.430107 -3.023841 42.965943 14.285989 0.021902 0.662086 0.749108 0.052370 0.747499 -0.662195 -0.998388 0.053734 -0.018302
196.017864 1.027242 6819.251094 -277.373794 0.848677 -0.208372 0.486136 0.384466 0.874241 -0.296461 0.363226 -0.438502 -0.822060
365.488512 -30.794161 10896.651636 228.944375 0.721419 -0.398649 0.566245 0.617820 0.739875 -0.266240 0.312814 -0.541908 -0.780053
78.686113 2.342833 2189.668841 -20.951992 -0.876443 0.397815 0.271276 0.216354 0.828678 -0.516221 -0.430161 -0.393746 -0.812358
-1.322292 -7.103433 1.315590 -3.785855 0.008943 0.805970 0.591888 -0.602571 0.476717 -0.640038 0.798015 0.350931 -0.489918
-1.333834 -6.960377 -3.422232 -5.308779 0.030653 0.823480 0.566516 -0.578985 0.476639 -0.661507 0.814762 0.307727 -0.491393
-1.342213 -6.992972 -8.093100 3.602249 0.047102 0.827095 0.560084 -0.739403 0.405866 -0.537174 0.671614 0.388826 -0.630674
-1.277679 -6.832046 -3.941173 -17.112314 0.010689 0.819202 0.573405 -0.408337 0.527022 -0.745325 0.912769 0.226176 -0.340144
-1.308727 -6.993737 13.147201 -12.558538 -0.036457 0.797432 0.602306 -0.467172 0.519194 -0.715673 0.883415 0.307471 -0.353610
-1.300959 -7.319573 16.224394 -0.365211 -0.040516 0.784046 0.619379 -0.620869 0.465933 -0.630419 0.782866 0.410095 -0.467913
0.825109 -7.832815 -5.910289 -1.906092 -0.046906 0.820174 0.570188 0.287114 0.557798 -0.778734 0.956747 -0.127181 0.261648
0.537619 -7.947732 1.544268 10.937888 -0.072255 0.831954 0.550120 0.065064 0.554319 -0.829758 0.995262 0.024161 0.094182
0.516061 -7.682035 -13.405580 18.603328 -0.020059 0.812474 0.582653 0.081985 0.582144 -0.808942 0.996432 -0.031542 0.078288
0.820671 -8.246305 0.739418 -4.518304 -0.086081 0.850519 0.518852 0.112179 0.525747 -0.843212 0.989953 0.014380 0.140667
0.611913 -7.885859 -18.298797 0.673799 -0.001502 0.790119 0.612951 0.287107 0.587486 -0.756591 0.957897 -0.174846 0.227731
0.645726 -7.929521 -20.122105 -24.444701 0.006431 0.788861 0.614538 0.483669 0.535429 -0.692373 0.875228 -0.301685 0.378104
1.066480 -7.557847 -4.997841 -22.963172 -0.043013 0.820408 0.570159 0.518520 0.506140 -0.689173 0.853983 -0.265995 0.447168
1.174044 -7.468656 1.782120 -20.623851 -0.084990 0.838975 0.537491 0.456699 0.512241 -0.727348 0.885552 -0.183655 0.426695
1.060489 -7.790529 -1.371625 -13.571538 -0.082768 0.843197 0.531195 0.287803 0.530537 -0.797308 0.954106 -0.086888 0.286586
0.290711 -5.751017 17.858152 -61.193879 -0.193549 0.972892 0.126566 0.924176 0.137497 0.356360 -0.329297 -0.185943 0.925737
0.941012 -4.891456 28.600188 20.455166 -0.274441 0.956764 0.096356 0.871317 0.205031 0.445835 -0.406803 -0.206312 0.889914
0.188622 -5.053295 17.653398 -28.968294 -0.220552 0.968667 0.114199 0.890432 0.152172 0.428923 -0.398106 -0.196287 0.896093
-0.587764 -10.533575 -9.432169 34.746916 -0.124323 0.991232 0.044760 -0.739881 -0.062552 -0.669823 0.661150 0.116392 -0.741171
-0.699679 -9.982235 -11.081207 34.259425 -0.116810 0.990929 0.066442 -0.692352 -0.033285 -0.720792 0.712042 0.130197 -0.689960
-0.540536 -11.122905 -8.020906 43.381417 -0.111286 0.990081 0.085760 -0.522671 0.015086 -0.852401 0.845240 0.139684 -0.515808
-0.375257 -11.077701 -7.325296 31.630494 -0.114096 0.992128 0.051606 -0.667939 -0.038154 -0.743237 0.735418 0.119270 -0.667034
-0.511447 -11.753802 0.503409 -26.150608 -0.154446 0.987617 0.027535 -0.823427 -0.113268 -0.556002 0.545998 0.108545 -0.830725
0.508525 -18.855241 -8.933078 -222.252400 -0.262736 0.960397 0.092778 0.577353 0.079444 0.812620 -0.773067 -0.267071 0.575361
0.519585 -15.069685 6.164581 16.093889 -0.295952 0.954092 0.046064 0.391751 0.077254 0.916822 -0.871174 -0.289380 0.396630
0.643976 -17.884969 -15.423565 -123.541878 -0.295269 0.952668 0.072386 0.386517 0.049821 0.920936 -0.873740 -0.299902 0.382933
0.782218 -20.787041 -18.262087 -217.354394 -0.262548 0.960813 0.088917 0.631812 0.101532 0.768443 -0.729302 -0.257932 0.633711
-0.616848 -19.725118 21.200088 -359.016588 -0.226450 0.874793 0.428319 -0.310088 0.352115 -0.883097 0.923345 0.332794 -0.191527
0.790583 -104.893537 100.796263 -2801.415298 -0.343616 0.896126 0.280869 -0.525106 0.064617 -0.848580 0.778584 0.439071 -0.448357
-0.925210 -52.564155 -128.604707 -1183.455594 -0.382300 0.902024 0.200498 -0.600384 -0.077539 -0.795944 0.702414 0.424665 -0.571204
-0.591186 -32.526457 -2.364553 -756.447939 -0.216995 0.889244 0.402689 -0.498995 0.253504 -0.828697 0.838997 0.380763 -0.388719
-1.906932 -49.451751 -21.299660 -1059.494759 -0.297316 0.868883 0.395785 -0.811517 -0.011572 -0.584214 0.503033 0.494883 -0.708554
-4.523441 -207.075920 78.468401 -3831.649956 0.175288 0.678587 0.713298 0.426244 0.600784 -0.676294 0.887463 -0.422585 0.183933
-11.313155 -470.644681 -432.738399 28559.857778 -0.045380 -0.650872 -0.757830 0.989316 -0.134492 0.056269 -0.138546 -0.747180 0.650021
-25.492926 -484.181292 518.400749 50263.583839 0.213910 0.707908 0.673134 0.242805 0.628927 -0.738577 0.946197 -0.321429 0.037350
11.117424 -413.650431 145.321071 76727.792848 0.023665 0.825768 0.563513 -0.669545 0.431675 -0.604455 0.742394 0.362993 -0.563105
-4.914396 -394.795245 -50.955001 -11883.585855 0.026446 0.751436 0.659276 -0.208616 0.649134 -0.731508 0.977640 0.118190 -0.173928
-0.789008 -1.903292 3.636524 -25.497027 -0.405704 -0.826951 -0.389303 0.902354 -0.430174 -0.026601 -0.145470 -0.362082 0.920725
-0.782420 -2.614202 2.556875 -17.644958 -0.299488 -0.871634 -0.388022 0.952184 -0.298815 -0.063683 -0.060439 -0.388540 0.919447
-0.808543 -2.400819 1.326261 -18.239512 -0.329133 -0.871021 -0.364682 0.939879 -0.339441 -0.037526 -0.091102 -0.355108 0.930376
-0.736740 -1.636170 5.846169 -26.651645 -0.479930 -0.795472 -0.369988 0.859535 -0.510804 -0.016720 -0.175692 -0.326042 0.928886
-0.820940 -2.570692 -3.354946 -17.514554 -0.300475 -0.894902 -0.329946 0.950988 -0.307589 -0.031782 -0.073046 -0.323324 0.943465
-0.780452 -1.846817 -1.985204 -25.542062 -0.385168 -0.858413 -0.338783 0.910317 -0.413699 0.013283 -0.151557 -0.303283 0.940771
-1.928752 -3.654159 -0.092892 0.351752 0.121671 0.890030 0.439365 0.927318 -0.259777 0.269438 0.353945 0.374649 -0.856949
-1.998284 -3.780659 -1.866408 -9.874199 0.042065 0.914904 0.401474 -0.894204 0.213721 -0.393349 0.445680 0.342453 -0.827100
-1.757556 -3.603476 -13.273415 3.397105 0.136797 0.911841 0.387082 -0.918956 0.262715 -0.294111 0.369874 0.315478 -0.873880
-1.942616 -3.392025 5.154234 -23.510856 0.252037 0.831847 0.494478 0.941868 -0.328176 0.072008 0.222175 0.447584 -0.866202
-1.951737 -3.801307 7.854929 0.016006 0.093003 0.867168 0.489254 0.931730 -0.249045 0.264301 0.351040 0.431272 -0.831129
-2.381162 -4.523301 -39.920949 -34.275338 -0.671657 -0.738047 -0.064517 0.694163 -0.596502 -0.402893 0.258870 -0.315392 0.912970
-2.355203 -5.010834 -41.221215 -19.478013 -0.645641 -0.761518 -0.056912 0.667824 -0.526915 -0.525711 0.370350 -0.377427 0.848758
-1.516687 -4.616601 -19.376541 -22.157746 -0.598326 -0.797604 -0.076374 0.733405 -0.506782 -0.453088 0.322680 -0.327107 0.888188
-1.607561 -5.108543 26.934442 -9.206171 0.591303 0.803416 0.069881 0.668884 -0.440186 -0.599024 0.450505 -0.400947 0.797676
-0.700826 -2.386881 -17.974803 1.957251 0.959783 -0.280730 0.002654 0.252061 0.865852 0.432164 0.123619 0.414115 -0.901791
-1.166946 -2.477547 -16.447199 2.551288 0.902129 -0.429359 -0.042592 0.412891 0.830421 0.374062 0.125238 0.355038 -0.926425
-0.297208 -2.527151 -21.016554 6.000556 0.964817 -0.262917 0.001390 0.244134 0.897828 0.366473 0.097600 0.353240 -0.930428
-0.624527 -2.639035 -15.482189 9.252277 0.930042 -0.366864 -0.020793 0.354691 0.881522 0.311629 0.095996 0.297203 -0.949976
-0.157282 -2.417676 -20.976481 0.673435 0.976765 -0.213825 0.014480 0.188143 0.887881 0.419845 0.102630 0.407366 -0.907480
0.275743 -2.390535 -28.683208 1.110578 0.988063 -0.151678 0.026919 0.127377 0.902701 0.410983 0.086637 0.402648 -0.911246
0.678354 -2.619711 -35.519626 6.404394 0.986671 -0.160885 0.024415 0.142910 0.928464 0.342830 0.077824 0.334771 -0.939080
0.296718 -2.809317 -28.933858 12.558902 0.964069 -0.265569 -0.006664 0.256838 0.925378 0.278764 0.067864 0.270459 -0.960337
-0.325123 -5.077828 -2.179751 -13.816927 0.088431 0.914675 0.394398 -0.710990 0.335271 -0.618132 0.697620 0.225751 -0.679973
-0.374228 -5.535228 -0.547118 -10.866296 0.057498 0.923907 0.378273 -0.825898 0.256889 -0.501896 0.560880 0.283557 -0.777824
-0.335852 -5.030401 0.986092 -11.485824 0.082458 0.906997 0.412985 -0.737016 0.334436 -0.587333 0.670826 0.255946 -0.696048
-0.123479 -3.685371 16.454371 3.123517 0.002083 0.934937 0.354807 0.523569 0.301271 -0.796939 0.851981 -0.187426 0.488876
-0.085079 -3.914423 14.720991 11.405201 -0.029848 0.913661 0.405380 0.431541 0.377595 -0.819264 0.901599 -0.150485 0.405553
-0.158213 -4.050586 25.051528 -4.844902 -0.007835 0.946032 0.323978 0.599042 0.263858 -0.755995 0.800680 -0.188153 0.568780
-0.179064 -3.517705 -7.142229 12.439870 0.033745 0.919306 0.392095 0.404437 0.346200 -0.846508 0.913943 -0.187143 0.360118
0.072120 -3.845298 -2.919373 -13.710025 0.064275 0.944644 0.321740 0.635938 0.209691 -0.742706 0.769059 -0.252344 0.587257
-0.176030 -3.578268 -38.491724 0.260628 0.100405 0.930107 0.353298 0.537867 0.247991 -0.805729 0.837029 -0.270927 0.475375
0.991343 -2.743606 0.363181 -14.018826 0.076138 -0.875529 -0.477129 0.955551 -0.072621 0.285741 -0.284824 -0.477677 0.831084
1.038472 -2.868199 4.389705 -14.075200 0.078620 -0.887192 -0.454653 0.956851 -0.060820 0.284144 -0.279743 -0.457374 0.844128
1.018409 -3.044444 3.735045 -11.223448 0.055374 -0.877622 -0.476144 0.972065 -0.061550 0.226496 -0.228085 -0.475385 0.849698
-3.254204 -4.674958 -16.869255 -19.567400 -0.339391 0.724912 0.599430 0.940472 0.249246 0.231062 0.018094 0.642167 -0.766351
-3.391988 -4.784272 -17.587314 -8.102275 -0.342309 0.690998 0.636668 0.933185 0.171062 0.316075 0.109497 0.702325 -0.703385
-3.123402 -4.808714 -17.658593 -3.267911 -0.329033 0.744196 0.581299 0.929307 0.145860 0.339282 0.167704 0.651841 -0.739580
-2.904372 -4.768310 -8.983367 -11.273765 -0.307593 0.781821 0.542349 0.944009 0.179274 0.276962 0.119306 0.597173 -0.793190
-0.331488 -2.631950 -8.910340 15.125561 -0.076101 0.986472 0.145195 -0.140292 -0.154762 0.977940 -0.987181 -0.054052 -0.150172
-0.485626 -2.118161 -6.497171 9.453518 -0.072745 0.978717 0.191889 -0.070548 -0.196967 0.977869 -0.994852 -0.057597 -0.083375
-0.520178 -2.306117 -8.530775 15.244991 -0.058191 0.993436 0.098480 -0.108164 -0.104340 0.988642 -0.992429 -0.046878 -0.113525
-0.003757 -3.211488 -0.016301 -8.608562 0.062218 0.941842 0.330248 0.977094 -0.124950 0.172265 0.203510 0.311965 -0.928042
-0.166182 -2.952877 -3.977746 2.191822 0.073112 0.941549 0.328847 0.961639 -0.153966 0.227033 0.264394 0.299633 -0.916687
-0.034213 -3.057493 1.876302 -14.028193 0.096389 0.935218 0.340699 -0.943514 0.194866 -0.267972 0.317003 0.295625 -0.901174
-0.432241 -1.851944 -28.220537 12.434995 0.266188 0.536710 0.800679 -0.608146 0.737973 -0.292497 -0.747865 -0.409071 0.522838
-1.055976 -1.786821 -16.527623 19.489655 0.298159 0.548827 0.780955 -0.580761 0.753608 -0.307882 -0.757508 -0.361750 0.543432
-0.474938 -1.355596 -21.617578 16.879318 0.354813 0.423512 0.833514 -0.515076 0.832570 -0.203773 -0.780259 -0.357021 0.513548
-1.099982 -2.299521 -23.771321 15.070101 0.235153 0.601954 0.763122 -0.651575 0.680222 -0.335781 -0.721217 -0.418271 0.552174
0.277254 -1.435852 -30.643742 12.298575 0.267369 0.534168 0.801984 -0.583963 0.751858 -0.306098 -0.766486 -0.386488 0.512958
-0.326011 -2.274816 -33.724629 9.312333 0.189290 0.608278 0.770822 -0.690868 0.640341 -0.335656 -0.697762 -0.469000 0.541450
-1.144143 -4.259384 28.713127 -12.707615 0.048633 0.881693 0.469311 0.896255 -0.245915 0.369124 -0.440864 -0.402671 0.802181
-1.547394 -4.328853 -8.821943 -9.377352 0.038589 -0.870716 -0.490270 0.916234 -0.164970 0.365103 -0.398781 -0.463291 0.791414
-0.985045 -4.046691 -26.728763 8.888811 -0.034121 -0.882195 -0.469647 0.940662 -0.187098 0.283108 -0.337626 -0.432119 0.836231
-0.355878 -3.669421 -28.794335 20.702983 -0.123680 -0.876314 -0.465593 0.943524 -0.249175 0.218346 -0.307354 -0.412293 0.857641
-0.608356 -4.091495 30.927798 -7.907175 0.096283 0.885350 0.454846 0.894901 -0.277055 0.349848 -0.435755 -0.373358 0.818976
0.130771 -7.420372 7.821009 -83.159103 -0.167472 0.876129 0.452052 0.540107 -0.302060 0.785521 -0.824765 -0.375709 0.422617
0.388012 -8.011583 13.994712 2.859648 -0.142294 0.883295 0.446702 0.695528 -0.231873 0.680055 -0.704267 -0.407462 0.581362
0.463666 -6.727827 17.995901 -69.865243 -0.159937 0.892322 0.422115 0.509889 -0.291477 0.809355 -0.845242 -0.344677 0.408367
0.301522 -6.188374 7.370678 -116.549915 -0.179732 0.890293 0.418420 0.357554 -0.337131 0.870918 -0.916434 -0.306140 0.257735
0.337529 -5.945271 17.432385 -100.309721 -0.172461 0.896307 0.408522 0.367133 -0.326362 0.871034 -0.914041 -0.300201 0.272779
-1.165863 -8.624594 2.618175 -13.268795 -0.053573 0.756616 0.651661 0.402078 0.613701 -0.679488 0.914037 -0.225617 0.337096
-1.175704 -8.648248 3.166383 -3.394097 -0.055575 0.767666 0.638436 0.184190 0.636332 -0.749103 0.981318 -0.075962 0.176760
-1.118605 -8.426418 -4.118693 -9.866554 -0.077730 0.752303 0.654215 0.372446 0.630603 -0.680899 0.924793 -0.190733 0.329209
-1.049447 -7.698387 -4.385685 -25.566108 -0.086334 0.730281 0.677669 0.581018 0.589463 -0.561206 0.809299 -0.345287 0.475197
-1.033798 -7.666650 -7.509860 -22.710113 -0.110675 0.731110 0.673224 0.545183 0.611033 -0.573946 0.830979 -0.303509 0.466214
0.336582 -2.323112 -6.096607 1.718136 -0.025640 0.599099 0.800264 -0.274326 0.765579 -0.581922 -0.961295 -0.234454 0.144719
0.020682 -2.496654 -25.483553 8.515011 -0.057796 0.603358 0.795374 -0.311845 0.745928 -0.588509 -0.948373 -0.282047 0.145043
-0.016499 -2.311831 -15.997543 6.154830 -0.052379 0.639154 0.767293 -0.234684 0.738951 -0.631566 -0.970660 -0.213152 0.111294
0.334192 -2.155303 -0.412348 4.463870 -0.022033 0.609863 0.792200 -0.201348 0.773450 -0.601028 -0.979272 -0.172750 0.105753
-0.153793 -7.379378 -13.629760 -38.086274 0.237368 0.889270 0.390967 0.921224 -0.078366 -0.381057 -0.308224 0.450619 -0.837819
0.291690 -7.352494 -7.387600 -42.444579 0.198177 0.894123 0.401585 0.950374 -0.075039 -0.301924 -0.239823 0.441491 -0.864622
0.139674 -6.714059 -11.684109 -20.165034 0.215820 0.892290 0.396535 0.901651 -0.026251 -0.431667 -0.374762 0.450699 -0.810200
0.285055 -8.167758 -13.165543 -43.657533 0.269872 0.883612 0.382622 0.958049 -0.206584 -0.198657 -0.096492 0.420183 -0.902295
-1.458843 -13.082649 8.976139 -25.370468 0.263088 0.881928 0.391136 -0.513284 0.471229 -0.717274 0.816899 0.012058 -0.576654
-1.528044 -12.140356 -6.608148 -69.272765 0.321422 0.869761 0.374438 -0.316124 0.471293 -0.823376 0.892611 -0.146282 -0.426436
-1.259222 -12.718019 2.591212 -5.618029 0.317277 0.865089 0.388531 -0.561862 0.501527 -0.657861 0.763967 0.009577 -0.645184
-1.625885 -12.050846 9.058647 -96.010503 0.246305 0.890207 0.383230 -0.255011 0.441005 -0.860514 0.935042 -0.114221 -0.335635
-1.345536 -14.170054 3.609928 48.057869 0.239480 0.888135 0.392257 -0.700327 0.437837 -0.563774 0.672452 0.139695 -0.726838
-1.680136 -13.381170 6.530554 -76.801443 0.217810 0.893867 0.391868 -0.396133 0.447915 -0.801530 0.891985 -0.019349 -0.451651
0.618785 -5.092475 -20.474192 9.466355 -0.026996 0.957419 0.287437 -0.934283 0.078095 -0.347874 0.355509 0.277938 -0.892392
0.635324 -5.427063 -16.242412 43.439271 -0.009743 0.952844 0.303305 -0.896901 0.125784 -0.423966 0.442124 0.276165 -0.853381
0.722789 -5.520844 -4.269052 39.359645 -0.027118 0.940598 0.338439 -0.895180 0.127825 -0.426982 0.444879 0.314542 -0.838538
-0.344394 -4.003254 0.889631 32.572856 -0.077684 -0.857843 -0.508006 0.996962 -0.063913 -0.044528 0.005730 -0.509921 0.860202
-0.698896 -4.444015 -6.062993 44.504389 -0.060415 -0.868333 -0.492289 0.996968 -0.076722 0.012977 -0.049037 -0.490012 0.870335
-0.445507 -4.507149 3.649845 56.972923 -0.019023 -0.860438 -0.509200 0.997891 -0.047956 0.043756 -0.062069 -0.507294 0.859535
-0.326185 -4.413874 13.267360 24.970581 -0.051629 -0.832026 -0.552328 0.997031 -0.074583 0.019154 -0.057131 -0.549700 0.833407
0.573442 -11.665070 18.883410 50.989614 -0.351944 -0.411996 0.840473 0.802076 -0.595606 0.043902 0.482503 0.689575 0.540072
0.798003 -12.228736 16.710724 76.210105 -0.358640 -0.393161 0.846642 0.763118 -0.645838 0.023346 0.537614 0.654460 0.531651
0.543317 -10.508442 -21.320898 -46.258068 0.399611 0.370396 -0.838521 -0.617829 0.784582 0.052132 0.677198 0.497230 0.542369
0.202066 -9.896727 -16.350913 -47.990680 0.379690 0.403462 -0.832498 -0.703161 0.710635 0.023700 0.601165 0.576382 0.553520
0.157703 -10.914130 11.782707 57.765990 -0.338183 -0.430331 0.836927 0.834154 -0.548794 0.054883 0.435683 0.716687 0.544555
-0.623461 -7.773413 -3.353932 9.195522 0.357032 0.755636 0.549129 0.341876 0.441377 -0.829643 0.869281 -0.483943 0.100748
-0.459215 -9.441385 -12.474812 -4.296923 0.355550 0.755875 0.549761 0.328626 0.449540 -0.830614 0.874980 -0.475990 0.088566
-0.122901 -8.657076 -1.173885 -63.114092 0.386968 0.808788 0.442851 0.189165 0.400422 -0.896593 0.902481 -0.430725 -0.001956
-0.335160 -7.365646 3.013225 -34.128086 0.383448 0.806299 0.450388 0.258562 0.374442 -0.890471 0.886630 -0.457902 0.064899
0.553788 -4.396761 -130.521116 0.578167 -0.036487 0.932324 0.359779 -0.809584 -0.238641 0.536306 -0.585869 0.271703 -0.763502
0.408928 -4.330045 -59.880979 25.829284 -0.144173 0.871116 0.469437 -0.746378 -0.407205 0.526407 -0.649719 0.274483 -0.708889
-0.458837 -3.691190 -103.352990 16.100860 -0.198319 0.845957 0.495002 -0.728163 -0.465224 0.503333 -0.656085 0.260622 -0.708257
0.495904 -15.998326 12.960389 -99.400946 -0.178972 -0.379105 0.907881 0.729062 0.568522 0.381119 -0.660635 0.730111 0.174641
0.250444 -13.432884 6.514742 -43.634477 -0.167377 -0.382706 0.908582 0.543340 0.733188 0.408921 -0.822658 0.562113 0.085221
0.411824 -14.175279 9.225033 -39.328167 -0.167993 -0.358871 0.918145 0.462841 0.793626 0.394887 -0.870377 0.491293 0.032776
0.562558 -13.941672 19.368845 37.604581 -0.151200 -0.339469 0.928385 0.263550 0.891343 0.368847 -0.952722 0.300446 -0.045304
0.688913 -14.939294 28.374307 94.007513 -0.143171 -0.359089 0.922256 0.445865 0.808534 0.384027 -0.883576 0.466183 0.044346
0.586350 -16.239696 13.162930 -129.651188 -0.179385 -0.362081 0.914723 0.641319 0.662041 0.387828 -0.746010 0.656200 0.113449
9.834597 -274.671904 -239.381182 2522.035338 -0.267647 -0.378861 0.885906 0.828370 -0.560079 0.010745 0.492106 0.736734 0.463740
1.551541 -9.822136 -100.505182 216.991570 0.609004 0.030934 -0.792564 0.070385 0.993189 0.092848 0.790038 -0.112330 0.602679
-22.307219 -324.670917 -1719.990900 -11641.064225 0.529949 0.847726 -0.022675 0.793891 -0.486539 0.364714 -0.298145 0.211282 0.930844
-0.634150 -34.373630 -17.323589 853.152396 -0.216780 -0.414278 0.883957 0.869552 0.329627 0.367730 -0.443719 0.848363 0.288780
195.805991 -67.079760 64855.546642 -1666.328153 0.939663 -0.237277 0.246440 -0.340491 -0.718487 0.606501 -0.033155 0.653817 0.755926
5338.996768 -10682.025957 -602751.630458 2132652.606630 0.987144 0.136198 0.083646 0.159425 -0.801643 -0.576153 0.011417 -0.582081 0.813050
-48.949348 -2094.101761 758.028544 71666.013100 0.548559 -0.058997 -0.834028 0.701216 0.575755 0.420478 0.455389 -0.815491 0.357205
0.416316 -3.557657 -5.308439 -3.583162 -0.072912 0.974381 0.212759 -0.355342 -0.224707 0.907325 -0.931889 0.009447 -0.362622
0.344193 -3.488867 -6.655160 11.017642 -0.080368 0.968271 0.236628 -0.226687 -0.248930 0.941619 -0.970646 -0.022036 -0.239500
0.340212 -3.451879 -0.379016 3.476279 -0.071873 0.974523 0.212458 -0.290612 -0.224228 0.930197 -0.954138 -0.005113 -0.299325
0.333279 -3.590442 6.207045 -7.671740 -0.064698 0.974648 0.214185 -0.396249 -0.222080 0.890880 -0.915861 0.027233 -0.400571
0.720838 -8.437764 -2.582476 -34.065130 0.225527 0.862424 0.453170 -0.581278 -0.254170 0.772990 -0.781827 0.437748 -0.443986
0.554248 -8.055387 -0.448649 -47.988256 0.246552 0.860806 0.445225 -0.713183 -0.149903 0.684763 -0.656188 0.486356 -0.576953
0.651943 -8.669177 3.015174 -31.801115 0.247084 0.856591 0.452992 -0.543918 -0.264285 0.796434 -0.801937 0.443177 -0.400615
-1.098051 -5.866991 27.574936 -1.545635 -0.093464 0.737156 0.669228 -0.160271 -0.674544 0.720628 -0.982638 0.039906 -0.181190
-0.986127 -6.053794 7.998828 0.252381 -0.100494 0.730864 0.675084 -0.072680 -0.682099 0.727639 -0.992279 -0.024059 -0.121666
-0.987788 -6.035184 20.873807 -9.823855 -0.101114 0.739489 0.665531 -0.296930 -0.660902 0.689233 -0.949531 0.127925 -0.286403
-0.926868 -5.885864 14.042229 19.225490 -0.123457 0.748894 0.651088 0.024850 -0.653569 0.756459 -0.992039 -0.109570 -0.062078
0.110444 -12.771248 -2.535035 -41.053198 -0.196081 0.807746 0.555966 0.980533 0.167494 0.102472 -0.010349 0.565236 -0.824864
0.161091 -12.782799 -3.264867 -21.787605 -0.226056 0.818335 0.528419 0.958893 0.282460 -0.027220 -0.171533 0.500544 -0.848547
0.149971 -11.594205 -7.146583 -23.442334 -0.244154 0.815508 0.524725 0.929612 0.350867 -0.112758 -0.276063 0.460260 -0.843771
-12.497637 -22.018273 126.777032 -383.930905 -0.085053 0.990331 0.109591 -0.167985 0.094163 -0.981282 0.982114 0.101871 -0.158352
-11.749122 -25.244450 170.019940 -311.477928 -0.044855 0.938647 0.341951 -0.558350 0.260285 -0.787717 0.828392 0.226261 -0.512418
-8.311382 -20.705903 143.723741 -328.631231 -0.137613 0.901784 0.409692 -0.335258 0.346805 -0.875973 0.932022 0.257898 -0.254606
-7.580433 -25.788419 204.525847 -549.798553 -0.254371 0.840565 0.478274 -0.153862 0.453068 -0.878098 0.954789 0.296951 -0.014084
0.071576 -23.702088 -21.247957 512.016113 0.607992 0.365644 -0.704734 0.787802 -0.388031 0.478331 -0.098559 -0.846012 -0.523975
-0.347235 -11.098153 -15.133051 111.120070 0.609501 0.363241 -0.704673 0.792677 -0.293935 0.534103 -0.013120 -0.884114 -0.467086
0.160917 -10.049699 -20.150782 81.888832 0.613187 0.340896 -0.712595 0.789632 -0.239401 0.564951 0.021994 -0.909108 -0.415980
0.492912 -20.534420 -12.490074 454.707547 0.600169 0.382809 -0.702320 0.798409 -0.339808 0.497065 -0.048373 -0.859062 -0.509580
-4.186881 -7.284601 10.426465 141.492104 0.623195 -0.748872 -0.225430 0.781269 0.583128 0.222667 -0.035294 -0.314886 0.948473
-2.288160 -5.554143 43.971193 104.978430 0.393503 -0.827821 -0.399835 0.911711 0.407256 0.054088 0.118060 -0.385818 0.914990
2.424297 -3.329319 -0.194987 -23.326136 0.155247 0.871663 0.464867 0.392556 0.377391 -0.838735 0.906531 -0.312697 0.283588
2.171843 -1.098669 -26.846732 -52.190021 0.177688 0.764331 0.619858 0.472394 0.486315 -0.735079 0.863291 -0.423432 0.274653
2.993079 -1.208618 26.303627 -2.048365 -0.024462 0.653092 0.756883 0.536124 0.647600 -0.541467 0.843785 -0.392538 0.365980
2.991861 -0.127120 -126.819164 11.522668 0.221028 -0.233925 -0.946798 0.525501 0.846390 -0.086440 0.821581 -0.478438 0.310004
3.318416 -2.810824 69.068088 7.424085 -0.132348 0.681801 0.719466 0.574861 0.644107 -0.504640 0.807477 -0.346805 0.477187
2.306298 -3.351373 17.824074 -25.487212 0.044813 0.834908 0.548563 0.485791 0.461605 -0.742245 0.872925 -0.299750 0.384905
4.370976 -2.589379 -91.450168 15.828455 0.112292 -0.570324 -0.813708 0.589990 0.697188 -0.407237 0.799564 -0.434350 0.414773
4.376493 -1.690141 -100.850054 38.682994 0.154779 -0.413888 -0.897073 0.577902 0.774393 -0.257576 0.801294 -0.478553 0.359046
5.198560 -12.018839 -57.950488 127.573801 0.568590 -0.434862 -0.698284 0.797850 0.084783 0.596865 -0.200351 -0.896497 0.395161
4.220083 -11.208110 -64.955173 94.175382 0.471688 -0.529559 -0.705037 0.849370 0.058132 0.524587 -0.236815 -0.846279 0.477211
4.532665 -10.708391 -62.926044 176.857126 0.529935 -0.477058 -0.701131 0.847057 0.337518 0.410579 0.040774 -0.811478 0.582959
4.284792 -6.746032 -6.765280 10.246392 -0.077068 0.868126 0.490325 -0.720857 0.291230 -0.628928 0.688785 0.401925 -0.603350
4.097897 -6.394515 -11.150736 -4.734090 -0.095504 0.842767 0.529739 -0.819543 0.235489 -0.522393 0.565002 0.484035 -0.668194
4.008251 -6.938758 10.607883 -5.100797 -0.025013 0.882625 0.469413 -0.828731 0.244300 -0.503511 0.559088 0.401611 -0.725347
0.448407 -3.332858 -61.633360 -4.921973 0.052314 0.871597 0.487423 0.236393 0.463411 -0.854031 0.970248 -0.159901 0.181797
-0.785716 -3.324614 -39.681766 -4.794654 0.013447 0.880834 0.473235 0.188352 0.462574 -0.866342 0.982010 -0.100784 0.159686
-0.983399 -3.799288 10.192620 7.613207 -0.161914 0.918327 0.361192 -0.653673 0.174390 -0.736410 0.739253 0.355337 -0.572050
-1.272811 -3.934914 9.894533 3.661678 -0.138851 0.916465 0.375250 -0.567352 0.236956 -0.788647 0.811685 0.322403 -0.487056
-1.112850 -3.752005 -3.308806 8.071924 -0.092932 0.914918 0.392796 -0.660300 0.238642 -0.712077 0.745230 0.325538 -0.581943
-0.883644 -3.586275 -4.356591 10.440385 -0.091638 0.912799 0.397997 -0.724503 0.213079 -0.655509 0.683153 0.348419 -0.641799
-0.682924 -3.536587 5.258661 7.868095 -0.137981 0.913755 0.382117 -0.740765 0.160886 -0.652214 0.657441 0.373053 -0.654678
-0.590257 -3.706624 13.438192 10.660199 -0.193362 0.914087 0.356449 -0.693217 0.129812 -0.708942 0.694306 0.384179 -0.608560
0.174338 -4.222401 -0.937751 -46.933062 0.137396 0.855176 0.499796 -0.093012 0.513490 -0.853040 0.986140 -0.070717 -0.150093
0.082635 -3.993061 0.559208 -40.414475 0.147473 0.850840 0.504305 -0.095713 0.519763 -0.848932 0.984424 -0.076926 -0.158087
-1.884148 -11.022843 0.105870 77.465630 0.044047 -0.754851 -0.654415 0.954799 0.224561 -0.194760 0.293971 -0.616257 0.730622
-1.175591 -10.151052 -46.650179 70.779883 0.094601 -0.844913 -0.526471 0.973043 0.190210 -0.130416 0.210330 -0.499942 0.840131
-0.532442 -9.332992 -7.168531 39.852511 -0.111459 -0.818474 -0.563628 0.856312 0.208705 -0.472410 0.504288 -0.535296 0.677607
-0.525176 -7.534341 2.598589 80.838026 0.123323 0.818739 0.560766 0.691196 0.334602 -0.640539 0.712067 -0.466592 0.524644
-0.404217 -8.468138 15.498100 24.097629 0.100301 0.832709 0.544551 0.812413 0.247421 -0.527985 0.574391 -0.495358 0.651686
0.566038 -9.028460 -12.510222 47.769884 -0.080873 0.867482 0.490850 0.479447 -0.397889 0.782186 -0.873836 -0.298595 0.383734
0.549228 -9.612217 -6.808503 18.637864 -0.062966 0.880820 0.469245 0.330330 -0.425283 0.842625 -0.941763 -0.208062 0.264184
0.055488 -2.985829 -1.132263 -18.012409 0.112664 0.922859 0.368291 -0.927116 0.230968 -0.295144 0.357440 0.308197 -0.881619
-0.043202 -3.401884 3.451888 7.083575 0.051963 0.928883 0.366711 0.969058 -0.135628 0.206234 0.241303 0.344647 -0.907188
-0.069396 -3.298443 -7.112367 9.332891 0.063435 0.935580 0.347370 0.964539 -0.146832 0.219327 0.256203 0.321139 -0.911718
63.709959 4.137488 -1595.638654 -49.998534 -0.485499 -0.611648 -0.624642 -0.104186 0.749887 -0.653310 0.868007 -0.252103 -0.427795
128.068109 2.264503 -3504.240778 -127.297417 -0.682048 -0.468150 -0.561824 -0.025883 0.783218 -0.621208 0.730849 -0.409152 -0.546309
5.284279 -3.162784 -102.887579 34.747697 0.266209 -0.954529 -0.134194 0.963334 0.268294 0.002635 0.033488 -0.129975 0.990952
5.912894 -3.535035 -31.428874 17.984805 0.223551 -0.926685 -0.302124 0.974689 0.211729 0.071781 -0.002550 -0.310524 0.950562
4.704271 -2.903398 -119.533791 9.477339 0.169947 -0.981527 -0.087875 0.982420 0.161758 0.093199 -0.077263 -0.102169 0.991762
-1.318011 -6.706461 -6.997395 -17.788226 0.034559 0.826088 0.562481 -0.438707 0.518232 -0.734147 0.897965 0.221393 -0.380320
0.255722 -7.544239 -4.990799 12.071061 -0.054950 0.839638 0.540360 -0.122876 0.531378 -0.838176 0.990900 0.112455 -0.073972
0.405903 -8.145861 9.007009 1.645505 -0.102526 0.850753 0.515469 -0.086466 0.508616 -0.856641 0.990965 0.132399 -0.021415
-0.671357 -12.070636 -7.524902 166.649320 -0.188985 0.943858 0.270955 -0.081230 0.259955 -0.962198 0.978614 0.203851 -0.027542
-0.862435 -14.628818 -16.027855 157.138413 -0.162541 0.951168 0.262412 0.190911 0.291240 -0.937407 0.968056 0.102270 0.228927
-0.638143 -14.170705 0.912455 197.879557 -0.185509 0.947545 0.260279 0.007772 0.266283 -0.963864 0.982612 0.176783 0.056762
-0.777232 -13.439431 -10.138337 204.287046 -0.203555 0.946398 0.250790 -0.031063 0.249781 -0.967804 0.978571 0.204792 0.021446
-0.598376 -10.116583 -4.661858 133.534211 -0.193399 0.945643 0.261450 -0.235561 0.213931 -0.948021 0.952422 0.244933 -0.181382
-0.666043 -9.352221 -5.707199 120.078687 -0.208476 0.940210 0.269337 -0.222569 0.222554 -0.949175 0.952366 0.257826 -0.162864
-0.737831 -9.645634 -1.909689 5.798725 -0.145528 0.983543 0.107075 -0.577182 0.003499 -0.816608 0.803544 0.180641 -0.567174
0.235919 -14.915382 -16.555145 87.890796 -0.377625 0.925875 0.012427 -0.051549 -0.034421 0.998077 -0.924523 -0.376258 -0.060726
0.468094 -13.094112 -8.835636 87.436128 -0.372032 0.926969 0.048179 0.273912 0.060043 0.959879 -0.886885 -0.370302 0.276246
0.267349 -13.009137 -5.850772 96.634260 -0.372895 0.926108 0.057208 0.115438 -0.014872 0.993203 -0.920664 -0.376965 0.101363
0.129603 -14.121657 -4.351100 83.891349 -0.365163 0.929520 0.051468 -0.126532 -0.104329 0.986461 -0.922304 -0.353707 -0.155712
-0.028978 -14.841062 -2.920764 97.351839 -0.355913 0.932306 0.064275 -0.109687 -0.109978 0.987863 -0.928060 -0.344544 -0.141404
0.177120 -13.413647 2.327146 87.227997 -0.353948 0.931676 0.081864 0.184032 -0.016440 0.982783 -0.916981 -0.362919 0.165639
-1.165767 -16.019160 33.961422 -401.835555 -0.217518 0.872212 0.438100 -0.282700 0.373310 -0.883584 0.934220 0.316046 -0.165373
-2.523268 -441.957755 -82.446362 61522.316223 -0.041530 0.705557 0.707435 0.139406 -0.697028 0.703362 -0.989364 -0.127831 0.069412
-25.832236 -690.985985 -536.447361 -7403.348688 -0.028997 -0.589666 -0.807127 0.978377 -0.182171 0.097940 -0.204786 -0.786834 0.582198
-0.409729 -3.083631 -2.121041 24.372908 -0.658502 0.733195 -0.169706 -0.068328 -0.282815 -0.956738 0.749471 0.618418 -0.236332
-0.228411 -2.673149 -6.698805 17.011909 -0.667483 0.722595 -0.179786 -0.110191 -0.334640 -0.935882 0.736427 0.604874 -0.302989
-0.574242 -3.241744 -2.513003 26.622001 -0.671531 0.707561 -0.220008 -0.023474 -0.317082 -0.948108 0.740604 0.631519 -0.229540
-0.210802 -2.651579 -1.113584 16.196676 -0.651391 0.749505 -0.118033 -0.152136 -0.281425 -0.947446 0.743334 0.599201 -0.297344
-0.608053 -3.186945 8.752958 25.305065 -0.653971 0.752067 -0.081961 -0.119911 -0.210016 -0.970317 0.746956 0.624731 -0.227525
-1.795150 -3.649011 -8.282686 -8.802442 0.044572 0.931313 0.361483 -0.879896 0.207946 -0.427250 0.473072 0.299023 -0.828727
-0.926917 -5.233777 9.679293 -5.894470 0.567658 0.820676 0.065233 0.653432 -0.400939 -0.642087 0.500791 -0.407111 0.763852
-0.917251 -4.984236 17.572881 20.298119 0.527222 0.844472 0.094363 0.595824 -0.288223 -0.749614 0.605830 -0.451436 0.655114
-0.607668 -5.175755 3.951708 9.964268 0.534201 0.841962 0.075689 0.608865 -0.321099 -0.725382 0.586440 -0.433585 0.684173
-0.742678 -5.196792 2.776798 -14.505270 0.567578 0.822519 0.036303 0.667943 -0.434237 -0.604392 0.481360 -0.367288 0.795859
-0.650220 -5.313560 -1.659207 -20.595491 0.574423 0.818463 0.012505 0.649697 -0.446579 -0.615192 0.497928 -0.361505 0.788278
-0.394222 -5.607061 -2.876795 -1.156745 0.558565 0.827985 0.049462 0.583154 -0.349595 -0.733290 0.589862 -0.438434 0.678114
-1.240481 -2.695485 -14.492460 4.889864 0.841336 -0.536809 -0.063169 0.528375 0.792178 0.305408 0.113905 0.290328 -0.950124
-0.172745 -4.127447 11.614929 1.882319 -0.032195 0.911204 0.410696 0.444430 0.381102 -0.810705 0.895235 -0.156424 0.417236
-0.110114 -3.965145 13.408728 8.838190 -0.033961 0.894956 0.444859 0.376575 0.423769 -0.823778 0.925763 -0.139547 0.351410
-0.237865 -3.715292 -5.949284 7.050884 -0.014306 0.881852 0.471310 0.327570 0.449480 -0.831063 0.944718 -0.142498 0.295299
1.589364 -154.893063 90.223135 4357.877123 -0.123538 0.592626 -0.795948 -0.414706 0.697861 0.583960 0.901531 0.402226 0.159553
4.263304 -419.965211 -481.221886 17756.239437 -0.129787 0.603206 -0.786955 0.009622 0.794397 0.607323 0.991495 0.071251 -0.108907
-1.542280 -53.064684 12.837753 1206.562741 -0.166731 0.506419 -0.846014 -0.322093 0.782980 0.532165 0.931910 0.361224 0.032567
-1.152288 -49.126772 4.516178 959.619932 -0.147787 0.530220 -0.834881 0.332043 0.821754 0.463107 0.931615 -0.208775 -0.297500
5.994857 -227.206223 -196.746614 5677.384673 -0.131862 0.397730 -0.907978 -0.182112 0.890665 0.416594 0.974396 0.220286 -0.045013
-0.562813 -25.658056 20.060884 553.375913 -0.207901 0.608967 -0.765465 -0.457540 0.631130 0.626365 0.864543 0.480453 0.147414
-0.658015 -4.036568 3.039945 1.696708 0.166607 -0.882301 -0.440212 0.972886 0.219730 -0.072190 0.160422 -0.416249 0.894987
-0.443702 -3.612767 -1.780119 1.983353 0.292990 -0.853366 -0.431188 0.955108 0.281922 0.091039 0.043872 -0.438504 0.897658
-0.583520 -4.490060 -1.277680 10.676544 0.159109 -0.877766 -0.451897 0.974215 0.213759 -0.072193 0.159965 -0.428758 0.889144
-1.887484 -4.740337 -110.416011 -26.421360 0.849498 -0.099228 0.518176 0.394955 -0.531584 -0.749285 -0.349805 -0.841173 0.412389
-0.757491 -3.806807 -91.710683 6.332088 0.924732 -0.212716 0.315632 0.227076 -0.357192 -0.906008 -0.305464 -0.909486 0.282004
-2.227966 -4.382834 60.411758 8.403334 0.912213 -0.329298 -0.243785 -0.347720 -0.307522 -0.885732 -0.216701 -0.892745 0.395029
-2.598333 -4.248197 0.410642 -11.969522 0.328796 0.943610 -0.038654 -0.140284 0.089275 0.986078 -0.933924 0.318796 -0.161726
-2.005076 -3.736366 -2.392108 -14.202570 0.358233 0.911385 -0.202599 -0.185956 0.282304 0.941129 -0.914926 0.299469 -0.270608
