18862
37702
-2.896168 -5.112201 13.351516 43.086646 0.802075 -0.139744 -0.580644 -0.518600 -0.645149 -0.561103 0.296191 -0.751169 0.589929
-3.769766 -6.065474 14.328260 25.799494 0.914290 0.063216 -0.400096 -0.225246 -0.741597 -0.631900 0.336656 -0.667860 0.663796
-4.009629 -5.905294 52.080248 61.599902 0.944885 0.111582 -0.307802 -0.152039 -0.683076 -0.714347 0.289960 -0.721773 0.628463
-3.195081 -5.794107 -19.708234 33.083512 0.807586 -0.082114 -0.584006 -0.436853 -0.748538 -0.498849 0.396188 -0.657988 0.640380
-3.688124 -4.794040 29.036308 74.925075 0.964523 0.127722 -0.231044 -0.112734 -0.592103 -0.797938 0.238716 -0.795676 0.556699
-2.455641 -4.248004 8.541309 52.546392 0.720756 -0.217930 -0.658041 -0.649849 -0.542827 -0.532010 0.241261 -0.811077 0.532868
-2.310429 -4.722478 -19.904133 33.434299 0.681864 -0.229497 -0.694545 -0.662837 -0.595436 -0.453987 0.309368 -0.769927 0.558125
-2.866573 -4.350709 -38.838013 -6.602226 0.710669 0.233816 0.663535 0.686598 -0.024855 -0.726612 0.153401 -0.971963 0.178202
-3.521124 -4.245927 8.302213 35.811031 -0.644788 -0.224425 -0.730672 0.734054 0.084700 -0.673788 0.213102 -0.970804 0.110127
-3.518191 -4.569275 5.113540 17.345044 -0.309717 -0.231494 -0.922218 0.918756 0.176926 -0.352966 0.244874 -0.956613 0.157889
-2.208062 -4.372538 -81.542099 -15.603452 0.970313 0.176761 0.165072 0.179133 -0.066682 -0.981562 0.162495 -0.981992 0.096367
-2.430878 -3.824692 52.120979 -81.057104 -0.596092 -0.253157 -0.761962 0.799065 -0.094212 -0.593817 0.078542 -0.962827 0.258448
-0.447046 -4.231394 -133.404316 -59.303242 0.874858 0.167802 0.454385 0.478622 -0.155270 -0.864183 0.074459 -0.973516 0.216153
3.859223 -3.090726 209.948455 -250.579914 0.964925 -0.058900 -0.255832 -0.131340 -0.952090 -0.276177 0.227308 -0.300091 0.926432
6.125186 0.689473 -45.796157 153.938469 0.784832 -0.500840 -0.364962 0.559884 0.825510 0.071148 0.265646 -0.260176 0.928300
0.713977 -3.283342 47.284704 -186.806334 0.879514 -0.331080 -0.341820 -0.418929 -0.879408 -0.226143 0.225728 -0.342094 0.912151
2.143494 -6.342039 182.785275 -151.229750 0.972072 0.057294 -0.227582 -0.046422 -0.903637 -0.425776 0.230046 -0.424450 0.875740
-8.408300 -305.098155 -157.394088 13676.464894 0.986446 0.015363 0.163363 0.123257 0.587818 -0.799549 0.108312 -0.808847 -0.577957
-26.714463 -155.956082 -179.274606 15534.573344 0.958498 0.076546 0.274633 0.029270 0.931773 -0.361859 0.283594 -0.354880 -0.890862
-6.120849 -100.318901 180.961826 7105.956728 0.887173 0.206401 0.412701 0.270724 0.491456 -0.827756 0.373674 -0.846091 -0.380129
1.686174 -521.188926 419.365691 36729.808241 0.884629 0.334857 0.324503 -0.082908 0.797781 -0.597220 0.458865 -0.501414 -0.733503
-19.808567 -119.259737 166.020935 -6837.440817 0.946959 0.094604 0.307113 0.319999 -0.365269 -0.874174 -0.029479 -0.926082 0.376168
-12.548396 -141.466991 -114.744173 -8501.844250 0.944077 0.095115 0.315708 0.324954 -0.430684 -0.841972 -0.055886 -0.897477 0.437507
-1.865359 -4.000014 -21.585957 -5.128916 0.998548 -0.053648 -0.004950 0.025729 0.555571 -0.831071 -0.047336 -0.829737 -0.556144
-2.114033 -4.178203 -7.307033 -4.497107 0.998837 -0.046877 0.011284 0.039428 0.659396 -0.750761 -0.027753 -0.750333 -0.660477
-1.896829 -4.039911 47.306389 -3.293525 0.995511 -0.031451 0.089265 0.091183 0.571456 -0.815551 0.025361 -0.820030 -0.571759
-1.165595 -4.171437 -94.333200 -6.463733 0.994918 -0.067528 -0.074693 -0.013513 0.645537 -0.763610 -0.099782 -0.760738 -0.641343
-1.769831 -3.862432 41.230630 -5.848871 0.998232 -0.021185 0.055533 0.059039 0.461365 -0.885244 0.006867 -0.886957 -0.461800
-1.549813 -3.802313 -34.739775 -6.328421 0.997962 -0.053782 -0.034339 -0.006538 0.449129 -0.893443 -0.063474 -0.891847 -0.447862
-0.750843 -3.980105 -113.052128 -6.374013 0.993304 -0.085527 -0.077665 -0.018843 0.543327 -0.839309 -0.113981 -0.835153 -0.538078
-2.026772 -13.069632 -6.144910 128.449011 0.973931 0.110853 0.197914 -0.108152 -0.540014 0.834679 -0.199403 0.834324 0.513947
-2.317710 -9.494073 -7.467739 172.481039 0.972833 0.077996 0.217974 -0.083141 -0.761023 0.643375 -0.216064 0.644019 0.733864
-2.311342 -11.214564 -10.007380 204.467746 0.984437 0.096262 0.147032 -0.043845 -0.675654 0.735914 -0.170183 0.730908 0.660918
-2.084655 -13.430892 -0.610059 197.830339 0.990316 0.085354 0.109490 -0.045564 -0.545154 0.837097 -0.131138 0.833980 0.535986
-1.859921 -14.444866 -8.560186 68.937653 0.985929 0.099780 0.134122 -0.086960 -0.379094 0.921263 -0.142769 0.919963 0.365083
-1.615169 -14.609532 -4.752142 15.509026 0.973836 0.115087 0.195954 -0.157101 -0.282103 0.946434 -0.164202 0.952456 0.256642
-1.596805 -13.733293 1.401969 7.878391 0.961860 0.113154 0.249040 -0.192811 -0.365344 0.910685 -0.194033 0.923970 0.329593
0.333778 -2.983023 4.745032 20.714307 0.967121 -0.093844 -0.236369 0.183922 0.899987 0.395217 -0.175640 0.425696 -0.887656
0.356254 -2.793444 -1.669172 -0.808390 0.962414 -0.099639 -0.252648 0.204895 0.876985 0.434644 -0.178261 0.470074 -0.864438
0.167064 -3.206062 -15.727796 24.419551 0.967350 -0.022853 -0.252413 0.128160 0.903319 0.409376 -0.218654 0.428359 -0.876755
0.083462 -3.608304 -17.671980 28.965732 0.968725 -0.015598 -0.247645 0.098171 0.940683 0.324773 -0.227890 0.338927 -0.912795
0.124553 -7.087835 -9.512262 -9.567416 0.939661 0.323058 -0.112565 -0.046613 0.446870 0.893384 -0.338916 0.834231 -0.434965
0.021273 -7.007252 -7.661409 17.372343 0.942557 0.311544 -0.120530 -0.085360 0.573468 0.814769 -0.322956 0.757678 -0.567119
0.362193 -6.988126 -8.131906 -4.495544 0.944565 0.302411 -0.127850 -0.035351 0.480809 0.876112 -0.326417 0.823025 -0.464846
0.458044 -7.161812 -6.733170 -25.395295 0.946554 0.298596 -0.121967 0.010432 0.349599 0.936841 -0.322377 0.888043 -0.327799
0.251254 -7.175759 -8.192174 -14.074799 0.941455 0.321237 -0.102320 0.003716 0.293590 0.955924 -0.337118 0.900340 -0.275208
0.143567 -9.153449 10.869665 48.789110 0.960297 -0.086120 0.265354 -0.207553 0.415034 0.885815 0.186417 0.905721 -0.380682
0.532385 -9.970705 16.891102 -24.429956 0.956864 -0.088394 0.276764 -0.171744 0.596253 0.784210 0.234341 0.797915 -0.555352
-0.140381 -9.363346 11.549922 -25.558133 0.959399 -0.091221 0.266894 -0.156432 0.615289 0.772624 0.234697 0.783006 -0.576038
0.722214 -4.638516 6.512656 -1.263145 -0.816768 -0.533997 0.218490 -0.502576 0.844471 0.185164 -0.283385 0.041428 -0.958111
0.869570 -4.833470 -0.161648 7.102995 -0.875876 -0.444026 0.188896 -0.406976 0.890091 0.205205 -0.259250 0.102858 -0.960317
1.524602 -4.908348 0.924747 -0.714316 -0.844879 -0.491607 0.210957 -0.399726 0.842219 0.361782 -0.355526 0.221336 -0.908081
0.389113 -4.593037 10.410534 -9.026370 -0.748115 -0.624887 0.223250 -0.587695 0.780170 0.214356 -0.308121 0.029160 -0.950900
0.099181 -4.144614 1.832812 -13.100995 -0.784638 -0.587297 0.198561 -0.592955 0.804423 0.036161 -0.180965 -0.089364 -0.979421
1.210661 -4.977550 19.807787 -2.117612 -0.783257 -0.570521 0.247011 -0.469335 0.803190 0.366894 -0.407718 0.171441 -0.896869
4.781308 -1.821133 43.397987 75.480127 0.929920 -0.342164 0.134807 0.338364 0.652424 -0.678124 -0.144078 -0.676215 -0.722478
4.227823 -2.884683 36.494170 44.435754 0.954006 -0.288579 -0.081206 0.146435 0.684941 -0.713731 -0.261589 -0.669013 -0.695696
3.970275 -2.238374 44.175807 12.720738 0.932887 -0.321376 0.162602 0.334127 0.603671 -0.723837 -0.134466 -0.729588 -0.670537
3.971683 -1.236410 106.990792 61.184298 0.905457 -0.296844 0.303366 0.424249 0.611717 -0.667694 -0.012627 -0.733271 -0.679819
4.709356 -1.116511 105.075223 62.922303 0.901982 -0.323468 0.286001 0.430055 0.613991 -0.661867 -0.038490 -0.719988 -0.692918
1.957795 -4.002209 -22.984659 1.000734 0.994675 -0.078730 -0.066508 0.017549 0.765282 -0.643456 -0.101556 -0.638863 -0.762588
2.220472 -4.060422 -29.360127 -3.774363 0.993547 -0.072090 -0.087561 0.012005 0.834522 -0.550843 -0.112782 -0.546238 -0.830003
1.447751 -3.983248 -34.367010 0.637272 0.987980 -0.074700 -0.135333 -0.028973 0.770486 -0.636798 -0.151841 -0.633065 -0.759061
1.237232 -3.973905 -28.874221 2.995806 0.990011 -0.083410 -0.113674 -0.024995 0.689641 -0.723720 -0.138760 -0.719332 -0.680667
0.910628 -16.339156 10.051825 -187.590355 0.860852 0.503519 0.073499 0.459063 -0.706158 -0.539075 0.219532 -0.497804 0.839045
0.859132 -13.958076 9.559838 -86.992197 0.846509 0.524762 0.089710 0.515800 -0.766706 -0.382247 0.131808 -0.369848 0.919695
0.747468 -16.856701 22.460009 -242.837929 0.848011 0.527764 0.048387 0.479735 -0.725611 -0.493298 0.225235 -0.441535 0.868514
0.728347 -19.186183 26.259737 -293.033875 0.862432 0.505927 0.015791 0.382600 -0.631142 -0.674742 0.331404 -0.587961 0.737885
0.904292 -18.430911 2.004024 -270.342687 0.882714 0.466759 0.054339 0.368450 -0.615707 -0.696527 0.291653 -0.634855 0.715470
0.447927 -16.247321 -3.519012 243.092953 0.893801 0.442331 -0.073916 -0.270441 0.400143 -0.875641 0.357746 -0.802638 -0.477273
0.356508 -14.723248 -5.610860 100.375242 0.896649 0.436449 -0.074379 -0.327341 0.540402 -0.775122 0.298107 -0.719360 -0.627419
0.369288 -15.550404 -3.068588 120.159556 0.900656 0.429151 -0.068184 -0.266937 0.422610 -0.866110 0.342876 -0.798267 -0.495182
0.010331 -3.778200 7.781074 -30.385733 0.943837 0.236212 0.231034 0.241892 -0.017657 -0.970143 0.225080 -0.971541 0.073803
-0.364188 -4.536437 15.163388 -28.345442 0.956536 0.255825 0.139972 0.122322 0.083731 -0.988952 0.264719 -0.963090 -0.048798
0.479846 -3.622164 27.812587 -19.954696 0.926904 0.244873 0.284405 0.286671 0.027125 -0.957645 0.242216 -0.969176 0.045056
0.871629 -2.927935 20.245822 -21.576959 0.902554 0.229475 0.364332 0.385508 -0.053787 -0.921135 0.191781 -0.971827 0.137010
1.256975 -3.393600 46.038030 -14.558345 0.925803 0.236917 0.294548 0.289304 0.057430 -0.955513 0.243293 -0.969831 0.015372
1.453200 -2.889537 41.124469 -13.137457 0.898541 0.223367 0.377799 0.391036 -0.016573 -0.920226 0.199286 -0.974594 0.102236
9.699225 -11.046314 437.161655 98.825973 0.907010 0.121931 0.403071 -0.420720 0.221210 0.879807 -0.018113 0.967574 -0.251938
3.932268 -14.829670 128.092122 -92.813355 0.978171 0.032365 0.205265 -0.204849 0.316074 0.926355 0.034898 0.948182 -0.315804
14.859478 -9.809319 778.615618 -3.803006 0.870204 0.053220 0.489808 -0.492225 0.137167 0.859593 0.021438 0.989117 -0.145560
394.135290 -16.587327 23160.973899 277.695287 0.667726 0.022634 0.744063 0.744060 0.010221 -0.668034 -0.022725 0.999692 -0.010016
43.011266 -6.260156 2873.874454 7.516883 0.655767 0.155750 0.738723 0.751255 -0.037765 -0.658930 -0.074730 0.987074 -0.141773
0.837942 -18.018820 1.844535 218.931290 0.838069 0.545319 -0.016325 -0.542653 0.836312 0.078160 -0.056275 0.056644 -0.996807
0.820790 -16.567148 -10.846635 204.364487 0.813540 0.580305 -0.037398 -0.548191 0.786797 0.283615 -0.194008 0.210231 -0.958209
0.519840 -16.326009 4.298481 140.534314 -0.838619 -0.542217 0.052141 -0.537363 0.839173 0.083846 -0.089217 0.042296 -0.995114
0.637577 -17.667521 4.344810 -44.392680 0.857020 0.514380 -0.030496 -0.508255 0.834107 -0.214342 0.084816 -0.199195 -0.976283
0.381232 -15.369701 7.605245 80.000775 -0.837766 -0.541146 0.072863 -0.529381 0.837659 0.134475 -0.133805 0.074087 -0.988234
0.462769 -15.910697 -10.900725 1.062775 0.861163 0.501829 -0.081029 -0.508284 0.847970 -0.150311 0.006720 -0.170628 -0.985313
5.006541 -22.613509 -57.889961 -154.281117 0.945795 0.324428 -0.014786 -0.208696 0.642027 0.737731 -0.248834 0.694656 -0.674933
7.421882 -22.903852 -81.102404 -287.831613 0.937518 0.347904 0.004732 -0.186247 0.490312 0.851414 -0.293891 0.799098 -0.524472
6.328041 -24.095742 -110.091450 -439.159278 0.882389 0.470364 0.012152 -0.299178 0.540941 0.786051 -0.363157 0.697238 -0.618043
2.915901 -22.313366 -5.141390 -154.178198 0.910648 0.413080 0.009225 -0.328963 0.711340 0.621111 -0.250007 0.568648 -0.783668
2.978197 -22.043188 -37.724713 213.957981 0.956294 0.291335 -0.025001 -0.219820 0.772656 0.595552 -0.192822 0.564027 -0.802928
9.342958 -168.273534 -1362.719341 -232685.431723 0.786392 0.600787 0.143674 0.091607 -0.343434 0.934699 -0.610897 0.721878 0.325110
-64.178422 -435.926741 -1431.609843 54111.048571 0.528145 0.116754 0.841089 -0.209960 0.977702 -0.003877 -0.822787 -0.174548 0.540882
-40.619981 -391.619174 1031.494453 -5588.375586 0.977990 0.202767 0.049196 0.208183 -0.964056 -0.165091 -0.013952 -0.171699 0.985051
-31.017150 -291.885192 833.619260 -4470.595371 0.943933 0.314754 -0.099604 0.260755 -0.525772 0.809673 -0.202479 0.790249 0.578367
-0.634885 -8.047159 13.294705 -153.692092 0.874172 -0.343897 0.342867 -0.441849 -0.856195 0.267767 -0.201477 0.385570 0.900413
0.103014 -8.337977 38.024429 -220.453404 0.906911 -0.292079 0.303648 -0.389800 -0.855194 0.341613 -0.159900 0.428175 0.889437
0.210340 -5.550406 29.991648 -116.716705 0.850270 -0.401957 0.339810 -0.512686 -0.778609 0.361832 -0.119138 0.481870 0.868106
1.664584 -2.004445 -58.942176 10.610267 0.897254 -0.055902 0.437962 0.431277 -0.101405 -0.896503 -0.094528 -0.993273 0.066877
2.534489 -1.992306 -19.498262 3.472691 0.912937 0.019080 0.407654 0.407948 -0.070001 -0.910318 -0.011167 -0.997364 0.071690
1.930831 -1.781166 -58.030391 6.823417 0.921385 -0.041819 0.386394 0.384238 -0.051364 -0.921804 -0.058396 -0.997804 0.031258
10.000166 -3.055837 -242.403104 -10.702381 0.975883 -0.133450 0.172754 0.006473 -0.773342 -0.633957 -0.218200 -0.619785 0.753827
6.723620 -5.310967 -175.761786 -150.301971 0.961549 -0.051114 0.269836 0.133435 -0.771812 -0.621693 -0.240040 -0.633794 0.735314
7.511966 -5.050660 -196.038967 20.901587 0.949090 -0.181606 0.257387 0.024978 -0.771126 -0.636192 -0.314015 -0.610232 0.727332
10.459752 -3.050954 -178.879019 224.504769 0.991187 -0.125886 0.041244 -0.062769 -0.720491 -0.690618 -0.116655 -0.681943 0.722043
7.533718 -6.121430 -164.403665 90.001256 0.962005 -0.219178 0.162808 -0.089450 -0.816398 -0.570520 -0.257962 -0.534280 0.804984
0.101299 -5.300712 1.717725 -9.115455 -0.974876 -0.151837 0.162981 -0.132566 0.983478 0.123281 -0.179006 0.098578 -0.978897
-0.009128 -5.644632 2.422664 -9.534795 0.975160 0.171325 -0.140398 -0.128861 0.954332 0.269527 -0.180163 0.244740 -0.952703
0.166358 -5.413124 4.233167 1.994115 0.974231 0.178794 -0.137499 -0.128538 0.941040 0.312925 -0.185341 0.287187 -0.939772
-183.637352 -424.096376 10498.672487 -28195.772612 0.047490 0.874472 0.482746 0.757544 -0.346535 0.553209 -0.651054 -0.339429 0.678908
-257.528464 -396.762084 -18493.170050 -40649.772490 0.652939 -0.000007 0.757411 0.498301 -0.753100 -0.429576 -0.570409 -0.657906 0.491725
-506.901626 -743.163568 -38217.817578 -58458.435268 -0.188363 -0.878406 -0.439228 0.966339 -0.245573 0.076704 -0.175240 -0.409995 0.895095
-152.325115 -399.335558 5423.116775 -21012.177831 0.131342 0.972597 0.191846 0.724697 -0.226249 0.650866 -0.676435 -0.053544 0.734554
-149.478846 -331.745322 -6475.020322 38906.739011 -0.266255 -0.680035 -0.683126 0.924987 0.019083 -0.379519 0.271122 -0.732932 0.623943
-147.886626 -438.226490 -9641.455524 31537.197391 -0.098449 -0.928032 -0.359255 0.929559 0.043128 -0.366143 0.355286 -0.369995 0.858414
-184.936216 -408.982244 7104.762667 -13463.137934 -0.193170 0.973698 0.120822 0.892114 0.225562 -0.391477 0.408433 -0.032166 0.912221
-136.481730 -504.733637 7951.238213 -42470.498052 0.017612 0.997670 0.065912 0.988451 -0.027297 0.149062 -0.150514 -0.062525 0.986629
-2.818132 -125.224931 55.507176 4755.616923 -0.025290 0.834510 -0.550411 0.985475 0.113300 0.126500 0.167928 -0.539217 -0.825255
-0.453437 -143.831723 119.114302 -5644.125147 0.076256 0.858674 -0.506817 -0.795321 -0.254187 -0.550321 0.601373 -0.445048 -0.663538
-3.159703 -103.483018 19.444157 3592.105406 -0.038611 0.783771 -0.619849 0.993430 0.096988 0.060755 0.107736 -0.613431 -0.782366
-3.054840 -81.432186 48.104552 -1959.929496 0.003478 0.814764 -0.579783 0.914519 -0.237132 -0.327754 -0.404528 -0.529083 -0.745942
-2.252070 -65.604107 29.213490 -261.880866 0.009329 0.842559 -0.538523 0.936391 -0.196310 -0.290920 -0.350835 -0.501554 -0.790796
-7.342655 -27.494264 -136.139474 -37.244323 -0.005779 0.955001 -0.296548 -0.842583 0.155056 0.515762 -0.538535 -0.252847 -0.803771
-10.311969 -27.568429 -170.956784 187.179286 0.026295 0.980508 -0.194714 -0.789095 0.139939 0.598120 -0.613709 -0.137920 -0.777393
-8.367193 -32.082212 -129.251816 844.974233 0.017907 0.963135 -0.268423 0.986707 -0.060392 -0.150872 -0.161521 -0.262153 -0.951413
1.125387 -1.348709 -21.958164 16.150024 0.993070 -0.101422 -0.059369 -0.062181 -0.024788 -0.997757 -0.099723 -0.994535 0.030923
1.075130 -1.912955 -20.432343 31.075172 0.988161 -0.098448 -0.117665 -0.123684 -0.057435 -0.990658 -0.090770 -0.993483 0.068932
1.276759 -1.258561 -3.140248 18.775178 0.996067 -0.061073 -0.064195 -0.065986 -0.027774 -0.997434 -0.059133 -0.997747 0.031695
1.078894 0.118744 -48.669229 159.510841 0.978653 -0.186130 -0.087139 -0.180141 -0.572795 -0.799660 -0.098928 -0.798287 0.594097
3.261747 1.356681 310.646670 -46.319216 -0.126811 -0.547238 -0.827315 0.988407 -0.139917 -0.058954 -0.083493 -0.825200 0.558636
1.882427 1.768107 -98.228601 3.000492 0.988828 -0.126190 0.079347 -0.030458 -0.692117 -0.721143 -0.145918 -0.710669 0.688228
-3.011505 -5.366192 -3.474571 -3.722011 -0.052850 -0.267243 0.962179 0.820354 -0.561026 -0.110764 0.569409 0.783473 0.248885
-3.130771 -5.369417 -3.672225 -9.252613 -0.181081 -0.297138 0.937506 0.838401 -0.544947 -0.010780 0.514095 0.784054 0.347801
-3.241506 -5.597022 -8.211306 -8.474493 -0.124121 -0.237864 0.963335 0.736837 -0.672324 -0.071071 0.664579 0.701000 0.258717
-3.177011 -5.469944 2.953714 0.481529 0.003824 0.200663 -0.979653 -0.705121 0.695200 0.139646 0.709077 0.690240 0.144150
-3.093163 -5.340471 2.462846 1.214868 0.046647 -0.214947 0.975511 0.788814 -0.591229 -0.167992 0.612859 0.777333 0.141974
12.515900 -33.166259 595.256729 -1218.367549 0.957404 0.030226 0.287164 -0.123643 -0.855805 0.502305 -0.260939 0.516415 0.815614
11.745554 -18.229967 611.046870 -611.159980 0.930579 -0.182357 0.317442 -0.340730 -0.748548 0.568840 -0.133889 0.637512 0.758717
10.328324 -20.657766 1188.451939 -781.896731 0.998288 -0.045508 0.036752 -0.057818 -0.862967 0.501942 -0.008873 0.503207 0.864120
3.876404 -0.153168 -89.529039 -107.452968 -0.056067 -0.134178 0.989370 0.958033 0.271781 0.091150 -0.281123 0.952959 0.113308
-0.855443 -5.495248 -187.946861 400.120230 0.758197 0.244690 0.604371 -0.500974 -0.374653 0.780167 -0.417328 0.894294 0.161477
3.546089 -1.934798 -119.593865 -14.927677 -0.423033 -0.168029 0.890399 0.861057 0.231468 0.452773 -0.282178 0.958222 0.046764
-1.561496 -4.770326 -144.410155 30.869047 0.924130 0.062210 0.376980 -0.098579 0.992072 0.077944 -0.369142 -0.109192 0.922936
-3.497615 -5.104818 -120.132891 43.632826 0.904112 0.248685 0.347474 -0.267672 0.963485 0.006909 -0.333068 -0.099255 0.937664
-1.221946 -4.231070 -141.900353 18.505766 0.926607 -0.058791 0.371406 0.049757 0.998187 0.033871 -0.372724 -0.012905 0.927852
1.140578 -3.992684 -109.994900 22.368241 0.934861 -0.009312 0.354891 -0.016593 0.997417 0.069881 -0.354625 -0.071218 0.932292
0.473882 -10.918090 17.935516 -118.937910 0.971432 -0.215116 -0.100222 -0.223457 -0.971339 -0.081042 0.079916 -0.101122 0.991659
-0.054174 -11.311041 17.493845 -121.930814 0.966236 -0.235188 -0.105241 -0.244359 -0.965969 -0.084803 0.081715 -0.107656 0.990824
0.227468 -13.402559 16.367706 -147.717121 0.966543 -0.234079 -0.104889 -0.254645 -0.924796 -0.282681 0.030831 -0.299933 0.953462
0.448173 -9.170847 17.749818 86.337929 0.973247 -0.206256 -0.101233 0.196366 0.975460 -0.099593 0.119291 0.077050 0.989865
0.650278 -13.150436 15.692050 -149.367053 0.969031 -0.227865 -0.095164 -0.245585 -0.929570 -0.274931 0.025814 -0.289787 0.956743
0.983002 -8.791549 17.160739 78.151910 0.980056 -0.180632 -0.082837 0.172769 0.980472 -0.093939 0.098188 0.077754 0.992126
0.905649 -10.472193 16.829192 -99.679223 0.977026 -0.196911 -0.081528 -0.203775 -0.975167 -0.086748 0.062422 -0.101369 0.992889
-0.082968 -3.340396 7.781821 -24.762606 0.968439 0.235435 0.081830 -0.170637 0.386938 0.906180 -0.181684 0.891543 -0.414900
-0.030822 -3.464034 11.390662 -24.948117 0.973856 0.221139 0.051974 -0.136459 0.386567 0.912110 -0.181612 0.895357 -0.406637
0.081666 -2.939038 5.691654 -10.476321 0.966589 0.240022 0.089969 -0.192185 0.446348 0.873978 -0.169616 0.862069 -0.477564
-0.024031 -2.966221 -6.289296 -8.440085 0.965558 0.247047 0.081641 -0.187702 0.444092 0.876100 -0.180182 0.861249 -0.475167
0.103536 -2.816218 7.926524 4.220650 0.967497 0.234301 0.095141 -0.204346 0.502730 0.839944 -0.148970 0.832085 -0.534269
-0.028702 -2.913071 -3.171604 7.668111 0.974148 0.219890 0.051805 -0.159315 0.506093 0.847637 -0.160168 0.833978 -0.528041
-0.164697 -6.874899 -2.114009 -1.207544 0.939653 0.127434 -0.317510 0.029485 0.894426 0.446243 -0.340856 0.428675 -0.836693
-0.078665 -6.895859 -5.071434 -2.774016 0.936165 0.165090 -0.310386 0.003439 0.878541 0.477655 -0.351543 0.448232 -0.821891
-0.313088 -6.833762 0.546619 -19.312168 0.942762 0.141983 -0.301730 0.063504 0.811826 0.580436 -0.327365 0.566374 -0.756342
0.087036 -7.043629 4.328238 16.692678 -0.937786 -0.151717 0.312312 -0.038029 0.938952 0.341940 -0.345124 0.308790 -0.886306
-0.330216 -6.702074 0.242597 -9.018950 0.945343 0.112736 -0.305971 0.087441 0.816322 0.570939 -0.314136 0.566488 -0.761847
-0.001847 -7.001265 3.864991 10.878783 -0.939341 -0.113883 0.323527 -0.013554 0.954855 0.296762 -0.342717 0.274375 -0.898478
-0.233078 -6.822623 -3.255512 4.078320 0.940966 0.096772 -0.324373 0.054333 0.902661 0.426909 -0.334111 0.419332 -0.844115
0.076839 -8.339484 12.901515 -17.215246 0.967019 -0.150406 0.205553 0.075558 0.940099 0.332422 0.243238 0.305928 -0.920458
0.306765 -7.946815 -17.139825 -35.335445 -0.960507 0.177010 -0.214696 0.143694 0.976265 0.162045 0.238284 0.124795 -0.963144
-0.478941 -8.304150 13.248995 11.067087 0.968222 -0.129217 0.214124 0.045101 0.932358 0.358713 0.245992 0.337656 -0.908557
-0.586528 -8.497172 12.749344 33.179744 0.968109 -0.140705 0.207286 0.009326 0.847055 0.531423 0.250357 0.512542 -0.821354
-0.897128 -8.205162 10.615681 18.097153 0.977248 -0.093424 0.190418 0.019737 0.933927 0.356920 0.211181 0.345041 -0.914521
-0.936871 -8.151102 11.564167 31.554469 0.976214 -0.106772 0.188695 -0.009955 0.847337 0.530962 0.216580 0.520211 -0.826119
0.073095 -8.965772 4.204870 55.237762 0.991109 -0.027537 -0.130168 -0.132616 -0.283337 -0.949807 0.010727 -0.958625 0.284470
0.178884 -9.964591 13.267277 30.853754 0.989555 0.015554 -0.143311 -0.116351 -0.500743 -0.857740 0.085103 -0.865456 0.493704
-0.147091 -9.515840 21.140785 69.938882 0.983974 -0.001795 -0.178303 -0.172754 -0.257309 -0.950762 0.044172 -0.966328 0.253495
-1.661140 -3.110167 34.189561 -3.897422 0.823083 -0.154418 -0.546525 -0.452187 -0.760411 -0.466157 0.343600 -0.630817 0.695707
-0.853084 -3.041080 29.543432 -3.441358 0.818471 -0.126479 -0.560453 -0.451452 -0.744942 -0.491175 0.355381 -0.655030 0.666813
-1.083120 -2.895085 28.611503 -13.055439 0.841784 -0.092825 -0.531774 -0.387293 -0.790081 -0.475159 0.376038 -0.605933 0.701028
-1.550961 -15.873524 -10.046286 134.119303 -0.998630 -0.016603 0.049627 -0.015427 0.999593 0.023993 -0.050005 0.023194 -0.998480
-1.815613 -15.779746 -25.627722 115.483193 0.998306 -0.009130 -0.057458 0.016538 0.991401 0.129808 -0.055779 0.130538 -0.989873
-1.873820 -16.353542 -3.819421 53.633175 0.997777 0.058502 -0.031916 -0.061840 0.991292 -0.116255 -0.024837 -0.117971 -0.992706
-1.282550 -14.538182 -6.070204 140.155943 0.995876 -0.042945 -0.079917 0.062635 0.962709 0.263188 -0.065634 0.267108 -0.961429
-1.669914 -15.293936 -16.579334 86.849750 -0.997207 0.019127 0.072195 0.014351 0.997710 -0.066100 -0.073294 -0.064879 -0.995198
-1.235167 -14.767962 20.180097 151.325187 0.996940 -0.034706 -0.070047 0.046433 0.983747 0.173453 -0.062889 0.176175 -0.982348
1.421740 -3.966870 -10.153248 2.982080 0.988831 0.146334 0.028290 -0.059210 0.211497 0.975583 -0.136778 0.966362 -0.217800
1.186694 -3.869103 -4.859080 -4.141194 0.977163 0.193507 0.087790 -0.130427 0.220039 0.966733 -0.167753 0.956106 -0.240252
0.966125 -3.990264 -5.190047 7.917417 0.990240 0.139068 0.009208 -0.051479 0.303562 0.951420 -0.129517 0.942608 -0.307758
1.525701 -3.929827 -12.510578 -6.398596 0.976547 0.199249 0.081576 -0.108936 0.130450 0.985452 -0.185709 0.971227 -0.149096
1.111762 -4.199750 -4.719385 11.461633 0.994652 0.085507 -0.057938 0.029611 0.301331 0.953060 -0.098952 0.949678 -0.297187
1.904173 -3.914894 -21.111785 1.402031 0.987742 0.153104 0.030402 -0.048830 0.118082 0.991802 -0.148259 0.981130 -0.124111
1.632958 -4.117272 -8.609173 10.803077 0.995283 0.088107 -0.040613 0.022001 0.202736 0.978986 -0.094489 0.975262 -0.199841
-0.735820 -12.826324 -5.589972 -132.635206 0.959117 -0.138121 -0.247018 0.113202 -0.612724 0.782147 0.259385 0.778133 0.572038
-0.638679 -12.813554 -7.649598 -88.045587 0.963896 -0.119353 -0.238034 0.095915 -0.678298 0.728500 0.248407 0.725029 0.642360
-0.764956 -14.439337 -10.267590 -74.871151 0.958838 -0.118843 -0.257887 0.068347 -0.784908 0.615831 0.275605 0.608108 0.744477
-0.707205 -11.274591 -0.450005 -112.083219 0.962070 -0.135783 -0.236608 0.138543 -0.503966 0.852540 0.235003 0.852984 0.466039
-0.935448 -14.711876 -7.316972 -103.040264 0.951147 -0.132309 -0.278953 0.095285 -0.733615 0.672852 0.293668 0.666561 0.685168
-0.772504 -12.697496 -2.168418 -182.471465 0.951969 -0.148788 -0.267615 0.147744 -0.542323 0.827078 0.268193 0.826890 0.494292
-0.708039 -10.911971 1.763816 -162.026327 0.957721 -0.154294 -0.242826 0.157548 -0.424954 0.891399 0.240727 0.891968 0.382678
-1.464696 -14.098173 6.347235 3.808677 0.957722 -0.287689 0.002071 -0.182679 -0.613669 -0.768140 -0.222256 -0.735286 0.640279
-1.598081 -13.301749 5.774090 -13.626997 0.952743 -0.301062 0.040519 -0.164734 -0.624112 -0.763772 -0.255231 -0.721003 0.644214
-1.258925 -13.913448 5.378044 12.495723 0.963201 -0.267329 0.027914 -0.098303 -0.447029 -0.889101 -0.250160 -0.853639 0.456858
-1.115613 -14.579754 8.419904 38.365824 0.967308 -0.252961 -0.018079 -0.130823 -0.436646 -0.890070 -0.217259 -0.863337 0.455465
-1.275498 -14.937329 12.059289 -1.471102 0.963853 -0.262669 -0.044646 -0.204345 -0.621256 -0.756494 -0.170971 -0.738272 0.652475
0.654470 -4.010598 70.680841 19.175710 -0.504688 -0.816835 -0.279411 0.801353 -0.322866 -0.503579 0.321128 -0.478057 0.817519
1.207863 -3.577632 77.862816 38.264127 -0.429268 -0.841741 -0.327417 0.818211 -0.208928 -0.535612 0.382440 -0.497817 0.778407
-1.235309 -4.431546 97.628654 -1.201784 -0.450598 -0.827443 -0.335112 0.822398 -0.238706 -0.516411 0.347308 -0.508289 0.788048
1.930742 -3.281609 28.841638 44.396149 -0.462916 -0.855927 -0.230429 0.804635 -0.296713 -0.514319 0.371848 -0.423498 0.826062
-1.520675 -4.673412 95.565558 -9.569456 -0.533410 -0.799700 -0.275596 0.791873 -0.357586 -0.495044 0.297338 -0.482299 0.824001
0.561515 -4.508649 77.055931 26.113038 -0.544346 -0.797908 -0.258900 0.793639 -0.389894 -0.467033 0.271706 -0.459701 0.845489
1.910214 -3.995502 39.327263 37.382751 -0.509545 -0.832720 -0.216658 0.803694 -0.370673 -0.465487 0.307311 -0.411313 0.858127
0.351311 -19.662283 15.978421 -295.698203 -0.831500 0.088045 0.548503 -0.064984 0.965166 -0.253439 -0.551711 -0.246379 -0.796814
0.099426 -19.310293 6.424015 -265.546805 -0.826396 0.088803 0.556043 -0.082163 0.957901 -0.275092 -0.557063 -0.273021 -0.784309
0.391630 -17.366952 30.158025 -151.875559 -0.815856 0.093305 0.570678 -0.185986 0.892116 -0.411750 -0.547530 -0.442066 -0.710485
-0.067983 -21.640243 3.748623 -173.638323 -0.832092 0.077708 0.549168 0.094023 0.995569 0.001588 -0.546611 0.052955 -0.835711
1.534315 -18.135904 59.927895 -224.298936 -0.817509 0.091512 0.568599 -0.166060 0.907907 -0.384876 -0.551456 -0.409061 -0.727025
1.460018 -19.708336 66.734717 -262.062604 -0.814338 0.100621 0.571601 -0.046093 0.970534 -0.236515 -0.578557 -0.218950 -0.785705
0.433952 -21.348829 18.487163 -330.422040 -0.835203 0.089105 0.542675 0.050431 0.995038 -0.085765 -0.547625 -0.044264 -0.835552
11.388445 -41.709330 -510.748565 -1945.398690 -0.475370 -0.537917 0.696182 -0.606949 0.773359 0.183109 -0.636896 -0.335502 -0.694119
-1.989204 -8.779913 -526.895403 -896.148512 0.739215 -0.672805 -0.029925 0.272186 0.339106 -0.900512 -0.616017 -0.657526 -0.433801
12.156806 -20.408070 202.888456 1281.629399 0.076262 0.668328 -0.739948 0.858146 -0.421870 -0.292593 -0.507710 -0.612669 -0.605695
-0.936069 -27.894125 166.842781 -1570.140964 0.654462 0.349478 -0.670481 -0.634713 0.735824 -0.236012 -0.410875 -0.580024 -0.703388
-0.883135 -5.533316 411.108314 185.565427 0.149790 0.641258 -0.752563 0.910307 -0.386511 -0.148158 -0.385881 -0.662871 -0.641637
0.722585 -26.573023 -335.898734 1483.177245 0.808810 0.049394 -0.585992 -0.396863 0.781187 -0.481919 -0.433966 -0.622339 -0.651435
2.442322 -29.904958 -258.708583 1625.038593 0.859370 -0.065040 -0.507201 -0.326319 0.693909 -0.641877 -0.393698 -0.717120 -0.575101
3.852118 -56.288667 -139.540074 3370.378791 0.880842 -0.002854 -0.473402 -0.357315 0.651972 -0.668774 -0.310554 -0.758238 -0.573264
4.669211 -51.312038 -411.759070 3066.002298 0.899372 -0.146553 -0.411888 -0.295077 0.491680 -0.819256 -0.322581 -0.858355 -0.398959
3.168064 -12.494395 -77.061898 -60.329438 0.833800 -0.033520 -0.551049 -0.308246 0.799809 -0.515063 -0.457999 -0.599318 -0.656548
5.516676 -11.338227 -154.361841 -127.793167 0.855430 -0.052674 -0.515233 -0.254318 0.823900 -0.506470 -0.451178 -0.564282 -0.691393
3.169590 -15.595060 85.900945 -211.609817 -0.838034 0.070383 0.541060 -0.212289 0.871446 -0.442170 -0.502626 -0.485415 -0.715360
1.333990 -14.516145 -45.058889 -59.364656 0.819793 -0.063756 -0.569100 -0.302524 0.795576 -0.524917 -0.486229 -0.602489 -0.632920
3.488545 -19.836950 122.576867 -406.389248 -0.830216 0.095994 0.549114 -0.076922 0.955909 -0.283410 -0.552108 -0.277530 -0.786227
2.080062 -3.973401 -30.634849 -4.033656 0.980137 0.196847 0.024139 -0.011298 -0.066102 0.997749 -0.198000 0.978203 0.062565
1.568400 -4.175513 -14.910422 -3.438913 0.972362 0.230746 0.035613 -0.021153 -0.064837 0.997672 -0.232518 0.970851 0.058164
1.820852 -3.950857 -23.593763 -2.778169 0.977613 0.202600 0.056797 -0.064267 0.030477 0.997467 -0.200356 0.978787 -0.042815
2.379870 -3.853739 -34.354979 0.915871 0.987603 0.155828 0.018940 -0.022719 0.022506 0.999489 -0.155322 0.987528 -0.025767
-1.310463 -3.833105 16.917334 25.841458 -0.623110 -0.196680 0.757001 0.757005 0.091713 0.646941 -0.196667 0.976169 0.091740
-0.802646 -3.817534 20.427705 22.700579 -0.629936 -0.230720 0.741586 0.746129 0.085256 0.660320 -0.215574 0.969278 0.118441
-1.092685 -3.265270 9.107687 20.800916 -0.647297 -0.194946 0.736887 0.750948 0.002673 0.660356 -0.130704 0.980810 0.144664
-1.413100 -3.347660 1.680623 17.811118 -0.675311 -0.165053 0.718827 0.726379 0.020019 0.687003 -0.127782 0.986082 0.106372
-0.970733 -2.742483 -2.594187 19.364742 0.737893 0.176754 -0.651361 0.671788 -0.099522 0.734027 -0.064917 0.979211 0.192178
-1.220792 -2.899898 2.262769 16.363776 0.760562 0.153172 -0.630939 0.644484 -0.060387 0.762230 -0.078651 0.986353 0.144645
-139.261479 -474.431726 5422.799245 -27175.309167 -0.008688 0.845255 -0.534293 0.010631 0.534361 0.845190 -0.999906 -0.001663 0.013629
-63.262165 -134.762504 2950.157283 1771.677327 0.076273 0.683094 -0.726337 0.478947 0.613816 0.627566 -0.874524 0.395743 0.280348
-17.288748 -207.619114 -682.111316 -4939.297003 -0.063100 -0.511969 0.856683 0.027831 0.857158 0.514302 -0.997619 0.056295 -0.039838
0.763112 -31.674515 -5.250153 -1324.185694 0.012628 -0.238619 0.971031 0.138699 0.962139 0.234630 -0.990254 0.131719 0.045246
0.865347 -46.447932 -15.952082 -1785.054974 -0.011904 -0.260601 0.965373 0.415810 0.876719 0.241796 -0.909374 0.404290 0.097924
0.843368 -27.644833 0.611443 -1050.971624 0.040326 -0.255908 0.965860 0.189443 0.951071 0.244080 -0.981063 0.173133 0.086833
0.674394 -15.089087 11.655159 -573.764557 0.060737 -0.208580 0.976117 0.005937 0.977981 0.208609 -0.998136 -0.006875 0.060638
0.317784 -13.413466 19.555607 -469.495599 0.084872 -0.235135 0.968250 0.045678 0.971653 0.231958 -0.995344 0.024541 0.093207
0.526391 -24.178597 8.967686 -867.978785 0.066667 -0.283062 0.956782 0.212117 0.941016 0.263618 -0.974968 0.185374 0.122777
-5.772190 -7.697253 21.302857 97.065013 0.852779 0.521442 0.029432 0.401290 -0.618127 -0.675934 0.334268 -0.588233 0.736375
-4.052541 -6.630251 10.075359 40.778517 0.912977 0.113117 -0.392018 -0.150074 -0.800347 -0.580451 0.379409 -0.588770 0.713722
4.285965 -1.553055 20.163920 129.284206 0.076759 -0.255251 -0.963823 0.996285 0.057497 0.064117 0.039051 -0.965164 0.258716
2.074450 -10.274889 -20.105175 461.510725 0.501020 -0.267907 -0.822925 0.863555 0.217421 0.454974 0.057030 -0.938591 0.340285
3.550820 -8.520341 189.199490 475.854975 0.525472 -0.160921 -0.835454 0.840261 0.252312 0.479897 0.133570 -0.954171 0.267798
-2.118733 -70.055259 11.045210 3723.951979 0.686728 -0.213536 -0.694843 0.693129 0.480386 0.537403 0.219038 -0.850666 0.477902
2.450703 -14.474564 548.954402 -1065.496414 0.776527 -0.025750 -0.629558 -0.583754 -0.405456 -0.703446 0.237145 -0.913752 0.329879
5.628695 -1.623228 403.293537 53.000947 0.536965 -0.127893 -0.833854 0.842172 0.138857 0.521024 0.049151 -0.982019 0.182269
-1.503070 -4.383219 -75.020574 -7.667322 0.996220 -0.045065 -0.074258 -0.016523 0.740966 -0.671339 -0.085277 -0.670029 -0.737421
-1.982108 -9.280747 -7.118702 198.256579 0.959709 0.100979 0.262225 -0.076627 -0.803780 0.589972 -0.270346 0.586295 0.763657
-1.964380 -7.340949 -15.728338 172.873833 0.955385 0.068614 0.287282 -0.088327 -0.861764 0.499561 -0.281846 0.502648 0.817256
-2.260032 -6.331768 -13.485196 120.318282 0.955547 -0.035765 0.292663 -0.183182 -0.849808 0.494237 -0.231031 0.525877 0.818583
-2.439942 -6.579185 -1.679457 148.778974 0.977891 -0.025202 0.207591 -0.139195 -0.819284 0.556236 -0.156057 0.572834 0.804679
-2.465269 -8.904018 -1.922869 225.225704 0.988863 0.060457 0.135998 -0.042423 -0.761373 0.646924 -0.142656 0.645489 0.750329
0.408599 -2.813718 15.255430 -0.007120 0.972626 -0.099986 -0.209767 0.185247 0.878613 0.440139 -0.140297 0.466949 -0.873084
0.243658 -3.023640 3.354629 -21.816507 0.976674 -0.062382 -0.205468 0.157706 0.857790 0.489209 -0.145731 0.510201 -0.847619
0.324334 -2.876682 -0.643582 -18.428254 0.965363 -0.084795 -0.246748 0.198552 0.852295 0.483911 -0.169269 0.516142 -0.839610
-0.062188 -7.144969 -5.681829 21.314449 0.947428 0.293571 -0.127263 -0.124471 0.704560 0.698643 -0.294766 0.646073 -0.704062
-0.265906 -7.009743 -5.477589 10.034385 0.946541 0.302552 -0.111906 -0.137629 0.692507 0.708161 -0.291751 0.654902 -0.697126
-0.300163 -7.085900 -3.227333 -1.315834 0.952082 0.280168 -0.122658 -0.167352 0.812917 0.557817 -0.255993 0.510561 -0.820850
-0.362000 -6.844583 -4.085670 2.072433 0.948397 0.302273 -0.095780 -0.144953 0.681953 0.716888 -0.282013 0.666011 -0.690578
-0.371007 -6.833096 -2.416224 -4.780105 0.954725 0.275584 -0.112047 -0.166283 0.806655 0.567148 -0.246680 0.522839 -0.815958
-1.166908 -8.143717 0.153639 10.157739 0.984513 0.010855 0.174974 0.139688 0.554508 -0.820371 0.105930 -0.832108 -0.544404
-1.312194 -8.089421 0.591742 -7.502840 0.984750 0.019777 0.172846 0.106073 0.719235 -0.686622 0.137897 -0.694486 -0.706169
-0.996846 -8.060814 6.266597 12.678382 0.971658 0.035244 0.233750 0.172551 0.570131 -0.803229 0.161577 -0.820798 -0.547890
-1.267535 -8.215564 -3.994338 -9.051056 0.994079 -0.002404 0.108632 0.078171 0.710224 -0.699623 0.075471 -0.703972 -0.706206
-0.745279 -8.902481 6.082268 44.691260 0.972322 0.028614 0.231886 0.204935 0.372204 -0.905244 0.112212 -0.927710 -0.356038
-0.930514 -8.910434 -0.553903 40.733543 0.984918 0.002383 0.173004 0.161058 0.352722 -0.921763 0.063219 -0.935725 -0.347018
-1.110394 -8.193729 -4.655283 5.420165 0.993411 -0.016922 0.113354 0.104421 0.541305 -0.834317 0.047241 -0.840656 -0.539505
1.329626 -9.480012 -2.022941 87.810197 -0.972821 0.010507 -0.231321 0.049438 0.985361 -0.163153 0.226220 -0.170155 -0.959100
1.265779 -8.990231 -12.271825 55.033249 -0.957273 0.006809 -0.289106 0.020759 0.998762 -0.045213 0.288440 -0.049283 -0.956229
1.489377 -8.387576 -1.933404 27.981291 -0.974288 -0.013888 -0.224880 -0.009498 0.999743 -0.020595 0.225108 -0.017929 -0.974169
3.399494 -3.176939 -58.661352 -32.269978 0.936881 -0.348446 -0.028972 0.200688 0.603745 -0.771503 -0.286319 -0.716992 -0.635566
2.556772 -4.106898 14.545635 30.197870 0.945377 -0.209406 -0.249821 -0.053807 0.655617 -0.753174 -0.321506 -0.725476 -0.608538
6.272564 -4.883330 77.231509 93.102218 0.903974 0.416368 0.097310 0.282784 -0.411452 -0.866453 0.320725 -0.810768 0.489684
6.249770 -4.836143 43.301142 -35.069968 0.946134 0.318675 0.057248 0.251691 -0.612674 -0.749187 0.203673 -0.723240 0.659879
3.985196 -3.573950 165.608698 -31.147493 0.888789 0.456832 -0.036858 0.275691 -0.597145 -0.753268 0.366127 -0.659334 0.656681
2.480922 -4.084353 -4.829537 -2.474184 0.997797 -0.065438 -0.010916 0.048246 0.828683 -0.557635 -0.045537 -0.555880 -0.830014
2.735438 -4.135935 -11.184189 -4.356601 0.997634 -0.060522 -0.032616 0.039004 0.888905 -0.456429 -0.056617 -0.454077 -0.889162
2.411779 -4.119266 -37.424943 -5.848152 0.991652 -0.066716 -0.110343 0.010119 0.893370 -0.449208 -0.128547 -0.444342 -0.886587
0.825121 -12.176847 -4.706631 -74.395468 0.845905 0.518324 0.125640 0.532269 -0.805582 -0.260243 0.033677 -0.287015 0.957334
0.768609 -12.453278 7.203151 -68.962917 0.832627 0.544579 0.100824 0.552701 -0.805407 -0.214105 0.035392 -0.233996 0.971593
0.721858 -11.125441 -2.816349 -70.138486 0.830741 0.541565 0.128752 0.553964 -0.827036 -0.095584 -0.054718 -0.150729 0.987060
0.616452 -10.874985 -12.436635 -74.604614 0.841953 0.519136 0.147016 0.537112 -0.832314 -0.136982 -0.051251 -0.194296 0.979603
1.361045 -12.129166 -18.187356 -44.642498 0.934968 0.176360 0.307786 -0.269066 -0.212845 0.939308 -0.231167 0.961038 0.151551
1.298434 -11.629239 -14.072726 -56.767331 0.927675 0.167511 0.333706 -0.328950 -0.056217 0.942672 -0.176667 0.984266 -0.002952
1.635643 -11.263157 -16.472882 -40.100873 0.942681 0.145482 0.300312 -0.274209 -0.175142 0.945587 -0.190163 0.973735 0.125210
0.934476 -12.555415 -15.323060 -79.811168 0.923564 0.197331 0.328771 -0.319461 -0.078226 0.944365 -0.212071 0.977211 0.009208
1.683242 -11.836458 -19.174212 -48.779110 0.947612 0.152708 0.280555 -0.221831 -0.317350 0.921998 -0.229831 0.935932 0.266849
1.351341 -12.585583 -19.732511 10.012858 0.940720 0.184872 0.284372 -0.199412 -0.376750 0.904596 -0.274372 0.907679 0.317551
0.880999 -13.148061 -15.461945 -15.466442 0.930660 0.204237 0.303577 -0.248070 -0.257670 0.933846 -0.268949 0.944401 0.189138
5.787730 -10.850777 199.929312 37.392421 0.918434 0.180968 0.351753 -0.395571 0.415892 0.818876 -0.001899 0.891226 -0.453555
2.842340 -12.858924 34.602207 -107.997183 0.980137 0.085881 0.178760 -0.196591 0.539506 0.818709 0.026131 0.837590 -0.545673
1.214201 -18.738492 -18.562743 382.897982 0.821753 0.569526 -0.019029 -0.540908 0.790097 0.288384 -0.179277 0.226687 -0.957326
1.336138 -17.071659 -29.743236 74.649317 0.791815 0.610554 -0.015883 -0.547949 0.721630 0.423086 -0.269778 0.326303 -0.905951
0.233248 -17.744430 104.368707 -285.040396 0.996063 0.019628 0.086446 -0.011586 0.995640 -0.092560 0.087886 -0.091194 -0.991947
0.094970 -22.868578 -100.835413 -546.619184 -0.996481 -0.014035 -0.082636 -0.020426 0.996821 0.077011 0.081292 0.078428 -0.993600
0.967068 -18.621275 -90.227050 -290.941886 -0.997021 -0.028608 -0.071626 -0.024246 0.997840 -0.061049 0.073218 -0.059130 -0.995562
-0.709060 -21.314194 -29.087177 -417.350594 -0.997078 -0.036809 -0.066934 -0.036574 0.999320 -0.004736 0.067063 -0.002274 -0.997746
0.607992 -14.395573 58.105349 -256.381911 0.996701 0.048924 0.064757 -0.031323 0.967952 -0.249174 0.074872 -0.246323 -0.966291
0.022805 -16.345926 29.083639 -289.942962 0.996908 0.050502 0.060205 -0.039092 0.983335 -0.177550 0.068169 -0.174648 -0.982268
9.082908 -23.813338 -135.044853 -149.513827 0.915053 0.402948 0.017636 -0.157355 0.316393 0.935486 -0.371372 0.858795 -0.352923
