14717
29416
-6.827280 -9.889590 -87.340777 -268.849728 0.341568 0.935013 0.095294 0.934121 -0.326550 -0.144162 -0.103676 0.138258 -0.984955
-8.400514 -10.561682 -39.160472 -241.705391 0.243578 0.951003 0.190426 0.969819 -0.241053 -0.036680 0.011020 0.193613 -0.981016
-7.323218 -12.313186 -54.510068 -215.591738 0.412450 0.895717 0.166060 0.903236 -0.425810 0.053384 0.118527 0.127973 -0.984670
-6.731738 -9.305042 53.624803 -89.190927 -0.577255 0.789949 0.206778 0.816554 0.557166 0.151016 0.004086 0.256020 -0.966663
-3.581394 -13.025029 -157.985825 362.158501 0.298933 0.954086 0.018962 -0.952596 0.297170 0.065190 -0.056562 0.037550 -0.997693
-4.622369 -9.773981 -95.591916 335.570662 0.305170 0.952190 0.014319 -0.934620 0.296587 0.196267 -0.182637 0.073278 -0.980446
-4.648431 -6.527273 -51.791412 124.709354 -0.164586 0.980068 0.111257 -0.965441 -0.183175 0.185395 -0.202079 0.076898 -0.976346
-5.352972 -7.645414 -63.623454 -110.111935 0.802663 -0.557468 -0.212041 0.579099 0.813508 0.053370 -0.142745 0.165631 -0.975802
1.980625 -16.623810 161.713478 -752.877397 -0.655308 0.714523 0.245008 -0.602722 -0.690125 0.400566 -0.455299 -0.114822 -0.882903
3.862477 -6.404240 231.674670 351.546018 -0.780023 0.498259 0.378552 0.405692 0.863267 -0.300307 -0.476422 -0.080671 -0.875508
0.851931 -4.669977 220.266516 102.379857 -0.726795 0.550884 0.410238 0.421041 0.829223 -0.367580 -0.542673 -0.094428 -0.834620
-0.053989 -7.173963 171.219290 245.842565 -0.690383 0.648629 0.320392 0.481840 0.742614 -0.465139 -0.539631 -0.166746 -0.825224
-2.122955 -4.728966 90.889170 85.066756 -0.599250 0.763418 0.241025 -0.615912 -0.631973 0.470385 -0.511422 -0.133427 -0.848908
-1.994719 -5.320069 55.857080 -70.054282 -0.414995 0.759688 0.500653 -0.636223 -0.635673 0.437196 -0.650384 0.137092 -0.747132
-0.777553 -8.356041 122.907559 196.617621 -0.502942 0.630023 0.591709 0.483984 0.772486 -0.411127 -0.716107 0.079604 -0.693437
-0.533371 -5.139438 122.756996 121.566383 -0.504934 0.614843 0.605814 0.520430 0.776794 -0.354603 -0.688617 0.136233 -0.712213
-1.477229 -3.952943 54.358875 6.380663 -0.319348 0.826972 0.462746 -0.680254 -0.540019 0.495614 -0.659751 0.156512 -0.735005
-1.684507 -4.223752 16.114806 15.230981 -0.171951 0.926758 0.333995 -0.771130 -0.337612 0.539793 -0.613018 0.164735 -0.772704
-11.771528 -23.942572 367.170440 -1404.057183 -0.124853 -0.352763 -0.927346 -0.472773 0.842880 -0.256981 0.872295 0.406339 -0.272013
-20.216391 -23.780041 -534.604354 368.908584 -0.333684 0.793353 0.509161 -0.307305 0.419068 -0.854369 0.891190 0.441557 -0.103965
-4.200733 -14.965437 -10.226600 604.640334 -0.384826 0.919987 -0.074387 -0.173026 -0.151070 -0.973262 0.906626 0.361666 -0.217318
-4.490336 -8.755131 -20.233266 308.148501 -0.427085 0.872491 -0.237397 -0.198194 -0.346491 -0.916877 0.882223 0.344534 -0.320904
-3.948708 -10.043756 11.975843 399.044232 -0.376045 0.892369 -0.249535 -0.215030 -0.345992 -0.913264 0.901306 0.289771 -0.321995
-2.000399 -2.534059 -112.612540 45.774843 -0.594000 -0.590040 0.546824 0.759445 -0.635495 0.139246 0.265343 0.497995 0.825587
-1.690245 -2.735487 -75.709794 74.390107 -0.375986 -0.717722 0.586097 0.894536 -0.446149 0.027507 0.241744 0.534627 0.809774
-2.456235 -4.226153 -7.935067 128.698533 0.169907 -0.867252 0.467980 0.963170 0.045713 -0.264980 0.208411 0.495766 0.843078
-2.709752 -4.280894 -8.968030 137.927289 0.251271 -0.877974 0.407462 0.941781 0.124601 -0.312288 0.223410 0.462209 0.858167
-2.816861 -6.006812 -9.819794 74.428245 0.311795 -0.860280 0.403363 0.943068 0.228467 -0.241713 0.115786 0.455764 0.882538
-2.607108 -5.677349 15.987742 76.851036 0.318250 -0.845464 0.428844 0.941160 0.227508 -0.249915 0.113729 0.483146 0.868122
0.955943 -10.012414 -29.719720 57.614130 0.148159 0.755483 0.638197 0.562348 0.466481 -0.682760 0.813519 -0.460046 0.355731
1.425993 -10.850695 -19.657989 45.022513 0.092153 0.765893 0.636330 0.607416 0.463139 -0.645406 0.789021 -0.445993 0.422536
1.181321 -9.609667 -18.331728 10.657507 0.145027 0.783729 0.603933 0.439694 0.495754 -0.748931 0.886361 -0.374161 0.272703
0.760556 -8.945979 -25.765323 17.716562 0.191092 0.779924 0.595988 0.394367 0.495014 -0.774233 0.898865 -0.382988 0.212983
0.472154 -9.112040 -23.056962 51.740347 0.192665 0.767774 0.611067 0.500695 0.458646 -0.734131 0.843910 -0.447400 0.296056
0.248784 -9.977925 -18.984672 64.238156 0.169747 0.760985 0.626170 0.646925 0.393272 -0.653318 0.743420 -0.515984 0.425543
-1.724942 -17.462877 -1.647134 -43.471966 0.069886 0.844452 -0.531053 0.046797 -0.534544 -0.843844 0.996457 -0.034121 0.076875
-1.950387 -17.006590 1.199366 -134.859442 0.065383 0.847444 -0.526843 0.289694 -0.521354 -0.802663 0.954883 0.100143 0.279587
-1.548192 -17.655036 -21.801731 -73.148107 0.132437 0.859854 -0.493063 0.111978 -0.507239 -0.854499 0.984846 -0.057955 0.163462
-1.363929 -16.878319 -22.651373 142.923072 0.136133 0.852742 -0.504280 -0.151733 -0.485066 -0.861213 0.979002 -0.193756 -0.063356
-1.471406 -16.256181 -2.136269 187.440279 0.068315 0.839441 -0.539141 -0.227668 -0.513027 -0.827630 0.971339 -0.179285 -0.156066
1.665603 -13.550584 9.859580 -252.963779 0.119602 0.779102 -0.615383 -0.706032 -0.369031 -0.604429 0.698007 -0.506771 -0.505934
1.334899 -12.292741 22.435175 -258.308516 0.066941 0.793496 -0.604883 -0.700630 -0.394247 -0.594716 0.710378 -0.463610 -0.529556
1.310753 -17.736808 13.695990 369.368003 0.118783 0.791276 -0.599811 0.829649 0.252786 0.497777 0.545503 -0.556760 -0.626454
1.565765 -18.520269 -0.330339 348.286829 0.164392 0.766040 -0.621416 0.846054 0.214380 0.488092 0.507117 -0.605990 -0.612869
1.857643 -14.734996 -9.225407 -291.941393 0.166191 0.756601 -0.632404 -0.710606 -0.352754 -0.608773 0.683681 -0.550563 -0.479021
1.613124 -7.019057 58.962199 -16.274298 -0.349608 0.936737 -0.017275 0.423122 0.174314 0.889147 -0.835908 -0.303544 0.457296
1.672616 -7.091116 40.603061 8.570801 -0.356026 0.933738 -0.037141 0.517639 0.230150 0.824064 -0.778007 -0.274163 0.565278
1.526741 -7.215410 -33.044250 -1.483677 -0.374581 0.927183 -0.004645 0.524628 0.216075 0.823454 -0.764496 -0.306014 0.567364
6.955937 -5.998612 140.145158 16.388389 0.252724 0.798338 0.546614 0.760112 0.185723 -0.622685 0.598632 -0.572855 0.559890
7.702645 -5.949491 181.413896 8.956328 0.280054 0.848183 0.449616 0.599497 0.211282 -0.771986 0.749782 -0.485742 0.449313
15.138076 -3.480261 329.695363 -44.295551 0.564256 0.724421 0.396016 0.552351 0.025268 -0.833228 0.613615 -0.688894 0.385877
6.893408 -4.931416 -98.552489 43.764963 -0.373110 -0.696209 -0.613255 0.754951 0.156387 -0.636861 0.539293 -0.700597 0.467255
4.907869 -7.557159 -63.840606 64.090963 -0.168755 -0.721392 -0.671651 0.888037 0.184397 -0.421175 0.427683 -0.667526 0.609505
6.020961 -2.301453 -25.875436 -28.624741 0.325295 0.937455 0.123943 -0.898764 0.265767 0.348699 -0.293949 0.224826 -0.929003
5.163722 -3.005940 -117.246000 -6.827555 0.242776 0.949535 0.198602 -0.902645 0.146115 0.404823 -0.355375 0.277549 -0.892567
5.640136 -2.653666 59.288288 22.226660 0.261479 0.946928 0.186966 -0.879993 0.154299 0.449225 -0.396535 0.281992 -0.873636
-1.163264 -10.715922 -94.727855 -31.512983 -0.126216 0.839390 -0.528671 -0.836992 0.195943 0.510932 -0.532461 -0.506981 -0.677831
-2.530711 -10.685885 -60.529253 -97.675398 -0.043419 0.824595 -0.564055 -0.813910 0.298216 0.498616 -0.579367 -0.480739 -0.658198
-1.842932 -9.324819 -54.504580 25.243608 0.103905 0.777361 -0.620414 0.876993 -0.365844 -0.311515 -0.469134 -0.511731 -0.719753
0.720416 -11.056241 -67.534573 -72.277516 -0.133217 0.851507 -0.507138 0.890001 -0.122359 -0.439234 -0.436064 -0.509867 -0.741542
1.923285 -9.590598 108.501885 -83.626337 0.216858 0.755248 -0.618525 0.926383 -0.359037 -0.113607 -0.307875 -0.548354 -0.777509
-3.665116 -8.222210 -20.972955 -35.105291 -0.429983 -0.605559 0.669637 -0.741458 0.660039 0.120779 -0.515125 -0.444575 -0.732802
-0.227176 -7.839848 255.418972 89.308877 0.608272 0.452021 -0.652443 0.691111 -0.705870 0.155285 -0.390348 -0.545366 -0.741758
-0.802915 -28.910371 6.532813 -318.359899 0.189920 0.940374 0.282183 -0.358638 -0.201104 0.911557 -0.913953 0.274325 -0.299060
-0.499775 -26.433815 -2.064784 -422.140633 0.173352 0.938762 0.297782 -0.609225 -0.135354 0.781361 -0.773818 0.316866 -0.548453
-0.563199 -25.984196 3.086191 -320.644880 0.181413 0.936103 0.301331 -0.424360 -0.201901 0.882698 -0.887135 0.288005 -0.360617
-0.608280 -26.882596 31.032206 -339.806214 0.202008 0.925175 0.321315 -0.561547 -0.159380 0.811950 -0.802407 0.344454 -0.487333
-0.617334 -32.324783 -2.257647 -311.051177 0.190007 0.937818 0.290508 -0.367960 -0.206308 0.906666 -0.910221 0.279168 -0.305879
-1.599413 -12.522997 109.996412 -298.799306 0.049731 0.985951 -0.159458 0.918014 0.017765 0.396151 -0.393418 0.166085 0.904233
-0.872036 -16.892741 43.696972 -344.158968 -0.066023 0.977427 -0.200693 0.976133 0.104972 0.190120 -0.206896 0.183351 0.961029
-0.786634 -13.915597 58.943229 -226.359362 0.033293 0.987133 -0.156395 0.925734 0.028523 0.377099 -0.376708 0.157335 0.912873
1.478639 -4.683940 51.121767 7.765753 -0.330222 0.935850 -0.123039 -0.551477 -0.085498 0.829797 -0.766046 -0.341871 -0.544333
2.609410 -4.933251 88.850386 2.250070 -0.308947 0.937355 -0.160988 -0.612106 -0.066413 0.787982 -0.727927 -0.341986 -0.594279
1.450661 -4.916044 92.434844 28.325203 -0.320985 0.941709 -0.100757 -0.599866 -0.119827 0.791076 -0.732891 -0.314365 -0.603362
0.508089 -4.505307 65.995041 11.041701 -0.312736 0.942801 -0.115419 -0.545774 -0.078913 0.834208 -0.777384 -0.323880 -0.539236
0.781200 -4.451718 53.376901 -1.882947 -0.300406 0.943418 -0.140423 -0.497507 -0.029374 0.866962 -0.813783 -0.330302 -0.478181
-7.628418 -15.118916 41.474976 10.920567 0.529181 0.834415 -0.154007 -0.151692 0.271612 0.950377 -0.834839 0.479560 -0.270306
-8.049688 -14.345502 8.267200 -110.735499 0.500994 0.845063 -0.186744 -0.362665 0.400912 0.841275 -0.785799 0.353748 -0.507329
-7.586867 -15.146327 -15.018282 5.328079 0.440524 0.865381 -0.238860 -0.134631 0.326742 0.935475 -0.887588 0.379942 -0.260444
-7.662281 -14.227035 54.439372 -105.570706 0.580691 0.803959 -0.128254 -0.360114 0.394937 0.845188 -0.730148 0.444607 -0.518853
-7.044595 -14.788282 5.957492 109.209342 0.463841 0.862332 -0.203063 0.089889 0.182219 0.979141 -0.881346 0.472419 -0.007006
-6.619380 -14.652113 58.848688 97.485953 0.558753 0.823741 -0.096153 0.035484 0.092088 0.995118 -0.828575 0.559437 -0.022225
-6.899369 -14.960260 86.323626 2.664382 0.603697 0.794399 -0.066934 -0.190147 0.225019 0.955621 -0.774205 0.564178 -0.286896
-0.228597 -32.586417 -47.346473 219.975489 0.466536 0.802416 0.372119 0.095900 0.372342 -0.923128 0.879288 -0.466359 -0.096760
-0.027460 -47.537775 -118.647792 1301.562346 0.471386 0.781795 0.408156 0.039263 0.443738 -0.895296 0.881052 -0.438056 -0.178476
0.098022 -34.117637 -36.941979 537.817345 0.461787 0.808253 0.365349 -0.143152 0.474409 -0.868587 0.875363 -0.348802 -0.334779
-2.714570 -7.496874 -1.591480 63.570839 0.759707 0.648114 0.052852 0.355053 -0.481529 0.801291 -0.544778 0.589981 0.595936
-1.813645 -8.876107 -3.661500 78.555028 0.746944 0.663326 0.045547 0.268036 -0.363099 0.892365 -0.608467 0.654338 0.449010
-2.000895 -7.507922 -61.813802 98.805961 0.736457 0.662232 0.138127 0.321359 -0.522153 0.789991 -0.595281 0.537406 0.597357
-0.957892 -3.316222 64.271490 -20.151489 -0.078555 0.992189 0.096898 0.438448 -0.052908 0.897198 -0.895317 -0.112964 0.430867
-0.143211 -3.279752 7.757941 -2.859051 -0.154363 0.987965 -0.009881 0.435816 0.077062 0.896731 -0.886700 -0.134116 0.442467
-0.431480 -3.093955 21.370344 19.443719 -0.099937 0.985676 0.135848 0.398594 -0.085438 0.913139 -0.911666 -0.145405 0.384346
-0.370873 -3.513522 24.583370 -15.332730 -0.165101 0.985204 -0.045995 0.485151 0.121727 0.865916 -0.858703 -0.120649 0.498070
-1.284431 -3.327611 27.542646 -30.531641 0.011365 0.927537 0.373558 0.388534 -0.348324 0.853060 -0.921364 -0.135445 0.364338
-1.869122 -3.852366 47.451585 -113.654932 0.089479 0.907223 0.411023 0.421800 -0.408361 0.809522 -0.902263 -0.100934 0.419207
-1.530799 -3.621158 86.008996 -28.902187 -0.039533 0.991982 0.120037 0.507766 -0.083521 0.857437 -0.860588 -0.094848 0.500392
139.748980 -1199.723863 12687.422063 50494.628406 -0.140909 -0.250302 -0.957859 0.064368 0.963149 -0.261153 0.987928 -0.098454 -0.119605
-154.651119 -450.758722 5425.317811 -22270.294662 0.496475 0.727291 0.473879 -0.737663 0.641246 -0.211322 0.457565 0.244647 -0.854858
-42.878885 -290.877444 3815.536337 -11506.743944 0.915338 0.226674 -0.332828 -0.321200 -0.087509 -0.942959 0.242870 -0.970031 0.007293
17.989660 -56.184052 788.057708 -2098.948882 0.807988 0.086004 -0.582889 -0.586939 0.204069 -0.783492 -0.051567 -0.975171 -0.215364
-114.287450 -450.151759 -4787.553792 20592.692611 -0.303036 0.109645 -0.946651 0.861618 0.455941 -0.223007 0.407166 -0.883230 -0.232639
-53.439347 -579.255270 -3449.226369 46528.354080 0.281029 0.132463 -0.950514 0.787436 -0.597997 0.149477 -0.548604 -0.790477 -0.272361
-5.723376 -61.153014 -374.666682 2198.001086 0.532562 -0.198568 -0.822769 0.688982 -0.462917 0.557685 -0.491612 -0.863874 -0.109722
-0.811259 -10.416741 -85.388957 440.173942 0.020327 0.465637 0.884743 0.263032 0.851261 -0.454058 -0.964573 0.241945 -0.105174
-0.243321 -17.118219 -58.536304 560.668457 0.002993 0.420573 0.907254 0.289024 0.868173 -0.403411 -0.957317 0.263425 -0.118957
-0.074007 -40.651569 -65.205783 2272.568238 -0.047635 0.223353 0.973573 0.266359 0.942227 -0.203129 -0.962696 0.249644 -0.104375
1.727028 -7.007573 34.717268 210.452991 0.091050 0.828210 0.552972 -0.211266 -0.526575 0.823459 -0.973178 0.191801 -0.127028
-1.527044 -39.789471 -67.628753 2377.139467 -0.039553 0.194679 0.980069 0.260650 0.948888 -0.177966 -0.964623 0.248416 -0.088275
-2.349832 -7.849101 -110.852328 605.510608 0.003787 0.350122 0.936696 0.258928 0.904415 -0.339103 -0.965889 0.243821 -0.087232
0.440828 -5.048648 89.845950 140.713224 0.143776 0.968929 0.201258 -0.102997 -0.187615 0.976828 -0.984236 0.161173 -0.072822
-5.256664 -9.956165 -353.034197 307.652676 0.092092 0.980455 -0.173861 -0.235042 -0.148265 -0.960611 0.967613 -0.129329 -0.216794
-3.445152 -11.407517 -317.121479 45.415362 0.102734 0.958708 -0.265187 -0.041732 -0.262209 -0.964108 0.993833 -0.110113 -0.013071
-0.409758 -10.405292 -509.892890 574.504097 0.211059 0.959399 -0.187101 -0.299112 -0.118840 -0.946789 0.930584 -0.255793 -0.261886
2.304816 -7.189011 -1031.663154 202.475448 0.399770 0.910717 0.103821 -0.314218 0.242563 -0.917840 0.861076 -0.334302 -0.383133
-5.318745 -7.926524 -705.081530 2.264177 0.275261 0.947945 0.160101 -0.282795 0.239006 -0.928926 0.918835 -0.210421 -0.333863
-7.377436 -9.454357 -8.901007 275.556429 -0.187208 0.923918 -0.333660 -0.184626 -0.366706 -0.911833 0.964814 0.109100 -0.239230
-7.198174 -10.109234 39.018110 -84.938150 -0.586486 0.572346 0.573109 -0.373619 0.436631 -0.818390 0.718639 0.694099 0.042239
-6.836215 -9.508244 -3.754823 -128.146048 -0.541041 0.744107 0.391891 -0.147628 0.374716 -0.915311 0.827937 0.553075 0.092886
-7.518958 -10.674454 -4.271807 -85.752131 -0.571799 0.766121 0.293437 -0.212976 0.206796 -0.954922 0.792267 0.608518 -0.044920
7.176225 -6.489747 -158.417238 -17.378889 0.209830 -0.776133 0.594634 0.973636 0.221515 -0.054442 -0.089466 0.590380 0.802151
8.213342 -7.659953 -105.484290 -0.662317 0.099785 -0.842820 0.528865 0.981002 0.172203 0.089337 -0.166367 0.509903 0.843991
6.721313 -4.624421 -137.105008 28.537993 0.040059 -0.780058 0.624424 0.986150 0.131526 0.101043 -0.160948 0.611727 0.774523
5.709730 -4.783278 -167.652102 -41.155129 0.244669 -0.713179 0.656896 0.964405 0.249077 -0.088787 -0.100297 0.655237 0.748735
0.372862 -1.565398 26.762531 19.451291 -0.702316 0.691377 0.169560 0.711208 0.671241 0.208849 0.030578 0.267270 -0.963136
0.406971 -1.578903 -16.765749 -2.134706 0.714787 -0.681124 -0.158589 0.697982 0.680672 0.222502 0.043604 0.269734 -0.961947
-0.040859 -1.443763 32.064134 -15.174013 -0.668894 0.720151 0.184293 0.742470 0.635124 0.212969 0.036321 0.279286 -0.959521
-0.862736 -8.072761 16.641175 -45.481834 -0.252116 0.914581 0.316195 -0.212734 0.266375 -0.940100 0.944024 0.304280 -0.127405
-0.904317 -7.122211 12.519504 -39.287127 -0.253267 0.911174 0.324988 -0.068047 0.318329 -0.945535 0.965000 0.261587 0.018620
-0.586188 -7.931921 -26.470239 -59.507904 -0.208311 0.921666 0.327319 -0.162126 0.297492 -0.940858 0.964532 0.249058 -0.087455
-0.619884 -9.050686 -12.091456 -62.268949 -0.233261 0.922452 0.307686 -0.327396 0.223442 -0.918088 0.915642 0.314890 -0.249887
-0.645638 -9.112437 -42.897691 -70.740392 -0.192729 0.931851 0.307422 -0.285232 0.246565 -0.926201 0.938881 0.266193 -0.218273
-0.461841 -7.792299 -41.414027 -60.578330 -0.174907 0.928747 0.326860 -0.108050 0.311866 -0.943962 0.978638 0.200423 -0.045803
1.971046 -5.115579 98.861873 31.497120 0.112992 0.993596 -0.000604 -0.982897 0.111687 -0.146424 0.145419 -0.017139 -0.989222
1.976005 -5.515630 97.209200 18.514205 0.086646 0.996224 -0.005568 -0.964569 0.082492 -0.250605 0.249199 -0.027085 -0.968074
0.458874 -5.252895 85.250865 31.515303 0.091079 0.995736 0.014651 -0.979555 0.092230 -0.178789 0.179378 -0.001932 -0.983778
0.860420 -4.268623 106.176429 50.892169 0.131119 0.991109 0.022609 -0.988266 0.132477 -0.076032 0.078351 0.012375 -0.996849
2.247769 -4.024883 81.604686 54.960500 0.173733 0.984537 -0.022432 -0.983824 0.172507 -0.048289 0.043672 -0.030458 -0.998582
1.363681 -12.135074 33.025429 78.213118 0.206063 -0.763562 -0.611973 0.895569 -0.104859 0.432389 -0.394327 -0.637163 0.662215
1.684377 -13.074874 30.351939 49.457290 0.214452 -0.778269 -0.590176 0.820873 -0.183840 0.540712 -0.529318 -0.600416 0.599435
2.569372 -11.925548 59.554041 106.250683 0.200091 -0.780972 -0.591648 0.917355 -0.062764 0.393091 -0.344127 -0.621405 0.703870
1.272517 -11.336610 33.441691 128.955413 0.200717 -0.764645 -0.612398 0.956972 0.019315 0.289536 -0.209564 -0.644162 0.735621
0.631162 -11.594673 31.120776 89.437922 0.215325 -0.749592 -0.625897 0.940022 -0.014539 0.340804 -0.264564 -0.661741 0.701502
1.507717 -19.877344 -12.920664 -570.577811 0.057550 0.868078 -0.493081 0.960829 -0.182279 -0.208763 -0.271101 -0.461752 -0.844565
1.106893 -17.179649 -18.371318 -519.952950 0.052345 0.841940 -0.537025 0.959502 -0.191458 -0.206640 -0.276797 -0.504460 -0.817865
1.467729 -24.857405 -13.669080 -595.694005 0.113161 0.857694 -0.501552 0.993211 -0.111349 0.033674 -0.026965 -0.501958 -0.864472
1.114195 -6.020242 -260.454574 -31.548593 -0.027377 0.918356 -0.394808 -0.893047 -0.199923 -0.403111 0.449130 -0.341546 -0.825608
-1.329195 -6.491721 -294.807331 -35.504572 -0.046717 0.905923 -0.420857 -0.880797 -0.236093 -0.410434 0.471183 -0.351515 -0.808964
2.384330 -5.167346 -201.350948 -32.723366 -0.168299 0.884225 -0.435686 -0.818686 -0.371559 -0.437832 0.549025 -0.283003 -0.786435
1.953799 -4.991635 -350.484485 -17.604136 -0.215843 0.833307 -0.508932 -0.757806 -0.471647 -0.450864 0.615744 -0.288356 -0.733287
4.286903 -4.512912 -133.940736 -22.973152 -0.272796 0.852140 -0.446586 -0.753515 -0.477854 -0.451520 0.598161 -0.213337 -0.772457
3.526316 -5.071282 -104.095248 -29.697103 -0.058390 0.936555 -0.345622 -0.893939 -0.203162 -0.399497 0.444368 -0.285639 -0.849086
5.030223 -4.237083 -30.016828 -26.256149 -0.287716 0.881110 -0.375320 -0.776237 -0.444085 -0.447488 0.560960 -0.162587 -0.811720
5.038109 -3.909927 -99.968733 4.039974 -0.192566 0.918761 -0.344670 -0.854807 -0.329549 -0.400876 0.481895 -0.217431 -0.848823
1.709476 -4.905789 -201.044250 32.808105 0.721003 -0.669519 -0.178606 0.685921 0.653015 0.321067 0.098327 0.354000 -0.930062
6.970733 -5.380339 605.313612 112.613009 -0.678365 0.688880 0.255471 0.725399 0.572735 0.381801 0.116698 0.444319 -0.888236
1.383412 -4.556951 -183.492613 17.105855 0.849003 -0.515502 -0.115979 0.515666 0.760480 0.394662 0.115250 0.394876 -0.911477
-2.524222 -13.261347 4.865886 -27.286636 -0.071637 -0.851401 0.519601 0.944359 -0.225558 -0.239393 0.321020 0.473540 0.820186
-2.554160 -12.794742 4.109138 -70.399992 -0.071553 -0.852022 0.518593 0.990551 -0.121687 -0.063254 0.117000 0.509166 0.852678
-2.367154 -13.338012 16.944342 -24.608180 -0.081573 -0.888560 0.451450 0.943728 -0.214523 -0.251708 0.320505 0.405514 0.856058
-2.353020 -13.459387 -15.038335 9.934424 0.083147 0.878023 -0.471342 0.855803 -0.305244 -0.417645 0.510576 0.368649 0.776794
-1.929928 -13.615875 -21.779090 5.679467 0.099732 0.907681 -0.407638 0.854437 -0.288065 -0.432385 0.509893 0.305178 0.804285
-1.918373 -13.681687 17.970355 -6.134927 -0.080791 -0.915795 0.393437 0.940592 -0.200653 -0.273907 0.329786 0.347934 0.877601
-3.417458 -42.602278 -42.406030 430.413050 -0.648534 0.431448 -0.627102 0.375456 0.897972 0.229520 0.662146 -0.086598 -0.744355
-1.072651 -49.736477 30.221361 1452.594700 -0.595288 0.531404 -0.602696 0.212779 0.827553 0.519500 0.774827 0.181011 -0.605704
0.198789 -49.904266 -479.589329 -444.428844 -0.590927 0.494883 -0.637100 0.519398 0.837669 0.168926 0.617278 -0.231085 -0.752043
-7.105646 -54.049221 -150.841792 1192.520089 -0.768519 0.122839 -0.627924 0.374838 0.881787 -0.286265 0.518531 -0.455370 -0.723715
-6.789598 -88.949422 -60.884369 5120.398002 0.799181 0.012734 0.600955 0.349876 0.803102 -0.482300 0.488770 -0.595705 -0.637369
15.849220 -28.151760 -571.764870 1603.393550 0.077414 0.953202 -0.292254 -0.791902 -0.119304 -0.598880 0.605721 -0.277798 -0.745607
-0.699074 -22.293794 23.823096 147.518617 -0.077319 0.534830 0.841415 -0.419146 0.748302 -0.514161 -0.904621 -0.392430 0.166314
-0.370234 -24.066079 66.115316 5.375830 -0.049459 0.564057 0.824253 -0.556920 0.669483 -0.491562 -0.829092 -0.483355 0.281022
-0.427700 -22.504615 78.457604 249.788598 -0.028262 0.545677 0.837519 -0.329886 0.785821 -0.523125 -0.943598 -0.291070 0.157803
-0.568364 -7.911889 -2.826525 -14.971488 -0.334051 0.921363 0.198746 -0.405838 0.049713 -0.912592 0.850709 0.385511 -0.357318
0.105506 -7.578204 56.560171 -4.681178 -0.371013 0.917751 0.141715 -0.400752 -0.020572 -0.915955 0.837703 0.396624 -0.375423
-0.894034 -7.644065 -9.563325 -13.996020 -0.329900 0.922002 0.202679 -0.299068 0.101564 -0.948811 0.895391 0.373627 -0.242236
-4.640512 -13.682700 288.917038 -1356.576358 -0.368299 0.658526 0.656277 0.436155 -0.501014 0.747498 -0.821051 -0.561541 0.102697
-4.506373 -58.609995 330.666353 -3244.749484 -0.331376 0.557165 0.761417 0.531288 -0.556713 0.638595 -0.779694 -0.616147 0.111533
3.681087 -274.543475 118.086735 16538.373744 -0.266403 0.480688 0.835445 -0.504228 0.669202 -0.545823 -0.821452 -0.566663 0.064099
-20.724072 -29.265154 1127.126388 1058.840172 -0.574305 0.629248 -0.523661 -0.295488 0.437210 0.849432 -0.763453 -0.642568 0.065157
0.635262 -4.059491 196.903632 171.336190 -0.595252 0.675412 -0.435309 -0.185272 0.411781 0.892251 -0.781889 -0.611764 0.119978
-43.962104 -438.099528 1867.554231 38582.644361 -0.071998 0.545916 0.834740 0.825447 0.502394 -0.257367 -0.559869 0.670504 -0.486797
-223.318044 -1157.984358 -9144.320386 164633.924333 -0.061204 -0.583113 -0.810083 -0.550958 0.696492 -0.459721 0.832285 0.418185 -0.363899
-106.079023 -237.352729 2419.935535 75299.849721 -0.187629 0.702518 0.686487 0.834797 -0.254239 0.488341 0.517600 0.664704 -0.538757
-70.675040 -1036.713338 3191.118575 140606.935463 -0.131225 0.513436 0.848035 0.459111 0.789643 -0.407040 -0.878634 0.335928 -0.339345
-176.631853 -918.984820 7546.810853 341065.055569 -0.031763 0.540546 0.840715 -0.616748 0.651307 -0.442065 -0.786520 -0.532550 0.312693
-0.452325 -8.528926 -63.794036 -218.209533 0.150245 0.988609 -0.008888 -0.346085 0.044171 -0.937163 0.926095 -0.143880 -0.348779
0.532498 -5.796688 -156.654848 -78.429113 0.042302 0.953287 -0.299090 -0.307026 -0.272469 -0.911864 0.950760 -0.130402 -0.281158
0.297684 -6.622097 -94.241109 -174.622190 0.108568 0.991259 -0.074954 -0.379575 -0.028350 -0.924726 0.918769 -0.128846 -0.373180
-0.518048 -9.074393 -69.247464 -209.629625 0.180352 0.979686 0.087684 -0.433901 0.159246 -0.886775 0.882725 -0.121886 -0.453807
1.108763 -0.608564 12.975676 -102.330845 -0.435265 -0.887556 0.150957 0.894006 -0.406306 0.188864 -0.106292 0.217162 0.970331
1.375528 -1.052954 15.498994 -80.278341 -0.191056 -0.954450 0.229178 0.978780 -0.167627 0.117857 -0.074072 0.246833 0.966223
1.249903 -1.601569 34.705750 -51.454679 -0.321695 -0.935482 0.146237 0.943194 -0.303063 0.136151 -0.083048 0.181729 0.979835
-1.503818 -10.158582 -24.229415 120.750288 0.892786 -0.243420 -0.379053 0.303989 -0.295435 0.905709 0.332453 0.923832 0.189763
-1.631917 -7.849750 0.869595 87.656515 0.883406 -0.254682 -0.393360 0.253087 -0.447165 0.857899 0.394388 0.857427 0.330571
-1.736043 -9.907070 -28.646460 120.671505 0.881013 -0.257623 -0.396794 0.310600 -0.317673 0.895886 0.356852 0.912532 0.199857
-2.214782 -5.565876 -21.001872 15.649602 0.033829 0.944402 -0.327048 0.780925 -0.229194 -0.581056 0.623708 0.235743 0.745261
-1.893919 -5.669444 -15.390766 9.728446 0.085546 0.935739 -0.342161 0.832100 -0.255982 -0.492019 0.547989 0.242622 0.800527
-1.945577 -5.331144 -35.531016 22.648257 0.097790 0.945958 -0.309195 0.747740 -0.274862 -0.604430 0.656751 0.172090 0.734209
0.244786 -20.278066 18.422015 -231.597966 -0.037929 0.958875 -0.281282 0.785645 -0.145331 -0.601366 0.617514 0.243797 0.747823
-0.042662 -17.461259 1.800539 -688.154203 0.000702 0.959257 -0.282535 0.892937 -0.127793 -0.431662 0.450181 0.251983 0.856646
-0.465720 -18.371151 45.470090 -578.515810 -0.057102 0.954147 -0.293841 0.842468 -0.111878 -0.527001 0.535711 0.277644 0.797451
-0.277536 -20.731932 56.356549 207.251234 -0.097087 0.960944 -0.259155 0.642399 -0.138380 -0.753773 0.760196 0.239663 0.603874
-0.628610 -17.610450 53.118470 -19.227730 -0.081515 0.959959 -0.268018 0.710269 -0.132699 -0.691309 0.699194 0.246717 0.671013
-0.331888 -17.305552 8.474198 -750.719407 -0.015290 0.952707 -0.303507 0.903229 -0.117040 -0.412890 0.428885 0.280449 0.858723
2.351514 -21.637146 -21.782317 396.465838 0.390198 -0.189022 -0.901119 0.720506 -0.546657 0.426659 -0.573251 -0.815743 -0.077113
1.640475 -20.946501 -1.103757 154.571626 0.382459 -0.135251 -0.914020 0.684120 -0.623462 0.378517 -0.621051 -0.770066 -0.145921
1.365966 -24.284084 7.178254 294.650002 0.435023 -0.227657 -0.871164 0.577428 -0.671835 0.463912 -0.690891 -0.704847 -0.160808
2.228418 -24.287820 -25.028694 620.232386 0.403119 -0.271789 -0.873857 0.736838 -0.469907 0.486063 -0.542738 -0.839832 0.010836
-0.170937 -3.457974 -55.106134 -62.269353 -0.037843 0.959355 -0.279652 -0.747656 -0.212860 -0.629047 0.663007 -0.185279 -0.725323
-0.982692 -3.408527 -31.521849 -49.039583 0.000462 0.973184 -0.230027 -0.750106 -0.151784 -0.643664 0.661318 -0.172842 -0.729921
-0.326759 -2.679342 -45.556228 -23.774861 -0.086820 0.941584 -0.325394 -0.715314 -0.286258 -0.637481 0.693389 -0.177413 -0.698382
-1.012644 -4.385030 -22.821609 -70.358192 0.011472 0.977284 -0.211623 -0.786996 -0.121732 -0.604829 0.616851 -0.173485 -0.767723
0.750092 -2.977594 -76.779331 -58.946704 -0.053392 0.952571 -0.299595 -0.736552 -0.240154 -0.632311 0.674270 -0.186907 -0.714441
0.921399 -4.290915 -89.472618 -93.798258 -0.052164 0.951946 -0.301790 -0.767944 -0.231423 -0.597249 0.638390 -0.200603 -0.743113
-0.110097 -4.563355 -55.692262 -86.805014 -0.034857 0.961691 -0.271912 -0.784845 -0.194781 -0.588285 0.618712 -0.192903 -0.761567
-9.466130 -11.210310 24.820922 -140.698628 0.106619 0.962632 0.248942 0.983819 -0.138392 0.113788 0.143988 0.232782 -0.961811
3.892994 -9.155793 43.210234 118.336773 -0.081453 0.987462 -0.135216 -0.095017 0.127355 0.987295 -0.992138 -0.093266 -0.083452
4.102730 -8.756535 64.375522 79.558243 0.012439 0.974291 -0.224952 -0.045936 0.225288 0.973209 -0.998867 0.001773 -0.047558
5.608425 -8.550227 71.867249 -56.776672 -0.082608 0.993300 -0.080810 0.012278 0.082095 0.996549 -0.996507 -0.081330 0.018978
5.391858 -8.199631 43.558134 22.524835 -0.169731 0.985434 -0.010549 -0.033463 0.004936 0.999428 -0.984922 -0.169987 -0.032137
7.317523 -11.328650 121.088357 -269.857052 -0.060465 0.997283 -0.042074 0.115969 0.048884 0.992049 -0.991411 -0.055105 0.118610
6.938671 -9.280401 22.526412 -157.059394 -0.203237 0.978918 0.020342 0.071684 -0.005844 0.997410 -0.976502 -0.204169 0.068985
-2.155526 -36.756232 -4.729012 -2148.676027 -0.584545 0.787641 0.194753 -0.718915 -0.614072 0.325694 -0.376122 -0.050372 -0.925200
1.857360 -5.991588 -47.429996 293.440221 -0.873488 0.336291 0.352032 0.262349 0.934259 -0.241523 -0.410111 -0.118612 -0.904290
1.987982 -7.628932 184.095938 251.880454 -0.549436 0.532610 0.643775 0.433180 0.840436 -0.325611 -0.714476 0.099969 -0.692482
-17.418835 -43.580923 789.462310 -2687.291018 -0.081268 -0.291458 -0.953125 -0.497509 0.840496 -0.214597 0.863644 0.456748 -0.213308
67.214832 -62.720418 6342.799285 2953.881716 -0.449216 0.854675 -0.260260 0.124054 -0.228815 -0.965533 0.884769 0.466019 0.003238
-11.821038 -29.015136 -400.631121 694.895751 -0.484989 0.873251 0.047105 0.185258 0.155232 -0.970352 0.854673 0.461883 0.237062
0.280625 -2.008587 122.216347 -3.131183 0.832374 0.316584 -0.454893 0.497973 -0.787495 0.363144 0.243261 0.528796 0.813141
-0.207948 -2.140717 104.824889 8.245948 0.737021 0.442364 -0.510993 0.634769 -0.712684 0.298580 0.232095 0.544422 0.806062
-1.378019 -2.809799 -67.177412 57.313573 -0.404855 -0.695848 0.593201 0.889158 -0.450923 0.077893 0.213286 0.558985 0.801277
-2.312405 -4.098835 -41.866085 101.398834 0.077464 -0.829856 0.552574 0.982415 -0.030903 -0.184133 0.169880 0.557121 0.812870
1.645720 -11.880845 -4.320998 40.276750 0.053524 0.774682 0.630082 0.659888 0.446134 -0.604575 0.749455 -0.448143 0.487325
1.588000 -12.189773 -24.770281 72.298842 0.044729 0.749790 0.660163 0.762377 0.401426 -0.507581 0.645586 -0.525996 0.553667
1.526620 -10.398008 -1.531225 2.120476 0.097417 0.790093 0.605197 0.486554 0.492659 -0.721493 0.868202 -0.364746 0.336430
1.837624 -12.882129 -7.414542 51.527640 0.002706 0.771674 0.636012 0.809078 0.372094 -0.454904 0.587695 -0.515814 0.623338
1.627461 -11.142832 8.945751 0.099666 0.065718 0.800274 0.596022 0.536241 0.475405 -0.697449 0.841503 -0.365446 0.397898
1.763960 -12.705045 16.008380 25.274069 0.015982 0.798095 0.602319 0.709759 0.415245 -0.569047 0.704264 -0.436596 0.559819
-2.140781 -16.169798 5.760115 -63.080033 0.054178 0.851945 -0.520821 0.479915 -0.479611 -0.734612 0.875641 0.210150 0.434845
-2.006299 -15.980018 14.217000 -120.362621 0.015088 0.831391 -0.555483 0.475522 -0.494666 -0.727451 0.879574 0.253169 0.402808
-1.725821 -14.374168 18.037051 -83.389410 -0.016390 0.804868 -0.593228 0.612152 -0.461037 -0.642429 0.790570 0.373675 0.485145
-2.142572 -14.880715 11.631391 -50.878909 0.009498 0.836238 -0.548285 0.633251 -0.429379 -0.643915 0.773888 0.341086 0.533627
-1.560287 -15.680755 23.332844 -167.221899 -0.020057 0.803070 -0.595547 0.458012 -0.522107 -0.719465 0.888720 0.287198 0.357344
0.844260 -11.505116 24.352217 -271.365187 0.031391 0.801621 -0.597008 -0.695663 -0.411362 -0.588926 0.717682 -0.433804 -0.544745
0.911500 -8.856406 25.450240 -21.992899 -0.004669 0.778074 -0.628155 -0.645060 -0.482338 -0.592662 0.764118 -0.402430 -0.504157
0.210371 -8.464091 18.996711 -3.537328 -0.015341 0.787204 -0.616502 -0.661611 -0.470287 -0.584039 0.749691 -0.398924 -0.528037
0.093021 -9.704641 28.133229 192.008683 -0.040007 0.788268 -0.614031 -0.608867 -0.506485 -0.610535 0.792263 -0.349437 -0.500213
0.998508 -9.554075 34.994425 144.474646 -0.039683 0.767890 -0.639351 -0.573962 -0.541281 -0.614478 0.817920 -0.342579 -0.462219
1.784308 -6.890710 55.466262 -15.915553 -0.347041 0.937492 -0.025915 0.425978 0.182186 0.886200 -0.835527 -0.296508 0.462577
1.811929 -6.962386 5.435576 7.339716 -0.357747 0.932467 -0.050230 0.528202 0.246419 0.812577 -0.770078 -0.264165 0.580686
1.639504 -6.669576 75.253571 -30.125669 -0.337329 0.941387 0.000733 0.314978 0.112133 0.942452 -0.887129 -0.318147 0.334341
1.484013 -6.599413 5.301513 -29.997768 -0.347442 0.937563 -0.016132 0.311455 0.131611 0.941103 -0.884466 -0.321954 0.337736
1.704028 -6.784075 -37.662602 -17.957178 -0.357225 0.933439 -0.032894 0.423014 0.193084 0.885312 -0.832736 -0.302341 0.463832
11.593309 -5.453296 276.154841 -14.621234 0.404548 0.804420 0.435028 0.515612 0.192248 -0.834976 0.755305 -0.562094 0.336995
5.708286 -6.421579 164.840615 61.097802 0.233815 0.875621 0.422633 0.435284 0.294416 -0.850792 0.869401 -0.382894 0.312305
-2.049606 -11.631172 -70.677144 -113.878769 -0.215461 0.862773 -0.457383 -0.722037 0.174588 0.669463 -0.657449 -0.474491 -0.585337
-0.607006 -23.826297 -5.086935 -351.205794 0.173120 0.935424 0.308239 -0.638296 -0.131785 0.758427 -0.750072 0.328047 -0.574262
-0.690406 -21.752284 2.480913 -280.011292 0.167856 0.931361 0.323096 -0.806302 -0.058862 0.588568 -0.567187 0.359307 -0.741078
-0.561052 -23.597567 29.533131 -433.842009 0.192565 0.923132 0.332786 -0.755509 -0.076942 0.650604 -0.626199 0.376706 -0.682618
-1.324789 -9.266148 -1.741093 101.880354 0.233634 0.957705 0.167978 0.776760 -0.287752 0.560217 -0.584859 0.000408 0.811135
-2.009997 -10.057498 -32.412597 -335.097198 0.340708 0.911652 0.229802 0.757748 -0.410961 0.506881 -0.556539 -0.001433 0.830820
-2.214588 -8.288968 -32.632852 41.312700 0.189128 0.973269 0.130301 0.810535 -0.229639 0.538795 -0.554314 -0.003713 0.832299
-1.170271 -10.694227 -10.965027 -249.128844 0.344565 0.905059 0.249285 0.747634 -0.425154 0.510184 -0.567731 -0.010582 0.823146
-1.919920 -12.534202 -76.298585 484.417675 0.190809 0.966019 0.174351 0.785038 -0.256802 0.563709 -0.589327 -0.029312 0.807362
-0.769665 -11.909467 14.323855 148.863327 0.263230 0.945781 0.190285 0.750362 -0.324686 0.575792 -0.606356 0.008784 0.795145
-0.868634 -14.317980 -10.128928 529.777424 0.220452 0.957338 0.186830 0.743064 -0.288914 0.603643 -0.631868 -0.005753 0.775055
-7.644222 -14.250807 -44.146744 -122.264223 0.410542 0.879594 -0.240353 -0.377864 0.404003 0.833067 -0.829864 0.251188 -0.498227
-7.892514 -12.233469 -32.264978 -192.083525 0.470169 0.856565 -0.212694 -0.546186 0.471691 0.692234 -0.693269 0.209297 -0.689618
-7.657659 -12.139640 23.523151 -182.746564 0.570624 0.799957 -0.185623 -0.506101 0.520574 0.687651 -0.646722 0.298447 -0.701911
-0.280997 -36.845733 -61.361038 465.610202 0.452577 0.802415 0.388979 0.292672 0.278382 -0.914793 0.842328 -0.527858 0.108855
-0.094623 -44.558518 -78.661620 251.664779 0.453979 0.784540 0.422374 0.444529 0.211402 -0.870461 0.772203 -0.582928 0.252779
-0.558930 -103.404237 -162.784886 4760.400260 0.401267 0.791478 0.461030 0.136818 0.445890 -0.884569 0.905685 -0.418025 -0.070632
0.415705 -57.421694 -75.706299 1957.691535 0.454452 0.791841 0.407997 -0.276424 0.560777 -0.780460 0.846796 -0.241901 -0.473730
-0.849757 -10.508784 -6.051665 110.331734 0.725150 0.688026 -0.027889 0.229067 -0.202836 0.952043 -0.649373 0.696763 0.304690
-0.738364 -11.049260 3.698896 85.299398 0.740408 0.669996 0.053865 0.140767 -0.232922 0.962254 -0.657252 0.704878 0.266770
-2.573505 -4.853089 99.572564 44.095732 0.831296 -0.549211 -0.085525 0.497901 0.804185 -0.324624 0.247065 0.227276 0.941968
-0.658495 -4.190712 92.428031 6.265804 0.937039 -0.295650 -0.185874 0.229949 0.922923 -0.308765 0.262834 0.246583 0.932799
-2.510181 -4.604705 99.075627 -48.875086 0.853708 -0.515033 -0.076966 -0.453161 -0.807560 0.377481 0.256570 0.287380 0.922813
-3.501162 -5.471124 18.011439 114.381350 0.559723 -0.819547 0.122689 0.802437 0.499060 -0.327160 0.206894 0.281569 0.936971
-3.609167 -5.761703 34.134168 111.090020 0.525085 -0.847224 0.080606 0.829546 0.488360 -0.270847 0.190103 0.209084 0.959242
-0.127422 -3.428277 -5.389923 28.942326 -0.118032 0.987738 0.102190 0.396416 -0.047485 0.916842 -0.910452 -0.148727 0.385950
-0.218567 -3.606552 -27.409356 9.071026 -0.165947 0.986126 -0.004134 0.442371 0.078188 0.893417 -0.881345 -0.146431 0.449209
-0.111095 -3.665640 -15.505610 -15.859390 -0.203673 0.974664 -0.092457 0.475383 0.181010 0.860957 -0.855879 -0.131401 0.500205
-17.558305 -94.341400 -1129.713641 3325.579738 0.559845 -0.003388 -0.828590 0.727789 -0.476025 0.493684 -0.396103 -0.879425 -0.264034
0.023136 -206.693328 -168.789989 11700.942421 -0.061823 0.072544 0.995447 0.261189 0.963775 -0.054015 -0.963306 0.256661 -0.078531
2.353513 -9.647923 21.918644 157.735839 0.080776 0.736376 0.671733 -0.328510 -0.616611 0.715452 -0.941040 0.278462 -0.192100
0.239575 -12.005517 -446.735359 143.225914 0.209195 0.953089 -0.218767 -0.055899 -0.211696 -0.975736 0.976275 -0.216348 -0.008991
-2.184554 -12.184174 -219.480436 -190.986839 0.140227 0.974680 -0.174168 0.182284 -0.198313 -0.963039 0.973195 -0.103296 0.205477
-5.392061 -9.342392 -37.749608 52.529816 0.606905 -0.221012 -0.763426 0.594445 -0.511355 0.620606 0.527543 0.830464 0.178965
-6.119085 -9.694607 -41.521689 64.040606 0.579391 -0.368594 -0.726942 0.519544 -0.520187 0.677849 0.627997 0.770418 0.109891
-5.759100 -10.151579 -39.265025 62.443353 0.668540 -0.292767 -0.683624 0.587632 -0.355432 0.726882 0.455788 0.887669 0.065581
-5.193848 -9.584760 -24.635629 63.331652 0.701948 -0.158582 -0.694349 0.620051 -0.343612 0.705314 0.350437 0.925625 0.142869
-5.283721 -10.079613 -27.229233 45.102692 0.750410 -0.193817 -0.631918 0.606110 -0.179582 0.774843 0.263659 0.964461 0.017286
-6.030487 -10.725519 -43.332673 32.325434 0.715835 -0.330356 -0.615179 0.592568 -0.178649 0.785460 0.369383 0.926795 -0.067875
0.590513 -1.799347 -0.119499 39.770479 0.711402 -0.686780 -0.149134 0.701266 0.679747 0.214871 0.046196 0.257442 -0.965189
0.554429 -1.906480 -11.273944 27.270930 -0.692950 0.706596 0.143328 0.718207 0.659064 0.223189 0.063242 0.257598 -0.964180
0.623226 -1.689129 -19.536593 -3.155552 0.740585 -0.656399 -0.143787 0.669263 0.701360 0.245319 0.060180 0.277911 -0.958720
-0.929913 -7.391870 29.094735 -29.345513 -0.277662 0.904804 0.322852 -0.144965 0.292756 -0.945134 0.949678 0.309230 -0.049877
2.056671 -5.746424 95.040560 11.699995 0.065440 0.997620 -0.021705 -0.937481 0.054015 -0.343818 0.341827 -0.042847 -0.938785
3.263903 -5.806152 86.305756 12.344737 0.070179 0.995144 -0.069013 -0.945852 0.044404 -0.321546 0.316920 -0.087842 -0.944376
0.456563 -5.614000 76.037798 15.621920 0.091873 0.995699 0.011944 -0.954199 0.091461 -0.284849 0.284716 -0.014773 -0.958498
3.192865 -5.860624 98.740518 4.657742 0.045715 0.995508 -0.082915 -0.917019 0.008900 -0.398744 0.396215 -0.094263 -0.913306
1.992246 -5.596247 90.412624 3.081642 0.049280 0.997987 -0.039913 -0.906307 0.027888 -0.421699 0.419738 -0.056954 -0.905857
0.648832 -5.631218 64.453288 0.596903 0.093764 0.995587 0.003951 -0.921723 0.088307 -0.377662 0.376344 -0.031769 -0.925935
1.784130 -13.696205 -25.599576 16.738064 -0.226472 0.793989 0.564174 0.712363 -0.260003 0.651873 -0.664267 -0.549527 0.506724
1.250293 -12.941987 -12.419667 -22.187566 -0.244256 0.780924 0.574888 0.661112 -0.299605 0.687872 -0.709415 -0.548082 0.443098
2.941242 -13.193422 68.042533 93.057128 0.209876 -0.795121 -0.568978 0.853601 -0.134766 0.503193 -0.476778 -0.591288 0.650432
1.340047 -12.738166 -7.223537 -56.175592 -0.253241 0.796036 0.549724 0.517903 -0.368399 0.772048 -0.817096 -0.480218 0.318976
2.812512 -14.307679 -56.449525 71.384795 -0.225620 0.813535 0.535963 0.754274 -0.202314 0.624612 -0.616576 -0.545187 0.567983
1.785134 -13.785893 -17.868473 -35.951587 -0.237349 0.810731 0.535146 0.573377 -0.327771 0.750869 -0.784158 -0.485058 0.387058
1.680412 -31.250180 -12.274579 -288.724875 0.146137 0.882552 -0.446929 0.944066 0.010582 0.329587 0.295607 -0.470095 -0.831641
2.628913 -34.122231 -41.718295 55.304854 0.167933 0.905621 -0.389421 -0.794017 -0.109857 -0.597887 0.584240 -0.409612 -0.700630
2.982619 -33.426707 -38.854942 -217.745989 0.145250 0.907640 -0.393817 0.930720 0.009689 0.365605 0.335654 -0.419637 -0.843351
-0.002754 -21.766981 -20.389350 -498.215765 -0.447623 0.885136 -0.127152 0.498727 0.365136 0.786096 -0.742230 -0.288460 0.604885
0.587236 -20.181837 -36.446789 -426.537591 -0.441765 0.889542 -0.116445 0.436581 0.326554 0.838307 -0.783735 -0.319497 0.532617
0.659549 -21.508592 -52.319799 -180.738722 -0.457417 0.883075 -0.104630 0.585617 0.387684 0.711867 -0.669195 -0.264347 0.694477
