12996
25979
-4.164912 -5.129210 -22.164576 53.193227 0.053633 0.921778 0.383991 0.958545 -0.155294 0.238903 0.279847 0.355259 -0.891895
-4.717635 -6.031463 -23.842747 41.749490 0.143757 0.931813 0.333254 0.983797 -0.171019 0.053805 0.107129 0.320120 -0.941300
-3.329226 -6.505176 20.478803 77.539119 0.369163 0.791271 0.487451 0.905747 -0.423815 0.002018 0.208186 0.440763 -0.873148
-3.782744 -5.137070 -3.970558 28.741325 -0.352933 0.912994 0.204647 0.912112 0.286974 0.292742 0.208543 0.289979 -0.934035
-3.442722 -4.965413 22.462315 80.888253 0.347678 0.776189 0.525976 0.863729 -0.483410 0.142435 0.364819 0.404779 -0.838487
-3.104982 -3.980419 -8.233144 -23.662314 -0.490182 0.858562 0.150310 -0.791073 -0.365815 -0.490288 0.365957 0.359237 -0.858501
-2.650459 -5.082619 -3.435954 10.285185 0.702096 -0.548164 0.454507 0.687625 0.687758 -0.232724 0.185020 -0.475925 -0.859804
-2.830848 -5.472938 -1.346258 16.394177 -0.658538 0.586130 -0.471996 0.748380 0.575986 -0.328889 0.079091 -0.569818 -0.817956
-3.000496 -5.307903 -11.314778 12.257751 -0.698648 0.604826 -0.382200 0.700403 0.687211 -0.192810 0.146036 -0.402400 -0.903741
-0.361432 -2.806532 18.622576 -185.833744 0.525029 0.276483 0.804923 0.646708 -0.744426 -0.166127 0.553274 0.607772 -0.569650
2.981649 -0.941499 -59.344574 -2.630268 -0.755094 0.508308 -0.414073 0.077467 0.696328 0.713531 0.651024 0.506706 -0.565170
-2.657272 -3.386407 77.128198 -105.673728 -0.444132 0.796085 0.411090 0.683692 0.004591 0.729756 0.579061 0.605167 -0.546317
-6.779993 -19.987632 119.320313 -672.205501 -0.034218 0.619247 0.784450 0.914223 -0.297710 0.274892 0.403765 0.726568 -0.555943
-1.106031 -6.175994 -15.387523 -211.517965 0.260485 0.629080 0.732397 0.835716 -0.526767 0.155226 0.483452 0.571642 -0.662948
-0.108855 -1.684184 -0.986242 -6.827858 0.254802 0.922854 0.288820 0.944935 -0.301055 0.128309 0.205361 0.240223 -0.948746
-0.217029 -1.656948 9.413338 -4.320491 0.350022 0.883002 0.312717 -0.898840 0.410592 -0.153301 0.263765 0.227424 -0.937394
-0.235575 -1.734723 6.867909 -5.920761 0.245208 0.925057 0.290073 0.945813 -0.293961 0.137932 0.212865 0.240533 -0.947012
0.178706 -1.867415 -11.199191 -25.327466 0.236150 0.933026 0.271469 0.962365 -0.263231 0.067553 0.134487 0.245299 -0.960074
0.137724 -1.893685 -14.580229 -17.194138 0.292972 0.914193 0.280034 0.938151 -0.331377 0.100312 0.184502 0.233325 -0.954735
1.879892 -4.501120 19.502101 4.041413 0.296007 0.953670 0.053795 0.931950 -0.276001 -0.235145 0.209403 -0.119739 0.970470
2.138375 -4.597122 36.350613 0.364192 0.309136 0.950660 0.026101 0.949651 -0.307104 -0.062048 0.050971 -0.043968 0.997732
1.137331 -4.592284 42.244324 5.135422 0.354277 0.934883 -0.021963 0.903186 -0.348164 -0.251070 0.242368 -0.069111 0.967720
2.989116 -4.457212 -0.807411 3.921823 -0.251668 -0.959464 -0.126854 0.967708 -0.247535 -0.047613 0.014282 -0.134740 0.990778
0.812835 -4.221563 25.194057 6.399086 0.344771 0.938607 0.012226 0.859009 -0.310228 -0.407263 0.378467 -0.150915 0.913229
2.128828 -4.385186 0.378102 3.699299 -0.235132 -0.958859 -0.159065 0.956882 -0.199644 -0.210996 0.170559 -0.201819 0.964458
1.238903 -4.257521 13.260024 1.528799 0.279359 0.955847 0.091184 0.893136 -0.223812 -0.390149 0.352515 -0.190432 0.916225
-0.214703 -4.416336 -6.851395 -18.089444 0.177314 0.849522 0.496862 0.008127 -0.506109 0.862431 -0.984121 0.148883 0.096644
0.368382 -3.920500 -19.665475 -19.141682 0.149516 0.827229 0.541606 -0.057470 -0.539566 0.839979 -0.987088 0.156716 0.033133
0.917876 -4.198212 -25.154470 -21.970326 0.147283 0.874486 0.462150 0.107735 -0.478649 0.871371 -0.983209 0.078549 0.164710
-0.324683 -4.076613 -5.761275 -11.876405 0.174469 0.807860 0.562958 -0.153703 -0.542375 0.825957 -0.972592 0.230632 -0.029543
-0.511140 -4.468258 2.016890 -10.945500 0.215621 0.822611 0.526136 -0.095079 -0.518563 0.849736 -0.971837 0.233246 0.033600
0.461666 -6.822649 -8.001277 65.079228 0.026697 0.730686 0.682191 0.034703 0.681346 -0.731139 0.999041 -0.043193 0.007167
0.601083 -7.663228 -10.202701 43.086367 0.046285 0.744245 0.666301 0.266901 0.633552 -0.726206 0.962612 -0.211449 0.169316
0.630961 -6.667162 -11.826686 39.704381 0.020908 0.750453 0.660594 0.110441 0.654961 -0.747549 0.993663 -0.088587 0.069187
0.516318 -5.417285 -4.533339 30.132059 -0.023089 0.739668 0.672576 -0.092775 0.668267 -0.738114 0.995419 0.079441 -0.053193
0.687005 -5.583386 -4.055718 5.737793 -0.042255 0.749061 0.661152 -0.011364 0.661340 -0.750001 0.999042 0.039204 0.019432
0.815592 -6.273006 -9.570656 16.652732 0.006361 0.772852 0.634554 0.178847 0.623456 -0.761128 0.983856 -0.118330 0.134256
0.116019 -11.474308 0.377425 -0.202779 0.077158 -0.843272 -0.531920 0.996608 0.080548 0.016867 0.028621 -0.531417 0.846627
0.019343 -11.605960 0.471255 2.302953 0.106167 -0.838139 -0.535024 0.970930 0.203470 -0.126079 0.214533 -0.506086 0.835376
0.132511 -12.539649 -0.472194 7.048318 0.091409 -0.839454 -0.535688 0.995760 0.082632 0.040426 0.010329 -0.537112 0.843448
0.203037 -11.859819 0.791975 -3.383871 0.040724 -0.842052 -0.537856 0.984349 -0.058563 0.166215 -0.171460 -0.536207 0.826488
0.023057 -3.345440 0.289974 17.953051 0.087280 -0.873737 -0.478504 0.996167 0.073781 0.046980 -0.005743 -0.480771 0.876828
0.133532 -2.797641 5.742510 15.660220 0.164247 -0.859008 -0.484900 0.981752 0.190119 -0.004257 0.095845 -0.475352 0.874559
0.042513 -3.006465 2.383227 16.164333 0.136783 -0.866452 -0.480158 0.986551 0.162939 -0.012986 0.089488 -0.471924 0.877086
0.418859 -7.768004 13.245029 -10.596062 -0.210223 -0.667812 -0.714026 -0.307354 0.738461 -0.600174 0.928084 0.093288 -0.360497
-0.071806 -8.352862 13.619226 -16.024940 -0.226581 -0.656336 -0.719641 -0.309753 0.749055 -0.585636 0.923425 0.090217 -0.373024
0.413000 -8.069073 12.899431 44.638488 -0.205121 -0.687360 -0.696751 -0.173503 0.726150 -0.665284 0.963235 -0.015575 -0.268207
0.836758 -7.903031 13.677990 44.688591 -0.180704 -0.683666 -0.707069 -0.169913 0.729795 -0.662215 0.968750 0.000475 -0.248040
0.856219 -7.789948 13.838844 -15.637308 -0.180537 -0.677542 -0.712982 -0.308402 0.727332 -0.613087 0.933967 0.109201 -0.340266
39.201509 -4.691680 -1230.328308 152.040688 0.919075 -0.098791 0.381498 -0.375814 0.071606 0.923924 0.118593 0.992529 -0.028684
91.253578 1.439902 -2368.778618 130.780894 0.928754 -0.201302 0.311276 -0.345683 -0.167096 0.923354 0.133860 0.965172 0.224778
90.803133 -11.063796 -3364.619486 111.916021 0.739663 0.431626 0.516330 -0.604778 0.089779 0.791318 -0.295198 0.897574 -0.327444
30.985508 -6.752927 -1222.045050 -41.420064 0.815996 0.261622 0.515465 -0.578007 0.357438 0.733585 -0.007675 0.896544 -0.442887
8.460191 -5.785977 -279.866485 -5.787855 0.768433 -0.073159 0.635735 -0.543166 0.450699 0.708408 0.338352 0.889673 -0.306594
0.945361 -12.398818 3.396131 -185.923756 0.027823 0.790577 0.611730 0.893398 0.254847 -0.369990 -0.448403 0.556813 -0.699210
1.483419 -13.200211 7.856769 276.848961 0.024254 0.823366 0.566992 -0.807028 -0.318605 0.497189 -0.590015 0.469637 -0.656752
1.437212 -17.064318 9.864736 -259.051817 -0.030401 0.807537 0.589033 0.940947 0.221920 -0.255678 -0.337188 0.546476 -0.766595
0.191521 -8.884345 2.523918 2.761159 -0.185521 -0.711150 -0.678121 0.935448 0.083478 -0.343464 0.300863 -0.698067 0.649757
0.108031 -8.302484 13.334258 25.858336 -0.209585 -0.674745 -0.707668 0.912775 0.124491 -0.389029 0.350593 -0.727476 0.589799
-0.039181 -8.791440 8.660866 17.988968 -0.234269 -0.684048 -0.690794 0.961916 -0.060159 -0.266643 0.140839 -0.726952 0.672090
0.187226 -8.532592 -2.104340 22.583720 -0.166084 -0.721946 -0.671722 0.973321 -0.010657 -0.229201 0.158312 -0.691867 0.704455
0.327843 -8.439924 -12.522045 -16.188478 -0.136979 -0.742595 -0.655583 0.930433 0.130640 -0.342386 0.339900 -0.656876 0.673040
-0.146741 -9.271504 6.453564 26.116061 -0.224979 -0.693635 -0.684292 0.974054 -0.142416 -0.175885 0.024546 -0.706108 0.707679
1.084823 -13.007673 11.515934 41.707579 0.156376 0.603657 0.781757 -0.574976 -0.587920 0.568993 -0.803087 0.538469 -0.255152
0.720091 -11.971310 -8.011950 -11.698381 0.183337 0.664288 0.724644 -0.337852 -0.649660 0.681027 -0.923170 0.369680 -0.105324
0.987664 -13.744282 -15.506140 3.789664 0.148449 0.645313 0.749355 -0.585149 -0.553547 0.592611 -0.797223 0.526457 -0.295431
1.955495 -3.868415 -28.772544 3.038489 0.133353 0.829467 0.542404 -0.016055 0.549028 -0.835650 0.990939 -0.102729 -0.086531
2.163696 -3.771976 -47.162806 6.360710 0.164926 0.825042 0.540467 -0.146560 0.562388 -0.813782 0.975356 -0.055003 -0.213670
1.072922 -3.909180 -38.923863 -0.820248 0.171126 0.852998 0.493061 -0.020855 0.503467 -0.863763 0.985028 -0.137529 -0.103946
-0.310515 -16.766012 -5.855888 -214.816517 0.454201 0.797729 0.396648 0.509130 0.132936 -0.850361 0.731087 -0.588180 0.345769
-0.263438 -32.341326 -32.995225 -607.932419 0.438165 0.838273 0.324515 0.188569 0.267264 -0.944993 0.878893 -0.475256 0.040966
-0.526004 -14.530423 -18.562835 -264.567792 0.430103 0.800422 0.417535 0.425088 0.228460 -0.875846 0.796437 -0.554193 0.241988
3.292353 -46.704947 39.880964 -479.919192 0.044463 0.995681 -0.081496 -0.173679 -0.072630 -0.982120 0.983798 -0.057822 -0.169699
66.924967 -1649.301889 -517.030062 -66708.241085 0.053761 0.990313 0.128027 0.259439 0.109957 -0.959480 0.964262 -0.084797 0.251014
13.578250 0.856327 120.632597 364.204224 0.767331 0.246696 -0.591898 -0.246524 0.965589 0.082854 0.591970 0.082340 0.801743
-49.916292 -411.014486 541.068575 -14571.578955 -0.071323 -0.101773 0.992248 0.992843 -0.102775 0.060824 0.095788 0.989484 0.108375
-0.449518 -47.337248 -12.934624 -1815.315550 -0.172629 0.965420 0.195357 0.212180 0.230126 -0.949748 0.961862 0.122503 0.244569
2.449487 -3.560753 13.679985 -0.359721 -0.120614 0.809257 0.574940 0.543817 0.538395 -0.643735 0.830491 -0.235018 0.505025
2.005885 -3.526770 25.943528 3.633427 -0.162980 0.823755 0.543015 0.440223 0.553266 -0.707178 0.882973 -0.123791 0.452807
2.209126 -3.557015 1.959034 2.736202 -0.109166 0.798671 0.591783 0.432934 0.574111 -0.694957 0.894791 -0.180337 0.408445
-1.227276 -3.667784 -17.865359 -32.698319 0.775044 0.484152 0.406083 0.460600 0.007115 -0.887579 0.432612 -0.874955 0.217486
-1.762793 -4.663586 -14.751298 -38.995758 0.773105 0.484547 0.409295 0.411921 0.107137 -0.904899 0.482317 -0.868180 0.116767
-1.670218 -4.117112 -11.825997 -41.305008 0.665398 0.493715 0.559903 0.582181 0.126247 -0.803198 0.467236 -0.860411 0.203427
-2.886402 -7.654203 -16.496938 -28.870799 -0.475044 -0.482553 -0.735850 0.348318 0.664812 -0.660832 0.808089 -0.570234 -0.147732
-3.133161 -8.134187 -16.635992 -13.061730 -0.458067 -0.492328 -0.740127 0.165164 0.770979 -0.615071 0.873439 -0.403985 -0.271845
-2.642827 -7.689420 -3.025392 -26.174822 -0.414408 -0.489006 -0.767554 0.343447 0.696991 -0.629481 0.842799 -0.524476 -0.120891
-3.398936 -8.092555 -18.843953 -23.962447 -0.541696 -0.477880 -0.691517 0.191511 0.730872 -0.655095 0.818467 -0.487296 -0.304391
-2.589573 -6.747488 -7.261612 -43.414123 -0.456649 -0.490075 -0.742495 0.511548 0.538183 -0.669834 0.727867 -0.685701 0.004936
-3.162804 -7.472619 -10.215228 -41.304009 -0.559830 -0.473550 -0.679956 0.372298 0.589354 -0.716977 0.740260 -0.654532 -0.153636
-0.644924 -3.458746 -2.346209 6.197931 0.298736 -0.638109 -0.709629 0.835116 0.534679 -0.129229 0.461886 -0.554017 0.692623
-0.738946 -3.568711 1.098043 2.214013 0.287145 -0.647589 -0.705816 0.882728 0.465007 -0.067528 0.371940 -0.603653 0.705169
-0.752799 -3.567136 -1.248557 -0.545575 0.306198 -0.617921 -0.724166 0.888127 0.459306 -0.016394 0.342744 -0.638131 0.689431
-0.713927 -3.510199 2.271171 -2.451502 0.281484 -0.604746 -0.745016 0.906771 0.421623 0.000358 0.313899 -0.675660 0.667047
-0.752583 -3.505071 -4.622026 2.400058 0.313039 -0.608482 -0.729216 0.846908 0.526333 -0.075628 0.429829 -0.593905 0.680092
-0.707824 -3.400304 1.793459 -5.565835 0.286694 -0.612025 -0.737043 0.931292 0.358506 0.064557 0.224724 -0.704911 0.672755
-0.271031 -2.227690 -1.755415 19.411268 0.253367 0.933331 0.254357 0.573733 0.066720 -0.816320 0.778868 -0.352762 0.518579
-0.112102 -1.987709 -9.422391 21.430735 0.233131 0.915111 0.328970 0.598568 0.131574 -0.790193 0.766398 -0.381130 0.517082
0.014302 -1.891359 -9.138343 4.859953 0.168475 0.903718 0.393586 0.587963 0.228346 -0.775988 0.791148 -0.362149 0.492883
-0.105736 -9.437587 -42.994234 230.732693 -0.101313 0.918983 0.381059 0.084097 -0.373748 0.923710 -0.991294 -0.125630 0.039418
0.960036 -8.036079 -35.223519 207.741932 -0.094944 0.937903 0.333651 0.034904 -0.331822 0.942696 -0.994871 -0.101149 0.001232
0.333148 -6.227311 -37.122533 149.444546 -0.093463 0.917571 0.386429 0.188099 -0.364865 0.911862 -0.977693 -0.157912 0.138493
-0.181773 -7.143243 -11.308400 137.902489 -0.046943 0.914333 0.402234 0.104044 -0.396012 0.912332 -0.993464 -0.084677 0.076541
1.065518 -7.629471 7.558110 33.205750 0.371108 0.868398 -0.328882 -0.671851 0.006610 -0.740657 0.641011 -0.495823 -0.585887
1.576878 -7.759220 -6.166015 -37.349221 0.387089 0.888376 -0.246881 -0.597326 0.037640 -0.801115 0.702399 -0.457571 -0.545220
1.548648 -11.509812 -5.474702 -147.006344 0.274055 0.900440 -0.337790 -0.755560 -0.015715 -0.654891 0.594998 -0.434696 -0.676030
5.995697 -24.084525 -67.288690 -514.814232 0.298417 0.951559 -0.074049 -0.466586 0.077763 -0.881051 0.832613 -0.297470 -0.467190
3.879592 -8.660126 -46.505124 -83.566614 0.397288 0.915361 -0.065400 -0.295262 0.060023 -0.953529 0.868898 -0.398136 -0.294117
3.361633 -9.187780 -14.223417 -78.589281 0.255828 0.964799 0.060953 -0.291283 0.137051 -0.946769 0.921795 -0.224456 -0.316091
4.595953 -22.424394 43.560308 -427.347007 0.103935 0.984640 0.140294 -0.480490 0.173214 -0.859725 0.870820 -0.021945 -0.491112
1.937259 -7.825929 6.822069 17.694540 0.189462 0.965662 0.177765 -0.126896 0.203607 -0.970794 0.973654 -0.161370 -0.161115
3.389701 -11.110777 46.310042 -116.648594 0.064878 0.979751 0.189419 -0.309028 0.200214 -0.929740 0.948837 -0.001783 -0.315760
-3.938898 -5.683755 -3.302852 6.698144 -0.279704 0.896997 0.342290 -0.309673 -0.421754 0.852189 -0.908773 -0.132363 -0.395743
-3.417396 -5.217306 7.611980 11.273542 -0.288128 0.953000 0.093668 -0.279511 -0.177255 0.943639 -0.915891 -0.245707 -0.317446
-3.370961 -5.061591 1.515179 14.325190 -0.208531 0.960926 0.182033 -0.144339 -0.214324 0.966039 -0.967306 -0.175174 -0.183392
-2.603368 -4.421872 -0.953838 13.883877 -0.245888 0.963313 -0.107550 -0.112269 0.081905 0.990296 -0.962775 -0.255576 -0.088011
-2.871031 -4.256797 -10.958020 26.462481 -0.188735 0.981998 0.007730 -0.006677 -0.009155 0.999936 -0.982005 -0.188672 -0.008285
7.520986 -6.405196 5.486404 10.762716 -0.068066 0.451443 0.889700 0.001923 0.891826 -0.452374 -0.997679 -0.029081 -0.061571
9.241238 -7.345182 114.481836 -1.276706 -0.142631 0.452037 0.880522 -0.163358 0.866666 -0.471385 -0.976202 -0.211075 -0.049770
8.647385 -6.942948 101.375237 1.372475 -0.133608 0.428557 0.893582 -0.002339 0.901527 -0.432717 -0.991031 -0.059905 -0.119449
-0.704099 -3.526068 -39.577430 -3.917758 -0.263300 0.770004 0.581177 -0.316940 -0.638039 0.701752 -0.911165 -0.000573 -0.412041
0.243371 -3.540922 -34.301176 -5.386162 -0.268395 0.759412 0.592670 -0.298958 -0.650530 0.698165 -0.915745 -0.010201 -0.401631
-0.642368 -3.683481 -45.409464 -6.930454 -0.273467 0.762179 0.586769 -0.200689 -0.641808 0.740139 -0.940712 -0.084646 -0.328474
-1.529472 -3.675023 -37.949952 -6.654755 -0.232814 0.793150 0.562771 -0.226313 -0.606971 0.761819 -0.945823 -0.049999 -0.320811
-0.876926 -3.617759 22.194298 10.814680 0.021553 -0.397513 -0.917343 -0.216285 0.893974 -0.392468 0.976092 0.206866 -0.066708
-1.219527 -3.715215 3.848387 31.715515 0.108054 -0.578594 -0.808426 -0.237034 0.774741 -0.586167 0.965473 0.254963 -0.053433
-1.818098 -4.597563 -4.814985 66.620922 0.093561 -0.672337 -0.734309 -0.116668 0.725059 -0.678733 0.988754 0.149173 -0.010604
-1.034226 -3.547282 36.996745 5.324483 -0.013929 -0.329065 -0.944205 -0.141561 0.935434 -0.323920 0.989832 0.129150 -0.059612
-1.825336 -4.150381 13.044033 42.428188 0.024575 -0.579278 -0.814760 -0.075786 0.811581 -0.579304 0.996821 0.075984 -0.023957
-2.031641 -8.884269 5.732605 155.342131 -0.113330 0.830906 0.544749 0.061793 0.553115 -0.830810 0.991634 0.060494 0.114029
-2.140464 -7.307721 5.989993 140.955156 -0.055937 0.814297 0.577747 0.031186 0.579795 -0.814165 0.997947 0.027524 0.057827
-0.310039 -3.537102 7.310349 10.627310 -0.150491 0.864224 0.480072 0.853201 -0.131767 0.504664 -0.499401 -0.485545 0.717527
0.578715 -3.111926 -25.428384 14.450081 0.035414 -0.846993 -0.530424 0.905843 -0.196984 0.375027 -0.422130 -0.493762 0.760267
0.212797 -3.433489 26.814927 8.674087 -0.051602 0.853221 0.518991 0.858053 -0.228013 0.460168 -0.510961 -0.469067 0.720343
0.016941 -5.907963 -9.088825 27.581753 0.061059 -0.951000 -0.303101 0.996753 0.042123 0.068629 -0.052499 -0.306307 0.950484
-0.203309 -5.913689 -3.663528 20.641010 0.083516 -0.944842 -0.316698 0.995910 0.068149 0.059314 -0.034460 -0.320357 0.946670
0.094072 -5.854849 -7.650118 2.524586 0.070053 -0.949262 -0.306586 0.994274 0.091305 -0.055517 0.080693 -0.300942 0.950222
0.355061 -5.741176 -10.842460 -0.912911 0.053579 -0.950682 -0.305504 0.997795 0.062971 -0.020965 0.039168 -0.303708 0.951960
0.400955 -5.996795 -7.710465 -29.987300 0.057026 -0.945600 -0.320293 0.985002 0.105618 -0.136443 0.162849 -0.307709 0.937441
0.191938 -6.053257 -5.254535 -18.937992 0.077360 -0.945243 -0.317067 0.972831 0.141169 -0.183499 0.218211 -0.294257 0.930482
-0.980151 -6.986602 -1.274753 8.362110 -0.092098 0.731983 0.675069 -0.130476 -0.680976 0.720588 -0.987165 0.021716 -0.158222
-0.811215 -6.881136 -4.381294 5.989764 -0.142071 0.714247 0.685322 -0.125927 -0.699761 0.703190 -0.981814 -0.013602 -0.189359
-1.050516 -6.951630 -1.507504 -2.456926 -0.095827 0.737286 0.668750 0.084022 -0.663453 0.743485 -0.991845 -0.127436 -0.001628
-0.671768 -7.490674 -4.581705 27.993904 -0.144439 0.705585 0.693749 -0.341886 -0.693509 0.634160 -0.928575 0.145586 -0.341399
-1.064506 -7.059265 1.251370 -1.325653 -0.041061 0.755041 0.654390 0.082268 -0.650164 0.755327 -0.995764 -0.084849 0.035419
-0.843665 -7.625886 -1.051197 28.033731 -0.090349 0.723485 0.684402 -0.351318 -0.666187 0.657853 -0.931887 0.181007 -0.314363
-0.991572 -7.092325 1.935111 7.460570 -0.034382 0.745522 0.665594 -0.135078 -0.663343 0.736023 -0.990238 0.064601 -0.123510
-0.365878 -4.228041 -2.879152 4.715922 0.194639 0.865775 0.461030 0.288143 -0.499749 0.816838 -0.937598 0.026146 0.346737
-0.022451 -4.070584 6.534940 -1.358226 0.199540 0.869204 0.452403 0.295256 -0.493564 0.818058 -0.934349 0.029660 0.355123
-0.039147 -4.097833 14.775892 -0.264133 0.207518 0.882419 0.422223 0.175036 -0.458148 0.871471 -0.962444 0.106942 0.249530
-0.344709 -4.301120 5.545918 1.479892 0.194311 0.883559 0.426106 0.184018 -0.459506 0.868902 -0.963525 0.090426 0.251878
-0.220091 -4.029737 8.957311 -10.496769 0.190088 0.902148 0.387292 0.039792 -0.401240 0.915108 -0.980960 0.158540 0.112169
0.223158 -3.849351 18.712226 -4.714916 0.203406 0.894727 0.397605 0.055550 -0.415987 0.907672 -0.977517 0.162539 0.134316
0.394239 -8.761376 -6.138209 -8.864499 -0.083193 0.831912 0.548636 0.989713 0.004675 0.142988 0.116389 0.554888 -0.823743
0.492818 -8.063622 0.009358 -18.198681 -0.061361 0.809748 0.583561 0.995657 0.008650 0.092690 0.070008 0.586714 -0.806762
0.515601 -8.360042 -6.434578 -26.729317 -0.038490 0.834544 0.549595 0.985132 0.123846 -0.119064 -0.167430 0.536841 -0.826903
0.673540 -7.667709 22.646929 -107.893068 -0.261669 0.810406 0.524187 0.871472 0.431806 -0.232551 0.414808 -0.395963 0.819236
0.120437 -8.186025 1.914928 -73.637531 -0.153913 0.849150 0.505228 0.871627 0.357509 -0.335341 0.465378 -0.388757 0.795167
0.019114 -9.698322 12.392710 -77.252031 -0.221160 0.818564 0.530133 0.770730 0.479775 -0.419276 0.597549 -0.315862 0.736999
0.722528 -9.549910 28.321539 -108.508662 -0.307705 0.769930 0.559039 0.764009 0.550123 -0.337127 0.567105 -0.323375 0.757509
-0.251530 -10.776635 11.962621 -59.249976 -0.249374 0.789455 0.560868 0.624547 0.573734 -0.529878 0.740104 -0.218150 0.636126
-0.550178 -10.443242 -1.880586 -37.218674 -0.183778 0.817744 0.545455 0.600031 0.532852 -0.596684 0.778581 -0.217633 0.588598
1.204810 -13.333460 -3.611721 15.118096 -0.235135 0.726243 0.645974 -0.572808 0.433391 -0.695747 0.785241 0.533613 -0.314093
0.729796 -14.179967 5.541032 -16.912168 -0.224304 0.720203 0.656503 -0.394039 0.549115 -0.737025 0.891303 0.424006 -0.160620
1.391776 -13.630441 26.623298 15.791241 -0.255440 0.686644 0.680640 -0.691502 0.362261 -0.624973 0.675704 0.630307 -0.382280
0.695982 -14.106988 -19.350644 -4.800825 -0.210432 0.755374 0.620587 -0.305365 0.552250 -0.775740 0.928693 0.352746 -0.114454
1.392716 -12.585444 14.256913 -102.279886 -0.266015 0.707812 0.654399 0.825190 -0.183710 0.534146 0.498294 0.682095 -0.535210
0.834854 -13.753379 -33.163933 54.410837 -0.208656 0.781067 0.588555 -0.588631 0.380293 -0.713366 0.781010 0.495290 -0.380409
3.746685 -137.708244 63.390606 -3603.481504 0.442386 -0.811853 -0.381038 0.770848 0.127070 0.624217 -0.458353 -0.569867 0.682029
-6.599203 -56.195696 161.771138 -1027.335277 0.163238 -0.856684 -0.489331 0.941903 -0.012251 0.335661 -0.293551 -0.515695 0.804914
-3.585871 -51.076734 -90.633686 -1266.167333 -0.199858 0.871709 0.447415 0.578516 -0.263559 0.771917 -0.790807 -0.413111 0.451623
-2.010301 -336.505682 84.773691 -7299.834615 0.552624 -0.700819 -0.451064 0.830949 0.505040 0.233361 0.064262 -0.503772 0.861443
-1.063207 -87.512409 -31.431227 -1996.128811 -0.274815 0.851648 0.446287 0.768934 -0.083997 0.633787 -0.577250 -0.517339 0.631777
-86.340221 -309.502656 862.487943 14761.917927 0.713119 -0.427304 -0.555764 0.695845 0.335073 0.635237 0.085217 0.839725 -0.536284
-2.654668 -281.010785 -2.297821 -2076.001559 -0.229834 0.971688 -0.054766 -0.609156 -0.187515 -0.770563 0.759016 0.143740 -0.635007
-44.297169 -194.475199 -1002.282706 -506.842053 -0.040507 0.988087 -0.148471 -0.902828 0.027469 0.429124 -0.428090 -0.151426 -0.890960
-262.209811 -802.453614 -8562.635707 43130.179664 0.747781 0.551760 -0.369303 0.066637 0.491046 0.868581 -0.660593 0.674118 -0.330428
0.476727 -5.521212 12.354667 -31.574321 -0.193599 0.879492 -0.434756 0.930538 0.024212 -0.365393 -0.310834 -0.475297 -0.823088
0.467635 -13.216903 34.859194 -225.671678 -0.018961 0.900015 -0.435446 0.987372 -0.051657 -0.149763 -0.157282 -0.432787 -0.887670
0.371622 -7.376202 10.297130 -59.889015 -0.181267 0.883139 -0.432675 0.920591 -0.002372 -0.390520 -0.345910 -0.469105 -0.812580
-4.755132 -6.055541 -17.017700 5.412531 0.258231 0.868804 0.422489 0.965698 -0.219795 -0.138264 -0.027264 0.443701 -0.895760
-5.033394 -6.190268 -64.910127 12.815797 0.116328 0.944421 0.307468 0.990413 -0.087082 -0.107234 -0.074500 0.316994 -0.945497
-4.302079 -6.363860 -13.541745 8.865999 -0.100813 0.952102 0.288684 0.987734 0.130558 -0.085656 -0.119243 0.276508 -0.953585
-4.139917 -6.040966 -2.943801 30.445334 -0.229119 0.948592 0.218350 0.972574 0.213861 0.091452 0.040054 0.233315 -0.971576
-4.337224 -5.353336 18.538772 12.268301 -0.579410 0.284321 -0.763836 0.747247 0.559514 -0.358560 0.325430 -0.778528 -0.536647
-3.688972 -5.353947 20.614652 12.990855 -0.639367 0.410258 -0.650307 0.735344 0.573390 -0.361239 0.224678 -0.709163 -0.668287
-4.234098 -5.154375 19.991689 19.387379 -0.573971 0.326402 -0.751012 0.697888 0.674759 -0.240110 0.428379 -0.661939 -0.615084
-4.245861 -5.499230 19.740921 -2.169638 -0.562804 0.317908 -0.763011 0.807999 0.406262 -0.426719 0.174325 -0.856671 -0.485515
-4.770095 -5.347558 8.999890 13.386618 -0.528425 0.116134 -0.840999 0.710087 0.603425 -0.362842 0.465342 -0.788917 -0.401330
-4.780320 -5.453259 11.522776 2.966942 -0.479446 0.147033 -0.865166 0.817199 0.434145 -0.379082 0.319870 -0.888763 -0.328305
1.950075 -3.544286 -47.598893 116.206153 -0.631038 0.766636 -0.118574 -0.391626 -0.446769 -0.804379 0.669642 0.461157 -0.582163
-0.063949 -1.633310 6.189607 -7.026117 0.330071 0.893527 0.304406 -0.909910 0.386995 -0.149325 0.251230 0.227694 -0.940765
1.136512 -4.760697 59.899917 0.167020 0.376218 0.925387 -0.046031 0.921471 -0.378886 -0.085647 0.096697 0.010195 0.995262
1.975530 -4.717721 74.108811 -8.608703 0.348377 0.935957 -0.051169 0.930542 -0.338759 0.139048 -0.112809 0.096055 0.988963
3.070408 -4.634984 0.604646 -5.132002 0.251994 0.960798 0.115609 0.950663 -0.268114 0.156060 -0.180939 -0.070579 0.980959
1.657344 -3.574992 -38.199340 -25.929521 0.141479 0.861047 0.488448 0.029506 -0.496860 0.867329 -0.989501 0.108296 0.095701
0.187858 -3.638555 -16.147707 -4.002463 0.142429 0.766678 0.626035 -0.203589 -0.596268 0.776541 -0.968641 0.238056 -0.071161
0.964575 -3.366093 -28.895504 -12.338351 0.139289 0.794828 0.590632 -0.107965 -0.580702 0.806926 -0.984348 0.176164 -0.004928
-0.028279 -11.303321 0.201110 18.023100 0.120076 -0.835705 -0.535891 0.905335 0.313677 -0.286313 0.407370 -0.450782 0.794258
-0.044522 -11.037336 0.628344 -31.051641 0.105739 -0.838845 -0.534003 0.922546 0.283172 -0.262150 0.371118 -0.464923 0.803815
0.066322 -12.183684 -0.359874 55.095390 0.121911 -0.834969 -0.536623 0.959907 0.236684 -0.150199 0.252422 -0.496797 0.830347
-0.085119 -10.863494 0.138370 8.909112 -0.119857 0.836278 0.535045 0.821541 0.386133 -0.419491 0.557409 -0.389283 0.733317
-0.074194 -10.728906 0.234547 46.742420 -0.127384 0.835006 0.535293 0.801643 0.404482 -0.440186 0.584074 -0.373041 0.720901
0.010123 -11.125206 0.882594 57.241111 -0.135235 0.835760 0.532181 0.885809 0.342623 -0.312972 0.443907 -0.429086 0.786659
-0.241975 -1.227546 -35.787701 -2.373785 0.812500 -0.013182 0.582812 0.450813 -0.619651 -0.642495 -0.369609 -0.784767 0.497524
0.078254 -1.185459 -41.979845 1.567064 0.875208 -0.116302 0.469559 0.302526 -0.625844 -0.718886 -0.377478 -0.771228 0.512559
1.147968 -1.032592 -47.957457 0.591480 0.906570 -0.157681 0.391494 0.226973 -0.599892 -0.767211 -0.355828 -0.784389 0.508055
-0.063132 -1.255701 -31.580985 -6.818275 0.806080 0.000914 0.591806 0.471634 -0.605051 -0.641463 -0.357486 -0.796186 0.488151
-0.703925 -1.561745 22.183499 -17.654652 -0.564100 -0.236101 -0.791232 0.745929 -0.556645 -0.365700 -0.354093 -0.796494 0.490118
-0.646665 -9.062294 13.583953 -20.408004 -0.227936 -0.632360 -0.740382 -0.307476 0.768237 -0.561490 0.923853 0.099667 -0.369544
-0.669964 -10.377312 15.668277 -101.748437 -0.241648 -0.606154 -0.757749 -0.449347 0.762021 -0.466274 0.860054 0.227818 -0.456514
-0.042995 -8.410556 10.252481 34.851786 -0.208005 -0.687395 -0.695861 -0.164211 0.725865 -0.667949 0.964245 -0.024669 -0.263861
-0.793444 -10.841289 4.172451 -90.547938 -0.247826 -0.559459 -0.790941 -0.461250 0.786078 -0.411496 0.851957 0.262843 -0.452861
-0.343978 -9.095326 5.801753 36.473572 -0.215290 -0.662607 -0.717358 -0.152547 0.748385 -0.645484 0.964562 -0.029536 -0.262199
-0.637603 -10.046289 -1.164888 -7.798130 -0.233360 -0.589414 -0.773391 -0.306645 0.799375 -0.516691 0.922774 0.116581 -0.367283
501.030355 -16.300872 18002.112259 -813.534356 0.808162 -0.385506 0.445263 -0.537992 -0.175564 0.824465 0.239664 0.905849 0.349283
68.109481 0.784484 -2202.919358 654.731669 0.650184 0.483810 0.585823 -0.487687 -0.325487 0.810074 -0.582600 0.812395 -0.024321
437.778524 -63.532015 -12297.225644 -2179.316090 0.418793 0.641533 0.642689 0.667768 0.262053 -0.696717 -0.615385 0.720947 -0.318649
46.752810 -4.201555 -1460.733689 -265.891840 -0.471276 0.880186 0.056319 0.413166 0.276733 -0.867590 0.779226 0.385605 0.494080
51.601087 -3.113123 -1812.976405 -203.847648 -0.437517 0.875623 -0.204607 0.503528 0.050047 -0.862528 0.745009 0.480396 0.462797
-0.867189 -11.760690 -2.958133 -17.049999 -0.359889 -0.893515 -0.268536 0.877531 -0.226413 -0.422702 0.316890 -0.387774 0.865570
-0.958589 -12.378858 -4.082508 61.673243 -0.414901 -0.873335 -0.255233 0.904012 -0.363907 -0.224353 0.103054 -0.323818 0.940490
-0.812707 -11.846371 7.534814 13.068506 -0.397961 -0.865757 -0.303465 0.898244 -0.300465 -0.320747 0.186509 -0.400231 0.897235
-0.845160 -12.720112 2.469978 65.777297 -0.444071 -0.849239 -0.285645 0.892704 -0.446638 -0.059940 -0.076676 -0.281615 0.956459
-0.865559 -11.192958 11.973035 8.964619 -0.374560 -0.866630 -0.329631 0.819616 -0.143250 -0.554715 0.433514 -0.477945 0.763960
-0.798845 -11.602000 7.509655 14.002002 -0.390378 -0.857288 -0.335653 0.864740 -0.216311 -0.453248 0.315959 -0.467191 0.825774
-0.718154 -12.675946 1.299075 16.587933 -0.419908 -0.853526 -0.308498 0.907114 -0.383976 -0.172353 0.028651 -0.352215 0.935480
2.664158 -3.686213 -24.471302 10.170912 0.101301 0.814469 0.571296 -0.144884 0.580205 -0.801480 0.984249 0.001581 -0.176779
2.793070 -3.475642 -39.196016 10.238765 0.131966 0.808092 0.574084 -0.257770 0.587200 -0.767301 0.957152 0.046724 -0.285792
2.183619 -3.592764 -45.308525 8.678484 0.181401 0.815527 0.549554 -0.269867 0.578654 -0.769630 0.945656 0.008695 -0.325052
0.867629 -3.415925 9.486864 2.777024 -0.128473 0.766362 0.629432 -0.143000 0.613743 -0.776447 0.981349 0.189762 -0.030740
0.994599 -3.471028 5.430202 1.161129 -0.132693 0.778848 0.613016 -0.026135 0.615521 -0.787687 0.990813 0.120542 0.061320
0.632765 -3.352882 12.214606 3.993180 -0.159682 0.789686 0.592367 -0.136182 0.576707 -0.805520 0.977730 0.209297 -0.015451
1.124911 -3.508158 2.577047 1.588939 -0.100762 0.755018 0.647916 -0.054293 0.646087 -0.761330 0.993428 0.111890 0.024109
0.466739 -3.176686 8.984124 8.006202 -0.145470 0.778166 0.610980 -0.252358 0.567938 -0.783430 0.956637 0.268151 -0.113759
0.954714 -3.450331 4.872998 1.858544 -0.095476 0.746017 0.659047 -0.155293 0.642803 -0.750126 0.983244 0.173965 -0.054479
0.679617 -3.205390 7.748151 5.598406 -0.115995 0.755361 0.644962 -0.259222 0.603818 -0.753795 0.958827 0.254625 -0.125767
-3.595658 -8.277481 -25.654655 8.370180 -0.522908 -0.488640 -0.698425 -0.033089 0.830393 -0.556195 0.851746 -0.267729 -0.450388
-0.603868 -3.369343 2.738165 9.088983 0.253756 -0.678873 -0.689014 0.834889 0.513423 -0.198387 0.488435 -0.524908 0.697067
-0.396716 -2.228367 -11.793002 18.543502 0.271346 0.914599 0.299800 0.643072 0.059480 -0.763492 0.716121 -0.399963 0.572014
-0.062205 -1.906806 -12.004721 13.886481 0.127056 0.886822 0.444301 0.659761 0.258915 -0.705464 0.740657 -0.382765 0.552194
1.028608 -5.280297 -17.212206 167.636406 -0.044523 0.949355 0.311035 0.113964 -0.304485 0.945675 -0.992487 -0.077551 0.094635
3.925061 -10.632693 -47.803394 -107.855701 0.380299 0.914088 -0.140769 -0.483610 0.066802 -0.872731 0.788349 -0.399976 -0.467467
-3.772148 -5.540728 14.272347 7.309815 -0.324523 0.931242 0.165753 -0.424040 -0.299875 0.854556 -0.845503 -0.207037 -0.492200
-3.653389 -5.177501 -1.212023 12.192877 -0.352199 0.932421 -0.080918 -0.395684 -0.069992 0.915716 -0.848169 -0.354532 -0.393595
-3.270754 -4.819338 -8.893005 11.969422 -0.324824 0.923089 -0.205903 -0.317215 0.098764 0.943197 -0.890991 -0.371689 -0.260736
9.085622 -7.751342 71.705393 15.588863 -0.386721 0.398666 0.831572 -0.091195 0.880778 -0.464666 -0.917677 -0.255531 -0.304258
0.124373 -3.427521 -28.438724 0.365389 -0.263860 0.760460 0.593362 -0.398828 -0.646128 0.650734 -0.878245 0.064947 -0.473780
0.857135 -3.441271 -26.240311 0.076117 -0.250523 0.761517 0.597771 -0.374442 -0.645626 0.665553 -0.892766 0.057094 -0.446888
1.236652 -3.566764 -23.430719 -5.315479 -0.223286 0.774930 0.591292 -0.282878 -0.632017 0.721481 -0.932804 0.006167 -0.360331
-0.654424 -3.912576 12.554328 -8.714899 0.073040 -0.496970 -0.864688 -0.296836 0.816880 -0.494566 0.952131 0.292794 -0.087853
-0.780627 -3.862865 -2.655481 -0.656246 0.162399 -0.639146 -0.751744 -0.304186 0.692323 -0.654339 0.938668 0.334934 -0.081987
-1.168362 -4.109903 11.431452 60.545959 -0.202085 0.733583 0.648858 -0.222481 0.610820 -0.759869 0.953763 0.297917 -0.039771
0.173364 -2.741709 -0.677503 12.909249 -0.170448 -0.861256 -0.478733 0.910708 -0.323201 0.257201 -0.376244 -0.392147 0.839441
0.085304 -2.603051 6.992429 8.755384 -0.204775 -0.836062 -0.508986 0.895440 -0.370017 0.247538 -0.395291 -0.405077 0.824413
0.016048 -3.013687 -0.669830 16.493031 0.163065 0.861149 0.481490 0.874478 -0.352121 0.333614 -0.456835 -0.366652 0.810474
0.207174 -2.413152 11.393873 0.171823 -0.221028 -0.822496 -0.524067 0.918910 -0.355655 0.170628 -0.326728 -0.443857 0.834410
0.110944 -2.968530 8.486395 10.661848 0.138620 0.877032 0.459999 0.890016 -0.314036 0.330534 -0.434345 -0.363588 0.824105
0.026765 -2.914726 -12.492152 17.714194 -0.137517 -0.882635 -0.449493 0.932073 -0.268867 0.242798 -0.335156 -0.385571 0.859654
0.232126 -2.521944 1.962719 7.967638 -0.210075 -0.843770 -0.493883 0.934607 -0.321609 0.151912 -0.287016 -0.429673 0.856156
-0.276762 -6.098496 -4.239105 15.560107 0.069131 -0.943501 -0.324080 0.973751 -0.006800 0.227513 -0.216863 -0.331301 0.918265
-0.379095 -5.964946 0.768397 10.000192 0.090754 -0.934838 -0.343280 0.974484 0.012305 0.224118 -0.205290 -0.354861 0.912102
-0.885229 -6.942499 -4.271275 -8.414140 -0.140803 0.715631 0.684140 0.083649 -0.679954 0.728468 -0.986498 -0.159798 -0.035877
-0.538497 -6.746497 -7.200576 -1.256918 -0.181072 0.696275 0.694561 0.114714 0.716367 -0.688229 -0.976757 -0.044943 -0.209586
-0.406330 -7.226615 -6.709226 -26.166205 -0.185491 0.683880 0.705621 0.324532 0.720425 -0.612917 -0.927509 0.115306 -0.355573
1.575173 -7.223711 -37.326828 -126.228096 0.352056 -0.742669 -0.569648 0.838575 0.520613 -0.160482 0.415751 -0.421193 0.806069
2.180139 -7.199738 -18.182531 -139.903976 0.347380 -0.669427 -0.656654 0.809623 0.567419 -0.150154 0.473115 -0.479482 0.739094
2.171581 -5.191059 -36.523601 -95.607586 0.388652 -0.712693 -0.583968 0.861517 0.505823 -0.043951 0.326708 -0.486016 0.810586
-0.286364 -3.944111 -16.916913 -30.788396 0.183486 -0.490436 -0.851942 -0.570404 0.652717 -0.498599 0.800608 0.577437 -0.159982
-0.781261 -5.671744 -23.949650 -85.615155 0.210712 -0.467540 -0.858491 -0.591364 0.638322 -0.492782 0.778389 0.611516 -0.141984
0.062540 -5.853674 -30.679077 -90.245025 0.212438 -0.454737 -0.864919 -0.648565 0.596444 -0.472883 0.730913 0.661414 -0.168219
0.651693 -13.641075 52.370877 -41.008108 -0.280035 0.651220 0.705332 -0.649058 0.412912 -0.638927 0.707321 0.636724 -0.307050
0.248859 -13.153645 27.665094 -43.420520 -0.259591 0.684963 0.680763 -0.396991 0.566922 -0.721802 0.880347 0.457630 -0.124756
0.464515 -12.043961 10.422880 16.205206 -0.268161 0.739918 0.616937 -0.116114 0.610899 -0.783147 0.956351 0.281645 0.077905
0.631293 -13.276626 -15.154420 -13.506002 -0.207918 0.757207 0.619199 -0.048575 0.624259 -0.779706 0.976939 0.192192 0.093013
-2.300215 -6.302663 14.564194 23.006012 -0.206480 0.687918 0.695798 0.390557 -0.594069 0.703241 -0.897124 -0.416954 0.146008
-2.253499 -5.831666 13.281994 12.865402 -0.245890 0.742074 0.623590 0.535355 -0.432342 0.725586 -0.808043 -0.512256 0.290965
-1.947820 -6.220164 16.247227 21.836916 -0.168672 0.724952 0.667828 0.430939 -0.555112 0.711437 -0.886477 -0.407793 0.218778
-2.525072 -5.430926 10.127891 25.224318 -0.269724 0.693134 0.668442 0.527401 -0.474458 0.704797 -0.805666 -0.542637 0.237587
-2.487535 -5.966844 4.425507 26.442857 -0.289565 0.629984 0.720605 0.412241 -0.597370 0.687900 -0.863834 -0.496255 0.086728
-2.895492 -49.812922 -54.326730 -1513.779646 -0.056260 0.842164 0.536279 0.625601 -0.388874 0.676313 -0.778112 -0.373546 0.504981
-1.444789 -107.641451 45.207983 -2555.032355 0.257405 -0.809102 -0.528296 0.964163 0.178681 0.196120 -0.064285 -0.559846 0.826099
-0.235529 -108.439088 -32.038385 3099.815738 -0.287266 0.856395 0.429028 0.809507 0.456497 -0.369201 0.512032 -0.241242 0.824394
-119.891149 -219.527676 -4942.000333 6011.960762 -0.221683 -0.018592 0.974942 0.754765 -0.636313 0.159485 0.617403 0.771207 0.155093
-45.255258 -159.361297 -959.895569 -2225.164640 -0.285616 0.898464 -0.333445 0.500949 -0.156648 -0.851182 0.816990 0.410150 0.405344
-2.048139 -3.779783 -2.430721 4.370585 -0.005870 -0.798007 -0.602619 0.970617 -0.149516 0.188539 -0.240557 -0.583806 0.775437
-2.114371 -3.931537 6.530504 5.573965 0.021371 -0.738675 -0.673723 0.978889 -0.121550 0.164320 -0.203271 -0.663012 0.720483
-2.070503 -3.576232 -1.998219 26.452972 -0.076789 -0.779409 -0.621792 0.990804 -0.129330 0.039754 -0.111401 -0.613022 0.782173
-0.145348 -9.476872 0.523682 -24.651153 0.116372 0.812360 0.571427 0.461865 -0.553606 0.692966 -0.879283 -0.183280 0.439625
-0.225740 -9.001040 1.630786 -11.212701 0.105414 0.816191 0.568084 0.471231 -0.544054 0.694224 -0.875688 -0.194518 0.441965
-0.109314 -9.732794 0.428736 -2.910860 0.103237 0.822593 0.559180 0.640906 -0.484933 0.595046 -0.760646 -0.296951 0.577268
-0.051477 -9.578156 0.589991 21.821767 0.085456 0.833510 0.545856 0.786290 -0.392895 0.476845 -0.611919 -0.388451 0.688956
-0.025087 -10.279022 -0.214282 19.926218 0.105904 0.824011 0.556588 0.779612 -0.416253 0.467909 -0.617243 -0.384369 0.686492
1.702052 -20.295030 28.985400 224.033147 0.096358 0.803949 0.586840 -0.812684 -0.276861 0.512730 -0.574682 0.526321 -0.626679
1.274482 -19.304764 13.241071 2.537740 0.100224 0.789775 0.605153 0.949555 0.105723 -0.295241 -0.297153 0.604217 -0.739339
0.971468 -16.887086 9.619468 60.311538 0.110785 0.790804 0.601960 -0.809167 -0.279900 0.516628 -0.577040 0.544321 -0.608884
0.405137 -68.709761 -81.413735 1629.515332 -0.174815 0.780808 -0.599815 0.940534 -0.047785 -0.336321 -0.291264 -0.622941 -0.726023
-1.286376 -14.821161 -18.781397 251.292851 -0.190445 0.786169 -0.587936 0.896543 -0.104695 -0.430405 -0.399926 -0.609079 -0.684896
-10.846243 -37.247942 -31.504733 678.178239 0.122288 0.620438 -0.774662 0.888786 -0.415826 -0.192737 -0.441706 -0.664940 -0.602288
-5.923522 -17.087938 -51.504032 317.026023 0.093312 0.734906 -0.671719 0.957147 -0.251988 -0.142728 -0.274157 -0.629616 -0.726926
-1.968379 -5.683016 89.553318 -53.121063 0.170372 0.755130 0.633050 0.981310 -0.071694 -0.178579 -0.089464 0.651643 -0.753231
-1.004440 -6.619856 84.159840 43.150358 0.256827 0.712910 0.652533 0.955865 -0.287062 -0.062592 0.142695 0.639808 -0.755171
-1.975141 -6.297862 46.334759 104.558557 0.301951 0.754346 0.582913 0.882008 -0.453100 0.129472 0.361785 0.475040 -0.802153
-3.475924 -5.078231 18.169783 12.707445 -0.619606 0.449808 -0.643243 0.713408 0.664475 -0.222538 0.327319 -0.596780 -0.732609
-2.960917 -5.372884 10.906741 11.950456 -0.664818 0.502480 -0.552749 0.732536 0.583466 -0.350654 0.146314 -0.638029 -0.755983
-3.478459 -5.554274 17.575247 3.793245 -0.632478 0.437416 -0.639249 0.771141 0.433249 -0.466515 0.072893 -0.788012 -0.611330
-12.765170 -53.149507 316.974894 -1878.836903 -0.324578 0.674276 0.663326 0.896845 -0.003432 0.442332 0.300530 0.738472 -0.603607
-5.379911 -51.750643 34.829023 -1850.627669 -0.375969 0.819390 0.432720 0.842920 0.108460 0.526994 0.384881 0.562882 -0.731458
0.041839 -17.588905 -61.670565 635.009142 -0.398780 0.888582 0.226709 -0.710691 -0.143216 -0.688773 0.579563 0.435789 -0.688618
-0.085225 -1.578588 2.178629 -0.925602 0.285498 0.913044 0.291277 0.934566 -0.332565 0.126442 0.212316 0.236118 -0.948246
0.016879 -1.710899 4.206119 -11.013168 0.420345 0.852266 0.311373 -0.874787 0.471772 -0.110359 0.240952 0.225996 -0.943858
-0.245246 -1.575950 -2.020993 -14.533877 0.300186 0.912395 0.278252 0.941711 -0.329915 0.065853 0.151883 0.242264 -0.958248
-0.135956 -1.707552 5.185159 1.800323 0.432799 0.847586 0.307056 0.881490 -0.469240 0.052803 0.188838 0.247814 -0.950225
0.244218 -4.748989 30.395612 9.268961 0.440123 0.897335 -0.032875 0.858409 -0.431209 -0.277835 0.263487 -0.094062 0.960066
0.269148 -4.267822 25.206057 11.462861 0.407357 0.913098 -0.017697 0.821798 -0.374941 -0.429030 0.398382 -0.160225 0.903117
3.368891 -3.771933 -60.055455 -20.314026 0.144755 0.891372 0.429537 0.192582 -0.451188 0.871402 -0.970545 0.043419 0.236974
0.410923 -4.985485 -2.279846 42.607763 -0.005641 0.741201 0.671260 -0.153972 0.662622 -0.732957 0.988059 0.107490 -0.110386
1.466581 -1.053242 -55.970113 2.254751 0.917875 -0.210204 0.336631 0.146529 -0.608789 -0.779682 -0.368830 -0.764977 0.527991
122.258855 19.865439 -4519.090004 -389.515266 0.733329 0.636645 0.238563 -0.224496 -0.104461 0.968860 -0.641740 0.764049 -0.066320
