17390
34762
-6.193303 -8.701732 53.637593 133.406560 -0.268982 0.944458 -0.188805 -0.453667 -0.297161 -0.840168 0.849609 0.140336 -0.508400
-5.733485 -9.568241 18.059886 102.284352 -0.326536 0.921628 -0.209702 -0.348467 -0.323621 -0.879682 0.878604 0.214174 -0.426831
-7.904007 -10.454801 139.330639 122.030352 -0.176977 0.981631 0.071265 -0.387705 -0.002979 -0.921779 0.904635 0.190764 -0.381110
-4.701731 -7.943105 -34.733561 74.780361 -0.458586 0.777866 -0.429678 -0.349479 -0.602422 -0.717602 0.817046 0.178919 -0.548110
-7.810402 -11.157620 0.734084 304.215724 0.067502 0.912112 0.404345 -0.461751 0.387815 -0.797738 0.884437 0.132858 -0.447347
-6.459570 -8.371983 -24.180354 254.196656 0.026813 0.987797 0.153421 -0.583178 0.140109 -0.800170 0.811902 0.068017 -0.579818
-4.817531 -7.049082 59.317339 114.667953 -0.408799 0.814082 -0.412497 -0.449481 -0.572968 -0.685328 0.794261 0.094752 -0.600143
6.755811 -12.707017 4.141682 -42.462130 0.422347 0.890539 0.169007 -0.813583 0.290232 0.503834 -0.399632 0.350294 -0.847106
7.655367 -14.095998 -34.026609 64.134897 0.477545 0.853516 0.208476 0.766132 -0.288363 -0.574359 -0.430107 0.434002 -0.791612
7.988783 -13.362417 15.142082 -123.878665 0.371090 0.909530 0.187210 -0.761762 0.182875 0.621510 -0.531046 0.373246 -0.760709
8.318863 -12.790715 -7.635193 -152.167462 0.236809 0.964497 0.116909 -0.769638 0.112792 0.628439 -0.592941 0.238797 -0.769023
6.694919 -11.391744 30.662628 -47.977620 0.314940 0.941507 0.119906 -0.840054 0.217720 0.496898 -0.441727 0.257220 -0.859485
-6.721311 -8.523480 -54.358390 34.469742 0.452776 0.862990 0.224146 0.857239 -0.352195 -0.375633 -0.245224 0.362224 -0.899255
-7.029035 -8.897839 -46.214229 40.432027 0.464719 0.840824 0.277579 0.828177 -0.301825 -0.472254 -0.313302 0.449351 -0.836616
-7.260815 -8.322279 -49.509946 27.324699 0.634026 0.725891 0.266632 0.752779 -0.500421 -0.427670 -0.177013 0.471869 -0.863716
-6.809338 -7.896410 -54.114797 34.635099 0.582749 0.771991 0.253837 0.805784 -0.508389 -0.303731 -0.105430 0.381537 -0.918322
-1.038727 -3.382472 19.203953 12.779776 -0.260137 0.941057 0.216197 -0.536193 0.045420 -0.842873 0.803011 0.335185 -0.492772
-1.028247 -3.305785 4.740347 -28.019589 -0.334472 0.937471 0.096314 -0.523159 -0.099698 -0.846384 0.783858 0.333479 -0.523792
-0.754094 -2.989743 15.483705 -0.830598 -0.247151 0.935172 0.253711 -0.546242 0.081799 -0.833624 0.800335 0.344618 -0.490613
-0.603977 -3.246749 23.286101 45.259704 -0.179876 0.915573 0.359681 -0.545208 0.211553 -0.811168 0.818775 0.342011 -0.461124
-0.114632 -7.351896 -30.352859 -6.645097 -0.151712 0.970719 -0.186247 -0.561132 0.070536 0.824716 -0.813704 -0.229628 -0.534000
-0.309936 -7.265721 -37.617294 -2.330795 -0.156765 0.969713 -0.187299 -0.472792 0.092819 0.876272 -0.867117 -0.225922 -0.443922
-0.475792 -7.507999 -30.245568 4.900531 -0.159441 0.969582 -0.185715 -0.588257 0.057764 0.806608 -0.792800 -0.237854 -0.561153
-0.289828 -7.438833 -56.617855 3.928651 -0.175056 0.967839 -0.180672 -0.661269 0.020377 0.749872 -0.729438 -0.250742 -0.636435
-0.517267 -7.583684 22.411608 26.460330 -0.140092 0.977602 -0.157065 -0.615116 0.038376 0.787502 -0.775891 -0.206936 -0.595962
-0.686340 -7.554604 -18.824396 10.669938 -0.169306 0.971350 -0.166778 -0.678875 0.007734 0.734213 -0.714468 -0.237528 -0.658116
3.213414 -7.830004 201.457807 45.961623 0.430009 -0.780524 -0.453735 0.688770 -0.041302 0.723803 -0.583685 -0.623760 0.519841
3.849505 -7.496809 216.859285 8.466383 0.420433 -0.763011 -0.490968 0.758407 -0.001499 0.651780 -0.498051 -0.646384 0.578042
0.676120 -7.688064 174.925159 44.285475 0.340388 -0.745830 -0.572603 0.756913 -0.143959 0.637463 -0.557870 -0.650395 0.515526
6.178718 -7.810654 -110.071426 -39.847655 -0.393727 0.855038 0.337474 0.692287 0.034289 0.720807 -0.604746 -0.517430 0.605433
-0.390411 -7.915610 -194.013715 25.720243 -0.359979 0.750830 0.553777 0.663313 -0.211435 0.717852 -0.656072 -0.625739 0.421924
2.764793 -8.180779 -194.077185 52.915003 -0.434855 0.794690 0.423520 0.606628 -0.089063 0.789981 -0.665510 -0.600447 0.443351
5.475625 -8.354547 -191.537658 77.952491 -0.437848 0.819326 0.370127 0.648698 0.002868 0.761040 -0.622478 -0.573321 0.532751
-0.801153 -6.495037 50.711624 139.455848 -0.133397 0.988561 -0.070373 -0.924429 -0.098517 0.368410 -0.357263 -0.114200 -0.926996
-0.769547 -6.515930 19.562628 22.182585 -0.130614 0.987337 -0.090027 -0.962323 -0.104413 0.251060 -0.238481 -0.119427 -0.963776
-0.653327 -6.625075 16.440462 129.014328 -0.129304 0.985872 -0.106475 -0.925484 -0.081430 0.369931 -0.356035 -0.146374 -0.922938
-0.704482 -6.493813 9.226239 54.289504 -0.139006 0.985585 -0.096438 -0.908173 -0.088046 0.409230 -0.394839 -0.144467 -0.907321
-0.751729 -6.718194 -13.299281 43.938267 -0.121888 0.983957 -0.130277 -0.908693 -0.057824 0.413442 -0.399276 -0.168775 -0.901162
-0.620809 -6.771219 -6.323173 140.274186 -0.103033 0.984962 -0.138687 -0.926494 -0.044300 0.373693 -0.361930 -0.166996 -0.917125
0.899021 -8.088060 -25.238715 -96.107418 -0.140868 0.988767 -0.049955 -0.060337 0.041790 0.997303 -0.988188 -0.143502 -0.053772
0.789132 -7.809523 -11.540881 -28.817406 -0.126408 0.989800 -0.065698 0.013455 0.067934 0.997599 -0.991887 -0.125220 0.021905
1.090607 -7.448717 -5.033551 -20.272860 -0.144214 0.988559 -0.044201 0.055340 0.052656 0.997078 -0.987998 -0.141346 0.062300
0.929266 -7.784487 -9.149841 34.299364 -0.132456 0.990829 -0.026695 0.172184 0.049524 0.983819 -0.976119 -0.125716 0.177164
1.546150 -7.357233 31.067251 122.921973 -0.121911 0.992527 0.005203 0.214498 0.021228 0.976494 -0.969086 -0.120161 0.215483
-0.511813 -7.591398 -9.440491 39.125229 0.155711 0.987786 -0.005771 0.712120 -0.116301 -0.692358 0.684572 -0.103698 0.721531
-0.261937 -8.054373 11.999837 30.986038 0.125601 0.991945 -0.016387 0.772096 -0.108109 -0.626243 0.622971 -0.066005 0.779455
-0.426514 -8.212125 11.489360 47.707243 0.153785 0.987326 -0.039215 0.782105 -0.145883 -0.605829 0.603872 -0.062497 0.794628
-2.299935 -13.619076 -4.119426 -37.272994 0.067719 0.986722 -0.147626 0.601159 0.077735 0.795339 -0.796255 0.142606 0.587913
-2.603682 -12.558313 70.050006 -56.265960 0.073590 0.981766 -0.175274 0.552279 0.106223 0.826865 -0.830405 0.157649 0.534391
-2.256314 -13.017195 50.534140 -32.037739 0.061784 0.982483 -0.175811 0.697485 0.083497 0.711718 -0.713931 0.166599 0.680108
-2.635058 -13.014038 36.930959 -32.203032 0.080734 0.985245 -0.150915 0.407114 0.105608 0.907251 -0.909802 0.134686 0.392581
-1.855535 -14.009297 31.091986 -7.906708 0.072686 0.981529 -0.176968 0.803516 0.047483 0.593386 -0.590828 0.185328 0.785223
-1.516648 -14.128065 -14.121647 -5.735394 0.088767 0.983437 -0.158027 0.790450 0.026983 0.611932 -0.606060 0.179232 0.774963
-2.441113 -13.383705 -14.808223 -32.858167 0.084850 0.987618 -0.131952 0.358715 0.093272 0.928775 -0.929583 0.126140 0.346360
-1.896658 -12.934856 2.590572 -34.312647 0.120773 0.981545 -0.148268 0.510268 0.066733 0.857423 -0.851493 0.179210 0.492791
-1.725310 -12.558432 -50.684505 234.704642 0.086842 0.994111 -0.064823 0.522220 -0.100838 -0.846828 0.848378 -0.039688 0.527901
-1.410864 -11.219631 -20.695570 285.131211 0.072447 0.997108 -0.022950 0.418916 -0.051303 -0.906575 0.905130 -0.056064 0.421421
-1.342924 -10.209464 -26.274086 307.489152 0.070527 0.995051 -0.069994 0.361764 -0.090906 -0.927827 0.929598 -0.040116 0.366385
-1.288162 -9.416164 -20.466690 262.046594 0.083213 0.989635 -0.117036 0.310136 -0.137329 -0.940721 0.947044 -0.041983 0.318349
3.033158 -4.135263 223.289593 -5.248068 0.016200 0.772798 0.634445 -0.788039 0.400416 -0.467613 0.615413 0.492392 -0.615481
1.041470 -3.758751 117.538669 21.331259 -0.011695 0.799956 0.599945 -0.810217 0.344043 -0.474534 0.586013 0.491636 -0.644114
1.554746 -3.661824 118.705656 27.590487 0.066246 0.767508 0.637607 -0.832248 0.395007 -0.389014 0.550431 0.504876 -0.664925
-1.076549 -7.979202 -25.161208 30.979815 0.049268 0.991285 0.122173 0.983368 -0.026734 -0.179647 0.174815 -0.128992 0.976115
-1.142441 -7.889128 -24.942066 6.908632 0.098300 0.988502 0.114897 0.945100 -0.056574 -0.321848 0.311647 -0.140226 0.939794
-1.209690 -7.367704 -0.781946 37.876797 0.067299 0.994414 0.081309 0.959763 -0.042255 -0.277614 0.272627 -0.096721 0.957246
16.137944 -3011.552545 -44.115391 -430940.052020 0.942599 0.017841 -0.333450 0.322209 0.213617 0.922252 -0.087684 0.976755 -0.195607
9.416825 -751.852819 482.295149 80673.349028 0.810496 0.132842 -0.570482 0.585727 -0.191395 0.787586 0.004563 0.972482 0.232934
16.083872 -171.271500 -160.172920 -8326.484090 -0.873121 -0.418413 0.250183 -0.336335 0.888500 0.312165 -0.352901 0.188412 -0.916494
2.977926 -38.951494 63.730299 234.779621 -0.015662 0.947077 0.320625 0.995083 -0.016601 0.097646 0.097801 0.320577 -0.942160
4.190992 -37.934464 174.448261 -935.532901 -0.047572 0.931234 0.361304 -0.870916 0.138454 -0.471525 0.489124 0.337097 -0.804440
2.187305 -39.021408 172.833530 282.150705 -0.067652 0.936549 0.343948 0.991734 0.025452 0.125763 0.109029 0.349612 -0.930529
1.287779 -36.647836 146.895108 -529.762291 -0.054919 0.941944 0.331250 0.961055 0.139856 -0.238358 -0.270847 0.305258 -0.912940
1.622106 -36.472205 69.196889 748.491804 0.001029 0.955814 0.293971 -0.944778 -0.095408 0.313515 -0.327709 0.278060 -0.902934
-0.779400 -4.294863 -51.408442 -22.033137 -0.100610 0.982037 -0.159627 -0.976330 -0.066576 0.205784 -0.191460 -0.176553 -0.965491
-0.399970 -4.224336 -38.565857 3.178759 0.043513 0.981722 -0.185281 0.994041 -0.061097 -0.090280 -0.099950 -0.180248 -0.978530
0.039656 -4.541536 -36.478350 26.389504 -0.056473 0.983913 -0.169488 0.988128 0.030787 -0.150516 -0.142876 -0.175976 -0.973971
1.353544 -45.781538 -51.527533 -1200.373597 -0.226078 0.949811 0.216213 0.961381 0.253322 -0.107584 -0.156956 0.183541 -0.970401
1.028750 -33.467961 -11.391116 151.431720 -0.240898 0.944752 0.222288 -0.865940 -0.312654 0.390378 -0.438310 0.098447 -0.893416
0.862639 -43.251076 -55.750725 548.669260 -0.254828 0.945988 0.200424 -0.913618 -0.303440 0.270604 -0.316805 0.114153 -0.941596
0.002358 -18.474294 33.929273 174.111734 -0.158922 0.985682 0.056353 -0.844494 -0.165282 0.509423 -0.511443 -0.033369 -0.858669
-0.154932 -15.619068 31.737010 101.417239 -0.113790 0.993424 0.012676 -0.811204 -0.100269 0.576103 -0.573585 -0.055272 -0.817279
-0.149190 -21.607092 75.864389 -424.638054 -0.032547 0.998863 -0.034833 -0.765819 -0.002528 0.643052 -0.642232 -0.047605 -0.765030
1.155951 -17.358935 34.522222 -2.360067 -0.005384 0.999804 0.019045 -0.827026 -0.015158 0.561959 -0.562138 0.012725 -0.826946
0.915762 -17.330113 17.460661 34.079018 -0.022078 0.999340 0.028847 -0.823603 -0.034537 0.566114 -0.566737 0.011260 -0.823822
0.841388 -17.023013 10.262587 160.759233 -0.021318 0.999557 0.020762 -0.657025 -0.029659 0.753285 -0.753567 -0.002418 -0.657366
1.160415 -17.186450 47.089213 -122.631277 -0.007392 0.999098 0.041810 -0.926408 -0.022582 0.375844 -0.376449 0.035955 -0.925739
0.911048 -16.395549 12.911272 161.952089 -0.020457 0.999781 0.004474 -0.628066 -0.016333 0.777989 -0.777891 -0.013105 -0.628263
1.479855 -16.805614 6.458986 -77.272004 -0.002101 0.999526 -0.030700 -0.903718 0.011246 0.427980 -0.428122 -0.028643 -0.903267
1.491225 -16.889665 36.819112 -154.841596 0.004163 0.999933 0.010808 -0.962703 0.001084 0.270557 -0.270527 0.011531 -0.962643
4.889813 -5.025392 25.494779 -60.152384 -0.025338 -0.126484 0.991645 -0.210630 0.970371 0.118389 -0.977237 -0.205870 -0.051229
2.640240 -5.546808 41.216032 -50.088340 -0.006687 0.077479 0.996972 -0.083564 0.993463 -0.077767 -0.996480 -0.083831 -0.000169
3.291543 -5.996135 56.093725 -156.714142 0.001171 0.197163 0.980370 -0.199093 0.960790 -0.192988 -0.979980 -0.194959 0.040379
0.742956 -2.950707 -9.460536 263.588316 -0.111286 0.988624 -0.101188 0.552200 0.146170 0.820798 -0.826251 -0.035467 0.562184
1.023158 -2.119019 -18.119483 283.955009 -0.139218 0.977392 -0.159132 0.548948 0.209918 0.809067 -0.824181 -0.025282 0.565762
3.077614 1.019501 484.199792 -2.535492 0.611938 -0.057943 0.788781 0.017442 0.998059 0.059785 -0.790714 -0.022827 0.611761
0.220795 -8.954685 44.626290 12.597129 0.006096 0.996625 0.081860 0.841874 -0.049292 0.537418 -0.539639 -0.065640 0.839333
-0.078218 -9.133161 -1.824725 1.028433 0.004838 0.993252 0.115874 0.883841 -0.058450 0.464121 -0.467762 -0.100168 0.878160
0.069846 -8.849301 26.612112 -13.311475 0.007930 0.995379 0.095695 0.894022 -0.049927 0.445232 -0.447952 -0.082022 0.890287
0.047127 -9.271204 -2.494608 13.290802 -0.003926 0.993709 0.111925 0.822133 -0.060511 0.566071 -0.569282 -0.094240 0.816723
-1.040876 -8.981937 -19.614354 -72.042022 -0.111455 0.992623 0.047726 -0.940498 -0.089846 -0.327707 0.321001 0.081411 -0.943573
-0.480351 -7.975800 -16.186857 -16.394893 -0.154243 0.987720 0.024864 -0.910088 -0.132233 -0.392753 0.384642 0.083208 -0.919308
-0.500939 -8.694275 -28.552902 -52.245502 -0.149449 0.988745 0.006908 -0.937843 -0.139535 -0.317775 0.313234 0.053969 -0.948141
0.877801 -19.872078 -28.750531 -17.599969 -0.115992 0.968887 -0.218639 -0.741447 0.062009 0.668140 -0.660910 -0.239608 -0.711186
1.071544 -19.964941 -18.411274 -83.782697 -0.108821 0.971482 -0.210665 -0.901215 -0.006986 0.433316 -0.419488 -0.237009 -0.876275
1.437616 -19.481489 -30.232774 -123.136956 -0.110629 0.976234 -0.186356 -0.843472 0.006950 0.537128 -0.525658 -0.216608 -0.822657
0.600445 -20.392345 8.094630 -3.502197 -0.096482 0.972046 -0.214049 -0.801012 0.051824 0.596401 -0.590822 -0.228998 -0.773621
1.067109 -20.616991 -35.898365 55.367950 -0.121079 0.972589 -0.198521 -0.610348 0.084775 0.787584 -0.782825 -0.216527 -0.583354
0.665003 -22.782583 -36.761144 -160.768931 -0.137819 0.966088 -0.218358 -0.535260 0.112849 0.837115 -0.833368 -0.232248 -0.501556
5.606640 -41.615723 -29.383288 1016.279618 -0.284545 0.955891 -0.072850 -0.775746 -0.274234 -0.568343 0.563252 0.105206 -0.819560
6.945958 -42.068707 -219.282960 1278.555739 -0.312399 0.947386 -0.069757 -0.799369 -0.301843 -0.519520 0.513241 0.106536 -0.851606
6.207462 -25.774060 -143.486949 522.827320 -0.292247 0.953755 -0.070315 -0.895875 -0.298757 -0.328866 0.334664 0.033116 -0.941755
2.364093 -22.945870 11.259835 537.327450 0.902491 -0.010534 -0.430580 -0.349203 -0.603092 -0.717173 0.252125 -0.797602 0.547964
2.566348 -29.823707 -16.713511 943.195198 0.887401 -0.131495 -0.441846 -0.410336 -0.662128 -0.627066 0.210102 -0.737764 0.641530
1.598749 -26.384615 41.676694 331.605205 0.888145 -0.071934 -0.453898 -0.322717 -0.800802 -0.504549 0.327188 -0.594593 0.734443
-1.119105 -4.487618 -50.078932 -47.710890 -0.268686 0.915768 0.298626 -0.621071 -0.401681 0.672995 -0.736260 0.004644 -0.676683
-1.462585 -4.961406 18.665911 -3.932687 -0.143085 0.967772 0.207229 -0.672870 -0.248671 0.696712 -0.725791 0.039749 -0.686766
-1.314551 -5.250509 5.507923 -67.475253 -0.278310 0.899972 0.335551 -0.586476 -0.435896 0.682672 -0.760650 0.006799 -0.649126
-1.249125 -4.774596 -40.626401 -62.425543 -0.307258 0.878451 0.365945 -0.551712 -0.477762 0.683635 -0.775375 -0.008157 -0.631448
-2.699755 -4.721669 -41.807405 -60.249003 0.003596 0.225051 0.974340 0.305096 0.927644 -0.215392 -0.952315 0.298041 -0.065326
-2.947281 -5.403576 -25.232879 -40.512454 0.060469 0.406034 0.911855 0.400533 0.826885 -0.394759 -0.914285 0.389099 -0.112629
-2.445692 -5.240096 -4.462096 -45.155575 0.057821 0.431725 0.900150 0.345505 0.837286 -0.423768 -0.936634 0.335509 -0.100751
-3.537090 -6.802768 10.539509 33.454572 0.857050 -0.511945 0.058110 -0.512965 -0.837262 0.189367 0.048292 0.192106 0.980185
-4.486652 -7.348182 -7.758419 32.127762 0.833988 -0.547047 0.072137 -0.542369 -0.788676 0.289529 0.101494 0.280589 0.954447
-4.277230 -7.536361 16.663202 22.436095 0.944070 -0.323983 0.061378 -0.325997 -0.889036 0.321467 0.049583 0.323496 0.944930
17.725281 -10.912259 466.056901 -186.031109 0.598563 0.799231 -0.054343 0.516042 -0.436584 -0.736950 0.612718 -0.413067 0.673760
17.656704 -17.658225 311.066893 -517.162151 0.687531 0.712255 0.141396 0.513023 -0.338633 -0.788755 0.513914 -0.614833 0.598224
17.916235 -11.851183 -107.569402 -205.702104 0.772356 0.598153 0.213726 0.537869 -0.436901 -0.720981 0.337880 -0.671811 0.659172
19.293328 -9.312877 446.039298 -45.672381 0.647249 0.762062 -0.018167 0.560816 -0.492195 -0.665755 0.516289 -0.420721 0.745949
16.947376 -9.146113 617.926802 19.640294 0.498976 0.840121 -0.212649 0.543893 -0.494621 -0.677887 0.674687 -0.222592 0.703740
-0.250348 -2.962801 46.122251 11.464645 -0.381569 0.741415 -0.552004 0.217537 -0.508385 -0.833200 0.898378 0.438004 -0.032698
0.056203 -3.053120 9.698151 24.109010 -0.341899 0.683793 -0.644618 0.264161 -0.588365 -0.764229 0.901845 0.431572 -0.020530
-0.226576 -2.634023 43.777780 -11.561318 -0.334414 0.661466 -0.671290 0.315318 -0.592716 -0.741122 0.888111 0.459512 0.010360
-0.686561 -2.716296 46.414285 -26.772312 -0.377262 0.763814 -0.523701 0.225796 -0.472559 -0.851883 0.898159 0.439632 -0.005813
0.013669 -2.047114 -6.907667 8.361236 -0.165786 0.402003 -0.900505 -0.461519 0.775343 0.431096 0.871501 0.487070 0.056992
-0.734488 -2.003171 39.112288 30.665313 -0.265003 0.566642 -0.780186 -0.380675 0.681910 0.624568 0.885923 0.462509 0.034999
0.134727 -3.252773 -73.366538 -37.693620 0.641687 0.295303 0.707837 -0.098058 0.946919 -0.306152 -0.760672 0.127045 0.636583
-0.388376 -4.186834 -51.402044 -43.556135 0.620823 -0.079320 0.779927 0.145716 0.989207 -0.015386 -0.770289 0.123200 0.625681
-0.872839 -4.034966 -49.582357 -45.821743 0.626126 -0.040822 0.778652 0.163809 0.983229 -0.080173 -0.762321 0.177749 0.622312
-1.060890 -5.172775 0.980521 -41.977655 0.576404 -0.314988 0.754017 0.343174 0.930719 0.126467 -0.741613 0.185863 0.644566
0.750803 -7.692289 196.524601 -9.416059 0.015556 -0.997118 -0.074259 0.999852 0.016058 -0.006169 0.007344 -0.074152 0.997220
-1.938815 -7.723602 -153.487623 13.978304 -0.054104 0.997231 0.051019 0.993585 0.058846 -0.096572 0.099307 -0.045467 0.994018
-1.625704 -7.757054 160.087658 -4.424611 0.044463 -0.997212 -0.059927 0.998782 0.043089 0.024028 -0.021379 -0.060922 0.997914
-1.960640 -7.758120 -155.802015 -1.629699 -0.035779 0.998070 0.050763 0.990699 0.028751 0.132997 -0.131281 -0.055049 0.989816
0.414200 -7.659666 -210.202411 -7.739795 0.000477 0.996156 0.087590 0.992155 -0.011421 0.124489 -0.125011 -0.086843 0.988347
-0.005084 -7.749813 -0.770082 13.287290 0.052269 0.988383 0.142715 0.968597 -0.084963 0.233669 -0.243080 -0.126020 0.961785
-0.245099 -7.985064 2.848608 77.943371 -0.041060 -0.989133 -0.141176 0.995279 -0.052926 0.081349 -0.087937 -0.137169 0.986637
-0.012246 -8.203166 13.449612 81.786254 -0.031382 -0.989589 -0.140462 0.995782 -0.043077 0.081014 -0.086222 -0.137327 0.986766
-1.271019 -8.288250 24.654872 -200.084646 0.158529 0.986382 0.043801 0.728846 -0.086981 -0.679130 0.666072 -0.139586 0.732710
-1.117349 -8.472216 17.064476 -215.118256 0.174506 0.983051 0.056205 0.727437 -0.090240 -0.680215 0.663613 -0.159587 0.730855
-1.265162 -8.289946 22.661268 -40.053521 0.169926 0.985112 0.026052 0.601670 -0.082775 -0.794444 0.780460 -0.150671 0.606778
1.170258 -8.844766 -26.143995 -32.017838 0.231954 0.967744 0.098335 0.929413 -0.190659 -0.315976 0.287035 -0.164686 0.943658
1.323696 -10.002465 -6.915450 70.236972 0.165701 0.983287 0.075430 0.963404 -0.145059 -0.225412 0.210703 -0.110021 0.971339
1.189050 -9.435704 13.460323 -14.467245 0.250707 0.967281 0.038896 0.899381 -0.217868 -0.379007 0.358133 -0.130002 0.924576
-1.919393 -13.388372 -38.398117 58.943508 -0.337862 -0.931625 0.133879 0.930099 -0.308706 0.199038 -0.144100 0.191768 0.970804
-2.063100 -12.291681 -58.346821 61.037027 -0.316668 -0.940516 0.123089 0.948300 -0.311015 0.063219 -0.021176 0.136745 0.990380
-1.850705 -12.213232 -24.840237 75.283267 -0.312128 -0.940499 0.134303 0.947357 -0.318737 -0.030347 0.071349 0.117761 0.990475
-1.617291 -12.816053 -12.034374 75.661177 -0.321030 -0.936769 0.139295 0.946813 -0.314031 0.070216 -0.022033 0.154428 0.987758
-1.438719 -4.854691 51.518755 181.039783 0.392000 0.910801 -0.129526 0.898899 -0.349251 0.264583 0.195746 -0.220147 -0.955625
-2.266171 -9.643306 41.669959 285.353548 0.223674 0.962041 -0.156355 0.971459 -0.207054 0.115738 0.078971 -0.177780 -0.980896
-1.569695 -7.284002 50.021376 226.364266 0.341511 0.931186 -0.127527 0.933429 -0.320164 0.161878 0.109909 -0.174321 -0.978536
0.362197 -1.062976 25.070954 -54.739010 0.043300 0.991733 0.120791 -0.006302 0.121174 -0.992611 0.999042 -0.042218 -0.011497
0.383026 -0.607839 17.903048 -17.494053 0.049653 0.984413 -0.168716 -0.010045 -0.168424 -0.985664 0.998716 -0.050636 -0.001525
0.349561 -0.319911 -26.138428 12.476032 0.046379 0.854106 -0.518027 -0.023382 -0.517515 -0.855355 0.998650 -0.051783 0.004031
-1.639328 -2.732971 6.973508 20.606283 -0.373278 0.814745 0.443682 -0.136538 0.424795 -0.894934 0.917617 0.394639 0.047323
-1.066774 -2.339482 -87.243422 40.050036 0.299035 -0.516929 -0.802099 -0.301358 0.746385 -0.593374 0.905407 0.419158 0.067414
-0.946853 -3.537663 -70.351338 72.459018 0.336030 -0.646666 -0.684768 -0.207304 0.658434 -0.723526 0.918754 0.385081 0.087197
-1.568979 -3.698406 7.305299 47.979249 -0.353121 0.817206 0.455501 -0.126884 0.440536 -0.888723 0.926934 0.371622 0.051872
-1.545660 -2.925627 -4.269489 6.158529 -0.385125 0.920595 0.064687 -0.032502 0.056521 -0.997872 0.922292 0.386408 -0.008153
-0.166543 -7.104740 -75.366562 -143.931616 0.606348 0.772939 -0.186835 0.757237 -0.489509 0.432404 0.242765 -0.403665 -0.882111
0.550320 -7.317417 -54.120233 -21.503268 0.530307 0.825063 -0.195053 0.805176 -0.418095 0.420580 0.265454 -0.380088 -0.886040
-0.626592 -5.472247 -46.191665 -6.937320 0.592196 0.786944 -0.173270 0.773429 -0.494784 0.396229 0.226079 -0.368657 -0.901654
-1.053213 -7.571236 -86.669870 -227.101758 0.619464 0.761095 -0.192352 0.757217 -0.514666 0.402171 0.207093 -0.394783 -0.895131
-0.758024 -17.185201 -59.906021 -170.982627 0.056448 0.990419 -0.126029 0.994439 -0.044533 0.095437 0.088910 -0.130715 -0.987425
-1.392866 -14.669042 -36.027506 -105.038465 0.010993 0.993400 -0.114169 0.993952 0.001621 0.109807 0.109267 -0.114686 -0.987374
-1.263926 -17.635741 -45.779153 226.863437 0.093101 0.989862 -0.107260 -0.956887 0.059186 -0.284368 0.275137 -0.129111 -0.952696
-1.565779 -15.775205 -0.470333 275.060117 0.042984 0.995123 -0.088778 -0.970284 0.020402 -0.241106 0.238119 -0.096504 -0.966430
-0.369316 -10.675290 47.890507 -75.148248 -0.131061 0.990073 -0.050773 0.991374 0.130885 -0.006789 -0.000076 -0.051224 -0.998687
-0.111690 -10.107864 37.536120 16.151838 -0.184690 0.981521 -0.050070 0.981035 0.181070 -0.069169 -0.058825 -0.061896 -0.996348
-0.363581 -10.579462 7.240425 -150.856207 -0.101620 0.992682 -0.065233 0.993764 0.104318 0.039368 0.045885 -0.060826 -0.997093
0.228967 -37.922824 87.028895 94.470369 0.626537 -0.726538 0.282124 0.597086 0.214779 -0.772889 -0.500939 -0.652696 -0.568373
0.313327 -45.744031 -28.472579 712.282658 -0.605809 0.747417 -0.272698 0.693872 0.328634 -0.640735 -0.389278 -0.577380 -0.717701
0.259840 -46.736772 59.164122 -825.163353 0.624932 -0.731666 0.272261 0.384970 -0.014578 -0.922814 -0.679160 -0.681508 -0.272560
-0.502509 -31.681343 -19.417480 83.380583 -0.604031 0.757580 -0.247425 -0.407791 -0.027060 0.912674 -0.684729 -0.652181 -0.325280
-0.270963 -32.974490 -33.697277 61.664920 -0.584307 0.757947 -0.290005 0.655863 0.230583 -0.718802 -0.477943 -0.610204 -0.631840
2.576343 -3.881646 315.338401 83.986919 0.623177 0.662025 0.416381 -0.472799 0.743001 -0.473720 -0.622986 0.098347 0.776026
3.916920 -4.388747 88.904654 104.882803 0.593338 0.604448 0.531595 -0.432075 0.796356 -0.423235 -0.679162 0.021433 0.733675
2.696809 -3.355583 131.135127 46.017983 0.633229 0.584920 0.506842 -0.397775 0.807712 -0.435173 -0.663924 0.073955 0.744134
0.443282 -3.072087 254.808945 24.896322 0.653347 0.615193 0.441219 -0.415759 0.778623 -0.469990 -0.632678 0.123626 0.764483
1.706194 -2.927467 67.405703 5.784753 0.640675 0.532623 0.553036 -0.327203 0.840991 -0.430896 -0.694604 0.095110 0.713078
1.257193 -4.708190 -8.244676 12.909845 -0.015367 0.997989 0.061499 0.354699 -0.052065 0.933530 -0.934854 -0.036159 0.353185
1.241522 -4.026758 40.335054 14.497819 0.035842 0.997485 0.061152 0.369602 -0.070083 0.926543 -0.928499 0.010607 0.371184
1.015332 -4.756817 25.610873 -22.173843 -0.030960 0.998731 -0.039734 0.414495 0.049002 0.908731 -0.909525 -0.011665 0.415486
0.932596 -5.496247 -41.665663 -19.602386 -0.094785 0.994628 -0.041593 0.417856 0.077673 0.905187 -0.903555 -0.068419 0.422974
1.117698 -5.340975 -40.300355 9.390504 -0.055284 0.997457 0.044970 0.349641 -0.022848 0.936605 -0.935251 -0.067503 0.347489
-0.592254 -6.676690 6.231903 -125.946968 0.277983 0.957032 -0.082553 -0.729854 0.154556 -0.665902 0.624531 -0.245361 -0.741457
-0.826524 -9.560167 -10.702369 -319.696830 0.258847 0.959884 -0.107800 -0.778823 0.141392 -0.611099 0.571342 -0.242139 -0.784179
-0.842817 -7.614831 -5.996910 -186.173942 0.299098 0.952589 -0.055813 -0.727922 0.189956 -0.658822 0.616984 -0.237680 -0.750226
-0.564095 -8.138321 7.588262 118.321778 0.333541 0.942495 -0.021306 -0.696464 0.231116 -0.679355 0.635364 -0.241431 -0.733501
-6.068449 -7.765490 -198.731688 1.788740 -0.114252 -0.234590 -0.965357 0.214784 0.942905 -0.254554 0.969956 -0.236427 -0.057343
-3.506024 -8.213355 -284.461028 80.028215 0.038226 0.170752 -0.984572 0.333450 0.926637 0.173651 0.941993 -0.334943 -0.021515
-6.553456 -9.151930 -314.625751 41.985229 -0.033396 0.125893 -0.991482 0.393913 0.913391 0.102709 0.918541 -0.387127 -0.080095
-1.005879 -44.318627 -127.335362 -2240.590705 0.935402 -0.292048 -0.199328 -0.132408 0.233394 -0.963325 -0.327859 -0.927488 -0.179648
-3.135089 -57.453477 -121.351674 -2793.585654 0.943883 -0.296875 -0.144745 0.010506 0.465013 -0.885241 -0.330114 -0.834043 -0.442037
-3.519205 -38.842144 -70.531126 -1783.648032 0.967466 -0.206538 -0.146124 -0.100369 0.216847 -0.971032 -0.232242 -0.954106 -0.189062
-8.010700 -11.109402 106.646418 98.616152 -0.261118 0.965297 -0.004337 -0.254132 -0.073077 -0.964405 0.931254 0.250721 -0.264395
-6.118083 -9.253014 -28.314762 94.011356 -0.389643 0.877288 -0.280257 -0.295218 -0.407227 -0.864299 0.872367 0.254031 -0.417664
7.315343 -14.419496 -65.416764 17.187232 0.548817 0.805661 0.222957 0.778245 -0.395059 -0.488122 -0.305180 0.441405 -0.843817
8.875133 -15.573725 -41.378291 7.583560 0.551104 0.789212 0.270976 0.713532 -0.277349 -0.643389 -0.432616 0.547925 -0.715976
-1.415152 -3.852535 13.393255 -30.432009 -0.384753 0.922934 -0.012549 -0.498128 -0.219068 -0.838974 0.777067 0.316547 -0.544026
-1.246157 -3.830261 -2.099917 -40.243138 -0.410599 0.911224 -0.032853 -0.511159 -0.259867 -0.819260 0.755066 0.319594 -0.572481
0.014240 -7.230200 -16.168009 2.280190 -0.143217 0.972871 -0.181688 -0.429556 0.104284 0.896999 -0.891611 -0.206510 -0.402968
-0.092440 -6.975057 -35.283731 18.722184 -0.159610 0.970236 -0.182116 -0.322602 0.123089 0.938497 -0.932981 -0.208545 -0.293354
6.501835 -7.187269 132.640121 3.463858 0.368641 -0.828878 -0.420791 0.807071 0.060783 0.587317 -0.461237 -0.556117 0.691371
-0.733754 -6.300665 1.040675 6.975161 -0.119489 0.988371 -0.094045 -0.971750 -0.097007 0.215156 -0.203531 -0.117097 -0.972041
-0.892884 -7.413914 4.067941 122.163206 -0.095657 0.989425 -0.109031 0.994051 0.089220 -0.062472 -0.052083 -0.114358 -0.992073
0.826400 -7.604842 -5.112744 -8.654733 -0.135168 0.989011 -0.059887 -0.115557 0.044294 0.992313 -0.984061 -0.141049 -0.108300
0.901975 -7.763590 -25.095809 -31.383555 -0.125963 0.990183 -0.060584 -0.069402 0.052125 0.996226 -0.989604 -0.129692 -0.062155
0.794357 -7.499603 -21.067317 45.006441 -0.122042 0.989881 -0.072395 -0.130007 0.056369 0.989909 -0.983974 -0.130222 -0.121812
-0.607150 -7.768696 -23.606817 16.960457 0.154420 0.987839 -0.018129 0.668193 -0.117934 -0.734581 0.727786 -0.101320 0.678279
-0.480927 -7.799911 31.802601 16.713395 0.133115 0.990273 -0.040501 0.698095 -0.122690 -0.705415 0.703522 -0.065627 0.707636
-2.572869 -12.323238 46.011175 -64.568257 0.020324 0.986916 -0.159949 0.599823 0.115956 0.791686 -0.799874 0.112032 0.589619
-2.746939 -11.989222 52.190876 -50.795838 0.043506 0.987515 -0.151398 0.471671 0.113286 0.874467 -0.880701 0.109454 0.460853
0.187084 -3.247676 81.563395 -52.536279 0.629486 0.315352 0.710142 0.184069 0.827403 -0.530587 -0.754895 0.464712 0.462792
0.713017 -4.031061 79.726950 -64.682384 0.604796 0.259905 0.752776 0.275597 0.818536 -0.504029 -0.747174 0.512297 0.423418
-0.888753 -4.506199 67.303150 -72.916624 0.657908 0.422202 0.623621 0.148000 0.739441 -0.656752 -0.738413 0.524378 0.423998
-0.694101 -5.404779 49.117750 -84.716551 0.641236 0.385458 0.663505 0.231834 0.726951 -0.646370 -0.731484 0.568299 0.376785
-1.055459 -3.741267 56.100691 -90.386955 0.655721 0.529124 0.538569 0.006207 0.709532 -0.704646 -0.754978 0.465395 0.461971
-1.642535 -5.727394 48.789786 -68.625199 0.657491 0.483361 0.577986 0.167722 0.653968 -0.737696 -0.734558 0.581969 0.348908
-1.702485 -4.546891 44.405415 -91.387215 0.655690 0.595220 0.464525 -0.014020 0.624733 -0.780713 -0.754900 0.505393 0.417976
-1.749539 -5.237495 65.305500 -66.092689 0.667251 0.536373 0.516798 0.085013 0.634467 -0.768261 -0.739966 0.556558 0.377749
2.054078 -3.921194 204.108532 -10.643384 -0.067571 0.790857 0.608259 -0.749657 0.362051 -0.554016 0.658368 0.493421 -0.568407
0.004695 -6.651227 -58.330923 51.418179 0.413519 0.904804 -0.101644 0.470665 -0.307988 -0.826812 0.779408 -0.294063 0.553218
-0.686030 -6.002761 -53.377346 79.248394 0.390557 0.917427 -0.076110 0.515142 -0.286321 -0.807867 0.762951 -0.276310 0.584430
-0.137335 -8.488723 -65.402759 249.616358 0.309710 0.949565 0.049044 0.611519 -0.159425 -0.775002 0.728096 -0.270017 0.630053
0.887648 -9.238047 -34.141851 230.666116 0.317653 0.948200 -0.003733 0.565932 -0.192747 -0.801604 0.760800 -0.252519 0.597844
-0.782092 -6.926369 -0.794500 123.556092 0.061956 0.997184 0.042265 -0.898662 0.037310 0.437052 -0.434244 0.065060 -0.898443
-0.412214 -6.076103 -15.538380 65.925381 0.082447 0.996153 0.029692 -0.879468 0.058712 0.472323 -0.468763 0.065055 -0.880925
-0.426634 -5.536123 -2.424493 40.672153 0.039211 0.997730 0.054753 -0.879416 0.008441 0.475979 -0.474436 0.066814 -0.877751
2.442051 -4.159262 -45.617582 102.197727 -0.481314 -0.513890 -0.710109 -0.291093 0.857851 -0.423504 0.826802 0.002869 -0.562485
3.220996 -4.871339 -35.065970 130.888701 -0.531203 -0.460702 -0.711040 -0.250927 0.887134 -0.387336 0.809234 -0.027335 -0.586851
3.930757 -5.858845 -101.887359 124.988510 -0.493200 -0.514415 -0.701520 -0.240523 0.855624 -0.458319 0.836004 -0.057311 -0.545722
12.088486 -30.916798 687.348131 -345.060798 0.136149 0.989657 -0.045184 0.357039 -0.091560 -0.929591 0.924114 -0.110431 0.365812
11.933727 -28.520636 709.785493 447.591822 0.142453 0.989707 0.013714 0.062755 0.004797 -0.998017 0.987810 -0.143031 0.061426
35.106835 -29.375910 2329.302696 -65.127683 0.024894 0.996517 0.079588 0.332184 0.066843 -0.940843 0.942886 -0.049859 0.329363
271.559761 -103.915907 16497.876818 -3941.599479 -0.020400 0.999765 -0.007304 0.637569 0.007381 -0.770358 0.770123 0.020372 0.637570
1.951713 -35.108847 358.020641 -803.629962 0.243779 0.923334 -0.296691 0.653714 -0.382421 -0.653002 0.716400 0.034763 0.696823
7.150043 -31.063280 82.495219 -1018.347929 0.062467 0.954486 0.291642 -0.645616 0.261484 -0.717500 0.761103 0.143468 -0.632566
7.097054 -28.905540 327.646260 -973.457494 -0.095521 0.915304 0.391272 -0.613552 0.255388 -0.747215 0.783855 0.311441 -0.537192
-0.209622 -4.063782 -12.172945 -7.995722 0.168956 0.969133 -0.179542 0.985027 -0.172365 -0.003445 -0.034286 -0.176272 -0.983744
0.141004 -4.306551 -11.897530 -11.481742 0.084906 0.980910 -0.174949 0.995240 -0.091921 -0.032378 -0.047841 -0.171367 -0.984045
-0.463323 -3.935274 -11.755691 5.013312 0.240632 0.952480 -0.186755 0.969117 -0.246463 -0.008304 -0.053938 -0.178989 -0.982371
-1.035146 -3.902879 -44.900259 3.791371 0.097022 0.977151 -0.189112 0.987348 -0.118439 -0.105430 -0.125419 -0.176491 -0.976279
-4.676005 -14.181928 -0.787812 23.763517 0.237306 0.970263 0.047701 -0.952446 0.222726 0.207941 -0.191133 0.094779 -0.976978
-4.692274 -14.454824 -23.362433 9.685331 0.277601 0.957780 0.074803 0.960407 -0.274764 -0.046077 -0.023579 0.084633 -0.996133
-4.434693 -14.709156 4.151290 5.694311 0.234961 0.971843 0.017719 -0.969057 0.232791 0.082081 -0.075645 0.036456 -0.996468
-4.333795 -13.756976 5.824909 136.544362 0.209204 0.977871 0.001717 -0.921534 0.196563 0.334871 -0.327123 0.071639 -0.942263
1.065196 -33.119841 16.587783 -390.565537 -0.239827 0.933987 0.264861 -0.686785 -0.356051 0.633683 -0.686156 0.029928 -0.726839
0.714758 -36.649664 41.713052 -420.118929 -0.237448 0.938098 0.252171 -0.830289 -0.330745 0.448584 -0.504220 0.102859 -0.857427
-4.536400 -67.718130 -221.841772 -2415.924333 -0.429491 0.903069 0.001872 -0.691102 -0.330014 0.643015 -0.581305 -0.274875 -0.765851
-9.217399 -16.011057 134.935364 323.631984 -0.794006 0.437167 0.422421 0.276371 0.878501 -0.389686 -0.541455 -0.192669 -0.818355
-13.780117 -16.278718 157.243577 436.796936 -0.177045 0.966242 -0.187169 -0.837769 -0.048147 0.543898 -0.516526 -0.253099 -0.818011
-6.992939 -32.690111 -422.497463 -236.954375 -0.261750 0.905793 -0.333205 -0.762987 0.017222 0.646184 -0.591048 -0.423370 -0.686601
-4.855944 -27.251493 -182.900742 -857.653136 -0.446916 0.891368 -0.075695 -0.720632 -0.308589 0.620856 -0.530053 -0.332019 -0.780261
0.609300 -17.421481 -1.700886 174.823101 -0.033992 0.999008 0.028762 -0.682077 -0.044224 0.729942 -0.730490 -0.005194 -0.682904
1.254389 -8.842056 153.052593 -253.789728 0.072043 0.697812 0.712648 -0.244620 0.705045 -0.665637 -0.966939 -0.126374 0.221493
5.253922 -8.955326 246.713655 270.109909 0.123071 0.794747 0.594332 0.469852 -0.574173 0.670496 -0.874124 -0.196729 0.444078
6.479696 -4.400986 505.237557 -311.050481 0.202768 0.145319 0.968384 -0.341923 0.937188 -0.069043 -0.917591 -0.317113 0.239720
1.226404 -8.449718 122.631188 -229.149483 0.055237 0.486270 0.872061 -0.182294 0.863626 -0.470020 -0.981691 -0.133009 0.136348
9.478063 1.334579 25.568324 -36.610848 0.362609 0.044095 0.930897 -0.065789 0.997599 -0.021628 -0.929616 -0.053401 0.364640
8.696088 1.001959 525.720015 -9.884190 0.582891 0.028694 0.812044 -0.038667 0.999224 -0.007553 -0.811630 -0.026996 0.583548
9.860948 1.481076 151.321497 -8.249406 0.390966 0.065790 0.918051 -0.036809 0.997762 -0.055826 -0.919669 -0.011967 0.392513
10.858239 1.633144 -472.480184 -25.528072 0.156039 0.089185 0.983716 -0.058067 0.995021 -0.080999 -0.986043 -0.044482 0.160441
8.701974 1.647152 120.570328 8.324151 0.368537 0.087967 0.925442 -0.005401 0.995699 -0.092494 -0.929597 0.029090 0.367427
9.401379 1.431025 -452.091040 9.442633 0.140807 0.118285 0.982946 -0.029996 0.992891 -0.115185 -0.989583 -0.013265 0.143354
-2.957436 -8.669582 -92.665977 27.034045 -0.305756 0.755811 0.579019 0.469577 -0.409327 0.782272 -0.828257 -0.511079 0.229758
-2.361377 -8.393357 -122.008951 8.452365 -0.363276 0.762257 0.535719 0.351500 -0.420379 0.836498 -0.862832 -0.492185 0.115220
-1.420167 -8.568138 -160.325507 14.336948 -0.384379 0.762366 0.520626 0.476619 -0.319098 0.819152 -0.790624 -0.563005 0.240703
-2.201381 -8.552227 -131.919265 1.358240 -0.328025 0.755601 0.566980 0.556139 -0.330696 0.762463 -0.763616 -0.565426 0.311743
-0.668973 -7.927542 -1.626697 -12.738645 -0.108416 0.991828 0.067254 -0.913723 -0.072771 -0.399767 0.391606 0.104793 -0.914146
1.544487 -20.125544 -57.947857 -113.513767 -0.114581 0.971312 -0.208386 -0.953711 -0.048844 0.296730 -0.278039 -0.232740 -0.931948
1.268952 -22.396334 -22.548896 -183.725386 -0.107029 0.968816 -0.223472 0.975622 0.059025 -0.211370 -0.191588 -0.240647 -0.951516
0.870253 -22.336038 -4.385607 117.001806 -0.100129 0.968373 -0.228536 -0.947858 -0.022992 0.317861 -0.302554 -0.248447 -0.920182
8.278264 -44.108424 -297.876709 1607.075130 -0.333358 0.942618 -0.018538 -0.890954 -0.321396 -0.320788 0.308338 0.090421 -0.946970
-4.785498 -7.915886 30.476972 -2.341328 0.981204 -0.120470 0.150754 -0.173539 -0.892523 0.416277 -0.084402 0.434614 0.896653
-4.423853 -7.827605 18.718288 16.133115 0.977932 -0.184143 0.098698 -0.208160 -0.899163 0.384935 -0.017863 0.396985 0.917651
-4.713994 -8.136611 7.648836 12.671099 0.983511 -0.135364 0.119931 -0.178236 -0.837857 0.515973 -0.030641 0.528841 0.848168
-4.774214 -8.057019 31.595124 8.173691 0.978747 -0.107129 0.174863 -0.191690 -0.780897 0.594521 -0.072860 0.615405 0.784837
-4.885389 -7.958829 13.778235 12.900802 0.981499 -0.094136 0.166729 -0.165960 -0.852530 0.495631 -0.095485 0.514131 0.852380
-4.742666 -8.244891 13.968691 7.579718 0.981510 -0.121940 0.147545 -0.188725 -0.745227 0.639547 -0.031968 0.655567 0.754460
-4.569200 -8.331330 -36.266488 14.567269 0.983743 -0.137232 0.115831 -0.179581 -0.753204 0.632799 -0.000404 0.643313 0.765603
17.337791 -15.424358 -246.940826 -380.097401 0.784720 0.554038 0.277949 0.520581 -0.345667 -0.780711 0.336466 -0.757335 0.559674
15.072393 -21.647361 -92.819701 -661.961490 0.772521 0.580926 0.256389 0.467462 -0.247022 -0.848799 0.429756 -0.775567 0.462390
13.403445 -24.469822 302.437588 -767.977929 0.637984 0.756058 0.146126 0.414197 -0.176953 -0.892821 0.649167 -0.630130 0.426050
0.018148 -2.838996 44.022003 35.554192 -0.388963 0.750047 -0.534918 0.173345 -0.510683 -0.842113 0.904798 0.420276 -0.068620
0.410991 -2.752849 3.674994 33.115332 -0.353492 0.725434 -0.590583 0.188765 -0.563038 -0.804584 0.916194 0.395896 -0.062093
2.656728 -5.701124 14.723220 -114.421711 -0.313346 0.332620 -0.889482 -0.608422 0.648846 0.456969 0.729134 0.684370 -0.000940
2.610622 -8.337409 -37.556078 182.026335 0.407370 -0.396806 0.822554 0.642701 -0.515330 -0.566896 0.648834 0.759592 0.045098
1.714748 -8.507316 -62.149437 174.305744 0.423544 -0.359478 0.831496 0.611939 -0.563260 -0.555220 0.667937 0.743985 -0.018587
2.565157 -5.643832 89.490075 -116.631957 -0.322632 0.253824 -0.911856 -0.578411 0.709698 0.402205 0.749232 0.657192 -0.082157
3.164545 -3.893035 3.676513 -59.658445 -0.174506 0.215823 -0.960712 -0.590085 0.758150 0.277502 0.788256 0.615328 -0.004948
2.783514 -3.892156 -55.892567 -64.962659 -0.183632 0.324253 -0.927976 -0.619353 0.694911 0.365377 0.763335 0.641840 0.073219
0.309531 -7.637997 -178.637139 7.456554 -0.020637 0.997520 0.067285 0.986636 0.031199 -0.159922 0.161625 -0.063086 0.984834
-2.357626 -7.504436 -151.891000 18.791034 -0.065520 0.996700 0.047927 0.973918 0.074330 -0.214380 0.217235 -0.032630 0.975574
0.563685 -7.818775 43.181913 -18.148413 0.077484 0.990039 0.117557 0.845206 -0.127768 0.518943 -0.528794 -0.059151 0.846686
0.239530 -7.992320 41.993190 -36.458335 0.096214 0.986318 0.133861 0.890384 -0.145400 0.431365 -0.444927 -0.077685 0.892191
0.144434 -8.264080 33.155221 -50.523123 0.074201 0.989047 0.127592 0.912510 -0.118949 0.391377 -0.402268 -0.087388 0.911342
-0.098440 -8.161146 18.584010 -63.309422 0.098076 0.983406 0.152620 0.923551 -0.147069 0.354154 -0.370723 -0.106218 0.922650
0.769061 -7.643784 11.327654 -15.476466 0.034580 0.991163 0.128062 0.852394 -0.096147 0.513985 -0.521756 -0.091386 0.848186
-1.280458 -9.911791 6.581282 -53.225054 0.150434 0.988550 0.011732 0.409781 -0.051551 -0.910726 0.899694 -0.141812 0.412845
-1.292656 -9.277451 7.273981 96.561406 0.154941 0.987580 0.026071 0.464434 -0.049523 -0.884222 0.871948 -0.149111 0.466339
-1.321728 -9.805409 3.160781 -21.369049 0.176164 0.984194 0.018139 0.397607 -0.054288 -0.915949 0.900486 -0.168569 0.400886
-1.587990 -10.088313 26.783494 -184.822658 0.143784 0.989605 0.002774 0.336749 -0.046292 -0.940456 0.930552 -0.136157 0.339904
-1.388880 -10.546799 -2.701218 -233.196128 0.186345 0.982378 0.014444 0.343118 -0.051295 -0.937890 0.920622 -0.179727 0.346631
-1.327899 -9.802307 -23.655184 2.150881 0.210364 0.977612 0.004667 0.375423 -0.076375 -0.923701 0.902665 -0.196066 0.383085
1.163846 -9.275012 -29.515271 66.993859 0.139790 0.983757 0.112612 0.977910 -0.119313 -0.171630 0.155406 -0.134117 0.978704
1.550881 -10.385698 33.663217 114.327410 -0.098908 -0.990044 -0.100150 0.991913 -0.090046 -0.089447 0.079539 -0.108187 0.990944
