15623
31220
-3.893587 -4.993794 0.935128 -59.257902 0.998834 -0.039300 0.028051 0.047985 0.743316 -0.667217 -0.005370 -0.667785 -0.744335
-4.437273 -5.982393 -2.783136 -53.865782 0.986026 -0.158206 0.052193 0.158977 0.799939 -0.578639 -0.049793 -0.578851 -0.813912
-3.061143 -6.944475 41.335130 -86.577984 0.960263 -0.161808 0.227406 0.266521 0.773460 -0.575088 0.082835 -0.612844 -0.785850
-3.714939 -5.227994 -8.192596 -29.904684 0.830448 0.377875 -0.409348 -0.545970 0.698157 -0.463135 -0.110782 -0.608101 -0.786092
-3.149241 -4.826074 35.955509 -62.744995 0.974364 -0.086139 0.207836 0.210184 0.678008 -0.704364 0.080241 -0.729990 -0.678731
-3.166868 -4.203826 -12.233396 -26.560707 0.723118 0.477445 -0.499145 -0.690546 0.516116 -0.506725 -0.015683 -0.711105 -0.702911
-2.510166 -7.873077 0.239690 17.256016 0.976024 -0.217559 -0.006669 0.147286 0.682698 -0.715702 -0.160260 -0.697561 -0.698374
-2.459441 -7.229033 -1.588987 29.671922 0.969884 -0.243233 0.012753 0.210617 0.811229 -0.545480 -0.122333 -0.531738 -0.838027
-2.455639 -7.977870 7.576411 13.834941 0.983933 -0.174805 0.036309 0.151098 0.706987 -0.690897 -0.095102 -0.685283 -0.722041
-2.606564 -7.291149 -1.257694 35.382900 0.960881 -0.275333 -0.029996 0.211401 0.799083 -0.562828 -0.178935 -0.534470 -0.826029
-2.518048 -8.010591 0.917287 -5.935497 0.985858 -0.167107 0.012649 0.101464 0.535109 -0.838667 -0.133378 -0.828090 -0.544497
-2.648434 -7.940990 6.316245 16.320476 0.964155 -0.262423 -0.039248 0.149379 0.659066 -0.737101 -0.219299 -0.704817 -0.674641
-2.558548 -7.945748 0.731818 -7.994169 0.975915 -0.217404 -0.018021 0.095954 0.501982 -0.859539 -0.195914 -0.837108 -0.510753
-0.151694 -4.718571 18.632830 -8.868380 0.918694 0.392224 -0.046490 0.041380 -0.212639 -0.976254 0.392796 -0.894955 0.211580
-0.063432 -4.626054 23.623797 -16.775385 0.917613 0.396812 -0.022942 0.102155 -0.291223 -0.951185 0.384123 -0.870477 0.307766
-0.365386 -5.007900 17.233680 -16.739579 0.926034 0.375057 -0.042347 0.059766 -0.256489 -0.964698 0.372678 -0.890812 0.259933
-0.317115 -5.061901 16.319452 -5.827263 0.916854 0.379278 -0.124608 -0.090454 -0.106652 -0.990173 0.388841 -0.919116 0.063477
-0.200640 -4.706736 4.847317 -2.697122 0.924186 0.378017 -0.054620 -0.010037 -0.118918 -0.992853 0.381810 -0.918130 0.106108
-0.251207 -5.063449 11.024266 -6.014829 0.927165 0.363594 -0.090360 -0.031455 -0.164788 -0.985827 0.373331 -0.916867 0.141348
-0.492028 -4.693942 -0.890544 -14.058109 0.964606 0.228311 0.131943 -0.059458 0.675793 -0.734689 0.256903 -0.700841 -0.665449
-0.408196 -4.180895 -0.825000 -7.396817 0.962493 0.254832 0.093101 -0.057360 0.526535 -0.848216 0.265173 -0.811062 -0.521404
-0.491404 -4.520469 -0.189815 -12.096856 0.968169 0.227987 0.103304 -0.083231 0.682478 -0.726152 0.236056 -0.694439 -0.679729
-0.565322 -4.881975 -0.293442 -12.888238 0.972658 0.191143 0.131913 -0.081817 0.813599 -0.575641 0.217354 -0.549109 -0.806992
-0.569043 -5.186910 -0.610090 -15.884336 0.967588 0.191745 0.164336 -0.062933 0.813309 -0.578418 0.244565 -0.549328 -0.799016
-0.044106 -4.497753 -1.398782 12.203023 0.925253 0.334059 0.179753 0.269864 -0.246607 -0.930784 0.266609 -0.909719 0.318324
-0.069963 -4.894936 -1.992325 11.366372 0.933683 0.322557 0.155541 0.285761 -0.409349 -0.866472 0.215816 -0.853458 0.474377
-0.024895 -4.437941 0.122672 10.365465 0.924322 0.339425 0.174410 0.272469 -0.267008 -0.924374 0.267187 -0.901941 0.339284
-0.122227 -5.020774 -2.450541 11.361956 0.936907 0.317118 0.147109 0.272359 -0.398365 -0.875857 0.219147 -0.860663 0.459601
-0.068698 -4.157818 1.802169 7.422265 0.917162 0.350090 0.190396 0.241104 -0.107058 -0.964576 0.317305 -0.930578 0.182598
-0.064689 -4.595933 -2.421610 13.678688 0.929061 0.326856 0.173234 0.256537 -0.231881 -0.938307 0.266521 -0.916186 0.299283
-0.041272 -4.193567 -0.124231 9.303229 0.917405 0.344064 0.199972 0.242188 -0.083979 -0.966588 0.315775 -0.935183 0.160371
40.182107 -5.914752 984.650324 -5.478398 0.841586 -0.498996 0.206724 -0.133032 0.179446 0.974732 0.523483 0.847822 -0.084637
48.826918 -5.063627 -45.492304 17.076845 0.893858 -0.371613 0.250842 -0.247792 0.056808 0.967146 0.373654 0.926648 0.041304
33.563255 -4.868787 -2567.179490 -1.168794 0.967167 -0.128169 0.219454 -0.202456 0.133399 0.970163 0.153620 0.982740 -0.103071
70.808959 -5.434015 -2541.436793 -5.302796 -0.684745 0.710448 -0.162445 0.164155 -0.066816 -0.984169 0.710054 0.700571 0.070872
25.191823 -5.742524 -738.987222 4.287221 0.940867 -0.298284 0.160613 -0.078398 0.269520 0.959798 0.329581 0.915634 -0.230198
28.449529 -6.370920 796.372319 -9.626713 0.772672 -0.607489 0.184214 0.014252 0.306717 0.951694 0.634645 0.732722 -0.245650
40.324501 -5.927472 -1229.496440 17.664044 -0.630653 0.763728 -0.137823 0.015908 -0.164833 -0.986193 0.775902 0.624139 -0.091803
0.535339 -3.647824 4.632838 3.967154 0.983717 0.176911 0.031665 0.176597 -0.918768 -0.353099 0.033374 -0.352942 0.935050
0.392181 -3.717931 4.494189 4.829767 0.970941 0.235126 0.044600 0.238687 -0.937882 -0.251805 0.017377 -0.255134 0.966750
0.387590 -3.859308 2.810420 8.903144 0.974022 0.223360 0.037291 0.221741 -0.907322 -0.357209 0.045952 -0.356199 0.933280
0.599379 -3.630340 3.502717 5.543941 0.981459 0.189170 0.030855 0.182497 -0.873095 -0.452106 0.058585 -0.449355 0.891430
0.762640 -3.541360 2.480383 -2.229201 0.991911 0.124615 0.024149 0.122436 -0.889110 -0.441013 0.033486 -0.440402 0.897176
1.536781 -8.430593 -4.803783 0.227832 -0.992214 -0.103166 -0.069773 -0.102142 0.994605 -0.018101 0.071264 -0.010833 -0.997399
0.995958 -8.026252 16.417352 0.220395 0.990270 0.110474 0.084624 -0.090621 0.973421 -0.210330 0.105611 -0.200614 -0.973961
1.349886 -8.153508 -16.062732 -1.687032 -0.992382 -0.040839 -0.116229 -0.039605 0.999132 -0.012904 0.116655 -0.008202 -0.993139
2.143754 -9.305036 -0.214859 -41.070201 0.993758 0.050823 0.099312 -0.065726 0.986026 0.153075 0.090145 0.158647 -0.983212
2.192635 -8.978069 5.880856 -41.899166 0.989770 -0.039975 0.136959 0.018751 0.988066 0.152882 0.141436 0.148750 -0.978708
1.023190 -7.848153 -10.848099 -8.636693 -0.989181 0.048767 -0.138355 0.052295 0.998390 -0.021973 0.137061 -0.028970 -0.990139
1.049424 -3.618539 20.438053 2.944810 0.932438 0.354171 0.071565 0.058471 0.047550 -0.997156 0.356566 -0.933971 -0.023629
0.953238 -3.529609 19.641327 -0.109151 0.934276 0.345380 0.088549 0.033826 0.161372 -0.986314 0.354942 -0.924485 -0.139083
1.664537 -3.610096 30.519967 3.197353 0.937314 0.328642 0.115920 0.102235 0.058684 -0.993028 0.333153 -0.942630 -0.021406
0.500819 -3.521293 9.810264 -0.035768 0.931861 0.359738 0.047155 -0.009559 0.154268 -0.987983 0.362689 -0.920212 -0.147195
1.768714 -3.676858 32.952610 4.757262 0.934592 0.341188 0.100640 0.127522 -0.057237 -0.990183 0.332078 -0.938251 0.097002
1.102342 -3.699071 20.044016 4.871694 0.930332 0.362004 0.058614 0.088500 -0.066521 -0.993852 0.355880 -0.929800 0.093925
0.573703 -3.619609 9.639719 2.877398 0.930335 0.365371 0.031323 0.017560 0.040931 -0.999008 0.366291 -0.929961 -0.031664
-0.598050 -11.308299 -5.099514 -97.280971 0.840610 -0.046469 -0.539644 0.030350 0.998789 -0.038729 0.540790 0.016178 0.841002
-0.670400 -13.205314 -0.972841 -92.588224 0.833340 -0.072224 -0.548022 -0.083915 0.963406 -0.254571 0.546354 0.258132 0.796784
-0.577150 -12.005574 -5.275453 -87.350830 0.843340 -0.063818 -0.533577 -0.035397 0.984170 -0.173657 0.536213 0.165339 0.827731
-0.460218 -10.600139 -13.947519 -57.606562 0.860909 -0.026745 -0.508055 0.045446 0.998668 0.024437 0.506725 -0.044127 0.860978
-0.505073 -12.160932 -9.569944 -60.508537 0.858099 -0.055438 -0.510482 -0.064089 0.974818 -0.213595 0.509468 0.216002 0.832938
-0.992938 -10.466033 -6.938031 64.702291 0.999984 0.000961 0.005657 -0.005457 0.463793 0.885927 0.001773 0.885943 -0.463791
-0.668428 -9.303157 0.576618 96.735932 0.999912 -0.012698 0.003894 0.000010 0.293885 0.955841 0.013281 0.955756 -0.293859
-0.825666 -10.863229 10.913156 62.894023 0.997677 -0.002418 0.068080 -0.058669 0.477402 0.876724 0.034621 0.878682 -0.476151
-0.687314 -9.011760 -10.732144 98.432729 0.998786 0.005418 -0.048966 0.045189 0.295099 0.954397 -0.019621 0.955451 -0.294496
-1.264390 -11.493930 -0.235107 23.352821 0.998080 0.009362 0.061219 -0.052836 0.644384 0.762875 0.032306 0.764645 -0.643641
-0.810492 -10.114686 -13.461485 75.137775 0.998478 0.009909 -0.054255 0.044156 0.445804 0.894041 -0.033047 0.895076 -0.444688
-1.294777 -11.283786 -12.605432 26.529295 0.999966 0.007754 -0.002882 -0.002693 0.634520 0.772902 -0.007822 0.772868 -0.634519
-1.276536 -4.273883 56.523734 20.917385 0.140476 0.987284 -0.074414 -0.985537 0.146630 0.084948 -0.094779 -0.061404 -0.993603
0.496384 -4.615764 61.632241 29.708273 0.258019 0.963751 -0.067896 -0.959927 0.263683 0.094930 -0.109392 -0.040681 -0.993166
0.593085 -5.266100 64.468653 -48.704384 0.149588 0.986783 -0.062314 0.988325 -0.151071 -0.019782 -0.028934 -0.058628 -0.997861
-0.566754 -5.427296 66.546049 -65.391487 -0.038019 0.996973 -0.067825 0.999270 0.038188 0.001190 0.003776 -0.067730 -0.997697
-2.746669 -3.881291 33.281462 -31.564187 -0.228345 0.968997 -0.094357 0.968298 0.215955 -0.125545 -0.101276 -0.120033 -0.987591
7.508103 -50.247358 -88.645359 1364.068103 0.911770 -0.376433 -0.164236 0.210908 0.086020 0.973714 0.352411 0.922442 -0.157823
10.121077 -78.929549 -204.051976 1920.941578 0.931097 -0.234278 -0.279593 0.359056 0.453481 0.815741 0.064320 0.859924 -0.506354
9.499956 -99.941611 -26.245317 1092.935407 0.883619 -0.468171 0.005845 0.337465 0.645481 0.685180 0.324554 0.603466 -0.728350
1.690811 -38.245581 -72.105933 -856.415044 -0.870302 0.488847 0.060026 0.484314 0.871577 -0.076112 -0.089524 -0.037169 -0.995291
2.307930 -106.623578 -438.938661 3395.144978 -0.552277 0.810983 -0.193124 -0.734167 -0.582885 -0.348200 0.394953 0.050518 -0.917311
20.287573 -118.418567 -547.762593 -2171.151879 -0.381106 0.710333 -0.591764 0.053448 -0.622071 -0.781134 0.922985 0.329324 -0.199109
-235.850368 -544.421083 -5985.405887 -5367.275480 0.886351 0.115302 -0.448427 -0.222510 0.955403 -0.194150 0.406042 0.271864 0.872479
-60.031564 -450.073255 -1472.764459 12957.159144 0.758380 0.524136 -0.387481 -0.234094 -0.335791 -0.912384 0.608326 -0.782641 0.131960
-42.532376 -358.400262 -964.679209 -11124.285957 0.565136 0.162819 -0.808772 -0.386738 0.918228 -0.085382 0.728735 0.361035 0.581892
-210.658330 -373.353170 -7762.754475 -10083.342628 0.457924 -0.163141 0.873894 0.888255 0.123973 -0.442305 -0.036182 0.978783 0.201681
0.340983 -2.479119 -10.003850 2.771431 0.912685 0.394912 0.105125 0.390758 -0.768014 -0.507407 0.119644 -0.504181 0.855270
0.312517 -2.557764 -6.411975 -8.168277 0.884572 0.447670 0.130858 0.439600 -0.706507 -0.554617 0.155833 -0.548123 0.821752
0.144603 -2.693254 -2.281201 6.675673 0.920086 0.380146 0.094503 0.371996 -0.772375 -0.514836 0.122720 -0.508848 0.852064
0.485514 -2.481824 -11.967020 -13.313455 0.884366 0.449126 0.127210 0.440684 -0.713433 -0.544803 0.153930 -0.537865 0.828859
0.147363 -2.956731 -2.754455 17.871137 0.947619 0.314487 0.055812 0.304143 -0.835104 -0.458366 0.097541 -0.451331 0.887010
0.248430 -2.720177 -6.382854 16.437317 0.935755 0.344881 0.073626 0.338695 -0.820759 -0.460044 0.098231 -0.455425 0.884838
0.461106 -2.350127 -11.820485 -0.732009 0.897445 0.425053 0.117989 0.423600 -0.755749 -0.499406 0.123104 -0.498169 0.858296
-0.454733 -2.907364 -0.788252 10.960054 0.611640 -0.545538 -0.572961 0.737937 0.132312 0.661773 -0.285213 -0.827576 0.483500
-0.742005 -3.105974 10.155016 6.178099 0.609697 -0.549098 -0.571630 0.736118 0.124814 0.665245 -0.293937 -0.826386 0.480299
-0.685330 -3.369660 -2.408128 30.417220 0.558484 -0.561653 -0.610444 0.755460 0.040444 0.653945 -0.342601 -0.826384 0.446894
-1.358150 -3.047200 -9.049644 22.120334 0.906732 0.026708 0.420861 -0.123705 0.970934 0.204903 -0.403156 -0.237855 0.883680
-1.090357 -2.338741 -6.850531 25.718163 0.903403 -0.170798 0.393307 0.087428 0.971347 0.221001 -0.419785 -0.165267 0.892450
-1.267560 -2.885434 -2.144740 16.130862 0.902721 -0.046554 0.427701 -0.065681 0.967562 0.243946 -0.425184 -0.248307 0.870381
-1.316144 -5.174098 -39.505623 0.998915 0.730386 0.650333 -0.208814 -0.664704 0.606405 -0.436396 0.157177 -0.457537 -0.875189
-1.121077 -4.988836 -37.562561 22.748334 0.714137 0.666841 -0.212911 -0.699244 0.665376 -0.261404 0.032649 -0.335556 -0.941454
-1.943917 -5.415751 -53.183456 -16.121429 0.686911 0.693920 -0.215936 0.716972 -0.598515 0.357394 0.118762 -0.400318 -0.908648
-2.027807 -4.438260 -40.670073 -31.815825 0.778031 0.617141 -0.117491 -0.547125 0.573726 -0.609502 0.308741 -0.538494 -0.784030
-1.065488 -4.904364 -19.760827 -16.455954 0.769439 0.621189 -0.148621 -0.575586 0.573482 -0.582940 0.276884 -0.534081 -0.798807
-2.451590 -5.103472 -52.068943 -19.724960 0.689272 0.698813 -0.191221 -0.685329 0.543271 -0.484955 0.235008 -0.465315 -0.853378
-0.518612 -6.711011 -0.751462 0.996749 -0.923826 -0.236690 -0.300872 -0.148060 0.945704 -0.289350 0.353022 -0.222762 -0.908710
-0.519641 -6.574581 1.509739 -12.364760 0.913421 0.263294 0.310384 -0.068466 0.851113 -0.520498 0.401216 -0.454183 -0.795452
-0.593432 -6.399825 2.153704 -12.299010 0.921086 0.252274 0.296577 -0.062145 0.847196 -0.527634 0.384367 -0.467566 -0.796018
-182.331486 -226.215461 3640.427607 11108.073802 0.976961 -0.179363 0.115654 0.140595 0.948607 0.283511 0.160561 0.260719 -0.951969
-84.325635 -170.895387 2178.874333 370.517321 0.067909 0.651884 0.755272 0.963321 0.154146 -0.219661 -0.259615 0.742487 -0.617506
-59.038957 -109.537957 1599.211853 -2716.162188 0.245843 0.655426 0.714128 -0.754710 0.591744 -0.283288 0.608255 0.469315 -0.640133
-82.463326 -136.575438 3379.298417 1026.870141 0.046811 0.416313 0.908016 0.953434 -0.289757 0.083697 0.297948 0.861815 -0.410491
-123.012422 -204.994942 -3814.388334 4309.602962 -0.793784 0.019010 -0.607903 0.171569 0.965917 -0.193825 0.583499 -0.258153 -0.769991
-56.690680 -97.274454 -2258.678346 1649.880834 -0.286676 0.329101 -0.899727 0.150253 0.942968 0.297043 0.946171 -0.050032 -0.319775
-381.254520 -525.996227 -13632.249826 -23651.845973 0.118386 -0.598506 -0.792323 -0.498090 0.654491 -0.568813 0.859006 0.461987 -0.220627
-3.839119 -21.564131 -43.381491 -379.984941 0.074149 -0.162233 0.983963 0.982510 -0.157115 -0.099944 0.170809 0.974164 0.147746
-5.697379 -22.792258 -84.491984 -396.362898 0.015067 -0.193544 0.980976 0.982022 -0.181762 -0.050944 0.188164 0.964108 0.187326
-4.197309 -19.036498 -25.810790 133.200631 0.029519 -0.192056 0.980940 0.809985 -0.570448 -0.136061 0.585707 0.798563 0.138724
-2.989270 -18.945615 -60.287410 -156.605532 0.112354 -0.060203 0.991843 0.915522 -0.381733 -0.126879 0.386258 0.922310 0.012228
-0.646248 -3.874041 -1.042298 9.907084 0.987032 0.151064 0.054299 -0.121810 0.925133 -0.359571 0.104552 -0.348293 -0.931537
-0.683939 -3.612920 -0.766520 12.282540 0.996083 0.026491 0.084364 -0.010311 0.982357 -0.186733 0.087822 -0.185131 -0.978782
-0.683957 -4.268525 2.011617 3.481342 0.984381 0.145979 0.098410 -0.099385 0.922172 -0.373793 0.145317 -0.358174 -0.922277
-0.639401 -3.152502 -4.707892 14.267855 0.998589 0.025583 0.046543 -0.015910 0.980187 -0.197433 0.050672 -0.196414 -0.979211
-0.601115 -4.328372 1.553349 -2.941246 0.974263 0.214253 0.070058 -0.141294 0.822600 -0.550787 0.175637 -0.526712 -0.831701
-0.497586 -4.065569 -2.762978 3.336765 0.974070 0.225082 0.022941 -0.180222 0.833211 -0.522761 0.136779 -0.505071 -0.852170
-0.512160 -3.506111 -6.833826 14.709028 0.985399 0.170213 0.003959 -0.158380 0.924936 -0.345556 0.062480 -0.339884 -0.938390
-2.054038 -6.158324 20.765093 -55.208811 0.827965 -0.396692 -0.396369 0.531308 0.328796 0.780772 0.179402 0.857047 -0.482997
-2.871081 -6.897267 -5.144062 -31.703908 0.720638 -0.425771 -0.547175 0.644622 0.120934 0.754876 0.255232 0.896713 -0.361611
-3.213010 -6.822579 -39.832406 -77.487382 0.769180 -0.429933 -0.472779 0.620961 0.328157 0.711843 0.150900 0.841112 -0.519383
-2.277854 -5.669911 7.037572 -73.061741 0.872061 -0.387929 -0.298362 0.471089 0.500206 0.726547 0.132606 0.774148 -0.618959
-3.488222 -5.203199 14.008008 -12.028801 0.935237 0.065426 0.347923 -0.115309 -0.872887 0.474101 -0.334716 0.483516 0.808812
-3.920850 -5.136678 15.149946 -11.359109 0.886009 0.113899 0.449461 -0.135523 -0.863415 0.485951 -0.443420 0.491469 0.749557
-3.634823 -5.310225 10.813177 -3.814550 0.925096 0.100258 0.366259 0.036422 0.936643 -0.348388 -0.377982 0.335632 0.862833
6.215764 -0.670746 225.382328 17.988022 -0.261689 -0.185932 0.947073 0.965113 -0.041587 0.258509 -0.008679 0.981682 0.190328
2.711814 -1.699731 86.500164 -22.072587 -0.286586 -0.126853 0.949619 0.955668 0.032072 0.292696 -0.067586 0.991403 0.112038
1.393139 -2.935505 159.165324 156.292775 0.573313 -0.108180 0.812164 0.813790 -0.039961 -0.579784 0.095176 0.993328 0.065126
-1.478186 -7.058985 298.162412 -368.844910 0.962053 -0.153329 0.225708 -0.221137 0.046463 0.974135 0.159850 0.987082 -0.010793
-0.332404 -6.257405 16.862562 -350.245825 0.802929 0.026427 0.595488 -0.594465 0.108868 0.796718 0.043774 0.993705 -0.103123
-3.700089 -39.120762 206.965210 -1546.597707 0.937426 -0.136287 0.320404 -0.289897 0.204187 0.935023 0.192853 0.969399 -0.151901
2.702167 -3.317556 -2.320805 20.897408 0.987082 -0.063170 0.147238 -0.081206 0.594941 0.799657 0.138112 0.801283 -0.582126
2.418043 -3.158673 24.478036 14.282661 0.971839 -0.077528 0.222529 -0.143630 0.553760 0.820196 0.186815 0.829060 -0.527030
2.870633 -2.915762 -21.850352 17.558886 0.990782 -0.002658 0.135439 -0.111015 0.557015 0.823049 0.077629 0.830498 -0.551585
0.851190 -3.292692 -39.027611 -4.683384 0.307324 0.633708 0.709906 -0.482453 0.746784 -0.457770 -0.820238 -0.201813 0.535239
1.844842 -4.736676 -48.974657 -56.644361 0.330277 0.630486 0.702428 -0.418384 0.764875 -0.489816 -0.846092 -0.132110 0.516406
1.575308 -3.165155 -52.755982 -11.875152 0.329012 0.601465 0.728004 -0.472145 0.772423 -0.424784 -0.817820 -0.203964 0.538116
-1.397366 -4.826496 -21.222451 10.075442 0.965368 0.204426 0.162091 -0.253529 0.881639 0.398040 0.061536 0.425350 -0.902935
-1.778374 -4.504748 0.464325 19.429992 0.971356 0.130039 0.198889 -0.214337 0.840839 0.497040 0.102600 0.525432 -0.844627
-1.501582 -4.737032 0.622994 9.990510 0.981349 0.071772 0.178334 -0.138538 0.907194 0.397249 0.133273 0.414546 -0.900217
-0.909728 -9.556349 -1.314144 89.553940 0.937331 0.289485 0.193928 0.130009 0.225810 -0.965457 0.323276 -0.930166 -0.174023
-0.975097 -7.804959 -3.960581 82.999345 0.932951 0.275918 0.231237 0.105083 0.405630 -0.907977 0.344324 -0.871397 -0.349439
-0.617766 -9.814030 15.256674 75.051322 0.905175 0.330554 0.267191 0.204837 0.211556 -0.955660 0.372424 -0.919770 -0.123786
-0.505785 -10.636614 16.224524 31.863368 0.918251 0.334296 0.212278 0.234382 -0.026726 -0.971777 0.319188 -0.942089 0.102894
0.084774 -10.856191 29.684279 13.757662 0.881502 0.372734 0.289867 0.322767 -0.027589 -0.946076 0.344638 -0.927528 0.144626
0.036128 -10.061109 26.602128 76.483482 0.867504 0.357066 0.346325 0.278308 0.228656 -0.932878 0.412288 -0.905660 -0.098986
-0.408822 -7.410768 9.985999 -29.404486 0.968659 0.196608 0.151807 0.247863 -0.725094 -0.642498 0.016246 -0.659988 0.751100
-0.461377 -6.736454 9.668790 -21.434809 0.974717 0.173010 0.141404 0.221633 -0.829010 -0.513440 -0.028395 -0.531799 0.846394
-0.807836 -7.235050 6.688937 -30.054657 0.973552 0.150390 0.171989 0.226654 -0.730428 -0.644284 -0.028732 -0.666226 0.745196
-0.848430 -7.989711 6.753390 -35.849832 0.968352 0.166918 0.185562 0.249092 -0.599376 -0.760725 0.015757 -0.782871 0.621985
-1.077098 -7.714188 1.912858 -28.097392 0.972873 0.101937 0.207672 0.227216 -0.589812 -0.774916 -0.043494 -0.801081 0.596974
-1.076201 -7.124478 3.463809 -20.945810 0.975801 0.095700 0.196608 0.204652 -0.716382 -0.667019 -0.077012 -0.691114 0.718631
1.680592 -2.916260 59.276882 -2.831149 0.915922 -0.038957 0.399461 -0.341115 0.448889 0.825917 0.211489 0.892738 -0.397859
1.131327 -2.959185 52.087756 -3.889429 0.885701 -0.008296 0.464181 -0.424269 0.391479 0.816542 0.188491 0.920150 -0.343214
2.047330 -2.630970 17.911814 -4.385183 0.935206 0.001603 0.354099 -0.320953 0.426287 0.845736 0.149592 0.904587 -0.399181
0.446730 -3.275923 86.897687 -1.727626 0.882583 -0.031383 0.469108 -0.411095 0.432651 0.802380 0.228141 0.901015 -0.368948
2.539454 -2.631980 11.349867 4.576907 0.955723 -0.017791 0.293729 -0.252073 0.465519 0.848382 0.151830 0.884859 -0.440422
1.871044 -2.953106 39.103740 7.519129 0.945428 -0.061522 0.319971 -0.248730 0.498072 0.830697 0.210475 0.864950 -0.455589
0.522823 -3.299807 88.628754 5.377808 0.914555 -0.088009 0.394771 -0.305964 0.487816 0.817570 0.264529 0.868499 -0.419207
-4.647179 -74.812961 -142.234967 2352.935163 -0.060694 -0.315512 0.946979 0.552828 0.779302 0.295077 -0.831082 0.541425 0.127125
-2.223621 -33.723585 -63.180744 778.079529 -0.410807 -0.481937 0.773934 0.785777 0.243347 0.568628 -0.462377 0.841736 0.278726
-1.524705 -66.097324 -111.041144 2160.962259 -0.189612 -0.346026 0.918865 0.850505 0.409724 0.329800 -0.490600 0.844033 0.216609
-10.000859 -180.086184 36.676337 7721.038388 0.145216 -0.045700 0.988344 0.699984 0.710721 -0.069985 -0.699239 0.701988 0.135197
1.584655 -10.177537 8.135117 -89.548625 0.969453 0.151628 0.192793 -0.025326 0.843706 -0.536208 0.243965 -0.514946 -0.821773
1.627137 -8.291022 12.505617 -27.182538 0.958150 0.225878 0.175861 -0.050720 0.738562 -0.672275 0.281737 -0.635221 -0.719110
1.225295 -8.494251 8.754427 -5.584610 0.950613 0.206220 0.231966 -0.064764 0.862704 -0.501546 0.303546 -0.461753 -0.833453
-0.230444 -15.214221 -18.030706 102.367945 0.865368 0.496668 -0.066773 0.154914 -0.138405 0.978185 -0.476592 0.856834 0.196712
-0.499568 -15.305460 -3.723630 110.955773 0.878057 0.471505 -0.081844 0.145645 -0.100382 0.984231 -0.455854 0.876132 0.156813
0.132625 -16.840373 -35.452505 15.695287 0.858050 0.507598 -0.078066 0.008681 0.137651 0.990443 -0.513493 0.850527 -0.113705
-0.522833 -13.267082 6.443959 205.541945 0.884849 0.460098 -0.073162 0.258207 -0.353616 0.899047 -0.387778 0.814411 0.431697
0.231017 -16.648390 -32.905706 17.829138 0.852737 0.520903 -0.038726 -0.005665 0.083357 0.996504 -0.522309 0.849536 -0.074033
-0.588979 -13.016053 6.287751 199.751744 0.879691 0.472435 -0.054299 0.264162 -0.390521 0.881880 -0.395426 0.790126 0.468337
-0.425996 -15.198106 -14.233404 86.808166 0.861307 0.506450 -0.040731 0.150127 -0.177091 0.972677 -0.485399 0.843888 0.228562
1.483035 -7.256964 -27.722697 124.345436 0.852609 0.522271 -0.017071 0.346311 -0.540286 0.766916 -0.391315 0.659791 0.641521
1.096166 -5.844136 -36.185947 67.914666 0.828195 0.557271 -0.059521 0.442846 -0.585627 0.678917 -0.343483 0.588634 0.731799
1.104099 -7.723586 -64.030222 151.198400 0.827805 0.560896 -0.011615 0.379473 -0.544560 0.747968 -0.413207 0.623579 0.663634
1.535456 -9.690367 -29.016400 168.970834 0.861477 0.506395 0.037693 0.240438 -0.472158 0.848090 -0.447265 0.721548 0.528510
1.791912 -8.604788 7.554559 150.241504 0.892255 0.451117 0.019347 0.233656 -0.497958 0.835130 -0.386375 0.740629 0.549712
0.837087 -2.346342 10.755160 -4.007492 0.948890 0.058521 0.310135 -0.314938 0.239562 0.918381 0.020552 0.969116 -0.245748
1.153451 -2.362653 9.008378 -2.224272 0.983936 0.057511 0.169003 -0.178101 0.251402 0.951355 -0.012226 0.966173 -0.257606
1.420664 -2.322103 2.984084 -2.154420 0.964412 0.063203 0.256738 -0.263526 0.308794 0.913893 0.021518 0.949027 -0.314460
-4.719380 -7.697800 -2.140367 -14.006349 0.555448 0.816613 0.156913 -0.426931 0.118122 0.896536 -0.713588 0.564970 -0.414248
-4.649636 -7.630139 21.857628 -16.114003 0.614298 0.753747 0.233462 -0.465148 0.106912 0.878753 -0.637397 0.648410 -0.416280
-4.823915 -6.817014 12.329465 -42.492797 0.558903 0.805416 0.197311 -0.605352 0.233671 0.760885 -0.566724 0.544704 -0.618160
-4.565932 -6.824831 -25.130995 -40.356831 0.501609 0.857541 0.114070 -0.583300 0.237887 0.776640 -0.638865 0.456107 -0.619530
-4.357777 -7.719251 -37.036328 -15.973819 0.491098 0.868174 0.071396 -0.394965 0.148867 0.906555 -0.776418 0.473406 -0.416007
0.466914 -5.495820 -19.778739 58.985810 0.820655 0.558839 -0.119267 -0.571358 0.799309 -0.186161 0.008703 -0.220918 -0.975254
-0.010638 -6.019769 -16.168630 65.160047 0.837275 0.534958 -0.113098 -0.545556 0.803484 -0.238290 0.036603 -0.261216 -0.964586
0.517880 -7.082629 -15.076000 97.019303 0.833880 0.543110 -0.098369 -0.545106 0.782388 -0.301211 0.086628 -0.304795 -0.948470
0.797857 -6.984562 -12.913153 90.223847 0.835062 0.545066 -0.074654 -0.546566 0.806467 -0.225557 0.062737 -0.229158 -0.971365
0.840130 -5.059149 -23.527604 30.730836 0.817296 0.565940 -0.108351 -0.575557 0.810803 -0.106454 -0.027605 -0.149366 -0.988397
0.280852 -32.977396 1.606870 -542.713783 0.928976 0.347146 -0.128428 0.341770 -0.671264 0.657722 -0.142117 0.654900 0.742232
1.683580 -43.404504 47.562193 -1151.538681 0.945061 0.291079 -0.148768 0.326415 -0.864880 0.381359 0.017661 0.408968 0.912378
0.221679 -27.791199 44.227172 -416.940833 0.969305 0.210650 -0.126788 0.240009 -0.698849 0.673800 -0.053330 0.683548 0.727955
0.189265 -33.159487 9.832861 -162.651850 0.930950 0.346210 -0.116063 0.364849 -0.894778 0.257406 0.014734 0.281978 0.959308
-0.641868 -23.540826 3.437251 -363.188377 0.958070 0.280956 -0.056266 0.163572 -0.375053 0.912458 -0.235258 0.883402 0.405283
-119.463375 -467.534754 -2919.850744 7505.630981 0.956001 0.048767 0.289282 -0.276503 0.479273 0.832973 0.098023 0.876310 -0.471670
-1228.424426 -1628.421870 -32853.646276 -31895.819388 0.952543 0.261246 -0.156246 0.290886 -0.932452 0.214287 0.089710 0.249567 0.964193
-44.002115 -393.188734 1029.363214 -13125.160635 -0.719524 0.205900 -0.663242 -0.132149 0.896993 0.421829 0.681778 0.391163 -0.618199
-27.334180 -1223.514264 -835.153868 160904.976761 0.955564 0.119314 0.269560 -0.025794 0.944763 -0.326738 0.293654 -0.305266 -0.905859
1.993534 -0.408461 -65.572597 5.253074 -0.466475 0.884179 0.025071 0.884100 0.465170 0.044547 0.027725 0.042945 -0.998693
1.900436 -0.968209 -86.909780 -20.610357 -0.264013 0.964405 0.014833 -0.964232 -0.263528 -0.028455 0.023533 0.021815 -0.999485
0.316549 -1.228622 -58.659933 18.022314 -0.684965 0.728303 -0.019940 -0.726079 -0.684626 -0.064004 0.060266 0.029362 -0.997750
3.547044 -0.370243 -72.099534 20.287787 -0.215605 0.971906 0.094409 0.976475 0.214921 0.017475 -0.003306 0.095956 -0.995380
3.108207 0.267906 -55.012627 16.011370 -0.337937 0.936200 0.096578 0.941169 0.336196 0.034261 -0.000394 0.102474 -0.994736
1.952467 -1.873178 4.682034 13.002113 0.745685 0.457358 0.484538 -0.665861 0.485167 0.566783 -0.024141 0.745276 -0.666319
1.626245 -1.822245 33.524411 8.212856 0.760747 0.391770 0.517476 -0.648408 0.494151 0.579121 0.028829 0.776100 -0.629950
2.185585 -1.690767 5.203986 6.825860 0.742561 0.470585 0.476606 -0.667172 0.456967 0.588271 -0.059039 0.754805 -0.653287
2.089486 -1.803780 -16.448952 7.422941 0.712766 0.535812 0.452626 -0.694904 0.451814 0.559439 -0.095251 0.713281 -0.694376
1.745672 -1.939513 -1.977590 9.599755 0.728316 0.499815 0.468766 -0.684501 0.498878 0.531581 -0.031836 0.708030 -0.705464
-3.196388 -7.530327 14.951522 -6.727358 0.742115 0.567498 0.356666 -0.426395 -0.010855 0.904472 -0.517158 0.823303 -0.233923
-2.924502 -7.424006 5.447601 -10.060756 0.771588 0.511131 0.378677 -0.453414 0.024377 0.890967 -0.446170 0.859157 -0.250563
-3.204310 -7.014354 11.837338 -20.184193 0.753371 0.563593 0.338814 -0.514206 0.183721 0.837758 -0.409907 0.805363 -0.428213
-2.886262 -7.577819 5.063914 -1.877281 0.764565 0.508322 0.396294 -0.356927 -0.178056 0.917005 -0.536696 0.842559 -0.045298
-3.634662 -7.264448 22.783145 -21.060794 0.719007 0.620453 0.313156 -0.503243 0.154010 0.850311 -0.479349 0.768973 -0.422972
-3.127755 -7.619111 15.263010 2.307295 0.733730 0.562978 0.380391 -0.315487 -0.213549 0.924589 -0.601755 0.798407 -0.020925
-3.631736 -7.759500 24.375520 -5.069878 0.703433 0.625719 0.337131 -0.397741 -0.046562 0.916315 -0.589054 0.778657 -0.216121
-0.125559 -0.473148 -6.950007 -0.964716 0.908979 0.128914 0.396406 -0.209106 0.963684 0.166094 -0.360599 -0.233867 0.902926
-0.427914 -0.549484 -0.092110 -9.886357 0.095534 0.951774 0.291548 0.927656 -0.191346 0.320688 -0.361009 -0.239820 0.901199
0.015777 -0.596409 -12.319183 -2.711308 0.881981 0.213279 0.420264 -0.282365 0.953107 0.108892 -0.377332 -0.214708 0.900844
2.459927 -5.814186 -96.298146 32.364877 0.761527 0.330974 -0.557255 -0.566218 -0.078657 -0.820494 0.315394 -0.940356 -0.127504
0.827112 -5.579443 -78.377402 -81.486098 0.641590 0.283026 -0.712923 0.730470 0.058146 0.680465 0.234042 -0.957348 -0.169436
-0.140069 -5.040904 -28.542168 71.645994 0.626673 0.310104 -0.714924 0.720443 0.119165 0.683199 0.297057 -0.943205 -0.148735
0.977644 -5.143081 -25.770099 -57.778411 0.749011 0.353926 -0.560107 -0.552184 -0.133740 -0.822925 0.366163 -0.925662 -0.095260
-0.822887 -3.928479 -4.838445 -53.965329 0.680993 0.341223 -0.647932 -0.657277 -0.105281 -0.746259 0.322855 -0.934068 -0.152582
2.030243 -25.542688 14.673237 -696.458065 0.997509 0.046601 -0.052956 -0.068386 0.822966 -0.563960 -0.017300 -0.566176 -0.824103
1.415560 -13.350180 -1.704935 -357.909972 0.997098 0.059993 -0.046867 -0.073429 0.595362 -0.800095 0.020098 -0.801215 -0.598040
2.024284 -13.303599 8.425809 -272.836631 0.994224 0.098563 0.042461 -0.041272 0.716367 -0.696502 0.099067 -0.690727 -0.716297
0.324159 -15.637444 -28.254703 -363.820460 0.993303 0.001646 -0.115527 -0.094214 0.590333 -0.801643 -0.066880 -0.807158 -0.586534
2.122631 -18.601988 17.790135 -461.881799 0.993306 0.058429 0.099642 -0.001486 0.869022 -0.494772 0.115500 -0.491312 -0.863292
3.000016 -23.911112 29.869229 -364.105969 0.993618 0.056719 0.097501 -0.037935 0.982062 -0.184702 0.106228 -0.179825 -0.977946
2.913195 -25.288271 0.978467 -260.356841 0.994439 0.067959 -0.080451 -0.076246 0.991559 -0.104867 -0.072645 -0.110418 -0.991227
1.651768 -19.843429 -10.118774 -369.842584 0.975770 0.113903 -0.186815 -0.184128 0.888705 -0.419882 -0.118198 -0.444106 -0.888144
0.407182 -14.877744 -27.922935 -205.267063 0.984885 0.053088 -0.164874 -0.150307 0.734993 -0.661205 -0.086079 -0.675993 -0.731863
0.382904 -2.947805 -28.953386 -17.147100 0.973579 0.179176 0.141563 0.006920 -0.642803 0.766000 -0.228246 0.744782 0.627059
0.792345 -2.847357 -12.044191 31.712291 0.891008 0.417272 -0.178851 0.376819 -0.460026 0.803980 -0.253203 0.783747 0.567123
1.253065 -4.567676 40.396292 -18.408501 0.991595 0.121311 0.044986 0.039142 -0.612668 0.789371 -0.123321 0.780975 0.612267
0.755001 -4.059591 20.004923 -4.480361 0.981485 -0.027994 0.189481 -0.150982 -0.721807 0.675425 -0.117861 0.691528 0.712670
0.801658 -5.852326 52.819888 5.929554 0.997824 0.011352 0.064953 -0.039264 -0.689086 0.723615 -0.052973 0.724590 0.687141
0.783144 -6.572063 30.415829 -24.576634 0.985930 0.158641 -0.052670 0.128764 -0.519871 0.844485 -0.106588 0.839385 0.532984
-4.915611 -6.185995 -33.383051 -34.836192 0.985399 0.064888 -0.157408 -0.132933 0.870878 -0.473181 -0.106380 -0.487197 -0.866789
-4.666265 -7.337695 4.757562 -72.912586 0.945576 -0.296734 0.133543 0.324948 0.839457 -0.435569 -0.017145 -0.455258 -0.890194
7.107312 -1.508335 233.844188 54.803937 -0.215777 -0.202448 -0.955225 0.823624 0.487731 -0.289417 0.524485 -0.849196 0.061500
5.326618 -0.410283 171.585961 5.798807 -0.496385 -0.351777 -0.793634 0.714915 0.352948 -0.603593 0.492442 -0.866995 0.076292
0.866937 -0.276963 56.000570 104.656891 0.827526 0.508906 -0.237098 -0.126114 -0.243021 -0.961788 0.547080 -0.825806 0.136926
2.637239 -1.554457 194.419289 54.397148 0.046450 -0.069033 -0.996532 0.851114 0.524970 0.003306 0.522922 -0.848316 0.083140
-2.699255 -5.800837 -3.749144 6.648783 0.951694 0.302619 -0.051955 0.206761 -0.756712 -0.620191 0.226996 -0.579490 0.782728
-2.767031 -6.095193 -3.422521 8.619175 0.931482 0.340910 -0.126969 0.205345 -0.780826 -0.590037 0.300290 -0.523537 0.797330
-2.841450 -5.864050 -1.289074 -7.603385 0.961219 0.266710 -0.070172 0.202383 -0.855014 -0.477486 0.187349 -0.444767 0.875833
-2.755434 -5.660031 3.244983 6.390392 0.966025 0.258261 0.009840 0.210439 -0.763902 -0.610056 0.150037 -0.591400 0.792297
-2.629725 -5.441210 0.256332 13.379667 0.958627 0.282961 0.031114 0.219389 -0.664727 -0.714147 0.181393 -0.691427 0.699304
-2.343187 -7.398183 13.715172 23.224348 0.975269 -0.208459 0.073456 0.216273 0.831545 -0.511623 -0.045570 -0.514857 -0.856064
-2.363330 -6.360258 11.068250 28.279681 0.951102 -0.303339 0.058234 0.301831 0.872695 -0.383798 -0.065600 -0.382608 -0.921579
-2.576193 -6.191670 -0.499756 38.902477 0.943638 -0.330971 -0.002275 0.304421 0.870598 -0.386507 -0.129903 -0.364030 -0.922284
-0.148669 -4.451844 17.579297 -20.810824 0.919426 0.393077 0.012135 0.156453 -0.337293 -0.928308 0.360803 -0.855409 0.371614
-0.408934 -4.091779 0.133390 -6.570074 0.964964 0.251946 0.073271 -0.077699 0.541110 -0.837355 0.250616 -0.802324 -0.541727
-0.187600 -5.471787 -1.842575 11.328417 0.946157 0.301319 0.118293 0.274682 -0.553978 -0.785912 0.171278 -0.776090 0.606917
0.179366 -6.659111 -9.396442 16.705094 0.945152 0.047149 0.323209 0.294671 0.303812 -0.906017 0.140912 -0.951565 -0.273255
0.135932 -7.593802 -8.742084 49.373573 0.939154 0.056053 0.338892 0.330312 0.123342 -0.935778 0.094253 -0.990780 -0.097322
0.505760 -6.932557 -4.260895 45.854260 0.936533 0.082231 0.340798 0.307754 0.272743 -0.911536 0.167907 -0.958566 -0.230126
-0.275401 -7.176439 -11.894098 31.578850 0.948763 0.040449 0.313390 0.303825 0.155763 -0.939909 0.086833 -0.986966 -0.135492
0.513168 -5.912573 -4.431219 -0.967584 0.931621 0.052186 0.359666 0.304372 0.428749 -0.850607 0.198596 -0.901915 -0.383548
0.293532 -6.616957 -9.914474 -37.212010 0.936660 0.019527 0.349694 0.302137 0.459950 -0.834961 0.177146 -0.887730 -0.424917
-0.197266 -6.697526 -12.801584 -4.336113 0.952755 0.034718 0.301749 0.274156 0.329364 -0.903525 0.130754 -0.943564 -0.304285
44.474463 -4.211477 -5334.983424 13.456081 0.959180 0.059456 0.276475 -0.278064 0.020185 0.960350 -0.051518 0.998027 -0.035894
58.570909 -4.319233 -4400.463692 24.319687 0.937724 -0.174315 0.300481 -0.313245 -0.050373 0.948335 0.150173 0.983401 0.101839
103.777948 -4.850959 3432.968086 0.180325 0.760207 -0.618298 0.199481 -0.275960 -0.029341 0.960721 0.588159 0.785396 0.192930
0.363324 -3.362086 4.086932 -17.166155 0.957269 0.284317 0.052907 0.288920 -0.948226 -0.131881 -0.012672 -0.141532 0.989853
0.490735 -3.130127 6.860573 -9.516433 0.957658 0.281679 0.059562 0.287496 -0.946656 -0.145565 -0.015382 -0.156525 0.987554
0.550446 -1.826489 6.744645 59.834598 0.926312 0.370272 0.069603 -0.372739 0.927568 0.026145 -0.054881 -0.050162 0.997232
0.600048 -2.788648 6.953408 -1.646905 0.959131 0.273985 0.070709 0.282125 -0.945163 -0.164537 -0.021750 -0.177762 0.983833
0.671631 -1.759975 6.611199 -42.596808 0.920177 0.381557 0.087690 0.386842 -0.920581 -0.053698 -0.060237 -0.083333 0.994699
1.318390 -8.234173 4.520420 -6.753278 0.988982 0.142593 0.039778 -0.130202 0.965706 -0.224630 0.070445 -0.216976 -0.973632
0.989478 -8.247086 12.222986 -9.528046 0.986807 0.153081 0.052708 -0.117717 0.901918 -0.415556 0.111152 -0.403869 -0.908039
0.450017 -8.185356 22.700301 5.385434 0.987806 0.121988 0.096737 -0.074159 0.914998 -0.396583 0.136893 -0.384573 -0.912887
6.065318 -4.113204 68.221675 -63.486058 -0.962595 0.220667 0.157215 0.182415 0.956859 -0.226156 -0.200337 -0.189018 -0.961321
5.326028 -4.788112 67.738804 -39.792474 -0.977700 0.150769 0.146188 0.139878 0.986753 -0.082175 -0.156641 -0.059894 -0.985838
4.907221 -3.660144 147.194865 -39.847504 -0.916936 0.217237 0.334719 0.167972 0.971013 -0.170055 -0.361959 -0.099706 -0.926847
4.484821 -2.966084 173.473379 -30.307029 -0.871565 0.331526 0.361199 0.242149 0.931672 -0.270835 -0.426308 -0.148587 -0.892291
0.414624 -3.449423 9.422075 0.546176 0.933704 0.351860 0.066263 -0.034919 0.273675 -0.961188 0.356338 -0.895152 -0.267818
-0.726888 -13.744951 9.080854 -62.583098 0.804364 -0.095009 -0.586492 -0.126455 0.937137 -0.325244 0.580524 0.335779 0.741784
-0.669056 -13.917922 5.875677 -32.210419 0.817948 -0.103254 -0.565950 -0.214349 0.858227 -0.466370 0.533868 0.502777 0.679853
-0.789924 -12.633477 3.057831 -96.141837 0.815979 -0.065237 -0.574389 -0.011218 0.991638 -0.128564 0.577973 0.111349 0.808424
-0.667932 -11.566027 -2.271099 -90.140897 0.835102 -0.035384 -0.548955 0.041779 0.999127 -0.000844 0.548506 -0.022230 0.835851
-0.387652 -9.858480 20.667443 93.082017 0.998144 -0.015708 0.058842 -0.051188 0.307095 0.950301 0.032997 0.951549 -0.305721
-0.319560 -7.945126 4.385947 97.261765 0.999600 -0.023648 -0.015483 0.018728 0.143839 0.989424 0.021170 0.989319 -0.144224
-0.451516 -7.481217 -6.450064 96.487213 0.997233 -0.008135 -0.073894 0.074277 0.149843 0.985916 -0.003052 0.988676 -0.150033
2.062207 -5.595072 61.669730 -76.883990 0.268402 0.959780 -0.082360 0.962529 -0.270638 -0.017097 -0.038699 -0.074685 -0.996456
1.560446 -4.710816 53.160301 54.899573 0.297243 0.950878 -0.086476 -0.946772 0.305253 0.102190 -0.123568 -0.051498 -0.990999
13.377543 -78.254445 -357.368300 2514.886787 0.908244 -0.247214 -0.337605 0.280289 -0.239634 0.929523 0.310693 0.938861 0.148355
3.412395 -85.272582 -359.745070 2552.405634 0.902082 -0.048183 -0.428867 0.429297 0.201928 0.880300 -0.044185 0.978215 -0.202840
17.650022 -298.522011 -548.642356 -2969.147422 0.933264 -0.020257 -0.358619 0.197753 0.862449 0.465913 -0.299852 0.505738 -0.808899
-55.267636 -396.513671 1273.203089 37603.179687 -0.849076 -0.519518 -0.095770 -0.484107 0.837763 -0.252573 0.211449 -0.168090 -0.962827
-686.505951 -1124.770533 3905.660586 -96163.674045 -0.432027 0.405598 -0.805508 0.047436 0.902146 0.428816 0.900612 0.147051 -0.408991
0.160781 -2.694473 0.511880 -3.413484 0.889099 0.438933 0.129773 0.429854 -0.703309 -0.566200 0.157253 -0.559191 0.813988
0.271179 -2.841923 -2.603734 -13.663058 0.870837 0.471061 0.140517 0.450545 -0.650526 -0.611412 0.196603 -0.595749 0.778737
0.388641 -2.860313 -5.665279 -17.312297 0.875147 0.467234 0.125739 0.439728 -0.659580 -0.609584 0.201883 -0.588767 0.782686
-2.398820 -5.595434 2.807919 -35.540691 0.933346 -0.347134 -0.091450 -0.141139 -0.120619 -0.982614 -0.330068 -0.930026 0.161573
-2.024048 -4.472716 -1.753602 -41.001530 0.927997 -0.352918 -0.119459 -0.215243 -0.246093 -0.945044 -0.304125 -0.902711 0.304337
-2.326901 -5.256584 -1.145887 -37.224189 0.884428 -0.413754 -0.215861 -0.281740 -0.104645 -0.953767 -0.372036 -0.904355 0.209122
-2.150663 -4.840338 0.017575 -39.878528 0.959752 -0.280421 -0.015513 -0.089110 -0.251670 -0.963702 -0.266338 -0.926297 0.266529
-2.854542 -6.428453 8.226870 -37.357623 0.903806 -0.391980 -0.171718 -0.172950 0.032465 -0.984395 -0.391438 -0.919401 0.038451
-2.692359 -6.704286 6.162906 -34.377588 0.947235 -0.313125 -0.068542 -0.054488 0.053424 -0.997084 -0.315874 -0.948208 -0.033544
-2.373517 -5.691168 0.686916 -36.110170 0.957411 -0.287030 -0.031272 -0.069415 -0.123689 -0.989890 -0.280260 -0.949903 0.138346
-2.220518 -5.049665 -49.535178 -31.664596 0.682202 0.707237 -0.185518 0.730533 -0.648773 0.213106 0.030358 -0.280908 -0.959254
-0.041914 -6.666460 1.804816 11.314514 0.919681 0.205524 0.334585 -0.347631 0.822380 0.450382 0.182592 0.530519 -0.827774
-0.066479 -7.042258 1.383526 -4.436818 0.910715 0.230689 0.342609 -0.319003 0.919755 0.228665 0.262366 0.317542 -0.911225
-0.098361 -6.355109 -0.788169 9.657808 0.924871 0.203301 0.321375 -0.334307 0.837463 0.432313 0.181250 0.507272 -0.842510
-119.920915 -355.279811 -2012.701554 19309.453970 0.662221 0.695559 -0.278676 -0.500612 0.687422 0.526154 -0.557539 0.208921 -0.803431
-72.952592 -292.111431 2509.620978 14264.706658 -0.423845 0.033921 0.905099 0.415021 0.895491 0.160787 -0.805055 0.443784 -0.393627
-112.938448 -343.274333 2730.106501 16513.768478 -0.244168 0.001034 0.969732 0.408985 0.906821 0.102011 -0.879269 0.421514 -0.221840
-87.561483 -531.729078 136.773982 18566.539364 0.001098 0.423501 0.905895 0.868027 0.449388 -0.211139 -0.496516 0.786573 -0.367117
4.729972 -24.060730 -45.440657 43.938668 -0.898071 -0.269221 0.347835 -0.207042 0.956456 0.205730 -0.388076 0.112744 -0.914705
