15734
31438
-5.156774 -7.751378 75.635550 -94.247049 -0.480344 0.876540 0.030771 0.875821 0.477481 0.070350 0.046972 0.060742 -0.997048
-7.557263 -9.681749 98.505921 99.181618 -0.350720 0.934393 0.062493 -0.915896 -0.328332 -0.230938 0.195269 0.138232 -0.970959
-6.978159 -9.419144 10.291547 252.986184 0.203860 0.974391 0.094887 -0.974623 0.211148 -0.074340 0.092472 0.077324 -0.992708
-5.145674 -8.657946 -25.541135 -100.940823 -0.654682 0.755538 0.023541 0.750428 0.645881 0.140338 0.090826 0.109543 -0.989824
-4.523854 -8.493548 -56.923388 228.694164 0.155992 0.987755 0.002739 -0.987741 0.155972 0.006372 -0.005866 0.003699 -0.999976
-4.357984 -6.674733 63.242955 61.830666 -0.488112 0.872369 0.026795 -0.871778 -0.488793 0.032940 -0.041833 0.007280 -0.999098
-3.991191 -7.391291 -55.578582 -77.674576 -0.681686 0.730287 0.044557 0.731387 0.681796 0.015037 -0.019397 0.042839 -0.998894
8.265015 -10.049918 -24.038094 -148.139267 0.193829 0.952139 -0.236350 -0.244741 0.280233 0.928209 -0.950017 0.122070 -0.287345
9.797024 -12.718570 -63.422977 -203.556959 0.330896 0.902997 -0.274051 -0.146937 0.336172 0.930268 -0.932157 0.267554 -0.243921
9.413780 -12.437518 -84.445664 -333.977666 0.112590 0.974725 -0.192962 -0.163696 0.209738 0.963957 -0.980065 0.076945 -0.183173
7.706267 -8.958512 -19.590216 -158.186721 0.034461 0.982277 -0.184240 -0.248279 0.186984 0.950471 -0.968075 -0.012989 -0.250323
8.465346 -12.386792 -41.086856 -389.585768 -0.041369 0.989284 -0.140023 -0.188904 0.129871 0.973370 -0.981124 -0.066719 -0.181507
10.646917 -14.734876 -149.175019 -296.167559 0.001008 0.987916 -0.154985 0.015666 0.154951 0.987798 -0.999877 0.003424 0.015320
-5.133922 -8.568357 17.073563 -10.374513 -0.028604 0.985341 -0.168181 -0.315792 0.150726 0.936780 -0.948397 -0.079906 -0.306852
-5.078384 -7.965419 33.944804 -23.396085 -0.022514 0.981268 -0.191326 -0.450764 0.160854 0.878031 -0.892359 -0.106011 -0.438699
-5.362483 -8.447345 27.858874 4.335614 -0.100785 0.972667 -0.209191 -0.358258 0.160677 0.919693 -0.928167 -0.167636 -0.332272
-5.268182 -8.891521 16.073398 -26.611106 -0.095129 0.976483 -0.193474 -0.230476 0.167469 0.958559 -0.968417 -0.135778 -0.209125
-5.164153 -9.143514 -0.225337 -41.144261 -0.016808 0.988277 -0.151743 -0.174206 0.146549 0.973743 -0.984566 -0.042801 -0.169700
-1.474815 -23.536151 -48.163304 -181.737403 -0.609358 0.108728 -0.785405 -0.004936 0.990014 0.140883 0.792880 0.089725 -0.602736
-1.721331 -23.971003 -46.231025 30.085058 -0.619257 0.104418 -0.778214 -0.230839 0.923108 0.307547 0.750489 0.370093 -0.547538
-0.870465 -23.528876 -37.950758 57.375534 -0.597149 0.106549 -0.795023 -0.252480 0.915792 0.312375 0.761359 0.387261 -0.519963
-0.642104 -23.262349 -21.909999 -90.530056 -0.604148 0.112297 -0.788920 -0.045476 0.983549 0.174826 0.795573 0.141498 -0.589102
2.143961 -13.683649 -72.536188 67.714874 -0.316997 0.644079 -0.696186 -0.395614 0.577338 0.714262 -0.861976 -0.501840 -0.071792
2.009563 -10.939280 -7.556359 111.684042 -0.277517 0.725184 -0.630153 -0.284736 0.564362 0.774868 -0.917556 -0.394466 -0.049865
1.497300 -11.751414 19.024185 162.499110 0.275278 -0.629797 0.726345 -0.236643 0.687898 0.686146 -0.931784 -0.360765 0.040326
1.318913 -12.846541 67.261114 206.896217 0.279794 -0.570729 0.772000 -0.211675 0.747655 0.629449 -0.936434 -0.339529 0.088381
0.841620 -9.721969 -7.921662 184.531694 0.236945 -0.561187 0.793049 -0.097785 0.798373 0.594171 -0.966589 -0.218334 0.134295
5.271687 -5.408734 -524.406625 -34.704990 -0.276913 0.830174 -0.483870 0.955979 0.288888 -0.051450 0.097072 -0.476817 -0.873626
8.886184 -4.794330 -456.623226 -21.490558 -0.247586 0.899687 -0.359533 0.967977 0.245586 -0.052032 0.041483 -0.360902 -0.931681
7.005359 -4.220434 -492.233489 -60.027279 -0.248825 0.850421 -0.463541 0.968530 0.221407 -0.113701 0.005938 -0.477246 -0.878750
10.077605 -4.044328 -301.580314 -55.165867 -0.224262 0.940151 -0.256560 0.973747 0.205633 -0.097634 -0.039033 -0.271720 -0.961584
8.447635 -3.161452 -252.730036 -35.481444 -0.253433 0.930601 -0.264108 0.965240 0.225235 -0.132595 -0.063907 -0.288531 -0.955335
-0.040050 -2.769868 -36.579561 -32.302442 0.524184 0.772367 0.358721 -0.697612 0.631038 -0.339306 0.488435 0.072389 -0.869592
0.274982 -3.250896 -23.138882 7.926095 0.431448 0.841949 0.323999 -0.788778 0.526361 -0.317448 0.437815 0.118601 -0.891208
-0.243659 -2.974559 -38.281071 -1.848069 0.421933 0.850324 0.314518 -0.795290 0.513696 -0.321918 0.435301 0.114305 -0.892999
-0.865563 -2.480002 -16.298388 -25.773528 0.371397 0.870513 0.322910 -0.810119 0.473741 -0.345364 0.453620 0.133329 -0.881165
-0.604169 -2.336822 -32.083984 -24.855373 0.545831 0.745247 0.382982 -0.683407 0.660424 -0.311120 0.484792 0.091913 -0.869787
-0.770625 -16.365009 16.876456 12.909082 0.224115 -0.090517 -0.970350 0.766461 -0.598592 0.232863 -0.601922 -0.795923 -0.064776
-0.570398 -15.454700 9.632882 26.873340 0.197909 -0.048223 -0.979034 0.875888 -0.439696 0.198716 -0.440059 -0.896851 -0.044782
-0.515942 -15.456135 0.499624 1.672385 0.192764 -0.058785 -0.979483 0.902284 -0.381697 0.200479 -0.385651 -0.922416 -0.020537
-0.766638 -14.928494 17.002707 -11.484842 0.196039 -0.064876 -0.978448 0.832383 -0.516460 0.201017 -0.518370 -0.853850 -0.047245
-0.470582 -6.077856 79.934381 -11.276799 -0.457320 0.857250 -0.236603 -0.860450 -0.493755 -0.125824 0.224686 -0.146043 -0.963425
0.842631 -6.009063 85.090352 -9.880120 -0.407258 0.882434 -0.235481 -0.891505 -0.440100 -0.107379 0.198390 -0.166202 -0.965929
0.883273 -5.659646 98.479772 -28.172275 -0.422440 0.877954 -0.225257 -0.855359 -0.468361 -0.221357 0.299843 -0.099165 -0.948821
1.006938 -9.066959 77.064196 -114.320058 0.035627 0.638065 0.769158 0.701170 0.532457 -0.474185 0.712104 -0.556204 0.428422
0.676701 -10.010707 63.451377 -20.468777 0.056129 0.658076 0.750857 0.568789 0.596999 -0.565748 0.820566 -0.458834 0.340797
1.706080 -9.199468 113.265704 -46.452830 0.050188 0.662107 0.747727 0.607862 0.573786 -0.548884 0.792455 -0.482062 0.373673
-0.002545 -9.051008 14.165484 -129.130057 -0.266830 0.740921 0.616309 -0.729652 0.262470 -0.631441 0.629611 0.618179 -0.470580
-0.421152 -10.344431 16.176573 132.052589 -0.294419 0.753378 0.587995 0.769332 -0.178170 0.613501 0.566962 0.632990 -0.527141
-0.257026 -10.592834 15.926942 126.593048 -0.285386 0.742160 0.606427 0.816232 -0.143419 0.559640 0.502315 0.654698 -0.564845
0.004636 -9.548649 4.548443 149.514116 -0.250577 0.738022 0.626526 0.765816 -0.244795 0.594644 0.592231 0.628808 -0.503848
0.321337 -7.907649 3.698765 -59.115351 -0.215377 0.721175 0.658422 -0.699940 0.356157 -0.619061 0.680953 0.594187 -0.428071
3.026456 -7.488746 68.213094 33.355432 -0.213294 0.415320 0.884316 0.445944 0.846740 -0.290112 -0.869275 0.332476 -0.365814
1.898801 -6.910489 25.967744 -21.301208 -0.221704 0.371898 0.901410 0.395681 0.879199 -0.265415 -0.891226 0.297827 -0.342075
2.106750 -7.482927 13.883032 46.449952 -0.212904 0.459266 0.862408 0.353790 0.858986 -0.370103 -0.910771 0.226315 -0.345365
1.904830 -8.048303 10.071651 46.475380 -0.200411 0.524629 0.827406 0.280463 0.839917 -0.464629 -0.938710 0.138940 -0.315468
3.655108 -8.424091 85.331552 72.001444 -0.223554 0.532514 0.816365 0.399850 0.813946 -0.421441 -0.888900 0.232209 -0.394886
1.442334 -7.290802 -23.529976 54.114575 -0.199836 0.502436 0.841204 0.270065 0.853510 -0.445630 -0.941876 0.138127 -0.306252
4.417183 -5.005959 69.297392 -53.782389 0.067988 -0.356438 -0.931842 0.850591 0.508841 -0.132576 0.521414 -0.783603 0.337777
4.020932 -5.618601 -12.157376 -101.690357 0.059781 -0.456994 -0.887459 0.850673 0.488492 -0.194245 0.522285 -0.743325 0.417954
4.244047 -5.049020 52.772866 -90.192602 0.015214 -0.419198 -0.907767 0.818203 0.527059 -0.229678 0.574728 -0.739244 0.351008
-6.608559 -20.950937 -2.102283 -189.682770 -0.817362 -0.124681 -0.562472 -0.205067 0.975324 0.081798 0.538394 0.182202 -0.822760
-5.728296 -20.314634 -131.297101 -64.686434 0.891793 0.040255 0.450649 -0.226080 0.902418 0.366782 0.391909 0.428977 -0.813871
-7.947468 -21.614650 -126.155790 -64.014596 -0.826871 -0.004203 -0.562375 -0.254965 0.894105 0.368198 0.501275 0.447838 -0.740381
0.087801 -19.470379 484.275553 -95.039401 -0.884147 -0.130380 -0.448648 -0.184999 0.979482 0.079933 0.429022 0.153673 -0.890127
-4.566461 -19.746229 130.878542 -144.655508 -0.817554 -0.199682 -0.540122 -0.154436 0.979623 -0.128403 0.554756 -0.021562 -0.831734
12.310697 -3.417973 -187.434601 33.114801 -0.331274 0.887938 -0.319098 -0.751671 -0.452777 -0.479566 0.570305 -0.080989 -0.817431
14.673727 -4.726049 669.832703 104.927222 -0.530401 0.844882 0.069628 -0.765370 -0.441926 -0.467879 0.364532 0.301455 -0.881045
11.908813 -4.216231 410.976190 -83.678935 -0.550132 0.831996 -0.071675 -0.709662 -0.511025 -0.485009 0.440154 0.215954 -0.871567
10.979888 -6.127542 631.585777 -13.577222 -0.656429 0.744672 0.120688 0.711853 0.558478 0.425872 0.249733 0.365467 -0.896698
11.746796 -3.088072 -285.927744 -88.036345 -0.327009 0.848930 -0.415189 -0.722847 -0.507699 -0.468758 0.608734 -0.146831 -0.779669
-1.556125 -15.746026 67.127872 318.372705 -0.496506 -0.581591 0.644387 0.546915 0.366871 0.752522 -0.674067 0.726056 0.135927
-1.841796 -12.470408 -74.834285 -156.628885 0.584432 0.632761 -0.507989 0.521171 0.187126 0.832685 -0.621949 0.751397 0.220414
-3.172258 -10.343525 -85.926410 -110.361963 0.575445 0.594827 -0.561288 0.527710 0.254263 0.810476 -0.624808 0.762582 0.167582
-2.466195 -16.637240 48.036601 638.530213 -0.527793 -0.560650 0.638049 0.533900 0.365255 0.762588 -0.660595 0.743143 0.106552
-37.234892 -1060.917563 -2509.660515 478190.000721 0.860212 0.282684 -0.424410 0.397111 0.150769 0.905302 -0.319903 0.947290 -0.017436
-71.270643 -823.474416 -2858.518848 -68348.869087 0.418899 0.329981 -0.845953 -0.538205 0.840576 0.061375 0.731341 0.429586 0.529714
-258.538997 -2866.703309 -4641.550071 543441.687706 -0.470288 0.733334 0.490969 0.612144 -0.129672 0.780042 0.635696 0.667388 -0.387922
-167.774216 -1159.217866 7450.112283 -36166.092739 -0.820485 -0.509455 0.259347 -0.494202 0.860144 0.126161 -0.287349 -0.024657 -0.957508
-0.596297 -5.543693 23.845203 -3.906198 -0.247032 0.930365 -0.270916 -0.636414 0.055057 0.769381 -0.730721 -0.362477 -0.578496
-0.609078 -5.482795 5.945617 2.383829 -0.253384 0.922991 -0.289627 -0.597480 0.086146 0.797243 -0.760798 -0.375055 -0.529641
-0.553724 -5.672323 17.995722 -8.394093 -0.252097 0.928858 -0.271421 -0.553340 0.091737 0.827889 -0.793891 -0.358896 -0.490847
-0.697656 -5.529437 4.946021 1.179504 -0.253037 0.922044 -0.292929 -0.665851 0.053684 0.744151 -0.701866 -0.383344 -0.600360
-0.304945 -5.450518 15.846306 0.825098 -0.258499 0.930666 -0.258919 -0.595697 0.057429 0.801154 -0.760476 -0.361334 -0.539550
-0.623177 -5.533954 12.396073 3.299784 -0.242456 0.926797 -0.286814 -0.706191 0.034111 0.707199 -0.665214 -0.374010 -0.646225
-0.429211 -5.390565 18.709347 0.714056 -0.241712 0.931226 -0.272752 -0.681783 0.037029 0.730617 -0.690469 -0.362557 -0.625944
0.653588 -14.859765 -32.584498 -97.048046 0.547075 0.088599 0.832382 0.468263 0.791852 -0.392046 -0.693858 0.604252 0.391714
1.131673 -16.641805 -38.908069 127.364822 0.549761 0.085795 0.830905 -0.537778 -0.724798 0.430655 -0.639186 0.683599 0.352327
0.800642 -14.748682 -39.459075 -147.196035 0.540645 0.081375 0.837306 0.369174 0.871401 -0.323064 -0.755919 0.483774 0.441077
0.716622 -13.831352 -20.086093 -159.982716 0.545729 0.074185 0.834672 0.330150 0.896470 -0.295538 -0.770182 0.436850 0.464737
0.852634 -12.984313 -6.945589 -132.379746 0.555951 0.064435 0.828714 0.227237 0.947230 -0.226094 -0.799551 0.314012 0.511972
0.833091 -13.408239 -12.079598 -76.203904 0.553276 0.050133 0.831488 0.254937 0.940100 -0.226318 -0.793027 0.337193 0.507354
-0.595899 -5.029496 -96.345055 54.191556 -0.625848 0.727170 0.282025 0.116065 -0.270738 0.955631 -0.771261 -0.630813 -0.085042
0.419177 -4.259116 -75.497997 46.430414 -0.619221 0.721778 0.309195 0.161733 -0.268089 0.949721 -0.768380 -0.638095 -0.049272
-0.909238 -4.505270 -78.254093 25.256545 -0.637807 0.755772 0.148359 0.082617 -0.124379 0.988789 -0.765752 -0.642914 -0.016891
-2.011427 -5.142755 -84.023446 12.095504 -0.628274 0.774164 0.077083 0.042525 -0.064759 0.996994 -0.776829 -0.629663 -0.007765
-1.324373 -4.684956 -53.821890 -25.080286 -0.639604 0.768592 -0.013156 0.023963 0.037043 0.999026 -0.768331 -0.638666 0.042111
-0.012364 -13.573950 -34.838280 213.924927 0.230792 -0.027438 -0.972616 0.583990 0.803443 0.115909 0.778261 -0.594749 0.201452
-0.551384 -14.947234 -27.304683 189.404641 0.219527 -0.014628 -0.975497 0.726050 0.670327 0.153339 0.651658 -0.741922 0.157776
-0.907178 -13.955775 -22.599390 202.527313 0.219333 0.006297 -0.975630 0.615533 0.774958 0.143381 0.756975 -0.631981 0.166098
-1.193761 -5.047368 23.917741 45.091043 -0.505503 0.816702 -0.278325 0.552480 0.554152 0.622641 -0.662747 -0.160977 0.731337
-0.641427 -5.311428 49.693759 29.991383 -0.451671 0.854549 -0.256396 0.551916 0.493416 0.672257 -0.700987 -0.162130 0.694501
-1.425676 -5.649794 30.817680 26.334383 -0.496833 0.820470 -0.282819 0.483671 0.532362 0.694732 -0.720569 -0.208374 0.661333
-14.910362 -128.371339 -343.196527 5655.398200 0.618622 -0.697734 -0.361212 0.785448 0.537821 0.306301 -0.019449 -0.473198 0.880742
22.459536 -461.550372 274.889394 21301.656816 0.669170 -0.655534 -0.349983 0.720747 0.687214 0.090890 0.180932 -0.313070 0.932336
-4.330355 -84.406649 352.636244 3840.326333 0.585044 -0.730084 -0.353129 0.800930 0.588538 0.110150 0.127411 -0.347274 0.929068
-25.913940 -47.960826 560.357586 -1690.097478 0.701469 -0.566991 0.431812 -0.440919 0.130770 0.887970 0.559939 0.813277 0.158266
-25.553080 -41.821219 613.133599 -630.517996 0.667523 -0.577522 0.469979 0.704521 0.285622 -0.649669 0.240962 0.764780 0.597536
-17.989936 -38.419098 471.586510 432.437470 0.666837 -0.704446 0.243073 -0.577120 -0.281827 0.766489 0.471446 0.651406 0.594483
1.382648 -2.218615 86.548612 -52.426069 -0.232505 0.902792 -0.361813 0.962496 0.160107 -0.219015 -0.139796 -0.399166 -0.906159
1.321948 -3.031938 118.622859 -84.550227 -0.221886 0.918366 -0.327674 0.967701 0.166157 -0.189598 -0.119675 -0.359159 -0.925571
1.650888 -2.420764 50.343320 -54.552914 -0.205291 0.918894 -0.336882 0.967917 0.139665 -0.208878 -0.144886 -0.368955 -0.918085
1.510281 -2.963548 -9.890759 -67.537302 -0.242755 0.869199 -0.430771 0.965293 0.172341 -0.196232 -0.096325 -0.463457 -0.880868
-6.832689 -10.247982 -35.964763 10.312870 -0.437483 0.855436 0.277195 -0.282383 0.161974 -0.945529 0.853738 0.491928 -0.170700
-6.709829 -9.829623 -43.695051 85.959962 -0.360197 0.927554 0.099509 -0.202634 0.026329 -0.978900 0.910603 0.372761 -0.178471
-6.983175 -9.825362 -24.599579 35.168688 -0.340365 0.916994 0.208023 -0.348986 0.082236 -0.933513 0.873133 0.390332 -0.292028
-6.942641 -10.482371 -43.894433 10.020876 -0.409529 0.863957 0.293025 -0.433811 0.098139 -0.895643 0.802555 0.493910 -0.334603
-6.880311 -10.319867 13.045410 -45.179949 -0.536303 0.759573 0.368005 -0.288303 0.244926 -0.925685 0.793259 0.602545 -0.087632
-6.556872 -9.869265 26.482780 -57.798859 -0.519474 0.777017 0.355515 -0.144224 0.330357 -0.932772 0.842227 0.535825 0.059547
-7.098326 -10.689089 -26.475160 22.753543 -0.509635 0.794097 0.331182 -0.409041 0.115020 -0.905238 0.756940 0.596808 -0.266200
-2.158233 -5.961972 25.369904 66.299692 0.985733 -0.067618 -0.154137 0.025964 -0.843709 0.536172 0.166301 0.532524 0.829917
-2.835404 -5.248343 6.569215 72.468872 0.981384 0.072467 -0.177862 0.155030 -0.845545 0.510900 0.113367 0.528963 0.841039
-2.140362 -5.174748 -3.828257 40.696479 0.961851 0.129818 -0.240811 0.224966 -0.876202 0.426216 0.155668 0.464131 0.871981
-1.353707 -4.923429 -18.094816 12.705240 0.940071 0.195452 -0.279403 0.288559 -0.892565 0.346500 0.181661 0.406358 0.895473
-1.464592 -5.692006 19.148104 56.581638 0.977309 -0.002770 -0.211800 0.091191 -0.897004 0.432513 0.191183 0.442013 0.876398
-2.328205 -3.039336 -64.884440 23.071225 0.846331 0.304488 0.437047 -0.328569 0.944233 -0.021576 -0.419244 -0.125340 0.899180
-1.554670 -3.402896 -47.307274 -8.971939 0.828668 0.342398 0.442800 -0.394863 0.918286 0.028886 -0.396727 -0.198782 0.896155
-2.614501 -3.287270 -38.807245 -16.081911 0.920489 0.013792 0.390526 -0.081238 0.984297 0.156719 -0.382232 -0.175983 0.907154
0.223504 -7.314439 -19.417923 33.111246 -0.817237 -0.550537 0.170391 -0.529789 0.834057 0.153862 -0.226822 0.035470 -0.973290
0.392975 -6.619188 -20.275735 41.883769 -0.791189 -0.590132 0.160512 -0.540133 0.797370 0.269179 -0.286839 0.126274 -0.949620
0.249380 -6.887922 29.906705 52.326252 -0.808623 -0.555030 0.195114 -0.531087 0.831330 0.163823 -0.253131 0.028848 -0.967002
0.288695 -6.975490 -47.459228 39.837687 -0.789269 -0.599449 0.133100 -0.547956 0.785398 0.287912 -0.277125 0.154307 -0.948362
0.098525 -7.773321 18.124825 35.807811 -0.830401 -0.520900 0.197732 -0.526009 0.849948 0.030043 -0.183711 -0.079061 -0.979796
0.139373 -7.666970 -49.649160 21.236914 -0.814337 -0.563846 0.137596 -0.539551 0.822812 0.178510 -0.213867 0.071127 -0.974270
0.377965 -7.982822 -8.047061 -4.141616 -0.836538 -0.520686 0.170558 -0.527013 0.849805 0.009472 -0.149873 -0.081963 -0.985302
-0.204026 -11.725778 42.558374 102.218850 0.814929 0.283230 -0.505640 0.506473 -0.772151 0.383756 0.281739 0.568827 0.772696
0.049542 -12.856481 27.254485 89.379069 0.830830 0.272592 -0.485197 0.509404 -0.723588 0.465756 0.224121 0.634125 0.740038
-0.134668 -12.594621 34.755116 110.028717 0.839302 0.248228 -0.483688 0.510405 -0.666172 0.543784 0.187238 0.703276 0.685817
-0.326541 -11.652626 17.336164 148.421392 0.836703 0.267800 -0.477715 0.497588 -0.736110 0.458856 0.228769 0.621631 0.749159
-6.025390 -17.956284 -50.494177 -206.183507 -0.575159 0.741447 -0.345614 0.215783 -0.270016 -0.938365 0.789069 0.614287 0.004690
-4.737260 -17.977441 -89.651418 -148.367918 -0.485694 0.794697 -0.364085 0.169002 -0.323283 -0.931089 0.857636 0.513755 -0.022711
-5.787103 -18.598461 -58.991407 47.760612 -0.559933 0.749412 -0.353351 -0.016300 -0.436356 -0.899627 0.828378 0.497971 -0.256545
-7.093771 -18.066397 -46.954661 28.437460 -0.651787 0.690920 -0.312736 0.040404 -0.380142 -0.924045 0.757325 0.614916 -0.219856
-6.897785 -17.034116 -86.500555 -222.288931 -0.636170 0.714188 -0.291929 0.247352 -0.169608 -0.953965 0.730824 0.679094 0.068756
1.059750 -32.154595 -10.462990 144.996978 -0.466171 0.846955 -0.255638 -0.550869 -0.051781 0.832984 -0.692263 -0.529136 -0.490700
1.135419 -29.961454 -24.005835 167.740143 -0.498262 0.826991 -0.260425 -0.556756 -0.074926 0.827290 -0.664649 -0.557200 -0.497765
1.253965 -29.388711 -30.916379 322.670795 -0.477536 0.830625 -0.286395 0.759634 0.226528 -0.609624 -0.441493 -0.508672 -0.739146
-1.329595 -16.012140 71.197593 -57.847033 -0.169712 0.889673 -0.423888 0.903392 0.312326 0.293831 -0.393804 0.333070 0.856728
-1.618632 -14.733083 68.503635 -93.045570 -0.138479 0.900985 -0.411156 0.814766 0.339655 0.469883 -0.563009 0.269927 0.781127
-2.022930 -14.804999 29.628500 -59.177730 -0.188733 0.907669 -0.374857 0.865682 0.333998 0.372881 -0.463653 0.254132 0.848789
-2.612929 -13.987449 8.718016 -59.723170 -0.202887 0.919133 -0.337684 0.814938 0.349685 0.462166 -0.542875 0.181424 0.819983
-2.602252 -14.650297 11.294680 -33.504457 -0.224317 0.910985 -0.346104 0.904175 0.327041 0.274794 -0.363524 0.251297 0.897051
-2.135849 -14.961823 -28.528973 -24.115054 0.215776 -0.902184 0.373502 0.935749 0.300334 0.184858 -0.278951 0.309617 0.909023
1.480013 -7.627112 -26.176421 -48.175273 0.294135 0.935031 -0.197993 0.742786 -0.353996 -0.568293 0.601460 -0.020089 0.798650
1.598858 -7.979852 -32.240325 -21.693399 0.264709 0.948478 -0.174120 0.666845 -0.310472 -0.677440 0.696597 -0.063213 0.714673
1.305266 -8.295177 10.080347 -39.682425 0.288698 0.939413 -0.184813 0.701960 -0.338956 -0.626388 0.651080 -0.051105 0.757286
1.223973 -7.601285 1.935574 -55.297314 0.321306 0.925107 -0.202334 0.770274 -0.379604 -0.512424 0.550854 -0.008793 0.834555
0.087799 -8.291926 -8.694998 -49.897169 0.796415 0.565420 -0.214529 -0.587507 0.639283 -0.496138 0.143382 -0.521169 -0.841323
0.151435 -8.174696 6.449353 -37.125109 0.783461 0.581766 -0.218490 -0.582331 0.564526 -0.584980 0.216978 -0.585542 -0.781064
-0.055847 -7.771635 2.914158 -20.989584 0.779387 0.587949 -0.216500 -0.584032 0.556641 -0.590811 0.226854 -0.586913 -0.777219
0.186456 -8.337277 14.763649 -39.644704 0.796724 0.569967 -0.200919 -0.582781 0.636581 -0.505106 0.159993 -0.519521 -0.839345
-0.274084 -8.184661 3.130971 -41.103893 0.793484 0.572221 -0.207235 -0.590494 0.641456 -0.489745 0.147310 -0.510976 -0.846879
0.327128 -8.687981 27.984876 -19.865086 0.800402 0.570020 -0.185562 -0.591357 0.700065 -0.400258 0.098250 -0.430100 -0.897419
-0.150860 -8.544511 4.381933 -41.746361 0.803576 0.558931 -0.204599 -0.590374 0.704794 -0.393349 0.075655 -0.436876 -0.896335
0.871102 -3.373282 -89.130883 42.818921 0.052512 0.870002 -0.490243 -0.000676 -0.490890 -0.871222 0.998620 -0.046081 0.025189
0.465775 -4.006413 -46.015619 41.573625 0.039884 0.857479 -0.512970 0.056709 -0.514494 -0.855617 0.997594 -0.005036 0.069147
3.194111 -3.660608 -227.974250 50.486783 0.074151 0.860406 -0.504185 0.014402 -0.506448 -0.862150 0.997143 -0.056668 0.049945
6.032075 -2.738998 -356.373441 51.113662 0.089694 0.876805 -0.472407 -0.046016 -0.470164 -0.881379 0.994906 -0.100793 0.001824
3.189662 -23.028110 -69.281838 106.714792 0.975895 -0.041204 -0.214314 -0.102303 0.781066 -0.616011 -0.192776 -0.623087 -0.758024
2.984682 -23.185768 -94.513009 256.278177 0.949347 0.005203 -0.314186 -0.169512 0.850378 -0.498119 -0.264585 -0.526146 -0.808186
1.581468 -25.462931 -45.644583 51.494365 0.959842 0.000310 -0.280541 -0.221078 0.616457 -0.755715 -0.172707 -0.787388 -0.591770
1.044240 -23.961978 -8.872643 90.388975 0.980708 -0.018723 -0.194580 -0.152268 0.551037 -0.820471 -0.122583 -0.834271 -0.537555
0.296615 -24.512957 -24.295369 -40.414856 0.943240 0.021561 -0.331411 -0.313943 0.383421 -0.868579 -0.108342 -0.923322 -0.368427
-0.223076 -24.569212 22.634496 -80.788241 0.962392 0.017401 -0.271106 -0.261600 0.328474 -0.907563 -0.073259 -0.944353 -0.320673
-0.951049 -24.695556 34.765481 -44.429583 0.827441 -0.010760 -0.561449 0.014723 0.999888 0.002536 0.561359 -0.010365 0.827507
-1.329511 -21.427945 35.272505 -93.499283 0.835171 -0.021451 -0.549572 -0.010992 0.998388 -0.055674 0.549881 0.052538 0.833589
-1.312143 -21.544293 28.072090 -11.576411 0.842267 0.022225 -0.538602 0.089291 0.979595 0.180056 0.531614 -0.199747 0.823096
-1.307603 -22.380218 25.130806 138.974955 0.852415 0.066614 -0.518605 0.180147 0.893706 0.410897 0.490852 -0.443680 0.749808
-1.033338 -25.488872 36.281501 107.560956 0.838216 0.053249 -0.542732 0.130804 0.946537 0.294886 0.529418 -0.318170 0.786438
-1.530159 -20.341823 -1.782936 104.649729 0.866134 0.034246 -0.498637 0.147172 0.935945 0.319918 0.477652 -0.350478 0.805614
-3.002734 -6.195461 -22.388324 11.847183 0.637235 -0.761596 0.117909 0.739971 0.561897 -0.369749 0.215347 0.322866 0.921620
-3.061180 -6.222003 -32.119169 9.781926 0.715884 -0.693766 0.078732 -0.642107 -0.609865 0.464502 0.274240 0.383084 0.882065
-2.234979 -6.483775 -71.096905 -4.806995 0.696796 -0.704653 0.133937 -0.678219 -0.586497 0.442765 0.233442 0.399355 0.886578
-2.257460 -6.583732 -48.776150 19.159683 0.629724 -0.760833 0.156783 0.759835 0.561308 -0.328000 0.161550 0.325679 0.931577
-2.793165 -6.258213 -18.850074 10.176312 0.545821 -0.824585 0.148795 0.828220 0.504022 -0.244975 0.127007 0.256947 0.958043
-4.077265 -24.885531 -160.557354 -670.453498 -0.540019 0.264992 -0.798848 0.795780 0.469827 -0.382095 0.274068 -0.842046 -0.464591
-0.894686 -15.248764 22.101603 -699.599274 0.045532 0.476457 -0.878018 0.970782 0.186191 0.151380 0.235605 -0.859256 -0.454058
15.123541 -17.395397 -5.865484 -555.825882 -0.122461 0.384493 -0.914969 0.895910 0.439488 0.064773 0.427022 -0.811798 -0.398291
-9.725961 -198.452998 1232.571384 11120.187476 0.562134 0.644181 -0.518686 -0.318578 -0.410102 -0.854590 0.763225 -0.645637 0.025310
-6.032880 -28.209184 372.554439 1675.760004 0.829809 0.428609 0.357367 0.089410 0.530002 -0.843270 0.550838 -0.731705 -0.401479
-0.639737 -5.599516 79.653706 101.214218 0.268326 0.893802 0.359332 -0.738995 0.430269 -0.518416 0.617971 0.126441 -0.775967
-1.281700 -7.162127 97.361113 106.305164 0.252996 0.904188 0.344148 -0.684500 0.418677 -0.596800 0.683706 0.084581 -0.724840
-2.331078 -5.895819 99.864156 93.600988 0.245369 0.911881 0.329040 -0.740692 0.395321 -0.543228 0.625435 0.110426 -0.772423
-1.315530 -6.413555 -116.876106 -36.122701 -0.510393 0.852686 -0.111471 0.841620 0.521919 0.138840 -0.176565 0.022953 0.984021
-1.882868 -5.896982 -113.192234 -33.348014 -0.510216 0.852243 -0.115591 0.820475 0.522624 0.231700 -0.257875 -0.023378 0.965895
-0.120858 -5.668242 -97.068122 -40.101429 -0.470537 0.876687 -0.100075 0.844521 0.480308 0.236832 -0.255694 -0.026923 0.966383
0.351265 -6.366178 -101.861767 -38.253993 -0.489798 0.865762 -0.102733 0.856235 0.499874 0.130334 -0.164192 0.024126 0.986133
0.814744 -4.668526 -70.552833 -49.652896 -0.429358 0.897909 -0.097010 0.837515 0.436055 0.329280 -0.337966 -0.060132 0.939236
1.204547 -5.647016 -62.759109 -44.373914 -0.470640 0.874911 -0.114141 0.847099 0.484241 0.218937 -0.246823 -0.006351 0.969040
-0.765298 -18.998467 30.420924 210.015243 -0.360569 0.914835 -0.181843 -0.354119 -0.314626 -0.880687 0.862896 0.253154 -0.437405
-0.638437 -15.481759 44.527779 496.536356 -0.376329 0.906919 -0.189407 -0.580813 -0.390214 -0.714416 0.721827 0.158845 -0.673598
-0.716573 -16.592279 50.649112 400.629551 -0.390142 0.901028 -0.189570 -0.518042 -0.385010 -0.763806 0.761197 0.199788 -0.616979
-0.579744 -12.716808 57.358961 560.461708 -0.378494 0.905166 -0.193432 -0.704508 -0.417267 -0.574071 0.600342 0.081008 -0.795630
-0.602437 -11.653420 16.781361 368.161924 -0.367922 0.906268 -0.208113 -0.688096 -0.415894 -0.594606 0.625426 0.075567 -0.776616
-5.008493 -81.239716 142.988657 -3491.171149 0.592049 0.800872 -0.089904 -0.279951 0.099770 -0.954816 0.755715 -0.590466 -0.283274
-5.540158 -91.415689 119.881517 -1259.457694 0.672154 0.740407 -0.002488 -0.626482 0.566933 -0.534889 0.394625 -0.361087 -0.844918
1.691932 -391.059034 246.486472 -22266.171197 0.698025 0.698058 0.159615 -0.270180 0.463171 -0.844083 0.663148 -0.546066 -0.511906
-312.122996 -24516.799494 -26052.489558 1854127.954799 0.523053 0.851890 -0.026428 -0.838444 0.508735 -0.195449 0.153056 -0.124388 -0.980358
-4.063316 -61.473821 42.218145 -2765.232394 0.563393 0.815111 -0.134839 -0.095491 -0.097869 -0.990607 0.820652 -0.570977 -0.022697
-12.032678 -34.342771 307.440624 -353.321337 0.714226 0.587668 -0.380167 -0.562779 0.159256 -0.811121 0.416126 -0.793274 -0.444472
-19.872809 -35.108737 590.562076 711.818228 0.794113 0.438189 -0.421159 -0.592647 0.404669 -0.696428 0.134737 -0.802641 -0.581045
-12.268331 -40.764290 341.836439 1625.252314 0.733254 0.594491 -0.330030 -0.671384 0.556189 -0.489793 0.107619 -0.580719 -0.806959
-10.554823 -33.632994 360.775897 -1591.247125 0.688951 0.626208 -0.364980 0.713169 -0.675551 0.187141 -0.129373 -0.389223 -0.912013
-6.513360 -34.769300 210.100827 -1523.380828 0.643667 0.706794 -0.293487 0.760625 -0.548475 0.347310 0.084507 -0.446785 -0.890641
-7.332728 -31.955657 272.398808 401.960275 0.645826 0.717414 -0.261202 -0.630995 0.308938 -0.711620 0.429831 -0.624399 -0.652205
-2.575301 -19.076887 -142.191972 44.959797 -0.386164 0.830486 -0.401460 -0.092470 -0.467880 -0.878941 0.917784 0.302292 -0.257473
-1.473451 -18.652217 -99.828977 -118.629984 -0.369868 0.844160 -0.388061 0.054267 -0.397340 -0.916066 0.927498 0.359883 -0.101154
-1.113812 -18.551484 -78.842333 77.172518 -0.390358 0.832267 -0.393639 -0.221175 -0.499813 -0.837418 0.893701 0.239830 -0.379183
-8.020422 -12.984840 -39.800667 379.917426 0.499702 0.845193 0.189599 -0.837345 0.527366 -0.144007 0.221702 0.086799 -0.971244
-6.339169 -10.544126 21.303033 69.638453 -0.459641 0.885091 0.073106 -0.830485 -0.399193 -0.388510 0.314684 0.239288 -0.918540
-7.727112 -11.039602 79.795230 96.047300 -0.235805 0.965407 0.111286 -0.904072 -0.175925 -0.389493 0.356441 0.192455 -0.914282
-5.658056 -9.673681 -12.270918 -61.800828 -0.617301 0.785115 0.050339 0.755618 0.573862 0.315790 0.219044 0.232974 -0.947493
-9.795193 -12.674743 -8.258364 301.072120 0.437064 0.851497 0.289703 -0.831459 0.505335 -0.230895 0.343004 0.139960 -0.928848
7.446329 -10.314194 -10.355238 -79.485187 0.307476 0.897088 -0.317320 -0.281681 0.404338 0.870153 -0.908908 0.178169 -0.377017
8.635032 -11.124019 -72.350934 -164.596695 0.446018 0.815224 -0.369428 -0.247623 0.509042 0.824353 -0.860087 0.276198 -0.428911
10.758016 -14.176430 -61.234385 -158.042027 0.527502 0.784852 -0.325191 -0.116235 0.445855 0.887526 -0.841565 0.430374 -0.326416
-4.822329 -6.136842 39.653435 -113.609178 -0.153391 0.988162 -0.002533 -0.560344 -0.084870 0.823900 -0.813932 -0.127798 -0.566729
-5.309814 -7.747874 28.503492 -23.442183 -0.105131 0.971818 -0.210993 -0.487109 0.134650 0.862899 -0.866991 -0.193494 -0.459225
-1.048904 -22.751304 -52.110787 218.769716 -0.597272 0.101024 -0.795651 -0.460782 0.768754 0.443505 0.656465 0.631515 -0.412605
-2.416439 -24.656196 -63.990595 153.194883 -0.631889 0.101698 -0.768358 -0.367522 0.833497 0.412566 0.682381 0.543084 -0.489301
2.622154 -9.763923 32.709438 96.984451 -0.248145 0.842064 -0.478908 -0.259467 0.418533 0.870349 -0.933328 -0.340233 -0.114631
1.153907 -9.026572 22.080774 116.694318 -0.248185 0.775555 -0.580447 -0.171266 0.554626 0.814283 -0.953453 -0.301503 0.004824
4.653127 -6.886869 -72.880176 -65.068166 -0.549161 0.754177 -0.360056 -0.749853 -0.634880 -0.186143 0.368976 -0.167766 -0.914172
6.694094 -6.350504 -56.350781 -86.794614 -0.592783 0.735196 -0.328777 -0.695136 -0.673223 -0.252103 0.406686 -0.079103 -0.910137
6.025304 -5.926125 -238.961923 106.656270 -0.603359 0.706093 -0.370663 -0.742739 -0.666781 -0.061165 0.290339 -0.238401 -0.926751
4.800450 -6.720010 63.234152 -122.875939 -0.473180 0.815788 -0.332551 -0.774475 -0.565115 -0.284311 0.419867 -0.123022 -0.899209
3.310985 -6.467616 -144.463863 -45.329089 -0.524045 0.755244 -0.393679 0.806027 0.589106 0.057216 0.275131 -0.287332 -0.917466
2.916859 -7.178849 131.878373 -40.117022 -0.438807 0.841963 -0.313922 -0.844094 -0.506029 -0.177312 0.308144 -0.187174 -0.932745
0.379358 -3.099777 -12.396539 -26.439901 0.488139 0.795836 0.358282 -0.715920 0.599913 -0.357159 0.499178 0.082158 -0.862596
0.259248 -3.386273 7.875496 19.843050 0.403705 0.853451 0.329613 -0.797869 0.504723 -0.329636 0.447691 0.129912 -0.884701
-0.508979 -10.488712 2.944244 36.358646 0.143264 -0.431998 -0.890423 0.775674 -0.509763 0.372118 -0.614659 -0.743989 0.262059
-0.538604 -10.340402 2.768536 6.561585 0.079807 -0.395670 -0.914919 0.852426 -0.448698 0.268401 -0.516721 -0.801321 0.301470
-0.462009 -9.537495 -7.460808 15.548483 0.133134 -0.439468 -0.888337 0.783778 -0.501907 0.365761 -0.606603 -0.744954 0.277625
3.149016 -5.926418 -268.766692 -73.218126 -0.409093 0.798367 -0.441874 0.894754 0.445988 -0.022575 0.179047 -0.404604 -0.896793
6.394811 -4.883177 -424.716033 -99.792919 -0.455416 0.779546 -0.430005 0.865646 0.500570 -0.009329 0.207976 -0.376481 -0.902778
1.282724 -6.646429 80.563844 -21.910209 -0.425848 0.842006 -0.331179 0.883213 0.466310 0.049886 0.196437 -0.271258 -0.942248
8.294922 -4.545746 -601.732196 -10.016220 -0.291212 0.849235 -0.440450 0.947850 0.318467 -0.012651 0.129525 -0.421164 -0.897688
-0.769523 -9.616923 45.694074 83.373641 -0.305300 0.744034 0.594311 0.725683 -0.222323 0.651119 0.616584 0.630068 -0.472058
-0.964876 -10.399115 28.674773 116.050023 -0.314932 0.760777 0.567483 0.785657 -0.126495 0.605592 0.532504 0.636567 -0.557872
4.408958 -4.147487 -265.740065 36.210732 -0.397673 0.839294 -0.370732 0.869114 0.215056 -0.445411 -0.294103 -0.499336 -0.814964
5.964447 -3.585695 -269.977632 52.976197 -0.338005 0.878145 -0.338547 0.908726 0.210917 -0.360181 -0.244886 -0.429389 -0.869284
6.961290 -4.434635 -80.470543 -55.974504 -0.336412 0.928055 -0.159817 -0.872218 -0.243081 0.424437 -0.355052 -0.282181 -0.891242
2.808982 -4.665589 -324.215686 8.958121 -0.425723 0.814623 -0.393890 0.835108 0.186139 -0.517637 -0.348360 -0.549311 -0.759541
0.935510 -4.362189 -274.727220 23.309364 -0.363953 0.832733 -0.417246 0.877832 0.156918 -0.452535 -0.311367 -0.530973 -0.788110
5.550920 -4.939631 -167.932536 23.643862 -0.408878 0.880355 -0.240403 0.819899 0.238699 -0.520373 -0.400729 -0.409875 -0.819401
2.746976 -7.072357 70.499239 -11.643343 -0.227886 0.335867 0.913926 0.482095 0.854418 -0.193788 -0.845962 0.396438 -0.356630
1.604730 -7.054767 51.000136 -50.952785 -0.206425 0.352818 0.912638 0.478375 0.850043 -0.220418 -0.853549 0.391083 -0.344249
3.601403 -4.837882 14.836262 -42.761601 0.005532 -0.402708 -0.915312 0.775895 0.579159 -0.250122 0.630837 -0.708802 0.315664
3.444357 -4.601544 -6.738683 -52.225876 -0.055892 -0.464338 -0.883893 0.726865 0.587999 -0.354858 0.684502 -0.662305 0.304647
2.458574 -3.868303 31.655179 12.155221 -0.047139 -0.385800 -0.921377 0.741758 0.604263 -0.290967 0.669009 -0.697154 0.257686
-5.224359 -22.253572 -73.989151 27.127981 0.876925 -0.025933 0.479926 -0.305704 0.740427 0.598593 0.370874 0.671636 -0.641372
7.420673 -19.135716 -1345.510280 -115.184094 0.949012 0.065667 0.308323 -0.179959 0.915885 0.358845 0.258824 0.396034 -0.881003
6.980205 -21.534870 -940.279938 -82.774786 0.927796 0.059616 0.368293 -0.277691 0.769603 0.574978 0.249162 0.635734 -0.730589
12.423998 -4.514314 54.696833 143.768025 -0.330935 0.926339 -0.179938 -0.785003 -0.376067 -0.492284 0.523691 0.021661 -0.851633
13.840087 -6.591591 650.132513 125.782892 -0.507528 0.852447 0.125495 -0.755357 -0.370109 -0.540792 0.414549 0.369260 -0.831742
10.376856 -7.192257 562.569396 -77.804055 -0.594097 0.785492 0.173354 0.739334 0.448308 0.502400 0.316915 0.426641 -0.847079
-0.720459 -17.219206 50.708791 220.202849 -0.523373 -0.606287 0.598746 0.525810 0.323142 0.786831 -0.670525 0.726633 0.149669
-0.610854 -14.990598 -51.310136 -167.503300 0.605173 0.636984 -0.477510 0.536088 0.117359 0.835965 -0.588537 0.761891 0.270457
-1.931971 -13.803692 -85.542387 -178.759453 0.637723 0.645943 -0.419603 0.569242 -0.028233 0.821685 -0.518915 0.762863 0.385703
-77.703833 -835.721802 -4592.522537 -254063.143485 0.002231 0.971222 -0.238164 -0.456085 -0.210963 -0.864570 0.889933 -0.110552 -0.442490
-46.870796 -674.060529 -1863.212054 -64484.748834 0.586419 0.593856 -0.550860 -0.364086 -0.414248 -0.834170 0.723570 -0.689734 0.026708
0.768517 -16.192318 -43.556748 -71.807007 0.553699 0.103270 0.826289 0.590447 0.651015 -0.477024 -0.587189 0.752007 0.299491
-2.330692 -9.173509 -38.007795 -25.983197 -0.245929 0.637698 0.729973 0.060782 0.761766 -0.644995 -0.967380 -0.114254 -0.226100
-2.460453 -9.759178 -31.525996 -55.844759 -0.232210 0.687192 0.688364 0.213669 0.726461 -0.653146 -0.948907 -0.004584 -0.315523
-1.973589 -10.008037 -41.097325 -7.413880 -0.270837 0.667859 0.693262 0.169209 0.741994 -0.648701 -0.947637 -0.058386 -0.313967
2.913604 -47.286757 -32.171712 -452.958143 -0.470271 0.706556 -0.528795 -0.370481 -0.701887 -0.608357 0.800993 0.090184 -0.591843
2.468341 -48.340570 -16.167630 -193.123606 -0.495286 0.738515 -0.457479 -0.162949 -0.596236 -0.786098 0.853311 0.314798 -0.415647
2.147436 -53.743834 9.438195 137.944637 -0.481256 0.764124 -0.429542 -0.462471 -0.637604 -0.616102 0.744656 0.097852 -0.660236
1.307546 -40.002826 -63.371607 29.509219 -0.431753 0.760240 -0.485411 -0.084279 -0.569802 -0.817449 0.898046 0.312026 -0.310086
2.342565 -45.061565 -108.591874 720.797801 -0.416799 0.682601 -0.600279 0.352262 0.730063 0.585593 0.837968 0.032619 -0.544743
-8.022558 -9.677401 72.995756 69.882495 -0.296224 0.951617 0.081711 -0.256351 0.003198 -0.966578 0.920074 0.307271 -0.243001
0.952767 -21.496041 277.500117 1259.077730 -0.484030 0.798707 0.357466 0.529028 0.592498 -0.607516 0.697025 0.104947 0.709325
-3.947639 -7.835786 -287.812300 468.596670 -0.253662 0.870398 0.421975 0.670222 0.472705 -0.572147 0.697465 -0.137685 0.703267
-7.326135 -90.910288 387.470178 5934.124464 -0.257091 0.937716 0.233651 0.472887 0.332925 -0.815806 0.842782 0.099246 0.529026
-3.063451 -44.314716 552.175351 2324.278537 -0.207591 0.966298 0.152232 0.626999 0.250888 -0.737514 0.750851 0.057652 0.657950
0.050979 -20.764494 106.596211 1195.600013 -0.248998 0.895937 0.367827 0.675448 0.432826 -0.597019 0.694096 -0.099792 0.712932
-2.993389 -6.067622 13.356102 43.996885 0.993158 -0.084018 -0.081110 -0.015046 -0.780819 0.624576 0.115808 0.619082 0.776740
-3.359055 -5.466558 16.646073 68.475558 0.995489 0.025162 -0.091480 0.075105 -0.798148 0.597762 0.057974 0.601936 0.796437
-0.511574 -3.450547 -52.754167 -3.443833 0.820135 0.350319 0.452388 -0.436167 0.894509 0.098041 -0.370319 -0.277724 0.886416
-1.459881 -3.549061 -81.162001 11.911702 0.877806 0.211325 0.429882 -0.312232 0.933007 0.178912 -0.363275 -0.291273 0.884981
-1.507615 -3.530870 -61.765727 3.447183 0.860761 0.264347 0.434985 -0.341261 0.933762 0.107836 -0.377667 -0.241264 0.893957
-0.126882 -3.547230 -63.694766 6.068529 0.815737 0.349924 0.460572 -0.461183 0.874059 0.152744 -0.349118 -0.337007 0.874381
-0.449163 -3.489575 -45.791710 -11.431535 0.784480 0.420738 0.455599 -0.484510 0.874375 0.026790 -0.387093 -0.241759 0.889782
0.343121 -3.566080 -30.679052 -8.734157 0.764652 0.449408 0.461887 -0.534587 0.842597 0.065174 -0.359895 -0.296754 0.884541
0.221449 -6.161891 -41.488560 23.020697 -0.750576 -0.648299 0.127845 -0.573820 0.735418 0.360403 -0.327668 0.197149 -0.923994
-0.032654 -12.014032 41.335295 -76.820287 0.865276 0.218817 -0.451018 0.481598 -0.113120 0.869061 -0.139146 0.969187 0.203262
-0.327092 -12.517604 29.742815 -25.094404 0.864577 0.221918 -0.450843 0.501254 -0.317718 0.804860 -0.035372 0.921850 0.385929
-0.039462 -12.842948 18.245273 -70.772396 0.854734 0.241176 -0.459634 0.515543 -0.291451 0.805774 -0.060373 0.925684 0.373449
0.347202 -12.216694 17.830397 -65.099181 0.846366 0.248574 -0.471036 0.523669 -0.227090 0.821097 -0.097136 0.941616 0.322372
0.345200 -11.778651 14.863554 -83.620336 0.850852 0.247932 -0.463228 0.494483 -0.079876 0.865509 -0.177587 0.965479 0.190561
0.185261 -13.057454 16.109585 -89.297811 0.848107 0.246062 -0.469221 0.529596 -0.367691 0.764416 -0.015565 0.896804 0.442154
-4.210657 -18.570749 -115.120192 33.235842 -0.448937 0.806734 -0.384235 -0.030892 -0.443758 -0.895614 0.893029 0.390204 -0.224141
-3.072234 -18.454199 -126.712655 -171.586340 -0.404907 0.834217 -0.374343 0.208829 -0.314214 -0.926100 0.890192 0.453157 0.046982
1.450110 -27.121873 -0.918102 729.291842 -0.461979 0.843580 -0.273766 0.879650 0.396469 -0.262730 -0.113095 -0.362194 -0.925216
1.194760 -22.053089 -44.345956 399.675430 -0.475727 0.825219 -0.304462 0.875424 0.477866 -0.072649 0.085541 -0.301094 -0.949750
1.725616 -19.576576 -19.719506 365.509987 -0.503279 0.823861 -0.260698 0.857765 0.512830 -0.035272 0.104635 -0.241369 -0.964776
1.608798 -24.139928 -4.385846 571.590333 -0.487199 0.839126 -0.241878 0.870832 0.446049 -0.206619 -0.065490 -0.311299 -0.948053
1.356851 -31.397330 13.961018 833.881697 -0.447717 0.857993 -0.251787 0.837016 0.303079 -0.455573 -0.314568 -0.414718 -0.853848
-0.604221 -15.546087 103.794586 -117.094592 -0.123165 0.898599 -0.421131 0.787461 0.346748 0.509579 -0.603933 0.268861 0.750319
-1.179040 -13.640525 83.196341 -110.480452 -0.109070 0.911648 -0.396235 0.696182 0.354583 0.624181 -0.709531 0.207772 0.673347
1.476739 -8.488091 1.846930 -4.182083 0.250656 0.956415 -0.149807 0.618963 -0.277317 -0.734833 0.744349 -0.091466 0.661497
2.087016 -7.646240 -56.531532 -21.830614 0.243212 0.953942 -0.175619 0.647485 -0.294479 -0.702884 0.722226 -0.057239 0.689284
1.813558 -7.766132 -41.772358 21.324377 0.231791 0.961584 -0.147071 0.575804 -0.257482 -0.775985 0.784042 -0.095182 0.613366
0.279336 -8.697879 32.217045 -25.916060 0.782007 0.589778 -0.201563 -0.593687 0.606411 -0.528963 0.189741 -0.533318 -0.824361
