12230
24441
-8.367246 -10.812060 89.987720 137.261663 -0.100615 0.986323 0.130555 -0.376123 0.083775 -0.922775 0.921091 0.141949 -0.362550
-6.704099 -10.771354 -46.157076 311.248548 0.136342 0.920406 0.366421 -0.488491 0.384244 -0.783412 0.861851 0.072182 -0.501998
-5.968275 -8.670372 38.872186 118.167554 -0.251425 0.941185 -0.225735 -0.457180 -0.321055 -0.829404 0.853096 0.105331 -0.511012
-5.273313 -7.510783 -58.194333 161.965164 0.053476 0.993316 0.102289 -0.606617 0.113683 -0.786824 0.793194 0.019974 -0.608641
-6.543550 -9.886450 -2.420348 101.000525 -0.307622 0.924148 -0.226537 -0.313729 -0.323280 -0.892784 0.898300 0.203569 -0.389380
-4.607308 -7.053471 -12.454943 75.654407 -0.427276 0.768967 -0.475526 -0.435732 -0.635982 -0.636918 0.792195 0.064938 -0.606803
-5.232381 -8.292141 -47.906986 82.609807 -0.419539 0.808464 -0.412763 -0.352183 -0.564069 -0.746856 0.836633 0.167967 -0.521376
-7.109447 -9.272760 -29.803740 18.927431 0.526913 0.801616 0.282443 -0.593959 0.109602 0.796994 -0.607927 0.587707 -0.533878
-7.095791 -9.451669 -31.735609 -4.314544 0.535789 0.804010 0.257873 0.668218 -0.217066 -0.711595 -0.516154 0.553580 -0.653555
-6.636746 -9.407391 -32.895904 17.986069 0.464777 0.861287 0.205348 -0.591854 0.129710 0.795540 -0.658553 0.491284 -0.570042
-8.022756 -9.638907 -44.133480 -6.167834 0.599460 0.728282 0.332043 0.632913 -0.177359 -0.753634 -0.489967 0.661928 -0.567259
-6.892934 -9.119295 -34.955966 20.604763 0.487260 0.847369 0.211055 -0.494284 0.068380 0.866607 -0.719904 0.526584 -0.452159
-7.672716 -9.402139 -39.731514 25.054721 0.561647 0.774615 0.290731 -0.507658 0.045168 0.860374 -0.653327 0.630818 -0.418608
-8.947714 -25.285336 -104.906170 -1235.693550 -0.000977 0.969224 -0.246177 0.999381 0.009604 0.033849 0.035172 -0.245991 -0.968634
-5.704263 -23.534219 -220.905153 -1259.784705 -0.172869 0.909651 -0.377693 0.982153 0.130351 -0.135585 -0.074102 -0.394391 -0.915950
-10.983644 -117.664236 -1.017499 6758.946152 0.051527 0.972220 -0.228329 -0.819288 0.171890 0.547012 -0.571063 -0.158881 -0.805384
-22.274676 -69.417016 -430.930791 -3444.952166 0.025913 0.937800 -0.346207 -0.733466 -0.217477 -0.643996 0.679232 -0.270618 -0.682209
6.697053 -2.014265 142.217576 -267.263440 -0.279105 0.050057 0.958955 -0.331082 0.932390 -0.145032 -0.901380 -0.357972 -0.243661
9.951459 2.080254 87.202349 -352.568238 -0.240923 -0.097930 0.965591 -0.429740 0.902817 -0.015660 -0.870218 -0.418726 -0.259593
32.378073 -4.734862 -1588.603945 112.830838 -0.643322 0.306820 0.701426 -0.002036 0.915494 -0.402326 -0.765593 -0.260253 -0.588333
12.223314 -1.865242 -692.427243 -76.512489 -0.592651 -0.464349 0.658138 -0.448115 0.869050 0.209632 -0.669297 -0.170683 -0.723125
4.790193 -3.577017 -255.954706 -23.368196 -0.517258 -0.281227 0.808304 -0.245273 0.953563 0.174808 -0.819930 -0.107834 -0.562215
5.173373 -3.906966 -176.339067 -140.929175 -0.449955 -0.033422 0.892426 -0.234698 0.968599 -0.082058 -0.861659 -0.246373 -0.443670
7.451344 -3.043795 -409.366179 -42.415218 -0.541366 -0.446730 0.712288 -0.380819 0.885571 0.265972 -0.749600 -0.127265 -0.649541
-0.626981 -6.339945 3.443626 13.784254 -0.067977 0.995668 -0.063433 -0.989974 -0.075206 -0.119568 0.123821 -0.054669 -0.990798
-0.712187 -6.669261 -12.259463 -5.195936 -0.038618 0.994815 -0.094080 -0.979823 -0.056175 -0.191812 0.196102 -0.084775 -0.976912
-0.554068 -6.640420 -5.055763 -16.790144 -0.074985 0.993383 -0.086997 0.996018 0.078830 0.041635 0.048217 -0.083528 -0.995338
-0.649278 -6.358713 -11.681479 -40.556682 -0.029701 0.996890 -0.072999 -0.962673 -0.048185 -0.266344 0.269033 -0.062364 -0.961110
0.815644 -8.076065 47.613094 -20.966846 -0.111571 0.992415 0.051612 0.797809 0.058485 0.600066 -0.592497 -0.108126 0.798284
0.368711 -7.980369 43.138470 11.916374 -0.060945 0.994090 0.089840 0.898272 0.015381 0.439171 -0.435194 -0.107466 0.893900
3.103577 -7.476764 149.902057 -25.206285 -0.059412 0.995092 0.079128 0.863606 0.011482 0.504037 -0.500655 -0.098281 0.860050
23.036939 -7.434269 1478.624925 -177.007687 0.232829 0.956770 0.174303 0.912966 -0.276788 0.299804 -0.335088 -0.089329 0.937942
3.861108 -7.740672 161.562757 -14.316781 -0.103793 0.993580 0.045001 0.765290 0.050882 0.641671 -0.635262 -0.101039 0.765659
32.049468 -6.211275 1683.656734 -164.310560 0.272183 0.938099 0.214212 0.876900 -0.333476 0.346181 -0.396186 -0.093618 0.913385
13.379331 -5.907463 643.633430 -70.484914 0.098247 0.976944 0.189547 0.819791 -0.187431 0.541121 -0.564172 -0.102225 0.819305
0.001676 -6.735616 -14.780265 76.013895 0.327058 0.944263 0.037416 -0.872180 0.316859 -0.372697 0.363779 -0.089260 -0.927199
0.645772 -7.437649 -20.592416 -144.922691 0.272921 0.962031 -0.003085 -0.909571 0.256991 -0.326553 0.313361 -0.091930 -0.945174
-0.016517 -6.448085 -1.597049 -13.126603 0.256226 0.966381 -0.021362 -0.895774 0.229085 -0.380932 0.363231 -0.116740 -0.924356
-0.716750 -9.058817 -11.447074 255.568946 0.323851 0.945755 0.025854 -0.861084 0.305960 -0.406108 0.391989 -0.109256 -0.913459
-1.722677 -18.150573 -34.216739 -59.235606 0.068185 0.993895 0.086734 0.982891 -0.081830 0.165010 -0.171100 -0.073999 0.982471
-2.138496 -18.853818 8.087427 -62.399379 0.096172 0.995350 0.005392 0.989896 -0.096209 0.104160 -0.104194 0.004680 0.994546
-2.200402 -18.345349 3.259974 -71.476837 0.059345 0.998074 0.018056 0.919386 -0.061694 0.388488 -0.388854 0.006455 0.921277
-1.752020 -17.729674 -54.889752 -40.428991 0.028266 0.994768 0.098167 0.919655 -0.064363 0.387416 -0.391708 -0.079329 0.916664
-2.409079 -16.745081 8.287739 -74.696072 0.062296 0.997935 -0.015644 0.790432 -0.039760 0.611258 -0.609374 0.050445 0.791277
-1.823791 -16.986089 -33.013660 -72.246314 0.010749 0.998572 0.052327 0.810432 -0.039353 0.584509 -0.585734 -0.036125 0.809698
-0.447465 -7.538652 -22.356440 -49.716721 -0.182175 0.983254 -0.004810 -0.910999 -0.166943 0.377108 -0.369990 -0.073082 -0.926157
-0.473856 -7.672610 -31.364898 0.227994 -0.224864 0.974225 0.017933 -0.801684 -0.195438 0.564896 -0.553841 -0.112648 -0.824967
-0.811977 -7.234847 -54.496074 -51.112936 -0.221678 0.975107 0.004938 -0.878393 -0.201885 0.433206 -0.423420 -0.091695 -0.901281
-0.945288 -7.118678 -35.327731 -62.657764 -0.163039 0.986543 -0.012291 -0.942435 -0.152040 0.297826 -0.291950 -0.060141 -0.954541
-0.012037 -7.171386 5.971514 -46.856723 0.083209 0.984897 -0.151837 -0.945869 0.126020 0.299085 -0.313702 -0.118731 -0.942069
-0.067032 -7.899644 4.695519 -46.458068 0.048997 0.988994 -0.139605 -0.882798 0.108261 0.457108 -0.467191 -0.100846 -0.878386
0.065056 -7.009819 3.051627 -43.736474 0.085872 0.983638 -0.158375 -0.930758 0.135908 0.339437 -0.355408 -0.118260 -0.927200
0.192817 -7.074273 -18.882864 -68.763204 -0.138604 0.989213 -0.047404 -0.624185 -0.124420 -0.771306 0.768883 0.077317 -0.634697
0.188369 -7.470195 5.415548 -49.939340 -0.167891 0.984714 -0.046388 -0.657791 -0.146951 -0.738726 0.734251 0.093512 -0.672407
0.048642 -8.039591 -5.166222 -13.154667 -0.143553 0.988996 -0.035775 -0.758366 -0.133158 -0.638083 0.635825 0.064468 -0.769136
0.310659 -6.372334 5.578769 -92.112813 -0.152305 0.987998 -0.025762 -0.528141 -0.103393 -0.842839 0.835386 0.114762 -0.537549
-0.165286 -8.090486 -19.186493 -30.964183 -0.123446 0.991692 -0.036152 -0.725944 -0.115084 -0.678057 0.676584 0.057459 -0.734120
0.950036 -24.122216 47.696506 -133.517550 0.128939 0.986543 0.100538 0.962017 -0.099841 -0.254078 0.240621 -0.129480 0.961944
1.595114 -23.422220 35.674494 55.365131 0.140672 0.984187 0.107640 0.806228 -0.050771 -0.589422 0.574637 -0.169698 0.800622
1.282983 -22.921423 -25.754596 -215.270792 0.182329 0.975939 0.119581 0.862487 -0.100355 -0.496030 0.472094 -0.193577 0.860032
0.992170 -21.670831 0.234215 -129.275937 0.140745 0.982737 0.120075 0.964338 -0.108620 -0.241359 0.224150 -0.149763 0.962979
0.727164 -1.199225 57.805657 17.655674 0.360545 0.932432 0.024022 -0.035215 -0.012128 0.999306 -0.932077 0.361141 -0.028463
0.582268 -0.909478 52.016424 2.221426 0.355773 0.933868 0.036279 -0.024666 -0.029423 0.999263 -0.934247 0.356406 -0.012567
1.846543 -1.134581 93.119352 13.048247 0.357035 0.930807 -0.078260 0.001390 0.083253 0.996527 -0.934090 0.355904 -0.028431
-0.294769 -0.837455 15.628614 7.614732 0.325370 0.893250 0.310224 -0.112950 -0.289013 0.950639 -0.938817 0.344349 -0.006857
2.168910 -1.733450 96.865949 33.546563 0.357318 0.933029 -0.042204 -0.030154 0.056688 0.997936 -0.933496 0.355308 -0.048390
0.918857 -1.933107 70.275274 38.295272 0.367548 0.929733 0.022486 -0.056085 -0.001976 0.998424 -0.928312 0.368230 -0.051417
-0.188788 -1.224600 28.708888 19.792208 0.338252 0.902771 0.265687 -0.113476 -0.241140 0.963833 -0.934189 0.356168 -0.020877
0.669498 -72.074651 -4.549493 2380.453451 -0.220825 0.954836 0.198809 -0.785941 -0.053510 -0.615981 0.577523 0.292276 -0.762261
0.916815 -68.193775 6.472851 1598.387038 -0.234436 0.952727 0.193263 -0.517335 0.046047 -0.854543 0.823046 0.300317 -0.482084
0.400598 -99.370867 51.666491 3075.101655 -0.251825 0.950179 0.183694 -0.327208 0.095038 -0.940161 0.910780 0.296862 -0.286973
0.893788 -67.018327 42.177269 2045.600057 -0.270305 0.947089 0.173084 -0.513489 0.010256 -0.858035 0.814410 0.320808 -0.483548
-0.752489 -66.135672 40.953141 2676.995332 -0.270125 0.948951 0.162862 -0.779807 -0.116412 -0.615101 0.564742 0.293155 -0.771445
-0.865858 -57.458203 106.014761 1523.824225 -0.281933 0.940789 0.188226 -0.905663 -0.196206 -0.375869 0.316682 0.276439 -0.907355
0.152507 -41.790706 87.391935 -539.615921 -0.251133 0.947942 0.195802 0.945927 0.197438 0.257373 0.205315 0.249849 -0.946267
0.831158 -75.062326 -13.958971 2540.242275 -0.237469 0.956623 0.168762 -0.924042 -0.168877 -0.342967 0.299590 0.237387 -0.924063
-4.177357 -13.392664 -51.311805 87.928753 -0.281648 0.936648 -0.208242 0.958006 0.262321 -0.115816 -0.053853 -0.232117 -0.971196
-2.623844 -84.230858 -188.819268 -3884.466852 0.673590 0.732175 -0.100977 0.732915 -0.644041 0.219196 0.095457 -0.221656 -0.970442
-4.671648 -44.850376 -88.302330 1678.197470 -0.609772 0.754391 -0.243048 0.792576 0.579997 -0.188220 -0.001024 -0.307405 -0.951578
-2.461868 -18.374796 -885.253281 439.291209 0.998322 -0.049588 0.029912 0.057906 0.861670 -0.504155 0.000774 -0.505041 -0.863095
0.843999 -6.854016 -27.816824 3.314535 -0.115227 0.983412 -0.140084 -0.848250 -0.024028 0.529050 -0.516908 -0.179788 -0.836948
0.510663 -6.855499 -21.956603 -16.123710 -0.126807 0.983194 -0.131340 -0.907383 -0.061487 0.415782 -0.400719 -0.171899 -0.899930
1.225566 -6.844237 -52.678199 -9.626022 -0.108102 0.983149 -0.147421 -0.890870 -0.029989 0.453267 -0.441208 -0.180332 -0.879099
0.371051 -6.948286 -10.248170 -14.235324 -0.134219 0.981436 -0.136999 -0.906098 -0.065573 0.417956 -0.401214 -0.180232 -0.898078
-2.075202 -6.351738 -13.283715 -36.187682 -0.389937 0.863156 0.320797 -0.562352 -0.499080 0.659303 -0.729184 -0.076686 -0.680007
-1.558293 -5.294361 4.021404 -34.942460 -0.312114 0.909298 0.275249 -0.688779 -0.416123 0.593653 -0.654346 0.004298 -0.756183
-1.623267 -5.883164 -8.710107 -29.443872 -0.410808 0.854911 0.316803 -0.615981 -0.516434 0.594864 -0.672164 -0.049230 -0.738764
-0.350782 -9.791251 4.797323 -194.074555 0.214178 0.973093 -0.084959 0.529626 -0.188771 -0.826959 0.820746 -0.132120 0.555806
-0.540791 -10.565419 10.997396 -112.908075 0.189366 0.980498 -0.052579 0.547840 -0.149941 -0.823036 0.814869 -0.127050 0.565550
-0.418284 -15.455374 13.646139 -329.681531 0.205295 0.974959 -0.085487 0.379025 -0.159733 -0.911496 0.902327 -0.154724 0.402326
-0.521814 -11.982638 6.813780 -261.432992 0.212626 0.974754 -0.068153 0.489323 -0.166591 -0.856044 0.845786 -0.148668 0.512391
-1.951339 -126.775733 109.797025 5060.354143 0.968794 -0.204122 -0.140615 0.245411 0.710222 0.659817 0.034815 0.673735 -0.738152
1.122284 -18.398918 -0.253159 444.043074 0.858122 -0.425101 -0.287950 0.486974 0.496092 0.718852 0.162735 0.757087 -0.632721
5.102448 -176.973912 -100.997584 7666.234459 0.895821 -0.311377 -0.317096 0.443514 0.580952 0.682488 0.028294 0.752023 -0.658529
-1.750382 -298.905047 -65.978001 12866.862425 0.964895 -0.124826 -0.231077 0.218899 0.868395 0.444942 -0.145126 0.479905 -0.865234
-7.804185 -40.174733 221.321096 -977.236604 0.944735 0.010927 -0.327652 -0.327783 0.013848 -0.944651 0.005785 -0.999844 -0.016664
-5.912323 -40.032045 100.250420 1257.948560 0.996511 0.081600 -0.017506 -0.003011 -0.174470 -0.984658 0.083402 -0.981276 0.173616
-12.714230 -48.453463 332.035758 1568.428281 0.999687 0.014864 0.020113 0.021866 -0.129104 -0.991390 0.012139 -0.991520 0.129389
-21.377325 -44.332009 688.273874 -889.387524 0.950436 -0.059759 -0.305122 -0.301679 0.060218 -0.951506 -0.075234 -0.996395 -0.039206
-5.016081 -8.337728 11.930591 1.556795 0.942481 -0.182454 0.280071 -0.333197 -0.579542 0.743714 -0.026619 0.794255 0.607001
-5.697017 -8.515461 48.143741 -6.438742 0.922652 -0.131261 0.362608 -0.370883 -0.559615 0.741132 -0.105639 0.818292 0.565013
-5.188138 -8.337876 23.872927 1.419148 0.942058 -0.159281 0.295222 -0.321005 -0.683527 0.655550 -0.097375 0.712334 0.695052
-5.150885 -8.620269 24.290939 9.899499 0.925692 -0.167558 0.339144 -0.377952 -0.446907 0.810818 -0.015707 0.878748 0.477027
-4.823532 -8.297759 3.841860 5.092142 0.956951 -0.194641 0.215313 -0.289542 -0.691935 0.661356 -0.020255 0.695228 0.718504
-4.717471 -8.754541 -6.722393 15.717275 0.934504 -0.232728 0.269332 -0.349856 -0.461091 0.815473 0.065597 0.856290 0.512313
-4.830356 -8.636801 -12.571955 4.532661 0.953649 -0.236233 0.186408 -0.295293 -0.615376 0.730832 0.057936 0.752001 0.656610
-3.068733 -9.786927 -58.859751 -13.689913 -0.154691 0.987955 0.003867 0.061776 0.005766 0.998073 -0.986030 -0.154632 0.061924
-4.318366 -9.917553 -42.498107 7.237183 -0.097948 0.994947 -0.022046 -0.119599 0.010224 0.992770 -0.987979 -0.099877 -0.117994
-2.983432 -9.785164 -59.739244 -0.581441 -0.163870 0.984582 -0.061192 -0.099391 0.045236 0.994020 -0.981462 -0.168972 -0.090445
-4.447458 -9.586187 -45.316367 -14.900878 -0.055451 0.998246 0.020740 0.055332 -0.017667 0.998312 -0.996927 -0.056505 0.054256
-1.040066 -10.463925 -95.390075 5.598729 -0.224631 0.973602 -0.040499 0.003867 0.042452 0.999091 -0.974436 -0.224270 0.013301
3.634498 -4.994723 -37.888346 18.442235 -0.013008 0.920131 0.391394 0.109463 0.390385 -0.914121 0.993906 -0.030952 0.105799
3.909502 -5.641585 -40.339070 29.447913 -0.000785 0.931796 0.362983 0.200924 0.355727 -0.912736 0.979606 -0.072215 0.187499
3.864462 -5.010997 35.429539 37.783570 -0.092866 0.933734 0.345712 0.135423 0.355831 -0.924686 0.986426 0.039055 0.159494
3.006299 -5.586373 -111.930271 21.247676 0.071070 0.906065 0.417127 0.142122 0.404720 -0.903329 0.987294 -0.123483 0.100008
2.256199 -4.544246 -118.536488 43.215079 0.067052 0.874239 0.480843 0.051676 0.478238 -0.876709 0.996410 -0.083633 0.013110
3.118353 -3.819486 52.159403 55.454235 -0.111572 0.920574 0.374294 0.056899 0.381945 -0.922432 0.992126 0.081621 0.094994
3.309450 -3.793106 -43.640664 54.492929 -0.011496 0.895371 0.445173 0.024870 0.445320 -0.895026 0.999625 -0.000782 0.027388
-2.509038 -3.043992 21.498832 -29.967974 0.196056 0.848194 -0.492066 0.188250 0.459915 0.867779 -0.962353 0.262765 0.069503
-1.741052 -2.840361 -41.136741 19.380949 -0.047980 -0.315752 0.947628 0.254100 0.913650 0.317296 -0.965987 0.256016 0.036396
-2.446772 -3.264613 -48.520728 12.831777 -0.069803 -0.508143 0.858439 0.209788 0.833816 0.510627 -0.975252 0.215734 0.048399
-2.871463 -3.847995 10.293345 -50.813642 0.197822 0.961076 -0.192872 0.153269 0.164014 0.974478 -0.968181 0.222334 0.114857
-3.021939 -3.912373 18.046559 -31.282802 0.125807 0.899430 -0.418568 0.162470 0.397544 0.903085 -0.978660 0.181619 0.096116
-2.340552 -3.581564 -57.347140 17.349791 -0.037234 -0.411691 0.910563 0.158402 0.897243 0.412146 -0.986672 0.159581 0.031805
3.810529 -5.323030 64.465276 28.336283 -0.115408 0.945390 0.304824 0.225082 0.323782 -0.918969 0.967481 0.037446 0.250158
4.440499 -5.780990 41.628629 16.359947 -0.046912 0.952540 0.300777 0.311240 0.300057 -0.901718 0.949173 -0.051312 0.310545
3.855847 -6.230225 -82.786274 16.299360 0.070073 0.929721 0.361537 0.318174 0.322667 -0.891432 0.945439 -0.177497 0.273203
2.201563 -6.096778 -147.914547 20.627321 0.102268 0.903676 0.415826 0.224340 0.386296 -0.894677 0.969130 -0.184783 0.163225
3.226068 -12.082739 -28.832206 -148.844819 -0.075271 0.988050 -0.134505 0.107317 0.142131 0.984013 -0.991371 -0.059633 0.116733
2.751173 -10.802390 -29.057559 -95.397649 -0.078313 0.986942 -0.140759 -0.067455 0.135623 0.988461 -0.994644 -0.086904 -0.055953
3.499997 -11.822070 -16.708173 -186.918497 0.007553 0.981556 -0.191024 0.041278 0.190561 0.980807 -0.999119 0.015293 0.039077
-1.960037 -12.070511 -7.007945 54.555744 -0.314766 -0.935921 0.158030 0.946698 -0.297559 0.123373 -0.068444 0.188440 0.979697
-1.691624 -11.434739 -9.853365 47.447393 -0.317926 -0.929347 0.187716 0.948103 -0.310630 0.067890 -0.004783 0.199558 0.979874
-1.832136 -12.274566 -15.582193 62.484297 -0.319993 -0.929197 0.184922 0.936942 -0.281419 0.207227 -0.140514 0.239573 0.960656
-2.083076 -13.146862 13.580894 49.871032 0.321476 0.933037 -0.161543 0.905147 -0.252680 0.341850 -0.278140 0.256116 0.925766
-2.187440 -12.556742 4.303030 45.573265 0.294455 0.946419 -0.132620 0.927318 -0.249408 0.279064 -0.231035 0.205153 0.951071
-2.136526 -11.961356 -0.147684 37.918162 -0.288552 -0.950643 0.114081 0.952893 -0.273501 0.131118 -0.093445 0.146541 0.984781
6.861287 -7.274603 191.991075 -19.186049 -0.085704 0.793531 -0.602464 -0.400494 -0.581123 -0.708449 0.912282 -0.180567 -0.367609
4.988859 -6.756654 180.432669 -10.518328 -0.123589 0.860023 -0.495062 -0.449208 -0.493331 -0.744873 0.884838 -0.130328 -0.447300
9.199284 -7.424419 275.759342 -17.525053 -0.082839 0.807979 -0.583359 -0.524879 -0.532973 -0.663658 0.847136 -0.251216 -0.468242
9.888008 -8.049637 166.259910 -19.278037 0.003013 0.698385 -0.715716 -0.463668 -0.633158 -0.619777 0.886004 -0.333722 -0.321911
7.947209 -7.731313 139.846567 -24.945436 -0.037233 0.700167 -0.713008 -0.350477 -0.677331 -0.646830 0.935831 -0.225809 -0.270611
-2.149567 -22.458218 74.575396 185.550420 -0.025746 0.983343 -0.179927 -0.873398 0.065435 0.482591 -0.486326 -0.169572 -0.857165
-2.719509 -24.117632 6.796482 345.993537 -0.052397 0.970389 -0.235795 -0.954016 0.021143 0.299010 -0.295141 -0.240619 -0.924659
-3.069456 -23.746451 -5.168063 364.020226 -0.075186 0.963813 -0.255758 -0.867289 0.063366 0.493755 -0.492094 -0.258940 -0.831140
-2.732998 -20.730534 43.294050 17.271511 -0.053791 0.975201 -0.214684 -0.768798 0.096753 0.632131 -0.637226 -0.199051 -0.744528
1.496155 -7.355433 116.956004 20.186185 -0.067152 0.955522 -0.287174 0.879899 -0.078981 -0.468550 0.470391 0.284148 0.835459
3.005066 -6.745607 145.116127 38.370068 -0.000714 0.947863 -0.318679 0.828547 -0.177874 -0.530915 0.559919 0.264419 0.785222
2.776160 -7.268050 148.901687 21.378157 -0.026795 0.955991 -0.292169 0.902605 -0.102479 -0.418094 0.429636 0.274916 0.860136
1.603385 -199.662296 -99.223304 7005.419163 -0.196934 0.949198 -0.245440 0.010120 0.252297 0.967597 -0.980364 -0.188069 0.059292
0.328126 -49.714661 -56.233623 330.308986 -0.246066 0.947622 -0.203628 0.527287 0.307155 0.792228 -0.813278 -0.087570 0.575249
0.459780 -76.014895 -59.588734 1460.518610 -0.265057 0.911497 -0.314513 0.349956 0.394876 0.849473 -0.898485 -0.115093 0.423648
-36.360752 -83.749928 -1631.406674 -8997.227378 0.946369 -0.112567 -0.302843 -0.296448 -0.675248 -0.675395 0.128466 -0.728950 0.672405
-30.192315 -117.729362 -1357.688226 -5625.369906 0.980420 -0.067534 -0.184974 -0.196048 -0.246589 -0.949083 -0.018483 -0.966764 0.255001
-125.202676 -311.174405 1223.811771 -16332.324431 -0.695445 0.209679 -0.687307 0.718007 0.240946 -0.653002 0.028683 -0.947618 -0.318115
-427.097841 -1083.797987 -5688.114530 -54624.814534 -0.496915 -0.510854 -0.701501 0.780680 0.089856 -0.618437 0.378966 -0.854958 0.354163
7.288996 -226.589021 -32.685561 -13341.303998 0.273147 0.961936 -0.008361 -0.541058 0.160811 0.825467 -0.795391 0.220951 -0.564388
0.539306 -53.054524 22.070933 -2112.762119 0.283998 0.958825 0.000331 -0.810527 0.239889 0.534322 -0.512241 0.152015 -0.845281
0.640791 -119.361885 98.809516 -4892.101030 0.330977 0.941767 -0.059398 -0.462831 0.216868 0.859509 -0.822339 0.256987 -0.507658
4.426515 -168.555216 -15.372821 8464.368750 0.338517 0.939294 -0.055967 0.200662 -0.013952 0.979561 -0.919315 0.342829 0.193204
-1.249073 -8.720956 -3.651612 19.495319 -0.158534 0.982861 -0.094078 0.430159 -0.017011 -0.902593 0.888724 0.183560 0.420090
-1.194899 -7.997284 17.256393 56.918410 -0.173687 0.970464 -0.167430 0.282625 -0.113742 -0.952463 0.943375 0.212750 0.254522
-1.148454 -8.451109 22.029526 25.394563 -0.193546 0.974564 -0.112979 0.442787 -0.015991 -0.896484 0.875488 0.223536 0.428430
-0.771087 -7.179352 22.129138 67.814922 -0.183389 0.962009 -0.202255 0.285836 -0.144673 -0.947295 0.940567 0.231535 0.248445
-1.171439 -8.656351 5.398157 -28.691833 -0.168535 0.982329 -0.081395 0.591335 0.034695 -0.805679 0.788618 0.183917 0.586734
-0.663665 -8.238271 29.323448 33.384567 -0.221444 0.970522 -0.095134 0.462346 0.018595 -0.886505 0.858603 0.240295 0.452835
-0.975614 -8.594354 17.836601 -22.084853 -0.199939 0.976702 -0.077962 0.600641 0.059313 -0.797316 0.774116 0.206242 0.598506
-8.207232 -12.235575 -5.351276 203.364007 0.113257 0.875159 0.470393 -0.288542 0.482006 -0.827293 0.950745 0.042032 -0.307111
-5.488567 -13.363680 -138.875536 445.552210 0.242510 0.881522 0.405101 -0.415268 0.471701 -0.777850 0.876779 -0.020411 -0.480460
-3.878358 -11.022525 -160.143351 366.009749 0.234642 0.942280 0.238854 -0.556429 0.331671 -0.761827 0.797076 -0.045851 -0.602136
-6.471008 -9.485788 -31.473211 13.269707 0.471291 0.865118 0.171629 -0.680061 0.232538 0.695301 -0.561607 0.444407 -0.697926
-6.832815 -9.376560 -36.949817 4.786019 0.522555 0.826035 0.211192 0.729139 -0.304570 -0.612857 -0.441919 0.474239 -0.761449
-7.570322 -9.512847 -27.287286 10.208210 0.585494 0.751625 0.303737 0.715765 -0.303377 -0.629001 -0.380627 0.585681 -0.715613
-9.521057 -44.427649 -119.280718 -2146.120872 -0.045096 0.936062 -0.348932 -0.813276 -0.237238 -0.531319 0.580128 -0.259818 -0.771976
-3.087048 -24.679783 -360.444762 -1494.531029 -0.232634 0.828859 -0.508797 0.970287 0.162014 -0.179708 -0.066520 -0.535486 -0.841921
-5.286630 -61.404720 -280.302700 4019.365551 -0.106084 0.903126 -0.416065 -0.861009 0.125878 0.492767 -0.497404 -0.410510 -0.764245
42.331678 -74.112962 -406.141725 -2960.434087 -0.358406 0.798194 0.484180 0.097496 -0.483797 0.869733 -0.928461 -0.358923 -0.095575
32.754336 -6.861589 -1460.658390 -173.148921 -0.545611 -0.688638 0.477584 -0.689914 0.692609 0.210502 -0.475739 -0.214640 -0.852996
100.913601 0.867092 6317.234639 -105.674977 0.463575 0.110254 0.879172 -0.247189 0.968927 0.008829 -0.850880 -0.221415 0.476424
14.347369 -0.238620 1191.429334 -134.687510 0.131091 0.050762 0.990070 -0.231570 0.972629 -0.019206 -0.963945 -0.226753 0.139257
-0.654089 -6.774811 2.733537 -13.301070 -0.057329 0.994252 -0.090427 0.997919 0.059745 0.024244 0.029507 -0.088849 -0.995608
-0.811618 -6.915096 -8.287804 -3.239238 -0.003182 0.997571 -0.069584 -0.942059 -0.026332 -0.334414 0.335433 -0.064488 -0.939854
-0.833459 -7.224770 2.873705 9.496274 0.007342 0.997263 -0.073573 -0.950388 -0.015922 -0.310658 0.310979 -0.072204 -0.947670
-0.754620 -6.901610 9.377351 5.030321 -0.034373 0.995865 -0.084094 -0.986620 -0.047231 -0.156046 0.159373 -0.077605 -0.984163
0.305741 -7.626212 57.384777 49.602379 -0.014661 0.995973 0.088443 0.956839 -0.011702 0.290384 -0.290250 -0.088883 0.952814
0.289736 -8.242668 11.220665 -225.356831 0.245265 0.968934 -0.031823 -0.925000 0.224066 -0.306869 0.290205 -0.104701 -0.951220
0.560329 -7.148263 14.526233 -75.659563 0.223665 0.973243 -0.052645 -0.912434 0.190087 -0.362397 0.342693 -0.129090 -0.930536
0.290515 -6.076717 3.230598 -77.405423 0.203595 0.977256 -0.059333 -0.905729 0.164989 -0.390426 0.371757 -0.133229 -0.918720
0.347728 -7.113923 13.198617 105.432307 0.140890 0.985997 -0.089223 -0.902163 0.090748 -0.421742 0.407739 -0.139913 -0.902315
-1.887145 -17.767139 4.233552 95.712074 0.103841 0.994319 0.023371 0.974689 -0.097057 -0.201396 0.197984 -0.043693 0.979231
-2.056707 -17.770059 -0.932376 104.613235 0.128832 0.991666 -0.001327 0.970484 -0.126355 -0.205414 0.203869 -0.025176 0.978674
-1.677272 -17.848519 25.089595 6.695419 -0.093130 -0.992907 -0.073902 0.992453 -0.086628 -0.086789 0.079771 -0.081427 0.993482
1.746194 -11.900967 -11.965482 -135.003879 -0.023232 0.999134 -0.034532 -0.649100 0.011196 0.760621 -0.760349 -0.040085 -0.648277
1.737900 -11.474750 -20.842915 25.441714 -0.009161 0.998517 -0.053664 -0.745034 0.028980 0.666397 -0.666964 -0.046087 -0.743664
1.927478 -11.738951 -12.774582 -124.162755 0.007930 0.999821 -0.017195 -0.689978 0.017917 0.723608 -0.723787 -0.006126 -0.689997
-0.842346 -7.235216 -3.741054 7.366892 -0.335435 0.929066 0.155950 -0.691837 -0.355298 0.628590 -0.639410 -0.102959 -0.761941
-0.338921 -7.516665 -31.179075 14.427449 -0.285856 0.954782 0.081718 -0.703710 -0.267037 0.658394 -0.650445 -0.130700 -0.748224
-0.068115 -7.223375 -8.078357 -17.635267 -0.360228 0.916998 0.171318 -0.612729 -0.371061 0.697766 -0.703419 -0.146384 -0.695538
-0.628803 -7.000850 5.133448 -29.286765 -0.395128 0.890577 0.225270 -0.645567 -0.443661 0.621617 -0.653541 -0.100191 -0.750230
-0.958345 -6.524068 21.059497 3.519281 -0.311088 0.934222 0.174512 -0.743171 -0.353580 0.568047 -0.592386 -0.047020 -0.804281
-0.219120 -9.985344 12.050634 -98.478274 0.180352 0.983522 0.012596 0.704543 -0.120238 -0.699401 0.686361 -0.135012 0.714619
-0.294581 -8.450807 -15.306369 -59.541978 0.172670 0.983003 0.062366 0.778177 -0.097326 -0.620458 0.603843 -0.155666 0.781756
-0.071152 -10.049707 -34.699501 -116.542815 0.187214 0.979985 0.067683 0.721485 -0.090417 -0.686501 0.666641 -0.177355 0.723972
0.052022 -10.726914 3.443128 5.757360 -0.056302 0.994573 0.087490 0.549494 -0.042296 0.834426 -0.833599 -0.095055 0.544131
0.237546 -10.547184 -3.142642 15.525243 -0.045039 0.991705 0.120384 0.701742 -0.054360 0.710354 -0.711006 -0.116472 0.693473
-0.125777 -10.439443 -8.096244 1.007678 -0.052711 0.990769 0.124893 0.554665 -0.074953 0.828691 -0.830402 -0.112955 0.545594
-0.380488 -10.518945 -5.619178 -7.311956 -0.062509 0.992718 0.102972 0.386284 -0.071069 0.919638 -0.920259 -0.097262 0.379029
269.105762 2.331259 -4708.600345 -410.900026 -0.159788 -0.083725 -0.983594 0.925157 -0.360239 -0.119630 -0.344313 -0.929095 0.135021
1810.341560 -19.603758 159264.453680 403.484425 0.168427 0.060160 -0.983877 0.964379 -0.216600 0.151845 -0.203973 -0.974405 -0.094498
57.769691 -4.682135 2458.508117 145.358779 0.072108 0.863831 -0.498594 0.986122 -0.136699 -0.094220 -0.149547 -0.484880 -0.861700
58.185836 -6.024196 2525.902921 25.564031 0.074086 0.780291 -0.621013 0.945310 -0.253301 -0.205495 -0.317649 -0.571825 -0.756383
2.347812 -26.004895 -62.343488 -237.049057 0.068412 0.963656 0.258239 0.975994 -0.118294 0.182871 0.206773 0.239529 -0.948615
1.916017 -25.897436 -75.906515 -109.503373 0.115223 0.956957 0.266379 -0.851095 0.233386 -0.470286 0.512213 0.172526 -0.841352
3.190364 -29.684650 -84.846390 -148.079998 0.069433 0.960866 0.268171 -0.851701 0.197062 -0.485563 0.519408 0.194687 -0.832053
1.176090 -23.603353 -30.869411 48.435492 0.098254 0.965048 0.242959 -0.933819 0.173797 -0.312693 0.343989 0.196156 -0.918256
2.146708 -28.651810 10.118651 -357.596997 0.023052 0.956480 0.290885 0.988994 -0.064353 0.133229 0.146150 0.284613 -0.947436
1.380656 -23.228086 -17.256857 -333.089471 0.054460 0.974399 0.218129 0.998443 -0.050503 -0.023678 -0.012056 0.219079 -0.975633
1.220800 -24.340842 34.973370 -468.341573 0.022568 0.962163 0.271539 0.986924 0.021918 -0.159686 -0.159596 0.271592 -0.949087
1.727070 -0.838180 84.578226 3.576083 0.357095 0.929058 -0.096613 0.020138 0.095751 0.995202 -0.933851 0.357327 -0.015482
1.035287 -0.751904 58.783461 -1.749476 0.355539 0.934142 -0.031150 0.017448 0.026689 0.999492 -0.934498 0.355902 0.006810
-0.113915 -0.765788 28.159223 -0.943999 0.342364 0.937749 0.058419 -0.013086 -0.057411 0.998265 -0.939476 0.342535 0.007384
0.995102 -71.430063 -19.047651 1260.344675 -0.231765 0.950655 0.206254 -0.419753 0.093539 -0.902806 0.877549 0.295814 -0.377361
0.707515 -64.480792 -37.643220 -449.060502 -0.251061 0.944795 0.210548 -0.064143 0.200798 -0.977530 0.965844 0.258925 -0.010190
-1.360803 -15.461937 48.372708 160.644402 -0.119173 0.992873 0.000173 -0.991061 -0.118945 -0.060413 0.059962 0.007371 -0.998173
-1.120294 -17.416638 46.964551 66.988621 -0.196877 0.980428 -0.000862 -0.941851 -0.189374 -0.277588 0.272318 0.053839 -0.960700
-1.749735 -15.233112 64.321126 194.137468 -0.172445 0.984961 -0.010678 -0.968697 -0.171543 -0.179441 0.178574 0.020600 -0.983711
0.986245 -6.767748 -43.698474 -12.907875 -0.106180 0.985050 -0.135654 -0.938313 -0.054110 0.341526 -0.329080 -0.163549 -0.930031
0.458864 -6.710142 -11.011591 -16.375893 -0.126022 0.983226 -0.131850 -0.948307 -0.080376 0.307008 -0.291261 -0.163724 -0.942529
-1.892596 -5.662124 10.654049 -42.830037 -0.244527 0.936703 0.250588 -0.665075 -0.350084 0.659634 -0.705608 0.005362 -0.708582
-1.191528 -4.765745 29.433566 -42.998531 -0.135616 0.974032 0.181301 -0.760756 -0.219604 0.610757 -0.634711 0.055098 -0.770783
5.154236 0.526415 -71.349394 -3.690002 -0.077552 0.008276 0.996954 -0.086131 0.996171 -0.014970 -0.993261 -0.087030 -0.076542
5.366631 0.656920 197.578610 3.911668 0.139851 0.016758 0.990031 -0.064011 0.997918 -0.007849 -0.988101 -0.062275 0.140633
4.343106 0.662257 -48.011383 2.885109 -0.088854 0.013114 0.995958 -0.061861 0.997910 -0.018658 -0.994122 -0.063269 -0.087857
4.757933 0.446120 247.106031 -14.338036 0.176770 0.037425 0.983540 -0.099079 0.994878 -0.020049 -0.979253 -0.093904 0.179572
3.602583 0.369206 -279.492647 -1.594681 -0.272151 -0.030740 0.961764 -0.081057 0.996670 0.008919 -0.958835 -0.075531 -0.273736
5.249678 0.313509 -51.127083 -14.605700 -0.052969 -0.029360 0.998164 -0.103067 0.994390 0.023779 -0.993263 -0.101618 -0.055697
4.370591 0.158423 -314.669622 -11.297482 -0.267210 -0.055060 0.962064 -0.104525 0.994132 0.027864 -0.957953 -0.093114 -0.271397
-5.903130 -60.772593 0.913418 2359.552743 0.997744 -0.066829 -0.006352 0.047220 0.631422 0.774000 0.047715 0.772554 -0.633153
-4.948787 -132.859955 -63.521866 5615.257035 0.989051 -0.078644 -0.124876 0.130756 0.859319 0.494443 -0.068424 0.505357 -0.860193
-2.743739 -43.175457 -86.800176 1476.533315 0.964129 -0.189018 -0.186355 0.261722 0.559937 0.786112 0.044242 0.806687 -0.589321
-5.629741 -8.379380 48.704660 -1.328363 0.900956 -0.162718 0.402244 -0.397985 -0.679227 0.616651 -0.172875 0.715663 0.676713
-6.569455 -8.550250 67.878245 -2.511460 0.880098 -0.089729 0.466237 -0.420115 -0.604671 0.676666 -0.221203 0.791405 0.569866
-6.612091 -8.548967 68.907177 -14.451127 0.919712 -0.019523 0.392107 -0.351802 -0.484290 0.801061 -0.174255 0.874690 0.452275
-5.950759 -8.680825 68.922160 8.214486 0.938909 -0.084320 0.333676 -0.336963 -0.422517 0.841389 -0.070038 0.902424 0.425118
-4.946603 -9.211792 -33.671086 -20.848636 0.002038 0.999478 0.032238 -0.102918 -0.031857 0.994180 -0.994688 0.005344 -0.102799
-4.830760 -9.403284 -37.096429 12.050988 -0.030098 0.999534 0.005127 -0.231590 -0.011963 0.972740 -0.972348 -0.028090 -0.231842
-1.286301 -2.368719 -33.189435 26.492847 -0.066275 -0.320694 0.944861 0.286534 0.900942 0.325886 -0.955775 0.292333 0.032179
-0.833883 -2.657575 -30.445132 27.496319 -0.026686 -0.150400 0.988265 0.254604 0.954991 0.152212 -0.966677 0.255678 0.012808
-1.916629 -2.423768 36.118793 -11.652447 0.224973 0.797106 -0.560366 0.226365 0.516616 0.825752 -0.947706 0.312619 0.064213
2.919737 -4.904530 99.529052 37.931348 -0.165648 0.938060 0.304308 0.147775 0.328697 -0.932803 0.975050 0.109548 0.193070
3.828869 -13.166299 -1.038923 109.259171 0.024493 0.988431 -0.149678 0.579495 0.107964 0.807793 -0.814608 0.106522 0.570146
3.884159 -13.409943 18.398442 156.105484 0.128349 0.974170 -0.185794 0.620367 0.067298 0.781419 -0.773739 0.215555 0.595705
3.554123 -13.270351 21.598031 90.060461 0.100766 0.982185 -0.158617 0.736513 0.033542 0.675591 -0.668876 0.184900 0.720012
4.058064 -13.725179 22.626290 52.035302 0.094871 0.977526 -0.188262 0.444423 0.127633 0.886678 -0.890779 0.167788 0.422326
3.471420 -12.681552 -14.945595 70.395282 0.001377 0.993938 -0.109930 0.735297 0.073498 0.673748 -0.677744 0.081759 0.730739
3.557273 -12.483122 -23.704956 136.735559 -0.056482 0.993483 -0.099006 0.634760 0.112275 0.764509 -0.770642 0.019664 0.636964
3.768346 -12.978478 -42.704807 55.420312 -0.064725 0.991549 -0.112434 0.459196 0.129627 0.878826 -0.885974 -0.005253 0.463706
-1.447794 -12.345453 -27.570873 76.793226 -0.330267 -0.916822 0.224414 0.940597 -0.299843 0.159283 -0.078746 0.263689 0.961388
-1.321399 -11.233040 -24.450050 71.581874 -0.310184 -0.923265 0.226645 0.944699 -0.326038 -0.035250 0.106440 0.203177 0.973339
-0.582247 -11.815644 -39.879240 87.353000 -0.324056 -0.908450 0.264022 0.942926 -0.332775 0.012313 0.076674 0.252943 0.964438
-1.233926 -11.081376 18.544552 29.811797 0.310185 0.923952 -0.223824 0.910170 -0.356613 -0.210754 0.274545 0.138346 0.951570
-0.803956 -10.990601 46.467686 40.821072 0.303978 0.915120 -0.264866 0.927491 -0.347781 -0.137144 0.217618 0.203972 0.954483
3.037158 -6.496112 118.456626 -8.609166 -0.112812 0.904383 -0.411539 -0.476162 -0.412733 -0.776480 0.872091 -0.108363 -0.477194
1.847439 -6.307717 80.748484 1.889537 -0.129994 0.883351 -0.450325 -0.378167 -0.464018 -0.801047 0.916565 -0.066167 -0.394374
6.258847 -6.799806 252.403081 -29.676294 -0.122586 0.883580 -0.451951 -0.559701 -0.437609 -0.703729 0.819578 -0.166690 -0.548185
0.691308 -6.185110 40.467103 12.212074 -0.103162 0.926956 -0.360708 -0.424830 -0.368964 -0.826671 0.899376 -0.067958 -0.431862
2.203604 -6.303722 110.229876 -8.237710 -0.091017 0.930002 -0.356107 -0.532044 -0.347690 -0.772036 0.841810 -0.119196 -0.526448
-1.809661 -4.032838 62.660436 -21.146651 -0.223633 0.849723 -0.477451 0.205092 -0.437866 -0.875335 0.952851 0.293675 0.076350
-3.173616 -4.590479 77.148072 -16.743824 -0.154911 0.774531 -0.613273 0.179405 -0.588390 -0.788423 0.971502 0.232159 0.047807
-1.551143 -3.907040 73.765851 8.655073 -0.196995 0.729223 -0.655307 0.149285 -0.638299 -0.755174 0.968972 0.246593 -0.016880
-0.042292 -3.147224 69.825413 -16.729088 -0.197431 0.640762 -0.741919 -0.137666 0.731194 0.668134 0.970602 0.234047 -0.056150
-0.642293 -3.667138 49.554647 -11.856345 -0.217530 0.790241 -0.572887 0.191051 -0.541115 -0.818959 0.957173 0.287599 0.033268
0.856841 -15.060072 32.638374 7.455556 -0.046705 0.993179 -0.106840 -0.822480 0.022462 0.568351 -0.566873 -0.114418 -0.815820
1.420180 -14.542044 12.757480 16.219118 -0.092319 0.991765 -0.088764 -0.712516 -0.003527 0.701647 -0.695556 -0.128021 -0.706975
1.171935 -14.355903 13.343653 -36.278672 -0.080132 0.991099 -0.106307 -0.837627 -0.009141 0.546166 -0.540333 -0.132811 -0.830904
0.621869 -13.685982 18.553981 -68.927525 -0.021170 0.992087 -0.123752 -0.936752 0.023570 0.349199 -0.349353 -0.123317 -0.928841
-1.843121 -24.184589 71.543966 230.422920 -0.004432 0.986083 -0.166193 -0.984742 0.024609 0.172275 -0.173967 -0.164421 -0.970928
-2.322067 -25.759349 -7.308863 -255.158170 -0.026308 0.969092 -0.245291 0.999537 0.029253 0.008371 0.015287 -0.244958 -0.969413
0.915541 -6.730359 96.805468 49.427373 -0.013021 0.943021 -0.332478 0.752655 -0.209659 -0.624142 0.658286 0.258368 0.707040
-0.122481 -7.134837 34.646247 65.332671 -0.026236 0.954328 -0.297607 0.726216 -0.186391 -0.661716 0.686966 0.233488 0.688158
1.670533 -5.636863 85.082441 72.873857 0.064613 0.918736 -0.389550 0.646926 -0.335789 -0.684640 0.759810 0.207773 0.616051
2.730838 -5.836529 125.666762 49.278264 0.034014 0.934607 -0.354053 0.733722 -0.263889 -0.626110 0.678598 0.238480 0.694718
-1.245634 -8.551437 8.182018 133.828441 -0.433202 0.787605 0.438194 0.309424 0.586595 -0.748440 0.846518 0.188638 0.497818
-0.879047 -9.910288 12.464635 135.060726 -0.448679 0.778340 0.439173 0.398134 0.614040 -0.681502 0.800110 0.130926 0.585390
-1.394314 -10.187874 25.780622 89.401744 -0.421981 0.795180 0.435455 0.465396 0.602195 -0.648666 0.778035 0.071066 0.624188
-2.020975 -9.126717 40.410388 105.586431 -0.412455 0.793135 0.448127 0.364030 0.594434 -0.717029 0.835083 0.132611 0.533902
-1.705758 -7.324555 25.112191 115.245135 -0.415273 0.800997 0.431221 0.237571 0.553068 -0.798546 0.878128 0.229169 0.419969
-1.233650 -6.335454 0.651208 108.988386 -0.434705 0.799876 0.413801 0.205642 0.535510 -0.819109 0.876780 0.270976 0.397277
-3.853967 -6.381967 -7.173864 -75.724953 0.148897 0.987770 0.046252 -0.034700 -0.041526 0.998535 -0.988244 0.150284 -0.028092
-3.638711 -6.907207 17.108166 -9.938801 0.203026 0.977486 0.057454 0.079587 -0.074955 0.994006 -0.975934 0.197237 0.093013
-3.556587 -6.214673 26.414739 -67.173961 0.238361 0.967537 0.084001 -0.056508 -0.072530 0.995764 -0.969531 0.242098 -0.037385
-3.644434 -5.334051 1.851672 -115.535587 0.177953 0.976091 0.124814 -0.165279 -0.095389 0.981623 -0.970060 0.195312 -0.144353
-3.301273 -4.886505 24.368212 -117.179066 0.260164 0.963130 0.068516 -0.174223 -0.022970 0.984438 -0.949716 0.268053 -0.161823
-3.226297 -5.959689 35.916800 -60.509189 0.300776 0.949541 0.088918 -0.063370 -0.073131 0.995307 -0.951587 0.304999 -0.038177
-3.231873 -5.383787 -24.417104 5.013588 0.080329 -0.703054 0.706585 -0.011151 0.708198 0.705926 -0.996706 -0.064585 0.049049
-3.575909 -5.903256 -13.671496 -18.130887 -0.110723 0.896140 -0.429736 0.124170 0.441480 0.888638 -0.986064 -0.045032 0.160155
-3.408526 -5.034986 9.768275 -23.616269 -0.043084 0.832372 -0.552540 0.084531 0.554108 0.828142 -0.995489 0.011027 0.094235
-3.122158 -6.037268 -19.325759 16.100263 0.131587 -0.678700 0.722531 -0.069745 0.720724 0.689704 -0.988848 -0.141149 0.047502
-2.522477 -4.925785 -69.788045 23.493882 0.006386 -0.483615 0.875257 -0.028414 0.874834 0.483589 -0.999576 -0.027957 -0.008154
-2.026903 -5.530328 -65.637383 35.821956 0.030770 -0.442958 0.896014 -0.133257 0.886618 0.442889 -0.990604 -0.133027 -0.031746
-47.719612 -51.614995 575.632851 -1583.893759 -0.358055 0.915447 0.183722 -0.873342 -0.397959 0.280894 -0.330257 0.059877 -0.941990
-16.774689 -25.226600 867.110183 -819.677045 0.419282 0.904587 0.076980 -0.891494 0.394216 0.223232 -0.171586 0.162224 -0.971721
-18.663031 -55.272851 -421.390275 2485.480328 -0.953172 0.259513 0.155294 0.254804 0.965707 -0.049849 -0.162905 -0.007945 -0.986610
-23.769207 -54.316591 -390.176538 1992.465490 -0.866288 0.472165 0.163111 0.363005 0.819318 -0.443784 -0.343179 -0.325235 -0.881164
-1.350328 -8.819405 -8.398576 25.083466 -0.130695 0.983417 -0.125737 0.320385 -0.078126 -0.944060 0.938228 0.163668 0.304862
-1.296145 -8.105379 11.635332 28.213708 -0.142315 0.968787 -0.202974 0.220305 -0.168916 -0.960694 0.964993 0.181438 0.189389
-9.849811 -12.004251 112.991358 91.907919 -0.087081 0.941504 0.325556 -0.217606 0.300928 -0.928488 0.972144 0.151696 -0.178672
-7.141107 -11.321230 3.728649 61.581907 -0.248069 0.964554 -0.089987 -0.167399 -0.134174 -0.976716 0.954170 0.227229 -0.194749
-6.399022 -9.494256 -9.417642 13.672687 0.435091 0.887817 0.149922 -0.605586 0.165330 0.778416 -0.666304 0.429472 -0.609584
-6.479480 -9.238292 -16.828402 13.531383 0.419206 0.896866 0.141057 -0.485209 0.090000 0.869754 -0.767358 0.433048 -0.472896
-0.113600 -13.369835 -428.551561 -235.988130 -0.052096 0.776404 -0.628078 0.989919 0.123096 0.070057 0.131706 -0.618097 -0.774990
-1.478167 -38.634476 -520.587017 -2564.409231 -0.250036 0.787295 -0.563604 0.898163 -0.028820 -0.438718 -0.361643 -0.615903 -0.699913
-76.202940 -355.082128 2601.721353 10691.736450 0.940990 0.076967 0.329565 -0.307152 -0.214678 0.927130 -0.142109 0.973647 0.178370
-16.043305 -155.029908 421.849378 -2621.540468 -0.433791 0.871767 -0.227701 0.883523 0.461116 0.082219 -0.176673 0.165513 0.970254
67.121428 -38.793749 4055.410174 584.975882 0.370139 0.879282 0.299768 0.668910 -0.476181 0.570799 -0.644637 0.010758 0.764413
