15941
31862
-6.571323 -8.767075 -29.824239 207.983750 0.041971 0.974861 0.218826 -0.615647 0.197732 -0.762811 0.786904 0.102704 -0.608469
-6.734001 -9.094327 100.252159 105.442407 -0.285607 0.945990 -0.153398 -0.464875 -0.276728 -0.841019 0.838045 0.168890 -0.518803
-7.816573 -12.193747 -30.824603 325.323202 0.149789 0.846562 0.510780 -0.453730 0.517855 -0.725228 0.878460 0.123125 -0.461679
-5.198528 -7.601733 20.221673 88.243086 -0.488735 0.757621 -0.432606 -0.399366 -0.635141 -0.661138 0.775658 0.150353 -0.612983
-5.273202 -13.280158 -151.137494 419.912201 0.255626 0.878348 0.403930 -0.519032 0.477178 -0.709159 0.815635 0.028374 -0.577870
-3.859954 -9.985052 -153.711004 321.940128 0.235453 0.933290 0.271169 -0.634601 0.358958 -0.684420 0.736100 0.010936 -0.676784
-4.944405 -6.326121 28.469524 96.956403 -0.333705 0.899573 -0.281796 -0.598770 -0.433154 -0.673686 0.728091 0.056081 -0.683183
0.250601 -0.431715 -184.660135 375.560719 -0.180588 0.921133 -0.344822 0.978975 0.134529 -0.153332 -0.094851 -0.365262 -0.926060
1.349795 -5.271340 -240.343639 143.057448 -0.215668 0.906400 -0.363215 0.959525 0.127732 -0.250989 -0.181102 -0.402645 -0.897262
-1.417081 -5.200440 -219.854647 132.753409 -0.200327 0.908834 -0.365910 0.966897 0.123149 -0.223481 -0.158046 -0.398567 -0.903419
0.665787 -2.936053 412.761904 -166.831908 0.974140 -0.223970 0.029801 0.219984 0.910061 -0.351279 -0.051555 -0.348751 -0.935796
-3.489961 -5.306753 -132.198320 101.068345 -0.350438 0.899159 -0.262119 0.924109 0.286422 -0.252952 -0.152367 -0.330871 -0.931294
-4.551979 -7.441514 -55.613508 36.126792 -0.054586 0.955289 -0.290592 0.961282 -0.028448 -0.274094 -0.270105 -0.294302 -0.916749
-4.261292 -8.409509 -58.101407 -57.051172 -0.055159 0.951091 -0.303946 -0.919950 0.069924 0.385750 -0.388136 -0.300893 -0.871099
-5.338545 -7.955663 13.416869 -10.005490 0.090037 0.961328 -0.260271 -0.932555 0.173116 0.316814 -0.349620 -0.214192 -0.912079
-4.992843 -5.927324 -34.326833 70.906173 -0.243511 0.950201 -0.194475 0.949850 0.193077 -0.245981 -0.196183 -0.244621 -0.949565
-5.256111 -7.585056 14.102535 -5.229496 0.099351 0.975550 -0.196037 -0.960859 0.145260 0.235903 -0.258611 -0.164927 -0.951798
-5.134284 -8.066050 11.914928 -5.966408 0.106962 0.977065 -0.184128 -0.921878 0.166827 0.349728 -0.372425 -0.132336 -0.918579
-0.007099 -24.787540 12.701322 -322.442315 0.079410 0.993491 0.081668 0.004920 0.081535 -0.996658 0.996830 -0.079546 -0.001587
0.032975 -20.309659 9.706635 -424.858956 0.073121 0.994497 0.075031 0.271420 0.052550 -0.961025 0.959679 -0.090637 0.266084
-0.470378 -20.671675 37.340391 -364.144913 0.069680 0.994621 0.076643 0.290586 0.053261 -0.955365 0.954308 -0.088842 0.285312
0.290205 -24.944511 -3.072923 -422.990300 0.081686 0.993793 0.075523 0.041490 0.072320 -0.996518 0.995794 -0.084535 0.035325
0.867808 -0.552789 307.534482 -24.032708 0.567500 0.277259 0.775288 -0.230491 0.957448 -0.173687 -0.790454 -0.080129 0.607257
-0.479283 -3.011852 -17.042526 227.795905 -0.038501 0.996351 0.076174 0.564801 -0.041188 0.824199 -0.824329 -0.074756 0.561154
-0.062054 -0.890258 -2.004915 245.730573 0.109488 0.952603 0.283832 0.587981 -0.292301 0.754213 -0.801430 -0.084311 0.592116
-0.704609 -2.494806 -22.118040 217.120337 0.000652 0.992470 0.122487 0.567951 -0.101182 0.816820 -0.823062 -0.069034 0.563740
3.394805 -0.232832 375.751683 -7.700069 0.617775 0.088318 0.781379 -0.124724 0.992099 -0.013526 -0.776400 -0.089101 0.623910
4.512392 -0.510691 219.211279 -12.349165 0.576940 0.065313 0.814171 -0.120167 0.992738 0.005515 -0.807899 -0.101018 0.580598
4.178640 -0.609427 205.034667 -17.474212 0.552361 0.101962 0.827346 -0.126682 0.991231 -0.037582 -0.823923 -0.084051 0.560435
0.689424 -0.854204 285.702109 -21.844256 0.557335 0.275299 0.783319 -0.217220 0.958918 -0.182460 -0.801370 -0.068461 0.594239
-0.753648 -6.292323 93.745064 68.269163 -0.052660 0.997731 0.041953 -0.527399 0.007888 -0.849581 0.847984 0.066865 -0.525787
-0.419069 -5.067865 88.744143 118.700291 -0.106011 0.993835 -0.032463 -0.607607 -0.090587 -0.789055 0.787131 0.063923 -0.613464
0.820575 -6.050849 68.156568 84.326963 -0.072175 0.997384 0.004016 -0.554589 -0.036785 -0.831311 0.828988 0.062227 -0.555793
1.384640 -6.451329 52.052627 19.981862 -0.024039 0.998505 0.049087 -0.463500 0.032373 -0.885505 0.885771 0.044038 -0.462029
0.368422 -6.923423 84.028493 18.667310 -0.040683 0.997003 0.065805 -0.454141 0.040213 -0.890022 0.890000 0.066093 -0.451144
1.835627 -5.863394 23.917529 76.809382 -0.006170 0.999978 -0.002497 -0.536645 -0.005418 -0.843791 0.843786 0.003866 -0.536666
3.145230 -5.294643 -230.081922 -36.920928 0.137039 0.989005 -0.055582 -0.984325 0.129673 -0.119538 0.111017 -0.071092 -0.991273
2.329635 -6.075133 -219.353839 34.444857 0.102507 0.992183 -0.071171 0.994549 -0.103598 -0.011807 -0.019088 -0.069573 -0.997394
0.818665 -5.588195 -175.342254 28.594154 0.112644 0.990510 -0.078742 0.991875 -0.107376 0.068230 0.059128 -0.085788 -0.994557
4.586038 -5.963349 -201.149340 -39.517910 0.128762 0.991644 -0.007936 -0.991508 0.128590 -0.019390 0.018208 -0.010365 -0.999780
0.930771 -4.933255 -209.366932 -41.086983 0.121978 0.989742 -0.074384 -0.980677 0.108633 -0.162703 0.152953 -0.092793 -0.983867
2.208998 -4.585344 -200.417801 -31.935487 0.144650 0.987121 -0.068331 -0.971642 0.128648 -0.198397 0.187051 -0.095091 -0.977737
3.269876 -4.622405 -214.556487 -15.901553 0.190659 0.981170 -0.030889 -0.963427 0.180989 -0.197615 0.188303 -0.067436 -0.979793
4.519206 -4.968306 -148.226277 -25.803535 0.184573 0.982369 0.029742 -0.967146 0.186929 -0.172297 0.174819 -0.003036 -0.984596
4.582754 -5.761499 -38.031339 -33.798560 0.145451 0.985984 0.081734 -0.984636 0.152328 -0.085366 0.096620 0.068062 -0.992992
2.805897 -10.187268 -51.130575 179.828777 0.167777 0.978590 0.119221 0.584127 -0.196101 0.787617 -0.794133 0.062504 0.604522
2.370028 -9.711797 -80.003151 -100.004842 0.168503 0.970285 0.173651 0.617528 -0.241226 0.748645 -0.768288 0.018914 0.639825
1.821590 -9.136936 -29.227489 46.271737 0.115367 0.985877 0.121395 0.579387 -0.166055 0.797958 -0.806847 0.021723 0.590361
1.091775 -8.608724 -9.959133 -43.770016 0.051101 0.994576 0.090589 0.585909 -0.103314 0.803765 -0.808764 -0.012004 0.588010
1.532769 -9.383483 -3.748009 166.319538 0.067207 0.993937 0.087025 0.527875 -0.109436 0.842242 -0.846659 0.010666 0.532029
2.033264 -10.889805 -9.122469 267.753023 0.108259 0.990775 0.081521 0.509435 -0.125708 0.851278 -0.853672 0.050629 0.518344
1.478255 -18.093408 158.494879 164.338274 0.241201 0.966059 0.092477 -0.853641 0.256527 -0.453311 0.461648 -0.030397 -0.886542
0.960246 -14.655832 106.640420 170.908939 0.271417 0.957917 0.093428 -0.935608 0.285368 -0.207852 0.225766 0.030997 -0.973688
2.371442 -17.610800 51.265629 204.982001 0.316706 0.947765 0.037925 -0.866206 0.305281 -0.395590 0.386504 -0.092435 -0.917644
2.970010 -21.640302 41.444973 334.873384 0.328796 0.944398 0.002427 -0.761614 0.266676 -0.590617 0.558424 -0.192344 -0.806949
3.041995 -18.534165 -14.262857 232.353095 0.391020 0.920348 -0.007919 -0.802465 0.336697 -0.492630 0.450725 -0.198983 -0.870203
2.720320 -14.246134 -12.231550 107.533176 0.378648 0.925386 0.016941 -0.872312 0.362930 -0.327647 0.309349 -0.109285 -0.944648
0.399958 -6.232176 2.917544 -18.051638 0.072826 0.989009 0.128673 0.386602 0.090934 -0.917753 0.919367 -0.116582 0.375731
0.343817 -5.926698 -1.872252 24.692925 0.067335 0.981431 0.179609 0.489351 0.124392 -0.863170 0.869483 -0.146014 0.471889
0.420470 -6.014278 20.755642 17.147807 0.046503 0.987211 0.152487 0.454270 0.115054 -0.883403 0.889649 -0.110351 0.443110
0.460938 -5.624134 -6.491767 9.958341 0.074403 0.979959 0.184781 0.420864 0.137128 -0.896699 0.904067 -0.144485 0.402227
0.331853 -6.592846 -3.618147 -31.605866 0.084998 0.992264 0.090483 0.384728 0.051085 -0.921615 0.919108 -0.113147 0.377410
0.308455 -6.141818 9.762156 -39.816147 0.076603 0.989492 0.122630 0.335781 0.090205 -0.937611 0.938820 -0.113001 0.325343
-0.108506 -7.327129 13.943207 -92.889922 0.081672 0.994507 0.065458 0.290509 0.039071 -0.956074 0.953380 -0.097101 0.285722
0.104879 -7.121030 -5.649801 -88.817883 0.092757 0.993540 0.065379 0.323653 0.032010 -0.945634 0.941618 -0.108874 0.318593
2.047237 -3.559482 164.413347 -48.858764 -0.306857 0.929092 -0.206464 -0.404149 -0.323600 -0.855539 0.861686 0.179085 -0.474790
0.931651 -3.198758 106.885730 -62.996605 -0.293243 0.934636 -0.201156 -0.382306 -0.307489 -0.871374 0.876271 0.178621 -0.447486
0.679407 -4.176287 100.723588 -42.956821 -0.283595 0.941809 -0.180472 -0.448947 -0.296697 -0.842862 0.847361 0.158009 -0.506964
1.628943 -5.055254 111.775351 -28.773475 -0.274045 0.945392 -0.176447 -0.516696 -0.299477 -0.802084 0.811126 0.128638 -0.570550
2.738468 -4.540912 133.296606 -50.283890 -0.272557 0.941904 -0.196291 -0.444624 -0.304229 -0.842469 0.853242 0.142345 -0.501713
-3.420310 -24.369077 -13.604490 670.259474 -0.133689 0.990809 -0.020600 0.964472 0.125299 -0.232581 0.227862 0.050962 0.972359
-3.718774 -16.242826 12.661230 507.351413 -0.090351 0.995378 -0.032548 0.889369 0.065935 -0.452410 0.448173 0.069822 0.891216
-3.845612 -14.990362 -2.614966 468.544256 -0.114535 0.990350 -0.078034 0.870331 0.062161 -0.488529 0.478964 0.123869 0.869051
-0.184024 -8.138629 72.631649 -95.716461 0.043554 0.997845 0.049075 0.547429 0.017254 -0.836674 0.835718 -0.063306 0.545498
-0.891044 -7.251863 41.321694 -153.319017 0.083890 0.994816 0.057479 0.633949 -0.008777 -0.773325 0.768812 -0.101312 0.631398
-0.452241 -9.199889 101.770318 -135.193054 0.041652 0.997468 0.057638 0.511077 0.028299 -0.859069 0.858525 -0.065239 0.508605
-1.177947 -7.533651 -0.491851 20.365452 0.038289 0.994006 0.102400 0.958107 -0.007410 -0.286313 0.283838 -0.109073 0.952648
-1.055914 -7.494222 -4.119166 -6.223119 0.108528 0.989508 0.095368 0.910851 -0.060552 -0.408270 0.398212 -0.131175 0.907866
-0.990834 -6.913771 13.092531 9.915655 0.062236 0.996043 0.063444 0.946502 -0.038735 -0.320364 0.316639 -0.079988 0.945168
0.313473 -38.000164 -16.636699 -774.716985 -0.166962 0.964912 0.202653 0.978979 0.186661 -0.082209 -0.117152 0.184667 -0.975794
0.849146 -34.341176 -47.710681 -98.337580 -0.117638 0.975931 0.183628 -0.953917 -0.059652 -0.294080 0.276048 0.209761 -0.937975
1.143736 -38.617233 18.272732 85.030661 -0.146552 0.955368 0.256503 -0.921003 -0.037167 -0.387779 0.360938 0.293070 -0.885344
1.027894 -34.970911 38.062210 -241.600514 -0.198201 0.946014 0.256465 0.972434 0.156997 0.172407 0.122835 0.283567 -0.951053
0.304221 -33.445786 -18.384898 539.186971 -0.208330 0.955291 0.209805 -0.873954 -0.278126 0.398560 -0.439092 0.100328 -0.892823
0.534832 -33.333400 -18.783740 579.927680 -0.209614 0.958736 0.192060 -0.860059 -0.274227 0.430231 -0.465146 0.075000 -0.882051
0.252474 -30.490566 3.113189 402.284709 -0.170376 0.963822 0.204988 -0.909113 -0.233998 0.344613 -0.380112 0.127643 -0.916091
0.621849 -32.462637 -14.401451 335.948600 -0.218167 0.951541 0.216732 -0.942925 -0.262781 0.204546 -0.251587 0.159737 -0.954562
3.090096 -3.954277 -53.133090 19.066567 -0.757050 0.343721 -0.555636 0.046149 0.876439 0.479295 0.651726 0.337208 -0.679370
2.777567 -5.279876 -136.930817 86.770521 -0.721301 0.419001 -0.551510 0.121995 0.860672 0.494328 0.681794 0.289278 -0.671920
1.517833 -4.773266 -168.045060 10.471422 -0.702982 0.296818 -0.646309 -0.039551 0.891027 0.452223 0.710107 0.343467 -0.614637
2.849559 -3.641033 -53.768775 -4.883124 -0.752694 0.243269 -0.611778 -0.078575 0.889395 0.450335 0.653665 0.387035 -0.650328
1.980357 -4.327917 -161.406896 -8.444531 -0.688728 0.162849 -0.706494 -0.196980 0.895765 0.398502 0.697748 0.413625 -0.584861
116.648688 -1072.705937 5220.816796 -71456.260529 -0.110747 0.931792 0.345687 0.597152 0.340427 -0.726305 0.794446 -0.125991 0.594123
19.380727 -142.536537 824.914674 -5927.958555 0.080015 0.965449 0.248004 0.165022 0.232538 -0.958485 0.983039 -0.117619 0.140714
-1.448937 -63.493280 1124.149829 -3437.913852 0.115191 0.956844 0.266796 0.754960 0.090222 -0.649534 0.645574 -0.276241 0.711987
5.085007 -66.885392 368.237741 -4017.174496 0.053444 0.928726 0.366896 0.915824 0.100858 -0.388707 0.398007 -0.356786 0.845159
7.333721 -495.230307 729.048986 -31118.519764 0.011065 0.985900 -0.166970 -0.799685 -0.091522 -0.593404 0.600318 -0.140090 -0.787396
11.219257 -423.329565 828.695827 -21188.033421 0.022818 0.994432 -0.102884 -0.831753 -0.038214 -0.553829 0.554677 -0.098211 -0.826249
68.346701 -1987.232008 3428.329657 64321.683753 0.023580 0.993936 -0.107405 0.422340 -0.107281 -0.900067 0.906131 0.024138 0.422308
13.926931 -160.742616 916.565461 4446.101124 0.135202 0.973308 -0.185449 0.153834 -0.205518 -0.966487 0.978803 -0.102143 0.177514
-9.658906 -391.083232 1160.805974 -11687.221044 -0.027998 0.997253 -0.068578 0.646037 -0.034299 -0.762535 0.762793 0.065654 0.643301
11.502688 -454.190616 4.552818 20216.950369 0.043728 -0.999029 0.005415 0.999034 0.043751 0.004183 -0.004415 0.005227 0.999977
-0.031440 -415.596882 489.004462 4492.465450 -0.096511 0.994714 -0.035076 0.955801 0.102453 0.275586 -0.277723 0.006929 0.960636
-3.089806 -5.092615 78.833476 -41.547011 -0.410208 0.907693 -0.088450 -0.544156 -0.321434 -0.774968 0.731863 0.269767 -0.625781
-1.980868 -4.539457 39.958783 -40.984659 -0.421569 0.905169 -0.054304 -0.545120 -0.300828 -0.782526 0.724654 0.300286 -0.620246
-2.159223 -4.180821 51.863762 -9.864864 -0.325771 0.941844 0.082485 -0.568341 -0.125364 -0.813187 0.755554 0.311792 -0.576128
3.488149 -6.892823 45.958562 17.274429 0.177290 0.983990 -0.018222 -0.368770 0.083586 0.925755 -0.912457 0.157408 -0.377685
3.259623 -7.150075 -90.443243 39.640105 0.083377 0.994316 -0.066209 -0.320753 0.089682 0.942908 -0.943486 0.057380 -0.326407
2.769792 -7.291619 -102.496195 6.391600 0.057917 0.997046 -0.050439 -0.440283 0.070855 0.895059 -0.895989 0.029632 -0.443086
3.077041 -7.408782 -107.136649 -9.849009 0.049644 0.998429 -0.025965 -0.567044 0.049577 0.822194 -0.822190 0.026094 -0.568615
3.556791 -6.976118 28.361300 -11.667860 0.151115 0.988438 0.012411 -0.512020 0.067527 0.856315 -0.845576 0.135757 -0.516305
-2.017369 -16.162203 -19.914370 -99.483984 -0.026865 -0.993623 0.109510 0.999417 -0.024390 0.023879 -0.021056 0.110088 0.993699
-2.089406 -16.914110 3.040467 -81.640129 0.039105 0.994553 -0.096619 0.968463 -0.061534 -0.241438 0.246069 0.084130 0.965594
-1.826093 -15.988649 -19.561246 -113.385238 -0.037368 -0.991254 0.126565 0.997020 -0.045536 -0.062271 0.067489 0.123861 0.990002
-3.339961 -5.924777 17.509573 13.724461 0.120106 0.810076 0.573891 0.348586 -0.575680 0.739649 -0.929549 -0.111214 0.351524
-3.277113 -6.473680 -17.978194 -1.924587 0.016456 0.883321 0.468479 0.272561 -0.454761 0.847881 -0.961998 -0.113736 0.248242
-3.115460 -6.388204 -27.060015 6.207383 0.039880 0.808385 0.587301 0.354691 -0.560944 0.748022 -0.934133 -0.178479 0.309097
-2.806489 -5.763622 44.318047 13.091032 0.230683 0.641436 0.731673 -0.398094 0.748357 -0.530550 -0.887866 -0.168886 0.427985
-2.851852 -6.440362 25.632431 -0.690304 0.151986 0.690514 0.707171 0.459572 -0.682806 0.567952 -0.875039 -0.238675 0.421117
-3.189478 -6.997114 -45.004457 5.312892 0.011099 0.786423 0.617589 0.419123 -0.564413 0.711178 -0.907862 -0.250953 0.335872
3.202511 -25.860485 6.742178 -31.369033 -0.063495 0.987335 -0.145392 -0.372851 0.111667 0.921147 -0.925716 -0.112698 -0.361039
2.813211 -24.506601 -4.145975 -333.412140 0.006791 0.989443 -0.144762 -0.333795 0.138705 0.932385 -0.942621 -0.041989 -0.331213
4.011870 -55.572825 44.036257 -2236.030428 -0.036453 0.977772 -0.206478 -0.306004 0.185770 0.933730 -0.951332 -0.097220 -0.292431
4.132136 -467.671894 -146.834875 -29811.547578 0.841208 -0.094200 -0.532443 -0.372229 0.613349 -0.696598 -0.392193 -0.784175 -0.480890
-0.618324 -227.604846 38.323989 -16734.798325 0.909586 -0.030690 -0.414381 -0.219328 0.811559 -0.541542 -0.352915 -0.583464 -0.731452
-4.717582 -77.830181 13.936103 -3727.829792 0.892945 0.017388 -0.449829 -0.422831 0.375292 -0.824845 -0.154474 -0.926744 -0.342467
-5.053476 -129.408932 -101.105473 -6256.632118 0.878518 -0.073926 -0.471954 -0.461099 0.127028 -0.878209 -0.124874 -0.989140 -0.077509
-5.759644 -91.343170 -86.006782 -4090.537181 0.853052 -0.102656 -0.511629 -0.478876 0.235521 -0.845699 -0.207316 -0.966432 -0.151752
0.169315 -12.903746 -73.007213 508.401766 0.960989 -0.115034 -0.251530 -0.269728 -0.188511 -0.944304 -0.061212 -0.975311 0.212185
-0.194458 -34.765182 -82.962909 1583.752283 0.945948 -0.138798 -0.293116 -0.323360 -0.334241 -0.885280 -0.024904 -0.932211 0.361057
1.159153 -32.537007 -20.268128 1464.704291 0.935366 -0.133588 -0.327482 -0.353674 -0.347564 -0.868397 -0.002186 -0.928091 0.372346
1.591862 -16.569261 -101.965236 733.349305 0.939615 -0.157212 -0.303988 -0.338300 -0.292377 -0.894466 -0.051742 -0.943292 0.327906
1.248433 -29.484725 -30.732678 1569.485527 0.931278 -0.149219 -0.332348 -0.364106 -0.411738 -0.835403 0.012182 -0.899003 0.437773
-2.209263 -4.961761 263.919394 -56.891390 -0.643833 -0.650239 -0.403321 0.733512 -0.674536 -0.083432 -0.217804 -0.349557 0.911247
0.628639 -5.976379 351.266628 -50.073036 -0.635510 -0.614024 -0.468083 0.734744 -0.667231 -0.122289 -0.237232 -0.421637 0.875182
-2.030580 -5.758862 249.584429 10.478643 -0.674489 -0.620410 -0.400195 0.722689 -0.665653 -0.186080 -0.150945 -0.414726 0.897340
-4.061351 -5.236044 -20.836039 -36.722067 -0.278674 -0.907054 -0.315585 0.950479 -0.307561 0.044681 -0.137589 -0.287505 0.947845
-7.130174 -7.939074 45.986786 -31.342419 0.601686 -0.439080 0.667220 0.567474 0.822853 0.029761 -0.562092 0.360723 0.744266
-7.021696 -8.354677 56.423523 -5.518176 0.684100 -0.326753 0.652104 0.552102 0.816219 -0.170206 -0.476645 0.476466 0.738776
-8.006704 -8.298813 59.225772 -41.380577 0.705020 -0.094648 0.702843 0.376278 0.889977 -0.257595 -0.601133 0.446074 0.663066
-8.550533 -8.618715 3.238505 -46.090123 0.790596 0.567890 0.229038 -0.203222 0.596176 -0.776708 -0.577631 0.567517 0.586742
-8.551493 -8.839527 -64.174192 40.356585 0.518703 0.845353 -0.127770 0.526256 -0.197916 0.826973 -0.673796 0.496193 0.547532
-7.367070 -7.642703 -62.063324 42.188777 0.355065 0.932169 -0.070638 0.646702 -0.190359 0.738607 -0.675060 0.307935 0.670425
-7.711137 -8.734292 -57.796849 71.478409 0.517662 0.851909 0.079233 0.459432 -0.354902 0.814228 -0.721768 0.385093 0.575113
-0.354207 -2.113212 18.773204 30.315428 -0.404721 0.894078 -0.191899 -0.108694 -0.255402 -0.960706 0.907957 0.367960 -0.200547
-0.594819 -2.400391 19.237662 12.420321 -0.384973 0.920615 -0.065302 -0.164561 -0.138091 -0.976653 0.908139 0.365238 -0.204659
0.033794 -2.063198 22.074248 -1.905658 -0.417678 0.848954 -0.323763 -0.068606 -0.384784 -0.920454 0.906001 0.362241 -0.218959
0.068516 -2.034644 26.265318 27.138157 -0.419592 0.838315 -0.348094 -0.033455 -0.397507 -0.916989 0.907096 0.373116 -0.194837
-0.425025 -2.319612 23.068837 48.080931 -0.408970 0.891877 -0.193127 -0.089260 -0.249717 -0.964196 0.908172 0.377089 -0.181736
0.069808 -1.953002 -108.169735 2.448909 0.086023 -0.178630 0.980149 0.349794 0.926582 0.138168 -0.932869 0.330965 0.142192
2.861471 -1.741081 -139.844905 3.687797 0.172414 -0.001753 0.985023 0.309174 0.949559 -0.052427 -0.935246 0.313583 0.164259
1.478037 -2.012980 -144.510101 12.512595 0.143196 0.007778 0.989664 0.290032 0.955737 -0.049476 -0.946243 0.294119 0.134602
2.079409 -1.743925 -128.877241 0.199214 0.152878 -0.048407 0.987059 0.348788 0.937167 -0.008060 -0.924649 0.345506 0.160156
-0.628841 -2.241712 -112.572447 10.717137 0.100974 -0.128864 0.986508 0.318132 0.943697 0.090709 -0.942654 0.304681 0.136285
-1.881185 -2.812747 52.032597 -63.631896 0.139953 0.719390 -0.680362 0.343862 0.609047 0.714718 -0.928532 0.333977 0.162132
-0.282372 -2.028536 -83.686978 -12.462955 0.035164 -0.313152 0.949052 0.387904 0.879463 0.275818 -0.921029 0.358442 0.152399
-1.510246 -2.852486 35.850334 -67.926084 0.168050 0.735691 -0.656138 0.361232 0.573347 0.735381 -0.917208 0.360599 0.169405
-0.825675 -6.541331 -192.786083 14.012211 0.092420 0.995534 0.019228 0.788748 -0.061409 -0.611641 0.607729 -0.071694 0.790902
0.967196 -6.400151 -219.067222 19.435673 0.114850 0.993309 0.012132 0.732980 -0.076494 -0.675936 0.670485 -0.086524 0.736861
-1.400377 -6.249628 -138.580336 4.816026 0.113010 0.993455 -0.016591 0.730361 -0.094379 -0.676510 0.673648 -0.064335 0.736247
-1.764092 -7.534553 78.648414 28.790695 0.033276 0.997713 -0.058834 -0.198665 -0.051089 -0.978735 0.979502 -0.044257 -0.196510
-2.434240 -7.461390 18.561993 30.362748 0.117815 0.993033 -0.002449 -0.194448 0.020651 -0.980695 0.973812 -0.116017 -0.195527
-1.604759 -6.181812 35.167344 165.155842 0.083839 0.996224 -0.022566 -0.335920 0.006935 -0.941865 0.938152 -0.086545 -0.335233
-0.501114 -4.874031 66.982043 216.027927 0.004667 0.986419 -0.164182 -0.402664 -0.148431 -0.903233 0.915336 -0.070325 -0.396503
-0.813636 -6.696313 78.194100 100.141632 0.005704 0.993298 -0.115440 -0.284916 -0.109043 -0.952330 0.958536 -0.038323 -0.282384
-1.122107 -3.529500 68.396650 253.464863 0.032567 0.993539 -0.108715 -0.479583 -0.079899 -0.873851 0.876892 -0.080597 -0.473883
0.440017 -11.822396 -23.631754 -9.397471 0.301724 0.948433 0.097148 0.476520 -0.061764 -0.876991 0.825767 -0.310902 0.470583
0.031335 -11.254121 -34.620486 -40.928102 0.331660 0.938717 0.093872 0.536898 -0.105996 -0.836962 0.775720 -0.327987 0.539150
0.271202 -11.737254 -13.557078 -21.624368 0.292847 0.950269 0.105975 0.624586 -0.106196 -0.773702 0.723970 -0.292766 0.624624
0.620989 -11.776893 -12.788314 -29.916489 0.273479 0.955056 0.114358 0.607114 -0.079173 -0.790660 0.746071 -0.285657 0.601480
1.566535 -14.720171 31.640211 -31.181230 0.348256 0.925263 -0.150354 0.681402 -0.139723 0.718449 -0.643746 0.352656 0.679135
1.132935 -15.504271 54.912294 2.632462 0.376722 0.915477 -0.141356 0.588422 -0.118643 0.799802 -0.715430 0.384480 0.583382
0.846751 -15.409771 45.392780 -98.004617 0.368251 0.916510 -0.156208 0.720922 -0.175394 0.670454 -0.587079 0.359509 0.725321
1.099990 -31.844984 -97.623468 655.902058 0.323593 0.939334 0.113751 -0.241318 0.198175 -0.949996 0.914906 -0.279962 -0.290807
0.769822 -40.854056 -164.323692 1037.952991 0.323659 0.939947 0.108372 -0.324674 0.217914 -0.920380 0.888725 -0.262704 -0.375706
1.494360 -25.629983 -81.642666 578.459164 0.304020 0.952233 0.028690 -0.521821 0.191647 -0.831248 0.797041 -0.237745 -0.555160
1.008590 -24.878081 20.141958 604.725481 0.273417 0.960406 0.053503 -0.540749 0.199470 -0.817192 0.795508 -0.194502 -0.573877
1.356925 -17.731607 33.658429 245.800962 0.281896 0.955255 -0.089565 -0.438197 0.045139 -0.897745 0.853533 -0.292317 -0.431314
1.507145 -19.238091 18.970776 173.094676 0.283958 0.951971 -0.114540 -0.270128 -0.035193 -0.962181 0.919999 -0.304160 -0.247161
0.314473 -19.433424 70.851622 185.387026 0.241890 0.967265 -0.076731 -0.234896 -0.018353 -0.971847 0.941442 -0.253104 -0.222767
163.792615 -8.977746 6814.175269 -42.599924 0.011677 0.859221 -0.511472 -0.740817 0.350987 0.572711 -0.671605 -0.372220 -0.640624
41.931771 -1.447460 1604.789305 -28.179484 0.105335 0.934193 -0.340865 -0.640114 0.326013 0.695679 -0.761025 -0.144913 -0.632330
109.415046 0.824727 4796.235216 35.102278 -0.050368 0.743262 -0.667102 -0.668210 0.471347 0.575610 -0.742266 -0.474756 -0.472914
-2.780783 -13.247030 -73.609747 -26.537897 0.247312 0.968855 0.012542 0.768514 -0.188257 -0.611511 0.590105 -0.160873 0.791136
-1.598511 -13.447748 -116.732286 -14.276495 0.264602 0.961639 0.072357 0.734221 -0.152244 -0.661621 0.625224 -0.228193 0.746339
-2.445456 -13.233249 -83.926009 -0.885152 0.257913 0.966136 0.007871 0.636520 -0.163781 -0.753669 0.726858 -0.199391 0.657207
-3.598285 -13.005104 -39.783301 -7.339581 0.239084 0.969410 -0.055526 0.689317 -0.209724 -0.693440 0.683873 -0.127515 0.718372
-4.027605 -12.919643 -27.858940 -18.216372 0.234596 0.969572 -0.069960 0.786342 -0.231588 -0.572742 0.571516 -0.079350 0.816745
-0.877956 -6.749215 -3.394232 -92.520192 -0.033855 0.993967 0.104328 0.625147 0.102507 -0.773747 0.779773 -0.039025 0.624845
-0.897908 -7.239940 3.711249 -61.341016 -0.047856 0.992780 0.109987 0.513976 0.118892 -0.849526 0.856469 -0.015876 0.515955
-0.772961 -7.071252 24.179579 -95.961880 -0.064543 0.992838 0.100533 0.602110 0.119084 -0.789483 0.795800 -0.009576 0.605483
-1.869353 -23.995926 2.662773 -50.991471 0.116522 0.990023 -0.079233 -0.410456 -0.024643 -0.911547 0.904405 -0.138737 -0.403489
-2.016082 -22.967731 -4.962183 -153.059179 0.143808 0.984261 -0.102713 -0.336789 -0.048919 -0.940309 0.930534 -0.169816 -0.324453
-1.762339 -23.510402 4.594048 53.470801 0.127556 0.990148 -0.057761 -0.610124 0.032418 -0.791643 0.781971 -0.136220 -0.608248
-1.860289 -22.449477 14.054628 -145.774290 0.101736 0.990261 -0.095043 -0.161276 -0.077857 -0.983834 0.981652 -0.115420 -0.151784
-1.414732 -25.128547 24.383764 63.054598 0.072558 0.996423 -0.043309 -0.601471 0.009077 -0.798843 0.795593 -0.084012 -0.599979
-1.634247 -25.246460 34.062052 -239.919881 0.057864 0.996638 -0.058002 -0.330826 -0.035674 -0.943017 0.941916 -0.073755 -0.327650
1.202473 -4.214659 -20.491020 15.486784 0.228525 0.973482 -0.010493 0.580196 -0.144840 -0.801495 0.781760 -0.177073 0.597910
1.371896 -4.314998 -3.811525 9.623296 0.157262 0.987097 0.030141 0.598412 -0.070969 -0.798039 0.785603 -0.143538 0.601852
1.925223 -4.368525 11.081668 -8.192617 0.208189 0.977804 -0.023603 0.531335 -0.133323 -0.836605 0.821183 -0.161631 0.547297
-3.134796 -11.786532 -66.436285 -71.340927 0.189827 0.980937 0.041577 0.976439 -0.184191 -0.112431 0.102629 -0.061940 0.992789
-4.296968 -11.180184 -54.318095 -68.795833 0.218904 0.974897 -0.040701 0.970440 -0.221869 -0.094980 0.101625 0.018706 0.994647
-4.153108 -10.761146 -59.684844 -73.808825 0.170499 0.985358 0.000284 0.984157 -0.170305 0.049310 -0.048636 0.008128 0.998783
-3.819286 -93.063625 -147.173984 2441.847155 0.656236 -0.714904 -0.241385 0.596782 0.295985 0.745818 0.461742 0.633487 -0.620878
-1.925015 -62.121693 315.281654 -1716.724542 -0.615344 0.705568 0.351462 0.784052 0.501852 0.365250 0.081326 0.500319 -0.862013
3.094854 -72.857456 531.574300 -877.889999 -0.599235 0.695990 0.395620 0.747323 0.309085 0.588197 0.287099 0.648124 -0.705343
2.737879 -107.978506 523.165117 -4747.655263 -0.573021 0.743451 0.344859 -0.467498 0.049091 -0.882630 0.673122 0.666986 -0.319431
-10.071477 -591.651216 257.126013 19667.727765 -0.054644 0.982973 0.175437 0.296990 0.183748 -0.937035 0.953316 -0.000900 0.301974
4.197696 -384.696880 -292.149884 -30643.553592 0.096068 -0.971932 -0.214752 0.994718 0.085905 0.056186 -0.036160 -0.219015 0.975051
-19.747778 -450.994230 -790.648889 -14144.338770 0.047021 -0.982592 -0.179727 0.997318 0.036078 0.063681 -0.056088 -0.182239 0.981653
-33.946713 -650.131211 1362.229885 21586.500630 0.050447 0.989360 0.136464 0.299587 0.115355 -0.947070 0.952734 -0.088659 0.290580
-8.030871 -368.362896 390.518366 -3737.296064 -0.043616 0.995288 0.086598 -0.783362 0.019725 -0.621253 0.620034 0.094934 -0.778810
1.081209 -5.332451 1.917098 32.257591 -0.003051 0.991810 0.127687 0.756038 0.085862 -0.648872 0.654521 -0.094556 0.750107
0.998901 -5.795180 -7.221551 36.839742 -0.025230 0.987780 0.153798 0.812008 0.109987 -0.573190 0.583101 -0.110423 0.804860
1.116705 -5.695277 1.850943 27.397768 -0.016152 0.992827 0.118466 0.784064 0.086101 -0.614679 0.620470 -0.082957 0.779830
1.010037 -5.144916 28.008732 19.417248 0.004709 0.995761 0.091854 0.708822 0.061469 -0.702704 0.705372 -0.068417 0.705528
-0.353002 -4.232831 12.724060 41.881317 0.231115 0.972883 0.009157 0.938178 -0.225344 0.262758 -0.257696 0.052137 0.964818
-0.813047 -4.830317 15.150134 48.871158 0.187898 0.982182 -0.003448 0.932347 -0.177258 0.315133 -0.308906 0.062427 0.949041
-0.435713 -3.961844 7.262629 39.769420 0.084090 0.996240 -0.020866 0.969571 -0.076971 0.232396 -0.229916 0.039773 0.972397
-1.764283 -12.095628 -13.174323 -37.290408 0.276059 0.961051 -0.013156 0.797949 -0.236796 -0.554261 0.535789 -0.142511 0.832239
-1.679424 -11.913315 -31.610959 -21.769084 0.258429 0.966009 -0.006478 0.900561 -0.243336 -0.360247 0.349578 -0.087264 0.932834
-1.960073 -12.008253 83.125345 -1.443400 0.235258 0.971153 -0.038936 0.896917 -0.232359 -0.376230 0.374424 -0.053588 0.925708
-1.932186 -11.640879 9.776995 44.678841 0.269046 0.962869 0.022318 0.861891 -0.230360 -0.451750 0.429835 -0.140778 0.891865
-1.963267 -11.791301 38.114827 -30.680313 0.270520 0.962562 -0.017132 0.819893 -0.239679 -0.519932 0.504573 -0.126605 0.854036
13.093355 -602.291175 -3416.863040 77562.872504 0.963532 -0.082645 -0.254509 -0.145650 -0.959855 -0.239718 0.224480 -0.268046 0.936889
-55.497514 -1273.066423 -6427.793685 47662.750174 0.933843 -0.252354 -0.253484 -0.333562 -0.870255 -0.362481 0.129123 -0.423053 0.896857
-32.774991 -132.481344 -3835.686649 17069.029736 0.989359 -0.085376 -0.117811 -0.017466 -0.873567 0.486391 0.144442 0.479158 0.865762
-20.510639 -108.605620 -1181.945012 12174.104566 0.879740 -0.465784 -0.095406 -0.207353 -0.556439 0.804600 0.427858 0.688056 0.586103
-57.443936 -767.494093 -4139.545550 -52922.212419 -0.065585 0.211891 -0.975090 0.453520 0.876763 0.160020 0.888829 -0.431728 -0.153600
-1.595831 -78.906652 117.390698 3244.027005 0.989760 -0.067958 0.125527 0.092092 -0.367894 -0.925296 -0.109062 -0.927381 0.357868
-6.721736 -68.118803 273.317902 2983.473749 0.979406 -0.023783 0.200494 0.185258 -0.288938 -0.939252 -0.080269 -0.957052 0.278582
-5.831698 -67.633374 33.635962 3425.186342 0.992568 -0.044932 0.113093 0.108882 -0.087129 -0.990229 -0.054347 -0.995183 0.081589
-7.558290 -10.706406 116.264541 88.953041 -0.228537 0.973254 -0.023420 -0.371649 -0.109454 -0.921899 0.899805 0.201984 -0.386723
-6.201764 -9.867743 -26.879458 90.670523 -0.364203 0.912484 -0.186356 -0.342915 -0.317430 -0.884108 0.865890 0.258090 -0.428513
-5.870875 -8.519466 -5.994212 86.646084 -0.453255 0.825921 -0.335284 -0.363245 -0.514632 -0.776664 0.814011 0.230237 -0.533271
0.608957 -6.610017 149.109036 -10.675942 0.222716 0.972914 0.061933 -0.831315 0.156350 0.533357 -0.509227 0.170273 -0.843620
1.788279 -6.372737 116.819687 -0.269825 0.210567 0.976757 0.040093 -0.872004 0.169129 0.459352 -0.441895 0.131685 -0.887349
-0.476447 -6.464602 126.505977 -7.879505 0.211003 0.975843 0.056639 -0.886712 0.166702 0.431221 -0.411362 0.141211 -0.900467
2.316778 -6.534891 130.748285 -10.172099 0.201570 0.978585 0.041733 -0.823982 0.146382 0.547381 -0.529550 0.144723 -0.835842
-1.215363 -6.686310 135.819361 -14.596191 0.194957 0.978354 0.069391 -0.838174 0.129445 0.529818 -0.509368 0.161454 -0.845268
-0.774077 -6.850289 150.669661 -24.222069 0.198457 0.976652 0.082251 -0.789460 0.109557 0.603945 -0.580833 0.184791 -0.792771
1.210690 -6.786045 142.659903 -18.372931 0.206459 0.976523 0.061462 -0.765833 0.122179 0.631325 -0.608994 0.177413 -0.773079
-0.335011 -4.786702 -21.360008 122.705340 -0.081875 0.996403 0.021836 0.495838 0.021718 0.868144 -0.864547 -0.081907 0.495832
-0.627155 -4.990881 -18.998077 82.306559 -0.090972 0.995657 -0.019765 0.475944 0.060903 0.877364 -0.874758 -0.070408 0.479418
-2.373560 -4.732731 102.441049 167.008764 0.014774 0.997997 0.061510 -0.645391 0.056504 -0.761760 0.763710 0.028443 -0.644933
-0.825531 -3.003585 77.492693 163.701632 -0.068615 0.997292 -0.026463 -0.677102 -0.066033 -0.732920 0.732683 0.032371 -0.679800
-0.018513 -6.060504 -108.042413 11.625812 0.111981 0.991941 -0.059280 0.993016 -0.113933 -0.030625 -0.037132 -0.055436 -0.997772
4.120506 -6.481352 -136.602626 -40.248879 0.100184 0.994941 0.007392 -0.992109 0.099331 0.076500 -0.075379 0.014998 -0.997042
2.702591 -6.394477 -241.103219 -34.650541 0.098812 0.993331 -0.059408 -0.990518 0.103908 0.089873 -0.095446 -0.049964 -0.994180
3.165477 -10.422226 -79.212769 4.818924 0.214255 0.963978 0.157612 0.629396 -0.259643 0.732425 -0.746964 0.057725 0.662353
2.780961 -11.603888 -88.374655 -163.577550 0.213223 0.960534 0.178635 0.687384 -0.277419 0.671224 -0.694290 0.020330 0.719408
0.774442 -14.779531 99.019033 153.180774 0.240886 0.967212 0.080470 -0.925412 0.253883 -0.281348 0.292553 0.006695 -0.956226
-0.161248 -12.666621 42.648758 228.264244 0.234371 0.971393 0.038292 -0.969976 0.236298 -0.057539 0.064941 0.023657 -0.997609
0.392701 -12.008337 59.918793 -187.623259 0.267257 0.962309 0.050344 0.962617 -0.264223 -0.059626 -0.044077 0.064398 -0.996950
0.536596 -6.063036 6.861463 27.253907 0.039629 0.981342 0.188143 0.549040 0.135934 -0.824668 0.834856 -0.135979 0.533409
0.232794 -6.232692 10.547304 38.912904 0.056785 0.982459 0.177621 0.570060 0.114150 -0.813634 0.819638 -0.147457 0.553579
0.152469 -6.415097 -28.420368 27.352390 0.105423 0.979864 0.169564 0.579278 0.078084 -0.811381 0.808284 -0.183763 0.559382
0.391581 -5.913370 -25.385506 19.638696 0.090238 0.978074 0.187691 0.484210 0.121599 -0.866461 0.870286 -0.169070 0.462620
1.936661 -2.594880 108.769570 -79.461877 -0.305150 0.913232 -0.269983 -0.325403 -0.366432 -0.871688 0.894984 0.178143 -0.408985
0.638839 -2.481930 79.196357 -109.081238 -0.282349 0.932651 -0.224592 -0.322605 -0.312795 -0.893356 0.903440 0.179784 -0.389195
-4.710727 -60.295213 113.891688 -3765.092092 0.850405 0.077959 -0.520320 -0.198177 0.963585 -0.179526 0.487377 0.255786 0.834888
-7.613392 -35.708520 153.146301 -2310.869528 0.864354 -0.034075 -0.501729 -0.078438 0.976356 -0.201438 0.496730 0.213468 0.841244
-4.002689 -44.557669 -59.997798 -2588.793759 0.820039 0.118156 -0.559977 -0.204677 0.974291 -0.094155 0.534456 0.191825 0.823140
1.010503 -87.508172 -107.836548 -4280.713017 0.789659 0.260659 -0.555423 -0.340688 0.939164 -0.043616 0.510265 0.223668 0.830423
-1.653146 -154.496910 51.768541 -8169.300796 0.873042 0.029473 -0.486754 -0.221665 0.913073 -0.342291 0.434353 0.406730 0.803684
-6.224555 -132.402169 195.865510 -7325.376168 0.899218 -0.115089 -0.422092 -0.033447 0.943872 -0.328613 0.436221 0.309613 0.844897
-1.222471 -6.072383 10.643877 -226.885754 0.106961 0.989208 0.100133 0.701275 -0.003665 -0.712881 0.704821 -0.146471 0.694099
-1.485065 -7.425060 -36.373646 -342.017618 0.107798 0.979831 0.168259 0.677406 0.051485 -0.733806 0.727668 -0.193082 0.658193
-1.406397 -8.563513 30.411526 -245.086764 0.067433 0.990630 0.118766 0.603667 0.054267 -0.795388 0.794380 -0.125330 0.594351
-1.057253 -6.232080 -5.419250 -31.591544 0.158643 0.986528 0.039943 0.695545 -0.082954 -0.713677 0.700749 -0.141002 0.699335
-1.179799 -7.831670 -13.256962 14.527581 0.054843 0.990623 0.125133 0.954276 -0.015120 -0.298545 0.293854 -0.135785 0.946157
-0.881718 -7.649707 -8.069151 -1.076104 0.131620 0.986096 0.101447 0.856277 -0.061533 -0.512839 0.499466 -0.154366 0.852470
-0.771051 -7.390923 7.927140 -7.094549 0.157103 0.986116 0.053789 0.835771 -0.103739 -0.539189 0.526123 -0.129664 0.840465
-0.892248 -7.944477 -14.241072 5.761266 0.094753 0.987032 0.129579 0.922887 -0.038293 -0.383161 0.373230 -0.155892 0.914547
0.821243 -31.643604 -48.238049 -367.308326 -0.096869 0.977755 0.186043 -0.832190 0.022968 -0.554014 0.545963 0.208490 -0.811453
1.413673 -34.968061 -39.782183 -341.924768 -0.105988 0.969883 0.219301 -0.780466 0.055517 -0.622729 0.616149 0.237159 -0.751076
1.555530 -0.853386 96.417286 8.546689 0.255804 0.927886 -0.271280 0.435439 0.139947 0.889274 -0.863109 0.345605 0.368238
0.451019 -0.848156 50.380999 -5.828009 0.254963 0.929643 -0.266004 0.433752 0.135907 0.890724 -0.864207 0.342482 0.368583
0.547673 -0.904379 52.030046 10.837582 0.255114 0.928956 -0.268251 0.452231 0.130582 0.882290 -0.854637 0.346396 0.386789
-0.134768 -0.851909 16.249858 -2.707251 0.268769 0.941207 -0.204676 0.435677 0.070721 0.897321 -0.859040 0.330344 0.391055
1.401326 -0.840305 81.365950 3.305724 0.297775 0.936011 -0.187651 0.431743 0.043273 0.900958 -0.851427 0.349300 0.391230
0.571062 -0.877892 43.663463 0.380997 0.319113 0.938811 -0.129620 0.423065 -0.018728 0.905906 -0.848046 0.343924 0.403155
3.483038 -4.627091 -3.024994 91.548067 -0.777924 0.413801 -0.472868 0.146239 0.851107 0.504212 0.611105 0.323087 -0.722610
3.607044 -7.187998 -33.975071 164.419961 -0.749087 0.450282 -0.485917 0.217469 0.859983 0.461667 0.625761 0.240157 -0.742124
2.016507 -6.257631 -154.748203 90.180346 -0.703745 0.463083 -0.538792 0.196463 0.855654 0.478810 0.682748 0.231108 -0.693141
3.709930 -0.928071 307.238256 -89.565057 0.601017 0.798721 -0.028676 0.724321 -0.559498 -0.402892 0.337843 -0.221374 0.914798
-1.611290 -3.183677 -3.949550 358.237873 0.935675 0.071057 -0.345633 0.001590 0.978656 0.205500 0.352858 -0.192831 0.915591
4.405321 -4.601263 -140.603683 -432.841063 -0.625808 -0.772321 -0.109011 0.755649 -0.565704 -0.330111 0.193283 -0.288961 0.937626
-1.066450 -17.449303 251.502521 1387.834734 0.092244 0.982482 0.161925 0.883328 -0.005684 -0.468722 0.459590 -0.186269 0.868378
3.238512 -2.568542 251.492350 381.085384 0.514981 0.857202 0.000126 0.738272 -0.443457 -0.508233 0.435602 -0.261824 0.861220
0.132026 -344.491780 213.292976 -26970.219814 -0.085811 0.989339 -0.117666 -0.835519 -0.007126 0.549415 -0.542719 -0.145458 -0.827223
-4.886344 -188.795314 -97.133374 -3808.404874 -0.027511 0.995668 -0.088818 -0.764255 0.036321 0.643891 -0.644328 -0.085594 -0.759945
3.604985 -23.375272 206.393007 -10641.513333 0.195894 0.962083 -0.189796 -0.936612 0.126230 -0.326839 0.290488 -0.241791 -0.925826
3.886140 -6.974691 12.065452 16.722909 0.134841 0.989322 -0.055320 -0.274716 0.090968 0.957213 -0.952024 0.113874 -0.284049
2.995930 -7.049358 -134.898470 4.524592 0.053404 0.994924 -0.085286 -0.252576 0.096089 0.962794 -0.966102 0.029876 -0.256425
-1.822608 -5.782827 -20.805121 -33.166034 0.291648 0.903463 -0.314159 -0.312870 0.400474 0.861239 -0.903910 0.152888 -0.399464
-1.503869 -6.077397 13.561583 -13.649567 0.301100 0.908559 -0.289584 -0.213553 0.360210 0.908099 -0.929373 0.211587 -0.302484
-1.882534 -5.790714 20.668640 -25.496147 0.306702 0.919302 -0.246614 -0.316584 0.342879 0.884426 -0.897613 0.193181 -0.396198
-1.671205 -16.709823 29.175293 -88.590936 0.044024 0.989507 -0.137614 0.961766 -0.079248 -0.262155 0.270310 0.120811 0.955164
-1.805168 -16.916187 23.048132 47.450809 0.047842 0.992138 -0.115640 0.867366 -0.098681 -0.487789 0.495365 0.076966 0.865269
2.967138 -49.621695 -192.028105 -2024.250490 -0.130277 0.980901 -0.144433 -0.290037 0.101599 0.951607 -0.948107 -0.165864 -0.271262
1.909648 -29.284821 -57.712244 -449.957182 -0.124751 0.981121 -0.147779 -0.429852 0.080795 0.899277 -0.894240 -0.175708 -0.411658
2.954279 -29.145349 -62.649189 -244.097047 -0.108616 0.983282 -0.146149 -0.415509 0.088654 0.905258 -0.903081 -0.159052 -0.398933
-10.756041 -620.176530 -1020.346451 -35648.703277 0.912228 0.102487 -0.396657 -0.375217 0.597714 -0.708484 -0.164478 -0.795132 -0.583706
-1.463844 -22.339280 -81.331687 988.108400 0.950704 -0.123627 -0.284391 -0.305682 -0.219369 -0.926518 -0.052156 -0.967778 0.246346
-0.633027 -4.441833 306.813064 -130.640030 -0.651094 -0.603061 -0.460862 0.692045 -0.721045 -0.034179 -0.311691 -0.341191 0.886813
2.071385 -6.059103 351.790210 -119.045869 -0.521979 -0.715026 -0.465054 0.799404 -0.600247 0.025634 -0.297477 -0.358386 0.884911
5.995442 -7.935668 238.423520 29.308282 -0.554091 -0.765596 -0.326873 0.828022 -0.547349 -0.121610 -0.085809 -0.338041 0.937211
-6.449853 -8.115296 47.712580 -12.451378 0.710005 -0.383350 0.590708 0.545340 0.830036 -0.116809 -0.445530 0.405072 0.798386
-1.084065 -2.998901 30.597532 -3.313345 -0.357168 0.933195 0.039733 -0.206789 -0.037520 -0.977666 0.910862 0.357407 -0.206375
-0.946482 -2.905520 13.519857 30.747952 -0.313473 0.922567 0.224956 -0.239137 0.152567 -0.958925 0.918993 0.354392 -0.172794
-1.335039 -3.521042 27.974601 36.706686 -0.284897 0.910054 0.301056 -0.247394 0.233623 -0.940328 0.926083 0.342376 -0.158583
-1.147266 -3.552210 2.999421 45.030687 -0.279614 0.894645 0.348462 -0.234393 0.288350 -0.928393 0.931062 0.341269 -0.129072
4.390703 -1.600824 -126.967228 16.119878 0.231528 0.013944 0.972728 0.324305 0.941595 -0.090688 -0.917181 0.336457 0.213483
5.093507 -1.683337 -119.772554 -3.828700 0.260054 0.023533 0.965307 0.283317 0.953843 -0.099579 -0.923095 0.299383 0.241383
