18897
37773
-2.591950 -3.910299 17.134041 -33.317839 0.025992 0.836127 0.547919 0.983900 -0.118346 0.133923 0.176821 0.535617 -0.825741
-3.189626 -4.723748 20.005172 -29.920281 0.193418 0.789415 0.582592 0.935985 -0.326494 0.131659 0.294146 0.519833 -0.802030
-3.424615 -4.661474 -3.201562 -68.358116 0.691392 0.537832 0.482404 0.699190 -0.666265 -0.259276 0.181962 0.516553 -0.836697
-2.497676 -4.147523 -9.561437 -23.887524 -0.098493 0.816744 0.568531 0.961779 -0.068555 0.265105 0.255499 0.572913 -0.778776
-2.341495 -3.191841 5.683670 -32.316065 0.144384 0.829190 0.539997 0.986409 -0.163862 -0.012128 0.078428 0.534409 -0.841580
-2.017204 -3.535197 -2.496776 -26.101768 -0.217843 0.820842 0.527981 0.965792 0.103326 0.237843 0.140678 0.561732 -0.815271
0.051263 -3.375650 -99.510747 -12.898740 0.257617 0.713225 0.651877 0.830365 0.181568 -0.526809 -0.494094 0.677010 -0.545462
-1.254249 -3.223588 -52.783013 -11.651828 0.431697 0.692988 0.577413 0.800156 0.001303 -0.599791 -0.416400 0.720948 -0.553936
0.001360 -4.113765 -89.697716 -31.189552 0.501039 0.733436 0.459382 0.749130 -0.101784 -0.654556 -0.433317 0.672095 -0.600437
1.031176 -4.202166 -128.184640 -40.075376 0.220735 0.750429 0.623002 0.824310 0.197891 -0.530427 -0.521334 0.630631 -0.574905
-3.761943 -5.256293 15.474162 -28.373392 0.310743 0.715334 0.625889 -0.349251 0.698355 -0.624759 0.884003 0.024453 -0.466840
-4.165982 -4.913375 -27.513244 -17.583222 -0.372518 -0.608338 -0.700825 -0.192511 0.789408 -0.582902 0.907838 -0.082225 -0.411180
-4.650154 -5.466524 10.363934 -46.555650 0.164274 0.975414 0.146905 -0.485015 0.209553 -0.849027 0.858938 -0.068222 -0.507515
-3.449586 -5.002248 11.272160 -19.334442 -0.281191 -0.691919 -0.664966 -0.240975 0.721633 -0.648982 0.928904 -0.022247 -0.369652
-3.316333 -5.436387 15.461481 -22.728168 -0.276908 -0.655746 -0.702367 -0.374017 0.746860 -0.549829 0.885118 0.110445 -0.452072
-18.219923 -84.530098 -128.645368 2659.616976 0.556237 0.827159 0.080049 0.821516 -0.532788 -0.203096 -0.125344 0.178731 -0.975881
-7.814290 -24.489259 -120.039643 914.911927 0.498443 0.847599 0.182015 0.866892 -0.489079 -0.096439 0.007278 0.205857 -0.978555
-23.212953 -68.877399 -585.351803 1998.244119 0.173273 0.929278 0.326219 0.971458 -0.106780 -0.211818 -0.162004 0.353610 -0.921257
-8.699716 -40.952998 -223.172001 1509.060032 0.268445 0.819902 0.505666 0.939633 -0.107240 -0.324945 -0.212195 0.562371 -0.799195
-2.767181 -3.661170 -18.800425 12.544184 -0.296967 0.914867 0.273548 0.933112 0.217204 0.286573 0.202761 0.340353 -0.918176
-2.228885 -3.488113 -36.595409 8.775458 -0.092570 0.964218 0.248424 0.965492 0.025927 0.259139 0.243426 0.263840 -0.933345
-1.725841 -3.656586 -49.481319 8.937304 0.026082 0.967151 0.252860 0.990002 -0.060066 0.127628 0.138624 0.247003 -0.959048
-2.578790 -3.995374 -34.387386 9.802218 -0.148254 0.943100 0.297629 0.984435 0.112013 0.135429 0.094385 0.313074 -0.945027
-0.058251 -3.748347 42.146620 0.409762 0.667236 0.636574 0.386742 0.051453 -0.557376 0.828665 -0.743067 0.533016 0.404655
-1.116967 -3.890594 28.404012 3.813282 0.651246 0.604504 0.458752 -0.035298 0.627999 -0.777413 -0.758045 0.490095 0.430320
-0.232983 -3.764760 37.644192 2.017645 0.668805 0.610004 0.424965 -0.102694 0.641945 -0.759843 -0.736311 0.464545 0.491979
1.042904 -3.570736 46.009832 -3.242926 0.655856 0.660831 0.364904 0.100793 -0.555721 0.825236 -0.748126 0.504457 0.431081
-0.436231 -3.700078 1.310462 -12.756079 0.424476 0.747206 0.511374 0.679308 0.110596 -0.725471 -0.598632 0.655326 -0.460638
-0.459158 -3.496334 -4.496631 -18.580450 0.394515 0.760390 0.515912 -0.659171 -0.156976 0.735427 -0.640197 0.630211 -0.439298
-0.444438 -3.477471 -2.691094 19.423931 0.406062 0.747153 0.526191 0.662010 0.156427 -0.732989 -0.629965 0.645983 -0.431103
-0.398799 -3.427301 -0.817653 3.571680 0.404143 0.741983 0.534911 0.686475 0.140442 -0.713462 -0.604501 0.655544 -0.452594
-0.346518 -3.094950 2.377735 -12.212228 0.383714 0.729404 0.566334 -0.654113 -0.218215 0.724236 -0.651843 0.648346 -0.393381
-0.178918 -3.608203 6.631929 3.983855 -0.467584 -0.633072 -0.616915 0.669863 0.201597 -0.714592 0.576757 -0.747381 0.329808
-0.039021 -3.963214 3.336337 28.301551 -0.465381 -0.632897 -0.618758 0.680021 0.191815 -0.707657 0.566562 -0.750099 0.341116
-0.145396 -4.283055 11.885096 28.773626 -0.491168 -0.609653 -0.622156 0.704453 0.142099 -0.695381 0.512348 -0.779828 0.359677
-0.250538 -4.430744 -0.360647 25.550673 -0.487308 -0.637397 -0.596872 0.732993 0.072922 -0.676316 0.474607 -0.767077 0.431672
-0.286510 -3.940375 -4.956626 1.939064 -0.468351 -0.648229 -0.600372 0.697136 0.146341 -0.701844 0.542815 -0.747251 0.383365
-0.142587 -4.324888 -4.584597 -14.474688 0.347593 0.793538 0.499476 -0.031805 -0.522407 0.852103 -0.937106 0.312071 0.156347
-0.016874 -3.960909 -0.836575 -32.631283 0.360066 0.815692 0.452769 -0.149437 -0.428626 0.891038 -0.920881 0.388493 0.032440
-0.005272 -4.650071 1.260111 -12.259293 0.362566 0.778086 0.512959 -0.033629 -0.539129 0.841552 -0.931351 0.322369 0.169303
-0.143993 -4.795187 -3.222634 2.482487 0.349816 0.766094 0.539192 0.087062 -0.599651 0.795512 -0.932764 0.231339 0.276465
-0.166144 -4.542148 -3.504889 2.845421 0.350751 0.771798 0.530378 0.086962 -0.590756 0.802150 -0.932422 0.235232 0.274326
-0.420037 -9.570203 1.146156 -81.058843 0.480998 0.797562 0.364054 0.864092 -0.361036 -0.350710 -0.148276 0.483267 -0.862825
-0.578427 -8.621545 -3.774171 -50.746553 0.477414 0.799405 0.364730 0.843413 -0.300493 -0.445374 -0.246435 0.520246 -0.817688
-0.312266 -9.706084 -0.480102 -80.653552 0.505320 0.786541 0.354972 0.856226 -0.405824 -0.319662 -0.107371 0.465468 -0.878528
-0.331729 -9.715358 -7.226000 -10.227500 0.500446 0.792455 0.348666 0.856576 -0.511735 -0.066377 0.125824 0.331877 -0.934894
0.342709 -10.165693 3.628457 78.451669 0.577798 0.676755 0.456236 0.077621 0.510893 -0.856133 0.812480 -0.530086 -0.242662
0.410903 -9.245066 -10.656745 73.198514 0.590449 0.660306 0.464076 0.032649 0.554997 -0.831211 0.806414 -0.505939 -0.306140
0.391614 -8.939434 2.314994 83.352535 0.572032 0.673629 0.467977 -0.076068 0.611652 -0.787461 0.816696 -0.414856 -0.401126
-0.518047 -1.926122 15.540639 -20.163793 0.998223 -0.014161 -0.057877 0.016851 0.998787 0.046270 0.057152 -0.047163 0.997251
0.057117 -1.787121 20.993676 -14.989624 0.967544 -0.243061 -0.069131 0.245088 0.969242 0.022408 0.061558 -0.038624 0.997356
-0.496576 -2.238151 15.608994 -21.004449 0.995440 -0.068773 -0.066097 0.068644 0.997632 -0.004218 0.066230 -0.000338 0.997804
-0.881725 -2.555154 14.974740 -20.437319 0.995716 0.070951 -0.059301 -0.072930 0.996827 -0.031908 0.056849 0.036096 0.997730
-0.680486 -2.746597 12.493999 -21.657812 0.996689 -0.048047 -0.065595 0.043638 0.996793 -0.067073 0.068608 0.063989 0.995589
1.730948 -3.880589 14.308801 61.077639 -0.485599 0.589367 0.645631 0.873017 0.288838 0.392956 0.045112 0.754466 -0.654787
1.165015 -2.656562 30.878707 39.398154 -0.480064 0.561222 0.674217 0.873543 0.235405 0.426037 0.080387 0.793482 -0.603261
0.884437 -3.693337 28.997117 51.250831 -0.407770 0.568815 0.714264 0.912892 0.237896 0.331714 0.018763 0.787309 -0.616273
0.154781 -2.416430 29.724566 27.271162 -0.385999 0.560678 0.732561 0.920340 0.179752 0.347366 0.063081 0.808288 -0.585398
-0.006676 -3.627666 25.387436 46.226968 -0.323023 0.576729 0.750360 0.946372 0.191856 0.259944 0.005956 0.794088 -0.607774
0.695600 -5.056335 33.417333 67.703080 -0.345318 0.577605 0.739681 0.935018 0.279439 0.218301 -0.080604 0.766999 -0.636566
-0.059921 -5.246461 2.998559 -17.792729 0.516344 0.775312 0.363703 -0.506091 0.618857 -0.600739 0.690841 -0.126121 -0.711922
-0.010481 -5.069099 3.474591 -19.909154 0.516702 0.771160 0.371929 -0.499568 0.624353 -0.600512 0.695306 -0.124482 -0.707852
0.058815 -4.519327 4.588661 -33.561829 0.531807 0.744160 0.404237 -0.344199 0.626062 -0.699695 0.773762 -0.232964 -0.589084
-0.120700 -5.734448 3.520369 -5.347699 0.496095 0.796044 0.346705 -0.632299 0.604877 -0.484067 0.595052 -0.020922 -0.803415
-0.085820 -5.174445 0.408813 -27.449311 0.524923 0.770834 0.360930 -0.450396 0.611374 -0.650665 0.722218 -0.178987 -0.668105
-0.169699 -5.806000 1.425929 -7.622576 0.504502 0.793186 0.341077 -0.606494 0.606722 -0.513862 0.614527 -0.052383 -0.787155
-0.862113 -2.250464 -8.677337 1.119066 0.272501 0.880955 0.386862 0.534061 -0.472942 0.700789 -0.800326 -0.015642 0.599360
-0.685064 -2.606942 -19.669529 -6.362580 0.378589 0.729633 0.569479 0.473679 -0.681334 0.558043 -0.795172 -0.058482 0.603557
-1.172582 -2.434024 -16.963813 -13.629417 0.377703 0.768671 0.516222 0.513765 -0.637804 0.573804 -0.770315 -0.048490 0.635817
-1.101641 -2.210670 13.689264 -4.283707 0.217195 0.946249 0.239663 0.602603 -0.323132 0.729695 -0.767916 0.014064 0.640396
-1.344022 -2.348087 1.530055 -15.710024 0.326581 0.871491 0.365853 0.601251 -0.490215 0.631020 -0.729275 -0.013891 0.684080
-1.272163 -2.891682 -16.354826 -20.324453 0.426207 0.711696 0.558424 0.535015 -0.696075 0.478788 -0.729456 -0.094702 0.677440
0.143269 -9.476510 -4.018127 -106.856266 0.487948 0.817906 0.304853 -0.694508 0.575350 -0.432008 0.528739 0.000925 -0.848784
0.078320 -7.070624 -4.671975 -85.789368 0.518457 0.790824 0.325268 -0.523346 0.594279 -0.610690 0.676248 -0.146389 -0.721983
0.267090 -7.881139 -0.858232 -89.217351 0.507902 0.789956 0.343519 -0.552203 0.604647 -0.573998 0.661141 -0.101842 -0.743317
0.394561 -9.802288 -1.008414 -104.115458 0.483661 0.811133 0.328841 -0.682503 0.584732 -0.438496 0.547962 0.012351 -0.836412
0.275908 -11.061887 0.748417 -56.317314 0.458200 0.831562 0.313937 -0.827784 0.527872 -0.190064 0.323769 0.172785 -0.930225
0.078760 -10.827803 -12.821239 -44.704096 0.473820 0.835493 0.278293 -0.840043 0.523648 -0.141849 0.264241 0.166567 -0.949964
1.092656 -7.185807 -10.321446 1.756595 0.494036 0.785570 0.372569 0.713454 -0.121388 -0.690108 -0.496902 0.606749 -0.620438
1.182815 -7.260193 -8.531046 11.493184 0.508121 0.774289 0.377212 0.601128 -0.005169 -0.799136 -0.616812 0.632811 -0.468074
0.899370 -7.449688 -18.364357 -19.199383 0.488938 0.797463 0.353543 -0.614920 0.027623 0.788105 -0.618719 0.602735 -0.503882
-0.410402 -16.122676 10.022645 -15.034521 -0.649599 -0.297707 -0.699566 0.757606 -0.330538 -0.562830 -0.063675 -0.895609 0.440262
-0.323381 -16.282079 4.535721 17.133915 -0.676817 -0.304247 -0.670338 0.713667 -0.047848 -0.698849 0.180548 -0.951391 0.249515
-0.544376 -15.815094 6.393111 -12.747958 -0.652341 -0.317375 -0.688276 0.757723 -0.294092 -0.582551 -0.017529 -0.901545 0.432330
-0.583676 -16.284143 9.274591 34.031253 -0.679425 -0.303823 -0.667887 0.695722 0.022464 -0.717959 0.233136 -0.952464 0.196114
-0.593294 -13.920329 3.018677 -79.451465 -0.643303 -0.333802 -0.689012 0.736732 -0.514741 -0.438483 -0.208296 -0.789695 0.577057
-0.563889 -15.128651 5.394797 -91.223143 -0.624261 -0.328717 -0.708691 0.723127 -0.586411 -0.364978 -0.295610 -0.740316 0.603778
0.693565 -15.861676 -2.594819 69.629028 0.600837 0.515478 0.610964 0.797129 -0.443577 -0.409664 0.059837 0.733159 -0.677420
0.645134 -17.155114 4.833896 86.762013 0.604594 0.479481 0.636053 0.775956 -0.534871 -0.334372 0.179882 0.695709 -0.695437
0.557997 -17.304800 1.694840 -10.318305 0.574688 0.502975 0.645562 0.803608 -0.197664 -0.561377 -0.154754 0.841395 -0.517789
2.169265 -1.313095 -1.908055 14.054817 0.479132 0.824861 0.300061 0.818572 -0.543303 0.186448 -0.316818 -0.156288 0.935522
2.047309 -0.972302 8.327052 5.660389 0.460341 0.853089 0.245612 0.843168 -0.506727 0.179707 -0.277764 -0.124365 0.952565
2.088737 -1.133145 -12.969260 1.849909 0.403786 0.859308 0.313922 0.860397 -0.473314 0.188920 -0.310924 -0.193814 0.930463
1.915835 -1.469197 -23.073483 10.539533 0.431248 0.827469 0.359612 0.832898 -0.518346 0.193903 -0.346852 -0.215900 0.912733
1.892175 -1.811747 -23.225927 18.525641 0.473814 0.798055 0.372302 0.794086 -0.569955 0.211137 -0.380695 -0.195600 0.903777
2.186495 -1.677780 -0.294832 21.071304 0.512988 0.806219 0.294709 0.790058 -0.577692 0.205137 -0.335637 -0.127604 0.933309
0.023483 -9.576308 -0.287737 59.505660 0.503120 0.618430 0.603667 -0.299463 -0.530482 0.793039 -0.810674 0.579770 0.081699
-0.163372 -11.427911 -12.198537 -2.715006 0.510214 0.647808 0.565709 -0.217511 -0.539189 0.813612 -0.832088 0.538164 0.134196
-0.173739 -10.932164 -7.070310 57.701140 0.469825 0.585559 0.660595 -0.481020 -0.457654 0.747779 -0.740192 0.669084 -0.066648
0.086036 -9.062388 -2.386319 48.159760 0.470214 0.590195 0.656177 -0.471206 -0.460769 0.752102 -0.746233 0.662843 -0.061443
1.762450 -0.686053 19.272098 17.267772 -0.210151 -0.925335 -0.315582 0.945040 -0.274960 0.176909 -0.250472 -0.261060 0.932261
1.822479 -0.334286 -2.493524 23.389436 0.264580 0.929971 0.255247 0.938402 -0.309277 0.154109 -0.222258 -0.198750 0.954515
1.516637 0.006050 13.340871 41.658469 -0.110931 -0.949461 -0.293628 0.972098 -0.165107 0.166629 -0.206688 -0.266951 0.941285
-2.091943 -4.188570 10.669224 1.478062 0.622295 0.177013 0.762506 -0.400397 0.909002 0.115750 -0.672630 -0.377335 0.636543
-1.970704 -4.045917 11.323710 -1.814456 0.657486 0.209467 0.723765 -0.440323 0.886298 0.143495 -0.611414 -0.413036 0.674962
-1.896419 -3.958006 11.711074 0.086542 0.615806 0.289136 0.732928 -0.413981 0.910216 -0.011248 -0.670375 -0.296492 0.680213
-2.052430 -4.127570 4.022395 11.205660 0.568956 0.251030 0.783117 -0.352558 0.934778 -0.043502 -0.742961 -0.251343 0.620350
-2.013117 -4.337634 -7.831354 17.151121 0.555913 0.125900 0.821651 -0.336598 0.937892 0.084024 -0.760041 -0.323276 0.563764
0.345836 -8.776190 4.762298 -67.101806 0.541101 0.760137 0.359725 -0.674447 0.647766 -0.354290 0.502326 0.050909 -0.863178
0.212207 -9.934645 20.096313 -12.588701 0.531130 0.746664 0.400493 -0.784008 0.612335 -0.101870 0.321298 0.259883 -0.910620
0.635793 -9.087978 9.940017 -39.734665 0.554903 0.749650 0.360705 -0.699591 0.655120 -0.285289 0.450172 0.094038 -0.887977
1.684380 -9.740720 7.505529 64.684505 0.376266 0.751945 0.541297 -0.633295 -0.217715 0.742655 -0.676285 0.622237 -0.394284
1.869445 -8.570807 2.634877 9.838670 0.405477 0.725449 0.556159 -0.599237 -0.248502 0.761027 -0.690292 0.641850 -0.333954
1.714619 -9.651323 7.695379 -78.741251 0.409054 0.747597 0.523234 -0.509419 -0.288642 0.810665 -0.757078 0.598151 -0.262770
0.067358 -9.763762 17.872236 212.455845 0.095440 -0.195925 0.975963 0.991294 0.108049 -0.075249 -0.090709 0.974648 0.204531
0.604693 -7.008568 10.875281 123.924801 0.158213 -0.141702 0.977184 0.987405 0.023633 -0.156441 -0.000926 0.989627 0.143656
0.054284 -63.744344 -21.022183 2246.837475 -0.201473 -0.207799 0.957198 0.979473 -0.036393 0.198261 -0.006364 0.977494 0.210866
-1.751532 -10.898738 -39.506172 -68.280393 -0.610876 -0.693658 -0.381666 -0.624349 0.718493 -0.306522 0.486846 0.051046 -0.871995
-1.388287 -9.201864 -21.937340 -28.291559 -0.646391 -0.655744 -0.390101 -0.478975 0.746707 -0.461532 0.593938 -0.111482 -0.796750
-2.060473 -9.771537 -23.518257 -54.190909 -0.655579 -0.678647 -0.331142 -0.511733 0.721748 -0.466056 0.555288 -0.136080 -0.820449
-0.367668 -4.313322 -17.193893 -33.825611 0.613681 0.717659 0.329183 0.450442 0.024192 -0.892478 0.648458 -0.695974 0.308418
-1.273788 -4.151050 -43.907401 -59.219390 0.641918 0.712631 0.283017 0.424744 -0.023176 -0.905017 0.638384 -0.701156 0.317563
-0.803805 -3.001259 22.453620 -26.587762 -0.551371 -0.719477 -0.422307 0.578545 0.034950 -0.814902 0.601063 -0.693636 0.396979
0.031156 -5.526235 -47.668981 -55.293795 0.700549 0.665015 0.258816 0.312167 0.040555 -0.949161 0.641703 -0.745728 0.179185
-2.425978 -4.191288 6.050116 3.673618 0.618483 -0.146269 -0.772065 0.137747 0.987490 -0.076736 0.773631 -0.058890 0.630894
-2.506514 -4.228644 -3.428925 3.323158 0.585939 -0.088861 -0.805469 0.126269 0.991841 -0.017567 0.800458 -0.091412 0.592378
-2.416444 -4.185201 -1.608748 1.467276 0.597564 -0.119476 -0.792870 0.060212 0.992731 -0.104212 0.799557 0.014533 0.600414
-1.384931 -3.282582 -22.850417 3.412531 0.509430 0.742115 0.435599 0.197397 0.391929 -0.898569 0.837565 -0.543744 -0.053169
-0.739236 -3.460238 -43.572731 7.893265 0.537502 0.702849 0.465934 0.267939 0.381556 -0.884660 0.799563 -0.600348 -0.016766
-0.596510 -3.303865 -45.236724 2.306166 0.550738 0.723196 0.416744 0.152111 0.403965 -0.902039 0.820701 -0.560178 -0.112473
-1.348384 -3.203478 -14.760650 1.006010 0.508731 0.762806 0.399148 0.086241 0.416143 -0.905201 0.856595 -0.494926 -0.145920
-0.497850 -3.827685 22.158886 -8.341113 -0.624865 -0.522184 -0.580402 0.777423 -0.347779 -0.524084 0.071817 -0.778700 0.623273
-0.162283 -3.803221 28.057955 -0.640052 -0.633566 -0.502159 -0.588584 0.764897 -0.292176 -0.574079 0.116308 -0.813923 0.569212
-0.416355 -3.881916 8.718655 7.222983 -0.626468 -0.538715 -0.563315 0.754414 -0.237388 -0.611969 0.195952 -0.808352 0.555130
-0.208603 -3.863411 25.894851 3.337549 -0.610011 -0.518005 -0.599631 0.763907 -0.183364 -0.618728 0.210554 -0.835493 0.507561
-0.378843 -3.558156 4.573650 -17.286474 0.580081 0.656225 0.482571 0.094580 0.534163 -0.840074 0.809049 -0.532953 -0.247792
-0.410343 -3.544762 6.480075 -1.500367 0.589743 0.661252 0.463625 0.106284 0.505541 -0.856231 0.800566 -0.554233 -0.227859
-0.444664 -3.594463 6.301489 -27.829052 0.590590 0.668438 0.452100 0.055429 0.525317 -0.849099 0.805066 -0.526529 -0.273196
-0.983039 -4.894598 7.467790 -17.373389 0.329275 0.759507 0.561006 0.049735 0.579363 -0.813551 0.942923 -0.295783 -0.152995
-0.936788 -4.869869 2.001476 -17.610333 0.371000 0.737400 0.564447 0.133013 0.559361 -0.818183 0.919057 -0.378625 -0.109439
-1.016574 -4.992799 4.986965 -21.488065 0.360759 0.756944 0.544875 0.025373 0.576035 -0.817031 0.932314 -0.308576 -0.188604
0.179332 -3.635201 -1.216766 -22.348519 0.711723 0.609830 0.348653 0.335268 0.141256 -0.931473 0.617289 -0.779842 0.103921
0.227976 -3.364853 -0.706507 0.766185 0.703816 0.618673 0.349122 0.363439 0.108674 -0.925258 0.610372 -0.778096 0.148364
0.250459 -3.750171 -3.269255 -26.771228 0.714450 0.619802 0.324666 0.303761 0.143249 -0.941918 0.630310 -0.771573 0.085927
0.127328 -4.307979 -2.996327 -44.484809 0.719518 0.608247 0.335156 0.282504 0.184519 -0.941352 0.634418 -0.772003 0.039067
0.081402 -4.197016 4.406049 -40.451230 0.704812 0.613690 0.355845 0.298862 0.198058 -0.933517 0.643368 -0.764303 0.043815
0.130177 -3.616694 -0.451476 -24.333970 0.705654 0.601018 0.375274 0.343221 0.173411 -0.923108 0.619881 -0.780196 0.083913
-0.223224 -5.586831 18.239347 -65.493178 0.623715 0.750138 0.219710 -0.441759 0.106398 0.890802 -0.644848 0.652666 -0.397742
-0.319143 -7.396051 12.150066 -74.308169 0.589444 0.756052 0.284501 -0.353711 -0.075072 0.932337 -0.726254 0.650192 -0.223174
-0.045306 -5.631232 3.221900 -59.981901 0.600867 0.770443 0.213017 -0.407305 0.065799 0.910919 -0.687795 0.634104 -0.353342
-0.051181 -3.918110 3.365159 -43.108129 0.640798 0.755720 0.135147 -0.446571 0.223735 0.866324 -0.624461 0.615492 -0.480852
0.034914 -4.372353 -3.625849 -41.176751 0.611072 0.774398 0.164010 -0.429469 0.150294 0.890488 -0.664942 0.614589 -0.424420
0.146126 -5.464537 -3.783245 -53.507154 0.590446 0.776579 0.219768 -0.381793 0.028854 0.923797 -0.711061 0.629358 -0.313529
-0.658218 -7.865277 0.392756 -45.125730 0.676622 0.690042 0.256952 -0.224812 0.525897 -0.820300 0.701172 -0.497268 -0.510963
-0.771461 -6.377197 -1.443614 -16.594808 0.678421 0.685885 0.263262 -0.079925 0.425116 -0.901603 0.730313 -0.590625 -0.343227
-0.602855 -6.483300 -0.644942 -20.566110 0.687157 0.670092 0.280698 -0.047799 0.427227 -0.902880 0.724935 -0.607003 -0.325602
-0.706829 -5.927860 -1.044236 -15.372119 0.683629 0.672632 0.283227 0.067200 0.328411 -0.942141 0.726729 -0.663108 -0.179311
-0.548024 -7.558794 2.326524 -39.244643 0.685719 0.673686 0.275564 -0.175248 0.520266 -0.835830 0.706454 -0.524853 -0.474818
-0.676236 -6.008432 -7.658496 -16.201493 0.705429 0.644726 0.294444 0.105192 0.315590 -0.943047 0.700931 -0.696226 -0.154806
-0.535982 -6.720054 -5.442775 -31.560023 0.708077 0.651304 0.272821 -0.025773 0.409937 -0.911750 0.705665 -0.638557 -0.307053
-0.878958 -6.712048 -5.414821 44.825795 0.598721 0.756716 0.262516 0.687116 -0.316831 -0.653827 -0.411588 0.571838 -0.709645
-1.015357 -7.843487 -0.292351 36.913571 0.587710 0.757944 0.283050 0.631976 -0.211618 -0.745536 -0.505176 0.617040 -0.603372
-1.054080 -7.450707 -7.159340 35.885283 0.619346 0.738486 0.266549 0.631903 -0.267388 -0.727463 -0.465949 0.618985 -0.632258
7.351245 -4.809141 -64.692708 4.166872 0.217930 0.971568 -0.092529 -0.224887 -0.042267 -0.973468 0.949701 -0.232956 -0.209282
6.686627 -3.370806 9.852840 19.098478 0.014380 0.999041 0.041355 -0.352203 0.043770 -0.934899 0.935813 0.001122 -0.352495
7.058691 -4.343376 -71.732746 19.088938 0.281995 0.958558 -0.040557 -0.365407 0.068219 -0.928345 0.887106 -0.276609 -0.369501
6.479235 -5.431758 -64.739349 19.255503 0.370011 0.924766 -0.088880 -0.263134 0.012568 -0.964677 0.890984 -0.380329 -0.247988
-0.032639 -4.838441 -1.871599 -6.685719 0.596462 0.744418 0.300124 0.789046 -0.475295 -0.389232 -0.147104 0.468974 -0.870875
0.093543 -4.566796 3.843985 -27.180887 0.558777 0.758990 0.334219 0.779471 -0.343041 -0.524163 -0.283184 0.553405 -0.783295
-0.031792 -4.630251 5.168828 -8.053902 0.585064 0.743612 0.323637 0.798914 -0.459872 -0.387626 -0.139412 0.485344 -0.863137
-0.146194 -5.106676 -1.446950 3.670534 0.617549 0.729354 0.294408 0.785028 -0.548416 -0.288046 -0.048629 0.409001 -0.911237
-0.162519 -5.470389 -4.280545 -2.567840 0.637479 0.717895 0.279727 0.769191 -0.572103 -0.284682 -0.044339 0.396642 -0.916902
-0.498547 -6.873976 -26.815783 -5.360380 0.652755 0.699761 0.290251 0.075535 0.321108 -0.944025 0.753794 -0.638141 -0.156749
-0.917496 -6.668107 -31.440701 -0.766850 0.646312 0.706889 0.287383 0.126768 0.271914 -0.953935 0.752470 -0.652971 -0.086130
-0.715522 -6.757161 -26.054754 4.750778 0.647236 0.696361 0.310106 0.226199 0.213038 -0.950499 0.727955 -0.685344 0.019631
-0.253834 -6.873765 -19.853258 6.837051 0.642737 0.698784 0.313989 0.181496 0.259296 -0.948591 0.744277 -0.666683 -0.039833
-0.496346 -3.364087 1.057569 36.422374 -0.441868 -0.699077 -0.562178 -0.439571 0.715013 -0.543630 0.782004 0.006905 -0.623235
-0.617247 -3.865513 4.434346 17.413352 -0.468728 -0.677729 -0.566549 -0.328702 0.729131 -0.600268 0.819908 -0.095137 -0.564536
-0.420768 -3.647727 9.972888 28.551957 -0.492856 -0.653614 -0.574353 -0.382263 0.755629 -0.531884 0.781645 -0.042588 -0.622268
-0.336891 -2.996834 4.028358 31.641082 -0.457217 -0.689009 -0.562334 -0.473381 0.723824 -0.501985 0.752903 0.036682 -0.657108
-0.265030 -2.493309 4.480692 30.277732 0.372360 0.780530 0.502117 -0.551491 0.621230 -0.556714 0.746462 0.069615 -0.661776
-0.386969 -2.838928 5.918697 33.046922 0.354086 0.787939 0.503761 -0.523609 0.613345 -0.591304 0.774891 0.054401 -0.629749
0.778819 -3.352686 49.256396 -7.456929 0.315518 0.861945 0.396862 0.569041 0.162817 -0.806029 0.759369 -0.480147 0.439110
0.051410 -3.135891 46.173970 -9.108804 0.334192 0.863599 0.377508 0.631463 0.092192 -0.769906 0.699693 -0.495679 0.514521
-0.570692 -3.187551 33.027135 -5.503935 0.303275 0.845815 0.438887 0.585722 0.197832 -0.785998 0.751635 -0.495439 0.435414
0.018815 -3.414183 44.645552 -1.326463 0.287143 0.850468 0.440741 0.521005 0.247439 -0.816901 0.803805 -0.464196 0.372047
1.407634 -3.667722 44.626997 -4.147976 0.317197 0.848051 0.424495 0.481923 0.241369 -0.842313 0.816784 -0.471753 0.332134
-2.396924 -5.069760 9.730002 -9.180575 -0.514202 -0.795942 -0.319489 0.694636 -0.167990 -0.699471 0.503068 -0.581598 0.639271
-2.229253 -5.196456 14.532364 18.272769 -0.444353 -0.788033 -0.426093 0.782560 -0.109927 -0.612794 0.436063 -0.605740 0.665529
-2.071384 -5.241497 15.226299 -10.181133 -0.529182 -0.764506 -0.368098 0.680523 -0.123283 -0.722281 0.506808 -0.632718 0.585503
-2.556944 -4.975769 9.097748 18.773571 -0.369747 -0.836702 -0.404001 0.831769 -0.104302 -0.545235 0.414061 -0.537635 0.734508
-2.584794 -4.752165 1.759094 -14.826431 -0.491702 -0.832160 -0.256398 0.713186 -0.215927 -0.666890 0.499596 -0.510770 0.699656
0.842104 -5.073367 -188.220553 143.183663 0.117936 0.930493 -0.346805 -0.172803 0.363144 0.915568 -0.977870 0.048049 -0.203620
-2.129825 -108.929100 -298.643923 3018.933362 0.187701 0.890346 -0.414791 -0.352040 0.455223 0.817827 -0.916971 0.007484 -0.398883
3.610244 -12.084344 -48.165898 275.935064 0.215995 0.971880 -0.093788 -0.354932 0.167638 0.919740 -0.909598 0.165371 -0.381160
-5.231819 -14.606850 19.491020 -513.550512 -0.251408 0.204893 0.945946 0.138930 0.974855 -0.174230 -0.957858 0.087617 -0.273552
2.918039 -6.498412 -49.924595 261.362855 0.185084 0.975326 -0.120341 -0.171562 0.152645 0.973276 -0.967631 0.159492 -0.195581
3.145599 -1.111746 -82.377417 61.203453 0.212696 0.879662 -0.425387 -0.093720 0.451708 0.887230 -0.972613 0.148843 -0.178518
-2.361404 -4.889877 92.046617 -206.546450 -0.161617 -0.312070 0.936212 -0.018934 0.949490 0.313227 -0.986672 0.032896 -0.159363
1.616263 -1.454053 15.613720 -1.962917 0.169013 0.978493 0.118265 -0.638501 0.200108 -0.743151 0.750834 -0.050089 -0.658589
1.789907 -1.494063 0.452973 -4.892805 0.255899 0.961462 0.100532 -0.635823 0.245733 -0.731672 0.728179 -0.123313 -0.674203
1.845284 -1.379768 -0.109191 -3.127068 0.249060 0.963216 0.100920 -0.606597 0.236378 -0.759055 0.754989 -0.127833 -0.643157
1.466294 -1.301047 -24.963396 -5.124185 0.322879 0.944010 0.067774 -0.586666 0.255820 -0.768361 0.742679 -0.208327 -0.636418
1.955012 -1.334379 -5.308938 -0.113321 0.268470 0.954438 0.130277 -0.564702 0.265503 -0.781422 0.780407 -0.136220 -0.610253
1.810262 -1.431334 16.189792 -1.364406 0.180865 0.974690 0.131404 -0.597942 0.215053 -0.772151 0.780867 -0.061083 -0.621704
0.110775 -0.663307 7.317409 -3.732311 0.358296 0.924653 0.129003 0.924404 -0.370715 0.089705 -0.130769 -0.087110 0.987579
-0.219723 -0.813653 5.280107 -4.312359 0.184782 0.976309 0.112586 0.972849 -0.197955 0.119911 -0.139357 -0.087371 0.986380
0.059458 -0.886588 10.390881 -8.298007 0.411290 0.902156 0.130215 0.903779 -0.422181 0.070329 -0.118422 -0.088760 0.988988
0.583837 -0.747574 21.082244 -6.972801 0.534035 0.835111 0.131895 0.838211 -0.543360 0.046495 -0.110495 -0.085725 0.990173
0.184878 -3.090249 -0.614743 0.719098 0.694367 0.598316 0.399841 0.459746 0.058619 -0.886114 0.553614 -0.799113 0.234370
0.120267 -3.299177 1.398067 9.271553 0.687657 0.597856 0.411942 0.498131 0.024274 -0.866762 0.528198 -0.801236 0.281119
0.154416 -3.458528 -2.197647 17.817703 0.682761 0.595619 0.423173 0.509711 0.026677 -0.859932 0.523481 -0.802824 0.285379
-1.996320 -28.807245 -180.496753 -780.026371 -0.631202 0.772148 0.073286 0.020893 0.111380 -0.993558 0.775337 0.625605 0.086436
-3.980959 -20.962603 -24.918339 -305.291447 0.035287 0.062138 -0.997444 -0.456963 0.888622 0.039192 0.888785 0.454412 0.059752
-7.271281 -12.977693 -95.540618 147.992313 -0.260687 0.444502 -0.857007 -0.550068 0.661130 0.510228 0.793390 0.604421 0.072159
-3.782473 -29.942393 -158.644378 -941.260329 -0.554543 0.784558 -0.277401 0.249515 -0.161250 -0.954851 0.793867 0.598721 0.106339
-7.802233 -52.542768 209.823962 1353.783972 -0.344099 0.348016 0.872055 0.645414 -0.586886 0.488882 0.681936 0.731061 -0.022668
-7.644559 -10.103422 -74.947781 188.299899 -0.280022 0.501202 -0.818770 -0.496520 0.654339 0.570358 0.821618 0.566248 0.065627
-0.045475 -2.184427 -6.266021 22.327051 0.259499 0.244869 -0.934184 0.719925 -0.693815 0.018119 -0.643714 -0.677244 -0.356332
0.464770 -3.915753 -15.562218 94.918572 0.309864 0.168364 -0.935755 0.682965 -0.724132 0.095868 -0.661470 -0.668795 -0.339369
-0.125714 -2.847067 -15.542059 56.268999 0.182794 0.285725 -0.940717 0.753383 -0.655467 -0.052693 -0.631665 -0.699088 -0.335076
-0.160156 -4.382719 -2.172987 10.379441 -0.634532 -0.624804 -0.454961 0.770024 -0.460339 -0.441759 0.066576 -0.630641 0.773214
-0.269827 -4.644398 -1.331388 17.014037 -0.600561 -0.641744 -0.476960 0.799574 -0.479881 -0.361104 0.002852 -0.598230 0.801319
-0.231775 -4.441907 -5.507765 3.673474 -0.632220 -0.629589 -0.451569 0.770242 -0.447679 -0.454214 0.083810 -0.634981 0.767968
-4.324278 -5.933798 2.830850 83.725282 0.783772 0.344826 0.516523 -0.525322 0.811725 0.255224 0.331267 0.471378 -0.817352
-3.747091 -5.561295 30.318286 -23.916028 0.314309 0.724566 0.613363 0.848508 -0.504169 0.160769 0.425726 0.469913 -0.773265
-2.921005 -4.982637 -10.739685 -26.050055 0.093776 0.785149 0.612166 0.916077 -0.308838 0.255777 0.389883 0.536806 -0.748219
1.610683 -3.923367 -161.863764 18.146626 -0.384446 0.381708 0.840536 0.675570 0.736850 -0.025628 -0.629131 0.557988 -0.541150
0.227119 -3.040057 -147.476877 3.368572 -0.248630 0.473475 0.844988 0.765997 0.630044 -0.127647 -0.592817 0.615521 -0.519328
1.861082 -4.295463 -180.801364 2.314105 -0.167212 0.587229 0.791961 0.799064 0.551253 -0.240034 -0.577526 0.592691 -0.561410
-0.199844 -6.086561 24.719725 -30.639290 0.028230 0.482977 0.875178 0.758980 0.559402 -0.333194 -0.650501 0.673649 -0.350779
-0.214234 -6.548918 32.154793 -100.626837 0.300654 0.599385 0.741852 0.770858 0.305300 -0.559079 -0.561591 0.739952 -0.370252
-5.133076 -5.215565 -27.704198 52.360337 -0.353618 0.446624 -0.821877 0.346897 0.878606 0.328197 0.868687 -0.169051 -0.465624
-3.402508 -4.568522 1.989607 -4.116060 0.289776 0.767889 0.571293 -0.197070 0.631984 -0.749506 0.936586 -0.104605 -0.334461
-4.276054 -4.696698 55.252063 9.902377 0.309818 0.821601 0.478524 -0.199218 0.548211 -0.812267 0.929691 -0.156325 -0.333523
-2.927926 -3.374193 -5.196442 11.888618 -0.511756 0.841106 0.175064 0.806712 0.400363 0.434656 0.295502 0.363664 -0.883418
-2.539552 -3.177721 -29.296996 -9.338824 -0.117673 0.958460 0.259821 -0.933173 -0.017246 -0.359014 0.339620 0.284704 -0.896438
-1.468344 -3.942242 6.555800 -2.298378 0.603584 0.612229 0.510747 -0.164455 0.722420 -0.671613 -0.780154 0.321380 0.536725
-1.275503 -3.905821 5.160359 -4.183472 0.613637 0.589744 0.525026 -0.231926 0.770229 -0.594103 -0.754758 0.242797 0.609417
-1.164468 -3.907153 18.526967 1.395172 0.649795 0.560774 0.513126 -0.158254 0.760084 -0.630260 -0.743453 0.328336 0.582643
-0.420207 -3.626462 -2.501974 -9.667006 0.389857 0.767678 0.508608 -0.659282 -0.152929 0.736179 -0.642930 0.622320 -0.446496
-0.431810 -3.314568 -1.952854 -1.275192 0.371648 0.756845 0.537646 -0.577843 -0.264687 0.772035 -0.726619 0.597600 -0.338967
-0.238934 -3.341227 -4.577126 15.960423 -0.411037 -0.648864 -0.640331 0.655417 0.277871 -0.702294 0.633622 -0.708353 0.311061
0.511502 -3.867063 -36.994526 34.833068 -0.441292 -0.655589 -0.612751 0.662734 0.222277 -0.715106 0.605016 -0.721662 0.336392
0.099855 -3.344587 -1.894677 -22.901218 0.363773 0.838780 0.405113 -0.213805 -0.348112 0.912746 -0.906618 0.418648 -0.052702
0.030481 -3.402710 -1.326902 -24.495715 0.360027 0.839511 0.406942 -0.180715 -0.365176 0.913230 -0.915272 0.402328 -0.020239
-0.369797 -4.016736 7.584465 74.287324 0.600518 0.757204 0.256945 -0.076268 0.374114 -0.924241 0.795966 -0.535427 -0.282413
-0.316241 -4.629943 12.724688 83.645639 0.590411 0.758348 0.276267 -0.020558 0.356313 -0.934140 0.806841 -0.545847 -0.225962
-0.516759 -6.031198 9.233496 83.984910 0.593778 0.728296 0.342072 0.088297 0.363585 -0.927367 0.799770 -0.580854 -0.151583
-0.663747 -5.513580 2.713947 85.757285 0.619574 0.703422 0.348318 0.033190 0.419878 -0.906973 0.784236 -0.573498 -0.236799
-0.474078 -8.142980 -2.348840 -42.653021 0.462759 0.807704 0.365334 0.836687 -0.261771 -0.481072 -0.292930 0.528291 -0.796932
0.102843 -8.708915 -14.279229 95.365719 0.615646 0.660738 0.429426 -0.117980 0.616082 -0.778796 0.779141 -0.428799 -0.457242
0.215084 -9.661547 -1.593789 67.868909 0.588088 0.671161 0.451327 0.030554 0.539188 -0.841631 0.808220 -0.508743 -0.296583
0.203271 -8.312713 -3.322491 73.214335 0.585330 0.684260 0.434945 -0.208120 0.645267 -0.735062 0.783629 -0.339733 -0.520102
0.161266 -7.068940 -7.661799 63.805891 0.585090 0.698364 0.412259 -0.297132 0.657610 -0.692287 0.754574 -0.282555 -0.592267
0.037917 -6.887108 -7.534216 80.711574 0.590419 0.697013 0.406912 -0.306410 0.659999 -0.685941 0.746671 -0.280311 -0.603248
0.979738 -1.461584 29.944163 10.939446 0.909433 -0.411112 -0.062604 -0.413580 -0.909870 -0.032984 0.043401 -0.055888 0.997493
0.721270 -1.879222 26.983761 -15.398429 0.929034 -0.365236 -0.059143 0.365045 0.930879 -0.014393 0.060312 -0.008218 0.998146
0.332889 -1.382314 23.139234 10.740492 0.951026 -0.301105 -0.069888 -0.305574 -0.949902 -0.065654 0.046618 -0.083795 0.995392
1.713413 -2.795172 12.056426 45.127173 -0.517152 0.591434 0.618676 0.848299 0.258111 0.462349 0.113762 0.763927 -0.635196
1.448651 -1.960309 28.959012 22.958810 -0.543051 0.560524 0.625227 0.831342 0.254101 0.494271 0.118180 0.788192 -0.603976
0.612477 -1.637995 35.476868 13.538540 -0.522840 0.532632 0.665539 0.846915 0.235900 0.476536 0.096818 0.812807 -0.574432
0.105901 -4.417783 3.916870 -37.554977 0.541234 0.731480 0.414731 -0.349777 0.644368 -0.680034 0.764671 -0.222994 -0.604609
0.014328 -4.850997 -2.707450 -19.632537 0.528710 0.765205 0.367325 -0.508366 0.632023 -0.584902 0.679728 -0.122508 -0.723161
-0.057798 -5.578902 1.229125 -5.488655 0.501870 0.791942 0.347786 -0.634466 0.610350 -0.474264 0.587861 -0.017361 -0.808776
-0.316313 -2.630669 -15.467949 2.790970 0.358433 0.755344 0.548617 0.460851 -0.654232 0.599664 -0.811876 -0.037892 0.582599
-0.299194 -2.843977 -9.364721 -12.280959 0.382953 0.723831 0.573947 0.477238 -0.686997 0.547977 -0.790943 -0.064059 0.608528
-0.377547 -2.601586 -7.164898 18.016831 0.287930 0.849801 0.441515 0.485858 -0.526926 0.697346 -0.825251 -0.013727 0.564600
0.139799 -6.514985 -5.128184 -11.937116 0.550936 0.746023 0.374059 -0.417555 0.634494 -0.650435 0.722577 -0.202158 -0.661071
-0.235994 -18.004604 11.248932 60.896859 -0.661812 -0.278691 -0.695943 0.740439 -0.097767 -0.664975 0.117282 -0.955391 0.271057
-0.143262 -16.900174 -14.514256 66.010686 0.692215 0.281469 0.664540 0.643294 0.176736 -0.744941 0.327126 -0.943154 0.058728
-0.225562 -15.237825 -8.554910 27.070156 0.701789 0.296559 0.647722 0.595208 0.255500 -0.761871 0.391433 -0.920202 -0.002793
0.488938 -19.221054 7.423098 -24.468228 0.590323 0.471272 0.655302 0.806876 -0.366323 -0.463420 0.021655 0.802315 -0.596508
0.424515 -18.776292 10.878079 113.804431 0.602621 0.450977 0.658382 0.715676 -0.670412 -0.195845 0.353066 0.589209 -0.726758
1.702423 -0.718129 22.936052 -0.537820 0.417635 0.888547 0.189908 0.875861 -0.449300 0.176057 -0.241760 -0.092806 0.965888
1.583089 -0.851143 29.221103 6.730863 0.514475 0.839235 0.176071 0.823336 -0.540834 0.172097 -0.239654 -0.056426 0.969217
0.980243 -0.579759 28.649249 1.089430 0.504525 0.851249 0.144321 0.837249 -0.523188 0.159024 -0.210876 -0.040600 0.976669
1.005575 -0.772553 31.004574 7.418172 0.578714 0.802058 0.147623 0.785985 -0.596816 0.161363 -0.217526 -0.022647 0.975792
1.339420 -1.218733 28.700089 15.757927 0.579123 0.799123 0.161303 0.779409 -0.600738 0.177863 -0.239036 -0.022716 0.970745
-0.622980 -12.597925 -15.393995 22.296003 0.487303 0.605430 0.629278 -0.375406 -0.505393 0.776948 -0.788420 0.614843 0.018997
-0.373159 -15.279757 -25.072896 -171.114030 0.491829 0.671863 0.553810 -0.118712 -0.578373 0.807089 -0.862561 0.462693 0.204702
0.016458 -1.266887 15.156495 16.242437 0.418477 0.519297 0.745122 0.742467 -0.668114 0.048642 0.523087 0.532873 -0.665152
1.061218 -1.764582 38.926853 25.291670 0.496966 0.443634 0.745798 0.689061 -0.724147 -0.028403 0.527466 0.528015 -0.665567
0.775948 -1.114609 -35.556632 -9.795794 -0.365998 -0.546752 -0.753066 -0.748717 0.653591 -0.110646 0.552692 0.523337 -0.648575
-0.201932 -0.934361 16.025080 -5.933642 0.305057 0.603484 0.736714 -0.782947 0.599326 -0.166740 0.542157 0.525943 -0.655324
2.057937 -3.596779 -20.851230 -3.196388 0.542314 0.703768 0.458919 -0.332258 -0.322046 0.886505 -0.771687 0.633243 -0.059182
1.142995 -3.681163 -58.820450 -3.362859 0.466273 0.749491 0.469949 -0.250943 -0.397351 0.882689 -0.848302 0.529505 -0.002806
1.152711 -3.542810 -62.428427 -2.123515 0.463792 0.759624 0.455925 -0.333142 -0.327318 0.884239 -0.820922 0.561991 -0.101256
1.826180 -3.480608 -58.827947 -3.325244 0.493594 0.755562 0.430686 -0.404535 -0.238918 0.882763 -0.769881 0.609954 -0.187723
-1.762122 -3.742958 2.672677 2.331754 0.700608 0.179509 0.690598 -0.422503 0.884297 0.198770 -0.575013 -0.431039 0.695389
-1.929020 -4.084435 7.228140 7.069342 0.718554 0.066727 0.692262 -0.397899 0.855823 0.330518 -0.570400 -0.512946 0.641506
-0.189247 -5.984486 2.700977 6.140853 0.433326 0.838432 0.330545 0.852406 -0.262195 -0.452392 -0.292632 0.477792 -0.828300
-0.266853 -5.982508 -4.313680 3.205773 0.433466 0.843392 0.317487 0.847294 -0.261432 -0.462327 -0.306922 0.469408 -0.827922
-0.190505 -5.917726 -5.715604 -3.760552 0.428532 0.850391 0.305280 0.882283 -0.321011 -0.344280 -0.194774 0.416879 -0.887849
-0.323118 -5.881341 0.625656 -15.951586 0.444014 0.832375 0.331668 0.869985 -0.311911 -0.381886 -0.214421 0.458109 -0.862647
2.383524 -11.136815 -23.480087 -216.553033 0.337934 0.677875 0.652906 0.747518 0.228187 -0.623817 -0.571855 0.698868 -0.429612
2.651497 -28.613318 -27.277777 -726.263168 0.220042 0.688930 0.690620 0.911400 0.107192 -0.397315 -0.347752 0.716858 -0.604305
3.324669 -10.773471 -45.335415 -141.033102 0.267516 0.636330 0.723546 0.843655 0.208081 -0.494923 -0.465490 0.742824 -0.481178
4.349906 -25.081143 -66.486730 -529.875800 0.214964 0.616909 0.757109 0.927572 0.113626 -0.355949 -0.305615 0.778789 -0.547802
2.327209 -6.957312 -29.855474 -7.691156 0.329557 0.612584 0.718424 0.724222 0.324163 -0.608622 -0.605719 0.720874 -0.336816
3.937640 -10.097374 -47.221277 -119.427842 0.242640 0.564058 0.789281 0.851399 0.266180 -0.451961 -0.465023 0.781657 -0.415652
-1.654729 -25.228340 1.085718 680.786619 -0.269666 -0.200629 0.941822 0.961459 -0.110570 0.251734 0.053632 0.973408 0.222713
-3.903914 -93.111695 -14.566075 2912.838492 -0.321458 -0.282161 0.903908 0.881945 0.258299 0.394277 -0.344728 0.923941 0.165819
-0.197882 -107.781384 -27.558953 3358.059137 -0.185242 -0.250970 0.950105 0.982595 -0.033681 0.182679 -0.013847 0.967409 0.252841
-1.068712 -10.258662 -40.757004 -48.329257 -0.594508 -0.670395 -0.443994 -0.603947 0.736827 -0.303865 0.530856 0.087499 -0.842933
-0.913521 -2.691029 7.684281 19.184714 -0.087649 0.622505 0.777692 0.991652 -0.019594 0.127447 0.094575 0.782371 -0.615591
-0.560899 -2.506445 19.804571 22.265103 -0.246404 0.588737 0.769853 0.966747 0.093201 0.238149 0.068456 0.802933 -0.592125
-0.813226 -1.977090 7.137985 3.357381 0.028949 0.597386 0.801431 0.989912 -0.128381 0.059939 0.138695 0.791611 -0.595076
-2.091621 -3.711358 14.544130 -7.148510 0.451151 -0.180869 -0.873928 0.558754 0.820813 0.118572 0.695885 -0.541805 0.471372
-1.789637 -3.537548 10.697028 -6.285823 0.327846 -0.270256 -0.905251 0.627415 0.778668 -0.005240 0.706306 -0.566250 0.424846
-2.093494 -3.838964 6.878977 -3.072376 0.391220 -0.193968 -0.899624 0.514592 0.856543 0.039101 0.762982 -0.478237 0.434911
-1.871083 -3.640172 -2.056968 -5.581581 0.234162 -0.351947 -0.906257 0.610996 0.778352 -0.144404 0.756209 -0.519906 0.397298
-2.273612 -4.013461 12.383585 -5.925401 0.484265 -0.101463 -0.869018 0.421854 0.897249 0.130321 0.766503 -0.429709 0.477309
-2.306674 -3.993111 4.823518 -7.576039 0.426608 -0.132215 -0.894721 0.391783 0.918640 0.051055 0.815176 -0.372316 0.443698
-2.228767 -3.872829 -3.597283 -5.543096 0.311475 -0.269043 -0.911372 0.488324 0.868074 -0.089369 0.815183 -0.417209 0.401763
-0.533099 -0.825132 2.389719 -4.415982 -0.465944 0.428673 -0.774039 0.419546 0.877247 0.233279 0.779023 -0.216050 -0.588596
-0.293661 -0.712918 -23.180714 -4.391870 0.271899 0.961072 -0.049100 -0.586934 0.125185 -0.799898 0.762614 -0.246310 -0.598123
-0.503740 -0.867318 -3.118560 -1.236624 -0.101711 0.876094 -0.471290 -0.634665 -0.421958 -0.647419 0.766064 -0.233262 -0.598944
0.083561 -1.002533 -28.128791 -10.361910 0.273182 0.959706 -0.065846 -0.608792 0.119484 -0.784280 0.744811 -0.254338 -0.616903
-0.544368 -0.972347 -7.054685 5.008913 -0.383633 0.583504 -0.715785 0.490145 0.785563 0.377688 0.782677 -0.205945 -0.587370
