17211
34404
-6.338973 -8.401907 92.060874 105.454758 -0.280990 0.957968 0.057818 -0.954809 -0.272966 -0.117595 0.096870 0.088248 -0.991377
-7.205512 -9.608922 85.963894 93.972245 -0.307284 0.949383 0.065183 -0.930123 -0.285161 -0.231418 0.201117 0.131740 -0.970668
-7.765851 -12.343591 -29.526821 393.952441 0.513736 0.838668 0.180863 -0.836262 0.536596 -0.112832 0.191679 0.093283 -0.977015
-5.169087 -8.445677 -21.296948 -105.461784 -0.554482 0.830179 0.057899 0.827333 0.542397 0.146032 0.089829 0.128874 -0.987584
-5.958942 -8.847867 -38.821488 -226.442895 0.260913 0.963335 0.062532 0.964529 -0.262831 0.024568 0.040103 0.053904 -0.997740
-5.083843 -7.297790 26.042319 -86.999311 -0.511980 0.857623 0.048569 0.858900 0.510251 0.043988 0.012942 0.064237 -0.997851
2.699537 -10.695101 -83.153416 196.857883 0.193516 0.880588 -0.432570 -0.476945 0.469737 0.742880 -0.857365 -0.062553 -0.510894
3.778788 -10.424015 -67.518269 136.298969 0.289801 0.842440 -0.454213 -0.429026 0.538573 0.725173 -0.855542 0.015287 -0.517508
4.391316 -7.951154 -80.948006 99.135339 0.193672 0.897774 -0.395593 -0.362400 0.440176 0.821530 -0.911678 0.015744 -0.410603
3.176872 -8.540444 -53.085834 164.234013 0.116905 0.927643 -0.354698 -0.420567 0.369784 0.828483 -0.899698 -0.052320 -0.433366
5.787088 -6.898515 -26.927413 9.984538 0.172443 0.937671 -0.301723 -0.272267 0.339752 0.900244 -0.946644 0.073092 -0.313884
4.696825 -6.551894 -14.981038 105.727145 0.082620 0.954327 -0.287114 -0.319766 0.298251 0.899331 -0.943888 -0.017506 -0.329802
-7.382770 -8.775151 -79.824409 -63.769632 0.586354 0.775953 -0.232565 -0.174315 0.401236 0.899235 -0.791077 0.486731 -0.370526
-7.024620 -8.205113 -80.608626 -61.357933 0.576099 0.765099 -0.287634 -0.224436 0.486439 0.844396 -0.785963 0.421900 -0.451953
-6.473879 -8.765652 -56.032809 -71.497219 0.491714 0.841199 -0.224946 -0.234261 0.376606 0.896264 -0.838653 0.388010 -0.382243
-6.734671 -9.282757 -49.716357 -26.613893 0.540456 0.817234 -0.200090 -0.104601 0.301232 0.947796 -0.834845 0.491312 -0.248286
-0.974549 -2.485527 24.686227 43.280332 0.221257 0.946128 0.236405 -0.912106 0.286554 -0.293171 0.345120 0.150760 -0.926371
-0.187756 -2.430438 43.387683 58.047463 0.431352 0.846774 0.311302 -0.832629 0.506503 -0.224019 0.347368 0.162568 -0.923530
-0.236862 -3.083537 29.598433 46.784918 0.401760 0.866336 0.296734 -0.832987 0.480347 -0.274590 0.380422 0.136857 -0.914631
-0.659247 -3.353592 24.587975 43.806179 0.290784 0.923059 0.251807 -0.872756 0.363747 -0.325553 0.392099 0.125100 -0.911377
-1.310436 -3.273498 1.766578 0.583631 -0.056721 0.992090 0.111984 -0.937594 -0.014388 -0.347435 0.343075 0.124702 -0.930993
3.317377 -6.748280 -124.793972 227.835072 0.277257 -0.658357 0.699782 0.149669 0.749039 0.645399 -0.949067 -0.074206 0.306212
3.357098 -12.806816 -182.127434 470.233349 0.282580 -0.628757 0.724439 0.040492 0.762365 0.645879 -0.958389 -0.153179 0.240889
1.781918 -11.335451 -87.407639 402.775482 0.270481 -0.568526 0.776929 0.048224 0.813998 0.578863 -0.961517 -0.119105 0.247587
4.562453 -6.178126 -108.874648 183.855987 0.350325 -0.646277 0.677937 0.097728 0.745077 0.659780 -0.931516 -0.164884 0.324178
3.870374 -4.082153 42.558575 42.120150 -0.298976 0.717115 -0.629571 0.211108 0.693105 0.689231 -0.930616 -0.073156 0.358610
4.163113 -4.364812 -67.708109 63.140655 0.338082 -0.681788 0.648741 0.158398 0.720720 0.674887 -0.927691 -0.125407 0.351656
2.134813 -6.594538 199.356254 73.669613 -0.414360 0.721528 0.554710 -0.179871 -0.662397 0.727239 -0.892162 -0.201563 -0.404253
2.671022 -6.006988 149.555319 13.943277 -0.463280 0.695236 0.549561 -0.090712 -0.654069 0.750976 -0.881557 -0.298061 -0.366083
3.104990 -6.431565 -61.880533 49.584071 -0.568242 0.681280 0.461475 -0.180032 -0.650163 0.738158 -0.802926 -0.336372 -0.492101
2.670089 -8.134767 111.372765 126.653574 -0.462666 0.747551 0.476559 -0.281034 -0.633503 0.720898 -0.840809 -0.199606 -0.503187
1.547449 -8.618501 287.981526 172.681467 -0.363207 0.776586 0.514776 -0.279585 -0.617890 0.734877 -0.888770 -0.122989 -0.441544
1.342084 -8.125852 -101.420209 -19.817313 0.018772 -0.583383 -0.811980 0.962055 0.231645 -0.144188 0.272208 -0.778463 0.565595
2.770090 -8.173196 -134.835386 -160.970788 0.072742 -0.576218 -0.814053 0.988594 0.149578 -0.017538 0.131870 -0.803492 0.580526
1.379388 -8.836381 -93.564092 -63.722416 0.014377 -0.600541 -0.799465 0.984864 0.146627 -0.092431 0.172732 -0.786035 0.593559
-0.560841 -14.038530 -29.829525 122.868428 0.077893 -0.561697 -0.823668 -0.322946 0.767416 -0.553876 0.943206 0.309144 -0.121622
-0.236410 -14.949256 -17.100991 61.128221 0.056252 -0.492758 -0.868346 -0.101501 0.862395 -0.495956 0.993244 0.116037 -0.001504
-0.889333 -16.612606 -38.385621 77.475511 0.060408 -0.501362 -0.863126 -0.119855 0.854806 -0.504917 0.990952 0.133951 -0.008454
-1.357676 -15.961314 -44.310527 164.582859 0.077972 -0.581906 -0.809510 -0.332463 0.750325 -0.571385 0.939888 0.313684 -0.134958
-0.938976 -13.291587 -41.335388 145.054720 0.103643 -0.607708 -0.787369 -0.460548 0.672330 -0.579541 0.881563 0.422687 -0.210197
-1.711336 -12.934191 18.417225 -136.526466 0.043649 0.109875 0.992987 -0.529713 0.845263 -0.070245 -0.847053 -0.522932 0.095097
-1.371722 -11.390222 23.613481 -61.296181 0.054014 0.113478 0.992071 -0.643490 0.763664 -0.052317 -0.763546 -0.635562 0.114270
-1.476881 -12.938331 46.596072 -136.918085 0.088527 0.110221 0.989957 -0.538264 0.841543 -0.045563 -0.838114 -0.528825 0.133827
-1.863630 -12.016980 -0.957603 -82.573200 -0.014928 0.114917 0.993263 -0.583928 0.805378 -0.101955 -0.811668 -0.581516 0.055081
-2.209488 -13.807373 -34.602162 -119.416059 -0.029131 0.110053 0.993499 -0.454481 0.883785 -0.111225 -0.890280 -0.454767 0.024271
-1.253191 -15.676421 8.459019 -300.724985 0.033987 -0.095071 -0.994890 0.120302 0.988616 -0.090362 0.992155 -0.116616 0.045037
-1.240404 -15.787153 -18.422472 -261.100398 0.082556 -0.059845 -0.994788 0.090104 0.994555 -0.052354 0.992505 -0.085312 0.087499
-1.126670 -12.859571 -8.481027 -440.340731 0.061954 -0.064761 -0.995976 0.312073 0.949116 -0.042301 0.948036 -0.308196 0.079012
-1.604024 -18.796570 -19.658696 -133.889182 0.073304 -0.075957 -0.994413 -0.106579 0.990789 -0.083536 0.991598 0.112108 0.064534
-0.797798 -12.070038 15.710385 -450.068992 0.017032 -0.103028 -0.994533 0.363659 0.927191 -0.089824 0.931376 -0.360141 0.053259
-1.801392 -19.120501 -17.812298 -165.710983 0.046551 -0.100133 -0.993884 -0.108827 0.988533 -0.104691 0.992970 0.113035 0.035120
-1.505758 -18.298614 43.005453 -190.560025 0.001997 -0.123670 -0.992321 -0.047027 0.991214 -0.123627 0.998892 0.046913 -0.003837
-0.823422 -14.725017 42.073347 -389.845945 -0.015268 -0.138929 -0.990185 0.204756 0.968879 -0.139097 0.978694 -0.204870 0.013654
0.802823 -4.051093 116.914420 48.103417 0.985093 0.108126 0.133793 -0.004782 -0.760249 0.649614 -0.171957 0.640570 0.748399
-0.769936 -4.835423 76.901855 43.742513 0.974491 0.217976 0.053416 0.118173 -0.700722 0.703579 -0.190793 0.679320 0.708606
-1.007289 -4.391131 79.567955 49.809399 0.975994 0.203212 0.078363 0.100969 -0.740961 0.663915 -0.192979 0.640064 0.743691
-1.632934 -5.180773 31.768737 34.339105 0.954573 0.297961 0.003106 0.199726 -0.647527 0.735404 -0.221133 0.701376 0.677622
-2.221631 -5.223100 59.909780 23.210476 0.944410 0.328568 -0.011547 0.228151 -0.629680 0.742597 -0.236723 0.703951 0.669639
-2.225702 -4.368125 73.137750 59.045973 0.942066 0.335079 -0.015293 0.262542 -0.708219 0.655361 -0.208767 0.621408 0.755161
-1.509534 -10.907274 33.162037 76.190209 -0.296396 0.769501 0.565701 0.833285 -0.081068 0.546868 0.466675 0.633480 -0.617185
-1.100153 -10.639278 40.477763 98.067338 -0.300526 0.749237 0.590193 0.811979 -0.123657 0.570438 0.500375 0.650656 -0.571203
-1.566123 -10.777783 26.685765 34.787486 -0.259247 0.768129 0.585465 0.762666 -0.209105 0.612058 0.592563 0.605189 -0.531616
-2.046353 -11.241819 9.427047 41.524259 -0.252832 0.793886 0.553010 0.806998 -0.142251 0.573166 0.533695 0.591193 -0.604699
-1.962420 -11.338549 -5.828053 71.308876 -0.279451 0.801496 0.528689 0.865890 -0.027564 0.499474 0.414899 0.597365 -0.686305
3.094254 -6.502023 -42.474717 5.929314 -0.422389 0.727793 0.540282 0.130507 -0.541022 0.830820 -0.896970 -0.421440 -0.133539
2.415421 -6.420487 21.499473 38.269940 -0.385629 0.726874 0.568282 0.231660 -0.519912 0.822208 -0.893098 -0.448715 -0.032105
2.464912 -6.567840 -13.627834 50.824237 -0.455888 0.719746 0.523576 0.190430 -0.495763 0.847322 -0.869426 -0.485989 -0.088951
2.668293 -6.281472 -38.642209 16.149260 -0.454209 0.734055 0.504834 0.094741 -0.523647 0.846651 -0.885843 -0.432385 -0.168300
3.274516 -6.135478 -126.521773 -30.034050 -0.476269 0.695374 0.538166 0.023099 -0.601934 0.798212 -0.878996 -0.392594 -0.270620
3.450233 -6.686263 -53.471536 -141.874130 -0.385138 0.705553 0.594864 0.028826 -0.635076 0.771911 -0.922409 -0.314440 -0.224253
3.135279 -6.649154 15.644287 47.688032 0.177825 0.857382 0.482985 -0.511288 0.499858 -0.699090 0.840811 0.122629 -0.527256
3.116299 -7.029756 63.142401 64.844584 0.163701 0.856786 0.488998 -0.429823 0.508107 -0.746377 0.887950 0.088000 -0.451444
2.993182 -7.290520 67.073868 127.583316 0.122717 0.860754 0.494006 -0.496190 0.484303 -0.720587 0.859498 0.156693 -0.486530
-7.769154 -21.351775 202.942183 255.265595 0.267680 0.684932 -0.677654 0.088598 0.682843 0.725173 -0.959426 0.254153 -0.122100
-8.333322 -22.579872 -222.893325 -157.049121 -0.265541 -0.686313 0.677099 -0.237589 0.727236 0.643956 -0.934366 0.010125 -0.356172
-10.598603 -21.994420 -239.432510 126.417557 -0.153348 -0.692818 0.704618 -0.030330 0.716016 0.697425 -0.987707 0.085577 -0.130813
-9.729082 -20.325371 197.913815 416.421114 0.154039 0.696682 -0.700647 0.284987 0.647647 0.706637 -0.946073 0.308525 0.098783
-12.179344 -21.969194 -92.754051 165.568309 0.058383 -0.661303 0.747843 -0.047117 0.746461 0.663759 -0.997182 -0.073989 0.012422
-11.620463 -20.901536 -129.535975 372.893367 -0.010066 -0.689151 0.724548 0.184183 0.710909 0.678738 -0.982840 0.140281 0.119774
0.679841 -3.559865 -138.788725 39.095500 0.180812 -0.577481 0.796129 0.281606 0.805979 0.520669 -0.942340 0.130052 0.308353
1.886043 -2.977062 -154.967581 22.930982 0.148278 -0.663224 0.733585 0.344917 0.729889 0.590165 -0.926847 0.165518 0.336984
2.323490 -3.190210 -137.035995 33.953305 0.179599 -0.643715 0.743892 0.299194 0.756108 0.582051 -0.937138 0.118032 0.328392
-0.222270 -3.409164 -154.812837 14.915976 0.160419 -0.613162 0.773497 0.332698 0.771379 0.542482 -0.929289 0.170316 0.327742
-1.291577 -3.990294 -101.975681 30.286211 0.229795 -0.475563 0.849137 0.239237 0.873317 0.424362 -0.943377 0.105629 0.314456
0.229536 -48.278769 82.669501 1455.063180 0.522278 0.649324 -0.552815 0.848212 -0.328575 0.415421 0.088101 -0.685869 -0.722372
-0.337075 -45.024616 -10.318352 1171.760615 0.518675 0.622456 -0.586110 0.854325 -0.350683 0.383601 0.033236 -0.699692 -0.713671
-0.142512 -51.728552 67.798241 1544.431632 0.532820 0.635811 -0.558433 0.818978 -0.553559 0.151152 -0.213021 -0.537881 -0.815663
1.196709 -61.321110 145.480523 1457.969651 0.533275 0.639995 -0.553194 0.818875 -0.554636 0.147726 -0.212277 -0.531775 -0.819850
-4.459611 -25.421302 94.098172 -833.090076 -0.354198 -0.585310 0.729353 0.933291 -0.270667 0.236025 0.059264 0.764298 0.642134
-3.546226 -26.225186 17.663922 -744.777394 -0.206407 -0.675128 0.708236 0.928577 -0.363333 -0.075726 0.308450 0.642021 0.701903
-2.833663 -35.262029 96.039227 -1315.423682 -0.401276 -0.531783 0.745778 0.893723 -0.405623 0.191648 0.200589 0.743423 0.638034
-60.894781 -424.498668 -2825.029794 1342.192503 0.953843 0.277810 -0.114039 -0.284535 0.957496 -0.047349 0.096038 0.077612 0.992347
537.835583 -5739.017312 -36212.051887 -1324926.644006 0.944992 0.273397 -0.179565 0.322218 -0.872511 0.367288 0.056257 0.404943 0.912610
-29.513737 -386.933284 -1189.636806 -18288.793133 0.865787 0.494434 -0.077117 0.356358 -0.717377 -0.598648 0.351314 -0.490820 0.797292
-14.738463 -394.230128 -579.398849 9361.927010 0.894643 0.445322 -0.036081 0.039635 -0.159545 -0.986395 0.445020 -0.881041 0.160386
-18.568447 -348.100534 -1193.058804 21291.552368 0.921848 0.387547 0.001956 -0.107884 0.261463 -0.959166 0.372233 -0.883994 -0.282839
-0.421492 -5.013891 17.733554 -83.629972 -0.566547 0.822379 -0.052121 -0.796196 -0.562615 -0.222568 0.212359 0.084597 -0.973523
-0.810031 -4.893340 16.737224 -78.185820 -0.490017 0.870793 -0.040033 -0.840208 -0.484044 -0.244440 0.232235 0.086144 -0.968838
-0.259068 -6.672911 21.235211 -102.268177 -0.531129 0.846092 -0.045067 -0.835208 -0.531764 -0.140196 0.142584 0.036822 -0.989098
-0.035678 -6.156736 12.025911 -99.982087 -0.589115 0.805755 -0.060844 -0.789589 -0.590026 -0.168581 0.171734 0.051272 -0.983808
-1.978609 -6.380143 60.118191 22.226752 -0.046830 0.997082 -0.060281 0.516836 0.075828 0.852720 -0.854803 -0.008778 0.518879
-1.456933 -6.269388 24.077228 -2.002604 -0.044096 0.997133 -0.061490 0.528964 0.075518 0.845278 -0.847498 -0.004747 0.530777
-1.519687 -6.198909 50.846547 -10.976581 -0.050974 0.993806 -0.098752 0.425133 0.111067 0.898290 -0.903694 -0.003806 0.428161
-1.498090 -6.168134 61.982128 -20.329379 -0.073214 0.986633 -0.145586 0.319369 0.161484 0.933770 -0.944798 -0.021869 0.326923
-2.172130 -6.563597 62.387154 -19.072551 -0.054462 0.997239 -0.050483 0.404104 0.068245 0.912164 -0.913090 -0.029278 0.406705
-3.092221 -4.602774 -76.102016 25.239414 -0.525124 0.723448 -0.448183 0.748466 0.643244 0.161355 -0.405023 0.250718 0.879259
-2.533944 -4.410125 69.678035 -5.808236 0.619876 -0.626495 0.472502 0.697649 0.715650 0.033641 -0.359222 0.308788 0.880687
-3.537379 -4.787281 -29.036525 40.746004 -0.315473 0.837801 -0.445609 0.852760 0.456290 0.254165 -0.416266 0.299815 0.858390
-3.734159 -5.171933 -35.896060 55.232669 -0.185711 0.907722 -0.376235 0.858772 0.336014 0.386789 -0.477516 0.251269 0.841928
0.030343 -5.170483 -64.705153 78.521009 -0.578863 0.721588 0.379775 0.214051 -0.314939 0.924660 -0.786829 -0.616543 -0.027850
0.579383 -4.597933 -62.195484 92.760864 -0.577387 0.709904 0.403312 0.263048 -0.305890 0.915007 -0.772936 -0.634403 0.010121
-0.865773 -4.578871 -65.419558 46.437699 -0.614135 0.752171 0.238908 0.175114 -0.165300 0.970573 -0.769528 -0.637898 0.030200
-1.282612 -5.447308 -98.843007 53.754883 -0.601408 0.739241 0.303036 0.148708 -0.269092 0.951565 -0.784980 -0.617343 -0.051903
-1.988150 -5.085736 -92.597587 45.956637 -0.621035 0.763908 0.175388 0.135949 -0.115391 0.983973 -0.771903 -0.634925 0.032191
-1.864961 -4.787214 -53.594049 -27.418745 -0.633354 0.773656 -0.017854 0.059088 0.071351 0.995700 -0.771603 -0.629576 0.090905
-1.076913 -4.294055 -38.395144 -45.140497 -0.646547 0.762664 0.017897 0.077275 0.042134 0.996119 -0.758950 -0.645421 0.086177
0.831445 -8.529940 -7.334428 71.642207 0.028845 -0.641808 -0.766323 -0.481361 0.662976 -0.573371 0.876047 0.385417 -0.289818
0.851050 -9.507843 -3.261935 97.902837 0.039188 -0.622005 -0.782032 -0.426643 0.697293 -0.575985 0.903571 0.356220 -0.238049
0.889509 -7.975130 4.785203 77.107508 -0.042774 0.642256 0.765295 -0.534828 0.632280 -0.560519 0.843878 0.433277 -0.316451
13.054645 -4.202173 240.289916 13.619125 -0.308723 0.944139 0.115291 0.947309 0.316094 -0.051868 -0.085413 0.093203 -0.991977
12.946673 -4.374426 215.626229 134.189865 -0.291171 0.956581 -0.013139 -0.949686 -0.287361 0.124581 -0.115396 -0.048753 -0.992122
10.452929 -4.457438 -210.901353 14.949763 -0.310594 0.931472 -0.189451 0.950530 0.305378 -0.056893 0.004860 -0.197750 -0.980241
14.335969 -3.282359 138.888758 270.868805 -0.305817 0.950845 0.048676 0.949482 0.300799 0.089461 0.070422 0.073576 -0.994800
3.161898 -89.407936 -67.004035 -3711.290667 -0.203335 0.044137 -0.978114 0.960797 -0.183307 -0.208007 -0.188476 -0.982064 -0.005134
2.640427 -47.494192 -25.601567 -1731.028528 -0.253062 0.073712 -0.964638 0.967055 -0.009212 -0.254400 -0.027638 -0.997237 -0.068952
2.168089 -31.329932 68.438140 -915.606025 -0.206820 0.088374 -0.974380 0.919029 -0.324041 -0.224461 -0.335575 -0.941906 -0.014200
2.550765 -13.960280 -86.610227 264.957102 -0.390928 0.234596 -0.890022 -0.316895 0.873549 0.369445 0.864149 0.426470 -0.267153
1.186379 -10.536580 74.783900 242.905696 -0.507553 0.293496 -0.810092 -0.317420 0.810378 0.492475 0.801021 0.507097 -0.318149
3.304682 -17.875984 42.502914 465.450501 -0.513892 0.313777 -0.798410 -0.143407 0.886187 0.440576 0.845783 0.340906 -0.410407
2.474426 -9.020188 -539.149932 602.046232 0.327595 0.916812 -0.228337 -0.147289 -0.189163 -0.970836 0.933267 -0.351672 -0.073067
0.539288 -11.649979 -438.877511 62.250109 0.319940 0.921100 -0.221842 0.093244 -0.263624 -0.960108 0.942838 -0.286491 0.170231
3.604527 -7.787912 -185.096177 303.867905 0.214907 0.971861 -0.096441 0.005769 -0.100010 -0.994970 0.976618 -0.213269 0.027099
6.191162 -1.636826 -315.268288 580.567806 0.221237 0.965954 0.134116 -0.183446 0.176290 -0.967093 0.957811 -0.189354 -0.216202
1.453663 -6.062602 -821.004983 612.580801 0.409325 0.910150 -0.063877 -0.232491 0.036347 -0.971919 0.882270 -0.412682 -0.226479
12.276545 -12.028600 73.177723 55.161727 0.026116 -0.884852 0.465139 0.981638 0.110652 0.155383 -0.188960 0.452540 0.871494
10.974153 -11.051511 -35.211406 -36.307311 -0.004689 -0.839820 0.542845 0.952285 0.161915 0.258720 -0.305173 0.518157 0.798989
12.429886 -11.788335 -109.739070 -56.236386 0.055496 -0.786131 0.615563 0.987289 0.135168 0.083612 -0.148935 0.603099 0.783639
15.102808 -11.613887 -503.747519 -39.279918 0.133304 0.707399 -0.694130 0.347712 -0.689243 -0.635642 0.928077 0.156623 0.337850
21.545231 -11.738398 -665.267322 105.374619 -0.012987 0.622780 -0.782289 -0.444358 0.697263 0.562468 0.895755 0.354921 0.267682
19.768415 -10.495484 -588.032675 24.561206 -0.080402 0.607440 -0.790286 -0.245236 0.756427 0.606364 0.966124 0.242559 0.088148
-1.655161 -5.394091 -31.532455 -63.614025 0.417450 -0.388951 0.821250 0.877555 0.407142 -0.253244 -0.235866 0.826409 0.511288
-0.742680 -6.602783 -75.378685 -175.435146 0.398814 -0.388292 0.830769 0.888723 0.387011 -0.245751 -0.226094 0.836332 0.499429
-0.852493 -4.859701 -93.471137 -116.638308 0.380062 -0.366982 0.849045 0.878233 0.431242 -0.206732 -0.290276 0.824230 0.486195
-0.872006 -2.954479 -80.365517 -39.218114 0.508013 -0.277397 0.815459 0.793926 0.517982 -0.318395 -0.334072 0.809163 0.483374
-1.559987 -4.041269 -53.336375 -23.749307 0.481741 -0.325403 0.813658 0.821861 0.489968 -0.290647 -0.304090 0.808730 0.503473
-1.171148 -3.423461 -22.369480 -69.545999 -0.222421 -0.849564 0.478300 0.870801 0.047512 0.489335 -0.438446 0.525342 0.729233
-1.414657 -4.198307 -6.228285 -32.834282 -0.179434 -0.848349 0.498103 0.913083 0.044844 0.405301 -0.366173 0.527534 0.766567
-1.219094 -3.295395 36.470322 -79.367604 -0.112493 -0.839878 0.530989 0.885146 0.158120 0.437625 -0.451512 0.519232 0.725627
-1.512815 -2.249475 55.562524 -98.356516 0.158772 -0.745682 0.647109 0.860738 0.425612 0.279258 -0.483655 0.512653 0.709412
-0.854871 -1.861124 40.372923 -103.355810 -0.089823 -0.835387 0.542273 0.865930 0.203481 0.456903 -0.492033 0.510611 0.705110
-1.855013 -3.693929 52.900887 -64.871261 -0.023100 -0.807547 0.589351 0.905955 0.232368 0.353907 -0.422742 0.542101 0.726234
0.660787 -7.759600 -33.848536 47.770825 0.865111 0.416404 -0.279624 -0.464761 0.875132 -0.134686 -0.188625 -0.246477 -0.950616
0.902920 -6.994813 10.765628 34.708950 -0.869699 -0.420124 0.259073 -0.452070 0.888702 -0.076424 -0.198132 -0.183585 -0.962829
0.510805 -6.975604 24.515546 6.947812 -0.879253 -0.393055 0.269114 -0.413581 0.910205 -0.021855 -0.236359 -0.130516 -0.962860
0.151466 -7.317957 37.131618 31.735251 -0.879717 -0.379570 0.286399 -0.413617 0.907973 -0.067133 -0.234560 -0.177518 -0.955756
-0.687003 -16.815179 -51.526000 319.797809 0.992684 0.070495 -0.098028 -0.110251 0.860237 -0.497832 -0.049232 -0.504998 -0.861716
-0.278864 -14.652094 -14.051767 248.517872 0.985736 0.119819 -0.118187 -0.161584 0.870175 -0.465496 -0.047068 -0.477953 -0.877123
-1.087154 -12.163969 -27.652969 241.468636 0.995326 0.052682 -0.080937 -0.076182 0.943395 -0.322803 -0.059350 -0.327460 -0.942999
-0.152786 -16.715436 7.745476 -545.939099 0.750550 -0.660160 0.029387 0.469632 0.564163 0.679092 0.464888 0.495891 -0.733465
0.116151 -20.513133 1.006300 -335.630543 0.745640 -0.665911 0.024169 0.343412 0.415106 0.842470 0.571042 0.619879 -0.538201
0.071652 -16.198389 8.357261 -513.973836 0.745615 -0.665044 0.042121 0.479253 0.579087 0.659526 0.463006 0.471567 -0.750500
0.043547 -10.347118 3.242719 -477.418672 0.768491 -0.637583 0.053930 0.524765 0.676241 0.517030 0.366119 0.369032 -0.854267
0.172252 -11.845166 -23.523146 -350.145719 -0.774706 0.627162 -0.080620 0.505650 0.691008 0.516552 0.379671 0.359410 -0.852452
0.075223 -15.630883 -20.479168 429.863770 -0.753374 0.654111 -0.067573 -0.504126 -0.640478 -0.579348 0.422237 0.402401 -0.812274
4.728051 -4.706224 -12.240682 36.138776 0.899065 0.330039 0.287673 -0.065368 0.750891 -0.657183 0.432908 -0.572046 -0.696674
4.506237 -5.345985 -118.065876 58.292095 0.932416 0.339851 0.122892 -0.173208 0.718715 -0.673385 0.317175 -0.606589 -0.729006
4.210450 -5.226051 -64.869062 71.110274 0.908748 0.366819 0.199047 -0.117612 0.682699 -0.721173 0.400429 -0.631954 -0.663544
4.233244 -4.483262 25.154187 94.199293 0.870139 0.380260 0.313465 -0.065047 0.719139 -0.691815 0.488494 -0.581585 -0.650486
5.120071 -3.613904 46.406215 2.765013 0.833911 0.348600 0.427867 0.018647 0.757024 -0.653120 0.551584 -0.552623 -0.624790
5.801826 -4.390026 -77.175330 -48.893879 -0.847148 -0.313028 -0.429364 0.011624 0.796941 -0.603945 0.531229 -0.516622 -0.671489
-0.369939 -10.848230 8.270373 -93.592612 -0.930421 -0.209546 0.300678 -0.088386 0.924500 0.370793 -0.355676 0.318418 -0.878695
-0.381183 -12.295274 -7.908631 -59.433002 0.931473 0.180513 -0.315868 0.009484 0.855880 0.517088 -0.363686 0.484649 -0.795517
-0.535074 -11.560567 -17.187285 -63.668481 0.928338 0.212485 -0.305023 -0.069190 0.904960 0.419834 -0.365242 0.368643 -0.854810
-0.097041 -11.548165 -13.401130 -64.329221 0.924789 0.197868 -0.324982 -0.020515 0.878826 0.476701 -0.379926 0.434181 -0.816788
-0.590742 -9.932334 20.006990 -130.530682 -0.924900 -0.242649 0.292715 -0.173022 0.954151 0.244251 -0.338561 0.175262 -0.924478
-0.233275 -9.247892 18.023544 -126.342344 -0.921825 -0.254111 0.292689 -0.194524 0.956431 0.217715 -0.335260 0.143760 -0.931093
-0.021906 -10.092801 16.253527 -110.963501 -0.922247 -0.227791 0.312366 -0.113599 0.931982 0.344245 -0.369535 0.281994 -0.885394
-0.277765 -6.083743 31.400623 -53.608332 -0.858350 -0.493914 0.138869 -0.406999 0.820287 0.401847 -0.312391 0.288406 -0.905116
0.097020 -5.631393 -10.829625 0.700018 -0.855304 -0.506213 0.110472 -0.443229 0.825263 0.349985 -0.268336 0.250379 -0.930218
0.293900 -5.589925 31.265518 0.660616 -0.830102 -0.547447 0.105987 -0.479462 0.797792 0.365574 -0.284688 0.252647 -0.924728
0.057832 -5.830220 51.242243 -51.645826 -0.837960 -0.532470 0.119574 -0.442160 0.790857 0.423131 -0.319870 0.301697 -0.898144
0.537286 -5.363304 20.641364 -4.347350 -0.815517 -0.573339 0.078834 -0.502287 0.768859 0.395682 -0.287472 0.283088 -0.914998
-1.383730 -13.819679 16.795759 51.759055 0.963246 -0.266481 0.033845 -0.169780 -0.506321 0.845467 0.208165 0.820138 0.532955
-1.166592 -14.512496 38.669268 74.333336 0.951879 -0.300278 0.061311 -0.167875 -0.343492 0.924030 0.256406 0.889857 0.377372
-1.697406 -14.123848 6.113547 89.036806 0.960425 -0.268797 0.073024 -0.176079 -0.382757 0.906914 0.215825 0.883881 0.414938
-0.777636 -14.869731 54.032272 60.711908 0.952309 -0.303372 0.032760 -0.161428 -0.409790 0.897782 0.258938 0.860254 0.439219
-0.841169 -14.034132 30.878331 54.011597 0.961096 -0.276070 0.008916 -0.174229 -0.580870 0.795132 0.214333 0.765751 0.606371
6.139533 -17.590605 296.626511 14.956432 0.978267 -0.026038 0.205710 -0.029080 0.965052 0.260441 0.205302 0.260763 -0.943321
7.554390 -17.284954 180.996250 -246.908760 0.995181 0.035631 0.091353 -0.067600 0.924166 0.375962 0.071030 0.380326 -0.922121
7.832324 -13.659767 40.600799 -44.922410 0.999122 0.041839 0.001975 -0.040827 0.962244 0.269111 -0.009359 0.268955 -0.963107
5.139749 -19.595437 358.112459 -217.823792 0.967747 -0.006608 0.251838 -0.102298 0.903221 0.416805 0.230220 0.429124 -0.873413
7.473821 -14.857995 190.153883 232.255253 0.992496 -0.037532 0.116374 0.016781 0.984530 0.174410 0.121120 0.171148 -0.977772
4.827965 -18.715122 -260.882066 168.012135 -0.975376 0.065758 -0.210515 0.055879 0.997054 0.052544 0.213350 0.039487 -0.976177
2.336522 -19.885445 -305.327973 0.463234 -0.958825 0.033908 -0.281966 -0.043422 0.963670 0.263544 0.280658 0.264936 -0.922518
-1.282929 -10.169682 -59.626106 19.186114 0.996382 -0.083410 -0.016283 -0.040419 -0.633644 0.772568 0.074758 0.769115 0.634723
0.093945 -8.955981 -112.592667 4.901275 0.998981 -0.026553 -0.036498 0.010649 -0.647151 0.762288 0.043860 0.761900 0.646208
-0.455712 -9.636559 -91.461076 -41.072756 0.997327 -0.009211 -0.072488 0.043772 -0.719023 0.693607 0.058510 0.694926 0.716697
0.332127 -9.699365 -78.208333 -52.870593 0.993633 0.025133 -0.109824 0.085988 -0.799017 0.595128 0.072793 0.600783 0.796091
-0.999621 -10.272601 -44.747767 -26.361251 0.996070 -0.035993 -0.080925 0.025334 -0.759744 0.649729 0.084868 0.649226 0.755846
1.149658 -28.924596 47.905382 -109.009405 0.872512 -0.120068 -0.473610 0.395784 -0.394696 0.829199 0.286492 0.910933 0.296856
1.578506 -30.918770 74.700134 114.940612 0.872274 -0.115232 -0.475246 0.442572 -0.227361 0.867431 0.208008 0.966969 0.147323
0.991369 -34.576451 44.738710 738.786794 0.870074 -0.116430 -0.478973 0.467122 -0.115488 0.876618 0.157381 0.986462 0.046096
0.487441 -26.123495 56.587061 -228.662358 0.858380 -0.120657 -0.498623 0.392431 -0.471587 0.789686 0.330426 0.873526 0.357451
0.701914 -29.229316 98.491125 -343.362104 0.846621 -0.103822 -0.521971 0.338969 -0.650920 0.679266 0.410284 0.752013 0.515891
0.738658 -25.464509 24.472172 169.091937 0.871691 -0.122520 -0.474493 0.434305 -0.255383 0.863805 0.227011 0.959046 0.169404
20.596813 -248.623502 1045.391437 18484.076210 -0.673652 0.204346 0.710236 0.716248 0.417386 0.559266 -0.182159 0.885456 -0.427535
2.210321 -24.736305 -32.663178 520.096950 0.834677 -0.056112 -0.547874 0.546086 0.213374 0.810100 -0.071446 0.975358 -0.208741
1.857284 -20.500665 -80.486871 296.552503 0.777637 -0.072502 -0.624519 0.602597 0.369272 0.707471 -0.179325 0.926489 -0.330849
2.202979 -49.936707 179.140243 2703.081079 -0.653478 0.168313 0.737996 0.690832 0.531107 0.490588 -0.309382 0.830419 -0.463342
0.189164 -14.155137 -97.232231 -16.091096 0.812956 -0.019171 -0.582009 0.552363 0.341852 0.760285 -0.184385 0.939558 -0.288500
0.907780 -19.042622 -154.017190 378.018136 0.707952 -0.096027 -0.699702 0.656692 0.454107 0.602114 -0.259920 0.885757 -0.384547
1.643376 -20.883283 -57.050403 193.285002 0.995043 -0.090996 -0.040105 0.098283 0.961310 0.257338 -0.015136 0.260004 -0.965489
1.119582 -21.955269 -53.417325 203.852119 0.996370 -0.070665 -0.047473 0.080599 0.962556 0.258822 -0.027405 0.261709 -0.964758
1.051033 -22.352166 42.102637 143.442011 -0.997796 0.059144 0.030074 0.059082 0.998249 -0.002935 -0.030195 -0.001152 -0.999543
1.918585 -19.046771 -51.989757 160.888872 0.991808 -0.117880 -0.049203 0.127193 0.875888 0.465448 0.011771 0.467893 -0.883707
1.588774 -21.775540 -51.935757 220.728014 0.995401 -0.091541 -0.028225 0.093862 0.990904 0.096431 -0.019140 0.098637 -0.994939
2.260316 -19.370120 -57.817649 128.706214 0.990746 -0.131572 -0.033320 0.135108 0.932659 0.334504 0.012935 0.335911 -0.941805
-1.762912 -5.442736 -15.957357 52.041793 -0.409203 -0.813940 0.412377 0.897205 -0.441184 0.019500 0.166062 0.377966 0.910804
-2.440845 -5.741668 -19.053271 24.026829 -0.354118 -0.846528 0.397479 0.931971 -0.354727 0.074825 0.077656 0.396936 0.914555
-2.125588 -5.020535 -28.812137 67.937613 -0.336407 -0.856748 0.390913 0.921983 -0.384175 -0.048553 0.191777 0.344082 0.919146
-2.048758 -5.839972 -17.674805 -4.787935 -0.420503 -0.800070 0.427862 0.904778 -0.404861 0.132156 0.067490 0.442692 0.894130
-1.261888 -4.402747 -29.219347 95.000892 -0.465629 -0.775619 0.426151 0.844104 -0.533897 -0.049424 0.265855 0.336702 0.903301
-1.334413 -5.319635 -10.420375 49.414271 -0.482501 -0.761004 0.433665 0.856119 -0.514362 0.049915 0.185075 0.395353 0.899690
1.793019 -5.352576 -119.737461 -51.764935 0.780232 0.405045 0.476631 0.578891 -0.756219 -0.304988 -0.236903 -0.513879 0.824503
2.855841 -5.209907 -90.561360 -25.555231 0.755640 0.459030 0.467225 0.625011 -0.718665 -0.304766 -0.195882 -0.522314 0.829951
2.825880 -5.892631 -167.517964 -25.829371 0.762476 0.415942 0.495603 0.619711 -0.689657 -0.374609 -0.185980 -0.592761 0.783611
3.991950 -6.044734 -164.093498 -7.679928 0.734599 0.456314 0.502138 0.668720 -0.612132 -0.422029 -0.114797 -0.645812 0.754817
1.830738 -6.100449 -158.503367 -11.834258 0.784283 0.383112 0.487982 0.603947 -0.651423 -0.459234 -0.141945 -0.654884 0.742279
-4.060266 -7.057013 -20.889175 -8.162727 0.944991 -0.269116 -0.185926 -0.321559 -0.868468 -0.377310 0.059931 -0.416341 0.907231
-4.209630 -7.398658 -18.656348 -11.477766 0.972141 -0.150697 -0.179535 -0.218583 -0.859405 -0.462218 0.084638 -0.488584 0.868402
-3.983520 -7.393818 -16.877408 -18.604721 0.943515 -0.238755 -0.229728 -0.304998 -0.896739 -0.320681 0.129441 -0.372634 0.918906
-3.789892 -6.943882 -9.754364 -1.433617 0.888545 -0.399548 -0.225495 -0.447573 -0.862908 -0.234665 0.100822 -0.309436 0.945560
-3.612575 -7.282599 -10.725574 -11.623996 0.901308 -0.332149 -0.278065 -0.390414 -0.900978 -0.189251 0.187671 -0.279134 0.941735
-17.858092 -630.136501 1550.028690 -51697.550218 -0.232701 -0.806957 0.542836 0.970513 -0.228763 0.075967 0.062879 0.544507 0.836396
-156.199125 -309.613429 12211.936296 19154.142908 -0.194615 -0.297237 0.934759 0.906971 -0.417442 0.056090 0.373536 0.858716 0.350826
205.194094 -129.761457 12386.975106 8566.438076 0.649876 0.431735 0.625513 -0.632899 -0.148289 0.759901 -0.420832 0.889728 -0.176875
-39.459295 -96.915433 2330.991841 -6013.967416 0.720902 -0.022060 -0.692685 0.459544 0.763379 0.453952 -0.518767 0.645574 -0.560459
-23.432897 -122.461903 190.537950 -6391.603228 0.083882 -0.307350 0.947892 0.717844 0.678399 0.156444 -0.691133 0.667316 0.277534
43.215934 -341.458936 -4234.617721 -15607.325751 0.499954 0.679927 0.536419 -0.757289 0.643727 -0.110134 0.420191 0.351162 -0.836735
-3.081482 -7.186911 -87.811403 214.403219 0.198548 0.654451 -0.729570 0.178318 0.707844 0.683491 0.963733 -0.265802 0.023840
-1.637571 -5.396774 17.268176 -2.969443 0.092443 0.426405 -0.899796 0.223362 0.871755 0.436065 0.970342 -0.241291 -0.014655
-0.941750 -5.137537 -52.211914 -8.917966 0.117427 0.354182 -0.927775 0.320919 0.870579 0.372966 0.939799 -0.341537 -0.011434
-2.740378 -7.373117 -120.046962 291.473561 0.271885 0.639960 -0.718700 0.254115 0.672581 0.695026 0.928172 -0.371600 0.020241
-0.333237 -8.219949 -49.320806 32.490105 0.813617 0.516906 -0.266151 0.438978 -0.246007 0.864163 -0.381216 0.819932 0.427066
-0.816189 -7.946505 -50.046614 9.598394 0.824153 0.507218 -0.251996 0.444617 -0.303802 0.842627 -0.350838 0.806495 0.475897
-1.210528 -9.810909 -37.974041 140.419350 0.855004 0.481487 -0.192711 0.352923 -0.267898 0.896480 -0.380017 0.834506 0.398981
-0.582354 -9.552643 -36.524989 228.591607 0.832839 0.507159 -0.221740 0.383603 -0.240046 0.891755 -0.399034 0.827748 0.394467
-9.497298 -12.040835 -19.601071 227.491099 0.431642 0.857865 0.278842 -0.828720 0.499214 -0.253001 0.356242 0.121876 -0.926411
-7.237417 -10.181824 79.170107 70.377066 -0.365601 0.926915 0.084645 -0.882312 -0.316169 -0.348657 0.296414 0.202153 -0.933420
-5.726786 -9.301137 -2.336794 -83.447363 -0.570952 0.817769 0.072582 0.799159 0.533348 0.277281 0.188040 0.216319 -0.958043
1.950564 -12.719838 -47.885133 198.267988 0.262739 0.852407 -0.452073 -0.572201 0.514905 0.638325 -0.776888 -0.090963 -0.623034
3.113109 -11.359407 -35.448779 171.268783 0.362240 0.800778 -0.477008 -0.501048 0.598826 0.624786 -0.785960 -0.012682 -0.618147
-6.406217 -7.966844 -78.293417 -53.872165 0.519436 0.808275 -0.277266 -0.309891 0.480569 0.820379 -0.796337 0.340212 -0.500102
-3.271537 -8.089647 -155.316573 0.854244 -0.316517 0.840353 -0.440027 0.945939 0.314254 -0.080271 0.070824 -0.441646 -0.894390
-3.831864 -7.987368 -130.630081 21.088988 -0.428879 0.797551 -0.424234 0.879331 0.476170 0.006231 0.206977 -0.370370 -0.905531
-2.148895 -7.781336 -145.132359 6.109245 -0.327251 0.826827 -0.457454 0.932103 0.361977 -0.012546 0.155215 -0.430500 -0.889145
-2.215003 -7.460712 -136.927164 14.817711 -0.360849 0.809860 -0.462509 0.896766 0.437494 0.066404 0.256123 -0.390800 -0.884125
-1.035133 -7.546046 -151.357287 -17.984194 -0.248908 0.846765 -0.470142 0.965410 0.255829 -0.050348 0.077643 -0.466412 -0.881153
-0.008958 -7.197295 -131.981981 -10.779710 -0.256361 0.845926 -0.467641 0.952494 0.303389 0.026650 0.164421 -0.438593 -0.883517
5.294146 -9.653824 -121.755481 346.477953 0.390783 -0.623771 0.676903 0.043075 0.746965 0.663466 -0.919474 -0.230114 0.318771
4.698961 -17.589392 -213.651222 669.697257 0.338457 -0.640046 0.689774 -0.044823 0.721238 0.691236 -0.939914 -0.264872 0.215419
1.898459 -20.766253 -216.856791 630.312865 0.280937 -0.636801 0.718024 -0.156023 0.707898 0.688867 -0.946959 -0.305556 0.099520
0.964503 -17.018666 -118.195086 547.436669 0.267346 -0.584536 0.766058 -0.097136 0.774597 0.624951 -0.958692 -0.241490 0.150306
2.228912 -6.075029 213.767861 -53.481475 -0.419585 0.731308 0.537714 -0.063528 -0.614588 0.786286 -0.905490 -0.295754 -0.304330
2.980362 -6.240528 44.920972 -88.223421 -0.505168 0.693751 0.513337 -0.079510 -0.629697 0.772761 -0.859351 -0.349558 -0.373263
2.989117 -6.070738 -101.987934 -6.470170 -0.582313 0.678412 0.447961 -0.114709 -0.614074 0.780868 -0.804832 -0.403324 -0.435403
1.202886 -6.769453 -40.355137 89.824199 0.001331 -0.574361 -0.818601 0.852529 0.428518 -0.299278 0.522679 -0.697482 0.490230
2.643353 -7.112654 -102.452568 198.081285 0.064221 -0.530199 -0.845437 0.868420 0.447075 -0.214407 0.491652 -0.720426 0.489147
1.349885 -7.997503 -27.180190 131.645151 -0.011236 -0.576464 -0.817045 0.901075 0.348411 -0.258212 0.433518 -0.739120 0.515523
-2.300953 -11.810190 -25.564608 128.169140 0.028429 0.784562 0.619398 -0.570308 -0.496169 0.654649 -0.820939 0.371859 -0.433336
-2.460322 -11.705125 -64.646503 100.275817 -0.035708 0.804197 0.593289 -0.610111 -0.487737 0.624401 -0.791511 0.339676 -0.508066
-2.374989 -10.627714 -7.122385 67.842859 0.025586 0.787543 0.615729 -0.482739 -0.529622 0.697469 -0.875390 0.315082 -0.366627
-2.280372 -11.158845 35.489601 155.617655 0.084562 0.751618 0.654155 -0.486814 -0.541657 0.685289 -0.869403 0.376401 -0.320094
-0.854465 -11.003868 4.439634 -22.155649 0.115049 -0.292162 -0.949424 0.698285 0.703565 -0.131888 0.706514 -0.647794 0.284956
-1.025372 -10.913143 7.550411 -30.839683 0.138335 -0.257566 -0.956307 0.731993 0.677009 -0.076455 0.667121 -0.689433 0.282191
-0.816264 -11.791650 12.248836 -6.819312 0.117608 -0.278418 -0.953232 0.622480 0.768575 -0.147684 0.773749 -0.575999 0.263700
-1.065979 -10.542442 -8.055536 -63.541714 0.116811 -0.297663 -0.947498 0.817115 0.571081 -0.078672 0.564516 -0.765025 0.309934
-0.688821 -10.685476 -33.428826 -47.852497 0.119530 -0.334864 -0.934654 0.774916 0.619977 -0.123021 0.620659 -0.709574 0.333597
-1.009525 -13.294499 19.429805 -138.355534 0.108769 0.089349 0.990043 -0.517132 0.855662 -0.020408 -0.848966 -0.509764 0.139275
-1.569475 -14.254854 64.768122 -161.946390 0.116610 0.101360 0.987992 -0.403919 0.913635 -0.046058 -0.907332 -0.393698 0.147481
-1.082162 -15.056567 16.754184 -90.870136 0.114846 0.075797 0.990487 -0.279313 0.959323 -0.041026 -0.953307 -0.271944 0.131345
-1.787175 -14.796859 56.503814 -46.056124 0.106249 0.092849 0.989995 -0.203637 0.976560 -0.069734 -0.973264 -0.194190 0.122666
-1.648524 -17.988224 10.080203 -201.980967 0.083478 -0.043781 -0.995547 -0.066080 0.996592 -0.049368 0.994316 0.069907 0.080300
4.013779 -2.671919 50.966132 44.300797 0.939176 0.008326 0.343336 -0.193760 -0.812564 0.549724 -0.283560 0.582812 0.761527
2.816115 -3.326428 113.167026 33.073961 0.969795 0.030012 0.242068 -0.126706 -0.786022 0.605074 -0.208430 0.617470 0.758478
3.225847 -2.676556 132.450894 49.217964 0.963786 -0.019393 0.265972 -0.167264 -0.820744 0.546261 -0.207701 0.570966 0.794265
2.571963 -2.261722 142.101099 48.650012 0.966457 -0.038394 0.253943 -0.169341 -0.838646 0.517684 -0.193092 0.543322 0.817017
3.972673 -2.131659 89.413760 54.154903 0.943391 -0.038675 0.329420 -0.211788 -0.834588 0.508536 -0.255262 0.549516 0.795533
2.137861 -5.495974 7.531922 74.053860 -0.354641 0.688244 0.632890 0.345882 -0.532300 0.772672 -0.868674 -0.492927 0.049276
2.150881 -5.487601 -1.269736 46.522202 -0.429856 0.694758 0.576659 0.280546 -0.504289 0.816692 -0.858206 -0.512840 -0.021860
2.637191 -7.036822 18.766829 48.325581 -0.336425 0.695908 0.634452 0.272225 -0.573092 0.772955 -0.901505 -0.432756 -0.003359
2.997618 -2.919890 -49.736291 22.020359 0.226243 -0.674835 0.702433 0.340241 0.730457 0.592172 -0.912716 0.105022 0.394867
2.552061 -2.894716 -112.634004 11.730225 0.168742 -0.674709 0.718536 0.367571 0.719478 0.589273 -0.914559 0.164678 0.369409
1.050925 -3.232291 -168.046675 -6.348029 0.119438 -0.689726 0.714152 0.389876 0.694103 0.605159 -0.913089 0.206151 0.351810
1.788872 -62.005200 -130.153401 537.804855 -0.544842 -0.609153 0.576264 -0.311028 0.785010 0.535743 -0.778722 0.112661 -0.617170
3.643816 -57.687502 -133.954772 -141.965277 -0.519604 -0.619274 0.588652 -0.638824 0.739092 0.213649 -0.567376 -0.265032 -0.779643
1.886896 -56.498171 -185.641452 -91.427182 -0.546734 -0.630101 0.551412 -0.636490 0.740642 0.215244 -0.544024 -0.233287 -0.805987
3.285551 -55.213322 157.971521 1109.311403 0.520638 0.641495 -0.563400 0.828970 -0.537739 0.153774 -0.204317 -0.547102 -0.811748
0.647391 -48.974574 -83.069379 956.936170 -0.525601 -0.631825 0.569684 -0.400211 0.774551 0.489797 -0.750716 0.029444 -0.659969
0.336671 -54.354659 -91.174199 -183.694756 -0.529506 -0.630835 0.567160 -0.625176 0.742101 0.241745 -0.573391 -0.226569 -0.787330
-14.799838 -233.021380 -1198.654789 -737.684006 0.980908 0.194215 -0.009961 0.058715 -0.246938 0.967251 -0.185395 0.949369 0.253627
-0.875848 -5.863810 29.929560 -77.656837 -0.465112 0.884446 -0.037764 -0.864668 -0.463029 -0.194818 0.189792 0.057959 -0.980112
-2.066713 -6.376449 54.778752 -42.435849 -0.090454 0.990924 -0.099440 0.289593 0.121706 0.949380 -0.952866 -0.057078 0.297974
-1.342000 -3.966503 61.642952 -12.691018 0.721288 -0.509823 0.468854 -0.618094 -0.779257 0.103531 -0.312575 0.364471 0.877187
-1.195012 -4.222653 62.783662 -56.357446 0.756424 -0.478719 0.445703 0.553488 0.831576 -0.046175 -0.348531 0.281620 0.893989
-0.180826 -4.164677 67.574614 23.362716 0.813633 -0.390674 0.430552 -0.491861 -0.857390 0.151513 -0.309959 0.335048 0.889758
0.073652 -4.138058 68.039415 -68.845259 0.837003 -0.351934 0.419009 0.432554 0.894534 -0.112724 -0.335146 0.275594 0.900958
0.965612 -9.126040 8.200130 118.657059 0.042190 -0.621981 -0.781895 -0.487714 0.670194 -0.559441 0.871983 0.404944 -0.275074
0.925976 -7.612219 -16.807366 86.507147 -0.046644 0.650332 0.758217 -0.589843 0.594653 -0.546327 0.806170 0.472711 -0.355857
0.955368 -8.541993 -23.575828 100.277743 -0.048675 0.632297 0.773196 -0.547621 0.630498 -0.550076 0.835310 0.450193 -0.315569
-7.598045 -42.999365 -77.100683 -1851.530585 -0.587850 0.778524 0.219847 0.616040 0.606950 -0.502101 0.524334 0.159726 0.836398
-7.684253 -36.002651 14.970294 -1478.898704 -0.675850 0.731178 0.092769 0.589515 0.611820 -0.527397 0.442379 0.301753 0.844539
-7.774718 -20.688112 -61.074205 -963.402864 -0.662716 0.721630 0.200145 0.647681 0.686480 -0.330537 0.375921 0.089422 0.922327
-7.093157 -32.089745 -162.416718 -1798.364422 -0.524177 0.809088 0.265735 0.736687 0.587345 -0.335139 0.427235 -0.020091 0.903917
-7.718754 -48.298368 -22.332253 -2401.140211 -0.593165 0.720241 0.359733 0.576795 0.691914 -0.434238 0.561660 0.050082 0.825851
