19063
38111
-4.752778 -7.641228 17.005214 -105.163498 -0.563417 0.814364 0.139185 0.822528 0.568720 0.002019 -0.077514 0.115621 -0.990264
-6.341894 -9.115454 87.155460 -119.687470 -0.301727 0.944198 0.132098 0.953327 0.297156 0.053528 0.011287 0.142084 -0.989790
-5.856851 -7.289653 -8.952341 170.292947 0.033390 0.997966 0.054295 -0.991355 0.026174 0.128571 -0.126888 0.058119 -0.990213
-4.937901 -8.079305 -22.891525 -89.092039 -0.579014 0.795512 0.178614 0.813832 0.577140 0.067735 -0.049201 0.184581 -0.981585
-4.442253 -6.799556 20.752143 -77.110456 -0.758863 0.627033 0.175946 0.633912 0.773117 -0.021128 -0.149274 0.095501 -0.984173
7.342480 -7.571082 -35.209088 45.965847 -0.129565 0.991300 -0.023200 -0.122195 0.007256 0.992480 -0.984013 -0.131425 -0.120192
6.119960 -7.763219 -110.530556 -5.563739 -0.266018 0.963941 -0.007218 -0.132853 -0.029245 0.990704 -0.954769 -0.264504 -0.135842
6.157845 -7.927613 -2.400445 53.498815 -0.132480 0.990454 -0.038071 -0.220465 0.008002 0.975362 -0.966356 -0.137609 -0.217301
6.440972 -8.134738 4.977402 88.693260 -0.024729 0.996399 -0.081099 -0.189589 0.074977 0.978997 -0.981552 -0.039585 -0.187052
-9.875638 -12.318647 16.994137 276.038753 -0.592294 0.276411 -0.756826 0.143903 0.960501 0.238179 0.792767 0.032163 -0.608675
-9.326618 -9.902497 -12.502340 277.118364 -0.563675 0.261154 -0.783626 0.026943 0.954012 0.298556 0.825557 0.147175 -0.544789
-9.468284 -11.079569 -39.564852 263.219996 -0.483997 -0.199952 -0.851919 -0.164825 0.976949 -0.135656 0.859407 0.074761 -0.505798
-7.877824 -12.214957 -200.291873 -114.986549 0.052542 0.996007 -0.072172 -0.542529 -0.032206 -0.839420 0.838392 -0.083260 -0.538670
-7.270724 -12.001665 -291.663580 -140.879856 -0.141553 0.922602 -0.358844 -0.630902 -0.363416 -0.685486 0.762840 -0.129363 -0.633514
-1.614174 -7.309917 65.301177 -5.186792 0.220272 0.971007 0.092872 0.473742 -0.189721 0.859985 -0.852672 0.145433 0.501797
-0.234286 -7.140212 108.538144 -32.898364 0.235731 0.969108 0.072525 0.481577 -0.181310 0.857444 -0.844106 0.167200 0.509441
-0.028258 -6.933005 123.630337 1.580700 0.225128 0.973648 0.036425 0.428647 -0.132546 0.893697 -0.874974 0.185582 0.447191
-1.554954 -7.237060 95.050912 -0.728885 0.211267 0.976053 0.051841 0.375820 -0.130079 0.917518 -0.902289 0.174358 0.394301
0.284699 -6.906365 147.952059 -1.211475 0.214788 0.976660 -0.001201 0.339621 -0.073537 0.937683 -0.915709 0.201811 0.347490
-0.635331 -6.937972 -26.330155 -102.001349 0.081792 0.996197 -0.030030 -0.420761 0.061829 0.905062 -0.903477 0.061392 -0.424218
-0.759674 -6.607479 -16.634779 -117.012426 0.106224 0.993912 -0.029237 -0.469604 0.076063 0.879595 -0.876464 0.079704 -0.474825
-0.662939 -7.079366 -16.610314 -30.345545 0.103202 0.993769 -0.042109 -0.486073 0.087323 0.869544 -0.867803 0.069271 -0.492056
-0.724786 -6.860904 -22.018532 -75.729194 0.069174 0.997103 -0.031630 -0.441039 0.059005 0.895546 -0.894818 0.047999 -0.443843
-0.760157 -6.708869 -19.398486 2.948479 0.052385 0.998609 0.005995 -0.278328 0.008834 0.960445 -0.959056 0.051982 -0.278404
-1.588029 -9.739979 -29.445926 46.440152 0.099795 0.987362 0.123113 -0.487078 -0.059416 0.871335 -0.867638 0.146921 -0.474993
-1.705374 -10.137120 -59.039277 24.239975 0.075288 0.991307 0.107900 -0.572371 -0.045644 0.818724 -0.816531 0.123399 -0.563959
-1.081492 -9.742296 -40.624226 27.339185 0.084918 0.992322 0.089919 -0.516260 -0.033368 0.855782 -0.852212 0.119093 -0.509463
0.841956 -7.116451 -7.258957 -25.938852 0.026675 0.982120 -0.186356 -0.021864 0.186951 0.982126 -0.999405 0.022123 -0.026460
0.553962 -6.839708 -20.317660 -14.894528 -0.001233 0.982648 -0.185477 -0.039141 0.185287 0.981905 -0.999233 -0.008471 -0.038233
0.827755 -7.335402 -24.791079 90.835665 0.005835 0.974458 -0.224494 -0.115948 0.223643 0.967750 -0.993238 -0.020383 -0.114292
0.554644 -7.839507 -12.250106 -121.117410 0.018875 0.993638 -0.111024 0.055507 0.109831 0.992399 -0.998280 0.024894 0.053081
1.328720 -6.713742 -28.006391 -2.142421 0.031597 0.976678 -0.212372 -0.076446 0.214217 0.973790 -0.996573 0.014534 -0.081431
0.899855 -8.337640 -5.907686 -144.235846 0.038135 0.992545 -0.115762 0.040775 0.114204 0.992620 -0.998440 0.042574 0.036116
1.309359 -7.820123 -30.250764 -123.972100 0.035348 0.989486 -0.140242 0.003518 0.140206 0.990116 -0.999369 0.035492 -0.001475
-0.802588 -10.846003 -9.400261 -87.672915 0.056497 0.994441 -0.088855 -0.305030 0.101934 0.946872 -0.950665 0.026392 -0.309094
-0.696244 -12.045906 19.672970 -116.342011 0.060151 0.995617 -0.071618 -0.148190 0.079860 0.985729 -0.987128 0.048679 -0.152344
-0.962966 -12.045719 -27.396281 -114.997115 0.049887 0.995329 -0.082654 -0.145446 0.089114 0.985345 -0.988108 0.037134 -0.149212
-1.170861 -11.114267 -30.270769 -85.549956 0.066197 0.993098 -0.096817 -0.205367 0.108512 0.972651 -0.976444 0.044503 -0.211133
-1.191206 -10.344307 -41.618299 -78.220985 0.065275 0.991516 -0.112409 -0.345160 0.128131 0.929756 -0.936271 0.021891 -0.350596
-0.801374 -11.033064 -15.329135 38.062022 0.071734 0.991102 -0.112117 -0.455305 0.132550 0.880414 -0.887441 0.012108 -0.460762
-0.547456 -10.998280 14.179895 17.713447 0.070105 0.993234 -0.092582 -0.427801 0.113777 0.896684 -0.901150 0.023255 -0.432882
-1.577247 -14.607679 3.245819 161.974851 0.198859 0.973947 -0.109006 -0.367359 -0.029039 -0.929626 0.908572 -0.224909 -0.352014
-1.990929 -16.275174 50.524182 120.645389 0.158388 0.979878 -0.121460 -0.212043 -0.086386 -0.973435 0.964340 -0.179935 -0.194094
-1.844924 -16.378781 -18.113745 128.501306 0.228615 0.967955 -0.103915 -0.213334 -0.054336 -0.975467 0.949855 -0.245175 -0.194076
-1.977664 -16.305112 -53.692021 149.977021 0.272306 0.959256 -0.075350 -0.220113 -0.014132 -0.975372 0.936696 -0.282185 -0.207297
-1.649037 -14.624248 -31.522970 143.196425 0.250885 0.963399 -0.094445 -0.361974 0.002879 -0.932184 0.897793 -0.268058 -0.349448
0.892079 -0.072778 22.837856 7.239860 0.212980 0.976958 -0.013845 -0.958617 0.211680 0.190382 -0.188926 0.027275 -0.981612
0.554915 -0.993960 69.688174 109.867699 -0.185090 0.979038 0.085011 -0.961625 -0.198266 0.189651 -0.202530 0.046647 -0.978164
0.028339 -0.162080 -28.207520 34.899203 0.430815 0.900805 -0.054298 -0.878407 0.432375 0.203601 -0.206882 0.040018 -0.977547
1.161624 -0.201945 53.609853 3.147277 -0.709807 -0.697220 0.100291 -0.681304 0.715701 0.153614 -0.178881 0.040708 -0.983028
0.593168 -12.121753 -4.181936 -28.547874 0.143162 0.989200 0.031438 0.823224 -0.101389 -0.558590 0.549369 -0.105850 0.828848
0.710959 -11.357319 -0.854536 -36.717440 0.127893 0.990937 0.041086 0.901884 -0.098965 -0.420490 0.412613 -0.090832 0.906366
0.574556 -11.784587 -8.092510 -46.576998 0.135490 0.990160 0.035011 0.887749 -0.105635 -0.448043 0.439936 -0.091786 0.893326
0.357456 -12.734402 13.077140 -59.254518 0.140857 0.989990 0.008939 0.814217 -0.110702 -0.569909 0.563214 -0.087553 0.821659
0.518153 -12.674401 0.389579 -29.556005 0.161476 0.986837 0.008857 0.706925 -0.109403 -0.698777 0.688610 -0.119096 0.715285
-0.694643 -14.250699 -68.324901 -84.769065 0.194964 0.967771 0.159402 0.763245 -0.251770 0.595037 -0.615992 -0.005652 0.787732
-0.209501 -14.920094 -47.939623 -111.731869 0.123505 0.986185 0.110391 0.764993 -0.165476 0.622417 -0.632085 -0.007577 0.774862
0.535283 -16.616986 -8.585654 -188.491899 0.172848 0.975949 0.132840 0.871806 -0.214356 0.440461 -0.458342 -0.039679 0.887890
-0.424001 -12.590690 -9.982156 62.246874 0.347994 0.913376 0.211295 0.816215 -0.406052 0.410993 -0.461188 -0.029439 0.886814
-1.928143 -13.296517 -107.040671 -66.356320 0.257765 0.946681 0.193267 0.716839 -0.321491 0.618696 -0.647842 0.020936 0.761487
1.662860 -32.243078 130.022741 864.973862 0.064572 0.989164 -0.131854 -0.966943 0.029357 -0.253296 0.246680 -0.143851 -0.958361
15.600311 -22.077469 1000.230549 478.043267 0.354608 0.934313 0.036224 -0.812122 0.326968 -0.483271 0.463370 -0.141953 -0.874721
0.839141 -32.102680 125.747014 483.440953 0.054937 0.986543 -0.153995 -0.830998 -0.040328 -0.554811 0.553555 -0.158449 -0.817600
-0.503358 -30.613665 -6.669741 646.093433 0.098612 0.982556 -0.157671 -0.917700 0.028516 -0.396249 0.384841 -0.183770 -0.904503
0.603961 -24.966720 3.349329 484.059886 0.123147 0.985482 -0.116878 -0.982194 0.104196 -0.156325 0.141877 -0.134048 -0.980766
0.259799 -10.635576 36.739363 -373.260078 0.178910 0.971858 -0.153244 -0.782564 0.046165 -0.620856 0.596309 -0.231001 -0.768801
0.370314 -6.780179 40.076684 -219.113368 0.139282 0.972941 -0.184353 -0.733352 -0.023755 -0.679434 0.665429 -0.229828 -0.710200
-0.139800 -7.880315 22.902090 -259.117754 0.145806 0.972157 -0.183441 -0.746631 -0.013520 -0.665101 0.649063 -0.233938 -0.723871
0.621335 -9.227579 51.915524 -354.211267 0.167832 0.972820 -0.159540 -0.746602 0.019750 -0.664978 0.643753 -0.230717 -0.729625
-0.632813 -6.712099 10.767044 108.072726 0.154936 0.987915 0.004259 -0.548942 0.082505 0.831778 -0.821375 0.131210 -0.555092
-0.662241 -7.531452 -2.016404 53.997848 0.147101 0.989035 -0.013059 -0.668228 0.109104 0.735913 -0.729269 0.099528 -0.676950
-0.972579 -7.173991 19.817086 78.097135 0.165359 0.986053 -0.018853 -0.619850 0.118778 0.775679 -0.767100 0.116580 -0.630846
-0.827824 -6.520342 36.602185 139.055823 0.176755 0.983897 -0.026522 -0.524913 0.117025 0.843072 -0.832600 0.135096 -0.537146
1.369447 -25.894247 -10.308044 250.751552 0.184583 0.875937 0.445717 0.928114 -0.304543 0.214143 0.323316 0.374149 -0.869183
1.328570 -22.889770 -2.166386 -235.622533 0.226590 0.859630 0.457923 -0.806369 0.429263 -0.406820 0.546284 0.277074 -0.790446
1.282104 -28.470637 -26.243244 -592.978390 0.206163 0.866863 0.453922 -0.835866 0.397196 -0.378897 0.508748 0.301304 -0.806469
1.162698 -34.231410 12.322553 503.198321 0.150275 0.863034 0.482276 0.965124 -0.233834 0.117719 0.214368 0.447765 -0.868074
1.363011 -28.990955 -8.656445 160.367809 0.135744 0.881308 0.452625 0.990675 -0.126111 -0.051556 0.011645 0.455403 -0.890209
1.158736 -26.038353 -14.431271 69.642659 0.167564 0.884326 0.435763 0.974301 -0.216034 0.063766 0.150530 0.413880 -0.897800
1.865420 -25.393363 50.777543 481.625953 0.304245 0.949926 0.071238 -0.172265 -0.018685 0.984873 -0.936888 0.311914 -0.157954
1.166276 -29.108422 69.840315 527.043043 0.313331 0.934962 0.166343 -0.247787 -0.088603 0.964754 -0.916747 0.343505 -0.203909
0.656648 -23.180230 84.299216 685.459704 0.306567 0.941209 0.141922 0.047874 -0.164160 0.985271 -0.950644 0.295257 0.095386
-5.174914 -13.726662 -15.251333 50.655721 0.449601 0.888986 -0.086964 -0.226702 0.207738 0.951552 -0.863982 0.408104 -0.294934
-4.978295 -13.874874 -5.748179 12.821684 0.407584 0.908220 -0.094934 -0.370419 0.259461 0.891891 -0.834665 0.328356 -0.442174
-4.877954 -13.610599 -11.384698 48.094104 0.380502 0.917173 -0.118373 -0.225244 0.216061 0.950044 -0.896930 0.334831 -0.288799
-5.280733 -14.038251 -31.334684 10.578299 0.463993 0.883003 -0.070817 -0.368012 0.264863 0.891300 -0.805777 0.387496 -0.447850
-5.181960 -13.305186 -10.683714 70.012537 0.481874 0.871622 -0.089846 -0.082256 0.147079 0.985699 -0.872371 0.467592 -0.142570
-5.664557 -14.147776 -39.486847 61.210653 0.517202 0.854421 -0.049664 -0.223476 0.190835 0.955845 -0.826172 0.483266 -0.289643
0.730866 -31.797299 35.383314 -536.782159 0.201918 0.826600 0.525320 -0.721960 0.488064 -0.490476 0.661818 0.280224 -0.695322
0.853563 -27.604696 17.248213 -358.735660 0.256262 0.798949 0.544069 -0.450157 0.596743 -0.664271 0.855388 0.074689 -0.512576
0.633582 -29.736126 5.803279 -444.760779 0.219476 0.816770 0.533589 -0.613417 0.540820 -0.575529 0.758650 0.200998 -0.619717
1.082945 -27.023777 1.963612 -268.551547 0.260307 0.816517 0.515307 -0.614880 0.551676 -0.563539 0.744421 0.170158 -0.645665
1.009041 -32.261542 1.200757 -666.550606 0.206391 0.848405 0.487455 -0.814878 0.424810 -0.394348 0.541642 0.315826 -0.779024
3.051803 -3.226105 257.434253 417.133799 0.339570 0.937483 -0.076272 0.179880 -0.144320 -0.973044 0.923220 -0.316697 0.217642
3.875432 -3.349518 254.887709 368.511976 0.430098 0.862628 -0.266249 0.080513 -0.330397 -0.940402 0.899185 -0.383029 0.211556
0.431282 -94.321829 -207.510327 6431.678546 0.256216 0.893843 0.367965 0.259965 0.302927 -0.916871 0.931006 -0.330575 0.154754
-490.378728 -6939.648776 22917.755061 2776651.664056 -0.104401 0.994416 -0.015436 0.104469 0.026400 0.994178 -0.989033 -0.102180 0.106642
-280.840276 -6224.514452 12039.629919 39726.025490 -0.017295 0.997642 0.066415 0.993312 0.024728 -0.112781 0.114158 -0.064021 0.991398
-66.797858 -879.371799 3174.498248 19069.147157 -0.181672 0.983358 -0.001543 0.027393 0.006630 0.999603 -0.982978 -0.181557 0.028141
-1.189580 -3.867545 37.315994 -39.725266 0.221090 0.867109 0.446365 0.969594 -0.244668 -0.004958 0.104912 0.433889 -0.894837
-0.826187 -4.294275 32.947825 -51.975422 0.341213 0.827423 0.446032 0.926219 -0.376867 -0.009437 0.160286 0.416343 -0.894967
-1.669415 -4.704611 56.225791 -44.327368 0.314787 0.843467 0.435285 0.934742 -0.355119 0.012146 0.164822 0.403056 -0.900211
-1.914180 -4.314350 55.352093 -31.704545 0.180462 0.885382 0.428406 0.978392 -0.206273 0.014163 0.100909 0.416593 -0.903475
-1.375674 -3.653844 32.388126 -4.643023 0.048841 0.895673 0.442023 0.997206 -0.068770 0.029164 0.056520 0.439364 -0.896529
0.261552 -14.169473 17.953918 -72.497780 0.113374 0.992905 0.035873 0.837815 -0.114948 0.533716 -0.534052 0.030454 0.844903
0.017839 -16.782982 -3.977425 -180.498026 0.096073 0.994092 0.050516 0.919061 -0.108082 0.379007 -0.382227 -0.010015 0.924014
0.351279 -14.727761 2.943376 -37.078499 0.105282 0.993285 0.047975 0.818602 -0.113956 0.562943 -0.564630 0.019995 0.825102
0.428707 -13.618921 8.365896 31.591794 0.108050 0.993362 0.039453 0.733751 -0.106462 0.671025 -0.670771 0.043556 0.740384
-0.746907 -8.319043 49.751411 161.823746 0.890215 0.407028 -0.204559 0.372728 -0.392652 0.840773 -0.261898 0.824714 0.501255
-0.836909 -10.863168 44.945800 213.641895 0.902233 0.402206 -0.155585 0.285841 -0.287601 0.914101 -0.322910 0.869204 0.374450
-1.425971 -8.524897 67.777277 162.890035 0.902843 0.395948 -0.167630 0.329679 -0.387203 0.861038 -0.276019 0.832646 0.480119
3.218308 -1.592848 -162.213086 5.810227 -0.898086 -0.070621 -0.434114 -0.158090 0.972892 0.168785 0.410426 0.220213 -0.884905
2.443874 -1.301781 -92.533355 -10.739763 -0.906342 -0.116083 -0.406286 -0.201070 0.964167 0.173067 0.371638 0.238550 -0.897206
3.883818 -1.175316 -86.599667 5.294439 -0.947546 0.086625 -0.307655 0.011013 0.970849 0.239440 0.319428 0.223492 -0.920878
4.722001 -1.554120 -63.541508 13.204886 -0.947912 0.088511 -0.305987 0.020457 0.975551 0.218817 0.317874 0.201160 -0.926548
-1.043228 -10.673446 -9.632851 31.775537 0.145807 0.969158 -0.198678 0.987088 -0.155976 -0.036447 -0.066312 -0.190798 -0.979387
-1.082668 -10.911283 -3.036649 84.952866 0.127405 0.970890 -0.202829 0.987806 -0.142653 -0.062363 -0.089482 -0.192410 -0.977226
-1.073881 -11.213080 3.396407 -110.783923 0.122455 0.974716 -0.186907 -0.977915 0.150638 0.144880 -0.169372 -0.165038 -0.971636
-1.758242 -9.090117 -343.890628 79.729338 0.883135 0.386317 -0.266142 -0.441963 0.875379 -0.195908 -0.157292 -0.290638 -0.943816
-1.236017 -6.908544 262.023741 191.295657 -0.901644 -0.367723 0.227634 -0.381831 0.924022 -0.019728 -0.203084 -0.104706 -0.973547
-4.595546 -8.890781 -273.117100 167.201454 0.846030 0.483152 -0.225384 -0.512735 0.853199 -0.095678 -0.146070 -0.196509 -0.969561
-5.004207 -10.239558 -322.776265 27.718499 0.866797 0.439329 -0.235909 -0.496059 0.807942 -0.318048 -0.050873 -0.392708 -0.918255
-7.147138 -10.048378 -130.445267 86.499780 0.758263 0.629966 -0.167868 -0.651948 0.733095 -0.193743 -0.001012 -0.256349 -0.966584
1.826316 -37.271186 -71.705908 506.839711 0.019207 0.997158 -0.072854 -0.909011 0.047759 0.414028 -0.416330 -0.058273 -0.907344
1.304673 -30.304765 -48.927930 602.493807 -0.012795 0.998576 -0.051791 -0.672826 0.029718 0.739203 -0.739690 -0.044305 -0.671488
1.370891 -33.188198 -58.624478 688.141156 -0.006456 0.996203 -0.086817 -0.823271 0.043986 0.565941 -0.567611 -0.075128 -0.819862
6.195181 -41.255640 -67.617817 -993.829816 0.028396 0.960148 0.278046 0.975035 0.034678 -0.219326 -0.220227 0.277333 -0.935193
5.787541 -40.236606 -56.212342 -182.228923 0.021319 0.949627 0.312658 0.989734 -0.064252 0.127666 0.141324 0.306726 -0.941247
7.618065 -44.151728 -122.560632 -1222.435235 0.055903 0.932590 0.356582 0.973359 0.028636 -0.227490 -0.222366 0.359800 -0.906144
6.805470 -35.388661 -136.543781 958.901557 0.048446 0.957521 0.284266 -0.876645 -0.095634 0.471538 -0.478693 0.272044 -0.834772
8.103026 -35.985603 -84.593625 1239.889070 0.069621 0.906206 0.417065 -0.854117 -0.161853 0.494255 -0.515400 0.390633 -0.762737
8.866376 -41.315953 -46.891601 -1247.937405 0.086391 0.860507 0.502061 0.972402 0.036798 -0.230393 -0.216729 0.508109 -0.833579
7.133741 -20.320792 240.624490 607.270790 0.221735 0.720687 0.656844 -0.744819 -0.309581 0.591104 -0.629347 0.620299 -0.468137
5.790063 -14.369577 177.238226 137.280999 0.271522 0.730018 0.627177 -0.652260 -0.339599 0.677665 -0.707696 0.593083 -0.383953
7.648348 -19.450577 169.253750 639.854678 0.214570 0.777652 0.590947 -0.690858 -0.306850 0.654644 -0.690417 0.548727 -0.471406
-0.292966 -10.160515 -16.405043 32.508082 -0.001512 0.981101 -0.193490 -0.446182 0.172501 0.878160 -0.894941 -0.087660 -0.437489
-0.379441 -10.407955 1.204426 48.504143 0.020098 0.980715 -0.194406 -0.492837 0.178898 0.851532 -0.869889 -0.078696 -0.486929
-0.347650 -11.034287 2.996386 71.366362 0.026728 0.975360 -0.218993 -0.567777 0.195117 0.799724 -0.822748 -0.102964 -0.559002
1.652890 -24.572498 343.198310 -1314.766736 0.116343 0.959256 -0.257473 -0.196061 -0.231952 -0.952764 0.973665 -0.161328 -0.161087
-0.427345 -18.568828 54.625994 -812.392991 0.242840 0.944084 -0.223013 -0.235214 -0.165729 -0.957710 0.941118 -0.285026 -0.181816
2.049541 -23.454140 275.748737 -595.607684 0.201132 0.957048 -0.208818 -0.450437 -0.098938 -0.887309 0.869857 -0.272526 -0.411190
-1.198138 -33.449411 -18.984714 -1068.858043 0.264754 0.938394 -0.222087 -0.415009 -0.097007 -0.904631 0.870444 -0.331673 -0.363759
14.855702 -0.129329 626.695802 -123.631279 -0.093113 0.859704 0.502233 -0.187315 0.480292 -0.856874 0.977877 0.173862 -0.116314
8.541839 1.258222 -68.597666 334.922536 0.119599 0.774319 0.621390 -0.277922 0.626971 -0.727782 0.953129 0.085656 -0.290186
7.505246 -0.700045 173.105094 222.851496 -0.041052 -0.344984 -0.937710 -0.147719 0.930284 -0.335785 0.988177 0.124734 -0.089150
-5.411432 -9.127592 -46.809282 -44.204867 0.070488 0.996667 0.041076 0.859415 -0.081582 0.504728 -0.506396 0.000276 0.862301
-5.705108 -9.134636 22.590230 -50.083942 0.166476 0.984304 -0.058578 0.864594 -0.117150 0.488623 -0.474091 0.131990 0.870526
-5.661960 -8.819196 0.312566 -30.440643 0.130830 0.990820 -0.034061 0.805335 -0.086176 0.586523 -0.578203 0.104165 0.809216
-5.426330 -8.783291 -38.685499 -30.183607 0.100544 0.991834 0.078464 0.769254 -0.127510 0.626091 -0.630983 0.002591 0.775792
-5.578727 -8.545958 3.942540 5.778736 0.132662 0.990757 -0.028328 0.730323 -0.078388 0.678589 -0.670096 0.110711 0.733972
-5.866901 -8.705657 38.333456 -6.360347 0.153785 0.980276 -0.124133 0.758809 -0.036696 0.650279 -0.632897 0.194196 0.749486
-0.649928 -25.625382 28.874302 200.928478 -0.085618 0.996190 -0.016572 -0.980906 -0.081365 0.176643 -0.174622 -0.031379 -0.984135
-0.362021 -26.447913 45.821318 -163.216168 -0.096350 0.995346 -0.001691 -0.989369 -0.095957 -0.109276 0.108929 0.008856 -0.994010
-1.206882 -24.953671 36.239983 -51.925638 -0.096574 0.995064 -0.022840 -0.987317 -0.098677 -0.124372 0.126012 -0.010540 -0.991973
-1.359207 -24.826483 37.379185 171.061274 -0.078146 0.996523 -0.028910 -0.983337 -0.072273 0.166807 -0.164137 -0.041463 -0.985566
-1.963710 -23.808157 40.157140 2.647784 -0.083468 0.995023 -0.054429 -0.993021 -0.087618 -0.078949 0.083325 -0.047460 -0.995392
-1.869690 -23.363103 33.252071 -211.120079 -0.104126 0.992652 -0.061648 -0.922285 -0.119572 -0.367550 0.372221 -0.018586 -0.927958
-2.075135 -4.717288 5.076603 34.383005 -0.419230 -0.868200 0.265473 0.907792 -0.396790 0.135908 -0.012658 0.297971 0.954491
-2.158983 -4.225740 10.860405 18.802925 -0.610480 -0.753990 0.242515 0.790361 -0.599812 0.124722 0.051424 0.267815 0.962097
-2.619256 -4.201276 40.680022 31.787225 -0.448004 -0.846474 0.287704 0.894006 -0.426620 0.136928 0.006834 0.318554 0.947880
-2.327122 -4.764188 19.409481 41.150387 -0.265389 -0.913912 0.307138 0.962243 -0.231084 0.143837 -0.060480 0.333714 0.940732
-2.038755 -5.329002 -7.631691 33.738530 -0.280332 -0.920332 0.272770 0.956899 -0.245470 0.155208 -0.075886 0.304523 0.949477
-2.538995 -3.478567 -10.705582 -60.786828 0.046761 -0.970750 0.235493 0.994212 0.068059 0.083134 -0.096730 0.230242 0.968314
-2.521674 -3.211454 -42.685852 -2.684657 0.635828 -0.731926 0.244962 0.758440 0.651357 -0.022421 -0.143147 0.200045 0.969273
-2.885151 -3.907362 -14.746714 -47.321667 0.173528 -0.964928 0.196985 0.980205 0.188583 0.060292 -0.095325 0.182623 0.978551
-2.513931 -3.521300 -63.986991 19.702212 0.765515 -0.601953 0.227241 0.622663 0.782060 -0.025943 -0.162100 0.161354 0.973493
-2.667926 -4.546120 -9.077772 -66.022688 -0.108559 -0.974340 0.197170 0.993114 -0.097513 0.064923 -0.044031 0.202860 0.978217
-3.153689 -4.140669 -29.330572 -34.510209 0.308790 -0.936428 0.166585 0.945020 0.321886 0.057686 -0.107640 0.139614 0.984338
-2.948601 -5.087849 -25.099069 -65.421409 -0.068017 -0.984799 0.159828 0.997137 -0.061796 0.043581 -0.033042 0.162334 0.986182
-0.406176 -7.183826 28.571264 -38.981791 0.101725 0.992585 0.066537 0.462782 0.011990 -0.886391 0.880616 -0.120960 0.458130
-0.572170 -7.337580 22.422758 71.617958 0.105753 0.991390 0.077215 0.344530 0.036311 -0.938073 0.932800 -0.125806 0.337723
-0.482023 -7.168486 21.502289 90.730780 0.099316 0.992630 0.069446 0.309976 0.035456 -0.950083 0.945543 -0.115885 0.304170
-0.629113 -7.175809 12.374277 -32.297754 0.124516 0.990102 0.064755 0.450637 0.001713 -0.892706 0.883981 -0.140338 0.445963
-0.353989 -7.085991 7.770656 17.575777 0.093987 0.991469 0.090307 0.406531 0.044581 -0.912549 0.908790 -0.122480 0.398873
-0.343119 -7.766104 11.036970 -56.731723 0.102223 0.992285 0.070145 0.537714 0.004206 -0.843117 0.836907 -0.123904 0.533136
-0.485373 -7.785135 10.080727 -88.103659 0.134580 0.989617 0.050468 0.550877 -0.032385 -0.833958 0.823664 -0.140036 0.549515
-0.338478 -7.720149 14.311147 -54.876422 0.118416 0.991271 0.057960 0.559296 -0.018354 -0.828764 0.820466 -0.130556 0.556588
-1.192571 -9.401784 -1.800308 -16.416602 0.071325 0.993146 -0.092595 -0.497355 -0.045057 -0.866376 0.864610 -0.107847 -0.490733
-1.105686 -8.507920 45.899286 -34.446421 0.058716 0.995083 -0.079767 -0.361783 -0.053262 -0.930740 0.930411 -0.083507 -0.356877
-1.043846 -9.625041 22.398892 20.908727 0.068605 0.991514 -0.110422 -0.523645 -0.058423 -0.849931 0.849170 -0.116131 -0.515193
-1.208525 -10.309238 -11.742484 -73.889889 0.075251 0.988716 -0.129533 -0.587389 -0.061020 -0.807001 0.805799 -0.136814 -0.576169
-1.148394 -10.114413 -1.576219 2.003566 0.085080 0.986560 -0.139504 -0.571282 -0.066411 -0.818063 0.816333 -0.149297 -0.557953
-2.462210 -16.171942 59.245050 -276.943218 -0.040518 0.986654 -0.157708 -0.312035 0.137449 0.940076 -0.949206 -0.087301 -0.302301
-1.622574 -14.113125 51.748464 -291.222176 -0.004943 0.982702 -0.185130 -0.419920 0.165979 0.892255 -0.907548 -0.082151 -0.411836
-2.502171 -13.598069 57.008990 -287.048326 -0.048231 0.983961 -0.171738 -0.460435 0.130678 0.878022 -0.886382 -0.121422 -0.446747
-1.768352 -10.462130 60.142707 -267.655456 0.001622 0.975173 -0.221438 -0.569623 0.182902 0.801297 -0.821905 -0.124836 -0.555778
-2.344455 -10.293266 39.776656 -274.156002 -0.063329 0.978327 -0.197145 -0.588384 0.122957 0.799178 -0.806098 -0.166608 -0.567845
1.304600 -9.512543 8.293924 -153.064301 -0.009720 0.905038 -0.425220 -0.175230 -0.420202 -0.890351 0.984479 -0.065857 -0.162674
0.635083 -8.087393 -21.621837 -98.562792 0.021196 0.911745 -0.410210 -0.142856 -0.403330 -0.903835 0.989517 -0.077759 -0.121699
1.149474 -8.435934 12.177394 -62.018007 0.004358 0.929159 -0.369655 -0.074955 -0.368315 -0.926675 0.997177 -0.031746 -0.068040
0.525284 -27.846972 15.324194 140.048651 0.026364 0.990942 -0.131676 0.396758 0.110530 0.911244 -0.917544 0.076268 0.390251
0.740937 -25.824473 52.049581 206.878360 0.042929 0.992270 -0.116434 0.552320 0.073543 0.830382 -0.832526 0.099957 0.544893
0.848485 -26.619025 72.647849 23.298873 0.041762 0.989141 -0.140913 0.263284 0.125156 0.956565 -0.963814 0.077048 0.255199
0.669518 -26.624750 11.108973 -198.260651 0.008789 0.988895 -0.148355 0.062435 0.147529 0.987085 -0.998010 0.017938 0.060445
0.434325 -28.113125 -8.200763 -224.450934 0.012830 0.990628 -0.135987 0.220163 0.129862 0.966780 -0.975379 0.042343 0.216434
1.007416 -13.211736 86.482715 404.835874 0.100562 0.979143 -0.176543 -0.973478 0.133481 0.185807 -0.205497 -0.153175 -0.966596
1.072029 -9.405005 39.471014 185.498046 0.144944 0.965039 -0.218383 -0.938882 0.203796 0.277431 -0.312237 -0.164824 -0.935597
1.658425 -12.058904 45.177876 352.026463 0.088446 0.970342 -0.224977 -0.966801 0.137987 0.215069 -0.239735 -0.198486 -0.950332
1.296733 -16.198536 89.202203 -309.239311 0.063230 0.979549 -0.191015 0.997989 -0.061196 0.016535 0.004508 -0.191676 -0.981448
0.954506 -6.172002 24.534385 -12.487488 0.069559 -0.988062 -0.137460 0.989177 0.050471 0.137771 -0.129188 -0.145556 0.980879
0.781307 -6.670263 15.908713 -7.632832 0.064804 -0.987113 -0.146315 0.992831 0.049022 0.109007 -0.100430 -0.152331 0.983214
0.837491 -6.123997 -24.923824 -8.912575 0.009142 0.987795 0.155491 0.977314 -0.041731 0.207642 -0.211597 -0.150065 0.965768
1.106046 -6.611077 9.569137 -43.842353 0.135981 -0.982751 -0.125341 0.990334 0.131347 0.044562 -0.027330 -0.130189 0.991112
1.215478 -5.362958 -31.215131 13.667210 -0.000036 0.990031 0.140851 0.982790 -0.025984 0.182888 -0.184724 -0.138434 0.972992
1.251581 -5.828905 35.321291 -29.816542 0.102796 -0.986135 -0.130272 0.989269 0.087683 0.116873 -0.103830 -0.140888 0.984566
0.109508 -19.529891 3.599104 -374.571549 -0.172932 0.972462 0.156242 0.103162 -0.139876 0.984780 -0.979516 -0.186418 0.076132
-0.102547 -18.750285 -25.525528 -385.328760 -0.188940 0.969797 0.154256 0.027012 -0.151893 0.988028 -0.981617 -0.190845 -0.002503
0.107233 -15.654281 -2.902516 -324.781013 -0.180379 0.969534 0.165732 -0.103365 -0.186248 0.977050 -0.978151 -0.159108 -0.133811
0.331512 -17.368254 -10.861835 -351.249746 -0.172222 0.971813 0.160991 -0.000884 -0.163586 0.986529 -0.985058 -0.169760 -0.029032
0.061798 -10.060074 -18.103406 72.991876 -0.061001 0.987484 0.145443 0.841788 -0.027403 0.539112 -0.536350 -0.155318 0.829581
0.553461 -10.375539 -20.597566 107.093814 -0.035850 0.987241 0.155143 0.795813 -0.065700 0.601968 -0.604481 -0.145045 0.783304
0.259719 -9.913296 -26.677346 73.343932 -0.029623 0.986384 0.161767 0.858432 -0.057803 0.509659 -0.512071 -0.153964 0.845032
1.508561 -5.691597 -28.318422 18.823095 0.034485 0.999405 -0.000323 -0.213305 0.007044 -0.976960 0.976377 -0.033759 -0.213421
1.541911 -5.702771 -24.768882 15.284838 0.005534 0.998783 -0.049004 -0.245766 -0.046143 -0.968230 0.969313 -0.017401 -0.245211
1.121664 -5.240781 -11.675543 32.641236 0.017789 0.999455 -0.027813 -0.305939 -0.021042 -0.951818 0.951885 -0.025441 -0.305398
1.008017 -5.251267 -12.258612 32.366822 0.049081 0.998632 0.018056 -0.272593 0.030785 -0.961637 0.960877 -0.042276 -0.273730
1.343028 -5.336370 -22.878420 31.505316 -0.007312 0.997499 -0.070299 -0.317065 -0.068986 -0.945892 0.948376 -0.015373 -0.316776
7.055040 -7.896749 103.075146 94.173855 -0.126957 0.931495 0.340879 0.852799 -0.073005 0.517112 -0.506573 -0.356352 0.785110
7.887647 -7.678978 115.437647 94.876902 -0.174987 0.913683 0.366829 0.793812 -0.089481 0.601544 -0.582445 -0.396455 0.709635
6.850162 -8.315928 132.135323 95.931463 -0.115702 0.940983 0.318063 0.786636 -0.108710 0.607771 -0.606479 -0.320520 0.727633
7.603565 -7.860424 83.588822 -44.631978 -0.191599 0.916350 0.351557 0.673949 -0.137560 0.725858 -0.713501 -0.376005 0.591217
1.550497 -30.964171 130.370093 234.354422 -0.325381 0.904885 0.274428 -0.490786 0.086454 -0.866980 0.808243 0.416784 -0.415974
3.298568 -30.270433 56.992295 284.905452 -0.311162 0.932822 0.181715 -0.493286 0.004903 -0.869853 0.812310 0.360303 -0.458623
0.868193 -30.912146 59.441087 24.804764 -0.303041 0.925183 0.228477 -0.213832 0.167624 -0.962382 0.928678 0.340496 -0.147037
0.293048 -27.058213 25.199663 -388.890885 -0.279535 0.939286 0.199001 0.135011 0.243658 -0.960418 0.950596 0.241603 0.194924
-0.504157 -27.790968 40.657848 -414.455286 -0.303818 0.918274 0.253905 0.109916 0.298507 -0.948057 0.946369 0.260128 0.191624
-2.937298 -21.340530 206.673128 -294.279915 -0.064102 0.997615 0.025609 0.816501 0.037675 0.576113 -0.573774 -0.057840 0.816969
-0.329509 -21.450026 139.204503 -283.025731 -0.055769 0.998252 0.019545 0.816478 0.034330 0.576356 -0.574677 -0.048101 0.816965
-1.171253 -19.420605 171.155682 -229.237365 -0.055208 0.997850 0.035331 0.663169 0.010192 0.748400 -0.746430 -0.064748 0.662306
0.762755 -19.668601 127.337974 -210.653969 -0.047814 0.998382 0.030783 0.665297 0.008844 0.746526 -0.745046 -0.056174 0.664644
0.265640 -18.310681 126.714114 -12.402118 -0.046273 0.997684 0.049846 0.519751 -0.018566 0.854116 -0.853064 -0.065430 0.517688
-1.952120 -18.140069 157.961502 20.887439 -0.041880 0.997397 0.058699 0.513629 -0.028900 0.857526 -0.856990 -0.066063 0.511081
-4.814728 -11.809139 -19.618747 -55.447130 -0.073743 0.972957 -0.218900 0.456813 -0.162161 -0.874657 0.886501 0.164497 0.432501
-5.005598 -11.989344 1.546008 -53.045945 -0.159608 0.953132 -0.257030 0.451718 -0.160995 -0.877514 0.877767 0.256164 0.404851
-4.933380 -11.024193 8.159648 -76.309823 -0.126384 0.955613 -0.266141 0.578219 -0.147034 -0.802523 0.806033 0.255314 0.533971
-4.703185 -9.958079 26.204448 -118.747759 -0.192449 0.937339 -0.290445 0.678064 -0.086934 -0.729844 0.709361 0.337398 0.618845
-4.852685 -9.897440 2.498739 -106.286876 -0.086805 0.957977 -0.273395 0.675368 -0.145154 -0.723055 0.732355 0.247407 0.634387
-4.744341 -10.625299 -24.695244 -92.280948 -0.038931 0.972429 -0.229926 0.605034 -0.160185 -0.779919 0.795247 0.169476 0.582117
0.769540 -58.709362 5.514079 -1714.057005 -0.221043 0.895051 0.387328 -0.793223 0.066060 -0.605337 0.567395 0.441043 -0.695374
1.234135 -50.240807 -11.918447 -1920.436365 -0.208679 0.904782 0.371246 -0.563927 0.198818 -0.801534 0.799024 0.376619 -0.468742
0.389044 -71.072587 11.009995 -3434.451037 -0.202465 0.900435 0.384999 -0.454612 0.261790 -0.851348 0.867373 0.347393 -0.356345
-0.263542 -47.354063 50.220899 -1757.179982 -0.196436 0.880898 0.430618 -0.604593 0.236932 -0.760481 0.771933 0.409734 -0.486043
0.310140 -35.149321 54.429914 -1087.350600 -0.192025 0.891702 0.409870 -0.170991 0.380854 -0.908687 0.966379 0.244575 -0.079340
-0.624691 -32.453753 75.313011 -944.739119 -0.197559 0.883208 0.425341 -0.326507 0.349833 -0.878072 0.924318 0.312348 -0.219260
-0.158277 -14.042617 251.933113 -652.482497 0.167234 0.044220 0.984925 -0.370544 0.928572 0.021226 -0.913636 -0.368508 0.171674
-0.486105 -8.880903 -165.925807 -246.027251 0.086420 -0.346176 0.934181 -0.313963 0.880445 0.355307 -0.945494 -0.324004 -0.032599
-1.748294 -16.026735 -98.208104 -705.546896 0.081148 0.276802 0.957494 -0.190083 0.947329 -0.257754 -0.978409 -0.161087 0.129489
-0.192662 -17.580139 139.180769 -852.263892 0.111751 0.538843 0.834961 0.009967 0.839574 -0.543154 -0.993686 0.069020 0.088452
-2.063738 -71.379988 351.596788 -3127.215340 0.206805 0.476151 0.854700 0.054729 0.866587 -0.496015 -0.976850 0.149355 0.153155
-3.171538 -32.784891 191.196878 -1625.024373 0.125672 0.388752 0.912731 -0.218411 0.908294 -0.356790 -0.967731 -0.154512 0.199055
0.625325 -4.937341 -11.221659 -142.221551 0.098532 0.976528 0.191530 0.903787 -0.168365 0.393474 -0.416485 -0.134333 0.899163
0.391121 -3.768143 -7.704367 -224.190369 0.049223 0.982121 0.181701 0.897611 -0.123283 0.423197 -0.438032 -0.142266 0.887631
0.905381 -1.258350 -33.167060 -287.326782 0.276882 0.917039 0.287013 0.830308 -0.378671 0.408898 -0.483658 -0.125092 0.866272
1.158437 -1.940552 -35.831118 -254.203148 0.261947 0.927175 0.267824 0.847026 -0.353875 0.396634 -0.462526 -0.122957 0.878039
0.838328 -4.807702 -33.119924 -128.378484 0.118032 0.971901 0.203661 0.907271 -0.188916 0.375725 -0.403642 -0.140428 0.904076
1.307233 -4.151700 169.123173 95.374950 0.778061 0.596977 -0.195552 -0.566472 0.801315 0.192361 0.271534 -0.038894 0.961643
1.249152 -3.303060 166.257469 46.812056 0.802471 0.558860 -0.209083 -0.534402 0.829008 0.164803 0.265433 -0.020515 0.963911
-0.551243 -3.443431 202.795004 21.763491 0.755560 0.619042 -0.214280 -0.593672 0.785340 0.175484 0.276914 -0.005376 0.960880
0.632775 -3.079938 127.434323 -12.145999 0.852726 0.476750 -0.213467 -0.460270 0.879003 0.124519 0.247003 -0.007928 0.968982
-1.633015 -3.478302 144.344605 28.262965 0.679844 0.710912 -0.180043 0.693114 -0.703082 -0.158961 0.239592 0.016722 0.970730
-2.503524 -3.513252 141.059145 23.622884 0.541105 0.831463 -0.125995 0.803938 -0.555410 -0.212612 0.246757 -0.013753 0.968980
2.445903 -3.403384 -115.507930 -65.206763 -0.116563 -0.943235 0.311000 0.992420 -0.098344 0.073689 -0.038921 0.317232 0.947549
3.457427 -2.818754 -128.549635 -72.192923 -0.143946 -0.948868 0.280943 0.986153 -0.113919 0.120517 -0.082350 0.294400 0.952128
1.956315 -2.633271 -117.120855 -62.372922 -0.114604 -0.942063 0.315251 0.990517 -0.084156 0.108601 -0.075779 0.324708 0.942774
-1.839426 -10.873667 -22.657825 52.046123 0.160889 0.973076 -0.165041 0.117274 -0.184882 -0.975738 0.979980 -0.137630 0.143862
-2.034960 -10.530286 -10.256174 74.576317 0.130772 0.973489 -0.187664 0.113544 -0.202750 -0.972625 0.984889 -0.105884 0.137048
-2.189087 -10.734904 -3.645434 28.781671 0.133452 0.976749 -0.167788 0.277458 -0.199354 -0.939827 0.951424 -0.078868 0.297611
-0.417881 -3.754735 4.642790 31.114731 -0.104239 0.991079 0.083045 0.741890 0.133097 -0.657180 0.662370 0.006894 0.749145
-0.176459 -3.320213 11.248568 16.912678 -0.111685 0.989810 0.088328 0.714571 0.141761 -0.685049 0.690590 0.013393 0.723123
-0.150698 -3.537782 2.395891 25.713926 -0.015503 0.999871 0.004271 0.738626 0.014332 -0.673963 0.673937 0.007294 0.738752
-0.608267 -3.819201 23.582095 33.050397 -0.187956 0.970095 0.153584 0.722314 0.242485 -0.647660 0.665533 0.010795 0.746290
-0.627555 -4.203068 -8.164255 50.451228 -0.043779 0.998518 0.032318 0.769672 0.054335 -0.636123 0.636936 0.002975 0.770911
-0.798887 -4.251689 6.122576 52.026086 -0.137341 0.984257 0.111248 0.763046 0.176744 -0.621710 0.631584 0.000499 0.775307
0.309300 -48.485442 16.049910 -1046.081861 0.099713 0.991901 -0.078675 0.575078 0.007076 0.818068 -0.811999 0.126817 0.569715
-0.309835 -45.352884 38.687480 -90.346979 0.098498 0.990577 -0.095161 0.679507 0.002914 0.733663 -0.727027 0.136927 0.672817
0.441582 -44.629714 -8.348908 -1484.218818 0.037893 0.994622 -0.096393 0.266793 0.082891 0.960183 -0.963009 0.062101 0.262217
0.405511 -97.750500 -82.316096 -4834.120549 0.041278 0.999052 -0.013797 0.148304 0.007529 0.988913 -0.988080 0.042866 0.147853
0.334614 -67.917074 -52.553150 -2605.516280 0.085799 0.996128 -0.019184 0.554447 -0.031740 0.831614 -0.827784 0.081988 0.555023
4.151625 -33.152465 131.823259 -350.889302 -0.279932 0.528595 0.801390 0.943490 0.305717 0.127918 -0.177382 0.791912 -0.584304
3.336407 -34.103910 70.977192 -610.048835 -0.275650 0.483314 0.830918 0.842056 0.538331 -0.033782 -0.463637 0.690367 -0.555368
3.559646 -32.773427 56.098525 -729.791289 -0.277389 0.534026 0.798668 0.822245 0.561946 -0.090165 -0.496959 0.631690 -0.594978
2.558867 -29.309462 -47.846360 -139.443901 -0.326839 0.488051 0.809310 0.677514 0.718031 -0.159392 -0.658901 0.496223 -0.565342
4.410714 -31.949501 67.863047 -600.794773 -0.269359 0.609312 0.745777 0.873786 0.480216 -0.076751 -0.404900 0.630976 -0.661759
2.280504 -25.027967 14.307246 -400.680698 -0.282815 0.560546 0.778334 0.685994 0.685359 -0.244324 -0.670393 0.464834 -0.578362
8.719203 -21.427901 -168.884669 -454.488637 -0.091858 0.896259 0.433915 -0.320341 0.385996 -0.865095 0.942838 0.218467 -0.251652
6.433496 -15.296250 -194.752606 -150.742048 -0.079861 0.909299 0.408409 -0.150893 0.393969 -0.906653 0.985319 0.134032 -0.105744
7.998893 -18.973598 34.075661 -445.341070 -0.232569 0.834686 0.499211 -0.242728 0.447230 -0.860853 0.941804 0.321380 -0.098590
-7.144877 -11.939626 -78.662849 -413.029935 0.544552 0.837698 0.041526 0.837711 -0.540790 -0.076066 -0.041264 0.076209 -0.996238
-8.878333 -12.005981 51.089281 -300.153501 0.434569 0.886211 0.160562 0.896476 -0.442751 0.017381 0.086492 0.136387 -0.986873
-6.830281 -10.992844 88.256611 -107.522221 -0.178585 0.970112 0.164289 0.970705 0.146433 0.190497 0.160746 0.193496 -0.967843
-5.473577 -9.814201 -43.068030 -102.114413 -0.373516 0.911135 0.174122 0.922870 0.346018 0.169062 0.093789 0.223839 -0.970103
7.868881 -8.491306 -85.111205 -80.092673 -0.178659 0.983842 -0.011630 -0.042311 0.004127 0.999096 -0.983001 -0.178990 -0.040890
5.699113 -9.431868 -209.472122 -116.164001 -0.337949 0.941135 0.007385 -0.015497 -0.013410 0.999790 -0.941037 -0.337764 -0.019117
-8.375425 -9.267119 178.469429 18.962089 -0.069170 0.956751 0.282566 -0.492605 0.213548 -0.843646 0.867500 0.197548 -0.456529
-10.595152 -50.967843 103.680031 3680.766470 0.215823 0.942391 -0.255579 -0.358298 0.319923 0.877082 -0.908319 0.097721 -0.406703
-10.938261 -67.348445 62.524883 4963.843218 0.058313 0.981339 -0.183228 -0.346735 0.192024 0.918097 -0.936149 -0.009994 -0.351462
-0.119763 -561.141765 82.428639 42862.738503 -0.002118 0.997178 -0.075038 0.195714 0.074001 0.977865 -0.980659 0.012615 0.195318
-14.012450 -720.452176 -2375.193267 -46466.746249 -0.439000 0.896123 -0.065135 -0.853630 -0.393365 0.341439 -0.280349 -0.205492 -0.937644
-7.349186 -172.234917 -459.354429 12725.501474 0.172500 0.878122 -0.446257 0.011203 0.451270 0.892317 -0.984946 0.158924 -0.068007
-6.526396 -96.219524 -493.773646 -5960.492208 -0.259903 0.965634 0.001194 -0.865909 -0.233608 0.442299 -0.427377 -0.113921 -0.896867
-0.667014 -1.317487 82.678926 35.168662 -0.144941 0.979948 0.136727 -0.859079 -0.193196 0.473982 -0.490893 0.048760 -0.869854
-1.463086 -1.908455 80.603531 69.541947 -0.055641 0.995944 0.070709 -0.874891 -0.082757 0.477198 -0.481114 0.035311 -0.875947
-1.198404 -1.637463 46.500326 50.057321 -0.709268 0.562734 0.424581 0.502747 0.825993 -0.254914 -0.494150 0.032654 -0.868763
-1.880740 -2.260871 55.124074 38.291972 -0.842251 0.259425 0.472558 0.230563 0.965725 -0.119226 -0.487292 0.008537 -0.873198
-0.992002 -7.402274 63.673745 -14.124943 0.249067 0.961173 0.118796 0.544231 -0.240367 0.803764 -0.801110 0.135539 0.582968
-0.913466 -6.750911 -13.680831 44.532974 0.117692 0.992030 -0.044996 -0.495813 0.097960 0.862887 -0.860417 0.079245 -0.503390
-0.910434 -6.649196 -15.977286 -124.395682 0.122277 0.991072 -0.053145 -0.466809 0.104683 0.878140 -0.875864 0.082567 -0.475442
-1.798038 -10.100635 -3.663025 16.801088 0.127488 0.984817 0.117827 -0.586948 -0.020852 0.809356 -0.799524 0.172341 -0.575378
-1.490587 -14.358355 53.506278 203.259301 0.130484 0.981925 -0.137105 -0.393591 -0.075621 -0.916170 0.909978 -0.173508 -0.376610
-1.597654 -16.618107 42.877885 72.275276 0.134485 0.981519 -0.136140 -0.132850 -0.118289 -0.984052 0.981970 -0.150426 -0.114486
-2.081482 -16.702585 66.004086 -11.274946 0.140450 0.982289 -0.124022 0.009254 -0.126560 -0.991916 0.990044 -0.138167 0.026866
1.156855 -1.241534 29.053814 65.755026 -0.083055 0.995726 0.040387 -0.979458 -0.089036 0.180924 -0.183747 0.024531 -0.982667
0.849416 -2.471848 73.707093 108.027895 -0.148842 0.985140 0.085709 -0.972965 -0.161376 0.165216 -0.176592 0.058801 -0.982526
0.644134 -10.834849 1.531215 -70.544279 0.123249 0.991661 0.037654 0.953292 -0.107766 -0.282171 0.275760 -0.070673 0.958625
0.808797 -10.681119 17.312069 -83.144459 0.116747 0.992471 0.037022 0.957518 -0.102582 -0.269511 0.263684 -0.066914 0.962286
