11738
23456
-7.290713 -10.201909 72.422037 117.008616 -0.199381 0.962309 0.184953 -0.146570 0.157334 -0.976608 0.968899 0.221826 -0.109676
-5.756841 -10.373600 -48.257339 251.228202 -0.038732 0.905732 0.422077 -0.323314 0.388314 -0.862949 0.945499 0.169887 -0.277796
-5.829817 -8.202244 6.732094 93.104090 -0.255695 0.956395 -0.141170 -0.236179 -0.203397 -0.950184 0.937464 0.209616 -0.277888
-4.520411 -7.658814 -62.697541 134.466526 -0.038352 0.975991 0.214407 -0.414545 0.179690 -0.892112 0.909220 0.123096 -0.397701
-6.408893 -9.660225 -10.434127 94.925693 -0.289494 0.947649 -0.134741 -0.077041 -0.163381 -0.983550 0.954074 0.274351 -0.120306
-4.991709 -6.724026 -22.402678 57.456699 -0.332203 0.846549 -0.415928 -0.271465 -0.508126 -0.817383 0.903298 0.158627 -0.398609
-6.045012 -8.475459 -45.977089 70.199255 -0.382933 0.836121 -0.392764 -0.051040 -0.443673 -0.894734 0.922365 0.322577 -0.212573
-5.308261 -7.454164 -40.931128 50.917276 -0.394844 0.765754 -0.507661 -0.128898 -0.593263 -0.794622 0.909661 0.248315 -0.332951
-6.926612 -8.956226 -40.916193 49.281286 0.391855 0.813151 0.430389 0.918454 -0.318399 -0.234658 -0.053777 0.487244 -0.871608
-6.718386 -9.512273 -31.733794 16.722097 0.361153 0.849019 0.385662 0.897334 -0.203900 -0.391429 -0.253694 0.487434 -0.835493
-6.984003 -9.395167 -31.106024 7.594490 0.416801 0.783938 0.460128 0.885312 -0.235290 -0.401075 -0.206154 0.574525 -0.792099
-7.443457 -9.130707 -21.995277 39.765306 0.446283 0.724739 0.524962 0.891149 -0.306321 -0.334694 -0.081759 0.617188 -0.782557
-7.557564 -9.422160 -7.909784 -18.461546 0.428477 0.712657 0.555453 0.877574 -0.181884 -0.443602 -0.215108 0.677524 -0.703342
8.774699 -11.107685 -280.854241 38.942257 0.304793 0.902076 0.305548 0.109921 0.285351 -0.952099 0.946054 -0.323779 0.012184
4.571766 -11.327257 -63.274119 165.692249 0.282539 0.861079 0.422747 -0.021695 0.446326 -0.894607 0.959010 -0.243590 -0.144786
6.295955 -13.623254 -99.269484 155.778761 0.353175 0.859735 0.368949 0.156165 0.334655 -0.929311 0.922432 -0.385826 0.016069
10.486854 -12.442148 -308.349265 -10.553408 0.363984 0.897524 0.248931 0.293436 0.143153 -0.945200 0.883975 -0.417083 0.211260
11.664642 -9.259570 -253.682348 -27.685334 0.194690 0.960572 0.198488 0.206739 0.157628 -0.965615 0.958830 -0.229030 0.167899
-2.709476 -6.305936 14.854229 -51.577306 0.325362 0.935836 -0.135465 -0.381767 0.261070 0.886621 -0.865097 0.236757 -0.442213
-2.888836 -5.557607 -15.938966 -34.962111 0.406458 0.884826 -0.227761 -0.333021 0.375605 0.864880 -0.850817 0.275688 -0.447333
-2.305238 -5.420406 7.423045 -54.387834 0.412839 0.862693 -0.292104 -0.382125 0.455176 0.804236 -0.826768 0.220400 -0.517571
-2.843392 -6.260870 19.620620 -14.929653 0.334029 0.940115 -0.067891 -0.299119 0.174032 0.938211 -0.893841 0.293082 -0.339338
-2.322126 -5.719421 17.297406 -76.956998 0.333704 0.916889 -0.218989 -0.451941 0.359476 0.816411 -0.827279 0.173469 -0.534338
-2.821148 -6.870125 11.406444 -57.097672 0.240888 0.966342 -0.090312 -0.400009 0.183632 0.897927 -0.884288 0.180174 -0.430780
-2.909428 -6.826664 16.517414 -4.873048 0.263802 0.963092 -0.053508 -0.299538 0.134525 0.944553 -0.916889 0.233147 -0.323971
-1.481250 -6.948075 -16.123832 -98.295594 0.090719 0.983957 0.153618 -0.712271 0.171916 -0.680525 0.696017 0.047681 -0.716440
-1.842239 -8.362120 -14.991565 -116.244633 0.048601 0.990597 0.127887 -0.781811 0.117413 -0.612360 0.621618 0.070222 -0.780167
-1.625073 -7.562548 11.246651 -74.790104 0.062352 0.978428 0.196956 -0.788625 0.169249 -0.591122 0.611705 0.118466 -0.782166
-1.189150 -6.083448 -0.151820 -83.916995 0.146513 0.958863 0.243139 -0.681289 0.276016 -0.677983 0.717203 0.066314 -0.693702
-0.998420 -5.138314 -15.198122 -82.156151 0.139634 0.969028 0.203682 -0.615467 0.246072 -0.748765 0.775695 0.020807 -0.630765
-0.926256 -11.772590 -17.682692 -24.670715 0.340244 0.931713 -0.127064 -0.584067 0.103496 -0.805080 0.736953 -0.348138 -0.579397
-0.676674 -11.522898 -0.985810 -28.748529 0.334767 0.932941 -0.132481 -0.501601 0.057413 -0.863192 0.797701 -0.355421 -0.487185
-0.753160 -11.589053 0.259985 14.946104 0.328815 0.933890 -0.140461 -0.671448 0.126592 -0.730159 0.664107 -0.334400 -0.668685
-0.947736 -11.569033 -3.708368 32.888705 0.322723 0.936926 -0.134235 -0.770499 0.177690 -0.612175 0.549711 -0.300991 -0.779245
-1.080512 -11.303496 -8.294172 -10.951590 0.327133 0.940292 -0.093995 -0.590587 0.125787 -0.797110 0.737693 -0.316274 -0.596473
-0.871513 -11.451383 -14.362008 -41.236574 0.340507 0.934823 -0.100803 -0.427841 0.058582 -0.901954 0.837262 -0.350249 -0.419903
-1.188974 -11.545867 -22.750705 37.393579 0.333653 0.934247 -0.125927 -0.716770 0.164652 -0.677592 0.612304 -0.316342 -0.724577
-0.195481 -8.612335 26.154099 61.759122 0.294101 0.955734 -0.008781 0.843245 -0.263789 -0.468352 0.449936 -0.130339 0.883498
-0.436556 -8.966287 0.165592 74.260230 0.326626 0.945154 0.000765 0.806922 -0.278434 -0.520914 0.492131 -0.170761 0.853609
-0.440338 -7.788998 5.523746 42.461696 0.320246 0.947315 -0.006145 0.771044 -0.264414 -0.579289 0.550394 -0.180777 0.815099
-1.588567 -14.595497 28.933187 -34.028108 0.417039 0.905140 -0.082463 0.220309 -0.012647 0.975348 -0.881784 0.424925 0.204685
-1.880974 -14.321592 17.068318 6.262316 0.403454 0.912948 -0.061237 0.007038 0.063828 0.997936 -0.914973 0.403053 -0.019327
-1.995818 -14.081711 10.553345 -4.906387 0.373864 0.924142 -0.078666 0.174469 0.013228 0.984574 -0.910926 0.381821 0.156289
-1.751216 -14.101154 11.631821 -19.329068 0.374090 0.921578 -0.103682 0.365656 -0.043831 0.929717 -0.852263 0.385710 0.353378
-2.038691 -13.945170 14.519588 3.610669 0.343616 0.931781 -0.117098 0.381159 -0.024418 0.924187 -0.858281 0.362198 0.363548
3.071020 -3.247119 50.758708 17.704712 -0.245263 0.636976 0.730826 -0.607006 0.486892 -0.628076 0.755904 0.597660 -0.267231
3.160496 -2.993316 -19.303449 -6.131296 -0.155312 0.547304 0.822397 -0.686223 0.539082 -0.488354 0.710617 0.640195 -0.291846
3.580119 -3.897075 15.114836 -15.368200 -0.146158 0.606063 0.781873 -0.677800 0.514343 -0.525393 0.720572 0.606744 -0.335614
0.292575 -19.284757 -5.487741 -126.394219 -0.205595 0.960014 0.190010 -0.686453 -0.279850 0.671167 -0.697504 -0.007556 -0.716541
0.368204 -17.419936 -16.475566 -66.134060 -0.186494 0.968729 0.163661 -0.862649 -0.241184 0.444598 -0.470167 0.058267 -0.880652
0.526452 -19.070566 -22.588209 -214.793801 -0.196616 0.965131 0.172815 -0.841214 -0.256593 0.475941 -0.503688 0.051796 -0.862331
0.428927 -20.851425 7.830299 -170.077259 -0.203131 0.957026 0.206978 -0.614358 -0.289170 0.734128 -0.762431 -0.021966 -0.646696
25.067130 -6.438259 1002.996431 -25.267660 0.166663 0.960731 0.221854 0.936595 -0.083912 -0.340217 0.308241 -0.264489 0.913801
3.639391 -8.151837 111.492352 -39.399471 0.431493 0.893566 0.123911 0.788308 -0.306699 -0.533391 0.438616 -0.327834 0.836744
33.364273 -7.142788 1486.131841 -37.478523 0.136831 0.942380 0.305283 0.913703 -0.001020 -0.406382 0.382655 -0.334543 0.861194
118.620779 -12.832898 -4565.173051 -175.559271 -0.170302 -0.951098 -0.257700 0.948286 -0.087095 -0.305235 0.267864 -0.296355 0.916746
-1.465645 -30.787281 -27.503933 293.694694 0.700693 -0.701940 -0.127711 -0.337980 -0.168926 -0.925869 -0.628331 -0.691913 0.355607
-1.204020 -25.819808 -18.291970 287.082476 0.695820 -0.709409 -0.112128 -0.148025 0.011118 -0.988921 -0.702796 -0.704709 0.097275
-1.712283 -27.372476 -23.666923 350.130139 0.713253 -0.692590 -0.107655 -0.056518 0.096262 -0.993750 -0.698625 -0.714879 -0.029515
-1.071793 -28.441010 -17.551596 205.243728 0.685958 -0.714955 -0.135280 -0.412376 -0.228800 -0.881814 -0.599506 -0.660674 0.451777
-1.671357 -30.404575 10.798540 326.560784 0.733846 -0.664244 -0.142300 -0.232538 -0.048811 -0.971362 -0.638275 -0.745920 0.190282
-1.505749 -30.163468 19.217146 129.337624 0.730737 -0.659979 -0.174505 -0.457688 -0.283982 -0.842541 -0.506503 -0.695545 0.509581
0.533027 -24.054721 24.866542 4.980572 -0.182208 0.964741 0.189932 0.079847 -0.178010 0.980784 -0.980013 -0.193872 0.044597
0.360476 -22.943993 30.114539 -6.628385 -0.176054 0.963402 0.202141 -0.214693 -0.237984 0.947244 -0.960683 -0.123368 -0.248734
-0.402395 -24.181496 30.216604 -46.504494 -0.197331 0.963755 0.179543 -0.095338 -0.201142 0.974911 -0.975690 -0.175263 -0.131574
-8.344311 -417.309872 -7.276911 -15164.981631 -0.613702 0.781939 -0.109276 0.781904 0.621119 0.053269 -0.109527 0.052753 0.992583
-108.454635 -737.672917 3922.351946 -1877.556477 -0.485254 0.828119 -0.280620 0.026277 -0.306982 -0.951352 0.873978 0.469022 -0.127204
3.163646 -493.730031 387.431152 -15074.547390 -0.602296 0.785805 -0.140535 0.473149 0.209623 -0.855680 0.642938 0.581866 0.498058
-22.905324 -1575.572035 -335.795496 -90930.656607 0.517376 -0.812427 0.268855 0.843151 0.537673 0.002208 -0.146350 0.225544 0.963178
7.621769 -182.266377 104.988335 -7838.137325 -0.712229 0.701554 -0.023471 0.671302 0.690526 0.269308 -0.205142 -0.176053 0.962768
-15.138700 -831.737044 -219.369173 26181.142114 0.759678 -0.595988 0.260169 0.104361 -0.283159 -0.953378 -0.641871 -0.751412 0.152911
-102.391698 -4597.646706 4248.383788 90209.903089 -0.636602 0.647099 -0.419524 -0.173636 0.409757 0.895516 -0.751391 -0.642932 0.148493
1.309374 -16.721840 -4.746168 9.985556 -0.101793 0.991676 0.078849 0.992163 0.095430 0.080658 0.072462 0.086441 -0.993618
1.219770 -17.311454 5.153283 -43.717787 -0.128168 0.986138 0.105378 0.991615 0.125656 0.030169 0.016509 0.108361 -0.993975
1.126150 -16.378830 -12.399542 90.826205 -0.114435 0.990666 0.074071 -0.974556 -0.126413 0.185094 -0.192730 0.051005 -0.979925
0.994797 -16.309552 -9.961655 -35.004014 -0.079235 0.994978 0.061158 0.996061 0.081473 -0.035005 -0.039812 0.058143 -0.997514
1.564524 -17.182718 -4.050185 -43.467969 -0.071968 0.995202 0.066281 -0.964416 -0.052484 -0.259129 0.254407 0.082572 -0.963566
0.094447 -6.261069 0.628541 21.196209 -0.067855 0.983744 -0.166263 -0.770190 0.054282 0.635501 -0.634195 -0.171176 -0.753986
-0.299722 -5.885499 -31.689047 40.873613 -0.074521 0.980317 -0.182827 -0.783120 0.055976 0.619347 -0.617390 -0.189330 -0.763534
-0.086770 -6.850309 -12.990295 40.358787 -0.062469 0.980875 -0.184340 -0.841184 0.047657 0.538644 -0.537128 -0.188713 -0.822120
-0.063234 -5.668161 -18.627592 4.998688 -0.097617 0.983679 -0.151149 -0.724850 0.033796 0.688078 -0.681956 -0.176728 -0.709721
0.115808 -6.615954 8.237076 21.040083 -0.044122 0.982339 -0.181834 -0.820716 0.068138 0.567259 -0.569630 -0.174262 -0.803215
0.220841 -6.360751 11.257444 7.357411 -0.059157 0.984945 -0.162431 -0.750731 0.063351 0.657563 -0.657954 -0.160841 -0.735681
0.300538 -6.053662 9.436113 3.503369 -0.087811 0.986059 -0.141338 -0.687567 0.042670 0.724866 -0.720792 -0.160830 -0.674235
4.378072 -1.782170 -111.412199 7.128833 -0.282714 0.050366 0.957881 0.189339 0.981902 0.004254 -0.940331 0.182567 -0.287134
4.802841 -1.530202 -22.318949 9.471533 -0.175827 0.031899 0.983904 0.225053 0.974308 0.008630 -0.958351 0.222948 -0.178489
4.822045 -1.920718 30.328556 11.148737 -0.125692 -0.002596 0.992066 0.178550 0.983608 0.025196 -0.975870 0.180300 -0.123168
1.530567 -5.812334 -3.122983 25.644917 0.037529 0.997395 -0.061607 -0.132038 -0.056161 -0.989652 0.990534 -0.045275 -0.129586
1.417902 -5.109462 5.003040 51.717525 0.051134 0.995611 -0.078387 -0.240493 -0.063904 -0.968545 0.969303 -0.068377 -0.236170
1.361088 -5.398125 -0.582046 16.173179 0.068428 0.996500 -0.048023 -0.139016 -0.038142 -0.989555 0.987923 -0.074389 -0.135920
1.504641 -5.559462 -3.936042 -20.372376 0.054196 0.998187 -0.026175 -0.012739 -0.025520 -0.999593 0.998449 -0.054507 -0.011333
1.088164 -5.065529 -26.713770 -9.744985 0.094703 0.995505 -0.001054 -0.021786 0.001014 -0.999762 0.995267 -0.094703 -0.021784
5.487919 -48.620775 0.923478 -536.275168 -0.136216 0.989175 -0.054566 -0.098181 -0.068287 -0.992823 0.985802 0.129881 -0.106420
6.292404 -53.803985 -30.717923 1405.113526 -0.098849 0.992477 -0.072245 -0.601030 -0.117408 -0.790556 0.793090 0.034724 -0.608114
5.490819 -65.860755 -37.820283 -1403.249774 -0.027694 0.994422 -0.101770 -0.161600 -0.104923 -0.981263 0.986468 0.010729 -0.163604
13.495998 -9.150696 -153.683977 87.209634 0.509599 0.853310 0.110319 0.801052 -0.423727 -0.422813 0.314046 -0.303837 0.899477
15.302119 -10.112609 355.402609 107.302765 -0.513576 -0.848062 -0.130499 0.841868 -0.468639 -0.267649 0.165827 -0.247321 0.954638
20.176184 -9.377714 -591.970847 66.793416 0.495598 0.868105 0.027852 0.810994 -0.451038 -0.372630 0.310920 -0.207262 0.927562
18.516402 -9.383426 -356.539125 41.647439 0.484860 0.871159 0.077406 0.756966 -0.373672 -0.536071 0.438079 -0.318513 0.840616
14.002172 -9.315528 -56.012348 -14.394822 -0.534470 -0.825137 -0.183008 0.775134 -0.392227 -0.495303 0.336912 -0.406580 0.849225
-8.506555 -9.640408 -53.441335 -12.640135 0.643618 0.753824 0.132308 -0.072992 -0.111626 0.991066 -0.761858 0.647525 0.016821
-8.131142 -9.557782 -46.562800 -1.003848 0.554189 0.795654 0.244559 -0.037757 -0.269472 0.962268 -0.831534 0.542511 0.119297
-8.687154 -9.471202 -47.944827 11.996223 0.645589 0.749334 0.147352 0.068661 -0.249120 0.966036 -0.760592 0.613545 0.212279
-8.601723 -9.556767 -53.575250 -40.694636 0.695068 0.693510 0.189538 -0.226423 -0.039058 0.973246 -0.682358 0.719388 -0.129878
-8.002743 -9.405309 -45.100256 -12.942018 0.538946 0.737124 0.407657 -0.395317 -0.206013 0.895144 -0.743815 0.643589 -0.180368
-3.855488 -4.223413 19.994846 67.679975 0.231786 -0.693305 -0.682351 -0.014765 0.698866 -0.715101 0.972655 0.175825 0.151751
-3.850659 -5.521264 -39.311056 51.958481 -0.225629 0.783057 0.579580 0.116133 0.612298 -0.782051 0.967266 0.109145 0.229091
-2.753179 -4.360479 -77.347937 63.748095 -0.142910 0.757373 0.637152 0.040584 0.647703 -0.760811 0.988903 0.082869 0.123300
-1.120343 -4.395294 -114.067823 66.274799 -0.071213 0.845491 0.529221 0.081670 0.533729 -0.841703 0.994112 0.016719 0.107059
-1.416407 -2.710168 104.647597 58.882546 0.064977 -0.530859 -0.844966 -0.069548 0.842287 -0.534524 0.995460 0.093497 0.017809
-2.695847 -3.229672 103.288911 11.167277 0.051149 0.013821 -0.998595 -0.176177 0.984348 0.004600 0.983029 0.175694 0.052783
-0.595514 -3.317053 -39.337261 20.631049 0.046570 -0.108549 0.993000 0.123549 0.987071 0.102107 -0.991245 0.117929 0.059379
-1.439169 -3.269648 -46.185416 24.527280 0.048201 -0.188235 0.980940 0.136930 0.974055 0.180186 -0.989407 0.125635 0.072726
-0.913781 -2.752353 -34.972120 22.952380 0.055227 -0.056745 0.996860 0.170727 0.984217 0.046567 -0.983769 0.167619 0.064043
-0.473927 -3.786273 -54.026324 36.009776 0.041519 -0.094162 0.994691 0.077451 0.992857 0.090755 -0.996131 0.073272 0.048515
-0.075865 -3.419057 -37.512482 19.377420 0.046464 -0.009654 0.998873 0.110178 0.993902 0.004481 -0.992825 0.109845 0.047244
0.192555 -8.991450 -24.553720 28.287130 -0.313576 0.948153 -0.051728 0.698751 0.193520 -0.688693 0.642975 0.252103 0.723206
-0.466991 -9.303477 -29.945577 39.579655 -0.272363 0.958250 -0.087035 0.747569 0.153795 -0.646133 0.605771 0.241047 0.758246
-0.376366 -9.450340 -32.923345 -14.077030 -0.278715 0.957767 -0.070715 0.831895 0.203982 -0.516083 0.479862 0.202668 0.853615
-0.736205 -9.320336 -44.454268 -30.460569 -0.236129 0.968058 -0.084297 0.912128 0.190900 -0.362740 0.335062 0.162543 0.928070
-0.225035 -8.889100 -23.185544 -34.600974 -0.254871 0.963252 -0.084776 0.908036 0.208275 -0.363444 0.332432 0.169611 0.927751
0.178372 -8.986698 -16.839584 -14.780770 -0.304231 0.949741 -0.073721 0.822479 0.222843 -0.523325 0.480595 0.219846 0.848938
1.299371 -13.509586 -19.806640 -53.555653 -0.009537 0.993691 -0.111744 0.959595 0.040523 0.278451 -0.281222 0.104574 0.953928
0.924084 -12.396565 23.268463 162.781438 -0.023307 -0.993357 0.112693 0.999680 -0.024262 -0.007112 0.009799 0.112491 0.993604
0.702016 -12.868342 10.527133 102.527243 0.037874 -0.993775 0.104768 0.997475 0.043901 0.055828 -0.060080 0.102389 0.992929
-2.254964 -13.377619 10.693635 69.603664 0.026911 0.998530 -0.047043 -0.488635 0.054195 0.870803 -0.872073 0.000447 -0.489376
-2.174237 -12.694858 18.301797 59.902885 0.067369 0.996708 -0.045110 -0.334750 0.065172 0.940050 -0.939896 0.048230 -0.338039
-1.926291 -13.750761 17.376264 48.445633 0.073688 0.996549 -0.038223 -0.542123 0.072197 0.837192 -0.837062 0.040970 -0.545572
-2.399608 -12.665281 5.089347 64.311528 0.007907 0.998834 -0.047628 -0.332329 0.047548 0.941964 -0.943130 -0.008380 -0.332318
0.292098 -13.834684 22.693648 150.791745 -0.199356 0.958409 -0.204230 -0.543179 -0.281542 -0.791006 0.815606 0.046758 -0.576715
-0.533608 -13.629730 63.254694 162.198648 -0.249817 0.940577 -0.230013 -0.581753 -0.335687 -0.740863 0.774051 0.051269 -0.631044
-0.283656 -11.649886 38.050792 189.503719 -0.222383 0.944583 -0.241471 -0.718327 -0.326202 -0.614491 0.659206 -0.036803 -0.751061
-0.392259 -9.292349 -3.220151 109.874039 -0.196527 0.945398 -0.260001 -0.808934 -0.306183 -0.501874 0.554079 -0.111692 -0.824938
-0.041930 -11.358764 -13.427771 156.854772 -0.182089 0.952735 -0.243186 -0.713032 -0.298242 -0.634536 0.677073 -0.057857 -0.733638
-0.730792 -8.671066 41.286472 142.205306 -0.213963 0.944664 -0.248656 -0.830249 -0.309985 -0.463244 0.514690 -0.107329 -0.850632
11.420451 -7.803968 67.199894 -1.272461 -0.078449 0.599219 -0.796733 0.367380 0.760326 0.535664 0.926757 -0.250681 -0.279788
9.492618 -8.029043 -269.625815 15.795034 0.163323 0.454135 -0.875835 0.277253 0.830851 0.482511 0.946814 -0.321633 0.009787
8.872515 -7.339308 -7.940001 15.321617 -0.044230 0.557463 -0.829023 0.205491 0.817167 0.538527 0.977659 -0.146538 -0.150697
9.888504 -7.140175 223.276448 8.729407 -0.209012 0.630913 -0.747169 0.252886 0.772927 0.581921 0.944649 -0.067320 -0.321100
2.570490 -65.323241 -25.313243 2181.958605 -0.027273 0.999040 -0.034276 -0.429773 -0.042677 -0.901928 0.902525 0.009867 -0.430525
1.992195 -32.849658 -48.505340 756.247474 -0.022198 0.991067 -0.131508 -0.717830 -0.107356 -0.687891 0.695864 -0.079130 -0.713800
2.069376 -32.887651 -10.347170 747.634095 -0.019761 0.992711 -0.118892 -0.471850 -0.114099 -0.874265 0.881457 -0.038822 -0.470665
-2.240644 -13.977271 29.774643 24.498550 0.117092 0.978523 -0.169652 0.715565 0.035329 0.697652 -0.688663 0.203086 0.696060
-2.533940 -13.791119 27.233027 17.283527 0.101854 0.984631 -0.141875 0.576257 0.057854 0.815218 -0.810897 0.164790 0.561508
-2.516537 -13.715207 17.512726 36.769991 0.078956 0.986697 -0.142110 0.734205 0.038871 0.677814 -0.674321 0.157855 0.721369
-2.557824 -13.451446 -5.564798 37.302035 0.025476 0.993300 -0.112725 0.769374 0.052517 0.636636 -0.638290 0.102947 0.762881
-2.405392 -12.945514 9.387025 28.618108 0.051874 0.989385 -0.135741 0.860971 0.024563 0.508060 -0.506002 0.143225 0.850558
-2.172233 -13.145641 22.973836 28.137980 0.090826 0.980497 -0.174290 0.850476 0.014684 0.525808 -0.518112 0.195987 0.832556
0.585287 -18.122447 -19.114221 -148.872854 0.565343 -0.375530 0.734414 0.384097 0.907785 0.168507 -0.729970 0.186822 0.657450
1.014795 -17.246501 -20.710953 -159.301020 0.559086 -0.409026 0.721194 0.385810 0.898274 0.210368 -0.733876 0.160630 0.660019
0.302433 -17.005652 -9.501061 -25.049544 0.570973 -0.347295 0.743893 0.182014 0.937116 0.297799 -0.800538 -0.034636 0.598281
0.645184 -18.865623 -28.830974 -71.756977 0.550963 -0.378520 0.743749 0.592740 0.804854 -0.029479 -0.587451 0.457091 0.667809
1.270052 -18.378583 -17.308355 -118.949839 0.553771 -0.425838 0.715541 0.585692 0.810022 0.028787 -0.591863 0.403145 0.697977
-16.168078 -28.464470 13.834680 -721.766871 -0.056519 -0.521766 -0.851214 0.922924 -0.352495 0.154787 -0.380811 -0.776858 0.501473
-16.685654 -35.815887 9.937350 -981.474004 0.073869 -0.592260 -0.802354 0.990251 -0.051712 0.129339 -0.118094 -0.804086 0.582666
-16.444166 -32.215927 95.264891 -896.800265 0.152299 -0.734467 -0.661334 0.940695 -0.097517 0.324935 -0.303146 -0.671601 0.676058
-20.147532 -38.416216 -68.167355 -968.476533 -0.180169 -0.418268 -0.890276 0.979201 -0.162111 -0.122002 -0.093294 -0.893741 0.438776
-14.646021 -20.698284 98.609128 -401.586388 -0.174620 -0.596971 -0.783028 0.812049 -0.537057 0.228353 -0.556851 -0.595983 0.578551
-10.324342 -18.774191 269.442527 -37.398375 -0.546479 -0.069029 -0.834623 0.653395 -0.658546 -0.373352 -0.523866 -0.749368 0.404984
-17.202619 -30.535437 298.380338 -745.167721 -0.405963 -0.199697 -0.891804 0.841149 -0.463164 -0.279190 -0.357298 -0.863482 0.356003
-4.043402 -13.484312 47.732424 53.302185 0.097589 -0.362243 0.926961 0.979514 -0.129894 -0.153883 0.176149 0.922989 0.342145
-4.304510 -12.355916 5.314631 83.270080 0.086253 -0.267149 0.959787 0.953480 -0.257181 -0.157270 0.288854 0.928703 0.232538
-3.822136 -13.737349 -25.143110 12.385650 0.127523 -0.256244 0.958163 0.991399 0.004280 -0.130802 0.029416 0.966603 0.254586
-4.170556 -14.283134 4.024842 -1.220029 0.105534 -0.323240 0.940414 0.989001 0.132673 -0.065384 -0.103633 0.936971 0.333686
-3.436085 -13.774352 -51.565863 -41.498598 0.130988 -0.224509 0.965628 0.963085 0.259878 -0.070222 -0.235180 0.939180 0.250262
10.669269 -34.990638 -555.209251 -1692.328461 -0.043990 0.997568 -0.054070 -0.883876 -0.064089 -0.463310 0.465649 -0.027410 -0.884545
11.355180 -35.319297 -392.421739 -1319.810229 -0.166786 0.964669 -0.203950 -0.944085 -0.215908 -0.249173 0.284403 -0.150988 -0.946740
16.375079 -32.627478 1282.382905 -889.811596 -0.834406 0.330296 -0.441215 0.304530 0.943532 0.130420 0.459378 -0.025540 -0.887874
5.919380 -22.800930 -534.677763 -1233.522443 0.070374 0.997484 -0.008554 -0.834590 0.054180 -0.548201 0.546358 -0.045718 -0.836303
3.930271 -7.087051 -58.055452 -10.656561 -0.002772 0.999584 -0.028703 0.784648 0.019968 0.619620 -0.619936 0.020805 0.784377
2.314830 -7.509960 -155.618968 -7.686579 -0.081324 0.995826 0.041428 0.793142 0.039488 0.607755 -0.603583 -0.082284 0.793043
2.942396 -7.207789 -155.475738 -31.512823 -0.066481 0.996597 0.048729 0.690294 0.010675 0.723450 -0.720468 -0.081733 0.688654
3.780812 -6.723506 -87.939464 -24.925303 0.005000 0.999340 0.035972 0.582216 -0.032156 0.812398 -0.813019 -0.016882 0.581992
4.294315 -6.833959 -58.296499 -30.398394 0.035004 0.999187 -0.020003 0.677456 -0.009009 0.735508 -0.734730 0.039297 0.677221
4.000030 -45.560902 -41.434201 1289.427168 -0.125723 0.990097 -0.062463 -0.676160 -0.131592 -0.724908 0.725949 0.048903 -0.686008
5.150831 -59.009603 28.542500 2078.446207 -0.201119 0.978136 -0.052922 -0.755402 -0.189263 -0.627333 0.623633 0.086191 -0.776951
3.256942 -24.675435 -41.721104 346.818884 -0.141646 0.980482 -0.136348 -0.857254 -0.190372 -0.478408 0.495027 -0.049121 -0.867488
3.033443 -37.510535 -49.090053 1068.859035 -0.072463 0.992512 -0.098336 -0.684984 -0.121189 -0.718408 0.724945 -0.015301 -0.688636
2.484431 -22.241653 -48.290706 216.525082 -0.101579 0.978090 -0.181717 -0.839700 -0.182247 -0.511557 0.533466 -0.100624 -0.839815
2.059859 -22.285746 -46.006257 -174.335905 -0.100916 0.973520 -0.205122 -0.940404 -0.160636 -0.299727 0.324740 -0.162650 -0.931713
2.621153 -23.594891 -54.880470 499.360503 0.821453 -0.516225 0.242334 -0.506296 -0.464609 0.726501 0.262447 0.719479 0.643017
2.875530 -15.696399 -12.691879 115.726805 0.744268 -0.588287 0.316201 -0.655410 -0.552268 0.515207 0.128461 0.590694 0.796605
1.773170 -19.186248 17.901252 -106.285526 0.805030 -0.493186 0.329687 -0.587975 -0.589497 0.553876 0.078815 0.639734 0.764545
-6.820897 -11.177176 -22.859807 170.543765 -0.074176 0.858790 0.506929 -0.128709 0.495834 -0.858826 0.988904 0.128951 -0.073755
-4.625052 -11.876031 -142.059228 276.729658 0.078834 0.873535 0.480335 -0.218103 0.485275 -0.846723 0.972736 0.038012 -0.228777
-3.215195 -10.982331 -129.884430 281.826261 0.119328 0.932773 0.340139 -0.358814 0.359947 -0.861215 0.925750 0.019279 -0.377644
-6.119757 -9.531487 -35.172812 28.759815 0.286790 0.909024 0.302367 0.909680 -0.159439 -0.383486 -0.300389 0.385038 -0.872647
-6.624749 -9.703407 -12.869962 0.849625 0.322258 0.867013 0.380049 0.852927 -0.091757 -0.513902 -0.410688 0.489764 -0.769069
-6.288397 -9.137635 -35.780252 39.499197 0.316433 0.885934 0.339104 0.936391 -0.234512 -0.261106 -0.151799 0.400157 -0.903788
-3.384398 -5.236733 -47.638544 -26.932499 0.418502 0.894176 -0.159077 -0.315961 0.307555 0.897541 -0.851484 0.325360 -0.411237
-3.420905 -4.729946 -43.827594 -15.768664 0.527985 0.716945 -0.455216 -0.218776 0.632752 0.742807 -0.820590 0.292600 -0.490934
-2.997997 -5.702253 -17.272262 -15.787647 0.359928 0.931636 -0.050059 -0.297817 0.165575 0.940154 -0.884170 0.323479 -0.337052
-2.170284 -8.923521 -3.066655 -46.942800 0.036934 0.989110 0.142471 -0.866916 0.102630 -0.487773 0.497083 0.105495 -0.861266
-1.836421 -9.041601 -44.200766 -100.612927 0.046622 0.996032 0.075813 -0.833231 0.080637 -0.547013 0.550956 0.037667 -0.833684
-1.923572 -9.399365 -24.644592 -11.265778 0.005096 0.997079 0.076205 -0.919160 0.034685 -0.392354 0.393851 0.068045 -0.916652
-1.641345 -9.384245 -37.635860 -83.522120 0.030823 0.999145 0.027537 -0.858990 0.040566 -0.510382 0.511063 0.007923 -0.859507
-2.072646 -9.009100 -1.678589 28.878969 -0.033517 0.992285 0.119362 -0.947420 0.006483 -0.319929 0.318234 0.123809 -0.939893
-1.691637 -9.750243 -19.126974 -1.931237 0.003281 0.999152 0.041049 -0.944339 0.016599 -0.328555 0.328958 0.037687 -0.943592
-1.915784 -9.426368 -8.763698 55.713285 -0.039839 0.995983 0.080193 -0.973135 -0.020461 -0.229323 0.226760 0.087175 -0.970041
-0.571562 -11.878098 -8.092780 -21.718271 0.338040 0.926453 -0.165573 -0.549048 0.051245 -0.834219 0.764379 -0.372907 -0.525989
-0.600529 -8.949585 -9.207111 106.045016 0.368065 0.929791 -0.004073 0.773325 -0.308553 -0.553862 0.516233 -0.200707 0.832599
-0.472576 -10.273970 -3.291502 104.929490 0.331688 0.943384 0.003268 0.859629 -0.300810 -0.412978 0.388614 -0.139789 0.910735
-0.706406 -7.867315 -14.222710 32.866711 0.360792 0.932639 -0.003792 0.705128 -0.275435 -0.653399 0.610430 -0.233067 0.757004
-0.507339 -10.164750 -1.641618 144.983686 0.363991 0.931394 0.004108 0.804421 -0.312140 -0.505446 0.469487 -0.187282 0.862848
-0.702226 -8.394559 -10.343966 84.709128 0.378090 0.925749 0.006061 0.715484 -0.288047 -0.636484 0.587479 -0.244985 0.771266
-0.238083 -17.278731 7.544316 -162.228708 0.099045 0.980687 -0.168651 -0.765848 0.183339 0.616330 -0.635348 -0.068117 -0.769216
-0.234764 -15.907558 6.729967 -153.178083 0.128609 0.973456 -0.189322 -0.893884 0.196464 0.402955 -0.429454 -0.117408 -0.895424
-0.307989 -17.457611 0.724319 -119.470758 0.106464 0.975545 -0.192294 -0.845385 0.190617 0.498988 -0.523440 -0.109438 -0.845005
-0.252947 -17.329687 -6.473025 -136.698459 0.088511 0.982316 -0.164989 -0.775397 0.171922 0.607621 -0.625241 -0.074151 -0.776901
-0.192286 -18.232467 -2.411527 -54.522512 0.075900 0.982176 -0.171957 -0.645635 0.179830 0.742170 -0.759865 -0.054691 -0.647776
-0.214535 -18.132888 28.856051 -18.846545 0.100454 0.987468 -0.121719 -0.559792 0.157232 0.813579 -0.822522 0.013590 -0.568571
-1.467427 -14.311039 43.250907 2.089692 0.446529 0.893259 -0.051963 0.054706 0.030711 0.998030 -0.893095 0.448492 0.035153
-1.292743 -23.894532 13.371252 -184.280040 -0.715445 0.692831 0.090135 -0.091773 -0.221083 0.970927 -0.692616 -0.686373 -0.221756
-0.804435 -23.378784 25.481244 -224.957226 -0.686465 0.720887 0.095328 -0.004697 -0.135488 0.990768 -0.727147 -0.679680 -0.096394
-0.521452 -26.830508 33.509662 -221.299245 -0.678636 0.726518 0.107817 0.260530 0.100866 0.960182 -0.686715 -0.679704 0.257731
0.138580 -20.737983 23.184858 -114.298006 -0.188552 0.960327 0.205477 -0.496803 -0.273756 0.823556 -0.847133 -0.053201 -0.528711
0.400208 -23.523424 28.923912 -25.477908 -0.181637 0.959518 0.215253 -0.328391 -0.265514 0.906455 -0.926913 -0.093959 -0.363324
-7.699516 -262.155265 -251.651870 -11385.948457 -0.507962 0.802134 0.313936 -0.371822 -0.532939 0.760082 -0.776996 -0.269364 -0.568964
8.815425 -166.708984 138.806075 -8125.933738 -0.619963 0.779813 0.086823 -0.683435 -0.591046 0.428464 -0.385438 -0.206294 -0.899378
5.191901 -178.451557 -332.181112 8027.983685 -0.689903 0.696704 0.196564 0.641249 0.714169 -0.280646 -0.335907 -0.067572 -0.939468
5.390641 -94.540721 155.460524 -2660.802577 -0.520709 0.852085 0.053041 -0.453206 -0.328536 0.828655 -0.723510 -0.407450 -0.557242
-1.722411 -83.373538 199.947470 -2534.029079 -0.420565 0.895770 0.143950 -0.646340 -0.407164 0.645339 -0.636686 -0.178366 -0.750211
-8.262767 -122.700276 -59.958151 3565.541774 -0.412993 0.892331 0.182161 -0.089148 -0.238664 0.967002 -0.906361 -0.383126 -0.178116
3.369875 -136.013127 406.017657 6215.745881 -0.417260 0.907765 0.043085 0.004489 -0.045350 0.998961 -0.908776 -0.417020 -0.014848
2.782789 -256.992971 590.511512 16654.812042 -0.350435 0.925455 0.143970 0.059848 -0.131277 0.989538 -0.934673 -0.355385 0.009383
-0.600386 -6.467103 -39.247164 72.607037 -0.066601 0.978939 -0.192983 -0.826642 0.054178 0.560114 -0.558773 -0.196832 -0.805624
-0.516746 -5.468527 -40.896119 21.615797 -0.103087 0.982600 -0.154497 -0.737498 0.028718 0.674738 -0.667435 -0.183498 -0.721706
4.501423 -1.470792 -126.353962 3.128367 -0.299794 0.045503 0.952918 0.249893 0.967731 0.032407 -0.920694 0.247843 -0.301491
5.086085 -1.452017 6.536324 4.214408 -0.157478 0.021548 0.987287 0.253435 0.967160 0.019316 -0.954448 0.253255 -0.157767
3.370200 -1.546000 -133.224647 12.294959 -0.328461 0.076889 0.941383 0.231584 0.972814 0.001347 -0.915687 0.218452 -0.337337
6.980105 -66.172237 -106.320700 1948.759652 -0.162866 0.986641 -0.003856 -0.517001 -0.088669 -0.851380 0.840348 0.136667 -0.524536
7.953444 -93.352464 -206.286800 4191.546811 -0.109528 0.993734 -0.022275 -0.843971 -0.104813 -0.526048 0.525087 0.038818 -0.850163
5.994594 -57.376810 -33.118621 2060.088822 -0.087070 0.993127 -0.078213 -0.862846 -0.114422 -0.492345 0.497911 -0.024617 -0.866879
-0.649954 -6.403395 -11.004954 -0.934138 0.314343 0.848500 0.425719 -0.189824 0.495575 -0.847568 0.930137 -0.185615 -0.316846
-0.061493 -6.709792 -25.554092 14.296745 0.344924 0.805763 0.481428 -0.062435 0.531464 -0.844777 0.936552 -0.261326 -0.233622
-0.019303 -7.057794 -12.964018 -12.026703 0.316642 0.864649 0.390025 -0.115131 0.443176 -0.889010 0.941532 -0.236594 -0.239876
-3.802942 -5.564911 -68.403507 -83.799530 0.205154 -0.916025 -0.344688 0.904324 0.042723 0.424702 -0.374312 -0.398839 0.837149
-3.495264 -5.480982 43.042229 -67.602457 -0.370887 0.911479 0.177901 0.836717 0.244858 0.489846 -0.402924 -0.330530 0.853465
-2.617771 -4.550027 46.997909 -42.868453 -0.298464 0.925389 0.233612 0.827956 0.129282 0.545688 -0.474772 -0.356289 0.804767
-3.112681 -6.569624 -87.299988 49.490444 -0.153543 0.836180 0.526525 0.256154 0.548310 -0.796079 0.954364 -0.012639 0.298380
-4.259122 -6.634095 -21.839161 84.681495 -0.280977 0.767668 0.575967 0.185571 0.632276 -0.752191 0.941603 0.104465 0.320112
-1.901846 -3.732755 -59.323284 38.280584 0.047356 -0.302471 0.951981 0.098446 0.949824 0.296889 -0.994015 0.079660 0.074757
0.127546 -8.470677 -32.227396 60.639241 -0.277375 0.957213 -0.082506 0.643523 0.121335 -0.755749 0.713401 0.262720 0.649644
2.266493 -15.447680 28.769704 5.004210 0.107844 0.975153 -0.193509 0.823374 0.021475 0.567092 -0.557157 0.220488 0.800600
1.882979 -14.683027 -18.047528 74.085030 0.092122 0.985152 -0.144874 0.949958 -0.043338 0.309357 -0.298485 0.166123 0.939846
2.124934 -14.615584 5.645387 -66.265891 0.068958 0.985358 -0.155929 0.881863 0.012871 0.471331 -0.466437 0.170010 0.868063
-1.925475 -13.459933 21.905814 63.640000 0.111054 0.992903 -0.042558 -0.382012 0.082182 0.920496 -0.917460 0.085968 -0.388427
-2.439226 -12.401193 9.812712 44.858693 0.038804 0.997801 -0.053727 -0.154145 0.059101 0.986279 -0.987286 0.029990 -0.156099
-2.242808 -12.554673 14.230194 43.273123 0.092690 0.993936 -0.059162 -0.170264 0.074364 0.982589 -0.981029 0.081003 -0.176124
-0.525794 -15.596008 41.864414 33.551497 -0.210892 0.949503 -0.232310 -0.335376 -0.293512 -0.895195 0.918176 0.110878 -0.380340
-1.157100 -14.938871 44.794330 111.223069 -0.228703 0.937325 -0.262901 -0.505182 -0.345122 -0.791001 0.832158 0.048092 -0.552450
0.129694 -15.049476 41.476530 83.776685 -0.221040 0.954017 -0.202466 -0.382491 -0.275770 -0.881845 0.897130 0.117481 -0.425860
7.451323 -7.113078 -186.040412 39.612705 0.149272 0.459466 -0.875562 0.141483 0.866447 0.478803 0.978622 -0.195349 0.064330
6.165211 -7.710580 -342.485162 35.194551 0.269033 0.361398 -0.892755 0.211566 0.882115 0.420847 0.939607 -0.302099 0.160859
5.150054 -8.405459 -446.580354 -4.879364 0.321973 0.291641 -0.900710 0.348645 0.847990 0.399200 0.880216 -0.442559 0.171350
-2.065575 -13.955649 24.671879 24.562585 0.135326 0.978629 -0.154830 0.553651 0.054904 0.830937 -0.821680 0.198169 0.534389
13.807478 -14.118739 646.088604 -464.189450 -0.462743 0.415667 -0.783000 0.645481 0.763406 0.023795 0.607638 -0.494401 -0.621566
3.741174 -12.458400 175.186536 -383.202123 -0.485872 0.433839 -0.758757 0.655908 0.754752 0.011537 0.577679 -0.492070 -0.651271
13.938657 -7.532445 583.921852 -152.958760 -0.454702 0.447174 -0.770248 0.719398 0.694262 -0.021624 0.525084 -0.563947 -0.637378
-17.186069 -30.694273 -72.836370 -24.404088 -0.018196 -0.601427 -0.798720 0.947157 0.245508 -0.206443 0.320252 -0.760270 0.565179
-4.182880 -11.611895 90.467625 130.515283 0.031983 -0.367381 0.929520 0.895130 -0.403211 -0.190164 0.444656 0.838124 0.315958
-4.175301 -10.425121 3.830262 158.280115 0.023475 -0.225946 0.973857 0.859725 -0.492590 -0.135010 0.510217 0.840419 0.182688
19.422667 -155.057571 -747.040800 -7535.782085 -0.225841 0.873641 -0.430984 -0.828528 -0.404956 -0.386721 0.512384 -0.269745 -0.815291
23.688330 -85.258503 3602.547881 2490.989524 0.100803 0.768320 0.632078 0.960412 -0.240987 0.139765 0.259708 0.592967 -0.762196
39.891343 -253.039208 -2408.858920 11478.767305 -0.171471 0.868298 -0.465464 0.867205 -0.091167 -0.489534 -0.467496 -0.487594 -0.737360
3.109579 -7.485376 -143.315714 8.323250 -0.071203 0.997257 0.020215 0.861915 0.051314 0.504450 -0.502029 -0.053342 0.863204
4.222082 -77.499688 -20.908335 2679.629743 -0.152595 0.987891 -0.028047 -0.438327 -0.093087 -0.893982 0.885768 0.124123 -0.447224
12.478089 -222.518427 279.532927 10911.884697 -0.295715 0.952830 -0.068317 -0.492541 -0.213357 -0.843731 0.818509 0.215855 -0.532400
3.331931 -29.598235 -93.339581 1063.163966 0.792629 -0.562170 0.236016 -0.551376 -0.495694 0.671023 0.260238 0.662006 0.702868
4.169813 -16.636393 -82.229504 243.391132 0.710446 -0.620136 0.332713 -0.688253 -0.513574 0.512396 0.146882 0.593020 0.791677
-0.202445 -9.888154 -11.952897 62.827741 -0.135763 0.981227 -0.136977 -0.477765 -0.185959 -0.858580 0.867934 0.051121 -0.494042
-0.418796 -10.276168 -13.558479 67.167944 -0.127409 0.986368 -0.104136 -0.352971 -0.143209 -0.924609 0.926919 0.081047 -0.366406
-0.365335 -10.890743 -20.591903 43.995006 -0.101848 0.990217 -0.095376 -0.308328 -0.122575 -0.943350 0.945812 0.066671 -0.317796
-0.134844 -10.759142 -3.765674 54.347884 -0.121953 0.986338 -0.110742 -0.440039 -0.153740 -0.884720 0.889659 0.059164 -0.452776
-8.755824 -11.025787 70.604119 65.829556 -0.200575 0.902652 0.380774 0.017422 0.391898 -0.919844 0.979523 0.177864 0.094331
-7.814337 -10.928092 43.434835 57.480487 -0.278188 0.960464 0.010973 0.073717 0.032739 -0.996742 0.957694 0.276473 0.079910
-6.005187 -9.651969 -32.205789 -13.573879 0.263071 0.925057 0.273978 -0.847283 0.085704 0.524181 -0.461416 0.370033 -0.806332
-6.312925 -9.590879 -17.266362 22.253611 0.282983 0.896288 0.341450 -0.768814 -0.000877 0.639472 -0.573451 0.443471 -0.688830
4.706412 -4.563184 84.702249 -12.605930 -0.155772 0.662109 0.733039 -0.604556 0.522975 -0.600840 0.781183 0.536757 -0.318817
5.733254 -6.163481 64.930074 -40.926558 -0.002584 0.697164 0.716907 -0.588683 0.578462 -0.564653 0.808360 0.423490 -0.408914
6.253547 -5.067134 103.803126 -33.511119 -0.142015 0.738074 0.659605 -0.488541 0.527285 -0.695197 0.860906 0.420973 -0.285697
4.515932 -6.157550 91.230294 -56.407977 -0.006824 0.623973 0.781416 -0.664612 0.581038 -0.469772 0.747157 0.522544 -0.410735
4.775426 -3.879664 151.068563 0.014243 -0.309695 0.685534 0.658888 -0.512835 0.463097 -0.722870 0.800681 0.561770 -0.208147
3.519213 -5.176328 36.469612 -62.522337 -0.053117 0.593765 0.802883 -0.685498 0.562970 -0.461690 0.726134 0.574898 -0.377122
-0.428430 -11.967951 -9.428978 15.715434 0.339124 0.924505 -0.174028 -0.585394 0.062573 -0.808331 0.736416 -0.375999 -0.562420
-0.418750 -11.573360 -3.169140 -9.980073 0.339800 0.926101 -0.163930 -0.408416 -0.011708 -0.912721 0.847191 -0.377094 -0.374256
-0.628031 -12.044149 -13.552309 17.219259 0.336408 0.924939 -0.176966 -0.707828 0.124405 -0.695343 0.621135 -0.359181 -0.696549
-0.180575 -12.233250 -2.767817 20.877273 0.337051 0.927913 -0.159290 -0.395362 -0.014051 -0.918418 0.854450 -0.372531 -0.362126
-0.464132 -11.994368 -11.388278 3.841550 0.331495 0.925945 -0.180932 -0.723127 0.126189 -0.679090 0.605969 -0.355952 -0.711407
-0.242735 -11.740744 -24.308628 16.169178 0.340460 0.919305 -0.197398 -0.687394 0.100110 -0.719352 0.641542 -0.380601 -0.666008
-0.049914 -12.087427 -19.287876 11.093131 0.335954 0.922444 -0.190346 -0.568772 0.037603 -0.821635 0.750755 -0.384296 -0.537293
-0.397935 -16.665412 2.472461 -49.536424 0.157636 0.965872 -0.205528 -0.953031 0.203310 0.224493 -0.258617 -0.160486 -0.952555
-0.131728 -14.626558 4.096063 -64.902307 0.159586 0.966126 -0.202813 -0.958792 0.200608 0.201181 -0.235052 -0.162350 -0.958328
-0.192569 -15.533217 7.492731 -155.609992 0.139775 0.972846 -0.184484 -0.928128 0.193641 0.317933 -0.345024 -0.126785 -0.929992
-1.315848 -14.539185 27.382513 -8.970760 0.409559 0.905106 -0.114210 0.433537 -0.082949 0.897310 -0.802687 0.417016 0.426370
-1.098686 -15.101351 34.497191 -44.747489 0.445850 0.891520 -0.080057 0.229610 -0.027464 0.972895 -0.865157 0.452147 0.216946
0.869535 -18.804939 -26.261321 -33.320980 -0.191183 0.965664 0.175904 -0.931623 -0.234950 0.277268 -0.309076 0.110867 -0.944553
0.549160 -19.585811 14.015454 -237.376207 -0.189983 0.960275 0.204398 -0.844752 -0.265973 0.464383 -0.500300 0.084441 -0.861725
-1.529590 -32.919976 26.668277 141.885274 0.740452 -0.648282 -0.177371 -0.464194 -0.302417 -0.832507 -0.486060 -0.698766 0.524854
-1.433526 -30.924614 26.420785 -52.261746 0.716346 -0.667989 -0.201591 -0.628383 -0.492039 -0.602521 -0.303287 -0.558290 0.772224
0.049196 -22.329124 13.577683 -164.986682 -0.194110 0.961560 0.194223 -0.387501 -0.257046 0.885308 -0.901202 -0.096585 -0.422500
7.099283 -209.154816 254.061256 -11589.207821 -0.454073 0.890674 0.022730 -0.890506 -0.454510 0.020493 -0.028583 0.010936 -0.999532
7.738373 -210.885179 -218.567087 -11621.318743 -0.605650 0.795128 0.030955 -0.688487 -0.543132 0.480617 -0.398965 -0.269774 -0.876384
5.832534 -103.869382 -211.102816 4160.151165 -0.587858 0.808441 -0.029072 0.808245 0.585442 -0.063219 -0.034089 -0.060661 -0.997576
0.815616 -15.579121 -16.316324 116.300649 -0.116254 0.991517 0.058128 -0.935962 -0.128948 0.327639 -0.332355 0.016317 -0.943013
0.940696 -15.700596 -11.848448 98.325626 -0.132033 0.987635 0.084523 -0.886667 -0.155795 0.435372 -0.443157 0.017461 -0.896274
-0.026402 -7.410780 -16.852463 78.648335 -0.044576 0.975638 -0.214811 -0.883380 0.061922 0.464549 -0.466533 -0.210468 -0.859098
-1.970062 -7.932616 41.355220 -89.354311 -0.320312 0.820460 -0.473546 -0.154616 -0.538460 -0.828345 0.934609 0.192111 -0.299331
-1.887392 -6.452352 32.945867 -77.380180 -0.324943 0.815756 -0.478491 -0.039100 -0.517103 -0.855030 0.944925 0.259127 -0.199925
-2.940148 -6.996546 67.967320 -75.280677 -0.294280 0.819284 -0.492111 -0.066310 -0.531174 -0.844664 0.953416 0.215936 -0.210641
-1.295918 -7.529701 7.434848 -101.877128 -0.339416 0.808273 -0.481136 -0.116373 -0.543653 -0.831203 0.933410 0.226132 -0.278586
-3.093062 -8.192454 78.302271 -80.431556 -0.289823 0.822916 -0.488684 -0.180147 -0.548377 -0.816596 0.939973 0.148633 -0.307179
-2.251055 -9.005419 72.258449 -67.487178 -0.308913 0.834217 -0.456787 -0.292713 -0.540355 -0.788882 0.904926 0.109988 -0.411109
-1.234958 -9.088189 29.742173 -96.775534 -0.328600 0.818111 -0.471928 -0.251551 -0.557438 -0.791192 0.910354 0.141271 -0.388971
