12033
24057
-5.244404 -6.875655 56.329846 55.484185 0.716557 -0.665342 0.209443 -0.589224 -0.416669 0.692244 0.373310 0.619441 0.690603
-4.089461 -7.141670 -27.633502 103.725970 0.908094 -0.407326 0.097221 -0.371244 -0.675624 0.636953 0.193762 0.614506 0.764747
-4.215823 -5.903411 25.716327 -52.556306 0.563462 -0.743189 0.360806 0.779991 0.334640 -0.528801 0.272259 0.579385 0.768237
-3.582893 -4.792835 -15.066693 -46.919628 0.542914 -0.728255 0.418198 0.829188 0.385997 -0.404293 0.133005 0.566261 0.813424
-5.162401 -6.715171 53.419956 -32.546765 0.527182 -0.780613 0.335740 0.720446 0.201085 -0.663718 0.450595 0.591783 0.668398
-4.036184 -5.889089 -8.985866 -40.578796 0.297794 -0.826556 0.477624 0.898198 0.073127 -0.433466 0.323356 0.558084 0.764188
-0.729168 -7.268990 85.321792 -13.368287 -0.257451 0.758540 -0.598612 -0.198227 0.564860 0.801024 -0.945740 -0.324886 -0.004939
-2.068117 -7.044827 38.330357 4.619256 -0.335195 0.703915 -0.626217 -0.129373 0.623984 0.770653 -0.933224 -0.339334 0.118088
-0.994357 -6.991231 81.552845 31.245137 -0.267332 0.714031 -0.647066 0.023416 0.676121 0.736419 -0.963320 -0.181717 0.197469
-1.279648 -4.544966 41.401552 9.245214 0.714164 -0.638310 0.287280 0.312115 0.657741 0.685537 -0.626541 -0.399921 0.668961
-1.192508 -4.425344 32.531822 12.332258 0.711643 -0.630824 0.309235 0.375941 0.713779 0.590921 -0.593492 -0.304271 0.745108
-1.842777 -4.640304 -17.794140 10.093149 -0.677184 0.665970 -0.312899 0.327196 0.653429 0.682623 -0.659063 -0.359882 0.660394
-1.786625 -4.753004 -16.952235 4.049218 -0.674109 0.678386 -0.292180 0.244322 0.578094 0.778533 -0.697054 -0.453430 0.555443
-1.215475 -4.675318 -40.389507 3.087880 -0.711052 0.652114 -0.262969 0.240110 0.576703 0.780872 -0.660872 -0.492099 0.566645
-0.914693 -1.701574 -20.269950 27.647518 0.924956 -0.317372 0.209120 -0.380004 -0.782772 0.492814 -0.007288 0.535297 0.844632
-1.139738 -2.368171 -24.123646 25.060384 0.884681 -0.387723 0.258863 -0.465885 -0.714989 0.521289 0.017032 0.581775 0.813172
-0.391226 -1.855862 -40.569429 18.909790 0.932846 -0.275853 0.231741 -0.358797 -0.769551 0.528258 -0.032615 0.575931 0.816847
-0.711348 -6.481103 0.971301 -26.350375 0.606747 -0.659539 0.443697 0.748392 0.662096 -0.039231 -0.267896 0.355863 0.895318
-0.715220 -7.048565 -0.477739 -18.438566 0.632339 -0.635121 0.443585 0.770505 0.575062 -0.275000 -0.080431 0.515678 0.852999
-0.694931 -6.741627 -2.351519 -24.089417 0.601908 -0.640715 0.476646 0.748819 0.660221 -0.058128 -0.277448 0.391910 0.877171
-0.629294 -5.868008 -1.070064 -22.545113 0.569243 -0.675201 0.469111 0.695338 0.699832 0.163525 -0.438711 0.233105 0.867868
-0.643435 -5.596774 -2.138047 -19.825563 -0.569097 0.697298 -0.435780 0.703959 0.687045 0.180031 -0.424936 0.204317 0.881864
0.261170 -8.807708 17.603527 108.610737 -0.844851 0.457895 -0.276692 0.235680 0.782830 0.575875 0.480293 0.421318 -0.769292
0.955278 -8.943025 17.613040 88.189143 -0.846972 0.426685 -0.317142 0.196473 0.805522 0.559046 0.494001 0.411186 -0.766087
0.099637 -6.695605 -16.343620 93.619653 0.850141 -0.425807 0.309757 0.111755 0.720777 0.684099 0.514560 0.546963 -0.660348
-0.472806 -6.041877 -15.365332 96.810790 0.842074 -0.458654 0.283808 0.145687 0.700052 0.699072 0.519313 0.547324 -0.656316
0.044892 -5.051621 -18.131980 46.632648 0.850329 -0.345149 0.397256 -0.066261 0.678650 0.731467 0.522063 0.648310 -0.554206
-0.570931 -4.327163 -15.039658 43.462301 0.847660 -0.371606 0.378658 -0.029452 0.679662 0.732934 0.529722 0.632431 -0.565177
-0.444984 -3.966274 39.488605 -42.183100 0.619564 -0.707071 0.340869 0.760697 0.433748 -0.482911 0.193602 0.558492 0.806601
-0.254882 -2.944838 37.547057 -40.808970 0.605347 -0.713770 0.352260 0.787502 0.472715 -0.395452 0.115743 0.516791 0.848252
0.183351 -3.746566 20.601081 -37.418625 0.597035 -0.712090 0.369428 0.781438 0.412107 -0.468533 0.181394 0.568416 0.802496
-0.016307 -4.391776 18.561589 -24.398008 0.626889 -0.697433 0.347272 0.730628 0.371474 -0.572878 0.270541 0.612857 0.742437
-0.798383 -4.614690 33.441541 -28.961981 0.641626 -0.696881 0.320426 0.712064 0.385909 -0.586548 0.285099 0.604509 0.743833
0.226385 -2.552415 -66.989526 17.837697 0.634994 -0.628930 0.448586 0.752133 0.635841 -0.173213 -0.176290 0.447386 0.876794
0.421680 -1.905526 -54.208085 21.690853 0.684117 -0.590822 0.427684 0.720397 0.639048 -0.269527 -0.114068 0.492491 0.862810
1.687761 -2.517649 -55.656291 -18.852534 0.710174 -0.585933 0.390301 -0.690729 -0.687125 0.225284 -0.136184 0.429583 0.892699
1.235308 -2.975066 -73.788769 16.595138 0.659388 -0.611557 0.437270 0.719451 0.682087 -0.130954 -0.218170 0.400943 0.889745
2.006998 -2.033472 -43.169093 -15.248044 0.765102 -0.548745 0.336894 -0.640554 -0.701971 0.311331 -0.065649 0.453999 0.888580
2.437551 -2.603555 -14.740845 -17.141418 0.765440 -0.580491 0.277725 -0.641921 -0.719064 0.266241 -0.045151 0.382069 0.923030
2.595736 -3.005122 -15.959064 -16.846810 0.728873 -0.613633 0.303642 -0.676341 -0.714224 0.180131 -0.106335 0.336658 0.935604
2.216462 -3.082641 -38.508139 21.494493 0.691527 -0.617788 0.374339 0.701654 0.697641 -0.144838 -0.171675 0.362816 0.915911
0.501301 -11.384399 10.180308 57.487464 0.681707 -0.643010 0.349019 0.511425 0.759946 0.401156 -0.523183 -0.094974 0.846912
0.625809 -10.676787 9.452820 71.714032 0.689691 -0.630790 0.355570 0.607534 0.771274 0.189838 -0.393989 0.085091 0.915168
0.112831 -11.421718 9.930792 63.632434 0.673944 -0.661391 0.329184 0.554558 0.747291 0.366090 -0.488125 -0.064172 0.870412
-1.299957 -17.654805 3.286965 -177.092095 -0.729517 0.624320 -0.279338 0.647061 0.762312 0.013906 0.221625 -0.170604 -0.960092
-1.225431 -15.414355 -2.193268 -105.657381 0.718332 -0.631614 0.291656 0.695302 0.665980 -0.270233 0.023554 -0.396906 -0.917557
-0.807585 -19.980278 -27.313358 -176.426549 0.730595 -0.650423 0.207799 0.680575 0.718272 -0.144582 0.055216 -0.247054 -0.967427
-1.414581 -17.869022 9.902816 -168.674465 0.729515 -0.603941 0.321036 0.647975 0.760517 -0.041742 0.218943 -0.238475 -0.946147
-0.693730 -21.457684 36.781150 -157.594522 -0.756152 0.624190 -0.196523 0.589501 0.780110 0.209567 0.284119 0.042614 -0.957842
-1.063757 -18.833841 8.424220 -76.570981 -0.749655 0.600594 -0.278036 0.502482 0.789913 0.351496 0.430731 0.123793 -0.893950
0.957531 -2.906046 5.712183 -1.650029 0.622067 -0.609761 0.491146 0.719641 0.692408 -0.051840 -0.308463 0.385697 0.869533
0.668981 -2.905233 0.214760 3.720575 0.581015 -0.656607 0.480925 0.734934 0.677149 0.036622 -0.349704 0.332171 0.875996
0.722042 -2.774190 -3.986684 3.992933 0.632121 -0.590787 0.501392 0.685777 0.727778 -0.007044 -0.360740 0.348296 0.865192
1.262162 -1.451060 -58.368940 -2.804245 0.699521 0.536160 -0.472444 -0.554069 0.824452 0.115265 0.451308 0.181136 0.873791
1.231976 -1.815356 -28.873067 5.888919 0.538247 0.696773 -0.474127 0.723366 -0.670620 -0.164344 0.432470 0.254510 0.864982
1.697068 -1.913311 -16.667551 -5.904567 0.624963 0.573054 -0.530123 -0.605470 0.784471 0.134209 0.492775 0.237098 0.837232
1.499805 -2.375660 41.794514 -5.307001 0.611228 0.473007 -0.634558 -0.533205 0.838605 0.111504 0.584886 0.270195 0.764789
1.488807 -1.819642 -20.530365 -5.605905 0.714465 0.430621 -0.551457 -0.457926 0.883707 0.096780 0.529002 0.183381 0.828570
-26.527051 -39.800985 -640.799056 735.799322 0.671871 0.697842 0.248206 0.421064 -0.635560 0.647123 -0.609339 0.330273 0.720851
-8.705949 -66.651680 -225.477855 1748.737191 0.762497 0.628943 -0.151756 0.578802 -0.558289 0.594392 -0.289115 0.541059 0.789727
-6.337817 -29.568643 -70.058645 224.991703 0.322787 0.905533 -0.275353 0.796496 -0.102734 0.595853 -0.511276 0.411651 0.754414
-2.617300 -36.104899 -86.830851 -1351.258653 0.290100 -0.482603 0.826400 0.610516 0.758317 0.228528 -0.736961 0.438234 0.514625
-6.603218 -6.832094 50.822139 52.229267 0.442653 -0.502554 0.742629 0.615995 0.772263 0.155437 -0.651620 0.388651 0.651416
-2.429672 -11.306077 -17.284966 -142.481885 0.446810 -0.641264 0.623812 0.542160 0.748746 0.381368 -0.711634 0.167807 0.682215
0.756629 -3.288394 -7.117713 -12.551578 0.699467 -0.597024 0.392821 -0.677691 -0.728604 0.099353 -0.226895 0.335705 0.914232
0.630485 -2.844726 -4.210515 -18.282082 0.712997 -0.585272 0.386124 -0.683547 -0.702869 0.196822 -0.156200 0.404267 0.901204
0.771925 -3.264882 -1.446534 -12.567450 0.717112 -0.591865 0.368029 -0.667993 -0.734321 0.120662 -0.198836 0.332369 0.921952
0.791699 -3.616416 1.929728 9.004988 0.708215 -0.600326 0.371536 0.651840 0.758155 -0.017502 -0.271175 0.254577 0.928253
0.697302 -3.561818 10.124038 -9.159255 0.724379 -0.593261 0.351164 -0.647364 -0.760501 0.050580 -0.237054 0.263970 0.934947
0.644968 -3.269837 7.431841 -11.349879 0.725828 -0.592597 0.349288 -0.663041 -0.737928 0.125855 -0.183168 0.322941 0.928525
1.881179 -3.803238 -15.205365 15.982607 0.637923 -0.615807 0.462424 0.367690 -0.284051 -0.885505 -0.676652 -0.734913 -0.045223
1.706243 -3.433351 -24.630188 19.332246 0.619094 -0.650051 0.440632 0.436365 -0.181746 -0.881223 -0.652923 -0.737836 -0.171142
1.215468 -3.771763 35.306743 -13.411401 -0.593149 0.679134 -0.432378 -0.359450 0.257164 0.897030 -0.720396 -0.687491 -0.091579
-2.684637 -5.114427 31.576664 29.876773 -0.063847 -0.850273 0.522455 0.951160 -0.210286 -0.225995 0.302023 0.482509 0.822172
-3.182832 -4.784890 33.558380 43.036814 -0.146250 -0.784538 0.602587 0.896695 -0.362392 -0.254185 0.417791 0.503162 0.756491
-3.469544 -5.390768 40.579496 19.969665 -0.132011 -0.796677 0.589813 0.963266 -0.243484 -0.113284 0.233861 0.553192 0.799554
-2.911219 -4.991124 24.377820 -10.480310 0.111579 -0.811329 0.573843 0.991609 0.052962 -0.117930 0.065289 0.582186 0.810430
-2.387498 -5.586138 27.887345 20.962972 -0.045481 -0.862688 0.503687 0.985776 -0.120421 -0.117239 0.161795 0.491191 0.855894
-1.891892 -5.031545 17.100779 35.798430 -0.040108 -0.883543 0.466630 0.947594 -0.181771 -0.262727 0.316950 0.431638 0.844530
-0.474108 -1.344704 7.539021 12.765700 0.654658 0.023658 -0.755555 0.656466 -0.513367 0.552727 -0.374800 -0.857843 -0.351610
-0.268309 -1.258228 -0.523102 15.321513 0.581817 0.079170 -0.809457 0.723207 -0.505698 0.470363 -0.372102 -0.859070 -0.351480
-0.436719 -0.922861 3.719843 -18.456218 0.740505 -0.041720 -0.670754 -0.576316 0.473989 -0.665728 -0.345704 -0.879542 -0.326948
-0.809160 -1.037429 12.033096 -0.718237 0.934238 -0.303979 -0.186536 -0.069350 0.358207 -0.931063 -0.349843 -0.882771 -0.313570
1.097985 -10.326709 10.169510 -55.322784 -0.635058 0.660003 -0.401369 0.058527 0.559213 0.826956 -0.770244 -0.501674 0.393761
0.947803 -11.167663 -28.864543 -39.178742 -0.670513 0.655861 -0.346783 0.179316 0.596837 0.782069 -0.719901 -0.462203 0.517794
1.103000 -8.378565 0.179390 -22.103092 -0.589830 0.733157 -0.338497 0.399540 0.629229 0.666662 -0.701760 -0.257974 0.664065
2.053418 -26.647007 11.494807 559.845106 -0.647146 0.572555 -0.503373 -0.164362 0.539965 0.825483 -0.744438 -0.616943 0.255330
0.909797 -6.951920 41.669064 -35.931819 -0.564428 0.728850 -0.387554 0.256048 0.600912 0.757195 -0.784768 -0.328150 0.525792
3.592130 -39.234566 39.877500 1030.547082 0.673148 -0.448096 0.588287 -0.235031 0.624630 0.744713 -0.701164 -0.639568 0.315152
1.460737 -10.698201 -13.478237 104.935451 0.676742 -0.559954 0.477987 -0.034819 0.624175 0.780508 -0.735397 -0.544845 0.402909
-0.083945 -10.795724 -31.661175 -215.746572 0.476131 0.803837 0.356574 0.690864 -0.091059 -0.717227 -0.544065 0.587839 -0.598698
-1.223624 -14.490452 -22.668214 -316.436867 0.460246 0.798958 0.387091 0.683066 -0.040167 -0.729252 -0.567094 0.600043 -0.564228
-0.271074 -19.835296 -21.929778 -477.545106 0.410688 0.823308 0.391790 0.822451 -0.149020 -0.548969 -0.393586 0.547683 -0.738331
-0.923700 -5.484002 -23.287379 -69.428625 0.558796 0.775769 0.293136 0.560031 -0.092295 -0.823315 -0.611647 0.624230 -0.486029
0.803039 -14.362546 -34.088858 -283.672658 0.433718 0.822466 0.368020 0.809316 -0.176041 -0.560372 -0.396100 0.540888 -0.741987
0.212832 -6.036815 -31.647458 124.274575 0.527101 0.793594 0.303928 -0.597896 0.092172 0.796257 -0.603891 0.601425 -0.523071
1.019075 -10.382274 -45.630081 -190.869104 0.475087 0.814854 0.332123 0.699287 -0.120520 -0.704608 -0.534125 0.566999 -0.627074
-1.787004 -10.511682 26.351735 -201.242613 0.807905 -0.400376 0.432422 -0.055417 0.678907 0.732130 0.586702 0.615455 -0.526304
-3.393404 -6.309760 -3.821799 13.089824 -0.773741 0.609109 -0.174101 -0.246003 -0.542147 -0.803467 0.583788 0.578846 -0.569324
-4.638823 -10.200335 87.022476 -168.713630 0.798365 -0.526277 0.292653 0.101454 0.596601 0.796099 0.593566 0.605887 -0.529698
-2.706655 -12.131064 68.209396 -158.438512 0.818477 -0.392033 0.420007 -0.199630 0.491435 0.847726 0.538742 0.777690 -0.323967
0.483104 -12.856819 56.750778 -201.284080 0.805507 -0.399705 0.437487 -0.186573 0.529659 0.827437 0.562449 0.748129 -0.352070
4.087154 -4.548597 -78.275224 6.134626 0.963751 0.096401 0.248777 -0.156728 0.959158 0.235482 0.215916 0.265936 -0.939499
6.311017 -5.338538 -27.143507 38.459811 -0.874218 0.027158 -0.484774 -0.178347 0.910676 0.372641 0.451592 0.412227 -0.791286
5.132383 -4.480549 -138.148764 2.248313 0.952820 0.223373 0.205518 -0.284654 0.892644 0.349512 0.105383 0.391524 -0.914114
2.586329 -4.041383 -184.180213 2.677500 0.951734 0.292258 0.093745 -0.306816 0.914075 0.265201 0.008183 0.281163 -0.959625
1.382340 -4.339366 -229.474755 -10.578122 0.904132 0.418549 0.085796 -0.420730 0.837243 0.349301 -0.074368 0.351911 -0.933075
6.560212 -5.235854 -147.034967 -24.011652 0.928404 0.292738 0.228847 -0.367110 0.817818 0.443176 0.057421 0.495458 -0.866732
-1.153057 -4.364986 15.204754 -37.050753 -0.491147 0.866968 -0.084507 -0.742937 -0.467570 -0.478981 0.454774 0.172467 -0.873748
-0.858960 -4.127309 16.428898 -31.266872 -0.536789 0.839570 -0.083546 -0.719481 -0.507219 -0.474421 0.440686 0.194555 -0.876324
-1.301270 -3.376987 16.457109 -42.226361 -0.466030 0.881779 -0.072676 -0.703724 -0.419204 -0.573620 0.536272 0.216180 -0.815891
-1.616538 -4.265855 13.539863 -44.745601 -0.411263 0.906606 -0.094487 -0.757698 -0.397645 -0.517468 0.506712 0.141223 -0.850470
-2.065395 -3.300387 19.724215 -56.227674 -0.350140 0.934566 -0.063149 -0.735510 -0.316056 -0.599278 0.580024 0.163384 -0.798047
0.118120 -4.522636 -65.293237 2.608974 -0.491426 0.672578 -0.553299 0.779305 0.623221 0.065414 0.388824 -0.399042 -0.830410
0.511238 -4.381952 -64.723582 3.804222 -0.464150 0.689631 -0.555854 0.835282 0.549601 -0.015605 0.294736 -0.471538 -0.831133
-0.827922 -4.648038 -45.577364 5.592527 -0.445219 0.717849 -0.535231 0.853565 0.520861 -0.011441 0.270568 -0.461948 -0.844628
-1.467526 -4.815405 -33.566961 -1.410526 -0.399261 0.764383 -0.506270 0.908342 0.404781 -0.105198 0.124517 -0.501868 -0.855935
-1.745562 -4.881855 -10.876966 -0.611088 -0.482082 0.745879 -0.459632 0.848571 0.528044 -0.033122 0.218000 -0.405998 -0.887492
-1.083944 -4.765851 -51.032481 1.976598 -0.481165 0.694643 -0.534744 0.796482 0.601230 0.064331 0.366191 -0.394960 -0.842562
0.111678 -4.072548 -12.751005 9.896191 0.421273 -0.656562 0.625664 0.869152 0.489313 -0.071742 -0.259042 0.574020 0.776787
-0.043227 -3.966974 -7.526614 12.211992 0.441317 -0.659515 0.608505 0.878668 0.455249 -0.143840 -0.182157 0.598153 0.780405
0.263107 -3.884389 -8.525027 0.475644 0.410604 -0.678225 0.609438 0.903160 0.394383 -0.169599 -0.125326 0.620058 0.774481
0.379267 -4.013140 -9.734104 8.427486 0.404429 -0.683047 0.608181 0.874673 0.483141 -0.039026 -0.267180 0.547742 0.792839
0.419031 -3.965473 -3.260633 -5.499346 0.420469 -0.694292 0.584093 0.892712 0.431579 -0.129630 -0.162081 0.575933 0.801268
0.166490 -4.300159 2.125172 -16.729781 0.470982 -0.682714 0.558639 0.882108 0.370133 -0.291355 -0.007858 0.630002 0.776553
0.029921 -4.211895 -2.356696 -14.409589 0.454984 -0.672750 0.583436 0.890170 0.325783 -0.318531 0.024218 0.664284 0.747088
0.547258 -5.940671 4.712043 78.016385 -0.678728 0.461876 -0.570963 0.145533 0.846639 0.511881 0.719826 0.264333 -0.641856
0.507293 -6.994314 4.620254 107.309997 -0.688824 0.481103 -0.542275 0.171682 0.835021 0.522747 0.704306 0.266982 -0.657779
0.736715 -8.249666 8.517523 110.731761 -0.697869 0.445129 -0.561104 0.258901 0.887226 0.381839 0.667794 0.121203 -0.734412
0.241627 -4.847231 -2.770347 32.571797 -0.662208 0.513928 -0.545306 0.102435 0.782991 0.613541 0.742285 0.350433 -0.571147
0.697046 -7.356938 8.105384 92.658072 -0.685679 0.429991 -0.587326 0.220716 0.891705 0.395155 0.693634 0.141317 -0.706329
0.180107 -4.817568 -0.962152 -4.270374 -0.658704 0.448093 -0.604418 0.052464 0.828716 0.557204 0.750571 0.335323 -0.569388
0.492416 -5.375741 6.817450 37.469746 -0.670951 0.424947 -0.607655 0.106679 0.866287 0.488023 0.733788 0.262615 -0.626569
-0.125134 -10.589146 4.399602 160.204004 0.710720 -0.475724 0.518232 -0.690284 -0.329618 0.644097 0.135594 0.815499 0.562651
-0.351853 -12.377477 2.306776 98.354772 0.721855 -0.470868 0.507158 -0.602736 -0.067670 0.795066 0.340051 0.879605 0.332657
-0.274609 -10.611732 2.024706 164.781122 0.722862 -0.464028 0.512005 -0.677986 -0.333205 0.655217 0.133436 0.820763 0.555466
-0.226991 -7.696271 3.127475 125.380326 0.715516 -0.466454 0.520055 -0.697928 -0.509845 0.502946 -0.030547 0.722827 0.690354
-0.005366 -7.757832 6.367130 119.048369 0.711886 -0.472340 0.519725 -0.701642 -0.510269 0.497317 -0.030297 0.718694 0.694667
0.158181 -8.714110 3.187880 -51.238519 0.576917 -0.641911 0.505092 0.812206 0.385325 -0.438002 0.086534 0.662929 0.743664
-0.144046 -7.472545 -7.848630 -48.269064 0.568477 -0.615026 0.546422 0.815540 0.508709 -0.275879 -0.108297 0.602460 0.790768
0.095386 -8.366541 -10.646756 -36.262352 0.614570 -0.587732 0.526190 0.786032 0.399775 -0.471523 0.066771 0.703385 0.707666
-0.069697 -3.063981 -18.908626 -41.889227 -0.387122 0.800068 0.458288 -0.043873 0.480496 -0.875899 0.920984 0.359186 0.150909
0.473251 -2.228186 -38.781573 -26.411920 -0.362503 0.695331 0.620570 -0.084488 0.638601 -0.764886 0.928145 0.329704 0.172747
0.835245 -2.649510 -40.276017 -35.815281 -0.365520 0.702224 0.610963 -0.102952 0.621855 -0.776336 0.925092 0.346667 0.155005
0.461148 -12.652023 28.486297 37.218301 -0.295407 0.824328 -0.482927 -0.613813 0.223591 0.757127 -0.732099 -0.520087 -0.439933
0.918733 -14.694603 20.315943 39.679871 -0.335075 0.811773 -0.478277 -0.459787 0.302193 0.835030 -0.822387 -0.499704 -0.271986
0.721290 -14.424419 16.973634 29.509149 -0.350601 0.808513 -0.472637 -0.700367 0.108689 0.705459 -0.621743 -0.578354 -0.528149
-0.069289 -4.959438 -10.426120 11.429219 -0.478568 0.819826 -0.314417 -0.255439 -0.472589 -0.843451 0.840073 0.323334 -0.435582
-0.305366 -4.832496 -9.772503 10.372426 -0.490470 0.804554 -0.334862 -0.268614 -0.505119 -0.820184 0.829027 0.312327 -0.463860
-0.294307 -5.118384 -11.091864 10.669195 -0.480953 0.818563 -0.314070 -0.100026 -0.407112 -0.907885 0.871022 0.405234 -0.277679
0.023253 -5.082337 -11.961492 6.116130 -0.468452 0.832556 -0.295640 -0.079564 -0.373023 -0.924404 0.879899 0.409517 -0.240985
0.092794 -5.083819 1.044060 7.142254 -0.502372 0.814032 -0.291505 -0.221083 -0.446860 -0.866855 0.835910 0.371037 -0.404459
-0.405474 -21.446242 1.497848 -131.017544 -0.166503 0.847934 -0.503275 -0.102091 0.492832 0.864115 -0.980742 -0.195257 -0.004508
-0.953484 -22.764738 -14.460420 -202.525816 -0.163697 0.866408 -0.471741 -0.124832 0.456156 0.881101 -0.978581 -0.203123 -0.033484
-0.690677 -19.281377 -2.446398 -113.063129 -0.173790 0.857281 -0.484630 -0.467165 0.361452 0.806913 -0.866922 -0.366636 -0.337675
-0.254783 -19.002484 -0.184055 -132.548516 -0.184735 0.846231 -0.499766 -0.488898 0.362004 0.793682 -0.852556 -0.390955 -0.346846
-0.454037 -22.608533 -44.002655 -229.226476 -0.235625 0.854403 -0.463116 -0.395006 0.351199 0.848899 -0.887947 -0.382956 -0.254743
0.076321 -24.560676 -41.415630 -271.040784 -0.232669 0.847252 -0.477524 -0.010863 0.488704 0.872382 -0.972495 -0.208163 0.104503
-2.464706 -4.486989 -11.368914 -35.424228 -0.360379 0.565323 -0.741981 0.880501 0.468774 -0.070494 0.307969 -0.678720 -0.666704
-2.607114 -4.515064 -14.737305 -9.690711 -0.321191 0.621452 -0.714587 0.918473 0.388274 -0.075164 0.230745 -0.680471 -0.695497
-2.861055 -5.365498 -8.309902 -35.131397 -0.506864 0.546426 -0.666714 0.795795 0.593910 -0.118239 0.331359 -0.590499 -0.735875
-2.172194 -4.047106 -22.945336 -1.388547 -0.142112 0.633506 -0.760575 0.964483 0.261460 0.037566 0.222658 -0.728223 -0.648162
-2.786985 -5.887083 -2.555759 -54.892488 -0.446149 0.540434 -0.713359 0.792650 0.608695 -0.034597 0.415521 -0.580880 -0.699944
-2.446290 -5.038254 -9.378958 -49.819278 -0.264294 0.565877 -0.780982 0.889702 0.455617 0.029040 0.372261 -0.687166 -0.623879
-2.003430 -4.060209 -18.062018 -17.170353 -0.115175 0.608616 -0.785061 0.952672 0.291513 0.086229 0.281336 -0.737975 -0.613387
-2.334336 -25.134483 -10.673755 717.710669 0.485023 -0.650197 0.584804 0.570518 0.742082 0.351886 -0.662768 0.162969 0.730876
-0.722187 -29.339151 -89.196028 760.667678 -0.539756 0.747118 -0.387916 0.407981 0.635232 0.655768 -0.736353 -0.195692 0.647680
-2.741113 -15.135445 -62.387959 482.082002 -0.479590 0.738990 -0.473168 0.579200 0.671667 0.461943 -0.659182 0.052516 0.750147
-2.084131 -14.153143 -53.323439 -383.867244 -0.075102 0.995934 -0.049758 0.751440 0.089326 0.653727 -0.655513 -0.011706 0.755093
-4.104279 -6.008017 29.770110 212.799141 -0.360147 0.735603 -0.573744 0.627405 0.646138 0.434590 -0.690404 0.203454 0.694226
41.904929 -47.056047 -85100.950997 2182.865564 -0.514362 -0.479300 0.711128 0.830848 -0.073117 0.551675 -0.212423 0.874600 0.435834
-34.249667 -159.988770 1126.798643 -34344.216904 0.579258 -0.653538 0.487184 0.656746 0.020144 -0.753842 0.482851 0.756626 0.440877
19.047663 -1701.598192 -668.024781 -138285.625751 0.731687 -0.643065 0.226058 0.664999 0.746260 -0.029540 0.149701 -0.171942 -0.973666
556.049170 -49453.367631 -14391.746462 -11584692.874252 -0.539616 0.797826 -0.268867 -0.019621 0.307349 0.951395 -0.841683 -0.518663 0.150196
552.285509 -3824.268751 -36866.500719 2764266.723233 0.093480 -0.185614 0.978166 0.768375 0.638221 0.047676 -0.633136 0.747142 0.202283
-0.618179 -1.915977 -34.210527 -5.989643 0.644541 -0.296871 -0.704581 -0.507969 0.522476 -0.684826 -0.571431 -0.799304 -0.185956
0.411442 -1.880152 -46.666393 -1.756988 0.572930 -0.257877 -0.777979 -0.566341 0.561587 -0.603222 -0.592460 -0.786205 -0.175703
0.665462 -1.763098 -44.036404 3.702454 0.570450 -0.245356 -0.783829 -0.539161 0.608062 -0.582723 -0.619591 -0.755024 -0.214583
0.533017 -1.832663 -48.291849 11.220841 0.548846 -0.230595 -0.803488 0.622192 -0.529222 0.576889 -0.558251 -0.816548 -0.146987
-2.054001 -2.562143 -14.495727 -36.761796 0.832745 -0.546947 -0.085935 0.031122 0.201210 -0.979054 -0.552781 -0.812627 -0.184579
-1.227953 -1.767203 -42.200017 8.993846 0.521667 -0.198088 -0.829834 0.672004 -0.503848 0.542722 -0.525617 -0.840772 -0.129725
0.999171 -3.551248 25.819767 -6.921461 -0.484477 -0.118147 0.866789 -0.497487 0.852230 -0.161899 -0.719576 -0.509653 -0.471662
-0.006208 -3.420951 30.106215 -19.673871 -0.403454 -0.226803 0.886445 -0.613857 0.785513 -0.078410 -0.678531 -0.575786 -0.456143
0.622032 -3.332078 20.163975 -14.844078 -0.502808 -0.114594 0.856768 -0.576719 0.782785 -0.233758 -0.643878 -0.611650 -0.459680
-3.218955 -5.063455 -156.473166 57.355020 -0.392288 0.236535 0.888910 0.676461 -0.580651 0.453040 0.623306 0.779035 0.067775
-3.160859 -5.440567 -131.552132 24.182529 -0.363252 0.183799 0.913381 0.756253 -0.514431 0.404281 0.544178 0.837603 0.047870
-3.814652 -5.520676 12.146686 23.474004 0.654999 -0.343692 -0.672942 0.488140 -0.487345 0.724027 0.576797 0.802727 0.151440
-1.933614 -4.909882 -190.771287 53.446560 -0.227158 0.172012 0.958546 0.769718 -0.571273 0.284924 0.596602 0.802533 -0.002632
-11.054654 -137.307774 -226.704765 -4024.868612 0.169756 0.793055 0.585018 0.933269 -0.320040 0.163041 0.316530 0.518302 -0.794463
-28.741688 -112.426270 -929.949817 -3541.517699 0.445772 0.543169 0.711516 0.894691 -0.245008 -0.373495 -0.028543 0.803081 -0.595186
-27.484424 -119.976809 -587.546052 -3216.299569 -0.106374 0.800970 0.589179 -0.183785 0.566493 -0.803311 0.977194 0.193734 -0.086946
157.532767 -570.590701 212.384316 -67391.991702 -0.655390 -0.525355 0.542647 0.755142 -0.441509 0.484593 -0.015000 0.727373 0.686078
-7.578665 -46.300070 -85.778205 -1040.951053 0.242844 -0.616483 -0.748983 0.037006 0.777421 -0.627891 0.969359 0.124762 0.211606
0.363219 -25.322972 19.326852 17.776886 0.286630 0.938343 0.193276 0.817132 -0.344763 0.461989 -0.500138 -0.025512 0.865570
0.563188 -28.727716 6.769062 160.788061 0.274478 0.933069 0.232473 0.896259 -0.335832 0.289716 -0.348397 -0.128836 0.928451
0.254656 -26.643220 -1.845415 193.735073 0.348854 0.899170 0.264186 0.673940 -0.436579 0.595990 -0.651234 0.029868 0.758289
0.643162 -22.293686 -0.639317 -89.072450 0.343899 0.898946 0.271350 0.537106 -0.425350 0.728420 -0.770228 0.104759 0.629106
0.134649 -18.224406 29.393636 -22.994218 0.427583 0.875511 0.225062 0.544385 -0.448149 0.709089 -0.721677 0.180674 0.668236
0.006972 -19.383391 30.721802 -13.781507 0.317936 0.935516 0.154036 0.851770 -0.353191 0.386968 -0.416418 -0.008173 0.909136
-4.635085 -6.393774 29.354184 13.876995 0.717128 -0.629636 0.298808 -0.587315 -0.315140 0.745485 0.375218 0.710103 0.595790
-2.730763 -6.366993 -76.622932 16.945539 0.832024 -0.461441 0.307910 -0.511326 -0.422671 0.748261 0.215134 0.780014 0.587619
-2.379682 -7.118491 -66.029532 123.940648 0.875617 -0.395418 0.277378 -0.478671 -0.633636 0.607766 0.064565 0.664943 0.744098
-2.277763 -5.312221 -33.046314 78.136613 0.735433 -0.553460 0.390923 -0.677399 -0.586561 0.443932 0.016399 0.591293 0.806290
5.122367 -7.278921 -15.294551 53.951005 0.841829 -0.430026 0.326192 0.242081 -0.239332 -0.940275 -0.482411 -0.870516 0.097376
5.345831 -8.422204 -13.977575 30.656071 0.786269 -0.507086 0.353051 0.183026 -0.354604 -0.916928 -0.590155 -0.785570 0.186004
5.758954 -8.139031 -12.366570 29.687206 0.881194 -0.393112 0.262603 0.075206 -0.431835 -0.898812 -0.466735 -0.811777 0.350966
5.485937 -7.453338 15.443757 57.202732 0.953397 -0.248093 0.171708 0.063702 -0.390755 -0.918288 -0.294916 -0.886431 0.356741
5.021488 -6.284463 20.449245 66.382083 0.936796 -0.259709 0.234445 0.178843 -0.220477 -0.958856 -0.300714 -0.940181 0.160095
-1.194859 -4.435446 2.742470 8.546298 0.668866 -0.653283 0.354739 0.395865 0.716920 0.573861 -0.629213 -0.243408 0.738136
-1.280681 -2.149832 12.495506 33.072875 0.769130 -0.557934 0.311688 -0.637670 -0.637438 0.432492 0.042620 0.531397 0.846050
-1.349828 -3.166519 -2.932081 42.577938 0.739971 -0.578547 0.343112 -0.668295 -0.574478 0.472606 0.076315 0.579015 0.811737
-1.125099 -3.225456 -31.417432 30.812249 0.819521 -0.454237 0.349362 -0.571999 -0.611527 0.546673 0.034675 0.647845 0.760983
-0.700908 -7.241287 -2.999684 -12.934154 0.626154 -0.617966 0.475447 0.775063 0.559718 -0.293244 -0.084902 0.552118 0.829432
0.970414 -8.874365 -4.869037 80.816709 0.759771 -0.468166 0.451185 0.304806 0.869414 0.388859 -0.574317 -0.157920 0.803256
1.028337 -9.251907 6.347938 29.046176 0.793335 -0.442342 0.418274 0.177979 0.825567 0.535502 -0.582189 -0.350388 0.733678
1.079347 -9.410503 -2.352108 -22.028178 0.761604 -0.470328 0.445815 0.127662 0.783349 0.608331 -0.635344 -0.406393 0.656645
-1.213566 -8.299384 36.444815 30.315673 0.681015 -0.422977 -0.597753 0.576871 0.812694 0.082153 0.451041 -0.400774 0.797460
-2.183720 -7.964783 49.256983 59.296086 0.699730 -0.410331 -0.584814 0.451580 0.888362 -0.082997 0.553582 -0.206015 0.806910
-2.842953 -8.744978 39.349456 -15.188867 0.715258 -0.460572 -0.525623 -0.593913 -0.796998 -0.109824 0.368338 -0.390727 0.843599
-1.116955 -7.345764 49.157750 70.665631 0.692012 -0.384825 -0.610760 0.404670 0.907424 -0.113241 0.597797 -0.168792 0.783676
-1.970230 -8.515749 35.764092 -26.460978 0.679445 -0.476776 -0.557709 0.705513 0.633283 0.318128 0.201512 -0.609621 0.766652
-0.279096 -6.955299 40.129410 71.513639 0.692477 -0.371522 -0.618422 0.395472 0.912420 -0.105315 0.603388 -0.171641 0.778757
-1.010479 -8.367905 31.118253 -29.041129 0.665073 -0.446282 -0.598757 0.704287 0.641440 0.304195 0.248311 -0.624009 0.740915
0.325639 -2.804514 18.248111 -38.495966 0.582551 -0.717418 0.382028 0.806442 0.451528 -0.381804 0.101417 0.530504 0.841594
-0.070157 -1.950762 33.426227 -30.665319 0.589658 -0.721271 0.363415 0.804729 0.486437 -0.340279 0.068655 0.493099 0.867260
-0.868724 -20.327536 -31.347954 -122.260901 0.732276 -0.650062 0.202957 0.663855 0.614929 -0.425627 -0.151880 -0.446410 -0.881845
-1.085619 -14.697685 -13.494193 35.701227 0.719557 -0.648123 0.249348 0.669393 0.551802 -0.497421 -0.184799 -0.524834 -0.830902
-1.213605 -15.575560 12.228097 -70.679328 0.724405 -0.609401 0.322285 0.689373 0.641310 -0.336877 0.001391 -0.466210 -0.884673
1.464902 -1.961249 28.332456 2.411204 -0.523626 0.694302 -0.493721 0.655190 -0.042244 -0.754282 -0.544556 -0.718443 -0.432780
1.717892 -1.457419 27.929773 7.779326 -0.479430 0.680566 -0.554055 0.719187 -0.057106 -0.692466 -0.502908 -0.730458 -0.462076
1.072384 -2.145815 14.520581 5.501330 -0.531930 0.698871 -0.478153 0.657771 -0.014592 -0.753077 -0.533280 -0.715099 -0.451935
0.890591 -2.386981 15.288803 11.222767 -0.577688 0.700825 -0.418473 0.585116 -0.001920 -0.810948 -0.569136 -0.713330 -0.408955
1.311267 -2.246526 29.444539 13.191387 -0.560287 0.698524 -0.445133 0.595479 -0.033857 -0.802657 -0.575746 -0.714786 -0.396986
-3.422375 -5.364012 12.163833 35.550911 -0.123041 -0.730560 0.671672 0.946590 -0.289658 -0.141652 0.298041 0.618369 0.727181
-3.499116 -4.907455 9.956267 36.732738 -0.118529 -0.691849 0.712247 0.914880 -0.354891 -0.192477 0.385935 0.628806 0.675024
-0.117656 -1.738298 0.471180 9.737544 0.596028 0.072779 -0.799659 0.687947 -0.559878 0.461808 -0.414101 -0.825373 -0.383771
-0.469571 -1.348612 -6.380027 14.374479 0.471536 0.156001 -0.867938 0.801678 -0.485863 0.348210 -0.367378 -0.860001 -0.354164
-0.399512 -0.925291 -2.687486 18.154065 0.386212 0.197016 -0.901124 0.858390 -0.434369 0.272929 -0.337649 -0.878925 -0.336875
-0.293170 -1.744245 -9.139334 9.471568 0.521754 0.118767 -0.844788 0.743274 -0.549317 0.381830 -0.418708 -0.827131 -0.374885
0.975845 -10.332547 -32.130231 53.238772 -0.627158 0.727382 -0.278548 0.501661 0.650788 0.569921 -0.595826 -0.217694 0.773046
-5.266539 -8.608574 -63.375683 93.170672 -0.564636 0.799111 0.206418 0.616184 0.241761 0.749579 0.549093 0.550431 -0.628906
-0.894048 -4.871442 12.978038 -23.509281 -0.544322 0.832962 -0.099437 -0.759656 -0.539727 -0.362792 0.355861 0.121938 -0.926550
-0.451917 -4.554015 14.126183 -17.558910 -0.577175 0.811180 -0.094108 -0.743577 -0.569687 -0.350073 0.337584 0.132076 -0.931983
-0.359441 -4.020278 15.301435 -22.181456 -0.564391 0.820565 -0.090197 -0.707870 -0.537280 -0.458530 0.424715 0.194942 -0.884090
2.033556 -4.234880 -62.113538 -7.099641 -0.531967 0.668270 -0.520025 0.772584 0.634422 0.024953 0.346591 -0.388488 -0.853787
-0.257843 -4.425595 -5.561336 15.069871 0.484309 -0.636907 0.599829 0.822410 0.565310 -0.063770 -0.298474 0.524189 0.797583
-0.433594 -4.443312 -5.575479 16.821524 0.506662 -0.627486 0.591231 0.822677 0.556990 -0.113857 -0.257867 0.544080 0.798425
0.710913 -8.686904 2.673391 94.131637 -0.689361 0.473980 -0.547836 0.327624 0.878471 0.347780 0.646099 0.060262 -0.760871
0.485603 -7.695520 1.879445 106.213659 -0.685858 0.505709 -0.523314 0.229132 0.832588 0.504278 0.690723 0.225955 -0.686911
0.272949 -5.436469 5.316112 60.033459 -0.687221 0.528728 -0.498171 0.123409 0.760765 0.637187 0.715890 0.376409 -0.588063
-0.349077 -12.578953 0.003864 102.919113 0.735921 -0.453823 0.502459 -0.593885 -0.076286 0.800925 0.325147 0.887821 0.325659
-0.432286 -13.367307 -1.531547 -31.269433 0.738213 -0.455204 0.497826 -0.437369 0.238866 0.866978 0.513566 0.857748 0.022758
2.029945 -4.063054 -23.411026 14.286799 -0.537497 0.711382 -0.452806 0.831453 0.536645 -0.143866 0.140652 -0.453815 -0.879925
2.592152 -3.878827 13.221739 10.553471 -0.594001 0.742700 -0.309127 0.802978 0.570732 -0.171732 0.048883 -0.350231 -0.935387
1.934137 -4.167640 -10.882019 10.081728 -0.547137 0.733419 -0.403408 0.837017 0.483228 -0.256697 0.006672 -0.478108 -0.878276
2.002109 -3.930101 13.799464 -4.130221 -0.616290 0.746204 -0.251728 0.779438 0.532288 -0.330373 -0.112534 -0.399812 -0.909663
1.716486 -4.259273 -2.733823 6.924098 -0.557242 0.749532 -0.357327 0.824258 0.447280 -0.347189 -0.100404 -0.487998 -0.867051
1.436024 -4.472506 -23.428216 18.104055 -0.495368 0.733892 -0.464771 0.867728 0.392961 -0.304351 -0.040724 -0.554061 -0.831479
-0.921201 -1.558834 3.406912 1.853330 -0.316698 0.943130 -0.101038 0.272362 -0.011615 -0.962125 0.908582 0.332222 0.253194
-0.836606 -1.453001 -8.595034 7.644403 -0.147135 0.849580 -0.506523 0.375541 -0.425769 -0.823219 0.915052 0.311345 0.256406
-0.825279 -1.286023 -15.750683 -15.307754 -0.380554 0.771462 0.509926 0.012023 0.555496 -0.831432 0.924680 0.310274 0.220672
-0.503678 -2.198867 -14.502913 -24.636432 -0.391876 0.815171 0.426533 0.014016 0.468849 -0.883167 0.919911 0.340114 0.195156
-0.814129 -1.851824 1.727345 -9.606821 -0.374167 0.925772 0.054262 0.222126 0.146278 -0.963983 0.900366 0.348638 0.260370
-0.535207 -5.116901 -3.651522 11.987465 -0.508426 0.793289 -0.334955 -0.111936 -0.446568 -0.887720 0.853799 0.413847 -0.315844
-0.475010 -4.756223 -2.749824 8.313887 -0.519197 0.780599 -0.347994 -0.273441 -0.537493 -0.797704 0.809731 0.319010 -0.492513
-0.944706 -19.869186 -13.675328 -154.102478 -0.166040 0.868286 -0.467451 -0.492320 0.337738 0.802219 -0.854431 -0.363335 -0.371396
-0.833453 -20.879202 0.609942 -108.528750 -0.141405 0.867437 -0.477029 -0.152613 0.457009 0.876272 -0.978118 -0.196710 -0.067758
-0.824015 -21.174911 7.633339 30.963727 -0.142489 0.858956 -0.491825 0.266928 0.511832 0.816565 -0.953125 0.014930 0.302210
-2.940804 -5.213626 -4.334470 -9.883723 -0.425882 0.640364 -0.639186 0.874969 0.471337 -0.110775 0.230335 -0.606445 -0.761033
-2.721750 -4.667875 -18.178743 22.206556 -0.165894 0.702179 -0.692405 0.974228 0.225517 -0.004715 0.152838 -0.675342 -0.721494
-2.221509 -4.367832 -26.857103 28.329547 -0.004187 0.678731 -0.734375 0.990149 0.105598 0.091951 0.139958 -0.726756 -0.672486
0.657438 -22.913592 -84.823575 -468.189601 -0.093217 0.993884 0.059212 0.917532 0.062661 0.392695 -0.386583 -0.090934 0.917761
6.305291 -257.293472 -117.664648 -8369.403395 -0.179196 0.976621 0.118745 0.966815 0.197153 -0.162480 0.182092 -0.085689 0.979541
-0.661535 -28.577686 -60.538439 -697.005809 0.017253 0.994263 0.105559 0.910598 -0.059226 0.409028 -0.412934 -0.089065 0.906396
4.875019 -55.036984 79.816809 -1431.643272 0.195470 -0.976724 0.088327 0.978096 0.200728 0.055109 -0.071556 0.075620 0.994566
-1.689702 -39.700748 -58.739679 -1210.571354 -0.021342 0.989713 0.141463 0.822417 -0.063077 0.565378 -0.568485 -0.128408 0.812611
0.294579 -28.168439 -122.592526 -447.990641 -0.245277 0.955378 -0.164595 0.778414 0.295283 0.553967 -0.577850 -0.007752 0.816106
3.178854 -37.491817 -43.343172 -842.942286 -0.192916 0.957025 -0.216532 0.904612 0.258951 0.338558 -0.380080 0.130564 0.915692
1.587106 -1.747358 -67.856955 3.569630 0.509119 -0.223216 -0.831248 0.633002 -0.557286 0.537346 -0.583187 -0.799755 -0.142429
-3.134047 -5.638927 -26.372622 -5.013985 -0.489866 0.176058 0.853835 0.723485 -0.464352 0.510829 0.486416 0.867975 0.100095
-1.911094 -5.295395 -136.416313 5.860573 -0.340969 0.196430 0.919323 0.800870 -0.451414 0.393488 0.492288 0.870426 -0.003396
-9.382493 -31.667708 336.665033 -590.570332 0.065145 0.312728 0.947606 0.962904 0.229502 -0.141936 -0.261864 0.921700 -0.286176
-4.876646 -6.926217 39.802528 -11.092156 0.565724 -0.724163 0.394392 0.635892 0.078629 -0.767762 0.524974 0.685132 0.504972
-4.456667 -6.974659 -16.890038 -21.896649 0.381825 -0.825167 0.416303 0.743154 0.006314 -0.669090 0.549483 0.564853 0.615638
-5.417032 -7.185513 -52.493458 -11.132948 -0.486904 0.798841 -0.353239 0.607043 0.018704 -0.794449 0.628032 0.601252 0.494037
4.656012 -8.937303 -7.710171 12.280633 0.702214 -0.576253 0.418125 0.325554 -0.262401 -0.908383 -0.633175 -0.774002 -0.003340
5.253342 -8.821806 7.903506 23.069195 -0.684944 0.599569 -0.413968 -0.105723 0.480370 0.870670 -0.720885 -0.640126 0.265638
4.748344 -8.107548 -16.826651 15.372802 0.769224 -0.509737 0.385309 0.315181 -0.221866 -0.922733 -0.555838 -0.831230 0.010006
-0.331437 -4.505489 -7.142809 1.819127 -0.442244 0.775470 -0.450629 -0.003760 0.500825 0.865541 -0.896887 -0.384475 0.218571
-0.358316 -4.608020 6.422537 -0.248669 -0.422285 0.791723 -0.441418 0.065260 0.512258 0.856349 -0.904111 -0.332816 0.267986
-0.173112 -4.516527 2.101922 0.418048 -0.424021 0.783945 -0.453471 -0.051281 0.479126 0.876247 -0.904199 -0.394802 0.162958
-0.323495 -4.621837 -7.214111 -5.381440 -0.441452 0.779223 -0.444896 0.074123 0.525799 0.847373 -0.894218 -0.341098 0.289874
-0.315426 -4.437343 -6.114604 -9.970111 -0.455983 0.784624 -0.420054 -0.091858 0.427965 0.899115 -0.885235 -0.448566 0.123070
-0.387860 -4.605328 -10.799932 -7.201107 -0.451356 0.778294 -0.436504 0.019579 0.497686 0.867136 -0.892129 -0.382841 0.239872
-0.744507 -1.455628 2.990657 23.813177 0.818625 -0.502740 0.277679 -0.574154 -0.704437 0.417272 0.014172 0.501020 0.865320
-0.473372 -5.218203 -2.409045 -21.229438 0.542106 -0.684796 0.487007 0.601566 0.720920 0.344083 -0.586719 0.106438 0.802765
-0.573474 -6.105568 -3.118119 -23.628854 0.569948 -0.654913 0.496234 0.689351 0.709771 0.144980 -0.447162 0.259448 0.855998
-0.391762 -5.412788 -3.263657 -26.111657 0.549378 -0.661218 0.510857 0.588969 0.740114 0.324573 -0.592706 0.122565 0.796039
-0.284627 -4.720969 -2.634256 -19.594666 0.527443 -0.686133 0.501024 0.484913 0.727356 0.485605 -0.697613 -0.013175 0.716354
-0.349362 -4.628594 2.399540 -14.867274 -0.518993 0.708969 -0.477503 0.498832 0.704846 0.504340 -0.694128 -0.023556 0.719466
-0.516747 -5.041044 0.653087 -16.270275 -0.536306 0.708796 -0.458240 0.616004 0.699858 0.361577 -0.576988 0.088362 0.811959
-0.754777 -13.048765 -38.629353 199.908128 0.848903 -0.230411 0.475683 -0.448497 -0.790217 0.417622 -0.279668 0.567863 0.774156
-0.077835 -9.069846 -25.016817 144.368353 0.853751 -0.264442 0.448531 -0.397062 -0.887908 0.232297 -0.336826 0.376418 0.863051
-1.174630 -11.637855 -14.517782 207.642328 0.827590 -0.333841 0.451271 -0.476442 -0.842844 0.250234 -0.296813 0.422096 0.856585
-0.403126 -8.488509 21.913178 131.044179 -0.837385 0.491431 -0.239338 0.259390 0.742671 0.617379 0.481148 0.454902 -0.749374
-3.092475 -8.232800 44.647616 45.958806 0.717061 -0.444039 -0.537264 0.485218 0.871376 -0.072578 0.500386 -0.208647 0.840286
-3.113941 -7.049751 49.644290 62.331672 0.756881 -0.356062 -0.548043 0.299122 0.934305 -0.193908 0.581082 -0.017166 0.813664
-1.735015 -6.246759 56.106106 67.445920 0.727847 -0.301776 -0.615768 0.238780 0.953298 -0.184952 0.642824 -0.012416 0.765913
0.484462 -3.591427 -1.031554 -31.842383 0.576009 -0.708144 0.408346 0.801490 0.391041 -0.452439 0.160712 0.587894 0.792813
0.283106 -4.192662 -0.298420 -21.366463 0.607606 -0.696297 0.382080 0.753069 0.352195 -0.555739 0.252393 0.625403 0.738355
0.306142 -3.104962 -61.700678 15.958585 0.628264 -0.633223 0.452009 0.739895 0.665904 -0.095536 -0.240499 0.394461 0.886883
0.236098 -11.500451 -7.813552 -12.634236 0.680820 -0.648664 0.340175 0.497451 0.750383 0.435280 -0.537612 -0.127127 0.833554
0.372820 -12.387058 -32.430863 -10.896625 0.700034 -0.608269 0.374115 0.552706 0.793240 0.255511 -0.452183 0.027909 0.891489
0.594364 -14.029963 -36.955140 -89.143157 0.681471 -0.614580 0.397353 0.447497 0.779545 0.438242 -0.579089 -0.120834 0.806260
-0.489343 -22.813386 -17.411829 -215.511545 0.731622 -0.650321 0.204479 0.677069 0.728124 -0.106831 0.079412 -0.216606 -0.973024
0.879136 -3.659477 -2.597948 8.934779 0.688462 -0.608985 0.393900 0.658616 0.752382 0.012079 -0.303719 0.251113 0.919074
1.276928 -1.504885 14.233079 27.952726 -0.472773 0.691504 -0.546175 0.735421 -0.031813 -0.676863 -0.485430 -0.721672 -0.493506
1.862842 -0.623124 24.056458 42.487955 -0.418798 0.659378 -0.624363 0.789476 -0.075362 -0.609137 -0.448705 -0.748025 -0.489002
