19183
38342
-4.384632 -8.682077 -29.156247 49.653320 0.596526 -0.481389 0.642201 -0.447468 0.464779 0.764037 0.666280 0.743132 -0.061846
-5.963977 -10.000080 -49.722083 -30.432211 -0.655335 0.564216 -0.502192 0.261392 -0.454375 -0.851597 0.708668 0.689350 -0.150287
-8.314867 -9.792802 135.958826 198.108231 0.754471 -0.654734 0.045802 0.004780 0.075264 0.997152 0.656316 0.752103 -0.059914
-4.654332 -8.788537 56.330312 20.203884 -0.538322 0.510193 -0.670755 -0.409463 0.537315 0.737314 0.736579 0.671562 -0.080343
-4.164312 -7.729328 -21.293237 113.399616 0.566245 -0.449509 0.690875 -0.556680 0.409574 0.722743 0.607844 0.793845 0.018313
-3.911363 -8.023562 -64.511278 -67.372279 0.481347 -0.451221 0.751469 0.557541 -0.503920 -0.659707 0.676354 0.736522 0.009014
3.566587 -11.161713 -391.640282 28.080727 0.591765 -0.568968 0.571043 0.255077 0.804158 0.536903 -0.764690 -0.172060 0.621003
0.553846 -10.189645 -269.402527 18.429489 0.611789 -0.509372 0.605190 0.251172 0.850573 0.461993 -0.750084 -0.130636 0.648311
3.458305 -11.278876 -384.110458 -9.641335 0.619543 -0.492513 0.611227 0.312722 0.869071 0.383301 -0.719980 -0.046327 0.692447
-0.348639 -9.961075 -238.082013 18.241011 0.601825 -0.587743 0.540707 0.210618 0.769882 0.602430 -0.770355 -0.248675 0.587124
6.874084 -12.194683 -307.456424 15.138681 0.659176 -0.527393 0.536045 0.310273 0.840076 0.444975 -0.684995 -0.126996 0.717394
6.766631 -12.121105 -302.787470 97.992163 0.651099 -0.588718 0.479042 0.257131 0.764925 0.590570 -0.714111 -0.261343 0.649419
2.768802 -11.091420 -341.822632 19.733604 0.590772 -0.640082 0.491206 0.169263 0.693576 0.700216 -0.788885 -0.330525 0.518087
0.754040 -2.148624 29.051529 -2.692020 0.703813 -0.649374 -0.288030 0.465287 0.115009 0.877657 0.536801 0.751722 -0.383090
0.363520 -2.525424 36.189638 -39.695052 0.719360 -0.651168 -0.241873 0.419079 0.129142 0.898718 0.553980 0.747866 -0.365790
0.822033 -2.320296 15.057210 -10.385051 0.688162 -0.643276 -0.335604 0.489033 0.069534 0.869490 0.535985 0.762471 -0.362434
0.210141 -2.408718 42.432614 -31.429493 0.743281 -0.645205 -0.176758 0.376922 0.185613 0.907457 0.552687 0.741120 -0.381154
0.950973 -2.250641 -8.929643 22.809413 0.717161 -0.625186 -0.307933 0.473487 0.112889 0.873536 0.511360 0.772269 -0.376977
0.907875 -2.242289 9.188156 13.737799 0.708761 -0.638337 -0.300306 0.483852 0.130092 0.865427 0.513366 0.758685 -0.401065
0.573951 -2.200226 41.439728 -0.994883 0.707550 -0.656004 -0.262740 0.458349 0.143037 0.877187 0.537857 0.741080 -0.401884
5.372001 -15.331322 -276.695666 -95.729920 0.076779 -0.564304 -0.821989 0.141729 0.822228 -0.551230 0.986923 -0.074177 0.143108
4.746616 -16.023375 -356.175370 117.558435 0.103264 -0.513686 -0.851741 0.026206 0.857427 -0.513938 0.994309 0.030751 0.102003
6.808547 -15.783875 -111.291698 275.803159 -0.003582 -0.521026 -0.853534 -0.227933 0.831496 -0.506617 0.973670 0.192734 -0.121738
2.729184 -15.494655 -326.872133 -377.049973 0.099794 -0.560205 -0.822321 0.375730 0.786475 -0.490188 0.921341 -0.260052 0.288971
2.841467 -14.951856 -351.355839 -475.730908 0.081156 -0.580204 -0.810418 0.439232 0.750708 -0.493471 0.894701 -0.315913 0.315768
3.134047 -14.705162 -176.139650 -325.209163 0.036211 -0.599369 -0.799653 0.426259 0.733000 -0.530108 0.903876 -0.321663 0.282029
0.717786 -5.502242 -45.296254 7.905890 0.930805 -0.355040 -0.086887 -0.364918 -0.889047 -0.276459 -0.020908 -0.289036 0.957090
0.281348 -5.863906 -54.261402 5.666583 0.916877 -0.388910 -0.089915 -0.399062 -0.898296 -0.183888 0.009255 -0.204484 0.978826
1.819199 -5.411851 -103.045999 0.924278 0.940203 -0.330731 -0.081453 -0.340538 -0.907703 -0.245170 -0.007150 -0.258247 0.966052
2.087838 -5.015432 -92.427789 22.450498 0.947467 -0.309749 -0.079765 -0.318276 -0.888264 -0.331192 -0.031734 -0.339181 0.940186
1.053303 -5.163114 -35.627826 29.491914 0.946207 -0.314017 -0.078008 -0.320154 -0.873734 -0.366184 -0.046830 -0.371461 0.927267
-0.339742 -10.618063 -6.220812 66.312176 0.358212 -0.527920 0.770055 0.804232 0.593414 0.032712 -0.474231 0.607585 0.637139
-0.372196 -9.768314 -3.420082 60.948991 0.394327 -0.501637 0.769979 0.855622 0.506111 -0.108458 -0.335288 0.701578 0.628784
-0.161458 -11.164526 -10.127837 80.148399 0.366108 -0.512047 0.777028 0.800774 0.598719 0.017248 -0.474053 0.615909 0.629230
-0.406607 -9.254662 -1.473711 59.113655 0.397933 -0.510607 0.762188 0.856185 0.505124 -0.108614 -0.329541 0.695794 0.638180
-0.063009 -11.450397 -8.453805 35.548774 0.345473 -0.534908 0.771052 0.714916 0.682267 0.152993 -0.607901 0.498382 0.618119
-0.465728 -10.104617 -6.546564 63.237549 0.362023 -0.534886 0.763437 0.803844 0.593817 0.034861 -0.471989 0.601065 0.644940
-0.319215 -11.077667 -8.755272 34.174783 0.337544 -0.547735 0.765539 0.715395 0.677837 0.169551 -0.611780 0.490432 0.620647
4.506842 -17.655815 58.117554 152.282541 0.977403 -0.139936 -0.158436 -0.055544 0.553157 -0.831223 -0.203958 -0.821240 -0.532885
4.850441 -17.580088 100.930578 15.713703 0.979128 -0.108986 -0.171552 -0.118042 0.382177 -0.916519 -0.165451 -0.917640 -0.361336
3.203023 -17.247452 86.134978 130.907525 0.990330 -0.054956 -0.127379 -0.069858 0.595731 -0.800140 -0.119856 -0.801302 -0.586132
3.259734 -15.595616 61.195209 177.650230 0.988669 -0.074826 -0.130130 -0.032777 0.738374 -0.673594 -0.146487 -0.670227 -0.727555
1.398776 -16.853509 75.773308 79.418587 0.996233 -0.028068 -0.082045 -0.047993 0.609553 -0.791291 -0.072220 -0.792249 -0.605910
1.884867 -15.458083 69.710577 161.988645 0.996220 -0.031012 -0.081146 -0.029316 0.759288 -0.650094 -0.081774 -0.650016 -0.755508
-3.437402 -14.954801 -37.485019 -155.773927 -0.645684 0.630015 -0.431479 0.748067 0.635293 -0.191830 0.153260 -0.446637 -0.881491
-2.346417 -14.807561 -62.040252 -172.326649 -0.619305 0.597966 -0.508820 0.759601 0.620287 -0.195578 0.198666 -0.507622 -0.838362
-2.828857 -12.185931 -40.684967 -237.141648 -0.653606 0.621103 -0.432470 0.754221 0.487083 -0.440342 -0.062849 -0.613988 -0.786809
-4.266629 -14.169135 -13.420437 -267.628234 -0.698454 0.648710 -0.302222 0.714493 0.608029 -0.346123 -0.040774 -0.457686 -0.888178
-4.653339 -17.412591 -25.180728 -146.893464 -0.689807 0.645020 -0.328810 0.695192 0.716939 -0.052032 0.202175 -0.264478 -0.942962
-1.173420 -6.549214 -31.667564 -22.341228 0.437601 -0.528984 0.727105 0.896912 0.199526 -0.394638 0.063681 0.824843 0.561764
-0.969362 -6.097700 -35.230397 -18.269194 0.324095 -0.550056 0.769676 0.937780 0.293976 -0.184787 -0.124623 0.781675 0.611108
-2.014414 -5.720336 -30.773599 -7.790992 0.271776 -0.594522 0.756757 0.962328 0.161436 -0.218777 0.007900 0.787707 0.616000
-2.234882 -6.240318 -48.035159 -18.579587 0.477636 -0.543558 0.690223 0.861957 0.137922 -0.487861 0.169984 0.827963 0.534400
-1.199726 -7.194803 -38.496546 -21.297812 0.531283 -0.513030 0.674195 0.806078 0.061204 -0.588636 0.260724 0.856186 0.446059
-0.464495 -7.299183 -12.689592 -12.884631 0.491820 -0.519143 0.699001 0.841617 0.077701 -0.534457 0.223146 0.851148 0.475135
-0.035523 -6.473539 159.557322 113.468258 0.950721 -0.273438 -0.146156 0.239913 0.350193 0.905432 0.196396 0.895878 -0.398537
0.476219 -4.789781 152.531157 133.183028 0.943901 -0.276306 -0.180845 0.251346 0.245925 0.936133 0.214185 0.929072 -0.301578
1.560824 -6.145409 67.700044 105.852339 0.958830 -0.237758 -0.155294 0.229959 0.329188 0.915835 0.166626 0.913841 -0.370310
1.085023 -7.166791 60.161828 43.052599 0.955628 -0.247497 -0.159748 0.257808 0.440336 0.860023 0.142510 0.863047 -0.484604
-0.491380 -7.615312 168.376467 56.311701 0.949060 -0.283146 -0.138255 0.261253 0.461792 0.847641 0.176161 0.840581 -0.512241
-3.710432 -6.236304 -213.526309 68.151244 0.997352 -0.028260 0.067004 -0.071799 -0.236483 0.968979 0.011538 0.971225 0.237886
-1.873107 -5.537645 -201.239587 15.609804 0.988394 0.040588 -0.146392 0.151834 -0.295305 0.943261 0.004945 0.954540 0.298041
-2.999685 -5.774589 -183.058873 44.555566 0.999614 -0.019890 -0.019400 0.012799 -0.290107 0.956909 0.024661 0.956787 0.289741
1.209817 -4.060545 -69.139188 -31.743801 0.922543 -0.149887 -0.355596 0.345334 -0.090579 0.934098 0.172219 0.984545 0.031802
1.390110 -4.695969 -58.890806 -36.960317 0.943975 -0.164323 -0.286196 0.261554 -0.156313 0.952447 0.201245 0.973943 0.104577
0.440282 -4.003040 -37.872833 -26.537110 0.944973 -0.151828 -0.289783 0.274836 -0.112051 0.954940 0.177457 0.982035 0.064157
2.289004 -4.763406 -84.943308 -38.628059 0.928260 -0.172652 -0.329432 0.309760 -0.131397 0.941692 0.205871 0.976179 0.068489
0.047777 -3.522926 -52.086986 -24.813276 0.928180 -0.138929 -0.345226 0.340938 -0.054330 0.938514 0.149143 0.988811 0.003062
0.995564 -3.451579 -84.066054 -35.998334 0.904281 -0.137145 -0.404312 0.404428 -0.028275 0.914132 0.136800 0.990147 -0.029896
2.300170 -4.008228 -97.737832 -42.230740 0.911002 -0.161110 -0.379629 0.375072 -0.059021 0.925115 0.171451 0.985170 -0.006659
1.236814 -22.739974 48.157095 8.567185 -0.571313 0.809303 -0.136493 -0.529761 -0.490653 -0.691819 0.626861 0.322936 -0.709053
0.606547 -21.078857 59.244555 5.459586 -0.568391 0.815250 -0.110898 -0.628867 -0.517393 -0.580372 0.530526 0.260138 -0.806765
1.105888 -22.611662 48.402894 -29.700584 -0.542721 0.832988 -0.107629 -0.665420 -0.504618 -0.550071 0.512514 0.226917 -0.828154
-15.166154 -32.235202 103.633310 -300.432659 0.889432 -0.411211 -0.199541 -0.053137 0.340579 -0.938713 -0.453969 -0.845524 -0.281072
-16.621847 -26.846935 174.773545 -723.700948 0.906548 -0.418551 -0.054649 -0.055434 0.010294 -0.998409 -0.418447 -0.908135 0.013870
-16.089121 -30.862291 -91.432199 -1066.974352 0.829968 -0.556896 -0.031936 -0.064423 -0.038829 -0.997167 -0.554079 -0.829674 0.068104
-6.795023 -73.709629 522.238710 -5133.410357 -0.472074 0.853671 -0.219980 0.681793 0.195363 -0.704976 0.558842 0.482782 0.674253
-5.100866 -62.387795 136.796936 -3535.896020 -0.381599 0.867979 -0.317798 0.667039 0.020583 -0.744739 0.639876 0.496175 0.586830
-3.022861 -28.928428 157.660632 -1482.642929 -0.552373 0.829078 -0.086681 0.664250 0.374946 -0.646674 0.503643 0.414784 0.757825
-2.208695 -7.161897 -102.683540 -15.205075 -0.700325 0.709021 0.082675 0.271620 0.371797 -0.887688 0.660127 0.599214 0.452963
-2.328857 -6.930688 -118.871884 -10.028992 -0.705821 0.693795 0.143057 0.311377 0.485247 -0.817055 0.636287 0.532150 0.558530
0.080962 -7.200578 -175.648942 -13.631957 -0.710677 0.676603 0.192735 0.184603 0.443705 -0.876953 0.678867 0.587651 0.440234
-2.859147 -12.866522 29.498459 12.015306 0.556299 0.296829 -0.776160 0.053540 0.919284 0.389937 0.829256 -0.258477 0.495504
-2.315007 -12.831881 -61.281272 -19.671733 0.558952 0.277056 -0.781545 0.093447 0.915478 0.391367 0.823918 -0.291789 0.485818
-2.915808 -13.486494 -53.504387 -74.766341 0.567794 0.273487 -0.776411 -0.033728 0.950133 0.310015 0.822479 -0.149838 0.548704
0.513763 -30.575515 16.941625 695.916903 -0.416409 0.856407 -0.305238 0.871432 0.471688 0.134598 -0.259248 0.209946 0.942716
0.840628 -26.248195 -34.825743 -34.100933 0.446522 -0.838416 0.312532 0.888716 0.456137 -0.046072 -0.103930 0.298325 0.948789
1.332108 -28.277482 37.227030 417.010441 -0.398727 0.868200 -0.295374 0.888152 0.445820 0.111488 -0.228478 0.217884 0.948854
0.394566 -23.523413 -23.439052 144.808435 0.442699 -0.838683 0.317219 0.883969 0.467539 0.002473 -0.150387 0.279317 0.948349
0.759024 -33.210637 19.779508 1191.782179 -0.371956 0.884574 -0.281386 0.842740 0.448885 0.297137 -0.389150 0.126613 0.912432
0.079810 -28.338944 30.610979 780.267306 -0.403690 0.857916 -0.317830 0.856722 0.476376 0.197718 -0.321032 0.192475 0.927303
-0.030005 -35.424903 9.032829 1052.185893 -0.384906 0.873467 -0.298166 0.788849 0.479045 0.385010 -0.479128 0.087015 0.873421
3.053022 -45.502374 -355.848794 349.027076 -0.612218 0.789321 -0.046497 0.705438 0.571825 0.418775 -0.357136 -0.223581 0.906899
4.851853 -42.341303 -90.306423 378.943586 -0.611670 0.784138 -0.104816 0.763344 0.619792 0.182108 -0.207762 -0.031379 0.977676
2.989489 -41.686617 -359.031314 994.601133 -0.601465 0.798535 -0.024114 0.794349 0.600983 0.088482 -0.085148 -0.034064 0.995786
5.311475 -42.396317 -140.957421 115.124963 -0.614585 0.780836 -0.112161 0.740654 0.620109 0.258643 -0.271510 -0.075886 0.959439
0.195407 -45.495140 -433.368425 400.754373 -0.592705 0.805138 0.021276 0.760763 0.550974 0.343026 -0.264461 -0.219499 0.939085
-1.091131 -47.949136 -344.435689 429.175440 -0.583403 0.812098 0.011751 0.671486 0.474149 0.569464 -0.456889 -0.340118 0.821932
5.589031 -43.092268 -96.147255 242.298300 -0.595958 0.793786 -0.121400 0.658865 0.569780 0.491169 -0.459054 -0.212730 0.862563
5.108079 -46.221852 -165.419250 -463.223385 -0.599180 0.792967 -0.110394 0.510476 0.484614 0.710327 -0.616764 -0.369260 0.695161
2.972909 -46.676436 -616.375488 131.200151 -0.649313 0.760439 -0.011226 0.566998 0.493872 0.659245 -0.506860 -0.421691 0.751844
-42.877366 -107.771391 -73879.851088 28158.209155 0.936065 0.012998 0.351587 -0.125150 -0.921655 0.367273 -0.328816 0.387793 0.861102
-265.444252 -4036.245039 13830.402233 498309.595602 0.462682 -0.613620 0.639840 0.775266 -0.070000 -0.627744 0.429985 0.786492 0.443331
-94.149331 -607.478415 4838.374800 -12595.974664 0.631639 -0.546460 0.549922 0.731598 0.185450 -0.656028 0.256510 0.816695 0.516926
19.577812 -5456.278153 20357.163960 -909742.711424 -0.169199 0.742776 -0.647809 0.485843 0.634735 0.600890 -0.857513 0.213063 0.468268
-490.377870 -1002.094679 -5270.228738 -75273.364695 0.426136 0.178410 0.886892 -0.312172 0.949143 -0.040940 -0.849092 -0.259417 0.460159
0.743357 -20.028943 61.009609 222.138477 -0.487603 0.870120 -0.071647 -0.847579 -0.491457 -0.200199 0.209409 0.036891 -0.977132
0.930169 -21.852902 52.752183 72.308041 -0.514929 0.852821 -0.086858 -0.772869 -0.505696 -0.383334 0.370839 0.130260 -0.919517
0.018569 -19.432248 61.301675 135.045679 -0.512076 0.855547 -0.076270 -0.821665 -0.513793 -0.246747 0.250290 0.063685 -0.966074
8.745590 -6.565255 -546.644174 -31.731644 0.934397 -0.281214 -0.218681 0.129491 -0.303753 0.943910 0.331865 0.910304 0.247411
10.597751 -7.044840 -52.091959 -27.090012 0.881486 -0.409825 -0.234575 0.071831 -0.374606 0.924398 0.466715 0.831693 0.300772
7.686890 -6.892810 -512.728037 -25.987707 0.940682 -0.286871 -0.181169 0.053194 -0.402667 0.913800 0.335094 0.869232 0.363522
1.026804 -14.618646 -90.639751 -120.712808 0.981554 0.019443 -0.190196 0.117428 0.723745 0.680003 -0.150874 0.689794 -0.708111
0.481069 -15.538070 -7.486679 69.825751 0.969088 -0.037876 -0.243790 0.222485 0.561216 0.797206 -0.106624 0.826802 -0.552295
0.362936 -16.304963 -26.204574 -205.396692 0.984146 0.042801 -0.172118 0.074417 0.781241 0.619778 -0.160993 0.622760 -0.765670
1.158197 -13.615155 -126.140849 -244.351664 0.987727 0.108001 -0.112830 -0.030463 0.841735 0.539030 -0.153189 0.528978 -0.834695
2.631056 -12.561520 -224.462896 -50.139083 0.990275 0.056793 -0.127003 0.041264 0.751904 0.657980 -0.132863 0.656822 -0.742248
3.344379 -3.112449 -224.892723 25.067099 0.855591 -0.108694 -0.506112 0.495084 0.457364 0.738722 -0.151182 0.882612 -0.445129
3.075613 -3.926887 -187.063990 117.589576 0.944571 -0.014340 -0.327994 0.288581 0.512636 0.808657 -0.156545 0.858486 -0.488359
5.642282 -1.940751 -200.897159 22.936909 0.842057 -0.182402 -0.507612 0.529976 0.454830 0.715720 -0.100329 0.871699 -0.479661
6.832245 -2.243132 -253.698452 -57.982361 0.732615 -0.262224 -0.628103 0.675693 0.391284 0.624769 -0.081938 0.882120 -0.463843
8.254891 -0.772180 -223.550553 27.346743 0.823133 -0.273479 -0.497656 0.567027 0.442975 0.694445 -0.030533 0.853805 -0.519698
9.516621 -1.184725 -286.762244 -59.423685 0.736174 -0.333948 -0.588665 0.676286 0.396613 0.620754 -0.026172 0.855089 -0.517821
-417.641689 -579.824219 -13551.846490 79887.340489 0.916245 -0.398606 -0.040104 0.115592 0.167193 0.979125 0.383580 0.901754 -0.199265
-299.980586 -449.075288 -5248.045825 -47225.703704 -0.047449 0.678981 0.732621 0.983717 -0.095521 0.152239 0.173348 0.727916 -0.663392
-345.450456 -469.909183 35705.677989 -73903.468620 -0.286864 0.162439 0.944099 0.953427 0.144292 0.264872 -0.093200 0.976111 -0.196265
-284.954309 -402.743404 -3002.904353 -44844.876141 -0.551881 0.727964 0.406812 -0.453280 0.147611 -0.879061 0.699974 0.669537 -0.248508
-134.994759 -371.053870 9086.155777 9238.403961 -0.178678 -0.184274 0.966497 0.883182 -0.462996 0.074999 0.433664 0.866994 0.245474
-338.725633 -1314.909691 -2857.614044 -135550.351843 0.453844 -0.370618 -0.810351 -0.349160 0.762716 -0.544382 0.819825 0.530006 0.216749
-191.250920 -402.788374 -27350.192503 -62648.494663 0.757564 -0.138958 -0.637799 0.432093 0.839122 0.330410 -0.489278 0.525895 -0.695731
-354.093710 -645.842729 -50396.864774 -96993.097530 0.840862 -0.359750 -0.404391 0.474452 0.849474 0.230843 -0.260474 0.385971 -0.884974
-322.385362 -545.465388 47621.006836 -59383.077890 -0.487312 0.309335 0.816602 0.433541 0.897464 -0.081247 -0.758003 0.314438 -0.571454
-240.905319 -1749.680322 -7807.559203 559359.751060 0.738783 0.409095 0.535575 -0.673895 0.457910 0.579814 0.008047 0.789278 -0.613983
-196.765068 -385.310678 16170.930673 -50549.919539 -0.195998 0.442172 0.875254 0.857825 0.509760 -0.065432 -0.475101 0.737990 -0.479218
-1.049750 -73.985178 -266.698233 -3951.254884 0.278197 0.531598 -0.800006 -0.059595 0.840833 0.538004 0.958674 -0.101995 0.265598
-0.035460 -337.933628 67.442854 -18641.554263 0.373466 0.403866 -0.835114 -0.474717 0.856648 0.201985 0.796974 0.321008 0.511651
1.505117 -45.229253 80.893729 -2246.330419 0.145755 0.602313 -0.784841 -0.137800 0.797940 0.586774 0.979677 0.022626 0.199303
-8.685112 -50.762488 -323.512390 1210.444106 -0.317327 -0.703653 0.635748 0.919797 -0.065205 0.386938 -0.230816 0.707546 0.667909
-4.470356 -52.875286 -190.800958 1756.227644 -0.314641 -0.657734 0.684388 0.938577 -0.107962 0.327745 -0.141681 0.745473 0.651303
-7.278796 -55.319706 -252.941458 -1935.699261 -0.322813 -0.697731 0.639503 0.755928 0.216516 0.617813 -0.569530 0.682856 0.457541
-11.600518 -54.638489 386.169532 -2059.602436 0.318934 0.765336 -0.559055 0.709600 0.198201 0.676153 -0.628290 0.612354 0.479869
-12.679406 -49.501902 -413.349789 851.712165 -0.305581 -0.777732 0.549320 0.898160 -0.043909 0.437470 -0.316114 0.627060 0.711946
-6.574296 -10.079386 69.027411 112.446749 -0.666832 0.538273 -0.515362 0.458625 0.841516 0.285507 0.587366 -0.045973 -0.808015
-6.889557 -10.769602 78.834377 70.850181 -0.600994 0.521194 -0.605939 0.486448 0.840071 0.240102 0.634172 -0.150458 -0.758412
-6.377400 -10.651791 68.288542 131.609096 -0.695181 0.489482 -0.526433 0.485137 0.859883 0.158880 0.530440 -0.144942 -0.835240
-8.217561 -10.060940 -110.331550 170.723379 -0.787356 0.346747 -0.509742 0.332672 0.935087 0.122233 0.519037 -0.073336 -0.851600
4.140120 -6.499881 874.770267 -67.883104 -0.610427 -0.099843 0.785755 -0.164970 0.986294 -0.002835 -0.774702 -0.131357 -0.618532
13.542844 -8.147385 923.045429 -88.464168 -0.677456 -0.049196 0.733916 -0.095462 0.995203 -0.021407 -0.729342 -0.084563 -0.678903
5.084599 -9.655069 898.356209 -184.631534 -0.588474 -0.145475 0.795321 -0.114023 0.988781 0.096494 -0.800436 -0.033901 -0.598459
-6.335540 -11.519445 -63.650203 152.340512 0.721558 0.606168 0.334536 -0.673231 0.727066 0.134667 0.161599 0.322391 -0.932711
-5.221705 -11.415725 -96.227639 169.029147 0.729784 0.632756 0.258911 -0.681680 0.702382 0.204872 0.052221 0.326007 -0.943924
-5.877741 -9.364673 -77.016488 -123.229234 0.471796 0.788067 0.395423 0.881509 -0.431108 -0.192580 0.018704 0.439428 -0.898083
-7.174028 -9.317027 -47.384084 -136.430681 0.516039 0.726662 0.453505 0.847519 -0.509897 -0.147364 0.124157 0.460400 -0.878986
-6.809633 -11.707654 -5.066625 151.572108 0.745690 0.525514 0.409612 -0.611169 0.784320 0.106371 0.265367 0.329661 -0.906037
-3.392450 -6.865105 85.859026 158.972045 0.938141 -0.345935 -0.014838 0.288753 0.805281 -0.517826 -0.191083 -0.481509 -0.855357
-3.997120 -9.654551 -77.977813 228.838586 0.872221 -0.489089 0.004719 0.395426 0.699443 -0.595330 -0.287868 -0.521125 -0.803468
-4.131104 -6.974895 -86.818966 148.608001 0.929634 -0.361412 -0.071851 0.275788 0.811737 -0.514805 -0.244381 -0.458765 -0.854291
-4.207585 -5.527824 -23.171759 53.295770 0.966382 0.014114 -0.256725 -0.114027 0.918454 -0.378736 -0.230444 -0.395277 -0.889186
-3.933648 -5.215349 148.797313 29.158935 0.978697 0.020031 -0.204330 -0.103271 0.908190 -0.405617 -0.177446 -0.418078 -0.890912
0.678772 -3.323819 104.326125 -62.676245 -0.929205 -0.142415 0.341023 -0.154265 0.987999 -0.007735 -0.335829 -0.059796 -0.940023
-0.642966 -3.013694 88.697061 -81.559950 -0.923103 -0.188853 0.334986 -0.205628 0.978516 -0.014986 -0.324958 -0.082716 -0.942104
0.876277 -2.499740 95.396859 -60.978039 -0.936973 -0.123316 0.326917 -0.150114 0.986969 -0.057946 -0.315512 -0.103368 -0.943275
1.875151 -2.811124 71.055114 -38.488572 -0.944881 -0.115384 0.306410 -0.134963 0.989899 -0.043426 -0.298304 -0.082386 -0.950909
1.142115 -1.954184 87.189300 -17.782574 -0.952245 -0.009467 0.305189 -0.047207 0.992066 -0.116519 -0.301664 -0.125362 -0.945136
2.066603 -2.410364 68.775196 -13.805003 -0.956732 -0.051355 0.286404 -0.081685 0.992123 -0.094970 -0.279270 -0.114256 -0.953391
0.838714 -9.143746 26.983607 -62.551018 0.883249 -0.333716 -0.329402 0.264328 -0.225885 0.937607 0.387302 0.915210 0.111302
0.381692 -8.482162 43.102218 -6.978946 0.865627 -0.339215 -0.368271 0.341933 -0.136788 0.929715 0.365749 0.930711 0.002418
0.265871 -9.876193 32.609834 -54.133377 0.864602 -0.340432 -0.369552 0.277406 -0.289818 0.915998 0.418938 0.894490 0.156139
0.850792 -10.704749 1.373085 -89.105526 0.887986 -0.331447 -0.318785 0.178517 -0.390399 0.903172 0.423807 0.858913 0.287500
0.417058 -11.455043 17.630505 -60.322047 0.866475 -0.335662 -0.369529 0.192323 -0.458635 0.867563 0.460687 0.822791 0.332841
-0.163618 -10.771500 27.628076 -57.943103 0.852835 -0.314163 -0.417102 0.308126 -0.342120 0.887701 0.421582 0.885582 0.194970
10.468059 -14.367319 228.428586 -77.856106 0.547514 0.130561 -0.826548 0.683013 0.500934 0.531562 0.483448 -0.855581 0.185094
12.469215 -14.728678 108.218162 98.956785 0.655069 -0.009478 -0.755510 -0.644903 -0.528011 -0.552543 0.393680 -0.849184 0.351997
11.788425 -15.859290 249.594790 -29.667327 0.544287 0.122139 -0.829960 0.590657 0.646753 0.482530 0.595715 -0.752856 0.279877
-2.906935 -8.286947 29.621426 -184.032136 0.746271 -0.097242 -0.658502 0.653339 -0.082319 0.752576 0.127389 0.991851 -0.002100
-2.304861 -11.041716 39.962182 -221.789341 0.752927 -0.130995 -0.644936 0.617933 -0.196424 0.761299 0.226407 0.971729 0.066947
-2.105407 -8.544254 28.020368 -52.638229 0.807667 -0.152567 -0.569559 0.567292 -0.062348 0.821153 0.160792 0.986325 -0.036194
-2.947106 -6.927759 12.857382 31.481580 0.801979 -0.073626 -0.592798 0.592844 -0.023594 0.804972 0.073253 0.997007 -0.024727
-3.647292 -6.300816 -27.771528 -84.812504 -0.695386 0.029349 0.718036 0.718288 -0.002704 0.695741 0.022361 0.999566 -0.019201
10.902502 -9.210941 89.962284 -28.692867 0.925617 -0.369533 0.081724 -0.346735 -0.914560 -0.208220 -0.151686 -0.164396 0.974662
9.581408 -9.521887 191.140727 -12.950522 0.920659 -0.378446 -0.095740 -0.387112 -0.853486 -0.348862 -0.050313 -0.358245 0.932271
9.485485 -9.782972 136.202717 -9.898076 0.932053 -0.360759 0.033604 -0.319204 -0.861478 -0.394924 -0.171422 -0.357364 0.918099
0.304756 -14.339579 -24.793704 154.214947 -0.961101 -0.221286 -0.165279 -0.184045 0.959305 -0.214152 0.205942 -0.175403 -0.962716
0.706632 -15.598475 20.184931 268.052214 0.973034 0.179662 0.144663 -0.127229 0.941163 -0.313090 0.192402 -0.286242 -0.938641
0.567156 -16.144429 12.050249 214.814699 0.966725 0.201238 0.157942 -0.132116 0.921436 -0.365377 0.219061 -0.332353 -0.917362
-1.890355 -13.931269 -50.108464 50.661523 0.945486 0.324819 -0.023450 -0.319718 0.939510 0.122889 -0.061948 0.108693 -0.992143
-0.794548 -13.801872 -63.562611 48.438865 0.959233 0.276857 -0.056760 -0.266406 0.952831 0.145403 -0.094338 0.124354 -0.987743
-1.219092 -12.945911 -53.942875 97.334055 0.943085 0.331869 -0.021319 -0.307667 0.895049 0.322845 -0.126224 0.297910 -0.946212
-1.264153 -14.514596 -59.703322 15.315873 0.960275 0.273503 -0.055391 -0.276832 0.958676 -0.065610 -0.035158 -0.078337 -0.996307
-1.944014 -12.864155 -30.821043 109.740060 0.921418 0.387511 0.028706 -0.378531 0.878466 0.291567 -0.087768 0.279522 -0.956119
-2.363995 -14.497143 -49.097135 -1.782318 0.948166 0.316882 -0.023816 -0.317678 0.943345 -0.095813 0.007895 -0.098412 -0.995114
-2.668680 -13.963854 -38.855626 47.982050 0.927508 0.373175 0.021652 -0.373629 0.923756 0.084122 -0.011391 0.086113 -0.996220
-2.704033 -14.388952 3.114986 1.158646 0.356222 0.119120 -0.926777 0.856148 0.355722 0.374796 0.374321 -0.926969 0.024731
-2.297949 -15.087301 22.687821 -0.577101 0.340360 0.197055 -0.919415 0.906616 0.190577 0.376467 0.249404 -0.961691 -0.113789
-2.329805 -14.546067 27.628132 30.975764 0.319374 0.198507 -0.926604 0.843417 0.386244 0.373447 0.432027 -0.900783 -0.044068
3.277229 -26.304765 -93.270298 -182.244209 0.961910 0.096933 0.255602 -0.064581 0.989134 -0.132074 -0.265627 0.110536 0.957718
1.806107 -30.488639 138.333080 -414.982744 0.984136 0.026457 0.175435 -0.023069 0.999506 -0.021324 -0.175912 0.016938 0.984260
2.163348 -26.271437 -55.452147 -150.358699 0.963655 0.070700 0.257625 -0.085749 0.995177 0.047643 -0.253014 -0.068003 0.965070
2.413432 -25.347586 -127.511208 -68.796811 0.941804 0.113534 0.316409 -0.109640 0.993514 -0.030145 -0.317780 -0.006300 0.948144
2.881554 -24.250073 -149.154889 267.797591 0.938043 0.155517 0.309660 -0.081789 0.967750 -0.238264 -0.336728 0.198175 0.920511
-1.289326 -16.534131 -9.888355 -53.301609 -0.141431 0.944926 -0.295149 -0.413815 0.214416 0.884750 -0.899308 -0.247268 -0.360700
-1.083522 -16.046589 -26.384252 -26.344224 -0.160834 0.934673 -0.317047 -0.373514 0.239698 0.896121 -0.913575 -0.262549 -0.310562
-1.205843 -16.957009 -7.076751 -139.433577 -0.130476 0.936981 -0.324104 -0.277531 0.279313 0.919218 -0.951815 -0.209885 -0.223597
-1.354968 -17.879584 2.683520 -105.740952 -0.112170 0.943876 -0.310671 -0.277052 0.270540 0.921982 -0.954285 -0.189490 -0.231156
-1.266287 -18.812386 -1.183125 -183.728403 -0.116813 0.929256 -0.350482 -0.126766 0.336061 0.933270 -0.985030 -0.153447 -0.078542
-1.485620 -13.658320 -36.980023 254.636067 -0.054307 0.932037 -0.358272 0.842686 -0.149700 -0.517175 0.535660 0.329997 0.777284
-1.240286 -16.574515 -40.193682 350.333534 -0.063809 0.933644 -0.352473 0.911156 -0.089572 -0.402209 0.407092 0.346823 0.844980
-1.239728 -15.668300 -11.057587 305.885337 -0.031556 0.929703 -0.366956 0.884364 -0.145101 -0.443672 0.465729 0.338523 0.817617
-4.515117 -13.130285 -237.899439 -81.817175 0.240266 0.885940 -0.396714 0.878881 -0.025033 0.476384 0.412117 -0.463124 -0.784651
-2.515947 -13.581178 -156.648929 -61.720253 0.198355 0.882936 -0.425534 -0.822783 -0.085931 -0.561822 0.532619 -0.461562 -0.709420
-2.014382 -13.195616 -223.795859 -98.326049 0.192217 0.873909 -0.446470 0.886575 0.040422 0.460815 0.420758 -0.484406 -0.767016
4.490081 -39.233401 159.795835 78.467250 -0.209336 0.950574 -0.229319 -0.593259 0.062960 0.802546 -0.777317 -0.304048 -0.550757
3.538871 -38.033299 343.746841 27.560898 -0.162939 0.969897 -0.180973 -0.774706 -0.012185 0.632204 -0.610967 -0.243211 -0.753371
2.048807 -38.962327 219.731500 665.105487 -0.148403 0.966227 -0.210669 -0.553068 0.095507 0.827644 -0.819812 -0.239339 -0.520216
3.564097 -41.766977 230.259753 -64.886296 -0.157423 0.955968 -0.247675 -0.351062 0.180246 0.918840 -0.923024 -0.231596 -0.307229
2.087349 -38.490623 151.886038 -313.791130 -0.108419 0.952853 -0.283401 -0.354230 0.229339 0.906600 -0.928852 -0.198682 -0.312665
0.369522 -36.428809 20.033722 808.499104 -0.134890 0.953844 -0.268302 -0.496516 0.169261 0.851365 -0.857483 -0.248057 -0.450768
-0.458879 -40.318237 36.508781 1357.740094 -0.145148 0.963233 -0.226083 -0.670100 0.072413 0.738730 -0.727941 -0.258724 -0.634952
7.216492 -17.260095 -227.443593 265.895063 -0.023204 0.929630 -0.367763 0.969161 0.111191 0.219917 0.245334 -0.351318 -0.903541
6.115891 -16.977077 -241.985821 261.730267 -0.030326 0.917580 -0.396393 0.968676 0.124768 0.214707 0.246468 -0.377465 -0.892622
6.347511 -16.499316 -163.907950 -13.897815 -0.002277 0.926846 -0.375434 -0.935672 -0.134453 -0.326252 0.352864 -0.350540 -0.867530
6.601604 -16.759904 -16.977127 -5.973512 -0.018764 0.946175 -0.323110 -0.935420 -0.130725 -0.328483 0.353041 -0.296080 -0.887524
6.859066 -17.478381 13.601946 346.122831 -0.026626 0.951036 -0.307931 0.968873 0.100393 0.226287 0.246121 -0.292321 -0.924106
-3.741788 -78.109552 517.998423 3897.672641 0.149926 0.971358 -0.184351 -0.732297 -0.016178 -0.680793 0.664276 -0.237069 -0.708898
-3.787056 -54.731407 328.212927 2146.917289 0.220889 0.962615 -0.156781 -0.730545 0.056804 -0.680497 0.646151 -0.264850 -0.715781
-3.722061 -65.444873 307.060730 4954.236635 0.278611 0.954676 -0.104732 -0.888154 0.214619 -0.406350 0.365455 -0.206232 -0.907695
-1.849948 -91.979250 187.477364 6522.239076 0.248136 0.960818 -0.123522 -0.913019 0.189342 -0.361311 0.323766 -0.202432 -0.924228
3.474080 -64.868508 -995.382427 -3596.107594 0.472514 0.872945 -0.121232 0.881321 -0.467725 0.067123 0.001892 -0.138561 -0.990352
19.227573 -128.283692 426.996486 -9527.998462 -0.872717 -0.476179 -0.107794 -0.456826 0.874337 -0.163841 0.172266 -0.093743 -0.980580
-30.990151 -694.747610 -1033.980859 -1885.856129 -0.330475 0.939978 0.085018 -0.941008 -0.335094 0.047071 -0.072734 0.064447 -0.995267
-51.054888 -3095.906642 2780.672534 88759.868708 -0.339160 0.918907 0.201445 -0.322970 -0.314861 0.892498 -0.883550 -0.237639 -0.403567
-57.473442 -849.543521 -2673.810213 110320.586862 -0.215293 0.976504 -0.009414 -0.076411 -0.007235 0.997050 -0.973556 -0.215377 -0.076173
-69.081319 -1569.159892 -2316.218815 47047.301745 -0.300795 0.946130 0.119837 -0.945456 -0.312310 0.092600 -0.125038 0.085447 -0.988466
0.572713 -33.487247 17.494490 -32.493663 -0.138347 0.944714 -0.297281 0.412267 -0.217991 -0.884600 0.900498 0.244941 0.359316
0.616013 -37.318744 7.626486 -112.092752 -0.133652 0.954959 -0.264936 0.263950 -0.223377 -0.938314 0.955232 0.195338 0.222207
0.815713 -35.705288 12.891668 -285.062651 -0.125850 0.948216 -0.291631 0.502107 -0.192653 -0.843074 0.855600 0.252530 0.451860
2.914357 -4.260684 -96.950289 -93.595323 0.907254 -0.307375 -0.287073 -0.420048 -0.696617 -0.581622 0.021204 -0.648264 0.761121
2.596369 -5.275482 -101.968138 -74.430432 0.913793 -0.299581 -0.274288 -0.406013 -0.654301 -0.638000 -0.011665 -0.694364 0.719529
1.558689 -4.539760 -64.146889 -77.267890 0.922659 -0.300798 -0.241291 -0.385506 -0.704400 -0.595992 -0.009308 -0.642916 0.765880
3.558396 -5.157712 -76.289223 -80.030889 0.902229 -0.275252 -0.331992 -0.429364 -0.645379 -0.631770 0.040364 -0.712547 0.700463
1.884196 -3.458671 -67.291567 -73.046758 0.903028 -0.337411 -0.265883 -0.429473 -0.723001 -0.541132 0.009650 -0.602847 0.797799
3.223908 -3.015916 -97.721189 -85.646304 0.887980 -0.336155 -0.313835 -0.457553 -0.714394 -0.529421 0.046235 -0.613711 0.788176
3.773229 -3.980845 -68.595820 -103.147576 0.892356 -0.282260 -0.352178 -0.443973 -0.689308 -0.572489 0.081168 -0.667221 0.740424
5.754069 -10.825608 -470.315445 -169.473193 -0.671321 -0.345351 -0.655790 0.739381 -0.373426 -0.560240 -0.051409 -0.860980 0.506035
1.960330 -10.475459 -228.323515 132.399312 -0.547109 -0.330437 -0.769079 0.837024 -0.224598 -0.498945 -0.007864 -0.916715 0.399464
5.599451 -9.222758 103.350528 -514.403011 -0.449804 -0.271233 -0.850946 0.859064 -0.392012 -0.329144 -0.244306 -0.879067 0.409335
-0.655355 -22.863080 2.509719 -323.217285 -0.345308 -0.026294 0.938121 -0.082485 0.996589 -0.002429 -0.934858 -0.078220 -0.346299
-0.578097 -22.302056 -4.942828 -48.438011 -0.364942 -0.045455 0.929920 0.236697 0.961460 0.139888 -0.900440 0.271160 -0.340118
-0.599916 -22.071960 -4.795116 -323.029143 -0.367445 -0.030636 0.929541 -0.093468 0.995614 -0.004134 -0.925337 -0.088402 -0.368697
-143.541609 -772.281945 -10664.853682 -47437.314931 -0.912615 0.199832 -0.356652 0.095067 0.952212 0.290265 0.397613 0.230994 -0.888001
-176.469054 -492.835307 17310.559070 45107.632426 0.869058 -0.335077 0.363953 -0.044426 0.679856 0.731998 0.492712 0.652318 -0.575948
-19.663313 -524.452518 3636.086145 22214.848708 0.881301 -0.405559 0.242550 0.068241 0.617117 0.783907 0.467602 0.674306 -0.571541
-209.365470 -5710.303115 -24411.761545 -1001917.182553 -0.926640 0.047391 -0.372952 -0.036081 0.976234 0.213697 0.374215 0.211476 -0.902907
-385.877262 -2620.715072 21135.059211 19535.839077 0.795081 -0.575040 0.192810 0.597946 0.796413 -0.090484 0.101525 -0.187232 -0.977055
-3.056573 -14.888752 -78.915183 980.517497 0.910969 -0.402825 0.088702 0.105530 0.019723 -0.994220 -0.398747 -0.915064 -0.060478
-4.954257 -23.255718 -129.594984 1319.044177 0.924421 -0.373194 0.078563 0.093885 0.023028 -0.995317 -0.369637 -0.927467 -0.056325
-2.548570 -35.820521 -126.389269 1964.013324 0.905624 -0.420904 0.051820 0.005830 -0.109824 -0.993934 -0.424042 -0.900432 0.097005
-1.268608 -17.607366 -99.351918 958.013120 0.897765 -0.439130 -0.034402 -0.018115 0.041228 -0.998986 -0.440103 -0.897477 -0.029058
-0.345807 -35.353033 -110.414292 1736.532239 0.893012 -0.449927 0.009776 -0.066994 -0.154387 -0.985737 -0.445019 -0.879619 0.168011
-1.951660 -41.346505 -162.579650 1657.977058 0.897344 -0.437662 0.056796 -0.133369 -0.391595 -0.910421 -0.420697 -0.809386 0.409765
-0.294030 -9.744759 15.738760 -391.337973 0.838043 -0.545526 0.009250 -0.543108 -0.832469 0.109680 0.052133 0.096941 0.993924
-1.034492 -20.440114 34.023389 -1147.390968 0.907620 -0.419777 0.003486 -0.419571 -0.906844 0.039932 0.013602 0.037706 0.999196
0.270551 -12.153457 33.907290 -504.753063 0.912495 -0.409039 -0.006260 -0.405037 -0.905503 0.126525 0.057422 0.112918 0.991944
1.064635 -7.889563 7.794021 -88.586361 0.846139 -0.532856 0.010621 -0.525005 -0.829910 0.188729 0.091750 0.165267 0.981972
0.831484 -6.508795 -28.546953 41.086431 0.697540 -0.716112 0.024905 0.710995 0.687401 -0.148208 0.089013 0.121088 0.988643
-9.253586 -11.809877 -146.136078 -199.681569 -0.679247 0.733516 -0.024044 -0.155910 -0.176234 -0.971923 0.717158 0.656427 -0.234069
-6.362485 -10.468458 -53.897214 -66.325588 -0.648183 0.606072 -0.461016 0.157615 -0.485525 -0.859897 0.744995 0.630034 -0.219182
-5.073713 -9.720380 58.225729 53.591185 -0.564737 0.555745 -0.610098 -0.289740 0.558694 0.777118 0.772737 0.615637 -0.154493
-5.193478 -6.155398 -28.428018 36.913572 0.964548 -0.121558 -0.234247 0.068341 -0.742278 0.666598 0.254907 0.658975 0.707655
-2.381790 -5.356438 -287.983511 -49.067125 0.284882 -0.695935 0.659178 0.932200 0.040975 -0.359617 0.223260 0.716935 0.660424
-4.777693 -6.374667 -16.186304 37.180197 0.977786 -0.027475 -0.207799 0.120209 -0.738638 0.663298 0.171712 0.673543 0.718926
-4.358931 -5.765987 -33.463431 -22.526257 0.563204 -0.683161 0.464858 0.769727 0.229134 -0.595834 0.300535 0.693390 0.654897
-5.711295 -6.247544 -22.070784 8.407373 0.843275 -0.529707 0.091090 -0.430107 -0.563415 0.705388 0.322327 0.634015 0.702944
-0.191205 -2.940732 30.749991 -44.697101 0.772793 -0.626338 -0.102427 0.291261 0.206615 0.934065 0.563878 0.751672 -0.342099
-2.441503 -18.410209 -48.119676 147.932902 -0.567732 -0.305219 0.764540 -0.589455 0.799028 -0.118730 -0.574651 -0.518069 -0.633546
-1.875465 -16.642544 -97.891528 223.430272 -0.544226 -0.363286 0.756202 -0.492159 0.868230 0.062906 -0.679410 -0.337936 -0.651307
1.858674 -17.621114 -352.533619 151.706220 -0.532747 -0.395233 0.748312 -0.621384 0.782975 -0.028842 -0.574510 -0.480355 -0.662720
-2.788642 -18.624405 -3.956473 114.854866 -0.537382 -0.279283 0.795752 -0.554821 0.827700 -0.084182 -0.635133 -0.486738 -0.599743
-2.632715 -18.965467 8.485441 -78.490616 0.568105 0.291839 -0.769471 0.671327 -0.705156 0.228199 -0.476000 -0.646208 -0.596522
-3.040954 -19.269370 -38.735691 -36.555194 0.546760 0.235625 -0.803452 0.641160 -0.734963 0.220778 -0.538486 -0.635854 -0.552921
1.434461 -5.786989 -102.802052 21.155511 0.935912 -0.341511 -0.086252 -0.351537 -0.921032 -0.167697 0.022170 -0.187270 0.982058
-0.228141 -10.196733 -9.100206 62.084388 0.400303 -0.487642 0.775863 0.850937 0.512019 -0.117225 -0.340093 0.707136 0.619915
-0.359587 -8.472527 3.012965 34.833769 0.443043 -0.485076 0.753933 0.874013 0.420885 -0.242812 -0.199537 0.766523 0.610432
-1.328852 -15.213431 -70.013346 -200.817643 -0.609241 0.568260 -0.553087 0.752655 0.633983 -0.177696 0.249670 -0.524544 -0.813952
-1.599128 -16.678339 -56.634484 -81.952183 -0.625739 0.573889 -0.528301 0.666238 0.745453 0.020663 0.405682 -0.339044 -0.848806
-0.490175 -15.921293 -40.810690 -47.707735 -0.618007 0.555912 -0.555904 0.631071 0.772477 0.070916 0.468846 -0.306988 -0.828216
-1.324263 -17.328030 -36.927385 31.120041 -0.648842 0.556337 -0.519127 0.508762 0.824500 0.247711 0.565831 -0.103387 -0.818014
-0.624053 -6.253346 -40.212395 5.489274 0.276461 -0.562124 0.779478 0.927292 0.369041 -0.062752 -0.252385 0.740152 0.623279
0.039952 -6.321036 -24.573403 -6.231737 0.354590 -0.532470 0.768598 0.896106 0.428205 -0.116763 -0.266944 0.730148 0.628987
-1.649430 -5.769970 -24.251206 -5.024302 0.165784 -0.624442 0.763274 0.976618 0.211381 -0.039189 -0.136871 0.751924 0.644885
0.355393 -6.740125 -43.369282 36.694761 0.323796 -0.523857 0.787865 0.862944 0.504946 -0.018909 -0.387923 0.686005 0.615558
-1.525626 -6.251135 -30.082805 20.402406 0.189645 -0.626523 0.755978 0.952570 0.304041 0.013014 -0.238002 0.717654 0.654467
-0.525810 -6.895017 -54.918310 53.149984 0.275589 -0.551543 0.787306 0.891242 0.453492 0.005721 -0.360193 0.700104 0.616535
2.086366 -4.501390 67.360603 122.278529 0.954681 -0.236884 -0.180195 0.235500 0.230996 0.944024 0.181999 0.943677 -0.276313
0.994506 -2.994669 148.761912 97.814047 0.923529 -0.290513 -0.250391 0.307930 0.172468 0.935646 0.228633 0.941200 -0.248737
-0.311001 -5.445894 -102.476918 0.931803 0.966049 0.057010 -0.251992 0.257543 -0.290032 0.921712 0.020539 0.955318 0.294867
-0.603330 -5.322435 -87.928752 -1.629933 0.976183 0.033803 -0.214300 0.212234 -0.353632 0.910989 0.044989 0.934774 0.352383
-2.130063 -5.868863 -230.854612 25.758700 0.986421 0.046506 -0.157512 0.164058 -0.234617 0.958144 -0.007605 0.970975 0.239061
0.765976 -4.583167 -33.657321 -41.848555 0.962316 -0.164485 -0.216548 0.188862 -0.168682 0.967408 0.195652 0.971849 0.131260
1.702045 -5.318981 -64.385935 -39.686425 0.960195 -0.172007 -0.220088 0.176619 -0.236556 0.955430 0.216404 0.956271 0.196760
2.432563 -5.412586 -79.174865 -34.589685 0.943928 -0.180700 -0.276311 0.235389 -0.218498 0.947022 0.231500 0.958961 0.163711
-0.377791 -17.829550 43.924987 -210.056606 -0.399510 0.912395 -0.089033 -0.815876 -0.309591 0.488365 -0.418018 -0.267746 -0.868086
-0.418219 -20.004465 35.897365 -238.530086 -0.395516 0.913743 -0.092958 -0.729569 -0.251078 0.636152 -0.557939 -0.319428 -0.765944
0.244959 -18.489729 40.959414 -220.927815 -0.391122 0.915553 -0.093732 -0.803067 -0.289761 0.520694 -0.449564 -0.278928 -0.848582
-0.975138 -19.496540 38.108967 -234.360280 -0.401050 0.910523 -0.100532 -0.754098 -0.265843 0.600553 -0.520092 -0.316663 -0.793240
0.362074 -16.945005 51.620018 -176.851353 -0.401923 0.911818 -0.083943 -0.858919 -0.343652 0.379686 -0.317357 -0.224705 -0.921299
-1.070992 -17.280616 40.002413 -234.750868 -0.401849 0.909915 -0.102820 -0.834865 -0.317927 0.449358 -0.376188 -0.266415 -0.887415
-0.389972 -16.258301 48.643819 -164.663352 -0.409961 0.908224 -0.084034 -0.866568 -0.359090 0.346575 -0.284592 -0.214904 -0.934250
-14.000607 -35.272497 537.553691 1375.444990 -0.675103 0.734856 -0.064986 -0.028925 0.061655 0.997678 -0.737156 -0.675415 0.020367
-10.811835 -37.831350 459.482027 802.570904 -0.569014 0.811823 -0.131021 -0.212363 0.008856 0.977151 -0.794433 -0.583837 -0.167362
-12.343272 -37.561714 442.446134 -113.319947 -0.667949 0.744048 0.015393 -0.243770 -0.238286 0.940104 -0.703150 -0.624190 -0.340539
-1.595799 -84.911680 2898.245177 -7028.395433 0.502258 0.220424 -0.836152 -0.015506 0.969105 0.246159 0.864579 -0.110670 0.490158
