15882
31748
-6.347194 -8.328675 29.015435 171.128863 0.248919 0.968485 -0.008749 -0.847033 0.213305 -0.486864 0.469654 -0.128601 -0.873434
-7.011014 -9.940145 116.470830 123.175971 0.019239 0.995689 -0.090734 -0.790891 -0.040363 -0.610625 0.611655 -0.083508 -0.786705
-8.724760 -12.668469 16.208594 386.812281 0.590161 0.737150 0.329119 -0.533838 0.662177 -0.525870 0.605581 -0.134652 -0.784309
-5.275376 -8.347871 -3.358250 96.897519 -0.279527 0.927263 -0.249092 -0.806485 -0.367533 -0.463143 0.521005 -0.071428 -0.850560
-6.031278 -12.711736 -132.433871 442.280438 0.646225 0.734362 0.207618 -0.584179 0.651073 -0.484602 0.491048 -0.191876 -0.849739
-3.535022 -10.562705 -190.321956 389.238665 0.589750 0.806074 0.049396 -0.712250 0.547986 -0.438647 0.380651 -0.223510 -0.897301
-4.805006 -6.435005 -33.580674 120.592283 0.242644 0.965371 -0.095826 -0.902895 0.188597 -0.386281 0.354832 -0.180249 -0.917390
-4.502163 -6.846937 1.379084 83.725154 -0.396383 0.864912 -0.307908 -0.821961 -0.483728 -0.300645 0.408975 -0.133918 -0.902666
-1.471556 -20.536795 -212.944226 1253.551699 -0.068275 0.918625 -0.389187 -0.676812 0.243956 0.694559 -0.732983 -0.310827 -0.605080
2.015558 -3.905407 -128.121442 97.791695 0.375487 0.762805 -0.526438 -0.785173 0.563602 0.256623 -0.492455 -0.316987 -0.810560
-0.585236 -3.360579 14.940399 61.453954 -0.614332 -0.536942 0.578178 -0.610494 0.787678 0.082831 -0.499894 -0.302089 -0.811695
-4.213212 -8.726736 -126.124739 617.558935 0.064647 0.935600 -0.347093 -0.735676 0.279690 0.616891 -0.674241 -0.215468 -0.706380
1.584254 -4.418544 -371.371771 -129.448047 -0.863020 0.373927 0.339669 0.212081 0.878447 -0.428198 -0.458496 -0.297506 -0.837420
-5.170070 -9.751614 -17.241631 -4.021855 0.396767 0.902104 -0.169660 -0.227577 0.275735 0.933905 -0.889261 0.331932 -0.314701
-5.200187 -9.684134 -9.279059 -23.877427 0.427814 0.886776 -0.174937 -0.336951 0.336060 0.879504 -0.838713 0.317318 -0.442572
-4.961362 -9.859956 -32.057647 -26.027660 0.315705 0.929720 -0.189610 -0.303615 0.288305 0.908129 -0.898971 0.229133 -0.373296
-5.028199 -9.891838 -29.383827 15.071754 0.320418 0.933049 -0.163559 -0.162810 0.224337 0.960815 -0.933180 0.281234 -0.223792
-3.985137 -10.156919 -62.515944 -116.701132 0.475902 0.841530 0.255626 -0.686818 0.537146 -0.489648 0.549362 -0.057456 -0.833607
-4.332593 -12.064861 -41.409045 -107.458493 0.388123 0.899910 0.198803 -0.829986 0.435075 -0.349045 0.400603 0.029532 -0.915776
-4.901856 -10.319049 -24.906451 -123.680222 0.414376 0.857211 0.305747 -0.758621 0.510920 -0.404296 0.502780 0.064416 -0.862011
-4.585464 -8.088459 47.723556 -78.624026 -0.578090 -0.688906 -0.437288 -0.532256 0.724565 -0.437846 0.618478 -0.020366 -0.785538
-5.622875 -8.632594 -36.531511 -149.906389 0.435093 0.805239 0.402845 -0.687120 0.586083 -0.429386 0.581859 0.089980 -0.808297
-5.485979 -11.498563 -31.178027 -144.487253 0.338222 0.880790 0.331383 -0.839689 0.441444 -0.316305 0.424885 0.171278 -0.888896
0.071805 -3.641329 -18.339814 263.928004 -0.091582 0.991162 0.095974 0.441490 -0.045975 0.896087 -0.892580 -0.124437 0.433378
0.184262 -4.381351 -34.306172 199.899983 -0.110962 0.990753 0.078082 0.400487 -0.027328 0.915895 -0.909559 -0.132900 0.393752
0.413284 0.210568 71.403405 200.485496 0.206315 0.780515 0.590110 0.443116 -0.612228 0.654847 -0.872400 -0.126382 0.472171
-0.198787 -7.325093 120.506679 -36.909319 -0.137553 0.979640 0.146237 -0.201993 0.116793 -0.972398 0.969679 0.163295 -0.181815
-1.108994 -7.183308 132.103475 32.977557 -0.142702 0.984687 0.100138 -0.296224 0.054046 -0.953588 0.944398 0.165742 -0.283975
0.672072 -6.965865 116.793736 5.644998 -0.148762 0.983078 0.106902 -0.281869 0.061466 -0.957482 0.947850 0.172569 -0.267956
1.022120 -6.608193 69.697876 -46.442467 -0.105631 0.981470 0.159868 -0.161989 0.141636 -0.976575 0.981123 0.129054 -0.144027
-0.331117 -8.628612 42.572986 -7.831628 -0.228580 0.950978 0.208308 0.849076 0.090065 0.520536 -0.476257 -0.295854 0.828040
-0.161409 -8.826537 55.654569 59.275223 -0.230459 0.952328 0.199901 0.913723 0.141133 0.381041 -0.334663 -0.270468 0.902689
0.434793 -8.301509 105.344058 -61.928730 -0.246123 0.956896 0.154184 0.809786 0.115599 0.575225 -0.532607 -0.266432 0.803333
-0.908294 -8.914565 4.445172 36.426563 -0.202096 0.947860 0.246411 0.908357 0.087355 0.408970 -0.366121 -0.306481 0.878650
0.030087 -9.109241 62.408789 -60.754068 -0.236844 0.954011 0.183760 0.754467 0.061438 0.653456 -0.612115 -0.293408 0.734321
-0.774956 -8.742390 -14.118415 -31.978582 -0.228495 0.943729 0.239095 0.815578 0.051447 0.576355 -0.531622 -0.326695 0.781440
-0.206288 -11.049933 -30.352518 -26.939785 -0.342179 0.923404 0.173895 0.378606 -0.033887 0.924937 -0.859983 -0.382332 0.338011
-0.454495 -10.905142 -35.438081 7.744922 -0.347463 0.922982 0.165447 0.222619 -0.090198 0.970724 -0.910884 -0.374123 0.174133
0.214300 -11.045182 -35.400670 -42.827599 -0.354661 0.919942 0.167100 0.356269 -0.032271 0.933826 -0.864458 -0.390725 0.316302
-0.636707 -10.730261 -23.914661 -22.968985 -0.326808 0.926701 0.185532 0.348148 -0.064461 0.935221 -0.878629 -0.370231 0.301563
0.188489 -11.159315 -30.678496 -49.824216 -0.343870 0.921090 0.182612 0.493268 0.011708 0.869799 -0.799025 -0.389174 0.458370
-0.346117 -11.053839 -13.504805 -26.588120 -0.322591 0.929152 0.180585 0.496735 0.003782 0.867894 -0.805723 -0.369678 0.462763
4.737900 -14.923051 121.302192 179.455623 0.450083 0.876930 0.168580 0.299120 -0.325927 0.896827 -0.841399 0.353221 0.409001
2.928525 -15.068814 108.591043 86.598841 0.484540 0.865380 0.127824 0.248662 -0.276352 0.928330 -0.838683 0.418028 0.349090
4.282572 -14.217662 146.137116 122.518028 0.489941 0.859276 0.146981 0.422127 -0.381364 0.822417 -0.762736 0.340891 0.549569
3.336501 -13.275374 97.878113 112.896603 0.491110 0.859860 0.139468 0.532580 -0.423083 0.733048 -0.689325 0.285730 0.665725
4.900303 -13.661387 83.484875 -44.126133 0.457851 0.864461 0.207555 0.539317 -0.455672 0.708167 -0.706759 0.212297 0.674849
5.247636 -13.386535 105.124412 70.087151 0.439480 0.872654 0.212913 0.432441 -0.413301 0.801359 -0.787307 0.260109 0.559009
0.860545 -18.510240 -15.447485 296.136935 0.233065 0.951791 0.199437 0.860088 -0.106049 -0.499001 0.453795 -0.287833 0.843340
0.633140 -20.434000 7.383899 118.184874 -0.252690 -0.946130 -0.202451 0.947459 -0.199549 -0.250004 0.196138 -0.254988 0.946843
0.900571 -22.256707 17.476472 248.326004 -0.247933 -0.946912 -0.204661 0.954804 -0.203091 -0.217032 0.163945 -0.249221 0.954469
1.164831 -18.608106 -44.954672 246.428435 0.233573 0.947824 0.216964 0.901799 -0.127727 -0.412850 0.363597 -0.292088 0.884580
-1.015047 -13.272428 44.388786 8.148298 0.475964 0.863305 0.167819 -0.316672 -0.009787 0.948485 -0.820474 0.504588 -0.268726
-0.877557 -13.820986 76.664254 63.836880 0.479638 0.855078 0.196948 -0.462825 0.055844 0.884689 -0.745480 0.515483 -0.422537
-1.589304 -13.266122 30.680999 23.764706 0.458706 0.872556 0.168030 -0.438961 0.058098 0.896626 -0.772594 0.485046 -0.409668
0.131833 -6.673017 -31.240492 12.591142 -0.470360 0.850281 0.236187 -0.530483 -0.486319 0.694321 -0.705230 -0.201287 -0.679804
1.012336 -6.060008 -56.602894 -10.210520 -0.512392 0.819497 0.256670 -0.427171 -0.502515 0.751667 -0.744970 -0.275506 -0.607550
0.036082 -6.187722 -17.245776 -52.190151 -0.538203 0.776683 0.327264 -0.453646 -0.594210 0.664168 -0.710312 -0.208995 -0.672145
-0.340698 -6.070967 -19.847324 -44.065864 -0.583216 0.710037 0.394596 -0.403589 -0.674848 0.617816 -0.704964 -0.201065 -0.680146
-0.757678 -6.044045 3.060956 -0.117947 -0.538823 0.769600 0.342614 -0.489213 -0.616957 0.616469 -0.685813 -0.164556 -0.708930
-1.645007 -32.097473 50.121376 -674.279417 -0.105999 0.990950 -0.082361 0.660354 0.132077 0.739249 -0.743436 -0.023972 0.668377
-1.896136 -29.384788 21.094993 -530.780968 -0.065998 0.995162 -0.072773 0.639854 0.098172 0.762200 -0.765657 -0.003740 0.643238
-0.277863 -27.753129 47.981247 -677.216346 -0.056129 0.997062 -0.052125 0.411202 0.070659 0.908802 -0.909815 -0.029576 0.413960
-1.032103 -24.935273 32.584498 -527.787985 -0.042313 0.998828 -0.023516 0.445238 0.039922 0.894522 -0.894412 -0.027380 0.446406
-1.882664 -28.283904 26.141084 -553.146016 -0.066450 0.997448 -0.026096 0.664886 0.063766 0.744218 -0.743983 -0.032103 0.667427
-0.241066 -17.370562 -8.142004 274.324594 0.318405 0.944377 -0.082279 -0.867413 0.255242 -0.427136 0.382377 -0.207372 -0.900436
-0.234472 -14.889794 -3.795149 161.356842 0.252025 0.962241 -0.102840 -0.950922 0.226533 -0.210784 0.179528 -0.150916 -0.972108
-0.193102 -14.299338 -9.483471 156.232170 0.271902 0.957051 -0.100612 -0.936320 0.238963 -0.257297 0.222204 -0.164165 -0.961080
0.706567 -25.046221 -4.948274 -15.733324 0.225101 0.959117 0.171536 0.878273 -0.275965 0.390486 -0.421860 -0.062757 0.904486
0.824348 -22.403183 14.370730 -54.291845 0.213959 0.963231 0.162503 0.846697 -0.265832 0.460910 -0.487161 -0.038975 0.872442
0.627073 -23.857211 -3.523148 -134.909142 0.193472 0.969358 0.151375 0.702557 -0.244580 0.668277 -0.684823 0.022943 0.728348
0.767195 -38.135506 85.433021 -55.798532 -0.080067 0.936888 0.340337 0.995955 0.061222 0.065774 0.040787 0.344227 -0.938000
0.452106 -31.857409 71.235781 -472.946473 -0.039485 0.938531 0.342930 0.960564 0.130188 -0.245699 -0.275241 0.319704 -0.906659
1.473088 -37.987118 157.181714 304.840664 -0.049619 0.929415 0.365685 0.989320 -0.004506 0.145691 0.137055 0.369009 -0.919265
-3.233859 -79.238621 137.295552 -3970.143171 0.917328 0.065539 -0.392702 -0.143810 0.974308 -0.173328 0.371253 0.215473 0.903185
-1.893646 -101.216970 -132.992448 -5350.313008 0.904169 0.156426 -0.397504 -0.221181 0.967526 -0.122361 0.365455 0.198555 0.909406
-2.404212 -84.273879 -96.826659 3812.126797 0.922317 0.106438 -0.371487 0.273720 -0.858528 0.433598 0.272781 0.501598 0.820969
-7.314772 -91.144083 260.454963 4345.871041 0.940094 0.046199 -0.337771 0.187434 -0.897636 0.398895 0.284767 0.438309 0.852522
-6.578561 -148.268576 153.803127 -7533.942625 0.666048 -0.656429 -0.354234 0.579259 0.754388 -0.308800 0.469935 0.000482 0.882701
-29.998954 -328.037941 201.518005 -19436.175616 -0.607556 0.784185 0.126215 0.437510 0.463032 -0.770835 0.662918 0.413105 0.624407
0.851410 -357.014915 -168.418287 -23060.644314 -0.496081 0.840087 0.219446 0.793528 0.541245 -0.278150 0.352445 -0.036152 0.935134
-8.519876 -75.333480 143.286138 3508.918169 0.749048 -0.525866 -0.402980 -0.630597 -0.752428 -0.190260 0.203162 -0.396632 0.895214
-5.495984 -128.826264 -136.578479 7814.151627 0.761403 -0.575668 -0.298114 -0.645395 -0.716435 -0.264924 0.061071 -0.394115 0.917030
0.403962 -6.279623 1.291723 -3.865024 -0.183115 0.981345 -0.058571 -0.907878 -0.145950 0.393010 -0.377130 -0.125141 -0.917667
0.230109 -6.149253 4.603216 15.353358 -0.172013 0.983382 -0.058061 -0.946411 -0.148616 0.286740 -0.273347 -0.104273 -0.956247
0.496259 -6.116968 -12.178845 4.271636 -0.152830 0.986312 -0.061901 -0.934066 -0.123711 0.334986 -0.322743 -0.109015 -0.940187
-0.559374 -6.233716 10.743627 23.826103 -0.132680 0.988924 -0.066525 -0.358536 0.014686 0.933400 -0.924039 -0.147695 -0.352617
-0.782579 -6.077672 -27.062840 64.177708 -0.137564 0.986705 -0.086547 -0.372309 0.029459 0.927641 -0.917857 -0.159832 -0.363307
-0.663478 -7.127463 -19.683293 54.941291 -0.152241 0.985615 -0.073384 -0.452011 -0.003404 0.892006 -0.878925 -0.168970 -0.446027
-0.515015 -6.839145 31.201619 23.091318 -0.129251 0.988187 -0.082348 -0.439371 0.017376 0.898138 -0.888959 -0.152267 -0.431934
-5.473532 -13.806830 -31.038961 -76.476728 0.311897 0.886721 0.341241 0.920986 -0.193909 -0.337912 -0.233464 0.419672 -0.877137
-5.130734 -12.407311 -16.051811 -91.729688 0.324809 0.885464 0.332344 0.845602 -0.114491 -0.521392 -0.423623 0.450384 -0.785938
-5.831858 -13.068970 -37.982398 -88.452695 0.297392 0.854978 0.424936 0.892382 -0.090685 -0.442075 -0.339429 0.510675 -0.789936
-5.191084 -11.005875 -13.161794 -99.088191 0.295503 0.848933 0.438167 0.796673 0.034149 -0.603445 -0.527247 0.527395 -0.666231
-6.145481 -14.029598 -38.684646 -70.405712 0.299599 0.850636 0.432040 0.940337 -0.186733 -0.284422 -0.161264 0.491476 -0.855830
1.581619 -1.898285 79.116521 41.938289 0.269677 0.961112 -0.059484 0.147681 0.019762 0.988838 -0.951559 0.275451 0.136609
1.229035 -2.576070 88.400671 54.382979 0.282535 0.957876 -0.051457 0.121475 0.017483 0.992441 -0.951534 0.286650 0.111418
0.213916 -1.848113 57.588081 43.819897 0.288222 0.957516 0.009511 0.137677 -0.051267 0.989149 -0.947614 0.283785 0.146604
0.246577 -9.133546 3.857049 -13.437611 -0.277050 0.949420 0.147799 0.280070 -0.067347 0.957614 -0.919132 -0.306701 0.247246
0.130811 -9.488027 12.303514 -3.917864 -0.263273 0.950219 0.166649 0.296259 -0.084762 0.951339 -0.918106 -0.299833 0.259196
0.015810 -9.629856 1.866240 -18.474956 -0.264833 0.946292 0.185460 0.395188 -0.068927 0.916011 -0.879597 -0.315881 0.355709
0.365994 -8.793862 12.548196 -40.987512 -0.270327 0.953714 0.131734 0.139643 -0.096541 0.985485 -0.952588 -0.284799 0.107082
0.307536 -8.327705 -11.973793 -79.527508 -0.294112 0.950210 0.102950 0.074126 -0.084712 0.993644 -0.952892 -0.299874 0.045520
-1.039499 -3.692770 -4.116002 -63.023311 -0.384354 0.872536 0.301584 -0.702784 -0.488374 0.517287 -0.598637 0.013127 -0.800913
-0.861656 -3.963279 -43.570113 -62.352875 -0.495352 0.798739 0.341530 -0.639992 -0.601399 0.478257 -0.587398 -0.018329 -0.809091
-1.180380 -4.356480 -46.358017 -51.206676 -0.521640 0.767097 0.373435 -0.564825 -0.638554 0.522706 -0.639425 -0.061739 -0.766371
1.516229 -31.656980 -12.459306 1154.476930 0.101308 0.993296 0.055672 0.976738 -0.109938 0.184108 -0.188994 -0.035726 0.981328
2.413974 -37.408705 -57.619036 1371.677457 0.096022 0.992597 0.074372 0.984240 -0.105829 0.141678 -0.148500 -0.059595 0.987115
1.526471 -46.729791 -6.190426 1986.387426 0.170833 0.981787 0.083131 0.914054 -0.189415 0.358647 -0.367861 -0.014718 0.929764
1.238811 -37.906448 -37.224261 1595.308488 0.137273 0.988629 0.061391 0.957254 -0.148336 0.248316 -0.254599 -0.024679 0.966732
1.402616 -14.834250 35.048540 -83.660201 0.020814 0.999759 -0.006990 0.987742 -0.019481 0.154876 -0.154702 0.010128 0.987909
3.326940 -7.748896 -35.007052 77.454085 -0.648778 0.577177 0.495937 0.674070 0.133436 0.726516 0.353153 0.805643 -0.475628
2.691834 -8.624069 26.820921 -110.255078 0.672434 -0.607132 -0.423347 0.633063 0.175425 0.753961 0.383488 0.774995 -0.502315
2.485164 -8.566489 31.153281 -230.345888 0.743357 -0.578141 -0.336413 0.518687 0.180653 0.835661 0.422356 0.795687 -0.434164
2.814587 -9.642630 -15.840820 75.870152 -0.643194 0.608253 0.465113 0.696358 0.212066 0.685648 0.318413 0.764890 -0.559961
-4.979056 -8.448197 -23.017425 -5.872039 0.787885 -0.532849 -0.308723 0.107025 0.612168 -0.783452 0.606451 0.584229 0.539346
-5.341560 -8.710627 -3.931311 -23.879425 -0.717493 0.617361 0.322597 0.131464 0.574819 -0.807651 0.684047 0.537075 0.493589
-5.193615 -8.770165 -33.900503 2.830791 0.767293 -0.572129 -0.289705 -0.056048 -0.509849 0.858436 0.638842 0.642435 0.423270
-4.851723 -8.592202 -38.377069 -9.126016 0.827382 -0.497392 -0.260845 -0.053277 -0.531847 0.845163 0.559107 0.685376 0.466540
-4.844181 -8.339020 -25.663526 -6.177704 0.845782 -0.458464 -0.272879 -0.110618 -0.651034 0.750945 0.521935 0.604951 0.601347
7.521837 -6.653236 -820.634105 -46.609436 0.990244 0.113137 0.081345 0.138088 -0.718504 -0.681678 0.018677 -0.686260 0.727117
5.364295 -6.017330 -578.280169 -0.272134 0.969542 0.225490 0.095622 0.238120 -0.776397 -0.583529 0.057340 -0.588526 0.806443
11.822309 -6.244001 -567.349852 30.489068 0.947053 0.318869 0.037584 0.264472 -0.708357 -0.654435 0.182056 -0.629724 0.755184
13.659271 -7.042362 34.844009 42.981294 0.847567 0.509271 -0.149241 0.294084 -0.684823 -0.666733 0.441751 -0.521211 0.730202
14.658317 -7.248874 -492.581538 -59.330956 0.939488 0.341162 -0.031148 0.224218 -0.681088 -0.697026 0.259013 -0.647864 0.716369
3.526799 -6.697583 62.300093 -177.189049 -0.312833 0.447253 -0.837914 -0.636522 0.556059 0.534451 0.704965 0.700545 0.110733
2.962214 -7.686354 -34.367442 -250.039447 -0.237731 0.511379 -0.825818 -0.649152 0.548797 0.526710 0.722555 0.661297 0.201497
2.609773 -10.670493 -14.685956 256.449474 0.313723 -0.496454 0.809390 0.707551 -0.446229 -0.547952 0.633206 0.744589 0.211274
2.764633 -8.804785 -71.385129 203.806846 0.378626 -0.454594 0.806217 0.654458 -0.484445 -0.580515 0.654467 0.747434 0.114090
3.197751 -5.976627 71.308869 -145.052396 -0.327240 0.407523 -0.852549 -0.606857 0.600941 0.520187 0.724319 0.687601 0.050656
-1.899773 -4.838382 11.437543 55.204525 0.548099 0.756865 0.356011 0.330816 -0.587097 0.738835 -0.768211 0.287181 0.572170
-2.216119 -5.390962 28.648595 80.182937 0.458654 0.851711 0.253428 0.429767 -0.462231 0.775656 -0.777777 0.246843 0.578041
-1.266919 -4.248609 56.787649 -67.306628 0.574388 0.685380 0.447586 -0.342149 0.697741 -0.629358 -0.743648 0.208354 0.635276
-0.597168 -6.722196 9.436049 -16.131212 -0.072195 0.991812 0.105337 0.974865 0.092488 -0.202693 0.210776 -0.088056 0.973560
-0.454128 -6.315674 -11.924848 -40.001313 -0.079556 0.987961 0.132677 0.970879 0.106968 -0.214363 0.225974 -0.111759 0.967701
-0.535648 -6.268326 7.279028 -71.117163 -0.085229 0.989685 0.115149 0.960496 0.112339 -0.254612 0.264922 -0.088900 0.960163
-0.786678 -6.687282 16.686107 -64.122409 -0.069403 0.993170 0.093792 0.965451 0.090542 -0.244351 0.251174 -0.073593 0.965140
-1.207677 -5.944610 -43.024887 -15.570407 0.027871 0.979153 0.201201 0.159028 0.194372 -0.967951 0.986881 -0.058974 0.150295
-1.432319 -5.869032 -24.785075 -14.123591 -0.007059 0.969357 0.245553 0.183577 0.242642 -0.952588 0.982980 -0.038353 0.179665
-0.656482 -5.494011 -51.783850 -41.980231 0.031576 0.980844 0.192220 0.269845 0.176809 -0.946532 0.962386 -0.081758 0.259093
0.117267 -5.396697 -52.500319 -41.958875 0.050208 0.989666 0.134315 0.280120 0.115133 -0.953036 0.958651 -0.085474 0.271444
-0.464580 -5.906044 -53.438511 -19.153866 0.045981 0.989246 0.138845 0.183901 0.128234 -0.974544 0.981869 -0.070344 0.176027
0.264775 -4.500367 -49.676759 -68.287571 0.049004 0.989756 0.134099 0.377498 0.105948 -0.919929 0.924713 -0.095703 0.368439
-0.652561 -4.771101 -55.163505 -62.532710 0.022553 0.975828 0.217373 0.365877 0.194288 -0.910157 0.930390 -0.100058 0.352652
0.225228 -8.073602 6.896313 -166.102345 -0.160030 -0.974485 -0.157382 0.972248 -0.128039 -0.195807 0.170660 -0.184350 0.967931
-0.056883 -8.958515 -2.241839 -117.232279 0.154913 0.975747 0.154658 0.945313 -0.100920 -0.310158 0.287027 -0.194247 0.938021
0.100075 -7.551918 7.123002 -114.464845 -0.135788 -0.975784 -0.171487 0.980636 -0.107719 -0.163553 0.141120 -0.190375 0.971516
2.523766 -15.652740 30.931084 -60.837213 0.308701 0.944472 -0.112585 0.301928 0.014941 0.953214 -0.901966 0.328251 0.280550
3.116057 -15.304755 -17.312344 -83.448176 0.241565 0.963443 -0.115863 0.276632 0.046073 0.959871 -0.930119 0.263923 0.255390
3.352185 -14.036557 -3.639764 -170.624620 0.274967 0.951646 -0.136979 0.097976 0.113995 0.988638 -0.956449 0.285263 0.061894
2.571076 -14.341634 94.664789 -109.789993 0.385896 0.914074 -0.124714 0.109186 0.088982 0.990031 -0.916058 0.395666 0.065466
1.695477 -15.713892 94.271946 -9.776461 0.409228 0.904462 -0.120341 0.306517 -0.012048 0.951789 -0.859407 0.426385 0.282163
1.979414 -16.277279 45.739199 10.598933 0.338990 0.933386 -0.117798 0.546053 -0.093245 0.832545 -0.766102 0.346549 0.541287
-0.120210 -18.499241 -39.342361 -208.750713 0.334339 0.935130 0.117259 0.635212 -0.131681 -0.761029 0.696220 -0.328927 0.638032
0.002462 -20.108158 11.867156 -234.884812 0.301591 0.946691 0.113222 0.710902 -0.144148 -0.688360 0.635343 -0.288093 0.716478
-0.024867 -22.651607 -21.394769 -182.892376 0.342313 0.935488 0.087662 0.434626 -0.074937 -0.897488 0.833020 -0.345322 0.432239
-0.217983 -16.613753 -23.356065 -207.769211 0.297135 0.944772 0.138264 0.797909 -0.166148 -0.579427 0.524454 -0.282490 0.803210
-0.242698 -19.498246 -20.743811 -189.764415 0.335368 0.938021 0.087434 0.504886 -0.100600 -0.857304 0.795373 -0.331657 0.507331
-0.270112 -17.669400 -11.129546 -165.024887 0.309933 0.943851 0.114395 0.671241 -0.132014 -0.729388 0.673332 -0.302848 0.674467
-0.967105 -19.953596 -78.506998 122.935309 0.117317 0.970215 -0.211942 -0.738916 0.227866 0.634098 -0.663505 -0.082217 -0.743640
-0.102870 -20.092691 -113.621671 9.192395 0.142394 0.953241 -0.266563 -0.799911 0.269440 0.536231 -0.582980 -0.136871 -0.800875
0.626486 -18.793060 -117.801488 365.765779 0.132182 0.957388 -0.256781 -0.565493 0.285596 0.773726 -0.814092 -0.042935 -0.579147
-0.322898 -18.269980 -57.146921 378.342246 0.115387 0.974535 -0.192269 -0.496692 0.224232 0.838461 -0.860223 0.001249 -0.509917
-1.602301 -19.504108 -16.535029 180.047200 0.092984 0.985768 -0.140058 -0.698117 0.164845 0.696749 -0.709920 -0.032991 -0.703509
-2.163620 -4.622531 79.152228 3.363589 -0.363522 0.761802 -0.536199 -0.114780 -0.607817 -0.785738 0.924488 0.224088 -0.308395
-3.351525 -4.660885 86.982585 15.747731 -0.340352 0.707525 -0.619330 -0.129458 -0.687639 -0.714418 0.931344 0.162976 -0.325634
-1.314378 -3.820074 110.953059 -28.005191 -0.425075 0.559738 -0.711340 0.087150 0.807531 0.583351 0.900953 0.185975 -0.392042
-0.477613 -3.817964 81.590572 -26.985233 -0.408651 0.687020 -0.600840 0.110160 0.690632 0.714768 0.906018 0.225902 -0.357909
0.839190 -2.770503 137.370855 -22.218182 -0.451055 0.416345 -0.789435 0.036053 0.892302 0.449997 0.891768 0.174512 -0.417487
0.647786 -2.706087 205.484255 -14.351265 -0.474169 0.213832 -0.854072 -0.006220 0.969221 0.246115 0.880412 0.122013 -0.458245
1.648630 -0.925375 69.547401 103.036815 -0.075894 0.908003 0.412033 -0.318632 0.369474 -0.872905 0.944835 0.197535 -0.261278
2.954037 -1.715275 56.643888 111.028675 0.010603 0.869732 0.493411 -0.314077 0.471363 -0.824119 0.949338 0.146231 -0.278161
2.370962 -2.643820 98.032180 71.383692 -0.067414 0.899299 0.432108 -0.265996 0.401218 -0.876510 0.961614 0.174028 -0.212162
-0.022312 -18.162819 -25.092003 -25.317239 0.088837 0.984371 0.152058 0.620466 -0.174114 0.764661 -0.779186 -0.026416 0.626236
-0.155424 -18.279775 -19.416970 62.479676 0.117431 0.978466 0.169749 0.810340 -0.193223 0.553186 -0.574073 -0.072593 0.815580
-0.005006 -17.081444 6.578149 -42.367425 0.108795 0.984130 0.140184 0.675783 -0.176644 0.715621 -0.729027 -0.016877 0.684277
3.973889 -27.858927 -32.182795 333.392612 -0.173438 0.959611 -0.221508 0.407473 -0.134843 -0.903207 0.896596 0.246909 0.367628
2.588368 -30.824925 37.424667 147.324021 -0.257579 0.948165 -0.186105 0.659014 0.031530 -0.751470 0.706650 0.316209 0.632975
3.478100 -30.251606 96.304922 392.691903 -0.292598 0.933363 -0.207895 0.390504 -0.081823 -0.916958 0.872865 0.349484 0.340540
5.282265 -25.244879 -0.442731 546.245221 -0.206360 0.947429 -0.244527 0.110770 -0.225680 -0.967884 0.972186 0.226819 0.058375
4.735762 -23.055578 -105.822291 385.937205 -0.093445 0.959463 -0.265892 0.164680 -0.248488 -0.954534 0.981911 0.132983 0.134785
-4.128033 -9.695141 40.594186 90.396102 -0.434281 0.786096 -0.439832 0.680445 0.606243 0.411659 -0.590249 0.120506 0.798176
-3.503972 -9.436749 -100.220294 85.088275 0.486091 -0.672474 0.558117 0.598713 0.721481 0.347862 -0.636599 0.165059 0.753324
-3.097506 -10.072069 -65.886837 -5.255807 0.493846 -0.683194 0.537924 0.492168 0.729609 0.474807 -0.716860 0.030268 0.696560
-3.902082 -10.446319 -2.358035 34.633055 -0.448418 0.809797 -0.378353 0.624084 0.586691 0.516054 -0.639875 0.004716 0.768464
1.050645 -31.557984 59.379038 -421.559295 -0.409134 0.910412 0.061318 0.819896 0.396286 -0.413192 0.400474 0.118777 0.908577
1.198505 -35.858744 10.629001 -708.470894 -0.389488 0.919963 0.044347 0.725840 0.336229 -0.600089 0.566971 0.201539 0.798703
1.305836 -37.487078 39.302574 -746.589922 -0.376673 0.925704 0.034492 0.654564 0.292323 -0.697204 0.655487 0.240040 0.716043
4.117308 -46.247049 -138.667668 -1323.619216 -0.448625 0.839702 0.306000 0.114079 0.393392 -0.912266 0.886410 0.374356 0.272278
11.011626 -144.004303 -464.027288 -8036.887730 -0.389786 0.896485 0.210668 -0.005542 0.226474 -0.974001 0.920889 0.380819 0.083308
1.594325 -51.874771 -179.032401 -1909.133881 -0.406654 0.895079 0.182938 0.394310 0.352591 -0.848646 0.824107 0.272971 0.496321
30.029376 -2557.017629 -4321.775133 -170216.216822 -0.501139 0.808330 0.308969 0.416037 0.538119 -0.733035 0.758797 0.238810 0.605968
2.533355 -5.979816 -33.751892 6.763250 0.065563 0.997701 0.017176 0.890520 -0.050736 -0.452105 0.450194 -0.044937 0.891799
3.282964 -6.197862 -14.094774 13.352626 0.073972 0.997163 -0.013909 0.931517 -0.074069 -0.356075 0.356096 -0.013384 0.934354
2.810845 -6.003851 -11.112244 6.743458 0.086704 0.995553 -0.036823 0.886794 -0.093969 -0.452511 0.453959 -0.006580 0.890998
-2.569169 -6.592143 -8.033500 -24.648196 0.386449 -0.481938 0.786380 0.807517 0.588743 -0.036021 -0.445615 0.648935 0.616693
-2.591039 -6.320136 0.993909 -13.073987 0.442992 -0.486421 0.753095 0.753265 0.657459 -0.018442 -0.486158 0.575450 0.657653
-2.379002 -6.705561 1.356883 -45.669325 0.485737 -0.464397 0.740537 0.782509 0.608566 -0.131631 -0.389537 0.643415 0.658998
0.252821 -13.663098 -30.604795 -24.031140 -0.130265 0.988638 0.075011 0.886286 0.082197 0.455787 -0.444442 -0.125854 0.886923
0.462485 -14.529434 -27.117249 -94.969271 -0.092478 0.993040 0.072933 0.965983 0.071710 0.248463 -0.241504 -0.093430 0.965892
-0.030250 -13.027536 -54.715104 -57.284764 -0.119690 0.988202 0.095561 0.945576 0.084131 0.314338 -0.302589 -0.127983 0.944489
-0.278629 -13.015789 -30.932410 -2.323593 -0.144687 0.987584 0.061187 0.870820 0.097730 0.481789 -0.469827 -0.122992 0.874148
3.915692 -6.753462 22.903520 8.167110 0.141942 0.989407 -0.030437 0.792133 -0.095094 0.602895 -0.593614 0.109686 0.797240
2.920172 -6.516942 115.959025 7.222175 0.207555 0.975342 -0.075024 0.764486 -0.113878 0.634502 -0.610313 0.189049 0.769271
3.300604 -6.620777 103.643361 10.980490 0.158963 0.983968 -0.080862 0.842869 -0.092605 0.530091 -0.514104 0.152420 0.844077
3.960837 -6.930672 23.424630 1.975233 0.105765 0.992385 -0.063126 0.893438 -0.066966 0.444166 -0.436557 0.103376 0.893718
4.128613 -7.091068 -13.989851 0.488533 0.103357 0.994564 -0.012671 0.840003 -0.080459 0.536583 -0.532647 0.066103 0.843752
2.366094 -6.371072 151.120584 1.566237 0.137969 0.980873 -0.137303 0.895752 -0.064423 0.439861 -0.422603 0.183677 0.887508
-0.767459 -10.166437 1.032796 -15.900147 -0.107775 0.993736 -0.029549 0.164642 0.047152 0.985226 -0.980448 -0.101318 0.168693
-0.823760 -10.635564 20.566358 -1.385099 -0.099863 0.994947 -0.010410 0.239182 0.034160 0.970374 -0.965826 -0.094415 0.241385
-0.786392 -10.279803 20.902690 10.293481 -0.084813 0.996337 0.010910 0.371035 0.021418 0.928372 -0.924738 -0.082786 0.371492
-200.435393 -1992.193504 847.188231 -58268.931016 0.805833 -0.273628 -0.525129 0.519577 -0.098640 0.848711 0.284030 0.956764 -0.062683
-45.185716 -87.424273 -2701.344890 8742.482816 0.942990 -0.291779 -0.160107 -0.021261 -0.532891 0.845917 0.332140 0.794287 0.508714
-73.631727 -152.521008 -3898.455884 8964.165127 0.903148 -0.332656 -0.271411 0.051473 -0.543717 0.837689 0.426233 0.770527 0.473934
-29.117524 -281.130246 -436.695634 14667.216667 0.864336 -0.394672 0.311701 -0.362180 -0.058474 0.930272 0.348926 0.916959 0.193483
-221.032680 -496.338010 -2604.148123 27729.849451 0.627368 -0.019921 0.778468 -0.615292 0.600059 0.511220 0.477311 0.799708 -0.364200
-1.616336 -57.370566 93.405583 -2889.769824 0.987566 -0.151519 0.041889 -0.136205 -0.691668 0.709256 0.078493 0.706143 0.703706
0.793269 -24.254076 -37.446270 -830.149129 0.879138 -0.408330 0.245730 -0.465198 -0.623328 0.628532 0.103478 0.666880 0.737946
8.330587 -244.889889 433.425948 -13628.871363 0.999818 0.014808 0.012057 0.004500 -0.796304 0.604880 -0.018558 0.604715 0.796226
-1.035587 -224.516165 -385.021935 -10889.726062 0.949265 -0.235920 0.207935 -0.312035 -0.788840 0.529495 -0.039109 0.567515 0.822434
14.255247 -1330.621800 -1113.384958 -71566.263210 0.974238 -0.151474 0.167080 -0.173512 -0.976704 0.126263 -0.144062 0.152000 0.977825
-7.031854 -11.372666 66.502632 88.378628 0.041097 0.998796 -0.026772 -0.666846 0.007465 -0.745158 0.744061 -0.048477 -0.666351
-9.935794 -12.702279 99.446965 261.731662 0.442456 0.830535 0.338298 -0.533503 0.546989 -0.645118 0.720838 -0.104953 -0.685111
-5.716222 -10.006368 -36.163808 101.145788 -0.139205 0.979760 -0.143845 -0.741786 -0.199401 -0.640306 0.656030 -0.017568 -0.754531
8.065024 -14.568168 57.178848 139.773079 0.674868 0.655893 0.338166 -0.558075 0.153810 0.815411 -0.482809 0.739017 -0.469840
8.307413 -13.900260 15.201034 74.457648 0.633401 0.732913 0.248277 -0.513217 0.157749 0.843637 -0.579147 0.661781 -0.476062
8.874439 -15.025640 -16.643157 37.516305 0.658159 0.703084 0.269258 -0.609403 0.287489 0.738903 -0.442103 0.650402 -0.617675
7.454953 -12.178940 52.771534 174.020966 0.658383 0.692230 0.295549 -0.418056 0.009785 0.908369 -0.625909 0.721610 -0.295833
8.647560 -15.253562 26.667591 -2.164878 0.685889 0.637249 0.351382 -0.660916 0.343428 0.667269 -0.304542 0.689906 -0.656722
6.867378 -14.882535 142.791114 131.737499 0.706406 0.537146 0.460938 -0.622939 0.162612 0.765183 -0.336061 0.827666 -0.449479
6.617934 -12.657998 91.511839 211.883393 0.696347 0.598261 0.396464 -0.487239 -0.011536 0.873192 -0.526971 0.801218 -0.283463
-3.531953 -11.728454 -68.476856 -94.715855 0.416408 0.898189 0.140930 -0.777202 0.432092 -0.457442 0.471764 -0.080951 -0.878001
-3.948173 -13.186450 -36.046823 -88.709449 0.354136 0.926564 0.126754 -0.882665 0.375946 -0.282075 0.309013 0.011988 -0.950982
-0.152274 -5.395313 -11.095215 122.689548 -0.092999 0.992349 0.081213 0.377647 -0.040316 0.925071 -0.921267 -0.116701 0.371008
-0.241702 -6.255288 -11.306025 0.939690 -0.099968 0.993733 0.050008 0.270602 -0.021212 0.962458 -0.957487 -0.109747 0.266786
0.012763 -6.590834 -8.638077 -5.544629 -0.098698 0.993471 0.057219 0.266561 -0.029004 0.963382 -0.958751 -0.110336 0.261958
-2.417400 -5.660080 130.868386 182.533838 -0.125178 0.989482 0.072495 -0.432169 0.011392 -0.901720 0.893062 0.144206 -0.426198
-3.623524 -7.556143 168.125612 59.787395 -0.101313 0.984628 0.142278 -0.305918 0.105251 -0.946222 0.946652 0.139390 -0.290553
-4.623374 -6.377038 -36.176112 165.821994 0.177827 0.832703 0.524388 -0.394972 0.548471 -0.737005 0.901318 0.076059 -0.426427
-0.851774 -2.700702 -82.653304 121.330455 0.204200 0.823629 0.529092 -0.488952 0.554045 -0.673765 0.848073 0.121118 -0.515851
0.028723 -4.106962 104.984823 173.612054 -0.147863 0.985625 0.081737 -0.471742 0.002351 -0.881734 0.869251 0.168934 -0.464612
-2.343716 -4.191873 240.936598 141.643111 -0.344857 -0.650489 -0.676710 -0.391499 0.754913 -0.526151 0.853113 0.083485 -0.515003
-0.432679 -8.476972 -30.504974 54.265776 0.238478 -0.949257 -0.205035 0.946422 0.179831 0.268227 -0.217744 -0.258016 0.941284
-0.104442 -8.660981 25.451622 79.359402 -0.256347 0.945712 0.199786 0.926848 0.181846 0.328457 -0.274296 -0.269371 0.923147
-0.791280 -8.500517 -51.162396 31.162842 0.207395 -0.957290 -0.201453 0.946905 0.144728 0.287098 -0.245680 -0.250299 0.936478
0.044760 -10.858820 -5.151305 40.452966 -0.333448 0.929772 0.156002 0.238879 -0.076748 0.968012 -0.912003 -0.360047 0.196512
-0.490909 -10.899755 -2.695622 28.940789 -0.325303 0.933454 0.151132 0.056130 -0.140482 0.988491 -0.943943 -0.330042 0.006695
-0.921785 -10.657963 -42.678067 11.577278 -0.347454 0.923645 0.161725 0.070753 -0.146155 0.986728 -0.935024 -0.354285 0.014569
-0.873356 -10.616720 -41.895816 7.308185 -0.342099 0.921943 0.181626 0.217613 -0.110303 0.969782 -0.914119 -0.371286 0.162892
3.559551 -15.466673 128.883327 76.006814 0.474445 0.869256 0.138911 0.112620 -0.216444 0.969778 -0.873052 0.444462 0.200586
1.981332 -15.508816 80.283132 -35.379316 0.473950 0.871023 0.129193 0.030172 -0.162696 0.986215 -0.880035 0.463519 0.103391
1.146245 -15.305353 65.706642 2.262071 0.482528 0.868724 0.111740 0.181874 -0.224170 0.957429 -0.856790 0.441664 0.266166
0.420692 -18.840196 -13.816429 232.333821 0.253430 0.944027 0.211155 0.878402 -0.133145 -0.459002 0.405196 -0.301804 0.862978
-0.222170 -13.597841 61.653946 -24.794741 0.487742 0.853320 0.184262 -0.371488 0.011869 0.928362 -0.790003 0.521252 -0.322788
-0.236810 -14.061653 76.423003 67.243390 0.482584 0.851848 0.203635 -0.506077 0.081442 0.858635 -0.714842 0.517418 -0.470403
1.923716 -6.403618 -21.682476 5.665832 -0.449973 0.865164 0.221393 -0.392353 -0.414223 0.821266 -0.802236 -0.282684 -0.525839
1.793903 -6.265857 -59.113493 17.110615 -0.541890 0.786799 0.295472 -0.289865 -0.504956 0.813018 -0.788881 -0.354919 -0.501696
-0.760640 -7.036870 -16.939241 -0.543881 0.083585 -0.974315 -0.209104 0.981994 0.116209 -0.148942 0.169416 -0.192890 0.966484
-0.202746 -6.804099 28.820550 -15.839228 -0.009618 0.981868 0.189321 0.956318 0.064351 -0.285158 0.292170 -0.178308 0.939597
-0.314680 -6.548297 40.783432 -6.599631 -0.045403 0.982105 0.182778 0.983903 0.075619 -0.161913 0.172837 -0.172484 0.969730
-0.749215 -6.778137 -31.202845 18.895522 0.135170 -0.969428 -0.204790 0.988058 0.147312 -0.045179 0.073966 -0.196237 0.977763
-0.165522 -17.500026 5.279101 206.310990 0.283439 0.955191 -0.085280 -0.911818 0.240883 -0.332510 0.297068 -0.172006 -0.939236
15.565390 -1296.575224 -230.025354 151190.677508 0.880693 0.032077 -0.472599 0.457467 -0.316442 0.831017 0.122894 0.948069 0.293362
-3.595570 -108.278066 -375.397152 5441.428308 0.908952 0.184942 -0.373635 0.290574 -0.923705 0.249672 0.298954 0.335509 0.893342
-0.419561 -111.742896 -525.799608 -5491.617962 0.855384 0.329670 -0.399545 -0.388898 0.918227 -0.074950 0.342164 0.219493 0.913645
-17.200230 -258.299125 -625.850231 -3775.097876 -0.617488 0.755616 0.218524 0.237754 0.444117 -0.863848 0.749788 0.481460 0.453888
-6.446540 -91.603438 -17.474693 1921.579273 -0.661885 0.741967 0.106740 -0.049954 0.098420 -0.993890 0.747939 0.663173 0.028079
-10.721415 -228.596445 166.746580 11705.942882 -0.709259 0.633001 0.310261 -0.034902 0.408047 -0.912293 0.704084 0.657881 0.267318
1.354733 -6.345202 -50.465560 -12.980080 -0.134512 0.987943 -0.076644 -0.871302 -0.081082 0.484003 -0.471953 -0.131885 -0.871703
1.348884 -6.562542 -35.386910 -18.770400 -0.153716 0.985598 -0.070489 -0.811078 -0.085108 0.578714 -0.564380 -0.146130 -0.812479
0.717360 -6.450456 -6.373611 -14.334300 -0.169720 0.983790 -0.057908 -0.858203 -0.118658 0.499408 -0.484441 -0.134456 -0.864429
-0.817904 -5.399972 -16.994762 19.703984 -0.131625 0.989138 -0.065434 -0.300740 0.023052 0.953428 -0.944580 -0.145173 -0.294439
2.558118 -2.292101 94.821543 56.371677 0.250626 0.964600 -0.082053 0.142709 0.047020 0.988647 -0.957508 0.259491 0.125872
2.364553 -3.136602 91.849194 56.196445 0.255272 0.964470 -0.068068 0.103334 0.042783 0.993726 -0.961331 0.260704 0.088741
1.260549 -3.714937 95.736645 54.975582 0.284078 0.956837 -0.061339 0.064564 0.044740 0.996910 -0.956625 0.287160 0.049067
-0.896684 -4.110390 -8.402710 -25.685985 -0.438424 0.845852 0.303841 -0.688623 -0.533383 0.491224 -0.577566 -0.006132 -0.816321
-0.906388 -4.629699 -19.171777 -51.893261 -0.537718 0.751526 0.382188 -0.562201 -0.657413 0.501734 -0.628322 -0.054925 -0.776012
1.060572 -46.031815 -7.455452 1714.912740 0.139479 0.987227 0.077002 0.928433 -0.157419 0.336500 -0.344323 -0.024556 0.938530
-5.539532 -265.306110 119.573849 13893.666723 0.985666 -0.076726 -0.150249 0.149358 0.810981 0.565687 -0.078446 0.580020 -0.810817
-1.016607 -31.289035 -18.367190 1380.171568 0.894002 -0.362736 -0.263025 0.420037 0.474130 0.773803 0.155978 0.802262 -0.576235
-2.906275 -51.759383 -43.812622 2238.828011 0.948336 -0.234876 -0.213291 0.313540 0.591032 0.743219 0.048502 0.771696 -0.634139
2.203032 -191.626409 -89.870150 10107.091403 0.872356 -0.370544 -0.318891 0.483003 0.552511 0.679294 0.075517 0.746612 -0.660960
-6.843339 -106.407512 -130.564887 4630.383527 0.955531 -0.151290 -0.253124 0.229020 0.921457 0.313793 -0.185770 0.357809 -0.915130
-5.541117 -143.896129 174.873126 3844.987893 -0.923734 0.231119 0.305450 0.180772 0.966100 -0.184313 -0.337694 -0.115040 -0.934200
-1.711962 -346.146385 44.177132 21137.802595 -0.939058 0.206534 0.274799 0.204489 0.978192 -0.036399 -0.276323 0.022012 -0.960813
-3.261096 -138.691247 149.942526 6145.058324 0.961520 -0.172676 -0.213688 0.263078 0.802856 0.534987 -0.079181 0.570618 -0.817390
-0.823294 -11.359241 -6.608255 43.857819 -0.018282 0.999410 -0.029077 -0.679079 -0.033757 -0.733288 0.733837 -0.006340 -0.679296
-0.717230 -11.008550 -3.652361 20.082302 -0.021930 0.999472 -0.023981 -0.745680 -0.032330 -0.665520 0.665943 -0.003287 -0.745995
-0.884826 -11.164737 -6.282547 39.197226 -0.029488 0.999446 -0.015406 -0.741236 -0.032204 -0.670471 0.670596 0.008352 -0.741775
-1.111097 -10.746077 -14.450597 26.636376 -0.039785 0.999191 -0.005828 -0.775611 -0.034559 -0.630265 0.629957 0.020554 -0.776358
-1.078550 -11.362035 -36.495608 58.621493 -0.017074 0.999724 -0.016155 -0.670656 -0.023434 -0.741398 0.741572 0.001824 -0.670871
-5.599768 -8.693230 1.724405 -30.118419 -0.680243 0.653800 0.331384 0.179619 0.587002 -0.789409 0.710638 0.477467 0.516738
-6.056642 -9.227578 31.679153 -35.532469 -0.668680 0.693987 0.266926 0.121937 0.456478 -0.881339 0.733484 0.556786 0.389860
-1.867767 -6.031782 -515.438974 11.965076 0.997277 -0.039116 -0.062525 -0.069070 -0.792599 -0.605819 0.025860 -0.608487 0.793142
2.241092 -8.074449 -109.391157 -344.884696 -0.166629 0.553273 -0.816164 -0.649185 0.561460 0.513149 0.742155 0.615347 0.265621
2.526800 -4.796115 -81.756550 -162.572310 -0.157497 0.527440 -0.834867 -0.631519 0.596155 0.495765 0.759196 0.605315 0.239195
2.216033 -6.649357 -47.025995 -288.013490 -0.111642 0.542452 -0.832636 -0.635019 0.605546 0.479651 0.764387 0.582289 0.276863
2.762187 -2.690155 -37.537542 9.643916 -0.149410 0.514380 -0.844447 -0.647221 0.594774 0.476810 0.747517 0.617784 0.244053
2.552702 -3.846841 -36.478985 -120.585293 -0.116265 0.543432 -0.831363 -0.628749 0.607697 0.485159 0.768868 0.579126 0.271028
-2.850331 -4.108422 -49.738252 -10.033363 0.621751 0.630416 0.464759 -0.170105 0.687927 -0.705564 -0.764519 0.359627 0.534956
-2.553457 -4.964445 -16.774045 31.216072 0.511719 0.843179 0.164903 0.328922 -0.369580 0.869034 -0.793696 0.390461 0.466461
-2.195616 -4.550483 -5.042305 28.374399 0.575341 0.738648 0.351259 0.275131 -0.579209 0.767346 -0.770251 0.344843 0.536468
-0.491514 -6.728190 -16.681985 35.363127 -0.051337 0.990680 0.126168 0.979744 0.074446 -0.185900 0.193560 -0.114069 0.974435
-0.476139 -6.822875 -18.318683 18.459938 -0.050011 0.989277 0.137224 0.980894 0.074515 -0.179709 0.188007 -0.125614 0.974102
-0.408386 -6.751607 2.263215 -13.922248 -0.054946 0.990182 0.128530 0.970334 0.083305 -0.226963 0.235442 -0.112246 0.965385
-1.646747 -6.038126 -17.476693 5.845714 -0.006815 0.971798 0.235718 0.082027 0.235472 -0.968413 0.996607 -0.012735 0.081318
-1.712502 -5.963833 -0.058066 3.809722 -0.054137 0.955947 0.288505 0.116829 0.293009 -0.948945 0.991675 0.017667 0.127545
-1.559797 -5.707874 -1.822592 -25.800708 -0.052343 0.951216 0.304053 0.238891 0.307557 -0.921054 0.969635 -0.024425 0.243335
0.815278 -7.784620 25.155302 34.958233 -0.112588 -0.984099 -0.137378 0.991186 -0.101516 -0.085122 0.069822 -0.145751 0.986854
0.543204 -7.897664 22.858594 -60.081483 -0.153565 -0.976632 -0.150358 0.980218 -0.131333 -0.148069 0.124862 -0.170122 0.977480
0.610406 -7.670289 28.907881 50.508793 -0.075978 -0.985533 -0.151501 0.997064 -0.073633 -0.021036 0.009576 -0.152654 0.988233
0.957278 -8.335014 22.602745 -62.773585 -0.170721 -0.976822 -0.129124 0.973631 -0.147116 -0.174358 0.151320 -0.155485 0.976180
1.001013 -8.433561 24.011706 99.067436 -0.037543 -0.990866 -0.129516 0.998766 -0.041422 0.027385 -0.032499 -0.128328 0.991199
1.160192 -8.620791 27.424164 58.402699 -0.088044 -0.987696 -0.129248 0.994965 -0.080960 -0.059085 0.047894 -0.133800 0.989850
3.050534 -15.589917 -20.169484 11.608320 0.232076 0.966117 -0.112952 0.461344 -0.007097 0.887193 -0.856330 0.258006 0.447360
2.381350 -15.475098 -12.085740 19.794944 0.257856 0.961176 -0.098240 0.611630 -0.083674 0.786707 -0.747944 0.262944 0.609460
