12030
24042
-6.135802 -7.590427 68.971108 97.388730 -0.668485 0.726841 -0.157577 -0.583272 -0.643816 -0.495272 0.461434 0.239171 -0.854327
-6.996597 -9.060296 45.473299 114.313942 -0.512890 0.858085 -0.025192 -0.669454 -0.418168 -0.613977 0.537379 0.298038 -0.788922
-7.159289 -10.637749 -47.545649 263.468231 0.094065 0.942752 0.319955 -0.834324 0.249996 -0.491330 0.543190 0.220729 -0.810076
-5.727523 -8.463516 2.187798 -80.256701 -0.762559 0.628694 -0.152473 0.444864 0.680731 0.581980 0.469681 0.375964 -0.798781
-5.466679 -7.305293 -59.692652 183.020562 -0.094574 0.988264 0.119961 -0.895460 -0.031797 -0.444005 0.434980 0.149412 -0.887958
-4.534075 -6.581702 31.699333 -68.514172 -0.839008 0.462844 -0.286080 0.360852 0.866818 0.344110 0.407249 0.185478 -0.894285
-4.805385 -7.418564 17.240688 -46.671242 -0.846130 0.466818 -0.257186 0.328965 0.837086 0.437115 0.419340 0.285251 -0.861850
-4.765182 -9.399731 7.091945 -40.200769 0.994912 -0.075390 0.066833 -0.030270 0.409035 0.912016 0.096094 0.909399 -0.404672
-4.971261 -9.133940 27.217656 -31.030296 0.999335 0.010283 0.034982 -0.035894 0.446064 0.894281 0.006409 0.894942 -0.446137
-5.045773 -9.554722 29.641882 -35.238660 0.999815 0.003276 0.018930 -0.019052 0.295798 0.955060 0.002470 0.955245 -0.295806
-4.766003 -9.829795 -0.736008 -26.221389 0.995961 -0.085770 0.026542 -0.005819 0.233346 0.972376 0.089594 0.968604 -0.231905
-4.979755 -9.767638 28.492134 2.991380 0.999879 0.002778 -0.015322 0.014914 0.112173 0.993577 -0.004479 0.993685 -0.112118
0.001049 -7.301890 -20.543894 -4.771703 0.060824 0.981790 -0.179968 -0.887694 0.135649 0.439998 -0.456398 -0.132994 -0.879780
-0.033186 -7.296522 -14.577708 1.762874 0.066976 0.981669 -0.178438 -0.836565 0.152715 0.526153 -0.543758 -0.114035 -0.831458
-0.211866 -7.554484 -11.314655 2.099736 0.046480 0.985168 -0.165179 -0.905495 0.111377 0.409481 -0.421804 -0.130536 -0.897241
-0.162122 -7.289644 -27.957939 0.850110 0.037868 0.983803 -0.175208 -0.940456 0.094357 0.326556 -0.337799 -0.152410 -0.928797
-0.426025 -7.468200 -10.957902 -3.629495 0.010251 0.987481 -0.157404 -0.960594 0.053451 0.272768 -0.277767 -0.148405 -0.949116
-0.506632 -7.764793 4.990554 7.594158 0.017628 0.989561 -0.143032 -0.934453 0.067190 0.349690 -0.355650 -0.127492 -0.925883
-1.899656 -3.843760 -27.858791 73.909816 0.379615 0.897374 0.224974 -0.399138 0.378243 -0.835237 0.834615 -0.227273 -0.501762
-1.792593 -4.862564 -100.247997 67.327347 0.417826 0.893575 0.164147 -0.341646 0.321948 -0.882965 0.841843 -0.312846 -0.439804
-0.067291 -3.645088 -154.254004 51.926659 0.494834 0.818435 0.292066 -0.329916 0.487872 -0.808168 0.803924 -0.303552 -0.511431
1.373178 -2.808391 -182.749653 29.915997 0.496868 0.813695 0.301700 -0.363497 0.510820 -0.779059 0.788030 -0.277422 -0.549586
-1.129147 -2.825199 -77.090635 52.109071 0.465953 0.813379 0.348285 -0.365373 0.535377 -0.761495 0.805848 -0.227567 -0.546647
3.184373 -3.409152 -198.423033 30.847050 0.483267 0.825933 0.290323 -0.319258 0.475043 -0.820005 0.815185 -0.303594 -0.493258
1.509333 -13.455940 -13.505952 4.865613 -0.504428 0.863433 -0.005903 0.595399 0.352774 0.721838 -0.625342 -0.360601 0.692037
1.298175 -12.706863 2.560774 8.326901 -0.525497 0.850712 -0.011961 0.578490 0.367580 0.728172 -0.623861 -0.375732 0.685290
1.712125 -13.207395 -9.263768 -16.052724 -0.523949 0.851017 -0.035323 0.445311 0.309047 0.840350 -0.726068 -0.424571 0.540892
2.669655 -13.140817 -63.894371 -70.070395 -0.529121 0.847995 -0.030592 0.302003 0.221886 0.927125 -0.792985 -0.481322 0.373502
2.286145 -14.019721 -48.158609 -35.629491 -0.495031 0.868795 -0.011829 0.493142 0.292145 0.819428 -0.715370 -0.399809 0.573060
-0.136678 -17.171426 -9.120816 -98.884682 0.524899 0.826799 -0.202200 -0.790768 0.561583 0.243537 -0.314908 -0.032061 -0.948581
-0.330973 -16.292955 -20.139565 -79.993153 0.522406 0.828451 -0.201895 -0.794912 0.558834 0.236262 -0.308557 -0.037064 -0.950483
-0.139354 -15.462080 -5.441735 129.354385 0.549918 0.811549 -0.197429 0.828844 -0.559404 0.009184 -0.102989 -0.168688 -0.980274
-0.159096 -16.914127 -14.542579 117.744172 0.550189 0.805498 -0.220148 0.824838 -0.565325 -0.007050 -0.130134 -0.177707 -0.975441
-0.177576 -18.581380 6.737097 -146.187415 0.524536 0.829056 -0.193722 -0.785109 0.559032 0.266621 -0.329341 -0.012240 -0.944132
0.047132 -18.287178 12.147060 -8.675500 0.511684 0.841367 -0.174017 -0.677902 0.519794 0.519867 -0.527852 0.148041 -0.836335
-0.096511 -17.777840 -11.803398 15.062592 0.499495 0.846816 -0.182776 -0.689668 0.516374 0.507658 -0.524273 0.127518 -0.841948
-0.221875 -2.776107 -20.559216 12.265649 -0.211588 0.864231 0.456438 -0.049945 0.456841 -0.888145 0.976082 0.210717 0.053498
-0.752949 -2.282784 -11.207414 -15.031135 -0.226082 0.854989 0.466778 0.002827 0.479759 -0.877396 0.974104 0.197043 0.110882
-0.407937 -2.701520 -25.709843 -8.243726 -0.211209 0.801433 0.559550 -0.006856 0.571236 -0.820758 0.977417 0.177188 0.115156
-0.157081 -15.123642 30.607528 306.091048 -0.025505 -0.967131 -0.252997 0.984389 -0.068385 0.162180 -0.174151 -0.244911 0.953777
-0.414959 -20.863670 -48.955112 551.189920 0.008975 0.966232 0.257518 0.933194 -0.100617 0.345001 -0.359262 -0.237218 0.902584
0.059978 -20.784621 -28.389148 486.230507 0.018690 0.966073 0.257593 0.925458 -0.114220 0.361223 -0.378390 -0.231640 0.896194
0.116914 -16.401649 13.277086 297.031176 -0.042182 -0.968689 -0.244669 0.982635 -0.084511 0.165183 -0.180688 -0.233452 0.955433
-0.154899 -12.512943 3.579740 -6.333977 -0.059588 -0.970854 -0.232147 0.997403 -0.067332 0.025569 -0.040454 -0.230020 0.972345
0.940150 -19.173695 -23.534460 -98.448365 0.457689 0.889105 -0.003594 0.173383 -0.085287 0.981155 -0.872043 0.449687 0.193190
0.611206 -17.396009 3.443054 -117.850417 0.484794 0.873783 0.038433 0.207449 -0.157564 0.965473 -0.849670 0.460083 0.257652
0.461876 -16.586824 6.051004 -2.820753 0.473550 0.880586 -0.017861 0.041389 -0.001992 0.999141 -0.879794 0.473883 0.037390
0.346844 -16.056960 7.592977 93.701818 0.464582 0.882966 -0.067344 -0.120829 0.138546 0.982958 -0.877248 0.448527 -0.171053
0.448041 -17.091309 21.841686 80.579796 0.481055 0.872520 -0.085412 -0.145679 0.175628 0.973618 -0.864502 0.455921 -0.211594
0.472362 -18.120177 -9.973815 74.903171 0.463767 0.883942 -0.059717 0.000030 0.067389 0.997727 -0.885957 0.462715 -0.031227
0.396766 -18.774208 18.659167 85.534323 0.122656 0.980917 0.150855 -0.974026 0.089828 0.207854 -0.190337 0.172431 -0.966457
0.736683 -17.837353 -3.604292 -41.484427 0.152447 0.982217 0.109586 0.986522 -0.144563 -0.076658 -0.059453 0.119796 -0.991017
0.788439 -18.530636 26.617899 -33.973197 0.127808 0.980128 0.151705 -0.980485 0.147901 -0.129514 0.149378 0.132191 -0.979904
-5.486024 -21.843120 -60.683066 -402.175435 -0.296713 0.938884 0.174522 -0.762221 -0.342934 0.549013 -0.575309 -0.029875 -0.817390
-3.982948 -17.088718 -12.230518 -225.863406 -0.254451 0.948840 0.186970 -0.899144 -0.303297 0.315516 -0.356082 0.087829 -0.930318
-3.773028 -19.015497 -49.737039 -408.283747 -0.386537 0.904203 0.181675 -0.805025 -0.426905 0.411931 -0.450027 -0.012974 -0.892921
-2.953831 -5.267296 -21.798814 -54.068715 0.124289 0.991326 -0.042725 -0.530819 0.102808 0.841226 -0.838322 0.081876 -0.538992
-2.576069 -5.914472 -56.079679 -40.851491 0.027275 0.999595 -0.008131 -0.486032 0.020369 0.873704 -0.873516 0.019878 -0.486390
-3.180135 -6.092803 -20.083077 -34.013587 0.089084 0.995854 0.018432 -0.435463 0.022298 0.899930 -0.895788 0.088196 -0.435644
-2.602499 -6.233366 -51.748893 -9.258104 0.047189 0.998343 -0.032931 -0.376995 0.048330 0.924953 -0.925012 0.031233 -0.378651
-3.309229 -5.463142 16.817709 -66.372067 0.205801 0.978087 -0.031502 -0.485462 0.129991 0.864540 -0.849690 0.162630 -0.501576
-2.971590 -6.198771 -39.626826 11.933327 0.104254 0.992140 -0.069204 -0.279146 0.095977 0.955440 -0.954573 0.080290 -0.286958
-3.434778 -6.407847 -5.535037 -37.757813 0.144532 0.989306 0.019607 -0.384319 0.037865 0.922424 -0.911817 0.140855 -0.385681
-6.645682 -13.109570 226.121399 218.921823 -0.439799 0.881299 -0.172884 -0.802936 -0.472082 -0.363914 0.402332 0.021235 -0.915248
-5.626273 -20.161086 92.145433 -580.244251 -0.142292 0.985048 -0.097129 -0.947761 -0.163889 -0.273660 0.285487 -0.053115 -0.956910
-3.156963 -21.891458 76.279375 -619.706822 -0.325546 0.942521 -0.075329 -0.896918 -0.333044 -0.290894 0.299261 0.027135 -0.953785
-6.019457 -10.028748 -27.632307 265.543388 -0.586607 0.750995 -0.303147 -0.718830 -0.655238 -0.232264 0.373063 -0.081664 -0.924205
-12.867303 -230.072023 -785.556577 -4402.842252 0.784312 -0.479222 0.393956 0.271209 0.836007 0.477009 -0.557943 -0.267280 0.785659
-3.884289 -140.788688 -220.240831 -4863.282874 0.770435 -0.500903 0.394368 0.249580 0.806205 0.536417 -0.586634 -0.314848 0.746144
-15.207584 -153.695481 -1192.512902 8315.599362 0.764233 -0.438027 0.473372 0.407624 -0.240734 -0.880846 -0.499790 -0.866129 0.005426
-54.576473 -439.684585 -2704.806104 -18679.006136 0.803506 -0.428898 0.412826 0.459068 0.004929 -0.888387 -0.378992 -0.903340 -0.200854
0.468098 -4.766585 20.216364 -17.711348 0.177077 0.981981 -0.066013 -0.835832 0.114631 -0.536884 0.519642 -0.150246 -0.841070
0.370327 -4.505208 20.663802 -13.293975 0.190817 0.979951 -0.057314 -0.770579 0.113366 -0.627182 0.608110 -0.163842 -0.776762
0.232901 -4.769958 8.275252 -24.832192 0.193929 0.979068 -0.061789 -0.806992 0.123398 -0.577527 0.557813 -0.161862 -0.814030
0.711303 -4.422908 44.595785 31.459979 -0.161131 0.030862 0.986450 0.052193 0.998379 -0.022710 -0.985552 0.047826 -0.162481
0.756732 -4.905407 69.531018 26.707606 -0.143701 0.069632 0.987168 -0.035429 0.996520 -0.075449 -0.988987 -0.045816 -0.140734
1.432725 -4.929297 8.207146 24.324520 -0.192021 -0.013459 0.981299 -0.065072 0.997880 0.000954 -0.979231 -0.063672 -0.192490
0.998363 -4.325639 -15.375906 26.008478 -0.221550 -0.040109 0.974324 0.041215 0.997876 0.050450 -0.974278 0.051334 -0.219426
0.690358 -3.908864 5.271840 23.423809 -0.193372 0.005469 0.981110 0.118651 0.992776 0.017851 -0.973925 0.119861 -0.192623
0.404347 -3.898272 46.401335 30.033974 -0.155484 0.068178 0.985483 0.136710 0.989501 -0.046886 -0.978333 0.127435 -0.163172
-0.063666 -4.115864 71.851190 29.254280 -0.145500 0.107044 0.983550 0.121494 0.988539 -0.089613 -0.981870 0.106456 -0.156838
-0.448381 -15.004138 -20.525508 112.414603 0.556818 0.806406 -0.199158 0.828887 -0.554986 0.070271 -0.053863 -0.204208 -0.977445
-35.616149 -112.924559 -17.916617 4812.438026 -0.123408 0.920946 -0.369635 0.921282 0.244753 0.302218 -0.368796 0.303241 0.878655
-36.843578 -52.997313 142.991492 1590.006824 -0.203287 0.967135 -0.152720 0.770869 0.254260 0.584049 -0.603685 -0.001002 0.797222
-30.123517 -53.955308 918.663922 2207.541712 0.769578 -0.592293 0.238620 0.590049 0.802462 0.088862 -0.244116 0.072411 0.967039
-14.580131 -35.822847 -624.788172 1361.619843 -0.621788 -0.766983 0.158482 0.771521 -0.565060 0.292342 -0.134670 0.304046 0.943091
-11.461431 -94.624371 595.248953 4098.186750 0.763710 0.644774 -0.031854 0.556973 -0.633159 0.537485 -0.326388 0.428225 0.842671
-24.410567 -30.141693 -738.763020 1152.600137 -0.273178 -0.942562 0.192225 0.954382 -0.240520 0.176933 -0.120537 0.231790 0.965269
-0.623836 -3.535129 -8.721718 38.073826 0.144004 0.971783 -0.186815 -0.579547 -0.070200 -0.811909 0.802115 -0.225186 -0.553085
-0.704589 -4.321922 -15.340283 57.958572 0.129207 0.966635 -0.221184 -0.523520 -0.122939 -0.843097 0.842159 -0.224728 -0.490169
-0.211170 -3.170347 -21.854670 34.309150 0.205220 0.972070 -0.113864 -0.561560 0.021665 -0.827153 0.801583 -0.233690 -0.550321
-6.590859 -9.714927 -31.243846 -18.378305 0.275911 0.960856 0.025057 0.554316 -0.180361 0.812529 -0.785243 0.210297 0.582382
-7.290112 -9.432383 -40.311056 23.605765 0.365295 0.929858 -0.043856 0.659243 -0.225146 0.717432 -0.657236 0.290986 0.695247
-7.112163 -9.606183 -44.160309 -24.207629 0.360965 0.932130 -0.028938 0.517845 -0.174535 0.837481 -0.775591 0.317286 0.545700
-7.810717 -9.592275 -50.595912 -3.881557 0.419238 0.900112 -0.118480 0.586605 -0.168962 0.792052 -0.692917 0.401559 0.598845
3.428570 -7.748014 47.039570 -187.188229 0.325048 0.475930 -0.817212 -0.679777 0.718338 0.147965 0.657455 0.507426 0.557020
2.201985 -12.411897 -0.640842 305.137458 -0.303426 -0.471090 0.828255 0.766969 -0.636542 -0.081075 0.565413 0.610646 0.554455
2.904334 -8.426284 -32.006057 -218.167783 0.246396 0.489436 -0.836506 -0.709315 0.679225 0.188480 0.660425 0.546905 0.514523
3.503062 -251.546524 -249.462624 -12411.679400 0.967559 0.221453 0.121603 -0.241537 0.951968 0.188193 0.074086 0.211460 -0.974575
18.160318 -39.296173 894.973522 1460.122318 0.829611 0.472785 -0.297020 0.542047 -0.809567 0.225361 0.133910 0.347960 0.927897
4.272675 -11.035974 245.544381 313.903080 0.434264 0.893099 0.117424 -0.893813 0.443414 -0.066951 0.111861 0.075881 -0.990822
1.431248 -6.371434 154.291806 127.383858 0.444064 0.886174 0.132296 -0.886687 0.455862 -0.077302 0.128811 0.082978 -0.988191
-0.723168 -5.983140 13.670971 -50.834027 0.137982 0.978949 -0.150399 0.115921 0.134845 0.984063 -0.983628 0.153218 0.094875
-0.726838 -7.075389 35.478856 -51.820065 0.132306 0.959274 -0.249576 0.232613 0.214709 0.948573 -0.963528 0.183557 0.194733
-0.515026 -6.222188 19.292485 -68.172297 0.140445 0.969331 -0.201676 0.092849 0.189902 0.977403 -0.985725 0.155997 0.063331
-0.088476 -7.199950 20.548525 -57.186600 0.132382 0.959620 -0.248204 0.200474 0.219311 0.954836 -0.970714 0.176162 0.163346
-0.207635 -4.996762 6.268309 -52.375429 0.146792 0.986371 -0.074328 -0.006860 0.076155 0.997072 -0.989144 0.145852 -0.017946
-0.008338 -6.325624 9.012003 -66.214199 0.136142 0.974895 -0.176197 0.045434 0.171522 0.984132 -0.989647 0.141987 0.020942
-0.163267 -5.157651 12.882225 -56.116009 0.146550 0.982963 -0.110934 -0.027046 0.116084 0.992871 -0.988833 0.142505 -0.043597
0.798397 -7.499495 7.428344 18.838246 -0.102715 0.993560 0.047827 0.261266 -0.019446 0.965071 -0.959786 -0.111623 0.257586
1.380175 -7.448503 9.364044 15.334743 -0.133309 0.990813 0.022777 0.172961 0.000630 0.984929 -0.975865 -0.135240 0.171456
1.201523 -7.573652 -2.393024 3.284464 -0.119990 0.992153 0.035127 0.103487 -0.022689 0.994372 -0.987367 -0.122950 0.099953
0.802932 -7.971240 0.670233 12.850642 -0.105917 0.994012 0.026874 0.076017 -0.018853 0.996928 -0.991465 -0.107634 0.073565
1.439571 -7.863739 17.954680 7.790796 -0.109375 0.993953 0.009711 -0.035553 -0.013675 0.999274 -0.993365 -0.108950 -0.036833
-2.509818 -14.166191 -90.646525 308.143455 0.630165 0.773365 0.069273 -0.363271 0.372501 -0.853977 0.686240 -0.512982 -0.515678
-3.697628 -16.761155 -75.922708 299.912133 0.576307 0.815984 0.045171 -0.259922 0.235418 -0.936493 0.774797 -0.527966 -0.347766
-2.657674 -20.490341 -113.201814 402.822852 0.638797 0.764889 0.082963 -0.139304 0.221037 -0.965265 0.756659 -0.605051 -0.247750
-1.274056 -14.238410 -85.269432 294.319188 0.650319 0.755367 0.080660 -0.273851 0.332149 -0.902598 0.708584 -0.564887 -0.422861
-0.450549 -19.350064 -90.162911 420.903798 0.652482 0.753830 0.077511 -0.127956 0.210409 -0.969203 0.746924 -0.622470 -0.233745
0.408244 -24.058556 -42.001141 111.635586 0.190805 0.943165 0.272090 0.290855 -0.319056 0.902001 -0.937548 0.092968 0.335202
0.496592 -22.656808 -31.617786 -71.926056 0.198515 0.950028 0.240911 -0.008969 -0.244032 0.969726 -0.980057 0.194666 0.039923
0.461522 -26.916480 -23.186649 59.008315 0.220798 0.949732 0.221941 -0.044105 -0.217602 0.975041 -0.974322 0.225075 0.006158
0.232583 -28.355094 -5.688734 72.402661 0.231116 0.939513 0.252786 0.130265 -0.287362 0.948923 -0.964166 0.186382 0.188800
0.521478 -24.319620 -13.471325 174.956744 0.230160 0.932239 0.279208 0.292951 -0.339975 0.893643 -0.928012 0.123887 0.351349
1.693508 -1.753534 35.060910 -32.929038 0.117026 0.992096 -0.045288 0.500606 -0.098312 -0.860075 0.857729 -0.077979 0.508154
1.556236 -1.376202 32.910613 10.565716 0.232973 0.940548 -0.247169 0.481129 -0.332354 -0.811206 0.845126 -0.070069 0.529955
1.154208 -0.779851 21.187804 -15.867273 0.164108 0.972390 -0.165911 0.502851 -0.227162 -0.833989 0.848652 -0.053436 0.526246
1.783479 -6.191180 -92.262518 9.658670 -0.304266 -0.945640 0.114839 0.951163 -0.295005 0.090890 -0.052071 0.136885 0.989217
3.010815 -6.311112 58.668913 20.072502 0.268453 0.960802 -0.069233 0.958033 -0.258797 0.123276 -0.100526 0.099421 0.989954
1.946468 -6.481242 -108.283839 27.758707 -0.301828 -0.945304 0.123696 0.943854 -0.278012 0.178463 -0.134313 0.170616 0.976140
-1.796780 -4.958583 20.095893 -62.991743 0.261408 0.851810 0.453966 0.359650 -0.522409 0.773137 -0.895722 0.038835 0.442915
-2.110189 -4.088810 84.689508 -32.313550 0.348839 0.763993 0.542795 0.251904 -0.634299 0.730896 -0.902694 0.118232 0.413721
-2.672277 -4.484722 -26.631017 -12.130239 0.149182 0.956447 0.250907 0.344624 -0.288129 0.893429 -0.926811 0.046815 0.372599
-2.877204 -4.134231 -10.876590 30.958469 0.164141 0.975408 0.147096 0.313110 -0.192925 0.929915 -0.935425 0.106580 0.337076
3.081029 -6.775955 115.726152 -6.066168 0.290282 0.950128 -0.113990 0.896012 -0.228039 0.380999 -0.336003 0.212733 0.917522
3.626710 -6.614780 65.103604 14.358500 0.260673 0.963183 -0.065787 0.937265 -0.236142 0.256459 -0.231482 0.128511 0.964314
4.114319 -6.670652 13.202622 -4.038140 0.218054 0.975911 -0.007040 0.903124 -0.199046 0.380458 -0.369892 0.089318 0.924772
-1.263680 -18.503520 16.399390 70.407104 -0.286541 0.945460 -0.154917 0.785720 0.324427 0.526679 -0.548213 -0.029194 0.835829
-1.470612 -21.165926 6.062663 38.475556 -0.272354 0.956258 -0.106745 0.857383 0.291540 0.424145 -0.436712 -0.023996 0.899281
-1.358232 -18.967739 10.412792 -56.543944 -0.246397 0.959343 -0.137658 0.908896 0.278039 0.310810 -0.336447 0.048535 0.940451
-1.312836 -21.069506 12.281379 40.927091 -0.312297 0.941105 -0.129583 0.647044 0.310593 0.696323 -0.695561 -0.133614 0.705934
-1.133338 -17.990630 29.394810 96.060714 -0.273543 0.941468 -0.197010 0.817107 0.335510 0.468795 -0.507454 0.032743 0.861056
-0.982824 -19.193133 27.589985 134.220167 -0.300096 0.935258 -0.187711 0.629016 0.341953 0.698145 -0.717134 -0.091437 0.690911
1.858784 -51.332998 -96.667502 -1696.236467 -0.432114 0.901392 0.027754 0.417329 0.227154 -0.879908 0.799446 0.368638 0.474333
8.055296 -97.421714 -248.833163 -3684.534349 -0.471595 0.877274 0.089373 0.271004 0.240633 -0.932016 0.839139 0.415314 0.351226
5.538143 -97.299824 -201.922474 -3813.676752 -0.414662 0.909974 -0.001298 -0.010041 -0.006001 -0.999932 0.909920 0.414621 -0.011625
2.851593 -3.179954 20.541516 -10.509625 0.281399 0.953330 -0.109441 0.498230 -0.242624 -0.832406 0.820111 -0.179712 0.543252
2.741851 -3.742740 3.027646 -23.312396 0.234206 0.972184 0.002337 0.471564 -0.111500 -0.874754 0.850162 -0.205975 0.484561
2.283890 -4.316087 -40.016774 -16.693421 0.320798 0.947146 0.001538 0.486608 -0.163421 -0.858200 0.812589 -0.276057 0.513314
-2.521879 -5.862822 24.347140 60.027276 -0.262222 0.903838 -0.338106 0.509588 0.427226 0.746859 -0.819487 -0.023548 0.572613
-2.172673 -5.101435 10.802269 59.123747 -0.288563 0.897265 -0.334136 0.575808 0.441449 0.688162 -0.764968 -0.006180 0.644038
-2.027352 -5.180964 33.666138 57.851874 -0.169556 0.948162 -0.268773 0.587035 0.316229 0.745244 -0.791607 0.031418 0.610223
-2.519904 -6.115230 37.143734 43.777291 -0.197477 0.926102 -0.321461 0.467620 0.377197 0.799409 -0.861588 -0.007543 0.507552
-1.999656 -5.491170 18.404068 45.016743 -0.096828 0.972344 -0.212535 0.543385 0.230550 0.807205 -0.833881 0.037329 0.550681
-1.437371 -4.483599 25.109063 45.338621 -0.067171 0.983559 -0.167628 0.651134 0.170511 0.739561 -0.755985 0.059471 0.651882
4.335497 -155.697294 -163.858572 -7638.330172 -0.167277 -0.934598 -0.313917 0.944595 -0.060719 -0.322573 0.282415 -0.350484 0.892974
6.208275 -54.461541 174.931935 -1966.927912 -0.191789 -0.947928 -0.254262 0.966092 -0.136713 -0.219035 0.172868 -0.287649 0.942006
9.062841 -80.959879 -62.920378 -3158.362992 0.123799 0.960710 0.248414 0.776902 0.061902 -0.626571 0.617331 -0.270562 0.738714
4.236433 -57.920708 -144.675468 -1824.894375 0.349975 0.900930 0.256597 0.790477 -0.137045 -0.596963 0.502657 -0.411756 0.760127
2.298332 -40.432470 77.463845 -1116.410751 -0.272922 -0.904909 -0.326578 0.952521 -0.206551 -0.223696 0.134969 -0.372124 0.918317
8.769595 -137.325894 -216.738338 -6091.993481 0.358112 0.915298 0.184350 0.557704 -0.051345 -0.828450 0.748813 -0.399491 0.528853
-3.950486 -443.123656 -313.307197 20049.619946 0.840184 -0.482923 0.246731 -0.328637 -0.091494 0.940014 0.431380 0.870870 0.235578
2.014161 -43.896156 26.190481 1407.932850 0.827659 -0.485300 0.281894 -0.257240 0.118379 0.959069 0.498806 0.866297 0.026861
2.428839 -47.203934 1.219499 1310.348335 0.845031 -0.410556 0.342587 -0.221586 0.314220 0.923128 0.486644 0.855984 -0.174552
3.212048 -50.224743 -36.757880 1781.817140 0.811537 -0.467151 0.350966 -0.353011 0.086649 0.931598 0.465608 0.879922 0.094591
2.192501 -64.554018 -5.484358 783.996477 0.874017 -0.346406 0.340730 0.035526 0.744922 0.666205 0.484595 0.570170 -0.663381
2.445091 -53.080383 -10.952896 790.702633 0.829777 -0.435523 0.348984 -0.049333 0.565626 0.823185 0.555911 0.700276 -0.447858
-8.688633 -11.014532 72.562744 121.860517 -0.182065 0.951379 0.248455 -0.743962 0.031936 -0.667458 0.642940 0.306362 -0.701976
-6.699049 -9.922109 5.716993 108.584109 -0.528599 0.848826 0.008827 -0.608949 -0.371933 -0.700605 0.591408 0.375714 -0.713495
-4.564227 -8.948152 20.494035 -16.724071 0.992536 -0.052215 0.110209 -0.064890 0.539037 0.839779 0.103256 0.840662 -0.531625
0.204127 -7.149591 -22.960571 4.896748 0.073985 0.978321 -0.193425 -0.823471 0.169335 0.541498 -0.562513 -0.119217 -0.818148
0.221750 -6.868211 -21.220561 23.267251 0.082479 0.976401 -0.199595 -0.745105 0.193418 0.638285 -0.661828 -0.096074 -0.743474
-2.575668 -5.581641 40.176086 94.071190 0.257600 0.964849 0.052043 -0.391681 0.153507 -0.907205 0.883305 -0.213312 -0.417457
-2.212252 -6.292378 -42.841057 77.895988 0.338910 0.939733 0.045183 -0.302069 0.154170 -0.940737 0.891008 -0.305177 -0.336114
-0.147472 -5.238415 -160.947592 48.686966 0.453255 0.884531 0.110296 -0.280972 0.259201 -0.924051 0.845940 -0.387841 -0.366012
1.177209 -12.420647 -1.996472 57.653379 -0.491098 0.870890 0.019300 0.734435 0.402033 0.546786 -0.468431 -0.282700 0.837050
1.244046 -11.466417 7.726408 25.969777 -0.513025 0.858211 0.016704 0.692649 0.402403 0.598589 -0.506994 -0.318661 0.800882
-0.256466 -17.477468 13.143780 110.429034 0.554835 0.808531 -0.196048 0.824652 -0.565639 0.001067 -0.110029 -0.162263 -0.980594
-0.218209 -14.782563 -10.442085 85.918240 0.574001 0.792627 -0.205586 0.817717 -0.541611 0.194929 0.043158 -0.280001 -0.959029
-0.279826 -16.471042 -3.611513 -1.379425 0.600597 0.775357 -0.195204 0.796126 -0.557350 0.235679 0.073939 -0.296955 -0.952025
-0.227703 -13.204235 -11.654738 -50.207504 -0.205999 0.978333 0.020689 0.491473 0.121722 -0.862345 0.846179 0.167474 0.505899
-0.051609 -13.356317 -16.786371 14.973090 -0.188523 0.981934 -0.016259 0.333438 0.048427 -0.941527 0.923731 0.182921 0.336544
-0.398880 -12.629491 -14.205767 -62.968290 -0.199100 0.979957 0.006631 0.568073 0.120925 -0.814045 0.798531 0.158310 0.580763
-0.604058 -11.479305 -6.110707 -109.570582 -0.218937 0.975477 0.022604 0.737621 0.180628 -0.650606 0.638734 0.125768 0.759079
-0.480997 -12.297622 -9.346033 -105.276279 -0.217830 0.975346 0.035352 0.651236 0.172233 -0.739072 0.726940 0.137970 0.672698
3.440380 -3.360582 -176.136101 24.208140 0.105302 -0.572378 -0.813200 -0.567680 0.636813 -0.521736 0.816487 0.516578 -0.257870
0.887239 -2.967078 -52.037601 29.149103 0.077580 -0.565550 -0.821057 -0.538644 0.669224 -0.511862 0.838954 0.481967 -0.252712
1.924069 -2.740817 -22.928190 8.368301 -0.016563 -0.450699 -0.892522 -0.597510 0.720184 -0.352585 0.801690 0.527451 -0.281225
2.476934 -2.945889 72.584544 -13.124660 -0.121566 -0.284640 -0.950895 -0.561847 0.809484 -0.170482 0.818260 0.513533 -0.258329
2.175968 -3.106052 41.122789 -10.718409 -0.070585 -0.357850 -0.931107 -0.619714 0.747174 -0.240181 0.781648 0.560067 -0.274504
2.620238 -3.460676 -45.193983 -24.238014 -0.033243 -0.431037 -0.901722 -0.634961 0.705853 -0.314000 0.771828 0.562120 -0.297156
0.908495 -17.526957 -27.913151 -156.138056 0.466516 0.883167 0.048772 0.304157 -0.211954 0.928743 -0.830573 0.418439 0.367501
0.635547 -19.594889 -17.902976 -227.001380 0.488148 0.868483 0.086306 0.378973 -0.300006 0.875429 -0.786188 0.394631 0.475579
-0.013812 -18.953566 6.722794 -85.823673 0.093228 0.982231 0.162884 -0.699458 -0.051815 0.712793 -0.708567 0.180383 -0.682198
-0.050810 -17.530155 21.602498 -7.901033 0.092378 0.978618 0.183775 -0.775035 -0.045203 0.630299 -0.625129 0.200658 -0.754288
-0.111262 -18.626385 6.011502 -130.840975 0.076849 0.978142 0.193216 -0.587423 -0.112165 0.801469 -0.805623 0.175092 -0.565963
-0.073054 -17.192458 -6.554821 -90.613261 0.079926 0.984712 0.154770 -0.620194 -0.072428 0.781098 -0.780366 0.158417 -0.604924
0.140909 -16.592267 -10.032143 46.328401 0.098281 0.986208 0.133169 -0.790556 -0.003908 0.612378 -0.604452 0.165463 -0.779269
-0.342363 -20.647835 12.798811 -218.306582 0.087493 0.979642 0.180684 -0.453945 -0.122244 0.882604 -0.886724 0.159242 -0.434008
-1.680206 -5.890806 -59.894504 -2.173490 0.009222 0.997273 -0.073220 -0.411354 0.070524 0.908743 -0.911429 -0.021739 -0.410882
-7.435886 -95.122454 -2207.686541 3190.758294 -0.829255 0.532235 -0.170477 0.527061 0.846226 0.078154 0.185859 -0.025042 -0.982257
-9.289142 -24.435658 -265.992914 -308.662048 -0.649076 0.701175 -0.295048 -0.713473 -0.695669 -0.083674 0.263926 -0.156198 -0.951812
-17.180114 -64.036728 892.181590 -3087.438739 -0.001996 0.992469 -0.122478 -0.973655 -0.029856 -0.226063 0.228018 -0.118800 -0.966382
0.111344 -370.306932 -1883.475322 21484.776075 0.735628 -0.576774 0.355222 -0.675587 -0.586516 0.446745 0.049327 0.568622 0.821119
0.107295 -4.388249 5.753192 -25.158059 0.209539 0.976223 -0.055512 -0.748359 0.123573 -0.651682 0.629327 -0.178095 -0.756458
1.243411 -5.284612 84.700587 17.942101 -0.140545 0.083534 0.986544 -0.134244 0.985624 -0.102581 -0.980931 -0.146855 -0.127311
-0.118745 -14.605496 -1.720945 51.072018 0.577992 0.794122 -0.187872 0.811872 -0.536345 0.230647 0.082397 -0.285840 -0.954728
-0.395047 -14.639780 -4.668621 0.478943 0.587693 0.788733 -0.180326 0.798856 -0.530341 0.283846 0.128245 -0.310868 -0.941761
-0.288106 -15.050456 0.435726 -139.419365 0.625638 0.763573 -0.159793 0.740246 -0.516433 0.430502 0.246198 -0.387625 -0.888332
-0.535125 -15.617192 -11.784263 -161.624767 0.627246 0.761543 -0.163139 0.723397 -0.492077 0.484311 0.288547 -0.421796 -0.859551
2.867122 -48.275821 145.025142 -1503.406530 0.132876 0.986566 -0.095030 0.809109 -0.163350 -0.564499 0.572439 0.001881 0.819945
-0.320342 -24.721694 38.602420 -510.600052 0.164273 0.980785 -0.105239 0.930464 -0.189492 -0.313575 0.327492 0.046409 0.943714
3.059871 -74.066422 -18.794975 -3187.240335 0.076182 0.997036 0.010787 0.858014 -0.060040 -0.510105 0.507946 -0.048116 0.860044
4.758159 -61.346828 16.870594 -1741.487660 0.173740 0.978313 -0.112775 0.516296 -0.188004 -0.835519 0.838601 -0.086938 0.537763
3.268003 -46.811440 62.701545 -1309.577087 0.227265 0.952265 -0.203817 0.776685 -0.303497 -0.551951 0.587461 0.032863 0.808585
7.076010 -82.766888 0.734030 -3312.704735 0.026921 0.999581 -0.010631 0.586247 -0.024401 -0.809765 0.809685 -0.015568 0.586658
-34.264533 -67.288500 471.987724 2167.595066 0.048881 0.958855 0.279655 0.448803 -0.271218 0.851479 -0.892293 -0.083888 0.443595
-31.426800 -46.682308 -636.346662 159.869376 -0.478836 0.875848 0.060056 0.469914 0.197921 0.860237 -0.741550 -0.440134 0.506345
-21.230770 -39.324763 -500.920730 925.591881 -0.719175 0.679001 -0.147460 0.521938 0.668011 0.530417 -0.458659 -0.304498 0.834813
-0.866641 -4.395840 -2.951359 52.241346 0.061510 0.954796 -0.290827 -0.537068 -0.213939 -0.815958 0.841293 -0.206383 -0.499631
-1.067906 -5.144534 1.531679 56.213308 0.056550 0.952275 -0.299957 -0.466965 -0.240324 -0.850993 0.882466 -0.188193 -0.431088
-2.172186 -3.642768 2.482127 80.157399 0.054128 0.982213 0.179800 0.188914 0.166739 -0.967734 0.980501 -0.086348 0.176528
-1.992690 -3.662488 -15.165379 72.885900 0.137203 0.986569 0.088643 0.181314 0.062963 -0.981408 0.973807 -0.150725 0.170240
-2.165326 -3.144910 -1.570174 5.792751 0.122038 0.988243 -0.092102 0.133595 -0.108307 -0.985100 0.983493 -0.107915 0.145242
-6.016834 -9.589600 -7.993199 -37.644507 0.117618 0.990339 0.073453 0.369085 -0.112262 0.922591 -0.921923 0.081403 0.378723
-6.329020 -9.582062 -12.292298 -42.785155 0.218365 0.974980 0.041611 0.431511 -0.134715 0.891992 -0.875280 0.176824 0.450132
-6.411747 -9.191061 -14.975598 -26.411533 0.236568 0.970570 0.045041 0.303493 -0.117852 0.945517 -0.922999 0.210010 0.322441
-6.218735 -9.080349 -10.961852 -15.756381 0.164104 0.983815 0.071954 0.207055 -0.105672 0.972606 -0.964468 0.144710 0.221045
-6.625228 -8.857441 -21.950279 -5.315883 0.286744 0.957755 0.021985 0.171418 -0.073873 0.982425 -0.942546 0.277936 0.185359
-0.821046 -7.350463 55.157242 -153.961372 -0.152958 0.930546 0.332699 0.944899 0.236313 -0.226542 0.289429 -0.279715 0.915418
-1.035315 -5.325075 -37.479510 -89.624667 -0.113781 -0.957776 -0.264044 0.965301 -0.043697 -0.257459 0.235050 -0.284176 0.929513
-1.925033 -7.263657 76.286693 -139.132174 -0.160231 0.926909 0.339362 0.924640 0.261283 -0.277078 0.345495 -0.269391 0.898922
-1.656510 -5.339127 21.729319 -67.803071 -0.236468 -0.939230 -0.248855 0.926628 -0.140941 -0.348562 0.292306 -0.313020 0.903646
-0.989824 -9.647552 37.177982 -101.213636 -0.283870 0.878714 0.383771 0.841262 0.420287 -0.340054 0.460104 -0.226321 0.858536
-2.693821 -6.902920 39.635503 -118.005154 -0.062493 0.933673 0.352631 0.916428 0.193619 -0.350244 0.395290 -0.301274 0.867744
-2.330698 -8.975541 91.387068 -90.241010 -0.289207 0.880412 0.375811 0.818763 0.430907 -0.379402 0.495970 -0.197975 0.845470
69.578532 -49.444027 3459.392768 1679.965900 0.116822 0.989379 -0.086503 -0.881821 0.063263 -0.467321 0.456885 -0.130874 -0.879846
-0.137735 -20.731733 68.348731 844.259110 0.333334 0.942314 0.030561 -0.894864 0.326421 -0.304415 0.296830 -0.074124 -0.952049
81.977426 -31.941369 4329.494545 1090.279673 0.137525 0.990370 0.015947 -0.960953 0.137309 -0.240239 0.240115 -0.017714 -0.970583
-1.256494 -6.969260 15.278499 -46.727412 0.112956 0.968869 -0.220303 0.260858 0.185027 0.947480 -0.958746 0.164491 0.231837
-0.964954 -7.567260 55.359855 -26.866851 0.130607 0.950955 -0.280403 0.378182 0.213655 0.900738 -0.916471 0.223687 0.331730
0.173701 -7.614202 45.784756 -12.839571 0.145050 0.956352 -0.253677 0.372962 0.184627 0.909292 -0.916439 0.226505 0.329903
2.059669 -5.705788 19.651387 7.302102 0.292419 0.954259 -0.062293 0.947694 -0.297889 -0.114621 0.127935 0.025518 0.991454
1.895065 -5.425359 -14.426966 8.366310 0.262007 0.965015 -0.009935 0.945695 -0.258787 -0.196697 0.192386 -0.042140 0.980414
2.297621 -5.711731 -7.683122 4.887356 0.238027 0.971258 -0.001415 0.968233 -0.237400 -0.078528 0.076606 -0.017322 0.996911
-0.546955 -6.051347 -39.836882 -45.261408 0.041220 0.967567 0.249229 0.422573 -0.242916 0.873169 -0.905391 -0.069326 0.418880
-0.893324 -6.723437 -44.055242 -60.799060 0.044410 0.968237 0.246057 0.502282 -0.234547 0.832286 -0.863563 -0.086628 0.496745
-1.391412 -6.155310 -41.770998 -67.717345 0.073277 0.963796 0.256375 0.435942 -0.262161 0.860945 -0.896987 -0.048678 0.439369
-1.106030 -7.462784 -13.052299 -116.316265 0.083283 0.960356 0.266045 0.536304 -0.268207 0.800277 -0.839906 -0.076032 0.537380
-1.380390 -6.415649 -5.862027 -84.329586 0.173527 0.917213 0.358619 0.448249 -0.397797 0.800519 -0.876904 -0.021839 0.480169
-1.290363 -22.886207 -6.125616 -116.957314 -0.234669 0.967628 -0.092884 0.960866 0.245371 0.128568 -0.147197 0.059078 0.987341
-1.561873 -22.331035 -15.800360 -8.554912 -0.314410 0.946055 -0.078274 0.817303 0.311717 0.484611 -0.482868 -0.088393 0.871220
-1.276460 -24.568472 -1.459755 -132.929127 -0.279021 0.956626 -0.083744 0.935435 0.290476 0.201459 -0.217047 0.022126 0.975910
-1.514827 -20.763419 13.175100 26.741414 -0.309703 0.942966 -0.122061 0.697524 0.312557 0.644801 -0.646176 -0.114556 0.754542
-14.632156 -267.803218 34.895097 -11791.361844 -0.748303 0.654167 -0.110037 0.602328 0.739544 0.300458 0.277927 0.158556 -0.947426
-3.982061 -150.678304 49.333859 -4245.292281 0.911327 -0.411214 0.019632 0.358027 0.768110 -0.530871 -0.203222 -0.490826 -0.847225
-6.774791 -58.500106 165.479877 -2257.783680 0.897232 -0.375795 0.231846 0.439915 0.715488 -0.542727 -0.038071 -0.588944 -0.807277
-11.368399 -217.159464 -531.532015 -4171.798308 0.805603 -0.591473 0.034095 0.483236 0.689296 0.539772 0.342763 0.418366 -0.841120
9.930288 -536.221732 -527.004106 43235.602379 0.702582 -0.707397 -0.077249 0.304598 0.200851 0.931063 0.643116 0.677678 -0.356586
8.906084 -635.697826 -203.146916 37154.301738 0.716151 -0.696734 -0.041106 0.145152 0.091071 0.985209 0.682685 0.711525 -0.166353
0.514338 -2.286395 -27.754578 6.687307 0.305376 0.952216 -0.005448 0.764283 -0.248510 -0.595075 0.567994 -0.177558 0.803651
-0.019401 -2.614753 -23.987684 -7.554898 0.252624 0.966812 0.038156 0.785509 -0.181906 -0.591512 0.564940 -0.179402 0.805393
0.487767 -2.750280 -18.457246 23.700267 0.332332 0.942516 -0.034913 0.773497 -0.293543 -0.561725 0.539683 -0.159674 0.826587
0.203957 -2.577377 -35.806541 -31.072362 0.230293 0.971128 0.062251 0.772581 -0.143565 -0.618473 0.591679 -0.190524 0.783337
0.808490 -2.477799 -9.011591 34.454840 0.333646 0.941248 -0.052274 0.756834 -0.300512 -0.580427 0.562034 -0.154094 0.812633
0.744462 -2.262310 -31.585006 -5.367066 0.282786 0.959155 0.007353 0.761116 -0.219721 -0.610267 0.583725 -0.178171 0.792162
-2.766870 -6.088191 -8.985792 57.722945 -0.360816 0.844059 -0.396706 0.465806 0.531601 0.707407 -0.807983 -0.070456 0.584978
-0.874142 -7.904821 -2.462312 -73.845898 0.428376 0.890666 0.152341 -0.271622 0.287722 -0.918389 0.861809 -0.352037 -0.365177
-0.780993 -8.226600 1.486836 157.060332 0.428530 0.883809 0.187731 -0.239918 0.311623 -0.919418 0.871092 -0.348958 -0.345582
-0.776381 -9.173646 0.883851 190.948018 0.440401 0.878627 0.184557 -0.224944 0.306995 -0.924746 0.869165 -0.365744 -0.332842
5.879610 -46.406691 50.880409 -1388.536311 -0.077555 -0.981752 -0.173630 0.980077 -0.043134 -0.193877 0.182849 -0.185207 0.965538
5.441721 -40.796643 220.426028 -1494.883310 -0.000494 0.996219 0.086871 0.996052 -0.007222 0.088481 -0.088774 -0.086572 0.992282
7.163132 -39.534235 14.315923 -1424.263844 -0.098592 0.991794 0.081386 0.980912 0.110632 -0.159911 0.167603 -0.064067 0.983771
10.694131 -67.692887 -104.923700 -2745.886638 -0.060073 0.984343 0.165711 0.846316 0.138251 -0.514428 0.529284 -0.109340 0.841370
-8.225192 -12.397408 7.789925 190.971301 0.062182 0.921939 0.382310 -0.712773 0.309152 -0.629587 0.698633 0.233351 -0.676358
-5.077242 -12.305779 -180.751882 171.376933 0.144962 0.959138 0.242980 -0.717784 0.270966 -0.641377 0.681008 0.081432 -0.727734
-4.448177 -11.646273 -161.895456 372.752315 0.202755 0.955934 0.212320 -0.847022 0.280009 -0.451828 0.491370 0.088230 -0.866471
-7.487420 -9.370075 -50.718610 13.074874 0.427410 0.899160 0.093975 -0.275980 0.030782 0.960670 -0.860904 0.436535 -0.261307
-6.919149 -9.476875 -27.018540 15.516948 0.361239 0.930737 0.056869 -0.396692 0.098199 0.912684 -0.843885 0.352257 -0.404689
-6.681950 -9.280976 -20.001022 24.911649 0.313603 0.947276 0.065736 -0.251176 0.015993 0.967809 -0.915731 0.320019 -0.242948
-7.876407 -9.502685 -51.411078 6.394811 0.488502 0.866630 0.101580 -0.408284 0.124138 0.904375 -0.771148 0.483262 -0.414473
-6.728377 -9.026601 -39.281827 15.056485 0.332718 0.938212 0.095167 -0.152526 -0.046049 0.987226 -0.930610 0.342983 -0.127780
-8.537111 -9.526363 -65.411336 12.430863 0.559381 0.815858 0.146518 -0.314383 0.045264 0.948216 -0.766978 0.576478 -0.281812
-7.937111 -9.288520 -46.640383 8.773451 0.510505 0.849092 0.135748 -0.202514 -0.034704 0.978664 -0.835687 0.527104 -0.154236
-7.206457 -9.083728 -48.984126 15.142478 0.419413 0.905075 0.070225 -0.115574 -0.023491 0.993021 -0.900409 0.424602 -0.094750
0.095741 -6.685637 -24.274108 36.258240 0.067668 0.979105 -0.191765 -0.692110 0.184505 0.697812 -0.718613 -0.085503 -0.690134
0.419223 -6.116125 -17.689560 52.860513 0.101762 0.971497 -0.214098 -0.622876 0.230031 0.747737 -0.775674 -0.057265 -0.628531
0.243150 -6.098357 -26.745931 49.926492 0.065459 0.978610 -0.195033 -0.612149 0.193735 0.766643 -0.788029 -0.069205 -0.611736
-0.053027 -6.673339 -1.067419 21.041142 0.070704 0.984784 -0.158749 -0.706297 0.161806 0.689175 -0.704375 -0.063397 -0.706991
3.943954 -2.928178 -163.808728 13.163889 0.440345 0.842581 0.310088 -0.360009 0.482097 -0.798734 0.822490 -0.240084 -0.515626
3.418388 -2.722350 -170.605324 8.445820 0.432423 0.856743 0.281071 -0.419159 0.466997 -0.778601 0.798320 -0.218872 -0.561052
0.988425 -2.438439 -187.476237 14.390812 0.462174 0.852054 0.245764 -0.436783 0.459915 -0.773110 0.771762 -0.249966 -0.584723
-0.265564 -6.663538 23.006168 5.077269 -0.466715 0.883971 -0.027791 -0.881900 -0.462798 0.089832 -0.066547 -0.066434 -0.995569
-0.113459 -6.214859 24.174400 -17.478160 -0.460449 0.887145 -0.030983 -0.884836 -0.461486 -0.064004 0.071079 0.002056 -0.997469
-0.338456 -6.383850 28.055401 -8.636782 -0.479534 0.876799 -0.035632 0.877496 0.478806 -0.027299 -0.006875 -0.044358 -0.998992
-0.258072 -9.751819 -6.739747 68.736054 0.332870 -0.940579 -0.067148 0.941838 0.328133 0.072596 -0.046248 -0.087408 0.995098
0.059694 -9.281854 -31.287535 56.208227 0.377637 -0.924997 -0.042087 0.925166 0.375053 0.058333 -0.038173 -0.060966 0.997410
0.381174 -10.854189 24.010423 89.395313 -0.403839 0.913887 0.041517 0.896776 0.386490 0.215448 -0.180849 -0.124238 0.975632
0.171308 -11.495407 8.449457 105.419230 -0.350453 0.935069 0.053196 0.915188 0.329825 0.231619 -0.199034 -0.129856 0.971351
0.725777 -12.453445 8.331275 105.326823 -0.430727 0.902098 0.026323 0.833464 0.386431 0.394981 -0.346139 -0.192068 0.918312
0.907884 -11.225616 12.793434 82.239938 -0.457602 0.888090 0.043546 0.842691 0.417544 0.339894 -0.283674 -0.192232 0.939455
-0.382576 -18.355105 8.644282 -150.958470 0.531976 0.821833 -0.203940 -0.804920 0.565577 0.179521 -0.262880 -0.068655 -0.962383
-0.418660 -18.737722 12.375007 -131.219709 0.523087 0.829989 -0.193644 -0.732784 0.554006 0.395101 -0.435209 0.064773 -0.897996
-0.112899 -20.227250 25.672867 -60.805658 0.514284 0.842209 -0.161851 -0.648925 0.505533 0.568624 -0.560721 0.187405 -0.806518
-0.016799 -14.025805 -6.049486 16.818719 -0.201404 0.979409 0.013918 0.310475 0.077309 -0.947432 0.929000 0.186495 0.319653
0.339673 -13.906296 -16.132536 53.683140 -0.188396 0.981850 -0.021860 0.110637 -0.000898 -0.993860 0.975841 0.189658 0.108460
-0.275612 -13.762641 2.332299 -76.128556 -0.221606 0.974190 0.042946 0.539883 0.159248 -0.826539 0.812045 0.159981 0.561239
0.086532 -14.369831 28.515057 46.766674 -0.222509 0.974735 -0.019514 0.077073 -0.002366 -0.997023 0.971879 0.223351 0.074599
-0.252992 -14.691887 37.675130 33.125435 -0.233663 0.972219 0.013875 0.272266 0.079122 -0.958964 0.933420 0.220297 0.283190
3.499864 -3.643620 233.554679 3.390196 -0.172243 0.617235 0.767694 -0.513907 0.608570 -0.604600 0.840376 0.498662 -0.212379
2.026050 -3.572990 173.008915 27.892415 -0.198612 0.653756 0.730175 -0.456792 0.597402 -0.659129 0.867118 0.464449 -0.179979
0.528119 -21.250242 -28.956062 459.185638 0.028509 0.967474 0.251359 0.922461 -0.122325 0.366199 -0.385035 -0.221428 0.895945
0.253890 -17.229812 10.669325 106.663972 0.483382 0.867212 -0.119523 -0.321085 0.302653 0.897388 -0.814400 0.395404 -0.424745
0.096170 -15.434542 -24.491945 69.253962 0.445263 0.891722 -0.081069 -0.168395 0.172319 0.970541 -0.879422 0.418495 -0.226889
-0.075501 -16.043266 -31.793986 68.996516 0.453387 0.880442 -0.138786 -0.361961 0.324166 0.874014 -0.814509 0.346031 -0.465659
-0.410605 -13.796932 -40.468223 33.977902 0.431154 0.900750 -0.052497 -0.029119 0.072044 0.996976 -0.901808 0.428322 -0.057291
