16382
32751
-5.945077 -8.277675 59.863363 124.807331 -0.217435 0.971138 0.098045 -0.971191 -0.225288 0.077673 -0.097520 0.078331 -0.992146
-6.035890 -10.060538 56.067450 -103.537669 -0.208609 0.971848 0.109512 0.976573 0.200950 0.076966 0.052793 0.123002 -0.991001
-7.763832 -10.939502 67.931844 -227.937673 0.335733 0.938673 0.078584 0.941928 -0.335208 -0.020178 0.007401 0.080794 -0.996703
-5.372745 -9.153728 -43.713438 -97.046174 -0.365497 0.919355 0.145598 0.930811 0.361294 0.055299 -0.001764 0.155736 -0.987797
-4.901009 -9.641244 -113.400743 325.013638 0.357550 0.932159 -0.056899 -0.918980 0.362031 0.156236 -0.166236 0.003574 -0.986080
-4.836305 -6.644768 74.194617 95.595530 -0.393551 0.912733 0.109706 -0.894267 -0.407758 0.184445 -0.213083 0.025518 -0.976701
-4.983182 -7.592810 -23.801948 81.761801 -0.561733 0.807487 0.180061 -0.814820 -0.577673 0.048606 -0.143265 0.119413 -0.982454
9.444536 -15.372505 16.841615 148.035340 0.684403 0.658155 -0.313725 0.340819 0.091592 0.935657 -0.644542 0.747290 0.161626
9.887037 -15.170608 -26.961645 91.804012 0.591190 0.747002 -0.304110 0.320253 0.128640 0.938557 -0.740225 0.652257 0.163179
9.273997 -15.617755 -28.567176 19.770457 0.658190 0.680631 -0.321755 0.190379 0.263016 0.945821 -0.728383 0.683786 -0.043537
9.538040 -13.739860 40.465696 163.026475 0.635110 0.708380 -0.307949 0.451281 -0.016733 0.892225 -0.626882 0.705633 0.330306
7.848044 -15.641631 92.186343 84.715473 0.770248 0.559450 -0.306161 0.264504 0.156592 0.951586 -0.580307 0.813938 0.027362
8.415186 -13.861560 114.219036 196.351344 0.729421 0.601382 -0.326014 0.427074 -0.028054 0.903781 -0.534372 0.798469 0.277298
-5.725373 -9.599085 -21.480003 18.089023 0.188224 0.955480 -0.227221 0.426654 0.128836 0.895191 -0.884612 0.265442 0.383409
-5.482209 -9.562352 -23.070618 -18.296408 0.148335 0.960177 -0.236765 0.286857 0.187344 0.939476 -0.946419 0.207275 0.247644
-5.438142 -9.809578 -4.595088 27.638349 0.135698 0.971910 -0.192292 0.444816 0.113661 0.888380 -0.885282 0.206086 0.416898
-5.694668 -9.403412 -12.092728 38.601812 0.191499 0.964629 -0.181159 0.566768 0.042009 0.822806 -0.801313 0.260242 0.538677
-1.175472 -22.915044 43.697376 238.430984 0.293029 0.955309 -0.038974 -0.925270 0.293612 0.240141 -0.240852 0.034307 -0.969955
-0.283428 -21.293287 24.892451 170.451205 0.281280 0.959213 -0.028138 -0.925877 0.278979 0.254798 -0.252255 0.045617 -0.966585
-0.839720 -23.558911 27.342769 198.478918 0.280096 0.958966 -0.043939 -0.958721 0.281773 0.038179 -0.048993 -0.031431 -0.998304
1.782398 -2.409999 115.108022 -33.833565 0.959384 -0.279681 0.036883 0.276967 0.958667 0.065161 -0.053583 -0.052299 0.997193
-0.263802 -2.893380 53.001194 -12.666415 0.806195 -0.591597 0.007933 -0.588093 -0.802743 -0.098741 -0.064783 -0.074939 0.995082
0.973794 -1.953593 96.324219 37.719747 0.922080 -0.386060 0.026947 -0.381383 -0.918313 -0.106060 -0.065691 -0.087519 0.993995
-1.715639 -3.189722 -63.025473 69.998872 0.436580 0.849902 -0.295066 -0.770921 0.522478 0.364277 -0.463765 -0.068436 -0.883311
-2.250074 -4.121724 -14.055736 89.202918 0.271598 0.945571 -0.179247 -0.864783 0.321512 0.385720 -0.422355 -0.050249 -0.905036
-1.496483 -4.138352 -82.339550 69.908676 0.353640 0.892782 -0.279068 -0.837097 0.435195 0.331473 -0.417382 -0.116386 -0.901247
-2.396082 -5.530276 -38.882994 96.109758 0.196392 0.963905 -0.179768 -0.913392 0.246517 0.323950 -0.356573 -0.100577 -0.928838
-0.956311 -4.832177 -95.023335 57.265392 0.265270 0.925647 -0.269831 -0.892517 0.341615 0.294469 -0.364753 -0.162715 -0.916777
4.047662 -5.561962 50.680850 -2.473990 -0.225733 0.972725 0.053385 0.973836 0.226787 -0.014509 -0.026220 0.048713 -0.998469
4.440106 -6.253310 -35.923325 3.043935 -0.190144 0.980493 -0.049786 -0.978317 -0.184992 0.093135 -0.082108 -0.066416 -0.994408
4.208932 -6.053904 -53.079371 10.986406 -0.220735 0.972788 -0.070418 0.975314 0.220614 -0.009593 0.006203 -0.070797 -0.997471
4.193088 -5.921946 87.061595 -7.206645 -0.181300 0.981687 0.058484 -0.977188 -0.186519 0.101555 -0.110603 0.038738 -0.993109
3.172911 -5.569460 106.943858 -12.904681 -0.227941 0.965759 0.123904 0.970712 0.235320 -0.048403 -0.075903 0.109242 -0.991113
0.608851 -8.249878 -16.619439 -146.629573 0.010420 0.995533 -0.093840 0.072136 0.092852 0.993063 -0.997340 0.017117 0.070846
0.905272 -9.285174 -34.925712 -153.963579 0.010123 0.998826 -0.047362 0.136999 0.045533 0.989524 -0.990519 0.016505 0.136377
0.284870 -8.625910 -0.744001 -118.209352 0.028215 0.997944 -0.057551 0.178636 0.051613 0.982561 -0.983511 0.038004 0.176812
1.099956 -23.023419 -39.964634 183.568360 0.330583 0.942542 -0.048258 -0.027578 -0.041464 -0.998759 0.943374 -0.331504 -0.012287
0.737285 -25.149597 -38.936876 72.668540 0.321519 0.946055 -0.040081 0.304270 -0.143305 -0.941745 0.896686 -0.290593 0.333931
1.100752 -23.311117 -3.673921 163.008122 0.286979 0.957191 -0.037790 0.202455 -0.099162 -0.974258 0.936298 -0.271941 0.222246
0.661466 -27.041847 -33.652360 182.295741 0.279059 0.959973 -0.024031 0.515488 -0.170869 -0.839688 0.810184 -0.221935 0.542537
1.701876 -20.641487 13.236727 213.236917 0.271054 0.962291 -0.022945 -0.105542 0.006018 -0.994397 0.956760 -0.271957 -0.103193
1.753866 -22.786365 16.514898 294.702484 0.260981 0.965063 -0.023304 0.109798 -0.053660 -0.992504 0.959080 -0.256466 0.119966
1.276618 -28.415822 20.102171 381.889638 0.250723 0.967321 -0.037798 0.414917 -0.142657 -0.898606 0.874633 -0.209618 0.437125
2.525140 -15.794194 38.845286 -408.724705 0.281082 0.940439 -0.191225 -0.788861 0.112941 -0.604105 0.546527 -0.320653 -0.773621
2.922706 -17.709127 55.859393 -373.481080 0.305075 0.927938 -0.214153 -0.826798 0.146487 -0.543089 0.472582 -0.342744 -0.811907
2.840461 -12.749848 27.777973 -250.710148 0.278576 0.932533 -0.229733 -0.709421 0.038559 -0.703730 0.647393 -0.359020 -0.672300
0.023374 -7.552097 -11.788911 18.648436 0.191988 0.930642 0.311521 0.482602 -0.365922 0.795737 -0.854539 0.002432 0.519382
0.394106 -6.819844 6.217477 -102.440324 0.260711 0.872042 0.414213 0.466772 -0.489429 0.736602 -0.845076 -0.001303 0.534645
-0.211760 -7.257031 4.732038 18.322604 0.235282 0.899467 0.368240 0.455823 -0.436743 0.775552 -0.858410 0.014621 0.512756
0.459289 -6.459062 17.776291 -51.447183 0.296527 0.822951 0.484586 0.457133 -0.567810 0.684559 -0.838511 -0.018531 0.544569
-0.478102 -6.587656 13.358095 26.331618 0.261812 0.876628 0.403704 0.412741 -0.479814 0.774225 -0.872410 0.036076 0.487442
-1.587433 -4.534816 48.462974 -40.632957 0.321657 0.851119 0.414890 0.933704 -0.357897 0.010317 0.157269 0.384066 -0.909813
-1.293283 -4.923943 49.339915 -25.500377 0.425109 0.801706 0.420178 0.872150 -0.486995 0.046808 0.242151 0.346560 -0.906234
-2.401674 -5.191725 67.301757 -28.543596 0.383589 0.835095 0.394303 0.900252 -0.433340 0.041979 0.205924 0.338870 -0.918021
-2.467129 -4.710155 64.421755 -27.644580 0.227970 0.891756 0.390898 0.966499 -0.255882 0.020086 0.117935 0.373224 -0.920215
0.626498 -16.134135 18.687532 -83.665164 0.213976 0.975183 0.056855 0.973687 -0.208251 -0.092551 0.078414 -0.075163 0.994083
0.442165 -15.520399 7.358596 -52.183750 0.174972 0.982576 0.062675 0.981023 -0.179389 0.073577 -0.083538 -0.048612 0.995318
0.604581 -16.932475 -43.937564 -64.997297 0.201612 0.976621 0.074594 0.973723 -0.191613 -0.123078 0.105907 -0.097448 0.989590
0.796836 -16.982309 8.024514 -77.706294 0.245217 0.967883 0.055424 0.926448 -0.217111 -0.307500 0.285591 -0.126752 0.949932
0.143235 -14.361150 2.612436 -52.977747 0.186728 0.982270 -0.016668 0.627623 -0.132329 -0.767188 0.755792 -0.132795 0.641205
0.457200 -13.364095 4.419870 -31.151906 0.149601 0.988452 0.024118 0.770933 -0.101337 -0.628803 0.619097 -0.112663 0.777191
-0.054978 -14.710970 30.763131 -37.386287 0.158979 0.986998 -0.023673 0.720156 -0.132334 -0.681075 0.675353 -0.091229 0.731831
-0.381064 -15.561372 25.571513 -48.705631 0.197847 0.978011 -0.065964 0.540975 -0.165059 -0.824683 0.817437 -0.127476 0.561736
-0.067862 -14.089952 5.869074 -33.323297 0.213328 0.974099 -0.074981 0.444727 -0.165157 -0.880307 0.869890 -0.154448 0.468441
-3.825703 -21.494891 104.278710 -167.855483 -0.314721 -0.858712 -0.404432 0.805178 -0.015898 -0.592819 0.502631 -0.512212 0.696420
-3.799077 -19.893293 131.813199 -11.036885 -0.316560 -0.842313 -0.436232 0.906488 -0.133166 -0.400682 0.279409 -0.522280 0.805701
-2.136523 -21.324749 95.935787 -150.726243 -0.335339 -0.830355 -0.445038 0.834151 -0.042134 -0.549925 0.437882 -0.555640 0.706770
-2.240719 -23.955571 -108.627675 -294.391053 0.348620 0.833164 0.429305 0.684576 0.086502 -0.723791 0.640172 -0.546219 0.540207
-1.343000 -24.829548 -67.950946 -271.706925 0.355275 0.819381 0.449883 0.703007 0.082993 -0.706324 0.616085 -0.567210 0.546545
-0.853098 -25.265222 43.543458 -308.334126 -0.345694 -0.824412 -0.448152 0.836709 -0.054633 -0.544916 0.424751 -0.563347 0.708679
0.340234 -22.091392 90.702958 166.321538 0.208411 0.978037 0.002831 0.836681 -0.176789 -0.518373 0.506488 -0.110403 0.855150
0.266398 -23.347562 69.069382 236.197517 0.220513 0.975383 -0.001496 0.942826 -0.213546 -0.255885 0.249906 -0.055015 0.966706
-1.299065 -20.957597 150.228721 209.623156 0.230216 0.973139 -0.000935 0.892558 -0.211536 -0.398236 0.387737 -0.090845 0.917282
0.119787 -5.165169 -63.670269 45.369227 -0.220269 0.964908 0.142948 0.928429 0.162444 0.334112 -0.299166 -0.206311 0.931630
-0.828783 -5.489268 -113.593292 53.231466 -0.227023 0.960320 0.162005 0.935686 0.168943 0.309759 -0.270098 -0.221909 0.936912
-1.069115 -5.989716 -76.412346 73.132559 -0.122488 0.974403 0.188508 0.927278 0.044655 0.371700 -0.353768 -0.220328 0.909012
0.803285 -31.399908 59.309787 -401.787765 0.345687 0.788553 0.508611 -0.612059 0.600334 -0.514765 0.711256 0.133353 -0.690168
0.458791 -37.795673 46.618347 -678.354505 0.302768 0.813473 0.496581 -0.842544 0.471996 -0.259497 0.445478 0.339824 -0.828293
0.777126 -34.760346 25.708410 -692.463679 0.306405 0.822054 0.479941 -0.830919 0.476969 -0.286485 0.464423 0.311012 -0.829206
1.003324 -31.249890 15.005523 -466.011397 0.365540 0.797054 0.480714 -0.635430 0.591074 -0.496850 0.680154 0.123841 -0.722533
-8.252027 -52.231082 -349.995271 4135.510176 0.706577 0.647564 -0.285325 -0.255944 -0.142045 -0.956199 0.659729 -0.748655 -0.065374
-9.333068 -71.500804 -5.695508 2419.759873 -0.242126 -0.597525 -0.764421 0.898584 0.159064 -0.408957 0.365954 -0.785915 0.498413
-6.910113 -17.130478 106.002665 874.191406 0.393718 0.776667 0.491706 0.317684 0.386986 -0.865632 0.862591 -0.497022 0.094371
4.782120 -128.552289 -129.226345 6688.486600 0.383191 0.863944 0.326750 0.381079 0.174371 -0.907950 0.841394 -0.472436 0.262413
2.248633 -308.706569 232.791410 18512.097677 0.351509 0.926079 0.137185 0.610536 -0.115675 -0.783496 0.709710 -0.359162 0.606065
-29.202705 -1422.799324 -1518.207248 4695.146418 0.199616 0.884722 -0.421214 -0.701681 -0.170985 -0.691670 0.683957 -0.433626 -0.586661
3.304954 -1.963232 -251.061508 -40.663412 -0.879526 0.114372 -0.461902 0.054392 0.988487 0.141191 0.472733 0.099058 -0.875620
1.393846 -2.539011 -230.150803 -8.975542 -0.873586 0.011029 -0.486544 -0.063594 0.988584 0.136591 0.482496 0.150266 -0.862912
4.631812 -1.952980 -155.794938 8.587605 -0.921493 0.096756 -0.376149 0.032954 0.984458 0.172499 0.386993 0.146561 -0.910360
5.646159 -1.296080 -108.659943 -31.091007 -0.936984 0.100768 -0.334524 0.051940 0.987039 0.151841 0.345489 0.124898 -0.930074
4.827906 -1.030907 -209.091369 -79.763635 -0.897406 0.150462 -0.414757 0.100507 0.985054 0.139884 0.429605 0.083847 -0.899116
-0.417819 -7.714857 -2.617457 37.907738 0.342863 0.936938 -0.067760 -0.157113 -0.013922 -0.987482 0.926153 -0.349217 -0.142432
-0.274665 -7.346054 4.360969 55.723437 0.340071 0.937433 -0.074634 -0.261075 0.017869 -0.965153 0.903433 -0.347706 -0.250818
-0.346702 -7.402949 11.720876 41.994236 0.324201 0.941404 -0.093019 -0.219558 -0.020765 -0.975378 0.920157 -0.336641 -0.199961
-0.642209 -7.808443 -4.943158 26.333197 0.334642 0.938747 -0.082274 -0.075469 -0.060330 -0.995321 0.939318 -0.339286 -0.050657
-0.516251 -8.148888 -5.896626 5.721889 0.346180 0.936974 -0.047326 -0.028251 -0.040011 -0.998800 0.937743 -0.347101 -0.012619
-0.018568 -10.710992 61.328859 58.947666 0.383472 0.904661 -0.185842 -0.293171 0.310056 0.904387 -0.875786 0.292323 -0.384118
0.612609 -11.810025 75.518875 178.463050 0.401528 0.891540 -0.209598 -0.402521 0.377359 0.834013 -0.822649 0.250512 -0.510384
-0.456896 -11.449628 50.196589 130.046757 0.366526 0.909818 -0.194651 -0.363858 0.332716 0.870004 -0.856309 0.248054 -0.452994
-0.323403 -2.054989 23.892128 -36.419201 0.973409 0.183608 0.136976 0.138354 -0.947804 0.287274 -0.182572 0.260684 0.948004
-0.032089 -1.944048 1.714987 -45.357988 0.981627 0.096067 0.164860 0.048735 -0.961585 0.270147 -0.184479 0.257149 0.948600
-0.347484 -1.425867 13.852515 -37.796085 0.955993 0.275275 0.101496 0.228706 -0.915897 0.329887 -0.183770 0.292157 0.938548
-34.408656 -344.356015 1215.775346 11578.617686 -0.324067 0.103245 0.940383 0.063508 0.994159 -0.087263 -0.943900 0.031443 -0.328731
-38.321256 -88.767459 881.833567 -3211.259448 -0.588805 0.445902 0.674151 -0.306458 0.648628 -0.696681 -0.747925 -0.616809 -0.245266
-28.104926 -303.528705 -819.095306 15469.963206 0.338935 0.040691 -0.939929 0.765591 -0.592590 0.250415 -0.546803 -0.804476 -0.232002
-36.691078 -1381.853862 -1046.918919 63310.232591 0.149457 0.107364 -0.982922 0.829443 -0.554734 0.065527 -0.538225 -0.825071 -0.171961
0.520487 -6.397914 46.542900 188.936200 0.232216 0.893340 0.384732 0.001396 -0.395850 0.918314 -0.972663 0.212710 0.093169
0.100249 -7.003789 2.955188 45.924355 0.163930 0.986460 0.004784 0.185977 -0.035667 0.981907 -0.968783 0.160074 0.189306
2.008794 -8.200876 -55.533831 212.061908 0.165128 0.939049 0.301529 0.023162 -0.309334 0.950671 -0.986000 0.149999 0.072830
1.137528 -9.917356 -179.860093 103.092106 0.071793 0.991728 0.106399 0.111014 -0.113957 0.987264 -0.991222 0.059067 0.118277
2.122829 -10.671401 -47.466030 9.293886 0.165733 0.930452 0.326790 -0.168792 -0.299719 0.938977 -0.971618 0.210779 -0.107379
-0.770165 -4.125645 -20.452590 56.121825 -0.293942 0.952018 0.085204 -0.830298 -0.298483 0.470652 -0.473501 -0.067600 -0.878195
-0.712249 -4.495831 -17.628820 52.712761 -0.339564 0.934977 0.102543 -0.839094 -0.350379 0.416120 -0.424991 -0.055256 -0.903509
-0.551462 -3.577607 -18.670543 38.336983 -0.213807 0.976367 0.031518 -0.844299 -0.200923 0.496778 -0.491371 -0.079604 -0.867305
-0.651170 -3.651277 -28.294764 29.157621 -0.170968 0.985230 0.009540 -0.836913 -0.150326 0.526288 -0.519949 -0.081995 -0.850253
-6.033484 -8.776282 26.838085 -64.995403 -0.359223 0.851931 0.381014 -0.097984 0.371580 -0.923216 0.928094 0.368974 0.050004
-6.459563 -9.104804 22.296439 -53.304093 -0.392268 0.829434 0.397700 -0.196850 0.346641 -0.917109 0.898541 0.438040 -0.027298
-5.779081 -8.500992 39.353725 -31.118335 -0.392762 0.662550 0.637782 -0.198980 0.615861 -0.762314 0.897856 0.426314 0.110052
-5.270866 -8.261965 38.221331 -42.495449 -0.346201 0.802325 0.486229 -0.032378 0.507752 -0.860895 0.937601 0.313786 0.149806
-4.508448 -7.885057 -30.268714 -14.798592 0.380724 -0.618165 -0.687693 -0.066543 0.723458 -0.687154 0.922291 0.307378 0.234303
3.239204 -8.525276 -102.472011 216.670995 -0.510022 -0.493872 -0.704250 -0.534328 0.823520 -0.190549 0.674071 0.279116 -0.683903
4.715343 -11.324061 -54.206692 244.384897 -0.582643 -0.455318 -0.673211 -0.398690 0.881944 -0.251439 0.708219 0.121904 -0.695389
4.035626 -11.647072 -201.121388 278.027334 -0.448995 -0.518864 -0.727450 -0.444122 0.836031 -0.322191 0.775344 0.178415 -0.605813
3.907419 -13.158556 -210.246312 169.848135 -0.389861 -0.594755 -0.703047 -0.333044 0.802842 -0.494495 0.858540 0.041362 -0.511076
0.962746 -11.149308 -124.215738 233.738313 -0.363538 -0.635711 -0.680964 -0.507585 0.748112 -0.427418 0.781151 0.190265 -0.594644
1.731707 -8.824023 -131.043684 247.833086 -0.425553 -0.553887 -0.715622 -0.553130 0.785086 -0.278726 0.716207 0.277219 -0.640467
-2.412562 -4.679143 30.323419 -12.056575 -0.029467 -0.923212 0.383160 0.978932 0.050830 0.197758 -0.202048 0.380915 0.902264
-2.082603 -4.710300 20.464433 -15.412630 -0.024237 -0.929118 0.368989 0.971583 0.065039 0.227588 -0.235455 0.364019 0.901139
-2.319238 -5.151148 19.423837 25.177326 -0.164431 -0.933130 0.319736 0.975837 -0.106604 0.190727 -0.143888 0.343371 0.928112
-1.747860 -4.566988 25.408420 199.732481 0.193354 0.981113 -0.005654 -0.958345 0.187627 -0.215338 0.210210 -0.047055 -0.976523
-1.397721 -2.895419 21.910946 228.265069 0.270675 0.962670 0.001194 -0.954301 0.268484 -0.131243 0.126665 -0.034385 -0.991349
-0.871207 -3.538513 45.823092 209.341734 -0.007361 0.999334 -0.035731 -0.987643 -0.012859 -0.156192 0.156548 -0.034140 -0.987080
0.474567 -11.890421 -24.024307 -63.667334 0.199596 0.975347 -0.094125 -0.284727 -0.034184 -0.957999 0.937599 -0.218013 -0.270885
0.326032 -11.589184 -13.565189 -212.938713 0.194094 0.974769 -0.110240 -0.317993 -0.043791 -0.947081 0.928013 -0.218878 -0.301470
0.174579 -12.034258 -9.812420 -13.438406 0.190033 0.976086 -0.105566 -0.262869 -0.053014 -0.963374 0.945932 -0.210823 -0.246508
2.153477 -15.081354 19.101599 118.927692 -0.005244 -0.976522 0.215355 0.986653 -0.040104 -0.157822 0.162753 0.211653 0.963698
1.760571 -14.972185 -27.661913 118.130719 -0.027766 -0.960441 0.277095 0.980212 -0.080511 -0.180839 0.195995 0.266591 0.943671
1.825873 -13.315250 -8.999663 146.141111 0.011475 0.971398 -0.237180 0.929370 -0.097885 -0.355934 0.368970 0.216344 0.903912
1.566379 -13.324473 14.908417 -23.633083 0.033519 0.961375 -0.273192 0.864189 -0.165189 -0.475279 0.502050 0.220159 0.836347
1.974992 -12.873471 16.902827 120.295786 0.000875 0.972211 -0.234106 0.885482 -0.109536 -0.451579 0.464673 0.206901 0.860971
2.214617 -9.550104 41.599010 85.490275 0.169885 0.951199 -0.257604 -0.897355 0.257357 0.358498 -0.407299 -0.170259 -0.897284
1.844659 -11.508913 37.315910 232.604176 0.113862 0.961589 -0.249765 -0.944999 0.182413 0.271483 -0.306615 -0.205116 -0.929470
1.749817 -9.528215 20.296907 75.993123 0.173404 0.951005 -0.255968 -0.920149 0.249095 0.302121 -0.351079 -0.183140 -0.918261
2.336453 -12.002812 28.978465 209.125962 0.096109 0.954617 -0.281905 -0.938780 0.181068 0.293098 -0.330840 -0.236477 -0.913577
1.777499 -8.614495 11.963231 -67.079415 0.243176 0.932390 -0.267420 -0.873461 0.330384 0.357648 -0.421819 -0.146609 -0.894748
2.522415 -8.677962 24.316835 -24.966920 0.199242 0.938364 -0.282444 -0.831526 0.314399 0.457949 -0.518523 -0.143617 -0.842916
2.522210 -10.016157 -8.326429 66.019294 0.124320 0.940522 -0.316169 -0.887770 0.247752 0.387922 -0.443180 -0.232459 -0.865768
2.256993 -8.464608 70.576357 -45.001501 0.245530 0.939725 -0.237974 -0.840807 0.328622 0.430177 -0.482451 -0.094469 -0.870814
-1.391146 -22.042858 -15.740248 311.776045 -0.021851 0.991973 0.124548 0.916137 -0.030009 0.399741 -0.400270 -0.122837 0.908127
-0.572469 -18.913873 -19.283695 203.389984 -0.070593 0.990284 0.119811 0.971865 0.041223 0.231904 -0.224711 -0.132811 0.965332
-0.873121 -18.470174 -6.292401 192.600703 -0.005395 0.993814 0.110924 0.979681 -0.016987 0.199841 -0.200489 -0.109749 0.973529
-1.881347 -24.072332 -8.151152 385.798955 0.039843 0.989228 0.140854 0.898092 -0.097246 0.428922 -0.437999 -0.109410 0.892293
0.118194 -18.483525 -11.430949 -92.380748 0.137186 0.989803 0.038335 0.989417 -0.138774 0.042376 -0.047264 -0.032116 0.998366
0.030772 -17.296991 -20.622166 -91.992496 0.113219 0.992119 0.053676 0.990298 -0.117062 0.074879 -0.080572 -0.044677 0.995747
0.274067 -16.975582 -19.537600 -0.013096 0.092718 0.994872 0.040400 0.967563 -0.099601 0.232167 -0.235000 -0.017563 0.971837
3.470564 -17.000206 29.068381 190.616122 0.058861 0.926448 -0.371793 0.336895 0.332154 0.881008 -0.939700 0.177112 0.292565
4.155793 -16.429816 4.395601 285.128510 -0.024055 0.930764 -0.364828 0.437885 0.337874 0.833125 -0.898709 0.139712 0.415695
4.030575 -18.162502 -24.540753 181.776861 -0.055734 0.937015 -0.344814 0.217449 0.348452 0.911755 -0.974479 0.024164 0.223173
-3.231777 -13.273789 -53.481986 42.104183 -0.014858 0.971727 -0.235641 -0.402028 -0.221584 -0.888411 0.915507 -0.081535 -0.393954
-2.294574 -13.217214 -44.352806 19.888531 0.044597 0.982871 -0.178815 -0.393258 -0.147270 -0.907557 0.918346 -0.110795 -0.379955
-1.687095 -12.793684 -37.488802 84.624401 0.014186 0.976995 -0.212790 -0.581353 -0.165087 -0.796728 0.813528 -0.135008 -0.565637
-2.813566 -13.384830 -47.754796 -27.295673 0.051608 0.984147 -0.169678 -0.211364 -0.155291 -0.964992 0.976044 -0.085665 -0.199999
-2.691724 -12.537830 -81.632721 76.158491 -0.047068 0.955917 -0.289840 -0.579947 -0.262400 -0.771238 0.813294 -0.131791 -0.566732
-3.562156 -12.202276 -52.433758 83.537638 -0.101812 0.952659 -0.286486 -0.523004 -0.296231 -0.799196 0.846228 -0.068466 -0.528404
-4.053942 -13.150977 -50.610876 -16.234860 -0.055831 0.967881 -0.245131 -0.231332 -0.251373 -0.939839 0.971271 -0.004235 -0.237937
-3.625679 -13.534615 -47.269373 -29.062459 0.012753 0.979347 -0.201782 -0.157483 -0.197313 -0.967609 0.987439 -0.044117 -0.151714
-4.237767 -19.204494 -81.538329 -620.622119 -0.297679 0.937235 -0.181598 -0.240513 -0.257712 -0.935809 0.923873 0.234894 -0.302133
-3.768754 -11.003931 104.863718 170.753853 -0.144899 0.895785 0.420205 -0.338619 0.354148 -0.871732 0.929700 0.268603 -0.252014
-2.686220 -13.167768 27.743972 18.008894 -0.149445 0.946212 0.286964 -0.218471 0.251451 -0.942891 0.964332 0.203604 -0.169142
3.111019 -6.142912 -56.324689 -1.064012 0.184312 0.973297 0.136830 0.885961 -0.104245 -0.451893 0.425562 -0.204515 0.881516
2.371555 -6.147779 -38.958338 -12.085792 0.232691 0.961332 0.147297 0.896743 -0.153456 -0.415093 0.376439 -0.228676 0.897776
2.669794 -6.200617 -30.573418 -2.089692 0.150589 0.979375 0.134715 0.921064 -0.089493 -0.378988 0.359115 -0.181152 0.915544
3.525919 -6.318298 -34.265021 30.440918 0.079576 0.990705 0.110321 0.895347 -0.022385 -0.444806 0.438202 -0.134172 0.888806
0.166704 -4.236606 3.048889 -11.188233 -0.266967 -0.947728 -0.174758 0.963703 -0.262998 -0.045929 -0.002432 -0.180676 0.983540
0.427958 -4.266497 -20.546561 -8.821980 -0.259923 -0.949930 -0.173416 0.965316 -0.260190 -0.021603 -0.024600 -0.173017 0.984612
0.103798 -4.273970 -2.007411 23.932377 -0.219619 -0.960511 -0.170839 0.973908 -0.226120 0.019326 -0.057192 -0.162137 0.985109
0.032852 -4.559814 7.798578 34.734555 -0.186664 -0.967890 -0.168364 0.981037 -0.192746 0.020386 -0.052183 -0.161365 0.985514
-2.516674 -7.224872 -33.481453 47.804383 -0.481429 0.749761 0.453965 0.760773 0.614661 -0.208365 0.435259 -0.245051 0.866314
-1.620702 -7.392458 -69.129106 32.397144 -0.472549 0.728767 0.495576 0.772615 0.613095 -0.164869 0.423986 -0.304981 0.852774
-1.969170 -6.627273 -54.547774 58.176850 -0.485343 0.728600 0.483306 0.699870 0.655070 -0.284720 0.524046 -0.200065 0.827859
-2.182941 -6.380934 -9.806417 65.806815 -0.480894 0.763977 0.430209 0.703119 0.629163 -0.331328 0.523799 -0.143154 0.839727
0.372189 -10.677355 8.896631 -18.419806 -0.147197 0.987876 0.049333 0.423250 0.017830 0.905838 -0.893976 -0.154217 0.420743
0.123273 -10.524255 -4.498220 -21.699354 -0.166068 0.985164 0.043279 0.402976 0.027742 0.914790 -0.900018 -0.169358 0.401605
0.486974 -10.284497 -7.732165 -37.786140 -0.161171 0.986103 0.040319 0.246456 0.000655 0.969154 -0.955659 -0.166136 0.243136
0.631716 -10.257356 -15.583769 -22.689168 -0.157460 0.985840 0.057665 0.311786 -0.005778 0.950135 -0.937014 -0.167587 0.306462
0.729305 -9.894327 -23.544009 -44.400286 -0.162658 0.985425 0.049804 0.163464 -0.022865 0.986284 -0.973048 -0.168568 0.157363
0.493809 -9.594122 -2.798258 -55.167942 -0.170419 0.985170 0.019942 0.128896 0.002224 0.991656 -0.976905 -0.171568 0.127363
0.722852 -9.589514 -10.359008 -36.223722 -0.166154 0.985914 0.019159 0.071669 -0.007304 0.997402 -0.983492 -0.167095 0.069446
1.054413 -22.640277 -27.403960 185.896489 -0.059933 0.996566 -0.057137 0.447537 0.077991 0.890858 -0.892255 -0.027821 0.450675
1.223083 -20.680991 -4.586859 179.044889 -0.057160 0.996093 -0.067321 0.421210 0.085197 0.902953 -0.905160 -0.023256 0.424434
1.157854 -23.152436 -10.161028 103.159165 -0.067450 0.993784 -0.088561 0.147657 0.097728 0.984198 -0.986736 -0.053308 0.153331
1.980473 -27.966128 74.083672 815.099331 -0.322943 0.518272 0.791898 0.804700 -0.290059 0.517999 0.498162 0.804525 -0.323381
3.950760 -33.217147 143.861168 770.624340 -0.318430 0.533562 0.783526 0.856540 -0.192172 0.478968 0.406131 0.823639 -0.395824
3.088566 -23.506532 61.453745 502.151672 -0.370521 0.575922 0.728717 0.674213 -0.372873 0.637497 0.638867 0.727516 -0.250137
6.073512 -34.464291 134.819750 827.645833 -0.335722 0.594590 0.730584 0.816782 -0.202587 0.540209 0.469210 0.778088 -0.417637
5.601285 -24.271319 148.877509 603.242869 -0.391899 0.625306 0.674839 0.619723 -0.362710 0.695978 0.679970 0.690966 -0.245371
-8.598416 -11.666521 142.709956 74.746195 0.135076 0.977162 0.164042 -0.968483 0.165174 -0.186436 0.209274 0.133689 -0.968675
-6.590803 -10.800225 -7.231248 -87.465111 -0.195528 0.968582 0.153681 0.964271 0.161315 0.210141 0.178748 0.189279 -0.965517
-5.228741 -9.810581 -14.270230 -19.198808 0.085698 0.979813 -0.180617 0.341615 0.141398 0.929142 -0.935925 0.141327 0.322602
-1.122557 -24.081092 33.911677 -152.033589 0.272609 0.960573 -0.054617 -0.873687 0.223378 -0.432173 0.402934 -0.165532 -0.900135
-0.576227 -23.650948 49.127418 -144.455030 0.257696 0.966115 -0.014678 -0.827640 0.212870 -0.519325 0.498603 -0.145975 -0.854451
-0.714206 -22.450119 31.234182 -349.453919 0.257135 0.965380 -0.043863 -0.721614 0.161620 -0.673166 0.642771 -0.204747 -0.738190
-1.390753 -22.622007 3.564621 -177.435205 0.278785 0.956557 -0.085306 -0.788890 0.177449 -0.588358 0.547661 -0.231323 -0.804088
-1.888836 -24.329397 17.652833 2.745498 0.285577 0.953862 -0.092701 -0.904255 0.236152 -0.355747 0.317442 -0.185419 -0.929973
106.841130 -30.523733 5803.800979 -629.906657 -0.128485 0.860039 -0.493786 0.070310 0.504560 0.860509 -0.989216 -0.075844 0.125298
1.040579 -24.922646 315.512128 432.074941 0.140877 0.819924 0.554868 -0.096204 -0.546468 0.831936 -0.985342 0.170581 -0.001895
7.696546 -9.677647 658.423996 -71.029485 -0.083238 0.985755 -0.146144 0.235737 0.161969 0.958224 -0.968245 -0.045309 0.245861
13.994591 -6.489814 963.688106 -39.999090 -0.266793 0.827174 -0.494575 0.238580 0.553888 0.797676 -0.933756 -0.094819 0.345121
-0.355366 -2.014211 -75.235168 23.524631 0.386110 0.873823 -0.295555 -0.773285 0.481299 0.412773 -0.502941 -0.069172 -0.861548
-0.447223 -2.581819 -79.852410 45.533797 0.425548 0.846174 -0.320777 -0.764895 0.525759 0.372173 -0.483575 -0.086983 -0.870970
0.884675 -2.535876 -96.555740 23.259794 0.387248 0.872370 -0.298345 -0.783072 0.482016 0.393012 -0.486659 -0.081432 -0.869788
1.090120 -2.311056 -103.568639 9.036940 0.315578 0.913047 -0.258371 -0.795376 0.403016 0.452720 -0.517482 -0.062634 -0.853398
2.330296 -2.729236 -66.931964 13.729871 0.381830 0.891849 -0.242510 -0.782922 0.451558 0.427935 -0.491161 -0.026469 -0.870667
1.957867 -2.904058 -62.065836 15.214175 0.415630 0.867245 -0.274112 -0.787112 0.493977 0.369379 -0.455747 -0.062231 -0.887931
4.236484 -6.269655 25.475252 -2.422396 -0.164269 0.986117 -0.024276 -0.967560 -0.156291 0.198497 -0.191947 -0.056096 -0.979801
1.251524 -9.011522 -38.780207 -193.363362 0.018447 0.995354 -0.094496 0.034841 0.093815 0.994980 -0.999223 0.021647 0.032948
1.418561 -10.158358 -30.165462 -152.325808 0.047640 0.998011 -0.041296 0.126778 0.034967 0.991315 -0.990786 0.052461 0.124860
1.012435 -10.216724 -41.352203 29.124006 0.032775 0.999419 0.009316 0.337986 -0.019855 0.940942 -0.940580 0.027690 0.338440
0.952042 -21.443384 -149.749395 244.509103 0.351416 0.791951 -0.499319 -0.811133 0.523876 0.260032 -0.467514 -0.313635 -0.826476
1.668582 -17.514047 -101.269915 279.645685 0.363802 0.812072 -0.456275 -0.681999 0.565861 0.463334 -0.634449 -0.142617 -0.759694
-0.385014 -19.486502 -100.213803 313.639480 0.339417 0.810850 -0.476780 -0.739584 0.543241 0.397373 -0.581216 -0.217743 -0.784076
-0.975520 -23.026850 -71.200073 -105.805694 0.371505 0.815432 -0.443909 0.880249 -0.461382 -0.110851 -0.295203 -0.349569 -0.889189
0.772533 -22.235255 -47.762185 150.523859 0.339609 0.939058 -0.053253 0.076976 -0.084177 -0.993473 0.937411 -0.333294 0.100872
0.692617 -26.351506 -39.114764 -14.216339 0.284216 0.958548 -0.020182 0.611890 -0.197555 -0.765874 0.738114 -0.205325 0.642674
0.587584 -19.369054 54.316357 53.072586 0.264882 0.954601 -0.136287 0.961826 -0.251476 0.107939 0.068765 -0.159676 -0.984772
0.639893 -20.143469 18.814091 107.255382 0.288108 0.945439 -0.152115 -0.940750 0.309112 0.139425 -0.178838 -0.102933 -0.978479
1.577521 -19.763841 28.414696 4.239434 0.305727 0.934753 -0.181018 0.951967 -0.296700 0.075688 0.017041 -0.195463 -0.980563
-4.020142 -5.367539 88.275411 25.821034 -0.200518 0.928044 0.313889 0.979626 0.186272 0.075070 0.011200 0.322546 -0.946487
-3.657515 -5.068789 81.197779 -18.909383 0.177793 0.921840 0.344384 0.980307 -0.196479 0.019835 0.085948 0.334076 -0.938619
-5.223453 -5.649531 98.278308 -0.120324 0.048014 0.962227 0.267982 0.996697 -0.063748 0.050317 0.065499 0.264681 -0.962109
-4.924126 -6.401818 91.150020 76.798252 -0.508347 0.824874 0.247318 0.860470 0.497974 0.107763 -0.034267 0.267590 -0.962923
-5.852312 -6.966684 41.334295 86.044553 -0.703482 0.698286 0.132326 0.710685 0.692818 0.122190 -0.006355 0.180001 -0.983646
0.161735 -16.036430 22.749002 66.955805 0.108501 0.992993 0.046833 0.904886 -0.118160 0.408926 -0.411594 0.001990 0.911365
0.266367 -15.208377 37.278055 24.146834 0.146284 0.988076 0.048021 0.961102 -0.153451 0.229642 -0.234273 -0.012560 0.972090
0.340711 -15.101666 8.503590 -8.840046 0.146766 0.986930 0.066546 0.946851 -0.159636 0.279267 -0.286240 -0.022022 0.957905
0.086021 -15.689932 -10.362057 37.852421 0.092990 0.993717 0.062281 0.860052 -0.111683 0.497833 -0.501661 -0.007271 0.865034
0.196733 -14.405767 -14.891225 50.955862 0.130616 0.988746 0.072948 0.898714 -0.149148 0.412393 -0.418632 -0.011695 0.908081
0.105459 -14.243288 -30.311894 0.274691 0.165817 0.982069 0.089694 0.951613 -0.183207 0.246713 -0.258722 -0.044445 0.964929
-5.553396 -21.571131 76.240886 84.739235 -0.299058 -0.892110 -0.338680 0.855295 -0.093220 -0.509686 0.423124 -0.442098 0.790896
-5.784363 -20.008842 156.192465 111.750919 -0.322511 -0.861358 -0.392491 0.925093 -0.199003 -0.323421 0.200474 -0.467398 0.861017
-4.156905 -22.223736 164.725013 124.201625 -0.362897 -0.816508 -0.449021 0.931493 -0.304932 -0.198335 0.025021 -0.490236 0.871231
-2.028817 -6.288833 -98.718012 81.055391 -0.124024 0.976522 0.176134 0.942118 0.060162 0.329841 -0.311501 -0.206848 0.927460
-2.018802 -5.683067 -100.532761 52.592123 -0.229929 0.964399 0.130642 0.944221 0.188544 0.269995 -0.235751 -0.185435 0.953958
0.355612 -35.296211 -5.786309 -655.677243 0.335376 0.808076 0.484289 -0.685365 0.561982 -0.463089 0.646373 0.176605 -0.742302
0.145457 -42.123223 -19.655061 576.053267 0.290957 0.826027 0.482725 0.887025 -0.421971 0.187421 0.358510 0.373658 -0.855482
-0.080274 -44.602671 36.233256 614.707416 0.263703 0.827879 0.495052 0.955300 -0.295252 -0.015114 0.133652 0.476909 -0.868732
25.541459 -405.819010 -846.760807 -31028.377473 -0.094454 -0.879784 -0.465896 0.971170 -0.184322 0.151178 -0.218879 -0.438184 0.871829
3.499931 -16.653763 -35.017653 621.637313 0.237251 0.755070 0.611213 0.523967 0.430348 -0.735023 0.818028 -0.494641 0.293531
-1.414684 -4.119559 145.179933 -3.931450 -0.466484 0.777469 -0.421822 0.583556 0.628887 0.513774 -0.664722 0.006489 0.747063
0.641718 -4.394781 -183.733134 42.574173 0.533775 -0.683333 0.498136 0.513388 0.729955 0.451219 -0.671950 0.014887 0.740447
-0.778006 -4.230164 146.197456 3.514345 -0.478636 0.767853 -0.425804 0.539246 0.639801 0.547602 -0.692908 -0.032489 0.720294
2.797615 -2.201822 -211.321114 24.060212 -0.882929 -0.034174 -0.468261 -0.113893 0.983148 0.143000 0.455483 0.179590 -0.871942
-0.112814 -6.968522 -4.238956 52.235154 0.352070 0.933153 -0.072613 -0.322822 0.048245 -0.945229 0.878540 -0.356228 -0.318228
-0.081508 -6.889405 2.384964 19.865751 0.340527 0.936089 -0.088201 -0.325101 0.029202 -0.945228 0.882242 -0.350550 -0.314268
0.011612 -1.884851 -2.809958 -47.213189 0.983258 0.026257 0.180318 -0.021345 -0.966155 0.257076 -0.180965 0.256621 0.949419
0.109720 -2.517541 -5.456078 -36.785685 0.981948 0.004795 0.189091 -0.036436 -0.976162 0.213961 -0.185610 0.216988 0.958366
-0.183662 -1.744055 -11.931937 -48.604102 0.977763 -0.049163 0.203870 -0.100558 -0.962997 0.250050 -0.184033 0.264990 0.946526
-41.602613 -53.035570 468.852530 1692.300317 0.965697 -0.177521 -0.189515 0.259653 0.668977 0.696455 -0.003146 0.721773 -0.692123
-26.640704 -60.788309 677.591141 -2332.311779 0.774353 0.349542 -0.527444 -0.632712 0.437328 -0.639077 -0.007282 -0.828592 -0.559806
-567.490156 -4838.340056 -136670.804110 293253.818112 -0.670683 0.179983 -0.719577 0.099701 0.983185 0.152992 0.735013 0.030867 -0.677350
-4.302401 -5.829817 -113.607867 216.688852 0.257574 0.511647 0.819678 0.145244 0.818162 -0.556342 -0.955280 0.262352 0.136423
-1.291892 -9.071544 -86.201892 89.600835 0.216366 0.537802 0.814834 0.176170 0.799398 -0.574393 -0.960287 0.267828 0.078218
-4.595817 -27.748651 116.887249 -1278.861639 -0.245532 0.400603 0.882741 0.969307 0.089631 0.228935 0.012591 0.911857 -0.410314
-5.301035 -43.515033 304.778367 -1750.439414 -0.088772 0.438869 0.894155 0.993944 -0.019344 0.108173 0.064770 0.898343 -0.434494
-3.349206 -218.879031 311.609232 -10621.588770 -0.025424 0.419997 0.907170 0.952533 -0.265210 0.149481 0.303372 0.867909 -0.393318
10.822858 -13.660230 -240.158654 -29.983389 0.214795 0.894348 -0.392435 0.522692 -0.444693 -0.727352 0.825019 0.048891 0.562987
13.187404 -13.071696 -206.343764 24.476768 0.117387 0.859195 -0.498001 0.342886 -0.505695 -0.791645 0.932014 0.077829 0.353968
11.006843 -12.372932 -60.059711 104.308027 0.239624 0.858675 -0.453054 0.267166 -0.506954 -0.819525 0.933382 -0.075337 0.350887
8.904685 -12.493564 -76.006731 93.553224 0.291975 0.880432 -0.373619 0.413009 -0.468405 -0.781038 0.862655 -0.073735 0.500389
5.482829 -11.322836 60.760884 110.485752 -0.642631 -0.373057 -0.669219 -0.238374 0.927454 -0.288108 0.728151 -0.025623 -0.684938
3.809712 -9.256033 108.566538 121.930358 -0.692686 -0.344855 -0.633452 -0.316812 0.934498 -0.162309 0.647932 0.088256 -0.756568
3.969701 -9.288571 253.374076 6.444564 -0.754568 -0.193334 -0.627096 -0.072142 0.974263 -0.213559 0.652244 -0.115905 -0.749095
7.617688 -11.266950 53.673260 -93.360658 -0.657183 -0.313421 -0.685477 -0.044312 0.923937 -0.379970 0.752428 -0.219335 -0.621083
-2.006146 -5.096085 -4.070648 -15.029720 -0.081155 -0.939312 0.333326 0.969720 0.002876 0.244203 -0.230341 0.343051 0.910637
-1.862190 -4.243815 0.178145 -65.436279 0.093336 -0.909665 0.404720 0.945521 0.208324 0.250182 -0.311895 0.359321 0.879551
-1.811006 -4.437271 -15.169593 -71.902476 0.013556 -0.932091 0.361970 0.948362 0.126715 0.290781 -0.316901 0.339336 0.885677
-1.506831 -3.408810 18.107215 -64.849622 -0.332902 0.813386 -0.477053 0.869837 0.460226 0.177697 -0.364089 0.355803 0.860723
-1.557221 -3.342994 29.458656 -87.629896 -0.237301 0.865258 -0.441608 0.890344 0.375548 0.257392 -0.388556 0.332103 0.859495
-0.595677 -5.834770 -5.923885 -0.289065 0.047866 0.992171 0.115347 -0.004486 0.115692 -0.993275 0.998844 -0.047027 -0.009988
-0.555843 -6.224050 7.742608 -73.304068 0.029184 0.993284 0.111960 0.121080 0.107670 -0.986786 0.992214 -0.042355 0.117124
-0.631446 -6.157067 6.672522 -105.010033 0.047717 0.991958 0.117226 0.148024 0.109041 -0.982954 0.987832 -0.064256 0.141630
-0.739990 -5.853240 2.184532 -12.528977 0.024534 0.991067 0.131087 -0.024404 0.131681 -0.990992 0.999401 -0.021114 -0.027416
-0.563633 -6.658992 19.867079 -104.085453 0.040403 0.993125 0.109866 0.156339 0.102319 -0.982389 0.986877 -0.056868 0.151130
-0.432123 -5.946240 -9.124621 8.398938 0.057015 0.990282 0.126850 0.012825 0.126320 -0.991907 0.998291 -0.058181 0.005498
-0.258658 -6.245738 -35.381608 94.441223 0.070013 0.991414 0.110437 -0.132091 0.118948 -0.984075 0.988762 -0.054311 -0.139285
-0.561614 -6.223332 -22.782098 73.891337 0.051830 0.993012 0.106021 -0.147362 0.112607 -0.982652 0.987724 -0.035307 -0.152168
-0.646300 -6.458702 -21.123283 81.537587 0.041323 0.994420 0.097060 -0.145011 0.102083 -0.984150 0.988567 -0.026594 -0.148421
-2.423987 -7.240036 54.276620 -72.317763 -0.005479 0.998754 -0.049609 -0.808596 -0.033613 -0.587403 0.588338 -0.036895 -0.807773
-2.899888 -7.170541 8.290737 -52.102553 0.059625 0.995206 -0.077528 -0.832799 0.006774 -0.553534 0.550355 -0.097570 -0.829210
-2.371409 -7.314069 38.656342 24.051062 0.006284 0.997860 -0.065077 -0.887659 -0.024401 -0.459855 0.460459 -0.060656 -0.885606
-1.497372 -7.322265 79.627237 66.707389 -0.062075 0.997590 -0.031000 -0.911352 -0.069317 -0.405750 0.406920 -0.003065 -0.913458
-1.821625 -7.672254 78.257503 -42.155320 -0.036604 0.999099 -0.021464 -0.849827 -0.042421 -0.525353 0.525790 0.000989 -0.850614
0.045452 -11.469176 -15.558949 -32.348855 0.184979 0.974825 -0.124497 -0.440022 -0.031118 -0.897448 0.878728 -0.220791 -0.423188
0.557242 -11.311556 -18.302694 -3.127705 0.193626 0.975806 -0.101549 -0.508708 0.011354 -0.860864 0.838883 -0.218344 -0.498599
0.439066 -11.553095 -13.843040 158.860139 0.178668 0.976720 -0.118728 -0.650288 0.026665 -0.759220 0.738379 -0.212855 -0.639913
-0.333377 -11.107664 -16.549198 1.186631 0.183206 0.974139 -0.132248 -0.436808 -0.039852 -0.898671 0.880701 -0.222409 -0.418211
-0.139015 -12.247532 -14.290141 -92.641820 0.194105 0.975126 -0.107020 -0.271554 -0.051421 -0.961049 0.942646 -0.215606 -0.254818
-0.095691 -11.295435 -18.783469 121.741571 0.173004 0.974718 -0.141399 -0.622526 -0.003035 -0.782593 0.763237 -0.223417 -0.606262
1.524404 -15.345127 -58.078434 80.905915 -0.065534 -0.939576 0.336008 0.997617 -0.068979 0.001688 0.021591 0.335318 0.941858
1.310583 -15.025671 -59.152531 84.039525 -0.049183 -0.943847 0.326702 0.972777 -0.119432 -0.198595 0.226462 0.308041 0.924027
0.498967 -24.031242 73.176458 -95.273545 0.174511 0.970200 -0.168104 -0.758091 0.023435 -0.651727 0.628366 -0.241171 -0.739589
0.948260 -23.215241 -2.237666 -97.782550 0.209073 0.956266 -0.204559 -0.780502 0.037152 -0.624049 0.589157 -0.290131 -0.754134
0.618579 -22.373435 66.608307 163.680162 0.176556 0.967648 -0.180240 -0.908632 0.089824 -0.407824 0.378440 -0.235775 -0.895094
1.664596 -11.352289 16.617951 265.205494 0.121229 0.964580 -0.234282 -0.951049 0.180462 0.250875 -0.284268 -0.192401 -0.939241
1.575629 -13.574931 34.548088 -227.046441 0.077543 0.969628 -0.231967 0.990034 -0.102323 -0.096758 -0.117555 -0.222153 -0.967899
2.268504 -16.047176 36.712764 -341.807804 0.052427 0.958047 -0.281775 0.989399 -0.088097 -0.115446 -0.135426 -0.272736 -0.952510
-0.092933 -16.555608 26.266104 192.302274 0.094611 -0.987871 -0.123123 0.995254 0.091033 0.034381 -0.022756 -0.125791 0.991796
-0.120712 -16.052790 12.588721 175.110259 0.052214 -0.992516 -0.110388 0.998293 0.054773 -0.020269 0.026163 -0.109141 0.993682
-2.461985 -4.108813 72.680528 -13.147904 -0.230199 0.924760 0.303030 -0.899071 -0.082941 -0.429874 0.372397 0.371402 -0.850518
-3.656885 -4.674505 91.129335 -4.946362 -0.301609 0.927806 0.219565 -0.879939 -0.182218 -0.438752 0.367068 0.325535 -0.871371
-2.739817 -4.550760 75.123577 25.851513 -0.461661 0.869106 0.177547 0.833965 0.357043 0.420740 0.302276 0.342307 -0.889638
-1.586227 -4.388385 61.678923 12.712982 -0.535064 0.827751 0.168923 0.809776 0.445530 0.381793 0.240769 0.341073 -0.908680
-1.614620 -4.014915 57.968382 32.607425 -0.411325 0.881370 0.232374 0.853732 0.283224 0.436950 0.319301 0.378114 -0.868951
0.049920 -15.056612 0.657732 -67.488980 -0.104141 -0.993499 -0.045993 0.993853 -0.105702 0.032920 -0.037568 -0.042282 0.998399
0.008037 -15.502251 -15.422851 -55.580313 -0.096638 -0.994884 -0.029441 0.995242 -0.096958 0.009653 -0.012458 -0.028369 0.999520
0.174051 -15.108902 5.351504 -39.393783 0.069473 0.996972 0.034935 0.982604 -0.074434 0.170145 -0.172230 -0.022507 0.984800
