14906
29799
-11.698147 -14.974372 -48.439719 -570.510858 0.511408 0.792353 0.332622 -0.225286 0.497151 -0.837907 0.829282 -0.353578 -0.432753
-12.325158 -17.111426 -225.741430 -342.488589 0.432639 0.901480 0.012567 -0.503926 0.253356 -0.825754 0.747584 -0.350921 -0.563890
-14.257825 -21.633391 -27.695141 -976.447229 -0.633594 -0.526726 -0.566674 -0.124939 0.792499 -0.596938 0.763511 -0.307417 -0.567931
-9.404911 -14.137149 -28.752165 -298.555226 0.278996 0.912190 -0.300118 -0.536441 -0.111171 -0.836583 0.796487 -0.394399 -0.458320
-8.579192 -21.127770 -465.601497 -1127.867803 -0.499281 -0.624199 -0.600911 -0.108569 0.733145 -0.671350 0.859611 -0.269952 -0.433814
-7.675926 -14.210873 409.908591 -798.789060 0.453778 0.728132 0.513720 -0.066387 0.602513 -0.795343 0.888638 -0.326805 -0.321746
-8.559894 -11.557884 -123.668997 -305.693070 0.233470 0.899808 -0.368560 -0.449773 -0.236114 -0.861368 0.862088 -0.366872 -0.349584
13.854975 -21.354766 -159.249593 422.947093 -0.366842 -0.915463 -0.165392 0.905210 -0.310269 -0.290394 0.214529 -0.256243 0.942506
15.456813 -21.759901 -19.340915 570.040702 -0.397850 -0.870355 -0.290167 0.884066 -0.279152 -0.374834 0.245238 -0.405655 0.880513
14.485349 -23.250468 41.257007 224.284894 -0.390233 -0.888674 -0.240782 0.920211 -0.367784 -0.133968 0.030498 -0.273849 0.961289
11.757544 -22.902584 -326.545168 86.921340 -0.360748 -0.929933 -0.071315 0.930978 -0.354448 -0.087441 0.056037 -0.097937 0.993614
2.892656 -17.497315 -421.776648 1118.263311 0.289639 0.866065 -0.407481 -0.075018 -0.403879 -0.911731 0.954192 -0.294641 0.052009
-4.225211 -90.906694 -458.177622 8198.134808 0.326379 0.933660 -0.147494 -0.132687 -0.109240 -0.985120 0.935880 -0.341093 -0.088231
3.483309 -10.381474 -319.177034 707.036010 0.262894 0.744103 -0.614164 -0.151232 -0.596907 -0.787929 0.952899 -0.300023 0.044391
-1.600091 -8.013454 -41.252697 142.549089 0.437749 0.845218 0.306565 0.106803 0.289673 -0.951148 0.892731 -0.449106 -0.036532
-1.524549 -9.290636 -62.492606 87.030155 0.442375 0.832782 0.332835 0.209055 0.265145 -0.941273 0.872124 -0.485976 0.056804
-0.815485 -8.284385 -205.584745 132.792051 0.458967 0.815988 0.351445 0.137939 0.325327 -0.935487 0.877680 -0.477835 -0.036758
-0.835098 -8.845137 187.342724 114.315356 0.398918 0.865774 0.302158 0.167709 0.255070 -0.952267 0.901520 -0.430551 0.043446
-0.977541 -7.046730 -230.944109 179.544157 0.461290 0.826720 0.322096 0.061636 0.332292 -0.941161 0.885106 -0.454001 -0.102327
-0.835966 -7.333181 206.103389 161.359305 0.394998 0.869813 0.295638 0.077380 0.289163 -0.954147 0.915417 -0.399763 -0.046912
-1.352624 -6.672371 -31.840353 185.934872 0.438890 0.852536 0.283826 0.030007 0.301792 -0.952901 0.898040 -0.426736 -0.106871
-3.704866 -26.438390 270.212534 1367.373903 0.576233 0.733524 0.360414 0.637005 -0.126813 -0.760357 -0.512035 0.667729 -0.540332
-3.957065 -19.799657 206.339493 913.289867 0.542209 0.755315 0.368116 0.717485 -0.188189 -0.670671 -0.437293 0.627762 -0.643965
-5.177924 -26.093594 75.927366 1125.948472 0.521235 0.783619 0.338016 0.664272 -0.123876 -0.737155 -0.535776 0.608766 -0.585105
-4.574838 -17.041657 133.207537 445.365635 0.458451 0.795668 0.395897 0.778530 -0.144715 -0.610695 -0.428619 0.588192 -0.685796
-5.978284 -22.250869 80.525843 1039.738440 0.476954 0.817694 0.322322 0.686774 -0.117860 -0.717252 -0.548504 0.563459 -0.617785
30.091721 -5.030760 -1726.959358 172.265452 0.842802 0.097848 0.529254 -0.427692 0.718723 0.548194 0.326747 0.688377 -0.647591
18.073027 -13.272106 -482.232541 406.385319 0.669268 0.235500 0.704713 -0.612307 0.712078 0.343548 0.420906 0.661426 -0.620769
22.766022 -6.103599 -59.371500 302.390226 0.719021 -0.098289 0.688003 -0.454940 0.681811 0.572855 0.525393 0.724895 -0.445521
50.949844 1.046720 -3471.279704 53.565088 0.859805 -0.340124 0.380856 -0.175625 0.503379 0.846029 0.479470 0.794308 -0.373073
23.446110 -5.019291 200.924340 342.697470 0.707690 -0.360896 0.607395 -0.344819 0.573929 0.742769 0.616664 0.735092 -0.281720
-0.515947 -19.439523 12.467971 -23.153449 0.286158 0.890325 0.354169 -0.657361 0.451339 -0.603465 0.697130 0.060131 -0.714419
-0.421564 -19.094134 -9.893324 126.497564 0.266536 0.903786 0.334859 -0.577203 0.427913 -0.695505 0.771878 0.007905 -0.635722
-0.637941 -19.391667 -23.284051 148.784495 0.281102 0.900154 0.332724 -0.526893 0.434536 -0.730453 0.802101 -0.030022 -0.596434
-4.592276 -27.499143 -94.533111 -740.896472 0.432528 0.758052 0.488136 0.872885 -0.487658 -0.016136 0.225811 0.433066 -0.872618
-3.426892 -22.046996 -38.608236 -1178.934104 0.453816 0.739868 0.496636 0.891026 -0.383745 -0.242514 0.011154 0.552572 -0.833391
-5.271633 -26.391360 -187.834340 -1119.061283 0.380620 0.776243 0.502569 0.918200 -0.381725 -0.105804 0.109714 0.501730 -0.858038
-3.124734 -23.724231 -51.176997 -1007.102499 0.479551 0.744228 0.464925 0.875194 -0.444138 -0.191774 0.063768 0.498865 -0.864331
-6.525074 -35.301392 -159.645372 832.129648 0.366200 0.781782 0.504693 -0.834019 0.516285 -0.194582 0.412685 0.349667 -0.841085
-4.774904 -33.142720 -204.109592 477.193212 0.443569 0.774583 0.450851 -0.796541 0.571298 -0.197841 0.410815 0.271365 -0.870398
-3.346170 -28.603307 -130.290169 -487.900741 0.494397 0.755392 0.430064 0.827490 -0.560497 0.033219 0.266143 0.339450 -0.902187
-3.595538 -21.331273 12.392721 224.615245 -0.342769 -0.816079 -0.465322 0.784143 0.024225 -0.620107 0.517329 -0.577432 0.631619
-3.208304 -20.273859 -20.198613 233.812420 0.351211 0.797052 0.491283 0.710398 0.114952 -0.694349 0.609906 -0.592869 0.525852
-3.614071 -20.055819 -61.305083 185.768747 0.351469 0.815738 0.459391 0.694328 0.102031 -0.712389 0.627995 -0.569351 0.530530
2.908967 -15.562709 -208.038695 577.020621 0.164918 0.910640 0.378862 0.985558 -0.137182 -0.099279 -0.038435 0.389764 -0.920112
3.530989 -14.290844 -166.292305 265.105443 0.175353 0.902408 0.393586 0.984168 -0.171148 -0.046068 0.025790 0.395433 -0.918133
3.899304 -17.489460 -292.551585 511.631383 0.168143 0.911553 0.375231 0.978100 -0.106906 -0.178584 -0.122674 0.397041 -0.909566
4.433762 -15.343276 -102.006848 254.606405 0.190172 0.882067 0.431037 0.981452 -0.159975 -0.105642 -0.024228 0.443132 -0.896129
-1.081893 -9.816665 11.175245 3.702436 0.488642 0.856564 0.165911 0.384061 -0.040427 -0.922422 0.783406 -0.514455 0.348727
-1.017027 -9.569528 -41.931225 -152.278011 0.509840 0.844846 0.162167 0.468864 -0.114843 -0.875773 0.721269 -0.522539 0.454669
-0.899743 -9.594508 -37.551627 -7.936684 0.503189 0.845637 0.178041 0.376371 -0.028992 -0.926015 0.777911 -0.532970 0.332862
-0.975049 -11.002500 14.536854 78.356556 0.481842 0.855601 0.189144 0.300998 0.041107 -0.952738 0.822939 -0.516002 0.237728
-1.263518 -11.091814 38.144072 39.246194 0.472489 0.859736 0.193927 0.315682 0.040347 -0.948007 0.822860 -0.509142 0.252340
1.635621 -8.388896 411.393156 39.718854 -0.505555 0.471381 -0.722644 0.775523 0.615334 -0.141166 0.378124 -0.631795 -0.676652
-0.383449 -9.092080 477.227473 53.651975 -0.402606 0.555633 -0.727448 0.795980 0.604940 0.021525 0.452022 -0.570368 -0.685825
-3.356822 -11.691808 473.154801 209.833074 -0.630224 0.358879 -0.688494 0.683782 0.676600 -0.273231 0.367778 -0.642977 -0.671804
3.565677 -6.490916 195.661628 -16.024011 -0.325454 0.552452 -0.767382 0.825458 0.561836 0.054391 0.461192 -0.615740 -0.638879
-0.548171 -10.813476 -420.107053 247.762687 0.672212 -0.326382 0.664535 0.664018 0.662750 -0.346183 0.327433 -0.673971 -0.662232
3.075147 -8.232432 309.891057 194.890154 -0.636421 0.335915 -0.694355 0.696140 0.637829 -0.329489 0.332199 -0.693063 -0.639772
4.125574 -6.060390 123.220551 42.419827 -0.459851 0.430053 -0.776912 0.788723 0.599779 -0.134839 0.407988 -0.674774 -0.615001
0.236584 -37.192643 38.742475 284.486522 0.586676 0.728224 0.354261 0.514047 -0.672903 0.531937 -0.625753 0.129968 0.769118
-0.368423 -36.757562 83.815434 570.807414 0.605146 0.720058 0.339581 0.438036 -0.657329 0.613223 -0.664773 0.222340 0.713191
-0.108788 -33.797454 40.919672 395.909127 0.586119 0.737577 0.335327 0.610275 -0.674122 0.416082 -0.532944 0.039232 0.845241
-0.099985 -34.400816 -15.778521 199.531615 0.561605 0.748431 0.352776 0.694213 -0.658207 0.291261 -0.450188 -0.081328 0.889222
-0.194779 -31.100699 20.631192 251.596085 0.563387 0.756075 0.333086 0.730944 -0.644060 0.225627 -0.385118 -0.116353 0.915503
-0.187034 -30.149921 -18.152254 304.824724 0.557372 0.753349 0.349001 0.708252 -0.650772 0.273634 -0.433262 -0.094665 0.896283
0.471785 -32.237657 62.647711 -149.533947 0.492109 0.802174 0.338150 0.551869 0.012940 -0.833831 0.673253 -0.596950 0.436327
0.035021 -33.978065 3.044767 100.057006 0.489413 0.779800 0.390367 0.333655 0.246137 -0.909995 0.805698 -0.575612 0.139722
0.955266 -33.337665 58.846688 -296.225083 0.495845 0.786001 0.369243 0.535397 0.058080 -0.842601 0.683731 -0.615491 0.392024
1.304971 -31.058610 -90.698600 -525.669073 -0.504264 -0.800821 -0.323115 0.671085 -0.127927 -0.730260 0.543472 -0.585081 0.601928
0.399033 -32.588684 -12.734623 1179.577845 0.650564 0.683556 0.330934 0.758369 -0.607975 -0.235040 0.040537 0.403879 -0.913914
-0.126217 -29.648869 -104.320733 961.945849 0.668821 0.678102 0.304723 0.739727 -0.647844 -0.181937 0.074041 0.347095 -0.934902
1.766943 -25.618409 -99.147354 1051.493456 0.678995 0.663634 0.313934 0.713860 -0.696648 -0.071315 0.171375 0.272527 -0.946763
-7.941094 -23.941132 -50.632489 -235.079688 -0.429117 -0.695836 -0.575909 0.708212 0.136539 -0.692670 0.560619 -0.705102 0.434208
-8.363729 -24.601333 -67.215142 -23.930948 -0.466185 -0.658953 -0.590298 0.592925 0.262487 -0.761275 0.656590 -0.704898 0.268343
-7.831011 -24.833596 71.809188 -33.693912 0.414279 0.715339 0.562728 0.558085 0.288752 -0.777923 0.718967 -0.636327 0.279596
1.487905 -66.521493 50.021326 -527.199065 0.596340 0.782606 0.178627 0.549683 -0.235947 -0.801360 0.585002 -0.576071 0.570890
1.575311 -78.607611 93.869045 -2554.305756 0.567784 0.793844 0.217792 0.336815 0.017376 -0.941411 0.751118 -0.607873 0.257513
1.727022 -80.164481 72.997703 -1328.770447 0.608447 0.767213 0.202920 0.410662 -0.085586 -0.907762 0.679080 -0.635656 0.367140
1.250374 -60.950372 -35.044717 1048.444592 0.620855 0.758209 0.199143 0.591497 -0.286375 -0.753738 0.514462 -0.585754 0.626276
11.612548 1.380968 -1101.353579 6.940522 0.531921 -0.440235 0.723363 0.474641 0.862435 0.175848 -0.701267 0.249800 0.667700
8.942683 1.262608 -1364.842915 3.412845 0.489748 -0.419664 0.764218 0.491482 0.856878 0.155582 -0.720134 0.299403 0.625911
3.309094 1.124603 -1171.999167 -12.559569 0.416745 -0.553840 0.720822 0.553072 0.783790 0.282462 -0.721412 0.280952 0.632954
1.145203 -4.607367 9.685907 -798.086670 0.444994 0.887679 0.118346 0.564272 -0.380548 0.732653 -0.695397 0.259247 0.670234
4.619608 1.248819 -1239.656976 28.009423 0.402486 -0.569858 0.716427 0.559791 0.772448 0.299930 -0.724320 0.280331 0.629900
4.602361 -1.969529 456.145976 63.434078 0.752244 -0.521825 0.402277 0.481692 0.852121 0.204605 -0.449557 0.039861 0.892362
4.992495 -2.970614 470.786051 72.960806 0.780797 -0.468025 0.413894 0.416039 0.883702 0.214435 -0.466120 0.004765 0.884709
6.880024 -2.603650 148.317568 96.599865 0.693590 -0.507376 0.511373 0.474525 0.855896 0.205593 -0.541995 0.100062 0.834403
0.114828 -10.766225 293.563366 -32.364987 -0.183465 -0.853802 -0.487199 0.931479 -0.309375 0.191402 -0.314146 -0.418700 0.852057
-1.875228 -10.890501 104.231271 -11.242282 -0.111509 -0.888270 -0.445582 0.959188 -0.213448 0.185469 -0.259855 -0.406715 0.875819
-1.337172 -10.739869 131.227208 -50.884514 -0.120419 -0.883048 -0.453570 0.929613 -0.260612 0.260577 -0.348308 -0.390266 0.852276
-1.195786 -10.192925 -129.513831 -92.260514 0.115773 0.886100 0.448802 0.890942 -0.292392 0.347462 -0.439112 -0.359630 0.823314
0.741981 -10.177142 -280.445898 -81.525130 0.167744 0.857887 0.485687 0.890222 -0.343468 0.299221 -0.423516 -0.382177 0.821325
-0.729306 -16.736202 -33.869998 -707.049502 0.278515 0.881315 0.381725 0.940677 -0.330512 0.076739 0.193796 0.337706 -0.921085
-0.866563 -12.202584 -35.426972 -206.535982 0.269082 0.887204 0.374786 0.951603 -0.304903 0.038559 0.148483 0.346272 -0.926309
-1.170337 -14.270528 -20.683497 134.750280 0.328303 0.863474 0.382922 0.932893 -0.359959 0.011866 0.148082 0.353330 -0.923704
-1.053470 -14.959715 -12.296461 -507.027760 0.287931 0.874075 0.391265 0.939596 -0.336810 0.060977 0.185081 0.350074 -0.918256
-50.168277 -1632.495064 -1716.394224 195919.159714 0.606894 0.192686 -0.771071 0.098072 0.944597 0.313240 0.788709 -0.265724 0.554373
-274.601778 -1247.023947 5181.962037 -104915.703172 0.128328 -0.211818 -0.968847 0.907019 0.420139 0.028284 0.401060 -0.882392 0.246039
-43.011552 -370.880576 -1618.420758 -31488.077818 0.419085 0.011176 -0.907878 0.708461 0.621346 0.334681 0.567847 -0.783456 0.252479
2.266714 -488.417291 1343.093494 45542.166274 0.269616 -0.423172 -0.865004 -0.266249 0.830493 -0.489277 0.925429 0.362224 0.111245
-31.007404 -192.119308 -1218.454774 13510.419742 0.463943 -0.087986 -0.881485 -0.407299 0.862458 -0.300456 0.786679 0.498422 0.364295
-7.408274 -119.709645 1433.366040 9553.615573 -0.291230 -0.786393 -0.544767 0.956629 -0.235314 -0.171723 0.006851 -0.571151 0.820817
11.202306 -179.320560 1612.001375 14403.750377 -0.192180 -0.813602 -0.548742 0.980985 -0.143814 -0.130331 0.027121 -0.563355 0.825770
0.765187 -32.757863 740.684891 1867.698093 -0.279019 -0.809058 -0.517275 0.947704 -0.145086 -0.284268 0.154939 -0.569540 0.807229
-17.521797 -30.608521 2335.383269 2152.728072 -0.319033 -0.764597 -0.560009 0.933779 -0.152529 -0.323714 0.162093 -0.626200 0.762627
-0.715242 -15.963588 -7.264278 83.447514 0.416654 0.825529 0.380659 -0.783745 0.538366 -0.309688 0.460590 0.169307 -0.871316
-0.877785 -16.466702 -29.622962 64.607478 0.433396 0.823638 0.365772 -0.727959 0.559213 -0.396681 0.531266 0.094347 -0.841935
-0.469654 -14.544846 -10.347982 116.909028 0.470770 0.792405 0.387904 -0.764113 0.585992 -0.269711 0.441029 0.169431 -0.881355
-10.567655 -16.383317 222.680583 148.638674 0.399336 0.907592 -0.129647 -0.804549 0.414721 0.425096 -0.439581 0.065448 -0.895815
-10.945033 -17.557559 284.564653 -47.340147 0.361768 0.929507 -0.071696 -0.889124 0.367128 0.273269 -0.280327 0.035113 -0.959262
-11.880817 -16.802440 70.644174 82.169116 0.394621 0.890961 -0.224638 -0.837841 0.449281 0.310111 -0.377223 -0.065835 -0.923780
-11.454238 -15.804217 -76.743823 184.095355 0.466787 0.835236 -0.290672 -0.709983 0.549891 0.439937 -0.527289 -0.001015 -0.849685
-4.688609 -13.308165 637.517839 73.497068 0.661820 0.515867 0.543945 -0.657146 0.748396 0.089787 0.360768 0.416875 -0.834303
-8.591214 -15.000775 -197.074726 52.277612 -0.846082 -0.339987 -0.410554 -0.431011 0.889518 0.151615 0.313648 0.305232 -0.899143
-7.339721 -14.349339 375.758114 215.846945 0.747582 0.477420 0.461727 -0.619898 0.751123 0.227026 0.238427 0.455944 -0.857477
-2.244291 -12.212265 692.909193 -126.190150 0.549677 0.614169 0.566261 0.802165 -0.577288 -0.152544 0.233208 0.538085 -0.809987
0.902317 -12.170698 758.249817 -74.505299 0.560114 0.599963 0.571241 0.764292 -0.640264 -0.076947 0.319579 0.479694 -0.817168
-4.210762 -8.036428 81.368080 67.221686 0.011382 0.896309 0.443284 0.706058 -0.321117 0.631162 -0.708062 -0.305800 0.636501
-3.441083 -7.233846 26.444033 162.935757 -0.024990 0.916496 0.399263 0.765481 -0.239333 0.597293 -0.642974 -0.320555 0.695579
-3.915306 -8.448228 62.019222 86.002685 0.105476 0.865053 0.490468 0.701417 -0.414341 0.579944 -0.704904 -0.282852 0.650466
1.958614 -11.819973 -52.645589 43.933539 0.525834 0.850545 -0.008484 0.260550 -0.151569 0.953489 -0.809699 0.503587 0.301309
2.872633 -11.607957 -77.644108 98.666275 0.519984 0.852710 0.050018 0.342034 -0.261515 0.902564 -0.782706 0.452211 0.427640
1.880806 -11.448821 -50.658736 4.937668 0.523131 0.848537 0.079494 0.222129 -0.225805 0.948510 -0.822796 0.478537 0.306610
2.325956 -11.754476 -48.238044 63.047414 0.515469 0.846630 0.132323 0.284268 -0.314624 0.905651 -0.808383 0.429220 0.402849
1.089214 -12.086275 -0.929657 -13.923541 0.532813 0.845188 0.042039 0.143755 -0.139356 0.979752 -0.833933 0.515982 0.195750
1.709276 -11.769583 -10.016901 0.836244 0.525573 0.837177 0.151354 0.171437 -0.278478 0.945018 -0.833296 0.470728 0.289883
1.232428 -12.104576 3.969623 -61.642170 0.527979 0.839462 0.128617 0.102331 -0.213227 0.971629 -0.843070 0.499838 0.198482
5.715251 -9.420354 302.179300 -80.324786 -0.719792 -0.651323 -0.240162 -0.614167 0.758751 -0.217019 0.323573 -0.008708 -0.946163
6.032268 -8.570961 330.525540 -84.879318 -0.729583 -0.637678 -0.247133 -0.567698 0.766203 -0.301084 0.381349 -0.079369 -0.921018
7.430617 -9.412308 173.495762 -83.325700 -0.703230 -0.637306 -0.315134 -0.579419 0.770600 -0.265422 0.411997 -0.004058 -0.911176
7.314585 -9.986710 177.439912 -68.481461 -0.679594 -0.666181 -0.307174 -0.651316 0.740605 -0.165203 0.337549 0.087796 -0.937204
0.142169 -18.602350 102.055107 -295.770299 0.548763 0.829696 0.102294 0.159369 -0.223949 0.961482 -0.820646 0.511324 0.255123
0.840870 -20.358845 153.100984 -181.077415 0.544614 0.834508 0.083617 0.319442 -0.298586 0.899335 -0.775469 0.463079 0.429192
1.523096 -19.548671 152.699376 -294.126044 0.547108 0.829852 0.109629 0.151955 -0.227255 0.961907 -0.823154 0.509609 0.250433
0.723021 -17.753245 117.357386 -166.885124 0.551632 0.825519 0.119246 0.042664 -0.170705 0.984398 -0.832996 0.537938 0.129386
5.540860 -25.886990 278.489560 -335.564675 0.008551 -0.888248 -0.459285 0.996111 -0.032711 0.081807 -0.087689 -0.458198 0.884514
6.554262 -22.884847 233.261507 -108.684140 0.012402 -0.909996 -0.414432 0.978820 -0.073652 0.191014 -0.204345 -0.408023 0.889809
7.487862 -27.709449 56.000085 -773.932355 0.016783 -0.926555 -0.375785 0.999024 0.000185 0.044162 -0.040849 -0.376159 0.925654
6.025376 -30.509488 133.974201 -724.393445 -0.009597 -0.900101 -0.435576 0.993361 0.041357 -0.107348 0.114638 -0.433715 0.893728
4.175658 -25.927553 275.774154 -459.643258 -0.027902 -0.861564 -0.506882 0.999415 -0.014013 -0.031196 0.019774 -0.507456 0.861451
-0.088079 -39.075194 80.206268 -318.321081 0.442102 0.788665 0.427263 -0.422244 -0.237272 0.874878 -0.791363 0.567195 -0.228111
0.175129 -35.833285 123.579382 -442.230725 0.452207 0.797249 0.399878 -0.248567 -0.317925 0.914952 -0.856577 0.513144 -0.054402
0.291855 -42.258286 21.942638 -483.513997 0.424841 0.816193 0.391584 -0.119442 -0.378242 0.917969 -0.897354 0.436763 0.063205
0.333281 -36.489273 107.081300 -277.107329 0.452059 0.811760 0.369714 0.053946 -0.438605 0.897059 -0.890355 0.385579 0.242067
0.332036 -36.524218 -40.311265 -463.284562 0.409107 0.810937 0.418345 -0.271055 -0.329771 0.904312 -0.871298 0.483355 -0.084897
0.741954 -38.763894 -81.203626 -527.280994 0.400411 0.824447 0.399948 -0.008565 -0.433078 0.901316 -0.916295 0.364323 0.166348
7.502158 -11.127820 -231.785075 5.566031 0.394593 0.892554 0.218274 -0.057103 -0.213270 0.975323 -0.917080 0.397320 0.033188
7.880475 -10.738868 -30.690306 14.167373 0.466319 0.853001 0.234383 0.000520 -0.265219 0.964188 -0.884616 0.449497 0.124121
5.900320 -11.535204 -249.977659 -106.132652 0.378235 0.907338 0.183511 0.067637 -0.224796 0.972056 -0.923235 0.355254 0.146396
5.060125 -11.825763 -141.779447 -117.810113 0.422675 0.891094 0.165218 0.193815 -0.266962 0.944016 -0.885314 0.366990 0.285546
3.459140 -12.783465 -302.496721 -143.006776 0.331987 0.936757 0.110773 0.206263 -0.186684 0.960523 -0.920456 0.296033 0.255195
2.678058 -19.734100 -6.947188 -330.891173 0.490674 0.863076 0.119745 0.814442 -0.503128 0.289045 -0.309715 0.044302 0.949797
3.173342 -18.524706 -2.319627 -100.340590 0.475887 0.869894 0.129678 0.764544 -0.482043 0.427909 -0.434746 0.104491 0.894471
2.725651 -19.208311 0.568763 -173.382518 0.504176 0.857153 0.105337 0.767239 -0.500565 0.400973 -0.396423 0.121342 0.910014
-0.703150 -15.622709 22.879432 -81.284280 0.473756 0.872732 0.117878 0.433001 -0.347395 0.831762 -0.766855 0.343011 0.542474
-0.947562 -16.857831 -66.659829 -75.400516 0.442151 0.892524 0.088898 0.558088 -0.351347 0.751727 -0.702169 0.282764 0.653455
-0.921443 -16.072836 -77.962954 -81.216338 0.464123 0.875376 0.135302 0.393698 -0.340701 0.853771 -0.793468 0.342986 0.502761
-0.574694 -14.717250 6.050623 -84.025189 0.495222 0.850132 0.178969 0.260219 -0.341696 0.903067 -0.828880 0.400648 0.390436
-2.077250 -16.611758 93.834596 -180.563529 0.412585 0.890199 0.193184 0.899364 -0.431757 0.068770 0.144627 0.145369 -0.978750
-2.179998 -16.028616 43.153941 -250.035192 0.438969 0.884089 0.160287 0.893626 -0.448144 0.024490 0.093483 0.132486 -0.986767
-1.765513 -15.873264 58.906848 -269.733463 0.448392 0.875711 0.179092 0.893779 -0.436999 -0.100948 -0.010138 0.205333 -0.978640
-1.371982 -15.943746 24.176769 -227.842464 0.418924 0.889582 0.182063 0.907928 -0.407498 -0.098040 -0.013024 0.206371 -0.978387
-2.442521 -47.579336 124.084157 -188.046691 0.404988 0.914310 -0.004708 -0.822960 0.366759 0.433849 -0.398399 0.171829 -0.900973
-1.515174 -47.393513 120.443715 -200.628101 0.411459 0.911422 -0.003279 -0.869528 0.393619 0.298304 -0.273172 0.119888 -0.954465
-2.382951 -46.213515 93.722218 -854.487170 0.406560 0.913416 -0.019506 -0.909754 0.406708 0.083280 -0.084002 0.016113 -0.996335
-3.281935 -51.144479 68.569169 -826.621424 0.388005 0.921277 -0.026467 -0.897960 0.384342 0.214358 -0.207656 0.059405 -0.976396
-2.721264 -35.468584 -6.089348 202.628564 0.455900 0.881710 -0.121416 0.308313 -0.028479 0.950859 -0.834924 0.470931 0.284826
-2.129250 -35.674307 85.912045 -13.257144 0.487659 0.861768 -0.139804 0.244296 0.019041 0.969514 -0.838158 0.506946 0.201241
-2.550536 -36.864207 34.495519 165.278017 0.471560 0.876338 -0.098300 0.070437 0.073684 0.994791 -0.879016 0.476028 0.026980
-2.205118 -12.506933 -105.781511 -62.285788 -0.158344 0.830829 -0.533526 0.384256 0.549598 0.741815 -0.909546 0.087548 0.406277
-2.186025 -11.274912 -60.223990 -140.434458 -0.136398 0.867999 -0.477466 0.264658 0.496380 0.826779 -0.954647 0.013594 0.297428
-1.962092 -11.326184 -6.856038 -37.519957 -0.166704 0.821451 -0.545370 0.363677 0.565337 0.740360 -0.916487 0.074917 0.392987
-1.489376 -11.300914 -9.152881 40.527548 -0.239767 0.722384 -0.648593 0.445877 0.675391 0.587402 -0.862384 0.148353 0.484031
1.312731 -49.353715 76.949129 1304.595245 0.241199 0.940009 -0.241259 0.081286 -0.267294 -0.960181 0.967065 -0.211984 0.140881
1.182030 -53.757521 91.815375 1393.658372 0.268945 0.920388 -0.283821 0.199304 -0.341482 -0.918514 0.942309 -0.190463 0.275277
1.050684 -60.078167 141.498867 2147.023851 0.238888 0.926346 -0.291233 0.373883 -0.364539 -0.852833 0.896183 -0.094845 0.433428
-6.395805 -23.052594 359.223910 -381.857224 0.724809 0.571468 -0.384807 0.102892 0.462489 0.880634 -0.681223 0.677885 -0.276417
-11.165659 -30.274996 233.718970 28.376032 0.729649 0.613502 -0.302038 -0.067052 0.503751 0.861243 -0.680526 0.608153 -0.408698
-11.801843 -23.976961 65.586033 -538.825557 0.630074 0.584677 -0.511038 0.190524 0.521590 0.831652 -0.752800 0.621367 -0.217245
3.500762 -10.634522 151.172211 45.629842 0.516227 0.816986 0.256990 0.707706 -0.237919 -0.665242 -0.482350 0.525289 -0.701006
4.300126 -10.719109 64.034392 -39.613297 0.451800 0.854025 0.257909 -0.736439 0.193864 0.648131 -0.503521 0.482760 -0.716526
3.341739 -10.219627 88.484740 34.892144 0.461823 0.846543 0.264734 0.785351 -0.251552 -0.565636 -0.412241 0.469133 -0.781007
2.616499 -9.938767 113.999816 54.947831 0.509162 0.818807 0.265159 0.768312 -0.293570 -0.568782 -0.387880 0.493327 -0.778574
2.548054 -9.376835 83.986700 66.009544 0.459616 0.843454 0.278097 0.827825 -0.293461 -0.478108 -0.321651 0.449962 -0.833111
3.016372 -9.737557 21.790331 50.595761 0.407494 0.872889 0.268354 0.845101 -0.249098 -0.473026 -0.346053 0.419542 -0.839185
7.430927 -4.546379 504.237287 24.800013 0.788167 -0.458923 0.410100 0.352972 0.882910 0.309647 -0.504185 -0.099300 0.857867
4.917602 -4.780016 466.917128 -20.966274 0.826646 -0.405966 0.389677 0.287599 0.900007 0.327528 -0.483677 -0.158679 0.860742
9.486409 -4.475851 516.981371 -29.470029 0.777579 -0.466868 0.421195 0.328108 0.872693 0.361597 -0.536392 -0.142973 0.831771
-6.229260 -10.724565 40.911387 65.781592 0.316741 0.948406 0.014168 0.633155 -0.222531 0.741347 -0.706251 0.225844 0.670972
-6.165615 -9.462486 10.686607 83.507779 0.196389 0.979854 -0.036288 0.709422 -0.116445 0.695098 -0.676869 0.162253 0.717999
-6.134442 -10.308032 55.550261 54.915474 0.242203 0.964947 -0.101072 0.716742 -0.107738 0.688965 -0.653925 0.239312 0.717713
-5.974123 -11.467081 27.627306 31.063258 0.335461 0.939936 -0.063134 0.628209 -0.173258 0.758509 -0.702011 0.294111 0.648597
-6.064998 -10.947850 0.212705 13.173450 0.229635 0.958297 -0.170099 0.739211 -0.058038 0.670968 -0.633115 0.279817 0.721712
-5.631499 -9.880536 -45.021100 -12.587323 0.001464 0.962175 -0.272427 0.826671 0.152126 0.541731 -0.562683 0.226000 0.795180
3.883926 -7.261299 -270.079548 143.579085 -0.024436 0.997695 0.063309 0.998714 0.021548 0.045895 0.044425 0.064349 -0.996938
1.915078 -7.763301 -163.855612 -216.474548 0.000509 0.999065 0.043222 -0.996768 0.003979 -0.080234 0.080331 0.043041 -0.995838
3.411976 -6.365211 -180.579128 -135.760034 -0.102275 0.992868 0.061257 -0.989520 -0.095234 -0.108538 0.101930 0.071716 -0.992203
0.532931 -31.089826 53.935892 -364.901306 0.426213 0.794030 0.433428 -0.484146 -0.204514 0.850751 -0.764164 0.572443 -0.297259
1.053479 -34.140884 119.667494 18.342578 0.435690 0.787493 0.435923 -0.580495 -0.124295 0.804721 -0.687896 0.603660 -0.402982
0.505256 -31.907216 60.371205 303.260594 0.416790 0.797099 0.436944 -0.620089 -0.102159 0.777852 -0.664663 0.595144 -0.451693
2.454998 -41.004886 32.623952 487.848632 0.623432 0.059092 -0.779641 -0.137694 0.989853 -0.035081 0.769658 0.129223 0.625243
4.771730 -45.467717 32.304962 1634.913118 0.637387 0.093614 -0.764836 -0.313202 0.938373 -0.146157 0.704019 0.332706 0.627426
4.535370 -37.023215 38.440191 1210.685573 0.601181 -0.010899 -0.799038 -0.361237 0.888204 -0.283903 0.712804 0.459319 0.530035
-0.817260 -12.181229 -59.192198 -257.315866 0.483708 0.873998 0.046413 -0.842268 0.479253 -0.246781 0.237929 -0.080277 -0.967959
0.214776 -10.760263 -130.157168 -383.342237 0.475104 0.879783 0.016085 -0.837739 0.457841 -0.297616 0.269202 -0.127923 -0.954550
0.143006 -12.392079 -111.654596 -102.065031 0.529584 0.847462 0.036740 -0.835206 0.528515 -0.151999 0.148231 -0.049811 -0.987698
-0.700752 -13.984463 -92.009346 -48.690393 0.536714 0.842241 0.050682 -0.839622 0.539059 -0.066710 0.083507 0.006749 -0.996484
0.260760 -14.181764 -124.524510 -26.086472 0.566757 0.822893 0.040422 0.823397 -0.567427 0.006567 0.028341 0.029561 -0.999161
0.865372 -12.650832 -95.016970 -77.689633 0.553567 0.832000 0.036597 -0.828413 0.554622 -0.078271 0.085419 -0.013011 -0.996260
-11.494002 -18.922688 11.222661 -258.443073 0.464825 0.885354 -0.009238 -0.608018 0.311600 -0.730219 0.643624 -0.345041 -0.683151
-15.950026 -20.305589 -385.006561 -303.530001 0.611641 0.741868 0.274823 -0.441365 0.608271 -0.659699 0.656577 -0.282202 -0.699478
-10.035599 -16.150484 120.101860 -281.087348 0.364815 0.905981 -0.214731 -0.603555 0.054501 -0.795456 0.708965 -0.419796 -0.566692
-11.428083 -18.106667 1784.027323 -126.456777 0.077562 0.908689 0.410206 -0.815060 0.294743 -0.498803 0.574161 0.295654 -0.763497
-10.679507 -20.772017 767.421166 -140.671234 0.292201 0.905232 0.308504 -0.880253 0.380676 -0.283268 0.373864 0.188790 -0.908066
-3.099616 -25.436768 2291.083614 -1001.485037 0.115268 0.881196 0.458484 -0.815249 0.347627 -0.463168 0.567523 0.320390 -0.758464
-2.780666 -26.091514 1714.802022 -140.153075 0.312759 0.851829 0.420202 -0.883448 0.423369 -0.200693 0.348857 0.308458 -0.884959
10.571799 -31.368998 4131.005121 -2529.415632 -0.028536 0.822757 0.567677 -0.689323 0.395075 -0.607248 0.723892 0.408641 -0.555871
9.018954 -42.653518 1454.992633 -3554.940290 0.335581 0.850748 0.404492 -0.716064 0.509376 -0.477272 0.612076 0.129479 -0.780127
-0.514374 -9.378875 -189.332363 93.666702 0.447995 0.809412 0.379675 0.227427 0.307530 -0.923960 0.864625 -0.500278 0.046310
-1.863743 -10.152138 -175.726294 50.253031 0.443374 0.816301 0.370233 0.318639 0.242530 -0.916323 0.837788 -0.524244 0.152573
-2.638455 -10.053144 -71.021457 50.598237 0.431316 0.841902 0.324295 0.296533 0.207190 -0.932277 0.852077 -0.498270 0.160287
-1.085010 -9.724642 180.299522 72.055921 0.392081 0.865022 0.313063 0.262786 0.220815 -0.939247 0.881598 -0.450530 0.140739
0.169694 -11.714649 -30.505795 -84.961170 -0.384196 -0.921938 -0.049232 0.922683 -0.381541 -0.055523 0.032405 -0.066758 0.997243
0.005270 -12.373987 59.714698 18.632073 0.404316 0.913734 0.040228 0.893200 -0.385001 -0.232310 0.196782 -0.129858 0.971809
0.352396 -11.947890 20.368931 -13.373297 -0.404365 -0.912454 -0.062581 0.906856 -0.391119 -0.156967 0.118748 -0.120224 0.985619
0.476225 -11.125073 21.470426 -109.887178 -0.364116 -0.929159 -0.063898 0.931337 -0.363663 -0.018989 -0.005594 -0.066425 0.997776
0.736009 -10.340601 -24.610390 -178.807180 0.337801 0.939169 0.062070 0.936005 -0.342130 0.082713 -0.098917 -0.030157 0.994639
0.387299 -10.560616 44.747581 -167.942840 0.362919 0.930853 0.042459 0.926762 -0.365315 0.087504 -0.096964 -0.007593 0.995259
19.189182 -12.607004 -1324.299513 229.502363 0.707619 0.411759 0.574221 -0.652404 0.692843 0.307145 0.271375 0.591966 -0.758902
15.477777 -14.760529 -951.173386 333.501007 0.690811 0.351261 0.631977 -0.611737 0.749886 0.251891 0.385431 0.560613 -0.732909
-0.356106 -19.199027 -9.524116 -85.375655 0.279667 0.893792 0.350603 -0.685985 0.441512 -0.578353 0.671723 0.078762 -0.736604
-0.447407 -19.684735 -6.811229 -64.297701 0.266914 0.899721 0.345339 -0.631998 0.433941 -0.642085 0.727554 0.046872 -0.684447
-0.462114 -19.294592 7.354101 150.661591 0.250065 0.909915 0.330940 -0.516305 0.414464 -0.749432 0.819083 -0.016540 -0.573437
-3.320799 -16.669168 -119.292910 -1099.530820 0.380331 0.773465 0.507050 0.919979 -0.260202 -0.293146 -0.094803 0.577968 -0.810534
-2.692701 -17.609090 60.126389 -1066.034909 0.485930 0.728358 0.483080 0.870396 -0.353164 -0.343054 -0.079259 0.587171 -0.805573
-2.337407 -18.966734 -44.548319 22.715657 0.354032 0.784249 0.509524 0.603676 0.224483 -0.764972 0.714309 -0.578412 0.393958
-2.106393 -20.155368 76.075101 285.699215 -0.364249 -0.770449 -0.523193 0.705807 0.138138 -0.694805 0.607585 -0.622355 0.493472
-0.999050 -18.384496 -138.842109 -2.773798 0.378871 0.758401 0.530363 0.613363 0.223359 -0.757559 0.692995 -0.612322 0.380551
-1.613897 -19.098387 -63.768983 -183.775239 0.358993 0.777325 0.516613 0.501983 0.305833 -0.808999 0.786853 -0.549756 0.280413
-2.462957 -20.505621 -25.178192 -237.400627 0.349217 0.798739 0.489963 0.469153 0.303588 -0.829295 0.811137 -0.519471 0.268713
-2.782192 -29.203598 -66.410989 -277.379716 0.310979 0.886675 0.342198 -0.801472 0.051141 0.595841 -0.510817 0.459557 -0.726549
-2.654739 -27.596034 -1.001189 472.716927 0.339906 0.866960 0.364479 0.864321 -0.135214 -0.484424 -0.370693 0.479685 -0.795292
-2.097169 -26.162947 -66.313148 581.934679 0.291682 0.891514 0.346591 0.902991 -0.137137 -0.407186 -0.315482 0.431737 -0.845029
-2.308610 -28.861136 -122.352755 -205.748013 0.278543 0.902641 0.328105 -0.795778 0.025636 0.605045 -0.537727 0.429630 -0.725443
-3.061681 -29.255212 -110.966408 184.731430 0.292743 0.898742 0.326442 -0.622655 -0.079918 0.778405 -0.725674 0.431134 -0.536210
-1.114210 -10.556622 -36.744431 1.874407 0.514372 0.844534 0.148941 0.508357 -0.160408 -0.846075 0.690648 -0.510912 0.511834
-0.896083 -10.113007 -52.147740 -34.039169 0.506677 0.845822 0.166923 0.506217 -0.135148 -0.851751 0.697871 -0.516062 0.496646
-0.804329 -9.343336 -92.515991 -156.130299 0.512092 0.838887 0.184472 0.465123 -0.090279 -0.880631 0.722096 -0.536766 0.436417
-5.961182 -11.572172 523.529743 167.004930 -0.484291 0.456268 -0.746513 0.733336 0.677039 -0.061937 0.477159 -0.577441 -0.662481
-0.955570 -9.650133 559.999400 -23.086732 -0.256895 0.664516 -0.701729 -0.805629 -0.548314 -0.224305 0.533822 -0.507710 -0.676213
2.525251 -7.732549 312.973045 46.303019 -0.260404 0.637325 -0.725263 0.816275 0.546504 0.187158 0.515640 -0.543278 -0.662544
0.330667 -41.585071 73.140390 406.280685 0.602528 0.718783 0.346858 0.313881 -0.613000 0.725058 -0.733784 0.327996 0.594962
-0.491656 -41.408571 82.008827 506.272689 0.607813 0.714096 0.347318 0.198882 -0.560342 0.804029 -0.768771 0.419624 0.482604
-1.410539 -42.556534 183.093229 774.175865 0.614735 0.710559 0.342355 0.279652 -0.602214 0.747752 -0.737492 0.363929 0.568912
-0.983633 -36.885630 73.640565 665.342717 0.589651 0.730655 0.344173 0.489924 -0.662362 0.566790 -0.642095 0.165590 0.748528
-0.424905 -15.997383 -42.221899 -776.191823 0.262256 0.890424 0.371978 0.945512 -0.314177 0.085446 0.192950 0.329301 -0.924301
-0.749304 -51.648481 146.169464 -233.194058 0.654826 0.677531 0.334896 -0.348714 -0.122274 0.929219 -0.670523 0.725259 -0.156197
-1.283877 -44.637853 163.595506 203.586544 0.645109 0.684732 0.339081 -0.205377 -0.272052 0.940111 -0.735972 0.676114 0.034875
-1.087613 -46.849325 64.778430 458.047673 0.648975 0.685459 0.330117 -0.068071 -0.379848 0.922541 -0.757758 0.621177 0.199852
-1.085797 -45.462329 195.890378 -40.540995 0.649060 0.675275 0.350320 -0.416052 -0.070432 0.906609 -0.636884 0.734195 -0.235235
-1.040720 -51.000275 -133.776918 124.945734 0.619038 0.712404 0.330563 -0.300930 -0.173616 0.937709 -0.725419 0.679954 -0.106909
-0.970603 -48.155612 -146.714132 -423.379182 0.634643 0.700809 0.325721 -0.539220 0.099640 0.836249 -0.553597 0.706355 -0.441127
-1.828759 -9.413165 119.221795 112.185301 0.900931 0.114111 0.418691 0.321879 -0.822821 -0.468358 -0.291063 -0.556726 0.778035
-1.459663 -10.378727 117.689966 163.785447 0.905876 0.099665 0.411650 0.278907 -0.871811 -0.402687 -0.318748 -0.479596 0.817550
-2.357253 -9.796993 115.449307 103.640420 0.906196 0.068700 0.417241 0.258457 -0.870937 -0.417934 -0.334678 -0.486569 0.806995
-1.202119 -9.601444 99.281751 136.234228 0.897597 0.136073 0.419289 0.335659 -0.827547 -0.449999 -0.285748 -0.544656 0.788478
-2.542367 -9.514153 102.832763 -46.176133 0.917961 0.056420 0.392637 0.283251 -0.786187 -0.549252 -0.277698 -0.615407 0.737670
-2.156921 -9.213787 43.740464 -23.223299 0.893616 0.137124 0.427373 0.364235 -0.777946 -0.511989 -0.262267 -0.613185 0.745131
1.202089 -54.932410 98.556996 -654.330263 0.570902 0.798548 0.190769 0.437719 -0.099461 -0.893594 0.694603 -0.593658 0.406322
1.311867 -66.149572 50.321170 -2693.033461 0.567814 0.790269 0.230351 0.252188 0.099373 -0.962562 0.783574 -0.604648 0.142871
-19.812951 -387.674918 96.332499 -32032.769164 0.581708 0.809564 -0.078876 -0.569937 0.336488 -0.749632 0.580334 -0.481021 -0.657138
-5.569547 -99.339755 426.750162 -7633.025885 0.150321 0.883672 -0.443314 -0.515783 -0.312450 -0.797711 0.843429 -0.348566 -0.408815
-23.064813 -182.248070 -1678.025575 -16037.751802 0.438685 0.877276 -0.194788 -0.497077 0.056308 -0.865877 0.748645 -0.476672 -0.460775
1.252245 -0.756317 -7.221529 -1053.523423 0.500648 0.851115 0.157970 0.503536 -0.434767 0.746612 -0.704133 0.294247 0.646232
3.037819 1.239757 -1143.767668 31.413566 0.558999 -0.314124 0.767363 0.436893 0.898156 0.049401 -0.704730 0.307641 0.639307
1.088905 -6.190089 -14.076521 -603.950711 0.525639 0.828414 0.193480 0.525058 -0.494870 0.692400 -0.669341 0.262364 0.695088
0.891427 -5.310305 20.488843 -636.366033 0.549126 0.811132 0.201309 0.504498 -0.513759 0.693926 -0.666290 0.279493 0.691333
9.042443 0.251086 -670.536835 58.525454 0.543344 -0.470005 0.695610 0.544771 0.827838 0.133824 -0.638750 0.306235 0.705846
10.502156 0.153463 472.594038 55.796235 0.717806 -0.538166 0.441737 0.542348 0.830044 0.129944 -0.436593 0.146300 0.887684
10.089808 -0.326974 -358.429673 -41.589047 0.615645 -0.470299 0.632297 0.506821 0.850724 0.139290 -0.603418 0.234708 0.762101
12.744136 0.795625 -204.690209 100.128926 0.633660 -0.513282 0.578806 0.549590 0.825236 0.130141 -0.544450 0.235641 0.805014
3.828309 0.347094 -1017.302565 100.925517 0.578423 -0.292170 0.761619 0.438611 0.898602 0.011609 -0.687784 0.327339 0.647921
12.298757 0.798890 -1350.372222 77.342739 0.508333 -0.440936 0.739712 0.530170 0.837128 0.134670 -0.678614 0.323716 0.659311
-92.089357 -294.406434 2447.589253 -21420.129463 -0.275817 0.144042 -0.950356 0.961188 0.034642 -0.273710 -0.006504 -0.988965 -0.148006
-12.895362 -235.811341 -635.884137 -18828.946112 0.682596 0.030532 -0.730158 0.730733 -0.041622 0.681393 -0.009587 -0.998667 -0.050722
-36.075272 -488.866788 -138.350832 -42756.068988 0.477810 -0.134481 -0.868109 0.797187 0.481524 0.364180 0.369040 -0.866054 0.337283
5.742522 -31.925400 148.008544 1410.401922 -0.254804 -0.846224 -0.467952 0.962925 -0.177703 -0.202970 0.088601 -0.502321 0.860130
5.146059 -352.203143 435.983457 29952.855315 -0.229708 -0.846067 -0.481046 0.922133 -0.347288 0.170478 -0.311297 -0.404428 0.859961
6.314051 -122.585471 97.513209 10746.954121 -0.299865 -0.828659 -0.472658 0.953815 -0.251166 -0.164779 0.017830 -0.500240 0.865703
-1.027973 -16.985287 -26.615276 103.757913 0.394459 0.844258 0.362810 -0.737675 0.526363 -0.422821 0.547940 0.100850 -0.830416
-1.142312 -16.660808 -85.963548 79.438741 0.414094 0.839434 0.351961 -0.679502 0.542361 -0.494086 0.605642 0.034560 -0.794986
0.703358 -14.847502 0.193632 23.617412 0.414247 0.896180 0.158936 0.887328 -0.436519 0.148658 -0.202603 -0.079447 0.976033
1.182786 -14.484544 -34.737242 -58.969647 0.419162 0.893267 0.162410 0.882889 -0.442742 0.156478 -0.211682 -0.077800 0.974237
0.943432 -14.468951 -61.625368 31.562172 -0.396123 -0.907819 -0.137662 0.912545 -0.405844 0.050511 -0.101724 -0.105614 0.989191
-14.902323 -16.690839 -658.954313 -141.504709 0.458664 0.888051 0.031501 -0.874492 0.444800 0.193433 -0.157767 0.116268 -0.980608
-11.421990 -17.289845 -9.315708 -94.324054 0.334581 0.942260 0.014234 -0.917438 0.322242 0.233382 -0.215319 0.091143 -0.972281
-13.009901 -17.419619 -471.196722 5.724338 0.269685 0.960484 0.068859 -0.902264 0.227059 0.366556 -0.336436 0.160984 -0.927844
-16.054589 -17.958472 -89.273642 620.914798 -0.552088 0.769138 0.321911 -0.795182 -0.601820 0.074157 -0.250769 0.215036 -0.943861
-8.080189 -16.264716 -44.818747 -157.366566 0.391435 0.385787 -0.835432 0.758401 -0.649425 0.055451 -0.521158 -0.655298 -0.546789
-8.310497 -15.356756 50.239959 90.604164 -0.459903 -0.324419 0.826584 -0.623641 0.780656 -0.040595 -0.632108 -0.534161 -0.561347
-9.083101 -16.359745 152.528040 124.851732 -0.480654 -0.365944 0.796904 -0.660681 0.748672 -0.054695 -0.576604 -0.552789 -0.601624
-8.951137 -15.511654 112.665767 42.733981 -0.529099 -0.309250 0.790202 -0.528569 0.848610 -0.021808 -0.663829 -0.429214 -0.612459
-8.937961 -17.119393 -143.120025 -117.900771 0.420437 0.434900 -0.796301 0.788828 -0.608851 0.083967 -0.448312 -0.663447 -0.599045
-9.108440 -14.985725 -131.498500 -238.037139 -0.899389 -0.212934 -0.381784 -0.252376 0.966022 0.055753 0.356940 0.146496 -0.922569
-8.891090 -15.637695 168.024872 -246.828500 -0.930977 -0.264487 -0.251651 -0.288861 0.955180 0.064736 0.223250 0.132961 -0.965650
-8.600331 -15.792910 -127.021333 65.555821 0.886058 0.376552 0.270388 -0.435738 0.875581 0.208544 0.158219 0.302600 -0.939894
-3.653174 -8.248341 -30.674583 130.180369 0.134959 0.861073 0.490244 0.728052 -0.421784 0.540405 -0.672105 -0.283991 0.683830
-3.001307 -6.519295 -34.345125 177.118955 -0.214821 0.934672 0.283265 0.752554 -0.026452 0.657999 -0.622506 -0.354525 0.697709
-2.280578 -5.074187 -84.445504 178.587117 -0.323835 0.928412 0.182157 0.746827 0.132640 0.651656 -0.580844 -0.347069 0.736317
-3.086930 -5.845509 -56.994461 213.040572 -0.083629 0.935475 0.343354 0.804641 -0.139867 0.577053 -0.587843 -0.324535 0.741024
2.974730 -11.632163 -62.205411 80.096982 0.525102 0.849713 -0.047492 0.373424 -0.179903 0.910049 -0.764737 0.495603 0.411771
4.077321 -11.583526 -101.360120 62.413999 0.525921 0.850529 0.002729 0.403637 -0.252409 0.879413 -0.748655 0.461401 0.476052
3.932355 -11.411586 -178.762100 14.195498 0.513037 0.856263 0.060056 0.399698 -0.300227 0.866086 -0.759628 0.420330 0.496274
