11620
23225
-6.720822 -8.715834 -49.310181 -182.804872 0.342390 0.390865 -0.854397 0.568423 0.637890 0.519608 0.748107 -0.663567 -0.003769
-6.477764 -8.710329 42.671429 -108.279536 -0.125532 -0.064181 -0.990011 0.591222 0.796510 -0.126603 0.796679 -0.601210 -0.062042
-8.185235 -10.907328 -15.304395 -224.396380 0.304599 0.510870 -0.803885 0.435475 0.675920 0.594553 0.847102 -0.531172 -0.016587
-5.321460 -7.129143 4.983813 -75.148318 -0.314563 -0.270283 -0.909944 0.616415 0.670822 -0.412347 0.721861 -0.690612 -0.044410
-5.307054 -12.217002 -143.512958 -296.186612 0.438297 0.469157 -0.766673 0.419913 0.647285 0.636157 0.794713 -0.600762 0.086697
-3.938678 -9.783047 -181.661975 -302.165959 0.442521 0.363161 -0.819933 0.555158 0.607111 0.568520 0.704255 -0.706774 0.067047
-4.313160 -6.641147 -84.995552 -110.193475 0.227687 0.173937 -0.958073 0.703968 0.650377 0.285374 0.672746 -0.739429 0.025636
-3.631026 -11.574429 64.073753 5.824290 -0.111546 0.028741 0.993344 -0.555099 0.827299 -0.086270 -0.824271 -0.561027 -0.076328
-3.943785 -10.983204 -33.505702 53.237658 0.171903 -0.041358 -0.984245 0.695189 -0.702799 0.150950 -0.697969 -0.710185 -0.092061
-2.388754 -11.390172 -135.668890 73.788573 0.084501 -0.092362 -0.992133 0.715113 -0.687754 0.124933 -0.693883 -0.720044 0.007934
-1.814496 -12.097814 164.251393 -7.070736 -0.029611 0.064686 0.997466 -0.567103 0.820662 -0.070055 -0.823114 -0.567741 0.012384
0.294055 -2.617604 -52.107823 4.271311 0.148520 0.976919 -0.153525 -0.348219 -0.093641 -0.932725 0.925573 -0.191989 -0.326274
-0.176867 -3.161404 -8.447504 12.016330 0.016603 0.884988 -0.465318 -0.315747 -0.436927 -0.842258 0.948698 -0.160906 -0.272178
-0.446597 -2.602164 -8.648056 10.742468 0.060961 0.937847 -0.341653 -0.308934 -0.307754 -0.899915 0.949128 -0.160408 -0.270972
0.531576 -2.247901 -90.053111 -5.142879 0.224488 0.965664 0.130762 -0.268119 0.190215 -0.944421 0.936866 -0.176952 -0.301614
1.857001 -2.658195 -80.587535 -12.787535 0.194054 0.979428 0.055355 -0.328274 0.118008 -0.937182 0.924435 -0.163692 -0.344420
13.931511 -10.430946 755.917593 21.543393 0.479620 -0.014909 -0.877350 0.857508 -0.204128 0.472241 -0.186132 -0.978831 -0.085120
27.391370 -10.251717 1294.202058 256.435383 0.663489 -0.198690 -0.721321 0.709718 -0.138016 0.690834 -0.236816 -0.970296 0.049442
13.415089 -12.029984 677.283815 206.540640 0.274746 0.073620 -0.958694 0.961319 -0.000814 0.275436 0.019497 -0.997286 -0.070996
-0.858020 -7.896149 -3.844439 -50.862495 0.310626 0.131226 -0.941430 0.764367 0.554255 0.329462 0.565027 -0.821937 0.071861
-0.793657 -7.119323 0.032817 -26.639561 0.272745 0.115192 -0.955165 0.859187 0.417565 0.295697 0.432906 -0.901316 0.014918
-0.790942 -7.135125 -0.686951 -64.167273 0.279095 0.129061 -0.951551 0.822039 0.480081 0.306224 0.496344 -0.867678 0.027895
-0.832576 -7.695657 -3.394927 -36.323231 0.296843 0.138801 -0.944785 0.728529 0.606714 0.318032 0.617357 -0.782708 0.078978
-0.838313 -8.694102 -9.976437 -45.329324 0.326697 0.146335 -0.933732 0.655269 0.676879 0.335348 0.681096 -0.721402 0.125246
-1.004072 -9.182177 -0.503224 -60.596909 0.339155 0.149350 -0.928799 0.653809 0.672468 0.346873 0.676393 -0.724901 0.130425
-1.318166 -10.098112 4.064091 -66.731143 0.395649 0.135907 -0.908290 0.618361 0.691807 0.372871 0.679038 -0.709177 0.189673
-1.234709 -8.874734 2.288498 -43.529810 0.373162 0.112087 -0.920970 0.728146 0.579779 0.365595 0.574938 -0.807027 0.134735
-1.158450 -9.332417 15.858513 -45.673737 0.363802 0.135710 -0.921537 0.657480 0.663394 0.357253 0.659825 -0.735861 0.152117
-1.195918 -10.332296 18.952388 -101.129197 0.377126 0.167149 -0.910954 0.572281 0.731285 0.371101 0.728197 -0.661274 0.180131
0.617220 -11.725036 -3.424116 -142.676068 -0.264102 -0.171625 0.949102 0.267776 0.932308 0.243101 -0.926578 0.318350 -0.200267
0.269032 -13.159037 -20.030456 -132.753840 -0.279583 -0.156867 0.947220 0.454059 0.847664 0.274401 -0.845969 0.506812 -0.165766
0.693718 -12.831756 -8.508364 -95.951128 -0.255429 -0.151840 0.954830 0.408001 0.878417 0.248834 -0.876522 0.453131 -0.162423
0.837622 -11.695212 4.711025 -87.583578 -0.221631 -0.135168 0.965717 0.312712 0.928189 0.201682 -0.923629 0.346690 -0.163447
0.899188 -12.314415 3.428677 -45.337318 -0.229084 -0.143233 0.962811 0.212476 0.957905 0.193058 -0.949934 0.248801 -0.189007
0.891598 -12.427133 -13.053403 -75.664350 -0.236307 -0.139011 0.961683 0.417654 0.879092 0.229699 -0.877339 0.455930 -0.149677
0.730071 -13.540756 -6.613825 -31.161597 -0.252323 -0.162192 0.953953 0.629401 0.721295 0.289114 -0.734974 0.673370 -0.079916
0.967071 -24.579656 7.935107 171.200867 -0.315460 -0.244802 0.916819 0.946316 -0.009377 0.323106 -0.070500 0.969528 0.234618
1.347422 -24.335698 37.784764 354.058950 -0.313277 -0.251643 0.915715 0.946168 -0.165339 0.278259 0.081382 0.953592 0.289894
0.792286 -22.847430 16.515311 231.207305 -0.330298 -0.240081 0.912833 0.911937 -0.330625 0.243017 0.243462 0.912715 0.328143
-1.194558 -2.979090 95.139134 -143.315444 0.231072 0.183853 -0.955408 0.242683 0.940053 0.239593 0.942184 -0.287224 0.172602
-0.432188 -1.639549 -80.402072 58.908097 0.363770 0.757801 -0.541672 -0.021452 -0.574542 -0.818194 0.931242 -0.309254 0.192745
0.404075 -2.424774 64.524457 -109.040996 0.217600 0.130875 -0.967224 0.249436 0.950606 0.184743 0.943627 -0.281461 0.174207
-1.194013 -3.385034 -154.722461 126.980729 0.384431 0.859650 -0.336474 0.079672 -0.394019 -0.915643 0.919709 -0.325194 0.219963
-2.857701 -4.132805 45.898559 -180.394907 0.317914 0.462948 -0.827411 0.143093 0.839263 0.524559 0.937259 -0.285162 0.200569
-0.718046 -6.495310 -43.847186 23.828680 0.264286 0.141488 -0.954010 0.940188 0.182659 0.287547 0.214943 -0.972942 -0.084751
-0.476610 -6.382718 -15.983869 -7.877710 0.213820 0.146466 -0.965831 0.939354 0.240551 0.244437 0.268133 -0.959522 -0.086149
-0.582943 -6.374272 -30.266317 22.168573 0.234064 0.141678 -0.961843 0.953097 0.161826 0.255772 0.191888 -0.976596 -0.097155
-0.703530 -6.184755 -29.024698 9.591011 0.245204 0.144911 -0.958580 0.967141 0.031955 0.252224 0.067182 -0.988929 -0.132314
-0.914158 -6.334105 -19.096530 10.584392 0.288282 0.159972 -0.944088 0.951596 0.061877 0.301059 0.106578 -0.985180 -0.134391
0.852667 -5.609864 -21.088023 32.467768 0.373196 0.142289 -0.916776 0.770445 0.502981 0.391694 0.516855 -0.852504 0.078084
0.649866 -4.956932 -18.541276 52.277973 0.399154 0.168832 -0.901206 0.687672 0.594992 0.416043 0.606452 -0.785799 0.121392
1.091395 -5.417983 -21.160964 43.840221 0.405260 0.187913 -0.894680 0.706743 0.556376 0.436989 0.579895 -0.809403 0.092670
1.242287 -6.022175 -17.905574 20.891200 0.387858 0.170226 -0.905864 0.787052 0.450325 0.421611 0.479702 -0.876487 0.040686
1.138290 -4.497082 -21.529946 55.590261 0.420636 0.214744 -0.881448 0.623945 0.636843 0.452905 0.658603 -0.740483 0.133891
1.117421 -5.281026 -1.284153 48.714864 0.404962 0.230910 -0.884695 0.673218 0.579426 0.459394 0.618694 -0.781630 0.079192
1.278448 -5.991080 -0.273828 24.611589 0.401367 0.224068 -0.888087 0.747995 0.479391 0.459006 0.528590 -0.848515 0.024810
0.737208 -40.125227 -59.434362 -382.993019 -0.217297 0.292170 -0.931353 0.914799 0.393776 -0.089905 0.340477 -0.871537 -0.352843
0.086547 -36.191300 -32.344797 -464.958744 -0.243211 0.296203 -0.923641 0.965246 -0.019992 -0.260578 -0.095650 -0.954916 -0.281046
0.008181 -39.531698 -48.320976 -760.403635 -0.196879 0.291883 -0.935972 0.971222 0.188577 -0.145486 0.134038 -0.937680 -0.320610
-0.991000 -28.123925 -30.222332 -280.553701 -0.196374 0.303639 -0.932331 0.974619 -0.043792 -0.219543 -0.107490 -0.951780 -0.287333
-0.577824 -34.891375 -52.962845 -631.486675 -0.140613 0.306614 -0.941390 0.963226 0.262256 -0.058457 0.228962 -0.914992 -0.332215
-3.491139 -24.513830 -131.184438 393.145811 -0.071427 -0.400064 0.913700 0.402811 0.826450 0.393350 -0.912492 0.396144 0.102119
-3.685625 -21.942381 -115.079709 -20.199696 -0.052836 -0.386003 0.920983 0.580552 0.738526 0.342837 -0.812507 0.552793 0.185074
-2.181264 -22.629974 -170.257840 6.167973 -0.105010 -0.362412 0.926084 0.567051 0.743190 0.355137 -0.816961 0.562429 0.127464
-1.763503 -24.682394 -148.773583 330.404574 -0.110078 -0.377874 0.919290 0.363023 0.845726 0.391104 -0.925255 0.376775 0.044081
-2.942563 -24.884218 -147.239418 333.744632 -0.094847 -0.401501 0.910934 0.106823 0.905671 0.410304 -0.989744 0.136225 -0.043010
4.697948 -77.754846 -180.496522 -724.856611 -0.284421 0.166800 -0.944077 -0.406554 0.870833 0.276341 0.868227 0.462416 -0.179870
6.679498 -114.073892 296.943012 -4690.799957 0.295611 -0.102216 0.949824 0.816229 -0.489585 -0.306719 0.496371 0.865944 -0.061295
6.657132 -276.357064 68.301517 -16136.809617 -0.442590 0.049001 -0.895384 -0.471054 0.836938 0.278645 0.763035 0.545100 -0.347339
4.240079 -95.901560 -207.318075 -3273.940932 -0.276356 0.091534 -0.956686 -0.001658 0.995407 0.095718 0.961054 0.028038 -0.274935
5.151264 -73.572926 110.654027 -2666.217483 -0.410402 0.021339 -0.911655 0.041276 0.999136 0.004805 0.910970 -0.035658 -0.410929
1.483581 -6.393841 -14.404210 -0.652177 0.369050 0.161216 -0.915320 0.846486 0.348334 0.402649 0.383750 -0.923403 -0.007914
1.793270 -6.492799 -25.314705 0.148780 0.340826 0.132789 -0.930701 0.893419 0.262412 0.364613 0.292644 -0.955776 -0.029200
1.140967 -6.135339 -25.030199 13.125197 0.343211 0.117760 -0.931847 0.847959 0.387828 0.361324 0.403946 -0.914179 0.033251
1.887071 -6.538975 -1.186071 -5.594704 0.373244 0.185114 -0.909077 0.874051 0.258324 0.411466 0.311004 -0.948157 -0.065381
2.168483 -3.291349 -15.258465 -3.454529 0.493922 0.460108 -0.737795 0.223329 0.752925 0.619054 0.840336 -0.470535 0.269131
1.665325 -3.595475 -63.753952 -27.606600 0.538407 0.444610 -0.715849 0.257876 0.721803 0.642262 0.802258 -0.530399 0.273969
1.367944 -4.001648 -68.436383 -16.680784 0.527135 0.373996 -0.763056 0.236018 0.798181 0.554258 0.816348 -0.472264 0.332480
1.939074 -3.696736 -25.083469 -11.261617 0.483070 0.360384 -0.797977 0.216770 0.833772 0.507775 0.848324 -0.418268 0.324649
1.431279 -4.444901 -63.210856 -21.755451 0.502680 0.282145 -0.817133 0.230556 0.867245 0.441281 0.833160 -0.410219 0.370897
1.922084 -0.358460 55.583815 -107.518240 0.039717 0.503009 -0.863368 -0.145063 0.857798 0.493091 0.988625 0.105659 0.107037
0.878614 -1.535786 59.068287 -81.917185 0.026045 0.417481 -0.908312 -0.151888 0.899724 0.409179 0.988054 0.127305 0.086843
1.233387 -0.536309 48.306590 23.388772 0.088221 0.031712 -0.995596 -0.133482 0.990855 0.019733 0.987117 0.131153 0.091647
0.387393 -8.992624 -16.511340 7.113847 -0.260987 -0.104003 0.959724 -0.362394 0.932022 0.002451 -0.894738 -0.347158 -0.280935
0.720710 -8.625576 -22.969063 14.223285 -0.262326 -0.101707 0.959605 -0.347754 0.937576 0.004307 -0.900140 -0.332577 -0.281319
0.653036 -8.708234 -6.581956 7.882640 -0.263679 -0.064308 0.962465 -0.485197 0.871207 -0.074715 -0.833701 -0.486685 -0.260921
0.262725 -9.094451 -18.787417 -9.637116 -0.279034 -0.068614 0.957827 -0.500989 0.861344 -0.084245 -0.819238 -0.503368 -0.274719
-15.796344 -23.511765 -636.634517 55.252907 0.919825 0.354332 -0.168437 -0.345201 0.934965 0.081709 0.186435 -0.017013 0.982320
-15.290249 -22.472621 -419.444996 -521.710448 0.843694 0.455222 -0.284522 0.517625 -0.830333 0.206423 0.142280 0.321434 0.936182
-15.004374 -23.489505 -1072.434835 -403.282000 0.902957 0.428168 0.036625 0.415970 -0.892256 0.175638 -0.107882 0.143358 0.983773
-14.272990 -22.882000 195.254855 351.123682 0.735255 0.341894 -0.585242 -0.442605 0.896126 -0.032546 0.513323 0.282960 0.810206
-7.174187 -17.381963 185.792097 642.367481 -0.749976 -0.571607 -0.332870 -0.475615 0.815733 -0.329195 0.459703 -0.088570 -0.883645
-4.233204 -10.101058 21.555810 177.136755 -0.832327 -0.366994 -0.415387 -0.247998 0.916784 -0.313055 0.495710 -0.157549 -0.854078
-3.193522 -12.104583 192.683274 -669.434255 -0.847255 0.036397 -0.529938 0.085645 0.993957 -0.068662 0.524236 -0.103561 -0.845252
-9.631691 -76.441794 353.576282 -3143.875836 0.944778 -0.284309 0.162983 -0.155521 -0.826743 -0.540657 -0.288459 -0.485453 0.825304
-6.987188 -41.971068 257.098714 -1437.617391 0.951368 -0.266552 0.154430 -0.215379 -0.933957 -0.285196 -0.220250 -0.238065 0.945947
-20.489217 -184.225208 637.113589 9037.024429 0.884713 -0.429353 0.181490 0.340958 0.861557 0.376122 -0.317853 -0.270880 0.908622
-2.716046 -5.032940 9.960764 -7.782315 -0.670910 -0.010633 0.741462 -0.005355 0.999941 0.009494 -0.741519 0.002399 -0.670927
-2.168419 -4.389365 -1.355729 -49.318334 -0.676355 0.071620 0.733085 -0.028613 0.991956 -0.123310 -0.736019 -0.104377 -0.668865
-2.530890 -5.248733 -10.089303 -27.728431 -0.634741 -0.157268 0.756551 -0.124858 0.987078 0.100434 -0.762571 -0.030712 -0.646176
-2.875559 -5.259496 9.761054 15.332095 -0.632247 -0.259954 0.729855 -0.098716 0.961382 0.256904 -0.768452 0.090378 -0.633492
1.519271 -7.442206 2.541615 32.328079 0.074235 -0.098698 -0.992345 0.952655 0.301234 0.041305 0.294851 -0.948429 0.116387
1.409406 -7.522029 27.389806 35.089658 0.069776 -0.051701 -0.996222 0.963996 0.260374 0.054006 0.256599 -0.964122 0.068007
1.430332 -8.215005 10.732060 37.784574 0.064964 -0.070643 -0.995384 0.986607 0.154107 0.053454 0.149620 -0.985525 0.079708
1.313490 -8.050389 -20.991789 35.287289 0.079402 -0.119616 -0.989640 0.984656 0.164173 0.059159 0.155395 -0.979152 0.130816
1.374854 -8.753670 -13.625772 45.550177 0.059734 -0.096971 -0.993493 0.998076 0.022370 0.057826 0.016617 -0.995036 0.098121
3.466957 -11.728141 51.636137 -7.535694 -0.084753 -0.027446 0.996024 -0.192893 0.981162 0.010623 -0.977553 -0.191226 -0.088451
2.754135 -11.723380 29.612396 87.211607 -0.035218 -0.058096 0.997690 -0.324113 0.945014 0.043588 -0.945362 -0.321830 -0.052111
2.662268 -12.261923 21.765403 125.271490 -0.086457 -0.045581 0.995212 -0.358657 0.933397 0.011593 -0.929457 -0.355938 -0.097047
3.443823 -11.593817 48.638404 13.160017 -0.139096 -0.005362 0.990264 -0.258312 0.965562 -0.031055 -0.955995 -0.260117 -0.135691
1.454899 -32.116236 -1.475704 -810.266953 0.519800 0.186798 -0.833615 0.083133 0.960110 0.266980 0.850233 -0.208077 0.483536
1.126970 -33.921953 -47.490877 -903.940320 0.575927 0.160387 -0.801614 0.226170 0.911032 0.344773 0.785593 -0.379865 0.488413
0.974556 -33.012429 -34.308636 -565.083020 0.556461 0.208285 -0.804343 -0.165559 0.976452 0.138316 0.814212 0.056199 0.577841
0.800663 -26.569222 -66.067028 -586.533155 0.612344 0.162180 -0.773778 0.006368 0.977690 0.209958 0.790565 -0.133494 0.597650
-1.087000 -5.501196 43.284541 -33.300040 0.038669 0.412234 -0.910257 -0.396648 0.842430 0.364667 0.917156 0.346951 0.196088
-1.613607 -4.882739 8.880816 -62.129756 0.098173 0.394699 -0.913550 -0.317220 0.882510 0.347199 0.943257 0.255711 0.211845
-1.047375 -4.607380 36.662370 -59.500297 0.050516 0.389266 -0.919739 -0.298380 0.884737 0.358064 0.953109 0.256344 0.160843
-1.638107 -3.776666 8.574142 -79.498507 0.094475 0.368740 -0.924719 -0.219739 0.913688 0.341891 0.970973 0.170897 0.167347
1.701537 -6.289727 -52.909556 0.952778 -0.351482 -0.062521 0.934105 0.921982 -0.196316 0.333781 0.162511 0.978545 0.126645
2.679117 -6.605578 -32.645788 6.751070 -0.335854 -0.096816 0.936925 0.940716 -0.084623 0.328469 0.047484 0.991698 0.119498
1.528036 -6.654717 -94.713907 8.187321 -0.363135 -0.030433 0.931239 0.928388 -0.096472 0.358871 0.078917 0.994870 0.063286
2.359740 -6.930588 -92.355519 27.107688 -0.352608 -0.055044 0.934151 0.935483 0.004018 0.353348 -0.023203 0.998476 0.050076
-2.001295 -13.077111 85.645916 39.153214 -0.253882 -0.161400 0.953674 0.671728 0.680001 0.293907 -0.695935 0.715227 -0.064223
-1.513210 -13.575422 70.941226 -29.690273 -0.293198 -0.206065 0.933580 0.767145 0.532039 0.358362 -0.570547 0.821263 0.002089
-2.761615 -12.743901 67.799136 -22.570284 -0.320350 -0.174621 0.931066 0.756531 0.544363 0.362394 -0.570119 0.820473 -0.042280
-2.495667 -13.490884 66.638382 -70.088966 -0.372623 -0.212732 0.903270 0.828961 0.361199 0.427035 -0.417104 0.907899 0.041756
-3.759348 -12.424095 57.433363 -47.771689 -0.374196 -0.156686 0.914017 0.771376 0.494494 0.400568 -0.514739 0.854942 -0.064174
0.070191 -6.261008 10.661171 -17.769741 0.117181 -0.176567 -0.977288 0.465046 0.879263 -0.103096 0.877497 -0.442404 0.185145
0.784411 -6.339665 49.455718 -8.832085 0.105355 -0.207491 -0.972547 0.468889 0.872814 -0.135419 0.876951 -0.441749 0.189245
0.449658 -6.472628 47.880467 -25.611804 0.095595 -0.210139 -0.972987 0.379236 0.911434 -0.159586 0.920349 -0.353735 0.166821
-0.051172 -6.688859 0.971005 -32.631074 0.132638 -0.160962 -0.978007 0.358814 0.927597 -0.104002 0.923937 -0.337128 0.180790
-1.851291 -33.875477 17.660137 -680.330151 0.082882 -0.102119 -0.991313 -0.607487 0.783371 -0.131489 0.789994 0.613108 0.002892
-0.530533 -33.456400 97.516923 -768.136747 0.056724 -0.145153 -0.987782 -0.585952 0.796218 -0.150652 0.808358 0.587339 -0.039888
-1.251089 -36.487061 -72.016216 301.574317 -0.092317 0.145303 0.985071 0.842273 -0.516260 0.155086 0.531087 0.844016 -0.074726
-0.585982 -38.105056 -84.709709 -431.726760 -0.091344 0.177565 0.979861 0.969906 -0.207147 0.127954 0.225695 0.962061 -0.153300
-1.749894 -33.706161 -29.190865 -437.136558 -0.095406 0.124792 0.987585 0.984907 -0.132097 0.111839 0.144414 0.983350 -0.110306
-2.100835 -35.726685 0.584282 102.834382 -0.106048 0.090229 0.990259 0.877785 -0.459386 0.135861 0.467170 0.883642 -0.030485
1.992673 -76.276514 -65.370494 -3015.993494 0.003444 0.051950 0.998644 0.891055 -0.453432 0.020515 0.453883 0.889775 -0.047852
1.318423 -56.567460 -48.139247 -1539.233241 0.022809 0.028326 0.999338 0.996005 -0.086971 -0.020268 0.086340 0.995808 -0.030196
0.902543 -70.386054 -3.974755 -2124.289359 -0.007021 0.039366 0.999200 0.925805 -0.377397 0.021374 0.377937 0.925214 -0.033796
1.100245 -50.153072 32.490983 -869.267421 -0.010847 0.012620 0.999862 0.990014 -0.140416 0.012512 0.140555 0.990012 -0.010971
0.433133 -70.378591 -13.411389 2308.180344 0.042493 -0.097485 -0.994329 -0.703954 0.703307 -0.099037 0.708973 0.704171 -0.038739
1.221145 -57.053548 31.425265 557.081719 0.003418 -0.085285 -0.996351 -0.539908 0.838498 -0.073625 0.841717 0.538189 -0.043180
1.405285 -56.640276 4.321674 -1452.745142 -0.035261 0.042655 0.998467 0.853997 -0.517645 0.052274 0.519082 0.854531 -0.018175
-1.178769 -42.009320 -30.661840 840.157340 -0.052197 -0.053495 0.997203 0.997030 0.053825 0.055075 -0.056621 0.997116 0.050527
1.407614 -67.133235 12.941969 2594.167074 -0.106006 -0.112598 0.987970 0.913002 0.382604 0.141568 -0.393942 0.917025 0.062244
2.439899 -238.404563 -57.276607 13912.742892 -0.244339 -0.132715 0.960565 0.921459 0.276745 0.272628 -0.302013 0.951735 0.054671
0.019985 -3.292249 59.652771 -8.832364 0.065531 -0.558895 -0.826645 -0.089378 0.821808 -0.562710 0.993840 0.110759 0.003900
0.473891 -2.791448 19.684033 -10.224942 0.094215 -0.535174 -0.839472 -0.129992 0.829390 -0.543336 0.987029 0.160315 0.008573
-0.415202 -3.431009 44.508509 25.404003 0.046064 -0.362560 -0.930821 -0.215631 0.906234 -0.363654 0.975388 0.217465 -0.036434
0.256783 -3.008586 25.869681 27.407101 0.066100 -0.401104 -0.913645 -0.234179 0.883837 -0.404960 0.969944 0.240724 -0.035509
-1.126933 -4.071937 67.539905 12.319309 0.055799 -0.393595 -0.917589 -0.158476 0.903879 -0.397352 0.985785 0.167588 -0.011940
-1.723951 -4.026557 61.582796 30.353912 0.034541 -0.228258 -0.972988 -0.251201 0.940330 -0.229514 0.967318 0.252343 -0.024859
-1.133158 -3.441844 43.707990 20.161141 -0.013898 -0.116504 -0.993093 -0.302858 0.947026 -0.106861 0.952934 0.299281 -0.048446
0.508877 -6.605318 69.113678 -17.454207 0.072059 -0.364721 -0.928324 0.035737 0.931090 -0.363034 0.996760 -0.007016 0.080128
2.787627 -6.443843 108.678601 32.937961 0.088019 -0.552172 -0.829071 0.091798 0.833256 -0.545214 0.991880 -0.028118 0.124030
1.043381 -5.981793 96.770346 18.786673 0.066575 -0.450834 -0.890121 -0.036832 0.890382 -0.453721 0.997101 0.062991 0.042672
-40.741381 -74.158619 1266.473162 435.602196 0.761973 0.086610 0.641791 -0.212869 0.969446 0.121904 -0.611624 -0.229505 0.757128
-30.301224 -53.762948 913.370877 -1190.814816 0.573844 0.462989 0.675533 -0.260470 0.885210 -0.385434 -0.776440 0.045223 0.628566
-34.196902 -62.451094 485.937345 -714.906330 0.394233 0.187540 0.899671 -0.269546 0.959499 -0.081897 -0.878593 -0.210216 0.428817
-33.106529 -60.917770 553.503182 -371.800354 0.527045 0.085728 0.845502 -0.514665 0.823905 0.237279 -0.676272 -0.560207 0.478356
-7.235796 -10.178822 20.232907 -110.557726 -0.103237 0.020373 -0.994448 0.465619 0.884469 -0.030217 0.878943 -0.466154 -0.100796
-5.665412 -8.454263 -13.486294 -77.978852 -0.324499 -0.230236 -0.917438 0.512752 0.772232 -0.375157 0.794850 -0.592156 -0.132535
9.157638 -13.852601 60.591585 -56.578189 -0.332826 -0.272614 0.902723 -0.630792 0.775950 0.001763 -0.700949 -0.568843 -0.430219
9.692732 -13.622398 90.116161 28.880174 -0.425807 -0.368870 0.826210 -0.639166 0.768944 0.013894 -0.640434 -0.522169 -0.563191
8.769930 -13.775631 67.253218 13.951740 -0.399051 -0.306049 0.864345 -0.467352 0.878905 0.095437 -0.788885 -0.365869 -0.493761
7.906703 -14.694012 -2.391771 -108.141240 -0.268558 -0.202106 0.941823 -0.622537 0.782532 -0.009591 -0.735068 -0.588895 -0.335973
8.909145 -13.053247 2.711573 178.905705 0.303650 0.260488 -0.916484 0.767669 -0.636629 0.073399 -0.564341 -0.725844 -0.393281
8.486755 -14.801866 24.660170 -13.620370 -0.329372 -0.238490 0.913585 -0.454857 0.887979 0.067817 -0.827417 -0.393213 -0.400954
-0.267784 -3.580552 -6.777943 -17.465270 -0.036984 0.798418 -0.600967 -0.224147 -0.592683 -0.773618 0.973853 -0.106093 -0.200882
1.363513 -3.559913 80.639193 18.112613 -0.063047 0.805291 -0.589518 -0.318358 -0.576061 -0.752862 0.945872 -0.140211 -0.292690
1.631781 -3.870502 105.904983 -3.022574 -0.096136 0.736279 -0.669814 -0.220652 -0.671952 -0.706960 0.970603 -0.079832 -0.227060
1.794322 -3.236795 85.438089 36.429463 -0.040604 0.847367 -0.529453 -0.413704 -0.496594 -0.763049 0.909506 -0.188054 -0.370722
3.778452 -3.787314 215.094677 23.656993 -0.122580 0.780627 -0.612859 -0.351172 -0.611682 -0.708889 0.928252 -0.128323 -0.349114
4.908794 -4.231153 253.803951 10.816539 -0.139264 0.743886 -0.653635 -0.279098 -0.662794 -0.694844 0.950110 -0.085661 -0.299921
0.991647 -14.565650 80.154816 54.055142 0.265250 0.943915 -0.196638 -0.921598 0.188268 -0.339429 0.283372 -0.271255 -0.919848
1.089620 -14.001477 30.945355 -155.927212 0.191643 0.952529 -0.236559 -0.835386 0.031795 -0.548744 0.515173 -0.302782 -0.801823
-0.309342 -13.962208 17.633208 -77.331466 0.177023 0.955355 -0.236558 0.952744 -0.106054 0.284659 0.246862 -0.275770 -0.928983
3.047928 -14.669745 124.741534 -172.853699 0.281195 0.941498 -0.185770 -0.806977 0.127224 -0.576717 0.519343 -0.312082 -0.795542
-0.671218 -13.345973 37.990021 -201.654937 0.253762 0.944897 -0.206820 0.966727 -0.240615 0.086852 0.032302 -0.221978 -0.974517
1.250995 -14.081935 102.868305 -199.408923 0.342516 0.923696 -0.171664 0.936906 -0.322217 0.135584 0.069926 -0.207273 -0.975781
3.747135 -15.414069 177.967618 43.425603 0.353755 0.920312 -0.166983 -0.886079 0.272568 -0.374928 0.299537 -0.280593 -0.911891
-0.732445 -6.899899 1.150122 24.095862 0.244790 0.102774 -0.964114 0.899311 0.347576 0.265388 0.362378 -0.932002 -0.007343
-0.835571 -7.124441 0.301402 -2.272492 0.269526 0.099239 -0.957866 0.879235 0.380375 0.286809 0.392811 -0.919492 0.015266
-1.220046 -10.017692 0.729292 -56.817235 0.398046 0.117537 -0.909804 0.656145 0.656632 0.371898 0.641119 -0.744996 0.184249
-1.208841 -8.732810 4.378385 -70.319065 0.368289 0.097657 -0.924568 0.792767 0.486520 0.367177 0.485678 -0.868194 0.101761
-1.116728 -8.004444 4.664932 -45.040993 0.327299 0.093287 -0.940305 0.840393 0.426198 0.334805 0.431989 -0.899807 0.061097
1.606166 -22.774303 56.250757 175.453657 -0.316008 -0.237528 0.918542 0.911000 -0.346371 0.223845 0.264987 0.907529 0.325844
1.460665 -26.088734 54.916708 392.102644 -0.282856 -0.243262 0.927802 0.958791 -0.044807 0.280556 -0.026676 0.968925 0.245912
1.738759 -28.478474 28.212606 333.071196 -0.291933 -0.207483 0.933663 0.954478 -0.125674 0.270514 0.061210 0.970132 0.234726
0.337787 -0.867681 -4.774664 -15.638960 0.319648 0.518763 -0.792913 0.140308 0.801676 0.581059 0.937091 -0.296986 0.183467
0.861827 -3.157476 -50.725421 100.959372 0.321336 0.903169 -0.284655 0.119104 -0.336757 -0.934028 0.939445 -0.266234 0.215783
-0.320797 -6.746970 -5.708854 -21.591393 0.178025 0.137913 -0.974314 0.892632 0.394080 0.218882 0.414144 -0.908670 -0.052950
-0.159885 -6.137577 15.453710 -27.851281 0.157418 0.146695 -0.976576 0.931012 0.307709 0.196295 0.329297 -0.940104 -0.088136
-0.320254 -6.611527 0.574564 -13.160768 0.161361 0.129399 -0.978376 0.884382 0.421010 0.201541 0.437985 -0.897779 -0.046503
-0.462200 -6.567055 -17.252486 -9.893394 0.256144 0.149870 -0.954950 0.924023 0.252137 0.287418 0.283854 -0.956016 -0.073900
-0.401420 -6.789386 -3.058844 -19.347138 0.212771 0.150665 -0.965416 0.901148 0.351674 0.253490 0.377704 -0.923919 -0.060945
-0.268067 -7.280729 -2.188890 -9.612958 0.169158 0.130057 -0.976970 0.856228 0.471532 0.211024 0.488118 -0.872206 -0.031595
-0.311403 -7.590794 8.429381 -46.786955 0.131309 0.119017 -0.984171 0.831749 0.526948 0.174697 0.539398 -0.841523 -0.029799
-0.354146 -7.264977 18.728563 -43.404155 0.140453 0.134199 -0.980950 0.843936 0.501862 0.189492 0.517731 -0.854474 -0.042767
-0.686741 -5.058164 10.767125 -39.738327 0.153317 -0.105112 -0.982571 0.600227 0.799789 0.008099 0.784998 -0.591007 0.185712
-0.452659 -5.505756 33.642199 -24.467799 0.129356 -0.110944 -0.985372 0.548740 0.835702 -0.022056 0.825925 -0.537860 0.168983
-0.727547 -5.372732 0.659417 -26.914879 0.138007 -0.152146 -0.978675 0.541923 0.838694 -0.053965 0.829020 -0.522919 0.198197
0.272237 -5.023636 -15.338598 40.182754 0.357915 0.126958 -0.925083 0.737375 0.569381 0.363432 0.572865 -0.812211 0.110175
0.248816 -4.440409 -17.522669 42.429212 0.393729 0.154622 -0.906129 0.664464 0.633284 0.396785 0.635189 -0.758316 0.146602
0.806467 -50.229962 -86.674875 -1131.312855 -0.249835 0.288033 -0.924456 0.951117 0.252004 -0.178523 0.181547 -0.923867 -0.336912
0.296502 -60.631512 -110.318813 -1395.484999 -0.271901 0.295250 -0.915913 0.945945 -0.092856 -0.310750 -0.176797 -0.950897 -0.254042
0.047383 -33.619851 -47.383622 -368.844340 -0.300878 0.298310 -0.905805 0.856157 -0.333894 -0.394348 -0.420081 -0.894162 -0.154939
-0.531761 -31.946426 -51.114676 -295.406019 -0.287630 0.289262 -0.913015 0.843868 -0.374298 -0.384431 -0.452941 -0.881038 -0.136440
-2.560836 -22.380076 -117.967275 -202.578859 -0.072152 -0.367092 0.927382 0.749971 0.592999 0.293079 -0.657524 0.716656 0.232522
-5.998188 -8.567702 60.438933 -185.588818 0.045410 0.951274 -0.304984 -0.235409 -0.286511 -0.928706 0.970835 -0.113969 -0.210928
-3.132970 -6.828877 198.177384 -5.760621 0.113952 0.870915 0.478040 -0.012156 0.482360 -0.875889 0.993412 -0.093998 -0.065552
-5.745226 -7.399010 104.554445 -67.884630 0.183229 0.980486 0.071231 -0.050324 0.081717 -0.995384 0.981781 -0.178799 -0.064315
-2.384603 -6.154571 203.890297 -23.609671 0.073873 0.908967 0.410271 -0.114685 0.416409 -0.901915 0.990651 -0.019576 -0.135006
-6.433477 -9.411297 -27.888883 -210.805723 0.133873 0.806703 -0.575594 -0.251759 -0.534081 -0.807078 0.958486 -0.252957 -0.131595
-3.108126 -6.552940 181.396232 -54.925257 0.027537 0.980888 0.192614 -0.225255 0.193820 -0.954827 0.973911 0.017094 -0.226287
3.552906 -218.334435 -165.423402 13011.816642 -0.044213 -0.559245 0.827823 0.576554 0.662428 0.478304 -0.815862 0.498431 0.293147
9.174397 -1407.496649 -225.878872 69721.426466 0.003815 -0.588883 0.808209 0.811144 0.474497 0.341902 -0.584833 0.654270 0.479480
38.649460 -895.023937 -750.033964 44873.795588 -0.175189 -0.595052 0.784361 0.876831 0.268013 0.399170 -0.447745 0.757682 0.474808
-6.247209 -844.385391 -1133.202768 64990.232696 0.107928 -0.230024 0.967182 0.083895 0.971502 0.221690 -0.990612 0.057215 0.124150
2.866313 -163.425219 -224.871272 9610.885859 -0.111331 -0.465146 0.878206 0.593837 0.677439 0.434090 -0.796846 0.569839 0.200800
-6.776314 -184.506035 -84.530099 7152.383951 -0.059597 -0.369245 0.927419 0.007937 0.928866 0.370331 -0.998191 0.029431 -0.052427
1.218215 -6.336532 -40.486261 5.030342 0.303323 0.076083 -0.949846 0.910163 0.272003 0.312438 0.282132 -0.959284 0.013257
2.385117 -3.050844 -6.647936 -9.928303 0.484221 0.527111 -0.698344 0.251114 0.680853 0.688027 0.838136 -0.508521 0.197318
1.979112 -3.176713 -65.818476 -28.302439 0.541360 0.480835 -0.689730 0.287356 0.665127 0.689226 0.790162 -0.571317 0.221902
-7.538742 -11.155792 -44.578980 16.515695 -0.174696 0.062832 -0.982616 -0.461454 0.876353 0.138078 0.869794 0.477553 -0.124101
-7.519793 -11.814933 -56.617249 39.206040 -0.165542 0.106522 -0.980433 -0.275293 0.949640 0.149659 0.947000 0.294681 -0.127881
-7.853541 -11.969363 -36.377887 37.602245 -0.301884 0.074375 -0.950439 -0.280433 0.945916 0.163094 0.911166 0.315770 -0.264700
-7.737102 -11.351701 -41.560264 22.202578 -0.309323 0.048700 -0.949709 -0.461498 0.865514 0.194694 0.831468 0.498512 -0.245249
-0.527653 -9.615546 34.454689 277.212233 -0.827195 0.194633 -0.527131 0.273707 0.958847 -0.075475 0.490748 -0.206712 -0.846426
1.115753 -7.220254 -6.915328 -165.667664 -0.771634 0.256276 -0.582154 0.337210 0.940859 -0.032781 0.539324 -0.221603 -0.812417
-8.420106 -18.886495 8.937240 823.149692 -0.837043 -0.409727 -0.362606 -0.310219 0.901312 -0.302325 0.450692 -0.140572 -0.881542
-4.320436 -30.225586 138.040596 -390.800933 0.983642 -0.089093 0.156558 0.072255 0.991286 0.110141 -0.165007 -0.097027 0.981508
-11.681918 -36.850457 346.273304 -474.405230 0.968303 -0.136673 0.209067 0.107001 0.983298 0.147228 -0.225697 -0.120191 0.966755
5.206944 -10.431934 64.137639 77.763870 -0.212004 -0.288470 0.933724 0.574077 0.736455 0.357870 -0.790879 0.611899 0.009472
3.874384 -9.262306 81.080228 99.893522 -0.110213 -0.301058 0.947216 0.537124 0.783829 0.311625 -0.836272 0.543118 0.075317
5.004152 -11.356267 64.395493 133.474564 -0.152384 -0.246793 0.957012 0.442425 0.848845 0.289347 -0.883764 0.467498 -0.020163
6.742875 -12.797384 56.618577 171.103413 -0.275453 -0.200361 0.940203 0.447727 0.838746 0.309912 -0.850686 0.506320 -0.141328
4.263925 -12.329773 94.017684 97.316923 -0.088834 -0.219431 0.971575 0.258483 0.936935 0.235242 -0.961923 0.272033 -0.026512
5.923503 -13.018907 45.330570 133.270798 -0.198213 -0.202416 0.959030 0.278948 0.926333 0.253168 -0.939627 0.317701 -0.127148
-1.564184 -3.665468 -32.511042 -54.255538 -0.670225 0.433737 0.602222 0.205295 0.888135 -0.411182 -0.713199 -0.151951 -0.684294
-1.497496 -3.238625 -32.974639 -56.987208 -0.666257 0.412643 0.621150 0.153372 0.890968 -0.427379 -0.729780 -0.189477 -0.656902
-2.093282 -4.164107 -22.366647 -66.900364 -0.662887 0.056242 0.746604 -0.079048 0.986344 -0.144487 -0.744535 -0.154796 -0.649389
-0.570035 -7.193612 15.547791 24.147546 -0.051929 -0.121937 0.991178 0.958731 -0.283903 0.015303 0.279533 0.951068 0.131648
-0.527830 -7.599718 27.397959 -19.098239 -0.072473 -0.117307 0.990448 0.928405 -0.370792 0.024017 0.364433 0.921277 0.135781
-0.931503 -7.282438 28.506030 1.609064 -0.066015 -0.109245 0.991820 0.948298 -0.316117 0.028299 0.310439 0.942409 0.124466
1.315701 -7.134160 31.181647 22.346252 0.080265 -0.050291 -0.995504 0.924273 0.377685 0.055441 0.373199 -0.924567 0.076798
1.783205 -14.423315 3.198609 87.960940 -0.057280 -0.070845 0.995841 -0.675201 0.737508 0.013630 -0.735407 -0.671612 -0.090079
1.902807 -14.303235 -5.770335 148.351922 -0.106043 -0.061379 0.992465 -0.574199 0.818645 -0.010723 -0.811819 -0.571010 -0.122056
2.146892 -13.012384 3.065130 124.198868 -0.043511 -0.078066 0.995998 -0.503951 0.862528 0.045589 -0.862635 -0.499951 -0.076871
1.229532 -16.106759 10.234647 -111.843254 0.112311 0.058192 -0.991968 0.768280 -0.638193 0.049546 -0.630184 -0.767674 -0.116384
1.802608 -14.124209 11.100899 67.103638 -0.018041 -0.062873 0.997858 -0.667238 0.744030 0.034817 -0.744626 -0.665181 -0.055374
1.447586 -15.205441 -0.538235 -26.426781 0.068417 0.058265 -0.995954 0.807290 -0.589782 0.020954 -0.586175 -0.805458 -0.087388
1.729666 -74.085147 -62.921204 -2464.650376 0.476043 0.284584 -0.832103 -0.032078 0.951182 0.306958 0.878837 -0.119433 0.461933
1.319455 -38.606823 -39.490773 -155.754808 0.513489 0.218592 -0.829787 -0.352176 0.935500 0.028507 0.782497 0.277593 0.557351
1.337241 -49.345868 -53.297008 270.576830 0.460972 0.218402 -0.860119 -0.477515 0.878005 -0.032975 0.747987 0.425921 0.509026
1.160002 -38.237269 22.514862 -388.587064 -0.477098 -0.247195 0.843369 0.653008 -0.741954 0.151940 0.588182 0.623217 0.515405
2.265266 -50.368549 -28.023344 -947.971667 0.413516 0.219323 -0.883687 -0.148661 0.973794 0.172121 0.898278 0.060195 0.435284
3.461638 -150.068919 55.395469 -8051.881525 -0.478144 -0.264860 0.837393 0.794027 -0.537850 0.283265 0.375367 0.800354 0.467476
2.444886 -79.662288 90.910974 -3400.198682 -0.438632 -0.246603 0.864169 0.783338 -0.576204 0.233176 0.440436 0.779215 0.445915
3.002323 -60.759921 -112.834005 1106.259855 0.441290 0.183048 -0.878497 -0.445599 0.894448 -0.037464 0.778912 0.407990 0.476277
-1.492691 -5.344594 -94.038802 62.930793 0.545902 0.075167 -0.834470 -0.471450 0.850892 -0.231772 0.692622 0.519936 0.499941
-0.093577 -5.017372 -97.379203 33.743701 0.562211 0.071334 -0.823912 -0.433071 0.874142 -0.219830 0.704534 0.480403 0.522345
-1.666733 -6.109185 -80.741125 43.841544 0.479292 0.204939 -0.853393 -0.462952 0.885112 -0.047452 0.745624 0.417823 0.519104
2.315536 -6.318889 4.925160 8.183139 -0.319035 -0.145282 0.936541 0.938307 -0.187515 0.290548 0.133404 0.971458 0.196143
3.220572 -6.844758 -34.277685 26.814096 -0.318810 -0.113324 0.941020 0.946793 0.008099 0.321741 -0.044082 0.993525 0.104712
3.039593 -6.719454 19.543605 8.958365 -0.293880 -0.167218 0.941102 0.955835 -0.047456 0.290049 -0.003840 0.984777 0.173779
-0.638814 -15.178238 80.259164 16.065015 -0.249436 -0.204267 0.946603 0.649172 0.690068 0.319971 -0.718580 0.694321 -0.039523
-1.133254 -14.327381 65.980886 -54.141335 -0.337984 -0.236710 0.910898 0.843962 0.352117 0.404650 -0.416527 0.905529 0.080764
-0.233750 -15.376800 54.952607 -47.203513 -0.296746 -0.225714 0.927898 0.791935 0.484821 0.371198 -0.533649 0.844987 0.034882
1.866980 -37.302320 183.349354 -1240.384752 0.032634 -0.179926 -0.983139 -0.399145 0.899471 -0.177863 0.916307 0.398219 -0.042463
-0.403301 -26.330079 75.889180 -710.512596 0.055452 -0.130133 -0.989945 -0.305183 0.941812 -0.140900 0.950678 0.309927 0.012511
2.093311 -23.119888 184.299405 -750.190524 0.030671 -0.178998 -0.983371 -0.088777 0.979458 -0.181054 0.995579 0.092854 0.014150
4.470902 -25.800871 169.808749 -802.784283 0.104030 -0.202337 -0.973775 -0.176645 0.959762 -0.218297 0.978762 0.194721 0.064102
-0.694242 -4.751576 116.150044 119.294663 0.951666 0.027761 -0.305878 0.302930 -0.249089 0.919885 0.050654 0.968083 0.245459
2.827421 -4.909540 175.934397 96.396338 0.798827 0.122676 -0.588919 0.601490 -0.177841 0.778834 0.009190 0.976383 0.215852
-0.950324 -7.309792 118.632176 231.756256 0.990273 -0.002910 -0.139107 0.135924 -0.193399 0.971659 0.029730 0.981116 0.191123
-3.251923 -6.132496 74.029981 209.783835 0.967407 -0.072171 0.242724 -0.252913 -0.227701 0.940312 0.012594 0.971053 0.238532
0.224778 -47.182954 -48.970240 -266.174833 0.007986 0.054913 0.998459 0.999188 -0.039883 -0.005799 0.039503 0.997694 -0.055186
1.247284 -47.945208 35.714848 832.079751 0.054146 0.022845 0.998272 0.979748 0.191794 -0.057531 -0.192777 0.981169 -0.011997
1.324575 -47.601448 -61.145430 1078.421899 0.006123 0.037413 0.999281 0.980865 0.194237 -0.013283 -0.194595 0.980241 -0.035508
-1.223674 -44.308247 12.338200 657.034484 -0.034555 -0.026915 0.999040 0.993065 0.111477 0.037352 -0.112375 0.993402 0.022876
0.284375 -54.163104 89.838578 1531.343033 -0.018744 -0.044961 0.998813 0.889297 0.455815 0.037207 -0.456947 0.888938 0.031440
1.049978 -2.517986 51.328125 -26.313499 0.079488 -0.686569 -0.722707 -0.031328 0.722922 -0.690219 0.996343 0.077506 0.035955
0.977773 -2.030124 -10.973890 -33.990530 -0.127429 0.725875 0.675920 -0.028449 0.678520 -0.734030 0.991440 0.112766 0.065813
0.233066 -2.247802 -19.589771 -19.483426 0.142394 -0.589614 -0.795034 -0.120601 0.786900 -0.605181 0.982435 0.182056 0.040942
3.094434 -34.158842 -67.809434 -925.088641 0.429185 0.120516 -0.895140 0.596673 0.706186 0.381158 0.678072 -0.697694 0.231176
2.700468 -44.025669 -50.024373 -1141.596995 0.427259 0.184733 -0.885056 0.246897 0.917859 0.310768 0.869765 -0.351296 0.346553
4.765043 -78.196770 -39.736146 -2747.829862 0.341573 0.171088 -0.924152 0.437133 0.841544 0.317362 0.832011 -0.512379 0.212660
3.381199 -60.498445 -101.002857 -922.863591 0.405646 0.207222 -0.890231 -0.059767 0.977891 0.200393 0.912074 -0.028082 0.409063
5.461194 -73.719385 -99.477419 -936.873641 0.327817 0.210637 -0.920960 -0.077786 0.977536 0.195888 0.941533 0.007422 0.336838
-23.503001 -69.454674 777.717086 -2275.534715 0.752280 0.448637 0.482493 -0.313982 0.887950 -0.336097 -0.579215 0.101345 0.808851
-9.291215 -12.084383 56.523615 -134.209238 0.176204 0.481577 -0.858508 0.310217 0.800544 0.512732 0.934194 -0.356669 -0.008334
-7.171425 -12.232058 -103.091599 -134.279877 0.341065 0.511216 -0.788881 0.268352 0.751330 0.602902 0.900923 -0.417326 0.119067
9.555000 -12.428775 19.369932 82.583905 -0.505340 -0.493536 0.707851 -0.663133 0.746998 0.047415 -0.552164 -0.445439 -0.704768
8.621044 -11.415743 -5.033901 43.222885 -0.516856 -0.425068 0.743086 -0.521510 0.844700 0.120456 -0.678887 -0.325269 -0.658265
-0.530212 -3.181663 -8.695763 -12.245334 -0.022639 0.828770 -0.559131 -0.236886 -0.547794 -0.802376 0.971274 -0.114285 -0.208725
0.334666 -13.690196 -3.896739 -122.217663 0.086601 0.957060 -0.276653 -0.876405 -0.058860 -0.477964 0.473724 -0.283852 -0.833675
2.897318 -12.242676 48.159119 -280.262454 0.209187 0.948786 -0.236739 -0.690648 -0.028040 -0.722647 0.692276 -0.314672 -0.649412
-0.763792 -6.839965 2.631729 -16.180892 0.258550 0.127207 -0.957586 0.865878 0.408956 0.288115 0.428260 -0.903645 -0.004410
-0.782950 -6.555951 3.151830 4.619165 0.243651 0.118490 -0.962598 0.900128 0.341918 0.269927 0.361114 -0.932230 -0.023348
-1.268101 -10.847165 2.895376 -97.549546 0.405672 0.154099 -0.900935 0.504367 0.784289 0.361254 0.762262 -0.600953 0.240442
-1.294347 -10.854882 -17.100940 -85.703813 0.415542 0.128259 -0.900485 0.557805 0.746055 0.363671 0.718455 -0.653416 0.238474
0.961384 -12.138437 -19.721713 -36.615459 -0.236432 -0.129935 0.962921 0.251130 0.949174 0.189742 -0.938634 0.286680 -0.191785
1.304346 -21.627296 32.374536 325.126021 -0.336148 -0.232809 0.912581 0.853364 -0.485245 0.190545 0.398465 0.842815 0.361786
0.956974 -1.333965 31.039683 -55.552438 0.267810 0.229763 -0.935675 0.231269 0.927426 0.293931 0.935303 -0.295110 0.195237
1.270119 -2.635223 36.536686 -80.548546 0.245873 0.123704 -0.961376 0.234033 0.954903 0.182725 0.940625 -0.269921 0.205834
0.589754 -5.530417 95.211351 -14.510228 0.147824 -0.026313 -0.988664 0.512604 0.856935 0.053837 0.845804 -0.514752 0.140164
0.201840 -5.742185 53.073918 -0.859497 0.138311 -0.092341 -0.986075 0.461616 0.886891 -0.018305 0.876231 -0.452656 0.165292
-0.008441 -3.808608 -19.524807 25.125356 0.394394 0.146344 -0.907214 0.621419 0.684812 0.380618 0.676972 -0.713874 0.179145
-0.130751 -4.331705 -20.762528 31.338821 0.364616 0.116361 -0.923859 0.680528 0.643898 0.349681 0.635560 -0.756211 0.155589
-0.371178 -3.438688 -22.109354 1.097321 0.330493 0.056959 -0.942088 0.611917 0.747024 0.259831 0.718562 -0.662352 0.212032
0.283668 -3.339960 -19.470621 32.400697 0.404291 0.163841 -0.899836 0.580922 0.713902 0.390991 0.706455 -0.680808 0.193445
-0.431885 -3.928182 -27.423632 11.397861 0.344812 0.077910 -0.935433 0.646876 0.702405 0.296948 0.680188 -0.707500 0.191799
0.641979 -61.675047 -107.689426 -1572.099821 -0.220725 0.307217 -0.925688 0.942731 0.310552 -0.121723 0.250079 -0.899542 -0.358170
0.879698 -40.786393 -19.289712 -443.855104 -0.305465 0.306519 -0.901519 0.951326 0.057611 -0.302754 -0.040862 -0.950120 -0.309197
