19439
38851
-4.564011 -7.546948 -22.428512 98.244524 0.275272 0.606746 0.745711 0.920090 0.058577 -0.387303 -0.278676 0.792735 -0.542136
-6.330840 -8.757771 -117.605786 95.099538 0.423894 0.610905 0.668662 0.823242 0.047915 -0.565665 -0.377607 0.790252 -0.482612
-6.956696 -9.075648 9.159065 -248.258846 0.873901 0.450563 0.182456 -0.376766 0.390645 0.839907 -0.307156 0.802739 -0.511142
-4.447412 -8.358171 19.471673 119.506796 0.164985 0.613869 0.771974 0.914277 0.198411 -0.353172 -0.369970 0.764067 -0.528512
-4.486607 -6.597526 -114.139049 75.937168 0.450719 0.596860 0.663785 0.864859 -0.107825 -0.490298 -0.221067 0.795067 -0.564799
-3.039250 -6.402127 34.425235 49.756573 0.195548 0.619205 0.760491 0.960842 0.034272 -0.274970 -0.196326 0.784481 -0.588256
-3.758724 -7.228752 53.083230 108.911465 0.092452 0.627616 0.773014 0.958154 0.155150 -0.240563 -0.270914 0.762906 -0.587009
-3.478878 -5.765929 152.206401 19.132097 0.967165 0.121185 0.223395 -0.227887 0.802650 0.551199 0.112511 0.584009 -0.803912
-5.065834 -5.638220 120.896033 -7.407485 0.949389 0.211459 0.232264 -0.299041 0.834732 0.462382 0.096103 0.508436 -0.855720
-4.875449 -5.903593 -21.572567 52.781534 0.728540 -0.577137 -0.368975 0.683349 0.574920 0.450001 0.047581 0.579982 -0.813238
8.133215 -18.824493 -34.322732 -526.786751 0.950675 -0.291102 0.107131 -0.122343 -0.034513 0.991888 0.285043 0.956069 0.068425
4.952586 -13.035396 244.813287 -306.501054 0.885238 -0.458181 0.080153 -0.053710 0.070479 0.996066 0.462027 0.886061 -0.037782
5.229466 -17.965643 325.222274 -341.659706 0.878626 -0.476670 -0.028308 -0.078802 -0.203212 0.975959 0.470963 0.855272 0.216110
9.516858 -22.140554 -358.505125 -377.218057 0.969404 -0.132378 0.206717 -0.229732 -0.192581 0.954010 0.086480 0.972311 0.217100
7.587344 -19.631407 -212.929325 -743.174349 0.972194 -0.152098 0.178058 -0.155443 0.149541 0.976460 0.175145 0.976987 -0.121740
10.231979 -20.855299 -62.647227 -122.287421 0.948073 -0.306760 0.084002 -0.197557 -0.360996 0.911402 0.249258 0.880670 0.402853
-4.929530 -8.290217 25.444486 -38.935133 0.782016 0.468298 0.411277 0.189137 0.450452 -0.872537 0.593868 -0.760125 -0.263688
-4.665298 -8.870188 29.104293 -35.687672 0.731245 0.484043 0.480607 0.167539 0.555548 -0.814430 0.661220 -0.676069 -0.325146
-4.557792 -8.280100 27.430539 -33.862293 0.740688 0.510648 0.436601 0.206385 0.445490 -0.871174 0.639364 -0.735376 -0.224579
-4.636626 -8.037431 28.873691 -14.734434 0.770856 0.513814 0.376531 0.222210 0.337067 -0.914882 0.596995 -0.788912 -0.145655
-4.070747 -8.081979 50.460575 -31.167765 0.703391 0.555244 0.443785 0.254463 0.386263 -0.886594 0.663694 -0.736550 -0.130405
-3.388663 -6.376325 79.008068 -22.086340 -0.847908 0.039407 -0.528678 -0.164973 0.928107 0.333768 0.503822 0.370222 -0.780448
-3.135866 -6.063368 72.939653 -2.483259 -0.872609 0.095184 -0.479055 -0.140687 0.890272 0.433154 0.467719 0.445371 -0.763468
-3.234965 -5.839662 -51.922471 41.345002 -0.785050 -0.038815 -0.618215 -0.316463 0.883088 0.346421 0.532492 0.467600 -0.705552
-3.413851 -6.188355 -16.754154 31.982100 -0.754835 -0.127598 -0.643384 -0.343040 0.912850 0.221424 0.559059 0.387846 -0.732822
0.924719 -28.669383 -18.909740 -448.646872 0.000073 0.626546 -0.779385 -0.108247 0.774810 0.622858 0.994124 0.084321 0.067878
0.084001 -28.251078 -3.471051 -469.459244 -0.003493 0.644872 -0.764282 -0.060885 0.762732 0.643842 0.998139 0.048783 0.036599
0.486659 -27.654273 -41.409776 160.489804 0.011023 0.646330 -0.762978 -0.406127 0.700150 0.587240 0.913750 0.303393 0.270210
-0.099458 -28.361201 1.336811 -141.889589 -0.029011 0.648678 -0.760510 -0.243475 0.733329 0.634782 0.969473 0.203581 0.136662
0.054171 -27.753205 -8.741314 -627.481371 -0.006587 0.660147 -0.751108 0.608617 -0.593335 -0.526819 0.793437 0.460607 0.397868
1.258691 -8.671151 -158.130871 -123.404377 0.422380 0.864014 0.273996 0.887750 -0.333294 -0.317512 -0.183014 0.377351 -0.907806
2.087982 -6.766508 -161.691886 -117.673005 0.489977 0.837549 0.241731 0.829555 -0.362770 -0.424544 -0.267884 0.408546 -0.872541
0.364470 -8.904480 -150.649991 -138.546050 0.359397 0.889030 0.283656 0.913521 -0.273105 -0.301485 -0.190561 0.367478 -0.910300
0.650190 -9.582223 -124.350082 -64.380873 0.323324 0.895687 0.305299 0.945794 -0.295444 -0.134860 -0.030594 0.332353 -0.942659
3.134227 -6.121565 50.634231 -28.469933 0.610814 0.240258 0.754442 0.757207 0.101213 -0.645285 -0.231395 0.965418 -0.120102
2.973082 -6.097779 94.740526 -46.807660 0.598290 0.200232 0.775858 0.754100 0.186642 -0.629680 -0.270890 0.961807 -0.039329
3.795573 -5.613644 8.149836 -43.681525 0.569326 0.278671 0.773441 0.754517 0.196467 -0.626183 -0.326455 0.940076 -0.098408
3.729166 -5.063570 -45.702089 -57.322992 0.535618 0.338627 0.773592 0.751995 0.225531 -0.619386 -0.384210 0.913492 -0.133847
3.422518 -5.629668 -26.064454 -23.959834 0.571768 0.325502 0.753080 0.763237 0.125639 -0.633785 -0.300915 0.937157 -0.176599
3.874925 -5.141532 17.965266 -47.959013 0.524274 0.266869 0.808652 0.758686 0.284844 -0.585883 -0.386694 0.920676 -0.053133
-0.697635 -5.319815 11.323973 3.726255 0.300828 0.944583 0.131395 -0.565519 0.287626 -0.772955 0.767913 -0.158220 -0.620706
-0.902052 -5.786032 20.033246 -7.697789 0.324484 0.931607 0.163764 -0.629303 0.341875 -0.697925 0.706179 -0.123408 -0.697196
-0.650238 -5.805319 3.185144 -16.033533 0.319933 0.932000 0.170350 -0.567831 0.332551 -0.752979 0.758427 -0.144173 -0.635612
-1.116322 -5.428050 26.003601 27.985912 0.276049 0.956734 0.091960 -0.649428 0.256199 -0.715965 0.708548 -0.137920 -0.692053
-0.483555 -5.681852 -11.883948 -4.720651 0.304018 0.943425 0.132372 -0.503829 0.277151 -0.818134 0.808535 -0.182035 -0.559584
-0.897062 -5.297243 21.622586 4.871869 0.254219 0.965458 0.057122 -0.583056 0.200114 -0.787400 0.771633 -0.166867 -0.613790
-0.438417 -5.753669 -5.974795 2.476030 0.285440 0.953898 0.092754 -0.502148 0.231286 -0.833279 0.816316 -0.191275 -0.545016
8.290743 -11.706479 384.043523 132.373175 0.239011 0.965233 -0.105829 0.792614 -0.256895 -0.552963 0.560925 -0.048283 0.826457
17.328491 -10.662912 1082.842324 64.468370 0.573951 0.793614 -0.201881 0.692252 -0.601915 -0.398103 0.437456 -0.088740 0.894851
5.046892 -13.546060 219.440695 68.199097 0.238808 0.968743 -0.067136 0.895029 -0.246400 -0.371765 0.376687 -0.028692 0.925896
5.105132 -14.758063 251.378262 126.483884 0.334930 0.939854 -0.067055 0.900475 -0.340225 -0.270910 0.277430 -0.030355 0.960266
2.243569 -12.294800 86.244610 87.224401 0.095472 0.994317 -0.047108 0.863816 -0.106273 -0.492471 0.494679 -0.006324 0.869053
1.666019 -13.728847 69.647899 64.822383 0.143154 0.987914 -0.059430 0.937758 -0.154594 -0.310983 0.316412 0.011212 0.948556
1.769709 -15.162148 72.669968 79.524913 0.220634 0.974046 -0.050538 0.954542 -0.226283 -0.194025 0.200425 0.005432 0.979694
-0.557884 -18.597815 -0.225250 0.244611 0.608793 -0.579615 0.541680 -0.568469 0.157545 0.807479 0.553366 0.799516 0.233581
-0.582391 -18.618929 -29.309564 -265.772803 0.622709 -0.559425 0.547063 -0.389927 0.384296 0.836824 0.678374 0.734412 -0.021170
-0.525374 -18.481582 -18.353520 70.378314 0.623968 -0.565803 0.539009 -0.587404 0.115312 0.801036 0.515383 0.816437 0.260404
-0.376638 -18.351846 -28.910285 -238.244452 0.632142 -0.556913 0.538743 0.678839 0.062810 -0.731596 0.373597 0.828192 0.417759
-0.489385 -18.667563 -2.422469 -240.261950 0.615416 -0.579129 0.534671 0.678248 0.043513 -0.733544 0.401551 0.814074 0.419572
-0.894457 -8.996503 -32.336649 -432.049072 0.728452 -0.503364 0.464739 -0.683754 -0.576630 0.447190 -0.042883 0.643524 0.764224
-0.889352 -10.225413 -9.705480 410.843796 0.705205 -0.524987 0.476523 0.706834 0.573106 -0.414650 -0.055412 0.629236 0.775237
-1.306552 -13.965286 -38.237270 -395.240730 0.705070 -0.515056 0.487436 -0.683456 -0.676863 0.273393 -0.189115 0.525902 0.829254
-1.132166 -12.353637 -13.864558 -482.311590 0.739392 -0.504117 0.446280 -0.665740 -0.646317 0.372914 -0.100446 0.572836 0.813492
-7.276173 -13.103774 276.633711 515.331150 0.852703 0.498363 -0.156626 0.300337 -0.222367 0.927551 -0.427428 0.837966 0.339290
-4.463354 -7.913234 250.509565 342.308014 0.855576 0.496776 -0.145613 0.335182 -0.317234 0.887139 -0.394516 0.807822 0.437928
-3.383207 -12.000336 595.018244 367.045325 0.925749 0.349508 -0.144337 0.228533 -0.213019 0.949945 -0.301267 0.912396 0.277076
-6.276487 -16.070034 420.041899 391.625645 0.883492 0.424060 -0.199035 0.237583 -0.039444 0.970566 -0.403728 0.904775 0.135598
1.573694 -8.822047 183.458635 -61.049723 0.782792 0.575354 -0.237077 0.212659 0.110706 0.970835 -0.584819 0.810378 0.035694
3.634958 -7.665534 79.261552 -87.523502 0.738707 0.644362 -0.197762 0.190921 0.081355 0.978228 -0.646422 0.760381 0.062925
3.346594 -7.902637 121.226485 -9.662197 0.744670 0.600283 -0.291764 0.224941 0.185847 0.956484 -0.628385 0.777895 -0.003366
1.961591 -8.584218 205.573137 38.540559 0.765900 0.555580 -0.323618 0.237972 0.222631 0.945412 -0.597300 0.801103 -0.038301
0.279999 -10.558625 4.933738 128.329096 0.025230 0.705832 -0.707930 0.854105 0.352775 0.382169 0.519488 -0.614289 -0.593954
0.198598 -10.016702 17.246080 -7.547627 0.038968 0.722501 -0.690271 -0.792881 -0.398055 -0.461402 0.608129 -0.565283 -0.557346
-0.440944 -10.507298 39.579684 104.425158 0.015203 0.712817 -0.701186 0.840005 0.371281 0.395653 0.542365 -0.595015 -0.593125
-0.775898 -11.206500 75.572084 131.664784 0.012086 0.710870 -0.703220 0.913846 0.277612 0.296338 0.405880 -0.646217 -0.646270
-0.091739 -11.125945 22.156438 182.926982 0.009626 0.706861 -0.707287 0.891694 0.314034 0.325981 0.452536 -0.633822 -0.627281
2.192275 -16.263413 50.519127 27.405338 -0.099002 -0.682774 0.723891 0.215079 0.695587 0.685493 -0.971566 0.223558 0.077986
2.366725 -15.893177 39.919799 6.287443 -0.083466 -0.699265 0.709973 0.058751 0.707767 0.703999 -0.994777 0.100471 -0.017992
2.636641 -15.369053 19.135153 19.429109 -0.134372 -0.698989 0.702395 0.030720 0.705544 0.708000 -0.990455 0.116713 -0.073332
2.507626 -15.133092 9.662460 -30.476570 -0.140799 -0.706392 0.693676 -0.202022 0.706413 0.678357 -0.969207 -0.044626 -0.242169
2.147687 -15.213442 -23.319014 1.247782 -0.192977 -0.694410 0.693220 -0.141928 0.718825 0.680549 -0.970884 0.032943 -0.237273
2.335362 -14.773883 -37.394342 37.918174 -0.208407 -0.678492 0.704426 0.081714 0.705643 0.703840 -0.974623 0.204247 -0.091618
2.431307 -15.321098 -1.480045 23.290503 -0.161686 -0.665334 0.728827 0.245093 0.688330 0.682738 -0.955922 0.289019 0.051776
-0.358499 -12.184777 -9.750261 -9.835424 0.519962 0.790963 0.322517 0.827127 -0.560508 0.041133 0.213308 0.245374 -0.945670
-0.257307 -12.192095 -32.875119 -11.442382 0.475575 0.827474 0.298522 0.870941 -0.490613 -0.027565 0.123650 0.273104 -0.954005
-1.001635 -11.898556 -14.346677 11.725319 0.487557 0.810989 0.323396 0.870834 -0.478325 -0.113373 0.062744 0.336900 -0.939447
-1.663119 -11.616177 -43.908431 58.995442 0.524501 0.784292 0.331338 0.843388 -0.531896 -0.076046 0.116595 0.319333 -0.940442
-1.265549 -11.383971 -41.668166 -10.280059 0.570463 0.751091 0.332316 0.789408 -0.613106 0.030605 0.226732 0.244874 -0.942671
-0.281785 -12.237287 -22.756458 98.211989 0.586416 0.734612 0.341263 -0.734011 0.660104 -0.159656 0.342555 0.156866 -0.926309
0.746776 -4.455442 13.605574 -5.966301 0.661985 0.172500 0.729397 0.396630 0.745109 -0.536188 0.635972 -0.644249 -0.424832
0.727190 -4.704855 0.520420 22.041108 0.693886 0.201814 0.691226 0.398789 0.691574 -0.602240 0.599574 -0.693539 -0.399392
0.529607 -4.480113 24.280477 7.947850 0.665499 0.198779 0.719443 0.416064 0.701447 -0.578673 0.619680 -0.684440 -0.384108
0.586781 -4.438914 -17.015556 -19.292144 -0.643031 -0.176409 -0.745246 0.401558 0.750948 -0.524241 0.652122 -0.636363 -0.412044
0.379507 -4.260446 30.661150 19.663654 0.679920 0.224753 0.697994 0.420018 0.660884 -0.621946 0.601077 -0.716043 -0.354948
0.601598 -4.037766 1.704026 -11.305393 0.651812 0.181477 0.736347 0.438568 0.701925 -0.561213 0.618708 -0.688744 -0.377933
-0.123616 -14.171051 -24.790432 5.696855 -0.021804 0.615163 -0.788098 0.960583 0.231406 0.154052 0.277138 -0.753675 -0.595960
0.291911 -13.246726 -61.371295 16.121698 0.024966 0.611861 -0.790571 0.971732 0.170859 0.162924 0.234763 -0.772291 -0.590299
0.352346 -14.336469 -38.935645 47.753152 0.019347 0.617589 -0.786263 0.995908 0.057535 0.069697 0.088282 -0.784394 -0.613948
0.072146 -14.704615 -7.317566 -23.948265 -0.012255 0.624657 -0.780803 0.993709 0.094538 0.060035 0.111316 -0.775156 -0.621886
-1.796600 -18.239487 -66.687193 -24.067932 -0.146574 0.564816 -0.812095 0.078084 0.825006 0.559703 0.986113 0.018626 -0.165028
-0.839052 -17.582368 -55.155211 57.722471 -0.128114 0.558363 -0.819645 0.269000 0.815038 0.513179 0.954582 -0.154739 -0.254617
-1.954327 -17.588566 -59.782457 14.448772 -0.157311 0.554895 -0.816912 0.320763 0.811070 0.489159 0.934005 -0.185085 -0.305580
-0.602255 -18.533876 -69.622036 -78.655767 -0.119134 0.567677 -0.814586 0.095878 0.823172 0.559639 0.988238 -0.011429 -0.152495
-3.595449 -18.633371 -114.829364 -25.659323 -0.179931 0.553128 -0.813434 0.216590 0.828913 0.515744 0.959538 -0.083384 -0.268949
-3.357230 -20.846345 -115.934387 -186.529007 -0.167108 0.576882 -0.799551 -0.037642 0.806630 0.589856 0.985220 0.128666 -0.113080
0.209447 -13.548456 -6.760813 -64.743365 -0.336879 -0.584322 0.738296 -0.710685 0.672154 0.207694 -0.617608 -0.454728 -0.641703
-0.357849 -12.608120 -0.907498 70.611447 0.335412 0.592281 -0.732600 0.819607 -0.566875 -0.083050 -0.464481 -0.572588 -0.675574
0.104518 -12.917703 25.001010 -66.489226 -0.358973 -0.550689 0.753578 -0.731609 0.667365 0.139180 -0.579557 -0.501363 -0.642455
0.392435 -13.668762 -21.558320 -35.381630 -0.370231 -0.551270 0.747683 -0.603299 0.754724 0.257726 -0.706371 -0.355658 -0.612003
0.199103 -12.681648 -3.135281 -53.613221 -0.379493 -0.536160 0.754001 -0.714515 0.687568 0.129301 -0.587753 -0.489676 -0.644021
-0.137697 -15.153988 104.467548 -264.327014 0.989439 -0.010739 -0.144553 0.028101 0.992544 0.118605 0.142201 -0.121415 0.982363
5.211281 -18.390375 411.340360 -383.954640 0.983455 -0.125883 -0.130268 0.119179 0.991173 -0.058065 0.136428 0.041579 0.989777
-0.221805 -19.386913 91.807390 -384.225288 0.991082 -0.022198 -0.131391 0.010134 0.995727 -0.091788 0.132867 0.089638 0.987072
-2.010779 -53.635692 259.179465 2340.224344 0.704797 0.340591 -0.622302 -0.482245 -0.413334 -0.772395 0.520290 -0.844484 0.127068
1.670555 -61.556080 292.141962 2381.376352 0.650667 0.308634 -0.693814 -0.371270 -0.667729 -0.645211 0.662413 -0.677409 0.319882
-5.732880 -89.594291 128.577878 -3892.985956 0.684486 0.408212 -0.604022 0.218640 0.675447 0.704249 0.695468 -0.614112 0.373083
-11.341704 -111.182632 279.447237 6147.283887 0.763903 0.358920 -0.536310 -0.430382 -0.335902 -0.837820 0.480858 -0.870831 0.102123
-9.754211 -208.970263 61.988519 12062.192772 0.717004 0.375353 -0.587380 -0.269598 -0.627746 -0.730241 0.642824 -0.681942 0.348902
-0.533569 -5.230225 12.871014 -0.542242 0.699078 0.260328 0.665973 -0.547733 0.793672 0.264715 0.459651 0.549831 -0.697428
-0.347270 -5.148886 35.384009 6.622017 0.707980 0.222554 0.670249 -0.534220 0.789507 0.302140 0.461924 0.571969 -0.677848
-0.086754 -5.290312 -38.097785 -4.049313 -0.715700 -0.216630 -0.663962 -0.479920 0.843217 0.242201 0.507396 0.491991 -0.707456
-0.707415 -4.914260 3.406972 20.082316 0.699794 0.258478 0.665941 -0.593674 0.728915 0.340932 0.397291 0.633934 -0.663542
-0.417439 -5.363767 -13.661930 -1.819119 -0.695159 -0.272076 -0.665379 -0.516800 0.832536 0.199502 0.499673 0.482553 -0.719354
-0.677401 -5.255299 -2.974587 7.189418 0.684060 0.292292 0.668302 -0.584035 0.768368 0.261749 0.436995 0.569364 -0.696319
-0.227239 -4.563120 69.591614 -40.863222 0.575646 0.463970 0.673323 0.524670 0.422002 -0.739348 0.627179 -0.778875 0.000508
-1.225398 -4.807408 47.445651 -9.618298 0.622072 0.477682 0.620360 0.458579 0.419916 -0.783183 0.634611 -0.771680 -0.042164
-0.269987 -5.026900 69.174991 -7.672655 0.572198 0.457134 0.680894 0.486779 0.478868 -0.730570 0.660027 -0.749476 -0.051484
0.676860 -4.677785 72.623917 -35.392746 0.560060 0.451425 0.694657 0.527258 0.452532 -0.719176 0.639008 -0.769045 -0.015428
0.077544 -4.105351 72.148683 -79.375752 0.570956 0.464973 0.676616 0.564760 0.375721 -0.734765 0.595865 -0.801644 0.048078
0.880683 -3.434861 37.675020 12.329774 0.290223 0.761082 0.580107 -0.335774 0.648646 -0.683018 0.896117 -0.003443 -0.443804
1.230746 -3.302787 31.634995 16.851901 0.254041 0.857297 0.447777 -0.373406 0.514005 -0.772248 0.892206 -0.028980 -0.450698
0.342742 -3.426537 15.989605 3.319695 0.287683 0.801542 0.524184 -0.295679 0.594917 -0.747427 0.910941 -0.060031 -0.408146
0.128173 -3.846905 -38.958326 21.815627 -0.327479 -0.633871 -0.700689 -0.257144 0.773379 -0.579449 0.909195 -0.009580 -0.416261
0.207117 -3.757141 72.059567 20.289895 0.290977 0.707098 0.644472 -0.344552 0.705869 -0.618896 0.892534 0.041969 -0.449024
0.028852 -3.804699 -21.853422 14.599026 -0.324735 -0.663261 -0.674264 -0.234464 0.747100 -0.621987 0.916283 -0.043890 -0.398120
-1.501371 -5.698315 8.629556 -6.676180 0.750428 0.376876 0.542975 0.418041 0.365679 -0.831577 0.511956 -0.851025 -0.116866
-1.565702 -5.538885 1.606046 3.731142 0.694410 0.332059 0.638382 0.544208 0.338068 -0.767820 0.470778 -0.880594 -0.054048
-1.405440 -6.059079 -2.684730 -15.712369 0.727109 0.328576 0.602785 0.506693 0.335593 -0.794128 0.463222 -0.882845 -0.077526
-2.354725 -11.614866 79.365105 27.034947 0.619412 -0.443317 0.647918 0.521021 -0.385219 -0.761672 -0.587253 -0.809368 0.007632
-2.330036 -11.895468 17.109697 85.790807 0.618590 -0.429439 0.657973 0.551630 -0.358961 -0.752895 -0.559509 -0.828691 -0.014841
-2.410078 -12.415767 8.957569 144.174001 0.628723 -0.467099 0.621712 0.439043 -0.446660 -0.779574 -0.641832 -0.763095 0.075749
12.037142 -8.353898 178.262117 -84.796764 0.762793 0.112990 0.636695 -0.543133 -0.422400 0.725661 -0.350933 0.899339 0.260835
10.648210 -6.358698 -217.491273 -148.478264 0.671516 0.389656 0.630265 -0.558694 -0.292486 0.776088 -0.486751 0.873281 -0.021290
11.430085 -7.938431 164.317711 -73.486441 0.818193 0.162928 0.551375 -0.496972 -0.281806 0.820734 -0.289102 0.945537 0.149601
-12.787432 -17.402686 -708.391619 -866.777171 -0.093828 0.683461 0.723932 0.886692 0.388031 -0.251415 -0.452741 0.618315 -0.642427
3.412764 -7.964954 487.869119 -428.709529 -0.121060 0.688112 0.715434 0.847437 0.446959 -0.286493 -0.516909 0.571603 -0.637240
23.706833 -40.965882 1497.489335 -2329.897757 -0.338126 0.510081 0.790878 0.700047 0.697977 -0.150871 -0.628971 0.502639 -0.593085
-2.584329 -6.824319 480.590386 -89.793822 -0.235874 0.943943 -0.230942 -0.916825 -0.294946 -0.269145 0.322173 -0.148249 -0.935001
-5.554362 -23.111362 145.949051 1528.155704 0.683924 0.709224 0.171028 -0.627689 0.691512 -0.357516 0.371826 -0.137161 -0.918113
-8.021907 -14.321431 196.448908 997.422847 0.693092 0.714645 0.094373 -0.661989 0.682834 -0.309044 0.285298 -0.151722 -0.946354
-3.156159 -11.648951 550.681828 -332.567708 -0.421054 0.865783 -0.270431 -0.875778 -0.465650 -0.127213 0.236065 -0.183274 -0.954298
-15.522091 -25.721278 416.697894 1391.778706 0.875298 0.475974 0.085453 -0.429727 0.846618 -0.313962 0.221784 -0.238089 -0.945582
0.279780 -11.337011 -67.527723 -411.427070 0.700093 0.641156 0.314307 0.628464 -0.344316 -0.697481 0.338974 -0.685832 0.643997
0.741912 -27.364492 -65.401913 -1457.159511 0.752480 0.617336 0.229501 0.534380 -0.368584 -0.760647 0.384984 -0.695012 0.607244
5.757290 -867.609081 -158.049623 -48525.480996 0.725757 0.618676 0.300859 0.562056 -0.281058 -0.777882 0.396698 -0.733653 0.551710
1.083044 -2.151148 210.396987 35.359297 0.301989 0.228452 -0.925533 0.878366 0.310648 0.363278 0.370507 -0.922663 -0.106852
2.429811 -2.964958 122.908012 49.064504 0.354973 0.185617 -0.916265 0.876534 0.274731 0.395236 0.325089 -0.943435 -0.065178
2.572701 -2.592505 115.684077 47.097847 0.298168 0.157687 -0.941398 0.884128 0.326080 0.334648 0.359741 -0.932098 -0.042189
2.122548 -1.923736 206.492301 30.711482 0.213739 0.186192 -0.958983 0.894002 0.358441 0.268849 0.393796 -0.914797 -0.089843
-1.691884 -8.358271 83.109091 -39.183627 0.667424 0.669012 0.327060 0.553348 -0.151636 -0.819031 0.498348 -0.727619 0.471402
0.154931 -8.030835 157.951305 -66.107102 0.637234 0.698399 0.325840 0.582560 -0.159725 -0.796939 0.504536 -0.697658 0.508642
-1.371262 -7.412302 108.808082 -67.519819 0.643093 0.684035 0.344278 0.624483 -0.208235 -0.752767 0.443229 -0.699095 0.561083
-0.293518 -8.999151 115.564227 -43.161299 0.642187 0.687113 0.339811 0.525376 -0.071725 -0.847842 0.558190 -0.723002 0.407053
-2.481309 -7.588686 47.851650 -67.915145 0.661540 0.652248 0.370051 0.626376 -0.209276 -0.750904 0.412332 -0.728544 0.546997
-2.875965 -8.455670 50.342126 -48.795268 0.689819 0.634606 0.348461 0.552161 -0.149853 -0.820160 0.468261 -0.758168 0.453776
-1.968291 -8.886038 70.759490 -14.590491 0.674338 0.661263 0.328632 0.492065 -0.070571 -0.867693 0.550582 -0.746827 0.372973
16.488029 -4.642730 -295.127827 40.758087 0.103268 0.008246 0.994619 0.414378 0.908699 -0.050558 -0.904227 0.417370 0.090423
17.583777 -6.557226 96.839103 121.549624 0.416175 -0.085397 0.905265 0.439647 0.890369 -0.118126 -0.795933 0.447158 0.408094
17.902914 -5.878253 -112.710512 21.702861 0.216713 -0.128987 0.967677 0.352644 0.934646 0.045609 -0.910317 0.331361 0.248036
17.518655 -8.006436 251.074014 45.254582 0.472259 -0.199753 0.858528 0.361061 0.932362 0.018319 -0.804119 0.301329 0.512439
15.843021 -4.299705 -124.973910 6.494296 -0.027452 -0.043950 0.998656 0.336454 0.940338 0.050632 -0.941300 0.337391 -0.011027
16.600311 -7.858145 50.195156 -30.436422 0.342057 -0.244505 0.907312 0.252964 0.953870 0.161684 -0.904990 0.174212 0.388129
16.628018 -5.605278 -190.065242 19.220692 0.092229 -0.168158 0.981436 0.307986 0.942122 0.132479 -0.946910 0.290050 0.138681
-3.210312 -6.094931 -38.281128 34.909559 -0.358036 -0.435691 -0.825823 0.867118 0.172871 -0.467143 0.346291 -0.883340 0.315902
-3.149929 -5.598559 -24.581963 53.504669 -0.392224 -0.408384 -0.824247 0.826339 0.237241 -0.510764 0.404133 -0.881442 0.244412
-2.483723 -5.337888 -69.820646 39.226548 -0.483368 -0.487469 -0.727138 0.764208 0.170195 -0.622108 0.427014 -0.856392 0.290261
-3.289364 -6.519308 -51.034377 34.270599 -0.343466 -0.468648 -0.813880 0.896943 0.093231 -0.432205 0.278431 -0.878451 0.388329
-3.563084 -6.959956 -16.461351 54.194581 -0.226052 -0.387716 -0.893631 0.938323 0.159723 -0.306656 0.261629 -0.907835 0.327697
-2.407894 -5.803810 -73.515054 20.618531 -0.462579 -0.500978 -0.731466 0.806944 0.103837 -0.581429 0.367236 -0.859208 0.356228
-0.868684 -10.058425 -11.955103 -148.248907 -0.697436 0.648531 0.304943 0.432621 0.720240 -0.542305 -0.571333 -0.246298 -0.782889
-0.858813 -10.158988 -38.808131 -37.662309 -0.712921 0.633326 0.301068 0.384738 0.712205 -0.587146 -0.586277 -0.302757 -0.751410
-0.890459 -10.075262 12.198546 -28.986320 -0.681209 0.663198 0.310038 0.406150 0.694707 -0.593654 -0.609095 -0.278481 -0.742598
-0.760067 -10.422318 36.273982 -134.133034 -0.660474 0.683830 0.310082 0.465060 0.696793 -0.546076 -0.589486 -0.216462 -0.778235
-0.855634 -9.148005 37.910853 76.053502 -0.665923 0.669818 0.328467 0.354881 0.671706 -0.650285 -0.656206 -0.316473 -0.685010
-0.804812 -9.824064 38.765600 23.647686 -0.659860 0.681625 0.316184 -0.410555 -0.679500 0.608050 -0.629308 -0.271417 -0.728219
0.177106 -9.258561 4.877723 74.704303 0.915164 -0.393873 0.085668 -0.284100 -0.479521 0.830269 0.285941 0.784171 0.550739
0.528206 -10.057999 1.841235 18.428180 0.924188 -0.378708 0.049565 -0.197601 -0.363043 0.910579 0.326849 0.851340 0.410353
0.146800 -10.347643 20.941739 51.530305 0.911444 -0.403462 0.080547 -0.248256 -0.383212 0.889673 0.328083 0.830883 0.449438
-0.345134 -9.168409 31.738983 70.388332 0.894228 -0.430258 0.123427 -0.344433 -0.485314 0.803639 0.285872 0.761149 0.582177
-0.080570 -8.621129 27.908748 67.559696 0.907259 -0.411313 0.087764 -0.335635 -0.582343 0.740423 0.253437 0.701212 0.666387
0.264738 -8.654869 14.439775 119.682357 0.916923 -0.393098 0.068747 -0.295381 -0.552711 0.779269 0.268332 0.734837 0.622907
-5.024901 -12.738428 151.261200 -125.822510 0.902520 -0.030976 0.429532 0.118407 0.976817 -0.178350 -0.414050 0.211824 0.885265
-3.175528 -12.313031 136.188321 -70.315598 0.923184 -0.061723 0.379371 0.105487 0.989809 -0.095658 -0.369600 0.128329 0.920287
-3.141520 -13.737384 132.260471 -146.928420 0.920459 -0.086470 0.381154 0.185741 0.954833 -0.231934 -0.343883 0.284282 0.894946
-5.478715 -14.144780 156.748259 -154.623835 0.892344 -0.067290 0.446311 0.226053 0.922500 -0.312881 -0.390668 0.380088 0.838398
-3.100508 -15.195000 140.911409 136.937464 0.915548 -0.117059 0.384797 -0.276585 -0.877835 0.391033 -0.292014 0.464439 0.836077
1.057592 -19.666864 20.366915 153.223741 0.953772 0.183697 0.237854 0.141955 0.422220 -0.895309 0.264893 -0.887685 -0.376625
0.941362 -20.528426 4.519363 164.954020 0.960573 0.184373 0.208100 0.132152 0.355749 -0.925191 0.244612 -0.916215 -0.317358
0.791204 -20.097925 6.567897 132.807022 0.961428 0.187002 0.201709 0.171188 0.167189 -0.970949 0.215293 -0.968028 -0.128727
0.727361 -19.468859 25.856482 209.507517 0.955043 0.196484 0.222007 0.167226 0.261317 -0.950657 0.244804 -0.945043 -0.216712
-0.494650 -15.668164 26.510575 -79.605772 0.451738 -0.344623 -0.822902 0.769619 0.617065 0.164067 0.451243 -0.707436 0.543980
-0.544798 -18.615446 21.717794 -281.900449 0.454445 -0.350661 -0.818851 0.671258 0.739104 0.056024 0.585570 -0.575120 0.571266
-1.013316 -17.923285 24.346085 -204.505232 0.478411 -0.331850 -0.813019 0.659814 0.746781 0.083446 0.579455 -0.576363 0.576227
12.459726 0.252091 -97.419355 136.230106 0.785539 0.561806 -0.259427 0.615668 -0.667347 0.419047 -0.062295 0.488899 0.870113
12.926164 0.561374 28.573397 -50.049814 0.823916 0.482025 -0.298017 0.563922 -0.645228 0.515435 -0.056164 0.592734 0.803438
12.492214 1.132504 -252.634664 36.818574 0.787224 0.611072 -0.082888 0.572516 -0.674284 0.466440 -0.229138 0.414648 0.880661
10.411763 -0.450017 -250.062883 191.691116 0.787826 0.614422 -0.042613 0.574749 -0.708563 0.409392 -0.221346 0.347021 0.911363
2.123337 -14.133199 44.937579 19.716918 -0.163851 0.338814 0.926476 0.532479 0.820978 -0.206062 -0.830433 0.459566 -0.314929
1.266700 -14.019821 63.510101 44.795355 -0.155030 0.295405 0.942710 0.503257 0.844764 -0.181952 -0.850117 0.446217 -0.279628
1.589830 -14.093471 78.445779 -1.375740 -0.143286 0.335877 0.930944 0.338573 0.900529 -0.272792 -0.929966 0.276105 -0.242752
0.426317 -14.136620 50.335239 -33.729964 -0.153849 0.316906 0.935896 0.198267 0.937810 -0.284962 -0.967998 0.141716 -0.207113
1.016396 -14.103583 88.633500 -18.517632 -0.140687 0.343980 0.928378 0.139186 0.935263 -0.325439 -0.980222 0.083433 -0.179457
2.412963 -13.878237 44.053741 -1.510023 -0.171254 0.373789 0.911567 0.438765 0.857353 -0.269130 -0.882132 0.353874 -0.310831
1.749357 -13.917591 69.928183 -27.446961 -0.155336 0.364150 0.918295 0.129667 0.929052 -0.346481 -0.979315 0.065252 -0.191533
2.228758 -13.713697 68.525750 -0.600208 -0.159902 0.373417 0.913778 0.281945 0.904404 -0.320249 -0.946012 0.206427 -0.249899
-0.653424 -21.034951 -11.374605 98.268869 -0.660436 0.699132 0.273931 0.293175 0.575946 -0.763108 0.691283 0.423674 0.585344
-0.903590 -23.247266 -10.349296 -62.585449 -0.673912 0.691269 0.260748 0.280958 0.566199 -0.774907 0.683305 0.448960 0.575786
-0.763249 -21.542505 18.652775 -89.887870 -0.673710 0.696914 0.245816 0.471119 0.661316 -0.583702 0.569352 0.277437 0.773865
-0.666907 -21.669814 -1.705645 17.864144 -0.674508 0.683263 0.279626 0.137605 0.488476 -0.861659 0.725330 0.542718 0.423501
-0.488814 -19.929414 -19.048250 -42.857176 -0.649018 0.707898 0.278667 0.462016 0.657765 -0.594883 0.604414 0.257342 0.753962
-0.517053 -20.842078 -16.288836 33.886463 -0.653559 0.700454 0.286749 0.272958 0.571492 -0.773880 0.705943 0.427506 0.564698
-0.522193 -21.437219 -12.946084 -0.301232 -0.655288 0.697377 0.290282 0.126970 0.480507 -0.867751 0.744632 0.531769 0.403416
1.162126 -19.227865 -19.674394 -106.067399 0.529252 -0.371408 -0.762856 0.605863 0.794870 0.033339 0.593989 -0.479830 0.645709
1.060888 -18.841155 6.265235 53.701890 0.511859 -0.363849 -0.778212 0.710085 0.689047 0.144889 0.483507 -0.626760 0.611059
1.005872 -18.767620 -15.366444 26.344070 0.527064 -0.372980 -0.763602 0.708775 0.688679 0.152836 0.468872 -0.621777 0.627338
1.176822 -19.339559 14.800927 -51.867152 0.508457 -0.356100 -0.784005 0.599595 0.799896 0.025542 0.618027 -0.483072 0.620229
0.711409 -19.477395 -28.761133 -93.541683 0.540843 -0.385047 -0.747815 0.640619 0.764700 0.069575 0.545065 -0.516694 0.660252
1.423092 -8.470265 60.715030 58.507813 0.643018 -0.392339 -0.657721 0.744975 0.121282 0.655975 -0.177594 -0.911790 0.370269
1.468631 -8.855080 58.473777 61.301500 0.660127 -0.388407 -0.642940 0.744995 0.229156 0.626475 -0.095994 -0.892540 0.440633
0.512017 -9.026758 53.776374 30.775925 0.619774 -0.394307 -0.678530 0.766931 0.120965 0.630225 -0.166424 -0.910983 0.377377
1.960219 -8.380169 35.104941 41.510210 0.672768 -0.402555 -0.620752 0.731494 0.236146 0.639650 -0.110906 -0.884412 0.453338
0.880121 -8.777083 53.346153 -26.796833 0.618657 -0.403136 -0.674348 0.735859 -0.003408 0.677126 -0.275272 -0.915134 0.294543
1.587846 -8.318939 56.712823 -14.961072 0.626955 -0.405146 -0.665420 0.723876 -0.012779 0.689812 -0.287978 -0.914163 0.285264
1.826993 -8.056432 23.276009 41.627822 0.645027 -0.423166 -0.636294 0.738543 0.131430 0.661272 -0.196200 -0.896469 0.397303
1.385564 -44.667153 125.530858 -70.033314 -0.667647 0.730944 0.141311 0.710481 0.682280 -0.172371 0.222407 0.014684 0.974843
2.578677 -46.216716 96.234521 -97.877649 -0.658682 0.726447 0.195990 0.714249 0.685594 -0.140745 0.236614 -0.047280 0.970453
1.939251 -48.711717 -64.332459 35.866982 0.629391 -0.752251 -0.194900 0.776654 0.600540 0.190160 -0.026003 -0.271055 0.962213
1.128455 -44.018198 -46.249699 63.740783 0.651169 -0.743653 -0.151522 0.758804 0.641630 0.111929 0.013985 -0.187860 0.982096
2.331116 -30.325626 -20.705460 892.930195 -0.658682 0.711859 0.243711 0.172190 0.457917 -0.872160 0.732454 0.532511 0.424197
1.798456 -21.370659 -69.074966 142.652831 -0.643471 0.752561 0.139989 0.064381 0.235439 -0.969754 0.762758 0.614996 0.199949
-0.784216 -23.813178 -288.037042 717.691028 -0.591945 0.747733 0.300826 0.063645 0.415443 -0.907390 0.803462 0.517979 0.293509
1.456947 -40.624846 -165.534349 1439.179251 -0.605904 0.723084 0.331706 0.284443 0.586305 -0.758511 0.742948 0.365234 0.560921
-9.329675 -580.108845 661.356848 -50554.162209 0.875840 -0.445638 -0.185230 -0.089437 -0.527050 0.845115 0.474241 0.723619 0.501468
-39.346404 -479.439125 1458.416976 -60349.994067 0.876039 -0.467521 -0.118237 -0.482240 -0.849524 -0.213899 0.000443 -0.244402 0.969674
-14.664353 -257.994930 825.268921 -1221.065380 0.865421 -0.483052 -0.133066 -0.325590 -0.744036 0.583439 0.380837 0.461596 0.801182
4.228795 0.089658 472.326353 -28.506655 0.326695 0.564325 -0.758161 0.787217 0.281446 0.548705 0.523030 -0.776096 -0.352299
-0.232894 -3.106305 -25.684576 241.802129 0.737131 0.220411 0.638793 0.457055 0.533662 -0.711552 0.497733 -0.816471 -0.292639
0.951186 -0.252742 180.492412 133.553903 -0.240006 0.233405 -0.942295 0.820692 0.567246 -0.068527 0.518518 -0.789781 -0.327696
0.221104 -0.938879 267.998871 81.503757 0.676522 0.607681 -0.415984 -0.526418 0.004043 -0.850216 0.514978 -0.794171 -0.322629
9.265803 0.690973 617.014132 -2.188091 0.307810 0.547343 -0.778247 0.794160 0.302670 0.526973 0.523987 -0.780261 -0.341513
8.139217 -0.228367 577.572677 -62.461212 0.386210 0.578832 -0.718189 0.766276 0.232094 0.599127 0.513481 -0.781720 -0.353908
10.402490 0.595577 536.381045 -28.691603 0.363481 0.517873 -0.774396 0.788236 0.272104 0.551945 0.496554 -0.811028 -0.309301
1.836943 -4.077646 -9.018782 -2.047680 0.856595 0.382726 0.346072 -0.162205 0.836427 -0.523526 -0.489831 0.392315 0.778559
1.821802 -3.987490 15.282903 -6.668023 0.861240 0.372784 0.345395 -0.196247 0.870886 -0.450605 -0.468778 0.320297 0.823199
1.600763 -3.900826 -15.504842 -6.858527 0.846472 0.364538 0.388067 -0.157629 0.867762 -0.471320 -0.508564 0.337789 0.791998
1.444001 -3.968131 -45.568291 -13.470617 0.834101 0.403273 0.376361 -0.150436 0.822732 -0.548161 -0.530702 0.400603 0.746908
1.430116 -3.667447 -17.635835 8.127041 0.842863 0.300941 0.446112 -0.097645 0.900776 -0.423165 -0.529195 0.313109 0.788616
1.206933 -3.710435 -26.449266 -11.387435 0.839450 0.351376 0.414559 -0.121896 0.865154 -0.486466 -0.529590 0.357831 0.769085
-42.541016 -812.743995 -2613.906139 90114.454995 0.355230 0.463806 0.811600 0.135210 0.833603 -0.535560 -0.924948 0.299984 0.233410
-23.775387 -93.632904 909.256892 -5331.226281 -0.138443 0.898009 0.417629 0.005694 -0.420961 0.907061 -0.990354 -0.127954 -0.053166
30.979551 -1316.235230 1072.351397 -116314.852794 -0.173971 0.937210 0.302277 0.699077 -0.098651 0.708209 -0.693560 -0.334523 0.638020
-0.023322 -10.256092 57.112641 -211.689604 -0.008264 0.257766 0.966172 -0.319658 0.914827 -0.246802 -0.947497 -0.310884 0.074837
0.929883 -9.432984 94.368276 -207.863414 -0.001077 0.266802 0.963751 -0.268530 0.928277 -0.257281 -0.963271 -0.259073 0.070644
-0.704809 -15.665398 47.518496 -504.689815 -0.039412 0.422597 0.905460 -0.208068 0.882830 -0.421092 -0.977320 -0.204994 0.053135
1.568082 -7.336487 76.338116 -22.267759 0.015868 0.129629 0.991436 -0.349191 0.929846 -0.115988 -0.936917 -0.344360 0.060020
-0.733106 -17.755849 -38.783757 -629.156092 -0.073395 0.426506 0.901502 -0.269463 0.861838 -0.429679 -0.960210 -0.274458 0.051673
0.980966 -7.561487 54.715831 -10.279080 0.022624 0.122275 0.992238 -0.412503 0.905212 -0.102145 -0.910675 -0.406990 0.070918
-0.426657 -9.484422 36.810264 -189.775380 -0.019617 0.270814 0.962432 -0.363582 0.894779 -0.259188 -0.931356 -0.355008 0.080910
3.661528 -30.890311 -34.722756 1107.967729 0.082990 0.497979 0.863209 0.949696 0.222957 -0.219927 -0.301978 0.838037 -0.454426
5.399668 -39.424328 -200.637333 1199.198317 0.056610 0.500034 0.864154 0.782600 0.515227 -0.349398 -0.619946 0.696066 -0.362160
3.370515 -37.331864 -148.114809 1088.571492 -0.036216 0.537235 0.842655 0.890853 0.399449 -0.216382 -0.452846 0.742845 -0.493064
1.343768 -3.332980 205.481960 66.277952 0.883415 0.209495 0.419154 -0.085200 -0.807777 0.583299 -0.460782 0.551007 0.695753
2.149166 -2.288622 208.631016 32.650196 0.879829 0.178942 0.440319 -0.100546 -0.835380 0.540398 -0.464534 0.519730 0.717000
3.659996 -2.954397 240.208595 57.136504 0.870292 0.187891 0.455290 -0.114143 -0.822276 0.557524 -0.479128 0.537177 0.694174
3.554358 -3.955518 235.081428 67.449145 0.870418 0.193803 0.452562 -0.130645 -0.795370 0.591877 -0.474662 0.574306 0.666985
-0.639140 -8.327072 25.231008 8.703658 0.913528 -0.403749 -0.049525 -0.406776 -0.906757 -0.111016 0.000085 -0.121562 0.992584
-0.431663 -8.012939 40.557016 3.381244 0.911799 -0.405401 -0.065361 -0.410595 -0.897819 -0.159162 -0.005842 -0.171961 0.985086
-0.350494 -8.255250 25.555824 56.106952 0.918653 -0.390638 -0.058971 -0.394638 -0.914313 -0.091062 0.018346 -0.106927 0.994098
-8.316036 -11.898989 57.092855 -385.588335 0.912592 0.392143 -0.115758 -0.069670 0.428116 0.901034 -0.402892 0.814212 -0.418016
-7.681076 -9.858033 -114.899819 77.318733 0.534938 0.630896 0.561971 0.692196 0.054138 -0.719676 -0.484464 0.773977 -0.407743
-5.356109 -9.397475 -5.240914 58.696503 0.252688 0.625942 0.737798 0.832526 0.247882 -0.495433 -0.492999 0.739426 -0.458476
-2.344432 -5.868486 184.072825 -8.961918 0.823609 0.411243 0.390573 -0.544740 0.765290 0.342913 0.157882 0.495187 -0.854320
-4.881970 -5.771592 87.486175 -13.703150 0.826664 0.442935 0.347037 -0.544949 0.783870 0.297621 0.140205 0.435151 -0.889374
-4.092847 -6.740899 35.549626 -0.391801 -0.770306 -0.098823 -0.629970 -0.245143 0.957893 0.149489 0.588671 0.269585 -0.762096
-3.029189 -6.409310 -138.377479 53.132259 -0.663935 -0.215072 -0.716194 -0.425688 0.896122 0.125522 0.614801 0.388214 -0.686520
-4.596857 -7.321370 21.754123 -38.371672 -0.730659 -0.098342 -0.675623 -0.183416 0.981468 0.055497 0.657644 0.164470 -0.735155
-4.183283 -6.867703 60.731650 -29.724116 -0.758550 -0.173559 -0.628076 -0.221315 0.975200 -0.002192 0.612880 0.137339 -0.778149
-4.064598 -7.028026 -52.719038 8.639598 -0.700456 -0.130071 -0.701743 -0.282697 0.953394 0.105463 0.655319 0.272253 -0.704581
3.894596 -26.508681 -120.992280 -255.104402 -0.002423 0.529944 -0.848029 -0.282524 0.813120 0.508936 0.959257 0.240821 0.147752
2.205499 -27.076221 -79.002909 -277.514851 0.013058 0.584039 -0.811620 -0.242852 0.789239 0.564026 0.969976 0.189738 0.152141
3.312927 -27.729681 -102.254964 605.685404 0.004957 0.570584 -0.821224 -0.595491 0.661428 0.455964 0.803347 0.486772 0.343056
5.417530 -27.171370 -110.257129 661.262525 -0.026872 0.506428 -0.861864 -0.629851 0.660928 0.407997 0.776251 0.553809 0.301214
5.004486 -23.564976 102.246051 -852.815475 0.005328 -0.540599 0.841264 0.816789 -0.482996 -0.315548 0.576912 0.688816 0.438981
3.327857 -6.931020 -157.742741 -85.025170 0.522253 0.811532 0.262046 0.828539 -0.410092 -0.381245 -0.201930 0.416222 -0.886557
5.270455 -4.621163 -142.754429 -88.812803 0.638774 0.726774 0.252522 0.725722 -0.460135 -0.511471 -0.255530 0.509975 -0.821359
3.364991 -4.481854 -180.819413 -214.084042 0.563390 0.803090 0.194008 0.725882 -0.369000 -0.580461 -0.394573 0.467853 -0.790839
1.688656 -6.575141 123.896017 -42.531907 0.608843 0.162691 0.776429 0.760826 0.157375 -0.629584 -0.224618 0.974046 -0.027963
-0.738587 -6.728910 -1.637789 -60.941267 0.353493 0.913784 0.200103 -0.628016 0.390366 -0.673208 0.693281 -0.112307 -0.711863
-1.139086 -7.299153 22.740101 -117.002983 0.346244 0.919324 0.186972 -0.656445 0.379798 -0.651792 0.670220 -0.102943 -0.734989
-1.417013 -6.587463 33.293159 -73.649626 0.310567 0.941262 0.132563 -0.667539 0.315253 -0.674542 0.676712 -0.121000 -0.726237
7.533549 -14.202082 289.527866 215.651342 0.556056 0.830085 -0.041962 0.794041 -0.545472 -0.268251 0.245560 -0.115843 0.962435
15.751961 -12.723852 912.909012 -375.039518 0.809409 0.578361 -0.101763 -0.479007 0.750481 0.455336 0.339720 -0.319808 0.884485
-0.697320 -16.214402 31.415008 222.360322 -0.616444 0.547623 -0.565779 0.294665 -0.505891 -0.810708 0.730185 0.666471 -0.150488
-0.615119 -15.319515 8.729315 197.531309 -0.613304 0.553845 -0.563129 0.266524 -0.526028 -0.807626 0.743521 0.645408 -0.175002
-0.729416 -16.781112 28.020349 210.019056 -0.616884 0.552481 -0.560552 0.302223 -0.491334 -0.816855 0.726715 0.673317 -0.136124
-0.437145 -17.942509 -6.353589 -286.704760 0.621604 -0.558343 0.549419 -0.365258 0.413874 0.833843 0.692961 0.719000 -0.053327
-0.652519 -18.793295 -15.196235 -222.790057 0.609418 -0.568417 0.552731 -0.406249 0.374807 0.833356 0.680861 0.732408 0.002505
-1.017118 -4.438250 -52.190196 -45.258632 0.640973 0.624501 -0.446265 0.621229 -0.080607 0.779472 -0.450809 0.776853 0.439625
-1.053277 -7.047611 518.427490 133.893685 -0.284953 -0.694456 0.660707 0.795908 0.212697 0.566825 -0.534165 0.687380 0.492114
4.376164 -5.839559 408.292719 -17.209346 -0.327493 -0.641773 0.693452 0.800982 0.200721 0.564038 -0.501174 0.740161 0.448314
1.765456 -4.683224 205.617848 -93.965893 -0.538139 -0.654771 0.530736 0.722611 -0.034275 0.690405 -0.433866 0.755050 0.491589
0.501573 -9.911599 4.320956 -8.080552 0.048690 0.711952 -0.700538 -0.785113 -0.406285 -0.467473 0.617436 -0.572763 -0.539181
0.218426 -10.123855 17.120989 95.925059 0.046811 0.728749 -0.683179 -0.718559 -0.450525 -0.529811 0.693889 -0.515706 -0.502559
0.116559 -9.909722 29.082076 93.967906 0.058359 0.738836 -0.671354 -0.734383 -0.423763 -0.530195 0.676222 -0.523972 -0.517858
1.960631 -16.735372 55.187081 -34.505557 -0.054042 -0.673577 0.737139 0.242406 0.707285 0.664069 -0.968669 0.214574 0.125056
1.658855 -16.935158 21.723663 -67.546236 -0.067908 -0.671597 0.737798 0.106661 0.730380 0.674662 -0.991974 0.124509 0.022035
-0.338340 -11.546832 -46.668415 -54.755233 0.466136 0.835513 0.290922 0.883149 -0.419894 -0.209133 -0.052576 0.354412 -0.933610
