12135
24255
-6.383910 -10.220737 -66.173236 233.690201 0.595174 0.650152 -0.472304 -0.395365 -0.274775 -0.876462 0.699611 -0.708379 -0.093508
-8.103246 -11.002022 -16.264351 176.818131 0.522780 0.717531 -0.460273 -0.308213 -0.344310 -0.886823 0.794799 -0.605476 -0.041154
-5.400760 -12.799063 -115.539119 232.984161 0.628966 0.640048 -0.441294 -0.248319 -0.372500 -0.894193 0.736709 -0.671998 0.075354
-6.832536 -8.348445 37.510329 -115.709869 0.031560 0.275681 -0.960731 0.661855 0.714509 0.226770 0.748967 -0.643022 -0.159911
-4.243782 -12.261414 -164.228236 340.260939 0.677469 0.550429 -0.487918 -0.382754 -0.302647 -0.872871 0.628121 -0.778096 -0.005645
-4.362634 -8.155200 -106.202191 203.751620 0.595396 0.527623 -0.605902 -0.529884 -0.308998 -0.789774 0.603926 -0.791286 -0.095603
-5.801320 -6.863892 23.281549 -68.678472 -0.022139 0.206594 -0.978176 0.738500 0.662885 0.123289 0.673890 -0.719654 -0.167245
-6.246183 -9.560267 -14.614834 -20.016626 0.727519 0.354960 -0.587128 -0.537658 0.826559 -0.166508 -0.426192 -0.436811 -0.792184
-6.400672 -9.668565 10.047240 10.792008 -0.723923 -0.382852 0.573898 -0.481403 0.876204 -0.022726 -0.494152 -0.292729 -0.818611
-6.651907 -9.538155 -25.646585 -17.803848 0.783874 0.384492 -0.487553 -0.526245 0.828142 -0.192996 -0.329558 -0.407857 -0.851495
-5.931010 -9.651308 30.066335 5.462270 -0.658544 -0.352693 0.664776 -0.488945 0.872045 -0.021702 -0.572060 -0.339331 -0.746728
-6.387248 -9.214344 -21.564082 -37.906423 0.794521 0.349668 -0.496456 -0.546520 0.768115 -0.333638 -0.264672 -0.536406 -0.801385
-5.986824 -9.324382 -9.065749 -31.076180 0.714741 0.357252 -0.601262 -0.603052 0.750217 -0.271113 -0.354221 -0.556368 -0.751653
-5.698948 -9.660882 27.422220 -17.428005 -0.637859 -0.358885 0.681423 -0.573059 0.812284 -0.108617 -0.514528 -0.459778 -0.723785
7.504652 -4.514324 297.316355 -61.815040 0.173245 0.946799 -0.271216 0.113341 -0.292717 -0.949458 0.978335 -0.133749 0.158023
9.307498 -6.289573 178.991025 -26.420647 0.331625 0.935908 -0.118748 0.024382 -0.134331 -0.990637 0.943096 -0.325624 0.067367
10.284320 -6.377621 45.904654 -126.835373 0.412758 0.879084 -0.238415 0.117420 -0.310924 -0.943154 0.903240 -0.361300 0.231558
9.090556 -4.666686 280.580726 -93.915539 0.236188 0.901121 -0.363588 0.159053 -0.404980 -0.900385 0.958602 -0.154830 0.238978
4.948649 -4.053618 503.757485 -22.065225 0.033632 0.921111 -0.387843 0.135752 -0.388677 -0.911319 0.990172 0.022001 0.138115
3.956505 -3.371763 282.813155 4.569963 0.060067 0.946243 -0.317832 0.070873 -0.321646 -0.944204 0.995675 -0.034190 0.086384
-2.187674 -4.404257 -13.393744 45.725094 -0.733519 -0.672600 0.097769 -0.587601 0.699855 0.406113 -0.341576 0.240443 -0.908577
-2.241324 -4.729278 18.933491 37.961452 0.597622 0.801735 0.008344 -0.746379 0.552498 0.371032 -0.292859 0.227964 -0.928583
-2.802140 -5.196244 0.486348 17.578046 -0.826875 -0.538824 0.161080 -0.483361 0.827319 0.286192 -0.287471 0.158785 -0.944536
-2.487657 -5.346202 -11.743227 47.761587 -0.855719 -0.469117 0.218345 -0.392094 0.863222 0.317979 -0.337649 0.186489 -0.922613
-2.702092 -5.980701 -6.346590 10.967156 -0.902452 -0.334029 0.272039 -0.293149 0.938899 0.180367 -0.315665 0.083024 -0.945232
0.483727 -7.105896 -6.816484 149.519491 0.389232 0.478721 -0.786972 0.132820 0.816250 0.562223 0.911514 -0.323361 0.254127
-0.392353 -8.752561 28.925532 97.414377 0.382112 0.472234 -0.794346 0.305962 0.746445 0.590938 0.871996 -0.468844 0.140740
0.509911 -6.794959 87.570636 142.704177 0.373604 0.564397 -0.736122 0.094126 0.766423 0.635402 0.922800 -0.306677 0.233214
-0.269898 -8.999111 -80.350650 81.120022 0.408513 0.375768 -0.831814 0.362020 0.769875 0.525580 0.837889 -0.515840 0.178468
1.490810 -4.884093 82.334870 115.162414 0.374668 0.625996 -0.683925 -0.055354 0.751443 0.657472 0.925505 -0.208476 0.316193
1.650080 -5.239314 -13.936561 119.718498 0.386752 0.519394 -0.762005 -0.003372 0.827096 0.562050 0.922177 -0.214805 0.321633
0.654284 -7.579811 -103.029391 132.507854 0.411545 0.370059 -0.832879 0.202142 0.854032 0.479340 0.888690 -0.365630 0.276668
1.142212 -6.929357 -18.570346 20.634228 -0.433645 -0.554066 0.710607 0.900752 -0.245151 0.358533 -0.024445 0.795557 0.605385
1.960560 -7.061530 -40.661462 11.303862 -0.437397 -0.565930 0.698861 0.899106 -0.289989 0.327894 0.017097 0.771770 0.635672
1.984238 -7.062653 -57.234740 -9.016481 -0.481000 -0.547367 0.684856 0.869954 -0.201125 0.450253 -0.108712 0.812365 0.572926
8.338381 -14.036420 314.128501 319.607816 0.954974 0.271332 0.120015 -0.280332 0.692748 0.664465 -0.097150 0.668191 -0.737620
8.861703 -11.737730 279.632664 96.170665 0.940121 0.324719 0.103585 -0.292522 0.612702 0.734185 -0.174937 0.720523 -0.671002
14.409134 -12.038526 411.141961 139.789996 0.918637 0.395032 0.007465 -0.312922 0.715898 0.624156 -0.241217 0.575709 -0.781264
14.280080 -14.577970 458.061031 370.616020 0.934970 0.354325 0.016898 -0.306481 0.782901 0.541420 -0.178609 0.511390 -0.840582
7.125662 -15.630394 258.167824 184.229026 0.957698 0.272494 0.092531 -0.281811 0.822922 0.493338 -0.058286 0.498545 -0.864902
0.629479 -16.820223 -20.165399 365.267955 0.889808 0.422018 -0.173614 0.436590 -0.676592 0.592969 -0.132778 0.603428 0.786286
0.176877 -17.098931 -16.181207 386.721062 0.894361 0.420576 -0.152428 0.426333 -0.698137 0.575191 -0.135496 0.579413 0.803692
0.443357 -19.130449 -11.279827 266.961649 0.893666 0.415708 -0.168962 0.388118 -0.527079 0.756011 -0.225223 0.741198 0.632376
0.254070 -13.786810 -20.686162 248.238716 0.900510 0.407042 -0.152967 0.432212 -0.799276 0.417552 -0.047698 0.442124 0.895685
0.908899 -18.231701 -21.439507 318.532180 0.886768 0.419358 -0.194375 0.412501 -0.528286 0.742130 -0.208532 0.738277 0.641453
1.290393 -15.798841 -31.234914 319.102579 0.874933 0.435401 -0.211937 0.468273 -0.649265 0.599313 -0.123338 0.623603 0.771950
0.857242 -13.533846 -22.212576 176.520400 0.889468 0.417957 -0.184822 0.454231 -0.764116 0.458041 -0.050217 0.491364 0.869505
0.548570 -6.978624 -4.235377 -14.999620 -0.673116 -0.392193 0.626977 -0.419918 0.900561 0.112510 -0.608757 -0.187546 -0.770871
0.407978 -6.940914 -2.189774 -3.826610 -0.682364 -0.361221 0.635530 -0.328829 0.928134 0.174469 -0.652879 -0.089930 -0.752105
0.515244 -7.133520 0.017017 -30.665490 -0.681172 -0.359897 0.637557 -0.399618 0.912437 0.088110 -0.613442 -0.194761 -0.765348
0.793632 -6.687648 1.873598 -25.695906 -0.682530 -0.369412 0.630624 -0.467950 0.883684 0.011185 -0.561404 -0.287467 -0.776008
0.897066 -6.555894 -7.115878 -11.426371 -0.664302 -0.422231 0.616785 -0.501591 0.863602 0.050961 -0.554174 -0.275521 -0.785480
-3.247346 -5.590698 78.702823 32.140991 0.289053 0.763045 -0.578110 0.525578 -0.631228 -0.570367 0.800135 0.138975 0.583498
-2.749292 -4.966047 59.356169 -43.329552 0.336703 0.677459 -0.653973 -0.409627 0.730747 0.546091 0.847843 0.084014 0.523550
-1.982108 -5.242856 54.940177 37.944666 0.287910 0.722474 -0.628601 0.481672 -0.676572 -0.556995 0.827708 0.142415 0.542787
-0.751419 -7.683657 -11.463038 17.220908 -0.312846 -0.512318 0.799786 0.785877 0.333274 0.520890 -0.533409 0.791492 0.298356
-0.777362 -8.528249 2.861815 27.317891 -0.260552 -0.524597 0.810500 0.679569 0.496658 0.539923 -0.685784 0.691469 0.227094
-0.789210 -7.957627 12.800012 18.419820 -0.267867 -0.540548 0.797531 0.775943 0.369644 0.511152 -0.571104 0.755759 0.320419
263.500560 -15.303409 29680.213562 283.377710 0.588008 -0.487210 -0.645657 0.725333 -0.035654 0.687475 -0.357965 -0.872557 0.332424
174.001441 -29.814094 -16510.236157 952.624296 -0.310786 -0.419363 0.852963 0.804724 0.361458 0.470922 -0.505798 0.832756 0.225136
80.674270 -53.083047 6098.895863 -2735.840432 0.123333 0.162570 -0.978959 0.955945 0.245338 0.161176 0.266378 -0.955709 -0.125150
19.018339 -379.037728 -11.170339 -46359.365314 -0.478122 0.019003 -0.878088 0.863561 0.192518 -0.466046 0.160191 -0.981110 -0.108457
59.130234 -9.489128 3737.581565 222.427554 0.584188 0.014239 -0.811493 0.811600 -0.003552 0.584203 0.005436 -0.999892 -0.013631
3.097636 -30.176940 80.094949 -577.135315 0.523276 0.623880 -0.580479 0.586637 0.230350 0.776399 0.618094 -0.746801 -0.245455
3.802157 -32.037418 20.413460 -79.423101 0.556738 0.622323 -0.550232 -0.251575 -0.504958 -0.825668 0.791677 -0.598106 0.124568
3.169005 -32.066213 -13.484652 -6.266494 0.480970 0.564564 -0.670772 -0.403520 -0.536680 -0.741044 0.778357 -0.627090 0.030314
1.671132 -29.148403 24.686164 305.313333 0.617224 0.591142 -0.519216 -0.519077 -0.189972 -0.833348 0.591264 -0.783876 -0.189593
1.240533 -28.544348 53.111608 -602.967639 0.417932 0.586049 -0.694175 0.708784 0.267643 0.652681 0.568294 -0.764796 -0.303526
1.484502 -24.315661 67.838652 -337.986599 0.544014 0.612427 -0.573569 0.727731 -0.004103 0.685851 0.417680 -0.790517 -0.447914
1.222265 -24.658066 105.339580 -632.649447 0.512766 0.609649 -0.604483 0.741176 0.040989 0.670059 0.433278 -0.791611 -0.430839
0.657107 -24.396905 72.142670 -593.804588 0.458874 0.585321 -0.668457 0.815258 0.021747 0.578690 0.353256 -0.810510 -0.467208
2.651528 -2.712594 69.785060 34.406280 -0.781411 -0.234461 0.578294 -0.228596 0.969862 0.084330 -0.580638 -0.066299 -0.811458
2.747690 -1.991553 56.689777 13.158141 -0.806017 -0.161548 0.569420 -0.149132 0.986424 0.068757 -0.572797 -0.029499 -0.819166
1.865393 -2.905410 66.700472 20.152863 -0.759366 -0.213766 0.614547 -0.205897 0.974901 0.084696 -0.617228 -0.062218 -0.784320
1.570294 -3.523720 72.502303 44.170813 -0.739378 -0.279264 0.612644 -0.285969 0.954026 0.089752 -0.609543 -0.108837 -0.785247
2.353441 -3.374256 59.128002 60.551397 -0.765789 -0.285894 0.576049 -0.291334 0.952786 0.085576 -0.573317 -0.102289 -0.812924
-1.492352 -22.936476 60.713670 -449.403814 0.182133 0.497234 -0.848284 0.946611 0.144714 0.288071 0.265998 -0.855462 -0.444330
-1.546550 -18.793967 78.264726 94.388293 0.166634 0.502071 -0.848621 0.979328 0.015817 0.201657 0.114669 -0.864682 -0.489056
-1.274085 -24.987962 5.410118 -282.458554 0.175295 0.496994 -0.849864 0.970096 0.060007 0.235185 0.167883 -0.865677 -0.471613
-0.690383 -20.508416 11.985478 -314.935929 0.176328 0.511581 -0.840948 0.965682 0.075610 0.248478 0.190701 -0.855902 -0.480693
-0.387311 -39.853659 -10.815163 -1243.062067 0.179268 0.486446 -0.855122 0.927291 0.206797 0.312037 0.328626 -0.848884 -0.414005
-1.014157 -19.614139 8.389033 179.705958 0.142709 0.514299 -0.845654 0.985939 0.001186 0.167104 0.086945 -0.857610 -0.506898
-0.302235 -24.360177 44.247727 -171.879348 0.120854 0.102474 -0.987367 0.409402 0.900979 0.143619 0.904314 -0.421587 0.066933
-0.420448 -39.018546 98.306349 -1016.632587 0.110161 -0.028323 -0.993510 0.180803 0.983487 -0.007989 0.977330 -0.178750 0.113463
-0.968497 -24.113814 120.747483 -486.469499 0.093255 0.014614 -0.995535 0.252254 0.966922 0.037823 0.963157 -0.254655 0.086484
-1.755996 -17.573128 110.334107 93.943896 0.128491 0.145950 -0.980912 0.380407 0.906195 0.184663 0.915850 -0.396874 0.060917
-0.883055 -18.361571 57.465992 0.666100 0.183241 0.260719 -0.947865 0.605511 0.729650 0.317754 0.774454 -0.632168 -0.024166
2.374609 -7.244964 -12.963009 -54.812533 0.753811 0.380765 -0.535524 -0.643117 0.594706 -0.482416 -0.134792 -0.708055 -0.693173
2.829549 -7.661385 -83.621406 -12.861065 0.730548 0.357076 -0.582063 -0.672324 0.525286 -0.521589 -0.119503 -0.772380 -0.623817
3.833413 -7.498888 43.523446 -12.210482 0.732375 0.436477 -0.522605 -0.679226 0.522131 -0.515781 -0.047742 -0.732712 -0.678862
2.442530 -6.639764 48.077366 24.460073 0.789566 0.405766 -0.460368 -0.582441 0.731762 -0.353959 -0.193256 -0.547611 -0.814109
2.193621 -7.236975 -79.706053 10.132184 0.750164 0.320465 -0.578409 -0.590802 0.717695 -0.368601 -0.296997 -0.618236 -0.727720
1.085067 -6.711948 115.493959 -16.158281 0.768519 0.471251 -0.432783 -0.638748 0.604355 -0.476190 -0.037150 -0.642400 -0.765469
2.477087 -7.148423 113.746480 -14.448439 0.728380 0.496141 -0.472552 -0.684936 0.509122 -0.521208 0.018006 -0.703306 -0.710660
6.622730 -73.136950 -8.920023 2575.842912 0.828141 0.238835 -0.507090 -0.130817 -0.797342 -0.589180 0.545041 -0.554260 0.629068
5.727896 -56.220509 27.715415 67.463861 0.791891 0.269810 -0.547825 -0.152770 0.956102 0.250060 0.591245 -0.114329 0.798347
8.616079 -70.566164 -161.872541 -2225.171229 0.804319 0.296418 -0.514982 0.074454 0.809579 0.582270 0.589514 -0.506674 0.629091
-4.595619 -35.817974 142.250529 -1067.792437 0.476668 -0.186753 0.859017 0.020349 0.979256 0.201602 -0.878848 -0.078618 0.470580
-2.453332 -28.698350 148.641910 -584.389607 0.554821 -0.207283 0.805734 0.268554 0.961244 0.062366 -0.787434 0.181782 0.588985
-5.247885 -31.765089 171.467120 -518.871957 0.523195 -0.169457 0.835196 0.320793 0.947108 -0.008792 -0.789531 0.272525 0.549883
-3.481758 -10.021714 -15.898943 -8.599941 -0.257233 -0.672986 0.693484 0.938884 -0.343928 0.014497 0.228752 0.654831 0.720326
-3.202770 -9.977355 -12.592667 -61.907337 -0.278068 -0.624427 0.729910 0.944927 -0.314360 0.091051 0.172600 0.715030 0.677452
-3.926965 -9.958085 -29.237296 -95.708078 -0.264650 -0.658596 0.704423 0.961558 -0.235713 0.140876 0.073261 0.714626 0.695660
-4.135354 -10.116227 -22.792614 -63.719215 -0.210886 -0.711790 0.669987 0.972554 -0.221719 0.070570 0.098318 0.666480 0.739011
-4.480351 -8.307962 -40.082955 -83.753434 -0.229499 -0.688903 0.687563 0.971180 -0.115386 0.208555 -0.064339 0.715611 0.695530
0.710588 -3.757634 -17.536032 8.084004 -0.635432 -0.496557 0.591318 0.765838 -0.503056 0.400532 0.098579 0.707365 0.699941
0.933432 -3.980592 -14.810063 17.296941 -0.669633 -0.473995 0.571769 0.740881 -0.480054 0.469728 0.051831 0.738158 0.672634
0.649106 -3.945699 -3.877084 25.674163 -0.692768 -0.444062 0.568226 0.718486 -0.492797 0.490846 0.062054 0.748305 0.660446
-0.973001 -31.009062 66.500880 1067.404835 0.821550 0.408800 -0.397415 -0.372067 -0.143742 -0.917009 0.431999 -0.901233 -0.034010
-0.752740 -21.999320 94.628256 -163.443312 0.910876 0.412166 -0.020596 -0.106903 0.187459 -0.976438 0.398593 -0.891616 -0.214814
3.030852 -33.059374 243.518612 1085.552165 0.816461 0.432612 -0.382410 -0.357084 -0.142145 -0.923193 0.453742 -0.890304 -0.038423
13.132359 -33.941084 906.733459 836.797022 0.774791 0.322065 -0.544034 -0.346678 -0.503174 -0.791600 0.528690 -0.801929 0.278201
82.681654 -39.152350 4883.422962 1081.571775 0.677566 0.289398 -0.676131 -0.497886 -0.496143 -0.711303 0.541307 -0.818591 0.192082
0.313674 -5.423838 0.690555 -53.627809 -0.555258 -0.561965 0.613094 -0.184527 0.802047 0.568041 -0.810949 0.202277 -0.549040
0.213679 -5.263196 -17.484384 -56.245579 -0.565158 -0.585970 0.580720 -0.204486 0.781451 0.589508 -0.799239 0.214416 -0.561466
0.111627 -5.944077 -18.911442 -46.700219 -0.564496 -0.579277 0.588033 -0.109667 0.758709 0.642133 -0.818118 0.297993 -0.491815
0.346088 -5.688632 7.357723 -27.202108 -0.560533 -0.562294 0.607970 -0.125134 0.783227 0.609013 -0.818623 0.265295 -0.509387
0.353015 -5.289707 35.536596 -31.653627 -0.547131 -0.542632 0.637337 -0.183913 0.820736 0.540896 -0.816593 0.178726 -0.548847
-0.647241 -11.305944 12.234957 -61.903274 -0.449785 -0.340601 0.825642 -0.306074 0.927233 0.215771 -0.839055 -0.155657 -0.521305
-0.787667 -11.121517 -9.190028 -39.417497 -0.480997 -0.326785 0.813544 -0.305052 0.932337 0.194143 -0.821940 -0.154791 -0.548138
-0.475313 -10.938883 9.433792 -66.799503 -0.451139 -0.328225 0.829905 -0.448131 0.887493 0.107395 -0.771785 -0.323456 -0.547471
-0.037104 -10.852435 37.198606 -87.137954 -0.420925 -0.342359 0.840007 -0.441980 0.886086 0.139664 -0.792134 -0.312478 -0.524291
-1.696490 -12.718962 13.150569 11.667587 0.868866 0.391812 -0.302581 0.290546 0.091275 0.952498 -0.400819 0.915506 0.034534
-1.971549 -12.693463 2.823242 -1.498732 0.841384 0.434311 -0.321633 0.312296 0.094987 0.945224 -0.441072 0.895741 0.055713
-1.557354 -12.784042 11.518260 -25.100805 0.867528 0.392254 -0.305828 0.374012 -0.109122 0.920982 -0.327886 0.913361 0.241374
-1.095819 -12.649055 22.266024 -14.743926 0.888080 0.352342 -0.295244 0.350586 -0.103717 0.930770 -0.297327 0.930107 0.215635
-0.880401 -13.554315 18.715572 -78.885779 0.890974 0.350993 -0.288043 0.402989 -0.319000 0.857811 -0.209200 0.880365 0.425667
-1.303094 -13.908348 11.366296 -87.316785 0.869166 0.391098 -0.302643 0.436409 -0.318774 0.841386 -0.232589 0.863380 0.447747
4.193419 -13.885903 -119.163075 468.289938 0.850932 0.193409 -0.488372 -0.413907 0.819332 -0.396707 -0.323412 -0.539711 -0.777249
5.539149 -13.763448 -68.561733 535.152801 0.910119 0.193683 -0.366292 -0.352649 0.826201 -0.439352 -0.217536 -0.529035 -0.820244
5.683585 -9.862461 -124.150544 323.147781 0.872400 0.155222 -0.463492 -0.333047 0.882822 -0.331218 -0.357769 -0.443319 -0.821870
0.615634 -11.910817 -55.256301 265.530051 0.931046 0.349976 -0.103299 0.142009 -0.608282 -0.780914 0.336136 -0.712397 0.616038
1.803630 -13.343684 -31.333431 273.025483 0.922306 0.362390 -0.134259 0.157387 -0.669509 -0.725939 0.352960 -0.648407 0.674527
1.402418 -9.479717 -31.303933 83.297219 0.920855 0.365316 -0.136272 0.102897 -0.564802 -0.818786 0.376083 -0.739961 0.557691
0.737457 -21.976823 -2.218689 58.750392 0.823315 0.358935 -0.439680 -0.567099 0.488158 -0.663401 0.023485 -0.795530 -0.605459
0.607355 -22.272897 -1.687535 27.129737 0.838335 0.348418 -0.419285 -0.530103 0.341508 -0.776121 0.127225 -0.872913 -0.470996
0.713620 -24.246653 6.320224 38.918650 0.835098 0.375461 -0.402047 -0.544534 0.460491 -0.701021 0.078067 -0.804349 -0.589006
0.309373 -20.683895 -16.374508 66.484892 0.828439 0.327541 -0.454319 -0.553888 0.358842 -0.751292 0.083050 -0.874042 -0.478700
0.787709 -23.928802 5.997557 196.234405 0.821008 0.386997 -0.419736 -0.570050 0.596161 -0.565363 -0.031437 -0.703438 -0.710061
0.843818 -20.675973 -3.057858 141.689855 0.807186 0.373413 -0.457180 -0.584372 0.614954 -0.529472 -0.083433 -0.694546 -0.714594
0.471571 -19.870475 -16.724958 87.225601 0.811466 0.338360 -0.476482 -0.583775 0.506982 -0.634173 -0.026989 -0.792768 -0.608925
2.531586 -5.366014 9.268267 65.852451 0.588798 0.461090 -0.663862 -0.500945 0.852736 0.147971 0.634327 0.245433 0.733070
3.120640 -5.648548 -24.587705 57.877295 0.661352 0.415272 -0.624631 -0.432824 0.891409 0.134364 0.612599 0.181493 0.769274
2.378400 -4.617488 18.064479 78.475519 0.603958 0.450034 -0.657802 -0.523842 0.846166 0.097941 0.600687 0.285432 0.746796
-0.597658 -85.784619 155.287243 -1372.293023 -0.384174 -0.150963 0.910835 0.482046 0.808601 0.337336 -0.787428 0.568660 -0.237872
1.394222 -54.383952 -61.213660 1195.244632 -0.374841 -0.118422 0.919495 0.759676 0.529263 0.377853 -0.531401 0.840153 -0.108427
-0.816921 -110.687336 149.504035 3158.251434 -0.289854 -0.105614 0.951226 0.885300 0.348035 0.308408 -0.363632 0.931513 -0.007379
0.947321 -53.056121 -63.203692 558.072883 -0.377422 -0.151246 0.913607 0.417856 0.852611 0.313770 -0.826407 0.500179 -0.258595
1.516449 -80.868977 29.473005 2096.145435 -0.292962 -0.244930 0.924220 0.736483 0.558619 0.381494 -0.609726 0.792436 0.016732
2.087949 -152.754947 105.263260 -6873.520549 -0.347495 -0.204709 0.915064 0.063989 0.968427 0.240946 -0.935496 0.142281 -0.323424
3.335749 -70.775342 -128.485022 1498.243829 0.249618 0.094091 -0.963762 0.865715 -0.467601 0.178572 -0.433854 -0.878918 -0.198177
5.035008 -104.592702 63.541474 3983.995183 0.386922 0.072444 -0.919262 0.921915 -0.051026 0.384018 -0.019087 -0.996066 -0.086530
7.928079 -112.048249 -329.737820 4898.781449 0.201523 0.155828 -0.967009 0.935559 -0.322956 0.142926 -0.290029 -0.933497 -0.210869
1.369409 -7.258208 -48.836272 13.197858 0.526471 0.568585 -0.632091 0.436587 0.457152 0.774858 -0.729534 0.683903 0.007559
2.274089 -6.970928 -49.254861 -6.565796 0.552705 0.543128 -0.632083 0.411330 0.481849 0.773711 -0.724793 0.687629 -0.042915
1.766472 -7.113747 -25.363252 2.116103 0.538595 0.534181 -0.651587 0.526880 0.389953 0.755204 -0.657504 0.750058 0.071423
1.452386 -7.181930 19.629701 11.685331 -0.524373 -0.543671 0.655328 0.554854 0.365620 0.747301 -0.645887 0.755476 0.109937
2.295279 -4.730180 1.893298 -44.894725 0.208571 0.930077 0.302416 -0.614661 -0.115856 0.780237 -0.760717 0.348618 -0.547517
0.637976 -4.995660 -3.323537 -13.990639 0.039718 0.889590 0.455029 -0.693460 -0.303325 0.653535 -0.719400 0.341501 -0.604847
0.528363 -4.432247 14.814398 -52.183010 0.330729 0.919927 0.210600 -0.619398 0.043228 0.783886 -0.712014 0.389699 -0.584098
-1.100569 -3.890357 91.846724 -22.329496 0.465624 0.874208 0.137678 -0.592509 0.192388 0.782253 -0.657364 0.445811 -0.607556
-0.172883 -4.550537 108.071271 -62.444336 0.469260 0.872820 0.134090 -0.543430 0.165742 0.822930 -0.696045 0.459036 -0.552093
-0.013534 -3.855492 50.644179 -22.204992 0.365991 0.903785 0.221862 -0.652722 0.079370 0.753428 -0.663328 0.420562 -0.618970
-1.987023 -5.102225 -58.666178 29.330116 0.776426 0.527072 -0.345482 0.047914 0.497246 0.866285 -0.628384 0.689160 -0.360821
-1.552410 -4.398681 -53.667826 13.151242 0.747959 0.471173 -0.467496 0.219062 0.489630 0.843964 -0.626553 0.733661 -0.263007
-2.457981 -4.894523 -62.126617 12.804766 0.770330 0.449462 -0.452301 0.203255 0.499247 0.842283 -0.604384 0.740768 -0.293229
0.743824 -47.280518 -23.870904 -2510.548116 0.549038 0.546928 -0.632002 0.306214 0.571959 0.760984 0.777683 -0.611337 0.146550
2.158669 -21.866561 40.633170 756.244758 0.537883 0.548252 -0.640392 -0.505489 -0.398179 -0.765464 0.674657 -0.735441 -0.062962
1.224445 -65.896431 -176.965703 6583.370199 0.651144 0.546610 -0.526525 -0.273905 -0.477748 -0.834705 0.707805 -0.687731 0.161363
0.780602 -26.375226 38.212007 763.649921 0.474725 0.554905 -0.683167 -0.516226 -0.453120 -0.726769 0.712844 -0.697684 -0.071349
7.301494 -51.909566 -232.260432 -3632.009336 0.643296 0.542735 -0.540009 0.014981 0.696266 0.717627 0.765471 -0.469736 0.439775
2.651731 -47.047574 -6.526510 -1890.561081 0.443243 0.487828 -0.752036 0.309227 0.704241 0.639080 0.841376 -0.515818 0.161300
0.693055 -78.988677 -163.246976 -4201.313921 0.524221 0.508334 -0.683220 -0.007305 0.804949 0.593299 0.851551 -0.306029 0.425684
-3.608776 -61.469061 -67.806041 -2352.447350 0.478391 0.289165 0.829172 -0.439403 0.896345 -0.059077 -0.760307 -0.336078 0.555864
0.547400 -128.716813 -78.773487 -7290.937436 0.505918 0.266430 0.820404 -0.532573 0.844653 0.054116 -0.678538 -0.464303 0.569218
-5.076737 -67.930064 -52.710898 -2735.595106 0.527562 0.281303 0.801590 -0.453634 0.891076 -0.014149 -0.718258 -0.356164 0.597707
-8.841310 -11.664905 53.203571 110.984949 0.386932 0.659493 -0.644479 -0.320869 -0.558943 -0.764608 0.864481 -0.502644 0.004663
-7.101512 -10.698039 9.831169 3.126808 0.478851 0.564662 -0.672205 0.237861 0.653609 0.718483 0.845059 -0.503937 0.178670
-7.390514 -9.888503 13.998725 -120.197908 0.081101 0.325635 -0.942011 0.547611 0.775137 0.315096 0.832794 -0.541410 -0.115457
-5.958670 -9.584345 27.047021 25.740472 -0.648561 -0.366125 0.667323 -0.402391 0.909110 0.107704 -0.646104 -0.198672 -0.736939
10.219199 -8.823341 -96.333786 25.399891 0.564134 0.814170 -0.137404 -0.044134 -0.136441 -0.989665 0.824503 -0.564368 0.041038
9.226274 -6.159607 242.797035 -27.986077 0.257587 0.966255 0.000132 -0.041415 0.011178 -0.999080 0.965367 -0.257345 -0.042897
11.398864 -9.123939 50.346776 36.858735 0.490210 0.870757 -0.038437 -0.133749 0.031573 -0.990512 0.861281 -0.490700 -0.131940
-1.434502 -3.751970 31.470338 63.828985 0.476794 0.873668 0.096807 -0.810704 0.394500 0.432585 -0.339745 0.284736 -0.896381
-1.424547 -4.543284 37.382713 73.859130 0.394644 0.905566 0.155586 -0.874366 0.318082 0.366481 -0.282384 0.280668 -0.917325
-2.089157 -5.284759 29.642080 -48.970948 0.447221 0.888165 0.105628 0.866319 -0.400765 -0.298125 -0.222452 0.224835 -0.948664
-0.086116 -8.392424 84.951203 102.162490 0.375240 0.537812 -0.754953 0.264859 0.718300 0.643346 0.888282 -0.441365 0.127090
-0.897721 -9.643539 49.735274 12.138419 0.372561 0.468415 -0.801115 0.486442 0.636589 0.598438 0.790299 -0.612651 0.009312
-0.956375 -9.827862 -20.941780 -3.261500 0.395797 0.407643 -0.822904 0.524536 0.635174 0.566936 0.753795 -0.656034 0.037577
-0.652576 -8.556161 -12.121189 31.927659 0.243180 0.540177 -0.805650 0.681484 0.495905 0.538199 -0.690249 0.679917 0.247528
-0.628551 -9.194086 3.643674 31.298200 -0.237829 -0.522195 0.818993 0.561026 0.614458 0.554699 -0.792898 0.591400 0.146829
-0.351063 -8.852028 11.222681 32.759796 -0.221115 -0.536314 0.814540 0.655837 0.536382 0.531200 -0.721794 0.651661 0.233132
-0.573642 -8.240428 19.551373 19.592235 -0.247982 -0.551036 0.796784 0.764420 0.393952 0.510357 -0.595120 0.735636 0.323530
9.575218 -10.905635 236.265673 -37.610225 0.920916 0.381022 0.082078 -0.286502 0.518982 0.805341 -0.264255 0.765166 -0.587103
4.617259 -11.575266 165.077830 120.443135 0.955494 0.267140 0.125171 -0.245175 0.483087 0.840545 -0.164075 0.833824 -0.527083
5.638104 -11.805220 173.623435 -47.833588 0.950114 0.289661 0.115669 -0.225733 0.382677 0.895881 -0.215238 0.877300 -0.428972
1.978238 -11.802968 111.931763 -9.323023 0.977018 0.195205 0.085623 -0.158001 0.393581 0.905610 -0.143080 0.898326 -0.415378
1.220037 -12.223090 89.034700 175.966290 0.976168 0.198979 0.086623 -0.175597 0.489661 0.854048 -0.127522 0.848905 -0.512932
-0.175722 -13.431349 -17.907402 285.850771 0.905150 0.400052 -0.143743 0.423493 -0.819326 0.386469 -0.036835 0.410686 0.911032
0.494965 -5.748595 -1.660758 105.768267 -0.686149 -0.349321 0.638102 -0.235336 0.936585 0.259665 -0.688344 0.028000 -0.724844
0.471176 -5.599407 4.517543 72.333279 -0.694592 -0.318581 0.645018 -0.221342 0.947747 0.229748 -0.684507 0.016811 -0.728813
0.506348 -6.995489 -7.462446 6.660676 -0.679742 -0.361488 0.638183 -0.325572 0.928399 0.179103 -0.657232 -0.086030 -0.748762
0.701612 -2.831175 11.051665 253.283707 -0.702098 -0.270046 0.658888 -0.103742 0.954219 0.280542 -0.704483 0.128613 -0.697970
0.682886 -2.443657 1.480470 291.248329 -0.686337 -0.356543 0.633892 -0.158056 0.923880 0.348518 -0.709901 0.139011 -0.690447
0.617701 -5.466519 -10.216989 139.367526 -0.678506 -0.371196 0.633911 -0.245220 0.927890 0.280869 -0.692457 0.035124 -0.720603
-4.006386 -5.046795 76.063784 -9.782154 0.446427 0.518668 -0.729168 -0.283919 0.854875 0.434257 0.848583 0.013160 0.528899
-2.415688 -4.193955 53.727095 -18.496517 0.384652 0.515656 -0.765599 -0.267467 0.856094 0.442226 0.883462 0.034670 0.467219
-1.572867 -4.048222 41.018480 -50.295723 0.314972 0.649029 -0.692499 -0.355149 0.757226 0.548159 0.880149 0.073286 0.469007
-1.495359 -4.678107 53.745200 52.078593 0.279878 0.708198 -0.648169 0.434763 -0.695450 -0.572128 0.855950 0.121674 0.502539
-0.677564 -7.897424 -19.355846 -74.487706 0.442214 0.396213 -0.804651 0.779823 0.273347 0.563167 0.443083 -0.876525 -0.188098
-0.489337 -6.446143 14.160120 -48.722893 0.453128 0.424004 -0.784153 0.821347 0.143339 0.552126 0.346503 -0.894245 -0.283304
-0.405678 -6.735141 9.142896 -67.848249 0.427259 0.420845 -0.800212 0.841003 0.139919 0.522624 0.331909 -0.896277 -0.294150
617.415112 -47.513982 -49185.477121 3138.064000 -0.468514 -0.366726 0.803746 0.774429 0.267337 0.573403 -0.425153 0.891091 0.158753
100.949862 -16.068694 -6771.359247 893.237214 -0.340645 -0.473412 0.812307 0.763593 0.364761 0.532799 -0.548531 0.801767 0.237241
8.419151 -36.267929 -1057.252554 -308.882733 0.257213 -0.010721 0.966295 0.902966 0.358859 -0.236374 -0.344230 0.933330 0.101984
17.117416 -17.278595 -982.442737 -273.255866 -0.070318 -0.366041 0.927938 0.817321 0.512161 0.263966 -0.571876 0.776985 0.263159
-0.703981 -25.043648 -106.024507 -677.615876 0.425602 0.012636 0.904822 0.776107 0.509067 -0.372167 -0.465318 0.860634 0.206854
0.691594 -37.102232 -173.704345 -451.889489 0.458326 0.060646 0.886713 0.818962 0.358796 -0.447846 -0.345309 0.931444 0.114778
5.811587 -32.207726 -242.329084 377.966959 0.667151 0.569748 -0.479893 -0.088540 0.700301 0.708335 0.739642 -0.430077 0.517652
4.808925 -34.559205 -91.238890 695.807526 0.556879 0.560303 -0.613145 0.063748 0.707191 0.704143 0.828144 -0.431209 0.358101
2.636409 -28.144104 -133.545835 180.361058 0.677948 0.567699 -0.467016 -0.256587 -0.412600 -0.874028 0.688875 -0.712376 0.134057
2.737613 -1.272906 39.240296 48.134362 -0.828829 -0.098180 0.550821 -0.076837 0.995129 0.061757 -0.554201 0.008862 -0.832336
2.758132 -1.193532 1.720551 14.219554 -0.856024 -0.146456 0.495755 -0.129353 0.989204 0.068876 -0.500490 -0.005168 -0.865727
2.126533 -2.203940 56.579162 26.957210 -0.782698 -0.119713 0.610780 -0.102888 0.992713 0.062724 -0.613838 -0.013748 -0.789312
2.426260 -0.898763 -21.532818 45.048307 -0.871402 -0.161863 0.463096 -0.128117 0.986326 0.103669 -0.473544 0.031006 -0.880224
2.527594 -0.532840 20.256219 89.570048 -0.847601 -0.106417 0.519854 -0.066337 0.993249 0.095163 -0.526472 0.046174 -0.848938
2.338847 -1.100035 47.208913 87.551702 -0.799291 -0.030557 0.600167 -0.005174 0.999019 0.043974 -0.600922 0.032043 -0.798665
-1.379700 -18.991964 15.784639 -18.082055 0.184569 0.461668 -0.867639 0.967302 0.070924 0.243509 0.173957 -0.884213 -0.433482
-0.257505 -44.961206 -96.914801 -1098.894172 0.193812 0.050072 -0.979760 0.148427 0.985704 0.079737 0.969746 -0.160876 0.183609
3.738616 -53.725113 52.500114 -1391.477331 0.133817 -0.069145 -0.988591 -0.227734 0.968720 -0.098582 0.964484 0.238327 0.113885
-0.592158 -52.067907 121.559351 -1761.877667 0.036785 -0.030964 -0.998843 0.009744 0.999483 -0.030625 0.999276 -0.008606 0.037068
2.290152 0.692677 339.602426 -8.944898 -0.108884 0.929998 0.351067 -0.680927 -0.327076 0.655255 -0.724211 0.167705 -0.668874
5.470874 0.831486 178.296919 16.427931 -0.196504 0.935296 0.294293 -0.684774 -0.345728 0.641527 -0.701763 0.075461 -0.708403
5.528737 0.949318 114.293105 -17.220910 -0.253533 0.939642 0.229767 -0.676983 -0.342021 0.651702 -0.690952 -0.009679 -0.722836
5.761975 -62.047716 -18.915869 1827.723909 0.755873 0.283407 -0.590200 -0.455479 0.875182 -0.163083 0.470313 0.392094 0.790612
7.005367 -55.436038 -123.464122 615.741377 0.760157 0.325410 -0.562378 -0.247358 0.945305 0.212634 0.600812 -0.022526 0.799073
-0.020494 -25.748519 137.666769 -524.698406 0.532925 -0.284089 0.797047 0.220609 0.956026 0.193249 -0.816898 0.072849 0.572163
-1.131233 -25.424956 124.225549 -128.699149 0.559424 -0.231682 0.795844 0.448997 0.891776 -0.056005 -0.696740 0.388663 0.602905
-1.685457 -27.831875 127.600781 -858.251497 0.525130 -0.257935 0.810992 0.031843 0.958250 0.284152 -0.850426 -0.123393 0.511420
-2.700578 -8.387171 -17.348703 150.672502 -0.234835 -0.669052 0.705139 0.877637 -0.457785 -0.142074 0.417858 0.585493 0.694689
-1.817598 -10.129789 -54.930641 11.348262 -0.351235 -0.554072 0.754744 0.871357 -0.488397 0.046961 0.342595 0.674145 0.654337
-2.691602 -10.014979 -17.810079 -159.918968 -0.343898 -0.563994 0.750763 0.935391 -0.275864 0.221232 0.082334 0.778338 0.622424
1.030523 -5.800257 43.959643 37.687363 -0.531980 -0.553936 0.640431 0.754148 0.033973 0.655825 -0.385042 0.831866 0.399676
1.415333 -6.189588 22.373493 36.057064 -0.537681 -0.539179 0.648217 0.740610 0.065429 0.668742 -0.402983 0.839646 0.364142
1.283981 -5.524083 24.423219 30.624163 -0.564757 -0.537526 0.626191 0.764261 -0.054367 0.642611 -0.311376 0.841493 0.441514
1.579827 -6.227077 1.725620 28.335855 -0.553793 -0.522494 0.648316 0.735063 0.058983 0.675428 -0.391147 0.850600 0.351402
0.592770 -4.973649 64.822435 31.843093 -0.555933 -0.570240 0.604784 0.769261 -0.077299 0.634241 -0.314921 0.817833 0.481637
1.316227 -4.770764 30.243966 23.401921 -0.604807 -0.538075 0.587098 0.765054 -0.187861 0.615956 -0.221138 0.821695 0.525276
1.482224 -5.746295 -4.816152 31.997223 -0.575410 -0.511381 0.638274 0.764098 -0.057837 0.642503 -0.291648 0.857406 0.424025
1.592993 -5.098841 -4.278090 28.910517 -0.594609 -0.519356 0.613767 0.773722 -0.162051 0.612448 -0.218617 0.839053 0.498194
-1.395064 -18.779932 -5.745046 584.811141 0.849470 0.412663 -0.328801 -0.347990 -0.030250 -0.937010 0.396616 -0.910381 -0.117906
-1.732157 -22.235108 -74.291015 -754.583379 0.865718 0.229744 0.444691 0.290724 0.492408 -0.820374 0.407446 -0.839495 -0.359495
3.200913 -26.745142 17.852704 -996.528051 0.932629 0.314281 0.177289 0.047950 0.379024 -0.924144 0.357638 -0.870384 -0.338419
-2.628530 -15.019713 -4.787351 -342.940334 0.900873 0.342063 0.267246 0.163030 0.303965 -0.938630 0.402304 -0.889156 -0.218068
0.200509 -5.107355 -4.515710 -62.277616 -0.562987 -0.602665 0.565545 -0.227983 0.770989 0.594642 -0.794399 0.205841 -0.571454
0.293003 -4.502915 -11.349705 -22.249767 -0.558797 -0.603020 0.569309 -0.278400 0.783056 0.556163 -0.781178 0.152287 -0.605450
0.160612 -4.564293 17.370319 -18.234194 -0.555168 -0.600223 0.575778 -0.274281 0.785653 0.554545 -0.785213 0.149941 -0.600799
0.072249 -4.551440 6.086261 19.740800 -0.573902 -0.563482 0.594243 -0.296160 0.819333 0.490899 -0.763496 0.105737 -0.637098
0.324071 -4.386174 -19.764439 12.182714 -0.567691 -0.595608 0.568312 -0.325652 0.796496 0.509455 -0.756093 0.104141 -0.646125
-0.916247 -11.385748 -9.660076 4.531498 -0.478847 -0.347842 0.806047 -0.146449 0.936940 0.317326 -0.865597 0.033906 -0.499592
-0.804388 -10.924391 -14.278490 14.749354 -0.500382 -0.340825 0.795900 -0.147254 0.939368 0.309684 -0.853191 0.037761 -0.520231
-0.704485 -10.847481 -8.658103 -18.629669 -0.502493 -0.312581 0.806098 -0.299391 0.937581 0.176937 -0.811090 -0.152429 -0.564712
-2.092565 -12.944432 3.256667 20.379076 0.844065 0.433562 -0.315559 0.207664 0.278266 0.937787 -0.494398 0.857083 -0.144839
-2.097231 -13.073995 -5.980923 19.401520 0.809930 0.477658 -0.340376 0.226891 0.279989 0.932806 -0.540864 0.832736 -0.118395
-1.949492 -12.829411 -5.107975 -3.904130 0.809134 0.480937 -0.337641 0.332953 0.098227 0.937813 -0.484195 0.871235 0.080650
-7.620375 -13.797890 71.171381 -444.337270 0.350061 -0.053113 0.935220 0.797348 0.540882 -0.267737 -0.491623 0.839420 0.231691
-5.906973 -13.992596 65.498646 -177.343108 -0.160259 -0.241950 0.956962 0.795051 0.542927 0.270414 -0.584988 0.804170 0.105354
-2.859630 -10.545234 52.345168 -39.267917 -0.373149 -0.437217 0.818292 0.656997 0.498222 0.565799 -0.655068 0.748743 0.101339
0.601865 -23.784006 4.982052 -162.910289 0.846102 0.365570 -0.387906 -0.499687 0.290680 -0.815977 0.185540 -0.884231 -0.428616
-2.118673 -24.056855 67.132018 -101.106251 0.648756 0.284217 -0.705930 0.748538 -0.071160 0.659263 0.137140 -0.956116 -0.258913
0.004118 -26.212146 104.684987 243.136284 0.705182 0.327945 -0.628626 -0.677492 0.050189 -0.733816 0.209101 -0.943363 -0.257573
-0.274075 -24.918807 56.514425 -56.628311 0.674749 0.283474 -0.681437 -0.636791 -0.243155 -0.731692 0.373111 -0.927641 -0.016445
-1.592633 -25.989150 14.420833 49.045402 0.610232 0.233611 -0.756996 0.718209 0.240145 0.653074 0.334355 -0.942208 -0.021237
2.877521 -6.041125 -39.617581 49.978501 0.717145 0.393323 -0.575326 -0.388337 0.911011 0.138752 0.578703 0.123915 0.806069
3.014029 -5.213735 -12.581071 82.132638 0.696567 0.413872 -0.586093 -0.455593 0.886186 0.084315 0.554283 0.208289 0.805845
0.809294 -75.087991 78.023399 2814.045461 -0.320428 -0.206561 0.924477 0.879932 0.296487 0.371234 -0.350777 0.932431 0.086757
-0.779805 -47.159819 -12.615949 -43.417506 -0.359209 -0.225468 0.905612 0.932480 -0.047107 0.358138 -0.038088 0.973111 0.227166
-0.256337 -48.839421 -143.872402 817.674986 -0.360158 -0.145599 0.921459 0.909044 0.167133 0.381714 -0.209583 0.975124 0.072161
11.410511 -182.226466 262.489734 11414.730251 -0.303729 -0.218491 0.927368 0.629769 0.684352 0.367496 -0.714941 0.695646 -0.070258
3.565915 -104.600216 46.273232 4650.261204 -0.377316 -0.264487 0.887513 0.862711 0.248039 0.440690 -0.336694 0.931946 0.134587
2.285200 -7.003817 -30.360648 -6.168803 0.555846 0.519117 -0.649271 0.510505 0.403246 0.759458 -0.656064 0.753598 0.040869
2.399379 -4.961519 34.611455 37.968108 0.079225 0.889676 0.449666 -0.580834 -0.325403 0.746153 -0.810158 0.320295 -0.490974
1.423745 -6.005069 66.781711 55.449206 -0.128575 0.771748 0.622795 -0.628289 -0.549283 0.550945 -0.767282 0.320457 -0.555505
-0.625180 -4.502134 -47.233147 -11.112923 -0.010568 0.869330 0.494119 -0.754325 -0.331315 0.566766 -0.656416 0.366737 -0.659259
0.253354 -4.378887 -88.755263 -11.283444 0.141434 0.927767 0.345318 -0.716209 -0.144911 0.682676 -0.683404 0.343873 -0.643980
0.049593 -6.069823 54.018735 10.472760 -0.225837 0.709455 0.667586 -0.715202 -0.586038 0.380847 -0.661425 0.391450 -0.639753
-0.594509 -5.187970 29.603603 13.650898 -0.154525 0.778060 0.608888 -0.752443 -0.492071 0.437831 -0.640275 0.390498 -0.661483
-1.254089 -4.659556 -36.368381 29.543748 0.762262 0.522239 -0.382392 0.094135 0.495051 0.863749 -0.640387 0.694400 -0.328198
-0.757757 -3.934842 -25.201161 17.422981 0.735522 0.463115 -0.494501 0.250785 0.491935 0.833731 -0.629376 0.737241 -0.245687
-1.630360 -5.423999 -42.717016 34.186502 0.769722 0.559834 -0.306779 -0.044064 0.526006 0.849339 -0.636856 0.640237 -0.429547
-0.697131 -4.255443 -8.789630 30.773101 0.752031 0.494172 -0.436170 0.154644 0.510982 0.845566 -0.640730 0.703343 -0.307853
-1.139537 -5.062336 -18.947288 35.224408 0.762535 0.542459 -0.352531 0.014758 0.530188 0.847752 -0.646779 0.651643 -0.396281
3.095401 -18.568269 -1.966330 657.527030 0.627403 0.490136 -0.605089 -0.469591 -0.381712 -0.796103 0.621169 -0.783622 0.009323
0.480884 -16.721756 113.584255 -551.424936 0.468007 0.571155 -0.674353 0.678720 0.256387 0.688189 0.565958 -0.779774 -0.267664
-8.903232 -11.621603 120.177604 -21.573047 0.322365 0.538290 -0.778668 0.231409 0.752812 0.616218 0.917895 -0.378837 0.118115
-7.900604 -11.514386 18.468437 -76.236658 0.192673 0.465510 -0.863816 0.323784 0.800846 0.503796 0.926305 -0.376758 0.003577
-6.988781 -9.092662 -43.245585 -46.352085 0.845680 0.369030 -0.385542 -0.509161 0.774378 -0.375624 -0.159939 -0.513961 -0.842772
12.238042 -5.553046 -18.262917 -144.905708 0.406346 0.859159 -0.311014 0.160359 -0.402155 -0.901419 0.899538 -0.316414 0.301188
10.534345 -5.093817 -4.205600 -44.499826 0.420413 0.833727 -0.357984 0.168694 -0.459490 -0.872016 0.891513 -0.306217 0.333820
8.579843 -4.554865 397.825370 12.835708 0.168570 0.880460 -0.443141 0.146469 -0.466958 -0.872065 0.974747 -0.082098 0.207675
-2.276517 -4.339098 -22.514360 97.475608 -0.804731 -0.560589 0.195314 -0.443942 0.786725 0.428927 -0.394110 0.258463 -0.881972
-1.519106 -3.157817 39.614307 66.313656 0.546351 0.836468 0.042675 -0.743871 0.461193 0.483692 -0.384911 0.296010 -0.874197
1.223093 -6.255362 67.660672 117.657380 0.422513 0.627657 -0.653858 0.070226 0.696574 0.714040 0.903632 -0.347609 0.250234
1.927399 -4.708138 30.240919 -120.121403 0.457636 0.678436 -0.574712 0.085711 -0.677019 -0.730957 0.884999 -0.285253 0.367978
-0.459753 -9.583707 4.068222 42.250930 -0.214184 -0.514396 0.830375 0.521464 0.658613 0.542498 -0.825954 0.549205 0.127175
-0.587749 -9.906058 -0.303131 27.097385 -0.226472 -0.497496 0.837382 0.392267 0.740331 0.545927 -0.891537 0.452114 0.027487
-0.651947 -9.126074 2.246485 32.258069 -0.238812 -0.508983 0.826986 0.557857 0.625164 0.545863 -0.794836 0.591698 0.134643
14.255811 -10.531101 304.770994 -103.211787 0.888505 0.458411 -0.020425 -0.323209 0.656808 0.681277 -0.325720 0.598717 -0.731740
-5.709174 -5.940172 39.975590 64.506254 0.613438 -0.131866 -0.778656 0.088721 0.991227 -0.097969 0.784743 -0.008985 0.619756
-5.172953 -6.257158 96.398666 81.684844 0.531906 -0.105819 -0.840166 0.122558 0.991335 -0.047267 0.837887 -0.077827 0.540266
-5.843323 -6.769895 59.917958 100.629416 0.536462 -0.337352 -0.773565 0.276962 0.936237 -0.216223 0.797183 -0.098253 0.595689
-0.494757 -7.247984 -8.834501 -50.517906 0.453631 0.398978 -0.796891 0.769601 0.275503 0.576032 0.449370 -0.874594 -0.182077
-0.377611 -6.701638 11.861633 -28.521757 0.425671 0.399018 -0.812151 0.799502 0.254502 0.544081 0.423793 -0.880916 -0.210682
-0.491832 -8.666083 -51.856419 -73.423309 0.421628 0.355631 -0.834120 0.716703 0.432821 0.546812 0.555488 -0.828368 -0.072393
-0.159825 -7.939533 -14.148532 -51.414274 0.400989 0.359777 -0.842477 0.738716 0.416882 0.529630 0.541762 -0.834728 -0.098608
20.457347 -21.733352 -5236.336044 1371.881321 -0.024637 -0.007581 0.999668 0.964852 0.261527 0.025762 -0.261635 0.965167 0.000871
