11716
23418
-8.684455 -11.058385 21.272198 138.762757 -0.042234 0.950043 0.309248 -0.422758 0.263457 -0.867102 0.905258 0.167358 -0.390511
-6.331590 -11.380414 -72.090143 268.954256 0.175822 0.899766 0.399384 -0.527112 0.428692 -0.733742 0.831409 0.081512 -0.549650
-6.776836 -8.770352 -16.781115 141.318116 -0.155543 0.987688 0.016728 -0.557418 -0.073778 -0.826948 0.815532 0.137950 -0.562030
-5.025719 -7.507779 -93.648267 151.463152 0.079033 0.983596 0.162149 -0.665185 0.173184 -0.726317 0.742484 0.050456 -0.667961
-7.136093 -9.461412 4.491392 116.939104 -0.372853 0.912678 -0.167330 -0.393317 -0.318786 -0.862367 0.840406 0.255722 -0.477832
-5.415131 -7.129342 -1.168579 82.442704 -0.500315 0.759827 -0.415148 -0.413087 -0.630855 -0.656796 0.760949 0.157113 -0.629501
-6.001554 -8.285138 7.569873 81.968769 -0.514931 0.775372 -0.365574 -0.351415 -0.579912 -0.734990 0.781891 0.250001 -0.571092
8.968813 -11.914629 -24.484515 88.379908 0.388509 0.914021 0.116736 -0.159513 -0.058061 0.985487 -0.907533 0.401491 -0.123240
9.555538 -13.227701 -64.347356 115.658745 0.338899 0.929845 0.143302 -0.347198 -0.017958 0.937620 -0.874415 0.367512 -0.316755
9.509310 -12.775535 24.000356 149.765961 0.502153 0.838442 0.211795 -0.345268 -0.030164 0.938019 -0.792864 0.544155 -0.274340
8.490094 -10.122805 72.497892 105.077753 0.581548 0.788766 0.199123 -0.195824 -0.101844 0.975336 -0.789591 0.606198 -0.095233
8.991245 -13.247604 88.008004 202.039020 0.623618 0.725205 0.291853 -0.413315 -0.011014 0.910521 -0.663529 0.688445 -0.292869
8.737911 -10.873917 108.626683 198.299181 0.631251 0.724783 0.276063 -0.299349 -0.100676 0.948817 -0.715480 0.681582 -0.153411
3.064196 -3.881108 176.157227 14.880458 0.096477 0.754489 0.649183 -0.832092 0.419041 -0.363356 0.546182 0.505125 -0.668232
5.927797 -4.854156 145.310797 -45.571805 0.220786 0.790069 0.571878 -0.793547 0.486413 -0.365630 0.567042 0.373086 -0.734350
5.932115 -3.989951 296.771899 -25.406195 0.055006 0.786212 0.615504 -0.782769 0.416649 -0.462251 0.619877 0.456371 -0.638340
2.536424 -3.854264 295.213088 -6.902348 -0.007171 0.766561 0.642132 -0.790830 0.388653 -0.472797 0.611994 0.511208 -0.603432
3.935671 -3.964285 378.342020 -11.000940 -0.041680 0.775677 0.629752 -0.749670 0.392395 -0.532936 0.660498 0.494319 -0.565147
7.365991 -4.065932 283.426373 -20.546913 0.034064 0.831143 0.555014 -0.740783 0.393778 -0.544224 0.670880 0.392606 -0.629110
-2.167253 -4.504293 20.464426 72.791071 0.564748 0.813152 0.140871 0.347663 -0.389234 0.853011 -0.748459 0.432760 0.502522
-1.431613 -3.189722 52.268420 -67.600326 0.670636 0.621082 0.405592 -0.182240 0.667968 -0.721531 -0.719053 0.409970 0.561149
-1.400850 -3.731644 40.960600 -72.029903 0.679845 0.596161 0.427085 -0.122695 0.666626 -0.735225 -0.723019 0.447438 0.526349
-2.339516 -4.099637 31.706585 117.543096 0.498680 0.864070 0.068569 0.449440 -0.325404 0.831935 -0.741163 0.384052 0.550619
-2.706789 -5.675897 26.748521 77.840060 0.407005 0.905538 -0.119782 0.468376 -0.094314 0.878481 -0.784201 0.413649 0.462519
-1.737789 -9.033268 2.130652 -60.665769 -0.008944 0.982443 0.186347 -0.981639 0.026882 -0.188845 0.190539 0.184614 -0.964164
-1.746996 -9.388707 -1.221294 -28.702793 -0.049548 0.987387 0.150373 0.997998 0.054871 -0.031456 -0.039311 0.148513 -0.988129
-1.837494 -9.121012 7.423665 -10.897352 -0.052501 0.979463 0.194671 0.998616 0.052106 0.007152 -0.003139 0.194777 -0.980843
-0.054738 -8.812409 10.878398 -23.848731 -0.097033 0.991285 -0.089097 -0.342060 0.050852 0.938301 -0.934655 -0.121523 -0.334145
0.023562 -8.209468 5.383144 -26.880033 -0.095679 0.988980 -0.112981 -0.501725 0.050116 0.863574 -0.859720 -0.139311 -0.491401
-0.136854 -9.074223 8.461275 -31.338988 -0.105955 0.991423 -0.076510 -0.361356 0.033292 0.931833 -0.926388 -0.126380 -0.354729
-0.278756 -9.654007 8.585748 -30.771476 -0.109908 0.992979 -0.043745 -0.188757 0.022358 0.981769 -0.975854 -0.116161 -0.184974
-0.185406 -9.307282 10.995461 -25.224576 -0.100512 0.992952 -0.062804 -0.174806 0.044517 0.983596 -0.979459 -0.109842 -0.169100
1.339310 -16.236059 42.900582 -65.448666 0.266117 0.960689 -0.079112 0.358965 -0.022597 0.933077 -0.894610 0.276706 0.350867
0.542670 -15.439227 32.969701 -32.775249 0.257835 0.960028 -0.108940 0.497195 -0.035156 0.866926 -0.828443 0.277689 0.486385
1.548859 -15.154491 55.936786 178.844085 0.283770 0.955012 -0.086174 0.546601 -0.087266 0.832834 -0.787847 0.283436 0.546774
1.630354 -7.330901 55.379353 -14.086028 0.160200 0.913559 0.373825 -0.164918 0.398165 -0.902367 0.973210 -0.082909 -0.214449
2.735942 -7.265171 52.267686 -8.422955 0.182230 0.912264 0.366834 -0.025614 0.377359 -0.925713 0.982922 -0.159297 -0.092133
1.315311 -7.430061 56.492592 -25.544483 0.114859 0.947968 0.296924 -0.124358 0.310272 -0.942479 0.985567 -0.071327 -0.153525
0.071090 -8.147764 36.985224 -42.264431 0.095744 0.968677 0.229125 -0.282630 0.247164 -0.926839 0.954439 -0.023981 -0.297442
0.327593 -7.631283 34.750282 -28.233389 0.135528 0.940181 0.312555 -0.315860 0.340006 -0.885792 0.939076 -0.021326 -0.343046
108.886512 1.019611 -3628.786328 55.518401 -0.529957 -0.490958 -0.691452 0.832829 -0.454981 -0.315260 -0.159818 -0.742935 0.650004
88.288570 5.450009 2482.615010 -732.694516 -0.097793 -0.024308 -0.994910 0.852420 -0.517996 -0.071132 -0.513631 -0.855037 0.071377
58.207660 5.997545 1841.409969 -380.945873 -0.127990 0.044601 -0.990772 0.898685 -0.417339 -0.134881 -0.419503 -0.907656 0.013333
33.956987 5.669013 162.645654 124.157758 -0.314653 0.011560 -0.949136 0.884296 -0.359847 -0.297540 -0.344984 -0.932940 0.103005
67.665361 3.211745 -2516.811781 106.533061 -0.652309 -0.390626 -0.649542 0.744232 -0.492418 -0.451269 -0.143569 -0.777776 0.611925
48.680782 0.111530 -1479.369691 -5.335533 -0.438354 -0.725037 -0.531195 0.889981 -0.432735 -0.143785 -0.125618 -0.535782 0.834960
-1.312881 -13.602976 15.337832 -30.496072 0.084053 0.984271 -0.155386 0.966525 -0.042595 0.253012 -0.242414 0.171451 0.954903
-1.043731 -14.443085 -17.800983 -76.781209 -0.091031 -0.983833 0.154229 0.992488 -0.076918 0.095133 -0.081732 0.161731 0.983444
-0.706623 -13.606486 25.236301 -50.047664 0.132815 0.975321 -0.176381 0.969142 -0.090509 0.229286 -0.207663 0.201390 0.957245
-1.708971 -13.893824 11.161080 -16.564175 0.042682 0.991429 -0.123480 0.970119 -0.011580 0.242354 -0.238847 0.130134 0.962298
-1.464636 -13.205850 16.447655 -10.602054 0.093422 0.982403 -0.161728 0.921360 -0.023745 0.387984 -0.377317 0.185256 0.907365
-1.821705 -13.211326 8.631783 11.817993 0.036035 0.990867 -0.129940 0.917852 0.018615 0.396486 -0.395283 0.133553 0.908798
1.763315 -21.699418 36.570386 357.348062 0.040511 0.980821 0.190652 -0.612352 -0.126404 0.780415 -0.789547 0.148362 -0.595487
1.751405 -20.776972 -21.998895 200.612817 0.033656 0.990141 0.135969 -0.696012 -0.074413 0.714164 -0.717241 0.118672 -0.686646
1.937953 -25.759604 26.445428 407.430838 0.104438 0.982162 0.156367 -0.831874 0.000103 0.554965 -0.545049 0.188037 -0.817046
2.042630 -33.927890 73.791047 821.218060 0.111124 0.971399 0.209848 -0.738174 -0.060699 0.671874 -0.665395 0.229566 -0.710317
1.814084 -6.202605 17.779347 -4.010650 0.017310 0.999154 0.037310 -0.415229 0.041129 -0.908787 0.909552 -0.000238 -0.415589
1.990712 -5.658615 20.817244 48.956643 -0.010940 0.999841 -0.014080 -0.542524 -0.017763 -0.839853 0.839969 0.001549 -0.542632
2.091182 -5.576984 -24.927745 19.599378 0.071025 0.997259 -0.020726 -0.470709 0.015190 -0.882158 0.879425 -0.072411 -0.470498
2.066208 -5.413580 -10.056820 -34.920630 0.060411 0.997989 0.019193 -0.334660 0.038365 -0.941558 0.940401 -0.050458 -0.336305
2.056163 -5.515437 -20.572769 -12.735233 0.092729 0.995575 -0.015190 -0.380866 0.021370 -0.924383 0.919969 -0.091503 -0.381162
2.093000 -5.425561 -26.564572 45.436870 0.087782 0.993643 -0.070488 -0.515542 -0.015231 -0.856729 0.852356 -0.111545 -0.510927
2.012222 -5.628023 -19.781292 5.267403 0.093873 0.995082 -0.031618 -0.431661 0.012063 -0.901955 0.897138 -0.098318 -0.430671
2.393529 -19.795911 -51.827973 132.746056 -0.128553 0.986302 -0.103360 -0.432311 0.038065 0.900921 -0.892514 -0.160500 -0.421496
1.831995 -18.273681 -26.061156 323.728743 -0.113955 0.985035 -0.129307 -0.576461 0.040445 0.816123 -0.809140 -0.167542 -0.563225
2.858754 -22.066262 -35.245833 128.664024 -0.104866 0.990471 -0.089281 -0.563519 0.014791 0.825971 -0.819420 -0.136928 -0.556598
-11.151903 -195.254866 700.679064 -8815.671586 0.352678 0.926762 -0.129344 -0.264117 0.231194 0.936371 -0.897698 0.296075 -0.326311
-2.704390 -87.222527 448.320230 -3038.398339 0.372487 0.920952 -0.114458 -0.161389 0.185736 0.969255 -0.913897 0.342563 -0.217816
-12.564962 -32.874761 615.015936 -1002.048969 0.265890 0.954348 0.136098 -0.586100 0.047949 0.808819 -0.765368 0.294824 -0.572093
-11.939754 -131.268241 507.856190 -6006.361792 0.250604 0.957793 -0.140819 0.057391 0.130506 0.989785 -0.966387 0.256126 0.022263
0.892206 -2.996801 -49.565614 72.084120 0.012639 0.989541 -0.143694 -0.902304 -0.050643 -0.428115 0.430915 -0.135067 -0.892227
0.169802 -4.369442 -37.399555 78.584457 -0.060349 0.981577 -0.181287 -0.869588 -0.140870 -0.473257 0.490076 -0.129084 -0.862069
0.762447 -4.309391 -49.821689 83.782966 -0.013874 0.988154 -0.152837 -0.872361 -0.086663 -0.481120 0.488666 -0.126654 -0.863229
2.123703 -1.242625 -32.682366 11.258829 -0.325822 -0.040115 -0.944580 -0.158759 0.987234 0.012835 0.932006 0.154142 -0.328032
1.819327 -1.144838 -17.673372 -4.997104 -0.400314 0.161930 -0.901957 -0.089662 0.972620 0.214411 0.911981 0.166703 -0.374835
2.175138 -1.630101 39.680531 -3.891853 -0.480577 0.287903 -0.828346 -0.016078 0.941522 0.336567 0.876805 0.175065 -0.447845
-0.502624 -2.539639 19.942737 1.081620 -0.393177 0.908319 -0.142716 -0.140964 -0.212929 -0.966846 0.908593 0.360023 -0.211759
-0.357287 -2.219946 18.728809 17.891061 -0.400076 0.902279 -0.160720 -0.124162 -0.227111 -0.965922 0.908032 0.366487 -0.202890
-0.818615 -2.611905 6.384374 31.214618 -0.360618 0.931140 0.054162 -0.177904 -0.011664 -0.983979 0.915590 0.364476 -0.169860
-0.186892 -2.215295 26.560103 18.562928 -0.412112 0.871230 -0.266689 -0.065473 -0.320261 -0.945064 0.908778 0.372011 -0.189025
-1.092155 -3.138578 12.752801 28.798940 -0.326863 0.934251 0.142605 -0.217043 0.072653 -0.973455 0.919811 0.349137 -0.179025
-1.184072 -3.524197 2.051329 45.389530 -0.284424 0.905850 0.313910 -0.222607 0.256083 -0.940674 0.932496 0.337429 -0.128812
-0.968264 -2.680308 6.475048 23.561716 -0.376098 0.926036 -0.031749 -0.100759 -0.074936 -0.992085 0.921085 0.369922 -0.121490
-1.135553 -3.282974 -5.756684 39.440173 -0.315413 0.907243 0.278253 -0.198549 0.223638 -0.954235 0.927951 0.356225 -0.109594
0.258859 -1.287196 -69.141671 -8.211279 0.215216 0.419730 0.881764 -0.117110 0.907500 -0.403397 -0.969519 -0.016446 0.244464
-0.246742 -1.014595 -38.291584 16.181239 0.177903 0.610717 0.771606 -0.180585 0.791059 -0.584478 -0.967336 -0.035360 0.251018
-0.158446 -2.082579 19.921847 -48.480689 0.142221 0.834318 0.532623 0.256015 -0.550788 0.794411 -0.956154 -0.023378 0.291931
0.092162 -2.075532 -33.002290 -2.242040 0.217049 0.511533 0.831399 -0.125980 0.859259 -0.495785 -0.967997 0.002870 0.250944
-0.507902 -3.101847 -12.999024 -30.518473 0.138187 0.833851 0.534412 0.275602 -0.550652 0.787925 -0.951288 -0.038404 0.305904
-0.278934 -3.558902 -7.083502 -11.164575 0.081383 0.930490 0.357162 0.356264 -0.361834 0.861482 -0.930834 -0.057134 0.360948
-3.347019 -8.470552 4.017447 13.934800 -0.529723 0.680442 -0.506352 -0.045622 0.573270 0.818095 -0.846943 -0.456465 0.272631
-3.291003 -8.060140 46.367040 25.172497 -0.486414 0.698575 -0.524780 0.024389 0.611243 0.791067 -0.873388 -0.371988 0.314355
-1.282084 -8.072342 -100.573539 43.104104 0.422493 -0.553278 0.717902 -0.248374 0.691072 0.678771 -0.871671 -0.465085 0.154553
-3.722394 -8.258764 4.729545 13.782642 -0.532936 0.757072 -0.377916 0.200136 0.546736 0.813034 -0.822146 -0.357661 0.442893
-1.172369 -8.130661 -74.908719 6.655026 0.451709 -0.579199 0.678592 -0.302921 0.615858 0.727295 -0.839165 -0.534085 0.102737
-3.523670 -8.493255 -49.563674 0.131460 -0.587346 0.732181 -0.344870 0.141018 0.512179 0.847223 -0.796956 -0.448981 0.404077
-2.795556 -8.483840 -44.308966 -5.528214 -0.568061 0.698106 -0.435837 -0.071597 0.485652 0.871215 -0.819866 -0.526108 0.225897
0.051196 -8.113582 0.148238 39.531026 -0.096747 -0.983273 -0.154320 0.991384 -0.108955 0.072704 -0.088302 -0.145956 0.985342
0.257119 -8.451438 5.627723 39.250890 -0.077444 -0.985998 -0.147686 0.993621 -0.088511 0.069886 -0.081980 -0.141331 0.986562
0.196194 -7.835440 3.655058 32.883099 -0.131104 -0.978691 -0.158038 0.988511 -0.116959 -0.095740 0.075216 -0.168774 0.982781
0.070448 -9.077894 -7.225145 28.088852 0.046857 0.987941 0.147570 0.967038 -0.081880 0.241108 -0.250283 -0.131408 0.959213
0.059382 -7.515550 5.301609 24.594817 -0.141895 -0.975825 -0.166226 0.988246 -0.130000 -0.080430 0.056876 -0.175684 0.982802
-0.171457 -8.837867 -1.211120 37.164644 0.073401 0.985606 0.152291 0.965284 -0.108594 0.237559 -0.250678 -0.129567 0.959361
-0.080364 -7.920717 1.117044 37.047791 -0.120417 -0.979695 -0.160306 0.987632 -0.134560 0.080473 -0.100410 -0.148633 0.983781
-0.546512 -21.973087 -9.726842 -60.505698 0.342499 0.938420 0.045417 0.120952 0.003897 -0.992651 0.931700 -0.345475 0.112169
-0.325422 -22.695468 -14.950980 -31.625636 0.359443 0.931618 0.053753 0.110364 0.014759 -0.993782 0.926618 -0.363140 0.097512
-0.443428 -20.531385 -6.913909 263.721267 0.343863 0.938443 0.032910 -0.207147 0.109993 -0.972107 0.915887 -0.327454 -0.232218
-0.425523 -21.838293 -11.828495 -233.713310 0.343557 0.935868 0.078234 0.425204 -0.080732 -0.901490 0.837359 -0.342978 0.425671
-0.550239 -20.095194 -0.357257 258.909530 0.323826 0.945651 0.029679 -0.210548 0.102611 -0.972183 0.922392 -0.308569 -0.232333
-0.693872 -21.394206 -4.442831 -80.361995 0.322688 0.945852 0.035152 0.128382 -0.006943 -0.991700 0.937758 -0.324523 0.123671
-0.634065 -21.228540 -7.949192 -263.525281 0.330262 0.941639 0.065148 0.441433 -0.093079 -0.892454 0.834305 -0.323501 0.446410
1.020384 -10.474018 -22.691190 -146.143106 -0.038898 0.995746 0.083528 0.297748 -0.068244 0.952202 -0.953852 -0.061909 0.293827
1.529807 -10.504157 -10.588564 -174.610845 -0.005323 0.998442 0.055547 0.321073 -0.050901 0.945686 -0.947039 -0.022869 0.320302
1.102379 -11.694502 -30.044761 -131.338984 -0.036863 0.995510 0.087183 0.449383 -0.061409 0.891226 -0.892578 -0.072032 0.445102
0.490378 -11.398303 -40.114845 -108.865686 -0.063377 0.992953 0.100141 0.432036 -0.063155 0.899643 -0.899627 -0.100281 0.424988
0.486289 -10.503454 -37.062740 -108.497203 -0.070065 0.993145 0.093563 0.278842 -0.070556 0.957741 -0.957778 -0.093193 0.271987
3.368249 -6.277561 90.576408 -33.051582 0.026276 -0.988737 -0.147341 0.993716 0.009793 0.111497 -0.108799 -0.149344 0.982781
2.392157 -6.488830 56.378613 -20.992207 0.047810 -0.982675 -0.179062 0.993948 0.029055 0.105938 -0.098900 -0.183043 0.978117
3.167717 -6.398638 -86.237952 -10.228402 -0.022510 0.985381 0.168871 0.975095 -0.015639 0.221235 -0.220641 -0.169645 0.960488
4.134487 -6.211713 -74.113451 -17.291791 -0.000764 0.993771 0.111440 0.974679 -0.024178 0.222296 -0.223606 -0.108789 0.968589
3.633489 -6.375784 -56.044233 24.150994 -0.010118 0.991670 0.128410 0.954696 -0.028615 0.296205 -0.297412 -0.125590 0.946453
2.774901 -6.543736 -74.565771 10.360748 -0.011763 0.983179 0.182265 0.952698 -0.044340 0.300667 -0.303692 -0.177180 0.936151
-0.195694 -9.635566 25.451716 -134.984173 0.313718 0.948060 0.052566 -0.760564 0.284046 -0.583833 0.568439 -0.143179 -0.810171
-0.080446 -9.325731 17.005270 38.784994 0.321001 0.946515 0.032687 -0.712931 0.264215 -0.649554 0.623449 -0.185204 -0.759612
-0.724493 -9.762399 3.103075 -164.600680 0.291630 0.956524 0.003811 -0.755158 0.232678 -0.612860 0.587101 -0.175850 -0.790183
-2.209610 -13.674435 -7.421246 21.171601 0.253807 0.967243 -0.004872 0.842520 -0.218600 0.492315 -0.475123 0.129058 0.870403
-2.204967 -13.398204 -3.336399 -21.175649 0.255390 0.966826 0.004747 0.724138 -0.194532 0.661651 -0.640625 0.165542 0.749797
-2.031758 -13.825366 -13.090453 16.518707 0.205174 0.977950 0.038947 0.838151 -0.196114 0.508963 -0.505378 0.071783 0.859907
-2.121737 -13.513691 -6.870140 33.107863 0.235112 0.971964 -0.002812 0.926582 -0.223258 0.302658 -0.293545 0.073764 0.953095
-1.634351 -13.631901 -20.323938 -17.596650 0.147293 0.986031 0.077765 0.732840 -0.161597 0.660933 -0.664267 0.040361 0.746405
-1.580664 -13.941765 -17.771080 8.417107 0.162821 0.982901 0.085995 0.850078 -0.183993 0.493471 -0.500856 0.007245 0.865500
-1.929812 -13.640348 -11.879932 21.965939 0.208267 0.976951 0.046813 0.927364 -0.212454 0.307992 -0.310839 0.020731 0.950237
-0.781734 -19.888729 23.962453 227.898754 -0.137167 0.960262 -0.243069 0.893139 0.226013 0.388872 -0.428356 0.163754 0.888648
-0.500268 -18.719570 28.674450 279.558942 -0.142136 0.957720 -0.250138 0.871783 0.240808 0.426622 -0.468820 0.157428 0.869151
-0.689888 -21.508786 10.990104 365.986114 -0.127933 0.964757 -0.229951 0.722533 0.249489 0.644748 -0.679396 0.083663 0.728987
-0.678054 -20.243227 4.175043 305.359131 -0.155942 0.960435 -0.230752 0.742182 0.268082 0.614246 -0.651804 0.075473 0.754623
-0.611860 -20.511045 -29.525713 328.006857 -0.168013 0.967941 -0.186712 0.831801 0.240849 0.500099 -0.529036 0.071284 0.845600
-0.933474 -20.937897 -3.426348 -36.366464 -0.145019 0.968121 -0.204235 0.924215 0.206243 0.321389 -0.353266 0.142149 0.924660
-1.079361 -23.302319 27.929451 -326.389933 -0.146248 0.965859 -0.213840 0.957110 0.192802 0.216257 -0.250103 0.173041 0.952631
-1.069838 -5.918945 16.240875 -11.834743 0.575807 -0.472338 0.667341 0.519871 0.841495 0.147038 -0.631016 0.262265 0.730093
-1.035317 -6.728985 0.799268 42.284504 0.545461 -0.542676 0.638729 0.589114 0.790313 0.168375 -0.596169 0.284442 0.750783
-1.164590 -6.071585 22.499150 27.478346 0.518513 -0.576049 0.631911 0.650490 0.745399 0.145747 -0.554983 0.335481 0.761214
-1.545050 -5.624417 31.241384 -13.088159 0.549811 -0.505769 0.664760 0.589575 0.798738 0.120076 -0.591700 0.325906 0.737344
-1.476423 -4.699221 17.140160 -48.267789 0.631226 -0.330223 0.701788 0.397789 0.914603 0.072570 -0.665821 0.233355 0.708680
50.058919 -23.522152 2617.242983 714.159646 0.852034 0.405884 -0.330598 -0.522827 0.691455 -0.498540 -0.026244 -0.597619 -0.801351
-0.452200 -16.144675 -554.719430 -514.137816 0.522609 0.576656 -0.627971 0.776417 -0.626194 0.071124 -0.352217 -0.524737 -0.774980
-1.808226 -26.356254 127.093760 -1107.372319 0.945132 -0.170051 -0.278940 -0.034085 0.797853 -0.601888 -0.324904 -0.578371 -0.748281
-10.267586 -33.931941 -314.727057 -1552.994917 0.890747 -0.405998 -0.204293 0.215962 0.773588 -0.595754 -0.399913 -0.486546 -0.776751
-22.043187 -176.861018 -296.226879 -7036.900902 0.820680 -0.568148 -0.060764 0.514887 0.781443 -0.352475 -0.247741 -0.257983 -0.933846
-8.720779 -150.522838 264.509759 -5257.208798 0.915139 -0.387044 -0.112771 0.192181 0.664744 -0.721929 -0.354382 -0.638993 -0.682716
0.217133 -94.439814 -415.191630 2311.769999 0.861765 0.217968 -0.458094 -0.499757 0.519963 -0.692735 -0.087198 -0.825911 -0.557017
288.321710 -77.953400 137531.289250 3360.388701 0.471968 0.057373 -0.879747 0.297836 0.928836 0.220359 0.829783 -0.366023 0.421293
-1.733030 -779.028476 -13328.442981 -337615.206563 0.537608 0.457811 -0.708087 0.829876 -0.138615 0.540455 0.149275 -0.878177 -0.454447
44.366153 -224.737862 -55137.350851 -178771.755258 0.430298 0.733720 -0.525832 0.898489 -0.404241 0.171191 -0.086957 -0.546117 -0.833183
-38.969113 -739.363004 1493.999420 -79065.143668 0.030295 0.997178 -0.068683 -0.993418 0.037632 0.108186 -0.110465 -0.064954 -0.991755
3.812122 -3.797543 69.183194 -50.576763 0.286729 0.956810 -0.047975 0.537191 -0.119113 0.835008 -0.793229 0.265193 0.548143
3.200952 -2.997122 80.482097 -49.670593 0.323795 0.944573 -0.054203 0.490553 -0.118620 0.863300 -0.809021 0.306122 0.501771
2.386190 -4.077712 101.628268 -50.911751 0.351720 0.932031 -0.087239 0.552730 -0.131559 0.822911 -0.755501 0.337654 0.561433
3.776100 -4.750559 106.720039 -54.153248 0.307797 0.948162 -0.079051 0.593080 -0.126232 0.795186 -0.743987 0.291639 0.601190
0.683199 -4.335120 90.270290 -46.437972 0.382867 0.919529 -0.088768 0.562329 -0.155740 0.812115 -0.732939 0.360849 0.576705
0.796904 -4.955462 100.316650 -38.706459 0.384069 0.919022 -0.088826 0.607112 -0.178889 0.774218 -0.695633 0.351280 0.626655
2.218227 -4.935795 116.947708 -50.976603 0.340088 0.934952 -0.101021 0.611834 -0.138408 0.778783 -0.714142 0.326663 0.619106
4.425387 -56.675963 19.921422 1588.816355 -0.108845 0.967875 0.226652 -0.770836 0.061787 -0.634030 0.627666 0.243723 -0.739347
4.663768 -46.540603 -91.962614 1518.603183 0.051867 0.991843 0.116438 -0.833931 0.107163 -0.541363 0.549425 0.069022 -0.832687
9.018225 -113.127064 -174.872676 5061.156212 0.040096 0.990736 0.129746 -0.406347 0.134796 -0.903721 0.912839 0.016486 -0.407988
5.270376 -69.057085 80.225161 131.588705 -0.158135 0.974566 0.158788 -0.299480 0.105899 -0.948207 0.940907 0.197498 -0.275117
4.808193 -48.084610 -12.203249 833.392053 -0.199453 0.972394 0.121117 -0.605684 -0.025175 -0.795307 0.770302 0.231984 -0.593985
2.403875 -32.222144 25.626162 669.176004 -0.167183 0.972091 0.164588 -0.818470 -0.043766 -0.572880 0.549688 0.230486 -0.802944
2.544625 -233.865695 -24.174994 10809.316417 0.972069 -0.189253 0.138798 0.009479 -0.559258 -0.828939 -0.234503 -0.807102 0.541844
0.713612 -63.014948 -36.095158 1450.203037 0.965402 -0.210254 0.154247 -0.040245 -0.704560 -0.708502 -0.257642 -0.677782 0.688645
2.906327 -81.766545 -200.308985 3016.687395 0.951390 -0.115814 0.285385 0.254217 -0.227810 -0.939934 -0.173871 -0.966793 0.187294
0.426393 -58.339020 -68.202705 2247.107993 0.967875 -0.152571 0.199850 0.195553 -0.042821 -0.979758 -0.158041 -0.987364 0.011610
-2.173874 -53.162432 -68.236146 1681.959218 0.966156 -0.178224 0.186489 0.155271 -0.175512 -0.972156 -0.205993 -0.968211 0.141899
-7.611858 -10.917849 1.659191 69.168240 0.055582 0.949721 0.308125 -0.310484 0.309742 -0.898699 0.948952 0.045716 -0.312090
-3.856098 -10.474711 -186.259608 88.681760 0.211271 0.945350 0.248349 -0.386273 0.314154 -0.867237 0.897863 -0.087292 -0.431535
-3.268447 -10.891263 -150.011411 274.959088 0.244692 0.930841 0.271406 -0.592858 0.365128 -0.717775 0.767232 -0.014729 -0.641200
9.592016 -13.772611 -41.018447 55.104803 0.231651 0.969578 0.079102 -0.264681 -0.015426 0.964213 -0.936099 0.244298 -0.253056
3.746709 -4.210163 108.176011 -10.854733 0.268579 0.727531 0.631319 0.843004 -0.494634 0.211380 0.466058 0.475432 -0.746160
5.818912 -5.874509 52.420320 -38.775637 0.367399 0.768979 0.523153 -0.799488 0.548529 -0.244816 0.475223 0.328309 -0.816319
-3.111545 -5.157624 -16.209540 -68.536759 0.174554 0.771357 -0.611996 0.268715 0.560627 0.783256 -0.947271 0.301173 0.109416
-2.766913 -5.745133 12.648382 -109.056351 0.168724 0.855928 -0.488794 0.197413 0.456511 0.867540 -0.965692 0.242869 0.091947
-3.201513 -6.667127 6.854013 -80.589102 0.235974 0.898167 -0.370962 0.290215 0.299185 0.908991 -0.927411 0.322157 0.190062
-2.991412 -7.087522 3.815228 -85.484210 0.162045 0.936519 -0.310923 0.262833 0.262742 0.928378 -0.951136 0.232160 0.203572
-3.590013 -5.499750 -26.805481 -27.736120 0.260703 0.848183 -0.461107 0.330768 0.370242 0.868051 -0.906988 0.378823 0.184029
-3.291794 -6.235883 -5.081038 -25.007721 0.325903 0.893368 -0.309322 0.360615 0.184978 0.914188 -0.873924 0.409483 0.261877
-3.236005 -7.546345 11.164502 -35.497736 0.215350 0.939379 -0.266818 0.367076 0.175321 0.913520 -0.904920 0.294669 0.307068
-3.159479 -7.074395 20.278723 -42.266317 0.283501 0.912076 -0.296217 0.365811 0.182677 0.912585 -0.886459 0.367078 0.281858
20.717621 -0.142624 -633.130023 81.578418 -0.350558 -0.675193 -0.649018 0.919004 -0.381479 -0.099524 -0.180389 -0.631339 0.754235
12.411622 -1.577058 -379.984102 153.718906 -0.300315 -0.617047 -0.727368 0.932694 -0.349650 -0.088472 -0.199733 -0.704981 0.680521
7.373737 -5.045729 5.252849 51.158409 0.243034 -0.831123 -0.500169 0.881147 -0.026449 0.472102 -0.405604 -0.555459 0.725914
30.954509 -0.588923 -1194.827825 176.270347 -0.583241 -0.394761 -0.709925 0.790817 -0.475612 -0.385229 -0.185576 -0.786102 0.589580
10.250107 -3.944578 -155.017096 92.116007 0.101083 -0.910872 -0.400117 0.929969 -0.056380 0.363290 -0.353469 -0.408819 0.841384
0.005165 -7.660998 -1.576731 -28.206115 -0.089401 0.986344 -0.138320 -0.642475 0.049010 0.764738 -0.761074 -0.157235 -0.629320
0.027309 -7.595428 -1.842469 -20.038828 -0.102181 0.986338 -0.129212 -0.622372 0.037942 0.781802 -0.776024 -0.160303 -0.609992
-0.114289 -7.235009 -7.495720 -11.670667 -0.097411 0.984575 -0.145337 -0.743981 0.024959 0.667734 -0.661062 -0.173173 -0.730074
0.009706 -7.688896 -1.335347 -17.067143 -0.115660 0.986484 -0.116067 -0.604039 0.022909 0.796625 -0.788517 -0.162247 -0.593225
-0.161222 -7.277912 -2.793899 -7.459956 -0.116680 0.985962 -0.119432 -0.729183 -0.003401 0.684310 -0.674298 -0.166933 -0.719344
0.282503 -14.489226 36.151295 83.515600 0.290924 0.956719 -0.007158 -0.359823 0.116343 0.925738 -0.886504 0.266744 -0.378097
0.316333 -13.768102 37.221171 55.874690 0.292072 0.956335 -0.010786 -0.187035 0.068175 0.979985 -0.937929 0.284209 -0.198781
1.033575 -13.947881 36.256406 74.899912 0.282785 0.959118 -0.011174 -0.321224 0.105673 0.941089 -0.903796 0.262537 -0.337974
-0.571764 -13.999157 32.586527 62.142054 0.284372 0.958589 -0.015511 -0.216166 0.079872 0.973084 -0.934026 0.273365 -0.229928
1.028622 -14.797129 36.106808 103.717208 0.283387 0.958929 -0.012132 -0.488890 0.155339 0.858403 -0.825032 0.237329 -0.512832
-0.612505 -14.801240 32.233205 50.210571 0.279285 0.960173 -0.008205 -0.400510 0.124254 0.907829 -0.872692 0.250257 -0.419261
0.283521 -15.002455 36.144668 45.676301 0.284743 0.958603 -0.001605 -0.539407 0.161609 0.826391 -0.792440 0.234444 -0.563094
3.207083 -7.383592 29.214667 2.379461 0.217328 0.927889 0.302970 0.097296 0.288250 -0.952599 0.971237 -0.236504 0.027635
2.354113 -7.905199 -37.352374 16.831446 0.272473 0.904587 0.327842 0.042943 0.328961 -0.943367 0.961205 -0.271120 -0.050787
2.427841 -7.037934 66.410861 -22.334707 0.128378 0.943336 0.306001 0.023597 0.305561 -0.951880 0.991445 -0.129421 -0.016967
1.640840 -8.701380 -109.787415 67.247431 0.319579 0.928909 0.187075 0.135038 0.150766 -0.979303 0.937888 -0.338227 0.077256
2.877093 -7.971064 -9.204528 42.517916 0.265290 0.942561 0.202977 0.194328 0.153929 -0.968784 0.944382 -0.296453 0.142330
3.080405 -6.993652 63.064365 -6.348569 0.160908 0.950531 0.265705 0.145252 0.243475 -0.958969 0.976223 -0.192899 0.098889
-1.433150 -6.055618 -52.790224 -14.613631 -0.163903 0.986418 -0.010788 0.082467 0.024598 0.996290 -0.983023 -0.162405 0.085378
-1.201160 -6.074424 -33.266667 -50.474649 -0.151337 0.988437 0.009433 -0.032070 -0.014447 0.999381 -0.987962 -0.150941 -0.033886
-0.608386 -5.611250 -25.402021 6.209342 -0.165419 0.985043 -0.048243 0.090093 0.063806 0.993887 -0.982100 -0.160061 0.099300
169.844124 -11.457579 -481.873644 -992.232112 -0.582693 0.282118 -0.762154 0.751953 -0.168580 -0.637296 -0.308277 -0.944452 -0.113909
436.382600 -30.856451 -26003.036795 1347.640569 -0.288011 -0.745366 -0.601232 0.920996 -0.043612 -0.387122 0.262327 -0.665228 0.699040
90.732040 -205.051992 -2419.615014 -16819.954471 0.455405 -0.328261 -0.827557 0.887310 0.243273 0.391790 0.072713 -0.912723 0.402057
48.834604 -7.796948 -1987.150668 8.350501 -0.115814 -0.957154 -0.265411 0.993061 -0.106085 -0.050756 0.020425 -0.269447 0.962798
110.234182 -24.431394 5702.263078 806.186557 -0.005894 0.988080 0.153826 0.984601 0.032612 -0.171751 0.174720 -0.150445 0.973057
9.038651 -148.508415 -168.488019 -13263.824413 0.831700 -0.480843 -0.277607 0.457076 0.876802 -0.149329 0.315210 -0.002690 0.949018
-2.071751 -21.741946 51.676729 -206.892256 0.119895 0.991847 0.043190 -0.137553 0.059681 -0.988695 0.983211 -0.112598 -0.143587
-1.017736 -20.110201 2.920104 -159.203649 0.146855 0.988852 0.024594 -0.163267 0.048755 -0.985377 0.975591 -0.140692 -0.168606
-1.870018 -17.391435 18.218415 -128.229192 0.154644 0.983616 0.092654 0.093597 0.078775 -0.992489 0.983527 -0.162155 0.079882
-0.195368 -14.693211 -32.461678 -106.975174 -0.145414 -0.973603 0.175932 0.988633 -0.136121 0.063845 -0.038212 0.183216 0.982330
-0.849371 -15.721169 -27.442603 -115.076369 -0.090637 -0.983511 0.156494 0.989025 -0.107306 -0.101561 0.116679 0.145572 0.982443
-1.590799 -14.810053 -20.176117 -89.069505 -0.048293 -0.990514 0.128649 0.995835 -0.037775 0.082980 -0.077333 0.132120 0.988212
1.115127 -19.293412 -50.637263 -9.732085 -0.019685 0.992241 0.122765 -0.510373 -0.115558 0.852154 -0.859728 0.045882 -0.508687
1.143546 -19.660567 -71.096295 157.709779 -0.003798 0.998164 0.060456 -0.725928 -0.044332 0.686340 -0.687760 0.041280 -0.724764
1.549753 -19.673157 -12.328736 -57.399566 0.008321 0.984816 0.173404 -0.492776 -0.146854 0.857675 -0.870117 0.092586 -0.484071
-69.077033 -398.788104 2424.506966 19849.171141 -0.294937 0.952615 0.074412 0.817036 0.211047 0.536574 -0.495444 -0.219053 0.840566
-8.592216 -981.915894 427.851452 72762.488900 -0.190005 0.980985 -0.039571 0.949215 0.173258 -0.262625 0.250775 0.087462 0.964086
-61.923048 -911.499586 2384.969580 44884.004533 -0.209244 0.977452 -0.028367 0.354527 0.102865 0.929370 -0.911333 -0.184408 0.368057
-35.416488 -922.744340 1255.640237 165114.498279 -0.248812 0.948113 -0.197927 0.949989 0.199076 -0.240602 -0.188715 -0.247893 -0.950229
-113.258058 -1541.011187 5100.341885 258489.917970 -0.237906 0.957007 -0.165947 0.963014 0.210158 -0.168633 -0.126508 -0.199928 -0.971609
-3.165776 -7.404936 11.089804 3.317584 -0.079412 0.899700 0.429224 0.159661 -0.413546 0.896375 -0.983973 -0.139713 0.110807
-3.096744 -7.365107 35.139647 -10.452207 -0.106105 0.912887 0.394183 0.029723 -0.393331 0.918916 -0.993911 -0.109218 -0.014600
-3.617918 -7.770997 45.670807 -4.112469 -0.109381 0.860807 0.497039 0.207148 -0.469320 0.858387 -0.972176 -0.196852 0.126980
-2.782109 -7.071279 3.571299 -7.514890 -0.065920 0.941366 0.330885 -0.010747 -0.332257 0.943128 -0.997767 -0.058615 -0.032019
-3.347285 -7.578747 23.129911 -5.066780 -0.053562 0.824888 0.562753 0.336521 -0.515684 0.787923 -0.940151 -0.231581 0.249971
-3.130133 -7.060214 -13.924715 4.615755 -0.031549 0.856020 0.515980 0.285671 -0.486979 0.825375 -0.957808 -0.173440 0.229176
-3.013082 -7.051527 -14.852432 5.778115 -0.046992 0.929839 0.364953 0.115334 -0.357862 0.926624 -0.992215 -0.085635 0.090425
-0.112973 -7.527371 10.236003 -14.521693 -0.192117 0.980559 0.039926 -0.916374 -0.164685 -0.364880 0.351211 0.106687 -0.930198
-0.150579 -7.872787 -3.474935 6.323311 -0.173288 0.984512 0.026603 -0.966872 -0.164918 -0.194833 0.187428 0.059483 -0.980476
0.066059 -7.368892 3.785690 -42.025309 -0.181699 0.982344 0.044552 -0.898911 -0.147557 -0.412536 0.398679 0.115005 -0.909851
-0.271178 -7.715925 1.406949 21.764023 -0.179106 0.983505 0.025279 -0.974688 -0.173888 -0.140522 0.133809 0.049808 -0.989755
0.119480 -6.483427 15.666336 -65.240953 -0.177276 0.981954 0.065875 -0.826171 -0.112110 -0.552153 0.534804 0.152307 -0.831136
-0.242338 -6.926739 21.659914 -44.439988 -0.181354 0.981374 0.063363 -0.845214 -0.122607 -0.520173 0.502716 0.147891 -0.851707
-0.372556 -7.693319 15.471037 8.850359 -0.185141 0.981857 0.040975 -0.934052 -0.162863 -0.317840 0.305400 0.097118 -0.947259
1.536581 -17.955752 -25.116569 187.793935 -0.110128 0.982990 -0.146975 -0.416343 0.088650 0.904875 -0.902513 -0.160844 -0.399498
0.884762 -18.869162 -14.329289 127.217886 -0.109390 0.980061 -0.165876 -0.463777 0.097276 0.880595 -0.879173 -0.173257 -0.443889
0.924918 -20.300018 4.813464 143.111132 -0.086167 0.984613 -0.152028 -0.648606 0.060388 0.758725 -0.756231 -0.163983 -0.633423
0.172465 -25.600530 202.821990 -732.534087 0.300469 0.952649 -0.046676 -0.499541 0.198869 0.843155 -0.812513 0.230025 -0.535641
3.550643 -103.896496 72.385773 -3760.671361 0.243479 0.967939 -0.061745 -0.204378 0.113433 0.972298 -0.948129 0.224114 -0.225444
-4.412508 -62.824696 364.872442 -892.873631 0.275295 0.949729 -0.149092 0.387058 0.032463 0.921484 -0.879999 0.311387 0.358663
2.803495 -60.376627 138.326697 303.825395 0.239356 0.959231 -0.150279 0.513410 0.006328 0.858120 -0.824087 0.282551 0.490964
1.423947 -1.747871 -8.476671 -30.624014 -0.468886 0.465950 -0.750358 0.045897 0.861239 0.506123 0.882065 0.202875 -0.425209
0.030224 -2.386617 17.548237 -10.551745 -0.410917 0.856043 -0.313587 -0.073355 -0.373900 -0.924564 0.908717 0.356916 -0.216437
1.663262 -1.128035 -93.528868 -16.387745 0.248547 0.056925 0.966946 -0.050523 0.997675 -0.045747 -0.967301 -0.037483 0.250845
1.137755 -0.856821 -154.365726 -5.365086 0.225500 0.035579 0.973593 -0.058811 0.998008 -0.022849 -0.972466 -0.052105 0.227143
-0.380596 -0.884740 0.670943 -100.630937 0.100228 0.845048 0.525212 0.219254 -0.533653 0.816788 -0.970506 -0.033290 0.238768
-1.616063 -7.647860 -96.908946 36.464009 0.414557 -0.592522 0.690696 -0.154971 0.701935 0.695177 -0.896731 -0.395228 0.199168
-3.023010 -7.438634 46.729132 11.254934 -0.458518 0.727894 -0.509834 0.096111 0.610947 0.785816 -0.883473 -0.311310 0.350088
-3.623810 -7.834392 28.821104 9.195954 -0.478864 0.796733 -0.368655 0.270239 0.533323 0.801584 -0.835261 -0.284225 0.470697
0.392263 -8.349316 8.536265 42.261548 -0.121802 -0.981380 -0.148518 0.988258 -0.106003 -0.110039 0.092246 -0.160178 0.982768
0.622659 -8.893636 17.208830 32.622132 -0.067962 -0.987364 -0.143156 0.994248 -0.078932 0.072394 -0.082779 -0.137413 0.987049
0.473960 -9.374361 -21.641302 10.184098 0.031112 0.988383 0.148763 0.965385 -0.068277 0.251733 -0.258965 -0.135782 0.956295
-0.221050 -21.069115 -11.352618 256.495325 0.356440 0.933717 0.033506 -0.203888 0.112729 -0.972482 0.911801 -0.339800 -0.230555
-0.010111 -23.563306 -12.631431 -16.511815 0.355311 0.932686 0.062053 0.108969 0.024603 -0.993741 0.928375 -0.359849 0.092892
-0.159977 -22.585106 -12.042358 -190.346240 0.342924 0.935028 0.090143 0.413168 -0.063954 -0.908406 0.843620 -0.348758 0.408255
1.688364 -12.092299 -22.159177 -140.055418 -0.005380 0.998038 0.062379 0.466672 -0.052665 0.882861 -0.884414 -0.033860 0.465473
2.407768 -6.770200 65.926812 -17.222816 0.050636 -0.985490 -0.162005 0.998372 0.054212 -0.017723 0.026248 -0.160844 0.986631
1.835274 -6.848146 18.090964 -11.033395 0.073839 -0.980377 -0.182783 0.996458 0.079926 -0.026152 0.040248 -0.180204 0.982805
1.733304 -6.714823 26.688873 -8.221676 0.068765 -0.977274 -0.200519 0.994130 0.050298 0.095785 -0.083522 -0.205928 0.974996
-2.118693 -13.601847 8.607634 -21.770886 0.304796 0.951438 -0.043187 0.741203 -0.208483 0.638086 -0.598095 0.226496 0.768753
-0.303182 -19.545144 28.551619 446.408557 -0.114424 0.967417 -0.225857 0.832645 0.217399 0.509353 -0.541858 0.129776 0.830391
-0.033271 -16.190518 35.279889 5.453410 -0.121881 0.962539 -0.242206 0.896196 0.211603 0.389945 -0.426589 0.169537 0.888414
-1.434045 -6.079083 -6.382305 50.696716 0.488206 -0.613264 0.620936 0.713773 0.689976 0.120253 -0.502179 0.384499 0.774582
-1.653196 -7.566566 -41.735929 58.592274 0.493282 -0.605704 0.624336 0.650704 0.733261 0.197263 -0.577285 0.308951 0.755838
-1.285119 -8.317156 -26.553269 51.421887 0.571983 -0.504510 0.646765 0.491608 0.842028 0.222059 -0.656626 0.190941 0.729647
6.056060 -13.523466 85.039893 -691.615504 0.374475 0.768319 -0.519090 0.857751 -0.499673 -0.120792 -0.352182 -0.400016 -0.846141
1.778304 -5.104626 5.414721 -124.859173 0.684022 -0.125174 0.718641 0.031901 0.989358 0.141963 -0.728764 -0.074180 0.680736
0.977895 -5.315895 -72.334321 -220.903365 0.638365 -0.309198 0.704902 0.097211 0.940826 0.324649 -0.763571 -0.138721 0.630648
-0.090197 -7.007119 1.325667 -28.523438 0.647645 -0.353869 0.674784 0.291395 0.933319 0.209774 -0.704021 0.060770 0.707574
0.225838 -5.938738 -1.626327 -3.945269 0.679473 -0.136064 0.720974 0.132365 0.989263 0.061951 -0.721662 0.053338 0.690188
3.534782 -3.021945 9.067180 -48.407593 0.220097 0.975394 0.012796 0.474434 -0.118499 0.872279 -0.852332 0.185915 0.488841
1.901321 -3.006060 15.072347 1.469853 0.100251 0.905863 -0.411536 0.023867 -0.415690 -0.909193 0.994676 -0.081326 0.063293
2.292452 -3.302662 10.048211 -15.906054 0.127646 0.898755 -0.419460 0.060233 -0.429163 -0.901216 0.989989 -0.089772 0.108916
2.240683 -3.013168 39.598195 -2.619045 0.084553 0.874743 -0.477153 0.071899 -0.482975 -0.872677 0.993822 -0.039481 0.103730
1.718067 -3.649453 -29.181731 -2.724880 0.172022 0.932365 -0.317969 0.005349 -0.323660 -0.946158 0.985079 -0.161059 0.060664
1.749954 -2.681019 26.133240 6.996575 0.060809 0.874004 -0.482099 0.039179 -0.484711 -0.873797 0.997380 -0.034246 0.063717
1.679468 -2.499602 25.219031 14.832723 0.070625 0.911237 -0.405781 -0.008563 -0.406228 -0.913731 0.997466 -0.068007 0.020887
1.856220 -2.949828 16.946153 14.326536 0.106322 0.942620 -0.316487 -0.029980 -0.315107 -0.948583 0.993880 -0.110344 0.005243
3.660585 -29.448932 -68.402151 1295.219644 0.092320 0.992388 0.081502 -0.887103 0.119148 -0.445928 0.452244 0.031132 -0.891351
5.003658 -41.884307 -101.244266 1490.548873 0.134558 0.984999 0.108035 -0.664527 0.170575 -0.727535 0.735049 -0.026103 -0.677511
1.184921 -54.344245 -18.716566 1254.919510 0.965300 -0.198240 0.169990 0.002539 -0.643790 -0.765198 -0.261131 -0.739077 0.620947
-9.369205 -11.537526 170.151695 17.401444 -0.138995 0.965389 0.220693 -0.177289 0.194997 -0.964647 0.974294 0.173208 -0.144049
-7.392584 -10.831201 -2.829399 88.250077 -0.302433 0.951573 -0.055159 -0.293197 -0.147936 -0.944537 0.906956 0.269487 -0.323739
-7.824355 -11.636968 33.203833 17.377411 -0.209959 0.977286 0.028791 -0.172991 -0.008151 -0.984890 0.962284 0.211767 -0.170773
-7.403547 -11.485616 -46.674482 -30.164041 -0.425637 0.904430 -0.028963 0.182537 0.054467 -0.981689 0.886292 0.423130 0.188275
-7.178288 -11.818588 -37.470380 -36.177455 -0.316671 0.948516 0.006051 0.016379 0.011847 -0.999796 0.948394 0.316507 0.019287
-7.420386 -11.653361 -44.330731 -11.730213 -0.437722 0.899055 -0.010002 0.035172 0.006007 -0.999363 0.898422 0.437795 0.034251
-8.008744 -11.667009 -12.836004 -4.297841 -0.554071 0.831099 -0.047754 0.145811 0.040411 -0.988487 0.819600 0.554655 0.143573
-7.755477 -11.407420 -5.547251 35.002933 -0.556470 0.823023 -0.113901 0.003130 -0.135009 -0.990839 0.830862 0.551729 -0.072552
4.507400 -5.859959 80.055917 18.053604 0.437544 0.696008 0.569322 0.811940 -0.577885 0.082473 0.386405 0.426170 -0.817967
5.973020 -7.840091 11.795318 -0.170863 0.515618 0.731220 0.446604 -0.790303 0.607233 -0.081789 0.330999 0.310781 -0.890986
6.605606 -7.859162 -40.948174 -95.033484 0.477130 0.794352 0.375969 -0.768242 0.584752 -0.260519 0.426792 0.164533 -0.889256
-2.666580 -6.240146 7.141841 -120.142351 0.126130 0.921355 -0.367692 0.149357 0.348789 0.925224 -0.980706 0.171616 0.093618
-1.992480 -4.291322 -40.205274 -65.031870 -0.108144 -0.686492 0.719051 0.139319 0.705689 0.694689 -0.984325 0.175304 0.019325
4.837809 -5.450979 145.481961 68.982726 0.279320 -0.732871 -0.620387 0.879336 -0.064281 0.471844 -0.385679 -0.677324 0.626485
22.926169 -3.332347 -911.302432 245.806190 -0.564611 -0.396857 -0.723684 0.791715 -0.508200 -0.339000 -0.233242 -0.764354 0.601133
-0.056948 -8.428835 5.382449 -34.660206 -0.096038 0.989347 -0.109401 -0.521721 0.043569 0.852003 -0.847693 -0.138902 -0.511979
1.072394 -13.711064 34.446414 -7.681147 0.274634 0.961459 -0.013163 -0.165151 0.060651 0.984402 -0.947260 0.268176 -0.175442
-0.491015 -13.446376 33.058539 49.334260 0.285722 0.958021 -0.023630 -0.035175 0.035126 0.998764 -0.957667 0.284537 -0.043735
-1.945838 -3.037008 -149.035594 -46.188177 -0.179361 -0.000749 -0.983783 -0.028610 0.999581 0.004455 0.983367 0.028945 -0.179308
-3.586827 -4.291390 -80.607643 -102.350840 -0.145144 -0.640982 -0.753707 -0.217990 0.763772 -0.607563 0.965098 0.076116 -0.250585
-2.017332 -3.456658 -139.542352 -78.373561 -0.086982 -0.540201 -0.837029 -0.202679 0.832237 -0.516046 0.975374 0.124761 -0.181877
