18452
36883
-2.775665 -4.380146 18.888408 -39.939381 0.586788 0.486453 -0.647335 -0.295657 0.872953 0.387995 0.753835 -0.036281 0.656062
-3.796790 -5.265761 29.494357 38.715339 0.469497 0.708677 -0.526640 0.535459 -0.702795 -0.468361 0.702037 0.062100 0.709428
-3.765437 -5.198572 5.809605 84.851044 0.251671 0.944374 -0.211705 0.637328 -0.326337 -0.698081 0.728337 -0.040762 0.684005
-2.852365 -4.539970 -5.436879 -28.805214 0.582635 0.409987 -0.701745 -0.294842 0.911242 0.287586 0.757366 0.039346 0.651804
-3.065803 -3.918000 7.987221 54.093828 0.433237 0.828849 -0.353999 0.476859 -0.544094 -0.690339 0.764795 -0.130273 0.630966
-2.280519 -3.794678 14.385035 -27.031192 0.621503 0.263380 -0.737811 -0.093317 0.959976 0.264081 0.777834 -0.095277 0.621205
4.356121 -5.721989 -18.822001 54.099039 0.543018 0.742795 -0.391646 0.678642 -0.113517 0.725644 0.494546 -0.659826 -0.565734
3.673809 -4.987093 -49.439436 28.619202 0.595114 0.654165 -0.466806 0.645875 -0.043680 0.762192 0.478209 -0.755090 -0.448504
4.179553 -4.779852 -16.549665 17.836588 0.555194 0.726833 -0.404319 0.614931 -0.031398 0.787956 0.560017 -0.686096 -0.464384
4.367489 -5.165010 15.165598 -31.965167 0.486512 0.821922 -0.296228 -0.616488 0.082709 -0.783008 0.619070 -0.563564 -0.546944
3.750398 -4.565541 13.422485 8.180136 0.498361 0.815455 -0.294397 -0.541896 0.027926 -0.839981 0.676745 -0.578147 -0.455809
-4.891358 -22.924031 359.045537 -655.887500 0.089844 0.885985 -0.454927 0.245454 -0.462383 -0.852030 0.965236 0.035114 0.259011
-3.978936 -12.561977 314.532327 343.269882 0.060087 0.994093 0.090380 -0.107509 0.096462 -0.989514 0.992387 -0.049741 -0.112670
-1.429706 -9.739337 109.403596 -239.936490 0.255249 0.941485 -0.220124 0.346997 -0.301698 -0.888015 0.902464 -0.150283 0.403701
-0.067681 -4.534905 -21.523670 -143.242070 0.354495 0.927126 0.121532 0.487000 -0.072110 -0.870420 0.798226 -0.367746 0.477073
0.074881 -6.612954 34.227692 -328.493211 0.271164 0.952297 0.140004 0.599586 -0.053332 -0.798532 0.752972 -0.300477 0.585445
-2.399938 -19.644301 65.045329 -759.846219 0.386024 0.922418 -0.011451 0.617928 -0.267775 -0.739231 0.684946 -0.278285 0.673355
-0.169722 -4.485628 -41.441236 -53.805579 0.362744 0.929211 0.070592 0.329690 -0.057113 -0.942360 0.871620 -0.365109 0.327069
5.225748 -4.047320 -59.331136 -28.276583 0.152073 0.975486 0.159066 0.461972 0.072122 -0.883957 0.873759 -0.207910 0.439679
5.873772 -3.671880 -81.788649 -27.268788 0.212277 0.973506 0.085001 0.559688 -0.049815 -0.827205 0.801054 -0.223171 0.555434
6.062081 -3.062157 -29.737461 -23.764713 0.060283 0.998170 -0.004672 0.526496 -0.035773 -0.849425 0.848038 -0.048746 0.527689
4.872808 -2.502239 65.814045 -24.009713 -0.128113 0.982173 -0.137558 0.508646 -0.053999 -0.859281 0.851391 0.180054 0.492660
4.716359 -2.888803 39.713735 -21.854236 -0.087472 0.995846 -0.025292 0.453591 0.017212 -0.891044 0.886907 0.089413 0.453212
5.607939 -2.442005 77.041141 -14.363514 -0.113307 0.977344 -0.178775 0.553011 -0.087450 -0.828572 0.825433 0.192748 0.530573
5.239512 -3.545306 -28.296055 -22.905746 0.053214 0.993507 0.100555 0.437277 0.067346 -0.896802 0.897751 -0.091693 0.430854
6.321063 -3.035299 -17.184818 1.309644 0.073731 0.994027 -0.080457 0.581103 -0.108388 -0.806580 0.810483 -0.012716 0.585624
-0.221650 -1.860888 2.799563 -1.722708 -0.011301 0.897436 -0.441000 0.731740 -0.293153 -0.615319 0.681490 0.329651 0.653377
-0.519272 -1.945296 -13.795725 -6.327255 -0.158861 0.951396 -0.263836 0.657345 -0.097465 -0.747260 0.736655 0.292142 0.609912
0.327510 -2.064080 33.901605 -5.029598 -0.124866 0.921620 -0.367457 0.689383 -0.185764 -0.700174 0.713554 0.340747 0.612154
1.074202 -2.015793 51.235141 -14.424272 -0.007483 0.874183 -0.485539 0.773414 -0.302720 -0.556948 0.633857 0.379691 0.673840
2.661842 -2.503044 108.626397 0.782590 -0.103629 0.894215 -0.435477 0.702295 -0.244252 -0.668673 0.704303 0.375127 0.602691
1.707010 -2.248380 98.705829 10.003169 -0.202796 0.911772 -0.357134 0.627454 -0.159007 -0.762246 0.751782 0.378666 0.539849
1.143234 -4.538264 32.572447 -57.088223 -0.108966 0.834909 0.539494 0.953627 -0.065386 0.293803 0.280574 0.546490 -0.789067
0.169435 -4.431724 16.742067 -48.325424 -0.159242 0.841930 0.515554 0.949307 -0.012781 0.314090 0.271031 0.539435 -0.797215
0.593507 -3.732576 23.838267 -23.567437 -0.125959 0.836560 0.533200 0.968111 -0.013671 0.250147 0.216552 0.547705 -0.808161
-1.308356 -3.672242 12.554527 -17.210450 -0.400452 0.914787 -0.052936 -0.628564 -0.232203 0.742286 -0.666742 -0.330524 -0.667989
-1.671293 -3.977007 10.410166 -7.276968 -0.358353 0.919020 -0.164270 -0.661541 -0.125812 0.739280 -0.658746 -0.373595 -0.653055
-1.171037 -4.182068 12.784310 -20.510292 -0.413734 0.907712 -0.069876 -0.573937 -0.200479 0.793980 -0.706696 -0.368601 -0.603915
-0.542698 -3.765921 28.052995 -29.315459 -0.479981 0.874173 0.073756 -0.522888 -0.352579 0.776065 -0.704419 -0.333930 -0.626326
0.221771 -6.065016 -7.981804 2.194986 0.256899 0.822521 -0.507408 -0.296504 0.566788 0.768659 -0.919830 0.047020 -0.389488
0.523571 -6.089629 -6.751265 17.680758 0.268255 0.817984 -0.508863 -0.154211 0.557873 0.815473 -0.950925 0.140283 -0.275794
0.321861 -5.930716 -7.005932 19.966083 0.247832 0.836437 -0.488828 -0.143094 0.530639 0.835432 -0.958177 0.137098 -0.251198
-0.563084 -10.986549 -32.327740 143.783373 0.512749 0.854157 0.086631 0.402594 -0.150093 -0.902989 0.758292 -0.497884 0.420839
-0.146287 -9.129144 -32.268946 176.817395 0.504862 0.857020 0.103107 0.241929 -0.025825 -0.969950 0.828604 -0.514635 0.220376
-0.831577 -9.436518 -22.966075 178.729431 0.507642 0.860242 0.047786 0.215383 -0.073007 -0.973797 0.834212 -0.504632 0.222343
-0.199641 -7.894527 2.266047 -17.665933 0.546142 0.720749 -0.426907 -0.508393 -0.119859 -0.852743 0.665783 -0.682755 -0.300964
-0.163735 -8.917695 5.541696 52.034857 0.528123 0.721897 -0.447160 0.637148 0.011242 0.770659 0.561363 -0.691910 -0.454018
-0.242885 -8.635660 -5.015959 45.389319 0.546953 0.704997 -0.451467 0.589533 0.058531 0.805621 0.594384 -0.706791 -0.383605
-0.164345 -9.654479 0.397635 45.420854 0.520540 0.715669 -0.465679 0.738227 -0.103189 0.666613 0.429021 -0.690775 -0.582040
-0.185576 -7.794776 -0.822747 -17.845580 0.561966 0.719131 -0.408711 -0.430820 -0.167332 -0.886789 0.706108 -0.674426 -0.215781
3.824542 -4.703816 -70.109932 -23.917235 0.276094 0.942186 0.189891 0.484446 0.034219 -0.874152 0.830111 -0.333340 0.446991
4.604606 -4.477185 -107.142276 6.460135 0.325670 0.937209 0.124815 0.568415 -0.088584 -0.817959 0.755542 -0.337331 0.561573
1.373825 -5.494522 0.768729 -43.720618 -0.486343 -0.862834 0.137800 0.855740 -0.438476 0.274679 -0.176581 0.251509 0.951610
1.594283 -4.967682 5.354735 -6.940756 -0.485878 -0.866624 0.113519 0.831647 -0.418450 0.365051 -0.268860 0.271777 0.924041
1.536903 -4.598850 8.207888 -2.319486 -0.524751 -0.840730 0.133454 0.812340 -0.447710 0.373711 -0.254441 0.304515 0.917894
-0.216042 -3.824541 -14.741605 31.092040 0.400492 0.858311 -0.320794 -0.497380 -0.090396 -0.862810 0.769558 -0.505105 -0.390704
-0.114733 -3.515424 -4.604939 18.651143 0.400690 0.865224 -0.301389 -0.524851 -0.052868 -0.849551 0.750985 -0.498591 -0.432930
-0.122766 -3.373241 -5.535980 20.634078 0.373396 0.866631 -0.330947 -0.559023 -0.074494 -0.825799 0.740317 -0.493357 -0.456651
0.533207 -2.920810 9.178118 15.493031 -0.171738 0.984712 -0.029110 0.784255 0.118775 -0.608964 0.596197 0.127412 0.792664
0.292789 -2.438666 9.852381 16.757792 -0.162143 0.985895 -0.041486 0.735192 0.092655 -0.671497 0.658181 0.139378 0.739845
0.630472 -2.557874 4.284615 23.661676 -0.225122 0.973221 0.046476 0.734666 0.200886 -0.648006 0.639989 0.111737 0.760216
-0.868054 -8.486477 -25.950279 -17.482864 0.265408 0.873326 -0.408486 -0.210409 0.465935 0.859437 -0.940897 0.142152 -0.307419
-1.359663 -8.669840 -6.442851 -9.069549 0.328606 0.865606 -0.377815 -0.054274 0.416675 0.907434 -0.942906 0.277683 -0.183902
-1.227280 -8.219805 -10.468115 -18.356981 0.318370 0.854351 -0.410760 -0.254600 0.494449 0.831083 -0.913137 0.160012 -0.374936
-1.612617 -8.071943 7.174121 -9.141229 0.376765 0.842022 -0.386065 -0.175224 0.474039 0.862893 -0.909585 0.257460 -0.326144
-1.446341 -7.688900 8.815139 -16.524955 0.390709 0.822973 -0.412386 -0.337806 0.544927 0.767425 -0.856290 0.160533 -0.490913
-0.734583 -10.828372 -18.048377 -43.351405 0.013015 0.883726 -0.467823 -0.390166 0.435264 0.811367 -0.920652 -0.171969 -0.350465
-1.459560 -10.711946 -28.373993 16.130693 0.023373 0.883054 -0.468690 -0.461800 0.425340 0.778349 -0.886676 -0.198249 -0.417736
-0.676452 -10.407232 -15.130553 13.768372 0.007109 0.877912 -0.478770 -0.579486 0.393811 0.713519 -0.814952 -0.272368 -0.511537
-0.365032 -11.174377 -5.714649 -49.187638 0.005667 0.884934 -0.465682 -0.424162 0.423848 0.800275 -0.905569 -0.192990 -0.377757
-0.606983 -12.484043 -17.044186 -107.141281 -0.004828 0.892194 -0.451627 -0.207615 0.440897 0.873216 -0.978199 -0.097980 -0.183104
-1.528485 -13.786249 -3.776528 -15.257049 0.174431 0.917233 -0.358131 0.660990 0.160507 0.733027 -0.729839 0.364584 0.578285
-1.867822 -12.930363 4.785913 -36.399955 0.194814 0.906547 -0.374460 0.446389 0.258000 0.856839 -0.873375 0.334079 0.354411
-1.868653 -13.283119 -15.822724 -29.816268 0.120954 0.919191 -0.374777 0.475785 0.277673 0.834582 -0.871206 0.279259 0.403751
-0.625956 -7.344849 -4.853653 72.373568 -0.001408 0.889071 -0.457767 0.957529 0.133188 0.255732 0.288333 -0.437965 -0.851499
-0.517541 -8.527218 -7.655383 73.192659 -0.037808 0.880079 -0.473320 0.992421 0.088489 0.085261 0.116920 -0.466509 -0.876755
-0.550921 -7.962219 2.288615 94.722896 -0.032333 0.900710 -0.433216 0.974784 0.124170 0.185413 0.220796 -0.416297 -0.882012
-0.515623 -6.992136 9.499045 25.945028 0.033742 0.914912 -0.402240 0.924961 0.123859 0.359313 0.378561 -0.384181 -0.842079
-0.511309 -7.365106 8.023174 92.873616 -0.002521 0.913906 -0.405917 0.945484 0.134369 0.296655 0.325658 -0.383040 -0.864423
-0.579774 -9.142069 -4.728592 105.122580 -0.049565 0.897011 -0.439221 0.995487 0.079998 0.051040 0.080920 -0.434709 -0.896928
2.971274 -37.882687 68.735368 199.146021 0.314044 0.873690 -0.371541 -0.657955 0.482405 0.578256 -0.684450 -0.062859 -0.726345
3.190359 -33.661466 10.816873 49.922532 0.238734 0.862313 -0.446568 -0.726606 0.463708 0.506969 -0.644243 -0.203449 -0.737265
2.864405 -42.767984 -29.776614 773.485252 0.246840 0.861632 -0.443465 0.907263 -0.366281 -0.206669 -0.340506 -0.351325 -0.872139
2.080596 -35.274710 -30.687321 333.373013 0.142075 0.854583 -0.499502 0.925531 -0.293630 -0.239112 -0.351010 -0.428332 -0.832660
1.622704 -41.293423 -93.221093 1009.801153 0.185036 0.834121 -0.519619 0.980630 -0.122157 0.153108 0.064235 -0.537884 -0.840568
0.383878 -19.557648 -30.537387 174.402471 -0.023024 0.812193 -0.582934 0.251060 0.569101 0.783003 -0.967698 0.128324 0.217012
49.745509 -416.931378 1067.730496 35597.551038 0.009198 0.722814 -0.690981 -0.688167 0.505921 0.520067 -0.725494 -0.470727 -0.502071
3085.088404 -90.779742 -274764.793859 4028.056811 -0.366190 0.271661 0.890003 0.016393 0.958172 -0.285724 -0.930396 -0.090040 -0.355326
-7.406067 -176.269688 -263.501938 3562.925759 0.098872 0.887519 -0.450039 0.782104 0.210315 0.586585 -0.615255 0.409974 0.673337
1.219762 -13.450597 -62.538344 1052.432056 0.001950 0.947291 -0.320368 0.845768 0.169370 0.505955 -0.533548 0.271944 0.800858
0.460957 -3.365337 -8.277735 -1.337576 0.493279 0.756641 -0.429150 -0.460321 -0.191554 -0.866840 0.738093 -0.625141 -0.253808
0.543336 -3.369826 -10.909519 6.997673 0.490289 0.749147 -0.445415 -0.544797 -0.135482 -0.827551 0.680303 -0.648400 -0.341708
0.259152 -3.348617 -2.121156 1.298265 0.475535 0.745949 -0.466291 -0.503642 -0.203732 -0.839546 0.721257 -0.634077 -0.278810
0.236111 -3.315849 -2.507074 -8.433618 0.488435 0.752972 -0.440982 -0.394720 -0.260052 -0.881232 0.778221 -0.604489 -0.170194
0.371677 -3.409504 -6.385898 -5.944725 0.495714 0.763896 -0.413195 -0.376540 -0.239685 -0.894857 0.782614 -0.599178 -0.168822
-1.425281 -3.839070 -5.841496 23.881103 -0.599964 0.794152 -0.096771 -0.706525 -0.582701 -0.401600 0.375320 0.172575 -0.910688
-1.420814 -3.606374 -8.823072 21.148784 -0.618420 0.774199 -0.134806 -0.713845 -0.625162 -0.315593 0.328607 0.098939 -0.939270
-1.507489 -3.672518 2.876079 16.660339 -0.612411 0.787804 -0.065708 -0.724548 -0.592592 -0.351945 0.316202 0.167926 -0.933711
-0.371730 -1.328198 -9.110473 -5.710331 -0.258756 0.932453 -0.252144 0.776641 0.045624 -0.628289 0.574346 0.358399 0.735987
-0.345240 -1.103768 -8.876241 -11.528409 -0.466095 0.881452 -0.076151 0.709638 0.321061 -0.627163 0.528365 0.346357 0.775156
-0.103888 -1.536705 -11.166487 -7.323696 -0.291143 0.932997 -0.211547 0.779394 0.103087 -0.617996 0.554781 0.344804 0.757185
0.845162 -1.964950 -21.069400 5.252160 0.525801 0.768829 -0.363915 -0.723367 0.629247 0.284233 -0.447519 -0.113794 -0.887005
0.642065 -2.196086 -20.131570 11.456698 0.475872 0.806950 -0.349825 -0.773756 0.573211 0.269688 -0.418148 -0.142342 -0.897157
1.299835 -2.046136 -33.057369 15.831462 0.505263 0.794173 -0.337638 -0.759123 0.595107 0.263778 -0.410416 -0.123031 -0.903561
-0.177431 -8.567488 -4.768358 -108.825221 0.540245 0.805029 -0.245078 0.821999 -0.567191 -0.051102 0.180144 0.173846 0.968156
-0.289933 -8.834600 -0.978714 -119.103238 -0.542262 -0.801083 0.253412 0.820580 -0.569745 -0.045160 0.180557 0.183456 0.966304
-0.347020 -10.657808 -2.361086 -90.242545 0.541744 0.802486 -0.250061 0.760788 -0.594626 -0.260043 0.357373 0.049367 0.932656
0.300621 -3.195227 42.366220 -20.004678 -0.615949 0.726065 0.305674 -0.447111 -0.641664 0.623185 -0.648613 -0.247180 -0.719864
-0.799034 -3.155979 26.074914 -21.316278 -0.536494 0.826852 0.168788 -0.564987 -0.500491 0.655972 -0.626868 -0.256562 -0.735671
-0.476744 -3.454784 29.014424 -24.380911 -0.522280 0.839531 0.149707 -0.526562 -0.455573 0.717764 -0.670787 -0.296044 -0.680002
0.806497 -3.469296 50.940296 -18.232737 -0.594013 0.748460 0.294883 -0.412052 -0.597907 0.687547 -0.690914 -0.286905 -0.663569
0.894998 -3.679159 60.506777 -9.784064 -0.561854 0.781536 0.271149 -0.368518 -0.529923 0.763790 -0.740618 -0.329215 -0.585750
2.159181 -17.850531 -11.611749 287.735461 0.472961 0.709613 -0.522262 -0.049020 -0.570639 -0.819736 0.879719 -0.413304 0.235105
2.013469 -12.974781 -4.215056 153.783575 0.454076 0.726917 -0.515176 -0.266926 -0.440674 -0.857063 0.850038 -0.526686 0.006067
1.604500 -18.172403 -17.467910 357.735538 0.499610 0.713294 -0.491529 -0.118009 -0.506088 -0.854370 0.858175 -0.484857 0.168672
2.430416 -15.658650 -8.475598 207.548855 0.400595 0.723264 -0.562505 -0.162474 -0.548116 -0.820470 0.901735 -0.420069 0.102061
2.027693 -23.098543 -14.295805 438.481093 0.497174 0.705923 -0.504471 0.204002 -0.660228 -0.722829 0.843327 -0.256459 0.472258
2.635250 -21.133186 -21.296631 266.431191 0.446695 0.712788 -0.540737 0.209071 -0.670816 -0.711544 0.869916 -0.204791 0.448673
1.764492 -5.678179 -52.921605 -84.386324 0.579675 0.770870 -0.264076 0.760998 -0.396291 0.513650 0.291306 -0.498711 -0.816350
1.780229 -7.617913 -10.513963 71.100607 0.572007 0.802289 -0.170705 0.766911 -0.449279 0.458254 0.290958 -0.393040 -0.872275
1.147178 -7.787393 -41.974260 -182.305988 0.518489 0.785754 -0.337283 0.834287 -0.378396 0.400977 0.187442 -0.489293 -0.851738
1.211390 -6.449082 -69.874173 -78.348681 0.514421 0.762406 -0.392565 0.775546 -0.218284 0.592352 0.365922 -0.609171 -0.703571
1.203912 -21.471906 6.588016 -131.308742 0.441985 -0.115479 0.889558 0.166315 0.985034 0.045238 -0.881470 0.127953 0.454576
1.420861 -25.911947 13.352199 180.645460 0.427202 -0.161526 0.889611 0.546548 0.829936 -0.111768 -0.720267 0.533963 0.442831
1.340403 -22.713552 38.441820 216.114832 0.470678 -0.172151 0.865347 0.544407 0.828482 -0.131296 -0.694322 0.532899 0.483668
0.964784 -20.820861 -31.952849 -402.969303 0.412107 -0.080428 0.907579 -0.300002 0.928575 0.218511 -0.860329 -0.362325 0.358544
0.674993 -24.391518 -19.153179 -357.878312 0.395666 -0.109004 0.911903 -0.034002 0.990512 0.133154 -0.917765 -0.083691 0.388205
-0.261405 -3.138764 19.917708 1.774234 0.543093 0.590975 -0.596489 -0.411941 0.806542 0.424021 0.731680 0.015436 0.681474
0.174813 -3.122536 28.011524 0.258009 0.535055 0.588214 -0.606399 -0.375870 0.808579 0.452683 0.756596 -0.014283 0.653726
0.483931 -3.015868 33.429237 3.541029 0.521267 0.609528 -0.597291 -0.454032 0.790704 0.410661 0.722589 0.057125 0.688913
-1.923048 -2.163504 14.909810 -18.599837 0.198044 0.916549 -0.347443 -0.005142 0.355430 0.934689 -0.980180 0.183323 -0.075104
-0.322678 -2.375648 -107.805785 -36.945570 0.025536 0.912571 0.408121 -0.138468 -0.401090 0.905513 -0.990038 0.079635 -0.116119
-2.047556 -2.792311 -60.692090 -23.342747 0.066735 0.742772 0.666210 -0.097488 -0.659650 0.745223 -0.992997 0.114680 -0.028390
-2.911212 -3.530897 -7.936785 1.239623 -0.039581 -0.574339 0.817660 0.180034 0.800810 0.571219 -0.982864 0.169816 0.071704
-2.537565 -3.176033 29.488596 -2.054683 0.158078 0.763044 -0.626717 0.142516 0.610421 0.779150 -0.977088 0.212484 0.012252
-1.194968 -6.296437 15.454913 -31.061965 0.276294 0.874765 -0.398055 0.503672 0.220950 0.835162 -0.818521 0.431239 0.379547
-0.530659 -6.195868 51.414154 -6.215988 0.401550 0.856335 -0.324727 0.517973 0.080061 0.851642 -0.755289 0.510177 0.411410
-1.249457 -5.786583 8.590394 -53.255858 0.304025 0.880266 -0.364282 0.367534 0.244402 0.897322 -0.878913 0.406694 0.249223
-0.388002 -6.169800 55.497186 35.104160 0.297533 0.851512 -0.431743 0.694900 0.116945 0.709533 -0.654666 0.511128 0.556921
-0.805287 -4.381377 -26.094537 8.220213 -0.594270 -0.618026 0.514672 -0.070994 0.677740 0.731866 -0.801126 0.398388 -0.446637
-0.084691 -4.087123 39.488891 17.013493 0.607673 0.649546 -0.456972 -0.032375 0.595178 0.802942 -0.793527 0.473132 -0.382703
0.040007 -4.231478 -35.131781 12.544439 -0.604397 -0.644275 0.468631 -0.113818 0.652021 0.749609 -0.788511 0.399723 -0.467410
-0.617197 -4.385340 -22.357729 -0.784302 -0.591831 -0.627136 0.506396 -0.177980 0.714399 0.676726 -0.786168 0.310379 -0.534420
0.134325 -4.318267 -25.448859 10.139563 -0.590519 -0.655553 0.470679 -0.202892 0.685091 0.699632 -0.781104 0.317649 -0.537565
-1.027170 -5.247131 -6.282734 -14.582120 -0.452478 -0.723096 0.521916 0.787985 -0.050165 0.613648 -0.417544 0.688924 0.592487
-0.874387 -4.927805 -2.154696 -15.686377 -0.407527 -0.729179 0.549745 0.753392 0.071741 0.653647 -0.516064 0.680553 0.520121
-1.019208 -5.303613 -3.435711 -19.407865 -0.428438 -0.745422 0.510673 0.759688 0.008820 0.650228 -0.489198 0.666535 0.562509
0.071823 -4.314715 0.084495 16.529272 0.263275 0.927265 -0.266205 0.058265 0.260153 0.963808 -0.962960 0.269257 -0.014465
0.052239 -4.496175 2.941894 18.780662 0.270418 0.919850 -0.284167 0.080935 0.272399 0.958775 -0.959335 0.282269 0.000786
0.147200 -3.952239 -0.164266 23.359283 0.265631 0.936796 -0.227715 0.171201 0.186610 0.967402 -0.948752 0.295957 0.110811
-0.038977 -4.724466 0.304835 5.510601 0.261002 0.915456 -0.306296 -0.052097 0.330189 0.942476 -0.963931 0.230031 -0.133873
0.113218 -3.979800 1.017128 18.788412 0.264247 0.937057 -0.228251 0.107726 0.206505 0.972497 -0.958420 0.281568 0.046377
-0.009931 -4.432943 0.899799 12.822938 0.263583 0.927751 -0.264202 -0.023727 0.280040 0.959695 -0.964345 0.246690 -0.095827
-2.257003 -12.061787 42.378274 34.737098 -0.652093 -0.755170 -0.067026 0.722203 -0.591854 -0.357955 0.230647 -0.281826 0.931330
-2.289709 -12.119238 -15.372503 -29.106207 0.628600 0.777706 0.005954 0.775312 -0.626025 -0.083575 0.061269 -0.057152 0.996484
-1.828748 -12.841544 8.098531 27.048326 -0.632753 -0.773655 -0.032885 0.773834 -0.630203 -0.063440 0.028356 -0.065589 0.997444
-1.767843 -12.176338 35.782923 37.005930 -0.655776 -0.749409 -0.091349 0.729061 -0.597211 -0.334379 0.196032 -0.285876 0.938001
-1.902211 -10.716913 -34.749180 61.399696 0.657894 0.747966 0.087881 0.625334 -0.477513 -0.617202 0.419681 -0.461008 0.781882
-2.386081 -11.057526 -12.027205 56.841234 0.626874 0.779080 0.008016 0.632149 -0.502580 -0.589746 0.455430 -0.374764 0.807549
-0.300906 -9.905791 10.089944 66.674457 0.403017 0.908790 -0.108070 0.831552 -0.412940 -0.371486 0.382229 -0.059849 0.922128
-0.254637 -10.023582 8.312402 67.942401 0.410086 0.905565 -0.108547 0.834781 -0.420617 -0.355277 0.367383 -0.055081 0.928437
-0.378735 -10.750298 8.480434 44.108799 0.394402 0.911710 -0.115031 0.891841 -0.409936 -0.191240 0.221510 0.027164 0.974780
-0.394717 -11.000751 -3.290102 73.118727 0.398825 0.914181 -0.072190 0.876405 -0.403145 -0.263416 0.269913 -0.041789 0.961978
-0.439126 -9.304903 -10.224452 74.838290 0.410426 0.910240 -0.054897 0.811313 -0.391979 -0.433733 0.416319 -0.133476 0.899368
0.552329 -3.541356 21.220365 1.908179 0.638612 0.637594 -0.430870 -0.450596 0.763714 0.462282 0.623810 -0.101070 0.775014
0.188905 -3.740090 12.959828 -11.579750 0.630484 0.653872 -0.418260 -0.525786 0.756169 0.389560 0.570998 -0.025697 0.820549
0.215544 -3.480144 16.421637 -5.012830 0.612014 0.669908 -0.420312 -0.495789 0.739069 0.456038 0.616143 -0.070715 0.784453
-0.190031 -3.897777 7.255233 15.531326 0.575958 0.727392 -0.373059 0.592017 -0.685839 -0.423250 0.563727 -0.022917 0.825643
0.491569 -3.380484 16.498106 -0.136499 0.615327 0.672636 -0.411014 -0.438598 0.725394 0.530505 0.654984 -0.146164 0.741372
-0.030701 -3.596319 8.634361 5.930492 0.578441 0.724139 -0.375537 0.534072 -0.684180 -0.496655 0.616582 -0.086722 0.782500
0.933780 -4.726565 73.499906 -10.791870 0.499685 0.851853 -0.157038 0.105766 -0.239939 -0.965009 0.859726 -0.465592 0.209991
-0.093388 -4.495210 15.511052 -15.355094 0.518234 0.839293 -0.164380 0.176451 -0.292996 -0.939691 0.836839 -0.457974 0.299935
-0.340528 -4.629896 7.789842 -12.663218 0.534606 0.830715 -0.155273 0.114993 -0.253529 -0.960468 0.837241 -0.495617 0.231065
-0.531673 -3.941061 -32.504756 53.146243 0.572145 0.781619 0.248439 0.395978 0.002014 -0.918258 0.718228 -0.623753 0.308352
-0.452854 -3.500429 -25.383026 -4.477877 0.598458 0.792960 0.114292 0.303686 -0.092519 -0.948270 0.741365 -0.602209 0.296179
-0.920237 -2.950715 -21.965597 0.813577 0.571241 0.802694 0.171366 0.324962 -0.029457 -0.945268 0.753713 -0.595664 0.277672
8.926097 -3.723477 244.900842 20.112451 0.688926 0.484862 -0.538785 -0.046120 0.771141 0.634991 0.723362 -0.412613 0.553622
90.939916 2.591513 2718.430622 -8.122958 0.538765 -0.139156 -0.830884 0.538299 0.815534 0.212460 0.648049 -0.561730 0.514288
10.564376 -3.885703 195.681132 -14.862021 0.807244 0.341051 -0.481707 0.043605 0.779459 0.624934 0.588605 -0.525479 0.614342
5.314832 -4.210730 107.614876 0.018189 0.737168 0.503117 -0.451063 -0.156176 0.776325 0.610678 0.657414 -0.379727 0.650857
6.478771 -4.305763 80.414226 -7.524663 0.868906 0.299677 -0.393950 -0.058673 0.852642 0.519192 0.491488 -0.428014 0.758448
20.321242 0.682081 501.533403 -64.310330 0.929910 -0.013158 -0.367551 -0.351354 0.263600 -0.898368 -0.108707 -0.964542 -0.240502
31.132845 1.271236 875.310124 -30.018648 0.933432 0.213526 -0.288292 -0.347464 0.338056 -0.874635 0.089298 -0.916583 -0.389744
13.495803 -0.078664 314.157656 -25.453077 0.810957 0.335241 -0.479544 -0.579195 0.343746 -0.739170 0.082959 -0.877185 -0.472933
28.948742 1.987605 657.680413 -82.600991 0.928226 -0.150960 -0.340010 -0.304978 0.214598 -0.927866 -0.213036 -0.964966 -0.153156
-0.180386 -8.912647 -20.179409 -120.278488 0.545855 0.786812 -0.288042 0.829975 -0.460642 0.314564 0.114818 -0.410774 -0.904478
0.354879 -10.183146 -37.044480 -124.672679 0.628205 0.736581 -0.250614 0.751517 -0.491046 0.440564 0.201448 -0.465105 -0.862030
0.643704 -7.919602 -39.596791 -126.630293 0.625389 0.733832 -0.265290 0.780265 -0.584323 0.223055 0.008669 -0.346493 -0.938013
-0.180289 -10.369278 6.885331 -53.741729 -0.421062 -0.517343 0.745026 -0.561950 0.793547 0.233442 -0.711983 -0.320373 -0.624853
-0.396954 -10.898813 11.609605 -68.930446 -0.430878 -0.504039 0.748524 -0.581239 0.789512 0.197057 -0.690293 -0.350164 -0.633151
-0.151349 -10.071056 6.368602 -44.479828 -0.416758 -0.531455 0.737474 -0.712195 0.695049 0.098409 -0.564881 -0.484213 -0.668167
-0.078824 -9.816621 -1.090611 -28.828001 -0.410679 -0.541560 0.733523 -0.703112 0.700295 0.123375 -0.580497 -0.465081 -0.668373
-0.153925 -9.798898 -7.923180 -10.735696 0.419238 0.536679 -0.732267 0.808262 -0.587963 0.031829 -0.413464 -0.605207 -0.680273
-0.099202 -9.782219 1.054536 -25.374709 0.421689 0.542380 -0.726638 0.801038 -0.598335 0.018253 -0.424873 -0.589762 -0.686778
-1.914108 -10.948807 18.990624 -91.098323 0.462811 0.690555 -0.555824 0.853039 -0.176403 0.491127 0.241101 -0.701439 -0.670712
-1.527352 -10.217793 34.882797 5.489873 0.468755 0.719535 -0.512386 0.874925 -0.298382 0.381410 0.121551 -0.627087 -0.769407
-1.142885 -10.743282 41.716830 -70.316318 0.457795 0.734901 -0.500344 0.840368 -0.174004 0.513327 0.290182 -0.655472 -0.697245
-1.472030 -11.701928 20.451208 -99.356782 0.461515 0.710425 -0.531319 0.764287 -0.014329 0.644717 0.450410 -0.703627 -0.549581
-1.139883 -5.032105 3.333672 -52.819871 0.973654 -0.026686 -0.226464 0.197228 0.597019 0.777605 -0.114453 0.801783 -0.586553
-1.069057 -4.778976 -9.925442 -43.507149 0.954620 -0.001304 -0.297822 0.239026 0.599905 0.763532 -0.177670 0.800071 -0.572993
-1.071466 -6.606402 -6.902010 -77.594648 0.946049 -0.047363 -0.320544 0.300586 0.497689 0.813606 -0.120997 0.866062 -0.485074
-1.107699 -6.874660 5.011275 -90.575141 0.960534 -0.063351 -0.270851 0.266137 0.492497 0.828624 -0.080899 0.868005 -0.489920
-0.908983 -8.425701 -3.810540 -82.726438 0.943565 -0.063614 -0.325021 0.327369 0.327767 0.886227 -0.050154 0.942615 -0.330094
16.700864 -1061.041374 -40.060356 36317.939735 -0.417155 -0.676122 0.607323 -0.031085 0.678466 0.733974 -0.908304 0.287303 -0.304043
-3.284308 -18.598461 83.507319 432.566404 0.370258 0.807251 -0.459624 0.034025 0.482672 0.875140 -0.928306 0.339666 -0.151246
-1.481289 -16.151992 19.424129 372.881161 0.383913 0.731186 -0.563895 0.184416 0.537672 0.822739 -0.904766 0.419852 -0.071577
-1.108428 -17.410162 19.475475 429.908288 0.420654 0.704917 -0.571089 0.112228 0.584224 0.803795 -0.900253 0.402212 -0.166645
-1.542047 -44.474476 4.315583 1337.030233 -0.452462 -0.628105 0.633057 -0.099143 0.740906 0.664250 -0.886255 0.237784 -0.397504
1.259605 -254.516505 139.471894 -6271.787257 0.317878 0.664067 -0.676734 0.868563 0.082258 0.488703 0.380199 -0.743134 -0.550636
2.647906 -153.125634 80.072791 -427.711815 0.243768 0.650786 -0.719066 -0.475427 -0.566047 -0.673469 0.845309 -0.506033 -0.171417
-1.394311 -268.224772 141.988993 -3707.907621 0.330346 0.682739 -0.651720 -0.313106 0.730653 0.606721 0.890413 0.003629 0.455138
2.723943 -124.134714 82.044237 -406.804851 0.242314 0.664558 -0.706857 0.969064 -0.200992 0.143235 -0.046884 -0.719698 -0.692702
-17.771555 -378.454675 393.417108 -6770.671269 0.271227 0.672532 -0.688576 -0.553239 -0.476480 -0.683296 0.787631 -0.566275 -0.242836
-5.256096 -241.185946 99.065284 -5379.101091 0.193259 0.632261 -0.750264 -0.698923 0.625384 0.346989 -0.688591 -0.457318 -0.562763
-63.040045 -237.175966 1905.685471 -18018.053721 0.146378 0.701936 -0.697036 0.909285 -0.372971 -0.184643 -0.389582 -0.606776 -0.692855
-2.946947 -5.140456 -34.811271 32.869975 0.373647 -0.855451 0.358596 0.923003 0.304579 -0.235152 0.091940 0.418849 0.903389
-2.992575 -5.281217 -26.419055 -4.948679 0.309485 -0.885188 0.347362 0.948283 0.314407 -0.043673 -0.070555 0.342914 0.936714
-3.282609 -5.225658 -6.319017 14.041191 0.369241 -0.896737 0.243977 0.927941 0.341390 -0.149594 0.050856 0.281632 0.958174
-3.200679 -4.936965 -7.106137 43.473618 0.449131 -0.865399 0.222187 0.873114 0.372336 -0.314704 0.189616 0.335338 0.922819
2.273625 -1.852738 -39.378792 -25.197296 0.353705 0.903120 -0.243448 -0.767029 0.429012 0.477091 -0.535312 -0.017982 -0.844463
2.212671 -1.441849 -30.499363 -10.352930 0.336487 0.915754 -0.219479 -0.790769 0.401334 0.462185 -0.511333 -0.018038 -0.859194
2.603380 -1.732133 -8.577920 -23.155813 0.396370 0.901987 -0.171205 -0.765091 0.427596 0.481453 -0.507471 0.059846 -0.859588
2.494681 -2.331072 -29.657132 -26.840884 0.393330 0.892285 -0.221629 -0.727188 0.449429 0.518856 -0.562574 0.042916 -0.825632
1.511700 -3.341705 -35.204003 14.827516 -0.851211 0.397470 0.342720 0.186994 0.839854 -0.509586 -0.490380 -0.369679 -0.789218
2.063414 -3.577631 -44.236550 1.877530 -0.869634 0.360405 0.337409 0.102091 0.799939 -0.591333 -0.483026 -0.479797 -0.732449
1.036454 -3.485628 -39.885014 12.126442 -0.876432 0.269952 0.398740 0.032996 0.859797 -0.509568 -0.480394 -0.433445 -0.762461
1.875443 -9.210503 3.597941 -72.532891 0.321777 0.827806 -0.459563 0.586275 0.206929 0.783238 -0.743466 0.521458 0.418737
1.809401 -10.493353 18.009363 40.312778 0.364111 0.851357 -0.377642 0.462536 0.186643 0.866732 -0.808383 0.490260 0.325824
1.204477 -10.370702 26.502784 65.197142 0.392132 0.835506 -0.384918 0.422754 0.207953 0.882063 -0.817014 0.508611 0.271668
0.880450 -9.214759 18.397620 51.243949 0.383749 0.819478 -0.425668 0.467934 0.224830 0.854686 -0.796099 0.527170 0.297183
-1.237826 -16.531026 -8.451058 433.987644 -0.042678 0.091162 0.994921 0.989611 0.140702 0.029558 -0.137292 0.985846 -0.096220
-1.012339 -10.968467 -2.614654 256.905483 -0.095609 0.024982 0.995105 0.995184 -0.019329 0.096102 0.021635 0.999501 -0.023014
0.595627 -6.606206 -14.474527 77.794744 -0.375402 -0.014182 0.926754 0.925681 0.044716 0.375652 -0.046768 0.998899 -0.003658
0.699857 -7.293656 -35.118139 78.302310 -0.354616 -0.000375 0.935012 0.925911 0.139046 0.351220 -0.130141 0.990286 -0.048961
1.504797 -5.246767 -3.191285 14.008621 -0.449539 -0.065982 0.890820 0.890711 0.042176 0.452608 -0.067435 0.996929 0.039811
-1.843272 -7.154580 -16.713724 74.720300 -0.174530 -0.091400 -0.980401 0.461314 0.872056 -0.163422 0.869901 -0.480795 -0.110036
-1.805481 -5.708534 10.639863 -52.111686 -0.009986 0.312655 -0.949814 0.407499 0.868683 0.281664 0.913151 -0.384236 -0.136082
-1.218088 -8.477227 -22.461573 23.119574 -0.049913 0.070795 -0.996241 0.399396 0.915671 0.045059 0.915419 -0.395646 -0.073979
-4.696160 -7.566043 4.373919 117.613797 -0.019841 0.997286 -0.070906 0.762144 -0.030815 -0.646673 0.647103 0.066871 0.759464
-4.253510 -6.213837 35.254689 32.976597 0.365903 0.802328 -0.471577 0.692529 -0.573239 -0.437951 0.621707 0.166333 0.765385
-3.187608 -5.450459 -10.845918 -30.612227 0.509047 0.598115 -0.618975 -0.525790 0.785435 0.326553 0.681481 0.159220 0.714306
3.300853 -6.001317 -68.528069 45.198101 0.609022 0.623558 -0.490171 0.691994 -0.115721 0.712568 0.387604 -0.773165 -0.501975
-9.581318 -76.779696 545.635165 3667.678162 0.046796 0.950545 0.307040 -0.422625 0.297351 -0.856137 0.905096 0.089699 -0.415639
-4.133093 -21.810760 176.075903 1080.921912 0.254696 0.961171 -0.106206 -0.491114 0.033958 -0.870433 0.833029 -0.273855 -0.480694
0.393130 -5.584209 -58.437889 57.150067 0.393051 0.733453 -0.554578 -0.256496 -0.491725 -0.832116 0.883018 -0.469311 0.005145
3.209055 -2.441162 89.271685 -10.356528 -0.231332 0.956141 -0.179663 0.446795 -0.059632 -0.892647 0.864210 0.286771 0.413405
3.800798 -2.192767 126.411492 -12.315136 -0.242606 0.933340 -0.264611 0.512724 -0.108194 -0.851709 0.823563 0.342302 0.452298
-0.340944 -1.784447 -19.284004 -11.925514 -0.187904 0.957266 -0.219850 0.624956 -0.056151 -0.778638 0.757708 0.283706 0.587698
-0.540499 -2.098274 -17.722813 -14.154949 -0.230266 0.957588 -0.173212 0.586791 -0.005363 -0.809721 0.776308 0.288090 0.560670
0.735830 -5.753535 24.690521 -73.854500 -0.159970 0.840044 0.518397 0.912870 -0.073930 0.401501 0.375604 0.537457 -0.755024
-0.211515 -5.594394 15.579058 -57.134470 -0.214511 0.843350 0.492692 0.906254 -0.016270 0.422420 0.364264 0.537118 -0.760800
-0.536581 -4.154078 15.612798 -29.887351 -0.195201 0.839892 0.506437 0.949875 0.033327 0.310848 0.244201 0.541729 -0.804298
-0.204999 -4.105811 5.298196 15.654088 0.371990 0.757767 -0.536108 0.798705 0.032982 0.600818 0.472963 -0.651691 -0.592963
-0.418513 -4.082829 -4.829925 13.531265 0.356088 0.753401 -0.552801 0.795458 0.066039 0.602399 0.490355 -0.654237 -0.575784
-0.412041 -4.048148 -1.667594 -10.026131 0.361139 0.754109 -0.548542 0.770257 0.090340 0.631302 0.525626 -0.650506 -0.548233
-0.205530 -3.982109 3.563018 16.378498 0.350097 0.757748 -0.550681 0.850949 -0.011535 0.525121 0.391557 -0.652445 -0.648844
0.204432 -5.755799 -5.008520 19.403300 0.235791 0.854300 -0.463222 -0.149615 0.502891 0.851302 -0.960218 0.131424 -0.246394
0.246808 -5.489920 -8.908257 19.740155 0.221870 0.873189 -0.433952 -0.031357 0.451204 0.891870 -0.974572 0.184271 -0.127489
0.068977 -5.678257 -4.595863 17.758728 0.230722 0.868236 -0.439242 -0.166653 0.480012 0.861287 -0.958642 0.125517 -0.255443
-0.058346 -5.900899 -4.557209 -2.015981 0.235028 0.851974 -0.467870 -0.313966 0.522094 0.792996 -0.919884 0.039481 -0.390197
0.200870 -10.124212 -37.437728 144.630860 0.520510 0.845349 0.120226 0.340001 -0.076040 -0.937346 0.783243 -0.528775 0.326999
0.496253 -7.199690 -23.759748 118.706415 0.488498 0.862166 0.134312 0.202251 0.037856 -0.978602 0.848801 -0.505210 0.155881
-0.163110 -8.411721 -0.475398 21.841911 0.547137 0.711616 -0.440731 0.560481 0.079606 0.824332 0.621693 -0.698044 -0.355292
-0.176351 -9.013560 1.691652 54.349035 0.534143 0.712315 -0.455300 0.665133 -0.021670 0.746410 0.521813 -0.701525 -0.485359
-0.176071 -9.851103 3.042153 59.994208 0.530245 0.717317 -0.451992 0.742392 -0.135328 0.656155 0.409504 -0.683478 -0.604288
0.589090 -6.238179 -0.954428 49.887759 0.342202 0.790855 -0.507391 -0.725266 0.565633 0.392491 -0.597400 -0.233682 -0.767141
0.581651 -5.826228 3.725319 21.094472 0.355444 0.791365 -0.497395 -0.660623 0.589154 0.465268 -0.661239 -0.163214 -0.732205
0.579434 -5.885072 1.866919 20.537016 0.348183 0.785654 -0.511387 -0.649439 0.595561 0.472796 -0.676016 -0.167495 -0.717599
0.559761 -5.852773 7.024580 -20.833480 0.366804 0.786304 -0.497174 -0.579497 0.611196 0.539095 -0.727763 -0.090369 -0.679849
0.541692 -6.441318 -3.235575 38.630577 0.334984 0.781207 -0.526784 -0.722997 0.571632 0.387959 -0.604203 -0.250903 -0.756298
0.582733 -6.034197 -4.503667 7.426674 0.323482 0.781631 -0.533303 -0.621005 0.600613 0.503605 -0.713942 -0.168277 -0.679684
0.562311 -5.921363 0.301821 -23.743900 0.348014 0.780435 -0.519429 -0.578846 0.614717 0.535780 -0.737443 -0.114211 -0.665682
-0.316209 -13.674847 -20.163369 -18.060334 0.121055 0.910323 -0.395799 -0.208998 0.413167 0.886348 -0.970394 0.024576 -0.240272
-0.081900 -13.542277 -2.419456 43.492713 0.144196 0.910717 -0.387043 -0.055878 0.398001 0.915682 -0.987970 0.110410 -0.108279
-0.545132 -12.670011 -16.452457 76.337124 0.139987 0.906460 -0.398414 0.139043 0.380392 0.914313 -0.980342 0.183389 0.072787
-0.091202 -12.272955 -6.445612 128.343819 0.138409 0.904106 -0.404272 0.257355 0.361345 0.896213 -0.956353 0.228086 0.182662
-0.830199 -13.477328 -20.773005 21.141331 0.150327 0.906717 -0.394038 -0.094210 0.409892 0.907256 -0.984137 0.099263 -0.147039
-0.423990 -10.950223 -9.590003 136.341375 0.149478 0.901435 -0.406290 0.399328 0.320868 0.858825 -0.904540 0.290619 0.312006
-0.836137 -11.216434 -23.420330 153.177114 0.142017 0.911100 -0.386946 0.425412 0.296789 0.854951 -0.893787 0.286029 0.345444
-1.117247 -12.935629 -21.225511 75.617653 0.160012 0.909146 -0.384511 0.124441 0.367844 0.921523 -0.979240 0.195303 0.054275
1.542009 -6.262965 -9.825424 -54.783784 -0.473193 -0.872714 0.120246 0.864702 -0.434012 0.252834 -0.168464 0.223616 0.960008
-0.190175 -4.020199 -10.206242 15.193174 0.392390 0.856304 -0.335817 -0.431166 -0.151260 -0.889503 0.812481 -0.493825 -0.309857
-0.105250 -3.667542 7.895005 16.840862 0.390564 0.875774 -0.283690 -0.493064 -0.061230 -0.867836 0.777398 -0.478823 -0.407898
-0.061854 -3.289723 5.869472 8.579028 0.392527 0.872469 -0.291067 -0.555384 -0.027410 -0.831142 0.733124 -0.487900 -0.473797
-0.038088 -8.591097 -9.548067 -26.047712 0.268652 0.873978 -0.404954 -0.280813 0.473210 0.834995 -0.921396 0.110607 -0.372554
0.167426 -8.971073 0.283953 -7.960932 0.268932 0.878727 -0.394353 -0.172116 0.446692 0.877976 -0.947656 0.168241 -0.271373
0.019532 -8.873825 -6.294292 -15.481049 0.269787 0.881820 -0.386792 -0.083184 0.421528 0.902992 -0.959320 0.211440 -0.187076
-0.387244 -9.012314 -27.572998 -9.424422 0.252797 0.882349 -0.396930 -0.108558 0.433532 0.894575 -0.961410 0.183056 -0.205382
-2.106210 -11.366631 -38.929877 63.162426 0.025416 0.893999 -0.447347 -0.604459 0.370165 0.705413 -0.796231 -0.252474 -0.549794
-1.397931 -11.819517 -33.731020 64.046851 -0.010686 0.885431 -0.464648 -0.666031 0.340294 0.663779 -0.745848 -0.316563 -0.586088
-2.336278 -11.672749 -27.983451 76.395940 0.070953 0.901502 -0.426919 -0.453056 0.410429 0.791384 -0.888654 -0.137267 -0.437553
-1.611666 -12.840764 35.958157 -35.015146 0.287832 0.884134 -0.368048 0.423323 0.227268 0.877010 -0.859040 0.408234 0.308860
-1.994056 -11.977343 11.160715 -73.690911 0.211220 0.895012 -0.392862 0.198225 0.354355 0.913860 -0.957128 0.270900 0.102567
3.966918 -32.297430 36.614737 337.168861 0.224642 0.863591 -0.451382 -0.399893 0.504120 0.765473 -0.888607 -0.008547 -0.458590
3.471230 -36.369973 -47.454800 249.432459 0.127311 0.844866 -0.519609 -0.625388 0.474991 0.619091 -0.769858 -0.246140 -0.588841
5.832921 -104.266068 75.103542 -7540.614002 0.210913 0.764723 -0.608863 0.975347 -0.206006 0.079124 -0.064922 -0.610541 -0.789319
-0.869385 -30.992284 -66.228673 -1081.156288 0.135050 0.715663 -0.685264 0.966297 0.057846 0.250848 0.219162 -0.696046 -0.683731
0.295326 -3.360908 -5.203912 2.879402 0.472079 0.738649 -0.481184 -0.576180 -0.154582 -0.802571 0.667201 -0.656126 -0.352620
0.577717 -3.337893 -13.835609 -1.219796 0.488951 0.740497 -0.461076 0.603275 0.094731 0.791887 0.630068 -0.665350 -0.400405
-1.529811 -3.427833 1.536180 4.204080 -0.635221 0.768130 -0.080435 -0.725523 -0.629184 -0.278825 0.264783 0.118758 -0.956967
-0.494822 -0.876800 2.613401 -0.707931 0.736815 -0.642595 -0.210181 0.415072 0.675330 -0.609627 0.533684 0.361942 0.764316
-0.171671 -0.815799 0.685680 -8.559041 0.780832 -0.559083 -0.278797 0.361910 0.768549 -0.527593 0.509237 0.311062 0.802445
-0.252245 -6.120426 2.033709 -101.291110 -0.529828 -0.810107 0.251017 0.848101 -0.507071 0.153637 0.002821 0.294289 0.955712
-0.292071 -6.463306 -0.315530 -102.067555 -0.529330 -0.809931 0.252627 0.848342 -0.509215 0.144969 0.011227 0.291051 0.956642
-0.577834 -2.887824 29.173122 -10.232794 -0.594988 0.762760 0.253349 -0.528611 -0.608817 0.591533 -0.605441 -0.218032 -0.765443
-1.485460 -2.925596 17.386004 -5.179193 -0.444390 0.893699 0.061799 -0.669918 -0.377330 0.639400 -0.594750 -0.242742 -0.766387
1.993124 -11.636287 1.078106 91.865120 0.414327 0.750318 -0.515126 -0.332895 -0.401836 -0.853058 0.847062 -0.524928 -0.083285
0.895503 -3.091792 42.587403 -1.547443 0.515218 0.616313 -0.595574 -0.417316 0.787363 0.453770 0.748598 0.014752 0.662861
3.983746 -4.459939 -27.786279 19.636276 0.211656 0.895731 0.390983 0.050798 -0.409588 0.910855 -0.976023 0.172927 0.132193
2.119200 -3.710164 -134.632325 15.372292 -0.003878 0.854260 0.519831 0.047796 -0.519082 0.853387 -0.998850 -0.028155 0.038817
1.766547 -3.466594 -100.040035 -15.347872 0.045665 0.917746 0.394534 -0.082161 -0.390157 0.917075 -0.995572 0.074294 -0.057586
4.900611 -3.932291 -110.312817 12.723645 0.080998 0.837436 0.540499 0.115287 -0.546513 0.829477 -0.990024 0.004874 0.140812
2.816473 -4.073461 -28.295986 9.001678 0.211280 0.934584 0.286206 -0.071248 -0.277311 0.958135 -0.974825 0.222827 -0.007997
4.226905 -5.361248 -0.179493 22.649635 0.326310 0.913961 0.241242 -0.015179 -0.250112 0.968098 -0.945141 0.319561 0.067741
5.948453 -4.611305 -8.049969 24.205662 0.286193 0.863284 0.415733 0.162392 -0.471306 0.866891 -0.944311 0.180586 0.275075
5.458582 -6.079346 11.347456 41.240665 0.420025 0.876055 0.236869 0.098269 -0.303380 0.947789 -0.902176 0.374818 0.213516
0.729324 -6.369388 96.755209 38.880491 0.420169 0.836776 -0.351090 0.660018 -0.016282 0.751073 -0.622764 0.547303 0.559129
-1.920417 -3.883899 -15.436558 7.853996 0.431023 0.810752 -0.396107 0.475638 0.168902 0.863273 -0.766803 0.560494 0.312824
