18181
36347
-4.845985 -7.404578 -47.846686 -88.594923 0.382888 0.892456 0.238577 -0.462862 -0.038166 0.885608 -0.799472 0.449517 -0.398471
-7.651453 -9.747499 -79.606762 -144.443646 0.503563 0.804970 -0.313764 -0.051681 0.390586 0.919115 -0.862411 0.446617 -0.238286
-7.107855 -8.964674 -83.621202 -254.054334 0.582857 0.723418 -0.370058 -0.102548 0.517260 0.849662 -0.806078 0.457283 -0.375674
-5.379946 -8.373750 2.542047 -78.616953 0.352978 0.907729 0.226791 -0.347188 -0.098012 0.932660 -0.868831 0.407948 -0.280556
-5.272529 -6.530648 -48.633520 -144.746777 0.578942 0.807844 -0.110522 -0.338148 0.361224 0.869007 -0.741945 0.465732 -0.482298
-3.514564 -5.818179 9.070475 -73.627060 0.223123 0.857250 0.464047 -0.637983 -0.231507 0.734426 -0.737017 0.459921 -0.495256
-3.833891 -6.922605 45.353194 -69.718714 0.257623 0.882348 0.393817 -0.523585 -0.215070 0.824380 -0.812089 0.418576 -0.406578
6.356706 -11.033580 -75.953945 8.114862 -0.740505 -0.546854 0.390644 -0.588574 0.808289 0.015804 -0.324396 -0.218220 -0.920406
5.342499 -10.884358 -61.760976 -39.965515 -0.756061 -0.578280 0.306534 -0.588741 0.805501 0.067467 -0.285928 -0.129460 -0.949466
6.412573 -11.640009 -98.378511 21.250890 -0.741606 -0.544937 0.391235 -0.522773 0.834938 0.172012 -0.420393 -0.076962 -0.904072
7.692490 -12.212484 -76.682074 106.734655 -0.688502 -0.514735 0.510895 -0.569212 0.820061 0.059132 -0.449403 -0.250095 -0.857607
3.560193 -1.299618 -252.217984 -34.497686 -0.193686 0.818894 0.540277 -0.870924 -0.397040 0.289570 -0.451639 0.414454 -0.790095
1.488572 -1.245027 -90.146732 24.411883 -0.394352 0.618923 0.679279 0.785871 0.610280 -0.099821 -0.476332 0.494461 -0.727060
0.875368 -1.526204 -91.161895 -82.029740 0.002451 0.887606 0.460598 -0.887156 -0.210620 0.410601 -0.461463 0.409629 -0.786928
0.896622 -2.144787 -169.135407 -112.315617 0.094367 0.924714 0.368780 -0.886790 -0.090270 0.453271 -0.452435 0.369805 -0.811509
0.316936 -3.434963 -78.555973 -114.632038 0.368721 0.904022 0.216308 -0.767362 0.164704 0.619700 -0.524596 0.394483 -0.754442
-0.713799 -3.267371 13.375940 -38.706798 0.019138 0.737702 -0.674856 -0.216126 0.662073 0.717599 -0.976178 -0.132120 -0.172107
-0.808662 -3.375086 14.987813 -27.491772 -0.003344 0.773552 -0.633724 -0.212776 0.618665 0.756294 -0.977095 -0.137370 -0.162524
-0.691710 -3.418523 30.758506 10.557308 0.006134 0.777152 -0.629283 -0.126553 0.624839 0.770429 -0.991941 -0.074912 -0.102184
-0.466842 -3.610464 37.677872 -8.992728 0.012972 0.781578 -0.623673 -0.150616 0.618136 0.771506 -0.988507 -0.083927 -0.125736
-0.438283 -3.445827 27.872437 31.734408 0.017010 0.799417 -0.600536 -0.095470 0.599177 0.794904 -0.995287 -0.043812 -0.086512
-0.458311 -3.268043 41.991093 44.973146 0.012421 0.804441 -0.593903 -0.046164 0.593777 0.803305 -0.998857 -0.017439 -0.044511
-0.861020 -3.326844 50.033853 29.485508 0.010355 0.777908 -0.628293 -0.056321 0.627783 0.776348 -0.998359 -0.027347 -0.050313
-0.482835 -3.283293 -3.671472 29.506702 -0.713152 -0.112730 -0.691886 0.245699 0.884181 -0.397312 0.656541 -0.453339 -0.602858
-1.431080 -3.610070 12.424676 34.874077 -0.586204 0.176726 -0.790654 0.498549 0.847946 -0.180100 0.638603 -0.499755 -0.585176
-0.822629 -3.389156 -15.222103 20.754579 -0.564363 0.213630 -0.797406 0.495831 0.860016 -0.120520 0.660035 -0.463395 -0.591286
0.146576 -3.097919 -52.874847 11.115519 -0.638141 0.041072 -0.768823 0.343562 0.908834 -0.236612 0.689015 -0.415130 -0.594075
0.355411 -3.123052 1.011815 14.995243 -0.715678 -0.135967 -0.685068 0.196727 0.901910 -0.384521 0.670151 -0.409965 -0.618729
-0.723892 -3.680975 41.556998 59.319987 -0.767336 -0.366865 -0.525933 0.003123 0.818026 -0.575172 0.641238 -0.442993 -0.626555
-0.195707 -5.071647 12.908052 10.419373 0.197092 0.980271 -0.014978 -0.948257 0.194490 0.250963 -0.248925 0.035260 -0.967881
-0.001903 -4.512033 14.634197 1.884719 0.200311 0.979626 -0.014444 -0.963262 0.199614 0.179668 -0.178891 0.022077 -0.983621
-0.450884 -5.107899 -7.782352 -10.905591 0.140931 0.989743 -0.023382 -0.956204 0.142200 0.255837 -0.256538 0.013697 -0.966437
2.375873 -7.722791 -96.043756 54.174482 0.033364 0.996175 0.080758 -0.100686 0.083742 -0.991388 0.994359 -0.024945 -0.103095
2.487676 -7.897847 -101.656862 140.606712 0.022563 0.995558 0.091407 -0.026215 0.091988 -0.995415 0.999402 -0.020063 -0.028174
3.370570 -7.361930 -38.149140 71.596769 -0.064151 0.992033 0.108422 -0.053753 0.105053 -0.993013 0.996491 0.069531 -0.046585
3.031306 -7.157292 -2.076040 -101.729165 -0.066634 0.990791 0.117872 -0.094900 0.111306 -0.989245 0.993254 0.077103 -0.086609
3.955682 -6.808202 28.936640 -68.612619 -0.134744 0.979994 0.146477 -0.040846 0.142206 -0.988994 0.990038 0.139244 -0.020867
4.512775 -7.078397 -35.889440 103.419180 -0.156578 0.980699 0.117099 -0.010578 0.116890 -0.993089 0.987609 0.156735 0.007929
0.256980 -6.488362 -35.134551 -38.102102 -0.087039 -0.984270 0.153742 0.992150 -0.099557 -0.075675 0.089790 0.145949 0.985209
-0.224628 -6.705783 -54.558069 -39.660025 -0.139594 -0.974662 0.174778 0.985035 -0.154704 -0.075977 0.101090 0.161556 0.981672
-0.057694 -6.892564 59.411518 -27.550298 0.099069 0.981648 -0.162952 0.973212 -0.129727 -0.189814 0.207470 0.139782 0.968203
0.493578 -6.827811 23.688822 -34.420385 0.086778 0.986259 -0.140577 0.980758 -0.109347 -0.161732 0.174881 0.123838 0.976771
0.091551 -7.008296 38.325944 -1.974043 0.087141 0.984887 -0.149680 0.942254 -0.130259 -0.308530 0.323364 0.114151 0.939364
-0.406195 -6.832692 30.356009 4.389712 0.107443 0.983458 -0.145827 0.936050 -0.149495 -0.318531 0.335062 0.102277 0.936628
-0.060129 -4.707825 -14.911705 91.829780 0.384506 0.922073 0.044006 -0.673050 0.247399 0.696991 -0.631790 0.297616 -0.715728
-0.340031 -4.867280 -12.926882 -33.469785 0.314785 0.939854 0.132609 -0.688003 0.129686 0.714027 -0.653883 0.316000 -0.687445
-0.445373 -4.361902 -5.960166 104.420780 0.451555 0.892243 0.000421 -0.640044 0.323590 0.696874 -0.621644 0.314946 -0.717194
-0.138191 -6.259329 -23.551237 173.731473 0.468047 0.882052 -0.054001 -0.654140 0.386899 0.649931 -0.594166 0.268874 -0.758072
-3.777422 -5.523790 -19.192174 255.797841 0.911594 -0.025702 -0.410288 0.029717 0.999553 0.003411 0.410017 -0.015302 0.911950
7.144626 -9.125705 -386.271301 -149.421179 0.045437 0.998600 0.027097 0.875272 -0.026722 -0.482892 0.481491 -0.045659 0.875261
-1.332115 -4.559550 38.869919 -42.647304 0.086899 0.996176 -0.009047 0.902613 -0.082574 -0.422460 0.421591 -0.028545 0.906337
-1.353272 -4.790536 47.868212 20.478705 0.292980 0.949558 -0.111815 0.878798 -0.313510 -0.359758 0.376666 -0.007139 0.926322
-1.366357 -4.741844 60.806902 47.132503 0.482753 0.853617 -0.195675 0.800810 -0.520718 -0.295901 0.354477 0.013851 0.934962
0.572784 -11.447053 42.474179 -6.925907 0.357407 0.933207 0.037217 0.519625 -0.231806 0.822348 -0.776048 0.274574 0.567767
0.213457 -10.836469 16.621812 44.817469 0.333617 0.942656 0.009931 0.712532 -0.259043 0.652069 -0.617250 0.210465 0.758094
0.533449 -11.423128 4.914633 12.150254 0.319361 0.947457 0.018278 0.630700 -0.226908 0.742112 -0.707266 0.225474 0.670027
0.743008 -11.616351 32.480986 -46.169722 0.356123 0.933458 0.042808 0.420013 -0.200826 0.885019 -0.834725 0.297196 0.463583
0.989869 -11.239162 39.257724 -34.400153 0.373231 0.924995 0.071288 0.308745 -0.196302 0.930668 -0.874857 0.325344 0.358854
2.876636 -2.178721 -57.474012 97.468479 0.344463 0.829375 0.439866 0.161251 -0.513847 0.842591 -0.924848 0.219313 0.310739
2.846672 -3.397126 -66.435996 27.705579 0.315739 0.868932 0.381138 0.107328 -0.431815 0.895554 -0.942756 0.241855 0.229602
3.389702 -3.144875 7.876884 51.890442 0.416708 0.808880 0.414810 0.113411 -0.499011 0.859143 -0.901938 0.310967 0.299677
1.701188 -2.189607 -94.470463 70.562049 0.265805 0.881852 0.389468 0.166078 -0.439849 0.882582 -0.949614 0.169913 0.263370
3.146673 -1.607404 5.334856 128.393610 0.440121 0.745543 0.500459 0.159392 -0.613357 0.773555 -0.883679 0.260689 0.388785
2.045259 -1.182020 -83.887234 92.785221 0.293204 0.851926 0.433881 0.190251 -0.496742 0.846789 -0.936929 0.165736 0.307726
2.640042 -0.660746 -57.828222 124.531309 0.344592 0.790021 0.507073 0.170740 -0.583891 0.793674 -0.923095 0.186916 0.336092
-0.204563 -20.641896 15.324030 315.108848 0.369769 0.925456 -0.082477 0.751620 -0.245762 0.612101 -0.546203 0.288328 0.786467
0.152693 -22.073497 -6.916944 204.672147 0.331218 0.939225 -0.090282 0.627682 -0.147885 0.764294 -0.704493 0.309817 0.638517
0.283110 -22.500609 -1.647361 11.494325 0.358114 0.930304 -0.079300 0.527518 -0.131521 0.839302 -0.770376 0.342398 0.537851
-2.727283 -10.542342 10.017436 -8.641515 0.575188 0.816622 -0.047818 -0.472258 0.283768 -0.834534 0.667930 -0.502597 -0.548877
-2.703975 -11.099567 -9.563308 -30.407115 0.562731 0.826412 -0.019417 -0.424147 0.268494 -0.864876 0.709531 -0.494928 -0.501610
-2.643408 -10.618389 6.708553 -35.146235 0.579191 0.813775 -0.048043 -0.393773 0.227685 -0.890563 0.713779 -0.534724 -0.452316
-2.400137 -11.110630 9.107443 -27.905743 0.596879 0.797913 -0.084088 -0.486557 0.276638 -0.828694 0.637963 -0.535543 -0.553350
4.330566 -8.258539 -72.849295 -150.946778 -0.163096 0.982239 0.092772 -0.176022 0.063554 -0.982333 0.970781 0.176545 -0.162530
4.333874 -7.319345 -66.003265 -84.153826 -0.210200 0.973727 0.087592 -0.115633 0.064203 -0.991215 0.970796 0.218481 -0.099099
3.769647 -7.661444 -43.184624 -140.424011 -0.237945 0.967689 0.083429 -0.169478 0.043213 -0.984586 0.956378 0.248417 -0.153719
4.130318 -7.610028 -85.159401 -122.645723 -0.133407 0.985838 0.101612 -0.152557 0.080879 -0.984980 0.979249 0.146905 -0.139607
3.744459 -7.740607 -13.167664 20.490785 -0.138461 0.985497 0.098104 -0.305960 0.051647 -0.950642 0.941922 0.161643 -0.294372
0.647395 -10.775506 -70.497127 143.514550 -0.141708 0.982450 -0.121292 0.483001 0.175575 0.857836 -0.864077 -0.062978 0.499405
1.593347 -9.952632 -75.841523 -119.471402 -0.153126 0.970066 -0.188481 0.560416 0.242338 0.791963 -0.813933 -0.015643 0.580749
0.303620 -9.430532 -61.991244 4.634450 -0.151088 0.978706 -0.138952 0.544072 0.199691 0.814929 -0.825323 -0.047526 0.562657
-0.265560 -11.999406 11.450037 382.289856 0.255585 0.965251 -0.054473 -0.800440 0.179674 -0.571851 0.542192 -0.189759 -0.818547
-0.904114 -16.616265 -44.357528 384.740718 0.241845 0.966791 -0.082620 -0.711809 0.118903 -0.692236 0.659424 -0.226223 -0.716926
-0.425469 -12.370217 23.283093 237.798039 0.210753 0.975290 -0.066271 -0.820173 0.139532 -0.554840 0.531883 -0.171288 -0.829314
-0.443619 -8.720627 47.810458 120.853889 0.188855 0.979202 -0.074147 -0.853056 0.126185 -0.506332 0.486445 -0.158875 -0.859145
-2.486923 -4.708298 22.789680 32.118421 0.645015 0.764164 0.003051 -0.726807 0.614706 -0.306412 0.236025 -0.195423 -0.951894
-2.204135 -5.100774 -35.216368 -15.404828 0.604404 0.793187 -0.074503 0.755712 -0.541210 0.368770 0.252181 -0.279189 -0.926530
-2.393243 -4.642474 14.056715 6.748088 0.573266 0.818811 -0.030239 -0.791994 0.544276 -0.276604 0.210028 -0.182517 -0.960508
-2.062879 -4.329197 47.525785 27.217338 0.600760 0.798439 0.039789 -0.767433 0.589940 -0.251033 0.223907 -0.120275 -0.967160
-4.054143 -7.797992 36.820930 26.185218 0.554063 0.826749 -0.097470 0.806350 -0.503882 0.309680 0.206914 -0.250177 -0.945832
-4.012959 -8.189056 11.001850 38.701742 0.549178 0.820349 -0.159470 0.826772 -0.505496 0.246823 0.121870 -0.267395 -0.955849
-3.962467 -8.624985 46.186706 25.941685 0.503054 0.859116 -0.094107 0.857025 -0.481824 0.182633 0.111560 -0.172527 -0.978667
-14.227009 -653.826286 -960.175947 35514.884774 -0.476193 0.876929 0.065083 0.833432 0.473697 -0.284608 0.280411 0.081286 0.956432
-7.174728 -223.489018 127.050010 11052.738676 0.483431 -0.850985 -0.205228 0.849196 0.398985 0.345944 -0.212510 -0.341519 0.915535
-8.569441 -102.458436 118.117341 4486.515683 -0.566735 0.806573 0.168084 0.791550 0.589637 -0.160551 0.228604 -0.042057 0.972611
-6.540240 -85.503485 -150.336109 4202.202396 0.762926 -0.618722 -0.187423 0.455608 0.720258 -0.523115 0.458656 0.313706 0.831398
-7.026531 -107.990655 0.772539 5532.944002 -0.665821 0.718679 0.200455 0.521301 0.640309 -0.564136 0.533786 0.271117 0.800979
2.992708 -5.090777 13.971944 6.281184 0.371544 0.927751 0.035112 -0.711352 0.308776 -0.631375 0.596601 -0.209607 -0.774682
2.578848 -4.920638 30.715132 0.143908 0.385921 0.914839 0.118886 -0.671013 0.366800 -0.644359 0.633093 -0.168897 -0.755425
3.138454 -5.056148 29.430927 -8.926173 0.395740 0.911734 0.110144 -0.723728 0.383449 -0.573746 0.565338 -0.147340 -0.811593
3.583815 -5.014572 20.037322 3.708390 0.389324 0.920113 0.042650 -0.741245 0.340455 -0.578486 0.546793 -0.193604 -0.814576
3.501353 -2.468814 1.770368 8.167664 -0.219225 0.088986 -0.971608 0.766402 0.631976 -0.115044 0.603795 -0.769862 -0.206744
3.821070 -2.281470 27.166533 -7.226939 -0.268572 0.092958 -0.958764 0.739441 0.657780 -0.143359 0.617330 -0.747451 -0.245399
3.273627 -2.388666 73.335013 -5.214265 -0.330139 0.110506 -0.937441 0.738667 0.648561 -0.183684 0.587690 -0.753098 -0.295743
2.911299 -2.437462 71.784599 25.308814 -0.325343 0.107553 -0.939459 0.751281 0.632717 -0.187739 0.574220 -0.766877 -0.286653
-1.298571 -5.473856 -28.735551 -15.933470 0.647738 0.761701 -0.015692 -0.577960 0.477860 -0.661522 0.496384 -0.437563 -0.749761
-0.367504 -5.302625 -63.914988 -18.451537 0.622365 0.779849 -0.067056 -0.564675 0.388010 -0.728417 0.542037 -0.491206 -0.681845
-0.088603 -5.433560 -86.758836 -9.203936 0.612176 0.784447 -0.099417 -0.623629 0.401684 -0.670624 0.486135 -0.472540 -0.735105
-0.087441 -5.390012 -7.268275 -45.612575 0.101548 0.978538 0.179309 0.991128 -0.115049 0.066553 0.085754 0.170960 -0.981539
-0.201861 -5.816615 6.056008 17.163716 0.137862 0.970947 0.195590 0.989843 -0.141986 0.007152 0.034715 0.192618 -0.980660
-0.049933 -5.341116 18.554293 -42.746948 0.129744 0.970840 0.201586 0.986844 -0.146211 0.069004 0.096466 0.189982 -0.977037
-1.083192 -5.206780 -36.506406 6.616850 0.234228 0.971753 -0.028861 -0.953210 0.235392 0.189685 -0.191121 0.016919 -0.981421
-1.095819 -5.300326 -5.539251 12.366001 0.274656 0.961530 -0.004812 -0.946147 0.271148 0.176874 -0.171374 0.044027 -0.984222
-0.927499 -4.496874 -37.232295 -17.655251 0.215885 0.975720 -0.036930 -0.969408 0.218706 0.111428 -0.116800 -0.011745 -0.993086
-5.054484 -7.620835 -61.918842 31.351836 0.562857 -0.648259 -0.512788 0.584113 -0.126983 0.801678 -0.584810 -0.750756 0.307184
-4.032999 -7.737243 -12.615288 20.608513 0.544077 -0.675056 -0.498276 0.592141 -0.111804 0.798040 -0.594431 -0.729246 0.338899
-5.177013 -8.169719 -65.054617 -24.070767 0.559443 -0.656977 -0.505376 -0.507319 0.210768 -0.835586 -0.655478 -0.723850 0.215384
-5.970655 -8.046836 -117.262622 -38.347865 0.607117 -0.624648 -0.491145 -0.551219 0.114122 -0.826519 -0.572334 -0.772522 0.275032
-1.928414 -37.096417 -26.032728 -1677.645076 0.767755 -0.510340 -0.387435 -0.096082 0.506130 -0.857088 -0.633499 -0.695259 -0.339549
-6.748431 -47.118385 160.756360 -1985.903527 0.757372 -0.479865 -0.442851 -0.192603 0.483856 -0.853691 -0.623932 -0.731856 -0.274036
-11.113543 -197.230784 -253.082490 -9012.049452 -0.825058 0.435651 0.359844 0.115388 0.753320 -0.647453 -0.553141 -0.492664 -0.671801
-4.380771 -156.689760 2.969891 -7072.143778 -0.820105 0.432403 0.374773 0.106761 0.759079 -0.642185 -0.562165 -0.486648 -0.668688
-31.583456 -40.365302 555.670419 -1008.246591 -0.247453 0.740962 0.624293 0.421165 0.662534 -0.619410 0.872575 -0.109656 0.476014
-28.830787 -35.299730 -156.122316 95.734008 -0.082826 0.932700 0.351013 0.036472 0.354825 -0.934221 0.995896 0.064576 0.063406
-22.528619 -32.419096 -465.161982 39.081643 0.402152 -0.639463 -0.655257 0.012909 0.719568 -0.694302 0.915482 0.270756 0.297630
-19.588984 -34.763860 -557.060651 -693.667277 0.599923 -0.512498 -0.614360 0.175605 0.833519 -0.523841 0.780548 0.206380 0.590045
-21.474304 -41.806908 -515.603788 -1496.757671 0.553481 -0.551806 -0.623834 0.539755 0.808092 -0.235905 0.634289 -0.206148 0.745104
-1.224861 -8.384013 -7.070909 -3.561383 0.041348 0.993256 0.108317 -0.275074 -0.092903 0.956924 -0.960533 0.069362 -0.269378
-1.217566 -7.135332 7.904248 -2.060199 0.062220 0.996801 0.050170 -0.141453 -0.040953 0.989098 -0.987988 0.068638 -0.138452
-1.105919 -8.582235 1.312540 -13.157932 0.074049 0.993313 0.088581 -0.293284 -0.063205 0.953934 -0.953153 0.096617 -0.286643
-0.732174 -8.751938 11.989389 -40.292310 0.096895 0.990620 0.096347 -0.323364 -0.060218 0.944357 -0.941301 0.122659 -0.314496
-0.818669 -8.208860 18.495508 36.943937 0.098364 0.989583 0.105119 -0.383060 -0.059842 0.921783 -0.918471 0.130937 -0.373183
2.338822 -2.533946 329.591703 -144.875756 -0.464748 0.723704 -0.510158 0.778203 0.608697 0.154557 -0.422385 0.325177 0.846080
4.264803 -1.324984 -150.059667 -122.506863 -0.118861 0.943206 -0.310218 0.894740 0.237203 0.378386 -0.430480 0.232589 0.872118
2.100312 -3.649812 -152.081636 -294.768866 0.167525 0.945248 -0.280073 0.888823 -0.021902 0.457727 -0.426532 0.325616 0.843827
-0.681095 -5.469853 -58.558355 -298.020104 0.099290 0.940715 -0.324341 0.926749 0.031262 0.374378 -0.362322 0.337755 0.868703
3.791903 -8.018202 47.530902 0.578324 0.601801 0.778762 -0.177103 0.280225 -0.413555 -0.866283 0.747870 -0.471701 0.467106
5.125434 -8.872113 58.381281 45.300699 0.690873 0.703937 -0.164827 0.275540 -0.467148 -0.840149 0.668411 -0.535020 0.516702
3.855358 -8.795998 79.956977 205.516189 0.616231 0.752882 -0.231145 0.288649 -0.488977 -0.823154 0.732762 -0.440533 0.518642
-5.071983 -7.768780 -27.345655 8.586515 0.723714 0.646964 -0.240159 -0.390803 0.097394 -0.915307 0.568780 -0.756275 -0.323321
-4.865844 -7.646950 0.339605 -0.630483 0.658195 0.724799 -0.203583 -0.408088 0.116245 -0.905512 0.632648 -0.679083 -0.372294
-4.981126 -7.830982 -10.658848 20.122506 0.692750 0.681374 -0.236276 -0.342923 0.023009 -0.939082 0.634429 -0.731574 -0.249599
-4.260266 -10.724267 17.785887 -30.426536 0.573014 0.755839 0.316800 0.629843 -0.653469 0.419853 -0.524360 0.041047 0.850507
-3.868491 -10.763421 41.774797 -30.876950 0.597157 0.761247 0.252798 0.617593 -0.637455 0.460685 -0.511843 0.118975 0.850801
-4.175723 -9.582432 21.755095 -89.145760 0.604565 0.717334 0.346313 0.497521 -0.679580 0.539115 -0.622073 0.153632 0.767739
-4.681743 -9.966235 6.739161 -78.280525 0.553131 0.732779 0.396334 0.557037 -0.679063 0.478103 -0.619480 0.043681 0.783797
2.069398 -6.212587 -53.232331 30.951162 0.273570 0.961651 -0.019651 -0.117525 0.013142 -0.992983 0.954645 -0.273959 -0.116613
2.203873 -6.176869 -27.343227 -31.653138 0.218492 0.975190 -0.035565 0.043038 -0.046040 -0.998012 0.974889 -0.216527 0.052030
2.923221 -5.851613 -37.535116 41.793271 0.190717 0.980710 0.042842 -0.069040 0.056935 -0.995988 0.979214 -0.186994 -0.078566
1.535892 -6.430539 -49.275634 -32.983607 0.295988 0.951749 -0.081020 0.040203 -0.097159 -0.994457 0.954345 -0.291090 0.067021
3.148306 -6.049154 -56.492305 98.430433 0.226120 0.973874 0.020959 -0.192304 0.065722 -0.979132 0.954929 -0.217371 -0.202141
1.393657 -6.464176 -57.566629 21.144143 0.302639 0.950032 -0.076475 -0.077087 -0.055577 -0.995474 0.949983 -0.307165 -0.056416
1.379140 -6.797289 -35.758279 81.033154 0.294868 0.954782 -0.038010 -0.178398 0.015929 -0.983830 0.938737 -0.296881 -0.175028
2.345616 -6.818496 -64.745106 -19.753748 0.268145 0.963366 0.004946 -0.205437 0.062196 -0.976692 0.941219 -0.260879 -0.214588
1.591662 -6.989348 -51.630089 -4.819036 0.294655 0.955264 -0.025489 -0.212601 0.039526 -0.976339 0.931654 -0.293102 -0.214736
-1.660935 -3.944111 63.233272 54.320500 0.667518 0.736289 0.110904 0.559029 -0.593957 0.578534 -0.491840 0.324183 0.808083
-1.961285 -3.886746 -15.378051 67.159352 0.553985 0.828970 0.076867 0.652507 -0.489682 0.578313 -0.517045 0.270220 0.812185
-1.580647 -2.879716 8.539640 62.928361 0.675452 0.720512 0.156928 0.566146 -0.643061 0.515704 -0.472485 0.259489 0.842272
-0.617495 -5.215321 5.609250 -41.838452 0.269252 0.947099 -0.174663 0.797626 -0.320937 -0.510678 0.539719 0.001814 0.841843
-0.571614 -5.127111 50.505735 -44.573102 0.248054 0.946046 -0.208487 0.794885 -0.321783 -0.514406 0.553739 0.038123 0.831817
-0.699958 -5.494894 19.007196 -79.543873 0.255875 0.950645 -0.175503 0.849333 -0.307777 -0.428844 0.461694 0.039330 0.886167
-0.511615 -6.000358 19.759807 37.892528 0.279836 0.940570 -0.192405 0.718158 -0.338086 -0.608233 0.637135 -0.032028 0.770086
-0.935724 -5.844653 -2.790464 -79.542259 0.243450 0.959685 -0.140486 0.859104 -0.280592 -0.428028 0.450191 0.016489 0.892780
-0.626098 -5.560668 -6.226786 -32.528917 0.281322 0.945961 -0.161292 0.788690 -0.323672 -0.522690 0.546650 -0.019835 0.837126
2.372946 -10.858968 25.597251 161.097957 0.340552 0.940162 0.010970 -0.321507 0.127407 -0.938297 0.883548 -0.316012 -0.345657
1.920029 -10.495307 7.183911 128.694032 0.305675 0.952047 -0.013045 -0.339865 0.096302 -0.935531 0.889413 -0.290401 -0.353005
1.864862 -9.682839 17.765576 80.982381 0.321253 0.946993 -0.000872 -0.428875 0.144668 -0.891705 0.844312 -0.286837 -0.452616
2.056997 -9.419069 24.501140 84.475662 0.363107 0.931418 0.024767 -0.422521 0.188292 -0.886579 0.830439 -0.311458 -0.461914
1.425297 -9.117136 10.659002 -60.136863 0.325660 0.945459 -0.007298 -0.534530 0.177739 -0.826248 0.779887 -0.272977 -0.563259
-1.500370 -15.156696 -25.483780 208.734818 -0.559797 -0.812180 0.164291 0.791191 -0.464971 0.397263 -0.246259 0.352372 0.902879
-1.281244 -14.555122 -0.412124 178.171681 -0.550100 -0.823138 0.140834 0.792358 -0.461209 0.399318 -0.263740 0.331256 0.905931
-1.321348 -11.724589 -8.152838 18.220512 -0.540298 -0.824858 0.166397 0.827401 -0.484758 0.283580 -0.153251 0.290895 0.944402
-1.065223 -12.601193 -20.236566 79.937168 -0.533964 -0.827019 0.175843 0.828280 -0.469879 0.305231 -0.169807 0.308630 0.935902
-0.001496 -16.392263 15.849387 182.424292 0.545528 0.837817 0.021483 -0.579896 0.358834 0.731409 -0.605078 0.411462 -0.681601
-0.092911 -13.519725 1.659571 211.389924 0.546904 0.837161 0.007568 -0.450345 0.286559 0.845620 -0.705752 0.465881 -0.533731
-0.160352 -13.485543 32.553747 271.679354 0.570128 0.821353 0.018293 -0.417450 0.270444 0.867523 -0.707595 0.502235 -0.497061
0.080302 -15.248225 16.785170 256.414921 0.559548 0.828606 0.017840 -0.479089 0.305808 0.822773 -0.676299 0.468928 -0.568091
0.049766 -3.929498 -30.641058 58.170250 0.638117 0.105921 0.762619 0.573078 0.596137 -0.562319 0.514187 -0.795865 -0.319704
-0.558208 -5.016229 -13.369332 62.743871 0.687724 0.167454 0.706396 0.550845 0.513431 -0.657995 0.472870 -0.841634 -0.260857
-0.177777 -4.741821 -32.188178 52.794975 0.658556 0.122287 0.742529 0.598556 0.512923 -0.615338 0.456109 -0.849680 -0.264593
0.684198 -3.639735 45.755770 61.246534 -0.561386 -0.039474 -0.826612 0.650081 0.597065 -0.470009 0.512094 -0.801221 -0.309523
-0.524100 -6.194395 87.015232 40.148330 0.318555 0.947685 -0.020370 0.903468 -0.310054 -0.295992 0.286823 -0.075887 0.954973
-0.374232 -5.806256 29.958655 52.328307 0.329667 0.943672 0.028327 0.856794 -0.286445 -0.428782 0.396515 -0.165626 0.902964
-0.355838 -5.938513 44.590136 27.458490 0.354834 0.934919 -0.004467 0.881713 -0.336222 -0.330964 0.310926 -0.113498 0.943633
-0.493275 -6.772752 47.081510 8.885423 0.303982 0.952643 0.008084 0.939248 -0.298266 -0.169854 0.159399 -0.059225 0.985436
0.651454 -6.558023 -17.917768 -107.094770 -0.507348 -0.834502 0.214953 0.855957 -0.516865 0.013693 0.099675 0.190937 0.976528
0.589817 -7.361085 -6.971856 -69.410543 -0.459759 -0.860844 0.218106 0.886642 -0.458769 0.058289 0.049883 0.220181 0.974183
0.766867 -8.066398 2.752589 -55.477672 0.524267 0.826832 -0.203698 0.830319 -0.549439 -0.093200 0.188980 0.120273 0.974588
0.659817 -6.249010 -11.451636 16.123530 -0.391876 -0.896815 0.205321 0.920011 -0.382886 0.083538 0.003696 0.221634 0.975123
-2.944663 -19.251922 -46.606989 -173.843014 0.219621 0.937655 0.269388 0.117596 0.248673 -0.961422 0.968472 -0.242828 0.055651
-2.240068 -19.282373 -105.837199 -273.532296 0.278081 0.938310 0.205537 0.176562 0.160400 -0.971132 0.944191 -0.306343 0.121066
-2.776918 -19.795999 -81.143185 -37.424327 0.264131 0.944561 0.195039 -0.117976 0.232343 -0.965452 0.957244 -0.231996 -0.172804
-1.283590 -20.076048 -121.824680 -147.524594 0.311702 0.940524 0.135116 -0.023852 0.149900 -0.988413 0.949881 -0.304867 -0.069157
-3.278355 -19.623298 51.621036 170.103590 0.125802 0.951841 0.279594 -0.198825 0.300306 -0.932891 0.971927 -0.061769 -0.227028
-2.235008 -19.679634 -158.669048 78.672283 0.340668 0.932005 0.123739 -0.313504 0.236687 -0.919616 0.886375 -0.274491 -0.372819
-3.588166 -18.825805 -117.042153 231.066729 0.272725 0.946626 0.171813 -0.394503 0.272911 -0.877432 0.877490 -0.171517 -0.447876
-3.835055 -18.764328 17.126283 218.588259 0.177514 0.954822 0.238336 -0.361356 0.288505 -0.886671 0.915374 -0.071272 -0.396245
-0.167860 -29.531490 39.131140 -361.801501 -0.027295 0.904083 0.426485 0.979754 -0.060454 0.190857 0.198333 0.423060 -0.884129
0.151097 -25.107908 27.041300 -242.971934 0.009768 0.903402 0.428683 0.990459 0.050192 -0.128342 -0.137461 0.425847 -0.894292
0.306867 -28.951125 28.601318 -398.615209 -0.025102 0.907719 0.418826 0.998889 0.006058 0.046739 0.039889 0.419534 -0.906863
-0.270176 -24.274975 26.302113 -59.513553 0.007262 0.906184 0.422821 0.999882 -0.012306 0.009200 0.013540 0.422704 -0.906167
-0.002187 -31.207632 20.062032 240.569596 -0.052007 0.917123 0.395197 -0.904795 0.124214 -0.407329 0.422660 0.378756 -0.823348
1.608595 -4.680391 -136.897891 -85.959259 0.485215 0.490408 -0.723924 0.098310 0.792068 0.602464 0.868851 -0.363494 0.336111
2.631067 -5.813790 -222.268474 -111.014438 0.516861 0.547175 -0.658372 -0.003784 0.770517 0.637409 0.856061 -0.326961 0.400321
4.330648 -5.370311 -22.720507 -77.951870 0.405549 0.470642 -0.783598 0.056195 0.842801 0.535284 0.912344 -0.261118 0.315350
-0.456172 -4.730253 -175.543006 -70.502640 0.511913 0.643645 -0.568916 -0.052730 0.684567 0.727040 0.857417 -0.342183 0.384378
2.469077 -4.487278 40.531549 -97.711054 0.347385 0.432900 -0.831818 0.160431 0.846546 0.507564 0.923897 -0.309770 0.224627
1.646361 -3.591602 -30.362312 -76.120022 0.413732 0.428739 -0.803124 0.186683 0.823468 0.535770 0.891053 -0.371595 0.260657
0.560912 -3.324617 -163.930033 -54.014585 0.502542 0.448529 -0.739103 0.169675 0.787103 0.593026 0.847740 -0.423428 0.319447
-0.174425 -3.722233 -201.421998 -56.343331 0.524005 0.520535 -0.674138 0.083432 0.756329 0.648849 0.847619 -0.396245 0.352891
0.044467 -40.465189 61.612383 -276.397764 -0.128280 0.934374 0.332398 -0.108719 0.319898 -0.941194 0.985761 0.156875 -0.060548
0.485113 -41.689816 27.365196 -334.895719 -0.094418 0.939295 0.329865 -0.051595 0.326283 -0.943863 0.994195 0.106137 -0.017656
0.275968 -35.875162 51.905046 -188.930960 -0.112554 0.957443 0.265771 0.288517 0.287438 -0.913311 0.950836 0.026118 0.308591
0.478269 -42.526904 66.986503 -222.281089 -0.110712 0.922975 0.368593 -0.441229 0.286673 -0.850374 0.890539 0.256780 -0.375505
-0.240172 -33.571895 14.866990 -496.242287 -0.093303 0.934188 0.344366 -0.136294 0.330635 -0.933865 0.986265 0.134067 -0.096475
-0.148979 -37.697506 45.717160 -136.158720 -0.096053 0.929065 0.357228 -0.455726 0.278015 -0.845589 0.884922 0.244019 -0.396695
-2.350204 -28.186652 -128.439573 968.926901 0.236459 0.954487 0.181774 0.868154 -0.291557 0.401625 -0.436344 -0.062840 0.897583
-4.470773 -59.908067 1.612603 3398.577327 0.262857 0.958914 0.106729 0.949806 -0.276623 0.146109 -0.169629 -0.062966 0.983494
-9.965837 -51.823577 -376.962387 2219.680705 0.173434 0.984827 -0.006093 0.970757 -0.169907 0.169595 -0.165987 0.035328 0.985495
-2.027391 -118.077581 -598.005157 5603.298349 0.180636 0.971568 0.153058 0.808561 -0.235293 0.539320 -0.559999 -0.026336 0.828074
-5.197060 -43.030125 -90.266690 1502.799792 0.369663 -0.925605 0.081264 0.927104 0.373253 0.034073 -0.061870 0.062745 0.996110
-208.026523 -7509.622403 -17018.750517 -2544585.770364 0.264418 0.918711 -0.293348 0.640355 0.060194 0.765717 -0.721131 0.390316 0.572385
-575.728099 -6450.427725 -15078.571588 -1013091.539728 0.119616 0.990739 0.064254 -0.453101 -0.003110 0.891454 -0.883398 0.135746 -0.448532
-30.147543 -7841.456830 -1724.817090 1257390.070633 0.223942 0.973705 -0.041823 0.870942 -0.180680 0.456963 -0.437391 0.138759 0.888502
-218.899017 -8573.659117 -5722.139205 -498989.295159 0.060208 0.979587 -0.191791 0.761015 -0.169382 -0.626232 0.645935 0.108252 0.755679
-0.640208 -3.640600 8.382404 76.408723 0.381741 0.911998 0.150112 -0.342264 0.290350 -0.893617 0.858562 -0.289752 -0.422983
-0.314826 -2.295782 -6.898936 126.089775 0.455382 0.825910 0.332415 -0.308337 0.496576 -0.811382 0.835198 -0.266993 -0.480790
-0.643139 -4.450645 27.562957 45.382961 0.332751 0.940549 0.068147 -0.359698 0.193393 -0.912807 0.871719 -0.279225 -0.402666
-1.223104 -6.130796 46.702710 53.191348 0.240166 0.960742 -0.138909 0.343542 -0.217957 -0.913496 0.907909 -0.171670 0.382401
-1.101067 -6.703749 37.117011 37.449544 0.240740 0.956611 -0.164131 0.425550 -0.256015 -0.867965 0.872325 -0.139107 0.468719
-1.577370 -6.670105 24.695802 75.450272 0.269442 0.951988 -0.145328 0.391855 -0.246233 -0.886464 0.879688 -0.181904 0.439387
-1.769747 -5.689795 50.246249 57.360344 0.257646 0.959235 -0.116135 0.309149 -0.195711 -0.930658 0.915448 -0.203877 0.346970
-0.908845 -5.495418 41.662179 43.716976 0.240817 0.959944 -0.143230 0.265747 -0.207149 -0.941524 0.933480 -0.188672 0.304987
1.926871 -11.717871 -27.874795 59.541277 0.175017 0.940326 0.291815 -0.037355 0.302518 -0.952411 0.983857 -0.155787 -0.088071
1.018848 -16.030766 7.403837 -292.748423 0.173741 0.979041 0.106271 0.126889 0.084758 -0.988289 0.976582 -0.185191 0.109503
0.198610 -12.027980 42.653887 -66.905339 0.144832 0.960376 0.238122 0.174189 0.212153 -0.961587 0.974003 -0.180747 0.136561
0.252629 -10.845902 10.208018 75.918990 0.158832 0.889713 0.427999 0.069586 0.422336 -0.903764 0.984850 -0.173329 -0.005168
-0.297803 -7.415231 3.072813 -24.038386 0.441283 0.890619 0.109850 0.897349 -0.438758 -0.047504 0.005890 0.119536 -0.992812
-0.335992 -7.724562 3.813922 -30.072961 0.457464 0.881539 0.116684 0.888837 -0.457199 -0.030614 0.026360 0.117718 -0.992697
-0.155663 -7.905577 -2.427393 17.399056 0.430296 0.896190 0.108118 -0.892705 0.440238 -0.096275 0.133879 0.055091 -0.989465
-0.454797 -7.118446 3.795630 -23.532966 0.472137 0.874803 0.108659 0.871346 -0.444449 -0.207895 -0.133573 0.192834 -0.972097
-0.505475 -7.058595 12.567071 -38.350294 0.435786 0.893306 0.109978 0.896942 -0.420881 -0.135478 -0.074736 0.157684 -0.984658
-352.253593 -731.055145 -13003.346402 -41702.496658 -0.005352 -0.520115 0.854079 -0.490543 0.745632 0.450999 -0.871401 -0.416549 -0.259129
-115.608537 -303.512544 -7942.670957 11045.624333 -0.269238 0.691511 0.670316 0.310227 -0.596646 0.740117 -0.911740 -0.407217 0.053886
-97.778260 -300.522767 -9328.925945 1801.066930 -0.314468 0.537845 0.782197 0.679575 0.702878 -0.210094 -0.662788 0.465494 -0.586539
8.574226 -226.517749 -9503.561681 -7494.012464 -0.135356 0.573459 0.807975 -0.784140 -0.560479 0.266436 -0.605643 0.597502 -0.525536
-0.000297 -7.897122 0.188923 162.401967 0.467336 0.870521 -0.154241 -0.860540 0.487908 0.146344 -0.202651 -0.064339 -0.977135
-1.296807 -6.600623 -48.061402 -228.141868 0.268772 0.955563 -0.121084 -0.940720 0.287419 0.180101 -0.206900 -0.065500 -0.976167
-0.525212 -4.326063 68.855313 -151.029705 0.500440 0.857735 -0.117687 -0.847927 0.513032 0.133486 -0.174873 -0.032988 -0.984038
-0.461261 -2.243622 27.955617 25.287505 0.421687 0.899400 -0.115149 0.812028 -0.318075 0.489324 -0.403472 0.299846 0.864466
-0.378917 -2.505025 40.219507 49.242289 0.372255 0.914974 -0.155720 0.826472 -0.250437 0.504207 -0.422339 0.316392 0.849427
-0.908040 -3.031177 5.841396 50.873052 0.226372 0.949957 -0.215263 0.864039 -0.093819 0.494606 -0.449658 0.297961 0.842037
-0.840696 -2.540422 -0.991307 52.273596 0.237668 0.949658 -0.204115 0.877200 -0.119591 0.464992 -0.417173 0.289563 0.861464
-0.860485 -3.034679 -14.685093 50.667111 0.130568 0.959845 -0.248292 0.888035 -0.001866 0.459772 -0.440846 0.280524 0.852620
-0.987736 -3.812754 23.017560 47.865521 0.229236 0.946333 -0.227825 0.832973 -0.069627 0.548915 -0.503593 0.315603 0.804231
-1.186405 -3.938196 -2.707823 48.452196 0.122772 0.955770 -0.267265 0.852219 0.036474 0.521913 -0.508577 0.291845 0.810047
-7.112528 -13.296155 -33.617426 -396.918576 -0.551836 -0.480935 0.681307 0.215385 0.707052 0.673563 -0.805659 0.518439 -0.286590
-8.480264 -13.105768 2.109098 -279.079200 -0.418143 -0.493234 0.762809 0.355828 0.683701 0.637134 -0.835789 0.537841 -0.110378
-9.089779 -10.772593 -50.816621 -132.372896 0.415506 0.707492 -0.571673 0.233455 0.524492 0.818784 -0.879121 0.473669 -0.052762
-6.625976 -9.936568 -35.879487 -73.084642 0.421841 0.906443 -0.020270 -0.089753 0.063995 0.993906 -0.902217 0.417451 -0.108351
4.853623 -8.637913 -8.542420 73.133467 0.690141 0.706907 -0.154877 0.723485 -0.678877 0.125284 -0.016578 -0.198515 -0.979958
4.625925 -10.211792 -18.630847 -106.533853 -0.738354 -0.635707 0.225190 -0.654551 0.755920 -0.012198 -0.162471 -0.156405 -0.974239
5.181548 -9.536830 -0.277235 66.525697 0.695842 0.671985 -0.253458 0.715421 -0.679546 0.162453 -0.063070 -0.294371 -0.953608
5.597672 -10.437672 30.355453 -37.316582 0.673813 0.667514 -0.316862 0.736758 -0.639593 0.219338 -0.056252 -0.381243 -0.922762
5.553731 -10.308227 12.401759 -98.330063 0.648128 0.710527 -0.274010 0.761447 -0.599315 0.247021 0.011297 -0.368745 -0.929462
5.219810 -9.042777 -35.160561 -60.999876 0.655845 0.723109 -0.216750 0.754821 -0.624142 0.201722 0.010584 -0.295906 -0.955158
4.653216 -1.329259 -73.339194 82.789071 -0.409951 0.573464 0.709280 0.778052 0.625683 -0.056174 -0.475998 0.528829 -0.702685
1.215883 -4.548193 -54.243158 491.742476 0.713031 -0.047638 -0.699513 0.437584 0.809767 0.390894 -0.547821 0.584815 -0.598234
-1.835985 -4.268500 25.221898 53.671135 -0.440497 0.395160 -0.806109 0.664630 0.747166 0.003080 0.603514 -0.534408 -0.591759
-1.468293 -4.132891 5.674671 40.356155 -0.419493 0.426857 -0.801136 0.656764 0.751957 0.056757 0.626647 -0.502348 -0.595785
-2.417144 -4.110442 23.089771 40.064360 -0.590618 0.161712 -0.790581 0.534182 0.812672 -0.232840 0.604830 -0.559834 -0.566363
-1.080688 -6.571610 8.261597 -67.018249 -0.007236 0.999707 0.023087 -0.936783 -0.014854 0.349595 -0.349836 0.019098 -0.936616
-1.349762 -6.893618 -26.425955 -122.931366 -0.012067 0.999927 0.000440 -0.918901 -0.011262 0.394328 -0.394305 -0.004354 -0.918970
-0.806494 -6.187693 -14.311397 -78.650176 0.068357 0.997654 -0.003707 -0.948432 0.066137 0.310003 -0.309521 0.017675 -0.950728
1.831939 -7.844114 -93.661925 96.366663 0.049021 0.996020 0.074438 -0.039456 0.076401 -0.996296 0.998018 -0.045902 -0.043044
1.868255 -7.396854 -52.128240 -20.989693 0.003687 0.996710 0.080963 0.157593 0.079372 -0.984309 0.987497 -0.016388 0.156782
0.295907 -6.065823 -47.561480 -4.515853 -0.104124 -0.979927 0.170006 0.994064 -0.107963 -0.013465 0.031548 0.167594 0.985351
-0.126251 -6.263103 -19.493241 -11.007756 -0.145409 -0.977013 0.155890 0.988855 -0.148607 -0.008994 0.031953 0.152845 0.987733
-2.196425 -14.325016 -22.842872 -88.456298 0.333676 0.925304 -0.180203 0.814094 -0.379226 -0.439817 0.475302 -0.000054 0.879823
-1.875186 -15.711412 -24.060683 -25.151882 0.315024 0.934894 -0.163504 0.729048 -0.348671 -0.588997 0.607659 -0.066346 0.791422
-1.545469 -15.798320 43.828607 -74.891941 0.311103 0.920056 -0.238143 0.743326 -0.391699 -0.542253 0.592184 0.008321 0.805760
-0.889421 -16.356336 9.931396 5.951297 0.304235 0.933327 -0.190636 0.574704 -0.339433 -0.744648 0.759708 -0.116989 0.639654
-2.109527 -13.863449 27.533721 -179.353162 0.321651 0.912764 -0.251797 0.855334 -0.394162 -0.336213 0.406132 0.107227 0.907501
-1.287699 -14.745396 46.670888 -181.120210 0.336337 0.903480 -0.265709 0.833620 -0.416889 -0.362328 0.438127 0.099636 0.893374
-0.167216 -16.236937 72.355285 -56.818764 0.337539 0.896742 -0.286218 0.675506 -0.442516 -0.589806 0.655560 -0.005740 0.755121
2.335228 -24.095901 -161.876438 790.800588 -0.539517 0.755124 0.372437 0.764269 0.624813 -0.159694 0.353292 -0.198484 0.914215
14.820840 -9.095858 -673.053655 -81.580966 0.043104 0.998846 0.021179 0.867698 -0.026920 -0.496362 0.495219 -0.039772 0.867857
-2.647176 -17.765256 -27.544258 574.806491 0.782566 -0.461436 -0.417933 0.519298 0.854088 0.029378 0.343395 -0.240022 0.908003
6.573893 -8.140142 -601.645282 -27.644478 0.786381 0.582399 -0.205949 -0.507618 0.799216 0.321835 0.352035 -0.148542 0.924125
8.250967 -96.510157 -963.988589 4037.518568 0.852397 -0.134760 -0.505231 -0.274358 0.707273 -0.651531 -0.445137 -0.693977 -0.565905
-8.291543 -287.610388 214.638366 -20277.432056 0.729616 -0.437021 -0.525997 -0.683069 -0.428819 -0.591211 -0.032814 -0.790650 0.611389
-0.183623 -9.931338 10.028826 84.065426 0.328888 0.944345 0.006776 0.826841 -0.291417 0.481051 -0.456252 0.152609 0.876667
0.009651 -10.427652 13.996227 24.351718 0.343322 0.938940 0.022864 0.706737 -0.274297 0.652138 -0.618589 0.207734 0.757756
-0.040627 -9.731095 11.163757 73.988301 0.335771 0.941928 0.005472 0.818597 -0.294671 0.493020 -0.466001 0.161062 0.870001
0.008085 -10.369851 14.229207 -0.719063 0.359625 0.932701 0.027172 0.662418 -0.275703 0.696556 -0.657170 0.232500 0.716987
-0.354261 -8.800853 -8.298973 73.759202 0.313069 0.949524 0.019813 0.893066 -0.301424 0.334031 -0.323143 0.086880 0.942354
-0.148877 -8.503493 -4.992890 75.251623 0.306815 0.951768 0.001478 0.903830 -0.291848 0.312917 -0.298256 0.094672 0.949779
-0.057612 -8.983049 -4.768332 110.239219 0.302232 0.953202 0.007920 0.873612 -0.280301 0.397785 -0.381389 0.113304 0.917445
-0.127084 -9.615837 -6.020814 49.188865 0.325262 0.945123 0.030772 0.760385 -0.280753 0.585656 -0.562156 0.167093 0.809975
-1.407456 -21.805520 39.155632 119.598579 0.159987 0.978933 -0.126865 0.318017 -0.172783 -0.932208 0.934489 -0.108796 0.338960
-1.876730 -22.148591 27.351043 -54.027490 0.183484 0.977712 -0.102047 0.595532 -0.193148 -0.779766 0.782097 -0.082302 0.617698
-1.916684 -22.111227 0.414741 56.085160 0.207729 0.975553 -0.071733 0.473490 -0.164449 -0.865311 0.855953 -0.145785 0.496076
-1.507459 -21.178268 25.912929 187.039836 0.175862 0.979994 -0.093191 0.217356 -0.130986 -0.967264 0.960119 -0.149850 0.236043
-2.915394 -11.755929 -58.697317 -27.928338 0.579697 0.813357 -0.048999 -0.591110 0.378384 -0.712330 0.560839 -0.441900 -0.700132
-2.478036 -11.051163 -7.716540 -53.061069 0.538633 0.842540 -0.001323 -0.496162 0.315925 -0.808711 0.680954 -0.436255 -0.588204
-2.819556 -11.216664 13.170661 -23.810509 0.571948 0.818886 -0.047973 -0.547957 0.337888 -0.765229 0.610425 -0.463958 -0.641969
3.281451 -7.175525 63.092586 -91.184957 -0.361700 0.931846 0.028923 -0.115760 -0.014106 -0.993177 0.925080 0.362581 -0.112972
5.152544 -6.643340 -55.831874 69.490805 -0.227344 0.970185 0.083999 -0.046221 0.075410 -0.996081 0.972717 0.230336 -0.027699
4.037226 -6.230601 61.867729 34.844816 -0.368130 0.928884 0.040671 -0.077029 0.013124 -0.996942 0.926578 0.370138 -0.066720
4.412442 -7.182800 -48.954199 -61.919580 -0.144820 0.981482 0.125377 -0.076179 0.115277 -0.990408 0.986521 0.152982 -0.058074
-1.086095 -12.512494 -27.897106 178.113223 -0.067522 0.996494 -0.049403 0.467281 0.075335 0.880894 -0.881527 -0.036395 0.470729
-1.207860 -14.308877 0.412979 200.865525 -0.016140 0.999444 -0.029182 0.339639 0.032930 0.939979 -0.940417 -0.005260 0.339982
-1.036266 -15.718716 -17.597440 303.843068 -0.053714 0.998304 -0.022437 0.296277 0.037391 0.954370 -0.953590 -0.044615 0.297783
-0.428569 -8.467526 -2.570394 -11.840714 0.064540 0.986022 -0.153607 -0.945425 0.011151 -0.325648 0.319383 -0.166241 -0.932930
-0.735955 -10.077308 5.759753 321.751207 -0.026516 0.981302 -0.190637 -0.937674 -0.090518 -0.335520 0.346502 -0.169859 -0.922542
-0.712164 -9.026272 -25.701326 207.899629 0.039819 0.979454 -0.197698 -0.933220 -0.034254 -0.357669 0.357092 -0.198738 -0.912682
-0.631835 -11.522449 -14.541622 104.708613 -0.020273 0.981337 -0.191222 -0.945762 -0.080848 -0.314638 0.324226 -0.174472 -0.929751
