16689
33367
-10.195735 -13.988734 230.813009 -323.664293 0.365613 0.893978 0.259097 0.844803 -0.201885 -0.495530 -0.390685 0.400058 -0.829047
-10.132870 -16.103165 163.592865 -295.268726 0.467608 0.859111 0.208017 0.838593 -0.356758 -0.411686 -0.279472 0.366949 -0.887267
-14.459937 -17.789963 -132.912831 588.073635 -0.861411 -0.487818 0.141437 -0.385758 0.809512 0.442585 -0.330395 0.326688 -0.885502
-8.907442 -15.088878 -78.610613 -277.132818 0.364564 0.878363 0.309146 0.890404 -0.231662 -0.391808 -0.272532 0.418104 -0.866553
-10.941885 -16.809122 221.721319 891.536654 -0.863256 -0.394805 0.314514 -0.200013 0.839629 0.504993 -0.463449 0.373031 -0.803781
-8.975794 -11.363201 151.761210 246.029484 0.309397 0.904811 0.292558 -0.818900 0.097122 0.565659 -0.483400 0.414589 -0.770999
-8.518998 -13.206730 -18.618612 -205.578218 0.129524 0.885236 0.446745 0.928987 0.049199 -0.366828 -0.346709 0.462534 -0.816000
-3.845061 -5.977441 -531.972797 -642.234206 0.309440 0.937568 0.158785 0.084832 -0.193533 0.977419 -0.947128 0.288982 0.139423
-2.759091 -6.627085 -841.022498 -429.361287 0.180966 0.254424 0.950011 0.291959 0.908517 -0.298926 -0.939155 0.331460 0.090129
-0.489220 -4.013891 -818.401363 -596.607114 0.109796 0.215891 0.970225 0.273653 0.931836 -0.238317 -0.955541 0.291671 0.043233
1.521642 -8.996435 -1113.723454 -314.654846 0.120165 0.298428 0.946838 0.338729 0.884189 -0.321671 -0.933179 0.359375 0.005163
-1.760203 -8.710652 -6.183551 -679.488795 0.182294 0.180615 0.966513 0.286214 0.930668 -0.227900 -0.940665 0.318174 0.117960
-4.307399 -9.528410 -781.910913 -41.469113 0.303363 0.385260 0.871519 0.367121 0.796757 -0.480001 -0.879314 0.465567 0.100270
-8.208825 -9.867450 11.546449 -142.462065 0.544278 0.815694 0.195974 0.007743 -0.238482 0.971116 -0.838869 0.527039 0.136117
-2.818728 -10.159391 -956.307109 -42.823426 0.320800 0.524287 0.788803 0.390937 0.685274 -0.614466 -0.862702 0.505493 0.014873
0.311681 -11.412349 -1112.508750 66.591794 0.350589 0.699320 0.622928 -0.367056 -0.509325 0.778368 -0.861601 0.501537 -0.078126
0.352294 -11.526116 -1000.851329 -113.210681 0.203929 0.463597 0.862259 0.388813 0.769971 -0.505935 -0.898464 0.438432 -0.023233
0.637531 -9.838854 28.919674 -65.942813 0.573174 0.803059 0.162999 0.056079 -0.236892 0.969916 -0.817513 0.546790 0.180815
0.990115 -10.377231 147.192252 -67.129120 0.587421 0.794221 0.155402 0.122058 -0.276776 0.953151 -0.800024 0.540933 0.259525
1.006340 -10.503717 25.029203 -69.075485 0.572805 0.801444 0.171992 0.143991 -0.304944 0.941422 -0.806945 0.514486 0.290074
0.312250 -9.268206 -84.361190 -72.537371 0.550185 0.815886 0.177839 0.014548 -0.222304 0.974869 -0.834916 0.533771 0.134178
0.456791 -8.816397 -60.999932 -40.480559 0.560314 0.816320 0.140248 -0.016828 -0.158070 0.987284 -0.828109 0.555549 0.074832
0.149497 -10.166376 -113.476815 -74.930548 0.543834 0.818094 0.186993 0.101701 -0.285432 0.952988 -0.833007 0.499250 0.238429
-3.221593 -10.932587 41.965742 -27.414465 0.863651 -0.135383 -0.485571 0.156181 -0.843998 0.513104 0.479286 0.518979 0.707775
-3.777763 -10.759528 108.301978 -6.375959 0.866524 -0.110298 -0.486797 0.169152 -0.852677 0.494298 0.469600 0.510663 0.720207
-2.829429 -10.607763 71.097773 -85.900723 0.861368 -0.135778 -0.489500 -0.100640 0.898903 -0.426433 0.497913 0.416579 0.760621
4.123055 -11.696315 221.726108 315.360463 0.714949 0.675787 0.179331 -0.621286 0.731698 -0.280396 -0.320704 0.089053 0.942984
2.794063 -11.920799 185.611684 -261.989197 0.688737 0.710171 0.145941 0.664325 -0.698788 0.265271 -0.290370 0.085750 0.953065
4.701033 -11.020569 284.982689 -52.320001 0.729897 0.663515 0.164311 -0.645651 0.748142 -0.153028 -0.224464 0.005607 0.974466
-0.604899 -8.673055 -80.545779 176.632539 0.489954 0.870104 0.053515 -0.697157 0.354232 0.623291 -0.523372 0.342692 -0.780156
-1.075043 -10.027303 -81.631505 63.885860 0.501424 0.864051 0.044611 -0.749879 0.408292 0.520557 -0.431573 0.294472 -0.852661
0.114644 -8.723463 -99.303442 166.515647 0.530156 0.847815 0.012005 -0.669530 0.409899 0.619445 -0.520254 0.336440 -0.784948
0.252707 -6.927377 -82.571770 204.337520 0.526236 0.850083 0.020872 -0.630028 0.373293 0.680967 -0.571087 0.371499 -0.732016
-0.472677 -7.259361 -36.018472 213.705798 0.497555 0.865633 0.055837 -0.655588 0.333111 0.677673 -0.568017 0.373786 -0.733240
-1.039242 -8.306767 -30.218523 215.600906 0.458498 0.883388 0.096978 -0.704272 0.294626 0.645908 -0.542015 0.364446 -0.757231
0.427453 -14.281141 -33.068536 -364.310501 0.576379 0.817181 -0.001757 0.336972 -0.235715 0.911531 -0.744471 0.525979 0.411228
0.271676 -15.212339 -17.489570 -24.321659 0.588152 0.808271 0.027839 0.447535 -0.353942 0.821241 -0.673639 0.470556 0.569902
0.095551 -13.178944 13.052328 -351.985638 0.569413 0.821875 -0.017047 0.351516 -0.224687 0.908819 -0.743105 0.523486 0.416842
0.252902 -12.297683 -3.733082 -392.778689 0.553501 0.831731 -0.043124 0.307399 -0.155897 0.938723 -0.774043 0.532841 0.341963
2.488227 -21.701023 -24.721358 -864.055497 0.639668 0.715332 -0.281293 0.189773 0.207655 0.959617 -0.744857 0.667218 0.002920
2.327049 -14.785847 -25.341942 -554.522749 0.649146 0.705937 -0.283308 0.097459 0.292191 0.951381 -0.754395 0.645196 -0.120875
2.651609 -18.804000 -11.539310 -661.944972 0.652321 0.698835 -0.293441 0.166584 0.245499 0.954976 -0.739410 0.671833 -0.043729
2.954470 -23.542100 56.315230 -886.372435 0.652863 0.692442 -0.307073 0.263789 0.172175 0.949090 -0.710060 0.700628 0.070251
2.790079 -24.102417 22.455632 -734.121873 0.654303 0.685468 -0.319406 0.329820 0.121417 0.936203 -0.680519 0.717907 0.146638
0.989314 -28.043906 74.019481 696.806600 0.640992 0.742102 -0.195994 0.736312 -0.522418 0.430028 0.216733 -0.419958 -0.881284
1.395356 -36.079421 10.201239 1026.519126 0.605221 0.768050 -0.209299 0.792374 -0.555965 0.251090 0.076487 -0.317808 -0.945065
0.662691 -35.570460 98.491910 837.972047 0.597499 0.773102 -0.212857 0.799977 -0.556475 0.224438 0.055064 -0.304382 -0.950957
1.050784 -33.514932 -155.941642 874.210751 0.587501 0.758396 -0.282273 0.809221 -0.549827 0.207005 0.001790 -0.350037 -0.936734
0.461422 -29.256019 26.898691 369.765672 0.656460 0.724079 -0.211589 0.717045 -0.511811 0.473177 0.234324 -0.462340 -0.855181
2.617223 -28.654048 50.902441 1034.137146 0.676306 0.688125 -0.262858 0.736589 -0.635110 0.232534 -0.006931 -0.350882 -0.936394
3.258522 -23.612410 59.816951 1230.160233 0.663665 0.701122 -0.260721 0.729877 -0.530636 0.430934 0.163790 -0.476290 -0.863898
2.887511 -24.976095 37.261706 1228.230161 0.657043 0.706774 -0.262231 0.741610 -0.543567 0.393127 0.135312 -0.452775 -0.881298
3.594753 -25.524994 29.400475 1196.729042 0.676704 0.674367 -0.295465 0.727216 -0.549523 0.411317 0.115014 -0.493207 -0.862275
1.758070 -28.338752 60.269102 977.019826 0.654220 0.716491 -0.242149 0.756304 -0.619539 0.210181 0.000572 -0.320643 -0.947200
1.326932 -32.169163 13.928701 -184.244218 0.659152 0.707523 -0.254814 -0.706753 0.698610 0.111552 -0.256941 -0.106560 -0.960534
2.135747 -31.872753 -41.869196 -112.549025 -0.687611 -0.673139 0.272166 -0.686567 0.724754 0.057943 -0.236257 -0.147018 -0.960504
3.875388 -29.924816 138.789921 669.430420 0.692494 0.664258 -0.281447 0.714165 -0.686409 0.137157 -0.102080 -0.295980 -0.949724
-3.997533 -8.327688 -212.994890 -25.976085 -0.983077 -0.088118 -0.160606 -0.102834 0.990997 0.085734 0.151605 0.100799 -0.983288
-2.011607 -5.830301 -358.016904 -111.150694 -0.944370 0.272474 -0.184182 0.267334 0.962163 0.052679 0.191567 0.000511 -0.981479
-5.838405 -7.617831 -243.057849 -104.594848 -0.991934 -0.042915 -0.119273 -0.048870 0.997677 0.047453 0.116959 0.052899 -0.991727
-7.945464 -9.115222 197.245024 -22.632523 0.951286 0.303200 0.055902 -0.307505 0.946172 0.100992 0.022272 0.113263 -0.993315
-6.060809 -9.437408 220.805038 32.611798 0.964632 0.231612 0.125864 -0.248628 0.958057 0.142515 0.087576 0.168768 -0.981757
-6.642552 -8.292671 -247.237182 -102.004994 0.343905 0.939003 0.001845 -0.938686 0.343838 -0.025373 0.024459 -0.006994 -0.999676
-10.514589 -15.737405 -512.438935 -138.238271 -0.782741 -0.620189 0.051791 -0.617126 0.784239 0.064227 -0.080449 0.018312 -0.996590
-11.316892 -15.098794 -493.881963 300.969716 -0.794717 -0.600695 0.087120 -0.574867 0.790946 0.209603 -0.194815 0.116493 -0.973898
-7.093344 -13.650309 445.251024 189.757882 0.740337 0.672199 0.006988 -0.657989 0.722479 0.212306 -0.137663 0.161776 -0.977178
-6.597433 -14.254237 474.430846 -164.462642 0.782483 0.622107 0.026539 -0.622515 0.780614 0.055835 -0.014018 0.060210 -0.998087
-4.011818 -41.277978 59.777627 -288.321964 0.720078 0.692420 -0.045191 0.442967 -0.508836 -0.738150 0.534105 -0.511508 0.673121
-3.782251 -39.396261 2.454074 -186.084804 0.762087 0.646444 -0.036519 0.413359 -0.529168 -0.741023 0.498354 -0.549629 0.670486
-4.088814 -39.647433 -95.758269 367.095463 0.773351 0.633480 -0.025118 0.277240 -0.373553 -0.885210 0.570146 -0.677614 0.464514
-4.763055 -37.718639 45.156299 403.161087 0.715171 0.697925 -0.037838 0.285995 -0.341599 -0.895275 0.637760 -0.629453 0.443904
-4.577497 -22.261048 24.623803 -13.840605 -0.616835 -0.761911 0.197502 0.656316 -0.359382 0.663396 -0.434470 0.538830 0.721733
-4.736115 -22.290484 9.868659 25.167100 -0.621872 -0.757878 0.197222 0.731275 -0.471877 0.492514 -0.280201 0.450504 0.847664
-4.618547 -22.643165 67.190371 -28.108424 -0.625068 -0.748872 0.220184 0.696701 -0.408047 0.590005 -0.351993 0.522195 0.776797
-4.479929 -22.358844 -90.057204 -133.966406 0.623329 0.751101 -0.217504 0.602200 -0.283658 0.746253 -0.498814 0.596142 0.629125
-4.402296 -21.623015 -63.853629 -84.986253 0.611020 0.767044 -0.195700 0.540759 -0.223892 0.810834 -0.578130 0.601262 0.551588
0.759713 -7.398995 -28.393071 -286.576848 0.752039 0.658327 0.032278 -0.549170 0.598758 0.583011 -0.364485 0.456174 -0.811823
1.816636 -4.779136 14.859393 -110.371203 0.821690 0.567577 -0.051794 -0.451702 0.703953 0.548102 -0.347550 0.426974 -0.834806
1.347967 -7.010841 -25.823350 -217.053117 0.726558 0.682813 0.076678 -0.592728 0.566401 0.572593 -0.347543 0.461472 -0.816246
0.931888 -6.067307 42.207278 -224.551792 0.827267 0.558428 -0.061543 -0.429354 0.699070 0.571802 -0.362333 0.446609 -0.818080
0.680994 -9.219874 -135.114902 -290.240486 0.682696 0.725126 0.090109 -0.609183 0.496716 0.618199 -0.403513 0.476934 -0.780840
-0.178722 -8.353271 12.369638 -361.670618 0.785801 0.618474 -0.002495 -0.489029 0.623794 0.609698 -0.378639 0.477881 -0.792630
-0.663843 -34.663696 8.663521 -473.421269 0.817073 0.576432 -0.010855 0.480631 -0.691435 -0.539362 0.318411 -0.435481 0.842004
-0.784637 -39.011775 -35.333210 -293.789313 0.829193 0.558867 -0.010341 0.369277 -0.561598 -0.740433 0.419611 -0.610144 0.672050
-0.763271 -38.660400 56.093210 -808.522810 0.810971 0.583862 -0.037815 0.436348 -0.646603 -0.625704 0.389776 -0.490927 0.779144
-0.679802 -34.293329 65.765261 -463.464279 0.798860 0.601237 -0.018341 0.555976 -0.749673 -0.359001 0.229595 -0.276595 0.933157
-1.137117 -41.109430 38.299985 -1043.118713 0.810751 0.584393 -0.034167 0.362844 -0.547475 -0.754066 0.459377 -0.598963 0.655909
-1.031199 -35.463398 23.022061 -730.865933 0.807262 0.589858 -0.019887 0.493051 -0.692529 -0.526597 0.324390 -0.415296 0.849882
0.497066 -23.363991 -93.004300 -176.851754 0.765561 0.629925 -0.130807 -0.289746 0.156047 -0.944297 0.574425 -0.760818 -0.301982
-0.229482 -23.846166 -18.873477 -590.403029 0.735499 0.656197 -0.168665 -0.396573 0.215110 -0.892445 0.549338 -0.723280 -0.418443
0.304812 -21.281371 0.199017 135.725515 0.772163 0.630893 -0.075754 -0.239204 0.178157 -0.954485 0.588681 -0.755139 -0.288478
-4.222365 -11.418285 60.511083 179.994092 0.898672 -0.154435 -0.410535 0.205883 -0.677930 0.705707 0.387300 0.718721 0.577441
-3.914557 -10.970709 77.834901 24.940115 0.877158 -0.134101 -0.461097 0.223197 -0.736335 0.638744 0.425178 0.663195 0.615952
-3.341657 -12.474146 125.123797 261.320653 0.875597 -0.176391 -0.449685 0.229219 -0.667726 0.708238 0.425193 0.723207 0.544226
-3.720902 -13.927647 82.514949 369.567106 0.902252 -0.184827 -0.389591 0.214627 -0.591132 0.777495 0.374002 0.785112 0.493681
-2.712276 -15.565081 149.232290 461.329827 0.877719 -0.207033 -0.432142 0.250672 -0.570213 0.782318 0.408379 0.794981 0.448589
-2.221064 -13.087417 137.964135 283.880916 0.856224 -0.181125 -0.483812 0.260331 -0.657640 0.706921 0.446215 0.731234 0.515934
2.895810 -110.324144 288.419090 -6417.578728 -0.770573 -0.636513 -0.032686 -0.610726 0.752078 -0.247773 0.182293 -0.170965 -0.968266
5.215403 -146.823993 -870.640447 -11220.343923 0.721355 0.692126 -0.024656 -0.616411 0.625398 -0.478450 0.315728 -0.360331 -0.877769
2.084112 -107.326326 277.350888 -4073.017468 -0.760370 -0.649456 -0.006681 -0.648421 0.759669 -0.049536 0.037247 -0.033333 -0.998750
1.018866 -99.010994 -57.289901 -3864.150844 0.774376 0.631837 0.033540 -0.628225 0.761474 0.159658 -0.075338 0.144706 -0.986602
-13.863272 -2242.656126 279.304697 -220846.984099 0.641035 0.767405 0.012781 0.376612 -0.299998 -0.876450 0.668758 -0.566648 0.481324
-7.167571 -1382.383427 746.859779 -112856.252118 0.701177 0.712913 -0.010254 0.140348 -0.152109 -0.978348 0.699037 -0.684556 0.206712
-60.085192 -2758.879673 -2582.983317 -359410.664746 0.711358 0.662654 0.234221 0.649074 -0.491572 -0.580569 0.269580 -0.565019 0.779795
-206.568362 -979.952882 -17218.737817 91005.526697 -0.434047 -0.036079 -0.900167 0.870550 -0.273926 -0.408787 -0.231830 -0.961074 0.150306
90.538676 -645.108482 6499.004275 24725.390139 0.460924 0.822443 0.333373 0.771599 -0.556977 0.307264 -0.438388 -0.115605 0.891320
26.298063 -580.091686 -1084.779828 -1643.659391 -0.383778 -0.895712 -0.224531 0.923423 -0.371719 -0.095471 0.002052 -0.243977 0.969779
-212.628103 -582.639661 16258.357009 -4404.812227 0.206570 0.599206 0.773486 -0.664526 0.666156 -0.338588 -0.718146 -0.444060 0.535796
-87.315688 -450.807307 -7312.434278 18331.633450 -0.200052 -0.745141 -0.636195 0.942278 -0.324257 0.083485 -0.268499 -0.582772 0.766998
-37.297202 -735.827756 4381.822557 -153639.782919 0.392088 0.677534 0.622266 -0.315286 0.734433 -0.601001 -0.864212 0.039453 0.501579
-0.595569 -32.696039 -33.329656 -46.065607 0.810170 0.585716 0.023688 0.584420 -0.803913 -0.110349 0.045590 -0.103245 0.993611
-0.882264 -36.563325 -8.126612 -724.045609 0.811927 0.583494 0.017600 0.563882 -0.776123 -0.282258 0.151037 -0.239097 0.959177
-0.757305 -36.370669 -59.854472 -626.786678 0.812044 0.583323 0.017854 0.553829 -0.760617 -0.338726 0.184007 -0.284948 0.940716
-0.813871 -34.744884 -3.390988 -317.033666 0.812772 0.581704 0.031983 0.581861 -0.807811 -0.094227 0.028976 -0.095195 0.995037
-0.743123 -31.124869 14.413620 -325.471799 0.798625 0.601813 0.004345 0.586957 -0.777275 -0.226549 0.132963 -0.183478 0.973990
5.428827 -7.808298 189.896646 154.450163 -0.623537 -0.774084 0.109523 0.781791 -0.617796 0.084449 0.002292 0.138281 0.990390
5.872905 -6.309907 227.056241 183.747334 -0.614751 -0.782427 0.099450 0.786184 -0.617988 -0.002244 0.063215 0.076806 0.995040
3.245180 -7.932620 262.175723 107.417589 -0.637233 -0.769264 0.046544 0.769524 -0.631831 0.092852 -0.042020 0.094985 0.994591
4.013609 -8.968715 275.545402 123.763900 -0.628557 -0.774725 0.068683 0.774046 -0.614484 0.152522 -0.075959 0.149033 0.985911
1.767378 -9.396248 222.368299 118.285232 -0.651528 -0.757714 0.037158 0.748742 -0.634387 0.192195 -0.122056 0.153042 0.980653
2.629892 -3.379760 -24.691735 387.647562 0.504842 0.862427 0.036810 0.840711 -0.481562 -0.247594 0.195806 -0.155942 0.968164
2.189876 -7.417276 84.796278 111.089510 -0.606716 -0.793486 -0.047698 0.786279 -0.590218 -0.182781 0.116882 -0.148400 0.981996
2.171392 -6.495989 38.015221 90.011781 0.587607 0.809137 -0.003914 0.797607 -0.580034 -0.165480 0.136166 -0.094116 0.986205
1.939407 -8.130867 29.335670 -19.026121 -0.672060 -0.740288 -0.017552 0.738715 -0.668613 -0.085189 0.051329 -0.070218 0.996210
2.385144 -3.824076 45.717853 345.077737 0.484024 0.875052 -0.002167 0.853077 -0.472418 -0.221543 0.194885 -0.105384 0.975148
2.289228 -5.920205 55.550027 98.815435 0.563078 0.825918 -0.028331 0.812626 -0.559599 -0.162753 0.150274 -0.068620 0.986260
1.868039 -7.096667 58.942926 1.147250 0.631987 0.774163 -0.035553 0.769461 -0.632292 -0.090200 0.092310 -0.029649 0.995289
0.098671 -10.103905 -229.912078 24.292253 -0.536790 -0.759488 0.367470 0.842989 -0.464710 0.270949 -0.035016 0.455216 0.889692
-1.807309 -10.376361 -84.781974 -21.222021 -0.471247 -0.800915 0.369406 0.874625 -0.370290 0.312917 -0.113833 0.470553 0.874998
-1.610757 -10.124335 -85.930608 46.589558 -0.472062 -0.803216 0.363320 0.880799 -0.412558 0.232353 -0.036739 0.429698 0.902225
-2.127194 -10.066560 -18.754083 79.658266 -0.440173 -0.828059 0.347226 0.897851 -0.401347 0.181066 -0.010575 0.391458 0.920135
-1.372319 -9.969466 -104.970471 126.967899 -0.484658 -0.797581 0.359125 0.874022 -0.457793 0.162824 0.034540 0.392797 0.918976
0.176403 -9.465595 -241.240829 103.790618 -0.526220 -0.765063 0.371175 0.848041 -0.504290 0.162842 0.062596 0.400463 0.914173
-0.255976 -6.744334 49.599337 -134.547577 0.730981 0.682142 0.018693 0.450640 -0.503113 0.737428 -0.512435 0.530622 0.675167
0.193710 -6.048827 52.171820 -127.428840 0.732476 0.680496 0.020071 0.428321 -0.483554 0.763359 -0.529169 0.550546 0.645662
-0.630959 -6.358747 136.079673 -134.609468 0.785279 0.612391 0.091185 0.347537 -0.557871 0.753656 -0.512401 0.560140 0.650913
-1.461112 -7.289362 105.081312 -110.614337 0.790266 0.602941 0.109278 0.361363 -0.602595 0.711545 -0.494870 0.522821 0.694091
-1.597596 -7.035262 134.776989 -113.261777 0.825641 0.531796 0.188441 0.253630 -0.648194 0.717995 -0.503973 0.545011 0.670055
-1.018357 -6.074052 160.409395 -160.806148 0.813088 0.565265 0.139150 0.271576 -0.579747 0.768206 -0.514912 0.586829 0.624898
-2.391908 -140.063999 -267.302163 -1046.368304 0.318528 -0.071432 0.945218 0.220470 0.975394 -0.000583 -0.921918 0.208578 0.326439
2.978048 -1264.693544 7021.654940 -150004.954962 0.309876 0.133588 0.941345 0.062791 0.985043 -0.160460 -0.948701 0.108831 0.296853
1.413468 -291.780372 384.815291 -27693.114555 0.375674 -0.245872 0.893541 -0.331899 0.864518 0.377427 -0.865281 -0.438355 0.243172
-2.047723 -133.836931 -24.994439 -6464.141772 0.356349 -0.079781 0.930940 0.056968 0.996349 0.063580 -0.932614 0.030377 0.359593
-1.487292 -13.219837 18.609965 63.341067 -0.794254 -0.604903 0.057034 -0.543267 0.749072 0.379147 -0.272070 0.270154 -0.923577
-1.601202 -11.345850 -5.151169 -14.345779 0.842294 0.536718 -0.049752 -0.488106 0.798637 0.352039 -0.228679 0.272235 -0.934662
-1.214071 -11.746952 47.931208 10.100839 0.855276 0.514174 -0.064252 -0.480239 0.833117 0.274383 -0.194610 0.203817 -0.959472
1.478263 -10.795237 134.554548 -242.897028 0.732917 0.679172 0.039478 -0.679815 0.733372 0.004098 0.026169 0.029842 -0.999212
0.253727 -9.393348 -222.199432 -245.086285 -0.779751 -0.623403 -0.057944 -0.619905 0.781711 -0.068154 0.087782 -0.017223 -0.995991
-0.328719 -11.176208 231.648656 -169.949103 0.755765 0.652727 0.052593 -0.654365 0.755842 0.022579 0.025014 0.051480 -0.998361
-2.210460 -9.719482 -266.048537 -261.136781 -0.815773 -0.576194 -0.050157 -0.571615 0.816422 -0.081928 0.088156 -0.038164 -0.995375
-6.278289 -15.099058 72.829505 55.713289 -0.630697 -0.773957 -0.056669 0.732351 -0.569456 -0.373339 0.256678 -0.276965 0.925962
-5.173045 -15.120126 27.142005 94.851744 -0.637647 -0.764306 -0.096139 0.728239 -0.557406 -0.398706 0.251145 -0.324246 0.912026
-5.973549 -14.062347 38.630833 229.435626 -0.635153 -0.769136 -0.070782 0.678814 -0.512137 -0.526239 0.368499 -0.382290 0.847386
-5.711538 -15.503738 -23.667087 -100.593055 -0.631011 -0.771985 -0.076578 0.765980 -0.604366 -0.219128 0.122882 -0.196930 0.972686
-6.640535 -14.475578 -72.798091 199.580419 0.654456 0.755945 -0.015329 0.658425 -0.579762 -0.479951 0.371703 -0.304013 0.877162
-6.621206 -15.470662 149.492828 -75.038431 -0.627255 -0.777105 -0.051578 0.765448 -0.602919 -0.224896 0.143671 -0.180547 0.973017
-7.071578 -15.286835 -133.844649 45.184921 0.641961 0.766688 -0.008644 0.716179 -0.603619 -0.350332 0.273813 -0.218709 0.936586
0.009667 -14.839203 -210.714527 550.745074 -0.854191 -0.175591 -0.489413 -0.092111 0.977467 -0.189930 0.511735 -0.117156 -0.851118
0.952446 -9.906248 -243.184000 386.240597 -0.867257 -0.048009 -0.495541 -0.032421 0.998673 -0.040012 0.496804 -0.018635 -0.867662
2.712183 -15.256065 -338.404824 569.943418 -0.864488 -0.083203 -0.495719 -0.006003 0.987844 -0.155334 0.502618 -0.131309 -0.854478
-1.688059 -16.963968 11.211650 -455.327460 -0.306500 0.944136 0.121098 0.259374 0.205246 -0.943716 0.915851 0.257839 0.307792
-1.475545 -17.826259 -2.863559 -413.992430 -0.300983 0.928224 0.218653 0.184495 0.281632 -0.941618 0.935612 0.243071 0.256020
-0.066355 -20.460043 -4.390821 -423.038938 -0.291139 0.938691 0.184656 0.038812 0.204448 -0.978108 0.955893 0.277598 0.095955
0.659777 -22.151574 -31.888859 -102.819648 -0.291012 0.946351 0.140470 -0.151735 0.099312 -0.983419 0.944610 0.307501 -0.114694
-0.210565 -21.212068 51.057200 -491.166712 -0.316536 0.941635 0.114583 0.080529 0.147033 -0.985848 0.945156 0.302829 0.122370
-0.568883 -11.253064 116.319357 -360.959012 0.651082 0.756227 0.064909 -0.363341 0.385617 -0.848105 0.666390 -0.528602 -0.525837
-0.648993 -11.240833 2.014620 -177.486933 0.650242 0.758978 0.033722 -0.474741 0.440578 -0.761913 0.593133 -0.479419 -0.646801
-0.525012 -10.966535 24.730050 -348.689772 0.660536 0.748653 0.056653 -0.371465 0.391452 -0.841891 0.652461 -0.535055 -0.536666
-0.661542 -10.941645 21.027516 -11.724629 0.660117 0.749134 0.055165 -0.346091 0.368501 -0.862802 0.666683 -0.550459 -0.502523
-0.427496 -11.085869 -62.980504 8.608552 0.668544 0.741617 0.055256 -0.351368 0.380484 -0.855437 0.655431 -0.552482 -0.514951
-0.694740 -11.195864 -0.392735 -343.744008 0.648631 0.759347 0.051679 -0.387938 0.388265 -0.835915 0.654814 -0.522152 -0.546420
6.313560 -11.275385 -512.410241 10.996137 0.658968 0.750403 -0.051547 -0.255474 0.158836 -0.953679 0.707456 -0.641613 -0.296376
7.815745 -11.330317 -210.186834 81.154686 0.595648 0.802236 -0.040256 -0.356542 0.219153 -0.908213 0.719779 -0.555328 -0.416569
4.000739 -10.798382 -577.484859 58.480719 0.674373 0.733870 -0.081579 -0.366481 0.236744 -0.899802 0.641025 -0.636700 -0.428603
7.639881 -10.894036 -427.931315 83.533208 0.618674 0.781186 -0.083611 -0.436726 0.253490 -0.863141 0.653079 -0.570518 -0.497992
1.428796 -18.571413 -27.606769 -87.414477 0.548706 0.824665 0.137295 0.576601 -0.492220 0.652112 -0.605353 0.278653 0.745587
1.048478 -17.961485 -63.908872 -104.273233 0.514206 0.846214 0.139693 0.580685 -0.463361 0.669404 -0.631187 0.263094 0.729647
1.540181 -17.661791 -46.850237 -105.192296 0.519574 0.846173 0.118467 0.474170 -0.400898 0.783865 -0.710778 0.351103 0.609526
0.806521 -17.517990 -73.499587 -100.590521 0.500278 0.855862 0.131235 0.555025 -0.433309 0.710064 -0.664581 0.282391 0.691800
1.832392 -18.368737 7.656781 -107.647124 0.555030 0.823321 0.118672 0.498376 -0.443359 0.745019 -0.666005 0.354365 0.656402
2.124345 -17.250719 -13.858163 -35.047078 0.535336 0.838520 0.101487 0.402637 -0.358969 0.842036 -0.742495 0.409909 0.529788
0.926726 -16.969909 -77.499293 -42.694678 0.491813 0.862436 0.119686 0.480771 -0.383589 0.788491 -0.725933 0.330249 0.603288
1.582276 -16.301027 -61.383181 -46.319477 0.495700 0.862429 0.102460 0.365184 -0.314015 0.876376 -0.787986 0.397003 0.470603
1.998082 -16.873462 -21.912088 6.921343 0.524674 0.845865 0.096067 0.387115 -0.337567 0.858015 -0.758194 0.412990 0.504560
0.876425 -20.223368 77.628434 450.796166 0.415932 0.853579 -0.313694 -0.267266 -0.214976 -0.939337 0.869235 -0.474540 -0.138718
2.055320 -18.545446 119.374702 536.567887 0.410876 0.855016 -0.316433 -0.365292 -0.163611 -0.916402 0.835310 -0.492118 -0.245107
1.781378 -21.562320 70.287223 533.214040 0.419805 0.846807 -0.326620 -0.218466 -0.255007 -0.941936 0.880929 -0.466785 -0.077946
0.917145 -17.688247 110.828094 229.869657 0.406059 0.863315 -0.299673 -0.401989 -0.125751 -0.906968 0.820683 -0.488748 -0.295981
0.676043 -23.451487 56.198812 451.240972 0.417990 0.845432 -0.332460 -0.102300 -0.319831 -0.941936 0.902673 -0.427730 0.047198
-0.251534 -22.468417 109.565190 421.643319 0.397929 0.857796 -0.325329 -0.134798 -0.296097 -0.945598 0.907459 -0.420134 0.002196
-0.181568 -18.964460 155.485309 406.727588 0.393355 0.868991 -0.300209 -0.289513 -0.192843 -0.937547 0.872613 -0.455703 -0.175728
0.731982 -50.005757 123.709207 1174.247568 0.640109 0.751407 -0.160146 0.721401 -0.659547 -0.211136 0.264273 -0.019621 0.964248
0.704398 -44.741581 18.429946 822.389493 0.687496 0.708078 -0.161166 0.546272 -0.650498 -0.527674 0.478472 -0.274733 0.834018
0.400863 -40.041231 80.473595 54.974737 0.670429 0.724498 -0.160090 0.636017 -0.672268 -0.378864 0.382109 -0.152181 0.911501
-2.842122 -21.986336 137.386736 -160.123118 0.473183 0.797864 -0.373510 0.566138 -0.600242 -0.564976 0.674971 -0.055879 0.735725
-3.893706 -22.055292 129.854638 -116.738253 0.501377 0.790550 -0.351643 0.550094 -0.604952 -0.575699 0.667846 -0.095205 0.738186
-3.257529 -23.161923 132.963595 -29.995682 0.469409 0.809552 -0.352535 0.416199 -0.554980 -0.720261 0.778738 -0.191372 0.597447
-2.432802 -22.490357 107.302399 -31.097515 0.444991 0.812214 -0.377214 0.471150 -0.570542 -0.672681 0.761577 -0.121613 0.636561
7.233253 -11.110185 435.785413 -62.272868 0.312195 0.949352 0.035565 -0.741707 0.220176 0.633556 -0.593637 0.224172 -0.772879
6.937971 -11.607789 435.776218 -81.091294 0.359590 0.932995 0.014667 -0.671449 0.247807 0.698389 -0.647959 0.260982 -0.715568
14.329635 -11.955821 871.323620 -78.038514 0.213860 0.974296 0.070786 -0.728857 0.110899 0.675624 -0.650408 0.196082 -0.733840
9.620699 -11.531944 431.920976 -46.651014 0.223915 0.972798 0.059384 -0.792073 0.146136 0.592676 -0.567876 0.179746 -0.803249
0.745652 -12.493431 47.636520 206.263123 0.517824 0.854762 -0.035224 -0.518679 0.346433 0.781637 -0.680316 0.386481 -0.622738
1.135653 -11.170169 -28.924784 130.987959 0.466247 0.884559 0.012982 -0.507774 0.255572 0.822708 -0.724416 0.390177 -0.568316
0.460526 -12.510676 21.799998 182.152620 0.521968 0.851800 -0.044557 -0.549877 0.375969 0.745844 -0.652062 0.364806 -0.664629
-0.052646 -15.421795 41.614484 149.592289 0.582368 0.805817 -0.107274 -0.621882 0.526598 0.579618 -0.523556 0.270839 -0.807796
0.078813 -14.249516 73.448939 204.658157 0.573622 0.814628 -0.085665 -0.557364 0.464814 0.687963 -0.600252 0.346885 -0.720672
0.244486 -12.995481 -51.417975 127.398449 0.535579 0.839043 -0.095717 -0.606408 0.460993 0.647884 -0.587728 0.288950 -0.755701
0.968001 -10.751579 8.920863 84.771054 0.468247 0.883596 0.001899 -0.579053 0.305235 0.755996 -0.667415 0.355092 -0.654574
1.420764 -6.669980 -21.231313 -133.254631 0.603618 0.796581 0.033241 0.190065 -0.103283 -0.976324 0.774288 -0.595644 0.213745
0.910469 -6.470956 53.771598 -110.098997 0.593464 0.804861 -0.000248 0.180160 -0.133141 -0.974585 0.784438 -0.578336 0.224018
0.829849 -7.672252 11.894591 -202.083557 0.597855 0.801533 0.010691 0.155845 -0.103139 -0.982382 0.786309 -0.588988 0.186577
0.362169 -7.802461 77.885197 -148.124403 0.578110 0.815840 -0.013918 0.129324 -0.108455 -0.985654 0.805645 -0.568017 0.168206
-1.602848 -10.948404 31.482891 -36.993750 0.616850 0.783459 0.075422 -0.390872 0.388097 -0.834626 0.683166 -0.485358 -0.545629
-1.528502 -10.255983 9.734150 221.419932 0.624816 0.775869 0.087363 -0.354120 0.381328 -0.853925 0.695848 -0.502609 -0.513010
-1.806482 -10.060616 -83.254808 250.790820 0.643427 0.761718 0.076079 -0.344005 0.376496 -0.860181 0.683859 -0.527292 -0.504282
-1.797394 -10.928032 -45.981676 -33.314968 0.633972 0.771719 0.050289 -0.389338 0.374676 -0.841448 0.668203 -0.513875 -0.537993
-2.555465 -34.959498 281.653080 1312.228948 0.404186 0.912769 0.059043 0.824155 -0.335427 -0.456352 0.396739 -0.233112 0.887838
-3.262998 -33.657553 111.007917 1239.993866 0.380391 0.915598 0.130316 0.853919 -0.293611 -0.429669 0.355142 -0.274722 0.893533
-2.483163 -30.408482 211.381518 1473.852717 0.381190 0.919384 0.097094 0.750487 -0.246401 -0.613234 0.539873 -0.306626 0.783912
0.011663 -29.986495 85.086894 1137.790513 0.474368 0.875950 0.087673 0.756332 -0.354563 -0.549770 0.450485 -0.327103 0.830703
-0.832799 -35.640833 222.944160 791.663429 0.475362 0.877838 0.058572 0.839573 -0.432727 -0.328426 0.262959 -0.205297 0.942712
-0.793941 -27.218062 110.784715 1042.576954 0.423341 0.899094 0.111409 0.699748 -0.246387 -0.670557 0.575444 -0.361833 0.733445
5.696426 -7.588419 284.900350 -85.311784 0.758180 0.650834 -0.039710 -0.520686 0.567659 -0.637691 0.392490 -0.504161 -0.769268
6.021673 -7.370825 179.299797 -37.614477 0.741260 0.659768 -0.123453 -0.553749 0.497157 -0.667980 0.379336 -0.563508 -0.733868
5.306130 -7.080116 269.590114 -35.580763 0.751024 0.658095 -0.053604 -0.512045 0.529244 -0.676543 0.416860 -0.535548 -0.734450
3.716220 -6.756614 232.764432 -31.757905 0.746228 0.665238 -0.024554 -0.493636 0.528234 -0.690863 0.446618 -0.527662 -0.722568
-11.028975 -20.951499 -221.534623 151.018135 0.078050 0.996025 -0.042914 -0.650612 0.018273 -0.759190 0.755388 -0.087176 -0.649453
-11.808391 -21.226993 -180.901654 144.360037 0.002012 0.999488 0.031921 -0.627777 0.026109 -0.777955 0.778390 0.018474 -0.627509
-10.849427 -22.311513 -216.887762 38.401373 0.052152 0.998546 -0.013662 -0.465404 0.012198 -0.885014 0.883560 -0.052514 -0.465364
-10.019614 -22.409000 -132.917274 20.675545 0.106569 0.991506 -0.074562 -0.483271 -0.013885 -0.875361 0.868960 -0.129320 -0.477686
-10.002815 -22.370864 -174.353704 -118.078757 0.080521 0.996015 -0.038354 -0.262309 -0.015948 -0.964852 0.961619 -0.087751 -0.259979
-0.255179 -66.051893 -92.359839 2260.864612 0.310065 0.853334 0.419142 0.827722 -0.459182 0.322535 -0.467692 -0.246926 0.848700
-0.409788 -60.305587 30.193891 570.047376 0.320120 0.868088 0.379403 0.716188 -0.483903 0.502905 -0.620160 -0.110734 0.776621
-0.188196 -71.449085 -115.435230 72.507494 0.290589 0.872987 0.391729 0.605805 -0.484747 0.630888 -0.740647 -0.053982 0.669723
0.493250 -82.528284 -42.397242 2138.880868 0.330303 0.856307 0.397037 0.856959 -0.448380 0.254120 -0.395628 -0.256308 0.881921
-16.812525 -18.434459 -1318.772894 -1176.114875 0.176235 0.932833 -0.314268 -0.538416 -0.175920 -0.824112 0.824045 -0.314444 -0.471248
3.973190 -119.978350 -732.492190 -9231.155398 0.211433 0.903219 -0.373486 -0.590503 -0.186456 -0.785201 0.778847 -0.386562 -0.493930
11.387774 -44.131239 1328.513696 -4525.518141 -0.183761 0.693540 -0.696588 -0.694966 -0.592832 -0.406905 0.695164 -0.409332 -0.590926
-18.527610 -49.713626 -823.375653 -4539.074765 -0.605326 -0.242710 -0.758071 0.059523 0.935909 -0.347177 0.793749 -0.255278 -0.552084
-5.616941 -41.052072 -598.325440 -3007.498172 -0.538284 -0.406097 -0.738468 -0.071887 0.895177 -0.439874 0.839692 -0.183691 -0.511053
1.578835 -8.276539 -81.632460 -168.412330 0.705811 0.707688 -0.031774 -0.643372 0.621602 -0.446860 0.296487 -0.335842 -0.894039
1.837681 -8.463186 21.922601 -183.087993 0.676685 0.736134 -0.014280 -0.665513 0.603240 -0.439537 0.314944 -0.306932 -0.898111
1.217786 -9.712950 -54.328898 115.729722 0.685553 0.727242 -0.033705 0.688704 -0.632825 0.353863 0.236014 -0.265805 -0.934690
-1.211785 -22.962913 -41.903785 187.781153 0.689943 0.699340 -0.186821 -0.039082 -0.221723 -0.974326 0.722808 -0.679531 0.125644
-0.919544 -23.907367 -66.857842 142.762957 0.703555 0.691548 -0.163619 0.078741 -0.304685 -0.949193 0.706265 -0.654926 0.268816
-0.710864 -23.265288 -71.484198 249.218244 0.708281 0.682224 -0.181405 -0.063401 -0.194458 -0.978860 0.703078 -0.704809 0.094478
-1.360478 -23.879859 -35.009030 51.737439 0.684404 0.709439 -0.168192 0.140633 -0.354802 -0.924304 0.715412 -0.608944 0.342598
-1.120138 -21.880649 -39.460177 164.494757 0.689846 0.694146 -0.205606 -0.196811 -0.093491 -0.975974 0.696691 -0.713737 -0.072121
0.734204 -7.632259 235.657656 136.739581 0.601378 0.704545 -0.376778 -0.629941 0.708192 0.318808 0.491446 0.045623 0.869712
0.310515 -8.500397 208.371651 114.537644 0.607699 0.697531 -0.379674 -0.588638 0.716544 0.374260 0.533111 -0.003947 0.846036
2.280365 -8.450067 283.510455 -116.810826 0.597416 0.716204 -0.360757 0.609311 -0.697872 -0.376449 0.521377 -0.005083 0.853311
1.203988 -106.591649 259.123766 -768.562484 0.376306 0.183423 0.908158 0.674185 0.618137 -0.404203 -0.635506 0.764370 0.108948
2.401611 -80.007386 329.318169 150.370970 0.411343 0.192196 0.890987 0.870375 0.207418 -0.446570 -0.270636 0.959186 -0.081963
-1.152219 -94.345148 154.230107 384.557912 0.361471 0.196983 0.911338 0.802068 0.432696 -0.411657 -0.475422 0.879757 -0.001587
1.207935 -107.567119 -230.642509 4318.735449 0.302017 0.186751 0.934832 0.766240 0.535852 -0.354597 -0.567153 0.823399 0.018741
-3.970420 -96.527066 297.664298 1833.097529 0.309392 0.138228 0.940834 0.563401 0.770390 -0.298460 -0.766065 0.622409 0.160475
-0.790102 -95.572637 398.128279 385.151677 0.354627 0.119401 0.927353 0.417815 0.867044 -0.271412 -0.836463 0.483712 0.257590
1.189910 -88.833574 74.146135 1857.330360 0.304782 0.158380 0.939161 0.474944 0.829449 -0.294010 -0.825552 0.535658 0.177579
-13.608018 -18.552298 306.616165 -263.088959 0.689172 0.720589 0.076116 0.692772 -0.624465 -0.360708 -0.212391 0.301321 -0.929568
-10.358183 -17.726116 -55.954622 -252.065442 0.520071 0.822630 0.229796 0.843977 -0.453599 -0.286269 -0.131258 0.342823 -0.930185
15.809981 -25.385702 160.757255 346.566247 0.817387 0.194012 -0.542437 0.576071 -0.282825 0.766911 0.004624 0.939345 0.342942
14.196834 -21.519655 275.569860 453.311112 0.819527 0.163584 -0.549195 0.552591 -0.479342 0.681817 0.151718 0.862248 0.483229
16.694550 -23.006390 27.704246 153.000586 0.817382 0.327664 -0.473839 0.572529 -0.370626 0.731333 -0.064015 0.869064 0.490540
12.846992 -23.909504 395.142307 527.165932 0.817889 0.052119 -0.573011 0.543606 -0.396344 0.739868 0.188548 0.916622 0.352498
13.439485 -25.817861 304.870811 206.117873 0.827899 0.033769 -0.559859 0.557037 -0.166096 0.813708 0.065512 0.985531 0.156322
-8.524879 -10.905090 64.864280 -161.367101 0.486455 0.862489 -0.139553 0.277905 -0.001314 0.960608 -0.828330 0.506075 0.240329
0.905704 -10.910704 93.522891 -80.352216 0.578384 0.799938 0.159911 0.211587 -0.336424 0.917633 -0.787847 0.496909 0.363839
0.876716 -1.489637 434.563298 -59.275660 0.578729 -0.770812 -0.266309 0.795869 0.605077 -0.021809 0.177948 -0.199326 0.963641
0.089468 -2.943159 -10.088735 228.831943 -0.136468 -0.977080 -0.163374 0.977329 -0.105842 -0.183374 0.161879 -0.184694 0.969372
-0.069118 -3.438442 -74.841862 359.663813 -0.329363 -0.937215 -0.114668 0.932120 -0.303375 -0.197777 0.150572 -0.172025 0.973517
0.240858 -5.645813 -13.628291 142.727270 -0.339853 -0.933684 -0.112842 0.936094 -0.324252 -0.136343 0.090712 -0.151967 0.984214
0.347105 -1.063607 525.520403 47.102684 0.592417 -0.757692 -0.273759 0.782091 0.622429 -0.030265 0.193327 -0.196174 0.961322
-0.473071 -4.749563 165.214524 463.968895 0.522917 0.851141 0.045999 0.837965 -0.503439 -0.210627 0.156116 -0.148687 0.976484
0.190012 -6.171015 -103.172873 129.680384 -0.430852 -0.899262 -0.075458 0.899090 -0.420579 -0.121451 0.077480 -0.120171 0.989725
-1.410572 -10.338624 -49.873998 -14.612887 0.521462 0.852576 0.034520 -0.782594 0.461753 0.417530 -0.340036 0.244741 -0.908007
-2.036297 -10.251928 -54.889549 -41.696260 0.480499 0.874065 0.071635 -0.817961 0.417194 0.396092 -0.316325 0.248916 -0.915412
-2.219510 -9.627768 -22.565300 -104.238787 0.481910 0.873495 0.069063 -0.843887 0.441469 0.304892 -0.235832 0.205212 -0.949880
-2.443009 -10.266064 -47.802545 -74.619494 0.456647 0.883216 0.106783 -0.845519 0.393526 0.360880 -0.276713 0.255083 -0.926479
-2.454594 -9.252673 -27.826082 141.518664 0.459030 0.882695 0.100699 0.864926 -0.418117 -0.277635 -0.202964 0.214540 -0.955394
0.891924 -15.992038 -84.318460 -20.146204 0.583335 0.811301 0.038870 0.434428 -0.352079 0.829043 -0.686289 0.466724 0.557832
0.453993 -16.607840 -52.543851 199.555495 0.600345 0.797643 0.057889 0.508727 -0.436739 0.741927 -0.617076 0.415962 0.667977
-0.096860 -16.303801 -30.177780 23.413500 0.605629 0.792902 0.067231 0.536401 -0.469193 0.701522 -0.587782 0.388799 0.709470
-0.105224 -14.883517 -9.005665 60.646182 0.589400 0.806679 0.043327 0.500185 -0.406525 0.764560 -0.634368 0.428960 0.643094
1.427523 -38.110560 -263.215788 829.652705 0.620881 0.749152 -0.230818 0.771307 -0.531247 0.350517 0.139970 -0.395661 -0.907668
1.543612 -43.082872 -181.162529 827.681287 0.571116 0.787593 -0.231352 0.813347 -0.581011 0.029889 -0.110878 -0.205240 -0.972411
1.483953 -30.074685 -111.319539 488.605706 0.669574 0.714480 -0.202949 0.698057 -0.511993 0.500579 0.253745 -0.476845 -0.841565
-1.211506 -6.377711 -267.781522 -126.825954 -0.976263 0.077898 -0.202094 0.063619 0.995059 0.076225 0.207033 0.061559 -0.976395
1.936498 -4.282831 -489.471759 -23.093172 -0.871362 0.454355 -0.185176 0.445492 0.890809 0.089425 0.205587 -0.004573 -0.978628
1.970998 -4.049941 -691.954345 -60.483885 -0.794023 0.573255 -0.202254 0.573294 0.816812 0.064441 0.202144 -0.064783 -0.977211
-11.905365 -14.362324 -279.230674 692.116591 -0.820928 -0.543411 0.175450 -0.475244 0.820510 0.317659 -0.316578 0.177393 -0.931832
-11.226895 -15.244567 418.426872 436.527186 -0.938981 -0.040444 0.341583 -0.016454 0.997208 0.072840 -0.343576 0.062775 -0.937025
-9.166932 -12.826838 734.798805 659.779157 -0.912424 -0.031209 0.408054 0.062651 0.974683 0.214635 -0.404422 0.221403 -0.887369
-4.737162 -21.464382 23.652669 95.483849 -0.621655 -0.760179 0.188873 0.771608 -0.552824 0.314652 -0.134778 0.341341 0.930226
-4.463761 -22.031881 17.182137 46.727944 -0.616180 -0.771695 0.157506 0.757734 -0.526281 0.385834 -0.214853 0.357091 0.909024
-4.515970 -21.048950 52.335333 115.242561 -0.607952 -0.778717 0.154901 0.793538 -0.589482 0.151025 -0.026295 0.214736 0.976318
-0.130856 -11.855729 -91.914280 -182.866411 0.665598 0.737431 0.114784 -0.560033 0.391864 0.729935 -0.493297 0.550126 -0.673810
0.923611 -10.259504 -73.284261 -244.284418 0.657180 0.741095 0.137452 -0.625712 0.434736 0.647679 -0.420237 0.511647 -0.749412
0.663095 -12.328175 -93.349942 -151.337198 0.642703 0.751431 0.149282 -0.569860 0.338663 0.748710 -0.512048 0.566268 -0.645870
0.094150 -13.877637 -60.403303 -90.934847 0.649513 0.746878 0.142498 -0.491908 0.269849 0.827773 -0.579792 0.607746 -0.542666
-1.191167 -14.402834 -131.788580 -167.199265 0.666192 0.738938 0.100796 -0.476141 0.317401 0.820089 -0.574002 0.594330 -0.563288
-1.248448 -13.019931 -125.131362 -103.956987 0.689339 0.719601 0.083583 -0.490586 0.378804 0.784751 -0.533046 0.581964 -0.614150
-1.299027 -42.227022 -100.789422 -557.958279 0.828852 0.559118 0.019789 0.475718 -0.685721 -0.550890 0.294443 -0.466020 0.834343
-1.549631 -44.291039 -26.901331 25.905410 0.837496 0.546364 -0.009268 0.289912 -0.458642 -0.839999 0.463196 -0.700809 0.542509
-4.555582 -10.579542 48.763233 -0.313271 0.897226 -0.108792 -0.427961 0.210573 -0.746465 0.631229 0.388130 0.656471 0.646839
-4.265118 -10.690503 57.564345 -86.238226 0.883757 -0.105263 -0.455953 0.204311 -0.789794 0.578344 0.420988 0.604272 0.676480
2.679495 -77.036545 -194.202823 -3383.594964 0.797637 0.601828 0.039723 -0.485604 0.679869 -0.549514 0.357720 -0.419024 -0.834539
5.127086 -83.568823 -672.058429 -3682.378577 0.787238 0.616623 0.005603 -0.414714 0.536143 -0.735229 0.456364 -0.576477 -0.677795
0.835393 -108.622065 265.132733 -8006.238301 -0.764846 -0.643678 -0.026268 -0.612926 0.739647 -0.277926 0.198324 -0.196470 -0.960243
3.002613 -53.258755 -247.487470 -664.910702 0.836369 0.544332 0.064729 -0.292335 0.542800 -0.787343 0.463711 -0.639586 -0.613108
1.119017 -67.396916 -255.991576 -3134.606530 0.813672 0.581174 0.013246 -0.468823 0.669508 -0.576163 0.343719 -0.462598 -0.817227
-9.600570 -1053.458897 -1034.896279 -59351.453865 0.573599 0.817224 -0.055942 -0.488529 0.286474 -0.824180 0.657513 -0.500078 -0.563559
7.379781 -141.914312 694.605977 -11157.789620 0.685088 0.727278 -0.041478 -0.273693 0.204212 -0.939888 0.675090 -0.655259 -0.338954
