19477
38937
-5.378005 -7.721725 61.205148 -135.344318 -0.596420 0.779421 0.191798 0.795135 0.606374 0.008412 -0.109745 0.157522 -0.981398
-6.490477 -9.289728 105.201037 -104.195898 -0.440666 0.874669 0.201910 0.897667 0.428663 0.102188 0.002829 0.226279 -0.974059
-7.922587 -10.144319 -42.568708 -339.726642 0.339700 0.930242 0.138756 0.939373 -0.328242 -0.099171 -0.046707 0.164033 -0.985349
-4.667609 -8.464258 -17.855072 -100.673417 -0.684783 0.696629 0.213962 0.726466 0.675767 0.124846 -0.057617 0.240929 -0.968831
-6.636601 -9.468741 -105.559056 391.583544 0.473456 0.880079 0.036076 -0.869381 0.460338 0.179626 -0.141478 0.116409 -0.983073
-4.782084 -6.116182 76.184701 127.597330 -0.664882 0.720602 0.196631 -0.723731 -0.686617 0.069072 -0.184784 0.096383 -0.978042
-3.904454 -7.286112 18.908576 -117.050768 0.794461 -0.565098 -0.222478 0.587085 0.808373 0.043178 -0.155445 0.164916 -0.973981
-5.092173 -6.282312 -114.063741 9.007961 0.561177 0.770926 -0.301253 -0.648309 0.635676 0.419060 -0.514563 0.039862 -0.856525
-2.746260 -6.165739 -272.816969 -91.871239 0.308642 0.926140 -0.216804 -0.824591 0.374138 0.424347 -0.474119 -0.047803 -0.879162
-2.490417 -6.684761 -273.654807 -4.214001 0.228320 0.963686 -0.138489 -0.794238 0.266635 0.545978 -0.563077 0.014664 -0.826274
10.371604 -25.101809 392.080117 -436.661496 0.383620 0.834968 -0.394543 0.882957 -0.206438 0.421628 0.270597 -0.510109 -0.816435
6.339740 -24.024942 300.232244 -372.987188 0.284507 0.876645 -0.388008 0.926215 -0.146930 0.347184 0.247347 -0.458155 -0.853764
7.432876 -23.034789 336.284794 -858.418786 0.361040 0.852403 -0.378232 0.932254 -0.319676 0.169439 0.023519 -0.413782 -0.910072
10.450470 -25.288445 414.082704 -497.360788 0.286957 0.866624 -0.408188 -0.766529 -0.047833 -0.640426 0.574534 -0.496663 -0.650567
9.042994 -22.522160 -176.982410 -492.221628 0.522513 0.645803 -0.556704 0.841647 -0.286197 0.457954 0.136421 -0.707835 -0.693079
12.102170 -24.057995 42.667884 301.838030 0.490363 0.708577 -0.507407 0.721669 -0.003723 0.692229 0.488608 -0.705623 -0.513184
7.878917 -10.628256 -590.189492 -118.457338 -0.554331 0.529991 0.641737 0.184735 0.830160 -0.526030 -0.811535 -0.173044 -0.558091
-10.345336 -34.225817 239.291622 2906.660662 -0.120841 0.992170 0.031551 -0.096545 -0.043380 0.994383 -0.987966 -0.117116 -0.101031
11.237628 -8.578975 -911.479946 -86.373095 -0.611429 0.255001 0.749085 -0.058248 0.929580 -0.363988 -0.789152 -0.266186 -0.553520
13.765343 -8.750532 -785.699114 -153.415992 -0.525644 0.154337 0.836587 -0.199047 0.933794 -0.297336 -0.827090 -0.322813 -0.460123
0.104687 -3.477555 40.747352 -59.451474 0.248014 0.955360 0.160550 -0.876972 0.150999 0.456200 -0.411592 0.253942 -0.875274
-0.318859 -3.413312 26.984334 -52.090913 0.182503 0.965693 0.184741 -0.893891 0.084719 0.440207 -0.409454 0.245477 -0.878686
-0.305625 -3.767822 26.585661 -38.843228 0.181173 0.965542 0.186831 -0.874320 0.071157 0.480105 -0.450267 0.250332 -0.857084
0.168302 -2.916603 31.995863 -34.143692 0.254839 0.954770 0.153202 -0.893012 0.171599 0.416033 -0.370927 0.242833 -0.896351
0.279914 -12.604154 -59.387321 85.428712 0.738584 0.670152 -0.073413 0.042752 0.062118 0.997153 -0.672804 0.739620 -0.017229
0.790607 -13.222276 -1.899010 4.406772 0.755721 0.654641 -0.018163 -0.093589 0.135406 0.986360 -0.648172 0.743714 -0.163596
-0.067485 -12.015614 3.608675 100.093495 0.761534 0.648048 -0.009988 0.043799 -0.036082 0.998389 -0.646643 0.760745 0.055862
0.023049 -12.983171 61.897687 66.370469 0.777438 0.628180 0.031308 -0.063372 0.028712 0.997577 -0.625759 0.777538 -0.062131
-0.740794 -11.329844 -23.555245 162.259233 0.749872 0.655616 -0.088657 0.195985 -0.092143 0.976268 -0.631888 0.749452 0.197586
-0.265580 -11.499006 23.473478 134.943574 0.773086 0.632956 0.041286 0.056141 -0.133113 0.989509 -0.631812 0.762658 0.138443
-0.772340 -10.610814 -0.127686 104.751679 0.776856 0.629626 0.008076 0.150279 -0.197843 0.968646 -0.611482 0.751285 0.248315
1.617204 -5.262347 -95.934754 110.382936 -0.407509 0.884566 -0.226889 0.909479 0.370713 -0.188201 -0.082366 -0.283045 -0.955563
0.600038 -6.736115 -163.070064 67.938441 -0.419217 0.868493 -0.264530 0.900993 0.362147 -0.238874 -0.111662 -0.338480 -0.934325
0.242232 -5.045421 -120.700761 198.537020 -0.422148 0.872612 -0.245641 0.906492 0.403968 -0.122806 -0.007931 -0.274514 -0.961550
0.266185 -2.764859 10.767426 246.636258 -0.291413 0.932495 -0.213379 0.953360 0.301446 0.015349 0.078635 -0.198954 -0.976849
0.813146 -3.257050 -40.042960 177.793770 -0.344603 0.914617 -0.211481 0.938565 0.340130 -0.058367 0.018548 -0.218602 -0.975638
-0.209938 -4.641066 -31.514221 238.272601 -0.335826 0.914247 -0.226655 0.941603 0.332127 -0.055452 0.024582 -0.232042 -0.972395
-1.522819 -6.578874 -53.089845 10.735561 -0.369290 0.907513 -0.200115 0.878511 0.270688 -0.393634 -0.303059 -0.321168 -0.897222
-1.020646 -6.637555 -71.250241 19.013714 -0.351667 0.911265 -0.214303 -0.855236 -0.219658 0.469385 -0.380661 -0.348347 -0.856593
-1.770632 -6.712917 -31.061170 27.491867 -0.386401 0.907730 -0.163462 -0.840181 -0.273297 0.468406 -0.380513 -0.318331 -0.868260
-0.064448 -6.490501 32.409865 -42.348052 0.015181 0.864890 0.501732 0.627293 -0.398994 0.668810 -0.778635 -0.304580 0.548597
0.353870 -6.254323 33.265030 -15.116504 0.001444 0.868751 0.495247 0.598338 -0.397564 0.695654 -0.801242 -0.295320 0.520381
0.124454 -6.355631 20.435055 8.947743 -0.014041 0.877381 0.479589 0.567290 -0.387981 0.726397 -0.823399 -0.282265 0.492281
-0.198298 -6.691415 4.591578 -13.835358 -0.006281 0.867734 0.496989 0.567467 -0.406130 0.716268 -0.823372 -0.286523 0.489859
0.025156 -6.250563 2.632541 24.255883 -0.034892 0.886221 0.461946 0.515415 -0.380057 0.768052 -0.856230 -0.264893 0.443510
-0.206800 -12.541809 13.173576 -123.363170 -0.060560 0.957710 0.281289 -0.868318 -0.189535 0.458368 -0.492298 0.216489 -0.843075
-0.307566 -12.535701 25.266424 72.398475 -0.065055 0.955064 0.289172 -0.753346 -0.237044 0.613417 -0.654399 0.177941 -0.734915
0.080148 -11.793587 8.363233 -29.540279 -0.085823 0.952806 0.291195 -0.791446 -0.242733 0.560975 -0.605183 0.182320 -0.774927
-0.034140 -11.994530 3.311307 105.228704 -0.079881 0.958162 0.274855 -0.647751 -0.259479 0.716302 -0.757653 0.120819 -0.641378
0.149953 -12.215168 23.365362 -65.036194 -0.061624 0.955994 0.286842 -0.880374 -0.187467 0.435658 -0.470260 0.225681 -0.853184
0.185396 -12.023386 18.081007 53.130147 -0.082088 0.953186 0.291031 -0.684609 -0.266146 0.678585 -0.724274 0.143539 -0.674406
0.334978 -11.790923 8.934083 -64.841143 -0.080834 0.954725 0.286298 -0.797337 -0.234298 0.556200 -0.598097 0.183316 -0.780176
-2.376071 -17.024614 -9.111431 -72.037185 0.116808 0.890400 -0.439936 0.138868 -0.453259 -0.880495 0.983398 -0.041756 0.176593
-2.729981 -16.390274 4.550082 0.227020 0.108477 0.894613 -0.433475 0.348149 -0.442621 -0.826365 0.931142 0.061272 0.359473
-2.434971 -17.272050 -59.141962 -8.368488 0.155645 0.901542 -0.403728 0.291842 -0.432432 -0.853130 0.943718 -0.014961 0.330414
-1.720344 -17.585202 -60.353599 -52.133941 0.169717 0.895255 -0.411965 0.086798 -0.429984 -0.898655 0.981663 -0.116759 0.150682
-0.849025 -8.105278 21.242865 -12.891535 0.080626 0.948899 0.305107 -0.535069 0.299463 -0.789951 0.840952 0.099563 -0.531871
-1.119362 -8.493473 -1.754882 -35.908045 0.115786 0.947834 0.296992 -0.534895 0.311445 -0.785423 0.836948 0.067919 -0.543052
-0.842446 -9.331956 19.356615 -89.908271 0.074175 0.953649 0.291635 -0.607751 0.275087 -0.744960 0.790656 0.121984 -0.599986
-0.694002 -8.974264 22.923630 -64.083729 0.061200 0.955395 0.288922 -0.605600 0.265639 -0.750123 0.793413 0.129063 -0.594844
2.264461 -5.219201 -99.957606 16.089429 -0.280102 0.874939 -0.395000 -0.600079 0.161587 0.783450 -0.749298 -0.456478 -0.479771
2.319664 -4.830543 4.304798 23.072629 -0.237489 0.898575 -0.369001 -0.552880 0.187300 0.811937 -0.798700 -0.396840 -0.452323
1.568402 -4.825740 -59.593568 35.193456 -0.227965 0.863278 -0.450315 -0.536638 0.274508 0.797913 -0.812435 -0.423553 -0.400690
0.253683 -5.171284 -159.917305 41.005414 -0.272710 0.849137 -0.452322 -0.550031 0.248130 0.797431 -0.789364 -0.466259 -0.399384
1.277650 -4.462346 -11.442117 20.022350 -0.210516 0.860774 -0.463412 -0.484596 0.319811 0.814179 -0.849029 -0.395965 -0.349802
0.754529 -4.710691 -97.759019 26.521851 -0.232436 0.844654 -0.482217 -0.507724 0.317507 0.800878 -0.829572 -0.430986 -0.355051
0.695472 -6.829602 190.915872 -5.262176 0.052909 0.951980 -0.301554 0.495127 0.237235 0.835804 -0.867208 0.193529 0.458799
0.119631 -6.815443 198.078695 3.413361 0.052208 0.949335 -0.309898 0.427537 0.259196 0.866042 -0.902489 0.177707 0.392344
-2.010997 -7.174575 152.355294 -11.627758 0.070462 0.970191 -0.231871 0.484450 0.169912 0.858160 -0.871977 0.172798 0.458037
2.433706 -6.613378 198.822124 7.580083 0.021930 0.944882 -0.326676 0.421088 0.287628 0.860206 -0.906755 0.156424 0.391571
3.432649 -6.610995 198.131975 -0.126104 0.004510 0.947286 -0.320357 0.487149 0.277695 0.827992 -0.873307 0.159796 0.460217
0.770155 -1.298511 57.070440 91.712356 -0.106384 0.971226 -0.213077 0.993083 0.114488 0.026030 0.049676 -0.208834 -0.976689
0.407007 -2.960945 60.959610 238.271042 -0.176380 0.959490 -0.219703 0.981427 0.188532 0.035462 0.075446 -0.209368 -0.974922
1.041214 -1.553196 -6.926744 86.078930 -0.060198 0.958858 -0.277432 0.997021 0.071187 0.029698 0.048225 -0.274817 -0.960286
0.916394 -3.129018 24.776017 226.291272 0.033252 0.967432 -0.250939 0.997715 -0.017357 0.065294 0.058812 -0.252537 -0.965798
0.187007 -5.007615 83.331742 187.627130 -0.048589 0.974572 -0.218744 0.998424 0.041232 -0.038077 -0.028089 -0.220249 -0.975039
0.307500 -15.457843 5.203213 -46.077954 -0.108297 0.972307 -0.207101 0.922567 0.175903 0.343408 -0.370327 0.153875 0.916068
0.257322 -17.108214 -20.007978 -61.090805 -0.085834 0.979379 -0.182891 0.955332 0.133010 0.263912 -0.282797 0.152069 0.947049
0.160718 -15.928198 -18.216147 -42.794093 -0.073905 0.980333 -0.182990 0.979478 0.105856 0.171516 -0.187514 0.166559 0.968038
0.026145 -15.170477 9.712884 -65.405520 -0.093499 0.975136 -0.200916 0.975450 0.130134 0.177657 -0.199386 0.179373 0.963364
0.299337 -14.640193 6.779062 -33.970271 -0.129773 0.970241 -0.204431 0.910424 0.198271 0.363066 -0.392794 0.139003 0.909061
0.415128 -15.445836 -2.965111 73.886791 -0.140968 0.969500 -0.200492 0.831650 0.225834 0.507303 -0.537108 0.095225 0.838121
-0.306413 -14.224523 48.200108 -89.421715 0.083425 0.954908 0.284939 0.964119 -0.149657 0.219264 0.252020 0.256423 -0.933131
-0.396267 -13.816620 19.051826 -18.921640 0.082872 0.960213 0.266688 -0.911740 0.181090 -0.368695 0.402320 0.212596 -0.890473
-0.453751 -14.143955 22.552587 -77.014527 0.101282 0.955410 0.277370 -0.871910 0.219504 -0.437712 0.479078 0.197510 -0.855263
1.658888 -5.658686 -14.891736 -31.768644 -0.279481 0.951376 -0.129512 0.916987 0.304467 0.257748 -0.284648 0.046725 0.957493
2.059401 -5.430604 -17.163365 -26.335354 -0.313837 0.937994 -0.147220 0.879089 0.345645 0.328227 -0.358761 0.026409 0.933056
1.819440 -6.046056 -8.067957 -25.848543 -0.231269 0.962055 -0.144791 0.924225 0.263734 0.276139 -0.303847 0.069957 0.950149
1.518983 -6.418894 -12.155774 -42.242218 -0.211779 0.968671 -0.129713 0.952708 0.234217 0.193625 -0.217940 0.082573 0.972463
1.454568 -6.015752 -15.040097 -48.739378 -0.236942 0.965081 -0.111704 0.948955 0.254541 0.186259 -0.208188 0.061870 0.976130
0.626318 -14.237235 17.686118 62.104057 -0.154666 0.967525 -0.199935 0.887055 0.225095 0.403070 -0.434985 0.115012 0.893062
0.580614 -14.480687 29.050843 89.341700 -0.142495 0.967144 -0.210542 0.854415 0.227572 0.467104 -0.499670 0.113330 0.858770
-4.702528 -23.006264 9.858855 18.686055 0.032364 0.999473 0.002395 -0.256939 0.010636 -0.966369 0.965886 -0.030660 -0.257148
-6.518799 -21.747325 9.990334 -278.702179 0.030044 0.999172 -0.027418 0.093437 -0.030118 -0.995170 0.995172 -0.027337 0.094265
-5.958257 -21.783609 -61.842171 -221.440942 0.090418 0.993412 0.070406 -0.007763 0.071397 -0.997418 0.995874 -0.089638 -0.014167
-5.084799 -22.397787 -135.136963 -272.596108 0.182285 0.970861 0.155569 0.081402 0.142775 -0.986402 0.979870 -0.192470 0.053005
-4.088148 -23.297578 -82.918698 -39.147336 0.147023 0.982820 0.111571 -0.224441 0.143003 -0.963938 0.963333 -0.116680 -0.241610
-4.952697 -12.094369 18.835273 85.861570 0.048702 0.915760 -0.398763 0.349522 0.358369 0.865683 -0.935662 0.181537 0.302625
-4.911448 -11.473247 22.925346 63.477988 0.024258 0.905315 -0.424047 0.459119 0.366705 0.809158 -0.888043 0.214317 0.406752
-4.872948 -12.038543 31.811962 61.811023 0.113243 0.899419 -0.422162 0.418375 0.342223 0.841336 -0.901187 0.271898 0.337541
-4.912820 -13.113217 39.410110 57.806276 0.121758 0.911569 -0.392705 0.238292 0.357232 0.903107 -0.963531 0.203539 0.173724
-0.272825 -18.404844 2.032694 -14.721729 0.246788 0.924884 0.289284 0.850614 -0.063726 -0.521915 0.464276 -0.374871 0.802446
-0.373690 -18.909354 3.593571 21.306575 -0.266067 -0.916960 -0.297310 0.909654 -0.136783 -0.392200 0.318965 -0.374800 0.870509
-0.370780 -19.637111 9.853844 -67.779971 0.250854 0.925317 0.284359 0.793760 -0.028479 -0.607565 0.554092 -0.378123 0.741624
0.241364 -47.787724 17.281202 3594.663812 0.347818 0.937533 0.007407 -0.452264 0.174697 -0.874608 0.821267 -0.300854 -0.484775
-2.048891 -115.168085 -82.087967 6956.233351 0.358414 0.933554 -0.004107 -0.353992 0.131833 -0.925910 0.863845 -0.333313 -0.377722
44.190072 -1298.459475 224.305248 92696.704776 0.348958 0.936803 0.025060 -0.199089 0.100238 -0.974841 0.915747 -0.335189 -0.221486
-2.401383 -151.353912 -76.404168 8840.431665 0.292665 0.930145 0.221759 0.431849 0.078344 -0.898537 0.853143 -0.358736 0.378754
-1.325463 -91.732468 217.353699 5531.678081 0.384085 0.922606 0.035738 -0.071301 0.068230 -0.995118 0.920540 -0.379662 -0.091989
2.208818 -6.426933 24.094044 -33.319675 -0.060868 0.982805 -0.174328 0.902134 0.128907 0.411750 -0.427141 0.132205 0.894468
1.003233 -6.666276 46.674510 4.185580 0.017259 0.986284 -0.164150 0.950966 0.034515 0.307363 -0.308813 0.161406 0.937327
1.641677 -6.539648 30.546167 -25.393524 -0.060831 0.984294 -0.165724 0.934777 0.114395 0.336311 -0.349987 0.134457 0.927055
1.077070 -6.587777 35.149823 7.342655 -0.058143 0.984861 -0.163305 0.969038 0.094999 0.227906 -0.239969 0.144997 0.959891
2.540234 -6.094485 13.260462 -35.279503 -0.146286 0.972409 -0.181718 0.897360 0.207753 0.389337 -0.416347 0.106112 0.902992
1.736232 -6.356997 18.015723 -19.225656 -0.145046 0.975754 -0.163910 0.939487 0.187787 0.286532 -0.310365 0.112431 0.943945
6.154039 -2.438275 74.567867 -44.060198 0.978634 0.088134 -0.185762 0.151492 -0.919929 0.361637 0.139015 0.382052 0.913625
6.164434 -2.819361 89.144072 -29.646542 0.981710 0.083383 -0.171153 0.134734 -0.939433 0.315139 0.134510 0.332435 0.933485
6.129153 -2.673892 -81.346902 -26.304978 0.984549 0.167954 -0.049539 0.174819 -0.926534 0.333126 -0.010050 0.336640 0.941580
6.453232 -2.105889 2.086061 -10.539698 0.986565 0.127380 -0.102296 0.156357 -0.917699 0.365213 0.047356 0.376301 0.925286
-2.417812 -5.645080 -38.188884 -19.852104 -0.289414 0.892721 -0.345382 0.684633 0.445228 0.577105 -0.668967 0.069438 0.740042
-1.704106 -5.602682 -62.926669 -34.517546 -0.335622 0.886081 -0.319717 0.667519 0.463191 0.582987 -0.664663 0.017754 0.746932
-2.101870 -5.721453 -58.437244 -6.171892 -0.335658 0.876380 -0.345388 0.713327 0.475948 0.514430 -0.615223 0.073702 0.784901
-1.519718 -5.712239 -56.729051 -12.990007 -0.338035 0.889686 -0.306907 0.724749 0.454121 0.518183 -0.600393 0.047267 0.798307
-2.601767 -5.749472 -19.074126 6.327418 -0.303892 0.877379 -0.371291 0.742274 0.462354 0.485034 -0.597226 0.128201 0.791761
-1.927279 -5.814807 -36.739616 3.997356 -0.321456 0.883372 -0.341057 0.768606 0.453785 0.450914 -0.553092 0.117189 0.824837
-90.445509 -2792.448321 -2225.608241 -283891.311843 -0.239851 -0.263914 -0.934249 -0.421065 0.895392 -0.144836 0.874743 0.358640 -0.325886
-141.859828 -314.183900 -9858.011194 4112.909900 -0.459499 -0.409400 -0.788195 -0.681890 0.731240 0.017709 0.569110 0.545600 -0.615170
-70.046815 -233.653857 5284.081688 -10965.266198 0.679578 0.009024 0.733548 0.679953 -0.383108 -0.625214 0.275386 0.923659 -0.266488
-6.972327 -79.919096 88.533415 3938.648981 0.108258 0.005305 -0.994109 0.967887 -0.228781 0.104182 -0.226880 -0.973464 -0.029902
-2.981161 -70.102247 151.497425 3649.558219 0.267985 0.021221 -0.963189 0.960327 -0.085976 0.265294 -0.077182 -0.996071 -0.043419
-3.507743 -64.999661 -12.366383 3266.597839 0.197277 -0.066062 -0.978119 0.980173 -0.005556 0.198067 -0.018519 -0.997800 0.063657
-4.817498 -18.688943 229.441670 -266.763754 0.212199 0.968899 0.127302 -0.931391 0.239951 -0.273742 0.295775 0.060480 -0.953341
-3.901402 -17.989745 86.831558 -165.387903 0.213367 0.967486 0.135814 -0.961954 0.232329 -0.143765 0.170644 0.099972 -0.980248
-3.686419 -17.377528 98.591359 -13.885872 0.286995 0.951796 0.108251 -0.884334 0.306686 -0.351990 0.368221 -0.005289 -0.929723
0.719476 -6.483049 -119.476170 -63.846946 0.210263 0.607319 0.766129 0.779577 -0.577044 0.243475 -0.589957 -0.546063 0.594783
-0.311626 -6.320493 -83.496101 -17.555086 0.275569 0.566499 0.776622 -0.730986 0.648160 -0.213418 -0.624276 -0.508889 0.592716
1.304827 -6.263202 -122.143766 26.407376 0.205051 0.619278 0.757924 0.773702 -0.576838 0.261998 -0.599449 -0.532685 0.597418
-1.048961 -7.034408 -101.137944 70.687165 0.242932 0.585361 0.773522 -0.769556 0.601762 -0.213695 -0.590565 -0.543356 0.596655
2.923664 -5.700973 -190.637594 -86.313965 0.135850 0.654314 0.743921 0.808483 -0.507214 0.298479 -0.572626 -0.560899 0.597907
2.343584 -6.249288 180.422935 -135.058763 -0.148595 -0.634325 -0.758651 0.825807 -0.501640 0.257684 -0.544025 -0.588208 0.598371
14.631858 -11.260738 -259.601926 17.020617 -0.287662 0.802519 -0.522698 -0.009643 -0.548166 -0.836314 0.957684 0.235535 -0.165425
17.866277 -10.588601 276.601197 106.084487 -0.291196 0.811872 -0.506033 -0.144275 -0.560175 -0.815714 0.945722 0.164525 -0.280254
17.820845 -10.671835 378.598644 34.332262 -0.255670 0.820852 -0.510721 -0.009653 -0.530420 -0.847680 0.966716 0.211796 -0.143536
19.014660 -11.776994 -357.222663 22.464877 -0.250363 0.812340 -0.526708 0.157587 -0.502586 -0.850043 0.955241 0.295822 0.002186
-1.365330 -7.442987 -295.137719 -35.740985 0.224348 0.916981 -0.329870 -0.847954 0.016872 -0.529802 0.480253 -0.398575 -0.781342
-2.900470 -7.378499 -271.628801 -56.400590 0.186166 0.924912 -0.331483 -0.801678 -0.052057 -0.595485 0.568027 -0.376602 -0.731790
1.087582 -6.559549 -244.794494 -35.959065 0.123800 0.914354 -0.385525 -0.818923 -0.125265 -0.560066 0.560392 -0.385052 -0.733278
-4.937184 -8.354281 -216.818997 -67.611607 0.390590 0.905844 -0.163970 -0.793527 0.241015 -0.558772 0.466641 -0.348366 -0.812950
2.525619 -6.728273 -235.388429 -26.516175 0.160762 0.924431 -0.345807 -0.860610 -0.040245 -0.507673 0.483225 -0.379219 -0.789105
-0.504338 -17.960809 46.157962 -312.687444 -0.318211 0.916277 -0.243266 -0.821355 -0.394603 -0.411903 0.473411 -0.068736 -0.878156
-1.149838 -20.758298 55.857362 -357.007329 -0.320767 0.913243 -0.251189 -0.878794 -0.385885 -0.280738 0.353312 -0.130692 -0.926331
-0.793321 -22.217689 38.292237 -362.616315 -0.322678 0.913685 -0.247099 -0.908502 -0.372216 -0.189945 0.265524 -0.163199 -0.950191
-0.242484 -21.941859 46.484278 -393.446257 -0.322373 0.916959 -0.235077 -0.897725 -0.374922 -0.231353 0.300277 -0.136453 -0.944041
-0.568594 -10.125301 -28.530067 91.154391 -0.202179 0.947168 0.248992 -0.666948 0.053013 -0.743216 0.717150 0.316327 -0.620994
-0.346299 -8.831839 20.998022 50.707791 -0.236473 0.939878 0.246394 -0.721963 -0.000252 -0.691931 0.650269 0.341511 -0.678617
-0.524198 -10.007211 -7.609324 111.835979 -0.234710 0.942212 0.239055 -0.674977 0.019000 -0.737594 0.699512 0.334477 -0.631512
-0.582449 -10.015159 -78.077979 83.220777 -0.187829 0.946737 0.261550 -0.607691 0.097189 -0.788204 0.771642 0.306989 -0.557069
4.042200 -5.544712 108.166888 42.914580 0.135388 0.990436 -0.026586 -0.971797 0.127515 -0.198371 0.193084 -0.052693 -0.979766
3.835087 -5.003289 110.516420 37.302057 0.151084 0.988414 -0.014528 -0.983488 0.148818 -0.102980 0.099624 -0.029846 -0.994577
4.409084 -5.418810 44.555919 36.999186 0.159862 0.984219 -0.075883 -0.975632 0.145827 -0.163939 0.150286 -0.100241 -0.983548
4.546884 -5.808714 41.942718 27.751258 0.149105 0.983251 -0.104815 -0.962595 0.120082 -0.242880 0.226226 -0.137109 -0.964377
-0.815667 -7.213726 -16.228814 -78.970344 -0.051316 0.929179 0.366051 0.047553 0.368391 -0.928454 0.997550 0.030238 0.063090
-0.826209 -6.719543 -8.619646 -11.156625 -0.062930 0.912172 0.404946 0.087543 0.409232 -0.908221 0.994171 0.021704 0.105608
-0.606148 -6.580039 -43.875475 -15.346268 -0.034104 0.913759 0.404823 0.116945 0.405924 -0.906394 0.992553 -0.016430 0.120704
-0.425846 -6.978664 -20.686905 -55.333701 -0.034772 0.930508 0.364619 0.113290 0.366157 -0.923631 0.992953 -0.009191 0.118149
4.743707 -11.971363 -86.657025 -11.835138 -0.149885 0.929335 0.337448 0.735335 0.332933 -0.590286 0.660921 -0.159662 0.733274
5.771725 -11.949631 -78.143426 10.293418 -0.140489 0.965565 0.218971 0.744208 0.248853 -0.619860 0.653006 -0.075876 0.753542
3.878119 -11.999991 -60.456395 -79.104372 -0.134882 0.946784 0.292243 0.649217 0.307256 -0.695781 0.748548 -0.095881 0.656112
6.883874 -12.422647 -120.488647 55.615498 -0.150633 0.948771 0.277747 0.830809 0.273761 -0.484574 0.535786 -0.157762 0.829484
2.979123 -11.419533 -52.343410 -22.040668 -0.138433 0.913243 0.383175 0.627375 0.380234 -0.679576 0.766314 -0.146318 0.625583
3.693572 -12.093924 -75.565103 32.534652 -0.159670 0.892637 0.421550 0.747287 0.388322 -0.539228 0.645032 -0.228920 0.729060
5.073272 -12.191671 -119.132044 88.421652 -0.161245 0.909129 0.384038 0.798699 0.348788 -0.490334 0.579724 -0.227667 0.782360
-2.773352 -11.773332 3.338038 29.274047 -0.081091 -0.896957 0.434617 0.925366 0.094252 0.367171 -0.370301 0.431954 0.822371
-2.776518 -11.838131 -4.446133 85.684179 -0.096428 -0.870150 0.483261 0.920333 0.106960 0.376228 -0.379064 0.481040 0.790513
-2.744585 -11.777867 -17.833654 13.288003 0.089256 0.896829 -0.433280 0.861246 0.149012 0.485851 -0.500289 0.416526 0.759090
13.108881 -10.016954 574.379481 91.445122 0.008084 0.935703 -0.352695 0.007898 -0.352756 -0.935682 0.999936 -0.004779 0.010242
11.373507 -3.049584 563.689470 -111.951200 -0.013313 0.974952 -0.222015 -0.083359 -0.222344 -0.971398 0.996431 -0.005574 -0.084231
27.566607 -4.782817 1770.357940 -320.046696 0.098339 0.961498 0.256615 -0.073231 0.264158 -0.961695 0.992455 -0.075780 -0.096388
-5.210979 -6.156868 -50.477460 120.586233 -0.750594 -0.636351 -0.177951 -0.647738 0.761822 0.007876 0.130555 0.121178 -0.984008
-3.901417 -5.014206 111.691571 -66.487362 0.289141 0.932630 0.215868 0.949632 -0.307902 0.058279 0.120819 0.188144 -0.974682
-4.357791 -6.436831 129.323440 107.363304 0.487942 0.839600 0.238712 -0.850310 0.518989 -0.087310 0.197194 0.160378 -0.967157
-5.557427 -7.835006 -55.079416 148.837768 -0.704364 -0.684609 -0.187569 -0.681314 0.726185 -0.092017 0.199205 0.062980 -0.977932
-0.795916 -17.887235 3.430616 638.427304 -0.231448 0.913842 -0.333654 -0.404225 0.221624 0.887404 -0.884892 -0.340259 -0.318103
-0.591428 -22.496168 -15.632207 813.296081 -0.221138 0.908673 -0.354135 -0.446770 0.228389 0.865006 -0.866888 -0.349503 -0.355462
-0.009480 -24.532354 -18.276854 568.602313 -0.258643 0.913172 -0.314994 -0.651263 0.075985 0.755038 -0.713414 -0.400429 -0.575062
-0.228914 -20.673860 1.983388 628.184867 -0.259275 0.922823 -0.284912 -0.537416 0.107259 0.836469 -0.802472 -0.369991 -0.468130
0.194810 -24.673281 19.732465 323.421249 -0.263409 0.926915 -0.267290 -0.762421 -0.030272 0.646372 -0.591041 -0.374048 -0.714674
0.300280 -28.155645 -27.869363 95.041074 -0.230786 0.914278 -0.332916 -0.839983 -0.014522 0.542418 -0.491086 -0.404826 -0.771330
0.606643 -27.518128 31.682837 1.829380 -0.243926 0.931525 -0.269742 -0.876714 -0.092909 0.471954 -0.414575 -0.351609 -0.839344
0.887636 -11.131831 63.302074 22.824445 0.182541 -0.786829 -0.589558 0.972415 0.055915 0.226458 -0.145219 -0.614633 0.775331
1.083481 -11.095683 63.479452 -62.043039 0.188624 -0.788976 -0.584754 0.982030 0.147754 0.117416 -0.006239 -0.596394 0.802668
0.264195 -11.486354 67.670157 -75.712898 0.199667 -0.778273 -0.595335 0.979666 0.146347 0.137248 -0.019691 -0.610633 0.791669
0.528069 -10.969228 43.101378 80.531437 0.175475 -0.794302 -0.581629 0.953383 -0.010219 0.301589 -0.245496 -0.607437 0.755481
1.107889 -11.554350 55.753820 81.910633 0.182618 -0.790757 -0.584255 0.935886 -0.042285 0.349757 -0.301278 -0.610668 0.732336
1.544216 -11.243651 33.846788 94.374196 0.170794 -0.810510 -0.560271 0.956072 -0.001160 0.293129 -0.238233 -0.585724 0.774708
0.149152 -5.744983 34.812328 27.237826 -0.454761 0.829122 0.325190 -0.770094 -0.549487 0.324067 -0.447379 0.103053 -0.888387
0.310246 -5.843351 16.623059 27.347194 -0.485973 0.814436 0.317055 -0.769532 -0.570722 0.286526 -0.414308 0.104740 -0.904090
-0.075800 -5.882935 13.916803 43.127205 -0.450560 0.832127 0.323358 -0.802002 -0.536385 0.262838 -0.392159 0.140909 -0.909041
-0.018208 -5.930011 16.200169 40.975448 -0.431903 0.842870 0.320981 -0.797056 -0.523250 0.301516 -0.422092 0.125615 -0.897808
0.085540 -5.574826 20.163835 18.900899 -0.449752 0.833104 0.321964 -0.757412 -0.546797 0.356848 -0.473340 0.083367 -0.876926
0.096563 -25.525710 -34.848177 -188.995735 -0.139839 0.899091 0.414826 -0.690147 0.211912 -0.691946 0.710029 0.383052 -0.590872
0.491868 -25.790289 -20.561331 -84.929060 -0.125512 0.892305 0.433634 -0.743770 0.204626 -0.636345 0.656547 0.402393 -0.637986
0.528103 -27.290035 -5.776686 6.273400 -0.153644 0.891774 0.425596 0.882110 -0.070306 0.465767 0.445281 0.446985 -0.775841
0.280005 -26.735482 -38.533077 -12.109545 -0.150758 0.900338 0.408243 -0.877100 0.068682 -0.475371 0.456034 0.429737 -0.779333
-0.214122 -24.816631 -21.740944 -117.712868 -0.152891 0.901645 0.404549 -0.769591 0.148179 -0.621106 0.619963 0.406299 -0.671243
-0.543351 -23.493688 -21.237465 -311.022502 -0.147502 0.899201 0.411923 -0.559025 0.267779 -0.784720 0.815925 0.346023 -0.463178
-1.527784 -17.135804 -9.698627 270.712463 -0.245721 0.870827 -0.425772 -0.514779 0.254950 0.818537 -0.821355 -0.420311 -0.385637
-0.723095 -19.336664 -94.617829 193.961784 -0.250025 0.839577 -0.482284 -0.654156 0.220756 0.723427 -0.713840 -0.496364 -0.494020
-0.224085 -17.670243 -86.960751 222.136270 -0.273963 0.857322 -0.435824 -0.453557 0.284430 0.844621 -0.848074 -0.429066 -0.310921
-1.145250 -14.922860 -14.613582 187.181402 -0.279535 0.884823 -0.372758 -0.335539 0.273729 0.901380 -0.899596 -0.377042 -0.220376
-1.450978 -14.613540 11.305484 190.722867 -0.266992 0.895799 -0.355329 -0.391203 0.236222 0.889471 -0.880724 -0.376487 -0.287370
-1.925375 -18.032375 21.706596 313.064451 -0.256343 0.891275 -0.374056 -0.557448 0.179827 0.810502 -0.789646 -0.416283 -0.450742
-0.263152 -3.854563 -68.205229 -5.791956 -0.000427 0.966160 -0.257945 -0.388998 -0.237789 -0.890020 0.921238 -0.099960 -0.375936
-0.822805 -3.531951 -16.964711 -12.370769 -0.082143 0.927347 -0.365075 -0.384216 -0.367464 -0.846964 0.919582 -0.070696 -0.386486
-0.746327 -3.736780 -60.755755 -6.404542 -0.001512 0.972091 -0.234599 -0.348433 -0.220410 -0.911051 0.937333 -0.080365 -0.339042
-0.011580 -4.066778 -73.737213 6.859677 0.038135 0.985282 -0.166629 -0.341494 -0.143861 -0.928809 0.939110 -0.092323 -0.330982
-5.719728 -13.910890 -77.104714 75.139640 0.837434 -0.483191 -0.255402 0.353695 0.122878 0.927255 0.416658 0.866849 -0.273805
-4.366617 -12.966060 -89.251464 119.795883 0.854158 -0.428115 -0.295180 0.308476 -0.039829 0.950398 0.418637 0.902846 -0.098043
-5.140089 -12.540522 -62.805295 93.951496 0.842661 -0.504131 -0.189139 0.200322 -0.032529 0.979190 0.499793 0.863014 -0.073578
-6.254079 -13.412942 -29.762579 80.423250 0.823897 -0.559923 -0.087632 0.185027 0.119597 0.975429 0.535685 0.819868 -0.202137
-6.879552 -13.865655 -52.660103 44.920026 0.822307 -0.549255 -0.148764 0.328392 0.244543 0.912336 0.464726 0.799073 -0.381460
0.567663 -26.795380 -3.664250 -300.196786 -0.294894 0.711616 0.637683 0.335140 -0.547938 0.766450 -0.894829 -0.439735 0.076907
1.109828 -26.654623 -40.046692 -255.929803 -0.292303 0.711393 0.639124 0.277089 -0.576643 0.768573 -0.915304 -0.401750 0.028564
0.870348 -34.797628 -25.902627 -803.788595 -0.299785 0.711446 0.635589 0.527704 -0.431364 0.731747 -0.794768 -0.554770 0.246117
0.191765 -33.952926 -15.915833 -685.401668 -0.290744 0.709371 0.642075 0.590431 -0.395038 0.703801 -0.752900 -0.583727 0.303979
0.333102 -35.488183 -11.360318 -731.057810 -0.298939 0.708952 0.638767 0.458749 -0.480189 0.747642 -0.836771 -0.516533 0.181684
10.636932 -71.725390 -4.216119 3420.742368 0.095804 0.718320 0.689085 -0.201172 -0.664011 0.720152 -0.974860 0.207618 -0.080892
7.067800 -41.474258 120.940231 2001.389235 0.084662 0.731631 0.676423 0.141442 -0.680810 0.718673 -0.986320 -0.034830 0.161122
8.688457 -41.250384 -210.132588 1289.806739 -0.065588 0.772603 0.631492 -0.060706 -0.634772 0.770311 -0.995998 -0.012187 -0.088535
10.018024 -74.083160 -245.915256 2956.203880 -0.021327 0.764424 0.644361 -0.389572 -0.599919 0.698807 -0.920749 0.236122 -0.310593
-7.704263 -430.425023 1000.091788 43239.471650 -0.126082 0.891749 0.434612 0.951292 0.232930 -0.201960 -0.281331 0.387979 -0.877682
149.305696 -3947.786535 6272.121401 -1129066.267789 0.108656 0.828426 0.549458 -0.558500 0.508122 -0.655660 0.822357 0.235631 -0.517887
-17.483393 -465.174128 307.089156 68366.654614 -0.072249 0.884919 0.460107 -0.740098 0.261679 -0.619499 0.668606 0.385282 -0.636021
-26.401052 -1000.370651 1444.572596 181165.203338 -0.164663 0.863583 0.476562 -0.819524 -0.388648 0.421110 -0.548878 0.321213 -0.771722
0.415216 -8.013858 62.489027 43.683769 -0.335101 0.928016 -0.162769 0.842899 0.218090 -0.491892 0.420986 0.302031 0.855306
1.268508 -7.469097 33.838968 47.251752 -0.229345 0.955195 -0.187093 0.868638 0.114129 -0.482123 0.439168 0.273088 0.855894
0.121150 -7.773134 59.425579 -10.508500 -0.313290 0.934971 -0.166366 0.892400 0.229938 -0.388268 0.324765 0.270106 0.906405
-0.196553 -8.053062 39.182370 -10.348810 -0.382892 0.914867 -0.128110 0.851801 0.295970 -0.432246 0.357531 0.274628 0.892609
-0.451172 -7.509468 -48.157396 -76.850322 0.343610 -0.927374 0.148020 0.910645 0.290515 -0.293815 0.229474 0.235751 0.944332
-0.094209 -7.393515 -42.459367 -60.043821 0.285036 -0.944836 0.161370 0.938538 0.240917 -0.247195 0.194682 0.221911 0.955434
2.161473 -2.521713 -181.074978 23.317311 0.959468 0.274899 0.062055 0.258441 -0.946094 0.195228 -0.112378 0.171277 0.978793
0.602091 -2.030749 -117.694318 27.930540 0.934604 0.354424 0.029980 0.345315 -0.924323 0.162431 -0.085281 0.141456 0.986264
0.202471 -2.577703 -31.786827 27.120351 0.891627 0.452770 -0.001147 0.444795 -0.875442 0.189101 -0.084615 0.169118 0.981957
1.584577 -2.876064 -112.312560 28.880135 0.941288 0.334476 0.045857 0.316055 -0.920789 0.228597 -0.118685 0.200682 0.972440
-2.157111 -5.912787 27.285203 -14.604477 0.036822 0.925468 -0.377032 0.845338 -0.230063 -0.482157 0.532962 0.300965 0.790804
-2.540198 -5.902354 13.863980 13.266687 0.065193 0.919319 -0.388074 0.785734 -0.287024 -0.547942 0.615120 0.269201 0.741052
-2.250041 -5.956297 31.594732 14.780939 -0.037810 0.935597 -0.351039 0.803452 -0.180412 -0.567377 0.594168 0.303496 0.744886
0.013846 -9.250262 -42.251682 -39.790745 0.301721 -0.865366 -0.400132 0.835260 0.037574 0.548570 -0.459679 -0.499730 0.734143
-0.454534 -9.564456 -48.153760 14.285767 0.294857 -0.864070 -0.407973 0.890228 0.093268 0.445864 -0.347207 -0.494655 0.796720
0.324496 -9.712786 -62.266788 31.123523 0.281940 -0.869400 -0.405775 0.914853 0.116192 0.386708 -0.289056 -0.480253 0.828133
-0.617671 -9.562764 -22.520934 -98.205025 0.325683 -0.854903 -0.403821 0.797617 0.019093 0.602862 -0.507678 -0.518436 0.688104
-0.189066 -9.272729 24.345432 -56.871821 -0.339014 0.858775 0.384156 0.750404 0.000557 0.660979 -0.567418 -0.512353 0.644616
-0.724676 -12.179060 42.672960 -95.757847 -0.011038 -0.963864 0.266166 0.981350 0.040644 0.187883 -0.191912 0.263276 0.945439
-1.329946 -11.814599 32.693838 -65.372144 -0.014851 -0.960788 0.276888 0.972821 0.050113 0.226070 -0.231081 0.272720 0.933930
-0.893979 -11.251199 -47.287329 -23.271522 -0.017979 0.962287 -0.271442 0.941204 0.107893 0.320148 -0.337361 0.249726 0.907648
-0.145170 -12.062640 -34.153330 -24.252107 -0.017202 0.963059 -0.268740 0.950455 0.099188 0.294612 -0.310385 0.250357 0.917051
-7.013405 -175.033976 -327.686743 -1867.946370 -0.552002 0.125626 0.824325 -0.186273 0.945025 -0.268756 -0.812771 -0.301903 -0.498256
-4.348788 -186.838116 -96.354609 3606.823615 -0.567434 0.248096 0.785154 0.315122 0.946369 -0.071298 -0.760735 0.206962 -0.615182
-15.663674 -216.826214 449.436834 -10738.755902 -0.571797 0.174381 0.801648 -0.395074 0.797853 -0.455353 -0.719002 -0.577080 -0.387317
8.346691 -624.066138 513.132810 46665.921737 -0.625275 0.213277 0.750695 0.420864 0.902217 0.094224 -0.657194 0.374857 -0.653895
-2.962997 -85.227891 47.523175 3648.447361 0.547677 -0.083365 -0.832526 0.665425 -0.559792 0.493804 -0.507208 -0.824429 -0.251112
4.157053 -350.626839 81.049617 -26985.395174 -0.617524 0.169282 0.768119 -0.299539 0.852365 -0.428661 -0.727283 -0.494790 -0.475650
-0.502056 -88.418781 6.561562 4645.489640 0.620696 -0.250886 -0.742828 -0.368775 0.742666 -0.558974 0.691912 0.620889 0.368450
1.245423 -23.684340 12.972174 916.397111 0.635127 -0.488317 -0.598465 -0.293275 0.564327 -0.771702 0.714566 0.665644 0.215208
1.039846 -19.461363 -2.990083 540.839002 0.637608 -0.472862 -0.608159 -0.215277 0.648626 -0.730027 0.739670 0.596394 0.311773
3.367232 -12.023048 -33.660296 46.162812 -0.636410 0.644777 0.423374 -0.151302 0.433862 -0.888184 0.756367 0.629306 0.178558
3.487726 -11.608461 35.827137 -58.756982 -0.628089 0.652081 0.424611 -0.117068 0.460277 -0.880023 0.769285 0.602441 0.212757
2.266419 -15.621001 -66.340421 173.380521 0.133006 0.911971 -0.388095 0.888337 -0.283336 -0.361356 0.439508 0.296697 0.847823
2.945527 -15.239847 -0.417168 323.812698 0.121486 0.891141 -0.437161 0.831696 -0.331781 -0.445201 0.541778 0.309499 0.781465
2.034546 -11.263437 -232.164371 -110.269718 0.159723 0.949254 -0.270935 0.815402 -0.281567 -0.505806 0.556424 0.140132 0.818996
4.299681 -2.612845 69.808858 66.268072 -0.473349 0.864967 -0.166648 -0.782735 -0.499797 -0.370848 0.404062 0.045099 -0.913619
3.421978 -2.279867 105.913994 56.519628 -0.542831 0.834089 -0.098138 -0.753334 -0.535234 -0.382116 0.371246 0.133494 -0.918888
3.533144 -1.921274 134.942003 76.156544 -0.468140 0.879108 -0.089521 -0.807199 -0.466656 -0.361471 0.359548 0.096958 -0.928076
0.886069 -8.151630 -26.568528 74.322138 0.236869 -0.866236 -0.439919 0.952852 0.295522 -0.068855 0.189650 -0.402868 0.895394
1.356541 -7.334398 -41.729493 -32.895494 0.204044 -0.872074 -0.444808 0.950387 0.285437 -0.123653 0.234799 -0.397509 0.887049
1.533673 -7.983294 -43.677501 84.589481 0.237862 -0.861878 -0.447870 0.953705 0.294610 -0.060437 0.184037 -0.412760 0.892054
0.687744 -7.438954 -30.840557 -48.112219 0.196789 -0.879882 -0.432529 0.951638 0.277570 -0.131684 0.235923 -0.385697 0.891952
-9.209694 -12.799189 -30.919649 -373.616397 0.456558 0.863372 0.214808 0.885855 -0.463544 -0.019707 0.082558 0.199286 -0.976457
-7.499744 -10.990166 93.593837 -118.299396 -0.291642 0.927785 0.232724 0.948683 0.249463 0.194343 0.122252 0.277460 -0.952927
-5.611377 -9.855443 -9.385492 -80.410329 -0.555161 0.797462 0.236326 0.829853 0.511930 0.221971 0.056030 0.319346 -0.945980
5.649890 -9.403115 -516.639148 81.045646 -0.480316 0.724473 0.494404 -0.385974 -0.680757 0.622570 -0.787604 -0.108203 -0.606607
4.194205 -6.668906 -655.163022 37.378099 -0.580378 0.520113 0.626613 0.228682 0.842597 -0.487580 -0.781579 -0.139686 -0.607965
0.609191 -6.723525 -349.139965 66.057693 -0.362151 0.858324 0.363493 -0.531507 -0.510508 0.675930 -0.765733 -0.051589 -0.641086
1.135405 -11.040435 -204.379046 16.784345 -0.282597 0.906131 0.314747 -0.584118 -0.422829 0.692836 -0.760884 -0.011945 -0.648777
-0.177271 -8.271349 -341.955001 71.900389 -0.193701 0.968050 0.159243 -0.687526 -0.249736 0.681866 -0.699849 -0.022594 -0.713933
-3.465656 -5.887763 -157.625585 40.539160 -0.276782 0.878588 0.389196 -0.574808 -0.475945 0.665637 -0.770057 0.039477 -0.636753
-2.699044 -6.137672 -159.327736 52.472901 -0.213205 0.941470 0.261108 -0.649460 -0.336228 0.682020 -0.729894 0.024169 -0.683133
4.917017 -23.177464 196.866158 -388.273774 0.215562 0.881862 -0.419348 -0.837513 -0.053850 -0.543757 0.502101 -0.468423 -0.726963
2.723172 -21.652072 98.314872 -444.095215 0.200276 0.884899 -0.420526 0.966664 -0.108586 0.231882 0.159529 -0.452948 -0.877148
-0.703266 -3.910989 17.949670 -30.609465 0.120526 0.970065 0.210827 -0.876623 0.004345 0.481158 -0.465839 0.242808 -0.850905
-0.317054 -3.056733 28.343290 -36.003697 0.180286 0.965887 0.185899 -0.911222 0.092843 0.401316 -0.370367 0.241747 -0.896876
-0.778657 -3.662787 17.337587 -46.124889 0.100826 0.972224 0.211220 -0.900286 -0.001205 0.435297 -0.423461 0.234048 -0.875159
1.145968 -13.348953 -72.766769 -70.552901 0.733724 0.674996 -0.077650 -0.092981 0.212959 0.972627 -0.673056 0.706419 -0.219015
1.411647 -13.001916 10.072283 -36.953374 0.762097 0.646712 -0.031182 -0.174983 0.252092 0.951751 -0.623369 0.719870 -0.305282
1.877261 -6.360996 -147.159963 8.759696 -0.374774 0.889876 -0.260126 0.908416 0.296397 -0.294836 -0.185267 -0.346800 -0.919459
-2.241201 -6.596236 -0.090521 8.590692 -0.435974 0.897351 -0.068472 -0.807568 -0.356503 0.469829 -0.397191 -0.260129 -0.880098
-2.338955 -6.432182 -1.008365 -28.739367 -0.423386 0.901730 -0.087338 -0.857241 -0.367571 0.360595 -0.293056 -0.227540 -0.928624
-2.184987 -6.687773 5.591529 14.474397 -0.406816 0.907237 -0.106875 -0.836238 -0.322754 0.443324 -0.367706 -0.269724 -0.889967
-0.769754 -13.827317 38.314349 -20.927005 -0.022035 0.961764 0.272990 -0.876869 -0.149752 0.456809 -0.480223 0.229311 -0.846642
-0.716456 -12.953266 17.080124 116.685238 -0.057506 0.963379 0.261906 -0.762400 -0.211748 0.611481 -0.644546 0.164513 -0.746657
-0.399238 -12.335226 36.241005 234.710733 -0.067858 0.956234 0.284625 -0.637033 -0.261086 0.725274 -0.767844 0.132100 -0.626870
-0.171746 -11.756765 39.169433 160.737392 -0.063755 0.956745 0.283857 -0.613257 -0.261954 0.745182 -0.787306 0.126568 -0.603431
-2.892896 -15.882852 16.305397 -2.807807 0.096247 0.898219 -0.428882 0.507389 -0.414971 -0.755219 0.856326 0.144922 0.495685
-2.888513 -15.637878 51.080285 -42.761382 0.054810 0.878103 -0.475322 0.468655 -0.442968 -0.764292 0.881679 0.180871 0.435807
-2.311885 -16.999555 -60.758392 35.985132 0.147796 0.915219 -0.374873 0.492566 -0.396799 -0.774552 0.857634 0.070174 0.509451
-2.858477 -15.222154 68.803415 23.006446 0.044913 0.891896 -0.450005 0.606602 -0.382255 -0.697076 0.793736 0.241666 0.558194
-2.699238 -15.752628 -4.591909 44.729985 0.094862 0.913985 -0.394504 0.646576 -0.357892 -0.673686 0.756929 0.191169 0.624911
-1.227696 -7.915794 3.639102 -0.119333 0.121338 0.943323 0.308900 -0.340070 0.331872 -0.879894 0.932539 -0.001717 -0.361064
-1.489885 -7.979459 4.739444 14.486502 0.134814 0.946335 0.293727 -0.324286 0.322247 -0.889379 0.936303 -0.024650 -0.350327
-1.345053 -8.068118 -9.524729 -20.761498 0.138610 0.943184 0.301980 -0.428997 0.332013 -0.840077 0.892608 0.013106 -0.450643
3.112642 -4.989361 -19.230151 -15.302337 -0.268386 0.905265 -0.329339 -0.606695 0.106714 0.787740 -0.748258 -0.411226 -0.520579
2.552396 -4.708318 35.025447 2.011841 -0.256541 0.927568 -0.271671 -0.550242 0.090924 0.830040 -0.794620 -0.362424 -0.487061
-1.705778 -6.981997 164.708660 -4.993570 0.040049 0.958658 -0.281728 0.388872 0.244771 0.888181 -0.920421 0.145127 0.362993
0.701598 -1.624173 65.218860 -12.092038 0.010811 0.984838 -0.173139 0.999792 -0.007651 0.018913 0.017301 -0.173307 -0.984716
0.312928 -17.919383 23.622003 -105.445938 -0.075554 0.972488 -0.220359 0.959618 0.130966 0.248960 -0.270971 0.192651 0.943112
