10111
20206
-8.437828 -11.281259 -54.973173 275.248979 0.540231 0.784227 -0.305187 0.695618 -0.620256 -0.362488 0.473567 0.016467 0.880604
-10.749210 -14.921862 -26.762930 397.403244 0.276100 0.916333 -0.290004 0.885015 -0.360066 -0.295127 0.374855 0.175173 0.910383
-6.342360 -15.497938 -244.632417 568.819706 0.345617 0.928987 -0.132411 0.848532 -0.369650 -0.378619 0.400677 -0.018502 0.916032
-9.315027 -12.197067 59.938943 -194.321006 0.770856 0.421793 -0.477359 -0.443404 0.893319 0.073309 0.457355 0.155152 0.875645
-4.755822 -11.672496 -227.693490 354.731117 0.471607 0.869872 -0.144601 0.745464 -0.480884 -0.461557 0.471031 -0.109879 0.875246
-6.154194 -8.863276 -40.979658 -114.986842 0.763329 0.510509 -0.395866 -0.403248 0.855279 0.325404 0.504698 -0.088758 0.858721
-7.407061 -10.288829 15.929570 -140.336035 0.846179 0.117868 -0.519700 -0.124336 0.991984 0.022538 0.518190 0.045546 0.854052
0.930887 -8.706830 -26.442845 -47.157131 0.733047 0.595103 -0.329387 -0.315337 -0.131739 -0.939791 0.602665 -0.792779 -0.091088
1.512221 -8.984762 4.767985 -26.989021 0.721601 0.617271 -0.313478 -0.357773 -0.055158 -0.932178 0.592698 -0.784815 -0.181041
1.258913 -9.218454 -3.898440 -42.602037 0.731994 0.603376 -0.316421 -0.379852 -0.024123 -0.924733 0.565595 -0.797092 -0.211535
0.528080 -9.599327 -87.025736 -40.925473 0.763552 0.560218 -0.321161 -0.375799 -0.018950 -0.926508 0.525133 -0.828128 -0.196060
0.093137 -8.572731 -80.577031 -75.332111 0.741425 0.559898 -0.369870 -0.329891 -0.175859 -0.927494 0.584347 -0.809684 -0.054319
0.481476 -7.743537 -72.282300 -59.979132 0.740262 0.573558 -0.350776 -0.259626 -0.237398 -0.936075 0.620167 -0.784011 0.026826
-0.877581 -10.184305 56.204104 -42.245004 0.507876 0.842700 -0.178656 0.794103 -0.377624 0.476235 0.333859 -0.383740 -0.860977
-1.481269 -10.653971 28.073126 -38.340447 0.533323 0.828088 -0.172732 0.728759 -0.346102 0.590867 0.429507 -0.441003 -0.788061
-0.445598 -10.180119 -110.050190 -60.193977 0.569716 0.800137 -0.187628 0.767910 -0.436930 0.468408 0.292810 -0.410941 -0.863360
-0.321839 -9.564146 -60.094087 -63.360915 0.546456 0.814303 -0.195695 0.814422 -0.462232 0.350796 0.195198 -0.351073 -0.915776
-0.213768 -9.646249 74.560428 -47.403313 0.486233 0.853698 -0.186490 0.842665 -0.401602 0.358651 0.231285 -0.331537 -0.914653
0.528441 -8.740509 -6.866661 -29.854642 0.463078 0.884912 -0.049892 0.780443 -0.380434 0.496164 -0.420081 0.268701 0.866794
0.528054 -9.039033 -8.145390 41.297895 0.475369 0.879671 -0.014292 0.714779 -0.376688 0.589235 -0.512949 0.290319 0.807836
0.516321 -8.606850 3.486816 34.778386 0.472668 0.880174 -0.043343 0.720828 -0.357867 0.593580 -0.506943 0.311809 0.803607
0.648619 -8.838422 0.438070 -50.082788 0.476369 0.877322 -0.058130 0.763101 -0.379697 0.522979 -0.436749 0.293490 0.850361
0.271746 -9.042830 4.870185 83.674319 0.479424 0.876839 -0.036141 0.656053 -0.330745 0.678382 -0.582878 0.348943 0.733820
0.655488 -8.501399 -26.138509 30.911653 0.447837 0.892221 -0.058167 0.712045 -0.316541 0.626732 -0.540772 0.322091 0.777061
2.477643 -17.037632 -27.161273 228.608649 0.557411 0.824234 -0.099659 -0.756634 0.553734 0.347683 -0.341757 0.118396 -0.932301
2.356822 -16.690187 -48.599931 106.946982 0.523678 0.851119 -0.036834 -0.756297 0.484368 0.439775 -0.392142 0.202443 -0.897352
1.185324 -17.349886 -27.091362 -169.914014 0.554136 0.825713 -0.105509 -0.701655 0.531515 0.474523 -0.447900 0.188919 -0.873897
-2.582733 -21.101652 40.628640 -153.662989 0.731074 0.678279 -0.073944 -0.365917 0.481238 0.796564 -0.575878 0.555290 -0.600015
-2.218091 -20.147406 34.758194 -88.036957 0.730532 0.682330 -0.027342 -0.458349 0.519622 0.721048 -0.506200 0.514216 -0.692346
-2.939223 -19.606634 19.126586 -90.854508 0.723652 0.685424 -0.080752 -0.507204 0.607510 0.611291 -0.468051 0.401404 -0.787276
-3.040886 -20.217398 25.231571 -50.512740 0.715729 0.689274 -0.112401 -0.413094 0.547608 0.727652 -0.563103 0.474370 -0.676674
3.916000 -26.597399 65.703345 -847.860299 0.617437 0.784475 0.058064 0.767052 -0.616796 0.176617 -0.174365 0.064512 0.982566
4.514308 -24.925913 70.799234 -629.984820 0.626284 0.774366 0.090139 0.731021 -0.623499 0.277232 -0.270880 0.107733 0.956565
4.062767 -20.559292 41.224394 -577.781115 0.644704 0.760673 0.075713 0.685921 -0.619367 0.381965 -0.337445 0.194322 0.921070
0.621719 -6.272004 88.017733 -54.964302 -0.475808 0.849172 0.229158 0.843406 0.366578 0.392795 0.249546 0.380168 -0.890617
0.618438 -6.275420 139.766634 -99.528553 -0.474226 0.846943 0.240409 0.866368 0.400368 0.298515 0.156573 0.349846 -0.923630
2.208567 -5.325189 113.084914 -61.286687 -0.606934 0.779592 0.154494 0.776686 0.540609 0.323264 0.168493 0.316193 -0.933612
1.170120 -4.926666 15.828412 -3.276716 -0.602097 0.791359 0.105973 0.751580 0.516963 0.409727 0.269457 0.326343 -0.906032
35.092087 -2.096627 2280.344195 -172.353107 0.614087 0.546005 -0.569891 -0.286240 -0.518836 -0.805528 0.735502 -0.657790 0.162322
19.876688 -1.382297 1482.642626 -34.779260 0.654952 0.544681 -0.523794 -0.234195 -0.512717 -0.825999 0.718464 -0.663660 0.208244
0.391648 -3.827926 175.992824 23.911467 0.692806 0.712764 -0.109486 0.062306 -0.210425 -0.975623 0.718427 -0.669095 0.190193
0.514775 -4.314517 165.061587 47.247898 0.677077 0.734585 0.044178 0.214877 -0.139926 -0.966565 0.703843 -0.663932 0.252586
0.904258 -10.822587 -47.212428 -67.164928 -0.349469 -0.935463 0.052724 0.936937 -0.348636 0.024549 -0.004584 0.057978 0.998307
1.692787 -10.171698 62.377460 -78.620981 0.327011 0.943866 -0.046701 0.935799 -0.316538 0.155193 -0.131699 0.094453 0.986780
0.860506 -10.766210 -40.682331 -104.569565 -0.398500 -0.915999 0.046298 0.914486 -0.392971 0.096374 -0.070085 0.080744 0.994268
-0.125126 -11.947590 18.704712 -110.374099 0.452849 0.890400 -0.046002 0.889745 -0.454627 -0.040852 0.057288 0.022430 0.998106
-0.302266 -11.558488 31.148719 -58.802969 0.401239 0.914049 -0.059344 0.902935 -0.405589 -0.142148 0.154000 -0.003452 0.988065
-1.097574 -29.557521 -79.014203 343.386562 0.266267 0.876436 -0.401200 0.954314 -0.181146 0.237636 0.135598 -0.446145 -0.884629
-1.095869 -31.578122 -48.183396 129.395218 0.260476 0.883660 -0.388970 0.952860 -0.300212 -0.043932 -0.155594 -0.359190 -0.920202
-1.913752 -30.369314 -50.438741 469.052249 0.252775 0.899335 -0.356792 0.966989 -0.222553 0.124110 0.032211 -0.376386 -0.925903
-1.813683 -27.748417 -28.414288 708.880412 0.257672 0.900272 -0.350877 0.891145 -0.081071 0.446418 0.373452 -0.427712 -0.823163
-2.981802 -27.817776 -63.538657 801.244052 0.244368 0.908555 -0.338840 0.918163 -0.104414 0.382197 0.311867 -0.404507 -0.859717
2.659447 -9.484814 233.453571 0.386041 0.539116 0.840883 0.047635 -0.603839 0.425329 -0.674147 0.587140 -0.334679 -0.737059
2.388783 -9.292208 239.553146 34.618952 0.509525 0.860437 0.005707 -0.564433 0.339232 -0.752554 0.649461 -0.380224 -0.658506
0.305907 -8.866138 238.798471 0.949459 0.524003 0.850755 0.040446 -0.564567 0.382504 -0.731406 0.637719 -0.360425 -0.680741
0.774077 -9.019057 258.677801 -17.749823 0.557156 0.824682 0.097347 -0.596284 0.478902 -0.644282 0.577947 -0.300919 -0.758568
3.307149 0.152179 73.085945 249.424538 -0.816600 -0.550909 0.172230 -0.528246 0.833555 0.161684 -0.232637 0.041051 -0.971697
3.076322 -2.463709 87.737623 156.495113 -0.776952 -0.601575 0.185618 -0.588231 0.798742 0.126474 -0.224344 -0.010923 -0.974449
4.153624 -1.700482 105.354668 152.638123 -0.790047 -0.597255 0.138246 -0.585426 0.801944 0.119003 -0.181941 0.013085 -0.983222
2.771029 0.155480 41.349821 292.487580 -0.846797 -0.483772 0.221133 -0.456592 0.874359 0.164378 -0.272871 0.038227 -0.961291
3.972661 -0.219954 79.050214 205.002669 -0.815724 -0.565157 0.123255 -0.548268 0.823338 0.146686 -0.184381 0.052078 -0.981474
3.321149 1.616207 40.886317 119.032886 -0.726226 -0.681323 0.091626 -0.668019 0.730866 0.139949 -0.162317 0.040427 -0.985910
3.159925 2.669919 101.238657 116.866465 -0.959538 0.147553 0.239823 0.153609 0.988109 0.006651 -0.235990 0.043221 -0.970794
2.620444 -282.122682 -754.963481 -11500.489043 -0.008396 0.009702 -0.999918 -0.227940 0.973609 0.011361 0.973639 0.228017 -0.005963
36.540256 -108.158337 2262.638641 5062.186129 0.128377 -0.453875 0.881769 0.969082 -0.131502 -0.208777 0.210713 0.881308 0.422960
-1101.705783 -5388.785902 84816.553748 641985.107238 0.759986 -0.439613 -0.478709 0.232834 0.871811 -0.430968 0.606803 0.216070 0.764921
-2.529266 -27.753603 38.994095 916.438504 0.324536 0.013866 0.945772 0.378372 0.914503 -0.143244 -0.866897 0.404342 0.291543
-3.618649 -27.268456 -48.806509 1205.539376 0.331751 0.138650 0.933123 0.475284 0.829865 -0.292284 -0.814891 0.540464 0.209410
-1.939046 -32.125344 59.408085 783.143968 0.374085 0.069985 0.924750 0.141209 0.981223 -0.131382 -0.916581 0.179731 0.357179
-5.001320 -19.267451 78.206670 689.710949 0.242796 -0.063055 0.968026 0.624414 0.773839 -0.106207 -0.742399 0.630236 0.227258
-0.232699 -31.091675 63.648884 129.527300 0.364307 0.041052 0.930374 0.042176 0.997276 -0.060519 -0.930323 0.061287 0.361583
24.088961 -22.581389 -211.566621 200.884533 0.778438 0.505725 0.371855 -0.432967 0.003652 0.901403 -0.454504 0.862687 -0.221805
24.261457 -21.166448 -859.514552 -60.107626 0.561302 0.790498 0.245059 -0.504142 0.091760 0.858732 -0.656339 0.605552 -0.450028
21.758913 -22.890353 -90.245800 36.021096 0.762210 0.547785 0.344916 -0.546632 0.259255 0.796229 -0.346741 0.795436 -0.497044
17.986176 -20.224823 68.953104 -105.966603 0.741414 0.580790 0.336137 -0.640189 0.462026 0.613751 -0.201156 0.670235 -0.714368
18.163583 -20.919666 532.685719 -152.062119 0.826642 0.309732 0.469818 -0.562670 0.442900 0.698027 -0.008119 0.841371 -0.540397
22.069372 -23.425834 657.316155 241.362795 0.866487 0.203719 0.455739 -0.488595 0.158918 0.857916 -0.102349 0.966045 -0.237237
0.609130 -5.665048 -94.767027 -60.117144 -0.460123 -0.826569 0.324147 0.794325 -0.220130 0.566207 -0.396654 0.518003 0.757851
0.266477 -4.982519 -44.345275 -19.237004 -0.520304 -0.810795 0.268131 0.723168 -0.251325 0.643322 -0.454215 0.528627 0.717107
-0.183656 -5.145367 -45.798052 -67.139731 -0.458618 -0.831264 0.314117 0.789184 -0.218512 0.573969 -0.408482 0.511129 0.756234
-0.315707 -4.562347 0.846823 -37.304534 -0.530107 -0.811642 0.245405 0.723085 -0.281548 0.630777 -0.442872 0.511828 0.736136
0.002206 -6.090806 -73.317408 -79.348764 -0.410332 -0.840599 0.353582 0.848786 -0.210268 0.485128 -0.333452 0.499179 0.799769
-0.600160 -5.220084 -23.031654 -80.572535 -0.448805 -0.838406 0.309272 0.808262 -0.233229 0.540662 -0.381163 0.492625 0.782327
-2.513026 -35.367346 -108.028667 -1046.381962 0.863658 0.297978 -0.406577 -0.439264 0.049236 -0.897008 0.247271 -0.953302 -0.173414
-3.561121 -34.609362 -65.523298 -1034.701180 0.842366 0.366862 -0.394756 -0.453621 0.087224 -0.886916 0.290944 -0.926177 -0.239891
-3.356887 -27.227594 -98.427546 -956.416223 0.854207 0.340763 -0.392697 -0.358303 -0.161495 -0.919531 0.376760 -0.926175 0.015854
-3.043527 -38.600033 -81.648992 -342.998487 0.852730 0.334432 -0.401257 -0.515517 0.414943 -0.749710 0.084228 -0.846154 -0.526240
-2.357524 -26.422118 -109.419988 -898.919301 0.870507 0.311463 -0.381063 -0.306035 -0.263811 -0.914739 0.385435 -0.912905 0.134331
-1.653281 -27.493569 -93.270687 -825.512907 0.875091 0.277615 -0.396416 -0.355167 -0.188012 -0.915701 0.328743 -0.942115 0.065928
-1.080918 -34.682714 -77.950165 -902.483279 0.873292 0.279343 -0.399160 -0.429942 0.056516 -0.901086 0.229153 -0.958527 -0.169456
-1.714469 -39.303263 -89.097764 -401.742192 0.860418 0.303171 -0.409594 -0.505729 0.409279 -0.759427 0.062598 -0.860569 -0.505473
-0.288584 -10.525277 -39.804736 13.256457 0.467568 0.854826 -0.225061 0.048992 0.229155 0.972156 -0.882599 0.465575 -0.065265
-0.447580 -10.339386 -3.210695 12.675548 0.475223 0.852039 -0.219529 0.116596 0.186319 0.975546 -0.872106 0.489198 0.010801
-0.547896 -10.221709 -31.218280 29.023796 0.471209 0.849460 -0.237443 0.206123 0.155696 0.966060 -0.857598 0.504159 0.101728
-0.635080 -10.112240 -29.338619 32.234990 0.475693 0.843062 -0.250923 0.244254 0.147443 0.958437 -0.845019 0.517210 0.135783
-0.542224 -10.330314 -29.437126 20.946815 0.476919 0.843150 -0.248288 0.114579 0.220434 0.968649 -0.871447 0.490415 -0.008522
0.977807 -17.100315 -12.523021 -14.054888 0.569461 0.764132 -0.303011 0.783242 -0.392510 0.482149 0.249491 -0.511896 -0.822020
0.583399 -16.464906 -35.888463 -31.946670 0.583198 0.742641 -0.329188 0.794446 -0.436863 0.421907 0.169515 -0.507577 -0.844766
0.948500 -16.638261 -3.601781 48.574233 0.592651 0.746977 -0.301314 0.715485 -0.316415 0.622867 0.369927 -0.584728 -0.721975
1.217620 -17.349183 -17.064072 61.234328 0.590130 0.755825 -0.283681 0.686146 -0.284424 0.669557 0.425382 -0.589772 -0.686454
1.173933 -16.082897 14.633236 -85.888672 0.609980 0.744496 -0.271387 -0.595348 0.204547 -0.776995 0.522958 -0.635521 -0.568004
-3.321436 -19.129425 -13.915930 112.165348 0.542624 0.824800 0.158947 -0.770355 0.564088 -0.297250 0.334832 -0.038849 -0.941477
-3.518496 -19.016552 -10.922870 92.991861 0.548555 0.824829 0.136911 -0.815864 0.563864 -0.128153 0.182904 0.041401 -0.982259
-3.211365 -18.964149 7.751570 105.926864 0.542222 0.816184 0.199597 -0.816911 0.567663 -0.102059 0.196602 0.107714 -0.974549
-2.349896 -17.233747 23.169228 -86.350719 0.646290 0.742106 0.177727 0.160067 -0.359561 0.919290 -0.746115 0.565680 0.351168
-2.135866 -19.901502 30.603568 -257.118917 0.635948 0.751145 0.177065 0.311448 -0.459727 0.831656 -0.706095 0.473743 0.526305
-1.633051 -19.859591 35.378656 -203.913746 0.663550 0.725125 0.184104 0.328714 -0.503644 0.798930 -0.672048 0.469613 0.572552
-2.509183 -19.031513 8.289178 -236.417400 0.607624 0.776848 0.165229 0.228576 -0.370283 0.900358 -0.760623 0.509311 0.402561
-2.823245 -17.213300 23.191334 -28.056995 0.615577 0.772149 0.157644 0.088238 -0.266309 0.959841 -0.783122 0.576945 0.232066
-1.055278 -25.847781 79.172008 5.515828 0.880689 0.401797 -0.250892 0.378558 -0.278600 0.882653 -0.284749 0.872319 0.397463
0.194076 -27.308540 82.698537 447.725078 0.866731 0.403998 -0.292512 0.364688 -0.113221 0.924221 -0.340265 0.907726 0.245465
-0.464554 -26.856035 22.511469 333.949119 0.866497 0.417132 -0.274197 0.316692 -0.034770 0.947891 -0.385862 0.908180 0.162231
-1.601034 -29.060050 47.471647 175.179654 0.886981 0.402784 -0.225898 0.305447 -0.144808 0.941134 -0.346362 0.903768 0.251471
-2.340861 -8.881942 -123.067773 -170.840452 0.430000 0.851311 -0.300614 -0.671233 0.524130 0.524151 -0.603776 0.023603 -0.796804
-1.598654 -9.951655 -5.592643 -163.945398 0.368673 0.908895 -0.194912 -0.637358 0.399797 0.658740 -0.676650 0.118631 -0.726685
-2.427218 -7.922854 52.245809 -179.943345 0.323267 0.938851 -0.118566 -0.748501 0.330341 0.574997 -0.579004 0.097130 -0.809519
2.560592 -9.095119 480.091339 -207.448586 0.123076 0.981749 0.144989 -0.762756 0.000117 0.646686 -0.634866 0.190182 -0.748849
-0.820723 -7.396942 295.125955 -193.215549 0.167117 0.979586 0.111725 -0.827678 0.077812 0.555782 -0.535743 0.185353 -0.823786
-592.033047 -1344.850322 -39719.527344 25884.263795 -0.367707 -0.401704 0.838705 -0.698089 0.715083 0.036436 -0.614380 -0.572093 -0.543366
4.467744 -110.274088 3438.052593 -7996.804376 0.402116 0.858086 0.319359 -0.192998 0.420404 -0.886573 0.895016 -0.294870 -0.334660
29.101222 -157.016438 -5220.912149 9238.874533 0.659895 0.180252 0.729416 -0.373576 0.921010 0.110372 -0.651904 -0.345327 0.675108
-4.308371 -7.445136 48.822322 32.546356 -0.727407 -0.616985 0.300348 -0.592390 0.785525 0.178953 -0.346342 -0.047752 -0.936892
-3.529840 -6.732634 99.545928 12.449944 -0.658407 -0.660623 0.360664 -0.627686 0.746366 0.221242 -0.415344 -0.080717 -0.906076
-4.084946 -6.123783 4.270106 122.374204 -0.708568 -0.652496 0.268665 -0.579623 0.755338 0.305782 -0.402454 0.060943 -0.913409
-4.196575 -6.467211 -51.587419 179.283931 -0.697061 -0.696454 0.170463 -0.631413 0.708893 0.314306 -0.339740 0.111458 -0.933892
-4.622618 -7.550815 -24.587624 69.522582 -0.690943 -0.701935 0.172876 -0.673954 0.711968 0.197202 -0.261505 0.019744 -0.965000
-4.304774 -7.597756 -71.451910 -63.050158 0.645648 0.713912 -0.271051 -0.720972 0.686864 0.091741 -0.251670 -0.136188 -0.958183
5.426453 -157.494753 -391.556925 -6534.348572 0.411175 0.441449 0.797533 -0.637778 0.764425 -0.094311 -0.651287 -0.469870 0.595858
3.777733 -113.931204 4.273235 2852.652020 0.478758 0.431322 0.764691 -0.071693 0.887297 -0.455592 -0.875015 0.163295 0.455723
4.418507 -252.836853 -124.588859 13518.352198 0.532716 0.385444 0.753423 -0.160844 0.920148 -0.357012 -0.830869 0.069003 0.552174
18.900053 -416.376461 758.858573 29546.402571 -0.583629 -0.279862 -0.762269 0.794455 -0.390993 -0.464722 -0.167984 -0.876814 0.450532
1.642081 -175.185053 434.102546 12189.332387 -0.341481 -0.340794 -0.875928 0.826292 -0.552989 -0.106981 -0.447921 -0.760304 0.470430
5.410560 -173.463845 185.522516 10139.938072 -0.451471 -0.476415 -0.754456 0.867749 -0.431347 -0.246884 -0.207813 -0.766139 0.608149
-0.553758 -11.964511 11.754997 -71.615800 0.691656 0.693629 -0.201221 -0.463719 0.212908 -0.860020 0.553694 -0.688149 -0.468908
-0.366614 -12.429911 14.365460 -48.546109 0.702293 0.683461 -0.199162 -0.509842 0.287634 -0.810757 0.496835 -0.670931 -0.550460
-0.180729 -12.736670 25.909409 -49.148865 0.680641 0.699322 -0.218352 -0.577407 0.328619 -0.747402 0.450920 -0.634790 -0.627465
1.792765 -36.740127 -15.730719 -1083.406690 0.610733 0.791782 -0.009320 -0.059054 0.033807 -0.997682 0.789632 -0.609868 -0.067405
2.287883 -194.578262 -102.832126 -11472.000428 0.610177 0.791539 -0.033921 -0.214820 0.124084 -0.968739 0.762586 -0.598389 -0.245752
0.648819 -103.115170 -126.931067 -6040.074295 0.606542 0.794415 -0.031798 -0.275570 0.172548 -0.945668 0.745767 -0.582350 -0.323575
5.583786 -28.248794 -103.382057 36.591997 -0.504421 -0.181009 0.844272 0.812299 0.232086 0.535076 -0.292797 0.955705 0.029964
1.643316 -40.633777 -45.362525 1270.514416 -0.381761 -0.016029 0.924122 0.810263 0.475233 0.342968 -0.444670 0.879714 -0.168438
0.010117 -90.134552 -45.759667 5251.461946 -0.310808 -0.012034 0.950397 0.913186 0.273542 0.302103 -0.263609 0.961785 -0.074029
-1.925712 -10.772146 -48.837444 57.127161 -0.661562 -0.690528 0.292417 0.749614 -0.619556 0.232872 0.020364 0.373259 0.927504
-2.083977 -11.947018 -18.602027 9.097540 -0.603355 -0.749652 0.272001 0.791412 -0.520896 0.319898 -0.098128 0.408277 0.907569
-1.989363 -11.569862 -14.490519 40.249147 -0.668719 -0.699208 0.252830 0.743009 -0.640980 0.192566 0.027416 0.316628 0.948154
-10.450733 -14.639787 35.359471 -198.445206 0.673141 0.577259 -0.462227 -0.652063 0.758160 -0.002761 0.348848 0.303259 0.886758
-12.658085 -16.145569 -149.216958 176.505988 -0.364016 -0.837860 0.406796 0.906118 -0.419631 -0.053469 0.215504 0.349142 0.911953
-10.360699 -15.457914 46.846521 89.237007 -0.319776 -0.906631 0.275253 0.937590 -0.344679 -0.046059 0.136633 0.243346 0.960268
-8.009685 -16.264756 -221.623730 359.714975 0.267624 0.948746 -0.168102 0.927912 -0.300774 -0.220259 0.259531 0.097037 0.960847
1.760535 -8.997834 -13.586066 -27.110562 0.717116 0.629544 -0.299030 -0.382126 -0.003663 -0.924103 0.582859 -0.776956 -0.237939
1.532201 -9.465784 -7.583858 -37.638337 0.724413 0.614660 -0.312120 -0.432206 0.052233 -0.900261 0.537051 -0.787061 -0.303498
1.566642 -8.593764 2.983672 -9.112917 0.714308 0.633327 -0.297759 -0.314132 -0.090041 -0.945100 0.625368 -0.768628 -0.134631
1.439056 -9.414637 18.511411 -46.545609 0.733527 0.608244 -0.303277 -0.406120 0.034454 -0.913170 0.544981 -0.793002 -0.272293
-1.532079 -10.991679 -63.347729 -20.035516 0.570099 0.801816 -0.179106 0.646749 -0.303550 0.699696 0.506659 -0.514732 -0.691626
-0.475655 -10.683890 -165.848045 -45.384692 0.599991 0.777724 -0.187500 0.702494 -0.400045 0.588613 0.382770 -0.484880 -0.786370
0.876664 -9.881183 33.214137 71.195328 0.512516 0.858409 0.021499 0.651818 -0.405225 0.641035 -0.558982 0.314527 0.767211
0.318048 -10.012955 3.807206 71.536577 0.514982 0.856782 0.026782 0.607643 -0.386914 0.693590 -0.604618 0.340913 0.719872
0.717099 -8.794092 -20.679113 -16.502482 0.445137 0.894795 -0.034563 0.795376 -0.377357 0.474319 -0.411376 0.238627 0.879674
0.992405 -9.027855 20.384071 42.035696 0.467358 0.883975 -0.012792 0.749555 -0.388535 0.535918 -0.468768 0.260054 0.844173
1.838287 -18.642515 -115.900617 -170.285781 0.486607 0.873007 -0.032739 -0.705851 0.414965 0.574090 -0.514770 0.256247 -0.818138
3.114278 -19.759152 -24.904501 294.599571 0.533100 0.845254 0.036751 -0.753502 0.454581 0.474964 -0.384759 0.280895 -0.879238
1.608271 -22.943450 -168.290275 -480.475087 0.455868 0.889780 -0.021840 -0.603110 0.326856 0.727615 -0.654556 0.318524 -0.685638
0.155544 -21.514489 -80.535086 -477.649769 0.503995 0.860889 -0.069706 -0.603950 0.408965 0.684099 -0.617441 0.302683 -0.726051
3.306234 -18.960759 -122.772358 -79.998030 0.483289 0.874881 0.031853 -0.688051 0.357083 0.631726 -0.541311 0.327222 -0.774537
-1.594302 -21.410004 51.675262 -151.393091 0.737944 0.674437 -0.023951 -0.305583 0.365580 0.879187 -0.601713 0.641471 -0.475874
-1.380260 -20.168382 44.367620 -18.920861 0.730444 0.682511 0.025103 -0.450543 0.453910 0.768750 -0.513286 0.572839 -0.639056
-2.111591 -19.871374 39.652567 4.760225 0.722729 0.690691 0.024664 -0.564884 0.569772 0.596880 -0.398207 0.445315 -0.801951
0.979311 -27.084728 58.048981 -594.145644 0.647956 0.760640 -0.039744 0.758984 -0.649169 -0.050222 0.064001 -0.002376 0.997947
0.213328 -28.276447 47.904357 61.943687 0.641880 0.766175 -0.031064 0.687981 -0.593316 -0.417921 0.338631 -0.246883 0.907952
1.664232 -27.674924 86.862836 -304.677382 0.623504 0.781217 -0.030715 0.763165 -0.616687 -0.193072 0.169773 -0.096941 0.980704
-0.953645 -7.220660 -30.515378 112.233290 0.776662 0.624375 -0.083379 0.200424 -0.370426 -0.906981 0.597182 -0.687706 0.412835
0.825348 -6.055094 54.947117 92.981137 0.752611 0.654564 -0.071577 0.161699 -0.289097 -0.943544 0.638303 -0.698548 0.323420
-0.217142 -8.816164 131.245604 241.098929 0.791795 0.486785 -0.368919 -0.063592 -0.535021 -0.842442 0.607467 -0.690502 0.392672
1.714073 -9.976372 64.235465 -97.226282 0.386142 0.921076 -0.050144 0.900387 -0.364537 0.237521 -0.200495 0.136866 0.970087
4.337384 -10.241762 26.173233 4.579029 0.547888 0.827364 -0.123644 -0.458213 0.173146 -0.871815 0.699899 -0.534312 -0.473974
3.100392 -9.604757 254.940867 -2.098033 0.464687 0.881997 -0.078409 -0.443704 0.155306 -0.882613 0.766285 -0.444929 -0.463514
3.193431 -9.835134 167.099912 15.728861 0.509766 0.858819 -0.050673 -0.520737 0.261134 -0.812799 0.684815 -0.440725 -0.580336
4.004252 -10.220668 25.532145 16.942555 0.575566 0.815943 -0.054411 -0.593413 0.370959 -0.714318 0.562659 -0.443425 -0.697703
3.218276 -10.527826 -96.634711 11.554491 0.599210 0.790135 -0.128971 -0.530302 0.271040 -0.803316 0.599772 -0.549749 -0.581420
1.285943 -72.349628 12.173763 1320.293082 0.344485 0.810497 -0.473736 -0.369166 -0.347018 -0.862145 0.863161 -0.471883 -0.179666
0.538135 -108.219418 -143.051295 1728.421697 0.333805 0.830446 -0.446020 -0.493228 -0.249348 -0.833398 0.803306 -0.498182 -0.326366
1.981021 -70.110076 35.786037 -465.771668 0.310082 0.815087 -0.489369 -0.679500 -0.170002 -0.713708 0.664928 -0.553834 -0.501138
2.616594 -82.233439 3.203245 2354.269188 0.358613 0.801336 -0.478808 -0.429503 -0.313765 -0.846805 0.828809 -0.509325 -0.231656
3.934252 -3.957559 125.611202 72.517016 -0.722579 -0.674358 0.152053 -0.673424 0.736349 0.065506 -0.156139 -0.055063 -0.986199
2.520088 -4.825664 82.341064 76.697810 -0.707803 -0.682565 0.181986 -0.681831 0.727482 0.076664 -0.184720 -0.069821 -0.980308
2.244014 -3.560356 23.622274 162.109941 -0.751015 -0.628866 0.201256 -0.615516 0.777104 0.131336 -0.238989 -0.025241 -0.970694
30.716816 -32.093381 649.839293 1191.876891 -0.534606 0.842589 -0.065117 0.550188 0.288525 -0.783611 0.641474 0.454750 0.617829
-25.571547 -2573.556570 8655.778359 -417206.604605 -0.603347 0.746664 0.280118 0.767028 0.639469 -0.052424 0.218269 -0.183228 0.958533
-535.418672 -1007.063929 -33296.020817 123977.578184 0.056841 0.767561 0.638450 0.660868 0.450404 -0.600324 0.748347 -0.456054 0.481655
-162.169290 -355.743334 7441.691894 1857.521811 -0.623522 -0.052735 -0.780025 0.777440 -0.147113 -0.611510 -0.082504 -0.987713 0.132727
-316.978625 -823.178499 11882.238490 59774.466206 -0.263674 -0.609043 -0.748026 -0.022518 0.779143 -0.626441 0.964349 -0.148332 -0.219155
-3.342520 -39.484064 134.527009 1404.736684 0.373605 0.097807 0.922417 0.254695 0.945388 -0.203401 -0.891936 0.310927 0.328291
-3.451706 -31.288794 -10.211255 1677.259741 0.350205 0.227351 0.908663 0.487380 0.784198 -0.384050 -0.799886 0.577360 0.163824
-4.443210 -15.288662 -192.003703 764.989176 0.413563 0.362506 0.835198 0.519438 0.659444 -0.543431 -0.747763 0.658576 0.084422
-6.920455 -12.210746 61.175807 298.508291 0.141689 -0.085202 0.986238 0.658816 0.751718 -0.029708 -0.738841 0.653958 0.162642
35.809191 1.331722 -1091.899162 351.970123 0.841249 -0.530417 0.104679 -0.296179 -0.614114 -0.731534 -0.452303 -0.584399 0.673721
19.382826 -3.827670 7.834428 333.302495 0.968721 -0.238674 -0.067932 -0.219692 -0.697559 -0.682017 -0.115393 -0.675608 0.728175
87.588493 -2.951308 4712.847198 -156.916680 0.712796 -0.456857 -0.532169 -0.701353 -0.458748 -0.545577 -0.005120 -0.762123 0.647412
26.219625 -20.760297 -829.267175 96.405963 0.596847 0.723471 0.346934 -0.356168 -0.148564 0.922536 -0.718970 0.674180 -0.169007
19.654946 -18.139472 -439.573525 177.733168 0.459547 0.833766 0.306025 -0.345691 -0.149479 0.926366 -0.818116 0.531499 -0.219532
16.950297 -16.818207 -473.419332 -11.684801 0.416842 0.880773 0.224680 -0.468902 -0.003394 0.883244 -0.778700 0.473526 -0.411581
1.210623 -5.497393 -62.377442 -11.475128 -0.518697 -0.814168 0.260930 0.719429 -0.250754 0.647722 -0.461925 0.523692 0.715801
1.040516 -5.397359 -31.855575 40.524165 -0.574867 -0.790739 0.210378 0.642151 -0.276637 0.714923 -0.507119 0.546080 0.666803
0.331631 -4.806045 -9.473904 28.701186 -0.592155 -0.781320 0.197212 0.649379 -0.317772 0.690889 -0.477137 0.537179 0.695542
-3.977706 -26.144172 -25.641089 -972.431093 0.829848 0.406599 -0.382138 -0.329041 -0.196519 -0.923641 0.450649 -0.892221 0.029294
-2.634758 -35.491881 80.781946 -1280.414394 0.817993 0.432196 -0.379597 -0.425923 0.011538 -0.904686 0.386622 -0.901706 -0.193520
-2.608373 -38.858511 56.545127 -594.752015 0.835299 0.407643 -0.368921 -0.520673 0.371028 -0.768920 0.176565 -0.834365 -0.522168
-0.160087 -10.617810 -3.649675 24.305212 0.475200 0.854608 -0.209357 -0.027290 0.252140 0.967306 -0.879455 0.453950 -0.143139
-0.298859 -10.505975 34.153456 28.731949 0.483082 0.854882 -0.189231 -0.046336 0.240779 0.969473 -0.874348 0.459567 -0.155927
-0.573488 -10.078751 42.630163 15.240792 0.484065 0.851556 -0.201331 0.095790 0.177132 0.979514 -0.869773 0.493434 -0.004173
-0.482506 -15.979802 -16.096747 -30.157647 0.635182 0.711937 -0.299484 0.772207 -0.577585 0.264748 0.015506 -0.399427 -0.916634
-0.035750 -15.896348 -39.382930 2.840033 0.658287 0.694147 -0.291236 0.723463 -0.476498 0.499550 0.207987 -0.539546 -0.815862
0.067730 -16.226576 -13.437610 -28.224327 0.627752 0.718541 -0.299376 0.757842 -0.476321 0.445862 0.177771 -0.506771 -0.843552
-3.652289 -19.014034 -30.946015 4.340302 0.556964 0.816341 0.152901 0.830418 -0.550478 -0.085909 0.014038 0.174820 -0.984500
-3.580343 -18.775347 16.988827 24.082498 0.557284 0.819920 0.131021 0.830178 -0.553145 -0.069535 0.015461 0.147521 -0.988938
-2.749697 -19.188252 -112.042673 -90.829789 0.811923 0.515867 -0.273243 -0.104763 0.589233 0.801143 -0.574287 0.621840 -0.532455
-4.436079 -17.903540 -83.510487 -62.276008 0.851391 0.471779 -0.229253 -0.119293 0.599767 0.791232 -0.510786 0.646300 -0.566917
-3.530696 -18.080665 114.711380 76.476829 -0.835519 -0.456478 0.305836 -0.146044 0.721085 0.677280 -0.529697 0.521215 -0.669146
-4.513369 -16.776568 -92.191704 60.021165 0.871780 0.386093 -0.301550 -0.137024 0.783138 0.606564 -0.470345 0.487471 -0.735628
-1.961418 -18.991639 120.354942 22.771300 -0.807505 -0.483281 0.338195 -0.173091 0.742248 0.647385 -0.563893 0.464228 -0.683020
-1.216773 -13.099708 -5.573749 -156.379383 -0.587626 -0.791792 0.166615 0.700640 -0.394930 0.594251 -0.404722 0.465934 0.786832
-1.164669 -11.761386 -30.986299 -115.425258 -0.569649 -0.800219 0.187485 0.665269 -0.314990 0.676903 -0.482615 0.510325 0.711794
-1.301404 -13.269519 -19.376906 -142.869541 -0.591071 -0.793372 0.145591 0.687641 -0.401260 0.605095 -0.421645 0.457768 0.782728
4.069276 -82.180025 46.740493 2862.288343 0.505491 0.406405 0.761127 0.407718 0.664921 -0.625816 -0.760424 0.626669 0.170413
11.505818 -147.652611 634.473190 7356.861214 0.572725 0.409150 0.710340 0.291514 0.708237 -0.642977 -0.766163 0.575323 0.286352
-0.238870 -13.192452 20.405270 -27.871605 0.693880 0.687365 -0.214613 -0.595087 0.379550 -0.708388 0.405465 -0.619250 -0.672404
1.537805 -70.812909 96.304506 -1386.126106 0.573076 0.817532 0.056787 -0.608666 0.471015 -0.638490 0.548734 -0.331339 -0.767532
0.086081 -63.602669 40.700941 -232.523755 0.581312 0.811473 0.059909 -0.693664 0.532711 -0.484819 0.425332 -0.240274 -0.872560
0.403152 -70.447527 -9.790161 1013.887708 0.585702 0.809314 0.044313 -0.788188 0.581455 -0.201666 0.188977 -0.083189 -0.978452
0.036118 -77.239922 87.107966 -2540.414708 0.584859 0.808900 0.060168 0.810329 -0.585974 0.001093 0.036141 0.048117 -0.998188
0.873227 -62.981988 36.504806 1753.328142 0.524692 0.851127 0.016797 -0.815266 0.496710 0.297691 -0.245030 0.169890 -0.954514
-10.793844 -15.909298 -31.151130 79.287181 -0.615233 -0.615242 0.492915 0.759402 -0.630379 0.161029 0.211651 0.473391 0.855047
-8.958599 -13.436199 -44.668836 -182.559989 0.762437 0.361591 -0.536602 -0.465593 0.882468 -0.066889 0.449348 0.300837 0.841180
-9.823509 -15.118601 -47.619756 155.247157 0.695387 0.442202 -0.566476 0.619079 -0.768912 0.159733 0.364936 0.461769 0.808450
-6.520792 -13.920130 22.942776 107.276968 0.585885 -0.251722 -0.770308 0.531122 -0.598661 0.599595 0.612085 0.760422 0.217052
-6.763093 -14.271690 -1.723525 46.901462 -0.541070 0.278274 0.793604 0.641093 -0.474261 0.603387 0.544282 0.835249 0.078209
-7.188784 -14.753113 -60.717372 57.873620 -0.582927 0.183430 0.791549 0.633637 -0.507197 0.584170 0.508626 0.842083 0.179431
-1.799568 -7.050377 49.386588 142.474706 0.717903 0.222410 -0.659659 -0.244754 0.967732 0.059915 0.651699 0.118441 0.749173
-2.172691 -5.930065 1.669150 90.329580 0.665303 0.425372 -0.613539 -0.446327 0.885396 0.129869 0.598468 0.187437 0.778912
-2.213440 -8.377527 12.300862 163.122041 0.733157 0.263201 -0.627061 -0.261097 0.960344 0.097819 0.627940 0.092007 0.772804
-1.869776 -4.636556 6.115735 49.220898 0.623705 0.460355 -0.631716 -0.474620 0.865176 0.161885 0.621069 0.198857 0.758109
-1.192584 -10.292208 84.594882 233.349335 0.732404 0.156213 -0.662708 -0.118486 0.987716 0.101877 0.670482 0.003906 0.741916
-0.168201 -8.098961 169.866707 229.653349 0.723348 0.028396 -0.689899 -0.058757 0.998061 -0.020527 0.687979 0.055384 0.723614
-0.994230 -5.393622 105.287579 121.325516 0.722208 0.091659 -0.685576 -0.156896 0.987053 -0.033314 0.673646 0.131624 0.727239
0.254591 -11.062813 -246.983836 18.555431 0.629819 0.752542 -0.192378 -0.621877 0.340139 -0.705389 0.465400 -0.563903 -0.682214
1.981825 -10.642694 -255.545919 -17.305753 0.640326 0.747682 -0.175939 0.667352 -0.428137 0.609376 0.380293 -0.507613 -0.773114
1.319049 -10.122967 -204.401922 -57.527016 0.624414 0.760985 -0.176091 0.729795 -0.488035 0.478770 0.278399 -0.427461 -0.860099
1.006534 -10.890177 68.602620 69.207753 0.549004 0.833922 0.056289 0.539441 -0.404966 0.738245 -0.638434 0.374935 0.672180
-0.107397 -10.621910 7.861135 55.065988 0.533536 0.844457 0.047238 0.500734 -0.360393 0.787009 -0.681620 0.396243 0.615131
3.051656 -19.038521 -0.217064 434.446463 0.559242 0.827947 -0.041862 -0.790229 0.547668 0.274952 -0.250572 0.120685 -0.960546
3.349424 -18.951265 -48.373117 379.392602 0.546884 0.837130 -0.011467 -0.788448 0.519590 0.329206 -0.281547 0.170996 -0.944188
-2.921202 -21.383652 34.768490 -115.439923 0.710410 0.694520 -0.113837 -0.273727 0.421678 0.864442 -0.648375 0.582949 -0.489674
-3.383427 -21.840518 25.187267 -129.279782 0.693082 0.707088 -0.140226 -0.393360 0.533990 0.748413 -0.604074 0.463552 -0.648239
-3.458445 -19.662312 14.356036 -111.657462 0.687515 0.704474 -0.176178 -0.485833 0.626547 0.609430 -0.539711 0.333399 -0.773018
-3.625323 -21.354452 7.289806 -225.069433 0.662374 0.726254 -0.183890 -0.384407 0.540153 0.748643 -0.643034 0.425193 -0.636960
-3.456380 -24.311489 35.963251 -206.939658 0.676365 0.723020 -0.140612 -0.212142 0.374034 0.902826 -0.705355 0.580810 -0.406366
-1.861355 -17.578284 49.982964 90.947300 0.593901 0.804209 0.023025 0.077013 -0.028340 -0.996627 0.800844 -0.593671 0.078766
-0.773942 -18.698771 73.337088 239.121734 0.579676 0.813729 0.042667 0.193947 -0.086926 -0.977153 0.791429 -0.574707 0.208209
-1.978696 -19.758933 37.961114 186.854874 0.613983 0.789279 -0.007923 0.200411 -0.165593 -0.965616 0.763452 -0.591284 0.259852
-0.876915 -17.582318 105.043078 36.820055 0.553355 0.831879 0.042144 0.032821 0.028781 -0.999047 0.832299 -0.554210 0.011377
2.561793 -4.975544 10.627425 -33.919190 0.693771 -0.719849 -0.022347 0.682723 0.647478 0.338616 0.229283 0.250178 -0.940659
3.346564 -4.562768 -30.833733 -52.437124 0.697323 -0.715357 -0.044773 0.696493 0.661537 0.277966 0.169226 0.225016 -0.959547
0.263921 -11.391055 -39.845232 -111.012454 -0.465473 -0.883062 0.059475 0.883014 -0.458777 0.099039 -0.060172 0.098617 0.993305
-1.452748 -26.908442 -44.130576 234.144181 0.300256 0.878971 -0.370482 0.836760 -0.056260 0.544672 0.457907 -0.473545 -0.752380
4.603827 -10.130193 53.925971 -17.360996 0.516182 0.845378 -0.137449 -0.350402 0.062007 -0.934545 0.781521 -0.530557 -0.328229
2.705598 -9.617055 287.446606 -4.956506 0.416471 0.900465 -0.125360 -0.358344 0.035861 -0.932900 0.835548 -0.433448 -0.337612
0.004556 -8.950918 276.599742 12.710085 0.423039 0.899302 -0.110879 -0.449447 0.102004 -0.887464 0.786788 -0.425267 -0.447340
-477.685172 -783.002560 -24303.334258 51896.971559 0.841046 0.412815 0.349607 -0.314517 0.898964 -0.304864 -0.440137 0.146447 0.885908
0.293951 -31.585489 120.410199 -422.683181 0.393383 0.072747 0.916492 -0.215116 0.976476 0.014825 -0.893854 -0.202984 0.399778
14.110345 -17.999130 -138.883800 -136.647038 0.619713 0.779806 0.088645 0.718965 -0.518781 -0.462553 -0.314715 0.350383 -0.882149
14.092675 -16.994387 93.400526 170.453912 0.701241 0.656098 0.278918 0.708844 -0.599860 -0.371091 -0.076160 0.457934 -0.885718
16.402725 -18.685229 -213.368888 52.197510 0.653287 0.732327 0.192130 0.682162 -0.459262 -0.568976 -0.328438 0.502768 -0.799595
13.383064 -17.230377 -86.009297 47.901975 0.620977 0.776390 0.107730 0.779913 -0.598290 -0.183808 -0.078253 0.198161 -0.977041
15.066616 -17.547836 -350.472034 -63.849518 0.530040 0.846792 0.044730 -0.680337 0.393178 0.618508 -0.506161 0.358265 -0.784504
12.259958 -16.943364 -199.256036 163.842909 0.536991 0.842057 -0.050809 -0.712820 0.485136 0.506488 -0.451141 0.235761 -0.860749
12.321716 -18.177899 -118.293848 281.888060 0.575907 0.816913 -0.031380 -0.765779 0.552502 0.329126 -0.286205 0.165515 -0.943765
2.046003 -6.101254 -112.863265 -52.640226 -0.475583 -0.829325 0.293326 0.782776 -0.246841 0.571253 -0.401350 0.501287 0.766570
1.533180 -6.698874 -116.561851 -60.863596 -0.419261 -0.837522 0.350396 0.856517 -0.236938 0.458518 -0.300997 0.492359 0.816691
-3.232594 -18.221335 -58.018416 -524.725013 0.852853 0.372007 -0.366405 -0.241654 -0.340841 -0.908532 0.462866 -0.863388 0.200790
-0.349664 -10.557068 -32.377738 0.270679 0.476211 0.846820 -0.236896 -0.020266 0.279903 0.959814 -0.879098 0.452273 -0.150455
-0.637455 -10.771780 -21.277636 -6.974773 0.490504 0.833560 -0.254134 -0.021460 0.303092 0.952720 -0.871175 0.461859 -0.166556
0.812104 -16.545593 -55.101577 -70.091013 0.558255 0.759225 -0.334558 0.829336 -0.499211 0.250981 0.023536 -0.417572 -0.908339
-2.690725 -18.618520 -37.136578 106.430900 0.532949 0.838385 0.114351 -0.228010 0.012151 0.973583 -0.814848 0.544943 -0.197636
-2.249924 -19.139870 -49.022969 66.207639 0.504663 0.859084 0.085386 -0.285323 0.072624 0.955676 -0.814804 0.506657 -0.281768
-2.302494 -18.584133 -77.852685 20.979736 0.497274 0.860956 0.107110 -0.120843 -0.053520 0.991228 -0.859136 0.505856 -0.077427
-2.785328 -19.635326 -34.434503 98.151674 0.534458 0.840505 0.088920 -0.427154 0.177829 0.886519 -0.729311 0.511790 -0.454067
-2.495804 -17.935179 -51.503348 40.750822 0.520592 0.844196 0.127738 -0.057175 -0.114806 0.991741 -0.851889 0.523596 0.011500
-2.769084 -17.228531 -18.400785 47.638735 0.557781 0.819348 0.132474 -0.073768 -0.110039 0.991186 -0.826703 0.562637 0.000936
-3.074029 -17.316339 0.685437 47.948536 0.579003 0.803443 0.138688 -0.211156 -0.016531 0.977313 -0.787508 0.595152 -0.160081
-3.120447 -18.165126 -26.341812 92.482065 0.558978 0.820974 0.116385 -0.333040 0.093748 0.938241 -0.759360 0.563217 -0.325820
-3.473923 -19.283579 -90.901129 -124.595676 0.828677 0.519886 -0.207393 -0.042844 0.428354 0.902595 -0.558084 0.739074 -0.377241
-4.623898 -18.579891 -94.139382 -141.777181 0.845493 0.507530 -0.165999 -0.071453 0.415602 0.906736 -0.529185 0.754777 -0.387653
-5.325989 -17.024353 -44.837213 -144.825086 0.880490 0.453353 -0.138592 -0.131122 0.513840 0.847806 -0.455570 0.728313 -0.511876
-5.343940 -15.542280 -38.156364 -52.975845 0.896373 0.391857 -0.207276 -0.140358 0.694393 0.705775 -0.420494 0.603545 -0.677435
-0.906387 -7.945093 -11.458488 28.941729 0.577882 0.700179 -0.419287 0.071173 0.468563 0.880559 -0.813011 0.538700 -0.220940
-0.971548 -9.002630 -10.809580 25.854166 0.561689 0.739124 -0.371753 0.073606 0.402907 0.912276 -0.824067 0.539779 -0.171905
-0.922651 -8.489549 -11.898963 -33.175777 0.575921 0.748197 -0.329419 0.078686 0.350351 0.933307 -0.813710 0.563432 -0.142902
-0.947072 -7.851422 -6.207812 -41.939475 0.594401 0.732378 -0.332130 0.065972 0.367208 0.927796 -0.801458 0.573394 -0.169952
-1.223180 -7.173132 0.633133 21.640051 0.601945 0.647094 -0.467902 0.057945 0.549008 0.833806 -0.796432 0.529018 -0.292977
-0.613004 -41.754987 80.995255 190.774905 0.872584 0.313585 -0.374515 -0.487692 0.516201 -0.704055 0.027456 -0.796995 -0.603361
-2.679091 -45.311206 274.534005 1152.921276 0.849059 0.346356 -0.398919 -0.526345 0.489740 -0.695065 0.045374 -0.800121 -0.598121
-3.856684 -36.604167 285.900140 650.987029 0.846114 0.348085 -0.403644 -0.519329 0.708823 -0.477355 -0.119952 -0.613520 -0.780515
-3.937666 -63.151370 149.177673 1209.435596 0.914014 0.326782 -0.240399 -0.331316 0.259319 -0.907184 0.234111 -0.908827 -0.345289
-0.867395 -38.385545 85.830110 559.222460 0.854801 0.321252 -0.407569 -0.474617 0.801580 -0.363604 -0.209891 -0.504248 -0.837663
0.339565 -38.219809 -34.896144 406.145908 0.863361 0.283729 -0.417259 -0.498386 0.608738 -0.617292 -0.078858 -0.740902 -0.666967
-3.128688 -51.717426 -73.117778 265.250563 0.923219 0.301546 -0.238196 -0.305357 0.199371 -0.931133 0.233290 -0.932374 -0.276142
-0.911783 -40.171760 -23.344172 -197.182429 0.892245 0.286398 -0.349106 -0.423541 0.262744 -0.866936 0.156563 -0.921380 -0.355733
-3.507198 -4.952291 221.089197 -14.747179 0.267635 0.962594 0.042250 -0.856894 0.217739 0.467250 -0.440572 0.161256 -0.883115
-3.063344 -4.726554 254.704992 44.455995 0.227860 0.967229 0.112017 -0.894730 0.162608 0.415953 -0.384107 0.195004 -0.902461
-2.772261 -390.306168 -112.967545 25593.165496 0.373309 0.647656 0.664216 -0.311255 0.761914 -0.567985 -0.873934 0.005293 0.486015
7.326944 -2176.837043 -1811.802600 170213.235754 0.378875 0.613701 0.692694 -0.269440 0.789220 -0.551846 -0.885356 0.022442 0.464371
-5.140264 -100.327867 -236.172775 5536.790827 0.442080 0.425239 0.789770 0.329202 0.742118 -0.583855 -0.834381 0.518105 0.188086
-5.614998 -332.516841 230.473752 25621.512294 -0.385081 -0.576877 -0.720365 0.851155 -0.523705 -0.035607 -0.356718 -0.626854 0.692681
-2.454169 -96.167272 -205.132416 5229.983486 0.441697 0.514119 0.735245 0.281644 0.698633 -0.657715 -0.851810 0.497588 0.163785
