13268
26525
-7.006806 -9.337677 -26.093981 -154.169013 0.161601 0.962916 0.216052 0.985720 -0.168004 0.011480 0.047352 0.211111 -0.976314
-8.062508 -10.800023 -13.965203 -139.157202 0.281417 0.917918 0.279698 0.939112 -0.323342 0.116266 0.197161 0.229949 -0.953022
-5.326181 -12.153167 -110.678400 -237.316549 0.416311 0.894710 0.161798 0.902466 -0.428276 0.046208 0.110637 0.126780 -0.985742
-6.751353 -9.553516 30.251355 -86.149819 -0.434136 0.877363 0.204353 0.887727 0.378084 0.262667 0.153191 0.295443 -0.942998
-6.149394 -9.121127 -65.088631 -172.448575 0.298474 0.942675 0.149253 0.953546 -0.287852 -0.088832 -0.040776 0.168834 -0.984801
-5.619647 -8.316797 7.067840 -99.349759 -0.564037 0.796458 0.217983 0.825444 0.551010 0.122600 -0.022465 0.249084 -0.968221
-6.796689 -10.118565 30.143612 -27.057425 -0.584218 0.679287 0.444138 0.690388 0.128251 0.711980 0.426678 0.722579 -0.543898
-6.743029 -10.171041 35.251452 -15.596748 -0.642387 0.650231 0.405633 0.702665 0.288425 0.650440 0.305941 0.702859 -0.642176
-6.414786 -10.189512 -41.229043 -30.155200 0.670765 -0.557094 -0.489613 0.664949 0.159315 0.729700 0.328509 0.815025 -0.477302
-6.810417 -10.275486 11.708074 1.338499 -0.537398 0.763803 0.357503 0.739060 0.222359 0.635883 0.406195 0.605938 -0.683991
-6.450843 -10.264246 -39.614832 -46.387361 0.655192 -0.568804 -0.497177 0.617108 0.023343 0.786532 0.435777 0.822142 -0.366308
-6.981110 -10.406234 -5.655201 16.120576 -0.468680 0.788758 0.397744 0.709016 0.067317 0.701972 0.526911 0.611007 -0.590792
-6.916627 -10.405699 21.825344 -23.566714 -0.545793 0.692449 0.471831 0.641759 -0.016605 0.766727 0.538754 0.721276 -0.435322
-4.225487 -9.782717 -12.540442 44.846699 -0.141382 0.985085 0.098071 0.637644 0.014840 0.770188 -0.757246 -0.171425 0.630232
-4.776368 -9.507764 -15.595804 44.845076 -0.036095 0.992497 0.116816 0.651197 -0.065309 0.756093 -0.758050 -0.103361 0.643954
-4.583639 -10.659678 -6.643365 92.910727 -0.171527 0.985056 0.015611 0.527372 0.078423 0.846007 -0.832140 -0.153346 0.532943
-3.352269 -11.175415 -70.499746 95.364351 -0.256717 0.963908 0.070553 0.538525 0.082044 0.838606 -0.802550 -0.253279 0.540151
5.802259 -17.721609 193.277713 -427.121787 -0.482552 0.875119 0.036195 -0.229929 -0.166445 0.958868 -0.845149 -0.454381 -0.281534
4.766162 -10.736801 179.044838 -404.783498 -0.490995 0.868935 0.062262 -0.424200 -0.300896 0.854117 -0.760906 -0.392956 -0.516341
2.595341 -16.227108 251.400573 -500.995510 -0.413223 0.910476 0.016721 -0.329958 -0.166816 0.929139 -0.848749 -0.378425 -0.369351
4.003407 -19.256868 305.632235 -221.367843 -0.410724 0.911445 -0.023941 -0.049834 0.003777 0.998750 -0.910397 -0.411404 -0.043869
-0.574357 -12.802259 205.036188 -474.285737 -0.387914 0.921114 0.032737 -0.414128 -0.205915 0.886621 -0.823420 -0.330375 -0.461336
0.013932 -17.064383 283.259225 -297.722136 -0.352734 0.934458 -0.048645 -0.183151 -0.017967 0.982921 -0.917625 -0.355619 -0.177484
13.691716 -11.963291 -636.389870 -216.212805 0.649520 0.672111 -0.355515 -0.090147 0.532344 0.841714 -0.754981 0.514662 -0.406357
7.894859 -9.552416 -109.932011 -107.332739 0.589948 0.690563 -0.418430 -0.145741 0.600776 0.786020 -0.794179 0.402729 -0.455070
18.568870 -7.861139 -695.197878 -67.910464 0.656627 0.673640 -0.339191 -0.162391 0.565454 0.808635 -0.736526 0.475890 -0.480685
0.249594 -6.356978 -60.482926 -20.939408 -0.388881 0.880591 -0.270796 0.912974 0.407747 0.014843 0.123487 -0.241458 -0.962522
0.359229 -5.700799 -64.847185 -60.635740 -0.423868 0.863407 -0.273614 0.905550 0.409905 -0.109346 0.017746 -0.294119 -0.955604
-0.548916 -6.174807 -47.742160 -15.021207 -0.439047 0.859278 -0.262447 0.889799 0.456320 0.005495 0.124481 -0.231113 -0.964931
1.403188 -9.819309 -11.807211 21.619453 -0.259765 0.941006 -0.216863 -0.678661 -0.018136 0.734227 -0.686979 -0.337903 -0.643336
1.661579 -10.100812 -8.911758 19.288621 -0.242636 0.948026 -0.205853 -0.519615 0.052188 0.852805 -0.819224 -0.313885 -0.479946
1.252540 -10.240692 -21.506416 54.981638 -0.289594 0.931368 -0.220655 -0.637465 -0.015709 0.770319 -0.713985 -0.363739 -0.598264
1.570627 -10.136769 4.273277 -53.651158 -0.199171 0.957302 -0.209532 -0.591401 0.053072 0.804629 -0.781394 -0.284176 -0.555579
1.095845 -10.918479 -12.912420 37.965071 -0.304530 0.932148 -0.195862 -0.773077 -0.121760 0.622516 -0.556429 -0.340991 -0.757702
1.260429 -9.178223 -6.844961 -6.367721 -0.233118 0.948153 -0.216015 -0.720841 -0.019385 0.692830 -0.652721 -0.317224 -0.687986
1.153650 -10.428064 -7.413752 57.479551 -0.291747 0.938806 -0.183103 -0.786315 -0.126408 0.604755 -0.544603 -0.320412 -0.775077
0.385209 -26.087769 -8.306736 -142.244688 -0.209817 0.920652 -0.329206 0.972579 0.231074 0.026352 0.100332 -0.314650 -0.943890
0.130103 -23.480079 -6.963422 -279.485599 -0.230882 0.917115 -0.324953 0.951018 0.142152 -0.274514 -0.205568 -0.372416 -0.905013
0.152089 -24.712796 -12.802128 -146.919990 -0.186203 0.918145 -0.349769 0.977714 0.208290 0.026265 0.096968 -0.337083 -0.936468
0.367222 -25.017426 -13.621936 -118.340917 -0.162898 0.922719 -0.349363 -0.898950 -0.284740 -0.332886 0.406637 -0.259834 -0.875861
1.501863 -2.851584 -23.229946 419.870256 -0.510020 0.783968 0.353940 -0.149816 -0.486154 0.860935 -0.847015 -0.386068 -0.365399
2.558365 0.062011 -0.958508 304.772096 -0.496328 0.786927 0.366613 -0.146157 -0.492015 0.858230 -0.855743 -0.372381 -0.359216
1.711042 -0.489732 64.931692 -258.314597 -0.559584 0.471197 0.681791 -0.104791 0.775820 -0.622191 -0.822122 -0.419614 -0.384760
2.371297 -3.390033 -22.444868 45.714105 0.932593 -0.291232 -0.213199 0.360847 0.739700 0.568008 0.007719 0.606652 -0.794930
1.695120 -3.479414 -101.003157 48.443811 0.990245 -0.049883 -0.130103 0.119513 0.784108 0.609008 -0.071636 0.618616 -0.782421
0.429335 -3.505548 -69.077901 27.518549 0.962206 -0.191643 -0.193474 0.266528 0.808504 0.524675 -0.055875 0.556412 -0.829026
-0.533417 -15.109412 -14.120941 34.766454 0.983098 -0.182406 -0.015714 -0.128536 -0.748779 0.650237 0.130374 0.637227 0.759569
-0.283595 -14.638340 44.679121 37.850537 0.982117 -0.176492 -0.065543 -0.095527 -0.767141 0.634326 0.162234 0.616722 0.770282
-0.346594 -15.648746 10.884760 62.081345 0.982682 -0.183461 -0.026040 -0.097563 -0.631733 0.769022 0.157536 0.753163 0.638692
0.298382 -12.283600 -49.286143 -15.177610 0.073968 -0.911445 0.404719 0.929228 -0.084334 -0.359754 0.362027 0.402687 0.840702
0.976792 -13.259707 59.624491 -135.058538 -0.057449 0.908644 -0.413602 0.866188 -0.160629 -0.473199 0.496406 0.385441 0.777828
1.855097 -11.553609 -76.424809 -70.849288 -0.024055 -0.905473 0.423722 0.930255 -0.175498 -0.322219 0.366123 0.386418 0.846543
1.202404 -11.269113 -64.687456 50.635795 -0.006071 -0.907524 0.419957 0.968967 -0.109120 -0.221799 0.247114 0.405578 0.880023
-0.109282 -12.177948 -34.172682 32.864937 0.078411 -0.914523 0.396863 0.972901 -0.016662 -0.230620 0.217519 0.404192 0.888434
0.745780 -20.995653 -25.390432 63.618615 0.958760 -0.283556 -0.019373 -0.027321 -0.024100 -0.999336 -0.282901 -0.958653 0.030853
0.924658 -21.305945 -30.123753 -26.612441 0.956048 -0.292726 -0.016861 -0.088072 -0.231844 -0.968758 -0.279672 -0.927664 0.247434
1.219996 -21.682747 -48.395347 -52.920012 0.958198 -0.285368 -0.020533 -0.050741 -0.098871 -0.993806 -0.281571 -0.953304 0.109218
-3.336902 -4.482987 -69.831438 -41.436888 -0.178048 0.983896 0.015704 0.770425 0.129454 0.624249 -0.612163 -0.123246 0.781068
-3.745451 -4.612559 -39.953284 -34.899110 -0.125537 0.991859 -0.021367 0.806531 0.114574 0.579983 -0.577710 -0.055576 0.814348
-3.546309 -4.226484 -46.291712 -15.810882 0.627060 -0.619963 0.471637 0.432533 0.780657 0.451098 -0.647851 -0.078867 0.757673
-2.721994 -5.025042 -72.060561 -28.131112 -0.169779 0.983138 0.067932 0.820579 0.102860 0.562201 -0.545734 -0.151193 0.824206
1.746224 -67.789792 57.175356 -531.890834 0.672584 -0.366926 0.642647 0.735992 0.422162 -0.529240 -0.077110 0.828942 0.553994
1.316018 -62.707658 59.097341 -224.256598 0.698913 -0.371876 0.610925 -0.651308 -0.683857 0.328842 -0.295497 0.627733 0.720162
-0.120315 -102.714265 -57.023459 3416.915592 0.713545 -0.354243 0.604454 -0.584924 -0.776101 0.235652 -0.385639 0.521708 0.760988
0.182329 -99.623408 48.805775 3231.893006 0.669557 -0.392253 0.630738 0.480874 0.876116 0.034383 -0.566086 0.280283 0.775234
1.923489 -43.141316 -307.690281 1388.865278 -0.174190 -0.008636 -0.984674 -0.223650 0.974176 0.031020 0.958978 0.225626 -0.171623
-2.817304 -37.324516 -287.123450 1479.066889 -0.127550 -0.059351 -0.990055 -0.495110 0.868751 0.011706 0.859417 0.491679 -0.140194
1.934384 -47.889526 -329.494754 2142.828952 -0.270014 0.081972 -0.959361 -0.475329 0.855147 0.206850 0.837350 0.511864 -0.191938
7.904906 -52.360636 -437.570119 2224.612957 -0.279024 0.064715 -0.958101 -0.278718 0.949319 0.145292 0.918946 0.307580 -0.246846
0.652316 -3.136807 13.545547 262.713238 -0.370579 0.914361 -0.163141 0.880510 0.401749 0.251595 -0.295591 0.050411 0.953984
3.027373 0.397319 421.664272 25.288237 0.968960 -0.044259 0.243225 0.061084 0.996201 -0.062074 -0.239553 0.075004 0.967982
1.018496 -2.900666 17.256338 278.263402 -0.344426 0.928530 -0.138574 0.899029 0.368732 0.236186 -0.270402 0.043234 0.961776
0.793496 -6.281177 15.957712 112.728020 -0.270353 0.955288 -0.119724 0.884950 0.295550 0.359880 -0.379173 0.008656 0.925285
0.780306 -9.864778 6.323928 147.686034 -0.462410 0.822956 -0.330031 0.380461 0.520368 0.764504 -0.800891 -0.227951 0.553726
0.500720 -9.712951 29.359697 118.604684 -0.459536 0.817315 -0.347597 0.337600 0.522734 0.782800 -0.821494 -0.242376 0.516141
0.453670 -7.596363 50.526585 80.834538 -0.485278 0.772208 -0.410121 0.402693 0.613733 0.679095 -0.776108 -0.164397 0.608794
-2.426482 -14.646037 -57.253935 -68.857503 0.990978 0.014129 -0.133277 0.119696 0.354062 0.927531 -0.060293 0.935115 -0.349176
-3.637938 -13.375700 -98.270056 -152.801494 0.994077 0.005543 -0.108540 0.086796 0.560555 0.823556 -0.065408 0.828098 -0.556754
-2.492090 -13.197317 -17.412322 -137.720649 0.990509 -0.009719 -0.137106 0.117373 0.578888 0.806915 -0.071526 0.815349 -0.574535
-1.701068 -6.121399 14.299812 34.097686 -0.539289 0.739964 -0.402022 0.462392 0.659181 0.593021 -0.703819 -0.133918 0.697643
-1.444017 -5.922765 8.573900 40.218900 -0.530364 0.726175 -0.437474 0.466994 0.680929 0.564139 -0.707552 -0.094901 0.700259
-1.480576 -6.534788 8.771426 16.023607 -0.542924 0.726840 -0.420639 0.369490 0.656554 0.657582 -0.754129 -0.201595 0.625019
-1.594599 -5.118812 13.406614 62.190696 -0.521671 0.744540 -0.416557 0.551099 0.666804 0.501660 -0.651267 -0.032138 0.758168
-1.954327 -5.386884 20.442630 56.743569 -0.523206 0.765727 -0.374056 0.557508 0.639516 0.529342 -0.644547 -0.068416 0.761498
-3.447125 -135.668909 88.488181 -3131.500906 -0.395487 0.324175 0.859360 -0.502537 0.706793 -0.497896 -0.768796 -0.628771 -0.116618
3.412872 -698.929125 681.480813 51246.974976 -0.413830 0.315479 0.853942 -0.126483 0.909010 -0.397119 -0.901525 -0.272349 -0.336273
-1.163081 -551.473913 14.423860 28880.126626 0.484692 -0.159345 -0.860048 0.733189 -0.462173 0.498828 -0.476977 -0.872356 -0.107182
-4.312398 -73.622604 -93.694733 2958.249447 0.404598 -0.191906 -0.894132 0.908261 -0.029640 0.417352 -0.106595 -0.980966 0.162308
6.714712 -316.366736 -208.600437 17034.805223 0.319597 -0.251675 -0.913519 0.882296 -0.272548 0.383760 -0.345560 -0.928643 0.134946
-1.206085 -32.636512 26.130694 188.203327 0.220316 -0.270581 -0.937148 0.880591 0.468411 0.071776 0.419549 -0.841057 0.341469
0.539399 -20.377309 65.226906 -443.167506 0.260137 -0.197533 -0.945150 0.808440 0.579790 0.101336 0.527972 -0.790458 0.310518
-0.378660 -35.604019 59.702701 -1088.650927 0.357777 -0.068906 -0.931261 0.665846 0.718032 0.202679 0.654710 -0.692591 0.302776
-3.011900 -46.972688 99.664333 -1458.248081 0.374481 -0.099027 -0.921931 0.691408 0.692330 0.206479 0.617834 -0.714753 0.327733
-5.935989 -8.576794 -28.483358 -75.576208 -0.242572 0.904403 0.351019 0.129933 0.388852 -0.912092 0.961393 0.175639 0.211837
-6.834924 -8.533220 6.966104 -85.384895 -0.109868 0.993860 -0.013056 0.230380 0.012686 -0.973018 0.966879 0.109912 0.230359
-7.400365 -9.466412 37.249578 -61.637638 -0.143003 0.989378 0.026106 0.137397 0.045967 -0.989449 0.980139 0.137907 0.142511
-7.433734 -9.298707 9.745022 -99.485883 -0.226311 0.954493 0.194233 0.061045 0.212913 -0.975162 0.972140 0.208833 0.106452
-8.511293 -10.373383 3.058973 -65.846285 -0.136111 0.926697 -0.350295 0.050851 -0.346584 -0.936640 0.989388 0.145300 -0.000051
-5.952911 -8.841607 3.375791 -64.240776 0.313455 0.944816 -0.095228 0.838130 -0.228121 0.495479 -0.446413 0.235124 0.863384
-5.614295 -8.505633 8.568338 -25.638185 0.271747 0.962254 -0.014856 0.774224 -0.209425 0.597259 -0.571604 0.173805 0.801911
-5.676013 -8.941161 15.333928 -77.867326 0.311522 0.949968 0.022701 0.821559 -0.281264 0.495915 -0.477489 0.135838 0.868074
-2.409029 -8.175548 -21.988040 -65.137384 0.274127 0.957590 0.088748 -0.524040 0.226117 -0.821129 0.806372 -0.178586 -0.563801
-1.877387 -7.703702 -124.991715 -62.077596 0.277625 0.960458 -0.021071 -0.563877 0.145155 -0.813002 0.777796 -0.237591 -0.581879
-3.153843 -8.260570 -71.227548 -21.531410 0.332942 0.936775 0.107715 -0.610511 0.301210 -0.732495 0.718628 -0.178117 -0.672196
-2.991179 -8.828757 56.622797 1.392233 0.297524 0.928305 0.223002 -0.588072 0.362203 -0.723174 0.752097 -0.084020 -0.653674
-3.337972 -8.504026 26.218506 43.055281 0.351416 0.911437 0.213982 -0.661751 0.403496 -0.631883 0.662263 -0.080451 -0.744940
0.714056 -6.338870 -32.259050 -73.893291 0.317311 0.938678 -0.134897 0.751584 -0.335671 -0.567844 0.578303 -0.078796 0.812008
1.006931 -8.085714 -37.000707 -90.517146 0.324314 0.939475 -0.110485 0.664622 -0.309415 -0.680103 0.673125 -0.147136 0.724744
0.372900 -7.055425 -46.168943 -94.831098 0.361803 0.920829 -0.145506 0.701854 -0.371776 -0.607605 0.613596 -0.117709 0.780797
1.097892 -7.690014 7.211867 -84.202061 0.278691 0.948439 -0.150979 0.683304 -0.306289 -0.662784 0.674854 -0.081547 0.733432
-0.450051 -5.417325 -64.588005 -67.515895 0.377704 0.913510 -0.151125 0.758992 -0.398942 -0.514565 0.530350 -0.079650 0.844029
1.261602 -6.439666 -8.210615 -76.826694 0.284701 0.946816 -0.149948 0.754953 -0.317851 -0.573600 0.590755 -0.050101 0.805294
1.169311 -5.341491 -30.736083 -59.888823 0.289552 0.947866 -0.133075 0.809124 -0.316667 -0.495015 0.511349 -0.035658 0.858633
0.357378 -4.885700 -68.738184 -55.024798 0.317077 0.941472 -0.114419 0.816765 -0.332392 -0.471605 0.482035 -0.056082 0.874355
0.353889 -3.789658 -7.943034 -22.321428 -0.126909 -0.985629 0.111491 0.991550 -0.129106 -0.012675 0.026887 0.108940 0.993685
0.203188 -4.443442 -7.855961 -65.557211 -0.120170 -0.986186 0.113997 0.989369 -0.128442 -0.068207 0.081907 0.104588 0.991137
0.498163 -4.162617 -24.953273 -40.759756 -0.102272 -0.988566 0.110800 0.993233 -0.107643 -0.043605 0.055033 0.105591 0.992886
0.255539 -4.114309 12.429995 -52.057252 -0.150021 -0.982352 0.111708 0.986828 -0.155698 -0.043907 0.060525 0.103649 0.992771
0.572120 -3.843685 -20.127988 -0.008483 -0.125760 -0.986315 0.106621 0.992053 -0.124622 0.017300 -0.003775 0.107949 0.994149
0.335363 -3.801476 -8.853020 26.218667 -0.105813 -0.988133 0.111337 0.994092 -0.102393 0.036013 -0.024185 0.114489 0.993130
0.304926 -3.753473 5.620992 -1.187744 -0.128508 -0.985295 0.112606 0.991628 -0.129111 0.001952 0.012615 0.111914 0.993638
0.073696 -10.808445 11.100642 -61.078469 0.759443 0.484357 -0.434333 0.015743 0.653737 0.756558 0.650383 -0.581400 0.488851
-0.129938 -11.045895 0.535940 -35.152381 0.763599 0.500348 -0.408127 -0.004530 0.636214 0.771499 0.645674 -0.587268 0.488079
0.279094 -11.011306 9.305882 -1.978816 0.760105 0.479274 -0.438791 -0.106447 -0.574309 -0.811689 0.641023 -0.663676 0.385518
0.575372 -11.028910 7.609125 -31.304393 0.762519 0.473653 -0.440703 -0.206842 -0.466954 -0.859751 0.613011 -0.746731 0.258090
0.956883 -10.788381 16.544115 -61.859837 0.764562 0.445159 -0.466132 -0.199140 -0.524662 -0.827691 0.613016 -0.725647 0.312488
0.778434 -10.573749 28.186567 21.787585 0.757163 0.460975 -0.462825 0.101204 0.617185 0.780282 0.645339 -0.637640 0.420657
-2.073655 -13.279688 -6.489752 -28.553570 0.881916 -0.432730 0.187003 -0.470595 -0.784886 0.403105 0.027660 0.443508 0.895844
-1.902515 -12.706908 -2.097041 -30.025149 0.885411 -0.429503 0.177692 -0.445060 -0.673148 0.590587 0.134046 0.601996 0.787167
-1.809734 -13.397198 -14.891279 -21.711208 0.874164 -0.421338 0.241479 -0.485048 -0.781874 0.391665 -0.023782 0.459508 0.887855
-1.916029 -12.853216 5.470533 -48.859266 0.892109 -0.437627 0.112362 -0.410374 -0.680767 0.606753 0.189039 0.587400 0.786909
-1.914931 -13.627548 -14.464045 8.317923 0.867021 -0.436227 0.240790 -0.481856 -0.857074 0.182319 -0.126843 0.274100 0.953300
-2.223786 -13.481675 -7.908595 7.644535 0.877730 -0.441333 0.186590 -0.473199 -0.859606 0.192772 -0.075317 0.257495 0.963340
-2.084525 -13.295025 0.230692 -35.669826 0.892073 -0.435419 0.120897 -0.443919 -0.794359 0.414643 0.084508 0.423561 0.901917
4.617484 -13.413137 -91.918129 -49.517850 0.952089 -0.244297 0.183969 0.247994 0.968757 0.003000 -0.178954 0.042767 0.982927
3.150159 -14.075628 -78.997899 -89.732110 0.912147 -0.319787 0.256369 0.333892 0.942531 -0.012284 -0.237708 0.096804 0.966501
3.076763 -14.281385 -63.575394 142.417942 0.947270 -0.262351 0.183988 -0.291770 -0.943555 0.156760 -0.132477 0.202176 0.970348
-1.441981 -8.948224 -118.729296 -184.476454 -0.794198 0.429410 -0.429949 0.463367 0.885703 0.028665 0.393116 -0.176459 -0.902398
-0.432004 -7.484931 -78.231814 -42.347718 -0.820248 0.413243 -0.395503 0.459831 0.887619 -0.026230 0.340217 -0.203380 -0.918090
-2.049729 -6.855546 -84.051957 -68.363470 -0.830220 0.403712 -0.384385 0.464396 0.882332 -0.076337 0.308337 -0.241883 -0.920011
-2.951595 -9.321659 -80.955531 -209.635956 -0.831949 0.406252 -0.377915 0.452616 0.890864 -0.038733 0.320935 -0.203274 -0.925030
0.166079 -11.279381 11.291945 6.451354 0.763821 0.523899 -0.376971 -0.190591 -0.374936 -0.907248 0.616646 -0.764822 0.186533
-0.206024 -11.390997 9.748394 -9.912916 0.767604 0.527865 -0.363514 -0.068000 -0.496896 -0.865142 0.637307 -0.688805 0.345524
-0.147518 -11.299343 9.699787 19.634627 0.769726 0.530028 -0.355798 -0.188813 -0.343391 -0.920018 0.609813 -0.775341 0.164240
2.654120 -16.901368 -17.296008 -70.842910 0.939075 0.232313 -0.253317 -0.276095 0.070877 -0.958513 0.204721 -0.970055 -0.130699
1.623211 -17.023675 -24.259576 54.935845 0.952292 0.215750 -0.215853 -0.273551 0.289825 -0.917154 0.135317 -0.932445 -0.335016
2.469061 -17.276742 -10.035560 -69.573488 0.963762 0.198694 -0.177999 -0.195889 0.074182 -0.977816 0.181082 -0.977250 -0.110415
3.651820 -15.548430 -21.040797 -240.609178 0.962783 0.189379 -0.192831 -0.166283 -0.147406 -0.974998 0.213069 -0.970777 0.110430
3.537231 -15.340946 -6.286880 -204.264719 0.924477 0.251416 -0.286586 -0.256446 -0.146130 -0.955448 0.282094 -0.956784 0.070619
-0.943814 -20.012208 -0.677647 25.705387 0.704715 0.623101 -0.339296 -0.429350 0.755253 0.495229 0.564832 -0.203319 0.799766
-0.576520 -22.245469 6.981664 -225.282460 0.689397 0.628097 -0.360868 -0.246333 0.671758 0.698614 0.681213 -0.392729 0.617829
-0.859947 -21.233556 29.418338 -25.555283 0.671219 0.628053 -0.393719 -0.366891 0.743012 0.559754 0.644093 -0.231265 0.729151
-0.944444 -19.264493 50.881016 257.508622 0.674700 0.632037 -0.381194 -0.557738 0.774848 0.297555 0.483433 0.011846 0.875301
-1.393821 -21.817332 13.769073 413.236957 0.720332 0.618444 -0.314084 -0.580109 0.785378 0.215997 0.380257 0.026613 0.924498
-3.429019 -12.393197 141.736032 72.537339 -0.638533 -0.591656 0.492157 0.755181 -0.358519 0.548785 -0.148244 0.722086 0.675734
-0.792743 -27.035938 12.576701 -861.082190 0.713013 0.543755 -0.442653 0.691343 -0.439994 0.573106 -0.116864 0.714657 0.689643
-2.504371 -13.174820 333.801431 -470.610126 0.998468 0.040884 -0.037279 0.055328 -0.737978 0.672553 0.000014 0.673585 0.739110
-3.156036 -12.005910 -224.680140 -56.911936 -0.117434 -0.699746 0.704674 0.987238 -0.005400 0.159161 -0.107567 0.714371 0.691450
-25.371860 -501.768007 -2022.864108 -36544.035763 0.824279 0.520931 -0.221800 0.179463 0.131155 0.974983 -0.536989 0.843463 -0.014621
-10.313269 -4016.863001 880.709228 645102.524470 -0.726656 -0.662502 0.181830 -0.672186 0.740300 0.011010 -0.141903 -0.114223 -0.983268
154.947387 -1224.707413 6620.074686 -164732.178392 -0.787191 -0.594751 0.163101 -0.417602 0.708672 0.568676 -0.453806 0.379545 -0.806229
-13.391424 -443.920350 418.905047 -16381.433563 0.765865 0.585294 -0.266236 0.506271 -0.293627 0.810847 -0.396410 0.755787 0.521196
-42.857314 -1474.637168 959.672676 -33636.013830 0.876454 0.470012 -0.104487 -0.030668 0.271063 0.962073 -0.480508 0.840008 -0.251988
-48.436854 -1632.499750 2009.577497 48779.155831 0.730992 0.665610 -0.150381 -0.681280 0.699322 -0.216346 0.038838 -0.260599 -0.964666
-1.594357 -2.855506 -59.799500 57.039710 0.781854 0.608514 0.135700 -0.506314 0.746728 -0.431327 -0.363799 0.268528 0.891932
-1.699104 -2.694658 -3.277614 -80.638759 0.601357 0.798506 -0.027524 0.715099 -0.522538 0.464313 -0.356374 0.298901 0.885243
-0.269533 -1.894192 -156.154809 43.409259 0.893753 0.320863 0.313451 -0.179797 0.896464 -0.405001 -0.410947 0.305613 0.858908
2.814066 -1.844702 -227.200029 19.016532 0.919153 0.081071 0.385468 0.040350 0.954065 -0.296871 -0.391829 0.288423 0.873660
-0.247297 -2.372142 -141.631106 47.986179 0.898640 0.305128 0.315189 -0.179731 0.911495 -0.369965 -0.400179 0.275816 0.873946
-2.820397 -6.695034 49.521400 88.615777 0.819528 0.320912 -0.474752 -0.366400 0.930451 -0.003543 0.440596 0.176853 0.880112
-1.665677 -6.722635 47.499210 80.096002 0.796101 0.342867 -0.498663 -0.410455 0.911432 -0.028604 0.444690 0.227450 0.866324
-2.176921 -5.453953 40.603424 73.295846 0.863972 0.198123 -0.462926 -0.298534 0.941883 -0.154055 0.405500 0.271299 0.872907
-2.771019 -5.377785 31.265074 74.975310 0.892199 0.144127 -0.428029 -0.227325 0.962222 -0.149842 0.390263 0.230991 0.891257
-3.528709 -6.147182 26.321262 97.430033 0.898003 0.169565 -0.406002 -0.219722 0.972284 -0.079915 0.381199 0.160972 0.910371
0.257863 -20.455262 9.622259 33.616268 0.895012 -0.431480 -0.113044 0.430036 0.902006 -0.038129 0.118418 -0.014487 0.992858
0.136636 -20.886169 2.973746 215.842904 0.896790 -0.429519 -0.106208 -0.441978 -0.880784 -0.169930 0.020558 -0.199333 0.979716
0.242186 -20.378894 4.439429 -39.290859 0.899985 -0.422360 -0.107884 0.420705 0.906368 -0.038797 0.114169 -0.010471 0.993406
0.409285 -20.035772 6.302929 197.194862 0.902403 -0.418585 -0.102248 0.383272 0.888183 -0.253444 0.196903 0.189519 0.961931
-0.112047 -20.303757 -10.488941 -175.085870 0.917363 -0.385853 -0.097787 0.385889 0.922343 -0.019312 0.097644 -0.020019 0.995020
0.277642 -20.228112 -2.233121 93.579757 0.918387 -0.382970 -0.099501 0.354621 0.908181 -0.222376 0.175528 0.168942 0.969870
-7.897554 -10.657895 97.638186 -61.661538 -0.169091 0.947839 0.270202 0.937424 0.070000 0.341082 0.304377 0.310967 -0.900363
-9.114276 -11.055260 84.918250 49.979171 0.189656 0.926224 0.325790 -0.900790 0.296159 -0.317596 0.390651 0.233234 -0.890502
-7.012908 -11.274347 -74.716137 69.555783 0.392786 0.887137 0.242293 -0.855990 0.448994 -0.256293 0.336155 0.106732 -0.935739
-6.063367 -9.955592 -20.237299 19.744250 0.719046 -0.544964 -0.431261 0.648698 0.303682 0.697831 0.249327 0.781531 -0.571879
-6.558975 -10.127376 18.569456 -7.033689 -0.596032 0.727781 0.339235 0.754473 0.363017 0.546800 0.274802 0.581854 -0.765460
-4.102124 -9.399815 -6.166686 -0.944751 -0.059739 0.984325 0.165940 0.737787 -0.068436 0.671556 -0.672385 -0.162546 0.722133
-4.902807 -8.532449 -36.100703 3.959453 0.085233 0.987658 0.131403 0.716900 -0.152380 0.680320 -0.691947 -0.036217 0.721040
-5.015000 -9.080415 -29.466821 60.634385 0.042310 0.996264 0.075285 0.634488 -0.085000 0.768245 -0.771774 -0.015263 0.635714
-4.480569 -8.943647 -39.120078 -21.239035 0.032711 0.980231 0.195135 0.749773 -0.153167 0.643724 -0.660886 -0.125250 0.739961
7.357564 -13.768724 78.780114 -487.891759 -0.582906 0.809345 0.071982 -0.320562 -0.310467 0.894903 -0.746633 -0.498569 -0.440418
6.148822 -6.599606 57.918609 -360.349976 -0.602789 0.795850 0.057161 -0.444926 -0.394732 0.803883 -0.662334 -0.459139 -0.592035
4.064622 -3.532073 197.292256 -238.909213 -0.524030 0.837627 0.154185 -0.449775 -0.425894 0.785059 -0.723253 -0.342046 -0.599925
-1.321513 -5.925960 -27.507251 -36.540807 -0.457706 0.855288 -0.242875 -0.859278 -0.495688 -0.126233 0.228355 -0.150919 -0.961809
-1.802243 -4.922800 -15.275478 -79.058248 -0.481041 0.847483 -0.224438 -0.817077 -0.526182 -0.235621 0.317780 -0.070040 -0.945574
-1.380084 -5.064214 -22.071054 -78.694879 -0.420691 0.874705 -0.240645 -0.846657 -0.473831 -0.242191 0.325870 -0.101856 -0.939912
1.738533 -11.934260 16.054535 -87.939619 -0.197130 0.970423 -0.139355 -0.417128 0.045613 0.907703 -0.887211 -0.237064 -0.395798
0.261046 -24.523795 -3.174134 -281.374411 -0.254585 0.918755 -0.301788 0.944187 0.168694 -0.282938 -0.209041 -0.356976 -0.910423
0.024129 -21.269556 -0.743828 316.281609 -0.270682 0.916240 -0.295358 -0.838161 -0.073392 0.540462 -0.473516 -0.393851 -0.787823
-0.067141 -19.944078 -4.094327 316.236997 -0.255515 0.915352 -0.311197 -0.843755 -0.053981 0.534006 -0.472005 -0.399021 -0.786126
-1.597578 -2.763326 31.440314 -85.665357 -0.419700 0.907250 -0.027383 -0.848449 -0.402859 -0.343275 0.322468 0.120839 -0.938836
-1.272937 -4.000830 49.792712 -65.195656 -0.510199 0.859002 -0.042582 -0.823160 -0.502058 -0.265227 0.249209 0.100267 -0.963245
-0.642399 -2.406089 63.337358 -88.491795 -0.462918 0.886359 -0.008593 -0.831317 -0.437495 -0.342797 0.307601 0.151544 -0.939370
-1.995865 -4.315207 15.420993 -69.485355 -0.517527 0.850625 -0.092758 -0.812738 -0.522571 -0.257638 0.267626 0.057946 -0.961779
-0.842842 -1.577460 57.305995 -17.225233 0.152137 0.962658 0.223930 -0.923927 0.218987 -0.313693 0.351017 0.159171 -0.922741
-1.435783 -1.999989 55.743606 -14.304856 0.295391 0.923335 0.245350 -0.881290 0.362503 -0.303183 0.368880 0.126667 -0.920806
-2.052739 -3.035366 6.409744 -89.429434 -0.469356 0.877623 -0.097380 -0.813939 -0.472761 -0.337639 0.342357 0.079212 -0.936225
-0.366539 -3.858422 -54.542573 9.484378 0.896390 -0.351816 -0.269648 0.437268 0.801563 0.407791 -0.072672 0.483448 -0.872351
-1.080048 -4.838934 -36.103950 77.137196 0.754218 -0.557708 -0.346579 0.649482 0.711271 0.268825 -0.096585 0.427849 -0.898675
0.244101 -4.410918 -55.195655 37.186165 0.787169 -0.510227 -0.346459 0.612101 0.715086 0.337616 -0.075488 0.477828 -0.875204
0.250016 -16.624932 -19.472881 60.361342 0.981561 -0.191104 0.004262 -0.097547 -0.481607 0.870942 0.164388 0.855298 0.491368
0.933011 -17.882523 -52.962027 101.514189 0.984425 -0.175588 -0.008723 -0.053745 -0.347818 0.936020 0.167388 0.920973 0.351838
0.908380 -16.922279 -73.838852 101.263502 0.983896 -0.176450 0.028541 -0.114747 -0.501099 0.857749 0.137048 0.847211 0.513276
-0.246383 -14.330993 38.428223 -60.154802 0.011737 0.924035 -0.382128 0.893211 0.162095 0.419402 -0.449484 0.346244 0.823456
-0.326591 -13.904935 45.628464 -44.553569 0.053691 0.927270 -0.370524 0.798142 0.183133 0.573962 -0.600073 0.326547 0.730260
-1.167474 -13.433200 25.651261 5.534924 -0.001045 0.932154 -0.362060 0.867026 0.181245 0.464129 -0.498262 0.313430 0.808392
2.555496 -13.366766 69.771848 -224.450826 0.029953 0.911905 -0.409306 0.878232 -0.219545 -0.424863 0.477296 0.346740 0.807440
0.982136 -23.161553 46.213321 37.110345 0.969437 -0.245321 0.002973 0.053247 0.198559 -0.978642 -0.239491 -0.948890 -0.205553
1.388618 -21.014573 -14.162753 141.043660 0.966120 -0.253679 -0.047527 0.027966 0.285957 -0.957834 -0.256573 -0.924054 -0.283363
1.111957 -22.169661 -6.451118 -63.448064 0.963473 -0.266845 -0.022677 -0.007067 0.059313 -0.998214 -0.267714 -0.961912 -0.055260
-3.264589 -4.305970 -73.299862 -4.306155 0.631023 -0.576521 0.519069 0.442960 0.817077 0.369014 -0.636864 -0.002929 0.770970
-3.385863 -4.436781 68.926097 -8.966006 -0.529824 0.722437 -0.444265 0.601699 0.689358 0.403415 -0.597700 0.053575 0.799928
-4.199039 -5.006885 9.725441 -53.464266 -0.050242 0.997406 -0.051542 0.839217 0.070140 0.539254 -0.541471 0.016162 0.840564
0.251543 -48.952463 0.315818 1267.150482 0.695042 -0.323922 0.641865 0.712400 0.189872 -0.675600 0.096970 0.926835 0.362731
1.409335 -64.602682 16.508002 1599.534742 0.687984 -0.331222 0.645732 0.691790 0.568220 -0.445592 -0.219328 0.753271 0.620062
0.583483 -62.921123 91.742882 -22.079455 0.665454 -0.397743 0.631642 0.743006 0.271898 -0.611567 0.071505 0.876283 0.476461
0.540975 -40.121596 -99.793097 -586.015657 0.723795 -0.246856 0.644348 -0.685454 -0.364429 0.630353 -0.079213 0.897916 0.432980
0.050308 -41.991738 128.316884 126.840410 0.676754 -0.375992 0.632957 0.682221 -0.002884 -0.731141 0.276728 0.926619 0.254557
-0.627013 -41.997746 26.391642 250.291186 0.677990 -0.323447 0.660085 -0.665038 0.112630 0.738267 0.313136 0.939519 0.138742
0.852471 -45.220184 -100.537857 847.962554 0.689786 -0.280011 0.667674 0.700184 0.023350 -0.713580 0.184220 0.959713 0.212166
-7.959281 -15.047751 -144.041842 -287.818828 -0.482854 0.467755 -0.740309 -0.349092 0.672496 0.652598 0.803110 0.573546 -0.161428
-3.809686 -15.700002 -254.367706 -182.367231 -0.349727 0.327364 -0.877795 -0.508654 0.720484 0.471352 0.786741 0.611339 -0.085457
-28.933648 -81.747492 -948.612514 3633.694275 -0.141930 -0.200547 -0.969349 -0.557248 0.825541 -0.089204 0.818127 0.527506 -0.228924
-5.556010 -54.165025 -477.349021 1921.372025 -0.041873 -0.060276 -0.997303 -0.244014 0.968568 -0.048294 0.968867 0.241334 -0.055265
2.455218 0.109168 383.838817 28.213005 0.962981 -0.061524 0.262456 0.080381 0.994852 -0.061718 -0.257308 0.080530 0.962968
6.748315 0.298357 413.404108 14.722316 0.940451 0.190185 0.281747 -0.157931 0.978413 -0.133287 -0.301014 0.080853 0.950186
7.707864 0.436115 436.089916 31.080577 0.950037 0.142025 0.277954 -0.114175 0.986896 -0.114024 -0.290506 0.076591 0.953803
-0.064183 -8.620030 31.694750 109.319353 -0.444938 0.834201 -0.325789 0.352527 0.497557 0.792567 -0.823259 -0.237794 0.515460
-3.322805 -14.651771 -117.661836 -79.795291 0.995408 0.010969 -0.095092 0.085233 0.350576 0.932648 -0.043567 0.936470 -0.348031
-4.624417 -13.752308 -167.874679 -143.213161 0.998181 -0.001483 -0.060270 0.052141 0.523092 0.850680 -0.030265 0.852275 -0.522218
-2.599507 -15.094310 -82.092454 48.134972 0.994790 0.016427 -0.100613 0.099106 0.075484 0.992210 -0.023894 0.997012 -0.073463
-1.336364 -6.403972 5.595515 22.514132 -0.528546 0.719663 -0.450250 0.384349 0.675783 0.628962 -0.756912 -0.159382 0.633784
-1.234081 -5.650403 10.848179 45.056379 -0.506817 0.732645 -0.454277 0.490191 0.678412 0.547239 -0.709119 -0.054668 0.702967
-1.278844 -4.842285 11.435489 64.787764 -0.505888 0.742219 -0.439532 0.561650 0.670156 0.485221 -0.654695 0.001395 0.755892
15.078314 -5.765858 445.450419 -142.385138 0.408045 0.818007 0.405418 0.335225 0.278805 -0.899940 0.849190 -0.503122 0.160452
10.960702 -5.615621 333.974291 -57.896504 0.280621 0.868489 0.408631 0.344536 0.306217 -0.887427 0.895850 -0.389819 0.213294
11.802947 -4.348277 399.025525 -78.665600 0.292964 0.852035 0.433829 0.305830 0.346393 -0.886837 0.905892 -0.392489 0.159098
3.754270 -16.701354 -40.045908 51.014873 -0.234154 0.971785 -0.028386 0.206367 0.021150 -0.978246 0.950044 0.234918 0.205497
3.158945 -15.695032 -37.868677 92.395477 -0.163718 0.985497 -0.044638 0.060421 -0.035146 -0.997554 0.984655 0.166015 0.053791
2.814772 -16.413802 -51.158741 188.318040 -0.137549 0.990003 -0.031220 0.204157 -0.002505 -0.978935 0.969227 0.141025 0.201772
0.699122 -20.404401 37.667276 294.879383 0.152098 -0.307451 -0.939330 0.902743 0.430146 0.005383 0.402393 -0.848792 0.342974
-4.029637 -10.241798 -127.215690 -86.040889 0.104389 0.952455 -0.286240 0.113087 -0.297313 -0.948059 0.988086 -0.066597 0.138746
-5.991751 -9.082323 -66.951384 -202.761484 0.087748 0.916636 -0.389973 0.311975 -0.397077 -0.863135 0.946030 0.045924 0.320810
-2.805241 -10.195058 -160.197133 -240.839428 0.160044 0.961989 -0.221275 0.308865 -0.261712 -0.914390 0.937544 -0.077999 0.339010
-2.570237 -9.214017 -231.485745 188.965603 0.269169 0.955157 -0.123385 -0.070051 -0.108357 -0.991641 0.960542 -0.275562 -0.037743
-3.820121 -8.026506 -309.668363 197.798766 0.253867 0.966577 -0.035796 -0.144576 0.001328 -0.989493 0.956373 -0.256375 -0.140081
-2.039858 -9.849043 -195.073943 -117.891772 0.254610 0.961979 -0.098845 0.188721 -0.149676 -0.970557 0.948450 -0.228460 0.219655
-2.742631 -9.963496 -36.059164 -23.146763 -0.047325 0.964097 0.261298 0.866826 -0.090351 0.490357 -0.496361 -0.249706 0.831428
-0.705850 -10.398348 -161.389955 43.143623 -0.093316 0.941635 0.323442 0.916140 -0.045992 0.398211 -0.389845 -0.333478 0.858378
-2.414629 -9.798230 -52.609948 10.891513 0.022470 0.951400 0.307138 0.928267 -0.133932 0.346962 -0.371235 -0.277310 0.886163
-3.240851 -9.471278 -23.198809 13.841334 0.081637 0.956288 0.280801 0.941742 -0.166247 0.292375 -0.326277 -0.240573 0.914149
0.208017 -10.554334 -53.576993 123.005320 0.498747 0.852338 0.157390 -0.852021 0.515454 -0.091479 0.159098 0.088475 -0.983290
0.797715 -14.110239 17.081808 249.974798 0.489532 0.854933 0.171604 -0.816983 0.518472 -0.252440 0.304791 0.016620 -0.952274
0.604145 -13.359586 -28.940432 208.514748 0.464840 0.868186 0.173713 -0.822227 0.496065 -0.279039 0.328431 0.013122 -0.944437
-0.060906 -10.594637 -4.287647 133.086437 0.542415 0.823925 0.164116 -0.827049 0.558008 -0.067954 0.147567 0.098873 -0.984098
0.975728 -10.031642 -25.336408 105.615620 0.516073 0.835393 0.189176 -0.835371 0.539690 -0.104354 0.189273 0.104178 -0.976383
1.168024 -8.208997 -69.027359 -59.389747 0.562721 0.809636 0.166838 0.824738 -0.563575 -0.046791 0.056142 0.163928 -0.984873
-0.190335 -8.653369 -100.225282 -56.317423 0.527755 0.836656 0.146564 0.849143 -0.523899 -0.066974 0.020750 0.159800 -0.986931
-0.630265 -8.879929 -81.893200 -69.831531 0.530612 0.834389 0.149147 0.844108 -0.536161 -0.003534 0.077018 0.127771 -0.988809
1.263199 -8.924226 18.836518 -64.738335 0.274070 0.952267 -0.134435 0.562777 -0.272161 -0.780519 0.779851 -0.138260 0.610505
0.985693 -8.098111 -36.719917 -97.832016 0.342984 0.930748 -0.126768 0.646129 -0.331721 -0.687371 0.681821 -0.153849 0.715158
1.260942 -8.940981 -3.854619 -66.616862 0.328530 0.935030 -0.133365 0.564248 -0.307536 -0.766189 0.757425 -0.176465 0.628624
0.242418 -4.901750 34.899282 -56.078317 0.087582 0.988706 -0.121615 0.987159 -0.102514 -0.122507 0.133591 0.109323 0.984988
-0.011459 -5.291830 8.740186 -59.562947 0.104375 0.988013 -0.113738 0.978316 -0.122570 -0.166955 0.178895 0.093846 0.979382
0.101261 -4.911098 -20.843584 -68.121873 0.138260 0.984941 -0.103806 0.980457 -0.150929 -0.126188 0.139955 0.084330 0.986560
-0.294738 -10.660095 -1.982576 -10.050742 0.769395 0.493094 -0.406066 -0.120170 0.736079 0.666144 0.627368 -0.463731 0.625590
-0.304477 -10.666566 -5.179145 15.783784 0.773519 0.503141 -0.385380 -0.140438 0.729030 0.669919 0.618017 -0.464073 0.634579
-1.679642 -12.775109 -16.789742 -38.315998 0.881559 -0.405981 0.240901 -0.465689 -0.664240 0.584738 0.077376 0.627666 0.774627
-1.674075 -12.370518 -5.012938 4.155119 0.888822 -0.418844 0.185918 -0.409984 -0.545570 0.730935 0.204717 0.725894 0.656634
-1.694827 -12.377613 10.607193 -6.371532 0.887238 -0.446261 0.116872 -0.369672 -0.536241 0.758807 0.275955 0.716447 0.640744
11.058964 -9.883834 197.352546 -236.675866 0.971748 0.037065 0.233090 0.231196 -0.348109 -0.908498 -0.047467 -0.936721 0.346844
7.723898 -12.936479 203.301627 -416.635244 0.984368 0.137654 0.109868 0.145086 -0.280126 -0.948936 0.099848 -0.950043 0.295718
9.140005 -13.167012 196.096831 -342.534582 0.972835 0.026164 0.230015 0.230148 -0.216459 -0.948777 -0.024966 -0.975941 0.216601
3.840733 -25.688851 146.508440 -27.377511 0.492603 0.823902 -0.280228 0.046873 -0.346659 -0.936819 0.868991 -0.448345 0.209384
2.167610 -26.612445 137.494209 -721.042747 0.463762 0.822434 -0.329435 0.286832 -0.491191 -0.822471 0.838243 -0.286938 0.463696
1.322497 -25.508693 106.356984 171.658066 0.477690 0.815560 -0.326609 -0.020490 -0.361324 -0.932215 0.878289 -0.452002 0.155890
4.606783 -28.481787 120.221910 -1034.904672 0.510605 0.809550 -0.289674 0.390837 -0.518617 -0.760449 0.765852 -0.275074 0.581210
1.363718 -9.146854 -40.941484 -69.479416 -0.829401 0.420452 -0.367851 0.439109 0.897712 0.036011 0.345365 -0.131659 -0.929187
1.276241 -8.442712 -55.835989 25.099901 -0.850910 0.371763 -0.371139 0.438215 0.891961 -0.111237 0.289688 -0.257291 -0.921891
0.198892 -9.704660 -84.129057 -137.553950 -0.804072 0.430403 -0.410148 0.429727 0.897477 0.099343 0.410856 -0.096373 -0.906592
1.354871 -17.831458 -17.600439 20.254575 0.975062 0.179981 -0.129846 -0.173214 0.251398 -0.952258 0.138745 -0.951002 -0.276304
-0.436218 -22.472892 44.664446 155.161104 0.690272 0.618809 -0.374967 0.113727 -0.604582 -0.788383 0.714556 -0.501554 0.487701
-5.522044 -10.882457 57.235293 -216.342372 0.958340 0.243653 -0.149055 -0.121919 0.820866 0.557956 -0.258301 0.516539 -0.816375
-4.372946 -11.303304 146.266864 -173.834978 0.959280 0.282432 -0.003820 -0.233125 0.799299 0.553872 -0.159484 0.530427 -0.832593
-4.724926 -8.372202 -3.032223 -54.832152 0.829097 0.554366 0.072643 -0.526246 0.729869 0.436298 -0.188849 0.399961 -0.896865
-2.713597 -7.726736 -220.378145 -41.761309 0.767947 0.640446 0.009322 -0.562750 0.667690 0.487343 -0.305893 0.379499 -0.873161
-4.366946 -10.155043 -127.931943 -247.527383 0.918929 0.275329 -0.282423 -0.079131 0.830177 0.551855 -0.386403 0.484768 -0.784661
-5.616624 -12.862288 45.990354 -208.364114 0.946087 0.149929 -0.287123 0.080808 0.749147 0.657456 -0.313670 0.645213 -0.696643
-0.670406 -14.835599 -34.452132 -112.467563 0.695430 0.563602 -0.445791 0.681733 -0.321320 0.657262 -0.227192 0.760990 0.607682
-1.031309 -19.917829 -61.683125 -561.976193 0.773943 0.516073 -0.366988 0.616216 -0.480227 0.624227 -0.145909 0.709260 0.689681
0.104722 -21.397154 -50.845806 -536.042703 0.749929 0.531572 -0.393747 0.628921 -0.388380 0.673513 -0.205097 0.752723 0.625575
0.003756 -15.117610 -38.997664 -75.129956 0.669592 0.581892 -0.461571 0.665339 -0.193728 0.720967 -0.330106 0.789855 0.516874
-65.811628 -3242.026785 -3679.398219 944294.486836 0.818814 0.537591 -0.201347 0.141856 0.150381 0.978398 -0.556256 0.829688 -0.046873
161.746855 -85.026994 133116.112268 -3423.560022 0.946108 -0.301938 0.117106 0.319779 0.928163 -0.190407 0.051202 -0.217593 -0.974696
-86.184472 -5063.452460 -1401.840579 -193304.468852 0.641889 0.717782 -0.269755 -0.213399 -0.170679 -0.961941 0.736505 -0.675024 -0.043617
3.824238 -1.014801 -44.519657 103.813655 0.679656 0.723721 0.119565 -0.716943 0.689871 -0.100356 0.155114 0.017514 -0.987741
3.620173 -1.108582 94.011386 8.699227 -0.819762 -0.561518 -0.112643 -0.554597 0.827404 -0.088461 0.142874 -0.010045 -0.989690
2.731343 -2.400829 -57.213041 119.636076 0.572623 0.817559 0.060827 -0.807607 0.575298 -0.129626 0.140970 -0.025102 -0.989696
4.338366 0.049982 42.750700 9.113477 -0.846105 -0.493648 -0.201043 -0.491138 0.868594 -0.065785 0.207099 0.043079 -0.977371
3.224788 -1.828717 0.432131 130.548818 0.487175 0.864988 0.120231 -0.849526 0.501306 -0.164311 0.202399 0.022091 -0.979054
3.243058 -0.048221 18.662583 104.486483 0.671642 0.710347 0.210486 -0.706671 0.699563 -0.105959 0.222516 0.077578 -0.971838
-2.269752 -3.822654 26.034076 -20.773799 0.449764 0.885031 -0.120138 0.844759 -0.377858 0.378953 -0.289990 0.271927 0.917585
-1.894465 -3.635402 -32.598278 -30.385090 -0.267212 -0.933398 0.239511 0.916631 -0.169520 0.362008 -0.297296 0.316276 0.900880
-1.197837 -5.646380 45.066464 74.302737 0.851565 0.211459 -0.479711 -0.338138 0.920810 -0.194351 0.400626 0.327711 0.855631
-0.566250 -14.192017 -41.065561 17.926731 0.850732 -0.414123 0.323662 -0.469732 -0.875327 0.114697 -0.235811 0.249611 0.939195
-1.390123 -13.857964 -23.543716 5.299595 0.860609 -0.422987 0.283610 -0.485620 -0.849342 0.206862 -0.153382 0.315754 0.936362
