15898
31771
-6.771378 -8.935814 7.702941 200.592034 0.371680 0.925838 0.068398 -0.785079 0.352784 -0.509112 0.495485 -0.135529 -0.857978
-7.898820 -11.233358 14.194712 204.644681 0.446988 0.866856 0.220822 -0.653627 0.485032 -0.580961 0.610715 -0.115348 -0.783404
-5.863533 -13.707919 -106.447925 407.941691 0.599874 0.775972 0.194987 -0.592977 0.594795 -0.542768 0.537150 -0.209969 -0.816935
-6.494304 -9.269138 15.661468 78.977064 -0.151982 0.970877 -0.185199 -0.786231 -0.232305 -0.572604 0.598951 -0.058584 -0.798640
-4.291825 -11.471613 -160.169555 344.769182 0.626050 0.773749 0.096813 -0.660508 0.592179 -0.461577 0.414476 -0.225025 -0.881801
-6.151284 -7.492629 -82.012590 181.618850 0.560799 0.822235 0.097128 -0.724845 0.544265 -0.422345 0.400130 -0.166447 -0.901216
-5.267823 -7.538767 20.602742 85.122875 -0.374859 0.876208 -0.302888 -0.804546 -0.469792 -0.363318 0.460637 -0.107494 -0.881055
6.858417 -14.901653 180.144593 477.694340 0.590740 0.805403 0.048497 -0.490021 0.405870 -0.771459 0.641019 -0.431967 -0.634429
5.653809 -11.704631 47.220511 155.157235 0.535288 0.842684 0.057884 -0.495251 0.368629 -0.786663 0.684246 -0.392424 -0.614663
8.510890 -10.286468 277.725442 278.192987 0.626215 0.774269 0.091449 -0.526547 0.506506 -0.682788 0.574981 -0.379420 -0.724870
10.547508 -15.634405 372.847933 527.109343 0.643289 0.765235 0.024368 -0.492771 0.438184 -0.751778 0.585965 -0.471603 -0.658965
15.100810 -13.484776 467.164133 480.039866 0.721451 0.691873 0.028644 -0.485581 0.534965 -0.691392 0.493679 -0.484897 -0.721911
12.310403 -7.978855 381.608511 295.999674 0.716068 0.696252 0.049807 -0.552440 0.608885 -0.569271 0.426682 -0.380121 -0.820640
-4.903030 -10.217492 -15.154649 -25.922815 0.282648 0.941489 -0.183597 -0.284939 0.265171 0.921138 -0.915926 0.208044 -0.343217
-5.099487 -10.071314 -21.794800 17.225176 0.296094 0.941540 -0.160721 -0.139054 0.208965 0.967986 -0.944983 0.264266 -0.192798
-5.209448 -9.944848 -26.932900 -27.376601 0.372346 0.909295 -0.185853 -0.281796 0.301564 0.910851 -0.884279 0.286779 -0.368522
-1.517792 -5.686228 -29.772319 -74.049640 -0.515359 0.842433 -0.157201 -0.532658 -0.458588 -0.711317 0.671328 0.282849 -0.685066
-1.347200 -4.781183 -27.682186 -56.494396 -0.479330 0.871960 -0.099638 -0.530949 -0.378506 -0.758173 0.698810 0.310512 -0.644396
-1.148116 -4.698161 -26.170652 -62.175129 -0.482064 0.865701 -0.134819 -0.500869 -0.398559 -0.768298 0.718849 0.302842 -0.625734
-1.319018 -6.004176 1.326638 -84.523875 -0.528312 0.827846 -0.188568 -0.512304 -0.487923 -0.706736 0.677075 0.276773 -0.681884
-1.293737 -7.702179 -20.772990 -108.422146 -0.543035 0.810774 -0.218537 -0.570577 -0.547216 -0.612370 0.616081 0.207846 -0.759766
-1.740455 -6.709942 -25.697297 -101.853274 -0.557170 0.809255 -0.186194 -0.553150 -0.528929 -0.643629 0.619344 0.255618 -0.742343
-1.908397 -6.513155 31.589660 -28.096964 0.683028 0.478994 0.551395 -0.301676 -0.502516 0.810228 -0.665179 0.719751 0.198731
-1.813982 -6.518686 16.779033 -42.124641 0.682841 0.461146 0.566633 -0.346381 -0.478530 0.806864 -0.643233 0.747231 0.167027
-2.138124 -6.312108 25.416614 -30.128723 0.680962 0.490043 0.544196 -0.353775 -0.430516 0.830361 -0.641197 0.757967 0.119800
-2.005262 -6.475045 44.266558 35.749818 0.683413 0.460946 0.566105 -0.429910 -0.372617 0.822395 -0.590020 0.805410 0.056486
-2.542350 -6.392492 32.648341 30.958191 0.667642 0.506792 0.545359 -0.406689 -0.365305 0.837351 -0.623584 0.780842 0.037786
-2.532703 -6.451974 19.432134 -37.415714 0.663774 0.534171 0.523513 -0.323800 -0.425717 0.844937 -0.674209 0.730361 0.109615
-2.121084 -6.498789 51.223702 -28.431551 0.689706 0.499662 0.524065 -0.275103 -0.488664 0.827965 -0.669794 0.715224 0.199576
-1.377541 -7.371113 -159.737014 29.296594 0.076927 0.955057 -0.286265 -0.565547 -0.194659 -0.801414 0.821120 -0.223547 -0.525155
-0.745690 -7.258114 -100.251555 13.421150 0.005866 0.921854 -0.387493 -0.481978 -0.336913 -0.808819 0.876164 -0.191507 -0.442337
0.212923 -6.579610 -126.554179 34.303370 0.084975 0.958252 -0.273005 -0.572859 -0.177197 -0.800271 0.815237 -0.224396 -0.533886
-0.075326 -6.118407 -154.613384 29.642398 0.163524 0.969426 -0.182958 -0.632602 -0.039269 -0.773481 0.757017 -0.242222 -0.606839
-1.920351 -6.879531 -155.457375 47.616251 0.154102 0.973657 -0.168059 -0.645152 -0.029672 -0.763478 0.748352 -0.226078 -0.623585
-1.102494 -10.625674 0.204858 65.230088 -0.132441 0.991115 -0.012286 -0.937207 -0.129253 -0.323939 0.322649 0.031389 -0.945998
-1.090646 -11.513406 -1.457719 44.726775 -0.104983 0.994469 -0.003250 -0.829691 -0.089388 -0.551019 0.548262 0.055151 -0.834486
-1.043533 -10.984335 -7.565210 60.349643 -0.116881 0.992157 -0.044305 -0.932725 -0.124984 -0.338235 0.341120 -0.001791 -0.940018
-0.966955 -9.594520 -5.583533 59.974784 -0.158863 0.986078 -0.049126 -0.980135 -0.163498 -0.112270 0.118739 -0.030315 -0.992463
-1.023138 -9.187955 2.215936 54.634726 -0.179103 0.983654 -0.018609 -0.978180 -0.180067 -0.103634 0.105291 0.000358 -0.994441
0.193596 -13.320929 -53.936294 229.256416 0.316645 0.934731 0.161287 0.840588 -0.197738 -0.504294 0.439487 -0.295259 0.848336
1.517200 -13.807384 -51.105443 194.395204 0.376024 0.920278 0.108142 0.814812 -0.272823 -0.511516 0.441234 -0.280458 0.852441
-0.098587 -10.210457 -49.494865 195.609334 0.368368 0.922553 0.114894 0.731318 -0.211246 -0.648498 0.574003 -0.322910 0.752496
-1.215567 -9.088314 -46.312049 209.371350 0.311025 0.938736 0.148451 0.754424 -0.148862 -0.639285 0.578021 -0.310828 0.754505
-1.355596 -6.837320 -42.493255 103.834850 0.404841 0.913147 0.047604 0.627167 -0.239414 -0.741177 0.665406 -0.329914 0.669620
-0.250783 -7.910208 -52.603689 133.268314 0.442904 0.895941 0.033539 0.593338 -0.264859 -0.760132 0.672151 -0.356565 0.648903
0.027585 -21.346762 -36.797349 -268.692215 -0.082709 0.962636 0.257857 0.833456 -0.075038 0.547468 -0.546362 -0.260193 0.796108
-0.547201 -20.595175 -46.937459 -250.082388 -0.089209 0.962346 0.256774 0.729935 -0.112237 0.674239 -0.677671 -0.247576 0.692437
0.261537 -19.360010 -41.074600 -242.183506 -0.068787 0.960282 0.270420 0.714268 -0.141833 0.685350 -0.696484 -0.240295 0.676143
4.512936 -23.219977 104.654578 600.534884 0.105273 0.990958 -0.083189 -0.451022 -0.026977 -0.892105 0.886283 -0.131434 -0.444103
4.156440 -33.248450 186.623767 1057.854379 0.078431 0.989844 -0.118567 -0.250396 -0.095561 -0.963416 0.964961 -0.105250 -0.240358
2.851437 -23.091349 105.418065 551.513753 0.056749 0.995507 -0.075793 -0.441571 -0.043059 -0.896192 0.895430 -0.084326 -0.437144
8.852018 -32.641271 295.353076 1086.785483 0.150217 0.986451 -0.065949 -0.252848 -0.026155 -0.967153 0.955774 -0.161958 -0.245493
6.988419 -22.014464 126.881011 591.441881 0.205556 0.978372 -0.023142 -0.445304 0.072449 -0.892444 0.871465 -0.193753 -0.450565
-0.916522 -8.902100 -5.213211 19.872922 -0.260043 0.961021 0.093901 -0.812787 -0.165351 -0.558602 0.521301 0.221582 -0.824103
-0.737102 -8.671668 2.819228 49.174859 -0.268329 0.959801 0.082350 -0.908062 -0.223471 -0.354239 0.321596 0.169831 -0.931522
-0.695920 -8.598800 -1.717737 45.851789 -0.294205 0.952524 0.078368 -0.892696 -0.244584 -0.378512 0.341374 0.181319 -0.922273
-0.880033 -8.470794 -4.400067 0.690571 -0.288536 0.952092 0.101333 -0.789372 -0.176646 -0.587952 0.541884 0.249635 -0.802524
1.687444 -34.444950 87.859213 231.612029 -0.224963 0.897417 0.379519 0.972469 0.231092 0.029997 -0.060784 0.375819 -0.924697
1.585803 -33.800583 75.524089 161.806618 -0.170542 0.908691 0.381046 0.979022 0.200021 -0.038821 -0.111493 0.366432 -0.923741
3.851492 -33.124825 177.227313 300.633250 -0.169276 0.902879 0.395166 0.974635 0.093796 0.203195 0.146395 0.419538 -0.895855
3.431999 -32.711664 165.358911 386.598578 -0.210085 0.894049 0.395653 0.949806 0.090686 0.299408 0.231805 0.438695 -0.868224
1.997988 -6.992033 156.481627 -7.778779 -0.000563 0.961282 0.275567 0.966215 0.071547 -0.247607 -0.257736 0.266118 -0.928845
1.906659 -6.880466 186.476464 7.881324 0.025549 0.963094 0.267949 -0.921969 -0.080908 0.378719 -0.386421 0.256716 -0.885876
4.526125 -7.008274 202.763107 3.595391 0.038859 0.971572 0.233535 -0.963950 -0.025118 0.264895 -0.263230 0.235409 -0.935571
4.535659 -6.973961 192.354526 1.789315 0.032184 0.967440 0.251048 0.991390 0.000997 -0.130937 -0.126924 0.253100 -0.959078
2.107384 -7.073931 140.531928 -5.487390 -0.018799 0.957080 0.289212 0.991948 0.054087 -0.114513 -0.125241 0.284731 -0.950391
-4.338994 -10.609379 -32.613977 103.569897 0.188512 0.981698 0.027051 -0.759722 0.128321 0.637461 -0.622323 0.140720 -0.770008
-3.957786 -9.509110 -61.137909 63.700496 0.147464 0.988127 -0.043123 -0.703911 0.135477 0.697249 -0.694812 0.072464 -0.715531
-4.385338 -9.386144 -30.774683 43.962234 0.223105 0.974464 -0.025388 -0.662601 0.170703 0.729260 -0.714972 0.145880 -0.683765
1.055400 -30.761235 -4.566110 -31.226702 -0.323579 0.905590 0.274234 -0.840530 -0.142010 -0.522822 0.434519 0.399676 -0.807126
0.981560 -40.664144 7.930977 -303.888579 -0.323577 0.892539 0.314122 0.884583 0.167505 0.435264 0.335873 0.418708 -0.843725
0.974788 -32.203219 -31.330556 -154.945538 -0.336256 0.906811 0.254216 0.918628 0.256344 0.300684 0.207497 0.334637 -0.919219
0.915131 -28.213879 -8.098644 93.839880 -0.327104 0.906118 0.268241 0.896171 0.207392 0.392257 0.299800 0.368699 -0.879876
1.216069 -27.799548 0.755105 -136.374451 -0.293119 0.911275 0.289239 -0.777969 -0.051488 -0.626189 0.555738 0.408567 -0.724036
95.793022 -1045.251451 4207.705894 -22875.130690 0.261057 0.928266 -0.264899 -0.392306 -0.148711 -0.907734 0.882012 -0.340892 -0.325342
-19.208147 -1810.322287 3107.448357 173831.277107 0.102515 0.960048 -0.260380 0.994667 -0.101910 0.015861 -0.011308 -0.260618 -0.965376
-7.859017 -246.094670 1078.899720 -12836.601096 0.937277 0.213466 -0.275578 -0.215813 -0.265479 -0.939652 0.273744 -0.940188 0.202759
-11.305763 -266.052204 -558.955954 10468.882750 0.400808 0.914857 0.048891 0.755879 -0.300061 -0.581902 0.517687 -0.270187 0.811788
4.137525 -55.346140 592.110928 2529.224607 -0.457771 -0.857252 -0.235720 0.851376 -0.346293 -0.394005 0.256134 -0.381051 0.888367
4.176988 -6.265472 83.806736 158.255192 -0.010334 -0.545458 0.838074 -0.122855 0.832462 0.540290 -0.992371 -0.097379 -0.075615
2.865950 -5.042661 -109.955658 76.259215 -0.128686 -0.545159 0.828397 -0.092432 0.838300 0.537317 -0.987368 -0.007425 -0.158267
4.465156 -5.218844 96.745698 100.215363 -0.026230 -0.541196 0.840488 -0.087053 0.838819 0.537405 -0.995858 -0.059071 -0.069115
-0.703973 -8.425437 -27.552730 -49.762388 -0.191650 0.977785 0.084895 0.981208 0.192855 -0.006158 -0.022393 0.082120 -0.996371
-0.320058 -8.708405 -26.162917 21.376775 -0.254720 0.963912 0.077407 -0.953229 -0.236815 -0.187812 0.162703 0.121626 -0.979150
-0.421524 -7.763483 -5.264937 -38.442926 -0.201266 0.975458 0.089297 0.978282 0.204784 -0.032061 -0.049561 0.080905 -0.995489
-0.328156 -7.131988 0.700683 -22.919121 -0.225833 0.969836 0.091750 0.971256 0.231432 -0.055682 -0.075237 0.076538 -0.994224
-0.513154 -6.771083 10.226947 24.520816 -0.135596 0.985736 0.099687 -0.966615 -0.153699 0.205017 -0.217414 0.068559 -0.973669
0.282982 -26.566801 7.525110 29.854557 0.096538 0.990116 -0.101742 0.514515 0.037861 0.856645 -0.852030 0.135046 0.505775
0.119700 -33.968902 1.651252 43.251837 0.100448 0.988723 -0.111069 0.536823 0.040132 0.842740 -0.837694 0.144276 0.526739
0.395192 -27.240950 8.589027 -72.186948 0.130730 0.990260 -0.047900 0.679085 -0.054239 0.732053 -0.722325 0.128230 0.679561
0.177560 -29.225024 -1.597278 -79.753554 0.085277 0.984251 -0.154848 0.311377 0.121303 0.942512 -0.946452 0.128591 0.296129
0.229165 -24.501959 2.833654 81.078686 0.074314 0.986315 -0.147173 0.327981 0.115197 0.937634 -0.941757 0.117950 0.314931
-4.481871 -150.056760 -47.433589 -2170.787084 0.913118 -0.040251 -0.405704 0.147809 0.960096 0.237420 0.379958 -0.276759 0.882630
-0.793078 -279.042018 -112.656548 -6092.373213 0.919110 -0.002545 -0.393994 0.073789 0.983398 0.165782 0.387031 -0.181444 0.904038
-2.746022 -254.504557 -4.565585 5427.549695 0.882918 -0.204025 -0.422882 0.023419 0.918671 -0.394330 0.468943 0.338257 0.815889
1.073746 -140.583905 56.165478 7035.883435 0.931417 0.029602 -0.362749 -0.276702 -0.589867 -0.758612 0.236430 -0.806958 0.541221
0.888979 -230.444488 -149.168925 -11295.542761 0.875056 -0.185537 -0.447050 0.095397 -0.839388 0.535096 0.474528 0.510886 0.716811
-1.534022 -102.607352 -56.870554 5044.017796 0.912770 -0.023355 -0.407806 -0.336335 -0.609515 -0.717893 0.231797 -0.792430 0.564202
-3.107215 -114.322588 261.894024 -2949.707702 0.824908 -0.064563 -0.561567 0.246767 0.934923 0.254999 0.508559 -0.348927 0.787158
2.254837 -12.103658 36.462534 -35.793799 -0.552629 0.646189 0.526347 0.819274 0.537095 0.200799 -0.152944 0.542190 -0.826219
-0.460518 -20.574897 -65.428026 425.965794 0.740228 -0.401008 -0.539680 0.606646 0.744431 0.278932 -0.289901 0.533869 -0.794319
2.689885 -12.174665 31.126257 -114.671898 -0.558794 0.670024 0.488690 0.787605 0.613278 0.059748 -0.259670 0.418281 -0.870409
4.771315 -12.298246 68.569200 -96.508316 -0.496924 0.720937 0.483029 0.865987 0.447876 0.222428 -0.055981 0.528826 -0.846882
5.004754 -10.376059 63.977507 -109.262550 -0.453783 0.776810 0.436631 0.872203 0.487587 0.038999 -0.182601 0.398528 -0.898795
2.665821 -9.709020 10.065907 168.377156 -0.555702 0.708534 0.434942 -0.764165 -0.641375 0.068487 -0.327486 0.294309 -0.897850
0.904463 -54.541594 47.944932 -2603.329504 0.860937 -0.065064 -0.504533 -0.484198 0.199357 -0.851945 -0.156013 -0.977765 -0.140130
1.128855 -38.656779 131.254245 -1290.970257 0.888580 -0.042613 -0.456737 -0.454067 0.059759 -0.888961 -0.065176 -0.997303 -0.033752
-1.943155 -58.481733 99.913054 -1981.165434 0.859342 -0.066356 -0.507077 -0.487788 0.191459 -0.851708 -0.153601 -0.979255 -0.132161
0.731448 -75.701657 162.353569 -2823.876039 0.886404 -0.113418 -0.448803 -0.356230 0.452005 -0.817797 -0.295614 -0.884775 -0.360257
-4.884558 -49.100696 192.604679 -1984.588360 0.830394 -0.043304 -0.555491 -0.546147 0.134123 -0.826882 -0.110312 -0.990018 -0.087725
-6.582707 -92.144233 242.811076 -4192.907870 0.843145 -0.057883 -0.534562 -0.477217 0.377499 -0.793573 -0.247731 -0.924199 -0.290663
-3.635573 -27.616673 109.146206 66.040068 0.889800 -0.030292 -0.455344 -0.455095 0.015075 -0.890315 -0.033833 -0.999427 0.000372
0.512976 -18.134224 -790.818745 550.989255 -0.218743 -0.887353 0.405901 0.936362 -0.307924 -0.168550 0.274550 0.343201 0.898240
-7.039536 -63.219676 2282.621573 -6826.658908 0.711938 0.475063 -0.517165 0.699977 -0.420952 0.576916 -0.056370 0.772732 0.632224
-0.460032 -33.659075 695.246372 3083.031152 0.050528 0.931035 -0.361414 0.923607 -0.181248 -0.337785 0.379995 0.316737 0.869069
1.197898 -29.207407 216.906494 1966.338359 0.430242 0.877932 -0.210065 0.797150 -0.478698 -0.367966 0.423607 0.009139 0.905800
1.273687 -14.524953 146.102242 646.427415 0.440560 0.868960 -0.225422 0.845709 -0.485968 -0.220481 0.301137 0.093506 0.948985
0.877278 -6.265329 -46.048183 24.859040 -0.061478 0.961776 0.266846 0.952536 0.136399 -0.272160 0.298154 -0.237448 0.924512
1.237243 -6.398670 -8.862392 19.964137 -0.062480 0.967531 0.244907 0.956801 0.127881 -0.261111 0.283952 -0.218013 0.933724
0.913504 -5.809884 -38.513861 33.431115 -0.031536 0.969268 0.243976 0.907914 0.129856 -0.398535 0.417969 -0.208941 0.884107
0.408077 -5.606923 -68.089980 39.167729 -0.036105 0.963978 0.263519 0.904397 0.143702 -0.401765 0.425161 -0.223820 0.877008
-4.421240 -66.589143 189.014954 -3508.896686 0.888127 0.099100 -0.448788 -0.200698 0.962079 -0.184728 0.413463 0.254132 0.874337
-7.494066 -43.103797 253.270283 -2145.418446 0.917674 -0.018844 -0.396886 -0.037095 0.990449 -0.132796 0.395598 0.136586 0.908211
-4.072466 -26.980095 65.452888 -1224.283485 0.908190 -0.000509 -0.418558 -0.051685 0.992210 -0.113353 0.415355 0.124579 0.901088
-0.693578 -37.919868 47.884810 -2083.943204 0.876257 0.125786 -0.465136 -0.234379 0.954696 -0.183363 0.420999 0.269691 0.866041
-2.177618 -20.385602 60.308182 -1103.089041 0.878410 0.107223 -0.465724 -0.170745 0.980600 -0.096282 0.446365 0.164095 0.879677
-3.282028 -9.388085 58.297452 -348.795207 0.886816 -0.011792 -0.461972 -0.011328 0.998819 -0.047242 0.461984 0.047128 0.885635
0.655752 -5.823479 -93.284773 -20.390386 0.240078 0.942021 0.234434 -0.054855 0.254276 -0.965575 0.969202 -0.218953 -0.112721
-0.704961 -6.949739 -113.458419 -31.419217 0.243626 0.935285 0.256686 -0.067013 0.280261 -0.957582 0.967551 -0.216091 -0.130955
0.423120 -6.102115 -154.455180 -29.741971 0.248627 0.963393 0.100293 -0.015135 0.107396 -0.994101 0.968481 -0.245643 -0.041282
1.799500 -5.172032 -109.030068 -32.728260 0.224456 0.972766 0.057839 -0.005126 0.060531 -0.998153 0.974471 -0.223745 -0.018573
1.123167 -5.233359 -130.794266 -26.073624 0.239568 0.969485 -0.052024 0.054279 -0.066875 -0.996284 0.969361 -0.235854 0.068644
-0.667169 -8.525981 -11.052597 -56.354305 0.117979 0.978562 0.168814 0.906081 -0.036523 -0.421525 0.406322 -0.202691 0.890965
-0.433397 -8.874669 -14.425009 -69.337408 0.142461 0.973824 0.177120 0.902669 -0.054410 -0.426882 0.406071 -0.220695 0.886792
-0.714896 -9.865539 -12.029473 -57.997719 0.154324 0.976957 0.147439 0.792102 -0.033142 -0.609489 0.590558 -0.210846 0.778964
-0.348388 -7.700118 -16.504852 -51.189440 0.108802 0.974434 0.196571 0.967234 -0.058143 -0.247140 0.229392 -0.217020 0.948832
-0.956553 -9.408967 -6.685821 -54.383829 0.130141 0.982733 0.131529 0.799812 -0.025653 -0.599702 0.585973 -0.183245 0.789340
-0.584252 -7.538611 -9.193690 -37.340716 0.084083 0.979372 0.183743 0.968781 -0.037187 -0.245115 0.233226 -0.198616 0.951923
-0.875792 -8.205246 -0.899750 -44.435898 0.086763 0.984742 0.150848 0.908517 -0.016086 -0.417539 0.408742 -0.173274 0.896050
-0.998677 -20.308754 -64.323858 -506.182427 0.474333 0.862195 -0.177844 0.453654 -0.412519 -0.789954 0.754458 -0.294022 0.586809
-1.670851 -19.367234 -25.912767 -574.451386 0.414180 0.892599 -0.178107 0.560366 -0.404261 -0.722885 0.717248 -0.199600 0.667619
-0.363083 -14.092449 -45.115313 -367.017151 0.438013 0.884161 -0.162493 0.633321 -0.431779 -0.642239 0.638004 -0.178399 0.749083
0.486304 -18.432058 -69.606944 -430.812920 0.478403 0.859619 -0.179402 0.493840 -0.432296 -0.754482 0.726122 -0.272350 0.631326
0.422016 -11.521408 -26.130982 -206.265104 0.409792 0.892055 -0.190547 0.670656 -0.436234 -0.599934 0.618297 -0.118056 0.777027
0.130316 -8.912959 -20.352841 -96.198068 0.364996 0.922456 -0.125909 0.734764 -0.368466 -0.569521 0.571751 -0.115359 0.812276
0.533918 -11.636107 -66.457800 208.372032 0.269290 0.933937 -0.235044 0.962895 -0.256593 0.083627 0.017792 -0.248842 -0.968381
-0.655969 -11.700493 -67.621566 255.717594 0.211786 0.946279 -0.244340 0.977143 -0.200317 0.071167 0.018399 -0.253827 -0.967075
-0.735318 -8.292336 -59.746074 191.327044 0.275477 0.934227 -0.226567 0.948827 -0.226387 0.220172 0.154399 -0.275625 -0.948784
-3.962502 -6.430453 -109.616070 -56.302627 0.284004 0.952414 0.110672 0.539251 -0.063219 -0.839769 0.792811 -0.298178 0.531545
-1.783349 -6.190131 -218.769120 -16.478422 0.451307 0.890671 -0.055026 0.411232 -0.262306 -0.872974 0.791966 -0.371351 0.484652
-4.386793 -6.885760 -211.040038 -53.126819 0.322494 0.935635 0.143474 0.457657 -0.021442 -0.888870 0.828582 -0.352318 0.435115
-5.244846 -7.736691 61.993598 -138.553562 -0.020194 0.870403 0.491926 0.538276 0.424095 -0.728287 0.842526 -0.250085 0.477082
-0.657299 -21.477014 19.761655 235.022429 -0.431561 0.893154 -0.126614 0.898861 0.413907 -0.143980 -0.076190 -0.175944 -0.981447
-0.360873 -20.903132 -10.195572 195.086586 -0.448182 0.880996 -0.151589 0.889431 0.422447 -0.174503 -0.089698 -0.213037 -0.972918
-0.876384 -21.910902 28.858587 -106.883810 -0.433889 0.892871 -0.120506 -0.861366 -0.371873 0.346063 -0.264177 -0.253952 -0.930440
-0.925939 -23.331577 6.535883 -77.857250 -0.427615 0.894915 -0.127566 -0.838754 -0.340172 0.425177 -0.337103 -0.288808 -0.896076
-0.735168 -21.525618 -10.602358 224.677256 -0.423494 0.894898 -0.140748 0.905303 0.412439 -0.101592 -0.032864 -0.170443 -0.984819
6.442420 -7.699283 184.062025 -5.869328 -0.386725 0.904927 -0.177628 -0.491102 -0.365119 -0.790890 0.780553 0.218624 -0.585612
7.163668 -8.320433 27.721961 13.779421 -0.274450 0.938855 -0.207914 -0.491748 -0.322836 -0.808679 0.826354 0.119700 -0.550282
6.764331 -8.681533 219.775105 352.858922 -0.432472 0.883231 -0.181307 -0.470840 -0.392713 -0.789991 0.768946 0.256282 -0.585698
4.889486 -8.685411 208.483178 321.786738 -0.494671 0.857935 -0.138737 -0.485712 -0.405295 -0.774480 0.720683 0.315726 -0.617197
5.070334 -7.468625 182.906395 -14.101520 -0.473977 0.865594 -0.161532 -0.494159 -0.413318 -0.764837 0.728803 0.282692 -0.623644
1.324659 -4.171721 13.231882 -79.937843 -0.024436 0.986398 0.162550 -0.087924 0.159848 -0.983218 0.995827 0.038318 -0.082822
1.648040 -4.033109 2.278257 -73.186830 0.003209 0.995410 0.095646 -0.085235 0.095571 -0.991767 0.996356 0.004970 -0.085151
1.067374 -3.152354 12.366619 -44.655204 -0.019352 0.983887 0.177743 -0.051666 0.176554 -0.982934 0.998477 0.028205 -0.047416
0.854159 -2.191877 20.309367 -37.733912 -0.020923 0.989335 0.144147 -0.013147 0.143894 -0.989506 0.999695 0.022598 -0.009997
0.339401 -2.057175 27.063523 -41.053787 -0.038464 0.950821 0.307343 -0.020977 0.306734 -0.951564 0.999040 0.043048 -0.008147
-1.321810 -7.068448 -44.022282 126.992977 0.491442 -0.645852 0.584260 0.731128 0.670471 0.126174 -0.473219 0.365162 0.801698
-1.739929 -6.739458 49.568174 130.261310 -0.471154 0.681074 -0.560493 0.763927 0.632741 0.126704 -0.440942 0.368479 0.818409
-1.360407 -5.851838 -51.930510 90.683088 0.496004 -0.636940 0.590159 0.758355 0.648803 0.062867 -0.422939 0.416368 0.804836
-2.039955 -4.941515 -51.526379 29.511834 0.439892 -0.697633 0.565512 0.825389 0.562209 0.051517 -0.353876 0.444105 0.823129
-1.406864 -5.084627 -15.298834 18.666857 0.515738 -0.625380 0.585589 0.766973 0.641606 0.009719 -0.381795 0.444118 0.810550
0.756976 -22.158347 35.841427 -43.865217 -0.529546 0.844660 -0.078299 0.846775 0.531847 0.010524 0.050532 -0.060728 -0.996874
1.007350 -24.258531 16.881814 564.711171 -0.533180 0.843826 -0.060635 -0.828544 -0.535320 -0.164156 0.170978 0.037286 -0.984569
0.732834 -22.143387 38.655249 -71.011324 -0.543309 0.836643 -0.069595 0.839525 0.541804 -0.040585 0.003751 -0.080477 -0.996749
1.017223 -21.026504 36.570297 -223.599605 -0.533657 0.782375 0.321091 0.328594 0.541667 -0.773707 0.779253 0.307386 0.546148
0.429763 -19.487726 36.277760 44.277577 -0.465750 0.870378 0.159749 0.633825 0.454092 -0.626152 0.617530 0.190377 0.763160
0.433038 -15.206895 33.215601 55.016471 -0.511061 0.826247 0.236923 0.478114 0.502322 -0.720471 0.714299 0.254929 0.651758
-1.078426 -15.001681 114.135762 -143.357229 -0.580806 0.729847 0.360539 0.256982 0.584640 -0.769517 0.772415 0.354288 0.527119
-0.603431 -13.188139 46.979029 62.207723 -0.449987 0.878366 0.161196 0.638989 0.442786 -0.628994 0.623862 0.180037 0.760515
-0.928871 -12.716034 65.213092 92.685973 -0.517642 0.825363 0.225439 0.462020 0.491416 -0.738273 0.720128 0.278004 0.635712
4.918337 -5.772846 173.480750 44.480950 -0.114259 0.964447 -0.238299 0.578943 -0.130287 -0.804891 0.807323 0.229927 0.543474
4.346685 -4.982849 162.193775 52.092483 -0.093154 0.951209 -0.294150 0.495795 -0.211885 -0.842195 0.863429 0.224292 0.451866
5.281657 -4.666485 25.876253 58.208718 -0.019962 0.975552 -0.218859 0.506169 -0.178916 -0.843672 0.862203 0.127621 0.490223
5.746691 -5.524612 15.850512 40.050759 -0.028741 0.986087 -0.163726 0.596844 -0.114461 -0.794151 0.801842 0.120544 0.585250
8.837030 -9.465933 270.197809 -35.898112 0.126304 0.958968 -0.253826 -0.893124 -0.001427 -0.449809 0.431715 -0.283511 -0.856297
5.169553 -9.131871 140.033810 -35.904553 0.165221 0.971971 -0.167256 -0.895313 0.076684 -0.438787 0.413662 -0.222243 -0.882888
7.406938 -9.935820 184.018716 -62.353967 0.230420 0.956827 -0.177167 -0.929409 0.162461 -0.331370 0.288281 -0.241014 -0.926718
0.050570 -36.116113 4.543493 -1066.220458 0.183230 0.982170 -0.042057 -0.725120 0.163916 0.668830 -0.663798 0.092054 -0.742225
0.261419 -26.818382 -3.147986 -1453.501494 0.183494 0.980917 -0.064286 -0.871810 0.192601 0.450391 -0.454178 0.026599 -0.890514
0.241661 -37.649532 -11.584882 -2545.792808 0.149223 0.988397 -0.028339 -0.840539 0.141890 0.522840 -0.520795 0.054200 -0.851960
-0.179793 -53.843286 5.853499 -2429.076603 0.161508 0.986758 0.014946 -0.634897 0.092298 0.767064 -0.755527 0.133376 -0.641397
1.229640 -36.853832 -44.143118 -3207.989607 0.147992 0.988503 -0.030995 -0.904932 0.147991 0.398994 -0.398994 0.031000 -0.916429
5.545262 -108.712538 -223.379402 -8487.876817 0.079402 0.995313 0.055200 -0.778710 0.027361 0.626787 -0.622339 0.092753 -0.777233
5.747225 -10.547915 -52.074028 -214.221326 0.612088 -0.769627 0.181720 0.783634 0.559473 -0.270014 0.106143 0.307675 0.945553
4.446390 -8.494782 17.172176 -146.046750 0.509396 -0.855521 0.092734 0.856938 0.494475 -0.145440 0.078572 0.153554 0.985012
3.496646 -8.831675 -35.714373 -185.810834 0.677113 -0.712346 0.184612 0.735781 0.659469 -0.154034 -0.012021 0.240132 0.970666
5.559503 -11.547031 19.411285 -111.394898 -0.520048 0.850905 -0.074232 0.821209 0.474209 -0.317399 0.234875 0.226023 0.945382
7.790165 -14.751885 -127.602254 -248.408357 0.619903 -0.766722 0.166904 0.735044 0.492955 -0.465518 0.274647 0.411257 0.869159
-8.799379 -11.087461 100.641436 107.036361 0.226793 0.970700 0.079418 -0.677714 0.215850 -0.702931 0.699477 -0.105597 -0.706810
-8.761399 -14.090431 8.650272 266.493573 0.561242 0.736078 0.378414 -0.428667 0.649633 -0.627871 0.707992 -0.190174 -0.680133
6.325594 -14.804019 20.758943 277.662692 0.570195 0.821498 -0.004256 -0.433928 0.296779 -0.850664 0.697556 -0.486891 -0.525693
7.770920 -12.078543 -170.005439 -41.887548 0.451173 0.891623 0.038098 -0.449542 0.263938 -0.853375 0.770944 -0.367893 -0.519903
6.446463 -11.002856 -130.569479 89.236746 0.456892 0.887128 0.065221 -0.551275 0.339936 -0.761931 0.698102 -0.312165 -0.644365
8.485291 -11.017191 -219.800526 42.762878 0.504455 0.863045 -0.026026 -0.365337 0.186036 -0.912096 0.782339 -0.469620 -0.409149
4.645487 -1.737539 339.702938 -38.547184 -0.607792 0.780802 -0.144699 0.793809 0.592497 -0.137165 -0.021365 -0.198231 -0.979922
2.495706 -2.307699 291.490735 -62.245977 -0.533008 0.834663 -0.138707 0.845490 0.519136 -0.125074 -0.032387 -0.183941 -0.982404
0.303287 -2.587190 227.848319 -89.154949 -0.483209 0.864277 -0.139765 0.874600 0.469263 -0.121930 -0.039795 -0.181156 -0.982649
4.141720 0.064585 -270.668283 14.231169 0.732773 -0.668324 0.128009 0.680395 0.716763 -0.152688 -0.010292 -0.198982 -0.979949
10.035736 1.092222 -439.458048 -93.353223 0.753126 -0.627435 0.197806 0.656487 0.736295 -0.163999 0.042745 -0.253369 -0.966425
-1.111536 -4.136942 -25.717281 -53.577853 -0.449976 0.891164 -0.057868 -0.520783 -0.314495 -0.793648 0.725470 0.326986 -0.605618
-1.100346 -3.481866 -16.759361 -42.321819 -0.412177 0.910938 0.017398 -0.530538 -0.224444 -0.817407 0.740702 0.346146 -0.575798
-0.909866 -3.611478 -18.901880 -47.151918 -0.436970 0.898086 -0.049988 -0.499051 -0.288303 -0.817208 0.748335 0.332149 -0.574170
-1.636693 -6.595437 13.202829 -25.144885 0.683845 0.459938 0.566404 -0.295470 -0.535221 0.791350 -0.667124 0.708516 0.230111
-1.225011 -6.475752 12.649129 -30.420670 0.687085 0.433934 0.582766 -0.345249 -0.510750 0.787361 -0.639310 0.742183 0.201114
-0.306610 -5.591940 -20.361291 -65.007510 -0.059065 0.866107 -0.496357 -0.396434 -0.476686 -0.784608 0.916161 -0.150430 -0.371510
-1.014012 -6.025512 -36.955405 -100.999533 -0.062191 0.871431 -0.486560 -0.350160 -0.475566 -0.806985 0.934623 -0.120187 -0.334716
-0.927057 -3.673183 23.238281 -182.380348 -0.120895 0.759965 -0.638622 -0.258278 -0.645264 -0.718976 0.958476 -0.078021 -0.274291
-0.070858 -4.119513 -81.528243 -305.767547 -0.059711 0.891813 -0.448446 -0.237074 -0.449064 -0.861474 0.969655 -0.054876 -0.238240
0.372369 -3.443944 12.131228 -280.866297 -0.125544 0.759282 -0.638537 -0.221827 -0.648818 -0.727893 0.966970 -0.050262 -0.249884
-1.790988 -7.426102 -54.002644 -91.574677 -0.005954 0.955649 -0.294449 -0.341643 -0.278680 -0.897562 0.939811 -0.095252 -0.328150
-1.043924 -11.764506 -8.946093 31.454940 -0.088716 0.995395 -0.036320 -0.817320 -0.093589 -0.568533 0.569314 0.020753 -0.821858
1.635979 -13.495296 -10.021428 -177.555779 0.280440 0.959377 -0.030822 -0.906698 0.275307 0.319538 -0.315043 0.061665 -0.947072
1.921308 -14.320719 24.369406 -72.425672 0.334230 0.942463 0.007350 -0.820092 0.286972 0.495072 -0.464478 0.171496 -0.868821
2.138096 -14.557195 -0.569505 22.960871 0.275610 0.960987 -0.023296 -0.788750 0.239933 0.565955 -0.549465 0.137608 -0.824107
0.333791 -4.659934 18.227748 -10.610824 -0.179542 0.942156 -0.283030 0.240737 0.321036 0.915959 -0.953840 -0.096317 0.284451
0.312792 -4.166043 25.740447 0.827931 -0.181520 0.935966 -0.301692 0.316253 0.346052 0.883308 -0.931147 -0.064928 0.358817
-0.016473 -4.786585 -26.721070 -7.207320 -0.220922 0.929802 -0.294383 0.276795 0.349205 0.895232 -0.935189 -0.116293 0.334511
0.097200 -4.540738 47.833108 -5.300802 -0.136646 0.956623 -0.257296 0.302198 0.287606 0.908823 -0.943400 -0.046433 0.328390
-0.202150 -5.184307 -30.067750 39.414672 -0.198724 0.965200 -0.169994 0.235462 0.215393 0.947715 -0.951350 -0.148306 0.270072
0.262573 -4.594174 2.338333 7.778734 -0.187309 0.954395 -0.232478 0.170276 0.264630 0.949198 -0.967430 -0.138207 0.212078
0.395276 -4.556642 40.357069 -29.209068 -0.150285 0.947654 -0.281719 0.204975 0.308631 0.928834 -0.967160 -0.081845 0.240629
1.504174 -6.148223 42.288640 16.874164 0.221183 0.972344 0.074999 0.974689 -0.222972 0.016282 0.032554 0.069499 -0.997051
1.770175 -5.806108 -10.866705 -25.301099 0.215237 0.975604 0.043245 -0.969253 0.218825 -0.112535 0.119253 0.017694 -0.992706
1.461800 -5.721383 28.716695 -25.760822 0.217136 0.973292 0.074531 -0.964874 0.225570 -0.134669 0.147884 0.042671 -0.988084
1.936652 -32.455424 121.811784 982.881315 0.048422 0.993818 -0.099906 -0.239912 -0.085523 -0.967020 0.969586 -0.070794 -0.234288
3.087881 -35.402214 227.621285 787.930808 0.068355 0.987098 -0.144794 0.020102 -0.146467 -0.989011 0.997459 -0.064694 0.029854
9.142935 -36.016234 484.179493 837.305404 0.107180 0.988577 -0.105964 0.018111 -0.108501 -0.993931 0.994075 -0.104611 0.029533
-0.937047 -9.311835 2.234533 35.130211 -0.235654 0.967029 0.096551 -0.829899 -0.148544 -0.537775 0.505702 0.206856 -0.837541
-0.791230 -8.822377 4.914146 51.788557 -0.241727 0.967167 0.078455 -0.919313 -0.202390 -0.337493 0.310534 0.153706 -0.938053
-0.619430 -7.702421 6.972106 39.082361 -0.271852 0.959163 0.078123 -0.954229 -0.258154 -0.151010 0.124675 0.115600 -0.985440
30.451009 -587.433964 -7183.770336 93526.712421 -0.658344 -0.280824 0.698370 0.752304 -0.276206 0.598121 0.024927 0.919156 0.393104
214.131165 -268.382095 18668.981456 21431.395160 0.449518 0.871207 -0.197310 0.512700 -0.432511 -0.741669 0.731486 -0.232233 0.641089
73.012426 -58.036588 5030.640175 -3801.644870 0.506952 0.838730 -0.198826 -0.698975 0.534983 0.474580 -0.504413 0.101615 -0.857462
8.830514 -29.270690 971.398555 826.645234 0.428498 0.840924 -0.330509 0.722651 -0.538534 -0.433309 0.542370 0.053170 0.838455
11.588058 -391.841899 862.813178 -44636.377392 0.923130 0.268401 -0.275302 0.122484 0.473432 0.872273 -0.364456 0.838942 -0.404164
-4.261831 -50.710629 -497.766462 -3509.875191 0.687043 0.602041 -0.406840 -0.572002 0.793408 0.208128 0.448092 0.089721 0.889474
8.124679 -23.701181 455.746550 -451.457173 -0.209973 0.868251 0.449502 -0.689148 0.194689 -0.697976 0.693532 0.456330 -0.557474
5.369035 -28.494502 282.737766 -449.286655 -0.209899 0.880137 0.425794 -0.840757 0.059815 -0.538098 0.499069 0.470936 -0.727427
9.183304 -24.245997 281.174133 -539.555210 -0.109130 0.905846 0.409310 -0.726941 0.208117 -0.654403 0.677972 0.368959 -0.635785
10.468734 -19.269768 228.731963 -539.813352 -0.068090 0.904567 0.420859 -0.560494 0.314293 -0.766202 0.825354 0.288060 -0.485604
10.974902 -19.512026 -126.623791 -547.097677 0.086059 0.938634 0.334006 -0.602852 0.315971 -0.732620 0.793198 0.138307 -0.593050
-9.422759 -23.309222 -416.322005 474.059653 -0.209729 0.885738 0.414105 0.651706 -0.189094 0.734522 -0.728899 -0.423925 0.537582
-8.616125 -23.813327 -477.411527 -152.163677 -0.206726 0.908780 0.362467 0.399646 -0.259721 0.879107 -0.893055 -0.326593 0.309499
-7.943009 -23.698045 -429.494613 128.384504 -0.240578 0.871006 0.428336 0.479068 -0.277246 0.832844 -0.844166 -0.405566 0.350571
4.392415 -6.991460 207.087927 8.265692 0.051233 0.974679 0.217661 -0.916505 -0.040693 0.397948 -0.396729 0.219876 -0.891213
1.345578 -41.577640 17.498809 -565.409525 -0.311106 0.888469 0.337394 -0.635159 0.069706 -0.769230 0.706955 0.453611 -0.542633
1.220323 -41.780310 9.669856 189.595151 -0.333168 0.880314 0.337707 -0.781953 -0.057849 -0.620647 0.526829 0.470851 -0.707638
0.980381 -38.765342 -12.292300 -484.140770 -0.341337 0.888122 0.307779 0.908873 0.228368 0.348996 0.239664 0.398858 -0.885140
1.353850 -36.923172 32.263536 -621.428257 -0.368900 0.878915 0.302360 0.929283 0.342250 0.138918 0.018614 0.332225 -0.943017
0.777216 -39.362690 -22.161859 -731.457281 -0.349570 0.899696 0.261433 0.935213 0.351867 0.039585 -0.056375 0.258333 -0.964410
1.601281 -17.025721 -4.100308 -95.405651 -0.030121 0.999546 -0.000043 -0.932195 -0.028076 0.360866 -0.360701 -0.010910 -0.932618
2.070013 -16.058036 12.436234 -134.426168 -0.022929 0.999731 0.003503 -0.987341 -0.023194 0.156909 -0.156948 -0.000139 -0.987607
1.611722 -17.394138 32.015946 -123.495897 -0.043044 0.996990 0.064482 -0.929870 -0.063582 0.362353 -0.365362 0.044363 -0.929808
1.738966 -4.900367 -322.222105 75.653041 -0.206985 -0.612034 0.763264 -0.110483 0.789791 0.603344 -0.972086 0.040555 -0.231094
0.286215 -3.714582 -168.836745 16.728442 -0.179182 -0.529165 0.829384 -0.040534 0.846283 0.531189 -0.982981 0.061561 -0.173088
-0.202533 -8.518239 -37.953702 -41.830776 -0.272295 0.958757 0.081494 -0.883028 -0.215342 -0.417001 0.382253 0.185509 -0.905245
0.247141 -8.343510 -7.155474 -5.298454 -0.313056 0.946121 0.082772 -0.890843 -0.262314 -0.370931 0.329234 0.189859 -0.924964
0.131453 -34.158800 7.719496 99.543347 0.142601 0.988530 -0.049730 0.719504 -0.069028 0.691049 -0.679690 0.134325 0.721095
0.203234 -45.257473 -5.197465 144.477234 0.112463 0.987573 -0.109784 0.567028 0.026946 0.823258 -0.815985 0.154836 0.556951
0.305391 -36.933993 -12.793782 -466.421198 0.096086 0.984950 -0.143671 0.303152 0.108524 0.946742 -0.948085 0.134523 0.288162
-7.036060 -8.473071 65.194767 2.794061 0.950016 -0.309000 0.044591 -0.231828 -0.602548 0.763670 0.209106 0.735836 0.644065
-8.301226 -8.808899 53.655068 2.668678 0.990820 0.024473 -0.132953 0.123850 -0.558566 0.820161 0.054191 0.829099 0.556470
-7.899165 -8.566752 65.530308 7.464224 0.963292 -0.218342 0.156189 -0.262532 -0.644639 0.717995 0.056083 0.732644 0.678298
-11.073265 -82.623329 -2151.886540 -7176.138977 -0.665026 -0.541541 0.514271 0.746622 -0.466213 0.474554 -0.017230 0.699556 0.714370
-29.087895 -645.804248 1085.756576 -65180.010014 0.769613 0.590880 -0.241985 0.436731 -0.210669 0.874577 -0.465791 0.778768 0.420189
-10.054150 -218.660324 80.140616 -17238.924779 0.520069 0.852863 -0.046394 0.493442 -0.255673 0.831352 -0.697168 0.455254 0.553806
-0.065007 -10.384280 245.994114 -408.756099 -0.041353 0.975989 -0.213857 0.974343 0.086786 0.207663 -0.221236 0.199783 0.954537
1.106303 -6.723802 13.526779 5.832582 0.073368 -0.964425 -0.253972 0.985297 0.109494 -0.131154 0.154297 -0.240615 0.958278
1.480508 -6.786598 -23.855331 5.520650 0.077032 -0.969722 -0.231745 0.987233 0.106688 -0.118274 0.139417 -0.219676 0.965560
1.299656 -6.578390 6.956642 18.314374 -0.062698 0.971745 0.227553 0.960654 0.120574 -0.250212 0.270579 -0.202911 0.941071
-4.451490 -11.136265 -82.871594 -4.938450 -0.545084 0.806815 0.227886 0.806426 0.578897 -0.120643 0.229259 -0.118013 0.966185
-9.684620 -51.613524 146.021740 -3321.541505 0.953818 0.060047 -0.294322 -0.056731 0.998193 0.019802 0.294980 -0.002190 0.955501
-4.869047 -13.624252 -57.194714 -193.122318 -0.589098 0.790878 0.165756 0.797965 0.601693 -0.034904 0.127339 -0.111706 0.985549
-2.963036 -9.822068 91.700185 0.147617 0.335657 -0.913193 -0.231113 0.926013 0.364869 -0.096804 0.172727 -0.181521 0.968099
-4.006028 -9.156194 -92.435611 95.932831 -0.478080 0.836565 0.267579 0.817047 0.535379 -0.214015 0.322294 -0.116309 0.939467
-3.599833 -11.693684 67.693857 -128.728337 0.434527 -0.880036 -0.191632 0.898324 0.438788 0.021902 0.064811 -0.181665 0.981222
-0.218337 -5.798758 -69.232034 34.508013 0.267101 0.871412 0.411459 -0.123107 0.454328 -0.882287 0.955773 -0.185007 -0.228628
-1.200962 -6.505211 -73.901071 52.140098 0.251761 0.879105 0.404710 -0.170445 0.451919 -0.875624 0.952662 -0.151468 -0.263615
-0.523351 -10.336392 -9.647280 -65.029625 0.173016 0.973387 0.150277 0.784709 -0.044023 -0.618299 0.595229 -0.224899 0.771442
-0.239791 -9.285869 -8.243777 -84.140064 0.163528 0.971987 0.168822 0.897151 -0.075340 -0.435251 0.410340 -0.222634 0.884339
-0.120806 -7.931995 -11.956048 -64.246990 0.128604 0.973180 0.190741 0.964378 -0.077893 -0.252798 0.231161 -0.216458 0.948531
-0.099467 -14.557734 48.694179 82.664235 0.278147 0.955020 0.102814 0.957528 -0.284149 0.048973 0.075984 0.084825 -0.993494
1.039574 -14.140405 53.634537 -115.603141 0.313463 0.944155 0.101549 -0.945932 0.319852 -0.053923 0.083393 0.079155 -0.993368
0.511721 -12.690104 57.495699 -130.921947 0.297370 0.947741 0.115577 -0.911785 0.317806 -0.260092 0.283231 0.028038 -0.958642
-0.141888 -15.468097 42.714280 46.747761 0.285760 0.953265 0.098122 0.949463 -0.267762 -0.163778 -0.129850 0.139965 -0.981605
-0.612268 -13.140246 39.444590 -127.823685 0.268749 0.958685 0.093257 -0.921292 0.284097 -0.265538 0.281061 0.014554 -0.959579
-1.138350 -14.986541 35.158108 52.762392 0.242552 0.966808 0.080317 0.968390 -0.246252 0.039759 0.058217 0.068135 -0.995976
-1.114901 -15.604090 33.026708 -22.494669 0.238030 0.967707 0.082980 -0.959428 0.220977 0.175122 -0.151130 0.121297 -0.981044
-0.552186 -3.670810 -5.838242 -16.078822 0.141065 0.829772 0.539981 0.235236 -0.557908 0.795866 -0.961647 -0.014754 0.273893
-1.510460 -4.343473 -62.090377 -20.733807 0.137160 0.811059 0.568657 0.220147 -0.584684 0.780820 -0.965776 -0.018091 0.258747
-0.773541 -3.563799 -11.109263 33.863507 0.173055 0.706734 0.685988 -0.143731 0.707161 -0.692289 -0.974368 0.021207 0.223957
-2.016879 -5.768977 -149.358960 -43.199192 0.438924 0.893100 -0.098584 0.491630 -0.330546 -0.805630 0.752094 -0.305143 0.584159
-0.459722 -5.757326 -147.806483 -19.768950 0.498079 0.851267 -0.165109 0.422167 -0.404374 -0.811330 0.757425 -0.334403 0.560787
0.184632 -5.777960 -198.690021 17.874743 0.482021 0.869882 -0.104695 0.399335 -0.324480 -0.857464 0.779864 -0.371507 0.503780
1.073298 -5.658670 -228.521848 -6.890945 0.430367 0.902539 0.014438 0.396783 -0.174786 -0.901118 0.810770 -0.393540 0.433334
-0.464750 -10.515586 -9.907360 25.486696 -0.085635 0.994314 -0.063300 -0.239810 0.041096 0.969950 -0.967036 -0.098241 -0.234927
-0.099951 -10.737833 -18.716967 4.704582 -0.104011 0.992700 -0.061061 -0.402206 0.014167 0.915440 -0.909622 -0.119775 -0.397796
-0.317433 -10.667496 -14.138237 26.858568 -0.106071 0.993541 -0.040311 -0.219921 0.016096 0.975385 -0.969734 -0.112326 -0.216794
-0.465632 -21.419913 -57.347792 146.185474 -0.468465 0.864169 -0.183720 0.874084 0.423097 -0.238677 -0.128526 -0.272398 -0.953562
-0.129707 -19.871737 -42.653635 299.044476 -0.458556 0.871157 -0.175533 0.885946 0.463587 -0.013663 0.069473 -0.161778 -0.984379
-0.581051 -22.353256 -15.148184 98.291805 -0.459376 0.875082 -0.152330 0.837937 0.370045 -0.401159 -0.294679 -0.311926 -0.903253
-0.086139 -21.945366 -19.603982 240.738510 -0.485224 0.860429 -0.155629 0.871214 0.460584 -0.169849 -0.074463 -0.218001 -0.973104
-0.581610 -23.256003 -51.318550 54.914180 -0.484984 0.857385 -0.172282 0.818535 0.375684 -0.434583 -0.307881 -0.351785 -0.884000
