13000
25987
-6.317037 -9.045718 -34.982541 198.343351 0.165959 0.973953 0.154507 -0.590727 0.223644 -0.775258 0.789620 -0.037390 -0.612456
-7.166762 -9.782118 92.512053 132.921175 -0.100514 0.990346 -0.095459 -0.485399 -0.132564 -0.864184 0.868496 0.040527 -0.494037
-8.132990 -12.162031 -14.320732 287.700037 0.233944 0.876391 0.420961 -0.392788 0.481264 -0.783647 0.889375 -0.017981 -0.456825
-5.577345 -8.041121 13.352801 87.756746 -0.345581 0.833906 -0.430319 -0.487534 -0.551378 -0.676974 0.801801 0.024154 -0.597103
-4.582438 -12.368003 -192.956376 316.595170 0.324387 0.911335 0.253458 -0.465898 0.387122 -0.795661 0.823233 -0.140016 -0.550166
-2.799662 -10.606735 -196.715802 332.901398 0.338483 0.929030 0.149443 -0.571929 0.329236 -0.751333 0.747213 -0.168842 -0.642779
-4.785666 -7.235608 -97.204920 188.710215 0.242821 0.962701 0.119355 -0.649755 0.252766 -0.716887 0.720317 -0.096524 -0.686897
-4.702996 -6.574218 2.368821 71.375865 -0.360903 0.814734 -0.453826 -0.574085 -0.577581 -0.580367 0.734966 -0.051078 -0.676177
-22.696735 -106.547384 -533.951404 -6588.049205 0.312342 0.902359 -0.296971 -0.675713 -0.008697 -0.737113 0.667723 -0.430898 -0.607019
-11.450929 -47.782517 -231.030521 -2887.873714 0.394332 0.890326 -0.227644 -0.679961 0.116041 -0.724008 0.618187 -0.440288 -0.651146
-5.968886 -20.360264 -206.683741 -1125.423204 -0.101269 0.905127 -0.412904 -0.842650 -0.298667 -0.448040 0.528854 -0.302561 -0.792951
0.109657 -14.082816 56.136981 -665.191079 -0.299609 0.867845 -0.396331 -0.815534 -0.448544 -0.365667 0.495114 -0.213664 -0.842146
-5.283799 -34.344721 -9.065364 -1564.038451 -0.095803 0.934364 -0.343199 -0.840162 -0.260803 -0.475510 0.533807 -0.242787 -0.810003
-16.065319 -72.562494 -96.303059 -4141.466467 0.065335 0.938000 -0.340423 -0.740410 -0.183140 -0.646725 0.668972 -0.294307 -0.682539
9.673183 -8.249267 -244.812459 25.471950 0.354813 0.888617 0.290633 -0.548786 0.449620 -0.704752 0.756929 -0.090560 -0.647192
9.681244 -8.349079 -219.520882 74.447590 0.305776 0.912744 0.270925 -0.464307 0.391376 -0.794508 0.831216 -0.117149 -0.543466
9.379659 -6.759365 -56.054635 47.853640 0.145307 0.911036 0.385876 -0.504462 0.403731 -0.763229 0.851119 0.083758 -0.518248
8.887606 -6.409005 95.055610 58.136080 -0.003499 0.928623 0.371008 -0.416194 0.335997 -0.844919 0.909269 0.157368 -0.385312
3.604196 -7.882785 -194.835649 22.490990 -0.546874 0.764872 0.340442 0.452297 -0.072275 0.888934 -0.704526 -0.640115 0.306424
2.770639 -7.039099 182.494047 60.094819 0.511115 -0.735855 -0.444161 0.585623 -0.080105 0.806615 -0.629131 -0.672384 0.389991
0.468223 -7.622425 -157.703422 45.392937 -0.491545 0.731195 0.473009 0.495240 -0.212071 0.842474 -0.716324 -0.648367 0.257874
5.312439 -7.810450 -103.104079 9.879800 -0.479697 0.823139 0.303865 0.521272 -0.011226 0.853317 -0.705810 -0.567729 0.423693
2.148623 -8.086162 -177.405688 33.631938 -0.541714 0.768818 0.339801 0.346427 -0.164120 0.923609 -0.765855 -0.618048 0.177433
5.165960 -8.229331 -97.377725 24.594303 -0.493282 0.836392 0.239001 0.385656 -0.035997 0.921940 -0.779707 -0.546949 0.304802
-1.649961 -5.344242 63.486890 107.545574 0.063782 0.996074 0.061381 -0.622799 0.087788 -0.777441 0.779777 -0.011359 -0.625954
-1.375172 -3.407579 60.383146 87.922725 0.087133 0.992305 0.087973 -0.683592 0.123794 -0.719289 0.724644 -0.002536 -0.689118
-0.500852 -4.162806 70.614749 94.553892 0.010956 0.999458 0.031029 -0.670120 0.030370 -0.741631 0.742172 0.012668 -0.670090
-0.506739 -5.780297 72.276296 98.090361 0.011476 0.999167 0.039174 -0.596320 0.038286 -0.801833 0.802665 0.014158 -0.596262
0.646329 -11.626428 -23.762762 35.835474 -0.164832 0.984681 0.056862 0.238073 -0.016226 0.971112 -0.957158 -0.173607 0.231752
0.635159 -12.041827 -20.288946 75.869544 -0.154448 0.987455 0.032840 0.056961 -0.024284 0.998081 -0.986358 -0.156022 0.052495
0.922218 -11.560519 -12.593306 58.595531 -0.147499 0.988443 0.034980 0.217341 -0.002111 0.976094 -0.964887 -0.151576 0.214518
0.931471 -11.308118 -10.725791 -30.809262 -0.150899 0.987161 0.052366 0.376500 0.008411 0.926379 -0.914045 -0.159505 0.372935
2.774448 -19.840675 71.566885 276.242391 0.366455 0.915324 0.167010 -0.465439 0.335761 -0.818921 0.805654 -0.222365 -0.549068
1.817607 -16.940892 73.287988 139.783045 0.348609 0.919138 0.183460 -0.604851 0.370143 -0.705088 0.715980 -0.134835 -0.684977
2.648427 -19.299774 52.200494 310.292682 0.399399 0.900545 0.171753 -0.595648 0.397317 -0.698099 0.696910 -0.176516 -0.695096
2.953446 -22.333971 -8.194867 306.614419 0.452774 0.882198 0.129315 -0.402978 0.331847 -0.852928 0.795364 -0.334072 -0.505758
2.347324 -19.334258 -26.190627 401.392194 0.482574 0.863905 0.144186 -0.610801 0.449931 -0.651524 0.627729 -0.226340 -0.744799
2.084582 -14.532264 24.258798 184.906735 0.439977 0.879003 0.183775 -0.713236 0.466396 -0.523229 0.545632 -0.099134 -0.832141
-0.204241 -6.002738 7.988880 -27.046253 -0.117082 0.992431 0.037048 -0.991232 -0.119078 0.057262 -0.061241 0.030019 -0.997672
-0.343559 -6.023756 8.846249 -37.845261 -0.142076 0.989506 0.026295 -0.988369 -0.143268 0.051008 -0.054240 0.018742 -0.998352
-0.434422 -5.894707 15.496981 1.455920 -0.135273 0.989845 0.043688 -0.973965 -0.140940 0.177563 -0.181917 0.018531 -0.983139
-0.425373 -5.887624 -8.567125 4.590185 -0.099971 0.994524 0.030463 -0.979921 -0.103719 0.170287 -0.172514 0.012827 -0.984924
-0.477304 -6.238263 11.795355 27.483301 -0.148881 0.987633 0.049139 -0.936283 -0.156779 0.314315 -0.318132 -0.000788 -0.948046
-0.392035 -5.993314 29.918787 47.934076 -0.175951 0.982986 0.052719 -0.937975 -0.183665 0.294058 -0.298738 -0.002291 -0.954333
-1.632378 -3.122550 -9.917977 6.104969 -0.004750 0.999773 -0.020777 -0.090257 -0.021121 -0.995694 0.995907 0.002854 -0.090337
-1.555273 -3.459008 -7.894955 -58.389206 -0.022953 0.994074 -0.106252 -0.111373 -0.108161 -0.987875 0.993514 0.010841 -0.113195
-1.764538 -3.087465 -4.870511 9.090517 -0.046834 0.997325 -0.056112 -0.079208 -0.059705 -0.995069 0.995757 0.042158 -0.081792
-1.556649 -3.429399 -16.332336 68.468403 -0.004851 0.999895 0.013632 -0.052729 0.013357 -0.998520 0.998597 0.005562 -0.052659
-1.798017 -3.440957 -0.356978 76.045523 -0.052940 0.988758 0.139837 -0.054230 0.136980 -0.989088 0.997124 0.059946 -0.046368
-1.904214 -2.924120 4.759875 30.742402 -0.085759 0.996267 -0.009894 -0.072276 -0.016126 -0.997254 0.993691 0.084808 -0.073389
0.954431 -5.293104 69.649271 13.191035 -0.118566 0.980407 -0.157302 -0.673492 -0.195813 -0.712787 0.729623 -0.021430 -0.683513
0.943724 -5.568512 78.232175 3.528549 -0.171478 0.966185 -0.192565 -0.581274 -0.257036 -0.772045 0.795435 0.020456 -0.605694
-0.109112 -5.118305 36.792284 24.935388 -0.172859 0.960622 -0.217544 -0.665186 -0.276748 -0.693497 0.726393 -0.024829 -0.686830
-0.632464 -5.159260 5.028639 36.758637 -0.211840 0.932868 -0.291343 -0.623744 -0.358553 -0.694538 0.752374 -0.034593 -0.657827
-0.579904 -4.640611 -1.107821 41.718637 -0.160342 0.956556 -0.243498 -0.701355 -0.283992 -0.653796 0.694544 -0.065948 -0.716421
-1.381896 -30.227158 -4.015339 -201.574539 0.034805 0.958630 0.282520 0.733456 -0.216521 0.644330 -0.678845 -0.184790 0.710649
-0.870165 -26.754924 34.196644 -174.563247 0.073571 0.965626 0.249308 0.657370 -0.234945 0.716006 -0.749968 -0.111210 0.652059
-1.249975 -25.723284 24.630144 -336.755033 0.054824 0.967059 0.248580 0.462851 -0.245205 0.851847 -0.884739 -0.068354 0.461047
-1.352058 -26.809628 -7.717541 -384.746979 0.016329 0.962524 0.270704 0.426165 -0.251617 0.868949 -0.904498 -0.101176 0.414303
-1.684804 -32.524856 -4.998144 -602.249186 0.036933 0.952671 0.301752 0.451317 -0.285310 0.845524 -0.891599 -0.104958 0.440494
-1.170309 -33.854026 -10.297398 -168.491142 0.028784 0.950256 0.310137 0.779191 -0.215676 0.588511 -0.626126 -0.224716 0.746639
-1.215112 -30.371361 -11.725012 113.114763 0.049185 0.950377 0.307186 0.917604 -0.164457 0.361879 -0.394441 -0.264077 0.880159
-1.341583 -31.468787 -17.105625 133.871905 0.049073 0.952217 0.301455 0.948704 -0.138821 0.284061 -0.312335 -0.272052 0.910184
0.331129 -16.838042 -5.686611 375.234064 0.060337 0.975634 0.210946 -0.758108 -0.092683 0.645509 -0.649332 0.198868 -0.734044
0.295320 -30.036254 -14.210848 1023.087202 0.023469 0.978491 0.204949 -0.851461 -0.087866 0.517004 -0.523892 0.186640 -0.831085
-0.011541 -33.972261 -27.364038 1376.937895 0.045657 0.979875 0.194321 -0.857086 -0.061499 0.511490 -0.513146 0.189903 -0.837029
-1.126272 -12.522494 40.268379 -191.480989 0.377579 0.436246 0.816777 0.865187 0.148124 -0.479072 -0.329978 0.887552 -0.321506
-1.005195 -13.320052 24.575065 -151.597754 0.306015 0.452580 0.837572 0.931815 0.037935 -0.360946 -0.195130 0.890917 -0.410112
-1.727439 -11.281379 9.956793 -173.435542 0.300397 0.467835 0.831199 0.871211 0.220160 -0.438772 -0.388270 0.855956 -0.341448
-2.203218 -8.757179 7.842776 -110.578486 0.320889 0.479001 0.817061 0.787221 0.344769 -0.511290 -0.526606 0.807275 -0.266447
-1.653038 -9.708348 34.641825 -149.239417 0.388794 0.444792 0.806845 0.782617 0.302666 -0.543971 -0.486159 0.842943 -0.230427
3.711623 -14.254399 184.557584 349.953697 -0.577390 0.812200 0.083384 -0.630197 -0.508264 0.586957 -0.519108 -0.286354 -0.805313
70.999246 -162.436942 -3003.216348 7631.290202 -0.530942 0.773620 -0.345852 0.846586 0.502215 -0.176273 0.037324 -0.386384 -0.921582
-2.403409 -20.762836 21.005306 585.645015 0.326297 0.892531 -0.311318 0.892916 -0.182949 0.411376 0.310211 -0.412211 -0.856651
-5.238977 -166.642362 -214.828973 -3826.947083 0.065729 0.986714 -0.148579 -0.852608 0.132894 0.505370 -0.518401 -0.093462 -0.850015
18.453477 -254.108947 444.920601 10617.439295 -0.004336 0.994585 -0.103837 0.162791 0.103155 0.981253 -0.986651 0.012649 0.162357
-2.168909 -7.701510 -9.092303 -116.208020 -0.478387 0.803645 -0.353979 -0.353370 -0.545192 -0.760195 0.803913 0.238581 -0.544796
-2.163735 -8.872930 -2.872291 -110.279585 -0.506102 0.784506 -0.358345 -0.431615 -0.590092 -0.682276 0.746706 0.190634 -0.637251
-2.108934 -7.185362 -8.083442 -99.349878 -0.509848 0.801139 -0.313420 -0.347076 -0.524923 -0.777170 0.787143 0.287458 -0.545687
-2.610529 -8.877896 16.424337 -97.998903 -0.468001 0.790861 -0.394352 -0.409288 -0.589465 -0.696430 0.783236 0.164527 -0.599560
-2.031294 -6.063303 -5.477663 -82.893725 -0.463699 0.840517 -0.280205 -0.304814 -0.448297 -0.840309 0.831908 0.304240 -0.464076
-2.296369 -7.148574 17.739318 -99.339271 -0.452498 0.818696 -0.353528 -0.304363 -0.514416 -0.801710 0.838217 0.255172 -0.481953
5.772039 -2.345968 93.388239 17.173774 0.179449 -0.051009 0.982444 0.219947 0.975456 0.010472 -0.958865 0.214207 0.186264
4.563076 -2.637188 157.556599 32.563734 0.268657 -0.097382 0.958301 0.219307 0.974931 0.037590 -0.937938 0.200063 0.283279
5.141122 -2.577130 72.803421 20.274720 0.169568 -0.056650 0.983889 0.180589 0.983228 0.025489 -0.968831 0.173358 0.176955
5.555006 -2.504779 -35.307322 30.717543 0.045484 -0.006577 0.998943 0.210155 0.977663 -0.003132 -0.976609 0.210076 0.045850
5.827705 -2.201457 -51.239727 14.667834 0.030383 0.005076 0.999525 0.232837 0.972442 -0.012016 -0.972041 0.233091 0.028363
5.457016 -2.061631 56.833497 12.034481 0.162667 -0.045927 0.985612 0.255376 0.966837 0.002904 -0.953060 0.251229 0.169001
-2.531575 -4.796874 -71.445896 0.190589 0.094515 0.995011 -0.031950 -0.809471 0.095494 0.579342 -0.579503 0.028894 -0.814458
-2.369688 -4.849257 -59.286941 16.633001 -0.039061 0.997196 0.063833 -0.861788 -0.065953 0.502963 -0.505762 0.035364 -0.861948
-1.771803 -4.421948 -81.231406 23.141299 -0.048910 0.998318 0.031130 -0.848011 -0.057973 0.526798 -0.527717 0.000632 -0.849420
-1.388798 -4.205249 -66.373671 -8.525060 0.074378 0.995863 -0.052192 -0.813420 0.090862 0.574536 -0.576902 0.000279 -0.816814
0.983619 -2.101831 -30.648020 5.696581 0.110924 0.993826 -0.002196 -0.731373 0.080134 -0.677254 0.672897 -0.076730 -0.735746
0.515582 -2.702845 -25.797304 36.154634 0.044590 0.995740 -0.080706 -0.730134 -0.022656 -0.682928 0.681847 -0.089378 -0.726014
0.877827 -2.450320 -25.242023 51.851361 0.043005 0.997229 -0.060696 -0.724122 -0.010745 -0.689589 0.688330 -0.073607 -0.721653
5.075120 -46.858542 -85.484372 -928.758656 -0.008069 0.994929 -0.100259 0.312175 -0.092746 -0.945487 0.949990 0.038927 0.309843
4.803943 -62.836855 -140.993959 -2606.677616 0.096357 0.983106 -0.155619 0.532421 -0.183007 -0.826460 0.840978 0.003220 0.541060
4.365540 -47.212397 -41.282760 -1685.416575 -0.026220 0.995867 -0.086962 0.714031 -0.042226 -0.698839 0.699623 0.080417 0.709973
-10.459284 -114.041340 -365.822093 -5628.593713 0.235134 0.913053 0.333236 0.834362 -0.013755 -0.551045 0.498549 -0.407609 0.765051
-19.858558 -176.886588 -958.282875 -8787.300685 0.425948 0.891123 0.156423 0.834569 -0.320228 -0.448272 0.349374 -0.321486 0.880105
-8.100166 -44.961404 -587.024033 -2590.721235 0.451319 0.891814 -0.031287 0.844612 -0.438221 -0.307561 0.287998 -0.112383 0.951014
0.132842 -4.092355 27.050255 -33.913709 -0.136921 0.958474 0.250160 0.598889 0.281255 -0.749819 0.789041 -0.047152 0.612529
0.958521 -4.312728 42.782713 -25.706024 -0.105119 0.968630 0.225179 0.606808 0.241870 -0.757155 0.787867 -0.057049 0.613198
0.453424 -3.809663 23.075705 -14.538474 -0.069614 0.980357 0.184539 0.666562 0.183343 -0.722551 0.742192 -0.072707 0.666232
0.673880 -4.676156 48.366378 -32.419889 -0.156012 0.949404 0.272568 0.535248 0.313178 -0.784493 0.830162 -0.023501 0.557026
-0.351898 -3.632381 13.657529 -46.567920 -0.131825 0.956760 0.259292 0.601500 0.285120 -0.746260 0.787921 -0.057589 0.613078
-0.151460 -4.631823 38.738096 -36.583517 -0.182964 0.936454 0.299297 0.513214 0.350641 -0.783366 0.838532 -0.010276 0.544756
-0.119401 -4.551447 -7.233930 -98.496280 -0.110660 0.993844 -0.005377 -0.046098 0.000272 0.998937 -0.992789 -0.110790 -0.045784
-0.292190 -4.174122 -4.439853 -62.965711 -0.098533 0.995131 -0.002485 -0.024804 0.000041 0.999692 -0.994825 -0.098565 -0.024680
-0.168268 -1.388798 3.616843 -200.266559 -0.067279 0.973729 -0.217543 -0.171108 0.203546 0.963997 -0.982952 -0.102081 -0.152918
0.030342 -1.663071 -5.140053 -247.347569 -0.092207 0.986104 -0.138193 -0.176030 0.120455 0.976987 -0.980057 -0.114411 -0.162477
-0.855665 -10.309875 -11.234257 8.414240 0.070535 0.993193 -0.092692 0.083573 -0.098480 -0.991623 0.994002 -0.062198 0.089951
-0.946591 -10.292764 -24.046445 16.345392 0.054370 0.994359 -0.091076 0.134128 -0.097657 -0.986140 0.989471 -0.041401 0.138681
-0.894793 -10.505813 -6.430238 32.567187 0.060128 0.994937 -0.080531 0.217778 -0.091809 -0.971671 0.974144 -0.040886 0.222196
1.246702 -8.096245 18.581212 65.070849 -0.057084 0.987701 -0.145564 0.998355 0.055688 -0.013654 -0.005380 -0.146104 -0.989255
0.989763 -7.615484 40.176351 20.730135 -0.034570 0.990866 -0.130341 0.996944 0.043332 0.064996 0.070051 -0.127696 -0.989337
0.815493 -8.400838 26.872059 54.000957 -0.029334 0.992338 -0.120018 0.998606 0.023823 -0.047105 -0.043885 -0.121233 -0.991654
1.231132 -8.941845 11.610256 -55.884963 -0.064358 0.987837 -0.141546 -0.984825 -0.039962 0.168887 -0.161176 -0.150267 -0.975419
1.141350 -9.236659 11.356706 -57.851019 -0.056991 0.990136 -0.127994 -0.977534 -0.029283 0.208732 -0.202925 -0.137014 -0.969561
0.724709 -14.032774 43.953037 -86.500688 0.040690 0.998549 0.035262 0.468768 0.012088 -0.883239 0.882384 -0.052469 0.467596
-0.269485 -15.300437 49.634653 -148.739572 0.062013 0.998074 0.001876 0.456890 -0.026717 -0.889122 0.887359 -0.055994 0.457667
0.295221 -15.681967 37.560017 -62.127951 0.063002 0.997948 -0.011413 0.278870 -0.028584 -0.959903 0.958260 -0.057293 0.280099
0.859708 -14.530847 52.427793 -76.728788 0.049496 0.998688 0.013145 0.271384 -0.000782 -0.962471 0.961198 -0.051206 0.271067
1.228325 -12.957770 8.443237 -38.876795 0.087159 0.993753 0.069704 0.417245 0.027121 -0.908389 0.904605 -0.108258 0.412274
0.409050 -22.748352 9.887704 -31.136060 0.158869 0.963831 -0.213989 -0.959732 0.201622 0.195607 -0.231677 -0.174296 -0.957051
0.133007 -20.462424 8.015746 204.554935 0.170345 0.961486 -0.215703 0.981114 -0.145135 0.127872 0.091641 -0.233412 -0.968050
0.252594 -20.827793 28.715206 192.039512 0.182318 0.964886 -0.189088 0.980968 -0.165438 0.101645 0.066793 -0.204021 -0.976685
0.467114 -22.907205 13.160512 -23.353041 0.172911 0.963975 -0.202122 -0.951688 0.216388 0.217866 -0.253754 -0.154686 -0.954820
0.552098 -23.109850 8.603839 76.642181 0.143624 0.969290 -0.199623 -0.850430 0.224043 0.475998 -0.506104 -0.101401 -0.856491
2.701522 -9.504021 -25.372056 -1.629698 0.427720 0.890644 -0.154300 -0.781263 0.278403 -0.558677 0.454625 -0.359507 -0.814906
2.587680 -10.092752 -7.523469 111.181450 0.429789 0.891302 -0.144436 -0.710099 0.234845 -0.663783 0.557711 -0.387850 -0.733846
2.832796 -9.783031 -12.788248 9.388208 0.417011 0.901618 -0.114834 -0.763515 0.278955 -0.582434 0.493100 -0.330559 -0.804726
1.024911 -10.699848 -10.865108 -36.344111 0.135710 0.986300 0.093787 0.828111 -0.060956 -0.557240 0.543888 -0.153289 0.825038
1.060013 -10.743898 -0.551653 -75.301966 0.109157 0.989439 0.095364 0.791305 -0.028432 -0.610761 0.601599 -0.142131 0.786052
1.054584 -11.189527 -8.926141 -78.147052 0.101478 0.988411 0.112902 0.727357 0.003711 -0.686249 0.678714 -0.151759 0.718551
0.832957 -9.642121 -31.473679 -39.294821 -0.071954 0.973702 -0.216165 -0.929440 0.013178 0.368738 -0.361889 -0.227445 -0.904049
1.165633 -9.175798 0.102586 -29.487288 -0.066857 0.982221 -0.175417 -0.971202 -0.023768 0.237068 -0.228684 -0.186215 -0.955525
1.117704 -10.112340 -10.884414 -36.693837 -0.086963 0.982344 -0.165645 -0.906289 -0.008977 0.422564 -0.413616 -0.186870 -0.891068
0.628340 -10.386456 -18.513558 -41.032703 -0.089666 0.977343 -0.191732 -0.838735 0.029717 0.543729 -0.537107 -0.209566 -0.817067
1.847568 -31.424289 -35.038059 -145.662933 0.195177 -0.921721 0.335167 0.919649 0.053243 -0.389116 0.340811 0.384183 0.858051
1.241454 -33.663734 80.728573 106.476984 -0.249833 0.908681 -0.334488 0.866463 0.055596 -0.496136 0.432233 0.413773 0.801228
2.846001 -31.896995 101.070302 386.292263 -0.211393 0.908935 -0.359373 0.699449 -0.116141 -0.705182 0.682703 0.400434 0.611203
0.357462 -29.663116 -46.222687 -392.901067 0.245880 -0.916037 0.316889 0.965716 0.203420 -0.161286 0.083283 0.345682 0.934649
0.729285 -29.177394 -67.836774 -696.825143 0.214326 -0.917934 0.333858 0.975502 0.218514 -0.025440 -0.049600 0.331132 0.942280
1.765829 -27.553731 -48.768562 -495.899490 0.168674 -0.926506 0.336356 0.985286 0.148943 -0.083827 0.027568 0.345547 0.937996
2.833523 -2.761665 -71.696212 0.417707 0.028261 0.976052 0.215693 0.099623 -0.217455 0.970973 -0.994624 0.005953 0.103382
3.538642 -2.142036 -45.930014 -6.871092 0.116530 0.963898 0.239420 0.077286 -0.249132 0.965381 -0.990176 0.093992 0.103527
3.604680 -2.684498 -59.307981 -20.452725 0.090857 0.980531 0.174079 0.122479 -0.184477 0.975175 -0.988303 0.067281 0.136856
2.749757 -3.316424 -77.798016 -31.466677 0.016622 0.988835 0.148082 0.139457 -0.148947 0.978962 -0.990089 -0.004379 0.140376
3.500314 -3.290684 -60.374191 -62.366499 0.080398 0.989220 0.122394 0.158377 -0.133910 0.978256 -0.984100 0.059266 0.167435
10.254190 -73.968370 346.969796 -3841.840148 -0.308103 0.863579 -0.399128 0.943013 0.332654 -0.008197 0.125693 -0.378909 -0.916859
10.687545 -104.437439 299.718088 -4651.111171 -0.355428 0.885898 -0.298085 0.915821 0.393843 0.078487 0.186930 -0.245096 -0.951307
-7.306131 -44.147898 521.398886 -1648.723247 0.712428 -0.387287 0.585197 0.697389 0.483513 -0.529021 0.078067 -0.785000 -0.614557
3.456001 -5.120905 268.556025 -188.514687 0.712436 -0.590586 0.379003 0.676006 0.722516 -0.144864 0.188281 -0.359415 -0.913987
-0.343993 -7.009274 40.042066 -262.697337 -0.491120 0.815473 -0.306276 0.864029 0.500717 -0.052308 0.110702 -0.290321 -0.950504
-15.346600 -587.846954 -604.595990 31560.374702 0.996917 0.000877 0.078458 0.059617 -0.658573 -0.750152 -0.051013 -0.752517 0.656595
-11.077583 -106.381538 -251.874410 4200.019867 0.993533 0.023605 -0.111059 -0.076302 -0.585532 -0.807050 0.084079 -0.810306 0.579945
-9.339737 -157.330915 32.299786 -828.156177 0.979320 -0.151945 -0.133589 -0.168609 -0.977877 -0.123807 0.111821 -0.143771 0.983273
-10.889175 -271.264058 -263.343581 -13034.917418 0.973121 -0.197665 -0.118170 -0.078919 -0.768283 0.635227 0.216349 0.608827 0.763232
-9.513547 -229.787984 -74.587560 -12103.137390 0.995880 -0.086974 -0.025662 -0.061923 -0.858989 0.508236 0.066247 0.504553 0.860836
-7.637166 -182.061164 -42.811049 -6674.963649 0.986024 -0.164301 0.027610 -0.160382 -0.980942 -0.109685 -0.045105 -0.103724 0.993583
2.321370 -27.580457 -91.147840 -907.249950 0.957637 -0.274229 -0.087919 0.032752 0.407029 -0.912828 -0.286109 -0.871278 -0.398768
2.119012 -36.657888 -51.819376 -1101.075095 0.944983 -0.319676 -0.069384 0.171931 0.665820 -0.726033 -0.278292 -0.674159 -0.684151
1.512527 -41.121686 -104.680384 -1507.932393 0.950152 -0.299450 -0.086835 0.110495 0.583836 -0.804317 -0.291550 -0.754629 -0.587821
0.850184 -28.851321 -100.046907 -1149.977265 0.959248 -0.250522 -0.130698 -0.055413 0.286776 -0.956394 -0.277079 -0.924661 -0.261207
-0.916012 -10.594332 -15.705455 -31.252546 0.158310 0.987154 0.021583 0.558129 -0.071433 -0.826674 0.814512 -0.142917 0.562267
-1.036062 -9.676662 -8.367790 15.068662 0.139448 0.989973 0.022518 0.665456 -0.076847 -0.742471 0.733296 -0.118521 0.669500
-0.872195 -10.203465 -9.692317 15.464256 0.156437 0.986907 0.039258 0.624611 -0.068062 -0.777965 0.765107 -0.146224 0.627080
-6.914504 -11.111751 40.294889 93.106475 -0.165554 0.979010 -0.118879 -0.328113 -0.168354 -0.929515 0.930018 0.114879 -0.349097
-9.074604 -11.466782 102.465539 145.946181 0.056055 0.968400 0.243023 -0.362569 0.246533 -0.898758 0.930270 0.037732 -0.364931
-5.768453 -9.457119 -22.629068 96.160170 -0.286016 0.903412 -0.319439 -0.402022 -0.415740 -0.815805 0.869812 0.104912 -0.482100
-5.429457 -10.089062 -68.344180 -55.814862 0.773642 -0.494720 0.395891 -0.204914 0.395882 0.895147 0.599573 0.773647 -0.204896
-5.311592 -9.648417 -62.940292 -42.635777 0.760782 -0.465811 0.451919 -0.154069 0.546794 0.822970 0.630455 0.695728 -0.344224
-4.858057 -9.938328 -19.415793 -47.763675 0.799425 -0.421400 0.428184 -0.246615 0.419724 0.873506 0.547814 0.803900 -0.231614
-5.408451 -10.433523 -50.328391 -31.941639 0.808302 -0.466153 0.359650 -0.281378 0.230732 0.931445 0.517179 0.854087 -0.055336
-6.302014 -10.565744 -52.767656 -46.924749 0.744598 -0.589830 0.312529 -0.202324 0.246751 0.947723 0.636112 0.768905 -0.064394
8.317118 -14.206819 -111.175749 55.961970 0.491315 0.869855 0.044284 0.052359 0.021255 -0.998402 0.869407 -0.492849 0.035102
6.191791 -14.789334 35.726555 231.343134 0.490362 0.861089 0.134428 -0.155740 0.238342 -0.958613 0.857490 -0.449132 -0.250980
9.003021 -17.246098 169.656913 174.353744 0.554826 0.823172 0.120650 0.007871 0.139818 -0.990146 0.831929 -0.550308 -0.071096
12.742102 -19.913072 269.624117 -125.511281 0.618056 0.774693 0.133635 0.220514 -0.007679 -0.975353 0.754573 -0.632291 0.175577
10.629121 -16.513417 45.806602 -232.059647 0.519742 0.853727 0.031929 0.289085 -0.140579 -0.946925 0.803927 -0.501387 0.319865
1.117785 -6.247497 -193.668793 22.379173 0.228486 0.949546 -0.214840 -0.751816 0.031894 -0.658602 0.618521 -0.312001 -0.721171
2.138210 -5.389186 -58.997226 3.731234 0.208021 0.970115 -0.124915 -0.788896 0.090905 -0.607765 0.578247 -0.224973 -0.784230
0.318007 -5.849723 -154.038090 28.947338 0.242286 0.952531 -0.184341 -0.811594 0.094875 -0.576466 0.531613 -0.289280 -0.796056
5.573170 -5.639046 147.390567 82.552210 0.444510 -0.752640 -0.485740 0.679548 -0.069972 0.730287 -0.583631 -0.654704 0.480352
-0.404228 -2.482516 71.725159 59.728802 0.004467 0.999578 0.028697 -0.711953 0.023331 -0.701839 0.702213 0.017296 -0.711757
-1.302900 -2.246308 59.109842 52.052795 0.118591 0.985997 0.117241 -0.705084 0.166758 -0.689237 0.699137 0.000927 -0.714987
-0.174735 -11.329665 -20.303353 41.952430 -0.160080 0.984259 0.074890 0.089117 -0.061148 0.994142 -0.983073 -0.165817 0.077925
-0.582938 -11.039030 -14.497366 12.315643 -0.149401 0.986312 0.069773 -0.084500 -0.083042 0.992957 -0.985160 -0.142453 -0.095749
-0.172062 -11.525130 -8.262666 18.994909 -0.144736 0.988028 0.053403 -0.102085 -0.068594 0.992408 -0.984190 -0.138186 -0.110791
1.090821 -18.961831 42.331513 187.613212 0.304845 0.941436 0.144114 -0.577437 0.303031 -0.758115 0.757388 -0.147891 -0.635997
0.835348 -15.451782 53.946969 125.958853 0.332768 0.924900 0.183917 -0.726130 0.375752 -0.575800 0.601664 -0.058060 -0.796636
2.214709 -19.647605 72.292243 247.559002 0.330858 0.931113 0.153498 -0.468612 0.303296 -0.829707 0.819107 -0.202585 -0.536679
-0.146602 -6.044791 12.072826 3.284574 -0.118689 0.992398 0.032544 0.992910 0.118405 0.010506 0.006573 0.033561 -0.999415
-1.223811 -3.598341 -20.088972 -35.015524 0.030734 0.999523 0.003115 -0.112992 0.006571 -0.993574 0.993121 -0.030184 -0.113140
-1.049990 -4.388347 -20.606353 -79.635288 0.019482 0.999433 -0.027456 -0.181199 -0.023477 -0.983166 0.983253 -0.024129 -0.180639
2.391750 -5.843228 99.124318 -2.705386 -0.139996 0.974748 -0.173974 -0.499948 -0.221249 -0.837317 0.854665 0.030243 -0.518298
0.743419 -5.699624 72.759611 -1.584424 -0.212687 0.948836 -0.233397 -0.499428 -0.310866 -0.808662 0.839843 0.055427 -0.539993
-0.765123 -24.755171 25.766579 -158.079647 0.062201 0.970667 0.232244 0.357904 -0.238912 0.902677 -0.931685 -0.026974 0.362266
-0.909662 -28.580039 30.014301 -78.314866 0.092983 0.963959 0.249272 0.868404 -0.200985 0.453298 -0.487061 -0.174320 0.855795
-0.798351 -26.145949 9.037372 -248.302256 0.071154 0.965706 0.249699 0.630050 -0.237585 0.739317 -0.773288 -0.104717 0.625348
6.922592 -76.766346 -108.066757 2314.648809 0.013901 0.964997 0.261894 0.805365 -0.166038 0.569050 -0.592616 -0.203010 0.779483
7.066028 -50.074999 216.407928 561.028426 0.042553 -0.963814 -0.263159 0.975631 -0.016662 0.218786 -0.215254 -0.266056 0.939617
4.531367 -63.348844 -156.955764 1500.732803 -0.093388 0.952207 0.290826 0.872010 -0.062745 0.485450 -0.480497 -0.298938 0.824475
5.661286 -65.271675 237.165213 2201.338186 0.057395 -0.953728 -0.295141 0.994735 0.029491 0.098145 -0.084900 -0.299221 0.950399
-2.122605 -9.774630 -1.635443 -46.952381 -0.475953 0.797844 -0.370019 -0.551779 -0.598518 -0.580790 0.684842 0.072260 -0.725100
-1.768518 -9.795535 -0.004990 -84.485552 -0.519407 0.779901 -0.349244 -0.535011 -0.615479 -0.578748 0.666318 0.113756 -0.736940
1.761440 -2.854071 154.035667 27.745750 0.303463 -0.173027 0.937001 0.233519 0.966890 0.102918 -0.923785 0.187576 0.333821
3.342379 -2.831310 150.355882 15.758808 0.276010 -0.143356 0.950404 0.180540 0.978947 0.095230 -0.944046 0.145302 0.296081
-2.407383 -5.396445 8.913609 5.160493 -0.010731 0.991618 0.128758 -0.882305 -0.069985 0.465446 -0.470556 0.108609 -0.875660
-2.072658 -5.179605 -49.203542 16.035388 -0.155944 0.978935 0.131784 -0.892393 -0.196823 0.406073 -0.423457 0.054279 -0.904289
-0.542357 -10.018972 -3.737191 -58.626009 -0.114989 0.993367 0.000158 -0.466293 -0.054117 0.882973 -0.877125 -0.101458 -0.469423
-0.720134 -10.481407 -13.400222 -25.094730 -0.136824 0.989987 0.034722 -0.280229 -0.072302 0.957206 -0.950132 -0.121238 -0.287316
-0.479199 -9.735464 8.036976 -50.788756 -0.093954 0.995575 0.001818 -0.399138 -0.039340 0.916047 -0.912065 -0.085340 -0.401068
-0.255231 -9.162471 8.518495 -46.605762 -0.079608 0.996310 -0.032079 -0.526325 -0.014682 0.850157 -0.846549 -0.084564 -0.525551
-0.264990 -9.283119 22.599647 -44.798083 -0.069534 0.997326 -0.022512 -0.429457 -0.009558 0.903037 -0.900406 -0.072460 -0.428973
3.160202 -53.809440 6.489368 -1765.640200 0.050049 0.994956 -0.086931 0.326250 -0.098552 -0.940132 0.943958 -0.018692 0.329537
3.807465 -49.322336 -14.933347 -2055.080525 0.062344 0.997460 -0.034453 0.657465 -0.067016 -0.750499 0.750901 -0.024138 0.659973
4.536941 -63.545767 -202.488777 -2170.963715 0.068842 0.983579 -0.166831 0.114443 -0.173910 -0.978089 0.991042 -0.048241 0.124536
-1.954934 -19.099767 -56.316374 -759.360502 0.982645 0.182958 -0.030576 0.177609 -0.975549 -0.129456 0.053513 -0.121779 0.991114
-2.723451 -21.171711 45.433747 -928.566214 0.969778 0.243945 -0.004696 0.243875 -0.969731 -0.012097 0.007505 -0.010587 0.999916
-1.969712 -28.737950 97.320493 -979.588276 0.981848 0.140634 -0.127263 0.095966 -0.947108 -0.306229 0.163598 -0.288458 0.943413
-2.442808 -9.546630 -126.138153 358.988650 0.903242 0.428491 0.023424 -0.427939 0.903456 -0.025198 -0.031959 0.012736 0.999408
-3.554171 -8.676443 -139.704907 387.934446 0.975861 0.216257 -0.030459 -0.215994 0.976324 0.011712 0.032271 -0.004850 0.999467
0.024953 -7.925811 11.118888 53.855230 -0.242527 0.969989 -0.017383 -0.822229 -0.215027 -0.526974 0.514897 0.113513 -0.849703
-0.377743 -7.965148 15.279762 19.743277 -0.217572 0.976044 -0.000756 -0.790209 -0.176601 -0.586841 0.572916 0.127083 -0.809702
-0.077593 -7.722840 2.015197 53.483577 -0.206026 0.978542 -0.003045 -0.883973 -0.187448 -0.428316 0.419696 0.085552 -0.903624
-3.041685 -8.063984 -19.669254 -136.406064 0.037146 -0.992562 -0.115936 0.998149 0.031261 0.052172 -0.048160 -0.117660 0.991886
-2.533104 -6.612093 4.167825 -155.402501 -0.044553 0.996226 0.074485 0.991798 0.035167 0.122882 -0.119799 -0.079349 0.989622
-3.281959 -5.918030 27.357135 -67.942779 -0.208049 0.975524 0.071193 0.965450 0.193133 0.174948 -0.156916 -0.105131 0.982000
-2.399844 -4.716605 52.403539 -47.167340 -0.407924 0.912766 -0.021367 0.887707 0.401980 0.224471 -0.213479 -0.072599 0.974246
-2.499424 -4.492471 86.026727 7.182907 -0.461128 0.887057 -0.022158 0.851469 0.449380 0.270292 -0.249721 -0.105772 0.962523
0.092155 -3.197812 3.243119 -2.309886 -0.013812 0.992048 0.125097 0.685288 0.100497 -0.721305 0.728141 -0.075764 0.681227
0.462264 -3.636082 14.226550 10.873596 0.001846 0.993699 0.112069 0.723385 0.076051 -0.686243 0.690442 -0.082336 0.718687
0.338464 -3.191550 -6.726797 22.361530 0.064514 0.997035 0.041931 0.710892 -0.016430 -0.703109 0.700336 -0.075169 0.709845
0.174965 -2.952388 -14.524304 10.172466 0.063466 0.996832 0.047929 0.678435 -0.007873 -0.734619 0.731914 -0.079140 0.676785
-0.233826 -3.128158 -3.434938 -21.018709 -0.049760 0.983089 0.176237 0.655451 0.165284 -0.736930 0.753597 -0.078845 0.652591
-0.463230 -4.297738 -9.966430 -47.512239 -0.099014 0.995068 0.006005 0.008190 -0.005219 0.999953 -0.995052 -0.099059 0.007633
-0.357150 -5.310277 -9.762861 23.889993 -0.096669 0.992768 0.071180 0.122836 -0.059068 0.990668 -0.987708 -0.104511 0.116238
-0.516703 -4.909786 -10.780946 16.807640 -0.091480 0.994169 0.057090 0.099903 -0.047879 0.993845 -0.990783 -0.096620 0.094940
-0.522324 -3.618525 -7.347666 -62.852458 -0.085320 0.996314 -0.008930 -0.007226 0.008343 0.999939 -0.996327 -0.085379 -0.006488
-0.918101 -9.560969 -21.542433 54.942516 0.062987 0.991088 -0.117380 -0.064672 -0.113313 -0.991452 0.995917 -0.070040 -0.056959
-0.999483 -9.452631 -13.096017 51.516335 0.036252 0.991816 -0.122424 -0.032556 -0.121268 -0.992086 0.998812 -0.039951 -0.027893
-0.850376 -8.754311 -0.592798 80.766686 0.029714 0.987443 -0.155157 -0.202364 -0.146068 -0.968356 0.978859 -0.060172 -0.195483
-1.069680 -10.023281 -19.421386 19.435758 0.035141 0.994758 -0.096025 0.153077 -0.100309 -0.983110 0.987589 -0.019849 0.155800
-0.869165 -8.419482 9.642202 77.556037 0.011224 0.983161 -0.182398 -0.194920 -0.176759 -0.964760 0.980755 -0.046382 -0.189654
-1.013900 -9.153773 -6.728435 49.412655 0.019176 0.989181 -0.145442 -0.018490 -0.145093 -0.989245 0.999645 -0.021659 -0.015507
1.206740 -7.178649 31.682940 -21.453061 -0.037029 0.987964 -0.150190 -0.981978 -0.063847 -0.177885 0.185333 -0.140896 -0.972523
0.566063 -7.219351 45.550042 -11.843564 -0.017545 0.993180 -0.115264 -0.983695 -0.037784 -0.175831 0.178987 -0.110299 -0.977649
0.645558 -7.066232 36.558377 -4.847197 -0.004509 0.992339 -0.123461 -0.953253 -0.041568 -0.299301 0.302140 -0.116340 -0.946138
1.423443 -7.696549 31.438464 35.352996 -0.049496 0.987396 -0.150333 0.996605 0.058742 0.057692 0.065796 -0.146967 -0.986951
1.471678 -7.683466 8.206376 31.985089 -0.044983 0.982315 -0.181750 0.994011 0.062150 0.089885 0.099591 -0.176619 -0.979228
1.279025 -6.619907 27.743127 -19.768765 -0.041741 0.985743 -0.163000 -0.949664 -0.089839 -0.300113 0.310478 -0.142268 -0.939874
1.518962 -6.984039 9.248753 -30.068335 -0.047446 0.980022 -0.193145 -0.968078 -0.092759 -0.232853 0.246117 -0.175931 -0.953139
-1.921106 -18.152812 67.746490 -159.483850 0.097257 0.993058 -0.066159 0.336998 -0.095406 -0.936659 0.936469 -0.068801 0.343937
-0.570181 -15.288357 33.398487 -324.880493 0.092616 0.995670 0.007946 0.652959 -0.054708 -0.755415 0.751709 -0.075152 0.655199
-2.285700 -17.729075 73.531267 -338.404932 0.120216 0.989220 -0.083622 0.546595 -0.136270 -0.826235 0.828723 -0.053619 0.557084
0.442130 -11.759323 15.000975 -245.988473 0.067560 0.995707 0.063266 0.773731 -0.012253 -0.633396 0.629902 -0.091744 0.771237
0.134100 -10.866098 0.277490 -244.185729 0.089500 0.994844 0.047697 0.815329 -0.045677 -0.577194 0.572039 -0.090547 0.815213
-0.875017 -13.208087 49.389779 -380.176777 0.113081 0.992988 -0.034460 0.766511 -0.109253 -0.632870 0.632197 -0.045152 0.773491
0.077320 -16.923968 -12.430243 -328.572634 0.188730 0.955945 -0.224834 -0.899228 0.076213 -0.430791 0.394677 -0.283480 -0.873996
0.063382 -19.379561 -28.793283 239.049259 0.161921 0.957486 -0.238752 0.974109 -0.116406 0.193806 0.157774 -0.263952 -0.951544
-0.519013 -19.883327 -40.416741 158.595460 0.145352 0.963566 -0.224530 0.988501 -0.131868 0.074010 0.041705 -0.232706 -0.971653
-0.412549 -16.764178 -30.353501 -308.146236 0.175375 0.958660 -0.224087 -0.924055 0.081759 -0.373414 0.339656 -0.272556 -0.900193
0.033006 -15.733079 -40.134086 -337.723958 0.197437 0.952022 -0.233823 -0.877930 0.065586 -0.474276 0.436186 -0.298920 -0.848757
2.395517 -10.268327 13.436051 110.984400 0.361217 0.928637 -0.084594 -0.670615 0.195671 -0.715533 0.647918 -0.315193 -0.693438
2.082453 -13.072356 35.973485 265.686801 0.317357 0.941449 -0.113832 -0.587229 0.100846 -0.803114 0.744612 -0.321719 -0.584851
1.751848 -9.818266 33.973210 96.362473 0.339343 0.939337 -0.049926 -0.652608 0.196871 -0.731673 0.677458 -0.280870 -0.679826
2.689827 -13.910093 -8.181928 261.454225 0.376146 0.913831 -0.153056 -0.585492 0.106392 -0.803666 0.718131 -0.391909 -0.575060
2.075735 -9.195067 34.704290 -37.425081 0.362570 0.931806 -0.016752 -0.714917 0.266557 -0.646407 0.597860 -0.246344 -0.762809
2.644313 -9.183650 19.601583 27.241743 0.390123 0.919280 -0.052233 -0.736955 0.277733 -0.616248 0.551997 -0.278906 -0.785818
2.749337 -10.793701 -2.398010 131.724647 0.399357 0.908919 -0.119920 -0.686034 0.209499 -0.696755 0.608170 -0.360523 -0.707214
2.835154 -13.927095 3.116464 267.766312 0.402738 0.900354 -0.164817 -0.601935 0.124870 -0.788721 0.689548 -0.416857 -0.592245
0.933381 -9.279343 8.963299 -8.921059 0.122973 0.990420 0.062815 0.850252 -0.072504 -0.521358 0.511809 -0.117521 0.851023
0.866683 -10.466376 22.764650 -131.528330 0.068910 0.994949 0.072995 0.780816 -0.008247 -0.624706 0.620949 -0.100044 0.777440
1.102896 -11.025085 7.454496 -31.276410 -0.098939 0.989396 -0.106329 -0.851839 -0.028977 0.523001 -0.514374 -0.142320 -0.845674
1.193611 -10.545661 -8.587692 -44.398559 -0.100377 0.984954 -0.140680 -0.877864 -0.021127 0.478445 -0.468274 -0.171523 -0.866776
1.310200 -9.795089 11.171470 -40.100780 -0.078983 0.988491 -0.129025 -0.938574 -0.030124 0.343761 -0.335918 -0.148251 -0.930151
0.892402 -10.091290 1.964035 -60.362095 -0.066657 0.990450 -0.120689 -0.944098 -0.023469 0.328828 -0.322855 -0.135861 -0.936646
3.570104 -1.275007 -30.259696 -41.536194 0.146984 0.951997 0.268508 0.037845 -0.276671 0.960219 -0.988415 0.130975 0.076695
3.414201 -1.115056 23.773382 -33.714017 0.223614 0.956416 0.187792 0.064822 -0.206837 0.976226 -0.972520 0.206125 0.108249
3.117150 -0.356142 26.833409 -52.968005 0.236585 0.958816 0.157163 0.039511 -0.171115 0.984458 -0.970807 0.226698 0.078367
3.052853 -1.876964 -62.069294 -40.087885 0.054668 0.952958 0.298132 0.034979 -0.300223 0.953227 -0.997892 0.041682 0.049746
3.162219 -0.536659 -36.528660 -100.502038 0.120309 0.931608 0.342975 -0.007461 -0.344626 0.938710 -0.992708 0.115495 0.034511
-0.845474 -17.120730 -0.195694 262.035931 -0.281417 0.923817 -0.259552 0.681728 0.382833 0.623446 -0.675315 0.001495 0.737528
-1.012958 -15.744972 21.783972 77.169317 -0.243815 0.936595 -0.251684 0.798532 0.341147 0.495950 -0.550365 0.080058 0.831077
-1.028461 -16.301506 10.199152 -45.194401 -0.258875 0.929828 -0.261541 0.816817 0.355262 0.454531 -0.515551 0.095965 0.851468
17.953160 -241.656823 321.128090 -12784.613438 -0.504305 0.830074 -0.238020 0.847170 0.422193 -0.322578 -0.167274 -0.364321 -0.916128
9.598054 -189.246733 330.207358 10736.329735 -0.390635 0.911835 -0.126339 -0.678065 -0.377839 -0.630448 0.622601 0.160609 -0.765881
24.496402 -59.878662 -1540.975219 2109.859499 -0.347790 -0.537991 -0.767859 -0.393549 0.827112 -0.401253 0.850977 0.162639 -0.499387
-0.014701 -4.955031 -11.849620 -99.185308 -0.117858 0.992995 0.008416 -0.043743 -0.013658 0.998949 -0.992067 -0.117366 -0.045046
0.145683 -4.705275 -6.512712 -130.818300 -0.110977 0.992958 0.041454 -0.055310 -0.047818 0.997324 -0.992283 -0.108387 -0.060228
0.038076 -6.284595 -1.027073 -12.752867 -0.103434 0.993012 0.056829 0.098627 -0.046614 0.994032 -0.989734 -0.108421 0.093116
0.169330 -1.482201 -10.559327 -254.154125 -0.109132 0.993522 -0.031704 -0.172851 0.012441 0.984869 -0.978883 -0.112961 -0.170373
-6.944012 -103.431371 -154.792274 5733.800885 0.997743 -0.007983 0.066665 0.060195 -0.333440 -0.940848 -0.029740 -0.942737 0.332207
-8.100340 -61.417161 -79.835366 2949.617570 0.992139 0.046891 -0.116025 -0.104849 -0.194675 -0.975248 0.068318 -0.979746 0.188228
2.531437 -37.702631 12.579322 -1305.731409 0.959545 -0.281287 0.012294 0.176276 0.566131 -0.805247 -0.219545 -0.774838 -0.592812
1.209931 -11.531531 -20.163481 -15.877861 0.161738 0.983661 0.079067 0.353158 0.017120 -0.935407 0.921477 -0.179214 0.344618
0.743337 -11.372275 -12.236944 14.519243 0.171834 0.981768 0.081264 0.405889 0.004607 -0.913911 0.897623 -0.190025 0.397697
0.988652 -11.368273 -22.300770 57.797164 0.158295 0.982159 0.101521 0.479551 0.013404 -0.877412 0.863118 -0.187574 0.468874
1.242527 -12.126421 -15.035606 11.440921 0.124170 0.987853 0.093428 0.444405 0.028821 -0.895362 0.887179 -0.152697 0.435428
-9.364077 -12.000860 96.134387 90.918455 -0.027474 0.972265 0.232263 -0.242827 0.218900 -0.945049 0.969680 0.082364 -0.230078
-6.535300 -10.594940 -40.518470 80.511534 -0.270995 0.944944 -0.183421 -0.279427 -0.259571 -0.924415 0.921131 0.199259 -0.334385
-8.193999 -11.630117 52.407694 33.263039 -0.185482 0.982426 -0.020871 -0.137323 -0.046946 -0.989413 0.973005 0.180652 -0.143618
-4.571648 -9.223688 -5.219566 -30.564713 0.793115 -0.392821 0.465467 -0.186872 0.570424 0.799810 0.579696 0.721324 -0.379005
8.789860 -12.634220 -62.026304 93.329513 0.535444 0.725857 0.431778 0.796697 -0.603774 0.027021 0.280310 0.329528 -0.901575
7.489047 -13.090336 -118.294501 10.796213 0.531932 0.800441 0.276303 0.826530 -0.561733 0.036107 0.184110 0.209167 -0.960392
7.614715 -11.815691 -107.264845 -41.561075 0.513799 0.783033 0.350528 -0.770149 0.601005 -0.213690 0.377995 0.160165 -0.911848
6.921948 -10.633233 -157.588885 -54.161271 0.484644 0.826814 0.285479 -0.703337 0.562388 -0.434784 0.520035 -0.009927 -0.854087
8.494046 -9.210876 -90.680014 -51.801552 0.434727 0.789178 0.433833 -0.700601 0.599052 -0.387679 0.565836 0.135409 -0.813323
8.129043 -10.284044 -2.958213 -58.432524 0.464227 0.715308 0.522329 -0.757818 0.626039 -0.183812 0.458481 0.310500 -0.832697
6.666721 -12.098318 399.700281 -219.714352 -0.658819 0.659601 -0.361780 0.677791 0.729092 0.094997 0.326431 -0.182625 -0.927411
1.586508 -10.534980 126.296629 218.798807 -0.495750 0.804980 -0.325943 -0.819172 -0.558073 -0.132334 0.288426 -0.201398 -0.936082
8.298566 -10.237278 564.926088 -272.124563 -0.604414 0.732475 -0.313311 0.777424 0.628208 -0.031087 0.174054 -0.262365 -0.949142
-1.536277 -7.815749 -54.092518 19.065817 -0.340778 0.682660 0.646410 0.566780 -0.399392 0.720587 -0.750087 -0.611933 0.250815
