11964
23914
-4.275823 -5.873626 13.146228 -81.761861 0.743330 0.012608 -0.668806 -0.529020 0.622981 -0.576223 -0.409388 -0.782136 -0.469750
-5.017996 -6.476714 -26.016058 53.121044 0.561390 0.091041 -0.822529 0.618597 -0.706393 0.344016 -0.549709 -0.701940 -0.452880
-4.225927 -6.727657 17.796250 -54.520501 0.746251 -0.030773 -0.664952 -0.415422 0.759002 -0.501338 -0.520128 -0.650360 -0.553623
-3.761784 -5.113126 -10.602445 34.850416 0.099085 0.414410 -0.904680 0.891601 -0.440669 -0.104207 -0.441849 -0.796288 -0.413152
-2.927700 -7.010351 57.808058 -103.890940 0.818437 0.049348 -0.572474 -0.448528 0.677595 -0.582828 -0.359143 -0.733778 -0.576703
-3.219397 -5.076063 38.436698 -95.938497 0.776813 0.100090 -0.621726 -0.566651 0.541795 -0.620778 -0.274715 -0.834530 -0.477589
-3.166849 -4.207045 -9.787394 34.347485 0.108119 0.435166 -0.893835 0.944024 -0.326804 -0.044915 -0.311655 -0.838945 -0.446141
-0.126851 -4.099700 7.571391 8.296818 0.351550 0.288101 -0.890736 -0.116490 0.957536 0.263732 0.928893 0.011047 0.370183
0.004980 -3.730986 7.077823 16.611183 0.350550 0.289128 -0.890797 -0.234047 0.948019 0.215597 0.906828 0.132911 0.399997
-0.128044 -3.941571 1.036065 8.902112 0.373869 0.258201 -0.890817 -0.149071 0.964710 0.217055 0.915423 0.051645 0.399165
0.094521 -3.746132 4.907787 18.453376 0.348192 0.320642 -0.880881 -0.231880 0.939941 0.250483 0.908292 0.117042 0.401630
-0.016401 -4.126256 3.859346 6.040578 0.359480 0.305618 -0.881687 -0.077690 0.951369 0.298096 0.929913 -0.038661 0.365742
0.179351 -1.604596 32.594230 -13.281494 0.887856 0.217423 -0.405510 -0.458699 0.349036 -0.817171 0.036135 -0.911538 -0.409626
-0.415897 -1.869888 28.294243 -19.320164 0.881100 0.220567 -0.418346 -0.472267 0.363491 -0.803018 0.025054 -0.905110 -0.424438
0.480940 -2.025174 33.838435 -11.147898 0.868282 0.235799 -0.436446 -0.495972 0.395054 -0.773269 0.009917 -0.887880 -0.459968
1.042186 -1.746386 21.467183 -5.709839 0.877171 0.190319 -0.440851 -0.480176 0.350327 -0.804178 -0.001391 -0.917088 -0.398683
0.760737 -2.172158 24.600682 -8.568508 0.849077 0.244201 -0.468439 -0.527647 0.435088 -0.729580 -0.025647 -0.866640 -0.498275
1.198204 -1.877432 18.336587 -3.285163 0.872283 0.188586 -0.451175 -0.487194 0.414430 -0.768693 -0.042016 -0.890327 -0.453378
-0.317260 -4.433974 -1.016854 1.809541 0.570373 0.136371 -0.809986 0.347461 0.853487 0.388369 0.744275 -0.502954 0.439422
-0.238921 -4.690572 0.144830 -15.936400 0.571394 0.153128 -0.806263 0.283409 0.885180 0.368966 0.770187 -0.439328 0.462388
-0.292196 -4.451116 -3.279717 -4.699112 0.567760 0.119822 -0.814427 0.378252 0.840749 0.387385 0.731146 -0.528000 0.432021
0.961943 -5.868403 2.032281 9.918312 0.687609 0.361540 -0.629668 -0.401507 -0.533230 -0.744620 0.604968 -0.764823 0.221493
0.919459 -5.793005 6.517098 18.374409 0.656580 0.342342 -0.672090 -0.390316 -0.608261 -0.691138 0.645412 -0.716115 0.265750
0.738725 -5.535018 7.782546 -25.858069 0.664973 0.402519 -0.629118 -0.403136 -0.515650 -0.756033 0.628723 -0.756362 0.180623
0.754692 -5.765674 3.914779 -27.184273 0.691022 0.402513 -0.600393 -0.433061 -0.434499 -0.789727 0.578745 -0.805726 0.125936
0.608040 -5.956216 2.705643 -32.451774 0.665279 0.404799 -0.627329 -0.515646 -0.358522 -0.778185 0.539920 -0.841189 0.029784
-0.278884 -11.795479 1.920496 41.392893 0.742799 0.269838 -0.612729 -0.581617 0.713373 -0.390923 -0.331619 -0.646751 -0.686835
-0.471409 -11.715642 2.170022 -64.099822 0.748850 0.259663 -0.609753 -0.647232 0.484402 -0.588596 -0.142529 -0.835422 -0.530807
-0.204635 -11.687278 -4.972505 22.808376 0.758449 0.238259 -0.606620 -0.561939 0.710537 -0.423512 -0.330120 -0.662095 -0.672793
-0.322506 -11.676629 -8.492665 -62.155679 0.759659 0.216446 -0.613245 -0.625072 0.503229 -0.596695 -0.179450 -0.836607 -0.517577
-0.000292 -11.083864 7.973725 116.308272 -0.747454 -0.246843 0.616751 -0.455162 0.866534 -0.204807 -0.483881 -0.433806 -0.760048
0.215839 -11.201592 -6.898312 95.731123 0.771913 0.220863 -0.596129 -0.444907 0.857487 -0.258405 -0.454101 -0.464688 -0.760169
-0.010925 -11.800207 -17.294796 -21.923282 0.766946 0.189349 -0.613140 -0.566640 0.648277 -0.508582 -0.301185 -0.737485 -0.604486
1.370061 -6.094548 9.553896 22.584001 -0.778270 -0.303664 0.549621 -0.194208 0.948780 0.249197 -0.597142 0.087202 -0.797382
1.632661 -6.304987 3.078981 29.997046 -0.809141 -0.295234 0.508063 -0.179743 0.947530 0.264348 -0.559450 0.122574 -0.819751
1.451129 -5.913378 8.165710 -18.545622 -0.765495 -0.336570 0.548396 -0.133529 0.916826 0.376298 -0.629435 0.214828 -0.746767
1.671408 -8.662879 12.988545 111.192327 -0.813245 -0.236161 0.531846 -0.214980 0.971221 0.102537 -0.540755 -0.030948 -0.840610
0.957197 -5.480940 6.043312 5.567081 -0.751949 -0.317750 0.577588 -0.223689 0.947170 0.229854 -0.620110 0.043639 -0.783300
1.192579 -7.128121 6.918475 83.224672 -0.786814 -0.259989 0.559758 -0.219380 0.965530 0.140088 -0.576885 -0.012577 -0.816729
1.041045 -5.722021 12.130182 -39.068969 -0.735186 -0.347654 0.581927 -0.177172 0.927177 0.330080 -0.654303 0.139569 -0.743242
0.574427 -3.725056 12.472254 8.532688 -0.807637 0.006708 0.589642 -0.062488 0.993332 -0.096890 -0.586360 -0.115097 -0.801832
0.487947 -3.939583 17.157661 12.905991 -0.804241 0.016301 0.594080 -0.114576 0.976618 -0.181906 -0.583154 -0.214364 -0.783569
1.074464 -3.860572 20.663995 2.348045 -0.825124 0.038105 0.563666 -0.048522 0.989256 -0.137906 -0.562865 -0.141139 -0.814410
0.967939 -3.943088 19.315344 12.102683 -0.829422 0.049223 0.556450 -0.081248 0.974889 -0.207342 -0.552683 -0.217185 -0.804594
0.995268 -3.738088 20.300189 -6.786826 -0.818434 0.001843 0.574598 -0.027026 0.998765 -0.041698 -0.573965 -0.049656 -0.817373
1.698977 -6.572300 3.029271 52.124576 -0.830080 -0.292304 0.474895 -0.199161 0.950842 0.237136 -0.520866 0.102261 -0.847491
-0.476318 -8.950336 -10.447230 10.337381 0.834435 0.293926 -0.466183 0.442988 -0.860936 0.250102 0.327842 0.415207 0.848600
-0.380984 -8.753002 -10.259727 6.750709 0.817761 0.315435 -0.481422 0.530102 -0.738581 0.416522 0.224184 0.595818 0.771196
-0.197530 -9.412583 -17.980894 13.030155 0.840022 0.304196 -0.449252 0.467035 -0.826832 0.313412 0.276117 0.473089 0.836628
-0.666459 -10.288616 -11.253479 49.054405 0.696939 0.315315 -0.644091 0.543662 0.353397 0.761276 -0.467662 0.880731 -0.074872
-1.007890 -9.509670 -10.865973 36.786882 0.691150 0.300000 -0.657504 0.639597 0.169685 0.749749 -0.336493 0.938726 0.074601
-0.949230 -10.541975 -12.028186 41.701403 0.689946 0.282669 -0.666387 0.556335 0.381901 0.737999 -0.463104 0.879915 -0.106233
-0.625414 -10.464858 -11.269547 -1.059166 0.699141 0.298629 -0.649633 0.384098 0.609482 0.693542 -0.603052 0.734406 -0.311411
-0.207440 -10.116277 -13.802304 4.285314 0.701769 0.337748 -0.627253 0.412538 0.525162 0.744323 -0.580803 0.781109 -0.229208
0.030622 -14.025385 17.730869 8.390856 0.785431 0.160534 -0.597769 -0.615310 0.097928 -0.782179 0.067028 -0.982160 -0.175694
1.149802 -15.087325 48.520382 82.780072 0.805132 0.152038 -0.573278 -0.592564 0.247152 -0.766671 -0.025124 -0.956975 -0.289082
1.199590 -14.862888 33.111231 31.104810 0.769615 0.127630 -0.625622 -0.616150 -0.108564 -0.780111 0.167486 -0.985862 0.004913
0.048745 -13.812398 41.454333 -11.335538 0.818755 0.190780 -0.541519 -0.567226 0.414752 -0.711503 -0.088855 -0.889710 -0.447795
0.269305 -13.202397 12.451177 9.860859 0.747665 0.135402 -0.650126 -0.615039 -0.228027 -0.754805 0.250448 -0.964194 0.087211
-0.334457 -12.830010 9.378430 -25.810691 0.754355 0.153882 -0.638176 -0.646801 0.008015 -0.762617 0.112238 -0.988057 -0.105577
-0.699225 -14.017684 9.640121 -85.014145 0.781727 0.171066 -0.599699 -0.621328 0.296020 -0.725482 -0.053417 -0.939739 -0.337695
0.376496 -25.895296 8.653326 182.334710 0.334909 -0.197970 -0.921219 0.780566 0.605917 0.153564 0.527781 -0.770502 0.357455
0.352887 -21.381670 8.894526 -39.815920 0.321962 -0.233067 -0.917616 0.555242 0.831527 -0.016385 0.766842 -0.504224 0.397129
0.255949 -20.446398 1.585421 74.099658 0.323311 -0.225914 -0.918930 0.739052 0.666758 0.096105 0.590993 -0.710209 0.382532
0.479781 -22.265291 0.780104 179.903917 0.340078 -0.211690 -0.916261 0.885160 0.401068 0.235874 0.317551 -0.891253 0.323774
-1.376863 -3.014714 -24.299966 1.995906 0.798032 -0.566643 -0.205089 -0.136391 -0.501337 0.854434 0.586978 0.653894 0.477368
-0.371042 -3.066572 -32.259137 8.470431 0.755062 -0.655048 0.028171 -0.326431 -0.338314 0.882602 0.568616 0.675615 0.469276
-1.583156 -2.847232 -24.121899 4.436758 0.802777 -0.565698 -0.188508 -0.193098 -0.545740 0.815402 0.564148 0.618186 0.547343
-0.663297 -2.757210 -28.937055 6.770023 0.742931 -0.667764 0.046307 -0.403172 -0.391186 0.827300 0.534327 0.633297 0.559848
-19.126724 -34.956324 -308.075950 -725.728836 0.725693 -0.033997 -0.687178 0.128849 0.987823 0.087201 0.675845 -0.151823 0.721237
-13.651833 -61.059114 -209.503502 -1624.072185 -0.008221 0.859230 0.511524 0.725078 0.357390 -0.588671 0.688617 -0.366055 0.625947
-21.298357 -35.065642 142.409418 -687.915555 0.370505 -0.615459 -0.695655 0.311617 0.787915 -0.531116 0.874998 -0.019997 0.483714
-10.707905 -26.337659 -196.568962 -454.002310 0.036030 0.854413 0.518344 0.303063 0.484913 -0.820373 0.952289 -0.186649 0.241470
-24.603065 -50.535370 -547.111749 -1285.528605 0.495275 0.346407 -0.796683 -0.421178 0.897822 0.128549 0.759810 0.271879 0.590568
-20.512509 -32.897916 -27.690364 -327.903637 0.283262 -0.241087 -0.928246 -0.336703 0.881277 -0.331635 0.897995 0.406482 0.168458
-15.842110 -24.148793 -282.149607 25.655937 -0.127256 0.754078 0.644338 -0.056437 0.643063 -0.763731 0.990263 0.133554 0.039276
-0.542800 -3.971347 -2.066023 -30.372299 0.645093 0.078294 -0.760082 0.701203 -0.455886 0.548162 -0.303593 -0.886588 -0.348989
-0.401569 -4.391543 -3.375107 -22.543233 0.577057 0.106067 -0.809787 0.788732 -0.329655 0.518874 -0.211915 -0.938124 -0.273888
-0.423871 -3.413507 -1.726282 -34.621259 0.644126 0.066817 -0.761996 0.690746 -0.478744 0.541918 -0.328591 -0.875408 -0.354525
-0.599187 -5.942014 45.619300 3.354268 0.408097 0.143544 -0.901583 -0.617575 0.770716 -0.156834 0.672352 0.620799 0.403177
-1.476742 -5.792763 23.023568 -3.030166 0.449775 0.179365 -0.874946 -0.590529 0.794664 -0.140660 0.670058 0.579947 0.463340
-1.381576 -6.103301 25.654039 -3.867392 0.408907 0.206394 -0.888930 -0.494542 0.868771 -0.025775 0.766957 0.450153 0.457318
-2.226029 -5.899300 18.458350 -3.953918 0.463706 0.217538 -0.858868 -0.501865 0.863364 -0.052282 0.730143 0.455279 0.509522
-0.120078 -6.396240 44.091182 3.351510 0.377313 0.194420 -0.905448 -0.520781 0.853019 -0.033854 0.765782 0.484314 0.423105
-0.976789 -6.416881 35.577499 11.518608 0.365498 0.262699 -0.892973 -0.393228 0.913115 0.107675 0.843673 0.311787 0.437042
-2.041927 -6.116241 20.897471 6.775191 0.413002 0.270521 -0.869625 -0.387373 0.916364 0.101090 0.824240 0.295119 0.483252
-0.180734 -3.434922 -12.549619 -21.246464 -0.504148 0.066513 0.861052 0.697054 0.619955 0.360238 -0.509853 0.781813 -0.358912
0.260931 -3.490472 -13.799103 -13.492854 -0.529589 0.050618 0.846743 0.677754 0.625511 0.386504 -0.510083 0.778571 -0.365571
-0.023679 -2.991457 -16.423520 -13.248691 -0.554291 0.023893 0.831980 0.611226 0.690164 0.387398 -0.564946 0.723259 -0.397156
-0.377647 -2.487436 15.402334 -5.866570 0.599714 0.048204 -0.798761 0.520308 0.734884 0.435000 -0.607966 0.676477 -0.415639
-0.494705 -2.814996 -12.788689 -18.190884 -0.522289 0.036200 0.852000 0.634348 0.684215 0.359794 -0.569926 0.728381 -0.380322
-0.863562 -15.997281 -0.908101 339.697791 0.628931 0.303578 -0.715742 0.697308 0.186857 0.691987 0.343813 -0.934305 -0.094167
-0.869648 -7.411597 -4.883874 -128.265410 0.696361 0.315645 -0.644554 -0.586353 -0.267660 -0.764557 0.413850 -0.910344 0.001309
-1.170006 -7.448959 -4.091308 -120.405542 0.771565 0.329185 -0.544358 -0.463809 -0.294570 -0.835529 0.435395 -0.897143 0.074601
-0.977546 -6.241542 -1.327085 -40.003452 0.857047 0.377628 -0.350524 -0.243068 -0.303518 -0.921301 0.454299 -0.874799 0.168340
-0.932922 -10.753418 -2.442280 -204.829271 0.721559 0.309748 -0.619200 -0.548532 -0.289943 -0.784249 0.422452 -0.905533 0.039304
0.037221 -5.877399 5.825301 -12.882896 0.413570 0.392553 -0.821500 0.204114 0.839337 0.503835 0.887298 -0.376051 0.266999
-0.211674 -6.080634 0.039303 -10.695042 0.420955 0.382156 -0.822651 0.055727 0.894312 0.443961 0.905368 -0.232731 0.355169
-0.239601 -5.973002 1.140688 -9.679089 0.420861 0.398079 -0.815113 0.096430 0.873843 0.476550 0.901985 -0.279163 0.329379
0.010711 -6.173284 6.969486 -12.894291 0.408068 0.367840 -0.835568 0.072734 0.899230 0.431387 0.910050 -0.236809 0.340193
0.215931 -6.209319 13.256479 -13.921750 0.391017 0.370847 -0.842365 0.160156 0.873854 0.459052 0.906342 -0.314407 0.282299
0.116765 -5.486221 6.615381 -14.846923 0.417574 0.410577 -0.810591 0.344299 0.754072 0.559315 0.840886 -0.512641 0.173520
0.395282 -5.920870 11.862162 -14.777235 0.402773 0.384768 -0.830498 0.322247 0.789648 0.522124 0.856698 -0.477923 0.194058
1.560501 -8.520963 -17.308375 -61.027390 0.672909 0.483711 -0.559657 -0.575664 0.817559 0.014461 0.464548 0.312444 0.828598
1.925827 -7.694794 -21.092235 -39.373117 0.668698 0.509650 -0.541388 -0.489137 0.849915 0.195930 0.559989 0.133795 0.817625
1.358080 -8.344577 -25.682160 -48.016501 0.710675 0.479107 -0.515167 -0.525000 0.848618 0.064977 0.468311 0.224285 0.854623
1.936987 -7.797914 -6.198468 -72.765519 0.620837 0.500654 -0.603247 -0.533330 0.833724 0.143052 0.574561 0.232917 0.784620
0.953534 -9.260259 -17.085611 24.616408 0.710523 0.461321 -0.531357 0.606236 -0.784689 0.129388 0.357260 0.414061 0.837209
-0.060446 -13.430248 -13.115951 -74.780044 -0.695691 -0.077205 0.714180 0.716040 -0.154034 0.680852 0.057443 0.985045 0.162442
0.078741 -13.959742 4.220111 -35.939443 -0.701493 -0.135392 0.699697 0.707355 -0.252019 0.660405 0.086924 0.958204 0.272560
0.071856 -12.940068 0.085128 -59.173970 0.718965 0.109598 -0.686351 0.676232 0.117905 0.727193 -0.160623 0.986958 -0.010656
-0.193882 -12.323325 9.420176 -72.797099 0.706361 0.085283 -0.702696 0.694088 0.111364 0.711224 -0.138910 0.990114 -0.019469
0.011399 -3.065799 -0.205842 -13.035483 -0.567488 -0.052157 0.821728 0.601588 -0.707666 0.370542 0.562182 0.704620 0.432969
0.035592 -3.287595 1.693511 -12.808803 -0.566662 -0.071641 0.820830 0.626262 -0.684826 0.372571 0.535434 0.725177 0.432931
0.125185 -2.946717 0.360896 -2.588593 0.612294 0.001103 -0.790629 0.607618 -0.640476 0.469670 0.505862 0.767977 0.392830
0.136353 -2.799154 -2.813643 -2.742089 0.616265 -0.012942 -0.787432 0.583769 -0.663623 0.467780 0.528613 0.747955 0.401413
0.066054 -2.910298 -2.716736 -11.470049 0.583440 0.032853 -0.811491 0.573177 -0.724541 0.382765 0.575384 0.688449 0.441557
-1.090775 -8.285974 25.360924 26.494212 0.641608 0.226224 -0.732913 0.640220 0.368302 0.674145 -0.422442 0.901763 -0.091472
-0.419230 -8.708161 17.792734 7.066240 0.639257 0.224481 -0.735499 0.590232 0.469854 0.656402 -0.492927 0.853724 -0.167862
-0.916524 -8.658982 27.112085 8.909945 0.673121 0.238137 -0.700142 0.463584 0.601757 0.650367 -0.576192 0.762351 -0.294659
-0.369099 -12.016594 -4.431582 14.153910 -0.156395 -0.185357 0.970146 0.826675 -0.562085 0.025874 0.540508 0.806042 0.241138
-0.436812 -13.070902 -4.072897 35.666063 0.158569 0.196837 -0.967528 -0.700910 0.712614 0.030104 0.695399 0.673377 0.250964
-0.442103 -11.857527 6.464769 -4.371782 -0.170257 -0.187170 0.967461 0.873479 -0.483119 0.060252 0.456121 0.855315 0.245743
-0.250139 -12.676142 3.783632 11.592001 0.152190 0.205786 -0.966690 -0.637409 0.767936 0.063126 0.755346 0.606570 0.248042
-0.449653 -11.225649 -3.566095 -44.325702 -0.173356 -0.184735 0.967378 0.956569 -0.265320 0.120752 0.234358 0.946297 0.222707
-0.378408 -11.060361 -11.213476 -32.004153 -0.149131 -0.189117 0.970564 0.930190 -0.359783 0.072822 0.335421 0.913669 0.229570
-0.302310 -11.858498 -8.998353 25.912235 -0.146639 -0.193713 0.970037 0.778544 -0.627543 -0.007627 0.610218 0.754099 0.242836
1.282082 -13.329985 55.042162 -146.838457 0.564560 0.446290 -0.694332 0.807474 -0.472958 0.352557 -0.171047 -0.759695 -0.627381
1.739881 -11.783099 76.295874 -132.634031 0.552240 0.486893 -0.676732 0.758435 -0.630430 0.165332 -0.346133 -0.604560 -0.717425
2.294080 -13.522243 36.273859 -205.063287 0.538595 0.422234 -0.729132 0.792844 -0.546854 0.268979 -0.285157 -0.722959 -0.629298
-0.139674 -1.746199 -18.066409 0.541770 -0.662024 0.687073 0.299424 0.284034 0.599705 -0.748116 0.693577 0.410224 0.592171
-0.567704 -2.044918 -26.965042 -0.913849 -0.645314 0.721783 0.250201 0.363617 0.578261 -0.730341 0.671828 0.380322 0.635612
0.457619 -1.709682 -31.718770 5.923494 -0.576266 0.806472 0.132368 0.453803 0.450460 -0.768862 0.679692 0.383000 0.625564
0.748294 -1.370543 -38.743389 7.896374 -0.563980 0.819568 0.101168 0.446697 0.405817 -0.797354 0.694542 0.404500 0.594971
-1.821751 -4.427338 8.287611 -7.894464 -0.109358 -0.319126 0.941382 0.939069 -0.343649 -0.007407 0.325869 0.883212 0.337262
-1.647396 -4.190547 8.856911 -13.144039 -0.105372 -0.291052 0.950887 0.975013 -0.218288 0.041231 0.195567 0.931471 0.306781
-1.519768 -3.992657 0.318155 -9.729099 -0.238984 -0.287544 0.927472 0.953262 -0.251328 0.167710 0.184875 0.924204 0.334168
-1.170632 -8.354583 -12.552031 -4.078548 0.702652 0.423243 -0.571966 0.697738 -0.252332 0.670441 -0.139434 0.870169 0.472614
-0.955545 -8.676530 -16.370336 -1.598047 0.707042 0.452408 -0.543524 0.697470 -0.319248 0.641573 -0.116734 0.832711 0.541263
-1.114134 -8.261394 -16.954286 7.076502 0.723321 0.425442 -0.543880 0.690449 -0.456197 0.561395 0.009275 0.781591 0.623723
1.439043 -35.183823 15.747003 740.281735 0.325483 0.019935 -0.945338 0.940380 -0.111208 0.321431 -0.098722 -0.993597 -0.054943
0.664193 -15.973530 -11.689356 233.066719 0.395456 -0.012608 -0.918398 0.901112 0.198885 0.385283 0.177798 -0.979942 0.090011
1.695461 -29.865551 -21.757405 704.548226 0.473315 -0.026833 -0.880485 0.880784 0.030167 0.472556 0.013881 -0.999185 0.037913
0.081412 -15.002019 7.449304 242.843401 0.310151 0.027408 -0.950292 0.911920 0.273961 0.305529 0.268717 -0.961350 0.059975
3.527769 -30.714551 12.934300 409.226275 0.457295 0.033488 -0.888685 0.794219 -0.464981 0.391164 -0.400122 -0.884687 -0.239230
3.437631 -35.435511 24.191416 552.157927 0.294523 0.024942 -0.955319 0.803804 -0.547143 0.233526 -0.516871 -0.836667 -0.181195
2.715614 -31.793401 23.588409 516.410874 0.161266 0.010322 -0.986857 0.913708 -0.379490 0.145343 -0.373002 -0.925138 -0.070630
-0.386370 -44.873116 43.429448 1026.595108 0.149478 -0.026400 -0.988413 0.985355 0.086923 0.146694 0.082043 -0.995865 0.039007
-19.647448 -29.522126 -114.345380 -554.470135 0.374018 -0.391191 0.840881 0.911274 -0.013441 -0.411581 0.172309 0.920211 0.351455
-15.651941 -59.380896 286.456223 -1592.107230 -0.450213 -0.472253 0.757816 0.873457 -0.056684 0.483590 -0.185421 0.879639 0.438013
-19.823157 -39.456961 311.267088 -854.624486 -0.362219 -0.428952 0.827525 0.901870 -0.385538 0.194915 0.235433 0.816922 0.526508
-22.379140 -33.991725 313.599969 -474.118827 -0.249419 -0.174226 0.952594 0.775024 -0.625707 0.088486 0.580628 0.760353 0.291092
-16.301902 -27.217871 -140.053445 -159.048980 0.326992 -0.176147 0.928466 0.803784 -0.464853 -0.371272 0.496999 0.867689 -0.010419
-5.794940 -6.812180 28.752688 -30.648521 -0.658060 0.061852 0.750421 -0.399641 0.815970 -0.417709 -0.638157 -0.574776 -0.512238
-5.110502 -6.702380 26.824135 -23.467716 -0.380602 -0.214427 0.899535 -0.616678 0.783720 -0.074103 -0.689094 -0.582927 -0.430518
-4.074545 -5.946527 -0.356339 39.910462 0.190926 0.341307 -0.920357 0.801771 -0.595152 -0.054382 -0.566313 -0.727533 -0.387280
-4.068155 -5.786404 3.865721 -1.651284 0.922216 0.216684 -0.320259 -0.034383 -0.779004 -0.626076 0.385144 -0.588388 0.710959
-3.976855 -5.710479 4.534968 -6.877760 0.909050 0.207230 -0.361502 0.005798 -0.873769 -0.486306 0.416647 -0.439980 0.795502
-4.189021 -5.756150 4.796466 -1.440497 0.951110 0.137545 -0.276536 -0.023093 -0.861185 -0.507767 0.307989 -0.489328 0.815905
-4.024808 -5.575676 7.102282 5.989891 0.925152 0.146951 -0.349998 -0.008348 0.929681 0.368271 0.379504 -0.337785 0.861323
-4.454337 -5.783777 8.480109 0.661876 0.962161 0.097858 -0.254303 -0.089772 -0.767335 -0.634932 0.257269 -0.633736 0.729515
-4.704996 -5.729588 18.210382 -0.841631 0.977138 0.041369 -0.208542 -0.073981 -0.853425 -0.515939 0.199319 -0.519572 0.830853
-4.481289 -5.630866 9.825828 -1.923692 0.969651 0.105140 -0.220730 0.013562 -0.924553 -0.380811 0.244115 -0.366260 0.897921
0.003577 -4.328611 6.444645 -2.570681 0.349978 0.274802 -0.895544 0.190062 0.915289 0.355137 0.917274 -0.294499 0.268102
-0.044042 -4.315314 4.987028 -1.155019 0.355470 0.286831 -0.889589 0.059443 0.942886 0.327768 0.932796 -0.169392 0.318118
-0.161848 -4.384457 8.886956 -1.341340 0.351495 0.278853 -0.893696 0.153220 0.924603 0.348759 0.923567 -0.259519 0.282267
-0.191719 -4.353785 9.841921 -1.065779 0.345555 0.265407 -0.900084 0.273826 0.888908 0.367237 0.897559 -0.373366 0.234491
-0.872491 -1.701426 8.557057 -21.497120 0.840037 0.206722 -0.501602 -0.542520 0.314422 -0.778981 0.003318 -0.926501 -0.376277
-1.131459 -2.430077 13.836099 -26.920313 0.808367 0.240084 -0.537496 -0.588206 0.365982 -0.721159 -0.023575 -0.899120 -0.437066
-0.190638 -4.773162 -2.428657 -18.954037 0.566893 0.127699 -0.813834 0.303777 0.885886 0.350607 0.765736 -0.445981 0.463410
-0.116403 -4.759121 -1.900260 -8.518903 0.567901 0.144376 -0.810335 0.172045 0.941929 0.288394 0.804915 -0.303193 0.510084
1.047754 -6.662643 -3.292430 39.616274 0.686682 0.288674 -0.667184 -0.352998 -0.669902 -0.653164 0.635500 -0.684031 0.358109
1.009004 -6.099362 7.679975 -44.166106 0.638551 0.301638 -0.708002 0.343074 0.711938 0.612735 0.688878 -0.634160 0.351125
-0.463629 -11.994108 6.991733 -80.058682 0.727667 0.288108 -0.622491 -0.680591 0.416274 -0.602919 -0.085421 -0.862386 -0.498993
-0.650347 -11.042815 3.089823 -84.019630 0.737297 0.269000 -0.619704 -0.675410 0.273590 -0.684814 0.014670 -0.923465 -0.383403
0.729305 -6.765085 8.918556 87.723675 -0.757411 -0.267687 0.595544 -0.238339 0.962508 0.129511 -0.607885 -0.043848 -0.792814
0.614311 -5.256726 9.150999 9.188373 -0.729580 -0.325911 0.601244 -0.240988 0.945272 0.219968 -0.640029 0.015592 -0.768192
0.647830 -5.569672 9.871313 -57.695658 -0.719293 -0.357753 0.595509 -0.209612 0.929022 0.304929 -0.662330 0.094507 -0.743228
0.776561 -3.815578 16.111890 -11.572931 -0.818429 -0.055697 0.571902 -0.007478 0.996239 0.086322 -0.574559 0.066372 -0.815767
1.360768 -4.168362 22.110022 -18.230422 -0.838749 -0.048676 0.542338 -0.022814 0.998263 0.054314 -0.544040 0.033183 -0.838403
1.105802 -4.335391 15.638977 -14.411395 -0.837477 -0.115870 0.534047 -0.005403 0.978970 0.203930 -0.546445 0.167901 -0.820492
0.443348 -9.889408 -19.457299 28.366509 0.746081 0.363301 -0.558010 0.459855 0.324945 0.826404 -0.481557 0.873168 -0.075370
0.318828 -9.468122 -17.368710 33.281602 0.750264 0.367377 -0.549671 0.545245 0.126386 0.828694 -0.373914 0.921445 0.105488
-0.140557 -10.116383 -1.469258 30.268434 0.733628 0.330841 -0.593578 0.541182 0.243836 0.804777 -0.410989 0.911640 0.000161
0.321280 -10.070881 -13.587203 10.225683 0.730525 0.345559 -0.589001 0.408117 0.470614 0.782281 -0.547517 0.811856 -0.202767
1.975574 -13.729633 91.833503 58.706567 0.836851 0.185912 -0.514896 -0.522666 0.551043 -0.650516 -0.162791 -0.813504 -0.558311
2.623136 -16.388355 78.780465 165.437194 0.795785 0.148327 -0.587133 -0.597504 0.350124 -0.721389 -0.098568 -0.924885 -0.367250
-0.073883 -1.092685 21.829801 3.608607 0.859486 -0.493499 0.133203 0.083690 -0.121215 -0.989092 -0.504262 -0.861258 0.062881
0.723374 -1.314172 35.226401 -1.984978 0.767962 -0.433147 0.471823 0.378720 -0.286992 -0.879890 -0.516531 -0.854412 0.056357
0.728617 -1.284367 34.266555 3.445802 0.842787 -0.468228 0.265466 0.185056 -0.211073 -0.959793 -0.505434 -0.858027 0.091241
0.409810 -24.043273 14.272885 -0.738035 0.317140 -0.250578 -0.914676 0.635069 0.772408 0.008591 0.704350 -0.583607 0.404096
0.359560 -23.171885 11.645213 -72.836453 0.318438 -0.276918 -0.906595 0.316513 0.932554 -0.173673 0.893542 -0.231644 0.384608
0.329510 -27.831076 -3.808032 -128.077568 0.304804 -0.289941 -0.907209 0.235372 0.945921 -0.223233 0.922873 -0.145490 0.356564
1.700486 -1.640951 -46.575475 0.002486 0.585990 -0.700005 0.408177 0.686094 0.160593 -0.709567 0.431150 0.695847 0.574375
2.174616 -1.595372 -43.841811 -4.950770 0.607852 -0.698333 0.377951 0.690796 0.230354 -0.685374 0.391557 0.677693 0.622427
0.774102 -1.764931 -45.399635 -2.225079 0.548238 -0.688651 0.474547 0.738868 0.133003 -0.660593 0.391802 0.712790 0.581740
-0.594150 -3.231730 -35.160614 11.565328 0.786050 -0.611898 -0.087789 -0.181391 -0.364081 0.913533 0.590951 0.702158 0.397179
0.293099 -2.867456 -20.209403 4.350912 0.694643 -0.706885 0.133358 -0.452761 -0.285570 0.844664 0.558997 0.647119 0.518419
0.849828 -3.157210 -21.808577 6.547505 0.686773 -0.712804 0.142315 -0.401389 -0.208674 0.891820 0.605995 0.669601 0.429423
0.733037 -3.429727 -33.969574 13.283064 0.745131 -0.662014 0.080737 -0.294176 -0.217613 0.930648 0.598532 0.717205 0.356898
-0.209406 -11.048179 2.153499 -61.569553 0.570248 0.285176 -0.770384 0.200361 0.861202 0.467104 0.796663 -0.420720 0.433961
-0.170376 -11.504442 1.209273 3.710883 0.569899 0.262930 -0.778513 -0.050877 0.956898 0.285933 0.820138 -0.123344 0.558712
-0.244114 -10.489555 -1.146637 -38.110387 0.579811 0.267116 -0.769719 0.142585 0.896883 0.418652 0.802177 -0.352490 0.481936
-8.625486 -46.105377 -287.434585 -1365.979614 0.816208 0.307093 -0.489387 -0.050994 0.882028 0.468429 0.575504 -0.357380 0.735578
0.489914 -2.331378 3.313702 25.315930 0.531522 0.306373 -0.789696 0.845367 -0.250523 0.471798 -0.053291 -0.918354 -0.392156
0.587243 -1.621957 3.679168 13.795906 0.560199 0.310043 -0.768148 0.828345 -0.204508 0.521556 0.004612 -0.928467 -0.371388
0.511590 -1.966306 11.805184 23.674193 0.508576 0.341663 -0.790328 0.860990 -0.209129 0.463639 -0.006872 -0.916260 -0.400526
0.312038 -2.684724 12.435616 27.624880 0.485756 0.351701 -0.800217 0.871544 -0.264769 0.412686 -0.066730 -0.897888 -0.435136
-1.083490 -1.508230 3.955644 -3.169147 -0.380568 -0.244929 0.891727 -0.638216 0.767389 -0.061598 -0.669215 -0.592557 -0.448362
-0.898470 -1.377531 7.107300 -22.467611 -0.470986 -0.078780 0.878616 -0.556590 0.799259 -0.226698 -0.684383 -0.595801 -0.420288
-1.039982 -2.018637 4.014476 -24.884561 -0.545735 -0.004125 0.837948 -0.471607 0.828092 -0.303070 -0.692648 -0.560578 -0.453863
-1.161501 -2.091767 1.606966 -23.980795 -0.579058 -0.003064 0.815280 -0.452562 0.832988 -0.318305 -0.678144 -0.553282 -0.483735
-2.092290 -5.652415 -8.802410 -3.251467 -0.481680 -0.208875 0.851091 0.639081 -0.748245 0.178057 0.599633 0.629683 0.493903
0.149605 -3.865245 -15.105017 -13.699467 -0.512383 0.074380 0.855530 0.744909 0.534190 0.399690 -0.427286 0.842086 -0.329116
0.524727 -3.904852 -11.401365 -10.414433 -0.520334 0.047220 0.852656 0.738282 0.526675 0.421370 -0.429175 0.848754 -0.308909
-0.599173 -8.016012 32.561917 -11.556875 0.399508 -0.628427 0.667438 0.312183 0.777810 0.545485 -0.861937 -0.009563 0.506925
-0.273683 -8.061738 26.305650 9.594640 0.401558 -0.650885 0.644282 0.437273 0.754388 0.489583 -0.804701 0.085131 0.587545
-1.173050 -8.117960 24.728409 34.307849 0.384188 -0.631065 0.673912 0.538923 0.745956 0.391296 -0.749641 0.212856 0.626682
-1.591725 -8.201398 30.392923 -10.982997 0.358465 -0.620503 0.697481 0.310307 0.783848 0.537858 -0.880461 0.023630 0.473528
-0.816188 -7.489892 31.582953 -60.007159 0.382516 -0.641731 0.664728 0.094104 0.742760 0.662912 -0.919144 -0.191021 0.344507
0.208002 -2.977966 -2.475852 9.160423 -0.585781 0.010313 0.810404 0.637379 -0.611765 0.468499 0.500608 0.790973 0.351787
0.242870 -2.877783 3.721313 9.329852 -0.600460 0.017523 0.799463 0.611743 -0.633798 0.473360 0.514993 0.773300 0.369851
0.236846 -3.172825 1.962391 15.375426 -0.591328 0.015196 0.806288 0.659475 -0.566331 0.494330 0.464138 0.824038 0.324865
0.283860 -2.740588 -2.370848 6.528907 0.600037 -0.022702 -0.799650 0.580293 -0.675707 0.454621 0.550650 0.736821 0.392275
0.084411 -3.410730 -4.663313 10.853592 -0.569296 -0.004341 0.822121 0.706679 -0.513597 0.486644 0.420126 0.858021 0.295456
-0.006709 -2.922087 -13.301907 7.447934 -0.548972 0.025755 0.835444 0.611595 -0.668913 0.422501 0.569721 0.742894 0.351463
-0.156319 -3.212166 -12.878194 5.266860 -0.542342 -0.011450 0.840080 0.709757 -0.541293 0.450830 0.449567 0.840756 0.301693
-0.330959 -6.236694 2.751443 -2.098523 0.414275 0.381363 -0.826401 -0.091754 0.920855 0.378955 0.905515 -0.081166 0.416478
-0.165167 -6.324821 5.470742 -3.571284 0.411352 0.356749 -0.838761 -0.098052 0.932202 0.348405 0.906187 -0.061075 0.418443
1.018843 -9.416714 11.110351 13.217103 -0.672074 -0.468579 0.573368 0.733097 -0.311947 0.604365 -0.104332 0.826512 0.553165
1.274674 -9.739419 11.390455 -18.065286 -0.665480 -0.457317 0.589914 0.744999 -0.455624 0.487219 0.045965 0.763720 0.643909
1.039058 -9.269423 6.956335 -2.512842 -0.674192 -0.459774 0.577991 0.738548 -0.423416 0.524659 0.003506 0.780594 0.625028
0.786422 -9.615787 11.443691 -7.420166 -0.684820 -0.465790 0.560412 0.728083 -0.469301 0.499651 0.030270 0.750197 0.660521
0.765425 -9.610607 8.865690 17.887149 -0.685600 -0.471510 0.554645 0.709876 -0.264171 0.652908 -0.161332 0.841363 0.515830
0.172832 -13.532664 0.656922 -60.162604 -0.703105 -0.114030 0.701884 0.710678 -0.146108 0.688178 0.024078 0.982675 0.183768
0.215084 -3.750039 -3.623970 -3.708623 -0.523698 -0.103917 0.845542 0.623543 -0.723038 0.297339 0.580460 0.682948 0.443451
0.080673 -3.511632 0.364396 -9.069648 -0.536653 -0.099013 0.837973 0.617353 -0.723063 0.309928 0.575221 0.683649 0.449160
0.040751 -3.155599 0.493085 -21.595272 0.505464 0.125379 -0.853690 -0.557561 0.802540 -0.212261 0.658507 0.583275 0.475561
0.102349 -1.954362 6.278327 -64.788792 0.472820 0.149060 -0.868460 -0.479442 0.870445 -0.111624 0.739308 0.469154 0.483030
0.137990 -3.264582 3.496955 -26.392989 0.491028 0.140511 -0.859737 -0.566494 0.801244 -0.192594 0.661798 0.581605 0.473032
-1.616919 -8.284522 25.736912 12.898718 0.666397 0.296560 -0.684081 0.422483 0.605793 0.674183 -0.614347 0.738286 -0.278407
-1.268636 -8.667075 -29.913286 -0.805917 -0.683973 -0.276078 0.675249 0.286267 0.749806 0.596526 -0.670993 0.601309 -0.433815
-2.016553 -8.270577 -20.162707 2.444455 -0.641367 -0.356871 0.679184 0.318399 0.681606 0.658814 -0.698048 0.638793 -0.323532
-2.243772 -7.893330 18.300270 13.379258 0.636987 0.360948 -0.681149 0.486819 0.496761 0.718495 -0.597708 0.789268 -0.140714
-0.163389 -4.203228 -8.041183 10.007007 0.406359 0.449497 -0.795503 0.837730 -0.530883 0.127955 -0.364804 -0.718412 -0.592286
-0.026942 -3.983348 -4.933208 9.654824 0.428337 0.447008 -0.785310 0.860481 -0.467092 0.203464 -0.275861 -0.762895 -0.584715
0.608747 -3.830966 -17.403048 -1.415549 0.335587 0.490417 -0.804284 0.910060 -0.389258 0.142370 -0.243253 -0.779724 -0.576939
-0.295803 -4.477921 -0.035961 17.829291 0.475416 0.414090 -0.776215 0.797060 -0.576203 0.180794 -0.372392 -0.704642 -0.603990
-0.505305 -4.637628 -2.714253 26.615683 0.437151 0.430276 -0.789785 0.777709 -0.621907 0.091651 -0.451738 -0.654289 -0.606497
-0.447261 -4.830421 -0.130715 25.476233 0.486602 0.395311 -0.779068 0.748346 -0.648745 0.138230 -0.450773 -0.650276 -0.611511
-0.093789 -4.148807 -13.633143 17.327643 0.338031 0.486138 -0.805857 0.838872 -0.543807 0.023824 -0.426649 -0.684064 -0.591631
-0.566084 -13.778161 10.446526 -59.236510 -0.182018 -0.191090 0.964549 0.774157 -0.632653 0.020753 0.606259 0.750489 0.263088
-0.561410 -16.049681 -11.341058 125.953690 0.164189 0.206521 -0.964568 -0.543765 0.834801 0.086177 0.823020 0.510349 0.249364
-0.394985 -14.680926 0.687638 94.838936 0.150376 0.209230 -0.966235 -0.464101 0.877904 0.117874 0.872925 0.430705 0.229119
-1.901925 -3.530045 -18.511966 15.705753 -0.560378 -0.087706 0.823580 0.563435 -0.769197 0.301456 0.607056 0.632964 0.480457
-2.270151 -3.730066 7.888142 18.464673 0.589387 0.162501 -0.791339 0.559574 -0.788633 0.254823 0.582667 0.593002 0.555741
-1.878434 -3.245786 25.072822 -28.665617 0.640720 -0.035065 -0.766974 -0.380822 0.852898 -0.357127 0.666673 0.520899 0.533115
-2.191665 -3.380926 10.740471 -36.028999 0.668868 0.055781 -0.741285 -0.392577 0.873296 -0.288510 0.631268 0.483987 0.606018
-1.657556 -2.669802 27.348512 -19.317930 0.738096 -0.311284 -0.598595 -0.068173 0.848259 -0.525175 0.671242 0.428438 0.604876
-8.259230 -55.565997 240.431421 -1418.687008 -0.629113 -0.468864 0.619987 0.776758 -0.349024 0.524242 -0.029408 0.811387 0.583769
-2.713358 -31.444450 -149.596674 -795.081403 0.695697 0.469886 -0.543335 0.671279 -0.156007 0.724601 -0.255715 0.868832 0.423958
-6.366342 -10.384770 225.261191 -196.328525 -0.569356 -0.487086 0.662254 0.745421 0.033826 0.665735 -0.346672 0.872699 0.343825
-10.823635 -13.869215 41.061510 -383.687595 0.171313 -0.318613 0.932275 0.925604 0.376209 -0.041515 -0.337504 0.870030 0.359359
0.278536 -1.821176 -13.567931 21.948274 -0.611306 -0.213846 0.761955 -0.064844 0.973098 0.221080 -0.788734 0.085740 -0.608727
-0.186688 -2.369297 -14.339150 23.118459 -0.622468 -0.107406 0.775240 -0.029012 0.993024 0.114284 -0.782107 0.048647 -0.621242
0.015504 -1.704462 -11.923556 15.567210 -0.615336 -0.214339 0.758565 -0.043809 0.970134 0.238582 -0.787047 0.113576 -0.606348
0.159182 -2.568942 -14.200131 23.220907 -0.614682 -0.167080 0.770876 -0.098538 0.985918 0.135116 -0.782596 0.007093 -0.622490
0.396304 -1.306321 -8.432758 8.006171 -0.596401 -0.316721 0.737560 -0.097291 0.940612 0.325244 -0.796769 0.122218 -0.591796
0.538593 -1.397716 -7.240236 18.481976 -0.592002 -0.264355 0.761347 -0.081752 0.959499 0.269589 -0.801779 0.097355 -0.589637
-2.469171 -6.183663 102.716044 23.656328 0.795037 0.210300 -0.568938 -0.443152 0.841842 -0.308087 -0.414166 -0.497067 -0.762490
-0.706523 -6.100755 126.405020 2.287806 0.827942 0.239845 -0.506939 -0.482754 0.764840 -0.426577 -0.285414 -0.597908 -0.749029
-1.952332 -6.242943 79.355118 -120.694354 0.819763 0.141587 -0.554926 -0.518785 0.594031 -0.614809 -0.242594 -0.791884 -0.560418
-3.876906 -5.793950 3.968951 1.340548 0.871553 0.259169 -0.416206 0.012399 0.836955 0.547132 0.490145 -0.482015 0.726236
-3.903396 -5.636574 2.744373 8.036813 0.874706 0.237892 -0.422252 -0.049778 0.910735 0.409981 0.482091 -0.337594 0.808467
0.137013 -1.333689 -51.443337 0.737517 0.781526 -0.560277 0.274420 -0.582187 -0.496876 0.643562 0.224221 0.662724 0.714508
0.787387 -1.333984 -56.154425 3.526899 0.689429 -0.624375 0.367211 -0.677227 -0.375740 0.632600 0.257004 0.684818 0.681890
1.948597 -1.146834 -44.574729 2.114343 0.681559 -0.655825 0.324610 -0.678716 -0.400729 0.615436 0.273538 0.639773 0.718239
-1.029013 -1.491988 -53.695343 -0.705530 0.824373 -0.522572 0.217548 -0.511029 -0.521803 0.683061 0.243431 0.674270 0.697209
1.070902 -1.199860 -48.840992 -0.416779 0.759023 -0.587406 0.280780 -0.609515 -0.489514 0.623593 0.228857 0.644461 0.729585
-1.247898 -1.727280 -20.173244 -25.128338 0.969099 -0.080202 -0.233271 0.089075 -0.768080 0.634129 0.230028 0.635312 0.737201
-0.297144 -1.496949 -39.675721 -8.681220 0.886986 -0.442463 0.132220 -0.413578 -0.633739 0.653703 0.205446 0.634509 0.745111
0.423186 -1.439540 34.406587 -4.414103 0.854577 0.237874 -0.461644 -0.516817 0.302277 -0.800955 0.050982 -0.923063 -0.381256
-0.156459 -4.562438 -3.425456 -17.912837 0.570811 0.098293 -0.815177 0.360076 0.862283 0.356109 0.737916 -0.496796 0.456807
-0.178341 -4.318907 -7.791854 -0.892424 0.579701 0.108312 -0.807598 0.413567 0.814865 0.406149 0.702075 -0.569441 0.427584
0.840105 -5.604667 -0.458731 7.928895 0.707548 0.381178 -0.595045 -0.456550 -0.396149 -0.796635 0.539386 -0.835326 0.106268
0.941599 -6.451344 -12.047005 33.788825 0.726922 0.306384 -0.614584 -0.404604 -0.532039 -0.743795 0.554870 -0.789343 0.262787
-0.584148 -10.781025 4.710570 -90.671712 0.717551 0.287216 -0.634530 -0.689999 0.168887 -0.703832 0.094988 -0.942860 -0.319363
0.781348 -9.542486 7.147585 130.225971 -0.788053 -0.223312 0.573676 -0.303080 0.951863 -0.045811 -0.535831 -0.209971 -0.817800
1.221479 -8.979188 9.512743 128.602867 -0.807437 -0.214121 0.549725 -0.257686 0.966226 -0.002140 -0.530701 -0.143385 -0.835343
0.187404 -4.354827 44.712398 -47.529650 0.951867 -0.306063 0.016602 0.202154 0.586147 -0.784580 -0.230399 -0.750172 -0.619805
0.166831 -5.527502 75.715694 -25.995708 0.964921 -0.258791 0.044211 0.222549 0.716921 -0.660679 -0.139281 -0.647342 -0.749365
1.337529 -4.755317 17.122203 -26.898363 0.940690 -0.337073 -0.038517 0.214436 0.678702 -0.702411 -0.262905 -0.652492 -0.710729
-1.686806 -5.246978 76.114752 -53.555556 0.969000 -0.246935 -0.007919 0.156940 0.639971 -0.752201 -0.190813 -0.727640 -0.658886
1.032573 -3.491387 2.757291 -44.379816 0.924611 -0.376848 -0.055505 0.173890 0.547233 -0.818717 -0.338906 -0.747343 -0.571508
0.242898 -3.069989 34.636424 -54.157281 0.938603 -0.344645 0.015607 0.187948 0.472872 -0.860853 -0.289308 -0.810933 -0.508614
-1.550700 -3.997093 61.755066 -63.972431 0.959131 -0.281497 -0.028745 0.128534 0.523930 -0.842007 -0.252083 -0.803901 -0.538700
2.057457 -9.566645 7.184717 121.489934 -0.845131 -0.271591 0.460426 -0.275828 0.959357 0.059600 -0.457900 -0.076628 -0.885695
0.800873 -9.515536 -23.912903 40.236538 0.783548 0.373856 -0.496270 0.521222 0.039258 0.852518 -0.338202 0.926655 0.164102
-0.119460 -8.496622 -11.408608 19.609793 0.751672 0.364064 -0.549952 0.615788 -0.088760 0.782897 -0.236211 0.927135 0.290904
0.832045 -13.786279 14.179101 -58.421270 0.738125 0.115249 -0.664748 -0.550025 -0.467791 -0.691841 0.390697 -0.876293 0.281898
-0.498001 -0.913297 24.942753 5.672360 0.831162 -0.480456 0.279879 0.225104 -0.169505 -0.959477 -0.508427 -0.860483 0.032734
0.346423 -1.214216 42.165799 -7.809684 0.642900 -0.340949 0.685881 0.589137 -0.352139 -0.727266 -0.489486 -0.871638 0.025525
1.303622 -1.750824 24.394565 -3.109013 0.647942 -0.413314 0.639799 0.548109 -0.330267 -0.768440 -0.528912 -0.848584 -0.012548
1.309967 -1.912296 4.895881 -2.628516 0.710145 -0.510444 0.484914 0.384216 -0.296178 -0.874447 -0.589977 -0.807295 0.014209
3.343912 -131.229953 4.588427 4639.496716 0.469732 -0.163589 -0.867520 0.863531 0.289380 0.413004 0.183480 -0.943132 0.277195
-32.064064 -1913.977244 -479.646927 -43032.572953 0.150079 0.071205 -0.986106 0.112735 0.989665 0.088620 0.982225 -0.124469 0.140501
-5.508407 -1852.273702 -4.069800 -91485.388902 -0.269190 0.024553 0.962774 0.952626 -0.140153 0.269927 0.141563 0.989825 0.014338
-6.269174 -978.888218 -15.197753 -65164.394665 0.257265 -0.015950 -0.966209 -0.600521 0.780718 -0.172784 0.757093 0.624680 0.191273
-1.579158 -3.378536 -15.765015 0.773231 0.783168 -0.482032 -0.392801 0.054781 -0.575763 0.815779 0.619392 0.660410 0.424513
-16.323387 -58.026285 -362.762255 -1454.968948 0.735261 0.291470 -0.611912 -0.333900 0.941425 0.047218 0.589832 0.169600 0.789515
-18.832491 -35.427854 -382.186285 343.829411 0.676832 0.236543 -0.697098 0.586838 -0.745094 0.316948 0.444432 0.623604 0.643116
-21.037013 -32.308849 311.544777 184.685966 -0.479317 0.015860 0.877498 0.607924 -0.715129 0.344992 0.632996 0.698813 0.333132
0.441731 -1.670372 10.526667 10.664886 0.528589 0.341986 -0.776942 0.848574 -0.188387 0.494401 0.022713 -0.920628 -0.389780
-4.205902 -6.317641 10.984996 16.915296 0.632463 0.602159 -0.487232 0.097824 0.561889 0.821408 -0.768389 0.567173 -0.296468
-5.049935 -6.447532 -18.249027 32.303906 0.521160 0.626526 -0.579532 0.185603 0.579586 0.793493 -0.833033 0.521100 -0.185772
-4.661044 -6.168316 -1.721870 58.565148 0.628883 0.610958 -0.480870 0.247493 0.429006 0.868735 -0.737057 0.665345 -0.118587
-5.382855 -6.412676 -25.798103 23.132447 0.501572 0.762287 -0.409076 -0.049348 0.497297 0.866176 -0.863707 0.414263 -0.287047
-3.153528 -6.796253 40.229367 74.185603 0.715260 0.519504 -0.467459 0.244088 0.441061 0.863647 -0.654846 0.731834 -0.188668
-2.096971 -5.817726 94.265110 -41.942559 0.783134 0.361395 -0.506057 0.146689 0.683464 0.715094 -0.604303 0.634248 -0.482231
