12664
25313
-8.345746 -12.359255 -88.885535 349.283490 0.058290 0.890240 -0.451748 -0.426704 -0.386879 -0.817464 0.902511 -0.240413 -0.357318
-9.690183 -13.721135 17.721393 268.667457 -0.074909 0.856240 -0.511119 -0.313873 -0.506752 -0.802923 0.946505 -0.100280 -0.306711
-6.455903 -16.857158 -214.645179 472.050014 0.131547 0.910364 -0.392343 -0.282723 -0.344891 -0.895052 0.950139 -0.228666 -0.212011
-8.201864 -10.491619 12.540375 -158.439128 -0.357076 0.325029 -0.875702 0.263154 0.934537 0.239563 0.896240 -0.144903 -0.419233
-4.827007 -15.065250 -275.492336 569.456961 0.198289 0.869963 -0.451494 -0.401630 -0.348074 -0.847076 0.894078 -0.349299 -0.280384
-6.490548 -9.399187 -156.605691 286.514237 0.120439 0.838634 -0.531213 -0.502799 -0.409864 -0.761055 0.855971 -0.358754 -0.372301
-7.246163 -8.841067 49.546574 -94.182006 -0.422148 0.057839 -0.904680 0.242484 0.968803 -0.051210 0.873495 -0.240988 -0.423003
-8.650808 -12.474614 -30.860955 17.937953 0.365590 0.805630 -0.466159 -0.822611 0.513991 0.243154 -0.435494 -0.294573 -0.850630
-8.769045 -12.420438 -30.548241 33.996424 0.351310 0.830538 -0.432190 -0.754511 0.524457 0.394536 -0.554342 -0.187487 -0.810897
-9.539797 -12.406099 -45.496496 15.809387 0.396891 0.854694 -0.334628 -0.844071 0.483085 0.232752 -0.360586 -0.190073 -0.913154
-9.268422 -12.102973 -58.681318 27.699873 0.433913 0.817619 -0.378442 0.869744 -0.489738 -0.060844 -0.235085 -0.302747 -0.923623
-10.168441 -11.910222 -57.364255 21.481625 0.480717 0.843984 -0.237910 0.865171 -0.500692 -0.028054 -0.142796 -0.192347 -0.970882
-10.356760 -12.281177 -53.292643 -7.798691 0.393037 0.901535 -0.180986 -0.882667 0.425070 0.200536 -0.257721 -0.080932 -0.962824
-11.932870 -91.183892 154.098738 5271.709130 -0.069409 0.467996 -0.881000 0.610655 0.718272 0.333444 0.788849 -0.514844 -0.335639
-3.179073 -46.510643 110.719222 3710.924713 -0.292970 0.342229 -0.892776 0.649517 0.756455 0.076830 0.701638 -0.557364 -0.443902
0.665081 -29.615477 266.219887 1830.621829 -0.261924 0.362450 -0.894442 0.681804 0.725431 0.094307 0.683037 -0.585133 -0.437127
-2.227009 -5.234661 -18.559999 -98.477952 0.850122 0.162176 -0.500991 -0.350365 0.884445 -0.308223 -0.393113 -0.437557 -0.808707
-2.937063 -5.647129 -16.405103 -57.592199 -0.913635 0.258124 0.314075 0.098363 0.889968 -0.445288 -0.394456 -0.375937 -0.838496
-1.992049 -4.893996 -22.677742 -63.501440 0.915248 -0.257525 -0.309841 0.068622 0.857451 -0.509969 -0.397003 -0.445486 -0.802453
-1.155682 -4.359963 14.460067 -73.078465 0.881442 0.056055 -0.468954 -0.276869 0.865752 -0.416915 -0.382627 -0.497325 -0.778630
-2.279998 -5.782491 22.774284 -151.907499 0.694894 0.420580 -0.583297 -0.604167 0.781366 -0.156362 -0.390006 -0.461064 -0.797067
-2.599462 -7.701772 -207.688644 -29.211511 0.275056 0.741456 -0.612035 -0.543367 -0.405286 -0.735184 0.793156 -0.534777 -0.291406
-0.212516 -7.725070 -347.898284 -29.900489 0.307050 0.715471 -0.627552 -0.545913 -0.407719 -0.731945 0.779550 -0.567333 -0.265395
-1.336392 -8.044877 -367.462641 -18.095521 0.284072 0.704561 -0.650305 -0.640309 -0.365429 -0.675623 0.713658 -0.608322 -0.347329
-0.429808 -16.123774 -9.031235 5.179778 0.384940 0.690191 -0.612746 -0.378137 0.723566 0.577464 0.841922 0.009413 0.539517
-0.536575 -16.280716 -16.439933 23.482715 0.394563 0.677946 -0.620250 -0.155315 0.714508 0.682170 0.905647 -0.172825 0.387213
-0.603134 -15.865500 -17.441645 26.643910 0.380238 0.696678 -0.608324 -0.369731 0.717384 0.590474 0.847772 0.000396 0.530360
-0.494049 -15.382499 -8.820513 -12.015840 0.358158 0.715675 -0.599611 0.568215 -0.676668 -0.468243 0.740847 0.173002 0.649011
-3.571480 -27.542804 57.546087 851.431743 0.366708 0.798199 -0.477916 -0.105390 -0.474754 -0.873786 0.924348 -0.370791 0.089974
-4.282507 -28.789042 -18.685576 835.546478 0.436483 0.813720 -0.383852 -0.014139 -0.420383 -0.907237 0.899601 -0.401421 0.171985
-3.189649 -23.933632 1.953917 946.842615 0.434008 0.791935 -0.429507 -0.340354 -0.297286 -0.892065 0.834144 -0.533348 -0.140514
-2.192588 -20.898424 73.420951 788.102075 0.360032 0.769121 -0.528043 -0.416969 -0.373664 -0.828560 0.834574 -0.518486 -0.186168
-1.805808 -23.777192 109.512481 744.904373 0.292004 0.762884 -0.576838 -0.217674 -0.534285 -0.816797 0.931317 -0.364071 -0.010046
-2.648743 -26.199230 116.163106 398.848587 0.264988 0.784431 -0.560758 0.131877 -0.605566 -0.784792 0.955191 -0.134009 0.263916
0.921078 -9.320916 -23.447210 -97.228308 -0.171959 -0.796730 0.579355 0.983020 -0.177021 0.048332 0.064051 0.577828 0.813641
0.891916 -8.943158 5.144174 -75.607178 -0.144579 -0.818553 0.555939 0.984178 -0.177118 -0.004836 0.102426 0.546443 0.831209
1.384600 -8.635797 4.641467 8.379899 -0.110600 -0.819386 0.562472 0.993163 -0.069847 0.093537 -0.037356 0.568971 0.821509
0.483350 -10.674476 -11.909799 -168.841725 -0.219344 -0.786853 0.576845 0.949952 -0.307040 -0.057604 0.222440 0.535340 0.814820
1.270045 -8.683161 -35.730861 -28.207700 -0.137532 -0.796403 0.588921 0.987296 -0.062462 0.146097 -0.079566 0.601533 0.794876
0.398485 -11.348353 -24.924182 -185.800816 -0.250396 -0.767589 0.590007 0.948523 -0.316571 -0.009304 0.193921 0.557306 0.807344
0.622532 -9.741685 -41.777861 -127.894308 -0.207569 -0.777082 0.594188 0.977721 -0.184220 0.100626 0.031267 0.601836 0.798007
1.745314 -10.124167 -50.830303 36.865993 -0.268078 -0.847003 0.459042 0.962392 -0.213681 0.167757 -0.044002 0.486750 0.872432
1.924346 -9.432883 -53.803539 55.097869 -0.211531 -0.858512 0.467132 0.972823 -0.230998 0.015987 0.094181 0.457818 0.884043
2.810707 -10.630327 -86.766135 45.411080 -0.263221 -0.858961 0.439206 0.964656 -0.228509 0.131231 -0.012360 0.458225 0.888750
-1.981124 -4.819459 -30.593232 -68.571782 0.240655 0.702990 -0.669246 0.548003 -0.667509 -0.504108 0.801111 0.245432 0.545880
-1.655421 -6.017488 -27.710584 128.535629 0.252200 0.678175 -0.690270 -0.484591 0.705952 0.516530 0.837596 0.204230 0.506679
-2.267564 -4.533127 -9.017810 50.680451 0.268668 0.616750 -0.739890 -0.528815 0.736464 0.421871 0.805091 0.277922 0.524011
-2.085208 -4.626196 -28.885941 -66.292299 0.267345 0.663771 -0.698524 -0.563683 0.695667 0.445319 0.781530 0.274692 0.560139
-2.274601 -4.709691 -10.228208 72.485643 0.163334 0.734920 -0.658190 0.601937 -0.602818 -0.523719 0.781661 0.310648 0.540837
0.033693 -5.832407 5.973273 60.187370 0.433557 0.753248 -0.494616 -0.407187 -0.325894 -0.853224 0.803882 -0.571323 -0.165419
1.284461 -5.435520 58.769970 17.261259 0.441537 0.775368 -0.451497 -0.434012 -0.255848 -0.863814 0.785288 -0.577361 -0.223553
0.287139 -6.480145 10.269776 86.835006 0.370699 0.677603 -0.635167 -0.500711 -0.430184 -0.751152 0.782222 -0.596487 -0.179815
3.587748 -8.154971 -120.695337 -2.385162 0.255347 0.656091 -0.710170 0.827945 0.230943 0.511051 0.499305 -0.718477 -0.484237
2.845618 -8.109878 -88.503525 -13.516305 0.264083 0.671654 -0.692201 0.758308 0.298902 0.579333 0.596011 -0.677893 -0.430385
4.190762 -8.205278 -60.984161 -9.810089 0.263811 0.707301 -0.655842 0.815652 0.199369 0.543106 0.514894 -0.678216 -0.524316
4.804793 -8.267739 -85.123718 14.322084 0.253571 0.693295 -0.674570 0.873489 0.135502 0.467608 0.415595 -0.707801 -0.571226
5.158062 -8.328493 41.947127 5.669852 0.251619 0.750525 -0.611065 0.862843 0.112036 0.492899 0.438395 -0.651276 -0.619395
4.375918 -8.270152 41.947460 -13.352393 0.255238 0.761493 -0.595804 0.802360 0.177027 0.569982 0.539511 -0.623530 -0.565807
-2.152616 -33.175208 23.414425 -309.246084 -0.373938 0.651241 -0.660345 0.898551 0.430753 -0.084015 0.229731 -0.624770 -0.746248
-1.669706 -41.714292 13.586943 -1575.914213 -0.380991 0.635589 -0.671470 0.860761 0.508966 -0.006626 0.337544 -0.580500 -0.741002
-1.598786 -45.183610 -8.248919 1168.116855 -0.334748 0.632296 -0.698674 -0.780321 -0.601653 -0.170625 0.528245 -0.488073 -0.694796
-1.489608 -38.409692 41.081559 -1018.274008 -0.345680 0.646421 -0.680181 0.834874 0.542776 0.091539 0.428359 -0.536222 -0.727307
-1.657380 -42.875221 -43.201899 879.324294 0.450453 -0.638174 0.624360 0.652631 0.712579 0.257496 -0.609233 0.291487 0.737476
-1.456178 -37.006840 -75.086487 699.770107 0.453085 -0.621475 0.639127 0.777029 0.626733 0.058578 -0.436967 0.470080 0.766867
-1.328525 -43.296367 -25.827799 483.786973 0.457613 -0.621606 0.635764 0.615034 0.737663 0.278544 -0.642124 0.263552 0.719873
-1.449859 -44.384096 -73.960208 -109.785137 0.448537 -0.627854 0.636092 0.333980 0.777886 0.532307 -0.829018 -0.026317 0.558602
2.579943 -11.586578 544.417068 157.965233 -0.293953 0.718668 0.630166 0.297995 0.695340 -0.653989 0.908180 0.004455 0.418556
12.443505 -14.018325 -849.347989 -180.826265 0.322564 -0.582983 -0.745710 0.438952 0.790117 -0.427827 0.838614 -0.189329 0.510765
9.628688 -12.031546 923.074827 11.617235 -0.245431 0.899010 0.362691 0.564750 0.436686 -0.700259 0.787922 -0.032964 0.614892
4.562753 -16.690039 -346.704091 372.313301 0.289373 -0.435071 -0.852629 0.144279 0.900386 -0.410473 0.946280 -0.004237 0.323320
-1.632332 -9.398891 -366.128556 162.819611 0.312279 -0.631619 -0.709605 0.073872 0.760843 -0.644717 0.947114 0.148912 0.284254
5.049968 -1.694387 -248.795655 -113.432254 0.754171 -0.409679 -0.513214 0.017060 0.793491 -0.608343 0.656456 0.450040 0.605417
0.887242 -2.877794 -434.418237 -49.142045 0.805168 -0.322442 -0.497731 -0.031480 0.814857 -0.578807 0.592211 0.481705 0.645946
4.906513 -2.410593 -289.757231 -52.515743 0.749465 -0.497565 -0.436728 0.079875 0.722804 -0.686421 0.657208 0.479565 0.581460
6.568848 -1.676552 39.681724 -55.159357 0.609348 -0.555015 -0.566263 0.060749 0.744744 -0.664579 0.790572 0.370560 0.487525
6.487702 -0.460709 50.499115 -113.279667 0.608964 -0.545272 -0.576056 0.067874 0.759403 -0.647070 0.790288 0.354943 0.499460
-0.802654 -6.304263 101.566970 -116.651694 0.518226 0.470934 -0.713907 0.822519 -0.503138 0.265169 -0.234317 -0.724619 -0.648091
1.367143 -6.740198 245.967593 -111.611899 0.674129 0.396039 -0.623460 0.718826 -0.545850 0.430507 -0.169818 -0.738377 -0.652657
0.045474 -7.765070 22.700337 -209.105836 0.405898 0.512391 -0.756771 0.890360 -0.408501 0.200963 -0.206170 -0.755369 -0.622022
2.073297 -3.139162 155.891957 -138.377497 -0.022745 0.448538 -0.893474 -0.626104 0.690350 0.362506 0.779408 0.567653 0.265130
-0.317352 -2.042180 78.041068 11.391226 -0.205382 0.627341 -0.751173 0.597646 -0.527409 -0.603870 0.775008 0.572960 0.266607
1.009561 -1.867061 152.992144 -13.605806 -0.174454 0.562653 -0.808076 -0.610663 0.581957 0.537044 0.772435 0.587152 0.242067
5.289956 -1.571642 369.522989 -144.574411 -0.109053 0.483186 -0.868699 -0.612926 0.655323 0.441446 0.782579 0.580589 0.224692
-0.741835 -27.455631 0.355598 2.255275 0.453777 0.689683 -0.564290 -0.267947 0.709538 0.651736 0.849877 -0.144543 0.506771
-0.784217 -27.733062 -10.163790 417.903721 0.472053 0.672904 -0.569531 -0.037190 -0.630266 -0.775488 0.880786 -0.387252 0.272494
-0.820571 -27.172382 0.932935 447.191347 0.449361 0.685351 -0.573035 -0.045792 -0.622931 -0.780935 0.892176 -0.377162 0.248537
0.450864 -32.308146 264.730429 797.908758 0.931263 0.276658 0.237085 0.336480 -0.902635 -0.268386 -0.139750 -0.329712 0.933681
-1.227701 -31.737879 196.990349 -263.669239 0.910978 0.310994 0.270930 -0.303296 0.950250 -0.070965 -0.279520 -0.017525 0.959980
-2.582200 -34.774130 235.874674 819.381140 0.905520 0.328004 0.269159 0.378283 -0.911409 -0.161976 -0.192185 -0.248491 0.949377
-0.427355 -28.347373 198.484136 933.148175 0.924462 0.262473 0.276547 0.367454 -0.806853 -0.462563 -0.101722 -0.529240 0.842352
-2.110842 -32.049602 138.817396 994.075884 0.931937 0.216688 0.290755 0.345488 -0.774120 -0.530449 -0.110137 -0.594798 0.796295
-6.386533 -51.845544 147.078504 2010.626374 0.863773 0.350380 0.362119 0.480887 -0.787847 -0.384765 -0.150481 -0.506488 0.849014
-7.964704 -11.584046 77.313577 45.109167 0.905699 0.265170 0.330749 -0.412961 0.375607 0.829689 -0.095777 0.888034 -0.449691
-9.670050 -11.713117 99.592506 36.336268 0.920082 0.357759 0.159553 -0.312800 0.425808 0.849025 -0.235808 0.831081 -0.503685
-7.967335 -11.242957 85.317718 -11.105485 0.914618 0.270982 0.300071 -0.370371 0.263849 0.890623 -0.162169 0.925718 -0.341684
-6.889296 -11.278756 34.042724 -5.468270 0.919833 0.163974 0.356398 -0.388091 0.247455 0.887779 -0.057380 0.954923 -0.291254
-1.426003 -4.327812 -30.386961 68.253071 0.250787 -0.620825 0.742753 0.730464 -0.382130 -0.566038 0.635239 0.684509 0.357656
-0.742336 -3.115873 -30.585728 40.064275 0.031374 -0.459089 0.887836 0.751522 -0.574791 -0.323775 0.658962 0.677386 0.326982
-1.200383 -4.208537 -10.743830 63.251400 0.251922 -0.605393 0.755006 0.749001 -0.372055 -0.548246 0.612808 0.703615 0.359711
-1.465937 -5.015882 -22.597392 83.241512 0.331899 -0.652519 0.681221 0.728243 -0.281776 -0.624712 0.599588 0.703436 0.381671
-1.547042 -5.183185 32.970902 87.527126 0.363251 -0.647217 0.670194 0.742727 -0.233129 -0.627700 0.562499 0.725784 0.396021
-1.546815 -5.958430 -1.262300 110.371392 0.397605 -0.660501 0.636906 0.728697 -0.194516 -0.656631 0.557594 0.725191 0.403964
-2.464175 -10.490620 -63.523650 94.431255 -0.157675 0.681920 -0.714229 0.700314 0.587145 0.405981 -0.696203 0.436172 0.570136
-3.746683 -11.079350 81.522884 113.665345 0.214533 -0.592417 0.776542 0.696592 0.650106 0.303515 -0.684643 0.475819 0.552142
-2.516998 -11.515816 -59.072174 1.641410 -0.134822 0.677783 -0.722796 0.611686 0.630801 0.477421 -0.779527 0.377757 0.499636
-1.632289 -10.915769 -23.279865 4.204074 -0.101017 0.725430 -0.680843 0.605213 0.587963 0.536672 -0.789628 0.357842 0.498434
-1.595390 -11.546472 -32.647783 -49.256232 -0.083986 0.737968 -0.669589 0.495528 0.613917 0.614457 -0.864522 0.280194 0.417244
-2.610141 -12.339217 44.709539 -76.099862 0.121079 -0.666823 0.735315 0.510858 0.676994 0.529814 -0.851096 0.311492 0.422622
4.012355 -9.969965 -302.562341 17.290857 -0.234755 0.136077 -0.962483 0.822244 -0.500320 -0.271286 -0.518465 -0.855081 0.005564
4.606590 -7.012992 -249.166811 191.132746 -0.042256 0.012846 -0.999024 0.953615 -0.297772 -0.044164 -0.298049 -0.954551 0.000333
6.884218 -10.030483 -74.526212 49.247778 -0.196455 0.290916 -0.936362 0.859790 -0.407956 -0.307136 -0.471345 -0.865413 -0.169982
5.814308 -10.968572 -150.989234 22.510189 -0.238562 0.285873 -0.928097 0.723670 -0.584978 -0.366200 -0.647603 -0.758998 -0.067323
2.867012 -11.156626 -393.254317 43.626998 -0.257180 0.161632 -0.952750 0.718119 -0.627772 -0.300345 -0.646655 -0.761431 0.045379
-0.597372 -13.578038 -2.790188 11.286057 0.074534 0.572143 -0.816760 0.902839 -0.386521 -0.188371 -0.423470 -0.723363 -0.545362
-0.348082 -13.190227 21.138877 24.520676 0.083772 0.590031 -0.803023 0.916122 -0.362653 -0.170893 -0.392050 -0.721350 -0.570921
-0.518539 -13.377868 -5.527437 52.668265 0.097183 0.566046 -0.818625 0.968931 -0.241771 -0.052148 -0.227438 -0.788124 -0.571955
2.932364 -18.778974 138.800346 209.561789 0.514673 0.769475 -0.378181 -0.463788 0.620839 0.632028 -0.721119 0.149892 -0.676402
0.998313 -17.601582 70.864271 230.213974 0.500203 0.782742 -0.370286 -0.444945 0.599195 0.665574 -0.742847 0.168165 -0.647996
2.476791 -17.841084 117.495863 88.707679 0.520952 0.749997 -0.407570 -0.322334 0.614977 0.719656 -0.790385 0.243533 -0.562123
2.664598 -8.917531 108.386616 12.358126 0.255192 0.400377 -0.880100 -0.186647 0.913515 0.361459 0.948704 0.072027 0.307851
4.313620 -9.180930 159.423124 31.315257 0.303194 0.304365 -0.903015 -0.205851 0.946165 0.249793 0.930429 0.110151 0.349526
1.160079 -9.188512 84.402630 -42.660978 0.243074 0.389428 -0.888403 -0.300191 0.901111 0.312864 0.922388 0.190642 0.335940
0.403604 -9.263356 54.144665 -55.742968 0.214021 0.474993 -0.853567 -0.283201 0.866457 0.411156 0.934876 0.153735 0.319958
-0.715037 -10.454486 12.632928 -122.302860 0.195501 0.525495 -0.828030 -0.420706 0.807626 0.413216 0.885881 0.267573 0.378971
-0.384588 -9.951164 42.909979 -96.772946 0.215608 0.445192 -0.869090 -0.436690 0.840023 0.321967 0.873393 0.310104 0.375526
1.107182 -8.628646 -0.102923 -43.588862 -0.161956 -0.638381 0.752489 -0.395907 0.740529 0.543024 -0.903896 -0.209970 -0.372673
0.844270 -8.532510 12.797120 -21.531724 -0.129450 -0.670897 0.730164 -0.494466 0.681949 0.538932 -0.859503 -0.291277 -0.420014
1.025833 -7.871003 26.520249 -34.522754 -0.144435 -0.657189 0.739758 -0.491699 0.696433 0.522697 -0.858703 -0.288243 -0.423729
1.014773 -7.059674 28.820658 -34.566860 -0.156011 -0.649379 0.744290 -0.483829 0.707170 0.515577 -0.861145 -0.279673 -0.424515
1.159457 -8.332650 15.729625 -92.679533 -0.183180 -0.606891 0.773388 -0.400842 0.764442 0.504930 -0.897648 -0.217513 -0.383297
1.139874 -6.661074 -27.937440 11.947680 0.106339 0.718315 -0.687543 -0.563071 0.613414 0.553781 -0.819538 -0.328247 -0.469693
1.638880 -3.859841 300.686358 118.975040 -0.352565 -0.729375 0.586268 0.928329 -0.351547 0.120913 0.117910 0.586880 0.801043
4.547110 -4.102102 269.775113 111.344369 -0.425135 -0.666277 0.612646 0.892867 -0.419747 0.163097 0.148488 0.616350 0.773346
2.018319 -3.063768 286.639983 87.078221 -0.419241 -0.696882 0.581886 0.895554 -0.422673 0.139031 0.149060 0.579398 0.801298
-1.293081 -40.863900 167.460318 795.362643 0.265416 0.817749 -0.510726 -0.113597 -0.499512 -0.858827 0.957419 -0.285963 0.039684
-2.236133 -42.337687 -117.915171 -659.057800 0.333424 0.787540 -0.518276 0.167840 -0.590536 -0.789365 0.927717 -0.176205 0.329080
-2.286082 -40.124699 -100.243880 1009.722192 0.337829 0.778624 -0.528788 -0.126645 -0.519105 -0.845276 0.932648 -0.352527 0.076760
-1.995616 -39.971006 46.486139 2034.045688 0.292922 0.818329 -0.494505 -0.413754 -0.357770 -0.837143 0.861977 -0.449821 -0.233788
-2.624656 -36.786039 -70.177329 1893.398900 0.323768 0.794226 -0.514179 -0.407033 -0.373667 -0.833485 0.854107 -0.479144 -0.202295
2.494330 -49.351293 -117.835264 978.445940 -0.185437 -0.453503 0.871750 0.958851 -0.277594 0.059554 0.214985 0.846922 0.486318
0.787854 -49.395993 -293.619496 1108.051582 -0.103593 -0.379324 0.919447 0.952365 -0.304410 -0.018285 0.286825 0.873755 0.392789
4.078046 -54.849057 293.672262 -2163.435882 0.126189 0.411318 -0.902715 -0.719166 0.664722 0.202347 0.683284 0.623668 0.379686
0.331891 -47.520501 -151.220898 -788.622962 -0.134167 -0.412794 0.900889 0.975924 0.102718 0.192408 -0.171962 0.905014 0.389074
5.292085 -40.870824 -55.325751 1273.590426 -0.284703 -0.497970 0.819128 0.792216 -0.603350 -0.091443 0.539757 0.622892 0.566275
1.375581 -49.101384 -89.605239 -1060.699374 -0.171323 -0.463554 0.869348 0.952099 0.148955 0.267057 -0.253289 0.873459 0.415830
2.108895 -46.537353 -112.840392 235.356383 -0.211203 -0.461908 0.861414 0.975538 -0.044629 0.215253 -0.060983 0.885804 0.460035
3.992633 -44.025570 -139.323956 888.775315 -0.265073 -0.457948 0.848540 0.939397 -0.321078 0.120173 0.217414 0.828971 0.515304
3.999131 -2.529252 -206.624891 -41.454020 -0.769370 0.461846 0.441325 0.328780 0.878621 -0.346308 -0.547699 -0.121340 -0.827830
6.093701 -2.288879 -210.710989 -48.589462 -0.711872 0.539027 0.450209 0.375160 0.833776 -0.405059 -0.593711 -0.119450 -0.795763
4.504373 -2.224187 -232.297310 -37.187204 -0.769361 0.477812 0.424003 0.326328 0.864563 -0.382154 -0.549175 -0.155651 -0.821084
5.728682 -2.537432 -200.389628 -52.844700 -0.713031 0.529667 0.459391 0.380713 0.842693 -0.380692 -0.588765 -0.096549 -0.802517
1.622564 -2.502754 -151.235634 -55.887148 -0.820551 0.336016 0.462374 0.210719 0.929807 -0.301756 -0.531313 -0.150175 -0.833759
5.356082 -2.759423 -187.176292 -28.557293 -0.707833 0.533713 0.462734 0.401265 0.842925 -0.358418 -0.581342 -0.068021 -0.810811
1.472503 -2.775527 -140.321904 -59.295311 -0.823706 0.314408 0.471864 0.202798 0.940497 -0.272649 -0.529510 -0.128889 -0.838455
1.299360 -3.083740 -138.970815 -19.213786 -0.822069 0.318062 0.472270 0.223900 0.943191 -0.245478 -0.523518 -0.096058 -0.846582
3.916856 -20.217481 -16.880132 753.569737 0.486689 0.674577 -0.555049 -0.667067 0.697232 0.262468 0.564052 0.242515 0.789323
8.405905 -30.895953 129.813538 1637.294651 0.445562 0.677899 -0.584746 -0.565841 0.719400 0.402848 0.693757 0.151380 0.704121
11.033543 -19.197772 506.599969 891.558709 0.682728 0.397508 -0.613082 -0.373052 0.911098 0.175304 0.628263 0.109026 0.770324
-286.681832 -501.868059 44951.568976 22995.249699 0.066821 0.964734 -0.254606 -0.215897 -0.235151 -0.947678 0.974127 -0.118293 -0.192570
-684.113329 -2409.887317 -34116.466734 321248.577970 -0.074692 0.980861 0.179813 0.531831 0.191714 -0.824865 0.843550 -0.034020 0.535972
-100.042723 -555.463871 4289.389019 9254.321627 -0.403455 -0.546596 -0.733796 0.844021 0.087376 -0.529144 0.353345 -0.832825 0.426086
-66.712751 -451.550828 3681.292177 21601.510452 -0.558072 0.132390 -0.819163 0.563007 0.785610 -0.256593 0.609572 -0.604392 -0.512963
-40.340221 -410.469491 2192.525010 -21696.742702 -0.461253 0.255288 -0.849749 -0.388785 0.802723 0.452197 0.797554 0.538947 -0.271006
180.830003 -668.148327 -31444.957215 616668.540037 -0.157961 0.096390 -0.982729 0.870928 0.482596 -0.092656 0.465331 -0.870523 -0.160180
1.005497 -4.870549 -123.956090 -120.417604 -0.818627 0.307747 0.484914 0.262073 0.951455 -0.161404 -0.511046 -0.005047 -0.859539
0.423977 -5.807976 -112.239542 -158.651682 -0.825340 0.279595 0.490551 0.258745 0.959485 -0.111537 -0.501861 0.034871 -0.864245
2.337094 -5.081415 -168.491936 -107.779609 -0.788941 0.386223 0.477916 0.343782 0.922090 -0.177664 -0.509299 0.024133 -0.860251
-2.136605 -18.603191 14.223946 -454.414674 0.739516 -0.115684 -0.663124 0.604997 0.546125 0.579419 -0.295119 0.829677 -0.473857
-1.522335 -19.168393 132.007540 -471.625462 0.780097 -0.129804 -0.612046 0.569302 0.553015 0.608333 -0.259507 0.822998 -0.505303
-1.884520 -14.681075 85.178276 -360.009152 0.800368 -0.095144 -0.591911 0.479931 0.693370 0.537499 -0.359274 0.714273 -0.600613
-3.822236 -9.065452 8.272852 40.828013 -0.096872 -0.366339 0.925425 -0.137437 0.925814 0.352106 -0.985762 -0.093079 -0.140034
-4.170646 -9.584118 -24.746232 47.053289 -0.069145 -0.277618 0.958200 -0.163316 0.950691 0.263658 -0.984148 -0.138259 -0.111075
-3.532932 -8.807733 -14.632219 43.888975 -0.077300 -0.394642 0.915578 -0.025098 0.918805 0.393914 -0.996692 0.007471 -0.080928
-3.281297 -8.409795 31.177182 42.502247 -0.102297 -0.482712 0.869784 -0.006522 0.874678 0.484661 -0.994733 0.043906 -0.092625
-3.742999 -8.672843 28.031840 29.348792 -0.127364 -0.454016 0.881843 -0.121625 0.889523 0.440404 -0.984371 -0.051162 -0.168513
0.248381 -11.227113 57.431151 14.673747 0.006026 -0.685206 0.728324 0.998854 -0.030456 -0.036917 0.047478 0.727712 0.684237
0.325936 -10.745164 85.166060 100.561172 -0.006120 -0.686478 0.727125 0.962577 -0.201057 -0.181716 0.270937 0.698802 0.662019
-0.288317 -11.490347 71.628092 30.848412 -0.019161 -0.679401 0.733517 0.996673 -0.071114 -0.039833 0.079225 0.730313 0.678503
0.606373 -21.062558 -78.982437 638.309372 0.113486 0.894981 -0.431427 -0.130246 0.443886 0.886567 -0.984965 0.044421 -0.166943
0.116996 -47.953484 -20.516549 2842.597225 0.160994 0.857570 -0.488523 -0.123462 0.508591 0.852111 -0.979203 0.076871 -0.187757
0.941300 -23.346523 -81.445024 527.567894 0.139428 0.866242 -0.479776 -0.050856 0.490133 0.870163 -0.988925 0.096926 -0.112392
0.314502 -17.602359 -52.178183 -443.192847 0.125589 0.858914 -0.496483 -0.053322 0.505566 0.861139 -0.990648 0.081676 -0.109292
0.714140 -19.404641 0.423339 -840.720575 0.161688 0.816699 -0.553949 0.022880 0.558082 0.829470 -0.986577 0.146790 -0.071549
1.211245 -19.487532 -64.883974 -614.354726 0.171232 0.824251 -0.539712 -0.052847 0.554698 0.830372 -0.983812 0.113665 -0.138541
2.102448 -16.624537 -93.001787 93.098880 0.185041 0.863715 -0.468781 -0.051024 0.484819 0.873125 -0.981405 0.137645 -0.133781
4.227696 -96.103056 -184.192259 6293.815845 0.205058 0.848663 -0.487568 0.029211 0.492625 0.869751 -0.978314 0.192591 -0.076227
-10.998678 -14.763584 121.125276 141.994238 -0.179515 0.722211 -0.667971 -0.115165 -0.689760 -0.714820 0.976991 0.051394 -0.206996
-10.803011 -18.170888 -12.079678 367.780767 -0.008674 0.967946 -0.251009 -0.167907 -0.248864 -0.953873 0.985765 -0.033872 -0.164683
-8.988762 -12.432936 -10.745101 -229.707290 -0.326793 0.404748 -0.854041 0.186538 0.913502 0.361550 0.926504 -0.041159 -0.374027
-8.117302 -12.437977 -19.082888 40.741444 0.291932 0.783268 -0.548877 -0.735235 0.550824 0.394997 -0.611723 -0.288241 -0.736690
-8.107551 -11.993059 -24.618331 36.485706 0.284389 0.799066 -0.529733 -0.636921 0.570458 0.518564 -0.716557 -0.189924 -0.671174
-8.825131 -12.069364 -47.218527 20.368353 0.347352 0.846018 -0.404475 -0.669359 0.525772 0.524903 -0.656739 -0.088413 -0.748917
-20.616912 -133.746338 1732.917212 -11064.544344 0.386040 0.855413 -0.345313 0.916350 -0.398682 0.036806 -0.106186 -0.330636 -0.937766
-12.683510 -43.351387 856.342868 -4091.362605 0.178054 0.794794 -0.580171 0.965263 -0.026502 0.259933 0.191217 -0.606300 -0.771904
-11.235009 -683.862049 81.076854 -58759.093990 0.179852 0.629282 -0.756080 0.889803 -0.431779 -0.147707 -0.419409 -0.646197 -0.637594
-7.590074 -21.335475 597.316615 -1177.977568 -0.095837 0.769587 -0.631310 0.994135 0.105927 -0.021787 0.050106 -0.629695 -0.775225
-2.693014 -6.012246 -11.641797 -89.695650 0.846323 -0.510470 -0.152177 0.371602 0.770491 -0.517935 -0.381641 -0.381791 -0.841775
-3.577360 -6.922294 -0.757828 -73.501283 -0.818252 0.559084 0.133752 0.458732 0.775259 -0.434210 -0.346452 -0.293936 -0.890827
-4.268197 -6.473445 -76.687765 -53.713946 -0.902147 0.343294 0.261306 0.231768 0.896490 -0.377609 -0.363889 -0.280096 -0.888330
-0.521075 -9.349100 4.502451 31.369361 0.092364 0.654700 -0.750224 0.899531 0.268225 0.344818 0.426982 -0.706698 -0.564149
-0.632047 -8.948345 -0.786257 17.685070 0.111742 0.652774 -0.749266 0.809003 0.378100 0.450060 0.577085 -0.656449 -0.485847
-0.536544 -9.448727 -5.802795 33.144415 0.117354 0.639731 -0.759587 0.908148 0.240383 0.342759 0.401866 -0.730041 -0.552761
-0.559769 -8.809995 7.265222 11.573958 0.094944 0.662842 -0.742715 0.793942 0.399664 0.458175 0.600534 -0.633174 -0.488313
-0.278301 -9.978512 2.022409 34.291242 0.099928 0.639932 -0.761907 0.968225 0.113887 0.222643 0.229247 -0.759946 -0.608218
-0.716793 -9.091747 0.141821 20.406978 0.083753 0.669196 -0.738351 0.885364 0.290055 0.363317 0.457292 -0.684138 -0.568189
-0.478384 -9.780250 4.977734 27.869003 0.070964 0.657893 -0.749760 0.963319 0.149823 0.222643 0.258806 -0.738058 -0.623129
-0.202030 -16.465794 -13.515965 17.021543 0.399289 0.672577 -0.623064 -0.173666 0.722770 0.668913 0.900227 -0.158884 0.405398
-0.323155 -16.409148 -16.507846 5.173065 0.400192 0.661609 -0.634129 0.062971 0.670467 0.739262 0.914265 -0.335778 0.226653
-0.632133 -16.052512 -17.750851 10.791217 0.392972 0.666192 -0.633846 -0.088275 -0.658786 -0.747134 0.915303 -0.349556 0.200076
-3.558783 -29.861134 -99.430996 703.594170 0.503458 0.812317 -0.294400 0.113121 -0.399770 -0.909609 0.856583 -0.424647 0.293157
-5.131716 -32.394868 -74.337267 152.874335 0.481732 0.812419 -0.328495 0.362039 -0.525881 -0.769661 0.798036 -0.251842 0.547461
-2.599598 -26.289488 -96.711933 1029.171052 0.513778 0.795840 -0.320423 -0.217733 -0.240302 -0.945964 0.829834 -0.555782 -0.049818
-3.369661 -32.637701 -119.792387 -62.664779 0.523493 0.809704 -0.265207 0.447603 -0.526202 -0.723024 0.724988 -0.259791 0.637889
-1.340951 -27.862430 -159.571249 917.169286 0.571389 0.782191 -0.248380 -0.062246 -0.260475 -0.963472 0.818316 -0.565978 0.100144
-1.822859 -29.638032 -150.382264 324.959382 0.546358 0.804418 -0.233246 0.261012 -0.428146 -0.865196 0.795843 -0.411827 0.443884
0.332423 -10.277754 -3.346279 -139.683651 -0.209012 -0.797766 0.565583 0.942582 -0.318406 -0.100785 0.260487 0.512043 0.818510
2.459575 -11.298241 -54.054072 -9.881331 -0.319612 -0.855771 0.406823 0.937400 -0.222893 0.267582 -0.138311 0.466878 0.873439
-0.824002 -11.460892 253.993080 -51.326928 -0.421210 -0.844031 0.331953 0.868168 -0.269315 0.416839 -0.262425 0.463767 0.846199
1.540984 -10.682263 2.066040 -73.534171 -0.354599 -0.846544 0.397018 0.890685 -0.176628 0.418906 -0.284498 0.502161 0.816636
-1.143386 -6.234919 -42.632231 -156.120770 0.215464 0.754630 -0.619766 0.511390 -0.627881 -0.586724 0.831899 0.190524 0.521196
-0.657289 -7.600725 -42.929810 -106.005109 0.240543 0.723275 -0.647312 0.410366 -0.680140 -0.607462 0.879625 0.119514 0.460410
-1.177644 -7.301183 -31.277934 115.613198 0.265088 0.655641 -0.707010 -0.390670 0.743393 0.542903 0.881536 0.132291 0.453204
-1.432888 -7.315601 -351.158365 53.611491 0.498718 0.721104 -0.480925 -0.188380 -0.451413 -0.872204 0.846046 -0.525580 0.089286
-1.603701 -7.050103 -253.741269 69.533837 0.481250 0.732915 -0.480867 -0.242895 -0.415594 -0.876518 0.842259 -0.538625 0.021983
-2.856461 -7.895577 -160.915245 113.962574 0.402296 0.614966 -0.678214 -0.298990 -0.611933 -0.732218 0.865311 -0.497348 0.062310
0.344666 -6.812600 -282.980223 35.932902 0.510893 0.755262 -0.410570 -0.172025 -0.378122 -0.909632 0.842256 -0.535353 0.063256
0.480836 -7.053091 -307.166427 45.700720 0.495002 0.716086 -0.492133 -0.150785 -0.487004 -0.860286 0.855709 -0.500049 0.133093
2.056717 -8.042639 -99.386473 -4.689603 0.239770 0.637829 -0.731905 0.766706 0.338063 0.545780 0.595544 -0.692017 -0.407969
1.598105 -7.940919 -67.642125 -6.253132 0.251184 0.657089 -0.710733 -0.683110 -0.399874 -0.611115 0.685760 -0.639011 -0.348422
2.377055 -8.044365 -63.652670 1.871717 0.270637 0.689423 -0.671902 -0.675027 -0.361713 -0.643041 0.686363 -0.627583 -0.367486
-1.893820 -46.992075 -21.730585 909.734803 -0.318753 0.625418 -0.712214 -0.002430 0.750868 0.660448 0.947835 0.212251 -0.237821
-1.755532 -45.034296 -21.047547 -553.607083 -0.325044 0.620162 -0.713965 0.446247 0.766205 0.462378 0.833793 -0.168312 -0.525795
-2.038675 -48.183070 2.018393 -328.792485 -0.338981 0.608619 -0.717409 0.267199 0.793438 0.546865 0.902051 -0.006314 -0.431583
-1.204801 -46.852488 99.273795 -1077.566073 -0.386750 0.621977 -0.680860 0.502875 0.761121 0.409648 0.773008 -0.183956 -0.607140
-0.774869 -49.620746 105.439688 644.411069 -0.373824 0.622608 -0.687470 0.096393 0.763274 0.638844 0.922477 0.172548 -0.345345
-1.143387 -50.985895 65.268952 1820.608737 -0.358656 0.615175 -0.702086 -0.208420 0.680365 0.702613 0.909905 0.398325 -0.115802
26.955419 -14.419320 348.300015 91.912802 -0.144093 0.847346 0.511118 0.715746 0.445913 -0.537466 0.683334 -0.288385 0.670737
27.356723 -222.461253 -1487.273838 17164.264391 -0.389182 0.580770 -0.715013 0.884885 0.020022 -0.465380 -0.255962 -0.813821 -0.521707
4.294039 -114.076450 89.011525 -1134.935421 -0.239070 0.652544 -0.719050 -0.682379 0.413924 0.602517 -0.690800 -0.634707 -0.346325
3.505865 -166.711773 482.744497 7191.219173 -0.345559 0.587461 -0.731764 0.845330 -0.143704 -0.514554 -0.407437 -0.796391 -0.446940
0.914409 -3.422352 -423.334642 -16.853776 0.776622 -0.554203 -0.299529 0.168781 0.641134 -0.748639 0.606936 0.530855 0.591457
-0.691904 -2.527786 49.194237 -63.887198 -0.085021 0.540896 -0.836781 -0.641618 0.612800 0.461306 0.762298 0.576115 0.294947
-0.616709 -28.486316 -18.291117 379.561497 0.488535 0.663460 -0.566704 -0.027303 -0.637543 -0.769931 0.872117 -0.391611 0.293347
-0.699257 -24.941137 -14.581877 481.646855 0.477148 0.649478 -0.592038 -0.301097 -0.512083 -0.804433 0.825634 -0.562094 0.048784
-2.401549 -3.808512 -7.448992 127.886892 0.299780 0.416227 -0.858421 -0.504590 0.832819 0.227599 0.809642 0.364921 0.459686
-2.517495 -3.118809 2.241605 13.733421 0.199505 0.572011 -0.795614 -0.556965 0.734223 0.388210 0.806218 0.365679 0.465071
-2.376578 -4.094358 -5.121581 123.721753 0.307874 0.454056 -0.836090 -0.497253 0.825994 0.265469 0.811143 0.334017 0.480082
-2.428517 -2.920546 4.693976 22.650338 0.197385 0.537508 -0.819832 -0.558807 0.748807 0.356402 0.805465 0.387780 0.448166
-2.309398 -3.834773 2.684374 90.076080 0.219201 0.490239 -0.843574 -0.543793 0.779246 0.311551 0.810086 0.390437 0.437400
-9.648999 -12.140935 86.009492 89.460061 0.910628 0.360452 0.202067 -0.376293 0.521256 0.765960 -0.170763 0.773542 -0.610306
-11.046640 -12.425756 49.438077 62.820454 0.932119 0.346147 -0.106470 -0.155661 0.648393 0.745222 -0.326991 0.678063 -0.658261
-10.961330 -12.112800 75.329668 35.654306 0.919552 0.343444 -0.190974 -0.045738 0.576214 0.816018 -0.390298 0.741636 -0.545567
-1.364351 -3.892382 50.046697 -13.685452 -0.073724 0.503143 -0.861053 -0.740780 0.550430 0.385062 0.667690 0.666238 0.332139
-0.430688 -3.183029 55.138860 8.321487 0.047888 0.385449 -0.921486 -0.730648 0.642559 0.230806 0.681073 0.662229 0.312399
-0.110388 -2.768778 40.887452 10.342260 0.115828 0.328874 -0.937244 -0.723471 0.674466 0.147257 0.680568 0.661012 0.316053
0.066465 -2.514763 39.541314 -11.450969 0.148693 0.303740 -0.941081 -0.726787 0.678900 0.104285 0.670575 0.668459 0.321702
-0.503573 -2.854041 -28.711443 58.449278 -0.081909 -0.366393 0.926848 0.752590 -0.632408 -0.183488 0.653375 0.682507 0.327544
-4.964884 -9.841964 92.724979 186.062599 0.361549 -0.448021 0.817655 0.725028 0.686475 0.055551 -0.586188 0.572738 0.573022
-5.334226 -12.326279 78.189704 94.080035 0.337462 -0.420162 0.842368 0.665086 0.739698 0.102510 -0.666168 0.525653 0.529064
8.576124 -6.559583 -243.978533 204.987158 -0.006548 0.034544 -0.999382 0.982767 -0.184407 -0.012814 -0.184735 -0.982243 -0.032741
13.431185 -2.980770 539.596027 400.207158 0.506886 -0.095916 -0.856660 0.847937 -0.123377 0.515539 -0.155140 -0.987714 0.018792
-0.118013 -13.311328 -18.239307 77.210897 0.099539 0.552218 -0.827736 0.992644 -0.112732 0.044161 -0.068926 -0.826043 -0.559377
0.423454 -13.044495 -24.465917 66.981228 0.096150 0.551470 -0.828635 0.993205 0.001683 0.116366 0.065567 -0.834193 -0.547561
0.155251 -13.862836 -23.980815 61.333905 0.068695 0.551227 -0.831522 0.991976 -0.126410 -0.001848 -0.106132 -0.824724 -0.555488
1.297284 -18.567969 90.167489 228.426141 0.490845 0.800116 -0.344798 -0.591093 0.596563 0.542883 -0.640063 0.062664 -0.765763
-0.499825 -17.661768 34.935566 252.485392 0.461863 0.814434 -0.351254 -0.572728 0.576245 0.583031 -0.677248 0.068108 -0.732596
-0.466706 -16.476023 42.346355 -0.354964 0.494777 0.786988 -0.368572 -0.459066 0.596814 0.658081 -0.737871 0.156405 -0.656570
6.319342 -9.500260 218.330357 40.179315 0.300549 0.381562 -0.874117 -0.088043 0.923676 0.372923 0.949694 -0.035121 0.311204
9.885339 -9.988189 354.906459 51.836312 0.357000 0.270597 -0.894052 -0.095276 0.962678 0.253324 0.929233 -0.005254 0.369457
6.301445 -9.399517 221.939096 44.767393 0.364531 0.195778 -0.910378 -0.210260 0.969706 0.124345 0.907143 0.146089 0.394652
0.944528 -8.775399 -1.405137 2.550848 -0.133189 -0.670630 0.729737 -0.393224 0.711621 0.582212 -0.909745 -0.209406 -0.358489
-3.636284 -15.329818 115.320488 90.353734 -0.188769 -0.617987 0.763190 0.070234 0.766676 0.638181 -0.979507 0.174071 -0.101321
-1.982269 -17.037208 127.475263 122.192366 -0.143465 -0.668864 0.729409 -0.047028 0.740809 0.670068 -0.988537 0.061829 -0.137736
-2.547087 -15.688008 135.516097 28.281408 -0.136920 -0.684574 0.715969 0.083361 0.712249 0.696959 -0.987068 0.155112 -0.040455
-2.458790 -16.683076 111.817576 86.049799 -0.186392 -0.563744 0.804643 -0.093602 0.825460 0.556646 -0.978006 0.028438 -0.206627
-3.170827 -14.873476 -134.882460 114.215187 0.161713 0.686727 -0.708699 0.196381 0.681394 0.705079 -0.967100 0.253196 0.024670
-4.118516 -14.901348 -95.612907 103.897437 0.205481 0.681945 -0.701946 0.258311 0.654025 0.711004 -0.943956 0.327418 0.041764
-5.021044 -13.730107 67.245493 121.140828 -0.249416 -0.623793 0.740725 0.209465 0.712040 0.670167 -0.945471 0.322306 -0.046932
-4.930687 -14.126174 62.986979 159.069000 -0.253122 -0.482363 0.838603 0.094892 0.850273 0.517717 -0.962769 0.210623 -0.169450
-3.252476 -14.575390 29.404821 -32.691151 -0.250369 -0.392421 0.885054 -0.070985 0.919151 0.387458 -0.965545 0.034182 -0.257983
3.004018 -5.611620 296.868808 85.426632 -0.338272 -0.731946 0.591462 0.940481 -0.284770 0.185476 0.032672 0.619000 0.784711
5.834540 -6.030149 98.174201 80.140786 -0.378990 -0.608714 0.697018 0.919481 -0.332757 0.209349 0.104504 0.720236 0.685813
5.942681 -4.791155 13.455268 96.645254 -0.458067 -0.543305 0.703559 0.860120 -0.470728 0.196492 0.224430 0.695151 0.682932
5.382191 -3.599100 216.262187 43.447818 -0.519406 -0.588659 0.619434 0.831116 -0.516515 0.206053 0.198652 0.621847 0.757525
-0.628846 -43.565553 197.543462 -1004.644051 0.257290 0.809379 -0.527928 0.219605 -0.581000 -0.783718 0.941050 -0.085707 0.327229
1.597212 -47.445993 312.017762 -1983.511557 0.059897 0.386917 -0.920167 -0.738574 0.637301 0.219900 0.671506 0.666440 0.323939
-0.974277 -39.567230 -100.416234 1069.142297 -0.068481 -0.476318 0.876602 0.889976 -0.426233 -0.162075 0.450836 0.769056 0.453101
-0.888493 -43.091470 -89.194787 -174.093544 -0.086985 -0.484215 0.870614 0.994604 0.007385 0.103481 -0.056536 0.874918 0.480960
-0.893386 -42.359759 -41.684339 506.418999 -0.088998 -0.519105 0.850065 0.982331 -0.186815 -0.011236 0.164637 0.834045 0.526559
6.543545 -2.030737 -232.381653 -17.044113 -0.714816 0.545715 0.437303 0.369540 0.825658 -0.426296 -0.593699 -0.143121 -0.791857
10.268089 -80.912454 429.109130 -4302.130481 0.088247 0.398002 -0.913130 0.864155 0.425351 0.268910 0.495428 -0.812816 -0.306400
0.023290 -7.513128 100.434767 -42.362895 0.229699 0.517025 -0.824575 0.820337 0.353053 0.449889 0.523722 -0.779768 -0.343039
19.540883 -403.447060 125.958900 -21919.037758 0.227210 0.481836 -0.846292 0.860043 0.308383 0.406480 0.456839 -0.820203 -0.344332
-566.698343 -1142.428372 112950.100689 -137559.429784 0.086317 0.996245 -0.006772 0.966049 -0.085358 -0.243849 0.243512 -0.014506 0.969790
-1.519491 -9.064931 113.721192 -22.401662 0.880984 -0.011525 -0.473006 0.244128 0.867427 0.433558 -0.405301 0.497432 -0.767002
-1.617530 -11.635198 151.249562 -213.707940 0.847619 -0.069784 -0.525997 0.360782 0.802695 0.474888 -0.389075 0.592294 -0.705556
-0.522961 -12.066321 126.175493 -245.609883 0.860955 -0.036165 -0.507394 0.316065 0.819589 0.477888 -0.398572 0.571810 -0.717060
-4.075350 -9.321920 -55.787797 48.438354 -0.041437 -0.308296 0.950388 -0.052515 0.950562 0.306063 -0.997760 -0.037227 -0.055579
0.732295 -10.741063 -7.121382 45.177536 0.036007 -0.654268 0.755405 0.975430 -0.141390 -0.168955 0.217348 0.742929 0.633101
1.024393 -9.278215 19.253368 120.656019 0.010797 -0.655459 0.755154 0.909764 -0.306974 -0.279456 0.414984 0.690029 0.592999
3.803953 -20.355691 -40.014639 191.827495 0.288605 0.058557 0.955656 0.896040 0.335186 -0.291139 -0.337371 0.940330 0.044267
-0.768955 -101.765340 -206.061164 5393.990998 0.488377 0.273412 0.828694 0.677191 0.480190 -0.557521 -0.550364 0.833465 0.049362
1.788854 -185.218966 -204.614793 12303.472266 0.500584 0.261224 0.825335 0.764476 0.313950 -0.563038 -0.406193 0.912796 -0.042541
-13.667421 -15.328487 306.325517 54.065335 -0.176275 0.895642 -0.408354 0.008263 -0.413490 -0.910471 0.984306 0.163868 -0.065487
-8.981617 -14.132940 -59.403914 -221.033242 -0.270938 0.541655 -0.795740 0.100571 0.838064 0.536222 0.957328 0.065255 -0.281538
-9.319982 -15.264553 -69.624151 -74.774781 -0.257290 0.590302 -0.765078 -0.042784 0.783998 0.619288 0.965387 0.192070 -0.176459
-10.418635 -15.431909 98.861604 0.741344 -0.206306 0.649175 -0.732127 -0.151499 0.718008 0.679347 0.966688 0.251070 -0.049780
-8.420259 -12.279908 -48.097694 39.043420 0.382141 0.780350 -0.494997 0.872495 -0.481175 -0.084987 -0.304499 -0.399406 -0.864728
-8.906205 -11.630444 -73.064943 78.720753 0.466626 0.784951 -0.407568 0.877393 -0.468939 0.101382 -0.111545 -0.404905 -0.907529
-9.804128 -11.355059 -78.331469 59.237903 0.573535 0.773152 -0.270730 0.818492 -0.554404 0.150688 -0.033589 -0.308015 -0.950788
-11.358634 -39.769714 -90.841923 -2962.332536 -0.069263 0.538625 -0.839694 0.990111 0.140049 0.008164 0.121996 -0.830825 -0.542999
-35.767758 -114.527428 -1186.472782 8024.706415 0.048658 0.438171 -0.897574 0.615357 0.694687 0.372486 0.786746 -0.570453 -0.235829
-2.031292 -5.706412 -1.815165 -88.201734 0.828054 -0.552533 -0.095045 0.413240 0.716072 -0.562560 -0.378892 -0.426554 -0.821275
-1.031996 -4.417814 -52.001586 -27.285675 0.912351 -0.213553 -0.349300 -0.008068 0.843638 -0.536852 -0.409329 -0.492616 -0.767971
