12919
25825
-6.080115 -8.429840 42.756760 -81.843454 -0.178624 0.977374 0.113289 0.977889 0.163623 0.130233 0.108750 0.134047 -0.984990
-6.307724 -9.607404 32.353996 82.516859 -0.267150 0.956656 0.115930 -0.936454 -0.229342 -0.265436 0.227343 0.179475 -0.957133
-7.319499 -10.437281 10.208670 197.493912 0.308353 0.932712 0.186992 -0.928408 0.337909 -0.154521 0.207309 0.125958 -0.970133
-5.755637 -9.309047 -10.317641 -69.584442 -0.486788 0.864438 0.125638 0.851811 0.437888 0.287529 0.193535 0.246986 -0.949496
-4.448813 -10.835601 -98.018090 266.418249 0.359498 0.929970 0.076920 -0.930083 0.363771 -0.051141 0.075541 0.053157 -0.995725
-4.522718 -7.377348 -43.759720 -91.578541 0.019158 0.997135 0.073183 0.999450 -0.017117 -0.028417 -0.027083 0.073687 -0.996914
-5.038867 -7.972278 -16.167431 -76.849817 -0.504785 0.857370 0.100541 0.861212 0.492179 0.126782 0.059215 0.150585 -0.986822
-6.553554 -10.522959 -36.141433 -29.940485 0.597172 -0.700821 -0.390174 0.596591 0.062925 0.800075 0.536158 0.710556 -0.455680
-6.453266 -10.392241 30.849081 -14.231817 -0.619375 0.693030 0.368896 0.665445 0.214084 0.715089 0.416603 0.688388 -0.593771
-5.993720 -10.046723 -29.332634 -17.274720 0.679734 -0.622152 -0.388445 0.590232 0.149586 0.793253 0.435418 0.768473 -0.468893
-6.091992 -10.170492 -38.449068 -30.885602 0.661635 -0.620041 -0.421650 0.541501 0.006135 0.840678 0.518668 0.784546 -0.339811
-6.632699 -10.548972 -37.434649 -17.613494 0.591843 -0.678167 -0.435673 0.493668 -0.122305 0.861007 0.637192 0.724659 -0.262404
-7.001193 -10.569250 14.245410 34.903263 -0.481194 0.787588 0.384911 -0.570225 0.052275 -0.819824 0.665805 0.613980 -0.423948
-5.020140 -8.943192 -46.258318 -5.280553 0.149508 0.978607 0.141337 0.655900 -0.205123 0.726443 -0.739894 0.015906 0.672536
-5.304439 -9.203199 -37.539097 33.446296 0.150975 0.986053 0.070035 0.570558 -0.144776 0.808395 -0.807261 0.082089 0.584459
-4.880006 -9.370939 -30.243356 32.906957 0.077516 0.988267 0.131601 0.575861 -0.152134 0.803268 -0.813865 -0.013518 0.580897
-4.458397 -9.564365 -40.480345 5.599951 0.049184 0.984674 0.167324 0.661478 -0.157634 0.733211 -0.748350 -0.074619 0.659094
-0.221402 -2.844771 -29.279605 -28.736163 0.593460 0.770832 0.231566 -0.783173 0.619393 -0.054701 0.185596 0.148893 -0.971280
-0.349895 -2.484250 -15.048172 -23.956790 0.488180 0.837358 0.245992 -0.835274 0.529979 -0.146419 0.252976 0.133992 -0.958149
0.002603 -2.440638 -41.363513 9.048728 0.586721 0.774609 0.236094 -0.786392 0.614592 -0.062162 0.193253 0.149191 -0.969740
-2.815137 -5.705072 -50.175145 54.934024 -0.513266 -0.692075 -0.507534 0.664432 0.053877 -0.745404 0.543220 -0.719812 0.432184
-1.559469 -4.363997 39.020294 74.275418 -0.379915 -0.622331 -0.684374 0.707166 0.281535 -0.648579 0.596306 -0.730371 0.333132
-0.168127 -5.255419 119.444860 56.225419 0.652542 0.693100 0.306269 0.500340 -0.090566 -0.861080 0.569077 -0.715129 0.405883
0.442282 -3.648961 80.390203 94.545738 0.586272 0.689048 0.426025 0.498486 0.107700 -0.860182 0.638590 -0.716668 0.280340
2.661504 -5.919558 221.380124 5.541348 0.643022 0.730754 0.229177 0.530665 -0.209377 -0.821314 0.552194 -0.649739 0.522419
-1.427119 -6.344305 140.762758 9.975711 0.624134 0.717056 0.310304 0.605200 -0.192498 -0.772449 0.494156 -0.669907 0.554107
1.733151 -6.574531 -55.676425 -2.847332 -0.320928 0.888843 -0.327053 0.941993 0.335387 -0.012859 0.098260 -0.312208 -0.944918
2.182433 -6.242549 -3.837486 7.795650 -0.361523 0.897128 -0.253894 0.927794 0.373082 -0.002818 0.092195 -0.236580 -0.967228
1.908002 -6.317832 4.653151 -8.312602 -0.321489 0.909824 -0.262421 0.946890 0.306957 -0.095792 -0.006602 -0.279280 -0.960187
1.695205 -6.412332 -32.874523 -18.988609 -0.276068 0.910656 -0.307395 0.960525 0.249983 -0.122064 -0.034315 -0.328959 -0.943721
83.100042 -16.187240 -4179.472680 -285.205353 -0.429391 0.894727 0.122830 0.785843 0.303136 0.539036 -0.445056 -0.327982 0.833279
37.719157 -13.846707 -8.595661 1.058816 -0.053588 0.947602 -0.314926 0.874112 0.196986 0.443988 -0.482760 0.251488 0.838866
163.469371 -17.961777 7139.115808 298.447290 0.289382 -0.920345 -0.263103 0.927086 0.201061 0.316364 -0.238264 -0.335469 0.911422
40.655838 -11.844055 1828.678417 -28.873073 0.316638 -0.817812 -0.480545 0.864761 0.040704 0.500532 -0.389781 -0.574044 0.720100
102.557650 -15.008497 4402.711751 109.614466 0.201196 -0.773611 -0.600871 0.965106 0.051596 0.256727 -0.167604 -0.631556 0.756998
-2.371513 -13.160010 -14.767749 3.139992 0.177895 -0.456968 0.871512 0.853025 -0.369939 -0.368095 0.490614 0.808904 0.323994
-2.567798 -13.121470 -8.058274 -23.902202 0.185610 -0.508818 0.840627 0.871170 -0.310527 -0.380310 0.454546 0.802918 0.385630
-2.129869 -13.895351 -10.066951 -79.270840 0.190184 -0.494093 0.848353 0.759917 -0.473016 -0.445850 0.621575 0.729471 0.285509
-2.001660 -14.237800 -15.279339 -64.393855 0.174936 -0.441288 0.880149 0.760101 -0.507669 -0.405610 0.625815 0.739958 0.246614
-2.298446 -13.519310 -9.142123 -26.050773 0.150852 -0.409372 0.899810 0.890922 -0.338128 -0.303194 0.428371 0.847398 0.313711
-2.387613 -13.573451 49.906820 -119.275594 -0.010512 0.940401 0.339904 -0.921616 0.122773 -0.368173 0.387962 0.317131 -0.865398
-1.906689 -12.185389 22.889997 -128.270288 0.015173 0.933850 0.357344 -0.826768 0.212712 -0.520777 0.562339 0.287539 -0.775304
-2.711670 -12.456185 53.955181 -119.976923 0.047386 0.936770 0.346722 -0.819016 0.235143 -0.523374 0.571810 0.259170 -0.778373
-1.546081 -12.868143 30.063601 -111.798080 -0.051755 0.928738 0.367106 -0.906703 0.110377 -0.407070 0.418582 0.353924 -0.836377
-1.634648 -13.657510 42.591904 53.206032 -0.050168 0.932729 0.357071 0.974504 -0.032571 0.221995 0.218691 0.359104 -0.907314
2.575983 -6.027555 -18.439807 0.448010 -0.089972 0.737163 0.669699 0.473280 -0.560004 0.680001 -0.876305 -0.378136 0.298500
2.838202 -5.974613 1.942746 92.224432 -0.072549 0.739270 0.669490 0.636526 -0.482458 0.601721 -0.767835 -0.469802 0.435563
2.674734 -5.663405 -47.215412 40.860712 -0.104780 0.682828 0.723026 0.567860 -0.555772 0.607167 -0.816429 -0.474197 0.329517
2.380602 -6.558656 -21.953999 1.119718 -0.113599 0.742704 0.659914 0.342758 -0.594138 0.727679 -0.932530 -0.308855 0.187074
2.516249 -6.181664 -8.223920 -83.079228 -0.085370 0.769059 0.633451 0.382107 -0.561888 0.733673 -0.920166 -0.304679 0.245895
2.243709 -5.835858 -18.176924 -3.885708 -0.108275 0.703137 0.702762 0.434341 -0.602418 0.669658 -0.894217 -0.377745 0.240174
2.848471 -5.193334 -71.619672 -43.402883 0.837878 0.422197 0.345992 0.232716 0.297071 -0.926062 0.493765 -0.856445 -0.150657
2.850370 -4.993626 -135.198052 -27.684907 0.822899 0.382739 0.419938 0.343346 0.253915 -0.904235 0.452715 -0.888278 -0.077534
4.229552 -5.567346 -68.665077 -56.512447 0.769980 0.466603 0.435216 0.322006 0.304700 -0.896365 0.550857 -0.830325 -0.084364
3.709948 -5.069522 -114.908865 -15.614447 0.780598 0.422094 0.460981 0.382599 0.260530 -0.886421 0.494252 -0.868309 -0.041876
4.139891 -5.636336 -96.896468 -40.091811 0.826647 0.437235 0.354231 0.195171 0.367648 -0.909254 0.527790 -0.820768 -0.218579
5.146774 -5.367426 -82.525993 6.271141 0.779601 0.463609 0.421057 0.223285 0.422380 -0.878487 0.585120 -0.778885 -0.225771
2.023974 -8.553136 32.569850 -10.299674 0.426810 0.866758 0.258000 -0.542970 0.473754 -0.693355 0.723199 -0.155845 -0.672827
2.326134 -7.872672 10.448012 -58.737176 0.435187 0.873043 0.220020 -0.428916 0.415896 -0.801911 0.791608 -0.254611 -0.555454
2.229030 -8.013535 -1.028300 -42.426493 0.420809 0.874284 0.241966 -0.466102 0.437214 -0.769151 0.778247 -0.210884 -0.591489
2.116167 -8.256824 1.529761 -25.649325 0.414256 0.868293 0.272871 -0.560541 0.479593 -0.675118 0.717067 -0.126717 -0.685389
2.500753 -6.691608 7.939308 -86.974643 0.440018 0.868069 0.229870 -0.295692 0.381770 -0.875682 0.847909 -0.317345 -0.424667
2.485462 -7.285155 -8.300045 -59.347071 0.405748 0.884720 0.229431 -0.372374 0.389260 -0.842505 0.834689 -0.256411 -0.487388
2.525849 -6.164710 -18.620995 -65.300746 0.401137 0.882645 0.245003 -0.253022 0.363825 -0.896444 0.880380 -0.297606 -0.369272
-0.879064 -22.103449 -30.638044 -319.321987 -0.099406 0.369390 -0.923942 -0.050436 0.925477 0.375430 0.993768 0.083920 -0.073368
-1.139130 -26.452309 -12.900165 -438.134954 -0.131399 0.359493 -0.923850 -0.287853 0.877942 0.382569 0.948618 0.316202 -0.011879
-1.423888 -28.662726 -14.204452 -425.675587 -0.114252 0.378230 -0.918634 -0.355155 0.848030 0.393332 0.927799 0.371196 0.037441
-0.780561 -29.384350 -19.075845 -613.130754 -0.115988 0.395370 -0.911169 -0.246379 0.877237 0.412010 0.962208 0.272281 -0.004338
-1.443218 -34.302811 -5.010671 -444.990853 -0.133088 0.390522 -0.910923 -0.601902 0.698349 0.387328 0.787402 0.599835 0.142114
0.280965 -36.115143 -6.041844 -34.150454 0.043015 -0.302473 0.952187 0.914716 -0.371375 -0.159294 0.401801 0.877833 0.260702
0.371265 -38.290861 1.122740 -254.925669 0.078449 -0.338038 0.937857 0.744344 -0.605951 -0.280669 0.663172 0.720107 0.204080
0.292968 -38.664778 -13.738549 -449.155906 0.048411 -0.303419 0.951627 0.947627 -0.287170 -0.139770 0.315688 0.908554 0.273626
0.645368 -34.960175 -21.704655 -145.301174 -0.060264 0.334757 -0.940376 -0.707712 0.650038 0.276755 0.703926 0.682194 0.197738
6.963097 -24.081140 48.131105 128.404822 0.714312 -0.574721 0.399316 0.281393 -0.286563 -0.915806 -0.640762 -0.766536 0.042972
5.521141 -26.030071 65.824991 490.943400 0.765666 -0.492747 0.413468 0.377629 -0.176023 -0.909072 -0.520722 -0.852184 -0.051301
6.647941 -26.708121 10.207198 807.593992 0.704227 -0.587294 0.398937 0.506839 0.022383 -0.861750 -0.497171 -0.809064 -0.313426
8.377976 -95.511732 -385.352171 1160.520012 0.580403 0.089878 -0.809354 -0.537871 -0.703920 -0.463887 0.611414 -0.704570 0.360214
43.924126 -259.504722 -3442.330682 -20154.307615 0.675307 -0.016075 -0.737362 0.708415 0.292302 0.642424 0.205205 -0.956191 0.208781
0.715391 -163.491511 -475.184546 7225.087048 0.705513 0.098749 -0.701784 0.323532 0.836157 0.442908 0.630538 -0.539527 0.557971
12.090143 -91.783375 -597.076025 2943.530475 0.546021 0.057268 -0.835812 0.119819 0.982066 0.145565 0.829159 -0.179628 0.529367
16.575479 -157.535221 68.363873 5447.729866 0.249108 0.242047 -0.937741 0.225942 0.927022 0.299301 0.941751 -0.286433 0.176239
12.570132 -74.242885 -192.989022 -2353.627517 0.327057 0.212120 -0.920890 0.789045 0.474965 0.389636 0.520040 -0.854057 -0.012032
1189.284617 -18.765829 -1338458.791860 4176.311048 0.293268 0.837161 0.461687 0.314211 -0.540495 0.780472 -0.902921 0.083820 0.421555
-12.521143 -707.356798 684.020946 65265.228191 0.268078 -0.411937 0.870886 0.961330 0.055198 -0.269809 0.063073 0.909539 0.410805
471.947396 -76.268348 -252424.988194 3496.722132 0.360685 0.882325 0.302340 0.108612 -0.361688 0.925951 -0.926342 0.301139 0.226287
-21.833826 -280.654249 -1221.233410 112513.853540 -0.176308 0.537473 -0.824644 0.983641 0.127661 -0.127097 0.036964 -0.833562 -0.551188
-1.556025 -5.061367 43.343823 -17.820574 -0.152629 0.825899 -0.542766 0.796666 0.427817 0.426961 -0.584831 0.367236 0.723263
-0.636676 -4.758033 27.278820 -31.210803 -0.290000 0.719740 -0.630773 0.725018 0.595449 0.346105 -0.624699 0.356951 0.694505
-0.256991 -4.525975 63.883514 -42.010033 -0.223224 0.755157 -0.616367 0.704891 0.561802 0.433022 -0.673276 0.337811 0.657711
-1.463437 -5.078580 11.268791 2.699528 -0.200354 0.797381 -0.569247 0.832450 0.444930 0.330250 -0.516610 0.407703 0.752923
-0.510068 -4.694184 -101.569464 36.902140 -0.625817 0.750588 0.212060 0.145539 -0.154731 0.977178 -0.766271 -0.642398 0.012407
-1.916023 -5.116414 -74.724650 -6.038518 -0.628165 0.778078 -0.001546 0.066088 0.055334 0.996278 -0.775268 -0.625725 0.086181
-1.886517 -5.234548 -92.198850 28.839504 -0.613662 0.774371 0.154172 0.098714 -0.118485 0.988037 -0.783374 -0.621540 0.003731
-1.538377 -5.008832 -10.438246 -40.622268 -0.473452 0.757009 0.450312 0.564366 -0.131802 0.814935 -0.676265 -0.639973 0.364828
-1.284252 -4.930434 -8.861456 -43.709541 -0.585451 0.777557 0.229459 0.407454 0.037519 0.912455 -0.700877 -0.627692 0.338784
-0.778942 -4.369640 -17.413907 -44.870830 -0.481718 0.757234 0.441072 0.496624 -0.178798 0.849350 -0.722020 -0.628194 0.289930
-2.041750 -5.584713 1.951968 -31.125163 -0.587205 0.779818 0.216967 0.476677 0.116513 0.871323 -0.654193 -0.615069 0.440138
-0.510049 -4.286690 -9.698764 -39.444857 -0.373216 0.709207 0.598110 0.583689 -0.321612 0.745569 -0.721122 -0.627368 0.293925
-2.027608 -5.627840 9.969023 -44.752913 0.405099 -0.728923 -0.551876 0.676314 -0.167268 0.717371 -0.615219 -0.663847 0.425221
-2.373935 -5.885839 2.641439 -40.365138 0.513296 -0.770146 -0.378685 0.600684 0.007256 0.799453 -0.612948 -0.637827 0.466339
-0.091162 -67.008373 -241.218439 -2008.004514 0.329984 -0.166392 0.929206 0.869903 0.435848 -0.230877 -0.366577 0.884505 0.288568
-3.884115 -130.389578 -462.989575 6255.026091 0.275642 -0.153139 0.948984 0.934936 -0.186746 -0.301697 0.223420 0.970399 0.091700
4.129882 -162.173488 -200.261385 7939.184139 0.317216 -0.214070 0.923877 0.925643 -0.142030 -0.350732 0.206299 0.966438 0.153098
1.781416 -5.544151 146.835101 -36.695638 0.271043 0.756085 0.595711 0.934751 -0.059045 -0.350362 -0.229730 0.651804 -0.722755
5.169666 -3.662920 247.789336 -28.176157 0.137785 0.761196 0.633716 0.946121 0.088146 -0.311587 -0.293038 0.642504 -0.708038
4.137129 -3.828665 141.319353 -74.438391 0.204738 0.807191 0.553647 0.938901 -0.002075 -0.344180 -0.276670 0.590287 -0.758298
-3.384971 -4.461238 -130.184022 -46.468937 -0.254060 0.863984 0.434724 0.666763 0.482052 -0.568378 0.700629 -0.145455 0.698542
-3.580291 -5.304425 -128.487045 111.350576 0.315393 0.943261 -0.103855 0.700073 -0.305160 -0.645581 0.640644 -0.130906 0.756597
-2.320571 -4.253505 -85.194969 63.459335 0.142173 0.983136 0.115022 0.726766 -0.024789 -0.686437 0.672010 -0.181187 0.718035
-1.933682 -3.911756 -105.497435 -47.195198 -0.191251 0.888575 0.416962 0.667264 0.429245 -0.608693 0.719848 -0.161811 0.675008
0.525372 -1.256991 -140.121370 6.568483 0.891412 -0.003332 0.453182 -0.230782 -0.863943 0.447597 -0.390032 0.503579 0.770897
-0.817519 -1.717920 -99.742531 54.868474 0.806891 -0.220381 0.548051 -0.445748 -0.835963 0.320116 -0.387603 0.502592 0.772765
2.069065 -1.408799 -164.333878 28.555290 0.896886 0.016990 0.441936 -0.209868 -0.863238 0.459104 -0.389296 0.504512 0.770660
0.806889 -8.355511 -21.238204 50.066323 0.942790 0.306618 -0.130890 -0.332435 0.834961 -0.438551 0.025180 -0.456974 -0.889124
1.059164 -9.261961 -3.564920 51.090175 0.934239 0.331907 -0.130517 -0.344867 0.747435 -0.567810 0.090907 -0.575481 -0.812747
1.139817 -8.495962 -5.165226 58.283383 0.935961 0.334257 -0.110679 -0.345971 0.814625 -0.465500 0.065435 -0.473981 -0.878100
1.077478 -7.566634 -14.264983 48.372849 0.942908 0.313029 -0.113744 -0.332973 0.878489 -0.342615 0.007325 -0.360928 -0.932565
1.244190 -7.667839 -1.342327 54.485689 0.937577 0.334395 -0.095545 -0.345253 0.861915 -0.371353 0.041827 -0.381160 -0.923563
1.338676 -8.147840 -5.428542 63.449135 0.932218 0.349336 -0.094518 -0.352893 0.819579 -0.451394 0.080224 -0.454153 -0.887305
0.528559 -10.118369 7.703398 70.162399 0.953772 0.271215 -0.129464 -0.294174 0.754399 -0.586808 0.061484 -0.597766 -0.799309
0.195012 -8.849561 -11.510469 46.050269 0.958382 0.259825 -0.118301 -0.284257 0.830002 -0.479889 0.026497 -0.493545 -0.869317
0.280138 -9.853512 20.534826 79.119732 0.962498 0.250906 -0.103169 -0.267856 0.818608 -0.508069 0.043023 -0.516650 -0.855115
0.333650 -11.311161 29.740232 89.865083 0.957635 0.265098 -0.112512 -0.274286 0.720524 -0.636877 0.087767 -0.640756 -0.762711
0.865512 -11.138816 15.724931 77.985763 0.948152 0.284717 -0.141224 -0.298306 0.643959 -0.704507 0.109643 -0.710108 -0.695504
-2.284959 -14.614304 18.522986 -76.333935 0.985004 0.134017 -0.108657 -0.114699 0.038193 -0.992666 0.128884 -0.990243 -0.052992
-1.282463 -15.040087 54.268243 -89.852394 0.979276 0.173157 -0.105050 -0.086143 -0.113320 -0.989817 0.183298 -0.978353 0.096056
-1.953392 -13.290161 36.884796 -67.263369 0.978328 0.147130 -0.145693 -0.110361 -0.224831 -0.968128 0.175197 -0.963226 0.203721
-1.080695 -13.637744 52.123511 -48.166667 0.975120 0.168463 -0.144090 -0.068652 -0.388548 -0.918867 0.210781 -0.905898 0.367316
-2.518141 -13.717457 8.000819 -57.191970 0.985593 0.084205 -0.146683 -0.145172 -0.023837 -0.989119 0.086786 -0.996163 0.011269
-2.324310 -12.749309 10.975727 -68.117906 0.983540 0.088309 -0.157640 -0.136132 -0.211533 -0.967844 0.118816 -0.973373 0.196029
-2.081617 -12.255773 14.293359 -50.174077 0.981136 0.090115 -0.171032 -0.123895 -0.386030 -0.914128 0.148400 -0.918074 0.367583
-1.652066 -12.765815 46.591201 -32.768476 0.974940 0.140525 -0.172465 -0.095208 -0.437102 -0.894358 0.201064 -0.888366 0.412770
2.372532 -8.694645 -48.864338 -83.187525 0.978040 -0.189821 -0.086051 0.207840 0.918977 0.335088 -0.015472 0.345615 -0.938249
2.071853 -11.832595 -24.125398 -290.397423 0.991609 -0.127908 -0.018728 0.123479 0.894310 0.430074 0.038261 0.428777 -0.902600
1.767437 -9.449570 -36.480513 -114.159125 0.984067 -0.163201 -0.070550 0.177793 0.900428 0.397014 0.001268 0.403231 -0.915097
1.318629 -7.558795 -46.531702 74.713918 0.961381 -0.234097 -0.144727 0.269470 0.907587 0.321982 -0.055977 0.348547 -0.935618
2.392477 -7.717129 -61.499972 45.516445 0.961474 -0.237346 -0.138686 0.264045 0.937717 0.225758 -0.076465 0.253680 -0.964261
2.702131 -8.084975 -21.033244 7.804372 0.971471 -0.229749 -0.058813 0.237150 0.943104 0.233053 -0.001923 0.240352 -0.970684
0.772706 -7.851331 -70.133916 -45.377416 0.912371 0.368554 -0.178174 -0.186179 -0.014045 -0.982415 0.364576 -0.929500 -0.055802
0.511288 -8.531797 -51.625427 7.141791 0.909079 0.374995 -0.181532 -0.160499 -0.086872 -0.983206 0.384467 -0.922947 0.018787
0.607513 -8.319566 5.805440 87.313573 0.888672 0.413590 -0.198003 -0.190973 -0.058750 -0.979836 0.416883 -0.908566 -0.026775
-0.331758 -8.771395 31.765956 -69.767369 0.982042 0.126114 -0.140320 -0.181910 0.435711 -0.881513 0.050032 -0.891208 -0.450828
-0.176438 -11.647505 15.808154 60.309322 0.971235 0.140414 -0.192320 -0.233556 0.404280 -0.884313 0.046418 -0.903793 -0.425445
-0.574273 -11.081530 43.020910 235.865784 0.967824 0.157891 -0.195927 -0.240816 0.355388 -0.903165 0.072971 -0.921287 -0.381976
0.094095 -13.888057 -2.078339 -298.934130 0.988158 0.096157 -0.119570 -0.152714 0.540745 -0.827208 0.014885 -0.835673 -0.549026
-0.742348 -8.725824 19.999314 144.057347 0.985098 0.111331 -0.131100 -0.164550 0.388227 -0.906754 0.050053 -0.914814 -0.400761
-0.381732 -7.452765 6.941361 -106.980943 0.994035 0.079945 -0.074182 -0.102459 0.451505 -0.886367 0.037367 -0.888680 -0.457003
-0.049482 -10.755287 10.892112 -323.806616 0.989128 0.103392 -0.104571 -0.142916 0.508376 -0.849193 0.034638 -0.854906 -0.517625
-2.449506 -13.574286 4.418732 -17.074370 0.989608 -0.068014 -0.126686 0.075188 0.995774 0.052726 0.122565 -0.061704 0.990541
-2.757003 -13.158952 -1.669432 26.502361 0.991356 -0.072778 -0.109167 -0.103309 -0.945906 -0.307553 0.080879 -0.316173 0.945248
-2.484980 -13.581215 1.163020 18.627309 0.987338 -0.045367 -0.152003 -0.075941 -0.976471 -0.201837 0.139270 -0.210825 0.967552
-2.093789 -13.234387 16.034913 31.492364 0.983590 -0.001197 -0.180415 -0.068785 -0.926938 -0.368855 0.166792 -0.375212 0.911809
-1.852075 -13.599877 29.932835 -7.498317 0.979439 -0.019421 -0.200802 0.046661 0.990174 0.131829 0.196269 -0.138488 0.970721
4.154160 -15.001550 -93.461175 -50.877728 0.988430 0.142823 0.051062 -0.084401 0.797629 -0.597215 0.126025 -0.585995 -0.800455
2.994616 -17.052086 -64.568182 72.167285 0.995832 0.082003 0.039936 -0.052616 0.874115 -0.482861 0.074505 -0.478747 -0.874786
3.196449 -15.846941 -50.322058 -370.956045 0.992905 0.101934 0.061238 -0.019567 0.648011 -0.761380 0.117293 -0.754779 -0.645407
4.736272 -13.464952 -111.511534 -353.544378 0.986629 0.158580 0.037616 -0.058835 0.561788 -0.825187 0.151990 -0.811940 -0.563606
-0.216542 -15.544209 -1.865492 138.638929 0.983523 0.120121 -0.135104 -0.166140 0.305945 -0.937441 0.071272 -0.944441 -0.320861
-0.194942 -14.982014 -23.011423 35.811965 0.980207 0.116935 -0.159748 -0.190858 0.343786 -0.919448 0.052597 -0.931739 -0.359299
-0.733597 -14.862727 -15.583716 -28.615413 0.991455 0.093128 -0.091347 -0.125948 0.501013 -0.856226 0.033972 -0.860414 -0.508461
0.870588 -39.438482 -4.047350 219.059349 0.955381 -0.037327 -0.293009 0.212601 0.775553 0.594406 -0.205057 0.630178 -0.748884
0.974859 -50.577545 31.782961 722.165125 0.958673 -0.043539 -0.281159 0.252449 0.585913 0.770049 -0.131208 0.809203 -0.572691
0.911261 -50.453369 7.045081 -809.068238 0.952177 -0.009155 -0.305411 0.127509 0.920260 0.369949 -0.277670 0.391199 -0.877418
0.994452 -39.066208 26.396079 -244.904642 -0.957210 -0.009006 0.289254 0.057396 0.973752 0.220257 -0.283645 0.227435 -0.931568
-4.166101 -37.357492 77.827380 1457.717930 -0.524145 0.453467 0.720860 0.708577 0.701769 0.073756 -0.472431 0.549443 -0.689145
-6.573165 -318.734955 -210.942247 18383.675495 -0.524194 0.355984 0.773625 0.688689 0.711566 0.139216 -0.500927 0.605763 -0.618161
-6.624811 -27.002589 98.733169 1122.598014 -0.514894 0.450879 0.729103 0.788810 0.582204 0.197023 -0.335653 0.676570 -0.655431
-0.339881 -4.215746 21.278990 -68.102190 0.648280 0.572345 -0.502149 -0.667952 0.744067 -0.014253 0.365475 0.344652 0.864664
-0.250457 -4.185924 -1.677582 -49.684271 0.750850 0.446249 -0.486915 -0.555880 0.825103 -0.101006 0.356681 0.346507 0.867590
-0.953515 -4.805158 22.440739 -9.148851 0.700546 0.504141 -0.505051 0.646965 -0.747338 0.151401 0.301116 0.432813 0.849707
-1.261748 -4.796899 -29.357351 26.393651 -0.551607 -0.663137 0.505943 0.780920 -0.623710 0.033909 0.293076 0.413806 0.861900
-0.284469 -0.905172 -24.271042 -16.543082 0.666950 -0.674188 0.317251 0.611438 0.738546 0.284065 -0.425817 0.004522 0.904798
-0.524975 -1.252450 -36.800693 -30.610574 0.653902 -0.689578 0.311278 0.626633 0.724179 0.287915 -0.423961 0.006789 0.905655
0.077906 -1.594062 36.546143 -46.381972 -0.525605 0.810022 -0.260008 0.740247 0.586082 0.329458 -0.419254 0.019305 0.907664
0.436615 -1.355010 31.871804 -46.947478 -0.472485 0.850128 -0.232467 0.776002 0.526328 0.347562 -0.417826 0.016177 0.908383
0.115441 -8.884959 -31.022993 12.355804 0.907964 0.383981 -0.167813 -0.123021 -0.138568 -0.982682 0.400585 -0.912884 0.078577
-0.186258 -9.008719 -0.175138 -3.688576 0.904578 0.406733 -0.127700 -0.131606 -0.018489 -0.991130 0.405486 -0.913360 -0.036804
-0.118837 -9.331026 -5.129696 8.388260 0.902921 0.406278 -0.140254 -0.111721 -0.093250 -0.989355 0.415032 -0.908979 0.038808
1.429007 -29.683557 -16.314750 891.405518 0.997333 -0.016867 -0.071005 -0.018244 0.884418 -0.466339 -0.070664 -0.466391 -0.881752
1.426245 -24.043946 20.285600 601.148074 0.996262 0.009754 -0.085833 -0.041131 0.927309 -0.372030 -0.075965 -0.374170 -0.924244
0.979802 -45.252225 9.170724 1768.724872 0.996579 -0.000895 -0.082638 -0.049707 0.792364 -0.608020 -0.066023 -0.610048 -0.789609
1.942772 -21.931242 3.158702 395.817889 0.996286 0.022032 -0.083242 -0.042665 0.966009 -0.254962 -0.074795 -0.257566 -0.963361
1.631620 -41.191795 -40.533833 978.100161 0.993262 -0.008458 -0.115584 -0.081642 0.656783 -0.749647 -0.082254 -0.754032 -0.651667
2.040177 -35.892835 -36.589900 1097.405217 0.997812 -0.008361 -0.065591 -0.022435 0.890320 -0.454782 -0.062200 -0.455259 -0.888184
0.699076 -8.978912 -63.347390 239.842742 0.142265 0.975372 -0.168553 0.466222 0.084183 0.880653 -0.873154 0.203869 0.442764
-2.973615 -8.358276 -215.956662 171.431640 0.169656 0.984555 -0.043219 0.416418 -0.031870 0.908615 -0.893204 0.172149 0.415393
-0.765211 -27.429598 -67.849484 1150.969120 0.126167 0.963710 -0.235255 0.435867 0.159179 0.885823 -0.891124 0.214302 0.399966
-5.095450 -15.081921 -221.260316 461.978083 0.122412 0.978863 -0.163839 0.385582 0.105208 0.916656 -0.914517 0.175384 0.364553
0.034528 -31.766045 12.475863 1290.416946 0.117258 0.929789 -0.348916 0.344167 0.291520 0.892505 -0.931557 0.224739 0.285820
0.140563 -14.967485 -50.484006 189.745742 -0.074831 0.988232 -0.133405 -0.380099 -0.151947 -0.912380 0.921914 0.017568 -0.386997
0.285063 -11.332926 -49.172291 -325.143203 -0.108034 0.939291 -0.325669 -0.384969 -0.341555 -0.857403 0.916585 -0.032744 -0.398497
-0.603920 -7.902643 -43.650391 28.112623 -0.128345 0.946964 -0.294595 -0.346444 -0.321148 -0.881385 0.929249 0.011061 -0.369288
-8.370110 -11.042139 59.877468 103.684563 0.094596 0.971461 0.217521 -0.931501 0.163462 -0.324939 0.351222 0.171883 -0.920380
-6.691098 -10.346775 9.027001 75.102830 -0.325671 0.934134 0.146051 -0.883746 -0.245849 -0.398184 0.336051 0.258750 -0.905604
-6.851967 -10.488621 7.622148 0.357424 -0.430333 0.854354 0.291362 -0.721162 -0.131270 -0.680216 0.542898 0.502839 -0.672618
-6.592236 -10.371469 12.552831 -7.894748 -0.475604 0.843372 0.250048 0.768257 0.259783 0.585059 0.428464 0.470357 -0.771481
-6.714119 -10.349346 18.664107 -5.697461 -0.569256 0.762379 0.307775 0.711450 0.269165 0.649145 0.412052 0.588496 -0.695619
-1.515720 -10.831773 -151.179014 23.956357 -0.132330 0.980844 0.142949 0.678560 -0.015482 0.734381 -0.722527 -0.194180 0.663513
-3.392311 -10.390848 -57.380153 44.665578 -0.076489 0.992689 0.093374 0.599650 -0.029020 0.799736 -0.796599 -0.117163 0.593046
-2.553390 -11.048255 -114.923773 61.958649 -0.157918 0.983140 0.092186 0.568345 0.014152 0.822669 -0.807494 -0.182308 0.560997
-0.222118 -12.772267 -186.010224 55.191104 -0.230067 0.971213 0.061760 0.502466 0.064199 0.862210 -0.833425 -0.229399 0.502771
-0.058733 -2.491904 -28.177243 6.672310 0.550282 0.797442 0.247540 -0.798789 0.589100 -0.122055 0.243157 0.130568 -0.961159
-0.422341 -2.100398 -16.399327 -17.419376 0.554225 0.788193 0.267557 -0.778759 0.604504 -0.167660 0.293888 0.115441 -0.948843
0.085711 -2.001263 46.605149 -34.023342 0.226286 0.948482 0.221760 -0.922576 0.281734 -0.263591 0.312488 0.144943 -0.938798
-1.841125 -5.294895 88.177848 66.133271 -0.251193 -0.554541 -0.793339 0.801243 0.340716 -0.491855 0.543057 -0.759208 0.358737
0.348869 -4.708957 136.359153 81.650286 -0.166762 -0.486742 -0.857481 0.778487 0.468708 -0.417458 0.605102 -0.737153 0.300759
0.270074 -3.702981 137.654851 100.126995 -0.262937 -0.526614 -0.808419 0.713149 0.458274 -0.530475 0.649833 -0.716004 0.255057
1.762218 -5.885693 39.486560 14.491403 -0.405854 0.892396 -0.197261 0.907314 0.419354 0.030380 0.109833 -0.166648 -0.979880
1.332703 -6.020038 45.049548 6.837810 -0.389941 0.900567 -0.192159 0.920840 0.381313 -0.081576 -0.000192 -0.208757 -0.977967
52.312454 -12.506848 2171.818689 -11.010332 -0.146400 -0.777117 -0.612092 0.978774 -0.024088 -0.203520 0.143414 -0.628895 0.764149
50.199625 -12.708888 1904.924482 61.804066 0.029164 -0.761508 -0.647499 0.999556 0.018267 0.023538 -0.006096 -0.647898 0.761702
76.118914 -17.902142 -3210.865911 291.791562 0.061915 0.997062 0.045106 0.988962 -0.055192 -0.137504 0.134611 -0.053121 0.989474
-2.616437 -14.268015 -6.538433 -53.079809 0.174831 -0.585349 0.791708 0.797073 -0.387911 -0.462817 0.578022 0.711963 0.398747
-2.583964 -12.945846 6.814048 -31.525417 0.188167 -0.555515 0.809936 0.872867 -0.283443 -0.397194 0.450218 0.781705 0.431556
-2.575027 -13.374283 16.590299 -43.700851 0.192472 -0.603004 0.774171 0.909961 -0.185637 -0.370824 0.367323 0.775838 0.512980
-2.595318 -12.910886 21.896576 -57.725493 0.202529 -0.641941 0.739522 0.954715 -0.038638 -0.295002 0.217947 0.765780 0.605046
-2.825085 -14.103297 -22.298265 -97.394550 0.181881 -0.606834 0.773739 0.888950 -0.234891 -0.393186 0.420343 0.759328 0.496722
-2.675111 -10.872173 46.107663 -84.120869 0.059119 0.926119 0.372569 -0.712479 0.300559 -0.634064 0.699198 0.227962 -0.677610
-1.699494 -11.329135 10.278917 -112.531987 -0.007677 0.926407 0.376446 -0.803326 0.218469 -0.554021 0.595490 0.306662 -0.742529
-2.116129 -10.647547 4.529386 -71.056074 0.037685 0.930664 0.363930 -0.725905 0.275784 -0.630084 0.686762 0.240434 -0.685966
3.672311 -6.004909 -86.724761 40.510925 -0.100079 0.664102 0.740913 0.663563 -0.510319 0.547045 -0.741396 -0.546391 0.389601
-0.112029 -9.370346 -31.453066 80.877084 -0.018780 0.912741 0.408106 0.944353 -0.117875 0.307088 0.328397 0.391163 -0.859736
-0.260081 -9.195455 -61.204516 64.824822 0.023043 0.914148 0.404725 0.950594 -0.145396 0.274283 0.309581 0.378408 -0.872334
0.149288 -7.618880 -22.055962 -109.789204 0.051700 0.900329 0.432127 -0.871497 0.251974 -0.420716 0.487668 0.354846 -0.797661
-0.559031 -10.508138 -21.333975 91.118501 -0.027037 0.908134 0.417806 0.980429 -0.057445 0.188308 0.195010 0.414721 -0.888807
0.250328 -8.053556 -5.061337 -94.139203 -0.017314 0.905210 0.424612 -0.882678 0.185644 -0.431758 0.469658 0.382272 -0.795795
-0.105313 -10.098665 -3.304811 74.260417 -0.065069 0.910842 0.407594 0.955598 -0.060764 0.288341 0.287400 0.408258 -0.866445
-0.524988 -11.093092 -14.210090 85.906380 -0.061686 0.911570 0.406492 0.986834 -0.005304 0.161648 0.149510 0.411111 -0.899241
0.742903 -15.984962 13.846091 21.392312 0.944464 -0.070437 0.320978 -0.291912 0.268743 0.917913 0.150915 0.960633 -0.233257
1.020098 -15.674706 18.893572 -51.540608 0.949857 -0.077196 0.303005 -0.222142 0.515376 0.827671 0.220055 0.853480 -0.472386
0.896631 -16.591982 -20.703116 -17.021305 0.945499 -0.052452 0.321373 -0.271748 0.416645 0.867502 0.179400 0.907555 -0.379683
0.030435 -8.090697 9.943863 47.510741 0.241822 0.828045 0.505829 0.924814 -0.354459 0.138125 0.293670 0.434396 -0.851504
0.068243 -8.262031 48.789056 30.119402 0.261776 0.805810 0.531172 0.940760 -0.335938 0.045999 0.215507 0.487664 -0.846015
0.814048 -7.335809 64.895997 66.085723 0.305223 0.783701 0.540973 0.866456 -0.464239 0.183672 0.395085 0.412668 -0.820739
-0.697253 -9.230013 -18.193157 25.975388 0.183639 0.850195 0.493402 0.975018 -0.221352 0.018528 0.124968 0.477673 -0.869604
0.514383 -7.356967 26.120770 -84.653851 0.259392 0.813035 0.521239 -0.858671 0.441183 -0.260849 0.442041 0.379910 -0.812568
-0.691792 -9.411572 -16.383709 38.002697 0.158611 0.864504 0.476943 0.972894 -0.219181 0.073743 0.168288 0.452319 -0.875835
-0.162467 -8.122637 -13.657674 83.015838 0.186406 0.857105 0.480233 0.913048 -0.331610 0.237441 0.362762 0.394215 -0.844392
-0.731367 -29.604671 18.901770 -391.574694 -0.141719 0.345541 -0.927640 -0.440024 0.817439 0.371716 0.886732 0.460864 0.036200
-1.026558 -23.795274 30.103696 -353.773363 -0.157169 0.352442 -0.922541 -0.118038 0.920751 0.371868 0.980492 0.167341 -0.103112
-0.441841 -24.791100 59.569863 -270.902090 -0.183616 0.350801 -0.918272 -0.215201 0.897149 0.385763 0.959153 0.268445 -0.089238
0.017230 -25.871081 65.038339 -160.051461 -0.182012 0.314320 -0.931705 -0.475240 0.801395 0.363198 0.860824 0.508890 0.003514
-0.389511 -27.533681 21.893825 -224.871992 -0.144252 0.330026 -0.932885 -0.648934 0.680166 0.340967 0.747045 0.654566 0.116050
-3.625648 -126.031016 -62.539877 -6585.895225 0.648077 0.121578 -0.751808 0.758395 -0.012901 0.651668 0.069530 -0.992498 -0.100565
-9.259348 -159.772496 -48.474328 -2919.104392 0.764872 0.134650 -0.629952 -0.444126 -0.598115 -0.667091 0.466608 -0.790017 0.397680
7.018018 -92.772398 -866.684884 4276.863086 0.727937 -0.011746 -0.685543 -0.657284 0.272634 -0.702601 -0.195155 -0.962046 -0.190740
7309.699999 28.730999 2243876.903664 -2309.290646 0.707170 -0.393529 -0.587406 0.460588 -0.373928 0.805007 0.536441 0.839829 0.083176
-1.782363 -5.801058 4.176107 -27.574699 -0.645360 0.762746 0.041582 0.364497 0.259649 0.894273 -0.671307 -0.592284 0.445586
-11.122303 -111.605405 -566.259766 5351.797135 0.477095 -0.210849 0.853184 0.692142 -0.508104 -0.512610 0.541590 0.835088 -0.096477
1.755189 -68.209008 -223.181104 2660.690139 0.462325 -0.219909 0.859009 0.653186 -0.570695 -0.497649 0.599669 0.791168 -0.120206
-6.140987 -52.602608 782.912638 -2236.181890 -0.414193 0.071423 -0.907382 -0.585506 0.742363 0.325700 0.696870 0.666180 -0.265663
-3.452490 -7.532859 -139.377112 86.955953 0.106920 0.993461 0.040032 0.836087 -0.068048 -0.544360 0.538077 -0.091673 0.837896
-4.954518 -6.388563 -172.364728 79.208239 0.185908 0.978790 -0.086074 0.761676 -0.198900 -0.616675 0.620715 -0.049084 0.782498
-5.145929 -7.042137 -134.763847 25.074131 0.122406 0.987611 -0.098189 0.846658 -0.155531 -0.508900 0.517867 0.020840 0.855207
-6.328997 -7.387524 -60.095570 20.536468 -0.181196 0.982565 -0.041641 0.876810 0.142228 -0.459320 0.445389 0.119738 0.887294
-4.151640 -7.337426 -172.781099 6.841083 0.119633 0.992720 -0.013964 0.896367 -0.114047 -0.428393 0.426866 -0.038733 0.903485
-2.685363 -4.310506 0.634699 10.944564 0.275011 -0.704214 0.654562 0.950228 0.302759 -0.073509 -0.146408 0.642199 0.752426
-2.983819 -4.195366 26.401193 16.877342 0.169770 -0.757865 0.629936 0.982699 0.178211 -0.050438 -0.074036 0.627600 0.775007
-2.932846 -4.237967 -29.759205 -9.053030 0.455091 -0.616532 0.642479 0.886020 0.385371 -0.257793 -0.088655 0.686569 0.721639
-3.523257 -3.916421 -1.182525 -23.253009 0.594672 -0.613838 0.519200 0.803953 0.458061 -0.379262 -0.005020 0.642949 0.765893
-2.357695 -4.087183 -32.233679 -10.751021 0.482971 -0.561349 0.672032 0.854150 0.470998 -0.220429 -0.192788 0.680477 0.706954
-3.215828 -4.353115 -33.027217 29.065495 0.731106 -0.473887 0.490830 -0.682224 -0.515531 0.518458 -0.007347 0.713904 0.700205
-2.611481 -4.659844 -43.919876 -11.765384 0.600386 -0.501671 0.622786 0.797872 0.428543 -0.423970 -0.054197 0.751450 0.657561
-2.405980 -4.527658 -42.373536 -13.387659 0.527462 -0.527963 0.665611 0.838389 0.450204 -0.307278 -0.137429 0.720119 0.680104
1.080631 -4.309141 -65.351867 15.348162 0.835077 0.407875 0.369166 0.311133 0.203260 -0.928376 0.453698 -0.890125 -0.042835
-1.080112 -4.200138 27.732000 31.325751 0.856683 0.455932 0.241291 0.232163 0.076926 -0.969630 0.460647 -0.886684 0.039949
-0.102046 -4.631552 -79.966092 63.074467 0.792994 0.391723 0.466598 0.432570 0.177285 -0.883998 0.429003 -0.902842 0.028862
-0.734435 -5.258647 -99.134673 53.672435 0.746413 0.361590 0.558677 0.551117 0.134689 -0.823486 0.373012 -0.922557 0.098744
0.497300 -5.202482 -176.811575 44.693671 0.760802 0.322334 0.563277 0.540050 0.166873 -0.824924 0.359897 -0.931801 0.047119
2.332757 -4.704368 -122.564178 15.989973 0.804914 0.372247 0.462110 0.415586 0.202235 -0.886786 0.423558 -0.905833 -0.008081
0.681669 -9.236399 -31.787654 50.730625 0.942519 0.299090 -0.149009 -0.331318 0.778487 -0.533091 0.043440 -0.551818 -0.832833
0.952902 -10.021576 -17.950559 33.406147 0.932856 0.325155 -0.155094 -0.340838 0.657198 -0.672250 0.116658 -0.679974 -0.723896
1.218326 -9.744937 -2.909250 21.330740 0.923628 0.353587 -0.147946 -0.350606 0.623424 -0.698868 0.154878 -0.697365 -0.699782
-0.047947 -8.560249 -3.630162 74.139647 0.968405 0.228050 -0.100925 -0.249257 0.898066 -0.362422 -0.007987 -0.376127 -0.926534
-1.418454 -16.906533 67.300639 -98.620967 0.979227 0.190125 -0.070469 -0.104834 0.177236 -0.978569 0.173561 -0.965629 -0.193486
-0.437365 -16.548887 95.102498 -152.366110 0.976337 0.204041 -0.071646 -0.082557 0.045462 -0.995549 0.199876 -0.977906 -0.061231
-0.347427 -14.332075 78.415103 -99.226610 0.976042 0.193735 -0.099035 -0.060352 -0.196244 -0.978696 0.209043 -0.961226 0.179850
-0.260911 -15.374945 10.423217 327.237664 0.966167 0.155626 -0.205675 -0.241830 0.269378 -0.932177 0.089667 -0.950377 -0.297899
-0.066202 -11.509942 -8.099565 126.549303 0.970315 0.133263 -0.201818 -0.237616 0.369935 -0.898157 0.045031 -0.919450 -0.390619
-0.060892 -11.307986 -11.413835 -155.981364 0.985119 0.100882 -0.139150 -0.170984 0.493044 -0.853037 0.017449 -0.864135 -0.502957
-2.704831 -12.977093 22.758039 12.598919 0.991295 -0.091782 -0.094389 -0.126697 -0.859951 -0.494401 0.035793 -0.502056 0.864094
-2.822879 -13.004772 -11.125228 4.667079 0.992939 -0.083193 -0.084565 -0.114847 -0.852676 -0.509660 0.029707 -0.515774 0.856210
-2.452795 -12.743697 -4.355921 3.000528 0.993662 -0.099685 -0.051941 -0.111268 -0.937866 -0.328674 0.015949 -0.332370 0.943014
-2.454535 -12.767337 -4.578806 2.266928 0.994784 -0.086149 -0.054622 -0.092312 -0.988138 -0.122725 0.043402 -0.127127 0.990936
-2.598865 -12.881579 -0.227256 -1.586312 0.992556 -0.074146 -0.096614 -0.082433 -0.992982 -0.084802 0.089649 -0.092135 0.991703
2.953058 -16.850324 -49.126739 244.581034 0.991813 0.102054 0.076757 -0.075230 0.952666 -0.294562 0.103185 -0.286376 -0.952545
0.537747 -50.025224 -20.758200 -1444.766290 -0.961215 0.007305 0.275704 -0.011766 0.997653 -0.067456 -0.275550 -0.068084 -0.958873
0.675944 -56.147199 -5.841223 -1470.355136 -0.955317 -0.020444 0.294876 -0.027707 0.999406 -0.020471 -0.294282 -0.027726 -0.955316
0.793277 -43.324370 32.912413 -935.301984 0.962809 0.062131 -0.262941 -0.156501 0.921557 -0.355304 -0.220240 -0.383240 -0.897007
0.965599 -34.256354 -13.595130 -597.823173 0.963583 0.044550 -0.263672 -0.134624 0.932774 -0.334378 -0.231050 -0.357697 -0.904803
0.843835 -35.974086 38.420522 -373.141950 -0.959848 -0.039360 0.277745 -0.077932 0.988547 -0.129231 -0.269477 -0.145688 -0.951923
0.194648 -3.360035 4.064958 -94.538145 0.665205 0.565251 -0.487846 -0.618134 0.783395 0.064833 0.418823 0.258427 0.870519
-0.612596 -1.337111 -26.560821 41.113825 0.884153 0.198608 0.422882 -0.183137 0.980037 -0.077378 -0.429808 -0.009031 0.902875
0.967871 -30.793791 12.774045 959.041678 0.993254 0.009385 -0.115581 -0.069701 0.844888 -0.530384 -0.092675 -0.534862 -0.839842
-5.679377 -14.707837 -283.437712 -498.598700 -0.002735 0.955399 -0.295305 0.445656 0.265523 0.854920 -0.895200 0.129267 0.426506
5.816542 -188.290300 -410.940050 8388.376598 -0.017463 0.988854 0.147860 -0.169459 0.142816 -0.975135 0.985383 0.042085 -0.165076
-0.304745 -109.847110 -224.102815 4437.906324 -0.000388 0.999187 0.040309 0.096391 0.040159 -0.994533 0.995343 -0.003500 0.096328
-0.069512 -44.314068 -51.617691 1471.105928 -0.060421 0.992360 -0.107568 -0.266702 -0.119897 -0.956292 0.961883 0.029091 -0.271909
-7.689506 -12.770308 -35.802833 228.007478 0.469789 0.844713 0.256433 -0.801888 0.529812 -0.276179 0.369153 0.075885 -0.926265
-5.396003 -12.402543 -127.030878 290.569633 0.479412 0.866593 0.138493 -0.845816 0.498344 -0.190391 0.234009 0.025864 -0.971890
-5.801408 -9.912907 -18.741971 15.249389 0.685360 -0.616033 -0.388310 0.644585 0.265110 0.717096 0.338811 0.741768 -0.578781
-3.150846 -9.576529 -68.940521 -2.735186 -0.009946 0.985016 0.172174 0.703247 -0.115516 0.701498 -0.710876 -0.128058 0.691561
2.641452 -6.150214 -232.844118 -22.508823 -0.621885 -0.745519 -0.239709 0.628827 -0.292962 -0.720243 0.466729 -0.598644 0.650991
3.770751 -5.733102 298.731833 37.641078 0.632233 0.749652 0.195712 0.452654 -0.152385 -0.878569 0.628798 -0.644050 0.435676
6.587725 -5.388538 255.665401 -12.655125 0.652396 0.715754 0.249149 0.525958 -0.190897 -0.828811 0.545662 -0.671755 0.500997
6.326512 -5.539617 209.541838 19.446380 0.676098 0.690034 0.258350 0.545494 -0.233061 -0.805059 0.495307 -0.685226 0.533981
0.568099 -6.023915 81.068430 21.892769 -0.453815 0.879801 -0.141432 0.890194 0.454749 -0.027542 0.040084 -0.138401 -0.989565
1.136368 -5.610604 93.819963 -20.573126 -0.449738 0.881269 -0.145262 -0.884410 -0.462113 -0.065350 0.124719 -0.099081 -0.987233
24.038836 -15.051545 656.551955 111.581888 0.099208 0.865123 -0.491650 0.711987 0.283452 0.642441 -0.695150 0.413783 0.587835
12.462657 -15.512941 25.753112 208.188967 -0.089927 0.943730 -0.318256 0.580466 0.309329 0.753243 -0.809304 0.117000 0.575620
13.301253 -18.357015 473.990408 207.337785 0.114679 0.756765 -0.643550 0.511977 0.510137 0.691115 -0.851310 0.408739 0.328944
5.400432 -16.860063 144.261365 257.368623 -0.028830 0.853001 -0.521113 0.361296 0.494976 0.790230 -0.932005 0.165494 0.322457
22.170963 -18.406604 893.565846 121.486740 0.239273 0.590522 -0.770734 0.650424 0.491881 0.578793 -0.720900 0.639794 0.266396
4.108633 -17.949834 -84.652584 109.106191 -0.010711 -0.681628 0.731620 0.199452 0.715503 0.669533 -0.979849 0.153095 0.128288
9.067464 -18.015971 -318.533358 211.882698 -0.109750 -0.546293 0.830373 0.531556 0.673660 0.513449 -0.839883 0.497741 0.216452
6.896990 -18.543197 -212.431925 228.760477 -0.099383 -0.585125 0.804830 0.366909 0.730291 0.576240 -0.924933 0.352568 0.142109
