13963
27908
-4.680609 -5.753469 22.596826 70.068251 0.999548 0.029253 -0.006987 -0.003354 -0.122452 -0.992469 0.029888 -0.992043 0.122299
-5.809629 -7.553233 65.920990 88.088993 0.967036 0.103632 0.232598 0.251767 -0.252313 -0.934319 0.038138 -0.962080 0.270087
-4.739405 -8.840823 -61.368559 203.871268 0.710773 0.103491 0.695767 0.703268 -0.125172 -0.699818 -0.014666 -0.986723 0.161751
-4.480981 -6.986993 -11.980375 60.780114 0.987403 0.042762 -0.152336 -0.134798 -0.276802 -0.951425 0.082852 -0.959975 0.267551
-3.340331 -7.941119 -93.868609 196.466522 0.724564 0.001386 0.689206 0.687378 -0.074254 -0.722494 -0.050175 -0.997238 0.054755
-3.714355 -4.670136 -41.941483 57.524643 0.962483 -0.014897 0.270934 0.270744 -0.013576 -0.962556 -0.018017 -0.999797 0.009033
-3.352677 -5.178938 -4.027996 43.316903 0.820046 0.004721 -0.572278 -0.570531 -0.071767 -0.818135 0.044933 -0.997410 0.056159
-3.990073 -6.017806 -3.108061 36.604360 0.864385 0.013637 -0.502646 -0.491235 -0.190539 -0.849931 0.107364 -0.981585 0.158000
-2.352559 -9.232771 -499.107957 -84.979324 0.773053 -0.392443 0.498375 -0.091922 0.708060 0.700144 -0.627646 -0.587060 0.511294
-3.708027 -8.720011 -276.078459 7.464552 0.874481 -0.298960 0.381976 -0.021994 -0.811112 -0.584477 -0.484561 -0.502713 0.715877
3.432308 -11.510499 -727.602655 299.249492 0.776824 -0.282223 0.562935 0.205323 -0.731576 -0.650107 -0.595305 -0.620602 0.510358
-0.411850 -9.559431 -387.531178 76.413777 0.861410 -0.209030 0.462903 -0.002483 0.909643 0.415383 -0.507904 -0.358964 0.783057
3.824608 -12.159609 -169.934473 131.357563 0.935966 -0.056431 0.347537 0.133850 -0.855935 -0.499459 -0.325654 -0.513995 0.793573
8.071329 -20.231920 -450.990501 977.934081 0.879060 -0.221207 0.422281 0.263067 -0.513633 -0.816686 -0.397554 -0.829004 0.393322
-6.182807 -7.446492 -23.808130 5.503698 0.142342 0.532679 -0.834261 -0.159981 0.844143 0.511692 0.976803 0.060630 0.205375
-5.198347 -7.502924 -51.548767 11.018136 0.339623 0.464088 -0.818094 -0.177366 0.885789 0.428858 0.923687 -0.000548 0.383148
-5.746584 -7.620366 -37.631903 2.867439 0.257320 0.510643 -0.820384 -0.026587 0.852392 0.522227 0.965960 -0.112568 0.232914
-4.861871 -7.539141 -51.441532 -4.157654 0.397249 0.415895 -0.818061 -0.017395 0.894667 0.446394 0.917546 -0.163099 0.362640
-0.230677 -2.224914 16.739250 -17.479517 0.793812 0.348938 0.498102 0.543936 -0.041016 -0.838124 0.272023 -0.936248 0.222359
-0.504099 -2.519387 14.287135 -17.044513 0.816583 0.349247 0.459584 0.489710 0.002333 -0.871882 0.305575 -0.937028 0.169124
-0.160779 -2.274452 12.930570 -14.848017 0.761645 0.351198 0.544571 0.578981 0.008565 -0.815296 0.290994 -0.936262 0.196814
0.094341 -2.058193 11.422197 -11.732280 0.744050 0.347829 0.570442 0.615759 -0.025655 -0.787517 0.259287 -0.937207 0.233267
-0.901623 -4.843720 12.459483 34.050946 -0.897563 -0.264172 -0.352980 -0.138801 0.929214 -0.342483 0.418468 -0.258406 -0.870695
-0.535499 -4.392252 11.835799 23.746983 -0.912817 -0.190725 -0.361095 -0.092372 0.957751 -0.272362 0.397785 -0.215262 -0.891869
-0.912678 -4.349188 18.347987 19.798554 -0.899554 -0.245574 -0.361241 -0.153321 0.951895 -0.265308 0.409016 -0.183273 -0.893933
-1.244731 -4.954779 22.669163 36.664378 -0.889919 -0.285443 -0.355762 -0.158538 0.924920 -0.345528 0.427680 -0.251090 -0.868357
-1.120484 -5.559362 13.333455 39.021798 -0.897850 -0.263059 -0.353081 -0.087035 0.892117 -0.443343 0.431615 -0.367325 -0.823882
1.735443 -6.135914 30.499585 3.900380 0.958735 0.078461 0.273260 -0.284258 0.247800 0.926171 -0.004955 0.965629 -0.259878
1.394368 -6.350733 44.186306 -15.227719 0.954203 0.059207 0.293241 -0.298313 0.114651 0.947557 -0.022482 0.991640 -0.127063
2.325383 -6.237222 42.130227 1.562202 0.956349 0.103434 0.273308 -0.285927 0.138078 0.948251 -0.060343 0.985005 -0.161626
1.437456 -10.304113 2.007376 -31.066925 0.942503 -0.021411 0.333511 -0.223669 0.701080 0.677096 0.248316 0.712761 -0.655981
1.513248 -9.971846 -4.138039 -81.570016 0.953640 -0.020490 0.300252 -0.142427 0.848152 0.510248 0.265114 0.529357 -0.805913
1.640277 -10.114877 -2.255708 -114.299539 0.937884 -0.036040 0.345073 -0.171962 0.815543 0.552556 0.301336 0.577572 -0.758687
1.266940 -9.992658 -5.556860 -35.180863 0.956904 0.003344 0.290386 -0.208913 0.702493 0.680337 0.201719 0.711683 -0.672917
1.602740 -10.655548 -14.306281 19.759418 0.934735 -0.019603 0.354804 -0.257879 0.649526 0.715272 0.244475 0.760087 -0.602080
-0.281939 -10.899486 -21.106463 6.313911 0.960286 0.062963 0.271820 -0.277386 0.320619 0.905683 0.030126 0.945113 -0.325351
-0.599652 -10.029418 -23.975263 19.472313 0.968493 0.047932 0.244383 -0.237957 0.467581 0.851319 0.073463 0.882650 -0.464255
-0.215989 -11.099492 -18.066038 17.389920 0.970567 0.042772 0.237003 -0.222713 0.533889 0.815697 0.091644 0.844472 -0.527701
0.157736 -11.604026 -11.922010 -6.021394 0.959719 0.051361 0.276227 -0.274019 0.388315 0.879844 0.062073 0.920094 -0.386748
-0.256079 -6.004930 -19.181404 18.012924 0.949003 0.200413 0.243369 -0.252582 0.945285 0.206491 0.188669 0.257431 -0.947699
-0.554783 -5.746916 -9.774977 8.238769 0.914932 0.287315 0.283458 -0.348564 0.916551 0.196054 0.203475 0.278179 -0.938730
-0.783111 -5.643956 15.967285 -11.208112 -0.940780 -0.206300 -0.269022 -0.231540 0.970626 0.065380 0.247632 0.123798 -0.960912
-0.392711 -5.826260 19.459952 -26.728109 -0.953793 -0.183754 -0.237726 -0.197365 0.979720 0.034568 0.226553 0.079890 -0.970717
-0.737105 -5.583957 23.258893 -52.210138 -0.950925 -0.184968 -0.248050 -0.170122 0.982154 -0.080203 0.258458 -0.034068 -0.965422
-0.958737 -5.260539 28.646508 -33.134794 -0.955632 -0.147312 -0.255081 -0.126141 0.987205 -0.097547 0.266187 -0.061043 -0.961987
-2.253672 -11.930481 -24.552154 26.602352 0.890974 -0.253490 0.376707 0.406447 0.815089 -0.412832 0.202401 -0.520934 -0.829254
-2.095969 -11.914542 -20.776996 -55.718673 0.874108 -0.266684 0.405974 0.476238 0.634969 -0.608286 0.095561 -0.725048 -0.682036
-1.384690 -12.074046 -38.912036 -25.484139 0.905455 -0.264390 0.332039 0.414952 0.715916 -0.561498 0.089258 -0.646191 -0.757938
0.834832 -4.807008 -25.443299 0.326668 0.980225 -0.040931 0.193608 0.087756 0.966822 -0.239903 0.177365 -0.252149 -0.951295
0.681703 -4.748044 -22.914760 0.237451 0.977520 -0.054973 0.203549 0.125833 0.926738 -0.354008 0.169176 -0.371664 -0.912823
1.386591 -4.799714 -40.575223 2.446816 0.971417 -0.085602 0.221409 0.146700 0.949770 -0.276436 0.186624 -0.301015 -0.935180
-0.266383 -11.062694 30.230816 112.095978 0.821607 0.318726 0.472627 0.554837 -0.637400 -0.534676 -0.130837 -0.701524 0.700533
-0.419763 -9.787234 21.958695 -40.411749 0.854183 0.287090 0.433532 0.517512 -0.550400 -0.655166 -0.050524 -0.783989 0.618715
0.425991 -10.297345 36.087497 137.967958 0.811846 0.329822 0.481791 0.573712 -0.603886 -0.553332 -0.108445 -0.725630 0.679486
0.160787 -13.729714 17.782570 254.616939 0.809546 0.315700 0.494944 0.541802 -0.726387 -0.422862 -0.226023 -0.610488 0.759091
-0.176762 -13.897525 35.576711 211.065263 0.817065 0.319571 0.479874 0.523047 -0.761009 -0.383780 -0.242544 -0.564570 0.788945
-1.355080 -7.757023 7.891362 80.886947 -0.231031 -0.255196 -0.938882 -0.219406 0.953797 -0.205261 0.947885 0.158575 -0.276348
-1.468202 -8.170731 15.353727 96.486389 -0.227988 -0.136129 -0.964101 -0.174718 0.979826 -0.097032 0.957860 0.146324 -0.247173
-0.719118 -9.519505 13.404982 79.553761 -0.233665 -0.209766 -0.949420 0.001303 0.976383 -0.216044 0.972316 -0.051718 -0.227873
-0.530016 -9.378804 7.022209 77.155240 -0.249148 -0.307307 -0.918416 -0.011406 0.949186 -0.314508 0.968398 -0.067884 -0.239993
0.548108 -30.917495 5.682610 -30.028222 0.787489 0.370805 0.492305 -0.454117 0.889136 0.056704 -0.416700 -0.268218 0.868574
1.415783 -37.208002 60.921884 -656.153113 0.816607 0.352427 0.457108 0.533736 -0.762546 -0.365581 -0.219725 -0.542511 0.810804
0.942201 -34.208638 15.450112 -483.071138 0.826674 0.311748 0.468426 0.514978 -0.754633 -0.406603 -0.226732 -0.577357 0.784380
0.885111 -24.691824 0.253174 64.128804 0.793745 0.327853 0.512329 -0.458375 0.876091 0.149520 -0.399827 -0.353520 0.845673
1.704862 -2.612750 45.202075 9.746990 -0.653747 0.278159 -0.703734 0.751303 0.127586 -0.647507 -0.090324 -0.952024 -0.292391
1.006599 -3.008406 -65.638853 16.534466 0.703001 -0.305597 0.642183 0.695059 0.104007 -0.711390 -0.150607 -0.946463 -0.285525
1.832539 -2.756779 32.350431 12.544676 -0.695048 0.264852 -0.668403 0.708285 0.092599 -0.699827 -0.123458 -0.959833 -0.251951
1.300658 -3.129054 -37.079712 14.507473 0.769485 -0.273707 0.577041 0.611345 0.054234 -0.789504 -0.184798 -0.960283 -0.209062
2.154107 -2.449459 9.728938 2.783370 -0.657078 0.223971 -0.719782 0.750611 0.106344 -0.652130 -0.069514 -0.968776 -0.237992
1.981645 -2.528194 -3.144356 7.075796 0.719788 -0.213688 0.660487 0.684769 0.062304 -0.726092 -0.114006 -0.974913 -0.191173
-0.359610 -7.050652 -7.667962 -109.660094 0.911202 -0.205660 0.356952 0.035629 -0.823884 -0.565637 -0.410417 -0.528128 0.743397
-0.232995 -10.013860 -16.570440 -154.379216 0.904976 -0.214548 0.367407 0.052286 -0.800919 -0.596486 -0.422238 -0.559015 0.713595
-0.322785 -10.460379 -7.908686 -231.646382 0.913626 -0.235412 0.331465 0.055582 -0.735319 -0.675438 -0.402739 -0.635521 0.658722
3.005245 -22.148190 -25.878704 340.413143 0.981847 0.038063 0.185814 0.101417 0.722501 -0.683891 0.160282 -0.690321 -0.705525
2.618448 -16.873629 -14.717594 -9.189336 0.976120 -0.019879 0.216319 0.130697 0.849149 -0.511728 0.173514 -0.527780 -0.831469
2.537427 -20.630308 -17.642689 302.444507 0.987072 -0.035768 0.156235 0.131334 0.739240 -0.660512 0.091870 -0.672492 -0.734381
-4.253021 -71.751839 88.139875 -2243.327276 0.353711 0.884616 -0.303881 0.663710 -0.008451 0.747942 -0.659073 0.466244 0.590118
-1.342399 -88.125052 -69.074122 -1966.393704 -0.444358 -0.854084 0.270347 0.830134 -0.279115 0.482673 -0.336785 0.438903 0.833030
-1.416520 -39.664527 67.855733 -838.360532 0.366934 0.875782 -0.313632 0.545310 0.070645 0.835252 -0.753655 0.477509 0.451651
-1.184619 -3.886497 -21.003179 11.647483 -0.915532 -0.088627 -0.392359 -0.081462 0.996065 -0.034911 0.393909 0.000000 -0.919149
-1.073774 -4.183686 -12.022776 8.633873 -0.928341 0.033548 -0.370213 0.074969 0.992352 -0.098068 0.364092 -0.118795 -0.923756
-1.151139 -4.177699 -18.513638 -13.037017 -0.927461 -0.057621 -0.369454 -0.036276 0.997260 -0.064470 0.372157 -0.046391 -0.927010
-1.087206 -4.687101 -1.560283 -16.287096 -0.944205 0.018660 -0.328829 0.063903 0.989801 -0.127323 0.323099 -0.141232 -0.935767
-0.181787 -16.229766 53.190748 381.125226 0.797427 -0.177823 0.576619 0.082029 0.978667 0.188369 -0.597814 -0.102910 0.795002
-2.356911 -12.797589 42.342614 306.445066 0.779546 -0.129322 0.612849 0.146794 0.988923 0.021957 -0.608900 0.072846 0.789895
-1.865155 -15.254257 48.719709 227.552303 0.771597 -0.113718 0.625864 -0.042891 0.972351 0.229552 -0.634663 -0.203965 0.745386
-4.388515 -6.788470 -8.178423 34.730573 -0.488053 -0.445462 -0.750578 0.814211 -0.542159 -0.207663 -0.314427 -0.712480 0.627303
-4.189216 -7.100730 -34.439098 -0.023364 -0.587890 -0.439944 -0.678848 0.712138 -0.679534 -0.176331 -0.383725 -0.587097 0.712792
-3.917359 -6.552857 -56.183347 -22.673844 0.612847 0.247523 0.750434 0.602749 -0.760546 -0.241380 -0.510992 -0.600252 0.615292
-3.839643 -6.378259 -30.550385 51.816835 0.680866 0.225651 0.696781 -0.480025 0.856022 0.191840 -0.553171 -0.465089 0.691154
-2.174466 -5.787713 -143.733628 29.703901 0.709871 -0.069356 0.700909 -0.290282 0.877885 0.380861 -0.641732 -0.473823 0.603052
-2.046838 -6.310844 -29.366624 42.229618 0.914613 0.269506 0.301413 0.070497 -0.840335 0.537464 -0.398137 0.470323 0.787581
-2.741399 -5.131318 -35.534217 -68.688411 0.887887 0.403601 0.220822 -0.272400 0.848000 -0.454635 -0.370748 0.343513 0.862870
-3.366506 -7.127757 -62.842705 16.884976 0.872109 0.469332 0.138398 0.304636 -0.742126 0.597031 -0.382914 0.478515 0.790190
0.897290 -2.720512 -66.999019 -17.291173 0.834203 -0.517009 0.191853 -0.269741 -0.685995 -0.675760 -0.480984 -0.511970 0.711717
-0.312692 -2.762364 -68.049528 -22.940013 0.824320 -0.537821 0.176765 -0.304214 -0.684138 -0.662880 -0.477442 -0.492651 0.727561
0.895600 -2.373901 -66.850315 -20.555157 0.827436 -0.536279 0.166598 -0.322342 -0.696502 -0.641077 -0.459832 -0.476749 0.749176
0.226697 -3.274504 -65.009903 -20.737860 0.847625 -0.463142 0.258903 -0.162642 -0.691250 -0.704075 -0.505053 -0.554683 0.661247
1.876987 -2.285401 -34.466106 -14.174085 0.855677 -0.495843 0.148180 -0.294440 -0.701928 -0.648538 -0.425585 -0.511309 0.746620
1.600937 -2.757749 -46.598666 -13.642078 0.865056 -0.461621 0.196430 -0.205960 -0.683817 -0.699982 -0.457449 -0.565067 0.686615
-0.286259 -6.315843 -14.626572 -10.887710 -0.947268 0.047868 -0.316848 0.047789 0.998825 0.008027 0.316860 -0.007538 -0.948442
0.214583 -6.068793 -38.142423 -27.086635 -0.944798 -0.024701 -0.326721 -0.005809 0.998260 -0.058671 0.327602 -0.053535 -0.943298
-0.461302 -5.971900 -1.425229 -26.256663 -0.950810 0.067904 -0.302239 0.095605 0.992374 -0.077807 0.294651 -0.102875 -0.950051
-0.820449 -5.475863 6.259439 -39.248426 -0.943600 0.127521 -0.305546 0.191377 0.963139 -0.189047 0.270175 -0.236859 -0.933222
-0.580823 -6.087118 5.446044 -29.411056 -0.943510 0.147234 -0.296834 0.185593 0.976965 -0.105334 0.274488 -0.154474 -0.949102
2.690790 -9.732183 -5.389822 -131.459680 0.848824 -0.372131 0.375522 -0.089528 0.598868 0.795828 0.521040 0.709138 -0.475017
2.115809 -11.086659 -3.066018 -84.311544 0.855942 -0.334789 0.394056 -0.247336 0.404155 0.880615 0.454080 0.851220 -0.263128
2.303223 -9.475143 -10.685967 -142.674784 0.891781 -0.302712 0.336292 -0.119297 0.559636 0.820107 0.436458 0.771474 -0.462960
2.368107 -8.373024 -23.260690 -49.839424 0.886012 -0.340628 0.314573 -0.008390 0.666563 0.745402 0.463587 0.663074 -0.587724
1.019473 -7.668121 -16.680038 111.096230 0.770298 -0.479601 0.420267 0.461457 0.874095 0.151706 -0.440112 0.077076 0.894629
0.922654 -8.806145 -42.973616 143.113052 0.712438 -0.539990 0.448155 0.466998 0.841523 0.271573 -0.523779 0.015809 0.851707
0.294103 -6.667088 -22.837058 69.371799 0.752947 -0.480381 0.449783 0.462576 0.872482 0.157474 -0.468076 0.089490 0.879145
-0.458151 -5.968266 -5.119762 -12.902511 0.873798 -0.262763 0.409185 0.464706 0.699094 -0.543430 0.143265 -0.664999 -0.732974
-0.458877 -6.065612 -4.871075 14.662617 0.872488 -0.267110 0.409166 0.478770 0.634726 -0.606550 0.097693 -0.725104 -0.681675
-0.317645 -6.202369 -14.109862 -20.226909 0.867883 -0.287092 0.405410 0.481035 0.689445 -0.541545 0.124035 -0.665014 -0.736459
-0.618543 -5.181722 1.877981 -35.051322 0.918376 0.003949 0.395689 0.140790 0.931257 -0.336062 -0.369815 0.364340 0.854689
-0.510912 -5.193933 -2.148124 -21.782366 0.917996 -0.015072 0.396303 0.137002 0.949811 -0.281229 -0.372174 0.312462 0.873988
-0.548615 -5.250773 -6.254226 -11.020515 0.923250 0.002305 0.384193 -0.182848 -0.876836 0.444662 -0.337899 0.480783 0.809118
-0.738599 -5.345490 16.393723 -15.515008 0.926273 -0.008248 0.376763 -0.199701 -0.858590 0.472169 -0.319590 0.512597 0.796935
-0.693298 -5.565159 9.346913 -22.290602 0.929884 0.008862 0.367747 -0.219607 -0.788637 0.574304 -0.295109 0.614795 0.731394
-0.658249 -5.160063 -20.273942 -39.590715 0.926195 0.026101 0.376140 -0.205876 -0.800749 0.562508 -0.315876 0.598431 0.736276
-0.679397 -5.103339 -14.552192 -35.526543 0.924891 -0.009287 0.380119 -0.221070 -0.826504 0.517705 -0.309362 0.562854 0.766480
-0.589061 -11.622251 -8.178917 -18.082682 0.861598 -0.058832 0.504171 -0.506351 -0.169037 0.845598 -0.035476 0.983852 0.175431
-0.799893 -10.937351 -9.236750 0.890654 0.852152 -0.072023 0.518314 -0.515787 -0.282776 0.808704 -0.088321 0.956478 0.278116
-0.825276 -10.740824 -9.558441 -9.239459 0.867431 -0.067564 0.492949 -0.497444 -0.096600 0.862101 0.010628 0.993027 0.117403
-1.130247 -10.794400 -7.377950 1.266048 0.857577 -0.103550 0.503824 -0.514208 -0.196058 0.834956 -0.012319 0.975110 0.221381
1.428447 -14.310136 -37.035294 -18.881281 0.951508 -0.004046 0.307596 -0.190565 -0.792701 0.579059 -0.241489 0.609597 0.755033
1.364029 -13.938392 -40.421110 -22.848380 0.947342 -0.032430 0.318578 -0.150257 -0.923556 0.352799 -0.282783 0.382089 0.879796
0.953902 -13.419466 -35.234739 -14.098727 0.939792 0.000843 0.341746 -0.151543 -0.895276 0.418947 -0.306310 0.445512 0.841245
1.604886 -54.802785 -43.794350 975.691265 0.986847 0.067507 0.146885 0.161618 -0.392277 -0.905538 0.003510 -0.917366 0.398028
3.708238 -64.540987 -122.693619 2083.810273 0.981675 0.086715 0.169691 0.173621 -0.039927 -0.984003 0.078552 -0.995433 0.054251
2.418535 -50.449079 -86.137055 1447.146335 0.989149 0.023503 0.145026 0.143027 0.071636 -0.987123 0.033589 -0.997154 -0.067498
3.346324 -59.498954 -109.990304 88.611504 0.980348 0.095385 0.172684 0.197180 -0.446250 -0.872915 0.006203 -0.889810 0.456289
0.648003 -12.598839 -8.265913 -88.827088 0.909403 0.018494 0.415505 -0.328310 -0.581397 0.744439 -0.255341 0.813410 0.522652
0.477177 -12.260039 -12.049398 -65.334643 0.896887 0.002177 0.442254 -0.329730 -0.663140 0.671955 -0.294740 0.748492 0.594044
0.271071 -11.242119 -11.586621 -54.581917 0.906689 0.035687 0.420287 -0.353674 -0.478641 0.803627 -0.229846 0.877285 0.421357
1.184835 -19.745010 47.609682 518.571485 0.893640 0.164695 0.417473 0.153786 0.761532 -0.629618 0.421614 -0.626853 -0.655207
0.235182 -11.436583 -59.469681 197.927199 -0.890996 -0.130753 -0.434775 0.079712 0.897704 -0.433329 0.446958 -0.420751 -0.789428
1.257919 -11.423659 42.177742 201.450486 0.898366 0.108774 0.425567 0.123329 0.867418 -0.482055 0.421579 -0.485546 -0.765844
-3.287366 -73.995841 -34.157194 -3011.727259 -0.420371 -0.656511 0.626324 -0.135730 0.728008 0.671998 -0.897143 0.197478 -0.395142
-3.738667 -100.373561 -218.565146 -3688.930425 -0.366889 -0.539042 0.758173 0.185439 0.756272 0.627427 -0.911595 0.370791 -0.177509
-4.491116 -67.251325 -5.492672 -2200.108362 0.475417 0.663443 -0.577773 -0.003810 0.658286 0.752758 -0.879752 0.355673 -0.315489
4.270682 -208.400091 -160.419701 -8044.842007 0.434328 0.711139 -0.552848 -0.248656 0.684570 0.685226 -0.865753 0.160144 -0.474157
-5.346821 -10.277497 -40.178012 221.832920 0.719408 0.166372 0.674368 0.693105 -0.235365 -0.681329 -0.045369 -0.957561 0.284637
-5.807108 -8.328652 35.097643 64.773313 0.989303 0.102359 0.103934 0.136720 -0.402172 -0.905299 0.050866 -0.909824 0.411864
-6.752179 -9.624392 18.591140 140.168343 0.748680 0.273248 0.603998 0.662848 -0.323015 -0.675495 -0.010523 -0.906089 0.422957
-7.032923 -8.430443 -47.007687 -7.237993 0.916029 -0.377459 0.135703 -0.193111 -0.711534 -0.675595 -0.351567 -0.592658 0.724677
-6.950319 -8.669279 -11.162443 -108.056001 0.808100 -0.587345 -0.044720 -0.515343 -0.668178 -0.536618 -0.285299 -0.456687 0.842640
-4.552348 -8.483043 -140.990800 51.014694 0.928991 -0.162568 0.332487 0.023774 0.922721 0.384734 -0.369338 -0.349510 0.861065
-5.613213 -7.160303 -31.191617 22.752761 0.214376 0.512351 -0.831588 -0.288793 0.846565 0.447130 0.933082 0.144303 0.329447
-5.104465 -7.080885 -57.281577 25.303750 0.343129 0.474524 -0.810611 -0.372673 0.860949 0.346241 0.862194 0.183287 0.472258
-4.365375 -7.258343 -36.363203 24.960120 0.419994 0.442887 -0.792121 -0.300079 0.891512 0.339352 0.856480 0.095173 0.507330
-4.310556 -7.477535 -38.190656 6.626848 0.438972 0.406378 -0.801349 -0.124815 0.910807 0.393513 0.889789 -0.072720 0.450541
-0.651253 -2.520090 9.564963 -20.689877 0.868320 0.330854 0.369536 0.408731 -0.055217 -0.910983 0.280998 -0.942065 0.183176
-0.854603 -2.740524 4.642653 -8.983051 0.893946 0.329900 0.303358 0.322712 -0.004132 -0.946488 0.310993 -0.944007 0.110156
-0.751067 -2.644769 9.783947 -0.173603 0.842811 0.349477 0.409312 0.418333 0.053119 -0.906739 0.338626 -0.935438 0.101429
-0.547552 -4.736520 4.385829 28.535865 -0.917767 -0.105912 -0.382736 0.009969 0.957331 -0.288822 0.396995 -0.268887 -0.877551
-0.151776 -3.906562 9.030882 19.836300 -0.918368 -0.103808 -0.381870 -0.035632 0.982753 -0.181459 0.394120 -0.153039 -0.906227
-0.438257 -3.850991 19.230447 16.547112 -0.914180 -0.161635 -0.371683 -0.100905 0.978929 -0.177527 0.392546 -0.124787 -0.911228
3.385522 -5.862448 36.888007 45.346701 0.948910 0.183045 0.257031 -0.282663 0.131023 0.950229 -0.140257 0.974334 -0.176069
4.399552 -6.127395 57.838517 26.882940 0.935860 0.245369 0.252904 -0.286063 0.109958 0.951881 -0.205753 0.963174 -0.173096
3.901845 -5.707195 40.995237 44.981993 0.945051 0.212613 0.248342 -0.293000 0.213884 0.931883 -0.145014 0.953441 -0.264426
0.531899 -6.195885 16.524151 13.376005 0.970493 -0.031203 0.239101 -0.156141 0.674297 0.721764 0.183746 0.737801 -0.649528
0.598507 -6.171548 15.402748 -5.801299 0.969819 -0.013916 0.243427 -0.186071 0.602943 0.775782 0.157569 0.797663 -0.582156
0.634183 -6.078317 12.770545 9.004794 0.974542 -0.031569 0.221973 -0.136554 0.701653 0.699311 0.177824 0.711819 -0.679479
0.427201 -6.290386 8.219088 5.608201 0.975588 -0.045352 0.214877 -0.099677 0.780413 0.617268 0.195687 0.623617 -0.756841
1.665040 -9.282967 0.899500 -94.945655 0.943428 -0.041714 0.328944 -0.098729 0.911718 0.398776 0.316539 0.408693 -0.856022
1.304205 -9.661985 -4.977857 -81.671630 0.961271 -0.005149 0.275556 -0.156179 0.813620 0.560027 0.227081 0.581374 -0.781305
1.384927 -9.199495 -11.836555 -43.589883 0.965240 -0.016912 0.260816 -0.096443 0.904435 0.415567 0.242919 0.426276 -0.871366
1.620546 -9.318438 -8.660884 -6.094853 0.957224 -0.034003 0.287343 -0.075763 0.928969 0.362320 0.279253 0.368591 -0.886656
-1.642110 -11.170711 -13.121462 -50.641304 0.945945 0.021929 0.323585 -0.316449 -0.156173 0.935666 -0.071053 0.987486 0.140792
-1.181059 -11.431393 -34.148198 -65.662508 0.941022 0.068667 0.331304 -0.327010 -0.066754 0.942660 -0.086846 0.995404 0.040362
-1.285313 -12.571153 -35.181290 -52.792603 0.927754 0.057287 0.368769 -0.331091 -0.329595 0.884164 -0.172196 0.942383 0.286816
-1.972029 -11.256367 5.983657 -48.249713 0.952759 -0.043632 0.300576 -0.301173 -0.263784 0.916359 -0.039304 0.963595 0.264463
-1.868763 -10.335749 0.210554 -68.146989 0.960900 -0.031056 0.275148 -0.276319 -0.043491 0.960081 0.017850 0.998571 0.050372
-1.803141 -11.930261 -2.793392 -46.626828 0.941384 -0.008281 0.337234 -0.318031 -0.355121 0.879059 -0.112480 0.934784 0.336939
1.148461 -14.853694 -54.512014 -142.670071 0.802565 -0.089410 0.589827 -0.536004 -0.542122 0.647150 -0.261896 0.835530 0.483012
-0.117625 -14.751821 -55.768959 -63.376239 0.821222 -0.036166 0.569461 -0.458523 -0.635841 0.620856 -0.339633 0.770972 0.538750
0.745260 -13.199434 -70.254493 -171.439895 0.808438 -0.025759 0.588018 -0.554620 -0.367789 0.746410 -0.197040 0.929552 0.311621
1.889748 -12.721624 -56.950474 -144.445110 0.792632 -0.090118 0.603003 -0.601902 -0.273336 0.750334 -0.097204 0.957688 0.270897
2.272649 -12.880054 -29.361439 -168.748313 0.790833 -0.150095 0.593342 -0.597721 -0.397835 0.696030 -0.131582 0.905096 0.404336
-0.810578 -5.249585 7.948742 9.072141 0.877023 0.353319 0.325570 -0.412810 0.900845 0.134406 0.245800 0.252276 -0.935916
-0.366174 -5.506097 2.165512 -10.512446 0.854501 0.406707 0.323139 -0.481384 0.853759 0.198408 0.195189 0.325094 -0.925319
-0.710715 -5.028935 9.580592 -15.478827 0.819153 0.450864 0.354556 -0.513565 0.851805 0.103342 0.255420 0.266740 -0.929306
-1.038834 -4.534309 -25.161395 -6.334487 -0.855159 -0.350592 -0.381822 -0.394753 0.917857 0.041337 0.335965 0.186075 -0.923311
-1.169549 -4.770387 -15.810278 1.424904 -0.897405 -0.281841 -0.339455 -0.315232 0.947882 0.046363 0.308696 0.148613 -0.939479
119.936260 -1.937395 5164.919310 -56.465003 0.346463 0.057063 0.936326 0.650355 0.704708 -0.283594 -0.676019 0.707199 0.207044
543.927066 -7.598883 -21802.301997 -798.467184 -0.150278 0.784753 0.601315 -0.752924 -0.485021 0.444815 -0.640720 0.385899 -0.663747
68.244886 2.327848 -1268.259595 -414.879301 -0.051485 0.666020 0.744155 -0.726857 -0.535983 0.429418 -0.684856 0.518786 -0.511697
55.614556 -7.096192 1864.505629 -141.478143 0.696470 0.116388 0.708084 0.313594 0.838180 -0.446222 -0.645437 0.532831 0.547268
2.962749 -5.177077 59.017253 -12.678576 -0.967841 0.096165 -0.232458 0.097255 0.995236 0.006796 0.232005 -0.016030 -0.972583
1.833336 -5.127698 41.060565 -13.543002 -0.978808 0.059600 -0.195913 0.071240 0.996055 -0.052910 0.191986 -0.065745 -0.979193
2.528754 -5.071915 51.625838 -9.604509 -0.965265 0.102214 -0.240451 0.129034 0.986732 -0.098543 0.227188 -0.126146 -0.965646
3.288012 -5.174969 37.922304 -13.231812 -0.945361 0.125358 -0.300961 0.143380 0.988920 -0.038467 0.292804 -0.079517 -0.952860
-1.165372 -15.585489 -0.893801 -199.858165 0.906928 0.193610 0.374160 0.413578 -0.240076 -0.878246 0.080210 -0.951251 0.297805
-0.977024 -13.253911 10.628614 -199.552905 0.890486 0.236660 0.388622 0.454275 -0.413858 -0.788895 0.025866 -0.879042 0.476043
-1.205621 -12.379419 10.623794 -122.693270 0.895312 0.213502 0.390940 0.445352 -0.446483 -0.776089 -0.008851 -0.868947 0.494825
-1.067902 -15.178839 -2.410262 -191.286109 0.905571 0.177558 0.385246 0.421735 -0.279191 -0.862666 0.045616 -0.943677 0.327710
-1.150478 -12.942100 2.695485 -115.503359 0.885419 0.196686 0.421128 0.462777 -0.457367 -0.759376 -0.043252 -0.867254 0.495983
-1.157331 -11.588529 4.705260 -14.579697 0.849837 0.244019 0.467154 0.510436 -0.601837 -0.614204 -0.131273 -0.760425 0.636020
-1.954624 -6.581643 13.882435 68.257243 -0.216352 -0.049511 -0.975059 -0.286494 0.957966 0.014926 0.933334 0.282578 -0.221442
-1.562173 -8.503435 5.488083 104.305596 -0.187779 -0.040627 -0.981371 -0.139845 0.990071 -0.014228 0.972205 0.134568 -0.191596
-1.917434 -6.354276 15.033131 62.726628 -0.231855 -0.155117 -0.960303 -0.328742 0.941615 -0.072727 0.915517 0.298830 -0.269312
1.805541 -54.145386 50.026583 -1512.654001 0.843900 0.321178 0.429741 0.535654 -0.549375 -0.641297 -0.030118 -0.771383 0.635658
3.582187 -131.230536 -164.258064 -6002.025357 0.917572 0.146687 0.369520 0.323411 -0.815969 -0.479165 -0.231230 -0.559176 0.796150
0.499211 -42.046803 -50.029465 -520.235357 0.873822 0.274090 0.401633 0.467823 -0.248695 -0.848111 0.132575 -0.928992 0.345541
0.896003 -54.028361 22.742529 -1256.826120 0.865565 0.316599 0.388022 0.457353 -0.184082 -0.870024 0.204021 -0.930526 0.304133
-0.673791 -4.521432 21.611503 8.871925 0.998604 0.003921 -0.052684 -0.052796 0.109609 -0.992572 -0.001883 -0.993967 -0.109663
-0.675743 -4.100264 5.670313 22.979186 0.998203 -0.012798 -0.058540 -0.053649 0.244297 -0.968215 -0.026693 -0.969616 -0.243172
-0.338882 -4.330674 18.070141 8.634597 0.998622 0.001062 -0.052474 -0.051818 0.178753 -0.982529 -0.008337 -0.983893 -0.178561
-0.071808 -4.484134 36.867312 0.483930 0.999558 0.014988 -0.025665 -0.026519 0.059889 -0.997853 0.013419 -0.998093 -0.060260
-0.468072 -4.533112 27.940308 -1.804072 0.999970 0.002988 -0.007160 -0.007092 -0.022053 -0.999732 0.003145 -0.999752 0.022031
0.046772 -3.714486 -69.364157 23.566861 0.775029 -0.314042 0.548369 0.596369 0.076506 -0.799056 -0.208984 -0.946321 -0.246580
2.192316 -1.869548 84.801583 -17.321280 -0.451063 0.195898 0.870727 0.878224 -0.076330 0.472119 0.158950 0.977649 -0.137613
3.497057 -2.048816 71.156962 -9.435060 -0.371506 0.229051 0.899733 0.904333 -0.130084 0.406522 0.210155 0.964683 -0.158811
2.489240 -2.188731 84.560318 -2.077485 -0.445431 0.188202 0.875312 0.869647 -0.141479 0.472967 0.212852 0.971887 -0.100650
2.390314 -30.025382 -35.026293 772.037098 0.988962 -0.064182 0.133544 0.146974 0.539078 -0.829333 0.018763 -0.839807 -0.542561
2.648592 -34.639761 -42.570833 713.470622 0.985152 -0.076307 0.153792 0.164254 0.158284 -0.973636 -0.049953 -0.984441 -0.168467
3.107102 -27.068428 -39.383227 514.696201 0.991682 -0.036933 0.123303 0.128602 0.324596 -0.937069 0.005415 -0.945131 -0.326646
8.598901 -454.043175 119.541344 -24943.262584 0.180774 0.968449 -0.171545 0.685082 0.001157 0.728465 -0.705680 0.249210 0.663257
0.869202 -210.530382 105.109733 -7922.916771 0.149275 0.930830 -0.333575 0.297509 0.279441 0.912908 -0.942977 0.235516 0.235216
-4.262455 -54.936026 -88.746540 -1689.544145 0.088272 0.976382 -0.197195 0.247509 0.170259 0.953809 -0.964856 0.133002 0.226634
-4.634508 -78.167497 13.534006 -2696.364847 0.112944 0.946247 -0.303084 -0.115276 0.315455 0.941913 -0.986892 0.071445 -0.144709
-3.861498 -81.442049 -26.813867 -2854.412153 0.034770 0.986857 -0.157808 0.090196 0.154161 0.983920 -0.995317 0.048445 0.083651
4.600317 -7.909245 -71.575900 -3.081006 -0.436910 -0.712702 -0.548785 0.837704 -0.544630 0.040375 -0.327660 -0.442080 0.834988
2.918422 -8.287497 -77.340275 145.447917 -0.453165 -0.690914 -0.563276 0.881919 -0.439528 -0.170394 -0.129848 -0.573980 0.808509
3.713234 -7.724510 -5.880808 49.015514 -0.277299 -0.708068 -0.649419 0.931108 -0.364744 0.000104 -0.236946 -0.604651 0.760430
2.134094 -8.705316 -107.216154 109.770743 -0.609701 -0.627607 -0.484121 0.770112 -0.613603 -0.174412 -0.187596 -0.479167 0.857442
8.113516 -8.936614 -160.560894 146.107512 0.248562 -0.850443 -0.463641 0.839801 -0.049299 0.540652 -0.482650 -0.523752 0.701949
7.258043 -6.849024 170.219553 -200.043484 0.374586 0.791289 0.483267 0.734401 -0.571376 0.366313 -0.565987 -0.217696 0.795153
4.417477 -8.672715 176.383071 -17.457458 0.552760 0.686779 0.472006 0.740535 -0.664575 0.099741 -0.382184 -0.294405 0.875935
-1.315898 -6.519301 -8.331821 26.879690 0.910278 0.190988 0.367311 -0.056882 -0.821118 0.567917 -0.410071 0.537855 0.736582
-0.941865 -6.402996 0.112419 6.630660 0.894557 0.146437 0.422284 -0.155196 -0.784250 0.600722 -0.419143 0.602917 0.678830
-1.081797 -6.021817 -11.526182 32.080914 0.899487 0.196718 0.390160 -0.041007 -0.850978 0.523599 -0.435019 0.486970 0.757377
-1.084065 -6.803456 -10.778353 -4.821140 0.903765 0.148581 0.401414 -0.173005 -0.730996 0.660087 -0.391508 0.666010 0.634943
0.174898 -1.987743 -67.578471 -24.513729 0.813907 -0.562454 0.145605 -0.367315 -0.692317 -0.621109 -0.450150 -0.452042 0.770080
-1.380734 -2.814872 -38.794677 -36.028556 0.845079 -0.510966 0.157334 -0.304092 -0.701422 -0.644621 -0.439737 -0.496912 0.748138
-0.822620 -2.106745 -44.629644 -30.579101 0.799945 -0.591865 0.098913 -0.414466 -0.664159 -0.622183 -0.433942 -0.456716 0.776598
-1.307602 -3.651761 -49.980544 -35.704965 0.874073 -0.398308 0.278114 -0.122649 -0.734882 -0.667013 -0.470057 -0.548908 0.691192
1.631326 -6.354826 -61.125149 -6.648870 -0.946976 -0.075975 -0.312191 -0.089253 0.995603 0.028441 0.308658 0.054796 -0.949593
27.118514 -6.596380 -992.235259 -57.646559 -0.937025 0.133137 -0.322892 0.154398 0.987157 -0.041029 0.313282 -0.088299 -0.945546
-0.370057 -5.400097 -40.570662 -48.489928 -0.941251 -0.133150 -0.310350 -0.064919 0.973192 -0.220642 0.331409 -0.187532 -0.924662
1.441443 -7.985101 -6.056998 -48.924042 0.923373 -0.180928 0.338595 -0.171068 0.595663 0.784806 0.343682 0.782592 -0.519069
1.908586 -8.393980 -4.862520 -133.075040 0.910901 -0.250751 0.327695 -0.134624 0.570112 0.810462 0.390047 0.782366 -0.485558
1.965186 -9.271535 1.767806 -118.683871 0.915557 -0.197658 0.350267 -0.224815 0.470621 0.853214 0.333488 0.859911 -0.386444
2.046282 -9.801693 -0.752746 -86.572776 0.918630 -0.137767 0.370322 -0.303735 0.353227 0.884859 0.252712 0.925338 -0.282640
1.574760 -8.521069 -9.554976 -63.987821 0.926558 -0.115505 0.357980 -0.245049 0.536675 0.807422 0.285380 0.835846 -0.468956
-0.390742 -6.013369 -8.308784 15.073108 0.876369 -0.282092 0.390386 0.478042 0.608339 -0.633561 0.058765 -0.741854 -0.667981
-0.459212 -6.469461 -9.033375 42.197942 0.883380 -0.257107 0.391837 0.467613 0.539349 -0.700315 0.031281 -0.801872 -0.596677
-0.653065 -5.207918 -0.572513 -16.906747 0.912942 -0.004875 0.408060 0.122833 0.956840 -0.263379 -0.389164 0.290573 0.874139
-0.581326 -5.026508 4.247878 -8.240085 0.920343 -0.025521 0.390278 0.115372 0.971181 -0.208560 -0.373708 0.236974 0.896764
-0.477499 -5.159539 5.056689 -29.022641 0.926293 -0.035547 0.375123 0.128491 0.965668 -0.225775 -0.354219 0.257334 0.899059
1.649834 -4.825611 7.184236 -0.355576 0.935065 -0.169119 0.311533 0.197686 0.978285 -0.062283 -0.294235 0.119824 0.948192
1.145046 -4.900975 19.166118 -3.129423 0.934991 -0.218062 0.279715 0.234166 0.971873 -0.025078 -0.266379 0.088948 0.959755
1.344155 -4.636120 6.010113 -3.949299 0.934810 -0.184784 0.303292 0.177672 0.982760 0.051134 -0.307512 0.006086 0.951525
1.403985 -4.651656 -5.419605 -3.868082 0.930280 -0.130221 0.342960 0.136704 0.990598 0.005318 -0.340428 0.041937 0.939335
1.162835 -4.328335 -2.392076 -14.406281 0.929860 -0.166652 0.328004 0.123725 0.981248 0.147802 -0.346485 -0.096853 0.933042
1.112904 -4.487022 4.933765 -10.571548 0.933081 -0.203738 0.296395 0.165499 0.974873 0.149110 -0.319327 -0.090078 0.943354
4.600850 -9.142172 83.430170 -92.538908 0.904433 -0.383592 0.186706 0.031657 -0.376092 -0.926041 -0.425441 -0.843452 0.328007
5.769211 -29.932841 131.987082 -695.687230 0.910895 -0.211102 0.354552 0.301618 -0.245743 -0.921215 -0.281599 -0.946069 0.160174
123.292988 0.001233 4837.764403 -136.628952 0.471225 -0.260007 -0.842819 0.790505 -0.299337 0.534321 -0.391214 -0.918038 0.064482
44.037688 1.118725 2071.256828 -48.685528 0.362586 -0.437803 -0.822715 0.824905 -0.260017 0.501918 -0.433661 -0.860651 0.266868
0.610803 -19.650820 -36.472236 -371.649322 0.869324 -0.386687 0.307812 0.060996 -0.534096 -0.843220 -0.490464 -0.751807 0.440717
-0.402654 -11.905657 -12.739023 -6.296229 0.858842 -0.035175 0.511032 -0.507412 -0.195081 0.839331 -0.070169 0.980156 0.185392
-0.372433 -11.606983 -8.159533 -30.912196 0.876165 -0.045481 0.479861 -0.479236 0.024482 0.877345 0.051650 0.998665 0.000345
-0.231055 -12.155026 -8.660452 -19.281353 0.868906 -0.030489 0.494038 -0.494818 -0.028143 0.868541 0.012577 0.999139 0.039541
0.906213 -1.711137 2.023729 1.589040 0.899473 -0.427191 -0.091960 -0.352213 -0.584199 -0.731203 -0.258640 -0.690087 0.675933
0.982330 -1.682118 -2.330692 5.414326 0.888325 -0.451744 -0.082495 -0.357132 -0.566684 -0.742513 -0.288678 -0.689055 0.664732
1.000898 -1.911543 -2.627617 6.922202 0.878455 -0.466726 -0.102391 -0.391780 -0.580862 -0.713518 -0.273542 -0.666909 0.693115
0.768497 -1.979585 4.216467 7.703277 0.901856 -0.423309 -0.086405 -0.353268 -0.607401 -0.711524 -0.248712 -0.672216 0.697330
0.549965 -2.051210 17.608065 4.957105 0.939355 -0.341150 -0.035044 -0.259051 -0.638887 -0.724373 -0.224731 -0.689522 0.688517
0.734850 -1.759613 6.971902 6.335798 0.936063 -0.350160 -0.034273 -0.253483 -0.603637 -0.755889 -0.243994 -0.716248 0.653802
5.145911 -52.332740 -191.856904 1745.303901 0.980518 0.047386 0.190626 0.161477 0.358118 -0.919607 0.111843 -0.932473 -0.343490
4.983213 -121.608030 -42.322429 4789.830276 0.975750 0.174021 0.132772 0.128857 0.033653 -0.991092 0.176939 -0.984167 -0.010413
-8.799257 -145.483534 -202.789698 5646.339157 0.525585 -0.140396 0.839077 0.048774 0.989639 0.135037 -0.849342 -0.030049 0.526987
0.120824 -12.386017 -245.193426 257.321145 0.629179 0.776599 -0.032061 0.603556 -0.462161 0.649713 -0.489749 0.428136 0.759503
27.300216 -79.103907 -1017.097997 2570.720497 0.725646 -0.485598 0.487475 0.550436 0.834788 0.012205 -0.412865 0.259467 0.873052
12.872903 -280.496960 688.632760 40775.500628 0.905414 0.006365 0.424482 0.340498 -0.608065 -0.717160 -0.253548 -0.793862 0.552718
-0.470716 -39.440922 12.541770 686.861457 0.830181 -0.477310 0.288054 0.444435 0.254697 -0.858840 -0.336567 -0.841014 -0.423578
3.725331 -5.086202 4.230226 -14.287326 0.935840 -0.110361 0.334699 -0.323314 -0.646805 0.690733 -0.140255 0.754629 0.640987
3.704755 -5.178247 -41.144939 -26.749965 0.924512 -0.059060 0.376550 -0.310314 -0.690280 0.653620 -0.221322 0.721128 0.656499
3.712542 -5.034970 -37.975292 -20.880227 0.921311 -0.047856 0.385870 -0.326060 -0.635733 0.699663 -0.211827 0.770424 0.601312
0.152745 -11.599341 -19.911100 -52.674778 0.888336 0.002456 0.459187 -0.353884 -0.633572 0.688007 -0.292617 0.773680 0.561956
-0.040793 -8.858772 -22.902852 -51.238793 0.786616 -0.252750 0.563341 0.415563 -0.458082 -0.785791 -0.456665 -0.852220 0.255301
0.385875 -9.218375 -28.288712 -36.866115 0.791441 -0.256899 0.554639 0.365015 -0.529198 -0.765972 -0.490291 -0.808673 0.325056
0.152122 -9.532010 -35.107119 -21.277506 0.792379 -0.274220 0.544921 0.456961 -0.324958 -0.828003 -0.404131 -0.905100 0.132182
0.667016 -12.979899 26.614720 -158.190944 0.896050 -0.042171 0.441945 0.211656 0.915642 -0.341762 0.390251 -0.399776 -0.829387
-0.528689 -8.316672 -43.145504 68.017709 -0.882789 -0.012020 -0.469616 0.136041 0.950296 -0.280054 0.449640 -0.311115 -0.837276
-3.127678 -961.567920 -521.029085 -35032.377138 -0.868120 0.145770 -0.474467 0.281926 0.931550 -0.229635 0.408516 -0.333115 -0.849793
-1.950806 -54.783163 88.701592 -1635.304340 -0.330435 -0.582593 0.742562 0.127271 0.752065 0.646684 -0.935208 0.308194 -0.174361
-5.673279 -45.332799 175.479877 -1376.788763 -0.330323 -0.564025 0.756810 0.298830 0.698077 0.650683 -0.895314 0.441094 -0.062043
-7.311412 -43.255652 174.605365 -1298.508233 -0.376941 -0.498609 0.780580 0.052264 0.829951 0.555383 -0.924762 0.250142 -0.286783
-3.247822 -37.098078 117.175033 -978.806188 -0.337898 -0.618430 0.709485 -0.126716 0.776852 0.616802 -0.932613 0.118513 -0.340862
-3.191179 -9.164381 -148.062765 139.751479 0.728837 -0.016092 0.684498 0.653408 -0.282370 -0.702371 -0.204585 -0.959170 0.195287
-6.326952 -8.082566 -91.641665 -93.127824 0.851048 -0.062514 0.521353 0.321139 -0.723580 -0.610984 -0.415435 -0.687403 0.595726
-6.505020 -7.256629 -4.445894 18.992641 0.024785 0.621972 -0.782647 -0.308832 0.749357 0.585736 0.950793 0.227189 0.210658
-0.042092 -2.163851 15.918319 2.564787 0.767208 0.349993 0.537492 0.591427 -0.061740 -0.803991 0.248207 -0.934716 0.254363
0.164891 -2.147299 5.965382 10.124903 0.738815 0.344452 0.579228 0.631990 -0.055735 -0.772970 0.233968 -0.937148 0.258868
0.101572 -2.127508 -7.668524 -1.025634 0.730248 0.332788 0.596649 0.640190 -0.028414 -0.767691 0.238525 -0.942574 0.233797
-0.266881 -4.181389 1.934188 20.986874 -0.916520 -0.036853 -0.398287 0.049594 0.977593 -0.204579 0.396902 -0.207253 -0.894156
-0.466204 -4.794446 3.713556 30.820070 -0.913817 0.004279 -0.406103 0.116762 0.960495 -0.252620 0.388979 -0.278266 -0.878216
-0.884498 -5.732253 2.180958 55.417411 -0.915380 -0.047804 -0.399743 0.099401 0.935348 -0.339476 0.390127 -0.350484 -0.851447
-0.985824 -5.785670 1.175144 54.073346 -0.915632 -0.144433 -0.375177 0.015193 0.920135 -0.391307 0.401731 -0.363993 -0.840310
0.799336 -6.502428 37.445073 -18.219899 0.944186 0.044700 0.326367 -0.328955 0.075692 0.941307 -0.017373 0.996129 -0.086171
1.011033 -6.460594 25.823284 -11.220183 0.945100 0.073547 0.318396 -0.313968 -0.065790 0.947152 -0.090607 0.995119 0.039087
0.983936 -6.355748 40.243558 2.732130 0.955776 0.031979 0.292352 -0.292479 0.207470 0.933495 0.030802 0.977719 -0.207648
0.606406 -5.722317 9.954236 -12.411241 0.851778 -0.135558 0.506061 0.007762 0.969105 0.246528 -0.523845 -0.206059 0.826515
0.438625 -6.054145 11.693365 -8.913974 0.850110 -0.192828 0.490031 0.123830 0.977653 0.169886 -0.511839 -0.083741 0.854990
0.236637 -5.669737 8.040079 -16.605072 0.859059 -0.145180 0.490857 0.057288 0.980180 0.189646 -0.508661 -0.134797 0.850349
0.969542 -6.232176 23.034004 -10.462772 0.844861 -0.191008 0.499726 0.082744 0.969505 0.230679 -0.528548 -0.153542 0.834902
1.049033 -5.706524 30.973955 -22.696004 0.852988 -0.123740 0.507049 -0.045637 0.950086 0.308631 -0.519931 -0.286399 0.804766
1.702421 -10.691888 -7.029841 -65.988755 0.927336 -0.046068 0.371384 -0.210297 0.756734 0.618974 0.309553 0.652098 -0.692059
-0.700376 -12.024837 -34.007042 -46.100637 0.932181 0.073077 0.354540 -0.340305 -0.157010 0.927114 -0.123417 0.984890 0.121493
-0.570087 -14.130001 -26.031797 -125.351015 0.853102 -0.047085 0.519614 -0.472646 -0.491512 0.731452 -0.220956 0.869597 0.441564
0.086982 -5.951064 -26.006887 9.054925 0.937197 0.248615 0.244647 -0.315732 0.902769 0.292098 0.148240 0.350996 -0.924568
0.061682 -5.670726 -14.325385 0.318773 0.899090 0.332752 0.284454 -0.413715 0.858275 0.303651 0.143099 0.390692 -0.909331
902.586880 -62.755409 32574.488242 -1126.624753 0.894326 -0.420269 -0.153477 0.439807 0.888770 0.129062 -0.082165 0.182923 -0.979688
