14593
29171
-5.526122 -7.677786 27.280193 176.473051 -0.661389 0.723475 0.197858 0.666370 0.445714 0.597737 0.344260 0.527184 -0.776893
-6.403271 -8.908201 69.406733 110.216312 0.818200 -0.572250 0.055491 0.475186 0.727421 0.495032 0.323648 0.378667 -0.867101
-7.133447 -11.253221 24.725181 278.279700 -0.369043 0.880762 0.296759 0.891258 0.244822 0.381734 0.263564 0.405365 -0.875336
-4.881085 -7.122531 8.073967 85.073920 0.923833 -0.222871 0.311227 0.033911 0.857485 0.513390 0.381292 0.463733 -0.799730
-4.442638 -10.872095 126.249642 302.659946 -0.491710 0.781435 0.384161 0.834720 0.297396 0.463463 0.247918 0.548557 -0.798512
-2.866528 -8.709156 106.042191 247.585925 -0.631401 0.692661 0.348644 0.716918 0.350046 0.602906 0.295569 0.630625 -0.717601
-4.181880 -5.612207 -20.206799 101.256358 0.828926 -0.552414 -0.087870 0.445143 0.556351 0.701656 0.338718 0.620736 -0.707076
-4.180174 -5.853369 16.710865 66.230323 0.922401 -0.122318 0.366352 -0.119148 0.812151 0.571152 0.367395 0.570481 -0.734555
-5.498404 -9.663435 -36.366637 5.904132 -0.656073 0.116487 -0.745653 0.425402 0.873180 -0.237887 0.623379 -0.473274 -0.622423
-5.095130 -9.481997 -45.099936 -11.099679 -0.599860 0.098339 -0.794038 0.516167 0.805848 -0.290140 0.611342 -0.583900 -0.534156
-5.985031 -9.641445 33.498811 -26.804146 0.644441 -0.203010 0.737213 0.581880 0.755700 -0.300554 0.496096 -0.622659 -0.605132
-6.359413 -9.852715 -43.530803 6.338015 -0.682946 0.214625 -0.698228 0.474038 0.857468 -0.200091 0.555763 -0.467638 -0.687344
0.863471 -1.598735 49.726093 3.649804 0.722689 -0.567858 -0.394026 0.677994 0.693226 0.244463 -0.134329 0.443819 -0.885991
0.760790 -1.782230 -48.885760 -33.549600 -0.695129 0.593125 0.406199 0.707478 0.664684 0.240147 -0.127556 0.454310 -0.881664
1.281307 -1.772360 3.501143 3.476349 -0.690262 0.572910 0.441942 0.705085 0.669732 0.233056 -0.162463 0.472476 -0.866240
1.124257 -2.160491 20.423811 44.119892 0.721570 -0.556220 -0.412257 0.673942 0.700662 0.234256 -0.158555 0.446869 -0.880436
0.491578 -1.838301 67.602390 43.158758 0.741632 -0.557551 -0.372988 0.658619 0.710730 0.247151 -0.127294 0.428952 -0.894313
6.578182 -12.786736 -220.369977 -147.504691 0.163472 0.957493 0.237665 -0.146698 0.261820 -0.953903 0.975580 -0.121071 -0.183263
7.196463 -13.883894 -247.178737 24.546444 0.199781 0.964976 0.170026 -0.413641 0.240362 -0.878139 0.888250 -0.105106 -0.447173
3.530913 -12.784316 -155.711695 -146.615018 0.210773 0.968832 0.130150 -0.213815 0.175608 -0.960960 0.953865 -0.174717 -0.244164
3.486415 -11.012000 -140.706290 -182.081521 0.187219 0.961753 0.199949 0.006676 0.202297 -0.979301 0.982296 -0.184679 -0.031454
-1.556170 -2.388288 -47.973864 -56.585852 -0.056794 0.949056 0.309946 0.772701 0.238373 -0.588312 0.632224 -0.206083 0.746875
-2.264316 -3.453708 15.948946 -98.550904 0.502997 -0.661992 -0.555662 0.591067 0.732541 -0.337673 0.630582 -0.158585 0.759748
-1.231200 -1.972859 -93.676810 0.498034 0.453772 0.881720 -0.129081 0.656311 -0.428663 -0.620889 0.602782 -0.197025 0.773198
-0.550478 -1.890762 -70.221658 -15.723443 0.273709 0.960323 0.053513 0.723080 -0.168765 -0.669831 0.634223 -0.222032 0.740583
-1.386106 -2.739032 -32.792851 -61.581070 -0.110021 0.920922 0.373896 0.743597 0.325876 -0.583839 0.659514 -0.213794 0.720648
-0.627319 -8.066256 -0.720435 21.153965 0.846177 -0.440007 -0.300631 0.501237 0.465588 0.729376 0.180960 0.767868 -0.614517
-0.555883 -7.034654 2.693924 41.310336 0.856762 -0.432161 -0.281419 0.447497 0.351758 0.822200 0.256331 0.830363 -0.494764
-0.809443 -7.661429 -8.230255 27.593155 0.850528 -0.440376 -0.287527 0.485337 0.446591 0.751668 0.202609 0.778862 -0.593568
-0.855865 -8.588359 -5.320829 48.434556 0.829353 -0.460125 -0.316952 0.543650 0.533684 0.647786 0.128910 0.709554 -0.692759
-1.023932 -7.824187 -13.095930 33.250622 0.843774 -0.453355 -0.287253 0.504949 0.489225 0.711116 0.181856 0.745069 -0.641717
-0.929243 -6.865723 -17.393975 17.152645 0.864114 -0.432657 -0.257128 0.442658 0.410221 0.797354 0.239502 0.802824 -0.545997
-1.360113 -15.247233 -27.130158 14.415421 -0.752655 0.580731 0.310263 0.542819 0.813996 -0.206783 -0.372638 0.012781 -0.927889
-0.875741 -14.283816 -39.178193 79.611169 -0.783926 0.545149 0.297106 0.583081 0.810829 0.050721 -0.213251 0.212998 -0.953496
-0.506808 -13.723176 -33.284570 55.362045 -0.787444 0.544749 0.288409 0.544103 0.834174 -0.090029 -0.289626 0.086031 -0.953266
-1.177141 -14.394557 -34.015059 7.893953 -0.762056 0.580356 0.287154 0.491184 0.807084 -0.327649 -0.421911 -0.108642 -0.900105
-1.858913 -15.162532 -8.906183 -35.245587 -0.717581 0.622336 0.312690 0.458689 0.760128 -0.460227 -0.524101 -0.186823 -0.830913
-0.282558 -17.249745 6.338514 -140.272690 -0.482648 0.499025 0.719739 0.446783 0.847110 -0.287730 -0.753284 0.182695 -0.631812
-0.428948 -17.265164 18.446946 -105.878645 -0.457871 0.517248 0.723055 0.487520 0.826208 -0.282320 -0.743423 0.223238 -0.630465
-0.085197 -15.398587 -7.025098 -240.910238 -0.486543 0.506795 0.711642 0.273425 0.861967 -0.426910 -0.829768 -0.013129 -0.557955
-0.010283 -15.074829 -0.544820 -257.983317 -0.482331 0.494798 0.722864 0.247224 0.868541 -0.429554 -0.840379 -0.028477 -0.541250
-0.220596 -16.516453 -0.886067 -245.772460 -0.482195 0.484540 0.729869 0.323720 0.872707 -0.365497 -0.814060 0.060032 -0.577670
2.125284 -10.522153 -29.622999 63.580946 0.873501 -0.481095 -0.074459 -0.387427 -0.779590 0.492076 0.294783 0.400981 0.867362
2.225351 -10.077241 -16.426923 52.029465 0.867935 -0.488604 -0.089186 -0.435595 -0.835097 0.335961 0.238631 0.252743 0.937644
1.666411 -10.373222 -14.411653 47.115600 0.880710 -0.469921 -0.059362 -0.427499 -0.842584 0.327563 0.203946 0.263111 0.942963
1.959193 -10.360671 -8.577772 48.251596 0.869102 -0.487255 -0.085110 0.463677 0.862475 -0.202830 0.172235 0.136816 0.975508
1.337764 -10.440212 -34.280772 65.631639 0.889747 -0.455687 -0.026433 -0.386925 -0.783675 0.485944 0.242153 0.422140 0.873590
1.224704 -10.238005 -35.998199 51.351447 0.888321 -0.459073 -0.011728 -0.430477 -0.841336 0.326869 0.159924 0.285316 0.944997
0.507392 -5.824111 -5.372511 0.723137 0.752408 -0.580169 -0.311907 0.401107 0.779154 -0.481698 0.522490 0.237325 0.818951
0.750812 -5.893025 6.148719 -5.927263 0.717634 -0.630965 -0.294764 0.390896 0.715237 -0.579341 0.576370 0.300533 0.759920
0.590101 -5.440957 -0.830480 -2.126044 0.740453 -0.589927 -0.322048 0.416085 0.778647 -0.469662 0.527828 0.213763 0.822011
0.655157 -4.531359 -13.515393 -25.364623 0.780306 -0.517199 -0.351609 0.398193 0.844398 -0.358378 0.482250 0.139636 0.864833
0.513767 -4.673481 -2.608447 -58.406525 0.772990 -0.534103 -0.342375 0.424873 0.836591 -0.345829 0.471136 0.121857 0.873603
0.667681 -4.951714 -16.232027 1.819151 0.742718 -0.589592 -0.317413 0.419835 0.779315 -0.465195 0.521640 0.212247 0.826343
1.210164 -3.399506 -12.024585 65.845457 0.734071 -0.530921 -0.423394 0.646209 0.737758 0.195259 -0.208696 0.416935 -0.884653
0.780946 -4.247680 35.037590 75.480070 0.728425 -0.562520 -0.391111 0.652295 0.744008 0.144789 -0.209543 0.360587 -0.908883
0.652454 -2.977300 44.213322 68.561484 0.735672 -0.559355 -0.381979 0.658542 0.722600 0.210171 -0.158458 0.406166 -0.899956
-0.243707 -2.593792 83.741186 69.026772 0.745604 -0.558868 -0.362962 0.652361 0.723309 0.226382 -0.136016 0.405574 -0.903886
30.677159 -9.177545 -1847.466499 13.586998 -0.669532 0.738372 0.080826 0.166868 0.043485 0.985020 -0.723797 -0.672990 0.152325
10.402934 -7.119536 419.548302 -39.136257 0.615297 -0.714891 -0.332177 -0.421420 0.057811 -0.905021 -0.666195 -0.696842 0.265698
5.374114 -6.710002 290.035381 -19.963728 0.644053 -0.711289 -0.281538 -0.332112 0.071553 -0.940522 -0.689128 -0.699248 0.190144
188.932150 -15.803087 -8966.815782 -54.142614 -0.629428 0.776331 0.033626 0.195943 0.116693 0.973647 -0.751949 -0.619430 0.225566
54.130139 -6.957122 -2721.650275 42.912054 -0.583039 0.807420 -0.090209 0.066731 0.158251 0.985142 -0.809699 -0.568357 0.146146
45.493766 -173.264818 -989.243495 -8285.262271 -0.076311 0.584104 0.808083 0.908331 -0.293531 0.297950 0.411231 0.756744 -0.508160
37.186833 -126.281608 -52.347623 -6618.592138 -0.069302 0.583512 0.809142 0.918393 -0.279408 0.280154 0.389554 0.762526 -0.516529
14.366088 -106.220043 110.364799 -6402.112847 0.144241 0.544912 0.825994 0.905629 -0.409088 0.111730 0.398787 0.731928 -0.552495
19.328721 -1419.065698 -752.637266 -172446.234194 -0.364162 -0.124505 -0.922976 0.647976 0.677967 -0.347115 0.668965 -0.724472 -0.166213
75.131763 -1.558863 3954.946561 -1048.686803 0.759548 -0.518436 -0.392824 0.641777 0.695615 0.322865 -0.105870 0.497337 -0.861074
1.812394 -21.785244 80.551125 -76.829449 -0.607987 0.745190 0.273942 0.773381 0.477844 0.416589 0.179537 0.465142 -0.866839
0.385355 -18.166372 29.023458 -42.379877 -0.637420 0.728430 0.251167 0.722308 0.451409 0.523928 0.268266 0.515383 -0.813888
0.821955 -19.201986 95.125208 -91.103910 -0.569453 0.761643 0.309231 0.820479 0.503583 0.270589 0.050368 0.407805 -0.911679
-2.008894 -5.085041 -65.764737 -5.648780 -0.627986 0.693956 0.352219 -0.272951 0.227434 -0.934757 0.728787 0.683153 -0.046590
-1.065595 -5.228531 -97.559018 -0.427290 -0.584738 0.686697 0.431890 -0.270241 0.337092 -0.901853 0.764886 0.644062 0.011537
-0.268553 -5.533144 -129.447335 -2.968603 -0.587765 0.722415 0.364210 -0.289690 0.232402 -0.928477 0.755389 0.651234 -0.072678
0.663679 -5.641880 -123.668246 -0.389610 -0.572204 0.699692 0.427801 -0.244041 0.352739 -0.903338 0.782960 0.621295 0.031085
-0.986374 -5.374772 -103.485925 -7.392755 -0.622874 0.726917 0.289171 -0.306234 0.113585 -0.945156 0.719895 0.677267 -0.151858
1.617567 -5.881679 -133.066068 2.937325 -0.590540 0.713105 0.377813 -0.301587 0.239234 -0.922937 0.748537 0.658975 -0.073786
1.159715 -5.812127 -128.131878 -4.685417 -0.607069 0.728960 0.316361 -0.344628 0.117212 -0.931393 0.716030 0.674447 -0.180064
-0.569411 -2.020991 -10.234660 -24.082223 -0.678045 0.726597 -0.110958 0.698709 0.590302 -0.404165 -0.228166 -0.351569 -0.907931
0.662412 -2.540524 60.956425 -50.978729 0.710863 -0.694422 0.111586 0.668092 0.617106 -0.415732 -0.219833 -0.370078 -0.902616
0.563062 -1.935487 62.714845 -30.436301 0.777166 -0.624307 0.079082 0.587099 0.674065 -0.448275 -0.226555 -0.394813 -0.890391
-0.716192 -1.486667 21.664469 -17.812380 0.718267 -0.688794 0.098264 0.651161 0.615724 -0.443703 -0.245117 -0.382683 -0.890770
-0.205606 -5.495387 11.144773 -18.572825 0.834018 -0.485179 -0.262708 -0.104467 -0.606400 0.788268 0.541757 0.629985 0.556434
-0.192629 -5.558601 8.189506 4.064621 0.841343 -0.467852 -0.270659 -0.092572 -0.618084 0.780642 0.532515 0.631733 0.563330
-0.042029 -5.079000 -3.426479 27.990506 0.853366 -0.440067 -0.279478 -0.120036 -0.687569 0.716129 0.507305 0.577572 0.639572
0.396462 -2.866885 5.987765 18.157452 0.773764 -0.571293 -0.273702 0.236678 -0.140059 0.961440 0.587599 0.808707 -0.026840
0.284332 -2.671567 12.245874 2.122134 0.764924 -0.572309 -0.295555 0.240656 -0.171694 0.955304 0.597474 0.801863 -0.006396
0.239056 -2.927737 -3.944059 -0.318946 0.758884 -0.555618 -0.339681 0.261266 -0.218025 0.940322 0.596519 0.802342 0.020292
0.163055 -3.234597 -18.887521 20.918693 0.790822 -0.556631 -0.254484 0.226699 -0.119822 0.966566 0.568514 0.822073 -0.031430
-0.114378 -3.187854 -31.731522 5.061545 0.767867 -0.531935 -0.356966 0.276551 -0.227377 0.933713 0.577840 0.815687 0.027488
-0.058585 -3.231979 -19.885373 -14.692189 0.739872 -0.516436 -0.431141 0.304446 -0.314461 0.899126 0.599918 0.796497 0.075434
0.099785 -3.121304 4.072600 -16.014327 0.742445 -0.546759 -0.387080 0.264599 -0.291488 0.919251 0.615438 0.784914 0.071742
-0.095912 -6.005246 5.937491 -35.163590 0.882125 -0.416772 -0.219447 0.205788 -0.078064 0.975478 0.423683 0.905653 -0.016904
-0.233914 -6.522895 10.743339 -39.215312 0.885711 -0.423115 -0.191020 0.160655 -0.106686 0.981228 0.435552 0.899773 0.026517
-0.190221 -6.601313 5.835067 -24.313185 0.888786 -0.422382 -0.177912 0.104959 -0.190287 0.976102 0.446142 0.886219 0.124792
0.283461 -7.968152 -0.412834 11.293958 0.885895 -0.458863 -0.068080 0.429072 0.754757 0.496225 0.176316 0.468814 -0.865521
0.568835 -7.574732 8.607728 -18.080460 0.895275 -0.443682 -0.040361 0.426663 0.827794 0.364302 0.128224 0.343371 -0.930406
0.439441 -7.660518 23.540746 36.709495 0.898710 -0.438002 -0.021797 0.394360 0.785422 0.477067 0.191836 0.437340 -0.878597
0.218707 -7.453535 1.663006 18.521890 0.890300 -0.450625 -0.065594 0.405597 0.719227 0.564095 0.207018 0.528818 -0.823101
0.137077 -7.618122 7.499559 80.672545 0.898879 -0.436107 -0.042752 0.382086 0.732270 0.563730 0.214541 0.523060 -0.824852
-3.655287 -28.611179 -4.665495 -1203.857442 0.506281 -0.054919 0.860618 0.510443 0.823453 -0.247734 -0.695074 0.564720 0.444932
-5.239848 -81.974334 22.423550 -3019.671079 0.534711 -0.104571 0.838540 0.632578 0.707479 -0.315149 -0.560294 0.698956 0.444446
-9.813427 -78.616380 32.894670 -2844.455607 0.551038 0.085991 0.830038 0.556336 0.703514 -0.442219 -0.621971 0.705459 0.339823
1.415986 -18.598611 -34.698673 -350.624669 0.374656 -0.254924 0.891430 0.601467 0.798524 -0.024433 -0.705599 0.545320 0.452500
0.720939 -13.432475 -63.981242 73.531940 0.379496 -0.189493 0.905580 0.532499 0.845164 -0.046300 -0.756590 0.499791 0.421641
0.466541 -18.838341 -34.288938 -259.836294 0.366816 -0.248123 0.896594 0.632836 0.772977 -0.044994 -0.681883 0.583902 0.440561
-1.688675 -1.851043 -12.078395 13.558336 -0.865951 0.385369 0.318780 0.257776 0.890120 -0.375817 -0.428580 -0.243265 -0.870139
-1.322688 -2.128251 -14.059241 -66.266496 -0.676995 0.729111 0.100379 -0.610941 -0.632772 0.475763 -0.410401 -0.260764 -0.873827
-1.695297 -2.604088 -7.988402 -73.683416 -0.667307 0.732330 0.135624 -0.594891 -0.633660 0.494550 -0.448113 -0.249336 -0.858502
-1.960263 -5.276149 -23.217856 253.564750 -0.483047 0.814594 -0.321095 0.699711 0.138667 -0.700839 -0.526374 -0.563213 -0.636963
-1.773956 -7.518075 44.955193 163.414016 0.659738 -0.736105 0.151308 0.466064 0.242835 -0.850774 -0.589516 -0.631807 -0.503280
-2.779414 -7.521690 3.579864 -131.436137 -0.578686 0.795799 -0.178401 -0.499270 -0.172717 0.849057 -0.644866 -0.580407 -0.497268
-2.872206 -9.166758 -4.165469 -5.715237 -0.644719 0.758556 -0.094498 -0.328973 -0.163744 0.930035 -0.690010 -0.630698 -0.355114
-3.085789 -8.983211 -3.082469 -3.736693 -0.595700 0.792440 -0.131072 -0.343952 -0.104206 0.933187 -0.725836 -0.600982 -0.334637
-0.244148 -1.978957 -25.442265 -9.499151 0.947850 -0.127627 -0.292048 -0.037689 0.865010 -0.500336 -0.316481 -0.485251 -0.815090
0.226894 -2.107700 -20.870681 -18.757306 0.940851 -0.039296 -0.336535 -0.126950 0.880013 -0.457669 -0.314140 -0.473321 -0.822972
-0.421439 -1.814684 -26.347978 -0.000998 0.941776 -0.036408 -0.334263 -0.115692 0.898334 -0.423805 -0.315710 -0.437801 -0.841818
-0.681008 -1.837636 -1.485824 13.724296 0.948750 -0.242423 -0.202743 0.114546 0.861699 -0.494322 -0.294539 -0.445765 -0.845305
0.509191 -6.753461 -144.056777 15.847302 0.752491 -0.584254 -0.303982 -0.565212 -0.335961 -0.753435 -0.338071 -0.738768 0.583035
-1.529721 -6.544688 -113.786465 14.560263 0.764007 -0.563268 -0.314678 -0.545270 -0.302939 -0.781606 -0.344925 -0.768737 0.538581
-1.016161 -6.890205 -134.985866 14.408365 0.762384 -0.576707 -0.293565 -0.578708 -0.404578 -0.708106 -0.289599 -0.709737 0.642189
-0.942658 -7.026572 -140.213965 4.937520 0.771423 -0.570761 -0.281315 -0.603165 -0.515039 -0.609037 -0.202727 -0.639504 0.741577
1.633827 -6.933067 -143.882663 -1.428780 0.749469 -0.584004 -0.311827 -0.620494 -0.455415 -0.638423 -0.230831 -0.671965 0.703691
-0.015819 -5.171231 -6.145321 -14.082562 0.858853 -0.367342 -0.356975 0.468357 0.845361 0.256917 -0.207397 0.387846 -0.898088
0.096020 -5.194301 -7.347968 -20.920777 0.866793 -0.359025 -0.346080 0.465884 0.830521 0.305266 -0.177829 0.425836 -0.887153
-0.226274 -5.503441 -3.570190 -30.423120 0.838090 -0.401107 -0.369755 0.521957 0.786682 0.329685 -0.158640 0.469302 -0.868671
0.214812 -5.104519 -15.581787 -1.555812 0.867616 -0.348960 -0.354217 0.440637 0.869666 0.222532 -0.230396 0.349153 -0.908301
0.049245 -5.566758 7.249853 -22.956808 0.835257 -0.407148 -0.369562 0.514823 0.815141 0.265522 -0.193138 0.412038 -0.890462
0.138678 -5.293322 4.141947 -0.791781 0.859378 -0.367480 -0.355568 0.449371 0.874561 0.182232 -0.243999 0.316388 -0.916713
0.107424 -5.015711 -9.285755 7.599407 0.868798 -0.347493 -0.352759 0.429686 0.883123 0.188318 -0.246091 0.315186 -0.916568
-2.908612 -17.873319 19.206912 -331.611986 -0.499885 0.533978 0.681896 -0.211821 0.688039 -0.694071 -0.839789 -0.491396 -0.230833
-2.940339 -14.597807 5.121873 341.212503 -0.584118 0.575897 0.571970 0.288539 -0.511324 0.809502 -0.758651 -0.637880 -0.132505
-2.161007 -13.045845 8.655405 392.425396 -0.511073 0.540197 0.668574 0.471542 -0.474124 0.743542 -0.718646 -0.695265 0.012414
-2.143695 -15.067937 20.308942 -393.598073 -0.451736 0.519964 0.724963 -0.437214 0.579307 -0.687930 -0.777675 -0.627727 -0.034358
0.055426 -17.327344 24.191241 118.179189 -0.436377 0.778125 0.451771 0.562203 -0.156216 0.812111 -0.702498 -0.608373 0.369295
0.131753 -15.701782 -20.060383 1.561288 0.469678 -0.771607 -0.428982 0.656484 -0.019637 0.754085 -0.590281 -0.635797 0.497324
0.034685 -16.053107 5.855681 55.968296 0.477474 -0.771092 -0.421231 0.714050 0.061168 0.697418 -0.512007 -0.633779 0.579804
1.873211 -7.536075 -24.957919 4.131577 -0.410082 0.694915 0.590700 0.875029 0.482419 0.039942 -0.257209 0.533259 -0.805902
1.451398 -8.958935 -24.603309 119.920861 -0.459963 0.664754 0.588674 0.814587 0.579756 -0.018203 -0.353388 0.471153 -0.808166
0.933960 -7.099895 -34.303418 -49.288571 -0.411701 0.722250 0.555749 0.865908 0.500131 -0.008501 -0.284087 0.477728 -0.831306
2.358534 -7.763918 -21.411836 -42.074657 -0.398411 0.690354 0.603887 0.904021 0.406801 0.131375 -0.154967 0.598268 -0.786168
2.300603 -7.788876 -11.799668 39.644862 -0.408877 0.661893 0.628266 0.879057 0.470564 0.076343 -0.245108 0.583496 -0.774244
1.723704 -7.690116 -47.065181 -84.012373 -0.393299 0.736408 0.550472 0.907542 0.406841 0.104155 -0.147254 0.540541 -0.828331
0.048419 -5.391662 6.956114 24.077967 -0.866178 0.356480 0.350226 0.409969 0.907640 0.090086 -0.285765 0.221612 -0.932323
-0.124925 -6.184294 4.175021 48.484656 -0.843544 0.411265 0.345390 0.435570 0.900119 -0.008005 -0.314184 0.143689 -0.938425
0.177943 -5.238150 -8.590439 30.024579 0.864645 -0.360730 -0.349662 0.428387 0.892985 0.138064 -0.262439 0.269167 -0.926647
-0.839731 -6.407562 -34.567266 -39.196815 0.874510 -0.394484 -0.282163 0.326850 0.049518 0.943778 0.358333 0.917568 -0.172241
-0.918521 -6.238686 -19.020608 -44.400508 0.872425 -0.417752 -0.253690 0.313068 0.079059 0.946435 0.375318 0.905115 -0.199758
-0.928246 -6.015705 -24.253736 -15.679231 0.860216 -0.410187 -0.302943 0.383170 0.127952 0.914773 0.336466 0.902981 -0.267238
-0.604118 -6.402264 -12.111632 -12.809849 0.860397 -0.402868 -0.312111 0.372742 0.079830 0.924495 0.347534 0.911770 -0.218852
-0.484854 -6.930185 -21.726810 -27.860511 0.872176 -0.396748 -0.286181 0.289302 -0.053418 0.955746 0.394478 0.916372 -0.068190
2.502405 -5.808534 61.812983 16.539148 0.727724 -0.471304 -0.498287 -0.623541 -0.152014 -0.766869 -0.285682 -0.868772 0.404502
2.212167 -5.564987 58.053171 18.740042 0.726435 -0.462675 -0.508158 -0.590421 -0.041757 -0.806015 -0.351704 -0.885544 0.303507
2.901612 -5.601350 15.678607 20.433064 0.726082 -0.514648 -0.456008 -0.571776 -0.083525 -0.816147 -0.381940 -0.853324 0.354909
3.261425 -5.781677 20.158922 26.314389 0.729505 -0.518783 -0.445743 -0.594569 -0.158848 -0.788197 -0.338098 -0.840018 0.424333
-0.449035 -12.598763 27.454864 -137.460455 0.964143 -0.236305 -0.120781 0.260231 0.931078 0.255681 -0.052038 0.277944 -0.959187
-0.163444 -10.669147 30.968981 -56.450038 0.962815 -0.245970 -0.111745 0.261187 0.953202 0.152272 -0.069061 0.175796 -0.982001
-0.734069 -12.155485 14.025640 52.653629 0.942778 -0.303344 -0.138390 0.316627 0.944598 0.086501 -0.104484 0.125369 -0.986593
-0.897981 -13.650564 16.979555 -32.833853 0.952238 -0.269507 -0.143556 0.293036 0.938727 0.181443 -0.085860 0.214844 -0.972867
-0.965908 -14.332107 -5.202789 142.910127 -0.925535 0.343636 0.159057 0.344061 0.938594 -0.025738 -0.158134 0.030904 -0.986934
0.967526 -15.819234 -36.322292 50.945696 0.805156 -0.474593 -0.355647 -0.570662 -0.456727 -0.682455 -0.161455 -0.752437 0.638569
0.606613 -16.958473 -21.690939 120.225741 0.814971 -0.458176 -0.354820 -0.579483 -0.649337 -0.492505 0.004744 -0.606989 0.794696
1.291165 -15.667603 -33.678682 53.440060 0.828694 -0.437595 -0.348966 -0.550197 -0.522481 -0.651381 -0.102713 -0.731795 0.673740
1.595424 -15.546562 -41.757710 -87.836528 0.817632 -0.451527 -0.357213 -0.538279 -0.379359 -0.752557 -0.204288 -0.807595 0.553224
1.719511 -16.626137 -2.413522 -174.269447 0.842595 -0.396308 -0.364655 -0.517110 -0.406230 -0.753376 -0.150435 -0.823357 0.547222
-2.971093 -4.823908 -16.631889 50.477073 0.764261 0.490830 -0.418320 -0.161949 0.773934 0.612208 0.624242 -0.400140 0.670977
-2.617519 -5.116334 -17.270212 24.263452 0.799583 0.468385 -0.375876 -0.135203 0.750206 0.647233 0.585139 -0.466697 0.663179
-2.874752 -5.446665 -18.409814 14.219717 0.768172 0.435315 -0.469482 -0.031476 0.758077 0.651405 0.639470 -0.485614 0.596035
-3.264479 -4.872300 -13.997655 61.462307 0.735820 0.437800 -0.516624 -0.084097 0.816079 0.571788 0.671935 -0.377287 0.637305
-3.036535 -5.351312 -0.248557 26.409077 0.709238 0.360112 -0.606053 0.064496 0.822937 0.564460 0.702013 -0.439425 0.560432
-2.630836 -5.766062 -17.728305 -3.194711 0.775733 0.419683 -0.471279 0.061087 0.693359 0.717999 0.628097 -0.585764 0.512224
-2.722843 -5.590516 -0.403268 -10.351082 0.719553 0.378863 -0.581985 0.120276 0.757409 0.641768 0.683942 -0.531785 0.499427
1.880834 -96.080200 -19.045326 -3316.660410 0.960692 -0.275637 -0.033080 0.273835 0.960457 -0.050370 0.045656 0.039332 0.998183
1.876482 -47.950763 -106.563988 121.152565 0.973859 -0.226942 0.009774 -0.221282 -0.938097 0.266475 0.051306 0.261672 0.963792
3.297884 -102.572093 -179.997468 -3214.209948 0.963941 -0.265541 0.017474 -0.232283 -0.807533 0.542158 0.129855 0.526667 0.840095
2.673874 -57.357646 -69.428729 -150.540055 0.922869 -0.379015 -0.068262 -0.340983 -0.886568 0.312614 0.179004 0.265226 0.947424
5.095910 -56.709618 -107.090032 -979.770300 0.916545 -0.397211 -0.046572 -0.245344 -0.650405 0.718874 0.315836 0.647454 0.693578
4.928096 -54.947920 -89.345940 -847.815635 0.973810 -0.223976 -0.039095 -0.067026 -0.447111 0.891964 0.217258 0.865983 0.450413
1.199993 -3.819568 26.339203 17.529354 0.427943 0.794411 -0.431017 0.746998 -0.579343 -0.326121 0.508781 0.182408 0.841350
0.882029 -3.912658 55.627486 20.196792 0.471807 0.736345 -0.484967 0.718502 -0.639892 -0.272569 0.511031 0.219850 0.830971
0.237659 -3.473686 36.216704 18.029936 0.471746 0.742353 -0.475781 0.673117 -0.651742 -0.349493 0.569534 0.155385 0.807147
-0.000362 -38.836079 52.044145 -828.344894 -0.614736 0.694995 0.372937 0.728787 0.681318 -0.068379 0.301611 -0.229756 0.925334
0.089845 -35.190361 -47.111263 -622.464470 0.601988 -0.698844 -0.386299 0.618127 0.714100 -0.328603 0.505498 -0.040967 0.861854
-3.134012 -647.956493 -276.067154 -30729.509632 0.627387 -0.605263 -0.489941 0.461451 0.795775 -0.392179 0.627254 0.019964 0.778558
0.066682 -105.018766 -145.621942 -5337.702820 0.604650 -0.673375 -0.425400 0.702855 0.702343 -0.112738 0.374692 -0.230827 0.897956
0.525182 -26.356527 8.013532 -414.075240 0.571694 -0.722692 -0.388435 0.804729 0.586189 0.093772 0.159928 -0.366194 0.916692
0.597117 -28.939248 1.195688 -671.737598 0.545328 -0.741099 -0.391651 0.837926 0.469545 0.278220 -0.022291 -0.479896 0.877042
0.444803 -25.366810 -33.625011 -344.730813 0.549670 -0.756194 -0.355012 0.827551 0.550955 0.107745 0.114120 -0.353014 0.928632
8.192376 -23.200790 168.965096 -458.834382 0.960349 -0.087990 0.264551 0.278338 0.247956 -0.927926 -0.016051 -0.964767 -0.262615
10.000746 -38.147793 45.537139 -1124.531934 0.946627 -0.269731 0.176472 0.265465 0.341862 -0.901476 -0.182827 -0.900209 -0.395220
8.450780 -23.503827 63.701095 -614.301398 0.960902 -0.232379 0.150554 0.162408 0.032635 -0.986184 -0.224256 -0.972078 -0.069099
6.117281 -19.715448 137.026048 -376.563160 0.956564 0.007858 0.291418 0.286508 0.159304 -0.944741 0.053847 -0.987198 -0.150133
6.259105 -27.897756 165.739024 -663.178542 0.925318 -0.001393 0.379190 0.340672 0.442196 -0.829702 0.166520 -0.896917 -0.409647
6.924102 -16.075378 130.381631 -263.978318 0.978423 -0.028906 0.204579 0.204279 -0.012985 -0.978827 -0.030950 -0.999498 0.006800
-16.707791 -49.786938 -482.346001 1285.810314 0.725744 0.533236 0.434691 -0.175527 0.754458 -0.632442 -0.665197 0.382691 0.641140
-13.351420 -34.308073 -382.299415 -57.323521 0.739751 0.501149 0.449019 -0.445342 0.864887 -0.231604 -0.504419 -0.028637 0.862984
-20.429394 -36.366758 -540.866976 401.823510 0.867348 0.393399 0.304870 -0.285647 0.895096 -0.342357 -0.407571 0.209858 0.888733
-28.185034 -45.392836 -302.374728 -112.802856 0.966583 -0.010287 0.256146 -0.124878 -0.891518 0.435433 -0.223879 0.452869 0.863011
-27.800212 -54.554508 -834.590770 -1608.535609 0.835983 0.373580 0.401957 0.010251 -0.742994 0.669219 -0.548659 0.555336 0.624960
-6.334863 -9.948771 -37.655104 74.768407 -0.843910 0.517636 -0.140958 0.448227 0.824684 0.344947 0.294802 0.227923 -0.927978
-8.245314 -11.136321 -51.041154 167.248532 -0.528829 0.842451 0.103032 0.814389 0.469499 0.341089 0.238978 0.264286 -0.934367
-5.200870 -8.498389 15.934993 88.490787 -0.903232 0.339379 -0.262666 0.207402 0.881038 0.425156 0.375708 0.329537 -0.866169
-2.654746 -8.095866 -0.946958 -96.716140 0.971882 -0.212687 -0.101041 0.234331 0.831503 0.503678 0.023110 0.513192 -0.857962
-1.840250 -9.754968 25.898449 16.422015 0.931008 -0.344479 -0.120657 0.352938 0.765358 0.538203 0.093054 0.543655 -0.834134
-1.609243 -7.680776 41.405243 -189.171591 0.967550 -0.242594 -0.070675 0.251600 0.899130 0.358138 0.023336 0.364299 -0.930990
-2.711315 -8.827736 7.135014 -9.233315 0.974152 -0.188967 -0.123770 0.225698 0.791465 0.568017 0.009376 0.581270 -0.813657
-2.865192 -9.078329 12.317018 54.482606 0.957279 -0.256115 -0.134246 0.278531 0.691935 0.666068 0.077700 0.675005 -0.733711
-4.697159 -9.195452 -58.063613 -27.550633 -0.539628 0.030575 -0.841348 0.535346 0.783744 -0.314882 0.649774 -0.620331 -0.439298
-5.167341 -9.182099 -41.287659 -44.173545 -0.561507 0.134870 -0.816407 0.646445 0.687395 -0.331054 0.516545 -0.713652 -0.473163
1.101864 -2.093680 -8.578121 -35.672909 -0.643111 0.617293 0.453164 0.752316 0.619756 0.223434 -0.142927 0.484616 -0.862971
0.414150 -2.593049 -43.302523 -45.335364 -0.647949 0.630045 0.428026 0.755780 0.601641 0.258503 -0.094650 0.490990 -0.866008
0.912363 -2.895534 -8.704788 -47.232887 -0.614687 0.636963 0.465229 0.781884 0.569820 0.252908 -0.104004 0.519214 -0.848292
0.809597 -3.366436 -23.691350 -43.480677 -0.618767 0.643732 0.450263 0.783281 0.549330 0.291045 -0.059988 0.532772 -0.844130
-0.699816 -3.064655 59.127859 -41.140493 0.708195 -0.586339 -0.393277 0.703911 0.629381 0.329225 -0.054484 0.509987 -0.858455
0.117656 -3.548164 -59.069142 -40.840756 -0.635405 0.642889 0.427731 0.771548 0.550973 0.318029 -0.031211 0.532092 -0.846111
10.142806 -13.747663 -186.420995 3.121382 0.027529 0.948690 0.315008 -0.322283 0.306724 -0.895575 0.946243 0.076868 -0.314190
10.557550 -14.113367 -236.049148 162.827608 0.098937 0.963728 0.247871 -0.584386 0.257885 -0.769408 0.805422 0.068730 -0.588704
7.427037 -13.701959 -273.552479 158.718524 0.221890 0.970434 0.094984 -0.629655 0.216983 -0.745957 0.744513 -0.105713 -0.659186
-2.162470 -2.389445 -56.509378 -53.724397 0.806827 0.163957 -0.567582 -0.036780 0.972796 0.228726 0.589642 -0.163666 0.790908
-2.611402 -4.000316 -1.974346 -103.562596 0.679146 -0.455439 -0.575618 0.422236 0.883883 -0.201167 0.600398 -0.106425 0.792588
-2.357807 -4.892401 17.343231 -76.866345 0.525474 -0.598372 -0.604837 0.488733 0.794195 -0.361102 0.696432 -0.105854 0.709773
-2.637673 -5.247380 7.929082 -94.953233 0.598728 -0.548949 -0.583249 0.453192 0.832602 -0.318420 0.660411 -0.073677 0.747281
-0.462471 -7.422505 -4.633317 41.293011 0.851662 -0.426802 -0.304157 0.470451 0.366814 0.802573 0.230970 0.826612 -0.513191
-0.352522 -6.644612 -5.990442 82.500692 0.866177 -0.413543 -0.280569 0.397653 0.230322 0.888158 0.302670 0.880871 -0.363946
-0.484345 -6.412280 -1.571012 71.950851 0.874606 -0.415819 -0.249318 0.366962 0.231663 0.900928 0.316865 0.879447 -0.355204
-1.048186 -14.001492 37.610514 107.353095 0.788204 -0.531197 -0.310748 0.598774 0.778570 0.187876 -0.142140 0.334153 -0.931739
-0.198607 -12.438730 33.250991 92.337843 0.822961 -0.485924 -0.294301 0.560117 0.780561 0.277476 -0.094888 0.393195 -0.914546
-0.080236 -12.734862 33.382398 36.467565 0.823110 -0.488982 -0.288767 0.544681 0.823656 0.157843 -0.160663 0.287208 -0.944298
0.062654 -15.568875 -7.458377 -242.905991 -0.464214 0.529688 0.709884 0.284195 0.848173 -0.447030 -0.838891 -0.005772 -0.544268
-0.052895 -17.166374 -15.441015 -192.986355 -0.470477 0.537162 0.700078 0.425463 0.833147 -0.353339 -0.773067 0.131619 -0.620518
0.474946 -16.226625 -37.607318 -216.348524 -0.473049 0.554838 0.684382 0.330641 0.831816 -0.445823 -0.816640 0.015388 -0.576942
0.110057 -17.167281 -39.510863 4.293509 -0.476048 0.571768 0.668177 0.577511 0.776256 -0.252800 -0.663219 0.265535 -0.699737
0.647897 -6.146084 -4.376420 8.277590 0.751086 -0.582839 -0.310112 0.357124 0.753741 -0.551667 0.555277 0.303601 0.774270
1.088923 -5.855597 -4.343050 4.007095 0.732012 -0.615663 -0.291748 0.310935 0.682929 -0.661005 0.606199 0.393149 0.691344
1.144052 -5.788540 -20.601983 -4.654429 -0.688890 0.664516 0.289567 0.329650 0.642982 -0.691307 0.645571 0.380779 0.662001
0.895664 -5.505535 -7.959802 -26.706704 -0.686618 0.673581 0.273577 0.405454 0.667123 -0.624943 0.603459 0.318175 0.731165
0.939311 -5.000128 2.061152 63.659798 0.724852 -0.546626 -0.419272 0.631346 0.770630 0.086785 -0.275665 0.327612 -0.903703
-0.610051 -5.818740 -38.225572 -30.420499 0.889695 -0.377785 -0.256362 0.317454 0.108337 0.942065 0.328125 0.919533 -0.216316
-0.270079 -6.106110 -44.184148 -17.144154 0.880044 -0.370872 -0.296609 0.316419 -0.007812 0.948587 0.354122 0.928651 -0.110476
-0.713198 -6.353435 -35.827323 -11.053989 0.877787 -0.385864 -0.283901 0.301069 -0.016621 0.953458 0.372624 0.922406 -0.101582
20.867600 -8.157477 850.231325 -138.089785 0.567003 -0.726012 -0.389121 -0.543455 0.025281 -0.839057 -0.619003 -0.687217 0.380221
10.349443 -6.934037 447.267279 -70.677524 0.580464 -0.696059 -0.422568 -0.558264 0.037607 -0.828811 -0.592792 -0.716999 0.366755
14.116174 -0.453761 767.892090 42.936973 0.738844 -0.570381 -0.358852 0.578287 0.263267 0.772188 0.345967 0.778046 -0.524357
10.392186 -59.091550 99.171365 -3752.521497 0.102270 0.559404 0.822562 0.919683 -0.368308 0.136132 0.379109 0.742575 -0.552141
1.085706 -19.704238 -34.616047 169.452243 0.645754 -0.728817 -0.227658 0.622041 0.329243 0.710397 0.442794 0.600354 -0.665964
0.713209 -17.212605 -16.812796 95.410379 0.686741 -0.694667 -0.214065 0.543774 0.295521 0.785479 0.482386 0.655824 -0.580688
0.187186 -16.706832 -10.279927 -4.394657 0.691878 -0.684566 -0.229506 0.633796 0.423584 0.647209 0.345842 0.593250 -0.726944
-0.598642 -16.999890 7.654736 -19.296991 -0.651542 0.715581 0.251868 0.746183 0.544658 0.382831 0.136765 0.437370 -0.888821
-0.038525 -13.740564 0.254104 8.775202 -0.724324 0.668934 0.166981 0.209620 0.444388 -0.870964 0.656822 0.595857 0.462103
-0.267560 -14.364606 4.868343 63.574750 -0.719497 0.679740 0.142401 0.365920 0.545311 -0.754147 0.590276 0.490499 0.641081
-0.088365 -14.281020 -11.862200 59.726101 -0.729636 0.658872 0.183083 0.232541 0.490832 -0.839648 0.643083 0.570063 0.511344
0.100673 -14.366979 -12.492681 66.763968 -0.738351 0.645461 0.195495 0.252465 0.533327 -0.807356 0.625380 0.546757 0.556738
0.305952 -13.786126 -13.247880 -15.611478 -0.738592 0.640969 0.208903 0.099475 0.410102 -0.906599 0.666774 0.648826 0.366658
-3.019636 -62.001683 210.040021 -3563.454882 -0.724438 0.680905 -0.107509 0.408084 0.549308 0.729197 -0.555569 -0.484385 0.675806
-0.492157 -42.094458 139.450387 -2457.163857 -0.559540 0.827049 0.053893 0.519768 0.299513 0.800083 -0.645566 -0.475691 0.597463
-2.246540 -10.137775 137.258079 -510.596565 -0.322484 0.908544 0.265617 0.725839 0.057231 0.685479 -0.607586 -0.413851 0.677913
0.916804 -23.942021 2.196543 -4.786371 -0.677377 0.679721 0.281317 -0.354813 -0.636872 0.684472 -0.644413 -0.363831 -0.672576
1.230891 -24.560505 -21.706309 272.785266 -0.689046 0.680402 0.249538 0.553537 0.716355 -0.424773 -0.467774 -0.154560 -0.870229
1.412738 -24.720288 6.106665 307.085468 -0.680951 0.680491 0.270625 0.582365 0.727235 -0.363291 -0.444024 -0.089781 -0.891506
1.631233 -20.437276 -11.963373 275.801598 -0.687678 0.677406 0.261188 0.665928 0.731838 -0.144752 -0.289203 0.074390 -0.954373
0.834464 -24.290403 27.490911 236.642291 -0.669241 0.669463 0.322392 0.418806 0.698247 -0.580563 -0.613774 -0.253517 -0.747670
1.303670 -22.026999 15.792819 290.484779 -0.678637 0.659093 0.324111 0.588152 0.751975 -0.297676 -0.439919 -0.011388 -0.897965
0.179038 -2.784584 17.347224 19.488613 0.779409 -0.583467 -0.228227 0.208651 -0.101751 0.972683 0.590751 0.805738 -0.042435
0.172694 -7.963912 -25.013974 -16.658417 0.877629 -0.470600 -0.091121 0.463583 0.784960 0.411011 0.121896 0.402957 -0.907065
1.166395 -36.986287 -17.507317 -1220.520472 0.539715 -0.568198 -0.621175 0.831207 0.242728 0.500178 -0.133424 -0.786279 0.603294
6.085202 -279.237742 -91.078629 -11615.551347 0.586428 -0.559622 -0.585599 0.809713 0.385734 0.442237 -0.021600 -0.733507 0.679338
3.730707 -97.837376 -143.170723 -3801.974418 0.648971 -0.515159 -0.559865 0.726460 0.638215 0.254829 0.226037 -0.572096 0.788425
-1.193609 -55.066038 -23.225020 -2288.824785 0.619912 -0.551263 -0.558407 0.750059 0.207276 0.628051 -0.230477 -0.808175 0.541972
4.598016 -108.961866 57.540991 -4241.146790 0.571887 -0.504083 -0.647183 0.770197 0.601514 0.212078 0.282385 -0.619743 0.732241
1.620928 -38.726409 63.618039 -1395.476504 0.485337 -0.530506 -0.694990 0.868202 0.198492 0.454782 -0.103314 -0.824114 0.556922
-0.228476 -17.276187 28.795379 -279.941239 0.617095 -0.511925 -0.597601 0.769974 0.236214 0.592743 -0.162278 -0.825915 0.539935
0.010181 -18.578526 13.556880 -278.469478 0.670951 -0.502816 -0.544978 0.716731 0.251395 0.650459 -0.190056 -0.827029 0.529058
-1.963122 -6.538163 41.564166 -184.314218 0.638602 0.011458 0.769452 0.374289 0.869025 -0.323579 -0.672381 0.494635 0.550672
-1.012965 -6.478898 50.779280 174.968716 0.701853 0.089868 0.706631 0.300431 0.862115 -0.408042 -0.645867 0.498679 0.578079
-0.898584 -6.102603 54.979145 -106.515971 0.621116 -0.080514 0.779572 0.418710 0.874938 -0.243240 -0.662493 0.477494 0.577150
-1.943876 -18.168379 72.255835 -751.574007 0.540286 -0.210721 0.814670 0.527352 0.839226 -0.132665 -0.655737 0.501295 0.564546
-0.118011 -7.527491 16.086193 84.417832 0.898988 -0.437148 -0.026865 0.377492 0.742281 0.553642 0.222082 0.507859 -0.832321
-0.029355 -6.868416 -1.439240 54.487053 0.894880 -0.443037 -0.053931 0.380814 0.694950 0.609938 0.232746 0.566359 -0.790611
-7.123394 -9.123548 51.843769 -12.431392 0.902457 -0.198008 -0.382576 -0.129545 0.722248 -0.679394 -0.410840 -0.662684 -0.626147
-7.060428 -9.226902 69.971028 -90.634391 0.929790 -0.299089 -0.214561 -0.013529 0.554741 -0.831913 -0.367842 -0.776407 -0.511746
-5.820030 -10.730509 -17.278565 -193.498779 0.862400 -0.264300 -0.431754 -0.214836 0.581189 -0.784898 -0.458380 -0.769652 -0.444437
-7.761977 -8.827114 119.167320 16.460804 0.952100 -0.260253 -0.160545 0.066214 0.688027 -0.722658 -0.298533 -0.677412 -0.672302
-4.913071 -9.359557 -121.743547 33.177575 0.809903 -0.320002 -0.491584 -0.103353 0.747109 -0.656617 -0.577386 -0.582603 -0.572013
-4.987263 -8.082065 208.050177 249.158637 -0.774650 0.498383 0.389271 0.198690 0.776194 -0.598368 -0.600367 -0.386182 -0.700302
-6.909829 -7.746928 52.340639 68.415165 0.838327 -0.542360 -0.055262 0.377746 0.650972 -0.658441 -0.393086 -0.531113 -0.750601
-0.348199 -4.279658 -80.874472 266.782875 -0.545875 0.782878 -0.298534 0.704514 0.236011 -0.669298 -0.453521 -0.575674 -0.680381
0.302109 -7.749668 144.263774 242.570241 0.755371 -0.652598 0.059422 0.422516 0.415720 -0.805392 -0.500894 -0.633477 -0.589756
-1.451634 -9.643686 51.516075 16.693707 0.751933 -0.659224 0.004514 0.247533 0.275984 -0.928741 -0.611003 -0.699469 -0.370701
-2.765989 -9.442415 1.888382 37.251497 -0.681450 0.727986 -0.075246 -0.252513 -0.137372 0.957792 -0.686923 -0.671688 -0.277438
0.689755 -3.123949 74.855426 19.534780 0.931669 0.047521 -0.360186 -0.245110 0.814001 -0.526615 -0.268167 -0.578916 -0.770028
-0.541386 -2.655815 -30.542203 30.754423 0.913962 0.023015 -0.405148 -0.239841 0.835987 -0.493560 -0.327339 -0.548266 -0.769580
-0.255696 -2.548228 0.556123 13.193076 0.945954 -0.107005 -0.306138 -0.068857 0.856201 -0.512033 -0.316906 -0.505440 -0.802559
-0.414046 -3.052447 -31.746158 49.379562 0.872900 0.125448 -0.471497 -0.366832 0.805904 -0.464708 -0.321684 -0.578603 -0.749491
1.868425 -3.279796 134.397007 -16.150816 0.961444 -0.056308 -0.269176 -0.107117 0.824827 -0.555145 -0.253282 -0.562574 -0.786993
4.415477 -3.441093 251.105111 -25.186370 0.964473 0.021066 -0.263341 -0.181475 0.777239 -0.602467 -0.191988 -0.628853 -0.753448
1.534826 -3.229231 167.609899 2.350773 0.934462 0.119085 -0.335558 -0.300582 0.769018 -0.564148 -0.190868 -0.628037 -0.754413
-0.493314 -3.165074 -1.954203 19.741600 0.877614 0.161003 -0.451521 -0.398735 0.768021 -0.501153 -0.266091 -0.619856 -0.738224
-0.170588 -6.326875 -133.466181 19.404173 0.741378 -0.587427 -0.324482 -0.520042 -0.197282 -0.831045 -0.424164 -0.784863 0.451747
-0.142188 -5.604410 -8.382800 -30.234681 0.844624 -0.391091 -0.365593 0.520553 0.759446 0.390213 -0.125040 0.519894 -0.845030
0.206770 -5.169263 -7.121540 -17.724176 0.870002 -0.354863 -0.342300 0.467217 0.815132 0.342444 -0.157499 0.457855 -0.874965
0.448583 -5.097708 -13.986891 -8.620259 0.874977 -0.345967 -0.338707 0.440512 0.859151 0.260403 -0.200909 0.377051 -0.904140
-0.027128 -15.981289 26.493536 73.627788 -0.427740 0.772265 0.469728 0.525989 -0.209964 0.824167 -0.735101 -0.599601 0.316393
2.276739 -11.135621 -3.978042 185.705606 -0.468869 0.602196 0.646159 0.772318 0.634485 -0.030904 -0.428588 0.484550 -0.762577
1.977638 -14.324099 -14.879123 271.538196 -0.498399 0.580233 0.644149 0.666644 0.731507 -0.143119 -0.554242 0.358088 -0.751391
1.936782 -10.457416 -16.227541 218.363962 -0.484773 0.614732 0.622174 0.768651 0.638852 -0.032308 -0.417338 0.462573 -0.782212
1.225172 -7.047394 -153.861976 -0.397703 0.743902 -0.596694 -0.300942 -0.651747 -0.548192 -0.524129 -0.147770 -0.586039 0.796695
1.009630 -5.753591 -18.616392 24.964507 0.873512 -0.380277 -0.303917 0.478445 0.785838 0.391854 -0.089816 0.487696 -0.868381
0.496741 -6.583430 6.521624 59.556833 0.822389 -0.474987 -0.313151 0.554972 0.790918 0.257789 -0.125231 0.385793 -0.914047
0.862067 -6.327077 -9.529538 44.277540 0.845343 -0.438650 -0.304928 0.530947 0.752978 0.388740 -0.059083 0.490519 -0.869425
0.802490 -5.605998 8.739420 19.702958 0.869288 -0.394717 -0.297553 0.479985 0.817887 0.317294 -0.118124 0.418641 -0.900437
0.916484 -5.275054 15.903365 2.262019 0.893923 -0.349896 -0.280132 0.440899 0.798928 0.409051 -0.080680 0.489170 -0.868449
-1.008566 -5.722670 -12.237478 -36.513809 0.863397 -0.429642 -0.264486 0.360875 0.159556 0.918864 0.352582 0.888791 -0.292807
0.763040 -5.374577 -6.293917 -22.647782 0.714924 -0.650050 -0.257526 0.621770 0.759528 -0.191101 0.319823 -0.023499 0.947186
1.003012 -4.892435 8.021531 0.471871 -0.649058 0.727300 0.223066 0.715895 0.683135 -0.144292 0.257328 -0.066038 0.964065
0.627988 -4.990267 -3.764775 -24.966417 0.695204 -0.677310 -0.240712 0.639005 0.735694 -0.224559 0.329187 0.002299 0.944262
0.679904 -4.446825 5.841631 2.775896 -0.636042 0.742686 0.209448 0.716244 0.669204 -0.197890 0.287133 -0.024150 0.957586
