17424
34828
-6.990725 -8.730627 52.141720 182.082798 -0.020988 0.999767 0.005015 -0.685443 -0.010738 -0.728047 0.727824 0.018718 -0.685509
-7.008867 -9.639271 74.843574 111.082684 -0.156062 0.984252 -0.083024 -0.590441 -0.160342 -0.790993 0.791849 0.074423 -0.606166
-8.765416 -12.503479 14.355955 359.575302 0.309350 0.814298 0.491143 -0.478940 0.579604 -0.659299 0.821535 0.031274 -0.569300
-5.156887 -8.182071 -14.936164 85.217749 -0.408228 0.850332 -0.332091 -0.543933 -0.518729 -0.659589 0.733135 0.088628 -0.674283
-7.506372 -13.446624 -44.330117 501.898837 0.403227 0.813106 0.419841 -0.539510 0.581808 -0.608628 0.739146 -0.018907 -0.673280
-5.634405 -8.486243 -110.789253 328.923310 0.351025 0.904448 0.242393 -0.675077 0.423836 -0.603850 0.648886 -0.048332 -0.759349
-4.924187 -7.018460 66.432924 106.603828 -0.448661 0.794104 -0.410002 -0.593264 -0.607748 -0.527902 0.668387 -0.006391 -0.743787
7.789544 -12.096088 4.320780 -190.608088 0.260025 0.963608 0.062019 -0.689113 0.140195 0.710963 -0.676395 0.227607 -0.700489
7.307563 -12.042041 -13.395121 -105.976576 0.380387 0.917951 0.112566 -0.730336 0.223487 0.645494 -0.567375 0.327749 -0.755425
8.029129 -12.873676 -50.681894 -109.747410 0.334966 0.934882 0.117446 -0.625939 0.127620 0.769359 -0.704271 0.331223 -0.627928
8.305606 -13.415210 -66.793987 -58.577234 0.246038 0.966905 0.067529 -0.511994 0.070492 0.856092 -0.822999 0.245206 -0.512393
-7.105809 -9.073951 -32.324681 -18.028979 0.643743 0.747186 0.165252 -0.639378 0.406519 0.652639 -0.420465 0.525791 -0.739428
-7.591360 -8.976868 -71.313812 0.521599 0.694677 0.692590 0.194274 -0.596076 0.403086 0.694417 -0.402637 0.598198 -0.692851
-7.596780 -8.594416 -60.709835 -21.597041 0.742579 0.649131 0.164945 -0.597030 0.529944 0.602258 -0.303532 0.545700 -0.781076
-7.384029 -8.241506 -71.411699 -25.427223 0.804477 0.587818 0.085366 -0.538977 0.661996 0.520832 -0.249642 0.465008 -0.849380
-6.963958 -8.561464 -45.349046 37.401097 0.665408 0.737059 0.118223 0.670036 -0.519914 -0.529850 -0.329065 0.431780 -0.839811
-3.471287 -8.047956 -199.966876 -16.445153 -0.069108 0.865877 -0.495460 -0.676087 -0.405851 -0.614972 0.733573 -0.292475 -0.613456
-0.535001 -7.603017 -287.422877 15.949289 0.081254 0.902431 -0.423103 -0.760280 -0.218381 -0.611788 0.644494 -0.371387 -0.668356
-3.862238 -8.218475 -273.599595 11.396713 -0.035542 0.876021 -0.480961 -0.759991 -0.336212 -0.556215 0.648961 -0.345757 -0.677718
-5.805234 -8.841634 -121.295111 -4.228092 -0.284923 0.779935 -0.557244 -0.665021 -0.579514 -0.471074 0.690338 -0.236359 -0.683790
-5.473345 -8.216776 -66.132477 -55.731018 -0.310897 0.746762 -0.587954 -0.524414 -0.650702 -0.549160 0.792675 -0.137599 -0.593913
-3.854373 -7.720936 -157.865274 -24.609972 -0.129918 0.819544 -0.558094 -0.569286 -0.522499 -0.634751 0.811810 -0.235249 -0.534437
0.233332 -7.131714 -20.730916 -5.242801 -0.149702 0.976709 -0.153714 -0.652333 0.019261 0.757688 -0.743001 -0.213700 -0.634256
0.046216 -7.235586 -33.993081 -13.673501 -0.148673 0.975054 -0.164820 -0.560064 0.054340 0.826665 -0.815000 -0.215213 -0.538014
-0.165229 -7.232974 -44.694282 1.123264 -0.155394 0.974010 -0.164794 -0.626979 0.031669 0.778392 -0.763381 -0.224280 -0.605763
-0.025150 -7.053387 -40.553795 -0.512121 -0.166522 0.974194 -0.152371 -0.716470 -0.013376 0.697490 -0.677452 -0.225317 -0.700208
-0.340564 -7.267698 -41.449092 13.959081 -0.169311 0.972270 -0.161320 -0.688911 0.000300 0.724845 -0.704794 -0.233860 -0.669757
-2.192939 -8.250021 94.936972 19.764449 0.237383 -0.693097 -0.680636 0.777711 -0.284244 0.560688 -0.582078 -0.662436 0.471555
-2.267931 -8.155873 -10.454934 19.170257 0.028620 -0.637319 -0.770069 0.827773 -0.416738 0.375662 -0.560333 -0.648194 0.515628
-3.412800 -8.694945 12.085766 3.347812 -0.078266 0.663172 0.744364 0.748938 -0.453699 0.482958 -0.658002 -0.595281 0.461166
-0.784442 -10.308542 45.398713 15.385468 0.017024 0.999850 -0.003149 -0.749094 0.010669 -0.662377 0.662244 -0.013635 -0.749164
-0.980009 -10.713208 32.584273 -88.884677 0.028013 0.999583 -0.007012 -0.600108 0.011207 -0.799840 0.799428 -0.026614 -0.600172
-1.054032 -10.483163 48.224992 48.191580 0.023762 0.999705 -0.005041 -0.765924 0.014964 -0.642757 0.642492 -0.019134 -0.766054
-1.117538 -10.585481 29.625314 98.370843 0.018236 0.999423 -0.028662 -0.874625 0.002056 -0.484796 0.484457 -0.033909 -0.874158
-1.460288 -10.818546 -6.382162 171.076872 0.042044 0.997559 -0.055746 -0.837512 0.004764 -0.546399 0.544800 -0.069661 -0.835668
-1.938412 -16.518996 11.753902 -98.500450 0.035351 0.997850 -0.055181 0.968600 -0.047807 -0.243985 0.246098 0.044823 0.968208
-2.299485 -16.644898 -16.945043 -68.041486 0.041400 0.999135 -0.003903 0.962728 -0.040936 -0.267355 0.267284 -0.007311 0.963590
-1.822634 -16.599852 -12.352588 17.155063 0.054427 0.998185 -0.025766 0.870225 -0.060071 -0.488979 0.489640 -0.004191 0.871915
-1.559921 -16.287719 35.552062 -82.021230 0.034767 0.994282 -0.100968 0.943786 -0.065895 -0.323924 0.328725 0.084031 0.940680
-1.837626 -15.954542 40.958805 -118.914072 0.043131 0.994280 -0.097713 0.994217 -0.052343 -0.093765 0.098343 0.093104 0.990788
-1.457432 -3.622937 64.113246 110.227056 0.314004 0.945539 -0.085778 0.570318 -0.260082 -0.779163 0.759038 -0.195739 0.620925
-0.977057 -4.040945 50.435946 139.632178 0.281145 0.957893 -0.058295 0.596909 -0.222114 -0.770951 0.751437 -0.181952 0.634221
-1.725955 -6.437795 30.057229 256.749601 0.195008 0.978651 0.064922 0.656356 -0.081028 -0.750088 0.728813 -0.188885 0.658144
-1.795265 -4.102535 44.092855 126.517646 0.310995 0.948480 -0.060556 0.573018 -0.237956 -0.784237 0.758243 -0.209194 0.617499
-1.616174 -6.496719 -6.397256 216.315989 0.234437 0.968371 0.085417 0.636037 -0.086343 -0.766812 0.735184 -0.234098 0.636162
1.168703 -0.370128 20.628092 32.536249 0.109500 0.976048 0.187989 -0.645725 0.213634 -0.733076 0.755678 0.041117 -0.653651
1.468804 -1.907498 51.429076 90.255346 -0.058155 0.998298 -0.004385 -0.642282 -0.040778 -0.765383 0.764259 0.041694 -0.643560
0.747891 -1.222592 77.548530 135.339392 -0.082783 0.996566 0.001664 -0.658659 -0.053460 -0.750540 0.747874 0.063228 -0.660823
1.716059 -1.172738 23.727022 34.882157 0.056123 0.995419 0.077406 -0.644647 0.095329 -0.758513 0.762417 0.007329 -0.647044
1.796258 -0.437622 -16.821616 -29.331119 0.228125 0.922643 0.310949 -0.605969 0.384521 -0.696380 0.762077 0.029564 -0.646811
1.715964 -0.298572 -66.392196 -9.824864 0.367331 0.783747 0.500808 -0.529006 0.618927 -0.580587 0.764997 0.051663 -0.641958
6.639606 -8.896337 -193.804439 -88.018716 0.533020 0.821759 0.201498 -0.717009 0.565135 -0.408069 0.449208 -0.073033 -0.890437
9.005197 -7.267329 -124.902023 -80.177648 0.459934 0.813775 0.355291 -0.734500 0.573510 -0.362762 0.498969 0.094115 -0.861494
7.927606 -9.510082 -136.568190 -28.691410 0.562324 0.775816 0.286182 -0.756776 0.622314 -0.200040 0.333290 0.104089 -0.937061
0.306927 -7.907470 15.401343 -128.440209 0.042810 0.998588 0.031465 0.453517 0.008638 -0.891206 0.890219 -0.052422 0.452507
0.435621 -7.419144 11.578566 -103.114368 0.032401 0.996971 0.070703 0.427229 0.050136 -0.902752 0.903563 -0.059456 0.424311
0.746393 -6.428627 7.085587 -51.398677 0.013680 0.993017 0.117177 0.511716 0.093727 -0.854027 0.859046 -0.071644 0.506861
0.400068 -7.338531 16.012325 -83.780533 0.035884 0.998565 0.039759 0.513254 0.015722 -0.858092 0.857486 -0.051198 0.511954
0.875394 -15.209399 -86.750269 14.279375 0.075350 0.990197 -0.117608 -0.987214 0.090692 0.131083 -0.140464 -0.106227 -0.984371
0.121451 -14.422661 -55.733921 123.335841 0.093019 0.989927 -0.106731 -0.940972 0.122442 0.315562 -0.325452 -0.071077 -0.942883
-0.216048 -15.235739 -70.665945 78.309859 0.105775 0.987662 -0.115478 -0.981911 0.122081 0.144728 -0.157040 -0.098081 -0.982710
-0.800042 -15.518723 -68.681850 25.860343 0.116757 0.987434 -0.106494 0.992516 -0.112145 0.048336 0.035786 -0.111341 -0.993138
0.534045 -15.448964 -101.363270 58.172193 0.084139 0.987408 -0.133963 0.994743 -0.075358 0.069336 0.058368 -0.139092 -0.988558
-0.403279 -15.044743 8.487984 -131.089803 0.012237 0.982775 -0.184402 0.997551 -0.024698 -0.065433 -0.068860 -0.183150 -0.980670
-0.205169 -17.095944 14.927812 -300.078325 0.050448 0.984268 -0.169328 0.994780 -0.034463 0.096050 0.088704 -0.173290 -0.980868
-0.061962 -16.719859 -7.138474 -167.159008 0.020879 0.981813 -0.188700 0.999769 -0.021482 -0.001153 -0.005186 -0.188633 -0.982034
2.942395 -15.845524 -90.382674 -272.904276 0.234310 0.948957 0.211137 0.877763 -0.299865 0.373647 -0.417888 -0.097779 0.903221
4.008221 -14.312358 6.496218 -215.224003 0.302231 0.944775 0.126716 0.857063 -0.327515 0.397714 -0.417252 0.011597 0.908717
3.638378 -17.026772 -27.823348 -213.079861 0.265522 0.952702 0.147843 0.936912 -0.291144 0.193470 -0.227362 -0.087145 0.969903
-1.667014 -21.070173 -61.122101 197.350888 -0.250782 0.888730 0.383753 0.588957 -0.174537 0.789092 -0.768269 -0.423904 0.479654
-1.720183 -21.351351 -72.904242 174.774519 -0.248205 0.877488 0.410376 0.356820 -0.311030 0.880874 -0.900596 -0.365068 0.235907
-0.734264 -21.027325 -12.127299 107.911039 -0.239429 0.888567 0.391309 0.457849 -0.252076 0.852545 -0.856183 -0.383284 0.346475
-3.054690 -22.699145 -133.640407 182.893695 -0.242337 0.882227 0.403669 0.520557 -0.232872 0.821456 -0.818714 -0.409202 0.402816
-0.700596 -20.841970 -10.430706 -5.532154 -0.246650 0.896848 0.367190 0.671763 -0.114870 0.731805 -0.698497 -0.427164 0.574137
-1.625170 -19.540231 -63.844523 -8.888225 -0.253982 0.897336 0.360945 0.743996 -0.057203 0.665731 -0.618032 -0.437625 0.653086
-3.113075 -20.713505 -122.773667 78.910397 -0.238063 0.895573 0.375866 0.726033 -0.092961 0.681347 -0.645137 -0.435095 0.628085
-0.701872 -17.670717 -31.838102 637.624609 -0.192663 0.923558 0.331545 -0.564467 -0.380686 0.732431 -0.802657 0.046034 -0.594662
-0.745613 -24.182732 -29.861994 1019.513145 -0.194242 0.918421 0.344634 -0.627665 -0.386356 0.675844 -0.753861 0.085037 -0.651508
-0.534758 -29.003067 -27.482046 1097.331436 -0.204808 0.919881 0.334473 -0.740414 -0.369101 0.561740 -0.640188 0.132600 -0.756688
-0.744045 -33.112551 -7.155125 1152.042024 -0.227392 0.912447 0.340197 -0.832123 -0.363531 0.418829 -0.505831 0.187848 -0.841931
-0.630683 -22.272376 -9.254552 817.921018 -0.201829 0.921209 0.332624 -0.655523 -0.379386 0.652959 -0.727705 0.086257 -0.680445
-3.888951 -12.138869 76.214679 -128.567466 0.006271 0.577499 0.816367 0.908145 0.338462 -0.246405 -0.418608 0.742925 -0.522331
-3.024312 -10.377580 66.804276 -114.119295 -0.022815 0.539238 0.841845 0.833141 0.475693 -0.282123 -0.552591 0.694938 -0.460113
-3.102499 -12.170485 84.978780 -102.199255 -0.006928 0.523094 0.852247 0.924803 0.327547 -0.193525 -0.380383 0.786820 -0.486028
-4.300998 -13.452308 84.409944 -83.619834 0.014331 0.571721 0.820323 0.978183 0.162029 -0.130014 -0.207248 0.804290 -0.556926
1.365706 -55.247323 -18.612769 -1047.492134 -0.342582 0.883617 0.319154 -0.224538 0.252858 -0.941087 0.912261 0.394062 -0.111781
0.553666 -53.947230 60.741726 630.019055 -0.351312 0.875404 0.332036 -0.626230 0.043928 -0.778400 0.696000 0.481392 -0.532772
1.380741 -53.279305 -20.855152 100.282381 -0.325058 0.889417 0.321364 -0.554619 0.095953 -0.826554 0.765987 0.446912 -0.462097
1.167564 -59.359990 -17.122859 -1819.205610 -0.321369 0.883896 0.339779 -0.152254 0.305915 -0.939806 0.934634 0.353757 -0.036265
2.277404 -49.341246 -54.498207 -1230.875021 -0.325780 0.881438 0.341957 0.126020 0.398945 -0.908274 0.937009 0.252804 0.241048
3.663986 -50.426056 -53.102668 -1242.741913 -0.382494 0.870302 0.310278 0.178941 0.399231 -0.899219 0.906465 0.288425 0.308436
9.079375 -37.485812 -305.850038 -1032.881392 -0.395309 0.865256 0.308322 0.693303 0.501248 -0.517767 0.602547 -0.009083 0.798032
10.115946 -51.161854 -117.548990 -2087.986816 -0.502022 0.849912 0.160074 0.716909 0.512481 -0.472658 0.483752 0.122526 0.866586
8.951690 -57.873052 -249.336248 -2270.762139 -0.446287 0.877630 0.174907 0.509585 0.409900 -0.756509 0.735629 0.248490 0.630160
6.529463 -46.772200 -175.529139 -1196.164698 -0.389979 0.872230 0.295179 0.477780 0.465700 -0.744882 0.787174 0.149458 0.598347
9.175835 -66.664622 -302.053042 -1400.016236 -0.480782 0.866431 0.134706 0.146630 0.230908 -0.961864 0.864493 0.442695 0.238061
6.143041 -55.860554 -227.646810 -1404.871350 -0.414486 0.884327 0.214866 0.206601 0.321374 -0.924140 0.886294 0.338652 0.315908
-2.959602 -2414.822241 620.875372 -430998.273144 0.085641 0.980999 -0.174085 -0.900786 0.001576 -0.434260 0.425734 -0.194004 -0.883806
-116.416936 -550.313107 7349.442930 135725.912097 0.133798 0.979176 -0.152683 0.990870 -0.129608 0.037120 0.016558 -0.156256 -0.987578
-20.414558 -2632.754968 -962.753122 1409.449346 0.027020 0.996641 -0.077310 -0.446167 0.081231 0.891255 -0.894542 -0.010412 -0.446863
-3.291432 -372.208625 -91.764062 -22370.010608 0.029210 0.989980 -0.138151 -0.789517 0.107614 0.604220 -0.613033 -0.091423 -0.784750
-90.688304 -9833.675072 40171.278480 -361478.262781 0.109021 0.909275 -0.401664 -0.774510 -0.175584 -0.607704 0.623096 -0.377345 -0.685100
1.650287 -2.233935 -33.902147 86.024466 -0.065997 0.941162 -0.331450 0.424951 0.327055 0.844068 -0.902807 0.085144 0.421532
1.573142 -0.471426 -27.057735 125.566890 -0.203862 0.816152 -0.540682 0.442206 0.569495 0.692914 -0.873438 0.097834 0.477005
1.167515 -2.883277 1.866227 73.637727 -0.039870 0.968813 -0.244566 0.419156 0.238400 0.876056 -0.907038 0.067583 0.415589
-1.548573 -4.238206 44.157048 -41.457848 -0.209137 0.915459 0.343797 -0.536634 -0.401346 0.742257 -0.817487 0.029259 -0.575203
-1.765333 -4.847376 30.476111 -39.928059 -0.215843 0.905794 0.364621 -0.471926 -0.423686 0.773160 -0.854808 0.005193 -0.518918
-1.275990 -4.163393 63.940761 -43.536785 -0.132308 0.950299 0.281826 -0.552139 -0.306787 0.775257 -0.823187 0.053034 -0.565288
-0.941131 -3.521963 54.807921 -44.422980 -0.106242 0.967241 0.230559 -0.622063 -0.245546 0.743468 -0.775725 0.064435 -0.627772
-7.872215 -11.243331 -28.612797 -15.990446 -0.525892 0.850438 -0.013870 -0.046529 -0.045048 -0.997901 0.849278 0.524142 -0.063260
-7.933351 -11.216751 -31.928818 -40.827630 -0.514321 0.857268 0.023766 0.065384 0.066829 -0.995620 0.855101 0.510515 0.090424
-8.039405 -11.374002 -56.658493 -26.172259 -0.440744 0.897501 0.015381 0.001197 0.017723 -0.999842 0.897632 0.440656 0.008885
-22.677384 -48.382269 738.782911 763.567932 0.022338 0.997801 0.062403 0.624564 -0.062667 0.778455 -0.780654 -0.021585 0.624591
-17.484136 -50.084160 683.981090 13.817400 0.150003 0.987946 -0.038237 0.450935 -0.033947 0.891911 -0.879862 0.151032 0.450591
-27.805815 -45.974608 965.600764 -700.729214 -0.013696 0.991789 0.127151 0.236379 -0.120347 0.964179 -0.971564 -0.043261 0.232789
-16.815181 -64.931287 722.805126 2583.050396 0.225347 0.973462 -0.039891 0.788612 -0.158207 0.594190 -0.572110 0.165358 0.803335
-33.294900 -46.739517 867.784523 1125.323928 -0.246047 0.965820 -0.081562 0.824050 0.252746 0.507012 -0.510297 -0.057537 0.858071
0.934613 -4.444755 60.991297 5.130935 -0.011592 0.993063 -0.117013 -0.961326 -0.043271 -0.271993 0.275170 -0.109335 -0.955158
0.479725 -4.534560 71.984924 27.153448 -0.049950 0.991264 -0.122072 -0.947216 -0.085772 -0.308910 0.316682 -0.100198 -0.943225
0.160313 -4.248106 30.725701 1.182467 -0.006090 0.992651 -0.120862 -0.963243 -0.038284 -0.265891 0.268564 -0.114800 -0.956397
12.809152 -10.308184 255.844669 127.566289 0.544899 0.814412 -0.199546 0.681187 -0.568721 -0.461022 0.488948 -0.115282 0.864662
10.142772 -11.247500 84.712618 140.337282 0.464374 0.847685 -0.256489 0.701822 -0.528866 -0.477228 0.540187 -0.041602 0.840516
13.441287 -9.784490 392.486700 101.319054 0.500933 0.817168 -0.285136 0.588760 -0.563221 -0.579779 0.634371 -0.122554 0.763252
10.188603 -12.086805 -61.285367 76.615743 0.484989 0.851939 -0.197446 0.804432 -0.523163 -0.281407 0.343038 0.022352 0.939055
15.506385 -8.416559 367.457305 81.809028 0.659737 0.737740 -0.143134 0.562524 -0.611094 -0.556894 0.498311 -0.286887 0.818158
12.958843 -8.765464 199.358971 91.105865 0.674697 0.736419 -0.049709 0.646795 -0.622343 -0.440847 0.355584 -0.265286 0.896205
11.108501 -11.063743 117.336318 147.059694 0.556461 0.825379 -0.095397 0.766267 -0.554188 -0.325133 0.321226 -0.107824 0.940844
-4.954278 -8.319500 -39.580080 -13.801363 0.965613 -0.254320 -0.053976 -0.140116 -0.683950 0.715947 0.218997 0.683764 0.696065
-4.552706 -8.294471 5.902612 0.696611 0.959898 -0.280258 0.007100 -0.177409 -0.587636 0.789437 0.217074 0.759039 0.613791
-4.642462 -8.186099 4.212582 -6.685566 0.971154 -0.238099 0.012977 -0.176491 -0.681143 0.710559 0.160344 0.692353 0.703517
-10.873667 -87.767348 -270.039161 -5633.185599 -0.224576 0.960667 0.163357 0.404146 -0.060719 0.912677 -0.886697 -0.270985 0.374613
-4.602754 -20.257811 -243.240801 -1031.107604 -0.245523 0.946404 0.209852 0.794281 0.072299 0.603234 -0.555731 -0.314789 0.769462
-6.652150 -21.498711 -152.425584 -1218.863441 -0.076132 0.981284 0.176878 0.836882 -0.033553 0.546354 -0.542063 -0.189621 0.818665
-21.593829 -58.326065 305.949914 3161.615507 0.085673 0.991384 0.099087 0.984971 -0.069306 -0.158206 0.149976 -0.111152 0.982422
-10.191841 -54.285374 24.603130 -3541.046384 0.057046 0.987960 0.143811 0.475288 -0.153549 0.866328 -0.877979 -0.018931 0.478325
-2.369867 -6.187479 -40.852653 -26.806782 -0.269692 0.960360 -0.070529 0.953004 0.255693 -0.162495 0.138020 0.111038 0.984185
-2.437432 -5.377181 68.747688 -34.609713 0.259215 -0.964650 0.047509 0.965495 0.257540 -0.038624 0.025023 0.055882 0.998124
-2.078139 -5.841728 -68.574819 -15.762317 -0.286202 0.957652 -0.031474 0.950313 0.279504 -0.137049 0.122449 0.069134 0.990064
-2.304948 -6.481525 -66.247595 -51.028332 -0.306848 0.951080 -0.035926 0.934353 0.293835 -0.201607 0.181188 0.095430 0.978807
-2.152043 -6.940500 2.533129 -58.259034 -0.276963 0.955753 -0.099139 0.935072 0.244333 -0.256791 0.221206 0.163824 0.961369
-1.743401 -6.536224 -80.784423 -22.706019 0.178216 -0.968236 0.175381 0.969020 0.141721 -0.202273 0.170993 0.205996 0.963497
-1.399906 -7.853041 50.387124 -12.389413 -0.174328 0.953861 -0.244455 0.802383 0.281509 0.526246 -0.570782 0.104407 0.814437
-0.748257 -8.064922 62.195381 0.103916 -0.167402 0.950660 -0.261193 0.768778 0.291734 0.569098 -0.617217 0.105531 0.779683
-1.388810 -7.613619 26.981634 -31.532700 -0.158833 0.963220 -0.216745 0.736303 0.261816 0.623947 -0.657746 0.060487 0.750808
-1.996431 -7.434315 20.087206 -37.174419 -0.143610 0.973317 -0.178967 0.773190 0.223227 0.593588 -0.617700 0.053130 0.784617
-0.362805 -10.256486 0.577840 45.767937 0.234249 0.971345 0.040197 -0.475232 0.150481 -0.866897 0.848105 -0.183967 -0.496865
-0.363545 -10.380409 1.197969 -63.955249 0.240886 0.969148 0.052211 -0.278201 0.120486 -0.952936 0.929827 -0.215024 -0.298642
-0.470170 -10.350313 -14.361350 -34.107608 0.262579 0.963251 0.056576 -0.350283 0.149791 -0.924589 0.899085 -0.222960 -0.376742
-0.438748 -10.167057 3.165794 29.121371 0.218938 0.974826 0.042208 -0.402645 0.129664 -0.906126 0.888788 -0.181390 -0.420897
-0.423753 -10.594096 -4.068703 58.209629 0.242408 0.969272 0.041826 -0.547967 0.172364 -0.818549 0.800607 -0.175504 -0.572911
-0.186084 -10.084883 8.102468 61.690445 0.212560 0.976822 0.025242 -0.610768 0.152981 -0.776891 0.762745 -0.149719 -0.629129
-0.315612 -10.058943 6.003395 103.769555 0.207113 0.977829 0.030893 -0.561336 0.144640 -0.814851 0.801253 -0.151425 -0.578847
1.503003 -14.126298 -11.453146 -294.146217 0.250953 0.967994 0.003048 0.934205 -0.243016 0.261159 -0.253541 0.062691 0.965291
1.328362 -14.836644 -19.294158 -270.972590 0.293164 0.956061 0.001569 0.931302 -0.285943 0.225641 -0.216175 0.064689 0.974209
0.976775 -15.142652 5.269360 -93.189621 -0.283140 -0.959058 0.006293 0.959059 -0.283085 0.008325 -0.006203 0.008393 0.999946
0.690403 -15.133984 37.467643 -65.233891 -0.266753 -0.963483 -0.023321 0.963680 -0.266331 -0.019700 0.012770 -0.027729 0.999534
1.194676 -14.272381 -26.064309 -222.119204 0.206361 0.977820 0.035819 0.965383 -0.209432 0.155477 -0.159530 -0.002495 0.987190
0.129487 -12.814802 58.028886 -103.070798 0.268002 0.945915 -0.182811 0.636586 -0.316295 -0.703360 0.723141 -0.072127 0.686924
1.114235 -12.631819 32.489153 -60.872542 0.316387 0.929281 -0.190619 0.577278 -0.348058 -0.738651 0.752761 -0.123660 0.646574
0.357594 -11.458788 24.840610 -85.474492 0.290343 0.942582 -0.165044 0.743873 -0.330814 -0.580702 0.601958 -0.045831 0.797211
-0.310538 -11.328109 38.840359 -105.304521 0.259844 0.954095 -0.148945 0.798739 -0.299040 -0.522103 0.542676 -0.016697 0.839776
0.084643 -11.050958 48.831430 -17.954685 0.248221 0.955716 -0.158096 0.844765 -0.293433 -0.447515 0.474087 0.022471 0.880191
-0.245143 -19.031777 6.182702 166.496838 0.137979 0.964196 0.226467 0.864826 -0.228735 0.446941 -0.482740 -0.134187 0.865422
-0.137303 -19.414613 -9.073632 202.887278 0.136926 0.960075 0.243939 0.872774 -0.233402 0.428706 -0.468526 -0.154203 0.869888
-0.280648 -18.349553 -6.325559 153.546340 0.138948 0.959684 0.244334 0.939873 -0.205524 0.272760 -0.311980 -0.191744 0.930539
-0.111958 -20.290027 13.197658 51.250957 0.137056 0.966822 0.215573 0.712265 -0.247429 0.656855 -0.688400 -0.063519 0.722545
-0.284680 -18.085016 4.262423 144.197608 0.138874 0.963745 0.227836 0.944477 -0.198074 0.262164 -0.297787 -0.178778 0.937743
-0.023925 -20.210580 11.569835 6.461569 0.118689 0.970446 0.210113 0.729817 -0.228744 0.644238 -0.673261 -0.076880 0.735398
-0.738598 -12.616534 11.583229 -98.674699 0.336045 0.937328 -0.092141 0.574041 -0.126273 0.809032 -0.746693 0.324764 0.580498
-0.625190 -13.698821 24.142121 -61.084284 0.338332 0.934718 -0.108781 0.680371 -0.163118 0.714484 -0.650097 0.315744 0.691143
-0.481419 -13.185353 15.028369 -80.709722 0.354838 0.930399 -0.091909 0.530908 -0.119604 0.838947 -0.769563 0.346485 0.536396
-0.815947 -12.305425 13.611169 -145.445991 0.346130 0.935523 -0.070643 0.433130 -0.092551 0.896567 -0.832221 0.340926 0.437238
-1.229920 -12.675408 16.836789 -102.109617 0.326672 0.942586 -0.069404 0.546140 -0.128323 0.827807 -0.771373 0.308326 0.556703
0.145433 -10.365588 -8.679002 -160.442892 -0.431504 0.855507 -0.286202 0.443642 0.477486 0.758412 -0.785485 -0.200286 0.585576
1.816295 -14.527366 -70.596191 105.834471 -0.326883 0.933391 -0.148085 0.494231 0.302393 0.815043 -0.805533 -0.193236 0.560158
-1.072301 -14.600698 -109.413611 118.353174 -0.331359 0.940077 -0.080356 0.676102 0.295989 0.674742 -0.658094 -0.169253 0.733666
-0.160368 -14.708086 -30.485839 153.500390 -0.246755 0.968310 -0.038562 0.734363 0.212806 0.644535 -0.632316 -0.130724 0.763602
-2.771045 -12.637303 -107.661336 79.976473 -0.363840 0.922384 -0.129721 0.737117 0.370262 0.565300 -0.569455 -0.110059 0.814622
-1.860347 -11.172553 -24.098457 -90.690537 -0.440368 0.848715 -0.292846 0.551002 0.513004 0.658197 -0.708853 -0.128491 0.693554
-0.512504 -7.528161 39.871693 41.032489 0.085654 -0.966981 -0.240021 0.981843 0.122849 -0.144542 0.169256 -0.223282 0.959947
-0.727629 -7.066061 -23.093158 70.038134 -0.125437 0.964429 0.232684 0.956438 0.179874 -0.229939 0.263613 -0.193705 0.944980
-1.102914 -7.584216 -22.998350 69.431471 -0.123068 0.966036 0.227221 0.966629 0.168526 -0.192945 0.224684 -0.195893 0.954538
-0.183063 -5.309406 -4.493936 77.316034 -0.110170 0.993081 0.040656 0.141904 0.056203 -0.988284 0.983730 0.103110 0.147114
-0.349396 -4.899992 -3.781954 83.388852 -0.101078 0.994791 -0.013224 0.142056 0.001276 -0.989858 0.984684 0.101932 0.141445
-0.459979 -6.445189 -15.340533 98.081398 -0.112441 0.989023 0.095871 0.202209 0.117239 -0.972300 0.972866 0.089941 0.213171
-0.389560 -7.213312 -32.220391 97.833587 -0.101456 0.984819 0.140845 0.244586 0.161922 -0.956012 0.964305 0.062544 0.257301
-0.152620 -6.311170 -19.490380 79.319601 -0.103750 0.988697 0.108233 0.177177 0.125452 -0.976151 0.978695 0.082099 0.188190
-1.203918 -17.404476 23.778513 62.883548 -0.465360 0.878803 -0.105574 0.717215 0.444287 0.536853 -0.518693 -0.174111 0.837044
-0.595150 -17.468967 17.105061 60.001523 -0.488404 0.863421 -0.126353 0.631179 0.449532 0.632087 -0.602557 -0.228963 0.764527
-0.768268 -17.814808 10.531436 -62.068203 -0.490390 0.864716 -0.108554 0.527547 0.393682 0.752800 -0.693694 -0.311898 0.649236
-1.263345 -17.841285 20.402457 -75.213509 -0.473051 0.875564 -0.098035 0.601106 0.402096 0.690645 -0.644123 -0.267781 0.716518
-1.620111 -22.977465 -0.028863 234.186388 -0.544423 0.827895 -0.134885 -0.002790 0.159017 0.987272 -0.838806 -0.537870 0.084263
-1.460459 -21.476891 1.275839 155.651202 -0.531945 0.842513 -0.084890 0.257648 0.256536 0.931562 -0.806630 -0.473668 0.353535
-1.435805 -20.251999 3.307210 127.944956 -0.524584 0.844136 -0.110661 0.191761 0.243797 0.950679 -0.829481 -0.477490 0.289765
-1.273571 -21.470916 7.775964 212.577435 -0.518168 0.843988 -0.138518 -0.006467 0.158086 0.987404 -0.855255 -0.512537 0.076457
-1.997913 -30.219252 2.198672 269.972062 -0.432845 0.897056 -0.089080 0.384772 0.094483 -0.918163 0.815227 0.431698 0.386059
-1.784203 -26.968922 17.716798 410.416889 -0.444901 0.891747 -0.082769 0.100882 -0.041931 -0.994014 0.889880 0.450588 0.071306
-1.323053 -29.672231 31.493823 462.239461 -0.460615 0.881414 -0.104606 0.157867 -0.034620 -0.986853 0.873448 0.471074 0.123200
0.577230 -10.227586 39.446104 876.077039 0.017667 0.928951 -0.369780 0.998500 -0.035560 -0.041628 -0.051819 -0.368490 -0.928186
-0.564121 -65.965130 62.823351 3694.877115 -0.185741 0.923862 -0.334633 0.974887 0.130684 -0.180323 -0.122863 -0.359723 -0.924935
6.384814 -521.750620 -42.652111 28916.233985 -0.346119 0.887412 -0.304471 0.923460 0.264961 -0.277521 -0.165603 -0.377222 -0.911197
-1.680679 -12.281927 20.306403 953.503480 0.162306 0.905208 -0.392754 0.983249 -0.181821 -0.012728 -0.082933 -0.384110 -0.919555
-4.053377 -82.725512 -330.629005 5098.094243 -0.353424 0.906545 -0.230796 0.898623 0.260454 -0.353045 -0.259939 -0.332173 -0.906693
-3.389484 -158.015161 -175.836922 -9509.100309 -0.297671 0.918940 -0.258731 -0.790123 -0.085035 0.607021 -0.535815 -0.385122 -0.751388
-0.126308 -4.388786 39.110024 -49.011238 -0.086887 0.937651 0.336543 0.322466 0.346104 -0.881038 0.942585 -0.031973 0.332432
-0.652976 -4.218068 34.138797 -56.344019 -0.083616 0.927371 0.364679 0.332940 0.370929 -0.866927 0.939233 -0.048927 0.339774
-0.226145 -4.919736 49.814314 -25.720074 -0.094946 0.928558 0.358840 0.253108 0.371140 -0.893416 0.962768 -0.005999 0.270264
-2.039520 -5.460927 16.759418 55.014910 -0.445143 0.885456 -0.133473 0.810485 0.461777 0.360383 -0.380738 -0.052245 0.923206
-2.107353 -5.593757 1.732222 61.601514 -0.547469 0.824329 -0.144080 0.753630 0.560520 0.343308 -0.363758 -0.079367 0.928106
-1.718561 -4.811926 10.630971 49.214054 -0.474314 0.871521 -0.124410 0.821203 0.488931 0.294231 -0.317257 -0.037392 0.947602
0.794854 -6.161126 8.697292 0.189272 -0.004350 0.987638 -0.156689 -0.912457 -0.068031 -0.403478 0.409150 -0.141217 -0.901473
0.778358 -5.862421 -4.011038 -8.370595 -0.031837 0.981230 -0.190193 -0.923911 -0.101482 -0.368903 0.381280 -0.163977 -0.909801
0.681559 -5.947090 -1.709364 -8.104615 -0.009040 0.984463 -0.175358 -0.877777 -0.091813 -0.470189 0.478984 -0.149675 -0.864969
0.583615 -6.566010 15.080698 19.879803 0.038850 0.992157 -0.118810 -0.862803 -0.026669 -0.504837 0.504045 -0.122122 -0.855000
0.517724 -6.428244 9.752717 48.649574 0.043487 0.990387 -0.131309 -0.839091 -0.035130 -0.542856 0.542250 -0.133788 -0.829497
0.513503 -34.461380 13.223619 -732.237881 0.129442 0.991529 -0.010722 -0.780948 0.108602 0.615082 -0.611036 0.071244 -0.788391
0.376827 -39.355054 12.610681 -963.369285 0.124917 0.992020 0.017101 -0.662847 0.070616 0.745418 -0.738261 0.104451 -0.666378
0.174603 -37.317781 -3.206032 61.589962 0.126241 0.991674 0.025434 -0.435883 0.032420 0.899419 -0.891106 0.124630 -0.436346
8.013373 -15.239481 -212.232701 -184.369124 -0.418395 0.903011 0.097559 0.745797 0.402872 -0.530547 0.518394 0.149219 0.842022
7.050186 -19.715395 -222.917526 -368.579914 -0.315340 0.937341 0.148161 0.728850 0.339208 -0.594740 0.607731 0.079558 0.790147
4.236645 -15.173430 -125.218202 -5.585017 -0.267563 0.958336 0.100010 0.859136 0.284274 -0.425527 0.436228 0.027933 0.899403
9.558541 -22.603438 -121.822785 -576.438344 -0.427129 0.900007 0.086885 0.639831 0.368746 -0.674272 0.638888 0.232409 0.733354
-7.583685 -10.924207 97.611798 93.420044 -0.112794 0.993618 0.000630 -0.495654 -0.055717 -0.866731 0.861165 0.098074 -0.498775
-5.697823 -9.697041 -30.442936 95.680266 -0.296145 0.938180 -0.179211 -0.502053 -0.312516 -0.806398 0.812552 0.148837 -0.563566
8.808142 -14.796438 -42.595433 -18.090989 0.558860 0.796961 0.229194 0.647921 -0.247143 -0.720498 -0.517565 0.551157 -0.654486
7.574595 -13.025067 -36.370498 -70.963635 0.499582 0.851529 0.159109 -0.718545 0.304750 0.625156 -0.483850 0.426644 -0.764110
7.957886 -13.730299 -79.365517 47.723208 0.570614 0.800690 0.182466 0.721089 -0.382193 -0.577891 -0.392975 0.461328 -0.795454
8.763350 -14.856946 -65.124336 75.788639 0.618476 0.744766 0.250620 0.722069 -0.412812 -0.555160 -0.310006 0.524319 -0.793087
8.540232 -15.426969 44.288099 -42.906539 0.646811 0.685337 0.334588 0.655102 -0.274647 -0.703854 -0.390484 0.674450 -0.626610
9.175482 -14.374612 16.061007 164.970495 0.608962 0.734817 0.298679 -0.543725 0.112547 0.831683 -0.577520 0.668862 -0.468075
-7.284344 -9.290924 -27.316187 -26.511401 0.653815 0.729304 0.201598 -0.591687 0.326720 0.736994 -0.471627 0.601141 -0.645134
-7.985026 -9.053455 -64.583784 -7.121870 0.684622 0.668080 0.291483 -0.603228 0.294835 0.741072 -0.409156 0.683185 -0.604855
-1.274183 -7.616925 -340.170125 22.896952 0.118284 0.904897 -0.408865 -0.816312 -0.145826 -0.558900 0.565370 -0.399870 -0.721430
2.973257 -7.064557 -217.069331 46.097080 0.110166 0.927543 -0.357111 -0.761583 -0.152088 -0.629968 0.638635 -0.341371 -0.689646
2.231783 -7.018932 -293.003978 33.894293 0.151383 0.919248 -0.363408 -0.802394 -0.100429 -0.588284 0.577276 -0.380653 -0.722396
0.411381 -7.194234 -11.637325 -13.413503 -0.146766 0.976789 -0.156022 -0.584135 0.041706 0.810585 -0.798277 -0.210104 -0.564455
0.221600 -7.134619 -15.399500 -12.986350 -0.146112 0.975666 -0.163482 -0.483216 0.073812 0.872384 -0.863223 -0.206463 -0.460673
-2.411262 -8.596341 57.652687 -15.562245 0.067596 0.604396 0.793811 0.757941 -0.548506 0.353082 -0.648812 -0.577795 0.495173
-1.167016 -10.872966 10.048154 -115.648929 0.052181 0.997762 -0.041808 -0.547103 -0.006461 -0.837040 0.835437 -0.066551 -0.545541
-1.067612 -10.615409 21.230041 -30.067799 0.045600 0.998822 -0.016607 -0.497333 0.008281 -0.867520 0.866361 -0.047818 -0.497124
-1.082581 -10.257382 -7.483900 -9.339915 0.062452 0.997317 -0.038191 -0.471941 -0.004207 -0.881620 0.879415 -0.073083 -0.470412
-1.040107 -10.555181 -21.308175 -48.535878 0.066890 0.994338 -0.082563 -0.489023 -0.039456 -0.871378 0.869702 -0.098662 -0.483615
-1.298470 -11.012946 -6.819207 -165.662791 0.061182 0.995375 -0.074060 -0.554957 -0.027750 -0.831416 0.829626 -0.091968 -0.550693
-0.467956 -7.445552 3.032019 12.594401 0.106843 0.988536 0.106684 0.789980 -0.019245 -0.612830 0.603751 -0.149755 0.782980
-0.153852 -7.144112 3.130145 27.884364 0.115445 0.987925 0.103327 0.701884 -0.007526 -0.712252 0.702874 -0.154749 0.694277
-0.134567 -7.396903 12.499903 -1.880691 0.148193 0.986779 0.065613 0.760414 -0.071276 -0.645516 0.632305 -0.145554 0.760923
-0.338878 -7.083427 5.550771 30.604472 0.090234 0.987655 0.128042 0.715869 0.025059 -0.697784 0.692379 -0.154625 0.704771
-0.600635 -7.307075 10.321746 -11.271370 0.127198 0.989095 0.074236 0.833586 -0.066038 -0.548428 0.537545 -0.131641 0.832896
-0.761806 -7.373535 -8.247267 -4.303288 0.090100 0.989313 0.114636 0.863074 -0.020124 -0.504677 0.496976 -0.144411 0.855663
-0.664811 -7.708056 4.046030 5.876190 0.074042 0.988422 0.132436 0.858017 0.004543 -0.513602 0.508257 -0.151661 0.847746
-0.544548 -7.624511 3.103630 28.354888 0.081798 0.987308 0.136135 0.793450 0.018147 -0.608364 0.603113 -0.157779 0.781895
-2.421095 -16.887132 29.519452 -41.742784 0.028871 0.999562 0.006511 0.958091 -0.025815 -0.285299 0.285006 -0.014475 0.958416
-2.154781 -16.886773 10.281295 47.605931 0.041831 0.999119 -0.003363 0.849418 -0.037335 -0.526398 0.526060 -0.019163 0.850231
2.329932 -11.495773 -28.103963 151.051004 0.274666 0.961525 0.005339 0.607931 -0.169353 -0.775718 0.744968 -0.216309 0.631057
1.771462 -12.103088 -36.425562 203.611263 0.280415 0.958498 0.051467 0.667064 -0.156038 -0.728476 0.690212 -0.238608 0.683135
2.353461 -13.911051 -45.104992 167.026612 0.276983 0.960025 0.040396 0.752931 -0.190730 -0.629855 0.596972 -0.204875 0.775662
1.781872 -9.662743 -27.929126 120.170822 0.311622 0.950180 0.007027 0.537538 -0.170184 -0.825888 0.783546 -0.261142 0.563791
3.000517 -13.247441 -17.016412 188.330269 0.258567 0.965538 -0.029675 0.708479 -0.210431 -0.673629 0.656658 -0.153154 0.738474
2.351628 -9.707523 -14.604918 46.994786 0.287070 0.957699 -0.020067 0.474600 -0.160395 -0.865464 0.832073 -0.238925 0.500569
2.667680 -9.661831 -26.828200 123.731909 0.266273 0.963340 -0.032767 0.512411 -0.170262 -0.841692 0.816415 -0.207330 0.538962
2.869728 -11.140866 -49.075301 174.813444 0.273272 0.961374 -0.032899 0.591278 -0.194852 -0.782574 0.758757 -0.194403 0.621687
-0.782471 -3.121412 247.044865 107.450415 -0.587910 -0.483231 -0.648729 -0.325013 0.875492 -0.357603 0.740762 0.000607 -0.671767
1.447001 -3.581177 158.156102 132.227743 -0.577988 -0.423648 -0.697461 -0.287181 0.905608 -0.312092 0.763843 0.019912 -0.645094
0.886532 -1.759739 162.081731 73.323699 -0.564330 -0.488372 -0.665600 -0.341900 0.872118 -0.350021 0.751423 0.030041 -0.659137
-0.077666 -9.233791 -17.177276 -69.126713 0.080199 0.996769 -0.004354 0.157641 -0.016996 -0.987350 0.984235 -0.078498 0.158494
0.153100 -8.504278 -0.614670 -123.458955 0.061276 0.997501 0.035184 0.320770 0.013700 -0.947058 0.945173 -0.069318 0.319129
-0.123700 -9.911660 8.945617 -46.977571 0.067115 0.997089 -0.036169 0.134012 -0.044931 -0.989961 0.988704 -0.061595 0.136638
0.142627 -8.011379 0.760380 -131.676484 0.048292 0.996781 0.064002 0.320077 0.045254 -0.946310 0.946160 -0.066184 0.316861
-0.260925 -10.437248 -6.794008 -7.930468 0.079457 0.995071 -0.059325 -0.029205 -0.057164 -0.997938 0.996410 -0.081026 -0.024519
-0.018496 -8.404200 4.172275 -96.445128 0.055335 0.998057 0.028625 0.192642 0.017458 -0.981114 0.979708 -0.059805 0.191301
-0.209136 -9.774364 -10.692835 -8.636749 0.076309 0.996740 -0.026200 0.009975 -0.027038 -0.999585 0.997034 -0.076016 0.012005
0.798534 -14.748795 -46.830657 49.240019 0.048911 0.995479 -0.081416 -0.935832 0.074160 0.344556 -0.349036 -0.059339 -0.935229
0.206857 -19.034683 -31.606874 -324.583726 0.064393 0.978378 -0.196546 0.981178 -0.026141 0.191330 0.182055 -0.205167 -0.961646
2.410821 -12.281632 49.031558 -42.776511 0.317145 0.948011 -0.026348 0.861486 -0.276360 0.425990 -0.396562 0.157799 0.904344
3.256335 -13.012395 45.895430 -120.291462 0.326983 0.945028 0.002013 0.898615 -0.311582 0.308880 -0.292528 0.099189 0.951099
3.761564 -13.313808 54.795625 -163.291763 0.331936 0.942266 0.044187 0.865194 -0.322780 0.383734 -0.375842 0.089145 0.922386
2.118640 -13.734358 63.795119 -89.313829 0.297772 0.950859 -0.084842 0.912284 -0.257258 0.318679 -0.281193 0.172294 0.944058
-0.920255 -20.027130 -24.164579 -5.867497 -0.243678 0.875149 0.418013 0.171765 -0.385250 0.906686 -0.954525 -0.292740 0.056443
-1.499384 -19.482923 -63.376078 -214.078311 -0.244320 0.875533 0.416833 0.007440 -0.428155 0.903675 -0.969666 -0.223887 -0.098093
-2.740775 -22.129826 -112.568279 59.641876 -0.239027 0.882174 0.405752 0.256160 -0.345774 0.902675 -0.936615 -0.319702 0.143329
-0.795177 -13.331063 -29.153782 448.870339 -0.166079 0.934149 0.315884 -0.493783 -0.356059 0.793347 -0.853578 0.024220 -0.520401
-2.247692 -8.786832 22.070940 -101.650826 -0.066628 0.513566 0.855459 0.751453 0.589867 -0.295593 -0.656414 0.623143 -0.425223
-2.992419 -8.821865 43.374349 123.474064 -0.013530 0.591260 0.806367 -0.741316 -0.547119 0.388730 -0.671020 0.592513 -0.445713
-2.086771 -7.136881 16.078555 -109.507266 -0.047452 0.557646 0.828721 0.656762 0.642524 -0.394749 -0.752604 0.525541 -0.396729
-2.763887 -7.369423 32.452628 119.834427 0.032648 0.659681 0.750836 -0.662818 -0.547985 0.510279 -0.748068 0.514328 -0.419358
-3.983884 -9.625143 38.801823 145.829655 0.089539 0.712037 0.696409 -0.747705 -0.413862 0.519284 -0.657967 0.567205 -0.495337
-17.193990 -1270.547662 478.884342 -62793.807979 -0.059557 0.997823 -0.028334 -0.133208 0.020186 0.990883 -0.989297 -0.062788 -0.131715
33352.352648 -2085.660146 15506232.786615 232374.981241 -0.610298 -0.023628 0.791819 -0.162804 0.981959 -0.096180 -0.775262 -0.187610 -0.603135
-53.007337 -482.330046 3197.828366 11733.533734 0.134591 0.987919 -0.076821 -0.496199 0.000089 -0.868209 0.857713 -0.154972 -0.490216
-0.720232 -10.080028 8.880340 133.983280 -0.438071 0.867720 -0.234853 -0.876723 -0.470130 -0.101658 0.198622 -0.161368 -0.966700
-0.392151 -9.544620 -8.223350 -147.022313 -0.366725 0.900117 -0.235163 0.925216 0.379331 0.009111 0.097406 -0.214235 -0.971913
-0.453448 -11.510298 9.666815 44.419054 -0.505040 0.827967 -0.243732 -0.819499 -0.548628 -0.165615 0.270842 -0.116096 -0.955597
2.617390 -1.119928 -83.426808 111.707339 -0.083714 0.918451 -0.386575 0.432725 0.382956 0.816145 -0.897631 0.098958 0.429495
3.193172 -0.151294 -57.251502 132.233498 0.000440 0.927394 -0.374086 0.446145 0.334610 0.830055 -0.894961 0.167261 0.413605
2.706545 0.891842 -42.864893 138.199293 -0.153545 0.811933 -0.563195 0.432677 0.567654 0.700399 -0.888377 0.136139 0.438465
2.403364 0.129255 -72.432948 142.737026 -0.228142 0.768941 -0.597227 0.430760 0.629820 0.646353 -0.873153 0.109801 0.474918
-2.139911 -5.435878 -5.720947 -34.585766 -0.305764 0.844876 0.438967 -0.386228 -0.531475 0.753897 -0.870250 -0.060974 -0.488822
-2.133466 -5.561209 20.779626 -53.029524 -0.230287 0.890840 0.391627 -0.391479 -0.453251 0.800817 -0.890905 -0.031104 -0.453123
-1.783793 -5.197364 45.538831 -48.883807 -0.145466 0.939878 0.308980 -0.442416 -0.341132 0.829396 -0.884934 0.016049 -0.465440
-1.154774 -4.500938 42.251661 -39.256630 -0.093611 0.969856 0.224982 -0.518271 -0.240412 0.820729 -0.850078 0.039773 -0.525154
-0.758666 -12.799322 -41.470404 57.026401 -0.150510 0.988542 0.011444 0.204805 0.019853 0.978601 -0.967162 -0.149634 0.205446
-1.037112 -13.113099 -18.149611 60.657602 -0.136702 0.990147 -0.030355 0.018558 0.033197 0.999277 -0.990438 -0.136040 0.022914
-0.664017 -13.016240 -24.355267 62.793613 -0.142320 0.989489 -0.025615 0.042679 0.031988 0.998577 -0.988900 -0.141024 0.046783
-7.727643 -10.958053 -28.194501 -33.748913 -0.450369 0.891625 -0.046603 0.212515 0.056354 -0.975532 0.867182 0.449253 0.214864
-8.871739 -46.900889 -8.391641 2212.898381 0.973379 -0.100948 0.205772 -0.143110 0.433588 0.889675 0.179031 0.895439 -0.407599
-1.349819 -37.401094 228.274900 1982.607776 0.974570 -0.061100 0.215592 -0.184631 0.326249 0.927078 0.126981 0.943307 -0.306671
-22.628660 -137.115670 443.465342 -6472.510799 0.678664 0.352076 0.644560 0.734266 -0.344820 -0.584767 0.016375 0.870139 -0.492535
-7.469246 -21.818193 -5.494911 1249.844846 0.964997 -0.026326 0.260935 -0.234763 0.356797 0.904203 0.116904 0.933811 -0.338128
-11.002472 -42.391347 -50.851401 2175.590358 0.993774 -0.111378 -0.002857 0.040948 0.341268 0.939074 0.103617 0.933344 -0.343704
-34.996552 -48.387906 874.269203 -1034.359941 -0.302630 0.928224 0.216369 0.160528 -0.174131 0.971550 -0.939492 -0.328753 0.096309
-31.413980 -46.152570 -624.184287 675.232591 -0.495545 0.564904 0.659787 0.492526 -0.442930 0.749153 -0.715439 -0.696201 0.058738
-33.034999 -41.256941 68.535067 394.016076 -0.398009 0.808051 0.434330 0.535596 -0.179701 0.825133 -0.744799 -0.561036 0.361267
-0.013648 -4.147146 -11.475814 -20.500049 0.097408 0.990141 -0.100661 -0.965909 0.069677 -0.249328 0.239856 -0.121516 -0.963173
0.161941 -4.531583 -8.969897 -25.506316 0.066107 0.991707 -0.110213 -0.985181 0.047351 -0.164850 0.158264 -0.119477 -0.980142
0.108946 -4.215371 8.543979 -19.881051 0.044917 0.992432 -0.114289 -0.975070 0.018669 -0.221109 0.217302 -0.121371 -0.968529
