10292
20566
-5.002401 -6.080758 23.327670 78.082850 -0.787655 0.602422 0.129180 0.562345 0.788597 -0.248761 -0.251730 -0.123295 -0.959912
-5.614876 -7.911729 -0.419840 85.387715 -0.757322 0.650631 0.056062 0.575866 0.705842 -0.412511 -0.307964 -0.280119 -0.909226
-3.789038 -8.002220 69.182665 -119.092364 -0.601326 0.788473 0.129293 -0.710312 -0.601631 0.365373 -0.365874 -0.127870 -0.921838
-5.110046 -6.860395 11.608620 52.262577 0.974706 -0.118025 -0.189785 0.059589 0.955687 -0.288290 -0.215400 -0.269689 -0.938547
-3.645909 -5.599460 50.707459 100.919444 -0.684259 0.702924 0.194133 0.675308 0.711260 -0.195111 -0.275227 -0.002407 -0.961376
-3.731244 -4.865802 -17.092596 49.140732 -0.962624 -0.147414 0.227210 -0.150224 0.988640 0.004978 -0.225362 -0.029341 -0.973833
-4.273184 -5.893261 -20.102510 38.357404 -0.927358 -0.322157 0.190322 -0.342264 0.935882 -0.083546 -0.151204 -0.142618 -0.978160
-0.318630 -2.919604 -9.730130 -0.225242 0.810035 -0.453965 -0.371160 0.575891 0.735087 0.357765 -0.110422 0.503550 -0.856881
-0.169805 -3.015591 -6.089928 -6.284510 0.776520 -0.502218 -0.380517 0.627711 0.669042 0.397947 -0.054725 0.547868 -0.834773
-0.245646 -3.178661 6.341450 8.123234 0.836555 -0.434344 -0.333948 0.541385 0.748924 0.382118 -0.084131 0.500457 -0.861664
0.002514 -2.865306 -12.546189 -14.103346 0.738640 -0.535309 -0.409702 0.668076 0.662389 0.338990 -0.089918 0.524104 -0.846894
-0.340355 -2.863310 -17.147567 6.042791 0.828473 -0.417716 -0.373022 0.539171 0.775018 0.329609 -0.151416 0.474195 -0.867302
-1.501024 -19.039182 -24.024661 97.852389 0.752163 -0.647852 -0.120576 -0.608552 -0.612684 -0.504264 -0.252814 -0.452666 0.855090
-1.631534 -17.360790 -23.837535 280.914934 0.746445 -0.653818 -0.123864 -0.483434 -0.404890 -0.776116 -0.457287 -0.639208 0.618305
-2.141129 -19.133186 -14.527551 302.517086 0.770514 -0.615002 -0.167575 -0.523913 -0.461282 -0.716054 -0.363075 -0.639525 0.677632
-0.830994 -20.715135 -32.829015 309.621275 0.723208 -0.685565 -0.083486 -0.546846 -0.494610 -0.675515 -0.421817 -0.534192 0.732605
-1.814461 -21.141342 -17.206836 36.375685 0.769716 -0.621946 -0.143946 -0.627766 -0.696462 -0.347635 -0.115957 -0.357945 0.926515
-1.248796 -20.761898 -20.684070 -100.036177 0.755648 -0.644662 -0.115785 -0.654760 -0.748056 -0.108175 0.016877 -0.157554 0.987366
-0.880847 -22.071523 -27.834486 -18.309778 0.731265 -0.675238 -0.096466 -0.673575 -0.692592 -0.258094 -0.107463 -0.253712 0.961292
0.358226 -6.035593 -3.412299 9.315680 0.876093 -0.421306 -0.234441 -0.048207 -0.560355 0.826849 0.479727 0.713094 0.511232
0.337237 -5.943344 8.012368 15.545859 0.869148 -0.433403 -0.238209 -0.032533 -0.530728 0.846917 0.493481 0.728347 0.475381
0.269349 -5.950896 -3.186267 -1.856252 0.875986 -0.415775 -0.244498 0.039111 -0.444007 0.895169 0.480748 0.793719 0.372683
0.179784 -5.976787 -4.803790 -15.353560 0.876945 -0.410907 -0.249245 0.116098 -0.322132 0.939549 0.466357 0.852869 0.234787
0.313638 -6.188648 -10.102828 -10.712295 0.876976 -0.408137 -0.253650 0.054188 -0.440488 0.896121 0.477470 0.799622 0.364181
0.093643 -8.971402 -9.350303 -10.945095 0.853622 -0.507691 -0.116534 0.432115 0.815114 -0.385832 0.290872 0.278998 0.915179
0.176667 -8.707768 -7.643409 0.831410 0.842396 -0.528260 -0.106344 0.505676 0.843159 -0.182685 0.186171 0.100118 0.977403
-0.171576 -8.503333 0.321432 -7.025345 0.832916 -0.541305 -0.115065 0.483636 0.813066 -0.324068 0.268975 0.214272 0.939010
-0.260946 -8.229071 1.742815 14.273539 0.844260 -0.519625 -0.131203 -0.401322 -0.775221 0.487824 0.355197 0.359196 0.863026
-0.413532 -8.443009 0.122255 0.649920 0.836024 -0.532125 -0.133813 0.402534 0.760537 -0.509460 0.372867 0.372057 0.850026
-0.321813 -8.493955 -9.078102 -2.874120 0.823032 -0.558222 -0.104913 0.515041 0.811337 -0.276524 0.239482 0.173554 0.955263
-0.567191 -11.347945 7.168200 -9.635922 0.651914 -0.586982 -0.480063 0.528241 0.805739 -0.267853 0.544030 -0.078972 0.835341
-0.703561 -11.119644 11.948507 13.592499 0.670089 -0.559625 -0.487648 0.577642 0.805726 -0.130899 0.466165 -0.193972 0.863171
-0.099763 -11.352508 16.691219 -12.427036 0.642689 -0.576980 -0.504028 0.649307 0.759400 -0.041379 0.406634 -0.300675 0.862695
-0.175385 -11.620019 11.545416 -23.281938 0.625000 -0.609731 -0.487446 0.554582 0.786268 -0.272437 0.549377 -0.100056 0.829563
-0.202556 -13.614004 -3.149865 -49.624120 -0.721666 0.609541 0.328114 0.332781 0.721104 -0.607672 -0.607005 -0.329346 -0.723240
-0.465720 -12.063224 -7.378205 77.488643 -0.715374 0.632517 0.296922 -0.169192 -0.569095 0.804677 -0.677948 -0.525408 -0.514133
-0.901589 -12.882846 0.541130 54.728373 -0.697429 0.653808 0.293475 -0.220325 -0.585286 0.780318 -0.681946 -0.479557 -0.552246
-1.290341 -12.725472 -15.309765 87.042169 -0.683396 0.674940 0.278255 -0.178930 -0.524374 0.832476 -0.707781 -0.519123 -0.479122
-0.974842 -15.562200 -5.469933 -93.937900 -0.701406 0.632394 0.328797 0.323294 0.693388 -0.643967 -0.635225 -0.345384 -0.690796
-1.141729 -11.572406 29.539780 -57.531180 -0.678510 0.576359 0.455451 0.734451 0.520119 0.435956 0.014379 0.630307 -0.776213
-0.508270 -10.829378 28.071160 -57.376420 -0.662674 0.592190 0.458449 0.731854 0.641962 0.228635 -0.158911 0.487028 -0.858808
0.183126 -11.347754 -39.459928 -38.009835 0.713998 -0.530029 -0.457467 0.694322 0.620123 0.365190 -0.090125 0.578374 -0.810778
-1.425877 -10.222375 30.290827 -69.028536 -0.586578 0.661966 0.466611 0.797590 0.572195 0.190898 -0.140625 0.484141 -0.863616
-0.206861 -11.719641 -40.817244 -41.839485 0.724930 -0.517776 -0.454296 0.685770 0.480480 0.546679 0.064777 0.707847 -0.703390
-1.090858 -11.605650 -31.210122 4.317202 0.707613 -0.548356 -0.445635 0.675416 0.339615 0.654580 0.207598 0.764178 -0.610684
-2.080515 -11.590475 24.150205 -9.885797 -0.662865 0.604821 0.441363 0.715557 0.338184 0.611236 0.220426 0.720987 -0.656955
-2.069710 -11.411662 25.933430 -43.556924 -0.631085 0.631865 0.449975 0.773191 0.465641 0.430528 0.062509 0.619616 -0.782412
0.428318 -2.993377 9.887162 -20.184788 -0.690329 0.589636 0.419257 0.721530 0.603764 0.338915 -0.053296 0.536469 -0.842235
0.768849 -3.543589 9.859413 -21.604449 -0.690303 0.595649 0.410711 0.723346 0.555722 0.409809 0.015861 0.579979 -0.814477
0.361233 -3.395393 -11.431585 -19.178252 0.715536 -0.565170 -0.410597 0.698489 0.588095 0.407747 -0.011024 0.578556 -0.815568
0.261831 -2.574312 10.148848 -17.052917 -0.701979 0.576646 0.417977 0.703776 0.651637 0.282963 -0.109200 0.492796 -0.863266
0.063573 -19.162258 -5.397632 -267.276110 -0.686888 0.725544 -0.042088 -0.172767 -0.106762 0.979159 -0.705930 -0.679844 -0.198684
-0.351861 -21.623309 7.721019 -224.370135 -0.679168 0.732969 -0.038565 0.073644 0.120327 0.989999 -0.730279 -0.669536 0.135701
-0.220740 -20.974236 -8.321917 -246.534893 -0.681179 0.729179 -0.065525 -0.072479 0.021896 0.997130 -0.728520 -0.683973 -0.037935
0.012733 -16.557392 22.170308 257.079408 0.694020 -0.712811 0.101180 0.346798 0.207829 -0.914625 -0.630926 -0.669856 -0.391439
-0.370608 -19.072505 22.180001 267.894884 0.693859 -0.712218 0.106328 0.181889 0.030470 -0.982847 -0.696761 -0.701297 -0.150686
-0.503497 -21.366771 -2.953603 -162.448095 -0.687515 0.721635 -0.081036 0.102117 0.206562 0.973090 -0.718955 -0.660739 0.215705
0.196207 -44.323786 -42.297867 -447.888680 0.749032 -0.628107 0.210791 -0.509000 -0.341885 0.789958 0.424112 0.698996 0.575789
29.303993 -1365.438966 -1107.358410 -69721.843341 0.767817 -0.608522 0.200394 -0.616121 -0.615591 0.491368 0.175647 0.500748 0.847585
0.522014 -43.324450 -11.423095 -785.505781 0.758661 -0.626235 0.179619 -0.532500 -0.437227 0.724760 0.375336 0.645494 0.665177
-0.083847 -76.987181 -23.425748 2031.495504 0.688259 -0.691156 0.220461 0.705521 0.566919 -0.425256 0.168934 0.448226 0.877812
0.491973 -31.696003 -12.372826 -158.749244 0.783395 -0.600422 0.160578 -0.331663 -0.185348 0.925011 0.525635 0.777907 0.344338
14.328156 -418.856958 131.962097 -19995.011814 0.710672 -0.654369 0.258354 -0.562734 -0.308338 0.766980 0.422228 0.690455 0.587363
16.251978 -52.001151 -58.398641 702.048359 0.928436 -0.220280 -0.299138 0.201179 -0.378806 0.903345 0.312305 0.898878 0.307382
8.703517 -447.561831 166.302168 18112.973399 0.894424 -0.444958 -0.044917 -0.447070 -0.892197 -0.064124 0.011543 -0.077436 0.996931
8.833259 -39.479181 -207.836208 -966.493843 0.727849 -0.563013 0.391474 0.521051 0.825207 0.218036 -0.445804 0.045281 0.893984
1.661014 -79.376057 127.452727 -327.446481 -0.624042 0.667940 0.405498 0.192734 -0.371336 0.908275 -0.757249 -0.644955 -0.102994
1.274287 -20.129248 -8.849194 137.251245 0.793153 -0.563533 -0.230954 -0.418274 -0.228409 -0.879134 -0.442668 -0.793889 0.416875
1.247628 -17.652144 -2.956671 104.554382 0.820023 -0.526535 -0.224329 -0.432273 -0.312906 -0.845713 -0.375103 -0.790475 0.484197
1.999389 -20.205756 -9.395918 -266.713671 0.833516 -0.499110 -0.236939 -0.338525 -0.122443 -0.932957 -0.436637 -0.857844 0.271020
3.420235 -58.453039 -7.443523 -1741.498706 0.848340 -0.450481 -0.278184 -0.224369 0.170024 -0.959557 -0.479560 -0.876447 -0.043164
1.873926 -21.031166 -16.099987 -161.005659 0.802519 -0.542781 -0.247695 -0.267631 0.043548 -0.962537 -0.533233 -0.838745 0.110317
1.064060 -12.295768 -15.381825 -139.925829 -0.677740 0.268998 -0.684331 0.095270 0.954960 0.281024 0.729104 0.125265 -0.672842
1.576766 -11.145896 -9.203563 82.896173 -0.729665 0.256612 -0.633829 0.196902 0.966503 0.164624 0.654842 -0.004681 -0.755751
1.028394 -11.376221 -0.977439 -142.792877 -0.677462 0.244255 -0.693819 0.184943 0.969516 0.160729 0.711927 -0.019429 -0.701984
2.473001 -13.878699 -28.355113 67.699314 -0.735367 0.294305 -0.610425 0.136482 0.946635 0.291985 0.663783 0.131405 -0.736292
-1.330915 -51.549080 54.104154 -1436.812460 -0.564471 -0.198986 -0.801110 -0.203880 0.974050 -0.098286 0.799878 0.107851 -0.590392
-1.472570 -107.948792 35.943526 -3284.000963 -0.538223 -0.082410 -0.838764 -0.272373 0.958812 0.080573 0.797577 0.271823 -0.538501
1.023677 -25.593336 -6.676630 -507.502863 -0.677806 0.168590 -0.715651 -0.111592 0.938490 0.326777 0.726722 0.301352 -0.617302
0.694924 -2.856719 2.015889 46.237958 0.771249 -0.536433 -0.342658 0.612830 0.771296 0.171878 -0.172090 0.342552 -0.923603
0.768918 -1.928801 0.238160 27.427525 0.762707 -0.539469 -0.356722 0.628678 0.747882 0.213157 -0.151794 0.386840 -0.909568
0.627484 -2.963822 -16.312096 45.612869 0.786050 -0.493224 -0.372632 0.583611 0.790835 0.184333 -0.203773 0.362367 -0.909487
-3.208003 -5.138862 -3.020144 -24.783450 0.956899 0.064030 0.283275 0.259256 -0.627916 -0.733831 -0.130886 -0.775642 0.617453
-2.827656 -4.293363 -8.353872 -33.485197 0.980268 -0.115706 0.160271 0.027999 -0.721339 -0.692016 -0.195680 -0.682848 0.703866
-3.573849 -5.024222 15.515889 -36.300937 0.980140 -0.162906 0.113084 -0.015463 -0.631288 -0.775395 -0.197705 -0.758246 0.621269
0.420833 -3.203626 -57.094488 34.571157 0.712923 -0.569800 -0.408741 -0.206873 0.386043 -0.898985 -0.670033 -0.725465 -0.157343
-0.625323 -3.406740 -15.764989 33.928552 0.744488 -0.549955 -0.378532 -0.201291 0.355693 -0.912669 -0.636568 -0.755666 -0.154109
0.049760 -3.999163 -55.829968 25.991868 0.719274 -0.584521 -0.375473 -0.253153 0.282781 -0.925175 -0.646961 -0.760506 -0.055424
1.664371 -3.425096 -63.760672 31.660268 0.714759 -0.546850 -0.435975 -0.238259 0.395694 -0.886938 -0.657535 -0.737822 -0.152534
1.040805 -2.739386 -60.793194 32.620095 0.707173 -0.537047 -0.459877 -0.215911 0.455326 -0.863748 -0.673267 -0.710112 -0.206040
1.275285 -4.017855 -67.541690 23.249575 0.713068 -0.575600 -0.400274 -0.270206 0.301194 -0.914479 -0.646934 -0.760241 -0.059242
-2.220846 -4.531214 -75.792678 61.844120 -0.686761 0.720961 0.092601 -0.485960 -0.550135 0.679113 -0.540557 -0.421388 -0.728170
-3.051860 -3.656504 -93.410761 -52.815920 0.206913 0.691346 -0.692262 -0.729205 0.580711 0.361987 -0.652263 -0.429902 -0.624290
-3.939623 -5.133392 -75.410632 61.014004 -0.581720 0.809907 0.075179 -0.558685 -0.465026 0.686747 -0.591162 -0.357493 -0.722998
0.547643 -4.929947 -9.177830 -6.117508 0.795386 -0.440846 -0.415951 0.599437 0.673654 0.432279 -0.089639 0.593165 -0.800075
0.430822 -4.876691 -1.570858 9.418410 0.795077 -0.449762 -0.406898 0.587546 0.737607 0.332755 -0.150470 0.503637 -0.850710
0.488827 -5.133938 -0.680981 18.657698 0.774881 -0.487736 -0.402085 0.621706 0.702983 0.345393 -0.114199 0.517617 -0.847957
0.201260 -5.579563 7.819252 31.565287 0.746123 -0.532261 -0.399998 0.637188 0.745075 0.197117 -0.193111 0.401948 -0.895068
0.377478 -5.913904 -6.703757 40.669817 0.719061 -0.556766 -0.415887 0.673905 0.704790 0.221638 -0.169713 0.439640 -0.881995
0.460638 -4.613814 -2.551674 25.430427 0.817167 -0.535138 -0.214164 0.412438 0.802414 -0.431309 0.402658 0.264122 0.876417
0.636361 -4.556930 -7.992813 16.022896 0.822510 -0.523446 -0.222444 0.407524 0.815227 -0.411497 0.396739 0.247809 0.883849
0.666081 -5.092663 -2.770543 5.294541 0.835858 -0.491473 -0.244530 0.420752 0.859693 -0.289647 0.352575 0.139218 0.925370
0.615792 -5.130859 1.820675 -8.236054 0.817416 -0.531748 -0.221531 0.473449 0.839228 -0.267473 0.328143 0.113753 0.937754
0.346834 -4.910058 -2.448213 4.828500 0.811994 -0.549435 -0.196943 0.451246 0.804968 -0.385231 0.370192 0.223935 0.901560
0.330935 -3.894066 -0.188717 54.249647 0.808742 -0.555803 -0.192404 0.393571 0.754493 -0.525207 0.437079 0.349032 0.828938
-0.473835 -7.065719 -18.654290 -100.637723 -0.548496 0.737700 0.393637 0.794619 0.606405 -0.029214 -0.260255 0.296768 -0.918802
-0.328942 -6.254972 -9.737754 18.422415 -0.548383 0.726968 0.413272 -0.756555 -0.641844 0.125144 -0.356232 0.244036 -0.901968
-0.665660 -7.097256 2.478257 83.854442 -0.564947 0.703143 0.431770 -0.753212 -0.653126 0.078089 -0.336908 0.281099 -0.898597
-0.464546 -7.318447 4.564535 -48.952190 -0.557985 0.707972 0.432930 -0.731103 -0.666207 0.147163 -0.392608 0.234401 -0.889334
-0.573116 -7.319505 8.209387 -72.768968 -0.600893 0.661286 0.449031 0.718857 0.692718 -0.058189 -0.349532 0.287824 -0.891619
0.255314 -16.222037 11.736796 282.349173 -0.548072 0.688091 0.475550 0.662335 0.704241 -0.255650 -0.510812 0.174858 -0.841722
0.342171 -13.790955 3.188680 134.773725 -0.590845 0.664240 0.457917 0.690481 0.709901 -0.138840 -0.417299 0.234150 -0.878086
0.131823 -12.180496 11.064214 40.051107 -0.616307 0.619930 0.485645 0.696595 0.716796 -0.030984 -0.367316 0.319202 -0.873607
-0.065166 -14.912671 -19.403383 -213.988180 -0.916578 0.282815 0.282666 0.325771 0.938085 0.117773 -0.231856 0.200032 -0.951961
-0.217407 -10.900406 -19.593830 -105.205892 -0.920712 0.276888 0.274997 0.256490 0.960459 -0.108314 -0.294114 -0.029192 -0.955324
-0.541124 -12.239232 -11.358690 -69.483901 -0.906832 0.315209 0.279821 0.308480 0.948725 -0.068999 -0.287223 0.023749 -0.957569
-0.377981 -14.852561 15.047537 -154.266514 0.913349 -0.285970 -0.289852 0.350721 0.914161 0.203237 -0.206852 0.287283 -0.935244
-0.672676 -14.627016 -0.823117 -139.265696 -0.901533 0.294701 0.316843 0.339336 0.935847 0.095087 -0.268494 0.193241 -0.943700
-0.716573 -13.058609 1.609807 8.528543 -0.886318 0.341200 0.313086 0.315858 0.939848 -0.130079 -0.338636 -0.016401 -0.940774
-0.702265 -13.007323 1.764626 68.199156 -0.878182 0.379831 0.290730 0.299156 0.910403 -0.285783 -0.373231 -0.163995 -0.913129
-0.416497 -211.185589 142.290291 -7596.626939 0.883608 -0.433755 -0.176335 -0.325322 -0.297870 -0.897463 -0.336755 -0.850370 0.404310
0.715846 -27.607671 -28.602997 -153.530824 0.869251 -0.449468 -0.205868 -0.239550 -0.018671 -0.970704 -0.432457 -0.893101 0.123900
0.249965 -22.470723 -14.402220 -80.039043 0.882537 -0.441281 -0.162478 -0.342458 -0.366346 -0.865167 -0.322258 -0.819184 0.474434
-37.299219 -81.749871 798.127201 -413.902903 0.255654 0.211874 0.943266 0.766330 0.550415 -0.331332 -0.589389 0.807559 -0.021650
-36.348495 -566.570111 368.457728 -4551.869006 0.720303 0.489103 0.491876 -0.687675 0.596454 0.413939 0.090923 0.636413 -0.765971
-163.295626 -315.066590 4589.431561 7096.056902 0.022401 0.696392 0.717312 0.961321 0.182010 -0.206724 -0.274519 0.694197 -0.665379
-28.320519 -53.247258 633.179784 -861.626582 0.360596 0.327086 0.873490 0.763236 0.434830 -0.477906 -0.536136 0.839010 -0.092846
-268.483187 -3793.418124 1191.370348 -45205.427617 0.354145 0.606681 0.711702 0.231959 0.680259 -0.695301 -0.905967 0.411323 0.100185
-28.448493 -50.971433 946.882520 -1497.966081 0.479003 0.271092 0.834904 -0.109144 0.962131 -0.249784 -0.871002 0.028522 0.490451
-17.348777 -181.675461 536.134019 -5598.819191 0.551243 0.587691 0.592242 0.126019 0.643040 -0.755393 -0.824773 0.491039 0.280411
-2.410692 -12.545085 4.098275 273.095607 0.576276 0.459044 0.676155 0.795748 -0.503727 -0.336221 0.186257 0.731805 -0.655569
-1.250855 -16.961580 -17.838970 283.590300 0.544809 0.509283 0.666193 0.834736 -0.253589 -0.488783 -0.079990 0.822389 -0.563275
-1.718835 -14.454470 16.018938 358.745623 0.455592 0.503600 0.734045 0.878240 -0.388930 -0.278258 0.145362 0.771440 -0.619475
-3.055565 -6.684876 55.565369 199.090744 0.386508 0.491601 0.780346 0.862451 -0.492446 -0.116944 0.326789 0.718210 -0.614316
-4.022874 -7.831142 -14.233433 122.293028 0.937071 -0.023699 0.348334 -0.209836 0.759171 0.616140 0.279047 0.650460 -0.706424
-2.907444 -11.829313 -59.145509 -1.537957 0.839556 0.251020 0.481804 -0.490072 0.732682 0.472236 0.234468 0.632587 -0.738145
-5.151475 -8.667318 40.999162 -71.135104 -0.648253 0.759417 0.055268 -0.618110 -0.567237 0.544226 -0.444644 -0.318634 -0.837116
-5.889174 -8.199763 15.897298 58.227143 0.912785 -0.394746 -0.104878 0.297935 0.819148 -0.490134 -0.279389 -0.416140 -0.865314
-6.766994 -8.517357 43.941892 37.317216 0.791541 -0.610432 -0.028917 0.476491 0.646105 -0.596242 -0.382648 -0.458171 -0.802284
-0.364431 -3.501980 9.731234 17.508083 0.891778 -0.341912 -0.296360 0.432503 0.836570 0.336292 -0.132944 0.428074 -0.893912
0.185376 -3.598237 28.521176 12.262783 0.862796 -0.407364 -0.299395 0.495752 0.797789 0.343167 -0.099060 0.444508 -0.890281
0.172010 -3.840852 26.735493 13.306357 0.896970 -0.344468 -0.277106 0.416586 0.868400 0.268955 -0.147992 0.356683 -0.922429
-0.370619 -3.619697 5.282566 20.124868 0.915598 -0.283595 -0.285050 0.363023 0.887849 0.282735 -0.172899 0.362352 -0.915864
-1.853286 -14.963239 -22.455117 310.372370 0.749854 -0.640267 -0.166668 -0.370848 -0.198140 -0.907311 -0.547897 -0.742158 0.386017
-1.056466 -16.957527 -42.545743 364.347147 0.712768 -0.695033 -0.094290 -0.372447 -0.261135 -0.890557 -0.594344 -0.669879 0.444991
0.505874 -5.944699 8.978553 11.964738 0.868085 -0.437893 -0.233836 -0.107456 -0.625635 0.772679 0.484647 0.645624 0.590159
0.487194 -5.859288 5.332849 7.138150 0.875158 -0.440535 -0.200067 -0.132318 -0.615653 0.776829 0.465392 0.653376 0.597085
0.415218 -8.596818 -14.539026 -0.634174 0.854845 -0.506393 -0.113162 0.471464 0.849109 -0.238192 0.216706 0.150266 0.964603
0.519312 -8.271299 -9.795698 19.203724 0.843385 -0.524913 -0.114751 0.518828 0.851118 -0.080096 0.139710 0.008016 0.990160
0.306501 -8.465250 -7.399369 4.400601 0.828989 -0.548239 -0.110505 -0.556486 -0.828281 -0.065374 0.055689 -0.115689 0.991723
-0.970717 -10.881417 10.432029 5.498406 0.656694 -0.584395 -0.476692 0.448667 0.810799 -0.375902 0.606177 0.032976 0.794646
-1.230282 -10.448329 12.683948 7.789646 0.691987 -0.544156 -0.474393 0.493735 0.836150 -0.238912 0.526669 -0.068900 0.847273
-0.884954 -10.636889 11.990029 9.189386 0.697639 -0.529515 -0.482612 0.602722 0.797940 -0.004225 0.387333 -0.287933 0.875824
-0.342565 -10.749863 -26.367011 77.634974 -0.740274 0.606648 0.289779 -0.098801 -0.524509 0.845653 -0.665005 -0.597385 -0.448218
-0.493226 -9.978133 -18.758642 73.716381 -0.730144 0.630778 0.262697 -0.053680 -0.436220 0.898237 -0.681182 -0.641741 -0.352363
-0.004309 -11.923298 -15.819046 -52.015332 -0.736775 0.598093 0.315352 0.239634 0.667110 -0.705365 -0.632248 -0.444126 -0.634834
1.057362 -4.197283 9.652035 -16.516193 -0.702304 0.591617 0.395926 0.702463 0.485797 0.520141 0.115385 0.643421 -0.756767
0.976449 -3.940127 2.532826 -17.444635 -0.676934 0.619560 0.397374 0.731943 0.509720 0.452156 0.077588 0.596935 -0.798529
1.054225 -4.433344 -1.113340 -17.009572 -0.677862 0.622017 0.391916 0.718652 0.448182 0.531670 0.155058 0.642050 -0.750819
0.767103 -4.319380 -12.799011 -17.837244 -0.661548 0.646810 0.379461 0.736634 0.465739 0.490364 0.140443 0.603924 -0.784571
0.892381 -3.732629 -3.583589 -19.839966 -0.658922 0.645230 0.386653 0.750326 0.527426 0.398538 0.053218 0.552721 -0.831665
0.174416 -58.232117 -15.454988 -869.178802 0.719853 -0.659229 0.217322 -0.686826 -0.721762 0.085618 -0.100413 0.210895 0.972338
-16.757832 -323.978736 -220.757127 2860.536766 0.886650 -0.397295 -0.236661 0.167518 -0.201067 0.965148 0.431033 0.895393 0.111722
5.898787 -376.324265 382.547157 -13879.448918 0.879588 -0.448474 -0.158734 0.443316 0.893739 -0.068562 0.172615 -0.010062 0.984938
-11.156198 -16.915345 238.535090 238.023078 0.112540 0.987123 0.113681 0.255871 -0.139339 0.956616 -0.960138 0.078570 0.268257
-8.835770 -17.205858 456.186465 91.555623 0.422863 0.871377 0.248776 0.089284 -0.313256 0.945462 -0.901785 0.377589 0.210264
-10.729919 -16.349065 278.214793 -86.919973 0.202267 0.921698 0.331001 -0.155191 -0.303550 0.940092 -0.966956 0.241518 -0.081641
1.003631 -26.776888 17.996058 484.103190 0.797930 -0.545028 -0.257395 -0.540086 -0.456909 -0.706782 -0.267610 -0.702978 0.658944
1.512368 -49.951747 -33.909370 1531.934703 0.845524 -0.504980 -0.173447 -0.451997 -0.504022 -0.735976 -0.284232 -0.700683 0.654412
2.783769 -22.791456 -42.955280 441.674141 -0.780693 0.168210 -0.601850 0.204371 0.978857 0.008477 0.590551 -0.116383 -0.798564
0.624539 -2.255602 -16.496327 31.999571 0.778986 -0.497181 -0.382089 0.599952 0.768145 0.223631 -0.182315 0.403440 -0.896659
-2.986992 -4.636735 -22.581406 -35.686361 0.911759 0.187227 0.365569 0.387154 -0.688950 -0.612748 -0.137136 -0.700210 0.700642
-2.356050 -3.450364 -27.428482 -30.754197 0.975783 -0.183126 0.119637 -0.068784 -0.776065 -0.626891 -0.207646 -0.603480 0.769867
-2.097489 -4.224678 -28.666700 -40.885840 0.856142 -0.490825 -0.161590 -0.468275 -0.604712 -0.644237 -0.218492 -0.627227 0.747561
-3.099645 -6.481214 -8.993526 -30.242668 0.815539 -0.550744 -0.177702 0.455049 0.800009 -0.391045 0.357529 0.238049 0.903053
-3.074201 -5.681075 -8.646020 -48.133916 0.816632 -0.529392 -0.229906 0.483242 0.844963 -0.229161 0.315578 0.076040 0.945848
-3.471916 -6.602123 -12.797187 -30.666038 0.750790 -0.623371 -0.218458 0.506399 0.755548 -0.415581 0.424117 0.201387 0.882932
-3.806500 -6.728460 10.429605 -22.898772 -0.657030 0.707961 0.259044 0.545717 0.683726 -0.484470 0.520101 0.176947 0.835574
-3.734507 -6.947950 -14.212774 -2.126110 0.731128 -0.645212 -0.221705 0.421505 0.682719 -0.596848 0.536456 0.342923 0.771116
-3.407152 -6.963010 -18.797664 -3.116399 0.801172 -0.571460 -0.177643 0.393314 0.726555 -0.563402 0.451029 0.381512 0.806859
-0.990283 -6.312674 9.065480 14.178532 0.881865 -0.387923 -0.268012 -0.193589 0.220410 -0.956004 -0.429928 -0.894950 -0.119274
-1.175424 -6.630759 6.284470 18.331255 0.873896 -0.422056 -0.241195 -0.162275 0.214425 -0.963166 -0.458229 -0.880846 -0.118896
-0.956268 -5.929652 7.923548 40.232769 0.868316 -0.385189 -0.312502 -0.157106 0.384012 -0.909864 -0.470474 -0.839145 -0.272928
-1.195850 -6.641100 7.762458 -13.047583 0.887245 -0.412646 -0.206204 -0.222470 0.008829 -0.974900 -0.404109 -0.910849 0.083968
-0.519350 -5.479161 18.405067 34.993365 0.873550 -0.341037 -0.347280 -0.196346 0.405957 -0.892551 -0.445374 -0.847875 -0.287662
-0.542580 -5.904864 24.897980 11.506738 0.891583 -0.344245 -0.294236 -0.223214 0.231259 -0.946939 -0.394025 -0.909953 -0.129346
-0.969372 -6.315552 10.084851 -6.107214 0.895654 -0.383492 -0.225249 -0.219117 0.060244 -0.973837 -0.387029 -0.921577 0.030072
-0.825659 -6.840629 -3.780311 26.283354 -0.678002 0.648170 0.346684 0.127655 -0.360646 0.923926 -0.723891 -0.670679 -0.161777
-0.859813 -6.824635 0.007668 21.299847 -0.658282 0.667111 0.348751 0.154742 -0.333475 0.929973 -0.736695 -0.666151 -0.116290
-0.857115 -7.573602 6.760418 27.881145 -0.646335 0.668115 0.368611 0.036098 -0.455760 0.889370 -0.762200 -0.588137 -0.270456
-0.865865 -7.410645 -3.928121 39.203194 -0.678975 0.641111 0.357728 0.041995 -0.452548 0.890751 -0.732959 -0.619820 -0.280345
-0.848849 -7.085248 -3.753559 33.649985 -0.694491 0.634193 0.339826 0.080087 -0.401235 0.912467 -0.715030 -0.660916 -0.227863
2.027116 -11.346235 1.392138 81.335080 0.622978 -0.574386 -0.531018 0.289527 0.799944 -0.525609 0.726686 0.173699 0.664647
2.315403 -9.549621 -15.153212 108.355457 0.654337 -0.546533 -0.522633 0.128035 0.761219 -0.635730 0.745285 0.349067 0.568069
2.108290 -10.642706 9.970516 62.785867 0.583500 -0.569862 -0.578607 0.065975 0.743378 -0.665610 0.809429 0.350210 0.471357
1.779447 -10.533648 41.193611 66.830224 0.511714 -0.617384 -0.597482 0.206049 0.763322 -0.612277 0.834082 0.190200 0.517814
0.342997 -4.909225 -9.292295 -11.357592 0.794687 -0.430540 -0.427911 0.593601 0.698586 0.399519 -0.126923 0.571501 -0.810726
0.355630 -4.681642 -7.124475 -0.835227 0.800751 -0.425440 -0.421662 0.568040 0.762721 0.309173 -0.190076 0.487092 -0.852416
0.310339 -4.943652 4.371597 12.709068 0.783440 -0.471072 -0.405355 0.582399 0.784131 0.214360 -0.216872 0.404016 -0.888672
0.675657 -4.552053 -10.098429 19.603637 0.842912 -0.480206 -0.242698 0.393833 0.857980 -0.329798 0.366600 0.182408 0.912322
0.734712 -3.266556 -13.402449 37.093920 0.805700 -0.556680 -0.202371 0.419513 0.777496 -0.468518 0.418157 0.292588 0.859963
0.152733 -6.625763 -26.054213 22.239527 -0.526513 0.752340 0.395941 -0.790346 -0.604752 0.098124 -0.313269 0.261267 -0.913018
-0.023471 -7.471836 -18.369247 -88.394130 -0.559610 0.716066 0.417237 -0.734294 -0.661829 0.150980 -0.384251 0.221884 -0.896169
-0.255295 -7.505481 -9.993180 -118.598173 -0.564098 0.710989 0.419867 -0.725554 -0.669546 0.158994 -0.394163 0.214948 -0.893551
0.208152 -14.325853 -14.052997 -252.006133 -0.915471 0.274046 0.294638 0.299324 0.953160 0.043488 -0.268919 0.128004 -0.954619
0.342793 -10.156794 -21.038080 -121.286795 -0.923584 0.266836 0.275303 0.227110 0.959290 -0.167882 -0.308892 -0.092529 -0.946585
0.775392 -48.189629 -21.518683 -461.982981 0.881787 -0.407340 -0.237753 -0.181332 0.172554 -0.968165 -0.435397 -0.896828 -0.078292
0.819781 -29.355072 -18.593294 -194.427939 0.864818 -0.431385 -0.256899 -0.116426 0.325418 -0.938375 -0.488401 -0.841433 -0.231202
-0.397242 -7.838376 -0.886249 -69.467144 -0.565347 0.698247 0.439129 -0.718191 -0.678526 0.154286 -0.405690 0.228154 -0.885077
-0.472705 -11.282438 7.448247 -210.527542 -0.538470 0.727002 0.426051 -0.688821 -0.670995 0.274392 -0.485362 0.145721 -0.862084
-15.323612 -123.433213 376.800180 2622.325141 0.763955 0.475476 0.436228 -0.636119 0.441501 0.632796 -0.108284 0.760920 -0.639746
-9.853926 -97.277763 -285.794644 -2741.648907 -0.850348 -0.316035 -0.420749 -0.293570 0.948487 -0.119118 0.436720 0.022227 -0.899323
-0.343139 -16.190429 -39.241602 62.330790 0.584937 0.528517 0.615239 0.758571 -0.087989 -0.645623 -0.287088 0.844351 -0.452386
-0.904140 -18.181446 -50.535227 -28.547801 0.511644 0.570006 0.642895 0.727854 0.110061 -0.676842 -0.456562 0.814236 -0.358569
-1.731273 -20.453023 -40.976468 400.029974 0.523668 0.536172 0.662036 0.846248 -0.237842 -0.476756 -0.098163 0.809908 -0.578284
-2.623116 -7.071574 149.541086 12.988484 -0.594698 0.729289 0.338338 -0.491161 -0.662755 0.565257 -0.636471 -0.169979 -0.752337
-1.261081 -7.227627 111.500207 -44.457402 -0.594386 0.728408 0.340774 -0.592482 -0.683180 0.426884 -0.543755 -0.051831 -0.837642
-2.388125 -7.324985 88.894763 -146.950626 -0.593277 0.770218 0.234065 -0.720340 -0.637744 0.272749 -0.359350 0.006790 -0.933178
-3.391305 -7.020033 -15.968549 10.936619 0.808696 0.574833 0.124809 -0.355306 0.646453 -0.675171 0.468794 -0.501663 -0.727026
-3.275067 -6.930351 8.763571 12.540920 0.829005 0.552042 0.089442 -0.374130 0.666336 -0.644999 0.415665 -0.501244 -0.758931
-3.279930 -6.599920 -7.776073 4.886700 0.803703 0.591247 0.066990 -0.471774 0.701780 -0.533792 0.362616 -0.397406 -0.842958
-0.041406 -3.197584 6.444687 -2.668578 0.801128 -0.485687 -0.349717 0.598180 0.668684 0.441636 -0.019353 0.563000 -0.826230
-0.003871 -3.317722 -5.252469 -13.235091 0.771289 -0.511185 -0.379214 0.636478 0.616666 0.463269 0.002968 0.598676 -0.800986
0.054374 -3.224142 -13.460516 -16.570519 0.741703 -0.534773 -0.404838 0.670112 0.616689 0.413092 -0.028749 0.577679 -0.815758
-2.558784 -14.292411 -15.347820 285.988179 0.790529 -0.580336 -0.195640 -0.390716 -0.231923 -0.890816 -0.471599 -0.780655 0.410089
-2.540609 -17.778430 1.074135 328.625290 0.809858 -0.547033 -0.211859 -0.487343 -0.426358 -0.762047 -0.326538 -0.720398 0.611882
-2.271157 -19.074725 -9.472383 134.189658 0.796623 -0.579761 -0.171079 -0.573509 -0.635485 -0.516959 -0.190995 -0.509937 0.838740
-0.179582 -5.506475 -5.889330 -15.852968 0.884835 -0.406149 -0.228279 0.223508 -0.059869 0.972862 0.408793 0.911844 -0.037803
0.009893 -5.815454 -7.561650 -12.278124 0.885003 -0.407013 -0.226077 0.141057 -0.228358 0.963305 0.443704 0.884417 0.144685
-0.150765 -5.577752 -7.347096 -21.631795 0.887319 -0.408641 -0.213724 0.178106 -0.123822 0.976190 0.425375 0.904257 0.037088
-0.283345 -5.471212 -4.662546 -15.096823 0.886053 -0.422915 -0.189878 0.205487 -0.008856 0.978620 0.415554 0.906126 -0.079057
-0.241941 -5.444763 -8.935256 -20.039966 0.889406 -0.407424 -0.207274 0.216992 -0.022792 0.975907 0.402332 0.912955 -0.068136
-0.098953 -8.756843 -8.192653 5.176918 0.859915 -0.492295 -0.134878 -0.328469 -0.735952 0.592016 0.390710 0.464780 0.794560
-0.325436 -8.385504 1.403746 -7.964037 0.850417 -0.505476 -0.145896 -0.302950 -0.697211 0.649706 0.430131 0.508322 0.746054
-0.593486 -11.518161 11.746082 2.072602 0.626330 -0.616176 -0.477533 0.393411 0.778680 -0.488759 0.673007 0.118258 0.730121
-0.330824 -8.901724 19.619073 -82.705402 0.738731 -0.613962 -0.278076 -0.026031 0.386279 -0.922015 -0.673497 -0.688360 -0.269374
51.059109 -0.033841 2055.016479 131.924475 0.005394 -0.952729 -0.303772 0.991391 -0.034647 0.126270 -0.130826 -0.301838 0.944340
2.423274 -6.418241 56.228831 3.608377 0.865709 -0.490636 -0.099114 -0.498044 -0.824549 -0.268460 -0.049992 -0.281772 0.958178
5.469901 -5.108242 131.375727 -14.764484 0.763908 -0.621602 -0.173363 -0.635047 -0.676355 -0.373174 -0.114711 -0.395164 0.911420
15.306374 -3.612634 407.313264 4.702840 0.670677 -0.721896 -0.170468 0.717704 0.573522 0.394935 -0.187334 -0.387219 0.902755
15.421908 -5.424952 492.673593 1.417876 0.717227 -0.656615 -0.233328 -0.667255 -0.550606 -0.501601 -0.200887 -0.515451 0.833039
1.048845 -12.491120 -32.767637 8.841309 0.724907 -0.533093 -0.436259 0.673958 0.679836 0.289143 -0.142444 0.503622 -0.852100
0.812615 -12.293144 -38.974365 -18.616384 0.747913 -0.502187 -0.434090 0.661937 0.515320 0.544321 0.049655 0.694445 -0.717830
0.659587 -3.925987 -13.813978 -18.285679 0.729708 -0.555333 -0.398913 0.680335 0.531373 0.504764 0.068341 0.639725 -0.765559
0.571610 -14.244065 22.589079 208.952783 0.698116 -0.711768 0.077591 0.385315 0.282148 -0.878593 -0.603462 -0.643256 -0.471227
-0.469691 -2.330338 -10.694649 58.407824 -0.740317 0.568899 0.358167 0.423058 0.808314 -0.409451 -0.522448 -0.151598 -0.839086
-0.665887 -1.624476 -29.763339 11.211037 -0.789633 0.486600 0.373766 0.331885 0.851075 -0.406846 -0.516074 -0.197212 -0.833532
-0.431254 -2.048564 -2.359868 -44.953718 -0.771437 0.490140 0.405767 0.299374 0.842283 -0.448258 -0.561480 -0.224327 -0.796504
-0.137090 -2.126902 5.109609 -15.954916 -0.731626 0.567521 0.377681 0.390158 0.802906 -0.450687 -0.559017 -0.182379 -0.808850
0.657046 -41.148862 -28.175483 -673.747541 0.766088 -0.621205 0.164963 -0.192630 0.022952 0.981003 0.613190 0.783312 0.102080
2.038968 -59.955095 18.230311 -1192.596566 0.754420 -0.642205 0.135736 -0.425401 -0.320879 0.846209 0.499885 0.696139 0.515272
9.440912 -16.100695 -57.171079 250.727642 -0.135222 0.832999 0.536497 0.225948 -0.501278 0.835265 -0.964709 -0.234166 0.120430
7.509042 -15.499871 -114.351606 176.736779 -0.290859 0.814912 0.501317 -0.049482 -0.536082 0.842714 -0.955486 -0.220304 -0.196248
6.560272 -15.895786 36.691864 135.253184 -0.034011 0.860384 0.508510 -0.088176 -0.509404 0.855998 -0.995524 0.015725 -0.093191
7.483425 -16.482184 167.858293 233.456639 0.158273 0.858997 0.486902 0.161318 -0.508988 0.845522 -0.974128 0.055277 0.219130
0.485376 -6.340250 5.421711 12.409054 0.846258 -0.505214 -0.169133 0.367310 0.783207 -0.501667 0.385915 0.362415 0.848366
0.877901 -5.922988 12.424509 -14.898599 0.859209 -0.486393 -0.158690 -0.319475 -0.752322 0.576149 0.399620 0.444335 0.801792
0.532530 -6.135720 10.377391 -13.634846 0.853675 -0.478793 -0.204930 -0.252253 -0.724374 0.641600 0.455640 0.496024 0.739157
1.634222 -73.377429 26.766990 2157.717579 0.822476 -0.506262 -0.259290 -0.564451 -0.670189 -0.481915 -0.070202 -0.542720 0.836975
0.200409 -38.823033 -0.912969 768.589926 0.836209 -0.490704 -0.244875 -0.547896 -0.728189 -0.411764 -0.023739 -0.478487 0.877773
0.722408 -25.762964 -19.018340 360.617072 0.791708 -0.566804 -0.227886 -0.549287 -0.497219 -0.671608 -0.267361 -0.656892 0.704990
0.292167 -2.975179 -14.760915 37.633052 0.820617 -0.439470 -0.365313 0.531379 0.822010 0.204783 -0.210295 0.362168 -0.908081
-4.051455 -4.937951 8.654440 117.326100 0.807508 -0.481215 0.341121 0.288304 0.826517 0.483477 -0.514599 -0.292065 0.806155
-3.662914 -6.864321 20.156930 33.123768 0.825447 -0.497727 0.266279 0.242746 0.738874 0.628601 -0.509619 -0.454239 0.730723
-3.421909 -4.740353 -33.869620 61.716330 -0.710858 0.701768 -0.046929 0.565985 0.610375 0.554169 -0.417543 -0.367374 0.831080
-1.169787 -4.297855 203.329747 18.970026 0.062091 0.964577 0.256391 0.895492 -0.167276 0.412448 -0.440726 -0.203987 0.874157
-1.805152 -3.768597 93.575982 31.404839 -0.245834 0.949111 0.196861 0.910293 0.156269 0.383335 -0.333064 -0.273438 0.902386
-3.071542 -4.469014 33.484702 -56.584205 0.776450 -0.630179 0.000367 -0.536066 -0.660799 -0.525337 -0.331299 -0.407701 0.850894
-2.556900 -5.332899 -9.110640 -59.269806 0.872139 -0.456389 -0.176301 0.418750 0.882662 -0.213439 0.253025 0.112323 0.960917
-2.727880 -5.292370 -5.452810 -20.890594 0.878771 -0.435489 -0.195221 0.429176 0.900031 -0.075840 0.208732 -0.017138 0.977823
-1.298900 -2.796789 13.283710 -12.530173 0.291195 0.956453 0.020087 0.838867 -0.245189 -0.485988 0.459900 -0.158368 0.873734
-1.991431 -3.027623 11.534230 -10.207622 0.007976 0.980617 0.195772 0.842200 0.098961 -0.530006 0.539107 -0.169106 0.825086
-1.322572 -3.071349 -7.212636 -22.117275 -0.038601 0.977422 0.207743 0.883789 0.130407 -0.449345 0.466291 -0.166256 0.868868
-1.907038 -3.616502 -4.458800 -24.900364 -0.304263 0.881884 0.360145 0.764180 0.451689 -0.460441 0.568729 -0.135120 0.811351
-0.690134 -2.810856 -7.545391 -7.530200 0.158792 0.983254 0.089427 0.904012 -0.108383 -0.413539 0.396922 -0.146510 0.906084
-1.704607 -3.625239 -20.110221 -33.463905 -0.313877 0.889884 0.331040 0.804640 0.434394 -0.404793 0.504020 -0.139313 0.852382
-1.332402 -3.180901 -33.260380 -33.376572 -0.175314 0.948881 0.262470 0.893586 0.265266 -0.362129 0.413242 -0.171054 0.894412
-1.036868 -5.957379 4.505340 46.177240 0.859645 -0.421696 -0.288414 -0.104049 0.408188 -0.906949 -0.500184 -0.809663 -0.307020
-1.254170 -6.859419 -0.702127 18.419563 0.851563 -0.463330 -0.245288 -0.163189 0.210367 -0.963906 -0.498207 -0.860855 -0.103530
-1.314707 -6.941501 4.887318 -9.748719 0.867487 -0.447585 -0.217104 -0.212065 0.062055 -0.975283 -0.449995 -0.892086 0.041085
-0.810424 -7.028095 2.709302 20.205938 -0.636836 0.687584 0.348810 0.167472 -0.318247 0.933098 -0.752591 -0.652646 -0.087521
-0.823572 -6.260632 -0.232451 -33.436250 0.663596 -0.676873 -0.318564 -0.282201 0.167878 -0.944552 -0.692822 -0.716701 0.079611
-0.788617 -6.613556 4.164179 28.574196 -0.640778 0.701074 0.312887 0.287681 -0.158590 0.944505 -0.711788 -0.695230 0.100065
-0.817806 -6.003263 1.670402 -19.795816 0.670857 -0.687641 -0.277671 -0.342071 0.045281 -0.938583 -0.657981 -0.724638 0.204845
-0.777755 -5.696278 1.585892 -15.016468 0.685162 -0.676293 -0.270519 -0.343095 0.027961 -0.938884 -0.642525 -0.736102 0.212875
2.164738 -8.717256 -23.036145 4.138884 0.665305 -0.512967 -0.542434 0.009516 0.732334 -0.680879 0.746511 0.447830 0.492107
0.919094 -5.246169 3.401064 -7.935855 0.835660 -0.491327 -0.245499 0.470429 0.870970 -0.141801 0.283493 0.003007 0.958970
0.831925 -5.146442 1.014049 12.381210 0.849675 -0.453012 -0.269875 0.417371 0.890560 -0.180844 0.322265 0.041020 0.945760
0.185750 -7.723618 -33.655423 -93.291480 -0.530876 0.761462 0.371950 0.828836 0.558018 0.040596 -0.176643 0.329837 -0.927365
-0.498547 -8.690087 -26.668085 -99.667695 -0.555185 0.742879 0.374034 0.827729 0.537537 0.160995 -0.081457 0.398980 -0.913334
-1.408356 -26.745687 -3.957919 -145.409178 0.875542 -0.392541 -0.281671 -0.308785 -0.006250 -0.951111 -0.371589 -0.919713 0.126682
-1.249657 -26.996696 7.740691 -308.878692 0.899150 -0.350056 -0.262661 -0.341403 -0.185545 -0.921421 -0.273813 -0.918169 0.286343
-1.293223 -26.158502 -3.429656 -424.316866 0.872072 -0.385447 -0.301532 -0.454864 -0.411134 -0.789980 -0.180525 -0.826075 0.533864
-0.983678 -26.242001 22.081245 230.229727 0.899453 -0.339463 -0.275225 -0.185433 0.273819 -0.943736 -0.395725 -0.899882 -0.183340
-1.211393 -24.306497 -6.298935 75.385074 0.865135 -0.414997 -0.281636 -0.218007 0.194554 -0.956359 -0.451679 -0.888778 -0.077843
-1.284795 -26.189560 -9.795477 308.361141 0.874063 -0.400989 -0.274268 -0.100217 0.403585 -0.909437 -0.475364 -0.822391 -0.312573
-19.349385 -270.892009 544.607047 5736.905009 0.882577 -0.467625 -0.048833 0.239565 0.357899 0.902506 0.404557 0.808230 -0.427900
-164.149827 -667.137618 -4938.430176 -43093.103669 -0.891200 0.403607 0.207038 0.363190 0.908341 -0.207387 -0.271764 -0.109629 -0.956099
-11.121865 -1757.078030 -166.789636 -6457.349941 0.939503 -0.334477 -0.073888 0.132167 0.154963 0.979040 0.316016 0.929576 -0.189795
-26.683150 -216.610591 1911.488193 9162.172840 0.503151 -0.004161 0.864189 -0.539903 0.779307 0.318096 -0.674792 -0.626629 0.389862
-6.016563 -8.625558 41.922006 22.819271 0.900167 -0.425812 -0.091561 0.269576 0.709816 -0.650762 -0.342093 -0.561112 -0.753741
-5.064899 -7.654909 -12.925646 47.361453 0.986636 -0.121274 -0.108821 0.060474 0.892703 -0.446569 -0.151302 -0.434020 -0.888107
-5.159044 -8.472196 -14.817299 26.361198 0.952333 -0.293460 -0.083329 0.179418 0.759719 -0.625009 -0.246722 -0.580265 -0.776157
-3.600553 -7.390039 3.691308 26.139001 0.840421 0.525271 0.133351 -0.253610 0.598659 -0.759796 0.478930 -0.604729 -0.636340
-3.456002 -7.410967 -2.692151 14.369742 0.820843 0.541008 0.183102 -0.142071 0.503909 -0.851992 0.553202 -0.673339 -0.490492
-3.735577 -7.714092 16.394046 14.982264 0.864520 0.473351 0.168952 -0.102763 0.495531 -0.862490 0.491981 -0.728278 -0.477039
0.240856 -3.422310 22.034911 4.673607 0.827604 -0.456815 -0.326178 0.559481 0.718244 0.413651 -0.045313 0.524830 -0.850000
-3.213680 -12.434030 -8.878352 295.861589 0.823903 -0.504617 -0.257962 -0.407171 -0.210454 -0.888775 -0.394202 -0.837299 0.378860
-2.447822 -20.260373 -2.082404 213.240848 0.830362 -0.515948 -0.210467 -0.543261 -0.665560 -0.511759 -0.123962 -0.539284 0.832951
0.026659 -5.663713 2.076522 -13.379697 0.868393 -0.423554 -0.257865 0.202416 -0.171944 0.964087 0.452681 0.889403 0.063581
0.311130 -8.660202 -21.134114 39.673837 0.860520 -0.497445 -0.109789 -0.426730 -0.821610 0.377966 0.278221 0.278397 0.919287
0.144986 -8.757327 -16.548852 24.551130 0.866439 -0.482873 -0.126951 -0.356392 -0.776218 0.520067 0.349668 0.405363 0.844638
0.102711 -11.761330 16.290428 -3.654086 0.605498 -0.636578 -0.477640 0.492674 0.771162 -0.403214 0.625015 0.008825 0.780563
0.057150 -10.628664 -9.946612 78.153932 -0.729976 0.603535 0.320751 -0.100551 -0.559022 0.823033 -0.676036 -0.568542 -0.468759
0.021183 -8.988906 6.876769 70.436875 -0.709050 0.624181 0.328094 0.008120 -0.458019 0.888905 -0.705112 -0.632942 -0.319690
