12243
24463
-8.098160 -10.776414 91.555129 127.873003 -0.180858 0.981453 0.063561 -0.420757 -0.018798 -0.906979 0.888962 0.190778 -0.416353
-6.726128 -10.242567 -30.597602 280.541391 0.109766 0.934815 0.337746 -0.573042 0.337161 -0.746957 0.812141 0.111552 -0.572697
-5.804351 -8.531896 10.038255 116.138478 -0.347200 0.902162 -0.256038 -0.469403 -0.403544 -0.785375 0.811858 0.152497 -0.563588
-5.360053 -7.191496 -38.834989 147.423654 -0.033188 0.997660 0.059776 -0.662892 0.022788 -0.748368 0.747979 0.064461 -0.660585
-6.259938 -9.672669 -19.821002 102.334561 -0.383776 0.895625 -0.224881 -0.357914 -0.368763 -0.857853 0.851243 0.248735 -0.462079
-4.683194 -7.121537 -7.195549 85.085645 -0.509028 0.730737 -0.454878 -0.421943 -0.672453 -0.608088 0.750237 0.117601 -0.650627
-5.215905 -8.147704 -16.019066 72.038938 -0.539558 0.719599 -0.437098 -0.313873 -0.653642 -0.688648 0.781256 0.234372 -0.578541
-4.766073 -9.583608 -45.997160 -43.125053 0.828197 -0.363191 0.426828 -0.242297 0.454703 0.857051 0.505353 0.813227 -0.288584
-5.473147 -10.285741 -61.053524 -61.892918 0.829480 -0.422133 0.365741 -0.243774 0.315546 0.917063 0.502531 0.849844 -0.158834
-5.901436 -9.921444 -71.720140 -42.956959 0.778117 -0.482679 0.401939 -0.163980 0.461614 0.871793 0.606337 0.744267 -0.280040
0.320356 -11.766641 -154.736134 54.535479 -0.289121 0.948475 -0.129628 -0.158320 0.086171 0.983621 -0.944110 -0.304908 -0.125249
3.502208 -12.791045 -184.345967 45.633376 -0.262714 0.960298 -0.093856 -0.131678 0.060680 0.989434 -0.955846 -0.272296 -0.110509
1.456363 -11.224517 -145.723207 14.997975 -0.289192 0.956851 -0.028367 0.047612 0.043974 0.997897 -0.956086 -0.287233 0.058275
2.557884 -12.798413 -189.689761 44.435435 -0.275096 0.941541 -0.194481 -0.373819 0.081617 0.923904 -0.885766 -0.326863 -0.329513
-1.630406 -10.389620 -89.254865 -1.371264 -0.257198 0.965040 -0.050475 0.021130 0.057836 0.998102 -0.966128 -0.255644 0.035267
-0.721166 -6.828004 125.569671 -15.090551 0.206237 0.976113 0.068339 -0.807472 0.130326 0.575330 -0.552680 0.173836 -0.815062
-0.832908 -7.068230 123.493167 -18.866401 0.181140 0.979633 0.086646 -0.736806 0.076828 0.671725 -0.651387 0.185517 -0.735716
0.893120 -6.772230 135.377875 -10.189659 0.206527 0.976213 0.065985 -0.791255 0.126966 0.598160 -0.575554 0.175748 -0.798655
2.972656 -6.635011 103.310574 -5.214878 0.174306 0.984396 0.024111 -0.766101 0.120189 0.631382 -0.618633 0.128525 -0.775097
2.455586 -6.557132 86.683149 -6.777287 0.172481 0.984691 0.025175 -0.841479 0.134014 0.523406 -0.512019 0.111461 -0.851712
-0.673532 -6.515307 -5.654519 -40.617621 -0.184935 0.982596 -0.017424 -0.909975 -0.164518 0.380631 -0.371140 -0.086248 -0.924563
-0.644401 -6.717801 4.435673 -6.324735 -0.174937 0.984204 -0.027186 -0.916054 -0.152578 0.370898 -0.360891 -0.089787 -0.928276
-0.565500 -6.583279 -5.818000 -31.338756 -0.188883 0.981249 -0.038397 -0.879571 -0.151665 0.450947 -0.436668 -0.118949 -0.891724
-1.376610 -8.713007 36.993187 20.721124 -0.044829 0.967624 0.248383 0.997481 0.029674 0.064426 0.054970 0.250645 -0.966517
-1.762073 -8.965224 1.227443 -27.577136 -0.118973 0.969888 0.212516 0.987566 0.137742 -0.075764 -0.102755 0.200860 -0.974216
-1.435559 -8.574576 24.018242 -20.048143 -0.116759 0.961124 0.250216 0.986459 0.141447 -0.083011 -0.115176 0.237136 -0.964625
-1.655391 -8.426626 -3.096289 76.887006 -0.163116 0.962555 0.216519 -0.954198 -0.209699 0.213385 -0.250799 0.171795 -0.952673
-0.560103 -8.121475 68.367221 14.117846 -0.035762 0.959472 0.279524 0.999360 0.034596 0.009109 -0.000931 0.279671 -0.960095
-0.937007 -8.057656 58.756122 -15.234012 -0.112281 0.953133 0.280946 0.980283 0.152513 -0.125641 -0.162601 0.261300 -0.951464
-1.559536 -8.105982 4.801879 52.146591 -0.179957 0.951047 0.251248 -0.947911 -0.235908 0.214036 -0.262830 0.199643 -0.943961
-0.336956 -8.116393 41.301436 -192.021497 0.107482 0.991433 -0.074216 0.993461 -0.104211 0.046632 0.038498 -0.078743 -0.996151
0.007176 -6.225493 14.004673 16.001361 0.177999 0.979818 -0.090954 0.984005 -0.176570 0.023586 0.007050 -0.093698 -0.995576
0.433200 -7.004402 8.383816 -37.347049 0.039233 0.992485 -0.115907 0.998491 -0.034478 0.042749 0.038431 -0.117409 -0.992340
-0.461949 -8.025996 -10.179278 -186.253706 0.324977 0.943247 -0.068379 0.945419 -0.322191 0.048751 0.023953 -0.080490 -0.996468
0.126882 -11.550289 44.622103 279.168924 0.031903 0.995829 -0.085479 -0.994381 0.022987 -0.103333 0.100937 -0.088296 -0.990967
-1.204973 -10.648228 6.888530 -390.979456 0.234612 0.969504 -0.070848 0.970395 -0.229279 0.075926 0.057367 -0.086563 -0.994593
-1.140881 -14.107171 67.713107 460.560045 0.100214 0.993422 -0.055406 -0.985266 0.091326 -0.144606 0.138595 -0.069081 -0.987937
-1.515944 -14.393506 30.809310 -27.444620 0.119423 0.978013 -0.170966 0.856092 -0.014224 0.516628 -0.502837 0.208060 0.838967
-1.789286 -14.321718 20.663466 -42.036256 0.079477 0.985148 -0.152205 0.896305 -0.003801 0.443421 -0.436257 0.171664 0.883296
-1.238506 -14.472105 26.283091 -16.634854 0.110040 0.979617 -0.168053 0.948491 -0.052961 0.312346 -0.297079 0.193767 0.934986
-0.756432 -15.960863 39.690800 -82.172826 0.148086 0.969938 -0.193111 0.940982 -0.078098 0.329324 -0.304342 0.230482 0.924259
-1.020127 -14.395343 17.047559 -32.648541 0.149671 0.974684 -0.166102 0.835263 -0.034746 0.548752 -0.529088 0.220871 0.819318
0.016038 -7.094257 -12.086644 -12.012401 -0.352293 0.869723 0.345647 -0.239430 -0.440789 0.865089 -0.904745 -0.222006 -0.363524
-0.285325 -7.235382 -18.987288 1.034835 -0.318812 0.914437 0.249326 -0.324867 -0.352543 0.877596 -0.890405 -0.198790 -0.409465
0.785708 -6.993451 -14.354956 4.820988 -0.314569 0.920702 0.230987 -0.174505 -0.295284 0.939338 -0.933057 -0.255178 -0.253554
0.831887 -7.144543 -9.189166 7.796580 -0.351824 0.866207 0.354830 -0.075968 -0.404237 0.911494 -0.932978 -0.293730 -0.208025
0.125547 -7.099215 -6.661724 -25.232106 -0.364346 0.824070 0.433775 -0.173306 -0.517655 0.837853 -0.914995 -0.230093 -0.331422
-0.461833 -6.849713 -7.729294 -30.697308 -0.355827 0.844291 0.400699 -0.304671 -0.510135 0.804325 -0.883495 -0.164119 -0.438751
-0.102901 -11.017342 -19.342166 4.181207 -0.110019 0.985738 0.127344 0.716305 -0.010188 0.697713 -0.689059 -0.167979 0.704968
0.301237 -11.052828 -21.517924 -2.848255 -0.127578 0.984553 0.119917 0.780074 0.024935 0.625190 -0.612542 -0.173305 0.771205
0.107172 -10.732336 -23.517492 16.164601 -0.103723 0.985232 0.136236 0.829951 0.010251 0.557742 -0.548109 -0.170920 0.818757
-0.331516 -10.687935 -17.682070 13.027222 -0.080795 0.986350 0.143480 0.807156 -0.019710 0.590009 -0.584783 -0.163481 0.794546
0.094461 -10.564527 -22.815159 28.043766 -0.077653 0.985987 0.147646 0.904465 0.007369 0.426484 -0.419419 -0.166658 0.892363
-78.193673 -1202.357442 3448.728264 -62530.001159 -0.289808 0.820715 -0.492381 0.630052 0.550858 0.547347 -0.720448 0.151600 0.676737
103.241728 -79.445222 14219.616431 -303.604770 -0.176439 0.413555 0.893220 0.973617 0.206731 0.096605 -0.144705 0.886698 -0.439120
14.376992 -16.512415 835.885907 107.065449 -0.367418 0.867864 0.334389 -0.859108 -0.454425 0.235438 -0.356283 0.200772 -0.912553
275.927070 -57.810745 12650.836922 -1802.440983 -0.087989 0.996121 -0.000289 -0.871978 -0.076883 0.483470 -0.481573 -0.042792 -0.875361
1.635519 -37.033459 14.196923 -268.122713 0.028590 0.951374 0.306709 0.980175 0.033500 -0.195280 -0.196059 0.306211 -0.931555
2.770766 -38.814234 4.867924 870.955283 0.070482 0.960245 0.270113 0.969244 -0.129934 0.209005 0.235793 0.247075 -0.939870
1.859610 -41.334532 86.582249 696.580015 -0.014267 0.935502 0.353033 0.980447 -0.056214 0.188583 0.196265 0.348820 -0.916408
0.797667 -42.170778 47.588087 1096.708512 -0.010804 0.940558 0.339460 -0.939347 -0.125926 0.319013 -0.342797 0.315424 -0.884871
1.212035 -37.627309 33.305744 1213.848684 0.009263 0.947907 0.318412 -0.788904 -0.188737 0.584815 -0.614446 0.256614 -0.746060
1.207294 -33.896930 -29.052154 955.888421 0.055938 0.957775 0.282024 -0.825634 -0.114459 0.552474 -0.561426 0.263753 -0.784369
-1.982523 -4.910031 -48.056579 16.300216 -0.031862 0.992206 0.120464 -0.709603 -0.107334 0.696378 -0.703881 0.063294 -0.707493
-2.321308 -4.764178 -67.242212 14.543993 0.048708 0.998419 0.028071 -0.640171 0.009633 0.768172 -0.766687 0.055386 -0.639628
-2.472248 -5.167705 -14.812693 9.730440 0.099689 0.993037 0.062762 -0.650244 0.017273 0.759529 -0.753157 0.116527 -0.647438
-1.985959 -5.535584 58.091064 8.910736 0.168230 0.981874 0.087306 -0.636953 0.040681 0.769829 -0.752323 0.185118 -0.632251
-2.024492 -5.411327 13.404598 11.974771 0.029337 0.986162 0.163170 -0.727566 -0.090867 0.679994 -0.685410 0.138666 -0.714832
2.198220 -74.129467 -54.557102 -1557.981019 -0.193183 0.933699 0.301475 -0.461637 0.184633 -0.867642 0.865778 0.306786 -0.395362
111.726942 -724.416095 -1396.040473 53150.432912 -0.115144 0.927348 0.356045 -0.840378 0.100165 -0.532665 0.529629 0.360546 -0.767789
1.384168 -79.213190 2.892421 2093.286661 -0.178199 0.932282 0.314796 -0.820343 0.035916 -0.570743 0.543399 0.359946 -0.758390
1.851082 -89.222596 24.792367 -2378.317996 -0.188171 0.920682 0.341960 -0.455946 0.226496 -0.860705 0.869888 0.317875 -0.377161
-1.453072 -31.749733 -23.130955 -233.821979 -0.183128 0.973156 0.139397 -0.854582 -0.227673 0.466750 -0.485957 0.033651 -0.873335
-2.122113 -35.688504 -8.112015 -347.327234 -0.189658 0.961504 0.198847 -0.869134 -0.258622 0.421569 -0.456766 0.092871 -0.884726
-1.704054 -37.132744 -13.767747 716.879050 -0.296273 0.933085 0.203898 -0.930560 -0.330090 0.158425 -0.215129 0.142802 -0.966089
-1.290051 -30.017087 -71.839955 416.876059 -0.293041 0.946987 0.131692 -0.924974 -0.315658 0.211618 -0.241970 0.059799 -0.968439
-0.406746 -3.264708 -7.281984 103.582940 -0.099687 0.993708 -0.051050 0.453006 0.091005 0.886851 -0.885917 -0.065281 0.459227
0.046381 -4.403716 18.173095 8.962957 -0.137534 0.972909 -0.185828 0.341557 0.222688 0.913098 -0.929743 -0.062111 0.362931
-0.082821 -4.579126 -6.085043 -5.303506 -0.126006 0.986437 -0.105189 0.328157 0.141512 0.933963 -0.936181 -0.083167 0.341538
-0.521954 -1.071148 -2.214058 174.544359 0.092367 0.963218 0.252349 0.549626 -0.260646 0.793709 -0.830289 -0.065385 0.553485
-0.546607 -0.887418 10.108193 193.346629 -0.085412 0.994591 -0.059106 0.540973 0.096111 0.835530 -0.836692 -0.039389 0.546256
3.151327 -2.660858 149.290646 22.683414 0.569779 -0.127141 0.811903 0.235394 0.971813 -0.013013 -0.787364 0.198532 0.583647
5.230169 -2.465414 125.137663 28.227623 0.522579 -0.048923 0.851186 0.221859 0.971762 -0.080356 -0.823219 0.230835 0.518677
4.018215 -2.361384 156.245182 22.696259 0.576604 -0.082613 0.812836 0.250754 0.964754 -0.079825 -0.777593 0.249849 0.576997
5.778424 -2.094366 105.604331 14.288277 0.498725 -0.040518 0.865813 0.247719 0.963905 -0.097583 -0.830607 0.263146 0.490760
-3.717573 -7.648943 23.018912 -7.062400 -0.074944 0.812795 0.577710 0.337831 -0.524384 0.781595 -0.938218 -0.253744 0.235288
-3.379126 -7.338741 5.996973 0.099586 -0.089882 0.892477 0.442048 0.184958 -0.421166 0.887924 -0.978627 -0.161569 0.127215
-3.578260 -7.661335 23.386822 -12.736840 -0.134468 0.859643 0.492881 0.162111 -0.471613 0.866776 -0.977568 -0.196455 0.075941
-3.380330 -7.008574 -7.813398 0.996811 -0.045144 0.859189 0.509663 0.296220 -0.475725 0.828214 -0.954052 -0.188362 0.233033
-3.391359 -7.215843 5.221469 -7.311949 0.016677 0.766535 0.641986 0.435867 -0.583429 0.685296 -0.899856 -0.268392 0.343837
3.927250 -12.390946 -132.184061 9.507551 -0.220212 0.975374 -0.012356 0.079993 0.030682 0.996323 -0.972167 -0.218414 0.084779
-1.336374 -19.493552 -8.480976 776.258877 0.871399 -0.326169 -0.366440 0.475242 0.375970 0.795482 0.121691 0.867329 -0.482629
1.284999 -9.528115 13.482185 -171.658868 0.762358 -0.453525 -0.461656 0.618891 0.302402 0.724933 0.189169 0.838372 -0.511221
-1.720126 -8.879263 -53.892058 145.199296 0.882752 -0.330112 -0.334329 0.441964 0.341971 0.829291 0.159427 0.879819 -0.447773
-8.155303 -48.997132 -62.583172 2228.741313 0.960587 -0.195684 -0.197434 0.258476 0.367412 0.893420 0.102288 0.909239 -0.403511
-4.910524 -16.193512 -99.403544 722.175071 0.991156 -0.132303 -0.010265 0.057869 0.361321 0.930644 0.119418 0.923008 -0.365782
-0.379499 -5.321294 -37.670700 172.568399 0.756257 -0.643317 0.119245 0.608927 0.758723 0.231402 -0.239338 -0.102388 0.965523
-0.419576 -10.260806 112.853219 550.962653 -0.331381 0.940907 0.069861 0.936034 0.318563 0.149525 -0.118434 -0.114942 0.986287
0.172659 -5.187904 163.805052 163.451577 -0.669365 0.739762 -0.068575 0.707307 0.662787 0.245825 -0.227302 -0.116043 0.966886
0.750667 -2.748046 51.179282 24.368693 -0.383265 0.890168 -0.246391 -0.143435 -0.320887 -0.936193 0.912433 0.323469 -0.250666
-0.379836 -2.221185 -12.476472 3.199311 -0.377809 0.877676 -0.294866 -0.110878 -0.359066 -0.926703 0.919220 0.317423 -0.232973
-0.541116 -2.058298 5.338957 22.983992 -0.395107 0.882770 -0.254179 -0.178576 -0.345221 -0.921375 0.901111 0.318652 -0.294041
4.061239 -3.233025 192.266925 48.568488 -0.413597 0.894020 -0.172236 -0.199529 -0.273580 -0.940926 0.888328 0.354798 -0.291535
2.521342 -3.488232 151.798535 27.431936 -0.412290 0.862898 -0.292273 -0.083487 -0.355242 -0.931039 0.907219 0.359457 -0.218503
1.176368 -2.463095 80.813992 41.059651 -0.396922 0.906275 -0.145324 -0.236550 -0.253987 -0.937835 0.886847 0.337871 -0.315192
-1.037594 -2.351135 -30.005437 25.918500 0.288556 -0.353219 0.889928 0.397534 0.889762 0.224254 -0.871035 0.289067 0.397163
-1.497182 -2.269185 36.896546 -8.670863 -0.033220 0.760650 -0.648311 0.530872 0.563026 0.633385 -0.846801 0.323129 0.422512
-1.009284 -1.868680 -31.239206 18.107431 0.172735 -0.551880 0.815838 0.492445 0.765726 0.413717 -0.853030 0.330292 0.404038
-0.578391 -1.927252 -13.450661 29.180662 0.302883 -0.292299 0.907096 0.391925 0.905797 0.161016 -0.868710 0.306745 0.388910
-0.353632 -2.764622 -20.418422 26.688641 0.361259 -0.146321 0.920914 0.269996 0.961719 0.046889 -0.892521 0.231704 0.386936
2.464076 -5.377182 106.525931 21.630179 -0.058271 0.951566 0.301872 -0.132373 0.292351 -0.947105 0.989486 0.095148 -0.108926
1.973349 -5.533809 97.720377 8.767250 -0.062313 0.953803 0.293900 -0.025635 0.292846 -0.955816 0.997727 0.067094 -0.006202
0.673524 -5.469631 88.223556 12.070674 -0.082980 0.947697 0.308196 -0.089748 0.300899 -0.949424 0.992502 0.106443 -0.060085
1.054444 -5.012810 92.660343 26.689502 -0.086572 0.946403 0.311171 -0.200156 0.289452 -0.936032 0.975932 0.143316 -0.164370
2.132808 -13.291978 11.278831 -44.106058 0.188449 0.981493 -0.034038 0.902425 -0.159386 0.400280 -0.387447 0.106149 0.915760
2.594644 -12.555468 3.117825 107.881506 0.137298 0.990376 -0.017428 0.872001 -0.112504 0.476400 -0.469855 0.080606 0.879056
2.525357 -14.011330 3.754161 125.370055 0.166192 0.984650 -0.053335 0.829371 -0.110317 0.547699 -0.533408 0.135258 0.834974
2.510696 -14.577953 10.053813 114.201850 0.207514 0.973503 -0.096072 0.729530 -0.088579 0.678188 -0.651708 0.210821 0.728582
2.123108 -13.964239 14.464233 98.327838 0.229196 0.970548 -0.074197 0.864494 -0.167933 0.473759 -0.447346 0.172727 0.877523
2.744953 -13.951370 -3.683494 67.266187 0.139463 0.987893 -0.067946 0.672970 -0.044222 0.738346 -0.726403 0.148697 0.670990
-1.788210 -12.337829 4.581237 59.066945 0.273444 0.957379 -0.093027 0.950324 -0.283842 -0.127743 0.148704 0.053475 0.987435
-1.505901 -12.180932 0.894764 74.824318 0.276001 0.954746 -0.110832 0.949271 -0.288848 -0.124302 0.150691 0.070902 0.986035
-1.680195 -12.887398 -8.609374 57.774483 -0.283276 -0.952926 0.108103 0.958232 -0.276615 0.072628 -0.039306 0.124161 0.991483
-2.054916 -12.714453 -8.591972 50.057832 -0.263742 -0.962690 0.060573 0.963794 -0.260448 0.057161 -0.039252 0.073455 0.996526
-1.555246 -15.996541 51.115155 -405.203350 0.198654 0.979636 -0.029155 0.496918 -0.126318 -0.858555 0.844754 -0.156068 0.511892
-0.094995 -11.733443 -5.185400 -360.221682 0.174990 0.980074 0.093981 0.648770 -0.042981 -0.759770 0.740592 -0.193924 0.643364
-0.266075 -9.806244 43.575319 -366.138434 0.192294 0.981256 0.012603 0.692093 -0.126500 -0.710637 0.695723 -0.145374 0.703446
-1.736887 -14.186681 74.890664 -536.579912 0.252379 0.961657 -0.107334 0.624122 -0.246546 -0.741409 0.739444 -0.120127 0.662414
-0.509528 -8.808175 80.321995 -342.781623 0.226373 0.972761 -0.049906 0.710952 -0.200035 -0.674191 0.665810 -0.117138 0.736869
0.395722 -7.345988 20.354617 -11.873684 -0.229179 0.972308 0.045750 0.908014 0.196618 0.369935 -0.350696 -0.126323 0.927930
0.844281 -7.116393 18.705353 2.072197 -0.209277 0.976631 0.048931 0.880249 0.166359 0.444394 -0.425869 -0.136073 0.894494
0.282572 -7.566396 -2.182074 -34.481513 -0.135934 0.986912 0.086756 0.922921 0.094308 0.373260 -0.360193 -0.130808 0.923661
2.878939 -15.734125 58.865715 149.641208 0.420144 0.894740 -0.151393 -0.440968 0.347112 0.827684 -0.793112 0.280987 -0.540389
3.528044 -16.479960 19.888499 274.627097 0.342626 0.909325 -0.236084 -0.385416 0.365226 0.847387 -0.856774 0.199346 -0.475604
3.639548 -17.466296 15.996468 165.782458 0.363006 0.911303 -0.194304 -0.604430 0.389001 0.695229 -0.709148 0.134928 -0.692028
2.758982 -17.621368 48.259310 77.336849 0.409889 0.906596 -0.100377 -0.627837 0.360248 0.689958 -0.661673 0.219785 -0.716856
1.330533 -19.692856 -37.782051 -147.073102 -0.050046 0.996127 -0.072295 -0.775058 0.006918 0.631853 -0.629906 -0.087655 -0.771710
0.516119 -19.087922 -23.986121 -212.010684 -0.047597 0.996827 -0.063805 -0.888880 -0.013130 0.457952 -0.455661 -0.078512 -0.886684
0.838218 -18.065869 -30.042280 -111.825447 -0.022597 0.997692 -0.064026 -0.908266 0.006276 0.418345 -0.417782 -0.067606 -0.906029
1.022744 -20.736845 -29.495440 -221.040497 -0.083014 0.993821 -0.073674 -0.720087 -0.008714 0.693829 -0.688900 -0.110649 -0.716361
0.829920 -3.141975 14.404418 36.932158 -0.004227 0.858950 -0.512041 0.102902 -0.508954 -0.854621 0.994683 0.056303 0.086236
0.447531 -3.200871 20.578917 37.280271 -0.039256 0.905006 -0.423584 0.079623 -0.419730 -0.904150 0.996052 0.069221 0.055583
1.064188 -2.606406 11.657894 19.210264 0.002795 0.843484 -0.537148 0.062767 -0.536239 -0.841729 0.998024 0.031362 0.054441
1.482973 -2.920796 22.272324 24.763915 0.021699 0.833304 -0.552390 0.100997 -0.551520 -0.828025 0.994650 0.037822 0.096129
0.283771 -35.526817 -55.537909 808.485848 -0.341780 0.896098 -0.283188 0.916126 0.250508 -0.312983 -0.209523 -0.366407 -0.906557
0.522644 -30.451113 -19.201429 353.816524 -0.283487 0.913221 -0.292682 0.958557 0.278864 -0.058335 0.028346 -0.297089 -0.954429
0.768068 -30.018181 -13.520024 465.168622 -0.310367 0.908218 -0.280736 0.944573 0.327887 0.016486 0.107022 -0.260059 -0.959643
0.269986 -44.287670 -43.910177 1255.308769 -0.341902 0.907583 -0.243712 0.928456 0.286180 -0.236792 -0.145163 -0.307235 -0.940497
1.818520 -4.601490 38.200796 15.821100 0.415002 0.898451 -0.143384 0.701419 -0.416318 -0.578525 0.579470 -0.139517 0.802963
1.006314 -3.833619 46.302158 -19.126400 0.404917 0.890429 -0.207794 0.667191 -0.443126 -0.598746 0.625219 -0.103804 0.773515
0.150818 -4.594715 -9.736804 -35.442151 0.291431 0.956011 -0.033332 0.710051 -0.239539 -0.662154 0.641011 -0.169305 0.748626
-15.911329 -261.938390 -4032.765753 11125.009221 0.765986 -0.351533 -0.538229 0.313708 0.935189 -0.164343 0.561118 -0.042962 0.826620
-49.479056 -665.193734 -3939.145539 10370.920243 0.921253 -0.168882 -0.350388 -0.272734 -0.922740 -0.272335 0.277325 -0.346452 0.896137
-60.842677 -115.451515 -6892.135735 -983.697639 0.538100 -0.263375 -0.800676 0.815642 0.402246 0.415843 0.212546 -0.876830 0.431268
-29.316281 -55.826011 -648.176906 2160.564633 -0.826247 0.419870 0.375532 0.394487 0.907175 -0.146332 -0.402114 0.027236 -0.915184
-15.237474 -53.538859 -330.865375 2071.818987 -0.951274 0.203153 0.231962 0.195943 0.979129 -0.053964 -0.238084 -0.005883 -0.971227
-21.333304 -44.478657 -592.911380 1396.335198 -0.907955 0.285969 0.306332 0.126697 0.884096 -0.449802 -0.399457 -0.369589 -0.838951
-12.215889 -40.607583 354.711569 1230.300075 0.980030 -0.104513 -0.169167 0.024542 0.907804 -0.418676 -0.197328 -0.406163 -0.892240
-15.760864 -40.173384 420.047886 -745.380654 0.962063 -0.118484 -0.245758 -0.126260 0.605165 -0.786024 -0.241855 -0.787234 -0.567247
-29.133665 -44.872489 754.700570 -425.773012 0.870048 -0.467984 -0.154945 0.106944 0.486008 -0.867386 -0.481227 -0.738097 -0.472899
-1.257442 -7.665291 4.105395 45.613470 -0.028107 0.999518 -0.013156 -0.011358 -0.013479 -0.999845 0.999540 0.027953 -0.011732
-1.423832 -8.675718 -1.526027 4.854090 0.011518 0.999924 -0.004393 0.063908 -0.005120 -0.997943 0.997889 -0.011214 0.063962
-1.374956 -7.931931 0.543381 22.539399 -0.013974 0.995916 -0.089196 -0.089300 -0.090091 -0.991922 0.995907 0.005895 -0.090195
-1.115569 -6.940780 7.020163 20.512405 -0.053009 0.987175 -0.150587 -0.129063 -0.156307 -0.979240 0.990219 0.032473 -0.135694
-0.981759 -6.380968 18.043601 42.779670 -0.073561 0.991499 -0.107328 -0.079634 -0.113116 -0.990385 0.994106 0.064307 -0.087278
-0.938370 -7.091887 23.789453 59.407119 -0.075895 0.996920 0.019781 0.020445 0.021390 -0.999562 0.996906 0.075458 0.022005
-8.009603 -13.431660 -35.813570 342.117028 0.169699 0.820647 0.545656 -0.404425 0.562907 -0.720816 0.898690 0.098355 -0.427415
-4.551231 -13.128245 -186.599535 428.285187 0.252645 0.894642 0.368491 -0.494351 0.446739 -0.745681 0.831737 -0.006229 -0.555134
-3.507695 -11.096833 -186.586432 378.890244 0.244183 0.935761 0.254412 -0.616974 0.352320 -0.703714 0.748143 -0.014869 -0.663371
-4.601627 -9.913754 -12.570669 -46.270152 0.855092 -0.337866 0.393273 -0.303223 0.289390 0.907915 0.420563 0.895601 -0.145006
-5.236179 -10.539013 -60.492065 -34.933924 0.872563 -0.367127 0.322260 -0.302796 0.111200 0.946546 0.383338 0.923500 0.014136
-6.088907 -10.802762 -59.074917 -50.418094 0.819868 -0.494765 0.288138 -0.248283 0.146246 0.957584 0.515918 0.856633 0.002939
-1.859826 -7.097904 36.184480 -23.777035 0.135187 0.989504 0.051060 -0.798196 0.078229 0.597297 -0.587033 0.121503 -0.800393
-1.715130 -7.404660 114.216744 -17.228972 0.137227 0.982982 0.122129 -0.652929 -0.002953 0.757413 -0.744884 0.183680 -0.641412
0.035017 -7.185384 164.046086 -13.592025 0.185010 0.976161 0.113498 -0.638490 0.031603 0.768981 -0.747062 0.214736 -0.629116
-2.253090 -7.486938 43.185993 -17.798738 0.104617 0.991740 0.074211 -0.698474 0.020151 0.715351 -0.707947 0.126673 -0.694813
-0.798463 -6.744883 -5.929296 -12.482097 -0.107013 0.992001 -0.066952 -0.986771 -0.097718 0.129364 -0.121787 -0.079910 -0.989334
-0.748856 -6.703487 3.192459 11.819756 -0.153631 0.986831 -0.050618 -0.944663 -0.131654 0.300466 -0.289845 -0.093977 -0.952449
-0.685506 -6.302335 3.902274 -4.683570 -0.126213 0.991149 -0.041153 -0.975401 -0.116436 0.187179 -0.180731 -0.063765 -0.981463
-0.844800 -6.923623 -1.127626 5.910228 -0.129030 0.988838 -0.074504 -0.973279 -0.111891 0.200522 -0.189947 -0.098387 -0.976852
-0.794009 -6.712951 2.028984 -10.947579 -0.095822 0.994391 -0.044762 -0.993861 -0.093079 0.059811 -0.055309 -0.050219 -0.997206
-0.811293 -7.150607 1.393388 -19.138339 -0.065006 0.995870 -0.063388 0.997823 0.064160 -0.015285 -0.011155 -0.064244 -0.997872
-0.912640 -7.335717 1.153660 0.704650 -0.089141 0.992802 -0.079994 0.994462 0.084225 -0.062857 -0.055667 -0.085154 -0.994811
-1.874981 -9.448046 11.979516 -16.764910 -0.075792 0.976803 0.200280 0.997079 0.076150 0.005930 -0.009459 0.200144 -0.979721
0.342476 -5.768959 -5.125920 9.136216 0.214533 0.973652 -0.077316 0.976657 -0.214720 0.005984 -0.010775 -0.076795 -0.996989
-2.320732 -14.589406 6.125211 -35.799133 0.004144 0.994956 -0.100225 0.916022 0.036425 0.399470 -0.401106 0.093463 0.911251
-2.291161 -13.390581 19.887844 -26.408013 0.042947 0.989212 -0.140052 0.846417 0.038449 0.531131 -0.530786 0.141353 0.835635
-2.482091 -13.796599 -1.983409 -39.229657 -0.008121 0.994124 -0.107940 0.800542 0.071148 0.595038 -0.599222 0.081579 0.796416
-2.517302 -13.295961 -12.719411 -42.181867 -0.029641 0.995344 -0.091716 0.655078 0.088648 0.750342 -0.754979 0.037841 0.654656
-2.485195 -14.025800 0.024176 -47.991934 -0.035432 0.997241 -0.065238 0.804920 0.067167 0.589570 -0.592325 0.031622 0.805078
1.480033 -12.745181 0.586992 19.082889 -0.101108 0.994874 0.001651 0.097542 0.008262 0.995197 -0.990082 -0.100784 0.097877
1.276906 -12.327663 14.889313 89.468988 -0.095349 0.995407 0.008543 0.328175 0.023331 0.944329 -0.939792 -0.092844 0.328892
1.147717 -12.469415 -26.058870 58.904753 -0.144693 0.989427 0.009906 0.209133 0.020796 0.977666 -0.967123 -0.143533 0.209930
0.809916 -11.963034 -32.776336 87.062384 -0.168304 0.985394 0.025933 0.318747 0.029509 0.947381 -0.932778 -0.167714 0.319057
0.792248 -12.189016 -33.457712 -2.105224 -0.161149 0.986917 0.005039 0.092196 0.009970 0.995691 -0.982614 -0.160919 0.092596
4.252317 -41.410333 31.907898 -1387.757294 0.057251 0.955440 0.289579 -0.816176 0.211836 -0.537570 0.574959 0.205571 -0.791936
-0.787342 -5.977190 113.917651 5.437402 0.201864 0.974170 0.101215 -0.627270 0.049226 0.777245 -0.752186 0.220387 -0.621004
-0.254223 -5.987763 116.329889 -1.316101 0.252266 0.966877 0.038870 -0.523601 0.102610 0.845762 -0.813759 0.233709 -0.532143
1.102220 -6.368855 142.130120 -0.267227 0.224952 0.970213 0.089905 -0.585377 0.060807 0.808477 -0.778929 0.234497 -0.581620
-1.083443 -6.016090 89.197894 16.959918 0.093976 0.976613 0.193378 -0.749984 -0.058296 0.658882 -0.654746 0.206949 -0.726966
0.723000 -6.360838 128.819059 11.128348 0.171044 0.975133 0.140923 -0.690564 0.016631 0.723080 -0.702755 0.220995 -0.676237
1.027321 -68.160967 21.541363 1772.834127 -0.298700 0.929892 0.214663 -0.807675 -0.126496 -0.575899 0.508370 0.345399 -0.788834
2.981035 -97.180944 -56.302003 1409.649419 -0.223272 0.937646 0.266401 -0.462247 0.138767 -0.875826 0.858183 0.318691 -0.402441
0.797243 -102.875357 59.938758 -4303.733188 -0.209567 0.929922 0.302202 0.972357 0.165651 0.164563 0.102971 0.328336 -0.938932
3.351458 -69.634137 -15.062017 900.014956 -0.332777 0.925707 0.179796 -0.531671 -0.026709 -0.846530 0.778836 0.377298 -0.501060
133.951813 -1444.062542 2853.545457 117103.641687 -0.450717 0.889586 0.074105 -0.782327 -0.353662 -0.512726 0.429906 0.289069 -0.855348
0.048186 -134.233691 -35.006317 -7106.774580 -0.335945 0.917948 0.210978 0.935770 0.299809 0.185605 0.107123 0.259780 -0.959708
0.307042 -4.697940 8.428362 -47.370854 -0.149580 0.967043 -0.206045 0.239695 0.237639 0.941315 -0.959256 -0.091414 0.267341
0.422271 -4.505429 35.404343 -23.897217 -0.145858 0.955620 -0.255961 0.282782 0.288206 0.914862 -0.948029 -0.061059 0.312269
0.117699 -3.921266 39.637658 33.543682 -0.149243 0.953287 -0.262623 0.369325 0.300117 0.879505 -0.917238 -0.034266 0.396863
4.538755 -2.685571 127.583685 12.982164 0.530077 -0.072128 0.844876 0.174577 0.984313 -0.025498 -0.829784 0.161012 0.534354
5.310479 -2.522264 8.845386 16.813939 0.395101 0.005645 0.918621 0.171561 0.981934 -0.079823 -0.902476 0.189138 0.386994
6.143625 -2.252173 10.533752 16.876629 0.396618 -0.003464 0.917977 0.222794 0.970458 -0.092597 -0.890538 0.241246 0.385672
-1.091438 -4.183740 -50.505838 -23.548280 0.150462 0.977900 -0.145163 -0.559082 0.205267 0.803301 -0.815346 0.039708 -0.577611
-1.932591 -4.764456 -50.022148 -29.620531 0.211736 0.958503 -0.190892 -0.513055 0.275255 0.813025 -0.831831 0.074209 -0.550046
-1.715580 -4.434283 -58.289434 4.192739 0.099637 0.993322 -0.058167 -0.601129 0.106675 0.792000 -0.792916 0.043947 -0.607744
-2.153968 -11.884905 -12.235592 -68.793677 0.084161 0.992607 -0.087457 -0.921430 0.110935 0.372372 -0.379321 -0.049246 -0.923954
-2.147632 -12.751617 -20.629472 -58.257119 0.055298 0.993048 -0.103911 -0.840082 0.102519 0.532684 -0.539633 -0.057838 -0.839911
-2.417434 -12.881650 -2.830580 -60.956581 0.099399 0.992468 -0.071605 -0.819974 0.122465 0.559146 -0.563704 -0.003136 -0.825971
-2.330166 -13.453326 -15.361927 -13.943345 0.055089 0.994381 -0.090397 -0.687475 0.103432 0.718804 -0.724115 -0.022547 -0.689310
-2.523700 -13.803097 -1.302131 -46.330088 0.124098 0.990129 -0.065152 -0.663511 0.131624 0.736497 -0.737803 0.048169 -0.673295
-6.082993 -9.036509 -20.418096 15.152310 0.241044 0.964432 0.108487 -0.262712 -0.042770 0.963926 -0.934281 0.260849 -0.243058
-5.865344 -9.454593 -15.968139 22.663819 0.171654 0.982964 0.065708 -0.377269 0.003975 0.926095 -0.910057 0.183757 -0.371524
-5.760272 -9.228835 -13.486550 12.037683 0.142699 0.985951 0.086814 -0.217947 -0.054257 0.974451 -0.965472 0.157974 -0.207143
-5.940444 -8.996560 -11.584382 -1.067991 0.231145 0.964528 0.127507 -0.101073 -0.106541 0.989158 -0.967655 0.241526 -0.072861
-6.200710 -8.834911 -23.022738 15.943316 0.326446 0.935873 0.132574 -0.152303 -0.086345 0.984555 -0.932865 0.341595 -0.114349
1.446363 -9.372397 0.200129 -11.690047 -0.678244 0.479020 0.557248 0.725085 0.313125 0.613355 0.119321 0.820056 -0.559706
1.355756 -17.884098 8.152837 -508.477420 0.803546 -0.463896 -0.372980 0.548603 0.334027 0.766460 0.230972 0.820504 -0.522901
0.324254 -24.085267 80.347084 463.503578 0.880611 0.096679 -0.463871 -0.417599 -0.304250 -0.856179 0.223907 -0.947674 0.227553
-1.907892 -28.715087 159.935840 627.868993 0.878850 0.195477 -0.435214 -0.310536 -0.458155 -0.832863 0.362201 -0.867112 0.341947
-1.871354 -27.961342 100.862070 389.913271 0.861956 0.086713 -0.499513 -0.481993 -0.165358 -0.860430 0.157209 -0.982414 0.100736
0.233116 -22.357546 54.386810 -37.456167 0.800449 0.044170 -0.597772 -0.592057 -0.097374 -0.799992 0.093543 -0.994267 0.051791
-5.605170 -7.193753 -69.403535 37.386744 0.124414 0.991721 -0.031806 0.733683 -0.070368 0.675839 -0.668005 0.107419 0.736363
-4.597272 -7.193991 -45.174761 39.610837 0.057003 0.998224 0.017296 0.699907 -0.052310 0.712316 -0.711956 0.028499 0.701646
-3.816946 -6.539915 -101.641120 -18.999317 -0.166916 0.970475 -0.174117 0.770330 0.238585 0.591328 -0.615411 0.035425 0.787410
-5.273262 -8.014825 -53.413860 66.751578 0.163968 0.982155 0.092118 0.618632 -0.175116 0.765917 -0.768381 0.068599 0.636306
-6.021160 -6.882160 -69.896698 -1.293857 -0.015605 0.981874 -0.188893 0.814197 0.122135 0.567597 -0.580379 0.144939 0.801345
-6.156519 -7.765428 -59.435487 66.463174 0.278719 0.959096 0.049498 0.645415 -0.225229 0.729870 -0.711164 0.171481 0.681791
-7.021777 -7.646112 -59.795445 48.002549 0.372871 0.927855 -0.007161 0.667952 -0.263053 0.696163 -0.644055 0.264362 0.717848
-0.043032 -2.273384 -22.232770 -12.204292 -0.381640 0.833904 -0.398691 -0.039264 -0.445576 -0.894383 0.923477 0.325679 -0.202792
-0.332038 -2.085711 -26.695924 -0.018112 -0.388443 0.818779 -0.422746 -0.086877 -0.489269 -0.867795 0.917368 0.300362 -0.261186
-2.035789 -3.104509 33.379699 -52.869821 0.204407 0.940747 -0.270579 0.515043 0.131702 0.846986 -0.832436 0.312490 0.457604
-2.178515 -4.407062 26.357795 -59.344684 0.331337 0.942787 -0.037001 0.515320 -0.147977 0.844126 -0.790355 0.298757 0.534867
-1.582719 -3.728263 36.564548 -60.007150 0.338118 0.936394 -0.094034 0.504156 -0.095854 0.858276 -0.794671 0.337606 0.504499
-2.552206 -4.074823 22.759399 -60.229340 0.241450 0.963138 -0.118610 0.510699 -0.022184 0.859474 -0.825160 0.268093 0.497229
-1.255598 -2.670669 42.347307 -49.953627 0.260956 0.932901 -0.248187 0.507878 0.085963 0.857129 -0.820952 0.349722 0.451368
0.175829 -2.510652 -21.448671 -16.310260 -0.388791 0.809142 -0.440604 -0.071164 -0.503173 -0.861251 0.918574 0.303491 -0.253211
0.352612 -2.587045 -14.644353 0.358983 -0.409379 0.741051 -0.532215 -0.088509 -0.612841 -0.785233 0.908061 0.274352 -0.316474
-0.044721 -2.210334 -36.392337 7.778614 -0.394828 0.746187 -0.536019 -0.080086 -0.609150 -0.789001 0.915258 0.268592 -0.300269
2.388358 -12.025278 7.324145 -40.921631 0.127473 0.991823 0.006190 0.908198 -0.119229 0.401199 -0.398656 0.045520 0.915970
2.662583 -12.497504 -1.368541 139.552168 0.091622 0.995790 0.002702 0.857287 -0.080258 0.508544 -0.506620 0.044277 0.861032
-1.191741 -12.876682 -18.629162 100.649555 -0.282632 -0.948976 0.139872 0.956223 -0.290268 -0.037167 0.075871 0.123245 0.989472
1.439449 -7.210283 17.703183 12.748073 -0.298197 0.954312 0.019143 0.817223 0.244895 0.521702 -0.493179 -0.171214 0.852913
-0.104938 -7.462445 -71.540861 -60.688144 0.512974 0.833590 -0.204902 0.828805 -0.418826 0.371036 0.223473 -0.360156 -0.905730
-0.479945 -7.757404 -73.849520 125.502632 0.382859 0.892785 -0.237389 0.910203 -0.320618 0.262171 0.157951 -0.316447 -0.935368
-0.925085 -6.706070 -40.015463 -20.935821 0.502565 0.844047 -0.187120 0.841115 -0.427317 0.331550 0.199884 -0.324015 -0.924695
-1.102218 -8.834837 -71.754157 -215.081909 0.544967 0.815347 -0.195502 0.809582 -0.451029 0.375701 0.218149 -0.363019 -0.905885
3.823689 -18.177957 -35.593754 206.471390 0.313969 0.914075 -0.256693 -0.592262 0.399872 0.699520 -0.742058 0.067598 -0.666919
-0.006336 -17.673447 -40.213684 10.674982 0.024679 0.996423 -0.080826 -0.969306 0.043633 0.241954 -0.244615 -0.072374 -0.966916
0.286437 -18.330399 -13.433744 -278.556027 -0.100959 0.993114 -0.059433 -0.879870 -0.061244 0.471252 -0.464367 -0.099870 -0.879994
-0.161827 -15.915447 -16.178200 -84.656394 -0.043600 0.996838 -0.066426 -0.956687 -0.022503 0.290247 -0.287835 -0.076203 -0.954644
0.188892 -4.038352 16.923643 68.268987 -0.029464 0.910618 -0.412197 0.134233 -0.405036 -0.904393 0.990512 0.081978 0.110301
-0.320087 -4.606501 25.004334 88.501022 -0.077148 0.962545 -0.259913 0.118701 -0.249968 -0.960950 0.989928 0.104987 0.094971
0.172769 -32.325616 -3.698188 323.725347 -0.287860 0.917025 -0.276045 0.901984 0.162754 -0.399919 -0.321808 -0.364109 -0.873993
0.323489 -32.369146 -9.861979 298.229325 -0.252862 0.920370 -0.298296 0.964586 0.215896 -0.151537 -0.075069 -0.326050 -0.942367
-0.642716 -4.897499 62.721487 -48.615418 0.398520 0.914861 -0.064900 0.575129 -0.194155 0.794689 -0.714429 0.354025 0.603538
-0.971131 -4.302321 45.191349 -57.179976 0.379806 0.922607 -0.067408 0.527676 -0.156222 0.834957 -0.759806 0.352691 0.546171
-1.324402 -5.298748 38.039237 -47.859008 0.411231 0.911307 -0.020207 0.574250 -0.241790 0.782160 -0.707902 0.333252 0.622750
0.203588 -3.582839 69.067295 -53.987567 0.366855 0.924039 -0.107562 0.517134 -0.106451 0.849259 -0.773298 0.367179 0.516904
0.694194 -4.560964 80.265231 -55.391567 0.362203 0.926657 -0.100579 0.571965 -0.135760 0.808965 -0.735979 0.350538 0.579188
0.401119 -21.787352 -22.338768 52.353225 0.120240 0.983639 -0.134152 -0.773029 0.177555 0.609016 -0.622871 -0.030475 -0.781730
0.605820 -20.755961 -22.406132 103.896202 0.093116 0.989402 -0.111415 -0.564777 0.144644 0.812469 -0.819974 0.012729 -0.572260
0.118128 -19.963135 -5.011263 105.579219 0.091352 0.989374 -0.113110 -0.625170 0.145391 0.766827 -0.775124 -0.000662 -0.631808
-42.997002 -994.532930 -4380.980532 -63326.996482 0.380111 0.356429 -0.853507 0.462827 0.725641 0.509152 0.800816 -0.588561 0.110860
-85.110455 -2359.263417 -900.111130 244606.133525 0.852977 -0.512309 -0.099848 -0.318210 -0.662057 0.678545 0.413730 0.547010 0.727741
81.521891 -273.639713 -4141.417796 17259.110140 -0.000509 0.164307 -0.986409 -0.698570 0.705759 0.117919 0.715542 0.689135 0.114420
-0.937581 -49.403145 765.679130 1436.303232 -0.457374 -0.219256 -0.861821 -0.562771 0.821742 0.089607 0.688548 0.525991 -0.499234
102.279799 -107.697697 6741.712307 -5146.622228 0.123869 0.815886 -0.564790 0.954513 0.057601 0.292553 0.271223 -0.575337 -0.771638
36.705320 -129.684373 -637.519465 -6496.354732 0.653160 0.111148 -0.749018 0.749561 0.045424 0.660375 0.107423 -0.992765 -0.053643
-13.786585 -48.241899 -186.186491 -1035.353754 0.930376 0.081697 -0.357388 -0.352629 -0.067190 -0.933348 0.100265 -0.994390 0.033703
-7.617812 -47.811954 238.830581 1808.532600 0.994351 -0.020692 -0.104107 0.001458 0.983384 -0.181529 -0.106133 -0.180352 -0.977859
-6.724163 -27.519561 -220.390224 1236.874627 -0.978585 -0.066913 0.194663 -0.041050 0.990132 0.133987 -0.201708 0.123127 -0.971676
-1.356493 -8.541790 6.374938 22.668117 0.003215 0.996217 -0.086846 -0.105895 -0.086019 -0.990650 0.994372 -0.012382 -0.105218
-10.097862 -12.841122 47.271840 225.152725 0.033630 0.820811 0.570210 -0.328669 0.547882 -0.769287 0.943846 0.161539 -0.288200
-8.835853 -11.916087 139.196487 52.861397 -0.212605 0.972904 0.090869 -0.228026 0.041029 -0.972790 0.950159 0.227541 -0.213125
-7.002966 -11.119679 -7.173508 79.788633 -0.315970 0.944945 -0.085096 -0.262867 -0.173370 -0.949128 0.911627 0.277527 -0.303174
-4.369519 -8.856052 13.095303 -9.760063 0.830890 -0.311979 0.460750 -0.223342 0.571424 0.789679 0.509647 0.759041 -0.405112
-4.303425 -9.390733 8.931622 -35.999369 0.845114 -0.314690 0.432149 -0.274071 0.439009 0.855661 0.458985 0.841571 -0.284765
-6.650195 -13.088100 375.366007 -250.534311 -0.025373 0.991010 0.131362 0.993275 0.010144 0.115334 0.112964 0.133405 -0.984603
-7.542016 -16.100966 674.139947 -810.536556 -0.327197 0.933729 0.145231 -0.857785 -0.229010 -0.460173 0.396418 0.275144 -0.875870
-7.023773 -31.216865 -155.729749 -1538.562283 0.081377 0.981933 -0.170835 -0.750498 -0.052418 -0.658791 0.655844 -0.181822 -0.732673
-11.675650 -33.171332 -337.446364 -1493.182302 0.040326 0.958794 -0.281226 -0.853769 -0.113155 -0.508208 0.519089 -0.260596 -0.814025
-12.849181 -47.188097 -289.939045 -2546.374674 0.164454 0.952786 -0.255251 -0.733830 -0.054739 -0.677124 0.659127 -0.298667 -0.690181
-0.671091 -6.204715 13.874899 42.244512 -0.155059 0.987814 -0.013453 -0.940056 -0.143349 0.309427 -0.303728 -0.060626 -0.950828
-0.619702 -6.886135 0.110764 1.356831 -0.171976 0.983601 -0.054342 -0.903742 -0.135581 0.406039 -0.392012 -0.118940 -0.912239
-0.838707 -6.962139 5.942461 17.225115 -0.146929 0.986714 -0.069336 -0.936468 -0.116191 0.330949 -0.318496 -0.113557 -0.941098
-0.120709 -7.715762 82.101345 38.360677 0.046650 0.954697 0.293899 0.986221 -0.090769 0.138311 0.158722 0.283397 -0.945777
-0.901036 -7.862609 51.301173 -66.038207 0.052320 0.962204 0.267255 -0.967632 0.115009 -0.224636 0.246882 0.246852 -0.937077
0.843767 -8.873432 9.284748 -163.642109 -0.028175 0.991169 -0.129577 0.994831 0.040455 0.093138 0.097557 -0.126283 -0.987185
0.539827 -7.851878 8.025086 132.198536 0.119177 0.986246 -0.114520 0.992065 -0.122938 -0.026339 -0.040055 -0.110472 -0.993072
0.867422 -7.394274 -3.128888 -23.644503 0.023946 0.989735 -0.140894 0.998641 -0.017156 0.049208 0.046286 -0.141881 -0.988801
-2.085252 -14.175067 8.535830 -27.227371 0.043871 0.990570 -0.129797 0.935285 0.004945 0.353861 -0.351165 0.136921 0.926248
1.531608 -12.759716 13.721344 99.080649 -0.082658 0.996491 0.013151 0.227338 0.006006 0.973797 -0.970302 -0.083482 0.227036
-0.955499 -7.016999 4.955334 -29.798775 0.137313 0.989600 0.042863 0.684637 -0.063547 -0.726109 0.715834 -0.129049 0.686242
-1.171325 -7.996325 12.545147 -158.159564 0.106846 0.990524 0.086291 0.648105 -0.003567 -0.761543 0.754019 -0.137293 0.642344
-0.756104 -8.317911 48.168959 -144.869896 0.070682 0.995436 0.064112 0.602542 0.008614 -0.798040 0.794951 -0.095037 0.599184
-0.568205 -7.650039 12.018053 -42.276914 0.108618 0.993033 0.045692 0.642490 -0.035053 -0.765492 0.758557 -0.112502 0.641821
-0.591183 -7.675418 -8.462731 82.140319 0.175896 0.984368 0.008988 0.709116 -0.120368 -0.694742 0.682799 -0.128576 0.719203
-0.499791 -10.824439 -25.401851 -7.301004 -0.101615 0.985069 0.138972 0.663836 -0.036903 0.746967 -0.740943 -0.168158 0.650175
-0.374413 -11.042296 -21.086689 11.442942 -0.123855 0.985863 0.112843 0.565559 -0.023308 0.824378 -0.815355 -0.165923 0.554677
1.177404 -6.274772 135.628339 -6.780943 0.268051 0.963114 0.023672 -0.458084 0.105800 0.882590 -0.847530 0.247423 -0.469547
-3.715966 -16.907660 128.960096 77.340926 -0.269997 0.947546 0.171051 0.960737 0.276909 -0.017470 -0.063919 0.159618 -0.985107
-1.807295 -15.171755 49.978807 103.140075 -0.191339 0.972482 0.132926 -0.923118 -0.224315 0.312309 -0.333532 0.062949 -0.940635
-0.808305 -16.961957 59.595184 3.543784 -0.211371 0.963674 0.163261 -0.935012 -0.248023 0.253450 -0.284736 0.099079 -0.953472
-1.086503 -19.401834 88.818410 -45.734774 -0.391072 0.905642 0.163935 0.920258 0.382115 0.084347 0.013746 0.183848 -0.982859
0.319134 -4.884861 3.204624 -44.253448 -0.131675 0.978577 -0.158268 0.204081 0.182999 0.961698 -0.970058 -0.094332 0.223806
