15577
31138
-5.750294 -7.905138 20.099589 196.737764 -0.663400 0.710686 -0.234150 0.295199 0.536117 0.790845 -0.687574 -0.455526 0.565454
-6.211296 -8.849291 66.153700 114.115314 -0.468424 0.878533 0.093590 0.450779 0.146548 0.880524 -0.759854 -0.454647 0.464671
-7.497556 -11.725616 53.298590 354.405230 0.674479 -0.396303 0.622914 -0.127891 0.768250 0.627245 -0.727132 -0.502729 0.467485
-4.402380 -7.015761 25.527432 113.511105 -0.355597 0.900931 0.248744 0.632123 0.035788 0.774041 -0.688456 -0.432483 0.582225
-4.250889 -11.316821 190.316233 380.138519 0.772313 -0.409308 0.485798 -0.011809 0.755361 0.655202 -0.635133 -0.511758 0.578542
-4.214502 -7.014470 116.142266 198.252426 0.761681 -0.549417 0.343487 0.200354 0.703836 0.681522 -0.616198 -0.450284 0.646177
2.099676 -1.873058 -47.629645 14.956832 0.992152 -0.028880 -0.121658 0.041793 0.993598 0.104962 0.117848 -0.109223 0.987007
-0.597955 -1.874564 -318.313161 230.289807 0.652929 0.757373 -0.008385 0.743027 -0.642631 -0.186912 0.146951 -0.115810 0.982341
-1.623452 -3.898112 3.997595 218.707552 0.444235 0.895901 0.003990 0.886417 -0.438877 -0.147145 0.130076 -0.068903 0.989107
-3.197924 -7.913842 429.156980 548.489442 0.792424 -0.546954 -0.270012 0.514887 0.837131 -0.184671 0.327042 0.007313 0.944982
0.735206 -10.382348 286.179344 539.886381 0.741598 -0.629572 -0.231672 0.611777 0.776386 -0.151501 0.275248 -0.029379 0.960924
-5.759367 -9.749635 32.377256 -17.669608 0.823468 -0.515173 0.237692 -0.477682 -0.403477 0.780401 0.306138 0.756176 0.578340
-5.595129 -9.734992 28.442962 19.934436 0.842125 -0.500682 0.200356 -0.484894 -0.540401 0.687637 0.236015 0.676228 0.697863
-5.305492 -9.928777 5.081552 -2.189014 0.794048 -0.575937 0.194381 -0.489416 -0.416108 0.766372 0.360498 0.703669 0.612283
-5.415054 -9.792856 4.329328 -40.255543 0.781424 -0.583822 0.220292 -0.444262 -0.272612 0.853413 0.438187 0.764745 0.472395
-5.706868 -9.437888 22.422594 -35.983666 0.817038 -0.515072 0.259133 -0.442942 -0.272984 0.853980 0.369122 0.812515 0.451185
1.952466 -12.085590 87.305698 116.772657 -0.226484 0.962381 0.150093 0.953630 0.187733 0.235257 -0.198229 -0.196415 0.960274
4.308133 -13.004733 195.760693 12.038687 -0.057049 0.978236 0.199498 0.947166 -0.010141 0.320584 -0.315631 -0.207247 0.925973
0.794805 -11.674666 61.387914 -20.893163 -0.168176 0.971920 0.164588 0.893212 0.079617 0.442531 -0.417001 -0.221435 0.881520
0.398980 -10.402728 26.577971 129.579207 -0.311064 0.943595 0.113439 0.929574 0.277233 0.242969 -0.197815 -0.181029 0.963378
-0.639688 -10.969452 17.921445 -115.709962 -0.166267 0.973116 0.159373 0.795689 0.036936 0.604578 -0.582438 -0.227332 0.780439
-0.515093 -11.164184 23.599735 12.392948 -0.228595 0.965473 0.124921 0.874076 0.147048 0.462999 -0.428644 -0.215030 0.877512
-3.559732 -23.028157 -12.803483 -662.958991 -0.568719 0.777186 -0.269334 0.804936 0.593237 0.012154 0.169225 -0.209884 -0.962970
-3.804224 -15.656595 5.887924 -483.112543 -0.581571 0.776785 -0.241619 0.812901 0.543570 -0.209100 -0.031089 -0.318019 -0.947574
-3.519918 -23.562006 -17.414145 -756.798829 -0.550570 0.805250 -0.220104 0.828200 0.559958 -0.023062 0.104678 -0.194987 -0.975204
-3.792866 -14.341242 12.949971 -501.108294 -0.559709 0.805794 -0.193447 0.824390 0.517674 -0.228898 -0.084302 -0.287592 -0.954036
-4.004498 -22.233497 -34.842218 -857.251414 -0.531822 0.830675 -0.164758 0.846850 0.522393 -0.099751 0.003208 -0.192575 -0.981277
-3.069809 -26.666083 -22.372397 406.760159 -0.560017 0.788726 -0.253559 -0.717052 -0.614741 -0.328527 0.414991 0.002165 -0.909823
-0.783125 -6.937709 -1.271243 19.807558 -0.606877 0.772573 -0.186631 0.757651 0.633286 0.157842 -0.240135 0.045611 0.969667
-0.962608 -7.161479 26.672867 149.888414 -0.612558 0.761042 -0.213513 0.737631 0.647459 0.191564 -0.284029 0.040150 0.957975
-0.873416 -7.154701 -5.266318 155.276711 -0.616755 0.766111 -0.180797 0.741518 0.642535 0.193133 -0.264129 0.014948 0.964371
-6.286184 -7.782892 -51.028500 -74.853165 -0.185600 0.724228 0.664114 0.699518 -0.377269 0.606913 -0.690092 -0.577202 0.436589
-5.895387 -6.885439 -34.454555 -66.846772 -0.212169 0.679670 0.702163 0.653614 -0.435455 0.619005 -0.726480 -0.590277 0.351852
-5.480206 -7.570588 127.758272 -42.688397 0.464316 -0.745109 -0.478772 0.633103 -0.098793 0.767737 -0.619348 -0.659585 0.425860
1.001239 -13.653182 -30.438466 -292.402882 0.745631 -0.638618 0.190268 -0.540251 -0.412205 0.733632 0.390081 0.649811 0.652367
0.530531 -14.178516 -22.708480 -78.685470 0.754567 -0.630811 0.180851 -0.610430 -0.573584 0.546239 0.240840 0.522571 0.817873
0.586146 -14.753353 9.286159 -149.632691 0.774209 -0.612025 0.161323 -0.569628 -0.562656 0.599117 0.275905 0.555736 0.784241
1.014108 -13.221297 -44.477140 -66.142900 0.736755 -0.646397 0.198402 -0.628942 -0.547413 0.552060 0.248243 0.531516 0.809856
1.109162 -14.120174 6.903945 -284.048372 0.756659 -0.627074 0.185054 -0.522050 -0.409069 0.748416 0.393613 0.662903 0.636890
1.673237 -12.358618 -10.489097 -260.752251 0.686198 -0.699338 0.200145 -0.574348 -0.352049 0.739044 0.446381 0.622083 0.643239
-0.333928 -21.528465 -29.073738 153.949603 0.758679 -0.644517 0.094891 -0.191481 -0.359840 -0.913154 -0.622689 -0.674621 0.396416
-0.408294 -18.913212 -21.177345 426.410728 0.764829 -0.636547 0.099219 0.030476 -0.118089 -0.992535 -0.643512 -0.762143 0.070919
-0.066401 -20.914887 14.596620 272.739065 0.782584 -0.617476 0.079280 -0.111736 -0.264597 -0.957864 -0.612435 -0.740751 0.276064
-0.050057 -22.235439 14.937723 -64.000352 0.777238 -0.626107 0.062384 -0.333243 -0.493716 -0.803239 -0.533713 -0.603519 0.592380
-0.302161 -22.706942 30.583655 151.570938 -0.750629 0.654437 -0.090925 0.380016 0.540194 0.750852 -0.540503 -0.529058 0.654182
-0.706856 -8.450758 -29.256099 58.845552 0.744592 -0.643339 0.178040 0.503047 0.365481 -0.783178 -0.438779 -0.672710 -0.595763
-0.382291 -8.728911 -24.570272 79.918771 0.737966 -0.651275 0.176765 0.491822 0.339697 -0.801696 -0.462078 -0.678562 -0.570997
-0.471593 -7.944824 -69.452537 44.673012 0.725236 -0.664337 0.180800 0.550832 0.402315 -0.731250 -0.413058 -0.629919 -0.657712
7.344199 -5.100818 540.069761 151.253972 0.330228 -0.132094 -0.934612 0.943251 0.082916 0.321561 0.035018 -0.987763 0.151979
12.244368 -1.706892 98.831766 160.799082 -0.028586 -0.188812 -0.981597 0.987820 0.144922 -0.056644 0.152950 -0.971261 0.182369
6.046304 -5.171267 -473.403517 170.986348 -0.390265 -0.250403 -0.885997 0.918978 -0.047070 -0.391490 0.056326 -0.966997 0.248484
-0.787423 -3.902534 12.226939 -25.653786 0.419795 -0.428522 0.800088 -0.028502 0.874866 0.483526 -0.907172 -0.225786 0.355050
0.045040 -3.737680 -53.409412 -10.177287 0.391503 -0.446897 0.804368 0.033335 0.880460 0.472948 -0.919573 -0.158347 0.359600
1.734076 -4.036360 -218.656713 24.105980 0.361164 -0.518659 0.774954 0.045199 0.839807 0.541000 -0.931406 -0.160363 0.326751
-0.958722 -12.276898 18.875631 -245.726302 0.702169 -0.658302 0.271289 0.495888 0.178729 -0.849795 -0.510934 -0.731228 -0.451942
-0.599221 -12.524689 43.978575 -231.111184 0.705034 -0.642866 0.299415 0.510478 0.166972 -0.843524 -0.492279 -0.747558 -0.445890
-0.722516 -10.127912 19.010553 -9.978679 0.736137 -0.643295 0.210413 0.383238 0.139922 -0.912990 -0.557880 -0.752724 -0.349537
-0.735749 -9.470549 4.560371 -5.555586 0.735566 -0.651909 0.184278 0.367706 0.155734 -0.916809 -0.568978 -0.742133 -0.354263
-1.340435 -11.681302 -0.857756 -230.786320 0.706567 -0.663260 0.246674 0.476510 0.188232 -0.858782 -0.523164 -0.724330 -0.449049
-1.201894 -8.786259 -16.167671 -41.092490 -0.615461 0.757270 -0.218519 0.597474 0.629082 0.497273 -0.514036 -0.175493 0.839624
-0.957510 -7.276866 12.283839 60.329881 -0.610220 0.760595 -0.221647 0.677850 0.646079 0.350858 -0.410062 -0.063856 0.909819
-0.888871 -7.296830 16.951373 21.846042 -0.590860 0.775511 -0.222412 0.674112 0.626028 0.391998 -0.443235 -0.081685 0.892676
-0.844198 -7.004988 27.842371 129.347319 -0.584775 0.778957 -0.226416 0.746974 0.625922 0.224167 -0.316335 0.038040 0.947885
1.042025 -26.136744 -7.344566 -99.241317 -0.402140 0.650724 -0.644082 0.838306 -0.021164 -0.544789 -0.368139 -0.759020 -0.536995
0.790392 -30.312493 -30.038825 -502.476627 -0.371243 0.646526 -0.666471 0.918319 0.149462 -0.366540 -0.137365 -0.748108 -0.649204
0.790945 -31.697261 -42.468587 -471.649690 -0.364097 0.636907 -0.679546 0.926767 0.175380 -0.332181 -0.092390 -0.750727 -0.654120
0.906846 -34.589817 6.613424 -496.774908 -0.394911 0.661625 -0.637415 0.882480 0.080237 -0.463456 -0.255489 -0.745530 -0.615557
1.041099 -32.466144 1.271046 45.842264 -0.393544 0.683893 -0.614340 0.736193 -0.165781 -0.656153 -0.550584 -0.710498 -0.438235
1.809836 -35.737589 -79.327303 -580.944846 -0.307500 0.711073 -0.632313 0.951535 0.226336 -0.208213 -0.004939 -0.665693 -0.746209
2.258058 -49.698226 -128.868006 -1461.459206 -0.283361 0.701579 -0.653829 0.905537 0.420219 0.058461 0.315767 -0.575502 -0.754380
4.900181 -62.510895 -191.339491 -2230.893391 -0.326721 0.689533 -0.646373 0.928034 0.363516 -0.081302 0.178906 -0.626419 -0.758678
-0.806316 -17.614911 -78.465536 -228.010407 0.613555 -0.709093 0.347472 0.770374 0.440874 -0.460601 0.173418 0.550288 0.816768
-1.239042 -45.331050 -111.392642 2099.918513 0.709446 -0.644327 0.285532 -0.644276 -0.428736 0.633319 0.285647 0.633268 0.719290
0.412509 -48.844570 -42.644251 -1733.480731 0.653471 -0.690434 0.310284 0.696795 0.388535 -0.602924 0.295722 0.610198 0.734988
0.089375 -20.755142 -54.512091 -73.450859 0.542153 -0.749330 0.380230 0.834097 0.425121 -0.351504 0.101748 0.507717 0.855494
-0.688860 -15.365582 -73.103323 152.217519 0.496103 -0.765810 0.409166 0.867543 0.418004 -0.269521 0.035369 0.488680 0.871746
0.589388 -2.914674 -17.850779 -4.540047 0.672820 -0.692904 0.259225 -0.654755 -0.394601 0.644659 0.344396 0.603469 0.719178
0.680357 -3.275105 -17.555535 34.513001 0.652672 -0.705349 0.276592 0.690552 0.403625 -0.600187 0.311702 0.582726 0.750515
0.283645 -2.907684 -31.784392 36.228962 0.660798 -0.694437 0.284786 0.680365 0.393982 -0.617966 0.316938 0.602110 0.732813
-0.033762 -2.885572 -42.347287 -10.677456 0.651603 -0.696747 0.299928 0.681707 0.364454 -0.634388 0.332698 0.617832 0.712457
-0.426685 -2.971622 -46.954132 11.485585 0.624747 -0.709520 0.325996 0.715349 0.352731 -0.603205 0.312997 0.610051 0.727922
-0.290299 -3.380066 -25.978508 39.947446 0.632055 -0.709757 0.311048 0.719592 0.388617 -0.575469 0.287564 0.587556 0.756363
1.393450 -40.421191 -2.583296 1605.178272 -0.632647 0.742626 -0.219692 -0.737600 -0.664252 -0.121307 0.236017 -0.085301 -0.967998
1.129586 -47.554637 0.050728 -1739.572567 -0.615119 0.755188 -0.226539 0.777178 0.629148 -0.012946 0.132750 -0.184024 -0.973916
1.772246 -23.536973 25.678430 -495.839077 -0.638599 0.737987 -0.218095 0.768990 0.622682 -0.144641 0.029061 -0.260081 -0.965149
1.179070 -46.734862 -80.167104 1761.520309 -0.577422 0.789778 -0.206964 -0.797040 -0.600226 -0.066757 0.176948 -0.126412 -0.976068
9.717513 -64.143048 -303.446362 2839.083307 -0.295020 0.902728 -0.313121 0.751902 0.421549 0.506893 -0.589582 0.085893 0.803128
7.271341 -25.435536 -174.807343 902.052816 -0.345203 0.901485 -0.261073 0.845001 0.419588 0.331540 -0.408421 0.106158 0.906599
7.963929 -62.781369 -223.252860 2503.209298 -0.381279 0.899435 -0.213642 0.684058 0.429942 0.589249 -0.621845 -0.078525 0.779194
-3.264693 -6.818898 121.655080 226.633482 -0.327241 0.907674 -0.262755 0.943617 0.299178 -0.141704 -0.050011 -0.294312 -0.954400
-3.787276 -8.773256 131.412832 432.967120 0.901526 0.412366 -0.131170 -0.431767 0.877374 -0.209266 -0.028791 -0.245293 -0.969021
-4.455082 -9.828782 -40.631569 -267.481620 0.613015 0.728822 -0.305010 0.780756 -0.617931 0.092631 -0.120964 -0.294922 -0.947834
-1.926784 -9.989675 126.129252 279.525434 -0.029084 0.953395 -0.300321 0.982852 -0.027455 -0.182339 -0.182087 -0.300474 -0.936248
-0.513529 -12.600972 -26.226350 301.761968 -0.220536 0.918171 -0.329129 0.955126 0.134883 -0.263706 -0.197734 -0.372517 -0.906715
-1.116526 -10.425393 -53.712309 315.361770 -0.394826 0.871409 -0.291132 0.917892 0.360390 -0.166112 -0.039831 -0.332813 -0.942151
-0.845285 -6.358968 -56.202016 171.169288 -0.642615 0.728665 -0.236840 0.762694 0.637848 -0.107000 0.073101 -0.249396 -0.965639
-1.249975 -8.114452 2.559968 22.039526 -0.622970 0.700234 -0.348683 0.145076 0.541437 0.828130 -0.768675 -0.465314 0.438887
-1.451258 -9.327246 -0.449240 -44.962614 -0.626163 0.725368 -0.285939 0.242149 0.529518 0.813004 -0.741136 -0.439833 0.507212
-1.459361 -8.758618 10.355144 -98.417999 -0.604136 0.738203 -0.300126 0.215914 0.514175 0.830064 -0.767073 -0.436670 0.470020
-1.112111 -7.110580 10.961441 -20.044540 -0.604412 0.688936 -0.400066 0.124159 0.577493 0.806899 -0.786938 -0.438028 0.434581
-1.326123 -8.387549 3.737844 -114.779518 -0.584126 0.760065 -0.284777 0.259734 0.507446 0.821606 -0.768983 -0.405955 0.493828
-6.246342 -9.413099 41.821841 25.364991 0.883167 -0.326893 0.336387 -0.194166 0.398043 0.896583 0.426984 0.857148 -0.288067
-6.472744 -9.319068 61.294447 42.881484 0.911851 -0.267628 0.311291 -0.217144 0.329085 0.918995 0.348390 0.905582 -0.241963
-6.171462 -9.276395 44.872961 34.052694 0.885449 -0.325051 0.332148 -0.251864 0.265008 0.930771 0.390570 0.907806 -0.152783
-5.883054 -9.433107 0.000723 41.871711 0.850538 -0.400202 0.341210 -0.251348 0.260573 0.932162 0.461963 0.878601 -0.121038
0.135819 -10.130845 20.807758 146.516405 -0.416635 0.701625 -0.578047 0.881363 0.155956 -0.445957 -0.222745 -0.695270 -0.683363
0.594737 -11.996383 54.531655 41.419177 -0.310308 0.713743 -0.627917 0.867200 -0.058067 -0.494563 -0.389452 -0.697996 -0.600940
4.066748 -10.443331 241.143073 198.446982 -0.310230 0.724817 -0.615140 0.932935 0.107748 -0.343544 -0.182727 -0.680463 -0.709634
0.978078 -8.698117 27.414523 195.483323 -0.517277 0.671964 -0.529989 0.850238 0.332899 -0.407767 -0.097572 -0.661545 -0.743530
10.938390 -3.191095 475.735109 -171.644952 -0.341252 0.709831 0.616188 0.382607 0.703670 -0.598715 0.858579 -0.031445 0.511715
4.850207 -4.928053 -133.463473 -95.289482 -0.163039 0.941693 0.294336 0.405257 0.335918 -0.850250 0.899547 0.019342 0.436395
5.051979 -5.509014 -312.034188 -137.021531 0.321044 -0.697741 -0.640381 0.287658 0.716071 -0.635999 0.902321 0.019973 0.430601
7.855368 -4.776058 -104.559271 -57.949244 -0.219876 0.966911 0.129373 0.444607 0.217370 -0.868951 0.868320 0.133541 0.477690
12.650055 -5.352501 -785.549330 -190.589141 0.380566 -0.511219 -0.770600 0.260072 0.858837 -0.441317 0.887430 -0.032461 0.459798
19.576664 -0.445821 -697.982389 -134.086488 0.440203 -0.683809 -0.581916 0.389607 0.729364 -0.562347 0.808967 0.020828 0.587485
21.228949 -1.507877 -856.761505 -212.025911 0.323511 -0.489196 -0.809956 0.368498 0.853544 -0.368337 0.871522 -0.179305 0.456398
16.463358 -4.331653 -743.767883 -145.907565 0.321992 -0.482080 -0.814813 0.281769 0.870445 -0.403647 0.903840 -0.099618 0.416112
-0.089949 -7.318838 32.483726 -23.739072 -0.721514 0.571766 -0.390515 0.504253 0.820413 0.269537 0.474496 -0.002444 -0.880254
-0.106708 -7.119633 -3.401109 -36.279170 -0.711685 0.566365 -0.415614 0.528488 0.821422 0.214399 0.462822 -0.067062 -0.883911
-0.127915 -7.040119 8.048730 -38.768562 -0.720393 0.569941 -0.395223 0.561746 0.813693 0.149485 0.406787 -0.114327 -0.906341
-3.020958 -21.552534 39.448077 72.848273 0.916536 -0.397048 0.048105 0.115722 0.148133 -0.982174 -0.382844 -0.905764 -0.181717
-4.346736 -23.503364 83.750750 192.674255 0.916990 -0.394945 0.056112 0.062759 0.003919 -0.998021 -0.393944 -0.918696 -0.028380
-4.000100 -21.769231 17.683476 61.938109 0.887072 -0.447994 0.111377 0.152592 0.056853 -0.986653 -0.435682 -0.892227 -0.118793
-0.205343 -16.166904 5.286293 -61.221540 -0.704842 0.568465 -0.424319 0.608818 0.791769 0.049426 0.364059 -0.223495 -0.904163
-0.301990 -16.185539 26.008912 -27.747232 -0.715148 0.564356 -0.412389 0.606401 0.794366 0.035497 0.347621 -0.224687 -0.910316
-0.388630 -16.061956 -35.113799 30.955113 0.744098 -0.536763 0.397749 0.633787 0.755441 -0.166203 0.211264 -0.375759 -0.902315
-0.133857 -15.376121 33.158626 -5.159357 0.728634 -0.524576 0.440354 0.641519 0.747910 -0.170537 0.239886 -0.406755 -0.881479
-1.266015 -5.740722 -24.753357 1.840399 -0.471626 0.852108 -0.226895 -0.807866 -0.520669 -0.276145 0.353443 -0.053063 -0.933950
-0.896100 -6.045777 -5.589447 -64.045476 -0.414055 0.889788 -0.191926 -0.782013 -0.455633 -0.425270 0.465848 0.025997 -0.884483
-0.758920 -5.991733 -38.398417 6.361973 -0.475705 0.841185 -0.257122 -0.793309 -0.536564 -0.287680 0.379955 -0.067126 -0.922566
-1.367805 -5.404519 27.797861 -21.544013 -0.446067 0.880224 -0.161955 -0.820652 -0.474470 -0.318447 0.357147 0.009140 -0.934003
-1.032139 -6.255183 -49.976657 64.480054 -0.538007 0.797293 -0.273627 -0.802016 -0.584083 -0.124972 0.259460 -0.152218 -0.953682
-1.547272 -5.768262 12.364446 30.076571 -0.528182 0.823339 -0.207695 -0.808609 -0.562357 -0.172934 0.259182 -0.076604 -0.962786
0.935127 -4.564369 47.488831 -27.798824 -0.563201 0.714597 0.414917 0.350110 -0.248465 0.903155 -0.748483 -0.653924 0.110252
2.492222 -4.512246 69.831629 -55.959254 -0.509837 0.631928 0.583724 0.475639 -0.358326 0.803349 -0.716822 -0.687219 0.117882
1.482905 -3.668514 56.386826 -46.351683 -0.540418 0.669408 0.509747 0.373306 -0.352182 0.858260 -0.754050 -0.654111 0.059568
2.215331 -16.890384 -40.401181 -191.529423 -0.483568 0.874224 -0.043530 -0.866125 -0.485087 -0.120493 0.126454 0.020565 -0.991759
2.322803 -21.868062 -17.301645 -358.242860 -0.514940 0.857185 0.008439 -0.856899 -0.514990 0.022558 -0.023682 -0.004385 -0.999710
2.651095 -18.714589 -47.284336 318.949201 -0.513083 0.857689 -0.033400 0.857584 0.510613 -0.061831 -0.035977 -0.060368 -0.997528
2.239278 -16.745607 -24.437757 145.658061 -0.507146 0.860513 -0.048166 0.861427 0.507871 0.003327 0.027325 -0.039805 -0.998834
2.206081 -0.708705 -94.926539 22.896799 0.872895 -0.438601 0.213736 -0.036415 0.378280 0.924975 0.486547 0.815189 -0.314227
1.824708 -0.912735 -81.718941 13.430121 0.877674 -0.425251 0.221022 -0.040589 0.393563 0.918401 0.477537 0.815027 -0.328160
2.754808 -0.914707 -57.119926 26.949118 0.841383 -0.428599 0.329207 -0.124941 0.438384 0.890061 0.525799 0.790014 -0.315300
2.956381 -0.253601 -55.787875 32.427445 0.862568 -0.471735 0.182875 -0.010910 0.344027 0.938896 0.505824 0.811857 -0.291600
-1.184285 -79.635611 124.545982 -3823.006831 -0.528244 0.836567 0.145303 0.729960 0.534843 -0.425560 0.433724 0.118734 0.893189
48.906337 -421.651857 -1893.615705 -21246.117820 -0.282896 0.949023 0.139013 0.941244 0.302558 -0.150061 0.184471 -0.088393 0.978855
-3.060127 -39.172412 357.102963 -2159.511367 -0.590695 0.791280 0.157971 0.794068 0.604825 -0.060353 0.143301 -0.089789 0.985598
-36.105741 -74.350258 822.150747 -3888.918406 -0.649732 0.716127 0.254971 0.707243 0.692441 -0.142593 0.278666 -0.087679 0.956377
-4.322467 -17.121286 26.220557 -785.598489 -0.342158 0.921268 0.184914 0.927680 0.362498 -0.089470 0.149457 -0.140929 0.978673
-2.037924 -4.199458 60.264460 -41.630827 -0.409706 0.899942 0.149150 0.124009 -0.107038 0.986491 -0.903749 -0.422667 0.067747
-0.951219 -3.612375 53.309098 -45.559346 -0.382655 0.908866 0.165946 0.118257 -0.129956 0.984442 -0.916292 -0.396326 0.057752
-1.747319 -3.624513 49.459146 -17.301926 -0.410795 0.907482 -0.087882 -0.033544 0.081282 0.996127 -0.911110 -0.412152 0.002950
-1.293933 -3.188777 34.525530 16.140687 -0.376392 0.878301 -0.294816 -0.153150 0.254854 0.954775 -0.913714 -0.404521 -0.038587
-1.953264 -3.947730 49.902321 32.336661 -0.371950 0.833262 -0.409056 -0.223454 0.347339 0.910727 -0.900956 -0.430150 -0.057003
-2.639128 -4.070463 62.627610 -10.298270 -0.438571 0.895482 -0.075946 -0.022948 0.073321 0.997044 -0.898403 -0.439018 0.011607
3.672815 -2.913892 -19.494238 6.595364 0.786503 -0.562007 -0.256049 0.022564 0.440468 -0.897485 -0.617174 -0.700097 -0.359111
3.434019 -2.690076 59.420917 19.639637 0.826062 -0.525646 -0.203269 0.064428 0.446389 -0.892517 -0.559885 -0.724178 -0.402611
3.711395 -2.955329 -21.669702 -6.408567 0.771047 -0.594439 -0.228319 0.089770 0.456443 -0.885213 -0.630419 -0.662044 -0.405301
3.331059 -3.172317 89.897573 13.185916 -0.729755 0.613437 0.301915 -0.033009 -0.472680 0.880616 -0.682911 -0.632668 -0.365190
2.842392 -2.944240 76.132671 5.843188 -0.736197 0.592182 0.327620 0.033596 -0.451521 0.891628 -0.675933 -0.667420 -0.312513
3.130107 -3.002022 -42.302665 9.354360 0.775133 -0.576796 -0.257829 -0.015117 0.391038 -0.920250 -0.631618 -0.717214 -0.294387
0.251571 -5.306188 28.928044 -64.281109 -0.664762 0.740516 -0.098628 -0.243045 -0.339219 -0.908768 0.706414 0.580144 -0.405479
0.433017 -5.644489 5.958051 -70.974381 -0.634340 0.769030 -0.078778 -0.243602 -0.295563 -0.923743 0.733669 0.566777 -0.374824
0.572557 -4.529420 34.987730 -52.225142 -0.681600 0.714352 -0.158505 -0.140279 -0.340167 -0.929843 0.718153 0.611546 -0.332066
-1.055175 -14.771229 -52.134830 -22.318921 0.868357 -0.405941 0.284900 -0.399645 -0.232601 0.886668 0.293667 0.883803 0.364213
-1.344352 -14.473506 -36.453089 -4.754930 0.850170 -0.433995 0.298092 -0.454867 -0.320305 0.830964 0.265154 0.842053 0.469724
-1.702284 -14.032128 -20.574544 -9.977540 0.841828 -0.452032 0.294946 -0.405788 -0.169727 0.898069 0.355896 0.875705 0.326310
-2.033286 -13.154067 -21.591884 -87.295603 0.847733 -0.451687 0.278077 -0.279611 0.064953 0.957914 0.450739 0.889809 0.071234
-1.398215 -13.761501 -42.029923 -67.530935 0.870730 -0.410625 0.270584 -0.305241 -0.019894 0.952067 0.385560 0.911587 0.142662
-0.615352 -1.841026 28.196715 -34.670183 -0.272986 0.474256 0.836994 0.823701 -0.334242 0.458038 0.496986 0.814471 -0.299402
-0.536869 -1.375752 24.881040 -10.822549 -0.498286 0.546615 0.672996 0.721938 -0.168264 0.671188 0.480123 0.820304 -0.310779
-0.471507 -1.499601 11.102355 -36.904347 -0.245174 0.458410 0.854254 0.834574 -0.348586 0.426584 0.493331 0.817526 -0.297113
-0.489425 -2.012122 15.394199 -38.133144 -0.150269 0.416469 0.896645 0.841974 -0.421437 0.336854 0.518169 0.805571 -0.287328
1.722960 -38.832428 -69.762211 287.488013 0.289310 0.954442 -0.073074 0.677800 -0.150352 0.719709 -0.675934 0.257749 0.690419
1.221649 -39.002510 -108.372279 -136.647495 0.278686 0.958525 -0.059692 0.411389 -0.062984 0.909281 -0.867809 0.277961 0.411879
1.101437 -52.717797 -26.217333 -100.801479 0.388669 0.917477 -0.084686 0.684986 -0.226256 0.692534 -0.616223 0.327175 0.716397
1.725449 -46.494910 -59.595498 -662.880750 0.386873 0.920592 -0.053290 0.833418 -0.324337 0.447460 -0.394644 0.217523 0.892715
0.804481 -58.627664 -64.035370 382.483922 0.380762 0.923245 -0.051361 0.886446 -0.348652 0.304395 -0.263124 0.161431 0.951160
0.068179 -4.328651 20.389619 -8.910751 -0.642337 0.649682 -0.406593 -0.061561 -0.572528 -0.817571 0.763946 0.500125 -0.407751
0.488776 -4.361762 36.097170 -28.872875 -0.639428 0.642257 -0.422654 -0.059507 -0.589415 -0.805636 0.766544 0.489995 -0.415108
0.343301 -4.099098 49.836743 8.528641 -0.650584 0.619146 -0.439771 -0.002643 -0.580919 -0.813957 0.759429 0.528385 -0.379573
-8.477323 -10.999992 154.864731 137.699868 -0.596588 0.731898 -0.329256 0.077688 0.461003 0.883991 -0.798779 -0.501799 0.331888
-5.996774 -10.327572 -21.965382 94.176705 -0.495928 0.868360 -0.002321 0.270046 0.156765 0.950000 -0.825306 -0.470505 0.312241
-5.615012 -8.920858 -22.895044 88.786472 -0.334305 0.922371 0.193578 0.458755 -0.020163 0.888334 -0.823276 -0.385780 0.416402
-4.840414 -7.838475 4.503928 88.290895 -0.262331 0.914758 0.307247 0.594630 -0.097526 0.798062 -0.759998 -0.392055 0.518359
-3.267673 -3.936456 -122.862837 -125.378176 -0.464631 0.878992 0.107196 0.867119 0.476178 -0.146148 0.179507 -0.025047 0.983438
0.113614 -4.046175 365.347670 124.485190 -0.540983 -0.840075 -0.040126 0.837429 -0.533639 -0.118077 0.077781 -0.097481 0.992193
-5.209573 -9.747721 6.878609 8.597465 0.821719 -0.551611 0.143190 -0.487519 -0.550275 0.677881 0.295132 0.626836 0.721092
6.745746 -12.611582 -384.737488 209.997366 0.114733 -0.983124 -0.142493 0.989913 0.101146 0.099204 -0.083117 -0.152437 0.984812
14.209858 -13.130110 -660.003918 103.535560 -0.216889 -0.935436 -0.279139 0.960782 -0.255165 0.108573 -0.172789 -0.244644 0.954093
-5.368202 -28.428248 -75.626538 962.911963 -0.549204 0.826953 -0.120517 -0.826193 -0.558966 -0.070441 0.125616 -0.060884 -0.990209
-36.194623 -298.540774 -1146.155515 21629.738359 0.628113 0.754696 -0.189493 0.773247 -0.632603 0.043612 -0.086960 -0.173918 -0.980913
121.278169 -69.503721 7400.919894 -2537.256801 -0.840081 0.530824 -0.111754 0.528625 0.847325 0.050945 0.121735 -0.016278 -0.992429
42.203054 -26.547582 2751.475255 79.567845 -0.853319 0.395808 -0.339386 0.305572 0.907070 0.289569 0.422461 0.143388 -0.894967
-6.068081 -6.977677 8.207668 -113.538032 -0.129352 0.730380 0.670682 0.621053 -0.467600 0.629002 -0.773021 -0.497892 0.393120
-5.730112 -6.160480 -55.649913 35.833866 0.421060 -0.131623 0.897432 -0.419715 0.848840 0.321419 -0.804082 -0.512002 0.302169
-5.797031 -5.976565 -5.340104 49.116675 -0.107826 0.528055 0.842337 -0.638437 0.612704 -0.465825 -0.762084 -0.588006 0.271065
0.445210 -14.566782 -5.435408 159.643135 0.774735 -0.611700 0.160025 -0.622497 -0.693547 0.362616 0.110827 0.380546 0.918097
0.290438 -14.356690 -66.600205 138.324993 0.760696 -0.618041 0.198414 -0.641768 -0.670253 0.372686 0.097347 0.410836 0.906497
-0.530521 -12.589237 10.085465 289.942207 0.760104 -0.634418 0.140560 0.278898 0.123141 -0.952393 -0.586906 -0.763119 -0.270538
-0.436421 -18.323305 -16.262962 491.228355 0.759276 -0.642343 0.104377 0.119093 -0.020530 -0.992671 -0.639778 -0.766142 -0.060911
-0.327292 -18.303288 41.421627 481.316597 0.782635 -0.616730 0.084424 0.112604 0.006881 -0.993616 -0.612212 -0.787145 -0.074831
-0.563896 -17.164474 37.317580 335.056801 0.782580 -0.614074 0.102382 0.078938 -0.065250 -0.994742 -0.617526 -0.786547 0.002590
-0.395054 -12.462291 41.823418 294.660840 0.777328 -0.618902 0.112788 0.249554 0.138783 -0.958364 -0.577481 -0.773110 -0.262329
-0.464007 -11.763307 44.932874 270.566521 0.769706 -0.625884 0.125783 0.270677 0.141511 -0.952212 -0.578175 -0.766971 -0.278334
-0.472371 -7.085550 -3.620064 -24.510058 0.729986 -0.631184 0.262158 0.621641 0.453756 -0.638489 -0.284048 -0.629056 -0.723606
-0.726699 -7.548597 27.841361 -15.541241 0.740710 -0.622987 0.251468 0.612121 0.471568 -0.634769 -0.276869 -0.624109 -0.730638
-0.553645 -7.694124 -3.356919 -82.399268 0.759635 -0.606269 0.235358 0.610105 0.538995 -0.580738 -0.225226 -0.584741 -0.779327
-0.521717 -7.109349 -3.758661 -95.643687 0.766228 -0.594420 0.244048 0.605172 0.539882 -0.585059 -0.216013 -0.595980 -0.773399
17.843832 -1.551560 509.796733 229.885595 0.336134 -0.272922 -0.901403 0.936495 0.198429 0.289141 0.099951 -0.941350 0.322289
25.383353 2.378181 607.209565 108.554896 0.010167 -0.052311 -0.998579 0.983300 0.181992 0.000478 0.181709 -0.981908 0.053288
-0.355054 -14.228667 37.853172 -335.576911 0.704935 -0.632105 0.321729 0.531746 0.170814 -0.829499 -0.469374 -0.755821 -0.456533
-0.445336 -15.205628 47.115058 -285.489687 0.689328 -0.637845 0.343482 0.628996 0.291720 -0.720600 -0.359431 -0.712778 -0.602293
-0.280822 -17.179269 13.786220 -284.667684 0.673584 -0.655141 0.342161 0.672543 0.351284 -0.651372 -0.306545 -0.668872 -0.677230
-0.529478 -17.481233 -43.887663 -127.826954 -0.669118 0.655424 -0.350287 0.720673 0.457209 -0.521144 -0.181416 -0.601149 -0.778273
0.087101 -6.721090 -6.761797 -34.614461 -0.629663 0.775206 -0.050787 0.668273 0.507150 -0.544251 0.396150 0.376635 0.837384
0.026722 -6.347537 -2.465314 -8.148571 -0.636721 0.769582 -0.048257 0.686102 0.536868 -0.490955 0.351923 0.345711 0.869847
0.068890 -7.271747 6.727955 -36.831028 -0.624896 0.777243 -0.073476 0.653092 0.468863 -0.594675 0.427756 0.419597 0.800602
-1.368564 -9.127464 15.648589 59.473287 -0.591164 0.771043 -0.236681 0.460729 0.563685 0.685557 -0.662007 -0.296231 0.688472
-1.096581 -9.126915 4.596152 73.246447 -0.603246 0.764755 -0.226371 0.563536 0.609561 0.557551 -0.564376 -0.208772 0.798682
-1.325069 -9.388598 22.366785 116.666609 -0.572110 0.780589 -0.251736 0.551646 0.593355 0.586188 -0.606941 -0.196495 0.770073
-1.276635 -9.077331 -1.990601 32.481559 -0.617745 0.748743 -0.240365 0.421885 0.573503 0.702216 -0.663629 -0.332384 0.670162
-1.353007 -8.586417 20.179591 -5.105753 -0.563746 0.783591 -0.261105 0.415464 0.542251 0.730311 -0.713849 -0.303230 0.631246
-1.343887 -8.800440 5.850294 -98.818838 -0.602627 0.753511 -0.262798 0.299206 0.518631 0.800936 -0.739809 -0.404035 0.537996
-0.953523 -26.865502 3.143696 240.662192 0.450335 -0.780230 0.434096 0.836050 0.197835 -0.511743 0.313399 0.593382 0.741404
-0.249427 -27.403144 33.856568 196.097738 0.431748 -0.794377 0.427269 0.884808 0.280964 -0.371718 0.175237 0.538540 0.824177
-0.414509 -25.298567 58.249086 -11.621847 0.385995 -0.820835 0.420996 0.821029 0.097596 -0.562483 0.420618 0.562766 0.711600
-0.330255 -32.503038 17.825337 400.551538 0.465986 -0.777953 0.421481 0.884687 0.402349 -0.235464 0.013597 0.482602 0.875734
-0.974127 -23.584413 30.135330 108.962387 0.386166 -0.805709 0.449120 0.740910 -0.019106 -0.671332 0.549479 0.592003 0.589580
-0.801110 -28.204531 33.086624 422.232879 0.474029 -0.781913 0.404856 0.872807 0.356583 -0.333251 0.116209 0.511332 0.851490
-1.307720 -22.625039 21.497374 114.431441 0.397068 -0.797549 0.454151 0.710286 -0.046338 -0.702386 0.581232 0.601472 0.548089
-1.349276 -23.318528 8.869177 187.541796 0.445591 -0.777872 0.443130 0.823077 0.161272 -0.544551 0.352127 0.607377 0.712109
-3.549725 -5.595074 37.294022 17.278530 0.060436 -0.096822 0.993465 0.968508 -0.235147 -0.081835 0.241534 0.967125 0.079562
-3.220915 -5.895102 23.995748 -1.814825 0.180463 -0.118713 0.976392 0.973213 -0.122209 -0.194734 0.142441 0.985379 0.093479
-3.062443 -6.086180 19.297517 10.811835 0.111350 -0.161904 0.980504 0.975235 -0.171920 -0.139140 0.191096 0.971715 0.138751
-3.000230 -6.407340 1.500834 24.923890 0.212240 -0.143807 0.966578 0.974098 -0.047841 -0.221009 0.078025 0.988449 0.129928
-3.175614 -5.551220 34.098322 26.141061 0.021633 -0.129736 0.991313 0.953894 -0.294223 -0.059323 0.299364 0.946890 0.117390
-2.666787 -5.560688 16.845357 22.395081 0.078508 -0.185972 0.979414 0.947696 -0.290955 -0.131212 0.309367 0.938488 0.153402
-2.777343 -6.763550 6.064285 45.838644 0.136694 -0.191160 0.971994 0.985060 -0.077518 -0.153777 0.104743 0.978493 0.177708
-2.705369 -6.180003 14.144398 20.334913 0.078500 -0.205151 0.975577 0.977718 -0.175271 -0.115529 0.194691 0.962909 0.186821
1.284905 -53.725718 -84.937337 1185.952214 -0.277348 0.716923 -0.639609 -0.739885 -0.584061 -0.333831 0.612902 -0.380650 -0.692428
4.037481 -66.751719 -241.965512 1976.449672 -0.270177 0.692855 -0.668548 -0.774468 -0.568925 -0.276629 0.572018 -0.443030 -0.690305
-1.561634 -318.970524 -433.134468 -19288.669397 0.574283 -0.675354 0.462705 0.691727 0.098011 -0.715478 0.437851 0.730952 0.523446
-2.365650 -40.598319 -168.983806 2041.313159 0.709629 -0.652879 0.264907 -0.635356 -0.430446 0.641124 0.304548 0.623270 0.720267
0.687173 -3.088263 0.649611 -12.196007 0.688231 -0.688431 0.228912 -0.636596 -0.421715 0.645679 0.347970 0.590101 0.728490
-0.123651 -17.689604 -10.829356 308.840850 0.718598 -0.693692 0.049081 0.675270 0.712899 0.189172 -0.166217 -0.102796 0.980717
-0.173922 -13.701049 -0.261286 89.910580 -0.691797 0.720848 -0.042366 0.717269 0.692763 0.074867 -0.083317 -0.021405 0.996293
-0.456933 -16.776001 10.992679 248.611307 0.733051 -0.678274 0.050799 0.655473 0.724401 0.213536 -0.181635 -0.123235 0.975614
3.134325 -91.272740 65.155492 4488.497342 -0.635418 0.744422 -0.205133 -0.735935 -0.664264 -0.130971 0.233761 -0.067743 -0.969931
0.774087 -17.622494 -15.924876 562.073442 -0.630921 0.744621 -0.217895 -0.760071 -0.649563 -0.018970 0.155662 -0.153647 -0.975788
1.700702 -71.760334 13.739129 2884.356104 -0.647463 0.727366 -0.227442 -0.674780 -0.685865 -0.272508 0.354207 0.022965 -0.934885
-2.995325 -13.060690 56.505954 633.535560 0.838938 0.500100 -0.214671 -0.542074 0.802920 -0.247943 -0.048367 -0.324376 -0.944691
-1.182225 -9.051210 -2.618501 -22.654376 -0.641518 0.701691 -0.309973 0.139600 0.504122 0.852275 -0.754298 -0.503478 0.421359
-1.350030 -9.630035 -17.394957 -33.605180 -0.650596 0.710316 -0.268656 0.245962 0.531783 0.810376 -0.718490 -0.461148 0.520687
-4.417829 -11.188580 -23.788208 -61.176478 -0.203409 0.764842 -0.611262 0.955162 0.292204 0.047772 0.215152 -0.574137 -0.789985
-4.901286 -11.132909 0.640568 -179.632388 -0.311234 0.695223 -0.647919 0.947930 0.275565 -0.159663 0.067542 -0.663874 -0.744788
-3.977535 -10.032423 -13.359607 -114.046364 -0.398031 0.696634 -0.596885 0.916604 0.328624 -0.227691 0.037534 -0.637735 -0.769340
-5.651071 -12.826127 53.438254 -208.898445 -0.118298 0.756427 -0.643291 0.976114 0.207475 0.064461 0.182227 -0.620300 -0.762903
-3.932252 -10.320382 16.369376 -36.139850 -0.348595 0.765170 -0.541292 0.928822 0.359399 -0.090121 0.125582 -0.534180 -0.835991
-4.309845 -10.635536 7.582514 39.985269 -0.316832 0.780648 -0.538707 0.911122 0.408334 0.055860 0.263580 -0.473129 -0.840639
-5.015685 -11.143240 -15.266604 44.474657 -0.032527 0.820524 -0.570686 0.911558 0.258517 0.319737 0.409884 -0.509813 -0.756364
-4.881726 -10.031832 -15.263179 38.049444 -0.157054 0.830970 -0.533687 0.912571 0.328702 0.243248 0.377556 -0.448824 -0.809943
-6.910771 -9.329475 47.495743 -11.166958 0.932033 -0.245920 0.266154 -0.124531 0.472377 0.872555 0.340304 0.846394 -0.409647
-6.538978 -9.242747 76.176154 -42.628481 0.894922 -0.293864 0.335796 -0.127019 0.553634 0.823016 0.427763 0.779187 -0.458133
-7.098423 -8.863794 45.392527 -60.032918 0.939467 -0.241666 0.242899 -0.043688 0.618631 0.784466 0.339844 0.747591 -0.570625
-7.599709 -9.184551 21.103170 -27.858264 0.975377 -0.184805 0.120359 -0.009694 0.509289 0.860541 0.220330 0.840519 -0.494957
-0.090351 -3.419711 101.131123 -70.470586 0.760146 -0.626839 0.171029 0.450609 0.318940 -0.833804 -0.468113 -0.710880 -0.524900
-1.209500 -3.696867 5.328946 -70.929602 0.740125 -0.657830 0.139553 0.447150 0.326425 -0.832768 -0.502266 -0.678754 -0.535744
-0.844674 -4.571287 75.068225 -63.872298 0.750286 -0.639908 0.166097 0.487137 0.365259 -0.793274 -0.446954 -0.676094 -0.585771
1.425017 -4.622640 168.741557 -55.500777 0.778844 -0.604211 0.168315 0.475863 0.394407 -0.786128 -0.408603 -0.692367 -0.594704
2.137677 -3.707701 160.796392 -61.934098 0.791486 -0.600463 0.113990 0.405535 0.376415 -0.832978 -0.457265 -0.705518 -0.541436
1.199453 -2.699729 152.536956 -62.598428 0.803745 -0.589025 0.083925 0.353904 0.359916 -0.863257 -0.478274 -0.723539 -0.497739
1.816742 -5.974876 -45.841569 -71.377678 -0.187156 0.893098 0.409082 0.301345 0.448560 -0.841419 0.934967 0.034202 0.353081
2.655252 -6.378273 -219.700334 -44.653554 -0.099705 0.985493 0.137338 0.338027 0.163364 -0.926849 0.935840 0.045988 0.349412
5.943401 -6.816905 -193.156439 -35.212778 -0.147651 0.988954 -0.012972 0.376424 0.044061 -0.925399 0.914606 0.141519 0.378771
-0.907210 -10.238626 30.874163 29.746131 0.803961 -0.533311 0.263108 0.116889 -0.292088 -0.949221 -0.583081 -0.793891 0.172490
-0.815614 -9.313392 24.236441 -5.436964 0.795644 -0.571137 0.201873 -0.027340 -0.366771 -0.929909 -0.605147 -0.734358 0.307434
-1.129373 -9.496634 16.387519 90.761624 0.790160 -0.568870 0.228110 0.118543 -0.223305 -0.967513 -0.601327 -0.791532 0.109011
-1.117606 -10.702925 24.617938 -29.578830 0.796766 -0.542273 0.266654 0.167875 -0.225269 -0.959725 -0.580502 -0.809440 0.088453
-0.119540 -7.634143 -4.494127 -41.374264 -0.703178 0.582209 -0.408133 0.536192 0.811194 0.233371 0.466946 -0.054736 -0.882590
-0.287954 -7.556923 -22.313292 -35.172373 -0.700727 0.572100 -0.426243 0.511102 0.819394 0.259553 0.497751 -0.035977 -0.866573
-0.321477 -8.486125 -1.262213 -47.544742 -0.686902 0.609611 -0.395652 0.487791 0.790296 0.370801 0.538726 0.061708 -0.840218
-0.009864 -7.037645 -11.911653 -52.039767 -0.711095 0.559918 -0.425248 0.566423 0.814531 0.125316 0.416544 -0.151758 -0.896359
-0.224833 -8.339630 1.278896 -33.805688 -0.677703 0.622183 -0.391927 0.527852 0.782695 0.329789 0.511948 0.016619 -0.858855
0.070661 -7.173143 -4.373402 -57.545451 -0.707045 0.576863 -0.409044 0.588809 0.800578 0.111258 0.391653 -0.162184 -0.905707
-0.025888 -7.816255 3.932687 -44.513371 -0.686089 0.611183 -0.394637 0.570892 0.788530 0.228700 0.450960 -0.068386 -0.889920
-4.408549 -22.678980 105.796002 84.228658 0.930577 -0.363265 0.045444 -0.051310 -0.252323 -0.966282 -0.362483 -0.896868 0.253445
-2.892560 -24.343129 81.921396 24.551394 0.939592 -0.341273 0.026445 -0.002279 -0.083492 -0.996506 -0.342288 -0.936249 0.079227
-2.317082 -22.430202 106.380473 -248.932803 0.949361 -0.313866 0.014183 -0.132012 -0.439451 -0.888513 -0.285107 -0.841648 0.458632
-3.672618 -20.076144 60.804893 -233.034908 0.922230 -0.386173 0.019054 -0.213834 -0.550480 -0.806999 -0.322130 -0.740164 0.590245
-0.460593 -16.645189 2.316371 24.494797 -0.719651 0.540386 -0.435988 0.608539 0.793238 -0.021288 0.334339 -0.280635 -0.899701
-0.355962 -17.335920 4.877045 -119.082100 -0.700657 0.565638 -0.434896 0.549989 0.816455 0.175821 0.454524 -0.115998 -0.883149
-0.530472 -18.624260 -7.961917 -17.066707 -0.712986 0.537985 -0.449693 0.557387 0.823963 0.102003 0.425406 -0.177926 -0.887340
-0.333999 -19.920270 14.215043 -143.153882 -0.699503 0.568913 -0.432474 0.454899 0.821206 0.344509 0.551146 0.044253 -0.833234
-0.497147 -18.676850 52.407330 90.782444 0.729651 -0.510612 0.454846 0.630188 0.760324 -0.157387 0.265467 -0.401476 -0.876553
-0.293948 -18.362894 -19.575061 34.170494 -0.714923 0.536938 -0.447865 0.587400 0.808670 0.031840 0.379271 -0.240313 -0.893534
-0.378738 -18.767747 -2.834346 -88.648614 -0.700627 0.560230 -0.441887 0.495330 0.827641 0.263930 0.513585 -0.033964 -0.857367
-0.665291 -6.554385 2.176418 -73.725530 -0.455057 0.863647 -0.216882 -0.745051 -0.502669 -0.438431 0.487670 0.037923 -0.872204
-0.262066 -6.097153 -8.497310 -10.702469 -0.301443 0.942407 -0.144916 -0.788127 -0.331812 -0.518417 0.536645 0.042061 -0.842759
-0.909937 -5.467512 -33.087033 5.650227 -0.238851 0.963875 -0.117877 -0.837837 -0.265926 -0.476773 0.490896 0.015116 -0.871087
-1.146527 -5.254784 19.985024 -15.864068 -0.377377 0.916783 -0.130747 -0.840037 -0.398318 -0.368348 0.389774 0.029173 -0.920448
8.537561 -7.193064 169.046934 -118.249419 -0.449964 0.869557 -0.203478 0.536316 0.080932 -0.840128 0.714071 0.487156 0.502773
10.378698 -6.790643 245.131945 -145.693332 -0.455826 0.879677 -0.135612 0.597484 0.189482 -0.779173 0.659724 0.436193 0.611964
7.785914 -7.622117 207.389684 -93.709242 -0.507534 0.836685 -0.205831 0.584520 0.158827 -0.795682 0.633044 0.524149 0.569670
13.747437 -1.761580 236.818955 -23.233277 -0.471610 0.864871 0.171995 0.415568 0.390016 -0.821700 0.777745 0.316046 0.543348
8.707546 -7.507142 130.925776 24.941397 -0.413747 0.888040 -0.200495 0.373911 -0.035038 -0.926802 0.830062 0.458429 0.317551
1.183133 -5.244803 43.798950 -30.491205 -0.561408 0.716761 0.413612 0.393526 -0.208448 0.895370 -0.727983 -0.665434 0.165040
2.204410 -5.436176 63.321945 -56.782685 -0.524758 0.678074 0.514631 0.469399 -0.273843 0.839449 -0.710137 -0.682075 0.174585
1.604488 -6.067644 56.588834 -34.412904 -0.563344 0.719262 0.406577 0.440695 -0.154666 0.884232 -0.698878 -0.677304 0.229846
3.827237 -5.683057 -78.344236 -94.582373 0.491634 -0.595390 -0.635457 0.552475 -0.350801 0.756115 -0.673103 -0.722806 0.156473
3.685403 -6.480775 -75.717434 -63.426139 0.517001 -0.657560 -0.548018 0.553132 -0.231958 0.800150 -0.653264 -0.716805 0.243795
5.537102 -7.085592 72.674922 52.297167 -0.486788 0.830683 -0.270191 -0.029903 -0.324978 -0.945249 0.873008 0.452056 -0.183036
4.166942 -7.285129 93.019589 41.595976 -0.563776 0.776386 -0.281747 -0.092551 -0.398365 -0.912546 0.820726 0.488395 -0.296444
5.072685 -7.310763 45.871499 25.654913 -0.466743 0.845109 -0.260657 -0.133856 -0.358840 -0.923751 0.874204 0.396264 -0.280609
2.407228 -23.755190 107.220942 437.250515 -0.467153 0.876573 0.115701 0.882379 0.470535 -0.002177 -0.056349 0.101075 -0.993282
