18268
36523
-8.639536 -12.399024 -147.963916 346.854105 0.665661 0.533297 0.522006 -0.498005 0.838411 -0.221490 -0.555775 -0.112524 0.823682
-11.642069 -15.252277 -277.431631 -307.490088 0.515340 0.714972 0.472483 0.704602 -0.667320 0.241288 -0.487811 -0.208567 0.847667
-11.786095 -14.993123 -82.323591 -658.567262 0.189287 0.951197 0.243709 0.833206 -0.286919 0.472700 -0.519556 -0.113584 0.846853
-8.507492 -12.807058 18.287410 219.468547 0.711875 0.381714 0.589516 -0.415620 0.905605 -0.084498 -0.566122 -0.184862 0.803325
-8.162714 -12.466676 312.183913 -732.953326 0.194342 0.969683 0.148145 0.789413 -0.244253 0.563176 -0.582287 -0.007499 0.812949
-7.276875 -10.499982 -169.023031 283.369219 0.754579 0.303949 0.581572 -0.274057 0.951237 -0.141565 -0.596242 -0.052562 0.801082
10.962282 -18.818740 510.184760 347.474543 0.639275 0.655821 0.401530 -0.603264 0.103906 0.790744 -0.476865 0.747731 -0.462058
9.289231 -17.307509 601.641182 387.938964 0.677731 0.610013 0.410568 -0.533248 0.023289 0.845638 -0.506288 0.792049 -0.341072
12.210581 -16.868849 339.196278 439.031246 0.611826 0.701415 0.365631 -0.504819 -0.009610 0.863172 -0.608955 0.712689 -0.348208
13.648343 -19.606950 34.740465 487.729021 0.521930 0.801320 0.292363 -0.589500 0.091129 0.802611 -0.616505 0.591255 -0.519941
13.267768 -16.029458 -79.500409 445.542887 0.502428 0.822640 0.266137 -0.463303 -0.003734 0.886192 -0.730011 0.568550 -0.379256
-1.938361 -24.832089 1132.521260 -987.569143 0.891239 0.315083 0.326215 -0.116255 -0.536527 0.835837 -0.438381 0.782854 0.441544
1.756972 -11.678569 109.069613 -389.333842 0.785255 0.548949 0.286408 0.009087 -0.472733 0.881159 -0.619106 0.689332 0.376204
3.737287 -14.909505 436.230297 -1025.189569 0.788124 0.601619 0.130059 0.011409 -0.225543 0.974166 -0.615411 0.766280 0.184620
-1.575402 -68.633685 925.030488 -9938.795603 0.793433 0.285042 0.537787 -0.505751 -0.182843 0.843080 -0.338644 0.940914 0.000914
5.969635 -11.701595 445.764428 -1180.456047 0.747833 0.636584 -0.188432 0.210114 0.042293 0.976762 -0.629760 0.770047 0.102127
10.876309 -7.762838 -293.893356 114.965298 -0.124871 0.984775 0.120935 0.595564 -0.023091 0.802976 -0.793544 -0.172293 0.583613
13.124964 -10.219194 133.178249 153.382008 -0.010398 0.998183 -0.059351 0.577046 0.054464 0.814894 -0.816646 0.025775 0.576563
13.315641 -8.874979 14.740254 228.577817 0.002609 0.999249 0.038670 0.661749 -0.030717 0.749096 -0.749721 -0.023635 0.661332
12.739210 -11.680619 335.090417 231.662447 0.091741 0.987180 -0.130613 0.622159 0.045589 0.781562 -0.777497 0.152963 0.610001
10.784303 -7.134519 -637.200525 97.551688 -0.157860 0.954391 0.253414 0.655059 -0.090820 0.750100 -0.738903 -0.284412 0.610845
13.912982 -8.178293 -172.005601 92.803598 0.001140 0.987086 0.160186 0.716286 -0.112585 0.688665 -0.697806 -0.113954 0.707164
14.941673 -10.284876 444.886253 254.450194 0.131428 0.990197 -0.047282 0.713333 -0.061344 0.698135 -0.688391 0.125483 0.714403
-0.647265 -5.760174 -110.634583 -10.405221 -0.055516 0.920356 0.387121 0.799713 -0.191153 0.569140 -0.597810 -0.341182 0.725408
-2.263314 -5.613924 136.702833 26.460353 -0.149615 0.948130 0.280473 0.754603 -0.073802 0.652018 -0.638898 -0.309198 0.704419
0.451288 -6.135120 -360.409075 -68.118581 -0.141122 0.919535 0.366798 0.743358 -0.146276 0.652704 -0.653837 -0.364773 0.662901
-0.659388 -5.974789 -152.999193 51.415255 -0.175977 0.938394 0.297403 0.712055 -0.087265 0.696679 -0.679713 -0.334366 0.652832
4.358145 -6.646038 -758.953240 -88.241497 -0.060144 0.887709 0.456460 0.789858 -0.237280 0.565529 -0.610334 -0.394552 0.686893
4.128972 -6.146646 -744.843339 -11.492284 -0.189452 0.907944 0.373825 0.700319 -0.141908 0.699582 -0.688230 -0.394334 0.608966
6.237728 -6.615912 -1050.113960 -116.444594 -0.163182 0.896037 0.412904 0.730113 -0.171805 0.661376 -0.663556 -0.409392 0.626173
-2.227479 -11.635390 -25.235060 -55.695301 0.186187 0.854971 0.484106 -0.306671 -0.417534 0.855347 -0.933428 0.307716 -0.184456
-2.522382 -11.286841 39.259648 -106.988793 0.205983 0.816872 0.538786 -0.384522 -0.438737 0.812190 -0.899841 0.374473 -0.223733
-2.751596 -10.737927 25.635067 -167.552109 0.188055 0.837120 0.513679 -0.442495 -0.394710 0.805235 -0.876832 0.378728 -0.296194
-3.142923 -10.151739 74.278839 -107.976403 0.192432 0.852818 0.485460 -0.490305 -0.344972 0.800372 -0.850042 0.392041 -0.351757
-2.121688 -10.808822 -68.351522 -96.909051 0.183799 0.884055 0.429725 -0.379575 -0.339430 0.860645 -0.906720 0.321299 -0.273178
-1.526596 -10.305238 98.059483 82.556524 0.419157 0.874199 0.245117 0.900963 -0.367159 -0.231216 -0.112131 0.317757 -0.941518
-2.699246 -11.200431 71.112179 95.816789 0.393935 0.884036 0.251586 0.892297 -0.302160 -0.335418 -0.220502 0.356622 -0.907854
0.065883 -10.588043 255.602324 88.379692 0.487822 0.837828 0.245099 0.858096 -0.408670 -0.310903 -0.160318 0.361984 -0.918295
-2.544620 -11.019467 -21.059891 99.264881 0.300292 0.919071 0.255213 0.936515 -0.233312 -0.261734 -0.181008 0.317607 -0.930786
1.075954 -9.870781 272.879126 83.454999 0.503469 0.828593 0.244854 0.861093 -0.457914 -0.220985 -0.070985 0.322101 -0.944040
-0.369225 -9.522268 149.333081 55.762244 0.460325 0.853851 0.242980 0.887099 -0.431938 -0.162743 -0.034006 0.290462 -0.956282
-1.233182 -9.500740 5.396109 69.062181 0.390320 0.889664 0.236957 0.920464 -0.371526 -0.121301 -0.019881 0.265457 -0.963918
-1.845614 -10.327266 -13.727506 95.259134 0.315473 0.916065 0.247593 0.943971 -0.276301 -0.180489 -0.096929 0.290660 -0.951904
-0.885382 -10.585510 -155.207448 -37.281468 0.392853 0.800661 0.452336 -0.595720 -0.153145 0.788457 -0.700560 0.579213 -0.416807
-1.347379 -9.484781 -144.399552 -77.886958 0.393432 0.802294 0.448927 -0.511303 -0.214873 0.832105 -0.764055 0.556915 -0.325678
-1.401553 -10.851152 -148.181446 -290.772368 0.418471 0.803541 0.423325 -0.574040 -0.127192 0.808888 -0.703818 0.581502 -0.408039
2.307985 -13.949178 21.761981 -189.151261 0.355743 0.907680 0.222628 -0.806014 0.418548 -0.418520 0.473063 0.030556 -0.880498
1.078080 -14.468131 8.898354 397.323279 0.336295 0.918287 0.208935 -0.782188 0.395911 -0.481079 0.524489 0.001642 -0.851416
1.404618 -14.251051 -3.169931 351.985213 0.387622 0.884078 0.261066 -0.761847 0.466683 -0.449218 0.518979 0.024765 -0.854428
2.357364 -14.510764 19.267551 -133.503712 0.397966 0.875313 0.274682 -0.790277 0.479157 -0.381931 0.465925 0.065080 -0.882428
4.803035 -26.987530 164.823600 -295.124082 0.370359 0.928852 0.008231 0.162890 -0.056219 -0.985041 0.914495 -0.366160 0.172122
3.674836 -27.104220 77.592392 -524.164395 0.350281 0.935427 0.047742 0.242001 -0.041144 -0.969403 0.904842 -0.351117 0.240786
4.941627 -27.843758 106.415321 -67.495057 0.356317 0.933978 0.026895 0.023549 0.019798 -0.999527 0.934068 -0.356782 0.014940
-0.017146 -32.572795 187.265071 -197.241938 0.642875 0.755902 0.123791 0.447721 -0.501959 0.739988 -0.621497 0.420296 0.661130
-0.235530 -30.015403 124.201253 -549.263332 0.648445 0.743012 0.165687 0.209925 -0.383737 0.899265 -0.731745 0.548342 0.404809
-0.410417 -29.837787 100.215279 -325.029074 0.636875 0.758367 0.138815 0.362576 -0.453519 0.814162 -0.680389 0.468188 0.563801
-0.581589 -27.307915 20.272881 -632.146416 0.634366 0.753486 0.172737 0.166590 -0.351453 0.921264 -0.754869 0.555643 0.348474
-1.394616 -24.240378 86.134661 313.770708 -0.410158 -0.890142 -0.198537 0.895861 -0.352441 -0.270588 0.170889 -0.288846 0.942000
-2.043033 -20.983232 142.142289 295.553123 -0.395869 -0.892590 -0.215801 0.858499 -0.276301 -0.432015 0.325987 -0.356286 0.875667
-1.854618 -24.469776 55.018374 203.821734 -0.373994 -0.905561 -0.200220 0.909002 -0.315095 -0.272821 0.183968 -0.284034 0.941000
-0.715883 -25.970848 -1.834600 123.883796 -0.423528 -0.888673 -0.175738 0.905361 -0.421827 -0.048816 -0.030750 -0.179781 0.983226
0.813490 -27.368321 -15.095144 5.683066 0.352715 0.883697 0.307688 -0.397726 -0.156058 0.904135 -0.846999 0.441277 -0.296425
0.944940 -27.646410 -40.921428 83.217759 0.368309 0.881175 0.296444 -0.395906 -0.139849 0.907580 -0.841194 0.451633 -0.297355
0.729321 -26.674104 -53.311068 318.295145 0.355722 0.887323 0.293463 -0.198908 -0.234928 0.951443 -0.913180 0.396821 -0.092926
-0.384990 -20.854103 86.822496 -878.696189 0.373495 0.905358 0.202061 0.807573 -0.210170 -0.551048 0.456428 -0.368993 0.809640
-0.937856 -19.492444 86.141506 -827.282276 0.379676 0.900667 0.211293 0.813714 -0.216467 -0.539456 0.440132 -0.376751 0.815072
-0.484149 -23.724090 141.880677 -730.454737 0.353088 0.911397 0.211387 0.724160 -0.123170 -0.678544 0.592386 -0.392664 0.703487
-0.003834 -26.095443 18.526827 -518.447158 0.361692 0.903934 0.228214 0.641565 -0.063719 -0.764418 0.676441 -0.422898 0.602979
-0.543808 -27.919062 49.264251 -174.701282 0.365955 0.898600 0.242062 0.551136 0.000322 -0.834415 0.749884 -0.438768 0.495133
4.645238 -4.991391 -3.540112 -34.661359 0.649825 -0.495472 0.576398 0.069849 0.794053 0.603822 -0.756868 -0.352118 0.550604
3.730302 -6.378567 306.962440 30.293243 0.718693 -0.449389 0.530594 0.079389 0.811128 0.579456 -0.690780 -0.374328 0.618628
4.856282 -5.816533 225.666048 27.183716 0.681146 -0.565547 0.464970 0.116617 0.710775 0.693686 -0.722801 -0.418278 0.550094
1.695630 -35.456164 289.467154 -535.443513 -0.389636 -0.884967 -0.254985 0.873469 -0.267326 -0.406926 0.291952 -0.381274 0.877151
4.383132 -32.601220 255.061004 -1153.730691 -0.404596 -0.884829 -0.231040 0.912608 -0.374442 -0.164133 0.058718 -0.277256 0.959000
2.806010 -37.438260 323.048414 -182.476522 -0.451873 -0.867314 -0.208753 0.819429 -0.311047 -0.481441 0.352629 -0.388608 0.851256
3.278045 -29.934762 79.108866 -1278.677887 -0.315624 -0.913786 -0.255688 0.947805 -0.290758 -0.130863 0.045238 -0.283646 0.957862
4.075981 -22.313797 11.363127 -1119.994937 -0.094960 -0.933201 -0.346582 0.991126 -0.121161 0.054678 -0.093018 -0.338314 0.936425
3.051863 -27.707525 149.112758 -1348.091688 -0.065734 -0.914565 -0.399061 0.996409 -0.038776 -0.075264 0.053360 -0.402575 0.913830
3.692569 -18.864770 197.978824 -850.906647 -0.032514 -0.913337 -0.405905 0.992548 -0.077224 0.094258 -0.117435 -0.399815 0.909042
-7.230250 -17.052129 -11.732959 -225.547274 0.322282 0.946134 -0.031052 -0.590908 0.226692 0.774235 -0.739569 0.231173 -0.632137
-7.686120 -19.229860 -7.068350 -250.186577 0.237727 0.971198 -0.016111 -0.497387 0.135962 0.856808 -0.834321 0.195673 -0.515383
-7.482208 -19.281491 29.535314 -270.625204 0.323696 0.946098 0.010891 -0.468649 0.150322 0.870501 -0.821942 0.286882 -0.492047
-7.207084 -17.813431 11.413901 -240.070758 0.394362 0.918955 0.000454 -0.524026 0.224476 0.821588 -0.754901 0.324241 -0.570081
-6.886758 -15.334695 10.307397 -212.208712 0.425907 0.904155 -0.033275 -0.622215 0.319402 0.714724 -0.656849 0.283702 -0.698614
-6.850168 -15.004930 0.805474 -217.993379 0.374901 0.925140 -0.059714 -0.657785 0.310842 0.686073 -0.653275 0.217930 -0.725078
-6.749325 -14.824010 -10.421005 -258.436181 0.298209 0.952844 -0.056219 -0.699030 0.258120 0.666881 -0.649945 0.159571 -0.743040
3.286845 -98.423709 -26.778089 4611.788250 -0.122645 -0.855485 -0.503094 0.992264 -0.115518 -0.045462 -0.019224 -0.504778 0.863035
4.608241 -105.625665 -352.651108 3984.737567 -0.215123 -0.815311 -0.537577 0.962042 -0.271572 0.026895 -0.167919 -0.511386 0.842786
0.835934 -105.305842 225.203926 3912.716244 -0.142080 -0.838676 -0.525772 0.893216 -0.337537 0.297041 -0.426589 -0.427424 0.797076
1.963937 -109.445430 56.411036 2961.147091 0.140400 0.862849 0.485571 0.852978 -0.354420 0.383163 -0.502708 -0.360385 0.785752
-3.482375 -6.491144 -185.502156 -107.828682 -0.900837 -0.163377 -0.402245 -0.115061 0.983205 -0.141662 0.418634 -0.081331 -0.904506
-1.146086 -5.377588 -238.556457 -73.822492 -0.879407 0.179768 -0.440824 0.217933 0.975260 -0.037046 0.423259 -0.128649 -0.896829
-3.877202 -6.309804 -126.685740 -162.695818 -0.894305 -0.267901 -0.358396 -0.196366 0.954687 -0.223637 0.402069 -0.129623 -0.906388
-4.900322 -8.455526 -44.068862 -306.263952 -0.757299 -0.588883 -0.282339 -0.525012 0.806093 -0.273086 0.388407 -0.058576 -0.919624
-0.535242 -18.210981 -1.827176 -69.986175 0.604844 0.785222 0.132628 0.584819 -0.551024 0.595281 -0.540509 0.282489 0.792496
-0.486573 -17.656365 15.063731 96.667007 0.604467 0.786692 0.125440 0.656077 -0.580924 0.481757 -0.451866 0.208908 0.867280
-0.510117 -18.560504 70.769500 -30.857213 0.625019 0.771109 0.121416 0.566597 -0.555133 0.608929 -0.536953 0.311799 0.783877
-0.467215 -18.626461 1.110324 80.965210 0.613608 0.776547 0.143038 0.468795 -0.504042 0.725378 -0.635387 0.378042 0.673326
-0.571268 -18.567268 20.119715 -73.266987 0.617781 0.774448 0.136299 0.487722 -0.513333 0.706128 -0.616826 0.369756 0.694842
0.542856 -18.308784 -126.381172 -405.276116 0.376645 0.925921 0.028447 0.114515 -0.077011 0.990432 -0.919252 0.369784 0.135038
-0.248492 -19.884572 -38.700337 -357.794810 0.411098 0.910205 0.050263 0.161085 -0.126803 0.978761 -0.897246 0.394270 0.198749
-0.885448 -17.635373 -129.521276 -76.490977 0.382687 0.922405 0.052145 0.025298 -0.066883 0.997440 -0.923532 0.380388 0.048930
0.484747 -17.016689 -185.411066 -95.426633 0.368497 0.927865 0.057231 -0.026763 -0.050950 0.998343 -0.929244 0.369418 -0.006058
0.876803 -11.225542 16.527180 -88.782488 0.466115 0.819439 0.333553 0.859589 -0.508682 0.048469 0.209390 0.264126 -0.941485
0.828653 -11.605030 -14.544423 64.095236 0.446001 0.834578 0.323360 -0.859974 0.499712 -0.103596 0.248046 0.231877 -0.940588
0.747494 -11.470574 -12.131122 -7.489193 0.455392 0.826881 0.329979 -0.829790 0.528515 -0.179220 0.322593 0.192198 -0.926819
1170.578981 -4855.412702 81151.938750 -52691.545996 -0.035657 0.035813 0.998722 0.389525 0.920818 -0.019113 -0.920325 0.388346 -0.046784
-42.105500 -56.001517 2697.383816 27340.288576 0.044177 -0.474955 -0.878900 0.752153 -0.563200 0.342158 -0.657506 -0.676183 0.332358
-363.538763 -1584.040759 -35456.420338 114099.199027 0.532755 -0.318105 0.784207 0.466138 0.883724 0.041800 -0.706319 0.343280 0.619089
-103.841302 -126.282911 11915.734797 -6136.153688 0.963345 -0.048033 -0.263930 0.107772 -0.831664 0.544720 0.245666 0.553198 0.796003
-75.209147 -137.152531 3317.388694 -11320.555959 0.856618 0.021439 0.515505 -0.486463 -0.299378 0.820808 -0.171928 0.953894 0.246024
-4.470000 -82.548416 221.217683 6451.986356 0.192677 0.042159 -0.980356 -0.646126 0.757368 -0.094419 0.738509 0.651626 0.173167
-4.417628 -87.340982 473.419940 5341.722244 0.122571 -0.004840 -0.992448 -0.258926 0.965200 -0.036686 0.958089 0.261467 0.117052
-2.638522 -77.550430 278.599011 5359.895201 0.158296 -0.012409 -0.987314 -0.473049 0.876744 -0.086863 0.866699 0.480798 0.132914
-2.625098 -42.136236 -294.614357 -3670.690452 -0.149194 -0.089539 0.984746 0.748669 -0.660795 0.053344 0.645938 0.745207 0.165622
2.721804 -3.723242 25.656149 -196.689688 0.512955 0.835021 0.199041 0.428524 -0.450002 0.783495 -0.743804 0.316604 0.588657
2.788358 -2.526438 10.883198 -107.127643 0.491262 0.853493 0.173817 0.434152 -0.412943 0.800619 -0.755098 0.317850 0.573409
2.439289 -3.193301 101.546985 -110.224912 0.522104 0.837161 0.163000 0.429510 -0.423198 0.797763 -0.736837 0.346505 0.580522
2.059305 -5.054603 77.526104 -194.197842 0.549210 0.805563 0.222344 0.422158 -0.497059 0.758099 -0.721215 0.322492 0.613065
-1.111340 -16.694538 5.479780 -28.208396 0.397524 0.821617 0.408558 0.899549 -0.436808 0.003176 0.181071 0.366256 -0.912727
-1.003799 -17.183842 35.279430 -6.056392 0.407704 0.808786 0.423843 0.902188 -0.428391 -0.050369 0.140833 0.402922 -0.904334
-0.892359 -17.111933 61.768949 -44.104801 0.380517 0.819966 0.427624 0.890074 -0.450212 0.071253 0.250946 0.353504 -0.901144
-7.544451 -12.668818 -38.605260 -20.157224 -0.292775 0.278216 -0.914811 0.882247 0.447492 -0.146260 0.368678 -0.849910 -0.376469
-7.504398 -12.662847 -56.911838 -10.132938 -0.206503 0.254312 -0.944819 0.874353 0.481373 -0.061533 0.439162 -0.838812 -0.321763
-7.486857 -12.942619 -26.349522 -30.692080 -0.194608 0.241374 -0.950719 0.913403 0.397879 -0.085954 0.357524 -0.885116 -0.297902
27.092627 -25.474865 554.686450 1056.120628 -0.000304 0.808117 -0.589022 0.520700 -0.502743 -0.690015 0.853740 0.306913 0.420634
23.129695 -22.888681 2100.367643 955.764086 -0.242147 0.684294 -0.687827 0.495886 -0.522051 -0.693945 0.833944 0.509120 0.212919
31.053963 -16.116849 1296.567245 437.315545 -0.058326 0.785760 -0.615775 0.404529 -0.545311 -0.734161 0.912663 0.291920 0.286057
31.618022 -17.408465 -901.016676 478.786495 0.244281 0.849792 -0.467098 0.441607 -0.526333 -0.726606 0.863313 0.028778 0.503847
31.518535 -13.161411 -423.530665 217.828826 0.232390 0.828509 -0.509478 0.327848 -0.559890 -0.760946 0.915702 -0.009805 0.401738
29.327836 -12.017809 2084.398071 114.676023 -0.138860 0.767974 -0.625248 0.306314 -0.567095 -0.764575 0.941748 0.297691 0.156494
-0.757973 -5.597154 -115.561531 111.738644 0.684781 0.451331 0.572168 0.628608 -0.763033 -0.150442 -0.368684 -0.462689 0.806220
0.321578 -5.162587 -66.447054 114.263788 0.729640 0.396911 0.556855 0.577046 -0.794321 -0.189926 -0.366938 -0.459909 0.808604
-0.446862 -4.422855 92.828238 91.783432 -0.647188 -0.491193 -0.582990 0.684649 -0.710839 -0.161130 -0.335266 -0.503425 0.796341
-1.591515 -4.961550 105.230525 86.189576 -0.567211 -0.575365 -0.589260 0.755658 -0.648105 -0.094560 -0.327496 -0.498914 0.802391
0.447827 -4.187717 -52.722856 116.641332 0.727720 0.406341 0.552549 0.598973 -0.768989 -0.223352 -0.334147 -0.493500 0.802996
-3.886818 -7.012127 -18.551199 121.246123 -0.786786 0.353276 -0.506126 0.460693 0.881835 -0.100638 0.410766 -0.312349 -0.856568
-4.036286 -6.285282 98.630233 16.062640 -0.513898 0.720473 -0.465647 -0.772059 -0.625051 -0.115050 0.373944 -0.300383 -0.877460
-2.799575 -6.243170 78.610736 34.898205 -0.563723 0.662538 -0.493215 0.696072 0.702526 0.148126 0.444635 -0.259811 -0.857204
-2.952633 -6.888240 -8.399902 108.753483 -0.767986 0.356756 -0.531905 0.446353 0.893723 -0.045030 0.459311 -0.272000 -0.845606
-1.336785 -11.510476 -132.806356 126.827077 0.988186 0.051125 -0.144480 -0.133467 0.750448 -0.647313 -0.075331 -0.658949 -0.748406
-1.965509 -12.065050 -143.352038 226.829463 0.994302 0.031008 -0.101986 -0.094446 0.699864 -0.708005 -0.049422 -0.713603 -0.698805
-0.212664 -16.196576 -125.894757 594.812511 0.996501 0.016673 -0.081904 -0.071200 0.682614 -0.727302 -0.043783 -0.730589 -0.681412
-1.716333 -15.679557 -123.450402 607.973768 0.999176 -0.011458 -0.038933 -0.022576 0.640268 -0.767820 -0.033725 -0.768066 -0.639481
6.360034 -12.339048 -244.198279 -84.932091 0.410421 0.833027 0.370973 0.904614 -0.423240 -0.050414 0.115014 0.356278 -0.927274
8.431259 -12.161054 -238.906090 -237.108601 0.374340 0.814978 0.442359 0.916096 -0.398932 -0.040264 0.143657 0.420315 -0.895934
7.630560 -12.850148 -341.974643 159.796282 0.373181 0.828976 0.416575 0.923400 -0.375351 -0.080269 0.089821 0.414620 -0.905551
10.589191 -12.850378 -256.129990 15.971290 0.357304 0.784220 0.507280 0.920301 -0.388256 -0.047998 0.159314 0.484000 -0.860444
0.371073 -12.507995 93.198765 9.745814 0.623628 0.765040 0.160631 -0.059986 -0.158044 0.985608 -0.779417 0.624288 0.052669
-0.416832 -12.744932 58.688602 -54.502314 0.624803 0.770286 0.127596 -0.051263 -0.122598 0.991132 -0.779097 0.625803 0.037113
0.030983 -12.552144 86.184911 28.442950 0.630255 0.763436 0.141220 0.031950 -0.207243 0.977768 -0.775730 0.611731 0.155007
-0.618158 -12.853467 1.442975 -41.371690 0.608729 0.785666 0.110354 0.004914 -0.142825 0.989736 -0.793363 0.601939 0.090803
-0.363203 -12.476130 16.001754 59.379204 0.615826 0.779037 0.117726 0.090692 -0.218519 0.971609 -0.782645 0.587666 0.205222
0.895913 -20.526739 71.021126 -847.837642 0.442994 0.896088 -0.027958 0.214184 -0.136063 -0.967270 0.870564 -0.422507 0.252203
1.473429 -18.919149 82.825133 -776.320131 0.451612 0.891923 -0.022794 0.209133 -0.130658 -0.969119 0.867358 -0.432899 0.245537
0.763155 -14.717506 22.240781 -619.103679 0.451525 0.892216 0.008736 0.321083 -0.153341 -0.934555 0.832485 -0.424779 0.355713
1.445331 -14.268013 99.424036 -502.733222 0.456381 0.889754 -0.007393 0.285764 -0.154436 -0.945774 0.842648 -0.429521 0.324741
0.717612 -16.354222 28.920838 -844.879921 0.438567 0.898675 0.006472 0.345559 -0.161981 -0.924311 0.829607 -0.407609 0.381585
0.774153 -10.499894 -60.771087 -467.079067 0.457054 0.888206 0.046820 0.428117 -0.173550 -0.886903 0.779627 -0.425407 0.459578
0.911972 -9.975922 -10.402242 -296.515881 0.472643 0.881013 0.020603 0.386060 -0.185983 -0.903531 0.792190 -0.435002 0.428028
0.583968 -24.070432 -20.977511 209.227371 0.537103 0.836895 -0.105488 -0.557061 0.258013 -0.789375 0.633406 -0.482739 -0.604781
-0.245692 -24.425364 -48.196160 68.736598 0.550529 0.828718 -0.100719 -0.516199 0.243108 -0.821241 0.656092 -0.504108 -0.561621
0.586308 -24.572326 52.100236 -83.389456 0.527567 0.844944 -0.087993 -0.390412 0.149157 -0.908477 0.754488 -0.513636 -0.408566
0.847582 -52.187866 -2.285067 -465.391121 0.472623 0.874692 0.107435 -0.744354 0.330958 0.580004 -0.471768 0.354093 -0.807498
0.376580 -47.050431 46.974371 1170.019937 0.460477 0.877112 0.136508 0.840144 -0.380993 -0.386007 -0.286563 0.292434 -0.912340
0.504052 -45.133115 53.536440 -935.723394 0.502135 0.857307 0.113516 -0.697089 0.323575 0.639817 -0.511788 0.400405 -0.760098
0.950509 -37.687375 47.847930 -927.211812 0.486626 0.862224 0.140587 -0.780483 0.356787 0.513370 -0.392481 0.359545 -0.846573
1.182226 -40.109533 24.501191 -467.124727 0.522136 0.845834 0.109263 -0.622741 0.290576 0.726471 -0.582725 0.447359 -0.678456
1.098338 -42.697415 48.866474 451.316020 0.533799 0.839405 0.102262 -0.406030 0.148349 0.901738 -0.741753 0.522869 -0.420012
0.866976 -47.801610 -41.138109 985.965592 0.483966 0.870175 0.092590 -0.476749 0.173460 0.861755 -0.733817 0.461202 -0.498804
3.468386 -29.190853 54.396510 -404.030861 -0.540345 -0.839204 0.061351 0.831717 -0.521624 0.190145 -0.127568 0.153771 0.979837
4.242803 -32.218232 110.411394 19.834933 -0.559034 -0.824937 0.083423 0.828853 -0.558669 0.029845 0.021986 0.085830 0.996067
3.124355 -31.136343 -153.903136 -17.840706 0.556750 0.830224 -0.027517 0.828292 -0.557355 -0.057337 0.062940 -0.009131 0.997976
2.354824 -29.524682 -92.186113 -329.571620 0.532482 0.846239 -0.018531 0.841033 -0.526481 0.124426 -0.095538 0.081840 0.992056
1.450518 -30.039575 -113.158050 -185.127961 0.530622 0.847608 -0.000215 0.846769 -0.530108 -0.044355 0.037710 -0.023354 0.999016
-2.739793 -7.125546 -193.747106 -9.976343 0.776997 0.321414 0.541265 -0.450768 0.884266 0.121992 -0.439412 -0.338773 0.831955
-4.060205 -7.530639 -222.773192 -6.510935 0.830521 0.216057 0.513376 -0.326744 0.935434 0.134912 -0.451081 -0.279790 0.847493
-1.245754 -6.112044 -250.568097 44.124487 0.841900 0.091885 0.531753 -0.211787 0.962597 0.168979 -0.496337 -0.254882 0.829870
-0.579568 -6.414458 -159.041412 24.946299 0.781443 0.294368 0.550177 -0.426549 0.895547 0.126692 -0.455416 -0.333680 0.825381
0.618968 -4.744467 -449.291634 18.462925 0.840082 -0.249357 0.481750 0.131715 0.955274 0.264770 -0.526226 -0.158975 0.835352
2.748979 -3.997554 -392.824667 29.578921 0.855352 -0.198874 0.478354 0.071928 0.960026 0.270511 -0.513030 -0.196975 0.835465
1.011680 -5.007581 -208.587582 95.222479 0.843267 0.095632 0.528918 -0.219543 0.959497 0.176539 -0.490613 -0.264990 0.830108
-0.305909 -11.584399 203.452395 68.655046 -0.552840 -0.793345 -0.254894 0.833172 -0.531357 -0.153246 -0.013863 -0.297091 0.954748
0.119561 -10.821374 155.899631 -110.347373 -0.595027 -0.764729 -0.247250 0.794939 -0.605309 -0.040902 -0.118384 -0.220886 0.968088
0.695320 -10.761298 83.706653 14.432084 -0.547640 -0.802514 -0.236775 0.836641 -0.528941 -0.142312 -0.011033 -0.276031 0.961085
-1.676366 -11.575037 220.355985 -76.978443 -0.560599 -0.790763 -0.245809 0.823445 -0.563718 -0.064500 -0.087563 -0.238569 0.967170
-0.126868 -10.399130 215.977792 144.887317 -0.525278 -0.809930 -0.260952 0.847031 -0.468350 -0.251371 0.081375 -0.353074 0.932050
-2.109332 -11.499968 234.027749 137.293070 -0.535968 -0.808336 -0.243581 0.843412 -0.499906 -0.196853 0.037356 -0.310946 0.949693
-0.706291 -13.264811 7.611528 -179.886349 0.542368 0.823913 0.164328 0.755675 -0.563892 0.333138 -0.367140 0.056505 0.928448
-0.600717 -11.351740 39.808962 -135.519890 0.591521 0.785121 0.183542 0.667218 -0.604447 0.435275 -0.452685 0.135011 0.881390
-0.879218 -12.396289 36.719721 -170.565572 0.564389 0.808123 0.168530 0.735840 -0.585023 0.341010 -0.374172 0.068451 0.924830
0.143518 -35.119549 53.481735 -984.065863 0.653177 0.667983 0.356593 -0.320234 0.670435 -0.669303 -0.686156 0.322980 0.651824
-0.137510 -36.845181 76.468694 1223.279498 0.643856 0.694460 0.321208 0.411345 -0.668135 0.619992 -0.645170 0.267059 0.715846
1.430461 -27.457927 -7.170926 -1080.122750 0.655413 0.655946 0.374391 -0.486888 0.745904 -0.454497 -0.577385 0.115597 0.808247
1.201734 -29.020964 -32.500547 -1022.709099 0.661717 0.631106 0.404767 -0.395128 0.752356 -0.527101 -0.637185 0.188856 0.747214
-0.041951 -36.614800 37.545892 -1034.451974 0.660793 0.645195 0.383505 -0.224095 0.657241 -0.719594 -0.716334 0.389561 0.578885
-0.134258 -6.415829 33.803993 19.301439 0.498837 0.865924 -0.036576 0.475453 -0.308694 -0.823803 0.724642 -0.393553 0.565695
1.274764 -6.684200 31.929366 -16.511344 0.492974 0.869631 -0.026809 0.544785 -0.332558 -0.769815 0.678370 -0.364893 0.637704
0.519895 -6.650775 -36.679280 21.057712 0.558963 0.816069 -0.146941 0.433276 -0.438544 -0.787370 0.706988 -0.376444 0.598713
-0.528551 -6.144125 -71.679752 63.515528 0.568779 0.807391 -0.156874 0.362955 -0.417543 -0.833020 0.738074 -0.416866 0.530536
-11.823645 -12.279554 70.114580 -447.806941 0.974203 0.176674 0.140408 0.224735 -0.816164 -0.532326 -0.020548 -0.550148 0.834814
-7.581658 -11.624969 -580.092716 38.564181 0.570529 -0.740009 -0.356207 0.813760 0.450819 0.366820 -0.110865 -0.499149 0.859395
-11.749135 -13.047777 -74.196183 -423.414033 0.989290 -0.013561 0.145335 0.077715 -0.793888 -0.603077 -0.123558 -0.607912 0.784332
-7.287826 -11.210924 -566.491198 33.141533 0.682427 -0.679158 -0.270256 0.698245 0.496333 0.515856 -0.216211 -0.540739 0.812930
-10.393374 -13.188513 -292.457922 -372.114589 0.969382 -0.102602 0.223094 0.072016 -0.749785 -0.657750 -0.234759 -0.653678 0.719440
1.206715 -47.859396 -52.212763 -53.073842 -0.517621 -0.686855 -0.510195 -0.284923 0.700633 -0.654165 0.806776 -0.193243 -0.558363
1.312710 -51.166875 119.257925 -415.875318 -0.562562 -0.674430 -0.478192 -0.262592 0.694205 -0.670168 0.783945 -0.251442 -0.567633
1.455688 -46.146276 33.682500 -682.050144 0.510323 0.704946 0.492566 0.002142 0.571719 -0.820447 0.859980 -0.419748 -0.290251
0.563054 -61.490148 -234.168051 -3255.303411 0.463978 0.867567 0.179031 -0.477025 0.414992 -0.774744 0.746439 -0.274062 -0.606399
0.901219 -39.377008 -128.796496 -1600.552861 0.448896 0.866854 0.216924 -0.223724 0.344053 -0.911907 0.865124 -0.360821 -0.348380
1.793032 -47.979568 -288.188685 -1798.771643 0.447967 0.876368 0.176934 -0.410976 0.377602 -0.829768 0.793993 -0.298992 -0.529320
3.520835 -3.889081 403.825865 -449.342627 -0.177316 0.983182 -0.043728 0.864862 0.176873 0.469819 -0.469652 -0.045487 0.881679
4.532683 -1.301550 516.165128 9.147099 -0.540872 0.806138 -0.239999 0.700872 0.589710 0.401274 -0.465012 -0.048829 0.883957
1.088980 -3.733357 510.303134 -158.093185 -0.412226 0.889346 -0.197820 0.773791 0.456375 0.439282 -0.480954 -0.028012 0.876298
0.455699 -6.001018 414.547981 -323.640892 -0.107387 0.994065 -0.017394 0.891792 0.104044 0.440319 -0.439516 -0.031773 0.897673
4.291331 -6.051949 355.274510 -257.217840 -0.017424 0.998522 0.051474 0.926235 -0.003269 0.376931 -0.376543 -0.054245 0.924810
6.049454 -3.129318 202.403200 -390.669454 -0.088856 0.993626 0.069370 0.900006 0.050256 0.432971 -0.426725 -0.100905 0.898735
6.917632 -11.668390 263.093558 -13.749903 0.470113 0.845164 0.254346 0.042858 0.265977 -0.963026 0.881565 -0.463632 -0.088817
6.237565 -12.084174 426.686415 9.439805 0.439456 0.859227 0.261928 0.141782 0.221589 -0.964778 0.887004 -0.461114 0.024444
4.159471 -11.918775 495.243223 -47.497766 0.406303 0.872776 0.270518 0.076768 0.262404 -0.961900 0.910508 -0.411590 -0.039614
3.693273 -11.829029 485.799067 35.967598 0.403016 0.875610 0.266241 -0.032615 0.304469 -0.951964 0.914611 -0.374973 -0.151264
-5.409270 -11.965980 48.511278 -34.577172 -0.620776 -0.515846 -0.590373 -0.467727 0.848027 -0.249161 0.629181 0.121460 -0.767710
-4.789731 -11.350574 26.896124 -24.722000 -0.592307 -0.617443 -0.517626 -0.496278 0.785691 -0.369320 0.634729 0.038136 -0.771794
-5.307358 -11.438578 18.746692 22.043412 -0.636496 -0.550606 -0.540098 -0.530736 0.820779 -0.211284 0.559635 0.152168 -0.814649
-4.996684 -11.034744 -11.631450 21.720537 -0.595545 -0.650565 -0.471265 -0.553235 0.757505 -0.346579 0.582458 0.054317 -0.811044
-5.321534 -10.510723 -3.173595 39.098480 -0.659130 -0.579283 -0.479561 -0.565283 0.802220 -0.192087 0.495986 0.144477 -0.856227
-5.364712 -10.878999 15.179315 13.197418 -0.671320 -0.524584 -0.523585 -0.546760 0.827449 -0.127994 0.500383 0.200350 -0.842304
-5.613927 -11.574201 -5.435896 -13.083691 -0.694923 -0.435901 -0.571902 -0.508567 0.860198 -0.037675 0.508372 0.264669 -0.819456
-0.194317 -12.576599 59.100194 38.058017 0.615242 0.770444 0.167015 -0.236745 -0.021509 0.971334 -0.751950 0.637145 -0.169166
-0.919764 -12.091447 15.463127 -14.953635 0.603527 0.782918 0.150976 -0.223884 -0.015335 0.974495 -0.765265 0.621936 -0.166028
-0.458793 -12.425037 48.025114 -48.674860 0.619771 0.771732 0.142529 -0.140512 -0.069559 0.987632 -0.772102 0.632133 -0.065327
0.246294 -12.596240 84.195177 -13.649525 0.620498 0.767840 0.159384 -0.152986 -0.080815 0.984918 -0.769141 0.635524 -0.067323
-1.250131 -11.513632 -9.003341 -103.343703 0.486711 0.847059 0.213550 0.392238 0.006523 -0.919841 0.780552 -0.531459 0.329074
-0.894218 -11.131254 -9.702180 -58.224134 0.494058 0.853744 0.164403 0.307297 0.005415 -0.951598 0.813311 -0.520665 0.259677
-1.151338 -12.091899 2.127589 -10.398443 0.479269 0.857876 0.185338 0.405997 -0.029485 -0.913399 0.778118 -0.513010 0.362426
0.365564 -32.620135 -0.823836 -484.522610 0.250127 0.959866 0.126860 -0.574881 0.252662 -0.778251 0.779069 -0.121732 -0.615006
0.323052 -36.344030 -9.208206 -410.259531 0.275509 0.951202 0.138959 -0.742219 0.302350 -0.598076 0.610905 -0.061637 -0.789301
0.434942 -35.633440 24.411673 -494.685630 0.253702 0.956921 0.141201 -0.676918 0.279917 -0.680756 0.690954 -0.077127 -0.718772
0.416306 -30.794485 43.576816 -298.591953 0.240400 0.962159 0.128287 -0.488337 0.234101 -0.840668 0.838889 -0.139449 -0.526136
0.305533 -29.575317 23.217011 -332.603313 0.238516 0.963549 0.121177 -0.394962 0.210239 -0.894318 0.887195 -0.165449 -0.430711
0.264684 -27.489083 41.853560 -43.965298 0.238435 0.963121 0.124689 -0.182061 0.170445 -0.968402 0.953941 -0.208200 -0.215987
0.653789 -28.279002 29.860171 -276.888123 0.249533 0.960114 0.126153 -0.248016 0.189295 -0.950082 0.936067 -0.205789 -0.285359
0.647339 -28.061858 93.887662 73.951446 0.227962 0.966116 0.121053 -0.030916 0.131446 -0.990841 0.973179 -0.222132 -0.059833
0.092526 -29.696338 60.694336 424.749567 0.234674 0.965424 0.113508 0.030267 0.109456 -0.993531 0.971603 -0.236591 0.003534
-25.239277 -76.993666 1014.098964 -4398.899123 -0.104823 -0.035663 0.993851 0.704210 0.702985 0.099500 -0.702211 0.710310 -0.048575
-37.285754 -90.568610 1453.396681 -5677.362389 -0.149879 0.169986 0.973982 0.610238 0.790987 -0.044144 -0.777911 0.587745 -0.222285
-23.191811 -65.347411 1241.250572 -4665.145705 -0.134839 -0.054766 0.989353 0.377466 0.920345 0.102391 -0.916154 0.387253 -0.103426
-34.500818 -61.976103 1380.153951 -1052.828567 -0.056242 0.149582 0.987148 0.913952 0.405713 -0.009405 -0.401906 0.901677 -0.159529
-16.788621 -84.748731 885.765326 -6043.067730 -0.089604 -0.196152 0.976471 0.543556 0.811905 0.212973 -0.834576 0.549850 0.033870
-15.011827 -59.380192 657.212708 -1616.081808 -0.074588 -0.220223 0.972594 0.863944 0.472823 0.173317 -0.498033 0.853194 0.154994
-23.519235 -62.893979 1002.437490 1394.899602 -0.096342 -0.080334 0.992101 0.966880 0.229127 0.112446 -0.236351 0.970076 0.055599
0.656797 -7.398282 -115.481621 184.874061 -0.395216 -0.893005 -0.215282 0.883255 -0.305056 -0.356092 0.252319 -0.330882 0.909314
-0.464703 -7.328622 -116.645685 187.885276 -0.352028 -0.908252 -0.226174 0.897486 -0.258951 -0.357019 0.265695 -0.328669 0.906302
0.736577 -5.798712 -110.226764 173.340623 -0.406646 -0.889792 -0.207145 0.861898 -0.298463 -0.409942 0.302938 -0.345240 0.888278
1.614208 -6.105783 -92.009185 201.491255 -0.433107 -0.877382 -0.206443 0.854810 -0.327187 -0.402801 0.285865 -0.350926 0.891702
-13.904564 -21.763267 57.878420 -952.477456 -0.173752 0.974903 0.139195 0.891439 0.095635 0.442933 -0.418505 -0.201044 0.885683
-12.422468 -17.864380 -285.720434 -215.232141 0.448567 0.760638 0.469272 0.814679 -0.563908 0.135298 -0.367539 -0.321616 0.872627
-9.361697 -15.320399 58.253561 272.097761 0.614359 0.564296 0.551482 -0.627487 0.773161 -0.092096 -0.478354 -0.289468 0.829087
10.058152 -21.199751 70.705848 145.168420 0.220252 0.948397 -0.228105 -0.221454 0.276359 0.935192 -0.949972 0.155463 -0.270895
8.088512 -18.530467 53.960925 -30.090022 0.295847 0.935663 -0.192380 -0.153325 0.245297 0.957246 -0.942850 0.253702 -0.216031
7.732193 -20.537354 144.305718 25.027837 0.260274 0.925261 -0.275953 -0.004689 0.287012 0.957916 -0.965524 0.248026 -0.079040
9.890382 -18.248214 -34.076978 130.344733 0.286094 0.952279 -0.106374 -0.322088 0.200127 0.925315 -0.902446 0.230466 -0.363973
10.454335 -20.383086 169.288284 288.329071 0.165010 0.930525 -0.326949 -0.013932 0.333659 0.942591 -0.986193 0.150982 -0.068021
12.719491 -23.204610 89.107047 -16.479166 0.147881 0.952596 -0.265880 -0.402598 0.303536 0.863586 -0.903352 0.020666 -0.428401
12.058376 -21.762052 17.133491 183.495179 0.221555 0.963912 -0.147607 -0.447283 0.234959 0.862979 -0.866517 0.125176 -0.483198
11.486474 -22.096755 142.260043 248.592395 0.138578 0.936079 -0.323346 -0.196585 0.346000 0.917409 -0.970644 0.063568 -0.231967
0.614552 -15.648113 17.738548 -649.274181 0.774887 0.411911 0.479458 -0.000058 0.758563 -0.651600 -0.632100 0.504889 0.587824
9.662501 -8.845345 -195.619107 40.937637 -0.140528 0.989646 -0.029199 0.485602 0.094596 0.869047 -0.862811 -0.107947 0.493868
11.605234 -11.817604 -5.684476 16.681474 -0.057520 0.986514 -0.153240 0.469043 0.162202 0.868153 -0.881300 0.021940 0.472047
11.794605 -13.466286 172.387706 64.180150 0.028862 0.978829 -0.202633 0.502447 0.161040 0.849478 -0.864126 0.126331 0.487162
-1.390407 -4.976472 214.384444 42.126164 -0.093792 0.948579 0.302326 0.768350 -0.124142 0.627875 -0.633120 -0.291182 0.717197
-1.652184 -5.834158 170.753064 128.657200 -0.171161 0.955358 0.240820 0.727353 -0.042347 0.684955 -0.664576 -0.292399 0.687635
-2.326624 -12.416423 -12.087036 -96.640085 0.204189 0.838665 0.504923 -0.282249 -0.443449 0.850699 -0.937359 0.316217 -0.146165
-2.322890 -12.199030 41.342199 -151.612693 0.239883 0.826353 0.509507 -0.342694 -0.418964 0.840851 -0.908304 0.376311 -0.182684
-0.949826 -11.252698 271.426440 90.542057 0.475882 0.841619 0.255372 0.845483 -0.357780 -0.396424 -0.242271 0.404563 -0.881835
-3.260201 -11.627183 -34.866334 136.209939 0.275910 0.924576 0.262742 0.924952 -0.181053 -0.334192 -0.261416 0.335230 -0.905142
1.744475 -14.291427 188.675606 409.861071 0.270941 0.948083 0.166520 -0.797465 0.317962 -0.512785 0.539110 -0.006141 -0.842213
0.270121 -17.474849 111.657838 749.556319 0.304383 0.932301 0.195362 -0.730262 0.360078 -0.580569 0.611611 -0.034050 -0.790426
2.518456 -13.954831 80.527329 -196.246514 0.321463 0.930518 0.175495 -0.810167 0.366213 -0.457731 0.490195 -0.004963 -0.871598
1.773879 -26.841833 109.249396 -580.127725 0.311839 0.946801 0.079520 0.272465 -0.008932 -0.962124 0.910230 -0.321694 0.260756
1.772518 -22.895738 41.731431 -670.549778 0.344356 0.936980 0.059055 0.430181 -0.101563 -0.897011 0.834484 -0.334296 0.438045
-0.464194 -26.112853 259.909199 -772.116940 0.263711 0.958857 0.105118 0.353862 0.005212 -0.935283 0.897351 -0.283842 0.337928
1.123171 -29.218410 277.435066 -192.155957 0.257293 0.960458 0.106399 0.059798 0.094070 -0.993768 0.964482 -0.262052 0.033230
0.130491 -21.160191 132.839900 -753.841233 0.308934 0.947480 0.082718 0.479938 -0.080217 -0.873627 0.821108 -0.309593 0.479514
0.444275 -34.730451 86.090015 0.372538 0.608791 0.786049 0.107240 0.718837 -0.603751 0.344613 -0.335629 0.132709 0.932599
0.389960 -35.869126 104.038410 -291.633959 0.616176 0.779789 0.110702 0.604492 -0.558325 0.568211 -0.504892 0.283199 0.815403
-0.261443 -35.510060 2.376313 -447.843876 0.593339 0.795724 0.121541 0.647325 -0.561428 0.515527 -0.478454 0.227206 0.848209
0.056246 -33.294717 22.217312 386.007697 0.594948 0.795012 0.118294 0.771802 -0.606159 0.192076 -0.224408 0.022975 0.974224
-2.081506 -24.061522 -51.195941 155.156182 -0.342088 -0.922581 -0.178379 0.908962 -0.276760 -0.311757 0.238253 -0.268788 0.933268
-1.990071 -19.827787 92.470789 608.513608 0.319982 0.931519 0.172872 0.818536 -0.179929 -0.545549 0.477085 -0.316067 0.820056
-1.940918 -24.129080 -33.814949 267.950311 0.326538 0.929461 0.171681 0.902270 -0.252417 -0.349564 0.281572 -0.269048 0.921049
-2.402983 -28.763461 35.385596 122.026436 -0.362680 -0.918260 -0.158942 0.930780 -0.348518 -0.110384 0.045967 -0.187974 0.981098
3.658270 -7.278113 -256.094815 153.724514 -0.666625 0.672965 -0.320513 0.200631 0.576118 0.792360 -0.717884 -0.463903 0.519073
3.091520 -7.296734 394.083101 18.929427 0.713999 -0.554590 0.427359 0.128242 0.703649 0.698880 -0.688302 -0.444194 0.573526
-0.014083 -8.613510 431.833856 30.535262 0.719503 -0.550221 0.423760 0.146439 0.716653 0.681883 -0.678875 -0.428562 0.596208
0.557030 -9.388432 -334.223773 141.637208 -0.677441 0.678707 -0.283603 0.222550 0.556596 0.800420 -0.701103 -0.479122 0.528107
-0.887729 -14.780007 -53.333254 -522.069284 -0.420957 -0.887101 -0.189334 0.842803 -0.305338 -0.443229 0.335377 -0.346152 0.876185
-1.275775 -14.601440 -36.083901 -916.545384 -0.411249 -0.887974 -0.205856 0.844791 -0.286476 -0.451951 0.342348 -0.359769 0.867965
1.298497 -14.415498 45.386001 -46.696939 0.303874 0.904118 0.300385 0.017969 0.309800 -0.950632 0.952543 -0.294270 -0.077894
1.812336 -13.998811 66.054429 -23.396904 0.306218 0.909997 0.279529 0.165383 0.238316 -0.957003 0.937485 -0.339281 0.077522
0.763172 -13.731840 69.240316 -49.992893 0.291818 0.916073 0.275048 0.070713 0.266115 -0.961344 0.953856 -0.299987 -0.012879
-0.695148 -14.961867 8.596212 -3.516923 0.330670 0.883608 0.331503 -0.533254 0.464750 -0.706858 0.778651 -0.056962 -0.624866
-0.319498 -14.685843 -34.841882 50.421657 0.335230 0.889152 0.311498 -0.468928 0.444235 -0.763388 0.817146 -0.109840 -0.565869
-0.087116 -14.314396 -23.445935 -38.723897 0.343347 0.877948 0.333646 -0.548866 0.475831 -0.687264 0.762141 -0.052843 -0.645251
-0.566353 -14.366686 -27.922670 -93.346359 0.354738 0.870988 0.339913 -0.591356 0.490615 -0.639996 0.724196 -0.026022 -0.689104
5.005278 -34.867054 -31.009960 -992.953394 -0.446128 -0.885860 -0.127367 0.885784 -0.416718 -0.204285 0.127892 -0.203957 0.970590
7.274971 -27.939617 -131.302887 -1227.243833 0.377662 0.906466 0.188921 0.913556 -0.398034 0.083574 -0.150954 -0.141028 0.978429
6.323180 -25.801840 173.826973 -1436.544766 -0.325045 -0.913658 -0.244078 0.935609 -0.348283 0.057754 -0.137775 -0.209589 0.968034
3.858817 -14.035254 369.347862 95.110565 -0.023807 -0.900846 -0.433486 0.969583 -0.126464 0.209560 -0.243602 -0.415312 0.876456
2.507925 -15.078166 276.105720 -290.017901 -0.026615 -0.898636 -0.437886 0.982577 -0.104118 0.153951 -0.183938 -0.426160 0.885751
0.854870 -17.446435 209.907096 520.394419 -0.117039 -0.876554 -0.466856 0.954007 -0.229870 0.192431 -0.275992 -0.422863 0.863143
-7.605725 -20.309492 -25.729454 -220.734641 0.260402 0.965500 0.000874 -0.374991 0.100303 0.921586 -0.889704 0.240310 -0.388173
-7.894722 -21.354053 -38.496395 -191.323728 0.189003 0.981951 -0.007027 -0.328512 0.069971 0.941904 -0.925396 0.175714 -0.335808
