17750
35466
-5.311355 -8.706960 57.261585 89.439987 -0.025021 0.720781 0.692711 -0.350691 -0.655221 0.669105 -0.936157 0.226186 -0.269166
-6.845037 -10.134323 112.175463 51.005618 0.058557 0.849040 0.525073 -0.452276 -0.446335 0.772160 -0.889953 0.282693 -0.357865
-8.299640 -9.912287 189.184621 159.803707 0.138443 0.955749 0.259570 -0.363059 -0.194870 0.911161 -0.921424 0.220383 -0.320016
-5.063676 -9.330577 -54.972753 83.084359 0.033893 0.741379 0.670230 -0.457607 -0.584678 0.669886 -0.888509 0.329406 -0.319444
-6.688652 -7.642066 74.185789 172.134023 0.020830 0.875422 0.482910 -0.252441 -0.462759 0.849781 -0.967388 0.139607 -0.211353
-4.963315 -7.815093 8.978643 -72.941963 -0.052422 0.562777 0.824945 0.301129 0.796537 -0.524261 -0.952141 0.220932 -0.211225
7.488988 -7.255160 -41.257885 18.653752 -0.108541 0.885762 0.451270 0.783480 -0.203185 0.587261 -0.611865 -0.417302 0.671923
8.578028 -7.395026 -52.533869 22.236364 -0.104903 0.919592 0.378610 0.779280 -0.160509 0.605772 -0.617834 -0.358590 0.699782
9.356562 -7.851124 -71.970986 -101.739796 -0.102573 0.914056 0.392403 0.822327 -0.144041 0.550481 -0.559693 -0.379148 0.736879
9.650091 -8.424807 -108.068993 -50.585232 -0.080702 0.954902 0.285743 0.798225 -0.109770 0.592273 -0.596929 -0.275885 0.753368
10.741579 -9.648937 -68.400491 -185.826899 -0.073955 0.948667 0.307509 0.847690 -0.102627 0.520471 -0.525312 -0.299164 0.796585
7.633968 -3.288951 446.948689 -25.621684 0.753271 0.635896 -0.167988 -0.383489 0.632143 0.673299 -0.534340 0.442754 -0.720034
11.660102 -4.317536 311.433240 -46.214353 0.660708 0.696183 -0.280702 -0.390575 0.638180 0.663459 -0.641027 0.328718 -0.693563
9.497765 -3.506983 487.974292 -21.568265 0.702184 0.699168 -0.134544 -0.459208 0.589133 0.664869 -0.544120 0.405077 -0.734743
5.240343 -2.514807 463.632801 30.998911 0.763252 0.644464 -0.045972 -0.439336 0.569852 0.694444 -0.473741 0.509839 -0.718076
3.321060 -2.465018 272.612479 13.348742 0.814665 0.544502 -0.199594 -0.274050 0.664771 0.694965 -0.511094 0.511465 -0.690787
1.200108 -3.539630 155.645416 -143.982634 0.175106 0.975413 0.133819 -0.958420 0.137771 0.249901 -0.225320 0.172014 -0.958980
-0.131050 -3.218911 19.169816 -87.278934 0.050064 0.988414 0.143284 -0.969342 0.013532 0.245342 -0.240560 0.151174 -0.958789
-0.144855 -3.801388 6.344177 -1.893487 0.138605 0.983834 0.113399 -0.938423 0.093884 0.332487 -0.316466 0.152501 -0.936265
19.287539 -9.813930 913.325717 -151.084683 0.740115 0.348124 -0.575360 0.218507 0.684663 0.695335 -0.635990 0.640349 -0.430662
13.373685 -7.779091 -712.164815 -109.170863 -0.796819 -0.343524 0.497063 0.102153 0.734220 0.671182 -0.595521 0.585587 -0.549948
12.436156 -9.573083 975.966228 -213.246300 0.814137 0.244493 -0.526691 0.215352 0.715221 0.664893 -0.539262 0.654738 -0.529636
-1.149572 -5.594259 -30.430843 56.981449 -0.295065 0.947900 -0.120095 -0.730748 -0.142897 0.667523 -0.615584 -0.284722 -0.734840
-1.238506 -6.202528 -36.402431 22.532537 -0.283796 0.948919 -0.137886 -0.803971 -0.157106 0.573540 -0.522580 -0.273625 -0.807489
-0.239018 -5.572849 -68.399073 60.688278 -0.261927 0.947897 -0.181346 -0.746950 -0.080127 0.660034 -0.611113 -0.308337 -0.729019
-0.155816 -4.473407 -63.690291 78.352673 -0.260185 0.948156 -0.182493 -0.681263 -0.046332 0.730571 -0.684240 -0.314409 -0.657998
-1.036352 -4.592468 -24.520140 72.494709 -0.297861 0.948077 -0.111484 -0.662439 -0.121193 0.739248 -0.687353 -0.294044 -0.664142
-5.037401 -15.800170 -16.601353 -367.643010 -0.050042 0.994890 -0.087689 -0.855530 -0.088003 -0.510220 0.515330 -0.049488 -0.855562
-3.672959 -10.234983 -35.769934 -244.487332 -0.136891 0.975625 -0.171514 -0.725257 -0.216646 -0.653504 0.674733 -0.034933 -0.737235
-3.795980 -13.593301 -82.446910 -285.831408 -0.127647 0.955709 -0.265190 -0.844665 -0.244894 -0.475991 0.519852 -0.163238 -0.838515
-4.895627 -19.681510 -69.211250 -367.674386 -0.102031 0.966470 -0.235638 -0.945183 -0.168047 -0.279982 0.310193 -0.194154 -0.930637
-6.152203 -22.470252 -25.480954 -440.377435 -0.044632 0.995471 -0.083936 -0.963955 -0.064973 -0.258009 0.262294 -0.069395 -0.962490
-0.273631 -17.285950 -0.264846 -131.397729 -0.407247 0.909347 0.085071 0.437050 0.112245 0.892406 -0.801958 -0.400610 0.443142
-0.277004 -16.287742 1.211070 24.471664 -0.419964 0.906058 0.051864 0.272879 0.071564 0.959383 -0.865545 -0.417059 0.277299
-0.227867 -17.889585 0.646366 -135.542928 -0.413308 0.906366 0.087620 0.444435 0.116804 0.888163 -0.794767 -0.406026 0.451097
-0.280948 -18.613950 2.039127 -192.989065 -0.393196 0.913839 0.101467 0.592269 0.167320 0.788176 -0.703289 -0.370003 0.607028
-0.331118 -17.632555 -3.578117 -130.172504 -0.396267 0.912509 0.101491 0.596936 0.172070 0.783619 -0.697596 -0.371106 0.612895
2.440950 -11.008991 -21.591475 52.060392 -0.257531 0.932880 -0.251819 -0.737014 -0.358179 -0.573166 0.624891 -0.037986 -0.779787
2.135141 -11.384716 -16.032463 -120.335037 -0.240770 0.934416 -0.262482 -0.825145 -0.339459 -0.451556 0.511043 -0.107865 -0.852760
1.849495 -10.473617 -41.731042 68.209423 -0.205006 0.935227 -0.288658 -0.754504 -0.338866 -0.562045 0.623456 -0.102571 -0.775101
0.264873 -8.136423 -17.331148 5.762361 0.292126 0.716485 0.633492 -0.046275 0.672198 -0.738923 0.955260 -0.186544 -0.229522
-0.025359 -7.830509 -5.140744 5.134359 0.282316 0.731075 0.621149 -0.084275 0.663885 -0.743071 0.955613 -0.157434 -0.249037
0.107837 -8.298478 -15.219345 2.723726 0.289847 0.703635 0.648758 0.090318 0.654722 -0.750454 0.952802 -0.276111 -0.126218
8.439097 -4.387196 -52.219930 54.046262 0.254895 0.889240 0.379843 0.880087 -0.050609 -0.472108 -0.400594 0.454632 -0.795509
6.500939 -5.710842 -100.565916 -110.309353 0.159547 0.903714 0.397299 -0.864631 -0.066295 0.498015 -0.476402 0.422973 -0.770802
9.035429 -3.700505 -15.566796 -31.988735 0.292989 0.917563 0.268765 -0.849627 0.120936 0.513330 -0.438510 0.378751 -0.815020
10.303966 -3.020627 -158.453232 -13.856469 0.332616 0.920958 0.202985 -0.854469 0.203226 0.478103 -0.399061 0.332469 -0.854526
10.556713 -2.562450 22.908046 17.714258 0.330794 0.935061 0.127423 -0.824378 0.220602 0.521282 -0.459321 0.277482 -0.843818
9.162880 -3.321360 231.164076 -5.355681 0.347369 0.917904 0.191800 -0.811215 0.191551 0.552483 -0.470387 0.347507 -0.811157
-1.029770 -19.989351 -28.416525 105.710455 0.067849 0.970551 0.231142 0.983888 -0.026679 -0.176784 -0.165411 0.239412 -0.956724
-0.681285 -20.907671 -46.990744 114.815581 0.078247 0.975779 0.204284 0.983875 -0.042525 -0.173730 -0.160835 0.214584 -0.963372
-0.629786 -21.298249 -56.737005 -154.475971 0.069134 0.976749 0.202934 -0.945977 -0.000408 0.324233 -0.316777 0.214386 -0.923954
-0.020914 -23.421051 -34.192718 -139.224977 0.080425 0.972119 0.220266 -0.917692 -0.014041 0.397044 -0.389067 0.234069 -0.890976
-3.835090 -11.249997 88.788184 -141.528601 0.152590 0.924970 -0.348061 0.704872 0.145001 0.694356 -0.692728 0.351291 0.629859
-3.194830 -13.169571 66.901247 -374.436617 0.089552 0.910668 -0.403316 0.779546 0.187953 0.597479 -0.619910 0.367909 0.693076
-2.719601 -12.074290 197.461391 -215.284091 0.218943 0.912321 -0.346027 0.701508 0.099311 0.705708 -0.678196 0.397251 0.618257
-2.844472 -11.551261 276.841722 123.350438 0.279931 0.910121 -0.305480 0.622410 0.070211 0.779536 -0.730920 0.408350 0.546814
-1.510621 -13.222404 120.249238 -305.510523 0.220290 0.903549 -0.367519 0.701659 0.114951 0.703179 -0.677604 0.412777 0.608661
-1.361477 -11.924914 184.211990 -17.131128 0.290021 0.903880 -0.314464 0.609597 0.078824 0.788783 -0.737753 0.420460 0.528142
-2.774393 -6.162060 -87.468818 48.998793 -0.059263 0.997160 -0.046470 0.992953 0.054099 -0.105444 0.102630 0.052392 0.993339
-1.961214 -6.114342 -105.863121 63.940519 -0.104660 0.994430 0.012448 0.991144 0.105326 -0.080865 0.081726 -0.003874 0.996647
-2.192224 -5.929260 -130.791654 63.408304 -0.152608 0.988163 0.015644 0.968423 0.152680 -0.197093 0.197148 0.014928 0.980260
-2.956591 -6.405768 57.312258 -3.011788 -0.015971 -0.996701 0.079570 0.999844 -0.015316 0.008833 -0.007586 0.079698 0.996790
-3.344523 -6.212175 -61.053844 33.632874 -0.061676 0.993352 -0.097204 0.987481 0.046563 -0.150712 0.145183 0.105283 0.983787
-3.753180 -6.715011 7.325988 -32.846476 -0.071507 -0.986538 0.147071 0.997149 -0.074265 -0.013336 0.024079 0.145698 0.989036
-14.336590 -25.400949 -225.390451 -241.015509 -0.297433 -0.940620 0.163609 0.954665 -0.295192 0.038418 0.012159 0.167619 0.985777
-14.503353 -24.170461 239.744109 584.333115 0.179801 0.972364 -0.148927 0.945788 -0.212505 -0.245613 0.270473 0.096692 0.957860
-14.539562 -25.384330 -640.136419 -61.232311 -0.237092 -0.924775 0.297621 0.964418 -0.260941 -0.042523 0.116986 0.276950 0.953737
0.271245 -26.067864 -16.759235 -221.838929 0.129726 0.886840 0.443493 0.817605 -0.348719 0.458167 -0.560975 -0.303166 0.770323
-0.031773 -31.735861 -26.104657 -935.133187 0.182808 0.865329 0.466676 0.907428 -0.331185 0.258634 -0.378359 -0.376194 0.845767
0.023528 -23.358322 -26.517248 -319.639224 0.128170 0.879001 0.459270 0.828605 -0.349377 0.437435 -0.544965 -0.324488 0.773124
8.074771 -19.337176 99.369076 -621.494346 -0.043716 0.830692 0.555013 0.161402 0.554119 -0.816640 0.985920 -0.053880 0.158299
7.202535 -21.611275 262.202068 -1034.437835 -0.152681 0.767418 0.622703 0.092237 0.638405 -0.764154 0.983962 0.059236 0.168257
9.518923 -23.478522 65.613842 -538.342506 -0.083633 0.814798 0.573681 -0.031665 0.573235 -0.818779 0.995993 0.086643 0.022141
-5.923145 -532.300774 -411.268933 -36158.954988 -0.255466 0.628817 0.734388 0.491808 0.738494 -0.461251 -0.832383 0.243344 -0.497918
-73.652726 -677.428397 -2933.574532 22729.945449 -0.456296 0.434504 0.776531 0.584163 0.804562 -0.106930 -0.671228 0.404829 -0.620939
-4.876839 -182.973488 -449.879556 -3270.626632 -0.159204 0.671162 0.724013 0.954152 0.292894 -0.061705 -0.253473 0.680995 -0.687021
-2.035253 -198.080781 173.150512 4088.499432 0.019692 0.664607 0.746934 0.910034 -0.321315 0.261908 0.414066 0.674577 -0.611142
0.797472 -173.599803 518.617595 5081.416042 -0.137116 0.626653 0.767141 0.826632 0.499103 -0.259952 -0.545782 0.598500 -0.586447
3.693102 -0.928789 234.811634 -9.345275 0.958679 -0.271230 0.085841 0.280606 0.951207 -0.128318 0.046849 -0.147104 -0.988011
0.695747 -2.324504 219.299041 50.772716 0.886796 -0.440536 0.139715 0.456357 0.882446 -0.114137 0.073010 -0.164976 -0.983592
3.690598 -1.477226 312.656700 -63.520239 0.996666 -0.038212 0.072090 0.047917 0.989258 -0.138105 0.066038 -0.141098 -0.987791
6.483111 -0.655619 235.845249 -64.433789 0.998987 0.035125 -0.028141 -0.038379 0.991418 -0.124967 -0.023510 -0.125920 -0.991762
6.000245 0.275593 168.731579 -56.980832 0.993780 -0.107872 -0.027656 0.103275 0.985655 -0.133486 -0.041659 -0.129799 -0.990665
0.405228 -14.843100 9.661660 43.456110 0.051212 0.885692 -0.461440 0.822474 0.224686 0.522544 -0.566493 0.406282 0.716952
0.367266 -14.303996 -53.856838 15.456058 0.031815 0.905593 -0.422953 0.854273 0.195034 0.481851 -0.518851 0.376647 0.767418
0.283256 -13.842483 -1.266927 -43.149602 0.038513 0.888359 -0.457532 0.741725 0.281403 0.608815 -0.669597 0.362810 0.648081
-3.299862 -9.653696 76.762495 137.370617 -0.407622 0.853155 0.325531 -0.329115 -0.469794 0.819132 -0.851779 -0.226759 -0.472285
-2.449145 -9.511797 127.228228 148.142265 -0.357124 0.875691 0.325003 -0.301763 -0.437456 0.847096 -0.883969 -0.204445 -0.420477
-2.374283 -10.395331 127.310861 33.264913 -0.365264 0.862158 0.351091 -0.387914 -0.483813 0.784505 -0.846230 -0.150359 -0.511163
-4.367827 -10.433140 102.903334 43.105576 -0.453240 0.817919 0.354376 -0.400318 -0.541980 0.738920 -0.796441 -0.193045 -0.573075
-4.635953 -8.803210 111.284622 160.271030 -0.436279 0.848801 0.298658 -0.294687 -0.448388 0.843865 -0.850188 -0.280150 -0.445754
-2.935987 -10.410142 90.081826 16.664067 -0.399844 0.844282 0.356809 -0.429360 -0.516456 0.740894 -0.809799 -0.143043 -0.569002
1.111332 -8.948992 -15.482296 26.191286 0.254745 0.708025 0.658639 0.010589 0.679027 -0.734037 0.966950 -0.193966 -0.165481
1.392620 -9.470908 -9.504044 49.577833 0.222620 0.708141 0.670057 0.034796 0.681095 -0.731368 0.974284 -0.186132 -0.126985
1.262746 -8.532255 -15.609261 51.632256 0.253638 0.718038 0.648143 -0.130410 0.689320 -0.712622 0.958468 -0.096224 -0.268477
-0.260475 -4.340121 -28.994753 -0.676147 0.506945 0.225943 -0.831839 0.800751 0.233774 0.551496 0.319069 -0.945674 -0.062413
-0.661763 -4.667236 -52.895755 -0.111160 0.583020 0.261802 -0.769122 0.766437 0.136859 0.627570 0.269560 -0.955369 -0.120863
-1.909748 -6.775123 -102.391559 -248.966218 0.185619 0.104982 -0.976998 0.936711 0.281463 0.208209 0.296847 -0.953812 -0.046093
-0.851357 -4.574327 96.295505 51.788100 0.541750 0.286918 -0.790054 0.784648 0.164399 0.597746 0.301389 -0.943743 -0.136067
-0.563280 -6.619972 -89.322746 -299.758893 0.120922 0.051752 -0.991312 0.930312 0.342438 0.131358 0.346261 -0.938114 -0.006737
-1.018969 -4.108632 113.079692 69.753503 0.442817 0.244314 -0.862684 0.824332 0.267539 0.498899 0.352689 -0.932059 -0.082925
-0.015095 -3.809880 -19.536637 -55.605988 0.315309 0.151325 -0.936846 0.877343 0.329814 0.348556 0.361730 -0.931839 -0.028771
2.415747 -56.885082 -8.616304 3020.217049 -0.347127 0.932830 -0.096600 0.096795 -0.066818 -0.993059 0.932810 0.354068 0.067099
5.965574 -194.627688 -98.461508 10934.464668 -0.317533 0.943255 -0.097177 0.368832 0.028447 -0.929061 0.873576 0.330850 0.356936
1.536046 -47.414315 82.146969 2340.122053 -0.377287 0.912618 -0.157422 0.143001 -0.110536 -0.983531 0.914989 0.393585 0.088802
1.235606 -9.462979 -7.065870 318.465675 -0.329730 0.930957 -0.156834 0.116016 -0.124908 -0.985362 0.936920 0.343099 0.066819
-3.573439 -7.047988 52.664133 -87.465180 0.162278 0.971020 0.175460 -0.555156 0.236850 -0.797310 0.815762 -0.031978 -0.577504
-4.065472 -7.598757 54.165037 -64.669734 0.255947 0.936444 0.239924 -0.554383 0.345511 -0.757154 0.791929 -0.060782 -0.607581
-3.518451 -7.999230 8.643293 -149.738577 0.199004 0.948909 0.244884 -0.565159 0.315268 -0.762366 0.800620 -0.013315 -0.599024
-3.812888 -6.394754 63.053398 -23.804228 0.234399 0.940032 0.247784 -0.506728 0.335665 -0.794076 0.829629 -0.060571 -0.555020
-3.293464 -6.502473 36.723335 -83.239113 0.148432 0.968933 0.197832 -0.529374 0.246823 -0.811690 0.835303 -0.015753 -0.549564
2.349535 -6.895052 136.327232 -104.768875 -0.505764 0.802645 -0.316171 -0.785304 -0.580069 -0.216372 0.357071 -0.138858 -0.923698
2.718287 -10.649983 63.502636 -359.975205 -0.417305 0.833133 -0.362969 -0.841039 -0.505363 -0.193033 0.344253 -0.224717 -0.911588
5.057977 -6.808036 106.037798 -194.539154 -0.441259 0.808573 -0.389230 -0.780169 -0.559986 -0.278840 0.443426 -0.180625 -0.877923
2.346765 -6.217064 254.236928 51.045931 -0.504226 0.818049 -0.276681 -0.775490 -0.569896 -0.271723 0.379962 -0.077553 -0.921745
0.425241 -6.823737 166.912059 59.247378 -0.469119 0.840220 -0.271951 -0.804442 -0.533621 -0.261001 0.364417 -0.096328 -0.926240
5.010900 -5.554341 223.868222 4.417086 -0.472745 0.818285 -0.326990 -0.768869 -0.564327 -0.300624 0.430526 -0.109294 -0.895937
-4.991551 -9.606097 -15.524618 43.783936 0.032289 0.977587 0.208040 0.528776 0.159924 -0.833559 0.848147 -0.136921 0.511761
-5.050517 -9.796311 -17.817100 -27.717753 0.053259 0.957230 0.284383 0.665936 0.178166 -0.724421 0.744105 -0.227962 0.627965
-4.746261 -9.705809 -9.020599 28.551085 0.052631 0.948295 0.312996 0.557027 0.232261 -0.797356 0.828825 -0.216313 0.516001
1.175718 -6.766854 163.193776 11.048780 -0.280252 0.895060 -0.346880 0.004221 -0.360209 -0.932862 0.959917 0.262901 -0.097171
-0.904574 -6.873574 179.432574 12.016244 -0.291337 0.889597 -0.351768 -0.000543 -0.367873 -0.929876 0.956620 0.270716 -0.107658
0.886942 -6.536644 151.721340 14.179886 -0.280867 0.890145 -0.358825 -0.112693 -0.401876 -0.908733 0.953108 0.214796 -0.213187
-0.784010 -7.122971 191.031259 6.974797 -0.298987 0.896800 -0.326123 0.116154 -0.305013 -0.945238 0.947162 0.320495 0.012972
2.507584 -6.467881 109.803808 17.402732 -0.243520 0.906516 -0.344858 -0.116134 -0.380257 -0.917561 0.962918 0.183395 -0.197877
3.011731 -6.679276 120.145681 14.083261 -0.238548 0.911673 -0.334585 0.002386 -0.343980 -0.938974 0.971128 0.224789 -0.079880
1.479923 -6.948144 174.953037 3.278944 -0.283319 0.899842 -0.331686 0.123966 -0.308594 -0.943081 0.950980 0.308310 0.024119
-2.110485 -6.262011 -95.113662 -18.486370 0.888373 -0.374447 0.265675 -0.396494 -0.333942 0.855146 0.231487 0.865027 0.445131
-2.764088 -6.344771 -61.215189 -6.628975 0.894435 -0.394769 0.210103 -0.365752 -0.375439 0.851628 0.257316 0.838572 0.480194
-2.859018 -6.515040 -117.846338 -31.093940 0.898698 -0.384083 0.211710 -0.337200 -0.296474 0.893532 0.280424 0.874405 0.395953
-1.527239 -6.710902 -124.984561 34.056983 0.873278 -0.381216 0.303413 -0.409108 -0.235526 0.881566 0.264606 0.893981 0.361638
-3.490232 -6.559640 -90.609764 -7.571001 0.893271 -0.416304 0.169581 -0.295429 -0.259356 0.919487 0.338805 0.871450 0.354664
-2.544964 -6.695310 -169.980032 44.619464 0.888499 -0.385320 0.249195 -0.348324 -0.212798 0.912901 0.298730 0.897912 0.323287
0.195449 -3.897840 34.669332 -84.637768 0.463788 0.841577 -0.276854 0.885001 -0.454523 0.100907 -0.040915 -0.291816 -0.955599
-0.259471 -4.828813 -76.470939 -26.298202 0.593777 0.743506 -0.307615 0.799294 -0.588987 0.119262 -0.092509 -0.316690 -0.944007
0.833130 -5.695492 -118.005919 -34.864878 0.340687 0.881798 -0.326135 0.939944 -0.311737 0.139015 0.020915 -0.353909 -0.935046
-0.742458 -9.744838 -13.708308 -62.185161 0.086376 0.991355 -0.098760 -0.286117 -0.070271 -0.955615 0.954294 -0.110799 -0.277574
-0.533780 -10.241553 -10.148514 -68.808809 0.095342 0.988785 -0.114957 -0.296666 -0.082012 -0.951453 0.950210 -0.124817 -0.285520
-0.746263 -11.206353 -9.689293 -57.291528 0.070435 0.988452 -0.134173 -0.505524 -0.080584 -0.859041 0.859933 -0.128335 -0.494010
-1.023604 -10.719971 -14.155045 -57.045667 0.054731 0.990908 -0.122908 -0.493888 -0.080115 -0.865827 0.867801 -0.108090 -0.485013
-1.023629 -9.283003 -10.134061 -57.606720 0.064088 0.994534 -0.082431 -0.277254 -0.061605 -0.958820 0.958657 -0.084303 -0.271790
-1.258537 -21.923086 -110.022625 -406.890803 -0.011601 0.664081 -0.747570 -0.697794 -0.540862 -0.469630 0.716205 -0.516202 -0.469666
-2.010703 -20.549789 -60.159995 -513.573280 -0.041905 0.715307 -0.697553 -0.565525 -0.592543 -0.573650 0.823666 -0.370445 -0.429354
-0.588962 -16.739135 -60.171102 -310.031818 -0.036411 0.687488 -0.725283 -0.517170 -0.633981 -0.574981 0.855108 -0.354159 -0.378632
-0.265229 -22.479990 -87.289237 -395.350855 -0.016466 0.664632 -0.746990 -0.728362 -0.519795 -0.446431 0.684994 -0.536728 -0.492652
0.267341 -13.992742 -16.300709 -183.190786 -0.092789 0.698406 -0.709661 -0.428528 -0.671360 -0.604682 0.898751 -0.248002 -0.361581
0.559680 -19.142559 -31.645615 -274.747034 -0.069988 0.682474 -0.727551 -0.653135 -0.582625 -0.483697 0.754000 -0.441336 -0.486525
-0.198227 -11.693080 -26.361280 -181.523086 -0.078562 0.719791 -0.689731 -0.317003 -0.673996 -0.667262 0.945165 -0.166226 -0.281126
1.801457 -13.522224 59.486732 -202.902079 0.167334 0.789185 -0.590920 -0.574863 0.565038 0.591831 -0.800956 -0.240665 -0.548224
0.526712 -13.695262 63.949402 -178.399126 0.180661 0.807316 -0.561785 -0.582099 0.548171 0.600558 -0.792794 -0.218517 -0.568971
1.428584 -15.720710 64.689172 -164.840058 0.170343 0.786986 -0.592989 -0.391846 0.606257 0.692033 -0.904124 -0.114477 -0.411649
-0.230877 -4.318943 45.607942 38.929692 0.110158 0.959337 -0.259881 0.951326 -0.177490 -0.251945 0.287826 0.219477 0.932194
0.441926 -3.965604 42.543259 2.138426 0.217028 0.937289 -0.272741 0.912122 -0.294248 -0.285397 0.347753 0.186834 0.918782
0.254166 -3.855029 23.803744 13.360286 0.285738 0.920169 -0.267663 0.915038 -0.344959 -0.209065 0.284708 0.185184 0.940557
2.544198 -5.984240 39.222830 5.360645 -0.195769 0.917064 -0.347373 -0.329287 -0.395134 -0.857577 0.923712 0.053501 -0.379332
1.640369 -6.051973 76.642395 5.941742 -0.246055 0.897735 -0.365415 -0.326020 -0.431695 -0.841041 0.912780 0.087810 -0.398900
2.010098 -5.797096 24.166251 6.215391 -0.199616 0.911174 -0.360438 -0.426657 -0.411964 -0.805139 0.882109 0.006935 -0.470994
2.369682 -5.716169 -5.956448 8.108423 -0.141774 0.930362 -0.338123 -0.435161 -0.365375 -0.822883 0.889121 -0.030474 -0.456657
1.571690 -5.465795 18.485838 14.767856 -0.207385 0.905625 -0.369913 -0.516280 -0.422508 -0.744945 0.830931 -0.036488 -0.555178
1.796564 -5.396641 -3.828762 19.429326 -0.156215 0.923191 -0.351161 -0.524859 -0.378764 -0.762273 0.836731 -0.065232 -0.543714
-1.005698 -11.464606 0.594837 416.967182 -0.203504 0.940987 -0.270424 0.059643 0.287605 0.955890 -0.977256 -0.178399 0.114652
-1.285625 -7.352256 12.508161 227.954669 -0.210379 0.913777 -0.347495 0.119886 0.376881 0.918471 -0.970241 -0.151567 0.188837
-1.211305 -7.822658 13.443204 249.797298 -0.199459 0.878155 -0.434809 0.138782 0.464568 0.874595 -0.970029 -0.114102 0.214535
0.034387 -8.255826 44.931457 -20.711245 -0.059391 0.987751 0.144294 -0.479773 0.098515 -0.871845 0.875380 0.121008 -0.468045
-0.624409 -8.046350 23.310086 -23.939620 -0.037591 0.991729 0.122720 -0.430408 0.094763 -0.897646 0.901852 0.086563 -0.423286
-0.339429 -8.172830 40.823593 -5.606385 -0.041072 0.987271 0.153653 -0.631922 0.093452 -0.769377 0.773943 0.128697 -0.620040
0.576341 -8.213087 74.362268 4.409680 -0.069150 0.980819 0.182242 -0.666950 0.090400 -0.739598 0.741887 0.172690 -0.647906
0.595648 -8.435721 22.182547 0.305705 -0.047352 0.991160 0.123938 -0.540851 0.078874 -0.837412 0.839784 0.106685 -0.532335
-12.418721 -23.371312 474.630294 502.688200 -0.258282 0.950156 0.174625 0.710674 0.309313 -0.631877 0.654396 0.039101 0.755141
-11.709018 -23.441972 -31.330836 583.167115 -0.200465 0.929126 0.310706 0.674211 0.360935 -0.644333 0.710811 -0.080315 0.698782
-10.535371 -20.644208 358.363147 467.974271 -0.185363 0.972117 0.143627 0.590233 0.226999 -0.774659 0.785662 0.058820 0.615853
-12.824203 -24.365475 80.302634 258.386308 -0.225165 0.928351 0.295744 0.805044 0.348247 -0.480238 0.548821 -0.129954 0.825777
-7.763134 -20.207653 462.244494 311.699071 -0.140040 0.990003 -0.016825 0.667867 0.081900 -0.739761 0.730988 0.114834 0.672659
-9.515239 -22.746688 560.049672 300.629799 -0.207309 0.977991 0.023573 0.780874 0.179944 -0.598210 0.589286 0.105607 0.800993
-13.916694 -24.434369 602.686318 220.864095 -0.272482 0.948284 0.162820 0.829713 0.317266 -0.459258 0.487164 -0.009955 0.873254
3.395728 -17.728622 -71.703394 219.514794 -0.236659 0.943430 -0.232232 0.175154 0.276533 0.944908 -0.955674 -0.182945 0.230690
2.272345 -17.817108 41.589711 -11.201321 -0.184516 0.970065 -0.157883 0.323753 0.211667 0.922161 -0.927975 -0.119039 0.353117
2.170902 -15.258299 -57.864248 55.714037 -0.241604 0.957834 -0.155506 0.321617 0.230237 0.918452 -0.915527 -0.171888 0.363682
1.928766 -16.371123 -3.612221 -179.475494 -0.183314 0.980983 -0.063780 0.455588 0.142267 0.878749 -0.871112 -0.132029 0.473003
1.692603 -13.976683 -59.957784 -157.327953 -0.227906 0.972667 -0.044476 0.438883 0.143395 0.887029 -0.869161 -0.182639 0.459567
5.196359 -7.428910 230.874958 11.345407 -0.300606 0.952552 -0.047750 -0.220013 -0.117973 -0.968337 0.928025 0.280583 -0.245038
2.422409 -7.393542 242.518193 9.492822 -0.341799 0.939725 0.009564 -0.236401 -0.076125 -0.968669 0.909554 0.333351 -0.248171
4.910940 -7.189152 255.500951 17.311493 -0.323567 0.945885 -0.024618 -0.346147 -0.142544 -0.927288 0.880617 0.291518 -0.373538
6.980778 -7.083757 150.836312 25.890099 -0.253317 0.963393 -0.087779 -0.339220 -0.173438 -0.924580 0.905958 0.204435 -0.370737
7.122704 -6.684407 235.188445 30.310192 -0.297613 0.952097 -0.070265 -0.448178 -0.204321 -0.870281 0.842949 0.227516 -0.487517
4.528700 -6.863476 274.663870 17.251384 -0.349990 0.936747 -0.003392 -0.452460 -0.172218 -0.874998 0.820236 0.304706 -0.484116
1.792761 -32.863528 75.930947 498.140072 -0.215538 -0.774492 -0.594732 0.802260 0.206774 -0.560021 0.556707 -0.597835 0.576776
0.808636 -34.636456 22.427974 1140.581238 -0.202207 -0.762973 -0.613990 0.825736 0.204265 -0.525771 0.526566 -0.613309 0.588711
2.551938 -36.414362 95.693729 1022.446344 -0.190019 -0.773853 -0.604189 0.910211 0.091799 -0.403841 0.367978 -0.626678 0.686926
10.560980 -10.066737 -140.270057 999.033917 -0.408219 0.848631 0.336425 0.539224 -0.073213 0.838974 -0.736611 -0.523894 0.427715
9.844442 -21.312705 222.868761 1773.053337 -0.361272 0.843488 0.397505 0.516461 -0.173932 0.838460 -0.776370 -0.508208 0.372793
8.367670 -13.828530 328.468592 1460.721467 -0.298062 0.876715 0.377530 0.551736 -0.164512 0.817633 -0.778940 -0.452002 0.434680
11.058894 -2.348405 -152.863335 705.160895 -0.464582 0.865628 0.186684 0.491758 0.076875 0.867332 -0.736436 -0.494750 0.461394
10.706087 -175.438836 573.734407 11412.682904 0.203657 0.727550 0.655129 -0.200359 -0.624019 0.755286 -0.958321 0.285081 -0.018685
9.938857 -147.039915 -85.451195 6161.051963 0.055350 0.792423 0.607456 -0.520648 -0.496222 0.694759 -0.851976 0.354726 -0.385107
5.557859 -201.890807 -92.133208 7315.803352 0.205110 0.749456 0.629481 -0.644471 -0.380623 0.663161 -0.736605 0.541703 -0.404933
-5.789923 -125.069615 -360.238051 4657.636297 0.583834 0.453824 0.673187 0.712180 -0.684380 -0.156281 0.389792 0.570672 -0.722769
7.996990 -390.453216 -1009.478497 15991.476926 -0.663494 -0.256216 -0.702944 -0.343016 0.939146 -0.018543 0.664918 0.228818 -0.711004
-10.320275 -675.045733 355.101153 40297.034753 0.437937 0.485820 0.756433 0.882011 -0.395017 -0.256941 0.173977 0.779706 -0.601491
-2.754475 -4.001064 -53.932191 -13.864793 0.711387 0.626550 -0.318376 0.694722 -0.695403 0.183782 0.106251 0.351924 0.929979
-1.371306 -3.379086 -60.467481 -8.507701 0.888044 0.400369 -0.226014 0.453021 -0.845849 0.281623 0.078420 0.352483 0.932527
-2.367241 -4.062631 70.864160 -21.437577 -0.698872 -0.650759 0.296802 0.705266 -0.696069 0.134491 0.119074 0.303316 0.945421
-1.648571 -3.287999 -60.127696 -22.743771 0.912377 0.347124 -0.216965 0.404225 -0.847614 0.343735 0.064584 0.401318 0.913659
-3.347086 -4.797039 51.008444 -66.270344 -0.402178 -0.848679 0.343507 0.901299 -0.432957 -0.014436 0.160975 0.303797 0.939039
-3.563283 -4.795961 26.344080 -77.000612 -0.270301 -0.883712 0.382087 0.950893 -0.307200 -0.037815 0.150795 0.353102 0.923352
-3.058463 -3.823991 35.560483 -38.132394 -0.575442 -0.725243 0.378006 0.812298 -0.560556 0.161084 0.095069 0.399748 0.911682
1.245865 -3.204113 132.757064 -47.981956 -0.761288 0.563717 0.320413 0.526550 0.825831 -0.201861 -0.378400 0.015039 -0.925520
3.184721 -2.135154 185.500320 -3.918965 -0.885136 0.317886 0.339827 0.287956 0.947848 -0.136619 -0.365534 -0.023071 -0.930512
2.560887 -2.030985 101.929848 -47.633763 -0.851204 0.428923 0.302452 0.401677 0.903316 -0.150584 -0.337799 -0.006690 -0.941195
1.483035 -3.295052 88.604424 -76.159432 -0.713240 0.640466 0.284767 0.610041 0.767292 -0.197771 -0.345165 0.032661 -0.937974
-2.281882 -13.528824 -6.185905 36.872062 0.064539 0.835677 -0.545416 0.633150 -0.456749 -0.624901 0.771334 0.305000 0.558587
-2.018537 -13.623261 -15.664491 35.995621 0.104217 0.861784 -0.496455 0.628879 -0.443813 -0.638389 0.770487 0.245679 0.588211
-2.126670 -13.190638 -6.352618 17.417385 0.064581 0.837522 -0.542573 0.463051 -0.506781 -0.727157 0.883976 0.204278 0.420544
-101.450195 -762.308900 8905.580559 -117625.628083 -0.383474 0.399267 0.832787 0.919534 0.249082 0.304000 -0.086055 0.882352 -0.462656
-208.093504 -525.812508 18455.158862 -48766.198185 0.065688 0.345788 0.936010 0.905552 -0.414657 0.089635 0.419118 0.841718 -0.340367
-202.677494 -394.531492 19310.991224 27017.279399 -0.522440 0.396646 0.754804 0.850021 0.312077 0.424350 -0.067240 0.863296 -0.500199
-20.126127 -50.250868 631.680301 -1496.103754 0.036373 0.978012 -0.205354 0.677729 0.126873 0.724283 -0.734411 0.165519 0.658212
-21.105900 -40.843715 445.258980 -1263.188536 0.125156 0.991356 0.039352 0.383738 -0.084947 0.919527 -0.914921 0.099984 0.391052
-29.550580 -43.574849 656.711622 -658.624676 0.061562 0.987975 0.141832 0.697477 -0.144231 0.701943 -0.713958 -0.055712 0.697969
-11.505886 -51.646738 402.037740 -2279.791169 0.138100 0.947406 -0.288703 0.339379 0.228582 0.912454 -0.930457 0.223990 0.289963
-9.935330 -63.436143 368.660726 -2358.658371 0.047060 0.913280 -0.404606 0.688287 0.263901 0.675734 -0.723910 0.310285 0.616180
-15.687311 -44.641415 624.897013 -1832.818375 0.581579 -0.198282 -0.788955 0.799887 0.316003 0.510219 0.148145 -0.927807 0.342383
-27.271875 -44.937203 1048.899868 -1657.708322 0.602006 -0.355063 -0.715206 0.795171 0.348186 0.496458 0.072751 -0.867581 0.491945
-19.456832 -31.411806 649.018281 785.635356 0.144544 -0.310012 -0.939680 0.989494 0.042632 0.138142 -0.002766 -0.949776 0.312918
-8.997365 -24.377060 376.643129 -230.787292 0.431436 -0.181986 -0.883598 0.898955 0.169001 0.404127 0.075783 -0.968669 0.236510
-9.403278 -12.014693 115.370622 206.137343 0.334336 0.942251 0.019540 -0.433175 0.135223 0.891108 -0.837006 0.306394 -0.453370
-6.808111 -10.550299 83.697785 81.619814 0.105971 0.865172 0.490150 -0.529862 -0.367983 0.764091 -0.841437 0.340683 -0.419426
16.782017 -12.760193 -497.192405 -15.331841 -0.071341 0.902638 -0.424446 0.544985 0.391672 0.741339 -0.835405 0.178429 0.519867
10.237468 -11.681421 -290.579043 109.493556 -0.155760 0.951539 -0.265166 0.563135 0.306085 0.767588 -0.811553 0.029765 0.583521
9.492594 -13.344989 -290.789997 96.714104 -0.155170 0.936115 -0.315612 0.448028 0.351421 0.822055 -0.880451 0.013844 0.473936
6.098302 -12.493728 -121.164525 201.393960 -0.170689 0.969138 -0.177866 0.494497 0.240391 0.835276 -0.852255 -0.054618 0.520268
17.794397 -12.969847 -611.456490 -155.457826 -0.056532 0.858353 -0.509936 0.363522 0.493390 0.790201 -0.929869 0.140701 0.339922
8.356592 -13.937435 -275.353249 92.371461 -0.138356 0.924983 -0.353927 0.292609 0.379588 0.877663 -0.946170 -0.017868 0.323177
5.859628 -14.393696 -116.098649 130.892173 -0.160222 0.946105 -0.281449 0.280565 0.317023 0.905969 -0.946368 -0.066192 0.316238
5.464971 -13.491392 -69.871388 113.315093 -0.178191 0.950423 -0.254843 0.314851 0.300443 0.900335 -0.932264 -0.080194 0.352778
14.213089 -6.321886 97.643032 -65.875026 0.527268 0.731599 -0.432148 -0.354210 0.651541 0.670842 -0.772350 0.200643 -0.602676
11.807742 -5.284949 -350.098200 -27.712601 -0.694384 -0.606924 0.386618 -0.213431 0.686791 0.694813 -0.687225 0.399951 -0.606433
13.917104 -7.138281 -420.695199 10.020962 -0.661174 -0.543660 0.516995 -0.026773 0.705771 0.707934 -0.749755 0.454226 -0.481193
13.186033 -7.725853 41.285569 10.996480 0.505720 0.688591 -0.519702 -0.174001 0.671449 0.720333 -0.844968 0.273858 -0.459381
11.095546 -5.308383 -551.512335 -10.575642 -0.789707 -0.430025 0.437539 -0.018060 0.729191 0.684072 -0.613218 0.532315 -0.583614
6.560200 -4.018145 -318.727030 -37.215389 -0.810702 -0.468302 0.351361 -0.117336 0.717935 0.686150 -0.573580 0.515036 -0.636980
11.018918 -3.802942 494.849915 -11.046096 0.643994 0.755625 -0.119593 -0.539930 0.559667 0.628688 -0.541985 0.340300 -0.768407
14.095674 -4.451062 133.477611 -81.478138 0.473290 0.825070 -0.308637 -0.571549 0.554221 0.605121 -0.670320 0.109996 -0.733875
11.535428 -5.065872 412.010874 43.775033 0.536875 0.837801 -0.099270 -0.645088 0.483490 0.591692 -0.543716 0.253627 -0.800029
5.906873 -3.821912 490.610032 27.747948 0.710632 0.703545 -0.005026 -0.555139 0.565091 0.610322 -0.432230 0.430924 -0.792137
5.714958 -3.156002 674.631060 41.753577 0.750990 0.660233 0.010291 -0.494105 0.551549 0.672052 -0.438035 0.509789 -0.740432
18.302106 -9.033309 -386.540319 15.041535 -0.580096 -0.533292 0.615702 0.142355 0.677874 0.721264 -0.802013 0.506050 -0.317315
5.909887 -5.696135 527.087574 -128.977818 0.838985 0.317477 -0.441942 0.056545 0.756901 0.651079 -0.541208 0.571235 -0.617077
6.128969 -8.650085 383.774011 -227.659208 0.840078 0.267631 -0.471850 0.140525 0.732767 0.665811 -0.523948 0.625641 -0.577973
-1.349312 -6.232970 -36.993601 -23.249574 -0.270318 0.950102 -0.155675 -0.867280 -0.170094 0.467861 -0.418037 -0.261485 -0.869983
-1.886807 -6.183934 -16.664092 -22.130702 -0.299046 0.948906 -0.100743 -0.855781 -0.219986 0.468237 -0.422151 -0.226238 -0.877841
-1.932630 -5.476012 -18.035872 -65.594074 -0.299964 0.946956 -0.115306 -0.899946 -0.240816 0.363463 -0.316416 -0.212795 -0.924445
-2.137670 -6.093834 -4.775172 -22.424552 -0.312884 0.948522 -0.049097 -0.849668 -0.256425 0.460772 -0.424462 -0.185884 -0.886159
-2.175266 -5.358705 -7.986234 -64.951332 -0.315002 0.946761 -0.066471 -0.893962 -0.272454 0.355810 -0.318756 -0.171503 -0.932192
-2.390067 -7.280381 -32.422289 -84.180272 -0.223491 0.940106 -0.257396 -0.649146 -0.340549 -0.680174 0.727091 -0.015075 -0.686375
-3.066003 -7.385785 12.281684 -118.985656 -0.140455 0.988088 -0.062885 -0.657518 -0.140574 -0.740209 0.740232 0.062619 -0.669430
-2.381755 -9.541980 -96.069738 -184.447094 -0.203483 0.920115 -0.334638 -0.728825 -0.370575 -0.575750 0.653765 -0.126737 -0.746009
-2.276973 -6.481731 44.904038 52.073126 -0.155412 0.985962 -0.061041 -0.625487 -0.146043 -0.766445 0.764600 0.080934 -0.639403
-2.213028 -7.205775 -11.248658 84.703588 -0.155904 0.973684 -0.166233 -0.637915 -0.227738 -0.735663 0.754161 0.008650 -0.656632
-1.665543 -7.655375 -57.118562 -47.418874 -0.222526 0.916368 -0.332793 -0.679552 -0.390554 -0.621028 0.699064 -0.087956 -0.709629
-0.283726 -17.208792 -0.683614 152.061010 -0.421909 0.906462 0.017903 0.075424 0.015414 0.997032 -0.903496 -0.422007 0.074872
-0.320621 -15.730947 -1.487869 119.236402 -0.414223 0.910111 0.010846 0.067309 0.018747 0.997556 -0.907683 -0.413941 0.069024
-0.256650 -17.403572 0.777273 43.067592 -0.424132 0.903648 0.059426 0.286003 0.071397 0.955565 -0.859252 -0.422282 0.288728
-0.301284 -18.287991 -3.391658 254.702227 -0.409355 0.911689 -0.035371 -0.160485 -0.033787 0.986460 -0.898149 -0.409489 -0.160144
-0.200997 -18.253579 -2.406030 176.179603 -0.427010 0.903719 0.030908 0.090658 0.008778 0.995843 -0.899691 -0.428037 0.085677
-0.181392 -19.558214 -4.525194 266.678176 -0.418571 0.907960 -0.020174 -0.155466 -0.049750 0.986588 -0.894778 -0.416094 -0.161981
-0.133749 -4.785053 -30.212824 27.997332 -0.156652 0.856316 -0.492121 -0.262072 0.444371 0.856652 -0.952249 -0.263167 -0.154804
-0.615193 -4.994470 -82.478458 28.591736 -0.145546 0.829992 -0.538451 -0.324330 0.474143 0.818534 -0.934680 -0.293770 -0.200182
0.338427 -4.688276 5.493504 14.475346 -0.102633 0.810135 -0.577189 -0.279175 0.533472 0.798416 -0.954740 -0.243080 -0.171418
1.090476 -47.335239 46.408124 3264.442524 0.264849 0.779458 0.567715 0.235840 -0.623218 0.745640 -0.935005 0.063592 0.348886
-4.784584 -18.422281 206.505110 399.937190 0.260511 0.800117 0.540321 0.143592 -0.585530 0.797832 -0.954733 0.130258 0.267427
-2.905911 -27.303948 114.913698 1274.156270 0.289545 0.789038 0.541833 0.242595 -0.608093 0.755890 -0.925911 0.087418 0.367487
0.356671 -8.753004 -19.811897 14.469728 0.278233 0.678961 0.679411 0.259240 0.628009 -0.733757 0.924868 -0.380287 0.001281
0.516296 -9.509403 -25.071352 38.503387 0.254949 0.652062 0.714014 0.426781 0.586719 -0.688200 0.867675 -0.480183 0.128704
0.764648 -9.127473 -19.999253 2.357750 0.254511 0.669711 0.697647 0.300360 0.630984 -0.715292 0.919243 -0.391596 0.040562
6.529148 -6.910103 73.210825 124.192306 0.149782 0.823932 0.546536 0.875544 0.146274 -0.460464 -0.459335 0.547485 -0.699479
4.466550 -8.383956 -40.792693 -112.991451 0.065298 0.850785 0.521442 -0.782598 -0.280540 0.555732 -0.619094 0.444368 -0.647503
-1.443478 -16.116818 2.375881 -177.442204 0.136372 0.943631 0.301601 0.393089 -0.330995 0.857859 -0.909331 -0.001568 0.416070
-1.366272 -15.847567 0.092330 -59.265757 0.120684 0.957924 0.260419 0.232025 -0.282289 0.930847 -0.965194 0.051914 0.256330
-1.524001 -16.906627 0.559158 -165.302257 0.110977 0.943895 0.311041 0.352649 -0.330008 0.875633 -0.929152 -0.012513 0.369487
-1.348497 -14.791103 1.566639 -89.279408 0.144676 0.956872 0.251921 0.275197 -0.283467 0.918647 -0.950440 0.063578 0.304340
-1.534585 -17.331233 4.699350 -94.315026 0.125326 0.934300 0.333732 0.526919 -0.347703 0.775538 -0.840624 -0.078655 0.535877
-1.382395 -16.830673 11.527309 -82.135974 0.152868 0.933469 0.324449 0.565157 -0.351900 0.746166 -0.810696 -0.069299 0.581351
-1.360150 -15.362466 5.816740 -179.437411 0.164862 0.940006 0.298679 0.432374 -0.341053 0.834707 -0.886495 0.008471 0.462661
-3.797343 -12.542023 -94.745587 -305.329186 0.013860 0.909330 -0.415845 0.754834 0.263236 0.600777 -0.655770 0.322221 0.682744
-3.077328 -14.819340 -33.636437 -340.500126 -0.000668 0.906155 -0.422945 0.834252 0.233709 0.499403 -0.551382 0.352509 0.756118
0.036729 -4.585616 -41.596252 3.177285 -0.185484 0.946423 -0.264345 -0.123262 0.244480 0.961788 -0.974886 -0.210980 -0.071311
-0.170000 -4.790475 -51.559381 -15.701227 -0.194461 0.967644 -0.160782 -0.016500 0.160661 0.986872 -0.980772 -0.194560 0.015276
-0.632381 -4.319576 -41.291365 1.566702 -0.174661 0.939403 -0.294985 -0.092257 0.282659 0.954774 -0.980297 -0.193976 -0.037297
-0.368330 -4.266599 -14.654809 20.896469 -0.144848 0.897005 -0.417613 -0.176211 0.391932 0.902961 -0.973637 -0.204380 -0.101292
0.179504 -4.469691 -24.683079 5.874271 -0.160334 0.913707 -0.373407 -0.226585 0.334129 0.914887 -0.960704 -0.231296 -0.153460
-2.230776 -6.175667 -71.421222 -4.216808 -0.035044 0.998982 -0.028391 0.997648 0.036643 0.057922 -0.058904 0.026294 0.997917
-0.090868 -20.142544 -14.510951 96.156440 0.093757 0.897617 0.430688 0.757102 -0.345205 0.554643 -0.646533 -0.274073 0.711954
-0.310336 -19.533513 -13.465380 205.654760 0.064194 0.911569 0.406104 0.672894 -0.340054 0.656945 -0.736948 -0.231093 0.635219
0.051325 -20.415440 -8.863030 245.471081 0.069687 0.911120 0.406206 0.645349 -0.351685 0.678116 -0.760702 -0.214889 0.612499
9.033236 -20.652839 -217.816045 378.845666 0.133820 0.921585 0.364380 0.352552 0.299362 -0.886617 0.926175 -0.247110 0.284846
8.743947 -29.592553 -92.671666 1363.630555 0.144160 0.947133 0.286631 0.465433 0.190718 -0.864291 0.873264 -0.258004 0.413333
7.504742 -16.404496 56.677755 705.132000 0.094390 0.949979 0.297709 0.346908 0.248914 -0.904266 0.933137 -0.188631 0.306060
7.864601 -32.813804 -336.628155 941.949977 0.222847 0.885339 0.408061 0.414433 0.292839 -0.861679 0.882374 -0.361136 0.301656
5.598024 -8.994118 714.112917 730.707203 0.325282 0.677290 -0.659902 -0.362369 -0.555300 -0.748552 0.873431 -0.482618 -0.064800
9.919468 -5.285031 245.274705 -447.725010 0.369981 0.421533 -0.827903 0.449813 0.698445 0.556635 0.812885 -0.578346 0.068801
5.255967 -10.915675 806.448523 -556.630983 0.318420 0.521883 -0.791358 0.384736 0.691813 0.611042 0.866364 -0.499032 0.019500
0.657990 -2.490300 292.379208 -62.740091 0.996380 0.001975 0.084983 0.009146 0.991437 -0.130264 0.084513 -0.130570 -0.987831
0.456536 -14.073434 -23.785680 25.312508 0.054303 0.902941 -0.426319 0.890574 0.149292 0.429638 -0.451584 0.402999 0.796029
0.494529 -14.138475 -27.644900 -22.750430 0.048327 0.901153 -0.430799 0.823878 0.207879 0.527268 -0.564704 0.380407 0.732394
1.015819 -4.436151 127.892713 -460.105279 -0.331856 0.850655 0.407747 -0.016090 0.427075 -0.904073 0.943193 0.306583 0.128040
2.173570 -5.798488 -14.943361 -308.744596 -0.257928 0.880111 0.398595 -0.075638 0.392894 -0.916468 0.963199 0.266531 0.034768
1.368500 -2.696120 46.808961 -209.828949 -0.300941 0.889363 0.344191 0.009838 0.363798 -0.931426 0.953592 0.276918 0.118231
0.416920 -1.710844 18.787032 -356.751317 -0.314858 0.948832 -0.024133 0.171505 0.031868 -0.984668 0.933515 0.314169 0.172763
-0.758697 -5.172181 53.968000 -427.331358 -0.325959 0.944409 0.042915 0.116199 0.085073 -0.989576 0.938216 0.317575 0.137469
-6.737108 -40.858998 66.225458 -846.093337 -0.565398 0.143855 -0.812177 0.818366 0.220767 -0.530603 0.102972 -0.964659 -0.242547
2.219289 -78.935734 -285.706999 -3648.040701 0.901795 0.107831 0.418496 0.272034 0.610813 -0.743576 0.335804 -0.784398 -0.521494
-7.750245 -11.194840 -166.708898 -388.137970 -0.656157 0.085566 -0.749758 0.733078 0.308000 -0.606409 0.179038 -0.947531 -0.264823
