16480
32946
-7.119281 -10.082286 -23.815271 221.701903 -0.309512 -0.161504 0.937080 0.217292 0.947383 0.235051 -0.925736 0.276371 -0.258133
-7.918670 -12.037683 -15.144319 185.877259 -0.334356 -0.114529 0.935462 0.096466 0.983216 0.154855 -0.937497 0.142017 -0.317696
-10.136231 -13.520165 -100.906063 355.959863 -0.180220 0.406711 0.895604 0.247061 0.900040 -0.359010 -0.952093 0.156568 -0.262688
-6.196644 -9.969275 31.025100 129.788827 -0.418431 -0.433270 0.798244 0.051181 0.866237 0.497004 -0.906805 0.248817 -0.340285
-8.840526 -12.350243 94.732669 560.812896 -0.003975 0.576741 0.816917 0.381210 0.756110 -0.531956 -0.924480 0.309302 -0.222865
-6.258530 -8.116384 125.213505 230.464023 -0.115081 0.205365 0.971896 0.420885 0.896314 -0.139558 -0.899784 0.392996 -0.189584
-5.745780 -8.738121 -26.928469 141.354895 -0.418442 -0.565135 0.711005 0.085153 0.754976 0.650200 -0.904243 0.332615 -0.267791
9.023713 -17.452896 114.279167 -347.812542 0.480726 0.536214 0.693813 0.846558 -0.077563 -0.526615 -0.228564 0.840511 -0.491223
8.291173 -16.029177 129.687423 -188.946634 0.458254 0.511950 0.726575 0.829513 0.047269 -0.556484 -0.319236 0.857714 -0.403008
8.809382 -15.108119 63.869124 -141.555722 0.466155 0.575383 0.672037 0.817646 0.009903 -0.575636 -0.337867 0.817824 -0.465844
9.326983 -17.224776 -6.554353 -324.261320 0.468691 0.622579 0.626677 0.844178 -0.106725 -0.525332 -0.260178 0.775245 -0.575588
-6.504372 -10.394141 24.035819 -48.230001 0.044358 0.111443 0.992780 0.999016 -0.004708 -0.044109 -0.000242 0.993760 -0.111543
-6.360810 -8.811034 -47.403896 -82.440417 -0.010513 0.096736 0.995255 0.987300 0.158791 -0.005005 -0.158521 0.982562 -0.097176
-6.623483 -10.215671 -49.597245 -7.508551 0.060979 0.049119 0.996930 0.998138 -0.004381 -0.060837 0.001379 0.998783 -0.049295
-6.414071 -11.099640 -20.255465 -70.810697 -0.002155 0.048949 0.998799 0.993194 -0.116206 0.007838 0.116450 0.992018 -0.048366
-0.779764 -5.639963 -10.197955 53.870430 -0.201127 -0.097250 0.974726 0.727976 0.650966 0.215160 -0.655438 0.752851 -0.060131
-0.459738 -5.705314 -18.229767 33.758000 -0.123378 -0.027564 0.991977 0.789546 0.602830 0.114951 -0.601162 0.797394 -0.052612
-0.241757 -6.292300 -49.406030 40.570175 -0.200802 -0.075680 0.976704 0.711792 0.673745 0.198544 -0.673075 0.735078 -0.081421
-0.218748 -6.528178 -40.665162 39.952140 -0.256114 -0.133976 0.957317 0.640519 0.718207 0.271873 -0.723976 0.682810 -0.098129
-0.661240 -6.099535 -8.017333 65.409165 -0.279464 -0.177251 0.943654 0.646918 0.691487 0.321470 -0.709505 0.700306 -0.078579
-0.777821 -5.267013 22.850883 69.711176 -0.213565 -0.132939 0.967842 0.710590 0.658723 0.247279 -0.670412 0.740548 -0.046215
1.465613 -15.294016 71.184621 -367.293667 0.179384 0.883717 0.432279 0.943931 -0.030818 -0.328702 -0.277157 0.467006 -0.839696
0.195102 -17.174624 29.503662 -302.535466 0.247807 0.874644 0.416642 0.957188 -0.154626 -0.244707 -0.149608 0.459445 -0.875516
1.837404 -14.317932 56.750621 -404.515089 0.261678 0.867254 0.423550 0.902290 -0.064028 -0.426349 -0.342634 0.493731 -0.799270
-0.982823 -7.832825 7.942487 -148.587249 -0.152293 0.086404 0.984551 0.951320 0.282891 0.122326 -0.267951 0.955252 -0.125280
-1.040747 -8.404129 -0.737936 -146.739922 -0.125694 0.082920 0.988598 0.957505 0.270885 0.099020 -0.259585 0.959034 -0.113445
-0.793068 -7.130523 -28.016439 51.686879 -0.201327 0.081578 0.976121 0.974807 0.114367 0.191498 -0.096014 0.990083 -0.102548
-1.047926 -7.995449 32.438311 -72.825348 -0.095390 -0.003609 0.995433 0.344021 0.938258 0.036368 -0.934104 0.345919 -0.088259
-0.274008 -8.306546 57.530072 -6.974084 -0.061821 0.035790 0.997445 0.428790 0.903385 -0.005839 -0.901286 0.427334 -0.071195
-0.944579 -8.084003 29.607206 2.188686 -0.116784 -0.025181 0.992838 0.421808 0.903779 0.072538 -0.899133 0.427258 -0.094925
-0.836306 -7.616762 43.428835 -94.522256 -0.056852 0.053196 0.996964 0.312655 0.949299 -0.032824 -0.948164 0.309840 -0.070602
-1.575372 -7.502908 7.562823 -83.938845 -0.135366 -0.057862 0.989105 0.300855 0.948757 0.096676 -0.944014 0.310664 -0.111021
-1.605642 -6.870398 0.875459 -118.614705 -0.103057 -0.011719 0.994606 0.251349 0.967172 0.037439 -0.962394 0.253852 -0.096728
0.340312 -9.186523 7.368731 -172.618359 -0.040027 -0.029253 0.998770 0.964093 -0.263758 0.030912 0.262530 0.964145 0.038760
0.253214 -7.955055 8.010452 -83.829374 -0.009016 -0.043615 0.999008 0.966091 -0.258189 -0.002553 0.258044 0.965109 0.044464
0.366198 -7.912744 9.069981 -62.253292 0.013699 -0.047458 0.998779 0.983040 -0.182053 -0.022134 0.182881 0.982143 0.044159
0.791684 -9.422652 21.896732 -164.385596 -0.019997 -0.023194 0.999531 0.973091 -0.229986 0.014132 0.229551 0.972917 0.027169
0.132278 -28.784640 31.863049 305.033219 0.067728 -0.005782 0.997687 0.624291 0.780274 -0.037858 -0.778250 0.625411 0.056457
-0.191064 -25.404078 15.565697 360.239348 0.042253 -0.025750 0.998775 0.823719 0.566636 -0.020238 -0.565421 0.823565 0.045153
-0.034765 -27.889563 -1.926989 331.611636 0.060452 -0.008418 0.998136 0.665712 0.745432 -0.034032 -0.743756 0.666528 0.050667
-0.152076 -29.205883 -59.043314 336.114671 0.053031 0.016807 0.998451 0.474301 0.879454 -0.039995 -0.878764 0.475688 0.038667
0.144139 -29.054160 32.046831 157.653516 0.087264 0.004037 0.996177 0.422458 0.905469 -0.040676 -0.902172 0.424393 0.077309
-3.336213 -6.140275 -142.182997 41.954641 -0.209397 0.801381 0.560304 -0.136608 -0.591363 0.794750 -0.968241 -0.089877 -0.233305
-1.636824 -5.511196 -134.322661 87.489714 -0.241560 0.777095 0.581182 -0.138942 -0.620445 0.771844 -0.960387 -0.105696 -0.257845
-0.320190 -4.167853 -263.396753 25.759936 -0.218992 0.954439 0.202703 -0.148919 -0.238006 0.959779 -0.964295 -0.179998 -0.194255
-2.928039 -6.870250 -115.044917 -4.593684 -0.243421 0.646419 0.723110 0.183157 0.762757 -0.620205 -0.952470 -0.018528 -0.304067
-4.866598 -7.246674 -132.527460 5.202555 -0.184106 0.669077 0.720028 0.190885 0.742942 -0.641561 -0.964193 0.019327 -0.264497
-0.455676 -7.965710 -192.140930 205.534375 -0.076466 0.182880 0.980157 0.603909 0.790702 -0.100418 -0.793377 0.584247 -0.170904
0.315112 -6.406447 -173.791780 206.476912 -0.080728 0.167895 0.982494 0.657326 0.749950 -0.074146 -0.749270 0.639833 -0.170904
0.689796 -8.210820 -102.900711 178.301681 -0.075657 0.154754 0.985052 0.586792 0.805626 -0.081497 -0.806196 0.571855 -0.151759
-0.818955 -9.314498 -133.784878 95.761917 -0.070317 0.181486 0.980876 0.505575 0.854143 -0.121793 -0.859912 0.487342 -0.151815
-1.674418 -7.210073 274.204059 66.435234 0.273915 -0.006879 0.961729 0.841039 0.486755 -0.236058 -0.466503 0.873511 0.139115
-4.867608 -8.334463 131.468673 142.855674 -0.035685 -0.145556 0.988706 0.862467 0.495304 0.104046 -0.504854 0.856439 0.107862
-2.442132 -8.071552 401.001137 99.819248 0.203212 -0.076600 0.976134 0.816235 0.563885 -0.125674 -0.540801 0.822293 0.177112
0.704560 -7.182370 339.945358 53.373526 0.286113 -0.027111 0.957812 0.807522 0.544909 -0.225795 -0.515799 0.838057 0.177798
0.905705 -7.837769 410.889169 62.728694 0.246142 -0.074958 0.966331 0.777883 0.610043 -0.150820 -0.578198 0.788815 0.208466
0.538711 -22.564281 5.845256 154.652209 -0.008792 0.188040 0.982122 -0.617852 0.771227 -0.153192 -0.786245 -0.608153 0.109400
0.300789 -18.043009 70.254838 -9.270565 0.027167 0.181194 0.983072 -0.569172 0.811259 -0.133798 -0.821769 -0.555902 0.125170
0.341364 -20.262270 94.504588 539.494798 -0.006593 0.251102 0.967938 -0.682365 0.706446 -0.187914 -0.730982 -0.661726 0.166686
-0.177161 -19.004056 29.506435 21.750218 0.081504 -0.153090 -0.984845 0.875819 0.482632 -0.002542 0.475707 -0.862340 0.173416
0.211880 -17.882628 27.279400 131.710538 0.115215 -0.132456 -0.984470 0.748135 0.663544 -0.001720 0.653467 -0.736318 0.175545
-0.396463 -19.234912 51.378375 167.487172 0.076367 -0.141946 -0.986924 0.768044 0.639569 -0.032557 0.635828 -0.755515 0.157862
-0.778851 -20.309297 46.165222 -27.128753 0.028334 -0.169634 -0.985100 0.958109 0.285588 -0.021620 0.285000 -0.943220 0.170620
-0.121485 -18.876341 9.708493 -21.175800 0.049103 -0.172180 -0.983841 0.950968 0.309219 -0.006654 0.305368 -0.935274 0.178921
-1.103136 -20.903306 56.875124 101.495237 0.052638 -0.162010 -0.985384 0.886758 0.461355 -0.028483 0.459227 -0.872298 0.167948
-0.610806 -25.273891 13.844295 -63.991876 0.319074 -0.401349 -0.858552 0.044016 0.911201 -0.409603 0.946707 0.092903 0.308406
-0.888181 -23.359882 -38.702478 238.034674 0.325188 -0.420887 -0.846822 -0.219588 0.837407 -0.500531 0.919801 0.348718 0.179893
-0.732212 -23.184925 -18.452685 197.117568 0.332287 -0.401577 -0.853418 -0.241978 0.838249 -0.488656 0.911610 0.368882 0.181367
-0.630535 -23.631720 22.823638 81.349090 0.321758 -0.395007 -0.860489 -0.150184 0.876020 -0.458295 0.934835 0.276692 0.222543
-0.489904 -25.605510 59.313345 -28.834424 0.305585 -0.398604 -0.864715 0.123450 0.917078 -0.379115 0.944128 0.009102 0.329453
-0.387198 -25.657562 33.143791 -14.605990 0.309298 -0.391786 -0.866509 0.281801 0.908024 -0.309969 0.908253 -0.148311 0.391256
-3.055155 -8.091346 -163.044419 -114.704681 0.209033 0.029869 -0.977452 0.020507 0.999180 0.034918 0.977694 -0.027344 0.208249
-2.053394 -7.872635 -164.274415 -94.626571 0.234365 0.006985 -0.972124 -0.048466 0.998815 -0.004508 0.970940 0.048172 0.234426
-1.669253 -7.080177 -179.279513 -63.411980 0.241241 0.154361 -0.958110 0.028683 0.985704 0.166029 0.970041 -0.067535 0.233365
-3.435608 -8.589632 -119.048019 -30.393685 0.187180 -0.063091 -0.980297 -0.066742 0.994813 -0.076769 0.980056 0.079796 0.181998
-2.996782 -7.295361 -109.077675 -101.895695 0.186591 0.175996 -0.966545 0.098068 0.975573 0.196572 0.977531 -0.131466 0.164773
-4.079518 -8.565832 -44.811674 -50.264559 0.137492 -0.018550 -0.990329 -0.004896 0.999800 -0.019408 0.990491 0.007517 0.137373
1.468285 -43.768380 -72.065320 -472.840090 0.338798 -0.499691 -0.797198 0.689050 -0.445167 0.571871 -0.640645 -0.743058 0.193491
1.469438 -40.926900 -11.704424 -313.095883 -0.333267 0.458641 0.823761 -0.576825 0.591931 -0.562930 -0.745793 -0.662772 0.067284
1.625779 -45.093659 39.418602 -742.601620 -0.294073 0.465495 0.834767 -0.475330 0.686494 -0.550262 -0.829206 -0.558607 0.019384
-27.218343 -425.457732 -1086.391604 23551.372492 0.050265 -0.112761 -0.992350 0.001717 0.993614 -0.112817 0.998734 0.003967 0.050138
-2.939410 -276.542182 -193.679301 -16485.507865 -0.129468 0.122028 0.984046 0.774777 -0.606897 0.177194 0.618837 0.785357 -0.015971
-3.012648 -243.932296 -116.713445 17405.789640 0.114215 -0.081765 -0.990086 -0.295170 0.948809 -0.112407 0.948594 0.305082 0.084233
12.279696 -854.854044 -2268.941223 -76701.205212 0.018945 -0.386574 -0.922064 0.627104 0.722868 -0.290177 0.778705 -0.572733 0.256116
-0.853541 -206.917869 171.833735 -15238.352672 0.056360 -0.326464 -0.943528 0.799533 0.580759 -0.153186 0.597972 -0.745748 0.293750
6.082532 -3.206144 -11.893141 -37.140877 0.124137 0.985862 -0.112547 -0.366390 -0.059867 -0.928534 0.922143 -0.156502 -0.353778
5.417664 -3.288619 -193.999259 -33.632881 0.241530 0.965455 -0.097774 -0.356337 -0.005477 -0.934342 0.902600 -0.260512 -0.342704
6.330521 -2.611179 -173.288446 -33.510269 0.208143 0.970486 -0.121793 -0.325609 -0.048667 -0.944251 0.922310 -0.236197 -0.305869
5.759409 -2.996700 213.191525 -35.690412 -0.004869 0.993000 -0.118014 -0.356474 -0.111986 -0.927570 0.934292 -0.037553 -0.354524
4.876810 -3.611438 193.658910 -43.540145 -0.008896 0.990879 -0.134464 -0.398553 -0.126840 -0.908332 0.917102 -0.045511 -0.396046
6.504951 -2.504322 65.250884 -43.590215 0.058671 0.991631 -0.115000 -0.320146 -0.090424 -0.943043 0.945550 -0.092146 -0.312162
-3.340553 -7.764796 29.936159 -48.617956 -0.331832 -0.056665 -0.941635 0.119695 0.987597 -0.101611 0.935714 -0.146427 -0.320934
-3.785441 -8.337958 51.423854 -113.698365 -0.277006 -0.013076 -0.960779 0.160368 0.985254 -0.059645 0.947391 -0.170600 -0.270824
-3.069704 -6.563486 38.687412 -141.744400 -0.337430 -0.185900 -0.922812 0.186118 0.947780 -0.258985 0.922768 -0.259141 -0.285210
13.164471 -15.681850 504.267481 -113.720517 0.359515 0.060576 0.931171 -0.311079 0.948589 0.058395 -0.879761 -0.310661 0.359876
12.060359 -14.894847 649.189518 34.587627 0.368631 0.120273 0.921762 -0.131516 0.988368 -0.076368 -0.920225 -0.093074 0.380161
7.040802 -18.594106 305.867222 -67.220965 0.411895 0.206836 0.887447 -0.186730 0.972390 -0.139965 -0.891894 -0.108062 0.439145
5.430703 -21.999069 -53.077708 -23.376476 0.414271 0.300375 0.859159 -0.228075 0.948114 -0.221501 -0.881114 -0.104192 0.461284
8.614085 -20.142255 134.968928 -442.856632 0.425155 0.191043 0.884729 -0.400964 0.916079 -0.005129 -0.811462 -0.352564 0.466077
-0.021135 -13.771370 -3.598050 -79.320559 0.085357 0.081765 0.992990 -0.408617 0.911831 -0.039957 -0.908706 -0.402342 0.111241
-0.178415 -14.629329 16.277549 11.315997 0.100789 0.060284 0.993080 -0.169957 0.984534 -0.042516 -0.980284 -0.164495 0.109476
-0.118566 -13.672467 0.941190 -49.794360 0.082224 0.086322 0.992868 -0.319027 0.946099 -0.055836 -0.944172 -0.312161 0.105332
0.476117 -25.375877 -115.842472 193.367815 0.012398 0.166039 0.986041 0.308140 0.937492 -0.161738 -0.951260 0.305844 -0.039540
-0.294486 -23.992161 -36.317406 345.121831 0.038801 0.162443 0.985955 0.582405 0.798098 -0.154412 -0.811972 0.580216 -0.063641
0.791802 -24.962840 -56.114500 167.237436 0.037810 0.180981 0.982759 0.392744 0.901630 -0.181151 -0.918870 0.392823 -0.036988
1.581456 -24.320382 -77.899376 -29.253276 0.037161 0.178068 0.983316 0.114978 0.976699 -0.181215 -0.992673 0.119794 0.015821
1.158187 -23.358383 -70.884945 -380.684724 0.039812 0.154952 0.987119 -0.076592 0.985469 -0.151604 -0.996267 -0.069570 0.051101
3.935345 -3.779654 4.220587 -9.959158 0.256587 0.502881 0.825393 0.608503 0.579439 -0.542194 -0.750924 0.641374 -0.157328
3.962658 -4.019027 -94.772617 -34.610686 0.229387 0.548562 0.804028 0.614244 0.559206 -0.556770 -0.755040 0.621585 -0.208676
3.999826 -4.076054 -18.048707 -13.788829 0.221956 0.503859 0.834782 0.658387 0.554048 -0.509468 -0.719210 0.662689 -0.208760
3.512248 -3.452560 126.773822 0.679992 0.281238 0.437595 0.854059 0.653123 0.564772 -0.504444 -0.703090 0.699674 -0.126968
-23.046019 -476.554348 1580.094775 -37900.738692 0.959438 -0.258922 0.111527 -0.204432 -0.911383 -0.357196 -0.194130 -0.319908 0.927347
-112.482779 -263.713665 4044.553223 21165.840477 0.840579 -0.528397 0.119262 0.455217 0.808395 0.373196 -0.293607 -0.259411 0.920055
-17.622601 -333.593461 679.511343 -6863.455259 0.980069 -0.144086 0.136762 0.048536 -0.493897 -0.868165 -0.192636 -0.857499 0.477060
-21.802905 -254.736914 1075.540792 -23834.310505 0.954464 -0.035029 0.296261 -0.161492 -0.895663 0.414377 -0.250835 0.443352 0.860535
-23.992641 -410.638583 744.325375 -19846.365913 0.970721 -0.227261 0.077801 0.011661 -0.278923 -0.960243 -0.239926 -0.933035 0.268106
7.021541 -158.939515 -2738.413659 2872.326502 0.881278 0.414887 0.226313 -0.358122 0.898731 -0.253045 -0.308379 0.141956 0.940612
-4.377280 -177.322834 192.117336 -11498.748956 0.949581 -0.239714 0.202074 -0.137108 -0.897133 -0.419946 -0.281954 -0.371067 0.884766
-3.745722 -187.685850 327.109143 -12257.678889 0.917875 -0.394013 -0.047531 0.133373 0.193444 0.972004 0.373787 0.898517 -0.230108
-4.174361 -207.834532 -215.533244 -13257.288524 0.967414 -0.224818 0.116476 -0.014693 0.409396 0.912239 0.252773 0.884224 -0.392752
-3.446118 -151.426414 50.491102 -9356.999253 0.949578 -0.313528 -0.001311 -0.031873 -0.100691 0.994407 0.311907 0.944225 0.105607
-12.532607 -1979.156653 2568.861776 -154945.110536 0.913874 -0.402565 -0.052689 0.063214 0.012894 0.997917 0.401047 0.915300 -0.037231
-1.101523 -51.836076 141.360308 -2414.641350 0.918834 -0.389697 -0.062295 0.245572 0.441021 0.863247 0.308931 0.808478 -0.500924
-1.741663 -108.339148 167.222389 3563.219281 0.937805 -0.341404 -0.062973 -0.117609 -0.483099 0.867631 0.326635 0.806262 0.493205
0.447308 -29.334221 -219.166084 1031.752573 0.949431 -0.131005 0.285341 0.039892 0.951762 0.304234 -0.311432 -0.277466 0.908858
-1.506606 -33.385858 -195.569326 1455.998813 0.957415 -0.105043 0.268929 0.036779 0.968251 0.247259 -0.286364 -0.226838 0.930881
-0.274677 -24.509063 -196.758313 750.899984 0.948766 -0.213357 0.233072 0.195222 0.975794 0.098564 -0.248460 -0.048013 0.967452
1.563198 -22.036538 -177.326798 719.331085 0.951280 -0.200005 0.234659 0.168392 0.974548 0.147988 -0.258284 -0.101263 0.960747
1.373781 -7.076828 52.075783 -59.751709 0.004322 0.088670 0.996052 0.937765 0.345521 -0.034828 -0.347245 0.934213 -0.081658
0.948726 -7.331777 37.986835 -68.317308 -0.044106 0.065909 0.996850 0.955713 0.293410 0.022887 -0.290977 0.953712 -0.075932
0.644380 -6.586084 27.333152 -56.557348 -0.010327 0.076869 0.996988 0.923035 0.384192 -0.020061 -0.384577 0.920048 -0.074921
-2.971018 -7.555788 751.480438 -28.429238 0.822430 0.557836 0.111481 0.487191 -0.589516 -0.644295 0.293691 -0.584200 0.756608
-5.921133 -8.949558 90.290502 -395.254712 0.958713 -0.006004 -0.284311 -0.179422 -0.788433 -0.588372 0.220628 -0.615092 0.756958
-6.469436 -11.360954 -46.975921 -286.384454 0.802744 -0.257697 -0.537767 -0.557323 -0.644989 -0.522858 0.212115 -0.719431 0.661382
-9.361459 -11.044401 -41.509750 -17.755297 0.583526 0.804965 -0.107370 -0.530128 0.277420 -0.801250 0.615192 -0.524470 -0.588617
-10.800216 -11.239318 -125.338948 90.994423 0.363937 0.897350 -0.249626 -0.694215 0.082650 -0.715007 0.620980 -0.433512 -0.653033
-9.907716 -11.244993 -128.753228 13.460411 0.489794 0.840857 -0.230349 -0.557805 0.099180 -0.824025 0.670041 -0.532093 -0.517612
-9.570396 -10.860108 -12.484850 11.700688 0.638329 0.769146 0.030818 -0.532204 0.469903 -0.704237 0.556143 -0.433134 -0.709295
-8.757299 -11.085156 -25.373585 -18.371971 0.579125 0.792705 -0.190351 -0.498024 0.159147 -0.852434 0.645435 -0.588465 -0.486952
0.497752 -3.977081 -177.729442 3.634944 -0.121247 0.848740 -0.514722 -0.668398 0.313558 0.674481 -0.733855 -0.425818 -0.529279
1.002034 -3.270538 -84.558114 2.440346 -0.067470 0.841822 -0.535521 -0.639893 0.375303 0.670585 -0.765496 -0.387921 -0.513355
-0.375091 -4.317895 -115.547873 -41.958467 -0.033811 0.799056 -0.600305 -0.645722 0.440986 0.623358 -0.762824 -0.408706 -0.501058
-0.610764 -4.227250 -126.537205 -59.360499 -0.025874 0.798542 -0.601383 -0.674939 0.429814 0.599765 -0.737420 -0.421415 -0.527846
0.165173 -3.929516 -181.353425 2.341566 -0.095132 0.834351 -0.542962 -0.686874 0.339772 0.642463 -0.720523 -0.434065 -0.540771
2.330654 -3.498095 -207.867776 17.271092 -0.149670 0.870959 -0.468007 -0.692319 0.245619 0.678502 -0.705899 -0.425561 -0.566220
1.958176 -14.299246 161.331184 252.074795 0.317928 0.787960 -0.527296 -0.856632 0.477076 0.196416 -0.406329 -0.389252 -0.826668
0.106180 -16.924884 222.599606 -6.270413 0.370804 0.782031 -0.500930 0.912339 -0.407569 0.039062 -0.173616 -0.471502 -0.864606
0.541382 -15.404792 175.618398 321.823960 0.365013 0.773414 -0.518262 -0.827300 0.524774 0.200465 -0.427013 -0.355587 -0.831395
-1.459540 -12.946853 28.208158 -209.532856 0.123120 0.197591 0.972522 -0.082523 0.978622 -0.188383 -0.988955 -0.057062 0.136794
-1.129349 -11.863446 -16.201059 4.442134 0.084027 0.148484 0.985339 0.105284 0.981978 -0.156956 -0.990886 0.116929 0.066879
-1.328468 -12.322949 4.999973 -266.198456 0.097060 0.182872 0.978334 -0.102727 0.979566 -0.172911 -0.989963 -0.083718 0.113863
-0.893377 -12.612745 47.237667 32.817648 0.019218 -0.054576 -0.998325 -0.675774 0.735187 -0.053200 0.736859 0.675664 -0.022752
-0.880249 -12.862313 -47.538247 -4.906281 0.052348 -0.035999 -0.997980 -0.628915 0.775081 -0.060948 0.775710 0.630835 0.017934
-0.916239 -12.680967 23.146344 -66.437106 0.034290 -0.065638 -0.997254 -0.536889 0.840421 -0.073776 0.842956 0.537944 -0.006422
-0.860285 -12.477806 57.761985 -41.851718 0.022535 -0.063424 -0.997732 -0.563243 0.823724 -0.065085 0.825984 0.563433 -0.017160
2.594721 -12.559165 -49.365743 267.174439 0.028268 -0.113943 -0.993085 -0.062390 0.991344 -0.115519 0.997651 0.065224 0.020915
2.316679 -11.469596 -22.567436 128.053825 0.053712 -0.147356 -0.987624 -0.086524 0.984645 -0.151617 0.994801 0.093597 0.040138
1.967383 -11.652850 -27.370149 8.922668 0.046194 -0.146171 -0.988180 -0.152386 0.976627 -0.151585 0.987241 0.157587 0.022840
2.246243 -12.086042 -29.930189 121.067998 -0.015686 -0.095013 -0.995352 -0.173819 0.980577 -0.090863 0.984653 0.171586 -0.031896
0.647790 -18.864046 -24.587183 556.987852 0.212988 0.215368 0.953023 0.312308 0.909226 -0.275267 -0.925797 0.356266 0.126393
0.032567 -23.563286 -38.931125 411.640343 0.186502 0.219443 0.957633 0.024197 0.973414 -0.227772 -0.982157 0.065652 0.176234
0.284354 -18.401081 -84.087421 467.758655 0.182071 0.232460 0.955412 0.241942 0.931189 -0.272673 -0.953055 0.280800 0.113300
-0.016132 -12.993053 -55.970019 410.000436 0.206224 0.259776 0.943392 0.466356 0.821480 -0.328151 -0.860223 0.507629 0.048261
0.847074 -13.654727 -42.034744 378.055111 0.238164 0.267933 0.933536 0.492287 0.795267 -0.353841 -0.837216 0.543840 0.057504
1.366082 -14.649615 -28.263489 510.963447 0.230401 0.211410 0.949853 0.471707 0.829498 -0.299041 -0.851122 0.516952 0.091394
0.954798 -19.335439 -29.138467 554.915143 0.208522 0.179457 0.961412 0.282048 0.930222 -0.234809 -0.936465 0.320128 0.143356
2.091550 -13.836786 -14.370769 -196.204743 -0.033616 -0.264291 -0.963857 0.988896 0.130886 -0.070378 0.144755 -0.955520 0.256956
2.402684 -15.105939 -27.084795 3.537401 -0.020466 -0.239538 -0.970671 0.949220 0.300211 -0.094098 0.313947 -0.923307 0.221230
1.920913 -14.476437 -3.409249 -160.294472 -0.092608 -0.249312 -0.963985 0.991034 0.070567 -0.113457 0.096312 -0.965849 0.240542
-6.276923 -14.584552 224.058344 229.240161 0.360465 0.697491 -0.619332 -0.706076 0.637907 0.307459 -0.609526 -0.326467 -0.722425
-8.596602 -16.175663 183.270339 166.249228 0.318914 0.637281 -0.701546 -0.746477 0.624986 0.228395 -0.584008 -0.450850 -0.675032
-7.773972 -12.704768 173.285959 266.269724 0.250546 0.715813 -0.651796 -0.618162 0.636437 0.461328 -0.745052 -0.287332 -0.601945
-4.649525 -11.604752 255.182967 249.295608 0.279408 0.803034 -0.526372 -0.656526 0.559811 0.505554 -0.700646 -0.204322 -0.683629
-3.742018 -14.316121 224.871457 303.140216 0.367264 0.751677 -0.547812 -0.728222 0.598781 0.333399 -0.578627 -0.276483 -0.767299
0.814943 -10.354160 6.980413 -354.921952 -0.238936 -0.222000 -0.945318 0.916693 -0.372674 -0.144182 -0.320287 -0.901016 0.292551
0.768688 -9.008365 -14.391483 -435.749883 -0.205430 -0.231291 -0.950948 0.907967 -0.407661 -0.096993 -0.365231 -0.883355 0.293751
0.949237 -7.697325 -6.336862 -192.496711 -0.220883 -0.245796 -0.943819 0.906423 -0.408950 -0.105630 -0.360012 -0.878831 0.313126
0.972361 -10.460815 6.181514 -226.540438 -0.233276 -0.235679 -0.943418 0.919804 -0.368262 -0.135440 -0.315505 -0.899354 0.302685
1.999626 -17.999988 33.929625 -54.384851 0.013168 0.292047 0.956313 -0.547751 0.802238 -0.237452 -0.836538 -0.520694 0.170533
2.631109 -19.044082 18.838634 -183.464900 -0.017180 0.276617 0.960827 -0.577906 0.781444 -0.235307 -0.815922 -0.559310 0.146434
2.372784 -21.093794 11.376693 -304.117285 -0.007549 0.260990 0.965312 -0.418999 0.875685 -0.240034 -0.907955 -0.406277 0.102744
1.924096 -17.477637 66.117206 -40.547022 0.012590 0.311114 0.950289 -0.709685 0.672276 -0.210693 -0.704407 -0.671753 0.229257
-0.576629 -17.307590 -41.165848 -24.748946 -0.301320 -0.212916 -0.929448 -0.206628 0.966170 -0.154341 0.930866 0.145544 -0.335120
-0.574849 -17.929681 -24.215264 -137.257924 -0.308649 -0.192838 -0.931423 -0.003077 0.979431 -0.201757 0.951171 -0.059406 -0.302893
-0.484659 -17.460753 2.328725 42.553143 -0.321387 -0.203279 -0.924872 -0.191141 0.970509 -0.146889 0.927457 0.129573 -0.350764
-4.633563 -15.929702 9.108497 -505.739575 -0.157941 0.232245 0.959748 0.987293 0.019908 0.157656 0.017508 0.972454 -0.232438
-5.155933 -21.995000 9.770142 -901.354481 -0.208379 0.279826 0.937164 0.965331 -0.095173 0.243060 0.157207 0.955322 -0.250292
-4.847132 -13.862240 12.181242 -464.494748 -0.104004 0.279869 0.954388 0.994523 0.019231 0.102738 0.010399 0.959845 -0.280337
-2.161349 -23.035610 2.357982 49.370976 0.163823 0.012191 -0.986414 0.799592 0.583994 0.140013 0.577767 -0.811666 0.085924
-2.083395 -23.803940 -25.919985 86.633833 0.185799 -0.014973 -0.982474 0.854608 0.495893 0.154060 0.484895 -0.868254 0.104933
-1.727875 -25.320034 -12.961171 309.123340 0.139105 -0.011884 -0.990206 0.920630 0.369923 0.124891 0.364816 -0.928986 0.062398
-1.900059 -22.590964 38.385346 353.025605 0.120526 0.024374 -0.992411 0.869623 0.479557 0.117392 0.478778 -0.877172 0.036603
-2.023127 -19.566727 41.092322 42.397808 0.144682 0.049247 -0.988252 0.789188 0.596722 0.145274 0.596866 -0.800935 0.047470
-2.042976 -20.996105 0.090878 -199.846840 0.197247 0.047533 -0.979201 0.699858 0.692614 0.174598 0.686507 -0.719740 0.103350
-1.394830 -36.966917 27.000906 -290.444628 -0.247626 -0.234593 0.940025 0.955818 -0.217788 0.197435 0.158410 0.947383 0.278158
-2.162594 -37.327850 -66.464875 -44.023128 -0.243797 -0.183812 0.952248 0.836615 -0.536503 0.110631 0.490549 0.823637 0.284578
-1.862551 -34.855829 -34.415420 -158.583245 -0.244399 -0.205552 0.947638 0.937792 -0.298643 0.177081 0.246606 0.931966 0.265754
-0.849298 -40.373436 139.133096 -497.120427 -0.284642 -0.260666 0.922514 0.951119 -0.197052 0.237789 0.119800 0.945105 0.304014
-1.325256 -35.999941 77.946576 -223.597987 -0.278394 -0.242835 0.929262 0.899633 -0.404784 0.163739 0.336389 0.881579 0.331152
-3.824233 -5.581933 3.149515 -77.489253 0.395857 0.889288 -0.229049 -0.293860 -0.113638 -0.949069 0.870025 -0.443004 -0.216342
-3.673385 -6.264723 -47.770039 -72.437353 0.366432 0.823323 -0.433437 -0.407873 -0.276557 -0.870147 0.836282 -0.495637 -0.234472
-4.303123 -6.228562 -21.777892 -106.880421 0.292822 0.848729 -0.440356 -0.445344 -0.286480 -0.848291 0.846123 -0.444508 -0.294089
-4.999301 -5.690918 -18.539867 -156.728037 0.178106 0.825401 -0.535716 -0.462102 -0.410496 -0.786101 0.868758 -0.387565 -0.308307
-4.241017 -5.121385 73.463768 2.635807 0.445142 0.882632 0.151026 -0.161809 0.245165 -0.955883 0.880719 -0.401066 -0.251951
3.683897 -42.164766 103.329398 674.637084 -0.333910 -0.141982 0.931851 0.752135 0.555738 0.354188 -0.568153 0.819144 -0.078777
6.462851 -41.746824 230.467211 918.260476 -0.348946 -0.141447 0.926407 0.819977 0.432537 0.374899 -0.453733 0.890452 -0.034949
3.652098 -40.278071 102.975001 -275.742792 -0.337375 -0.178710 0.924252 0.880565 0.287231 0.376966 -0.332842 0.941042 0.060461
-17.946055 -78.349902 894.130835 4760.504278 0.095376 -0.066589 -0.993212 0.875047 -0.470046 0.115543 -0.474549 -0.880127 0.013437
-17.335244 -50.839846 1105.286684 3386.992799 -0.096969 -0.118905 -0.988159 0.970953 -0.229504 -0.067665 -0.218741 -0.966017 0.137706
-12.339135 -91.097273 93.984053 6086.259992 0.432233 -0.301104 -0.850006 0.869615 -0.110257 0.481262 -0.238629 -0.947196 0.214188
-204.801587 -610.157203 -7049.994002 20090.156150 -0.534951 0.486224 0.690951 -0.444806 0.533215 -0.719604 -0.718314 -0.692292 -0.068968
-11.374347 -40.163897 -350.994780 -4642.193875 0.817992 -0.259262 -0.513489 -0.565203 -0.528192 -0.633687 0.106930 -0.808577 0.578593
-14.304482 -199.670418 -452.143130 12977.040159 0.429325 -0.195595 -0.881716 0.881282 -0.122806 0.456357 -0.197541 -0.972965 0.119650
13.595620 -411.909250 2442.939847 15345.700242 0.790837 -0.104550 -0.603031 -0.416826 0.629460 -0.655772 -0.448145 -0.769967 -0.454221
-163.638464 -232.817409 -9962.884484 -8907.138415 -0.760963 -0.214610 0.612273 -0.026544 0.953215 0.301126 -0.648252 0.212894 -0.731057
-4.841929 -229.230970 -1120.308561 4975.418495 -0.747171 0.049838 0.662761 0.228194 0.955804 0.185383 -0.624230 0.289751 -0.725521
-611.194857 -715.978531 -33978.164502 -22783.090714 -0.725106 0.066390 0.685430 -0.142464 0.959348 -0.243631 -0.673740 -0.274308 -0.686170
-1.429498 -497.955543 2041.915095 -27102.961315 0.805636 -0.046011 -0.590621 -0.521462 -0.528177 -0.670153 0.281118 -0.847887 0.449512
-293.066435 -641.549446 16489.160707 -42920.553873 0.723030 -0.230847 -0.651105 -0.687476 -0.147866 -0.710994 -0.067854 -0.961689 0.265613
1.698986 -6.406965 -100.439791 130.426662 0.074286 -0.195199 -0.977946 0.274669 0.946730 -0.168103 0.958665 -0.256124 0.123944
2.947679 -6.675246 -208.856464 131.495685 0.062533 -0.239131 -0.968972 0.295985 0.931638 -0.210816 0.953143 -0.273618 0.129037
1.169714 -7.221379 -85.624622 72.408608 0.067141 -0.188426 -0.979790 0.344350 0.926043 -0.154493 0.936437 -0.327018 0.127060
-0.252635 -1.598283 129.112444 162.815526 0.024232 0.523517 -0.851670 -0.187350 0.839205 0.510524 0.981994 0.147189 0.118417
1.815416 -0.963145 530.989393 -26.370469 -0.130855 0.907753 -0.398575 0.197964 -0.370010 -0.907691 0.971436 0.197680 0.131285
-0.650631 -3.078488 -0.681919 245.869223 0.117648 0.118686 -0.985937 -0.155036 0.982853 0.099815 0.980878 0.141113 0.134032
1.377093 -6.666243 -20.776775 63.613481 0.154789 -0.065645 -0.985764 0.191652 0.980831 -0.035222 0.969180 -0.183472 0.164403
1.522788 -6.149809 -60.653211 -15.219395 0.154637 -0.147884 -0.976841 0.157749 0.979745 -0.123352 0.975296 -0.135021 0.174834
1.479024 -5.399530 40.501008 22.905381 0.083264 -0.204182 -0.975385 0.143314 0.971063 -0.191043 0.986169 -0.123879 0.110116
1.850261 -4.557758 25.631863 -0.203575 0.057077 -0.247499 -0.967205 0.131536 0.962204 -0.238457 0.989667 -0.113612 0.087475
1.491339 -5.246828 49.963705 39.031532 0.065124 -0.163550 -0.984383 0.173174 0.973361 -0.150262 0.982736 -0.160684 0.091712
1.125961 -6.470927 70.550200 74.218278 0.102266 -0.071444 -0.992188 0.211408 0.976194 -0.048502 0.972033 -0.204797 0.114935
-2.254541 -15.149358 -77.621215 73.727776 -0.193191 -0.233202 -0.953045 0.937540 -0.330285 -0.109230 -0.289304 -0.914619 0.282445
-2.420064 -15.235244 -57.340667 -28.891760 -0.179795 -0.245990 -0.952451 0.971522 -0.196310 -0.132694 -0.154334 -0.949185 0.274280
-2.101192 -15.375768 -9.678550 70.977921 -0.175081 -0.232667 -0.956667 0.927348 -0.365360 -0.080858 -0.330715 -0.901320 0.279731
3.611681 -5.221769 -154.684022 73.260067 0.037079 -0.267850 0.962747 -0.577692 0.780371 0.239360 -0.815412 -0.565047 -0.125799
4.717690 -5.789710 -214.434706 90.436577 -0.018962 -0.197143 0.980191 -0.639020 0.756385 0.139768 -0.768956 -0.623712 -0.140321
2.848338 -6.666436 -187.742125 84.773938 -0.035627 -0.219696 0.974918 -0.649153 0.746794 0.144566 -0.759823 -0.627720 -0.169222
1.429398 -6.895393 -147.761322 86.147813 -0.032286 -0.252323 0.967104 -0.625427 0.759855 0.177371 -0.779614 -0.599127 -0.182343
1.774501 -5.663223 -128.505607 81.655249 0.038728 -0.333357 0.942005 -0.541776 0.785119 0.300112 -0.839630 -0.521978 -0.150199
-9.512574 -76.750006 -492.153712 3920.340120 0.901305 0.429936 -0.052950 0.008498 -0.139758 -0.990149 0.433101 -0.891977 0.129618
-19.009519 -78.717820 -703.675720 3957.232777 0.829771 0.528152 -0.180376 -0.102797 -0.173032 -0.979537 0.548555 -0.831334 0.089285
-14.173352 -59.150500 -697.878761 2751.118471 0.866260 0.485286 -0.118702 0.138037 -0.460842 -0.876681 0.480144 -0.743049 0.466197
-26.197508 -65.310160 -795.326732 3107.777167 0.725908 0.606760 -0.323882 -0.014813 -0.457000 -0.889343 0.687632 -0.650379 0.322752
-6.879364 -52.246694 -478.076769 1769.474097 0.908523 0.416810 -0.029267 0.223675 -0.544317 -0.808510 0.352925 -0.728004 0.587754
-19.208912 -50.736006 -697.624643 509.355209 0.797577 0.558440 -0.228070 -0.318435 0.710897 0.627076 0.512318 -0.427516 0.744822
-12.179666 -59.220322 -637.573875 -1921.160009 0.862422 0.501296 -0.070222 0.402696 -0.763514 -0.504859 0.306699 -0.407123 0.860341
-0.924567 -9.301015 -9.784009 55.116528 -0.172430 0.193907 0.965747 -0.406287 0.879147 -0.249060 -0.897329 -0.435316 -0.072809
-0.701419 -9.137407 -42.287571 90.480570 -0.188280 0.188147 0.963925 -0.412585 0.875518 -0.251480 -0.891249 -0.445049 -0.087216
-0.792776 -10.510255 -63.191098 102.808384 -0.201171 0.202177 0.958465 -0.501657 0.819152 -0.278083 -0.841351 -0.536762 -0.063366
-0.985914 -10.466837 -14.529619 83.202823 -0.185259 0.222381 0.957197 -0.504459 0.814398 -0.286840 -0.843327 -0.536006 -0.038692
-8.673522 -14.030493 -114.017420 166.324535 -0.298284 0.049142 0.953211 0.036109 0.998540 -0.040180 -0.953794 0.022434 -0.299622
-7.338919 -13.690261 107.705309 160.173016 -0.355079 -0.062036 0.932776 -0.033060 0.998005 0.053789 -0.934252 -0.011739 -0.356421
-7.276283 -11.425104 63.665268 159.666679 -0.422006 -0.291889 0.858319 0.011663 0.944926 0.327075 -0.906518 0.148038 -0.395360
1.443152 -2.007634 242.772091 -436.400086 -0.290885 -0.281697 0.914348 0.928203 0.148650 0.341090 -0.232002 0.947919 0.218232
3.625437 -7.355195 294.055006 -172.871249 -0.174134 -0.230968 0.957252 0.974079 0.102137 0.201839 -0.144389 0.967586 0.207195
-0.083201 -7.223367 408.491542 -166.829320 -0.220257 -0.290502 0.931179 0.962032 0.093055 0.256585 -0.161189 0.952339 0.258977
1.263731 -3.331800 -576.694992 253.201248 0.909480 0.320156 -0.265230 0.315159 -0.114840 0.942065 -0.271149 0.940379 0.205345
-3.714746 -7.574406 317.769024 -131.235355 -0.239575 -0.253396 0.937227 0.958392 0.092594 0.270020 -0.155204 0.962921 0.220669
-2.796578 -6.944998 -394.240345 -42.298709 0.854698 0.227123 -0.466805 0.433101 0.183788 0.882409 -0.286209 0.956367 -0.058716
-6.337279 -7.546536 4.222006 -106.870667 -0.420518 -0.083603 0.903424 0.881932 0.196082 0.428659 -0.212983 0.977017 -0.008724
-6.764615 -9.586714 -65.491252 -1.814454 0.083879 0.030001 0.996024 0.992480 0.086906 -0.086198 -0.089147 0.995765 -0.022486
-0.165495 -5.550522 -11.418202 22.151122 -0.071507 0.012858 0.997357 0.828241 0.557936 0.052189 -0.555791 0.829784 -0.050546
-0.214179 -5.290749 20.190372 -0.895109 -0.021905 0.041278 0.998908 0.846289 0.532712 -0.003455 -0.532273 0.845289 -0.046602
0.066499 -5.425327 -8.043764 9.646650 -0.044887 0.033114 0.998443 0.862030 0.506382 0.021960 -0.504866 0.861673 -0.051275
0.088638 -5.537306 3.836163 -24.244184 -0.010178 0.058317 0.998246 0.892826 0.450075 -0.017190 -0.450288 0.891085 -0.056648
0.128339 -5.689454 14.301357 -38.863857 0.003118 0.075388 0.997149 0.886755 0.460708 -0.037604 -0.462230 0.884344 -0.065414
0.208880 -5.161258 21.481706 -30.835192 0.043063 0.096768 0.994375 0.855594 0.510332 -0.086716 -0.515853 0.854516 -0.060818
-0.115874 -4.636171 38.003646 -22.468081 0.020124 0.065312 0.997662 0.816333 0.575042 -0.054112 -0.577231 0.815513 -0.041744
2.078273 -15.412913 -39.991158 -413.344428 0.355813 0.852153 0.383709 0.879311 -0.166186 -0.446312 -0.316559 0.496203 -0.808438
2.880996 -17.874930 -145.496741 -359.440411 0.426314 0.826637 0.367325 0.878951 -0.282578 -0.384181 -0.213780 0.486643 -0.847040
3.790900 -14.059080 -148.360101 -375.104936 0.397989 0.831482 0.387612 0.842665 -0.164311 -0.512756 -0.362658 0.530698 -0.766054
2.781825 -11.139190 -86.291842 -385.991130 0.343911 0.846137 0.407159 0.829071 -0.070035 -0.554740 -0.440870 0.528345 -0.725593
-0.908191 -8.657549 23.037831 -166.509935 -0.225590 0.040803 0.973367 0.967835 -0.104838 0.228703 0.111377 0.993652 -0.015840
-0.575407 -8.294757 1.946322 -75.779763 -0.247277 0.054048 0.967436 0.941200 -0.223820 0.253075 0.230210 0.973131 0.004475
-0.550002 -8.328090 -0.905654 -196.714132 -0.228833 0.058964 0.971678 0.968796 -0.083859 0.233242 0.095237 0.994732 -0.037935
-0.147936 -7.970143 47.546300 59.937996 -0.087503 -0.000844 0.996164 0.508667 0.859765 0.045410 -0.856505 0.510689 -0.074803
0.476377 -8.049590 71.484124 70.461815 -0.051249 0.051757 0.997344 0.525947 0.850346 -0.017103 -0.848972 0.523673 -0.070800
-0.118145 -8.105482 74.395818 -67.884701 -0.029667 0.102150 0.994327 0.358619 0.929624 -0.084802 -0.933012 0.354069 -0.064212
0.656279 -8.409733 42.182376 24.861286 -0.036322 0.112123 0.993030 0.468579 0.879591 -0.082176 -0.882674 0.462329 -0.084487
-0.059808 -8.917996 10.381340 171.293358 -0.027187 -0.052558 0.998248 0.995900 -0.087613 0.022510 0.086276 0.994767 0.054725
-0.143583 -9.792797 29.841534 247.953241 0.003388 -0.068274 0.997661 0.999706 -0.023732 -0.005019 0.024020 0.997384 0.068174
-0.017677 -9.037680 22.621489 184.869125 0.012276 -0.067836 0.997621 0.997139 -0.073587 -0.017274 0.074583 0.994979 0.066738
0.075759 -8.127533 9.295281 67.901681 -0.006066 -0.054610 0.998489 0.991857 -0.127353 -0.000939 0.127212 0.990353 0.054937
2.452899 -19.021637 -7.392439 112.861233 -0.130285 -0.174297 -0.976036 -0.491198 0.866472 -0.089164 0.861249 0.467811 -0.198502
2.556848 -18.253435 -16.535343 238.613590 -0.083779 -0.177182 -0.980606 -0.545728 0.831531 -0.103621 0.833764 0.526463 -0.166358
2.203287 -17.463730 -12.973228 48.052951 -0.130401 -0.161968 -0.978142 -0.658400 0.751773 -0.036710 0.741286 0.639222 -0.204672
1.950639 -19.117578 28.436631 -7.271227 -0.168009 -0.186704 -0.967944 -0.617700 0.785169 -0.044233 0.768258 0.590467 -0.247242
1.865924 -20.080272 40.485969 57.690333 -0.168547 -0.181252 -0.968886 -0.418435 0.903142 -0.096162 0.892471 0.389208 -0.228063
-0.053132 -27.606273 51.234629 357.547615 0.052377 -0.034995 0.998014 0.778721 0.627086 -0.018879 -0.625180 0.778164 0.060096
-0.364206 -23.745576 24.530360 370.048183 0.008867 -0.058228 0.998264 0.925315 0.378945 0.013885 -0.379095 0.923586 0.057239
-0.328628 -22.063826 6.984623 349.315173 0.007654 -0.044812 0.998966 0.941575 0.336711 0.007890 -0.336716 0.940541 0.044771
1.205315 -23.860049 -148.351420 239.805727 -0.061545 -0.376288 -0.924457 0.939549 0.290734 -0.180889 0.336837 -0.879705 0.335648
-0.050531 -24.036732 -200.941714 307.271110 -0.018829 -0.388037 -0.921452 0.889342 0.414619 -0.192774 0.456854 -0.823115 0.337291
2.744050 -22.293912 -200.612420 423.291620 -0.083408 -0.396588 -0.914200 0.813349 0.502960 -0.292395 0.575767 -0.767951 0.280614
1.089570 -3.563707 -251.828873 45.984467 -0.218310 0.945311 0.242337 -0.162377 -0.280052 0.946153 -0.962276 -0.167205 -0.214635
-1.293670 -6.296877 -86.157554 -19.158681 -0.262387 0.652760 0.710675 0.186122 0.756884 -0.626486 -0.946843 -0.032110 -0.320089
-0.422314 -5.028345 -111.181531 114.133794 -0.254944 0.763839 0.592919 -0.145428 -0.636496 0.757446 -0.955957 -0.106879 -0.273354
0.862936 -4.284177 -137.550848 138.792056 -0.074166 0.156796 0.984842 0.693315 0.717955 -0.062093 -0.716808 0.678201 -0.161957
-0.588510 -4.610279 -179.519746 162.819669 -0.066183 0.178176 0.981770 0.689974 0.718948 -0.083965 -0.720803 0.671839 -0.170519
-0.576604 -3.185165 -144.619800 116.003581 -0.040791 0.195888 0.979777 0.717445 0.688235 -0.107731 -0.695420 0.698542 -0.168613
0.126321 -16.623417 31.503743 347.934450 -0.012928 0.221658 0.975039 -0.605929 0.773952 -0.183978 -0.795414 -0.593183 0.124303
-1.303723 -23.480796 -143.122864 416.947409 0.336541 -0.413101 -0.846219 -0.246103 0.828821 -0.502483 0.908941 0.377364 0.177267
-0.964119 -19.887161 -27.802656 656.863250 0.299845 -0.435634 -0.848715 -0.495191 0.689336 -0.528774 0.815401 0.578826 -0.009028
-0.946121 -20.748064 -5.462937 463.829946 0.313225 -0.425646 -0.848950 -0.467346 0.709113 -0.527965 0.826727 0.562125 0.023188
-3.166917 -8.442060 -113.921680 -14.118917 0.200884 -0.114044 -0.972954 -0.143102 0.979130 -0.144314 0.969107 0.168222 0.180371
-1.854076 -8.097768 -97.142131 -45.594980 0.223394 -0.074534 -0.971874 -0.145356 0.983376 -0.108828 0.963829 0.165579 0.208846
0.885740 -51.622810 14.944094 -1312.822286 0.370346 -0.483867 -0.792917 0.903375 -0.011094 0.428707 -0.216234 -0.875071 0.433005
1.639113 -135.663276 -261.728761 -8118.168336 0.465596 -0.466069 -0.752330 0.883669 0.291393 0.366360 0.048475 -0.835386 0.547522
1.295600 -70.994545 37.749863 -2384.089067 0.394599 -0.460607 -0.795068 0.905741 0.340642 0.252182 0.154676 -0.819636 0.551608
0.472616 -102.012819 928.855929 -5830.880785 0.379155 -0.266574 0.886104 0.880758 -0.189667 -0.433927 0.283738 0.944968 0.162874
-7.027967 -200.523068 -131.575014 -15235.633667 0.099321 -0.223485 0.969634 0.989380 -0.081745 -0.120185 0.106123 0.971273 0.212993
2.632321 -21.365642 -55.143616 -164.414578 -0.074662 0.127877 0.988976 0.995594 0.065978 0.066630 -0.056731 0.989593 -0.132240
1.860655 -21.314596 41.251759 -48.953956 -0.058088 0.056459 0.996714 0.982691 -0.172689 0.067053 0.175907 0.983357 -0.045450
