11960
23905
-7.387502 -10.802902 50.906132 277.750563 0.271337 -0.278955 -0.921174 0.304602 0.932774 -0.192745 0.913014 -0.228293 0.338066
-6.495694 -9.184558 34.260853 111.690177 0.000653 0.895596 0.444869 0.446324 0.397839 -0.801573 0.894871 -0.199079 0.399466
-8.732733 -11.303150 -88.686688 168.033028 0.246177 -0.564911 -0.787574 0.498872 0.770530 -0.396750 0.830977 -0.295228 0.471505
-6.217487 -7.476614 -10.639325 115.119117 -0.045826 0.771417 0.634678 0.298245 0.616933 -0.728316 0.953389 -0.155914 0.258343
-7.400371 -12.646768 71.265169 218.919762 0.330388 -0.238472 -0.913222 0.465396 0.882915 -0.062185 0.821127 -0.404465 0.402688
-5.225708 -12.808389 185.129251 327.029113 0.195451 -0.198779 -0.960357 0.382617 0.917099 -0.111956 0.902997 -0.345567 0.255304
-4.369854 -10.754311 171.878183 335.315285 0.125855 -0.297989 -0.946236 0.253828 0.931744 -0.259664 0.959027 -0.207501 0.192902
-3.822058 -11.402186 -53.205468 -35.993528 0.070124 0.773033 0.630478 0.996192 -0.021448 -0.084503 -0.051801 0.634003 -0.771594
-4.433078 -11.106203 -35.371546 34.524861 0.095733 0.734479 0.671845 0.986548 -0.159858 0.034185 0.132508 0.659534 -0.739903
-2.219201 -11.498427 -112.322673 65.204054 0.107179 0.810419 0.575963 0.980767 -0.181224 0.072485 0.163122 0.557117 -0.814256
-1.484254 -11.959357 -146.750706 -26.429673 0.062200 0.832805 0.550061 0.996617 -0.022167 -0.079135 -0.053711 0.553123 -0.831367
-2.719306 -5.040856 -0.103468 -24.536427 0.161538 0.142536 0.976519 0.638218 0.739649 -0.213537 -0.752717 0.657726 0.028512
-2.886709 -5.294187 4.920840 -24.623904 0.053754 -0.015275 0.998437 0.691137 0.722250 -0.026160 -0.720722 0.691463 0.049381
-3.422859 -5.406911 -4.230482 0.957756 0.184131 0.161800 0.969493 0.708384 0.661937 -0.245012 -0.681386 0.731888 0.007267
-3.351880 -5.617375 23.603380 -20.067772 -0.031913 -0.110656 0.993346 0.767600 0.633810 0.095265 -0.640134 0.765533 0.064713
-3.116646 -5.448446 -4.623665 -5.856165 0.291278 0.311504 0.904501 0.640239 0.639057 -0.426264 -0.710811 0.703258 -0.013294
-3.722945 -5.404718 -29.656706 20.810246 0.355163 0.378276 0.854849 0.682036 0.520520 -0.513698 -0.639286 0.765484 -0.073129
-4.069199 -5.247504 20.595299 -7.369217 0.036525 0.037871 0.998615 0.793418 0.606451 -0.052019 -0.607581 0.794219 -0.007897
0.960356 -2.557967 106.485935 27.022316 -0.100516 -0.183860 -0.977800 -0.046177 0.982580 -0.180012 0.993863 0.027058 -0.107255
2.237504 -2.842034 104.608736 23.855375 -0.074428 -0.173987 -0.981931 -0.029952 0.984608 -0.172191 0.996776 0.016595 -0.078494
2.087378 -2.588054 100.034788 2.288926 -0.064996 -0.217534 -0.973886 -0.069847 0.974548 -0.213020 0.995438 0.054178 -0.078536
0.565730 -2.176507 100.971853 5.805898 -0.089840 -0.255788 -0.962549 -0.086846 0.964788 -0.248277 0.992163 0.061289 -0.108891
-1.942889 -9.408556 40.120097 -310.369654 -0.241856 -0.347106 -0.906103 0.968322 -0.146123 -0.202487 -0.062118 -0.926372 0.371451
-0.950244 -8.183927 77.921177 -173.231410 -0.275921 -0.301227 -0.912760 0.959928 -0.134824 -0.245685 -0.049055 -0.943973 0.326357
-2.294609 -11.645940 99.853794 -324.486093 -0.260949 -0.295021 -0.919167 0.964895 -0.050394 -0.257756 0.029723 -0.954161 0.297814
-0.611073 -20.443742 3.250005 62.361438 -0.112561 -0.596960 -0.794335 0.393029 0.707473 -0.587376 0.912611 -0.378312 0.154989
-0.844448 -20.144260 0.739638 303.537315 -0.108575 -0.601222 -0.791672 0.062116 0.790720 -0.609018 0.992146 -0.115300 -0.048506
-0.819357 -20.433069 -14.217553 297.477945 -0.083602 -0.597924 -0.797181 0.134472 0.785895 -0.603562 0.987384 -0.157657 0.014701
-0.831750 -21.121222 17.588219 240.322012 -0.134407 -0.595670 -0.791904 0.157599 0.776133 -0.610557 0.978313 -0.206867 -0.010441
-0.508757 -20.783367 -26.920512 -11.137636 -0.068544 -0.596451 -0.799718 0.426952 0.706950 -0.563856 0.901673 -0.380090 0.206198
-0.412624 -19.743595 14.900515 -262.756545 0.093428 0.595273 0.798073 0.647414 0.572648 -0.502922 0.756391 -0.563670 0.331887
-0.461876 -19.810465 -5.574163 -325.553038 0.123906 0.595962 0.793396 0.679859 0.531422 -0.505354 0.722800 -0.602013 0.339324
-0.654446 -21.484061 20.181492 -33.491559 -0.151544 -0.593348 -0.790552 0.419297 0.685676 -0.595011 0.895111 -0.421647 0.144879
1.294024 -12.034189 -26.009279 -264.649014 -0.090567 -0.559887 -0.823605 0.946526 0.208749 -0.245991 0.309654 -0.801842 0.511042
1.416516 -8.831901 -25.640146 -6.333114 -0.174673 -0.580255 -0.795483 0.959197 0.082146 -0.270542 0.222329 -0.810282 0.542230
0.746927 -9.106757 -24.899861 -39.671962 -0.148202 -0.593706 -0.790917 0.957374 0.114368 -0.265244 0.247933 -0.796513 0.551450
0.927070 -9.017541 -43.590629 146.257800 -0.185366 -0.606844 -0.772903 0.966152 0.031059 -0.256099 0.179417 -0.794214 0.580546
0.741379 -11.654768 -21.263877 -297.757759 -0.096163 -0.585170 -0.805188 0.942233 0.207246 -0.263146 0.320858 -0.783980 0.531437
0.539878 -8.923023 -22.838295 -83.944590 -0.138799 -0.604294 -0.784578 0.953261 0.133176 -0.271215 0.268381 -0.785552 0.557566
0.147813 -9.001885 -26.004388 148.838981 -0.145441 -0.612758 -0.776772 0.965200 0.084594 -0.247454 0.217339 -0.785730 0.579131
5.089190 -9.258117 100.516311 34.834983 0.287387 0.217739 -0.932737 0.559291 0.752405 0.347966 0.777562 -0.621672 0.094452
3.543816 -7.906532 71.661975 52.943414 0.316968 0.254568 -0.913634 0.412307 0.830534 0.374455 0.854128 -0.495388 0.158293
2.367327 -9.354121 290.008665 35.404759 0.212988 0.335674 -0.917583 0.485361 0.778712 0.397533 0.847975 -0.530028 0.002933
4.537949 -9.854766 266.118291 5.752314 0.220730 0.301080 -0.927701 0.632443 0.679906 0.371138 0.742492 -0.668639 -0.040341
-0.148233 -9.950832 404.810902 -7.935731 0.203327 0.432333 -0.878491 0.565573 0.680544 0.465819 0.799241 -0.591564 -0.106143
-2.842342 -9.530973 323.831849 112.013703 0.191274 0.351979 -0.916256 0.379225 0.834504 0.399739 0.905319 -0.423927 0.026139
-0.419457 -16.454220 9.525486 307.320610 0.094511 -0.528988 -0.843350 0.994831 0.018577 0.099834 -0.037144 -0.848426 0.528009
-0.427932 -13.628465 4.434650 241.622973 0.057439 -0.538195 -0.840861 0.980570 0.188656 -0.053767 0.187571 -0.821434 0.538575
-0.616656 -12.792621 18.202388 241.692230 0.040757 -0.531890 -0.845832 0.979018 0.190417 -0.072566 0.199658 -0.825127 0.528491
-1.997292 -13.232896 -17.780984 -15.164537 -0.061230 0.690098 0.721121 -0.571614 -0.616512 0.541453 -0.818235 0.379050 -0.432219
-2.430792 -13.020790 -14.346683 -22.866089 -0.034043 0.685727 0.727063 -0.454239 -0.658620 0.599906 -0.890229 0.309837 -0.333905
-2.365940 -12.871877 -27.177297 4.796086 -0.025516 0.692282 0.721175 -0.633707 -0.569143 0.523920 -0.773152 0.443645 -0.453226
1.960102 -3.895835 -52.229960 -27.784028 0.401414 0.631497 -0.663384 -0.490609 0.759877 0.426485 0.773414 0.154265 0.614843
2.521217 -4.504830 -64.130986 -68.506424 0.492872 0.487948 -0.720405 -0.471440 0.845650 0.250239 0.731315 0.216292 0.646836
2.775893 -3.145161 20.001344 -25.625972 0.390899 0.518978 -0.760171 -0.489776 0.816534 0.305602 0.779306 0.252854 0.573365
1.929863 -2.842741 54.089711 8.910951 0.262354 0.721719 -0.640541 0.497108 -0.670018 -0.551326 0.827076 0.173776 0.534554
2.041372 -3.699707 -47.151669 4.788155 0.302219 0.782934 -0.543763 0.506587 -0.615132 -0.604137 0.807486 0.092881 0.582529
-1.248648 -11.189136 -12.845208 -137.681594 -0.590920 -0.194719 0.782878 0.805759 -0.190063 0.560918 0.039575 0.962268 0.269209
-2.095080 -10.216820 -8.698906 -159.167888 -0.502559 -0.241125 0.830237 0.859072 -0.031412 0.510890 -0.097109 0.969986 0.222930
-0.983831 -12.407947 -15.798318 -127.403522 -0.486464 -0.245300 0.838559 0.864499 -0.274066 0.421341 0.126466 0.929901 0.345385
-1.989297 -11.178871 -15.834866 -169.861470 -0.401114 -0.284044 0.870877 0.914871 -0.076450 0.396442 -0.046029 0.955759 0.290529
-1.200429 -12.911514 -10.053027 -129.332077 -0.395263 -0.304347 0.866683 0.906900 -0.279207 0.315557 0.145945 0.910723 0.386373
-0.285517 -87.079642 -142.296049 4323.204102 0.400464 -0.502697 -0.766110 -0.509108 0.573089 -0.642166 0.761865 0.647197 -0.026426
0.880088 -64.184143 -82.547421 2005.966122 0.405132 -0.532162 -0.743418 -0.101290 0.782007 -0.614984 0.908630 0.324451 0.262914
-0.428919 -54.167322 2.579292 1290.266801 0.361340 -0.578347 -0.731402 -0.318760 0.660524 -0.679780 0.876257 0.478773 0.054320
-1.434913 -63.080412 65.641410 -1104.314049 -0.354435 0.516364 0.779579 0.648380 -0.465017 0.602796 0.673780 0.719115 -0.169981
-1.361265 -47.037228 -13.805295 820.870791 -0.342439 0.596590 0.725821 -0.567107 0.484678 -0.665940 0.749082 0.639663 -0.172358
0.822895 -61.937708 75.957919 1497.618642 0.327420 -0.667862 -0.668399 -0.114701 0.674066 -0.729711 0.937891 0.315588 0.144098
-2.715997 -8.177273 -4.170224 -97.356055 -0.464596 -0.255896 0.847743 0.856497 0.113244 0.503576 -0.224866 0.960048 0.166562
-2.600079 -8.691962 -10.413354 -113.411654 -0.396029 -0.283156 0.873489 0.895888 0.089452 0.435182 -0.201359 0.954893 0.218251
-2.723782 -8.073432 1.870516 -91.603131 -0.557041 -0.227344 0.798762 0.801189 0.106099 0.588931 -0.218638 0.968017 0.123044
-2.192281 -9.014543 -8.928270 -105.937310 -0.614646 -0.192956 0.764839 0.780323 -0.006937 0.625339 -0.115357 0.981183 0.154832
-4.215552 -272.370503 -6238.152094 -4966.292829 0.429283 0.665018 -0.611120 -0.052393 -0.657163 -0.751925 0.901649 -0.354807 0.247267
380.091966 -172.759572 -21412.772026 -11155.602169 -0.307353 0.947785 0.085072 0.711756 0.288306 -0.640533 0.631615 0.136319 0.763204
54.139629 -462.337004 3792.211349 -38558.116533 0.917201 0.254288 0.306723 0.362142 -0.211113 -0.907901 0.166116 -0.943806 0.285721
5.959111 -308.509097 -1149.821439 19013.422259 -0.379170 0.804324 -0.457486 -0.401499 -0.588447 -0.701804 0.833684 0.082423 -0.546057
-2.075120 -4.167130 39.144314 -216.295290 0.763285 -0.533761 -0.363999 -0.581629 -0.322442 -0.746819 -0.281254 -0.781748 0.556566
-4.301419 -6.483101 63.836060 -387.346717 -0.619801 -0.185277 -0.762574 0.664387 -0.641049 -0.384247 -0.417655 -0.744801 0.520418
0.162293 -3.636636 -93.000967 -65.492907 0.676918 -0.618860 -0.398491 -0.667478 -0.287912 -0.686716 -0.310250 -0.730835 0.607968
0.917713 -4.943321 -140.845693 386.405887 0.343815 -0.647231 -0.680356 0.905851 0.037686 0.421916 -0.247437 -0.761362 0.599252
-1.930188 -7.620540 -70.408530 286.465464 0.370833 -0.624078 -0.687757 0.842188 -0.086133 0.532259 -0.391409 -0.776600 0.493650
-3.459948 -6.844726 -30.978609 281.008663 0.499992 -0.578797 -0.644207 0.778983 -0.024454 0.626568 -0.378409 -0.815105 0.438647
-4.959163 -7.359959 -116.156961 10.144831 0.064522 0.614316 0.786418 0.000647 0.788034 -0.615632 -0.997916 0.040231 0.050449
-4.594814 -7.588920 -102.108680 2.959856 0.020188 0.537660 0.842920 -0.130656 0.837281 -0.530933 -0.991222 -0.099414 0.087151
-5.487494 -6.970114 -116.311007 -17.766459 0.095520 0.636871 0.765030 -0.136561 0.769662 -0.623676 -0.986016 -0.044899 0.160490
-4.179204 -11.591530 48.741847 120.114167 -0.421155 -0.632688 -0.649873 0.872778 -0.087770 -0.480162 0.246753 -0.769417 0.589161
-4.242544 -13.345285 19.109708 87.369724 -0.349143 -0.633811 -0.690205 0.935025 -0.187002 -0.301263 0.061874 -0.750542 0.657919
-3.447476 -12.151475 51.653030 120.824782 -0.344200 -0.588152 -0.731849 0.913680 -0.030387 -0.405297 0.216137 -0.808179 0.547842
-2.837278 -9.195291 59.614454 141.441291 -0.569047 -0.605402 -0.556483 0.714569 -0.029181 -0.698956 0.406911 -0.795385 0.449207
-4.104475 -9.305199 66.181568 133.152909 -0.544214 -0.649763 -0.530697 0.750371 -0.094088 -0.654287 0.375199 -0.754292 0.538767
-2.076974 -7.966168 48.821763 -8.052963 0.044770 0.768669 0.638077 0.145145 -0.636945 0.757122 -0.988397 -0.058718 0.140085
-2.199907 -7.848478 -21.939780 -40.931427 -0.009548 0.707407 0.706742 0.079129 -0.704023 0.705755 -0.996819 -0.062662 0.049255
-2.990690 -8.141764 51.542641 -17.722306 0.027486 0.735463 0.677007 0.244657 -0.661614 0.708809 -0.969220 -0.146153 0.198121
-1.717682 -7.606118 -4.682250 -28.211003 0.006725 0.734515 0.678559 -0.032272 -0.678061 0.734297 -0.999456 0.026837 -0.019144
-1.131424 -7.885019 46.658066 -20.518896 0.044518 0.777896 0.626814 -0.004042 -0.627291 0.778774 -0.999000 0.037203 0.024781
0.697941 -7.935393 11.450525 2.972136 -0.141380 0.510974 0.847890 0.042333 0.858830 -0.510509 -0.989050 -0.036282 -0.143052
0.999862 -7.817844 21.342854 12.030266 -0.145753 0.545065 0.825627 0.043944 0.837282 -0.545002 -0.988345 -0.043154 -0.145989
1.192702 -7.819417 25.342306 -3.359327 -0.131738 0.546026 0.827346 0.176982 0.834166 -0.522346 -0.975358 0.077613 -0.206528
0.501631 -8.217514 15.764711 -10.096476 -0.125432 0.507726 0.852339 0.125367 0.860349 -0.494048 -0.984149 0.044885 -0.171567
-0.072822 -16.020378 38.318163 53.763341 0.268155 0.420944 0.866544 -0.033588 0.903026 -0.428271 -0.962790 0.085738 0.256290
0.574518 -16.756515 54.497260 74.066030 0.271426 0.414001 0.868868 -0.002553 0.903064 -0.429498 -0.962456 0.114358 0.246172
0.114747 -16.049639 40.345003 50.490439 0.268921 0.402419 0.875066 0.167808 0.875063 -0.453987 -0.948431 0.268930 0.167794
0.170544 -15.734575 44.322757 -45.012640 0.273860 0.431466 0.859557 -0.274708 0.891584 -0.360019 -0.921703 -0.137532 0.362696
-0.512269 -15.512420 21.893950 43.828361 0.253323 0.414817 0.873930 0.049747 0.896616 -0.440005 -0.966102 0.154939 0.206498
-0.540889 -15.266982 26.857063 -6.299868 0.249589 0.428045 0.868610 -0.193388 0.900962 -0.388419 -0.948845 -0.071034 0.307649
0.779654 -6.634128 1.121171 17.617111 -0.093552 -0.682982 -0.724419 -0.228639 0.722902 -0.652025 0.969006 0.104633 -0.223786
0.811760 -6.896997 -2.057491 45.380287 -0.081946 -0.647935 -0.757274 -0.192899 0.755773 -0.625777 0.977791 0.094797 -0.186919
1.030057 -6.502272 10.401482 25.469378 -0.089463 -0.682797 -0.725110 -0.312123 0.710577 -0.630602 0.945820 0.169908 -0.276687
0.487790 -7.126724 -13.154558 35.673028 -0.080189 -0.637388 -0.766359 -0.089186 0.770339 -0.631366 0.992782 0.017720 -0.118619
0.800249 -6.757298 20.702067 -20.031622 -0.114713 -0.688144 -0.716449 -0.331374 0.706408 -0.625443 0.936500 0.165665 -0.309067
0.622925 -6.568033 10.644450 -10.542568 -0.111941 -0.689384 -0.715695 -0.244954 0.717140 -0.652463 0.963051 0.102275 -0.249145
0.551134 -6.546901 10.447844 17.729961 -0.116597 -0.678992 -0.724827 -0.139178 0.733774 -0.664985 0.983379 0.023344 -0.180057
-0.778250 -6.304650 11.143955 -0.671559 0.162238 -0.581509 -0.797199 0.917721 -0.207944 0.338448 -0.362584 -0.786515 0.499927
-0.798723 -6.852469 -1.977782 25.403413 0.149124 -0.583880 -0.798027 0.858630 -0.323811 0.397367 -0.490424 -0.744467 0.453049
-0.780417 -6.342266 -8.671679 -9.751053 0.153365 -0.587644 -0.794452 0.899385 -0.250052 0.358581 -0.409372 -0.769512 0.490169
-0.771870 -6.637209 4.498756 -17.339121 0.144936 -0.576913 -0.803844 0.953705 -0.134916 0.268785 -0.263517 -0.805586 0.530651
0.799700 -4.230398 -19.906703 -79.022850 0.016292 -0.603166 -0.797449 0.953922 0.248364 -0.168367 0.299611 -0.757962 0.579420
0.282333 -3.053733 -47.165703 -77.944978 0.013026 -0.617081 -0.786792 0.968687 0.202900 -0.143097 0.247942 -0.760291 0.600401
0.088787 -4.413819 -61.434673 -93.350431 0.008954 -0.624534 -0.780946 0.954052 0.239254 -0.180396 0.299508 -0.743448 0.597980
-0.146897 -6.797219 -7.258964 -52.316189 -0.138930 -0.627479 -0.766139 -0.063220 0.777683 -0.625469 0.988282 -0.038461 -0.147712
0.087570 -6.676747 -30.578222 -54.008209 -0.129541 -0.631992 -0.764072 -0.012299 0.771529 -0.636075 0.991498 -0.073001 -0.107717
-0.081364 -6.295926 -3.600619 -16.688251 -0.129876 -0.668644 -0.732152 0.054436 0.732484 -0.678604 0.990035 -0.127990 -0.058733
-0.106841 -6.330973 -7.087487 31.634796 -0.113371 -0.675161 -0.728907 0.152451 0.713128 -0.684257 0.981787 -0.188697 0.022081
-0.110860 -6.178745 19.739573 27.564514 -0.136334 -0.675607 -0.724547 0.081563 0.721238 -0.687869 0.987300 -0.152875 -0.043225
0.029412 -6.273058 -20.467830 17.177260 -0.120397 -0.683629 -0.719831 0.143733 0.705461 -0.694021 0.982265 -0.187022 0.013325
-1.097284 -6.491638 -28.596567 28.157710 -0.189045 0.673026 0.715051 0.537641 -0.538399 0.648898 -0.821708 -0.507112 0.260065
-0.824716 -6.714543 -22.181998 61.042709 -0.211073 0.670030 0.711694 0.485982 -0.559796 0.671156 -0.848097 -0.487533 0.207465
-0.958276 -6.947963 -16.335674 11.073531 -0.168844 0.632435 0.755988 0.577996 -0.557747 0.595684 -0.798381 -0.537535 0.271372
-1.047849 -6.639798 -14.487453 -26.711570 -0.126742 0.626556 0.769002 0.616704 -0.557438 0.555823 -0.776925 -0.544693 0.315749
-1.247108 -5.995428 -10.822165 -9.828600 -0.124496 0.656025 0.744400 0.579985 -0.560605 0.591049 -0.805058 -0.505324 0.310691
-1.258472 -5.717933 -10.021068 27.129317 -0.185217 0.726817 0.661386 0.485553 -0.517449 0.704617 -0.854361 -0.451645 0.257068
0.982362 -20.651019 23.921613 -41.230070 0.010744 0.695512 0.718434 0.882098 -0.344973 0.320774 0.470943 0.630283 -0.617216
1.455480 -20.429005 -3.518866 128.043920 -0.005726 0.734702 0.678366 0.940267 -0.226960 0.253745 0.340389 0.639298 -0.689517
0.708235 -19.684588 -16.955819 -90.241032 0.025044 0.718987 0.694573 -0.813451 0.418521 -0.403902 0.581094 0.554886 -0.595342
0.453396 -21.999591 18.184032 77.705049 0.060995 0.654238 0.753825 -0.689770 0.573510 -0.441932 0.721455 0.493010 -0.486255
0.473378 -21.291441 52.016637 -84.337425 0.028827 0.672251 0.739762 0.825657 -0.433168 0.361464 0.563436 0.600370 -0.567535
2.777123 -1.053315 42.941900 40.389148 0.046798 0.352377 0.934687 0.592257 0.743714 -0.310033 -0.804389 0.568084 -0.173894
2.934489 -0.887041 -10.803044 67.463539 -0.095840 0.327725 0.939899 0.606681 0.767827 -0.205865 -0.789147 0.550489 -0.272413
2.713717 -0.330776 25.995998 49.196212 0.054008 0.364937 0.929464 0.606244 0.727651 -0.320926 -0.793443 0.580814 -0.181942
2.230084 -0.738331 70.873703 20.941488 0.144915 0.384385 0.911728 0.589054 0.706850 -0.391636 -0.794994 0.593811 -0.123990
1.830569 -1.228070 67.619871 15.831995 0.149972 0.371484 0.916247 0.574213 0.721684 -0.386588 -0.804852 0.584099 -0.105078
1.349860 -65.654190 -123.347996 2673.237146 -0.052094 0.850195 0.523884 0.036756 0.525873 -0.849769 0.997965 0.025012 0.058645
13.767429 -251.912821 58.649034 15057.547709 -0.085338 0.923099 0.374974 -0.154981 0.359468 -0.920198 0.984225 0.136642 -0.112387
1.411534 -38.433279 -83.981729 585.079634 -0.049649 0.899911 0.433238 -0.260484 0.407094 -0.875456 0.964201 0.156317 -0.214201
0.637821 -36.768380 -26.576097 396.349281 -0.056915 0.897868 0.436571 -0.157009 0.423789 -0.892049 0.985956 0.119316 -0.116854
0.545115 -46.519506 -16.033065 1293.469053 -0.067216 0.871361 0.486016 0.164986 0.490119 -0.855899 0.984003 -0.022656 0.176706
0.883789 -63.225200 -82.589450 2149.460813 -0.086518 0.835322 0.542911 0.441291 0.520709 -0.730838 0.893184 -0.176352 0.413671
-1.270177 -36.366582 -50.208240 544.264245 -0.180758 0.778514 0.601034 0.766486 -0.271423 0.582089 -0.616299 -0.565902 0.547659
-0.232614 -34.231629 45.892950 -431.007372 0.269452 -0.784915 -0.557946 0.834318 -0.099080 0.542307 -0.480946 -0.611630 0.628172
-0.661220 -35.443484 64.729185 -537.510332 0.255049 -0.789904 -0.557675 0.895711 -0.024236 0.443976 -0.364215 -0.612751 0.701344
-0.134172 -4.543834 23.000734 -18.178855 -0.153326 0.541947 0.826308 0.536241 0.747997 -0.391083 -0.830022 0.383137 -0.405302
-0.480077 -4.993880 -10.491560 -19.022292 -0.139047 0.601653 0.786562 0.561399 0.702203 -0.437883 -0.815780 0.380689 -0.435407
-0.100774 -4.693485 22.170764 -30.706791 -0.176320 0.518332 0.836805 0.475183 0.789327 -0.388798 -0.862039 0.329083 -0.385477
0.333076 -4.419372 39.485146 -15.652894 -0.193668 0.474160 0.858875 0.458772 0.817604 -0.347926 -0.867191 0.326645 -0.375875
0.196516 -4.231575 49.361568 -11.328971 -0.177398 0.480447 0.858895 0.535506 0.779348 -0.325346 -0.825690 0.402227 -0.395537
-2.320175 -4.849672 39.466248 -85.994724 0.000873 0.101098 0.994876 0.310229 0.945764 -0.096379 -0.950661 0.308724 -0.030538
-1.239621 -3.900996 92.553687 -52.812971 -0.054300 -0.136508 0.989150 0.218270 0.965032 0.145161 -0.974376 0.223784 -0.022606
-1.175795 -3.859367 43.745645 -52.701773 -0.104045 -0.276397 0.955395 0.231774 0.927422 0.293545 -0.967190 0.251977 -0.032432
-1.280257 -5.559204 16.600784 -40.091868 0.060144 0.440742 0.895617 -0.112074 0.894549 -0.432691 -0.991878 -0.074351 0.103197
-1.452532 -6.044857 3.925191 -30.169398 0.083787 0.352062 0.932219 -0.033973 0.935974 -0.350426 -0.995904 -0.002309 0.090383
-1.719788 -6.103711 17.802813 -25.972791 0.058994 0.437899 0.897086 -0.005287 0.898776 -0.438376 -0.998244 0.021119 0.055337
-30.160005 -1103.688614 335.754781 107806.122930 0.984812 0.166898 -0.047852 -0.012023 -0.209395 -0.977757 0.173205 -0.963483 0.204208
-23.819369 -535.428566 1400.060179 -37401.716218 0.932427 0.323407 -0.161209 0.049948 -0.557184 -0.828886 0.357890 -0.764823 0.535687
-52.830927 -384.212895 -2476.398064 -20360.520999 0.889706 -0.397974 0.223696 -0.113426 -0.667318 -0.736085 -0.442219 -0.629527 0.638857
1.951604 -358.709712 1941.189094 17687.190747 0.917586 -0.320938 -0.234597 -0.152125 0.261737 -0.953075 -0.367280 -0.910216 -0.191343
-7.920100 -69.324490 539.822097 1616.759369 0.158238 0.336349 0.928348 0.925064 0.278272 -0.258499 -0.345279 0.899686 -0.267111
-11.850909 -226.514925 617.721738 -11435.945614 0.116906 0.376882 0.918854 0.559582 0.739359 -0.374455 -0.820488 0.557950 -0.124461
-2.246960 -118.251863 283.938125 -4757.747922 0.147973 0.320558 0.935600 0.678727 0.655154 -0.331817 -0.719328 0.684117 -0.120626
11.022175 -405.674677 -569.640171 22412.323947 -0.004150 0.314075 0.949389 0.998074 0.060069 -0.015510 -0.061901 0.947496 -0.313719
-12.464334 -314.316974 683.176129 15451.822548 0.112654 0.303167 0.946255 0.966909 -0.252831 -0.034109 0.228902 0.918785 -0.321618
-16.664062 -73.452745 646.042169 2660.159543 0.099098 0.432158 0.896336 0.992561 0.021090 -0.119905 -0.070722 0.901551 -0.426854
-1.387957 -8.946038 -2.047513 -2.020123 0.059999 -0.615728 -0.785671 0.894672 0.382225 -0.231226 0.442676 -0.689045 0.573808
-1.435358 -8.440802 -10.303772 23.359221 0.057520 -0.647821 -0.759618 0.864194 0.413272 -0.287010 0.499860 -0.639949 0.583614
-1.340205 -8.702568 -13.278229 -8.471075 0.101288 -0.617573 -0.779964 0.935063 0.326798 -0.137328 0.339701 -0.715406 0.610571
-7.079184 -10.687685 15.290523 103.871571 -0.090830 0.844355 0.528029 0.592215 0.472077 -0.653012 0.800644 -0.253393 0.542919
-5.432297 -8.089802 21.015336 80.928631 0.080646 0.989444 0.120402 0.380742 0.081055 -0.921122 0.921158 -0.120127 0.370186
-6.166188 -9.352137 -12.855518 91.551265 -0.019773 0.957890 0.286455 0.518079 0.254861 -0.816480 0.855104 -0.132262 0.501301
10.122370 -14.157523 -43.306806 -49.528469 0.016115 0.315699 0.948723 0.996310 0.074933 -0.041858 -0.084305 0.945896 -0.313326
9.852769 -14.596472 -38.973751 -160.099569 0.039164 0.156770 0.986858 0.991535 0.116253 -0.057817 -0.123789 0.980769 -0.150890
9.462378 -13.665702 -59.648239 -108.438085 0.043743 0.300446 0.952795 0.953535 0.272006 -0.129549 -0.298089 0.914191 -0.274587
9.448537 -14.644568 -26.595740 -43.094773 0.020403 0.411660 0.911109 0.972001 0.205202 -0.114482 -0.234089 0.887935 -0.395948
9.422070 -14.372203 6.977031 71.965155 0.011258 0.455862 0.889979 0.999611 -0.027855 0.001623 0.025530 0.889615 -0.455998
-2.140243 -4.577261 18.343013 -59.978504 0.002154 -0.118389 0.992965 0.624242 0.775895 0.091154 -0.781228 0.619654 0.075574
-2.497562 -5.296141 24.087194 -48.341472 -0.066584 -0.218846 0.973485 0.688330 0.696239 0.203600 -0.722336 0.683635 0.104280
-5.944022 -8.190669 -3.136039 -71.885156 0.214127 0.949131 0.230870 0.261300 0.172081 -0.949795 0.941208 -0.263703 0.211161
-5.701572 -7.634744 72.646818 -105.666522 0.135796 0.978724 0.153812 0.349009 0.098041 -0.931977 0.927228 -0.180240 0.328270
-6.031453 -7.367941 5.164992 -78.298709 0.280868 0.950592 0.132242 0.342147 0.029561 -0.939181 0.896688 -0.309032 0.316939
-5.713163 -6.279377 60.270164 -57.240353 0.096586 0.925789 0.365494 0.474263 0.280037 -0.834658 0.875069 -0.253957 0.412020
-1.691347 -6.562940 -22.664088 -159.839733 -0.182281 -0.410020 -0.893676 0.978071 -0.168749 -0.122073 -0.100755 -0.896330 0.431788
-1.548053 -5.991473 -13.467543 -20.501489 -0.061123 -0.441662 -0.895097 0.990616 -0.136674 -0.000208 -0.122244 -0.886710 0.445871
-1.593265 -5.525404 -41.736332 53.465417 -0.161870 -0.427167 -0.889565 0.980813 -0.168891 -0.097373 -0.108644 -0.888259 0.446310
-1.045213 -17.795541 -30.628662 198.748344 -0.084585 -0.606546 -0.790536 -0.050553 0.794970 -0.604539 0.995133 -0.011171 -0.097905
-0.969332 -18.294041 17.089023 225.503997 -0.131455 -0.612871 -0.779172 -0.097483 0.790175 -0.605079 0.986518 -0.003585 -0.163616
1.782580 -9.497070 -43.799674 120.507350 -0.178810 -0.586013 -0.790326 0.974782 0.003490 -0.223131 0.133516 -0.810294 0.570611
5.392373 -8.339523 -79.920802 33.158258 0.374765 0.137953 -0.916799 0.515083 0.791231 0.329612 0.770870 -0.595754 0.225468
3.734502 -6.809744 -47.799657 75.664448 0.388716 0.170405 -0.905462 0.348065 0.882765 0.315558 0.853083 -0.437822 0.283833
2.419279 -6.059194 35.917811 116.294295 0.347928 0.270731 -0.897581 0.221179 0.906670 0.359208 0.911058 -0.323504 0.255576
-0.442728 -12.535891 12.952741 -60.603233 -0.042762 -0.551410 -0.833137 0.954168 0.224688 -0.197684 0.296201 -0.803406 0.516530
-0.210342 -12.968124 17.199745 129.489044 0.017339 -0.527892 -0.849134 0.969913 0.215142 -0.113945 0.242835 -0.821610 0.515740
-2.493202 -14.938805 -12.535179 39.153668 0.044661 0.633105 0.772777 0.998871 -0.015750 -0.044824 -0.016207 0.773906 -0.633093
-2.280154 -14.603997 -9.556462 4.672306 0.026609 0.651480 0.758199 0.987092 0.102700 -0.122887 -0.157925 0.751682 -0.640339
-2.700878 -14.735783 -11.082407 9.742859 0.053110 0.625287 0.778586 0.956096 0.193182 -0.220364 -0.288200 0.756107 -0.587574
-2.044454 -14.871938 -10.897224 -16.753021 0.040837 0.657823 0.752065 0.995498 -0.091219 0.025733 0.085530 0.747628 -0.658587
-2.655067 -14.401571 -20.947577 57.707976 0.052756 0.617131 0.785090 0.996301 0.020872 -0.083355 -0.067827 0.786583 -0.613748
-2.541137 -14.029234 -20.250680 19.110484 0.056634 0.611617 0.789125 0.989639 -0.138842 0.036586 0.131940 0.778876 -0.613143
-2.305734 -14.394083 -10.597449 28.414164 0.055000 0.630415 0.774308 0.970500 -0.216068 0.106979 0.234744 0.745582 -0.623701
-1.368392 -38.088563 -93.908814 763.943543 -0.505039 0.431931 0.747242 0.545502 0.830665 -0.111463 -0.668852 0.351329 -0.655137
-1.371004 -26.971447 -12.044140 253.330815 -0.438236 0.473849 0.763816 0.615066 0.777751 -0.129603 -0.655471 0.413001 -0.632288
-1.149176 -26.630287 -43.629218 177.539149 -0.437753 0.511100 0.739695 0.768749 0.639416 0.013136 -0.466259 0.574390 -0.672814
-1.313326 -24.482541 -16.023327 -73.520403 -0.375646 0.531885 0.758939 0.882466 0.455436 0.117605 -0.283096 0.713916 -0.640454
-0.842558 -26.875593 -59.700366 -66.506732 -0.373068 0.564479 0.736331 0.906898 0.389387 0.160979 -0.195849 0.727833 -0.657193
-0.817181 -34.499598 -64.668338 -35.219537 -0.424314 0.538019 0.728350 0.801116 0.597987 0.024983 -0.422103 0.594093 -0.684750
-1.671838 -12.427239 11.871780 -187.972730 -0.314778 -0.354538 0.880464 0.949022 -0.101450 0.298437 -0.016484 0.929522 0.368398
-3.099695 -7.008079 -0.115651 -36.188658 -0.354858 -0.281210 0.891626 0.881250 0.217869 0.419442 -0.312209 0.934588 0.170504
-6.169169 -13.795485 38.435511 -127.161356 0.230018 -0.156184 -0.960572 -0.393427 0.887862 -0.238572 0.890116 0.432791 0.142777
-5.565448 -14.523067 38.084609 -87.392234 0.159910 -0.205892 -0.965421 -0.493490 0.830347 -0.258826 0.854925 0.517815 0.031176
-6.019503 -14.895729 32.131193 -31.395873 0.227370 -0.162478 -0.960158 -0.615887 0.739749 -0.271025 0.754312 0.652972 0.068129
-5.387465 -14.920614 36.148943 -13.428322 0.127575 -0.233319 -0.963995 -0.671370 0.695103 -0.257087 0.730059 0.679996 -0.067966
-5.668770 -14.600593 -28.650645 -57.971427 -0.187022 0.192676 0.963275 0.790798 -0.552219 0.263992 0.582804 0.811129 -0.049091
-0.278980 -4.472552 70.870456 23.212623 -0.549789 -0.593716 0.587565 0.049324 0.679112 0.732376 -0.833846 0.431634 -0.344084
0.701230 -4.947614 85.862259 15.463884 -0.545778 -0.623751 0.559519 -0.045915 0.688998 0.723307 -0.836671 0.369075 -0.404679
0.713317 -4.479310 -29.048155 26.899037 0.573636 0.655374 -0.491352 -0.025248 0.613722 0.789119 -0.818721 0.440261 -0.368599
0.108339 -3.916245 -54.991281 34.929202 0.558108 0.619938 -0.551536 0.093920 0.613218 0.784310 -0.824436 0.489530 -0.284017
-9.790383 -171.791102 566.576951 -9093.005328 -0.485842 0.733016 -0.476072 0.539649 -0.176897 -0.823096 0.687558 0.656807 0.309627
-75.828916 -317.145440 -2936.813940 16997.047524 0.919352 0.069748 -0.387204 -0.112087 0.989809 -0.087834 0.377132 0.124151 0.917801
2.163279 -52.513660 79.548525 -2299.089238 0.209675 0.576368 0.789833 -0.461244 0.770567 -0.439864 -0.862143 -0.272077 0.427415
-1.418049 -52.344289 280.104905 -2233.039252 0.263683 0.550362 0.792195 -0.442676 0.798714 -0.407546 -0.857035 -0.243222 0.454240
0.522854 -39.487710 307.528892 -1825.093593 0.281581 0.486355 0.827146 -0.555387 0.785561 -0.272835 -0.782468 -0.382561 0.491315
-0.802231 -8.600927 28.975024 -120.149099 0.183158 0.495180 0.849264 -0.609467 0.735027 -0.297130 -0.771365 -0.463177 0.436422
1.322541 -31.587696 61.609822 -1466.559348 0.195500 0.519206 0.831989 -0.551243 0.759835 -0.344647 -0.811117 -0.391249 0.434756
-0.783952 -7.474760 -4.648656 -6.491633 -0.046254 0.723697 0.688566 -0.564252 0.549877 -0.615836 0.824306 0.417010 -0.382914
-0.928565 -7.879610 6.881193 38.930898 -0.025785 0.691090 0.722309 -0.493042 0.619763 -0.610577 0.869623 0.371872 -0.324756
-1.142481 -7.647829 21.703149 -2.197524 -0.045985 0.716493 0.696077 -0.556232 0.560431 -0.613614 0.829754 0.415398 -0.372765
-3.919922 -26.200823 -655.248823 -1618.245297 0.230995 -0.776424 -0.586351 0.807741 -0.182928 0.560439 -0.542398 -0.603078 0.584894
-18.757022 -100.443280 227.850281 -5331.609136 0.098989 -0.507317 -0.856055 0.792686 -0.479845 0.376028 -0.601539 -0.715806 0.354644
-3.754511 -31.118332 38.065893 -1506.788330 -0.127816 -0.399552 -0.907756 0.903675 -0.424076 0.059417 -0.408698 -0.812722 0.415269
-7.642684 -8.912980 -57.274973 -0.413182 0.013358 0.830699 -0.556562 0.688594 0.395950 0.607504 -0.725024 0.391361 0.566725
-8.579507 -8.994081 -71.908001 12.449919 0.055968 0.761677 -0.645535 0.728002 0.411339 0.548464 -0.683286 0.500647 0.531481
-8.333582 -9.009911 -68.946949 -8.596379 0.134060 0.824911 -0.549136 0.577723 0.385169 0.719640 -0.805149 0.413723 0.424934
-7.330568 -8.877773 -42.613242 -8.068636 0.063893 0.880242 -0.470205 0.565882 0.356139 0.743601 -0.822007 0.313591 0.475358
-3.826133 -13.329121 52.054686 39.661820 -0.275596 -0.576678 -0.769084 0.961172 -0.176930 -0.211763 -0.013955 -0.797583 0.603048
-2.362787 -8.015122 -75.982564 40.054496 -0.052161 0.675950 0.735099 -0.180721 0.717558 -0.672644 -0.982150 -0.167934 0.084730
-0.641462 -7.754052 -132.666668 37.205182 -0.080230 0.610736 0.787759 -0.098646 0.781562 -0.615978 -0.991883 -0.127130 -0.002458
-0.631889 -7.358840 -88.736299 33.873177 -0.051050 0.623723 0.779977 0.054677 0.781569 -0.621418 -0.997198 0.010924 -0.074003
0.229265 -8.137431 7.802263 0.119259 -0.131587 0.478824 0.867994 -0.182045 0.849044 -0.495968 -0.974446 -0.223277 -0.024556
0.032470 -8.223943 9.269385 -0.223478 -0.126925 0.462880 0.877287 -0.144967 0.866287 -0.478050 -0.981262 -0.187854 -0.042851
-0.056997 -7.913086 4.867957 1.836179 -0.127673 0.456097 0.880724 -0.273647 0.837325 -0.473291 -0.953319 -0.301434 0.017906
0.366984 -7.206849 -7.641388 -19.046812 -0.100026 0.410436 0.906387 -0.686291 0.631116 -0.361522 -0.720417 -0.658206 0.218551
0.494240 -8.072775 -1.324320 18.544317 -0.074737 0.406789 0.910460 -0.720557 0.609127 -0.331304 -0.689356 -0.680799 0.247590
0.333220 -7.768679 3.031191 -68.756782 0.069284 -0.388472 -0.918852 0.759213 -0.576965 0.301176 -0.647144 -0.718472 0.254958
0.322038 -8.005890 -3.165690 -59.622278 -0.123387 0.453468 0.882690 -0.614824 0.663271 -0.426688 -0.778953 -0.595347 0.196964
0.274076 -7.582149 9.987885 -55.037059 0.088852 -0.396033 -0.913927 0.740807 -0.587074 0.326419 -0.665815 -0.706047 0.241221
0.376518 -7.460327 -10.877915 -66.142071 -0.130122 0.441645 0.887704 -0.590245 0.684881 -0.427257 -0.796667 -0.579559 0.171561
0.352871 -7.048808 -8.367563 -16.134923 -0.106800 0.413161 0.904374 -0.656517 0.653795 -0.376215 -0.746713 -0.633916 0.201422
0.803031 -16.479945 44.906572 40.983452 0.261857 0.401683 0.877543 0.218831 0.860876 -0.459353 -0.939970 0.312318 0.137526
1.316146 -17.371056 39.839112 45.129825 0.249148 0.409058 0.877836 0.016693 0.904471 -0.426208 -0.968322 0.120842 0.218519
1.000738 -16.527997 32.736431 -31.075358 0.250096 0.421953 0.871440 -0.259208 0.896368 -0.359633 -0.932879 -0.135942 0.333551
0.476905 -7.859740 -1.096030 78.459104 -0.083599 -0.588727 -0.803997 -0.087175 0.808049 -0.582630 0.992679 0.021381 -0.118874
0.538538 -8.180954 2.123475 77.778350 -0.079924 -0.580692 -0.810191 -0.137288 0.811457 -0.568057 0.987301 0.065828 -0.144577
0.505811 -2.023979 -36.763198 -57.913951 -0.015061 -0.614026 -0.789142 0.977804 0.155907 -0.139972 0.208979 -0.773734 0.598049
-0.550435 -2.282111 -64.580156 -60.506944 -0.004569 -0.628177 -0.778057 0.976487 0.164893 -0.138864 0.215527 -0.760397 0.612653
0.905037 -2.986863 -1.886013 -66.070219 -0.000078 -0.585558 -0.810631 0.970000 0.197024 -0.142413 0.243105 -0.786323 0.567976
-0.763516 -7.336123 -0.385498 28.714049 -0.171836 0.632344 0.755390 0.532222 -0.585668 0.611338 -0.828983 -0.507085 0.235908
0.559036 -24.586740 -17.430288 119.329286 -0.089607 -0.617313 -0.781598 -0.458247 0.722312 -0.517952 0.884296 0.311753 -0.347606
0.403688 -23.109037 38.054317 211.555737 -0.122050 -0.623970 -0.771858 -0.457736 0.725418 -0.514049 0.880671 0.290568 -0.374151
1.187876 -23.141126 36.620152 72.378074 -0.129429 -0.615139 -0.777723 -0.198731 0.784498 -0.587425 0.971470 0.078528 -0.223784
1.284535 -25.010184 19.494829 -106.782457 -0.104950 -0.639135 -0.761901 -0.234000 0.760492 -0.605720 0.966556 0.114714 -0.229370
0.155364 -27.184406 -10.331826 -99.279956 -0.088905 -0.658378 -0.747418 -0.472718 0.688385 -0.550148 0.876717 0.304407 -0.372428
0.213228 -23.111528 31.375836 56.369652 0.067109 0.652743 0.754601 -0.648383 0.603372 -0.464265 0.758351 0.458114 -0.463719
2.778221 0.308951 -11.370201 99.108739 -0.126431 0.283283 0.950666 0.613787 0.775212 -0.149372 -0.779282 0.564621 -0.271887
2.684978 -2.031043 -51.303127 47.221972 -0.178799 0.362013 0.914865 0.592170 0.782168 -0.193772 -0.785726 0.507110 -0.354224
2.842700 -0.550733 -37.306387 110.402715 -0.231647 0.253286 0.939248 0.603825 0.794437 -0.065313 -0.762716 0.552012 -0.336969
3.340051 -64.341753 -125.784108 1935.844965 -0.050609 0.902127 0.428491 -0.521973 0.341888 -0.781446 0.851459 0.263209 -0.453583
5.956592 -59.139643 -189.288397 823.766204 -0.101066 0.881969 0.460344 -0.397925 0.388254 -0.831213 0.911834 0.267189 -0.311718
-1.571698 -13.821877 -94.996960 6.999832 0.186498 -0.821906 -0.538228 0.851571 -0.137969 0.505759 -0.489945 -0.552662 0.674180
-1.253411 -15.505038 -114.294556 -7.685238 0.320585 -0.823425 -0.468184 0.881070 0.077756 0.466551 -0.347766 -0.562072 0.750423
-0.597218 -15.958844 79.758527 89.728448 -0.157581 0.804994 0.571973 0.799133 -0.236318 0.552757 -0.580133 -0.544187 0.606058
-1.780244 -14.675213 90.409283 -0.468586 -0.110387 0.782913 0.612260 0.757107 -0.332856 0.562134 -0.643897 -0.525599 0.556006
-0.326658 -5.000491 0.117129 -35.354585 -0.163955 0.560491 0.811769 0.479274 0.764514 -0.431063 -0.862215 0.318385 -0.393975
-2.760428 -6.106891 30.949101 11.543994 0.185013 0.344654 0.920317 0.588198 0.711382 -0.384655 -0.787270 0.612495 -0.071110
-2.498266 -5.705966 23.051289 -17.150546 0.188038 0.279091 0.941674 0.550342 0.764180 -0.336381 -0.813490 0.581495 -0.009901
-2.534470 -5.290403 13.983300 27.319064 0.278407 0.383007 0.880792 0.615699 0.632670 -0.469727 -0.737159 0.673078 -0.059677
-2.721987 -5.315082 27.579408 77.860405 0.236310 0.421088 0.875696 0.669872 0.582229 -0.460739 -0.703867 0.695481 -0.144488
-3.083426 -6.191508 24.694894 67.956774 0.171376 0.431439 0.885715 0.627505 0.645271 -0.435732 -0.759518 0.630465 -0.160147
-2.925373 -6.391793 29.487012 -7.636642 0.131092 0.347801 0.928358 0.531087 0.766094 -0.362004 -0.837115 0.540495 -0.084284
-0.120377 -14.723501 -27.625451 31.188576 -0.073305 0.583509 0.808791 0.723073 0.589633 -0.359860 -0.686872 0.558435 -0.465143
-0.780055 -14.310654 -28.365791 79.540907 -0.084621 0.553922 0.828257 0.645029 0.664016 -0.378179 -0.759458 0.502248 -0.413485
-0.529655 -14.107555 -36.772306 6.836851 -0.051301 0.591906 0.804373 -0.781857 -0.524914 0.336399 -0.621343 0.611648 -0.489714
-36.405470 -185.467732 2045.353932 -8262.335886 -0.469872 0.817981 -0.331853 0.469455 -0.086810 -0.878679 0.747551 0.568657 0.343215
-35.743081 -325.134659 -1002.556758 -14896.732357 0.272206 -0.902505 0.333750 0.930984 0.159332 -0.328455 0.243255 0.400123 0.883589
-119.532884 -370.903782 414.101948 -16049.464835 0.020263 0.747949 -0.663447 0.785658 -0.422309 -0.452102 0.618329 0.512081 0.596190
-4.659068 -97.659447 387.816948 -3526.932096 -0.524764 0.817197 -0.238351 0.537199 0.100713 -0.837421 0.660333 0.567491 0.491848
-236.941046 -538.881000 2583.753112 23394.145529 -0.022295 0.850045 0.526238 -0.481290 0.452234 -0.750896 0.876278 0.270014 -0.399036
-11.975823 -166.121298 388.539646 -1109.212873 -0.510186 0.759426 -0.403711 -0.226749 -0.571557 -0.788611 0.829636 0.310797 -0.463800
-1.396729 -8.844867 -5.598193 13.540555 0.008002 -0.647082 -0.762379 0.820928 0.439578 -0.364483 0.570975 -0.622942 0.534725
-1.296201 -7.777831 7.509673 26.103436 0.044721 0.700638 0.712114 0.768354 0.431445 -0.472744 0.638461 -0.568297 0.519043
-1.266776 -7.151141 4.150652 30.080085 0.006886 0.700593 0.713528 0.804490 0.419922 -0.420073 0.593926 -0.576919 0.560729
-9.350091 -12.554797 -48.569545 134.764976 0.378362 -0.369433 -0.848741 0.556025 0.823762 -0.110689 0.740053 -0.430041 0.517094
-9.024909 -11.980270 120.094442 65.652003 -0.219204 0.692165 0.687646 0.674512 0.616746 -0.405781 0.704970 -0.374877 0.602067
8.880620 -11.511189 31.763549 -145.295661 0.078027 0.080116 0.993727 0.943244 0.316812 -0.099605 -0.322805 0.945099 -0.050849
9.011189 -13.873948 98.186703 -203.481836 0.050243 -0.085299 0.995088 0.989386 0.140272 -0.037931 -0.136347 0.986432 0.091442
5.611070 -11.141615 174.568900 59.315210 -0.115686 -0.249126 -0.961537 0.410444 0.869535 -0.274671 0.904518 -0.426433 0.001659
8.716110 -10.678127 264.347849 -3.476382 -0.149159 -0.316576 -0.936766 0.556587 0.756151 -0.344162 0.817290 -0.572727 0.063415
8.312554 -9.531488 256.817512 52.513489 -0.085946 -0.291616 -0.952667 0.357511 0.883494 -0.302695 0.929946 -0.366604 0.028323
9.095904 -7.992033 98.785900 -64.130641 0.020841 -0.404716 -0.914205 0.517862 0.786547 -0.336396 0.855211 -0.466421 0.225979
4.878138 -10.374054 154.198004 44.589606 -0.100903 -0.195210 -0.975557 0.221308 0.951590 -0.213305 0.969970 -0.237422 -0.052817
8.957561 -7.587293 105.216983 62.624870 0.088777 -0.333220 -0.938660 0.286100 0.911200 -0.296413 0.954078 -0.242236 0.176228
8.504602 -8.927365 253.003930 81.148948 -0.051661 -0.229522 -0.971931 0.171476 0.956738 -0.235049 0.983833 -0.178806 -0.010069
-2.611033 -5.154993 16.344980 -51.587773 0.262321 0.312878 0.912850 0.567375 0.715180 -0.408170 -0.780560 0.625000 0.010088
-3.118690 -5.915954 5.544343 -11.789599 0.352757 0.418269 0.837027 0.617096 0.568439 -0.544123 -0.703389 0.708469 -0.057591
-1.206711 -2.841718 -57.250222 77.020480 -0.006803 -0.458074 -0.888888 -0.065269 0.887216 -0.456713 0.997845 0.054910 -0.035934
-1.371191 -4.360107 -12.821485 95.812358 -0.033339 -0.437466 -0.898617 -0.009728 0.899216 -0.437397 0.999397 -0.005841 -0.034234
-1.173440 -2.954517 29.512731 64.274128 -0.060713 -0.285116 -0.956568 -0.050560 0.957984 -0.282329 0.996874 0.031223 -0.072578
-0.421199 -7.582833 -2.287771 22.065111 -0.144688 0.741024 0.655705 0.958035 -0.060815 0.280127 0.247457 0.668719 -0.701127
-0.634128 -7.394030 -7.321246 -4.946681 -0.156960 0.741938 0.651837 0.919226 -0.131567 0.371099 0.361092 0.657433 -0.661357
