18302
36591
-5.180579 -7.740105 68.459884 86.167494 -0.376069 0.806599 -0.456037 -0.292720 -0.570381 -0.767451 0.879140 0.155123 -0.450611
-6.629148 -9.175378 116.777130 114.522566 -0.259778 0.951403 -0.165369 -0.299292 -0.242140 -0.922926 0.918117 0.190262 -0.347650
-6.925289 -9.638517 -47.913710 305.384180 0.074745 0.910451 0.406806 -0.446340 0.395347 -0.802796 0.891736 0.121569 -0.435921
-5.134188 -8.232211 -5.021489 76.168885 -0.392891 0.819728 -0.416753 -0.222420 -0.524450 -0.821877 0.892281 0.230214 -0.388375
-5.829527 -6.654324 43.377784 148.705684 -0.193474 0.967475 -0.162975 -0.486408 -0.238848 -0.840451 0.852042 0.083333 -0.516798
-3.982514 -6.754812 -5.905139 -49.981274 -0.472506 0.621256 -0.625123 0.248370 0.774414 0.581889 0.845606 0.119684 -0.520217
-4.519386 -7.472752 -13.886576 -46.561936 -0.487336 0.623059 -0.611802 0.152931 0.750702 0.642696 0.859719 0.219645 -0.461129
7.682375 -12.180767 -142.431818 -130.042172 -0.106984 0.978709 -0.175167 -0.810706 0.016125 0.585232 -0.575596 -0.204620 -0.791720
5.785257 -11.381213 -236.129714 -120.794144 -0.174466 0.942031 -0.286598 -0.863529 -0.006515 0.504258 -0.473159 -0.335462 -0.814608
7.952252 -10.780462 -103.969415 -143.972112 -0.087439 0.982796 -0.162687 -0.899712 -0.007805 0.436415 -0.427637 -0.184531 -0.884915
9.039424 -11.992538 -18.955992 -196.957240 -0.007981 0.998454 -0.055010 -0.866978 0.020503 0.497924 -0.498282 -0.051666 -0.865474
8.268307 -10.146970 4.044131 -101.571275 0.017552 0.999199 -0.035956 -0.926019 0.029807 0.376297 -0.377068 -0.026691 -0.925801
-4.242803 -28.185731 -672.541377 -1525.288150 -0.212208 0.729300 -0.650453 0.960761 0.277368 -0.002455 0.178625 -0.625451 -0.759542
-1.850030 -15.669013 -488.592800 -117.286247 -0.128346 0.740855 -0.659288 0.904673 0.359830 0.228232 0.406318 -0.567148 -0.716414
-0.792462 -26.676875 -534.932437 -2267.526567 -0.178125 0.763294 -0.621011 0.975914 0.056256 -0.210777 -0.125949 -0.643598 -0.754930
4.788686 -7.255645 -70.403047 -201.508982 0.285449 0.907038 -0.309516 0.953962 -0.237879 0.182677 0.092067 -0.347411 -0.933182
2.640836 -9.356643 -230.312682 -615.124129 0.288177 0.883120 -0.370207 0.957060 -0.278326 0.081055 -0.031457 -0.377668 -0.925406
-1.272827 -314.224184 -269.159430 -23614.095766 -0.297347 0.852454 -0.430008 0.839728 0.019167 -0.542669 -0.454359 -0.522451 -0.721529
-10.345620 -77.351078 -33.894411 5189.949648 0.333444 0.942018 0.037657 -0.905705 0.308989 0.290213 -0.261751 0.130876 -0.956221
-13.028871 -196.891393 500.497209 14787.366728 -0.056969 0.998375 -0.001522 -0.830472 -0.046542 0.555113 -0.554140 -0.032888 -0.831773
1.309277 -12.278752 10.818295 -506.985718 0.789236 -0.608070 0.085777 0.612279 0.768475 -0.185905 -0.047125 -0.199242 -0.978816
-0.014336 -3.345329 -4.518340 51.020415 -0.207238 0.865077 0.456830 -0.362837 0.365695 -0.857098 0.908516 0.343378 -0.238096
-0.024674 -2.948691 -3.828518 40.348571 -0.222556 0.878518 0.422700 -0.372990 0.323861 -0.869478 0.900748 0.351171 -0.255601
-0.221753 -3.312529 -11.858466 28.844363 -0.202412 0.854438 0.478503 -0.334106 0.399050 -0.853892 0.920545 0.332709 -0.204701
0.087565 -3.676640 -21.104627 28.119229 -0.181376 0.837681 0.515163 -0.314577 0.446906 -0.837447 0.931743 0.313951 -0.182457
0.107453 -3.801088 0.188154 35.248179 -0.193032 0.846386 0.496356 -0.321389 0.423422 -0.847008 0.927064 0.323023 -0.190285
-0.161983 -4.350598 -50.211320 44.844174 -0.155127 0.982762 0.100573 -0.822568 -0.184875 0.537776 -0.547099 -0.000695 -0.837068
0.479133 -4.461822 -40.380656 36.217608 -0.111998 0.990764 0.076438 -0.849072 -0.135377 0.510637 -0.516269 0.007711 -0.856392
0.582127 -3.843530 -40.663948 54.431727 -0.095595 0.993233 0.065951 -0.810634 -0.116129 0.573922 -0.577697 -0.001402 -0.816250
-0.145563 -3.959575 -56.354806 44.471073 -0.107945 0.991917 0.066697 -0.797666 -0.126457 0.589693 -0.593361 -0.010452 -0.804869
1.008288 -3.409827 -22.261743 49.053124 -0.059793 0.996129 0.064442 -0.794549 -0.086573 0.600996 -0.604249 0.015267 -0.796650
0.606229 -3.378818 -47.431598 35.441778 -0.069164 0.996738 0.041586 -0.787326 -0.080138 0.611307 -0.612645 -0.009539 -0.790300
-2.681313 -7.452931 54.820997 -31.421276 0.006076 0.681541 0.731754 0.481189 -0.643469 0.595319 -0.876596 -0.348495 0.331860
-2.613734 -8.308925 71.604139 -41.313643 -0.011324 0.674033 0.738615 0.586151 -0.593971 0.551022 -0.810122 -0.439180 0.388359
-1.916071 -8.129655 35.854642 -65.022096 0.022437 0.640429 0.767690 0.567532 -0.640321 0.517587 -0.823046 -0.424075 0.377831
-1.864551 -7.364866 33.862933 69.475053 0.058933 0.620283 0.782161 -0.498264 0.697221 -0.515379 -0.865020 -0.359350 0.350154
0.010201 -7.819141 103.478293 77.222707 0.132856 0.534902 0.834404 -0.583735 0.722596 -0.370283 -0.801001 -0.437876 0.408242
-0.680133 -7.287684 8.598314 97.797773 -0.101666 0.994378 -0.029590 -0.852977 -0.071825 0.516983 -0.511951 -0.077800 -0.855484
-0.789212 -7.101596 0.271463 94.550842 -0.109829 0.993268 -0.036822 -0.840995 -0.073118 0.536079 -0.529778 -0.089844 -0.843364
-0.642459 -7.459794 -4.749629 30.452776 -0.129841 0.991093 -0.029590 -0.807877 -0.088441 0.582678 -0.574871 -0.099561 -0.812164
-0.283080 -7.127295 33.830953 6.790834 -0.136872 0.990504 0.012978 -0.815688 -0.120130 0.565882 -0.562067 -0.066867 -0.824384
-0.152879 -7.032022 62.906421 145.624529 -0.118772 0.992385 0.032634 -0.836776 -0.117733 0.534738 -0.534508 -0.036205 -0.844388
-0.440893 -6.594051 31.665383 41.512134 -0.097325 0.995243 -0.004408 -0.899597 -0.086075 0.428154 -0.425738 -0.045635 -0.903695
0.716851 -9.444393 -5.970660 -169.173777 0.113986 0.991203 0.067265 0.572586 -0.120875 0.810885 -0.811882 0.053915 0.581327
-0.061791 -11.648666 10.118582 -264.934985 0.103103 0.993793 0.041772 0.670115 -0.100435 0.735431 -0.735062 0.047833 0.676310
0.411174 -11.440314 13.647540 -204.525154 0.055945 0.998434 0.000580 0.645641 -0.036620 0.762763 -0.761589 0.042299 0.646678
-0.547510 -14.249375 30.185188 -227.759349 0.069431 0.997578 -0.004282 0.778985 -0.051535 0.624921 -0.623186 0.046725 0.780676
1.117686 -9.838854 1.938173 -89.685178 0.055964 0.998279 0.017510 0.536510 -0.044858 0.842701 -0.842036 0.037767 0.538097
0.638900 -11.251068 7.155722 -189.865914 0.014834 0.999234 -0.036217 0.643419 0.018186 0.765298 -0.765371 0.034655 0.642656
2.276793 -17.555944 -52.550195 121.838011 0.280756 0.956482 0.079489 0.931613 -0.251663 -0.262229 0.230812 -0.147675 0.961726
3.258698 -17.973200 -102.625130 36.104329 0.314600 0.946683 0.069413 0.940146 -0.300668 -0.160388 0.130967 -0.115717 0.984610
2.537817 -16.325150 -78.576428 169.416530 0.310342 0.948914 0.057004 0.872163 -0.260359 -0.414180 0.378180 -0.178254 0.908408
1.472535 -14.921139 -42.931709 250.509251 0.277613 0.957597 0.077065 0.846489 -0.205889 -0.490984 0.454298 -0.201538 0.867753
2.361332 -13.662188 -57.205294 202.690076 0.320247 0.947301 0.007974 0.750835 -0.248678 -0.611887 0.577658 -0.201942 0.790905
1.706335 -13.032700 -57.622650 246.122968 0.307608 0.950334 0.047348 0.766656 -0.218067 -0.603892 0.563575 -0.222061 0.795658
-0.086563 -16.682894 -12.513059 -88.272299 0.009095 0.964342 -0.264503 0.990519 -0.044948 -0.129816 -0.137076 -0.260815 -0.955608
-0.234407 -16.081358 -1.036340 -19.794467 -0.027574 0.966453 -0.255361 -0.936180 0.064588 0.345536 -0.350437 -0.248592 -0.902993
-0.366740 -15.473391 -3.374466 -17.821057 0.007951 0.967113 -0.254224 0.981665 -0.055968 -0.182211 -0.190447 -0.248114 -0.949826
-0.088898 -16.984479 -10.936562 45.353009 -0.029781 0.964757 -0.261452 -0.950240 0.053820 0.306834 -0.310092 -0.257580 -0.915148
-0.147548 -17.061486 -19.467971 -153.157905 0.049176 0.963099 -0.264617 0.998721 -0.044296 0.024380 0.011759 -0.265477 -0.964045
0.011270 -18.524586 -9.754432 -159.594695 0.014376 0.963888 -0.265921 0.996715 -0.035015 -0.073035 -0.079708 -0.263998 -0.961224
0.109411 -18.656506 -15.149600 -170.508224 0.051744 0.961792 -0.268848 0.994580 -0.025319 0.100845 0.090185 -0.272609 -0.957889
3.737939 -6.749820 -26.000182 -9.799834 -0.308733 0.928530 0.206192 -0.068694 -0.237983 0.968837 -0.948665 -0.284948 -0.137257
2.860659 -7.182132 -0.907972 10.379329 -0.323277 0.907842 0.267047 -0.098050 -0.312816 0.944739 -0.941211 -0.279229 -0.190141
3.076425 -7.033171 -18.303946 17.924560 -0.286524 0.943039 0.169060 -0.128603 -0.212719 0.968613 -0.949403 -0.255789 -0.182227
1.771668 -15.271678 -64.562159 -64.567639 0.234518 0.970980 -0.046894 -0.961346 0.224491 -0.159430 0.144277 -0.082470 -0.986095
1.129167 -15.060136 -81.458823 37.153169 0.252055 0.965989 -0.057729 -0.964155 0.255792 0.070538 -0.082905 -0.037880 -0.995837
0.917800 -15.259048 -88.280000 58.026822 0.269617 0.960869 -0.063545 0.959575 -0.262547 0.101414 0.080762 -0.088319 -0.992813
-0.179166 -3.139409 13.125960 21.225570 0.233470 0.828815 0.508486 -0.460537 0.554818 -0.692880 0.856386 0.072410 -0.511234
-0.300369 -3.824522 5.183550 44.793904 0.260692 0.801178 0.538658 -0.422321 0.596372 -0.682631 0.868150 0.049530 -0.493824
-0.527086 -3.590104 8.435375 -6.388291 0.152327 0.912351 0.380016 -0.515547 0.401396 -0.757028 0.843213 0.080600 -0.531503
-0.909011 -4.556806 15.427512 -51.133667 0.065651 0.967158 0.245550 -0.564815 0.238882 -0.789886 0.822602 0.086834 -0.561948
-0.515536 -3.824742 10.184322 -43.355984 0.045779 0.969733 0.239836 -0.577055 0.221649 -0.786053 0.815421 0.102414 -0.569736
1.907413 -19.634919 -28.188360 118.426285 -0.143975 -0.973440 -0.178007 0.986899 -0.128007 -0.098206 0.072812 -0.189814 0.979116
1.805790 -20.232441 43.032795 -5.779430 0.124323 0.974515 0.186721 0.969437 -0.159409 0.186495 -0.211507 -0.157829 0.964549
1.347134 -20.283037 -96.000850 -19.750500 -0.133553 -0.981078 -0.140176 0.989174 -0.140642 0.041899 -0.060821 -0.133062 0.989240
1.225325 -19.931626 54.111949 57.202290 0.159233 0.977599 0.137644 0.964762 -0.124504 -0.231805 0.209475 -0.169704 0.962975
0.704245 -33.494322 121.861806 -649.620446 0.056125 0.905494 0.420632 0.988455 0.008992 -0.151247 -0.140735 0.424265 -0.894535
0.010555 -29.336016 155.855870 1029.676648 0.074840 0.902498 0.424143 -0.866352 -0.151773 0.475814 -0.493795 0.403067 -0.770522
1.530760 -31.184684 154.977807 -859.301652 0.120722 0.907530 0.402262 0.941511 0.023753 -0.336143 -0.314615 0.419314 -0.851583
-2.584055 -9.465149 -17.958035 -171.199789 0.283046 0.584034 0.760782 0.799161 0.294972 -0.523767 -0.530307 0.756238 -0.383246
-2.765995 -7.457752 -29.177518 -95.673251 0.322059 0.602516 0.730241 0.718254 0.346998 -0.603078 -0.616756 0.718726 -0.321006
-2.753368 -8.492044 -1.486530 -153.106072 0.343050 0.564607 0.750690 0.751700 0.314217 -0.579840 -0.563262 0.763208 -0.316622
-2.489063 -7.657522 -27.819734 -137.742731 0.266560 0.611374 0.745096 0.757106 0.345573 -0.554409 -0.596436 0.711900 -0.370759
-0.476490 -19.986991 52.648901 -581.909087 -0.170598 0.947030 0.272085 -0.211079 0.234598 -0.948899 0.962467 0.219312 -0.159876
0.264581 -13.105872 84.566466 -303.395898 -0.195598 0.938599 0.284207 -0.041756 0.281571 -0.958631 0.979795 0.199374 0.015882
-0.692315 -15.504942 28.549300 -413.556034 -0.185639 0.959620 0.211348 -0.130206 0.189167 -0.973274 0.973953 0.208196 -0.089831
0.742439 -5.872210 -35.152570 11.559683 -0.038956 0.984376 -0.171719 0.998200 0.046178 0.038265 0.045597 -0.169919 -0.984403
0.604686 -5.466690 -15.907632 18.638765 -0.029280 0.985121 -0.169348 0.992535 0.048720 0.111807 0.118394 -0.164810 -0.979194
0.806860 -5.621575 -21.722788 18.344668 -0.010437 0.987610 -0.156578 0.991287 0.030781 0.128076 0.131309 -0.153877 -0.979326
0.560010 -5.123785 -12.548049 -36.815196 -0.001948 0.986647 -0.162860 -0.975555 -0.037663 -0.216502 0.219745 -0.158457 -0.962603
0.664998 -5.124432 -3.578686 -23.787706 0.020485 0.990337 -0.137160 -0.971223 -0.012849 -0.237824 0.237288 -0.138084 -0.961575
1.038218 -5.613960 -12.636957 -18.394466 0.027358 0.991824 -0.124650 -0.981848 0.003249 -0.189639 0.187684 -0.127576 -0.973909
-1.097075 -5.535043 31.206804 68.574183 -0.072806 0.707489 0.702964 -0.686554 -0.546804 0.479217 -0.723424 0.447733 -0.525541
-1.129033 -5.236277 58.494520 34.639333 0.009997 0.771916 0.635646 -0.650375 -0.477832 0.590499 -0.759547 0.419312 -0.497258
-0.328147 -4.863899 22.051236 2.058804 -0.100537 0.690135 0.716663 -0.626108 -0.603688 0.493508 -0.773228 0.399093 -0.492792
-0.407731 -5.078251 -18.956626 -37.579346 -0.175640 0.634943 0.752328 0.644062 0.652079 -0.399971 -0.744536 0.414295 -0.523474
-1.001457 -10.870497 -6.371354 -132.106879 0.184652 0.973978 -0.131417 -0.561211 -0.005277 -0.827656 0.806812 -0.226581 -0.545633
-1.183465 -10.742991 1.334205 27.835469 0.177072 0.977231 -0.116901 -0.713826 0.045747 -0.698827 0.677568 -0.207190 -0.705673
-1.026684 -10.947631 11.887515 -68.524274 0.164238 0.981244 -0.100925 -0.566122 0.009977 -0.824261 0.807794 -0.192511 -0.557143
2.167010 -102.046562 -8.908637 -5189.662988 0.066422 0.993713 -0.090127 0.234173 0.072279 0.969504 -0.969923 0.085502 0.227900
19.011834 -1316.859019 -390.178765 -70654.816114 0.021860 0.999738 -0.006762 0.011761 0.006506 0.999910 -0.999692 0.021938 0.011615
1.998409 -57.302166 -52.816621 -2485.572750 -0.003452 0.988708 -0.149815 -0.245286 0.144402 0.958636 -0.969445 -0.040056 -0.242018
2.351890 -5.857882 -27.701279 48.041147 -0.622701 0.473785 0.622713 0.770401 0.232058 0.593827 0.136840 0.849516 -0.509507
1.921970 -4.064950 5.807425 -9.830452 -0.617453 0.447567 0.646866 0.769511 0.173162 0.614710 0.163111 0.877325 -0.451327
0.301457 -9.456233 -20.427409 415.864445 0.849859 -0.296883 -0.435431 0.514847 0.291223 0.806301 0.112570 0.909423 -0.400348
-1.639300 -8.804073 -80.115185 447.545004 0.932625 -0.231326 -0.276944 0.338424 0.294401 0.893755 0.125216 0.927263 -0.352852
0.458802 -21.732158 28.295728 1041.879472 0.878334 -0.268615 -0.395442 0.471759 0.353321 0.807842 0.077281 0.896108 -0.437055
-2.517208 -50.544299 -6.545532 2743.666073 0.940303 -0.180856 -0.288309 0.333555 0.321405 0.886251 0.067620 0.929511 -0.362543
-4.042120 -10.060138 62.312567 334.377780 0.935531 -0.140779 -0.323979 0.108195 0.987271 -0.116574 0.336266 0.074005 0.938855
-2.846688 -7.711900 108.129444 -202.112256 -0.551116 0.824157 0.130522 0.761108 0.560619 -0.326221 0.342030 0.080444 0.936239
-3.870821 -7.778889 -108.872884 449.196100 0.942109 0.205986 -0.264577 -0.213959 0.976842 -0.001349 0.258172 0.057880 0.964364
8.186636 -7.053382 476.177562 6.127766 0.386406 0.226949 0.893971 -0.562137 0.826378 0.033186 -0.731227 -0.515358 0.446894
5.721134 -6.990770 157.698323 -39.211705 0.290928 0.126108 0.948397 -0.479409 0.877064 0.030440 -0.827966 -0.463526 0.315620
4.288598 -7.040523 278.276985 6.120227 0.322543 0.285327 0.902527 -0.504026 0.858840 -0.091388 -0.801202 -0.425420 0.420825
2.891267 -7.190400 302.151208 41.897928 0.284384 0.391650 0.875063 -0.547216 0.815771 -0.187274 -0.787198 -0.425591 0.446310
-5.702527 -7.415099 17.207535 -23.436970 0.922587 -0.094564 0.374019 -0.212732 -0.933477 0.288730 -0.321835 0.345945 0.881331
-5.584300 -7.513509 38.954310 2.110434 0.944718 -0.070200 0.320281 0.144245 0.966191 -0.213703 -0.294451 0.248088 0.922904
-5.191891 -7.694686 46.740103 -8.182244 0.959856 -0.065505 0.272738 -0.156316 -0.932281 0.326218 -0.232899 0.355755 0.905095
-5.533090 -7.616545 15.275260 -1.664257 0.908921 -0.129832 0.396240 -0.281632 -0.891922 0.353778 -0.307483 0.433150 0.847251
17.439879 -12.238244 318.907097 -349.986470 0.688133 0.686053 0.236227 0.643089 -0.425897 -0.636434 0.336019 -0.589867 0.734267
14.564886 -9.508948 445.337257 -136.303021 0.613870 0.788851 0.029622 0.613285 -0.452949 -0.647084 0.497036 -0.415393 0.761843
14.308479 -14.502351 363.741862 -421.831996 0.629338 0.759300 0.165518 0.609829 -0.350501 -0.710815 0.481708 -0.548281 0.683627
13.491545 -21.444782 408.029477 -689.495909 0.616873 0.747936 0.245069 0.561339 -0.199830 -0.803098 0.551694 -0.632976 0.543115
14.586448 -19.474039 -3.952397 -636.177486 0.730516 0.591013 0.342126 0.593063 -0.300681 -0.746905 0.338559 -0.748528 0.570160
13.969605 -4.724568 564.537859 -37.148343 0.035887 0.507690 -0.860792 -0.720601 0.609945 0.329699 0.692421 0.608456 0.387731
15.202833 -4.968320 405.437163 42.826691 0.009768 0.658641 -0.752394 0.662987 -0.567537 -0.488211 0.748567 0.494059 0.442214
16.634419 -6.382157 253.631291 -1.877672 0.189018 0.672563 -0.715494 0.722143 -0.588948 -0.362836 0.665419 0.448106 0.597008
16.086346 -7.326178 278.987023 -23.370819 0.288294 0.603323 -0.743564 -0.761933 0.614861 0.203478 0.579952 0.507885 0.636953
13.565893 -4.921565 -605.193111 69.986289 -0.135255 -0.410571 0.901742 0.759820 -0.627091 -0.171553 0.635909 0.661958 0.396777
8.828920 -3.336126 -362.762212 5.004084 -0.018094 -0.424662 0.905171 0.754785 -0.599538 -0.266186 0.655723 0.678393 0.331376
-0.302907 -2.340307 -30.613037 -1.413231 -0.299166 0.791542 -0.532879 0.209987 -0.490152 -0.845965 0.930809 0.364982 0.019577
-0.723362 -2.812452 -35.652227 0.966351 -0.312048 0.835850 -0.451643 0.200564 -0.406712 -0.891269 0.928655 0.368702 0.040728
0.002712 -2.283840 -44.410312 -13.160248 -0.277896 0.778058 -0.563382 0.272540 -0.498524 -0.822919 0.921138 0.382230 0.073514
0.423346 -2.211445 -29.458081 -21.155038 -0.273510 0.742426 -0.611551 0.274829 -0.548970 -0.789367 0.921771 0.383972 0.053892
9.329928 -6.116356 -461.984601 169.851873 -0.152222 -0.310411 0.938335 0.768586 -0.634065 -0.085071 0.621373 0.708242 0.335096
11.785352 -9.769843 -583.583764 210.811809 -0.244155 -0.268708 0.931764 0.806177 -0.590250 0.041026 0.538950 0.761184 0.360739
4.831643 -9.283995 -222.298149 303.425827 -0.127482 -0.297767 0.946088 0.816627 -0.572873 -0.070265 0.562911 0.763644 0.316195
4.474970 -5.589318 -64.698426 255.556419 -0.093983 -0.353718 0.930618 0.768083 -0.620482 -0.158270 0.633415 0.699918 0.330000
0.821293 -4.638134 48.899680 -47.334771 -0.041694 0.977689 0.205878 0.496176 -0.158591 0.853615 -0.867220 -0.137743 0.478494
0.193893 -4.277247 45.046067 -46.645670 -0.035438 0.976951 0.210502 0.477548 -0.168476 0.862301 -0.877891 -0.131083 0.460570
0.266671 -4.858400 33.679502 -72.458799 -0.041523 0.978521 0.201924 0.519235 -0.151531 0.841091 -0.853622 -0.139771 0.501790
0.678357 -5.489155 44.258780 -47.512309 -0.048917 0.979741 0.194201 0.581134 -0.130217 0.803323 -0.812337 -0.152153 0.562991
0.906173 -5.289268 19.040367 -69.986686 -0.061407 0.977474 0.201924 0.547959 -0.136077 0.825363 -0.834248 -0.161329 0.527260
1.030241 -4.633813 17.917108 -39.441782 -0.063396 0.974986 0.213035 0.498429 -0.154003 0.853142 -0.864610 -0.160268 0.476198
-0.659388 -10.972885 -5.975713 -66.309664 0.230215 0.971152 0.062173 -0.114795 0.090544 -0.989254 0.966345 -0.220604 -0.132328
-0.720436 -10.853311 3.539064 -32.076835 0.217467 0.974395 0.057115 -0.120130 0.084789 -0.989131 0.968647 -0.208242 -0.135493
-0.774329 -10.606088 12.650996 66.045634 0.220435 0.973437 0.061875 -0.043125 0.073100 -0.996392 0.974448 -0.216972 -0.058093
-0.595061 -10.768829 -24.170115 17.698672 0.256089 0.964993 0.056628 -0.036795 0.068270 -0.996988 0.965953 -0.253234 -0.052990
2.925547 -12.903903 35.359399 107.663951 0.310679 0.941012 -0.134075 0.828169 -0.198757 0.524053 -0.466492 0.273849 0.841066
3.505628 -13.282793 17.124993 177.107925 0.227255 0.967951 -0.106891 0.803803 -0.124476 0.581727 -0.549778 0.218119 0.806330
3.536158 -13.917377 39.092024 184.814067 0.286108 0.946907 -0.146662 0.729650 -0.116088 0.673895 -0.621090 0.299819 0.724124
4.023400 -14.746593 8.101992 133.973600 0.211195 0.970328 -0.117726 0.635160 -0.044692 0.771086 -0.742946 0.237625 0.625753
2.977164 -14.026391 21.641145 142.365369 0.337595 0.929334 -0.149557 0.772272 -0.182618 0.608478 -0.538168 0.320918 0.779350
3.441233 -14.880345 19.551432 114.892443 0.319410 0.935601 -0.150423 0.649049 -0.100341 0.754101 -0.690444 0.338499 0.639301
3.973259 -15.126381 15.540683 106.422694 0.278367 0.949625 -0.143956 0.595223 -0.052931 0.801816 -0.753805 0.308885 0.579973
0.950763 -22.120048 -12.495547 192.754982 0.213553 0.971317 -0.104587 -0.378423 0.180945 0.907775 -0.900661 0.154280 -0.406210
0.834184 -19.682071 20.492673 177.729668 0.214325 0.976035 -0.037683 -0.144144 0.069762 0.987095 -0.966068 0.206128 -0.155641
0.840369 -19.127417 -4.768249 180.135966 0.186440 0.981203 -0.049805 -0.140300 0.076765 0.987129 -0.972397 0.177052 -0.151975
0.761208 -18.458095 21.668771 131.885034 0.215057 0.976443 0.017599 0.059873 -0.031169 0.997719 -0.974764 0.213513 0.065166
0.889736 -20.584735 8.950671 119.369599 0.206304 0.973767 -0.096000 -0.400302 0.173517 0.899806 -0.892859 0.147204 -0.425598
0.889282 -17.995484 -16.855029 131.266645 0.164693 0.983335 -0.077000 -0.203727 0.110296 0.972795 -0.965076 0.144526 -0.218497
0.748727 -18.065333 -12.802609 64.708812 0.181622 0.983150 0.020724 0.096927 -0.038869 0.994532 -0.978580 0.178620 0.102353
0.936052 -6.875094 1.702110 -6.352670 -0.140390 0.979061 -0.147414 0.402329 0.192454 0.895038 -0.904667 -0.066346 0.420923
0.752013 -6.917073 -4.173458 11.960609 -0.126096 0.989392 -0.072129 0.385383 0.115855 0.915455 -0.914100 -0.087638 0.395904
0.714240 -6.736115 -4.229831 -12.091438 -0.127345 0.988510 -0.081433 0.303340 0.116982 0.945675 -0.944335 -0.095725 0.314751
0.287443 -8.622740 8.957863 137.943636 0.267749 0.963489 0.000309 0.827447 -0.229780 -0.512379 0.493600 -0.137445 0.858760
0.171467 -8.143711 14.492913 74.126866 0.207113 0.976393 0.061331 0.764292 -0.122351 -0.633157 0.610706 -0.178010 0.771590
0.581393 -8.797046 17.061784 30.006860 0.255080 0.966525 0.027631 0.828555 -0.203758 -0.521517 0.498429 -0.155922 0.852793
0.829286 -9.678639 49.017748 54.264027 0.247639 0.968649 -0.019869 0.889676 -0.235473 -0.391188 0.383603 -0.079197 0.920096
0.804304 -14.317227 58.426242 -45.456620 0.102704 0.993644 -0.046071 -0.315542 -0.011379 -0.948843 0.943337 -0.111987 -0.312368
0.977567 -14.072143 68.900924 -30.938086 0.095631 0.994914 -0.031620 -0.302758 -0.001189 -0.953067 0.948258 -0.100716 -0.301104
0.764357 -14.343999 42.667467 -2.019198 0.112692 0.993485 -0.016980 -0.194939 0.005349 -0.980801 0.974320 -0.113838 -0.194272
-0.029155 -15.520871 -1.325392 17.394227 0.142724 0.988496 -0.050045 -0.322590 -0.001344 -0.946538 0.935717 -0.151238 -0.318687
-0.231246 -26.430788 24.271157 116.556270 0.843893 0.523098 -0.119220 -0.508484 0.708927 -0.488740 0.171141 -0.473066 -0.864245
-0.579400 -25.981369 29.251532 244.030531 0.852507 0.509921 -0.114947 -0.507103 0.753454 -0.418513 0.126801 -0.415075 -0.900907
-0.098940 -24.593426 20.061609 267.733992 0.853809 0.505863 -0.122932 -0.520564 0.831790 -0.192712 -0.004768 -0.228533 -0.973524
0.458275 -23.522609 -44.556961 236.565125 -0.850114 -0.511831 0.123840 -0.518080 0.855034 -0.022564 -0.094338 -0.083341 -0.992046
0.313106 -25.803076 51.978872 353.142296 0.839509 0.533216 -0.104432 -0.540756 0.801187 -0.256284 0.052985 -0.271625 -0.960944
-1.324570 -19.020587 21.065709 140.991197 -0.155438 0.846440 -0.509292 0.980791 0.070732 -0.181786 -0.117848 -0.527765 -0.841175
0.113516 -21.797091 -16.542842 415.948025 -0.272264 0.828699 -0.489009 0.913680 0.063274 -0.401479 -0.301764 -0.556106 -0.774393
-0.610113 -17.897063 9.222464 300.142838 -0.262759 0.834089 -0.485030 0.949472 0.134097 -0.283762 -0.171642 -0.535083 -0.827179
-1.245529 -14.375439 24.365055 11.763369 -0.164382 0.847275 -0.505079 0.986012 0.126835 -0.108139 -0.027562 -0.515789 -0.856272
-2.625842 -5.120039 63.374420 -4.641086 0.203154 0.969301 -0.138503 0.925236 -0.143750 0.351104 -0.320416 0.199476 0.926036
-1.395135 -5.475982 151.631743 -7.934928 0.103509 0.971724 -0.212221 0.960974 -0.042671 0.273327 -0.256543 0.232231 0.938219
-1.345453 -5.449059 151.069867 3.989793 0.201594 0.963372 -0.176843 0.916645 -0.121942 0.380648 -0.345141 0.238839 0.907653
-2.634729 -5.252917 52.455718 -15.671823 0.047620 0.983476 -0.174664 0.974299 -0.007191 0.225142 -0.220165 0.180897 0.958542
-0.781667 -23.805566 51.809367 -140.004992 0.805703 0.456335 -0.377625 -0.245920 0.837707 0.487618 0.538856 -0.300010 0.787165
-0.255481 -26.014344 48.488693 -127.374479 0.804415 0.454104 -0.383022 -0.281532 0.859148 0.427322 0.523122 -0.235911 0.818956
-0.486814 -24.580223 67.061003 -165.953958 0.807154 0.422767 -0.412031 -0.358508 0.905548 0.226838 0.469013 -0.035376 0.882482
-1.046472 -21.853115 23.733069 -72.917161 0.826846 0.423198 -0.370445 -0.327876 0.897849 0.293878 0.456972 -0.121532 0.881139
-10.393027 -11.490971 494.555947 669.204991 0.802892 0.129700 0.581844 -0.304853 -0.749429 0.587725 -0.512279 0.649257 0.562171
-2.775299 -15.749194 342.068848 522.716107 -0.321752 -0.799772 0.506794 0.758398 0.102751 0.643642 -0.566841 0.591444 0.573485
-3.142332 -10.173839 259.882052 -98.065148 -0.587996 -0.767713 0.254711 0.643087 -0.252702 0.722898 -0.490612 0.588863 0.642293
-1.518022 -12.334564 -162.510126 -116.855809 0.653251 0.732438 -0.191830 0.633900 -0.390523 0.667580 -0.414047 0.557698 0.719401
-5.213439 -15.036643 233.009637 389.551220 0.876007 0.441395 0.194376 0.162325 -0.649337 0.742975 -0.454161 0.619299 0.640474
0.339414 -17.203546 -26.319614 -166.105894 0.201921 -0.883698 0.422264 0.919486 0.319529 0.229011 -0.337302 0.342024 0.877067
0.738031 -17.351209 -27.522381 -100.304876 0.194565 -0.891302 0.409543 0.970545 0.235408 0.051240 -0.142080 0.387511 0.910851
0.690952 -17.493932 -40.111888 -169.053573 0.189258 -0.887502 0.420144 0.930454 0.298807 0.212060 -0.313746 0.350791 0.882332
-1.343973 -17.479420 26.432004 -142.053515 0.893204 0.406385 -0.192452 -0.102133 -0.233455 -0.966989 0.437898 -0.883374 0.167017
-0.960383 -19.074979 30.048607 -154.056237 0.887805 0.422028 -0.183562 -0.110386 -0.191940 -0.975179 0.446786 -0.886031 0.123819
-1.158812 -17.686859 27.866884 5.872070 0.880534 0.420105 -0.219480 -0.039562 -0.396298 -0.917269 0.472329 -0.816370 0.332334
-1.204706 -5.586399 -9.800397 33.153854 0.390456 0.915034 0.101276 0.736275 -0.376416 0.562326 -0.552669 0.144997 0.820690
-0.934535 -5.170481 -10.604367 35.715474 0.363724 0.927673 0.084430 0.790746 -0.355399 0.498409 -0.492367 0.114520 0.862821
-1.344238 -5.600182 -30.366966 33.868250 0.422717 0.899339 0.111799 0.730498 -0.411142 0.545284 -0.536360 0.148832 0.830763
-1.454347 -5.963104 -17.271100 24.035482 0.413964 0.902801 0.116551 0.674729 -0.390260 0.626449 -0.611044 0.180687 0.770699
-1.286266 -5.777218 -8.238216 22.753086 0.370209 0.923085 0.104212 0.706671 -0.352663 0.613388 -0.602961 0.153438 0.782876
-0.232959 -8.606902 43.986142 34.961973 -0.029324 0.999364 -0.020278 0.279379 0.027673 0.959782 -0.959733 -0.022479 0.280013
0.597938 -8.237922 58.166282 31.396039 -0.025692 0.999647 -0.006727 0.250690 0.012957 0.967981 -0.967727 -0.023183 0.250934
-0.082545 -8.919459 41.902989 0.856783 -0.038249 0.998415 -0.041291 0.120568 0.045631 0.991656 -0.991968 -0.032951 0.122122
0.420415 -8.303864 58.793257 48.606152 -0.013693 0.999902 0.002914 0.376615 0.002458 0.926366 -0.926269 -0.013782 0.376612
-0.080281 -8.496398 50.822953 34.287946 -0.017502 0.999847 -0.000237 0.397995 0.007184 0.917359 -0.917221 -0.015961 0.398060
-0.451048 -54.746136 -24.534408 2092.419239 0.203012 0.978863 0.024778 0.421894 -0.110279 0.899913 -0.883624 0.172240 0.435364
0.144730 -32.768202 -14.069653 806.635525 0.223697 0.967521 0.117736 0.661940 -0.239476 0.710272 -0.715399 0.080952 0.694011
0.054173 -29.732376 -7.989326 652.077369 0.251475 0.964273 0.083287 0.525741 -0.208344 0.824736 -0.812623 0.163613 0.559352
-0.233506 -39.779133 3.112464 1028.528970 0.253701 0.966807 0.030336 0.355670 -0.122405 0.926561 -0.899519 0.224280 0.374918
0.243394 -27.564773 -1.291849 288.484000 0.238542 0.969395 0.058070 0.088908 -0.081345 0.992713 -0.967054 0.231641 0.105591
0.158430 -25.661433 -17.105130 240.198801 0.232165 0.966494 0.109493 0.360130 -0.189981 0.913353 -0.903552 0.172617 0.392170
0.296051 -23.990817 -19.273424 120.074493 0.238721 0.965083 0.107830 0.310769 -0.181124 0.933068 -0.920019 0.189233 0.343156
-0.802261 -6.378287 -24.390939 -103.719488 -0.022428 0.997650 0.064737 0.749424 0.059636 -0.659399 0.661710 -0.033726 0.749001
-1.060645 -6.123953 -3.019691 -109.961081 -0.043557 0.997204 0.060726 0.759014 0.072554 -0.647019 0.649615 -0.017910 0.760052
-0.925547 -6.557153 -18.152803 19.972096 -0.032601 0.997123 0.068437 0.775161 0.068449 -0.628045 0.630923 -0.032575 0.775162
-8.592244 -13.213286 13.744103 427.486277 0.042673 0.819320 0.571747 -0.330409 0.551641 -0.765847 0.942873 0.156230 -0.294251
-7.563993 -10.973308 115.552145 117.352220 -0.229519 0.973134 0.018183 -0.219212 -0.033483 -0.975103 0.948297 0.227790 -0.221007
-5.660754 -9.573755 -24.308731 91.514879 -0.338826 0.907672 -0.247646 -0.190052 -0.323819 -0.926834 0.921454 0.266970 -0.282223
5.893282 -12.359846 -33.971479 48.239404 0.481769 0.827355 0.288760 0.872974 -0.424457 -0.240320 -0.076264 0.367858 -0.926749
5.197846 -11.313111 -19.235545 11.162573 0.441359 0.870392 0.218222 0.892095 -0.399377 -0.211341 -0.096797 0.287952 -0.952740
4.747940 -12.350298 -47.613906 12.039679 0.509112 0.823587 0.250018 0.858234 -0.507737 -0.075083 0.065107 0.252800 -0.965326
6.398202 -12.212266 10.666758 86.940345 0.395154 0.880929 0.260418 0.890879 -0.298366 -0.342510 -0.224027 0.367345 -0.902701
5.904419 -12.817619 -50.871618 125.689263 0.537910 0.770228 0.342640 0.834051 -0.545328 -0.083520 0.122522 0.330706 -0.935747
6.741340 -14.248201 -22.897408 65.701873 0.513327 0.771766 0.375331 0.853341 -0.412581 -0.318725 -0.091127 0.483895 -0.870369
6.686528 -13.499323 -28.869319 66.549499 0.444130 0.840649 0.309932 0.866734 -0.315482 -0.386320 -0.226982 0.440205 -0.868734
0.769222 -28.132909 5.657737 -1813.277674 -0.168437 0.891821 -0.419863 -0.684316 -0.412372 -0.601383 0.709465 -0.186024 -0.679746
-0.343366 -9.089105 -81.716490 -150.977953 -0.235022 0.829271 -0.507024 -0.827051 -0.444657 -0.343899 0.510638 -0.338511 -0.790354
-0.637395 -129.095422 471.463052 -7819.438405 0.121077 0.967916 -0.220181 -0.710576 -0.070371 -0.700093 0.693125 -0.241221 -0.679257
-0.285996 -2.855349 -12.819399 16.209986 -0.234814 0.896216 0.376376 -0.333633 0.289372 -0.897192 0.912990 0.336245 -0.231058
0.437710 -4.767714 -3.678337 34.638758 -0.077704 0.993378 0.084625 -0.877050 -0.108473 0.467992 -0.474073 0.037855 -0.879672
0.663452 -4.396623 -0.887069 28.184106 -0.044671 0.996319 0.073170 -0.856817 -0.075872 0.510008 -0.513682 0.039911 -0.857052
0.384137 -11.267582 -41.865247 -244.363517 0.151854 0.982080 0.111617 0.649217 -0.184256 0.737948 -0.745290 0.039596 0.665564
-0.815698 -14.115456 0.349951 -259.799503 0.115110 0.991762 0.056187 0.774697 -0.125033 0.619848 -0.621767 0.027823 0.782708
2.881402 -17.943960 49.435276 -13.934205 -0.294422 -0.952708 -0.075256 0.955356 -0.291371 -0.048975 0.024732 -0.086316 0.995961
3.666152 -17.159839 -59.987341 -116.755797 0.314267 0.947592 0.057496 0.944259 -0.318267 0.084153 -0.098042 -0.027845 0.994793
3.685916 -16.929764 -30.684295 -88.147451 0.327463 0.944831 -0.007870 0.944769 -0.327301 0.016880 -0.013373 0.012963 0.999827
-0.172854 -17.254873 -5.017283 -83.589288 -0.054579 0.964422 -0.258672 -0.860687 0.085892 0.501837 -0.506201 -0.250025 -0.825378
1.799354 -10.733613 -19.414168 25.532064 -0.019054 0.997258 -0.071513 -0.518353 0.051310 0.853626 -0.854955 -0.053335 -0.515953
1.675911 -10.753259 -27.254365 153.664889 -0.025695 0.996024 -0.085294 -0.583935 0.054298 0.809983 -0.811394 -0.070618 -0.580218
1.853186 -11.551018 12.791485 161.621762 0.016077 0.998127 -0.059029 -0.623520 0.056160 0.779788 -0.781642 -0.024269 -0.623255
5.502642 -7.908338 -114.767099 53.284287 -0.412428 0.869889 0.270548 0.465218 -0.054225 0.883534 -0.783246 -0.490258 0.382324
3.676724 -8.180994 -145.814619 7.018370 -0.429144 0.849886 0.305825 0.398988 -0.125394 0.908342 -0.810336 -0.511830 0.285283
5.417804 -7.878630 -50.991787 -24.548551 -0.349344 0.913214 0.209759 0.328952 -0.090083 0.940040 -0.877354 -0.397399 0.268933
6.282754 -7.705353 70.714099 63.798132 -0.249560 0.960244 0.125107 0.420892 -0.008793 0.907068 -0.872106 -0.279025 0.401964
6.902523 -7.700086 25.564658 57.331726 -0.349397 0.918783 0.183739 0.494590 0.014298 0.869009 -0.795803 -0.394505 0.459416
4.965610 -8.625554 -256.964719 93.855875 0.406271 0.890328 0.205571 -0.523422 0.411163 -0.746307 0.748981 -0.195603 -0.633061
8.365962 -8.649750 -311.751093 158.933675 0.334842 0.924248 0.183429 -0.455671 0.329219 -0.827030 0.824769 -0.193341 -0.531390
8.258183 -7.688020 -350.943075 119.460002 0.348021 0.910981 0.221349 -0.529949 0.385935 -0.755121 0.773327 -0.145494 -0.617087
0.062840 -6.290871 31.293304 101.059555 0.145690 0.960861 -0.235628 0.286883 -0.268967 -0.919432 0.946822 -0.066354 0.314840
-0.372257 -6.763092 8.677455 198.383188 0.141250 0.966577 -0.213956 0.282725 -0.246508 -0.926985 0.948744 -0.070446 0.308095
-0.090107 -5.837544 13.515096 -110.246608 0.148333 0.964775 -0.217273 0.280043 -0.251688 -0.926407 0.948458 -0.076571 0.307512
-0.432844 -6.876411 0.548228 -3.573130 0.134618 0.975739 -0.172660 0.282067 -0.204771 -0.937287 0.949903 -0.077474 0.302789
0.232003 -6.775139 27.153024 -146.468824 0.139822 0.971207 -0.192890 0.290690 -0.226481 -0.929626 0.946546 -0.073911 0.313988
-0.361613 -8.675147 3.809074 -277.626062 0.138947 0.973760 -0.180236 0.241106 -0.209789 -0.947553 0.960501 -0.088203 0.263929
-0.013772 -7.359571 7.614426 -332.177683 0.143047 0.973349 -0.179247 0.273580 -0.212940 -0.937982 0.951153 -0.085137 0.296749
-1.545310 -7.383086 20.053316 -0.697527 0.130767 0.990005 0.052814 0.966513 -0.115438 -0.229187 0.220800 -0.081016 0.971949
-1.137291 -7.082270 19.681526 -11.929095 0.222310 0.974618 0.026417 0.913282 -0.198681 -0.355586 0.341312 -0.103176 0.934270
-1.392337 -6.859768 33.535794 -2.949280 0.156425 0.987329 0.026698 0.960002 -0.145629 -0.239142 0.232224 -0.063038 0.970617
-1.368520 -6.921936 20.007391 47.959268 0.063124 0.997085 0.042854 0.985387 -0.055462 -0.161046 0.158199 -0.052393 0.986016
-1.518872 -7.607155 19.795204 54.138658 0.041582 0.997443 0.058122 0.989439 -0.033023 -0.141141 0.138861 -0.063378 0.988282
0.180858 -4.918981 21.920231 78.173652 0.296739 0.730521 0.615049 -0.327593 0.682846 -0.652996 0.897011 0.007716 -0.441940
-0.450434 -4.609574 23.879148 53.417337 0.234796 0.826232 0.512066 -0.415121 0.561569 -0.715762 0.878946 0.044511 -0.474840
-2.554791 -14.447272 -42.358057 -82.117904 -0.039811 0.999081 0.015910 0.818598 0.023480 0.573886 -0.572985 -0.035871 0.818780
-2.083462 -14.559536 -124.280662 -71.843878 -0.050537 0.996844 0.061223 0.820470 0.006486 0.571652 -0.569451 -0.079121 0.818209
-2.207068 -15.412623 -57.368415 -62.856002 -0.026883 0.998582 0.045955 0.909305 0.005331 0.416095 -0.415260 -0.052973 0.908159
-2.632055 -14.649740 38.333032 -63.820604 -0.014984 0.999218 -0.036590 0.856149 0.031725 0.515755 -0.516512 0.023598 0.855954
1.938707 -20.013491 27.545651 207.820304 -0.116950 -0.965343 -0.233313 0.990229 -0.131312 0.046950 -0.075959 -0.225542 0.971268
2.060410 -21.121682 -10.088689 27.127789 0.108804 0.965331 0.237270 0.918939 -0.188699 0.346328 -0.379094 -0.180355 0.907612
1.645705 -20.319445 55.594693 -22.846113 0.128440 0.973518 0.189121 0.885935 -0.198334 0.419265 -0.445670 -0.113698 0.887947
-2.903861 -6.845524 -2.678729 -75.414193 0.375184 0.582807 0.720814 0.676399 0.359576 -0.642798 -0.633814 0.728726 -0.259303
-2.856298 -6.162800 0.978450 -23.889135 0.381684 0.616296 0.688838 0.624404 0.377567 -0.683786 -0.681496 0.691103 -0.240706
-2.747494 -6.193866 11.598051 -21.179065 0.426501 0.590018 0.685547 0.601020 0.381538 -0.702285 -0.675923 0.711553 -0.191886
9.169236 -88.482347 434.675482 2637.492649 0.090876 0.988752 0.118786 0.417271 -0.146109 0.896960 -0.904227 0.031947 0.425856
7.935238 -108.813856 164.317121 5641.721053 -0.099103 0.979281 0.176601 0.780433 -0.033612 0.624336 -0.617336 -0.199699 0.760932
8.248594 -71.223707 -297.366306 689.367169 -0.162554 0.966029 0.200906 0.364095 -0.130519 0.922171 -0.917067 -0.223052 0.330510
0.577547 -5.849772 -18.905704 19.003906 -0.056023 0.983346 -0.172891 0.997999 0.060239 0.019230 0.029325 -0.171467 -0.984753
0.558030 -5.458807 2.761380 16.066279 -0.048205 0.984446 -0.168945 0.995415 0.061337 0.073394 0.082615 -0.164633 -0.982889
0.536692 -5.118730 -1.097518 -27.468861 -0.015701 0.985660 -0.168014 -0.984144 -0.044926 -0.171589 0.176676 -0.162656 -0.970736
4.245054 1.149128 37.001788 3.423352 -0.130556 0.172026 -0.976403 -0.107720 0.976541 0.186453 0.985572 0.129520 -0.108963
4.553256 0.378243 -72.696141 22.007020 -0.043654 0.328622 -0.943452 -0.082993 0.939895 0.331224 0.995594 0.092759 -0.013757
5.286196 0.457261 42.787323 -60.572382 -0.146231 0.030416 -0.988783 -0.067158 0.996916 0.040598 0.986968 0.072342 -0.143737
3.252832 0.419552 36.927412 119.336053 -0.118532 0.638167 -0.760719 -0.062560 0.759798 0.647142 0.990977 0.124298 -0.050137
3.758073 0.965676 94.895135 -7.258019 -0.198145 -0.234916 -0.951606 -0.152867 0.966381 -0.206733 0.968179 0.104506 -0.227394
2.006427 1.735012 5.078230 7.154240 -0.130602 -0.167171 -0.977239 -0.176929 0.973789 -0.142936 0.975520 0.154234 -0.156756
-1.013912 -10.873933 3.188033 20.539656 0.171707 0.973457 -0.151321 -0.699660 0.012366 -0.714369 0.693536 -0.228535 -0.683213
-1.201160 -11.159799 -15.728941 76.178338 0.173628 0.972700 -0.153977 -0.824229 0.057958 -0.563283 0.538981 -0.224714 -0.811790
2.665142 -42.389643 -132.473468 -1276.137531 -0.069880 0.985281 -0.156007 -0.326348 0.125204 0.936921 -0.942663 -0.116385 -0.312795
1.881425 -6.398009 48.122109 -182.381877 0.739493 -0.464593 -0.487139 0.642403 0.270791 0.716931 0.201168 0.843105 -0.498704
-2.355802 -11.195695 -64.777155 -160.190976 0.757701 -0.612906 -0.224133 0.512666 0.771536 -0.376703 0.403810 0.170523 0.898810
-0.496937 -12.964555 -41.780758 -214.672488 -0.508854 0.843036 0.174238 0.694208 0.521545 -0.496051 0.509061 0.131460 0.850632
-1.243876 -10.161195 -93.005097 -157.605269 -0.338744 0.931978 0.129107 0.858292 0.362305 -0.363415 0.385471 0.012293 0.922638
8.149679 -6.887174 75.075445 -40.447309 0.248232 0.022338 0.968443 -0.546952 0.828360 0.121089 -0.799515 -0.559750 0.217843
6.560982 -6.865596 -178.223494 -53.774674 0.160861 -0.104814 0.981396 -0.457698 0.873041 0.168263 -0.874435 -0.476249 0.092465
8.813544 -6.888263 -428.266356 -11.485025 0.077984 -0.196502 0.977397 -0.532735 0.820461 0.207456 -0.842681 -0.536872 -0.040700
-5.217754 -7.004102 61.299028 -45.969688 0.952582 -0.105999 0.285223 0.137423 0.986188 -0.092460 -0.271483 0.127272 0.953991
-5.911264 -7.093512 35.797722 -28.563806 0.928855 -0.023203 0.369715 0.078733 0.987600 -0.135822 -0.361979 0.155267 0.919164
-5.870166 -6.386091 -59.194733 -25.473378 0.673464 0.693955 0.254702 -0.612698 0.716787 -0.332892 -0.413579 0.068135 0.907915
-5.335617 -5.748904 -4.437147 -99.244983 0.865073 0.409717 0.289449 -0.382128 0.912031 -0.148925 -0.325004 0.018224 0.945537
17.450020 -8.634664 440.535979 -70.978723 0.662574 0.741315 0.106997 0.646496 -0.493900 -0.581469 0.378206 -0.454439 0.806502
13.940470 -8.486858 478.326094 46.359101 0.576700 0.812034 -0.089542 0.619675 -0.506225 -0.599783 0.532373 -0.290408 0.795137
15.906833 -5.861543 225.133684 81.150086 0.071477 0.773930 -0.629224 0.578773 -0.545956 -0.605767 0.812350 0.320880 0.486953
14.842270 -4.633672 743.054463 7.730578 -0.170484 0.607570 -0.775754 0.644638 -0.526655 -0.554144 0.745236 0.594553 0.301876
14.071728 -4.798956 838.954664 37.200097 -0.273818 0.594507 -0.756032 0.581105 -0.524109 -0.622597 0.766382 0.609812 0.201961
8.450937 -3.367333 607.067011 17.808574 -0.270341 0.515222 -0.813303 -0.654433 0.521247 0.547739 0.706139 0.680329 0.196264
-0.911221 -2.660692 -13.763725 29.177649 -0.342346 0.865374 -0.365960 0.119551 -0.346210 -0.930509 0.931937 0.362306 -0.015067
-0.256045 -2.995463 26.484348 40.988036 -0.348334 0.854741 -0.384814 0.130161 -0.362443 -0.922872 0.928290 0.371555 -0.014998
-0.358779 -3.127046 7.035511 8.847327 -0.294232 0.798452 -0.525263 0.251323 -0.465610 -0.848554 0.922098 0.381683 0.063671
16.801272 -7.511021 -656.442145 109.437131 -0.269769 -0.406628 0.872857 0.779744 -0.624117 -0.049759 0.564998 0.667182 0.485433
18.593554 -10.133882 -565.045841 143.778746 -0.390297 -0.445395 0.805787 0.804867 -0.590025 0.063718 0.447055 0.673420 0.588768
