10362
20701
-7.768620 -12.239499 -4.544819 216.838730 0.997799 -0.024970 0.061426 -0.048131 0.364457 0.929976 0.045609 0.930886 -0.362453
-10.373145 -13.797937 95.128914 194.585400 0.991143 -0.112652 0.070318 -0.004293 0.502060 0.864822 0.132728 0.857464 -0.497130
-7.895227 -15.555354 -101.087703 427.420504 0.975515 -0.112191 -0.189166 0.219468 0.440596 0.870465 0.014313 0.890668 -0.454430
-7.885425 -11.684631 58.896369 131.626077 0.893009 0.065537 0.445241 -0.434878 0.380288 0.816249 0.115825 0.922543 -0.368102
-5.735215 -13.252707 -232.732319 350.839102 0.987640 0.032823 -0.153262 0.136428 0.301352 0.943702 -0.077161 0.952948 -0.293150
-7.138523 -10.102328 -55.594176 141.354253 0.980990 0.044116 0.188975 -0.193985 0.249347 0.948787 0.005264 0.967409 -0.253165
-8.697157 -9.962702 -45.567486 -76.852499 0.293876 -0.510631 0.808018 0.922808 -0.068754 -0.379075 0.249121 0.857047 0.451010
-8.028656 -9.072088 -34.182572 -93.019279 0.518320 -0.411185 0.749847 0.844411 0.107324 -0.524834 0.135327 0.905212 0.402838
-8.928261 -9.072476 -61.304010 65.703362 0.810599 -0.415677 0.412482 -0.567897 -0.386098 0.726926 0.142908 0.823493 0.549032
-9.908640 -10.219008 -38.315004 -98.682263 -0.137471 -0.553674 0.821308 0.951614 -0.303897 -0.045586 0.274832 0.775301 0.568661
-8.822090 -10.737593 -66.611493 -30.004316 0.176532 -0.484527 0.856779 0.897652 -0.277849 -0.342083 0.403803 0.829478 0.385888
-0.648949 -8.422633 -36.977188 -48.532923 0.945308 0.311686 -0.096145 0.289844 -0.667490 0.685891 -0.149607 0.676246 0.721325
-0.773743 -7.503878 -38.631539 -41.155044 0.937254 0.328554 -0.116649 0.293883 -0.564492 0.771350 -0.187583 0.757233 0.625629
-0.189446 -8.142341 -32.915725 -37.952730 0.937073 0.330575 -0.112314 0.306435 -0.624594 0.718318 -0.167307 0.707533 0.686590
0.152893 -8.803539 -42.932466 -39.820358 0.936422 0.335971 -0.101180 0.320358 -0.701034 0.637120 -0.143123 0.629027 0.764094
0.818140 -8.939734 -58.346497 45.843999 0.905804 0.405813 -0.121798 0.423305 -0.879133 0.218949 0.018224 0.249882 0.968105
0.097734 -8.934707 -64.298873 86.859266 0.902365 0.418064 -0.104685 0.426978 -0.900219 0.085411 0.058533 0.121770 0.990831
-0.290127 -9.598398 -54.052497 37.582013 0.918148 0.381429 -0.107313 0.395976 -0.893094 0.213511 0.014401 0.238528 0.971029
-0.111266 -9.704063 -51.442465 -15.017471 0.926650 0.361386 -0.103537 0.373918 -0.857630 0.353065 -0.038796 0.365882 0.929852
-1.912409 -13.869520 4.900047 -88.349436 -0.901851 -0.083161 -0.423968 -0.034119 0.991945 -0.121992 0.430698 -0.095553 -0.897424
-2.038555 -12.944715 -1.352936 -153.844562 -0.883430 -0.047026 -0.466198 0.089092 0.959942 -0.265657 0.460015 -0.276224 -0.843852
-1.647679 -12.685494 1.982372 -149.773374 -0.903078 -0.070617 -0.423631 0.054947 0.959285 -0.277043 0.425947 -0.273468 -0.862429
8.616238 -19.543345 -157.505446 -192.168977 0.965867 0.077481 0.247180 0.193242 -0.850981 -0.488353 -0.172508 -0.519450 0.836907
7.044879 -18.983675 -168.104300 -277.396555 0.897351 0.081782 0.433673 0.279540 -0.865736 -0.415160 -0.341494 -0.493773 0.799731
10.956097 -17.644393 -227.868876 10.777022 0.938347 0.093973 0.332677 0.192986 -0.940825 -0.278577 -0.286812 -0.325604 0.900955
12.461838 -19.398703 -78.809154 69.412916 0.985075 0.134592 0.107291 0.162110 -0.934976 -0.315500 -0.057851 -0.328184 0.942841
12.312723 -19.748184 -111.724026 -191.429078 0.964995 0.154665 0.211812 -0.176600 0.980271 0.088780 -0.193902 -0.123078 0.973270
10.376976 -18.104034 -234.919305 -169.422360 0.895264 0.125454 0.427509 -0.168496 0.983609 0.064211 -0.412446 -0.129519 0.901728
8.489875 -15.752781 -205.521187 -88.407492 0.868929 0.096697 0.485399 -0.226701 0.949560 0.216662 -0.439965 -0.298305 0.847021
-1.119543 -21.501442 -11.021234 386.121039 0.882926 0.417308 -0.215163 -0.042100 0.526792 0.848951 -0.467621 0.740502 -0.482687
-1.628761 -18.408510 -30.303490 309.681295 0.882291 0.409833 -0.231514 0.041796 0.421692 0.905775 -0.468845 0.808834 -0.354926
-0.801108 -23.586860 -12.700674 467.754908 0.891370 0.388143 -0.234105 -0.074736 0.635252 0.768680 -0.447074 0.667682 -0.595253
-0.630429 -25.414700 -8.646039 421.788786 0.884480 0.409116 -0.224317 -0.161727 0.719791 0.675090 -0.437651 0.560826 -0.702806
-0.295507 -26.285269 1.826949 284.423211 0.894663 0.381374 -0.232665 -0.208272 0.816806 0.538006 -0.395223 0.432876 -0.810195
-0.082946 -25.661175 14.824623 385.744799 0.906131 0.345081 -0.244633 -0.128571 0.775658 0.617919 -0.402984 0.528463 -0.747215
-0.829967 -21.763711 12.992334 304.307631 0.907321 0.338106 -0.249906 -0.011189 0.613601 0.789537 -0.420290 0.713567 -0.560516
-0.655882 -12.027125 28.596261 -133.295091 0.911865 0.102872 0.397391 0.257292 0.611088 -0.748580 0.319849 -0.784849 -0.530762
-0.580344 -12.048959 15.438642 -107.248918 0.908177 0.076770 0.411485 0.288872 0.596476 -0.748845 0.302930 -0.798951 -0.519529
-0.461392 -13.976477 -12.390558 -205.265751 0.918372 0.100560 0.382728 0.199631 0.717347 -0.667504 0.341673 -0.689421 -0.638716
-0.538240 -12.297835 35.004341 -188.378318 0.909121 0.118639 0.399278 0.219192 0.678856 -0.700792 0.354193 -0.724624 -0.591157
1.579006 -26.522761 34.280375 530.018049 0.113349 -0.189013 0.975411 0.816518 0.577072 0.016940 -0.566084 0.794520 0.219743
1.585329 -34.957336 22.985098 741.828608 0.147289 -0.165692 0.975116 0.570298 0.819717 0.053144 -0.808125 0.548279 0.215229
1.514222 -28.909593 -53.583330 398.680330 0.081217 -0.132073 0.987907 0.709146 0.704150 0.035838 -0.700368 0.697660 0.150848
-2.606097 -13.805554 -7.848426 125.885147 0.839553 0.100215 0.533954 -0.386995 0.800114 0.458315 0.381294 0.591418 -0.710521
-2.119393 -12.826351 26.810576 77.906601 0.805774 0.116266 0.580698 -0.469299 0.723441 0.506352 0.361229 0.680526 -0.637494
-2.663798 -14.016084 13.360598 139.612287 0.794376 0.117254 0.596002 -0.415284 0.820895 0.392009 0.443290 0.558913 -0.700793
-3.040063 -14.456425 17.760544 95.374242 0.755144 0.158814 0.636031 -0.437671 0.844451 0.308781 0.488058 0.511547 -0.707191
-3.770319 -14.437807 25.107727 62.016599 -0.792056 -0.145931 -0.592749 -0.303876 0.936404 0.175516 0.529439 0.319141 -0.786030
-8.127168 -24.653177 -251.495097 -1177.019705 -0.334527 0.038315 0.941607 0.884863 -0.330971 0.327835 0.324206 0.942863 0.076815
-7.732152 -44.788833 -526.976811 1342.425676 0.772412 -0.319541 -0.548883 0.367277 -0.480336 0.796483 0.518157 0.816805 0.253657
-7.592229 -31.769819 -528.279552 41.152802 -0.166820 0.043805 0.985014 0.700756 -0.697519 0.149698 0.693623 0.715227 0.085664
-2.314146 -32.399129 -337.651871 108.398490 -0.040257 -0.035154 0.998571 0.745758 -0.666184 0.006612 0.664999 0.744959 0.053035
-5.954087 -76.756588 153.499917 -4637.823373 0.994615 -0.100898 -0.023660 -0.023835 -0.444887 0.895269 0.100857 0.889885 0.444896
-7.804819 -21.462569 246.177345 -18.673942 0.933301 -0.338984 0.118488 -0.234115 -0.324200 0.916561 0.272286 0.883167 0.381938
-9.471168 -20.185937 129.289126 316.996425 0.875544 -0.317062 0.364546 -0.440490 -0.213898 0.871904 0.198472 0.923970 0.326939
-8.992982 -19.228799 -4.935368 398.449949 0.937537 -0.182750 0.296017 -0.338824 -0.286743 0.896090 0.078879 0.940415 0.330752
0.785627 -26.774575 -73.170362 -222.681944 0.033943 0.242675 -0.969514 -0.382303 0.899447 0.211752 0.923413 0.363461 0.123305
1.029246 -25.624656 -9.580723 -12.479766 -0.003867 0.241974 -0.970275 -0.529708 0.822476 0.207226 0.848171 0.514764 0.124995
1.476626 -29.033532 -46.456757 65.632705 0.025788 0.233376 -0.972044 -0.654194 0.739185 0.160114 0.755887 0.631776 0.171736
0.775361 -30.633542 -8.088771 -244.997856 0.024803 0.197250 -0.980039 -0.280194 0.942419 0.182587 0.959623 0.270072 0.078643
0.412101 -26.015046 -10.893227 -114.593862 0.029226 0.221708 -0.974675 -0.103407 0.970530 0.217665 0.994210 0.094427 0.051291
0.583369 -24.697970 5.472804 -9.849450 0.032965 0.238026 -0.970699 0.089387 0.966633 0.240064 0.995451 -0.094682 0.010589
0.640256 -25.876779 -10.133117 83.111446 0.011916 0.253340 -0.967304 -0.262373 0.934270 0.241456 0.964893 0.250917 0.077603
0.545631 -24.626227 8.140982 89.433425 0.026245 0.240213 -0.970365 -0.172348 0.957251 0.232306 0.984686 0.161143 0.066523
-5.328513 -7.275043 14.047034 -133.224804 0.769061 -0.354271 0.532012 -0.625219 -0.589940 0.510952 -0.132839 0.725577 0.675197
-5.837490 -8.628339 27.011975 -53.194461 0.837668 -0.283157 0.467050 -0.498983 -0.744474 0.443591 -0.222101 0.604632 0.764912
-5.498366 -7.324940 4.201386 -90.538372 0.927715 -0.203243 0.313108 -0.360900 -0.702640 0.613227 -0.095368 0.681901 0.725201
-14.636944 -286.192867 191.420424 10443.806616 0.045859 0.296315 0.953989 0.971571 0.208815 -0.111564 -0.232265 0.931984 -0.278315
-63.158160 -535.761914 -4258.404419 -56149.495900 -0.237574 0.718417 0.653786 0.903065 0.411281 -0.123781 -0.357816 0.561004 -0.746487
-0.827139 -5838.815195 -8162.694214 -403629.472600 -0.516192 -0.188568 0.835456 0.210275 0.917704 0.337052 -0.830259 0.349660 -0.434060
-63.637066 -261.776778 -1720.297106 13858.601147 0.372975 0.675837 0.635715 0.846361 -0.528582 0.065381 0.380214 0.513659 -0.769150
-48.949451 -415.691608 1514.433228 -31069.641774 0.233309 -0.037355 0.971685 0.781573 0.601725 -0.164529 -0.578541 0.797829 0.169584
-264.563790 -3927.801087 -4603.528426 232436.294444 -0.115621 0.099969 0.988250 0.907033 -0.394912 0.146068 0.404874 0.913264 -0.045015
2.104950 -88.524649 -92.565184 -3900.504738 -0.433178 0.288991 -0.853722 0.666379 -0.535087 -0.519251 -0.606874 -0.793830 0.039211
2.887934 -50.781976 -73.837182 -2159.068371 -0.393810 0.277600 -0.876271 0.736906 -0.474484 -0.481492 -0.549439 -0.835346 -0.017709
2.851920 -31.848955 90.382121 1272.995858 0.328531 -0.271886 0.904514 -0.545834 0.726900 0.416751 -0.770800 -0.630630 0.090405
0.839503 -39.035037 103.146454 1566.309787 0.313468 -0.243988 0.917719 -0.403862 0.840415 0.361384 -0.859438 -0.483914 0.164905
-1.600822 -48.861730 221.884351 2263.527132 0.370648 -0.184757 0.910211 -0.492027 0.792137 0.361149 -0.787737 -0.581708 0.202699
37.658661 -8.292308 2162.970995 -63.194689 0.105987 -0.006032 -0.994349 0.983341 0.149145 0.103908 0.147676 -0.988797 0.021738
33.382645 -14.579866 2254.154297 -23.273690 0.332320 0.163393 -0.928906 0.925659 0.132384 0.354444 0.180886 -0.977639 -0.107252
34.449634 -25.767440 1988.340395 -693.313714 0.466908 0.180386 -0.865712 0.876651 -0.222949 0.426353 -0.116101 -0.957995 -0.262232
165.612574 -77.192584 9036.701306 -4621.596010 0.622060 0.403803 -0.670809 0.782789 -0.339145 0.521749 -0.016818 -0.849661 -0.527061
116.011253 -50.881276 6152.239258 -2213.489419 0.608741 0.159196 -0.777233 0.746196 -0.447659 0.492741 -0.269493 -0.879919 -0.391299
223.197799 -26.421535 5009.420264 -304.650706 0.046543 -0.633024 -0.772732 0.801685 -0.437824 0.406953 -0.595932 -0.638429 0.487108
1.626617 -9.533827 115.504171 13.549852 0.787341 0.470421 -0.398495 -0.017406 -0.629145 -0.777093 0.616272 -0.618774 0.487163
0.635518 -9.513137 90.609013 44.355111 0.793631 0.464503 -0.392921 -0.097416 0.734515 0.671563 0.600550 -0.494696 0.628184
-0.051960 -9.552735 103.984860 13.674233 0.786390 0.475833 -0.393921 -0.026133 0.662746 0.748388 0.617177 -0.578230 0.533612
0.539911 -9.631384 167.137623 22.132662 0.766559 0.505977 -0.395442 -0.051188 -0.565683 -0.823032 0.640131 -0.651145 0.407729
-0.943696 -9.668859 93.997643 4.726887 0.790277 0.480957 -0.379661 -0.035351 -0.582784 -0.811858 0.611729 -0.655014 0.443558
-1.381422 -9.639195 22.511220 -26.950733 0.817328 0.410095 -0.404718 -0.026725 -0.674687 -0.737620 0.575552 -0.613694 0.540481
-1.814074 -10.853146 67.424499 -120.046498 0.740571 -0.005545 -0.671955 -0.671135 0.043982 -0.740030 -0.033658 -0.999017 -0.028850
-0.550534 -10.224181 118.313561 -58.322595 0.779375 0.028413 -0.625913 -0.624265 -0.050152 -0.779601 0.053542 -0.998337 0.021350
-1.178549 -9.466644 41.738168 -50.452081 0.783816 -0.015484 -0.620800 -0.617862 -0.119714 -0.777120 0.062286 -0.992688 0.103400
-0.241664 -9.318554 119.797715 12.372041 0.797946 0.027728 -0.602091 -0.591499 -0.155912 -0.791088 0.115808 -0.987382 0.108008
-0.893523 -28.197663 -4.626998 535.707031 -0.195363 0.093734 0.976241 -0.198656 0.971005 -0.132986 -0.960401 -0.219917 -0.171077
-0.655196 -28.064919 14.999744 533.891880 -0.178720 0.093560 0.979442 -0.193815 0.972616 -0.128274 -0.964622 -0.212755 -0.155692
-0.526018 -23.692771 -46.895794 699.836547 -0.213129 0.075787 0.974080 0.102595 0.993211 -0.054827 -0.971622 0.088251 -0.219458
-0.950250 -23.472940 -13.310385 725.834286 -0.190024 0.065014 0.979624 0.117813 0.992105 -0.042989 -0.974685 0.107244 -0.196183
-0.990149 -27.688537 1.510970 588.751914 -0.190026 0.077300 0.978731 -0.170222 0.979203 -0.110387 -0.966910 -0.187578 -0.172916
2.631840 -15.484852 -77.679746 166.161056 0.845273 0.087579 -0.527108 -0.154556 0.984382 -0.084291 0.511493 0.152717 0.845608
3.337259 -16.198531 -77.581273 92.363239 0.830822 0.082957 -0.550321 -0.045174 0.995618 0.081883 0.554702 -0.043170 0.830929
2.123701 -16.063219 -120.569098 91.132262 0.868220 0.078125 -0.489990 -0.032025 0.994291 0.101785 0.495144 -0.072680 0.865766
1.503430 -15.723752 -107.161589 145.763074 0.868644 0.085225 -0.488051 -0.124951 0.990935 -0.049352 0.479421 0.103852 0.871419
98.104419 -13.377076 6448.738756 21.996054 0.840270 0.288752 -0.458876 -0.529007 0.622007 -0.577286 -0.118732 -0.727825 -0.675406
-0.483935 -7.850371 53.822231 225.996260 0.874923 0.170456 -0.453270 -0.446792 0.645148 -0.619806 -0.186777 -0.744801 -0.640614
42.657496 -6.030493 2788.474380 169.227923 0.898278 0.170124 -0.405161 -0.395670 0.714234 -0.577335 -0.191161 -0.678917 -0.708893
1.812525 -19.444780 -35.531845 18.310234 0.610231 0.722666 -0.324611 -0.716568 0.678237 0.162861 -0.337858 -0.133223 -0.931721
1.400754 -20.337253 -53.312114 45.785162 0.578143 0.740847 -0.341900 -0.685105 0.668350 0.289724 -0.443150 -0.066735 -0.893960
0.674398 -20.758855 -75.714300 -118.311722 0.597399 0.716316 -0.360563 0.765917 -0.642888 -0.008190 -0.237668 -0.271268 -0.932699
1.789227 -20.198825 -35.598460 -66.506955 0.620381 0.715830 -0.320491 0.768913 -0.635660 0.068627 -0.154598 -0.289005 -0.944762
1.033674 -22.063477 -67.937431 -98.554066 0.626877 0.700004 -0.342082 0.779110 -0.561159 0.279443 0.003649 -0.441696 -0.897158
-0.425730 -20.908384 -99.112116 -50.358070 0.597110 0.716911 -0.359859 0.801412 -0.552517 0.229048 -0.034621 -0.425162 -0.904455
-1.130938 -20.278747 -101.680170 -105.219027 0.555382 0.743187 -0.373127 0.811814 -0.581813 0.049502 -0.180301 -0.330402 -0.926459
-0.150183 -4.157204 -14.917770 68.123103 0.860603 0.197944 -0.469234 -0.400910 0.831512 -0.384524 -0.314060 -0.519044 -0.794959
-0.219979 -5.266626 -8.326857 78.608456 0.838601 0.242479 -0.487804 -0.469598 0.775632 -0.421750 -0.276091 -0.582751 -0.764313
0.243586 -4.614914 -24.493122 86.049655 0.834073 0.244580 -0.494472 -0.465709 0.792639 -0.393495 -0.295696 -0.558483 -0.775022
0.295601 -3.637408 -29.779824 60.188511 0.871260 0.167425 -0.461384 -0.365563 0.848619 -0.382373 -0.327520 -0.501811 -0.800572
0.062565 -3.329455 -32.537528 44.888851 0.878973 0.145263 -0.454208 -0.336555 0.863752 -0.375052 -0.337841 -0.482527 -0.808104
-0.297339 -3.767239 -15.067668 16.656007 0.890362 0.126353 -0.437367 -0.310765 0.870749 -0.381079 -0.332686 -0.475217 -0.814548
-2.287238 -38.460871 -43.807589 -714.692300 0.747943 -0.532304 0.396527 0.306362 0.806800 0.505189 -0.588833 -0.256372 0.766518
-1.719483 -33.635279 -56.351475 -311.110734 0.738787 -0.519794 0.428962 0.161402 0.754440 0.636215 -0.654326 -0.400792 0.641266
-3.771732 -34.673309 -97.836115 -466.310006 0.765817 -0.514449 0.385832 0.120376 0.704074 0.699850 -0.631691 -0.489512 0.601119
-3.461387 -40.508738 -86.478645 -672.733638 0.759927 -0.528131 0.378931 0.349423 0.823482 0.446968 -0.548100 -0.207256 0.810328
0.059275 -9.855612 136.981271 13.520709 0.841865 0.381563 -0.381671 -0.467926 0.163690 -0.868476 0.268903 -0.909734 -0.316348
-1.506698 -9.632161 81.109435 -11.118015 0.867437 0.353461 -0.350169 -0.398672 0.072696 -0.914208 0.297681 -0.932620 -0.203974
-1.210156 -9.839893 73.215533 12.030568 0.879631 0.343767 -0.328747 -0.417467 0.226706 -0.879958 0.227971 -0.911279 -0.342929
0.354888 -85.038575 -55.320063 -1732.682271 -0.624436 0.665525 -0.408848 -0.115675 0.438873 0.891072 -0.772463 -0.603711 0.197064
0.241387 -67.391371 14.585510 -79.308169 0.638630 -0.633859 0.436321 0.219605 0.693552 0.686119 -0.737513 -0.342358 0.582121
0.416369 -77.672584 -16.942970 1004.653448 -0.615992 0.654712 -0.438072 0.074866 0.602241 0.794796 -0.784187 -0.456791 0.419992
-0.836148 -5.073824 -63.161462 -1.472273 0.819119 0.088058 -0.566824 -0.465301 -0.475891 -0.746339 0.335468 -0.875085 0.348838
-1.747771 -5.683012 -85.828216 -38.463361 0.854916 0.134467 -0.501036 -0.406217 -0.427187 -0.807774 0.322655 -0.894109 0.310586
-1.886819 -5.639415 -85.403057 7.009254 0.774714 0.063459 -0.629120 -0.514652 -0.514760 -0.685679 0.367358 -0.854983 0.366132
-2.835981 -6.280723 -75.639273 -22.639800 0.801774 0.129963 -0.583326 -0.461393 -0.485752 -0.742403 0.379836 -0.864381 0.329499
-1.058664 -5.335312 -57.440866 35.530070 0.750590 0.027388 -0.660200 -0.543444 -0.542771 -0.640365 0.375876 -0.839434 0.392515
-2.676419 -6.229329 -89.436930 32.180409 0.721683 0.036680 -0.691251 -0.556611 -0.562921 -0.610986 0.411531 -0.825696 0.385834
-1.796737 -5.983176 -69.673173 51.283359 0.700312 -0.011157 -0.713750 -0.584076 -0.583790 -0.563954 0.410388 -0.811828 0.415352
-1.083304 -26.692147 -38.663839 272.629788 0.484522 -0.130821 -0.864942 0.872278 -0.002461 0.489004 -0.066100 -0.991403 0.112920
-1.750676 -24.061796 -23.313360 -72.851327 0.430113 -0.156744 -0.889064 0.897967 0.175783 0.403429 0.093048 -0.971870 0.216357
0.307454 -35.548109 -170.168473 1228.742142 0.540488 -0.194736 -0.818505 0.836178 0.016607 0.548207 -0.093163 -0.980715 0.171810
2.353764 -54.918927 23.567830 1379.402769 -0.817536 0.043642 0.574221 0.259447 0.918109 0.299605 -0.514122 0.393918 -0.761910
2.436621 -82.036461 275.891060 -3696.429480 -0.803698 -0.074918 0.590302 -0.062816 0.997181 0.041033 -0.591713 -0.004102 -0.806139
0.587068 -73.007472 -169.911928 313.346924 0.890632 0.046989 -0.452290 0.203309 0.848545 0.488505 -0.406742 0.527032 -0.746189
3.052980 -44.968487 2.899826 -272.062297 -0.791577 0.077751 0.606102 0.099649 0.995019 0.002502 -0.602889 0.062378 -0.795383
-0.694708 -47.804409 -63.112987 1462.946623 0.861084 -0.022384 -0.507970 0.381590 0.688704 0.616503 -0.336041 0.724697 -0.601573
4.440673 -93.765316 248.767479 4708.847289 0.828730 -0.062169 -0.556186 0.378087 0.794919 0.474505 -0.412623 0.603522 -0.682278
2.960162 -61.413002 -134.111298 1323.327085 -0.819496 0.056572 0.570285 0.098311 0.994242 0.042644 -0.564589 0.091012 -0.820339
-10.973222 -14.442570 135.269263 72.942601 0.990105 -0.131006 -0.050293 0.124346 0.652956 0.747119 0.065037 0.745980 -0.662785
-10.878142 -14.212300 266.060442 68.214348 0.980717 -0.048767 0.189250 -0.110650 0.659649 0.743384 0.161091 0.749990 -0.641533
-9.029841 -14.254298 77.572748 89.740877 0.944941 -0.039184 0.324887 -0.219659 0.659953 0.718479 0.242563 0.750285 -0.615009
-8.943879 -13.238151 14.242665 119.692535 0.897996 0.007698 0.439936 -0.373757 0.540947 0.753447 0.232182 0.841022 -0.488645
-5.593111 -8.337164 -186.562452 20.051926 0.919695 -0.177546 0.350198 -0.392438 -0.387517 0.834160 0.012394 0.904604 0.426073
-7.442276 -8.471711 -86.821984 61.275757 0.836987 -0.314102 0.448099 -0.544947 -0.403819 0.734822 0.049858 0.859226 0.509160
-1.233889 -7.895263 -48.519548 -56.251313 0.950326 0.299759 -0.083820 0.263442 -0.631202 0.729508 -0.165769 0.715352 0.678816
-1.326215 -6.756724 -19.309655 -70.351395 0.947490 0.296761 -0.119147 0.269282 -0.539444 0.797802 -0.172484 0.787993 0.591030
-1.247872 -6.351911 -44.578373 -42.716262 0.918822 0.353162 -0.176192 0.331521 -0.448391 0.830084 -0.214151 0.821110 0.529072
1.170606 -8.013449 -62.360125 81.740822 0.881226 0.454110 -0.131243 0.463661 -0.884421 0.053075 0.091972 0.107623 0.989928
0.520465 -7.863753 -65.751735 -86.241086 0.881780 0.457820 -0.113426 -0.455789 0.888961 0.044771 0.121329 0.012220 0.992537
-1.382828 -7.194441 -63.429856 -18.870645 0.849631 -0.093675 0.518991 0.422354 0.710193 -0.563243 0.315822 -0.697747 -0.642966
-0.772920 -7.208232 -37.345380 40.643212 0.844776 -0.102790 0.525155 0.467304 0.619871 -0.630386 0.260731 -0.777942 -0.571687
-0.793130 -7.263456 -46.681217 -21.152164 0.860194 -0.078710 0.503856 0.407489 0.700147 -0.586300 0.306626 -0.709647 -0.634335
-0.337148 -7.208062 -43.513755 33.924496 0.849839 -0.104170 0.516645 0.463999 0.612786 -0.639686 0.249957 -0.783353 -0.569104
-1.441554 -8.113709 -46.753188 -91.603130 0.873114 -0.041909 0.485712 0.334560 0.776177 -0.534433 0.354601 -0.629121 -0.691712
-0.798981 -8.033899 -25.039793 -85.646270 0.878820 -0.036582 0.475750 0.331917 0.763164 -0.554447 0.342792 -0.645168 -0.682826
-0.348734 -7.400599 -33.573093 -33.655512 0.869179 -0.066250 0.490039 0.392280 0.695730 -0.601727 0.301070 -0.715242 -0.630703
5.110967 -21.266192 -61.889461 -330.447729 0.931195 0.095514 0.351786 0.307489 -0.724122 -0.617331 -0.195772 -0.683026 0.703668
4.271716 -20.401695 -86.597139 -200.338996 0.894466 0.078578 0.440177 0.369728 -0.683604 -0.629275 -0.251460 -0.725611 0.640512
4.855258 -18.029301 -113.791518 -173.026088 0.844751 0.085450 0.528293 0.362771 -0.817179 -0.447902 -0.393436 -0.570015 0.721312
6.734636 -15.888473 -176.519023 206.392879 0.852944 0.096858 0.512938 -0.280176 0.914046 0.293294 -0.440441 -0.393876 0.806767
-1.661724 -17.521766 -36.845204 171.540198 0.876889 0.433191 -0.208352 0.066542 0.319876 0.945120 -0.476064 0.842630 -0.251670
-1.918054 -16.221345 -28.786096 66.597194 0.883126 0.418577 -0.211851 0.108117 0.257829 0.960122 -0.456507 0.870814 -0.182440
-1.878193 -16.292265 -6.772221 75.248430 0.895048 0.380616 -0.232424 0.120598 0.295182 0.947799 -0.429355 0.876356 -0.218301
3.799084 -7.941780 -11.495720 53.271099 0.897374 0.343995 -0.276382 0.419479 -0.859399 0.292352 0.136955 0.378286 0.915502
3.329600 -8.475897 50.314803 40.649664 0.902695 0.281463 -0.325453 0.398398 -0.832463 0.385077 0.162543 0.477267 0.863595
2.995074 -7.807124 92.746761 -15.561334 0.898288 0.273430 -0.343969 0.379299 -0.877713 0.292835 0.221836 0.393518 0.892151
2.156634 -7.814516 54.114155 -38.249701 0.911948 0.240883 -0.332155 0.316737 -0.927895 0.196696 0.260824 0.284582 0.922488
2.909598 -7.453059 15.579763 -6.028456 0.901937 0.334438 -0.273241 0.394992 -0.894639 0.208812 0.174617 0.296263 0.939008
2.136388 -7.949579 93.286017 -14.120461 0.914147 0.203832 -0.350411 0.302428 -0.918521 0.254670 0.269950 0.338780 0.901308
0.859168 -33.922474 -40.296599 407.333478 0.107393 -0.131490 0.985483 0.434028 0.897976 0.072516 -0.894476 0.419939 0.153507
-2.324801 -13.346278 -10.108178 87.387103 0.853951 0.121597 0.505947 -0.418493 0.738330 0.528897 0.309243 0.663388 -0.681385
-2.044462 -12.233213 12.376076 -16.355806 0.824806 0.126037 0.551189 -0.479659 0.672118 0.564079 0.299370 0.729638 -0.614822
-19.691162 -32.234120 -630.861355 -284.491740 0.950997 -0.069270 -0.301340 -0.152148 -0.953264 -0.261032 0.269175 -0.294089 0.917091
-19.614165 -30.432353 -363.138169 399.197645 0.921326 0.083384 -0.379745 -0.070912 0.996387 0.046741 0.382270 -0.016135 0.923910
-15.877167 -33.122892 -566.579776 -266.835619 0.968657 -0.167750 -0.183202 -0.196381 -0.968790 -0.151263 0.152110 -0.182500 0.971368
-20.385418 -34.756246 -134.702914 579.844747 0.845214 0.087365 -0.527239 0.071860 0.959010 0.274109 0.529575 -0.269568 0.804290
-20.371121 -39.954504 -544.615858 -820.999019 0.930948 -0.062408 -0.359780 -0.239873 -0.847395 -0.473691 0.275314 -0.527283 0.803850
0.110554 -9.996352 10.847664 -155.461464 0.116754 -0.551624 -0.825881 0.045023 0.833653 -0.550451 0.992140 0.027084 0.122168
0.670390 -13.272783 -29.040060 -303.681226 0.136216 -0.661690 -0.737300 -0.086095 0.733515 -0.674198 0.986931 0.155315 0.042948
-0.230132 -10.751409 -5.445706 -172.609419 0.109240 -0.676395 -0.728393 0.013917 0.733747 -0.679280 0.993918 0.064067 0.089568
-0.668224 -8.537182 -26.547124 -79.446459 0.114881 -0.612773 -0.781864 0.155882 0.788445 -0.595026 0.981072 -0.053521 0.186098
-0.599678 -7.720831 0.505267 -68.389527 0.119411 -0.512591 -0.850289 0.169359 0.854381 -0.491274 0.978294 -0.085340 0.188835
-4.528855 -22.670499 238.143097 -365.687571 0.918125 -0.391751 0.059815 -0.196736 -0.319550 0.926921 0.344008 0.862797 0.370459
-4.440702 -19.255855 190.776987 372.432540 0.880786 -0.418200 0.222094 -0.298178 -0.125490 0.946225 0.367841 0.899645 0.235228
4.267171 -154.342796 -634.709281 -10385.581724 0.872520 -0.450477 0.189154 -0.373958 -0.366593 0.851918 0.314427 0.814051 0.488320
-2.351280 -178.146420 82.724295 -10165.459752 0.928322 -0.332827 0.165664 -0.300807 -0.410557 0.860789 0.218479 0.848923 0.481245
-3.535257 -6.470541 -140.555681 125.199971 0.871704 0.464090 -0.157330 0.220856 -0.658678 -0.719281 0.437441 -0.592253 0.676670
-1.359551 -4.647675 -169.791120 19.080914 0.641151 0.723995 0.254473 0.609624 -0.279089 -0.741935 0.466137 -0.630826 0.620303
-4.532950 -6.315839 -129.025039 119.449974 0.836225 0.527459 -0.150048 0.235436 -0.592430 -0.770452 0.495275 -0.608945 0.619588
-5.073928 -7.680174 -74.140256 104.185150 0.870718 0.307031 -0.384163 0.021289 -0.803966 -0.594294 0.491321 -0.509284 0.706565
-4.141796 -7.392610 -122.569626 99.947969 0.895822 0.346224 -0.278626 0.112349 -0.783018 -0.611768 0.429978 -0.516731 0.740343
-6.193430 -9.527972 -16.812016 -30.242097 0.828919 -0.391756 0.399276 -0.499650 -0.839469 0.213641 -0.251484 0.376589 0.891592
-5.985322 -9.471885 -4.627424 -30.243205 0.817678 -0.328092 0.473031 -0.496821 -0.817274 0.291944 -0.290811 0.473728 0.831270
-5.916577 -10.164354 -24.684207 22.056666 0.789599 -0.378174 0.483237 0.488729 0.863779 -0.122593 -0.371049 0.332971 0.866864
-6.100499 -9.019587 -2.658723 -39.294872 0.872957 -0.332716 0.356715 -0.454297 -0.820861 0.346123 -0.177653 0.464205 0.867729
-6.315553 -9.249258 3.043171 -44.277968 0.880196 -0.390597 0.269609 -0.457551 -0.849285 0.263368 -0.126104 0.355176 0.926255
2.372871 -50.206894 8.513651 -1915.934978 -0.398688 0.350820 -0.847333 0.663470 -0.527526 -0.530587 -0.633131 -0.773719 -0.022440
8.262341 -10.789070 -93.983373 181.057660 0.938975 0.070326 -0.336721 -0.343842 0.220241 -0.912835 -0.009963 -0.972907 -0.230981
7.318360 -9.291843 -197.417373 201.202039 0.914266 0.093054 -0.394283 -0.403176 0.304115 -0.863112 -0.039591 -0.948080 -0.315559
3.724570 -8.253581 -427.501205 117.026616 0.946039 -0.141290 -0.291627 -0.260410 0.204137 -0.943671 -0.192863 -0.968693 -0.156329
-0.466182 -12.324313 -836.352531 -721.840167 0.876402 -0.473424 0.088260 0.046809 -0.098661 -0.994020 -0.479300 -0.875292 0.064306
4.989422 -9.821424 -321.569297 7.783685 0.957550 -0.147643 -0.247586 -0.233536 0.106186 -0.966533 -0.168992 -0.983324 -0.067198
-0.677758 -8.430062 -286.575408 226.382505 0.954952 -0.279495 -0.099742 -0.013920 0.293544 -0.955844 -0.296432 -0.914174 -0.276430
12.891503 -10.364662 896.160621 144.846067 0.321015 0.025275 -0.946737 0.893761 0.322579 0.311664 0.313275 -0.946205 0.080963
3.243645 -11.992819 301.157833 278.672926 0.608798 0.118509 -0.784424 0.722763 0.324804 0.610013 0.327076 -0.938327 0.112086
3.805094 -13.350461 337.230997 -153.915669 0.709729 0.172210 -0.683102 -0.678813 -0.092155 -0.728505 0.188407 -0.980740 -0.051494
1.642994 -9.762261 65.456866 22.224455 0.808126 0.460989 -0.366635 -0.101171 0.721848 0.684617 0.580256 -0.516164 0.629983
-0.461851 -30.778230 26.378180 868.471528 -0.151491 0.094127 0.983967 -0.026553 0.994709 -0.099243 -0.988102 -0.041161 -0.148190
-0.689697 -30.316868 31.250295 55.198605 -0.168522 0.113713 0.979117 -0.454481 0.872472 -0.179551 -0.874670 -0.475249 -0.095350
-0.076604 -30.805031 21.037575 191.361029 -0.183420 0.108238 0.977058 -0.379888 0.908901 -0.172002 -0.906666 -0.402721 -0.125592
-0.186376 -32.641558 31.271201 -508.600522 -0.189719 0.131181 0.973036 -0.681489 0.695836 -0.226684 -0.706809 -0.706119 -0.042615
-0.836691 -32.236302 -37.781210 719.822174 0.185439 -0.135911 -0.973211 0.770486 -0.594578 0.229845 -0.609889 -0.792468 -0.005540
2.173592 -19.595639 4.008716 -8.137725 0.608962 0.731063 -0.307753 -0.618199 0.680529 0.393332 -0.496986 0.049271 -0.866359
-0.066213 -6.162721 -7.150416 58.355688 0.834999 0.251648 -0.489336 -0.499851 0.718702 -0.483339 -0.230056 -0.648182 -0.725902
-0.101626 -5.871616 12.196666 56.893651 0.858057 0.225390 -0.461453 -0.456223 0.747106 -0.483419 -0.235796 -0.625326 -0.743887
0.174068 -6.840668 4.100115 43.935695 0.857532 0.223934 -0.463134 -0.481625 0.665836 -0.569825 -0.180768 -0.711700 -0.678827
0.085021 -5.250756 28.883055 49.426640 0.874689 0.196352 -0.443131 -0.403364 0.801807 -0.440912 -0.268732 -0.564404 -0.780533
0.259266 -5.886433 33.544455 54.715923 0.872982 0.206372 -0.441943 -0.432506 0.746395 -0.505800 -0.225481 -0.632697 -0.740846
0.235851 -6.505560 16.417512 50.548447 0.871959 0.202417 -0.445775 -0.447875 0.697536 -0.559331 -0.197726 -0.687365 -0.698881
-1.172004 -38.979109 -42.927228 -756.954379 0.728041 -0.523101 0.443082 0.178162 0.768500 0.614545 -0.661978 -0.368474 0.652696
-1.458186 -37.899947 -39.910676 -356.363299 0.718700 -0.543970 0.433090 0.397177 0.832418 0.386433 -0.570720 -0.105716 0.814311
-1.381923 -48.442191 -9.223091 -362.262993 0.717709 -0.538811 0.441108 0.401979 0.837840 0.369373 -0.568601 -0.087786 0.817916
-1.413464 -38.906820 7.088866 -80.243737 0.720885 -0.550080 0.421588 0.576491 0.813581 0.075786 -0.384684 0.188408 0.903615
-1.042763 -38.386026 -115.713913 146.662026 0.695163 -0.527311 0.488561 0.543000 0.830555 0.123808 -0.471062 0.179222 0.863701
2.410500 -9.353730 -5.129245 27.052209 0.826124 0.321511 -0.462763 -0.555512 0.326996 -0.764513 0.094478 -0.888653 -0.448742
1.953979 -9.860143 105.073948 36.210275 0.828662 0.374864 -0.415687 -0.516720 0.226761 -0.825578 0.215218 -0.898920 -0.381608
1.940048 -9.447162 99.251488 42.332361 0.832479 0.378965 -0.404183 -0.536661 0.370160 -0.758272 0.137746 -0.848155 -0.511527
2.924602 -8.702628 33.134039 34.281693 0.821247 0.343302 -0.455737 -0.569555 0.445567 -0.690708 0.034060 -0.826809 -0.561450
2.056655 -8.906198 113.234013 44.711075 0.825701 0.390356 -0.407235 -0.560280 0.483539 -0.672514 0.065606 -0.783462 -0.617967
0.653259 -9.472478 118.345011 32.559931 0.848048 0.382045 -0.367228 -0.514212 0.425803 -0.744498 0.128065 -0.820204 -0.557553
244.061818 -1716.214752 -24687.143243 -354061.325150 0.142365 0.973362 -0.179718 -0.859722 0.211578 0.464880 -0.490520 -0.088324 -0.866942
-676.870428 -2322.873222 -42276.646499 102818.111995 -0.088071 0.938389 0.334170 -0.038327 -0.338418 0.940215 -0.995377 -0.069998 -0.065771
50.277736 -464.032158 -7468.134861 51824.432702 -0.025211 0.892689 -0.449968 0.989779 -0.040910 -0.136618 -0.140365 -0.448814 -0.882533
-44.657695 -692.715998 -981.446564 26889.803095 -0.172284 0.930656 -0.322798 -0.477024 -0.365534 -0.799270 0.861839 -0.016281 -0.506921
0.184942 -7.728096 6.639353 -39.506094 0.801034 0.155317 -0.578119 -0.439327 -0.503465 -0.743986 0.406616 -0.849941 0.335057
0.174955 -7.482037 58.747513 -45.048048 0.793576 0.172508 -0.583504 -0.419800 -0.538952 -0.730273 0.440459 -0.824483 0.355281
-0.140328 -8.333179 50.319747 -23.293322 0.785770 0.160232 -0.597404 -0.484595 -0.440725 -0.755599 0.384362 -0.883226 0.268660
0.098076 -8.682500 -11.780208 -60.290460 0.792972 0.121428 -0.597035 -0.517344 -0.383374 -0.765101 0.321792 -0.915576 0.241185
-6.658494 -14.342645 -321.742317 11.795551 0.972661 0.005546 -0.232161 0.176397 0.632577 0.754142 -0.151042 0.774477 -0.614305
-3.951315 -14.228692 -419.174406 202.209393 0.964203 0.126874 -0.232842 0.142265 0.493502 0.858031 -0.223770 0.860441 -0.457786
-1.380921 -4.903074 10.964073 -66.229925 0.991717 0.121635 -0.041265 -0.038667 0.589084 0.807147 -0.122486 0.798865 -0.588907
-1.744642 -6.743907 -6.207595 -114.495888 0.962713 0.239683 0.125439 -0.230634 0.484841 0.843645 -0.141389 0.841119 -0.522042
-1.652810 -5.504019 2.487958 -78.031409 0.981629 0.175646 0.074523 -0.155042 0.506653 0.848095 -0.111207 0.844069 -0.524577
-1.814822 -7.802494 7.784540 -150.623096 0.948592 0.248275 0.196300 -0.285072 0.400756 0.870706 -0.137506 0.881904 -0.450930
-1.135146 -4.159915 3.434471 -35.067050 0.985606 0.016006 -0.168297 0.125591 0.597082 0.792288 -0.113168 0.802020 -0.586478
-1.328890 -6.490841 40.127291 -133.016658 0.959930 0.204797 0.191292 -0.263332 0.425676 0.865711 -0.095866 0.881395 -0.462549
-1.320729 -4.425258 10.189960 -50.761292 0.992339 0.120565 0.026981 -0.086094 0.518194 0.850919 -0.088609 0.846723 -0.524604
0.556106 -9.435389 -51.163699 1.924528 0.924415 0.364780 -0.111325 0.378911 -0.845192 0.376930 -0.043405 0.390622 0.919527
-0.846236 -10.104812 -29.517520 -46.593793 0.938684 0.325477 -0.113742 0.341960 -0.836788 0.427609 -0.043999 0.440285 0.896779
-0.358012 -9.659950 -46.503124 -39.324930 0.937596 0.333978 -0.096815 0.338588 -0.813439 0.472943 -0.079200 0.476209 0.875758
0.117567 -9.450907 -36.661198 -24.574888 0.935320 0.337478 -0.106230 0.346187 -0.810997 0.471633 -0.073013 0.477904 0.875373
-1.377920 -7.128670 -47.287916 42.806384 0.834417 -0.110203 0.540003 0.476692 0.636069 -0.606779 0.276610 -0.763722 -0.583280
-1.060717 -8.043505 -32.755600 64.398782 0.840812 -0.101464 0.531734 0.500223 0.521087 -0.691553 0.206912 -0.847451 -0.488891
-0.478291 -8.021343 -38.169765 70.548275 0.847281 -0.105329 0.520597 0.493443 0.518781 -0.698126 0.196543 -0.848394 -0.491527
11.124553 -18.708585 -171.777541 -60.101059 0.993016 0.076591 0.089739 0.110791 -0.866826 -0.486147 -0.040554 -0.492694 0.869257
12.559042 -22.224387 67.361677 144.815187 0.979613 0.171433 -0.104729 0.111842 -0.898462 -0.424568 0.166880 -0.404199 0.899319
12.672820 -21.653098 84.505104 153.581738 0.982406 0.185962 -0.017244 0.182202 -0.974611 -0.130141 0.041008 -0.124709 0.991346
-0.765309 -26.220358 37.342885 454.507991 0.890348 0.411802 -0.194162 -0.172983 0.700468 0.692403 -0.421137 0.582893 -0.694895
-1.098759 -21.095451 0.434577 527.054175 0.875620 0.445311 -0.187048 -0.052558 0.472810 0.879595 -0.480132 0.760361 -0.437407
-1.240601 -17.687983 -13.578110 209.087491 0.877791 0.444601 -0.178363 0.018122 0.341246 0.939799 -0.478701 0.828180 -0.291486
4.072828 -8.610777 -56.829054 43.860667 0.900510 0.344185 -0.265743 0.431270 -0.785043 0.444650 0.055578 0.515019 0.855375
3.725644 -8.938329 55.182433 42.494255 0.896614 0.270899 -0.350281 0.421464 -0.764730 0.487396 0.135835 0.584637 0.799842
3.694703 -8.248917 -58.300764 74.015767 0.901248 0.364758 -0.233887 0.428044 -0.833314 0.349808 0.067306 0.415378 0.907156
2.251247 -32.878915 -8.067515 641.664735 0.188191 -0.150353 0.970555 0.421585 0.904904 0.058438 -0.887046 0.398174 0.233682
5.368101 -25.025692 -170.435937 -399.449218 0.197801 -0.017696 0.980082 0.054342 0.998497 0.007061 -0.978735 0.051863 0.198465
2.366011 -29.766801 -89.847340 -392.873440 0.141255 -0.125995 0.981923 0.031323 0.991940 0.122775 -0.989478 0.013415 0.144063
-3.788205 -14.450984 -1.962035 63.343001 -0.742261 -0.193595 -0.641538 -0.349772 0.928527 0.124489 0.571584 0.316795 -0.756923
-20.282899 -31.279373 101.883689 507.428280 0.735502 0.167869 -0.656396 -0.151867 0.985015 0.081741 0.660282 0.039564 0.749975
-18.672553 -28.694100 -209.442638 482.485238 0.857628 0.086821 -0.506890 -0.215659 0.955511 -0.201222 0.466868 0.281889 0.838196
-6.879126 -18.813825 43.720770 -392.003876 0.095584 -0.624392 -0.775241 -0.459733 0.663080 -0.590738 0.882898 0.412868 -0.223674
-4.766271 -14.733632 8.504861 -323.487050 0.092878 -0.583295 -0.806933 -0.278830 0.762772 -0.583466 0.955839 0.279188 -0.091796
-4.068050 -17.042836 -147.586941 -358.685706 -0.108897 0.760863 0.639710 -0.330706 0.579150 -0.745130 0.937430 0.292698 -0.188555
-6.436615 -18.312212 -72.241235 -355.896058 0.089030 -0.414492 -0.905687 -0.462048 0.788354 -0.406214 0.882375 0.454637 -0.121328
-5.539359 -20.566139 -218.748925 -307.072917 -0.113376 0.785859 0.607924 -0.560844 0.454444 -0.692051 0.820122 0.419413 -0.389221
-8.300143 -20.931419 -66.282526 -315.658446 -0.104490 0.658602 0.745202 -0.633517 0.533530 -0.560358 0.766641 0.530650 -0.361487
-8.574491 -20.963309 -83.166606 -282.602003 0.115468 -0.480495 -0.869363 -0.644839 0.629459 -0.433548 0.755546 0.610661 -0.237159
-1.367724 -25.218104 198.338682 -263.814610 0.899998 -0.425048 0.096633 -0.203710 -0.214147 0.955324 0.385365 0.879474 0.279318
-1.130258 -22.549747 186.989093 260.856274 0.871509 -0.436159 0.224135 -0.222859 0.054860 0.973306 0.436813 0.898196 0.049391
1.364656 -4.126057 230.271061 -26.752260 -0.424490 -0.765203 -0.484017 0.752205 -0.000485 -0.658929 0.503979 -0.643789 0.575796
-2.098637 -4.868699 264.446548 -5.677661 -0.514974 -0.755976 -0.404108 0.679903 -0.073119 -0.729647 0.522048 -0.650503 0.551645
-5.887175 -8.541375 -5.583161 -62.971991 0.882614 -0.285658 0.373352 -0.442996 -0.771171 0.457219 -0.157310 0.568942 0.807192
-26.309091 -75.045510 -126.826888 -3163.708463 -0.197637 0.201649 0.959311 0.179078 0.969573 -0.166912 -0.963779 0.138803 -0.227735
1.730042 -32.180710 76.086339 -805.832481 -0.207920 0.384969 -0.899204 0.718590 -0.563580 -0.407438 -0.663625 -0.730874 -0.159455
2.780722 -28.482405 43.889948 564.810269 0.266825 -0.332085 0.904723 -0.511882 0.746561 0.424998 -0.816567 -0.576512 0.029213
-0.387684 -7.516897 -94.508896 49.990681 0.659678 0.007951 0.751506 0.432885 0.813390 -0.388596 -0.614358 0.581664 0.533134
-1.233906 -8.077214 -89.500956 151.426887 0.670012 -0.015638 0.742186 0.433635 0.819719 -0.374195 -0.602532 0.572553 0.556002
-1.865527 -7.637804 -58.819502 -56.446026 0.666120 -0.070947 0.742463 -0.491986 -0.789973 0.365912 -0.560565 0.609023 0.561122
-0.584925 -8.345426 -158.001992 125.462881 0.656058 0.041296 0.753580 0.372893 0.850373 -0.371236 -0.656155 0.524557 0.542495
0.834359 -8.492156 -83.714636 71.159299 0.693075 0.067879 0.717662 0.306114 0.873623 -0.378256 -0.652642 0.481846 0.584708
12.370918 -12.247609 -28.868922 37.683182 0.907836 0.192346 -0.372609 -0.409433 0.214718 -0.886713 0.090550 -0.957548 -0.273682
10.755994 -10.909568 -82.711702 149.076688 0.859327 0.242768 -0.450135 -0.511222 0.382834 -0.769474 0.014477 -0.891348 -0.453088
-0.662703 -6.453298 45.598541 -76.677969 0.822130 0.187811 -0.537429 -0.275979 -0.694199 -0.664773 0.497934 -0.694849 0.518890
-0.704420 -5.502256 57.980307 -50.511458 0.823599 0.197794 -0.531566 -0.225904 -0.745273 -0.627324 0.520243 -0.636746 0.569123
-1.166515 -5.958236 15.296402 -26.086407 0.842769 0.199660 -0.499876 -0.206596 -0.737557 -0.642906 0.497050 -0.645094 0.580341
-0.860139 -5.409594 31.755020 24.947307 0.832104 0.215637 -0.510983 -0.172560 -0.774935 -0.608028 0.527092 -0.594118 0.607617
-1.105128 -6.632044 5.829547 -83.464783 0.833766 0.146670 -0.532281 -0.290559 -0.703208 -0.648902 0.469479 -0.695692 0.543694
-1.239313 -6.166737 -17.141266 -11.586077 0.851182 0.173463 -0.495378 -0.215362 -0.745278 -0.631014 0.478652 -0.643794 0.597011
-1.297046 -6.102546 -16.350103 50.226073 0.856904 0.231709 -0.460463 -0.121659 -0.777135 -0.617463 0.500914 -0.585126 0.637740
-0.653286 -10.593500 -35.043581 -113.602221 0.743449 -0.091510 -0.662503 -0.668150 -0.145043 -0.729752 0.029312 -0.985185 0.168974
-0.009145 -10.199570 -29.947935 -98.017253 0.749003 -0.096470 -0.655506 -0.656216 -0.244661 -0.713808 0.091516 -0.964798 0.246557
-0.083905 -11.575249 -23.845731 -159.092934 0.722114 -0.101758 -0.684249 -0.691770 -0.102879 -0.714752 -0.002337 -0.989475 0.144684
-0.367828 -24.249327 1.222256 704.292610 -0.178017 0.074835 0.981178 0.063478 0.995901 -0.064441 -0.981978 0.050812 -0.182038
0.492746 -20.436162 -45.234724 -1.442011 -0.675207 -0.110034 0.729375 0.730013 -0.241403 0.639379 0.105720 0.964166 0.243323
0.859251 -18.107897 20.549225 -61.064425 0.716467 0.144121 -0.682571 0.697535 -0.163359 0.697681 0.010954 0.975983 0.217571
-0.258964 -17.510187 -23.413322 -141.293877 -0.666002 -0.139036 0.732878 0.732654 0.062750 0.677703 -0.140214 0.988297 0.060074
15.541457 -10.169739 -130.032789 76.577733 -0.432335 0.849575 0.302173 -0.390414 -0.478435 0.786560 -0.812812 -0.222085 -0.538530
