12719
25419
-13.819340 -17.989102 272.492366 -412.779526 0.437435 0.693019 -0.573041 -0.321549 0.715655 0.620036 0.839796 -0.086965 0.535891
-10.290178 -19.259256 -155.473755 675.070896 0.505727 0.774312 -0.380371 0.326454 -0.579890 -0.746428 0.798542 -0.253315 0.546043
-11.337713 -14.817630 59.689883 -353.783738 0.531015 0.449570 -0.718269 -0.041512 0.860437 0.507864 0.846345 -0.239866 0.475568
-8.149138 -14.044385 -208.253530 501.731118 0.604281 0.658142 -0.449103 0.136431 -0.640797 -0.755490 0.785004 -0.395257 0.477012
-12.392460 -17.229168 94.516497 -233.678004 0.522768 0.342601 -0.780601 -0.174352 0.939301 0.295490 0.834455 -0.018373 0.550770
-10.394605 -14.984356 -71.783736 -304.883452 0.448512 0.079340 -0.890248 0.101020 0.985170 0.138694 0.888049 -0.152139 0.433846
-8.533735 -11.100349 34.158077 -129.935102 0.342383 -0.249225 -0.905903 0.441534 0.893759 -0.079008 0.829350 -0.372936 0.416049
-9.224342 -12.712192 -36.915123 -215.375005 0.389588 -0.089201 -0.916659 0.282610 0.958860 0.026804 0.876557 -0.269499 0.398770
-11.778937 -15.304212 -100.156113 -18.291853 0.683289 0.715950 -0.143286 0.691840 -0.572121 0.440493 0.233394 -0.400115 -0.886248
-11.506791 -15.222385 -86.028226 4.243658 0.714930 0.681610 -0.155829 -0.623813 0.521146 -0.582464 0.315803 -0.513630 -0.797780
-10.495987 -15.290301 -64.004711 40.812356 0.738953 0.625793 -0.249663 -0.664829 0.617128 -0.420898 0.109321 -0.477007 -0.872074
-12.706177 -15.101432 -97.568701 -25.070340 0.636586 0.769347 -0.053505 -0.627866 0.476732 -0.615233 0.447820 -0.425243 -0.786527
-10.608824 -14.864654 -80.716160 38.185720 0.726620 0.645588 -0.235032 -0.686827 0.674054 -0.271883 0.017100 -0.358982 -0.933188
-13.139971 -15.299810 -124.495832 -7.101108 0.613722 0.789411 -0.013217 -0.695817 0.532896 -0.481519 0.373073 -0.304716 -0.876336
-12.173770 -15.057844 -132.036955 -32.693611 0.693857 0.712813 -0.102269 0.705910 -0.645212 0.292221 0.142314 -0.274953 -0.950867
7.447976 -22.268954 16.327470 -48.798249 -0.681384 -0.465734 0.564630 -0.560992 0.827801 0.005817 -0.470111 -0.312790 -0.825323
8.703464 -18.739628 -180.119818 -22.122523 0.666025 0.523034 -0.531833 -0.644457 0.762500 -0.057182 -0.375615 -0.380828 -0.844916
8.809125 -18.619117 174.610535 -137.217967 -0.713495 -0.466274 0.522985 -0.523728 0.850749 0.043987 -0.465439 -0.242517 -0.851206
6.779208 -22.326900 34.050978 -30.516097 -0.674158 -0.422103 0.606086 -0.412391 0.895897 0.165231 -0.612735 -0.138553 -0.778048
7.386044 -23.966257 -117.119253 85.762159 -0.647529 -0.431563 0.628060 -0.498531 0.863248 0.079185 -0.576344 -0.261833 -0.774126
7.897432 -21.146858 127.008733 -66.647771 -0.704125 -0.424396 0.569295 -0.407322 0.898120 0.165737 -0.581633 -0.115186 -0.805254
-2.724463 -5.855298 85.036526 -157.096795 0.922368 -0.237633 -0.304579 -0.021629 0.755421 -0.654883 -0.385707 -0.610630 -0.691636
-3.681296 -8.375280 40.780623 -248.114439 0.824729 0.103728 -0.555934 -0.382108 0.826909 -0.412571 -0.416912 -0.552686 -0.721611
-3.380938 -6.960480 11.742834 -179.298948 0.914891 -0.128179 -0.382811 -0.117893 0.822088 -0.557021 -0.386103 -0.554744 -0.737010
-3.747272 -8.644254 -5.121814 -203.856849 0.851397 0.084275 -0.517708 -0.321451 0.863770 -0.388034 -0.414479 -0.496789 -0.762501
-4.169351 -7.798244 -66.517508 -157.023974 0.909730 -0.049228 -0.412272 -0.158539 0.876525 -0.454499 -0.383741 -0.478832 -0.789596
2.774751 -11.924056 -354.243736 72.133733 0.505500 0.286491 -0.813875 0.862816 -0.163251 0.478432 0.004201 -0.944072 -0.329712
2.857454 -11.786003 -296.817946 29.654021 0.516039 0.296822 -0.803493 0.851808 -0.276553 0.444906 -0.090151 -0.914010 -0.395547
0.107202 -11.960699 -406.676452 -15.267012 0.493755 0.280731 -0.823041 0.868860 -0.198340 0.453590 -0.035906 -0.939069 -0.341847
-1.320396 -19.344602 -21.843764 -11.018736 0.491630 0.334099 -0.804163 -0.249011 0.938847 0.237821 0.834442 0.083326 0.544760
-1.113512 -19.372431 -17.579925 58.738434 0.482288 0.344713 -0.805340 -0.452405 0.885250 0.107989 0.750152 0.312258 0.582895
-1.010449 -19.559226 -39.223732 42.641054 0.518836 0.331355 -0.788044 -0.293247 0.934877 0.200026 0.803004 0.127311 0.582217
-1.528361 -19.191887 -15.597394 19.061506 0.468600 0.341723 -0.814641 -0.274928 0.932772 0.233131 0.839541 0.114723 0.531046
-1.188449 -19.189129 -28.803544 -42.290459 0.512343 0.316888 -0.798177 -0.061538 0.940588 0.333926 0.856573 -0.121967 0.501405
-1.512986 -18.799773 -18.484010 -80.653629 0.487145 0.324877 -0.810644 -0.039733 0.935515 0.351044 0.872417 -0.138801 0.468640
-7.411521 -37.206021 -29.691932 -372.261750 0.519528 0.611130 -0.597169 -0.522457 0.780223 0.343934 0.676114 0.133311 0.724637
-6.406868 -34.742472 -19.366364 -1287.170743 0.536065 0.595849 -0.597995 -0.218862 0.782253 0.583249 0.815312 -0.181781 0.549747
-6.196411 -34.029137 139.360074 -551.531046 0.437245 0.552734 -0.709437 -0.427287 0.821798 0.376928 0.791355 0.138323 0.595503
-7.032656 -38.261924 162.528584 229.893557 0.419388 0.561603 -0.713243 -0.685348 0.711105 0.156933 0.595325 0.423004 0.683122
-5.978946 -36.662736 207.933758 304.354481 0.375720 0.485850 -0.789167 -0.667223 0.732800 0.133485 0.643155 0.476397 0.599498
-4.454522 -31.763647 165.176598 -608.488748 0.397592 0.480207 -0.781871 -0.356000 0.866099 0.350907 0.845686 0.138828 0.515307
5.708028 -12.927845 -200.564477 -34.412977 0.032329 -0.192004 0.980861 0.552629 0.821150 0.142526 -0.832800 0.537445 0.132654
54.306561 -15.153320 -4200.566143 479.312476 -0.144903 -0.470015 0.870683 0.542108 0.698426 0.467247 -0.827721 0.539710 0.153595
37.871521 -11.145919 -2139.367511 -48.043586 -0.066894 -0.526606 0.847473 0.408626 0.760418 0.504766 -0.910247 0.380066 0.164318
3.612484 -12.849375 -96.678577 -30.745132 -0.376915 -0.567327 0.732172 0.868289 0.058816 0.492560 -0.322506 0.821390 0.470435
4.456408 -12.740057 -151.249875 82.387112 -0.333906 -0.568745 0.751688 0.926115 -0.049431 0.373988 -0.175547 0.821027 0.543229
0.443888 -13.667633 301.389299 4.775109 -0.418872 -0.605206 0.676958 0.855439 -0.012937 0.517742 -0.304582 0.795964 0.523136
-1.155697 -12.755222 500.236030 -102.244915 -0.446186 -0.610952 0.653954 0.780122 0.092560 0.618743 -0.438553 0.786238 0.435318
-4.348936 -15.220462 803.434079 194.652796 -0.574455 -0.609834 0.545990 0.766803 -0.167560 0.619627 -0.286383 0.774614 0.563878
-6.737889 -14.352371 1014.810582 167.086874 -0.638138 -0.622481 0.453097 0.645526 -0.111840 0.755505 -0.419613 0.774603 0.473197
2.678027 -9.720598 14.253631 24.326903 0.511369 0.441163 -0.737480 0.409254 0.629590 0.660399 0.755654 -0.639525 0.141405
2.788361 -9.725465 -36.599710 23.432719 0.524229 0.382837 -0.760670 0.452015 0.631932 0.629559 0.721710 -0.673868 0.158229
2.246614 -9.075091 -23.632935 71.294515 0.525600 0.404354 -0.748494 0.345659 0.702423 0.622191 0.777344 -0.585748 0.229425
3.535397 -10.058653 14.935342 -9.627680 0.512969 0.423589 -0.746615 -0.509401 -0.549853 -0.661946 0.690922 -0.719884 0.066281
2.341046 -9.027895 -43.443122 70.049003 0.526749 0.433941 -0.730911 0.307752 0.704179 0.639860 0.792353 -0.561985 0.237379
2.317706 -9.073270 11.932771 73.326348 0.508731 0.460036 -0.727708 0.291038 0.703604 0.648258 0.810240 -0.541580 0.224057
0.716290 -8.435960 -471.625364 -107.542587 0.744499 0.343226 -0.572640 0.126354 0.769789 0.625667 0.655557 -0.538164 0.529740
0.829912 -8.069658 -394.063238 -43.123545 0.742452 0.381500 -0.550657 0.148984 0.707379 0.690955 0.653122 -0.595040 0.468358
-1.855717 -8.576350 -524.103957 -109.588885 0.738767 0.332429 -0.586272 0.171328 0.748680 0.640410 0.651821 -0.573558 0.496145
3.051883 -9.882052 -192.483370 -12.798562 0.486438 0.229295 -0.843090 0.754107 0.377141 0.537668 0.441248 -0.897323 0.010542
2.659638 -9.880285 -169.284651 -12.856999 0.495946 0.248103 -0.832155 0.683313 0.479844 0.550303 0.535836 -0.841543 0.068444
4.364597 -9.880774 -213.711908 -16.788288 0.507277 0.271090 -0.818034 0.730764 0.367825 0.575055 0.456786 -0.889502 -0.011514
4.865104 -10.036375 -246.156762 14.502116 0.499707 0.252290 -0.828639 0.787621 0.265778 0.555891 0.360480 -0.930436 -0.065898
-1.461525 -27.215319 20.542048 835.258076 0.321029 0.444645 -0.836200 -0.703133 0.703399 0.104086 0.634464 0.554546 0.538456
-1.294762 -23.016936 105.127793 538.028703 0.274286 0.430632 -0.859839 -0.699075 0.703276 0.129218 0.660349 0.565650 0.493943
-0.432465 -21.636330 -128.043940 -19.299171 -0.204092 -0.494600 0.844818 0.817167 -0.561274 -0.131186 0.539059 0.663583 0.518723
-0.021562 -24.955786 216.356636 784.852670 0.211133 0.484066 -0.849178 -0.741319 0.645534 0.183664 0.637078 0.590734 0.495141
0.763307 -18.284901 -187.881950 11.376743 -0.166263 -0.521725 0.836755 0.806958 -0.559678 -0.188623 0.566723 0.643866 0.514064
0.951231 -21.047982 -101.721314 694.926443 -0.206013 -0.526756 0.824674 0.845091 -0.520645 -0.121446 0.493335 0.671905 0.552417
0.059879 -26.632273 -80.555767 758.611579 -0.192575 -0.535207 0.822477 0.911082 -0.408839 -0.052721 0.364478 0.739191 0.566350
-2.150346 -43.186878 7.262179 987.511137 -0.183349 -0.580276 0.793513 0.765138 0.422564 0.485802 -0.617209 0.696218 0.366514
-2.145111 -51.051734 31.075718 699.568748 -0.156248 -0.566581 0.809056 0.520795 0.648743 0.554892 -0.839261 0.508053 0.193708
-1.694586 -48.499488 -54.278079 1262.206912 0.152765 0.586833 -0.795166 0.678739 0.522526 0.516023 -0.718315 0.618541 0.318483
-2.163461 -46.566775 -15.615302 690.567480 -0.187946 -0.575418 0.795972 0.748389 0.440936 0.495469 -0.636074 0.688818 0.347765
-6.944442 -21.523719 -8.801315 -142.198743 0.515016 0.586982 -0.624669 0.590093 0.285791 0.755059 0.621730 -0.757480 -0.199187
-6.523509 -19.797404 -55.770459 -316.777637 0.545135 0.549893 -0.632808 0.704610 0.108477 0.701254 0.454260 -0.828161 -0.328325
-7.377175 -21.576275 22.874268 -199.255155 0.477825 0.644874 -0.596507 0.629931 0.221744 0.744323 0.612266 -0.731414 -0.300272
-6.412463 -22.228104 -90.731471 -242.774264 0.564766 0.532299 -0.630633 0.584031 0.282093 0.761138 0.583050 -0.798174 -0.151562
-7.228775 -22.487921 -15.981511 27.741172 0.485189 0.638969 -0.596918 -0.470798 -0.384360 -0.794113 0.736845 -0.666323 -0.114338
-6.893446 -22.421768 -51.182353 0.704687 0.529177 0.581914 -0.617534 -0.463620 -0.411249 -0.784813 0.710654 -0.701606 -0.052163
-1.784444 -194.780081 315.498193 11122.703634 0.469097 0.264507 -0.842606 0.677030 0.504929 0.535422 0.567078 -0.821635 0.057781
11.706184 -1059.007024 3028.008706 289727.175890 0.449597 0.235311 -0.861679 0.836356 -0.449627 0.313599 -0.313641 -0.861664 -0.398954
5.229549 -1287.173608 -1379.986324 63015.744306 0.327466 0.345018 -0.879618 0.851385 -0.511477 0.116336 -0.409767 -0.786990 -0.461235
3.232877 -6.925147 193.596303 4.193923 0.711822 0.462446 -0.528634 -0.325159 -0.450166 -0.831639 0.622561 -0.763868 0.170069
1.515360 -7.260678 15.714257 43.287426 0.697657 0.409808 -0.587649 -0.340167 -0.532409 -0.775131 0.630525 -0.740674 0.232035
2.144259 -6.769442 148.389611 44.618132 0.698227 0.469020 -0.540831 -0.303421 -0.490375 -0.816987 0.648394 -0.734542 0.200083
22.832545 -30.635902 1273.058287 -1030.926026 0.782197 0.564123 -0.264450 0.620350 -0.744527 0.246667 0.057740 0.356994 0.932320
16.903812 -23.276809 860.610771 -885.017905 0.824642 0.447489 -0.346005 0.563416 -0.704171 0.432095 0.050289 0.551268 0.832811
14.786869 -24.057048 585.777486 -516.692342 0.765180 0.538919 -0.352229 0.608143 -0.784603 0.120667 0.211331 0.306538 0.928102
14.007281 -18.763135 -69.093284 -352.873098 0.794801 0.432649 -0.425566 0.564624 -0.784245 0.257213 0.222465 0.444718 0.867603
3.350539 -10.307457 305.509586 101.734502 0.208636 0.535619 -0.818281 0.206728 0.793635 0.572195 0.955895 -0.288542 0.054853
6.185857 -8.633490 303.527458 118.254762 0.259847 0.585151 -0.768166 0.084795 0.778591 0.621776 0.961920 -0.226703 0.152697
3.438941 -9.334460 292.516934 125.729014 0.214533 0.588863 -0.779241 0.069681 0.786556 0.613575 0.974228 -0.185930 0.127710
-18.986699 -72.580021 1426.463240 -2266.673733 0.729144 0.273758 0.627220 0.679492 -0.398716 -0.615886 -0.081479 -0.875261 0.476738
-9.450314 -71.118285 -624.643601 -1934.250575 -0.678979 -0.294815 -0.672363 0.730453 -0.363172 -0.578399 -0.073662 -0.883850 0.461935
-12.804341 -568.563624 -23.872373 -46541.200631 -0.621056 -0.367317 -0.692364 0.667541 -0.710804 -0.221690 -0.410705 -0.599863 0.686648
-29.889209 -165.332935 1967.543277 -9519.212312 0.658504 0.213577 0.721635 0.602606 -0.724044 -0.335598 -0.450820 -0.655854 0.605489
-20.926034 -72.161141 1339.405311 -2482.918293 0.723071 0.141074 0.676214 0.662985 -0.416590 -0.622016 -0.193953 -0.898082 0.394754
6.008526 -4.084873 -200.817659 14.411714 -0.613686 0.789549 -0.001185 -0.496076 -0.384413 0.778547 -0.614245 -0.478371 -0.627586
4.079619 -3.163413 -221.786133 12.967824 -0.609766 0.790188 -0.061552 -0.507201 -0.329356 0.796412 -0.609043 -0.516844 -0.601614
4.386427 -3.838834 -324.014426 16.455578 -0.614928 0.781227 -0.107458 -0.544415 -0.321986 0.774556 -0.570504 -0.534798 -0.623311
5.383202 -4.478014 -253.062890 29.694663 -0.615525 0.784892 -0.071228 -0.544732 -0.358385 0.758174 -0.569557 -0.505475 -0.648151
-4.659839 -13.348234 39.008970 313.867583 -0.263816 -0.577647 0.772480 0.946211 0.000536 0.323549 -0.187311 0.816286 0.546435
-1.472902 -10.617214 -177.162377 753.584782 -0.245703 -0.543635 0.802553 0.969323 -0.143439 0.199597 0.006610 0.826974 0.562201
-3.264099 -14.270353 -106.975819 244.046598 -0.429463 -0.512873 0.743319 0.876689 -0.039224 0.479456 -0.216744 0.857568 0.466476
-0.303539 -4.723339 -125.632374 -63.329836 0.768498 -0.508484 -0.388400 0.296389 -0.255071 0.920376 0.567066 0.822425 0.045313
-0.697177 -5.159952 -108.616880 -22.604844 0.735873 -0.484837 -0.472678 0.311476 -0.377453 0.872074 0.601227 0.788963 0.126742
-0.450833 -5.526081 -19.572901 -41.414129 0.692439 -0.468173 -0.548947 0.375517 -0.415812 0.828304 0.616048 0.779689 0.112117
0.407075 -4.818236 2.148229 -77.684109 0.680007 -0.452440 -0.576965 0.464021 -0.343713 0.816423 0.567693 0.822897 0.023786
2.058868 -3.860799 -123.277116 -15.408695 0.769191 -0.511780 -0.382658 0.323906 -0.203938 0.923847 0.550845 0.834560 -0.008901
0.477119 -3.774121 -305.981931 113.559738 -0.631218 0.756565 -0.170802 0.673425 0.425352 -0.604627 -0.384789 -0.496674 -0.777980
-0.591860 -3.386826 264.812205 79.879781 0.707412 -0.701234 0.088543 0.597861 0.526843 -0.604152 -0.377003 -0.480320 -0.791935
2.743023 -2.968923 353.790664 51.504239 0.678588 -0.725178 0.116767 0.629578 0.492355 -0.601015 -0.378352 -0.481355 -0.790662
6.984086 -2.820494 448.034450 20.650999 0.643003 -0.759357 0.099615 0.640685 0.462073 -0.613197 -0.419606 -0.458110 -0.783624
3.294532 -3.793062 -440.203073 72.878663 -0.639419 0.749034 -0.173466 0.659288 0.418079 -0.624939 -0.395578 -0.513963 -0.761157
-0.030574 -8.071827 -162.507637 -170.386240 -0.127862 -0.489645 0.862496 0.813119 -0.549689 -0.191521 0.567882 0.676823 0.468424
1.076949 -7.247814 -102.042712 -195.811430 -0.228872 -0.442109 0.867270 0.791898 -0.602697 -0.098256 0.566141 0.664301 0.488046
-0.266298 -6.121831 -126.587964 -162.290556 -0.077640 -0.525234 0.847409 0.848758 -0.480747 -0.220209 0.523050 0.702148 0.483122
-1.706238 -7.262676 -101.287268 -132.943584 0.102363 -0.629547 0.770190 0.864211 -0.327136 -0.382257 0.492606 0.704736 0.510575
-1.386511 -4.901044 -20.201456 -75.527761 0.393130 -0.692918 0.604411 0.802736 -0.061917 -0.593111 0.448401 0.718352 0.531890
-0.573384 -3.502846 -99.965484 -172.604774 -0.019883 -0.563543 0.825847 0.875242 -0.409082 -0.258078 0.483277 0.717685 0.501370
-0.637124 -17.088423 7.293084 -182.707893 -0.469884 -0.510024 0.720475 0.807399 0.081596 0.584336 -0.356813 0.856281 0.373452
-0.172022 -15.455689 14.313838 -247.926241 -0.456210 -0.518834 0.722969 0.717039 0.266814 0.643946 -0.526999 0.812171 0.250300
-0.386187 -17.900186 16.254213 -185.261019 -0.483016 -0.520863 0.703845 0.806583 0.048156 0.589156 -0.340764 0.852281 0.396859
3.774178 -28.285358 -120.868886 -711.956286 0.767573 0.316571 -0.557328 -0.476167 -0.300428 -0.826443 0.429065 -0.899736 0.079859
4.440195 -29.778492 -104.144926 -249.592142 0.769410 0.320883 -0.552306 -0.559672 -0.078068 -0.825029 0.307855 -0.943896 -0.119523
1.832223 -29.051506 -155.949266 -672.376191 0.765217 0.255150 -0.591051 -0.524655 -0.284880 -0.802235 0.373068 -0.923982 0.084129
1.173751 -24.674216 -169.065009 -731.422161 0.774017 0.259777 -0.577420 -0.422839 -0.466717 -0.776777 0.471280 -0.845394 0.251403
-0.859441 -24.737995 -168.025395 -746.619192 0.754821 0.227987 -0.615034 -0.462364 -0.480149 -0.745437 0.465258 -0.847042 0.257013
-0.451323 -29.338919 -178.796368 -635.600259 0.746931 0.216818 -0.628557 -0.563043 -0.296571 -0.771381 0.353661 -0.930073 0.099441
4.364549 -18.929711 -17.109227 340.423051 0.708691 0.462474 -0.532800 0.188066 0.604031 0.774453 0.679992 -0.649049 0.341096
4.291051 -16.182227 -50.803409 203.314363 0.721916 0.469397 -0.508432 0.051028 0.696637 0.715607 0.690096 -0.542553 0.478961
4.015907 -18.837984 39.884294 431.736773 0.659084 0.519447 -0.543859 0.111834 0.647418 0.753886 0.743708 -0.557696 0.368611
-3.434064 -9.523700 76.597745 6.773178 -0.500460 0.591435 0.632253 0.650555 0.738756 -0.176116 -0.571242 0.323177 -0.754479
-3.959033 -9.732510 8.003344 -14.970799 -0.520849 0.615705 0.591290 0.646810 0.736677 -0.197341 -0.557093 0.279668 -0.781942
-3.264109 -9.228922 74.939382 -0.489669 -0.508664 0.587304 0.629551 0.591083 0.769881 -0.240634 -0.626005 0.249715 -0.738756
-2.953782 -9.192514 125.307481 69.831753 -0.509195 0.533867 0.675060 0.590849 0.787161 -0.176847 -0.625794 0.308809 -0.716254
-2.796825 -9.240960 92.653554 21.314787 -0.500975 0.554864 0.664191 0.540031 0.800122 -0.261096 -0.676307 0.227881 -0.700485
-3.078080 -8.872389 59.956933 -111.247762 -0.499324 0.610956 0.614336 0.536115 0.774882 -0.334872 -0.680629 0.162145 -0.714460
2.470710 -2.164509 178.974388 -182.120862 0.111994 0.507464 -0.854364 -0.615790 0.710233 0.341134 0.779910 0.487904 0.392033
4.116798 -1.540875 112.769673 -227.679471 0.083079 0.615146 -0.784024 -0.625350 0.644740 0.439599 0.775909 0.453768 0.438246
3.693114 -4.231047 241.442806 -154.032128 0.091327 0.538735 -0.837510 -0.660272 0.662335 0.354052 0.745453 0.520651 0.416201
0.159307 -22.437199 139.198239 69.749931 -0.480627 -0.426057 0.766468 0.828070 0.067160 0.556588 -0.288614 0.902200 0.320526
-1.689182 -21.913316 192.761004 22.018458 -0.499585 -0.430117 0.751941 0.810887 0.073183 0.580609 -0.304759 0.899802 0.312215
-0.554606 -22.451565 180.003637 38.182482 -0.456290 -0.430935 0.778521 0.769437 0.248378 0.588451 -0.446952 0.867527 0.218245
-1.038917 -21.629269 172.920532 -17.025362 -0.513738 -0.432065 0.741210 0.845253 -0.106825 0.523580 -0.147041 0.895493 0.420084
1.074127 -23.589139 72.728905 93.469684 -0.457070 -0.388317 0.800186 0.786037 0.244645 0.567710 -0.416212 0.888459 0.193412
1.762545 -23.049339 105.001901 193.671288 -0.461219 -0.410175 0.786787 0.848232 0.056357 0.526618 -0.260346 0.910264 0.321931
0.844090 -21.574530 133.676398 28.989127 -0.488999 -0.429367 0.759291 0.862658 -0.109081 0.493886 -0.129234 0.896518 0.423737
1.544961 -8.108070 513.736667 -190.980470 0.320099 0.892588 -0.317526 -0.326242 0.418516 0.847591 -0.889440 0.167722 -0.425166
5.544490 -8.797134 785.414728 -92.989828 0.363085 0.868267 -0.338056 -0.196440 0.425993 0.883143 -0.910813 0.254248 -0.325234
5.035130 -8.344591 279.538140 -50.968849 0.184089 0.963849 -0.192632 -0.294901 0.241113 0.924607 -0.937627 0.113402 -0.328626
2.283551 -8.017956 99.782136 -236.021237 0.161142 0.962357 -0.218867 -0.410496 0.267028 0.871888 -0.897511 0.050654 -0.438073
6.718821 -7.952406 -212.531617 -149.510219 0.056774 0.986146 -0.155864 -0.395643 0.165557 0.903359 -0.916648 -0.010379 -0.399561
6.526126 -7.283376 -193.190388 124.179825 -0.085299 0.990449 0.108326 -0.308231 -0.129620 0.942440 -0.947480 -0.047000 -0.316343
-1.584468 -32.502765 -39.472709 -158.518407 -0.320684 -0.075256 0.944192 0.295374 0.939184 0.175177 -0.899953 0.335067 -0.278953
-0.674903 -31.935463 -7.830545 282.000420 -0.293587 -0.023738 0.955638 0.087144 0.994864 0.051484 -0.951952 0.098393 -0.290011
-1.390321 -32.479186 -53.549728 -121.924157 -0.295838 -0.037269 0.954511 -0.052109 0.998380 0.022832 -0.953816 -0.042984 -0.297301
-2.025536 -31.163119 -100.688486 -25.328155 -0.315794 -0.048696 0.947578 0.115496 0.989283 0.089330 -0.941772 0.137652 -0.306785
-3.797486 -9.514172 -48.916302 -32.850168 -0.675118 -0.506971 0.535907 -0.547294 0.831306 0.096956 -0.494656 -0.227841 -0.838692
-3.726090 -9.415003 -33.479979 87.576316 -0.614442 -0.596277 0.516638 -0.561420 0.790529 0.244686 -0.554318 -0.139706 -0.820496
-3.514295 -8.902159 -34.341450 13.074487 -0.668003 -0.546544 0.505037 -0.556576 0.817429 0.148436 -0.493958 -0.181936 -0.850238
-3.699368 -8.478836 -23.021994 -121.620680 -0.749435 -0.425223 0.507476 -0.503898 0.863518 -0.020593 -0.429458 -0.271150 -0.861420
-3.979912 -8.797058 -61.669951 -235.135285 -0.716776 -0.424067 0.553534 -0.543515 0.837068 -0.062518 -0.436834 -0.345666 -0.830477
1.628291 -27.911538 -91.317519 50.099239 0.420955 0.537793 -0.730463 0.517524 0.518968 0.680324 -0.744960 0.664418 0.059858
2.471650 -29.492621 108.035050 498.669299 -0.427764 -0.496409 0.755379 0.565899 0.504570 0.652049 -0.704824 0.706391 0.065081
2.350616 -30.157578 120.106144 -511.195519 -0.418626 -0.556798 0.717445 0.637441 0.382541 0.668828 -0.646855 0.737318 0.194784
1.141871 -29.574388 82.503006 -590.500873 -0.423097 -0.580554 0.695662 0.618193 0.376360 0.690066 -0.662440 0.722018 0.199658
3.168962 -37.230870 116.172911 -1532.198619 -0.434896 -0.559562 0.705518 0.734600 0.232671 0.637360 -0.520796 0.795458 0.309866
1.697540 -36.078043 77.359888 -1255.984784 -0.442322 -0.577857 0.685881 0.733349 0.207206 0.647507 -0.516285 0.789396 0.332119
0.692740 -16.744734 36.256776 -158.805478 0.189916 0.375112 0.907316 0.856738 -0.514665 0.033449 0.479512 0.770980 -0.419116
0.806938 -38.314236 243.740999 -1762.579615 0.279691 0.230360 0.932045 0.722914 -0.689368 -0.046553 0.631798 0.686808 -0.359341
0.666823 -21.906019 64.839631 -403.270617 0.188046 0.349752 0.917776 0.871872 -0.489668 0.007965 0.452192 0.798686 -0.397019
3.438748 -25.780433 186.938836 -1686.655118 -0.563053 -0.389358 -0.728952 0.714840 -0.672077 -0.193174 -0.414699 -0.629851 0.656744
3.299885 -15.558576 154.526770 -752.323918 -0.599962 -0.389838 -0.698621 0.648242 -0.748651 -0.138941 -0.468859 -0.536235 0.701871
4.438707 -22.539784 52.929208 -892.193167 -0.568261 -0.485142 -0.664618 0.741843 -0.651522 -0.158707 -0.356018 -0.583229 0.730134
-11.913369 -20.600462 -0.110955 565.408700 0.438524 0.757907 -0.482984 0.432395 -0.649052 -0.625912 0.787865 -0.065638 0.612340
-8.085803 -17.859303 -528.588881 -168.865842 0.637651 0.658514 -0.399701 -0.423855 0.733194 0.531764 0.643232 -0.169664 0.746637
-4.911836 -18.101426 -468.017382 -632.652891 0.662463 0.635160 -0.397132 -0.234397 0.679289 0.695431 0.711478 -0.367611 0.598883
-10.296612 -15.285291 -55.198177 14.031921 0.760252 0.597042 -0.256043 -0.619194 0.546753 -0.563613 0.196508 -0.587028 -0.785355
-11.080262 -14.730214 -96.378866 -59.828509 0.749474 0.642635 -0.159087 -0.538970 0.452733 -0.710313 0.384448 -0.618105 -0.685672
-12.356576 -14.545537 -101.028145 -48.216372 0.705727 0.707943 -0.027697 -0.495763 0.465528 -0.733146 0.506131 -0.531132 -0.679507
0.580707 -18.945624 -392.057158 -240.652033 0.553791 0.123565 -0.823436 0.570462 -0.776676 0.267109 -0.606538 -0.617661 -0.500606
1.948816 -18.570014 434.457849 81.973460 -0.510684 -0.195899 0.837153 -0.525761 0.841576 -0.123794 -0.680277 -0.503362 -0.532775
-0.856932 -17.204825 306.491780 50.367001 -0.533385 -0.197392 0.822519 -0.500897 0.857275 -0.119087 -0.681617 -0.475517 -0.556131
5.270094 -20.516262 364.587524 289.448928 -0.542124 -0.199946 0.816164 -0.579749 0.792082 -0.191043 -0.608270 -0.576739 -0.545325
4.116006 -7.010331 69.897382 -209.872797 -0.243617 0.950832 -0.191232 -0.108456 -0.222644 -0.968848 0.963788 0.215287 -0.157363
3.142561 -9.264658 192.787134 -290.598688 -0.299853 0.928942 -0.217151 -0.105824 -0.258609 -0.960168 0.948098 0.264930 -0.175849
4.221769 -11.112652 129.031024 -383.880009 -0.276181 0.906210 -0.320169 -0.169620 -0.373854 -0.911846 0.946020 0.197527 -0.256962
3.964672 -5.849725 127.844598 -123.794833 -0.258724 0.965790 0.017655 -0.071172 -0.000832 -0.997464 0.963326 0.259325 -0.068952
4.274171 -4.631013 -100.563024 -85.876310 -0.167826 0.985488 -0.025446 -0.086052 -0.040358 -0.995473 0.982054 0.164877 -0.091576
-2.970914 -12.134595 -333.792763 -13.664239 0.451023 0.312952 -0.835846 0.889226 -0.077280 0.450893 0.076514 -0.946620 -0.313140
-4.962380 -12.097936 -82.797070 19.284659 0.408872 0.370265 -0.834103 0.886358 0.056450 0.459546 0.217239 -0.927209 -0.305106
-3.365911 -11.988992 -341.164941 6.190076 0.447442 0.312269 -0.838024 0.871813 0.056569 0.486562 0.199345 -0.948308 -0.246929
-0.787498 -19.215104 -23.869790 49.873015 0.504424 0.341527 -0.793042 -0.493971 0.867449 0.059374 0.708201 0.361790 0.606267
-0.913788 -18.579248 -12.200167 64.337573 0.463211 0.367409 -0.806502 -0.643498 0.765159 -0.021016 0.609381 0.528717 0.590858
-1.342685 -19.200482 -12.463292 74.886380 0.458634 0.358119 -0.813268 -0.484383 0.868030 0.109071 0.745002 0.343910 0.571575
-6.158675 -36.136897 -189.487451 -941.887587 0.574946 0.677274 -0.459062 -0.424459 0.726561 0.540319 0.699480 -0.115801 0.705208
-4.569632 -32.522673 -161.174360 1541.352082 0.582068 0.659184 -0.476102 0.115714 -0.646701 -0.753915 0.804864 -0.383738 0.452701
-4.805759 -27.533436 10.260026 -1287.241896 0.544451 0.573440 -0.612160 0.052644 0.705011 0.707239 0.837139 -0.417284 0.353656
0.991308 -9.863224 85.108580 33.338950 -0.174221 -0.499902 0.848378 0.968295 0.069667 0.239897 -0.179029 0.863276 0.471915
1.522281 -9.879682 50.878455 7.865281 -0.181239 -0.463863 0.867170 0.964525 0.088262 0.248799 -0.191947 0.881499 0.431411
0.786349 -10.343931 40.037911 -65.941403 -0.237917 -0.470940 0.849477 0.969961 -0.069549 0.233105 -0.050699 0.879419 0.473341
0.644585 -9.507697 30.910466 41.175366 -0.205391 -0.489613 0.847404 0.973345 -0.011910 0.229035 -0.102046 0.871859 0.479008
0.247277 -9.935029 32.640777 61.322050 -0.213427 -0.492159 0.843936 0.949495 0.098888 0.297791 -0.230016 0.864870 0.446197
4.058721 -12.194157 -151.461528 55.748383 -0.336088 -0.545572 0.767722 0.919405 -0.013228 0.393090 -0.204304 0.837960 0.506047
4.363178 -11.408325 -182.223731 123.521789 -0.282304 -0.543293 0.790656 0.957582 -0.109923 0.266372 -0.057807 0.832316 0.551279
1.398619 -9.808376 -106.045313 1.257857 0.469489 0.217116 -0.855827 0.703217 0.494186 0.511141 0.533915 -0.841808 0.079335
1.155216 -9.617482 -81.788934 25.286554 0.483650 0.242077 -0.841119 0.615830 0.588765 0.523555 0.621962 -0.771204 0.135678
2.225337 -9.797694 -123.854146 8.110039 0.503480 0.271845 -0.820127 0.599546 0.573566 0.558182 0.622136 -0.772737 0.125795
-1.871662 -35.946131 7.468244 1826.865763 0.332634 0.437802 -0.835275 -0.585701 0.790088 0.180873 0.739127 0.429057 0.519231
-1.710487 -38.936132 47.802618 1946.087079 0.300652 0.426850 -0.852882 -0.600566 0.779424 0.178379 0.740897 0.458582 0.490687
-1.877032 -52.940074 78.801687 745.881562 -0.131905 -0.562370 0.816297 0.370165 0.735976 0.566849 -0.919554 0.376935 0.111091
-2.542521 -48.514931 -30.903278 277.220415 -0.185622 -0.560088 0.807370 0.483609 0.663176 0.571244 -0.855375 0.496487 0.147764
-5.543895 -20.413804 -119.565376 -344.181844 0.577386 0.464733 -0.671304 0.699058 0.143410 0.700537 0.421834 -0.873760 -0.242072
-5.606088 -17.881347 -157.065837 -234.672087 0.579444 0.458244 -0.673987 0.749734 0.024586 0.661282 0.319599 -0.888487 -0.329315
-6.377931 -17.317138 -91.144831 -245.247876 0.566790 0.511674 -0.645708 0.763433 -0.031565 0.645115 0.309707 -0.858599 -0.408520
-12.508628 -1117.899104 1083.765075 -318381.662019 0.552929 0.100696 -0.827121 0.833028 -0.045046 0.551394 0.018265 -0.993897 -0.108790
1.467763 -565.989720 -2318.172278 36043.638879 -0.478866 -0.219854 0.849913 -0.221521 0.967066 0.125348 -0.849480 -0.128248 -0.511797
-1.581644 -2.044295 21.628692 19.203619 -0.515236 0.852599 -0.087218 0.317782 0.095540 -0.943338 0.795956 0.513758 0.320166
-0.634996 -2.194657 100.591339 20.262121 0.230260 0.145380 -0.962208 -0.543391 0.839473 -0.003200 0.807283 0.523592 0.272296
-1.186462 -2.481230 -61.066873 -50.979595 0.601290 -0.538704 -0.590126 -0.126469 0.665078 -0.735987 0.788959 0.517174 0.331775
-0.509293 -2.305163 52.740799 -48.460625 -0.612892 0.745699 0.261335 0.158146 0.439805 -0.884059 0.774179 0.500504 0.387483
2.055106 -516.690268 825.505383 -36680.700405 -0.625867 -0.354109 -0.694908 0.665009 -0.707812 -0.238254 -0.407497 -0.611235 0.678482
0.168460 -13.683177 -449.136856 735.506903 -0.492793 -0.439670 0.750896 0.870142 -0.251746 0.423647 0.002770 0.862156 0.506635
3.032196 -7.633185 -433.230298 925.390267 -0.334553 -0.494754 0.802055 0.930540 -0.307908 0.198211 0.148893 0.812657 0.563400
-0.499954 -4.872986 -36.001063 23.824071 0.651357 -0.401628 -0.643761 0.414748 -0.522010 0.745312 0.635388 0.752463 0.173441
-0.046731 -4.393690 -32.267320 -53.436034 0.721648 -0.482949 -0.495969 0.335465 -0.382737 0.860800 0.605547 0.787574 0.114189
-0.638238 -4.000593 82.838982 -39.791333 0.637250 -0.412880 -0.650724 0.440680 -0.497481 0.747204 0.632229 0.762917 0.135072
0.390194 -3.371520 -47.440922 -14.672259 0.774308 -0.553969 -0.305886 0.190658 -0.256692 0.947501 0.603405 0.791977 0.093140
-2.938210 -4.386872 -263.454255 92.494472 -0.567436 0.798814 -0.199784 0.710232 0.352046 -0.609618 -0.416638 -0.487812 -0.767106
-3.151087 -3.896713 218.188351 -74.275150 0.909869 -0.343365 -0.232891 0.163001 0.812025 -0.560398 -0.381534 -0.471927 -0.794806
1.555440 -9.102533 117.138021 153.768066 0.267827 0.407328 -0.873128 -0.729196 0.678007 0.092625 0.629716 0.611874 0.478611
2.239065 -7.608674 -4.073383 -189.883490 -0.359044 -0.399883 0.843315 0.737345 -0.675486 -0.006375 0.572197 0.619526 0.537381
2.662846 -12.121575 -96.046254 8.976056 -0.399224 -0.315554 0.860840 -0.343769 0.921929 0.178521 -0.849967 -0.224660 -0.476534
1.159389 -12.659572 -81.944731 14.949670 -0.422437 -0.340604 0.839962 -0.337087 0.919276 0.203236 -0.841379 -0.197285 -0.503149
2.028662 -12.186540 -76.978500 0.545617 -0.393276 -0.337309 0.855311 -0.198698 0.939469 0.279136 -0.897693 -0.060171 -0.436493
1.602100 -12.832132 -101.339889 27.843588 -0.437910 -0.305710 0.845444 -0.461351 0.883556 0.080528 -0.771615 -0.354782 -0.527957
3.579980 -12.260035 -131.109456 41.457982 -0.412551 -0.281531 0.866338 -0.466960 0.881943 0.064235 -0.782145 -0.378045 -0.495310
5.241802 -28.607768 -51.815580 -202.776825 0.756038 0.392911 -0.523476 -0.509513 -0.148736 -0.847511 0.410856 -0.907468 -0.087743
5.106634 -28.374359 -0.015438 402.469790 0.759560 0.395287 -0.516543 -0.586634 0.073308 -0.806527 0.280943 -0.915628 -0.287571
4.567898 -29.357364 -53.999681 524.794858 0.771035 0.320648 -0.550173 -0.616297 0.158312 -0.771437 0.160260 -0.933875 -0.319678
-1.422773 -19.979917 -40.765763 623.065986 0.658913 0.363503 -0.658559 0.054734 0.849998 0.523934 0.750225 -0.381273 0.540179
-1.860392 -24.306053 -47.791029 476.070048 0.653431 0.354293 -0.668958 0.239164 0.741823 0.626497 0.718212 -0.569364 0.399996
-1.765045 -19.225918 -23.375292 584.902699 0.638525 0.411963 -0.650055 0.022235 0.834438 0.550654 0.769279 -0.366060 0.523650
-0.996511 -25.218326 -39.901551 524.377217 0.666532 0.322733 -0.671996 0.258243 0.745657 0.614253 0.699318 -0.582958 0.413660
-1.314777 -15.242776 -26.255550 420.751870 0.640268 0.429955 -0.636549 -0.133119 0.878244 0.459311 0.756529 -0.209346 0.619547
-1.026335 -15.835118 -36.375359 427.176815 0.660638 0.381938 -0.646282 -0.094398 0.896332 0.433217 0.744746 -0.225192 0.628205
-0.750540 -20.852194 -35.856274 658.647938 0.672110 0.329796 -0.662950 0.085411 0.854825 0.511839 0.735508 -0.400635 0.546369
-3.925959 -10.063086 10.352337 -61.242911 -0.472850 0.655930 0.588361 0.730028 0.665545 -0.155273 -0.493429 0.356099 -0.793550
-4.343781 -10.297813 0.813442 -37.408376 -0.512671 0.655907 0.554035 0.712261 0.685228 -0.152139 -0.479429 0.316620 -0.818474
-4.336766 -9.547244 22.350811 -69.498109 -0.522325 0.650817 0.551011 0.648933 0.722565 -0.238295 -0.553228 0.233102 -0.799751
-7.773084 -8.558940 48.439395 106.414703 0.671998 -0.610627 -0.418991 0.077187 0.620452 -0.780437 0.736519 0.492111 0.464075
-5.443292 -7.567496 176.436768 83.059541 0.547649 -0.250459 -0.798342 -0.329231 0.812673 -0.480802 0.769212 0.526150 0.362601
-7.125738 -7.607754 172.545088 51.789144 0.645401 -0.364160 -0.671450 -0.225630 0.748927 -0.623056 0.729759 0.553620 0.401193
-2.865578 -21.503384 154.409337 -50.876495 -0.552080 -0.398846 0.732209 0.819808 -0.099504 0.563928 -0.152063 0.911604 0.381911
1.522189 -10.578652 -342.277788 -163.142807 -0.375927 -0.660452 0.649986 0.005684 0.699781 0.714335 -0.926632 0.272232 -0.259312
13.700892 -7.945931 1606.834765 70.642514 0.432852 0.834176 -0.341745 -0.063730 0.406468 0.911440 -0.899210 0.372739 -0.229102
-0.691761 -9.050666 281.371410 -232.721154 0.381120 0.703248 -0.600158 -0.152296 0.688040 0.709512 -0.911896 0.179008 -0.369327
-0.288562 -31.453899 3.279428 830.622142 -0.306021 -0.008390 0.951988 0.296262 0.949471 0.103602 -0.904754 0.313742 -0.288073
-0.350662 -33.929262 55.197910 415.670267 -0.276164 0.004182 0.961101 -0.087162 0.995761 -0.029378 -0.957150 -0.091884 -0.274629
-0.886336 -26.790338 -44.858607 575.242260 -0.314061 -0.018737 0.949218 0.369743 0.918455 0.140464 -0.874446 0.395081 -0.281523
18.694349 -49.828478 1545.370495 5258.705106 0.673196 0.084391 -0.734633 -0.666453 -0.361196 -0.652210 0.320387 -0.928663 0.186913
3.538058 -4.037567 732.117662 160.798932 0.753623 0.232910 -0.614659 -0.483698 -0.436672 -0.758521 0.445072 -0.868948 0.216427
4.825958 -4.879640 162.672130 223.491065 0.881594 0.176859 -0.437622 -0.353758 -0.366230 -0.860657 0.312485 -0.913562 0.260301
-0.239081 -25.840405 50.661611 2362.288918 0.583460 0.055028 -0.810275 0.645905 0.573368 0.504040 0.492322 -0.817448 0.298995
-124.087915 -3969.661848 -7215.362322 -1699879.649129 -0.413302 -0.379511 0.827740 0.763045 -0.640412 0.087376 0.496934 0.667715 0.554267
-224.698727 -598.286486 15907.672661 93933.894270 0.303791 0.445067 -0.842393 0.065860 0.872255 0.484596 0.950460 -0.202696 0.235671
-52.288828 -1022.644497 -3551.891760 181161.943558 -0.220288 -0.399899 0.889693 0.959930 0.073104 0.270538 -0.173228 0.913639 0.367771
-56.369764 -303.615541 4005.119374 -7054.239754 0.262548 0.350986 -0.898820 0.754147 -0.655731 -0.035772 -0.601940 -0.668450 -0.436855
-321.642295 -1734.162541 -19205.534096 116189.622749 -0.106804 -0.423589 0.899536 0.672510 0.635592 0.379147 -0.732341 0.645442 0.216985
-3.904390 -8.464924 14.758663 106.059433 -0.630013 -0.613624 0.475973 -0.560778 0.783467 0.267781 -0.537226 -0.098210 -0.837701
-1.122267 -23.966151 28.629404 10.811215 -0.449063 -0.516226 0.729282 0.167925 0.752903 0.636348 -0.877578 0.408225 -0.251414
-0.643503 -25.306767 13.771729 87.704454 -0.440862 -0.527416 0.726273 0.170762 0.745089 0.644735 -0.881181 0.408259 -0.238419
-1.081645 -23.220153 29.782826 116.760327 -0.452345 -0.537118 0.711961 0.339837 0.634266 0.694419 -0.824557 0.556068 -0.104375
1.798092 -27.946356 59.507005 180.935748 -0.440122 -0.475954 0.761420 0.384183 0.666621 0.638765 -0.811601 0.573659 -0.110541
2.515436 -29.600545 29.710666 458.230582 -0.462397 -0.420306 0.780725 0.421028 0.670833 0.610506 -0.780336 0.611004 -0.133231
-18.738460 -145.692339 -83.610890 9659.833493 0.575790 0.226875 0.785489 0.680530 -0.665470 -0.306641 0.453150 0.711110 -0.537566
-3.604945 -42.751602 -96.034980 2263.000233 0.365532 0.453481 0.812860 0.881311 -0.449577 -0.145502 0.299461 0.769568 -0.563993
-27.018280 -101.310085 303.502513 5668.095022 0.679986 0.276870 0.678942 0.685208 -0.569530 -0.454010 0.260976 0.773937 -0.576986
-15.041283 -18.050867 456.687527 -48.877677 0.461765 0.549777 -0.696074 -0.436639 0.823971 0.361134 0.772088 0.137174 0.620535
-10.309045 -16.979394 -187.272845 -266.811528 0.480451 0.244583 -0.842227 -0.110817 0.969559 0.218344 0.869992 -0.011570 0.492930
-10.621490 -18.176652 -188.472951 -62.408189 0.474096 0.300490 -0.827610 -0.290270 0.940754 0.175289 0.831250 0.157126 0.533231
-12.825502 -18.396364 174.045924 0.499704 0.498170 0.365364 -0.786343 -0.398800 0.901820 0.166369 0.769926 0.230714 0.594967
-9.668560 -15.322744 -34.418842 55.489540 0.755913 0.548919 -0.356769 -0.654665 0.636504 -0.407770 -0.003252 -0.541802 -0.840500
-9.690601 -14.742828 -45.003579 52.522623 0.742337 0.568843 -0.354054 -0.662655 0.701468 -0.262357 -0.099118 -0.429373 -0.897672
1.762212 -17.160101 432.483102 -34.590480 -0.465377 -0.268567 0.843384 -0.448418 0.893060 0.036950 -0.763116 -0.360993 -0.536039
5.208772 -19.875622 459.329892 28.882033 -0.502616 -0.239019 0.830811 -0.512543 0.856294 -0.063723 -0.696187 -0.457855 -0.552895
3.330973 -14.411844 144.438479 -446.845703 -0.304774 0.883203 -0.356462 -0.207557 -0.426863 -0.880175 0.929534 0.194268 -0.313412
1.652678 -15.535095 229.544138 -456.593297 -0.344172 0.870108 -0.352786 -0.190849 -0.432730 -0.881091 0.919305 0.235917 -0.314993
2.902909 -7.381556 294.030520 -134.764367 -0.302584 0.952800 0.024806 -0.062451 0.006151 -0.998029 0.951074 0.303537 -0.057642
0.822139 -11.591656 244.895329 -359.280134 -0.324865 0.912635 -0.248113 -0.088256 -0.290452 -0.952811 0.941633 0.287638 -0.174903
-1.721228 -10.023044 -573.894039 11.320469 0.515662 0.297435 -0.803508 0.529615 0.626530 0.571811 0.673498 -0.720411 0.165552
1.345718 -10.551673 -630.380314 17.483594 0.506907 0.287503 -0.812642 0.607362 0.549851 0.573389 0.611683 -0.784223 0.104105
-2.568630 -10.441853 -569.504506 30.297302 0.492940 0.286578 -0.821513 0.625913 0.539047 0.563615 0.604353 -0.792024 0.086344
-0.693632 -19.690186 -20.529482 47.168275 0.520640 0.323354 -0.790174 -0.307167 0.934475 0.180015 0.796607 0.148993 0.585849
-0.857653 -19.615340 -17.492882 -12.882145 0.518860 0.310291 -0.796558 -0.082981 0.945681 0.314329 0.850822 -0.096994 0.516424
-7.412432 -39.320027 11.757722 527.464691 0.487359 0.621042 -0.613831 -0.752559 0.655264 0.065458 0.442874 0.430043 0.786719
-7.044968 -36.945285 -224.132697 -714.077655 -0.400245 -0.530515 0.747233 0.841123 -0.536327 0.069758 0.363753 0.656435 0.660890
1.023683 -10.822339 5.655157 -128.927216 -0.257219 -0.436522 0.862141 0.962016 -0.031241 0.271199 -0.091450 0.899151 0.427977
1.812586 -10.173661 -5.932442 -15.763743 -0.207006 -0.426847 0.880312 0.951740 0.120534 0.282246 -0.226583 0.896255 0.381296
2.673815 -10.875422 -89.362994 79.707243 -0.294980 -0.523246 0.799500 0.950192 -0.072538 0.303106 -0.100605 0.849089 0.518581
2.714617 -10.026980 -127.182157 89.432148 -0.235068 -0.513382 0.825337 0.971050 -0.161157 0.176325 0.042487 0.842892 0.536403
4.353821 -10.663229 -185.857245 108.157532 -0.213877 -0.543918 0.811425 0.972940 -0.192958 0.127105 0.087436 0.816652 0.570468
0.265087 -8.439888 88.729964 -40.709413 0.465524 0.005648 -0.885017 0.112280 0.991523 0.065388 0.877884 -0.129810 0.460944
0.419730 -8.017656 89.567022 -66.642478 0.473864 0.093358 -0.875635 0.140308 0.973657 0.179739 0.869348 -0.208030 0.448282
2.278425 -8.698668 217.699927 -10.606645 0.458465 0.102734 -0.882754 0.030878 0.990855 0.131351 0.888176 -0.087477 0.451101
-0.681952 -7.702978 -0.140417 -92.611396 0.482726 0.013261 -0.875671 0.189237 0.974684 0.119080 0.855082 -0.223192 0.467996
1.741745 -8.699386 175.060028 19.104355 0.452847 0.022945 -0.891293 -0.011027 0.999736 0.020134 0.891520 0.000711 0.452980
-0.213720 -7.963515 51.975192 -63.288784 0.477392 -0.018004 -0.878506 0.137030 0.989083 0.054194 0.867940 -0.146254 0.474647
3.365035 -10.082726 -198.192696 12.035513 0.474519 0.216008 -0.853330 0.809890 0.272630 0.519375 0.344833 -0.937557 -0.045574
1.651146 -9.885254 -101.908158 -11.634454 0.453666 0.203058 -0.867730 0.776326 0.388087 0.496695 0.437612 -0.898975 0.018423
5.045261 -10.279867 -245.387208 35.240779 0.486790 0.235586 -0.841151 0.834500 0.159167 0.527519 0.258159 -0.958731 -0.119115
