12316
24615
-4.378211 -5.954487 -3.904520 35.444909 -0.403293 -0.102167 -0.909350 0.743783 -0.615479 -0.260715 -0.533049 -0.781503 0.324208
-4.585656 -6.449225 9.042406 78.410403 0.085346 -0.316908 -0.944609 0.857709 -0.459064 0.231507 -0.507002 -0.829958 0.232635
-3.674090 -5.011212 -5.620677 44.829890 -0.486811 0.004846 -0.873494 0.753944 -0.502656 -0.422972 -0.441116 -0.864473 0.241045
-3.350706 -4.527979 4.583865 49.164499 -0.324685 -0.034277 -0.945201 0.867779 -0.408302 -0.283282 -0.376217 -0.912203 0.162315
-3.403975 -5.067422 -3.360972 31.653112 0.692591 -0.064963 0.718399 0.583286 -0.535495 -0.610755 -0.424376 -0.842036 0.332987
-2.958029 -4.325193 3.163816 30.573278 0.801622 -0.156730 0.576920 0.481180 -0.403535 -0.778219 -0.354778 -0.901440 0.248068
-4.102774 -19.350423 37.073535 -533.228616 -0.454640 0.182390 -0.871801 0.864486 -0.145251 -0.481213 -0.214398 -0.972438 -0.091637
-4.200356 -21.489604 20.929422 -573.772642 -0.409274 0.167159 -0.896969 0.899014 -0.093968 -0.427719 -0.155784 -0.981442 -0.111820
-12.096433 -36.971263 92.360397 -1105.316582 -0.214899 0.276220 -0.936761 0.926290 -0.246344 -0.285135 -0.309525 -0.928987 -0.202920
-1.779088 -3.184714 2.074617 6.856368 0.076065 0.311450 -0.947213 -0.714158 0.679961 0.166226 0.695839 0.663816 0.274146
-1.684108 -2.934917 2.340088 -10.166226 -0.386377 -0.083285 0.918573 0.671865 -0.707731 0.218436 0.631910 0.701556 0.329407
-2.010073 -3.158100 2.347901 1.193482 0.282761 0.163953 -0.945074 -0.655409 0.752423 -0.065563 0.700347 0.637949 0.320212
-2.231205 -3.097650 10.515705 -4.410148 0.126970 0.291361 -0.948149 -0.636521 0.757044 0.147396 0.760736 0.584802 0.281579
-2.282866 -3.114528 -4.415790 -0.906476 0.375844 0.061894 -0.924614 -0.548774 0.818863 -0.168255 0.746718 0.570642 0.341731
-0.549912 -2.590588 17.502324 -31.201670 -0.184947 0.184813 -0.965214 0.764275 -0.590381 -0.259487 -0.617801 -0.785681 -0.032059
-0.687621 -3.293126 40.450515 -9.829103 -0.105231 0.196767 -0.974787 0.878876 -0.440245 -0.183743 -0.465299 -0.876052 -0.126606
-1.114633 -3.301114 24.920216 -34.246176 -0.168907 0.178710 -0.969295 0.793413 -0.558817 -0.241288 -0.584779 -0.809806 -0.047403
-0.719879 -2.322517 9.443797 -61.169736 -0.236108 0.191502 -0.952670 0.688045 -0.659353 -0.303065 -0.686183 -0.727035 0.023917
-0.867917 -2.795381 -1.616835 -63.141779 -0.236746 0.142286 -0.961096 0.722275 -0.635851 -0.272053 -0.649823 -0.758583 0.047766
-1.207437 -3.849235 -5.195157 -27.374746 -0.185333 0.093902 -0.978179 0.827939 -0.521255 -0.206906 -0.529310 -0.848219 0.018860
-0.184815 -4.309759 8.542989 -7.588864 -0.386545 -0.183997 -0.903730 0.158070 0.952180 -0.261471 0.908623 -0.243923 -0.338976
-0.321043 -4.350139 7.263673 -23.797542 -0.371072 -0.145783 -0.917089 0.309317 0.911795 -0.270098 0.875573 -0.383897 -0.293249
-0.093730 -4.568430 6.374663 -3.040510 -0.382543 -0.135960 -0.913880 0.190844 0.956156 -0.222135 0.904013 -0.259384 -0.339823
-0.585824 -4.249190 6.544626 -37.513597 -0.372699 -0.204933 -0.905040 0.320884 0.886679 -0.332917 0.870706 -0.414490 -0.264705
0.074994 -4.523732 5.012989 7.582363 -0.382901 -0.170976 -0.907829 0.033594 0.979496 -0.198642 0.923178 -0.106558 -0.369307
-0.089605 -4.659750 6.777973 14.159011 -0.382936 -0.233031 -0.893900 -0.013406 0.968960 -0.246855 0.923678 -0.082546 -0.374174
-0.383739 -4.278253 10.374662 -10.220163 -0.386575 -0.237264 -0.891216 0.146654 0.938231 -0.313393 0.910523 -0.251851 -0.327901
0.591159 -7.311738 -1.240557 5.940868 0.289147 0.136851 0.947452 0.957155 -0.057605 -0.283788 0.015741 0.988915 -0.147644
0.469083 -8.016959 3.104190 29.802553 0.256068 0.096646 0.961815 0.966351 -0.050683 -0.252183 0.024376 0.994028 -0.106372
0.494342 -7.750275 3.386192 15.581628 0.250311 0.109137 0.961995 0.955917 0.129694 -0.263443 -0.153516 0.985530 -0.071862
0.597529 -7.205564 0.130774 28.762690 0.291792 0.123140 0.948522 0.931181 -0.263155 -0.252294 0.218541 0.956862 -0.191452
-0.163080 -10.211849 -13.887392 37.115607 0.230356 0.172017 0.957782 0.921057 -0.356129 -0.157563 0.313990 0.918468 -0.240473
-0.171224 -9.440501 -17.178838 16.673158 0.267935 0.150553 0.951601 0.823435 -0.548555 -0.145061 0.500166 0.822448 -0.270948
0.157413 -9.909176 -1.531647 18.973408 0.272195 0.129189 0.953530 0.803239 -0.576138 -0.151235 0.529828 0.807078 -0.260592
0.074901 -9.047955 -11.934342 -27.114748 0.304512 0.098348 0.947418 0.683015 -0.715822 -0.145223 0.663900 0.691323 -0.285149
0.134958 -10.607634 -0.999178 48.649838 0.207557 0.138434 0.968378 0.926832 -0.344470 -0.149409 0.312894 0.928534 -0.199802
0.323334 -10.523482 8.455924 10.656337 0.246082 0.109799 0.963010 0.834034 -0.530167 -0.152676 0.493792 0.840754 -0.222040
0.192604 -10.562472 -6.930003 22.670972 -0.284430 -0.075811 -0.955695 -0.649354 0.748611 0.133874 0.705294 0.658661 -0.262155
0.232213 -9.400528 4.813853 17.659078 -0.321720 -0.098344 -0.941714 -0.618214 0.775143 0.130253 0.717153 0.624085 -0.310176
-0.923120 -2.174275 -4.837908 -5.115538 -0.668845 -0.232579 -0.706083 0.725309 -0.412433 -0.551203 -0.163014 -0.880798 0.444546
-0.869127 -1.613761 -0.490296 13.910284 -0.432539 -0.371271 -0.821625 0.884806 -0.349938 -0.307672 -0.173288 -0.860059 0.479865
-0.821925 -2.055865 -4.227492 0.457840 -0.356732 -0.375649 -0.855354 0.904275 -0.368759 -0.215185 -0.234585 -0.850238 0.471238
-0.648714 -1.897331 -8.295090 5.458174 -0.146199 -0.473753 -0.868438 0.960831 -0.276928 -0.010682 -0.235434 -0.835984 0.495683
0.387228 -10.621339 13.461064 -41.691895 -0.114714 -0.190058 -0.975048 -0.055178 0.981231 -0.184771 0.991865 0.032605 -0.123048
0.144279 -10.470641 3.732056 -4.310802 -0.106484 -0.187683 -0.976441 0.054875 0.979418 -0.194239 0.992799 -0.074265 -0.093993
0.483527 -10.319475 12.441097 10.111444 -0.119333 -0.187316 -0.975024 0.173275 0.963042 -0.206221 0.977617 -0.193556 -0.082465
0.820180 -11.721622 18.431023 -13.007121 -0.108268 -0.198448 -0.974113 0.111148 0.971313 -0.210231 0.987889 -0.131032 -0.083105
0.863949 -11.177577 14.870745 52.246918 -0.093510 -0.198847 -0.975559 0.327774 0.919082 -0.218753 0.940117 -0.340218 -0.020766
0.048462 -10.525948 -15.795445 31.885771 0.093740 -0.042554 0.994687 -0.206663 0.976493 0.061251 -0.973911 -0.211307 0.082742
0.213428 -12.500331 -12.956035 124.283588 0.121046 -0.147130 0.981683 -0.466641 0.864431 0.187096 -0.876124 -0.480741 0.035979
-0.021787 -9.580521 -12.671034 91.686920 0.090834 -0.108753 0.989910 -0.267731 0.954757 0.129458 -0.959203 -0.276789 0.057608
26.233394 -15.195782 617.814659 80.965785 -0.305897 0.339134 0.889615 -0.133810 0.909817 -0.392846 -0.942614 -0.239210 -0.232931
27.314601 -17.699375 730.873214 290.408158 0.054595 0.246176 0.967686 -0.004802 0.969185 -0.246286 -0.998497 0.008799 0.054095
14.332843 -14.725328 375.967010 -59.820908 -0.094231 0.247635 0.964260 -0.398161 0.878360 -0.264485 -0.912463 -0.408853 0.015830
0.059090 -16.071194 7.880683 -68.071441 -0.061217 -0.269116 -0.961160 0.899310 -0.432625 0.063853 -0.433006 -0.860472 0.268503
0.288138 -14.700311 11.368524 -66.084990 -0.012730 -0.289705 -0.957031 0.745240 -0.640881 0.184089 -0.666675 -0.710874 0.224058
0.525287 -16.805834 10.464048 -40.943259 -0.041679 -0.268547 -0.962365 0.930197 -0.362003 0.060731 -0.364688 -0.892657 0.264889
-2.550819 -2.993336 -10.052512 6.143632 0.479896 -0.198551 -0.854563 -0.362279 0.842282 -0.399143 0.799033 0.501137 0.332277
-2.325163 -3.330575 -3.254156 8.374811 0.580464 -0.495912 -0.645858 -0.066604 0.761587 -0.644632 0.811557 0.417202 0.409044
-2.351463 -2.999702 -12.998716 16.633950 -0.520749 0.727604 0.446556 0.021623 0.534151 -0.845112 0.853436 0.430436 0.293892
-2.364029 -2.850819 24.316781 -7.201656 -0.140952 0.595945 -0.790558 -0.544704 0.620118 0.564581 0.826698 0.510199 0.237207
-2.129189 -2.708941 2.417740 7.963360 -0.416760 0.883391 -0.214317 0.253856 -0.113283 -0.960585 0.872851 0.454739 0.177042
-37.829625 -370.539516 962.371445 2298.439621 0.161033 0.144209 0.976357 0.490816 0.846562 -0.205990 -0.856252 0.512382 0.065544
-48.505138 -610.459626 1025.434294 78291.304727 0.265797 0.059438 0.962195 -0.619251 0.775474 0.123159 -0.738837 -0.628576 0.242926
13.923490 -571.098064 1631.481911 201187.592582 0.371696 0.164913 0.913589 0.778901 0.480060 -0.403554 -0.505129 0.861595 0.049986
183.184687 -198.012429 55522.826865 5061.613891 0.749247 -0.618833 -0.235955 0.384750 0.116721 0.915611 0.539069 0.776803 -0.325549
0.029110 -3.642849 -32.063627 3.607483 0.034521 0.240818 -0.969956 -0.279710 0.934076 0.221955 0.959464 0.263645 0.099605
-0.701719 -3.643436 -9.178283 1.411582 -0.023078 0.313826 -0.949200 -0.201133 0.928582 0.311899 0.979292 0.198114 0.041691
-0.628936 -3.685903 -10.426704 4.037741 -0.029940 0.317731 -0.947708 -0.288132 0.905143 0.312563 0.957122 0.282424 0.064449
0.337349 -32.018217 16.349930 -566.283075 -0.306426 -0.013594 -0.951797 -0.506908 0.848658 0.151076 0.805697 0.528767 -0.266942
0.360176 -66.908462 23.567220 -1639.241298 -0.244317 -0.050892 -0.968359 -0.472733 0.878167 0.073118 0.846660 0.475640 -0.238609
0.317939 -30.408615 3.421888 20.969862 0.249315 -0.048501 0.967207 0.853339 -0.461216 -0.243091 0.457881 0.885961 -0.073600
-1.503634 -11.280318 11.485281 296.457145 0.682870 0.723807 -0.098951 -0.694137 0.685087 0.220975 -0.227734 0.082212 -0.970247
-2.134900 -12.047631 -2.853005 247.574252 0.666061 0.732401 -0.141249 -0.707662 0.680337 0.190674 -0.235747 0.027044 -0.971438
-1.279507 -4.440218 -18.684510 -23.843878 -0.813535 -0.563417 0.143954 -0.538771 0.823430 0.178014 -0.218832 0.067263 -0.973441
-0.704057 -4.798210 -18.445327 -22.030853 -0.770967 -0.629591 0.096041 -0.600475 0.768842 0.219801 -0.212225 0.111789 -0.970806
-0.834824 -11.465945 -20.577028 -300.163577 -0.715712 -0.695733 0.060930 -0.666302 0.706362 0.238943 -0.209280 0.130417 -0.969120
-2.699779 -3.228734 -50.106343 -23.814728 -0.282079 -0.104400 0.953694 0.922993 0.241683 0.299455 -0.261754 0.964723 0.028187
-2.793838 -3.459401 -20.792977 -37.564483 0.935386 0.350827 -0.044436 0.075472 -0.075288 0.994302 -0.345482 0.933409 0.096901
-3.280339 -3.829524 -11.991814 -26.923378 0.938165 0.279067 -0.204859 0.239776 -0.096970 0.965973 -0.249706 0.955363 0.157887
-3.041992 -4.430081 -12.119577 -13.452339 0.944558 0.328193 -0.010018 0.095023 -0.244020 0.965103 -0.314295 0.912548 0.261677
-0.398642 -1.724112 49.366902 -26.081615 0.778625 0.246737 0.576944 -0.579272 -0.070816 0.812052 -0.241220 0.966492 -0.087788
-0.168642 -1.998151 37.798212 18.836442 0.926427 0.254054 0.277831 -0.296818 0.038927 0.954140 -0.231588 0.966406 -0.111471
-0.628583 -2.766288 49.035552 6.081727 0.754955 0.264333 0.600142 -0.611111 -0.048386 0.790065 -0.237879 0.963217 -0.125008
0.274693 -1.663486 4.552876 9.346027 0.706688 -0.201784 0.678141 -0.317520 0.766083 0.558837 -0.632276 -0.610246 0.477311
0.238621 -1.407205 -6.711863 6.576713 0.690059 -0.216037 0.690758 -0.297337 0.785528 0.542712 -0.659856 -0.579892 0.477824
0.118032 -1.509192 4.894813 12.375307 0.680026 -0.138037 0.720077 -0.343537 0.807649 0.479254 -0.647724 -0.573279 0.501802
0.005512 -1.691979 12.159593 11.468087 0.683441 -0.124942 0.719234 -0.367284 0.792610 0.486695 -0.630880 -0.596791 0.495813
0.986492 -4.194659 -46.273045 -6.212950 0.156625 0.037047 0.986963 0.545574 0.829753 -0.117725 -0.823297 0.556900 0.109749
0.997687 -4.026441 -46.717988 -7.918024 0.140555 0.019739 0.989876 0.440499 0.894148 -0.080378 -0.886682 0.447337 0.116982
-0.148852 -3.938925 -32.758867 -5.482998 0.134735 0.013155 0.990794 0.460140 0.884730 -0.074319 -0.877564 0.465917 0.113151
1.674551 -4.193634 -25.918291 -8.844311 0.195128 0.003093 0.980773 0.466287 0.879459 -0.095543 -0.862845 0.475965 0.170165
1.629309 -4.412151 -35.547534 -3.943592 0.196045 0.029338 0.980156 0.647942 0.746382 -0.151939 -0.736028 0.664871 0.127315
1.685992 -4.348419 -18.872664 -6.654270 0.227185 0.000480 0.973852 0.562644 0.816148 -0.131658 -0.794871 0.577842 0.185146
-0.263856 -8.545965 -14.129970 176.275972 -0.127503 -0.332242 0.934537 0.297405 0.886064 0.355585 -0.946199 0.323274 -0.014165
-0.082159 -5.056950 8.107482 66.221045 -0.041738 -0.192166 0.980474 0.401661 0.895312 0.192573 -0.914837 0.401856 0.039817
0.117620 -5.284839 -5.192025 57.742480 -0.086197 -0.256399 0.962720 0.401407 0.875475 0.269103 -0.911835 0.409638 0.027457
-0.755350 -8.302729 0.298394 163.937650 -0.069580 -0.244756 0.967085 0.315573 0.914250 0.254089 -0.946347 0.322866 0.013625
0.217947 -6.274310 -14.577394 74.871361 -0.118752 -0.294636 0.948202 0.372209 0.872115 0.317609 -0.920521 0.390647 0.006100
0.184102 -9.624476 -16.424985 172.706000 -0.143748 -0.356851 0.923035 0.230069 0.895115 0.381887 -0.962499 0.267258 -0.046571
-0.047827 -13.013690 -24.131960 202.008015 -0.170530 -0.367760 0.914151 0.013209 0.926803 0.375315 -0.985264 0.076077 -0.153191
-0.993027 -11.320135 -15.676175 174.740733 -0.121483 -0.318957 0.939951 0.073419 0.941483 0.328966 -0.989874 0.108975 -0.090957
-0.611864 -10.807964 -2.861169 81.610732 -0.069379 -0.076334 0.994666 0.042304 0.995946 0.079383 -0.996693 0.047586 -0.065869
-0.594322 -10.291496 9.185308 71.265504 -0.025084 -0.095536 0.995110 0.129201 0.986765 0.097992 -0.991301 0.131028 -0.012409
-0.911048 -9.089814 -4.746738 55.060080 -0.063229 -0.072506 0.995362 0.266531 0.959905 0.086855 -0.961750 0.270787 -0.041368
-0.791819 -9.555059 -4.764135 66.889497 -0.073936 -0.053176 0.995844 0.239369 0.968439 0.069484 -0.968109 0.243512 -0.058874
-0.978507 -8.006863 -3.452688 20.913652 -0.066658 -0.038223 0.997043 0.458588 0.886295 0.064637 -0.886145 0.461541 -0.041550
-1.089322 -7.547118 -2.654061 15.678357 -0.057796 -0.061603 0.996426 0.494437 0.865320 0.082176 -0.867290 0.497419 -0.019553
1.364764 -9.133943 40.436808 138.987129 -0.169582 0.264648 -0.949317 -0.109618 0.952227 0.285041 0.979401 0.152400 -0.132470
1.977501 -10.313338 12.477442 119.522776 -0.065326 0.304981 -0.950115 -0.049295 0.950000 0.308334 0.996646 0.066978 -0.047026
1.817179 -7.663002 28.568327 91.279892 -0.146185 0.278707 -0.949185 -0.254681 0.916548 0.308347 0.955912 0.286815 -0.063004
0.456094 -3.713602 -17.211134 1.050986 -0.275939 0.141305 -0.950732 0.929762 -0.211573 -0.301298 -0.243724 -0.967094 -0.072999
2.125766 -3.958053 -52.063153 -9.825909 -0.331678 0.161766 -0.929420 0.923732 -0.144397 -0.354781 -0.191597 -0.976208 -0.101535
0.995970 -3.787370 -29.056418 -3.375764 -0.321773 0.157495 -0.933626 0.897770 -0.262502 -0.353697 -0.300784 -0.951992 -0.056928
0.169579 -3.659304 -13.534141 5.751085 -0.284873 0.137504 -0.948652 0.894087 -0.318718 -0.314685 -0.345623 -0.937823 -0.032147
0.449097 -3.617238 -19.684920 -1.233431 -0.323703 0.146879 -0.934689 0.864772 -0.354908 -0.355261 -0.383908 -0.923291 -0.012132
0.426652 -11.235520 -8.404327 22.399055 0.255655 0.024851 0.966449 0.856627 0.457569 -0.238370 -0.448141 0.888827 0.095692
0.462168 -10.710714 -3.989513 -19.039040 0.251197 0.012437 0.967856 0.700258 0.687979 -0.190585 -0.668235 0.725624 0.164109
0.381910 -11.071362 1.712756 21.879150 0.255225 0.011006 0.966819 0.830243 0.509983 -0.224976 -0.495538 0.860114 0.121023
0.329192 -11.419017 -0.849737 27.238214 0.271526 0.018561 0.962252 0.925286 0.270053 -0.266304 -0.264802 0.962667 0.056152
0.477899 -11.352261 0.731252 48.545368 0.241991 0.030541 0.969798 0.883012 0.407339 -0.233164 -0.402157 0.912766 0.071604
-0.882915 -13.364621 -4.393309 40.609428 0.464456 0.084215 0.881583 0.848454 -0.327584 -0.415710 0.253783 0.941062 -0.223600
-0.752076 -13.622293 -4.330909 17.615463 0.475189 0.102853 0.873852 0.862931 -0.248487 -0.440004 0.171885 0.963159 -0.206833
-0.802336 -14.021507 -6.342006 19.806224 0.427597 0.096434 0.898811 0.900796 0.037791 -0.432596 -0.075684 0.994622 -0.070708
-0.914007 -12.017762 -7.831479 9.921697 0.448145 0.079850 0.890388 0.892337 -0.099963 -0.440161 0.053859 0.991782 -0.116051
-0.943477 -11.767694 -3.860059 15.393193 0.483174 0.063837 0.873194 0.819412 -0.384273 -0.425321 0.308393 0.921010 -0.237980
-1.779897 -3.034613 -4.335583 -16.508211 0.852791 -0.477850 0.210729 -0.337964 -0.197323 0.920241 0.398156 0.855992 0.329772
-2.061377 -2.595820 -4.578413 -20.917056 0.865761 -0.497790 0.051609 -0.191021 -0.233378 0.953439 0.462568 0.835309 0.297137
-1.675226 -2.419631 7.316058 -1.932473 0.883800 -0.382915 -0.268838 0.141750 -0.328451 0.933824 0.445875 0.863421 0.236006
-1.569233 -2.725335 -0.224033 -17.998563 0.895113 -0.439041 0.077558 -0.168346 -0.171755 0.970649 0.412834 0.881898 0.227651
-1.525877 -3.110954 -7.458431 -13.942659 0.865407 -0.432327 0.253307 -0.346866 -0.152069 0.925505 0.361601 0.888801 0.281562
1.264697 -1.303360 56.233671 2.317178 0.851489 -0.524302 -0.008591 -0.135214 -0.203705 -0.969650 -0.506640 -0.826808 0.244346
0.638474 -1.126259 75.234081 10.239535 0.834616 -0.518213 -0.186741 -0.255346 -0.063596 -0.964756 -0.488073 -0.852884 0.185402
2.271203 -0.833596 51.559593 12.250554 0.808024 -0.580733 -0.099227 -0.197583 -0.108445 -0.974269 -0.555029 -0.806839 0.202369
-5.263806 -6.783176 -33.641023 26.799787 -0.233601 -0.222166 -0.946611 0.716356 -0.697613 -0.013052 -0.657469 -0.681159 0.322113
-5.223004 -7.344467 -14.223220 57.732260 0.096119 -0.410178 -0.906926 0.734051 -0.586162 0.342903 -0.672257 -0.698690 0.244751
-3.761906 -7.377995 41.323978 89.510001 0.230733 -0.305298 -0.923881 0.786949 -0.499871 0.361718 -0.572253 -0.810508 0.124917
-2.726506 -6.326870 41.303523 119.231591 0.172809 -0.203532 -0.963697 0.904607 -0.354263 0.237033 -0.389646 -0.912728 0.122896
-2.588523 -6.580997 11.113657 6.685368 -0.350110 0.086433 -0.932712 0.132985 0.990234 0.041845 0.927221 -0.109387 -0.358185
-2.645885 -6.404968 12.922844 -21.782596 -0.340138 0.136689 -0.930388 0.332852 0.942829 0.016830 0.879498 -0.303957 -0.366189
-1.534753 -6.689138 42.000635 -23.498334 -0.443162 0.121033 -0.888233 0.292990 0.955983 -0.015915 0.847210 -0.267297 -0.459117
-1.856876 -6.775206 33.183837 14.211209 -0.436434 0.093849 -0.894828 0.083186 0.994494 0.063729 0.895882 -0.046623 -0.441838
-0.213803 -7.047132 69.197268 -0.915240 -0.505486 0.102915 -0.856675 0.145651 0.988791 0.032844 0.850453 -0.108173 -0.514809
-1.471507 -2.808660 1.650061 -16.087302 -0.243510 -0.169821 0.954916 0.760086 -0.644987 0.079123 0.602472 0.745085 0.286139
-1.246532 -2.423968 6.145083 -20.677172 -0.448113 -0.032992 0.893368 0.697652 -0.637770 0.326389 0.558996 0.769520 0.308810
-1.145733 -2.425147 -12.135723 -22.332200 0.632672 -0.125213 -0.764230 0.538024 -0.638724 0.550056 0.557006 0.759180 0.336735
-1.601323 -3.122659 -7.900369 -17.662775 0.590716 -0.108727 -0.799520 0.502073 -0.726157 0.469701 0.631647 0.678877 0.374364
0.010344 -3.003543 23.509965 -11.313262 -0.165995 0.195971 -0.966458 0.848039 -0.471797 -0.241323 -0.503264 -0.859653 -0.087875
0.084706 -3.231663 28.926605 5.382750 -0.092991 0.175608 -0.980058 0.909402 -0.385791 -0.155414 -0.405389 -0.905719 -0.123823
-0.134808 -3.126972 33.621780 8.425092 0.025866 0.141504 -0.989600 0.952228 -0.304815 -0.018696 -0.304290 -0.941841 -0.142628
-0.869288 -3.838168 26.565953 9.908629 -0.061580 0.155588 -0.985901 0.938050 -0.328434 -0.110422 -0.340984 -0.931624 -0.125724
-0.546990 -4.337969 -0.193418 -8.198329 -0.337154 -0.164009 -0.927053 0.374022 0.880329 -0.291769 0.863964 -0.445109 -0.235464
0.544611 -6.650004 -3.205161 20.721072 0.306549 0.160070 0.938299 0.929213 -0.264051 -0.258534 0.206375 0.951133 -0.229683
0.349426 -6.719042 -5.566847 14.364350 0.294326 0.191268 0.936370 0.930078 -0.282693 -0.234604 0.219834 0.939947 -0.261098
0.384157 -6.665900 -7.056202 18.760551 0.306102 0.178163 0.935179 0.892685 -0.395036 -0.216933 0.330780 0.901224 -0.279965
0.569216 -6.734850 -4.065352 22.640226 0.311383 0.158912 0.936903 0.894983 -0.380467 -0.232918 0.319448 0.911039 -0.260694
-0.584726 -9.653417 -24.709660 35.724514 0.240247 0.179598 0.953953 0.925997 -0.337231 -0.169717 0.291222 0.924132 -0.247326
-0.261382 -8.735145 19.171139 19.762471 -0.327698 -0.099703 -0.939507 -0.644182 0.751004 0.144991 0.691118 0.652727 -0.310330
-0.254904 -9.128854 -8.697761 -0.179998 0.042415 0.114638 -0.992501 -0.478377 0.874452 0.080559 0.877130 0.471373 0.091930
-0.717531 -8.589553 -9.712839 7.042302 0.024822 0.124197 -0.991947 -0.531552 0.842001 0.092122 0.846662 0.524985 0.086918
-0.451088 -9.089232 -4.744569 -13.193388 0.010379 0.143268 -0.989629 -0.655613 0.748251 0.101448 0.755026 0.647761 0.101695
-0.126920 -9.322515 -6.837779 -13.934403 0.019840 0.135474 -0.990582 -0.630034 0.771000 0.092825 0.776314 0.622259 0.100650
-0.529015 -1.901257 24.162585 -14.974047 0.867856 0.127796 0.480099 0.482854 -0.444457 -0.754527 -0.116958 -0.886638 0.447431
-0.403443 -1.170339 36.390220 -10.658042 0.978191 -0.028874 0.205689 0.164247 -0.498640 -0.851106 -0.127140 -0.866328 0.483023
-0.670159 -1.434884 -9.045138 17.317299 0.071187 -0.525421 -0.847859 0.980347 -0.119938 0.156637 -0.183991 -0.842347 0.506556
0.115849 -11.013848 4.757805 -58.721691 -0.093209 -0.193503 -0.976662 -0.186704 0.966928 -0.173756 0.977985 0.166151 -0.126254
0.065446 -10.387462 -0.361445 12.859067 -0.105159 -0.181304 -0.977789 -0.083141 0.981401 -0.173032 0.990974 0.063098 -0.118276
0.365642 -13.135888 -1.982981 140.139636 0.138850 -0.106911 0.984526 -0.412807 0.897417 0.155671 -0.900173 -0.428034 0.080473
0.821421 -30.245139 3.890397 -456.282930 -0.117280 -0.301226 -0.946313 0.940873 -0.338644 -0.008810 -0.317809 -0.891394 0.323132
0.730589 -30.422316 -18.523542 -283.881025 -0.110518 -0.369716 -0.922548 0.962408 -0.271532 -0.006475 -0.248107 -0.888583 0.385827
0.562773 -29.480178 -4.396191 -62.842358 -0.133326 -0.332156 -0.933754 0.978266 0.106868 -0.177696 0.158811 -0.937151 0.310688
0.540734 -22.767788 9.839095 -56.035495 -0.113947 -0.288348 -0.950722 0.992982 -0.002537 -0.118242 0.031683 -0.957522 0.286613
-2.300014 -3.331216 -10.936145 5.984519 0.571444 -0.236212 -0.785911 -0.296616 0.833483 -0.466182 0.765161 0.499510 0.406225
-2.118004 -3.610383 -4.921590 1.587999 0.620308 -0.356968 -0.698421 -0.100080 0.847137 -0.521865 0.777947 0.393615 0.489761
-2.081569 -3.647893 -0.215117 3.119896 0.552418 -0.598550 -0.580148 0.098220 0.737874 -0.667754 0.827760 0.311897 0.466404
-64.718013 -881.351060 -1568.660050 -53334.427360 -0.206878 0.101778 -0.973058 0.736939 -0.637974 -0.223407 -0.643524 -0.763303 0.056978
-5.061476 -883.827573 -97.632066 67348.106688 -0.310336 -0.040185 -0.949777 0.758893 0.591239 -0.272981 0.572515 -0.805495 -0.152986
-0.086417 -8.288753 -15.791562 -32.626865 0.065276 0.035401 -0.997239 0.459665 0.885958 0.061539 0.885690 -0.462413 0.041559
-0.366209 -8.368997 -20.678863 -18.586511 0.069427 0.037769 -0.996872 0.364122 0.929380 0.060571 0.928760 -0.367188 0.050771
-0.182287 -8.913714 -15.717994 -6.645440 0.074475 0.054067 -0.995756 0.251535 0.965224 0.071222 0.964979 -0.255771 0.058285
0.866686 -30.629919 -19.478148 114.277000 0.265895 0.024410 0.963693 0.824270 -0.524136 -0.214151 0.499879 0.851285 -0.159485
3.024235 -106.178365 16.048938 -3002.864799 -0.252805 0.032418 -0.966974 -0.546312 0.820082 0.170321 0.798519 0.571327 -0.189611
1.422480 -34.321470 17.955340 -825.594858 -0.359866 0.047098 -0.931814 -0.176939 0.977156 0.117724 0.916073 0.207239 -0.343312
-2.328172 -14.997537 -31.341085 371.850659 -0.734531 -0.629089 0.254386 -0.621613 0.774147 0.119554 -0.272142 -0.070313 -0.959685
-2.453752 -21.815071 8.674689 493.278394 -0.742198 -0.631621 0.224045 -0.617519 0.774430 0.137581 -0.260406 -0.036240 -0.964819
-3.771578 -26.671512 -1.514711 646.735503 -0.790973 -0.543367 0.281271 -0.555436 0.830479 0.042381 -0.256618 -0.122706 -0.958692
-3.257191 -19.975710 -11.509924 462.394696 -0.805018 -0.512209 0.299313 -0.526909 0.849159 0.036001 -0.272605 -0.128729 -0.953475
-7.658354 -10.440066 -160.760673 123.169703 -0.958605 -0.024021 0.283724 -0.052926 0.994102 -0.094654 -0.279777 -0.105752 -0.954223
-3.642063 -4.971292 -20.183129 -2.674058 0.999183 -0.007616 0.039682 -0.037730 -0.527335 0.848819 -0.014461 0.849623 0.527192
-3.565280 -4.887825 -9.015329 -5.167538 0.998494 0.028381 0.046939 -0.030148 -0.430939 0.901877 -0.045824 0.901935 0.429435
-3.380942 -5.039174 -12.271191 -1.481280 0.991118 0.131513 -0.019751 0.091837 -0.569425 0.816897 -0.096186 0.811455 0.576445
-3.948117 -4.925083 -19.486666 -8.103064 0.994212 -0.089941 0.058770 -0.089799 -0.395314 0.914146 0.058986 0.914132 0.401102
-3.909932 -5.035451 -22.223096 1.913927 0.998376 0.005787 -0.056665 0.046831 -0.649672 0.758770 0.032423 0.760192 0.648889
-4.050505 -5.041088 -22.214540 -0.293583 0.994027 -0.109031 0.004764 -0.062796 -0.535713 0.842062 0.089259 0.837331 0.539360
-0.421110 -4.694140 14.949953 95.836506 0.744622 0.271090 0.609957 -0.607656 -0.102831 0.787515 -0.276210 0.957045 -0.088159
-2.415543 -5.592122 -49.355779 -125.566782 0.581557 0.302942 0.754995 0.754981 0.144659 -0.639591 -0.302976 0.941966 -0.144588
-1.764456 -2.936638 3.155007 -86.366016 -0.170510 0.111271 0.979053 0.921111 0.370901 0.118265 -0.349972 0.921982 -0.165735
0.073174 -1.341939 -14.248074 -2.289929 0.698997 -0.271443 0.661605 -0.291130 0.737012 0.609965 -0.653181 -0.618977 0.436144
0.028419 -1.297372 -11.253378 3.877555 0.667700 -0.194033 0.718699 -0.316634 0.799729 0.510074 -0.673736 -0.568141 0.472542
0.300812 -1.505928 -5.530983 1.881220 0.728261 -0.279738 0.625606 0.277925 -0.713891 -0.642743 -0.626413 -0.641956 0.442153
0.559049 -3.860110 -51.718687 -1.549759 0.111618 -0.010480 0.993696 0.356612 0.933764 -0.030209 -0.927561 0.357736 0.107962
1.685168 -4.029355 -45.686846 -5.418885 0.153973 -0.011819 0.988004 0.382957 0.922484 -0.048646 -0.910844 0.385854 0.146564
0.318140 -4.621195 1.085331 -34.019110 -0.047331 -0.159475 0.986067 0.456219 0.874743 0.163370 -0.888608 0.457595 0.031353
-0.631911 -7.160477 10.769179 151.881105 -0.022262 -0.140111 0.989886 0.353981 0.924885 0.138871 -0.934988 0.353492 0.029007
-0.262698 -11.600012 10.390912 106.939588 -0.014197 -0.108282 0.994019 -0.078815 0.991147 0.106844 -0.996788 -0.076827 -0.022605
-0.603276 -10.267202 6.792199 68.878846 -0.009409 -0.128266 0.991695 0.119444 0.984494 0.128468 -0.992796 0.119661 0.006057
0.574843 -3.964955 -20.454717 -13.909053 -0.218901 0.137742 -0.965976 0.964735 -0.117763 -0.235412 -0.146182 -0.983442 -0.107106
0.734769 -11.307224 -10.168863 1.212638 0.257034 -0.006315 0.966382 0.688102 0.703336 -0.178422 -0.678564 0.710830 0.185126
0.428335 -10.428886 -7.226837 -42.234874 0.244856 -0.003113 0.969554 0.560680 0.816286 -0.138976 -0.791001 0.577639 0.201618
-1.513050 -8.121429 1.840876 -4.267058 -0.049765 -0.086278 0.995027 0.992744 -0.113468 0.039812 0.109468 0.989788 0.091298
-1.391178 -8.255855 10.745093 -2.325746 -0.068020 -0.147345 0.986744 0.977189 -0.209280 0.036110 0.201185 0.966691 0.158219
-1.482835 -7.931203 2.820291 14.320844 -0.058266 -0.084316 0.994734 0.949852 -0.311329 0.029248 0.307224 0.946554 0.098227
0.932142 -2.422085 -33.013881 -9.860182 -0.604024 0.795672 0.045395 0.552431 0.376954 0.743455 -0.574435 -0.474142 0.667243
1.103190 -2.314733 -36.091278 -0.587004 -0.460777 0.861182 0.214592 0.622303 0.141105 0.769953 -0.632790 -0.488318 0.600934
1.469591 -1.802816 4.037648 -1.957164 -0.477667 0.874987 0.078939 0.601596 0.260286 0.755204 -0.640247 -0.408226 0.650719
-0.509415 -15.552138 -1.935374 57.075606 0.495822 0.116935 0.860515 0.832347 -0.346630 -0.432488 0.247707 0.930684 -0.269198
-0.685126 -14.833910 -11.689192 44.017270 0.489439 0.138225 0.861013 0.851062 -0.290965 -0.437072 0.190110 0.946696 -0.260048
-0.824352 -15.925391 -5.385657 -22.917996 0.533540 0.078112 0.842160 0.718548 -0.567078 -0.402629 0.446121 0.819952 -0.358686
-0.735537 -16.707398 -3.704734 110.712355 0.568415 0.042700 0.821633 -0.536742 0.776115 0.330989 0.623548 0.629144 -0.464075
-0.615854 -16.685798 -4.441434 -20.256803 0.553522 0.090728 0.827878 0.697445 -0.593781 -0.401241 0.455174 0.799495 -0.391949
-0.950995 -15.433326 -7.017069 85.303555 0.558117 0.028140 0.829285 -0.555402 0.755188 0.348165 0.616469 0.654904 -0.437112
-1.864389 -2.465394 19.713591 2.248323 0.679220 -0.175374 -0.712674 0.552337 -0.517295 0.653705 0.483305 0.837645 0.254492
-2.318613 -2.628323 -2.492709 24.920604 0.589269 -0.587157 0.554986 0.635118 -0.087944 -0.767393 0.499388 0.804682 0.321091
-2.142493 -2.991725 3.252182 18.044225 0.421565 -0.631384 0.650874 0.727803 -0.192571 -0.658194 0.540913 0.751180 0.378342
-2.126360 -2.756723 -14.201898 -9.511049 0.006423 -0.385291 0.922773 0.828054 -0.515289 -0.220916 0.560612 0.765524 0.315732
-1.846062 -2.737998 -13.781924 -13.809244 -0.291857 -0.133637 0.947080 0.795434 -0.583778 0.162752 0.531135 0.800840 0.276679
0.221927 -17.159440 -6.518261 -96.185511 0.475593 0.139859 0.868476 0.793193 0.358683 -0.492129 -0.380336 0.922923 0.059652
0.277942 -20.584541 -8.569498 -78.635844 0.479336 0.163211 0.862322 0.766379 0.400957 -0.501893 -0.427668 0.901441 0.067112
0.637709 -17.123348 3.311943 -19.653442 0.451661 0.136155 0.881739 0.660147 0.613818 -0.432937 -0.600174 0.777618 0.187356
0.148633 -19.353311 -9.659655 -12.316431 0.490235 0.151343 0.858350 0.865333 0.033279 -0.500091 -0.104250 0.987921 -0.114647
-0.008250 -16.753134 -8.426456 37.381121 0.464861 0.142431 0.873852 0.864493 0.140120 -0.482720 -0.191199 0.979837 -0.057994
-0.975328 -6.853322 8.250287 83.517653 0.534968 -0.754327 0.380525 0.813510 0.338329 -0.473007 0.228059 0.562604 0.794648
-0.475614 -8.569887 11.091277 80.978002 0.572408 -0.734320 0.364859 0.818436 0.484468 -0.308955 0.050110 0.475462 0.878308
-0.413116 -7.864967 18.107728 99.331964 0.501926 -0.778534 0.376770 0.840376 0.335964 -0.425319 0.204544 0.530107 0.822890
-3.883488 -7.074595 171.004612 -102.629746 -0.293079 -0.220805 0.930242 0.944318 0.085347 0.317772 -0.149559 0.971577 0.183497
-0.615657 -3.753569 58.044134 -40.322441 -0.027090 -0.116073 0.992871 0.973342 0.223234 0.052654 -0.227754 0.967829 0.106931
0.804189 -6.796297 23.476849 -81.341012 -0.095160 -0.081997 0.992079 0.990250 0.094048 0.102758 -0.101729 0.992185 0.072248
0.326338 -22.306721 89.789900 -533.274160 -0.152731 -0.157657 0.975611 0.988265 -0.022242 0.151118 -0.002125 0.987243 0.159204
-10.179479 -15.643521 271.991618 -313.682088 0.130098 -0.202522 0.970597 0.988795 0.098779 -0.111926 -0.073207 0.974283 0.213104
-4.451227 -6.558922 0.408096 31.464582 -0.454852 -0.116641 -0.882895 0.638598 -0.733716 -0.232062 -0.620726 -0.669370 0.408219
-3.846913 -5.639923 -5.980702 28.882682 0.691590 -0.001971 0.722288 0.551433 -0.644423 -0.529755 -0.466503 -0.764667 0.444589
5.736855 -8.444219 15.295819 -5.369283 0.070131 -0.010011 -0.997488 0.033601 0.999406 -0.007668 0.996972 -0.032979 0.070426
5.714419 -7.960492 2.654853 39.946267 0.312726 -0.010335 -0.949787 -0.087854 0.995340 -0.039758 0.945772 0.095876 0.310360
5.415917 -8.137219 12.893934 40.201374 0.130764 0.008720 -0.991375 -0.276058 0.960734 -0.027962 0.952204 0.277333 0.128037
5.491807 -8.483036 10.532050 -12.683546 -0.103655 -0.006161 -0.994594 0.017476 0.999815 -0.008015 0.994460 -0.018212 -0.103529
5.566932 -8.064725 4.502742 -50.400660 -0.051066 -0.006618 -0.998673 0.242504 0.969968 -0.018828 0.968805 -0.243144 -0.047927
5.219283 -7.995796 -4.401994 -47.582903 0.075058 -0.004568 -0.997169 0.309333 0.950765 0.018929 0.947987 -0.309878 0.072776
5.295160 -8.900363 17.759034 17.237437 -0.072606 -0.008149 -0.997327 -0.251749 0.967736 0.010420 0.965065 0.251833 -0.072315
-2.220917 -4.361865 28.031185 82.390969 0.746708 0.248779 0.616876 0.422547 0.538825 -0.728781 0.513694 -0.804846 -0.297224
-5.563012 -40.694848 -37.589156 1373.980930 -0.210752 0.060475 -0.975667 0.517980 0.853356 -0.058994 0.829024 -0.517810 -0.211171
-4.228289 -23.585411 40.237276 856.723767 -0.386800 0.151807 -0.909583 0.550543 0.829302 -0.095710 0.739790 -0.537785 -0.404350
-1.559920 -2.939347 8.522105 -28.125512 -0.089498 -0.260069 0.961433 0.796503 -0.598243 -0.087681 0.597974 0.757937 0.260688
-1.862079 -3.167939 14.633835 -5.166133 -0.101384 0.476492 -0.873313 -0.600256 0.670745 0.435653 0.793356 0.568380 0.218014
-1.638380 -3.557156 -1.578994 -7.971381 -0.083492 0.426417 -0.900665 -0.626183 0.680640 0.380294 0.775193 0.595733 0.210187
-1.697278 -3.650243 -6.854019 9.162953 -0.034631 0.345338 -0.937839 -0.694556 0.666428 0.271044 0.718604 0.660769 0.216777
-0.635010 -1.651763 -5.463258 -30.381223 -0.191718 0.096521 -0.976692 0.703746 -0.680126 -0.205354 -0.684095 -0.726713 0.062466
-0.583068 -1.846249 8.644333 58.336380 0.217401 -0.101428 0.970798 -0.674638 0.703166 0.224545 -0.705408 -0.703754 0.084442
-0.721149 -4.070492 2.492239 -7.969671 -0.334720 -0.184021 -0.924175 0.403694 0.858186 -0.317092 0.851466 -0.479221 -0.212964
-0.733942 -4.202710 -5.746377 25.562061 -0.294329 -0.141037 -0.945240 0.432272 0.862451 -0.263285 0.852356 -0.486093 -0.192878
0.210805 -5.992784 9.524572 -24.373984 0.162035 0.067324 0.984486 0.680579 0.714790 -0.160896 -0.714533 0.696091 0.070002
0.041933 -6.275349 5.011996 -20.516592 0.127972 0.033841 0.991200 0.688472 0.716352 -0.113345 -0.713884 0.696918 0.068375
-0.003841 -5.606892 6.456010 -18.183913 0.123624 0.022046 0.992084 0.586966 0.804479 -0.091020 -0.800117 0.593572 0.086513
0.207918 -6.550449 7.466373 -21.767884 0.169192 0.066859 0.983313 0.766480 0.618271 -0.173921 -0.619582 0.783116 0.053361
0.538233 -5.801993 3.895761 -22.452193 0.168450 0.119923 0.978388 0.714567 0.668854 -0.205010 -0.678984 0.733658 0.026976
0.487071 -6.278633 5.247602 -18.518642 0.192520 0.115724 0.974445 0.798158 0.559216 -0.224103 -0.570859 0.820905 0.015294
-0.487880 -10.579122 -14.249944 25.537885 0.190379 0.175348 0.965924 0.981641 -0.045735 -0.185174 0.011707 0.983444 -0.180836
-1.073356 -9.720784 -20.550545 35.906118 0.210373 0.160135 0.964417 0.970797 -0.150574 -0.186763 0.115309 0.975543 -0.187136
-1.460920 -8.807552 -5.183386 20.185522 -0.078185 0.094708 -0.992430 -0.317698 0.941211 0.114849 0.944963 0.324273 -0.043500
-1.369334 -8.487234 -9.308233 23.144954 -0.072618 0.121813 -0.989893 -0.552749 0.821229 0.141607 0.830178 0.557445 0.007696
-1.217568 -8.484575 -8.167476 10.004471 -0.031533 0.117767 -0.992540 -0.422345 0.898454 0.120021 0.905886 0.422979 0.021407
-1.608631 -8.274251 -5.398070 19.251095 -0.122089 0.083919 -0.988965 -0.453332 0.881695 0.130781 0.882941 0.464296 -0.069602
-1.326724 -8.623887 -8.184671 6.131236 -0.029938 0.095156 -0.995012 -0.170123 0.980449 0.098881 0.984968 0.172234 -0.013164
-1.516401 -8.997382 3.316207 -4.641725 -0.105693 0.072634 -0.991743 -0.005778 0.997267 0.073654 0.994382 0.013515 -0.104984
-1.650328 -8.538511 -6.056995 0.943578 -0.119807 0.068187 -0.990453 -0.196213 0.976334 0.090949 0.973215 0.205236 -0.103592
-0.534339 -2.943639 25.872842 -32.965126 0.851639 0.131575 0.507345 0.513958 -0.399406 -0.759159 -0.102750 -0.907283 0.407774
-1.487888 -7.774135 -17.305629 -70.756982 0.055679 0.129236 0.990049 0.403374 0.904152 -0.140709 -0.913339 0.407195 -0.001789
-0.758750 -7.283137 -21.971041 -44.418341 0.024107 0.181761 0.983047 0.349150 0.919881 -0.178644 -0.936757 0.347538 -0.041286
-0.937555 -7.070280 -12.556580 35.348985 0.013220 0.071155 0.997378 0.271946 0.959610 -0.072065 -0.962222 0.272185 -0.006664
-0.281706 -7.710118 -9.668577 73.168744 0.021287 0.140599 0.989838 0.238231 0.960830 -0.141602 -0.970975 0.238824 -0.013041
-0.582245 -10.718284 -14.237062 157.368781 0.004662 0.061946 0.998069 0.113011 0.991653 -0.062076 -0.993583 0.113082 -0.002377
-1.016598 -7.673649 -7.886561 72.908757 0.000491 -0.051912 0.998652 0.251004 0.966687 0.050127 -0.967986 0.250641 0.013504
-0.241157 -9.024934 -4.949861 112.880782 0.026432 0.090668 0.995530 0.121043 0.988260 -0.093220 -0.992295 0.122966 0.015147
0.301267 -11.218371 -3.469995 18.579009 0.118237 -0.017877 0.992824 -0.201998 0.978499 0.041675 -0.972223 -0.205476 0.112084
0.427799 -12.546139 -2.304524 132.767726 0.116308 -0.076125 0.990292 -0.303162 0.946755 0.108384 -0.945815 -0.312825 0.087037
0.592446 -13.923025 -1.019132 121.315285 0.152193 -0.133710 0.979264 -0.601085 0.773987 0.199100 -0.784560 -0.618923 0.037424
8.464079 -3.528241 -259.177846 -40.696316 0.727433 -0.456323 -0.512456 0.681325 0.569005 0.460465 -0.081470 0.684107 -0.724817
11.717147 -2.290252 -378.990568 -53.840268 0.721482 -0.431209 -0.541778 0.665468 0.648024 0.370428 -0.191353 0.627793 -0.754493
7.283352 -3.032178 -56.507930 -45.176960 0.764566 -0.607807 -0.214498 0.629032 0.631057 0.453967 0.140564 0.482014 -0.864814
5.819234 -4.058373 -150.791406 -24.050497 0.775563 -0.498472 -0.387334 0.627638 0.543156 0.557721 0.067625 0.675653 -0.734112
0.503929 -28.103322 -5.135688 210.928735 -0.122952 -0.348209 -0.929319 0.984371 0.076177 -0.158779 0.126081 -0.934316 0.333401
0.445471 -28.149660 -9.028669 -173.206421 -0.126874 -0.363881 -0.922764 0.929431 -0.368578 0.017553 -0.346498 -0.855419 0.384965
-0.230332 -31.406620 -7.052340 8.293296 0.105469 0.494442 0.862788 0.954551 -0.293558 0.051545 0.278764 0.818139 -0.502931
0.086796 -32.848780 2.534030 -229.991669 0.057879 0.518156 0.853326 0.982569 0.121686 -0.140535 -0.176657 0.846586 -0.502081
-0.131234 -30.738959 -16.192416 -13.642001 0.056932 0.513473 0.856215 0.991353 0.072482 -0.109385 -0.118226 0.855039 -0.504906
-0.353310 -28.934785 -19.025756 232.407059 0.094201 0.522108 0.847661 0.929799 -0.350446 0.112525 0.355810 0.777554 -0.518468
0.136089 -29.247381 -32.161285 171.735075 0.029104 0.522290 0.852271 0.997389 0.041205 -0.059311 -0.066095 0.851772 -0.519726
-121.398771 -1298.758616 -2804.462850 126592.254672 -0.403520 0.183472 -0.896387 0.655666 0.741304 -0.143427 0.638180 -0.645606 -0.419428
-0.133751 -17.105526 2.553563 -74.221122 -0.346950 0.027679 -0.937475 -0.311175 0.939547 0.142903 0.884757 0.341299 -0.317363
0.003012 -18.101299 -6.013837 -183.312634 -0.340564 0.038719 -0.939424 -0.203856 0.972343 0.113979 0.917856 0.230324 -0.323252
-0.192549 -20.741045 1.199071 -177.972732 -0.290489 -0.016190 -0.956741 -0.579589 0.798550 0.162464 0.761376 0.601710 -0.241353
-0.056044 -18.592358 0.499060 -97.761775 -0.318090 -0.011040 -0.947996 -0.551710 0.815336 0.175625 0.770996 0.578884 -0.265441
-2.732195 -25.988847 7.140992 612.369995 -0.726833 -0.659407 0.192082 -0.658929 0.748379 0.075772 -0.193715 -0.071495 -0.978449
0.287108 -128.776300 209.711094 2966.871099 0.368661 0.924924 -0.092762 -0.915766 0.378506 0.134558 -0.159566 -0.035342 -0.986554
-3.863116 -4.415752 -3.102709 -13.987507 0.982032 -0.066673 0.176545 -0.187815 -0.254033 0.948785 0.018410 0.964895 0.261990
-2.326451 -5.477437 -5.734294 -16.968776 0.260323 0.132284 0.956417 0.784128 -0.606942 -0.129481 0.563361 0.783660 -0.261728
-1.805395 -5.624884 -14.473155 -0.542307 0.312374 0.158743 0.936602 0.715378 -0.688008 -0.121982 0.625026 0.708128 -0.328477
-1.800762 -5.061923 -8.712723 -30.718367 0.312137 0.154594 0.937375 0.822122 -0.538428 -0.184961 0.476115 0.828369 -0.295158
-2.342600 -5.593175 10.829593 -5.864591 -0.279024 -0.134970 -0.950752 -0.666149 0.740320 0.090402 0.691659 0.658566 -0.296477
-2.202174 -4.527603 -2.065313 -37.686362 0.311035 0.102757 0.944827 0.856516 -0.461132 -0.231812 0.411870 0.881361 -0.231441
-2.638556 -5.591803 -16.305629 -4.402302 0.221110 0.130142 0.966526 0.709596 -0.701330 -0.067899 0.669017 0.700857 -0.247419
0.311740 -1.263371 2.290761 -5.375582 0.689756 -0.216238 0.690998 -0.234630 0.836107 0.495857 -0.684971 -0.504149 0.525974
0.115899 -1.315746 -5.563122 1.695442 0.684329 -0.223144 0.694191 -0.240638 0.829576 0.503882 -0.688322 -0.511869 0.514006
0.095779 -1.529172 -3.866378 -10.401188 0.696426 -0.264904 0.666946 -0.188150 0.829462 0.525920 -0.692525 -0.491750 0.527817
-0.532342 -3.762068 -23.465689 -0.536937 0.141409 -0.030597 0.989478 0.373202 0.927423 -0.024657 -0.916910 0.372762 0.142565
-0.794289 -3.756647 1.692481 -2.944411 0.189248 -0.088041 0.977974 0.436257 0.899816 -0.003415 -0.879696 0.427295 0.208697
-0.934671 -5.218294 4.659602 16.836330 0.401664 0.072838 0.912886 0.351128 0.908401 -0.226974 -0.845799 0.411707 0.339296
-0.869822 -4.934447 0.837036 18.266111 0.409542 0.118670 0.904540 0.452163 0.834748 -0.314236 -0.792353 0.537692 0.288207
-0.977481 -5.384095 3.473694 22.502156 0.365117 0.079095 0.927596 0.378835 0.897534 -0.225648 -0.850396 0.433794 0.297741
