12094
24174
-8.522929 -11.120217 100.398096 132.191869 -0.001570 0.952903 0.303271 -0.471123 0.266801 -0.840750 0.882066 0.144198 -0.448516
-6.932915 -10.497233 -47.481876 262.674554 0.190485 0.921170 0.339354 -0.624867 0.380384 -0.681798 0.757137 0.082179 -0.648066
-6.859110 -9.438984 74.019562 123.823936 -0.186227 0.982337 -0.018286 -0.578109 -0.124606 -0.806389 0.794424 0.139600 -0.591103
-5.688923 -7.892474 18.654700 113.824307 -0.307246 0.937250 -0.164812 -0.627880 -0.329798 -0.704982 0.715099 0.113121 -0.689809
-7.444059 -10.713395 79.199769 115.185237 -0.215660 0.976278 0.019289 -0.464419 -0.085173 -0.881510 0.858956 0.199065 -0.471770
-5.827884 -9.684425 -37.748234 109.473150 -0.356190 0.919652 -0.165436 -0.479557 -0.331868 -0.812336 0.801969 0.210010 -0.559233
-6.899204 -11.611038 -26.138897 -50.288746 -0.342916 0.939351 -0.005245 0.018117 0.001031 -0.999835 0.939191 0.342954 0.017372
-7.834591 -11.318753 35.935628 -67.719962 -0.257352 0.966129 -0.019083 0.063885 -0.002694 -0.997954 0.964204 0.258045 0.061028
-7.880854 -11.587136 31.976031 -9.355299 -0.264286 0.964056 0.027359 -0.138396 -0.009836 -0.990328 0.954463 0.265516 -0.136021
-9.277926 -11.531826 116.245137 -66.827946 -0.174100 0.984528 0.019864 0.012940 0.022458 -0.999664 0.984643 0.173784 0.016650
-9.978591 -11.607582 123.284712 -7.171273 -0.104718 0.967295 0.231027 -0.234600 0.201721 -0.950932 0.966435 0.153779 -0.205804
-2.838517 -6.660486 12.915943 -6.501276 0.367778 0.919200 -0.140750 -0.130848 0.201007 0.970812 -0.920662 0.338626 -0.194202
-2.556524 -6.034961 12.588418 -25.244243 0.420929 0.866875 -0.267107 -0.151280 0.357428 0.921607 -0.894390 0.347523 -0.281593
-2.511918 -6.234530 12.135121 -59.863709 0.391357 0.874999 -0.284986 -0.219117 0.389384 0.894633 -0.893772 0.287676 -0.344115
-2.264582 -5.598417 25.528789 -90.900590 0.369801 0.872100 -0.320452 -0.307781 0.440413 0.843390 -0.876652 0.213258 -0.431281
-2.864341 -6.957051 18.500318 -56.913515 0.318107 0.933051 -0.167998 -0.222201 0.245643 0.943550 -0.921648 0.262821 -0.285465
9.257168 -3.375814 3.719632 96.812894 0.281631 -0.793331 -0.539731 0.767765 -0.151068 0.622668 -0.575518 -0.589749 0.566546
6.669425 -5.835190 -135.327006 10.538303 -0.425870 0.821332 0.379538 0.602653 -0.055386 0.796079 -0.674866 -0.567756 0.471391
8.724888 -6.196141 27.848733 55.870492 -0.316610 0.920568 0.228720 0.621229 0.019019 0.783398 -0.716821 -0.390119 0.577905
15.262910 -1.723777 295.238465 93.370549 -0.080024 0.855938 0.510848 0.831716 -0.225135 0.507506 -0.549403 -0.465494 0.693882
0.642455 -8.470039 27.342326 33.246299 0.103496 0.993268 0.052024 0.977847 -0.092042 -0.188001 0.181947 -0.070329 0.980790
0.408967 -7.873096 31.505209 38.436342 0.126789 0.991102 0.040523 0.926912 -0.103832 -0.360630 0.353213 -0.083285 0.931828
0.990741 -7.883809 30.280055 64.185468 0.080153 0.994373 0.069262 0.959324 -0.058085 -0.276267 0.270689 -0.088588 0.958582
1.102295 -8.471398 17.432444 37.645985 0.079032 0.993099 0.086647 0.985629 -0.064827 -0.155993 0.149300 -0.097730 0.983950
1.245644 -7.640498 2.739359 57.259904 0.072842 0.989788 0.122531 0.951123 -0.031973 -0.307151 0.300097 -0.138915 0.943739
0.289606 -31.437772 5.168932 -107.932407 0.058773 0.997454 -0.040379 0.589848 -0.002066 0.807512 -0.805373 0.071277 0.588468
0.436484 -29.060242 -17.864368 -21.572611 -0.002253 0.996691 -0.081258 0.278416 0.078670 0.957233 -0.960458 0.020467 0.277672
0.268084 -32.261637 27.585753 -115.628935 0.054212 0.993885 -0.096194 0.229661 0.081342 0.969866 -0.971760 0.074670 0.223847
0.349906 -30.561436 27.273872 -17.436687 0.032342 0.986884 -0.158159 -0.105097 0.160722 0.981388 -0.993936 0.015118 -0.108917
-0.032422 -32.114447 17.620324 5.119778 0.043337 0.995099 -0.088886 0.354247 0.067884 0.932685 -0.934147 0.071907 0.349568
0.124722 -31.280836 27.838985 -74.230540 0.045434 0.987753 -0.149267 -0.010519 0.149886 0.988647 -0.998912 0.043348 -0.017200
2.058016 -3.648010 124.779770 -57.001796 -0.153915 0.935690 -0.317481 0.012421 -0.319452 -0.947521 0.988006 0.149781 -0.037546
1.351984 -2.689689 108.187885 -65.508713 -0.157804 0.919660 -0.359615 0.074084 -0.352126 -0.933016 0.984688 0.173875 0.012565
0.573537 -3.925166 118.730628 -59.509146 -0.178233 0.936850 -0.300908 -0.004182 -0.306523 -0.951854 0.983979 0.168393 -0.058550
1.566552 -4.771842 140.373889 -41.800393 -0.172992 0.944503 -0.279264 -0.079482 -0.296001 -0.951875 0.981711 0.142470 -0.126277
1.129304 -18.589757 68.748376 73.733050 -0.119121 0.966839 0.225904 0.983845 0.084318 0.157920 0.133635 0.241066 -0.961264
1.541323 -18.228339 71.976301 -146.824183 -0.107416 0.967395 0.229366 -0.890935 0.008727 -0.454046 0.441244 0.253123 -0.860949
0.999811 -17.253548 48.653723 -130.649568 -0.123423 0.964429 0.233761 -0.950395 -0.047104 -0.307459 0.285512 0.260113 -0.922402
1.198546 -16.401159 48.945471 -96.919710 -0.113123 0.965086 0.236246 -0.859984 0.023981 -0.509758 0.497626 0.260833 -0.827245
0.528694 -17.875599 -14.587931 40.455173 -0.123561 0.973893 0.190433 0.982083 0.092496 0.164187 0.142287 0.207308 -0.967873
0.926268 -17.722476 39.475432 54.656711 -0.125285 0.966574 0.223691 0.990562 0.109235 0.082789 0.055587 0.231952 -0.971138
0.070368 -3.041030 20.162696 9.375618 0.093580 0.856099 0.508269 -0.279228 0.512588 -0.811964 0.955654 0.065940 -0.287015
0.557197 -3.424800 30.260163 56.640370 0.146324 0.718056 0.680430 -0.194797 0.695281 -0.691837 0.969868 0.031314 -0.241611
-0.397124 -3.914054 21.168232 24.178477 0.101278 0.847244 0.521460 -0.249426 0.529038 -0.811114 0.963083 0.047918 -0.264904
-0.649984 -4.078603 16.811648 -32.144007 0.024351 0.952692 0.302961 -0.319797 0.294550 -0.900539 0.947173 0.074956 -0.311841
-0.026689 -3.201730 21.833148 -27.269652 0.008596 0.958972 0.283371 -0.339688 0.269330 -0.901151 0.940499 0.088511 -0.328066
-1.055383 -16.219065 34.379324 188.495050 -0.447765 0.825167 0.344392 0.468040 0.544478 -0.696048 0.761869 0.150477 0.630009
-1.563034 -15.328782 30.349379 -19.092210 -0.412468 0.866574 0.280925 0.365568 0.439914 -0.820266 0.834404 0.235636 0.498242
-0.919888 -15.255651 44.186405 33.297006 -0.435638 0.855684 0.279330 0.343774 0.444965 -0.826938 0.831889 0.264219 0.488005
-1.363229 -17.708971 1.520829 115.871456 -0.399207 0.851962 0.338814 0.476331 0.508470 -0.717333 0.783417 0.124977 0.608800
-0.315123 -18.370741 49.703207 302.232731 -0.452148 0.829845 0.326985 0.499733 0.539346 -0.677770 0.738803 0.143047 0.658565
-1.083380 -21.445041 1.526363 357.262738 -0.434289 0.820732 0.371203 0.631846 0.571270 -0.523853 0.642000 -0.007040 0.766672
-0.537637 -18.995863 55.669668 310.160017 -0.462353 0.818689 0.340556 0.611182 0.572507 -0.546527 0.642406 0.044547 0.765069
-1.256405 -37.937030 62.851685 73.919739 0.505359 -0.766266 -0.396797 0.684734 0.076267 0.724792 -0.525121 -0.637981 0.563231
-1.159561 -44.914024 31.345121 1079.965392 0.478110 -0.779020 -0.405633 0.866272 0.342090 0.364070 -0.144855 -0.525454 0.838400
-0.778399 -37.889498 70.810339 307.145447 0.468102 -0.784535 -0.406675 0.848771 0.271106 0.453970 -0.245903 -0.557679 0.792796
50.784318 -3757.150667 5804.416238 -265776.681912 -0.279341 0.880045 0.384044 -0.278079 -0.456972 0.844896 -0.919044 -0.129219 -0.372373
2.937390 -68.241234 -95.578016 -2607.612410 -0.356884 0.919426 0.165197 -0.706727 -0.381388 0.595886 -0.610877 -0.095913 -0.785894
8.097614 -185.455717 -247.679892 -9454.560110 -0.379232 0.871035 0.312219 -0.653868 -0.491017 0.575638 -0.654706 -0.014150 -0.755752
4.037139 -109.434523 63.469229 -4435.300413 -0.311723 0.935673 0.165365 -0.531061 -0.315883 0.786252 -0.787910 -0.157273 -0.595367
0.987674 -102.912292 151.572356 -3656.828507 -0.143519 0.973375 0.178726 -0.515354 -0.227685 0.826178 -0.844874 -0.026465 -0.534310
-1.153275 -113.922961 227.507945 4279.611086 -0.095520 0.979831 0.175521 0.230868 -0.149712 0.961398 -0.968285 -0.132355 0.211911
4.200012 -80.058490 52.320434 -1097.903975 -0.320949 0.927057 0.193798 -0.133779 -0.246947 0.959750 -0.937601 -0.282104 -0.203279
-2.121981 -207.764604 116.875183 11533.549476 -0.215475 0.970456 0.108560 0.310206 -0.037388 0.949934 -0.925928 -0.238363 0.292985
-0.827525 -22.369258 14.246121 -428.770652 -0.139536 0.980522 0.138227 -0.108267 -0.153863 0.982143 -0.984280 -0.122079 -0.127628
-0.221173 -17.361677 11.451800 -235.820599 -0.130301 0.977727 0.164534 -0.303804 -0.197339 0.932073 -0.943782 -0.071464 -0.322751
-0.459834 -19.296003 3.678405 -272.046558 -0.148497 0.967210 0.206043 -0.241401 -0.237504 0.940913 -0.958997 -0.089984 -0.268754
1.579868 0.858337 284.956634 -30.308145 0.191856 0.042668 0.980495 -0.025916 0.998926 -0.038399 -0.981081 -0.018043 0.192756
3.804422 1.178823 200.105813 -12.054099 0.132984 0.012026 0.991045 0.018376 0.999725 -0.014597 -0.990948 0.020152 0.132726
4.373469 0.868345 214.883453 -27.652480 0.127982 0.065337 0.989622 -0.034892 0.997507 -0.061346 -0.991163 -0.026678 0.129942
-1.136855 -7.688173 7.068495 20.795904 0.065493 0.990659 -0.119604 -0.941827 0.021772 -0.335393 0.329656 -0.134612 -0.934455
-1.356089 -8.212100 8.233862 159.750327 0.132297 0.986239 -0.099152 -0.915198 0.083123 -0.394339 0.380670 -0.142913 -0.913601
-1.172074 -8.486472 2.785535 41.926993 0.127220 0.983458 -0.128940 -0.932335 0.074208 -0.353898 0.338475 -0.165238 -0.926354
-1.113596 -7.242206 14.148260 141.975603 0.079144 0.992762 -0.090333 -0.922004 0.038447 -0.385268 0.379006 -0.113779 -0.918373
-0.969568 -7.178469 5.439946 11.666694 0.029447 0.992950 -0.114816 -0.940212 -0.011478 -0.340397 0.339315 -0.117975 -0.933246
-1.044437 -6.998124 -1.930924 -97.388322 0.012355 0.990905 -0.133996 -0.955553 -0.027776 -0.293508 0.294561 -0.131666 -0.946519
16.087499 -347.878876 -49.223026 17174.032331 0.987895 0.115013 -0.104090 -0.152683 0.839459 -0.521533 -0.027397 -0.531113 -0.846858
-64.000527 -127.545424 288.783153 -7713.552946 -0.305906 -0.331978 -0.892307 0.917664 0.146839 -0.369230 0.253602 -0.931788 0.259726
-7.154595 -64.371592 -889.089082 -3766.996538 0.926270 -0.125794 0.355247 0.365171 0.532560 -0.763564 0.093138 -0.836992 -0.539230
3.302465 -36.737381 -52.477527 -808.245070 0.899519 -0.436239 -0.023672 -0.033632 -0.123168 0.991816 0.435584 0.891361 0.125464
3.221140 -35.681176 -66.013864 -1044.288417 0.884195 -0.464956 -0.044888 0.145663 0.183142 0.972235 0.443826 0.866184 -0.229660
4.039330 -39.085874 -140.860678 -673.862709 0.894945 -0.441739 -0.062768 0.013370 -0.114067 0.993383 0.445976 0.889863 0.096178
4.328161 -50.760083 -74.535345 780.305737 0.856242 -0.506896 -0.099527 -0.200988 -0.504390 0.839759 0.475871 0.699033 0.533760
3.178851 -47.629092 -68.738698 644.314411 0.917162 -0.397045 -0.034198 -0.208995 -0.552282 0.807035 0.339316 0.733035 0.589512
6.299130 -42.469778 -127.976907 -555.881062 0.815810 -0.569419 -0.101075 0.046461 -0.109677 0.992881 0.576451 0.814698 0.063020
1.043818 -4.469340 -41.885378 0.526028 0.178786 0.980344 0.083435 0.150088 0.056634 -0.987049 0.972373 -0.188993 0.137013
1.030331 -4.896503 -33.114360 -24.460246 0.165075 0.986046 0.021505 0.072660 0.009587 -0.997311 0.983601 -0.166194 0.070063
0.187637 -4.446652 -50.734454 -4.888240 0.188516 0.981965 0.014396 0.054459 0.004184 -0.998507 0.980559 -0.189019 0.052688
0.458920 -4.518001 -59.083619 29.299691 0.205734 0.967884 0.144479 0.177386 0.108308 -0.978163 0.962397 -0.226870 0.149406
-7.500665 -9.374664 -45.377877 -21.243598 0.510991 0.855788 -0.080717 0.332957 -0.110484 0.936447 -0.792482 0.505391 0.341397
-6.582863 -9.508423 -45.450471 -24.195917 0.420775 0.907046 0.014681 0.286179 -0.148080 0.946665 -0.860843 0.394131 0.321886
-7.514356 -9.326204 -45.967271 4.944905 0.498016 0.864892 -0.062790 0.435666 -0.186941 0.880482 -0.749783 0.465849 0.469903
-8.487884 -9.427823 -47.392568 14.065506 0.596370 0.784508 -0.169972 0.451365 -0.152634 0.879188 -0.663787 0.601041 0.445126
2.144596 -8.474979 -25.292889 186.961239 0.030124 -0.477443 0.878146 0.802456 -0.512255 -0.306038 0.595951 0.713893 0.367695
1.789083 -9.231623 39.913629 250.553472 -0.093822 -0.508556 0.855902 0.802885 -0.546998 -0.237002 0.588705 0.664955 0.459632
1.254612 -12.060371 15.599186 205.872990 0.011681 -0.513798 0.857832 0.898490 -0.371107 -0.234509 0.438838 0.773493 0.457308
1.060161 -11.719319 -63.069197 182.602389 0.117249 -0.460158 0.880061 0.878437 -0.365317 -0.308045 0.463250 0.809196 0.361387
1.930280 -8.263429 -65.132124 180.236668 0.071708 -0.434981 0.897580 0.769596 -0.548321 -0.327208 0.634491 0.714238 0.295440
-9.670997 -54.137917 248.448040 -1617.293651 -0.818610 -0.544717 -0.182101 -0.542405 0.837459 -0.066781 0.188878 0.044105 -0.981010
-15.144993 -57.942230 19.543103 -1239.625035 -0.704668 -0.663411 -0.251652 -0.595139 0.745744 -0.299459 0.386332 -0.061251 -0.920324
-8.728411 -30.108696 139.212549 -834.273360 -0.863421 -0.469315 -0.185061 -0.470816 0.881388 -0.038559 0.181207 0.053837 -0.981970
21.178349 -236.358992 -1098.530284 -9133.981961 0.896577 0.420545 0.138894 -0.436321 0.892526 0.114106 0.075980 0.162907 -0.983711
-0.639790 -7.691993 -28.707855 4.467147 -0.036408 0.952871 -0.301182 -0.944659 -0.131139 -0.300702 0.326027 -0.273566 -0.904913
-0.453161 -7.669336 -47.797370 -9.503804 -0.048012 0.943055 -0.329155 -0.942608 -0.151792 -0.297405 0.330433 -0.295985 -0.896218
-0.733533 -7.713893 -25.796983 -27.139014 -0.030152 0.952841 -0.301968 0.976871 0.092073 0.192990 0.211691 -0.289165 -0.933579
-0.957513 -7.678091 -6.647024 -32.231536 -0.030883 0.963733 -0.265075 0.971870 0.090904 0.217269 0.233486 -0.250909 -0.939430
2.553216 -16.798885 50.150643 -31.002587 0.397058 0.899228 -0.183666 0.701672 -0.168423 0.692308 -0.591609 0.403760 0.697837
3.655064 -16.163250 22.065684 59.598337 0.327250 0.932332 -0.153832 0.561676 -0.061009 0.825105 -0.759887 0.356419 0.543634
2.863411 -16.673865 82.002466 16.401073 0.417272 0.888648 -0.190235 0.550505 -0.080615 0.830931 -0.723069 0.451449 0.522843
2.273687 -16.241726 79.401164 -40.881842 0.439427 0.880685 -0.176911 0.400362 -0.015715 0.916222 -0.804123 0.473441 0.359499
1.568870 -16.412542 52.002258 -69.246701 0.424929 0.885889 -0.186105 0.587569 -0.113528 0.801170 -0.688620 0.449790 0.568762
2.077444 -16.716973 60.589861 -20.051712 0.418787 0.888582 -0.187186 0.697313 -0.182634 0.693109 -0.581698 0.420792 0.696104
0.625218 -24.670831 -39.975485 -147.123679 -0.189284 -0.978428 -0.082762 0.979921 -0.193605 0.047670 -0.062665 -0.072077 0.995429
0.224292 -24.276087 -27.840603 -196.106187 0.223700 0.967717 0.116109 0.966487 -0.235638 0.101870 -0.125941 -0.089429 0.987999
0.267247 -24.724301 14.645005 63.479041 0.190763 0.978055 0.083767 0.900295 -0.208330 0.382188 -0.391253 -0.002508 0.920280
1632.452738 -132.367691 80467.674255 -4388.377537 0.230231 0.877590 -0.420511 0.972860 -0.197280 0.120928 0.023167 -0.436940 -0.899193
479.172377 -45.424142 23219.205609 78.534816 0.071396 0.919111 -0.387475 0.985871 -0.006011 0.167398 0.151529 -0.393952 -0.906554
55.008198 -7.420624 2420.439450 -52.623956 0.028809 0.974058 -0.224457 0.996378 -0.010011 0.084441 0.080003 -0.226077 -0.970819
-0.037072 -5.916128 4.085771 -6.168781 0.065123 0.996114 -0.059287 0.390804 -0.080127 -0.916980 0.918167 -0.036547 0.394504
-0.139573 -5.739820 40.778847 -57.514985 0.049881 0.996733 -0.063529 0.511230 -0.080124 -0.855701 0.857995 -0.010205 0.513557
-0.547983 -6.397531 42.846137 -30.466321 0.056944 0.994272 -0.090443 0.423105 -0.106086 -0.899849 0.904290 -0.012974 0.426722
0.310272 -5.265540 -2.123743 -54.674528 0.059866 0.998164 -0.009165 0.533649 -0.039763 -0.844771 0.843585 -0.045682 0.535050
0.307003 -14.234073 -35.641076 33.485987 0.178783 0.982165 0.058208 0.950806 -0.157256 -0.266904 0.252990 -0.103062 0.961964
0.534332 -14.155241 -57.168272 46.710054 0.157895 0.984534 0.075911 0.981582 -0.148119 -0.120652 0.107542 -0.093563 0.989788
1.103337 -15.069672 -72.788967 68.779118 0.143739 0.985359 0.091686 0.961321 -0.117033 -0.249331 0.234950 -0.123978 0.964068
0.114803 -6.950934 31.601413 46.252896 -0.155468 0.921807 -0.355108 -0.228250 -0.383273 -0.894988 0.961110 0.058089 -0.269989
0.012126 -6.553666 25.049241 34.528263 -0.157861 0.928099 -0.337213 -0.326960 -0.371359 -0.869016 0.931760 0.026928 -0.362075
0.655792 -6.280144 58.696695 20.950455 -0.160181 0.910055 -0.382285 -0.358834 -0.414475 -0.836331 0.919554 -0.003213 -0.392950
-0.269167 -7.518064 -4.646544 41.014946 -0.116758 0.949709 -0.290551 -0.208238 -0.309459 -0.927832 0.971084 0.047828 -0.233898
-0.357166 -7.751648 22.770672 64.066466 -0.156168 0.928241 -0.337610 -0.107132 -0.355706 -0.928437 0.981903 0.108824 -0.154994
-0.533997 -8.187009 -5.263534 73.562880 -0.122721 0.955473 -0.268348 -0.121928 -0.282859 -0.951380 0.984923 0.084035 -0.151212
-0.652677 -23.018048 -6.658780 196.497158 -0.153106 0.934782 -0.320533 -0.777813 0.086082 0.622572 -0.609561 -0.344635 -0.713906
-0.802621 -25.210368 11.616396 207.178546 -0.163549 0.935528 -0.313112 -0.702351 0.112465 0.702890 -0.692787 -0.334871 -0.638676
-0.669658 -21.533596 4.876932 112.834649 -0.162604 0.937115 -0.308831 -0.568936 0.166676 0.805314 -0.806146 -0.306652 -0.506057
-0.685274 -23.445801 -3.192190 175.547386 -0.151593 0.941880 -0.299803 -0.617361 0.146650 0.772890 -0.771936 -0.302251 -0.559249
-0.809055 -25.260341 -26.988544 227.606375 -0.141351 0.939225 -0.312851 -0.847641 0.048424 0.528356 -0.511395 -0.339869 -0.789281
2.321125 -4.091544 42.443835 0.119362 0.110586 0.990353 0.083491 0.823559 -0.044288 -0.565500 0.556347 -0.131296 0.820512
2.175154 -4.145870 75.195275 -13.433446 0.043066 0.993926 0.101278 0.793116 0.027634 -0.608444 0.607547 -0.106528 0.787108
2.956114 -4.494959 51.960961 -7.518507 0.105462 0.988056 0.112349 0.769100 -0.009426 -0.639059 0.630367 -0.153804 0.760909
1.700172 -3.955652 41.734733 3.611230 0.056928 0.994481 0.088124 0.814108 0.004854 -0.580693 0.577916 -0.104800 0.809339
1.814219 -4.174171 32.251424 1.466601 0.093976 0.991537 0.089570 0.873016 -0.038827 -0.486143 0.478552 -0.123882 0.869277
1.508321 -4.049915 32.882652 10.918275 0.066008 0.995016 0.074740 0.851360 -0.017095 -0.524303 0.520412 -0.098239 0.848245
-0.335242 -23.981579 -55.294333 215.736308 -0.071917 0.979835 -0.186418 -0.074316 0.181118 0.980649 -0.994638 -0.084379 -0.059792
-0.391158 -19.344037 -22.879884 190.070084 -0.053123 0.985205 -0.162936 0.145876 0.169072 0.974749 -0.987876 -0.028013 0.152699
-0.586650 -22.117060 -46.685696 319.617864 -0.052677 0.980481 -0.189428 -0.087046 0.184461 0.978978 -0.994811 -0.068058 -0.075630
1.605838 -7.009243 7.940159 25.257296 -0.039306 0.996604 -0.072353 0.389031 0.081958 0.917572 -0.920386 -0.007918 0.390931
1.276763 -7.369941 22.675869 7.833971 -0.035681 0.985917 -0.163384 0.337315 0.165775 0.926681 -0.940716 0.022047 0.338479
1.903414 -7.081891 40.049236 24.555178 -0.011535 0.992106 -0.124868 0.477736 0.115170 0.870922 -0.878428 0.049608 0.475293
2.238729 -6.752831 8.472823 23.887322 -0.025890 0.999595 -0.011817 0.505512 0.023290 0.862505 -0.862431 -0.016356 0.505910
1.700913 -6.707936 -6.511707 39.731285 -0.040960 0.999074 0.013200 0.423271 0.005383 0.905987 -0.905077 -0.042696 0.423100
2.426785 -5.333218 -104.640893 -54.756733 0.033430 0.997921 0.055092 0.221296 -0.061146 0.973288 -0.974634 0.020345 0.222880
3.370720 -4.538967 -91.301745 -64.697104 0.079892 0.994035 0.074237 0.143879 -0.085195 0.985921 -0.986365 0.068087 0.149828
3.447095 -5.557258 -74.457508 -47.987061 0.103760 0.993152 0.053700 0.263086 -0.079474 0.961494 -0.959177 0.085637 0.269530
2.012338 -6.100285 -98.272126 -28.113875 0.036440 0.998323 0.044973 0.339874 -0.054700 0.938879 -0.939765 0.018927 0.341297
-0.883947 -4.487771 -15.156590 30.630447 0.238126 0.964392 0.115081 0.723603 -0.255198 0.641306 -0.647839 0.069439 0.758606
-0.575535 -3.917089 -14.560595 28.004293 0.163405 0.984805 0.058805 0.794749 -0.166718 0.583592 -0.584528 0.048626 0.809915
-0.937654 -4.235736 -26.721761 30.370593 0.223412 0.969552 0.100280 0.767363 -0.238388 0.595252 -0.601034 0.056035 0.797257
-0.883894 -20.759510 25.690498 292.886536 0.324710 0.945720 -0.013275 0.081096 -0.041822 -0.995828 0.942330 -0.322279 0.090274
-0.713088 -17.645711 36.129833 437.031864 0.327395 0.944779 -0.014310 -0.212541 0.058878 -0.975377 0.920673 -0.322375 -0.220081
-0.784324 -17.353425 -27.401907 443.175919 0.382213 0.923192 -0.040368 -0.220948 0.048883 -0.974060 0.897271 -0.381218 -0.222662
-0.003417 -52.247645 82.908793 1329.358532 0.207901 0.977805 -0.025975 0.204605 -0.017504 0.978688 -0.956511 0.208785 0.203703
-0.157628 -89.016900 6.538489 3509.456907 0.152038 0.986529 -0.060369 0.181893 0.032108 0.982794 -0.971493 0.160402 0.174562
-0.270595 -39.760976 -20.182776 1051.781282 0.140690 0.990000 0.010346 0.461650 -0.074842 0.883899 -0.875834 0.119580 0.467563
0.748783 -65.702506 133.287997 1882.842391 0.229077 0.972368 -0.045000 -0.154283 0.081914 0.984625 -0.961104 0.218612 -0.168785
0.237905 -30.463654 4.295436 705.730137 0.163410 0.985242 0.050953 0.517062 -0.129515 0.846092 -0.840205 0.111914 0.530596
0.181192 -30.501773 16.735107 386.065402 0.170727 0.984728 0.034098 0.478631 -0.113132 0.870697 -0.861258 0.132331 0.490636
-0.198562 -53.707440 51.706942 952.138069 0.225053 0.972302 -0.063083 -0.234837 0.116964 0.964972 -0.945623 0.202356 -0.254656
-6.009429 -11.748897 -124.366067 199.346277 0.250347 0.899430 0.358262 -0.478564 0.436640 -0.761789 0.841608 -0.019260 -0.539746
-4.453343 -11.947316 -164.093506 311.872229 0.311394 0.906030 0.286607 -0.617470 0.422170 -0.663704 0.722333 -0.029702 -0.690908
-5.287326 -7.864443 -70.555290 168.124401 0.111916 0.985425 0.128113 -0.750684 0.168313 -0.638861 0.651113 0.024673 -0.758580
-7.668494 -11.171381 -25.331943 -44.910378 -0.344501 0.937705 -0.045050 0.211145 0.030635 -0.976974 0.914733 0.346080 0.208546
-8.264798 -10.825368 49.589400 -89.795457 -0.228046 0.973489 -0.017726 0.202848 0.029696 -0.978760 0.952286 0.226798 0.204242
9.040447 -9.444987 -229.437722 73.569786 0.287900 0.922817 0.255974 -0.232595 0.326667 -0.916072 0.928985 -0.204199 -0.308690
6.235331 -10.956057 -115.920392 107.198547 0.347913 0.910646 0.222891 -0.214897 0.308875 -0.926507 0.912566 -0.274445 -0.303157
8.429720 -10.719522 -200.397636 -8.893863 0.320107 0.935523 0.149428 -0.043505 0.172077 -0.984122 0.946382 -0.308524 -0.095782
6.628947 -9.764248 -193.814350 46.039353 0.346810 0.889889 0.296346 -0.322991 0.409941 -0.853009 0.880568 -0.200115 -0.429598
9.443879 -7.857091 -107.625852 -37.252299 0.138478 0.956256 0.257677 -0.112967 0.273737 -0.955147 0.983902 -0.103158 -0.145932
9.600816 -8.368421 -278.293505 67.285287 0.293722 0.902491 0.315020 -0.379317 0.412542 -0.828208 0.877409 -0.123771 -0.463503
9.083572 -7.266455 -84.726306 86.457708 0.113128 0.931667 0.345252 -0.309634 0.363237 -0.878741 0.944102 0.007491 -0.329568
-2.900329 -5.837841 -0.341608 21.565064 0.421880 0.898506 -0.121261 -0.089487 0.174358 0.980608 -0.902225 0.402847 -0.153963
-2.815172 -5.624313 -21.884183 -19.680653 0.447590 0.841552 -0.302412 -0.121967 0.392469 0.911643 -0.885882 0.371158 -0.278307
19.150981 -2.716650 -559.664170 130.026556 -0.047739 -0.398569 -0.915895 0.870329 -0.466551 0.157664 -0.490151 -0.789603 0.369159
12.588666 -4.454335 -511.398003 108.241926 -0.102583 -0.460953 -0.881476 0.823972 -0.535819 0.184307 -0.557268 -0.707404 0.434778
13.967921 -2.075152 -461.393791 101.635651 0.021231 -0.601399 -0.798667 0.864325 -0.390459 0.316993 -0.502486 -0.697038 0.511514
-0.028913 -8.190548 17.006708 29.457624 0.155976 0.986993 0.038935 0.950523 -0.139258 -0.277694 0.268660 -0.080322 0.959880
-0.230960 -7.682276 19.938603 20.460177 0.168706 0.985298 0.026942 0.893074 -0.141234 -0.427167 0.417082 -0.096127 0.903771
-0.011066 -7.842367 37.191749 -21.283033 0.166370 0.986009 0.010354 0.863545 -0.140621 -0.484268 0.476037 -0.089509 0.874858
0.535157 -7.313917 40.292802 16.703225 0.124837 0.991475 0.037320 0.890284 -0.095334 -0.445316 0.437962 -0.088817 0.894595
0.765281 -27.102319 9.225360 45.899091 0.045249 0.998650 -0.025496 0.625580 -0.008428 0.780114 -0.778847 0.051249 0.625117
0.984103 -28.026948 33.506215 26.923031 0.048982 0.998157 -0.035826 0.546579 0.003234 0.837402 -0.835974 0.060600 0.545413
0.415069 -28.908348 -67.040350 -1.028571 -0.042872 0.985351 -0.165064 -0.105203 0.159845 0.981520 -0.993526 -0.059445 -0.096809
2.384291 -2.082754 68.887609 -68.190477 -0.102578 0.919985 -0.378294 0.103303 -0.368391 -0.923914 0.989346 0.133852 0.057248
0.995829 -1.473006 69.261793 -63.884469 -0.144235 0.936140 -0.320685 0.114453 -0.306117 -0.945089 0.982902 0.173018 0.062991
1.534757 -18.538945 65.955328 47.112736 -0.092662 0.967815 0.233984 -0.769995 0.079339 -0.633098 0.631285 0.238831 -0.737861
-2.874117 -26.926240 3.551619 412.917860 -0.181611 0.979363 0.088688 0.781089 0.088874 0.618062 -0.597425 -0.181521 0.781110
-2.588439 -28.415418 0.995181 -170.036051 -0.184951 0.976566 0.110053 0.523780 0.003200 0.851847 -0.831533 -0.215194 0.512098
-2.963076 -27.268904 -28.981213 148.863001 -0.195232 0.967240 0.162268 0.701700 0.022165 0.712127 -0.685202 -0.252893 0.683040
0.409436 -4.310791 34.074223 54.962424 0.143944 0.715434 0.683692 -0.141128 0.698666 -0.701390 0.979471 -0.004473 -0.201536
-1.273389 -17.978770 21.073290 -193.861552 -0.395919 0.887959 0.234046 0.211996 0.336371 -0.917558 0.893480 0.313662 0.321419
-1.564228 -18.015585 -3.297187 -97.140428 -0.373722 0.889768 0.262002 0.308501 0.385626 -0.869551 0.874733 0.244143 0.418612
8.085011 -226.659910 -9.108575 -11730.020762 -0.119887 0.989642 0.078970 -0.939091 -0.138848 0.314370 -0.322079 0.036471 -0.946010
1.966383 -66.157438 -140.309026 -1581.098345 -0.371382 0.919572 0.128308 -0.814523 -0.389007 0.430379 -0.445678 -0.055325 -0.893482
2.334374 -66.397075 -112.900673 -2509.014495 -0.362175 0.925264 0.112762 -0.886853 -0.379297 0.263867 -0.286917 0.004437 -0.957945
1.412979 -17.651710 7.271427 -6.819245 -0.074763 0.985652 0.151332 0.990753 0.090650 -0.100951 -0.113220 0.142385 -0.983315
1.160993 -18.168996 6.324963 72.884465 -0.107887 0.980931 0.161659 -0.974831 -0.136293 0.176433 -0.195102 0.138556 -0.970947
1.068115 -17.269304 8.206577 141.425885 -0.100597 0.981354 0.163782 -0.924144 -0.153146 0.350006 -0.368563 0.116148 -0.922318
1.673744 -18.505944 8.103068 100.837577 -0.085678 0.984645 0.152100 0.984176 0.059876 0.166772 0.155104 0.163982 -0.974193
1.067690 -16.700553 -18.179499 124.485025 -0.082459 0.988748 0.124812 -0.907515 -0.126253 0.400596 -0.411846 0.080236 -0.907714
1.946560 -17.833613 -8.388992 -71.576687 -0.049696 0.990647 0.127081 -0.984530 -0.027184 -0.173095 0.168021 0.133717 -0.976672
1.292197 -17.051224 -21.174623 -3.453206 -0.046557 0.993164 0.107038 -0.991622 -0.058877 0.114977 -0.120494 0.100789 -0.987584
-0.115151 -21.901924 43.808347 -412.614486 -0.107445 0.988396 0.107369 -0.259592 -0.132138 0.956635 -0.959723 -0.074914 -0.270777
0.189417 -15.485372 28.532600 -118.820439 -0.105092 0.983487 0.147339 -0.422428 -0.178277 0.888691 -0.900283 -0.031154 -0.434188
4.517968 1.172378 -42.431529 -20.041882 -0.060267 0.072146 0.995572 -0.002187 0.997373 -0.072408 -0.998180 -0.006541 -0.059951
3.783496 1.259654 -57.407027 -9.849797 -0.077261 0.147870 0.985984 0.036067 0.988708 -0.145453 -0.996358 0.024324 -0.081721
3.012140 1.276827 190.248923 11.183625 0.141568 -0.202711 0.968951 0.065129 0.978596 0.195213 -0.987784 0.035471 0.151740
-0.600570 -7.369705 -16.882060 -63.018055 0.039480 0.982231 -0.183475 0.998164 -0.047210 -0.037952 -0.045939 -0.181640 -0.982291
-0.685900 -7.518631 -10.432616 -110.044280 0.022969 0.986094 -0.164594 0.999693 -0.024181 -0.005364 -0.009269 -0.164420 -0.986347
-0.786080 -7.307905 -11.438529 -27.578369 0.069102 0.981593 -0.178042 0.992069 -0.048832 0.115819 0.104993 -0.184634 -0.977183
-0.727699 -5.866917 4.763384 10.366372 0.093569 0.920601 0.379128 -0.147691 0.389420 -0.909142 0.984597 -0.029074 -0.172402
-0.895097 -5.433769 15.464950 19.401120 0.074007 0.926213 0.369664 -0.217000 0.376755 -0.900537 0.973362 0.013571 -0.228871
-0.113509 -5.252863 23.780296 37.402301 0.114099 0.818431 0.563162 -0.102008 0.573520 -0.812816 0.988218 -0.035294 -0.148925
-0.185028 -6.214592 19.905730 14.029063 0.104703 0.878865 0.465440 -0.043140 0.471585 -0.880765 0.993567 -0.072139 -0.087290
-20.948325 -211.646421 -2958.234905 1146.622970 0.794850 -0.028809 -0.606122 0.082061 0.994800 0.060329 0.601232 -0.097691 0.793080
25.985774 -29.002591 800.010599 484.037354 0.764185 -0.161969 -0.624329 0.438137 -0.580003 0.686755 0.473346 0.798350 0.372265
-22.445312 -435.973970 -229.190768 -20774.745640 0.396926 -0.368366 0.840688 0.810919 -0.288313 -0.509202 0.429954 0.883845 0.184276
-5.495607 -85.428000 -179.095462 3017.919158 0.766235 -0.073522 0.638340 -0.565848 0.393514 0.724543 0.304465 0.916374 -0.259922
-10.073991 -177.550790 -583.644353 -7056.466425 0.922092 -0.377830 0.083609 -0.004379 0.205858 0.978572 0.386946 0.902700 -0.188165
1.710519 -4.968660 -18.334779 -29.967879 0.152678 0.987107 0.048060 0.169409 0.021770 -0.985305 0.973648 -0.158576 0.163901
-5.958536 -9.660328 -29.466239 -6.087476 0.288072 0.954040 0.082593 -0.004383 -0.084934 0.996377 -0.957599 0.287390 0.020286
-6.081810 -9.524727 -35.365817 -16.414440 0.349905 0.932707 0.087316 0.155685 -0.149809 0.976381 -0.923758 0.328047 0.197627
-6.466242 -9.074331 -41.960240 -10.533919 0.409536 0.908820 0.079536 0.032469 -0.101647 0.994291 -0.911716 0.404615 0.071137
-5.649602 -9.763750 1.884421 -19.183573 0.275870 0.954952 0.109375 0.189779 -0.165665 0.967749 -0.942274 0.246216 0.226932
-6.236093 -9.132548 -39.711266 7.866229 0.373240 0.923887 0.084411 -0.096689 -0.051753 0.993968 -0.922683 0.379150 -0.070014
-5.488491 -9.745229 4.606326 -16.035247 0.211376 0.973708 0.084926 0.007925 -0.088593 0.996036 -0.977373 0.209865 0.026444
3.642193 -6.893595 85.781043 -189.259976 0.241633 0.471868 -0.847912 -0.745887 0.649249 0.148752 0.620697 0.596503 0.508841
2.402353 -7.249026 -4.140822 -229.727833 0.197348 0.474914 -0.857619 -0.756421 0.630254 0.174947 0.623603 0.614196 0.483614
2.786682 -4.327092 0.837691 -70.009541 0.195846 0.471346 -0.859928 -0.742041 0.644527 0.184282 0.641107 0.602012 0.475987
3.717170 -4.228361 90.322196 -61.257550 0.205162 0.505643 -0.837994 -0.733851 0.645995 0.210127 0.647589 0.571853 0.503600
2.130323 -3.496018 -39.962286 -18.152467 0.163168 0.448026 -0.879005 -0.733428 0.650998 0.195667 0.659894 0.612760 0.434816
2.469878 -2.948853 5.018174 -0.773779 0.179916 0.485383 -0.855590 -0.736564 0.642980 0.209881 0.652000 0.592436 0.473198
1.914405 -20.234966 45.895513 303.424363 -0.032302 0.977257 -0.209585 0.041778 0.210831 0.976629 -0.998605 -0.022791 0.047638
13.682634 -83.451250 -225.608370 3599.136468 -0.128573 0.920710 0.368459 -0.256060 -0.389766 0.884599 -0.958072 -0.019388 -0.285870
2.611359 -28.997757 84.489193 647.473775 0.015991 0.997864 -0.063345 -0.031726 0.063828 0.997456 -0.999369 0.013941 -0.032679
3.944985 -9.821319 68.049525 -182.456591 -0.037941 0.856316 -0.515056 -0.143105 0.505458 0.850901 -0.988980 -0.105991 -0.103365
0.764725 -19.926326 -4.368543 307.756383 -0.013232 0.996721 -0.079827 0.272866 0.080403 0.958686 -0.961961 0.009097 0.273035
-0.119291 -15.277232 -58.868897 138.354253 -0.079058 0.981052 -0.176882 0.306651 0.192767 0.932098 -0.948533 -0.019449 0.316080
0.742289 -11.251452 24.793620 -127.668261 -0.076015 0.914976 -0.396282 0.089451 0.402087 0.911221 -0.993086 -0.033819 0.112411
1.531267 -6.747542 -114.286705 -17.029916 0.026553 0.998803 0.041078 0.464117 -0.048712 0.884433 -0.885376 0.004419 0.464855
-0.721594 -7.085090 -41.872289 -30.063575 -0.024363 0.995042 -0.096429 0.486280 0.096073 0.868506 -0.873463 0.025732 0.486209
0.194525 -6.609983 -54.006713 -28.945410 -0.005915 0.998715 -0.050337 0.387969 0.048687 0.920386 -0.921654 0.014085 0.387758
-0.471493 -7.110074 24.100265 -33.337294 -0.022552 0.980811 -0.193653 0.432214 0.184230 0.882751 -0.901489 0.063792 0.428075
-0.332617 -6.630547 -1.440315 -51.067698 -0.017398 0.988018 -0.153353 0.331964 0.150384 0.931227 -0.943131 0.034706 0.330603
0.598929 -5.927734 -61.901021 -36.850586 0.012666 0.999782 -0.016581 0.288295 0.012227 0.957464 -0.957458 0.016908 0.288077
-0.351673 -9.151366 -12.819672 -23.855779 -0.168746 0.938044 -0.302652 -0.886742 -0.010410 0.462147 -0.430363 -0.346360 -0.833560
-0.555046 -9.204227 -5.949757 -28.874238 -0.158986 0.942602 -0.293639 -0.870949 0.006159 0.491334 -0.464941 -0.333860 -0.819980
-0.378332 -8.724191 -8.975550 34.368876 -0.145449 0.942084 -0.302197 0.939977 0.036284 -0.339303 -0.308687 -0.333409 -0.890814
-0.645291 -8.831477 -7.833565 -40.341613 -0.144162 0.945524 -0.291892 -0.928676 -0.027408 0.369879 -0.341730 -0.324395 -0.882037
-0.058658 -8.811584 -19.858112 23.975458 -0.163659 0.935402 -0.313432 0.944764 0.057157 -0.322730 -0.283968 -0.348937 -0.893088
-0.527810 -8.300257 -6.260903 29.916242 -0.126790 0.946917 -0.295420 0.974487 0.063301 -0.215333 -0.185202 -0.315185 -0.930784
-0.128652 -8.394526 -10.320939 21.739685 -0.139246 0.941603 -0.306586 0.976813 0.079763 -0.198680 -0.162624 -0.327143 -0.930877
3.266894 -15.942943 9.568867 -6.869522 0.316468 0.936327 -0.152121 0.721733 -0.133598 0.679156 -0.615589 0.324722 0.718057
0.433965 -22.465912 8.996394 175.686039 0.174097 0.981181 0.083513 0.857842 -0.192760 0.476394 -0.483526 0.011298 0.875257
0.359878 -25.367435 -1.400960 268.190436 0.160311 0.984120 0.076218 0.650703 -0.163429 0.741537 -0.742217 0.069281 0.666569
0.438831 -21.686514 -19.275065 265.668242 0.157621 0.982101 0.103113 0.784346 -0.187950 0.591165 -0.599964 0.012304 0.799932
0.379525 -21.203177 -28.483112 236.714407 0.154988 0.982109 0.106959 0.906463 -0.184422 0.379886 -0.392815 -0.038077 0.918829
0.256180 -23.172885 -13.658274 -70.918577 0.173900 0.978180 0.113682 0.956685 -0.195182 0.216003 -0.233478 -0.071195 0.969752
9.644374 -7.337165 373.888917 -14.122880 -0.178994 0.873288 -0.453133 -0.629548 -0.455601 -0.629363 0.756062 -0.172617 -0.631326
7.693898 -7.150946 385.978894 -33.910912 -0.168708 0.919394 -0.355320 -0.705098 -0.364466 -0.608278 0.688749 -0.147914 -0.709751
27.276499 -7.409576 1340.611588 -58.449878 -0.281914 0.810910 -0.512785 -0.691001 -0.542391 -0.477838 0.665614 -0.219626 -0.713248
2.368928 -6.660230 114.844694 -34.464776 -0.113058 0.939504 -0.323341 -0.636412 -0.318384 -0.702575 0.763019 -0.126347 -0.633908
18.224085 -7.608626 664.787113 37.785525 -0.174652 0.773467 -0.609299 -0.643200 -0.558155 -0.524173 0.745514 -0.300353 -0.594977
11.555941 -7.452471 359.304882 -6.492434 -0.139688 0.760292 -0.634384 -0.499651 -0.607242 -0.617743 0.854889 -0.230679 -0.464705
5.206218 -6.600782 217.912476 -24.503248 -0.175779 0.865747 -0.468597 -0.506023 -0.487770 -0.711352 0.844418 -0.112080 -0.523828
0.264148 -6.066555 53.743366 12.789168 -0.148331 0.924395 -0.351414 -0.438689 -0.379974 -0.814354 0.886313 -0.033368 -0.461884
-0.027953 -6.147630 24.269954 36.768475 -0.162147 0.925490 -0.342312 -0.420278 -0.378637 -0.824621 0.892790 -0.010156 -0.450358
-0.233313 -6.654600 0.626622 25.914528 -0.124235 0.940880 -0.315136 -0.323667 -0.338651 -0.883490 0.937979 0.007761 -0.346604
-0.856973 -23.437070 25.146124 187.004289 -0.159807 0.939195 -0.303933 -0.621173 0.143615 0.770401 -0.767206 -0.311910 -0.560452
-0.820773 -24.639979 23.950929 89.443549 -0.152290 0.935975 -0.317425 -0.847969 0.041244 0.528439 -0.507697 -0.349643 -0.787397
-0.791601 -23.606908 14.144657 194.367061 -0.184457 0.937845 -0.293979 -0.400382 0.201465 0.893928 -0.897591 -0.282594 -0.338334
-0.894830 -22.094356 22.485647 119.750665 -0.171550 0.937729 -0.302051 -0.373471 0.221811 0.900733 -0.911641 -0.267328 -0.312163
2.348875 -4.359215 80.821347 -27.325395 0.016256 0.992695 0.119548 0.752651 0.066560 -0.655047 0.658219 -0.100626 0.746071
-0.013295 -17.501788 -9.339848 97.550469 -0.040173 0.988316 -0.147030 0.385095 0.151096 0.910424 -0.922002 0.020046 0.386666
-0.173299 -18.895872 5.965155 151.570523 -0.019062 0.991814 -0.126262 0.283702 0.126460 0.950537 -0.958723 0.017701 0.283790
-4.278037 -315.846915 -42.322828 11000.686891 0.077984 0.956471 -0.281216 -0.262207 0.291821 0.919830 -0.961856 -0.002005 -0.273551
-2.840325 -97.031605 88.138484 3504.492177 0.015208 0.990692 -0.135269 0.392054 0.118543 0.912272 -0.919816 0.066907 0.386602
-4.925923 -495.438660 13.568058 28744.391562 0.033874 0.946704 -0.320318 -0.182437 0.320974 0.929350 -0.982634 -0.026957 -0.183587
1.216494 -7.118529 23.521393 -21.844248 -0.038126 0.982121 -0.184348 0.347144 0.186010 0.919180 -0.937037 0.028951 0.348029
0.990134 -6.937926 -2.731881 -36.478799 -0.053287 0.984105 -0.169407 0.236334 0.177257 0.955367 -0.970210 -0.010872 0.242023
0.762147 -6.473212 12.757899 -59.672812 -0.034820 0.984860 -0.169818 0.204837 0.173346 0.963324 -0.978177 0.001242 0.207771
0.944614 -6.287170 -9.019756 -59.378752 -0.053073 0.992059 -0.114030 0.117198 0.119590 0.985882 -0.991689 -0.038960 0.122614
3.648356 -3.405657 -27.450749 -47.474123 0.150691 0.984099 0.094025 0.071104 -0.105654 0.991858 -0.986020 0.142778 0.085895
3.797433 -4.331764 5.405189 -55.818737 0.198581 0.978875 0.048674 0.156021 -0.080603 0.984460 -0.967586 0.187901 0.168732
-0.346249 -3.625769 -1.871375 29.147117 0.106015 0.994109 0.022544 0.809538 -0.099452 0.578582 -0.577415 0.043088 0.815313
-0.287290 -3.481190 -17.189732 14.270778 0.087838 0.996060 0.012204 0.840622 -0.080693 0.535577 -0.534452 0.036785 0.844398
-0.173448 -3.259933 0.541657 15.879854 0.051830 0.998509 -0.017124 0.840010 -0.034316 0.541485 -0.540090 0.042449 0.840536
2.651423 -201.237318 -16.347053 10031.451777 0.121624 0.992556 0.006308 0.340445 -0.047684 0.939055 -0.932365 0.112064 0.343710
0.190272 -70.530905 -49.815751 2649.255667 0.160860 0.985511 -0.053778 -0.157067 0.079355 0.984395 -0.974399 0.149903 -0.167556
-7.815726 -11.595710 70.619410 55.021362 -0.203652 0.977510 0.054771 -0.327827 -0.015371 -0.944613 0.922527 0.210328 -0.323585
-6.629193 -11.254106 -36.044596 70.097813 -0.323194 0.945386 -0.042309 -0.308287 -0.147451 -0.939796 0.894709 0.290694 -0.339106
-7.404163 -11.649027 -47.666282 -56.321973 -0.437458 0.898817 -0.027560 0.059781 -0.001512 -0.998210 0.897250 0.438322 0.053071
5.468052 -12.636852 -104.686291 132.026761 0.377186 0.916776 0.131349 -0.089610 0.177286 -0.980071 0.921792 -0.357898 -0.149022
4.621610 -11.082218 -14.629432 93.594956 0.347431 0.892959 0.286209 -0.327067 0.401454 -0.855489 0.878816 -0.203614 -0.431535
-3.466464 -5.436732 -35.921967 -12.738832 0.461903 0.873506 -0.153727 -0.136123 0.241090 0.960909 -0.876422 0.422921 -0.230264
-3.180876 -5.148009 -50.904706 -27.076211 0.489781 0.736793 -0.466102 -0.075887 0.568614 0.819097 -0.868537 0.365806 -0.334409
6.475107 -7.655647 -73.482975 -0.540898 -0.414608 0.886466 0.205616 0.456405 0.007089 0.889744 -0.787271 -0.462739 0.407526
1.158908 -9.265592 -20.869075 23.541078 -0.066939 -0.995107 -0.072672 0.997693 -0.065933 -0.016152 0.011281 -0.073585 0.997225
1.242131 -9.060989 0.938964 17.878554 -0.065150 -0.990934 -0.117493 0.997870 -0.065098 -0.004281 -0.003407 -0.117521 0.993065
1.216969 -8.357162 10.958142 41.155893 -0.079213 -0.985831 -0.147858 0.987702 -0.057561 -0.145368 0.134797 -0.157555 0.978267
-0.484607 -9.916303 -0.222039 243.098613 0.270992 0.961474 0.046160 0.924790 -0.246748 -0.289620 0.267072 -0.121173 0.956028
-0.387943 -12.563721 -4.094144 201.859749 0.238331 0.969761 0.052560 0.965954 -0.231091 -0.116320 0.100656 -0.078494 0.991820
-0.741957 -12.243399 13.891005 254.668776 0.235194 0.969976 0.061889 0.955469 -0.219061 -0.197716 0.178222 -0.105635 0.978304
-0.204753 -11.113728 -6.854241 162.459077 0.237251 0.970350 0.046185 0.965887 -0.230546 -0.117940 0.103795 -0.072591 0.991946
-0.594046 -8.208940 19.535220 274.288997 0.303175 0.952046 0.041163 0.876190 -0.261514 -0.404848 0.374669 -0.158806 0.913457
-0.460214 -7.000327 0.634230 223.844648 0.322070 0.946224 0.030515 0.866439 -0.281617 -0.412281 0.381517 -0.159223 0.910545
-0.591437 -8.026471 -6.635231 166.967607 0.278866 0.958803 0.054131 0.894525 -0.238838 -0.377864 0.349369 -0.153795 0.924277
-0.366563 -9.412176 -8.722202 173.090501 0.261233 0.963965 0.050292 0.940708 -0.242559 -0.237138 0.216394 -0.109258 0.970173
