17683
35355
-3.314841 -4.365696 -13.740119 37.787807 0.017867 0.511895 -0.858862 0.161565 0.846232 0.507728 0.986700 -0.147834 -0.067585
-3.357065 -5.406693 -14.378398 32.263588 0.056954 0.559510 -0.826865 0.314910 0.775862 0.546689 0.947411 -0.291524 -0.132007
-4.451730 -6.031605 -9.877424 -80.743327 0.185151 0.922326 -0.339165 -0.210867 -0.299805 -0.930404 0.959820 -0.243784 -0.138979
-2.832771 -4.870530 16.448098 30.058760 0.029350 0.364117 -0.930891 0.276920 0.891878 0.357588 0.960445 -0.268278 -0.074654
-3.144942 -5.346692 19.858296 -99.820449 0.051551 0.940825 -0.334948 -0.083603 -0.330151 -0.940218 0.995165 -0.076472 -0.061636
-2.576797 -3.401348 -11.321415 33.545636 -0.025325 0.413699 -0.910061 0.031285 0.910236 0.412907 0.999190 -0.018014 -0.035995
-2.142161 -3.697664 9.104723 21.627905 -0.012947 0.138258 -0.990312 0.072775 0.987898 0.136969 0.997264 -0.070297 -0.022852
-2.580146 -4.049996 5.287275 23.850437 0.011510 0.113780 -0.993439 0.159614 0.980557 0.114154 0.987112 -0.159880 -0.006875
3.278972 -11.502964 -56.122396 -166.932281 -0.225607 0.959743 -0.167314 -0.750149 -0.280715 -0.598728 0.621593 0.009567 -0.783282
1.812146 -8.794232 -8.801266 -141.423854 -0.141873 0.975356 -0.168978 -0.683340 -0.220006 -0.696164 0.716183 -0.016702 -0.697712
2.922766 -8.833798 -37.502933 -159.595175 -0.165343 0.976102 -0.141023 -0.590745 -0.212522 -0.778367 0.789736 0.045389 -0.611766
5.254045 -6.988191 -84.567077 -135.621562 -0.192258 0.978859 -0.069795 -0.515462 -0.161250 -0.841604 0.835066 0.125828 -0.535566
5.185237 -11.203393 -91.487868 -221.451680 -0.240213 0.964559 -0.109199 -0.651115 -0.243535 -0.718847 0.719964 0.101575 -0.686538
3.289172 -7.008038 -18.172155 -41.583843 -0.597377 -0.033360 -0.801267 0.141322 0.979120 -0.146126 0.789411 -0.200529 -0.580189
2.788620 -7.081137 -72.382702 -47.089472 -0.465463 0.046701 -0.883834 0.190212 0.980551 -0.048361 0.864386 -0.190626 -0.465293
6.281129 -6.611095 -149.563431 48.299719 -0.486009 -0.073561 -0.870852 -0.100834 0.994517 -0.027733 0.868117 0.074333 -0.490762
2.375892 -7.220940 -91.724962 -5.072391 -0.394724 0.180490 -0.900897 0.078151 0.983558 0.162809 0.915470 -0.006141 -0.402339
4.869107 -6.283654 -14.569455 38.589471 -0.653696 -0.176313 -0.735932 -0.095791 0.983936 -0.150642 0.750670 -0.027978 -0.660085
7.565413 -6.113193 -259.227654 47.185989 -0.328639 0.059111 -0.942604 -0.207969 0.969013 0.133276 0.921274 0.239832 -0.306162
9.826744 -5.480754 -166.467426 67.715204 -0.569748 -0.392252 -0.722167 -0.408011 0.897804 -0.165754 0.713382 0.200214 -0.671566
15.555758 -4.806061 -443.112265 121.271132 -0.361422 -0.208629 -0.908762 -0.434278 0.900140 -0.033933 0.825092 0.382391 -0.415933
-0.183853 -3.818286 -14.139173 7.944012 0.310841 -0.689079 0.654636 0.858956 -0.091204 -0.503861 0.406905 0.718924 0.563539
-0.078873 -3.916508 -11.520874 2.985380 0.318737 -0.692457 0.647232 0.822632 -0.137101 -0.551796 0.470832 0.708312 0.525939
0.033893 -3.736924 -7.246043 -4.563375 0.323892 -0.694587 0.642373 0.890990 -0.004396 -0.454001 0.318167 0.719395 0.617446
-0.895595 -4.152670 -19.805787 -8.267364 -0.574087 -0.572209 0.585663 0.592119 0.203897 0.779629 -0.565525 0.794357 0.221761
-0.119949 -4.155673 -48.260962 -9.717692 -0.464003 -0.481742 0.743388 0.720541 0.282906 0.633076 -0.515288 0.829391 0.215846
0.413562 -4.061908 -53.904865 -6.465624 -0.489298 -0.476142 0.730668 0.632536 0.383035 0.673189 -0.600405 0.791564 0.113759
-0.491841 -4.168042 19.392459 -5.679113 0.597122 0.579918 -0.554202 0.512043 0.256255 0.819845 -0.617460 0.773323 0.143928
-0.470836 -3.449061 -1.701076 -29.183587 -0.190790 0.729265 -0.657093 0.386290 -0.559603 -0.733229 0.902430 0.393721 0.174941
-0.415080 -3.183775 3.084120 0.016241 -0.195550 0.728227 -0.656845 0.255870 -0.608691 -0.751016 0.946726 0.314928 0.067302
-0.466390 -3.226616 0.077164 0.635825 -0.199394 0.726890 -0.657170 0.259245 -0.607612 -0.750733 0.945005 0.320059 0.067288
-0.476237 -3.554534 7.879552 28.706401 -0.210785 0.750366 -0.626514 0.110694 -0.618469 -0.777973 0.971245 0.233337 -0.047303
-0.537636 -3.565433 5.179452 28.938713 -0.217271 0.745607 -0.629971 0.114373 -0.621497 -0.775023 0.969387 0.240442 -0.049756
0.237264 -4.437187 4.740330 -20.018069 0.226651 -0.740953 0.632154 0.970437 0.116519 -0.211366 0.082954 0.661372 0.745457
0.357364 -4.154619 1.475020 -4.300144 0.170416 -0.742046 0.648326 0.984947 0.147617 -0.089942 -0.028962 0.653894 0.756032
0.257291 -4.238695 7.143254 -19.511169 0.188814 -0.745182 0.639573 0.979624 0.097531 -0.175569 0.068453 0.659691 0.748413
-0.413840 -4.542696 2.694826 -8.047624 -0.156624 0.882567 -0.443334 -0.548666 0.295489 0.782082 -0.821239 -0.365735 -0.437954
-0.272750 -4.299808 -4.875723 0.132244 -0.145596 0.865910 -0.478542 -0.529155 0.340539 0.777192 -0.835941 -0.366379 -0.408620
-0.148465 -4.794754 -1.308292 -13.869826 -0.138066 0.864309 -0.483640 -0.443410 0.382704 0.810509 -0.885622 -0.326355 -0.330405
-0.837788 -9.508933 6.152114 -14.588647 -0.180815 0.922987 -0.339707 -0.544488 0.193699 0.816096 -0.819047 -0.332529 -0.467532
-1.128416 -9.380154 -12.367597 4.964835 -0.234871 0.906977 -0.349612 -0.436619 0.222906 0.871594 -0.868446 -0.357360 -0.343649
-0.978753 -9.376082 4.655333 7.398660 -0.180185 0.916733 -0.356559 -0.282257 0.299059 0.911534 -0.942266 -0.264886 -0.204869
-0.905809 -8.854524 -9.876866 -24.675265 -0.230326 0.909687 -0.345572 -0.652127 0.119290 0.748666 -0.722275 -0.397794 -0.565756
-0.901715 -9.551324 29.340924 1.397051 -0.116026 0.933759 -0.338573 -0.416107 0.263823 0.870203 -0.901883 -0.241848 -0.357933
-0.702867 -9.356854 18.900053 -10.195651 -0.147333 0.936495 -0.318230 -0.627170 0.160335 0.762201 -0.764821 -0.311882 -0.563719
-0.694253 -8.529808 2.221595 -41.844866 -0.193772 0.923455 -0.331185 -0.728297 0.090773 0.679223 -0.657294 -0.372816 -0.654960
0.161110 -8.624324 -8.565628 -25.342367 -0.406309 0.867665 -0.286481 -0.473203 0.068400 0.878294 -0.781660 -0.492422 -0.382790
0.222394 -8.007345 -12.365842 -52.952171 -0.418282 0.860277 -0.291484 -0.631057 -0.044423 0.774463 -0.653305 -0.507887 -0.561466
0.630722 -7.670914 -17.614199 -48.644619 -0.424411 0.862814 -0.274640 -0.636477 -0.068539 0.768244 -0.644028 -0.500853 -0.578250
-0.237950 -8.268726 -15.317735 -51.181693 -0.404989 0.860444 -0.309226 -0.626788 -0.015041 0.779044 -0.665673 -0.509324 -0.545407
0.838049 -8.326161 -20.707190 -44.412996 -0.430271 0.866769 -0.252148 -0.519968 -0.009644 0.854131 -0.737903 -0.498617 -0.454842
0.469368 -8.643165 -21.060578 -9.012566 -0.426119 0.865649 -0.262820 -0.326009 0.124062 0.937191 -0.843884 -0.485036 -0.229344
-0.229436 -8.900930 -0.088030 14.910488 -0.387283 0.867902 -0.311060 -0.242903 0.229418 0.942532 -0.889387 -0.440584 -0.121966
-0.479275 -8.780883 -14.621759 -3.479517 -0.396350 0.859720 -0.322162 -0.431966 0.135010 0.891727 -0.810131 -0.492600 -0.317858
-0.010119 -8.687551 7.444895 20.724477 -0.378054 0.879813 -0.288106 -0.247940 0.203613 0.947137 -0.891965 -0.429501 -0.141164
55.132300 1.879419 958.455979 18.315652 0.880914 0.124568 0.456590 -0.333464 0.847963 0.412021 0.335846 0.515211 -0.788521
65.023559 -4.633230 -1606.528884 -28.122186 -0.574542 0.412674 -0.706825 0.004428 0.865142 0.501507 0.818463 0.285007 -0.498888
47.767115 -8.127738 -1289.078188 73.364284 -0.470031 0.656585 -0.589888 0.015386 0.674308 0.738290 0.882516 0.337943 -0.327048
82.866625 -10.767150 1912.477760 -252.022719 0.773803 0.214089 0.596150 -0.453203 0.844643 0.284930 0.442533 0.490656 -0.750613
4.308803 -5.227280 102.573373 42.267813 -0.754428 -0.317938 -0.574242 -0.229721 0.947423 -0.222752 0.614871 -0.036135 -0.787800
2.786488 -5.413391 38.996633 -17.299641 -0.725217 -0.173039 -0.666422 0.053664 0.950754 -0.305265 0.686426 -0.257146 -0.680217
0.225183 -2.217007 -5.095836 -9.904838 -0.098706 0.838018 -0.536641 0.618216 -0.370942 -0.692973 0.779786 0.400160 0.481462
0.189349 -2.424791 3.599790 -4.410327 -0.114755 0.841336 -0.528191 0.543561 -0.391865 -0.742282 0.831488 0.372284 0.412349
0.019794 -2.573210 -7.855138 -7.609587 -0.099369 0.854984 -0.509047 0.549184 -0.379482 -0.744574 0.829773 0.353547 0.431835
-0.099945 -2.918071 2.310440 -12.731328 -0.124772 0.856327 -0.501135 0.479399 -0.390180 -0.786089 0.868682 0.338325 0.361838
-0.071126 -2.290193 -13.706265 -10.888885 -0.074597 0.848652 -0.523665 0.619715 -0.371964 -0.691084 0.781274 0.376075 0.498175
-0.183737 -2.969159 -8.848250 -8.089840 -0.122457 0.871421 -0.475005 0.463779 -0.372892 -0.803654 0.877447 0.318710 0.358484
-0.112669 -2.672449 -15.191693 -6.012992 -0.093321 0.859502 -0.502541 0.539641 -0.380509 -0.751000 0.836707 0.341276 0.428313
-0.205679 -8.498269 4.531397 32.410931 -0.379800 0.876019 -0.297224 -0.051185 0.300907 0.952279 -0.923651 -0.376889 0.069446
-0.421273 -8.582726 -3.574054 20.343488 -0.388172 0.864402 -0.319579 -0.026131 0.336307 0.941390 -0.921216 -0.373772 0.107958
-0.724797 -8.229077 -15.226619 15.836467 -0.397040 0.858208 -0.325328 -0.003091 0.353212 0.935538 -0.917796 -0.372452 0.137587
-0.622216 -8.808758 -18.750643 20.254515 -0.398504 0.855768 -0.329933 -0.218728 0.260678 0.940322 -0.890704 -0.446887 -0.083299
1.046141 -11.810446 15.910428 66.009024 -0.048656 0.889440 -0.454454 -0.734446 0.276500 0.619788 -0.676921 -0.363928 -0.639792
1.603230 -12.215522 35.076880 -11.021061 -0.040458 0.899507 -0.435029 -0.887491 0.167674 0.429238 -0.459046 -0.403450 -0.791521
0.949180 -11.591066 23.555278 70.203222 -0.075978 0.905078 -0.418403 -0.809854 0.188780 0.555426 -0.581690 -0.381046 -0.718638
1.086134 -12.810217 -5.625601 20.175937 -0.026211 0.847990 -0.529364 -0.727820 0.346816 0.591604 -0.685267 -0.400788 -0.608094
0.675606 -10.541137 11.833675 52.594050 -0.046664 0.888423 -0.456648 -0.641980 0.323563 0.695104 -0.765300 -0.325595 -0.555251
0.995421 -11.448185 7.595069 36.665965 -0.014738 0.854330 -0.519522 -0.552474 0.426105 0.716384 -0.833400 -0.297580 -0.465715
-2.320107 -5.548434 5.445884 -24.707427 0.025160 0.919511 -0.392259 0.611359 -0.324608 -0.721713 0.790953 0.221652 0.570319
-2.372503 -6.184588 1.606138 -28.104795 0.084140 0.914840 -0.394952 0.494217 -0.382485 -0.780676 0.865257 0.129506 0.484312
-2.248247 -5.980974 8.017984 -31.778912 -0.012913 0.903695 -0.427983 0.525860 -0.357911 -0.771603 0.850473 0.235023 0.470596
-2.177738 -5.107613 3.801547 -16.475422 -0.032443 0.916449 -0.398834 0.654189 -0.282219 -0.701705 0.755635 0.283678 0.590375
-2.229233 -4.887285 -0.003415 -22.093577 0.042929 0.930293 -0.364296 0.720860 -0.281309 -0.633424 0.691750 0.235415 0.682687
0.161865 -24.309451 13.132767 -467.606749 -0.370493 -0.390168 0.842914 0.022782 0.903405 0.428182 -0.928556 0.177842 -0.325816
0.309013 -17.459035 -2.045063 -160.298760 -0.389146 -0.386447 0.836196 -0.231300 0.919659 0.317377 -0.891665 -0.069906 -0.447267
0.518975 -42.090457 -21.660680 -1090.171330 -0.363105 -0.344027 0.865910 -0.107137 0.938591 0.327977 -0.925568 0.026320 -0.377665
-0.427153 -31.987084 7.279886 -487.308024 -0.336902 -0.390626 0.856685 0.288961 0.823070 0.488936 -0.896102 0.412271 -0.164418
0.603683 -20.765824 -13.417053 -269.680739 -0.406114 -0.431451 0.805556 -0.357444 0.886290 0.294489 -0.841014 -0.168345 -0.514154
0.220456 -26.221673 8.399483 -354.406945 -0.389998 -0.414105 0.822447 0.043071 0.883991 0.465516 -0.919808 0.216973 -0.326919
202.959681 -1620.710481 -3153.819820 -116730.643542 -0.141723 0.753295 0.642232 0.982712 0.185143 -0.000303 -0.119133 0.631086 -0.766511
14.489889 -4.559154 326.131718 -11.386832 0.157472 0.435003 0.886552 0.517778 0.728086 -0.449218 -0.840898 0.529776 -0.110582
-1.045798 -6.146046 70.420625 -85.772697 0.370581 0.887521 -0.273818 -0.231626 0.373803 0.898121 -0.899455 0.269403 -0.344098
-2.801254 -4.589944 -147.600135 130.223814 -0.104951 0.868198 0.484992 -0.262962 -0.494555 0.828412 -0.959081 0.040592 -0.280207
-1.371167 -19.302618 -65.780308 -622.666958 0.262518 0.742015 -0.616845 -0.174434 0.665227 0.725979 -0.949030 0.082984 -0.304067
0.062120 -30.914023 120.696139 -1171.813626 0.479760 0.715790 -0.507420 -0.236674 0.662461 0.710725 -0.844876 0.220885 -0.487232
1.157141 -0.309810 -10.487734 -28.700521 0.640283 -0.537466 0.548788 0.639966 0.768381 0.005867 -0.424831 0.347449 0.835941
0.953783 -1.123892 9.793517 -14.610913 -0.481619 0.692117 -0.537603 0.781496 0.616795 0.093955 -0.396619 0.374884 0.837947
1.397616 -0.304998 -17.392210 -35.188081 0.575745 -0.627838 0.523773 0.711367 0.700451 0.057665 -0.403082 0.339394 0.849904
0.860895 -0.806975 -4.502918 -25.811262 0.530752 -0.634534 0.561844 0.732171 0.677183 0.073141 -0.426882 0.372546 0.824003
1.378049 0.582768 -6.746848 -37.250624 0.744577 -0.424816 0.514914 0.528126 0.846662 -0.065166 -0.408274 0.320460 0.854762
1.248930 0.233861 -16.920419 -30.426107 0.762097 -0.332666 0.555465 0.460908 0.881265 -0.104578 -0.454723 0.335716 0.824937
-2.640809 -6.742427 4.454144 35.567388 0.242122 0.900665 -0.360804 -0.358215 -0.262615 -0.895944 0.901698 -0.346173 -0.259047
-2.652749 -7.336295 5.548253 22.397633 0.254535 0.891288 -0.375257 -0.177252 -0.338466 -0.924133 0.950680 -0.301740 -0.071831
-2.916111 -7.100699 15.434042 32.831519 0.307538 0.874723 -0.374540 -0.274358 -0.295385 -0.915137 0.911125 -0.384197 -0.149145
-3.417944 -6.943591 23.723793 38.173284 0.387670 0.843317 -0.372194 -0.324295 -0.253184 -0.911444 0.862870 -0.474040 -0.175332
-3.053215 -6.292905 18.439772 43.026200 0.336305 0.865724 -0.370702 -0.431883 -0.208021 -0.877613 0.836885 -0.455246 -0.303933
-3.389996 -7.578991 23.874822 16.662313 0.365622 0.855839 -0.365869 -0.115612 -0.348282 -0.930233 0.923555 -0.382412 0.028394
-0.060249 -2.121189 8.771409 11.801110 -0.342954 0.856974 -0.384679 0.737560 -0.007934 -0.675235 0.581711 0.515298 0.629349
0.103623 -1.844090 12.323251 5.872966 -0.277558 0.849583 -0.448519 0.731382 -0.115855 -0.672055 0.622930 0.514573 0.589213
0.237763 -1.743859 3.256522 6.722926 -0.242155 0.856034 -0.456691 0.737965 -0.143083 -0.659496 0.629896 0.496722 0.597075
0.043550 -2.111544 1.040515 10.771692 -0.291146 0.863123 -0.412616 0.769112 -0.045325 -0.637505 0.568947 0.502955 0.650642
0.276406 -1.715063 -3.131003 8.169667 -0.202643 0.860748 -0.466957 0.758048 -0.163988 -0.631246 0.619919 0.481893 0.619257
-0.169070 -6.666280 -2.325628 6.506123 -0.414996 0.819687 -0.394831 0.137211 -0.372615 -0.917786 0.899417 0.435052 -0.042164
-0.173324 -7.144614 0.630567 31.467529 -0.410971 0.810440 -0.417480 0.318415 -0.301493 -0.898729 0.854234 0.502283 0.134151
-0.246976 -6.802875 4.547307 11.523106 -0.417051 0.818011 -0.396138 0.217547 -0.333339 -0.917365 0.882463 0.468767 0.038937
-0.212956 -6.702399 4.853245 -19.396169 -0.425670 0.828748 -0.363292 0.012111 -0.396228 -0.918072 0.904797 0.395196 -0.158626
-9.317847 -42.937243 -2.507499 -1137.769160 0.582973 0.510534 0.632058 0.810468 -0.420269 -0.408063 0.057305 0.750153 -0.658777
4.964060 -476.085035 488.000389 -14323.175106 -0.223630 0.682915 0.695425 0.974642 0.150903 0.165230 0.007896 0.714741 -0.699344
-24.031029 -210.300936 -227.346550 6179.890527 -0.647454 -0.620026 -0.443138 -0.474382 0.782966 -0.402399 0.596460 -0.050318 -0.801064
-0.347528 -90.793927 -45.368966 -2692.604381 0.716418 -0.184534 -0.672824 -0.266746 0.818664 -0.508563 0.644664 0.543817 0.537282
-0.907358 -44.959441 3.979202 -5.829043 0.652208 -0.185900 -0.734892 0.527941 -0.584292 0.616345 0.543970 0.789965 0.282935
-0.364705 -55.003828 -8.565443 -1409.771293 0.668104 -0.189957 -0.719412 0.667887 -0.273072 0.692358 0.327970 0.943052 0.055571
0.275650 -34.794788 -19.817378 164.365024 0.713484 -0.180438 -0.677040 0.517021 -0.516575 0.682524 0.472895 0.837014 0.275277
0.717796 -6.400734 11.741530 -6.761032 -0.341867 0.810427 -0.475747 -0.556718 -0.582508 -0.592241 0.757095 -0.062389 -0.650319
0.502376 -6.222253 6.142357 7.722617 -0.348426 0.810680 -0.470529 -0.519198 -0.584860 -0.623196 0.780405 -0.027160 -0.624684
0.462958 -6.353062 8.312199 -8.643043 -0.341478 0.821048 -0.457463 -0.625466 -0.561810 -0.541443 0.701559 -0.101237 -0.705384
-1.679682 -3.430711 20.362294 36.487171 -0.072644 0.742799 -0.665561 -0.768842 0.383367 0.511774 -0.635299 -0.548889 -0.543246
-1.773719 -3.120563 -1.423602 30.740073 -0.329130 -0.422905 0.844289 -0.722332 0.688639 0.063352 -0.608202 -0.589006 -0.532130
-1.453002 -2.710680 -7.240792 18.616012 -0.270147 -0.491737 0.827777 -0.703027 0.688171 0.179370 -0.657856 -0.533493 -0.531612
-0.891284 -2.704196 14.835173 10.643060 0.067114 0.667847 -0.741266 -0.726398 0.542019 0.422567 -0.683990 -0.510094 -0.521499
-0.705675 -3.803220 13.967584 35.349627 -0.136405 0.784297 -0.605203 -0.751087 0.316471 0.579408 -0.645958 -0.533595 -0.545908
-1.155552 -4.936270 54.539371 84.683357 -0.270691 0.841473 -0.467599 -0.751566 0.118803 0.648872 -0.601560 -0.527075 -0.600264
6.963343 -7.192768 13.507549 -49.867806 -0.668821 0.728871 -0.146371 -0.142042 0.067973 0.987524 -0.729727 -0.681268 -0.058069
7.215720 -8.482863 -8.949214 -71.554304 -0.676470 0.718200 -0.163025 -0.037798 0.187211 0.981592 -0.735500 -0.670180 0.099496
7.043695 -8.455162 46.219246 89.339187 0.800790 -0.585198 0.127588 0.082058 -0.103819 -0.991205 -0.593297 -0.804217 0.035117
6.677920 -6.766309 46.579260 67.686944 0.822790 -0.553771 0.127885 0.164648 0.016884 -0.986208 -0.543974 -0.832498 -0.105069
6.311834 -5.832045 24.050202 -33.480017 -0.671280 0.727002 -0.144400 -0.279661 -0.068006 0.957687 -0.686421 -0.683259 -0.248965
5.551231 -6.544732 73.364194 -15.188256 -0.465767 0.867405 -0.175128 -0.239120 0.067173 0.968664 -0.851987 -0.493048 -0.176127
-3.128070 -4.666050 8.597589 14.711249 -0.120263 0.877373 -0.464494 0.708944 0.403432 0.578481 -0.694935 0.259730 0.670526
-3.152856 -4.749679 7.114596 10.841500 -0.106186 0.865716 -0.489143 0.769511 0.383092 0.510972 -0.629743 0.322143 0.706857
-3.067220 -4.918812 5.326748 15.591111 -0.069058 0.872946 -0.482905 0.676993 0.396548 0.620024 -0.732742 0.284106 0.618363
-2.230198 -5.660924 16.464904 25.583495 -0.619204 0.747487 -0.240520 0.724345 0.425476 -0.542489 -0.303168 -0.510130 -0.804895
-1.716078 -5.102665 18.320847 29.593716 -0.652349 0.731523 -0.198279 0.724996 0.526012 -0.444626 -0.220957 -0.433803 -0.873495
-2.352930 -4.679450 -10.957647 31.826410 0.765077 -0.612471 0.198836 0.613107 0.598449 -0.515711 -0.196865 -0.516467 -0.833370
-0.034244 -3.070339 -2.964404 7.227864 0.139349 -0.777566 0.613166 0.952431 0.274720 0.131926 -0.271031 0.565615 0.778860
-0.150412 -2.885649 -6.461894 7.207122 0.133358 -0.774594 0.618239 0.952821 0.271833 0.135051 -0.272667 0.571061 0.774301
-0.036537 -1.918440 -5.123779 46.251703 0.210569 -0.752812 0.623647 0.965971 0.258247 -0.014419 -0.150200 0.605461 0.781573
0.085182 -2.134075 1.329915 43.446649 0.199402 -0.768224 0.608335 0.968957 0.247170 -0.005474 -0.146157 0.590542 0.793662
-0.710324 -2.251843 -26.264124 -26.142683 0.298096 0.788439 -0.538055 0.952372 -0.207736 0.223232 0.064232 -0.578973 -0.812813
0.074329 -2.605623 -28.356531 -19.337039 0.085208 0.805851 -0.585955 0.987582 0.009596 0.156808 0.131987 -0.592040 -0.795027
-0.079264 -1.641990 -25.869752 -26.764618 0.162442 0.803903 -0.572148 0.985295 -0.101025 0.137794 0.052972 -0.586118 -0.808492
-0.651486 -0.925956 -12.867301 10.712837 0.756861 0.548885 -0.354807 -0.653490 0.626698 -0.424501 0.010646 -0.553151 -0.833013
0.350247 -0.829758 -28.327264 -27.850155 -0.051898 0.812518 -0.580621 0.998315 0.057322 -0.009016 0.025957 -0.580111 -0.814124
-0.026574 -0.849627 -33.520675 -36.557915 0.184262 0.801109 -0.569449 0.982684 -0.138683 0.122876 0.019465 -0.582230 -0.812791
2.476571 -3.191935 -16.310213 -0.072556 0.114683 0.853528 -0.508269 0.991253 -0.131957 0.002067 -0.065305 -0.504061 -0.861196
2.443729 -3.075256 -14.388012 8.760649 0.133018 0.842132 -0.522608 0.990291 -0.091452 0.104691 0.040370 -0.531460 -0.846121
2.321001 -3.248136 12.437476 4.352709 0.149177 0.889466 -0.431969 0.988338 -0.120619 0.092947 0.030569 -0.440797 -0.897086
2.308062 -3.396084 13.136728 1.187546 0.129009 0.902786 -0.410284 0.989683 -0.143220 -0.003946 -0.062323 -0.405542 -0.911949
2.079229 -3.127978 32.621515 2.435416 0.178186 0.903243 -0.390387 0.975001 -0.108544 0.193885 0.132751 -0.415176 -0.900004
1.519447 -3.368239 46.141014 5.123261 0.198822 0.920129 -0.337391 0.977012 -0.159068 0.141935 0.076930 -0.357855 -0.930603
0.203476 -3.509354 -0.436733 5.558974 -0.005620 0.869346 -0.494172 -0.290865 0.471391 0.832579 -0.956748 -0.148417 -0.250213
0.125659 -3.392174 -1.214731 6.881193 0.012903 0.866112 -0.499684 -0.283637 0.482370 0.828776 -0.958845 -0.131035 -0.251886
0.099616 -3.149463 -3.684080 -17.270563 0.008985 0.846963 -0.531575 -0.212191 0.521105 0.826695 -0.977187 -0.105368 -0.184400
0.203383 -3.500558 5.777699 -9.228037 0.010985 0.863483 -0.504258 -0.240533 0.491763 0.836847 -0.970579 -0.112097 -0.213098
0.188597 -3.667306 3.451642 -20.231560 0.027423 0.817130 -0.575800 -0.136352 0.573691 0.807643 -0.990281 -0.056364 -0.127150
0.086810 -3.548532 -3.365392 -21.123365 0.023498 0.816841 -0.576384 -0.111432 0.575091 0.810465 -0.993494 -0.045184 -0.104536
-1.051659 -7.444191 34.806664 -87.574325 -0.400932 0.916102 -0.003272 -0.601184 -0.265799 -0.753610 0.691253 0.300179 -0.657313
-1.711090 -8.100207 26.973055 -71.921104 -0.398556 0.916451 -0.035639 -0.644863 -0.307653 -0.699643 0.652154 0.255865 -0.713603
-1.436242 -9.846531 23.593044 -76.867605 -0.401174 0.915142 -0.039681 -0.750378 -0.353173 -0.558750 0.525350 0.194380 -0.828386
-0.222814 -8.328185 34.799656 -82.910230 -0.413692 0.910417 -0.000591 -0.683302 -0.310921 -0.660626 0.601629 0.272892 -0.750715
-0.865773 -8.187870 -16.065492 -40.226267 0.223131 -0.862636 0.453951 0.940686 0.068450 -0.332300 0.255581 0.501172 0.826743
-0.712065 -7.237247 -10.293084 -32.434244 0.197364 -0.868055 0.455553 0.979274 0.153005 -0.132710 0.045497 0.472304 0.880261
-1.061561 -7.553048 0.913632 -26.739900 0.176632 -0.887854 0.424873 0.968753 0.080452 -0.234618 0.174124 0.453038 0.874321
-1.240881 -8.458680 -4.152611 -32.433843 0.205478 -0.883347 0.421280 0.897663 -0.001359 -0.440681 0.389847 0.468718 0.792668
-1.242465 -8.150059 -0.392906 -37.053483 0.170037 -0.898274 0.405205 0.920715 -0.001746 -0.390231 0.351242 0.439432 0.826758
-1.107276 -7.315992 3.149550 -23.981598 0.142045 -0.902121 0.407432 0.977041 0.061748 -0.203909 0.158792 0.427042 0.890180
-1.015148 -3.086197 -10.187562 5.544993 0.746318 -0.089092 0.659599 -0.091346 0.967914 0.234091 -0.659291 -0.234959 0.714234
-1.290568 -3.189195 -4.971994 1.684162 0.776848 -0.065971 0.626223 -0.080948 0.975782 0.203215 -0.624464 -0.208559 0.752694
-0.996791 -3.094888 -9.376853 -6.179618 0.754374 -0.132088 0.643018 0.002248 0.980061 0.198685 -0.656441 -0.148437 0.739630
-0.676139 -3.102228 -15.043677 -11.753342 0.731220 -0.151360 0.665137 0.030773 0.981399 0.189499 -0.681447 -0.118097 0.722276
-0.697454 -2.989346 -15.827779 -7.849934 0.727859 -0.140837 0.671108 -0.025777 0.972370 0.232016 -0.685242 -0.186174 0.704118
-0.902581 -3.159521 -8.960841 -4.001296 0.753952 -0.123332 0.645248 0.053538 0.990487 0.126764 -0.654744 -0.061028 0.753383
-0.050779 -3.755964 16.163762 -32.120941 -0.108364 0.779008 -0.617579 -0.505706 0.491653 0.708900 -0.855873 -0.389133 -0.340671
-0.215087 -3.900078 6.856540 -22.594245 -0.165457 0.810604 -0.561734 -0.497162 0.423360 0.757362 -0.851736 -0.404583 -0.332953
-0.365227 -3.671786 0.338248 -3.865913 -0.157552 0.799753 -0.579286 -0.372894 0.495001 0.784808 -0.914400 -0.339661 -0.220235
-0.328372 -3.717440 5.461778 -17.165348 -0.111165 0.745455 -0.657221 -0.389649 0.575675 0.718868 -0.914230 -0.335999 -0.226471
-0.532018 -3.694710 -5.971272 28.767647 -0.162363 0.776557 -0.608768 -0.252396 0.563745 0.786440 -0.953905 -0.281339 -0.104469
-0.330851 -3.640276 -9.833490 42.298058 -0.190792 0.807353 -0.558373 -0.249809 0.510161 0.823001 -0.949312 -0.296508 -0.104349
-0.351459 -9.145307 17.476986 106.717810 -0.264655 0.701463 -0.661746 0.470529 -0.505055 -0.723548 0.841760 0.502861 0.196393
-0.001259 -9.440824 11.737776 105.571574 -0.260638 0.701655 -0.663135 0.502071 -0.488177 -0.713868 0.824617 0.519002 0.225043
-0.298278 -11.107936 11.597334 117.683212 -0.264798 0.711106 -0.651314 0.642784 -0.373322 -0.668924 0.718826 0.595784 0.358232
-0.753418 -11.150368 18.774592 107.812643 -0.275446 0.709823 -0.648291 0.636289 -0.370893 -0.676443 0.720601 0.598824 0.349491
-0.739056 -8.727010 28.536509 111.244498 -0.288983 0.711691 -0.640300 0.423779 -0.504638 -0.752165 0.858429 0.488709 0.155768
0.641572 -7.522955 -18.403182 -28.490830 -0.128472 0.814626 -0.565579 0.958686 0.247972 0.139398 0.253805 -0.524304 -0.812827
0.467510 -7.538491 -0.732875 -30.820532 -0.097624 0.830104 -0.548996 0.992577 0.121409 0.007074 0.072525 -0.544231 -0.835795
0.257891 -7.938236 0.926098 -7.520158 -0.157344 0.820726 -0.549228 0.929228 0.311329 0.199021 0.334332 -0.479044 -0.811627
0.505249 -7.815448 -11.630171 -4.079875 -0.173830 0.808729 -0.561908 -0.847111 -0.413770 -0.333462 0.502182 -0.418033 -0.757009
-0.196336 -8.800052 21.744478 -2.737323 -0.213106 0.829196 -0.516740 -0.873985 -0.398201 -0.278545 0.436735 -0.392264 -0.809563
0.185392 -8.232954 -1.397547 -4.575592 -0.207935 0.803771 -0.557418 -0.817710 -0.455564 -0.351870 0.536762 -0.382641 -0.751979
-0.589970 -12.441072 5.630785 133.440130 -0.236856 0.677746 -0.696103 -0.307927 0.627182 0.715418 -0.921455 -0.383800 -0.060145
-0.550796 -12.042674 -1.913708 98.897286 -0.235859 0.683101 -0.691190 -0.362500 0.598075 0.714773 -0.901645 -0.419142 -0.106563
-0.508573 -14.645486 4.390279 91.811823 -0.217645 0.674582 -0.705386 -0.619333 0.463122 0.633991 -0.754359 -0.574854 -0.316995
-0.605915 -10.098675 5.777538 74.832740 0.247971 -0.668514 0.701141 -0.114601 0.698421 0.706452 -0.961965 -0.255531 0.096576
-0.847262 -13.594565 4.812805 107.576321 -0.240962 0.650302 -0.720448 -0.504274 0.550364 0.665438 -0.829243 -0.523649 -0.195314
-0.607965 -11.477622 0.789247 149.463527 0.260621 -0.662401 0.702354 -0.208793 0.671607 0.710879 -0.942594 -0.331916 0.036730
-0.459670 -9.912970 4.247477 89.050840 0.263111 -0.667843 0.696246 -0.054384 0.710259 0.701837 -0.963232 -0.222525 0.150557
-1.696475 -2.584216 10.224424 2.516229 -0.245255 0.869451 -0.428841 0.218576 0.480553 0.849290 -0.944497 -0.114559 0.307899
-1.629945 -2.828523 -17.096956 2.054193 -0.332701 0.815128 -0.474211 0.168013 0.546047 0.820734 -0.927945 -0.193385 0.318623
-1.563826 -2.707549 -9.074774 -2.236045 -0.263147 0.906950 -0.328931 0.303592 0.401472 0.864090 -0.915743 -0.127522 0.380989
-1.001453 -2.913188 -35.534458 -1.742284 -0.341210 0.872005 -0.350974 0.313396 0.457552 0.832123 -0.886205 -0.173935 0.429404
-1.502113 -2.548547 17.462797 -4.104298 -0.175393 0.940022 -0.292567 0.300654 0.334120 0.893292 -0.937467 -0.068716 0.341224
-0.754409 -4.252247 22.988973 -14.980093 0.734454 -0.148800 0.662144 0.131166 0.988395 0.076626 -0.665862 0.030573 0.745448
-1.380512 -4.151333 23.844249 -29.422651 0.684605 -0.305871 0.661634 0.173253 0.949966 0.259899 -0.708025 -0.063298 0.703345
-0.838644 -3.568493 20.490164 -21.520838 0.717859 -0.242262 0.652677 0.098597 0.963429 0.249163 -0.689171 -0.114512 0.715493
-0.496539 -3.667071 5.730284 -12.057485 0.728557 -0.140398 0.670443 0.092250 0.989963 0.107063 -0.678745 -0.016153 0.734196
-0.736511 -81.673371 -126.964167 -2192.715059 -0.051333 0.661084 -0.748553 0.902255 -0.290630 -0.318543 -0.428136 -0.691738 -0.581548
-1.242720 -325.051098 266.129193 -3302.195763 -0.018502 0.693596 -0.720127 0.870869 0.365002 0.329180 0.491166 -0.621046 -0.610784
1.457756 -81.790355 -267.839586 -2689.761591 -0.254889 0.648263 -0.717486 0.966863 0.181894 -0.179136 0.014379 -0.739371 -0.673144
20.333712 -272.945186 -932.382139 -9500.965973 -0.151098 0.680700 -0.716810 0.865008 -0.259935 -0.429179 -0.478466 -0.684895 -0.549536
-1.086253 -3.998372 0.061742 -21.972418 0.909018 -0.276410 0.311905 -0.057042 -0.823884 -0.563881 -0.412836 -0.494786 0.764691
-1.137962 -3.775674 9.682739 -25.985704 0.903280 -0.220408 0.368110 0.022780 -0.832116 -0.554134 -0.428446 -0.508924 0.746613
-0.796356 -5.092652 2.673545 -54.744739 0.900864 -0.220083 0.374175 0.068735 -0.778764 -0.623540 -0.428624 -0.587444 0.686433
1.859502 -1.328259 49.161641 7.901876 0.967720 0.248208 -0.043699 0.248453 -0.910461 0.330653 -0.042284 0.330837 0.942740
2.466774 -1.089453 46.560488 3.232701 0.974829 0.222952 0.000699 0.212021 -0.927994 0.306390 -0.068959 0.298530 0.951906
2.936676 -1.125474 35.102583 6.371853 0.968585 0.241056 0.061109 0.210263 -0.925050 0.316341 -0.132785 0.293554 0.946675
2.514358 -1.337668 39.308570 6.795575 0.965241 0.260852 0.016296 0.238136 -0.903453 0.356460 -0.107706 0.340189 0.934168
1.269141 -1.547076 39.408973 6.385553 0.954225 0.291826 -0.065516 0.294153 -0.876048 0.382116 -0.054117 0.383897 0.921789
-1.569050 -4.776561 35.813914 36.904887 -0.373144 -0.628382 0.682569 -0.732366 0.651154 0.199095 -0.569565 -0.425599 -0.703180
-2.395723 -4.749713 31.922498 34.474847 -0.431720 -0.634659 0.640957 -0.746253 0.650465 0.141430 -0.506680 -0.417258 -0.754434
-1.758249 -5.330491 -32.164631 -9.874744 0.436554 0.581746 -0.686289 0.780708 -0.624057 -0.032379 -0.447120 -0.521656 -0.726608
2.126226 -10.157868 5.751250 54.596592 -0.064200 0.770674 -0.633987 -0.557492 0.499223 0.663309 -0.827696 -0.396027 -0.397595
2.655060 -12.621744 7.082166 101.101027 -0.032753 0.816173 -0.576879 -0.709940 0.387272 0.588223 -0.703500 -0.428815 -0.566749
2.028432 -10.558277 -13.375530 65.575307 -0.092629 0.848464 -0.521084 -0.481013 0.420085 0.769516 -0.871806 -0.321927 -0.369210
0.460688 -9.811151 -11.885616 -47.811762 -0.129254 0.772101 -0.622216 -0.357988 0.548829 0.755401 -0.924737 -0.320384 -0.205464
1.818418 -7.652952 22.674412 8.977817 -0.062153 0.685310 -0.725594 -0.508508 0.603821 0.613856 -0.858811 -0.407124 -0.310956
-2.342505 -50.461283 37.530334 -1244.563349 0.039743 0.431491 0.901241 -0.636505 0.706210 -0.310046 -0.770248 -0.561323 0.302713
1.052723 -68.832629 -140.723306 2370.474451 -0.187307 -0.315895 -0.930122 0.759921 -0.646598 0.066571 -0.622444 -0.694349 0.361168
-1.284076 -86.279390 8.596345 -2248.645864 0.068249 0.524370 0.848751 -0.552122 0.728435 -0.405641 -0.830966 -0.440929 0.339231
-7.550498 -23.636732 -130.458384 392.274781 0.255110 0.469983 0.845006 0.712357 0.499575 -0.492922 -0.653809 0.727695 -0.207349
-10.144292 -27.282850 -150.073611 515.760728 0.330075 0.399517 0.855241 0.815891 0.334908 -0.471337 -0.474734 0.853360 -0.215417
-6.850267 -30.895236 -149.942168 684.113843 0.162202 0.562971 0.810404 0.852110 0.334234 -0.402735 -0.497593 0.755878 -0.425500
0.753575 -2.568304 -9.789244 37.423799 -0.129775 0.679268 -0.722325 0.988292 0.147560 -0.038795 0.080235 -0.718903 -0.690465
0.536475 -2.931781 -6.737560 19.288744 -0.069293 0.689466 -0.720996 0.997538 0.055685 -0.042621 0.010763 -0.722174 -0.691628
0.506506 -2.523426 -9.312932 21.362698 -0.190197 0.665386 -0.721864 0.976386 0.204930 -0.068361 0.102445 -0.717820 -0.688651
1.348558 -4.000124 9.306069 -23.413307 0.044357 -0.671311 0.739847 0.886123 0.368419 0.281164 -0.461323 0.643124 0.611206
1.018057 -4.050147 3.126985 -10.520436 0.051495 -0.693585 0.718532 0.888335 0.360550 0.284367 -0.456299 0.623654 0.634702
1.249231 -3.868946 12.573249 -7.245769 0.062210 -0.688666 0.722405 0.854207 0.411091 0.318331 -0.516198 0.597280 0.613837
-4.852905 -6.362941 -19.999127 -34.864824 0.213045 0.825946 -0.521944 -0.380553 -0.421874 -0.822923 0.899884 -0.373947 -0.224438
-3.625339 -5.750069 -1.339896 26.564783 0.110448 0.542957 -0.832466 0.423684 0.731951 0.533610 0.899051 -0.411639 -0.149199
1.265911 -9.110129 3.391590 -104.936544 -0.173998 0.965765 -0.192412 -0.775433 -0.254810 -0.577734 0.606984 -0.048678 -0.793222
1.928979 -6.664842 14.825274 -67.492227 -0.071717 0.981395 -0.178105 -0.705792 -0.176106 -0.686181 0.704779 -0.076495 -0.705291
1.677733 -10.595093 -23.003160 -127.398867 -0.218210 0.957483 -0.188706 -0.802486 -0.286083 -0.523615 0.555338 -0.037176 -0.830793
-3.649608 -4.925505 9.779894 -0.772198 0.130114 -0.990518 0.044106 0.990560 0.127926 -0.049262 0.043153 0.050099 0.997812
-3.412336 -4.912399 -2.926630 -0.320800 -0.234830 0.965794 -0.109986 0.962858 0.246631 0.109896 -0.133263 0.080094 0.987839
-3.816652 -4.919656 -13.229457 2.402618 -0.124726 0.992161 0.007685 0.990585 0.124080 0.057839 -0.056432 -0.014826 0.998296
2.424478 -6.124434 -46.987636 -74.880159 -0.520160 0.010063 -0.854009 0.325176 0.926952 -0.187136 0.789743 -0.375045 -0.485436
1.342373 -6.234967 -46.890492 -76.350251 -0.452762 0.087402 -0.887337 0.352570 0.931626 -0.088134 0.818963 -0.352752 -0.452621
0.927706 -6.833041 -44.354453 -51.780921 -0.410390 0.184184 -0.893116 0.290271 0.954833 0.063531 0.864478 -0.233173 -0.445317
-0.237931 -3.946464 -13.421001 -0.052935 0.301331 -0.696138 0.651606 0.763926 -0.232707 -0.601884 0.570628 0.679146 0.461676
0.018970 -3.892157 -12.970629 2.992128 0.313385 -0.695025 0.647094 0.768823 -0.214280 -0.602490 0.557405 0.686313 0.467199
0.094920 -3.866737 -5.910418 2.086065 0.300731 -0.697614 0.650304 0.782237 -0.209649 -0.586645 0.545587 0.685114 0.482652
0.041218 -3.861492 0.918835 0.944938 0.301016 -0.709874 0.636763 0.848510 -0.105369 -0.518582 0.435224 0.696402 0.570618
-1.477997 -4.316875 -17.963400 -5.753880 -0.578882 -0.561488 0.591293 0.668852 0.087805 0.738192 -0.466404 0.822813 0.324724
-1.063912 -4.542492 -39.438046 -9.262087 -0.465838 -0.497580 0.731717 0.787432 0.144125 0.599315 -0.403666 0.855361 0.324672
0.218954 -4.373210 -54.090840 -2.840590 -0.394099 -0.459796 0.795785 0.796424 0.261281 0.545381 -0.458688 0.848716 0.263222
1.497020 -4.197788 -52.817138 -12.918203 -0.332846 -0.450825 0.828233 0.776557 0.367222 0.511965 -0.534952 0.813575 0.227863
-0.430306 -3.414176 4.285039 18.339829 -0.236130 0.720069 -0.652491 0.462136 -0.507463 -0.727263 0.854794 0.473268 0.212943
-0.306351 -3.080696 3.395594 10.991174 -0.244696 0.724081 -0.644850 0.550273 -0.443880 -0.707227 0.798325 0.527899 0.289826
-0.369521 -3.276762 2.018487 18.852044 -0.210567 0.722568 -0.658451 0.469336 -0.516127 -0.716475 0.857546 0.459901 0.230448
0.290215 -4.348970 3.143751 -9.623248 0.205020 -0.743795 0.636188 0.978704 0.149007 -0.141190 0.010220 0.651587 0.758505
0.300306 -4.191023 4.483807 3.452427 0.153054 -0.754776 0.637878 0.979857 0.199695 0.001182 -0.128273 0.624848 0.770137
0.410307 -4.082272 -4.988328 5.008214 0.138484 -0.735017 0.663756 0.974438 0.220838 0.041243 -0.176897 0.641078 0.746811
-0.493376 -4.229529 3.469796 -3.102317 -0.158070 0.882898 -0.442159 -0.619787 0.259877 0.740491 -0.768686 -0.391094 -0.506130
-1.288394 -9.069723 -13.764269 8.648776 -0.241499 0.904934 -0.350388 -0.215138 0.302162 0.928662 -0.946252 -0.299653 -0.121714
0.120841 -6.734084 -17.332963 -62.646832 -0.435392 0.854714 -0.282660 -0.739535 -0.160538 0.653694 -0.513344 -0.493650 -0.701988
0.950387 -4.685824 -39.331187 -63.550394 -0.476437 0.039306 -0.878330 0.433607 0.879563 -0.195842 0.764848 -0.474156 -0.436100
2.167722 -4.222355 -37.379823 -62.852789 -0.576404 -0.056689 -0.815196 0.397241 0.852347 -0.340152 0.714113 -0.519895 -0.468777
0.787729 -3.152939 -31.975835 -39.595903 -0.510001 -0.024754 -0.859818 0.464813 0.833148 -0.299690 0.723774 -0.552496 -0.413400
0.330113 -2.334078 -3.236696 -6.895473 -0.089042 0.830429 -0.549963 0.590382 -0.400701 -0.700634 0.802197 0.387074 0.454591
0.018514 -2.845045 5.247503 -10.634272 -0.111818 0.837443 -0.534963 0.478039 -0.426626 -0.767769 0.871192 0.341584 0.352626
0.178768 -14.853688 9.722128 26.094192 -0.323267 0.826192 -0.461417 0.872958 0.448582 0.191618 -0.365297 0.340853 0.866243
0.174243 -15.932860 15.181285 -2.685562 -0.266267 0.854188 -0.446616 0.723694 0.483211 0.492722 -0.636686 0.192017 0.746833
0.149939 -13.555494 3.174744 -0.078653 -0.306243 0.844748 -0.438881 0.815338 0.470723 0.337110 -0.491364 0.254599 0.832911
-0.432320 -7.696502 -8.833178 6.492773 -0.416725 0.872589 -0.254812 0.276802 0.388806 0.878755 -0.865864 -0.295666 0.403560
-0.095786 -8.200505 -9.921538 25.092368 -0.413754 0.870020 -0.268090 0.067489 0.322981 0.943996 -0.907884 -0.372489 0.192351
-0.133365 -7.961955 -5.294816 37.506366 -0.396986 0.888480 -0.230228 0.177715 0.320503 0.930427 -0.900455 -0.328452 0.285131
-0.492812 -7.619320 9.067866 12.923209 -0.385314 0.893428 -0.230910 0.364730 0.377306 0.851241 -0.847647 -0.243776 0.471242
-0.719209 -7.320625 -4.476188 -0.229703 -0.402577 0.884319 -0.236455 0.491843 0.426823 0.758889 -0.772025 -0.189212 0.606775
-0.598167 -7.228782 -9.381884 4.070024 -0.410286 0.872779 -0.264427 0.363888 0.422552 0.830082 -0.836212 -0.244349 0.490961
1.343171 -11.524419 42.288499 4.562665 -0.049576 0.919196 -0.390668 0.947495 -0.080433 -0.309489 -0.315904 -0.385499 -0.866946
2.842267 -10.995713 51.566230 112.479989 0.005009 0.901224 -0.433324 0.993736 -0.052865 -0.098462 -0.111644 -0.430116 -0.895844
2.242762 -12.075857 4.926240 85.363738 -0.010176 0.840625 -0.541522 0.927888 -0.193918 -0.318464 -0.372719 -0.505713 -0.778033
-2.461680 -7.154363 -0.272634 -23.823805 0.103846 0.910567 -0.400104 0.272824 -0.412928 -0.868941 0.956443 0.018922 0.291305
-2.366310 -6.613193 3.036052 -39.999359 0.041438 0.904789 -0.423840 0.405371 -0.402946 -0.820554 0.913213 0.137811 0.383472
0.377477 -23.459956 -43.933018 -344.267922 -0.425509 -0.352186 0.833611 0.031032 0.914943 0.402388 -0.904422 0.197089 -0.378387
0.839897 -18.746794 -36.896539 -136.933169 -0.394274 -0.377678 0.837799 -0.265910 0.919537 0.289386 -0.879682 -0.108682 -0.462977
0.610104 -16.109252 -11.449204 42.372702 -0.379788 -0.407372 0.830547 -0.448997 0.866149 0.219519 -0.808803 -0.289542 -0.511862
120.299960 -67.795950 -5156.176669 1580.773128 0.794891 0.059011 -0.603875 0.576185 -0.385325 0.720788 0.190153 0.920892 0.340293
116.841788 -3593.603859 5040.455033 -125621.978386 0.136976 -0.466633 0.873780 0.777618 0.597088 0.196968 -0.613635 0.652487 0.444649
88.404615 5.547349 -2248.684827 -62.663594 -0.549125 0.493577 0.674421 0.141373 0.850204 -0.507116 -0.823697 -0.183125 -0.536646
90.794952 -194.528444 3146.684068 -3146.669028 0.103362 0.108474 0.988711 0.913688 -0.403167 -0.051287 0.393053 0.908674 -0.140784
101.987212 -30.274219 13217.252384 779.665089 0.663009 0.207079 0.719401 0.744871 -0.278428 -0.606337 0.074742 0.937868 -0.338847
18.446913 -110.229460 -587.642125 819.794649 -0.109702 -0.292201 -0.950044 -0.336332 0.910344 -0.241154 0.935332 0.293075 -0.198143
-42.159553 -260.548972 -1183.349923 -1400.331000 0.031113 -0.348018 -0.936971 0.084190 0.935006 -0.344493 0.995964 -0.068166 0.058391
-1.184670 -96.084784 -22.989983 1835.809795 -0.069511 0.046272 -0.996507 0.758368 0.651433 -0.022651 0.648110 -0.757294 -0.080373
0.731999 -2.048100 -25.367691 -4.051059 -0.228983 0.967722 -0.105269 -0.056897 -0.121263 -0.990988 0.971766 0.220929 -0.082828
0.839977 -2.295539 -1.754727 -4.512376 -0.297869 0.926718 -0.229061 -0.048285 -0.254272 -0.965927 0.953385 0.276659 -0.120487
0.520945 -2.166106 -13.992657 -2.779845 -0.245343 0.958776 -0.143370 -0.117853 -0.176292 -0.977257 0.962246 0.222867 -0.156247
0.656085 -1.583904 1.038549 -10.897800 0.360793 -0.765285 0.533074 0.850623 0.504398 0.148402 -0.382451 0.399903 0.832952
-0.190995 -6.909965 -5.460854 30.154034 -0.413326 0.811738 -0.412604 0.258233 -0.330027 -0.907964 0.873200 0.481833 0.073209
-0.165475 -7.762844 -1.621846 45.239027 -0.410416 0.805574 -0.427327 0.435110 -0.238832 -0.868124 0.801398 0.542226 0.252493
-106.437996 -2490.890581 -3688.394638 -143013.016804 0.277144 -0.567018 -0.775682 -0.032803 0.801251 -0.597429 0.960268 0.191019 0.203462
-35.928796 -418.636276 -1364.217135 19529.876711 0.227035 -0.588565 -0.775917 -0.383731 0.678206 -0.626728 0.895101 0.440032 -0.071874
-21.018040 -43.948179 497.639116 -1090.349465 0.220557 0.317160 0.922369 0.885592 -0.461418 -0.053103 0.408756 0.828555 -0.382643
-10.527539 -113.540788 -8.353303 -3346.210762 -0.022171 0.803474 0.594927 0.987780 -0.074220 0.137048 0.154270 0.590696 -0.792010
1.826816 -45.254907 -402.093915 -1116.590596 0.225363 0.584968 0.779117 0.973480 -0.167507 -0.155818 0.039359 0.793570 -0.607204
