12505
24999
-8.899740 -11.251369 22.048581 168.289410 0.207184 0.924875 0.318875 -0.494498 0.380248 -0.781590 0.844125 -0.004250 -0.536130
-6.464431 -11.737949 -59.184878 268.099691 0.346732 0.888184 0.301505 -0.512889 0.448667 -0.731876 0.785317 -0.099127 -0.611107
-7.019497 -9.065959 3.969161 159.518661 0.100730 0.993277 0.057041 -0.667815 0.109999 -0.736154 0.737480 -0.036060 -0.674406
-4.694235 -11.305629 -109.457702 308.073063 0.432532 0.864631 0.255595 -0.574798 0.482842 -0.660660 0.694639 -0.138841 -0.705833
-6.955729 -9.420425 0.343128 100.762085 -0.262731 0.938697 -0.223204 -0.546406 -0.335411 -0.767424 0.795244 0.079666 -0.601033
-4.825798 -7.762663 -84.491130 163.193652 0.295132 0.950596 0.096251 -0.717919 0.287104 -0.634164 0.630468 -0.118062 -0.767184
-5.328387 -7.212962 25.353862 70.597560 -0.451090 0.773924 -0.444477 -0.576104 -0.632871 -0.517280 0.681632 -0.022726 -0.731342
-5.843948 -7.999711 11.416431 71.331180 -0.386004 0.846594 -0.366442 -0.558374 -0.530616 -0.637703 0.734316 0.041545 -0.677536
-4.745041 -9.303208 11.445304 -29.996895 0.837290 -0.415724 0.355132 -0.078752 0.551054 0.830746 0.541057 0.723542 -0.428653
-4.537429 -8.765979 26.931699 -0.601657 0.846201 -0.387321 0.365960 -0.031215 0.649569 0.759661 0.531949 0.654249 -0.537576
-5.069094 -9.087246 39.760615 -15.013493 0.888797 -0.343757 0.303101 -0.073535 0.545824 0.834667 0.452363 0.764138 -0.459849
-10.596968 -18.644666 715.171642 5.452922 0.206082 0.960526 0.186871 -0.957622 0.237236 -0.163335 0.201220 0.145291 -0.968711
-7.355810 -28.536700 176.322402 1252.374108 0.305386 0.948420 -0.085080 -0.944944 0.312868 0.095888 -0.117561 -0.051113 -0.991749
-8.168084 -23.829481 310.935405 1254.358722 0.532174 0.845060 0.051622 -0.805777 0.486836 0.337215 -0.259835 0.221053 -0.940011
-5.733268 -41.522278 -178.419979 -2347.415559 0.110070 0.961810 -0.250612 -0.875131 -0.025754 -0.483200 0.471201 -0.272505 -0.838875
2.545243 -4.768756 30.909546 95.403214 0.191333 0.382814 0.903795 0.747915 -0.653164 0.118322 0.635622 0.653323 -0.411284
2.106484 -6.026745 71.245869 127.686590 0.147118 0.350417 0.924967 0.753572 -0.645437 0.124662 0.640692 0.678689 -0.359019
2.528072 -7.430393 51.061846 170.452764 0.081862 0.443928 0.892315 0.830627 -0.525173 0.185072 0.550779 0.726031 -0.411730
2.491944 -3.858055 -48.042769 -47.579582 -0.333411 -0.190356 -0.923364 -0.622807 0.779742 0.064138 0.707777 0.596463 -0.378529
2.592873 -3.186622 34.179903 -32.188074 -0.363843 -0.289352 -0.885378 -0.658288 0.752362 0.024641 0.658995 0.591799 -0.464219
0.980073 -7.643441 15.910775 13.138522 -0.280994 0.950015 0.136062 -0.510664 -0.268045 0.816930 -0.812567 -0.160071 -0.560458
1.097118 -7.806348 35.879959 4.359760 -0.220706 0.970486 0.097188 -0.506977 -0.199277 0.838608 -0.833224 -0.135813 -0.535996
2.025308 -7.530198 38.025182 4.390304 -0.295675 0.938819 0.176622 -0.360029 -0.280768 0.889690 -0.884848 -0.199470 -0.421018
0.295734 -7.880405 11.251534 4.422101 -0.216749 0.974255 0.062019 -0.656492 -0.192484 0.729361 -0.722522 -0.117373 -0.681312
1.206396 -7.394140 -2.368805 20.998615 -0.353236 0.916434 0.188079 -0.460641 -0.345356 0.817642 -0.814269 -0.202184 -0.544139
0.294279 -7.568010 -0.083016 14.429700 -0.277348 0.955029 0.104874 -0.642847 -0.265586 0.718479 -0.714021 -0.131851 -0.687597
0.665936 -8.072716 23.327146 39.666696 -0.041907 0.987526 0.151777 0.953427 0.084942 -0.289418 0.298700 -0.132580 0.945093
0.534357 -7.571456 32.240332 37.197782 -0.036043 0.989572 0.139459 0.897320 0.093475 -0.431369 0.439906 -0.109592 0.891332
1.081770 -7.739936 25.604602 58.507546 -0.071887 0.982206 0.173504 0.922141 0.131743 -0.363731 0.380117 -0.133847 0.915203
1.099656 -8.477552 11.273453 40.901812 -0.063758 0.978545 0.195921 0.970223 0.106748 -0.217423 0.233672 -0.176225 0.956212
1.242779 -7.653165 -8.192240 51.214772 -0.057917 0.968869 0.240705 0.920168 0.145327 -0.363553 0.387216 -0.200433 0.899939
1.234882 -6.940660 1.033486 36.026044 -0.064469 0.972261 0.224838 0.866531 0.166288 -0.470608 0.494942 -0.164490 0.853215
-1.266138 -5.394324 11.189508 87.154158 0.247973 0.960431 0.126816 0.831797 -0.143976 -0.536083 0.496612 -0.238420 0.834585
-1.205822 -7.700039 17.665004 226.288890 0.211763 0.969172 0.125946 0.871748 -0.129053 -0.472653 0.441829 -0.209883 0.872202
-1.474740 -6.281701 28.081310 179.570156 0.265968 0.954583 0.134283 0.828436 -0.155115 -0.538176 0.492904 -0.254383 0.832067
-1.651030 -5.220807 18.838395 -0.169971 0.276555 0.950793 0.139680 0.800615 -0.147560 -0.580726 0.531539 -0.272433 0.802027
-1.685895 -5.979407 -11.001506 -151.427206 0.167923 0.961169 0.218987 0.850094 -0.028711 -0.525848 0.499142 -0.274462 0.821905
0.079821 -21.806387 -32.433583 -293.509868 0.024154 0.972018 0.233663 0.718049 -0.179493 0.672450 -0.695574 -0.151539 0.702291
0.031033 -23.039122 -31.852277 31.329895 0.019240 0.972547 0.231911 0.872149 -0.129740 0.471725 -0.488862 -0.193184 0.850702
-0.840011 -23.745318 -9.815341 -174.412871 0.038661 0.978919 0.200557 0.744678 -0.162057 0.647450 -0.666303 -0.124319 0.735245
-0.667932 -21.482981 -10.955690 -286.415588 0.041287 0.975044 0.218139 0.594247 -0.199477 0.779153 -0.803222 -0.097459 0.587652
-1.332081 -24.565063 -41.014451 -391.754312 0.029021 0.976431 0.213868 0.556024 -0.193571 0.808311 -0.830659 -0.095458 0.548537
-1.500966 -25.277204 -44.275472 8.045991 0.026598 0.979600 0.199189 0.849466 -0.127190 0.512083 -0.526972 -0.155584 0.835520
-0.237768 -4.376551 -44.328286 -146.915384 0.082335 0.985942 0.145392 -0.178251 0.158104 -0.971200 0.980534 -0.054048 -0.188763
0.025279 -5.929651 -40.886655 -81.169365 0.051596 0.997061 0.056631 -0.290512 0.069239 -0.954363 0.955479 -0.032789 -0.293231
-0.851200 -4.525661 -35.838311 -94.750428 0.044894 0.997323 0.057721 -0.213647 0.066028 -0.974677 0.975879 -0.031425 -0.216040
-1.119270 -3.520518 -34.092933 -79.039235 0.056688 0.987936 0.144112 -0.141101 0.150823 -0.978439 0.988371 -0.035131 -0.147948
-0.798642 -3.154539 -45.689141 -112.988655 0.095624 0.979558 0.176981 -0.115757 0.187533 -0.975414 0.988664 -0.072787 -0.131324
0.059181 -2.732113 -52.116703 -148.540386 0.104364 0.974355 0.199349 -0.095779 0.209359 -0.973137 0.989916 -0.082467 -0.115173
1.399752 -21.713896 -2.534516 439.518823 0.217306 0.975096 0.044329 -0.414494 0.133299 -0.900237 0.883727 -0.177252 -0.433138
1.101326 -28.109246 -0.495301 547.678137 0.234145 0.972173 0.007471 -0.197714 0.055140 -0.978708 0.951885 -0.227682 -0.205123
1.097045 -25.804076 -21.740448 562.460598 0.208895 0.976265 0.057175 -0.371849 0.133367 -0.918663 0.904484 -0.170643 -0.390883
1.386943 -20.544911 -18.902492 431.892486 0.201336 0.977748 0.058925 -0.575758 0.166798 -0.800426 0.792444 -0.127228 -0.596529
1.639989 -16.955751 1.523227 228.655526 0.201710 0.979420 0.006957 -0.583905 0.125951 -0.801992 0.786363 -0.157708 -0.597295
-5.903273 -11.829254 -12.495833 -497.398345 0.927066 0.292703 -0.234251 -0.231450 0.938402 0.256577 0.294923 -0.183647 0.937707
-5.523407 -11.228569 72.835671 -239.887448 0.771462 0.606243 -0.193171 -0.496152 0.763244 0.413875 0.398346 -0.223447 0.889602
-5.163676 -11.736114 137.938678 77.888617 0.870580 0.434568 -0.230742 -0.374727 0.889513 0.261432 0.318858 -0.141132 0.937236
-0.759001 -18.758617 27.223170 235.070832 0.067871 0.955538 0.286950 0.633997 0.180768 -0.751911 0.770351 -0.232958 0.593540
-1.059532 -16.956323 14.671968 182.341375 0.078898 0.957256 0.278273 0.438271 0.217411 -0.872153 0.895374 -0.190770 0.402384
-0.129958 -17.243186 38.677666 309.302517 0.032734 0.958085 0.284608 0.476696 0.235318 -0.846987 0.878459 -0.163397 0.449012
-0.393709 -22.826637 52.620437 372.550511 0.055073 0.961733 0.268395 0.728432 0.145146 -0.669567 0.682901 -0.232382 0.692563
-7.598801 -11.710244 -53.740456 -211.926206 0.192334 0.768242 0.610584 -0.735733 0.524624 -0.428330 0.649388 0.366844 -0.666124
-7.069511 -9.231354 -34.854316 -211.032988 -0.269510 -0.551901 -0.789158 -0.588474 0.743058 -0.318688 0.762274 0.378510 -0.525041
-7.006020 -8.858300 -37.133731 -229.946057 0.234044 0.776608 0.584895 -0.619175 0.582887 -0.526180 0.749564 0.239003 -0.617278
-1.501336 -94.334429 182.525320 4281.795131 0.266588 0.963210 -0.034037 0.898291 -0.235512 0.370954 -0.349291 0.129467 0.928027
-4.949799 -27.485003 48.594043 1392.210999 0.418230 0.905495 0.071849 0.905556 -0.421831 0.045022 -0.071075 -0.046234 0.996399
-1.073866 -184.681585 488.052375 7921.562846 0.362296 0.930509 -0.053803 0.915603 -0.344504 0.207338 -0.174394 0.124380 0.976789
1.834730 -66.107901 362.499006 2469.432390 0.380027 0.922305 -0.070227 0.762763 -0.269530 0.587831 -0.523232 0.276958 0.805930
-1.571736 -11.410008 34.354081 -182.413571 0.413706 0.453875 0.789205 0.814338 0.203111 -0.543691 -0.407064 0.867608 -0.285579
-1.287718 -10.764841 52.405281 -198.319952 0.461155 0.437189 0.772141 0.770274 0.234727 -0.592943 -0.440471 0.868199 -0.228509
-0.668110 -13.146357 46.204573 -203.831372 0.446350 0.441257 0.778501 0.844587 0.079753 -0.529444 -0.295709 0.893830 -0.337082
-2.721564 -7.893389 -85.207341 -64.906410 -0.506202 0.726059 0.465401 -0.168159 -0.612387 0.772467 -0.845862 -0.312763 -0.432085
-3.587298 -8.288075 -72.206171 -63.006411 -0.474144 0.714328 0.514707 -0.045408 -0.603659 0.795949 -0.879276 -0.354023 -0.318657
-3.470652 -7.574578 -69.168474 -50.016740 -0.455309 0.774595 0.438972 -0.205882 -0.571279 0.794514 -0.866202 -0.271373 -0.419584
-2.809118 -6.807283 -59.035157 -34.326607 -0.453723 0.786111 0.419720 -0.320650 -0.583462 0.746161 -0.831456 -0.203967 -0.516796
-3.384403 -7.261877 -21.030245 -35.244087 -0.384859 0.842847 0.376156 -0.284541 -0.496043 0.820352 -0.878021 -0.208688 -0.430731
0.171408 -19.908388 2.092764 -215.628968 0.107573 0.985641 -0.130157 -0.632101 0.168855 0.756264 -0.767382 -0.000918 -0.641189
0.733750 -23.684553 -35.446221 -521.289927 0.089113 0.986205 -0.139494 -0.542975 0.165512 0.823277 -0.835007 -0.002377 -0.550233
0.205556 -24.178948 -2.751073 -497.363057 0.099543 0.987857 -0.119287 -0.450623 0.151639 0.879741 -0.887147 0.033818 -0.460245
0.676208 -19.161453 -22.113687 -137.206948 0.087945 0.988067 -0.126445 -0.668292 0.152655 0.728067 -0.738682 -0.020472 -0.673743
0.082848 -20.687289 2.024405 -187.368953 0.111047 0.984553 -0.135368 -0.604061 0.175029 0.777480 -0.789163 0.004566 -0.614166
0.150921 -18.946216 -1.572184 -53.509967 0.098562 0.987244 -0.125043 -0.766011 0.155478 0.623742 -0.635226 -0.034307 -0.771564
0.497136 -19.106551 -16.766148 8.554259 0.079255 0.991292 -0.105160 -0.773969 0.127675 0.620219 -0.628244 -0.032235 -0.777348
-5.566522 -111.066099 -254.336065 -4443.815267 0.941088 -0.135537 -0.309810 -0.176520 0.584539 -0.791931 -0.288432 -0.799965 -0.526178
-12.341508 -305.723741 215.954273 -12776.285230 0.989411 -0.134114 -0.055487 -0.018036 0.265725 -0.963880 -0.144014 -0.954675 -0.260492
-3.735724 -45.193004 -96.718336 -1710.008581 0.951668 -0.161670 -0.261132 -0.242475 0.126347 -0.961895 -0.188503 -0.978723 -0.081040
-5.499903 -128.628211 -83.902939 -5041.990287 0.954887 -0.105816 -0.277476 -0.170564 0.569459 -0.804129 -0.243101 -0.815180 -0.525721
-2.472961 -11.340244 -283.106355 -396.969273 -0.068348 0.954211 0.291221 0.769974 -0.135167 0.623595 -0.634404 -0.266854 0.725479
1.837299 -7.099696 -79.480665 -22.281376 0.273399 0.894268 0.354313 0.835000 -0.403504 0.374111 -0.477522 -0.193570 0.857032
-2.628560 -18.011299 -275.121533 -1263.600685 -0.424402 0.892917 0.150275 0.641461 0.179354 0.745895 -0.639070 -0.412955 0.648889
-5.633976 -51.695346 -429.207132 -2911.103143 -0.405887 0.906149 0.118953 0.515541 0.119541 0.848485 -0.754634 -0.405714 0.515677
1.771017 -6.787004 -179.650677 -6.738273 0.194117 0.914409 0.355212 0.349345 0.273923 -0.896060 0.916666 -0.298032 0.266271
2.999955 -6.355972 -96.946666 13.284831 0.114933 0.930203 0.348587 0.281395 0.306052 -0.909477 0.952684 -0.202620 0.226579
0.645051 -6.613488 -179.442233 3.557449 0.175144 0.892903 0.414788 0.212294 0.377139 -0.901497 0.961382 -0.245948 0.123504
-0.835026 -6.424137 -170.823234 14.638417 0.157882 0.862465 0.480860 0.087547 0.472824 -0.876797 0.983569 -0.180528 0.000856
-3.255787 -6.509911 -107.698096 30.467570 0.084777 0.784615 0.614159 0.083830 0.608576 -0.789055 0.992867 -0.118379 0.014181
2.829802 -6.225992 -161.405628 9.343103 0.149963 0.911974 0.381857 0.137070 0.363317 -0.921527 0.979144 -0.190536 0.070520
-1.121623 -7.582243 100.414628 17.250730 -0.087258 0.970335 -0.225470 0.819442 0.198619 0.537648 -0.566481 0.137845 0.812464
-2.071326 -7.708741 57.307548 -20.038484 -0.138054 0.967910 -0.209981 0.715523 0.244060 0.654570 -0.684813 0.059880 0.726255
-2.606123 -7.770237 24.963036 -6.649367 -0.130116 0.979367 -0.154632 0.798730 0.195939 0.568892 -0.587453 0.049487 0.807744
-0.717547 -7.142613 -14.707492 -44.173426 0.094153 0.975828 -0.197220 -0.845188 -0.026340 -0.533820 0.526111 -0.216949 -0.822277
-0.425376 -7.098901 -14.137061 -38.321283 0.075756 0.973177 -0.217227 -0.870437 -0.041730 -0.490507 0.486415 -0.226242 -0.843928
-1.019857 -7.769302 -14.885177 -34.328280 0.125884 0.975679 -0.179454 -0.907623 0.040249 -0.417852 0.400466 -0.215478 -0.890616
-1.052759 -7.819600 -9.816598 -34.676987 0.139897 0.977488 -0.157942 -0.887746 0.053170 -0.457253 0.438561 -0.204180 -0.875200
-0.780515 -7.182713 -9.686022 -44.930177 0.116337 0.977772 -0.174434 -0.819423 -0.004757 -0.573169 0.561258 -0.209616 -0.800656
0.809317 -9.585500 -12.057033 202.482772 0.305133 0.948646 -0.083451 0.875368 -0.313908 -0.367686 0.375000 -0.039143 0.926198
0.736138 -11.277557 -12.335434 277.368323 0.287377 0.956241 -0.054943 0.886878 -0.287319 -0.361794 0.361749 -0.055244 0.930637
1.103886 -13.272721 -21.926534 285.156074 0.325080 0.943422 -0.065399 0.922594 -0.331572 -0.197179 0.207707 -0.003763 0.978184
0.324864 -7.807667 6.081083 84.719600 0.249206 0.965876 -0.070574 0.843196 -0.252242 -0.474756 0.476357 -0.058804 0.877283
1.052707 -11.858390 -20.904318 239.338957 0.338363 0.936408 -0.093012 0.908000 -0.350845 -0.229005 0.247075 0.006968 0.968971
0.245357 -7.723601 2.893255 -8.012328 0.312517 0.942176 -0.120989 0.824680 -0.332316 -0.457678 0.471420 -0.043255 0.880847
0.733837 -8.641368 -16.507291 100.420911 0.338408 0.933626 -0.117568 0.857516 -0.357416 -0.370026 0.387487 -0.024403 0.921552
-0.449736 -17.015311 5.108994 424.305669 0.313321 0.949622 -0.006974 -0.387632 0.121185 -0.913814 0.866932 -0.289021 -0.406073
-0.209427 -16.979796 11.360009 411.917718 0.299882 0.953792 -0.018743 -0.396754 0.106828 -0.911687 0.867558 -0.280835 -0.410457
-0.575022 -19.857292 6.042088 254.249072 0.305615 0.952149 -0.003343 -0.102741 0.029486 -0.994271 0.946596 -0.304208 -0.106837
-0.372173 -12.319011 7.922597 321.485939 0.310547 0.950396 -0.017567 -0.581442 0.175305 -0.794477 0.751988 -0.256936 -0.607040
-0.568117 -20.185240 -0.077166 267.774349 0.324650 0.945800 0.008074 -0.101739 0.043406 -0.993864 0.940347 -0.321836 -0.110317
-0.479930 -17.182330 -1.959270 438.184499 0.331071 0.943602 -0.002721 -0.382969 0.131732 -0.914320 0.862396 -0.303747 -0.404983
-0.478414 -12.305781 1.828935 344.455654 0.317523 0.947928 -0.024747 -0.579598 0.173358 -0.796249 0.750497 -0.267170 -0.604462
0.142372 -13.972983 11.815663 130.614492 0.090625 0.992138 -0.086309 -0.596804 -0.015276 -0.802242 0.797253 -0.124213 -0.590728
-0.292664 -11.973913 -17.346954 125.528031 0.118985 0.984846 -0.126181 -0.747537 0.005215 -0.664200 0.653476 -0.173354 -0.736829
0.103158 -13.421571 -25.715210 93.705819 0.157512 0.983841 -0.085126 -0.579433 0.022274 -0.814715 0.799654 -0.177652 -0.573579
-21.236577 -1261.073190 1050.794273 -92370.516761 0.970755 -0.088240 -0.223269 0.228144 0.049556 0.972365 0.074737 0.994866 -0.068238
10.189981 -2213.088754 -2663.972124 -131729.969559 0.957001 0.276703 -0.087090 -0.204730 0.856948 0.472996 -0.205511 0.434828 -0.876750
-16.403112 -172.132327 939.485611 -7850.233134 0.936217 -0.232408 -0.263597 0.289655 0.935065 0.204337 -0.198991 0.267656 -0.942742
-6.393044 -147.060517 -470.067061 -4856.162871 -0.699061 0.630048 0.338161 0.704405 0.688113 0.174111 -0.122995 0.359917 -0.924842
-0.367637 -10.354468 28.997077 115.911295 -0.225567 0.967230 -0.116562 0.973005 0.217671 -0.076690 -0.048805 -0.130714 -0.990218
-0.490700 -11.742428 7.235957 280.245553 -0.260713 0.957351 -0.124526 0.961148 0.245276 -0.126628 -0.090684 -0.152702 -0.984103
-0.586157 -10.369916 17.801308 272.562692 -0.229945 0.966742 -0.111959 0.973138 0.229739 -0.014920 0.011298 -0.112382 -0.993601
-0.605639 -10.329788 49.882836 111.523106 -0.156950 0.983055 -0.094707 0.985020 0.162753 0.056976 0.071424 -0.084346 -0.993873
1.511818 -5.597814 147.526417 -96.274237 -0.135395 0.230810 -0.963532 -0.611575 0.745646 0.264554 0.779516 0.625091 0.040201
2.599948 -3.836724 130.721687 -20.326889 0.005537 0.069243 -0.997584 -0.574721 0.816599 0.053491 0.818331 0.573037 0.044317
2.532201 -4.596696 93.791844 -84.454370 -0.095442 0.243444 -0.965208 -0.615482 0.747641 0.249430 0.782351 0.617874 0.078479
-1.607683 -25.892751 -4.039023 216.815481 -0.407429 0.894025 -0.186334 0.217024 0.292978 0.931163 -0.887075 -0.338944 0.313393
-1.830910 -29.550643 33.199897 236.372011 -0.385273 0.907416 -0.167809 0.263846 0.282576 0.922245 -0.884279 -0.311041 0.348287
-1.772439 -22.669464 31.479128 116.317191 -0.368516 0.919900 -0.134086 0.523953 0.324676 0.787438 -0.767899 -0.219929 0.601633
-1.694452 -31.706361 -16.231792 268.690770 -0.413443 0.883679 -0.219494 -0.141397 0.175826 0.974213 -0.899484 -0.433817 -0.052256
-1.629692 -21.968474 -5.016583 89.602341 -0.375521 0.915237 -0.146033 0.490498 0.329945 0.806565 -0.786381 -0.231253 0.572823
-1.318089 -24.623300 14.377015 130.553323 -0.367259 0.914842 -0.167884 0.208963 0.257037 0.943539 -0.906342 -0.311442 0.285568
-1.525848 -24.890679 -16.706118 174.040388 -0.402461 0.892627 -0.203082 -0.051179 0.199555 0.978549 -0.914005 -0.404221 0.034629
1.563029 -153.490961 59.884011 6476.678932 -0.551059 0.807484 -0.210485 0.597188 0.557793 0.576398 -0.582839 -0.191930 0.789596
1.520910 -68.313896 126.802291 2345.904743 -0.426141 0.900822 -0.083212 0.881870 0.434160 0.183875 -0.201766 -0.004975 0.979421
1.290755 -51.117645 -9.737079 1161.597275 -0.462783 0.885041 -0.050346 0.858278 0.461550 0.224344 -0.221791 -0.060612 0.973209
0.969079 -42.866334 -0.830183 613.072409 -0.416841 0.902272 -0.110223 0.778820 0.417043 0.468523 -0.468703 -0.109456 0.876548
3.178402 -103.711758 171.917590 4669.634761 -0.489704 0.866814 -0.093930 0.716152 0.461340 0.523729 -0.497310 -0.189204 0.846690
2.392722 -110.079158 48.305250 4747.929653 -0.537135 0.807830 -0.242686 0.393722 0.494567 0.774846 -0.745968 -0.320646 0.583710
-0.367320 -5.751284 -50.197597 -62.040499 -0.028551 0.945970 0.322994 0.539089 -0.257535 0.801909 -0.841765 -0.197018 0.502610
0.066692 -5.910420 -40.793918 -44.843321 -0.025108 0.947276 0.319434 0.565986 -0.249920 0.785621 -0.824033 -0.200520 0.529870
-0.295178 -6.496016 -34.585127 -51.941702 -0.037440 0.947625 0.317183 0.633998 -0.222820 0.740539 -0.772427 -0.228819 0.592450
-0.798735 -5.904186 -51.493369 -65.062672 -0.049258 0.954145 0.295266 0.544750 -0.222118 0.808648 -0.837151 -0.200678 0.508829
1.901708 -4.450222 -21.403585 -20.938991 0.121245 0.987225 0.103380 0.108258 0.090375 -0.990006 0.986701 -0.131225 0.095917
1.012973 -4.529485 -49.698180 36.633372 0.153589 0.969534 0.190825 0.044963 0.186059 -0.981509 0.987111 -0.159329 0.015017
1.337845 -4.872782 -50.239371 -19.097990 0.166949 0.970129 0.176005 0.143139 0.152772 -0.977841 0.975520 -0.188443 0.113358
2.065080 -3.985226 -5.061858 -37.508194 0.120072 0.990140 0.072146 0.181858 0.049505 -0.982078 0.975966 -0.131041 0.174120
-4.993514 -9.089614 140.868161 -90.098490 -0.308357 0.795909 0.521003 0.585800 0.590400 -0.555217 0.749503 -0.133999 0.648298
-5.834230 -9.579017 107.161535 -63.855406 -0.281542 0.728762 0.624212 0.493387 0.667889 -0.557219 0.822984 -0.151098 0.547600
-5.084282 -9.930915 141.659700 -7.803643 -0.348178 0.729873 0.588266 0.416893 0.682620 -0.600192 0.839626 -0.036270 0.541952
1.916680 -5.444974 -3.950310 -73.754433 0.035984 0.998348 0.044803 -0.010876 0.045220 -0.998918 0.999293 -0.035458 -0.012485
1.635967 -5.191372 11.455435 -52.853050 0.045773 0.998290 0.036352 -0.004383 0.036591 -0.999321 0.998942 -0.045583 -0.006050
1.909565 -4.694667 -0.767549 -81.084328 0.032132 0.997583 0.061612 0.060973 0.059573 -0.996360 0.997622 -0.035771 0.058912
0.410543 -16.393816 35.610484 86.005642 0.008720 0.998947 -0.045036 0.994000 -0.003749 0.109316 -0.109032 0.045719 0.992986
0.547550 -15.101453 22.440600 -399.793425 0.070492 0.997063 -0.029923 0.867499 -0.046468 0.495264 -0.492419 0.060871 0.868227
0.865437 -13.282413 -51.871937 8.721651 0.032922 0.999032 0.029181 0.981771 -0.037795 0.186272 -0.187194 -0.022516 0.982065
1.021688 -15.033328 -21.504985 145.841975 -0.108302 0.993912 -0.020226 0.989652 0.105866 -0.096862 0.094131 0.030507 0.995092
1.433141 -10.290759 -89.656736 -22.884332 -0.065031 0.997094 0.039673 0.992625 0.060561 0.105014 -0.102306 -0.046210 0.993679
1.721519 -11.249696 -158.469198 -35.456893 0.098699 0.988989 0.110271 0.918025 -0.133257 0.373459 -0.384041 -0.064371 0.921069
-7.528886 -12.278598 -58.085530 113.548916 0.327568 0.869821 0.368931 -0.339776 0.472799 -0.813027 0.881619 -0.140968 -0.450418
-3.394276 -10.505279 -219.516008 44.423544 0.388172 0.917497 0.086722 -0.425558 0.261917 -0.866198 0.817449 -0.299329 -0.492117
-7.491774 -9.677226 -40.266493 7.362053 0.635177 0.742683 0.212067 -0.509655 0.196714 0.837589 -0.580346 0.640098 -0.503460
-7.326285 -9.633642 -33.883340 2.937488 0.634849 0.755064 0.163842 -0.575746 0.320897 0.752025 -0.515251 0.571754 -0.638446
-6.687666 -9.668126 -24.628830 16.272050 0.569270 0.816242 0.098397 -0.458777 0.216065 0.861882 -0.682244 0.535785 -0.497472
-8.074643 -9.557138 -39.828785 -8.871607 0.681092 0.672962 0.288507 -0.621357 0.322783 0.713952 -0.387337 0.665532 -0.637994
-6.754396 -9.408353 -32.107693 14.062718 0.578015 0.806654 0.123317 -0.355659 0.113020 0.927757 -0.734442 0.580117 -0.352222
-8.347729 -9.679550 -50.776737 -2.351196 0.701352 0.637243 0.319417 -0.556476 0.209439 0.804033 -0.445466 0.741658 -0.501501
-7.740667 -9.528183 -53.501028 11.787181 0.668419 0.715266 0.203989 -0.393551 0.107391 0.913009 -0.631137 0.690552 -0.353276
-7.248626 -28.800297 96.184054 1479.108941 0.105709 0.978717 -0.175893 -0.975615 0.136294 0.172045 -0.192356 -0.153417 -0.969259
-11.988167 -98.247310 95.896022 5618.672880 0.364036 0.916054 -0.168291 -0.703797 0.388902 0.594496 -0.610039 0.097975 -0.786291
-11.887306 -69.079026 -634.507472 -3664.665423 0.007644 0.907513 -0.419955 -0.886045 -0.188528 -0.423533 0.463535 -0.375337 -0.802656
1.829333 -8.969504 77.323445 178.434290 0.039968 0.432744 0.900630 0.851894 -0.485807 0.195620 0.522186 0.759423 -0.388069
1.276799 -9.281823 95.357488 179.302188 0.020761 0.421193 0.906734 0.839335 -0.500110 0.213091 0.543219 0.756629 -0.363904
1.514952 -4.936701 -85.812425 -62.668485 -0.280118 -0.187696 -0.941437 -0.623426 0.781317 0.029724 0.729982 0.595243 -0.335875
0.795995 -7.509615 86.583854 146.515942 0.111753 0.355368 0.928022 0.752324 -0.640390 0.154630 0.649246 0.680893 -0.338917
1.900053 -7.579813 58.886489 1.397552 -0.218920 0.967072 0.129794 -0.334307 -0.199309 0.921149 -0.916686 -0.158267 -0.366931
0.754015 -7.958206 23.535116 11.429203 -0.189538 0.980620 0.049593 -0.472026 -0.135291 0.871142 -0.860968 -0.141706 -0.488521
0.250865 -8.108815 13.089537 -3.975158 -0.181988 0.982717 0.033878 -0.636096 -0.143931 0.758067 -0.749841 -0.116409 -0.651296
-0.099277 -8.073455 20.671985 20.044520 0.018076 0.991849 0.126130 0.925910 0.031000 -0.376470 0.377311 -0.123590 0.917803
-0.095822 -7.757369 29.970382 -15.774746 0.016636 0.994306 0.105256 0.848484 0.041652 -0.527580 0.528960 -0.098085 0.842959
0.484668 -7.118782 35.203732 -26.632962 -0.026012 0.990266 0.136738 0.835869 0.096571 -0.540367 0.548312 -0.100239 0.830245
3.635645 -13.916874 65.794954 326.643561 0.357868 0.922552 0.144322 0.266374 -0.248997 0.931153 -0.894972 0.294786 0.334852
4.214487 -11.801552 15.151677 344.539027 0.256192 0.944901 0.203782 0.270470 -0.272471 0.923366 -0.928015 0.181442 0.325373
4.092515 -14.646214 19.679831 284.440198 0.245921 0.956259 0.158405 0.131241 -0.194769 0.972029 -0.960364 0.218253 0.173398
-1.526450 -9.940534 20.555570 295.006286 0.198428 0.966011 0.165678 0.894215 -0.109228 -0.434107 0.401255 -0.234291 0.885495
0.625347 -22.680158 -62.667772 31.040747 0.014071 0.970271 0.241613 0.841232 -0.142103 0.521666 -0.540491 -0.195913 0.818223
0.603058 -21.529449 -48.556208 171.245224 0.018167 0.972369 0.232741 0.956796 -0.084469 0.278219 -0.290191 -0.217631 0.931894
0.228308 -6.539636 -35.869370 -28.220468 0.034626 0.999360 0.008968 -0.384838 0.021614 -0.922731 0.922334 -0.028499 -0.385340
0.412009 -6.958265 -8.752439 -13.276020 0.034429 0.998320 0.046602 -0.397317 0.056459 -0.915943 0.917035 -0.013019 -0.398593
-0.497604 -5.737916 -28.645638 -62.753300 0.025135 0.999682 -0.002000 -0.304193 0.005743 -0.952593 0.952279 -0.024552 -0.304241
0.504000 -6.587245 -11.130289 43.584597 0.013724 0.999839 -0.011567 -0.516950 -0.002808 -0.856011 0.855905 -0.017727 -0.516829
-0.116597 -6.358633 -28.170076 -18.364243 0.004425 0.998629 -0.052167 -0.409479 -0.045784 -0.911170 0.912309 -0.025393 -0.408715
0.617270 -31.210949 44.972135 492.884306 0.240472 0.969937 -0.037366 0.031972 -0.046390 -0.998412 0.970129 -0.238895 0.042166
0.236572 -28.699693 -40.865242 147.437677 0.273252 0.961933 0.004301 0.098814 -0.023622 -0.994826 0.956854 -0.272263 0.101507
-0.104823 -27.872681 19.879570 -324.253547 0.269015 0.962575 -0.032884 0.414324 -0.146480 -0.898265 0.869463 -0.228022 0.438223
0.259029 -30.549327 18.680240 -204.849151 0.299512 0.952049 -0.062417 0.376469 -0.178041 -0.909160 0.876678 -0.248807 0.411742
1.306381 -7.338996 59.212554 -16.258071 -0.019634 0.914491 0.404129 0.133544 0.402984 -0.905412 0.990848 -0.036192 0.130037
2.396062 -6.920697 65.319690 -18.902144 -0.004955 0.905909 0.423443 0.281426 0.407597 -0.868714 0.959570 -0.114863 0.256966
0.804242 -7.455264 40.595958 -37.323963 -0.012427 0.944942 0.327001 0.187300 0.323437 -0.927527 0.982224 -0.049721 0.181008
-0.152201 -8.549651 19.493291 -54.836030 0.001361 0.966448 0.256859 0.025710 0.256741 -0.966138 0.999669 -0.007919 0.024498
0.028537 -8.196627 36.100762 -49.660160 -0.015031 0.944555 0.328010 -0.009507 0.327898 -0.944665 0.999842 0.017318 -0.004052
-7.989482 -73.902835 135.340481 3805.840931 0.987337 -0.006636 -0.158496 0.055915 -0.920443 0.386856 0.148454 0.390819 0.908417
-3.837234 -83.697686 -106.607071 -5056.018365 0.965500 -0.094765 -0.242546 0.037757 0.972534 -0.229680 0.257650 0.212598 0.942560
-5.718731 -120.965458 -96.515944 -6246.160494 0.967508 0.034113 -0.250529 -0.087013 0.975256 -0.203234 0.237397 0.218429 0.946536
-4.021150 -38.699712 95.539087 2051.886484 -0.441136 -0.885664 -0.144911 0.896411 -0.442578 -0.023899 -0.042968 -0.140442 0.989156
-5.978303 -8.505453 322.329187 702.679049 -0.597425 -0.765221 -0.239833 0.797345 -0.598744 -0.075809 -0.085588 -0.236519 0.967850
-1.206702 -8.542202 49.974004 -128.240854 0.511173 0.439663 0.738511 0.677191 0.323092 -0.661078 -0.529258 0.838038 -0.132580
-0.424732 -11.498721 52.537322 -199.555542 0.494202 0.439568 0.750029 0.765439 0.189005 -0.615126 -0.412149 0.878099 -0.243056
-2.585684 -8.654483 -106.151647 -50.935115 -0.529156 0.682210 0.504562 0.008779 -0.590201 0.807208 -0.848479 -0.431569 -0.306319
-0.305280 -17.269153 -2.406638 -94.766392 0.112227 0.986194 -0.121767 -0.884575 0.154978 0.439896 -0.452694 -0.058344 -0.889755
-0.306682 -17.653574 -0.832917 44.624909 0.101383 0.988961 -0.108067 -0.753824 0.147253 0.640363 -0.649207 -0.016542 -0.760432
-0.452520 -16.664167 -3.915822 -52.675596 0.119169 0.986220 -0.114753 -0.880158 0.158418 0.447465 -0.459478 -0.047677 -0.886908
0.288514 -39.384439 -19.869117 -1596.801015 0.091343 0.995261 -0.033351 -0.315371 0.060678 0.947027 -0.944562 0.075987 -0.319419
1.445036 -24.254373 -50.171018 -658.331595 0.090566 0.987902 -0.125888 -0.569653 0.155074 0.807123 -0.816880 0.001386 -0.576806
1.298277 -19.199915 -40.162397 205.437987 0.078219 0.988962 -0.125841 -0.656418 0.146093 0.740116 -0.750331 -0.024713 -0.660600
-7.813406 -115.339806 81.812846 -4340.152509 0.997737 0.015187 0.065505 0.055597 0.361613 -0.930669 0.037821 -0.932205 -0.359950
-8.573291 -411.102604 2.417180 -18476.223455 0.998611 -0.052101 -0.007875 0.005438 0.250556 -0.968087 -0.052411 -0.966699 -0.250491
-4.227832 -289.961629 -56.657668 -15172.420072 0.996787 -0.050641 -0.062050 -0.003262 0.748425 -0.663212 -0.080026 -0.661283 -0.745855
-1.237776 -6.060943 -362.961075 -0.878068 0.886062 0.361994 0.289577 0.453295 -0.807358 -0.377752 -0.097048 -0.465975 0.879459
-5.175548 -6.222139 -37.488186 -155.201965 -0.109554 -0.918533 -0.379862 0.992632 -0.081200 -0.089933 0.051761 -0.386916 0.920661
-4.391660 -5.741585 98.671822 -23.153177 -0.611146 -0.741185 -0.277751 0.791423 -0.577643 -0.199945 -0.012244 -0.342014 0.939615
-0.771145 -6.030136 -283.566745 -11.052267 0.804953 0.498026 0.322523 0.579357 -0.777033 -0.246100 -0.128046 -0.384955 0.914010
-3.209555 -5.299153 96.850887 -52.249519 -0.634044 -0.732134 -0.248933 0.768437 -0.632555 -0.096845 -0.086560 -0.252694 0.963667
-0.592824 -9.408159 -215.220108 -312.688854 -0.139668 0.940510 0.309732 0.837086 -0.054943 0.544305 -0.528942 -0.335294 0.779614
3.938450 -6.170702 -20.950765 -27.981364 0.089128 0.949263 0.301588 0.392986 0.244713 -0.886385 0.915215 -0.197521 0.351236
3.890598 -5.868243 16.721284 -9.786744 0.010798 0.957485 0.288282 0.363340 0.264836 -0.893222 0.931594 -0.114389 0.345033
4.279066 -6.077697 -6.429223 17.262662 0.023805 0.952863 0.302464 0.253720 0.286886 -0.923755 0.966985 -0.098731 0.234931
4.194205 -6.277139 -88.730060 -1.175485 0.109099 0.934818 0.337955 0.226152 0.307726 -0.924208 0.967963 -0.177259 0.177838
-3.333186 -7.646883 96.553013 17.964458 -0.021310 0.991513 -0.128245 0.979795 0.046226 0.194588 -0.198865 0.121508 0.972465
-3.117629 -7.816682 -43.528247 18.693262 -0.045498 0.998304 -0.036306 0.975724 0.052203 0.212689 -0.214224 0.025748 0.976445
-3.073405 -7.429101 9.104767 14.242888 -0.025710 0.997493 -0.065929 0.997401 0.030036 0.065494 -0.067310 0.064074 0.995673
-3.195522 -7.885277 -29.604045 3.656974 -0.063712 0.995510 -0.069999 0.937677 0.083726 0.337272 -0.341618 0.044148 0.938801
-3.037185 -7.721185 101.955544 15.561210 -0.045639 0.987393 -0.151563 0.946440 0.091285 0.309707 -0.319639 0.129310 0.938675
0.175577 -6.535837 -33.065189 -25.389311 0.032496 0.961096 -0.274296 -0.842591 -0.121266 -0.524723 0.537572 -0.248171 -0.805871
-0.245668 -7.168067 -21.725771 -36.618314 0.069810 0.968063 -0.240792 -0.896297 -0.045096 -0.441155 0.437924 -0.246618 -0.864524
-0.739265 -7.696064 -13.136385 -28.604400 0.112865 0.973520 -0.198797 -0.926836 0.031043 -0.374182 0.358102 -0.226484 -0.905797
1.060299 -13.945589 -6.772454 241.377325 0.294459 0.953791 -0.059804 0.944957 -0.299930 -0.130763 0.142657 0.018008 0.989608
0.699364 -12.378376 -5.145564 273.667335 0.260502 0.964579 -0.041541 0.912849 -0.260086 -0.314740 0.314396 -0.044070 0.948269
0.359011 -8.754414 -14.469517 154.873443 0.236395 0.971465 -0.019323 0.849090 -0.216203 -0.481978 0.472403 -0.097531 0.875970
-0.014596 -12.425416 16.440077 305.356925 0.303640 0.952592 -0.019272 -0.586377 0.170889 -0.791807 0.750976 -0.251725 -0.610467
3.492898 -6.463101 78.498517 14.656473 -0.004209 0.995742 -0.092091 0.827669 0.055152 0.558501 -0.561201 0.073870 0.824376
4.270581 -6.216811 -8.096609 -3.645309 -0.024798 0.998472 0.049375 0.828198 -0.007142 0.560390 -0.559887 -0.054789 0.826756
3.316151 -6.656496 68.610648 16.962324 -0.018800 0.998106 -0.058567 0.759333 0.052361 0.648593 -0.650431 0.032278 0.758879
3.704571 -6.265183 -12.390066 -2.308705 -0.039117 0.995455 0.086828 0.754144 -0.027596 0.656129 -0.655543 -0.091147 0.749637
3.274882 -6.565697 35.589006 25.295121 -0.039151 0.999233 0.000123 0.710309 0.027744 0.703343 -0.702801 -0.027624 0.710850
2.602374 -7.001778 68.870774 50.092326 -0.031010 0.994882 -0.096167 0.702622 0.090127 0.705833 -0.710888 0.045681 0.701820
1.971590 -7.205190 81.050717 35.769507 -0.044176 0.987016 -0.154427 0.703426 0.140495 0.696745 -0.709394 0.077849 0.700499
9.391336 -8.170050 -95.324305 6.336126 0.466659 0.071089 -0.881576 0.224045 0.954751 0.195587 0.855589 -0.288785 0.429616
6.282501 -10.851869 26.613844 395.451064 0.340542 0.412349 -0.844985 0.146420 0.864479 0.480872 0.928758 -0.287480 0.234015
19.626654 -3.996398 1227.611014 -246.151601 0.120768 0.073977 -0.989920 0.482775 0.866966 0.123686 0.867377 -0.492846 0.068988
4.876071 -8.645371 351.620639 -64.317592 0.248494 -0.218864 -0.943583 0.185339 0.966883 -0.175459 0.950737 -0.131282 0.280829
6.869788 -9.332651 163.027636 -19.685833 0.302977 -0.313069 -0.900107 0.162792 0.947621 -0.274798 0.938991 -0.063273 0.338072
-0.371356 -13.020741 8.100423 170.348472 -0.239402 0.960678 -0.140660 0.959513 0.211951 -0.185502 -0.148395 -0.179375 -0.972524
-0.465538 -15.250395 -0.843393 -343.444130 -0.248843 0.958569 -0.138649 -0.944468 -0.208438 0.254036 -0.214611 -0.194164 -0.957205
-0.797754 -14.661525 -12.270520 -123.265834 0.270876 0.958120 0.092912 0.882701 -0.208724 -0.421039 0.384013 -0.196063 0.902271
-0.928393 -17.248756 -10.291200 -219.712001 0.295480 0.954071 0.049394 0.750877 -0.199962 -0.629444 0.590657 -0.223077 0.775475
-1.125375 -14.175854 -15.775641 -100.121295 0.272007 0.959729 0.070236 0.879484 -0.218314 -0.422904 0.390539 -0.176805 0.903449
-1.801550 -25.538225 18.650695 204.187945 -0.371635 0.923371 -0.096298 0.591571 0.315473 0.741970 -0.715493 -0.218775 0.663481
-1.613864 -23.738951 21.432287 116.525323 -0.395816 0.913674 -0.092353 0.465245 0.286217 0.837632 -0.791756 -0.288581 0.538372
-1.732265 -28.768196 0.711852 212.034392 -0.429425 0.892475 -0.138143 0.247926 0.263590 0.932230 -0.868405 -0.366073 0.334460
-1.646554 -32.677277 42.313111 336.839793 -0.393259 0.894245 -0.213714 -0.050073 0.211267 0.976145 -0.918063 -0.394579 0.038305
1.039294 -71.328211 4.968681 2224.339889 -0.426985 0.896716 -0.116547 0.601004 0.377723 0.704358 -0.675631 -0.230706 0.700212
0.588991 -67.974833 139.270907 1727.753238 -0.320734 0.935813 -0.146229 0.881248 0.351422 0.316078 -0.347178 0.027487 0.937396
0.850726 -61.624003 -38.977853 1484.965090 -0.407469 0.909455 -0.082831 0.853284 0.411475 0.320305 -0.325386 -0.059836 0.943686
0.435963 -195.639621 73.694712 9866.053724 -0.379379 0.905103 -0.191990 0.518010 0.379711 0.766475 -0.766640 -0.191331 0.612907
2.791461 -70.406424 -55.020033 266.906879 -0.396446 0.910097 -0.120638 0.207938 0.217006 0.953766 -0.894199 -0.353032 0.275275
1.717881 -31.128650 -13.759570 -429.995385 -0.524968 0.849373 0.054530 0.624850 0.428115 -0.652902 0.577902 0.308680 0.755477
52.804363 -202.833515 -1693.651409 -11274.670376 -0.432600 0.900653 0.041003 0.587594 0.316142 -0.744840 0.683806 0.298125 0.665982
2.709473 -108.729590 484.171235 -4539.406570 -0.582307 0.810937 0.057442 0.735818 0.555772 -0.386897 0.345674 0.183026 0.920332
0.242270 -6.398365 -46.805437 -43.762523 -0.035896 0.948654 0.314272 0.648826 -0.217060 0.729321 -0.760090 -0.230088 0.607720
1.572700 -4.835215 -19.292585 -25.075191 0.105065 0.990473 0.089024 0.019906 0.087407 -0.995974 0.994266 -0.106414 0.010533
0.595711 -4.015213 -41.101329 36.336396 0.140851 0.972343 0.186307 -0.017791 0.190639 -0.981499 0.989871 -0.134931 -0.044151
-0.445449 -3.382810 -37.745678 111.880242 0.166047 0.914720 0.368396 -0.027200 0.377689 -0.925533 0.985743 -0.143662 -0.087595
1.695365 -15.720083 -29.252485 -205.465367 0.147149 0.988418 0.037102 0.716559 -0.132383 0.684849 -0.681829 0.074189 0.727740
1.954253 -15.581748 -110.145427 -219.417762 0.127055 0.990031 0.060787 0.754351 -0.136238 0.642178 -0.644058 0.035738 0.764141
-9.055941 -11.777021 104.477078 47.046745 0.061852 0.982691 0.174624 -0.344501 0.185226 -0.920332 0.936746 0.003233 -0.349995
-7.198892 -10.918689 -12.375829 114.353813 -0.137148 0.984356 -0.110607 -0.451963 -0.161547 -0.877287 0.881431 0.070328 -0.467048
-6.575302 -9.684015 -20.808553 7.320520 0.569660 0.819758 0.059025 -0.546466 0.324145 0.772208 -0.613891 0.472151 -0.632623
-7.082612 -9.394449 -36.983957 -18.289596 0.649565 0.753438 0.101959 -0.619961 0.447248 0.644685 -0.440129 0.481975 -0.757619
-7.865758 -9.240083 -40.937369 -16.867265 0.725026 0.661141 0.192950 -0.608622 0.483916 0.628812 -0.322362 0.573339 -0.753237
-7.538851 -36.106287 -173.290196 -2156.776694 0.024792 0.940421 -0.339108 0.961988 -0.114725 -0.247827 -0.271966 -0.320073 -0.907517
-12.179962 -193.728467 -24.711740 11158.538851 0.200368 0.937961 -0.282987 -0.651896 0.343261 0.676168 -0.731358 -0.048995 -0.680232
-19.222866 -70.948869 -314.755843 3963.166922 0.070933 0.919393 -0.386892 0.921467 0.088114 0.378331 0.381926 -0.383344 -0.840940
1.561463 -11.186613 31.381493 185.502545 0.053743 0.484931 0.872900 0.920115 -0.363666 0.145380 0.387943 0.795355 -0.465737
3.083372 -7.750164 46.031740 -9.446982 -0.311583 0.932354 0.183391 -0.179471 -0.247268 0.952181 -0.933116 -0.263770 -0.244375
2.255985 -7.493817 0.310320 1.434905 -0.399018 0.890670 0.217926 -0.312394 -0.355494 0.880928 -0.862087 -0.283428 -0.420089
0.962805 -8.692445 -15.203652 17.564752 0.053897 -0.984546 -0.166626 0.987118 0.077708 -0.139856 0.150642 -0.156942 0.976051
1.128562 -9.072371 -0.533703 23.252419 0.069791 -0.975803 -0.207215 0.994967 0.083062 -0.056042 0.071898 -0.202261 0.976689
1.005140 -8.267582 -15.676954 41.019431 -0.044312 0.965523 0.256517 0.962719 0.109857 -0.247193 0.266851 -0.236000 0.934395
0.936625 -8.747343 10.885754 22.264641 0.055598 -0.968529 -0.242610 0.992410 0.080300 -0.093140 0.109690 -0.235590 0.965642
-1.767992 -10.719914 9.355901 304.596357 0.193829 0.958483 0.209143 0.899327 -0.088423 -0.428243 0.391971 -0.271094 0.879129
-1.731657 -7.263309 15.301795 223.303995 0.246451 0.950515 0.189164 0.844737 -0.115005 -0.522679 0.475060 -0.288608 0.831278
-1.642153 -5.031204 26.655932 61.280809 0.376696 0.921992 0.089616 0.757203 -0.250744 -0.603135 0.533615 -0.295056 0.792589
1.491568 -22.680942 -62.753262 167.934591 0.022947 0.975476 0.218905 0.923768 -0.104413 0.368445 -0.382266 -0.193762 0.903509
0.953164 -20.622298 59.726763 303.498722 -0.028855 -0.974772 -0.221329 0.998296 -0.039338 0.043100 -0.050719 -0.219709 0.974246
0.343377 -18.979329 27.820925 311.297585 -0.004756 -0.977429 -0.211211 0.998557 -0.015942 0.051288 -0.053498 -0.210663 0.976094
0.261391 -28.471982 -41.768232 174.827073 0.247201 0.968423 0.032375 -0.019760 0.038444 -0.999065 0.968763 -0.246330 -0.028639
1.701951 -6.812771 49.582044 -42.258502 -0.010617 0.931751 0.362942 0.339317 0.344783 -0.875208 0.940612 -0.113860 0.319819
-9.856704 -24.592101 381.531261 -1221.113367 0.971051 -0.085118 -0.223193 0.027430 0.967913 -0.249785 0.237293 0.236432 0.942227
-0.690530 -260.343392 37.664174 -15555.289407 -0.376371 0.898158 -0.227282 0.442004 -0.041528 -0.896051 0.814234 0.437707 0.381360
5.454995 -170.873627 264.378104 -7756.558288 -0.331271 0.931482 -0.150336 0.781099 0.181358 -0.597490 0.529286 0.315358 0.787658
3.133498 -71.365132 -412.187012 -2272.007112 0.432764 -0.851201 0.296939 0.824437 0.240426 -0.512347 0.364719 0.466532 0.805809
3.094342 -63.568585 -218.174168 -2564.014322 0.271871 -0.947981 0.165585 0.950155 0.237140 -0.202409 0.152613 0.212360 0.965201
-2.134399 -110.466799 292.228399 -3638.904565 -0.506697 0.832930 -0.222453 0.615995 0.169256 -0.769352 0.603165 0.526859 0.598842
-1.196450 -138.310048 -587.354323 -6751.200783 0.519689 -0.828679 0.207883 0.828510 0.429424 -0.359399 0.208556 0.359009 0.909735
-1.217092 -44.108600 -267.212005 -1687.582411 0.410204 -0.879560 0.241054 0.910949 0.407814 -0.062134 -0.043655 0.245076 0.968521
59.617294 -782.245637 13809.344767 182888.316362 -0.477433 0.873466 -0.095475 -0.256712 -0.034743 0.965863 -0.840331 -0.485645 -0.240816
15.711823 -346.797066 1454.410997 3662.235028 -0.708887 0.698644 -0.096827 0.031004 0.168013 0.985297 -0.704640 -0.695462 0.140763
