12668
25322
-5.786314 -7.975965 50.716434 -101.510752 -0.559355 0.810186 0.175272 0.828503 0.539661 0.149492 0.026528 0.228833 -0.973104
-7.876578 -9.774467 62.550088 -146.047456 -0.048052 0.966028 0.253933 0.988364 0.009253 0.151828 0.144320 0.258273 -0.955231
-6.459422 -9.369962 -64.101040 -276.269921 0.337279 0.925250 0.173652 0.941100 -0.336077 -0.037189 0.023952 0.175967 -0.984105
-6.024017 -9.091530 -2.948232 -88.932009 -0.542052 0.810952 0.220310 0.830363 0.476592 0.288718 0.129138 0.339437 -0.931722
-5.477506 -6.654706 -2.465572 -124.639844 -0.214052 0.963050 0.163450 0.975417 0.219702 -0.017093 -0.052372 0.155773 -0.986404
-4.429268 -6.843956 13.050276 -77.011901 0.768415 -0.615274 -0.176000 0.636848 0.762256 0.115721 -0.062957 0.201007 -0.977565
-4.900018 -7.874963 11.812736 -71.191324 0.734873 -0.649330 -0.195786 0.678137 0.699415 0.225721 0.009632 0.298646 -0.954315
-7.163248 -10.933589 -34.175623 -35.411583 -0.428993 0.805956 0.407922 0.787177 0.112045 0.606464 0.443078 0.581276 -0.682496
-6.737255 -10.150981 -11.740778 -65.153230 -0.523146 0.770335 0.364556 0.808856 0.314048 0.497118 0.268459 0.554939 -0.787383
-7.195967 -10.524861 9.180962 -61.080858 -0.572927 0.702358 0.422431 0.750159 0.241735 0.615488 0.330176 0.669520 -0.665377
-7.436161 -11.201680 -18.061480 -22.730503 -0.466169 0.755024 0.461113 0.713170 0.012280 0.700883 0.523521 0.655583 -0.544185
0.019459 -3.446312 2.697139 -19.995098 0.522923 0.817357 0.241826 0.851401 -0.514453 -0.102246 0.040836 0.259358 -0.964917
-0.093332 -3.167175 17.056261 -38.365298 0.447466 0.856969 0.255693 0.893935 -0.420432 -0.155298 -0.025584 0.298064 -0.954203
0.115066 -2.948613 1.761029 -31.994120 0.478458 0.842710 0.246817 0.877793 -0.451451 -0.160221 -0.023594 0.293313 -0.955725
-0.048279 -2.939671 -12.972563 -5.647700 0.547423 0.803476 0.233998 0.835883 -0.538459 -0.106590 0.040356 0.253945 -0.966376
-1.688303 -8.800737 100.546526 -37.244361 -0.338850 -0.711136 -0.616009 0.854405 -0.506725 0.114991 -0.393921 -0.487356 0.779301
-1.644499 -8.261192 -62.995119 -51.374270 0.339656 0.716057 0.609833 0.776536 -0.579327 0.247733 -0.530683 -0.389413 0.752816
-0.341522 -8.473974 97.978275 -23.348097 -0.279032 -0.733002 -0.620362 0.847909 -0.491316 0.199145 -0.450767 -0.470443 0.758612
-0.923885 -5.710170 -16.801226 35.128340 -0.291638 0.956162 -0.026484 -0.865903 -0.252142 0.432014 -0.406398 -0.148925 -0.901478
-1.257102 -6.115530 -12.693326 6.734853 -0.288548 0.957127 -0.025438 -0.910787 -0.266189 0.315611 -0.295309 -0.114238 -0.948548
-0.880958 -6.075517 -27.898587 5.892939 -0.252218 0.965069 -0.070910 -0.914504 -0.213764 0.343494 -0.316338 -0.151482 -0.936474
-1.362889 -6.038953 -5.188852 3.505579 -0.320145 0.947306 0.010888 -0.897291 -0.306889 0.317315 -0.303935 -0.091817 -0.948258
-0.153588 -5.519561 -35.041271 47.493252 -0.221546 0.970955 -0.090355 -0.875678 -0.157321 0.456550 -0.429074 -0.180268 -0.885098
-0.288854 -4.770958 -27.994605 68.241467 -0.255958 0.964763 -0.060975 -0.823040 -0.184405 0.537215 -0.507041 -0.187690 -0.841238
-1.182367 -5.743578 -5.856902 28.234590 -0.344678 0.938262 0.029363 -0.845540 -0.323898 0.424444 -0.407750 -0.121469 -0.904978
-0.818512 -4.968020 -11.518763 60.455062 -0.326093 0.945329 0.003979 -0.803190 -0.279277 0.526203 -0.498547 -0.168395 -0.850349
0.911888 -11.405457 31.229912 -60.799845 -0.097756 -0.962042 -0.254794 0.973351 -0.039058 -0.225971 0.207442 -0.270094 0.940222
0.671641 -11.062794 26.632704 -52.037537 -0.103905 -0.960962 -0.256430 0.975753 -0.048554 -0.213419 0.192637 -0.272388 0.942707
0.547672 -11.187473 29.329008 -0.597020 -0.103058 -0.960524 -0.258404 0.991318 -0.077856 -0.105958 0.081656 -0.267080 0.960208
0.035055 -11.133511 17.514223 64.957630 -0.103463 -0.962188 -0.251971 0.990775 -0.121992 0.059019 -0.087526 -0.243541 0.965933
0.530870 -11.213531 29.356963 81.883526 -0.085177 -0.963759 -0.252812 0.994714 -0.096858 0.034101 -0.057352 -0.248571 0.966914
0.856227 -11.458692 28.102039 16.305526 -0.084852 -0.964458 -0.250243 0.993520 -0.062834 -0.094711 0.075621 -0.256658 0.963539
1.483831 -19.708182 64.508057 168.707022 0.287419 0.923784 -0.253009 -0.890685 0.354928 0.284088 -0.352236 -0.143699 -0.924814
0.069738 -18.715624 42.498276 172.720160 0.258127 0.938380 -0.229809 -0.866402 0.330088 0.374685 -0.427454 -0.102391 -0.898220
0.503380 -17.182690 57.566666 164.396675 0.302435 0.922104 -0.241366 -0.751632 0.386437 0.534523 -0.586159 -0.019760 -0.809955
-0.544464 -16.088721 24.103029 170.498483 0.255737 0.938671 -0.231292 -0.738069 0.344095 0.580390 -0.624382 -0.022283 -0.780802
2.036567 -13.132230 -65.940474 213.745027 0.323129 0.894463 -0.309068 -0.326012 -0.201385 -0.923667 0.888427 -0.399224 -0.226533
1.014899 -11.044476 -76.887714 200.980987 0.359377 0.885812 -0.293572 -0.362274 -0.157486 -0.918671 0.860003 -0.436503 -0.264309
1.221987 -13.733754 -73.186972 242.842368 0.369083 0.893266 -0.256621 -0.190025 -0.197753 -0.961657 0.909763 -0.403696 -0.096756
1.442626 -9.961934 -58.747916 86.665921 0.305801 0.878257 -0.367628 -0.507841 -0.176149 -0.843249 0.805347 -0.444563 -0.392148
2.431077 -11.308346 -44.126036 92.111972 0.267900 0.898623 -0.347427 -0.489151 -0.183810 -0.852611 0.830037 -0.398359 -0.390320
4.032115 -8.249369 19.233660 35.910912 -0.165317 -0.843313 -0.511365 0.983695 -0.178219 -0.024107 -0.070805 -0.507012 0.859026
4.979913 -7.994508 -10.564956 63.575701 -0.139939 -0.870017 -0.472744 0.988045 -0.091511 -0.124064 0.064677 -0.484454 0.872423
2.951995 -8.172706 98.752900 47.303977 -0.196344 -0.779665 -0.594619 0.980517 -0.152409 -0.123931 0.005999 -0.607367 0.794399
-0.953498 -2.331621 43.176602 0.884681 0.100406 0.987543 -0.121151 0.991723 -0.089542 0.092021 0.080027 -0.129387 -0.988360
-0.935524 -2.935020 23.920880 -40.474839 0.199387 0.970957 -0.132238 0.976641 -0.185871 0.107813 0.080103 -0.150645 -0.985337
-1.067510 -2.958110 20.215970 151.762959 -0.121094 0.980978 -0.151716 0.983732 0.139028 0.113763 0.132692 -0.135471 -0.981856
-0.600129 -3.215401 -29.542998 92.500645 -0.098407 0.974548 -0.201426 0.990546 0.115365 0.074230 0.095578 -0.192217 -0.976687
1.583837 -22.475565 -9.652886 441.510123 0.214202 0.903946 -0.370134 -0.923111 0.311220 0.225849 -0.319349 -0.293297 -0.901106
0.919698 -29.668821 -9.115417 -631.130027 0.207786 0.898132 -0.387536 0.977383 -0.206566 0.045321 -0.039347 -0.388188 -0.920740
1.430325 -27.585684 -30.196370 -577.276145 0.235595 0.898960 -0.369276 0.951559 -0.290617 -0.100386 -0.197560 -0.327738 -0.923882
0.197678 -3.922295 -15.512776 -37.361605 -0.017536 0.972073 -0.234022 -0.684680 0.158894 0.711313 -0.728633 -0.172704 -0.662772
0.377402 -4.743533 -19.106485 -44.459207 -0.037291 0.976392 -0.212762 -0.616387 0.145109 0.773958 -0.786560 -0.160005 -0.596424
-0.058128 -4.325774 -11.272767 -35.877622 -0.051497 0.977381 -0.205120 -0.640042 0.125365 0.758044 -0.766612 -0.170323 -0.619109
-0.249138 -3.671153 -14.502610 -25.411659 -0.052793 0.976362 -0.209596 -0.696658 0.114367 0.708229 -0.715459 -0.183406 -0.674152
-0.019046 -3.201000 -20.498447 -27.944568 -0.033237 0.972772 -0.229368 -0.737358 0.131056 0.662667 -0.674684 -0.191151 -0.712925
-0.633274 -22.826761 -27.271482 -197.654098 0.327518 0.927268 0.181401 -0.856259 0.372454 -0.357908 0.399441 0.038105 -0.915967
-0.943321 -20.787799 -19.016090 -117.992299 0.378759 0.899561 0.217557 -0.632276 0.423169 -0.648965 0.675847 -0.108245 -0.729050
0.006584 -19.909166 -28.943440 -201.877514 0.378731 0.903549 0.200407 -0.716800 0.423343 -0.554056 0.585458 -0.066186 -0.807997
0.292634 -22.419377 -30.595925 -254.859533 0.346416 0.921148 0.177432 -0.861953 0.387196 -0.327285 0.370179 0.039562 -0.928118
-0.421073 -26.057567 -28.937345 158.070276 0.291420 0.942847 0.161597 0.955029 -0.296425 0.007235 0.054723 0.152221 -0.986830
-1.025184 -25.026751 -73.840863 -306.276179 0.272819 0.951503 0.142166 -0.950466 0.289448 -0.113286 0.148942 0.104218 -0.983339
0.360141 -26.395397 7.989714 199.947286 0.306841 0.932275 0.191601 0.943458 -0.324471 0.067872 0.125444 0.159942 -0.979123
-2.510303 -26.479566 -47.826811 114.092692 0.350055 0.933521 0.077456 -0.012759 0.087432 -0.996089 0.936642 -0.347698 -0.042517
-3.750831 -25.902580 -64.660431 -215.159638 0.336959 0.939147 0.066798 0.285694 -0.034387 -0.957704 0.897127 -0.341791 0.279895
-2.973478 -27.003432 -98.411460 -128.032151 0.374819 0.914035 0.155086 0.291285 0.042705 -0.955683 0.880150 -0.403382 0.250238
-4.193692 -9.609174 -1.495593 4.092207 0.378745 0.876085 -0.298373 0.667458 -0.035228 0.743813 -0.641133 0.480867 0.598093
-3.844975 -8.566129 43.229954 61.728570 0.396225 0.836724 -0.378019 0.672481 0.015847 0.739945 -0.625120 0.547395 0.556402
-4.107654 -9.888559 1.019578 36.441691 0.300265 0.865231 -0.401518 0.604613 0.152933 0.781700 -0.737756 0.477480 0.477210
-3.941025 -10.417623 -25.469414 -2.771165 0.273780 0.903485 -0.329786 0.606625 0.103872 0.788173 -0.746358 0.415843 0.519639
-4.022619 -10.743844 -10.222226 61.845894 0.297904 0.852982 -0.428573 0.496609 0.244940 0.832697 -0.815250 0.460897 0.350630
-3.777787 -10.702754 -32.325973 35.482306 0.241116 0.891034 -0.384606 0.499665 0.225762 0.836281 -0.831984 0.393815 0.390783
4.763640 -30.505173 686.846286 428.601997 0.903372 0.286573 -0.319052 -0.373060 0.892066 -0.255038 -0.211528 -0.349420 -0.912777
-12.448391 -174.388192 -501.882899 9202.205140 -0.659742 0.739874 0.131629 -0.505483 -0.566519 0.650802 -0.556082 -0.362825 -0.747751
133.593849 -540.279381 -8167.403965 -104869.583573 0.716655 -0.005641 -0.697406 -0.680255 0.214887 -0.700769 -0.153817 -0.976623 -0.150163
-23.919140 -108.392164 351.562711 5565.459076 -0.431207 0.857043 0.282023 -0.763153 -0.513197 0.392717 -0.481308 0.045884 -0.875350
25.316519 -185.826077 967.693687 9235.133310 -0.702907 -0.646175 0.297287 -0.550865 0.758956 0.347179 -0.449967 0.080270 -0.889431
-0.104422 -5.366040 6.686062 -19.633365 -0.124470 0.990987 -0.049516 -0.358807 0.001572 0.933411 -0.925076 -0.133948 -0.355377
0.094306 -4.908009 14.499372 -25.046322 -0.097069 0.990628 -0.096095 -0.460375 0.040911 0.886782 -0.882402 -0.130319 -0.452089
-0.074814 -5.070467 8.745881 -26.685638 -0.102900 0.990819 -0.087692 -0.467897 0.029583 0.883288 -0.877772 -0.131921 -0.460557
-2.542910 -5.029588 60.330688 -8.206036 0.864178 0.493554 0.097985 0.500879 -0.862376 -0.073674 -0.048138 -0.112746 0.992457
-0.912373 -4.847864 90.860588 -17.144118 0.969313 0.242765 0.038683 0.245305 -0.965461 -0.087808 -0.016030 -0.094603 0.995386
-2.659189 -4.657113 67.918502 4.677538 0.893545 0.443134 0.072180 -0.443906 0.896054 -0.005845 -0.067267 -0.026818 0.997375
-1.118097 -4.571469 88.250222 13.752721 0.975297 0.217930 0.036080 -0.218119 0.975921 0.001330 -0.034922 -0.009167 0.999348
3.382712 -34.473956 -54.010506 924.489903 -0.064773 0.996443 -0.053904 -0.753032 -0.013363 0.657848 -0.654788 -0.083202 -0.751219
2.520228 -55.681468 -33.568881 1740.103050 0.011483 0.995382 -0.095301 -0.869564 0.056995 0.490521 -0.493687 -0.077238 -0.866203
3.426173 -45.333165 -89.766173 1098.455957 -0.026698 0.996324 -0.081394 -0.938921 0.002953 0.344119 -0.343094 -0.085610 -0.935391
5.273866 -50.503458 -86.153240 1546.529187 -0.061808 0.997844 -0.022066 -0.895717 -0.045702 0.442270 -0.440308 -0.047100 -0.896610
-5.235885 -7.971487 53.309815 70.538166 -0.180322 -0.983420 -0.019191 0.983532 -0.180032 -0.015932 0.012213 -0.021748 0.999689
-6.364196 -7.798001 65.749250 62.394808 -0.235445 -0.966309 0.103979 0.968374 -0.242337 -0.059374 0.082572 0.086712 0.992806
-5.991335 -8.354046 57.833110 71.532848 -0.305118 -0.949590 0.071989 0.951810 -0.301625 0.055492 -0.030981 0.085452 0.995861
-5.412691 -8.628909 -37.674810 71.431715 0.262396 0.964960 -0.000979 0.959104 -0.260692 0.110270 -0.106151 0.029873 0.993901
-6.248474 -9.065667 -44.802406 35.060014 0.294153 0.951925 -0.085519 0.939708 -0.271724 0.207640 -0.174420 0.141441 0.974460
-0.288145 -2.085586 -34.379376 6.644392 -0.464403 0.878532 0.111856 0.851768 0.408485 0.328073 0.242531 0.247634 -0.938007
0.002115 -2.216502 -37.191559 8.769708 -0.576175 0.814375 0.069395 0.790385 0.533551 0.301022 0.208119 0.228291 -0.951089
-0.714092 -1.987003 -21.789378 -10.055344 -0.502673 0.856406 0.117847 0.845156 0.458191 0.275266 0.181743 0.237968 -0.954118
-0.741245 -2.143879 -10.744184 -12.577027 -0.366639 0.914942 0.168692 0.906235 0.310186 0.287268 0.210508 0.258198 -0.942879
-0.405688 -7.658507 -162.973792 -9.918307 0.032934 0.999195 -0.022917 0.655818 -0.038908 -0.753916 0.754201 -0.009800 0.656571
-2.113973 -7.812314 -117.661058 -21.449038 -0.036203 0.999191 -0.017532 0.691554 0.012384 -0.722219 0.721417 0.038271 0.691442
-0.438430 -7.550125 -144.860867 -25.729564 0.022967 0.999309 -0.029235 0.758643 -0.036466 -0.650485 0.651101 0.007239 0.758956
1.584453 -7.388479 -174.954592 -16.007784 0.056789 0.997502 -0.042012 0.715306 -0.070006 -0.695296 0.696500 -0.009434 0.717494
1.677486 -7.295155 -144.259984 -19.035950 0.049921 0.997140 -0.056748 0.793870 -0.074093 -0.603556 0.606034 0.014920 0.795298
3.497903 -5.597739 100.077279 11.321030 0.254508 0.962540 0.093505 -0.868520 0.270026 -0.415643 0.425322 -0.024574 -0.904708
3.991070 -5.369346 79.783353 16.496655 0.295081 0.952290 0.077922 -0.898423 0.304296 -0.316606 0.325212 -0.023418 -0.945351
4.510991 -5.744109 52.983174 23.177535 0.299770 0.953659 0.025930 -0.882251 0.287461 -0.372826 0.363002 -0.088885 -0.927539
4.452416 -5.962379 51.678260 8.403840 0.277176 0.960816 0.002348 -0.852784 0.247135 -0.460090 0.442643 -0.125524 -0.887869
3.354162 -11.568197 -27.666383 -150.794851 -0.135315 0.990739 0.011193 0.969787 0.130122 0.206354 -0.202986 -0.038777 0.978413
3.443816 -12.460800 17.183248 -129.563809 0.104620 -0.993729 -0.039469 0.993830 0.102996 0.041158 -0.036834 -0.043531 0.998373
3.033629 -11.642096 -21.998482 -93.069984 -0.108008 0.991094 0.077892 0.979763 0.092836 0.177331 -0.168520 -0.095468 0.981064
2.705041 -10.890559 -33.950804 -31.582359 -0.126407 0.990818 0.047965 0.944221 0.105358 0.312004 -0.304086 -0.084729 0.948869
-0.362108 -13.925131 2.444027 70.731458 0.087304 0.933624 -0.347453 0.930106 0.048517 0.364073 -0.356765 0.354953 0.864134
0.543068 -13.830840 36.855189 23.291779 0.067104 0.923743 -0.377090 0.918544 0.090377 0.384849 -0.389582 0.372198 0.842433
0.023545 -13.711339 21.578299 7.054479 0.091833 0.927345 -0.362764 0.839377 0.123909 0.529238 -0.535735 0.353097 0.767014
1.070364 -17.033690 -26.869705 -125.734023 -0.077595 0.981052 -0.177528 -0.750526 0.059732 0.658136 -0.656270 -0.184308 -0.731670
1.136198 -21.096014 -37.036007 -143.841818 -0.094123 0.977691 -0.187780 -0.615145 0.091190 0.783123 -0.782776 -0.189222 -0.592838
0.883047 -20.343221 -7.408586 -283.268130 -0.089661 0.980633 -0.174126 -0.616598 0.082644 0.782928 -0.782156 -0.177564 -0.597247
0.533507 -6.939059 0.940205 -8.428141 -0.058019 0.998236 -0.012566 0.996639 0.057188 -0.058647 0.057825 0.015926 0.998200
0.564910 -6.452843 -10.196071 -33.181917 -0.072670 0.997334 -0.006557 0.997318 0.072609 -0.009220 0.008719 0.007209 0.999936
0.704074 -7.101258 -5.055499 -25.120585 -0.101827 0.994746 -0.010571 0.986314 0.099567 -0.131419 0.129677 0.023808 0.991270
0.771980 -6.985272 -0.362175 12.576061 -0.023153 0.999608 -0.015751 0.985423 0.020163 -0.168920 0.168537 0.019433 0.985504
0.415324 -6.881072 0.960058 -6.472679 -0.024685 0.999675 -0.006344 0.999259 0.024487 -0.029690 0.029525 0.007072 0.999539
-0.651295 -10.449157 -8.416255 27.269746 -0.191036 0.968431 0.160143 0.882395 0.097964 0.460198 -0.429982 -0.229223 0.873254
-0.586011 -10.513071 -6.571084 17.107371 -0.213060 0.966322 0.144316 0.787838 0.082557 0.610325 -0.577856 -0.243733 0.778895
-0.511652 -10.715168 -14.939222 23.867625 -0.209633 0.962257 0.173539 0.837316 0.085015 0.540068 -0.504931 -0.258523 0.823535
-0.014468 -18.725566 53.458244 279.246601 -0.266760 0.946758 -0.180243 0.833247 0.132588 -0.536768 0.484292 0.293375 0.824253
0.138612 -13.593460 27.258837 37.938227 -0.297591 0.941347 -0.159080 0.742649 0.123548 -0.658185 0.599926 0.314010 0.735857
0.644557 -16.714583 30.736522 -99.068836 -0.314055 0.940964 -0.126320 0.692831 0.136176 -0.708125 0.649118 0.309909 0.694696
0.852099 -18.910154 -4.225734 266.312504 -0.218927 0.963981 -0.151032 0.817316 0.096622 -0.568031 0.532978 0.247798 0.809031
1.207059 -17.219467 17.496503 -29.893509 -0.281121 0.950916 -0.129347 0.681475 0.102906 -0.724571 0.675695 0.291839 0.676954
1.377242 -20.075229 39.416387 -339.211911 -0.342473 0.932785 -0.112360 0.538435 0.096855 -0.837082 0.769935 0.347177 0.535415
-0.846026 -21.352126 -11.289293 -600.741046 -0.325265 0.943456 -0.063972 0.488577 0.109750 -0.865591 0.809627 0.312802 0.496649
-0.989815 -21.335518 25.740283 -346.723183 -0.359572 0.931540 -0.054230 0.505446 0.145589 -0.850487 0.784367 0.333222 0.523193
-1.231853 -38.975139 1.710212 -1125.120279 -0.317440 0.948236 -0.008961 0.233544 0.069018 -0.969894 0.919070 0.309976 0.243364
-2.588782 -315.324635 52.013345 -15674.698861 -0.312508 0.934434 -0.170798 0.282864 0.263188 0.922345 -0.906822 -0.239927 0.346566
-1.194068 -128.056029 -6.037771 -5980.800663 -0.252398 0.954778 -0.157146 0.746216 0.295449 0.596550 -0.616001 -0.033303 0.787041
-2.232366 -101.922196 -94.700590 -4820.185770 -0.307233 0.936494 -0.169077 0.156847 0.225072 0.961635 -0.938620 -0.268926 0.216035
-0.179736 -5.656414 -14.661520 0.688800 -0.286812 0.838633 0.463069 0.630714 0.529137 -0.567638 0.721067 -0.129259 0.680701
-0.516443 -5.196144 -24.735658 18.834716 -0.338521 0.789671 0.511687 0.571345 0.604572 -0.555029 0.747642 -0.104461 0.655835
-0.019056 -5.937479 -33.381696 32.893918 -0.353858 0.768639 0.532896 0.643389 0.613580 -0.457788 0.678848 -0.180868 0.711654
-0.478295 -7.425502 -7.615498 21.277359 -0.255651 0.966656 -0.014754 -0.130841 -0.019475 0.991212 -0.957874 -0.255335 -0.131457
-0.281220 -7.576167 -13.218171 8.782457 -0.266007 0.963963 -0.003931 -0.102384 -0.024198 0.994451 -0.958519 -0.264933 -0.105131
-0.453713 -7.498216 1.373898 -10.660940 -0.250795 0.968028 0.004928 -0.000375 -0.005188 0.999986 -0.968040 -0.250790 -0.001664
-0.688313 -7.463532 -0.808486 3.869620 -0.242746 0.970039 -0.009949 -0.053100 -0.003046 0.998585 -0.968636 -0.242930 -0.052249
-0.609357 -7.644127 0.440885 -33.374070 -0.245857 0.969045 0.022481 0.058432 -0.008334 0.998257 -0.967543 -0.246742 0.054575
-0.467365 -7.862342 7.054643 -67.612814 -0.243926 0.969480 0.024658 0.091819 -0.002225 0.995773 -0.965438 -0.245159 0.088473
1.505310 -5.524659 11.012668 26.432615 -0.103041 0.973653 -0.203426 -0.385292 -0.227618 -0.894282 0.917024 0.013769 -0.398595
1.678964 -5.464312 -1.240251 22.721499 -0.050820 0.984811 -0.166026 -0.358321 -0.173152 -0.917401 0.932214 -0.012868 -0.361678
1.630444 -5.903903 22.280450 5.402679 -0.097883 0.977552 -0.186577 -0.284400 -0.207136 -0.936062 0.953696 0.038562 -0.298291
1.119958 -5.834188 32.032617 24.068046 -0.136235 0.967112 -0.214788 -0.344059 -0.249503 -0.905191 0.929012 0.049419 -0.366735
1.869107 -11.546724 -87.275153 2.184011 -0.085078 0.962973 0.255824 0.287960 0.269562 -0.918921 0.953856 0.004513 0.300231
3.413484 -14.032841 -91.998270 -27.970617 -0.127931 0.933903 0.333856 0.057037 0.342992 -0.937605 0.990142 0.100907 0.097146
1.177332 -15.422075 -19.346765 126.886950 -0.088575 0.983922 0.155084 0.232389 0.171813 -0.957327 0.968581 0.048756 0.243871
-1.215296 -14.156063 -17.566999 361.343569 -0.114807 0.907722 0.403559 -0.425816 -0.411999 0.805567 -0.897497 0.079357 -0.433823
-0.990431 -14.585234 -10.183836 385.969145 -0.012938 0.956038 0.292957 -0.326121 -0.280995 0.902600 -0.945240 0.083861 -0.315419
0.423885 -27.888636 -34.724619 779.982241 -0.066055 0.934581 0.349563 -0.586966 -0.319697 0.743817 -0.806912 0.156049 -0.569685
-0.936854 -5.820842 -21.911978 -11.746267 -0.093331 0.979317 0.179521 0.368778 0.201486 -0.907417 0.924820 0.018487 0.379956
-0.799839 -6.098293 -8.563891 -59.157651 -0.081308 0.989870 0.116392 0.310491 0.136124 -0.940779 0.947093 0.040354 0.318413
-1.048909 -5.566822 -4.622273 -22.308837 -0.106825 0.984193 0.141257 0.366872 0.171062 -0.914408 0.924118 0.045858 0.379346
-7.827000 -12.539493 -54.223483 -310.682234 0.544881 0.795274 0.265791 0.816716 -0.575153 0.046619 0.189945 0.191674 -0.962903
-7.990489 -10.734061 65.538048 -99.390286 -0.183399 0.937933 0.294357 0.944672 0.085316 0.316728 0.271957 0.336158 -0.901686
-9.203924 -11.622987 19.619273 160.879294 0.309994 0.885627 0.345787 -0.899618 0.390893 -0.194653 0.307556 0.250735 -0.917901
-6.040732 -9.627319 -60.867393 -41.588168 0.803199 -0.446761 -0.394051 0.577684 0.422644 0.698322 0.145440 0.788528 -0.597553
-6.671526 -10.291837 -52.731983 -67.145277 0.722995 -0.512818 -0.462922 0.635913 0.232130 0.736023 0.269988 0.826519 -0.493936
-6.897545 -10.032423 -63.358326 -57.792577 0.697744 -0.566191 -0.438840 0.676780 0.320248 0.662880 0.234779 0.759519 -0.606638
-0.398409 -3.646921 22.625874 -39.809205 0.440759 0.860105 0.256810 0.897625 -0.421965 -0.127342 -0.001162 0.286646 -0.958036
-0.548341 -8.786128 131.216786 28.706762 -0.292671 -0.716688 -0.633010 0.926642 -0.375935 -0.002801 -0.235964 -0.587393 0.774138
0.984945 -8.662995 169.861661 72.474589 -0.257482 -0.715689 -0.649224 0.961962 -0.253324 -0.102256 -0.091280 -0.650858 0.753692
-1.070950 -8.749031 169.171226 62.299985 -0.352121 -0.690231 -0.632133 0.929078 -0.339485 -0.146844 -0.113243 -0.639008 0.760818
-2.438796 -8.812579 105.461032 18.259843 -0.398131 -0.697199 -0.596159 0.885810 -0.461087 -0.052334 -0.238395 -0.548920 0.801159
-1.322098 -5.965680 -15.159528 -23.290413 -0.275189 0.960218 -0.047462 -0.937630 -0.257153 0.233928 -0.212417 -0.108876 -0.971095
-1.504072 -5.784325 -2.039686 -27.701595 -0.307067 0.951686 -0.001892 -0.932560 -0.300499 0.200079 -0.189844 -0.063202 -0.979778
0.744854 -11.250547 -13.833566 -67.487855 0.118262 0.961542 0.247893 0.947692 -0.034759 -0.317287 0.296468 -0.272449 0.915357
-0.989651 -12.292386 31.685801 99.754569 0.281775 0.926031 -0.251137 -0.472270 0.361698 0.803825 -0.835203 0.107893 -0.539254
-0.695489 -12.375054 46.476138 47.970391 0.306604 0.917134 -0.254673 -0.351236 0.357691 0.865269 -0.884662 0.175845 -0.431801
-0.229355 -14.264323 54.958935 143.757611 0.312674 0.917168 -0.247059 -0.540080 0.385628 0.748067 -0.781376 0.100470 -0.615920
0.183252 -12.876956 40.003088 102.445850 0.305133 0.914138 -0.266919 -0.424373 0.381442 0.821224 -0.852526 0.137309 -0.504326
-0.134598 -10.376705 -47.919873 231.450768 0.355738 0.900761 -0.249159 -0.325312 -0.130582 -0.936547 0.876141 -0.414219 -0.246575
0.114524 -8.325542 -46.647692 152.696323 0.324163 0.884066 -0.336669 -0.471926 -0.157314 -0.867489 0.819880 -0.440091 -0.366218
-0.596780 -25.607147 -55.042799 -120.696311 0.395231 0.907220 -0.144029 0.704932 -0.400083 -0.585665 0.588951 -0.129942 0.797654
0.221235 -24.129851 -35.631840 134.564656 0.386046 0.910969 -0.145271 0.559736 -0.356496 -0.748069 0.733256 -0.207475 0.647526
-0.638922 -23.907985 -53.645397 374.886268 0.392662 0.908139 -0.145257 0.386840 -0.306381 -0.869762 0.834369 -0.285331 0.471609
0.048236 -22.118587 -31.331684 428.729347 0.380183 0.913089 -0.147407 0.244439 -0.252900 -0.936104 0.892026 -0.319859 0.319343
-1.600769 -24.010547 -54.554989 197.777785 0.376004 0.913147 -0.157429 0.512577 -0.346505 -0.785620 0.771937 -0.214702 0.598345
-1.500972 -21.305882 -87.404610 403.165719 0.397499 0.904860 -0.152390 0.248834 -0.266148 -0.931261 0.883219 -0.332255 0.330953
-0.771727 -20.781088 -57.745059 531.844504 0.392842 0.906874 -0.152496 0.058755 -0.190240 -0.979978 0.917727 -0.376017 0.128018
-3.475962 -6.046657 98.333802 162.141744 0.278793 0.960345 0.003413 -0.951194 0.275643 0.138746 -0.132303 0.041928 -0.990322
-4.938814 -7.572129 153.539669 -61.751300 0.227951 0.973381 0.023808 0.973548 -0.228246 0.010443 0.015599 0.020798 -0.999662
-4.958664 -7.286913 -58.944034 162.454576 0.689746 0.715370 -0.111782 -0.714321 0.697544 0.056373 -0.118300 -0.040965 -0.992133
-2.452931 -5.948385 210.723423 163.216163 -0.786696 -0.582157 0.205433 -0.572700 0.812457 0.109217 -0.230487 -0.031731 -0.972558
-1.935598 -3.893848 56.591165 142.441173 0.320712 0.946804 -0.026566 -0.922124 0.318515 0.219628 -0.216406 0.045940 -0.975222
0.460197 -30.087503 -14.501191 -304.692142 0.226782 0.896834 -0.379813 0.963173 -0.148677 0.224035 0.144453 -0.416633 -0.897524
0.773240 -29.098805 5.038145 -130.436156 0.206690 0.880076 -0.427488 0.921238 -0.027891 0.387999 0.329545 -0.474014 -0.816524
0.574821 -5.478707 -30.626224 -38.728503 -0.064775 0.979888 -0.188745 -0.524089 0.127551 0.842058 -0.849196 -0.153464 -0.505286
0.955359 -5.156995 -40.521863 -40.244021 -0.022385 0.972180 -0.233161 -0.582588 0.176844 0.793296 -0.812460 -0.153595 -0.562422
1.212959 -5.778606 -41.632289 -26.131085 -0.039452 0.975654 -0.215738 -0.482887 0.170405 0.858943 -0.874794 -0.138064 -0.464408
1.357945 -4.717196 -43.733430 -43.987417 0.011619 0.966397 -0.256793 -0.636882 0.205134 0.743170 -0.770874 -0.154912 -0.617864
1.467980 -5.528561 -38.524589 -31.296633 -0.001433 0.970013 -0.243047 -0.540386 0.203753 0.816375 -0.841416 -0.132509 -0.523890
-0.298564 -19.376114 -31.062345 -53.947562 0.414528 0.881190 0.227312 -0.543478 0.440059 -0.714829 0.729931 -0.172778 -0.661324
-3.407360 -25.482148 23.212661 -102.255450 0.277032 0.960701 -0.017497 0.147848 -0.060613 -0.987151 0.949418 -0.270885 0.158829
-3.778968 -8.431875 57.586664 -25.016838 0.535170 0.817595 -0.212442 0.639423 -0.227732 0.734354 -0.552024 0.528845 0.644664
-2.896721 -7.130873 90.432705 8.743031 0.622577 0.758042 -0.194347 0.582477 -0.283030 0.761980 -0.522607 0.587594 0.617750
1.483716 -363.458966 -140.272961 -22942.004054 -0.580897 0.605334 0.544178 0.113131 0.722095 -0.682481 -0.806077 -0.334888 -0.487944
-18.480294 -198.649700 -28.823145 -655.821855 -0.736132 0.504585 0.451114 0.527658 0.845253 -0.084404 -0.423894 0.175902 -0.888466
59.735385 -232.912699 -13699.722875 46278.682352 0.307357 0.939952 0.148397 0.565871 -0.055158 -0.822647 0.765063 -0.336820 0.548845
-5.922021 -907.320793 542.482819 259297.074900 0.143130 0.958177 -0.247811 -0.555590 -0.129423 -0.821322 0.819044 -0.255237 -0.513829
-0.869738 -983.149912 201.298391 -196572.459425 -0.114381 -0.993302 0.016384 0.993330 -0.114594 -0.012761 0.014553 0.014815 0.999784
24.990069 -640.119906 -2739.416184 -277474.494255 -0.188957 0.923153 -0.334788 -0.759317 0.078828 0.645929 -0.622682 -0.376263 -0.686071
-1.279894 -5.193961 82.553608 -27.528421 0.930722 0.358688 0.071417 0.365681 -0.915823 -0.165966 -0.005876 -0.180584 0.983542
0.244808 -4.696180 89.452055 -18.058380 0.990261 0.137725 0.020394 0.138260 -0.990009 -0.027691 -0.016376 -0.030241 0.999408
1.133398 -5.080147 76.763343 -17.028040 0.995773 0.088093 0.026012 0.090684 -0.987889 -0.125907 -0.014605 -0.127734 0.991701
0.600093 -5.182595 115.055659 -23.841771 0.982813 0.184089 0.013780 0.183521 -0.966243 -0.180815 0.019972 -0.180236 0.983421
2.089442 -48.672859 -93.235477 1383.801772 -0.006801 0.986456 -0.163883 -0.878339 0.072445 0.472517 -0.477990 -0.147158 -0.865950
3.097676 -52.556884 -72.813647 -842.867572 0.010429 0.996199 -0.086479 0.996949 -0.017048 -0.076166 -0.077350 -0.085421 -0.993338
1.148242 -3.626512 82.440153 29.384831 -0.597569 0.798857 0.068843 -0.725913 -0.502538 -0.469581 0.340531 0.330581 -0.880201
-0.031948 -2.976912 3.255776 25.906430 -0.549813 0.833823 0.049443 -0.770069 -0.483065 -0.416705 0.323574 0.267184 -0.907696
1.726492 -3.390042 139.144330 -16.871002 -0.440660 0.884349 0.154093 0.850605 0.356502 0.386493 0.286861 0.301385 -0.909328
-0.235150 -3.018194 -28.107183 44.266850 -0.652812 0.757393 -0.013865 -0.675679 -0.590461 -0.441377 0.342483 0.278768 -0.897215
4.535799 -4.000239 278.920641 -12.683384 -0.500299 0.846747 0.180888 0.807827 0.381281 0.449488 0.311634 0.371005 -0.874780
5.873843 -4.337376 328.387983 21.314874 -0.603039 0.783928 0.147653 0.709768 0.442801 0.547865 0.364106 0.435184 -0.823433
1.591948 -3.729642 -114.999525 -12.638687 0.692420 -0.720569 -0.036542 0.620848 0.569261 0.538971 0.367564 0.395881 -0.841531
-0.416534 -3.452007 -19.282385 -45.164221 -0.750335 0.655889 -0.082501 0.544408 0.683895 0.485702 0.374989 0.319525 -0.870222
-2.501659 -7.869346 -121.073299 2.249820 -0.035067 0.999348 -0.008549 0.560104 0.012568 -0.828327 0.827680 0.033835 0.560180
2.828221 -5.328128 114.602749 19.403217 0.258739 0.956768 0.132848 -0.896925 0.289022 -0.334653 0.358581 0.032567 -0.932930
3.077089 -4.980790 103.671819 33.761126 0.290301 0.948903 0.123725 -0.917336 0.312761 -0.246324 0.272434 0.041990 -0.961258
3.518560 -13.398203 14.657457 50.906189 -0.094549 0.994979 -0.032822 0.947620 0.079847 -0.309259 0.305086 0.060343 0.950411
3.340304 -13.599269 17.912035 99.202067 -0.080301 0.990659 -0.110214 0.921084 0.031486 -0.388088 0.380993 0.132680 0.915008
3.060470 -13.678909 11.260102 58.297977 -0.067530 0.996681 -0.045466 0.847990 0.033326 -0.528964 0.525693 0.074275 0.847426
3.692031 -13.760358 34.019204 27.101564 -0.105837 0.989389 -0.099542 0.976321 0.084399 -0.199185 0.188670 0.118267 0.974893
3.305804 -12.651937 -12.982720 115.251488 -0.065798 0.996929 0.042474 0.903811 0.077582 -0.420839 0.422842 -0.010698 0.906140
3.537499 -12.927051 -30.219462 -10.955927 -0.088126 0.994713 0.052731 0.977786 0.096490 -0.186075 0.190179 -0.035162 0.981120
1.271504 -21.864032 -66.331212 321.793783 -0.031557 0.979527 -0.198822 -0.791012 0.097123 0.604042 -0.610986 -0.176332 -0.771753
1.718835 -19.883555 -32.848809 45.921695 -0.068626 0.987902 -0.139072 -0.628311 0.065483 0.775201 -0.774929 -0.140579 -0.616216
0.600058 -5.827658 -21.480156 -47.733848 -0.077850 0.996961 -0.002817 0.996670 0.077895 0.024103 -0.024249 0.000931 0.999706
0.708986 -6.769003 -10.622770 -40.589108 -0.120762 0.992646 -0.008353 0.989101 0.119608 -0.085863 0.084232 0.018631 0.996272
0.219996 -8.144601 7.929366 91.178250 -0.112911 0.993301 -0.024584 -0.849079 -0.083607 0.521607 -0.516057 -0.079769 -0.852831
0.513093 -7.422778 11.488509 77.741378 -0.163428 0.986517 0.008692 -0.782978 -0.135060 0.607210 -0.600197 -0.092430 -0.794494
0.468966 -7.031088 7.647894 57.541018 -0.182519 0.983090 0.014887 -0.810948 -0.159086 0.563077 -0.555923 -0.090700 -0.826271
0.021629 -8.668960 7.590695 66.579560 -0.085444 0.995823 -0.032188 -0.911981 -0.065159 0.405025 -0.401236 -0.063962 -0.913739
0.078039 -7.501476 -4.824734 64.376606 -0.153364 0.987911 -0.022603 -0.887712 -0.127689 0.442338 -0.434105 -0.087904 -0.896563
0.574265 -6.056362 -7.781695 10.032647 -0.272600 0.961354 0.038560 -0.760951 -0.239953 0.602807 -0.588764 -0.134983 -0.796955
0.438980 -6.468177 -6.893786 40.202519 -0.227732 0.973663 0.010875 -0.823787 -0.198608 0.530971 -0.519146 -0.111960 -0.847320
-0.517560 -9.700408 -3.172851 0.081612 0.127700 -0.977629 -0.167134 0.989651 0.114480 0.086514 -0.065445 -0.176452 0.982131
-0.706094 -9.628208 8.494706 8.387623 0.142322 -0.975371 -0.168511 0.977051 0.111177 0.181692 -0.158482 -0.190502 0.968810
-0.647249 -10.044477 -3.062182 12.923937 -0.165905 0.972058 0.166071 0.951044 0.113187 0.287583 -0.260750 -0.205652 0.943248
-0.508842 -10.062639 0.001938 -5.654635 -0.168791 0.969671 0.176771 0.959865 0.120955 0.253040 -0.223985 -0.212387 0.951169
5.224988 -7.777755 11.038916 -32.231677 0.187607 -0.873415 -0.449388 0.930622 0.011686 0.365796 -0.314240 -0.486836 0.815012
5.073127 -8.305003 -68.249075 25.877522 0.159666 -0.915595 -0.369042 0.910603 -0.007754 0.413208 -0.381193 -0.402026 0.832506
4.750466 -7.828822 -63.531764 -17.260582 0.138996 -0.926220 -0.350423 0.948464 0.022755 0.316067 -0.284774 -0.376296 0.881649
-0.393182 -15.898723 37.551397 342.669016 -0.292470 0.938944 -0.181234 0.786047 0.128117 -0.604745 0.544602 0.319328 0.775524
3.658334 -1.862936 -101.250541 16.333495 0.974441 -0.035803 0.221773 -0.134375 -0.884025 0.447709 -0.180024 0.466067 0.866241
4.313273 -1.678552 -96.061930 16.051879 0.979299 -0.026816 0.200634 -0.110348 -0.901675 0.418097 -0.169695 0.431581 0.885969
2.404439 -1.839494 -115.360876 15.241445 0.949744 -0.084935 0.301285 -0.211257 -0.884158 0.416695 -0.230992 0.459402 0.857667
-2.713701 -7.705833 201.523446 30.823969 -0.858028 -0.263157 -0.441062 -0.215205 0.963950 -0.156482 0.466341 -0.039347 -0.883729
1.550015 -8.845521 245.709159 74.679350 -0.826963 -0.389529 -0.405462 -0.306775 0.916927 -0.255212 0.471192 -0.086665 -0.877763
-0.109331 -7.674399 205.148952 71.863038 -0.799445 -0.462481 -0.383405 -0.442390 0.885007 -0.145100 0.406422 0.053615 -0.912111
0.889684 -1027.173286 2422.420652 -92341.062267 -0.143358 0.985518 -0.090570 0.897431 0.168031 0.407900 -0.417212 0.022805 0.908523
7.504800 -453.836011 -259.668284 -30325.867545 -0.268403 0.945510 -0.184309 0.765081 0.325491 0.555613 -0.585329 -0.008117 0.810755
-0.615073 -5.557823 -45.807709 38.244191 -0.378682 0.745165 0.548935 0.591293 0.651067 -0.475904 0.712020 -0.144365 0.687158
-0.915469 -4.711624 -22.018495 35.716375 -0.356366 0.789837 0.499160 0.526814 0.611072 -0.590811 0.771667 -0.052420 0.633863
-0.999101 -4.513139 3.614767 19.840738 -0.309493 0.847215 0.431787 0.510978 0.531126 -0.675874 0.801945 -0.011456 0.597288
-1.266620 -4.952548 -30.064570 43.044492 -0.392408 0.763824 0.512434 0.552675 0.641137 -0.532442 0.735232 -0.074275 0.673733
-1.233439 -4.115566 -8.152962 39.142330 -0.356812 0.822853 0.442264 0.518824 0.568252 -0.638680 0.776857 -0.001568 0.629675
-1.014179 -3.917072 0.995071 28.359027 -0.312151 0.860717 0.402155 0.495493 0.508671 -0.704089 0.810586 0.020517 0.585261
-0.244202 -7.632845 -21.817126 25.607213 -0.272803 0.961849 -0.020634 -0.216766 -0.040555 0.975381 -0.937332 -0.270559 -0.219559
0.148131 -7.862673 -27.145712 5.794357 -0.275408 0.961326 -0.001494 -0.189009 -0.052625 0.980564 -0.942563 -0.270338 -0.196193
1.035246 -1.926980 -23.509849 -5.382723 -0.042045 0.980083 -0.194087 -0.675740 -0.170984 -0.717036 0.735940 -0.101004 -0.669470
1.389683 -1.750975 -18.728190 -37.453049 -0.015382 0.989575 -0.143197 -0.682644 -0.115036 -0.721640 0.730589 -0.086653 -0.677297
1.098542 -2.450082 -32.098953 -57.127238 0.023803 0.991180 -0.130364 -0.692349 -0.077724 -0.717365 0.721170 -0.107332 -0.684393
0.558631 -2.426381 -37.677554 -40.165814 0.038009 0.988829 -0.144130 -0.682057 -0.079740 -0.726938 0.730310 -0.125935 -0.671407
3.265639 -69.437757 -96.792192 2994.470778 0.100994 0.987326 -0.122420 0.871363 -0.147166 -0.468048 0.480132 0.059402 0.875183
3.639367 -58.744110 -71.389119 2269.816471 0.098944 0.986147 -0.133136 0.903156 -0.145163 -0.404027 0.417756 0.080266 0.905007
2.859012 -64.665040 49.650883 2134.676061 0.148815 0.960996 -0.233112 0.905874 -0.227016 -0.357569 0.396543 0.157958 0.904325
12.141328 -556.147309 86.386270 26784.953278 0.162639 0.942815 -0.290946 0.837431 -0.287834 -0.464608 0.521783 0.168084 0.836355
1.905420 -14.269887 -59.942310 166.338940 0.137283 0.978610 -0.153216 0.791655 -0.201368 -0.576831 0.595346 0.042105 0.802366
-0.863521 -8.306886 -8.131592 242.629161 0.054538 0.994781 0.086236 -0.077466 -0.081889 0.993626 -0.995502 0.060870 -0.072595
-0.823727 -5.307466 -64.159674 96.897633 0.049938 0.973062 -0.225070 -0.078859 0.228489 0.970347 -0.995634 0.030709 -0.088146
0.403377 -7.716454 -63.920636 -94.742417 0.080469 0.968318 -0.236402 -0.020270 0.238711 0.970879 -0.996551 0.073334 -0.038836
0.157606 -12.375978 -29.482997 -253.516700 0.091288 0.975269 -0.201286 0.022843 0.200026 0.979524 -0.995562 0.094017 0.004018
-0.437993 -12.916937 42.385558 -78.315021 0.107795 0.994159 0.005364 -0.005028 -0.004850 0.999976 -0.994160 0.107820 -0.004476
-3.967694 -12.439330 -205.907180 351.378633 0.355715 0.931873 0.071272 -0.932021 0.359358 -0.046888 0.069306 0.049748 -0.996354
-3.159070 -8.587744 -162.656466 -266.369657 0.243679 0.967162 0.072232 0.967661 -0.237445 -0.085154 -0.065206 0.090647 -0.993746
-5.710102 -9.648130 -49.931277 -79.852120 0.816614 -0.411382 -0.404853 0.551881 0.351111 0.756405 0.169023 0.841122 -0.513756
-6.002252 -10.221311 -43.184408 -56.495728 0.766201 -0.440221 -0.468126 0.581352 0.164470 0.796856 0.273800 0.882698 -0.381940
-7.129562 -11.016107 -41.123457 -29.336372 0.664485 -0.536669 -0.520044 0.620686 0.008788 0.784010 0.416184 0.843747 -0.338942
0.052796 -2.753138 -22.141742 -0.678026 0.424416 0.876233 0.228226 0.898793 -0.377138 -0.223470 -0.109739 0.299972 -0.947615
-0.161644 -2.661531 -26.250585 -8.063140 0.375398 0.895521 0.238994 0.924879 -0.345064 -0.159779 -0.060618 0.281021 -0.957785
0.183660 -2.613053 -10.703518 -14.414587 0.419333 0.876309 0.237154 0.905172 -0.383602 -0.183064 -0.069448 0.291430 -0.954068
-0.534176 -2.797321 -41.905272 0.535550 0.392008 0.891059 0.228788 0.916470 -0.356603 -0.181431 -0.080079 0.280800 -0.956420
-0.564872 -3.039436 -55.652538 11.315481 0.476519 0.855881 0.200992 0.869899 -0.425907 -0.248756 -0.127301 0.293380 -0.947482
1.078186 -5.782661 39.480825 74.481043 0.742003 0.579507 0.337052 0.610601 -0.376636 -0.696643 0.276764 -0.722715 0.633312
6.528105 -5.699815 422.737482 82.456318 0.905707 0.423286 -0.022877 0.242935 -0.562521 -0.790286 0.347386 -0.710211 0.612310
1.593624 -6.328579 212.779170 58.876548 0.880188 0.464040 0.099675 0.394790 -0.599238 -0.696458 0.263455 -0.652365 0.710641
8.049393 -6.822606 424.883973 22.707117 0.936764 0.335186 -0.100615 0.160654 -0.667296 -0.727260 0.310907 -0.665107 0.678948
-1.915818 -7.461799 23.796503 45.198319 0.712100 0.605280 0.355739 0.680211 -0.469325 -0.563069 0.173857 -0.642939 0.745925
-1.354747 -7.554479 106.741921 -3.286484 0.835317 0.514028 0.194989 0.525872 -0.643634 -0.556052 0.160324 -0.567019 0.807952
1.685596 -7.064448 241.354182 -5.491994 0.915957 0.401110 0.011528 0.326370 -0.727954 -0.602964 0.233463 -0.556052 0.797685
-1.024346 -5.851523 -13.855752 -29.708686 -0.216178 0.972996 -0.080903 -0.956853 -0.194653 0.215738 -0.194165 -0.124050 -0.973094
-1.512118 -5.185036 -10.699858 -60.286304 -0.278797 0.959283 -0.045267 -0.956432 -0.273098 0.103224 -0.086659 -0.072073 -0.993628
0.119412 -11.516254 -22.964949 54.775225 0.082961 0.964770 0.249673 0.967710 -0.137830 0.211045 -0.238023 -0.224102 0.945052
0.552252 -11.831003 -31.205506 68.852562 0.061834 0.968109 0.242777 0.970500 -0.115112 0.211847 -0.233038 -0.222516 0.946668
-0.260094 -11.477810 -10.406276 29.185855 0.092574 0.964830 0.246035 0.960593 -0.151580 0.232989 -0.262089 -0.214771 0.940842
-0.286427 -11.445170 -18.238746 -21.825957 0.068431 0.967110 0.244982 0.896079 -0.167533 0.411065 -0.438588 -0.191394 0.878071
0.206855 -11.881696 -22.573492 -18.546396 0.059737 0.969882 0.236136 0.907231 -0.151423 0.392432 -0.416369 -0.190787 0.888953
0.833677 -19.940794 49.944788 -39.980830 0.247636 0.941640 -0.228015 0.961598 -0.267625 -0.060875 -0.118345 -0.204184 -0.971753
-0.213252 -18.265756 32.252341 257.173064 0.225470 0.952900 -0.202841 -0.891465 0.285778 0.351598 -0.393005 -0.101551 -0.913912
2.286892 -20.524511 82.657516 13.111878 0.276329 0.929351 -0.244847 0.959592 -0.280891 0.016815 -0.053149 -0.239600 -0.969416
1.795572 -19.800130 23.870420 150.054953 0.257346 0.926614 -0.274154 0.956605 -0.204163 0.207904 0.136675 -0.315761 -0.938944
1.138883 -19.059667 36.147157 197.439513 0.228070 0.947419 -0.224459 0.945796 -0.160837 0.282137 0.231201 -0.276640 -0.932747
0.566308 -19.079305 40.286643 133.090301 0.202141 0.960308 -0.192220 0.972682 -0.173983 0.153687 0.114144 -0.218035 -0.969243
0.050758 -18.696252 47.589227 191.173941 0.218817 0.958271 -0.183943 -0.959493 0.245594 0.138045 -0.177460 -0.146285 -0.973195
0.223152 -25.465729 -48.475001 -208.575573 0.397030 0.906252 -0.145168 0.795594 -0.418691 -0.437868 0.457600 -0.058352 0.887241
0.961616 -25.013946 -19.229163 -95.369819 0.373503 0.913661 -0.160370 0.720237 -0.394582 -0.570582 0.584598 -0.097610 0.805430
0.937980 -22.567730 -17.857748 271.460401 0.370462 0.914900 -0.160364 0.419480 -0.318832 -0.849931 0.828730 -0.247598 0.501898
-6.071323 -8.075742 -2.685959 87.151129 0.762395 0.646274 -0.032920 -0.645654 0.756280 -0.105698 0.043413 -0.101839 -0.993853
-5.336420 -7.635300 152.617309 -67.091372 0.289045 0.956425 0.041285 -0.942837 0.291881 -0.160823 0.165865 -0.007560 -0.986120
