18393
36765
-9.307744 -15.327456 -139.648400 461.515394 -0.170677 0.581784 0.795234 0.440624 0.766948 -0.466522 -0.881317 0.270774 -0.387248
-10.841383 -18.610536 -58.704839 -268.359617 -0.100288 0.702101 0.704980 -0.337982 -0.690459 0.639559 -0.935794 0.174130 -0.306542
-14.263301 -18.403577 -735.246371 -626.112072 0.030976 0.850350 0.525305 -0.414900 -0.467200 0.780757 -0.909340 0.242134 -0.338339
-8.843441 -15.901560 168.288539 275.231068 -0.237676 0.544085 0.804663 0.348358 0.821039 -0.452262 -0.906729 0.172819 -0.384677
-11.989174 -14.822191 -171.119647 -855.329272 0.131273 0.876011 0.464081 -0.516420 -0.339170 0.786304 -0.846214 0.342881 -0.407866
-8.290454 -12.157398 -63.807239 628.356420 -0.241040 0.464873 0.851934 0.506548 0.809025 -0.298140 -0.827834 0.359682 -0.430488
-7.530616 -13.867127 151.709377 348.039022 -0.302064 0.419113 0.856214 0.411082 0.867636 -0.279678 -0.860098 0.267494 -0.434371
10.497263 -1.206313 20.799060 -758.069169 0.388318 0.638708 0.664275 0.919947 -0.226503 -0.319992 -0.053921 0.735356 -0.675533
9.371765 -11.174296 -132.428778 -592.928214 0.187970 0.730191 0.656878 0.981147 -0.109012 -0.159583 -0.044919 0.674491 -0.736916
9.359296 -9.868047 65.140902 -282.608562 0.057354 0.685029 0.726254 0.996794 -0.079936 -0.003320 0.055780 0.724117 -0.687418
14.371935 -5.108176 -1119.696268 206.007820 0.573522 0.622390 0.532638 0.808504 -0.325377 -0.490357 -0.131885 0.711871 -0.689816
8.925457 4.481385 -1317.891242 -21.781321 0.877367 0.318254 0.359084 -0.478671 0.528803 0.700886 -0.033176 0.786818 -0.616293
25.325483 2.071104 -3626.165131 -158.987948 0.915236 0.325737 0.237145 -0.387890 0.553085 0.737318 -0.109011 0.766806 -0.632554
10.689349 -26.225196 2502.003392 -877.478915 0.117864 0.836872 0.534559 0.877389 0.164351 -0.450752 -0.465077 0.522143 -0.714891
-15.016559 -44.642199 -4297.320110 -6345.128186 0.279052 0.960276 -0.000096 -0.857698 0.249288 0.449678 -0.431839 0.125401 -0.893191
11.306701 -25.029970 2161.027282 2245.035332 0.061692 0.855960 0.513348 0.954455 0.099830 -0.281159 -0.291908 0.507313 -0.810816
52.568793 -103.130718 9874.513613 13532.083233 0.121292 0.837660 0.532554 -0.771557 -0.257978 0.581504 -0.624490 0.481428 -0.615012
20.601211 -17.477416 4518.335416 -322.071862 -0.173404 0.716405 0.675792 0.927124 0.350219 -0.133372 -0.332224 0.603416 -0.724925
12.099056 -16.700587 3011.333644 -910.302620 0.400043 0.808513 0.431593 0.731677 0.001846 -0.681649 -0.551919 0.588476 -0.590832
6.754646 -15.581574 2178.553926 -472.672862 0.287799 0.831310 0.475494 0.797698 0.066661 -0.599362 -0.529953 0.551797 -0.643949
2.023380 -13.484625 2119.984723 -26.783174 0.125219 0.825371 0.550529 0.892736 0.148346 -0.425459 -0.432831 0.544753 -0.718263
-22.416280 -468.079484 -1497.342367 -84281.352877 -0.007137 -0.512501 -0.858657 -0.735989 0.583994 -0.342447 0.676955 0.629518 -0.381363
-3.162177 -246.046672 -296.394841 40621.033125 -0.271344 0.485919 0.830816 0.949089 -0.008416 0.314894 0.160005 0.873963 -0.458897
-17.411532 -600.058139 -6540.832002 -112477.038132 -0.046483 -0.271164 -0.961410 -0.650741 0.738427 -0.176810 0.757876 0.617410 -0.210782
-11.044064 -13.343752 -42.858953 -126.835314 -0.295812 -0.369258 0.880990 0.118986 0.900839 0.417529 -0.947807 0.228336 -0.222543
-10.688130 -12.484415 -68.440180 -113.330769 0.289737 0.700522 -0.652166 -0.081940 0.697047 0.712328 -0.953592 0.152949 -0.259361
-10.471696 -12.221045 -107.143918 -15.647008 0.224320 0.784185 -0.578563 -0.058773 0.603498 0.795195 -0.972742 0.144374 -0.181465
-11.143433 -13.933807 13.374313 -143.706364 -0.331587 -0.204623 0.920967 0.184714 0.943221 0.276072 -0.925165 0.261657 -0.274963
-0.397541 -23.844049 88.414818 879.095051 0.617001 0.633692 -0.466630 0.732356 -0.245334 0.635190 0.288035 -0.733652 -0.615460
1.527689 -24.530418 -148.755729 880.414031 0.657880 0.609353 -0.442586 0.712662 -0.313665 0.627477 0.243531 -0.728219 -0.640617
0.597508 -27.064891 10.831285 600.912059 0.618487 0.633439 -0.465004 0.775783 -0.398054 0.489606 0.125040 -0.663557 -0.737602
0.455753 -18.472582 -61.507245 -791.442033 0.656089 0.615729 -0.436377 -0.653209 0.173716 -0.736980 0.377974 -0.768570 -0.516173
-0.928887 -26.730122 11.486618 726.189236 0.586782 0.650412 -0.482339 0.795537 -0.351953 0.493204 0.151025 -0.673121 -0.723947
-1.457310 -17.235289 -100.403180 592.930010 0.644290 0.613278 -0.456926 0.659180 -0.142377 0.738384 0.387778 -0.776930 -0.495992
-1.600846 -21.917054 -165.560720 798.091257 0.611625 0.625547 -0.484361 0.734155 -0.220603 0.642146 0.294841 -0.748348 -0.594175
-1.352367 -14.361668 1.849537 34.013845 0.259448 0.832144 0.490125 0.896068 -0.396710 0.199208 0.360207 0.387501 -0.848583
-1.001633 -14.238552 -1.161553 -22.242361 0.249733 0.837886 0.485367 -0.818108 0.450721 -0.357141 0.518008 0.307893 -0.798041
-1.358216 -14.301591 -5.602796 16.776446 0.247263 0.851127 0.463080 0.907441 -0.370974 0.197307 0.339724 0.371431 -0.864076
-1.652232 -14.871164 -6.579285 38.082817 0.273361 0.841011 0.466877 0.947904 -0.318051 0.017917 0.163559 0.437657 -0.884141
4.660654 -24.217686 34.209297 -1418.267072 0.453852 0.850361 0.266278 0.358807 0.099129 -0.928133 0.815644 -0.516778 0.260126
4.590573 -29.614493 5.764692 -909.989887 0.445719 0.844448 0.297057 0.225817 0.215045 -0.950138 0.866223 -0.490575 0.094841
4.350229 -27.538442 -29.844885 -1238.939484 0.492137 0.819597 0.293364 0.355833 0.118161 -0.927050 0.794471 -0.560624 0.233488
4.686036 -21.358268 -18.415119 -1273.192584 0.512696 0.823080 0.244299 0.442719 -0.009646 -0.896609 0.735624 -0.567844 0.369338
4.678637 -17.340149 69.966637 -1108.054785 0.474840 0.856677 0.201571 0.423781 -0.021834 -0.905502 0.771322 -0.515390 0.373411
-2.670124 -26.199223 61.217649 144.582102 0.298052 0.833612 0.465033 -0.800705 0.483554 -0.353619 0.519650 0.266958 -0.811602
-2.396638 -25.118991 65.951960 -211.946655 0.314076 0.820302 0.477975 0.892321 -0.426984 0.146450 0.324221 0.380511 -0.866078
-1.816889 -27.376934 50.801807 252.953663 0.274300 0.828638 0.487975 -0.809743 0.472745 -0.347604 0.518725 0.299786 -0.800657
-1.949336 -28.213812 48.779577 -13.570685 0.260051 0.842537 0.471703 -0.674595 0.508047 -0.535546 0.690865 0.178939 -0.700490
-2.835627 -26.798550 60.693052 -35.046131 0.283212 0.846977 0.449912 -0.670246 0.510336 -0.538820 0.685975 0.148952 -0.712216
-1.094008 -25.608005 -124.275166 -188.288686 0.583046 0.759077 0.289586 -0.086231 0.412246 -0.906983 0.807850 -0.503841 -0.305814
-1.251625 -26.692337 -117.017491 -251.346835 0.579882 0.763774 0.283527 -0.240972 0.493237 -0.835853 0.778248 -0.416374 -0.470067
-2.597894 -25.690089 -95.214678 -211.129635 0.556782 0.770988 0.309146 -0.100976 0.432231 -0.896092 0.824498 -0.467711 -0.318510
-2.404471 -25.037721 -91.103498 -71.986241 0.554923 0.767785 0.320259 0.054842 0.350372 -0.935004 0.830092 -0.536419 -0.152322
-3.786848 -25.977355 -74.580341 -170.563362 0.518110 0.785899 0.337527 -0.109541 0.452343 -0.885091 0.848271 -0.421601 -0.320452
-3.571175 -25.040920 -76.176197 -144.252364 0.519001 0.781159 0.347027 0.064873 0.368819 -0.927235 0.852308 -0.503749 -0.140741
-16.656366 -2540.965243 -20484.441659 644121.073644 0.877117 -0.390763 0.279232 0.480077 0.696534 -0.533261 -0.013884 -0.601784 -0.798538
8.589399 -187.915831 71.113809 -31615.853296 -0.639545 0.756106 -0.138875 -0.702495 -0.648177 -0.293884 0.312223 0.090393 -0.945699
13.811499 -560.582002 7453.364454 117906.234248 0.737064 -0.452856 0.501656 0.612856 0.760749 -0.213700 0.284859 -0.464954 -0.838256
3.861113 -296.964608 1474.419371 -44250.231723 -0.713605 0.700048 -0.026486 -0.614551 -0.643706 -0.456037 0.336297 0.309153 -0.889567
-14.499494 -422.863254 -1431.437754 -67233.540871 0.951584 -0.299577 0.068855 0.039436 -0.103167 -0.993882 -0.304848 -0.948478 0.086358
-28.402144 -351.107688 -1592.520419 -51353.108531 0.923996 -0.283642 0.256474 0.173871 -0.285733 -0.942404 -0.340589 -0.915371 0.214699
0.491290 -170.909793 -6728.237564 24141.800754 0.836990 -0.546381 0.030264 0.529285 0.822363 0.208748 0.138944 0.158702 -0.977501
0.140688 -224.968090 2111.333968 30400.306035 -0.814829 0.568437 -0.113723 0.493563 0.783166 0.378214 0.304055 0.252050 -0.918706
-88.632099 -35871.869038 146413.836762 12037740.468126 0.971903 -0.232876 -0.034254 0.177083 0.819273 -0.545375 -0.155068 -0.523985 -0.837492
0.880986 -27.683956 -148.648739 272.325907 0.196750 0.882988 0.426172 -0.208995 0.462448 -0.861663 0.957920 -0.080464 -0.275527
1.206406 -25.059388 -70.097362 -206.080195 0.195872 0.892098 0.407179 -0.306973 0.450133 -0.838539 0.931344 -0.039253 -0.362019
1.470913 -26.437082 -124.312086 248.493577 0.205800 0.868618 0.450720 -0.189398 0.487225 -0.852491 0.960091 -0.090077 -0.264785
1.611549 -29.137412 -278.336765 744.998420 0.208626 0.857154 0.470917 -0.052827 0.490686 -0.869734 0.976568 -0.156572 -0.147650
2.021017 -29.985920 48.172172 878.299720 0.157035 0.885408 0.437484 -0.060856 0.450814 -0.890541 0.985716 -0.113223 -0.124676
-1.338292 -21.187817 206.683589 542.641789 0.220435 0.868895 0.443204 -0.717790 0.452165 -0.529457 0.660444 0.201417 -0.723357
-1.517066 -22.689339 231.355055 674.552801 0.189479 0.886970 0.421167 -0.656257 0.433457 -0.617609 0.730359 0.159370 -0.664211
-2.632408 -20.225197 203.494407 435.277716 0.234267 0.874743 0.424197 -0.704539 0.453424 -0.545923 0.669884 0.170971 -0.722513
-2.235156 -19.026809 210.545206 119.375580 0.276913 0.840031 0.466548 -0.747231 0.493513 -0.445074 0.604124 0.225372 -0.764357
-2.051028 -42.855020 -28.789497 -2457.247760 -0.035309 0.968866 0.245055 -0.956624 0.038187 -0.288813 0.289179 0.244623 -0.925492
-2.654492 -50.809924 15.091832 1935.125994 -0.054535 0.967417 0.247245 0.997762 0.043201 0.051039 0.038695 0.249475 -0.967608
-2.167575 -43.828862 18.718054 2269.016254 -0.025361 0.963702 0.265771 0.977987 -0.031164 0.206327 0.207121 0.265153 -0.941698
-2.252513 -51.194365 -53.908760 2351.409567 -0.076217 0.971760 0.223322 0.988214 0.043799 0.146681 0.132757 0.231869 -0.963645
-1.939968 -33.995387 -11.760438 -1805.797840 -0.005812 0.963760 0.266709 -0.915135 0.102390 -0.389930 0.403107 0.246341 -0.881375
-1.384885 -41.280355 -81.883877 -2643.278341 -0.054525 0.973594 0.221679 -0.926440 0.033488 -0.374950 0.372473 0.225816 -0.900150
-1.457762 -30.995453 -67.863753 -1733.534191 -0.009657 0.969386 0.245352 -0.884738 0.106058 -0.453862 0.465990 0.221455 -0.856628
4.097728 -36.452410 -183.305426 -7.943588 -0.192254 -0.935565 -0.296238 0.932572 -0.080193 -0.351964 0.305529 -0.343930 0.887899
2.487380 -38.015900 -129.930097 -562.288528 -0.176327 -0.944402 -0.277514 0.953718 -0.094147 -0.285584 0.243579 -0.315026 0.917294
2.658725 -38.221221 142.513752 139.409788 0.193474 0.943653 0.268489 0.883808 -0.048819 -0.465295 0.425970 -0.327315 0.843454
-2.436855 -39.916413 335.240697 -234.876729 0.509879 0.737906 0.442174 0.194537 -0.599599 0.776297 -0.837961 0.309798 0.449273
1.884052 -39.247413 658.856529 -563.774816 0.527127 0.726544 0.440762 0.167778 -0.597444 0.784163 -0.833059 0.339403 0.436827
0.858839 -36.966688 747.488317 -681.118169 0.539158 0.736211 0.409026 0.019091 -0.496220 0.867987 -0.841988 0.460173 0.281596
2.052380 -3.572234 -379.597309 46.913503 -0.598983 -0.457866 0.656946 -0.405881 0.880803 0.243817 -0.690275 -0.120600 -0.713425
5.440391 -4.231863 -519.879476 -2.158669 -0.650000 -0.262692 0.713087 -0.271975 0.956615 0.104491 -0.709599 -0.126022 -0.693244
5.253365 -4.374429 -432.508966 67.782259 -0.594673 -0.450873 0.665640 -0.424513 0.879210 0.216282 -0.682754 -0.153955 -0.714245
1.160405 -18.910042 100.625917 554.117550 0.034002 0.809803 -0.585716 -0.408323 -0.523655 -0.747702 0.912204 -0.264585 -0.312856
-0.158009 -15.093337 196.484487 264.967502 0.040475 0.855622 -0.516017 -0.478109 -0.436894 -0.761928 0.877367 -0.277551 -0.391397
0.397049 -16.496615 -92.120463 482.505795 0.085013 0.872312 -0.481503 -0.491182 -0.383763 -0.781963 0.866899 -0.302982 -0.395839
0.491632 -69.241954 113.186343 -3540.020431 -0.262252 0.962997 0.062125 0.867152 0.263419 -0.422679 0.423403 0.056976 0.904148
0.009255 -58.701391 105.535658 -4044.416943 -0.259838 0.963742 0.060716 0.946201 0.266657 -0.183295 0.192839 -0.009823 0.981181
-0.780307 -65.228615 -231.421676 -2013.466533 -0.242867 0.964438 0.104280 0.898561 0.264168 -0.350433 0.365519 -0.008594 0.930764
-0.885918 -66.925448 -53.375778 -2055.576628 -0.259217 0.961766 0.088391 0.784629 0.263069 -0.561384 0.563173 0.076166 0.822822
-0.570374 -69.512324 -141.119051 -131.473095 -0.249490 0.963643 0.095642 0.756827 0.255649 -0.601546 0.604126 0.077695 0.793092
-0.119826 -64.254858 -75.860758 -2151.163152 -0.240787 0.967659 0.075213 0.942130 0.251651 -0.221501 0.233265 -0.017526 0.972255
-1.260683 -78.298658 -268.676886 7336.484123 0.039550 0.887499 0.459109 -0.688289 0.357277 -0.631357 0.724358 0.291030 -0.624986
-1.935021 -50.426815 -526.199228 4063.165902 0.109813 0.845375 0.522765 -0.799353 0.387700 -0.459046 0.590742 0.367464 -0.718327
-3.420754 -86.736115 -914.115525 8619.566580 0.065899 0.884929 0.461039 -0.691010 0.373793 -0.618695 0.719835 0.277811 -0.636128
-3.771760 -129.616446 -339.593955 14840.128412 0.008087 0.904932 0.425479 -0.720912 0.300144 -0.624660 0.692980 0.301681 -0.654804
-3.472739 -208.280141 -1470.115353 24746.149964 0.057883 0.930209 0.362438 -0.463865 0.346537 -0.815317 0.884013 0.120930 -0.451550
-4.422068 -53.120614 -580.042967 5570.556862 0.120914 0.830049 0.544426 -0.816691 0.394941 -0.420757 0.564265 0.393752 -0.725647
-0.152616 -49.210535 -254.694904 3348.290837 0.099998 0.857919 0.503960 -0.787099 0.378050 -0.487394 0.608667 0.347928 -0.713071
-0.735695 -35.197904 -238.925193 2802.666752 0.121513 0.842998 0.524012 -0.868608 0.345801 -0.354882 0.480369 0.412038 -0.774255
-3.648978 -35.170046 -504.196434 3385.583876 0.173079 0.816142 0.551322 -0.872052 0.387170 -0.299375 0.457788 0.428966 -0.778729
0.377305 -23.957574 -9.834239 126.402961 0.222730 0.880480 0.418504 -0.182803 0.459394 -0.869218 0.957588 -0.117097 -0.263275
0.256563 -25.358492 -55.890736 228.164392 0.224650 0.878017 0.422632 -0.101350 0.452419 -0.886028 0.969155 -0.156212 -0.190623
0.599280 -24.423529 6.595379 -33.723999 0.217408 0.874227 0.434120 -0.252486 0.479990 -0.840155 0.942860 -0.073047 -0.325084
-4.746217 -10.429352 -88.918002 -186.721061 0.496949 0.744324 0.446120 0.301452 0.334006 -0.893066 0.813738 -0.578292 0.058394
-3.796079 -8.277970 -132.423517 -327.823369 0.573227 0.775882 0.263473 0.257330 0.134816 -0.956873 0.777941 -0.616305 0.122377
-4.231478 -9.977083 -85.830855 -125.422730 0.533433 0.735180 0.418282 0.269025 0.321371 -0.907935 0.801919 -0.596851 0.026352
-5.502221 -12.359518 143.173567 -69.910659 0.117722 0.989846 0.079659 0.062026 0.072731 -0.995421 0.991108 -0.122124 0.052834
-5.151889 -13.387012 105.478119 -22.357515 0.091006 0.981402 0.169018 -0.057606 0.174626 -0.982948 0.994183 -0.079718 -0.072427
-5.354486 -13.038568 69.575115 -30.262097 0.085868 0.996157 0.017260 0.096551 0.008923 -0.995288 0.991617 -0.087130 0.095414
-5.074051 -12.012822 54.783737 -5.196854 0.157569 0.975211 -0.155357 0.191385 -0.184497 -0.964019 0.968785 -0.122167 0.215712
-4.941702 -13.095305 -20.914087 38.788792 0.132048 0.970530 -0.201583 0.239427 -0.228571 -0.943626 0.961893 -0.076340 0.262553
-5.935817 -13.998260 -105.960750 3.910122 0.063444 0.996954 -0.045354 0.140576 -0.053920 -0.988601 0.988035 -0.056345 0.143569
14.879815 -70.554212 -158.757951 -2889.181721 -0.316919 0.940212 0.124756 -0.631443 -0.307307 0.711929 -0.707702 -0.146848 -0.691081
15.132522 -56.419730 -345.249505 -2607.866611 -0.287756 0.953985 0.084310 -0.843310 -0.294124 0.449799 -0.453899 -0.058332 -0.889142
16.516810 -76.383767 172.958864 -3665.932898 -0.201199 0.953904 0.222678 -0.661231 -0.299979 0.687595 -0.722698 0.008898 -0.691107
12.247241 -48.456921 -423.770435 -1849.848782 -0.378502 0.925580 -0.006154 -0.813448 -0.329461 0.479330 -0.441630 -0.186434 -0.877613
12.132646 -62.853300 -437.054160 -2609.769774 -0.446266 0.894407 0.029717 -0.616324 -0.331254 0.714434 -0.648838 -0.300512 -0.699072
-20.227224 -86.049531 -1115.177913 -6322.735978 0.916610 -0.381036 0.120984 0.363183 0.920145 0.146394 -0.167104 -0.090247 0.981800
-13.019429 -84.111580 -560.322490 -6647.115931 0.922420 -0.338253 0.186349 0.292418 0.926943 0.235091 -0.252255 -0.162361 0.953943
-18.836980 -100.905667 -727.773283 10024.437002 0.903981 -0.416969 0.094629 -0.315423 -0.799752 -0.510788 -0.288663 -0.431895 0.854483
-0.317402 -7.944333 -90.835641 248.087328 0.240731 0.938599 0.247143 -0.559042 -0.074065 0.825824 -0.793423 0.336965 -0.506887
0.176308 -10.346475 -103.543284 277.605943 0.150730 0.924087 0.351203 -0.675521 -0.163102 0.719075 -0.721770 0.345631 -0.599656
1.009574 -6.598207 -124.586764 225.031415 0.237721 0.939239 0.247627 -0.565990 -0.073242 0.821152 -0.789395 0.335359 -0.514188
9.256128 2.211480 -2524.725428 347.032835 -0.423055 -0.392143 0.816853 0.274719 0.803557 0.528039 -0.863455 0.447794 -0.232220
9.589868 1.892618 -2719.197920 49.208740 -0.378608 -0.201513 0.903354 0.296859 0.898009 0.324738 -0.876659 0.391117 -0.280173
11.445560 2.690823 -126.881932 -145.563724 -0.259363 -0.416368 0.871418 0.230572 0.849508 0.474525 -0.937853 0.323998 -0.124328
-9.209203 -15.676484 11.499603 -85.459842 0.865807 -0.348951 -0.358624 -0.466862 -0.305460 -0.829900 -0.180049 -0.885961 0.427381
-8.963323 -15.685637 37.351873 -52.954478 0.917436 -0.226784 -0.326926 -0.383490 -0.284989 -0.878474 -0.106054 -0.931316 0.348428
-8.362781 -15.093875 -21.122775 -93.490801 0.895038 -0.306186 -0.324279 -0.433991 -0.430419 -0.791449 -0.102755 -0.849111 0.518123
-8.838190 -14.854994 46.710862 -95.249351 0.829555 -0.412442 -0.376471 -0.539152 -0.415954 -0.732323 -0.145447 -0.810477 0.567426
-7.597789 -14.299018 24.294379 -103.464906 0.851188 -0.375686 -0.366523 -0.520992 -0.520136 -0.676776 -0.063614 -0.767020 0.638462
-7.730173 -14.742320 -107.882278 -74.485394 0.908075 -0.277317 -0.313840 -0.417102 -0.531264 -0.737417 -0.037766 -0.800533 0.598097
-15.768935 -17.510459 -159.183317 -83.253819 0.968291 0.216574 0.124533 0.040669 0.355185 -0.933911 0.246494 -0.909362 -0.335114
-16.246568 -17.986528 -11.850874 -46.078434 0.874796 0.300467 0.380068 0.193025 0.503375 -0.842232 0.444380 -0.810144 -0.382353
-15.680911 -16.987590 -156.365163 -70.641493 0.947769 0.295286 0.120580 0.055253 0.220332 -0.973859 0.314135 -0.929656 -0.192509
-16.474552 -18.250780 30.374968 -38.766731 0.921148 0.263948 0.286038 0.080916 0.588987 -0.804081 0.380708 -0.763823 -0.521187
-15.993180 -18.017381 -97.296845 -129.860803 0.979171 0.201965 0.020846 -0.074544 0.453098 -0.888338 0.188859 -0.868281 -0.458716
-2.676541 -3.456228 44.008620 -39.492963 -0.311032 0.849906 -0.425346 0.391899 0.522417 0.757295 -0.865837 -0.068850 0.495566
-2.084126 -3.064471 222.347186 12.287005 0.393666 0.612363 0.685594 -0.345046 0.789716 -0.507239 -0.852039 -0.036878 0.522178
-2.625429 -3.654321 54.724872 -92.139964 0.458574 -0.494197 0.738565 0.195128 0.866817 0.458860 -0.866969 -0.066306 0.493932
-3.500121 -4.561799 111.888705 -195.749242 0.489809 -0.005221 0.871814 -0.039553 0.998819 0.028203 -0.870932 -0.048297 0.489024
-3.367676 -3.553089 -256.851906 154.278150 0.051831 0.957963 0.282171 0.473799 -0.272315 0.837472 -0.879107 -0.090285 0.467996
-2.787292 -14.252409 530.576473 -41.033295 -0.083158 -0.735789 -0.672086 0.954735 0.134460 -0.265334 0.285599 -0.663728 0.691302
1.224218 -13.516934 628.510022 -42.114247 -0.122848 -0.727729 -0.674773 0.952624 0.104154 -0.285760 0.278236 -0.677911 0.680457
-1.843238 -14.189006 405.492545 -40.558429 -0.041338 -0.730776 -0.681364 0.912476 0.250202 -0.323707 0.407036 -0.635110 0.656473
0.542997 -13.653590 703.064914 -20.586487 -0.162305 -0.727949 -0.666144 0.974239 -0.011096 -0.225247 0.156576 -0.685542 0.710997
-4.639310 -14.564913 307.047113 34.053712 -0.023544 -0.755295 -0.654962 0.903703 0.264081 -0.337020 0.427512 -0.599826 0.676345
-5.822231 -14.763605 367.401983 -13.072084 -0.059643 -0.765621 -0.640521 0.952249 0.148845 -0.266585 0.299442 -0.625835 0.720184
-3.620931 -14.264971 604.678114 -45.329305 -0.129488 -0.742181 -0.657571 0.979313 0.008273 -0.202182 0.155495 -0.670148 0.725757
0.192751 -15.531933 -2.023771 16.019714 -0.121948 -0.893159 -0.432893 0.943509 0.031066 -0.329887 0.308090 -0.448668 0.838915
1.171745 -15.285603 -8.693030 62.809169 0.110427 0.891176 0.440012 0.860932 0.135433 -0.490361 0.496591 -0.432969 0.752287
0.231916 -15.508988 4.989785 11.699330 -0.169342 -0.894609 -0.413520 0.931182 -0.007794 -0.364470 0.322835 -0.446782 0.834364
1.173752 -15.010945 -8.795434 54.447187 0.041890 0.882914 0.467661 0.875455 0.193130 -0.443034 0.481481 -0.427975 0.764862
-0.361387 -15.330421 -8.029368 -26.666272 -0.155179 -0.893548 -0.421297 0.980573 -0.087524 -0.175547 0.119986 -0.440354 0.889771
-0.547527 -15.206682 -2.612028 -20.221700 -0.115822 -0.890347 -0.440303 0.988633 -0.060555 -0.137612 0.095860 -0.451237 0.887240
-0.019905 -15.250258 0.371920 21.429525 -0.062418 -0.886805 -0.457909 0.956224 0.078293 -0.281968 0.285901 -0.455463 0.843098
2.516910 -14.312767 69.114262 -632.884273 0.215525 0.780723 0.586533 0.015209 0.597892 -0.801432 0.976380 -0.181649 -0.116986
4.060378 -12.384885 -234.533783 -196.186469 -0.242444 -0.686242 -0.685779 0.037729 0.699665 -0.713475 0.969431 -0.198851 -0.143739
3.602115 -13.628282 101.846808 228.496553 0.219209 0.752295 0.621289 0.078025 0.621220 -0.779742 0.972553 -0.219403 -0.077479
3.002818 -14.706651 19.421730 -129.448799 0.191844 0.811229 0.552362 0.063100 0.551456 -0.831814 0.979395 -0.194433 -0.054605
2.238538 -16.876460 -27.204977 -767.076346 0.195072 0.837348 0.510682 -0.022416 0.524355 -0.851205 0.980533 -0.154599 -0.121057
-3.693466 -25.280866 -31.550803 -155.334277 0.390019 0.825578 0.407806 -0.453573 0.557671 -0.695179 0.801346 -0.086163 -0.591963
-3.974566 -24.125790 -20.434262 -69.654589 0.393945 0.822055 0.411137 -0.313805 0.540724 -0.780476 0.863906 -0.178448 -0.470981
-3.245686 -25.474935 -39.755534 -46.700386 0.444881 0.797653 0.407222 -0.457861 0.593354 -0.662038 0.769703 -0.108077 -0.629187
-2.818443 -26.597339 -60.278372 -249.532214 0.445758 0.801812 0.397992 -0.577017 0.597285 -0.557048 0.684362 -0.018661 -0.728904
-3.447241 -26.284740 -32.965588 -172.941424 0.386271 0.825999 0.410513 -0.585663 0.563463 -0.582674 0.712597 0.015352 -0.701406
2.952632 -38.491017 -166.242435 -646.646284 0.429134 0.723080 0.541295 -0.170950 -0.523430 0.834744 -0.886916 0.450751 0.101011
0.653982 -39.251968 -122.950326 340.713571 0.403294 0.742063 0.535440 0.150848 -0.631043 0.760940 -0.902551 0.226113 0.366434
1.491743 -37.389574 -142.872039 -758.949117 0.403999 0.757085 0.513427 -0.173467 -0.487680 0.855615 -0.898161 0.434730 0.065694
-1.125275 -14.351478 -59.294581 -20.269963 -0.042560 -0.972293 -0.229859 0.996597 -0.025061 -0.078521 0.070585 -0.232418 0.970051
-1.190696 -14.923763 -44.315875 -22.034544 -0.039109 -0.969150 -0.243348 0.997437 -0.023258 -0.067670 0.059922 -0.245371 0.967575
-1.108571 -14.994450 63.816886 93.480075 -0.092767 -0.967769 -0.234131 0.971635 -0.036615 -0.233634 0.217531 -0.249163 0.943715
-2.009023 -13.191372 15.445617 99.100625 0.249796 0.739987 0.624517 0.939834 -0.340518 0.027561 0.233054 0.580058 -0.780525
-2.034386 -12.994787 14.551506 197.118603 0.261114 0.745262 0.613518 0.944585 -0.328251 -0.003278 0.198945 0.580376 -0.789674
-2.317798 -14.167740 56.773458 189.282924 0.300776 0.713035 0.633336 0.947338 -0.299926 -0.112229 0.109931 0.633739 -0.765696
-1.881930 -14.226440 41.018679 135.015827 0.289398 0.706987 0.645305 0.946075 -0.313783 -0.080506 0.145569 0.633806 -0.759671
-1.773125 -13.621402 17.420398 3.320675 0.243182 0.730668 0.637956 0.932768 -0.356582 0.052842 0.266094 0.582214 -0.768258
-0.696444 -26.099349 -192.339045 -34.201073 -0.296446 -0.838569 -0.457079 0.900028 -0.405394 0.160018 -0.319483 -0.363947 0.874913
-2.842627 -25.252606 -250.670584 43.867605 -0.316378 -0.827449 -0.463932 0.900886 -0.415273 0.126304 -0.297168 -0.377990 0.876821
-1.236726 -25.698621 -184.792079 55.005268 -0.272650 -0.845193 -0.459685 0.949501 -0.313485 0.013213 -0.155272 -0.432869 0.887983
0.383359 -27.524948 -134.560974 -71.786007 -0.242287 -0.852677 -0.462861 0.955011 -0.293701 0.041147 -0.171028 -0.432068 0.885476
-1.823084 -24.990181 -189.468236 173.605076 -0.233608 -0.854350 -0.464233 0.972328 -0.206434 -0.109378 -0.002386 -0.476939 0.878933
-0.310670 -26.720448 -104.943961 124.749820 -0.214418 -0.855527 -0.471274 0.976669 -0.193706 -0.092715 -0.011969 -0.480158 0.877100
-0.886251 -27.362939 104.784036 -154.743889 -0.168725 0.698631 0.695303 -0.757026 -0.543603 0.362502 -0.631224 0.465199 -0.620601
-1.620243 -25.950668 73.742560 3.240688 -0.175770 0.707128 0.684891 -0.727748 -0.561852 0.393326 -0.662939 0.429293 -0.613367
-0.907121 -29.046615 104.741046 -585.449972 -0.138455 0.728519 0.670888 -0.670274 -0.567623 0.478055 -0.729083 0.383490 -0.566898
-1.452160 -26.661600 84.536885 437.402703 -0.198690 0.683401 0.702485 -0.802531 -0.524878 0.283632 -0.562554 0.507411 -0.652738
0.225782 -30.523914 132.791647 -715.560810 -0.142566 0.718626 0.680626 -0.698703 -0.560129 0.445050 -0.701063 0.412106 -0.581961
-0.761461 -27.535894 105.765261 -315.674442 -0.188993 0.678705 0.709677 0.829055 0.497591 -0.255091 -0.526260 0.540151 -0.656725
0.162881 -28.554545 124.785823 -317.844501 -0.168484 0.693765 0.700216 -0.783563 -0.525252 0.331874 -0.598032 0.492748 -0.632105
-0.583402 -29.196541 135.947392 200.650454 0.195777 0.733062 0.651377 0.575057 -0.623858 0.529254 -0.794343 -0.270963 0.543690
-1.103413 -32.392316 148.793193 -456.623247 0.241595 0.673853 0.698250 -0.376375 0.728307 -0.572634 -0.894412 -0.124458 0.429578
-1.668645 -31.122383 45.035405 607.166869 0.203051 0.719983 0.663622 0.425941 -0.675205 0.602223 -0.881671 -0.160382 0.443772
-0.157344 -28.981157 -689.374801 -490.952481 0.145252 0.821499 0.551399 -0.536895 0.533562 -0.653494 0.831051 0.201122 -0.518560
-2.705302 -29.428234 -545.584337 -1048.602556 0.110706 0.825647 0.553218 -0.628184 0.489478 -0.604811 0.770149 0.280566 -0.572847
-2.833274 -26.107928 -572.484647 -733.427392 0.120252 0.821087 0.557993 -0.513710 0.532434 -0.672767 0.849495 0.205745 -0.485827
-5.203614 -16.759492 158.882089 506.148651 -0.046742 0.004603 -0.998896 0.947350 0.317317 -0.042868 0.316770 -0.948308 -0.019193
-4.430903 -21.762832 295.535386 1043.476246 -0.017979 0.029918 -0.999391 0.974887 0.222434 -0.010879 0.221973 -0.974489 -0.033166
-4.059159 -15.476267 393.424230 537.949962 -0.142008 0.023509 -0.989586 0.927740 0.351752 -0.124777 0.345156 -0.935798 -0.071762
6.638869 -4.929495 784.929266 -31.692510 0.207157 -0.654673 0.726972 -0.286222 0.670019 0.684946 -0.935501 -0.349967 -0.048583
8.746919 -5.599298 171.089271 -20.024493 0.107208 -0.645579 0.756131 -0.323855 0.696362 0.640467 -0.940013 -0.313540 -0.134418
7.355285 -6.498177 -245.680740 -135.941072 -0.176716 0.743375 -0.645108 -0.255312 0.598368 0.759454 -0.950572 -0.298912 -0.084051
4.661026 -5.582721 -662.211216 -133.442041 -0.261034 0.756284 -0.599912 -0.211300 0.561624 0.799957 -0.941920 -0.335577 -0.013200
1.349462 -49.514605 75.315319 -1307.392858 0.229439 -0.801912 -0.551629 0.970781 0.229472 0.070189 0.070298 -0.551615 0.831131
1.508397 -47.262078 27.282093 -274.084437 0.234201 -0.811469 -0.535414 0.960201 0.279290 -0.003277 0.152195 -0.513338 0.844583
1.216879 -51.555685 123.330603 188.337727 0.250666 -0.786548 -0.564366 0.915575 0.381992 -0.125719 0.314467 -0.485206 0.815896
1.347093 -54.337023 92.026478 -678.617194 0.249007 -0.782898 -0.570146 0.940187 0.336709 -0.051733 0.232475 -0.523162 0.819913
1.128578 -54.655212 -108.886239 1195.283702 -0.261000 0.774169 0.576663 0.848496 0.468858 -0.245409 0.460361 -0.425245 0.779252
16.159995 -77.799375 -465.592484 3295.502094 -0.454003 0.889063 -0.058721 -0.400376 -0.144690 0.904856 -0.795977 -0.434318 -0.421649
19.214455 -84.410500 979.750955 657.794619 -0.284414 0.950262 0.126926 -0.479959 -0.255742 0.839187 -0.829908 -0.177757 -0.528824
12.627007 -63.263979 -45.481116 2354.760902 -0.404079 0.914717 0.003461 -0.176064 -0.081489 0.981000 -0.897620 -0.395793 -0.193977
9.696268 -57.393582 -926.278330 2483.465610 -0.502016 0.859946 -0.092047 -0.159640 0.012463 0.987097 -0.849997 -0.510233 -0.131025
-1.167726 -36.431203 221.158213 687.978557 -0.249173 0.916049 0.314272 0.617174 -0.099879 0.780462 -0.746331 -0.388430 0.540474
-1.036362 -52.011707 551.030051 2088.281038 -0.236998 0.915637 0.324718 0.428752 -0.201352 0.880698 -0.871782 -0.347947 0.344861
-3.394126 -40.615842 477.863794 1041.618673 -0.208613 0.904664 0.371569 0.640169 -0.160913 0.751193 -0.739368 -0.394576 0.545569
-2.391000 -33.729312 420.209121 760.473247 -0.211956 0.905497 0.367628 0.762843 -0.081836 0.641384 -0.610856 -0.416388 0.673407
-8.225814 -17.305354 55.652960 490.311770 -0.317189 -0.545735 -0.775606 0.926016 -0.001735 -0.377480 0.204659 -0.837956 0.505910
-8.307619 -19.484476 -14.538991 420.783775 -0.242189 -0.490880 -0.836888 0.964619 -0.029202 -0.262025 0.104184 -0.870738 0.480584
-7.416092 -15.433905 33.131594 605.383805 -0.252637 -0.503246 -0.826388 0.934941 0.092933 -0.342417 0.249119 -0.859131 0.447027
8.030320 -6.127210 -219.641939 285.143553 0.439304 0.781578 0.442886 0.321583 0.323514 -0.889901 0.838807 -0.533361 0.109221
8.458995 -7.739588 179.309970 284.785308 0.329263 0.841648 0.428037 0.360110 0.307123 -0.880906 0.872873 -0.444190 0.201962
8.499456 -5.905276 80.361838 271.481534 0.358563 0.834041 0.419295 0.304691 0.320000 -0.897086 0.882381 -0.449417 0.139385
-616.348384 -644.853594 148534.297880 -162815.659188 0.629522 -0.013180 0.776871 -0.589335 -0.659689 0.466364 -0.506346 0.751423 0.423056
-454.613281 -683.734614 -43508.562130 92974.175634 0.121926 -0.466919 0.875854 0.557767 0.762154 0.328660 -0.820994 0.448450 0.353358
-545.405821 -861.720124 15249.730467 197625.040082 0.103188 -0.859054 0.501377 0.918455 0.275792 0.283514 -0.381829 0.431236 0.817460
-542.827945 -632.452906 81568.927883 201531.598739 0.601043 -0.513387 0.612520 0.784195 0.526722 -0.328027 -0.154222 0.677494 0.719179
-496.492636 -1479.780226 55369.759069 -418069.063710 0.704243 -0.625648 0.335568 -0.695519 -0.513146 0.502926 0.142459 0.587576 0.796530
-744.283747 -1362.548810 140762.729223 -367649.399216 0.747897 -0.640283 0.175178 -0.662792 -0.734914 0.143553 -0.036827 0.223469 0.974015
-6.585748 -98.008536 -161.150991 8048.999654 0.947770 -0.305065 -0.093095 0.092118 -0.017627 0.995592 0.305361 0.952168 -0.011396
-8.187454 -104.961614 -10.316849 4518.633679 0.933667 -0.337491 -0.119860 0.248211 0.368503 0.895878 0.258182 0.866202 -0.427828
-6.356207 -110.703058 -502.595107 9207.437163 0.964335 -0.234440 -0.122864 0.126495 0.000456 0.991967 0.232501 0.972130 -0.030096
-6.556298 -86.272924 -318.912843 7265.110865 0.969607 -0.238614 -0.054085 -0.027601 -0.326321 0.944856 0.243105 0.914647 0.322989
-6.314923 -76.437022 -20.779054 6693.497666 0.947925 -0.317941 -0.018731 -0.094587 -0.337188 0.936674 0.304123 0.886125 0.349702
-22.654194 -85.369184 -1238.926386 5474.077289 0.947017 -0.311418 0.078591 -0.060783 0.066497 0.995934 0.315378 0.947943 -0.044044
-30.061285 -79.025676 -1057.485306 3043.463898 0.862839 -0.485474 0.140800 -0.034363 0.221569 0.974539 0.504310 0.845708 -0.174496
-27.232269 -77.839592 -1483.586956 -781.476372 0.917700 -0.388360 0.083688 0.089634 0.407632 0.908737 0.387030 0.826446 -0.408894
-30.266912 -75.301056 -1212.694991 6029.473908 0.875612 -0.456011 0.159243 -0.200553 -0.043312 0.978725 0.439412 0.888920 0.129379
-19.143263 -75.876342 -1306.033923 -1675.575376 0.961034 -0.272113 0.048666 0.079703 0.441341 0.893793 0.264691 0.855086 -0.445832
-14.227597 -76.923607 -973.794954 3723.153599 0.977176 -0.206468 0.049984 -0.020764 0.141338 0.989744 0.211415 0.968191 -0.133825
-12.542559 -81.823671 -752.173527 6299.595323 0.972183 -0.233666 -0.016165 -0.048021 -0.266391 0.962668 0.229249 0.935113 0.270202
-23.480386 -73.397339 -1501.728804 6069.862647 0.944475 -0.322041 0.065238 -0.162138 -0.284081 0.944992 0.285793 0.903099 0.320522
1.418077 -7.711907 129.224990 262.944675 0.186081 0.897269 0.400353 0.372543 -0.441476 0.816279 -0.909168 0.002746 0.416421
0.325900 -7.981389 154.449268 265.399125 0.181479 0.912942 0.365517 0.380495 -0.407926 0.829952 -0.906802 0.011542 0.421400
1.548398 -5.524922 116.133611 242.902553 0.200073 0.880215 0.430339 0.422256 -0.473801 0.772796 -0.884121 -0.027097 0.466471
-16.107262 -22.450121 -690.196549 -326.695764 0.022583 0.909116 0.415930 -0.243139 -0.398551 0.884331 -0.969728 0.121099 -0.212041
-11.384951 -20.433025 55.313213 -242.689013 -0.074023 0.775745 0.626690 -0.242476 -0.623556 0.743225 -0.967329 0.096942 -0.234257
-9.918753 -18.493537 258.349058 299.045150 -0.180575 0.673378 0.716906 0.273557 0.734513 -0.621013 -0.944754 0.083975 -0.316842
10.740379 -14.052354 -243.176519 -59.814179 0.085270 0.749650 0.656319 0.993003 -0.117953 0.005713 0.081698 0.651239 -0.754462
8.090466 -14.994319 -146.443330 -283.599087 0.239076 0.768541 0.593454 0.970757 -0.175467 -0.163838 -0.021785 0.615269 -0.788016
9.828398 -12.227143 -493.976045 1.806079 0.399683 0.735800 0.546674 0.906523 -0.228862 -0.354737 -0.135902 0.637355 -0.758491
11.643799 -28.431032 474.849857 2091.129762 -0.109397 0.863819 0.491781 0.973693 0.192620 -0.121739 -0.199887 0.465525 -0.862167
-13.938182 -52.963962 -10322.189515 7060.482120 0.018920 0.980526 0.195475 -0.559548 -0.151641 0.814807 -0.828582 0.124794 -0.545782
-28.674682 -83.167789 -6550.792313 -34.249853 0.336350 0.921441 -0.194462 -0.531988 0.356299 0.768140 -0.777082 0.154913 -0.610037
-38.021348 -170.703919 -6316.248523 -32490.318191 0.533290 0.808985 -0.247274 -0.699308 0.586079 0.409243 -0.475994 0.045325 -0.878280
-10.513831 -313.981670 -7572.379343 -61350.835169 0.432458 0.901297 -0.025362 -0.880996 0.416396 -0.224635 0.191902 -0.119489 -0.974113
-10.834963 -214.894097 328.857078 31066.807670 -0.334857 0.365535 0.868479 0.921097 -0.067304 0.383472 0.198625 0.928361 -0.314156
-7.922040 -159.708986 709.328803 -18998.675950 0.124148 0.507238 0.852817 0.837769 0.406980 -0.364020 -0.531724 0.759656 -0.374422
-63.425389 -518.039819 -304.421838 -70431.846366 -0.093540 0.566555 0.818698 0.707058 0.616726 -0.346002 -0.700942 0.546502 -0.458276
7.090713 -9.673258 -418.915222 59.408723 0.213315 0.803245 0.556142 0.845696 0.133209 -0.516773 -0.489178 0.580562 -0.650885
8.460653 -9.928418 -128.551518 98.872904 0.289999 0.766184 0.573466 0.825674 0.102679 -0.554725 -0.483904 0.634366 -0.602841
8.599842 -9.981938 -372.336623 232.547167 0.191312 0.796581 0.573462 0.826648 0.184243 -0.531703 -0.529200 0.575773 -0.623244
7.131489 -9.540283 -94.972161 -153.393392 0.338200 0.760630 0.554132 0.825243 0.043310 -0.563115 -0.452322 0.647739 -0.613057
5.320525 -9.777751 -510.571071 161.232783 0.104391 0.819482 0.563517 0.849670 0.220991 -0.478773 -0.516878 0.528783 -0.673220
4.490976 -9.302262 -435.838724 -17.654063 0.132211 0.818955 0.558419 0.871827 0.171978 -0.458630 -0.471633 0.547481 -0.691250
5.897445 -9.136062 -305.386278 -101.662905 0.257201 0.794381 0.550278 0.859480 0.072260 -0.506037 -0.441749 0.603106 -0.664169
2.730516 -27.324838 -508.689601 332.027185 0.659564 0.594092 -0.460467 0.748933 -0.467401 0.469718 0.063833 -0.654668 -0.753216
5.045982 -25.006556 -727.422553 -728.333493 0.707778 0.575198 -0.410119 -0.680500 0.399275 -0.614410 0.189657 -0.713952 -0.674020
4.148987 -20.288983 -510.692046 -926.129576 0.704623 0.582984 -0.404521 -0.639250 0.274076 -0.718500 0.308004 -0.764861 -0.565792
-0.955914 -14.155240 31.738885 -15.957841 0.262660 0.813135 0.519443 -0.812105 0.477014 -0.336071 0.521053 0.333569 -0.785643
-0.568018 -14.343931 9.541214 11.740941 0.263309 0.819977 0.508238 -0.711441 0.520861 -0.471758 0.651552 0.237363 -0.720513
-0.617158 -14.547037 -15.606337 -2.767029 0.251390 0.841067 0.478967 -0.712037 0.495898 -0.497080 0.655596 0.216081 -0.723535
4.407021 -31.533780 -17.153241 49.672627 0.444386 0.839836 0.311763 0.044428 0.326924 -0.944006 0.894733 -0.433354 -0.107968
4.435903 -30.453207 -7.788448 -149.823142 0.408143 0.858949 0.309234 0.059464 0.312999 -0.947890 0.910979 -0.405263 -0.076672
4.039355 -31.242253 -19.080176 -430.367548 0.478010 0.820589 0.313274 0.198398 0.246573 -0.948599 0.855654 -0.515593 0.044939
4.447717 -29.336608 -48.661786 753.921091 0.416813 0.851261 0.318783 -0.128019 0.402178 -0.906567 0.899932 -0.337058 -0.276610
3.732192 -31.341933 -13.524857 302.600142 0.475178 0.820638 0.317426 0.013142 0.354097 -0.935116 0.879792 -0.448518 -0.157475
4.211112 -28.935894 -33.933798 734.299986 0.451774 0.834422 0.315659 -0.140909 0.416124 -0.898324 0.880934 -0.361360 -0.305572
-2.046349 -24.175379 66.183685 -0.141418 0.332235 0.808815 0.485219 0.932952 -0.357421 -0.043015 0.138636 0.466977 -0.873334
-2.772504 -23.986720 62.668246 8.825592 0.361049 0.816442 0.450630 0.923368 -0.380618 -0.050216 0.130519 0.434227 -0.891298
-2.250026 -25.992379 59.153034 379.596787 0.377242 0.808234 0.452158 0.923870 -0.294455 -0.244458 -0.064439 0.509956 -0.857784
-3.286122 -23.909424 40.040955 43.717584 0.396598 0.823328 0.406005 0.909988 -0.410876 -0.055700 0.120959 0.391550 -0.912172
-2.654018 -25.951625 42.686521 355.580335 0.404830 0.816713 0.411209 0.911128 -0.322330 -0.256806 -0.077192 0.478626 -0.874619
289.968519 -93.636953 -53288.931683 4488.118339 0.156635 0.956591 0.245761 -0.920843 0.231411 -0.313842 0.357091 0.177149 -0.917117
1.989473 -11.717748 -250.318628 56.010014 0.508086 0.792858 0.336488 0.813286 -0.570256 0.115646 -0.283576 -0.214903 0.934560
2.441141 -11.778500 281.753317 -141.794006 -0.398475 -0.854598 -0.332987 0.899492 -0.435082 0.040228 -0.179255 -0.283489 0.942073
0.171041 -12.817330 -149.715293 -38.359866 0.452328 0.831521 0.322447 0.855026 -0.507136 0.108368 -0.253635 -0.226683 0.940364
0.394851 -13.028576 -135.942257 59.439649 0.523349 0.787210 0.326201 0.769076 -0.601202 0.216974 -0.366917 -0.137320 0.920063
-1.007574 -13.747302 -48.402049 -26.536095 0.472340 0.829193 0.298888 0.813471 -0.540656 0.214372 -0.339351 -0.141881 0.929898
-1.247402 -14.279175 47.131449 -114.687087 -0.398555 -0.867980 -0.296251 0.892335 -0.441609 0.093379 -0.211878 -0.227138 0.950535
-0.467545 -23.517491 78.651899 429.917256 0.213425 0.875074 0.434390 -0.671325 0.454393 -0.585534 0.709769 0.166650 -0.684438
-0.320477 -24.353428 249.602856 204.551971 0.168092 0.893353 0.416731 -0.542783 0.436768 -0.717371 0.822880 0.105611 -0.558314
-1.368185 -23.609383 227.860527 494.394295 0.173374 0.902873 0.393398 -0.585658 0.415663 -0.695866 0.791799 0.109752 -0.600840
-2.031904 -17.180570 -1.776390 136.435592 0.316102 0.869759 0.378944 0.839305 -0.070147 -0.539116 -0.442319 0.488466 -0.752167
-2.159975 -18.016444 7.956533 -55.679304 0.346897 0.867790 0.355813 -0.704696 -0.009189 0.709450 -0.618923 0.496846 -0.608341
-1.960132 -17.973340 14.284544 172.769265 0.342422 0.851877 0.396300 0.838035 -0.086223 -0.538761 -0.424788 0.516596 -0.743427
-2.394674 -49.677194 82.210295 1206.679777 -0.042263 0.960524 0.274967 0.996936 0.058672 -0.051723 -0.065814 0.271938 -0.960061
-3.053732 -54.624219 59.404477 -260.019191 -0.068923 0.965032 0.252909 -0.962171 -0.131283 0.238729 -0.263583 0.226888 -0.937574
-2.940269 -55.993250 -33.142981 720.554099 -0.090810 0.970653 0.222679 0.980733 0.126001 -0.149287 -0.172963 0.204831 -0.963394
1.280919 -31.300087 1017.026468 -393.347204 0.585544 0.758744 0.285386 -0.218756 -0.191093 0.956885 -0.780566 0.622728 -0.054087
0.912676 -33.388237 898.155302 -445.944515 0.563331 0.746182 0.354783 -0.104405 -0.361670 0.926442 -0.819609 0.558934 0.125835
10.578048 -27.772265 1998.020923 -184.134460 0.601289 0.767414 0.222547 -0.166858 -0.151784 0.974228 -0.781415 0.622926 -0.036783
5.601551 -29.456639 1485.085128 -146.697267 0.609730 0.766741 0.200841 -0.294856 -0.015786 0.955411 -0.735724 0.641762 -0.216454
14.816139 -27.901343 2281.196954 51.184887 0.584093 0.794608 0.165630 -0.262313 -0.008317 0.964947 -0.768132 0.607066 -0.203578
