15703
31382
-4.031060 -4.990323 6.300986 53.358136 0.627992 -0.159325 -0.761736 -0.297850 0.855083 -0.424404 0.718965 0.493405 0.489530
-4.124990 -5.565861 -32.070161 33.107281 0.713382 -0.451804 -0.535686 0.041773 0.790476 -0.611067 0.699529 0.413547 0.582784
-4.485382 -7.991919 19.340232 106.752262 0.486084 0.263684 -0.833182 -0.459025 0.888323 0.013336 0.743652 0.375970 0.552837
-3.283228 -4.800512 0.361828 33.030504 -0.702702 0.665260 0.252268 0.247789 0.561198 -0.789720 0.666941 0.492428 0.559199
-2.914211 -7.832802 47.245124 127.383696 0.407080 0.099946 -0.907908 -0.476091 0.871507 -0.117526 0.779502 0.480089 0.402356
-3.474093 -4.338993 29.333805 64.284059 0.481513 -0.017181 -0.876271 -0.486487 0.826403 -0.283529 0.729024 0.562817 0.389565
-2.980153 -4.065674 10.750418 33.180848 -0.647962 0.761635 -0.007576 0.363627 0.300586 -0.881716 0.669269 0.574074 0.471719
4.636426 -8.183177 10.232695 -4.048261 -0.278150 -0.032918 0.959973 0.887251 0.374081 0.269906 -0.367993 0.926812 -0.074844
4.719498 -7.913867 -0.382091 29.923362 -0.221801 -0.083140 0.971541 0.954102 0.187114 0.233832 -0.201230 0.978814 0.037822
5.052885 -8.502846 3.036074 -25.570443 -0.225589 -0.114088 0.967519 0.890309 0.379078 0.252287 -0.395549 0.918305 0.016058
5.385892 -8.206951 13.573242 -36.264727 -0.236333 -0.133333 0.962481 0.787029 0.554652 0.270087 -0.569853 0.821331 -0.026146
-2.857040 -5.741752 -2.413914 8.777214 -0.533532 0.429169 0.728806 0.785572 0.570754 0.238990 -0.313402 0.700038 -0.641659
-2.951306 -5.668635 -5.115132 -5.197277 -0.542584 0.404352 0.736276 0.711955 0.686532 0.147628 -0.445784 0.604296 -0.660381
-2.994055 -5.594190 -8.155627 8.990786 -0.479542 0.383745 0.789164 0.804355 0.551723 0.220488 -0.350789 0.740501 -0.573241
-0.692306 -2.821715 11.268215 21.517537 0.809991 -0.560942 -0.171055 -0.297200 -0.644092 0.704853 0.505557 0.520087 0.688420
-0.658051 -2.811652 2.457138 -20.787459 0.798074 -0.581169 -0.159124 0.327170 0.639707 -0.695511 0.506002 0.503009 0.700674
-0.684986 -3.655616 15.379035 27.216452 0.769114 -0.631035 -0.101285 -0.332290 -0.530201 0.780045 0.545937 0.566287 0.617472
-0.175930 -1.364957 -2.980226 14.776062 -0.423777 0.896236 0.131049 -0.535565 -0.364618 0.761724 -0.730467 -0.252616 -0.634510
0.573402 -0.911563 -37.213641 -17.604501 -0.093476 0.952291 -0.290524 -0.671492 0.155144 0.724589 -0.735093 -0.262816 -0.624953
-0.170887 -1.588836 -11.887651 0.228874 -0.273772 0.959279 -0.069517 -0.594941 -0.112114 0.795912 -0.755708 -0.259257 -0.601408
-0.566412 -2.055077 -8.324730 12.960977 -0.433086 0.886722 0.161744 -0.520658 -0.392587 0.758149 -0.735766 -0.244130 -0.631703
-0.308038 -2.079415 -7.127740 9.883501 -0.534168 0.786988 0.308732 -0.465293 -0.578603 0.669867 -0.705810 -0.214170 -0.675251
-0.135277 -3.762969 3.025005 32.510001 0.773296 -0.238645 -0.587420 0.305866 -0.671128 0.675302 0.555392 0.701880 0.445987
-0.545844 -4.694539 5.344539 30.208885 0.768015 -0.241939 -0.592975 0.390994 -0.556183 0.733338 0.507225 0.795064 0.332560
-0.278309 -3.574696 -3.160751 32.237347 0.747345 -0.153682 -0.646419 0.381248 -0.697607 0.606625 0.544174 0.699804 0.462762
-0.368333 -4.748130 9.201466 23.037911 0.777218 -0.300961 -0.552589 0.358344 -0.510168 0.781868 0.517225 0.805699 0.288665
0.178689 -2.606276 -3.744767 26.913746 0.730005 -0.123880 -0.672121 0.346978 -0.780090 0.520640 0.588811 0.613281 0.526486
0.269493 -2.818417 1.459292 29.668172 0.766961 -0.214412 -0.604813 0.255170 -0.762897 0.594034 0.588777 0.609931 0.530401
0.000846 -3.945511 5.881663 28.589880 0.790953 -0.301666 -0.532345 0.252603 -0.631433 0.733133 0.557302 0.714345 0.423232
-0.119755 -3.931988 -2.270341 7.501813 0.657193 -0.227029 -0.718718 0.705684 0.520315 0.480918 0.264778 -0.823243 0.502158
-0.089475 -4.064575 -6.526815 1.548895 0.612250 -0.262179 -0.745930 0.770254 0.410751 0.487844 0.178489 -0.873239 0.453427
-0.312023 -4.115602 -1.695352 5.485552 0.651927 -0.233311 -0.721497 0.740995 0.398024 0.540836 0.160990 -0.887211 0.432365
-0.134712 -3.973599 2.753208 -10.057877 0.685413 -0.195264 -0.701485 -0.684795 -0.500329 -0.529836 0.247515 -0.843530 0.476648
0.052490 -3.647680 3.557911 -8.649131 0.705124 -0.174167 -0.687362 -0.624309 -0.612113 -0.485341 0.336212 -0.771352 0.540349
2.034675 -5.555050 1.067737 58.108162 -0.524630 0.111163 0.844042 -0.430041 0.821044 -0.375434 -0.734730 -0.559937 -0.382940
1.990642 -5.047124 11.281863 3.005085 -0.500806 0.142318 0.853779 -0.354757 0.865985 -0.352445 -0.789519 -0.479390 -0.383202
1.900928 -5.567173 21.012334 15.641530 -0.440776 0.199954 0.875063 -0.467426 0.781133 -0.413937 -0.766309 -0.591481 -0.250841
1.918383 -4.645658 -15.255658 36.558731 -0.590646 0.069818 0.803905 -0.322422 0.892847 -0.314433 -0.739717 -0.444915 -0.504846
2.052224 -6.515834 12.312999 51.818466 -0.465472 0.190513 0.864315 -0.545905 0.706870 -0.449803 -0.696651 -0.681205 -0.225026
1.622595 -5.666812 -27.266091 86.780105 -0.621296 0.071039 0.780349 -0.365813 0.854398 -0.369032 -0.692945 -0.514740 -0.504847
1.911044 -6.755071 -15.149068 72.650537 -0.551657 0.111785 0.826546 -0.496763 0.752008 -0.433256 -0.670001 -0.649607 -0.359319
0.085291 -9.099172 4.858214 -103.859439 0.659309 -0.237396 -0.713411 -0.658222 -0.640838 -0.395058 0.363396 -0.730047 0.578770
-0.096854 -8.792754 3.267308 -95.164018 0.663218 -0.243028 -0.707869 -0.653840 -0.648382 -0.389993 0.364190 -0.721484 0.588920
0.062404 -10.131220 2.056330 49.874921 0.665119 -0.240679 -0.706888 0.725105 0.434365 0.534368 0.178436 -0.867986 0.463422
0.235696 -10.060796 3.403693 65.428423 0.665036 -0.243345 -0.706053 0.724485 0.439664 0.530864 0.181243 -0.864569 0.468692
-4.214700 -7.679908 19.505443 28.196497 -0.679464 -0.463963 0.568390 0.733672 -0.421906 0.532654 -0.007325 0.778931 0.627067
-3.734895 -8.144948 -30.575582 3.955840 0.704962 0.488329 -0.514357 0.675542 -0.241412 0.696680 -0.216037 0.838603 0.500073
-3.568658 -7.551958 43.340429 31.816189 -0.680198 -0.537520 0.498400 0.729731 -0.432124 0.529869 -0.069444 0.724114 0.686175
0.145272 -2.627489 4.897928 -53.589750 0.625819 -0.166781 -0.761928 0.013601 0.979056 -0.203137 0.779849 0.116764 0.614980
0.199923 -3.567599 5.059289 -26.996645 0.622785 -0.266458 -0.735622 -0.018106 0.935060 -0.354028 0.782184 0.233802 0.577516
-0.077444 -2.472134 16.666140 -43.261716 0.605779 -0.241874 -0.757976 0.037880 0.960359 -0.276181 0.794730 0.138593 0.590928
0.082076 -1.545094 16.981741 -47.180997 0.600972 -0.172364 -0.780463 0.054484 0.983033 -0.175148 0.797411 0.062737 0.600167
0.281851 -1.407321 1.082901 -65.407817 0.628427 -0.130901 -0.766775 0.055744 0.990783 -0.123457 0.775868 0.034841 0.629932
-1.987706 -3.443484 -42.443424 27.388515 -0.460825 0.577914 0.673540 -0.502536 0.455617 -0.734759 0.731504 0.677073 -0.080463
-2.798479 -3.923463 -10.963174 32.855119 -0.588664 0.697503 0.408612 -0.256220 0.318421 -0.912666 0.766698 0.641948 0.008729
-2.035501 -3.696451 -72.619270 19.959734 -0.404358 0.569531 0.715632 -0.456738 0.552158 -0.697505 0.792392 0.608898 -0.036857
-0.620974 -3.233336 66.096578 11.540126 0.339066 -0.496673 -0.798968 -0.579030 0.559174 -0.593336 0.741456 0.663807 -0.097992
0.588446 -13.492554 13.705315 37.666811 0.883754 -0.152163 -0.442521 0.109163 -0.852528 0.511155 0.455040 0.500042 0.736815
0.537327 -14.823338 17.851120 44.487626 0.888222 -0.178213 -0.423439 0.167504 -0.732623 0.659702 0.427789 0.656890 0.620880
0.395450 -12.934961 10.798196 30.989547 0.883912 -0.159557 -0.439593 0.123056 -0.827514 0.547794 0.451173 0.538296 0.711815
0.635793 -17.111206 -5.567601 30.029838 0.915787 -0.111282 -0.385941 0.138419 -0.814560 0.563322 0.377060 0.569305 0.730560
0.424116 -12.067278 11.954154 18.638099 0.878457 -0.129014 -0.460075 -0.071205 0.916762 -0.393035 0.472486 0.378024 0.796150
0.596490 -14.253501 15.130404 -60.088668 0.877776 -0.127824 -0.461704 -0.052933 0.931969 -0.358653 0.476138 0.339256 0.811294
4.606978 -6.006469 52.565952 114.513022 0.665838 -0.161686 -0.728366 0.108468 0.986842 -0.119908 0.738170 0.000835 0.674615
3.969055 -8.055107 17.612467 188.074421 0.685437 -0.232020 -0.690176 0.242512 0.966499 -0.084065 0.686560 -0.109755 0.718742
4.366363 -5.062004 -14.807288 130.638666 0.774766 -0.101567 -0.624036 0.076103 0.994817 -0.067430 0.627651 0.004752 0.778480
5.015530 -4.011187 -18.540214 -19.147175 0.787225 -0.013969 -0.616507 0.009422 0.999899 -0.010625 0.616593 0.002556 0.787278
-0.445929 -16.588816 -21.537044 -179.742202 0.847334 -0.005842 -0.531028 0.514600 0.256058 0.818304 -0.131194 0.966644 -0.219973
-0.796260 -12.690877 -21.935498 -230.315667 0.847722 -0.005019 -0.530416 0.459603 0.506180 0.729758 -0.264823 0.862413 -0.431407
0.161394 -15.004193 -28.140960 -181.818995 0.804924 -0.040043 -0.592026 0.579927 0.264319 0.770597 -0.125627 0.963604 -0.235978
0.794577 -18.111171 -6.537544 -66.027821 0.802265 -0.051535 -0.594739 0.591841 -0.061615 0.803696 0.078064 0.996769 0.018931
1.140364 -16.317143 -30.312660 -90.566384 0.764365 -0.050257 -0.642822 0.643535 -0.002553 0.765412 0.040108 0.998733 -0.030391
1.123085 -15.384557 -38.314569 -130.096326 0.749551 -0.050677 -0.660004 0.661915 0.067058 0.746573 -0.006425 0.996461 -0.083807
0.894186 -13.351695 -39.396089 -226.647679 0.784494 -0.044532 -0.618536 0.594285 0.338969 0.729332 -0.177186 0.939743 -0.292384
0.611492 -2.543895 15.328773 15.955129 -0.557164 -0.093114 0.825166 0.598472 -0.733900 0.321281 0.575673 0.672845 0.464629
0.222908 -2.535336 -2.719754 22.831264 0.586486 0.047867 -0.808544 0.543973 -0.762892 0.349412 0.600106 0.644751 0.473464
-0.149803 -3.293073 -7.245806 23.448274 0.642575 -0.000862 -0.766222 0.551728 -0.693389 0.463474 0.531689 0.720563 0.445079
-3.539529 -8.023006 -19.336185 -21.086691 -0.620175 -0.159517 0.768074 0.777905 0.001288 0.628380 -0.101227 0.987194 0.123290
-3.390343 -7.439022 -11.787994 -35.184228 -0.623322 -0.175603 0.761993 0.727266 0.227867 0.647427 -0.287323 0.957727 -0.014325
-3.869849 -8.030599 -12.550162 -24.538678 -0.643919 -0.254404 0.721558 0.741273 0.026054 0.670698 -0.189428 0.966747 0.171806
0.687061 -20.569327 -6.602656 -176.106684 0.945425 -0.123025 -0.301723 0.323775 0.250592 0.912345 0.036632 0.960244 -0.276749
0.401506 -17.100308 6.808286 -2.048166 0.955283 -0.137360 -0.261851 0.293717 0.542960 0.786717 -0.034111 0.828448 -0.559026
0.408213 -19.837971 27.269400 -204.741603 0.935644 -0.189369 -0.297841 0.340855 0.265839 0.901747 0.091585 0.945235 -0.313278
0.526848 -23.504243 9.865149 -245.014662 0.929711 -0.163137 -0.330187 0.313047 -0.122230 0.941839 0.194008 0.979003 0.062569
0.839979 -3.435828 -15.278013 1.496564 -0.630058 0.447105 0.634921 0.689134 -0.054946 0.722548 0.357941 0.892792 -0.273496
0.668464 -3.322498 -12.034752 5.365506 -0.611296 0.435285 0.660942 0.661292 -0.177842 0.728742 0.434753 0.882553 -0.179136
1.214036 -3.488312 -18.307591 0.251373 -0.603156 0.427310 0.673505 0.719951 -0.071795 0.690302 0.343327 0.901250 -0.264338
0.533994 -2.399681 13.646206 -1.097826 -0.618498 0.569552 0.541360 0.530018 0.811004 -0.247698 -0.580122 0.133729 -0.803477
0.286673 -2.737295 7.479925 16.175757 -0.665702 0.482861 0.568934 0.431395 0.871134 -0.234572 -0.608884 0.089281 -0.788219
0.328244 -2.561067 3.312461 16.117142 -0.648120 0.537032 0.539941 0.476504 0.839051 -0.262558 -0.594040 0.087116 -0.799704
4.561765 0.702520 -0.114197 -1.326448 0.203987 0.915062 -0.347925 -0.682310 0.387748 0.619762 -0.702027 -0.110969 -0.703451
4.389605 0.678314 -146.855807 0.390116 -0.032210 0.875231 -0.482631 -0.683597 0.332984 0.649474 -0.729148 -0.350845 -0.587580
4.186086 0.785877 -2.529555 -2.010133 0.199419 0.913550 -0.354483 -0.661646 0.392366 0.638962 -0.722811 -0.107122 -0.682692
4.423963 0.640887 141.559098 1.805881 0.421784 0.885620 -0.194360 -0.651718 0.445155 0.614085 -0.630367 0.132343 -0.764933
3.927841 0.700231 127.138534 4.051106 0.436383 0.868197 -0.236230 -0.616167 0.479680 0.624696 -0.655674 0.127050 -0.744279
3.632152 0.812241 -4.190187 -0.284017 0.197978 0.910668 -0.362614 -0.636208 0.400809 0.659236 -0.745684 -0.100184 -0.658725
0.508370 -2.671922 -2.638238 5.151570 0.156688 0.931647 -0.327847 -0.734275 0.331886 0.592192 -0.660521 -0.147940 -0.736088
0.311009 -2.432821 -2.774171 5.349230 0.157425 0.930528 -0.330658 -0.677922 0.345304 0.648989 -0.718080 -0.121993 -0.685185
0.063949 -2.637735 -18.251194 3.312492 0.193901 0.883280 -0.426871 -0.699331 0.429612 0.571288 -0.687996 -0.187750 -0.701007
0.257546 -2.899117 -21.779279 8.233603 0.194886 0.878960 -0.435257 -0.751503 0.418980 0.509606 -0.630287 -0.227781 -0.742195
-1.212854 -5.747845 223.839367 34.627933 0.035743 0.555282 -0.830893 -0.390102 0.773217 0.499956 0.920078 0.306263 0.244254
-0.733153 -4.588685 130.394691 54.649090 0.073731 0.618431 -0.782373 -0.573212 0.668251 0.474203 0.816083 0.413502 0.403762
-4.380139 -6.067226 240.634851 71.531869 0.151821 0.455630 -0.877127 -0.464557 0.816181 0.343562 0.872432 0.355316 0.335579
-5.841033 -6.743785 224.659261 45.868866 0.182693 0.267729 -0.946015 -0.248517 0.943538 0.219034 0.951243 0.195085 0.238913
-6.440424 -8.057193 37.880700 185.438417 0.408197 -0.232900 -0.882685 -0.102866 0.949016 -0.297971 0.907080 0.212429 0.363428
-5.838854 -6.860533 -13.830185 215.829375 0.510078 -0.141514 -0.848407 -0.241515 0.923126 -0.299181 0.825525 0.357509 0.436688
2.340091 -75.948786 -47.438309 3148.409263 -0.668816 0.371207 0.644120 0.294270 0.927841 -0.229164 -0.682708 0.036276 -0.729790
4.718792 -226.838802 -80.178214 12277.492940 -0.736739 0.305479 0.603239 0.388267 0.921516 0.007538 -0.553592 0.239771 -0.797525
3.589217 -91.902020 -44.120128 3400.756442 -0.604492 0.472120 0.641632 0.683915 0.720582 0.114115 -0.408472 0.507803 -0.758476
0.927947 -36.878844 -19.843552 758.947684 -0.669700 0.396777 0.627749 0.146310 0.899231 -0.412284 -0.728076 -0.184261 -0.660268
2.820255 -84.797000 -24.716304 3033.873626 -0.636780 0.369752 0.676606 0.587281 0.801189 0.114879 -0.499613 0.470510 -0.727329
2.828512 -63.409209 -33.156012 1652.464390 -0.620328 0.398801 0.675390 0.251980 0.916773 -0.309894 -0.742765 -0.022052 -0.669189
1.589412 -19.798005 -4.939337 387.344321 0.799609 -0.458178 -0.388199 -0.539672 -0.831798 -0.129868 0.263401 -0.313344 0.912379
2.149250 -23.593724 13.474550 -513.224221 0.738244 -0.447110 -0.505062 0.541645 0.839189 0.048819 0.402015 -0.309605 0.861701
0.964601 -18.692007 -11.863047 364.350819 0.777827 -0.479865 -0.405851 -0.614403 -0.716500 -0.330357 0.132265 -0.506317 0.852144
2.591192 -22.582661 6.572084 -199.213848 0.799915 -0.436689 -0.411629 0.370666 0.898966 -0.233383 0.471956 0.034110 0.880962
0.529178 -16.601834 -7.484196 195.674457 0.823150 -0.439126 -0.359990 -0.550655 -0.772055 -0.317348 0.138577 -0.459455 0.877324
1.967093 -21.260362 11.221972 -340.939417 0.858597 -0.392400 -0.329900 0.435345 0.897914 0.065001 0.270715 -0.199430 0.941775
2.843423 -11.450565 -32.096814 -154.754962 0.992240 0.123183 0.016914 0.029633 -0.366392 0.929989 -0.120756 0.922270 0.367199
2.587334 -12.149315 -35.112177 -159.514367 0.992176 0.082537 0.093672 -0.036376 -0.526627 0.849318 -0.119430 0.846080 0.519504
1.872045 -7.166717 -5.181713 -30.978788 0.991719 0.127645 0.014142 0.040061 -0.412099 0.910258 -0.122018 0.902154 0.413800
3.986344 -21.540956 -40.765036 -316.348966 0.998290 -0.005794 0.058172 -0.048323 -0.641786 0.765359 -0.032899 0.766862 0.640969
4.073910 -12.523904 -38.122890 -184.531466 0.996635 0.056297 -0.059570 0.075003 -0.333326 0.939823 -0.033053 0.941129 0.336427
-2.622292 -7.158361 76.593192 -95.535306 0.261248 -0.386586 -0.884478 0.964207 0.147546 0.220308 0.045333 -0.910374 0.411295
-1.707149 -7.099552 59.655189 -135.176610 0.372340 -0.360881 -0.855060 0.922586 0.043677 0.383311 -0.100983 -0.931589 0.349206
-1.070091 -5.988749 107.357328 -16.002151 0.325181 -0.187592 -0.926859 0.933983 0.217212 0.283717 0.148102 -0.957929 0.245841
-4.967974 -5.584892 -2.594072 -87.773573 0.741792 0.666166 0.077252 0.565584 -0.559536 -0.605834 0.360360 -0.493095 0.791832
-4.371198 -4.856440 9.829276 -18.492315 0.838718 0.542343 -0.049161 0.327633 -0.574655 -0.749952 0.434982 -0.612891 0.659663
-4.915498 -5.328086 -34.442224 -41.016958 0.867257 0.145794 -0.476036 -0.132313 -0.854281 -0.502691 0.479957 -0.498948 0.721590
3.251614 -7.618242 0.980334 11.560167 -0.495944 0.361045 0.789738 0.187016 0.932532 -0.308883 -0.847977 -0.005495 -0.530005
3.260743 -8.084172 2.903300 19.399617 -0.532220 0.339969 0.775347 0.356230 0.920738 -0.159192 -0.768011 0.191476 -0.611142
3.439381 -7.523951 -17.870455 28.980446 -0.481955 0.314430 0.817835 0.336012 0.928356 -0.158907 -0.809207 0.198216 -0.553078
-2.594853 -3.896292 67.046605 -3.342266 0.509584 -0.131986 -0.850238 0.636324 0.722946 0.269150 0.579152 -0.678181 0.452387
-0.757858 -3.657579 94.398070 -8.210991 0.398980 -0.169504 -0.901157 0.678208 0.715968 0.165601 0.617129 -0.677244 0.400616
-2.389541 -4.111530 62.601230 -21.543905 0.590222 0.000644 -0.807241 0.504725 0.780132 0.369658 0.629992 -0.625615 0.460126
-3.278773 -4.855067 -13.638775 32.005503 0.822083 0.271482 -0.500476 -0.140604 -0.754982 -0.640494 0.551733 -0.596908 0.582487
-0.803752 -4.305140 32.619754 3.149745 -0.633082 0.588776 0.502544 0.295763 -0.415972 0.859937 -0.715354 -0.693044 -0.089206
-1.223707 -4.315549 17.894552 -7.747062 -0.670285 0.565864 0.480121 0.168084 -0.514396 0.840919 -0.722818 -0.644356 -0.249679
-1.563469 -4.410413 -24.143813 3.855956 0.669117 -0.558387 -0.490394 -0.271759 0.430328 -0.860793 -0.691686 -0.709241 -0.136193
-0.384362 -4.187829 -1.011066 -3.082765 0.699012 -0.181377 -0.691726 0.710884 0.071241 0.699692 -0.077629 -0.980830 0.178737
-0.335274 -4.175716 -0.788700 -0.369663 0.714825 -0.195535 -0.671411 -0.695022 -0.092563 -0.713006 -0.077270 -0.976319 0.202067
-0.283200 -4.208224 -0.874299 -2.040910 0.702572 -0.178269 -0.688921 -0.683961 0.098084 -0.722895 -0.196442 -0.979081 0.053018
-0.295821 -4.094386 0.548462 -0.885897 0.690667 -0.159329 -0.705403 0.698560 -0.105327 0.707757 -0.187064 -0.981591 0.038555
-0.384782 -4.213613 0.406613 -7.561298 0.681498 -0.163621 -0.713295 0.728301 0.056157 0.682953 -0.071689 -0.984924 0.157436
1.299546 -6.291208 -7.484921 81.123989 -0.666712 0.358597 0.653378 0.202887 0.930862 -0.303863 -0.717170 -0.070027 -0.693371
1.359750 -5.178987 -7.344933 80.897114 -0.610154 0.422100 0.670480 0.334645 0.904372 -0.264810 -0.718139 0.062798 -0.693060
1.516714 -6.891404 -2.170993 94.977865 -0.609657 0.389222 0.690525 0.225189 0.920295 -0.319918 -0.760005 -0.039542 -0.648713
1.456577 -7.637675 -5.373659 60.542798 -0.663289 0.340179 0.666577 0.076258 0.916801 -0.391996 -0.744468 -0.209175 -0.634045
-0.734956 -7.428398 6.215165 -1.747625 0.583604 -0.159149 -0.796290 0.809710 0.039844 0.585476 -0.061450 -0.986450 0.152117
-0.924918 -7.306041 4.626770 -4.063034 0.564425 -0.205747 -0.799433 0.820134 0.029689 0.571400 -0.093830 -0.978155 0.185497
-0.804755 -7.498566 5.587168 5.962647 0.601476 -0.168626 -0.780892 0.762340 -0.171133 0.624140 -0.238882 -0.970711 0.025618
-0.564311 -7.745894 5.335051 10.827434 0.617360 -0.137482 -0.774574 0.757436 -0.162089 0.632470 -0.212503 -0.977152 0.004067
-0.235139 -7.302891 5.906056 -4.620535 -0.390033 0.307666 0.867880 0.056252 0.948729 -0.311046 -0.919081 -0.072498 -0.387343
-0.542556 -6.935493 7.955275 38.756965 -0.392538 0.320060 0.862250 0.051082 0.943638 -0.327015 -0.918316 -0.084321 -0.386763
-0.227216 -7.233156 9.481766 34.204205 -0.370093 0.345900 0.862197 -0.065066 0.916167 -0.395481 -0.926713 -0.202464 -0.316561
5.851677 -5.079051 -25.894023 -18.629663 0.035999 0.977264 0.208946 0.347418 0.183802 -0.919520 0.937019 -0.105694 0.332903
4.077637 -4.898863 -47.128930 -27.122281 0.192359 0.968997 0.155055 0.419062 0.061762 -0.905855 0.887347 -0.239227 0.394189
4.092961 -4.404634 13.753580 -35.502548 0.003321 0.983602 0.180322 0.540596 0.149936 -0.827814 0.841276 -0.100231 0.531233
4.809971 -4.485094 30.965351 -26.010334 -0.121730 0.964374 0.234870 0.476931 0.264354 -0.838245 0.870471 -0.009977 0.492119
2.950001 -3.564782 29.065375 -32.461936 -0.142604 0.964609 0.221795 0.626142 0.261467 -0.734562 0.766557 -0.034124 0.641269
2.595380 -3.161851 17.089110 -35.597308 -0.031414 0.982967 0.181077 0.679195 0.153906 -0.717640 0.733285 -0.100443 0.672461
-0.439301 -3.874958 -1.354153 -17.623113 0.650257 -0.378692 -0.658603 0.721796 0.037497 0.691089 -0.237014 -0.924763 0.297721
-0.661134 -4.543373 4.105382 -18.838800 0.684169 -0.370244 -0.628356 0.718545 0.194616 0.667696 -0.124922 -0.908319 0.399188
-0.479735 -3.984311 -0.220415 21.367650 0.686943 -0.387406 -0.614838 -0.682071 -0.051749 -0.729453 -0.250777 -0.920456 0.299787
-0.857588 -9.809786 6.756631 2.137356 0.877032 -0.398129 -0.268902 -0.274350 0.044444 -0.960602 -0.394395 -0.916252 0.070248
-0.883627 -9.710826 -1.072639 -10.198333 0.856936 -0.428407 -0.286578 -0.272708 0.094949 -0.957400 -0.437368 -0.898583 0.035465
-0.984464 -10.220532 4.188968 -37.911071 0.881148 -0.406864 -0.240913 -0.174859 0.192996 -0.965493 -0.439320 -0.892868 -0.098914
-0.860791 -10.906199 7.626123 -17.565478 0.894822 -0.387972 -0.220841 -0.182740 0.133016 -0.974122 -0.407307 -0.912022 -0.048127
-1.008034 -10.249803 -0.549312 -27.678849 0.882379 -0.420395 -0.211368 -0.056828 0.350705 -0.934760 -0.467096 -0.836824 -0.285565
-0.959981 -10.862634 5.031727 -19.556114 0.895957 -0.393717 -0.205543 -0.083847 0.304526 -0.948806 -0.436154 -0.867324 -0.239830
0.736677 -6.056994 -2.520907 -64.211756 0.797722 -0.548439 -0.250706 -0.142995 0.231849 -0.962184 -0.585826 -0.803406 -0.106527
0.749667 -5.219179 -7.142858 -31.090144 0.798385 -0.560005 -0.221305 -0.105603 0.231610 -0.967060 -0.592815 -0.795457 -0.125776
1.202683 -5.919676 -29.458969 56.542568 0.787004 -0.596274 -0.158376 -0.104908 0.123630 -0.986767 -0.607964 -0.793204 -0.034744
1.334407 -6.250065 6.866228 7.722779 0.801763 -0.561818 -0.203805 -0.166572 0.117433 -0.979011 -0.573960 -0.818883 -0.000570
0.737378 -6.928181 19.500797 -109.628633 0.799374 -0.514485 -0.310333 -0.209701 0.245125 -0.946541 -0.563051 -0.821717 -0.088058
12.842605 -11.784026 362.600008 -127.051231 -0.301755 0.804498 0.511593 0.278658 0.587598 -0.759657 0.911753 0.086671 0.401491
35.385879 -6.453347 1385.154921 9.741211 0.134300 0.986312 -0.095662 0.375350 -0.139976 -0.916253 0.917102 -0.087146 0.389012
4.644878 -7.168389 69.757138 -48.604136 -0.174812 0.857420 0.484017 0.526507 0.496803 -0.689911 0.832004 -0.134233 0.538284
80.296462 -2.619171 3739.678873 283.750088 -0.117225 0.992972 0.016250 0.235878 0.043733 -0.970798 0.964686 0.109969 0.239347
4.005732 -11.178347 -25.679237 -169.691833 0.402639 -0.628636 -0.665356 0.377002 0.776254 -0.505272 0.834117 -0.047399 0.549547
55.236621 -10.132268 2560.688517 118.766131 -0.449131 0.828376 0.334775 0.107524 0.422082 -0.900158 0.886972 0.368293 0.278641
12.303497 -14.105059 -363.430259 -232.364643 0.450472 -0.676758 -0.582300 0.188752 0.709674 -0.678775 0.872610 0.195859 0.447428
2.436710 -8.386035 128.471572 -284.110417 -0.621786 0.655010 0.429353 0.675729 0.171520 0.716918 0.395946 0.735896 -0.549258
-2.318879 -7.500853 -258.670636 -371.845990 0.837336 -0.540390 -0.082749 0.350999 0.415368 0.839207 0.419128 0.731743 -0.537479
5.371873 -10.715379 160.551861 310.844024 0.674297 0.092190 0.732683 -0.598794 0.648909 0.469428 0.432169 0.755260 -0.492760
-46.471540 -242.655397 3090.746141 -41164.210508 0.936093 -0.144881 0.320531 0.330874 0.671951 -0.662574 0.119386 -0.726286 -0.676946
-54.775939 -230.893203 -1312.580231 6862.627708 0.902801 -0.188508 -0.386543 -0.418940 -0.182435 -0.889498 -0.097159 -0.964978 0.243676
-100.587106 -200.822650 -2033.439101 8567.096181 0.926365 -0.061115 -0.371636 -0.091458 0.920709 -0.379383 -0.365354 -0.385436 -0.847323
-53.754482 -222.868325 -1639.990870 -9277.477828 0.895410 -0.442629 0.048168 0.386604 0.826586 0.409015 0.220857 0.347615 -0.911255
-49.639661 -367.875677 -1254.518329 12915.642194 0.969364 -0.161254 -0.185283 0.241743 0.759938 0.603369 -0.043508 0.629676 -0.775639
0.340263 -2.122153 14.819148 19.229541 -0.573482 0.809090 0.128423 0.621156 0.531662 -0.575761 0.534120 0.250418 0.807469
0.474864 -2.063696 8.645951 10.982622 -0.573675 0.806541 0.142790 0.634653 0.547901 -0.544996 0.517796 0.222028 0.826191
0.057745 -2.382141 14.133162 -0.690142 -0.631352 0.753893 0.181772 0.598454 0.622714 -0.504064 0.493202 0.209460 0.844321
-0.229127 -2.477420 18.340959 8.022795 -0.629505 0.756050 0.179199 0.582219 0.611710 -0.535567 0.514533 0.232809 0.825261
-0.140962 -6.617488 11.490552 13.009374 0.787550 -0.351286 -0.506323 -0.322611 0.465017 -0.824428 -0.525059 -0.812624 -0.252895
-0.428780 -6.602964 20.900776 3.602204 0.776199 -0.329303 -0.537657 -0.445772 0.316430 -0.837353 -0.445873 -0.889625 -0.098819
-0.773105 -6.257968 23.381181 -1.125034 0.792332 -0.352147 -0.498200 -0.344007 0.416529 -0.841524 -0.503855 -0.838150 -0.208888
-24.139691 -228.000635 -906.345861 7266.203106 0.868589 -0.065790 0.491147 0.466984 0.440242 -0.766885 0.165770 -0.895465 -0.413112
-38.819866 -250.388871 -1901.509761 14072.088254 0.821018 -0.007627 0.570852 0.328153 0.824527 -0.460945 0.467167 -0.565771 -0.679454
-17.210895 -330.351291 -104.742731 -2311.584686 0.854266 0.052624 0.517166 0.494781 0.222829 -0.839964 0.159442 -0.973436 -0.164318
-2.552736 -51.464517 22.343739 1198.166613 -0.601563 0.317173 -0.733160 0.610514 0.774435 -0.165902 0.515165 -0.547404 -0.659510
-1.925198 -40.031697 -18.668767 951.771786 0.642524 -0.250844 0.724044 0.563374 0.795123 -0.224475 0.519396 -0.552138 -0.652205
-2.943835 -148.884697 36.794028 4352.470942 -0.670046 0.250721 -0.698697 0.733015 0.372036 -0.569454 0.117166 -0.893716 -0.433064
0.378146 -213.734798 39.759504 6527.633264 -0.629460 0.184019 -0.754929 0.751589 0.390775 -0.531421 0.197216 -0.901904 -0.384284
-3.521545 -96.573195 21.028283 -672.018600 0.766031 -0.197112 0.611836 0.592764 -0.151575 -0.790984 -0.248651 -0.968593 -0.000730
-5.297406 -6.791497 -26.653796 24.273838 0.712247 -0.111250 -0.693056 -0.131303 0.948815 -0.287244 0.689538 0.295589 0.661184
-3.807781 -5.568717 -4.897996 29.473097 0.736320 -0.555283 -0.386645 0.203184 0.726505 -0.656435 0.645406 0.404785 0.647765
4.084304 -6.940753 -18.676871 38.255395 -0.424596 0.187166 0.885826 0.872750 0.344924 0.345449 -0.240887 0.919781 -0.309802
4.416690 -7.184088 -20.566920 41.176379 -0.469969 0.171785 0.865806 0.815126 0.460812 0.351029 -0.338672 0.870713 -0.356594
4.290059 -7.197757 13.065902 63.396560 -0.499679 0.238246 0.832802 0.813214 0.460156 0.356286 -0.298335 0.855275 -0.423676
3.952505 -5.967814 20.877616 55.254621 -0.475348 0.227412 0.849899 0.861961 0.313913 0.398099 -0.176261 0.921815 -0.345238
3.636515 -5.921347 -13.120785 10.598217 -0.387841 0.195095 0.900843 0.910627 0.232320 0.341740 -0.142612 0.952872 -0.267762
3.460956 0.068181 -112.234977 -7.450489 0.709339 -0.635254 0.305433 -0.255423 0.172211 0.951369 0.656960 0.752858 0.040103
3.000920 -0.383778 -89.261676 -46.171785 0.646058 -0.662526 0.379036 -0.293280 0.242997 0.924629 0.704696 0.708528 0.037315
1.185875 -1.030142 -76.434175 -25.911088 0.764723 -0.642152 0.053293 -0.058106 0.013646 0.998217 0.641734 0.766456 0.026878
4.030329 -0.548322 88.729901 26.953463 -0.629788 0.668613 -0.395378 0.297169 -0.262891 -0.917921 0.717675 0.695590 0.033126
0.356978 -0.930523 -60.335855 -40.392202 0.770457 -0.637233 0.018158 -0.030634 -0.008558 0.999494 0.636755 0.770624 0.026115
1.879368 -1.953087 -85.381808 53.896225 0.716824 -0.624549 0.310003 -0.252440 0.181979 0.950346 0.649952 0.759488 0.027214
4.658115 -1.889613 -139.722080 77.665431 0.693447 -0.649459 0.311983 -0.263610 0.174292 0.948753 0.670552 0.740152 0.050342
0.227334 -13.720408 -13.170225 77.733183 0.724717 -0.219069 -0.653294 -0.014604 0.943018 -0.332422 0.688891 0.250453 0.680222
0.100763 -13.588900 -12.011263 15.254451 0.722921 -0.220423 -0.654827 0.156326 0.975351 -0.155733 0.673013 0.010216 0.739560
-0.404400 -13.033289 -9.651688 35.783450 0.721283 -0.207520 -0.660822 -0.012958 0.949853 -0.312429 0.692519 0.233912 0.682424
0.402954 -14.569421 -17.429918 69.381339 0.740696 -0.230673 -0.630999 0.161009 0.972787 -0.166619 0.652262 0.021818 0.757680
-0.245941 -11.947964 -12.660365 83.892951 0.723309 -0.210016 -0.657813 -0.183770 0.859727 -0.476548 0.665622 0.465578 0.583253
0.309544 -11.802707 -13.921971 85.075170 0.727312 -0.221135 -0.649705 -0.179231 0.852616 -0.490838 0.662491 0.473439 0.580484
0.466535 -13.745565 -16.713565 108.759487 0.740414 -0.214856 -0.636887 -0.031324 0.935475 -0.352001 0.671421 0.280576 0.685908
1.945084 -0.568329 -65.865891 -19.830239 0.059118 0.900558 -0.430697 -0.697085 0.346076 0.627937 -0.714547 -0.263110 -0.648225
2.098862 -0.941342 -63.321378 -17.389872 0.034221 0.910750 -0.411537 -0.675628 0.324513 0.661981 -0.736448 -0.255392 -0.626433
0.830888 -1.331013 -37.003280 -13.147164 -0.063704 0.945124 -0.320441 -0.644373 0.206234 0.736377 -0.762054 -0.253394 -0.595874
-0.698293 -4.542728 0.474120 32.813531 0.755452 -0.174698 -0.631485 0.434922 -0.587131 0.682730 0.490036 0.790416 0.367569
-0.820435 -5.210471 4.707927 15.297520 0.770442 -0.238776 -0.591105 0.478141 -0.396850 0.783512 0.421664 0.886282 0.191582
-0.648464 -5.243598 10.035062 10.728385 0.764459 -0.291808 -0.574848 0.469415 -0.359226 0.806602 0.441873 0.886456 0.137634
-0.249049 -4.040176 -5.241289 -0.785079 0.623333 -0.261906 -0.736791 0.779393 0.284333 0.558303 0.063271 -0.922258 0.381362
0.134895 -3.979647 -10.943429 -5.904982 0.582864 -0.284082 -0.761293 0.808802 0.292955 0.509919 0.078166 -0.912949 0.400518
1.546879 -5.922332 23.723129 -46.162747 -0.434589 0.257699 0.862974 -0.368082 0.823692 -0.431332 -0.821978 -0.505098 -0.263113
1.707382 -6.130826 15.975869 -79.897129 -0.500533 0.233334 0.833680 -0.248634 0.883677 -0.396605 -0.829246 -0.405795 -0.384295
1.928947 -4.924946 -1.060407 -50.390219 -0.576370 0.137347 0.805564 -0.256050 0.905783 -0.337634 -0.776039 -0.400866 -0.486898
-0.115229 -7.492813 5.312336 -80.354743 0.644906 -0.259208 -0.718963 -0.577899 -0.780998 -0.236799 0.500129 -0.568201 0.653466
-0.239306 -6.918094 4.688912 -81.000959 0.649908 -0.266488 -0.711762 -0.569030 -0.791428 -0.223264 0.503811 -0.550114 0.665995
-0.258856 -8.264379 3.055018 -85.088574 0.669727 -0.250174 -0.699199 -0.646337 -0.660002 -0.382943 0.365671 -0.708385 0.603718
-3.019064 -6.226605 63.363012 46.627581 -0.594276 -0.626743 0.504014 0.800749 -0.519590 0.298040 0.075086 0.580706 0.810643
-1.907939 -4.645358 74.888372 38.543675 -0.417512 -0.763086 0.493339 0.891854 -0.448101 0.061662 0.174013 0.465731 0.867649
-2.806742 -4.731494 63.996631 39.081365 -0.368209 -0.752556 0.545968 0.896025 -0.443938 -0.007627 0.248116 0.486393 0.837771
0.344513 -3.917640 1.870206 -2.961030 0.627931 -0.324332 -0.707468 -0.081235 0.876749 -0.474038 0.774018 0.355134 0.524191
0.033604 -4.213319 -16.312214 -0.479793 0.646781 -0.288931 -0.705828 -0.090153 0.890011 -0.446937 0.757329 0.352702 0.549595
0.181233 -3.985855 -19.294057 17.652191 0.651528 -0.327075 -0.684495 -0.162379 0.821248 -0.546978 0.741043 0.467519 0.481956
-0.514048 -4.185250 -37.434633 21.165854 0.661046 -0.305313 -0.685421 -0.168960 0.829447 -0.532419 0.731075 0.467762 0.496717
-0.615673 -4.557805 -37.723303 5.866184 0.660290 -0.272855 -0.699691 -0.090991 0.895737 -0.435173 0.745479 0.351006 0.566619
-2.726640 -3.831750 27.925378 57.939514 -0.652500 0.690126 0.313001 -0.232549 0.210757 -0.949475 0.721224 0.692321 -0.022969
-2.803722 -4.863511 44.056419 31.128178 -0.700322 0.708553 0.086612 -0.000226 0.121115 -0.992638 0.713827 0.695187 0.084660
0.080505 -5.428470 -5.707605 -0.818892 0.784423 -0.259438 -0.563359 -0.269231 0.675840 -0.686115 -0.558745 -0.689878 -0.460296
0.162731 -5.418139 6.432562 3.480403 -0.786572 0.274361 0.553200 -0.131002 0.801338 -0.583691 -0.603443 -0.531585 -0.594368
-0.124595 -5.564108 -0.950419 -1.392332 0.784619 -0.229991 -0.575740 -0.275618 0.702436 -0.656216 -0.555344 -0.673564 -0.487755
0.464491 -17.212930 9.805192 -54.825063 0.916097 -0.162968 -0.366345 0.232973 -0.527268 0.817136 0.326329 0.833924 0.445062
3.503639 -9.217580 70.809320 161.534224 0.581436 -0.268429 -0.768035 0.283195 0.951745 -0.118246 0.762714 -0.148751 0.629397
3.031901 -11.139283 28.769008 165.726939 0.622638 -0.293747 -0.725283 0.400222 0.916008 -0.027412 0.672417 -0.273206 0.687905
3.088764 -10.219766 -10.509814 204.117295 0.707147 -0.260225 -0.657439 0.340712 0.940151 -0.005653 0.619563 -0.220000 0.753487
-0.881406 -13.547587 -5.825531 -271.068102 0.860661 -0.023274 -0.508647 0.447268 0.511964 0.733378 -0.243340 0.858691 -0.451037
0.944207 -1.498363 1.560325 -7.006811 0.537275 0.077287 -0.839859 -0.507161 0.825249 -0.248499 0.673887 0.559456 0.482582
1.145857 -1.219504 -0.048307 -2.596070 0.547391 0.058683 -0.834817 -0.465078 0.850647 -0.245157 0.695748 0.522452 0.492929
0.929006 -1.372929 -0.493113 -3.640824 0.606415 0.027027 -0.794689 -0.449715 0.835878 -0.314743 0.655756 0.548249 0.519044
0.540193 -1.822808 -0.823124 -13.331888 0.626171 0.006306 -0.779660 -0.453216 0.816620 -0.357389 0.634432 0.577141 0.514202
0.620582 -1.848961 -4.683352 -14.247907 0.702694 -0.075827 -0.707440 -0.358589 0.821043 -0.444188 0.614520 0.565809 0.549751
0.955482 -1.349059 -1.776716 -6.648241 0.666070 -0.027000 -0.745400 -0.378841 0.848603 -0.369260 0.642519 0.528341 0.555000
-1.874204 -5.004818 -17.431748 -5.616486 -0.624600 0.347096 0.699570 0.760445 0.474220 0.443664 -0.177756 0.809098 -0.560146
-1.998023 -5.000436 -16.859201 5.523628 -0.665950 0.314469 0.676476 0.703470 0.566516 0.429172 -0.248274 0.761688 -0.598491
-2.289133 -4.886652 -10.152883 -10.290366 -0.550867 0.340048 0.762177 0.794520 0.493250 0.354178 -0.255506 0.800670 -0.541890
-2.171260 -5.283215 -13.980236 -23.121973 -0.561251 0.333417 0.757516 0.812506 0.396226 0.427597 -0.157580 0.855475 -0.493285
-1.747065 -5.318146 -18.176018 -26.957424 -0.596671 0.363851 0.715260 0.796677 0.375626 0.473509 -0.096384 0.852360 -0.513997
0.720788 -19.191921 13.440003 -16.568480 0.952380 -0.153211 -0.263627 0.304836 0.498044 0.811805 -0.006920 0.853509 -0.521031
0.361220 -19.662284 9.749434 75.436155 0.962645 -0.107109 -0.248680 0.238625 0.769618 0.592238 -0.127954 0.629456 -0.766428
0.117224 -17.185666 18.740166 40.398576 0.967493 -0.125342 -0.219651 0.228842 0.803611 0.549401 -0.107651 0.581807 -0.806171
0.360493 -3.223638 7.559196 6.697920 0.634282 -0.447636 -0.630324 0.633384 -0.166617 0.755688 0.443296 0.878556 -0.177843
0.266028 -3.013587 7.003132 9.891876 0.608131 -0.434314 -0.664491 0.607730 -0.283825 0.741693 0.510726 0.854877 -0.091343
0.525731 -3.121059 -8.074798 9.495017 -0.591234 0.419716 0.688681 0.629411 -0.293785 0.719397 0.504266 0.858795 -0.090478
-1.316085 -3.507728 7.597496 3.317828 -0.248498 0.587960 0.769774 0.381497 0.789877 -0.480160 -0.890342 0.174348 -0.420588
-1.421496 -3.837305 14.139455 8.006645 -0.295326 0.554062 0.778330 0.382339 0.815127 -0.435184 -0.875557 0.169064 -0.452568
-1.568907 -3.743500 10.562277 -7.908621 -0.318965 0.453324 0.832321 0.234502 0.888635 -0.394129 -0.918298 0.069467 -0.389748
4.708059 0.614388 -151.489861 1.651994 -0.016461 0.867031 -0.497982 -0.698306 0.346488 0.626350 -0.715610 -0.358054 -0.599750
0.281802 -2.575787 12.745052 6.016974 0.121617 0.966151 -0.227511 -0.723730 0.243180 0.645816 -0.679282 -0.086115 -0.728807
0.056095 -2.314242 10.945917 6.764023 0.121353 0.963576 -0.238315 -0.666541 0.257012 0.699763 -0.735525 -0.073928 -0.673452
0.123798 -2.144252 -2.308429 6.937882 0.156096 0.931390 -0.328858 -0.618936 0.351700 0.702300 -0.769774 -0.093916 -0.631370
1.299148 -27.430705 23.461179 1153.307015 0.692980 -0.461163 -0.554172 0.628731 0.762722 0.151503 -0.352812 0.453413 -0.818499
1.749101 -18.023896 11.790715 467.749497 0.742763 -0.451456 -0.494460 -0.646655 -0.675174 -0.354932 0.173611 -0.583375 0.793431
1.928079 -16.186843 15.614221 344.061863 0.710732 -0.433379 -0.554114 -0.623901 -0.752220 -0.211924 0.324973 -0.496334 0.805013
1.812461 -16.805927 13.085999 -173.588300 0.691491 -0.445696 -0.568502 0.529994 0.847766 -0.019982 0.490862 -0.287486 0.822439
2.022470 -20.363455 17.441924 -192.097444 0.683838 -0.466392 -0.561110 0.434556 0.878097 -0.200267 0.586112 -0.106883 0.803150
2.225828 -24.190154 15.041263 -49.772835 0.723825 -0.473955 -0.501442 0.297249 0.870044 -0.393277 0.622672 0.135611 0.770642
1.706232 -10.111703 -8.513431 -130.519681 0.991875 0.047455 0.118033 -0.071244 -0.561473 0.824423 -0.105395 0.826133 0.553530
2.628268 -17.367100 -39.396956 -287.053432 0.984480 0.019926 0.174363 -0.106323 -0.722723 0.682910 -0.139624 0.690850 0.709388
-1.169980 -6.195776 61.240565 -103.790257 0.382927 -0.320050 -0.866565 0.913874 -0.005748 0.405956 -0.134908 -0.947383 0.290285
-4.839701 -5.883789 -12.519691 -84.900223 -0.524690 -0.763683 -0.376149 0.802101 -0.295468 -0.518973 0.285191 -0.574009 0.767580
-4.340740 -4.991771 6.739928 56.067293 -0.104086 -0.690160 -0.716132 0.920635 0.205569 -0.331923 0.376294 -0.693845 0.613989
0.879898 -3.286723 95.668502 -2.585991 0.364605 -0.205661 -0.908167 0.710202 0.692194 0.128375 0.602226 -0.691788 0.398438
1.009111 -3.383291 81.849550 -11.381838 0.450516 -0.129593 -0.883313 0.614647 0.762604 0.201605 0.647491 -0.633752 0.423219
-1.204170 -3.523693 75.319714 -6.911474 0.318190 -0.268605 -0.909179 0.793997 0.599514 0.100761 0.518000 -0.753946 0.404031
0.325830 -3.311968 77.400093 0.114767 0.320496 -0.252243 -0.913047 0.768466 0.632811 0.094923 0.553843 -0.732069 0.396653
-2.247297 -4.367073 -22.889328 -6.967020 0.643303 -0.486233 -0.591388 -0.600673 0.158408 -0.783644 -0.474714 -0.859351 0.190163
-2.399057 -4.412933 13.172046 -5.989367 0.701757 -0.417446 -0.577300 -0.574747 0.147077 -0.805005 -0.420954 -0.896720 0.136714
-2.244514 -4.173898 -18.946474 7.135231 0.635808 -0.466721 -0.614752 0.674171 -0.052003 0.736742 -0.375822 -0.882875 0.281586
-2.453793 -4.526348 5.957111 -4.479289 0.699656 -0.437942 -0.564524 -0.500637 0.263213 -0.824670 -0.509748 -0.859608 0.035092
-2.133890 -4.459074 -27.088970 -5.764324 0.653663 -0.511870 -0.557418 -0.504085 0.254891 -0.825184 -0.564467 -0.820378 0.091413
-0.247604 -4.277650 -0.433368 -3.516659 0.717516 -0.192784 -0.669332 -0.667998 0.081821 -0.739652 -0.197358 -0.977824 0.070071
1.100465 -4.153910 -12.464265 19.824110 -0.619657 0.433783 0.654108 0.390665 0.893286 -0.222309 -0.680739 0.117782 -0.722995
1.577958 -4.250887 -9.369065 71.111354 -0.538193 0.494269 0.682676 0.467245 0.849098 -0.246405 -0.701449 0.186363 -0.687923
1.102272 -4.972949 -8.077524 48.870810 -0.669043 0.371415 0.643764 0.285798 0.928145 -0.238467 -0.686076 0.024442 -0.727119
-0.819566 -7.835297 5.294352 -25.743378 0.547158 -0.201158 -0.812498 0.830918 0.247617 0.498257 0.100960 -0.947745 0.302632
-0.898750 -7.798302 2.547475 -26.520623 0.529040 -0.251866 -0.810358 0.845494 0.238034 0.477996 0.072502 -0.938032 0.338881
-1.014601 -7.212079 1.530968 -7.587973 0.540997 -0.259191 -0.800089 0.831004 0.018325 0.555965 -0.129439 -0.965652 0.225302
-1.102202 -6.942195 5.024952 -1.891606 -0.479368 0.248890 0.841582 0.159238 0.967693 -0.195484 -0.863047 0.040303 -0.503513
-1.144984 -6.931485 5.018750 24.535191 -0.472189 0.272863 0.838202 0.036094 0.956072 -0.290900 -0.880758 -0.107106 -0.461296
-0.889775 -7.136422 8.378963 -8.589591 -0.424904 0.257212 0.867928 0.157929 0.965143 -0.208706 -0.891356 0.048391 -0.450714
-1.265693 -6.800759 0.296597 19.591258 -0.537814 0.249170 0.805401 0.027495 0.960002 -0.278640 -0.842615 -0.127712 -0.523153
-0.858670 -7.278164 8.004364 -32.408321 -0.438958 0.231037 0.868296 0.276160 0.954290 -0.114308 -0.855015 0.189612 -0.482696
-1.084778 -7.082281 4.766385 -22.952850 -0.490935 0.231568 0.839856 0.282778 0.954187 -0.097795 -0.824026 0.189482 -0.533926
-1.246547 -6.763663 0.261513 -2.163634 -0.543130 0.243470 0.803575 0.155157 0.969657 -0.188921 -0.825189 0.022072 -0.564426
2.379710 -5.044236 -103.380746 -21.319437 0.352236 0.931054 0.095232 0.330921 -0.028718 -0.943221 0.875455 -0.363751 0.318221
1.823707 -4.579750 -78.991072 -28.588300 0.308278 0.940643 0.141972 0.480493 -0.025161 -0.876638 0.821031 -0.338465 0.459729
