14355
28695
-4.578176 -6.328447 -24.690908 -55.883087 0.911193 -0.411823 -0.011385 -0.335495 -0.725705 -0.600663 -0.239105 -0.551139 0.799421
-6.312501 -7.714533 -11.909588 -84.283461 0.955351 -0.176831 0.236718 0.026412 -0.746833 -0.664487 -0.294291 -0.641070 0.708817
-5.040297 -8.884734 44.676658 -192.463147 0.913202 0.127649 0.387000 0.333726 -0.779254 -0.530461 -0.233859 -0.613570 0.754216
-4.550769 -6.794836 1.415513 -65.387281 0.757364 -0.634376 -0.154812 -0.568907 -0.524649 -0.633315 -0.320537 -0.567724 0.758251
-3.504320 -7.502827 61.471447 -132.535300 0.963972 0.082663 0.252834 0.202690 -0.843795 -0.496917 -0.172264 -0.530261 0.830150
-3.706120 -5.167222 14.988174 -28.281349 0.910639 -0.412049 -0.030861 -0.369134 -0.777684 -0.508870 -0.185679 -0.474789 0.860290
-3.681903 -5.851181 17.369226 -46.133197 0.706828 -0.676898 -0.205434 -0.662524 -0.531695 -0.527601 -0.247904 -0.509027 0.824278
3.714825 -12.971205 273.842472 80.205326 0.996967 -0.054859 0.055198 0.060656 0.103397 -0.992789 -0.048756 -0.993126 -0.106411
-2.037488 -9.325210 326.549653 58.217983 0.998856 0.014589 0.045534 0.043834 0.101005 -0.993920 0.019100 -0.994779 -0.100250
3.720078 -12.499575 569.068188 385.838608 0.970349 0.171138 0.170689 0.088279 0.406468 -0.909390 0.225011 -0.897494 -0.379308
13.261248 -42.287410 520.156514 2499.412330 0.990477 -0.076229 0.114647 0.136737 0.641829 -0.754559 0.016065 -0.763050 -0.646140
-0.559270 -5.457962 67.902079 15.291167 0.842231 -0.358344 -0.402785 -0.536471 -0.630992 -0.560400 0.053338 -0.688069 0.723682
-0.731579 -5.229076 69.331399 17.735217 0.824031 -0.374654 -0.424978 -0.566386 -0.527047 -0.633584 -0.013391 -0.762795 0.646502
0.657061 -5.134745 51.973911 23.517327 0.855763 -0.347639 -0.383167 -0.517042 -0.600928 -0.609551 0.018352 -0.719745 0.693996
-1.887385 -5.370048 68.366414 18.503884 0.813450 -0.407258 -0.415259 -0.581332 -0.546236 -0.603059 -0.018771 -0.731962 0.681087
-0.338340 -14.671139 -22.949216 -178.870227 -0.158470 0.786521 0.596886 0.585640 -0.411830 0.698156 -0.794930 -0.460197 0.395355
0.213689 -14.365792 -28.762001 -154.182811 -0.146436 0.770832 0.619979 0.609370 -0.423412 0.670366 -0.779246 -0.475963 0.407720
-0.528301 -16.825579 -17.674855 -176.035009 -0.161064 0.794456 0.585575 0.749541 -0.287526 0.596253 -0.642064 -0.534948 0.549167
-0.938206 -17.306419 -16.783635 -210.058771 -0.170966 0.805479 0.567427 0.665336 -0.330386 0.669458 -0.726704 -0.491984 0.479429
-0.866945 -7.457324 11.109658 26.227244 0.962414 -0.265199 -0.058551 -0.224032 -0.653361 -0.723138 -0.153521 -0.709076 0.688217
-0.802152 -7.892326 0.367020 25.807420 0.960027 -0.267639 -0.081955 -0.240006 -0.636438 -0.733037 -0.144030 -0.723405 0.675233
-0.932259 -8.265639 5.997529 15.200037 0.946955 -0.304459 -0.102860 -0.304279 -0.746461 -0.591786 -0.103394 -0.591693 0.799505
-0.679514 -6.978265 -3.458288 44.347761 0.971154 -0.238000 -0.014662 -0.141198 -0.524428 -0.839666 -0.192152 -0.817515 0.542906
-1.125478 -7.925497 18.737226 11.416218 0.943993 -0.315077 -0.097995 -0.310900 -0.749836 -0.584027 -0.110533 -0.581784 0.805798
-1.060837 -7.057102 24.162733 31.301931 0.965861 -0.256437 -0.036768 -0.202938 -0.660742 -0.722660 -0.161022 -0.705451 0.690225
-0.687456 -6.593687 0.413798 37.626772 0.975658 -0.215291 0.041726 -0.084315 -0.543912 -0.834895 -0.202441 -0.811054 0.548825
-0.838288 -5.044567 -33.481978 4.248046 0.927705 -0.358330 -0.104709 -0.048536 -0.393877 0.917881 0.370147 0.846440 0.382793
-1.437704 -5.182606 -18.158880 -33.875158 0.923823 -0.339701 -0.176505 -0.011309 -0.485083 0.874395 0.382652 0.805790 0.451973
-1.258463 -5.059056 -19.060067 -14.354071 0.917306 -0.355688 -0.178985 0.001332 -0.446762 0.894652 0.398180 0.820908 0.409344
0.390801 -4.753655 -15.028897 65.184654 0.951597 -0.211426 -0.223075 0.173986 0.968877 -0.176089 0.253361 0.128754 0.958765
-0.406464 -6.719577 -26.264675 151.238096 0.973450 -0.106190 -0.202776 0.075618 0.985331 -0.152985 0.216047 0.133590 0.967201
0.330352 -4.719110 -22.854809 -13.723078 0.970711 -0.132284 -0.200550 0.098133 0.980267 -0.171602 0.219293 0.146895 0.964537
0.128351 -7.844080 -26.908455 211.204272 0.945427 -0.259048 -0.197639 0.236525 0.962817 -0.130535 0.224105 0.076665 0.971545
0.702463 -4.773362 -5.726780 -73.791641 0.956614 -0.175036 -0.232919 0.135288 0.974874 -0.176970 0.258042 0.137781 0.956259
0.871686 -4.909758 -2.097280 -51.950602 0.949251 -0.188236 -0.251973 0.144352 0.972513 -0.182705 0.279438 0.137060 0.950331
0.823768 -5.499099 2.219127 81.414501 0.929329 -0.277560 -0.243532 0.239382 0.955028 -0.174979 0.281147 0.104316 0.953978
0.627739 -10.232280 -29.585397 -59.170595 0.954248 -0.005352 -0.298969 0.133017 0.903061 0.408396 -0.267801 0.429479 -0.862456
0.450942 -10.539098 -31.007928 -15.174539 0.946420 -0.036736 -0.320841 0.128947 0.953860 0.271154 -0.296076 0.297997 -0.907489
1.318950 -10.075679 38.000487 -17.009497 -0.955637 -0.028276 0.293188 0.041849 0.972250 0.230171 -0.291560 0.232230 -0.927934
1.516391 -13.035289 -41.196869 -70.693760 0.930337 -0.150827 -0.334252 -0.107931 0.758501 -0.642672 -0.350463 -0.633978 -0.689382
1.492169 -12.304247 -31.609370 -126.471457 0.934651 -0.149239 -0.322731 -0.164309 0.623649 -0.764241 -0.315326 -0.767326 -0.558373
2.060287 -12.419089 -31.291173 -146.604804 0.937868 -0.120375 -0.325442 -0.184480 0.621385 -0.761477 -0.293888 -0.774203 -0.560571
1.222718 -5.042237 -6.893465 2.991011 0.997139 -0.075457 -0.004429 0.019439 0.312611 -0.949682 -0.073044 -0.946879 -0.313184
1.328330 -5.028019 -7.398983 2.340715 0.995989 -0.079257 0.041522 0.058065 0.219477 -0.973888 -0.068074 -0.972393 -0.223199
1.367242 -5.319156 -22.691562 1.725642 0.998059 -0.062247 -0.001653 0.018553 0.322610 -0.946350 -0.059441 -0.944483 -0.323139
1.658752 -5.596405 -6.847689 8.847699 0.999555 -0.009470 0.028271 0.029809 0.337114 -0.940992 0.000619 -0.941416 -0.337247
1.607884 -5.390787 -20.615360 5.827438 0.998821 -0.044792 -0.018731 0.003220 0.446071 -0.894992 -0.048444 -0.893876 -0.445689
1.189111 -5.292728 -15.890749 -13.449208 0.997263 -0.067501 -0.030175 -0.000590 0.400826 -0.916154 -0.073936 -0.913664 -0.399689
0.354792 -12.899038 -4.996602 53.485178 -0.126471 0.737039 0.663912 -0.203049 -0.674350 0.709946 -0.970967 0.045019 -0.234941
0.784866 -13.161444 -19.254642 78.294677 -0.114029 0.745324 0.656879 -0.217177 -0.663900 0.715591 -0.969449 0.061061 -0.237571
0.563497 -12.039549 -15.176769 84.925308 -0.125734 0.743034 0.657337 -0.014765 -0.663924 0.747655 -0.991954 -0.084300 -0.094449
0.926767 -7.916493 -27.953586 12.522494 -0.006175 -0.914592 -0.404331 0.935485 -0.148144 0.320814 -0.353313 -0.376265 0.856501
0.556295 -8.107456 35.066389 64.263524 0.059100 0.901801 0.428092 0.874791 -0.253370 0.412970 -0.480882 -0.350084 0.803862
-0.014317 -7.777564 39.152892 55.207921 0.012867 0.916307 0.400271 0.880474 -0.200110 0.429792 -0.473920 -0.346898 0.809359
0.216374 -7.343059 -43.792332 16.764945 0.061867 -0.934595 -0.350291 0.937731 -0.065763 0.341079 -0.341807 -0.349580 0.872331
1.252487 -8.009145 -32.801457 -39.302095 0.063426 -0.929420 -0.363532 0.965699 -0.034749 0.257328 -0.251798 -0.367383 0.895336
1.796506 -9.354930 -1.492957 -91.861819 0.055009 -0.910444 -0.409958 0.972706 -0.043833 0.227865 -0.225428 -0.411303 0.883183
-0.717250 -15.836353 -8.876291 21.794221 -0.381538 0.117548 0.916849 0.921486 0.126433 0.367258 -0.072749 0.984986 -0.156558
-0.863325 -14.760619 -9.053092 -10.036730 -0.359240 0.124404 0.924916 0.878068 0.380783 0.289828 -0.316137 0.916258 -0.246028
-0.809711 -16.294912 -5.171570 15.423709 -0.354435 0.099004 0.929825 0.923939 0.190124 0.331948 -0.143918 0.976755 -0.158860
-0.131124 -13.138580 -10.454309 -152.861127 -0.220807 0.754436 0.618119 0.450286 0.641031 -0.621548 0.865151 -0.141088 0.481256
-0.573237 -11.040164 -24.957472 -19.814962 -0.170639 0.786515 0.593529 0.625602 0.551856 -0.551432 0.761252 -0.277217 0.586214
-0.167224 -10.740815 -8.792782 -111.616291 -0.223974 0.752527 0.619305 0.551964 0.621658 -0.555767 0.803226 -0.217357 0.554603
8.377386 -61.374684 184.562834 2136.686822 -0.200049 -0.123050 0.972028 -0.610384 0.791698 -0.025399 -0.766428 -0.598392 -0.233486
6.274489 -44.878245 -179.352165 -420.946782 0.196908 0.043536 -0.979455 0.890963 -0.424864 0.160233 -0.409160 -0.904210 -0.122448
6.235439 -41.298939 -8.328609 -692.068187 0.140352 0.213651 -0.966775 0.829280 -0.558825 -0.003105 -0.540922 -0.801291 -0.255608
5.061970 -127.582943 -110.379990 4999.318793 -0.177021 -0.271090 0.946136 -0.516827 0.843713 0.145046 -0.837588 -0.463312 -0.289461
0.635340 -4.334957 -23.404639 22.699824 0.933172 -0.295879 -0.204074 0.167692 -0.143799 0.975295 0.317915 0.944340 0.084572
1.070453 -3.987049 -19.629931 6.854589 0.913425 -0.300926 -0.274042 0.212830 -0.220768 0.951822 0.346928 0.927742 0.137609
0.735650 -4.319732 -27.057610 8.810264 0.931280 -0.283293 -0.229046 0.164681 -0.233453 0.958321 0.324957 0.930185 0.170757
0.130530 -5.178435 21.393451 -53.045760 0.888958 -0.395420 -0.231077 0.174614 -0.173814 0.969174 0.423395 0.901905 0.085468
-0.299589 -4.926194 20.754500 -48.682670 0.869901 -0.379216 -0.315384 0.267420 -0.174661 0.947618 0.414438 0.908674 0.050528
0.134807 -5.982363 6.084643 -55.625532 0.872470 -0.368590 -0.320838 0.229660 -0.270251 0.934998 0.431338 0.889441 0.151136
-0.610073 -4.247978 25.575120 -35.603132 0.866993 -0.384794 -0.316632 0.298439 -0.107903 0.948310 0.399070 0.916674 -0.021287
-1.161650 -4.935908 17.389145 16.184931 0.661288 -0.304573 -0.685517 0.468037 -0.546630 0.694361 0.586208 0.780020 0.218928
-1.145288 -5.250176 7.942568 5.903540 0.678813 -0.290526 -0.674394 0.531545 -0.439231 0.724248 0.506628 0.850100 0.143728
-1.320794 -5.102565 11.369559 9.155193 0.697917 -0.293146 -0.653435 0.475741 -0.492236 0.728954 0.535334 0.819615 0.204078
-0.759439 -15.658103 9.710439 29.908667 0.943473 -0.175165 -0.281381 -0.327299 -0.626280 -0.707566 0.052282 -0.759665 0.648210
-0.652230 -15.704418 -7.514092 -172.833376 0.944683 -0.191846 -0.266023 -0.300489 -0.831322 -0.467558 0.131451 -0.521631 0.842984
-0.555376 -15.335386 -20.461033 19.879792 0.946670 -0.205208 -0.248407 -0.321840 -0.638912 -0.698720 0.015327 -0.741405 0.670883
-0.693410 -15.272608 -6.877141 184.589137 0.946254 -0.184327 -0.265756 -0.320391 -0.421981 -0.848105 -0.044185 -0.887669 0.458358
2.455372 -2.743963 -38.434316 16.195409 0.974773 -0.113591 -0.192134 -0.189635 -0.875470 -0.444511 0.117715 -0.469733 0.874925
2.783442 -2.435976 0.285932 6.722393 0.966818 -0.018068 -0.254826 -0.141284 -0.868882 -0.474429 0.212842 -0.494689 0.842604
2.807231 -2.314417 -41.064456 21.605941 0.977057 -0.076699 -0.198688 -0.170300 -0.841579 -0.512585 0.127897 -0.534661 0.835332
1.765472 -3.173506 -39.783893 29.278805 0.961910 -0.201961 -0.184233 -0.263110 -0.866862 -0.423465 0.074181 -0.455809 0.886981
2.023880 -3.445978 -49.114390 21.389613 0.958464 -0.198466 -0.204836 -0.261674 -0.897604 -0.354731 0.113460 -0.393597 0.912254
-12.128446 -113.232267 -43.814748 3659.499060 0.034119 0.969108 -0.244264 0.102152 -0.246508 -0.963742 0.994184 -0.007930 0.107407
-10.006501 -83.452014 206.078546 2643.298158 -0.034480 0.843129 -0.536604 0.260879 -0.510715 -0.819214 0.964756 0.168235 0.202345
-27.020962 -1384.543033 -2295.710759 60711.494407 -0.430329 0.885820 -0.173610 0.486947 0.065863 -0.870945 0.760066 0.459332 0.459690
-4.347672 -5.983150 -38.325445 6.283685 0.168519 0.959318 -0.226516 -0.884719 0.248527 0.394343 -0.434596 -0.133949 -0.890609
-3.817502 -5.943832 -47.719079 5.836256 0.131400 0.945138 -0.299079 -0.915989 0.231122 0.327944 -0.379076 -0.230861 -0.896105
-3.728448 -5.936241 -38.438827 -4.565132 0.169470 0.935000 -0.311537 -0.856141 0.296248 0.423391 -0.488163 -0.194967 -0.850696
-2.621443 -6.668317 -6.490102 12.345903 0.941758 0.010182 0.336139 0.333556 -0.155542 -0.929810 -0.042817 -0.987777 0.149879
-2.203159 -6.493210 -6.557986 45.932735 0.962858 -0.021390 0.269159 0.268539 -0.027975 -0.962863 -0.028125 -0.999380 0.021193
-1.909061 -6.183645 67.383943 32.752849 0.982327 0.063747 0.175983 0.179880 -0.061622 -0.981757 0.051740 -0.996062 0.072000
-3.243285 -6.168429 -52.191835 30.454579 -0.750215 0.404597 0.522951 0.303243 0.913377 -0.271636 -0.587555 -0.045204 -0.807921
-3.657430 -6.683105 -33.777263 33.584769 -0.713302 0.364351 0.598706 0.205789 0.925476 -0.318033 -0.669964 -0.103647 -0.735123
-3.371472 -5.975320 61.646045 19.349708 -0.639174 0.441154 0.629952 0.347059 0.896427 -0.275626 -0.686299 0.042458 -0.726079
-0.046234 -6.003366 6.443378 40.765723 0.638253 0.752706 0.161452 0.764502 -0.595116 -0.247739 -0.090392 0.281550 -0.955279
0.073296 -5.488006 3.264136 22.743354 0.595083 0.786674 0.164379 0.803663 -0.582767 -0.120449 0.001041 0.203783 -0.979016
0.077010 -5.581082 5.362451 57.523287 0.609551 0.775467 0.164620 0.791744 -0.585067 -0.175605 -0.039862 0.237377 -0.970599
-0.014743 -5.917473 0.512877 59.821513 0.640358 0.753491 0.148975 0.758807 -0.590573 -0.274655 -0.118970 0.288921 -0.949932
-0.906206 -5.881259 -0.304364 13.086013 0.578508 0.801917 0.149188 0.726034 -0.422883 -0.542259 -0.371758 0.422017 -0.826860
-0.574321 -5.599777 -3.586323 14.624746 0.569827 0.808092 0.149279 0.773335 -0.465884 -0.430005 -0.277937 0.360471 -0.890400
-0.686106 -5.592574 -9.180874 13.525191 0.529938 0.831013 0.169067 0.796377 -0.419147 -0.436004 -0.291461 0.365696 -0.883921
-0.872608 -5.746616 -14.097727 15.648187 0.522715 0.836546 0.164195 0.754704 -0.364510 -0.545486 -0.396473 0.409052 -0.821879
0.287751 -14.357423 -5.528638 -152.020383 -0.213822 0.827516 0.519131 -0.408318 -0.558482 0.722063 -0.887444 0.057578 -0.457305
0.175790 -16.936833 23.620105 -178.337213 -0.181680 0.814599 0.550836 -0.344888 -0.577361 0.740072 -0.920893 0.055521 -0.385841
0.347804 -17.990720 7.616550 -208.572527 -0.219290 0.800095 0.558354 -0.117836 -0.589814 0.798896 -0.968518 -0.109396 -0.223620
0.168832 -13.625491 6.148673 -68.432323 -0.179651 0.851409 0.492777 -0.605126 -0.490587 0.627015 -0.775595 0.185548 -0.603344
0.195278 -12.433925 -16.603449 -35.067161 -0.198337 0.854481 0.480129 -0.593465 -0.494552 0.634995 -0.780040 0.158997 -0.605192
-0.023372 -11.884774 -22.355803 -27.379194 -0.229578 0.834472 0.500949 -0.472118 -0.545567 0.692431 -0.851116 0.077540 -0.519219
1.803001 -13.876553 12.524121 151.471379 0.158335 -0.664753 -0.730092 0.771483 -0.378187 0.511653 -0.616234 -0.644266 0.452965
1.991276 -14.908052 9.394149 84.060438 -0.151874 0.653302 0.741708 0.633528 -0.511653 0.580390 -0.758667 -0.558039 0.336178
1.357462 -15.969762 7.078873 78.667599 -0.137923 0.670545 0.728935 0.530760 -0.571335 0.625995 -0.836224 -0.473229 0.277098
1.203497 -15.124954 16.695767 132.003021 -0.115218 0.714150 0.690445 0.639550 -0.478513 0.601666 -0.760067 -0.510897 0.401601
2.552173 -21.341491 -86.208685 537.546225 0.872969 0.487548 0.014868 -0.429325 0.782473 -0.451016 0.231526 -0.387340 -0.892392
1.918901 -19.644781 -76.580801 -79.225461 0.880007 0.474117 0.028309 -0.280592 0.567046 -0.774421 0.383219 -0.673552 -0.632038
3.359160 -20.334259 -58.148371 158.164016 0.858800 0.500485 0.109442 -0.296835 0.660217 -0.689930 0.417555 -0.560025 -0.715555
3.849614 -21.621975 47.891514 646.527699 -0.852326 -0.512679 -0.103440 -0.454638 0.824036 -0.338037 0.258543 -0.241091 -0.935431
-0.310970 -5.397600 51.386566 18.902863 0.204952 -0.565715 -0.798725 0.978770 0.116712 0.168487 -0.002095 -0.816299 0.577625
-0.831944 -5.768140 65.881354 96.594221 0.301517 -0.534906 -0.789280 0.953205 0.149952 0.262515 -0.022067 -0.831499 0.555088
0.249914 -7.074532 54.835496 76.760348 0.222926 -0.546535 -0.807219 0.970343 0.045001 0.237507 -0.093481 -0.836226 0.540359
0.850607 -6.464301 41.701761 -9.076425 0.167311 -0.581373 -0.796249 0.985903 0.097627 0.135881 -0.001262 -0.807759 0.589511
0.060784 -5.730341 50.348743 -52.216082 0.121302 -0.579936 -0.805581 0.990962 0.117574 0.064575 0.057266 -0.806133 0.588956
0.094517 -4.954547 1.483608 -37.218008 0.573805 0.798950 0.180076 0.814282 -0.580090 -0.020970 0.087706 0.158665 -0.983429
0.102679 -5.149622 0.149269 52.295145 0.572325 0.801314 0.174185 -0.809600 0.585919 -0.035311 0.130354 0.120810 -0.984080
-0.044757 -5.681874 5.250605 51.068746 0.598204 0.779389 0.186292 -0.781278 0.618944 -0.080704 0.178204 0.097269 -0.979174
0.026850 -5.228816 7.006699 -39.006579 0.587090 0.786743 0.190686 0.803461 -0.595068 -0.018557 0.098872 0.164103 -0.981476
-0.940117 -15.536770 22.797920 -59.933190 0.543820 0.811165 0.215106 -0.800980 0.578186 -0.155344 0.250381 0.087816 -0.964156
-0.814581 -15.544577 -0.767064 -14.017362 0.558292 0.804948 0.200920 -0.814241 0.578066 -0.053402 0.159131 0.133783 -0.978151
-0.782997 -16.215062 24.696984 10.167243 0.565360 0.792257 0.229559 -0.715009 0.609475 -0.342495 0.411254 -0.029497 -0.911043
-0.572179 -17.526134 10.936327 106.827918 0.582525 0.777371 0.237400 -0.572056 0.599591 -0.559681 0.577422 -0.190222 -0.793977
-0.879378 -16.672189 18.580542 85.684437 0.589930 0.774279 0.229075 -0.594990 0.608633 -0.524931 0.545866 -0.173375 -0.819739
-0.922914 -15.044473 17.960352 0.415375 0.572670 0.796007 0.196013 -0.716532 0.602188 -0.352066 0.398284 -0.061168 -0.915220
-1.170765 -14.670284 0.464748 80.335637 0.514150 0.814137 0.269871 0.745735 -0.268892 -0.609570 -0.423708 0.514663 -0.745382
-1.248421 -13.466405 8.916799 55.446980 0.548508 0.786536 0.283724 0.768071 -0.339851 -0.542741 -0.330461 0.515618 -0.790527
-1.015335 -14.069131 -5.159630 -30.287472 0.536440 0.808159 0.243127 0.808320 -0.409208 -0.423281 -0.242590 0.423589 -0.872767
-0.986266 -9.564662 61.964192 28.186567 0.479780 0.779652 0.402436 0.639220 0.003585 -0.769016 -0.601007 0.626203 -0.496649
0.472187 -8.792037 102.920916 9.486166 0.519140 0.756919 0.396947 0.630690 -0.025819 -0.775605 -0.576822 0.652998 -0.490785
-0.038905 -8.878758 84.082637 -0.519124 0.543618 0.764459 0.346528 0.686716 -0.167710 -0.707315 -0.482597 0.622476 -0.616137
-0.200963 -8.827393 57.241138 9.927980 0.552459 0.770613 0.317718 0.748812 -0.291396 -0.595289 -0.366156 0.566784 -0.738028
-1.133466 -9.390040 44.160384 14.509876 0.500200 0.790009 0.354522 0.712674 -0.143049 -0.686755 -0.491828 0.596174 -0.634572
0.870207 -8.467565 65.651892 0.196056 0.575737 0.760953 0.299128 0.725804 -0.307191 -0.615502 -0.376479 0.571475 -0.729164
0.124124 -29.321324 -3.500357 -173.569184 0.607463 0.789282 0.089568 0.793792 -0.607384 -0.031287 0.029708 0.090104 -0.995489
-0.160707 -26.372724 -31.868580 -96.389464 0.624534 0.776922 0.079685 0.779191 -0.626774 0.004058 0.053097 0.059555 -0.996812
-0.055277 -33.821046 -6.184627 428.950986 0.663349 0.741521 0.100572 -0.687733 0.657091 -0.308633 0.294943 -0.135565 -0.945849
0.248751 -40.437914 49.466344 700.780310 0.629403 0.768721 0.113662 -0.728261 0.634545 -0.258824 0.271087 -0.080129 -0.959214
-2.124711 -3.791442 4.620116 22.294233 0.963900 0.243704 0.107260 -0.244987 0.653938 0.715784 -0.104298 0.716222 -0.690035
-1.589780 -3.494844 25.892161 17.699552 0.944904 0.250035 0.211277 -0.322360 0.598523 0.733386 -0.056918 0.761086 -0.646148
-1.882184 -3.957966 28.389543 18.420313 0.953059 0.239248 0.185575 -0.300377 0.669973 0.678904 -0.038096 0.702778 -0.710388
1.765768 -5.059262 -116.563920 -0.356445 -0.494633 -0.269291 -0.826330 -0.532704 0.845186 0.043435 0.686706 0.461674 -0.561509
1.278174 -4.857207 -93.229423 9.499389 -0.518287 -0.265965 -0.812798 -0.601312 0.789144 0.125207 0.608114 0.553638 -0.568931
2.821681 -4.772312 -62.894262 1.545830 -0.587709 -0.221497 -0.778163 -0.490415 0.862494 0.124886 0.643500 0.455019 -0.615521
3.018865 -4.888086 -104.966595 -10.600224 -0.549962 -0.202418 -0.810289 -0.392881 0.918840 0.037123 0.737012 0.338763 -0.584853
0.752111 -5.117124 -103.049094 8.110222 -0.458198 -0.324096 -0.827657 -0.526667 0.849086 -0.040920 0.716014 0.417150 -0.559740
-5.899326 -81.387244 -0.447811 -3268.752080 0.850308 0.070250 -0.521575 -0.441021 0.635915 -0.633334 -0.287186 -0.768555 -0.571706
-11.376222 -57.274138 67.669916 -1833.496350 0.821285 0.236288 -0.519286 -0.505691 0.722897 -0.470847 -0.264135 -0.649298 -0.713194
-11.809874 -99.494201 394.703490 -3634.479809 0.928330 -0.120259 -0.351770 -0.088189 0.847985 -0.522632 -0.361147 -0.516197 -0.776604
-4.230026 -103.795869 13.774675 -4044.026470 -0.937558 0.027258 0.346759 -0.050767 0.975526 -0.213945 -0.344104 -0.218190 -0.913228
-3.379389 -57.634725 -122.538168 -2041.048368 0.908755 0.002437 -0.417323 -0.288982 0.725124 -0.625047 -0.301088 -0.688614 -0.659664
3.528502 -169.529434 189.138451 -7166.074970 -0.252960 0.807715 0.532548 0.281132 0.588066 -0.758382 0.925730 0.042124 0.375832
0.116895 -51.971860 139.317002 -1859.490725 -0.221925 0.847453 0.482257 0.573026 0.513522 -0.638699 0.788918 -0.134602 0.599576
-1.091090 -69.916283 82.069061 -2223.974601 -0.110223 0.844635 0.523872 0.067814 0.532246 -0.843869 0.991591 0.057488 0.115944
0.677218 -58.171575 86.977223 1387.482003 -0.194767 0.854175 0.482132 -0.356129 0.396417 -0.846183 0.913913 0.336510 -0.226988
-6.186413 -10.056272 25.640982 -159.790858 0.840261 0.144694 0.522518 0.477292 -0.654586 -0.586267 -0.257204 -0.742011 0.619084
-6.998381 -8.565489 -40.706624 -67.511255 0.935442 -0.198241 0.292658 0.102996 -0.639146 -0.762158 -0.338142 -0.743097 0.577466
-5.029411 -7.664186 -13.700150 -48.212055 0.824292 -0.559513 -0.086535 -0.417336 -0.497184 -0.760683 -0.382588 -0.663139 0.643329
6.945649 -13.122835 -97.513612 2.402876 0.800317 0.596777 -0.057876 0.241651 -0.232709 0.942046 -0.548723 0.767922 0.330453
5.938880 -12.172636 -40.314521 142.780519 0.793671 0.605199 -0.061811 0.396714 -0.437861 0.806781 -0.461198 0.664840 0.587609
5.679463 -13.361427 -81.486240 71.196213 0.725931 0.687280 -0.025907 0.303555 -0.286371 0.908760 -0.617154 0.667561 0.416513
6.560890 -13.391383 -130.522539 -168.486303 0.721186 0.691795 -0.036199 0.103080 -0.055492 0.993124 -0.685029 0.719959 0.111330
7.951231 -12.669929 -89.942160 -157.489514 0.841492 0.536531 -0.063453 0.076187 -0.001569 0.997092 -0.534871 0.843879 0.042196
-4.164039 -7.744909 -10.574819 -36.550960 -0.110329 0.991243 0.072559 -0.146361 -0.088412 0.985272 -0.983060 -0.098084 -0.154833
-3.935163 -8.009687 -31.865813 -8.286798 -0.204777 0.978418 0.027636 0.014777 -0.025141 0.999575 -0.978697 -0.205098 0.009309
-4.109338 -8.040922 -12.059284 -26.221264 -0.084704 0.993155 0.080425 0.013353 -0.079576 0.996739 -0.996317 -0.085502 0.006521
-4.572034 -7.949715 -2.881856 -46.500297 0.023535 0.995447 0.092366 -0.071574 -0.090476 0.993323 -0.997158 0.029988 -0.069119
-4.465436 -8.163731 3.081071 -22.926157 0.006149 0.997482 0.070658 0.092322 -0.070924 0.993200 -0.995710 -0.000416 0.092525
1.412675 -4.686282 15.237844 -31.397296 0.915449 -0.269526 -0.298846 -0.368474 -0.859940 -0.353170 0.161801 -0.433426 0.886545
0.314115 -5.161684 69.150988 -40.442981 0.892150 -0.266105 -0.365044 -0.395283 -0.851035 -0.345675 0.218679 -0.452689 0.864437
0.566218 -5.316915 64.109967 -32.844914 0.879825 -0.301178 -0.367694 -0.444146 -0.796431 -0.410404 0.169239 -0.524394 0.834488
1.627378 -4.957953 18.674103 -23.939925 0.904370 -0.304117 -0.299378 -0.413041 -0.800161 -0.434901 0.107290 -0.516967 0.849255
0.412870 -12.290590 -36.197128 -112.557198 -0.136834 0.760461 0.634804 0.420573 -0.535608 0.732286 -0.896881 -0.367183 0.246540
1.261069 -12.969328 -29.856124 -121.971598 -0.092182 0.754431 0.649874 0.490677 -0.533493 0.688927 -0.866452 -0.382385 0.321004
0.735791 -15.867478 -39.332878 -159.054055 -0.139387 0.760250 0.634501 0.701358 -0.376540 0.605239 -0.699048 -0.529375 0.480723
-0.795161 -8.676121 2.739305 12.586056 0.946431 -0.300779 -0.117479 -0.309773 -0.743004 -0.593284 -0.091160 -0.597894 0.796375
-0.624463 -8.293863 3.082937 9.450129 0.958265 -0.267246 -0.101529 -0.256485 -0.646819 -0.718221 -0.126271 -0.714287 0.688368
-0.564451 -7.443732 0.664029 42.054127 0.970057 -0.236584 -0.054940 -0.171309 -0.506119 -0.845279 -0.172173 -0.829380 0.531493
-0.947885 -10.448391 -40.894859 270.339730 0.967518 -0.169801 -0.187286 0.160802 0.985015 -0.062354 0.195067 0.030212 0.980324
-1.715607 -11.929459 -3.209253 289.974524 0.973364 -0.022030 -0.228205 0.018204 0.999656 -0.018856 0.228542 0.014200 0.973431
0.292976 -10.824279 28.519013 19.179200 -0.941063 0.073277 0.330198 0.115952 0.986984 0.111433 -0.317735 0.143153 -0.937311
1.300068 -11.099127 35.876881 43.400464 -0.949630 0.016109 0.312960 0.042719 0.996010 0.078356 -0.310449 0.087779 -0.946528
1.528573 -8.919175 -41.392663 -131.595040 0.929737 -0.166894 -0.328230 -0.268094 0.304240 -0.914092 -0.252417 -0.937862 -0.238120
0.990332 -11.798686 -43.054726 -134.765390 0.923554 -0.185429 -0.335655 -0.191276 0.535882 -0.822340 -0.332358 -0.823678 -0.459448
0.766733 -9.496096 -45.454197 -172.377964 0.917103 -0.200720 -0.344432 -0.257459 0.361429 -0.896149 -0.304363 -0.910539 -0.279790
-0.004437 -10.415345 -22.510946 -173.056650 0.929104 -0.195382 -0.313992 -0.214345 0.407389 -0.887745 -0.301366 -0.892110 -0.336627
0.213935 -7.886295 -21.846440 -179.616175 0.927963 -0.191636 -0.319625 -0.274620 0.228152 -0.934093 -0.251929 -0.954580 -0.159090
1.009656 -6.663316 -28.065491 -150.525110 0.919506 -0.161601 -0.358320 -0.319615 0.223257 -0.920871 -0.228811 -0.961271 -0.153636
-0.251454 -13.119847 7.186134 -36.413650 -0.125087 0.789557 0.600793 0.156128 -0.582340 0.797812 -0.979784 -0.193597 0.050429
-0.991526 -15.723374 -0.179999 -73.488543 -0.133888 0.827474 0.545308 0.341259 -0.478109 0.809292 -0.930385 -0.294445 0.218370
-0.427246 -15.007676 -2.557792 -16.070809 -0.139020 0.793176 0.592912 0.078565 -0.588005 0.805033 -0.987168 -0.158498 -0.019429
0.539447 -17.343198 -1.946646 -95.968619 -0.245384 0.721547 0.647423 -0.094671 0.646814 -0.756749 0.964792 0.246986 0.090408
0.358826 -15.378517 1.427712 -158.429770 -0.251269 0.725738 0.640444 0.180377 0.685191 -0.705675 0.950962 0.061793 0.303074
0.370464 -15.891217 -14.750712 -133.197889 -0.238059 0.716428 0.655789 0.065383 0.685490 -0.725141 0.969048 0.129748 0.210029
0.026109 -8.617727 25.729453 57.754870 0.063951 0.894437 0.442597 0.793404 -0.314585 0.521101 -0.605327 -0.317834 0.729768
-0.969776 -16.047766 1.996767 -2.639907 -0.324586 0.096560 0.940914 0.838479 0.489730 0.238991 -0.437717 0.866510 -0.239923
-1.009940 -14.845403 -10.995722 -55.114658 -0.356697 0.158834 0.920619 0.779811 0.593280 0.199783 -0.514452 0.789171 -0.335482
-0.969858 -15.214067 -3.896697 -19.989778 -0.337249 0.129746 0.932432 0.785491 0.584723 0.202739 -0.518910 0.800790 -0.299112
-0.123998 -9.057749 3.138391 -74.980205 -0.233196 0.756405 0.611122 0.600745 0.606242 -0.521129 0.764673 -0.245604 0.595780
-0.146480 -8.418904 6.585159 -45.014673 -0.227144 0.752391 0.618315 0.603860 0.606933 -0.516707 0.764041 -0.256009 0.592200
-0.054779 -10.051744 11.254184 -143.019679 -0.253834 0.727195 0.637774 0.503937 0.662235 -0.554520 0.825600 -0.180642 0.534558
1.803562 -8.978851 -0.771137 -39.168216 0.410046 -0.883504 -0.226458 0.911427 0.387647 0.137948 -0.034092 -0.262966 0.964203
0.417802 -7.766823 9.549931 -64.298837 0.461905 -0.863727 -0.201541 0.854166 0.372013 0.363326 -0.238838 -0.339972 0.909602
1.310995 -8.750507 20.188817 -54.965087 0.546287 -0.822875 -0.156357 0.825067 0.496487 0.269749 -0.144340 -0.276365 0.950152
3.118694 -9.490307 17.731009 -0.412329 0.325630 -0.896056 -0.301744 0.933713 0.354986 -0.046537 0.148815 -0.266588 0.952252
1.920559 -9.072323 -20.171576 -74.474953 0.263060 -0.920513 -0.288885 0.962871 0.231670 0.138595 -0.060653 -0.314618 0.947279
2.327879 -9.538406 -22.015684 12.768951 0.528816 -0.839373 -0.125728 0.848319 0.527369 0.047289 0.026612 -0.131664 0.990937
3.223600 -9.291002 18.066642 21.153649 0.421287 -0.874539 -0.240204 0.892877 0.446388 -0.059227 0.159021 -0.189521 0.968914
5.686569 -45.348705 -210.805992 -782.244446 0.232675 -0.017389 -0.972399 0.693631 -0.697876 0.178451 -0.681717 -0.716008 -0.150317
2.820346 0.543412 -225.887895 -17.755575 0.024196 0.703775 0.710011 0.992646 -0.101178 0.066461 0.118611 0.703181 -0.701048
0.907946 -1.794584 5.828685 -179.991274 0.860617 -0.436334 -0.262587 0.486313 0.551149 0.678038 0.151126 0.711230 -0.686522
0.850520 -1.147173 -2.132256 -177.813680 0.806837 -0.474096 -0.352488 0.577575 0.507598 0.639337 0.124185 0.719428 -0.683375
1.093378 0.105600 -58.848342 -112.503731 -0.612588 0.632722 0.473707 0.774791 0.362168 0.518202 0.156317 0.684468 -0.712087
2.675981 0.348244 -205.800115 -21.601019 0.042878 0.682573 0.729558 0.994218 -0.101110 0.036166 0.098451 0.723789 -0.682962
4.768932 0.468419 -116.143742 -20.392627 0.158034 0.566475 0.808784 0.980303 -0.188264 -0.059688 0.118453 0.802286 -0.585069
4.708102 0.737701 -254.627463 0.955863 0.111137 0.699295 0.706141 0.982206 -0.185533 0.029148 0.151396 0.690336 -0.707471
4.839005 0.599552 -66.532277 -8.954310 0.109710 0.574175 0.811349 0.982028 -0.188735 0.000775 0.153575 0.796682 -0.584561
-0.575494 -4.833613 4.248882 -42.773180 0.836562 -0.338966 -0.430427 0.388242 -0.187551 0.902271 0.386566 0.921915 0.025298
-1.218288 -4.883618 -6.870851 -23.719985 0.673535 -0.353297 -0.649255 0.671176 -0.075628 0.737430 0.309634 0.932449 -0.186186
-1.332773 -5.178440 -6.047366 -12.596413 0.666429 -0.383085 -0.639624 0.643679 -0.137290 0.752880 0.376231 0.913454 -0.155089
-1.433433 -4.777785 -8.293577 -28.093682 0.685702 -0.380165 -0.620715 0.665725 -0.017265 0.745998 0.294319 0.924758 -0.241246
-1.318895 -4.069239 -8.126634 -39.061506 0.698572 -0.354905 -0.621321 0.680076 0.059341 0.730736 0.222472 0.933017 -0.282816
-1.640138 -4.324762 -9.952861 -34.423748 0.714331 -0.401826 -0.572946 0.646810 0.066563 0.759741 0.267147 0.913294 -0.307454
-1.439532 -4.063645 -11.263403 -37.771491 0.712614 -0.369797 -0.596181 0.663560 0.079408 0.743897 0.227749 0.925713 -0.301970
-0.656285 -16.179439 11.210419 -155.030067 0.939089 -0.177925 -0.294033 -0.311658 -0.801480 -0.510391 0.144851 -0.570940 0.808113
-0.826285 -14.603091 -1.744926 -154.839153 0.938058 -0.199995 -0.282930 -0.289291 -0.901490 -0.321910 0.190678 -0.383820 0.903507
-4.170118 -43.905831 -41.240188 1398.349340 0.060760 0.912200 -0.405214 -0.155248 -0.392387 -0.906604 0.986005 -0.117994 -0.117776
-2.514893 -123.230237 127.404237 4489.790149 0.007813 0.785823 -0.618403 0.209619 -0.605968 -0.767374 0.977752 0.123633 0.169458
-3.137417 -220.954290 -139.073243 5133.905273 0.282792 -0.795691 0.535635 0.810958 -0.099876 -0.576517 0.512226 0.597412 0.617028
0.787669 -35.586990 25.538427 -617.711012 -0.675129 0.724520 -0.138827 -0.065076 0.128963 0.989512 -0.734824 -0.677082 0.039918
0.541249 -35.949489 -49.961501 -139.338850 -0.681153 0.707254 -0.189269 -0.050539 0.212476 0.975859 -0.730395 -0.674274 0.108984
1.227119 -29.980288 23.194273 -48.571041 -0.687448 0.716700 -0.117287 0.225956 0.364566 0.903347 -0.690188 -0.594502 0.412563
0.008766 -31.706973 32.557789 450.736795 0.660792 -0.716730 0.222829 0.328539 0.009272 -0.944445 -0.674846 -0.697290 -0.241600
1.229854 -32.456646 -30.625754 226.666451 0.734385 -0.674918 0.071869 -0.257573 -0.375092 -0.890484 -0.627961 -0.635446 0.449303
-1.153334 -27.245000 23.955820 405.278616 0.652397 -0.730052 0.203476 0.370594 0.073109 -0.925913 -0.661089 -0.679470 -0.318249
0.479258 -37.140970 -18.719023 940.180995 0.711075 -0.698012 0.084567 0.082799 -0.036309 -0.995905 -0.698224 -0.715165 -0.031976
8.625901 -6.175229 -35.118281 -25.777193 -0.965315 -0.191025 -0.177977 -0.203628 0.977486 0.055292 0.163408 0.089615 -0.982480
7.887030 -6.237286 -58.543627 -54.035467 -0.953991 -0.271176 -0.127927 -0.258571 0.960062 -0.106875 0.151800 -0.068880 -0.986008
5.030927 -5.458847 -55.864169 -89.621203 -0.962508 -0.118537 -0.243982 -0.122794 0.992430 0.002256 0.241868 0.032131 -0.969777
8.017239 -5.377025 83.282304 -75.996582 -0.943967 -0.196169 -0.265414 -0.210345 0.977287 0.025791 0.254327 0.080174 -0.963789
3.280480 -5.681866 -124.705824 -25.694569 -0.915127 0.004165 -0.403145 -0.048944 0.991403 0.121345 0.400185 0.130778 -0.907055
0.550068 -4.760704 -186.265724 3.355203 -0.881998 0.141368 -0.449549 0.081610 0.985351 0.149743 0.464132 0.095386 -0.880615
-1.846390 -6.735968 -55.203324 40.748555 0.941348 -0.076975 0.328541 0.328970 -0.007399 -0.944311 -0.075119 -0.997006 -0.018357
-1.718382 -5.774166 15.372075 53.304389 0.986950 -0.003630 0.160989 0.160498 0.103309 -0.981615 0.013068 -0.994643 -0.102543
-2.366397 -6.994180 -64.315487 -1.712386 0.903335 -0.069264 0.423307 0.403184 -0.199689 -0.893066 -0.146387 -0.977408 0.152460
-3.254836 -6.539668 -44.700173 27.247914 -0.682232 0.448732 0.577233 0.187366 0.870442 -0.455220 -0.706720 -0.202411 -0.677921
-1.386822 -6.001923 -179.594020 11.682290 -0.706303 0.597536 0.379588 0.322869 0.749102 -0.578448 -0.629993 -0.286002 -0.722019
-3.639929 -6.542881 73.621258 39.523002 -0.624204 0.369629 0.688291 0.222247 0.928611 -0.297133 -0.748983 -0.032501 -0.661792
1.574340 -5.341897 -421.451493 -26.104719 -0.668285 0.728367 0.151253 -0.411556 -0.531369 0.740451 -0.619691 -0.432583 -0.654870
-3.249187 -7.101353 83.819601 75.037214 -0.599936 0.304234 0.739945 0.101388 0.946330 -0.306887 -0.793598 -0.109091 -0.598583
-3.616128 -6.882949 -56.857890 58.908078 -0.661847 0.302110 0.686067 -0.005309 0.913285 -0.407287 -0.749620 -0.273204 -0.602851
-0.399858 -6.651930 -13.775098 10.855267 0.682787 0.721162 0.117162 -0.637922 0.510270 0.576784 -0.356170 0.468561 -0.808451
-0.533947 -6.685313 -7.701306 17.470472 0.708681 0.696817 0.110535 -0.611219 0.528115 0.589496 -0.352395 0.485325 -0.800173
-0.285696 -6.560847 -2.239193 -1.050903 0.689788 0.712755 0.127176 -0.677792 0.573958 0.459532 -0.254540 0.403178 -0.879009
-0.165989 -5.123754 1.392828 2.035758 0.507476 0.840838 0.188309 0.857022 -0.469881 -0.211483 -0.089340 0.268707 -0.959070
-0.226586 -5.365148 2.966823 2.007707 0.481884 0.854158 0.195450 0.862777 -0.423586 -0.276027 -0.152981 0.301643 -0.941068
-0.345445 -5.232800 -6.016291 12.526119 0.495780 0.848125 0.186779 0.847361 -0.425315 -0.317940 -0.190213 0.315897 -0.929531
-4.045915 -13.909123 -15.178759 -200.299661 0.051528 0.731784 0.679586 -0.109298 -0.672270 0.732193 -0.992673 0.112006 -0.045342
-3.525827 -11.570747 -7.015432 -273.805384 0.135241 0.790027 0.597969 -0.348185 -0.527127 0.775180 -0.927619 0.313040 -0.203786
-3.258078 -11.415196 -14.509701 -300.562109 0.028496 0.723488 0.689749 -0.365660 -0.634659 0.680809 -0.930312 0.271614 -0.246466
0.291025 -19.501164 12.700659 -181.580177 -0.207892 0.791588 0.574604 -0.044477 -0.594481 0.802879 -0.977140 -0.141355 -0.158795
-0.001749 -17.486954 5.574979 -232.607579 -0.200154 0.824699 0.528971 -0.415696 -0.560374 0.716365 -0.887207 0.076508 -0.454985
0.004963 -20.115015 10.451224 -201.180292 -0.205694 0.795657 0.569754 -0.124436 -0.598743 0.791216 -0.970673 -0.091850 -0.222166
0.195894 -14.123295 27.133110 -113.535777 -0.163588 0.848647 0.503028 -0.574107 -0.496556 0.651024 -0.802272 0.182292 -0.568445
2.053057 -12.957239 -4.368594 126.173922 0.156186 -0.654666 -0.739607 0.782703 -0.374708 0.496961 -0.602480 -0.656511 0.453885
2.071637 -14.185211 -31.657755 179.090570 0.145544 -0.665724 -0.731866 0.786059 -0.371389 0.494147 -0.600773 -0.647210 0.469245
1.032351 -19.116026 -58.204277 237.293181 0.871076 0.491083 -0.008035 -0.401240 0.702087 -0.588286 0.283257 -0.515665 -0.808613
0.677514 -18.655517 -31.550334 -279.185865 0.863351 0.503983 0.025023 -0.238799 0.451755 -0.859589 0.444523 -0.736151 -0.510374
-0.542896 -15.324259 -1.640063 52.850583 0.597274 0.766526 0.236011 -0.778325 0.624977 -0.060114 0.193580 0.147789 -0.969889
-0.630556 -14.853736 -12.424388 11.718449 0.588827 0.783079 0.200174 -0.787410 0.611656 -0.076565 0.182394 0.112536 -0.976764
-0.732993 -14.110950 -2.110723 -101.538425 0.584729 0.776994 0.233181 0.811140 -0.564246 -0.153877 0.012010 0.279119 -0.960181
-0.755080 -16.125204 -7.727151 -13.384520 0.617966 0.746634 0.246283 -0.715001 0.663980 -0.218868 0.326941 0.040840 -0.944162
-0.432839 -16.428294 1.966658 -51.894147 0.595024 0.767166 0.239591 -0.660690 0.636646 -0.397707 0.457641 -0.078350 -0.885678
-0.945416 -14.888497 -3.958592 -140.080304 0.613929 0.747971 0.252252 0.785177 -0.611515 -0.097708 0.081174 0.258048 -0.962716
-0.956190 -14.660187 0.335527 -122.812349 0.596666 0.760947 0.254851 0.799982 -0.538927 -0.263792 -0.063386 0.361272 -0.930304
0.037848 -17.107856 68.581206 -201.264797 0.519495 0.754113 0.401794 -0.371631 0.622825 -0.688462 0.769425 -0.208333 -0.603806
0.184083 -15.940664 51.322778 -82.218168 0.536622 0.754219 0.378406 -0.181085 0.540926 -0.821345 0.824163 -0.372228 -0.426850
-0.436836 -15.975582 36.437832 -91.120889 0.550423 0.754243 0.357984 -0.206309 0.538362 -0.817070 0.808994 -0.375878 -0.451934
-1.181499 -15.162734 -11.631400 -93.298402 0.595222 0.732766 0.329795 -0.253822 0.560853 -0.788047 0.762421 -0.385354 -0.519824
-0.799766 -17.275219 37.961650 -203.021017 0.559504 0.740059 0.373187 -0.385714 0.631022 -0.673080 0.733607 -0.232647 -0.638510
-0.273935 -9.531125 79.413928 -40.815811 0.464910 0.757687 0.458005 -0.562931 -0.146303 0.813452 -0.683350 0.636007 -0.358508
1.340892 -8.558932 92.571588 -49.883036 0.474918 0.761021 0.441928 -0.571160 -0.115488 0.812674 -0.669499 0.638365 -0.379817
-0.647440 -22.646072 -40.440400 -26.435906 0.619169 0.781476 0.076972 -0.776322 0.623921 -0.089707 0.118128 0.004211 -0.992989
-0.481668 -21.633317 -33.846618 42.003543 0.555828 0.827631 0.077994 0.812525 -0.521054 -0.261354 -0.175665 0.208640 -0.962087
-0.921181 -18.668149 -28.635086 51.463324 0.564871 0.821221 0.080728 0.824874 -0.564613 -0.028192 0.022428 0.082515 -0.996337
-1.065735 -19.390887 -19.226576 99.142964 0.613996 0.782405 0.104167 -0.746666 0.618536 -0.244751 0.255925 -0.072498 -0.963974
-0.063697 -3.540555 -7.603479 -23.153168 0.998758 -0.036352 -0.034065 0.049818 0.731510 0.680008 -0.000199 0.680861 -0.732413
-0.348402 -3.553938 -4.651345 -7.278256 0.993268 -0.078801 -0.084902 0.115812 0.660672 0.741687 0.002353 0.746527 -0.665351
-0.304488 -3.846126 -6.851978 -9.249856 0.980937 -0.131350 -0.143212 0.194212 0.637380 0.745673 0.006664 0.759272 -0.650739
-1.493947 -4.075107 -13.762935 -33.745099 0.943245 0.308889 -0.121969 -0.247009 0.898031 0.364043 -0.221981 0.313255 -0.923361
-2.058880 -4.372401 -15.942798 -29.911482 0.965185 0.230205 -0.124191 -0.161882 0.898661 0.407680 -0.205456 0.373383 -0.904640
-1.679047 -3.771606 -20.574966 -53.462812 0.957580 0.265539 -0.111935 -0.221414 0.926593 0.303977 -0.184436 0.266298 -0.946081
-1.644705 -4.311592 -18.784445 8.855762 0.940849 0.304066 -0.149487 -0.197029 0.849911 0.488702 -0.275648 0.430342 -0.859548
-1.141934 -3.284221 -29.042909 -62.767502 0.903267 0.417810 -0.097694 -0.379563 0.884223 0.272178 -0.200101 0.208768 -0.957275
-1.051540 -3.985847 -17.170728 -24.400269 0.897702 0.429339 -0.098987 -0.362301 0.847147 0.388691 -0.250737 0.313066 -0.916035
-3.597803 -6.611062 16.072432 4.111911 0.316356 0.785534 0.531841 -0.761152 0.544797 -0.351913 0.566186 0.293482 -0.770261
-3.808676 -6.864997 12.793638 8.472382 0.412768 0.750710 0.515807 -0.666797 0.634833 -0.390345 0.620487 0.182817 -0.762610
-4.051334 -7.192305 15.926388 -5.007210 0.382869 0.809868 0.444438 -0.753557 0.552087 -0.356863 0.534380 0.198277 -0.821659
-3.783580 -6.845648 19.426684 -1.285235 0.270333 0.854432 0.443696 -0.853707 0.425791 -0.299809 0.445088 0.297738 -0.844540
-3.462334 -6.427263 22.258887 1.347707 0.203642 0.837177 0.507607 -0.861068 0.399892 -0.314084 0.465931 0.373124 -0.802301
-3.286011 -6.142610 10.693905 5.614519 0.215406 0.798390 0.562293 -0.823613 0.457899 -0.334649 0.524654 0.391026 -0.756199
2.337146 -4.766535 -49.330348 3.855825 -0.598159 -0.239225 -0.764838 -0.552245 0.814656 0.177089 0.580716 0.528305 -0.619405
7.304198 -872.204401 -357.755665 -33659.799934 0.981600 -0.096585 0.164722 -0.166689 -0.854235 0.492441 -0.093148 0.510837 0.854616
-0.563384 -68.321031 2.142840 -2162.280792 0.965139 0.256481 0.052189 0.151154 -0.708963 0.688857 -0.213679 0.656954 0.723016
-5.012464 -79.669232 213.889145 -2708.339845 0.969412 0.223944 0.100447 0.021672 -0.485754 0.873827 -0.244481 0.844921 0.475749
-1.836576 -89.392385 -43.758135 1945.852216 0.990674 0.103617 0.088474 -0.102243 0.994560 -0.019938 -0.090058 0.010707 0.995879
