10055
20098
-6.174981 -7.870225 -14.104546 -133.470104 -0.450514 0.890446 0.064362 0.887226 0.438530 0.143255 0.099337 0.121642 -0.987591
-7.932088 -9.877059 25.470114 -116.341884 -0.385203 0.910108 0.152712 0.891089 0.323796 0.317989 0.239957 0.258570 -0.935715
-5.767803 -10.677700 -87.853163 255.072065 0.025809 0.992648 0.118254 -0.985660 0.045002 -0.162631 0.166757 0.112361 -0.979575
-5.894452 -8.302826 -25.925864 -105.077074 0.831839 -0.549816 -0.075807 0.550670 0.800526 0.236475 0.069332 0.238454 -0.968676
-4.249603 -7.496881 -92.080057 147.955815 -0.146308 0.988877 0.026743 -0.988688 -0.145271 -0.037328 0.033028 0.031902 -0.998945
-4.724075 -6.515413 2.983200 -101.070740 0.826607 -0.561985 -0.029892 0.562151 0.822009 0.091035 0.026589 0.092054 -0.995399
-8.368593 -9.023147 -10.347177 -7.376936 0.626471 0.712874 -0.315190 -0.122410 0.489342 0.863458 -0.769773 0.502349 -0.393821
-8.065688 -8.782362 6.925226 -22.625360 -0.643550 -0.563239 0.518272 -0.083870 0.724936 0.683691 -0.760795 0.396522 -0.513771
-7.991292 -9.248115 -53.905932 -16.718398 0.427305 0.887345 -0.173292 -0.234749 0.293989 0.926533 -0.873100 0.355232 -0.333926
-8.153646 -9.543834 -44.922317 -4.742121 0.448615 0.891905 -0.057016 -0.142242 0.134237 0.980687 -0.882333 0.431841 -0.187087
-8.659844 -9.385921 -12.257985 -21.610391 0.637095 0.746946 -0.190212 -0.082573 0.311498 0.946652 -0.766349 0.587401 -0.260132
1.120542 -6.170649 133.716828 -10.011365 0.237958 0.923667 -0.300359 -0.598861 0.382992 0.703337 -0.764684 -0.012509 -0.644284
1.114012 -5.901667 113.682261 -3.284043 0.243006 0.916659 -0.317308 -0.679185 0.394336 0.619037 -0.692572 -0.065082 -0.718407
-0.654861 -6.211336 102.932440 -13.144345 0.236305 0.922685 -0.304653 -0.634285 0.383993 0.670993 -0.736099 -0.034678 -0.675985
2.711465 -5.810916 89.664311 2.017681 0.163978 0.932985 -0.320390 -0.657045 0.345555 0.669988 -0.735801 -0.100647 -0.669676
-1.196563 -6.635051 104.352478 -26.526759 0.199014 0.944511 -0.261328 -0.554958 0.328403 0.764312 -0.807722 0.007083 -0.589520
3.132414 -6.110318 127.716907 -15.477053 0.201517 0.927332 -0.315352 -0.578633 0.372480 0.725564 -0.790300 -0.036260 -0.611646
1.413740 -6.361054 137.959208 -16.523940 0.227647 0.931933 -0.282273 -0.506060 0.360890 0.783365 -0.831913 0.035484 -0.553770
-1.256859 -5.855217 -22.747130 16.878320 -0.265911 0.929408 0.255914 -0.457361 -0.355324 0.815209 -0.848594 -0.099728 -0.519559
-0.859273 -5.261854 -16.530929 25.060448 -0.272652 0.938979 0.209712 -0.406832 -0.310044 0.859279 -0.871865 -0.148967 -0.466541
-1.296634 -5.315635 -21.171704 26.302815 -0.233095 0.947979 0.216799 -0.361962 -0.291499 0.885444 -0.902580 -0.127919 -0.411080
-2.032490 -5.815471 -37.233550 21.957749 -0.239516 0.931868 0.272497 -0.391545 -0.349541 0.851184 -0.888439 -0.097177 -0.448589
-2.146861 -5.344222 -44.223210 33.396676 -0.208489 0.955939 0.206671 -0.302541 -0.263988 0.915849 -0.930054 -0.128418 -0.344249
-1.333388 -4.685331 -26.259754 45.367683 -0.204359 0.971192 0.122570 -0.279050 -0.177814 0.943670 -0.938280 -0.158644 -0.307349
2.977810 -6.278124 78.145594 13.622467 -0.281256 0.899889 -0.333310 -0.922112 -0.349606 -0.165783 0.265714 -0.260721 -0.928127
3.487271 -6.980155 9.355240 -36.579455 -0.227509 0.860983 -0.454915 0.924324 0.337922 0.177294 0.306373 -0.380153 -0.872708
3.581002 -6.444728 61.636465 -5.634061 -0.295415 0.879474 -0.373170 -0.871974 -0.407813 -0.270832 0.390373 -0.245387 -0.887352
-1.088160 -8.564487 9.747434 18.560083 -0.291064 0.909339 0.297295 0.340974 0.388944 -0.855838 0.893879 0.147733 0.423268
-0.717317 -8.441071 30.305002 -7.255356 -0.336690 0.890426 0.306239 0.316143 0.413245 -0.853980 0.886958 0.190711 0.420637
-0.784406 -8.951624 31.785982 28.610572 -0.318755 0.896595 0.307431 0.463888 0.430419 -0.774304 0.826561 0.104200 0.553118
0.283094 -25.652240 -9.010655 -109.431018 -0.123290 -0.954848 0.270304 0.949946 -0.034767 0.310473 -0.287057 0.295052 0.911341
0.646308 -21.221750 8.949505 -284.980094 0.109837 0.956840 -0.269058 0.898787 0.019970 0.437930 -0.424402 0.289927 0.857802
0.022588 -26.241342 14.899117 -78.119110 0.076431 0.947323 -0.311026 0.846037 0.103450 0.522991 -0.527618 0.303112 0.793563
0.753432 -21.028098 -5.392455 -60.197779 -0.158633 -0.955810 0.247514 0.974125 -0.110639 0.197075 -0.160981 0.272372 0.948630
-0.363419 -34.210294 21.777308 67.089693 0.085977 0.938246 -0.335115 0.917943 0.056151 0.392717 -0.387282 0.341381 0.856429
0.252407 -31.288965 -8.909194 535.089042 -0.108116 -0.954582 0.277639 0.993726 -0.111810 0.002541 0.028617 0.276172 0.960682
0.512017 -22.708384 -3.523214 136.573129 -0.171386 -0.955318 0.240819 0.984804 -0.173088 0.014232 0.028086 0.239598 0.970466
2.972661 -6.867227 24.942180 -19.220140 -0.045788 0.935005 0.351667 0.296640 0.348883 -0.888980 0.953891 -0.063613 0.293335
5.825873 -6.667167 102.788353 -34.394708 0.025251 0.936916 0.348641 0.395207 0.310986 -0.864349 0.918245 -0.159611 0.362424
3.677308 -6.393620 82.042783 -28.681679 -0.055519 0.953341 0.296746 0.428378 0.291204 -0.855390 0.901892 -0.079629 0.424558
-0.308171 -43.362333 63.146380 702.114530 0.541345 0.537422 -0.646625 -0.536977 0.812772 0.225960 0.646994 0.224900 0.728573
0.070908 -36.139007 -87.232914 -258.406180 -0.570086 -0.496180 0.654834 0.721127 -0.684104 0.109440 0.393672 0.534609 0.747807
-0.214322 -44.431739 8.283681 853.902706 0.578805 0.511148 -0.635383 -0.609514 0.788796 0.079325 0.541735 0.341362 0.768112
-0.986818 -46.098579 23.648502 642.043062 0.549642 0.544818 -0.633299 -0.328048 0.837945 0.436158 0.768296 -0.031978 0.639296
-1.152679 -47.289273 20.046171 530.710295 0.583876 0.486030 -0.650280 -0.470796 0.855261 0.216516 0.661392 0.179731 0.728187
-1.187705 -37.602302 -51.291387 -388.447377 -0.608254 -0.478675 0.633164 0.702833 -0.695492 0.149387 0.368853 0.535874 0.759465
-5.314165 -39.348394 112.632717 708.701929 0.653517 0.566576 -0.501903 0.232485 0.480789 0.845454 -0.720324 0.669204 -0.182484
-23.617552 -73.926198 624.603368 2216.256906 0.647705 0.621210 -0.441109 0.472297 0.126929 0.872253 -0.597841 0.773296 0.211183
-38.093673 -393.373592 -60.739728 -19802.642578 0.677975 0.517321 0.522234 -0.403419 -0.332040 0.852644 -0.614494 0.788751 0.016418
-6.809071 -82.225784 -161.454148 -2850.916931 0.795023 -0.052632 -0.604292 -0.599296 0.085761 -0.795920 -0.093715 -0.994925 -0.036640
-3.660494 -42.939631 -163.372574 -1594.277514 0.805286 -0.112768 -0.582064 -0.591839 -0.094558 -0.800490 -0.035231 -0.989112 0.142887
-3.756185 -88.013198 -128.386869 -3138.621040 0.751766 -0.111083 -0.650006 -0.639663 0.116693 -0.759746 -0.160246 -0.986936 -0.016670
1.603919 -3.369808 -50.629351 -82.282537 -0.018687 0.922807 -0.384810 0.999111 0.031778 0.027688 0.037780 -0.383951 -0.922580
1.571035 -2.485911 -46.032445 -48.614993 -0.018805 0.922648 -0.385184 0.999822 0.016654 -0.008920 -0.001815 -0.385283 -0.922797
1.172718 -3.275740 -106.446835 -73.832055 -0.028174 0.907605 -0.418878 0.999087 0.039025 0.017359 0.032102 -0.418007 -0.907876
0.379764 -4.801400 -54.105696 -77.906615 -0.078621 0.909520 -0.408157 0.990067 0.119106 0.074700 0.116555 -0.398230 -0.909850
0.583503 -4.747204 17.727358 -96.924046 -0.041898 0.938474 -0.342799 0.994103 0.073504 0.079727 0.100019 -0.337437 -0.936020
-4.812538 -10.245622 -81.594400 -227.085278 -0.080148 0.948660 -0.305974 0.586919 -0.203194 -0.783733 0.805669 0.242397 0.540501
-3.911976 -6.677656 -61.508627 -88.458527 -0.280100 0.959820 0.016999 0.621805 0.194892 -0.758535 0.731370 0.201896 0.651410
-2.845354 -9.617093 -82.382894 -203.200509 -0.060811 0.985246 -0.159977 0.617677 -0.088755 -0.781408 0.784077 0.146332 0.603166
-2.558508 -9.805353 -205.059510 -80.657574 -0.011464 0.983584 -0.180086 0.443206 -0.156442 -0.882663 0.896346 0.089934 0.434137
9.182457 -13.199953 -65.996529 130.764047 -0.217583 0.973803 -0.066068 0.848200 0.222142 0.480843 -0.482922 -0.048584 0.874314
8.987707 -14.196497 -76.120603 36.900369 -0.216008 0.973698 -0.072476 0.706464 0.207099 0.676770 -0.673980 -0.094986 0.732618
10.938796 -11.646524 -40.245330 65.566086 -0.102483 0.966045 -0.237182 0.760425 0.229800 0.607409 -0.641288 0.118110 0.758155
-2.553524 -6.404632 -73.033858 38.993285 0.104711 0.944282 -0.312037 0.638432 -0.304398 -0.706927 0.762522 0.125192 0.634734
-1.935669 -5.951085 -104.446333 25.398970 0.090591 0.939476 -0.330420 0.549293 -0.323889 -0.770307 0.830705 0.111715 0.545389
-2.774815 -6.304516 27.801894 29.579131 0.063661 0.914998 -0.398403 0.641764 -0.343256 -0.685795 0.764255 0.212022 0.609065
-1.746841 -2.853455 -42.190983 23.699283 0.710470 0.008589 0.703675 0.141326 0.977813 -0.154626 -0.689390 0.209305 0.693493
-2.747971 -2.884343 -56.294368 26.927612 0.727583 -0.061228 0.683282 0.197325 0.972596 -0.122966 -0.657028 0.224296 0.719726
-2.083006 -2.335940 -57.155871 42.026657 0.598275 -0.361341 0.715192 0.456031 0.887447 0.066890 -0.658865 0.286131 0.695720
-1.263206 -2.253052 -35.799386 47.894886 0.690172 -0.050711 0.721866 0.231309 0.960668 -0.153666 -0.685681 0.273030 0.674756
-0.829463 -2.646100 -30.973039 24.097503 0.696962 0.086616 0.711858 0.080974 0.976824 -0.198136 -0.712521 0.195735 0.673796
0.520288 -8.371781 27.195347 23.586372 0.900428 -0.424355 -0.095667 0.355295 0.844318 -0.401114 -0.250989 -0.327184 -0.911019
0.779249 -7.946217 27.819091 39.105698 0.898561 -0.428729 -0.093695 0.391141 0.879222 -0.271989 -0.198989 -0.207751 -0.957728
0.902629 -8.780991 16.608107 36.870397 0.899941 -0.412806 -0.140345 0.320902 0.845013 -0.427756 -0.295174 -0.339918 -0.892932
0.639606 -9.078470 15.941309 15.323730 0.904276 -0.399719 -0.150029 0.261279 0.796013 -0.545982 -0.337664 -0.454520 -0.824254
0.260485 -8.585675 19.934900 -2.485971 0.902058 -0.417163 -0.110755 0.302331 0.793839 -0.527651 -0.308038 -0.442487 -0.842210
3.647047 -28.789663 -78.514130 539.600615 -0.731770 -0.277916 0.622315 -0.257416 0.958155 0.125206 -0.631071 -0.068571 -0.772689
-9.671281 -23.777530 -309.715418 -376.159785 0.762436 -0.576393 -0.294045 0.034659 0.490156 -0.870946 -0.646135 -0.653849 -0.393689
52.393369 -1.256159 677.212660 -113.385092 0.839351 -0.472960 -0.267951 0.136831 0.660885 -0.737908 -0.526086 -0.582700 -0.619431
105.462779 -26.210141 3170.886896 1212.227008 -0.465180 0.854353 -0.231707 -0.732750 -0.224772 0.642305 -0.496674 -0.468571 -0.730586
1.202016 -14.554899 -19.087687 -216.420946 0.774236 0.318153 -0.547117 -0.583958 0.692429 -0.423716 -0.244033 -0.647550 -0.721891
1.580824 -15.976507 -22.549904 -52.698009 0.774203 0.347052 -0.529306 -0.520776 0.824572 -0.221076 -0.359726 -0.446807 -0.819122
0.921021 -16.876334 -15.115458 -182.889684 0.781942 0.295868 -0.548662 -0.502041 0.820636 -0.272968 -0.369489 -0.488896 -0.790227
4.152538 -6.417750 -48.526403 -17.063685 0.057681 0.962739 -0.264209 0.916367 -0.156077 -0.368661 0.396161 0.220848 0.891225
3.618770 -6.439964 -84.285831 -16.779455 0.063628 0.977713 -0.200073 0.912735 -0.138084 -0.384510 0.403567 0.158148 0.901179
4.199753 -6.160849 -71.728861 -18.989999 0.059376 0.968434 -0.242094 0.950939 -0.128641 -0.281367 0.303628 0.213510 0.928560
3.314299 -6.490674 -61.835799 7.115176 0.064869 0.975386 -0.210747 0.851422 -0.164247 -0.498100 0.520454 0.147123 0.841120
4.082669 -6.119381 -6.282026 -24.788547 -0.043033 -0.945295 0.323365 0.956973 -0.131969 -0.258432 0.286969 0.298331 0.910301
4.140628 -6.433995 51.087941 -23.600555 0.027223 0.934556 -0.354774 0.920352 -0.161948 -0.355986 0.390143 0.316826 0.864528
3.794159 -6.488596 12.609171 6.073044 0.043647 0.957052 -0.286611 0.856986 -0.183319 -0.481631 0.513487 0.224600 0.828182
3.623664 -6.407608 -117.788996 -29.977135 0.010103 -0.904349 0.426674 0.927683 -0.150788 -0.341566 0.373232 0.399269 0.837426
2.207219 -6.587646 -113.669826 -20.371895 0.016418 -0.890353 0.454974 0.912258 -0.172926 -0.371324 0.409286 0.421150 0.809393
3.490016 -6.508129 84.976487 -7.159084 0.002927 0.918772 -0.394778 0.869352 -0.197433 -0.453043 0.494186 0.341874 0.799314
3.665867 -6.146828 -97.510441 -38.818271 -0.003064 -0.910136 0.414299 0.961088 -0.117120 -0.250184 0.276224 0.397412 0.875080
17.709121 -25.510268 864.999349 -234.385179 0.843245 -0.450783 0.292801 0.535435 0.752442 -0.383588 0.047401 -0.480235 -0.875858
64.096833 -28.119677 3242.739335 49.072843 -0.603410 0.765716 0.222654 -0.774335 -0.629343 0.065827 -0.190531 0.132688 -0.972672
281.756390 -17.844593 10733.739499 -456.938934 -0.379106 0.861587 0.337560 -0.852400 -0.467122 0.234970 -0.360128 0.198658 -0.911506
422.466141 -28.550433 -16765.992360 48.528345 -0.270922 0.264632 -0.925511 0.827596 0.555072 -0.083547 0.491617 -0.788584 -0.369390
26.166433 -17.969471 1747.466780 -277.318299 -0.463278 0.883341 0.071292 -0.816436 -0.456707 0.353343 -0.344682 -0.105491 -0.932773
-1.062413 -77.825496 -49.897261 2242.791543 -0.024602 0.178893 0.983561 0.964370 0.263483 -0.023801 -0.263410 0.947931 -0.179001
-3.175933 -113.888813 -62.978330 4907.069086 0.046868 0.302285 0.952065 0.987495 -0.157642 0.001440 0.150521 0.940092 -0.305893
-13.255017 -1220.889336 369.628200 -45969.234086 -0.459090 -0.134751 -0.878111 -0.530822 0.834191 0.149510 0.712366 0.534759 -0.454498
-14.907427 -411.952664 -564.535295 17295.110449 -0.099713 0.492698 -0.864468 0.881590 0.446586 0.152841 0.461364 -0.746866 -0.478888
8.830173 -218.834840 -2620.742346 -11869.559571 0.139121 0.110877 -0.984049 0.273101 0.950880 0.145749 0.951873 -0.289021 0.102007
-10.928652 -149.447379 263.393971 5174.736142 -0.123463 0.050888 0.991044 0.991837 0.038406 0.121590 -0.031874 0.997966 -0.055215
1.424301 -7.606480 -110.341370 11.172769 -0.031520 0.986295 -0.161951 0.867136 -0.053597 -0.495179 0.497072 0.156042 0.853563
0.924743 -8.002335 -130.874403 13.668096 -0.014273 0.988688 -0.149304 0.933383 -0.040377 -0.356602 0.358597 0.144447 0.922249
1.912091 -7.668397 -11.346875 15.951699 -0.069348 0.970915 -0.229161 0.924411 -0.023818 -0.380653 0.375040 0.238237 0.895873
2.720254 -9.008862 -20.166047 -9.008531 -0.684481 0.650858 0.328434 0.066600 0.504449 -0.860869 0.725982 0.567375 0.388633
3.407802 -9.553127 170.041694 14.053233 -0.722090 0.667214 0.182788 0.104777 0.366651 -0.924440 0.683819 0.648377 0.334664
1.526608 -9.296910 74.205526 -57.361029 -0.709220 0.687887 0.154330 0.324103 0.512548 -0.795143 0.626070 0.513913 0.586455
4.718089 -9.319629 -86.679388 -107.974485 0.725521 -0.621557 -0.295444 0.135409 -0.291978 0.946791 0.674747 0.726922 0.127672
1.474591 -9.183378 -28.605180 -40.472866 -0.690571 0.659765 0.296349 0.260095 0.608861 -0.749425 0.674880 0.440452 0.592063
2.636777 -9.222358 -61.308627 0.722462 -0.673138 0.621742 0.400401 -0.110417 0.450867 -0.885735 0.731227 0.640433 0.234845
2.187622 -9.499401 -154.513557 -49.834280 -0.630979 0.641078 0.436904 0.083378 0.615941 -0.783367 0.771307 0.457860 0.442098
-7.392501 -91.650130 25.868302 3040.471399 -0.580546 0.806099 0.114764 0.023853 -0.124051 0.991989 -0.813878 -0.578633 -0.052789
-12.240301 -52.288821 160.672066 1018.069696 -0.513364 0.716064 0.472981 0.520633 -0.178263 0.834963 -0.682202 -0.674889 0.281292
-13.271461 -50.402179 -227.773410 615.352951 -0.414899 0.739334 0.530324 0.545801 -0.264107 0.795204 -0.727984 -0.619381 0.293951
-7.477874 -85.621921 -27.756684 2589.376090 -0.548085 0.821035 0.159697 0.261304 -0.013297 0.965165 -0.794558 -0.570722 0.207252
-6.976262 -79.334087 79.224424 2496.268415 -0.508098 0.860904 0.026069 -0.337197 -0.226679 0.913737 -0.792549 -0.455478 -0.405470
-7.378949 -10.916689 -78.386940 119.701914 0.006859 0.982725 0.184942 -0.934015 0.072355 -0.349829 0.357167 0.170339 -0.918377
-8.841714 -11.595086 86.299627 116.752080 -0.235807 0.938385 0.252644 -0.894178 -0.107700 -0.434565 0.380579 0.328382 -0.864479
-7.752357 -11.215281 65.477829 -52.999252 -0.511464 0.836040 0.198600 0.760622 0.332935 0.557323 0.399823 0.436110 -0.806195
-6.354985 -9.212589 -32.729755 -68.051434 0.779781 -0.619098 -0.093057 0.601622 0.699909 0.384940 0.173184 0.356154 -0.918238
-6.859220 -10.184938 -13.171614 -25.977203 0.686289 -0.712683 -0.145223 0.666415 0.536163 0.518093 0.291373 0.452340 -0.842906
-7.655816 -8.524864 9.203482 -54.903454 -0.650323 -0.508153 0.564677 -0.141926 0.811516 0.566832 -0.746282 0.288482 -0.599868
-7.390093 -8.691966 -42.744910 -40.445403 -0.760579 -0.178572 0.624205 0.120384 0.905970 0.405864 -0.637987 0.383836 -0.667564
-7.671509 -8.846213 -58.387055 -39.587888 0.437316 0.843440 -0.312032 -0.306099 0.465855 0.830230 -0.845611 0.267560 -0.461902
-7.210492 -8.013039 -14.889276 -76.442867 -0.721873 -0.349056 0.597544 -0.113423 0.911472 0.395415 -0.682667 0.217664 -0.697559
-7.264686 -8.396051 -63.849985 -51.680268 0.405162 0.867025 -0.290020 -0.440134 0.463021 0.769346 -0.801328 0.184062 -0.569206
-0.646840 -5.926071 77.822080 -2.544718 0.228965 0.919527 -0.319446 -0.707971 0.382530 0.593673 -0.668096 -0.090228 -0.738585
0.775124 -5.724016 98.532983 -4.278691 0.247634 0.910523 -0.331096 -0.755068 0.395506 0.522922 -0.607083 -0.120507 -0.785448
2.150161 -5.633849 54.582561 -2.345746 0.169263 0.924701 -0.340995 -0.755641 0.343884 0.557450 -0.632737 -0.163314 -0.756949
-0.885713 -6.092960 -16.390657 26.465079 -0.293295 0.924152 0.244786 -0.510968 -0.367940 0.776873 -0.808016 -0.102775 -0.580127
-0.754673 -4.925653 -3.687586 30.970496 -0.271486 0.941966 0.197471 -0.409765 -0.298780 0.861872 -0.870855 -0.153069 -0.467099
-0.759985 -4.221709 -3.201491 41.767352 -0.248408 0.958508 0.139840 -0.330815 -0.219633 0.917781 -0.910415 -0.181723 -0.371648
2.730739 -6.086121 100.543234 -31.603618 -0.354980 0.883789 -0.304805 -0.825100 -0.449470 -0.342326 0.439544 -0.129976 -0.888767
1.132395 -5.509213 115.334720 -50.805530 -0.393227 0.877308 -0.275142 -0.777395 -0.477029 -0.410000 0.490947 -0.052672 -0.869596
0.525906 -6.098327 85.030733 -15.182806 -0.373735 0.884505 -0.279236 -0.846247 -0.448409 -0.287741 0.379721 -0.128764 -0.916096
-0.672810 -9.947790 19.431511 40.156996 -0.289725 0.907067 0.305433 0.603688 0.420822 -0.677104 0.742711 0.011788 0.669508
-0.262326 -11.948415 14.554213 57.907922 -0.286663 0.906575 0.309752 0.732991 0.415736 -0.538412 0.616886 -0.072703 0.783687
-0.780593 -10.578345 -0.896140 76.718644 -0.231412 0.931225 0.281547 0.629776 0.363975 -0.686224 0.741505 -0.018511 0.670692
0.818589 -19.108732 2.934171 -137.761921 -0.131363 -0.968984 0.209316 0.963072 -0.074683 0.258679 -0.235024 0.235568 0.943012
0.049607 -6.875493 -11.610297 6.286639 -0.548137 0.755434 0.358978 -0.665661 -0.653888 0.359620 -0.506400 0.041836 -0.861283
-0.174651 -6.755493 0.727224 -4.669513 -0.521477 0.772964 0.361370 -0.580656 -0.631798 0.513487 -0.625220 -0.057940 -0.778294
-0.024947 -7.071877 2.219042 10.132490 -0.527854 0.768459 0.361719 -0.684547 -0.637028 0.354388 -0.502758 0.060548 -0.862304
0.050665 -7.632878 -5.671178 29.099338 -0.545689 0.754535 0.364554 -0.749696 -0.633947 0.189915 -0.374406 0.169670 -0.911610
0.103046 -7.596142 -5.341266 33.181900 -0.535588 0.757203 0.373885 -0.742024 -0.633343 0.219720 -0.403170 0.159752 -0.901073
-2.407120 -12.632073 -10.403674 -19.422166 0.100865 0.921253 -0.375658 0.574441 0.254359 0.778022 -0.812307 0.294269 0.503550
-2.489905 -13.142558 1.994359 -40.011518 0.168344 0.897556 -0.407496 0.589628 0.239594 0.771319 -0.789936 0.370118 0.488890
-2.443319 -12.849741 -10.235651 -1.485712 0.110418 0.921223 -0.373037 0.421979 0.296369 0.856796 -0.899856 0.252019 0.356012
-1.980978 -12.508879 -19.978524 7.015374 0.051941 0.937853 -0.343123 0.405755 0.294129 0.865362 -0.912505 0.184172 0.365261
-1.947135 -12.128299 -19.962285 -11.296230 0.045741 0.938788 -0.341444 0.555707 0.260121 0.789637 -0.830119 0.225862 0.509793
0.231895 -61.835667 191.279504 1218.313114 0.511154 0.550719 -0.659872 -0.704934 0.707862 0.044711 0.491721 0.442312 0.750047
0.528632 -42.603751 -47.626892 420.471417 -0.595386 -0.465107 0.655126 0.778561 -0.535336 0.327503 0.198388 0.705047 0.680846
0.232535 -41.553412 -85.437191 716.868976 -0.645126 -0.423839 0.635746 0.754079 -0.487331 0.440310 0.123198 0.763458 0.633998
-5.706048 -34.930916 -95.302651 820.203180 -0.630553 -0.562161 0.535143 0.650940 -0.007524 0.759092 -0.422706 0.826994 0.370677
-0.028071 -86.531057 -39.876854 -1854.598208 0.762970 -0.323977 -0.559389 0.264613 -0.633000 0.727524 0.589794 0.703100 0.397231
2.811507 -129.058057 -23.349997 -5174.083965 0.829745 -0.233827 -0.506801 0.303718 -0.572652 0.761463 0.468271 0.785745 0.404138
1.853614 -143.718196 -114.645079 -5197.839191 0.769732 -0.442014 -0.460583 0.428263 -0.177490 0.886052 0.473396 0.879273 -0.052679
-4.354188 -149.702969 37.195426 2973.933467 0.840860 -0.150829 -0.519812 -0.091820 0.906717 -0.411623 0.533407 0.393846 0.748573
4.249640 -46.070762 -23.449700 -677.268088 0.743632 -0.458712 -0.486410 0.365374 -0.330458 0.870230 0.559923 0.824852 0.078138
0.536277 -77.017036 8.894721 874.409339 0.789384 -0.376825 -0.484639 0.077963 0.844587 -0.529712 0.608929 0.380363 0.696082
2.972786 -53.367982 22.314380 -507.071723 0.747949 -0.451833 -0.486229 -0.085431 0.660918 -0.745580 0.658235 0.599195 0.455732
1.162436 -2.546112 -101.282921 -43.336967 0.017817 0.908387 -0.417750 0.999772 -0.021104 -0.003250 -0.011768 -0.417596 -0.908556
-4.891389 -6.543597 -2.769196 -37.213672 0.669566 -0.567804 -0.478832 0.177369 0.748252 -0.639265 0.721264 0.343100 0.601714
-4.008341 -5.806661 26.588856 -36.198300 0.612486 -0.677197 -0.407757 0.370230 0.701512 -0.608942 0.698420 0.222005 0.680385
-2.855444 -5.387185 -59.606488 -39.846135 -0.442540 0.860410 0.252690 0.594034 0.492365 -0.636160 0.671775 0.131420 0.729004
-2.199622 -6.912714 -41.287667 -114.137739 -0.236900 0.971320 0.020407 0.678510 0.180446 -0.712084 0.695343 0.154846 0.701798
6.068738 -14.519662 -138.345099 53.487004 -0.371252 0.925760 0.071694 0.640718 0.199527 0.741397 -0.672051 -0.321181 0.667226
3.099917 -12.993697 -182.016027 69.188347 -0.437915 0.881176 0.178210 0.721382 0.226119 0.654582 -0.536506 -0.415209 0.734686
2.079029 -13.073625 -152.925612 22.973555 -0.478998 0.870983 0.109314 0.544829 0.197342 0.814996 -0.688275 -0.449938 0.569063
-0.946832 -6.504829 -224.147649 44.176844 0.104172 0.974053 -0.200918 0.619870 -0.221568 -0.752774 0.777759 0.046125 0.626867
0.918884 -6.163745 -194.134497 24.260064 0.085492 0.977024 -0.195233 0.535608 -0.210296 -0.817863 0.840128 0.034647 0.541280
-1.477838 -5.563492 -134.217923 2.028527 0.128513 0.922870 -0.363037 0.442540 -0.380970 -0.811801 0.887493 0.056331 0.457366
-2.189699 -5.658427 13.528713 11.700376 0.106972 0.856571 -0.504821 0.458101 -0.493092 -0.739597 0.882440 0.152143 0.445143
-2.768143 -3.751897 33.244690 -52.382522 0.274562 0.959273 -0.066420 0.748108 -0.169704 0.641510 -0.604111 0.225824 0.764234
-3.122328 -3.876922 -3.398680 -53.718907 0.076521 0.987249 -0.139585 0.785874 0.026440 0.617821 -0.613633 0.156972 0.773831
-2.353460 -3.290424 51.656000 -58.017877 0.285177 0.949395 -0.131620 0.735416 -0.128670 0.665287 -0.614685 0.286520 0.734894
-2.800324 -4.719624 13.402673 -41.044595 0.183094 0.979212 -0.087298 0.822480 -0.103933 0.559217 -0.538519 0.174190 0.824412
-2.500525 -4.473833 36.844756 -43.673523 0.281465 0.954735 -0.096217 0.788916 -0.173161 0.589599 -0.546250 0.241859 0.801945
0.980956 -7.305913 -22.003192 29.952949 -0.896806 0.430278 0.102959 0.414253 0.898362 -0.146083 -0.155351 -0.088357 -0.983900
0.583498 -7.195229 -27.369904 34.726516 -0.894714 0.439083 0.081815 0.430593 0.896633 -0.103146 -0.118648 -0.057057 -0.991296
0.756140 -6.684063 -20.889417 16.052937 -0.892704 0.440754 0.093891 0.444489 0.895505 0.022366 -0.074222 0.061700 -0.995331
0.143872 -7.119593 -17.673468 37.766275 -0.888112 0.452306 0.081708 0.448488 0.891685 -0.061286 -0.100578 -0.017784 -0.994770
0.369146 -6.556122 20.705484 20.725437 0.892713 -0.442553 -0.084913 0.448187 0.891552 0.065289 -0.046811 0.096342 -0.994247
-9.033369 -16.835852 -186.114692 -1248.347688 0.866749 -0.496955 -0.042220 0.241202 0.491765 -0.836653 -0.436542 -0.714985 -0.546103
1.993008 -15.034710 -25.480552 -7.828721 0.772535 0.362243 -0.521507 -0.586185 0.722570 -0.366442 -0.244084 -0.588789 -0.770552
2.182013 -16.925629 -39.539251 100.469674 0.771933 0.378689 -0.510601 -0.534698 0.821201 -0.199316 -0.343828 -0.426876 -0.836397
1.359728 -14.098713 -16.208974 -153.880344 0.789774 0.319324 -0.523726 -0.601417 0.571036 -0.558762 -0.120640 -0.756274 -0.643037
2.816662 -21.031671 -58.895610 391.657529 0.795123 0.361834 -0.486679 -0.558017 0.750775 -0.353489 -0.237482 -0.552642 -0.798868
2.134686 -17.012054 -27.181864 153.984329 0.810865 0.338802 -0.477190 -0.575266 0.611274 -0.543519 -0.107549 -0.715232 -0.690562
2.581890 -6.491094 -60.044569 3.092643 0.056345 0.984091 -0.168495 0.844892 -0.136915 -0.517118 0.531961 0.113223 0.839165
0.894965 -15.333376 -77.815187 1.544441 -0.143381 0.797805 -0.585618 -0.035664 -0.595513 -0.802554 0.989025 0.094185 -0.113838
1.695127 -15.370543 -72.187520 56.312237 -0.148055 0.815749 -0.559136 0.153573 -0.539545 -0.827833 0.976983 0.208433 0.045395
1.890865 -14.661612 -66.454499 -10.514527 -0.151735 0.809918 -0.566577 -0.073104 -0.580840 -0.810728 0.985714 0.081597 -0.147342
0.502462 -15.555169 -71.834540 29.308077 -0.153448 0.809400 -0.566855 0.265202 -0.518871 -0.812675 0.951904 0.275035 0.135035
3.907281 -22.258548 -229.404868 -13.938840 -0.467137 0.667819 -0.579483 0.691190 -0.132900 -0.710348 -0.551397 -0.732363 -0.399507
2.989552 -20.942665 -209.029654 -197.970221 -0.358445 0.605236 -0.710779 0.878383 -0.039201 -0.476347 -0.316165 -0.795080 -0.517578
8.813915 -20.748168 -428.703346 278.304045 -0.600418 0.551720 -0.578881 0.773399 0.216546 -0.595787 -0.203353 -0.805427 -0.556717
4.252171 -24.054761 -116.320816 352.578803 -0.547441 0.693699 -0.468070 0.653278 0.004691 -0.757104 -0.523006 -0.720250 -0.455746
-2.474579 -32.405106 -264.535573 1040.130025 0.696332 -0.358124 -0.621988 -0.481343 0.409809 -0.774833 -0.532383 -0.838930 -0.112983
-3.823700 -41.094679 -17.886061 1919.988605 0.812465 -0.244842 -0.529107 -0.369664 0.485443 -0.792271 -0.450832 -0.839284 -0.303896
-1.805465 -48.578735 -181.845893 2224.232073 0.691723 -0.412558 -0.592719 -0.542461 0.244960 -0.803574 -0.476713 -0.877377 0.054353
-5.622490 -28.183025 -29.037262 1126.638485 0.385167 0.059071 -0.920954 0.829117 -0.460359 0.317230 -0.405231 -0.885765 -0.226292
4.005628 -154.954875 -124.709846 5683.582289 0.731861 -0.318147 -0.602629 -0.583160 0.165132 -0.795396 -0.352566 -0.933549 0.064677
-2.375512 -24.611340 -209.546985 901.957873 0.386099 -0.150262 -0.910137 0.726287 -0.558766 0.400358 -0.568713 -0.815599 -0.106606
1.391488 -47.343291 -294.430661 247.175544 0.554007 -0.267747 -0.788282 0.559933 -0.580868 0.590819 -0.616078 -0.768702 -0.171884
-2.411747 -5.710169 -30.140710 -57.103491 0.865737 -0.487040 -0.115287 -0.499230 -0.856713 -0.129664 0.035616 -0.169810 0.984833
-1.905964 -4.724073 -37.388526 64.217553 0.875146 -0.466976 -0.126696 0.474643 0.879386 0.037334 0.093981 -0.092808 0.991239
-2.028568 -4.432429 -33.589888 48.760864 0.814553 -0.570296 -0.106142 0.574795 0.818157 0.015162 0.078194 -0.073360 0.994235
-2.403028 -5.107503 3.616530 -60.513156 0.771418 -0.625642 -0.116135 -0.634096 -0.771076 -0.057995 0.053265 -0.118379 0.991539
-1.996222 -3.854819 7.855260 41.205084 -0.634131 0.766081 0.104866 0.764995 0.641320 -0.059086 0.112518 -0.042754 0.992730
1.921413 -9.503266 14.448659 -60.112554 -0.607822 0.779067 0.153647 0.345072 0.433410 -0.832515 0.715177 0.453002 0.532271
5.247125 -9.832584 109.818139 91.144225 -0.676914 0.702673 0.219176 -0.085911 0.220311 -0.971639 0.731031 0.676546 0.088764
-21.009952 -90.255704 -2.948443 -2181.080498 0.545150 -0.323782 -0.773290 0.773982 -0.160043 0.612649 -0.322124 -0.932498 0.163354
-7.143374 -79.747002 104.174563 -2222.534017 0.274952 -0.567565 -0.776061 0.749899 -0.378556 0.542537 -0.601708 -0.731139 0.321532
1.118608 -42.258846 -11.642720 -1464.772937 -0.860354 -0.231694 0.453992 -0.064178 0.932865 0.354463 -0.505640 0.275828 -0.817464
-0.529780 -27.127830 -106.028470 -1005.079186 -0.877567 -0.238540 0.415901 -0.104279 0.941645 0.320048 -0.467976 0.237494 -0.851232
10.872537 -283.356883 374.677420 -11414.435553 0.898084 0.201400 -0.391003 0.071609 0.810180 0.581791 -0.433955 0.550496 -0.713188
10.828056 -191.498638 20.023982 -6979.750303 -0.828766 -0.366968 0.422470 0.000092 0.754867 0.655877 -0.559595 0.543608 -0.625575
1.267168 -48.302263 29.325811 -1891.315257 -0.844352 -0.305903 0.439879 -0.112942 0.904164 0.411985 -0.523750 0.298179 -0.797982
-0.945162 -19.152232 -12.368812 -557.975242 -0.845196 -0.368420 0.387184 -0.207215 0.893667 0.398020 -0.492652 0.256175 -0.831666
-3.810081 -10.615276 -176.791703 89.480063 -0.028743 0.999337 -0.022346 -0.934635 -0.034796 -0.353901 0.354444 -0.010713 -0.935016
-3.427776 -10.862267 -136.382475 281.930412 0.057782 0.998324 0.003276 -0.989590 0.057709 -0.131836 0.131805 -0.004376 -0.991266
-1.144481 -6.324475 7.147423 -15.903834 0.141384 0.950589 -0.276388 -0.662410 0.298323 0.687181 -0.735679 -0.085925 -0.671858
-1.717570 -6.187964 -30.359523 23.119796 -0.265961 0.917204 0.296650 -0.490436 -0.393675 0.777491 -0.829902 -0.061295 -0.554532
-2.436489 -6.106719 -35.633202 20.826888 -0.213631 0.934399 0.285062 -0.436508 -0.352350 0.827835 -0.873969 -0.052420 -0.483146
-2.727118 -5.795776 -43.856919 25.997364 -0.184390 0.953411 0.238761 -0.338845 -0.289699 0.895131 -0.922597 -0.084151 -0.376476
-0.169262 -2.643170 -15.514955 10.819376 0.092561 0.957078 0.274652 -0.852246 0.218788 -0.475194 0.514888 0.190087 -0.835917
-0.246272 -2.486243 -18.197260 -13.714436 0.148120 0.936233 0.318635 -0.802499 0.302077 -0.514534 0.577976 0.179492 -0.796069
-0.141781 -2.999474 -5.962025 12.821468 0.126628 0.943297 0.306849 -0.826502 0.271384 -0.493199 0.548507 0.191159 -0.814002
-0.136466 -12.487503 26.124716 -35.171618 -0.390515 0.907380 0.155436 0.919302 0.375416 0.118099 0.048807 0.189012 -0.980761
-0.540849 -14.004470 35.260405 -63.694321 -0.374044 0.910100 0.178352 0.890339 0.298560 0.343741 0.259589 0.287368 -0.921972
-1.194781 -12.999288 45.904751 -115.840119 -0.361468 0.917975 0.163288 0.931034 0.345943 0.116187 0.050168 0.194024 -0.979713
0.187653 -13.140324 14.497598 -5.848108 -0.397982 0.904825 0.151333 0.881373 0.331348 0.336734 0.254542 0.267395 -0.929359
-0.675661 -11.258272 34.148508 84.325276 -0.364097 0.921156 0.137494 -0.919537 -0.378985 0.104029 -0.147935 0.088554 -0.985025
0.176509 -11.615448 15.862249 36.574280 -0.375528 0.917358 0.132031 -0.913828 -0.390253 0.112347 -0.154588 0.078464 -0.984858
0.366634 -12.612682 6.098823 12.731341 -0.400418 0.906194 0.135935 0.915117 0.387825 0.110237 0.047177 0.168538 -0.984566
-0.582125 -34.343949 12.972734 -236.024142 0.055754 0.932494 -0.356857 0.684064 0.224671 0.693959 -0.727288 0.282804 0.625359
-0.386396 -6.930765 5.293396 3.218374 -0.486885 0.796949 0.357513 -0.604462 -0.602886 0.520725 -0.630531 -0.037431 -0.775261
-0.567929 -6.936953 4.482438 -5.886181 -0.484545 0.799218 0.355622 -0.471180 -0.580973 0.663672 -0.737025 -0.154016 -0.658083
31.945902 -3.281422 855.942507 -30.269524 -0.522329 -0.129706 -0.842822 0.851037 -0.016786 -0.524837 0.053926 -0.991410 0.119152
19.025113 -2.404793 -257.950931 -18.705820 -0.494629 -0.465947 -0.733646 0.836587 -0.026515 -0.547192 0.235510 -0.884415 0.402920
28.752895 -3.004230 -742.923405 -80.979222 -0.473944 -0.611181 -0.633905 0.825231 -0.057141 -0.561898 0.307199 -0.789426 0.531447
44.718703 -3.634793 -1089.571005 -91.331215 -0.586062 -0.456963 -0.669116 0.731560 0.056619 -0.679422 0.348356 -0.887682 0.301114
-2.583475 -13.105010 -1.112691 -12.930765 0.185151 0.898653 -0.397670 0.439359 0.286272 0.851476 -0.879023 0.332372 0.341828
-2.431416 -13.558013 8.786468 -50.055953 0.242591 0.873512 -0.422051 0.599381 0.207125 0.773202 -0.762818 0.440541 0.473320
1.416614 -106.652132 233.114440 4200.073668 0.528595 0.553671 -0.643456 -0.432625 0.827893 0.356973 0.730358 0.089681 0.677152
-1.061430 -43.168011 40.771561 403.520280 0.530186 0.573832 -0.624195 -0.217598 0.803613 0.553947 0.819484 -0.157871 0.550929
0.430023 -6.984727 -0.920713 12.282203 -0.244697 0.847000 0.471925 0.383807 0.531580 -0.755060 0.890402 0.003633 0.455161
0.071333 -7.211612 -12.746190 15.212854 -0.230491 0.844076 0.484158 0.491610 0.530397 -0.690650 0.839758 -0.078829 0.537208
0.251567 -7.464553 -7.776954 8.066833 -0.263126 0.818687 0.510409 0.512384 0.566858 -0.645085 0.817451 -0.091787 0.568637
3.588572 -91.913838 77.937669 -2915.094834 0.784978 -0.345783 -0.514046 0.530496 -0.053379 0.846005 0.319974 0.936795 -0.141535
3.109711 -748.801526 -563.179090 34132.307334 0.863637 -0.031767 -0.503112 -0.184453 0.908893 -0.374019 0.469157 0.415817 0.779094
-1.601008 -8.056715 44.856428 -133.904571 -0.212837 0.976130 0.043244 0.692366 0.181898 -0.698242 0.689441 0.118671 0.714554
-1.050571 -10.499529 82.630841 -91.663392 -0.228862 0.973451 -0.003958 0.531855 0.121634 -0.838055 0.815324 0.193904 0.545572
-1.315071 -9.319980 -11.226452 -121.818345 -0.170566 0.984893 -0.029897 0.596184 0.078996 -0.798952 0.784520 0.154098 0.600652
-1.965035 -9.962389 49.785187 -151.334802 -0.210640 0.970082 0.120710 0.631234 0.229261 -0.740934 0.746441 0.079874 0.660640
-1.548332 -6.618156 24.037209 -130.078392 -0.263566 0.963527 0.046346 0.715877 0.227574 -0.660099 0.646570 0.140802 0.749748
-1.694827 -5.736124 47.811500 -142.076980 -0.312870 0.936541 0.158126 0.751880 0.345942 -0.561249 0.580335 0.056706 0.812402
-2.514282 -7.575827 29.216143 -148.790055 -0.226663 0.957998 0.175679 0.732296 0.286548 -0.617764 0.642157 0.011375 0.766488
-1.530580 -6.799690 -196.236820 25.765227 0.066779 0.980260 -0.186093 0.727724 -0.175449 -0.663050 0.682612 0.091147 0.725075
1.150264 -8.198208 -11.120489 42.406231 -0.895380 0.421592 0.143367 0.365525 0.879721 -0.304110 -0.254333 -0.219890 -0.941787
-9.791621 -16.628666 -87.441966 -427.072781 0.363615 0.470879 0.803777 0.928993 -0.247167 -0.275463 0.068958 0.846866 -0.527317
-7.086966 -45.733873 135.938044 -1380.387674 0.307770 0.489983 0.815594 0.937418 -0.302886 -0.171777 0.162864 0.817421 -0.552538
-8.808940 -17.983035 21.587993 -494.292716 0.127825 0.628637 0.767122 0.991773 -0.086351 -0.094495 0.006838 0.772890 -0.634503
-8.263095 -40.162734 -15.369565 -1184.415317 0.403200 0.362177 0.840392 0.888276 -0.375665 -0.264276 0.219991 0.853056 -0.473181
-3.961247 -11.000307 -32.961877 -27.950640 0.908861 -0.203940 -0.363842 0.412836 0.564249 0.714975 -0.059485 0.800020 -0.597018
-4.085542 -11.127566 -37.525772 -39.361009 0.930619 -0.164793 -0.326790 0.365852 0.443287 0.818321 -0.010009 0.881101 -0.472821
-9.858617 -21.776561 -98.005797 -601.549421 0.562445 0.255137 0.786486 0.816539 -0.321033 -0.479794 0.130075 0.912054 -0.388893
1.673796 -18.400414 24.684408 -154.234185 -0.786004 -0.353198 0.507395 -0.453623 0.887113 -0.085186 -0.420029 -0.297123 -0.857493
85.947593 -36.969988 -3777.740062 404.156145 -0.321157 0.942546 -0.092001 -0.115202 -0.135308 -0.984083 0.939993 0.305447 -0.152039
23.553056 -276.716347 -1715.066674 -5674.812451 -0.037951 0.344964 -0.937848 0.227935 0.916771 0.327988 0.972936 -0.201321 -0.113422
9.828366 -29.349879 -665.081616 -218.478859 -0.193631 0.677823 -0.709269 -0.005300 0.722218 0.691645 0.981060 0.137683 -0.136251
9.375920 -23.495913 -352.120692 -9.274950 -0.348078 0.735711 -0.581009 0.375270 -0.458593 -0.805521 0.859077 0.498420 0.116464
7.347445 -23.591177 -230.376646 106.014672 -0.512910 0.732050 -0.448359 0.457612 -0.208735 -0.864304 0.726302 0.648485 0.227932
6.109767 -22.292129 -114.676925 -240.915404 0.744480 -0.610818 0.269538 -0.280545 0.080139 0.956489 0.605841 0.787705 0.111701
-4.001601 -4.177831 17.117846 56.848515 0.827380 -0.107883 0.551183 -0.422658 -0.765883 0.484545 -0.369868 0.633865 0.679274
-3.602785 -4.825926 -4.398534 -25.081680 0.502719 -0.384881 0.774042 0.768940 0.608221 -0.196976 -0.394976 0.694214 0.601714
-3.592428 -4.435984 28.346688 30.238727 -0.019529 -0.738599 0.673863 0.900964 0.279199 0.332131 -0.433454 0.613612 0.659998
-4.064270 -88.465279 -83.586965 4665.434607 0.765067 -0.340581 -0.546513 -0.462016 0.300870 -0.834277 -0.448568 -0.890776 -0.072832
-2.606468 -90.736042 21.486302 4395.786367 0.836853 -0.245660 -0.489212 -0.422878 0.277406 -0.862682 -0.347637 -0.928815 -0.128264
-5.266301 -8.906676 281.029575 304.153630 0.943751 -0.318288 0.089592 0.213086 0.378246 -0.900847 -0.252841 -0.869266 -0.424792
-3.996710 -95.231141 162.736143 4939.711709 0.875278 -0.115540 -0.469615 -0.311876 0.607303 -0.730696 -0.369623 -0.786024 -0.495525
1.704472 -7.043454 -10.946440 -7.176114 0.006299 -0.951189 0.308544 0.999686 0.013475 0.021132 -0.024258 0.308314 0.950975
1.351450 -7.606343 33.256364 9.298092 0.026182 -0.975659 0.217726 0.991822 -0.001863 -0.127617 0.124917 0.219286 0.967631
1.081788 -7.503149 90.396839 -53.560596 0.024018 -0.985089 0.170359 0.995125 0.039863 0.090209 -0.095655 0.167362 0.981244
1.542166 -7.144121 -156.956018 -40.437543 -0.016245 0.991908 -0.125917 0.976319 0.042907 0.212037 -0.215724 0.119490 0.969116
2.428480 -7.071208 59.834189 -45.647307 -0.007211 -0.975364 0.220486 0.978874 0.038171 0.200872 -0.204339 0.217276 0.954482
-2.185057 -5.325286 -28.865752 -58.554357 0.906709 -0.398840 -0.137134 -0.413540 -0.904607 -0.103302 0.082851 -0.150375 0.985151
0.404617 -8.466697 35.178705 -52.328132 -0.691822 0.703090 0.164459 0.458333 0.603587 -0.652391 0.557955 0.375961 0.739824
-4.784719 -75.161694 154.855770 -2541.472149 0.297447 -0.357704 -0.885197 0.898247 -0.209346 0.386428 -0.323540 -0.910067 0.259037
-8.203877 -11.435202 -22.643348 37.828015 -0.148587 0.971789 0.183159 -0.845120 -0.028609 -0.533811 0.513512 0.234109 -0.825529
-8.933903 -11.342343 134.517013 10.866522 -0.395056 0.897206 0.197363 -0.730746 -0.176713 -0.659380 0.556723 0.404714 -0.725442
-0.266819 -5.690142 50.867590 -4.829035 0.225352 0.916921 -0.329350 -0.791494 0.369415 0.486898 -0.568115 -0.150955 -0.808986
0.533126 -5.690584 91.540744 -11.802750 0.241630 0.913658 -0.326870 -0.829314 0.369339 0.419318 -0.503839 -0.169757 -0.846953
1.987343 -5.699490 78.869939 -2.080778 0.195747 0.917170 -0.347105 -0.810829 0.350455 0.468762 -0.551579 -0.189684 -0.812268
-1.213282 -6.497690 -28.646923 27.272749 -0.303505 0.909376 0.284465 -0.552946 -0.411231 0.724665 -0.775974 -0.062645 -0.627646
-0.193330 -2.570793 -12.114200 -33.984853 0.238620 0.894263 0.378621 -0.743343 0.419085 -0.521353 0.624901 0.157040 -0.764746
-0.649775 -1.758737 -23.816736 -39.967249 0.280712 0.869951 0.405446 -0.719953 0.470213 -0.510457 0.634719 0.148611 -0.758318
-0.489853 -1.903947 14.020735 -30.844685 0.011462 0.964807 0.262708 -0.799085 0.166775 -0.577624 0.601109 0.203305 -0.772875
-1.774995 -15.456229 52.006174 -121.037513 -0.327565 0.925824 0.188548 0.900909 0.245921 0.357611 0.284717 0.287005 -0.914639
-0.955423 -16.091507 37.382932 120.173195 -0.337916 0.919164 0.202362 -0.818115 -0.180567 -0.545970 0.465296 0.350047 -0.812998
-0.122198 -14.363141 24.582681 72.347560 -0.371523 0.911646 0.175707 -0.817596 -0.231591 -0.527165 0.439896 0.339511 -0.831399
0.255280 -17.648557 2.033032 62.253622 0.006221 0.937359 -0.348309 0.391528 0.318224 0.863388 -0.920145 0.141743 0.365023
0.090476 -18.692169 2.472582 -36.230796 -0.005992 0.922329 -0.386359 0.157929 0.382390 0.910404 -0.987432 0.055562 0.147954
0.169678 -19.706020 3.479902 69.852105 0.004422 0.925582 -0.378521 0.392239 0.346585 0.852072 -0.919853 0.152239 0.361517
0.113628 -16.428612 2.301785 19.978228 0.003696 0.934828 -0.355082 0.195324 0.347570 0.917084 -0.980732 0.072746 0.181310
0.401065 -17.505730 -3.010179 191.205419 0.013493 0.945462 -0.325453 0.599138 0.252939 0.759642 -0.800532 0.205241 0.563049
0.344302 -15.324917 -6.388489 91.153732 0.023016 0.956718 -0.290104 0.564505 0.227057 0.793586 -0.825109 0.182030 0.534846
0.204405 -15.221463 -1.647990 26.722593 0.016616 0.948690 -0.315772 0.379170 0.286247 0.879939 -0.925178 0.134352 0.354959
-0.044871 -7.415755 2.104003 18.330432 -0.517491 0.780458 0.350840 -0.705063 -0.621233 0.341986 -0.484859 0.070389 -0.871755
0.100632 -7.864726 1.808320 31.074003 -0.553438 0.751188 0.359754 -0.756385 -0.634131 0.160496 -0.348694 0.183288 -0.919140
