11727
23442
-8.190781 -10.323692 44.076236 -132.919616 0.037247 0.981981 0.185272 0.984927 -0.067413 0.159294 0.168914 0.176546 -0.969691
-7.196935 -10.181256 -66.767836 -228.666284 0.414020 0.900200 0.135008 0.908691 -0.417458 -0.003110 0.053560 0.123968 -0.990840
-6.119506 -8.635410 18.133023 -98.821405 -0.435803 0.888816 0.141707 0.898895 0.421871 0.118378 0.045435 0.178970 -0.982805
-5.430603 -7.302992 -35.537237 -96.156904 -0.031213 0.994578 0.099200 0.995777 0.039515 -0.082865 -0.086335 0.096195 -0.991611
-6.940587 -10.061195 31.372516 -76.259555 -0.317210 0.926806 0.201020 0.926018 0.256966 0.276512 0.204618 0.273860 -0.939751
-5.155867 -7.666260 -18.038742 -116.985179 -0.669753 0.723488 0.167318 0.739171 0.671108 0.056917 -0.071110 0.161797 -0.984259
-5.911048 -9.106252 -22.414950 -44.639250 -0.567653 0.797674 0.203682 0.813573 0.505673 0.287041 0.125969 0.328650 -0.936013
-5.480515 -8.305016 -29.366863 -96.964302 -0.692805 0.696345 0.187417 0.721106 0.670856 0.173085 -0.005203 0.255062 -0.966911
-5.961817 -9.758237 -14.666305 8.581304 0.277199 0.946746 -0.163806 0.244060 0.095514 0.965045 -0.929299 0.307488 0.204586
-6.137694 -9.724500 -6.864714 28.535406 0.325060 0.933720 -0.150012 0.378904 0.016747 0.925285 -0.866468 0.357614 0.348346
-6.270075 -9.802584 0.409229 12.013018 0.405459 0.885640 -0.226373 0.226082 0.142793 0.963586 -0.885715 0.441873 0.142331
-5.843911 -9.497272 -3.399682 -26.210280 0.327966 0.917948 -0.223180 0.111675 0.196918 0.974039 -0.938066 0.344375 0.037930
-6.090026 -9.412724 -13.479336 -40.800798 0.398833 0.881403 -0.253105 0.036852 0.260379 0.964803 -0.916283 0.394122 -0.071366
-14.242407 -51.678487 70.288578 -2340.325045 -0.109611 0.984458 -0.137211 -0.953695 -0.065263 0.293610 -0.280092 -0.163041 -0.946027
-17.725328 -46.941364 -238.018706 -2179.977912 -0.030580 0.962441 -0.269765 -0.922456 0.076752 0.378398 -0.384890 -0.260417 -0.885462
-16.860462 -78.225154 -224.108104 3958.213765 0.011459 0.965605 -0.259760 0.985938 -0.054223 -0.158071 -0.166719 -0.254296 -0.952648
-0.547451 -6.661461 26.693182 -40.034178 -0.312459 0.948883 -0.044616 0.102188 0.080270 0.991521 -0.944419 -0.305251 0.122046
-0.417065 -7.276163 22.016568 -10.851045 -0.316389 0.945137 -0.081326 0.200494 0.150416 0.968079 -0.927200 -0.289985 0.237084
137.558884 -8.694281 6798.670908 225.327350 -0.342718 0.933857 -0.102251 0.077215 0.136476 0.987630 -0.936260 -0.330583 0.118881
-0.354564 -7.328693 40.776292 150.065710 -0.102947 0.877504 0.468389 -0.429007 -0.464012 0.775013 -0.897416 0.121157 -0.424224
-0.819082 -7.892615 25.700053 182.633215 -0.111558 0.900794 0.419673 -0.423849 -0.425101 0.799776 -0.898836 0.088657 -0.429224
-0.659373 -7.465532 30.745967 69.957520 -0.131968 0.880168 0.455949 -0.363679 -0.470887 0.803743 -0.922129 0.059751 -0.382241
-0.742155 -6.685781 22.463287 -41.406148 -0.162257 0.852643 0.496662 -0.309020 -0.521921 0.795050 -0.937112 0.024476 -0.348169
-0.242254 -6.349326 18.423029 -42.776823 -0.166933 0.839923 0.516394 -0.324583 -0.541364 0.775610 -0.931010 0.038138 -0.362996
-0.146875 -6.962926 16.598149 27.478364 -0.157683 0.854304 0.495279 -0.377430 -0.515612 0.769214 -0.912515 0.065641 -0.403743
-1.211357 -7.804719 19.287709 44.815223 -0.144130 0.897742 0.416276 -0.369060 -0.439083 0.819146 -0.918162 0.035567 -0.394606
1.197618 -6.381821 -4.856925 46.970606 0.069964 0.888040 0.454412 -0.380732 0.444816 -0.810668 0.922035 0.116291 -0.369226
1.365546 -6.039575 -12.486277 46.882808 0.065442 0.885567 0.459878 -0.434687 0.440139 -0.785700 0.898201 0.148485 -0.413748
1.153069 -5.650018 -3.745152 28.235154 0.071106 0.893440 0.443519 -0.483346 0.419815 -0.768201 0.872537 0.159749 -0.461692
-6.932389 -19.072952 24.155687 345.486155 -0.020421 0.978580 -0.204852 -0.909368 0.066969 0.410567 -0.415491 -0.194670 -0.888522
-7.135627 -20.173496 75.763291 78.446788 -0.011686 0.992401 -0.122489 -0.990631 0.005178 0.136466 -0.136064 -0.122936 -0.983043
-7.819178 -21.480621 -10.070391 -76.284399 0.020876 0.958883 -0.283032 0.994726 -0.048355 -0.090451 -0.100418 -0.279651 -0.954836
-5.681390 -18.557898 83.428673 180.925859 -0.067158 0.997704 0.008764 -0.947449 -0.066524 0.312913 -0.312778 -0.012711 -0.949741
-7.068288 -21.584003 -60.833561 -374.567842 0.053301 0.917342 -0.394516 0.942966 -0.176242 -0.282406 -0.328593 -0.356963 -0.874416
-6.297897 -18.623008 -59.358484 475.867785 0.044371 0.922779 -0.382767 -0.786400 0.268559 0.556283 -0.616122 -0.276325 -0.737590
-6.113420 -15.554947 0.375485 407.143317 -0.067109 0.977842 -0.198296 -0.746510 0.082653 0.660221 -0.661982 -0.192337 -0.724422
-5.739352 -17.408803 93.689725 410.689514 -0.090844 0.994987 -0.041818 -0.806791 -0.048914 0.588809 -0.583812 -0.087228 -0.807189
0.098421 -26.822995 38.992988 -193.758429 -0.182862 0.829351 -0.527957 0.430308 0.550359 0.715500 -0.883966 0.096347 0.457516
0.169561 -30.042308 35.554291 -329.664134 -0.168698 0.841400 -0.513407 0.644905 0.488131 0.588070 -0.745412 0.231893 0.624970
0.259397 -31.211756 -0.546961 69.198534 -0.172860 0.848683 -0.499857 0.679867 0.470017 0.562908 -0.712672 0.242532 0.658238
-0.063075 -28.827573 -23.534784 -177.481383 -0.225682 0.838616 -0.495773 0.313257 0.544344 0.778177 -0.922463 -0.020317 0.385551
-0.011211 -1.843477 160.410760 14.650930 0.961337 0.151365 -0.230045 0.251196 -0.824324 0.507337 0.112838 0.545508 0.830475
2.651777 -1.632492 171.550752 10.418612 0.981201 0.088284 -0.171614 0.165982 -0.839729 0.517016 0.098465 0.535781 0.838596
2.090861 -2.032286 151.578542 31.985847 0.972152 0.128942 -0.195691 0.215455 -0.820258 0.529864 0.092196 0.557271 0.825197
-0.837089 -2.338452 119.169430 37.726472 0.873723 0.352760 -0.334917 0.479166 -0.742682 0.467787 0.083720 0.569196 0.817928
0.177336 -5.130651 68.857027 32.448452 -0.438251 0.889678 -0.128099 -0.740481 -0.276562 0.612537 -0.509533 -0.363300 -0.779993
0.213534 -5.503764 63.857734 17.570149 -0.453998 0.882224 -0.124767 -0.776570 -0.323138 0.540852 -0.436836 -0.342436 -0.831813
-0.415834 -5.101117 34.643462 37.547694 -0.488928 0.864458 -0.116882 -0.718885 -0.323397 0.615320 -0.494119 -0.384872 -0.779564
1.278790 -5.542302 -53.545373 3.575953 -0.362506 0.877739 -0.313311 -0.170457 0.268064 0.948201 -0.916261 -0.397135 -0.052442
1.154042 -5.665126 -47.086772 13.978038 -0.338177 0.874898 -0.346685 -0.270734 0.262370 0.926210 -0.901299 -0.407082 -0.148137
1.795633 -5.602449 -21.498861 4.342123 -0.295463 0.879646 -0.372727 -0.188541 0.328782 0.925394 -0.936565 -0.343694 -0.068706
2.045547 -5.769606 15.091901 -8.372281 -0.251689 0.890146 -0.379858 -0.087228 0.370032 0.924915 -0.963869 -0.265925 0.015488
1.832370 -5.721844 -37.421977 -15.294195 -0.343980 0.883351 -0.318383 -0.069306 0.314265 0.946802 -0.936416 -0.347747 0.046879
1.906437 -5.622321 31.403461 0.385023 -0.225363 0.885778 -0.405720 -0.172613 0.373544 0.911411 -0.958862 -0.275431 -0.068714
1.721729 -5.665272 21.621101 7.504685 -0.233822 0.877898 -0.417878 -0.265855 0.355684 0.895997 -0.935226 -0.320599 -0.150227
-1.008336 -26.979003 -37.712093 -248.407380 0.708623 0.589116 0.388326 -0.539396 0.097497 0.836389 -0.454869 0.802145 -0.386856
-0.732555 -32.700250 -64.224639 -562.522049 0.696294 0.600386 0.393334 -0.563430 0.117707 0.817736 -0.444659 0.791001 -0.420234
-0.804491 -30.099388 -39.477590 -298.601431 0.702876 0.602513 0.378078 -0.383997 -0.126012 0.914695 -0.598758 0.788098 -0.142793
-0.461304 -37.091574 -45.289273 -520.395756 0.691576 0.597608 0.405693 -0.388999 -0.165102 0.906323 -0.608606 0.784606 -0.118288
-6.684258 -63.845607 -391.058618 2347.831827 0.934957 0.061900 0.349319 0.184573 0.756025 -0.627981 0.302965 -0.651610 -0.695426
-6.146597 -120.633061 -163.775684 5207.141204 0.988199 -0.109417 -0.107195 0.000212 0.700794 -0.713364 -0.153176 -0.704923 -0.692547
1.353244 -299.525211 980.540570 16054.268130 0.956758 0.234511 0.172102 -0.085823 0.792883 -0.603300 0.277937 -0.562441 -0.778724
-1.988105 -4.083913 83.295778 -28.358095 0.794405 -0.601243 0.086179 -0.606888 -0.779967 0.152771 0.024636 0.173663 0.984497
0.223353 -3.289476 88.285873 32.993768 0.967672 -0.251821 0.014057 -0.249126 -0.945648 0.209011 0.039340 0.205756 0.977812
-1.155681 -4.091102 105.736892 26.171988 0.952275 -0.304612 0.019568 -0.300566 -0.924590 0.234079 0.053211 0.228789 0.972021
-2.802863 -4.606837 72.277297 -29.340047 0.745324 -0.650799 0.144749 -0.666264 -0.719198 0.197092 0.024164 0.243339 0.969640
-3.537628 -5.602025 23.929567 76.850108 0.409004 -0.889781 0.202496 0.910321 0.413279 -0.022706 -0.063484 0.193623 0.979020
-2.322615 -6.295956 -28.457422 -40.159589 0.023956 0.687079 0.726188 0.797661 -0.451011 0.400408 -0.602631 -0.569659 0.558860
-1.862391 -5.829903 -21.829436 -10.704348 -0.004655 0.695220 0.718782 0.730969 -0.488138 0.476871 -0.682395 -0.527627 0.505912
-1.546199 -6.244590 -1.579967 -49.041301 0.024487 0.674124 0.738212 0.765751 -0.487360 0.419649 -0.642670 -0.555011 0.528145
-1.156693 -6.832796 25.880567 -71.414563 -0.015695 -0.637769 -0.770068 0.809645 -0.460024 0.364490 -0.586710 -0.617761 0.523586
-1.682811 -7.225819 -4.059828 -64.442552 -0.058331 -0.663934 -0.745513 0.849068 -0.425765 0.312741 -0.525053 -0.614749 0.588561
1.325916 -8.592772 -22.801968 13.336462 0.038129 0.863399 0.503079 0.123845 0.495481 -0.859745 0.991569 -0.095086 0.088036
1.207512 -8.291118 -1.821098 -9.724114 0.036838 0.865447 0.499644 0.145920 0.489966 -0.859442 0.988610 -0.104568 0.108237
1.208878 -8.595185 -16.686369 -6.653620 0.031053 0.850080 0.525737 0.249195 0.502797 -0.827706 0.967955 -0.156714 0.196222
8.427746 -3.859962 106.268372 -37.123321 0.050377 0.989714 -0.133894 -0.841454 0.114276 0.528106 -0.537975 -0.086061 -0.838556
8.650316 -3.239126 77.246204 -22.290455 0.068125 0.979771 -0.188167 -0.872144 0.150073 0.465664 -0.484483 -0.132386 -0.864726
8.239931 -3.947498 235.901814 -25.729175 0.112867 0.993088 -0.032212 -0.863375 0.114068 0.491501 -0.491778 0.027663 -0.870281
7.188403 -4.747322 234.123770 -41.082612 0.080544 0.996735 0.005668 -0.828970 0.063828 0.555639 -0.553463 0.049452 -0.831404
-5.555369 -357.652210 1072.210909 -23115.328619 0.075169 -0.291075 -0.953743 0.974619 0.223708 0.008540 0.210874 -0.930177 0.300503
0.361156 -14.991834 -90.458477 -557.252991 0.418299 -0.150823 -0.895700 0.900306 0.199460 0.386865 0.120308 -0.968229 0.219221
0.927295 -67.925564 70.394436 -2878.872818 0.260888 -0.246606 -0.933340 0.920869 0.353729 0.163940 0.289721 -0.902254 0.319375
-4.572699 -8.396440 6.349403 -23.083355 0.537351 -0.213546 -0.815875 -0.283104 0.865602 -0.413019 0.794422 0.452914 0.404676
-4.650896 -8.233014 -5.295959 -33.839939 0.493047 -0.307431 -0.813874 -0.253909 0.843910 -0.472595 0.832127 0.439662 0.338028
-4.957170 -8.727247 0.750870 -19.665357 0.534759 -0.276070 -0.798635 -0.394370 0.754342 -0.524825 0.747332 0.595612 0.294517
-4.271873 -7.905395 -5.633860 -29.117597 0.500443 -0.315467 -0.806249 -0.125561 0.894960 -0.428113 0.856616 0.315479 0.408266
-4.902616 -8.401632 4.512380 -17.991856 0.598999 -0.176077 -0.781151 -0.380395 0.795852 -0.471083 0.704628 0.579324 0.409736
-4.852533 -8.250839 39.374590 -6.064541 0.573764 -0.157244 -0.803784 -0.279726 0.884761 -0.372762 0.769771 0.438717 0.463659
-3.686919 -8.873127 7.226126 78.399238 -0.092581 -0.983529 -0.155242 0.991037 -0.106100 0.081170 -0.096304 -0.146336 0.984536
-2.906234 -9.548711 54.414959 47.628443 -0.080952 -0.970011 -0.229186 0.981990 -0.117002 0.148347 -0.170713 -0.213050 0.962012
-2.696427 -7.783902 68.855860 144.847214 -0.065745 -0.968231 -0.241260 0.997806 -0.065674 -0.008342 -0.007767 -0.241279 0.970425
-3.701124 -9.731185 -35.541067 -4.745504 0.097019 0.978864 0.180034 0.954922 -0.142538 0.260398 -0.280556 -0.146655 0.948568
-3.478466 -7.004901 -4.585242 160.717152 0.040208 -0.986027 -0.161662 0.997708 0.048431 -0.047250 0.054419 -0.159392 0.985714
-4.304017 -9.093890 -28.902431 54.728361 0.118920 0.985489 0.121118 0.978313 -0.137132 0.155234 -0.169590 -0.100030 0.980425
-0.236461 -6.903523 -7.438153 2.825193 0.706376 -0.388269 -0.591844 -0.091868 0.778770 -0.620546 0.701849 0.492710 0.514436
-0.060602 -6.834787 -12.955462 -58.994109 0.707236 -0.388413 -0.590722 0.027167 0.849874 -0.526286 0.706455 0.356160 0.611613
-0.169069 -6.737571 -18.936533 -46.485374 0.713544 -0.401086 -0.574443 0.053146 0.848542 -0.526452 0.698592 0.345117 0.626788
-3.821220 -7.488096 -54.990601 47.747381 0.363908 0.930651 -0.038200 -0.862138 0.321028 -0.391993 0.352546 -0.175583 -0.919175
-4.477182 -7.241234 2.106250 84.000940 0.419631 0.904793 0.072523 -0.857272 0.421312 -0.295941 0.298320 -0.062014 -0.952449
-3.835802 -7.922710 19.247844 70.490962 0.336994 0.936327 0.098620 -0.837106 0.345919 -0.423785 0.430916 -0.060257 -0.900378
-5.614063 -17.843191 -47.892687 52.017781 0.677387 -0.710629 -0.190140 0.600877 0.385393 0.700299 0.424374 0.588624 -0.688061
-4.361727 -16.632208 -64.385984 21.021312 0.706369 -0.652139 -0.275241 0.610454 0.364407 0.703245 0.358314 0.664772 -0.655507
-4.977683 -16.317732 -71.387536 107.788616 0.662238 -0.692018 -0.287318 0.529120 0.160394 0.833250 0.530540 0.703836 -0.472380
-5.098162 -17.367132 -62.319995 -1.059225 0.726574 -0.646899 -0.231542 0.648812 0.535059 0.541069 0.226129 0.543354 -0.808476
-6.563843 -18.821271 -55.468790 104.292112 0.627538 -0.763976 -0.150125 0.558007 0.306843 0.771022 0.542978 0.567616 -0.618860
-6.573165 -19.144945 63.143611 -12.997917 -0.671360 0.730389 0.125733 0.677745 0.536392 0.502936 0.299897 0.422866 -0.855129
0.206010 -4.805327 -79.538536 -12.266969 -0.047802 0.888081 -0.457195 -0.491338 -0.419419 -0.763331 0.869656 -0.188149 -0.456397
1.242699 -4.793737 -53.330190 -22.293845 -0.039907 0.917759 -0.395128 -0.549019 -0.350541 -0.758748 0.834856 -0.186653 -0.517857
0.060068 -5.409243 -124.557942 -37.998347 0.006990 0.910120 -0.414285 -0.565157 -0.338187 -0.752480 0.824953 -0.239396 -0.511997
-0.952432 -5.570592 -104.653247 -41.805818 0.022121 0.922115 -0.386284 -0.513836 -0.320954 -0.795588 0.857603 -0.216086 -0.466716
-0.426409 -4.766001 -53.272178 -35.410175 -0.052666 0.888916 -0.455033 -0.423536 -0.432536 -0.795946 0.904347 -0.150804 -0.399268
0.185379 -16.850299 -35.744551 -156.967578 0.938052 -0.346416 0.007357 -0.022198 -0.038895 0.998997 0.345782 0.937274 0.044175
-0.184149 -17.505658 17.198405 -81.002851 0.922810 -0.383701 0.034576 -0.085682 -0.116905 0.989440 0.375607 0.916028 0.140757
-0.646909 -16.608559 -10.364567 -31.195570 0.933422 -0.352986 0.064223 -0.020294 0.126770 0.991724 0.358206 0.927001 -0.111166
-1.480067 -20.187649 4.475231 -4.552213 0.912262 -0.385364 0.138829 -0.157330 -0.016725 0.987404 0.378188 0.922613 0.075887
2.296715 -23.298441 39.303825 325.977623 -0.934448 0.342768 -0.096526 0.321517 0.928637 0.185096 0.153083 0.141928 -0.977968
1.987743 -25.111577 -45.148566 69.399776 0.935293 -0.343634 0.084512 0.350680 0.932047 -0.091169 0.047440 -0.114906 -0.992243
2.449810 -23.654831 -36.747472 65.141147 0.935638 -0.329121 0.127518 0.348346 0.919267 -0.183314 0.056891 -0.215936 -0.974749
1.555675 -26.751405 -22.797380 504.636875 0.936461 -0.342008 0.077924 0.302195 0.899407 0.315824 0.178099 0.272208 -0.945613
2.401065 -17.813177 -7.171636 183.248211 0.896506 -0.428524 0.112448 0.315490 0.795702 0.517034 0.311037 0.428048 -0.848546
2.236166 -19.250039 -35.137480 242.923001 0.916601 -0.393406 0.071231 0.328644 0.842863 0.426116 0.227675 0.367169 -0.901860
4.107239 -6.522214 23.030016 0.275845 -0.297879 0.857522 -0.419433 0.352483 -0.309525 -0.883148 0.887144 0.410914 0.210061
4.325988 -6.688242 88.050439 15.111544 -0.330807 0.835973 -0.437855 0.416530 -0.286992 -0.862635 0.846800 0.467745 0.253269
2.783022 -6.589179 106.520773 11.887436 -0.366338 0.803838 -0.468658 0.348935 -0.348235 -0.870044 0.862578 0.482261 0.152916
4.710286 -6.665413 -1.041443 9.168002 -0.265419 0.879322 -0.395405 0.424321 -0.261724 -0.866864 0.865739 0.397861 0.303648
2.738985 -6.133341 64.900143 23.829604 -0.332448 0.832523 -0.443152 0.220830 -0.388102 -0.894769 0.916904 0.395326 0.054822
-1.049935 -31.423104 -15.560586 68.594871 -0.180323 0.617410 -0.765695 0.947950 -0.098617 -0.302763 -0.262439 -0.780436 -0.567491
-7.100216 -45.231948 75.474894 246.190836 -0.316944 0.671094 -0.670208 0.846019 -0.119374 -0.519618 -0.428718 -0.731698 -0.529923
-3.959871 -30.684803 14.384080 -432.381024 -0.249797 0.624255 -0.740207 0.754010 -0.354208 -0.553177 -0.607511 -0.696306 -0.382215
-2.118045 -41.087930 16.013289 791.035233 -0.194181 0.606377 -0.771104 0.980329 0.148269 -0.130274 0.035336 -0.781232 -0.623240
-1.139758 -29.241944 -3.570818 -310.271155 -0.195084 0.650263 -0.734234 0.876663 -0.220064 -0.427824 -0.439777 -0.727138 -0.527131
-1.205615 -30.966110 5.527815 376.018407 -0.147463 0.636337 -0.757186 0.984603 0.167098 -0.051324 0.093865 -0.753096 -0.651180
-0.954569 -30.844229 7.109025 22.878902 -0.141794 0.662793 -0.735255 0.982655 0.004570 -0.185386 -0.119513 -0.748789 -0.651945
0.891651 -1.130179 -26.526961 -8.467710 0.188108 -0.942732 0.275447 0.956398 0.239623 0.166982 -0.223423 0.232026 0.946703
1.119122 -0.898374 9.435019 -21.220042 -0.080509 0.972014 -0.220696 0.968654 0.128501 0.212598 -0.235008 0.196662 0.951891
0.924957 -0.693342 28.632385 -6.785911 -0.218966 0.933365 -0.284400 0.944783 0.275643 0.177216 -0.243800 0.229892 0.942184
0.521954 -0.904525 23.986001 4.048545 -0.214345 0.934087 -0.285547 0.947805 0.269556 0.170308 -0.236054 0.234138 0.943111
0.450296 -1.085394 -25.926480 -9.063718 0.287379 -0.907886 0.305215 0.929957 0.340771 0.138038 -0.229331 0.244168 0.942226
0.793807 -1.525863 -31.786560 -22.162072 0.256262 -0.918487 0.301182 0.943299 0.305646 0.129491 -0.210991 0.250922 0.944733
11.441719 -183.834209 -265.446413 10522.376878 0.367859 -0.515349 0.774012 0.294079 0.854130 0.428928 -0.882155 0.069836 0.465753
12.196318 -105.640845 -644.805765 1626.170911 0.273145 -0.648955 0.710105 0.129251 0.756241 0.641400 -0.953250 -0.083414 0.290442
15.684654 -329.833011 -164.662387 21544.350897 0.326720 -0.506607 0.797874 0.561536 0.783095 0.267281 -0.760218 0.360709 0.540331
10.053143 -52.293098 -217.250908 1451.760056 0.455359 -0.513693 0.727164 0.663672 0.740279 0.107358 -0.593453 0.433712 0.678017
10.109365 -67.760453 -346.938684 2897.849416 0.311654 -0.547872 0.776343 0.869691 0.493596 -0.000794 -0.382765 0.675426 0.630310
3.527346 -72.667035 -76.237203 2449.438465 0.244304 -0.563844 0.788920 0.821535 0.552570 0.140521 -0.515166 0.613796 0.598213
-1.063070 -14.163706 141.575177 -13.405894 0.387807 -0.793912 0.468305 0.889073 0.188124 -0.417324 0.243219 0.578198 0.778802
-2.360763 -14.412697 138.168288 85.471963 0.404029 -0.789431 0.462125 0.906725 0.278865 -0.316361 0.120875 0.546840 0.828466
-0.675216 -15.641248 193.087436 -28.972316 0.486790 -0.763068 0.425162 0.873362 0.415940 -0.253442 0.016552 0.494693 0.868910
-4.486052 -21.384503 59.679485 430.179999 0.023122 -0.877984 0.478132 0.998050 0.048008 0.039892 -0.057979 0.476277 0.877382
-8.030643 -14.791623 4.453850 -41.762961 0.200898 -0.881654 0.426996 0.965983 0.250750 0.063258 -0.162841 0.399762 0.902038
-1.156963 -14.743812 265.797945 27.400652 0.603689 -0.684797 0.408182 0.784749 0.600655 -0.152915 -0.140461 0.412633 0.900002
-3.941933 -5.837556 1.202780 -21.981006 0.581175 -0.800621 -0.145747 0.809870 0.586564 0.007277 0.079664 -0.122266 0.989295
-3.820093 -5.283796 -1.407269 -34.257219 0.568655 -0.819458 -0.071553 0.822531 0.567376 0.039066 0.008585 -0.081069 0.996672
-3.916846 -5.073407 -17.169116 18.087045 0.822506 -0.564538 -0.069140 -0.567571 -0.806865 -0.163805 -0.036688 -0.173973 0.984067
-4.033830 -5.808769 9.593011 -4.645387 0.767831 -0.612844 -0.186703 -0.637997 -0.757964 -0.135832 0.058270 -0.223412 0.972981
-3.994166 -6.254280 1.066701 -14.244005 0.654830 -0.721823 -0.223983 0.744472 0.667123 0.026600 0.130224 -0.184168 0.974230
110.271166 -702.753732 -4526.874979 -10462.942955 -0.845571 0.199441 -0.495209 0.329177 0.925055 -0.189513 0.420299 -0.323258 -0.847852
-58.695763 -129.542945 1187.978795 -5471.496996 0.171016 0.144594 0.974600 0.789774 -0.611529 -0.047856 0.589076 0.777898 -0.218778
-34.826269 -74.943141 96.044083 -11429.072018 -0.241508 0.939655 -0.242327 -0.234369 -0.298807 -0.925087 0.941671 0.166622 -0.292390
-16.362005 -726.626282 -581.469733 8825.573366 0.962143 -0.234022 0.139692 0.257638 0.948150 -0.186103 0.088897 -0.215048 -0.972549
-12.952453 -108.062138 -28.415988 -469.735338 0.915787 0.046613 -0.398950 -0.400993 0.048732 -0.914784 0.023199 -0.997724 -0.063320
-9.649886 -47.111266 500.331743 -1858.888199 0.360575 0.881006 -0.306291 -0.461307 0.453850 0.762375 -0.810667 0.133599 -0.570061
-36.386722 -55.718246 791.176449 -1929.610380 0.069503 0.996558 0.045173 -0.500225 -0.004362 0.865884 -0.863102 0.082778 -0.498200
-12.765866 -79.474964 618.902611 -3202.775965 0.359543 0.789570 -0.497300 -0.119562 0.567526 0.814628 -0.925437 0.233436 -0.298453
-1.399504 -47.059084 250.291210 -2181.477654 0.337584 0.858622 -0.385752 -0.417406 0.503864 0.756236 -0.843688 0.094278 -0.528491
-8.395724 -11.941102 -39.127913 211.945650 0.453795 0.863327 0.220762 -0.853341 0.492374 -0.171396 0.256669 0.110607 -0.960150
-5.785757 -12.440535 -105.581895 263.842908 0.520261 0.847540 0.104898 -0.841415 0.529724 -0.106833 0.146113 0.032682 -0.988728
-4.232480 -10.720125 -111.039314 282.586219 0.423208 0.905745 0.022815 -0.904760 0.421146 0.063600 -0.047997 0.047558 -0.997715
-5.840055 -9.853330 -12.435323 19.736446 0.218717 0.972037 -0.085479 0.378517 -0.003775 0.925587 -0.899382 0.234797 0.368758
-5.967766 -9.534744 -14.168003 40.986862 0.246209 0.966762 -0.068934 0.512234 -0.069414 0.856036 -0.822799 0.246074 0.512298
-6.062901 -9.236417 -7.884148 33.632469 0.331250 0.935629 -0.121948 0.502391 -0.065495 0.862156 -0.798672 0.346855 0.491747
-6.162533 -9.277544 1.668008 24.519865 0.400617 0.894968 -0.196312 0.455276 -0.008506 0.890310 -0.795129 0.446049 0.410865
-0.428957 -7.450461 5.681968 6.641712 -0.332125 0.936602 -0.111667 0.320426 0.223379 0.920559 -0.887142 -0.269960 0.374301
6.682323 -7.792032 353.325129 -0.175370 -0.379389 0.890610 -0.250755 0.170345 0.333619 0.927190 -0.909421 -0.309051 0.278282
-0.612455 -7.309081 31.919068 -8.700549 -0.309843 0.946307 -0.092202 0.281016 0.183788 0.941941 -0.908310 -0.265944 0.322872
-0.626014 -8.218402 48.967929 126.286896 -0.084032 0.887115 0.453834 -0.543650 -0.422504 0.725213 -0.835095 0.185786 -0.517784
1.146679 -9.183884 17.501717 58.691714 -0.058161 0.880614 0.470252 0.004219 0.471262 -0.881983 0.998298 0.049313 0.031125
1.439310 -8.316198 11.656745 57.811878 -0.033452 0.877259 0.478849 -0.099216 0.473836 -0.875006 0.994503 0.076780 -0.071188
1.522483 -8.931627 7.828995 38.244821 -0.031696 0.869061 0.493688 0.047659 0.494688 -0.867763 0.998361 0.003976 0.057098
1.543310 -7.985410 -5.983196 51.404139 0.002019 0.876135 0.482061 -0.118841 0.478856 -0.869812 0.992911 0.055532 -0.105088
1.554580 -9.687001 -0.268428 41.959355 -0.043944 0.866677 0.496930 0.154036 0.497340 -0.853771 0.987087 -0.039027 0.155355
1.638488 -9.510937 7.423732 24.733609 -0.047141 0.858683 0.510335 0.208309 0.508121 -0.835715 0.976926 -0.066911 0.202824
1.446755 -9.116240 -12.236909 18.850001 -0.001997 0.853326 0.521373 0.199784 0.511204 -0.835917 0.979838 -0.102492 0.171502
1.413567 -8.630230 -23.926582 37.031035 0.030943 0.871479 0.489455 0.016548 0.489176 -0.872028 0.999384 -0.035083 -0.000715
-7.505092 -20.190462 69.432350 199.449399 0.019005 0.989415 -0.143861 0.989539 0.001967 0.144253 0.143009 -0.145098 -0.979028
-6.277694 -20.031204 93.736854 -93.845552 -0.025805 0.999560 0.014629 -0.997652 -0.024822 -0.063828 0.063437 0.016241 -0.997854
0.352231 -27.646969 32.107853 -274.829551 -0.202214 0.825195 -0.527412 0.403160 0.560930 0.723063 -0.892509 0.066418 0.446113
-0.070980 -29.123396 5.566545 -361.657226 -0.197951 0.841547 -0.502607 0.554624 0.518940 0.650456 -0.808212 0.149999 0.569467
-0.497555 -31.216114 15.087300 -340.396972 -0.145849 0.851116 -0.504311 0.811273 0.394634 0.431394 -0.566184 0.346215 0.748044
4.607460 -1.327001 82.955365 -10.452407 0.992767 0.106374 -0.055663 0.119747 -0.843990 0.522821 -0.008636 0.525705 0.850623
4.521671 -1.655726 138.567691 21.032750 0.989421 0.103834 -0.101319 0.141957 -0.836959 0.528533 0.029920 0.537324 0.842845
-1.328292 -9.353587 33.842194 -94.098641 -0.127237 0.991844 0.007446 -0.519805 -0.073072 0.851154 -0.844757 -0.104428 -0.524863
-0.058078 -10.470402 41.867517 -118.194326 -0.117327 0.991890 0.048876 -0.394997 -0.091765 0.914088 -0.911160 -0.087941 -0.402560
-0.584253 -10.082554 42.001088 2.112663 -0.167399 0.976973 0.132290 -0.490463 -0.198925 0.848454 -0.855233 -0.077147 -0.512469
0.608392 -5.618150 -38.362639 13.013160 -0.364442 0.884986 -0.289794 -0.257510 0.203288 0.944650 -0.894914 -0.418895 -0.153806
0.329023 -5.718527 -34.825962 10.135823 -0.346012 0.882974 -0.317226 -0.361122 0.186727 0.913632 -0.865949 -0.430685 -0.254251
0.865228 -5.706884 -35.429590 14.879164 -0.318393 0.871663 -0.372600 -0.366371 0.249363 0.896432 -0.874299 -0.421927 -0.239957
-0.965898 -23.822308 -55.269643 -258.468448 0.702954 0.599052 0.383397 -0.657008 0.340486 0.672614 -0.272389 0.724711 -0.632928
0.099768 -36.674852 -50.541299 -804.360535 0.720365 0.583827 0.374459 -0.572960 0.196640 0.795644 -0.390885 0.787704 -0.476162
-0.556751 -25.460548 -36.537665 -299.527591 0.734744 0.566924 0.372490 -0.641979 0.403761 0.651797 -0.219122 0.718035 -0.660614
11.759717 -2.345976 587.623230 -107.726175 -0.311962 0.943235 0.113963 -0.155051 -0.168884 0.973364 -0.937358 -0.285982 -0.198935
88.254160 -9.751506 4282.332980 -653.505219 -0.390951 0.830139 0.397525 -0.028897 -0.442756 0.896176 -0.919958 -0.338874 -0.197085
20.160484 0.165938 985.089236 -152.846282 -0.372296 0.908721 0.188737 -0.124835 -0.250537 0.960025 -0.919680 -0.333852 -0.206714
8.248077 -0.344170 253.406604 28.710094 -0.352193 0.923835 -0.149960 -0.218817 0.074508 0.972917 -0.909988 -0.375469 -0.175910
4.720173 -1.376989 210.828959 8.266921 -0.236840 0.939996 -0.245589 -0.280893 0.175734 0.943513 -0.930057 -0.292446 -0.222417
-13.678998 -24.657684 -121.095407 -18.580103 0.278615 -0.420682 0.863366 0.576629 0.792171 0.199909 -0.768031 0.442144 0.463288
-27.976194 -41.875642 848.739256 1777.289480 0.721317 0.288145 0.629820 -0.284001 -0.706334 0.648410 -0.631700 0.646579 0.427657
-7.893924 -73.786751 -551.852587 -3219.065192 0.383733 0.367593 0.847127 0.025923 0.912706 -0.407793 -0.923080 0.178444 0.340706
-3.851547 -12.231855 -377.710448 -153.332800 0.360623 0.918206 -0.163857 0.314209 0.045813 0.948248 -0.878194 0.393445 0.271987
-8.038000 -40.544111 143.720670 1364.245808 0.658187 0.067576 0.749816 0.165589 0.958580 -0.231744 -0.734418 0.276692 0.619735
2.892552 0.599411 223.422495 -44.069094 0.995876 0.090376 0.007960 0.083678 -0.948876 0.304356 -0.035059 0.302435 0.952525
0.826729 -2.444947 -34.122363 230.837553 0.368878 -0.888455 0.273087 0.928234 0.367317 -0.058812 -0.048058 0.275183 0.960190
0.556283 -0.572660 31.271824 -171.768347 0.721895 -0.656009 0.220274 -0.691732 -0.692980 0.203186 -0.019354 0.299049 0.954041
2.969816 -0.045151 226.475775 -36.048189 0.997811 0.064109 0.016204 0.056152 -0.950894 0.304380 -0.034922 0.302804 0.952413
-0.144125 -2.437955 -12.111944 158.885491 0.426011 -0.861894 0.275051 0.899979 0.434797 -0.031456 -0.092480 0.260940 0.960915
1.424936 -0.309000 241.841531 -45.886578 0.995949 -0.080290 0.040496 -0.088817 -0.948745 0.303307 -0.014068 0.305675 0.952032
0.982039 -3.496553 96.505110 11.377482 0.988977 -0.147210 -0.015959 -0.136739 -0.949318 0.283016 0.056813 0.277714 0.958982
2.004619 -3.004058 80.758599 40.506981 0.995164 -0.098202 -0.002282 -0.095054 -0.968600 0.229738 0.024771 0.228410 0.973250
-2.357758 -5.740215 -46.857161 -6.573562 -0.050823 0.731379 0.680075 0.728878 -0.438363 0.525904 -0.682755 -0.522420 0.510807
0.459279 -7.381256 5.155212 23.975072 0.112371 0.886753 0.448378 -0.020690 0.453226 -0.891156 0.993451 -0.090863 -0.069276
0.264769 -7.241717 -18.142897 23.802958 0.139402 0.898297 0.416689 -0.037875 0.425326 -0.904247 0.989511 -0.110272 -0.093314
0.223495 -7.638942 -16.625792 20.672115 0.127483 0.884105 0.449563 0.119949 0.436192 -0.891823 0.984561 -0.167617 0.050440
0.545693 -7.516400 -9.430994 31.189893 0.113496 0.884152 0.453204 0.029787 0.452919 -0.891054 0.993092 -0.114631 -0.025068
-0.134197 -7.639715 -35.539828 6.513442 0.148180 0.880424 0.450440 0.195832 0.420327 -0.885988 0.969377 -0.219497 0.110131
0.045620 -7.815816 -25.320660 8.397026 0.134509 0.875817 0.463521 0.306416 0.408083 -0.859987 0.942346 -0.257706 0.213474
7.441651 -3.018750 -110.034219 15.760444 -0.004844 0.941201 -0.337813 -0.882378 0.154927 0.444304 -0.470516 -0.300231 -0.829745
8.416001 -3.298780 117.381175 -4.855362 0.088325 0.989400 -0.115271 -0.895773 0.129508 0.425228 -0.435649 -0.065698 -0.897716
3.599175 -17.287834 -14.545777 -283.759312 -0.054158 0.983038 -0.175221 -0.339978 0.146841 0.928899 -0.938873 -0.109878 -0.326259
3.693491 -13.050057 20.185772 -200.951544 -0.012061 0.999088 -0.040953 -0.359637 0.033881 0.932477 -0.933014 -0.025975 -0.358900
2.851855 -12.427871 -39.901170 -66.819296 -0.054510 0.972200 -0.227719 -0.055029 0.224786 0.972853 -0.996996 -0.065561 -0.041246
6.123309 -17.093137 -50.638503 -56.365027 -0.109710 0.993901 0.011134 -0.519780 -0.066916 0.851675 -0.847226 -0.087650 -0.523951
2.416123 -15.946523 5.544471 140.471358 -0.019721 0.967203 -0.253239 0.088309 0.253983 0.963169 -0.995898 0.003369 0.090422
-1.288287 -15.142990 -64.051347 -631.936062 0.483869 -0.116567 -0.867342 0.870978 0.160693 0.464301 0.085254 -0.980097 0.179282
-1.162666 -6.171011 -44.237422 -112.700136 0.580861 -0.081441 -0.809919 0.808592 0.172267 0.562587 0.093704 -0.981678 0.165916
-0.503861 -9.503806 22.784317 47.428640 -0.132758 0.848944 0.511536 -0.797276 -0.398083 0.453742 -0.588835 0.347598 -0.729691
-0.130875 -9.072635 -17.319511 -17.424725 -0.195973 0.844074 0.499133 -0.737076 -0.462512 0.492750 -0.646772 0.271333 -0.712786
-0.694225 -9.237488 -23.425065 -9.807376 -0.189518 0.845693 0.498886 -0.821647 -0.414771 0.390975 -0.537568 0.335811 -0.773467
-5.576515 -8.890137 -35.853742 -36.214332 0.502365 -0.417088 -0.757408 -0.298744 0.738294 -0.604710 0.811407 0.530056 0.246291
-4.909003 -8.262324 -24.347089 -31.103971 0.458427 -0.458150 -0.761540 -0.123775 0.815620 -0.565194 0.880071 0.353359 0.317195
0.337319 -2.131923 16.217346 -13.803031 -0.600979 0.798507 0.034793 0.780795 0.577230 0.239092 0.170833 0.170855 -0.970373
0.667248 -2.536815 18.390082 12.524788 -0.676064 0.736820 -0.005837 -0.703238 -0.647575 -0.293431 0.219986 0.194274 -0.955962
-0.005962 -2.171173 -50.715185 -0.556941 -0.817879 0.570394 -0.075660 0.529880 0.797904 0.287362 0.224279 0.194937 -0.954829
-0.214182 -1.998957 -37.540433 5.014548 -0.770894 0.636251 -0.030120 0.613068 0.753975 0.235944 0.172829 0.163422 -0.971300
0.429802 -1.962505 -38.896511 14.643923 -0.806964 0.588572 -0.048908 0.557980 0.786916 0.263478 0.193562 0.185328 -0.963425
-0.537417 -7.570116 12.808866 -4.329921 0.693978 -0.407036 -0.593899 -0.187648 0.694107 -0.694984 0.695113 0.593748 0.405316
-0.568860 -7.649632 -8.314600 -65.996653 0.711637 -0.408889 -0.571299 -0.213257 0.649090 -0.730208 0.669399 0.641477 0.374717
-0.220092 -7.054396 -29.360346 45.981395 0.718752 -0.381519 -0.581239 0.256323 -0.631703 0.731608 0.646293 0.674830 0.356246
-0.122346 -7.394590 -10.704618 33.546931 0.705911 -0.403625 -0.582045 -0.236224 0.640543 -0.730687 0.667748 0.653293 0.356820
-0.198043 -7.228998 22.317327 66.704872 0.676735 -0.388087 -0.625635 -0.211099 0.711819 -0.669889 0.705314 0.585408 0.399788
-4.121870 -5.971860 -24.101920 70.029846 0.398373 0.917199 0.006720 -0.899383 0.392052 -0.193406 0.180026 -0.071004 -0.981096
-4.074317 -6.010614 33.296918 84.785838 0.401387 0.906755 0.129170 -0.885824 0.420171 -0.196904 0.232818 0.035387 -0.971876
-4.005725 -7.058764 64.037063 91.932705 0.378402 0.908969 0.174892 -0.864105 0.414623 -0.285323 0.331865 0.043158 -0.942339
-3.481750 -15.546032 -76.318090 35.738377 0.737254 -0.596241 -0.317731 0.630061 0.437005 0.641911 0.243884 0.673441 -0.697852
-3.283473 -15.164382 -77.498216 91.739195 0.715483 -0.604464 -0.350297 0.593812 0.262008 0.760749 0.368065 0.752313 -0.546400
0.728679 -27.374524 15.772130 -187.456226 0.099634 0.956639 -0.273708 -0.062424 -0.268525 -0.961248 0.993064 -0.112858 -0.032963
0.289208 -26.191701 4.014689 -178.162121 0.116518 0.947660 -0.297260 -0.065725 -0.291285 -0.954376 0.991011 -0.130740 -0.028345
0.219175 -24.137860 5.310537 -179.943349 0.098752 0.962598 -0.252294 0.267066 -0.269869 -0.925120 0.958605 -0.023978 0.283727
0.548807 -25.364002 -26.380157 -274.796337 0.115422 0.967348 -0.225643 0.252086 -0.248251 -0.935320 0.960797 -0.051075 0.272509
-0.053751 -21.949998 -0.665775 -110.426375 0.090917 0.971577 -0.218569 0.557716 -0.231505 -0.797094 0.825038 0.049430 0.562911
0.304680 -23.022565 -29.150924 -112.004629 0.101852 0.974848 -0.198235 0.503655 -0.222376 -0.834794 0.857880 0.014816 0.513637
0.142536 -22.811492 1.955906 -208.243834 0.103597 0.967082 -0.232423 0.519275 -0.251894 -0.816641 0.848305 0.036090 0.528277
-2.445172 -7.045149 -223.179373 -74.024521 0.936670 0.350212 -0.000359 -0.318528 0.852353 0.414770 -0.145563 0.388389 -0.909926
1.126539 -5.988370 -239.990544 -51.495718 0.933917 0.356445 -0.027300 -0.304112 0.832295 0.463466 -0.187922 0.424537 -0.885694
-3.225379 -9.089988 -200.391414 -141.753018 0.982831 0.130353 -0.130578 -0.041397 0.845465 0.532424 -0.179803 0.517877 -0.836346
0.113723 -5.347807 -177.623509 -4.764049 0.839732 0.534221 0.097254 -0.533772 0.779230 0.328463 -0.099688 0.327732 -0.939497
-5.025526 -9.258860 -98.700844 -161.789025 0.997005 0.067262 -0.038180 -0.042269 0.887268 0.459313 -0.064770 0.456324 -0.887453
-3.398463 -6.623846 -163.191586 -53.481958 0.876018 0.465136 0.127440 -0.481487 0.828372 0.286305 -0.027603 0.312169 -0.949625
1.165644 -26.013758 -12.233136 -74.677035 0.937768 -0.336926 0.084096 0.342033 0.938021 -0.055938 0.060037 -0.081221 -0.994886
1.387255 -23.818320 -16.517975 -295.225882 0.941090 -0.322583 0.101440 0.337490 0.877147 -0.341633 -0.021227 -0.355743 -0.934343
4.325766 -6.619316 44.327512 3.613808 -0.303672 0.857613 -0.415070 0.498522 -0.228230 -0.836294 0.811948 0.460881 0.358231
-6.101033 -38.968904 43.462664 1047.641635 -0.244093 0.637298 -0.730937 -0.559479 0.523101 0.642922 -0.792087 -0.565877 -0.228870
-2.332458 -36.178360 13.970400 973.138091 -0.080859 0.594403 -0.800092 -0.725066 0.515719 0.456414 -0.683916 -0.617025 -0.389281
-4.355982 -39.321924 158.820225 846.078895 -0.088305 0.621642 -0.778308 0.995466 0.082811 -0.046800 0.035360 -0.778912 -0.626136
0.899245 -0.535369 -10.726653 -49.371098 0.142949 0.982320 -0.120888 0.953830 -0.104133 0.281719 -0.264149 0.155578 0.951851
0.999065 -1.445391 -25.811020 -22.611173 0.024584 0.990734 -0.133572 0.972838 0.007055 0.231378 -0.230177 0.135632 0.963651
0.911386 -2.085551 -34.740275 -4.787727 -0.087292 0.985080 -0.148318 0.979629 0.111915 0.166740 -0.180852 0.130742 0.974782
0.374431 -2.123947 -45.569583 -20.719313 0.037865 0.994163 -0.101031 0.973871 -0.014057 0.226667 -0.223923 0.106973 0.968718
0.652049 -1.447412 -33.918489 -42.644865 0.191837 0.979206 -0.065982 0.945085 -0.166189 0.281418 -0.264601 0.116345 0.957314
7.543270 -79.449017 208.898304 -2926.496796 -0.301461 0.622409 -0.722308 -0.412080 0.598098 0.687363 -0.859832 -0.504862 -0.076179
4.121153 -90.675418 -138.710836 -2729.456734 0.248941 -0.574219 0.779936 -0.076778 0.791053 0.606910 -0.965471 -0.210967 0.152838
11.078125 -95.397428 -382.058119 -1916.433075 0.407412 -0.587041 0.699570 -0.212983 0.683828 0.697867 -0.888062 -0.433316 0.153570
-0.930054 -3.404708 -69.598252 6.187991 0.792834 -0.608350 -0.036401 0.607624 0.784457 0.124178 0.046989 0.120571 -0.991592
-1.483818 -3.810165 -84.320760 1.063260 0.845106 -0.533638 -0.032019 0.534580 0.843071 0.058786 0.004376 0.066797 -0.997757
0.387142 -2.750203 -72.199084 -21.483566 0.917867 -0.394935 -0.039320 0.396354 0.917260 0.039218 -0.020578 0.051581 -0.998457
-0.274026 -3.113346 117.538767 -11.710625 -0.954990 0.290543 0.059817 0.290846 0.956763 -0.003773 -0.058326 0.013794 -0.998202
0.279431 -2.957209 -51.363382 -5.221381 0.830553 -0.555886 -0.034242 0.555972 0.823917 0.109800 0.032824 0.110232 -0.993364
0.927051 -2.066196 -21.741718 -17.021595 0.927318 -0.374148 0.009725 0.372603 0.925319 0.070367 0.035326 0.061629 -0.997474
1.623340 -1.523950 41.630512 -9.606000 -0.996941 0.072610 -0.028927 0.072660 0.997357 -0.000669 0.028802 -0.002769 -0.999581
1.688818 -2.069464 132.292231 -3.480535 -0.996477 0.056591 0.061902 0.055128 0.998164 -0.025086 -0.063208 -0.021585 -0.997767
-3.494040 -4.406383 -43.310452 15.014568 0.923105 -0.380829 0.053348 -0.369688 -0.917046 -0.149523 -0.105866 -0.118304 0.987318
-3.614382 -5.057294 5.865919 -37.775867 -0.483456 0.875355 -0.004804 0.875296 0.483480 0.010236 -0.011282 -0.000744 0.999936
-1.021308 -19.654240 -77.910001 -127.409624 -0.187292 0.878495 -0.439509 -0.847781 0.081440 0.524056 -0.496175 -0.470759 -0.729518
0.030466 -20.089284 -40.200486 275.446883 -0.182030 0.876162 -0.446325 0.900606 -0.033635 -0.433334 -0.394683 -0.480843 -0.782953
-0.451304 -21.810435 -66.196803 -71.402278 -0.200776 0.884955 -0.420170 -0.698248 0.171562 0.694994 -0.687124 -0.432921 -0.583473
-4.425642 -528.120876 -631.966947 -33854.323593 0.617844 -0.400360 -0.676743 0.597511 0.798521 0.073104 0.511126 -0.449528 0.732581
-13.473563 -163.522702 -13.155482 -7653.807142 0.504804 -0.457823 -0.731827 0.716580 0.694961 0.059527 0.481338 -0.554462 0.678886
4536.952658 -19438.144636 336943.736266 -1655518.379672 0.685155 -0.247270 -0.685143 0.425878 0.899080 0.101406 0.590923 -0.361266 0.721316
-15.625445 -206.153795 -745.154363 7385.051802 0.716888 -0.320532 -0.619137 0.209983 0.946080 -0.246658 0.664815 0.046818 0.745540
0.383104 -8.845141 -138.437734 -54.523951 0.756511 -0.325507 -0.567218 0.652929 0.425101 0.626875 -0.037073 0.844591 -0.534126
0.362936 -8.885705 -79.328598 24.375667 0.729095 -0.367885 -0.577132 0.676774 0.261900 0.688030 0.101965 0.892227 -0.439925
-0.868962 -9.665729 -9.429780 -43.316217 0.767830 -0.386132 -0.511214 0.639357 0.411092 0.649790 0.040749 0.825776 -0.562524
2.299163 -8.470890 -175.542632 17.307131 0.734343 -0.330555 -0.592852 0.670911 0.220871 0.707881 0.103050 0.917578 -0.383968
-0.516184 -9.111137 -37.778929 -59.580458 0.802922 -0.340530 -0.489239 0.593592 0.531738 0.604072 -0.054443 0.775431 -0.629081
2.629305 -7.676795 -167.140135 -50.947011 0.776747 -0.320207 -0.542339 0.627787 0.462643 0.625975 -0.050467 0.826698 -0.560378
-9.271573 -11.209720 90.599465 96.189416 0.079366 0.963684 0.254981 -0.939968 0.157513 -0.302736 0.331905 0.215647 -0.918333
-5.724261 -9.477961 -41.917961 -39.865179 0.214506 0.959457 -0.182835 0.091418 0.166649 0.981769 -0.972435 0.227310 0.051964
-5.617179 -9.198515 -21.769849 -53.524259 0.281340 0.935367 -0.214325 -0.044622 0.235857 0.970763 -0.958570 0.263551 -0.108094
336.817649 -15.498521 15699.138047 243.310357 -0.324010 0.946043 -0.004516 0.033027 0.016082 0.999325 -0.945477 -0.323642 0.036456
26.755227 -11.513645 1351.071752 102.359856 -0.333015 0.906072 -0.261025 0.075792 0.301652 0.950401 -0.939871 -0.296714 0.169128
133.689096 -16.332782 6350.002046 -210.162767 -0.320532 0.937419 -0.136031 0.003899 0.144913 0.989437 -0.947230 -0.316616 0.050104
199.810857 -16.353549 8748.320238 -383.321426 -0.331286 0.931934 0.147476 -0.031729 -0.167217 0.985409 -0.942997 -0.321773 -0.084966
110.084329 -7.125794 5211.062283 -131.303383 -0.333404 0.935129 0.119896 -0.004842 -0.128870 0.991650 -0.942772 -0.330039 -0.047494
-0.413470 -8.782204 26.681954 89.831221 -0.105093 0.877838 0.467285 -0.633503 -0.421304 0.648982 -0.766570 0.227823 -0.600389
-0.880856 -9.894113 27.521115 15.034611 -0.090345 0.902743 0.420585 -0.708873 -0.354922 0.609532 -0.699526 0.243074 -0.671996
0.934611 -8.029499 23.628249 50.689318 -0.063069 0.892633 0.446349 -0.193742 0.427781 -0.882875 0.979023 0.142159 -0.145961
