13537
27063
-6.701548 -9.847599 53.659249 -103.592300 -0.223231 0.963837 0.145554 0.971761 0.208333 0.110801 0.076470 0.166178 -0.983126
-6.885227 -10.535865 -14.408918 -241.193373 0.287286 0.953555 0.090555 0.957845 -0.286008 -0.027068 0.000088 0.094514 -0.995523
-6.306822 -8.232098 49.660864 -120.798462 -0.346879 0.927770 0.137546 0.936307 0.351112 -0.007025 -0.054812 0.126348 -0.990470
-5.670448 -7.027447 -6.311534 141.665112 -0.178271 0.980781 0.079295 -0.973045 -0.187697 0.133992 -0.146300 0.053271 -0.987805
-5.635629 -8.843471 -14.637035 -87.926643 -0.504419 0.841157 0.194978 0.863448 0.492508 0.109055 -0.004296 0.223363 -0.974726
-5.004344 -7.362561 4.808371 -76.451717 -0.679294 0.707066 0.196511 0.722363 0.691454 0.009122 -0.129428 0.148149 -0.980459
-6.663024 -10.587378 69.820274 -55.811004 -0.643818 0.570756 0.509642 0.722121 0.232936 0.651369 0.253059 0.787387 -0.562124
-6.106030 -9.826364 -88.528604 -51.346237 0.735127 -0.508467 -0.448385 0.668320 0.432587 0.605158 0.113737 0.744533 -0.657826
-5.490928 -10.201268 -68.789884 -66.457571 0.723176 -0.464787 -0.510871 0.673441 0.310376 0.670928 0.153277 0.829241 -0.537463
-5.954614 -10.804286 58.006383 -44.078786 -0.657523 0.512376 0.552390 0.683957 0.098404 0.722855 0.316016 0.853105 -0.415146
-7.276612 -11.115924 48.321650 -15.742457 -0.550068 0.633614 0.544021 0.719380 0.028634 0.694026 0.424167 0.773119 -0.471560
-1.147919 -5.013463 -145.392487 -74.131269 -0.444293 0.881796 -0.158240 -0.828041 -0.471617 -0.303194 0.341984 0.003677 -0.939699
1.222992 -4.624097 -123.358257 -78.856514 -0.412888 0.900288 -0.137862 -0.844156 -0.435103 -0.313187 0.341942 0.012933 -0.939632
0.804923 -5.606255 -141.700949 -13.768273 -0.366414 0.919600 -0.141691 -0.893513 -0.390246 -0.222132 0.259567 -0.045210 -0.964666
2.985354 -4.463514 -84.439448 -41.828152 -0.399740 0.911474 -0.097069 -0.870792 -0.410684 -0.270298 0.286234 0.023522 -0.957871
5.991089 -7.612142 -94.177652 1.334609 -0.298583 -0.851888 0.430273 0.893644 -0.091287 0.439395 -0.335036 0.515707 0.788541
6.775368 -7.101049 -131.824266 55.238860 -0.469424 -0.782430 0.409201 0.789757 -0.164803 0.590867 -0.394874 0.600536 0.695292
4.734180 -5.267086 -112.544135 36.047124 -0.474609 -0.756490 0.449966 0.820000 -0.194205 0.538409 -0.319915 0.624506 0.712493
3.691061 -4.915880 -133.879346 12.145192 -0.325523 -0.785513 0.526312 0.913462 -0.117515 0.389585 -0.244174 0.607586 0.755790
0.798528 -2.289653 42.538183 -30.990146 0.481569 0.875057 0.048645 -0.864329 0.465016 0.191563 -0.145008 0.134296 -0.980274
1.091344 -1.746850 -28.160272 22.960380 -0.742930 -0.668962 0.023348 -0.657935 0.736214 0.158463 -0.123195 0.102365 -0.987089
0.317802 -2.647821 38.273325 1.573424 0.618926 0.784874 0.030040 0.777164 -0.606409 -0.168178 -0.113782 0.127436 -0.985299
0.197442 -3.238095 38.956696 57.341383 0.380081 0.920532 0.090332 0.913848 -0.358635 -0.190426 -0.142897 0.154927 -0.977537
0.364975 -2.867407 29.684623 33.617297 0.745470 0.666539 -0.000510 -0.660254 0.738546 0.136432 -0.091314 0.101369 -0.990649
-0.149481 -3.202394 20.075708 14.407938 0.574291 0.818056 0.031219 0.811221 -0.563539 -0.156023 -0.110042 0.114928 -0.987260
-0.372287 -3.969749 14.966079 70.564067 0.336251 0.937737 0.087093 0.931071 -0.317104 -0.180418 -0.141567 0.141755 -0.979727
0.171105 -9.731009 -2.447024 -14.204786 0.054050 0.998527 0.004679 0.496537 -0.030942 0.867464 -0.866331 0.044563 0.497478
-0.010750 -10.504670 -21.298524 -52.827983 0.056545 0.997491 0.042589 0.623365 -0.068593 0.778916 -0.779883 0.017495 0.625680
-0.155659 -9.400972 -13.483084 -27.774317 0.038661 0.999211 0.009061 0.490715 -0.026884 0.870905 -0.870462 0.029223 0.491367
-0.661976 -7.528199 -6.097701 -11.438298 0.221828 0.962786 -0.154385 -0.347264 -0.069944 -0.935155 0.911153 -0.261056 -0.318825
-0.573794 -8.366631 -16.894607 -39.948832 0.233135 0.957751 -0.168408 -0.478986 -0.037617 -0.877016 0.846298 -0.285128 -0.449980
-0.670910 -7.562015 -0.983302 -34.626671 0.206359 0.965656 -0.157873 -0.418210 -0.058822 -0.906444 0.884600 -0.253076 -0.391708
-0.646999 -7.808904 -17.783316 9.706929 0.242853 0.953670 -0.177585 -0.339217 -0.088021 -0.936581 0.908820 -0.287692 -0.302125
-0.627039 -7.599102 -12.152462 22.656033 0.234426 0.961542 -0.143115 -0.267204 -0.077814 -0.960493 0.934691 -0.263406 -0.238686
3.821749 -8.356465 28.536876 60.537737 0.510071 0.843999 -0.165813 -0.606882 0.216530 -0.764728 0.609526 -0.490694 -0.622653
3.845643 -8.626040 50.990376 20.563372 0.461609 0.867856 -0.183694 -0.524614 0.100092 -0.845436 0.715330 -0.486629 -0.501493
2.538851 -7.488792 49.083922 66.431373 0.417528 0.897179 -0.144017 -0.621035 0.166058 -0.765990 0.663314 -0.409262 -0.626513
7.146581 -8.572933 166.291999 -22.651875 0.574353 0.813253 -0.093479 -0.468994 0.233310 -0.851828 0.670942 -0.533092 -0.515413
2.934916 -7.223042 26.378873 58.724153 0.481091 0.868780 -0.117357 -0.665730 0.274945 -0.693692 0.570399 -0.411857 -0.710647
4.526361 -8.738442 33.375719 43.175293 0.582071 0.797729 -0.157547 -0.598673 0.289315 -0.746918 0.550258 -0.529079 -0.645981
2.998888 -8.003048 -36.689412 50.366043 0.550866 0.818423 -0.163495 -0.665571 0.312598 -0.677716 0.503550 -0.482147 -0.716918
0.025474 -5.713920 2.675168 -45.507660 0.117492 0.989422 0.085085 -0.426735 -0.027062 0.903972 -0.896712 0.142518 -0.419042
0.103674 -6.117607 8.793432 -1.523537 0.102985 0.988118 0.114093 -0.529301 -0.042675 0.847360 -0.842161 0.147655 -0.518617
-0.102581 -5.780735 8.198276 -33.329296 0.126859 0.988511 0.082181 -0.501379 -0.007585 0.865194 -0.855877 0.150961 -0.494657
-0.756987 -22.684917 -52.252984 -581.190760 0.171822 0.975987 -0.133889 -0.421747 -0.049948 -0.905337 0.890285 -0.212024 -0.403037
-1.467793 -14.022885 -33.172132 -290.841044 0.153316 0.971458 -0.181007 -0.251145 -0.138852 -0.957939 0.955730 -0.192326 -0.222688
-0.555504 -21.572678 -50.528440 -536.241447 0.207684 0.974739 -0.082163 -0.439302 0.017893 -0.898161 0.874003 -0.222627 -0.431921
0.257517 -25.260850 -13.941031 -488.960071 0.202143 0.977857 -0.054157 -0.668677 0.097404 -0.737146 0.715548 -0.185222 -0.673560
0.009118 -25.952880 -46.637514 -506.784530 0.196739 0.974490 -0.107996 -0.655101 0.048701 -0.753970 0.729477 -0.219084 -0.647971
-0.122855 -20.740850 -4.964107 -525.140116 0.210356 0.977287 -0.025704 -0.443221 0.071900 -0.893524 0.871381 -0.199350 -0.448279
0.430486 -17.556423 -1.643387 56.325977 0.146030 0.987445 0.060237 0.448208 -0.120320 0.885795 -0.881921 0.102354 0.460150
0.481312 -16.810781 6.450171 148.393617 0.147288 0.987559 0.055073 0.555416 -0.128653 0.821560 -0.818425 0.090418 0.567456
0.742240 -17.637049 10.093007 153.755910 0.133553 0.990037 0.044609 0.337188 -0.087720 0.937342 -0.931916 0.110144 0.345544
0.566353 -16.813557 14.959475 154.154217 0.125408 0.991296 0.040065 0.506375 -0.098684 0.856648 -0.853145 0.087143 0.514343
0.623229 -17.583552 13.137828 74.339753 0.148199 0.987615 0.051507 0.206419 -0.081826 0.975036 -0.967175 0.133868 0.215989
0.978239 -17.914981 13.099261 135.018603 0.108217 0.993922 0.020199 0.280565 -0.050028 0.958530 -0.953715 0.098062 0.284274
1.029358 -18.063215 16.234686 -8.155997 0.128731 0.991198 0.030893 0.007738 -0.032156 0.999453 -0.991649 0.128422 0.011809
-1.116819 -23.309177 -23.362575 83.558909 0.096293 0.820691 0.563200 0.648258 -0.481080 0.590190 -0.755307 -0.308268 0.578344
-0.695761 -25.270360 -34.368327 125.370430 0.076122 0.812761 0.577602 0.545735 -0.518776 0.658062 -0.834493 -0.265124 0.483043
-1.067807 -26.531225 -26.523393 -164.348650 0.119338 0.790086 0.601267 0.742285 -0.473186 0.474456 -0.659372 -0.389691 0.642938
1.686130 -5.424304 15.595442 -56.388008 0.056079 0.998264 0.018013 -0.946526 0.058897 -0.317205 0.317715 -0.000738 -0.948186
1.542071 -6.222083 30.368649 -11.749662 0.038951 0.998450 0.039744 -0.977669 0.046300 -0.204988 0.206510 0.030872 -0.977957
1.920877 -5.878752 -4.375703 -8.394544 0.023823 0.999579 -0.016551 -0.980722 0.020156 -0.194365 0.193950 -0.020863 -0.980790
1.845425 -5.468625 -6.274387 -38.878322 0.042063 0.998612 -0.031706 -0.958166 0.031327 -0.284492 0.283104 -0.042346 -0.958154
1.861790 -5.603173 -12.918109 -5.399739 0.020778 0.998252 -0.055332 -0.981914 0.009958 -0.189068 0.188186 -0.058260 -0.980404
0.126969 -51.071503 73.873137 -1418.761749 0.173115 0.819299 0.546608 0.030410 -0.559169 0.828496 -0.984432 0.126802 0.121716
-0.337843 -40.063459 25.482803 -741.156557 0.123340 0.858520 0.497725 0.267126 -0.511765 0.816542 -0.955736 -0.032243 0.292454
0.403546 -70.001206 24.061807 -2384.262303 0.211479 0.783065 0.584881 0.442027 -0.610347 0.657334 -0.871716 -0.119521 0.475212
0.636597 -51.680653 -1.805014 -109.290438 0.135043 0.849506 0.510003 0.675910 -0.455344 0.579489 -0.724506 -0.266460 0.635681
0.657691 -45.275108 5.668733 -785.830089 0.152083 0.810076 0.566258 0.107977 -0.583111 0.805185 -0.982452 0.061312 0.176151
-9.985745 -14.502966 209.504020 -117.598042 -0.024081 0.847162 0.530788 -0.847724 -0.298727 0.438322 -0.529890 0.439407 -0.725354
-8.998723 -24.908274 259.839848 -1294.671228 -0.576030 0.491119 0.653446 0.687400 0.723620 0.062101 -0.442348 0.484951 -0.754421
-7.528488 -11.935958 -302.079512 365.866000 0.660617 0.749615 -0.040777 -0.593352 0.554639 0.583360 -0.459912 0.361182 -0.811190
-3.130780 -27.214823 187.581173 -901.956283 -0.386100 0.623068 0.680230 0.791776 0.602204 -0.102184 -0.473305 0.499136 -0.725841
1.086710 -6.755030 -43.282173 0.882517 -0.158228 0.976868 0.143852 0.309790 -0.089218 0.946610 -0.937547 -0.194344 0.288507
1.381788 -6.584568 -54.380372 19.232839 -0.162418 0.979596 0.118369 0.424876 -0.038840 0.904418 -0.890562 -0.197186 0.409899
0.800924 -6.768235 -35.291226 13.348036 -0.175606 0.974847 0.137241 0.425236 -0.050619 0.903666 -0.887883 -0.217049 0.405652
0.659805 -6.880463 -15.312243 0.771766 -0.161003 0.974279 0.157663 0.335144 -0.096285 0.937234 -0.928308 -0.203737 0.311022
0.491329 -6.997473 3.752219 3.412810 -0.159705 0.977023 0.141143 0.407854 -0.064899 0.910738 -0.898971 -0.203015 0.388118
5.397088 -2.639928 55.314914 -6.222580 0.978992 -0.067525 0.192395 0.074431 0.996808 -0.028890 -0.189830 0.042603 0.980892
4.893828 -2.485816 -1.151024 -4.878715 0.970346 -0.061705 0.233713 0.064281 0.997926 -0.003413 -0.233018 0.018335 0.972300
4.847251 -2.603503 -104.470787 -5.907399 0.938707 -0.023740 0.343898 0.038427 0.998614 -0.035955 -0.342568 0.046966 0.938318
4.809914 -2.706937 130.824403 2.692121 0.990413 -0.105286 0.089425 0.106807 0.994203 -0.012387 -0.087603 0.021819 0.995917
1.569563 -7.257152 -24.441896 57.968920 0.326455 0.945149 -0.011013 -0.202477 0.058545 -0.977535 0.923272 -0.321351 -0.210483
1.763586 -6.544283 -52.351450 58.244630 0.362985 0.931783 -0.004813 -0.271569 0.100849 -0.957121 0.891343 -0.348727 -0.289650
1.574168 -7.431604 -38.772923 50.790857 0.350413 0.936478 -0.014804 -0.165917 0.046511 -0.985042 0.921782 -0.347628 -0.171676
-0.309671 -15.423065 -21.346936 -143.955019 0.012048 0.999122 -0.040117 0.096562 0.038770 0.994572 -0.995254 0.015856 0.096011
-0.426022 -17.543978 -64.331995 -96.424636 -0.002738 0.999967 0.007701 0.291257 -0.006570 0.956622 -0.956641 -0.004862 0.291230
-0.325322 -15.840805 16.150932 -46.429135 0.051682 0.998328 -0.025906 0.254064 0.011944 0.967114 -0.965806 0.056565 0.253022
1.221423 -20.586449 -37.115035 -18.962434 0.012054 0.999893 -0.008289 0.179101 0.005997 0.983812 -0.983757 0.013343 0.179009
1.690229 -22.483730 -51.555697 -38.730919 0.016133 0.999869 -0.001630 -0.149896 0.004030 0.988693 -0.988570 0.015706 -0.149942
1.825457 -19.890081 8.233239 32.218044 0.105845 0.994379 -0.002681 0.186051 -0.017155 0.982390 -0.976822 0.104480 0.186821
1.408780 -23.185083 -35.593806 -45.663915 0.025213 0.999667 -0.005527 0.470888 -0.006999 0.882165 -0.881832 0.024845 0.470908
0.906348 -22.448606 -42.841846 -94.678757 0.003208 0.999989 -0.003551 0.448705 0.001734 0.893678 -0.893674 0.004460 0.448694
-7.199394 -324.091710 322.345513 17116.221662 0.051689 0.093401 0.994286 0.042628 0.994503 -0.095638 -0.997753 0.047328 0.047423
-11.869652 -311.777213 428.997760 16905.397523 0.040436 0.124211 0.991432 0.100680 0.986687 -0.127723 -0.994097 0.104982 0.027392
1.142384 -1782.824396 928.453300 -97146.678672 0.071810 0.031779 0.996912 -0.661567 0.749510 0.023761 -0.746440 -0.661230 0.074846
-3.320006 -156.990748 40.320429 -7915.544574 -0.000070 0.151719 0.988424 -0.560363 0.818653 -0.125700 -0.828247 -0.553884 0.084961
2.718600 -15.036979 -8.747827 -66.563895 -0.020679 -0.059710 -0.998002 0.988781 0.146480 -0.029252 0.147934 -0.987410 0.056011
2.640890 -18.635653 34.415912 -298.142622 -0.004133 -0.004467 -0.999981 0.970060 0.242812 -0.005094 0.242831 -0.970063 0.003330
2.050772 -26.222273 32.664819 825.642131 -0.116707 -0.016674 -0.993026 0.991073 0.062926 -0.117534 0.064447 -0.997879 0.009181
1.335903 -21.324160 130.628244 -337.202286 -0.023183 0.076271 -0.996818 0.970348 0.241678 -0.004075 0.240598 -0.967354 -0.079612
0.609835 -21.236332 76.232548 -47.885969 -0.105271 0.038562 -0.993696 0.993546 0.046522 -0.103449 0.042240 -0.998173 -0.043210
-0.246217 -5.058025 28.052950 -13.293243 0.282521 0.887761 0.363404 0.309222 -0.442898 0.841560 -0.908055 0.125386 0.399643
-0.512516 -4.750863 47.672662 4.465044 0.244999 0.953300 0.176617 0.249158 -0.237960 0.938773 -0.936961 0.185993 0.295822
-0.773249 -5.500212 50.127905 -5.937690 0.259106 0.938457 0.228389 0.283593 -0.299963 0.910822 -0.923276 0.171230 0.343863
-3.425520 -10.257910 18.884673 -56.843163 0.123707 0.931853 0.341097 0.326175 0.286452 -0.900864 0.937180 -0.222701 0.268511
-4.301649 -9.792900 23.271583 -5.217594 0.123483 0.880062 0.458522 0.374734 0.386493 -0.842732 0.918872 -0.275887 0.282064
-3.720306 -8.572550 -5.583486 131.448012 0.161543 0.889113 0.428232 0.180769 0.399930 -0.898543 0.970168 -0.222564 0.096118
-2.896589 -9.841482 17.738657 101.937362 0.111641 0.926688 0.358866 0.151604 0.341014 -0.927753 0.982116 -0.157981 0.102418
-2.104636 -10.846039 53.060645 -72.805181 0.088949 0.977007 0.193767 0.270193 0.163576 -0.948809 0.958688 -0.136751 0.249431
-5.822141 -9.119932 45.581649 32.040661 -0.303667 -0.934734 0.184549 0.947434 -0.275758 0.162255 -0.100775 0.224119 0.969337
-6.602185 -8.966513 59.174283 41.103425 -0.331167 -0.895101 0.298535 0.943552 -0.316227 0.098541 0.006200 0.314317 0.949298
-6.355525 -9.186485 53.010260 -7.727084 -0.348252 -0.895932 0.275730 0.922396 -0.275100 0.271118 -0.167050 0.348750 0.922208
0.246848 -2.472369 18.196357 -27.465206 -0.630839 0.770432 0.092070 0.633661 0.443064 0.634167 0.447790 0.458398 -0.767695
0.099013 -2.263043 32.448019 -21.784330 -0.552527 0.815363 0.172907 0.712340 0.354229 0.605883 0.432765 0.457936 -0.776537
0.284105 -2.308544 5.656932 -19.772941 -0.601329 0.790626 0.115387 0.672508 0.422845 0.607401 0.431436 0.442846 -0.785971
-1.406536 -7.635682 -22.404928 46.584080 0.127425 0.926727 0.353468 0.396805 0.278979 -0.874481 0.909015 -0.251689 0.332181
-2.464878 -7.876222 -69.494464 64.049616 0.080770 0.908389 0.410251 0.381231 0.352145 -0.854785 0.920945 -0.225441 0.317863
-1.394936 -8.479927 -30.195879 22.784491 0.125801 0.934498 0.332997 0.493362 0.232279 -0.838236 0.860679 -0.269739 0.431825
-0.882460 -8.195595 -12.708247 2.468564 0.174097 0.942914 0.283906 0.546316 0.147384 -0.824510 0.819285 -0.298647 0.489470
-0.923949 -8.562011 -20.993974 -8.151214 0.159834 0.945468 0.283801 0.608695 0.131939 -0.782357 0.777138 -0.297796 0.554413
-3.348262 -5.218843 100.460691 -134.540993 0.415950 0.891162 0.181150 -0.794229 0.453020 -0.404937 0.442929 -0.024559 -0.896220
-1.690201 -5.740087 87.036680 -92.774830 0.235115 0.962336 0.136493 -0.888885 0.269696 -0.370334 0.393198 0.034256 -0.918816
-2.370711 -3.770421 75.645789 -117.526522 0.426852 0.879211 0.211623 -0.767912 0.475992 -0.428651 0.477606 -0.020463 -0.878336
-1.026242 -2.315549 -133.354318 76.716692 -0.787722 0.356360 -0.502495 0.333041 0.932569 0.139279 0.518244 -0.057638 -0.853288
-2.043387 -4.131625 -161.540667 93.560438 -0.840794 0.157383 -0.517973 0.186016 0.982541 -0.003408 0.508393 -0.099217 -0.855390
-5.067950 -6.703736 27.952592 87.430769 -0.762078 -0.498607 -0.413071 -0.513969 0.853840 -0.082422 0.393793 0.149494 -0.906961
-5.135022 -7.350862 -29.472909 123.254053 -0.644569 -0.568540 -0.511168 -0.587212 0.796301 -0.145217 0.489605 0.206561 -0.847124
-5.323156 -8.024379 46.585780 94.858359 -0.669805 -0.620432 -0.407953 -0.569072 0.781842 -0.254717 0.476989 0.061544 -0.876752
-4.815750 -5.283597 18.173554 70.934272 -0.837266 -0.406244 -0.365993 -0.452576 0.890491 0.046912 0.306856 0.204917 -0.929435
-5.025518 -5.640211 10.038860 87.952315 -0.911637 -0.094298 -0.400033 -0.180266 0.966446 0.182995 0.369354 0.238937 -0.898046
-4.763781 -5.675678 -41.409582 84.243080 -0.647334 -0.570903 -0.505003 -0.629688 0.773891 -0.067719 0.429479 0.274158 -0.860457
-1.045576 -18.691639 -9.575981 212.013947 -0.086334 0.990066 -0.110980 0.379039 0.135661 0.915383 -0.921345 -0.036962 0.386985
-1.300764 -18.197774 34.937205 53.494604 -0.022917 0.994625 -0.100971 0.188276 0.103484 0.976649 -0.981849 -0.003371 0.189635
-1.422819 -18.968382 4.773023 -31.476022 -0.075103 0.987856 -0.136018 0.098174 0.143065 0.984832 -0.992331 -0.060610 0.107727
-0.574659 -19.391529 -44.715934 173.624802 -0.126627 0.976879 -0.172259 0.307157 0.203736 0.929595 -0.943197 -0.064802 0.325854
-1.213626 -13.689551 -14.795815 35.116214 0.221835 0.972844 -0.066061 0.295431 -0.131621 -0.946254 0.929252 -0.190396 0.316606
-1.421950 -12.672928 -17.043670 22.977849 0.211110 0.974044 -0.081677 0.362624 -0.155642 -0.918847 0.907709 -0.164360 0.386069
-1.330867 -13.183081 -22.029197 45.666616 0.215493 0.975234 -0.049819 0.466409 -0.147615 -0.872165 0.857919 -0.164709 0.486668
2.222228 -12.458251 -26.511671 95.625106 0.019449 0.996666 0.079233 0.912702 0.014653 -0.408362 0.408162 -0.080258 0.909375
2.429936 -11.259469 -22.248610 46.186584 0.024487 0.998367 0.051604 0.864781 0.004743 -0.502126 0.501551 -0.056922 0.863253
1.913836 -11.333532 -30.660391 -2.993562 0.045391 0.994646 0.092835 0.835442 0.013155 -0.549421 0.547701 -0.102497 0.830372
2.664608 -12.517816 -29.227616 158.520564 0.012426 0.998861 0.046070 0.931994 0.005122 -0.362437 0.362260 -0.047440 0.930869
-1.224452 -25.052095 -25.087823 390.255393 -0.031394 0.990419 0.134481 0.916023 -0.025321 0.400326 -0.399895 -0.135756 0.906451
-0.879629 -24.630993 11.637117 441.680804 -0.053003 0.991438 0.119340 0.944520 0.010980 0.328271 -0.324150 -0.130118 0.937014
-0.281346 -19.542826 9.419389 251.527278 0.046722 -0.992561 -0.112427 0.996435 0.038395 0.075124 -0.070249 -0.115536 0.990816
-1.699175 -28.527197 7.817339 476.690217 0.048562 0.988345 0.144276 0.860347 -0.114768 0.496620 -0.507390 -0.100010 0.855893
-2.237771 -28.771267 -26.545179 319.399431 0.003052 0.987949 0.154752 0.746747 -0.105179 0.656739 -0.665101 -0.113556 0.738068
-0.908430 -22.486457 9.452438 374.462388 0.009350 0.993636 0.112248 0.973680 -0.034611 0.225276 -0.227727 -0.107188 0.967807
-0.184444 -10.552092 7.226364 57.853119 0.070583 0.988014 -0.137286 -0.958348 0.105350 0.265463 -0.276744 -0.112830 -0.954297
0.146988 -9.169615 4.639966 98.475140 0.019356 0.992120 -0.123784 -0.880299 0.075610 0.468355 -0.474024 -0.099902 -0.874826
-0.008011 -9.088155 -9.170350 71.031327 0.012201 0.989424 -0.144536 -0.921677 0.067183 0.382098 -0.387767 -0.128554 -0.912749
0.231719 -9.695811 8.026105 109.803643 0.042021 0.989792 -0.136183 -0.871064 0.103054 0.480236 -0.489368 -0.098444 -0.866503
-0.391288 -10.542348 -12.921409 63.941656 0.074622 0.984288 -0.160027 -0.978541 0.103184 0.178355 -0.192065 -0.143284 -0.970866
-0.204488 -11.374340 -2.230240 1.453324 0.121522 0.979652 -0.159734 0.991960 -0.125587 -0.015568 -0.035312 -0.156558 -0.987037
0.034849 -11.219856 -3.059417 3.618848 0.098638 0.981394 -0.164731 -0.979091 0.125305 0.160251 -0.177911 -0.145480 -0.973233
-0.404392 -11.094815 -11.078976 -48.794326 0.095768 0.980999 -0.168731 0.992541 -0.106957 -0.058503 -0.075439 -0.161869 -0.983924
0.094925 -11.019223 -7.832101 58.513216 0.079979 0.982617 -0.167535 -0.948224 0.126826 0.291181 -0.307367 -0.135573 -0.941884
-0.761862 -9.502046 4.563545 -6.436252 -0.099423 0.993548 0.054568 0.925876 0.072283 0.370849 -0.364512 -0.087394 0.927089
-0.805476 -9.273639 1.851531 12.607308 -0.087312 0.994935 0.049819 0.939530 0.065619 0.336122 -0.331151 -0.076154 0.940500
-0.810265 -9.625818 -5.749747 16.230283 -0.123937 0.991045 0.049697 0.865220 0.083409 0.494406 -0.485834 -0.104274 0.867809
-0.694419 -10.062010 -8.003470 29.980758 -0.141130 0.989296 0.037087 0.782979 0.088615 0.615703 -0.605827 -0.115933 0.787105
-0.627115 -10.276814 -6.758726 27.329163 -0.135378 0.989255 0.055197 0.775112 0.071043 0.627817 -0.617150 -0.127776 0.776401
-0.236200 -34.578757 59.632311 -797.413362 -0.303684 0.910105 0.281931 -0.015086 0.291276 -0.956520 0.952653 0.294733 0.074726
-1.082864 -28.513158 2.605026 -579.924692 -0.245969 0.923764 0.293529 0.115366 0.328581 -0.937403 0.962388 0.196709 0.187392
-0.520487 -32.080072 64.833904 -346.319101 -0.287889 0.907029 0.307275 -0.215527 0.251262 -0.943618 0.933096 0.337884 -0.123154
-0.722371 -28.819983 14.971945 -893.463480 -0.263299 0.924471 0.275729 0.352232 0.358207 -0.864651 0.898113 0.130542 0.419944
0.250115 -32.678326 59.760990 -223.579918 -0.296024 0.921569 0.251159 -0.164365 0.209875 -0.963813 0.940932 0.326594 -0.089346
-0.506799 -27.213631 28.136301 -543.624630 -0.288715 0.927489 0.237505 0.242380 0.310794 -0.919053 0.926227 0.207778 0.314535
-1.826105 -8.883409 -51.480615 28.222001 0.816122 -0.565792 -0.117580 0.535948 0.817161 -0.212147 0.216113 0.110121 0.970138
-2.502967 -8.451289 -62.007329 107.733625 0.746173 -0.657664 -0.103454 0.586148 0.722658 -0.366329 0.315684 0.212705 0.924716
-1.682939 -7.608587 -52.496947 61.167506 0.814574 -0.571903 -0.096932 0.506244 0.782497 -0.362512 0.283171 0.246222 0.926924
-1.264730 -7.329214 -18.173514 7.092704 0.868778 -0.479940 -0.121996 0.444654 0.864487 -0.234403 0.217963 0.149398 0.964454
-1.289858 -6.718877 -16.789574 49.468846 0.819089 -0.566397 -0.091032 0.496218 0.779155 -0.382995 0.287855 0.268536 0.919254
-0.886852 -44.753904 -93.952840 1153.917387 -0.012676 0.935769 0.352386 0.365580 0.332353 -0.869421 0.930693 -0.117804 0.346312
0.727243 -50.147150 -135.907788 1055.595568 -0.001645 0.930971 0.365090 0.724423 0.252787 -0.641335 0.689354 -0.263424 0.674832
1.885760 -88.272306 -142.891898 3740.375310 0.039748 0.958706 0.281609 0.570735 0.209551 -0.793946 0.820172 -0.192282 0.538838
0.244173 -31.360654 -22.878884 720.628253 0.018076 0.959917 0.279701 0.310496 0.260527 -0.914176 0.950403 -0.103371 0.293341
-0.342267 -41.857740 -88.273196 1227.687284 -0.013720 0.935435 0.353232 0.197525 0.348840 -0.916130 0.980202 -0.057203 0.189558
-12.388515 -232.962348 778.179937 -9041.260125 -0.030270 0.463382 0.885641 -0.423532 0.796627 -0.431284 -0.905375 -0.388153 0.172144
-14.412304 -251.309441 692.652828 -7926.226850 0.024258 0.485038 0.874156 0.136541 0.864612 -0.483531 -0.990337 0.131088 -0.045254
-56.986953 -276.154270 1988.222659 -10460.600424 -0.025089 0.577660 0.815892 0.642626 0.634497 -0.429470 -0.765769 0.513539 -0.387138
-47.192770 -450.771103 1560.811072 -35962.215768 -0.104534 0.742789 0.661315 0.928589 0.310984 -0.202515 -0.356084 0.592919 -0.722254
-86.672499 -304.293868 3518.372571 -5874.897378 -0.308747 0.514542 0.799951 0.009812 0.842719 -0.538264 -0.951093 -0.158339 -0.265236
0.619733 -15.231274 -34.971989 -155.263435 0.024109 0.994152 0.105263 0.804977 0.043133 -0.591736 0.592816 -0.099000 0.799229
0.165215 -14.910836 -45.594079 -113.787033 0.056211 0.994563 0.087664 0.704212 0.022748 -0.709625 0.707761 -0.101623 0.699104
0.035142 -14.252408 -42.084100 -66.372077 0.018478 0.993283 0.114223 0.844605 0.045631 -0.533441 0.535070 -0.106330 0.838089
2.965867 -20.540323 8.291635 -638.581336 0.049243 0.916895 -0.396080 0.985824 -0.108303 -0.128149 -0.160396 -0.384155 -0.909230
3.010475 -14.792790 15.609778 -376.404947 0.072917 0.933131 -0.352065 0.960762 -0.160443 -0.226261 -0.267618 -0.321753 -0.908216
2.904646 -14.125976 42.513488 -365.520708 0.094591 0.923132 -0.372666 0.943636 -0.202412 -0.261879 -0.317181 -0.326890 -0.890247
2.567567 -14.612631 -3.877417 -371.735659 0.097552 0.900450 -0.423880 0.939434 -0.223918 -0.259468 -0.328553 -0.372896 -0.867757
0.838085 -41.760154 4.769989 1182.283854 0.175481 0.984454 0.007470 0.946833 -0.166687 -0.275177 0.269654 -0.055361 0.961365
0.424713 -32.409791 18.741439 444.945745 0.174864 0.984425 -0.018148 0.978592 -0.175800 -0.107013 0.108536 -0.000953 0.994092
0.564388 -65.159686 16.428461 2001.379170 0.103888 0.993595 -0.044451 0.987694 -0.097811 0.122036 -0.116907 0.056582 0.991530
0.984830 -123.749362 -66.815808 5627.614980 -0.112362 -0.993029 0.035597 0.993667 -0.112256 0.004970 -0.000940 0.035930 0.999354
-0.217690 -69.898987 -13.740831 2402.587341 0.090225 0.992286 -0.085013 0.917324 -0.049563 0.395045 -0.387784 0.113627 0.914720
-0.890960 -9.806627 -12.004471 -208.543290 -0.345700 0.442054 0.827695 0.809383 -0.305811 0.501378 0.474754 0.843249 -0.252072
0.347934 -9.114965 6.518273 -72.403696 -0.548752 0.532435 0.644503 0.642331 -0.224891 0.732690 0.535053 0.816050 -0.218590
-2.432607 -28.061355 -25.624112 -1217.641308 -0.297391 0.342846 0.891075 0.813567 -0.397442 0.424440 0.499668 0.851174 -0.160733
-4.747631 -44.381823 -39.538017 -2284.286661 -0.089866 0.293014 0.951876 0.892030 -0.401389 0.207775 0.442953 0.867773 -0.225306
-1.013822 -11.336061 -86.076483 488.878681 0.145024 -0.159465 -0.976493 0.974836 -0.145847 0.168595 -0.169303 -0.976371 0.134300
0.208459 -39.268650 -144.244071 1322.363612 0.235456 -0.197378 -0.951631 0.909289 -0.300982 0.287406 -0.343152 -0.932980 0.108606
-2.055865 -20.472208 -80.812964 979.969287 0.267905 -0.194733 -0.943560 0.941132 -0.156659 0.299547 -0.206149 -0.968265 0.141300
-8.335630 -11.596352 82.697907 125.610286 0.082415 0.978763 0.187701 -0.976234 0.117166 -0.182314 0.200434 0.168215 -0.965158
-9.015511 -12.351065 42.109793 204.339313 0.520898 0.830222 0.198487 -0.820652 0.551051 -0.151240 0.234939 0.084108 -0.968364
-6.750725 -13.146446 -92.781299 280.239143 0.506160 0.861168 0.046815 -0.855193 0.508189 -0.101930 0.111569 -0.011557 -0.993689
-3.526275 -11.665447 -212.436028 -307.698065 0.353042 0.931196 -0.090748 0.935010 -0.354618 -0.001330 -0.033420 -0.084380 -0.995873
-4.252660 -9.455010 -141.756015 319.519340 0.351614 0.934562 -0.054415 -0.922846 0.355796 0.147527 -0.157234 0.001656 -0.987560
-5.098212 -9.435837 -74.387649 -45.261722 0.787038 -0.416230 -0.455328 0.616106 0.492796 0.614464 0.031374 0.764137 -0.644291
0.602061 -3.299652 -139.827133 -134.934037 -0.548724 0.807681 -0.215761 -0.716069 -0.587274 -0.377298 0.431447 0.052533 -0.900607
2.925791 -3.432847 -132.515509 -118.103001 -0.455858 0.878395 -0.143583 -0.804284 -0.475628 -0.356238 0.381210 0.046913 -0.923298
2.624187 -4.864324 39.880640 42.387278 0.783805 0.536443 -0.312855 0.574139 -0.433975 0.694284 -0.236673 0.723805 0.648145
1.376245 -3.579196 -1.721068 50.722799 0.775435 0.559994 -0.291731 0.593678 -0.489241 0.638897 -0.215052 0.668618 0.711831
3.489382 -4.582750 -68.806716 60.069862 -0.648663 -0.651072 0.394135 0.707383 -0.324693 0.627841 -0.280796 0.686061 0.671173
1.573793 -0.880630 18.792571 -6.199470 0.694796 0.717968 -0.042192 -0.705063 0.691537 0.157044 -0.141930 0.079365 -0.986690
1.178553 -0.865335 0.110271 36.258295 -0.813790 -0.576162 0.076053 -0.562970 0.814024 0.142930 -0.144260 0.073500 -0.986806
1.386035 -1.461558 24.366603 -18.927983 0.598979 0.800747 -0.005298 -0.788670 0.591065 0.169237 -0.138648 0.097191 -0.985561
0.479136 -10.576904 -21.055322 -49.534692 0.061472 0.997036 0.046270 0.631205 -0.074744 0.772006 -0.773176 0.018251 0.633929
0.269602 -11.486348 -23.394027 -83.508927 0.077331 0.995298 0.058320 0.737005 -0.096461 0.668969 -0.671449 0.008750 0.740999
-0.287696 -11.036204 -21.023629 -60.279888 0.077259 0.995435 0.056033 0.738239 -0.094889 0.667832 -0.670100 0.010230 0.742200
1.463607 -12.839349 8.126995 173.086352 0.373080 0.885323 -0.277515 -0.509755 0.445514 0.735980 -0.775217 0.133114 -0.617511
1.135187 -10.337637 16.603785 179.676985 0.366609 0.894426 -0.256125 -0.359825 0.390178 0.847518 -0.857977 0.218547 -0.464880
1.621543 -10.655650 23.133321 148.179718 0.399019 0.866403 -0.300216 -0.426906 0.465294 0.775405 -0.811502 0.181238 -0.555534
0.396284 -11.800871 30.691715 98.221674 0.370535 0.901401 -0.224010 -0.381889 0.367700 0.847914 -0.846678 0.228634 -0.480481
2.429347 -13.107291 37.573757 174.110309 0.410599 0.854832 -0.317286 -0.566684 0.511844 0.645667 -0.714338 0.085309 -0.694582
2.138642 -16.741567 22.938803 262.523877 0.397454 0.868180 -0.297142 -0.658779 0.495384 0.566220 -0.638780 0.029296 -0.768831
0.895859 -14.163776 52.009193 136.132798 0.404144 0.883211 -0.237920 -0.575825 0.447761 0.684058 -0.710699 0.139458 -0.689535
-0.415749 -8.374730 1.925580 -69.305966 0.188287 0.962903 -0.193305 -0.525908 -0.067375 -0.847869 0.829439 -0.261303 -0.493712
-0.650352 -7.969377 -2.449491 -55.405815 0.249819 0.957200 -0.146145 -0.433291 -0.024469 -0.900922 0.865939 -0.288391 -0.408633
-0.404578 -9.030526 -7.501956 -87.428897 0.254054 0.956888 -0.140793 -0.523963 0.013807 -0.851629 0.812969 -0.290130 -0.504881
-0.178731 -10.139348 -15.399381 -107.392509 0.203366 0.959205 -0.196387 -0.612814 -0.031734 -0.789589 0.763610 -0.280924 -0.581361
-0.199570 -10.107544 -18.933095 -113.718272 0.229248 0.958839 -0.167551 -0.582568 -0.002742 -0.812777 0.779782 -0.283938 -0.557961
2.432636 -8.251340 45.273607 27.318581 0.377323 0.903114 -0.204968 -0.513995 0.020120 -0.857557 0.770348 -0.428929 -0.471788
4.553493 -8.788480 82.622094 1.841302 0.438257 0.876058 -0.201129 -0.443383 0.016057 -0.896188 0.781883 -0.481938 -0.395467
8.293849 -8.635935 205.745209 -26.962337 0.514139 0.849799 -0.116204 -0.382964 0.106217 -0.917636 0.767464 -0.516294 -0.380052
-1.660571 -19.870757 4.259252 -619.484792 0.083472 0.976378 -0.199294 -0.253397 -0.172622 -0.951836 0.963754 -0.129952 -0.233002
0.287377 -16.819746 2.781458 -8.475250 0.162515 0.984749 0.062107 0.642023 -0.153332 0.751196 -0.749263 0.082207 0.657151
0.313981 -15.708311 4.901681 -11.179483 0.159885 0.984963 0.065451 0.695559 -0.159459 0.700551 -0.700453 0.066483 0.710595
0.238054 -15.555575 18.992242 41.670346 0.146735 0.987991 0.048404 0.672015 -0.135475 0.728040 -0.725854 0.074301 0.683824
0.987907 -5.830892 39.698264 -64.205405 0.079480 0.994935 0.061541 -0.947099 0.094627 -0.306673 0.310943 0.033911 -0.949823
0.544647 -6.378302 58.874051 -38.412176 0.063909 0.995124 0.075131 -0.970005 0.079636 -0.229669 0.234533 0.058200 -0.970365
-1.329131 -39.125715 71.853637 -1132.876071 0.127866 0.859424 0.495015 -0.139573 -0.478552 0.866895 -0.981921 0.179937 -0.058762
-1.815446 -56.454248 -11.165931 -2212.715575 0.038090 0.901235 0.431653 0.032267 -0.432850 0.900888 -0.998753 0.020386 0.045568
-0.254832 -41.523414 131.325101 -227.539270 0.175187 0.833503 0.524006 -0.298605 -0.462185 0.834997 -0.938160 0.302751 -0.167919
-1.532967 -34.626976 89.525629 -26.193595 0.130800 0.834994 0.534487 -0.391094 -0.451940 0.801745 -0.911009 0.313903 -0.267447
-2.342266 -40.319316 56.553391 -493.254160 0.076150 0.859462 0.505497 -0.336026 -0.455192 0.824552 -0.938769 0.232650 -0.254139
-3.908012 -96.938631 346.176904 -4414.986015 -0.347560 0.597768 0.722409 0.908435 0.405513 0.101512 -0.232265 0.691544 -0.683974
-5.483516 -244.578633 224.108093 -14110.535071 -0.261733 0.703128 0.661140 0.903479 0.419421 -0.088387 -0.339444 0.574192 -0.745038
1.582615 -3.512535 -35.822227 18.077300 0.326234 0.913572 -0.242811 -0.879527 0.387485 0.276200 -0.346415 -0.123453 -0.929923
1.643358 -3.260128 -41.662159 22.154464 0.386092 0.885253 -0.259344 -0.832979 0.455370 0.314298 -0.396331 -0.094681 -0.913213
0.573994 -3.957596 -80.059528 35.493016 0.288948 0.917632 -0.272875 -0.882641 0.365734 0.295268 -0.370747 -0.155533 -0.915618
2.014203 -2.976901 -6.460662 7.205417 0.382507 0.899470 -0.211287 -0.860273 0.430133 0.273709 -0.337074 -0.077069 -0.938318
1.126006 -4.154402 -43.272979 26.149097 0.198483 0.954713 -0.221646 -0.936994 0.251169 0.242809 -0.287483 -0.159488 -0.944414
1.768438 -3.476077 -6.602769 12.296878 0.268377 0.941623 -0.203272 -0.918817 0.313607 0.239636 -0.289394 -0.122457 -0.949345
5.233662 -1.976722 -104.548558 15.671192 0.935031 -0.040978 0.352190 0.108251 0.978866 -0.173502 -0.337637 0.200354 0.919706
5.826328 -1.748242 15.507447 -29.992875 0.975808 -0.067494 0.207948 -0.111544 -0.971742 0.208029 -0.188031 0.226192 0.955762
5.761342 -2.140399 22.046098 2.828238 0.978321 -0.070462 0.194741 0.100028 0.984152 -0.146421 -0.181337 0.162726 0.969864
5.555415 -2.327849 -73.593874 13.707341 0.948271 -0.039332 0.315016 0.086163 0.986935 -0.136145 -0.305546 0.156245 0.939271
1.500669 -6.334495 -21.654551 25.883772 0.326807 0.945003 -0.012903 -0.348370 0.107762 -0.931142 0.878542 -0.308798 -0.364428
1.826272 -27.096598 -71.817269 315.236530 -0.003227 0.999896 -0.014054 -0.374755 0.011821 0.927049 -0.927118 -0.008258 -0.374677
0.951333 -23.897871 -44.254448 236.451490 -0.005201 0.999714 -0.023332 -0.230076 0.021510 0.972935 -0.973159 -0.010428 -0.229899
1.150400 -29.107780 -47.560254 712.538688 -0.010814 0.998768 -0.048439 -0.461490 0.037989 0.886332 -0.887079 -0.031939 -0.460511
0.610072 -25.137386 -16.524896 308.700102 -0.011393 0.999162 -0.039321 -0.300837 0.034077 0.953067 -0.953608 -0.022687 -0.300196
0.333769 -20.569392 -25.336619 -6.080528 -0.008428 0.999335 -0.035478 -0.024760 0.035260 0.999071 -0.999658 -0.009299 -0.024447
-6.157086 -191.859380 75.718197 -9938.979424 -0.081757 0.032979 0.996107 -0.556250 0.827797 -0.073061 -0.826983 -0.560058 -0.049334
3.015953 -20.651771 9.031850 -533.669257 0.034894 -0.064863 -0.997284 0.945516 0.325359 0.011921 0.323702 -0.943363 0.072682
-3.754550 -5.530285 7.722935 79.568869 -0.172084 -0.445255 -0.878712 -0.013054 0.892972 -0.449924 0.984996 -0.065954 -0.159478
-3.941738 -5.813667 -41.450136 404.971461 -0.041478 0.532134 -0.845644 0.033860 0.846635 0.531096 0.998565 -0.006605 -0.053135
-0.143708 -3.655975 82.128470 186.453090 -0.155186 -0.576949 -0.801902 -0.125154 0.816678 -0.563360 0.979926 0.012936 -0.198944
-3.166858 -14.016117 65.621796 -629.417899 0.038702 0.928908 -0.368283 -0.112870 -0.362136 -0.925266 0.992856 -0.077378 -0.090831
-2.101132 -7.340765 88.120944 317.540213 0.099158 0.906150 0.411170 -0.049852 0.417211 -0.907441 0.993822 -0.069482 -0.086544
-4.248056 -6.421499 -37.333380 212.912361 0.176988 0.961251 0.211356 -0.033060 0.220432 -0.974842 0.983658 -0.165548 -0.070792
-3.232554 -7.118466 -2.556782 240.537012 0.148534 0.835146 0.529593 0.034888 0.530775 -0.846794 0.988292 -0.144254 -0.049701
-5.648564 -9.164305 6.046947 -29.705422 0.200573 0.972121 -0.121453 0.883867 -0.126090 0.450422 -0.422551 0.197691 0.884516
-5.589775 -9.262919 -10.233742 3.687001 0.218410 0.967271 -0.129169 0.942716 -0.174934 0.284052 -0.252159 0.183810 0.950068
-5.867310 -9.114473 -12.923606 -28.956558 0.250711 0.951085 -0.180503 0.886057 -0.150345 0.438519 -0.389932 0.269877 0.880409
-5.854700 -9.155262 1.990886 -13.051378 0.213563 0.965571 -0.148537 0.818217 -0.093714 0.567220 -0.533771 0.242673 0.810061
-0.676261 -2.484421 2.818969 -32.317732 -0.218754 0.896649 0.384924 0.873147 0.003765 0.487443 0.435616 0.442726 -0.783730
-0.929828 -2.921105 -0.881488 31.864831 -0.015004 0.877779 0.478831 -0.889748 0.206774 -0.406932 0.456206 0.432144 -0.777899
-0.498866 -2.332995 14.368386 -19.972786 -0.257937 0.894988 0.363957 0.876854 0.058666 0.477164 0.405704 0.442216 -0.799906
-1.064565 -2.845379 -8.156886 17.950766 -0.045109 0.877582 0.477300 -0.872486 0.198095 -0.446683 0.486552 0.436587 -0.756742
-0.236607 -2.046831 18.456351 -30.411564 -0.383329 0.875355 0.294641 0.829832 0.186352 0.525977 0.405509 0.446124 -0.797832
-0.334377 -2.279467 25.047625 -26.543912 -0.418364 0.864613 0.278238 0.802546 0.208444 0.558991 0.425313 0.457161 -0.781097
-0.791562 -2.634410 12.903746 26.730274 -0.290357 0.888359 0.355683 -0.838832 -0.057421 -0.541354 0.460494 0.455544 -0.761856
-0.040981 -5.516142 66.744843 -78.910000 0.130271 0.986256 0.101625 -0.922518 0.158130 -0.352073 0.363304 0.047886 -0.930439
0.975725 -4.975565 39.338905 -82.202020 0.094309 0.993707 0.060431 -0.915299 0.110423 -0.387342 0.391577 0.018783 -0.919953
-0.134277 -7.723839 14.424419 -45.321620 -0.074205 0.973837 0.214789 0.788554 0.189148 -0.585154 0.610472 -0.125951 0.781959
-0.366622 -7.611338 10.416510 17.172060 -0.029431 0.981206 0.190707 0.685243 0.158707 -0.710812 0.727719 -0.109761 0.677036
-0.395876 -7.348916 19.131288 32.356143 -0.047886 0.977065 0.207486 0.652553 0.187869 -0.734084 0.756228 -0.100243 0.646583
-0.672965 -7.940613 -3.601278 42.385125 -0.002811 0.985086 0.172041 0.554298 0.144728 -0.819639 0.832314 -0.093058 0.546438
-0.343782 -7.076303 -3.524527 32.230902 -0.057213 0.974053 0.218968 0.646075 0.203333 -0.735692 0.761127 -0.099378 0.640945
-0.614303 -7.781306 15.015820 47.561118 -0.029687 0.983801 0.176787 0.535146 0.165025 -0.828484 0.844238 -0.070012 0.531376
-3.230311 -14.367589 1.735243 404.333532 -0.031701 0.942576 -0.332484 -0.842943 0.153533 0.515630 -0.537068 -0.296611 -0.789671
-2.734936 -14.478789 50.189154 514.304466 -0.066158 0.972287 -0.224234 -0.785570 0.087808 0.612511 -0.615226 -0.216673 -0.757990
-3.073121 -16.438457 42.802184 312.626323 -0.065020 0.972104 -0.225357 -0.923536 0.026916 0.382567 -0.377960 -0.233000 -0.896023
-2.456045 -16.475782 44.409363 300.271910 -0.082939 0.984731 -0.153055 -0.908300 -0.011507 0.418162 -0.410016 -0.173702 -0.895385
-3.528177 -17.702862 14.430832 -162.165895 -0.038697 0.958375 -0.282876 0.973590 -0.027582 -0.226632 -0.225000 -0.284176 -0.931997
-3.241827 -20.826296 71.078725 -200.706180 -0.045862 0.985535 -0.163148 0.993391 0.027792 -0.111361 -0.105215 -0.167177 -0.980297
-1.685570 -13.288189 -14.817506 11.829207 0.173422 0.983044 -0.059572 0.713630 -0.167119 -0.680296 0.678717 -0.075466 0.730512
-1.465201 -14.082148 -39.901012 38.349661 0.193118 0.981124 -0.010071 0.798083 -0.163043 -0.580070 0.570762 -0.103984 0.814505
-1.360352 -13.550312 -33.849407 47.030921 0.211617 0.976948 -0.028128 0.641908 -0.160631 -0.749768 0.737003 -0.140608 0.661102
-1.098355 -15.066392 3.094165 23.320784 0.187032 0.982156 -0.019704 0.762434 -0.157780 -0.627534 0.619446 -0.102346 0.778340
2.043133 -11.447194 2.547542 -117.751820 0.023658 0.999363 0.026707 0.791737 -0.002418 -0.610858 0.610404 -0.035596 0.791290
2.622588 -11.965189 -17.332421 163.994731 0.019408 0.999795 0.005731 0.900844 -0.015000 -0.433885 0.433710 -0.013584 0.900950
-0.174412 -19.437722 -5.964104 266.830953 0.077211 -0.990503 -0.113761 0.996745 0.074034 0.031902 -0.023177 -0.115854 0.992996
0.550544 -8.155602 16.575330 79.686229 -0.021714 0.994672 -0.100780 -0.799895 0.043187 0.598585 -0.599748 -0.093611 -0.794695
-0.439022 -8.687647 10.576118 18.426401 -0.058508 0.996996 0.050753 0.976888 0.046710 0.208584 -0.205587 -0.061784 0.976687
-0.447158 -8.874214 12.123276 20.591921 -0.092239 0.994863 0.041699 0.931389 0.071393 0.356956 -0.352145 -0.071763 0.933190
-0.753506 -9.161877 -2.753176 12.697903 -0.041782 0.997128 0.063169 0.990279 0.032934 0.135139 -0.132670 -0.068201 0.988811
-0.773401 -9.476975 15.829347 -10.003301 -0.071345 0.996331 0.047267 0.968284 0.057804 0.243072 -0.239448 -0.063110 0.968856
6.733093 -7.946883 -19.295655 12.183653 0.190431 -0.897860 -0.396969 0.877964 -0.025155 0.478066 -0.439222 -0.439562 0.783498
4.848733 -7.592175 161.460103 -7.805203 0.250887 -0.821815 -0.511542 0.927957 0.053733 0.368794 -0.275594 -0.567214 0.776090
5.405902 -7.671058 198.869962 -27.257719 0.309834 -0.794619 -0.522095 0.856512 -0.005131 0.516101 -0.412783 -0.607086 0.679011
-1.448089 -31.159976 4.319033 -333.409762 -0.215926 0.926353 0.308620 -0.194543 0.268923 -0.943310 0.956833 0.263726 -0.122148
-1.537493 -31.340003 -17.892792 -786.285498 -0.205804 0.935311 0.287817 0.176432 0.324757 -0.929196 0.962557 0.140452 0.231855
