17046
34061
-7.520255 -10.175215 -99.316881 169.024916 -0.255055 0.339761 0.905267 0.964337 0.157852 0.212453 -0.070715 0.927170 -0.367905
-6.611089 -11.245723 17.915649 125.343537 -0.222370 0.353613 0.908576 0.962202 0.229875 0.146029 -0.157221 0.906706 -0.391364
-9.438436 -13.015707 -165.474164 154.129416 0.107824 0.405151 0.907869 0.963522 0.182410 -0.195837 -0.244948 0.895868 -0.370704
-6.529435 -10.557933 33.380794 113.986802 -0.428520 0.369881 0.824353 0.893867 0.306640 0.327068 -0.131804 0.877017 -0.462026
-8.885461 -15.510832 13.508005 524.709820 0.571044 0.324152 0.754211 0.817767 -0.144176 -0.557199 -0.071879 0.934954 -0.347412
-6.813441 -8.374154 11.718917 222.812351 0.013530 0.318333 0.947882 0.998178 -0.060041 0.005916 0.058795 0.946076 -0.318565
-5.697309 -8.691437 8.468957 107.466740 -0.610617 0.311774 0.727972 0.791922 0.237285 0.562633 0.002677 0.920050 -0.391791
-8.299721 -9.358254 -71.363687 73.519903 -0.597687 0.170044 -0.783489 -0.156740 0.933608 0.322194 0.786259 0.315375 -0.531352
-7.915849 -10.304289 -53.061616 66.121204 -0.498032 0.027625 -0.866719 -0.124012 0.986950 0.102717 0.858245 0.158640 -0.488107
-8.734600 -10.055318 -64.024652 54.727458 -0.613669 0.100151 -0.783186 -0.085387 0.977687 0.191929 0.784933 0.184654 -0.591425
-1.442419 -3.785227 -41.269780 23.442097 -0.064432 0.633838 0.770777 0.969490 0.222817 -0.102188 -0.236513 0.740677 -0.628856
-1.306507 -3.833256 -34.543080 -39.882734 -0.296194 0.564824 0.770222 0.934577 0.337768 0.111703 -0.197064 0.752918 -0.627917
-1.082869 -3.210117 -20.548449 0.483878 -0.103094 0.632438 0.767720 0.967265 0.243678 -0.070849 -0.231884 0.735284 -0.636857
457.197452 -126.313567 49297.742299 10481.385690 0.315021 0.914296 -0.254606 0.505940 -0.388746 -0.770001 0.802986 -0.113751 0.585042
72.916715 -1.022089 7452.520811 87.195296 0.219935 0.685776 -0.693787 -0.144771 0.726271 0.671991 0.964712 -0.047354 0.259013
43.147275 -0.193709 2971.448102 -796.889608 0.458440 0.766909 -0.449092 0.405333 -0.630132 -0.662299 0.790910 -0.121592 0.599731
24.367246 -3.533440 -564.911080 1088.895510 0.669662 0.590665 -0.450187 -0.257210 0.753119 0.605520 0.696704 -0.289700 0.656260
32.231436 0.162752 -1661.756871 1204.423196 0.804365 0.562950 -0.189961 -0.349179 0.706600 0.615460 0.480699 -0.428724 0.764934
25.542169 -4.588200 599.196995 584.161820 0.554561 0.577175 -0.599443 -0.180686 0.786693 0.590311 0.812290 -0.219053 0.540556
56.324183 5.054811 -2025.742858 1150.521100 0.804984 0.563522 -0.185590 -0.360589 0.713102 0.601217 0.471143 -0.417048 0.777235
2.753393 -9.225513 42.067989 9.631938 -0.061968 0.784920 0.616491 0.714653 0.466078 -0.521577 0.696729 -0.408256 0.589827
3.938088 -9.380826 87.832817 -5.825554 -0.059125 0.821488 0.567153 0.832099 0.354420 -0.426611 0.551466 -0.446704 0.704514
1.521174 -9.521482 94.543074 25.056367 -0.034437 0.853606 0.519780 0.709949 0.386947 -0.588425 0.703411 -0.348754 0.619341
4.985367 -9.164679 7.012600 7.535842 -0.072412 0.746683 0.661227 0.835332 0.407642 -0.368847 0.544956 -0.525635 0.653246
0.817115 -9.005597 52.284328 24.831085 -0.024783 0.835127 0.549499 0.586887 0.457131 -0.668277 0.809289 -0.305932 0.501454
1.442767 -8.929086 15.319066 4.625056 -0.039807 0.772514 0.633748 0.570430 0.538310 -0.620348 0.820381 -0.336815 0.462094
2.110672 -8.926233 8.767525 -8.553667 -0.071618 0.708953 0.701610 0.612210 0.586572 -0.530219 0.787445 -0.391559 0.476038
3.487061 -9.031012 0.872142 1.288038 -0.078072 0.702105 0.707780 0.741436 0.515495 -0.429577 0.666466 -0.491236 0.560812
-0.616528 -9.933097 25.439151 -33.427656 -0.036489 -0.465338 -0.884381 0.767370 -0.579951 0.273494 -0.640165 -0.668668 0.378248
-0.194950 -9.684560 -33.287311 49.211783 0.009803 0.493745 0.869552 -0.752879 0.575939 -0.318539 -0.658085 -0.651545 0.377376
-0.081711 -10.652270 30.847100 -30.186562 -0.013040 -0.478581 -0.877947 0.872587 -0.434207 0.223732 -0.488285 -0.763167 0.423265
-0.606955 -10.422756 -1.403569 -40.387717 -0.089494 -0.482442 -0.871344 0.810911 -0.543248 0.217496 -0.578285 -0.687118 0.439836
-0.235176 -10.937381 9.839575 -9.126021 -0.061588 -0.489023 -0.870094 0.915905 -0.374120 0.145437 -0.396641 -0.787967 0.470940
0.658201 -11.046482 50.456192 -3.727385 0.015180 -0.479195 -0.877577 0.957872 -0.244774 0.150226 -0.286796 -0.842887 0.455291
1.464939 -15.502589 8.652154 38.178517 -0.095180 0.247204 0.964277 0.990386 -0.074167 0.116771 0.100384 0.966121 -0.237768
1.305586 -17.055713 -13.306543 79.764613 -0.057641 0.265776 0.962310 0.989275 0.144785 0.019269 -0.134207 0.953100 -0.271271
1.385511 -16.546369 -18.180600 124.065228 -0.076376 0.286883 0.954916 0.991701 -0.077482 0.102595 0.103422 0.954827 -0.278584
0.418444 -18.701241 0.814928 -31.267660 0.115054 -0.394230 -0.911782 0.832649 0.538827 -0.127906 0.541717 -0.744478 0.390249
0.171634 -19.887110 2.123699 -135.189366 0.145078 -0.366485 -0.919043 0.732450 0.664258 -0.149262 0.665184 -0.651499 0.364801
0.341607 -20.779897 2.705004 -49.490431 0.130360 -0.371619 -0.919188 0.843007 0.529531 -0.094529 0.521867 -0.762559 0.382307
0.143707 -17.933001 -2.888609 -109.188333 0.124257 -0.392831 -0.911177 0.738710 0.649718 -0.179372 0.662471 -0.650808 0.370920
0.572041 -18.909218 2.356407 -1.684060 0.085147 -0.406168 -0.909823 0.915210 0.392861 -0.089731 0.393880 -0.825038 0.405180
0.337218 -17.327580 -5.762079 -37.526512 0.093357 -0.417736 -0.903759 0.846013 0.511861 -0.149201 0.524926 -0.750663 0.401196
1623.825290 -37.874733 211805.812986 4344.307389 0.913814 0.194411 0.356579 -0.093873 0.955317 -0.280280 -0.395136 0.222651 0.891232
269.874799 -9.712624 23368.230529 6.850669 0.917803 0.277114 0.284332 0.120589 -0.876870 0.465357 -0.378279 0.392819 0.838211
649.926314 17.169565 13788.616279 34.922574 0.881613 0.470640 0.035453 0.420298 -0.817045 0.394698 -0.214727 0.333070 0.918127
2216.004505 15.362316 134500.717859 -1978.840532 0.875319 0.477468 0.076429 0.434902 -0.846457 0.307198 -0.211371 0.235657 0.948572
2035.628016 52.310736 24090.727143 -1110.176617 0.890354 0.451984 -0.054593 0.443261 -0.833255 0.330463 -0.103874 0.318428 0.942239
213.547335 -9.150591 -11978.397638 -357.611648 0.748839 0.643561 -0.158329 0.636371 -0.631482 0.443015 -0.185125 0.432503 0.882422
-1.542151 -9.062597 77.715314 179.314197 0.150150 0.478709 0.865039 -0.167685 0.874613 -0.454900 -0.974339 -0.076751 0.211596
-1.202358 -8.622039 59.345895 -93.510803 0.152818 0.422777 0.893256 -0.106697 0.905648 -0.410388 -0.982478 -0.032593 0.183509
-2.460897 -8.491889 68.035877 156.237680 0.142584 0.358694 0.922501 -0.145837 0.929465 -0.338860 -0.978980 -0.086219 0.184837
-2.722249 -10.995875 88.849116 396.183591 0.121907 0.463678 0.877577 -0.237138 0.872172 -0.427881 -0.963797 -0.155945 0.216280
-3.513656 -9.732038 55.737290 263.147659 0.105089 0.331554 0.937565 -0.235719 0.924223 -0.300415 -0.966123 -0.189432 0.175279
-2.864204 -7.992638 -9.555299 85.838945 0.130727 0.146168 0.980584 -0.135533 0.982421 -0.128373 -0.982111 -0.116120 0.148240
0.734255 -20.246529 -110.362817 230.887050 -0.270857 -0.377611 -0.885464 0.834118 -0.551221 -0.020080 -0.480504 -0.744020 0.464274
-0.641549 -20.408187 -71.836222 154.467462 -0.201979 -0.407169 -0.890740 0.853011 -0.520011 0.044280 -0.481224 -0.750867 0.452351
1.006417 -17.686849 -124.632294 267.100695 -0.262645 -0.404300 -0.876104 0.916629 -0.388119 -0.095687 -0.301346 -0.828194 0.472531
3.086093 -17.458502 -102.691362 314.529311 -0.309958 -0.303277 -0.901082 0.887465 -0.432293 -0.159777 -0.341075 -0.849203 0.403140
2.503230 -14.501111 -138.805335 390.486015 -0.303197 -0.377135 -0.875123 0.943697 -0.246350 -0.220791 -0.132319 -0.892794 0.430594
-0.792115 -32.229295 -75.228374 -662.479738 0.083421 0.715832 0.693272 0.996453 -0.052201 -0.066003 -0.011058 0.696319 -0.717648
-1.170694 -38.382227 -70.446705 -576.590170 0.084386 0.712034 0.697055 0.956106 -0.254862 0.144592 0.280608 0.654257 -0.702287
0.938939 -32.978116 -165.102247 -589.717029 0.107432 0.733453 0.671197 0.993688 -0.101131 -0.048538 0.032279 0.672175 -0.739688
2.154326 -26.965281 -208.547224 -824.274529 0.122390 0.739398 0.662051 0.960780 0.078983 -0.265825 -0.248841 0.668619 -0.700733
1.807773 -12.089527 -21.103787 35.434829 -0.172859 -0.662456 -0.728884 0.111710 0.722062 -0.682749 0.978591 -0.199443 -0.050812
1.021018 -11.956295 -163.562232 -152.433962 0.220849 0.701021 0.678082 0.125002 0.669170 -0.732520 0.967264 -0.246538 -0.060157
0.374353 -12.305936 75.658130 228.280974 -0.174246 -0.639264 -0.748986 0.216807 0.717051 -0.662445 0.960538 -0.277813 0.013654
-1.006735 -14.829907 -94.360136 -132.856064 0.636742 0.736647 0.227839 -0.562897 0.646016 -0.515567 0.526979 -0.200033 -0.826003
-1.496463 -15.630826 -136.085964 -73.107640 0.640062 0.734044 0.226936 -0.659211 0.676384 -0.328552 0.394668 -0.060694 -0.916817
-2.266253 -15.002586 -116.489247 -145.736112 0.613838 0.758961 0.217214 -0.565334 0.614666 -0.550075 0.551000 -0.214858 -0.806372
0.117682 -15.158555 167.333825 -44.060114 -0.672853 -0.703743 -0.228069 -0.645772 0.709144 -0.283008 0.360899 -0.043143 -0.931607
-1.863178 -12.761787 -45.783374 -128.905571 0.598701 0.775216 0.201488 -0.471392 0.544396 -0.693846 0.647569 -0.320427 -0.691361
-1.223085 -12.658591 -10.018429 -121.266210 0.627666 0.745936 0.222743 -0.461593 0.587010 -0.665095 0.626871 -0.314641 -0.712765
-0.138554 -14.558686 -38.475000 -116.064793 0.664739 0.704422 0.248820 -0.548830 0.686428 -0.477076 0.506860 -0.180571 -0.842904
-9.687127 -113.622408 345.296353 6738.270461 -0.143226 0.952978 0.267056 0.167003 -0.242697 0.955619 -0.975498 -0.181468 0.124390
-13.081735 -126.308809 686.469059 10481.376558 -0.040545 0.932058 0.360033 0.503497 -0.292178 0.813095 -0.863045 -0.214242 0.457442
-37.237104 -154.625457 -60.806264 7017.362390 -0.136324 0.989807 0.041197 0.402722 0.017376 0.915157 -0.905114 -0.141349 0.400986
-9.370227 -337.249260 657.930721 26147.228222 -0.075660 0.915742 0.394578 -0.231454 -0.401033 0.886342 -0.969899 0.024265 -0.242294
-12.464848 -127.703912 695.869236 6788.848638 -0.192013 0.895575 0.401344 -0.186835 -0.434833 0.880916 -0.963444 -0.094162 -0.250818
-98.423888 -3775.838976 -4510.716978 755336.748314 -0.060253 0.515646 0.854681 0.773484 0.565341 -0.286552 -0.630945 0.643816 -0.432907
-28.398568 -7324.158124 -1039.342135 -304314.171970 0.073164 -0.531860 -0.843666 0.766443 -0.511283 0.388788 -0.638132 -0.675066 0.370233
-73.370233 -3583.986836 -2293.363568 -1811688.919637 -0.020251 0.540939 0.840818 -0.605348 0.662682 -0.440915 -0.795703 -0.517917 0.314036
-143.751303 -1530.962442 -6845.834413 -120776.514391 -0.011463 0.151304 0.988421 0.956167 0.290908 -0.033442 -0.292599 0.944712 -0.148006
-130.880219 -2754.461104 -3741.496291 -664153.877508 -0.044381 0.440266 0.896770 0.748745 -0.579609 0.321613 0.661371 0.685725 -0.303923
0.822974 -7.681769 -42.809282 23.080741 0.167853 -0.383827 -0.908021 -0.121925 0.905934 -0.405484 0.978243 0.178772 0.105266
1.598112 -7.648315 -42.687447 20.642059 0.147496 -0.362339 -0.920302 -0.117005 0.917553 -0.380009 0.982117 0.163730 0.092939
1.565442 -7.796855 -52.890762 11.910847 0.156900 -0.363589 -0.918251 0.010673 0.930337 -0.366551 0.987557 0.047712 0.149850
-2.725822 -6.451652 109.714297 -135.557608 -0.561961 -0.584749 -0.585038 0.097149 0.655728 -0.748721 0.821439 -0.477588 -0.311686
-3.764449 -8.292494 87.931538 -184.623458 -0.550080 -0.535432 -0.640878 0.065776 0.737253 -0.672408 0.832518 -0.412032 -0.370329
-3.474981 -7.271086 60.155084 -168.394396 -0.498121 -0.448616 -0.742037 0.197633 0.774499 -0.600910 0.844285 -0.445977 -0.297133
-2.799003 -5.911502 78.629834 -102.188711 -0.519884 -0.522595 -0.675733 0.201788 0.693521 -0.691600 0.830061 -0.495907 -0.255097
-3.972718 -8.381883 0.032091 -157.453678 -0.410016 -0.297718 -0.862120 0.255353 0.869956 -0.421867 0.875604 -0.393117 -0.280672
-3.723891 -7.235408 55.270028 -75.005477 -0.442610 -0.414178 -0.795332 0.265490 0.786648 -0.557404 0.856511 -0.457865 -0.238218
8.449458 -2.810219 -5.722474 4.750945 0.897376 0.409276 -0.164952 -0.102731 -0.169771 -0.980114 0.429142 -0.896477 0.110303
8.361943 -2.365251 12.651930 77.717890 0.896429 0.413401 -0.159731 -0.121246 -0.117905 -0.985595 0.426279 -0.902883 0.055571
8.005454 -2.704113 -223.885585 56.912033 0.944397 0.288486 -0.157766 -0.121009 -0.141199 -0.982558 0.305730 -0.947016 0.098439
8.550483 -3.197363 -270.826137 31.500546 0.943598 0.295955 -0.148434 -0.095199 -0.186865 -0.977762 0.317111 -0.936746 0.148151
-13.305687 -18.345938 -127.429273 159.004433 0.209441 0.163049 0.964132 0.912682 0.321259 -0.252594 -0.350921 0.932849 -0.081527
-13.594500 -18.527712 -258.745653 653.097622 0.191966 0.201810 0.960428 0.953534 0.193200 -0.231184 -0.232210 0.960181 -0.155345
-12.958958 -18.786890 -448.905248 -28.592920 0.082879 0.291440 0.952992 0.932990 0.313382 -0.176976 -0.350229 0.903800 -0.245938
-12.394325 -17.830907 -380.672821 -436.913199 0.202422 0.308821 0.929330 0.870486 0.378009 -0.315219 -0.448641 0.872777 -0.192307
5.374659 -145.908120 -171.535317 9746.924150 0.044091 -0.320753 -0.946136 0.653450 0.725633 -0.215548 0.755685 -0.608748 0.241590
3.143887 -107.363848 -130.999305 10228.083741 0.065852 -0.323240 -0.944023 0.649673 0.731965 -0.205311 0.757356 -0.599786 0.258202
5.321642 -124.717697 -198.660245 10746.854938 0.069688 -0.303225 -0.950367 0.341542 0.902359 -0.262863 0.937279 -0.306272 0.166447
2.547933 -76.477136 -79.230090 3897.198598 0.008277 -0.309323 -0.950921 0.937038 0.334417 -0.100626 0.349130 -0.890216 0.292616
5.715812 -128.321396 -202.290257 8601.394001 -0.029824 -0.271236 -0.962051 0.390280 0.882920 -0.261025 0.920213 -0.383254 0.079526
3.817095 -89.242811 -143.602994 2855.099615 -0.002363 -0.330446 -0.943822 0.966885 0.240112 -0.086487 0.255202 -0.912772 0.318936
5.694298 -129.069509 -91.733639 7003.911517 -0.024491 -0.226250 -0.973761 0.886682 0.444969 -0.125688 0.461730 -0.866495 0.189714
0.802910 -20.470571 -38.846130 620.305947 -0.043467 0.997354 0.058265 -0.822940 -0.002676 -0.568122 0.566463 0.072643 -0.820879
-2.010707 -180.954801 -294.255506 9971.577307 -0.176880 0.973727 -0.143419 -0.703350 -0.226984 -0.673630 0.688486 0.018278 -0.725020
1.424634 -16.818335 -29.671576 241.985717 -0.006000 0.987140 0.159748 -0.753769 0.100511 -0.649407 0.657112 0.124310 -0.743472
2.184276 -14.727951 -54.761125 -74.833620 0.022129 0.966268 0.256585 -0.633838 0.212035 -0.743835 0.773149 0.146173 -0.617150
3.946336 -13.400839 -8.866170 -9.937309 0.042661 0.942265 0.332140 -0.780165 0.239091 -0.578082 0.624118 0.234463 -0.745321
2.616080 -13.977676 -110.724626 722.392785 -0.467988 0.864367 -0.184002 0.865489 0.490371 0.102294 -0.178649 0.111379 0.977589
3.426519 -14.168863 -31.116866 607.548992 -0.404486 0.874356 -0.268126 0.875294 0.455084 0.163584 -0.265051 0.168522 0.949394
2.347028 -7.929856 68.453999 419.337006 0.488426 -0.844346 0.220272 0.863622 0.503872 0.016465 -0.124890 0.182190 0.975300
3.387204 -20.624788 -46.140141 871.980456 -0.388342 0.889361 -0.241303 0.846277 0.447823 0.288564 -0.364699 0.092147 0.926555
2.194610 -22.962760 -117.188423 1151.212623 -0.432990 0.889162 -0.148022 0.857555 0.456929 0.236253 -0.277702 0.024641 0.960351
8.474482 -9.402146 -209.071222 444.372482 0.145849 0.229810 0.962245 0.068771 0.967938 -0.241593 -0.986914 0.101411 0.125368
6.392072 -8.872896 -615.894802 520.438978 0.045015 0.372936 0.926764 0.097904 0.921592 -0.375610 -0.994177 0.107642 0.004974
9.131993 -3.191032 -352.751427 848.751313 0.109188 0.451793 0.885416 0.206741 0.860941 -0.464799 -0.972284 0.233802 0.000601
6.953193 -6.309533 668.426778 935.654045 0.362455 0.245788 0.899008 0.259557 0.899817 -0.350655 -0.895130 0.360440 0.262347
-0.860292 -4.035622 247.101165 148.103098 -0.323650 0.709059 0.626486 0.608681 -0.350900 0.711602 -0.724402 -0.611640 0.318022
0.057291 -4.390511 137.961657 43.998008 -0.208894 0.605807 0.767698 0.643399 -0.506055 0.574410 -0.736479 -0.613927 0.284064
-0.445921 -4.581521 247.640551 110.423913 -0.219468 0.655177 0.722895 0.620903 -0.477737 0.621487 -0.752538 -0.585244 0.301953
16.628009 -12.455290 510.319690 -105.654196 0.007604 -0.322997 0.946369 -0.292386 0.904319 0.310994 -0.956270 -0.279070 -0.087563
18.901368 -11.295175 332.385105 77.041727 -0.167905 -0.428521 0.887794 -0.315430 0.876586 0.363456 -0.933976 -0.219011 -0.282352
19.340347 -11.166804 531.602228 -147.543580 -0.150768 -0.382419 0.911606 -0.259373 0.905143 0.336811 -0.953936 -0.185665 -0.235656
16.234034 -12.053101 478.008816 -90.100787 -0.070289 -0.306436 0.949293 -0.147279 0.944405 0.293953 -0.986594 -0.119149 -0.111513
-0.919622 -2.052432 98.799952 -57.162276 -0.137550 -0.229887 0.963448 0.368536 0.890980 0.265210 -0.919381 0.391544 -0.037832
-1.606598 -1.791384 -29.976290 -12.564037 0.387041 0.917875 -0.087779 -0.037878 0.110946 0.993104 -0.921284 0.381047 -0.077708
-0.692910 -1.829059 109.934162 22.947488 0.013074 0.135421 0.990702 0.382090 0.914921 -0.130105 -0.924033 0.380238 -0.039781
-2.048486 -2.538458 30.267931 -90.763004 -0.230916 -0.365981 0.901519 0.329500 0.842396 0.426378 -0.915482 0.395508 -0.073932
1.184525 -2.154659 214.643221 1.408801 -0.023972 -0.005798 0.999696 0.385116 0.922753 0.014587 -0.922557 0.385348 -0.019887
0.797989 -2.492261 191.334964 -50.819621 -0.082173 -0.154880 0.984510 0.396358 0.901289 0.174870 -0.914411 0.404588 -0.012674
-1.278902 -3.037494 101.913911 -80.247253 -0.160131 -0.286732 0.944533 0.382355 0.864161 0.327156 -0.910034 0.413535 -0.028745
-3.238254 -9.105039 102.659991 16.538739 0.239575 -0.308574 -0.920536 0.888769 -0.311906 0.335862 -0.390759 -0.898608 0.199526
-4.131261 -9.151225 19.225668 36.448113 0.161504 -0.349848 -0.922780 0.908252 -0.313040 0.277642 -0.385999 -0.882957 0.267193
-3.907363 -9.233408 121.600640 -4.040689 0.205694 -0.300874 -0.931217 0.834014 -0.443920 0.327653 -0.511967 -0.844044 0.159621
3.071736 -14.232350 -7.879964 406.840481 -0.023679 -0.261462 -0.964923 0.891191 0.431845 -0.138885 0.453010 -0.863219 0.222787
2.964343 -15.773711 -21.455919 259.014324 -0.041845 -0.331594 -0.942494 0.950620 0.277135 -0.139709 0.307524 -0.901799 0.303623
2.639604 -12.992300 -30.741543 346.202432 -0.019023 -0.332051 -0.943070 0.893072 0.418430 -0.165342 0.449511 -0.845375 0.288585
-1.909921 -15.102833 19.785449 -18.097426 0.236641 0.260498 0.936024 -0.423418 0.894742 -0.141963 -0.874482 -0.362735 0.322032
-1.517842 -15.359724 26.445406 -8.375352 0.269209 0.293863 0.917154 -0.422401 0.891856 -0.161771 -0.865508 -0.343857 0.364224
-1.694966 -16.205279 22.600692 -110.063590 0.250342 0.243013 0.937162 -0.208117 0.958864 -0.193047 -0.945524 -0.146712 0.290620
-1.858542 -16.124619 10.959887 -113.398553 0.211240 0.210450 0.954510 -0.205587 0.964267 -0.167103 -0.955569 -0.160936 0.246957
-2.095362 -14.905950 6.624114 -32.987394 0.197688 0.221558 0.954899 -0.424617 0.897345 -0.120297 -0.883527 -0.381685 0.271472
-2.273231 -14.331664 21.450635 -6.599236 -0.238950 -0.158496 -0.958010 0.863400 0.416786 -0.284306 0.444346 -0.895080 0.037254
-2.362189 -14.324094 21.364085 105.609992 -0.219015 -0.144974 -0.964891 0.926998 0.277674 -0.252134 0.304478 -0.949673 0.073576
-1.835194 -14.726039 35.526412 -34.797619 -0.254841 -0.099874 -0.961811 0.869375 0.411821 -0.273112 0.423371 -0.905775 -0.018121
-2.611068 -14.055174 1.405182 84.199558 -0.209901 -0.220325 -0.952575 0.923992 0.273831 -0.266938 0.319658 -0.936201 0.146101
-1.770157 -15.007447 33.999924 -136.393277 -0.273963 -0.121098 -0.954086 0.789253 0.538573 -0.294990 0.549568 -0.833831 -0.051972
-2.236517 -14.609452 20.457459 -96.848756 -0.250086 -0.174991 -0.952279 0.778582 0.548312 -0.305228 0.575558 -0.817760 -0.000880
-2.571480 -13.967267 1.270250 -8.106420 -0.212532 -0.227441 -0.950316 0.861625 0.415106 -0.292045 0.460905 -0.880885 0.107746
12.153064 -10.448617 106.628744 -79.051608 -0.646288 -0.405991 0.646129 0.647672 0.155910 0.745797 -0.403525 0.900479 0.162186
8.471065 -10.070963 -200.305758 -114.135580 0.651277 0.533533 -0.539611 0.533546 0.183693 0.825582 -0.539598 0.825590 0.165029
8.450322 -9.075060 58.471200 -150.134370 0.671419 0.371326 -0.641337 0.542504 0.343288 0.766709 -0.504863 0.862711 -0.029044
9.926233 -9.248220 -132.341632 -110.520442 -0.640115 -0.263901 0.721532 0.647358 0.320490 0.691530 -0.413739 0.909749 -0.034312
6.099299 -7.349668 124.208380 -137.603892 0.650746 0.241899 -0.719733 0.564133 0.480422 0.671528 -0.508217 0.843018 -0.176169
5.364723 -6.521991 72.984436 -150.871783 0.675242 0.339750 -0.654690 0.461759 0.497433 0.734397 -0.575176 0.798204 -0.179005
0.028991 -11.563663 -6.516689 111.667259 0.132871 0.214613 0.967619 0.982308 -0.158508 -0.099731 0.131972 0.963751 -0.231877
0.277642 -10.516727 -11.711572 127.916390 0.093399 0.227693 0.969243 0.934699 -0.355379 -0.006585 0.342950 0.906566 -0.246017
0.503026 -9.662500 -9.820239 108.919401 0.050176 0.231400 0.971564 0.948098 -0.316870 0.026505 0.313993 0.919808 -0.235289
25.237064 -10.903649 -1677.918545 -25.048568 -0.211584 0.090060 0.973202 0.914106 -0.334167 0.229659 0.345895 0.938201 -0.011620
58.866744 -10.999019 -6419.484040 -44.559215 -0.242214 0.120380 0.962726 0.844601 -0.462164 0.270284 0.477474 0.878586 0.010270
42.540040 -10.629105 -2587.354088 20.630933 -0.381026 0.027614 0.924152 0.877152 -0.305182 0.370767 0.292273 0.951894 0.092060
-2.156544 -12.744224 34.082010 44.037051 -0.304898 -0.150090 0.940484 0.561057 0.769651 0.304718 -0.769579 0.620573 -0.150456
-0.366013 -13.633546 29.307912 5.401773 -0.199693 -0.040003 0.979042 0.652021 0.740418 0.163245 -0.731430 0.670955 -0.121774
1.143298 -14.077302 36.104684 -116.984004 -0.328666 -0.184943 0.926161 0.664698 0.651351 0.365948 -0.670936 0.735892 -0.091145
-0.638395 -11.558919 -48.237380 -114.867699 -0.493968 -0.358128 0.792300 0.497377 0.631032 0.595328 -0.713170 0.688145 -0.133585
-3.801378 -11.488759 64.117234 48.611617 -0.392007 -0.245805 0.886516 0.485761 0.763050 0.426369 -0.781260 0.597774 -0.179719
-1.076327 -17.788909 35.666957 -254.225514 -0.485211 0.467751 0.738769 0.814382 -0.065871 0.576578 0.318359 0.881402 -0.348966
-0.880463 -17.055414 -17.979491 -340.195717 -0.478555 0.502585 0.719996 0.830789 -0.006242 0.556552 0.284208 0.864506 -0.414555
-1.113962 -15.860653 23.463536 -218.819615 -0.468847 0.474883 0.744761 0.862991 0.066599 0.500810 0.188226 0.877525 -0.441045
-0.862933 -18.131254 28.960277 -205.855149 -0.469295 0.464173 0.751203 0.834954 -0.043646 0.548586 0.287426 0.884669 -0.367080
-7.918971 -27.145002 755.056441 -148.299575 0.239758 -0.289360 -0.926707 0.832803 0.551886 0.043140 0.498954 -0.782108 0.373299
-3.785055 -25.799118 378.644082 -162.302795 0.199349 -0.314341 -0.928143 0.823083 0.567709 -0.015487 0.531784 -0.760852 0.371901
-7.478238 -24.547424 610.724626 411.529178 0.219719 -0.332637 -0.917102 0.712080 0.697258 -0.082299 0.666833 -0.634967 0.390065
-10.604908 -25.658337 662.895499 367.218942 0.267513 -0.366469 -0.891144 0.752209 0.657417 -0.044547 0.602178 -0.658410 0.451529
-8.712076 -24.246720 143.501243 756.413567 0.304350 -0.410421 -0.859608 0.624839 0.767161 -0.145054 0.718991 -0.492969 0.489932
-6.195746 -22.782135 296.673249 535.978918 0.238479 -0.371846 -0.897139 0.566745 0.803457 -0.182363 0.788624 -0.464959 0.402350
0.030969 -27.063509 -48.270455 -392.306001 0.431242 -0.649752 -0.625981 0.902202 0.304519 0.305449 -0.007843 -0.696484 0.717529
0.064266 -25.208392 -58.323415 -119.832911 0.399925 -0.667924 -0.627644 0.901243 0.161956 0.401909 -0.166793 -0.726394 0.666732
-0.262796 -24.080669 -19.863439 12.047045 0.396177 -0.656648 -0.641761 0.911459 0.196881 0.361221 -0.110845 -0.728046 0.676508
0.456791 -29.909518 -38.854077 -238.901276 0.418444 -0.649750 -0.634610 0.901829 0.214348 0.375178 -0.107744 -0.729301 0.675656
0.285242 -33.838210 -59.237821 -613.940839 0.463082 -0.639732 -0.613431 0.876816 0.431723 0.211680 0.129414 -0.635892 0.760851
-3.478281 -32.060099 -133.780141 2654.219799 0.245728 -0.110231 -0.963051 -0.558534 0.795905 -0.233613 0.792249 0.595302 0.134008
-5.972341 -47.956641 -86.538540 2430.053468 0.247477 -0.251051 -0.935804 -0.221498 0.925611 -0.306893 0.943236 0.283227 0.173460
-5.356996 -29.398638 -154.427310 2145.066577 0.187719 -0.070257 -0.979707 -0.498167 0.852820 -0.156610 0.846517 0.517457 0.125091
-1.914564 -17.998797 589.468679 1122.754893 -0.096152 0.240099 -0.965975 -0.618640 0.745850 0.246965 0.779769 0.621337 0.076819
0.593182 -16.832444 720.114873 1416.096611 -0.052280 0.194565 -0.979495 -0.679585 0.711760 0.177655 0.731731 0.674939 0.095012
0.267744 -7.974019 -5.478558 2.396453 0.006414 -0.406839 -0.913477 0.905758 0.389462 -0.167096 0.423746 -0.826318 0.370996
0.233926 -7.592473 -3.490847 -48.772606 -0.028589 -0.416081 -0.908878 0.951454 0.267435 -0.152360 0.306460 -0.869111 0.388236
0.184527 -7.702381 -7.506150 -15.624061 0.009250 -0.408380 -0.912765 0.909837 0.382141 -0.161753 0.414862 -0.828972 0.375094
3.061292 -4.685208 -52.741667 109.207440 0.804987 0.110919 0.582832 0.585383 -0.308360 -0.749827 -0.096553 -0.944781 0.313156
3.308114 -4.164248 199.338770 109.144631 0.875980 0.172096 0.450602 0.481956 -0.274636 -0.832042 0.019440 -0.946022 0.323518
3.126680 -3.526649 -43.304022 42.663563 0.851406 0.121177 0.510317 0.523293 -0.262422 -0.810740 -0.035675 -0.957314 0.286839
1.460409 -3.720603 168.676429 -3.628680 0.933882 0.139114 0.329412 0.355717 -0.267463 -0.895505 0.036471 -0.953473 0.299264
1.554544 -3.469400 -266.926664 54.844842 0.796439 0.048657 0.602758 0.592681 -0.260704 -0.762078 -0.120061 -0.964192 0.236473
1.995270 -3.362877 -34.408593 -37.731940 0.891245 0.103387 0.441580 0.452980 -0.250505 -0.855603 -0.022159 -0.962579 0.270094
2.432316 -3.114273 -207.240855 -14.881351 0.830843 0.065369 0.552654 0.549496 -0.253496 -0.796112 -0.088054 -0.965125 0.246536
-3.392505 -8.413697 2.883862 -24.826566 0.358153 -0.429660 -0.828926 0.933561 0.177909 0.311147 0.013786 -0.885291 0.464832
-3.740280 -8.855774 25.439705 -29.984219 0.448951 -0.443713 -0.775604 0.893117 0.250026 0.373936 0.028001 -0.860585 0.508537
-3.054152 -8.184065 11.417589 -38.337179 0.337895 -0.447417 -0.828037 0.934903 0.058083 0.350119 -0.108554 -0.892437 0.437917
-2.782233 -7.835589 -24.841835 -35.332708 0.247698 -0.428388 -0.868982 0.960695 -0.007436 0.277506 -0.125342 -0.903565 0.409708
-3.256954 -8.068826 -16.026259 -16.529057 0.270732 -0.407401 -0.872197 0.962653 0.116185 0.244540 0.001710 -0.905828 0.423641
-0.285177 -9.057347 4.178817 23.066478 0.033814 0.492199 0.869826 0.328657 0.816443 -0.474768 -0.943844 0.301928 -0.134157
-0.453617 -9.036169 23.888256 62.314419 0.029363 0.478993 0.877328 0.379902 0.806495 -0.453035 -0.924560 0.346601 -0.158289
-0.534898 -9.517941 32.307083 7.504786 0.050685 0.464485 0.884129 0.170229 0.868295 -0.465925 -0.984100 0.174120 -0.035060
-0.174661 -7.923137 3.700486 80.639444 0.015798 0.486978 0.873271 0.513876 0.745254 -0.424886 -0.857719 0.455465 -0.238473
-0.410876 -9.256233 9.534310 -20.004974 0.046932 0.475748 0.878328 0.109537 0.871543 -0.477926 -0.992874 0.118640 -0.011209
-0.351750 -9.094082 -23.972654 -11.524705 0.023203 0.496107 0.867951 0.276680 0.831088 -0.482433 -0.960682 0.251339 -0.117979
-0.244873 -8.355585 -21.324367 52.325606 0.013466 0.497055 0.867614 0.478716 0.758583 -0.442021 -0.877866 0.421294 -0.227733
0.468246 -27.436541 0.847492 1554.453042 -0.101748 -0.186423 -0.977187 -0.349687 0.926301 -0.140304 0.931325 0.327434 -0.159439
0.411544 -34.703112 1.641078 825.475780 -0.106914 -0.190593 -0.975830 -0.109379 0.977753 -0.178984 0.988234 0.087599 -0.125382
0.487141 -30.363934 8.709332 817.493298 -0.105593 -0.179809 -0.978018 -0.218505 0.963674 -0.153581 0.970106 0.197485 -0.141047
0.478011 -26.121639 7.290603 1264.192049 -0.100483 -0.183438 -0.977882 -0.423906 0.897078 -0.124721 0.900115 0.401998 -0.167901
0.562214 -20.853578 -7.061093 1396.598920 -0.081161 -0.215682 -0.973085 -0.514478 0.845252 -0.144437 0.853654 0.488908 -0.179565
-0.258277 -3.830445 59.845081 -33.279829 -0.147292 -0.940010 0.307712 0.982904 -0.173854 -0.060611 0.110472 0.293524 0.949547
-1.903467 -6.683109 58.622146 -338.832634 0.268823 -0.930928 0.247199 0.958556 0.233423 -0.163355 0.094370 0.280867 0.955096
-0.427034 -4.098605 45.167171 20.221661 -0.423782 -0.847919 0.318500 0.903201 -0.422031 0.078217 0.068095 0.320817 0.944690
-1.279236 -4.288987 -78.167212 62.452607 -0.109896 -0.931028 0.348008 0.990828 -0.130317 -0.035749 0.078635 0.340887 0.936810
-0.766199 -4.976868 -136.206718 97.991774 -0.202154 -0.918921 0.338700 0.978877 -0.200372 0.040619 0.030541 0.339757 0.940017
-2.233890 -6.792954 118.784011 177.539169 -0.136930 -0.933162 0.332352 0.989796 -0.142246 0.008408 0.039429 0.330112 0.943118
1.629375 -14.611011 -16.003360 1278.662594 -0.233167 -0.212853 -0.948856 -0.338556 0.932474 -0.125983 0.911599 0.291865 -0.289485
2.255797 -59.909486 -0.001652 4126.394477 -0.228528 -0.225907 -0.946964 -0.304154 0.940582 -0.150984 0.924805 0.253519 -0.283660
1.088045 -13.945347 11.287862 1034.836797 -0.177988 -0.294343 -0.938980 -0.326911 0.917707 -0.225707 0.928143 0.266790 -0.259565
-7.101342 -12.111173 10.418847 108.146657 -0.191331 0.389190 0.901068 0.951456 0.299034 0.072871 -0.241089 0.871269 -0.427512
3.586816 -11.213550 21.676982 -54.523328 -0.101420 -0.119549 -0.987635 -0.514318 0.856093 -0.050811 0.851581 0.502805 -0.148311
4.991616 -10.725257 1.861065 -128.889892 -0.072953 -0.157245 -0.984861 -0.388179 0.914102 -0.117194 0.918692 0.373753 -0.127726
5.516992 -9.727541 47.565120 -57.959612 0.024052 -0.222076 -0.974733 -0.424706 0.880385 -0.211061 0.905012 0.419051 -0.073142
-0.651266 -2.973031 -25.446159 59.926987 0.124400 0.680881 0.721752 0.959455 0.102874 -0.262418 -0.252925 0.725133 -0.640477
-0.226519 -3.023456 -29.046220 89.621547 0.235330 0.693254 0.681189 0.935173 0.029376 -0.352970 -0.264708 0.720095 -0.641399
-0.392879 -3.730023 -25.595245 105.490248 0.242767 0.690302 0.681577 0.927768 0.040036 -0.371004 -0.283393 0.722413 -0.630721
153.502403 -3.908662 12412.058411 533.888300 0.125214 0.525007 -0.841837 -0.169559 0.847355 0.503228 0.977533 0.079730 0.195120
57.477229 -3.517357 5186.782683 65.559433 0.102888 0.435951 -0.894070 -0.017969 0.899508 0.436534 0.994531 -0.028848 0.100382
20.507242 -6.698266 2114.732634 27.606889 0.225540 0.342846 -0.911915 0.101528 0.922665 0.371998 0.968929 -0.176485 0.173289
2.302906 -9.701884 155.339353 -9.704371 -0.017552 0.870511 0.491837 0.821729 0.292799 -0.488906 0.569607 -0.395576 0.720463
4.552094 -9.658774 -143.268480 -35.948366 0.047824 -0.841648 -0.537905 0.922458 0.243772 -0.299411 0.383125 -0.481875 0.788043
6.358782 -9.461316 80.803805 -18.398713 0.058464 -0.752690 -0.655774 0.926801 0.285034 -0.244532 0.370975 -0.593475 0.714258
-0.773975 -9.009416 -37.344447 34.343790 0.028977 0.449551 0.892784 -0.647518 0.688868 -0.325855 -0.761499 -0.568651 0.311054
0.098261 -8.249079 -38.387539 60.778271 0.031430 0.465413 0.884536 -0.601490 0.715596 -0.355150 -0.798262 -0.520877 0.302432
1.161674 -15.212165 -23.065517 219.814850 -0.078738 0.298843 0.951048 0.932442 -0.315388 0.176301 0.352635 0.900679 -0.253821
0.898564 -12.971989 -12.652243 245.219490 -0.077901 0.291367 0.953434 0.827130 -0.515020 0.224970 0.556586 0.806139 -0.200878
1.325836 -12.524529 5.307492 137.039917 -0.097529 0.265790 0.959085 0.836136 -0.500785 0.223809 0.539781 0.823754 -0.173396
0.043156 -22.221576 4.084783 -123.943768 0.164978 -0.339129 -0.926161 0.716302 0.686711 -0.123855 0.678007 -0.642977 0.356211
-0.076773 -21.336276 3.302114 -230.503881 0.167126 -0.336919 -0.926582 0.591306 0.786275 -0.179249 0.788940 -0.517936 0.330629
-0.075171 -19.392669 -0.239111 -196.365458 0.147814 -0.363530 -0.919781 0.604544 0.769239 -0.206877 0.782737 -0.525469 0.333475
131.909337 -11.938803 9623.900304 -6.518419 0.777565 0.339611 0.529204 -0.005960 0.845548 -0.533865 -0.628774 0.411961 0.659493
82.996173 -9.872157 5339.175188 3.891983 0.938684 0.268435 0.216366 0.084399 -0.787362 0.610687 -0.334288 0.554981 0.761740
-0.558849 -9.164108 24.531718 -92.829053 0.134714 0.498397 0.856419 -0.135194 0.865460 -0.482392 -0.981618 -0.050798 0.183970
-0.363822 -10.678688 6.663268 -331.660070 0.133505 0.441125 0.887460 -0.058235 0.897421 -0.437315 -0.989336 0.006702 0.145499
-0.832515 -10.253880 35.236899 -313.948917 0.148088 0.380472 0.912859 -0.033638 0.924439 -0.379842 -0.988402 0.025544 0.149696
-1.799809 -37.872638 -45.249890 -848.080969 0.078710 0.688792 0.720673 0.970146 -0.219273 0.103617 0.229395 0.691002 -0.685488
-1.890076 -38.616971 -47.771825 -198.119918 0.094148 0.688314 0.719277 0.842443 -0.440067 0.310854 0.530495 0.576684 -0.621297
-1.475223 -39.144046 -1.684436 -280.319293 0.081531 0.690134 0.719074 0.824552 -0.451996 0.340313 0.559880 0.565168 -0.605903
2.927961 -13.533411 -59.333592 -253.650797 -0.154250 -0.615648 -0.772777 0.034351 0.778323 -0.626923 0.987435 -0.123248 -0.098908
3.069258 -17.530645 -28.672624 -493.558008 -0.159536 -0.557751 -0.814532 -0.065421 0.829259 -0.555022 0.985022 -0.035258 -0.168785
2.491357 -17.398028 65.924401 -634.571963 -0.204880 -0.601475 -0.772173 -0.033478 0.792753 -0.608623 0.978214 -0.098844 -0.182555
-3.131058 -16.058751 -106.130072 -89.179088 0.610736 0.750584 0.252242 -0.659902 0.658525 -0.361766 0.437644 -0.054488 -0.897496
-0.553836 -14.813046 -158.387427 111.704860 0.674120 0.702190 0.229110 -0.713761 0.699098 -0.042511 0.190021 0.134872 -0.972472
-10.915652 -49.791315 206.464402 3432.388826 -0.239253 0.969372 0.055459 0.605076 0.104182 0.789322 -0.759369 -0.222405 0.611470
-9.853296 -51.949480 403.169154 3297.709461 -0.232655 0.969798 -0.073231 0.644109 0.210062 0.735525 -0.728694 -0.123955 0.673528
37.822065 -183.157003 3302.345470 1931.838023 0.215358 -0.715342 -0.664760 0.842991 0.479805 -0.243216 0.492938 -0.508008 0.706357
73.497734 -235.989438 6423.726801 3874.238338 0.172160 -0.671495 -0.720732 0.850159 0.470864 -0.235620 0.497584 -0.572173 0.651942
1328.622319 -2638.047463 127158.106669 2121741.173484 0.247906 -0.671112 -0.698678 0.486974 0.709780 -0.508987 0.837495 -0.214057 0.502773
-129.408060 -11040.124007 5839.703280 2211872.457433 0.059336 -0.518363 -0.853100 0.643849 0.672958 -0.364123 0.762848 -0.527662 0.373678
-2.922376 -7.822027 -121.072732 -172.867414 0.578473 0.673518 0.460155 -0.051040 0.592903 -0.803655 0.814104 -0.441406 -0.377354
-4.341077 -10.041243 84.428365 -191.432701 -0.569253 -0.631079 -0.526963 -0.107902 0.692750 -0.713060 0.815051 -0.349051 -0.462444
-3.972193 -9.394996 6.728967 -18.709955 -0.061934 -0.112499 -0.991720 0.867149 0.485913 -0.109275 0.494182 -0.866737 0.067458
-3.961139 -9.376720 -11.101006 -35.768276 -0.040626 -0.168518 -0.984861 0.867422 0.483262 -0.118472 0.495911 -0.859104 0.126543
-3.968463 -8.645130 -7.179500 -142.577831 -0.039432 -0.120240 -0.991961 0.927302 0.365410 -0.081155 0.372231 -0.923048 0.097090
-3.921425 -8.569867 8.274124 -111.322238 -0.075113 -0.072931 -0.994504 0.923256 0.371741 -0.096993 0.376772 -0.925467 0.039411
-3.721701 -6.772601 -24.344450 -202.356980 0.043224 -0.109620 -0.993033 0.964418 0.264071 0.012828 0.260825 -0.958254 0.117134
-3.752146 -6.934513 -4.442585 -199.476641 -0.058466 -0.084319 -0.994722 0.963401 0.256358 -0.078356 0.261612 -0.962897 0.066244
7.339018 -2.774974 255.508332 50.842101 0.837127 0.528747 -0.140159 -0.083157 -0.130236 -0.987990 0.540650 -0.838728 0.065055
7.441936 -2.488365 231.586899 64.678075 0.840202 0.518874 -0.157573 -0.117882 -0.108863 -0.987042 0.529305 -0.847890 0.030301
8.394460 -1.999580 52.274350 20.421620 0.887962 0.431197 -0.159976 -0.122984 -0.112552 -0.986006 0.443168 -0.895210 0.046912
-13.104926 -16.706139 176.231285 772.141741 0.324183 0.088935 0.941805 0.931457 0.143857 -0.334206 -0.165208 0.985594 -0.036203
-11.941735 -14.137966 -21.847668 888.225767 0.365294 0.215107 0.905698 0.927216 0.002304 -0.374520 -0.082648 0.976588 -0.198609
3.196621 -49.871460 -90.005086 4605.765611 0.142620 -0.301961 -0.942592 0.408325 0.885461 -0.221877 0.901627 -0.353239 0.249582
3.014495 -8.843145 -0.285230 320.075032 0.379191 -0.877555 0.293446 0.902379 0.420879 0.092589 -0.204757 0.229690 0.951481
3.880086 -13.863760 17.517117 449.509574 -0.360924 0.873183 -0.327545 0.879659 0.435395 0.191393 -0.309733 0.219050 0.925247
3.682570 -19.606104 10.111985 614.914216 -0.376379 0.867976 -0.323969 0.830526 0.471066 0.297192 -0.410567 0.157208 0.898176
4.796926 -4.003725 -241.168022 677.555131 0.072583 0.678771 0.730754 0.144102 0.717862 -0.681109 -0.986897 0.154740 -0.045707
0.890792 -10.414513 -350.042329 643.813721 0.040882 0.453150 0.890496 0.056976 0.888734 -0.454869 -0.997538 0.069332 0.010515
-4.058908 -14.092234 55.376697 -176.164095 0.082945 0.503828 0.859812 -0.409249 0.803897 -0.431584 -0.908645 -0.316079 0.272870
-3.184800 -13.875530 -73.673907 213.873159 0.054009 0.471928 0.879981 -0.228288 0.863763 -0.449219 -0.972094 -0.176628 0.154387
-0.057486 -14.050285 -389.514372 12.860392 0.021649 0.310293 0.950394 -0.311192 0.905485 -0.288542 -0.950101 -0.289508 0.116164
-2.256615 -13.484916 -204.312968 -193.348908 0.028009 0.391113 0.919916 -0.451484 0.826012 -0.337442 -0.891840 -0.405876 0.199717
-3.718684 -13.263964 -2.617200 -379.314307 0.061075 0.483463 0.873232 -0.554620 0.743810 -0.373019 -0.829859 -0.461530 0.313566
5.415314 -10.071725 161.474848 388.878096 0.246652 0.493713 -0.833912 0.963963 -0.036470 0.263526 0.099693 -0.868860 -0.484917
5.969892 -14.071190 201.857395 462.305491 0.290113 0.506940 -0.811694 0.956961 -0.160567 0.241752 -0.007777 -0.846895 -0.531704
8.873876 -14.194752 264.729125 375.403470 0.171090 0.463502 -0.869422 0.984410 -0.116969 0.131359 -0.040810 -0.878342 -0.476288
-1.360311 -1.902665 -8.121914 -26.928601 0.237105 0.709203 0.663937 -0.303978 -0.594947 0.744067 -0.922702 0.378244 -0.074517
-1.662897 -2.202004 -113.252488 -60.538190 0.097297 0.489723 0.866432 0.387347 0.783291 -0.486228 -0.916785 0.382919 -0.113481
-4.807739 -9.386957 2.973895 6.922970 0.138907 -0.356638 -0.923859 0.846095 -0.442046 0.297858 -0.514615 -0.823046 0.240346
-3.556717 -9.081895 -114.967847 36.702442 0.018451 -0.370542 -0.928632 0.920535 -0.356201 0.160422 -0.390223 -0.857799 0.334525
-2.639241 -8.601017 -102.916026 47.232570 0.011963 -0.362490 -0.931911 0.964115 -0.243011 0.106902 -0.265216 -0.899748 0.346575
-0.792555 -8.660557 -4.094403 -12.721713 0.178818 0.410820 0.894008 -0.450892 0.841837 -0.296659 -0.874483 -0.350053 0.335771
-0.608171 -8.473055 2.390453 -3.502740 0.205486 0.406996 0.890016 -0.594348 0.774404 -0.216905 -0.777512 -0.484409 0.401027
-0.791711 -8.712206 1.672079 -31.904345 0.207710 0.395458 0.894690 -0.455165 0.848661 -0.269443 -0.865841 -0.351266 0.356274
3.161947 -16.001766 14.655773 -342.047473 -0.081586 -0.258601 -0.962533 0.990419 -0.128999 -0.049292 -0.111418 -0.957332 0.266647
3.012927 -15.904722 27.595964 -330.923411 -0.088480 -0.192417 -0.977316 0.987251 -0.147275 -0.060384 -0.132316 -0.970199 0.202994
2.983771 -14.161306 16.041354 -243.776285 -0.088438 -0.245898 -0.965253 0.956026 -0.292997 -0.012952 -0.279631 -0.923952 0.260997
3.177313 -17.614735 24.065953 -157.122785 -0.085075 -0.204171 -0.975232 0.993611 0.055470 -0.098291 0.074164 -0.977362 0.198147
3.107721 -14.152764 -12.849880 -257.069290 -0.088285 -0.317535 -0.944128 0.961628 -0.274345 0.002348 -0.259762 -0.907693 0.329571
3.182949 -15.821013 -16.216678 -309.259510 -0.078019 -0.329249 -0.941014 0.992976 -0.109878 -0.043882 -0.088949 -0.937828 0.335509
3.238426 -17.248282 10.031317 -115.962058 -0.070005 -0.267834 -0.960918 0.993036 0.072792 -0.092634 0.094758 -0.960711 0.260873
-1.046231 -15.732964 21.358395 -17.519929 0.284166 0.314820 0.905615 -0.426603 0.887419 -0.174634 -0.858638 -0.336713 0.386477
-1.164765 -16.006011 22.650308 44.608310 0.269085 0.336872 0.902281 -0.603954 0.788770 -0.114376 -0.750222 -0.514159 0.415701
-1.309834 -16.484455 22.754620 -131.226340 0.278075 0.265952 0.923008 -0.215235 0.953725 -0.209959 -0.936135 -0.140279 0.322449
-0.745286 -16.494682 14.873866 45.116359 0.278972 0.351652 0.893597 -0.605263 0.786825 -0.120677 -0.745541 -0.507196 0.432344
-0.920166 -17.044834 16.681532 -165.203470 0.293893 0.278366 0.914407 -0.221309 0.950476 -0.218216 -0.929865 -0.138235 0.340943
