11519
23029
-8.971212 -11.216240 45.366745 -178.717430 0.345764 0.924113 0.162673 0.933808 -0.355875 0.036830 0.091926 0.139170 -0.985992
-7.126160 -12.239391 -60.581831 -305.812578 0.552428 0.833152 0.026110 0.833304 -0.551208 -0.042128 -0.020706 0.045030 -0.998771
-6.481032 -8.680819 -9.625283 -140.688092 0.005927 0.995064 0.099061 0.995887 0.003083 -0.090552 -0.090410 0.099191 -0.990953
-4.628205 -10.801189 -139.261898 305.267469 0.420500 0.902686 -0.091307 -0.891414 0.429789 0.143744 -0.168998 -0.020948 -0.985394
-6.764240 -9.534998 -7.902823 -99.954461 -0.322950 0.928142 0.185081 0.945990 0.310704 0.092557 0.028401 0.204976 -0.978355
-5.199620 -7.047349 -73.609211 119.389307 0.095248 0.995338 -0.015139 -0.969382 0.096201 0.225928 -0.226331 0.006844 -0.974026
-5.007194 -7.176226 -17.313474 67.800018 -0.616617 0.764643 0.187360 -0.770550 -0.634964 0.055440 -0.161358 0.110185 -0.980726
-5.863247 -8.294578 -5.655631 -75.717512 -0.542602 0.810439 0.220844 0.834511 0.550078 0.031708 -0.095784 0.201501 -0.974794
-1.508369 -6.325952 63.133858 26.213999 -0.359536 0.931665 0.052289 -0.734428 -0.317098 0.600053 -0.575629 -0.177339 -0.798249
-2.053643 -6.955064 62.172034 28.199424 -0.316581 0.948444 -0.015166 -0.759596 -0.243904 0.602931 -0.568147 -0.202397 -0.797649
-1.066235 -6.125517 98.755854 -17.355221 -0.388347 0.921020 0.030142 -0.668374 -0.304036 0.678851 -0.634399 -0.243484 -0.733657
-0.249388 -4.936923 148.346786 -24.543414 -0.540915 0.800331 0.258614 -0.579420 -0.577463 0.575159 -0.609658 -0.161266 -0.776087
-1.409850 -5.079565 58.023839 108.378859 -0.360070 0.929133 0.084026 -0.752978 -0.342612 0.561820 -0.550794 -0.139025 -0.822981
-0.196087 -3.019698 22.100470 36.905430 0.396241 0.810162 0.432006 0.918103 -0.345027 -0.195049 -0.008967 0.473913 -0.880526
-0.437927 -3.196296 32.108294 13.024436 0.405671 0.801864 0.438686 0.911131 -0.316645 -0.263771 -0.072600 0.506705 -0.859057
-0.381768 -3.244904 9.543086 20.364086 0.504048 0.766057 0.398865 0.861815 -0.415813 -0.290473 -0.056666 0.490160 -0.869789
-0.311142 -3.069327 -2.780177 36.549649 0.484481 0.778016 0.399962 0.874789 -0.428342 -0.226424 -0.004842 0.459580 -0.888123
-3.805255 -17.561732 -173.202747 -899.737642 -0.315830 -0.127110 0.940263 0.063691 0.985910 0.154674 -0.946676 0.108737 -0.303284
-4.241593 -7.527969 -151.690323 -231.218784 -0.295339 0.062708 0.953332 0.061785 0.997008 -0.046440 -0.953393 0.045186 -0.298330
-4.685305 -7.524578 -115.489218 -62.078844 -0.181055 0.539663 0.822182 0.115987 0.841881 -0.527051 -0.976610 -0.000062 -0.215020
-2.541803 -6.438452 -51.830274 -88.949256 -0.123291 0.876696 0.464977 -0.140885 -0.479269 0.866287 -0.982319 -0.041297 -0.182603
-2.901670 -8.664837 -58.815759 9.782752 -0.102602 0.889779 0.444709 0.021028 -0.445028 0.895270 -0.994500 -0.101208 -0.026950
-0.990860 -9.986984 -3.251118 -29.010723 0.234245 0.970011 -0.064866 -0.958839 0.241532 0.149303 -0.160492 -0.027223 -0.986662
-1.114013 -9.682243 -1.338294 13.957196 0.207724 0.977623 -0.033217 -0.900781 0.204415 0.383155 -0.381371 0.049669 -0.923087
-1.019011 -9.336700 -1.950336 -33.390543 0.260161 0.964850 -0.037154 -0.951487 0.262725 0.160150 -0.164282 0.006313 -0.986393
0.763405 -10.567735 -21.320567 107.877786 0.019412 0.975105 -0.220894 -0.376553 0.211798 0.901859 -0.926192 -0.065671 -0.371290
0.738435 -11.758536 -19.205705 61.155679 0.022940 0.976098 -0.216119 -0.591821 0.187487 0.783962 -0.805743 -0.109919 -0.581976
1.131599 -10.631797 -17.495886 91.683178 0.037832 0.974269 -0.222189 -0.406837 0.218104 0.887082 -0.912717 -0.056835 -0.404620
1.242632 -9.806497 -22.365272 82.135910 0.035764 0.977073 -0.209879 -0.206477 0.212707 0.955051 -0.977798 -0.009178 -0.209350
0.873428 -9.290890 -26.233307 87.894827 0.008748 0.981012 -0.193749 -0.177957 0.192190 0.965088 -0.983999 -0.026036 -0.176259
0.661412 -15.558232 40.726752 181.489832 0.378193 0.899654 -0.218160 -0.587061 0.415295 0.694902 -0.715772 0.134734 -0.685214
1.469256 -19.484708 51.579844 199.936457 0.367809 0.907722 -0.201885 -0.782438 0.419420 0.460301 -0.502500 0.011341 -0.864503
-0.119950 -16.194789 29.594365 165.353921 0.335387 0.923108 -0.188114 -0.643958 0.370384 0.669428 -0.687629 0.103380 -0.718665
-0.665652 -13.446550 27.419789 119.629425 0.337756 0.921350 -0.192446 -0.431806 0.333353 0.838105 -0.836340 0.199976 -0.510436
0.058490 -12.732584 38.881124 130.148064 0.375511 0.902007 -0.213014 -0.375090 0.358074 0.855038 -0.847526 0.241176 -0.472794
1.698146 -12.007116 15.243165 -106.048864 0.144398 0.984215 -0.102322 0.016670 0.100972 0.994750 -0.989379 0.145346 0.001826
1.949962 -10.773479 -6.788515 5.512000 0.119661 0.991535 -0.050391 0.254738 0.018394 0.966835 -0.959578 0.128529 0.250381
1.638976 -10.871146 -19.773716 -108.444443 0.082538 0.993925 -0.072804 0.028589 0.070662 0.997091 -0.996178 0.084379 0.022583
-0.981599 -7.944631 25.916955 -164.705556 0.278496 0.957140 -0.079523 -0.398126 0.039698 -0.916471 0.874034 -0.286893 -0.392118
-0.891735 -6.273590 5.134586 -79.174416 0.272200 0.944143 -0.185747 -0.322752 -0.092270 -0.941975 0.906498 -0.316356 -0.279608
-1.064801 -6.986777 -13.191454 -240.452114 0.338291 0.931502 -0.133650 -0.322816 -0.018534 -0.946280 0.883939 -0.363263 -0.294434
-1.266682 -5.714508 -14.546811 -138.555569 0.337977 0.920313 -0.196964 -0.358567 -0.067582 -0.931055 0.870173 -0.385300 -0.307152
-1.582775 -9.168791 -22.974206 -344.349805 0.393014 0.910912 -0.125612 -0.371811 0.032486 -0.927740 0.841009 -0.411319 -0.351455
-0.186622 -11.169322 12.913408 -273.956828 0.162933 0.971967 -0.169506 -0.762503 0.015020 -0.646810 0.626132 -0.234636 -0.743576
-0.505001 -8.759117 3.878880 -17.089894 0.204642 0.969035 -0.138180 -0.716026 0.051945 -0.696138 0.667404 -0.241400 -0.704484
-0.421770 -11.161411 4.424124 -278.073940 0.171597 0.969291 -0.176154 -0.768291 0.019740 -0.639796 0.616671 -0.245125 -0.748085
1014.614858 -7.464433 112152.702914 -75.796356 0.977558 -0.044738 0.205861 0.203340 -0.055071 -0.977558 -0.055071 -0.997480 0.044738
162.189160 -2.927722 12518.783912 488.979065 0.260443 0.964791 0.036719 0.172568 -0.009097 -0.984956 0.949942 -0.262861 0.168861
212.070573 -1.355958 17785.835787 1543.983974 0.280941 0.943815 0.174029 0.194118 0.121701 -0.973400 0.939888 -0.307250 0.149020
-0.522283 -6.216219 -12.428649 -7.479522 0.822216 0.263975 0.504260 -0.143115 0.953367 -0.265723 -0.550889 0.146315 0.821653
-0.783215 -6.473128 -22.382714 18.260816 0.776103 0.444232 0.447575 -0.217215 0.854640 -0.471602 -0.592016 0.268792 0.759782
-0.889539 -7.129957 -8.061689 55.974673 0.774795 0.422793 0.470042 -0.205808 0.871663 -0.444799 -0.597776 0.247889 0.762374
-0.037145 -7.081772 9.036187 0.751195 0.822149 0.281379 0.494871 -0.191379 0.955322 -0.225242 -0.536139 0.090475 0.839267
0.362642 -6.194848 -0.607444 1.966009 0.846617 0.050575 0.529794 -0.037541 0.998670 -0.035344 -0.530877 0.010034 0.847389
0.324579 -4.936648 60.186225 13.113906 0.848129 -0.092135 0.521717 0.098190 0.995037 0.016100 -0.520611 0.037573 0.852967
4.753082 -181.309217 -17.987554 -9106.946905 0.458856 0.865971 0.198861 -0.502959 0.437658 -0.745311 0.732450 -0.241972 -0.636370
20.767809 -4245.882140 65.160752 -297910.860932 0.626566 0.770499 -0.117241 0.779197 -0.616149 0.114947 0.016329 -0.163375 -0.986429
163.081747 -141.236707 7100.245533 5406.039533 0.496261 0.689819 -0.527138 0.635448 0.125106 0.761941 0.591549 -0.713091 -0.376259
79.305389 -492.585555 -492.393851 35716.512458 0.615645 0.121219 -0.778645 0.757375 -0.363908 0.542175 -0.217633 -0.923513 -0.315847
13.264124 -85.636270 993.009743 -105.058270 0.414981 0.319307 -0.851959 0.670866 0.525154 0.523596 0.614597 -0.788833 0.003717
-516.649315 -18975.047644 -3804.124701 -735875.860654 0.093024 -0.569510 -0.816703 0.391985 0.774966 -0.495758 0.915257 -0.274018 0.295330
-192.764426 -511.050881 6674.707228 9104.613763 -0.570488 0.582986 0.578507 0.768975 0.131737 0.625558 0.288481 0.801731 -0.523456
6.646699 -162.092571 124.319758 -8159.042149 -0.004278 -0.384259 -0.923215 -0.034674 0.922726 -0.383895 0.999390 0.030369 -0.017272
-6.539729 -14.527632 -44.372824 71.179693 0.620385 0.783587 0.033377 -0.206776 0.122362 0.970707 -0.756549 0.609114 -0.237939
-6.708606 -14.624007 -41.915817 -22.940208 0.612957 0.789661 0.026838 -0.395619 0.277334 0.875541 -0.683937 0.547286 -0.482398
-6.036702 -14.376804 -41.546479 56.755894 0.554763 0.830933 -0.042300 -0.210526 0.189378 0.959070 -0.804933 0.523151 -0.279993
2.782284 -3.732621 43.812675 62.250708 0.058920 0.968050 -0.243738 0.951570 0.019336 0.306825 -0.301734 0.250012 0.920027
2.716560 -4.636660 70.501236 63.084768 0.064036 0.962084 -0.265128 0.930023 0.038807 0.365446 -0.361879 0.269977 0.892276
1.551473 -3.935954 -82.459966 69.770114 -0.067791 -0.945755 0.317729 0.948497 0.037682 0.314536 -0.309447 0.322688 0.894491
-8.942255 -10.319027 -4.343503 -248.028262 0.807927 0.586400 -0.058222 -0.527959 0.676423 -0.513528 0.261750 -0.445632 -0.856095
-8.368111 -9.458416 339.997818 -118.903909 0.945967 0.170599 0.275759 -0.013391 0.870243 -0.492441 0.323987 -0.462140 -0.825505
-8.600504 -9.093025 139.232499 44.288028 0.924142 -0.116156 0.363964 0.285848 0.842290 -0.456988 0.253482 -0.526360 -0.811599
-7.074914 -9.346248 153.071748 139.409659 0.941045 -0.017221 0.337844 0.214155 0.803421 -0.555564 0.261864 -0.595162 -0.759743
-6.193261 -9.615482 -344.550558 -14.727325 0.892198 0.409896 -0.189652 -0.438466 0.685403 -0.581352 0.108305 -0.601837 -0.791241
-3.683100 -700.140617 3811.474366 39092.837383 -0.093574 0.436891 0.894634 0.993309 0.102061 0.054054 -0.067691 0.893706 -0.443518
-9.795850 -25.281759 265.527050 1191.572309 0.848933 -0.131096 -0.511983 0.524490 0.328106 0.785657 -0.064988 0.935500 -0.347299
-4.342823 -16.260882 162.261877 -90.855170 -0.159214 0.349018 0.923492 0.986072 0.101792 0.131533 -0.048097 0.931571 -0.360364
-14.866387 -106.868435 535.873826 4863.639949 -0.186695 -0.059049 -0.980642 0.936530 -0.312207 -0.159497 -0.296745 -0.948177 0.113588
-23.136796 -49.560922 706.515459 1277.725217 -0.275497 -0.164741 -0.947081 0.760715 -0.639695 -0.110012 -0.587719 -0.750767 0.301555
-8.434268 -39.396788 -282.680126 -507.287725 0.219483 0.003125 0.975611 -0.642656 0.752849 0.142167 -0.734044 -0.658185 0.167246
-5.968766 -90.716986 131.930850 3960.093783 -0.211544 -0.025669 -0.977031 0.921552 -0.338224 -0.190646 -0.325562 -0.940715 0.095205
-0.797765 -17.143489 73.720557 -635.529050 0.271433 0.920540 -0.280943 -0.297061 -0.197521 -0.934205 0.915466 -0.337032 -0.219843
-4.516105 -10.594572 33.830215 -205.428015 0.324416 0.943369 -0.069354 -0.130821 -0.027868 -0.991014 0.936824 -0.330574 -0.114372
-5.052379 -17.138746 128.400436 -426.305667 0.319383 0.934950 -0.154478 -0.246348 -0.075494 -0.966237 0.915045 -0.346654 -0.206211
-2.002352 -19.550708 122.688519 -343.194532 0.312803 0.917711 -0.244870 -0.504138 -0.058080 -0.861668 0.804984 -0.392981 -0.444485
-0.554398 -23.162662 36.879545 -463.920578 0.277219 0.925884 -0.256689 -0.515914 -0.081934 -0.852713 0.810544 -0.368818 -0.454963
-0.993988 -6.172301 94.588908 -2.830392 -0.114036 0.990168 -0.081013 -0.069253 -0.089269 -0.993597 0.991060 0.107696 -0.078752
-0.992698 -5.965333 88.385397 5.262200 -0.107453 0.990485 -0.085981 -0.177841 -0.104236 -0.978523 0.978175 0.089855 -0.187349
0.434823 -5.957644 62.813717 6.085228 -0.097798 0.991043 -0.090936 -0.166477 -0.106378 -0.980290 0.981183 0.080732 -0.175390
1.516124 -6.217360 52.633360 1.723194 -0.089044 0.991556 -0.094272 -0.035516 -0.097749 -0.994577 0.995394 0.085213 -0.043920
0.181874 -6.197767 97.013605 2.499463 -0.115877 0.987624 -0.105699 -0.041168 -0.111100 -0.992956 0.992410 0.110709 -0.053532
1.683429 -5.919853 18.110135 3.447704 -0.037281 0.996765 -0.071202 -0.137469 -0.075689 -0.987610 0.989804 0.027031 -0.139846
1.352093 -5.569658 28.190834 22.652730 -0.061423 0.993441 -0.096445 -0.261307 -0.109262 -0.959052 0.963299 0.033707 -0.266304
0.776734 -5.558514 53.564276 24.312545 -0.085040 0.990301 -0.109871 -0.287353 -0.129961 -0.948967 0.954042 0.049129 -0.295618
-2.125769 -6.447162 -57.263617 -38.676047 -0.185117 0.943524 0.274762 0.324947 0.322636 -0.888997 0.927438 0.075285 0.366320
-2.254356 -6.629783 -21.927135 -29.140442 -0.220262 0.952084 0.212183 0.297945 0.272796 -0.914774 0.928824 0.138271 0.343755
-2.404797 -5.877152 -48.492263 -34.734828 -0.183233 0.957676 0.221994 0.433897 0.281416 -0.855884 0.882133 0.060504 0.467098
-2.164965 -5.641828 21.387632 -28.690722 -0.173707 0.983379 0.052843 0.552172 0.141687 -0.821603 0.815434 0.113539 0.567606
-2.504624 -5.206671 -55.748475 -35.741021 -0.128957 0.983032 0.130456 0.559110 0.180727 -0.809156 0.819003 0.031407 0.572929
-1.210543 -5.251578 -22.213366 48.626545 0.147349 0.985734 0.081340 -0.901740 0.167671 -0.398437 0.406391 0.014638 -0.913582
-1.538592 -5.161971 -21.417102 51.471401 0.180902 0.975389 0.126056 -0.899435 0.215924 -0.379991 0.397858 0.044637 -0.916361
-0.925048 -5.857356 -42.438038 15.790731 0.162799 0.982981 0.085115 -0.852295 0.183566 -0.489792 0.497081 -0.007195 -0.867675
0.871702 -10.676817 -38.908992 34.310756 0.059022 0.987496 0.146178 0.838934 0.030295 -0.543390 0.541024 -0.154706 0.826656
1.503037 -10.841405 -36.745709 14.522782 0.048679 0.991577 0.120023 0.840967 0.024144 -0.540547 0.538892 -0.127248 0.832709
1.012453 -9.734230 -28.746357 -23.117645 0.072118 0.990627 0.116008 0.757567 0.021250 -0.652411 0.648761 -0.134935 0.748934
1.408145 -11.920602 -39.795610 123.967429 0.035905 0.990271 0.134444 0.902791 0.025553 -0.429320 0.428579 -0.136789 0.893090
0.726182 -11.645123 -38.298008 97.596239 0.038707 0.986855 0.156903 0.908718 0.030545 -0.416291 0.415612 -0.158694 0.895591
-1.425716 -5.521299 -120.499602 -60.901798 0.009489 0.961862 -0.273372 -0.758821 -0.171117 -0.628418 0.651230 -0.213403 -0.728258
0.108713 -5.056598 -116.137706 -35.015722 -0.007412 0.954877 -0.296908 -0.777969 -0.192052 -0.598230 0.628258 -0.226552 -0.744289
-1.515463 -6.146022 -100.345064 -62.452898 0.100362 0.972385 -0.210699 -0.813701 -0.041646 -0.579790 0.572554 -0.229635 -0.787051
-2.456623 -6.703716 -68.055943 -75.036953 0.074618 0.984761 -0.157091 -0.804842 -0.033538 -0.592541 0.588780 -0.170648 -0.790074
0.038088 -15.861275 19.783552 138.633240 -0.068604 0.994360 0.080882 -0.097631 0.073992 -0.992468 0.992855 0.075984 -0.092004
-0.284254 -14.681535 44.211829 -41.401385 -0.086957 0.993907 0.067737 -0.274722 0.041433 -0.960630 0.957583 0.102142 -0.269446
0.427202 -15.551404 46.547959 139.798960 -0.065108 0.994140 0.086294 -0.155983 0.075276 -0.984887 0.985612 0.077584 -0.150168
0.332629 -17.002656 33.315280 231.850043 -0.060053 0.994440 0.086502 0.036047 0.088762 -0.995400 0.997544 0.056659 0.041177
1.247708 -15.801616 45.504524 173.633077 -0.049241 0.996461 0.068125 -0.120557 0.061779 -0.990782 0.991484 0.057000 -0.117088
1.389770 -13.840622 55.258708 -50.143865 -0.059101 0.996593 0.057521 -0.280663 0.038708 -0.959025 0.957985 0.072823 -0.277419
0.557954 -32.895092 24.532300 -266.072503 0.083946 0.994331 -0.065261 -0.993331 0.088696 0.073663 -0.079034 -0.058642 -0.995146
-0.095204 -34.805126 -4.819635 1041.322291 0.065483 0.993375 -0.094436 -0.793342 0.109231 0.598897 -0.605245 -0.035703 -0.795238
0.371563 -32.118546 42.925219 489.405732 0.100365 0.990457 -0.094456 -0.888541 0.131943 0.439416 -0.447685 -0.039826 -0.893304
3.097230 -37.356527 177.493532 1086.683859 -0.332157 0.900909 0.279347 -0.845882 -0.153481 -0.510811 0.417320 0.405965 -0.813042
4.932775 -30.852875 85.955444 765.387519 -0.313826 0.944129 0.100667 -0.895300 -0.258947 -0.362471 0.316152 0.203879 -0.926543
3.368759 -42.721618 52.020380 1067.523396 -0.269467 0.958348 0.094642 -0.698846 -0.126985 -0.703910 0.662573 0.255820 -0.703955
4.562234 -22.884251 205.555664 -691.856410 -0.311765 0.909670 0.274414 0.945770 0.269374 0.181537 0.091219 0.316130 -0.944320
1.599438 -28.375216 86.021259 -814.233003 -0.252396 0.914714 0.315585 0.925209 0.132633 0.355522 0.283344 0.381715 -0.879778
-0.178078 -30.555999 17.803285 19.482481 -0.287578 0.925053 0.248143 0.031288 -0.249876 0.967772 -0.957246 -0.286074 -0.042915
-0.722442 -32.076485 -24.139300 322.371404 -0.303525 0.906631 0.293075 0.438650 -0.140094 0.887671 -0.845848 -0.397988 0.355172
-0.731812 -31.385180 22.590688 475.463705 -0.259419 0.929431 0.262411 0.214299 -0.209541 0.954028 -0.941689 -0.303727 0.144817
2.098015 -6.730289 -25.965614 9.613846 0.128048 0.968847 0.211986 0.346068 0.156663 -0.925037 0.929430 -0.191811 0.315226
1.492980 -6.412059 -11.094391 22.999601 0.132656 0.966055 0.221674 0.209200 0.191323 -0.958974 0.968833 -0.173588 0.176718
1.462673 -6.642022 -19.682234 16.768601 0.147913 0.956602 0.251065 0.331225 0.191283 -0.923959 0.931886 -0.219824 0.288558
2.200260 -6.812929 -23.858965 -2.330357 0.136539 0.964101 0.227743 0.468649 0.139680 -0.872272 0.872769 -0.225831 0.432753
2.857286 -4.827584 43.592236 -50.649017 -0.097011 -0.995011 0.023289 0.995224 -0.096724 0.013159 -0.010841 0.024454 0.999642
2.868542 -5.501218 -91.381045 -52.608387 0.087657 0.996119 0.007974 0.994282 -0.086999 -0.061923 0.060989 -0.013356 0.998049
1.732077 -5.206655 71.231985 -44.764459 -0.045393 -0.997962 -0.044857 0.998900 -0.044815 -0.013810 0.011772 -0.045434 0.998898
1.405553 -6.062704 -79.865609 -53.192032 0.022708 0.998999 0.038552 0.993157 -0.018123 -0.115374 0.114560 -0.040908 0.992574
0.421748 -19.089783 -12.308129 80.988078 -0.055099 0.994623 -0.087685 0.297071 0.100171 0.949587 -0.953264 -0.026272 0.300993
0.736132 -20.101886 -0.596017 109.991583 -0.020476 0.995710 -0.090235 0.434415 0.090150 0.896190 -0.900480 0.020849 0.434397
0.488822 -18.079576 -12.410892 118.787079 -0.041656 0.997230 -0.061626 0.463062 0.073925 0.883238 -0.885346 -0.008255 0.464859
2.351531 -24.572304 -38.878408 229.004822 0.152986 0.987536 0.036978 0.817065 -0.105352 -0.566838 0.555877 -0.116932 0.822999
4.064809 -58.742554 138.557909 2534.192659 0.061346 0.996155 -0.062541 0.860722 -0.084523 -0.502010 0.505366 0.023034 0.862598
2.146787 -20.340509 40.050084 114.463311 0.042041 0.999097 0.006208 0.556522 -0.018257 -0.830632 0.829768 -0.038375 0.556787
1.228601 -18.205856 95.710658 198.447920 -0.039313 0.999139 0.013283 0.412277 0.028328 -0.910618 0.910210 0.030323 0.413035
2.433743 -21.813626 88.399459 21.089056 -0.004126 0.999644 0.026345 0.279180 0.026449 -0.959874 0.960230 -0.003395 0.279190
-34.692544 -68.379224 1079.995554 -1804.073164 0.016596 0.999579 0.023794 0.705770 -0.028567 0.707864 -0.708246 -0.005045 0.705948
-44.166660 -98.837857 870.462326 -4361.655436 0.086499 0.976676 0.196522 0.246793 -0.212120 0.945568 -0.965200 0.033291 0.259385
-36.160661 -89.273423 252.029505 -3407.671605 -0.100536 0.885239 0.454141 0.558952 -0.327359 0.761846 -0.823082 -0.330436 0.461895
-6.376874 -587.596529 725.733624 -29481.163950 0.235837 0.962214 -0.136110 0.255428 0.073759 0.964011 -0.937623 0.262115 0.228381
-16.284654 -105.958062 669.756545 -4110.290648 0.112551 0.962232 -0.247876 0.653072 0.116377 0.748301 -0.748886 0.246103 0.615308
-7.406868 -12.280155 -60.433473 139.753424 0.500412 0.861521 0.085841 -0.848858 0.507721 -0.147171 0.170375 -0.000779 -0.985379
-5.461849 -12.089555 -161.707584 -206.499604 0.472845 0.877098 -0.084366 0.880782 -0.467727 0.073850 0.025313 -0.109228 -0.993694
-2.497043 -5.257434 71.738818 72.497195 -0.200310 0.967488 -0.154413 -0.749592 -0.049856 0.660020 -0.630862 -0.247956 -0.735208
-0.758014 -3.447951 20.047619 24.686322 0.293801 0.842417 0.451679 0.952397 -0.217766 -0.213348 -0.081367 0.492860 -0.866296
-0.889383 -3.327443 23.447066 -7.309446 0.332752 0.826745 0.453618 0.935206 -0.227535 -0.271326 -0.121103 0.514510 -0.848890
-0.235885 -14.183752 41.142115 -28.974588 0.919415 0.389329 -0.055672 0.005088 0.129768 0.991531 -0.393256 0.911912 -0.117330
1.198308 -13.696268 56.058785 -212.145095 0.913711 0.396281 -0.089961 -0.069177 0.369836 0.926518 -0.400432 0.840347 -0.365337
0.601222 -13.688122 13.832867 -226.460314 0.915435 0.402454 -0.003282 -0.145393 0.338296 0.929740 -0.375287 0.850639 -0.368202
1.456838 -14.419414 90.661597 -28.307808 0.915057 0.375113 -0.148193 0.090359 0.167423 0.981736 -0.393072 0.911735 -0.119306
-0.221439 -14.096517 3.860530 -111.693586 0.907339 0.418357 0.041391 -0.124846 0.174127 0.976777 -0.401434 0.891436 -0.210222
-1.005630 -13.524807 5.711473 136.875786 0.908469 0.413966 0.057581 -0.012909 -0.109912 0.993858 -0.417752 0.903633 0.094508
-0.885996 -13.367675 32.191609 177.925380 0.914513 0.398489 -0.069802 0.135581 -0.139328 0.980921 -0.381161 0.906529 0.181445
0.205663 -14.136949 66.572361 156.411639 0.914348 0.379144 -0.142191 0.174538 -0.052162 0.983268 -0.365383 0.923866 0.113869
4.019855 -10.447009 -455.453258 -13.193910 0.882614 0.383237 -0.272253 -0.468704 0.672811 -0.572400 0.036190 -0.632814 -0.773457
10.276614 -10.248179 -600.717409 -44.166375 0.893169 0.393171 -0.218326 -0.411185 0.517321 -0.750537 0.182145 -0.760129 -0.623721
9.124799 -10.176492 -205.673885 -17.241962 0.852990 0.493879 -0.168795 -0.480329 0.616297 -0.624069 0.204187 -0.613402 -0.762920
4.670239 -9.391627 -691.716041 -64.409925 0.944563 0.214229 -0.248812 -0.327102 0.548488 -0.769523 0.028383 -0.808249 -0.588156
6.006320 -9.691933 -92.453635 43.644120 0.866042 0.476672 -0.150846 -0.493352 0.765823 -0.412454 0.081084 -0.431623 -0.898402
2.381602 -9.678559 -273.675363 68.459856 0.889594 0.393230 -0.232364 -0.453212 0.823153 -0.342080 -0.056755 -0.409622 -0.910488
-3.738536 -10.730161 -517.859021 6.936742 0.875004 0.373473 -0.308036 -0.480591 0.746760 -0.459763 -0.058320 -0.550334 -0.832905
-2.005399 -10.040679 -647.454362 -34.331848 0.891814 0.322901 -0.316865 -0.452385 0.630330 -0.630898 0.003987 -0.705988 -0.708212
0.810410 -12.554776 -20.879756 3.832098 0.020753 0.978326 -0.206029 -0.779176 0.144951 0.609815 -0.626462 -0.147877 -0.765296
0.354124 -12.626281 -19.561078 7.182829 0.020508 0.975415 -0.219418 -0.761842 0.157366 0.628357 -0.647438 -0.154275 -0.746340
1.115390 -11.529553 -18.056476 50.815013 0.027922 0.978357 -0.205031 -0.615381 0.178460 0.767762 -0.787735 -0.104735 -0.607045
0.487800 -12.857191 -23.081550 -24.325671 0.026598 0.974351 -0.223454 -0.902092 0.119710 0.414608 -0.430724 -0.190548 -0.882139
0.939636 -12.959446 -23.779400 -14.003022 0.024954 0.978959 -0.202524 -0.910367 0.105958 0.400006 -0.413048 -0.174389 -0.893856
1.217571 -12.360537 -19.511919 21.868765 0.022302 0.982579 -0.184500 -0.790426 0.130328 0.598532 -0.612151 -0.132485 -0.779563
2.046673 -21.509089 57.989726 109.134815 0.341077 0.920037 -0.192869 -0.913427 0.372842 0.163216 -0.222074 -0.120502 -0.967555
2.963672 -22.454858 58.524091 181.996407 0.371069 0.895075 -0.247282 -0.875382 0.426029 0.228486 -0.309862 -0.131682 -0.941619
3.471344 -21.279675 80.359172 95.153164 0.340338 0.910675 -0.234183 0.939922 -0.322390 0.112299 0.026770 -0.258333 -0.965685
2.701516 -22.528606 -3.720693 325.544436 0.367003 0.861264 -0.351473 -0.802027 0.484377 0.349472 -0.471234 -0.153634 -0.868525
3.651573 -23.096475 6.833037 0.605374 0.354661 0.857608 -0.372458 0.926391 -0.376231 0.015830 -0.126554 -0.350656 -0.927914
-0.531319 -6.360122 -11.591359 -11.930838 0.160460 0.957891 0.238111 0.274767 -0.275050 0.921331 -0.948027 0.082412 0.307331
-0.242489 -7.298992 -21.793566 -19.234985 0.128237 0.967844 0.216409 0.291431 -0.245352 0.924592 -0.947957 0.055499 0.313523
0.049105 -6.961304 -5.201320 -9.874798 0.208619 0.917412 0.338869 0.432910 -0.397323 0.809150 -0.876965 0.022104 0.480046
-0.462146 -6.686853 -19.046967 -19.767575 0.111811 0.985760 0.125600 0.105567 -0.137460 0.984866 -0.988106 0.096860 0.119433
-0.332097 -5.870464 15.827290 -7.868309 0.250663 0.897398 0.363105 0.358899 -0.434496 0.826078 -0.899088 0.076749 0.430987
-0.491433 -5.130971 22.389222 -2.056288 0.232270 0.941174 0.245443 0.260322 -0.303291 0.916650 -0.937168 0.149016 0.315454
-0.549518 -5.744755 5.078959 -5.868194 0.165683 0.978384 0.123747 0.155009 -0.149758 0.976496 -0.973921 0.142607 0.176470
636.738382 -3.079627 77411.222754 286.370783 0.946238 0.296106 0.130209 0.160002 -0.078610 -0.983982 0.281127 -0.951915 0.121761
126.116738 -2.852360 9063.800028 176.480525 0.285798 0.958026 -0.022464 0.213437 -0.086490 -0.973121 0.934218 -0.273322 0.229197
948.845661 -8.313698 -102111.738747 -147.067814 0.968802 -0.113162 0.220493 0.212850 -0.075834 -0.974138 -0.126957 -0.990678 0.049382
657.803959 -4.363589 -26517.671852 -424.365470 0.969003 -0.102362 0.224845 0.209099 -0.144882 -0.967102 -0.131571 -0.984140 0.118988
0.019908 -21.037771 30.041387 -337.682435 0.242022 0.967938 0.067234 0.753361 -0.231133 0.615650 -0.611452 0.098349 0.785146
-0.667813 -17.450215 49.537157 -180.977757 0.273428 0.955561 0.110182 0.545923 -0.248474 0.800143 -0.791963 0.158630 0.589603
-1.185041 -19.798518 42.235763 -416.507000 0.235624 0.969532 0.067009 0.708460 -0.218556 0.671057 -0.665256 0.110644 0.738371
-2.287996 -19.017783 49.269597 -465.812885 0.264805 0.956982 0.118587 0.650555 -0.268067 0.710577 -0.711798 0.111017 0.693555
-2.477369 -22.801732 94.549180 -444.363353 0.251010 0.966142 0.059700 0.836203 -0.247492 0.489400 -0.487605 0.072923 0.870014
-0.888737 -23.354664 62.968691 -328.760266 0.237952 0.970563 0.037234 0.883445 -0.232206 0.406946 -0.403612 0.063940 0.912693
-1.030869 -5.730032 -28.953883 29.196133 0.767125 0.480856 0.424614 -0.194950 0.805354 -0.559821 -0.611158 0.346674 0.711550
-0.780252 -6.490207 -27.599628 65.101832 0.751691 0.489677 0.441789 -0.201411 0.808311 -0.553233 -0.628009 0.326879 0.706226
8.454037 -318.315087 486.304463 -18330.689446 0.378898 0.902278 0.205744 0.919970 -0.391367 0.022097 0.100459 0.180905 -0.978356
4.378116 -22.947130 1137.146248 578.828518 0.686327 0.721843 -0.088867 -0.590011 0.624051 0.512296 -0.425255 0.299170 -0.854199
9.130419 -480.346255 1210.780780 34102.999221 0.219235 0.900764 0.374913 -0.879427 0.348854 -0.323898 0.422545 0.258699 -0.868637
32.999840 -75.060575 2617.823797 2947.204590 0.436480 0.883538 0.169841 -0.817175 0.310327 0.485718 -0.376444 0.350796 -0.857457
-112.869347 -1160.540789 -3096.661818 -32011.641293 0.132341 -0.420111 -0.897771 -0.440922 0.786239 -0.432916 0.887735 0.453140 -0.081184
-69.948425 -1177.431971 1749.590058 -25091.005044 -0.187026 0.492467 0.849999 0.900619 0.431507 -0.051840 -0.392310 0.755829 -0.524228
3.322867 -4.439339 6.379907 50.147648 0.035738 0.985618 -0.165164 0.932848 0.026385 0.359303 -0.358494 0.166914 0.918489
3.120182 -5.229273 13.410818 44.023927 0.049419 0.983640 -0.173235 0.901242 0.030842 0.432218 -0.430490 0.177486 0.884973
2.206424 -5.534624 81.252062 39.037760 0.068350 0.956153 -0.284780 0.886362 0.072821 0.457231 -0.457920 0.283670 0.842520
-5.941115 -40.278523 -229.959521 -1279.317600 0.918080 -0.073846 -0.389457 -0.376611 0.144021 -0.915107 -0.123667 -0.986815 -0.104412
-10.718982 -31.703717 -343.986783 -1044.905483 0.232804 0.026264 -0.972169 0.971037 -0.061521 0.230871 -0.053745 -0.997760 -0.039825
-16.566240 -43.090550 -261.092988 -1397.484701 0.959869 -0.103514 -0.260645 -0.251752 0.091497 -0.963457 -0.123580 -0.990411 -0.061765
-48.330270 -69.573453 1303.700862 923.082728 0.011969 -0.387637 -0.921734 0.965391 -0.235695 0.111658 -0.260531 -0.891171 0.371401
-39.821804 -76.221047 266.459278 -2192.173795 0.232111 -0.759059 -0.608238 0.820436 -0.183122 0.541619 -0.522502 -0.624736 0.580255
-26.238577 -114.754219 531.327856 6441.800921 -0.307228 -0.106182 -0.945694 0.925557 -0.264390 -0.271001 -0.221256 -0.958553 0.179505
-4.906271 -9.702384 -6.670473 154.684800 0.339223 0.846277 0.410783 0.101427 0.401227 -0.910346 0.935222 -0.350475 -0.050270
-8.435447 -13.600273 218.896153 73.169494 0.339058 0.885898 0.316581 0.039952 0.322652 -0.945674 0.939917 -0.333287 -0.074004
-1.450122 -6.141280 40.229222 -1.556563 -0.085090 0.993470 -0.076001 -0.088311 -0.083497 -0.992587 0.992452 0.077748 -0.094839
-2.038925 -7.172021 -27.739654 -28.154798 -0.212665 0.946086 0.244325 0.170498 0.282138 -0.944102 0.962135 0.159121 0.221307
-1.194399 -7.156157 65.114691 -17.547021 -0.259324 0.955011 0.143896 0.158369 0.189025 -0.969118 0.952717 0.228526 0.200263
-1.146846 -6.759062 93.135249 -23.377301 -0.262532 0.960301 0.094333 0.297270 0.173500 -0.938897 0.917991 0.218448 0.331018
-1.784829 -5.739517 -8.246521 23.511353 0.207490 0.959693 0.189573 -0.847557 0.273129 -0.455025 0.488462 0.066261 -0.870066
-1.850565 -5.621449 11.367185 26.566360 0.214144 0.947276 0.238351 -0.849093 0.301149 -0.433994 0.482891 0.109445 -0.868814
-1.694272 -5.843639 -7.918747 -6.923694 0.221271 0.952770 0.208011 -0.783156 0.300709 -0.544280 0.581124 0.042471 -0.812706
-1.945661 -4.881177 3.946009 62.088706 0.206024 0.953494 0.220006 -0.899180 0.273164 -0.341844 0.386044 0.127396 -0.913641
-1.823421 -5.008130 -7.268736 59.517519 0.203261 0.962831 0.177881 -0.897195 0.255902 -0.359938 0.392079 0.086433 -0.915862
1.571677 -10.093457 -25.812233 -70.185064 0.057400 0.994379 0.088967 0.767143 0.013098 -0.641343 0.638903 -0.105063 0.762079
2.097955 -10.910469 -30.315714 -7.439371 0.037291 0.996049 0.080595 0.841438 0.012209 -0.540216 0.539065 -0.087961 0.837658
2.072094 -12.087839 -34.716141 150.150179 0.029588 0.995100 0.094338 0.896568 0.015305 -0.442641 0.441916 -0.097678 0.891723
0.230218 -25.648738 -6.087115 -169.814115 0.239511 0.960230 -0.143499 -0.566864 0.018311 -0.823608 0.788226 -0.278608 -0.548706
0.191115 -24.025098 -6.750249 -279.390963 0.252268 0.963382 -0.090857 -0.278421 -0.017659 -0.960297 0.926738 -0.267549 -0.263771
0.421534 -27.595228 -6.510962 -156.946657 0.239476 0.964625 -0.110230 -0.568755 0.047365 -0.821142 0.786873 -0.259338 -0.559978
0.437138 -4.417212 -102.552847 -27.174184 -0.099057 0.930041 -0.353851 -0.721229 -0.312100 -0.618404 0.685578 -0.193950 -0.701688
1.620770 -4.274025 -100.903983 -22.027131 -0.092145 0.937732 -0.334915 -0.747600 -0.287320 -0.598784 0.657727 -0.195208 -0.727523
1.450438 -4.616254 -88.818622 -24.667963 -0.035771 0.955607 -0.292465 -0.785226 -0.207902 -0.583264 0.618175 -0.208787 -0.757804
-0.194040 -15.006742 -5.712609 39.846119 -0.081981 0.996549 0.012982 -0.244674 -0.007497 -0.969576 0.966133 0.082663 -0.244444
-15.633608 -27.416888 -538.563765 98.102244 0.099167 0.982712 0.156341 0.631374 -0.183578 0.753436 -0.769112 -0.023993 0.638664
-1.236080 -32.472038 63.885419 755.026263 0.120445 0.981643 0.147888 0.860038 -0.177586 0.478328 -0.495810 -0.069577 0.865639
-7.774639 -30.572032 -160.177605 338.202041 0.159935 0.971712 0.173774 0.726167 -0.235062 0.646086 -0.668657 -0.022857 0.743220
11.356723 -42.540700 694.560709 -1121.945089 0.091306 0.994886 -0.043177 0.327822 0.010912 0.944677 -0.940317 0.100409 0.325149
-3.233736 -25.618767 5.952784 -238.282377 0.041171 0.987558 0.151768 0.407933 -0.155275 0.899711 -0.912083 -0.024869 0.409251
-2.777058 -28.744903 30.507530 294.060855 0.056845 0.987805 0.144945 0.703086 -0.142682 0.696643 -0.708829 -0.062309 0.702623
0.040878 -39.103828 -8.390075 1093.088239 -0.201628 0.935319 0.290732 -0.777889 0.027453 -0.627802 0.595176 0.352740 -0.722039
-0.949474 -38.069228 -37.727444 224.698712 -0.172835 0.951071 0.256110 -0.471869 0.148288 -0.869109 0.864562 0.271063 -0.423152
-0.582281 -45.278871 13.966965 1292.380569 -0.198834 0.941052 0.273654 -0.815574 -0.004056 -0.578639 0.543419 0.338238 -0.768304
0.212469 -15.550650 -9.871596 55.479489 -0.087074 0.989940 0.111522 0.954891 0.114842 -0.273852 0.283904 -0.082646 0.955284
0.673629 -15.365522 16.972066 -38.478897 -0.057754 0.994354 0.089021 0.918345 0.087887 -0.385899 0.391544 -0.059465 0.918236
0.240010 -16.526270 -2.024121 142.241313 -0.072968 0.992111 0.101938 0.975677 0.092194 -0.198883 0.206713 -0.084946 0.974707
1.322748 -6.170192 -9.914472 25.320029 0.150287 0.961975 0.228076 0.184008 0.199448 -0.962477 0.971367 -0.186616 0.147037
1.260593 -5.820399 -6.268304 28.269834 0.144181 0.968838 0.201407 0.073628 0.192466 -0.978538 0.986808 -0.155916 0.043583
3.571562 -5.134472 -56.954843 -32.209188 0.113434 0.992737 -0.040073 0.992831 -0.114790 -0.033305 0.037663 0.036008 0.998642
3.658840 -5.400027 -69.615301 -59.538061 0.105109 0.993468 -0.044424 0.991011 -0.108357 -0.078458 0.082759 0.035778 0.995927
2.571124 -6.088339 -76.889160 -54.927168 0.076102 0.997100 0.000213 0.983330 -0.075016 -0.165635 0.165138 -0.012815 0.986187
-1.792576 -5.780923 -32.624380 31.538852 0.263668 0.916900 -0.299623 0.801109 -0.381164 -0.461453 0.537311 0.118360 0.835037
-1.473399 -5.606269 -53.886839 40.922163 0.297890 0.918723 -0.259248 0.774441 -0.391370 -0.497062 0.558125 0.052702 0.828082
-1.703763 -5.121929 -62.977073 40.325290 0.261458 0.930500 -0.256533 0.728937 -0.364567 -0.579432 0.632685 0.035499 0.773595
2.955578 -29.782131 5.596717 663.652097 0.157433 0.984627 -0.075657 0.906908 -0.174474 -0.383507 0.390811 0.008237 0.920434
1.290429 -18.379092 29.778512 -165.977618 0.087040 0.995797 -0.028497 0.817548 -0.087747 -0.569136 0.569244 -0.026240 0.821749
-36.423486 -52.273907 441.242401 -1732.879458 -0.051704 0.854494 0.516882 0.044091 -0.515117 0.855985 -0.997689 -0.067047 0.011042
-25.697948 -62.892145 732.261403 -2550.307341 0.158977 0.966347 0.202235 -0.070321 -0.193237 0.978629 -0.984775 0.169801 -0.037235
-9.446270 -12.083852 80.840345 104.200730 0.318942 0.920347 0.226356 -0.906730 0.365822 -0.209798 0.275893 0.138330 -0.951182
-7.212219 -11.228757 3.318380 64.650873 -0.145587 0.969685 0.196253 -0.959314 -0.089859 -0.267659 0.241910 0.227237 -0.943315
1.499070 -9.413035 122.022131 -283.234538 -0.517795 0.837682 0.173716 -0.646104 -0.516004 0.562396 -0.560747 -0.178968 -0.808414
0.497855 -11.878593 -65.030834 -366.906824 -0.412216 0.894102 -0.175099 -0.715027 -0.198374 0.670361 -0.564636 -0.401534 -0.721080
-0.154954 -2.731091 0.965219 31.266137 0.399161 0.811753 0.426295 0.916787 -0.360021 -0.172878 0.013141 0.459828 -0.887911
-0.203093 -2.665791 9.248454 14.640627 0.354122 0.824960 0.440498 0.934812 -0.325800 -0.141351 0.026905 0.461839 -0.886556
-0.185504 -2.870769 -11.791229 -1.796498 0.423883 0.807837 0.409539 0.905481 -0.388304 -0.171244 0.020689 0.443417 -0.896077
1.715912 -10.956040 -5.920484 -236.892624 0.905277 0.424349 -0.020057 -0.211239 0.490601 0.845392 -0.368581 0.761077 -0.533769
2.946013 -11.321215 67.317909 -236.625792 0.902862 0.412796 -0.120162 -0.126569 0.522313 0.843308 -0.410877 0.746183 -0.523824
3.824921 -13.884276 143.392628 -200.216968 0.902840 0.393299 -0.173766 0.002748 0.398845 0.917014 -0.429967 0.828395 -0.359013
13.435915 -10.315209 79.460798 -30.859473 0.825691 0.554577 -0.103340 -0.412220 0.468088 -0.781645 0.385110 -0.687996 -0.615104
17.764532 -10.438899 -749.519527 -8.150015 0.884292 0.446120 -0.137858 -0.327952 0.383236 -0.863469 0.332379 -0.808769 -0.485198
11.065640 -8.923577 -604.304490 -7.034159 0.953504 0.265450 -0.142714 -0.252785 0.446565 -0.858300 0.164105 -0.854468 -0.492903
0.462664 -19.456244 32.154826 176.820713 0.319367 0.931153 -0.175952 -0.825951 0.364541 0.430017 -0.464554 -0.007995 -0.885509
0.444565 -7.678467 -11.031046 -2.959599 0.169533 0.945867 0.276756 0.489981 -0.324550 0.809065 -0.855089 0.001558 0.518479
-0.262527 -7.267026 -11.346109 -22.140665 0.118491 0.983864 0.134058 0.109464 -0.147130 0.983041 -0.986903 0.101807 0.125132
-2.181383 -12.378685 0.077995 11.390100 -0.137949 -0.981278 0.134403 0.989726 -0.131424 0.056307 -0.037589 0.140789 0.989326
-1.984952 -12.415834 -8.465065 8.938738 -0.165710 -0.967090 0.193071 0.986159 -0.161394 0.037984 -0.005573 0.196693 0.980449
-2.247118 -12.546371 -1.597014 39.285690 0.164335 0.975405 -0.146898 0.966850 -0.129775 0.219909 -0.195437 0.178167 0.964397
-2.185803 -12.614870 -10.911559 44.912211 0.136513 0.987882 -0.073844 0.959892 -0.113482 0.256376 -0.244889 0.105881 0.963752
-2.393274 -13.057542 -2.384139 57.927293 0.172441 0.975917 -0.133606 0.910159 -0.105997 0.400468 -0.376662 0.190660 0.906518
54.162521 -5.383370 4020.664985 -71.363761 0.276557 0.960651 0.025801 0.179140 -0.025157 -0.983502 0.944153 -0.276616 0.179049
55.373863 -9.840954 3992.513398 21.912415 0.246602 0.953380 0.173936 0.191672 0.127953 -0.973083 0.949973 -0.273303 0.151183
0.462808 -19.601028 18.229315 -196.396867 0.247714 0.963862 0.098022 0.570163 -0.226832 0.789596 -0.783295 0.139706 0.605748
0.746255 -18.588316 69.670735 161.900377 0.311197 0.940652 0.135388 0.366188 -0.250149 0.896288 -0.876962 0.229345 0.422301
-0.236748 -18.397648 141.637562 284.761869 0.371519 0.914751 0.158762 0.374564 -0.304145 0.875898 -0.849515 0.265946 0.455628
-4.534587 -10.090123 12.458582 131.562290 0.514506 0.852105 -0.095917 0.306363 -0.078194 0.948698 -0.800890 0.517496 0.301285
-5.188211 -11.953728 -5.964467 119.964464 0.544324 0.837814 -0.042186 0.132392 -0.036138 0.990538 -0.828362 0.544759 0.130590
-4.743388 -10.969225 -1.883881 92.133989 0.443897 0.885423 -0.137777 0.248060 0.026324 0.968387 -0.861059 0.464041 0.207953
-4.866318 -12.429634 -2.824273 85.509162 0.414857 0.899164 -0.139277 0.094642 0.109598 0.989460 -0.904951 0.423666 0.039631
-4.627672 -11.046374 1.960289 91.564809 0.368185 0.914114 -0.169811 0.256831 0.075539 0.963500 -0.893576 0.398359 0.206960
-4.357739 -9.520053 1.812032 112.978586 0.390119 0.908805 -0.147921 0.401762 -0.023461 0.915443 -0.828489 0.416561 0.374276
-10.006765 -19.706582 -396.378413 400.906604 -0.871505 -0.370745 0.320978 -0.249072 0.898480 0.361521 -0.422424 0.235121 -0.875372
-2.846512 -63.844203 -416.665899 -2334.335468 -0.760627 0.424578 0.491101 0.442246 0.892683 -0.086803 -0.475252 0.151162 -0.866767
1482.062932 -13905.655914 -108513.647055 -3855227.907650 -0.320640 0.672943 0.666587 0.859394 -0.089233 0.503467 0.398286 0.734292 -0.549712
-96.508812 -390.163732 4032.207283 -6331.796368 -0.286832 0.656682 0.697492 0.615742 0.684147 -0.390904 -0.733887 0.317351 -0.600582
-28.543465 -1264.724656 1662.549121 81615.953136 -0.222830 0.421566 0.878993 -0.360408 0.802155 -0.476081 -0.905788 -0.422881 -0.026808
-5.240714 -11.171234 8.655047 135.365761 0.668800 0.725215 0.163617 0.054561 -0.267365 0.962049 -0.741438 0.634491 0.218382
-6.047576 -13.263557 -10.614847 122.154570 0.633369 0.770922 0.067256 -0.039020 -0.054985 0.997724 -0.772866 0.634552 0.004744
2.976817 -3.603518 -28.068245 42.645206 -0.005579 0.993109 -0.117064 0.957258 0.039158 0.286572 -0.289182 0.110461 0.950880
-5.639309 -17.928509 265.309216 386.155234 -0.207137 0.298044 0.931807 0.972369 0.167547 0.162563 -0.107671 0.939733 -0.324514
-21.171993 -83.761475 441.184364 2825.135946 -0.521160 0.218324 0.825062 0.840380 0.299871 0.451485 -0.148842 0.928661 -0.339756
-16.773384 -43.552601 359.985290 1149.132994 -0.379098 0.170744 0.909467 0.800545 0.553466 0.229788 -0.464125 0.815182 -0.346506
-37.167092 -223.219158 526.198642 8467.787605 -0.232239 -0.607873 -0.759312 0.972612 -0.152769 -0.175177 -0.009514 -0.779200 0.626704
7.113124 -15.034139 31.109573 73.244301 0.080823 0.990884 -0.107780 0.938290 -0.039156 0.343627 -0.336274 0.128902 0.932901
6.532615 -12.883754 21.470420 83.056069 -0.086908 -0.990416 0.107347 0.990758 -0.074664 0.113242 -0.104142 0.116196 0.987751
6.451661 -12.774342 25.003350 79.099643 0.057394 0.996928 -0.053296 0.984132 -0.047518 0.170955 -0.167897 0.062262 0.983836
6.398526 -14.225326 13.926511 112.732377 0.030165 0.999417 -0.015987 0.932647 -0.022390 0.360095 -0.359527 0.025772 0.932779
2.842796 -4.610902 64.009877 -19.486433 0.169053 0.981179 0.093324 -0.547985 0.172272 -0.818556 0.819227 -0.087240 -0.566795
2.609585 -4.930353 67.246210 -36.649903 0.201169 0.962654 0.181186 -0.603474 0.267493 -0.751177 0.771589 -0.041772 -0.634748
3.260020 -5.363075 46.677139 -47.652019 0.237412 0.965292 0.108841 -0.592354 0.232662 -0.771353 0.769904 -0.118656 -0.627032
2.349801 -5.278027 -20.542954 -49.657121 0.271091 0.962447 0.014327 -0.558835 0.169491 -0.811773 0.783717 -0.212058 -0.583797
2.648900 -4.889882 0.095157 -7.261479 0.224545 0.971926 -0.070283 -0.518500 0.058099 -0.853102 0.825068 -0.228001 -0.516989
3.071073 -4.342079 67.952178 2.993524 0.149493 0.988740 -0.006713 -0.484705 0.067364 -0.872080 0.861808 -0.133624 -0.489317
2.441949 -4.152287 80.283251 -1.315780 0.136105 0.987028 0.085152 -0.487081 0.141515 -0.861815 0.862686 -0.075821 -0.500023
