12669
25329
-8.689617 -11.365753 138.481124 -169.767242 0.196740 0.957679 0.210103 0.967015 -0.224896 0.119595 0.161786 0.179644 -0.970337
-7.059711 -12.413072 -47.116570 -360.447799 0.531110 0.841737 0.096960 0.846861 -0.531040 -0.028683 0.027346 0.097346 -0.994875
-6.794078 -9.028862 33.250228 -145.518694 -0.117259 0.982720 0.143216 0.993031 0.117742 0.005131 -0.011820 0.142819 -0.989678
-4.976361 -9.190650 -40.750742 287.563879 0.234762 0.971819 0.021346 -0.959897 0.228308 0.162705 -0.153246 0.058686 -0.986444
-7.620454 -11.138335 19.626782 94.808069 -0.110919 0.978920 0.171502 -0.967124 -0.066583 -0.245435 0.228842 0.193087 -0.954122
-6.427805 -9.430240 -32.325211 -109.611595 -0.407988 0.887455 0.214402 0.911443 0.382257 0.152154 0.053073 0.257493 -0.964822
-3.921140 -6.494073 -29.236747 107.636759 -0.364171 0.926271 0.096957 -0.918779 -0.374345 0.125339 -0.152393 0.043437 -0.987365
-4.852080 -7.248009 -16.202306 -78.585843 -0.618579 0.763010 0.187550 0.777075 0.629403 0.002355 -0.116248 0.147198 -0.982252
-5.425778 -7.917215 -8.139702 -73.798565 -0.566334 0.798299 0.204901 0.822979 0.561148 0.088417 -0.044397 0.218703 -0.974781
-8.461443 -9.315984 35.246292 -37.659448 0.723674 0.263875 -0.637704 0.477505 0.475696 0.738716 -0.498282 0.839097 -0.218247
-8.608978 -9.686584 27.740462 -42.901539 0.717260 0.278524 -0.638719 0.553855 0.328340 0.765139 -0.422827 0.902561 -0.081243
-7.646010 -9.314539 66.728525 -65.273917 0.761037 0.046576 -0.647034 0.562201 0.450278 0.693671 -0.323654 0.891673 -0.316493
-0.976160 -3.204414 -74.640049 -53.304225 -0.051446 0.998606 -0.011820 -0.810984 -0.034867 0.584028 -0.582802 -0.039631 -0.811647
-1.028857 -4.183054 -87.176367 -42.281071 0.008161 0.998653 -0.051246 -0.764395 0.039270 0.643552 -0.644697 -0.033920 -0.763685
-1.513533 -3.369899 22.917778 -53.025634 -0.052088 0.997331 0.051167 -0.813187 -0.072100 0.577520 -0.579667 0.011526 -0.814772
0.069810 -4.017055 -157.164221 -43.067828 0.009570 0.994737 -0.102011 -0.763625 0.073134 0.641505 -0.645589 -0.071759 -0.760306
0.527866 -3.076042 -119.652708 -55.972747 0.056301 0.989614 -0.132263 -0.809605 0.122775 0.573992 -0.584269 -0.074765 -0.808109
-1.673633 -7.595166 -125.560957 3.017902 0.010115 0.999946 -0.002524 0.372854 -0.001429 0.927889 -0.927835 0.010327 0.372848
0.004870 -7.479950 -132.567914 0.884057 -0.026056 0.999434 -0.021299 0.476264 0.031143 0.878751 -0.878916 -0.012753 0.476806
-1.460781 -7.569032 -112.779741 13.409629 0.014777 0.999891 0.000781 0.483313 -0.007826 0.875413 -0.875323 0.012558 0.483376
-0.314119 -7.558426 -2.378960 -3.832439 0.031103 0.998515 -0.044721 0.248084 0.035631 0.968083 -0.968239 0.041205 0.246607
-0.119034 -7.907991 2.299561 -12.292143 0.039363 0.998181 -0.045669 0.412090 0.025420 0.910788 -0.910292 0.054671 0.410340
-0.333524 -7.667684 4.606138 -0.208213 0.057033 0.998218 -0.017560 0.257917 0.002260 0.966164 -0.964482 0.059632 0.257329
-1.237718 -16.139220 31.074630 33.111281 0.238147 0.961428 -0.137632 0.274977 -0.202655 -0.939850 0.931490 -0.185977 0.312632
-0.520423 -15.093006 20.954626 -56.253320 0.213177 0.971452 -0.104102 0.435499 -0.189862 -0.879939 0.874583 -0.142246 0.463541
-1.103780 -16.388089 34.171802 -78.312909 0.219514 0.970061 -0.103897 0.486435 -0.201140 -0.850249 0.845692 -0.136102 0.516025
2.264275 -5.760809 66.527255 73.056624 0.232631 0.970164 0.068303 0.329665 -0.012587 -0.944014 0.914988 -0.242124 0.322757
4.273609 -7.062347 95.092792 40.435189 0.212266 0.926933 0.309416 0.444335 0.190457 -0.875382 0.870351 -0.323298 0.371441
6.432650 -6.524890 186.635691 62.529834 0.208006 0.960522 0.184745 0.467848 0.068169 -0.881176 0.858983 -0.269723 0.435199
2.562813 -6.560806 109.877578 80.975855 0.203806 0.978438 0.033485 0.361341 -0.043391 -0.931423 0.909888 -0.201929 0.362394
1.321027 -6.222258 80.758879 39.845270 0.247320 0.963929 -0.098358 0.213424 -0.153213 -0.964871 0.945137 -0.217639 0.243619
3.312489 -8.369390 -2.778305 49.317431 0.471448 0.855565 -0.213880 -0.635829 0.161700 -0.754701 0.611112 -0.491794 -0.620227
3.264261 -8.932470 13.704847 46.445710 0.420837 0.869231 -0.259487 -0.560323 0.024124 -0.827923 0.713396 -0.493817 -0.497203
3.476384 -7.924158 76.090331 57.603616 0.418515 0.890734 -0.177308 -0.617701 0.136048 -0.774555 0.665800 -0.433687 -0.607146
2.362331 -9.436261 -107.741364 51.267439 0.450867 0.839644 -0.302849 -0.591665 0.027092 -0.805728 0.668320 -0.542462 -0.509003
3.224554 -7.357428 53.883106 35.799623 0.466879 0.875196 -0.126709 -0.675532 0.260502 -0.689779 0.570684 -0.407639 -0.712846
2.267604 -8.902040 -111.728424 46.239061 0.510919 0.823212 -0.247558 -0.654784 0.186092 -0.732548 0.556974 -0.536369 -0.634104
3.089499 -7.811361 -11.231651 27.141290 0.526326 0.835369 -0.158555 -0.681595 0.303025 -0.666037 0.508340 -0.458622 -0.728873
1.564452 -6.319562 44.296518 -5.482183 0.146545 0.985216 -0.088735 -0.423934 0.143599 0.894237 -0.893759 0.093428 -0.438710
1.356008 -6.127872 30.779318 -14.751986 0.144210 0.985763 -0.086454 -0.532752 0.150967 0.832697 -0.833893 0.074024 -0.546939
0.756375 -6.272391 72.033875 -8.201460 0.169937 0.981721 -0.085703 -0.441911 0.153650 0.883802 -0.880815 0.112318 -0.459944
-2.246313 -4.970027 -56.944219 -153.046006 -0.163516 0.797458 0.580796 -0.225883 -0.603344 0.764823 -0.960333 0.006131 -0.278788
-4.315258 -13.104715 -157.688703 -585.675883 -0.304662 -0.061644 0.950464 0.053755 0.995200 0.081776 -0.950942 0.076006 -0.299886
-2.256650 -2.650690 -129.618905 -15.276960 -0.328503 -0.185812 0.926045 0.018046 0.979044 0.202848 -0.944331 0.083348 -0.318266
-1.911501 -3.152819 -10.834240 -128.020015 -0.158875 0.796797 0.582986 -0.263137 -0.603301 0.752853 -0.951587 0.033795 -0.305516
-0.115993 -2.080123 167.915347 3.402545 0.282507 0.733629 -0.618044 -0.175139 0.672906 0.718696 -0.943142 0.094793 -0.318588
2.092164 -3.007069 260.826267 -121.887996 0.294370 0.747087 -0.595992 -0.162355 0.653652 0.739175 -0.941800 0.120829 -0.313709
1.049388 -1.954966 -9.242429 -19.366278 0.045854 0.997382 -0.055915 -0.862585 0.067763 0.501353 -0.503830 -0.025242 -0.863434
1.040296 -2.454648 -5.449192 -62.988968 0.100523 0.991540 -0.082117 -0.849218 0.128511 0.512166 -0.518386 -0.018250 -0.854952
0.868073 -2.208972 -38.420764 -23.730931 0.024445 0.996812 -0.075944 -0.860522 0.059647 0.505910 -0.508827 -0.052984 -0.859237
0.862480 -2.239667 -38.798699 34.127582 -0.050251 0.998213 -0.032349 -0.867544 -0.027580 0.496596 -0.494816 -0.053018 -0.867379
1.005926 -2.173821 -13.393020 44.801810 -0.036710 0.999274 -0.010219 -0.868298 -0.026833 0.495317 -0.494683 -0.027057 -0.868652
-1.354417 -28.366214 -38.728467 -240.458998 -0.243799 -0.817032 -0.522514 0.968879 -0.181391 -0.168434 0.042836 -0.547317 0.835829
-1.185050 -25.505631 -37.049064 -196.707143 -0.234345 -0.824372 -0.515260 0.919714 -0.359726 0.157235 -0.314972 -0.437045 0.842487
-1.808093 -24.979668 -43.788642 -236.067164 -0.203236 -0.822573 -0.531102 0.947821 -0.301350 0.104031 -0.245620 -0.482247 0.840897
-0.677096 -27.450013 -40.584241 -211.425300 -0.242428 -0.831774 -0.499380 0.966237 -0.253300 -0.047168 -0.087260 -0.493954 0.865098
-1.875737 -22.901727 19.880019 -0.237006 0.170348 0.831612 0.528585 0.845967 -0.398497 0.354317 -0.505294 -0.386809 0.771399
-4.660555 -10.281269 2.843682 106.786429 0.452097 0.881942 -0.133368 0.274823 0.004518 0.961484 -0.848576 0.471337 0.240335
-4.995857 -12.316571 7.757587 117.993407 0.434990 0.889240 -0.141549 0.128537 0.094268 0.987214 -0.891214 0.447623 0.073294
-4.645779 -10.949901 5.131278 93.929352 0.361052 0.917858 -0.164858 0.227880 0.084585 0.970008 -0.904274 0.387791 0.178622
-5.102027 -12.212188 -30.182833 134.390364 0.515048 0.855037 -0.060315 0.129549 -0.008092 0.991540 -0.847315 0.518504 0.114937
-4.349925 -9.223896 -0.542777 93.067238 0.353049 0.915291 -0.193905 0.386887 0.045880 0.920985 -0.851865 0.400172 0.337917
-4.479263 -9.371340 0.416082 131.131243 0.593812 0.804118 0.027961 0.252309 -0.219095 0.942517 -0.764021 0.552623 0.332987
-4.173847 -8.375369 3.578814 117.742693 0.464694 0.878347 -0.112098 0.407021 -0.099456 0.907988 -0.786380 0.467563 0.403722
0.241662 -40.739356 -33.659816 373.578552 0.051296 0.823501 0.564991 0.083410 -0.567292 0.819282 -0.995194 -0.005100 0.097788
-0.798619 -47.283632 -55.880791 1075.342721 0.062188 0.830856 0.553002 0.213398 -0.552331 0.805849 -0.974984 -0.067895 0.211651
0.100027 -80.182566 -45.253377 3217.050435 0.054824 0.852752 0.519431 -0.262073 -0.489685 0.831580 -0.963490 0.181719 -0.196636
0.801772 -34.145996 -50.487794 457.217722 0.047050 0.849836 0.524942 -0.211399 -0.505149 0.836741 -0.976267 0.150341 -0.155887
30.232401 -1572.583352 -2764.891260 97221.435011 0.114700 0.901516 0.417268 -0.469749 -0.320890 0.822415 -0.875317 0.290342 -0.386680
0.845877 -81.175140 -45.216385 1903.924278 0.113712 0.859327 0.498624 -0.701616 -0.285881 0.652692 -0.703423 0.424062 -0.570410
0.966826 -187.033106 -1104.321435 13386.996509 0.144210 0.939762 0.309920 -0.615485 -0.160055 0.771726 -0.774843 0.302042 -0.555328
28.961724 -371.240430 2476.714005 83823.091734 0.050495 0.984041 0.170628 -0.952555 0.098798 -0.287885 0.300149 0.147996 -0.942342
2.205566 -164.694848 140.973163 -6367.258100 -0.185464 0.892971 0.410130 -0.496303 -0.445347 0.745217 -0.848108 0.065338 -0.525780
37.029525 -2.339998 -429.374346 491.656091 -0.458258 -0.459708 0.760703 -0.272303 0.887316 0.372184 -0.846080 -0.036586 -0.531800
3.522155 -4.884120 -6.871166 12.570229 -0.021681 0.958128 -0.285518 -0.348660 0.260410 0.900346 -0.936998 -0.119069 -0.328415
2.643648 -4.453946 58.928818 -2.162070 0.047371 0.967141 -0.249789 -0.406264 0.247106 0.879709 -0.912527 -0.059808 -0.404620
3.372318 -4.025234 128.836538 1.725565 0.128321 0.932105 -0.338695 -0.337114 0.362178 0.869012 -0.932678 -0.002666 -0.360700
1.549978 -3.436839 128.761678 28.234383 0.191961 0.906817 -0.375279 -0.327125 0.419645 0.846692 -0.925278 0.039769 -0.377198
3.156798 -3.096718 175.473509 46.214308 0.201694 0.878437 -0.433206 -0.265943 0.474796 0.838953 -0.942653 0.054003 -0.329378
-0.737829 -3.793100 39.375841 -11.301162 0.831730 -0.141216 0.536921 0.180522 0.983347 -0.021010 -0.525012 0.114400 0.843371
0.383607 -3.631005 48.213621 12.435927 0.744879 -0.429056 0.510947 0.375969 0.902567 0.209807 -0.551183 0.035820 0.833615
-0.779132 -3.505903 -10.457813 -17.058186 0.744601 -0.389685 0.541955 0.377747 0.915385 0.139202 -0.550342 0.101072 0.828799
-0.270091 -3.862594 -67.339984 -2.425079 0.636679 -0.566327 0.523368 0.487003 0.821526 0.296518 -0.597887 0.066095 0.798851
-1.468354 -3.957358 -23.998318 -39.425123 0.571061 -0.660620 0.487310 0.607509 0.739339 0.290364 -0.552107 0.130230 0.823540
-0.468537 -2.663189 -23.520403 37.380891 0.589454 0.679951 0.436131 0.764855 -0.643479 -0.030525 0.259886 0.351570 -0.899365
-0.776011 -1.832756 -0.648979 -1.680545 0.808948 0.414960 0.416426 -0.523326 0.831019 0.188517 0.267831 0.370427 -0.889410
-0.667378 -1.698606 -12.684093 -37.004959 0.895289 0.252635 0.366924 -0.342416 0.917128 0.204027 0.284972 0.308304 -0.907601
-35.977325 -48.048779 1121.590666 -606.016929 0.347508 -0.369335 -0.861876 0.937427 0.115636 0.328418 -0.021632 -0.922074 0.386409
-30.411786 -45.440250 653.987290 -789.371224 0.197458 -0.593801 -0.780007 0.947725 0.319075 -0.002989 0.250656 -0.738642 0.625764
-35.938306 -56.054964 285.919330 -42.380888 -0.088321 -0.726518 -0.681448 0.995797 -0.081043 -0.042659 -0.024234 -0.682352 0.730622
-42.927944 -60.900246 1234.723907 1433.930913 -0.116044 -0.425635 -0.897423 0.965837 -0.259142 -0.001983 -0.231716 -0.866995 0.441166
1.430364 -5.086098 23.181742 -28.463119 0.034200 0.996539 -0.075764 -0.977382 0.017519 -0.210756 0.208699 -0.081258 -0.974598
1.558097 -4.613994 21.032767 -25.501014 0.096557 0.992276 -0.077876 -0.942779 0.066093 -0.326801 0.319130 -0.104975 -0.941879
1.692630 -4.995862 23.326413 -51.387944 0.080721 0.995295 -0.053598 -0.948283 0.060124 -0.311680 0.306990 -0.075985 -0.948674
-7.407270 -8.991714 -60.808433 21.673826 -0.665247 -0.139904 0.733399 0.729023 -0.333742 0.597613 0.161157 0.932225 0.324014
-6.110750 -8.944585 43.389180 34.071016 0.717435 -0.047608 -0.694997 0.637213 -0.358310 0.682330 0.281509 0.932388 0.226727
-7.438091 -9.329442 52.321263 50.349518 0.706197 0.107485 -0.699809 0.704059 -0.210959 0.678084 0.074747 0.971567 0.224654
-8.506433 -9.556588 -28.264579 36.186294 -0.476797 -0.326497 0.816127 0.875997 -0.099642 0.471912 -0.072757 0.939932 0.333519
-8.393688 -9.294604 -45.244804 22.065134 -0.397676 -0.390333 0.830357 0.917286 -0.189838 0.350069 0.020990 0.900889 0.433541
0.169384 -2.506092 37.573563 -23.267106 -0.570304 0.805756 0.159723 0.684820 0.359002 0.634144 0.453624 0.471036 -0.756538
-0.712027 -2.408632 29.718062 -15.124446 -0.445036 0.856833 0.260347 -0.753148 -0.200838 -0.626445 0.484470 0.474870 -0.734702
-0.013694 -2.228071 42.553480 -23.723138 -0.518526 0.828527 0.211360 0.736149 0.306812 0.603283 0.434989 0.468411 -0.769010
-1.845610 -4.287417 -1.852257 -48.799232 0.111030 -0.914146 0.389883 0.946643 0.216715 0.238542 -0.302556 0.342595 0.889432
-2.242396 -4.852971 11.840350 -12.186176 0.024937 -0.928302 0.370990 0.974840 0.104809 0.196731 -0.221509 0.356750 0.907559
-1.931929 -4.179177 -4.154309 -47.024639 0.235447 -0.869901 0.433402 0.925617 0.336664 0.172890 -0.296308 0.360457 0.884461
-1.987018 -5.006743 -9.827947 -34.337513 -0.028134 -0.941247 0.336546 0.968343 0.057877 0.242820 -0.248032 0.332724 0.909821
-1.424141 -3.328884 20.210649 -63.576093 -0.360847 0.808239 -0.465339 0.856143 0.484959 0.178421 -0.369877 0.334014 0.866964
-1.801743 -4.254789 11.283932 -77.817698 -0.097321 0.925457 -0.366139 0.936527 0.209657 0.281002 -0.336819 0.315552 0.887119
-1.822791 -5.850379 84.165083 -76.220146 0.364979 0.908276 0.204513 -0.822969 0.417455 -0.385296 0.435330 0.027683 -0.899845
-2.959299 -5.445352 -130.267367 -21.609715 -0.684998 -0.629584 -0.366609 -0.524425 0.775406 -0.351745 0.505724 -0.048686 -0.861320
-3.558971 -6.722435 121.123683 -57.341794 0.538820 0.802501 0.256251 -0.708475 0.596249 -0.377558 0.455781 -0.021888 -0.889823
-0.662215 -7.687464 -14.452482 12.165021 -0.141677 0.977161 -0.158382 -0.486314 0.070653 0.870923 -0.862222 -0.200413 -0.465197
-0.102420 -7.546893 -18.196099 -31.568710 -0.178346 0.974763 -0.134273 -0.589562 0.003394 0.807716 -0.787788 -0.223215 -0.574078
-0.335997 -7.683764 -17.328930 10.507357 -0.166507 0.975856 -0.141351 -0.449098 0.052567 0.891935 -0.877831 -0.211994 -0.429502
-0.787280 -7.637449 -13.085378 24.138045 -0.140946 0.979998 -0.140494 -0.345546 0.084290 0.934608 -0.927756 -0.180277 -0.326754
-1.013023 -7.513858 -11.152132 38.108833 -0.116559 0.982107 -0.147919 -0.377604 0.093929 0.921191 -0.918602 -0.163228 -0.359899
1.687244 -11.331667 53.877665 -177.335431 0.124842 0.917359 -0.377977 0.689163 0.193884 0.698186 -0.713771 0.347651 0.608005
3.405562 -9.297756 94.638636 -172.408282 0.028128 0.898221 -0.438644 0.678788 0.304967 0.668014 -0.733796 0.316536 0.601123
2.443352 -11.480377 77.462849 1.111287 0.095732 0.899027 -0.427301 0.604451 0.288562 0.742544 -0.790870 0.329367 0.515793
0.426771 -12.171643 41.205338 -65.289539 0.164726 0.920177 -0.355162 0.688453 0.150593 0.709475 -0.706327 0.361381 0.608692
0.068637 -12.714459 30.726544 -29.125957 0.175468 0.929138 -0.325443 0.801666 0.057028 0.595046 -0.571439 0.365308 0.734852
0.678040 -13.932822 -17.409290 -258.481680 -0.059009 0.986532 -0.152553 -0.809523 0.042129 0.585575 -0.584116 -0.158050 -0.796134
0.459925 -15.687938 -8.833714 -158.182891 -0.044023 0.984937 -0.167217 -0.663994 0.096213 0.741522 -0.746440 -0.143675 -0.649757
0.253279 -14.064831 -12.567835 -264.601998 -0.047001 0.983112 -0.176867 -0.823146 0.062188 0.564414 -0.565881 -0.172115 -0.806322
0.872580 -14.509158 -14.951737 -81.209189 -0.051894 0.989537 -0.134627 -0.647790 0.069245 0.758666 -0.760050 -0.126580 -0.637418
0.348406 -12.267095 -20.408188 -162.252524 -0.032741 0.982060 -0.185702 -0.913325 0.046061 0.404618 -0.405913 -0.182854 -0.895432
1.255960 -13.539394 -25.218385 -192.520858 -0.070201 0.991508 -0.109472 -0.787833 0.012206 0.615768 -0.611875 -0.129473 -0.780286
0.880577 -12.581888 -25.341522 -211.124482 -0.049371 0.986801 -0.154230 -0.904325 0.021384 0.426308 -0.423980 -0.160521 -0.891333
1513.728552 -2.915672 511870.942007 12613.187538 -0.225067 0.877673 -0.423124 -0.215732 0.378599 0.900068 -0.950160 -0.293857 -0.104132
1242.404047 4.431328 -28030.304905 322.730852 0.965251 -0.099858 0.241494 0.223095 -0.166350 -0.960498 -0.136086 -0.980997 0.138292
4753.480402 -36.351308 2780606.257227 1939.576786 -0.479359 0.807121 -0.344631 -0.257366 0.246142 0.934439 -0.839034 -0.536629 -0.089735
431.461258 -8.625926 131290.397009 795.797135 -0.125617 0.908823 -0.397821 -0.240296 0.361184 0.901002 -0.962537 -0.208776 -0.173016
100.918496 -16.467948 17710.833290 -293.033818 -0.063915 0.749827 -0.658539 -0.280569 0.619771 0.732915 -0.957703 -0.231610 -0.170766
3.513120 -4.338232 -216.176425 48.312846 0.007821 0.988841 -0.148768 -0.440633 -0.130142 -0.888204 0.897653 -0.072499 -0.434698
1.336443 -4.425578 -188.275667 61.339699 0.063076 0.990542 -0.121856 -0.442555 -0.081676 -0.893014 0.894520 -0.110256 -0.433217
3.112974 -5.276227 -234.528191 46.510751 0.053297 0.992240 -0.112335 -0.367804 -0.085079 -0.926003 0.928375 -0.090671 -0.360416
5.073500 -5.130551 -168.110430 41.484507 -0.034081 0.992397 -0.118264 -0.384869 -0.122239 -0.914841 0.922342 -0.014338 -0.386109
5.183921 -4.539240 -133.611771 38.349055 -0.073764 0.987145 -0.141787 -0.432183 -0.159772 -0.887520 0.898764 0.004189 -0.438412
-0.688090 -24.553303 19.108223 41.456234 -0.293402 0.910535 0.291277 0.623631 -0.048632 0.780205 -0.724569 -0.410563 0.553569
-1.077884 -28.254714 47.423567 40.852788 -0.301088 0.902820 0.307023 0.385661 -0.179173 0.905076 -0.872131 -0.390914 0.294235
-1.313483 -25.040855 52.574560 70.661250 -0.286784 0.910230 0.298726 0.676585 -0.028317 0.735820 -0.678224 -0.413135 0.607727
-0.606119 -23.381500 15.373478 41.665140 -0.285679 0.906364 0.311273 0.845943 0.085883 0.526313 -0.450298 -0.413676 0.791268
-0.460921 -24.483293 2.268178 -63.997554 -0.288830 0.908395 0.302316 0.812217 0.065329 0.579685 -0.506833 -0.412977 0.756683
-3.146477 -13.613507 -50.850036 5.793196 0.026807 0.983745 -0.177557 -0.178714 -0.170043 -0.969096 0.983536 -0.057711 -0.171251
-3.932285 -13.479757 -37.071107 8.229290 -0.036535 0.979637 -0.197426 -0.135396 -0.200588 -0.970274 0.990118 0.008718 -0.139967
-3.413386 -13.631658 -46.870340 -7.572194 0.027825 0.986736 -0.159931 0.026056 -0.160654 -0.986667 0.999273 -0.023287 0.030181
-10.337041 -19.838181 1088.449897 1135.739784 -0.241466 0.960867 0.135750 -0.109772 -0.166038 0.979991 -0.964181 -0.221733 -0.145569
-6.146193 -35.432736 -247.449888 1862.404408 -0.145678 -0.309891 0.939545 -0.226426 0.934913 0.273255 -0.963073 -0.172930 -0.206364
1.983168 -19.511711 535.783304 1269.026529 -0.182311 0.978767 0.093688 -0.109124 -0.114838 0.987372 -0.977167 -0.169785 -0.127743
-1.249497 -7.349257 -46.771342 -50.137083 0.647781 -0.540053 0.537329 0.761425 0.436043 -0.479687 0.024758 0.719868 0.693670
-1.324925 -8.867202 -44.901830 153.726426 0.708176 -0.523098 0.474190 -0.697027 -0.411038 0.587538 0.112430 0.746603 0.655700
-0.745398 -10.833240 -34.069318 250.822767 0.712850 -0.515007 0.476039 -0.693296 -0.415126 0.589076 0.105763 0.749959 0.652975
-2.862747 -7.144175 0.889690 18.434287 -0.337830 0.917314 0.210727 0.917299 0.371033 -0.144559 0.210793 -0.144463 0.966797
-3.231612 -7.514238 21.562999 21.049477 -0.423742 0.867637 0.260092 0.884661 0.458081 -0.086817 0.194469 -0.193305 0.961673
-2.567532 -6.959414 12.341744 28.153337 -0.317314 0.922097 0.221470 0.890147 0.370149 -0.265757 0.327031 -0.112812 0.938256
-2.309065 -6.676387 -17.739049 27.266172 -0.230268 0.957992 0.170959 0.909929 0.274243 -0.311159 0.344972 -0.083910 0.934855
-2.732180 -6.870263 -12.114499 12.167591 -0.255597 0.954252 0.155154 0.940777 0.282471 -0.187481 0.222731 -0.098046 0.969937
-0.123486 -7.928777 -7.406410 18.107922 0.021136 0.985441 0.168699 -0.540761 0.153192 -0.827109 0.840911 0.073744 -0.536126
-0.283723 -7.890004 -18.031692 49.405852 0.013521 0.987386 0.157756 -0.587489 0.135511 -0.797805 0.809119 0.081893 -0.581910
-0.351978 -8.344915 -29.528217 8.179854 0.035020 0.990197 0.135219 -0.394469 0.138012 -0.908486 0.918242 0.021525 -0.395435
-0.051974 -6.915996 -4.118279 61.190973 -0.002024 0.986090 0.166202 -0.702636 0.116859 -0.701888 0.711547 0.118200 -0.692625
-0.223089 -8.121497 -13.547749 -15.894968 0.033285 0.988136 0.149934 -0.333519 0.152400 -0.930344 0.942156 0.019040 -0.334634
-0.171731 -7.990964 17.694450 -10.418758 0.007518 0.984277 0.176470 -0.491258 0.157346 -0.856684 0.870982 0.080251 -0.484717
-0.087750 -7.322986 15.185608 39.469576 -0.003582 0.984181 0.177129 -0.673192 0.128608 -0.728198 0.739459 0.121850 -0.662082
3.858046 -164.876056 133.676056 9328.248484 -0.043932 -0.998290 0.038570 0.998960 -0.043423 0.013942 -0.012243 0.039142 0.999159
0.702291 -61.473566 39.539730 3139.606730 -0.083102 -0.994614 0.061936 0.995335 -0.079783 0.054250 -0.049017 0.066156 0.996605
0.682903 -63.277509 -33.091051 1574.365108 0.090633 0.990447 -0.103927 0.891978 -0.034322 0.450775 -0.442902 0.133555 0.886567
2.133824 -67.550608 -94.397203 779.117686 0.079992 0.995052 -0.058935 0.849483 -0.037117 0.526310 -0.521518 0.092165 0.848248
3.478961 -66.253814 -99.570654 1188.709120 0.100812 0.994106 -0.039872 0.882193 -0.070791 0.465537 -0.459970 0.082107 0.884130
2.942222 -100.881186 -121.776575 4509.127813 0.034528 0.997225 -0.065956 0.968745 -0.049616 -0.243045 0.245643 0.055503 0.967770
-0.787697 -53.893585 -88.677886 2196.741118 0.560930 -0.283730 -0.777724 -0.317825 0.793642 -0.518768 0.764424 0.538173 0.355001
-2.060189 -70.486117 -23.949078 3092.643527 0.501795 -0.290742 -0.814660 -0.423784 0.738406 -0.524561 0.754062 0.608462 0.247317
-0.640228 -41.763820 -13.571358 1548.023781 0.484757 -0.350653 -0.801282 -0.419091 0.710985 -0.564679 0.767706 0.609543 0.197700
-3.699502 -91.058377 -12.857833 4075.291957 0.506940 -0.154953 -0.847939 -0.316675 0.881440 -0.350399 0.801704 0.446153 0.397767
1.115442 -19.278548 -33.263375 239.027225 0.527430 -0.485784 -0.697016 -0.192399 0.730799 -0.654916 0.827526 0.479528 0.291981
-1.038210 -85.733182 -72.488396 3386.223257 0.600066 -0.150985 -0.785573 -0.071507 0.967971 -0.240662 0.796748 0.200587 0.570050
-4.443055 -630.282437 -269.614089 28074.514265 0.540921 -0.176688 -0.822305 -0.284427 0.881657 -0.376540 0.791521 0.437565 0.426652
-8.319593 -13.797159 2.656488 295.340475 0.465670 0.860904 0.204930 -0.856728 0.496584 -0.139361 0.221742 0.110673 -0.968805
-5.277311 -12.312496 -185.207851 69.724301 0.389146 0.921100 -0.011874 -0.899057 0.376962 -0.222702 0.200655 -0.097340 -0.974814
-5.548983 -13.119639 -138.837964 518.980312 0.564994 0.824863 -0.019555 -0.822483 0.564932 0.066127 -0.065593 0.021278 -0.997620
-5.005673 -8.956718 44.192048 -15.449641 0.825746 -0.209378 -0.523741 0.555914 0.459177 0.692904 -0.095411 0.863317 -0.495560
-6.248402 -9.131809 62.017245 -41.216500 0.792343 -0.114355 -0.599262 0.579666 0.447371 0.681063 -0.190210 0.887007 -0.420759
-5.273534 -9.646855 37.321349 -40.161343 0.820443 -0.202714 -0.534584 0.571521 0.315985 0.757309 -0.015403 0.926855 -0.375103
-4.675761 -9.122537 12.111716 -33.556765 0.838009 -0.287390 -0.463840 0.545395 0.467450 0.695726 -0.016878 0.836001 -0.548468
-5.047305 -9.869765 -5.657215 -57.939462 0.799786 -0.311796 -0.512958 0.596855 0.321812 0.734984 0.064089 0.893991 -0.443477
-5.274154 -10.133343 17.497848 -30.078007 0.800048 -0.217704 -0.559042 0.593028 0.145974 0.791839 0.090781 0.965037 -0.245891
-6.243537 -9.988874 58.841598 -11.934600 0.806857 -0.103690 -0.581576 0.590664 0.125150 0.797153 0.009872 0.986705 -0.162224
3.110596 -12.742156 3.859906 157.112843 0.228849 0.919010 -0.321013 -0.450689 0.392319 0.801851 -0.862848 0.038826 -0.503969
3.870540 -10.423866 50.014015 106.290015 0.177807 0.925639 -0.334032 -0.500329 0.377329 0.779291 -0.847382 -0.028562 -0.530215
2.856524 -11.562837 -9.211738 -39.654538 0.227543 0.905987 -0.356949 -0.643804 0.414985 0.642887 -0.730575 -0.083521 -0.677705
-1.740491 -4.395649 16.536015 -40.607749 0.020111 0.999784 0.005237 -0.763867 0.011985 0.645263 -0.645061 0.016978 -0.763943
-1.060256 -4.977567 -59.050258 -30.989282 0.023262 0.998276 -0.053881 -0.699913 0.054746 0.712126 -0.713849 -0.021147 -0.699981
0.334515 -4.852561 -153.517728 -36.765873 0.006154 0.994776 -0.101896 -0.706217 0.076466 0.703854 -0.707969 -0.067630 -0.702998
-0.169611 -7.554745 -160.373407 9.122752 -0.028747 0.999409 -0.018823 0.363274 0.027989 0.931262 -0.931239 -0.019933 0.363864
1.809635 -7.416338 -140.790865 -5.086884 -0.024885 0.998711 -0.044236 0.438930 0.050671 0.897091 -0.898177 -0.002907 0.439625
-1.968649 -7.504370 -123.946464 -0.846466 0.011573 0.999918 -0.005539 0.242972 0.002561 0.970030 -0.969964 0.012572 0.242922
-0.220340 -7.475266 -157.599975 -4.397695 -0.028653 0.999344 -0.022143 0.224883 0.028029 0.973983 -0.973964 -0.022928 0.225538
2.009102 -7.453108 -113.061825 4.139753 -0.005037 0.999023 -0.043906 0.325926 0.043150 0.944410 -0.945382 0.009553 0.325825
-3.008054 -24.196977 71.916071 99.359557 0.282268 0.940692 -0.188211 0.957746 -0.265034 0.111714 0.055206 -0.211791 -0.975754
-3.432992 -24.955045 4.555563 100.765978 0.308841 0.904247 -0.294880 0.949608 -0.275717 0.149082 0.053504 -0.326063 -0.943833
-2.517951 -22.888184 38.132108 240.127193 0.279553 0.933108 -0.226186 -0.923309 0.325880 0.203229 -0.263345 -0.152027 -0.952648
-3.065382 -23.494383 94.583684 -294.406755 0.280978 0.947989 -0.149562 -0.891674 0.200236 -0.405984 0.354921 -0.247433 -0.901559
-2.322764 -23.254499 95.173300 89.789319 0.261325 0.960970 -0.090812 0.963855 -0.254731 0.078082 0.051902 -0.107934 -0.992802
23.724243 -7.006632 815.445301 -22.289618 0.376411 0.914225 0.150024 0.505587 -0.067010 -0.860170 0.776336 -0.399627 0.487443
29.746623 -8.392002 1364.918417 187.874313 0.307969 0.941938 0.133818 0.383389 0.005858 -0.923568 0.870728 -0.335735 0.359325
3.435022 -8.483649 88.312363 39.383592 0.379291 0.897983 -0.223081 -0.527446 0.011745 -0.849507 0.760223 -0.439874 -0.478093
2.887031 -9.160429 8.442189 5.417050 0.389168 0.870823 -0.300360 -0.452433 -0.103332 -0.885792 0.802404 -0.480615 -0.353775
2.005981 -9.719861 -126.069234 23.819290 0.411623 0.841540 -0.349823 -0.496686 -0.114685 -0.860320 0.764113 -0.527880 -0.370774
1.663804 -6.187226 0.264935 -10.110171 0.111984 0.989514 -0.091218 -0.515739 0.136339 0.845828 -0.849396 0.047675 -0.525599
1.452137 -5.770482 -11.431342 -23.125670 0.113527 0.989177 -0.092951 -0.615669 0.143469 0.774834 -0.779784 0.030737 -0.625294
1.196674 -5.691057 26.743264 -25.974470 0.140732 0.986688 -0.081491 -0.629667 0.152719 0.761706 -0.764012 0.055884 -0.642778
0.933213 -2.751079 -32.037164 -56.925505 0.093547 0.989680 -0.108550 -0.840546 0.136940 0.524147 -0.533603 -0.042209 -0.844681
1.088677 -3.361871 -3.988282 -60.448906 0.121549 0.988071 -0.094555 -0.811352 0.153780 0.563968 -0.571781 -0.008168 -0.820365
1.294387 -4.400445 -20.654804 -50.830888 0.121755 0.987793 -0.097162 -0.764236 0.155759 0.625845 -0.633340 0.001945 -0.773872
1.000777 -3.606941 -28.835392 -57.223081 0.109988 0.987138 -0.116023 -0.803336 0.157027 0.574451 -0.585281 -0.030022 -0.810274
1.088752 -4.165405 27.127175 -53.219121 0.134760 0.988577 -0.067499 -0.775406 0.147622 0.613965 -0.616916 0.030399 -0.786442
1.556543 -26.720080 15.611831 746.319322 0.234231 0.894993 0.379635 -0.505830 0.445673 -0.738588 0.830224 0.019031 -0.557105
0.112120 -33.355241 -82.900754 730.502299 0.259253 0.895080 0.362794 -0.175445 0.413033 -0.893657 0.949740 -0.168033 -0.264118
0.157113 -30.987952 34.421694 636.391335 0.209798 0.881657 0.422688 -0.103685 0.449934 -0.887023 0.972232 -0.142269 -0.185810
-1.481404 -34.515638 -96.122565 276.169945 0.252205 0.879165 0.404304 0.230093 0.351343 -0.907532 0.939920 -0.321911 0.113679
0.946779 -28.514956 -5.554391 692.861387 0.248088 0.850029 0.464653 -0.281079 0.522176 -0.805187 0.927064 -0.069153 -0.368471
-0.987367 -32.924856 10.312447 63.685137 0.169370 0.884626 0.434453 0.335203 0.362835 -0.869477 0.926797 -0.292894 0.235076
0.030587 -28.849504 13.588890 422.902834 0.231139 0.864452 0.446428 0.019867 0.454564 -0.890493 0.972718 -0.214697 -0.087894
-1.760096 -25.836833 14.899594 -345.296659 -0.168907 -0.808970 -0.563061 0.899267 -0.360336 0.247946 -0.403472 -0.464462 0.788343
-4.938899 -12.473352 10.907269 104.575857 0.373680 0.917417 -0.136783 0.056512 0.124674 0.990587 -0.925834 0.377893 0.005257
-5.227193 -13.964563 -9.974144 92.605538 0.460147 0.881801 -0.103407 -0.051821 0.142946 0.988373 -0.886329 0.449438 -0.111472
0.042434 -49.844915 -65.019989 -776.356922 0.089323 0.781314 0.617713 0.419441 -0.592024 0.688169 -0.903377 -0.197625 0.380597
-0.810557 -45.385769 -52.988767 19.081887 0.093039 0.807575 0.582380 0.550794 -0.529013 0.645578 -0.829439 -0.260708 0.494026
-0.032778 -32.665686 2.920413 45.894040 0.065762 0.834682 0.546793 0.372298 -0.528933 0.762643 -0.925781 -0.153417 0.345534
14.493749 -10.457964 922.398602 407.257186 0.245383 -0.280059 -0.928092 0.524542 0.843468 -0.115836 0.815257 -0.458399 0.353875
20.911820 -44.088154 -335.274159 5015.251401 -0.047250 -0.791898 -0.608823 0.955631 0.141576 -0.258314 0.290753 -0.594015 0.750072
1.276226 -134.301522 -58.640898 -6093.514340 0.232125 0.966706 0.107688 0.008528 0.108685 -0.994040 0.972649 -0.231660 -0.016984
0.329259 -4.396945 72.847226 16.995891 0.831051 -0.196089 0.520483 0.187950 0.979751 0.069016 -0.523477 0.040469 0.851078
-1.878764 -11.984522 -11.658194 -38.900315 0.147466 0.989067 -0.000875 0.986292 -0.147118 -0.074724 0.074036 -0.010157 0.997204
-1.805450 -11.825271 -13.301261 -6.478150 0.135475 0.990778 -0.002502 0.986796 -0.134704 0.089934 -0.088767 0.014653 0.995945
-1.318392 -11.892007 -22.275983 -12.935396 0.161171 0.985513 0.052811 0.983451 -0.164860 0.075138 -0.082756 -0.039827 0.995774
1.531925 -2.532771 4.809795 2.374588 0.314957 0.936191 -0.156043 -0.914695 0.343277 0.213294 -0.253250 -0.075553 -0.964446
1.598396 -3.277586 10.196291 21.712698 0.195726 0.968117 -0.156335 -0.951966 0.225850 0.206767 -0.235482 -0.108356 -0.965819
1.456512 -2.741774 -0.083748 17.954608 0.187856 0.973084 -0.133483 -0.958320 0.211372 0.192211 -0.215252 -0.091811 -0.972233
-25.669631 -60.242795 630.968787 -1894.076634 0.385591 -0.217267 -0.896725 0.907547 0.264549 0.326147 0.166367 -0.939579 0.299187
-21.733158 -36.118320 571.494483 51.402358 0.306510 -0.304937 -0.901701 0.744484 0.667074 0.027478 0.593123 -0.679725 0.431486
-5.371552 -9.171808 9.038494 44.961919 0.709139 -0.174485 -0.683138 0.599175 -0.361558 0.714329 0.371634 0.915877 0.151848
-5.311012 -8.729881 14.876339 10.165499 0.663755 -0.128021 -0.736912 0.602891 -0.491526 0.628430 0.442664 0.861401 0.249071
-6.116644 -9.369191 42.566734 53.528079 0.762970 -0.082972 -0.641087 0.614116 -0.216619 0.758906 0.201840 0.972724 0.114319
-5.186836 -9.015853 -15.323861 24.247363 0.630439 -0.226585 -0.742432 0.571846 -0.511212 0.641603 0.524918 0.829048 0.192716
-5.338590 -9.611786 -19.710344 52.706015 0.675096 -0.280318 -0.682398 0.578980 -0.371932 0.725568 0.457195 0.884923 0.088791
-5.347972 -9.671797 6.761145 52.685177 0.754205 -0.206665 -0.623269 0.588770 -0.207418 0.781235 0.290731 0.956173 0.034757
-0.979152 -2.810667 -10.268291 30.059757 -0.052638 0.884974 0.462655 -0.887772 0.170674 -0.427472 0.457265 0.433233 -0.776671
-0.905575 -3.233674 11.555921 41.454118 0.070171 0.849789 0.522432 -0.884265 0.295382 -0.361698 0.461684 0.436587 -0.772165
-0.644300 -2.416272 18.589727 -17.202814 -0.228276 0.894553 0.384272 0.884638 0.025753 0.465567 0.406578 0.446219 -0.797234
-1.036915 -4.224384 -12.045383 70.761454 0.197473 0.794395 0.574405 -0.835689 0.442727 -0.324988 0.512474 0.415848 -0.751293
-0.437160 -2.140726 17.438863 -31.648104 -0.365805 0.879082 0.305617 0.836358 0.166446 0.522304 0.408279 0.446666 -0.796114
-0.708238 -2.485198 1.223166 -39.740813 -0.265406 0.893569 0.362068 0.859395 0.049030 0.508956 0.437036 0.446240 -0.780942
-1.070169 -2.888847 -11.316893 18.124288 -0.087484 0.884041 0.459149 -0.871096 0.155710 -0.465775 0.483259 0.440711 -0.756462
-1.088769 -3.853124 -16.545071 63.359218 0.218398 0.773638 0.594800 -0.822067 0.474289 -0.315048 0.525840 0.420160 -0.739566
-2.397473 -5.151441 7.659321 14.921436 -0.112731 -0.938628 0.325989 0.980967 -0.052931 0.186823 -0.158103 0.340845 0.926730
-1.597874 -8.749076 -4.326607 31.909586 -0.197034 0.976981 0.081769 -0.363275 0.004713 -0.931670 0.910609 0.213275 -0.353984
-1.538627 -9.255258 -0.679055 33.387327 -0.160655 0.982920 0.089770 -0.358141 0.026700 -0.933286 0.919742 0.182088 -0.347734
-1.329082 -8.108392 -7.839967 89.412195 -0.210775 0.977270 0.022748 -0.512072 -0.090560 -0.854155 0.832680 0.191683 -0.519521
-1.624996 -9.195612 -1.189559 -30.097777 -0.159420 0.977375 0.139010 -0.182838 0.109144 -0.977066 0.970132 0.181180 -0.161302
-1.243822 -7.612416 8.477308 71.504511 -0.262487 0.964906 -0.007567 -0.485469 -0.138833 -0.863160 0.833919 0.222895 -0.504873
-1.449597 -8.150141 21.793335 25.818166 -0.245107 0.967145 0.067479 -0.357497 -0.025465 -0.933567 0.901176 0.252948 -0.351993
-1.691016 -8.721073 -4.756561 -16.776705 -0.192623 0.970426 0.145498 -0.209840 0.104108 -0.972177 0.958574 0.217795 -0.183581
-0.075093 -9.107782 -5.656689 -38.488568 -0.170390 0.984385 -0.044205 0.174581 0.074310 0.981835 -0.969788 -0.159577 0.184517
0.073323 -9.528924 -7.232814 -42.161888 -0.174344 0.984033 -0.035818 0.203693 0.071630 0.976411 -0.963386 -0.162936 0.212929
-0.017114 -9.666985 2.513432 -32.156751 -0.156247 0.987412 -0.024571 0.354429 0.079270 0.931717 -0.921936 -0.136870 0.362353
0.160728 -8.941483 -12.287400 -40.988167 -0.181343 0.981584 -0.060062 0.035561 0.067580 0.997080 -0.982777 -0.178677 0.047161
0.055645 -9.267784 4.826405 -26.696084 -0.144255 0.989523 -0.005904 0.331501 0.053947 0.941911 -0.932361 -0.133918 0.335810
-0.131776 -8.561514 -11.367123 -39.534486 -0.178359 0.981466 -0.070094 0.003226 0.071819 0.997412 -0.983960 -0.177671 0.015976
-0.236895 -8.722573 -4.664087 -33.797884 -0.160383 0.986663 -0.027811 0.147891 0.051878 0.987642 -0.975913 -0.154288 0.154239
4.137569 -8.024816 64.550106 -84.305580 -0.100196 0.909495 -0.403460 0.707486 0.350244 0.613834 -0.699589 0.223939 0.678548
3.485941 -9.329991 62.391264 -268.347477 -0.029203 0.929494 -0.367679 0.770095 0.255428 0.584559 -0.637260 0.266077 0.723258
3.893781 -7.814940 16.841942 -227.739529 -0.140312 0.938899 -0.314293 0.779797 0.300396 0.549253 -0.610106 0.168018 0.774300
3.399984 -10.543577 13.551227 -323.595090 -0.059872 0.961091 -0.269665 0.846044 0.192225 0.497251 -0.529740 0.198377 0.824634
2.780552 -12.252819 45.939110 -245.714097 0.037567 0.946592 -0.320238 0.851050 0.137652 0.506720 -0.523739 0.291575 0.800426
0.484253 -5.615170 -14.265668 -85.410227 0.073175 0.979553 0.187406 0.934074 -0.133165 0.331321 -0.349502 -0.150807 0.924719
0.733311 -5.364698 -18.554120 -80.144347 0.097571 0.977330 0.187898 0.936303 -0.154143 0.315558 -0.337367 -0.145140 0.930117
0.385887 -6.729030 -9.679831 -18.621081 0.037514 0.984493 0.171363 0.970825 -0.076547 0.227241 -0.236835 -0.157839 0.958643
1.034332 -2.671154 -29.990229 -202.465138 0.220379 0.944344 0.244228 0.873422 -0.302517 0.381599 -0.434244 -0.129218 0.891479
0.204765 -6.814850 -8.290666 -13.835429 0.033524 0.984259 0.173525 0.970707 -0.073397 0.228781 -0.237916 -0.160772 0.957888
0.287630 -5.566799 -10.077961 -92.629732 0.039040 0.982820 0.180391 0.934362 -0.099894 0.342035 -0.354179 -0.155198 0.922210
0.754444 -2.518086 -21.433253 -227.873634 0.148522 0.962664 0.226315 0.881008 -0.232756 0.411886 -0.449184 -0.138211 0.882684
1072.131834 -0.914380 -3974.210160 441.862040 0.927714 -0.231124 0.293134 0.264820 -0.145958 -0.953188 -0.263090 -0.961914 0.074201
1.240554 -5.234660 -181.383874 40.520456 0.080412 0.991660 -0.100719 -0.349757 -0.066550 -0.934474 0.933383 -0.110370 -0.341489
-0.587020 -35.346490 60.659994 1406.047895 0.089283 0.988099 -0.125254 -0.646390 0.153158 0.747477 -0.757766 -0.014226 -0.652372
10.479116 -36.609997 692.050119 706.101803 -0.022174 0.997612 -0.065417 -0.844459 0.016336 0.535372 -0.535162 -0.067113 -0.842079
-0.590026 -32.052860 22.735998 258.111801 0.063045 0.992629 -0.103502 -0.906111 0.100400 0.410953 -0.418315 -0.067876 -0.905762
-1.230289 -30.582765 45.879619 1204.036097 0.080213 0.992730 -0.089733 -0.664536 0.120358 0.737500 -0.742939 -0.000474 -0.669359
1.956028 -37.217915 103.230651 706.782814 -0.320349 0.911285 0.258720 -0.544377 0.046419 -0.837556 0.775261 0.409151 -0.481212
0.296264 -34.226309 45.971560 392.855624 -0.268641 0.916879 0.295238 -0.574904 0.093307 -0.812883 0.772863 0.388108 -0.502051
1.619899 -38.201798 135.208139 1091.836182 -0.307057 0.897416 0.316796 -0.781551 -0.047840 -0.622005 0.543042 0.438584 -0.716066
0.026032 -31.929465 79.926764 -377.595395 -0.306874 0.908763 0.282804 -0.209817 0.225235 -0.951444 0.928335 0.351310 -0.121555
3.237851 -50.631765 187.304548 2175.574867 -0.317434 0.904123 0.286003 -0.832536 -0.121315 -0.540524 0.454004 0.409688 -0.791224
3.810827 -37.324209 59.088667 1233.976198 -0.286059 0.944778 0.159891 -0.792432 -0.139438 -0.593809 0.538722 0.296567 -0.788559
0.265408 -34.014217 36.429745 -507.159370 -0.271184 0.932360 0.239090 -0.061723 0.231042 -0.970984 0.960547 0.278072 0.005107
1.201788 -32.364134 61.822997 187.542062 -0.298297 0.928617 0.220656 -0.335138 0.114559 -0.935179 0.893701 0.352911 -0.277042
2.851528 -34.550904 94.654991 545.243114 -0.320025 0.932010 0.170121 -0.497362 -0.012442 -0.867454 0.806359 0.362218 -0.467528
3.163635 -1.790583 -140.301040 -12.676865 0.899626 -0.101816 0.424626 0.220889 0.944951 -0.241403 -0.376672 0.310968 0.872592
4.846612 -1.629635 -156.303352 -19.877655 0.926114 -0.054615 0.373269 0.156872 0.955613 -0.249391 -0.343080 0.289520 0.893574
3.443601 -1.609811 -156.111441 -15.103783 0.898463 -0.088612 0.430015 0.199235 0.955059 -0.219471 -0.391242 0.282860 0.875740
4.855954 -1.888885 -143.634576 -15.856481 0.934310 -0.041509 0.354036 0.146833 0.949837 -0.276134 -0.324815 0.309979 0.893537
1.355317 -1.811536 -99.725472 -17.117772 0.859335 -0.202397 0.469659 0.313484 0.934060 -0.171054 -0.404069 0.294223 0.866119
4.159447 -1.919090 -130.013782 7.171162 0.930507 -0.049702 0.362885 -0.163665 -0.942761 0.290544 -0.327673 0.329745 0.885380
0.761981 -2.030352 -81.192000 -21.165976 0.835435 -0.271018 0.478119 0.384797 0.909590 -0.156775 -0.392403 0.314954 0.864190
1.103853 -2.102914 -91.703035 -9.256179 0.851919 -0.231920 0.469518 0.358203 0.912100 -0.199410 -0.382001 0.338064 0.860110
-5.570365 -125.839938 156.075661 -5500.182680 -0.249902 0.931148 0.265543 -0.089343 -0.295249 0.951234 -0.964140 -0.213991 -0.156975
0.153070 -26.650602 94.862297 -1305.928976 -0.200713 0.979647 0.002265 -0.265963 -0.056716 0.962313 -0.942856 -0.192547 -0.271934
-5.502713 -15.951562 344.560336 -859.471611 -0.224868 0.959050 0.172211 -0.218714 -0.221908 0.950222 -0.949525 -0.176009 -0.259658
1.744484 -198.581821 -67.369512 -8880.402935 -0.286385 0.919092 0.270655 -0.008789 -0.284995 0.958489 -0.958074 -0.272118 -0.089696
16.226716 -1134.632228 1365.800722 -56418.420838 -0.244882 0.969548 0.003024 -0.204067 -0.054591 0.977434 -0.947834 -0.238739 -0.211221
-0.845097 -12.343371 -55.638933 343.900379 0.749672 -0.502537 0.430637 -0.635818 -0.366333 0.679364 0.183649 0.783107 0.594152
-3.046764 -7.310114 38.566579 31.751983 -0.397242 0.874927 0.276951 0.863308 0.458633 -0.210608 0.311285 -0.155431 0.937519
-0.590164 -8.596191 -15.258321 28.257105 -0.001505 0.990833 0.135084 -0.437237 0.120835 -0.891192 0.899345 0.060405 -0.433047
0.691316 -106.484677 -33.138698 4686.332727 0.437350 -0.269623 -0.857921 -0.547012 0.677457 -0.491763 0.713795 0.684365 0.148799
-9.896610 -12.205267 118.349456 72.830534 0.329126 0.890086 0.315313 -0.855757 0.422313 -0.298886 0.399195 0.171460 -0.900691
