17371
34711
-4.872464 -5.844158 35.107046 72.020124 0.409842 0.789031 0.457667 -0.062201 0.524749 -0.848981 0.910033 -0.319481 -0.264143
-5.276211 -6.622196 44.525907 53.246438 0.367968 0.795993 0.480619 0.050459 0.499029 -0.865115 0.928468 -0.342586 -0.143462
-5.846837 -9.430565 -6.657210 184.433590 -0.305570 -0.318811 -0.897211 0.299204 0.862400 -0.408343 0.903938 -0.393226 -0.168134
-3.872465 -5.814263 -0.476999 34.084028 0.292105 0.955387 0.043712 -0.136627 0.086923 -0.986802 0.946577 -0.282277 -0.155922
-4.592725 -8.663305 29.117049 167.074318 -0.455587 -0.353634 -0.816935 0.188946 0.858383 -0.476946 0.869908 -0.371647 -0.324251
-4.149386 -4.815157 20.880310 71.338498 -0.493887 -0.513236 -0.701900 0.026470 0.797973 -0.602111 0.869123 -0.315954 -0.380523
-3.292189 -4.767200 6.334928 29.264497 0.222087 0.951819 -0.211466 -0.356141 -0.122708 -0.926340 0.907657 -0.281040 -0.311730
4.077611 -4.950823 -43.762050 38.384640 0.478300 0.870004 0.119676 0.877419 -0.479150 -0.023456 0.036936 0.116225 -0.992536
4.474616 -5.026389 3.313715 27.811644 0.514486 0.820678 0.248579 0.852455 -0.520894 -0.044613 0.092871 0.234855 -0.967584
4.868065 -6.027533 -45.941274 60.323059 0.483886 0.860013 0.161962 0.873813 -0.464658 -0.143330 -0.048009 0.210880 -0.976332
4.988270 -6.602610 18.381684 70.701426 0.506089 0.799091 0.324543 0.862294 -0.476633 -0.171084 0.017976 0.366435 -0.930270
4.704798 -7.630100 -31.933034 51.820595 0.478355 0.850447 0.218900 0.854126 -0.392647 -0.341024 -0.204073 0.350098 -0.914213
-0.654077 -4.655799 -102.793936 -5.100968 0.845050 0.525159 0.100495 0.148658 -0.050220 -0.987613 0.513607 -0.849521 0.120507
-1.005026 -4.824799 -107.159533 4.694451 0.843644 0.528165 0.096475 0.087921 0.041359 -0.995268 0.529656 -0.848134 0.011545
-2.431148 -4.907162 -95.730217 -3.819691 0.839898 0.536283 -0.083502 -0.002894 -0.149424 -0.988769 0.542737 -0.830707 0.123949
1.439398 -4.468084 -75.880306 3.532859 0.810642 0.543114 0.218829 0.170276 0.138915 -0.975556 0.560237 -0.828088 -0.020131
-2.202297 -4.577844 -99.766297 -10.448034 0.852284 0.521961 -0.034193 0.101662 -0.229411 -0.968006 0.513105 -0.821540 0.248588
1.440193 -4.463861 -66.370104 -2.937736 0.810201 0.557849 0.179940 0.217937 -0.001719 -0.975961 0.544130 -0.829941 0.122969
-0.297426 -4.459619 -87.863988 -8.935687 0.835300 0.540550 0.100398 0.225426 -0.170175 -0.959283 0.501455 -0.823922 0.264001
8.964937 -5.145642 349.778316 -34.149002 0.942868 0.314923 0.108734 -0.325392 0.940537 0.097526 0.071555 0.127335 -0.989275
25.513398 -3.361325 -1229.498143 -75.718349 -0.983029 -0.055883 -0.174732 -0.057182 0.998361 0.002406 0.174311 0.012357 -0.984613
6.047564 -5.167513 353.101878 4.146314 0.881553 0.423876 0.207828 -0.451261 0.885925 0.107240 0.138664 0.188322 -0.972269
3.328107 -6.299004 160.641442 77.509174 0.857020 0.487760 0.166154 -0.513025 0.837842 0.186615 0.048188 0.245174 -0.968281
2.159296 -4.845796 -6.473537 3.480923 0.165268 0.938455 0.303297 -0.825265 -0.036796 0.563545 -0.540022 0.343436 -0.768393
2.666264 -4.933839 -32.559498 -3.843190 0.110864 0.954599 0.276496 -0.734252 -0.108818 0.670098 -0.669763 0.277308 -0.688853
1.369551 -4.852986 -37.041255 5.649190 0.031566 0.960900 0.275090 -0.838209 -0.124468 0.530955 -0.544435 0.247343 -0.801506
3.506557 -4.981194 12.893665 -9.656370 0.240016 0.919019 0.312724 -0.712051 -0.052293 0.700178 -0.659830 0.390729 -0.641837
0.992466 -4.762144 -16.693672 4.912503 0.063867 0.952063 0.299159 -0.913078 -0.065233 0.402533 -0.402752 0.298864 -0.865142
2.556492 -4.777018 14.811735 0.096687 0.302579 0.893993 0.330487 -0.783791 0.036091 0.619975 -0.542326 0.446624 -0.711624
1.578676 -4.823587 4.461591 -9.648783 0.292052 0.902445 0.316699 0.865360 -0.108338 -0.489300 -0.407256 0.416960 -0.812581
1.238764 -4.809637 -1.579154 9.209332 0.187871 0.929984 0.315967 -0.907161 0.040976 0.418783 -0.376514 0.365310 -0.851344
1.122315 -4.583435 33.811597 21.523666 0.524141 0.748040 0.407078 0.413810 -0.641479 0.645962 -0.744337 0.170122 0.645771
3.079734 -4.986536 63.579362 10.484493 0.503908 0.782285 0.366207 0.284865 -0.550762 0.784547 -0.815431 0.291020 0.500379
0.217237 -5.110802 13.341752 10.891367 0.500321 0.759602 0.415553 0.348833 -0.616106 0.706207 -0.792461 0.208371 0.573225
-0.285490 -4.845902 7.742238 16.616399 0.534620 0.704510 0.466741 0.445618 -0.704283 0.552639 -0.718058 0.087464 0.690466
0.728446 -6.934454 5.560513 18.614673 -0.748062 -0.584304 -0.314630 -0.169957 0.626974 -0.760275 0.641497 -0.515259 -0.568322
0.686682 -7.758851 -6.884249 6.685851 0.750358 0.585264 0.307294 -0.029796 0.494343 -0.868756 0.660360 -0.642722 -0.388372
0.813506 -7.728091 -2.257730 28.636381 0.725495 0.615134 0.308654 -0.039862 0.485282 -0.873448 0.687072 -0.621379 -0.376591
0.750195 -8.353303 -3.836260 12.538354 0.736198 0.598576 0.315785 0.130041 0.332797 -0.933989 0.664155 -0.728666 -0.167165
0.770099 -8.920648 3.425403 39.202285 0.705321 0.625740 0.333126 0.140177 0.337536 -0.930817 0.694891 -0.703221 -0.150357
0.705908 -6.693354 -2.278076 37.340987 0.722816 0.616734 0.311731 -0.190281 0.611295 -0.768188 0.664326 -0.495942 -0.559206
0.223532 -10.317987 0.245452 23.428347 0.616224 0.752338 0.232930 -0.563081 0.214081 0.798191 -0.550644 0.623023 -0.555549
0.105512 -10.871004 0.463874 53.845893 0.641343 0.738983 0.206357 -0.616821 0.336646 0.711478 -0.456300 0.583587 -0.671726
0.186069 -11.481727 1.093463 30.979500 0.637888 0.737865 0.220575 -0.533037 0.216288 0.817980 -0.555851 0.639354 -0.531277
0.073340 -9.773004 -0.822713 -41.237571 0.616679 0.754542 0.224440 0.636416 -0.310049 -0.706289 -0.463338 0.578391 -0.671403
0.317991 -10.197905 0.716728 2.781605 0.598985 0.755798 0.264551 -0.488024 0.082625 0.868910 -0.634862 0.649571 -0.418339
0.199903 -9.291810 -2.108816 12.323659 0.587370 0.767808 0.255865 -0.576987 0.175581 0.797657 -0.567523 0.616151 -0.546147
42.001259 -6.569676 1431.761561 25.168019 0.079415 -0.171816 -0.981923 0.827813 -0.537410 0.160987 -0.555355 -0.825633 0.099553
30.768663 -6.965712 977.119348 14.106406 -0.099721 -0.298051 -0.949327 0.889396 -0.454475 0.049262 -0.446128 -0.839415 0.310407
23.319900 -6.064892 901.059219 24.354260 0.101698 -0.111929 -0.988499 0.913118 -0.383843 0.137406 -0.394808 -0.916589 0.063168
4.329938 -3.693433 190.766345 44.884439 -0.047172 0.840285 0.540089 0.475587 0.494367 -0.727612 0.878403 -0.222536 0.422949
3.261767 -3.776207 113.176870 -0.368952 0.070652 0.879773 0.470114 0.605422 0.336738 -0.721160 0.792763 -0.335569 0.508843
1.364984 -3.280000 92.580914 14.451986 -0.045578 0.822413 0.567063 0.533025 0.500114 -0.682474 0.844871 -0.271153 0.461161
5.721582 -5.266474 105.910570 57.936986 0.173709 0.813305 0.555302 0.532542 0.396740 -0.747661 0.828386 -0.425597 0.364202
6.328167 -4.600300 125.129222 102.636344 0.110522 0.790632 0.602235 0.399564 0.519475 -0.755311 0.910018 -0.324110 0.258494
5.522321 -3.115509 274.614980 34.307519 -0.115687 0.804416 0.582694 0.421735 0.570909 -0.704416 0.899309 -0.164251 0.405297
0.428912 -8.420779 -7.575543 29.765679 0.256971 0.858617 0.443558 -0.883657 0.394590 -0.251889 0.391300 0.327225 -0.860121
0.225566 -8.903608 -2.122906 35.206596 0.271158 0.853920 0.444177 -0.888858 0.399213 -0.224855 0.369330 0.333840 -0.867264
0.498466 -9.495116 -7.390090 67.413295 0.246456 0.862962 0.441086 -0.821023 0.427738 -0.378102 0.514957 0.268956 -0.813930
0.175581 -8.706656 0.098569 22.371089 0.282063 0.845024 0.454285 0.925955 -0.363705 0.101615 0.251093 0.391985 -0.885042
0.932557 -9.333504 -17.711737 96.084767 0.229421 0.866706 0.442930 -0.831400 0.411123 -0.373833 0.506102 0.282487 -0.814900
0.752522 -8.032149 -15.698523 36.873302 0.221697 0.871341 0.437739 -0.890599 0.363742 -0.272995 0.397095 0.329328 -0.856655
0.270147 -8.494792 -3.748073 41.787135 0.265974 0.850262 0.454216 0.920618 -0.363776 0.141880 0.285868 0.380423 -0.879521
0.537188 -8.159722 -9.844583 -3.866918 0.761173 0.567542 0.313865 0.128540 0.342331 -0.930745 0.635683 -0.748803 -0.187621
-0.479213 -13.982249 6.471434 -28.607524 -0.074752 0.926511 0.368767 -0.077795 -0.374093 0.924122 -0.994163 -0.040391 -0.100042
-0.527037 -14.543300 5.429845 16.595068 -0.079549 0.921112 0.381083 0.172743 -0.363772 0.915330 -0.981749 -0.138643 0.130178
-0.392814 -14.001318 5.270800 -23.242493 -0.068230 0.927792 0.366806 -0.022388 -0.368994 0.929162 -0.997418 -0.055185 -0.045948
1.084842 -7.101941 -21.913737 42.394182 0.091093 0.891193 0.444384 0.942300 -0.221488 0.251025 0.322137 0.395877 -0.859947
0.629147 -8.215860 -16.843924 137.522876 0.150847 0.882062 0.446331 0.962230 -0.234517 0.138260 0.226626 0.408617 -0.884122
0.687888 -8.101921 -10.623008 80.164634 0.179897 0.873605 0.452163 0.934537 -0.295262 0.198649 0.307047 0.386827 -0.869533
1.137346 -7.676433 -17.779111 32.955458 0.151474 0.881169 0.447880 -0.905878 0.305059 -0.293810 0.395526 0.361220 -0.844440
0.471296 -8.144553 -9.941347 47.724449 0.231174 0.863780 0.447707 0.924476 -0.338413 0.175560 0.303155 0.373310 -0.876776
0.210651 -9.345423 -3.960370 108.309176 0.240907 0.856649 0.456198 0.954352 -0.294600 0.049228 0.176567 0.423514 -0.888516
-0.628999 -2.447938 10.605427 3.631648 -0.721450 -0.522165 -0.454812 -0.168522 0.769448 -0.616076 0.671648 -0.367822 -0.643115
-0.761148 -2.507309 21.246902 -6.189869 -0.682534 -0.656043 -0.322111 -0.343776 0.677116 -0.650640 0.644954 -0.333350 -0.687686
-0.778305 -2.294472 -1.641580 -3.257026 -0.723530 -0.458224 -0.516271 -0.126129 0.823067 -0.553762 0.678672 -0.335546 -0.653309
0.206672 -11.746277 -7.694446 75.534905 0.267467 0.853083 0.448007 0.938246 -0.124689 -0.322717 -0.219443 0.506657 -0.833753
0.332732 -13.095155 -9.464252 46.596693 0.283943 0.849566 0.444538 0.878290 -0.044445 -0.476057 -0.384685 0.525607 -0.758785
-0.006625 -12.358945 -2.487365 42.562847 0.265274 0.852987 0.449491 0.930829 -0.105027 -0.350038 -0.251369 0.511255 -0.821846
1.100483 -2.781065 -262.048453 126.227936 -0.127089 0.309399 0.942402 -0.275177 0.901813 -0.333183 -0.952956 -0.301671 -0.029471
3.328882 -2.934055 -169.871581 192.435380 -0.111878 0.444140 0.888945 -0.267226 0.848163 -0.457395 -0.957117 -0.288722 0.023795
-0.559066 -5.167632 -297.062760 130.521441 -0.162116 0.454183 0.876035 -0.320523 0.815402 -0.482062 -0.933265 -0.358939 0.013387
5.257611 -0.224689 -244.265014 110.169968 -0.023052 0.173156 0.984625 -0.255523 0.951153 -0.173252 -0.966528 -0.255588 0.022319
-4.080338 -4.604819 -335.257508 -184.296498 -0.276029 0.701905 0.656611 0.220268 -0.618775 0.754056 -0.935570 -0.352771 -0.016193
4.445975 -0.657989 -329.957618 -26.500696 0.001206 -0.063069 0.998008 -0.281076 0.957753 0.060864 -0.959685 -0.280590 -0.016572
0.259250 -3.149684 -317.144405 -225.741080 0.076533 -0.412659 0.907665 -0.297012 0.859571 0.415838 -0.951802 -0.301412 -0.056779
-2.210751 -143.056666 -229.906472 -2.074072 0.125537 0.991885 -0.020097 0.359122 -0.064317 -0.931072 0.924809 -0.109667 0.364282
5.124834 -1221.378676 -401.275361 120442.555703 0.090741 0.952039 0.292213 0.125343 0.280172 -0.951732 0.987955 -0.122988 0.093909
-4.269200 -220.929256 -213.316762 7836.748257 0.107433 0.987384 0.116327 -0.345146 0.146767 -0.927003 0.932380 -0.059440 -0.356559
213.192038 -2604.218514 -22539.545569 15412.187883 0.042952 0.980637 -0.191064 -0.220664 -0.177206 -0.959117 0.974404 -0.083356 -0.208780
0.892901 -187.127869 -496.806100 5166.621457 0.041506 0.939381 0.340355 0.716760 0.209330 -0.665159 0.696084 -0.271561 0.664622
-40.198093 -346.286652 1220.026829 -15634.680301 0.418636 0.906447 0.055660 0.119928 0.005572 -0.992767 0.900200 -0.422283 0.106376
-70.327931 -649.032300 -2768.308780 41381.583861 -0.181568 -0.908881 -0.375457 0.975040 -0.116777 -0.188837 0.127785 -0.400373 0.907399
71.137113 -1963.427091 5122.884391 143606.700748 -0.275330 -0.937879 -0.211129 0.948724 -0.229604 -0.217268 0.155296 -0.260124 0.953005
0.314425 -4.415043 -2.650028 15.733751 0.555428 0.769984 0.314045 0.648866 -0.165114 -0.742772 -0.520069 0.616329 -0.591325
0.261787 -4.495502 0.886367 2.569000 0.560496 0.768011 0.309844 0.577958 -0.094793 -0.810542 -0.593134 0.633383 -0.497009
0.222284 -4.365348 -2.363396 16.455553 0.560584 0.772030 0.299524 0.639925 -0.174301 -0.748408 -0.525586 0.611219 -0.591752
0.313379 -4.010727 -5.407655 19.038445 0.573746 0.767035 0.287183 0.683151 -0.254757 -0.684400 -0.451796 0.588861 -0.670166
0.165156 -3.839148 -5.249079 21.192506 0.583087 0.766485 0.269279 0.672140 -0.268962 -0.689846 -0.456331 0.583233 -0.672013
-1.259914 -5.081545 -30.904257 -14.155680 -0.140900 0.903451 0.404875 -0.890604 -0.294282 0.346731 -0.432402 0.311729 -0.846081
-0.890867 -4.775895 -15.882516 16.016728 -0.122925 0.909460 0.397204 0.939079 0.236041 -0.249831 -0.320968 0.342296 -0.883070
-0.378704 -5.135686 -27.283616 -5.424039 -0.106621 0.918744 0.380187 -0.873118 -0.269449 0.406278 -0.475707 0.288630 -0.830901
-1.372158 -4.602695 -27.042729 16.401508 -0.102897 0.907392 0.407495 0.949222 0.212022 -0.232431 -0.297303 0.362887 -0.883133
-0.787119 -5.209421 -49.817813 -2.018743 -0.130689 0.917642 0.375304 -0.797352 -0.322254 0.510276 -0.589194 0.232562 -0.773799
-1.703880 -5.245186 -47.448274 -10.937583 -0.154764 0.897051 0.413942 -0.824554 -0.348080 0.446039 -0.544205 0.272286 -0.793537
-1.808957 -4.937315 -30.412668 -19.416515 -0.100231 0.901390 0.421249 -0.913988 -0.250716 0.319010 -0.393166 0.353042 -0.848989
-4.872765 -6.547902 -12.515757 -15.141908 0.096550 0.991350 0.088896 0.678442 -0.000197 -0.734654 0.728282 -0.131241 0.672593
-4.525799 -6.789699 -18.110969 -21.676799 0.145620 0.969451 0.197382 0.586978 0.075941 -0.806033 0.796399 -0.233233 0.557988
-4.917402 -7.108947 -9.731098 -19.977102 0.034202 0.991266 0.127368 0.563142 0.086170 -0.821855 0.825652 -0.099835 0.555276
34.408302 -1741.320357 -299.343688 -193004.709653 0.736170 -0.646143 0.201375 0.600598 0.486539 -0.634478 -0.311987 -0.588029 -0.746248
17.359084 -299.020649 2306.178960 -9385.609169 -0.621572 0.748389 -0.231436 0.780751 0.615928 -0.105169 0.063841 -0.246064 -0.967149
-13.029867 -850.483678 2537.335513 -83487.014348 -0.568444 0.804255 -0.173339 0.822721 0.556007 -0.118260 0.001267 -0.209834 -0.977736
0.731192 -19.998142 -9.364774 -187.268234 -0.599796 0.751720 -0.274158 0.307380 0.532807 0.788438 -0.738758 -0.388631 0.550639
0.607510 -23.531775 -0.093777 -56.717018 -0.563827 0.776025 -0.282638 0.407270 0.558968 0.722278 -0.718491 -0.292130 0.631214
0.470266 -20.027882 -25.604224 -28.854124 -0.569814 0.792154 -0.218643 0.570873 0.572955 0.588070 -0.591114 -0.210273 0.778697
0.689722 -20.931577 12.915456 -291.785962 -0.560598 0.765905 -0.314833 0.144969 0.465092 0.873312 -0.815300 -0.443936 0.371762
0.082143 -16.113188 -21.247751 40.523975 -0.624646 0.737399 -0.257020 0.447947 0.607945 0.655551 -0.639657 -0.294356 0.710066
0.704936 -16.535736 -3.203059 -97.482405 -0.650600 0.688671 -0.320082 0.201009 0.562611 0.801913 -0.732336 -0.457385 0.504464
1.239696 -17.842883 12.236819 -299.697246 -0.601829 0.729839 -0.324249 0.054957 0.442894 0.894888 -0.796732 -0.520750 0.306656
3.912430 1.444330 6.604807 -17.328806 0.607786 0.005046 -0.794084 -0.574641 -0.687371 -0.444195 0.548072 -0.726289 0.414875
3.319794 1.257237 -289.428525 32.458736 0.732767 -0.078962 -0.675883 -0.553856 -0.646260 -0.524968 0.395344 -0.759021 0.517292
4.077485 1.616068 -15.021957 62.538197 0.618450 0.001144 -0.785823 -0.616072 -0.620076 -0.485757 0.487826 -0.784541 0.382781
3.173428 1.308615 269.465773 -51.101654 0.478166 0.088857 -0.873763 0.653496 0.628676 0.421557 0.586772 -0.772574 0.242544
3.333161 1.090113 300.852887 15.568708 0.601131 0.271341 -0.751675 -0.464418 -0.646843 -0.604904 0.650351 -0.712719 0.262822
-3.423937 -5.194612 11.355999 -6.376234 0.611329 -0.696978 0.374831 0.784111 0.597496 -0.167832 -0.106985 0.396510 0.911775
-3.402658 -5.068477 8.687759 1.725194 0.612932 -0.695542 0.374880 0.761721 0.646242 -0.046400 -0.209990 0.313994 0.925912
-3.089083 -5.102436 11.717713 -0.692668 0.651368 -0.702566 0.286566 0.743932 0.665644 -0.059026 -0.149281 0.251633 0.956240
-3.349845 -5.274618 10.624083 -3.752727 0.622886 -0.699566 0.350172 0.781863 0.541506 -0.308969 0.026524 0.466239 0.884261
-3.854313 -5.297071 20.606773 -1.968114 0.584440 -0.668760 0.459553 0.810528 0.507936 -0.291626 -0.038396 0.542918 0.838907
-3.085532 -5.219712 5.997854 -5.717347 0.642452 -0.715610 0.274149 0.764877 0.620791 -0.171993 -0.047109 0.320188 0.946182
0.996446 -1.637245 -32.958905 -10.225437 0.885794 0.035243 -0.462739 0.016336 0.994126 0.106985 0.463792 -0.102326 0.880015
0.230659 -1.588734 -14.334702 4.539759 0.873453 0.216710 -0.436024 -0.126900 0.965864 0.225839 0.470082 -0.141929 0.871137
-0.191829 -1.906390 -25.976322 3.533075 0.878041 0.225610 -0.422071 -0.141765 0.964943 0.220878 0.457107 -0.134105 0.879243
1.164538 -1.289363 -35.799860 -7.636581 0.868063 -0.055366 -0.493357 0.109907 0.990535 0.082221 0.484135 -0.125597 0.865932
0.591696 -1.645858 -32.683192 -2.517863 0.884310 0.172056 -0.434042 -0.119381 0.982046 0.146062 0.451380 -0.077347 0.888973
1.766592 -1.994178 -41.279249 -16.306032 0.877190 0.047370 -0.477800 -0.015234 0.997366 0.070912 0.479901 -0.054924 0.875602
2.032134 -1.693982 -39.015860 -14.616431 0.856631 -0.070765 -0.511053 0.109689 0.992883 0.046378 0.504134 -0.095785 0.858297
-1.539705 -2.912787 -5.381118 24.061421 -0.577726 -0.724889 -0.375191 0.811459 -0.559708 -0.168114 -0.088133 -0.401576 0.911575
-0.787128 -2.809650 48.603177 24.056223 -0.577395 -0.692681 -0.432213 0.806304 -0.567016 -0.168422 -0.128409 -0.445741 0.885904
-1.260310 -2.183260 3.214438 29.398472 -0.487998 -0.768488 -0.413864 0.872357 -0.445258 -0.201836 -0.029168 -0.459533 0.887681
-1.256390 -2.249351 -27.743360 28.081867 -0.626269 -0.702002 -0.339088 0.779548 -0.569239 -0.261289 -0.009597 -0.427973 0.903741
3.312603 -5.542336 69.261134 -93.738852 0.996857 0.032539 -0.072236 0.077173 -0.192533 0.978251 -0.017924 0.980751 0.194439
4.868011 -7.362743 63.249727 -130.077593 0.994589 0.098906 -0.031774 0.059044 -0.286534 0.956249 -0.085474 0.952951 0.290823
4.656898 -5.482843 37.742373 -110.028280 0.992540 0.121877 -0.003277 0.025956 -0.184964 0.982403 -0.119126 0.975159 0.186747
4.603834 -3.872935 35.032184 -91.336908 0.990246 0.130656 0.048383 -0.032163 -0.123517 0.991821 -0.135564 0.983703 0.118110
3.569119 -3.872786 41.001371 -51.452834 0.997882 0.061393 -0.021486 0.028962 -0.123595 0.991910 -0.058241 0.990432 0.125111
2.049930 -3.394574 -31.250241 8.524461 -0.280771 -0.815472 -0.506135 0.867557 0.009914 -0.497238 0.410502 -0.578711 0.704685
1.215459 -3.430379 -30.165472 3.102632 -0.250512 -0.837626 -0.485413 0.908351 -0.029930 -0.417135 0.334875 -0.545423 0.768357
1.026132 -3.372013 -42.806224 4.582480 -0.239779 -0.848389 -0.471956 0.875162 0.021540 -0.483351 0.420235 -0.528935 0.737312
0.888119 -7.502719 -8.999817 58.430692 0.369510 0.911754 0.179350 -0.797821 0.212340 0.564263 -0.476386 0.351590 -0.805879
0.639305 -7.513971 -9.771697 37.018874 0.367276 0.917645 0.151777 -0.823854 0.245216 0.511012 -0.431710 0.312725 -0.846067
0.962581 -8.009567 -7.174202 -8.412984 0.380978 0.906929 0.179819 0.874639 -0.290460 -0.388124 -0.299771 0.305143 -0.903894
0.550685 -7.110204 -13.412754 46.944406 0.352165 0.924342 0.146875 -0.741837 0.179989 0.645973 -0.570664 0.336447 -0.749097
1.126914 -8.018379 -5.333785 -23.158971 0.390246 0.896300 0.210605 0.854224 -0.267121 -0.446037 -0.343526 0.353968 -0.869883
0.859793 -6.934336 -10.684679 58.959634 0.362848 0.915047 0.176153 -0.713045 0.150942 0.684677 -0.599923 0.374039 -0.707239
1.130397 -7.277087 -4.504225 66.276670 0.388005 0.896792 0.212641 -0.772228 0.190385 0.606150 -0.503107 0.399397 -0.766398
1.922032 -17.488953 -11.403466 234.461176 0.594486 0.635367 0.492844 0.368059 0.329925 -0.869300 0.714926 -0.698182 0.037717
1.457795 -14.965959 -9.801506 241.898012 0.647521 0.587154 0.485764 0.339824 0.348073 -0.873708 0.682082 -0.730819 -0.025856
1.534995 -17.985079 -9.379395 160.540942 0.615641 0.584145 0.528924 0.545750 0.168129 -0.820908 0.568457 -0.794045 0.215291
2.059042 -19.952398 13.940117 89.801342 -0.570314 -0.635416 -0.520565 0.579653 0.137711 -0.803143 0.582018 -0.759791 0.289782
1.773958 -21.075939 13.245586 80.972410 -0.569290 -0.617838 -0.542388 0.715971 -0.048305 -0.696457 0.404098 -0.784820 0.469853
-0.306017 -1.568699 -20.642302 -11.254208 0.677698 0.703224 -0.214945 0.365896 -0.576037 -0.730959 0.637845 -0.416722 0.647686
-0.439069 -1.321160 -3.167424 -1.669977 0.553487 0.831099 -0.054093 0.525028 -0.398596 -0.751975 0.646528 -0.387808 0.656968
-0.031100 -1.467317 -19.650527 -15.025647 0.643003 0.752420 -0.142865 0.453438 -0.524347 -0.720731 0.617204 -0.398652 0.678333
-0.890417 -3.660966 10.247105 10.667327 -0.669261 -0.620376 -0.408928 -0.305878 0.731590 -0.609273 0.677147 -0.282681 -0.679385
-0.601793 -4.143466 -16.926769 -2.017625 0.632885 0.714176 0.299015 -0.408775 0.636205 -0.654329 0.657541 -0.291885 -0.694582
-1.171420 -4.176299 -21.545623 -63.909669 0.611579 0.731549 0.301342 -0.442382 0.631957 -0.636340 0.655949 -0.255864 -0.710116
-0.398916 -4.758065 9.312553 75.646478 -0.663927 -0.648124 -0.373010 -0.305096 0.690179 -0.656178 0.682728 -0.321851 -0.655968
-1.467649 -3.579420 1.052386 -33.324715 -0.672583 -0.571531 -0.470090 -0.292960 0.788979 -0.540080 0.679564 -0.225531 -0.698089
-0.981087 -3.593757 -8.380162 21.408815 -0.705345 -0.447848 -0.549473 -0.160508 0.855916 -0.491574 0.690453 -0.258535 -0.675599
-0.586757 -4.717645 2.434686 83.947368 -0.677816 -0.588828 -0.440280 -0.241912 0.744101 -0.622730 0.694294 -0.315588 -0.646808
0.394319 -6.920107 -2.555145 -25.471989 -0.478704 -0.779632 -0.403753 0.860467 -0.507989 -0.039293 -0.174468 -0.366226 0.914024
0.202139 -6.135275 2.984993 0.441331 0.517102 0.752361 0.408116 0.795741 -0.598210 0.094558 -0.315281 -0.275858 0.908020
0.131414 -6.907005 -6.465519 -51.336897 -0.476176 -0.791818 -0.382466 0.860831 -0.508540 -0.018920 -0.179519 -0.338248 0.923776
-1.072595 -16.631310 16.638839 109.696592 0.525717 0.848657 0.058341 0.781909 -0.455080 -0.426052 0.335022 -0.269600 0.902816
-1.481141 -17.448905 -0.003245 39.105511 -0.536305 -0.837443 -0.105192 0.836574 -0.510903 -0.197793 0.111897 -0.194078 0.974583
-1.420317 -16.010122 -4.167223 111.900184 0.521027 0.845516 0.116761 0.781679 -0.417736 -0.463114 0.342795 -0.332565 0.878574
-1.717405 -5.225952 29.554178 46.385541 0.720562 0.605579 -0.337733 0.380414 0.061970 0.922738 -0.579720 0.793368 0.185717
-1.218714 -5.748640 29.220083 13.086969 0.691017 0.577253 -0.435056 0.382126 0.219165 0.897745 -0.613575 0.786604 0.069137
-1.830894 -6.198310 23.845133 26.069939 0.713255 0.632103 -0.302842 0.296402 0.119520 0.947555 -0.635148 0.765612 0.102108
-0.775102 -8.772692 5.595188 -81.802094 0.608370 0.769226 0.195391 0.312992 -0.458776 0.831601 -0.729330 0.444766 0.519867
-0.650571 -7.770341 7.796667 -69.685385 0.615476 0.768849 0.173380 0.286037 -0.422880 0.859858 -0.734419 0.479629 0.480192
-0.794496 -8.021982 5.250604 37.023145 0.589168 0.798782 0.121773 0.280200 -0.343332 0.896443 -0.757872 0.494034 0.426099
-0.712620 -10.149654 2.597769 -181.516897 0.611787 0.764005 0.204972 0.352704 -0.495407 0.793833 -0.708037 0.413362 0.572551
-0.843899 -8.923562 4.305966 14.904557 0.579090 0.800400 0.154967 0.289692 -0.379697 0.878584 -0.762058 0.463886 0.451748
-0.759190 -10.872227 0.695197 -161.364479 0.604032 0.766192 0.219308 0.401438 -0.530232 0.746794 -0.688472 0.363049 0.627855
-0.796750 -9.904544 4.213860 -69.622400 0.592668 0.779182 0.204011 0.355698 -0.480448 0.801654 -0.722651 0.402548 0.561900
-3.751008 -7.726070 63.523926 -42.569285 0.361647 0.892678 0.268957 0.734855 -0.450469 0.507016 -0.573759 -0.014284 0.818900
-2.765219 -7.746672 61.841599 -28.755552 0.379270 0.907526 0.180417 0.793707 -0.419312 0.440688 -0.475587 0.023941 0.879343
-2.759488 -6.886420 75.028845 -40.566980 0.344000 0.925601 0.157882 0.733217 -0.369833 0.570627 -0.586563 0.080534 0.805889
-3.211114 -6.375052 22.850512 -48.370115 0.339794 0.907100 0.248416 0.630917 -0.415732 0.655065 -0.697484 0.065857 0.713568
-4.273955 -7.288373 3.329575 -33.204522 0.100818 0.990827 0.089983 0.660046 -0.134285 0.739126 -0.744429 0.015124 0.667530
-3.616504 -7.511817 -27.982876 -37.990244 0.083757 0.986917 0.137770 0.760533 -0.152644 0.631102 -0.643875 -0.051920 0.763367
-5.170135 -8.941506 1.859766 34.224463 -0.023847 0.984868 0.171656 0.839849 -0.073405 0.537834 -0.542296 -0.156990 0.825390
-2.212257 -12.720024 79.975172 161.265316 -0.613250 0.616329 -0.494027 0.712312 0.701810 -0.008662 0.341374 -0.357213 -0.869404
-7.286094 -32.311157 529.093088 -1738.147050 -0.518227 0.762113 -0.388103 -0.795788 -0.595934 -0.107629 0.313309 -0.253072 -0.915310
-3.710714 -44.086451 -142.213995 -2667.609633 0.356132 0.918190 -0.173484 0.903282 -0.290734 0.315525 0.239275 -0.269073 -0.932924
1.629442 -3.570031 -41.820395 -16.931798 0.543134 0.708890 0.449978 -0.431777 -0.223820 0.873769 -0.720121 0.668864 -0.184518
0.737310 -3.516408 -28.920756 -16.514393 0.548274 0.734680 0.399550 -0.416046 -0.174829 0.892379 -0.725466 0.655500 -0.209806
1.861356 -3.058232 -36.311031 -32.127375 0.549348 0.701171 0.454507 -0.498649 -0.161371 0.851650 -0.670496 0.694492 -0.260989
0.276852 -3.886230 -27.471079 -8.208325 0.550690 0.736823 0.392215 -0.338626 -0.232273 0.911801 -0.762937 0.634934 -0.121597
2.416478 -3.185604 -30.228698 -26.902836 0.579282 0.660958 0.477040 -0.488006 -0.187548 0.852453 -0.652904 0.726608 -0.213908
2.335225 -3.645023 -41.375342 -9.420509 0.566331 0.677539 0.469265 -0.419965 -0.252676 0.871656 -0.709153 0.690721 -0.141444
1.303537 -3.872689 -47.633581 -5.183051 0.537000 0.716773 0.444823 -0.351801 -0.288978 0.890352 -0.766725 0.634609 -0.096980
-0.553146 -1.192174 18.803068 -13.507725 0.772559 0.467197 0.429977 -0.482719 -0.007746 0.875741 -0.412474 0.884119 -0.219540
0.123293 -1.021108 22.359700 -10.458446 0.757967 0.461791 0.460689 -0.508136 -0.024828 0.860919 -0.409003 0.886641 -0.215834
-0.539275 -0.772065 13.382747 -3.812198 0.897857 0.433078 0.079345 -0.176960 0.189942 0.965716 -0.403160 0.881116 -0.247178
-0.764443 -1.061358 10.146473 15.049038 0.778939 0.189060 -0.597921 0.473670 0.447467 0.758558 -0.410963 0.874088 -0.258997
-1.002434 -1.334153 17.886891 -13.382453 0.822482 0.475597 0.311981 -0.382705 0.056952 0.922114 -0.420786 0.877818 -0.228855
-1.259878 -3.421086 -7.444272 29.053432 0.008182 0.989197 -0.146361 -0.872811 -0.064362 -0.483795 0.487989 -0.131704 -0.862856
-1.901136 -2.899387 9.014055 0.424809 -0.098986 0.971485 -0.215450 -0.845060 -0.196392 -0.497296 0.525428 -0.132843 -0.840403
-1.201527 -2.993801 -81.084417 15.820959 0.561968 0.803643 0.195832 -0.629943 0.569247 -0.528327 0.536063 -0.173540 -0.826148
-0.965094 -3.164437 -54.422466 3.204150 0.412046 0.908303 0.072140 -0.758971 0.385953 -0.524407 0.504163 -0.161328 -0.848406
0.038698 -3.762351 -32.167634 32.659210 0.660138 0.697817 0.277974 -0.478243 0.675829 -0.560838 0.579225 -0.237291 -0.779866
-0.316029 -3.667472 -35.551637 25.732393 0.604450 0.768448 0.210068 -0.567895 0.600567 -0.562863 0.558691 -0.220926 -0.799410
1.877551 -17.089790 14.152116 -253.331435 -0.522485 -0.677877 -0.517196 0.771513 -0.634109 0.051709 -0.363011 -0.372006 0.854303
1.511257 -17.314738 16.673059 -242.183236 -0.530570 -0.637272 -0.558910 0.765168 -0.643785 0.007678 -0.364711 -0.423586 0.829193
1.650320 -14.643120 -12.701772 280.254945 0.530406 0.662048 0.529492 -0.620424 0.728784 -0.289737 -0.577705 -0.174831 0.797302
1.679412 -13.803252 7.632981 238.403695 0.558511 0.701241 0.443087 -0.631745 0.705756 -0.320634 -0.537553 -0.100840 0.837178
-2.042923 -41.286997 28.497542 -171.161777 -0.319194 0.848138 -0.422819 -0.133568 -0.481967 -0.865949 0.938229 0.219931 -0.267125
2.116454 -71.850109 -193.260729 -2382.389527 -0.137102 0.769787 -0.623403 0.410350 -0.528666 -0.743051 0.901563 0.357687 0.243401
-0.321249 -50.456728 -120.807767 -1046.988686 -0.131921 0.852756 -0.505375 0.043813 -0.504316 -0.862407 0.990292 0.135911 -0.029168
-2.784343 -61.779120 -127.293390 474.928810 -0.175085 0.807768 -0.562900 -0.455315 -0.573351 -0.681144 0.872945 -0.137039 -0.468174
20.675381 -676.791141 825.790391 -38787.027905 -0.165545 0.835863 -0.523381 -0.195145 -0.547973 -0.813415 0.966702 0.032522 -0.253829
0.249913 -1.901171 17.368373 -24.474962 -0.564312 -0.697317 -0.441929 0.825064 -0.457784 -0.331213 0.028652 -0.551527 0.833665
-0.141937 -2.045848 18.185226 -22.754199 -0.514286 -0.719248 -0.467110 0.857237 -0.414865 -0.305013 0.025593 -0.557287 0.829925
0.324974 -1.460763 16.438044 -8.908089 -0.652457 -0.640681 -0.404756 0.757822 -0.553302 -0.345779 -0.002418 -0.532339 0.846528
-0.245417 -2.702890 15.313034 -28.786755 -0.470790 -0.741056 -0.478740 0.878375 -0.342943 -0.332936 0.082544 -0.577257 0.812380
0.609066 -1.311727 12.584171 -10.665909 -0.658280 -0.646029 -0.386410 0.752657 -0.555846 -0.352906 0.013203 -0.523146 0.852141
0.177768 -2.605806 16.023810 -31.273171 -0.520889 -0.721589 -0.456053 0.849897 -0.388528 -0.355979 0.079681 -0.573023 0.815656
0.593300 -1.785381 13.765657 -26.380760 -0.583542 -0.695456 -0.419308 0.811118 -0.473978 -0.342685 0.039580 -0.540079 0.840683
-4.805682 -6.666765 36.516282 42.558805 0.335417 0.872060 0.356379 0.067695 0.355005 -0.932410 0.939634 -0.336872 -0.060040
-6.390542 -8.555074 -15.354232 107.061640 -0.196600 -0.436830 -0.877797 0.372334 0.794944 -0.478990 0.907037 -0.421003 0.006361
4.131880 -4.246011 -8.990307 13.829339 0.477841 0.865199 0.151984 0.872998 -0.486956 0.027368 0.097688 0.119604 -0.988004
4.269973 -4.760246 -3.346663 -1.041581 0.559936 0.762161 0.324933 0.813817 -0.579523 -0.043070 0.155480 0.288553 -0.944756
4.626999 -5.483183 6.658195 37.719071 0.542155 0.766978 0.343239 0.833081 -0.543971 -0.100353 0.109744 0.340353 -0.933872
-3.044045 -5.190048 -120.199801 8.259873 0.835311 0.546172 -0.062863 -0.049544 -0.039096 -0.998006 0.547541 -0.836760 0.005598
-0.444782 -4.750456 -124.942652 12.912247 0.839876 0.505794 0.196929 0.105364 0.203988 -0.973287 0.532454 -0.838190 -0.118032
66.701344 -3.541917 -3440.179330 -87.761085 -0.987887 0.055369 -0.144961 0.068737 0.993666 -0.088896 0.139121 -0.097783 -0.985436
400.742733 4.082893 -17679.192342 -86.834601 -0.951175 0.012685 -0.308390 0.002709 0.999460 0.032753 0.308639 0.030319 -0.950696
7.394941 -4.801115 -336.468287 -44.800796 -0.875177 -0.412643 -0.252567 -0.428593 0.903452 0.009074 0.224438 0.116189 -0.967537
33.984668 -1.710220 -1654.530196 -179.697358 -0.948388 0.282701 0.143669 0.263852 0.954783 -0.137008 -0.175905 -0.092029 -0.980096
1.724697 -4.901569 -76.195579 4.219394 -0.001905 0.965491 0.260428 -0.748718 -0.174012 0.639642 -0.662886 0.193769 -0.723212
2.631526 -4.997374 -72.664222 -7.039430 0.037217 0.962013 0.270455 -0.640424 -0.184798 0.745457 -0.767119 0.200949 -0.609219
3.672033 -5.115916 -10.164059 -15.748983 0.171600 0.937403 0.303033 -0.621311 -0.135736 0.771718 -0.764543 0.320705 -0.559126
5.259861 -4.227977 108.816454 19.091724 0.507143 0.778241 0.370332 0.379014 -0.587294 0.715146 -0.774050 0.222320 0.592806
15.605420 -4.214092 290.088392 -0.550855 0.491367 0.722872 0.485813 0.180381 -0.630164 0.755219 -0.852069 0.283458 0.440034
4.399802 -5.084463 75.100932 7.051068 0.489628 0.797720 0.352005 0.126282 -0.464328 0.876614 -0.862738 0.384763 0.328085
0.687019 -9.244689 2.294480 27.514118 0.716321 0.602582 0.351822 0.309807 0.177129 -0.934155 0.625223 -0.778152 0.059803
0.055687 -11.982865 1.520894 45.748659 0.663629 0.722848 0.192584 -0.604564 0.366630 0.707167 -0.440567 0.585725 -0.680314
-0.007542 -11.427590 -0.228728 -40.400124 0.661646 0.726986 0.183617 0.678905 -0.476882 -0.558276 -0.318295 0.494039 -0.809082
-0.034978 -10.453737 -0.061853 -62.031107 0.641268 0.739348 0.205282 0.685959 -0.432490 -0.585161 -0.343855 0.516059 -0.784504
116.613681 -5.467231 -4930.572317 9.449587 0.054882 0.245539 0.967832 -0.609787 0.775783 -0.162237 -0.790663 -0.581267 0.192303
75.432939 -6.261379 3056.728401 -0.977359 0.024296 -0.199109 -0.979676 0.719884 -0.676488 0.155342 -0.693669 -0.709028 0.126899
125.392226 -3.912809 79.440040 -6.483077 -0.184881 0.218423 0.958181 -0.628902 0.722915 -0.286140 -0.755183 -0.655504 0.003713
245.892726 -4.590078 5144.196241 -54.297537 -0.117703 0.241105 0.963335 -0.535122 0.801785 -0.266054 -0.836535 -0.546817 0.034648
206.846082 -3.882563 -10879.026054 43.641644 0.486238 -0.349050 -0.801085 0.563511 -0.575410 0.592755 -0.667853 -0.739640 -0.083093
287.297123 -6.357607 21687.282308 -15.517168 -0.341403 0.265800 0.901551 -0.551210 0.720307 -0.421099 -0.761322 -0.640709 -0.099403
5.796551 -4.369890 112.497833 -51.394494 0.202916 0.849277 0.487394 0.661071 0.248379 -0.708020 0.722364 -0.465871 0.511033
3.977133 -3.119043 138.424043 -50.211229 0.149746 0.900960 0.407243 0.673537 0.208579 -0.709113 0.723826 -0.380480 0.575597
1.876267 -2.164517 85.338523 -39.922117 0.186704 0.921482 0.340607 0.666660 0.135821 -0.732883 0.721600 -0.363901 0.588957
0.168395 -8.771435 4.371968 -7.591855 0.280742 0.844023 0.456956 0.936430 -0.345261 0.062396 0.210432 0.410390 -0.887298
0.610389 -6.042376 2.688452 4.967111 -0.746694 -0.567867 -0.346374 -0.252663 0.723843 -0.642038 0.615312 -0.391890 -0.683968
-0.238946 -13.002951 1.149081 -68.063809 -0.063269 0.934107 0.351341 -0.209058 -0.356641 0.910550 -0.975854 0.015841 -0.217847
-0.159566 -11.577636 -1.074089 -92.156432 -0.045981 0.941402 0.334137 -0.345896 -0.328803 0.878774 -0.937145 0.075170 -0.340746
-0.193028 -11.684610 -1.388053 -70.166237 -0.060459 0.945446 0.320120 -0.468524 -0.310062 0.827253 -0.881380 0.099969 -0.461710
0.541986 -7.228928 -12.332885 114.447134 0.075419 0.887888 0.453835 0.972301 -0.166457 0.164079 0.221228 0.428890 -0.875849
0.228811 -9.016170 -10.680058 164.227584 0.169537 0.873688 0.455989 0.980203 -0.197501 0.013977 0.102270 0.444592 -0.889875
0.176548 -9.933999 -5.863004 142.271647 0.210222 0.864781 0.456027 0.974574 -0.222363 -0.027591 0.077543 0.450232 -0.889538
61.828619 -3.853643 3676.596089 60.837406 -0.346280 0.263076 0.900489 0.326683 0.933612 -0.147127 -0.879413 0.243228 -0.409234
31.255366 -0.115316 983.215442 -164.835513 -0.729471 0.165188 0.663766 0.142152 0.985825 -0.089113 -0.669078 0.029350 -0.742613
29.516434 -2.685690 1486.878563 -22.745476 -0.433578 0.328135 0.839248 0.411893 0.900522 -0.139297 -0.801470 0.285285 -0.525603
106.600203 0.460483 6670.997873 62.828081 -0.616721 0.024948 0.786787 0.019016 0.999678 -0.016792 -0.786952 0.004605 -0.616997
15.822958 -8.001165 786.418716 96.010351 -0.104568 0.622774 0.775383 0.566236 0.678231 -0.468380 -0.817583 0.390072 -0.423558
21.255150 -10.861649 1116.886602 356.445692 -0.064178 0.601011 0.796660 0.517419 0.702659 -0.488413 -0.853322 0.380862 -0.356070
64.460117 -6.197661 3677.450163 194.911220 -0.119713 0.319391 0.940031 0.370835 0.892695 -0.256082 -0.920951 0.317940 -0.225308
1171.738594 -2.771296 75803.955437 -60.441983 -0.296978 0.110333 0.948489 0.137785 0.987858 -0.071772 -0.944891 0.109373 -0.308574
2.526274 -5.754690 -187.365675 206.889601 -0.124615 0.507596 0.852536 -0.316357 0.794062 -0.519022 -0.940420 -0.334383 0.061629
4.962381 -3.924903 -137.248309 254.860336 -0.108211 0.514628 0.850558 -0.282258 0.804467 -0.522651 -0.953216 -0.296633 0.058206
6.439208 -1.038533 -176.005443 200.203407 -0.034873 0.384944 0.922281 -0.263806 0.886565 -0.380012 -0.963945 -0.256555 0.070633
-2.667901 -86.674155 172.666324 452.242911 0.104653 0.993653 0.041247 -0.011042 0.042633 -0.999030 0.994448 -0.104096 -0.015434
-2.682924 -125.379857 161.801438 -2898.049835 0.094608 0.992363 0.079154 0.567793 0.011521 -0.823091 0.817717 -0.122814 0.562367
-504.628918 -610.989797 37010.573266 6821.872574 0.384413 0.215473 -0.897663 0.905436 -0.277636 0.321098 -0.180036 -0.936210 -0.301823
-28.629312 -354.797747 854.608728 31806.016912 0.479899 0.795428 -0.370123 0.757828 -0.163279 0.631694 0.442034 -0.583639 -0.681154
-72.287008 -387.295773 -3027.060488 -6177.077501 -0.564710 -0.531899 -0.631020 0.769267 -0.062345 -0.635879 0.298882 -0.844510 0.444379
25.386629 -909.271945 -2294.713631 48106.374669 -0.104041 0.892118 0.439659 0.548457 -0.317305 0.773636 -0.829681 -0.321624 0.456275
0.542162 -22.341881 -1.473287 -230.035256 -0.055752 0.959091 0.277552 0.899117 0.169100 -0.403724 0.434143 -0.227043 0.871763
0.273585 -24.259787 -1.059566 -131.646006 -0.031552 0.965735 0.257604 0.711086 0.202810 -0.673220 0.702397 -0.161937 0.693120
0.358033 -21.096880 5.462306 -144.803937 -0.061524 0.960426 0.271655 0.863739 0.187622 -0.467710 0.500170 -0.205864 0.841101
-1.680007 -3.486566 -21.466472 29.299031 0.742684 0.669639 0.002044 -0.281405 0.309328 0.908365 -0.607645 0.675203 -0.418173
-1.964575 -3.964315 -13.741808 16.902481 0.700172 0.698130 0.149579 -0.449390 0.268126 0.852149 -0.554804 0.663870 -0.501466
-1.460805 -3.489897 -31.769197 13.043053 0.705463 0.708746 0.001176 -0.341705 0.338667 0.876665 -0.620935 0.618856 -0.481099
-2.057115 -4.080564 1.502072 21.180838 0.716205 0.666103 0.208221 -0.462643 0.229782 0.856248 -0.522505 0.709582 -0.472739
-1.793136 -3.421682 -11.916632 36.315821 0.768268 0.639485 0.028687 -0.258950 0.269490 0.927534 -0.585414 0.720023 -0.372635
-1.085975 -4.220094 -20.474558 20.456905 -0.087743 0.915544 0.392531 0.977205 0.155583 -0.144447 -0.193319 0.370909 -0.908325
-0.368646 -8.698293 -13.452843 -38.506626 -0.649213 -0.528946 -0.546570 -0.602103 0.796479 -0.055621 0.464752 0.292981 -0.835564
-0.869679 -8.905642 10.193659 8.514114 0.660410 0.544604 0.516976 0.684983 -0.719005 -0.117599 0.307664 0.431784 -0.847883
-0.410453 -9.218241 12.540858 0.713429 0.665457 0.513654 0.541597 0.684014 -0.710101 -0.166980 0.298819 0.481577 -0.823888
-4.298645 -6.078051 -27.911973 -23.635082 0.216271 0.961892 0.167304 0.688338 -0.028695 -0.724822 0.692400 -0.271919 0.668313
-4.074297 -6.448086 -16.745908 -34.479611 0.254221 0.935535 0.245246 0.614201 0.039708 -0.788150 0.747080 -0.350995 0.564512
-4.418943 -6.080353 -27.973696 -2.798769 0.274455 0.958491 0.077261 0.743939 -0.160736 -0.648628 0.609285 -0.235497 0.757174
-3.986942 -5.927040 -23.000130 -45.959207 0.292570 0.924814 0.243152 0.696292 -0.031747 -0.717056 0.655424 -0.379094 0.653228
-4.131743 -5.715346 -26.005699 -16.369927 0.352512 0.920666 0.167659 0.732207 -0.159785 -0.662074 0.582759 -0.356150 0.730444
-2.620488 -65.373991 282.876276 -2245.542374 -0.607302 0.672565 -0.422895 0.208860 -0.378417 -0.901764 0.766526 0.635969 -0.089341
-7.173020 -198.212932 485.618190 -9884.466345 -0.478287 0.818737 -0.317664 0.525566 -0.022942 -0.850443 0.703578 0.573710 0.419328
8.269289 -172.891875 1436.695884 7034.676259 -0.503558 0.811789 -0.295682 0.145435 -0.257707 -0.955215 0.851633 0.524008 -0.011708
-0.397565 -9.590658 126.249692 -557.897134 -0.330168 0.688561 -0.645657 0.646610 -0.333332 -0.686138 0.687666 0.644029 0.335175
-8.079548 -200.330564 156.001556 -2936.637269 -0.616059 0.716432 -0.327409 -0.161916 -0.521953 -0.837465 0.770879 0.462915 -0.437556
6.169683 -111.163821 788.546848 2869.076224 -0.617434 0.638862 -0.458945 0.333709 0.741066 0.582631 0.712330 0.206582 -0.670754
42.280679 -84.306083 888.953620 3120.879404 -0.253842 0.371960 -0.892866 -0.541893 0.709942 0.449816 0.801197 0.598020 0.021350
0.636869 -22.959187 -8.360148 88.483516 -0.539219 0.806256 -0.243299 0.653292 0.582765 0.483315 -0.531462 -0.101668 0.840959
-0.222662 -24.176071 26.618071 -171.741575 -0.537798 0.770698 -0.341758 0.207546 0.513924 0.832350 -0.817128 -0.376706 0.436342
1.907241 1.631557 -104.075024 97.566918 0.892144 0.399820 -0.210291 -0.029892 -0.412237 -0.910586 0.450760 -0.818661 0.355823
0.905616 0.243042 -53.945259 -117.641714 0.697205 0.606084 0.382841 0.585954 -0.174142 -0.791412 0.412994 -0.776103 0.476550
-3.193582 -5.030700 -17.822377 6.739426 -0.649255 0.696112 -0.306425 0.720217 0.692191 0.046464 -0.244449 0.190526 0.950760
4.222946 -8.308831 21.507434 46.803138 0.488617 0.784712 0.381420 -0.282750 -0.271152 0.920070 -0.825412 0.557409 -0.089388
4.113543 -7.667499 1.299975 64.776937 0.527794 0.749304 0.399970 -0.180689 -0.361072 0.914865 -0.829930 0.555131 0.055181
