16024
32030
-5.900097 -7.625636 88.289864 -143.132064 -0.699151 0.714903 0.010083 0.708673 0.691051 0.142238 0.094718 0.106591 -0.989781
-7.541853 -9.398175 72.122574 138.702893 -0.461404 0.883922 0.076074 -0.864547 -0.428724 -0.262209 0.199158 0.186754 -0.962008
-6.826912 -10.320045 -95.783858 373.312124 0.245847 0.960162 0.132844 -0.959796 0.260291 -0.105074 0.135466 0.101671 -0.985552
-4.948423 -8.315435 0.178721 -114.050451 0.809922 -0.586238 -0.018723 0.575175 0.787576 0.221128 0.114887 0.189865 -0.975065
-5.213513 -6.817702 -73.404337 201.270527 -0.010839 0.998956 0.044380 -0.998896 -0.008788 -0.046141 0.045703 0.044831 -0.997949
-4.093837 -6.588191 -22.769050 -107.084728 0.869159 -0.494526 0.002528 0.492838 0.866593 0.078283 0.040904 0.066795 -0.996928
7.334723 -11.174436 -78.919287 -78.748984 0.204687 0.954594 -0.216456 -0.440114 0.287279 0.850747 -0.874301 0.078872 -0.478932
10.007392 -13.436593 -115.749133 -22.543209 0.274284 0.945581 -0.175057 -0.267336 0.249839 0.930651 -0.923742 0.208464 -0.321315
8.699014 -12.105197 -104.316478 -101.529975 0.130003 0.980282 -0.148813 -0.292734 0.181344 0.938840 -0.947315 0.078490 -0.310537
7.006751 -10.251492 -15.852694 -148.171827 0.036541 0.988681 -0.145518 -0.385885 0.148281 0.910553 -0.921823 -0.022881 -0.386935
-4.904780 -8.206768 -22.306898 -47.175545 -0.131207 0.986855 -0.094345 -0.432616 0.028631 0.901124 -0.891980 -0.159049 -0.423173
-4.717322 -7.762374 -13.546225 -39.127162 -0.179294 0.979399 -0.092902 -0.508565 -0.011434 0.860948 -0.842149 -0.201609 -0.500138
-4.761132 -8.278132 -25.473210 -42.492958 -0.218170 0.970956 -0.098218 -0.390204 0.005459 0.920712 -0.894507 -0.239197 -0.377679
-5.186580 -8.881495 -21.537551 -47.753793 -0.117803 0.984971 -0.126307 -0.311143 0.084177 0.946628 -0.943034 -0.150816 -0.296550
1.356370 -5.372219 -26.755328 -15.717063 -0.270023 0.919247 -0.286485 -0.682687 0.027036 0.730211 -0.678989 -0.392753 -0.620257
0.884668 -4.992393 -50.100639 -16.088143 -0.273771 0.910527 -0.309822 -0.730357 0.012785 0.682946 -0.625802 -0.413252 -0.661509
1.222449 -5.032346 -18.349402 -20.475915 -0.239214 0.921999 -0.304457 -0.765680 0.013696 0.643076 -0.597085 -0.386950 -0.702680
0.759836 -5.427014 -68.010723 -30.435612 -0.309789 0.906999 -0.285277 -0.665215 0.007624 0.746613 -0.679352 -0.421063 -0.600988
1.351477 -5.913381 -29.588824 -33.103597 -0.285249 0.916770 -0.279582 -0.616947 0.047608 0.785563 -0.733491 -0.396568 -0.552019
-1.381694 -5.828537 23.341529 -31.070605 0.812726 0.581803 0.031336 0.133588 -0.238421 0.961930 -0.567125 0.777600 0.271492
-1.675297 -6.000679 28.473645 -12.465945 0.807261 0.590098 0.010708 0.102791 -0.158438 0.982004 -0.581175 0.791632 0.188557
-1.941787 -5.940229 11.105034 -25.078261 0.795634 0.605248 0.025323 0.151758 -0.239616 0.958934 -0.586461 0.759117 0.282497
-1.301392 -5.771705 19.052156 8.077361 0.817546 0.571816 0.068150 0.162937 -0.343203 0.925021 -0.552331 0.745143 0.373754
-2.156069 -6.158159 11.907289 -7.728245 0.768561 0.639775 0.001284 0.217151 -0.262750 0.940111 -0.601797 0.722254 0.340867
-1.831119 -6.105847 8.202185 -2.577841 0.793423 0.607300 0.040826 0.200673 -0.324319 0.924418 -0.574640 0.725261 0.379190
-2.390440 -5.940910 16.369157 -24.379925 0.761527 0.647933 -0.016114 0.180847 -0.188546 0.965269 -0.622392 0.737993 0.260759
0.521251 -5.992421 3.107790 3.425329 -0.633274 0.679183 0.371044 0.626325 0.731385 -0.269804 -0.454622 0.061534 -0.888556
0.583574 -6.636220 7.136064 2.689221 -0.615507 0.700519 0.361142 -0.697842 -0.697373 0.163361 -0.366288 0.151471 -0.918090
0.453314 -6.417055 5.887225 77.432107 -0.631257 0.684239 0.365147 0.666698 0.719289 -0.195285 -0.396268 0.120168 -0.910237
0.663670 -6.028503 -15.064327 61.654216 -0.639052 0.682576 0.354547 0.670653 0.720178 -0.177675 -0.376613 0.124235 -0.918002
-2.415762 -6.298160 -5.758829 -31.416719 -0.263535 0.897783 -0.352895 -0.838626 -0.394011 -0.376114 0.476713 -0.196827 -0.856740
-2.231034 -6.635311 -8.604359 2.935694 -0.263953 0.889791 -0.372292 -0.885238 -0.376742 -0.272798 0.382991 -0.257562 -0.887119
-2.117788 -6.490354 12.452208 3.691459 -0.326796 0.882617 -0.337921 -0.868349 -0.421548 -0.261282 0.373062 -0.208048 -0.904180
-2.051418 -6.134134 21.923017 -22.188906 -0.318063 0.895944 -0.310034 -0.832468 -0.420415 -0.360900 0.453689 -0.143304 -0.879563
-2.490505 -5.492852 -5.039832 -76.147485 -0.249560 0.902430 -0.351198 -0.784640 -0.400989 -0.472809 0.567504 -0.157570 -0.808153
-2.366059 -5.636673 -22.571878 -71.065366 -0.228734 0.895039 -0.382866 -0.795458 -0.398561 -0.456504 0.561184 -0.200136 -0.803130
-2.465934 -5.748430 8.494904 -64.769375 -0.275975 0.904768 -0.324397 -0.798799 -0.403605 -0.446121 0.534564 -0.136009 -0.834112
0.019292 -9.687412 -6.149021 143.517816 -0.468021 0.876531 0.112476 -0.747650 -0.460594 0.478406 -0.471144 -0.139811 -0.870905
0.253879 -8.271311 -14.891822 92.540225 -0.482626 0.867196 0.122651 -0.677898 -0.458546 0.574621 -0.554550 -0.194182 -0.809177
-0.015065 -8.082520 -3.771383 115.293462 -0.487301 0.864210 0.125220 -0.671201 -0.462416 0.579363 -0.558594 -0.198276 -0.805394
1.807485 -14.443399 -10.279675 -66.064928 0.179862 0.961841 -0.206184 -0.713012 0.271874 0.646296 -0.677690 -0.030768 -0.734704
2.126619 -14.645763 8.442819 -60.764204 0.282721 0.929749 -0.235874 -0.677275 0.367628 0.637298 -0.679241 0.020426 -0.733631
3.318724 -15.238028 -7.724680 53.220042 0.195412 0.960273 -0.199223 -0.544834 0.275205 0.792098 -0.815457 0.046242 -0.576967
1.052412 -22.283531 9.579598 -447.307664 0.172914 0.903718 -0.391657 -0.101065 -0.379268 -0.919751 0.979738 -0.198621 -0.025754
0.915181 -26.070844 13.169218 -444.480026 0.155294 0.881844 -0.445237 -0.389467 -0.359545 -0.847964 0.907854 -0.305089 -0.287614
1.030549 -20.935232 19.657704 -395.994814 0.187495 0.894081 -0.406774 -0.192486 -0.372645 -0.907791 0.963221 -0.248505 -0.102229
1.238622 -16.955889 10.163656 -215.366052 0.195247 0.919070 -0.342330 0.051448 -0.358165 -0.932240 0.979404 -0.164405 0.117215
1.050428 -18.292834 -11.586165 -289.783279 0.226242 0.899415 -0.373989 -0.064579 -0.369250 -0.927084 0.971928 -0.233897 0.025457
1.690707 -15.165767 -16.472457 -393.310472 0.386989 0.874520 -0.292326 0.015993 -0.323345 -0.946146 0.921946 -0.361473 0.139117
1.784098 -13.798580 -17.144060 -298.830610 0.355541 0.886381 -0.296512 0.056903 -0.337180 -0.939719 0.932927 -0.317236 0.170319
1.807397 -17.561779 -15.296669 -353.188194 0.367036 0.885949 -0.283512 -0.150004 -0.244423 -0.957996 0.918032 -0.394147 -0.043183
-0.414090 -6.707470 -17.483003 50.575345 -0.555716 0.736037 0.386560 -0.114149 -0.528114 0.841466 -0.823498 -0.423491 -0.377500
-0.234281 -6.872289 -15.751317 -22.482362 -0.560618 0.746810 0.357747 -0.211472 -0.546816 0.810106 -0.800617 -0.378506 -0.464484
-0.205876 -6.850060 8.753080 52.243467 -0.557036 0.755464 0.344942 -0.127878 -0.488419 0.863188 -0.820584 -0.436717 -0.368675
-0.511516 -6.913095 -9.968649 -67.087410 -0.559052 0.759921 0.331633 -0.290604 -0.554191 0.780014 -0.776538 -0.339694 -0.530657
0.019150 -6.687549 -2.078734 94.822156 -0.554565 0.748490 0.363622 -0.025995 -0.452341 0.891466 -0.831734 -0.484924 -0.270310
-4.166634 -6.819269 100.278798 -90.360941 -0.659592 0.711545 -0.242163 -0.660000 -0.702462 -0.266360 0.359637 0.015861 -0.932957
-4.113936 -5.684695 97.372382 -43.721040 -0.465938 0.870963 -0.155968 -0.773191 -0.486485 -0.406826 0.430207 0.068963 -0.900092
-5.672613 -6.738574 88.446570 88.923730 -0.681548 0.643857 -0.347765 0.579488 0.765078 0.280801 0.446863 -0.010146 -0.894545
-5.826001 -8.498775 95.080784 124.971163 -0.762641 0.554088 -0.333713 0.544736 0.828386 0.130534 0.348770 -0.082235 -0.933593
-6.378133 -8.382073 27.232666 121.627142 -0.758245 0.476332 -0.445166 0.486083 0.868068 0.100904 0.434498 -0.139877 -0.889745
-0.488921 -15.950225 -21.211319 -125.743770 -0.215581 -0.862521 0.457802 0.915519 -0.341595 -0.212459 0.339633 0.373324 0.863295
-0.753461 -15.111950 -19.334882 -108.102150 -0.233519 -0.857859 0.457762 0.966356 -0.256953 0.011432 0.107816 0.445031 0.889001
-1.174922 -14.772702 -28.201573 -70.499857 -0.200949 -0.864335 0.461026 0.967403 -0.249137 -0.045418 0.154115 0.436871 0.886224
-1.071671 -15.744575 -19.337574 -110.390936 -0.189921 -0.876031 0.443284 0.921559 -0.314782 -0.227247 0.338613 0.365353 0.867098
-1.506780 -15.501383 -18.006347 -112.737880 -0.182550 -0.884873 0.428572 0.957693 -0.258671 -0.126149 0.222485 0.387412 0.894658
-15.855648 -20.486962 378.827748 -122.955258 0.567252 -0.028267 -0.823059 0.778039 -0.309219 0.546844 -0.269963 -0.950571 -0.153412
-14.412389 -20.710134 409.598491 185.734388 0.570263 0.044893 -0.820235 0.821453 -0.035987 0.569140 -0.003967 -0.998343 -0.057400
-17.660786 -20.676208 362.286984 102.177876 0.444170 -0.142216 -0.884584 0.881238 -0.108800 0.459981 -0.161660 -0.983838 0.077000
-17.959110 -20.259080 237.001223 -219.100719 0.519800 -0.256657 -0.814822 0.731751 -0.358437 0.579710 -0.440849 -0.897580 0.001494
-18.725780 -20.203595 26.292581 -146.459062 0.351466 -0.395793 -0.848422 0.837575 -0.271937 0.473833 -0.418257 -0.877153 0.235929
-18.442683 -20.579878 160.519779 137.916916 0.343990 -0.352576 -0.870265 0.930831 0.006254 0.365396 -0.123388 -0.935762 0.330340
-1.330373 -1.802153 19.208454 -122.992110 -0.651323 0.720719 0.237365 -0.459164 -0.623392 0.632891 -0.604107 -0.303227 -0.736958
-0.565423 -1.943934 43.206020 78.061345 -0.763890 0.459847 0.452783 0.219982 0.845136 -0.487189 -0.606696 -0.272555 -0.746749
0.219553 -2.114690 -139.773999 12.609498 -0.536347 -0.540841 0.647937 -0.591692 0.788401 0.168300 -0.601858 -0.293112 -0.742868
-1.269438 -1.797520 79.681694 53.837914 0.269087 0.788834 -0.552570 -0.754725 0.529126 0.387835 -0.598316 -0.312677 -0.737733
1.439436 -4.547269 -50.609177 -76.592760 -0.580839 -0.423999 0.694875 -0.515582 0.852202 0.089027 -0.629922 -0.306555 -0.713599
1.599815 -2.916558 119.404935 21.951044 0.406579 0.671381 -0.619630 -0.702275 0.663478 0.258084 -0.584383 -0.330219 -0.741250
0.089270 -2.460557 123.348890 50.117292 0.371787 0.720580 -0.585269 -0.725621 0.618804 0.300924 -0.579006 -0.312804 -0.752931
7.000162 -116.343299 649.748856 -5305.892636 -0.441146 -0.221579 0.869651 0.864466 0.155327 0.478092 -0.241016 0.962692 0.123026
-1.625990 -34.172815 348.842853 -956.349276 -0.468192 -0.163400 0.868387 0.611334 0.649693 0.451851 -0.638018 0.742428 -0.204289
6.483914 -100.132709 92.639271 -4768.470395 -0.253134 0.052281 0.966018 0.882059 0.422610 0.208262 -0.397361 0.904802 -0.153092
4.919298 -54.009845 192.600017 -2657.163239 -0.307116 0.032759 0.951108 0.614169 0.770251 0.171787 -0.726964 0.636899 -0.256676
-1.018617 -28.210762 -302.422341 -1166.269549 -0.043023 0.351607 0.935159 0.728953 0.651142 -0.211284 -0.683210 0.672597 -0.284319
137.207183 -597.880839 -3048.429871 -37349.772030 0.024803 0.539884 0.841374 0.965757 0.204487 -0.159683 -0.258260 0.816523 -0.516325
-418.591946 -454.418991 -912.518157 14244.614913 0.929015 0.006622 0.369983 -0.339694 -0.381286 0.859784 -0.146763 0.924433 0.351971
-128.495703 -2401.673238 4558.042433 342403.186762 -0.851166 -0.494519 0.175976 -0.444810 0.857548 0.258372 -0.278678 0.141641 -0.949882
-22.967104 -665.442399 -527.100850 -22109.664540 0.849795 0.350347 -0.393836 0.287894 0.317387 0.903539 -0.441550 0.881205 -0.168851
0.266017 -3.599950 17.838626 219.290448 -0.067021 0.936664 -0.343756 0.826079 0.245311 0.507363 -0.559556 0.249966 0.790199
0.808663 -0.475911 -22.789694 275.883623 -0.321587 0.827087 -0.460986 0.802492 0.496475 0.330937 -0.502582 0.263512 0.823391
0.962812 -2.801238 48.423863 286.666588 -0.037729 0.943177 -0.330143 0.845562 0.206198 0.492451 -0.532543 0.260576 0.805294
0.778582 -5.718032 38.642355 113.944721 -0.001077 0.953226 -0.302255 0.787148 0.187228 0.587659 -0.616763 0.237287 0.750532
-0.649433 -3.604070 -6.255780 -7.645595 -0.091087 0.973866 -0.208057 -0.235343 0.181957 0.954728 -0.967635 -0.135929 -0.212618
-0.645357 -3.498385 -7.377916 3.701268 -0.104721 0.983934 -0.144595 -0.266705 0.112283 0.957215 -0.958072 -0.138804 -0.250662
-1.172247 -3.532516 38.405019 -1.079078 -0.099069 0.981742 -0.162384 -0.238241 0.135040 0.961772 -0.966140 -0.133968 -0.220513
0.370656 -6.126769 -24.810520 -13.292751 -0.630159 0.688232 0.359496 -0.168495 -0.573164 0.801931 -0.757964 -0.444770 -0.477148
0.263042 -5.989154 17.774601 -11.691581 -0.594877 0.716003 0.365324 -0.219687 -0.582004 0.782949 -0.773214 -0.385501 -0.503517
0.476313 -6.214598 5.663145 -3.521536 -0.598047 0.719676 0.352713 -0.107732 -0.508279 0.854427 -0.794187 -0.472989 -0.381507
-1.072214 -49.763275 -66.687331 -1736.951395 0.016947 0.949634 -0.312903 0.252858 0.298705 0.920238 -0.967355 0.094715 0.235061
0.316606 -76.133815 -85.784995 -3376.889840 0.029597 0.946893 -0.320184 0.144465 0.312909 0.938732 -0.989067 0.074039 0.127532
-0.804002 -48.529559 -6.670183 -253.263613 0.053812 0.938471 -0.341139 0.645243 0.228050 0.729146 -0.762080 0.259355 0.593270
-1.126334 -42.027575 -26.451744 -257.177754 0.049570 0.937671 -0.343970 0.654959 0.229488 0.719975 -0.754037 0.260975 0.602760
-1.052411 -40.378893 -22.773733 -831.848471 0.046089 0.936418 -0.347847 0.489058 0.282479 0.825244 -0.871033 0.208152 0.444943
1.611042 -118.496487 48.104474 -5560.642315 0.222161 0.947829 -0.228614 0.268048 0.166066 0.948985 -0.937441 0.272107 0.217170
1.344119 -62.951573 52.994421 -1217.609408 0.258851 0.945193 -0.199012 0.501126 0.044725 0.864218 -0.825754 0.323434 0.462084
2.977413 -109.612877 -2.901834 5654.515403 0.202834 0.952540 -0.226994 0.870287 -0.069104 0.487673 -0.448842 0.296467 0.843000
-4.010409 -9.794097 27.465433 134.365813 0.860944 -0.281128 -0.423960 0.265337 0.959239 -0.097247 0.434018 -0.028769 0.900445
-3.235117 -9.625558 16.423984 -284.896542 -0.551389 0.781172 0.292815 0.685805 0.624292 -0.374073 0.475018 0.005446 0.879959
-4.258162 -9.172272 -101.317689 338.669697 0.923653 0.101182 -0.369632 -0.073719 0.993414 0.087720 0.376073 -0.053773 0.925028
-1.444048 -10.191386 -2.114561 13.317313 -0.407310 0.812296 0.417462 0.755854 0.043253 0.653310 0.512625 0.581640 -0.631594
-1.417376 -11.104821 6.725306 63.184957 -0.435428 0.803465 0.406014 0.789782 0.124502 0.600620 0.432027 0.582189 -0.688773
-1.326564 -10.230490 9.719278 26.988809 -0.431487 0.791968 0.431979 0.773639 0.078556 0.628738 0.464005 0.605488 -0.646593
1.043012 -12.017439 -96.131594 -72.005270 -0.020521 0.992134 -0.123484 0.408188 -0.104433 -0.906905 0.912667 0.069015 0.402835
2.697692 -10.247903 62.804621 156.041661 -0.147822 0.987506 -0.054599 0.237687 -0.018116 -0.971173 0.960028 0.156538 0.232040
1.942318 -10.145174 -381.202233 126.471509 0.093799 0.987021 -0.130348 0.250775 -0.150128 -0.956333 0.963490 -0.057015 0.261602
-0.255061 -11.542545 -351.483418 -219.595848 0.059695 0.987561 -0.145463 0.480570 -0.156156 -0.862942 0.874922 0.018392 0.483914
0.242692 -10.168962 -182.552433 -172.121778 -0.018835 0.991186 -0.131132 0.551759 -0.099071 -0.828098 0.833791 0.087950 0.545030
6.845026 -9.479335 335.836137 -250.290983 0.046491 0.962556 0.267068 0.340784 0.236034 -0.910030 0.938991 -0.133321 0.317050
5.789179 -5.656408 240.532457 -203.526305 0.075476 0.992454 0.096640 0.404826 0.058072 -0.912548 0.911273 -0.107998 0.397388
1.942217 -9.325387 6.904974 -209.307786 0.077354 0.989511 0.121999 0.283577 0.095475 -0.954185 0.955825 -0.108406 0.273217
2.063369 -12.360411 31.197651 -177.048499 0.068670 0.969979 0.233292 0.158806 0.220235 -0.962433 0.984919 -0.103138 0.138915
34.285487 -8.723344 2009.815718 -236.134552 -0.076565 0.856455 0.510511 0.411540 0.493511 -0.766213 0.908170 -0.151431 0.390251
57.073086 -6.879697 3767.696137 -320.978764 -0.075226 0.912610 0.401851 0.454618 0.390062 -0.800733 0.887504 -0.122452 0.444232
0.292750 -7.383540 -217.477878 31.375447 0.090597 0.984933 -0.147306 0.791768 -0.160955 -0.589234 0.604066 0.063249 0.794420
-2.455946 -7.368692 -162.927329 14.360836 0.099171 0.976315 -0.192288 0.824192 -0.188869 -0.533887 0.557559 0.105536 0.823401
-0.900314 -7.801140 -193.454132 20.611440 0.075817 0.986033 -0.148295 0.878022 -0.136504 -0.458742 0.472578 0.095426 0.876107
1.946226 -7.698347 -186.027173 21.646630 0.046598 0.988300 -0.145229 0.860702 -0.113512 -0.496293 0.506971 0.101873 0.855922
-1.619481 -8.077987 -172.699879 9.887968 0.056099 0.986617 -0.153097 0.946745 -0.101260 -0.305647 0.317060 0.127798 0.939756
1.068461 -7.916180 -178.037913 15.459309 0.056400 0.988551 -0.139953 0.922227 -0.105287 -0.372037 0.382513 0.108085 0.917606
0.001896 -5.949688 -1.366157 -25.507425 0.666967 -0.665691 -0.334679 0.726907 0.679976 0.096119 0.163588 -0.307389 0.937417
0.009255 -5.947010 16.138896 -0.411571 0.656936 -0.670987 -0.343818 0.742381 0.655250 0.139705 0.131547 -0.347021 0.928586
-0.103722 -5.912750 -29.812569 23.889682 0.647991 -0.690433 -0.321573 0.755630 0.635731 0.157701 0.095552 -0.345179 0.933660
-0.409325 -5.812873 -38.308326 46.123220 0.645907 -0.691696 -0.323049 0.756325 0.637334 0.147576 0.103812 -0.339650 0.934805
-0.152902 -5.746650 -41.517828 -3.650761 0.648567 -0.689705 -0.321973 0.748275 0.655233 0.103703 0.139443 -0.308183 0.941052
-0.264370 -11.115923 -9.242054 8.373112 -0.542487 0.789727 0.286424 0.374435 0.532523 -0.759090 0.752001 0.304550 0.584588
-0.270347 -10.915063 5.736138 -2.083451 -0.576604 0.761252 0.296686 0.342643 0.554963 -0.758031 0.741703 0.335427 0.580832
-0.082259 -9.890267 8.403584 -53.687133 -0.575106 0.759273 0.304561 0.448083 0.603836 -0.659245 0.684452 0.242667 0.687487
-0.134838 -10.023702 -22.039295 -97.678601 -0.547482 0.771915 0.323127 0.488491 0.608323 -0.625556 0.679441 0.184636 0.710119
0.049812 -9.387400 6.109933 -140.155803 -0.581200 0.750275 0.315109 0.546034 0.646672 -0.532599 0.603368 0.137486 0.785522
0.499226 -23.020315 10.462795 -199.504268 -0.834880 -0.198675 0.513326 -0.261761 0.963690 -0.052750 -0.484207 -0.178409 -0.856571
0.443315 -22.471183 19.448476 -176.606785 -0.825946 -0.193257 0.529590 -0.285262 0.953535 -0.096931 -0.486250 -0.231132 -0.842697
0.466028 -19.439723 -16.812904 -230.248700 0.831370 0.188263 -0.522858 -0.369575 0.889954 -0.267200 -0.415016 -0.415377 -0.809459
0.730437 -23.530312 -13.152876 -185.892534 -0.844251 -0.199942 0.497256 -0.237907 0.971195 -0.013416 -0.480250 -0.129627 -0.867500
0.535940 -26.083926 -3.627580 -238.022564 -0.841550 -0.219681 0.493493 -0.132598 0.969629 0.205516 -0.523653 0.107516 -0.845120
0.712443 -20.016404 -7.159637 -274.795343 0.835684 0.190982 -0.514935 -0.376093 0.882262 -0.283139 -0.400233 -0.430278 -0.809120
-1.542147 -10.460850 -3.088490 271.591407 0.968483 -0.165722 -0.185949 -0.242413 -0.455540 -0.856574 -0.057246 -0.874654 0.481356
-1.126953 -10.983348 -17.973996 200.973186 0.938885 -0.231033 -0.255184 -0.338405 -0.483665 -0.807187 -0.063064 -0.844211 0.532288
-1.989336 -8.482585 -31.969889 181.973506 0.954517 -0.193212 -0.227084 -0.286804 -0.386822 -0.876420 -0.081494 -0.901686 0.424642
0.226020 -1.642109 7.273902 -204.410650 0.089384 0.967709 -0.235690 0.565941 0.145377 0.811527 -0.819586 0.205925 0.534671
-0.040007 -4.614172 6.757862 -59.375989 0.058960 0.962354 -0.265325 0.636298 0.168567 0.752802 -0.769187 0.213211 0.602405
0.325254 -5.185126 19.924206 -70.252099 0.055967 0.961002 -0.270820 0.635178 0.175008 0.752278 -0.770336 0.214122 0.600612
0.670345 -3.960985 33.503485 -164.152246 0.065533 0.961671 -0.266261 0.586102 0.178859 0.790249 -0.807583 0.207843 0.551916
0.454949 -1.630576 37.862422 -235.440851 0.097224 0.966498 -0.237546 0.551922 0.146258 0.820970 -0.828209 0.210925 0.519212
0.547283 -6.324217 23.104961 -52.539152 0.044223 0.958497 -0.281654 0.666034 0.181846 0.723416 -0.744609 0.219582 0.630350
-2.183987 -6.447520 224.900477 -60.825446 -0.023769 0.956731 -0.290001 -0.233352 -0.287380 -0.928956 0.972102 -0.045592 -0.230086
0.415549 -5.858032 124.603282 -67.186540 -0.005855 0.955267 -0.295687 -0.203522 -0.290641 -0.934937 0.979053 -0.054705 -0.196119
-1.492658 -5.158607 215.184432 -72.123607 -0.012540 0.974161 -0.225508 -0.123456 -0.225308 -0.966434 0.992271 -0.015721 -0.123091
-0.519597 -6.807398 144.151916 -37.554479 -0.027120 0.937498 -0.346931 -0.343496 -0.334665 -0.877502 0.938762 -0.095371 -0.331103
-3.347094 -7.198280 170.504568 -34.340336 0.017323 0.950603 -0.309926 -0.345755 -0.285153 -0.893947 0.938165 -0.122644 -0.323736
1.902219 -5.794301 16.138322 -157.971252 0.093887 0.993433 -0.065397 0.354623 -0.094748 -0.930196 0.930284 -0.064142 0.361190
3.058856 -3.545391 -4.264917 -95.568707 0.174571 0.942933 -0.283552 0.390059 -0.330640 -0.859378 0.904090 -0.039421 0.425520
-0.871541 -13.612760 -11.289704 -100.048255 0.954491 0.143791 -0.261288 -0.037805 -0.810699 -0.584242 0.295834 -0.567531 0.768369
-0.909801 -12.683917 -27.276975 -112.651243 0.953324 0.152476 -0.260625 -0.014799 -0.838505 -0.544693 0.301587 -0.523126 0.797110
-0.759048 -12.178203 -8.675832 -65.225939 0.952884 0.173856 -0.248570 0.056314 -0.906599 -0.418220 0.298063 -0.384517 0.873674
-0.937119 -15.698959 -17.133231 -196.935418 0.950419 0.128937 -0.282983 -0.109905 -0.711992 -0.693534 0.290904 -0.690249 0.662519
-0.848564 -16.814633 -0.017312 -243.269116 0.952972 0.115745 -0.280086 -0.115133 -0.716634 -0.687880 0.280338 -0.687778 0.669606
-0.156431 -16.148324 1.633648 79.030472 0.821190 -0.412246 -0.394589 -0.078196 0.603653 -0.793403 -0.565272 -0.682390 -0.463478
-0.494452 -15.961697 11.919679 -131.923869 0.813198 -0.375807 -0.444385 -0.262452 0.444714 -0.856358 -0.519449 -0.813018 -0.263010
-0.164795 -15.045188 -47.755142 -26.315216 0.800495 -0.428108 -0.419442 -0.163153 0.517757 -0.839827 -0.576706 -0.740710 -0.344615
-4.008329 -20.965908 249.020169 108.109457 -0.369299 0.813344 -0.449543 0.217934 0.546046 0.808912 -0.903395 -0.200760 0.378910
-0.920167 -22.131807 145.094717 127.379281 -0.359596 0.808077 -0.466585 0.133367 0.539409 0.831415 -0.923528 -0.236746 0.301741
-3.476435 -22.907030 260.624151 223.126850 -0.350279 0.821751 -0.449477 -0.014576 0.475039 0.879844 -0.936532 -0.314743 0.154419
-0.572834 -23.545081 26.243579 1.066193 0.643775 -0.393706 -0.656163 0.157348 0.907272 -0.389998 0.748863 0.147825 0.646028
-0.820146 -23.339550 34.876682 -49.102119 0.649794 -0.354613 -0.672323 0.348366 0.925078 -0.151235 0.675581 -0.135943 0.724645
-0.365182 -24.852408 40.161521 -7.479581 0.644348 -0.367458 -0.670664 0.227391 0.929387 -0.290745 0.730143 0.034838 0.682406
-0.585489 -3.283705 10.065500 44.879294 0.097155 0.861439 -0.498481 0.041016 -0.503891 -0.862793 0.994424 -0.063378 0.084288
-0.481012 -3.579178 -21.210699 48.006622 0.112682 0.860999 -0.495966 0.066327 -0.504550 -0.860831 0.991415 -0.064104 0.113961
-0.362123 -2.669389 -23.025993 41.354375 0.112671 0.877581 -0.466001 0.005638 -0.469544 -0.882891 0.993616 -0.096849 0.057852
-3.078751 -5.636018 -44.453652 -9.369905 0.527819 -0.265592 0.806764 0.760689 0.570359 -0.309909 -0.377836 0.777272 0.503079
-3.024831 -5.136867 -48.725355 -28.673164 0.374951 -0.368950 0.850463 0.790895 0.605902 -0.085835 -0.483629 0.704811 0.518984
-3.529947 -5.025828 -23.823233 -37.986657 0.505842 -0.334039 0.795325 0.751522 0.623274 -0.216205 -0.423485 0.707070 0.566316
-3.460561 -5.369988 -17.561260 30.261271 0.675821 -0.223940 0.702223 -0.654737 -0.619945 0.432420 -0.338503 0.752010 0.565594
-3.032193 -5.871079 -37.367507 -0.736340 0.619512 -0.227028 0.751440 0.727859 0.524632 -0.441567 -0.293982 0.820499 0.490261
-2.684938 -6.059485 -18.016345 -5.312179 0.553436 -0.241657 0.797064 0.779026 0.488758 -0.392727 -0.294666 0.838282 0.458753
-2.662687 -5.893690 -20.666203 -1.481509 0.487396 -0.268801 0.830777 0.794660 0.530867 -0.294443 -0.361885 0.803695 0.472348
-0.675230 -5.861852 29.597652 -18.764177 0.736743 -0.576884 -0.352726 -0.660526 -0.725585 -0.192953 0.144621 -0.375141 0.915617
-0.844909 -5.740088 14.506756 -24.196810 0.709514 -0.613428 -0.346838 -0.690070 -0.704553 -0.165558 0.142808 -0.356808 0.923198
-0.918626 -6.212852 25.921098 -60.912658 0.722475 -0.595022 -0.352105 -0.684863 -0.685740 -0.246421 0.094826 -0.419177 0.902939
-0.674915 -6.452453 25.213716 -57.398882 0.752239 -0.557571 -0.351072 -0.653568 -0.699013 -0.290225 0.083583 -0.447767 0.890235
-1.076699 -7.183141 21.820910 -75.972336 0.739672 -0.578028 -0.344629 -0.672826 -0.645685 -0.361104 0.013794 -0.498974 0.866507
-0.651718 -15.470212 -6.411500 -171.281792 0.955061 0.119784 -0.271128 -0.063871 -0.810053 -0.582867 0.289447 -0.573991 0.765999
-0.365616 -15.273441 -6.345571 -180.588973 0.954624 0.114479 -0.274934 -0.056510 -0.836768 -0.544633 0.292405 -0.535456 0.792329
-0.494178 -17.836029 -20.380622 -206.593729 0.953949 0.083314 -0.288168 -0.150902 -0.696964 -0.701049 0.259250 -0.712250 0.652295
-0.347568 -13.780716 -2.029656 -112.391887 0.956478 0.153769 -0.248000 0.041616 -0.913084 -0.405643 0.288820 -0.377669 0.879744
-0.848635 -18.806016 4.761406 -272.772202 0.949976 0.102253 -0.295109 -0.157213 -0.659894 -0.734728 0.269868 -0.744369 0.610808
-0.596729 -13.061206 -26.289830 -72.444744 0.961963 0.151872 -0.227073 0.045166 -0.908202 -0.416087 0.269420 -0.390005 0.880516
0.170307 -23.372307 26.720698 -132.734884 0.946899 0.235579 -0.218825 0.299297 -0.397119 0.867593 -0.117487 0.887017 0.446540
-0.007015 -23.669398 -9.919588 -29.981836 0.948833 0.246611 -0.197228 0.306055 -0.564392 0.766676 -0.077756 0.787810 0.610990
0.318095 -22.739732 41.854467 -139.938047 0.950236 0.217157 -0.223372 0.308238 -0.551383 0.775220 -0.045181 0.805493 0.590880
0.495944 -23.360965 46.447009 -132.901734 0.943091 0.227944 -0.242117 0.307855 -0.323227 0.894846 -0.125716 0.918459 0.375006
2.484058 -13.692560 -126.700602 -316.409714 0.944560 0.180316 -0.274395 0.315596 -0.729161 0.607226 0.090585 0.660160 0.745643
1.675939 -26.569953 -98.555342 641.943442 0.918878 0.258203 -0.298320 0.392094 -0.681719 0.617675 0.043885 0.684537 0.727656
2.802800 -32.347255 -69.240948 1696.618726 0.931802 0.129575 -0.339050 0.319726 -0.735183 0.597730 0.171812 0.665369 0.726474
3.191984 -14.545842 -41.755655 311.812131 0.929411 0.093280 -0.357063 0.286034 -0.793442 0.537246 0.233195 0.601455 0.764115
2.175038 -10.930016 -128.416156 -139.723048 0.943639 0.182897 -0.275852 0.295452 -0.841130 0.453000 0.149175 0.508969 0.847760
-0.605423 -21.140582 -70.818154 -430.463258 -0.424025 0.885531 0.189838 -0.559484 -0.420963 0.713981 -0.712166 -0.196534 -0.673939
-1.813168 -16.823682 -10.154367 -542.067063 -0.402391 0.885258 0.233237 -0.725610 -0.463757 0.508350 -0.558186 -0.035316 -0.828964
-0.121023 -18.370963 -75.256632 -337.234411 -0.415548 0.893335 0.171094 -0.603344 -0.411488 0.683121 -0.680658 -0.180641 -0.709981
0.714576 -21.340758 -120.596539 0.349663 -0.434725 0.891713 0.125944 -0.395732 -0.314777 0.862735 -0.808957 -0.325212 -0.489721
-8.627579 -13.408205 -60.014804 387.280301 0.333279 0.905577 0.262403 -0.900110 0.388434 -0.197287 0.280585 0.170440 -0.944575
-8.595456 -11.061682 109.316497 101.695547 -0.396811 0.908404 0.131696 -0.857372 -0.315571 -0.406606 0.327803 0.274258 -0.904062
-6.026921 -9.817874 13.710111 -77.890258 -0.682217 0.728337 0.064065 0.689720 0.612008 0.386953 0.242624 0.308173 -0.919871
8.873421 -13.318807 -86.689262 -31.013135 0.368619 0.905061 -0.212097 -0.415127 0.364423 0.833586 -0.831739 0.219229 -0.510049
11.270577 -14.978193 -77.425819 80.680191 0.439716 0.882661 -0.166009 -0.242556 0.294675 0.924301 -0.864764 0.366164 -0.343668
-4.789663 -7.947806 7.199731 -19.985403 -0.248282 0.960990 -0.121877 -0.462245 -0.006968 0.886725 -0.851285 -0.276495 -0.445943
-4.521275 -7.023914 27.159085 -42.234994 -0.244519 0.968672 -0.043415 -0.554253 -0.102889 0.825964 -0.795622 -0.226027 -0.562048
0.383472 -4.572350 -62.685166 -18.694908 -0.229082 0.907281 -0.352650 -0.805785 0.026499 0.591614 -0.546106 -0.419689 -0.725004
0.118550 -4.843377 -94.685125 -26.297677 -0.297924 0.901911 -0.312728 -0.730545 -0.004547 0.682850 -0.614448 -0.431899 -0.660240
-2.078643 -6.128598 37.654800 34.258159 0.799782 0.599731 0.025910 0.059486 -0.122131 0.990730 -0.597336 0.790827 0.133353
-1.471690 -6.739916 55.203898 71.192364 0.812670 0.582469 0.017215 0.047722 -0.095967 0.994240 -0.580766 0.807168 0.105786
-2.033783 -7.181201 42.120007 128.231784 0.791995 0.606990 0.065627 -0.020804 -0.080600 0.996529 -0.610173 0.790612 0.051207
-2.386058 -6.151086 26.762086 32.791609 0.775595 0.630930 0.019498 0.059549 -0.103885 0.992805 -0.628416 0.768853 0.118144
-1.303912 -6.461263 -15.484761 -0.755863 -0.563811 0.736782 0.373187 0.130226 -0.366893 0.921103 -0.815572 -0.567927 -0.110910
-1.211763 -6.603391 10.109837 21.389079 -0.538613 0.743286 0.396765 0.218175 -0.331808 0.917771 -0.813816 -0.580887 -0.016549
-0.927954 -6.076172 47.335832 -21.725721 -0.527305 0.779978 0.337022 0.075807 -0.351879 0.932971 -0.846287 -0.517509 -0.126420
-1.234250 -6.872359 -60.645856 69.796708 -0.581775 0.701857 0.411016 0.287174 -0.295538 0.911147 -0.760966 -0.648116 0.029619
-1.177385 -6.162725 -9.058514 -62.521567 -0.561480 0.775363 0.289054 -0.041961 -0.375543 0.925855 -0.826425 -0.507720 -0.243395
-1.115165 -6.861644 -18.447521 -95.244844 -0.583836 0.741293 0.331091 0.000493 -0.407488 0.913210 -0.811872 -0.533328 -0.237541
-1.002888 -6.966947 -26.518565 34.336062 -0.582345 0.720525 0.376454 0.174282 -0.341656 0.923524 -0.794040 -0.603419 -0.073387
-2.022607 -6.412217 2.429031 21.254808 -0.314608 0.879197 -0.357820 -0.903076 -0.393337 -0.172449 0.292360 -0.268885 -0.917729
0.610448 -8.018329 -26.179667 -38.058152 -0.514088 0.842488 0.161020 -0.595185 -0.485561 0.640302 -0.617631 -0.233335 -0.751057
0.671419 -8.275749 -36.944320 63.896120 -0.474226 0.872837 0.115175 -0.683966 -0.447621 0.576043 -0.554346 -0.194399 -0.809265
1.102316 -8.424068 -47.610769 -45.831859 -0.482403 0.865613 0.134173 -0.648557 -0.455916 0.609520 -0.588780 -0.207015 -0.781334
0.764139 -8.887777 -31.825315 -104.259932 -0.549809 0.805354 0.221619 -0.469485 -0.517397 0.715461 -0.690864 -0.289320 -0.662571
0.267538 -8.041942 -16.230537 -93.310368 -0.551370 0.807435 0.209857 -0.495635 -0.519380 0.696126 -0.671071 -0.279811 -0.686563
1.301935 -8.990653 -55.804213 -113.853408 -0.532398 0.825328 0.188111 -0.525728 -0.496556 0.690682 -0.663447 -0.268822 -0.698264
1.137524 -29.149096 -16.779993 -638.626559 0.140552 0.888571 -0.436677 -0.284713 -0.386151 -0.877397 0.948253 -0.247648 -0.198714
0.815061 -30.485108 4.854550 -230.934590 0.104757 0.881221 -0.460950 -0.628906 -0.300352 -0.717124 0.770392 -0.365018 -0.522741
-1.051101 -14.108834 20.549752 -109.953090 0.246209 0.910466 -0.332314 0.957353 -0.174970 0.229916 0.151186 -0.374749 -0.914716
-1.321285 -12.084296 20.892009 -143.277401 0.253823 0.905525 -0.339996 0.967194 -0.241426 0.079057 -0.010496 -0.348909 -0.937098
-1.553380 -12.208493 24.888815 -70.397768 0.274994 0.907508 -0.317503 0.958090 -0.286227 0.011706 -0.080255 -0.307415 -0.948185
-1.199692 -12.664736 8.480020 -121.563643 0.286097 0.906603 -0.310192 0.957684 -0.259913 0.123641 0.031471 -0.332439 -0.942599
-0.660927 -14.246731 -7.710121 -110.759947 0.271366 0.906158 -0.324403 0.931966 -0.163196 0.323739 0.240417 -0.390185 -0.888794
-0.420733 -16.893682 -2.610115 -161.632060 0.266377 0.906361 -0.327954 0.887837 -0.098273 0.449541 0.375218 -0.410917 -0.830878
-0.709686 -6.725978 -37.301717 -78.898706 -0.556553 0.751939 0.353323 -0.308512 -0.581915 0.752460 -0.771407 -0.309780 -0.555849
-3.071682 -4.924863 70.378699 1.246351 -0.278039 0.960540 -0.007531 -0.844296 -0.248114 -0.474978 0.458104 0.125704 -0.879965
-2.788858 -5.330028 78.667495 -55.611372 -0.549966 0.822927 -0.142579 -0.739172 -0.559067 -0.375592 0.388796 0.101172 -0.915752
-1.980520 -4.179658 41.672955 -13.123432 -0.409989 0.911228 -0.039649 -0.807951 -0.383006 -0.447797 0.423231 0.151557 -0.893256
-2.218904 -4.662557 59.359848 35.947800 -0.118682 0.986453 0.113249 -0.860184 -0.045172 -0.507980 0.495983 0.157703 -0.853892
-0.022170 -14.866160 -27.687293 47.970671 -0.032702 0.941443 -0.335582 0.177414 0.335897 0.925039 -0.983593 0.029286 0.178009
-0.422022 -13.668692 -52.751682 18.032250 -0.037573 0.957266 -0.286759 0.399354 0.277434 0.873812 -0.916027 0.081687 0.392712
-0.473121 -13.448700 -49.883067 36.974821 -0.039794 0.949840 -0.310194 0.231773 0.310748 0.921801 -0.971956 0.035212 0.232513
0.331872 -17.005967 6.527166 96.292374 -0.016202 0.925422 -0.378592 -0.054819 0.377250 0.924487 -0.998365 -0.035733 -0.044619
0.401957 -16.216101 16.382480 44.017762 0.010348 0.936755 -0.349834 0.142616 0.344893 0.927744 -0.989724 0.059493 0.130027
0.049837 -16.227930 -45.711469 126.529559 -0.040695 0.929231 -0.367252 -0.023045 0.366586 0.930099 -0.998906 -0.046313 -0.006496
-0.348296 -14.253217 -39.422877 63.460104 -0.033189 0.937388 -0.346703 0.050299 0.348021 0.936137 -0.998183 -0.013630 0.058700
-0.278708 -14.457706 -42.864785 -136.898802 -0.255363 -0.840280 0.478245 0.963730 -0.260897 0.056194 0.077554 0.475249 0.876427
-0.952374 -13.505036 -17.512893 -32.734566 -0.250069 -0.845775 0.471307 0.967706 -0.202347 0.150333 -0.031781 0.493680 0.869063
0.442710 -15.623381 -58.766029 -144.533820 -0.253766 -0.839257 0.480886 0.927472 -0.352257 -0.125338 0.274587 0.414201 0.867778
-10.986947 -20.698287 300.176048 85.879603 0.609745 0.146666 -0.778910 0.790104 -0.190369 0.582662 -0.062824 -0.970695 -0.231958
-10.585084 -20.103614 331.826685 224.936899 0.654007 0.157168 -0.739982 0.739369 0.074121 0.669208 0.160027 -0.984786 -0.067729
-6.151335 -7.532526 10.748336 -172.803408 0.513671 0.757083 0.403693 -0.789028 0.601644 -0.124338 0.337014 0.254656 -0.906406
-4.536014 -6.320788 -173.286906 -12.679159 -0.910425 -0.082536 -0.405357 -0.144425 0.981652 0.124498 0.387644 0.171890 -0.905641
-6.113015 -8.648740 -68.132059 -190.351731 0.284094 0.928056 0.240836 -0.918933 0.335229 -0.207809 0.273594 0.162275 -0.948058
-3.337666 -6.355563 -199.106753 -19.340647 -0.885347 -0.058727 -0.461207 -0.176879 0.959943 0.217310 0.429971 0.273972 -0.860270
-5.900315 -8.420069 86.489418 176.100612 0.500691 0.711436 0.493121 0.802737 -0.594778 0.043039 0.323917 0.374297 -0.868896
-0.274985 -82.987228 -639.062110 -3252.547921 0.593071 0.289063 -0.751471 0.538240 0.551794 0.637041 -0.598802 0.782283 -0.171668
-3.267270 -39.444637 230.043476 -1317.243541 -0.624688 -0.270036 0.732697 0.251029 0.819052 0.515886 -0.739425 0.506196 -0.443865
-5.420678 -30.622135 95.873251 -954.635730 -0.523099 -0.215277 0.824635 0.336125 0.837035 0.431732 -0.783190 0.503020 -0.365492
1.678707 -0.233957 332.265601 50.702359 0.771995 -0.295669 0.562675 0.393154 0.917692 -0.057191 -0.499453 0.265369 0.824698
5.369670 0.540070 519.285991 32.381723 0.860607 -0.021842 0.508802 0.153759 0.963600 -0.218707 -0.485505 0.266454 0.832639
0.271040 -17.918930 38.566632 -275.135711 -0.241241 0.968951 0.054193 0.458521 0.064586 0.886333 -0.855313 -0.238669 0.459866
-0.008061 -21.892124 0.214120 -380.958404 -0.295360 0.954824 0.032766 0.533691 0.136449 0.834599 -0.792425 -0.263994 0.549882
0.730882 -15.728115 22.734535 -161.281997 -0.261042 0.964606 0.037305 0.316401 0.048986 0.947360 -0.912002 -0.259104 0.317990
-0.979008 -4.681288 -3.918161 -29.563419 -0.043277 0.916149 -0.398494 -0.085495 0.394009 0.915122 -0.995398 -0.073673 -0.061274
-1.243490 -4.801158 -23.022102 -23.385595 -0.026129 0.906387 -0.421639 -0.088723 0.418016 0.904097 -0.995714 -0.061032 -0.069495
-0.970945 -4.306963 -17.662743 -27.603326 -0.049592 0.933979 -0.353870 -0.149002 0.343422 0.927286 -0.987592 -0.098713 -0.122134
-0.883325 -4.231143 0.515062 -27.040714 -0.063085 0.942250 -0.328914 -0.132972 0.318696 0.938483 -0.989110 -0.102941 -0.105188
0.048539 -6.038045 8.838331 4.115406 -0.599216 0.717744 0.354659 -0.284900 -0.605172 0.743370 -0.748179 -0.344397 -0.567114
-0.015394 -6.057440 -2.399637 -11.136077 -0.596179 0.731757 0.330307 -0.293202 -0.581445 0.758917 -0.747398 -0.355604 -0.561198
0.243855 -60.887550 -73.526894 -2195.946231 0.052912 0.955388 -0.290575 0.395800 0.247086 0.884472 -0.916811 0.161809 0.365069
1.575056 -85.619306 -136.767718 -3763.052341 -0.008578 0.961494 -0.274694 -0.016555 0.274529 0.961436 -0.999826 -0.012794 -0.013562
0.206936 -74.809627 94.587192 2775.630085 0.302100 0.944555 -0.128650 0.710869 -0.133302 0.690577 -0.635139 0.300077 0.711725
3.779016 -191.037346 123.511122 9126.725564 0.336845 0.926266 -0.169020 0.903071 -0.267026 0.336393 -0.266456 0.265949 0.926430
0.085829 -251.811889 188.918780 -13717.848685 0.306740 0.935821 -0.173636 0.112356 0.145553 0.982950 -0.945138 0.321019 0.060498
-2.953058 -12.889501 -14.376606 -118.224957 0.742479 -0.539397 -0.397209 0.444624 0.840344 -0.310050 0.501033 0.053597 0.863767
-0.455824 -17.653110 23.270102 -411.344222 -0.585440 0.745447 0.318697 0.516564 0.645970 -0.562036 0.624837 0.164411 0.763248
-2.007015 -13.731741 -131.329203 -217.925423 -0.384287 0.892095 0.237676 0.683929 0.448017 -0.575779 0.620133 0.058711 0.782297
-3.362713 -9.425604 -109.384064 -245.639553 -0.293492 0.937855 0.185177 0.844888 0.345104 -0.408739 0.447243 -0.036493 0.893667
3.694646 -6.835646 234.010703 361.419879 -0.251024 0.962304 0.104679 0.066796 0.125104 -0.989892 0.965673 0.241495 0.095683
3.837588 -5.338288 -95.926920 506.562160 -0.067920 0.997592 0.014029 -0.011345 0.013288 -0.999847 0.997626 0.068069 -0.010415
1.082126 -9.710685 269.749248 230.890008 -0.292839 0.951753 0.091711 0.192176 0.152544 -0.969432 0.936650 0.266263 0.227574
1.121616 -11.310794 -2.744218 -161.756912 0.047543 0.976793 0.208841 0.118596 0.202079 -0.972162 0.991804 -0.070987 0.106236
1.339712 -12.877410 14.011854 -20.395941 0.057685 0.956497 0.285981 -0.068277 0.289567 -0.954719 0.995997 -0.035547 -0.082011
-2.287555 -6.927376 -191.235755 36.119342 0.141226 0.966840 -0.212783 0.734080 -0.246483 -0.632750 0.664215 0.066839 0.744547
-0.029315 -6.209288 38.108348 -86.605197 0.668527 -0.656265 -0.349841 0.725413 0.679087 0.112329 0.163855 -0.328874 0.930050
-0.239976 -6.015471 10.889018 -69.500393 0.679740 -0.652496 -0.334967 0.719088 0.682812 0.129152 0.144448 -0.328661 0.933337
-0.037319 -5.715220 22.438835 9.845384 0.688308 -0.642767 -0.336278 0.714443 0.680989 0.160701 0.125709 -0.350864 0.927950
0.303219 -5.393815 28.082468 57.130299 0.658903 -0.669523 -0.342907 0.746250 0.639153 0.185996 0.094642 -0.378448 0.920772
-0.592003 -11.197700 -7.511886 -37.942049 -0.554915 0.784876 0.275752 0.275515 0.486153 -0.829305 0.784959 0.384220 0.486018
-0.791703 -10.645433 -25.741680 -35.748828 -0.567504 0.765128 0.304167 0.334300 0.551714 -0.764104 0.752451 0.331949 0.568882
-0.366648 -11.593014 1.819574 -30.353957 -0.555054 0.783494 0.279379 0.302442 0.502970 -0.809660 0.774883 0.364909 0.516137
1.050142 -193.526860 269.869061 -11838.158753 -0.559723 -0.277909 -0.780690 0.828521 -0.206136 -0.520636 -0.016239 -0.938230 0.345632
-9.188441 -139.889681 665.534074 -6230.346387 -0.577267 -0.238787 -0.780860 0.816534 -0.161926 -0.554123 0.005876 -0.957476 0.288452
-13.257905 -38.537660 423.741878 -1649.501422 -0.610608 -0.355098 -0.707858 0.790708 -0.323073 -0.520005 -0.044037 -0.877228 0.478050
-7.044864 -116.306854 346.530443 -5749.657450 -0.557291 -0.238895 -0.795208 0.828284 -0.092961 -0.552544 0.058076 -0.966586 0.249679
-3.204432 -11.113230 -5.439374 243.749801 0.998677 -0.051356 -0.002579 -0.025259 -0.446261 -0.894546 -0.044789 -0.893428 0.446968
-3.553274 -8.344997 -41.796517 177.093293 0.996040 -0.038590 0.080096 0.058725 -0.390849 -0.918579 -0.066754 -0.919645 0.387035
-6.331901 -132.767770 207.469503 -8435.958445 -0.468386 -0.263459 -0.843329 0.883098 -0.169221 -0.437609 -0.027417 -0.949712 0.311921
0.391105 -18.932052 0.549535 -174.149173 -0.831225 -0.191117 0.522053 -0.366737 0.894251 -0.256554 -0.417814 -0.404710 -0.813413
0.559059 -18.182812 -14.985795 -299.882486 0.831933 0.182829 -0.523891 -0.411304 0.836934 -0.361069 -0.372448 -0.515863 -0.771471
-1.051354 -24.483112 -3.414072 473.618117 -0.831904 0.460781 0.309220 0.184011 0.754766 -0.629657 -0.523523 -0.466914 -0.712682
-0.383199 -24.557167 -11.932053 553.464273 -0.802088 0.558933 0.210353 0.360879 0.734270 -0.574990 -0.475837 -0.385281 -0.790656
0.169830 -26.086456 49.286583 385.551507 0.830268 -0.488987 -0.267483 0.121104 0.626710 -0.769784 -0.544049 -0.606734 -0.579556
