16863
33714
-3.416612 -4.284018 15.481201 -33.179585 0.315293 -0.415531 -0.853185 0.531320 0.822218 -0.204101 0.786314 -0.388963 0.480019
-3.270260 -5.020358 8.194186 -26.713851 0.265508 -0.460755 -0.846883 0.446541 0.837281 -0.315535 0.854463 -0.294391 0.428050
-4.129398 -5.679742 12.137896 -65.316238 0.516293 0.067171 -0.853774 0.224712 0.951364 0.210737 0.826405 -0.300655 0.476089
-2.825971 -4.308033 1.294520 -23.060740 -0.018776 0.683831 0.729399 0.571698 0.605843 -0.553277 0.820249 -0.406608 0.402320
-2.804561 -5.391162 -33.766756 -88.018462 0.652698 0.115618 -0.748744 0.255193 0.896984 0.360966 0.713345 -0.426677 0.555955
-2.982462 -3.578314 16.914618 -27.508607 0.140281 -0.619883 -0.772054 0.672669 0.631843 -0.385084 0.726524 -0.465317 0.505612
4.382422 -7.595898 -16.005307 -29.770458 0.707233 0.255335 -0.659261 -0.671677 -0.048318 -0.739267 0.220615 -0.965645 -0.137331
3.987025 -7.102085 -31.018770 -27.344926 0.746117 0.098175 -0.658538 -0.638923 -0.172689 -0.749637 0.187318 -0.980072 0.066120
4.422118 -6.717426 -25.830402 -29.420985 0.718735 0.239445 -0.652753 -0.590593 -0.285176 -0.754900 0.366907 -0.928084 0.063551
4.773877 -6.818564 -5.738837 -45.445782 0.684573 0.352714 -0.637929 -0.600101 -0.224109 -0.767889 0.413810 -0.908498 -0.058245
3.970909 -8.062882 21.219993 9.991594 0.646406 0.460333 -0.608485 0.722718 -0.113725 0.681723 0.244619 -0.880432 -0.406203
4.331992 -7.947014 -1.929281 -11.716982 0.686094 0.327128 -0.649817 0.723234 -0.209958 0.657914 0.078788 -0.921361 -0.380641
4.331150 -7.519668 18.115200 -60.301115 0.638550 0.450111 -0.624223 -0.623468 -0.172942 -0.762482 0.451156 -0.876066 -0.170198
-2.306941 -3.034386 3.991445 20.876408 0.403709 -0.357861 -0.841994 0.913079 0.099771 0.395388 -0.057487 -0.928430 0.367034
-0.129671 -2.834194 -109.534036 -1.043978 -0.468378 -0.399093 -0.788256 0.883248 -0.233968 -0.406364 -0.022250 -0.886557 0.462083
-1.645312 -2.670201 -83.750014 4.000900 -0.598136 -0.288704 -0.747585 0.792336 -0.352905 -0.497656 -0.120151 -0.890004 0.439836
-2.470143 -3.618310 2.134239 15.942759 0.603165 -0.395857 -0.692452 0.775725 0.089132 0.624745 -0.185590 -0.913976 0.360838
0.308158 -2.972333 1.537862 0.344168 0.191168 -0.449593 -0.872537 0.980060 0.136505 0.144389 0.054189 -0.882742 0.466724
0.348304 -3.191394 4.019010 -4.261993 0.175056 -0.446086 -0.877703 0.983887 0.046351 0.172677 -0.036346 -0.893789 0.447012
0.377743 -3.107171 6.276125 -2.593480 0.157612 -0.447979 -0.880041 0.985838 0.019686 0.166539 -0.057282 -0.893827 0.444738
0.323367 -3.128985 -2.641821 0.741773 0.190989 -0.450554 -0.872081 0.980456 0.130291 0.147409 0.047209 -0.883191 0.466632
0.276707 -3.008513 -1.340140 -8.658883 0.171427 -0.458203 -0.872160 0.985167 0.072886 0.155348 -0.007613 -0.885854 0.463901
0.198040 -2.779751 -2.925054 5.966483 0.201327 -0.456219 -0.866794 0.974814 0.179991 0.131681 0.095940 -0.871474 0.480966
0.318248 -2.757735 0.762978 16.097221 0.225477 -0.445444 -0.866452 0.957565 0.265208 0.112844 0.179524 -0.855128 0.486340
0.315967 -2.929659 -0.243725 11.626393 0.222806 -0.442054 -0.868876 0.960837 0.250223 0.119083 0.164771 -0.861381 0.480493
3.947974 -168.610810 220.224165 -4348.941356 0.865208 0.038659 0.499920 0.480981 -0.345703 -0.805696 -0.141677 -0.937547 0.317700
-1.978216 -4.814670 -15.090532 -23.885043 -0.374511 -0.303579 -0.876117 0.907487 -0.313919 -0.279146 -0.190287 -0.899608 0.393060
-1.658509 -5.155651 -14.320263 -26.418961 -0.240161 -0.318753 -0.916907 0.910287 -0.402051 -0.098657 -0.337196 -0.858342 0.386714
-2.293484 -39.002904 36.204896 -886.338342 0.964982 0.032743 0.260266 0.257013 0.080512 -0.963048 0.052488 -0.996216 -0.069277
-1.000581 -55.321906 48.217177 -1697.212260 0.967898 0.078194 0.238869 0.250909 -0.244803 -0.936545 0.014756 -0.966415 0.256564
-5.235187 -26.759104 34.403232 -777.367270 0.773431 -0.053016 0.631660 0.523815 -0.507711 -0.683994 -0.356963 -0.859895 0.364908
127.745143 -1042.870757 609.620315 -37546.101746 0.724032 0.029025 0.689156 0.651000 -0.358986 -0.668826 -0.227985 -0.932891 0.278813
-2.227933 -31.750474 76.363781 -695.288735 0.779791 0.067795 0.622358 0.625871 -0.061385 -0.777507 0.014508 -0.995809 0.090298
-0.374792 -3.043314 16.374852 -29.323918 0.007308 -0.389671 -0.920925 0.992694 0.113748 -0.040252 0.120438 -0.913903 0.387655
-0.267412 -3.194638 4.304388 -8.051111 -0.014641 -0.415935 -0.909277 0.997612 0.055317 -0.041367 0.067504 -0.907710 0.414132
-0.235362 -3.172068 15.039177 -3.079160 -0.015946 -0.392483 -0.919621 0.996393 0.070435 -0.047338 0.083353 -0.917058 0.389944
-0.367118 -3.009227 12.242575 -29.368121 -0.001605 -0.391823 -0.920039 0.992185 0.114166 -0.050351 0.124766 -0.912930 0.388578
-0.348137 -2.249703 21.549730 61.070344 0.331889 -0.273302 -0.902860 -0.075260 0.946388 -0.314143 0.940312 0.172210 0.293527
-0.731418 -3.465593 26.205933 28.965660 0.325251 -0.307042 -0.894392 0.072841 0.951143 -0.300035 0.942818 0.032438 0.331725
-0.036970 -3.156065 25.950274 35.225273 0.316913 -0.213603 -0.924089 0.011376 0.975096 -0.221492 0.948386 0.059681 0.311451
0.269110 -1.920210 14.759210 55.574618 0.326875 -0.142528 -0.934258 -0.116545 0.974938 -0.189510 0.937854 0.170830 0.302072
0.185140 -0.912404 13.110479 68.293208 0.352154 -0.247245 -0.902695 -0.157077 0.935185 -0.317422 0.922667 0.253574 0.290492
-0.357336 -1.423217 7.630758 59.552778 0.352018 -0.490064 -0.797446 -0.053178 0.840131 -0.539771 0.934481 0.232416 0.269680
-0.138271 -3.982605 -0.841157 -39.660350 0.186151 -0.492062 -0.850425 0.982114 0.118103 0.146642 0.028281 -0.862512 0.505246
-0.039496 -3.140159 -1.002446 -13.139738 0.200471 -0.492980 -0.846630 0.979667 0.093870 0.177314 -0.007939 -0.864962 0.501774
-0.095314 -3.249470 1.204505 -8.888114 0.176538 -0.487028 -0.855359 0.984157 0.072848 0.161642 -0.016413 -0.870343 0.492172
-0.025834 -2.716739 -0.422551 4.674165 0.215318 -0.492220 -0.843420 0.971903 0.023910 0.234165 -0.095094 -0.870143 0.483538
-2.236917 -10.713473 3.050435 -18.880870 0.426366 -0.268077 -0.863914 0.395688 0.914123 -0.088375 0.813415 -0.304160 0.495826
-2.386490 -10.538887 -9.522989 -59.777921 0.543503 -0.192474 -0.817042 0.388512 0.920504 0.041594 0.744085 -0.340037 0.575076
-2.012408 -9.150909 2.460336 -130.634434 0.448971 -0.277279 -0.849436 0.641985 0.761321 0.090806 0.621515 -0.586094 0.519820
0.034082 -8.534513 28.497853 -53.969917 -0.232005 0.231497 0.944766 0.392307 0.911040 -0.126894 -0.890095 0.341198 -0.302184
0.007436 -7.469615 20.603733 -41.574220 -0.223870 0.263819 0.938233 0.194258 0.955429 -0.222303 -0.955064 0.132492 -0.265141
0.330492 -7.965391 1.999437 -36.590331 -0.253960 0.285442 0.924136 0.209819 0.948967 -0.235452 -0.944182 0.134106 -0.300890
-0.007917 -7.060599 17.835469 -9.846387 -0.224585 0.317543 0.921264 0.044885 0.947783 -0.315742 -0.973420 -0.029560 -0.227110
0.406906 -8.931330 -2.417654 -37.463616 -0.274273 0.249898 0.928615 0.451981 0.885839 -0.104891 -0.848816 0.390947 -0.355911
0.460280 -8.444748 -10.109710 -25.948150 -0.268667 0.285413 0.919977 0.284109 0.936083 -0.207439 -0.920381 0.205642 -0.332583
0.317092 -7.508089 3.826012 -13.711324 -0.244261 0.329713 0.911935 0.007740 0.941054 -0.338168 -0.969679 -0.075543 -0.232415
0.408616 -7.969352 -5.940064 -10.373317 -0.257877 0.312958 0.914088 0.103058 0.949599 -0.296041 -0.960666 0.017862 -0.277132
-1.001431 -7.355058 15.455874 26.305937 0.162621 -0.216308 -0.962686 -0.667799 0.694123 -0.268771 0.726361 0.686588 -0.031572
-1.310158 -5.872637 -24.045844 -31.343744 -0.126469 0.188554 0.973886 0.808614 -0.549082 0.211314 0.574587 0.814222 -0.083026
-1.461057 -6.740647 -10.113078 -21.770662 -0.152759 0.157799 0.975584 0.749013 -0.625506 0.218456 0.644705 0.764096 -0.022642
-1.193556 -8.111897 -3.536777 10.733862 0.228406 -0.143302 -0.962962 -0.582029 0.772791 -0.253054 0.780431 0.618271 0.093105
-1.409216 -6.732447 2.762281 -46.881680 -0.183863 0.114031 0.976315 0.795999 -0.565465 0.215950 0.576697 0.816851 0.013200
-1.188527 -2.849390 -2.730045 7.520295 -0.179971 0.636877 -0.749665 -0.712147 0.441370 0.545929 -0.678569 -0.632124 -0.374116
-1.031578 -2.751515 1.121620 9.524693 -0.160830 0.629646 -0.760053 -0.658125 0.505471 0.558006 -0.735531 -0.589954 -0.333090
-1.142451 -2.545527 -1.625836 15.006043 -0.263995 0.727810 -0.632929 -0.614001 0.379262 0.692216 -0.743848 -0.571361 -0.346753
-1.445335 -2.908819 -4.639456 7.913766 -0.203125 0.696533 -0.688173 -0.714987 0.374674 0.590265 -0.668980 -0.611932 -0.421906
0.880214 -3.344017 30.452722 -1.018363 0.454786 -0.139242 -0.879649 0.888767 0.134306 0.438240 0.057121 -0.981108 0.184834
1.480213 -3.278920 19.076576 -3.233006 0.440944 -0.177385 -0.879831 0.894623 0.165757 0.414939 0.072234 -0.970082 0.231782
0.692643 -3.276217 32.297616 -4.989802 0.446015 -0.124309 -0.886351 0.880123 0.240876 0.409099 0.162646 -0.962562 0.216841
0.171822 -9.094330 6.564409 -71.489978 -0.135361 0.239613 0.961386 -0.662369 0.699733 -0.267659 -0.736848 -0.673022 0.063996
0.055802 -8.210587 0.477334 46.816860 0.162090 -0.254960 -0.953269 0.753529 -0.591753 0.286396 -0.637119 -0.764738 0.096202
0.201697 -8.393048 -8.031368 58.204980 0.132685 -0.263095 -0.955602 0.791048 -0.552795 0.262031 -0.597191 -0.790695 0.134773
0.350200 -8.888817 -8.468493 63.759708 0.118415 -0.242667 -0.962855 0.767802 -0.592507 0.243755 -0.629650 -0.768146 0.116159
0.231049 -9.726662 -0.663531 -56.939979 -0.148000 0.224772 0.963106 -0.591904 0.760030 -0.268335 -0.792304 -0.609780 0.020558
2.866393 -3.957330 -22.759916 32.830387 0.240360 0.263448 0.934250 0.149201 0.941001 -0.303738 -0.959149 0.212397 0.186872
2.852283 -3.865457 -7.896518 -18.059132 0.305126 0.221180 0.926271 0.179915 0.941751 -0.284142 -0.935163 0.253349 0.247559
2.121137 -4.062076 14.996293 21.056707 0.390471 0.164494 0.905800 0.144557 0.960747 -0.236788 -0.909195 0.223398 0.351365
2.693544 -4.137480 -14.054753 20.805915 0.206319 0.305914 0.929435 0.199267 0.916830 -0.345999 -0.957980 0.256592 0.128201
2.020209 -4.087144 1.952812 33.034031 0.331176 0.203521 0.921358 0.091773 0.964884 -0.246123 -0.939095 0.166066 0.300869
2.468728 -4.103210 -14.024457 36.662232 0.188801 0.320973 0.928079 0.109085 0.932372 -0.344649 -0.975938 0.166310 0.141019
0.341702 -17.615746 -11.081852 -42.841939 -0.197921 -0.268206 -0.942811 0.973876 0.055430 -0.220211 0.111322 -0.961766 0.250228
0.180706 -16.601838 4.837643 -15.720593 -0.243906 -0.227071 -0.942841 0.937458 -0.304178 -0.169256 -0.248358 -0.925156 0.287060
0.251263 -15.373826 0.884911 -49.934088 -0.208633 -0.238534 -0.948459 0.977986 -0.046849 -0.203345 0.004071 -0.970003 0.243057
0.432208 -16.223034 -4.226280 -51.752370 -0.189779 -0.247691 -0.950070 0.932733 0.256677 -0.253233 0.306584 -0.934220 0.182317
1.521778 -1.212811 4.757395 7.965497 0.384250 0.052820 -0.921717 0.201266 0.969557 0.139467 0.901024 -0.239101 0.361922
1.413673 -1.119509 1.979353 -1.371922 0.372371 -0.073223 -0.925191 0.222224 0.974918 0.012283 0.901086 -0.210173 0.379303
1.345123 -0.903976 4.144646 7.990569 0.339263 0.034132 -0.940072 0.192810 0.975601 0.105005 0.920720 -0.216880 0.324404
1.546594 -1.259621 0.251178 5.718458 0.411373 -0.000518 -0.911467 0.209708 0.973226 0.094094 0.887014 -0.229849 0.400468
1.338206 -1.083365 6.400742 8.735254 0.335908 0.101452 -0.936415 0.193799 0.965466 0.174118 0.921742 -0.239964 0.304646
1.462040 -1.250345 10.982647 3.899657 0.360807 0.122957 -0.924500 0.220310 0.951981 0.212593 0.906246 -0.280381 0.316393
1.661166 -1.350093 8.642787 3.206536 0.412797 0.075671 -0.907674 0.230316 0.955485 0.184401 0.881222 -0.285172 0.376993
1.616762 -1.388292 2.974012 4.917301 0.422812 -0.001629 -0.906216 0.223272 0.969360 0.102429 0.878282 -0.245641 0.410220
-29.371492 -796.817947 65.288133 17538.094272 0.235672 -0.428566 -0.872233 0.860344 -0.325390 0.392338 -0.451958 -0.842884 0.292029
-37.292075 -1867.475344 50.630716 -10530.847177 0.345231 -0.502867 -0.792427 0.798366 -0.286518 0.529641 -0.493384 -0.815495 0.302557
-13.218812 -1192.566644 359.907336 20844.607217 -0.197307 0.335645 0.921093 0.388488 0.889411 -0.240882 -0.900081 0.310306 -0.305881
0.961700 -20.607771 -32.049481 1330.365969 0.637949 -0.390538 -0.663703 0.768806 0.273463 0.578062 -0.044257 -0.879032 0.474703
2.116346 -303.045773 69.624359 23003.557219 0.502582 -0.416436 -0.757623 0.517902 0.846718 -0.121848 0.692235 -0.331136 0.641218
0.964317 -127.539284 -42.507035 -4406.034402 -0.214814 0.353996 0.910243 -0.511211 0.753373 -0.413633 -0.832177 -0.554180 0.019132
0.171975 -260.455205 -20.063228 11141.658266 -0.156054 0.299917 0.941115 0.322641 0.916003 -0.238414 -0.933568 0.266437 -0.239711
0.821177 -2.063850 27.967356 4.481357 0.732656 -0.171252 -0.658702 -0.655801 -0.436504 -0.615945 0.182044 -0.883254 0.432115
1.772337 -2.301298 29.181726 9.615012 0.719366 -0.224693 -0.657286 -0.684694 -0.388842 -0.616438 0.117071 -0.893485 0.433566
1.890457 -1.978960 35.859659 -14.256834 0.455977 -0.403607 -0.793213 0.879542 0.340532 0.332331 0.135983 -0.849199 0.510264
1.515283 -2.011280 47.003780 4.441198 0.791646 -0.137450 -0.595318 -0.596018 -0.388042 -0.702984 0.134384 -0.911335 0.389115
0.931389 -2.287740 16.324175 2.056442 0.654827 -0.262716 -0.708648 0.724823 0.483903 0.490377 0.214088 -0.834756 0.507295
0.267067 -1.755710 38.314637 6.979372 0.814859 -0.090196 -0.572599 -0.556265 -0.399479 -0.728688 0.163017 -0.912295 0.375691
-0.038969 -1.862865 29.734766 10.533077 0.753710 -0.141340 -0.641829 -0.631813 -0.424679 -0.648429 0.180922 -0.894243 0.409385
1.636729 -3.850203 -38.584233 0.545302 0.316029 -0.342814 -0.884649 0.788251 -0.424049 0.445917 -0.528002 -0.838249 0.136212
1.306962 -3.778649 -39.755821 9.090990 0.319986 -0.358259 -0.877074 0.739847 -0.483779 0.467531 -0.591807 -0.798504 0.110254
0.758347 -3.850575 -56.004332 1.295318 0.294646 -0.378435 -0.877480 0.776181 -0.440859 0.450763 -0.557429 -0.813898 0.163837
0.757687 -3.931123 -61.175791 -1.302496 0.278153 -0.382478 -0.881102 0.836386 -0.354621 0.417974 -0.472323 -0.853203 0.221261
-0.099603 -1.026457 24.289988 -6.696650 -0.339468 0.933237 -0.117601 -0.774500 -0.206376 0.597962 -0.533770 -0.294071 -0.792850
-0.527196 -0.720401 -8.881257 27.958690 -0.793205 -0.163758 0.586522 -0.301639 0.942359 -0.144824 -0.528999 -0.291793 -0.796880
0.010263 -1.324316 -16.137194 -2.933885 0.270589 0.827092 -0.492647 -0.792912 0.481690 0.373184 -0.545960 -0.289646 -0.786151
0.142244 -1.607843 14.913319 20.038765 -0.567185 -0.570105 0.594375 -0.645121 0.756167 0.109681 -0.511976 -0.321234 -0.796674
-1.315460 -3.212423 -5.188527 -0.333191 -0.385703 0.371781 0.844400 -0.426832 0.739484 -0.520555 -0.817953 -0.561197 -0.126534
-1.042036 -3.222712 -5.348149 -0.165720 -0.454279 0.405316 0.793315 -0.415954 0.690973 -0.591218 -0.787790 -0.598561 -0.145301
-1.044155 -3.188664 -5.843945 -2.388519 -0.406425 0.378483 0.831606 -0.512704 0.658894 -0.550448 -0.756276 -0.650084 -0.073741
-1.262596 -3.196404 -5.332332 -0.849834 -0.311179 0.312068 0.897653 -0.541126 0.718297 -0.437301 -0.781249 -0.621822 -0.054651
-0.969670 -3.060949 -7.013936 -5.442153 -0.350860 0.338002 0.873300 -0.600268 0.634603 -0.486783 -0.718732 -0.695006 -0.019765
-0.782850 -3.015532 5.505500 5.892842 0.411018 -0.374947 -0.830951 0.589364 -0.586111 0.555989 -0.695496 -0.718254 -0.019922
0.159372 -4.534209 -2.775190 -20.578815 -0.007377 0.330409 0.943809 -0.111683 0.937657 -0.329129 -0.993717 -0.107835 0.029984
0.213690 -4.314549 -10.116001 -22.855199 -0.024672 0.354285 0.934812 -0.230599 0.907862 -0.350158 -0.972736 -0.224206 0.059299
0.247036 -4.468869 2.690971 -25.584738 0.005481 0.339578 0.940562 -0.213887 0.919207 -0.330622 -0.976843 -0.199362 0.077669
-0.463739 -2.036954 0.326776 -25.897609 0.083693 -0.253813 -0.963626 0.944886 -0.286948 0.157645 -0.316523 -0.923710 0.215809
-0.508474 -1.834013 -3.511192 -4.568459 -0.001204 -0.240228 -0.970716 0.938340 -0.335860 0.081953 -0.345712 -0.910763 0.225819
-0.328451 -1.599339 6.645511 -15.939016 0.067398 -0.230767 -0.970672 0.941894 -0.306170 0.138189 -0.329080 -0.923583 0.196723
-0.024489 -20.099024 -3.765395 97.264307 -0.355741 0.361934 0.861657 0.518115 0.843695 -0.140482 -0.777821 0.396462 -0.487660
-0.070562 -23.973710 6.466630 380.891142 -0.323805 0.373588 0.869243 0.718471 0.694865 -0.031003 -0.615589 0.614487 -0.493413
0.255697 -18.265491 -4.306756 219.495981 -0.363303 0.307717 0.879387 0.769086 0.631795 0.096655 -0.525850 0.711439 -0.466194
-0.265215 -22.124669 2.706545 69.253154 -0.346424 0.390469 0.852950 0.374187 0.891303 -0.256051 -0.860218 0.230461 -0.454877
0.311289 -17.353451 -6.906637 106.089587 -0.364361 0.303820 0.880304 0.691424 0.721492 0.037173 -0.623838 0.622208 -0.472952
1.140952 -9.226420 15.679651 26.634978 -0.318612 0.248829 0.914642 0.931295 -0.097568 0.350957 0.176568 0.963621 -0.200647
1.213846 -8.505677 13.665871 -0.249762 -0.274772 0.282813 0.918976 0.941868 -0.113027 0.316400 0.193351 0.952492 -0.235316
1.389264 -10.178513 9.343919 -58.524315 -0.290998 0.306975 0.906138 0.877581 -0.291546 0.380595 0.381014 0.905962 -0.184556
1.211180 -9.305998 5.689943 18.576782 -0.320128 0.261575 0.910547 0.897573 -0.223776 0.379851 0.303118 0.938884 -0.163146
1.332240 -10.838574 1.996817 -67.493621 -0.327495 0.305395 0.894137 0.803152 -0.408486 0.433689 0.497689 0.860159 -0.111501
0.794806 -24.575892 7.945956 -183.538953 0.803760 0.207091 0.557748 -0.568610 0.543254 0.617704 0.175078 0.813627 -0.554400
1.399448 -23.469601 11.660298 141.449973 0.717799 0.250238 0.649728 -0.589003 0.715853 0.375006 0.371269 0.651870 -0.661229
1.009562 -20.909736 17.040089 -112.430311 0.776008 0.213024 0.593660 -0.608365 0.501190 0.615386 0.166444 0.838707 -0.518524
0.918566 -20.335904 4.976087 -196.054262 0.832671 0.182515 0.522827 -0.553766 0.271551 0.787149 -0.001693 0.944959 -0.327183
0.629074 -0.634157 -0.055826 -3.858871 -0.060975 0.969993 -0.235363 0.110725 -0.227773 -0.967398 0.991979 0.085048 0.093514
0.359292 -0.789387 2.050617 -8.860229 -0.061412 0.776492 -0.627128 0.133847 -0.616232 -0.776108 0.989097 0.131602 0.066087
-0.070319 -0.689064 -2.790204 -8.774951 -0.049504 0.882273 -0.468127 0.112041 -0.460838 -0.880384 0.992470 0.096032 0.076037
0.247356 -0.817441 5.289757 -11.114285 -0.062967 0.989797 0.127817 0.075566 0.132432 -0.988308 0.995151 0.052572 0.083133
-0.263921 -0.799243 10.663834 -5.853258 -0.081234 0.985211 0.150864 0.026766 0.153467 -0.987791 0.996336 0.076204 0.038837
-3.472447 -4.334990 14.166870 -2.392213 0.703329 0.649022 0.290000 0.709273 -0.667986 -0.225225 0.047540 0.364096 -0.930147
-3.762590 -4.385438 11.489758 1.824575 0.755700 0.627621 0.187109 -0.652280 0.746905 0.129091 0.058733 0.219602 -0.973820
-4.225169 -4.452073 18.956784 -1.284138 0.735235 0.663788 0.137166 -0.677603 0.714780 0.173039 -0.016818 0.220168 -0.975317
-4.008565 -4.436836 20.038131 4.013647 0.577008 0.780186 0.241603 0.813918 -0.524716 -0.249422 -0.067823 0.340564 -0.937772
0.315354 -2.112280 -7.071019 -3.364923 -0.209568 0.137853 0.968028 0.760804 -0.598899 0.249993 0.614213 0.788870 0.020631
0.050150 -1.926499 -2.329876 -2.394587 -0.214994 0.140893 0.966399 0.771010 -0.582879 0.256505 0.599434 0.800250 0.016686
0.209680 -2.137203 -4.939739 -5.881778 -0.153865 0.093122 0.983694 0.738661 -0.650394 0.177107 0.656281 0.753867 0.031287
0.788618 -2.298832 -15.931980 -4.939773 -0.201151 0.129957 0.970902 0.714939 -0.658080 0.236205 0.669628 0.741648 0.039462
0.125506 -2.238880 -8.960573 -8.168055 -0.086954 0.050871 0.994913 0.708285 -0.699140 0.097651 0.700551 0.713173 0.024762
0.591552 -2.403212 12.528553 5.213084 0.142717 -0.086079 -0.986013 -0.676871 0.718349 -0.160683 0.722134 0.690337 0.044256
0.727188 -3.631423 -7.419012 -7.881488 -0.163434 0.257994 0.952223 0.408539 0.896252 -0.172710 -0.897990 0.360793 -0.251878
1.049243 -3.769914 -8.614364 6.211059 -0.149021 0.273826 0.950164 0.350682 0.913073 -0.208137 -0.924562 0.302188 -0.232093
0.696730 -3.778628 -6.886453 2.710076 -0.202083 0.225903 0.952959 0.368145 0.919193 -0.139831 -0.907541 0.322570 -0.268919
0.583621 -3.629815 1.603124 -1.693055 -0.182548 0.210265 0.960450 0.451992 0.885467 -0.107942 -0.873143 0.414411 -0.256679
-0.070182 -3.196154 -11.738706 -0.537434 0.340288 -0.208867 -0.916831 -0.383141 0.859613 -0.338037 0.858724 0.466305 0.212491
-0.454164 -3.170218 -12.599606 -3.485741 0.316562 -0.164661 -0.934171 -0.380468 0.880089 -0.284057 0.868926 0.445343 0.215954
-0.006530 -3.075601 -14.084012 6.785440 0.337551 -0.193896 -0.921121 -0.469277 0.813614 -0.343236 0.815989 0.548121 0.183645
-0.371531 -2.994227 -8.471872 -9.272239 0.330897 -0.199193 -0.922404 -0.297378 0.905653 -0.302255 0.895585 0.374318 0.240443
0.321764 -3.266139 -11.199377 4.128579 0.358774 -0.255493 -0.897777 -0.414814 0.817976 -0.398553 0.836188 0.515401 0.187487
0.057882 -3.179444 -10.647642 -5.121791 0.361884 -0.258132 -0.895772 -0.314925 0.870556 -0.378092 0.877418 0.418927 0.233749
0.208529 -3.915176 -1.037519 -18.753634 -0.360128 0.103795 0.927111 0.907120 0.270988 0.322025 -0.217811 0.956970 -0.191744
0.301268 -3.227065 -2.139058 3.184073 -0.373481 0.112214 0.920826 0.904144 0.266027 0.334296 -0.207452 0.957412 -0.200813
0.198862 -4.408981 1.372892 -41.176445 -0.389813 0.094960 0.915985 0.904424 0.226755 0.361385 -0.173387 0.969311 -0.174277
0.162791 -4.911774 2.243233 -45.639773 -0.396853 0.090049 0.913454 0.907716 0.186205 0.376004 -0.136231 0.978376 -0.155635
0.139620 -4.468018 1.631555 -36.678715 -0.364692 0.090266 0.926743 0.915985 0.213552 0.339658 -0.167248 0.972753 -0.160563
0.221205 -3.523801 3.917568 -13.374462 -0.335502 0.085932 0.938112 0.906430 0.300658 0.296631 -0.256561 0.949853 -0.178762
1.206315 -7.193356 -0.082251 19.825984 -0.508508 0.278116 0.814905 0.420307 0.906165 -0.046987 -0.751506 0.318617 -0.577686
1.387867 -7.780100 1.684949 28.126497 -0.491663 0.293175 0.819949 0.269741 0.946580 -0.176708 -0.827953 0.134293 -0.544480
1.322565 -7.668058 0.201889 18.551158 -0.526281 0.265937 0.807655 0.294900 0.947966 -0.119976 -0.797535 0.175037 -0.577321
1.025537 -7.257907 -2.967849 11.578081 -0.553029 0.253371 0.793702 0.481158 0.874845 0.055983 -0.680181 0.412856 -0.605726
-0.122834 -7.522302 -1.584388 17.201291 -0.340062 0.073583 0.937520 0.848196 0.454517 0.271989 -0.406105 0.887694 -0.216977
-0.146545 -7.672470 1.966779 6.195185 -0.352895 0.057498 0.933895 0.866775 0.395979 0.303152 -0.352372 0.916458 -0.189576
-0.122831 -6.995916 0.349417 7.532288 -0.369911 0.059166 0.927181 0.897790 0.279532 0.340347 -0.239040 0.958312 -0.156520
-0.117790 -7.217295 -4.483923 -3.116800 -0.369604 0.076299 0.926051 0.896995 0.289367 0.334166 -0.242472 0.954173 -0.175391
-0.087395 -8.234789 -10.221875 -6.122711 0.426954 -0.331359 -0.841375 0.148766 0.943504 -0.296089 0.891952 0.001248 0.452128
0.452620 -7.847024 4.194894 10.598440 0.393422 -0.299057 -0.869358 -0.036790 0.939736 -0.339916 0.918622 0.165714 0.358711
0.009460 -8.104889 3.978277 -6.551449 0.389226 -0.297593 -0.871746 -0.063869 0.935379 -0.347832 0.918925 0.191063 0.345067
-0.447736 -8.318160 -2.230980 2.900818 0.392204 -0.372563 -0.841054 0.167397 0.927951 -0.332995 0.904519 -0.010188 0.426312
0.244266 -3.659374 -1.329929 1.334382 -0.239173 0.358331 0.902439 0.109164 0.933444 -0.341710 -0.964821 0.016786 -0.262372
0.310051 -3.564178 3.235557 -5.239467 -0.225459 0.405124 0.886027 0.166132 0.912109 -0.374776 -0.959984 0.062701 -0.272947
0.434203 -3.733423 2.707586 -2.948139 -0.231890 0.393217 0.889723 0.216253 0.912605 -0.346967 -0.948400 0.111947 -0.296658
0.430877 -3.711565 0.467528 -0.573585 -0.239624 0.336737 0.910598 0.200627 0.934854 -0.292912 -0.949910 0.112502 -0.291572
0.385193 -6.774867 -8.263759 1.975440 0.403110 -0.320810 -0.857078 -0.396889 0.782599 -0.479601 0.824610 0.533497 0.188147
0.473666 -5.521338 -2.621030 -27.362896 0.471045 -0.480032 -0.740058 -0.233194 0.741352 -0.629299 0.850727 0.469005 0.237270
-0.410710 -6.698565 -11.828860 -13.294425 0.428603 -0.349146 -0.833305 -0.495206 0.680653 -0.539891 0.755692 0.644056 0.118830
0.665034 -7.583983 -16.894229 21.598679 0.379554 -0.250470 -0.890620 -0.432092 0.803223 -0.410035 0.818068 0.540460 0.196640
1.424199 -8.621669 -9.563610 71.010673 0.416466 -0.352651 -0.837970 -0.230242 0.850748 -0.472458 0.879514 0.389698 0.273113
0.085358 -6.835537 -13.884995 -3.732075 0.387981 -0.275145 -0.879640 -0.527735 0.716140 -0.456771 0.755623 0.641435 0.132645
-0.196388 -3.736235 6.368422 -35.373746 -0.215077 0.072330 0.973915 0.949693 -0.216977 0.225842 0.227653 0.973493 -0.022024
0.077101 -4.848091 -2.019886 -42.583422 -0.099959 0.032700 0.994454 0.958465 -0.265157 0.105060 0.267122 0.963651 -0.004837
0.383407 -3.598626 13.170032 -18.562402 -0.386934 0.079749 0.918652 0.913558 -0.102198 0.393660 0.125278 0.991562 -0.033311
0.393290 -2.583193 15.490925 -9.882517 -0.520324 0.136515 0.842987 0.840828 -0.090610 0.533665 0.149237 0.986485 -0.067639
-1.158028 -6.186644 12.787315 5.220373 -0.346981 0.187350 0.918969 -0.272865 0.917292 -0.290035 -0.897301 -0.351391 -0.267161
-1.192972 -6.384838 13.631122 14.169144 -0.345580 0.175736 0.921787 -0.438102 0.838468 -0.324097 -0.829844 -0.515838 -0.212768
-1.154116 -6.183832 8.653250 13.523940 -0.335695 0.202220 0.920009 -0.410601 0.847600 -0.336126 -0.847771 -0.490592 -0.201503
-1.077734 -6.004430 9.835192 1.125400 -0.334106 0.205745 0.919806 -0.270689 0.913828 -0.302731 -0.902829 -0.350126 -0.249622
-0.401515 -9.329368 1.102114 22.148746 0.150417 0.523775 0.838472 0.580823 0.639497 -0.503676 -0.800012 0.562765 -0.208029
-0.235012 -9.398426 0.941835 -6.514677 0.156043 0.541349 0.826191 0.382856 0.737901 -0.555808 -0.910534 0.403042 -0.092114
-0.311322 -9.219602 1.443912 -20.671182 0.161331 0.527917 0.833832 0.342724 0.762347 -0.548969 -0.925480 0.374340 -0.057940
-0.567125 -9.831920 -0.571532 3.408747 0.163989 0.514660 0.841566 0.430286 0.730360 -0.530498 -0.887672 0.449110 -0.101680
-0.299860 -14.283286 -10.268239 82.657427 -0.164684 -0.641340 -0.749375 0.986289 -0.098893 -0.132113 0.010621 -0.760857 0.648832
-0.289599 -15.520478 -19.259601 31.215537 -0.189783 -0.648168 -0.737469 0.935147 -0.348178 0.065362 -0.299136 -0.677237 0.672211
-0.550166 -14.557610 -7.232811 39.602261 -0.160226 -0.624803 -0.764165 0.935915 -0.342177 0.083536 -0.313673 -0.701809 0.639588
0.026815 -16.172853 -18.857919 153.596820 -0.190099 -0.647254 -0.738191 0.979193 -0.070611 -0.190249 0.071015 -0.758997 0.647209
-1.751370 -2.255603 -1.586253 11.304961 0.266464 0.946759 -0.180680 -0.624450 0.312370 0.715882 -0.734206 0.077931 -0.674439
-1.537435 -2.569804 3.503091 14.025803 0.130642 0.988856 0.071390 -0.697838 0.040567 0.715106 -0.704241 0.143242 -0.695361
-1.779160 -2.830758 5.187356 16.269346 0.072198 0.994669 0.073628 -0.748159 0.005191 0.663500 -0.659580 0.102989 -0.744545
-2.040219 -2.575619 5.634216 32.153174 0.011397 0.999624 0.024937 -0.707667 -0.009556 0.706481 -0.706454 0.025699 -0.707292
0.256772 -26.453680 10.574524 103.422151 -0.211860 -0.485221 -0.848337 -0.219079 0.869530 -0.442630 0.952428 0.092078 -0.290521
0.018522 -35.509141 -21.893155 715.204772 -0.166505 -0.443634 -0.880605 -0.459153 0.825223 -0.328916 0.872613 0.349566 -0.341100
0.630923 -30.487285 -11.011152 -62.308968 -0.198373 -0.457815 -0.866633 0.027571 0.881249 -0.471847 0.979739 -0.117495 -0.162194
0.630026 -27.131752 -1.932279 -245.802563 -0.207791 -0.475052 -0.855072 0.197405 0.835800 -0.512317 0.958047 -0.275251 -0.079894
0.441361 -30.768673 -4.133387 -279.675334 -0.205387 -0.487927 -0.848377 0.045662 0.861136 -0.506320 0.977615 -0.142730 -0.154587
-4.899709 -829.812634 244.750748 -69350.990224 0.388436 -0.139099 -0.910917 -0.530213 0.774765 -0.344403 0.753652 0.616758 0.227194
-5.510154 -377.125182 1.393432 11447.309800 -0.148808 0.234503 0.960658 0.703662 0.707669 -0.063748 -0.694778 0.666493 -0.270318
-103.418606 -6856.097962 -500.272299 159583.357194 -0.202938 0.260551 0.943890 0.751845 0.659028 -0.020269 -0.627331 0.705546 -0.329636
-0.523006 -83.146251 14.189740 4950.469306 -0.387120 0.113837 0.914975 0.824550 -0.401346 0.398796 0.412619 0.908825 0.061505
-41.382716 -1266.749546 872.022345 -29606.906313 0.266225 -0.224661 -0.937364 -0.589982 0.731045 -0.342775 0.762263 0.644284 0.062076
80.175737 -390.247942 1902.270365 -26307.506914 0.560272 -0.216300 -0.799569 -0.028254 0.959750 -0.279430 0.827827 0.179148 0.531610
0.944048 -2.247037 -2.644104 4.912610 0.748562 -0.204699 -0.630677 0.647566 0.021248 0.761713 0.142521 0.978594 -0.148461
1.168414 -2.047744 20.338046 15.354248 0.830067 -0.242020 -0.502408 0.536188 0.098761 0.838301 0.153268 0.965232 -0.211746
0.969678 -1.760152 24.053221 -4.848141 0.765007 -0.267473 -0.585852 0.618270 0.050351 0.784351 0.180295 0.962249 -0.203889
0.703281 -1.638083 34.031818 0.664624 0.829234 -0.277364 -0.485221 0.526989 0.098862 0.844103 0.186154 0.955665 -0.228147
0.713170 -1.885865 16.899844 -5.805099 0.722645 -0.260579 -0.640221 0.661177 -0.009508 0.750169 0.201565 0.965406 -0.165418
1.701918 -3.748833 30.221173 -4.155462 -0.262612 0.308372 0.914298 0.880565 0.464013 0.096421 -0.394513 0.830420 -0.393397
1.430982 -3.908847 48.498982 -2.340209 -0.238045 0.283235 0.929039 0.923177 0.363202 0.125814 -0.301794 0.887616 -0.347934
0.504953 -3.930024 48.758303 0.159932 -0.229178 0.268278 0.935684 0.895276 0.435386 0.094447 -0.382046 0.859340 -0.339964
1.322466 -3.866852 50.532472 -0.372059 -0.258579 0.260213 0.930283 0.834220 0.545709 0.079235 -0.487046 0.796549 -0.358183
-3.173616 -6.821626 10.260790 -8.508620 -0.298639 0.782128 0.546891 0.916385 0.074951 0.393218 0.266557 0.618593 -0.739114
-3.045008 -6.878307 7.599562 -7.390445 -0.346361 0.743451 0.572114 0.863818 0.014911 0.503584 0.365859 0.668624 -0.647371
-3.327111 -7.030239 8.134119 0.863166 -0.289054 0.788836 0.542390 0.826597 -0.080135 0.557061 0.482894 0.609358 -0.628885
0.047567 -4.371053 -11.788922 1.314954 -0.254565 0.282369 0.924913 -0.024546 0.954227 -0.298074 -0.966744 -0.098582 -0.235982
0.119462 -4.314180 -6.370873 -2.283402 -0.244721 0.252952 0.936017 0.078698 0.967367 -0.240848 -0.966394 0.014722 -0.256642
0.245683 -4.305653 -13.188966 2.250814 -0.256324 0.274576 0.926772 0.014639 0.959797 -0.280311 -0.966480 -0.058284 -0.250039
0.200415 -4.254159 -10.645339 -1.043213 -0.258795 0.235423 0.936804 0.148921 0.967973 -0.202116 -0.954383 0.087203 -0.285566
-0.151778 -4.190573 7.034278 1.773870 -0.086910 0.256526 0.962622 0.802316 -0.554769 0.220275 0.590539 0.791471 -0.157600
0.290290 -4.113885 18.836955 -3.048262 -0.087254 0.210669 0.973656 0.828960 -0.526678 0.188244 0.552460 0.823547 -0.128681
0.046683 -3.897630 8.864804 10.948642 -0.066446 0.225917 0.971878 0.721864 -0.661551 0.203133 0.688838 0.715061 -0.119124
0.084749 -3.866318 -7.528988 -17.242244 0.083201 -0.233168 -0.968871 -0.648597 0.725459 -0.230286 0.756571 0.647566 -0.090874
-0.079107 -3.652061 -5.140298 -15.915548 0.092088 -0.254986 -0.962550 -0.628460 0.734921 -0.254811 0.772372 0.628389 -0.092571
-0.106619 -22.174076 3.513379 146.383644 0.391023 -0.217526 -0.894306 0.748178 -0.490779 0.446504 -0.536033 -0.843693 -0.029158
-0.227035 -26.148475 -0.328159 200.998200 0.382236 -0.169964 -0.908299 0.687095 -0.604988 0.402355 -0.617896 -0.777883 -0.114467
-0.422159 -26.445698 -6.404356 339.471420 -0.403400 0.201922 0.892466 -0.384566 0.847612 -0.365600 -0.830288 -0.490695 -0.264275
-1.799367 -38.233139 -52.774775 624.843141 0.799130 0.385993 0.460871 0.247457 0.487463 -0.837344 0.547866 -0.783192 -0.294030
-3.080166 -48.003570 -41.033373 423.687902 0.821392 0.402431 0.404184 0.393746 0.112604 -0.912296 0.412649 -0.908499 0.065964
1.175378 -921.678414 -933.988825 34642.722855 0.801092 0.398038 0.447008 0.438111 0.118901 -0.891023 0.407811 -0.909631 0.079134
-0.678047 -37.286998 -10.258014 631.666676 0.783778 0.447635 0.430483 0.184169 0.494453 -0.849469 0.593106 -0.745077 -0.305101
-4.317072 -6.005892 43.539674 -28.667334 0.387067 -0.155236 -0.908890 0.208074 0.975005 -0.077916 0.898267 -0.158958 0.409693
-3.224727 -5.667610 8.546684 -25.892234 0.287995 -0.393279 -0.873150 0.298040 0.903307 -0.308559 0.910072 -0.171370 0.377360
-2.750130 -5.094933 -20.659091 -26.686021 0.196982 -0.508063 -0.838493 0.414000 0.818362 -0.398607 0.888708 -0.268617 0.371541
0.986782 -2.894401 -150.175078 -3.988354 -0.586889 -0.408665 -0.698967 0.807877 -0.352948 -0.471977 -0.053818 -0.841677 0.537292
1.431147 -3.514689 -151.803523 -1.710167 -0.396634 -0.479864 -0.782568 0.917486 -0.179337 -0.355047 0.030030 -0.858818 0.511400
0.400395 -3.224547 2.341077 3.729545 0.162833 -0.451985 -0.877037 0.978659 -0.038940 0.201768 -0.125348 -0.891175 0.435999
0.396239 -3.203032 -2.704561 -1.222494 0.179978 -0.442335 -0.878606 0.981129 0.016554 0.192645 -0.070669 -0.896697 0.436967
-0.361475 -3.153838 2.565733 -32.710885 0.028383 -0.414395 -0.909654 0.993767 0.109839 -0.019030 0.107801 -0.903445 0.414930
-0.368464 -3.340977 -9.348420 -7.064703 0.003356 -0.441863 -0.897077 0.998489 0.050693 -0.021234 0.054858 -0.895649 0.441365
-0.247528 -3.139392 -7.175153 24.403208 -0.040507 -0.441354 -0.896418 0.998733 0.008924 -0.049524 0.029858 -0.897289 0.440434
-0.406818 -4.018246 24.653492 9.745453 0.311458 -0.257120 -0.914813 0.157426 0.963356 -0.217166 0.937129 -0.076378 0.340522
-1.168467 -4.100376 21.699245 -6.098858 0.343158 -0.307134 -0.887643 0.226528 0.944195 -0.239127 0.911552 -0.119018 0.393583
-1.382797 -3.918968 -0.587149 -11.730399 0.387746 -0.361480 -0.847930 0.290083 0.921010 -0.259985 0.874931 -0.145162 0.461977
-1.302369 -3.632436 13.889443 -23.085742 0.373092 -0.271626 -0.887143 0.361922 0.923042 -0.130409 0.854292 -0.272422 0.442686
-0.917590 -4.023499 28.354368 -16.180664 0.324309 -0.269011 -0.906894 0.295498 0.939544 -0.173025 0.898613 -0.211872 0.384195
-1.982781 -11.485411 -11.033469 -60.990151 0.615407 -0.125223 -0.778199 0.265540 0.962523 0.055108 0.742134 -0.240557 0.625595
-2.576293 -12.367438 -12.013803 -12.634794 0.571978 -0.169163 -0.802637 0.138294 0.984384 -0.108917 0.808527 -0.048702 0.586440
-1.689840 -10.056058 -14.228672 150.691050 0.634158 -0.137888 -0.760809 -0.528022 -0.796031 -0.295851 0.564833 -0.589340 0.577617
-2.045959 -12.654589 -27.351076 -0.638870 0.669248 -0.123815 -0.732650 0.018401 0.988478 -0.150241 0.742811 0.087067 0.663816
-1.211398 -10.102061 -22.439126 -93.350558 0.677328 -0.134295 -0.723320 0.382675 0.904031 0.190496 0.628321 -0.405825 0.663716
-1.416284 -11.660644 -27.046929 -3.568880 0.689479 -0.117875 -0.714649 0.156588 0.987593 -0.011821 0.707176 -0.103755 0.699383
-0.485816 -7.434083 32.576095 -35.380172 -0.219149 0.244918 0.944452 0.280184 0.943009 -0.179530 -0.934596 0.225277 -0.275281
-0.813204 -6.005629 -27.653343 -17.262187 -0.132230 0.237695 0.962297 0.760917 -0.597819 0.252224 0.635232 0.765580 -0.101816
-0.831287 -4.716074 -26.926002 -34.604278 -0.115461 0.222064 0.968172 0.870058 -0.447643 0.206434 0.479237 0.866200 -0.141523
-1.079984 -4.358361 -12.872919 -63.232467 -0.117612 0.178496 0.976886 0.919092 -0.352977 0.175150 0.376081 0.918448 -0.122540
-1.853029 -2.831410 -4.909650 10.270998 -0.310233 0.203454 0.928635 -0.237378 0.929310 -0.282903 -0.920547 -0.308203 -0.240007
-1.712633 -2.228063 -8.535147 22.314906 -0.332077 0.005520 0.943236 -0.208971 0.974703 -0.079275 -0.919813 -0.223434 -0.322523
-1.615769 -2.532041 -8.969405 20.555727 -0.395694 0.275313 0.876145 -0.170094 0.915533 -0.364510 -0.902493 -0.293261 -0.315442
-1.586957 -2.939943 -8.331313 3.756500 -0.396547 0.311783 0.863447 -0.234538 0.874938 -0.423646 -0.887548 -0.370507 -0.273829
1.001952 -3.216841 10.414018 3.809310 0.445689 -0.183751 -0.876126 0.823539 0.467822 0.320820 0.350920 -0.864510 0.359830
1.164464 -3.234994 3.641745 2.969924 0.432594 -0.218066 -0.874820 0.840670 0.448178 0.303990 0.325785 -0.866939 0.377201
0.983466 -3.059292 1.327919 5.196670 0.438111 -0.212713 -0.873391 0.795543 0.544120 0.266541 0.418533 -0.811595 0.407608
0.818481 -3.076520 9.724811 5.554622 0.441482 -0.179325 -0.879168 0.787321 0.547390 0.283708 0.430372 -0.817439 0.382849
0.197841 -7.525616 -0.944969 14.361722 0.150901 -0.260421 -0.953630 0.850876 -0.456859 0.259402 -0.503228 -0.850565 0.152646
-0.139001 -7.757364 -4.925005 8.619797 -0.605103 0.246444 0.757044 0.105474 0.967318 -0.230590 -0.789130 -0.059682 -0.611320
-0.247107 -7.887960 -2.314550 -19.479381 -0.599026 0.219696 0.770001 -0.131976 0.921384 -0.365560 -0.789779 -0.320601 -0.522938
-0.431784 -7.632573 -5.645908 -6.867091 -0.592772 0.252953 0.764615 0.016254 0.952960 -0.302661 -0.805206 -0.166981 -0.568999
2.008878 -3.731905 34.147633 -9.198016 0.440045 0.092829 0.893165 0.198905 0.959859 -0.197757 -0.875670 0.264677 0.403917
2.824929 -4.190944 -10.848185 -28.953943 0.245560 0.275637 0.929368 0.259631 0.904995 -0.337009 -0.933966 0.324049 0.150667
0.459863 -17.646786 6.111134 -63.555544 -0.229808 -0.235246 -0.944377 0.970907 0.011677 -0.239173 0.067292 -0.971866 0.225719
0.095505 -16.257648 -6.498322 -72.859812 -0.256316 -0.230451 -0.938720 0.941074 -0.281179 -0.187931 -0.220640 -0.931574 0.288942
0.084920 -14.387034 4.171907 -33.157111 -0.246519 -0.204872 -0.947236 0.836191 -0.539052 -0.101031 -0.489911 -0.816976 0.304199
-0.025705 -15.193862 -7.968399 -24.842576 -0.268234 -0.219724 -0.937962 0.753523 -0.654476 -0.062174 -0.600212 -0.723452 0.341120
0.333505 -7.915825 -17.279213 27.275597 0.116234 -0.276553 -0.953944 0.871123 -0.432985 0.231667 -0.477111 -0.857929 0.190584
1.397674 -1.537480 1.717139 -10.314203 0.383742 -0.201682 -0.901147 0.245446 0.963033 -0.111013 0.890224 -0.178583 0.419058
1.324673 -1.512007 -0.535041 -13.362401 0.351353 -0.227195 -0.908258 0.239204 0.959696 -0.147528 0.905170 -0.165425 0.391538
1.526046 -1.395575 1.967243 -2.253742 0.410687 -0.092056 -0.907117 0.235358 0.971876 0.007927 0.880876 -0.216753 0.420803
-0.742945 -16.692968 4.999419 -213.297061 -0.115072 -0.143107 -0.982995 0.987616 0.089754 -0.128680 0.106642 -0.985629 0.131007
-0.519774 -16.835296 15.285364 -300.595396 -0.149925 -0.107459 -0.982840 0.981646 -0.134689 -0.135016 -0.117869 -0.985044 0.125680
-0.684233 -18.818521 21.032176 -154.535604 -0.161733 -0.128394 -0.978446 0.929272 0.313864 -0.194791 0.332109 -0.940747 0.068550
-0.884437 -5.727666 46.988358 199.514536 -0.551555 -0.067730 0.831384 0.808522 0.201698 0.552820 -0.205131 0.977103 -0.056486
-1.532248 -16.538578 13.278136 540.454535 -0.183640 0.132631 0.974005 0.942890 0.303902 0.136391 -0.277913 0.943426 -0.180866
-1.422778 -21.842561 33.278351 612.427076 -0.231173 0.065106 0.970732 0.964510 0.146185 0.219886 -0.127591 0.987112 -0.096589
-9.226181 -1511.755441 -334.462004 147916.975115 -0.280841 0.383095 0.879981 0.417978 0.874184 -0.247177 -0.863958 0.298395 -0.405632
-13.198114 -456.305156 226.203586 573.562191 0.227100 -0.496493 -0.837807 0.716223 -0.497774 0.489128 -0.659887 -0.711137 0.242556
-3.475080 -1540.325579 -5.894476 43305.191730 0.375714 -0.429837 -0.821023 0.499852 0.840007 -0.211035 0.780376 -0.331102 0.530457
3.239874 -1.909788 49.513221 -19.007412 0.549160 -0.364894 -0.751848 0.833302 0.307429 0.459451 0.063489 -0.878829 0.472895
1.623974 -3.641921 -5.894009 2.603128 0.372883 -0.291759 -0.880815 0.722536 -0.504278 0.472912 -0.582152 -0.812761 0.022770
-1.449948 -11.978749 -27.744777 -53.961897 -0.123995 0.281523 0.951509 0.955628 0.292101 0.038108 -0.267208 0.914014 -0.305250
-0.928090 -11.650818 -35.960676 -55.167692 -0.162477 0.288758 0.943515 0.878361 0.477971 0.004977 -0.449536 0.829555 -0.331294
-1.869326 -11.303532 -25.516150 -64.779013 -0.103331 0.262116 0.959488 0.838919 0.541210 -0.057503 -0.534357 0.798991 -0.275818
-1.212978 -3.209741 -6.815843 1.303429 -0.441262 0.393070 0.806712 -0.346506 0.754612 -0.557220 -0.827781 -0.525410 -0.196781
-1.066760 -3.188466 -5.585530 3.462867 -0.485170 0.413260 0.770601 -0.305168 0.745838 -0.592114 -0.819440 -0.522439 -0.235745
-0.438268 -1.571300 6.583889 3.640981 0.000680 -0.202311 -0.979321 0.937522 -0.340602 0.071013 -0.347925 -0.918183 0.189439
-0.505279 -1.844745 -9.330951 16.696929 -0.210770 -0.162595 -0.963919 0.906269 -0.402107 -0.130336 -0.366406 -0.901040 0.232107
-0.620490 -2.159144 -6.156749 8.025426 -0.192539 -0.186698 -0.963365 0.913312 -0.393129 -0.106348 -0.358872 -0.900330 0.246206
