19938
39858
-2.530052 -4.269672 -6.873357 35.211110 0.352733 0.017413 -0.935562 -0.029306 0.999542 0.007555 0.935265 0.024753 0.353081
-2.977458 -5.148280 -8.188979 31.542966 0.333924 0.209582 -0.919005 0.025007 0.972655 0.230904 0.942268 -0.100086 0.319552
-4.027567 -5.009808 -14.469318 66.633195 0.235165 0.699086 -0.675260 -0.221192 0.715007 0.663203 0.946452 -0.006600 0.322777
-2.476400 -4.654994 14.719352 26.942935 0.380050 0.024312 -0.924646 0.060855 0.996831 0.051223 0.922962 -0.075737 0.377366
-2.993161 -3.718780 -20.357649 44.853213 0.276411 0.396052 -0.875637 -0.231845 0.911705 0.339179 0.932655 0.109259 0.343828
-1.995831 -3.570257 0.300841 29.298172 0.376184 -0.153234 -0.913786 -0.046186 0.981902 -0.183670 0.925393 0.111298 0.362299
-2.339600 -4.140344 5.600802 23.310232 0.403660 -0.226916 -0.886322 0.092501 0.973913 -0.207213 0.910221 0.001658 0.414120
0.885490 -3.986508 -146.819892 -19.323440 -0.452048 -0.330514 0.828500 0.701067 -0.705920 0.100905 0.551504 0.626448 0.550823
0.848679 -3.997124 -147.729371 -11.628403 -0.581547 -0.167282 0.796128 0.634690 -0.705479 0.315386 0.508893 0.688706 0.516441
-0.797286 -3.101696 -78.473633 -11.254355 -0.595647 -0.241850 0.765972 0.626694 -0.736425 0.254819 0.502453 0.631812 0.590215
-0.945905 -3.693502 -63.457796 -15.950334 -0.342438 -0.495618 0.798185 0.748896 -0.656997 -0.086657 0.567354 0.568083 0.596147
-2.568190 -3.264432 -18.878228 -12.121979 -0.405395 -0.495112 0.768453 0.759327 -0.650446 -0.018500 0.508996 0.576007 0.639639
3.361073 -7.263147 -63.775305 -7.110676 -0.307963 -0.384444 0.870265 0.520439 0.697656 0.492361 -0.796431 0.604549 -0.014772
4.269416 -7.697336 -26.012143 -4.269227 -0.218400 -0.474892 0.852513 0.473574 0.712260 0.518086 -0.853246 0.516878 0.069339
3.568858 -7.352063 -42.680152 13.333840 -0.291727 -0.456758 0.840397 0.365703 0.758600 0.539248 -0.883831 0.464649 -0.054266
2.147766 -6.702004 -68.998692 -1.828734 -0.378800 -0.381016 0.843408 0.409194 0.748452 0.521900 -0.830103 0.542813 -0.127604
1.633179 -6.629555 -71.233111 -14.354576 -0.343914 -0.300623 0.889578 0.582104 0.675110 0.453190 -0.736802 0.673685 -0.057186
-4.694410 -5.094449 -17.430184 16.181969 0.763255 -0.256013 0.593211 0.133954 0.960898 0.242344 -0.632059 -0.105508 0.767704
-4.805469 -5.106315 22.829240 10.728149 -0.577012 0.737929 -0.350025 0.615106 0.674576 0.408157 -0.537309 -0.020209 0.843143
-4.577901 -5.029207 15.303571 -1.675944 -0.528232 0.712637 -0.461649 0.535438 0.701532 0.470275 -0.658997 -0.001230 0.752145
-4.638228 -5.083018 -16.384429 15.870712 0.685456 -0.304391 0.661435 0.150145 0.947989 0.280665 -0.712466 -0.093072 0.695507
-4.615162 -5.119473 -9.821535 5.463828 0.748997 -0.191097 0.634418 -0.014406 0.952582 0.303941 -0.662417 -0.236790 0.710728
-4.695193 -5.256753 -8.571371 -11.663255 0.818937 -0.225580 0.527690 0.012916 0.926518 0.376029 -0.573739 -0.301128 0.761673
1.024777 -3.142151 -27.598098 -2.634079 0.070674 0.379378 -0.922539 -0.684875 0.690862 0.231638 0.725225 0.615453 0.308652
1.992920 -3.259704 -35.411903 -0.847751 0.005341 0.406772 -0.913514 -0.673035 0.677109 0.297570 0.739591 0.613238 0.277388
1.585084 -3.174101 -24.594564 -4.293266 0.068441 0.363201 -0.929194 -0.613218 0.749979 0.247983 0.786943 0.552826 0.274051
0.645823 -3.145785 -29.729350 -4.668336 0.156213 0.330982 -0.930617 -0.622468 0.764528 0.167423 0.766897 0.553126 0.325455
0.252689 -3.081930 -23.012017 -0.969318 0.147595 0.335112 -0.930546 -0.707864 0.692886 0.137250 0.690756 0.638442 0.339480
71.015572 2.362328 -3297.416531 28.990187 -0.646284 0.731740 0.216502 0.023398 -0.264579 0.964080 -0.762738 -0.628136 -0.153872
1.573736 -14.027705 69.017162 129.258943 0.199307 -0.463817 0.863221 -0.586155 0.649504 0.484321 -0.785302 -0.602510 -0.142418
17.852770 -11.177986 -881.918466 -57.506031 -0.533809 0.559599 -0.633953 0.646224 -0.213564 -0.732657 -0.545383 -0.800775 -0.247624
29.826227 -0.821122 -1254.124906 -62.014209 -0.641052 0.745821 -0.181114 -0.352219 -0.076219 0.932809 -0.681905 -0.661771 -0.311553
5.593821 -3.718406 -205.901646 -120.671576 -0.371960 0.800781 -0.469464 -0.342207 0.351834 0.871268 -0.862868 -0.484730 -0.143164
1.065672 -3.860326 -52.716220 7.619706 0.336558 0.729532 -0.595410 0.116660 0.595123 0.795122 -0.934409 0.337065 -0.115186
1.855949 -3.743990 -51.922194 8.259699 0.368462 0.741758 -0.560384 0.108237 0.564467 0.818329 -0.923321 0.362177 -0.127699
1.335080 -3.778083 -28.976804 16.973350 0.381253 0.727311 -0.570670 0.225283 0.525592 0.820366 -0.896601 0.441329 -0.036532
1.586424 -3.569572 10.079197 13.476855 0.513970 0.694236 -0.503857 0.210290 0.467482 0.858626 -0.831633 0.547264 -0.094281
1.461517 -3.594685 -10.253330 -4.055054 0.427866 0.695958 -0.576692 0.270369 0.510279 0.816404 -0.862457 0.505231 -0.030166
0.880650 -2.200204 -15.049537 -9.993844 0.042241 0.978354 -0.202581 0.441542 -0.200167 -0.874628 0.896246 0.052503 0.440440
0.671646 -2.184576 -18.311422 1.872854 0.101006 0.950140 -0.295012 0.486746 -0.305810 -0.818266 0.867685 0.060946 0.493365
1.205506 -1.824097 -15.918188 2.413984 0.067653 0.954525 -0.290354 0.484512 -0.285832 -0.826769 0.872165 0.084746 0.481816
0.928696 -2.068390 -22.083716 9.991363 0.150174 0.910307 -0.385731 0.513805 -0.405190 -0.756192 0.844661 0.084631 0.528569
1.098295 -5.474543 -12.157227 -46.707592 -0.279968 -0.626963 0.727005 0.689678 0.395432 0.606611 -0.667804 0.671231 0.321694
0.894626 -5.466991 -11.072377 8.974177 -0.262564 -0.616891 0.741960 0.806699 0.281564 0.519575 -0.529431 0.734960 0.423717
1.243099 -5.791135 -16.098324 -15.007525 -0.258799 -0.622539 0.738558 0.784756 0.310297 0.536539 -0.563189 0.718443 0.408237
1.072177 -5.473379 -10.457824 45.233923 -0.219055 -0.617984 0.755056 0.897932 0.175088 0.403809 -0.381749 0.766446 0.516554
1.536061 -6.001700 14.479303 -32.374336 0.245493 0.646363 -0.722460 0.686720 0.410063 0.600220 -0.684214 0.643477 0.343203
1.357633 -5.837496 -8.243231 6.224577 -0.210285 -0.646723 0.733164 0.845475 0.256238 0.468524 -0.490870 0.718395 0.492905
0.843648 -8.771229 -16.396191 -23.697698 -0.406971 0.503324 -0.762260 0.909736 0.148258 -0.387814 -0.082185 -0.851284 -0.518228
1.221555 -9.011542 -25.117989 20.237635 -0.399816 0.496940 -0.770193 0.907217 0.334439 -0.255162 0.130782 -0.800751 -0.584546
1.774812 -9.040303 -28.258037 8.146442 -0.432285 0.512795 -0.741735 0.900626 0.286353 -0.326919 0.044756 -0.809347 -0.585623
0.677728 -8.950176 -24.389580 12.205522 -0.358260 0.472878 -0.805007 0.922782 0.310361 -0.228362 0.141855 -0.824659 -0.547554
1.505208 -8.613128 -33.853739 -38.018069 -0.443906 0.503618 -0.741159 0.883979 0.110688 -0.454234 -0.146723 -0.856806 -0.494323
0.812641 -8.118724 -16.532112 -47.754660 -0.423185 0.513290 -0.746624 0.857183 -0.040141 -0.513445 -0.293516 -0.857276 -0.422997
0.225704 -8.177811 -10.208301 -42.060934 -0.384577 0.496103 -0.778449 0.878000 -0.063763 -0.474395 -0.284985 -0.865919 -0.411057
0.256367 -8.788341 -10.495742 -31.473902 -0.355132 0.488994 -0.796722 0.929231 0.091630 -0.357958 -0.102036 -0.867461 -0.486929
0.474791 -10.613174 -6.275715 -50.039885 -0.328138 0.631347 -0.702657 -0.053166 0.730321 0.681032 0.943133 0.260830 -0.206079
0.802313 -10.376465 -5.118851 -74.583560 -0.339437 0.640625 -0.688754 0.073256 0.748007 0.659635 0.937772 0.173449 -0.300831
0.799810 -9.415768 -12.847140 -95.792727 -0.318384 0.620002 -0.717098 0.184663 0.782535 0.594591 0.929802 0.056886 -0.363638
0.363607 -10.400608 -13.338314 -56.923793 -0.294844 0.610144 -0.735385 -0.009049 0.767779 0.640650 0.955503 0.195547 -0.220854
0.032438 -3.436110 3.783621 -3.215958 0.065220 -0.620035 0.781858 -0.069619 0.778790 0.623409 -0.995439 -0.095092 0.007627
-0.034066 -3.293341 -5.399240 4.613571 0.044600 -0.569372 0.820869 -0.151932 0.808263 0.568883 -0.987384 -0.150088 -0.050458
-0.005299 -3.646528 4.017193 6.788358 0.053367 -0.562316 0.825198 -0.120762 0.816676 0.564319 -0.991246 -0.129769 -0.024322
0.151631 -3.616285 7.057715 -2.728721 0.060764 -0.602762 0.795604 -0.028857 0.795683 0.605026 -0.997735 -0.059723 0.030955
0.203600 -3.509782 5.843168 -10.363150 0.073299 -0.661204 0.746616 0.016253 0.749323 0.662006 -0.997178 -0.036390 0.065671
0.149637 -3.281499 -3.933662 -10.820042 0.064297 -0.670146 0.739440 -0.022020 0.739840 0.672423 -0.997688 -0.059517 0.032813
0.097865 -5.195476 -15.506814 78.268002 -0.336539 0.453606 -0.825217 0.558175 0.801880 0.213143 0.758408 -0.388885 -0.523055
-0.473313 -7.032458 -19.717600 73.523669 -0.294425 0.496805 -0.816394 0.690782 0.700955 0.177433 0.660405 -0.511709 -0.549562
-0.152971 -4.777698 -16.482709 94.525269 -0.335843 0.459420 -0.822279 0.526249 0.815545 0.240722 0.781199 -0.351879 -0.515664
-0.444898 -3.784050 -22.073708 8.867034 0.107549 0.783394 -0.612150 0.974746 0.038120 0.220038 0.195712 -0.620356 -0.759510
-0.507682 -3.741578 -12.641816 6.348435 0.109861 0.798294 -0.592163 0.952499 0.085695 0.292237 0.284037 -0.596140 -0.750960
-0.038155 -3.479244 -23.661589 -0.701526 0.026774 0.777926 -0.627786 0.957646 0.160156 0.239300 0.286701 -0.607603 -0.740689
-0.172374 -3.575090 -12.391513 3.791720 0.050532 0.792127 -0.608261 0.921643 0.197633 0.333940 0.384735 -0.577474 -0.720071
0.190254 -3.475783 -21.128001 -2.698639 -0.016676 0.777229 -0.628997 0.922057 0.255252 0.290960 0.386695 -0.575119 -0.720906
11.133079 -0.987882 -268.023190 -26.911706 -0.254135 0.943503 0.212644 -0.927303 -0.300171 0.223620 -0.274816 0.140356 -0.951197
15.086673 0.509901 -310.908721 -42.759024 -0.276011 0.937720 0.210945 -0.939922 -0.309209 0.144693 -0.200908 0.158335 -0.966730
11.058743 -0.126075 -1.268911 41.617680 -0.217214 0.784229 0.581208 0.914041 0.372371 -0.160841 -0.342561 0.496311 -0.797702
10.221069 -1.865182 -46.660012 14.545220 -0.203191 0.806862 0.554695 0.888475 0.390018 -0.241864 -0.411492 0.443688 -0.796125
6.525199 -2.124553 -237.373992 -33.671359 -0.272872 0.954588 0.119591 -0.921193 -0.295099 0.253614 -0.277389 0.040962 -0.959884
5.383538 -1.139900 -148.850695 -26.106331 -0.124302 0.986791 0.103890 -0.961017 -0.145789 0.234931 -0.246974 0.070637 -0.966444
12.130665 -2.167996 -328.107752 -27.017304 -0.311757 0.914026 0.259545 -0.893669 -0.374854 0.246658 -0.322744 0.155050 -0.933700
0.391299 -8.461824 -5.742370 -1.379904 0.143281 0.714524 -0.684782 0.898772 -0.383624 -0.212230 -0.414342 -0.585054 -0.697160
0.007100 -8.822586 -9.264421 4.210986 0.072638 0.730239 -0.679320 0.957142 -0.242504 -0.158337 -0.280362 -0.638704 -0.716557
0.062622 -8.256797 -6.145723 10.811668 0.102039 0.730573 -0.675167 0.973079 -0.214298 -0.084820 -0.206654 -0.648336 -0.732772
-0.625341 -9.421308 0.307480 -23.066501 0.242838 0.764162 -0.597566 0.212172 0.559251 0.801387 -0.946579 0.321394 0.026326
-0.587442 -9.449448 -3.250274 -1.318142 0.236322 0.771674 -0.590484 0.029048 0.601815 0.798107 -0.971240 0.205763 -0.119807
-0.480575 -9.483234 -6.433896 -12.018753 0.218282 0.780405 -0.585936 0.148063 0.566979 0.810316 -0.964588 0.263633 -0.008212
-0.603695 -9.328006 -6.465897 -19.346363 0.215164 0.776072 -0.592804 0.317992 0.518264 0.793904 -0.923356 0.359326 0.135273
-1.618598 -2.862238 -14.614384 -7.468373 0.115986 -0.545202 0.830242 0.721298 0.620891 0.306960 -0.682845 0.563248 0.465268
-1.501957 -2.777693 26.663603 -3.266441 -0.045112 0.561051 -0.826551 0.762551 0.553845 0.334323 -0.645354 0.615205 0.452815
-1.152751 -2.631630 -22.076437 3.551251 0.121733 -0.480120 0.868715 0.714732 0.649706 0.258923 -0.688723 0.589379 0.422247
-2.362238 -5.514110 -14.725621 -7.654639 0.466524 -0.445557 0.764091 0.631739 0.772474 0.064730 -0.619081 0.452507 0.641853
-2.448383 -5.724711 -4.252453 -13.941734 0.484453 -0.508323 0.711978 0.664255 0.743348 0.078738 -0.569272 0.434790 0.697773
-2.380777 -6.093904 -12.219914 -22.614385 0.415511 -0.509949 0.753195 0.745351 0.665507 0.039396 -0.521347 0.545025 0.656617
-2.165071 -5.540010 -15.672095 -8.171013 0.408749 -0.455773 0.790693 0.661656 0.744716 0.087228 -0.628598 0.487512 0.605967
0.075150 -10.835118 -2.509068 -49.453583 -0.242122 -0.645548 0.724324 0.936368 0.040081 0.348724 -0.254150 0.762668 0.594766
0.235523 -10.069311 9.904750 40.079884 -0.144182 -0.632949 0.760649 0.905792 0.225088 0.358993 -0.398438 0.740750 0.540867
0.222376 -12.938470 1.648690 108.763926 -0.120590 -0.619440 0.775727 0.888978 0.280378 0.362085 -0.441787 0.733268 0.516858
-0.305813 -12.453540 -16.758871 63.817787 -0.220560 -0.639054 0.736861 0.921834 0.110276 0.371566 -0.318709 0.761216 0.564779
0.139773 -17.511899 -17.089338 314.354176 -0.136350 -0.591721 0.794528 0.852148 0.338966 0.398681 -0.505226 0.731415 0.458016
-263.198999 -325.343809 -7497.855349 -18237.681077 -0.582299 0.752645 -0.307334 0.144565 -0.276149 -0.950180 0.800018 0.597719 -0.051995
-45.640212 -294.314561 -786.844930 9233.703981 0.865711 0.232950 0.443033 -0.397897 0.857268 0.326755 0.303680 0.459157 -0.834837
-12.845515 -306.392456 -361.084627 -37007.960973 0.898585 0.032275 -0.437612 0.437289 -0.148582 0.886962 0.036395 0.988373 0.147627
-0.931623 -2.605968 -3.083036 -16.980155 0.412350 0.340427 -0.845031 -0.396535 0.902153 0.169942 0.820200 0.265008 0.506993
-1.154948 -2.838469 -9.250415 -17.332957 0.398487 0.324979 -0.857669 -0.400776 0.902818 0.155880 0.824977 0.281618 0.490005
-0.979789 -3.186198 -0.673541 -23.497180 0.444669 0.259805 -0.857187 -0.422607 0.904645 0.054960 0.789730 0.337814 0.512063
7.047661 -12.025663 -9.486384 158.187065 -0.566141 0.790976 -0.232037 -0.681332 -0.607464 -0.408380 0.463973 0.073106 -0.882828
6.071967 -13.642873 -97.502323 214.751759 -0.478161 0.751924 -0.453843 -0.625299 -0.654325 -0.425277 0.616736 -0.080437 -0.783050
5.357872 -12.747363 -36.799071 28.991508 -0.522311 0.790176 -0.320645 -0.481130 -0.583512 -0.654238 0.704063 0.187444 -0.684953
-1.858293 -3.419791 7.114070 -1.520473 0.066136 0.699481 -0.711585 0.165201 0.695628 0.699150 -0.984040 0.163794 0.069549
-1.786621 -3.585596 7.464274 -2.155419 0.138815 0.770559 -0.622068 0.107754 0.612668 0.782961 -0.984439 0.175717 -0.002016
-1.999421 -3.486751 6.966616 -2.405832 0.071219 0.726997 -0.682937 0.070560 0.679288 0.730472 -0.994962 0.100212 0.002919
-1.994553 -3.429493 2.320103 -2.892799 0.016261 -0.630668 0.775883 0.105641 0.772726 0.625888 -0.994271 0.071787 0.079189
-0.523225 -5.920778 15.603586 -4.524021 0.380822 0.746890 -0.545097 -0.209420 0.643869 0.735919 -0.900621 0.166100 -0.401613
-0.366939 -6.029678 4.203431 -0.065386 0.373876 0.736706 -0.563455 -0.153777 0.648342 0.745657 -0.914642 0.192137 -0.355688
-0.366549 -5.975117 9.813856 -4.136362 0.377465 0.747281 -0.546892 -0.324590 0.659883 0.677640 -0.867272 0.078270 -0.491643
40.988505 -185.213743 926.427129 -5368.555279 0.304427 0.799281 0.518145 0.398671 0.387114 -0.831387 0.865093 -0.459666 0.200802
-13.894220 -54.680256 -400.044710 1321.991415 -0.686997 0.721675 -0.084968 -0.331838 -0.415599 -0.846854 0.646466 0.553590 -0.524994
-21.646320 -59.818840 100.805258 -3468.842890 -0.470387 -0.557276 -0.684237 -0.691727 0.714304 -0.106228 0.547951 0.423336 -0.721482
-0.981252 -26.784603 -8.173913 691.294407 0.921393 0.385733 0.047379 0.369235 -0.906910 0.202929 -0.121245 0.169484 0.978047
1.125649 -6.993105 -19.467739 48.944114 0.720679 0.685889 -0.100889 0.693215 -0.714773 0.092481 0.008681 0.136587 0.990590
-0.424956 -35.648254 -42.823970 979.155968 0.903212 0.428156 0.029862 0.418448 -0.893933 0.160576 -0.095446 0.132539 0.986572
-0.455791 -15.527714 0.064069 395.011898 0.903882 0.427623 0.011606 0.408565 -0.871002 0.272818 -0.126772 0.241853 0.961996
-1.083995 -175.396043 -187.499254 5707.625602 0.913808 0.401042 0.064192 0.358736 -0.871097 0.335408 -0.190431 0.283471 0.939883
-2.800410 -102.834555 -35.817928 3155.183604 0.935319 0.342257 0.089662 0.293248 -0.891707 0.344767 -0.197951 0.296174 0.934396
0.857368 -64.359474 -10.490368 1795.534741 -0.317355 0.610256 -0.725860 0.730824 -0.330376 -0.597284 -0.604303 -0.720027 -0.341144
1.021557 -22.816528 -25.973883 595.877893 -0.310946 0.530030 -0.788911 0.900477 -0.101260 -0.422951 -0.304061 -0.841912 -0.445793
2.755277 -86.826471 -1.661537 2602.944809 -0.285235 0.584620 -0.759513 0.801268 -0.289386 -0.523665 -0.525938 -0.757941 -0.385895
1.904984 -62.837739 30.421880 -1934.971459 -0.223974 0.623999 -0.748640 -0.537872 0.561433 0.628878 -0.812730 -0.543524 -0.209885
0.867777 -36.843394 -1.508748 99.703017 0.233347 -0.587586 0.774785 -0.189002 0.754179 0.628882 -0.953849 -0.293184 0.064930
1.408084 -1.487274 -8.079691 -24.459870 0.123620 -0.440407 0.889247 0.796755 -0.490122 -0.353499 0.591523 0.752212 0.290308
1.373389 -0.915105 -7.273870 -18.620545 0.161744 -0.452739 0.876850 0.813507 -0.441804 -0.378174 0.558610 0.774491 0.296848
1.083564 -1.455960 -24.339136 -20.823528 0.147506 -0.395174 0.906686 0.804005 -0.485993 -0.342618 0.576036 0.779518 0.246035
1.306301 -2.004525 -21.161650 -27.068314 0.120874 -0.404753 0.906402 0.783236 -0.522088 -0.337587 0.609861 0.750732 0.253911
1.273831 -2.314135 -6.968241 -31.098971 0.100150 -0.436996 0.893871 0.770959 -0.533823 -0.347354 0.628961 0.723925 0.283444
-0.208038 -4.116452 23.178594 15.055940 0.620442 0.738125 -0.264995 0.059443 0.292663 0.954366 -0.781996 0.607881 -0.137705
-0.118503 -3.966660 23.927156 0.589152 0.619078 0.736441 -0.272759 0.109698 0.262821 0.958588 -0.777630 0.623362 -0.081921
0.364712 -3.979002 29.403664 16.393025 0.612341 0.714943 -0.337482 0.117670 0.339698 0.933145 -0.781788 0.611115 -0.123883
8.997614 -4.705264 -181.750086 7.675326 -0.477303 0.376761 -0.793872 0.703989 0.704631 -0.088854 0.525910 -0.601287 -0.601558
11.300914 -4.665023 -191.318022 -32.168134 -0.525219 0.560653 -0.640166 0.744958 0.666546 -0.027439 0.411317 -0.491308 -0.767746
12.665609 -4.469791 -227.037087 3.821981 -0.518783 0.506549 -0.688675 0.763304 0.637236 -0.106289 0.385008 -0.580809 -0.717238
12.260406 -4.689086 -108.802651 -36.358178 -0.584899 0.663370 -0.466726 0.771059 0.633320 -0.066135 0.251715 -0.398556 -0.881926
12.422227 -4.077495 -27.950939 -3.980973 -0.609756 0.674111 -0.416860 0.771514 0.625298 -0.117342 0.181560 -0.393163 -0.901365
9.604191 -5.888716 145.143041 -2.340129 -0.480646 0.151323 -0.863760 0.776945 0.530219 -0.339448 0.406616 -0.834248 -0.372417
10.142459 -6.252177 171.249949 -8.898954 -0.469832 0.225670 -0.853423 0.845577 0.392666 -0.361680 0.253490 -0.891564 -0.375308
11.030469 -5.811071 130.150216 -6.124331 -0.444948 -0.027274 -0.895141 0.819106 0.391701 -0.419088 0.362058 -0.919688 -0.151946
8.203769 -5.484131 97.303489 15.442643 -0.435512 0.109797 -0.893462 0.698955 0.666708 -0.258770 0.567266 -0.737187 -0.367102
7.148838 -5.705897 -7.798950 28.685503 -0.449130 0.240472 -0.860497 0.745794 0.631257 -0.212853 0.492010 -0.737352 -0.462859
9.608243 -5.303403 99.803427 -0.150036 -0.399202 -0.063475 -0.914663 0.740517 0.565907 -0.362469 0.540621 -0.822022 -0.178907
2.732486 -2.909367 -29.012302 -14.989159 -0.167530 0.640166 -0.749747 0.440373 0.729001 0.524051 0.882046 -0.242374 -0.404041
2.808497 -3.201881 -14.817306 -11.586351 -0.179822 0.669738 -0.720496 0.375221 0.723758 0.579123 0.909326 -0.166206 -0.381448
2.694350 -3.158626 18.941538 -16.835831 -0.268619 0.648986 -0.711801 0.434187 0.741210 0.511947 0.859840 -0.171536 -0.480884
2.712596 -2.779088 -19.408790 -9.050913 -0.211544 0.623565 -0.752606 0.477364 0.737858 0.477167 0.852861 -0.258325 -0.453758
2.224894 -2.673334 -46.960810 -7.112156 -0.113300 0.631256 -0.767254 0.477610 0.711755 0.515066 0.871236 -0.308091 -0.382136
-2.028336 -13.387883 -2.893326 -135.418092 -0.083489 0.719508 -0.689447 0.026904 0.693238 0.720207 -0.996145 -0.041580 0.077235
-3.613894 -12.891973 -50.310806 -99.373375 0.050635 -0.667772 0.742642 0.156773 0.739692 0.654430 -0.986336 0.083289 0.142143
-0.489549 -12.321157 12.253680 -104.604673 0.068408 -0.619477 0.782029 -0.106862 0.774805 0.623103 -0.991918 -0.126194 -0.013196
-3.067415 -17.133229 -40.020234 -184.601480 0.015873 0.818772 -0.573900 0.377095 0.526685 0.761841 -0.926039 0.228507 0.300394
1.275884 -3.703570 -13.022129 -5.059631 -0.530871 -0.428914 0.730896 -0.470360 0.866551 0.166885 -0.704938 -0.255190 -0.661771
0.893483 -3.733054 -8.110078 23.532507 -0.536460 -0.400854 0.742648 -0.489599 0.864594 0.113008 -0.687389 -0.302976 -0.660078
1.191348 -3.813981 3.013662 -5.861587 -0.579787 -0.348006 0.736708 -0.465156 0.883736 0.051383 -0.668937 -0.312893 -0.674256
1.451742 -3.814458 -20.409680 -13.577976 -0.593767 -0.380427 0.709025 -0.420900 0.897850 0.129262 -0.685773 -0.221677 -0.693235
1.864536 -0.773421 -4.272639 0.122042 0.114660 0.034999 -0.992788 0.187404 0.980673 0.056216 0.975568 -0.192498 0.105885
1.869865 -1.094523 -17.164088 0.141593 0.161943 -0.011639 -0.986731 0.172128 0.984934 0.016632 0.971672 -0.172537 0.161507
1.954152 -0.752291 -3.288554 -4.955615 0.088557 -0.099660 -0.991073 0.178660 0.980435 -0.082626 0.979918 -0.169748 0.104630
1.694655 -0.525009 20.837448 2.784729 0.021217 -0.033047 -0.999229 0.178614 0.983500 -0.028734 0.983691 -0.177866 0.026769
1.658676 -0.531836 21.768042 -3.570760 0.003546 -0.152411 -0.988311 0.168760 0.974233 -0.149634 0.985651 -0.166256 0.029175
-0.420095 -4.332981 -7.800398 -7.622742 -0.139559 -0.335081 0.931796 0.975356 -0.208916 0.070956 0.170891 0.918736 0.355979
-0.521429 -4.408784 0.541221 -5.061318 -0.133198 -0.363314 0.922096 0.968050 -0.247137 0.042461 0.212457 0.898291 0.384624
-0.326860 -4.354562 -13.401952 12.290523 -0.146528 -0.320243 0.935935 0.944174 -0.327501 0.035759 0.295068 0.888925 0.350353
-0.517912 -4.263978 -2.188772 -16.064696 -0.128871 -0.361158 0.923557 0.987919 -0.127597 0.087955 0.086077 0.923734 0.373238
-0.231643 -4.245996 -11.376808 3.007462 -0.152819 -0.316260 0.936283 0.969017 -0.233976 0.079129 0.194043 0.919366 0.342218
-0.370767 -4.157613 -8.501907 -15.815394 -0.137604 -0.332564 0.932988 0.989135 -0.095352 0.111896 0.051750 0.938248 0.342072
0.763099 -5.539040 10.401523 -17.653602 0.290662 0.584239 -0.757747 0.841070 -0.533591 -0.088787 -0.456199 -0.611511 -0.646480
0.515991 -5.133438 8.942142 17.447352 0.258255 0.609310 -0.749697 0.931727 -0.362184 0.026599 -0.255321 -0.705382 -0.661247
0.420139 -5.158654 14.151789 -16.755838 0.309253 0.601959 -0.736212 0.863818 -0.501583 -0.047261 -0.397720 -0.621337 -0.675099
1.892421 -8.536007 16.465201 44.557195 0.415036 -0.564114 0.713807 0.897014 0.122623 -0.424653 0.152023 0.816541 0.556911
1.577004 -7.791109 28.281793 46.770337 0.388767 -0.614520 0.686459 0.879671 0.026053 -0.474868 0.273932 0.788471 0.550704
1.195878 -8.680594 27.330991 34.299551 0.395719 -0.611716 0.684989 0.912470 0.177465 -0.368653 0.103949 0.770915 0.628399
0.972506 -8.058723 31.990417 45.921137 0.356442 -0.642992 0.677872 0.888386 0.008559 -0.459017 0.289342 0.765825 0.574276
0.664783 -8.595010 27.084476 22.666044 0.356764 -0.637969 0.682433 0.930608 0.178756 -0.319397 0.081776 0.749027 0.657473
-0.006702 -11.061513 -5.374270 -74.469782 -0.169140 0.714980 -0.678377 0.983606 0.166127 -0.070152 0.062540 -0.679121 -0.731357
-0.114572 -9.944760 -0.193779 -22.313421 -0.160315 0.724079 -0.670827 0.977495 0.022051 -0.209802 -0.137121 -0.689364 -0.711319
-0.055074 -9.870332 -5.450837 -29.979246 -0.157665 0.713910 -0.682257 0.973077 -0.005301 -0.230418 -0.168114 -0.700217 -0.693854
0.132078 -10.226802 7.597825 -65.687622 -0.163148 0.730268 -0.663394 0.986582 0.116532 -0.114350 -0.006200 -0.673149 -0.739481
0.109451 -9.342092 6.255559 -11.933671 -0.169835 0.729811 -0.662217 0.962580 -0.021145 -0.270170 -0.211176 -0.683321 -0.698911
0.051785 -9.847300 -3.353458 27.036370 -0.169829 0.716648 -0.676443 0.918908 -0.132835 -0.371433 -0.356042 -0.684669 -0.635974
1.012082 -10.424511 6.149028 40.745672 -0.380975 0.446667 -0.809534 -0.061139 0.861478 0.504101 0.922561 0.241544 -0.300893
1.379405 -9.364465 -8.574242 96.416259 -0.382029 0.451174 -0.806533 -0.281652 0.774369 0.566591 0.880185 0.443616 -0.168757
1.262419 -10.779081 -18.504270 21.091680 -0.379641 0.439802 -0.813909 -0.022400 0.875146 0.483340 0.924863 0.201727 -0.322389
0.284515 -3.801470 4.634374 5.845935 0.029608 -0.461139 0.886834 -0.336486 0.830842 0.443259 -0.941223 -0.311532 -0.130567
0.334410 -3.870128 4.830344 4.191364 0.031891 -0.483122 0.874972 -0.303889 0.829287 0.468972 -0.952174 -0.280850 -0.120369
0.164749 -3.574578 2.196816 7.254946 0.028549 -0.480799 0.876366 -0.236778 0.848519 0.473234 -0.971144 -0.221015 -0.089618
0.454172 -3.954370 4.442973 3.160174 0.037449 -0.476109 0.878588 -0.430946 0.785554 0.444062 -0.901600 -0.395254 -0.175759
0.125335 -3.613315 2.914641 9.076921 0.019157 -0.450661 0.892490 -0.300792 0.848701 0.435006 -0.953497 -0.276787 -0.119297
0.351910 -3.939499 1.977875 14.136737 0.021582 -0.440980 0.897257 -0.394508 0.820883 0.412934 -0.918639 -0.362887 -0.156253
0.094787 -3.659285 -31.487159 -15.834627 0.312285 0.492246 -0.812509 0.905806 0.103511 0.410854 0.286345 -0.864280 -0.413555
0.405539 -3.437799 -16.832790 -12.918402 0.318964 0.522629 -0.790646 0.859135 0.192803 0.474040 0.400185 -0.830474 -0.387512
0.378651 -3.809976 -3.847738 -16.960696 0.270436 0.528723 -0.804560 0.909466 0.133834 0.393648 0.315809 -0.838177 -0.444663
0.108235 -3.811302 4.298862 20.347101 0.258637 0.532673 -0.805833 0.925631 0.101903 0.364448 0.276248 -0.840164 -0.466703
0.249955 -3.910401 16.968204 -1.577074 0.205326 0.547548 -0.811192 0.925829 0.160054 0.342378 0.317303 -0.821325 -0.474072
-0.090231 -5.344509 0.012678 -97.355870 -0.250925 0.437703 -0.863396 -0.600807 0.628922 0.493445 0.758991 0.642552 0.105162
-0.130820 -4.173486 0.772406 -7.151828 -0.297084 0.486198 -0.821798 -0.542445 0.622352 0.564297 0.785808 0.613424 0.078845
-0.075539 -4.340946 1.252427 1.659156 -0.294405 0.480185 -0.826286 -0.544618 0.626175 0.557940 0.785314 0.614270 0.077168
-0.085292 -5.076756 1.075291 86.392360 -0.344279 0.543548 -0.765524 -0.487930 0.593025 0.640504 0.802120 0.594034 0.061048
0.028217 -4.745934 4.104943 -28.984477 -0.276171 0.455282 -0.846432 -0.565836 0.634861 0.526100 0.776891 0.624236 0.082285
-0.013625 -5.329630 2.008321 98.582924 -0.335437 0.533284 -0.776589 -0.495888 0.600947 0.626863 0.800985 0.595374 0.062869
0.106335 -4.709719 -4.957933 11.844489 -0.285908 -0.342631 0.894908 0.888682 0.254548 0.381377 -0.358469 0.904328 0.231713
-0.012454 -4.522900 -7.616606 12.864357 -0.258110 -0.328027 0.908723 0.923564 0.192298 0.331740 -0.283566 0.924889 0.253319
0.167502 -4.524842 -5.026902 5.029662 -0.250870 -0.336483 0.907658 0.937704 0.148353 0.314171 -0.240367 0.929930 0.278304
0.378126 -4.628694 -3.308898 12.407108 -0.278741 -0.352148 0.893474 0.923402 0.157356 0.350097 -0.263880 0.922622 0.281313
-0.092465 -4.409376 -23.820269 -57.387320 0.360507 0.528144 -0.768830 0.746724 0.330527 0.577196 0.558961 -0.782187 -0.275221
-0.410345 -4.347120 -11.949213 -51.358162 0.336618 0.534019 -0.775572 0.707269 0.400368 0.582646 0.621659 -0.744667 -0.242924
0.211525 -4.329037 -34.531727 -36.803136 0.396464 0.529530 -0.749943 0.668178 0.393754 0.631266 0.629567 -0.751369 -0.197711
-0.047312 -4.591379 -31.007110 -11.433694 0.390495 0.534869 -0.749286 -0.539970 -0.526128 -0.656979 0.745618 -0.661139 -0.083362
0.686171 -4.373620 -41.081895 7.629471 0.421949 0.549741 -0.720932 -0.558278 -0.468992 -0.684377 0.714342 -0.691253 -0.109018
0.900641 -4.394790 -31.430064 -31.724530 0.404248 0.553564 -0.728114 0.672791 0.359322 0.646715 0.619626 -0.751302 -0.227178
0.208797 -10.322170 -33.521576 -42.419326 0.088804 -0.356516 0.930059 0.830099 0.542557 0.128717 -0.550500 0.760610 0.344125
1.493773 -10.294900 -77.195463 -73.717203 0.137469 -0.285390 0.948501 0.786314 0.613768 0.070711 -0.602340 0.736099 0.308780
1.500131 -9.258721 -52.200327 -102.225450 0.105169 -0.325984 0.939507 0.666111 0.724584 0.176846 -0.738401 0.607217 0.293345
-0.720999 -17.112808 -24.083213 43.816251 0.083555 0.206803 -0.974808 0.718494 0.665331 0.202734 0.690496 -0.717333 -0.092995
-1.159739 -17.372657 0.132376 17.617921 0.034036 0.248065 -0.968145 0.780004 0.599053 0.180915 0.624849 -0.761314 -0.173102
-0.998626 -16.276581 -8.018250 90.207561 0.050777 0.246124 -0.967907 0.528999 0.815408 0.235097 0.847102 -0.523959 -0.088795
-0.927206 -16.831128 -10.721463 6.827853 0.062889 0.215620 -0.974450 0.886382 0.436652 0.153825 0.458664 -0.873409 -0.163661
-0.111123 -16.040209 -38.904508 95.965157 0.093060 0.188310 -0.977691 0.493206 0.844294 0.209561 0.864921 -0.501704 -0.014306
-0.476385 -17.062436 -25.890019 -1.483858 0.075241 0.180860 -0.980627 0.898082 0.415078 0.145462 0.433344 -0.891628 -0.131196
0.318419 -3.977467 -27.936709 10.553275 0.117806 0.267106 -0.956439 0.664020 0.694962 0.275872 0.738376 -0.667594 -0.095493
-0.193504 -4.317570 -9.355653 16.169476 0.143452 0.307505 -0.940671 0.643565 0.693097 0.324716 0.751828 -0.651964 -0.098473
0.233173 -3.641751 -14.625101 15.091790 0.070038 0.220932 -0.972771 0.582556 0.782543 0.219671 0.809767 -0.582079 -0.073898
0.821974 -3.392488 -34.810531 13.758459 0.060968 0.202634 -0.977355 0.597649 0.776837 0.198342 0.799436 -0.596208 -0.073742
1.226875 -3.600249 -51.653738 11.517356 0.088211 0.235164 -0.967945 0.649882 0.722843 0.234841 0.754899 -0.649766 -0.089067
1.185692 -3.900786 -46.132252 7.732893 0.119356 0.280359 -0.952446 0.722450 0.633507 0.277011 0.681043 -0.721158 -0.126932
-1.197368 -3.478526 82.801291 5.573086 -0.015189 0.978400 0.206164 0.314505 0.200397 -0.927862 0.949134 -0.050746 0.310755
0.304854 -3.044185 77.179923 5.332089 -0.039498 0.973581 0.224901 0.343635 0.224583 -0.911854 0.938272 -0.041267 0.343427
-0.517035 -3.230541 78.465938 8.729225 -0.103008 0.918308 0.382231 0.402899 0.389860 -0.828059 0.909429 -0.068704 0.410144
-2.796197 -3.998849 59.283098 26.747561 -0.142401 0.771789 0.619729 0.378881 0.620926 -0.686221 0.914424 -0.137085 0.380837
-3.065162 -3.859699 71.597711 13.962309 0.050976 0.966331 0.252202 0.262739 0.230659 -0.936891 0.963519 -0.114022 0.242135
-4.618122 -42.578845 -34.504979 -1122.492707 -0.566606 -0.427430 0.704458 0.822390 -0.346582 0.451172 0.051308 0.834976 0.547890
-4.272307 -70.443681 -32.525123 -2444.411521 -0.578887 -0.340375 0.740969 0.815254 -0.259222 0.517846 0.015814 0.903852 0.427553
-4.207718 -31.053173 -17.018660 -827.794096 -0.653281 -0.362923 0.664463 0.719591 -0.024760 0.693957 -0.235401 0.931490 0.277331
-3.610190 -60.325832 15.170493 -1817.033572 -0.512731 -0.520910 0.682466 0.851011 -0.203253 0.484220 -0.113522 0.829061 0.547514
-3.623188 -46.154747 20.728255 -675.318764 -0.531748 -0.547131 0.646445 0.800618 -0.573640 0.173056 0.276142 0.609578 0.743075
2.572440 -5.321851 40.800613 148.835514 0.783913 -0.110700 0.610922 0.494108 0.707049 -0.505904 0.375948 -0.698446 -0.608963
1.861493 -2.277932 57.078222 37.010870 0.654839 -0.184441 0.732917 0.619592 0.686326 -0.380870 0.432772 -0.703518 -0.563711
2.436671 -2.082704 -38.441965 19.434576 -0.601197 0.296739 -0.741962 0.684861 0.669741 -0.287075 0.411736 -0.680730 -0.605871
1.192712 -1.547860 -53.639182 5.276664 -0.581037 0.235487 -0.779065 0.672336 0.678313 -0.296405 0.458650 -0.696015 -0.552452
-0.548896 -3.494610 6.686837 -22.558937 -0.040936 0.670679 -0.740617 0.820495 -0.400434 -0.407971 -0.570186 -0.624373 -0.533897
-0.502640 -4.405341 1.334859 -54.013458 0.000581 0.661381 -0.750050 0.857628 -0.386058 -0.339755 -0.514270 -0.643066 -0.567444
-0.613121 -3.463543 7.588905 -26.419281 -0.056351 0.676387 -0.734387 0.807786 -0.401407 -0.431688 -0.586777 -0.617554 -0.523756
-0.501685 -3.011364 8.672295 10.305483 -0.048306 0.671629 -0.739311 -0.778277 0.438626 0.449323 -0.626060 -0.597094 -0.501525
-0.772581 -3.955632 -18.412829 -21.538719 -0.198998 -0.478103 -0.855463 0.856467 -0.509105 0.085298 -0.476302 -0.715702 0.510791
-0.624952 -5.238056 -16.131516 -95.675048 -0.100178 -0.509183 -0.854808 0.893921 -0.423300 0.147385 -0.436887 -0.749366 0.497575
-0.438973 -4.965336 -15.815107 -61.279136 -0.162446 -0.498228 -0.851692 0.849874 -0.509195 0.135773 -0.501323 -0.701776 0.506148
-0.062535 -2.963111 6.955543 2.500000 0.688552 0.232430 -0.686929 -0.586972 0.734893 -0.339700 -0.425863 -0.637110 -0.642442
-0.046988 -3.186165 8.006466 17.606352 0.641788 0.305110 -0.703574 -0.634973 0.725867 -0.264435 -0.430019 -0.616462 -0.659590
-0.156967 -2.764378 -0.151106 -2.499805 0.644313 0.267395 -0.716492 0.650555 -0.684167 0.329688 -0.402043 -0.678539 -0.614773
-0.442776 -2.594330 -8.210847 18.846867 0.639978 0.251490 -0.726073 0.676101 -0.633309 0.376573 -0.365124 -0.731897 -0.575336
-0.400146 -2.741177 -16.248310 15.775424 0.537806 0.330026 -0.775789 0.775514 -0.554580 0.301694 -0.330670 -0.763888 -0.554196
-0.550755 -10.354703 4.459908 -88.792858 -0.330388 0.619038 -0.712485 0.620041 0.711489 0.330653 0.711613 -0.332527 -0.618897
-0.425859 -10.348515 3.428090 -80.589236 -0.337970 0.621857 -0.706449 0.623829 0.710055 0.326587 0.704708 -0.330327 -0.627910
-0.529767 -10.618269 5.572835 -63.551004 -0.344887 0.608521 -0.714671 0.452527 0.774854 0.441384 0.822358 -0.171180 -0.542609
-0.505299 -10.307776 6.680645 -34.959638 -0.334071 0.604371 -0.723279 0.399380 0.785839 0.472178 0.853751 -0.131122 -0.503900
-0.450158 -10.918201 4.823621 47.185775 -0.341840 0.593940 -0.728273 0.162972 0.800682 0.576497 0.925519 0.078382 -0.370500
-0.519277 -2.082458 -1.253775 9.420328 0.147621 0.510699 -0.846991 0.883586 -0.452878 -0.119067 -0.444391 -0.730813 -0.518101
-0.640358 -2.288674 -0.028152 10.330307 0.056529 0.548052 -0.834532 0.872627 -0.433255 -0.225417 -0.485105 -0.715492 -0.502736
-0.839054 -2.511822 -2.636746 13.322575 0.177970 0.490933 -0.852825 0.839312 -0.528152 -0.128883 -0.513694 -0.692849 -0.506042
-0.744006 -2.284829 -7.723719 12.245704 0.269617 0.442270 -0.855397 0.839512 -0.543100 -0.016192 -0.471727 -0.713750 -0.517720
-0.554660 -1.994704 -8.331097 9.843120 0.251000 0.456248 -0.853719 0.870421 -0.492256 -0.007163 -0.423516 -0.741297 -0.520684
0.451255 -14.361271 25.269972 65.513743 -0.184887 0.732146 -0.655575 -0.815225 -0.486798 -0.313744 0.548839 -0.476435 -0.686866
0.825725 -17.023068 22.489917 150.579523 -0.166777 0.726587 -0.666526 -0.806705 -0.489238 -0.331471 0.566932 -0.482408 -0.667735
0.629200 -16.107653 19.645780 26.655181 -0.187912 0.711669 -0.676917 -0.633037 -0.614706 -0.470533 0.750968 -0.340095 -0.566023
0.411660 -14.434620 34.620565 -163.375581 -0.184826 0.745420 -0.640459 0.938154 0.327955 0.110965 0.292758 -0.580340 -0.759933
-3.651005 -32.772169 132.231091 -94.804146 0.342478 -0.600084 0.722916 0.230671 0.799602 0.554461 -0.910769 -0.023135 0.412268
-2.779602 -63.730926 -134.309499 -2080.429113 -0.358434 0.676212 -0.643632 -0.075310 0.666251 0.741915 -0.930512 -0.314400 0.187882
-1.377773 -38.369292 84.221037 167.279502 0.346502 -0.595294 0.724956 0.331989 0.800637 0.498761 -0.877337 0.067856 0.475053
-4.845402 -35.457741 135.177079 682.046158 0.333425 -0.596205 0.730320 0.573586 0.743069 0.344744 -0.748216 0.303954 0.589732
-2.789718 -11.235912 52.976234 87.700646 0.935310 -0.245078 -0.255208 0.345737 0.786395 0.511907 -0.075237 0.567027 -0.820256
-4.446380 -19.350147 95.819634 469.529927 0.882641 -0.337698 -0.326962 0.452218 0.799827 0.394684 -0.128229 0.496223 -0.858674
-6.297243 -13.858685 137.911190 -105.883043 0.973339 -0.102376 -0.205257 0.203952 0.795746 0.570256 -0.104952 0.596915 -0.795410
-4.024670 -18.837297 61.342386 -451.290276 0.988978 -0.070652 -0.130116 0.137771 0.761006 0.633947 -0.054229 0.644886 -0.762352
-2.034930 -10.732831 20.966067 -123.887271 0.956651 -0.208074 -0.203777 0.289025 0.764375 0.576364 -0.035835 0.610275 -0.791378
-0.453980 -5.426328 3.367799 -45.323625 0.058697 0.609608 -0.790527 -0.625836 -0.594481 -0.504898 0.777743 -0.524376 -0.346620
-0.324189 -5.433860 -3.588661 36.409777 0.067442 0.600538 -0.796747 0.608827 0.607879 0.509718 0.790431 -0.519458 -0.324627
-0.456482 -5.851216 -0.710540 4.933341 0.061606 0.596513 -0.800235 0.552004 0.647618 0.525245 0.831563 -0.474091 -0.289381
-0.461661 -5.703252 1.545153 11.257745 0.068172 0.597621 -0.798875 0.557739 0.641096 0.527185 0.827212 -0.481503 -0.289612
-0.529478 -5.590956 2.893731 -45.699220 0.092807 0.606642 -0.789539 -0.592030 -0.603939 -0.533627 0.800554 -0.516955 -0.303101
-4.651265 -6.017476 -50.376016 51.112007 0.307291 0.632011 -0.711431 -0.064879 0.759778 0.646938 0.949401 -0.152642 0.274477
-3.508657 -5.982832 -12.191912 30.438831 0.348737 0.347289 -0.870501 0.111019 0.906965 0.406313 0.930622 -0.238339 0.277736
-2.858903 -5.335206 17.739444 25.265462 0.386731 0.173043 -0.905812 0.116505 0.965199 0.234130 0.914803 -0.196077 0.353112
3.076595 -3.824965 251.070999 4.845695 0.767121 -0.147361 -0.624347 0.394529 -0.659059 0.640303 0.505837 0.737513 0.447440
-1.111628 -3.333673 106.064461 3.727112 0.687878 0.087144 -0.720576 0.564310 -0.688577 0.455429 0.456485 0.719908 0.522833
1.921120 -5.082929 76.024808 -35.990696 0.704739 0.128900 -0.697659 0.590408 -0.651821 0.475969 0.393396 0.747338 0.535467
-0.380488 -5.770036 -27.008583 -68.934491 -0.363597 -0.497716 0.787449 0.792221 -0.609916 -0.019703 0.490085 0.616670 0.616065
4.526312 -7.960253 -14.134792 11.228670 -0.169660 -0.526832 0.832865 0.347591 0.758816 0.550799 -0.922169 0.382945 0.054381
5.008450 -8.073891 -1.164063 -13.977365 -0.102879 -0.549562 0.829094 0.506951 0.688171 0.519058 -0.855813 0.473710 0.207803
5.363986 -7.605365 -12.411774 -20.051829 -0.016078 -0.608785 0.793173 0.469462 0.695803 0.543566 -0.882806 0.381104 0.274614
5.113811 -7.792565 -7.277933 4.980095 -0.046493 -0.579611 0.813566 0.344335 0.755230 0.557729 -0.937695 0.306069 0.164467
5.483948 -7.924011 -0.403620 -25.027395 0.021750 0.623560 -0.781473 0.609014 0.611629 0.504987 -0.792862 0.486911 0.366454
-4.614252 -5.041738 23.440402 -0.311226 -0.322636 0.906047 -0.273834 0.795004 0.416409 0.441103 -0.513687 0.075384 0.854660
2.331915 -3.205585 -43.909986 5.906539 -0.051103 0.425066 -0.903718 -0.732578 0.599061 0.323196 0.678762 0.678561 0.280780
2.566902 -3.478232 -19.870003 9.410983 -0.071594 0.374907 -0.924294 -0.686455 0.653781 0.318354 0.723639 0.657278 0.210550
2.667436 -3.381306 16.792763 -12.940580 0.123881 -0.374032 0.919105 0.743897 -0.577988 -0.335479 0.656712 0.725279 0.206640
-0.454242 -16.984162 15.950662 228.887731 0.100789 -0.399549 0.911154 -0.613726 0.695841 0.373021 -0.783059 -0.596796 -0.175080
0.604127 -13.234198 27.421976 171.006496 0.160442 -0.475586 0.864914 -0.369594 0.783570 0.499418 -0.915237 -0.399795 -0.050056
0.005182 -10.141160 6.502427 93.372329 0.177254 -0.493217 0.851656 -0.159870 0.839435 0.519413 -0.971093 -0.228223 0.069943
-0.410063 -13.086960 6.102769 152.349292 0.151273 -0.455565 0.877255 -0.410199 0.778517 0.475024 -0.899363 -0.431708 -0.069104
0.800670 -10.092499 19.136149 90.252936 0.169460 -0.525020 0.834049 -0.166726 0.818818 0.549308 -0.971332 -0.232144 0.051222
1.754757 -4.013968 -42.994549 -8.143045 0.366474 0.726588 -0.581177 0.007882 0.622186 0.782829 -0.930395 0.291468 -0.222288
1.972115 -0.560357 -2.062608 -6.925825 -0.112413 0.960577 -0.254273 0.466327 -0.174966 -0.867137 0.877441 0.216052 0.428274
1.792225 -0.712275 7.494448 -14.053442 -0.184749 0.973954 -0.131461 0.428742 -0.040491 -0.902519 0.884335 0.223102 0.410095
1.798039 -1.025275 -11.056622 -7.460157 -0.051057 0.973318 -0.223710 0.460942 -0.175750 -0.869853 0.885960 0.147529 0.439670
2.052582 -0.770479 -10.634888 8.537097 -0.025162 0.930851 -0.364532 0.472671 -0.310234 -0.824825 0.880880 0.193058 0.432180
2.033288 -1.147687 -19.185610 14.268253 0.036558 0.922889 -0.383326 0.472720 -0.353923 -0.807016 0.880454 0.151703 0.449207
0.212016 -3.648398 -17.385106 -3.364717 0.006976 0.782204 -0.622984 0.884645 0.285629 0.368536 0.466213 -0.553691 -0.689980
-0.153503 -3.653215 -0.432974 0.042804 0.065414 0.806889 -0.587070 0.893468 0.214617 0.394530 0.444337 -0.550336 -0.706891
0.100656 -3.656973 -3.526605 2.790149 0.053497 0.799863 -0.597793 -0.844983 -0.282744 -0.453938 0.532111 -0.529410 -0.660745
0.444439 -5.058705 -10.734355 24.909848 -0.272178 -0.594491 0.756637 0.839616 0.237403 0.488555 -0.470069 0.768258 0.434528
0.701681 -5.117906 -10.498094 45.503714 -0.231883 -0.601815 0.764231 0.904949 0.154701 0.396404 -0.356789 0.783509 0.508739
