17348
34681
-7.015150 -8.636580 93.868607 161.815300 0.028008 0.997552 -0.064076 -0.801369 -0.015909 -0.597959 0.597515 -0.068096 -0.798961
-6.135709 -8.844525 13.227763 105.495702 -0.207238 0.960531 -0.185562 -0.726669 -0.278135 -0.628167 0.654985 -0.004662 -0.755628
-8.759598 -11.029001 55.262195 188.071130 0.283724 0.925149 0.252192 -0.629887 0.378112 -0.678435 0.723010 -0.033636 -0.690018
-4.841646 -7.466195 -5.119851 87.128909 -0.393287 0.863204 -0.316551 -0.729971 -0.502486 -0.463304 0.558988 -0.048862 -0.827735
-7.832727 -13.044020 -35.805284 415.966655 0.516333 0.774838 0.364729 -0.536714 0.624655 -0.567226 0.667337 -0.097122 -0.738396
-6.581012 -9.095550 -40.570057 314.388913 0.467602 0.862311 0.194340 -0.697090 0.494923 -0.518765 0.543520 -0.107103 -0.832535
-5.057733 -6.530258 54.959360 114.883935 -0.170199 0.959829 -0.223071 -0.851015 -0.257298 -0.457790 0.496795 -0.111921 -0.860621
9.523721 -8.051481 250.772188 233.110540 0.676569 0.734482 0.052830 -0.553617 0.554646 -0.621189 0.485554 -0.391030 -0.781878
7.289534 -13.211560 257.436010 368.372581 0.577939 0.813117 0.069475 -0.542173 0.446196 -0.712009 0.609946 -0.373831 -0.698725
5.933232 -8.473647 247.344602 108.636103 0.562511 0.818186 0.118968 -0.597005 0.501495 -0.626169 0.571985 -0.281203 -0.770557
8.540713 -6.285358 259.579942 62.423677 0.655855 0.752195 0.063694 -0.592203 0.565003 -0.574514 0.468134 -0.339079 -0.816012
-6.520089 -9.206918 -108.332679 2.364462 0.632956 0.771497 0.064492 -0.215470 0.095539 0.971826 -0.743599 0.629019 -0.226707
-6.370615 -9.376039 -25.445765 23.734889 0.608712 0.791761 0.050830 -0.205328 0.095326 0.974040 -0.766361 0.603347 -0.220597
-7.128802 -9.168777 -147.972817 12.743069 0.599667 0.799477 0.035155 -0.089084 0.023033 0.995758 -0.795276 0.600254 -0.085032
-5.484780 -9.134598 46.769918 13.376155 0.605418 0.795581 -0.022791 -0.051475 0.067715 0.996376 -0.794242 0.602050 -0.081949
-6.346513 -8.846202 -39.980942 3.494848 0.611138 0.783218 -0.114365 0.129821 0.043347 0.990589 -0.780805 0.620234 0.075187
-7.185201 -9.003012 -150.489825 19.807525 0.646163 0.763115 -0.011374 0.075941 -0.049460 0.995885 -0.759412 0.644368 0.089911
2.243028 -8.313408 -39.975901 213.919548 0.494329 0.514649 0.700553 0.805354 -0.574468 -0.146257 0.327175 0.636492 -0.698451
2.961247 -5.188784 -38.084148 134.392426 0.432787 0.502986 0.748131 0.804310 -0.590255 -0.068444 0.407162 0.631351 -0.660012
2.521981 -8.053334 -42.083955 225.706916 0.397498 0.525898 0.751949 0.844188 -0.530767 -0.075050 0.359641 0.664618 -0.654936
1.618046 -11.182213 -27.066044 268.078747 0.421322 0.520066 0.742980 0.870711 -0.461114 -0.170986 0.253675 0.718961 -0.647105
-3.465912 -5.553655 -28.753647 4.888992 0.433639 0.888542 -0.149833 0.273616 0.028587 0.961414 -0.858541 0.457903 0.230723
-4.044539 -5.409992 25.384068 13.865864 0.537123 0.798144 0.272882 0.007687 -0.328129 0.944602 -0.843469 0.505269 0.182381
-4.250894 -5.142171 -32.440521 -2.714330 0.430532 0.874247 -0.224353 0.233455 0.132248 0.963332 -0.871861 0.467122 0.147160
-3.360337 -5.390787 -67.139311 13.123678 0.334162 0.858129 -0.389809 0.324725 0.283441 0.902338 -0.884810 0.428108 0.183941
-2.963064 -5.803081 -43.391859 3.373960 0.295922 0.868923 -0.396740 0.327922 0.297689 0.896576 -0.897161 0.395416 0.196846
-1.904677 -7.319472 -67.207584 36.086575 0.014546 0.999606 0.024010 -0.329662 -0.017876 0.943930 -0.943987 0.021646 -0.329272
-2.315409 -7.678783 -78.385504 13.363445 0.007443 0.999317 0.036195 -0.447298 -0.029046 0.893913 -0.894354 0.022843 -0.446777
-0.479086 -7.439820 -154.621381 21.403221 -0.000896 0.998972 -0.045321 -0.378306 0.041614 0.924745 -0.925680 -0.017974 -0.377879
-0.270159 -6.965862 -117.136078 41.808879 0.007173 0.999649 -0.025523 -0.259294 0.026510 0.965434 -0.965772 0.000307 -0.259393
-1.851660 -7.041539 -39.398581 43.132934 0.026900 0.997124 0.070849 -0.236518 -0.062514 0.969614 -0.971255 0.042840 -0.234156
-0.605462 -7.250498 13.133554 7.682160 0.029546 0.989628 0.140583 0.808444 0.059052 -0.585603 0.587831 -0.130955 0.798314
-0.530467 -7.150429 7.061229 23.914456 0.019164 0.985936 0.166021 0.747043 0.096241 -0.657773 0.664500 -0.136630 0.734692
-0.239436 -7.138461 21.580689 9.599841 0.053031 0.991727 0.116896 0.754040 0.036977 -0.655787 0.654684 -0.122922 0.745841
-0.788929 -7.395022 -1.053574 22.311299 0.009213 0.984490 0.175200 0.818049 0.093341 -0.567524 0.575075 -0.148551 0.804501
-0.556136 -7.179444 26.230989 1.646847 0.046547 0.992956 0.108959 0.839038 0.020329 -0.543693 0.542078 -0.116728 0.832181
-0.765944 -7.236558 10.108783 23.135617 0.019770 0.989637 0.142222 0.858062 0.056218 -0.510461 0.513166 -0.132127 0.848058
1.943276 -12.005338 3.272236 52.777947 -0.049903 0.998749 0.003225 -0.735727 -0.038944 0.676158 -0.675437 -0.031370 -0.736750
1.463482 -12.883935 29.778242 -146.175454 0.004983 0.999978 -0.004414 -0.875105 0.006497 0.483889 -0.483907 -0.001451 -0.875118
1.835531 -12.551666 -41.090680 106.329076 -0.027230 0.999021 -0.034856 -0.726331 0.004184 0.687333 -0.686806 -0.044033 -0.725506
1.855198 -11.851042 5.794216 -111.833901 -0.086252 0.996227 -0.009587 -0.827186 -0.066247 0.558010 -0.555269 -0.056060 -0.829779
1.999981 -12.659144 -5.386823 236.014072 -0.070051 0.997377 0.018226 -0.574836 -0.055292 0.816398 -0.815265 -0.046713 -0.577202
2.252034 -11.370074 -3.730643 142.220659 -0.117001 0.993111 0.006367 -0.619169 -0.077955 0.781379 -0.776493 -0.087480 -0.624024
-1.291304 -11.209482 -36.224717 -48.383735 0.068910 0.983022 -0.170055 -0.975266 0.102265 0.195953 -0.210017 -0.152345 -0.965756
-1.139016 -12.153563 -31.790102 -89.394300 0.044907 0.983100 -0.177474 -0.951580 0.096175 0.291968 -0.304102 -0.155769 -0.939818
-1.518633 -12.137307 -35.007965 -77.267716 0.064260 0.985134 -0.159314 -0.932991 0.115957 0.340707 -0.354116 -0.126745 -0.926573
-0.843959 -11.364039 -4.250200 33.353808 0.040314 0.985649 -0.163920 0.993887 -0.056432 -0.094889 -0.102778 -0.159093 -0.981899
-0.967850 -11.015143 -56.927770 13.794391 0.063741 0.981617 -0.179903 0.997160 -0.069891 -0.028051 -0.040109 -0.177604 -0.983284
-0.047538 -19.171575 76.287153 -9.229972 0.105724 0.991838 0.071275 0.836830 -0.050024 -0.545172 0.537157 -0.117283 0.835289
0.044489 -19.467778 -10.239180 53.804609 0.129960 0.986572 0.098921 0.816237 -0.049812 -0.575565 0.562909 -0.155544 0.811751
-0.071991 -16.825121 32.277324 215.241824 0.118420 0.989373 0.084362 0.658560 -0.014670 -0.752385 0.743152 -0.144655 0.653299
-0.189214 -17.965806 21.613618 99.371318 0.097573 0.990956 0.092117 0.780383 -0.018739 -0.625021 0.617643 -0.132872 0.775153
10.845713 -6.717705 460.690740 -25.878362 -0.008966 0.966896 0.255012 0.746950 0.176026 -0.641156 0.664820 -0.184733 0.723801
2.137203 -8.272355 36.688968 23.836196 0.145044 0.982494 0.116906 0.621350 0.001503 -0.783532 0.769992 -0.186286 0.610254
12.893355 -6.832121 581.133872 -43.630130 0.007997 0.955165 0.295967 0.704594 0.204639 -0.679463 0.709566 -0.213971 0.671367
1.369441 -7.745599 33.918426 4.174849 0.130314 0.987507 0.088590 0.678398 -0.023647 -0.734314 0.723045 -0.155791 0.673004
26.632599 -6.364370 1276.235412 -167.968080 0.046058 0.980737 0.189826 0.796429 0.078652 -0.599595 0.602975 -0.178799 0.777465
0.508323 -7.407050 20.521594 -38.516209 0.175673 0.983521 0.042724 0.782113 -0.113078 -0.612791 0.597862 -0.141066 0.789089
11.894728 -6.300686 570.269966 -81.351235 0.045639 0.982348 0.181410 0.821363 0.066460 -0.566521 0.568577 -0.174859 0.803831
1.308216 -4.386812 75.280812 -52.194737 0.613057 0.222648 0.758017 0.362352 0.773357 -0.520211 -0.702041 0.593588 0.393435
0.304111 -5.088455 69.841677 -75.103339 0.657949 0.301473 0.690085 0.283779 0.749561 -0.598020 -0.697547 0.589298 0.407622
1.613495 -3.962016 103.786202 -56.008085 0.602753 0.168558 0.779921 0.340990 0.829273 -0.442755 -0.721398 0.532817 0.442370
2.515540 -3.581376 79.499687 -32.208725 0.537965 0.123227 0.833912 0.409093 0.826790 -0.386085 -0.737046 0.548847 0.394372
1.540078 -3.674097 35.190508 -22.988163 0.566569 0.192298 0.801262 0.423693 0.766015 -0.483431 -0.706742 0.613386 0.352525
0.693291 -8.435859 -37.885385 15.394437 -0.064195 0.968400 0.240999 0.956513 0.128566 -0.261827 0.284538 -0.213710 0.934541
0.366746 -8.119300 -30.419991 8.660147 -0.042053 0.971384 0.233763 0.941952 0.116552 -0.314869 0.333105 -0.206953 0.919898
0.288900 -8.371784 -31.600029 0.385396 -0.052686 0.970442 0.235512 0.971826 0.104083 -0.211474 0.229736 -0.217735 0.948585
1.726686 -1.629890 1.551261 -4.511267 0.155208 0.987832 0.009958 -0.880074 0.142842 -0.452842 0.448754 -0.061521 -0.891535
1.652244 -2.024677 4.458358 -51.746627 0.190274 0.981329 0.028076 -0.877654 0.182848 -0.443047 0.439909 -0.059659 -0.896059
1.631630 -1.835457 -41.167932 -5.820671 0.169683 0.985231 -0.022956 -0.882992 0.141648 -0.447505 0.437644 -0.096204 -0.893987
1.670865 -1.804232 -30.485420 53.932899 0.125463 0.991488 -0.034780 -0.887117 0.096422 -0.451360 0.444165 -0.087483 -0.891664
1.466711 -1.976009 24.188872 62.753203 0.095174 0.995450 -0.004606 -0.885361 0.082532 -0.457519 0.455057 -0.047622 -0.889188
0.443408 -15.058100 22.391965 97.494702 -0.084883 0.990510 0.108094 -0.428375 -0.134225 0.893576 -0.899605 -0.029545 -0.435703
0.394386 -16.509176 31.594491 161.234429 -0.073151 0.991723 0.105519 -0.603942 -0.128246 0.786643 -0.793664 0.006184 -0.608324
0.317870 -15.031771 27.659847 57.837224 -0.071756 0.991463 0.108867 -0.480510 -0.130009 0.867299 -0.874049 -0.009922 -0.485737
0.244893 -14.730246 26.652049 -45.764787 -0.079982 0.987184 0.138096 -0.301457 -0.156008 0.940630 -0.950119 -0.033603 -0.310071
0.056431 -15.307233 8.056905 -17.085873 -0.078969 0.989572 0.120462 -0.461054 -0.143394 0.875710 -0.883851 -0.013614 -0.467570
-1.793572 -22.337068 31.964990 -208.626751 0.039380 0.994098 0.101090 0.138686 0.094752 -0.985793 0.989553 -0.052840 0.134136
-1.638013 -20.684925 10.637952 -260.802397 0.060221 0.994579 0.084770 0.329575 0.060350 -0.942199 0.942207 -0.084678 0.324154
-2.326907 -22.912131 39.139313 -111.217208 0.062520 0.995226 0.074940 0.031479 0.073083 -0.996829 0.997547 -0.064681 0.026759
-1.948552 -24.095196 39.156311 -113.465343 0.037454 0.993213 0.110112 -0.133513 0.114175 -0.984448 0.990339 -0.022170 -0.136883
-5.453881 -8.059571 8.943674 -76.618297 -0.538696 -0.677410 -0.500922 -0.595029 0.726831 -0.343012 0.596446 0.113284 -0.794619
-3.726368 -7.936459 -177.661755 117.252727 -0.746221 -0.031205 -0.664967 -0.055420 0.998345 0.015342 0.663388 0.048301 -0.746715
-4.700575 -8.977356 3.689242 -36.096597 -0.587158 -0.665540 -0.460763 -0.536298 0.746201 -0.394421 0.606325 0.015519 -0.795066
-5.338273 -10.283621 -4.002600 -118.519580 0.351237 0.871123 0.343186 -0.796094 0.470789 -0.380253 0.492816 0.139650 -0.858854
-1.894487 -39.191893 -56.579247 -1395.967805 -0.533682 0.834404 0.137670 0.837013 0.497909 0.226926 0.120801 0.236338 -0.964132
-2.083398 -38.213625 -17.754574 -1049.729437 -0.516987 0.835742 0.185095 0.836201 0.446855 0.317945 0.183009 0.319150 -0.929866
-1.530775 -52.755465 -46.341619 2066.417569 -0.581316 0.811209 0.063332 -0.695145 -0.454673 -0.556817 0.422900 0.367712 -0.828217
-0.484448 -35.653214 -82.231297 -1087.466398 -0.542463 0.832348 0.113714 0.826313 0.504257 0.250861 0.151463 0.230046 -0.961321
5.195630 -6.344115 -63.453272 17.283478 0.042347 0.997392 -0.058441 -0.582003 0.072170 0.809978 -0.812083 0.000287 -0.583542
5.368553 -6.526075 -49.783305 11.808250 0.061956 0.997022 -0.045913 -0.667967 0.075601 0.740341 -0.741608 0.015200 -0.670662
4.908940 -6.462526 56.653408 13.611484 0.126635 0.991885 0.011347 -0.608800 0.068685 0.790345 -0.783151 0.106993 -0.612557
-2.854864 -6.446658 24.438841 61.938262 0.300500 0.927938 -0.220522 0.422573 0.077748 0.902988 -0.855062 0.364535 0.368759
-2.661741 -6.271951 23.470742 13.534425 0.363248 0.911729 -0.191834 0.379504 0.043252 0.924178 -0.850898 0.408508 0.330294
-2.751252 -6.894497 34.123752 -18.838027 0.279828 0.904830 -0.320903 0.330222 0.223146 0.917147 -0.901471 0.362613 0.236353
-2.996251 -7.507971 31.190956 -14.428026 0.259183 0.934215 -0.245086 0.325886 0.154286 0.932735 -0.909188 0.321619 0.264459
-3.947535 -9.549608 141.550757 -69.541585 -0.565221 0.765903 -0.306462 -0.619045 -0.639342 -0.456099 0.545261 0.068083 -0.835497
-5.160308 -9.670912 150.915616 -61.036244 -0.555468 0.743393 -0.372588 -0.611845 -0.668822 -0.422282 0.563117 0.006598 -0.826351
-4.672578 -9.295744 124.605986 52.583974 -0.524804 0.783301 -0.333197 -0.726193 -0.616213 -0.304838 0.444100 -0.081985 -0.892218
-3.010948 -9.745403 88.481418 -11.971459 -0.547192 0.784734 -0.291158 -0.705743 -0.619586 -0.343571 0.450009 -0.017483 -0.892853
-1.005478 -17.931579 8.320925 -338.600428 0.170758 0.975142 -0.141205 -0.191114 -0.107810 -0.975629 0.966601 -0.193583 -0.167954
-1.020880 -19.855752 -6.215563 -220.250751 0.172563 0.976367 -0.130110 -0.366700 -0.058917 -0.928472 0.914195 -0.207931 -0.347868
-0.831382 -17.403448 3.925586 -315.108462 0.161019 0.980278 -0.114578 -0.176051 -0.085703 -0.980643 0.971122 -0.178074 -0.158779
-0.804352 -13.641922 -6.171762 -375.663173 0.166941 0.978256 -0.123069 0.051294 -0.133269 -0.989752 0.984632 -0.158917 0.072427
-2.274122 -5.635096 61.790463 29.244103 0.238211 0.499907 0.832675 -0.376579 0.837826 -0.395268 -0.895234 -0.219411 0.387834
-1.611500 -6.081251 47.246882 52.720575 0.226487 0.484215 0.845127 -0.439745 0.825044 -0.354861 -0.869096 -0.291269 0.399793
-0.291162 -5.880584 92.612382 56.236840 0.311751 0.361539 0.878693 -0.387499 0.892757 -0.229846 -0.867558 -0.268838 0.418414
0.394761 -6.094168 100.990185 52.565354 0.297716 0.380632 0.875491 -0.482291 0.851408 -0.206156 -0.823870 -0.360865 0.437053
0.147455 -5.631058 109.115918 43.881939 0.366639 0.245666 0.897343 -0.296009 0.945190 -0.137821 -0.882018 -0.215091 0.419262
1.814878 -5.901221 132.822086 31.791248 0.404665 0.200270 0.892266 -0.363848 0.930427 -0.043822 -0.838964 -0.306916 0.449379
0.839753 -12.987241 19.950951 225.762197 -0.061489 0.997357 -0.038709 0.996108 0.058866 -0.065603 0.063151 0.042592 0.997095
0.002552 -10.175954 -103.353994 -374.774454 0.220909 -0.969392 0.107141 0.974871 0.216238 -0.053553 0.028746 0.116279 0.992801
0.696896 -13.603529 -76.726087 -404.518257 0.232363 -0.967678 0.098018 0.963839 0.215573 -0.156663 0.130470 0.130876 0.982776
1.376065 -4.657624 -43.742611 -127.046382 0.732767 -0.378436 -0.565543 0.661106 0.199011 0.723418 0.161218 0.903980 -0.396015
1.711951 -11.930353 -36.277212 -640.818794 0.851357 -0.371286 -0.370592 0.479813 0.265554 0.836218 0.212064 0.889735 -0.404229
-0.453507 -15.185801 -139.988671 -843.240187 0.875619 -0.341630 -0.341439 0.437245 0.260327 0.860841 0.205203 0.903061 -0.377323
-1.623825 -5.736198 -250.047865 197.743072 0.828907 -0.287512 -0.479844 0.548811 0.251971 0.797068 0.108259 0.924039 -0.366650
1.381709 -6.848873 -21.228951 49.675038 0.790875 -0.358719 -0.495819 0.596709 0.272168 0.754893 0.135848 0.892886 -0.429302
-1.322424 -7.239366 -73.206299 471.599949 0.708103 0.106306 0.698061 -0.688314 0.324466 0.648803 0.157526 0.939905 -0.302927
-3.011348 -4.246188 -161.763399 173.128618 0.978762 -0.154095 -0.135204 0.177654 0.308464 0.934499 0.102296 0.938672 -0.329288
-0.505444 -148.137037 121.335855 -6714.313769 0.832967 -0.089319 -0.546065 -0.511190 0.253497 -0.821233 -0.211778 -0.963204 -0.165496
0.631905 -97.606850 37.926325 -4243.262752 0.826534 -0.147490 -0.543220 -0.334802 0.646975 -0.685078 -0.452492 -0.748111 -0.485367
-1.545199 -89.154566 -1.967667 -2571.364504 0.809331 -0.228203 -0.541208 -0.214226 0.743272 -0.633761 -0.546891 -0.628864 -0.552666
-4.279914 -124.782002 -74.767593 -5810.807362 0.762221 -0.144442 -0.630996 -0.610735 0.162585 -0.774964 -0.214528 -0.976065 -0.035710
5.161117 1.071299 213.441040 24.961773 0.488877 -0.135149 0.861820 0.138021 0.987466 0.076558 -0.861365 0.081522 0.501403
6.422446 1.269661 -136.602488 19.537790 0.306220 0.038823 0.951169 0.067352 0.995781 -0.062327 -0.949575 0.083149 0.302313
6.611537 1.364058 299.775392 17.314484 0.517715 -0.074533 0.852300 0.075472 0.996293 0.041281 -0.852218 0.042953 0.521421
5.090861 0.974218 -114.954091 17.490945 0.301511 0.072353 0.950713 0.080582 0.991615 -0.101022 -0.950051 0.107070 0.293153
3.654975 0.896153 374.581239 34.491126 0.548795 -0.306999 0.777544 0.202216 0.951254 0.232860 -0.811130 0.029440 0.584124
4.219438 0.881073 178.349882 24.758080 0.458145 -0.217640 0.861821 0.195150 0.970534 0.141352 -0.867191 0.103424 0.487118
-3.182385 -6.070592 -6.854485 66.622134 0.085767 0.994531 -0.059601 0.875111 -0.046602 0.481672 -0.476261 0.093469 0.874322
-0.896838 -5.406771 -187.318241 -35.305529 -0.372611 0.898232 -0.233108 0.844398 0.432367 0.316308 -0.384906 0.078976 0.919571
-3.319787 -5.837753 -17.591748 35.207673 0.148218 0.985863 -0.078132 0.888333 -0.098001 0.448620 -0.434621 0.135901 0.890301
-3.609895 -6.864981 -16.383999 57.567244 0.253947 0.967216 -0.001821 0.822747 -0.215025 0.526167 -0.508526 0.135117 0.850379
-3.678720 -7.076131 65.904277 -118.966114 0.000734 0.935578 0.353118 0.593517 0.283790 -0.753127 0.804821 -0.210134 0.555074
-2.364221 -5.624358 -41.828068 -72.355296 0.242191 0.967311 0.075192 0.625653 -0.096475 -0.774113 0.741554 -0.234527 0.628566
-2.267917 -5.870852 -130.484510 -56.152823 0.372995 0.927642 -0.018845 0.519210 -0.225515 -0.824357 0.768958 -0.297696 0.565757
-4.112055 -6.680639 -82.553892 -67.504713 0.248850 0.956546 0.151966 0.522658 -0.000529 -0.852542 0.815415 -0.291582 0.500078
-4.722016 -7.645970 32.782117 -115.258397 0.018363 0.906107 0.422650 0.524437 0.351173 -0.775656 0.851251 -0.235897 0.468748
-4.110976 -8.806067 120.658433 -107.970309 -0.147022 0.837032 0.527031 0.454426 0.530420 -0.715647 0.878568 -0.134281 0.458353
-2.698683 -9.040947 102.762800 -114.516268 -0.166404 0.860337 0.481798 0.499057 0.494892 -0.711354 0.850442 -0.122073 0.511709
-2.840699 -4.143356 -51.890973 4.167671 0.681449 0.547536 0.485625 -0.168300 0.762999 -0.624106 -0.712251 0.343566 0.612095
-3.156388 -4.672500 16.354618 -64.467604 0.585684 -0.264949 0.766013 0.455212 0.889466 -0.040400 -0.670639 0.372360 0.641554
-3.723139 -4.456803 6.174377 -63.817714 0.591897 -0.119999 0.797031 0.394141 0.905653 -0.156347 -0.703072 0.406684 0.583350
-3.100043 -4.209349 -64.229122 14.544954 0.602432 0.759260 0.246172 0.332814 -0.519280 0.787136 -0.725473 0.392266 0.565524
-0.430580 -6.768640 -28.125199 24.463167 -0.030655 0.987846 0.152384 0.927174 0.085054 -0.364849 0.373375 -0.130102 0.918512
-0.482911 -6.515034 -24.996246 80.552149 -0.071602 0.983801 0.164343 0.946082 0.119173 -0.301207 0.315913 -0.133915 0.939290
-0.652348 -6.826779 -7.331555 9.684077 -0.030182 0.989143 0.143822 0.933265 0.079411 -0.350301 0.357919 -0.123651 0.925529
-0.629075 -6.450939 6.265202 -95.435381 -0.030628 0.990696 0.132605 0.916815 0.080690 -0.391074 0.398135 -0.109597 0.910756
-0.617992 -6.471939 12.050246 -104.197027 -0.036041 0.990465 0.132969 0.922693 0.084087 -0.376254 0.383847 -0.109129 0.916925
-0.473725 -6.830232 11.160175 1.065912 -0.036356 0.989748 0.138121 0.938495 0.081304 -0.335584 0.343373 -0.117425 0.931829
1.887835 -2.220485 55.047217 -22.927582 -0.131858 0.749298 -0.648973 -0.027762 -0.657224 -0.753184 0.990880 0.081296 -0.107462
1.437585 -2.862066 48.794794 -51.448158 -0.146923 0.760244 -0.632805 -0.043481 -0.644093 -0.763710 0.988192 0.084691 -0.127688
2.403872 -2.554004 60.298725 61.957511 -0.133107 0.675590 -0.725162 0.031416 0.734181 0.678226 0.990604 0.067495 -0.118949
2.478345 -2.107730 51.373788 42.781382 -0.114381 0.649343 -0.751845 0.021895 0.758275 0.651567 0.993196 0.058066 -0.100949
-0.314108 -8.754451 24.151149 22.996612 0.051198 0.988718 0.140767 0.801550 -0.124761 0.584767 -0.595732 -0.082893 0.798895
-0.631293 -9.517030 14.973273 41.218488 0.010746 0.991428 0.130213 0.771086 -0.091124 0.630176 -0.636640 -0.093634 0.765456
-0.372495 -8.613406 20.627445 29.020060 0.065720 0.984676 0.161537 0.849928 -0.140056 0.507945 -0.522785 -0.103913 0.846108
1.222478 -13.443723 24.086410 98.652904 -0.006983 0.995669 0.092709 -0.304459 -0.090427 0.948224 -0.952500 0.021605 -0.303771
0.920877 -13.656291 22.282746 86.430026 0.010347 0.995918 0.089669 -0.346148 -0.080562 0.934714 -0.938123 0.040711 -0.343902
1.149564 -12.184487 23.357118 133.579324 0.005354 0.995619 0.093349 -0.184973 -0.090753 0.978544 -0.982729 0.022507 -0.183677
1.076330 -14.480602 12.460462 22.293221 -0.002268 0.997369 0.072461 -0.500739 -0.063855 0.863240 -0.865595 0.034326 -0.499567
1.393299 -11.757067 12.044099 126.962636 -0.023224 0.995901 0.087418 -0.120689 -0.089595 0.988639 -0.992419 -0.012409 -0.122275
1.449525 -12.565060 3.603445 90.546934 -0.044632 0.994666 0.092989 -0.238010 -0.100989 0.965998 -0.970237 -0.020982 -0.241248
1.368614 -13.651773 3.856045 -32.202972 -0.028708 0.996163 0.082681 -0.471860 -0.086424 0.877427 -0.881206 0.013825 -0.472530
-0.335841 -14.208128 -42.556531 362.356090 0.315220 0.948083 0.042130 -0.495496 0.202280 -0.844728 0.809395 -0.245400 -0.533535
-0.554656 -18.310932 -45.035208 244.763334 0.306329 0.951827 0.013738 -0.291018 0.107381 -0.950672 0.906350 -0.287220 -0.309893
-0.443720 -18.131306 17.541572 214.963441 0.274773 0.960176 0.050609 -0.269145 0.127339 -0.954644 0.923071 -0.248690 -0.293416
0.007418 -15.870554 30.928992 371.792931 0.289841 0.954297 0.072866 -0.438411 0.200060 -0.876226 0.850757 -0.222021 -0.476360
0.027998 -14.504016 4.841021 428.631196 0.300287 0.951860 0.061558 -0.520247 0.217533 -0.825846 0.799481 -0.215966 -0.560525
-0.212038 -18.661066 50.004597 147.970245 0.266738 0.961644 0.063961 -0.177172 0.114161 -0.977536 0.947344 -0.249414 -0.200828
-1.573817 -17.616932 3.019970 -149.633135 0.170163 0.984790 0.035124 0.325139 -0.022462 -0.945400 0.930231 -0.172292 0.324015
-1.119252 -14.428538 42.592317 -255.179984 0.131617 0.989437 0.060765 0.518143 -0.016407 -0.855137 0.845107 -0.144035 0.514829
-1.895718 -15.165153 6.924354 -438.678710 0.216538 0.976244 0.007631 0.562193 -0.118300 -0.818501 0.798154 -0.181526 0.574454
-0.663265 -9.994337 36.816374 -424.896069 0.162770 0.985687 0.043892 0.725201 -0.089354 -0.682715 0.669022 -0.142956 0.729365
-1.677413 -13.068321 37.251826 -558.216821 0.285681 0.951668 -0.112762 0.666287 -0.281816 -0.690392 0.688802 -0.122100 0.714593
-2.830866 -20.509303 5.505056 -280.847617 0.212985 0.976410 -0.035507 0.247370 -0.089045 -0.964821 0.945223 -0.196709 0.260500
0.134469 -23.005949 -20.973480 242.697270 -0.278468 0.957366 -0.076848 0.079309 0.102661 0.991550 -0.957165 -0.270020 0.104515
-0.343793 -23.871278 -60.358373 181.958381 -0.305285 0.950477 -0.058269 0.008479 0.063901 0.997920 -0.952223 -0.304156 0.027568
0.000852 -23.605396 -41.839365 51.210768 -0.301247 0.951682 -0.059593 -0.248567 -0.018039 0.968447 -0.920578 -0.306555 -0.241991
0.421307 -22.511231 -13.351925 147.299969 -0.275606 0.958604 -0.071550 -0.088855 0.048709 0.994853 -0.957155 -0.280545 -0.071752
-1.575917 -8.410489 -60.286995 -183.275767 -0.216303 0.976164 -0.017777 -0.949022 -0.205943 0.238629 -0.229280 -0.068487 -0.970948
-0.847667 -9.046464 -57.102873 -148.513924 -0.232850 0.971377 -0.046979 -0.948198 -0.216028 0.232923 -0.216107 -0.098782 -0.971360
-1.403014 -10.293539 -86.199858 -269.998303 -0.279653 0.959633 -0.029970 -0.914488 -0.256730 0.312731 -0.292413 -0.114864 -0.949369
-2.335745 -12.732099 -51.342897 -377.172067 -0.244856 0.969465 0.013562 -0.901746 -0.232847 0.364194 -0.356231 -0.076945 -0.931224
-2.562807 -8.048791 -54.437303 -174.971921 -0.152001 0.988379 -0.001794 -0.956622 -0.146661 0.251723 -0.248535 -0.039978 -0.967798
0.250833 -13.224456 -3.356556 108.518790 0.106303 0.991468 -0.075439 -0.779502 0.035994 -0.625365 0.617314 -0.125283 -0.776678
0.656053 -13.751753 -14.562009 132.104957 0.136726 0.989055 -0.055464 -0.705674 0.057952 -0.706162 0.695219 -0.135690 -0.705874
0.869485 -14.924448 14.242641 125.662204 0.113632 0.992666 -0.041257 -0.631537 0.040111 -0.774308 0.766974 -0.114042 -0.631463
0.396502 -14.343438 58.345918 136.527430 0.070055 0.996362 -0.048526 -0.729751 0.018022 -0.683476 0.680115 -0.083293 -0.728358
0.089296 -6.084712 18.611544 41.618302 -0.047079 0.976116 -0.212087 -0.710866 -0.181903 -0.679398 0.701751 -0.118780 -0.702451
0.568208 -6.172129 37.880571 3.408925 -0.052109 0.972441 -0.227250 -0.688616 -0.199795 -0.697058 0.723252 -0.120165 -0.680050
0.049024 -6.273624 26.649893 40.797709 -0.045188 0.978761 -0.199960 -0.657458 -0.179843 -0.731714 0.752135 -0.098401 -0.651621
-0.071792 -6.258467 11.092611 69.115661 -0.034279 0.978890 -0.201494 -0.690958 -0.168879 -0.702892 0.722082 -0.115129 -0.682160
-0.246952 -6.797386 -2.433211 39.664113 -0.002848 0.982832 -0.184478 -0.614910 -0.147200 -0.774737 0.788592 -0.111231 -0.604773
1.177522 -18.012134 6.733915 -460.250800 -0.416836 0.901300 -0.117926 -0.754463 -0.415413 -0.508152 0.506985 0.122845 -0.853156
1.465526 -19.393396 41.070202 -470.518280 -0.336938 0.937495 -0.087036 -0.787238 -0.331225 -0.520141 0.516458 0.106737 -0.849634
2.743198 -14.065455 56.082180 -384.024878 -0.398385 0.909180 -0.121170 -0.634339 -0.368523 -0.679562 0.662498 0.193865 -0.723542
1.028650 -13.893189 20.803851 -340.488996 -0.487977 0.864074 -0.123507 -0.660714 -0.458125 -0.594625 0.570382 0.208560 -0.794460
0.658566 -18.026766 1.347099 -409.114746 -0.458288 0.881105 -0.116733 -0.783423 -0.462483 -0.415161 0.419787 0.098812 -0.902228
1.845037 -12.914727 74.487635 -340.755235 -0.471882 0.871970 -0.130370 -0.617288 -0.432331 -0.657301 0.629510 0.229693 -0.742266
-2.134253 -7.720043 -75.008738 56.085062 0.570993 -0.569530 0.591273 0.603212 0.779598 0.168407 -0.556868 0.260504 0.788692
-3.258655 -7.351754 84.369277 93.152487 -0.504693 0.672833 -0.540907 0.728308 0.668250 0.151688 -0.463522 0.317391 0.827291
-2.154322 -6.286400 -53.244133 72.455427 0.510090 -0.645683 0.568244 0.729832 0.674508 0.111287 -0.455142 0.357956 0.815300
-1.663563 -5.593986 -26.788170 58.793666 0.487123 -0.643925 0.589976 0.773137 0.632138 0.051590 -0.406166 0.431002 0.805771
-1.501566 -6.052294 -25.607541 63.197559 0.514926 -0.616699 0.595427 0.712698 0.693956 0.102406 -0.476353 0.371628 0.796856
-1.556886 -6.767911 -23.785771 32.180232 0.567898 -0.571187 0.592653 0.618746 0.771088 0.150258 -0.542813 0.281371 0.791318
-3.023851 -11.490352 120.275458 -81.598588 -0.461155 0.879918 0.114371 0.778237 0.463007 -0.424231 0.426243 0.106628 0.898303
-4.437729 -12.317876 89.899175 -165.547665 -0.397335 0.904049 0.157547 0.807702 0.426019 -0.407584 0.435594 0.034696 0.899474
-3.739236 -13.253499 109.417947 -132.267337 -0.431799 0.894005 0.119601 0.713950 0.419803 -0.560393 0.551203 0.156588 0.819546
-2.194995 -12.048747 109.727774 -19.778757 -0.486145 0.867139 0.108321 0.704161 0.462115 -0.539079 0.517513 0.185796 0.835261
-4.545838 -19.094213 79.486775 -484.453676 -0.354402 0.934399 0.036016 0.653701 0.275111 -0.704974 0.668636 0.226301 0.708318
-3.067960 -13.257897 91.903136 -59.977828 -0.437335 0.896439 0.071660 0.654025 0.371738 -0.658834 0.617243 0.241264 0.748868
0.187108 -6.370838 0.945123 46.985519 -0.018430 0.996046 0.086905 0.503271 -0.065864 0.861615 -0.863932 -0.059616 0.500067
0.357958 -6.672823 -2.015645 45.773217 -0.018232 0.996385 0.082978 0.533779 -0.060475 0.843459 -0.845428 -0.059669 0.530746
0.347970 -5.950127 -2.104979 40.296124 0.017769 0.989063 0.146419 0.585222 -0.129024 0.800542 -0.810678 -0.071463 0.581114
0.303572 -5.285431 -0.770860 39.486807 0.028145 0.985323 0.168366 0.570856 -0.154109 0.806458 -0.820568 -0.073415 0.566815
-0.251064 -4.214512 -32.782589 43.800931 0.013475 0.983836 0.178566 0.532873 -0.158176 0.831280 -0.846088 -0.083952 0.526391
-0.149152 -4.423977 -29.521420 44.680586 0.007699 0.984142 0.177216 0.533301 -0.153955 0.831798 -0.845890 -0.088106 0.526030
-0.231136 -4.091668 -16.604589 1.925636 0.056935 0.967855 0.244980 0.572217 -0.232710 0.786393 -0.818124 -0.095408 0.567072
-0.207944 -4.079414 -0.925263 39.897725 0.043602 0.977059 0.208456 0.526909 -0.199765 0.826112 -0.848802 -0.073817 0.523532
0.130321 -3.855006 21.934034 -5.733491 0.074464 0.965563 0.249285 0.553952 -0.247914 0.794780 -0.829212 -0.078910 0.553336
1.964940 -3.557551 19.008733 -43.548695 0.063452 0.997786 0.019939 -0.091219 0.025695 -0.995499 0.993807 -0.061348 -0.092647
2.307739 -4.246552 25.636817 -32.407037 0.094010 0.995070 0.031602 -0.143575 0.044961 -0.988618 0.985164 -0.088403 -0.147094
2.382382 -3.741831 29.464238 -31.146254 0.096122 0.995347 0.006720 -0.080779 0.014530 -0.996626 0.992086 -0.095255 -0.081799
2.314803 -3.454561 31.789054 -27.480223 0.095155 0.993413 -0.063841 -0.032871 -0.060961 -0.997599 0.994920 -0.097025 -0.026854
1.978576 -3.051638 27.733266 -38.300767 0.064474 0.997427 -0.031344 -0.043854 -0.028547 -0.998630 0.996955 -0.065761 -0.041901
-148.719057 -534.056390 -7511.263389 42013.441788 0.788160 -0.604098 0.117767 -0.316459 -0.233649 0.919381 0.527880 0.761888 0.375325
-48.034702 -163.517379 -8637.007314 -4025.529790 0.789475 0.297910 -0.536636 0.538424 -0.755881 0.372483 0.294666 0.583004 0.757151
-125.634824 -562.851222 -7836.098260 -19415.244602 0.679018 -0.523698 -0.514466 0.411725 0.851867 -0.323737 0.607796 0.008005 0.794053
0.555381 -45.223332 -104.011012 1551.303539 0.896225 -0.392230 -0.207212 0.291405 0.168371 0.941666 0.334462 0.904327 -0.265196
1.913298 -41.414876 44.227069 782.934070 0.869080 -0.482149 -0.110602 0.333162 0.405236 0.851344 0.365655 0.776734 -0.512816
1.388184 -34.765179 66.588191 1234.594054 0.851730 -0.499683 -0.157714 0.166328 -0.027597 0.985684 0.496882 0.865769 -0.059606
0.490525 -48.094307 -91.323350 529.699445 0.906361 -0.377641 -0.189463 0.397064 0.608093 0.687432 0.144392 0.698291 -0.701100
1.271627 -29.427294 -126.907611 1053.031263 0.889860 -0.406843 -0.206464 0.176028 -0.111335 0.978069 0.420907 0.906688 0.027457
1.097914 -3.273988 -44.603378 -67.981828 0.109023 0.992500 0.055292 0.311752 0.018678 -0.949980 0.943888 -0.120807 0.307378
1.267415 -3.935775 -14.469299 -78.276864 0.081145 0.995799 0.042418 0.283651 0.017727 -0.958764 0.955488 -0.089830 0.281021
0.639552 -4.383268 -47.138282 -71.948603 0.103814 0.989729 0.098286 0.265917 0.067602 -0.961623 0.958390 -0.125966 0.256168
-6.499221 -10.446537 -1.886623 94.389440 -0.130221 0.985922 -0.104881 -0.630423 -0.163980 -0.758734 0.765251 0.032684 -0.642902
-5.772903 -9.164863 -49.668898 99.978920 -0.315820 0.930192 -0.187082 -0.653975 -0.356263 -0.667379 0.687441 0.088425 -0.720837
-5.385938 -8.086889 -7.289343 58.526897 -0.518858 0.791809 -0.322218 -0.600177 -0.605819 -0.522275 0.608748 0.077599 -0.789560
7.474157 -16.735370 296.714028 431.074973 0.540427 0.841133 0.020830 -0.454326 0.312563 -0.834202 0.708185 -0.441361 -0.551066
5.711131 -12.402292 72.448173 309.036275 0.515685 0.854767 0.058663 -0.497339 0.354394 -0.791871 0.697655 -0.379181 -0.607864
11.512575 -18.171086 400.856095 497.269129 0.644345 0.764588 0.015005 -0.434008 0.381768 -0.816021 0.629648 -0.519286 -0.577828
10.789597 -13.012957 269.984511 514.179612 0.682291 0.730691 0.023880 -0.509538 0.498703 -0.701189 0.524261 -0.466247 -0.712576
-5.257498 -9.391836 43.163922 3.295789 0.573583 0.818785 0.024354 -0.206995 0.116112 0.971427 -0.792563 0.562235 -0.236085
2.790751 -4.621944 -49.281807 101.770951 0.457130 0.552661 0.696849 0.798046 -0.600756 -0.047064 0.392626 0.577632 -0.715672
-1.865269 -4.500390 15.282197 56.979188 0.519212 0.848350 0.103541 0.346008 -0.319436 0.882179 -0.781471 0.422212 0.459391
-1.909730 -4.191148 3.182224 53.576418 0.595392 0.749305 0.289914 0.210800 -0.493892 0.843584 -0.775288 0.441150 0.452013
-2.519967 -5.061488 4.149740 17.459165 0.515714 0.853916 0.069757 0.289466 -0.250293 0.923885 -0.806380 0.456268 0.376259
-2.363420 -5.372230 26.343385 39.255804 0.441176 0.894771 -0.068918 0.384867 -0.119268 0.915234 -0.810705 0.430303 0.396986
-0.298341 -7.656047 -168.634340 15.672397 -0.008252 0.999260 -0.037580 -0.488393 0.028767 0.872150 -0.872585 -0.025551 -0.487794
-2.049150 -7.871114 -135.904205 10.699430 -0.003803 0.999925 0.011658 -0.564847 -0.011768 0.825112 -0.825187 0.003447 -0.564850
-1.164752 -9.296565 74.102054 22.331738 -0.054821 0.997366 0.047500 -0.267836 0.031140 -0.962961 0.961904 0.065513 -0.265424
-0.710706 -9.689297 16.731783 17.392101 -0.024129 0.997866 0.060680 -0.132421 0.056973 -0.989555 0.990900 0.031912 -0.130763
-0.881306 -9.964799 13.644773 -34.485872 -0.018593 0.999321 0.031795 -0.135585 0.028987 -0.990342 0.990591 0.022725 -0.134954
-0.527425 -7.093212 3.856201 33.697300 -0.002229 0.981650 0.190678 0.739781 0.129915 -0.660186 0.672844 -0.139588 0.726496
-0.456878 -6.717798 15.214956 20.609261 0.001408 0.983280 0.182092 0.685596 0.131611 -0.715987 0.727981 -0.125850 0.673948
1.270188 -13.133310 -8.145026 19.822869 0.031286 0.998589 -0.042903 -0.815119 0.050332 0.577103 -0.578449 -0.016915 -0.815543
0.891092 -10.449745 59.351850 -152.355480 0.065239 0.997700 -0.018416 -0.950382 0.067749 0.303619 -0.304168 0.002306 -0.952616
0.828129 -12.086152 41.123383 -158.880666 0.063121 0.997918 -0.013246 -0.921091 0.063361 0.384156 -0.384196 0.012047 -0.923173
1.353351 -10.945708 37.791585 -95.813102 0.008427 0.999592 -0.027286 -0.930521 0.017830 0.365804 -0.366141 -0.022307 -0.930292
-1.331431 -12.981512 -37.302218 -91.374273 0.036772 0.985463 -0.165864 -0.889398 0.107952 0.444205 -0.455653 -0.131184 -0.880438
-1.031148 -13.213295 -18.416111 -103.818715 0.020899 0.984666 -0.173194 -0.898250 0.094556 0.429192 -0.438987 -0.146602 -0.886453
-0.768732 -11.903506 19.217383 -64.385277 0.033999 0.985992 -0.163291 -0.954340 0.080546 0.287658 -0.296781 -0.146055 -0.943710
0.320164 -20.601691 -68.819285 195.401792 0.136992 0.983799 0.115637 0.801178 -0.041391 -0.596993 0.582535 -0.174429 0.793868
0.162338 -17.513898 -42.324327 314.167694 0.152193 0.982681 0.105717 0.616425 -0.010767 -0.787340 0.772566 -0.184994 0.607387
1.602059 -7.556654 34.970644 21.210113 0.088317 0.986662 0.136743 0.572931 0.061982 -0.817257 0.814832 -0.150522 0.559815
0.137231 -4.630363 66.011617 -90.040770 0.649878 0.292730 0.701404 0.254264 0.785943 -0.563598 -0.716246 0.544612 0.436337
-0.827429 -5.676590 34.556435 -80.772442 0.672402 0.402421 0.621235 0.208245 0.702545 -0.680488 -0.710288 0.586931 0.388591
2.449926 -13.340902 -6.044632 -307.498790 0.286874 0.957535 -0.028794 0.234157 -0.099235 -0.967121 0.928910 -0.270700 0.252681
2.816371 -13.226550 10.161410 -309.565224 0.330617 0.942984 -0.038391 0.251506 -0.127241 -0.959455 0.909636 -0.307556 0.279234
2.523585 -10.453955 -35.741079 -111.487781 0.316861 0.946937 -0.053935 0.361329 -0.173093 -0.916232 0.876950 -0.270829 0.397002
1.593395 -2.186362 -40.130417 -55.905903 0.230821 0.972972 0.006796 -0.873547 0.210300 -0.438964 0.428529 -0.095385 -0.898479
1.543909 -2.838072 -12.141071 -64.665967 0.237523 0.970769 0.034508 -0.886841 0.231209 -0.400070 0.396354 -0.064423 -0.915835
-0.848020 -21.608691 -97.336724 109.268868 0.179505 0.983565 0.019440 -0.134173 0.044054 -0.989978 0.974564 -0.175098 -0.139876
-0.773828 -20.826439 -160.354738 143.244627 0.226914 0.972014 0.060818 -0.403862 0.150738 -0.902315 0.886231 -0.180186 -0.426765
-2.242341 -21.198407 -44.565570 33.756065 0.151929 0.986926 0.053805 -0.222249 0.087155 -0.971087 0.963080 -0.135578 -0.232585
-1.978938 -21.601005 -16.289103 -29.274958 0.121706 0.992158 0.028469 0.028262 0.025207 -0.999283 0.992164 -0.122424 0.024973
-2.517763 -5.733584 35.145353 94.749113 0.387786 0.916811 -0.095285 0.437305 -0.091992 0.894596 -0.811410 0.388581 0.436600
-5.514588 -9.163137 102.681170 -95.269630 -0.526870 0.735375 -0.426182 -0.544653 -0.677055 -0.494925 0.652504 0.028640 -0.757244
-5.558039 -9.257860 63.370549 32.521738 -0.469472 0.776657 -0.420000 -0.705599 -0.615962 -0.350316 0.530779 -0.131888 -0.837185
-1.324457 -5.377988 9.243354 42.542927 0.248957 0.936583 -0.246641 0.146244 0.215387 0.965516 -0.957410 0.276442 0.083348
-1.616469 -5.065744 -1.469315 50.421886 0.231391 0.940883 -0.247382 0.186260 0.206734 0.960504 -0.954864 0.268329 0.127413
-1.259567 -4.339854 21.983632 56.903269 0.263600 0.943237 -0.202037 0.223447 0.144043 0.964014 -0.938396 0.299258 0.172793
-0.631340 -4.849945 52.830919 45.148088 0.283391 0.937883 -0.200161 0.175635 0.154430 0.972267 -0.942784 0.310687 0.120961
-0.389841 -3.902443 73.421891 65.230656 0.302888 0.939477 -0.160132 0.233565 0.089726 0.968193 -0.923963 0.330655 0.192252
-1.197758 -6.409019 78.433410 50.399613 0.220622 0.484264 0.846649 -0.519398 0.793054 -0.318262 -0.825561 -0.369532 0.426491
0.261638 -12.500995 -15.740086 303.994701 -0.065075 -0.994701 0.079596 0.997879 -0.064981 0.003777 0.001416 0.079673 0.996820
-0.658737 -8.723285 -38.454403 -378.612277 0.092966 -0.990611 0.100240 0.995620 0.091492 -0.019214 0.009863 0.101587 0.994778
0.939559 -33.818452 -16.492533 -1749.091291 0.864420 -0.339602 -0.370742 0.454410 0.212161 0.865159 0.215153 0.916329 -0.337714
1.503536 -95.220082 -100.038351 -4298.011439 0.761234 -0.156046 -0.629422 -0.490009 0.497335 -0.715925 -0.424751 -0.853409 -0.302124
0.929449 -64.747698 91.945577 1753.683002 -0.739221 0.149281 0.656710 -0.184293 0.893063 -0.410456 -0.647757 -0.424445 -0.632659
6.979859 -211.206897 192.709294 -12121.738074 0.853882 -0.117646 -0.506996 -0.477038 0.212642 -0.852771 -0.208134 -0.970022 -0.125450
7.018944 1.336196 -101.679303 13.483311 0.314355 0.050081 0.947984 0.037401 0.997179 -0.065082 -0.948569 0.055915 0.311595
5.830935 1.046041 -345.941163 22.868277 0.119118 0.185527 0.975393 0.021496 0.981675 -0.189347 -0.992647 0.043522 0.112947
4.916143 0.765924 -285.447471 44.139960 0.159055 0.253726 0.954109 0.034641 0.964383 -0.262233 -0.986662 0.074761 0.144600
0.273633 -5.083280 334.546401 -17.588565 0.679958 -0.678254 0.278619 0.641339 0.734314 0.222413 -0.355447 0.027457 0.934293
-0.522117 -7.154800 -202.539464 -74.539804 -0.358425 0.917554 -0.172125 0.884195 0.392813 0.252780 -0.299552 0.061590 0.952090
-1.230370 -4.224798 -199.969787 5.264469 -0.558925 0.770881 -0.305527 0.708338 0.635417 0.307413 -0.431116 0.044595 0.901194
-4.045440 -8.060769 -204.887041 -576.860313 0.257329 0.929852 0.262978 0.817942 -0.354503 0.453099 -0.514541 -0.098505 0.851789
-3.870530 -45.253934 -177.983582 -2893.061803 -0.153611 0.972789 0.173454 0.691349 -0.019613 0.722255 -0.706003 -0.230863 0.669524
-6.430457 -103.944769 -175.587609 -9434.692884 -0.031388 0.992477 0.118336 0.568294 -0.079674 0.818959 -0.822227 -0.092955 0.561518
-6.411971 -10.925436 -178.691034 -945.672172 0.034510 0.992360 0.118454 0.824123 -0.095306 0.558334 -0.565358 -0.078353 0.821116
1.568267 -4.133734 434.509746 -36.778561 0.923667 -0.096156 0.370935 0.061049 0.992567 0.105280 -0.378301 -0.074598 0.922672
-1.223031 -4.923183 -74.407660 -53.532723 0.395091 0.912830 -0.103170 0.596029 -0.340179 -0.727343 0.699037 -0.225874 0.678475
-1.005321 -5.251943 -121.163567 -60.448854 0.454308 0.877066 -0.156074 0.514041 -0.401182 -0.758165 0.727575 -0.264212 0.633108
-2.042002 -9.131172 -14.175451 41.824886 -0.212172 0.956379 0.200804 0.961563 0.240965 -0.131654 0.174297 -0.165152 0.970745
-1.461330 -8.972702 0.084603 2.271341 0.126447 -0.970287 -0.206285 0.988209 0.141312 -0.058934 0.086334 -0.196401 0.976715
-1.662727 -8.418324 -11.604159 68.747983 -0.147332 0.963935 0.221635 0.965297 0.188982 -0.180241 0.215626 -0.187389 0.958327
-2.065244 -9.558166 21.129322 -0.254960 0.206212 -0.961229 -0.183073 0.976374 0.214476 -0.026330 0.064574 -0.173318 0.982747
-2.255533 -8.226277 -28.267518 90.262662 -0.255914 0.941326 0.220030 0.924167 0.305004 -0.229973 0.283589 -0.144491 0.947998
-3.554483 -9.463059 -70.304134 57.282509 -0.368722 0.906427 0.205997 0.905575 0.400281 -0.140387 0.209707 -0.134782 0.968430
0.963367 -2.722487 43.869324 -18.311728 -0.141602 0.851096 -0.505553 -0.042854 -0.515490 -0.855823 0.988996 0.099521 -0.109467
0.584092 -3.660365 51.768205 -33.121248 -0.165534 0.823481 -0.542659 -0.072962 -0.558968 -0.825973 0.983501 0.097133 -0.152611
-0.074219 -7.253552 -8.604267 34.014008 0.123844 0.972805 0.195739 0.968664 -0.161317 0.188858 -0.215298 -0.166216 0.962299
-0.316403 -7.300627 -10.514824 28.474167 0.115637 0.972207 0.203572 0.962429 -0.160357 0.219126 -0.245680 -0.170584 0.954223
