19951
39886
-3.420723 -4.910411 41.928264 51.416868 0.951376 0.298519 0.075960 0.209109 -0.444835 -0.870859 0.226178 -0.844398 0.485628
-4.323843 -6.131158 46.329961 55.382866 0.854185 0.429017 0.293789 0.485264 -0.454773 -0.746794 0.186780 -0.780465 0.596647
-4.211454 -6.280865 13.304653 146.264176 -0.446977 -0.537876 -0.714774 0.867796 -0.066782 -0.492413 0.217123 -0.840375 0.496616
-3.056919 -5.518895 -14.313993 36.927934 0.949377 0.311509 0.040572 0.216222 -0.554291 -0.803747 0.227886 -0.771831 0.593586
-3.120850 -4.088577 19.725730 49.153521 0.802287 0.422965 0.421232 0.539453 -0.211584 -0.814998 0.255590 -0.881097 0.397921
-2.242633 -4.056825 -5.463864 38.557969 0.967223 0.233237 -0.100404 0.007235 -0.420555 -0.907238 0.253827 -0.876775 0.408458
-2.482268 -4.724425 -20.806847 45.598576 0.966027 0.241439 -0.092188 0.041668 -0.497547 -0.866436 0.255059 -0.833159 0.490704
-2.714961 -3.851031 68.910133 1.873953 -0.378423 -0.278621 -0.882704 0.800506 0.380285 -0.463220 0.464742 -0.881903 0.079129
-3.560184 -3.944100 1.046464 26.000855 0.631910 0.281859 -0.721973 -0.567499 -0.466169 -0.678699 0.527859 -0.838595 0.134622
-3.067210 -3.617675 14.021499 -39.295397 0.275745 -0.020559 -0.961011 0.870978 0.428296 0.240749 0.406647 -0.903405 0.136007
-1.883396 -3.584027 81.720203 -51.364096 -0.341058 -0.205533 -0.917298 0.866463 0.309721 -0.391555 0.364584 -0.928348 0.072454
-1.836174 -2.657032 73.642695 -72.530252 -0.122114 -0.151126 -0.980943 0.944864 0.284864 -0.161509 0.303844 -0.946580 0.108008
3.129395 -7.861892 50.202513 104.536693 -0.164828 0.186768 -0.968478 0.968638 -0.154450 -0.194641 -0.185935 -0.970187 -0.155453
3.980890 -8.544129 -48.392662 176.926674 -0.275118 0.072327 -0.958686 0.955567 -0.089206 -0.280953 -0.105841 -0.993384 -0.044571
3.153140 -5.076599 29.577524 77.366527 -0.276493 0.169543 -0.945942 0.958039 -0.028783 -0.285188 -0.075579 -0.985102 -0.154470
1.273706 -4.515858 115.615439 38.881513 -0.211949 0.264718 -0.940745 0.974189 -0.019284 -0.224911 -0.077680 -0.964133 -0.253798
0.594583 -6.371645 168.171254 72.776607 -0.045097 0.257232 -0.965297 0.973052 -0.207420 -0.100732 -0.226134 -0.943827 -0.240946
-4.904413 -5.667250 -6.176351 -15.692216 -0.247815 -0.113613 -0.962123 -0.369282 0.929203 -0.014609 0.895667 0.351674 -0.272226
-5.236680 -5.708931 -3.136033 -1.156353 -0.413535 0.281342 -0.865930 -0.349910 0.828915 0.436420 0.840566 0.483473 -0.244341
-5.536031 -5.826487 24.685788 -26.834053 -0.385654 0.459234 -0.800234 -0.200566 0.804860 0.558546 0.900580 0.375906 -0.218291
-5.305787 -5.682826 37.175947 -0.382956 -0.212347 -0.187894 -0.958960 -0.309770 0.943671 -0.116304 0.926796 0.272361 -0.258590
0.199648 -1.109746 47.454273 -20.432887 0.808399 0.192793 0.556168 0.444643 0.419141 -0.791589 0.385726 -0.887216 -0.253109
0.954551 -0.916931 49.695400 -3.655133 0.764880 0.140762 0.628605 0.527502 0.423222 -0.736630 0.369729 -0.895024 -0.249462
0.291281 -0.948415 32.399847 -3.160300 0.754462 0.146279 0.639835 0.534167 0.429610 -0.728081 0.381382 -0.891088 -0.245987
0.427302 -1.205599 59.564643 19.269705 0.766243 0.165618 0.620840 0.514584 0.420470 -0.747267 0.384805 -0.892063 -0.236958
0.015428 -1.169101 13.851377 -19.580000 0.820549 0.184243 0.541067 0.429800 0.425135 -0.796575 0.376790 -0.886180 -0.269656
-0.249356 -1.149032 -16.196581 21.110197 -0.571843 -0.002421 -0.820360 0.730732 0.453004 -0.510703 0.372863 -0.891505 -0.257278
0.623348 -1.050601 38.475355 -6.874603 -0.588950 0.030415 -0.807597 0.729681 0.449597 -0.515196 0.347424 -0.892713 -0.286984
0.057714 -7.663936 30.224279 58.251438 0.104533 -0.405117 -0.908269 -0.088293 0.905886 -0.414216 0.990594 0.123493 0.058926
0.270092 -8.103619 -14.030539 -9.293713 0.172131 -0.444163 -0.879256 0.176596 0.892032 -0.416045 0.969116 -0.083659 0.231983
-0.038399 -7.284520 -12.619633 50.662681 0.162861 -0.467689 -0.868760 -0.052792 0.875124 -0.481011 0.985236 0.124202 0.117833
-0.337230 -7.676934 -26.621104 22.842524 0.170600 -0.506100 -0.845434 0.033071 0.860470 -0.508427 0.984785 0.058779 0.163533
-0.229687 -6.798211 -15.052974 91.328059 0.168828 -0.442065 -0.880952 -0.219156 0.854572 -0.470827 0.960972 0.272555 0.047394
-0.414223 -6.741413 -20.485725 63.485321 0.167297 -0.517305 -0.839290 -0.191484 0.818028 -0.542369 0.967133 0.251447 0.037798
1.092247 -3.699864 -45.725152 -5.357541 0.900584 -0.019955 0.434225 0.425416 -0.164702 -0.889884 -0.089275 -0.986141 0.139839
0.208506 -4.279677 -67.323528 -0.937800 0.901845 -0.056184 0.428391 0.418835 -0.129756 -0.898744 -0.106081 -0.989953 0.093488
0.240050 -3.469955 -44.122795 -46.858061 0.925911 -0.048376 0.374632 0.352601 -0.245082 -0.903110 -0.135505 -0.968295 0.209866
0.663016 -2.839839 -31.348357 -51.633259 0.915530 -0.011351 0.402089 0.383535 -0.276716 -0.881095 -0.121265 -0.960885 0.248988
0.022492 -2.336100 -26.117757 -92.230928 0.937411 -0.033460 0.346613 0.315294 -0.340968 -0.885624 -0.147817 -0.939479 0.309078
-0.361529 -2.711479 -13.368046 -92.343797 0.895839 0.010581 0.444253 0.420701 -0.342167 -0.840197 -0.143119 -0.939579 0.310978
-0.851860 -4.206095 -15.232889 -5.126487 0.917023 0.062323 0.393935 0.391984 0.041448 -0.919038 0.073605 -0.997195 -0.013579
-1.016557 -4.301111 -11.145885 -8.161467 0.921711 0.081097 0.379304 0.370563 0.104791 -0.922877 0.114591 -0.991182 -0.066536
-1.140063 -4.235722 -8.233086 -7.064571 0.926828 0.095695 0.363087 0.361277 0.036226 -0.931755 0.102317 -0.994751 0.000997
-1.077268 -3.880665 -9.924470 -13.300328 0.924018 0.074904 0.374940 0.379916 -0.069424 -0.922412 0.043063 -0.994771 0.092606
-1.302648 -3.943233 -9.842424 -5.657262 0.929684 0.100840 0.354285 0.361214 -0.061088 -0.930480 0.072187 -0.993025 0.093217
-1.406145 -4.221164 -6.820386 -5.024439 0.933978 0.116127 0.337933 0.336610 0.031421 -0.941120 0.119907 -0.992737 0.009743
0.462685 -3.560138 -30.283992 -32.649208 -0.603473 -0.690721 -0.398403 -0.707485 0.694283 -0.132046 0.367811 0.202179 -0.907656
0.290041 -4.119344 22.006436 -21.449850 0.602561 0.694083 0.393915 -0.744970 0.666215 -0.034319 0.286252 0.272775 -0.918506
0.501448 -4.042418 16.704827 -20.244366 0.601762 0.700721 0.383241 -0.721554 0.682695 -0.115267 0.342407 0.207166 -0.916428
0.398503 -3.822102 19.693280 -5.162086 0.597262 0.704231 0.383845 -0.708984 0.687331 -0.157851 0.374992 0.177861 -0.909806
0.360324 -3.882111 -3.213813 6.445714 0.596217 0.719126 0.356909 -0.712935 0.678664 -0.176463 0.369121 0.149243 -0.917320
0.575257 -4.199320 -21.488932 -20.707825 0.614523 0.716033 0.331146 -0.727363 0.676785 -0.113601 0.305457 0.171053 -0.936716
-0.384432 -8.743701 36.370904 15.957108 0.683804 0.537620 0.493333 0.533725 0.092491 -0.840585 0.497544 -0.838099 0.223696
-0.240579 -9.418876 54.619840 64.163863 0.630859 0.571068 0.525259 0.608321 0.056180 -0.791700 0.481624 -0.818978 0.311951
-0.922737 -9.777546 32.366145 77.020632 0.641515 0.522563 0.561593 0.626778 0.065022 -0.776480 0.442275 -0.850118 0.285818
-0.002576 -8.491093 43.985868 17.836280 0.673416 0.566418 0.475059 0.508930 0.110884 -0.853637 0.536192 -0.816624 0.213596
-0.193088 -7.735337 36.417603 1.275708 0.694186 0.557374 0.455456 0.425855 0.192105 -0.884162 0.580305 -0.807731 0.104004
-1.666945 -8.224511 -20.880085 -13.544422 -0.530222 0.143108 -0.835695 0.094976 0.989474 0.109182 0.842523 -0.021481 -0.538232
-1.590121 -8.200616 -12.227085 -25.558957 -0.515939 0.148971 -0.843573 0.069060 0.988791 0.132378 0.853837 0.010041 -0.520443
-1.515983 -7.830256 -13.151562 -19.290819 -0.510342 0.139832 -0.848527 0.243956 0.969698 0.013074 0.824643 -0.200331 -0.528990
-0.344336 -5.055710 2.544615 21.248736 0.602160 0.555371 0.573556 -0.567921 0.802892 -0.181193 -0.561133 -0.216628 0.798876
-0.558627 -5.111787 4.338718 16.900881 0.589190 0.571339 0.571338 -0.548897 0.801920 -0.235875 -0.592932 -0.174631 0.786089
-0.445227 -5.694582 -0.198048 24.502759 0.614157 0.537912 0.577461 -0.611292 0.787041 -0.083001 -0.499133 -0.302022 0.812188
-0.198105 -5.379041 6.457844 21.444058 0.624357 0.539551 0.564857 -0.609399 0.788828 -0.079897 -0.488684 -0.294339 0.821312
1.441255 -3.102083 -14.511783 5.245257 0.791276 -0.102874 0.602743 0.539262 0.582075 -0.608592 0.288233 -0.806601 -0.516058
1.752891 -3.404901 -37.156092 5.534009 0.827975 -0.092895 0.553017 0.517697 0.505642 -0.690157 0.215516 -0.857728 -0.466751
1.975992 -3.050167 6.760309 -5.526363 0.828716 -0.004410 0.559652 0.477470 0.527258 -0.702867 0.291981 -0.849694 -0.439052
0.595740 -3.546718 -81.470520 10.077998 0.786905 -0.190461 0.586945 0.583240 0.540195 -0.606647 0.201522 -0.819704 -0.536166
0.560337 -3.217796 -60.046651 12.217530 0.763751 -0.200570 0.613561 0.589131 0.605074 -0.535546 0.263835 -0.770491 -0.580288
0.221475 -4.450017 30.139182 1.606151 -0.879286 -0.282442 -0.383513 -0.325358 0.944238 0.050560 0.347847 0.169235 -0.922151
0.514734 -4.344718 28.700230 -3.186555 -0.885370 -0.273714 -0.375768 -0.283529 0.958490 -0.030135 0.368418 0.079861 -0.926224
0.583702 -4.397432 15.712813 -1.187910 -0.879968 -0.270850 -0.390252 -0.312797 0.948661 0.046909 0.357512 0.163348 -0.919512
0.159346 -4.393416 29.732748 -3.490286 -0.874754 -0.292575 -0.386271 -0.296398 0.953695 -0.051133 0.383345 0.069762 -0.920967
-0.483738 -4.501806 28.766178 1.852416 -0.869798 -0.310944 -0.383100 -0.331086 0.943495 -0.014084 0.365833 0.114589 -0.923600
1.454997 -2.799066 27.959402 35.058374 0.802595 0.103723 0.587437 0.530293 0.326925 -0.782246 0.273185 -0.939341 -0.207385
1.000845 -3.305849 61.005948 43.585957 0.768994 0.152598 0.620775 0.561673 0.302398 -0.770116 0.305239 -0.940887 -0.146832
0.462749 -2.552290 56.592524 35.881295 0.759444 0.152191 0.632521 0.556622 0.351289 -0.752840 0.336773 -0.923815 -0.182072
1.343565 -1.761353 44.286101 32.852521 0.783296 0.125908 0.608764 0.522947 0.396019 -0.754782 0.336115 -0.909569 -0.244357
0.273367 -1.744898 59.617045 28.741422 0.747479 0.150242 0.647072 0.554180 0.396063 -0.732133 0.366278 -0.905849 -0.212788
-0.050019 -7.755144 4.460349 145.020242 0.727588 0.042228 0.684714 -0.246898 0.947340 0.203934 -0.640045 -0.317434 0.699699
-0.054893 -5.781479 2.584031 90.384620 0.716205 0.082804 0.692960 -0.218682 0.969558 0.110161 -0.662743 -0.230436 0.712510
-0.015251 -7.188190 2.802628 112.389456 0.720359 0.058378 0.691141 -0.229225 0.960500 0.157785 -0.654629 -0.272089 0.705286
0.065864 -9.186767 -4.571533 -1.644042 -0.601052 -0.546668 -0.583001 0.796364 -0.471173 -0.379211 -0.067391 -0.692207 0.718546
0.161837 -8.976965 -13.209207 4.903728 -0.618852 -0.538890 -0.571507 0.785210 -0.444403 -0.431220 -0.021599 -0.715615 0.698161
-0.166488 -8.203123 0.141081 -32.227399 -0.594242 -0.545080 -0.591409 0.764965 -0.610145 -0.206280 -0.248406 -0.574987 0.779541
-0.223665 -8.352799 1.756959 -50.365750 -0.572000 -0.562814 -0.596705 0.765620 -0.627387 -0.142168 -0.294351 -0.538169 0.789766
2.117156 -3.657784 30.305014 2.165160 -0.788742 0.001482 -0.614722 0.229954 0.928106 -0.292814 0.570094 -0.372312 -0.732377
2.309835 -3.609989 26.256990 1.323731 -0.797864 -0.022887 -0.602403 0.160467 0.955164 -0.248823 0.581088 -0.295193 -0.758418
1.599619 -3.668353 31.696359 5.269593 -0.821913 -0.036281 -0.568457 0.185205 0.926724 -0.326929 0.538664 -0.373988 -0.754966
2.485286 -3.729570 10.059668 1.714398 -0.755623 0.009276 -0.654941 0.214549 0.948244 -0.234100 0.618872 -0.317408 -0.718505
1.652633 -3.670008 30.127504 6.275459 -0.798058 -0.001965 -0.602578 0.263533 0.898154 -0.351953 0.541899 -0.439678 -0.716261
1.976529 -3.735550 14.507341 2.050476 -0.750637 0.024575 -0.660258 0.300815 0.902440 -0.308403 0.588264 -0.430114 -0.684797
3.080173 -4.562136 -15.534061 -42.973056 0.439002 0.870488 0.222548 -0.560844 0.071979 0.824787 -0.701948 0.486898 -0.519807
2.625474 -4.158040 35.585457 0.255432 0.477734 0.835461 0.271615 -0.450609 -0.032372 0.892134 -0.754137 0.548595 -0.361001
3.421326 -4.052919 36.238373 7.431324 0.432132 0.860682 0.269238 -0.467810 -0.041298 0.882864 -0.770983 0.507466 -0.384789
3.462136 -4.024763 102.383893 65.111380 0.489198 0.813235 0.315174 -0.334901 -0.158513 0.928825 -0.805312 0.559931 -0.194809
4.100613 -3.895279 44.730433 79.909521 0.366813 0.877932 0.307705 -0.344938 -0.178831 0.921432 -0.863983 0.444133 -0.237234
9.131704 -10.377474 87.077429 -130.740526 -0.575079 -0.105536 -0.811262 0.817687 -0.042711 -0.574077 0.025936 -0.993498 0.110857
8.714075 -13.159042 88.175761 -190.198064 -0.573700 -0.085065 -0.814636 0.801647 0.145708 -0.579768 0.168017 -0.985664 -0.015401
7.540571 -10.461023 272.435098 -51.169100 -0.579164 0.184758 -0.793998 0.808894 0.009232 -0.587882 -0.101286 -0.982741 -0.154797
9.137824 -14.534898 -149.489300 -289.570478 -0.526043 -0.389290 -0.756130 0.799034 0.078242 -0.596174 0.291246 -0.917786 0.269897
-1.648033 -12.578032 76.807764 9.331772 0.760041 0.075693 0.645452 -0.502236 -0.561893 0.657294 -0.412427 0.823740 0.389046
-0.848532 -13.294154 60.916509 97.490578 0.758502 0.070485 0.647847 -0.580257 -0.379429 0.720649 -0.296608 0.922532 0.246898
-2.440211 -13.049393 90.902661 100.857727 0.747337 0.088563 0.658516 -0.580470 -0.395250 0.711921 -0.323328 0.914294 0.243976
-0.170336 -12.610651 59.225927 31.766363 0.767537 0.077709 0.636277 -0.513915 -0.518673 0.683279 -0.383117 0.851434 0.358165
-0.022074 -12.451705 51.892281 -63.210007 0.766209 0.080801 0.637491 -0.439666 -0.657579 0.611787 -0.468633 0.749040 0.468318
-1.855791 -7.150217 -17.700539 42.422861 0.099112 -0.548908 -0.829986 -0.236736 0.797137 -0.555453 0.966505 0.251540 -0.050941
-2.577845 -7.932003 -30.087201 40.810980 0.068513 -0.498226 -0.864336 -0.106221 0.857804 -0.502881 0.991979 0.126264 0.005848
-2.198301 -6.980630 -40.499911 55.586406 0.071949 -0.496841 -0.864854 -0.316224 0.811005 -0.492213 0.945952 0.308902 -0.098762
-1.557560 -6.177085 -22.302402 39.567622 0.102908 -0.543604 -0.833009 -0.394110 0.746634 -0.535925 0.913284 0.383448 -0.137405
-0.870529 -18.358036 -10.676823 -250.033478 0.601337 0.548855 0.580648 0.523260 0.278674 -0.805320 0.603815 -0.788098 0.119617
-0.737684 -17.588128 -0.999494 -255.316854 -0.579649 -0.574152 -0.578235 0.586771 0.198293 -0.785099 0.565426 -0.794373 0.221956
-0.707025 -14.151946 8.995012 -205.832747 -0.606814 -0.554952 -0.569039 0.664880 0.037909 -0.745988 0.435559 -0.831018 0.345973
-0.652447 -14.536318 -4.850855 -150.541655 0.612208 0.544635 0.573214 0.611955 0.132710 -0.779679 0.500711 -0.828107 0.252046
-0.696108 -17.725440 -0.253448 -150.848486 0.599054 0.540159 0.591069 0.445404 0.388637 -0.806584 0.665395 -0.746451 0.007774
-3.854139 -47.759578 -132.074694 -1641.422085 -0.621685 -0.485191 -0.614896 -0.621293 0.783516 0.009909 0.476973 0.388190 -0.788546
-0.261844 -89.387009 38.510544 -3897.783990 -0.563224 -0.595290 -0.573070 -0.624289 0.760912 -0.176852 0.541334 0.258154 -0.800197
11.873869 -19.415652 1135.051790 223.642507 -0.775982 0.485739 -0.402380 0.351870 0.862807 0.362974 0.523487 0.140076 -0.840440
2018.122672 -1244.739264 -10906.521838 -59112.666803 -0.150460 0.986587 -0.063310 -0.868533 -0.162503 -0.468234 0.472242 0.015464 -0.881334
-1.423144 -109.898819 -110.517587 -3918.536838 -0.707396 -0.359125 -0.608786 -0.465759 0.884701 0.019312 0.531658 0.297209 -0.793100
-1.785881 -146.321530 63.720723 4777.495968 0.609255 0.380796 0.695559 0.788812 -0.380787 -0.482469 0.081137 0.842612 -0.532373
-46.406737 -354.691627 1226.916851 -8499.849807 0.726754 0.341423 0.596037 0.629993 0.014505 -0.776466 0.273748 -0.939798 0.204552
-289.744964 -1115.386257 -5951.851217 25998.133700 -0.325215 -0.538613 -0.777259 0.774188 0.320335 -0.545911 0.543018 -0.779283 0.312810
-263.436002 -633.870756 -2737.534066 19548.720681 0.857647 -0.475415 0.196016 0.324012 0.795585 0.511918 -0.399321 -0.375534 0.836371
-62.574837 -1925.787765 373.557183 332279.319939 -0.111741 0.416862 0.902075 -0.544268 0.733829 -0.406532 -0.831436 -0.536397 0.144885
-628.944840 -1922.711435 41641.048678 179409.762223 0.845051 -0.530541 0.066442 0.323434 0.408264 -0.853646 -0.425768 -0.742864 -0.516599
1.335625 -3.667672 38.969183 5.036926 -0.812333 -0.009248 -0.583120 0.284803 0.866247 -0.410492 0.508923 -0.499530 -0.701047
0.905995 -3.687663 25.409678 7.890018 -0.832880 -0.055384 -0.550676 0.210035 0.888918 -0.407074 0.512051 -0.454705 -0.728730
1.667542 -3.716925 31.862004 -0.219848 -0.775949 0.022479 -0.630395 0.343317 0.853434 -0.392154 0.529185 -0.520717 -0.669938
0.672914 -3.652778 -23.492752 -5.074543 0.828577 0.040460 0.558412 0.282813 0.830537 -0.479817 0.483195 -0.555491 -0.676721
-0.604280 -13.165991 13.797813 -167.874991 0.864005 0.084769 0.496297 -0.501766 0.063608 0.862662 -0.041559 0.994368 -0.097492
-0.045320 -10.132444 1.737461 -79.832325 0.826821 0.088852 0.555404 -0.557543 0.259828 0.788439 0.074255 0.961558 -0.264370
-0.182567 -11.014115 -9.318632 -124.137653 0.818354 0.108943 0.564294 -0.574512 0.129039 0.808261 -0.015238 0.985637 -0.168189
-1.964295 -3.252260 33.958206 -6.384435 -0.797401 -0.098063 -0.595428 -0.243211 0.955246 0.168387 0.552268 0.279086 -0.785564
-1.412630 -3.118652 31.920837 -11.795685 -0.833214 -0.013411 -0.552788 -0.182987 0.950065 0.252767 0.521795 0.311762 -0.794062
-1.831760 -3.360922 42.214030 -9.794351 -0.841243 0.027297 -0.539967 -0.177254 0.929600 0.323147 0.510775 0.367557 -0.777182
-0.191725 -6.666742 -3.888224 25.713226 0.718029 0.453206 0.528241 0.531018 0.133930 -0.836709 0.449949 -0.881287 0.144495
-0.142037 -6.409350 2.167401 18.570461 0.715653 0.465985 0.520288 0.593589 -0.013196 -0.804660 0.368093 -0.884694 0.286047
-0.013816 -6.619443 -9.377051 25.152895 0.733911 0.443097 0.514820 0.524646 0.111603 -0.843973 0.431417 -0.889500 0.150563
-0.044822 -7.073031 -13.157895 -26.420874 0.726581 0.442703 0.525447 0.503067 0.178111 -0.845695 0.467979 -0.878801 0.093297
0.679244 -13.697278 2.571201 -6.283450 -0.764394 -0.048735 -0.642905 -0.145073 0.984570 0.097853 0.628216 0.168066 -0.759670
1.192245 -13.325214 -11.015656 -99.902996 -0.753102 -0.031432 -0.657153 0.046967 0.993741 -0.101356 0.656225 -0.107196 -0.746912
1.234692 -12.666696 4.262282 -39.050640 -0.749780 -0.085592 -0.656128 -0.042569 0.995784 -0.081254 0.660316 -0.032992 -0.750263
1.825455 -12.059571 -1.126478 -157.174374 -0.743266 -0.060105 -0.666291 0.190756 0.935569 -0.297190 0.641224 -0.347990 -0.683912
1.692847 -12.672460 2.056387 -117.042111 -0.725193 -0.124153 -0.677260 0.081855 0.961089 -0.263832 0.683663 -0.246766 -0.686813
0.548523 -15.223571 13.749116 -12.733495 -0.762804 -0.091620 -0.640106 -0.242336 0.958270 0.151628 0.599503 0.270783 -0.753175
1.062856 -12.904938 4.153155 48.937877 -0.734292 -0.114639 -0.669084 -0.153129 0.988205 -0.001264 0.661337 0.101528 -0.743186
-6.418423 -31.395903 181.583508 -332.673122 0.613122 0.067206 0.787124 0.785224 -0.161106 -0.597886 0.086629 0.984646 -0.151550
-2.684033 -36.485186 121.410988 277.930451 0.620372 0.005873 0.784286 0.725191 -0.385164 -0.570743 0.298727 0.922830 -0.243204
-5.161846 -30.967098 194.206738 557.473486 0.558392 0.029106 0.829066 0.663920 -0.614894 -0.425576 0.497401 0.788072 -0.362676
-2.391405 -53.271734 113.758716 -1571.736164 0.611296 -0.011148 0.791324 0.781949 0.162590 -0.601764 -0.121953 0.986631 0.108108
-7.024815 -28.690634 176.526166 -575.992944 0.670011 0.092503 0.736566 0.707165 0.222321 -0.671187 -0.225841 0.970575 0.083542
-4.213150 -31.254366 147.641671 -688.032557 0.670322 0.026540 0.741596 0.716968 0.234570 -0.656455 -0.191379 0.971737 0.138209
-4.640053 -15.976379 -65.932347 -351.333403 0.124755 0.865228 -0.485610 -0.694238 0.425789 0.580291 -0.708851 -0.264735 -0.653793
-2.523209 -11.568145 -41.361657 -4.043135 -0.022864 0.914263 -0.404474 -0.719459 0.265869 0.641633 -0.694158 -0.305673 -0.651696
-4.219872 -20.442790 -45.787366 -538.098063 0.067805 0.871329 -0.485992 -0.632738 0.414176 0.654294 -0.771392 -0.263141 -0.579406
-3.165398 -20.345845 -38.345306 -542.259972 -0.001780 0.863152 -0.504941 -0.511929 0.432972 0.741933 -0.859026 -0.259814 -0.441102
-5.039810 -24.715211 -46.922666 -563.293782 0.115872 0.833037 -0.540946 -0.357237 0.543123 0.759868 -0.926799 -0.105199 -0.360524
-7.984277 -30.909852 -119.385728 -860.407844 0.201618 0.820328 -0.535175 -0.555945 0.545695 0.627011 -0.806396 -0.171111 -0.566079
-0.399699 -7.158998 0.873833 28.678090 0.691617 0.495576 0.525424 0.449562 0.273995 -0.850189 0.565297 -0.824216 0.033292
-0.382656 -7.053510 5.457296 102.305437 0.687813 0.506605 0.519870 0.467879 0.238152 -0.851101 0.554980 -0.828634 0.073226
-0.352764 -7.176578 -1.214121 94.258061 0.703293 0.483187 0.521450 0.479722 0.218752 -0.849714 0.524639 -0.847749 0.077948
-0.439451 -7.076674 -1.470647 2.160649 0.694547 0.483094 0.533127 0.465280 0.263587 -0.845007 0.548743 -0.834950 0.041700
-3.452145 -4.852780 -3.416270 9.282519 -0.471090 -0.370165 0.800658 0.843235 0.077431 0.531940 -0.258901 0.925734 0.275659
-3.337735 -4.847053 -0.225647 4.750713 -0.553858 -0.353339 0.753918 0.818037 -0.062252 0.571786 -0.155102 0.933422 0.323524
-3.652496 -4.800003 6.962205 2.603233 -0.597254 -0.311720 0.738998 0.767900 0.043763 0.639073 -0.231552 0.949166 0.213232
-3.868344 -4.724892 -1.802245 3.114484 0.707458 0.274466 -0.651285 0.654813 0.092203 0.750146 -0.265940 0.957166 0.114494
-3.710944 -4.516997 9.742616 -8.944483 -0.426192 -0.316502 0.847459 0.835896 0.220405 0.502692 -0.345887 0.922631 0.170628
-3.789337 -4.813554 -7.597328 2.697946 0.779587 0.225023 -0.584474 0.599289 0.003061 0.800527 -0.181926 0.974349 0.132467
-4.326101 -5.052913 -21.322432 -6.727484 0.746211 0.065725 -0.662457 0.663418 -0.155919 0.731823 0.055191 0.985581 0.159952
-5.065508 -5.172761 18.009551 -2.057218 -0.599481 0.072968 0.797056 0.779635 -0.172070 0.602131 0.181086 0.982378 0.046264
-4.516419 -5.014371 -21.239596 12.423959 0.830449 -0.001230 -0.557093 0.554174 -0.100426 0.826320 0.056963 0.994944 0.082717
-4.084698 -5.045109 -25.956212 4.264982 0.835747 0.103076 -0.539353 0.547674 -0.085382 0.832324 -0.039742 0.991002 0.127810
-4.448389 -4.945778 -22.241379 -2.287053 0.855875 0.017785 -0.516877 0.516785 0.009801 0.856059 -0.020291 0.999794 0.000802
0.043293 -0.782831 -61.975550 1.155643 0.830423 -0.247427 0.499177 -0.052704 0.857068 0.512501 -0.554635 -0.451901 0.698689
0.734897 -1.024828 -96.560448 -17.603176 0.789322 -0.049175 0.612007 -0.234992 0.896694 0.375126 -0.567230 -0.439912 0.696224
1.769374 -1.019007 -103.364628 -2.379656 0.813189 -0.140367 0.564819 -0.156733 0.881810 0.444799 -0.560498 -0.450232 0.695078
1.103314 -1.050946 -86.220226 16.251715 0.823762 -0.253827 0.506941 -0.060729 0.849524 0.524043 -0.563674 -0.462472 0.684391
0.127977 -4.514562 36.353012 9.803242 0.711845 0.634494 0.301153 -0.509807 0.761730 -0.399829 -0.483087 0.131087 0.865704
0.120148 -4.366332 3.499467 -49.718377 0.693134 0.642119 0.327489 -0.502006 0.756066 -0.419945 -0.517258 0.126677 0.846403
0.007259 -4.277862 14.744238 -38.582564 0.692363 0.649094 0.315135 -0.492808 0.744405 -0.450557 -0.527042 0.156648 0.835278
-0.109266 -3.878134 6.768604 2.990166 0.683361 0.657541 0.317265 -0.408993 0.704756 -0.579694 -0.604767 0.266381 0.750532
-0.210525 -4.287341 -2.589466 -36.695222 0.683966 0.647162 0.336708 -0.479068 0.746534 -0.461715 -0.550168 0.154491 0.820638
-0.561479 -5.868830 -4.048661 36.261690 0.801593 0.480283 0.356058 -0.388991 0.871218 -0.299441 -0.454021 0.101526 0.885188
-0.537268 -6.067836 6.243915 46.479075 0.808680 0.481112 0.338479 -0.415473 0.874477 -0.250344 -0.416436 0.061819 0.907061
-0.552995 -5.729373 6.016749 45.615803 0.806006 0.489105 0.333363 -0.394656 0.863812 -0.313171 -0.441136 0.120854 0.889265
-0.545233 -6.002857 1.133942 73.492848 0.803088 0.473118 0.362228 -0.379304 0.874743 -0.301586 -0.459542 0.104805 0.881951
-0.586716 -6.136664 0.303646 3.901867 0.797399 0.489168 0.353369 -0.474915 0.869979 -0.132635 -0.372305 -0.062057 0.926033
-0.465762 -5.765692 -16.204994 49.614654 0.788855 0.470467 0.395435 -0.328416 0.866549 -0.375813 -0.519471 0.166595 0.838090
0.391315 -6.746455 -18.594660 39.004061 0.666789 0.487899 0.563336 -0.248102 0.858114 -0.449539 -0.702736 0.159982 0.693230
0.207089 -7.126260 -9.375393 1.659459 0.687533 0.477559 0.547024 -0.351690 0.878062 -0.324533 -0.635304 0.030744 0.771650
0.279264 -6.527595 -10.660534 27.990970 0.683606 0.476615 0.552739 -0.240889 0.862233 -0.445564 -0.688953 0.171441 0.704239
0.261167 -6.157179 -11.356015 60.139108 0.677908 0.498895 0.539949 -0.138103 0.807825 -0.573016 -0.722059 0.313883 0.616530
1.959002 -9.469686 -1.802114 47.687212 -0.769271 -0.517799 -0.374309 -0.574711 0.816748 0.051287 0.279159 0.254573 -0.925885
2.327793 -9.464353 -10.495792 95.150510 0.803751 0.443004 0.397155 -0.541699 0.820953 0.180548 0.246062 0.360254 -0.899817
2.793828 -8.421413 -16.967975 73.991242 0.786304 0.492598 0.372924 -0.602977 0.743427 0.289369 0.134699 0.452397 -0.881586
-0.693916 -8.607684 8.343536 19.952208 0.601139 -0.029577 0.798597 -0.131913 0.981934 0.135663 -0.788182 -0.186897 0.586378
-0.453078 -8.792281 -8.783092 37.998769 0.596042 -0.052451 0.801238 -0.102757 0.984677 0.140901 -0.796351 -0.166316 0.581519
-0.858758 -7.588169 20.811913 13.497617 0.610391 -0.043085 0.790927 0.052388 0.998529 0.013964 -0.790366 0.032912 0.611751
-0.871715 -7.501523 27.663019 5.311861 0.608400 -0.029116 0.793096 0.009656 0.999524 0.029288 -0.793571 -0.010161 0.608392
-0.935148 -7.448527 15.288413 23.408047 0.591056 -0.027440 0.806163 0.186697 0.976937 -0.103628 -0.784727 0.211758 0.582548
-0.983457 -7.307989 -0.139874 11.325839 0.596330 -0.051149 0.801108 0.205384 0.974473 -0.090666 -0.776021 0.218602 0.591613
0.599853 -7.603456 -21.494583 -45.782951 -0.490730 0.032525 -0.870705 0.761874 0.500887 -0.410682 0.422767 -0.864901 -0.270580
0.933362 -6.949440 -27.538228 -33.833507 -0.460209 0.049216 -0.886445 0.811805 0.427538 -0.397722 0.359415 -0.902657 -0.236711
0.485065 -6.806737 -5.448891 -48.586484 -0.478231 0.061500 -0.876078 0.822073 0.382345 -0.421911 0.309016 -0.921971 -0.233407
1.222402 -5.890054 -26.272175 -41.433965 -0.460103 0.065763 -0.885427 0.855644 0.299063 -0.422415 0.237020 -0.951964 -0.193869
0.591620 -5.760839 -11.617906 -63.139989 -0.471928 0.069105 -0.878925 0.870081 0.197389 -0.451660 0.142278 -0.977887 -0.153280
-0.074750 -7.201207 -17.629471 -53.671981 -0.484437 0.022921 -0.874526 0.818683 0.364223 -0.443958 0.308347 -0.931030 -0.195208
1.029409 -0.555671 -11.566676 -13.988719 0.919375 0.157828 0.360334 0.362241 -0.696847 -0.619020 -0.153399 -0.699639 0.697835
1.568269 -0.384978 -64.550559 -4.234399 0.986204 -0.071972 0.149069 0.053564 -0.713336 -0.698772 -0.156628 -0.697117 0.699640
0.979414 -0.533420 -51.509946 -17.349980 0.982760 -0.027437 0.182836 0.107269 -0.720838 -0.684753 -0.150583 -0.692560 0.705468
-0.329878 -3.933154 -22.592695 -15.965409 0.895918 0.347418 0.276825 0.197767 0.246062 -0.948863 0.397768 -0.904850 -0.151744
-0.209560 -4.322527 -2.942795 -6.183878 0.886457 0.349818 0.303020 0.169927 0.362998 -0.916164 0.430486 -0.863632 -0.262339
0.014843 -4.164933 5.900289 -9.847888 0.882090 0.359929 0.303921 0.203569 0.290570 -0.934949 0.424825 -0.886578 -0.183039
0.174330 -3.816126 4.862740 -17.386719 0.887843 0.374785 0.266964 0.213580 0.178238 -0.960528 0.407575 -0.909817 -0.078201
26.705406 -14.945020 979.778842 -227.202430 0.979695 -0.012793 0.200084 0.200358 0.099143 -0.974694 0.007368 -0.994991 -0.099693
4.339925 -13.497234 86.671823 -315.888967 0.858590 -0.103177 0.502173 0.463817 -0.260953 -0.846627 -0.218396 -0.959822 0.176196
5.128354 -21.229388 141.186097 -477.292387 0.811621 -0.008939 0.584116 0.577179 -0.142116 -0.804157 -0.090200 -0.989810 0.110185
16.332883 -18.868965 713.934209 -75.529892 0.863895 0.079987 0.497280 0.457576 0.287985 -0.841242 0.210498 -0.954289 -0.212188
0.372644 -8.845520 27.937348 -21.160011 0.515085 -0.209992 0.831018 0.517219 -0.696972 -0.496704 0.683500 0.685663 -0.250388
0.170665 -8.842982 19.946491 -25.560053 0.532465 -0.216271 0.818357 0.622459 -0.555123 -0.551709 0.573607 0.803160 -0.160964
1.204761 -9.018438 63.175516 -5.580146 0.531539 -0.245241 0.810754 0.549051 -0.629096 -0.550256 0.644988 0.737628 -0.199739
0.864956 -19.065021 15.108833 175.333267 0.876114 0.393581 0.278421 0.408445 -0.299161 -0.862366 0.256119 -0.869250 0.422856
0.889277 -17.594463 24.803107 109.761458 0.868327 0.420840 0.262493 0.424432 -0.356619 -0.832274 0.256644 -0.834097 0.488279
0.821177 -17.124552 20.642017 181.019137 0.881912 0.405427 0.240541 0.323056 -0.148166 -0.934710 0.343316 -0.902040 0.261645
0.936266 -19.719175 28.178560 56.351687 0.851922 0.443201 0.278928 0.499634 -0.528413 -0.686401 0.156824 -0.724122 0.671605
0.708184 -16.514731 10.117730 185.470055 0.901045 0.374609 0.218600 0.240619 -0.012408 -0.970540 0.360861 -0.927100 0.101319
0.758863 -14.837896 -21.240240 126.808165 0.909691 0.317405 0.267800 0.303632 -0.068406 -0.950331 0.283320 -0.945820 0.158603
0.834255 -19.619517 -1.852611 52.857034 0.860590 0.391656 0.325560 0.507050 -0.598894 -0.619860 0.047796 -0.698521 0.713992
-0.974793 -13.450367 -6.319287 42.012274 0.784292 -0.050707 0.618316 0.611160 0.234441 -0.755990 0.106625 -0.970807 -0.214860
-0.428259 -13.295527 -34.262467 -14.844200 0.792111 -0.107718 0.600797 0.604155 -0.001820 -0.796865 -0.086930 -0.994180 -0.063636
-0.496949 -13.110615 -15.867683 30.733626 0.767654 -0.077021 0.636219 0.628791 0.282311 -0.724515 0.123809 -0.956226 -0.265147
0.014405 -2.571134 -34.857489 4.060437 0.658173 0.129911 0.741574 -0.138108 0.989119 -0.050701 -0.740091 -0.069048 0.668953
-0.378158 -2.390341 -23.463625 5.954053 0.683850 0.043104 0.728348 -0.095402 0.994966 0.030692 -0.723359 -0.090475 0.684519
-0.516145 -2.408559 -32.623264 6.739381 0.663152 0.161322 0.730893 -0.138448 0.986084 -0.092031 -0.735569 -0.040160 0.676258
-0.223885 -2.588383 -33.528073 -3.560754 0.644293 0.248514 0.723276 -0.166918 0.968626 -0.184124 -0.746341 -0.002098 0.665560
-3.119860 -7.922501 -5.635029 7.291940 0.909616 -0.177584 0.375584 0.142207 0.982518 0.120150 -0.390354 -0.055880 0.918967
-3.058180 -7.843564 -2.134526 -0.744031 0.901067 -0.172576 0.397864 0.190415 0.981689 -0.005431 -0.389641 0.080653 0.917428
-3.003850 -8.087080 -7.522512 8.416405 0.877001 -0.169439 0.449622 0.174697 0.984161 0.030126 -0.447606 0.052127 0.892711
0.310325 -31.120511 15.902658 -690.436178 0.872959 0.478522 0.094651 -0.486414 0.868530 0.095170 0.036666 0.129119 -0.990951
0.254619 -22.713055 -2.333189 -397.614466 -0.877854 -0.470088 -0.091599 -0.434292 0.861968 -0.261537 0.201901 -0.189811 -0.960837
0.198195 -22.880230 -6.605454 -439.339801 -0.874081 -0.475115 -0.101235 -0.432285 0.855817 -0.284089 0.221614 -0.204555 -0.953438
0.218357 -22.125263 0.958422 -339.067516 -0.874234 -0.474566 -0.102482 -0.467570 0.879811 -0.085506 0.130743 -0.026834 -0.991053
4.850538 -24.954989 89.444499 512.572620 -0.789263 -0.562753 -0.245709 -0.174775 0.589466 -0.788659 0.588657 -0.579516 -0.563599
6.191905 -38.584075 -108.472302 1053.069325 0.718361 0.596138 0.358576 0.028154 0.490105 -0.871209 0.695100 -0.635938 -0.335289
5.322647 -24.234996 20.217566 639.663948 0.651444 0.689143 0.317338 -0.325252 0.631553 -0.703813 0.685443 -0.355280 -0.635566
-8.985490 -301.637367 269.296521 44456.438999 0.819798 0.388270 0.420925 0.564993 -0.668227 -0.484000 -0.093350 -0.634602 0.767181
-13.954024 -422.046697 537.449281 43755.288801 0.741711 0.500736 0.446238 -0.113038 0.749118 -0.652721 -0.661126 0.433688 0.612231
-208.278389 -1157.411182 5732.341809 51810.640275 0.810716 0.414015 0.413922 0.546184 -0.789425 -0.280164 -0.210768 -0.453211 0.866128
-254.660721 -811.340452 9432.945347 7042.646608 0.900486 0.426734 -0.083799 -0.110083 0.037253 -0.993224 0.420721 -0.903610 -0.080522
1.037454 -4.518008 10.671857 23.627524 0.817495 0.115703 0.564194 -0.536994 -0.200971 0.819297 -0.208182 0.972740 0.102161
0.785336 -4.586125 14.391079 20.066329 0.818029 0.125142 0.561399 -0.550958 -0.109763 0.827283 -0.165149 0.986048 0.020841
0.395682 -4.682836 13.145769 2.591011 0.860442 0.115381 0.496314 -0.495138 -0.040679 0.867861 -0.120324 0.992488 -0.022128
0.787373 -4.709454 17.147800 20.907567 0.864861 0.097208 0.492509 -0.472552 -0.173491 0.864058 -0.169439 0.980026 0.104109
0.011670 -4.567049 2.434650 -25.782268 0.887289 0.132730 0.441702 -0.452227 0.062245 0.889728 -0.090600 0.989196 -0.115254
0.296223 -4.753973 5.276233 0.436674 0.900502 0.120289 0.417885 -0.410792 -0.079908 0.908220 -0.142641 0.989518 0.022544
0.030304 -4.405605 9.319083 -31.136676 0.867318 0.124426 0.481951 -0.495140 0.116574 0.860957 -0.050943 0.985357 -0.162715
0.231102 -4.605558 13.422537 -23.904443 0.857156 0.124993 0.499660 -0.512127 0.103506 0.852650 -0.054858 0.986744 -0.152733
2.020239 -3.782071 -21.399318 -16.537163 -0.502293 -0.081946 0.860806 0.793067 0.353065 0.496377 -0.344597 0.932003 -0.112354
2.952771 -3.383025 -42.278234 -9.927779 -0.255276 -0.015534 0.966744 0.882899 0.403819 0.239625 -0.394112 0.914707 -0.089370
3.294857 -3.203660 -37.686251 -114.934204 -0.510124 -0.101380 0.854105 0.717420 0.497597 0.487551 -0.474428 0.861463 -0.181104
2.944974 -3.402665 31.966996 -165.284172 0.832104 0.125446 -0.540247 0.430312 0.468520 0.771570 -0.349907 0.874501 -0.335877
1.841481 -4.487442 -32.251743 -42.401323 0.747248 0.189883 -0.636840 0.573841 0.298936 0.762459 -0.335153 0.935191 -0.114416
5.107600 0.614891 -257.938956 -13.799613 -0.665421 0.532237 0.523392 0.729565 0.315337 0.606876 0.157957 0.785676 -0.598133
3.587454 0.316661 231.919717 -8.262130 0.715867 -0.501701 -0.485624 0.680503 0.345553 0.646149 0.156365 0.793025 -0.588780
5.373594 0.291303 -190.472067 -9.853154 -0.659694 0.483012 0.575763 0.743250 0.305872 0.594998 0.111281 0.820452 -0.560780
-2.057000 -4.187709 -0.019934 8.328437 0.832345 0.523084 0.183262 -0.237114 0.037192 0.970770 -0.500978 0.851470 -0.154987
-2.042427 -4.198498 7.583534 13.478811 0.830034 0.549094 0.097667 -0.149377 0.050157 0.987507 -0.537336 0.834254 -0.123654
-1.840511 -3.858781 0.215106 15.643628 0.825940 0.519665 0.218567 -0.199954 -0.092458 0.975433 -0.527107 0.849353 -0.027544
-1.889730 -3.987127 -3.411483 11.382664 0.823572 0.488871 0.287636 -0.289522 -0.073753 0.954326 -0.487757 0.869233 -0.080798
-0.906567 -8.138603 18.408125 -12.259616 0.602180 -0.225686 0.765797 0.764155 0.440700 -0.471011 -0.231186 0.868821 0.437839
-0.829969 -8.412632 16.224410 -19.070073 0.587702 -0.218428 0.779035 0.803254 0.272838 -0.529473 -0.096899 0.936936 0.335801
-1.189193 -7.988510 24.193485 -18.902591 0.589393 -0.205080 0.781382 0.785440 0.371697 -0.494899 -0.188943 0.905419 0.380154
2.984309 -1.784140 -12.060915 -6.057324 0.809353 0.080349 0.581801 0.485447 -0.649100 -0.585671 -0.330589 -0.756448 0.564356
2.695108 -2.318903 -24.375336 3.893919 0.781490 0.018164 0.623654 0.484895 -0.646697 -0.588778 -0.392620 -0.762531 0.514195
3.010916 -1.821282 -16.176536 18.775837 0.850457 0.008537 0.525975 0.395768 -0.669064 -0.629064 -0.346540 -0.743156 0.572389
2.850492 -1.396505 9.065081 -3.356275 0.849729 0.107978 0.516045 0.448534 -0.662483 -0.599945 -0.277090 -0.741254 0.611363
2.904696 -1.623922 4.270839 -19.688622 0.793333 0.166322 0.585628 0.540720 -0.634503 -0.552294 -0.279724 -0.754814 0.593305
-1.095082 -8.068119 28.402546 192.281164 0.092274 0.704881 -0.703298 0.849696 0.312502 0.424687 0.519136 -0.636777 -0.570099
-0.072560 -11.508302 -2.348501 154.604200 0.187275 0.709236 -0.679642 0.935603 0.082018 0.343394 0.299290 -0.700184 -0.648203
-0.472255 -12.507457 2.129296 225.268134 0.131491 0.700046 -0.701887 0.917543 0.182083 0.353498 0.375267 -0.690493 -0.618380
-0.530080 -7.945565 43.534608 -195.125496 -0.045479 0.663907 -0.746431 -0.803973 -0.467820 -0.367113 0.592924 -0.583414 -0.555040
-1.770073 -4.151456 78.943857 109.817952 -0.172967 0.569086 -0.803880 0.754497 0.601191 0.263256 0.633101 -0.560990 -0.533360
-2.555310 -4.697425 -31.762293 94.237280 0.439202 0.771285 -0.460675 0.662385 0.068403 0.746034 0.606916 -0.632804 -0.480844
-0.012836 -12.531756 10.916637 185.283251 -0.603063 0.291351 -0.742583 0.714198 -0.217426 -0.665318 -0.355298 -0.931580 -0.076961
0.379258 -12.885207 7.400521 145.067564 -0.600437 0.285664 -0.746908 0.669810 -0.330570 -0.664889 -0.436841 -0.899511 0.007146
0.548350 -11.032556 4.535981 161.999653 -0.590071 0.266516 -0.762093 0.768200 -0.105043 -0.631534 -0.248367 -0.958089 -0.142754
0.079495 -13.888748 3.804918 129.891808 0.625541 -0.274970 0.730130 0.588173 -0.448648 -0.672881 -0.512593 -0.850357 0.118917
-0.269956 -14.194103 -0.519394 116.486330 0.627453 -0.280918 0.726215 0.575348 -0.461172 -0.675496 -0.524669 -0.841668 0.127738
0.841166 -3.768602 -61.771075 -4.794504 0.700074 0.231074 0.675648 -0.662651 -0.142320 0.735281 -0.266062 0.962471 -0.053487
-0.062751 -3.690598 -39.887250 -8.587552 0.721329 0.225808 0.654749 -0.652618 -0.094924 0.751718 -0.231895 0.969536 -0.078895
0.891648 -3.629054 -54.578519 -6.649371 0.711064 0.232063 0.663728 -0.668356 -0.070099 0.740531 -0.218377 0.970172 -0.105256
1.734644 -3.768661 -56.134965 -3.392682 0.707389 0.217758 0.672445 -0.663443 -0.123607 0.737947 -0.243813 0.968144 -0.057032
-5.260701 -8.567113 2.972879 174.934757 -0.271584 -0.636157 -0.722182 0.953463 -0.075738 -0.291844 0.130962 -0.767833 0.627121
-3.513472 -6.542490 -2.614624 37.883718 0.886650 0.420108 0.193291 0.426590 -0.581670 -0.692590 0.178531 -0.696541 0.694951
-5.223863 -7.098138 62.373721 42.637898 0.750925 0.528406 0.396104 0.650645 -0.489340 -0.580695 0.113013 -0.693782 0.711263
-2.240006 -4.199408 -72.658277 -5.720322 0.720607 0.480961 0.499401 0.430581 0.254118 -0.866039 0.543438 -0.839107 0.023974
2.903781 -9.110858 -83.125088 233.562233 -0.358934 -0.037838 -0.932596 0.933345 -0.020697 -0.358383 -0.005742 -0.999070 0.042745
4.017060 -14.005399 -114.693806 332.022568 -0.331342 -0.052499 -0.942049 0.924973 -0.215025 -0.313353 -0.186113 -0.975197 0.119806
4.938007 -14.866549 -82.139751 145.809948 -0.288877 -0.037436 -0.956634 0.817254 -0.530095 -0.226044 -0.498645 -0.847111 0.183727
3.145956 -14.441371 -96.299158 265.526056 -0.396664 -0.069154 -0.915355 0.859194 -0.379029 -0.343691 -0.323178 -0.922797 0.209764
-5.072889 -5.592271 3.129920 18.317774 -0.516403 0.304021 -0.800561 -0.389921 0.748847 0.535901 0.762423 0.588897 -0.268163
-5.361153 -5.879098 15.769400 -5.405637 -0.571706 0.494493 -0.654698 -0.328276 0.593443 0.734888 0.751923 0.635061 -0.176945
1.013017 -1.099714 40.347183 -20.845448 0.747700 0.105506 0.655601 0.556992 0.437880 -0.705706 0.361531 -0.892821 -0.268637
1.565382 -0.880282 17.926818 -15.009021 0.744867 0.054531 0.664981 0.583231 0.430851 -0.688628 0.324059 -0.900774 -0.289123
1.811626 -0.949426 31.153014 7.490149 0.774141 0.088287 0.626827 0.537987 0.430061 -0.724995 0.333581 -0.898473 -0.285430
1.366552 -1.103802 42.249615 21.042384 0.780804 0.127120 0.611708 0.514022 0.425840 -0.744609 0.355144 -0.895824 -0.267155
0.728494 -8.084882 40.386708 -37.071673 0.076938 -0.363708 -0.928330 0.225856 0.913244 -0.339079 0.971118 -0.183581 0.152409
1.401332 -3.762761 -55.559035 15.673160 0.869323 -0.021595 0.493772 0.492112 -0.054869 -0.868801 -0.045854 -0.998260 0.037072
0.412246 -4.140898 -76.482084 18.350029 0.856947 -0.060032 0.511896 0.512146 -0.012320 -0.858810 -0.057862 -0.998120 -0.020187
-0.741849 -4.324284 -17.261645 -7.214809 0.911459 0.054971 0.407702 0.399706 0.116186 -0.909250 0.097351 -0.991705 -0.083926
0.293841 -3.711707 -15.992159 -28.927517 -0.611810 -0.687562 -0.391084 -0.708598 0.696124 -0.115326 0.351537 0.206564 -0.913101
0.051891 -4.765904 21.372412 20.319937 0.581972 0.712390 0.392185 0.787736 -0.613612 -0.054333 0.201944 0.340558 -0.918280
0.207714 -4.763839 35.883643 18.032694 0.607366 0.682473 0.406616 0.769134 -0.633283 -0.085947 0.198847 0.364943 -0.909547
-0.049577 -4.476593 10.404749 24.827727 0.578105 0.720481 0.383018 0.776912 -0.629504 0.011512 0.249406 0.290916 -0.923669
-0.110232 -10.050221 -46.195323 25.748252 -0.620702 -0.578196 -0.529546 0.711588 -0.131854 -0.690114 0.329198 -0.805173 0.493279
-0.585028 -9.416479 -58.137467 64.608207 -0.604679 -0.571555 -0.554696 0.698744 -0.046433 -0.713863 0.382255 -0.819249 0.427448
-0.646306 -9.933502 -53.283203 -1.266048 -0.602158 -0.568383 -0.560666 0.768112 -0.220917 -0.600999 0.217737 -0.792551 0.569609
