19340
38666
-5.641314 -8.047315 50.309442 103.791236 -0.361073 0.866874 -0.343739 -0.477889 -0.488532 -0.730040 0.800780 0.099328 -0.590665
-5.543774 -9.390598 2.737811 92.341761 -0.306473 0.925931 -0.220742 -0.417402 -0.339142 -0.843065 0.855482 0.166238 -0.490423
-8.238129 -10.274581 90.320392 195.720164 0.025954 0.968224 0.248733 -0.512599 0.226505 -0.828213 0.858236 0.106005 -0.502190
-4.914575 -7.965748 -15.502731 63.251520 -0.492611 0.756048 -0.430959 -0.357478 -0.627302 -0.691883 0.793438 0.186771 -0.579287
-6.934346 -9.861461 -87.158592 331.746505 0.273983 0.862882 0.424698 -0.545860 0.503097 -0.670022 0.791814 0.048251 -0.608853
-5.345058 -6.573502 69.887103 152.518653 -0.349345 0.872064 -0.342727 -0.565692 -0.487885 -0.664801 0.746961 0.038367 -0.663760
-4.293543 -7.095514 4.608415 -66.414930 -0.548205 0.653277 -0.522208 0.361474 0.748136 0.556443 0.754194 0.116280 -0.646274
4.977465 -6.576020 -41.045024 -44.806642 -0.071112 0.977405 -0.199054 -0.969272 -0.020599 0.245127 -0.235488 -0.210369 -0.948836
2.916218 -6.193469 -170.191050 103.986834 -0.187999 0.932034 -0.309789 0.955404 0.100409 -0.277707 -0.227726 -0.348183 -0.909346
3.398853 -3.147030 -115.975612 241.132987 -0.042604 0.957678 -0.284672 0.989488 0.001033 -0.144612 -0.138198 -0.287840 -0.947655
0.644917 -2.208825 -166.192809 339.003615 -0.304689 0.893441 -0.330041 0.944976 0.240236 -0.222054 -0.119104 -0.379538 -0.917477
2.219442 -0.775509 14.071229 -32.303463 0.491615 0.808195 -0.324247 0.868463 -0.482369 0.114422 -0.063931 -0.337848 -0.939027
-57.008304 -252.988430 -749.018489 -15168.359737 0.183497 0.950401 -0.251132 -0.805293 -0.001180 -0.592876 0.563766 -0.311025 -0.765134
-13.348504 -128.333046 -638.401912 9654.346812 0.177524 0.955976 -0.233654 -0.891376 0.256814 0.373490 -0.417053 -0.141970 -0.897726
-12.701862 -75.041557 -147.618454 5899.434882 0.264569 0.964292 -0.011981 -0.944956 0.261704 0.196389 -0.192512 0.040637 -0.980453
4.932659 -326.172384 -311.762217 -19856.511353 -0.194690 0.948652 -0.249311 -0.809310 -0.298968 -0.505603 0.554177 -0.103334 -0.825960
2.374043 -6.765566 -182.377075 51.020112 0.144512 0.937430 -0.316768 -0.847524 -0.047962 -0.528585 0.510704 -0.344855 -0.787564
4.138089 -6.058700 -22.741542 67.318562 0.104160 0.970717 -0.216470 -0.879627 -0.011655 -0.475521 0.464119 -0.239943 -0.852655
2.947313 -6.076699 -171.156327 36.637767 0.189215 0.940756 -0.281381 -0.886329 0.040293 -0.461300 0.422633 -0.336681 -0.841444
2.532519 -5.590317 -112.284416 11.956457 0.228753 0.944522 -0.235691 -0.908261 0.119946 -0.400843 0.350335 -0.305763 -0.885311
1.301710 -6.279246 -276.947603 -38.420718 0.239237 0.918578 -0.314612 0.897289 -0.085352 0.433114 0.370996 -0.385915 -0.844649
0.099724 -4.638111 -62.476263 15.841361 -0.129876 0.983921 0.122603 -0.790192 -0.177401 0.586622 -0.598939 0.020692 -0.800527
-0.467389 -4.604933 -43.517054 31.491528 -0.141347 0.976880 0.160397 -0.756677 -0.211084 0.618776 -0.638327 0.033907 -0.769018
-0.776118 -5.008907 -36.918993 -20.563005 -0.182916 0.963702 0.194473 -0.802408 -0.260637 0.536852 -0.568052 0.057848 -0.820957
-0.266015 -5.117436 -36.981862 8.321750 -0.155694 0.974228 0.163216 -0.818982 -0.219693 0.530098 -0.552293 0.051138 -0.832080
-1.045972 -5.689494 -22.030899 36.494640 -0.220229 0.947886 0.230240 -0.817866 -0.308067 0.485993 -0.531596 0.081275 -0.843090
-1.684779 -5.728192 -48.771000 6.932759 -0.240325 0.942040 0.234103 -0.814690 -0.326870 0.478995 -0.527754 0.075607 -0.846026
10.309289 -9.113391 60.292453 -25.021227 0.463097 0.662351 0.588925 0.277013 0.523016 -0.806051 0.841906 -0.536419 -0.058727
13.220994 -8.632944 301.531132 -102.157257 0.355538 0.759370 0.544931 0.437103 0.380253 -0.815076 0.826156 -0.527982 0.196729
11.215153 -8.788072 414.123291 2.613851 0.277128 0.799479 0.532948 0.263669 0.470102 -0.842308 0.923947 -0.373949 0.080520
10.384979 -9.016941 306.649323 19.819756 0.383820 0.688665 0.615161 0.175108 0.599816 -0.780742 0.906653 -0.407384 -0.109631
8.640879 -9.976154 82.552373 -2.966372 -0.533563 -0.584954 -0.610851 0.161434 0.638534 -0.752471 0.830210 -0.500103 -0.246267
0.127872 -11.044178 -24.341946 27.328111 -0.168219 0.981241 0.094172 0.510327 0.004956 0.859966 -0.843367 -0.192721 0.501588
0.329553 -11.021240 -29.198091 -35.081601 -0.164043 0.981950 0.094147 0.621510 0.028768 0.782878 -0.766038 -0.186940 0.615011
-0.164826 -10.998860 -35.325453 6.557833 -0.163140 0.980678 0.107960 0.536485 -0.003656 0.843902 -0.827991 -0.195593 0.525523
-0.453423 -10.880840 -23.499304 36.818963 -0.164334 0.981643 0.096806 0.388840 -0.025725 0.920946 -0.906530 -0.188985 0.377475
1.353648 -9.332347 -2.324735 -177.469443 0.194383 0.979604 -0.050907 -0.970265 0.199642 0.136857 -0.144228 -0.022791 -0.989282
1.000531 -7.221531 4.597912 -32.982362 0.290258 0.956740 -0.019987 -0.956375 0.290744 0.028551 -0.033127 -0.010828 -0.999392
1.517488 -9.486323 4.911943 -150.418671 0.216558 0.975902 -0.026806 -0.965065 0.218140 0.145136 -0.147486 0.005561 -0.989049
1.679651 -11.889675 27.318530 -199.563020 0.235113 0.971954 -0.005312 -0.942362 0.229287 0.243683 -0.238067 0.052287 -0.969840
1.536591 -13.191146 -10.207217 -269.253102 0.218771 0.973775 -0.062461 -0.926878 0.227391 0.298647 -0.305019 0.007441 -0.952317
-2.004522 -14.062127 -76.805504 -91.058661 -0.093071 0.992149 0.083540 0.768058 0.018151 0.640123 -0.633581 -0.123740 0.763717
-1.554085 -15.081600 -121.794205 -50.301078 -0.077667 0.988108 0.132704 0.842610 -0.006089 0.538490 -0.532894 -0.153640 0.832117
-2.058982 -14.309459 -85.058503 -45.941814 -0.076077 0.991926 0.101466 0.860018 0.013784 0.510077 -0.504560 -0.126068 0.854123
-2.336054 -14.970536 29.055324 -70.943782 -0.041912 0.998433 0.037088 0.869947 0.018213 0.492810 -0.491362 -0.052919 0.869346
1.224225 -12.820044 -4.470143 -99.669196 -0.135873 0.990714 -0.004897 -0.083188 -0.006483 0.996513 -0.987228 -0.135806 -0.083297
1.349318 -11.147612 -13.984283 -154.103022 -0.135414 0.990548 -0.021836 -0.264484 -0.014900 0.964275 -0.954836 -0.136351 -0.264002
1.789195 -12.741413 -7.717134 -160.686902 -0.103754 0.994580 0.006824 -0.158230 -0.023279 0.987128 -0.981936 -0.101338 -0.159788
0.913932 -11.241388 -23.164382 -129.744582 -0.154585 0.987614 -0.026874 -0.225256 -0.008747 0.974260 -0.961958 -0.156660 -0.223818
1.555822 -13.603034 -9.876377 -12.019397 -0.109891 0.993836 0.014619 0.030901 -0.011285 0.999459 -0.993463 -0.110283 0.029471
1.019564 -13.195054 -21.040071 -66.543269 -0.154075 0.988044 0.005426 0.042806 0.001188 0.999083 -0.987131 -0.154166 0.042478
0.830395 -12.609863 -31.459189 -99.892790 -0.169100 0.985570 -0.007487 -0.088283 -0.007580 0.996067 -0.981637 -0.169096 -0.088291
1.317305 -13.520607 22.411054 -51.297244 -0.116891 0.993016 0.016002 0.073123 -0.007463 0.997295 -0.990449 -0.117745 0.071740
-0.493459 -6.217068 -21.497606 -32.752216 -0.128421 0.991715 0.002996 -0.959119 -0.124967 0.253916 -0.252186 -0.029735 -0.967222
-0.247554 -6.199444 -17.104597 -110.191202 -0.152877 0.988157 0.013173 -0.944591 -0.150029 0.291956 -0.290475 -0.032190 -0.956341
-0.122989 -6.116155 21.944042 -24.234301 -0.126824 0.991536 0.027776 -0.961282 -0.129764 0.243100 -0.244647 -0.004130 -0.969603
-0.335611 -5.747281 15.940444 77.283016 -0.121036 0.992332 0.025045 -0.969781 -0.123594 0.210356 -0.211838 -0.001172 -0.977304
-0.156860 -5.699208 73.887945 87.314816 -0.137204 0.989116 0.053155 -0.969320 -0.145120 0.198390 -0.203944 0.024304 -0.978681
-0.082646 -6.084825 56.092529 -16.587434 -0.125610 0.990917 0.048017 -0.964059 -0.133341 0.229805 -0.234120 0.017426 -0.972051
-0.349331 -5.978616 53.140903 -17.377027 0.699863 0.395203 0.594985 -0.373169 -0.507963 0.776349 -0.609046 0.765368 0.208027
-0.249670 -5.986289 67.939303 31.821674 0.690606 0.361339 0.626497 -0.341557 -0.600609 0.722916 -0.637497 0.713234 0.291367
0.606069 -5.547567 90.546609 15.445906 0.711043 0.366244 0.600236 -0.361940 -0.541227 0.758994 -0.602841 0.756927 0.252277
-1.107340 -6.270194 22.638566 -22.702483 0.681738 0.419458 0.599406 -0.363764 -0.516507 0.775175 -0.634751 0.746509 0.199539
0.050693 -5.726689 87.977572 -29.549839 0.718917 0.391943 0.574055 -0.391789 -0.453688 0.800418 -0.574160 0.800342 0.172605
-0.753966 -6.188073 23.904939 -38.555522 0.703015 0.430261 0.566255 -0.403995 -0.413666 0.815885 -0.585284 0.802344 0.116990
0.015487 -3.137051 24.517474 41.211966 0.005244 0.996346 0.085243 -0.711074 -0.056221 0.700866 -0.703098 0.064289 -0.708181
0.508904 -3.188668 17.954341 55.809151 0.011245 0.997677 0.067188 -0.707595 -0.039537 0.705511 -0.706529 0.055475 -0.705507
0.284583 -3.828187 13.074180 44.004073 0.007521 0.997223 0.074089 -0.750462 -0.043338 0.659491 -0.660871 0.060561 -0.748052
0.473845 -2.717629 20.533146 32.021243 0.029803 0.997933 0.056926 -0.680183 -0.021484 0.732728 -0.732437 0.060558 -0.678137
-0.309217 -4.076557 36.270523 63.372993 0.036188 0.996519 0.075098 -0.749228 -0.022675 0.661924 -0.661323 0.080219 -0.745799
-0.137402 -2.859874 36.833496 12.320611 0.009442 0.995581 0.093433 -0.682180 -0.061904 0.728559 -0.731123 0.070617 -0.678581
-0.473162 -3.508706 23.114971 35.921845 0.000334 0.995117 0.098697 -0.715913 -0.068671 0.694805 -0.698190 0.070891 -0.712394
0.041655 -17.601535 34.533668 81.885357 -0.093068 0.989062 -0.114434 -0.233892 0.089999 0.968088 -0.967798 -0.116864 -0.222958
-0.233808 -16.968160 -36.650881 65.847682 -0.135518 0.980479 -0.142461 -0.439157 0.069448 0.895722 -0.888131 -0.183949 -0.421173
-0.122687 -17.865313 32.661036 7.029926 -0.089354 0.985812 -0.142095 -0.515366 0.076320 0.853565 -0.852299 -0.149500 -0.501234
-0.082485 -17.813614 48.891819 76.846210 -0.080610 0.986108 -0.145235 -0.387320 0.103269 0.916143 -0.918414 -0.130102 -0.373615
-0.891763 -15.671726 -37.655053 -131.953783 -0.034003 0.931865 0.361208 -0.288528 -0.355181 0.889156 -0.956867 0.073985 -0.280946
-0.730200 -17.433001 -3.563553 -67.960427 -0.037321 0.935024 0.352615 -0.137798 -0.354305 0.924921 -0.989757 0.014070 -0.142068
-0.523079 -16.983114 -32.013140 -81.636281 -0.055095 0.920195 0.387563 -0.045286 -0.390056 0.919677 -0.997454 -0.033119 -0.063162
-0.776029 -15.674183 -0.853449 -193.051201 -0.019976 0.915214 0.402472 -0.204519 -0.397781 0.894395 -0.978659 0.064447 -0.195125
-0.513547 -17.353480 -6.626365 -135.959856 -0.029311 0.909871 0.413854 -0.013338 -0.414351 0.910019 -0.999481 -0.021154 -0.024282
-0.253305 -18.225482 -26.053658 8.889858 -0.053900 0.917329 0.394465 0.217320 -0.374794 0.901278 -0.974611 -0.134304 0.179152
0.707871 -21.060036 -42.217196 -179.597363 0.018348 0.978336 0.206208 0.111886 -0.206956 0.971931 -0.993552 -0.005238 0.113260
1.508189 -23.156482 -79.743859 -74.155006 0.014393 0.977609 0.209935 0.328373 -0.202933 0.922491 -0.944439 -0.055660 0.323941
0.748777 -22.170948 4.516876 8.464385 0.050654 0.976226 0.210755 0.288233 -0.216337 0.932802 -0.956220 -0.013497 0.292339
0.820955 -21.643083 -14.519028 73.270653 0.036181 0.971269 0.235219 0.529624 -0.218236 0.819678 -0.847461 -0.094921 0.522303
0.421696 -20.749580 2.617184 107.430526 0.038693 0.971483 0.233930 0.320853 -0.233788 0.917822 -0.946338 -0.039544 0.320750
1.036317 -6.406414 155.694845 26.923750 0.156609 0.975109 0.156958 -0.727690 0.006469 0.685876 -0.667788 0.221631 -0.710590
1.120471 -6.605587 158.609833 14.671790 0.119582 0.974378 0.190491 -0.802003 -0.018294 0.597039 -0.585227 0.224169 -0.779267
-1.405461 -6.085122 125.328890 26.747686 0.126133 0.975222 0.181747 -0.734177 -0.031441 0.678229 -0.667139 0.218982 -0.712020
-2.414990 -11.466051 -79.742771 -84.092193 -0.000039 0.983517 0.180815 -0.357787 -0.168860 0.918409 -0.933803 0.064658 -0.351896
-3.433380 -10.560159 -76.765669 -104.264703 0.027176 0.970913 0.237885 -0.371663 -0.211099 0.904048 -0.927970 0.112982 -0.355116
-3.001758 -10.139538 -65.593059 -71.687832 0.053039 0.990105 0.129917 -0.499681 -0.086327 0.861897 -0.864584 0.110631 -0.490159
-24.825747 -648.465283 1089.605498 -42338.675612 -0.439431 0.885706 0.149749 0.449008 0.360965 -0.817371 0.778005 0.291940 0.556309
-7.917009 -123.257371 118.416725 -6136.340411 0.560975 -0.651800 -0.510357 0.670622 0.719261 -0.181467 0.485360 -0.240458 0.840598
-83.642360 -638.319334 2510.240045 -9626.877429 0.680643 -0.534303 -0.501244 0.545155 0.826447 -0.140685 0.489419 -0.177499 0.853793
-8.399529 -384.886028 -196.430719 -24050.239587 -0.468662 0.821983 0.323573 0.357549 0.511454 -0.781392 0.807784 0.250515 0.533598
-11.603834 -183.337619 -524.356569 3156.090957 -0.545993 0.817439 0.183535 -0.081533 0.166186 -0.982718 0.833813 0.551522 0.024089
-9.774229 -151.182600 -37.686035 7803.080639 -0.562405 0.770493 0.300070 -0.208684 0.218891 -0.953173 0.800095 0.598688 -0.037684
-13.426152 -149.102209 -246.324745 5666.328038 -0.607028 0.636020 0.476442 -0.050838 0.567230 -0.821989 0.793053 0.523191 0.311990
1.088015 -55.017493 -50.809537 2153.308198 -0.351328 0.932034 0.088778 -0.828964 -0.265592 -0.492220 0.435187 0.246524 -0.865932
1.736633 -55.673061 -98.858543 1374.629903 -0.282084 0.949766 0.135551 -0.778461 -0.144011 -0.610949 0.560738 0.277860 -0.779979
7.456916 -84.825222 -593.571915 4338.761394 -0.340619 0.935824 0.090619 -0.586301 -0.136071 -0.798584 0.735004 0.325142 -0.595023
2.182824 -7.406806 -250.935993 0.126745 -0.013587 0.998813 -0.046784 -0.770506 0.019362 0.637138 -0.637288 -0.044704 -0.769328
1.938057 -7.250333 -213.342671 -23.229425 -0.010781 0.999478 -0.030462 -0.848973 0.006947 0.528391 -0.528326 -0.031558 -0.848455
3.548290 -7.300152 -140.803602 -0.700576 0.006890 0.999945 -0.007963 -0.810716 0.010247 0.585350 -0.585400 -0.002422 -0.810741
3.729320 -7.516822 -161.753844 18.225740 0.003211 0.999673 -0.025387 -0.745870 0.019304 0.665811 -0.666083 -0.016797 -0.745688
3.026124 -7.547077 -232.835494 -2.399700 -0.009364 0.998740 -0.049313 -0.705452 0.028353 0.708191 -0.708696 -0.041419 -0.704297
-0.386643 -10.642050 -7.168079 -101.042421 0.123684 0.987337 -0.099339 0.244376 -0.127331 -0.961284 0.961760 -0.094620 0.257030
-0.091449 -9.997173 26.131417 -106.351478 0.091681 0.993623 -0.065638 0.287909 -0.089550 -0.953462 0.953259 -0.068516 0.294283
-0.046048 -9.349749 14.626462 -140.067446 0.092365 0.994841 -0.041963 0.413438 -0.076655 -0.907300 0.905835 -0.066454 0.418385
-0.390084 -9.798183 -4.505152 -151.429905 0.111705 0.991653 -0.064397 0.414010 -0.105351 -0.904155 0.903392 -0.074338 0.422323
-1.792111 -5.794136 6.720444 -41.968667 -0.049454 0.984184 0.170104 -0.372989 -0.176189 0.910954 -0.926517 0.018397 -0.375803
-1.536832 -5.633521 -1.736021 -22.596092 0.019792 0.997860 0.062325 -0.355971 -0.051220 0.933092 -0.934287 0.040654 -0.354195
-1.135688 -5.215391 -7.871788 -43.282425 -0.009598 0.995451 0.094790 -0.437830 -0.089408 0.894601 -0.899006 0.032916 -0.436697
-0.133540 -45.845880 28.608723 -865.290064 -0.017181 0.997936 -0.061870 0.432503 0.063208 0.899414 -0.901469 0.011306 0.432696
-0.337981 -45.554802 31.018076 -796.793750 -0.037901 0.996739 -0.071238 0.257553 0.078624 0.963060 -0.965521 -0.018154 0.259693
0.145588 -42.711417 18.140837 -1182.567011 -0.078470 0.993815 -0.078574 0.037537 0.081707 0.995949 -0.996210 -0.075203 0.043717
0.023700 -57.766769 -24.276816 -1977.740187 -0.062118 0.997787 -0.023705 0.297585 0.041187 0.953806 -0.952672 -0.052194 0.299485
1.547161 -19.109233 18.669404 360.041264 -0.004615 0.998660 0.051553 0.798607 0.034708 -0.600851 0.601835 -0.038397 0.797697
2.388355 -17.939364 -21.986531 -48.946092 -0.037296 0.997619 0.058015 0.727471 0.066908 -0.682869 0.685124 -0.016736 0.728234
2.141229 -17.692398 31.488999 -0.784882 -0.026665 0.998649 0.044594 0.670771 0.050951 -0.739913 0.741185 -0.010183 0.671223
2.692896 -19.616345 123.669697 -919.639501 0.301639 0.952120 -0.049808 -0.519339 0.207892 0.828896 -0.799563 0.224160 -0.557182
4.203482 -97.614999 -88.900565 -6063.139979 0.232979 0.972443 0.008686 -0.440370 0.097532 0.892503 -0.867061 0.211760 -0.450958
4.870365 -29.133928 143.136334 -1503.888948 0.304270 0.941454 -0.145201 -0.466888 0.280253 0.838734 -0.830323 0.187409 -0.524826
3.680140 -10.827523 -76.620705 -9.171070 0.227249 0.956853 -0.181081 -0.468003 0.270372 0.841351 -0.854009 0.106450 -0.509252
2.356904 -9.769560 206.696463 -221.745232 0.363156 0.921384 -0.138451 -0.543350 0.330141 0.771866 -0.756894 0.205080 -0.620527
-5.969290 -33.151589 124.359884 1527.207468 0.919425 0.038189 -0.391408 -0.380563 -0.164520 -0.910003 0.099146 -0.985634 0.136730
-8.617889 -47.530140 229.469621 2024.111235 0.950544 0.054288 -0.305809 -0.261284 -0.392555 -0.881834 0.167920 -0.918125 0.358956
-11.257308 -40.545878 252.030068 1568.442261 0.951753 -0.027145 -0.305661 -0.306538 -0.129973 -0.942943 0.014131 -0.991146 0.132023
-0.918959 -3.214800 -53.505014 46.921516 0.215105 0.962824 0.163398 -0.300301 0.224420 -0.927068 0.929273 -0.150349 -0.337411
-0.514727 -3.658826 -85.865205 -44.482666 0.122844 0.982659 -0.138892 -0.377048 -0.083246 -0.922445 0.918011 -0.165686 -0.360284
-1.144677 -3.024408 -22.902722 -107.217304 0.021392 0.943459 -0.330798 -0.393206 -0.296270 -0.870410 0.919201 -0.148692 -0.364636
-1.187840 -2.578289 4.338468 94.579481 0.246153 0.917322 0.312936 -0.277803 0.376099 -0.883954 0.928566 -0.130654 -0.347413
6.454841 -8.226979 38.447842 58.313630 -0.507490 -0.826780 -0.242671 0.846716 -0.530725 0.037470 -0.159771 -0.186457 0.969385
5.418883 -8.684073 -23.307187 118.316476 0.365512 0.907407 0.207399 0.892467 -0.404936 0.198819 -0.264393 -0.112426 0.957840
7.050735 -10.498147 -4.859981 84.259194 0.435165 0.889857 0.137063 0.885778 -0.450410 0.111928 -0.161335 -0.072700 0.984218
8.241918 -9.337264 23.660184 108.315286 -0.561488 -0.807364 -0.181367 0.827478 -0.548701 -0.119193 -0.003284 -0.217003 0.976165
-8.175646 -8.677766 77.329027 -12.290635 0.789100 -0.018152 0.613996 -0.500992 -0.597389 0.626206 -0.355427 0.801746 0.480494
-7.124420 -8.477137 -35.879723 2.378293 0.908654 0.116266 0.401036 -0.279145 -0.545125 0.790517 -0.310526 0.830253 0.462875
-8.552383 -8.750396 91.911827 34.104964 0.897905 0.412657 -0.153237 0.288241 -0.288077 0.913197 -0.332693 0.864133 0.377611
-8.677178 -9.012535 -45.536095 148.804377 -0.624050 -0.591275 0.510838 0.667222 -0.062982 0.742192 -0.406665 0.804007 0.433815
3.210677 -4.121295 -118.154648 77.047239 0.239062 0.869038 0.433153 -0.338968 0.492714 -0.801457 0.909918 -0.044773 -0.412366
2.007843 -3.794344 -127.675973 147.061647 0.287915 0.819561 0.495404 -0.390133 0.572814 -0.720888 0.874587 -0.014281 -0.484659
1.228153 -5.134134 -145.446884 24.146607 0.264210 0.867689 0.421080 -0.309752 0.489806 -0.814950 0.913371 -0.084888 -0.398180
-2.021640 -6.423843 -58.107435 -24.632951 -0.281523 0.959433 -0.015251 0.939534 0.272385 -0.207565 0.194990 0.072764 0.978102
-1.642081 -5.792616 -60.295313 35.799181 -0.248967 0.968484 -0.007400 0.955237 0.244287 -0.166871 0.159804 0.048614 0.985951
-0.813873 -6.072831 -16.038421 -29.490873 -0.276076 0.961086 -0.009822 0.945310 0.269669 -0.183485 0.173696 0.059941 0.982974
-1.610098 -6.383517 -28.830950 -72.541386 -0.340060 0.940348 -0.010287 0.912225 0.327193 -0.246557 0.228484 0.093229 0.969074
-0.929692 -11.025215 -4.640997 48.378579 -0.021794 0.994376 0.103637 0.681707 -0.061045 0.729074 -0.731301 -0.086539 0.676543
-0.916141 -10.897337 0.545735 56.589843 -0.018320 0.992947 0.117134 0.740712 -0.065212 0.668650 -0.671572 -0.099012 0.734294
-0.814167 -10.156074 -4.287561 63.257851 0.012054 0.990304 0.138395 0.805108 -0.091693 0.585998 -0.593006 -0.104360 0.798407
-0.935202 -11.445563 -6.821662 25.846959 -0.047536 0.995244 0.085025 0.594723 -0.040189 0.802925 -0.802524 -0.088734 0.589984
-0.838580 -10.044715 -24.601565 52.921948 0.010212 0.990798 0.134962 0.778465 -0.092589 0.620821 -0.627605 -0.098723 0.772247
-0.998856 -11.175921 19.708523 5.273059 -0.027500 0.997143 0.070351 0.525032 -0.045481 0.849867 -0.850638 -0.060308 0.522281
-0.842526 -10.692732 3.961862 31.415441 -0.011832 0.995386 0.095219 0.650148 -0.064691 0.757049 -0.759716 -0.070864 0.646382
1.499169 -9.691915 -5.273451 143.856150 0.300154 0.949737 -0.088927 0.851330 -0.308768 -0.424146 0.430285 -0.051603 0.901217
1.571328 -9.672323 -30.154670 199.385014 0.297730 0.953382 -0.049185 0.860408 -0.290302 -0.418836 0.413589 -0.082381 0.906729
1.631696 -12.684615 -0.935299 264.388623 0.325957 0.940810 -0.092893 0.889590 -0.338493 -0.306678 0.319970 -0.017327 0.947269
1.432978 -11.892483 22.853503 141.721664 0.308089 0.942111 -0.132319 0.885508 -0.334823 -0.322132 0.347788 0.017924 0.937402
1.689801 -9.674478 -7.653120 42.313027 0.321052 0.938425 -0.127612 0.821310 -0.342976 -0.455869 0.471567 -0.041549 0.880851
-0.221698 -14.052568 -78.267427 111.429828 0.009658 0.997971 -0.062930 -0.225544 0.063486 0.972162 -0.974185 -0.004804 -0.225699
0.365868 -15.377863 -23.282271 149.905080 0.031535 0.998124 -0.052480 -0.197301 0.057689 0.978644 -0.979836 0.020507 -0.198750
0.000508 -13.401793 -85.144715 75.448274 -0.003039 0.998752 -0.049854 -0.117529 0.049152 0.991852 -0.993065 -0.008873 -0.117233
0.765828 -8.004852 -7.489221 -356.818074 0.109925 0.976849 0.183530 0.720796 0.048794 -0.691428 0.684376 -0.208292 0.698745
0.357004 -11.562743 27.026576 -415.331024 0.125720 0.981923 0.141495 0.643014 0.027958 -0.765344 0.755465 -0.187203 0.627875
1.087829 -8.613838 -3.174024 -362.408703 0.094673 0.975774 0.197235 0.708958 0.073002 -0.701463 0.698868 -0.206241 0.684871
1.078906 -11.187353 26.792257 -329.776837 0.098757 0.978632 0.180354 0.629403 0.078953 -0.773058 0.770778 -0.189860 0.608156
0.775554 -9.253155 19.150333 -222.555339 0.119206 0.976699 0.178465 0.688536 0.048182 -0.723600 0.715338 -0.209137 0.666748
-0.614979 -6.834729 -7.099279 131.471093 -0.018229 0.997164 0.073017 0.900114 0.048160 -0.432984 0.435272 -0.057831 0.898440
-0.666709 -6.997575 -54.979688 150.402468 -0.007932 0.993832 0.110609 0.907624 0.053581 -0.416351 0.419709 -0.097089 0.902451
-0.593903 -6.616175 1.603478 73.090029 -0.022208 0.996550 0.079974 0.878880 0.057589 -0.473555 0.476527 -0.059771 0.877126
-0.617623 -6.697016 64.776040 60.456021 -0.030690 0.998614 0.042767 0.869688 0.047767 -0.491284 0.492646 -0.022116 0.869949
-0.557876 -6.891125 1.638077 148.217719 -0.014324 0.998224 0.057833 0.884258 0.039647 -0.465312 0.466778 -0.044474 0.883255
-0.158383 -3.844414 -3.113594 -75.088166 -0.276721 0.604016 -0.747388 -0.259781 0.701779 0.663340 0.925170 0.377718 -0.037285
1.725842 -3.792365 171.495487 32.365977 -0.378154 0.667587 -0.641348 0.244650 -0.596094 -0.764734 0.892830 0.446093 -0.062090
-0.552221 -3.939508 46.084990 -21.277567 -0.289488 0.554436 -0.780255 -0.338077 0.703394 0.625252 0.895489 0.444789 -0.016182
0.134844 -6.871323 -74.761998 -119.599107 0.584432 0.796603 -0.154478 0.769110 -0.483125 0.418401 0.258667 -0.363337 -0.895029
0.130664 -6.248198 -53.175617 59.231554 0.488902 0.854351 -0.176235 0.840690 -0.407525 0.356601 0.232843 -0.322502 -0.917484
-0.885869 -5.348382 -83.704437 0.232717 0.596622 0.790509 -0.138340 0.769642 -0.514774 0.377703 0.227364 -0.331818 -0.915534
-1.372940 -6.870795 -126.873008 -159.828125 0.662497 0.735554 -0.141630 0.720702 -0.574377 0.388175 0.204175 -0.359237 -0.910638
-0.192911 -9.995008 -178.912267 -326.410622 0.602745 0.768696 -0.214020 0.759934 -0.471221 0.447717 0.243308 -0.432501 -0.868185
1.577343 -9.668818 -107.129186 -265.214540 0.563067 0.801488 -0.201426 0.758825 -0.404889 0.510146 0.327321 -0.440094 -0.836169
2.161142 -1.006155 -60.274505 43.655858 -0.009672 0.779592 -0.626213 -0.045938 -0.625928 -0.778527 0.998897 -0.021237 -0.041867
1.745811 -0.792184 -82.274093 40.502442 0.007302 0.733971 -0.679142 -0.043819 -0.678273 -0.733503 0.999013 -0.035115 -0.027209
1.597773 -1.290016 -35.333889 54.238246 0.003537 0.810941 -0.585117 -0.029952 -0.584772 -0.810644 0.999545 -0.020393 -0.022221
1.732630 -1.482471 -17.844877 55.526587 -0.019605 0.822917 -0.567823 -0.031899 -0.568158 -0.822301 0.999299 -0.001992 -0.037389
1.445857 -1.811292 -24.370599 36.691455 0.001495 0.817365 -0.576118 0.000449 -0.576119 -0.817366 0.999999 -0.000963 0.001229
1.050851 -1.559143 -12.912098 40.946367 0.019200 0.833624 -0.551998 -0.009403 -0.551925 -0.833841 0.999771 -0.021200 0.002758
1.116176 -9.682109 8.225108 -41.829230 0.003219 0.999408 -0.034267 -0.851112 0.020727 0.524575 -0.524975 -0.027476 -0.850674
1.088229 -9.003833 14.598301 -61.752772 0.018333 0.998939 -0.042249 -0.916041 0.033715 0.399665 -0.400665 -0.031375 -0.915687
0.766786 -9.582635 18.503262 -50.501347 0.028356 0.999109 -0.031262 -0.890342 0.039462 0.453579 -0.454409 -0.014973 -0.890667
0.708697 -12.807263 47.511523 -287.264637 -0.327910 0.913285 -0.241629 -0.670656 -0.405181 -0.621328 0.665353 0.041690 -0.745364
0.690328 -17.796126 19.404699 -353.464653 -0.286091 0.928733 -0.235813 -0.809893 -0.365892 -0.458471 0.512080 -0.059819 -0.856853
0.780061 -17.496986 0.013169 -377.505580 -0.263395 0.930616 -0.254121 -0.762830 -0.362174 -0.535649 0.590520 -0.052764 -0.805296
1.150703 -12.506974 26.646808 -300.357443 -0.305952 0.913201 -0.269180 -0.593336 -0.404010 -0.696225 0.744544 0.053297 -0.665442
0.953086 -16.874779 -7.684806 -416.584800 -0.209006 0.945512 -0.249648 -0.711184 -0.322185 -0.624832 0.671218 -0.046952 -0.739771
-0.287075 -26.708881 -41.034853 54.888999 -0.256943 0.931283 -0.258247 0.943177 0.183382 -0.277107 -0.210707 -0.314774 -0.925484
-0.785129 -25.217568 -58.995166 88.035834 -0.241697 0.937394 -0.250748 -0.889460 -0.110732 0.443395 -0.387870 -0.330198 -0.860538
-0.767211 -25.630176 -29.127186 54.205484 -0.224551 0.945280 -0.236692 0.959968 0.172849 -0.220419 -0.167446 -0.276712 -0.946252
0.577004 -1.268046 25.297811 -4.463279 0.039671 0.968691 -0.245081 -0.015579 -0.244645 -0.969488 0.999091 -0.042279 -0.005386
0.970687 -1.748556 23.231825 -0.875829 0.052257 0.963992 -0.260745 -0.014785 -0.260327 -0.965407 0.998524 -0.054305 -0.000648
0.813731 -1.478365 9.091990 30.568743 0.036416 0.903060 -0.427968 -0.011454 -0.427847 -0.903779 0.999271 -0.037814 0.005237
0.490856 -1.029404 4.463669 29.117284 0.030543 0.900256 -0.434289 -0.021670 -0.433793 -0.900752 0.999299 -0.036922 -0.006259
-0.425817 -21.620853 -14.808661 207.039186 -0.170052 0.972569 -0.158721 0.135990 0.182686 0.973721 -0.976007 -0.143999 0.163326
-0.750422 -22.219455 0.341844 262.465203 -0.145754 0.980541 -0.131513 0.058275 0.141211 0.988263 -0.987603 -0.136379 0.077723
-0.552875 -23.575172 -17.353591 246.788184 -0.166555 0.976322 -0.138036 -0.129504 0.117119 0.984638 -0.977491 -0.181873 -0.106931
7.717108 -79.732832 -330.034073 2298.196095 0.584678 -0.729834 -0.354252 0.549823 0.035399 0.834531 0.596528 0.682708 -0.421976
7.664340 -81.450907 647.065147 -2909.343199 -0.596972 0.664535 0.449464 0.786654 0.374892 0.490543 0.157482 0.646413 -0.746559
11.545099 -115.455450 396.233401 -5479.737001 -0.541804 0.791923 0.281612 0.753528 0.309232 0.580147 0.372349 0.526529 -0.764280
11.401193 -113.000676 -272.402940 -4629.099675 -0.431204 0.886328 0.168775 -0.391340 -0.015179 -0.920121 0.812967 0.462808 -0.353402
10.758229 -97.039599 -216.125319 3936.971850 -0.371136 0.916069 0.151907 -0.787205 -0.223625 -0.574717 0.492511 0.332880 -0.804130
12.538638 -82.968556 101.948527 -4522.421049 -0.447255 0.855462 0.261052 0.888486 0.391421 0.239546 0.102741 0.339079 -0.935131
2.149722 -14.356562 -17.716011 172.525886 0.058108 0.998250 -0.010931 0.810625 -0.053572 -0.583110 0.582675 -0.025022 0.812320
1.747842 -15.172097 -35.360447 186.976760 0.076273 0.997031 0.010560 0.865782 -0.060972 -0.496693 0.494575 -0.047027 0.867862
1.765482 -16.429770 -17.801967 199.605631 0.028493 0.999585 -0.004322 0.910856 -0.027744 -0.411792 0.411741 -0.007796 0.911268
1.313452 -4.864740 -51.929856 6.951180 0.239586 0.963984 0.115474 -0.133365 0.150488 -0.979575 0.961672 -0.219292 -0.164617
1.692834 -4.591028 -36.795703 -2.038496 0.211121 0.972971 0.093570 -0.169744 0.130768 -0.976773 0.962608 -0.190334 -0.192764
0.852128 -4.762439 -57.316503 30.597762 0.246681 0.955635 0.160963 -0.199660 0.212650 -0.956512 0.948306 -0.203816 -0.243259
1.924519 -4.493900 -13.955687 -17.577931 0.184830 0.981687 0.046130 -0.122226 0.069536 -0.990063 0.975140 -0.177355 -0.132840
-3.544625 -6.467951 -30.922017 -108.600610 -0.044046 -0.881750 0.469656 0.938771 0.124270 0.321351 -0.341715 0.455054 0.822287
-2.874512 -5.651303 -65.296770 15.433948 0.219726 -0.794259 0.566457 0.887581 0.403734 0.221808 -0.404871 0.454039 0.793680
-3.756132 -6.058884 -47.469396 -51.509042 -0.016787 -0.894505 0.446743 0.926006 0.154621 0.344391 -0.377135 0.419468 0.825721
0.319622 -7.382952 6.986120 4.114688 -0.057983 0.998215 0.014338 0.388545 0.009335 0.921383 -0.919604 -0.058996 0.388392
0.391739 -7.279817 -1.513608 25.592743 -0.058182 0.998068 0.021809 0.487925 0.009371 0.872835 -0.870944 -0.061424 0.487527
0.288559 -7.303692 0.381675 15.501448 -0.055826 0.998139 0.024547 0.431924 0.001978 0.901908 -0.900181 -0.060953 0.431230
0.425730 -6.937262 -13.543052 35.099926 -0.049386 0.997604 0.048444 0.533537 -0.014652 0.845650 -0.844334 -0.067610 0.531535
-2.526465 -15.005638 -14.646696 -848.730259 0.971162 -0.129546 -0.200154 -0.197646 0.032072 -0.979749 -0.133342 -0.991055 -0.005543
-3.072086 -29.142351 -45.514693 -1565.303152 0.969415 -0.170511 -0.176524 -0.156890 0.122565 -0.979981 -0.188734 -0.977703 -0.092065
-1.671544 -127.827808 215.002938 -7868.091509 0.995050 -0.097370 -0.019848 -0.005052 0.149907 -0.988687 -0.099244 -0.983894 -0.148674
-0.455375 -46.466617 133.359304 705.474035 0.991173 -0.026720 0.129856 0.068499 -0.735400 -0.674162 -0.113510 -0.677106 0.727079
-0.176245 -66.909726 82.282822 3058.533679 0.987927 -0.024241 0.153014 0.139475 -0.290754 -0.946577 -0.067435 -0.956491 0.283863
0.698443 -64.677071 34.576044 2766.589955 0.983412 -0.065757 0.169045 0.121648 -0.452199 -0.883582 -0.134544 -0.889490 0.436699
-3.594083 -16.672349 85.859560 2.387000 0.199808 0.965830 -0.165075 -0.727938 0.033548 -0.684822 0.655883 -0.256997 -0.709767
-4.202552 -20.716952 129.111977 258.477686 0.204721 0.973796 -0.099053 -0.614994 0.049238 -0.786993 0.761493 -0.222031 -0.608959
-5.192948 -20.959242 46.617547 279.140187 0.300840 0.942684 -0.144372 -0.642827 0.088619 -0.760868 0.704464 -0.321705 -0.632643
-2.722040 -18.628854 98.322992 100.000491 0.139890 0.982647 -0.121805 -0.649184 -0.001866 -0.760629 0.747657 -0.185478 -0.637658
-4.579616 -17.203697 -14.648162 206.745351 0.371884 0.910398 -0.181320 -0.733021 0.168160 -0.659092 0.569545 -0.378017 -0.729878
-7.503664 -10.991329 117.434923 108.561883 -0.163079 0.986324 0.023896 -0.396195 -0.043287 -0.917146 0.903568 0.159035 -0.397836
-5.745898 -10.748558 -42.192693 110.932193 -0.266899 0.958043 -0.104496 -0.326031 -0.191796 -0.925699 0.906901 0.212999 -0.363541
-5.515184 -8.888415 -48.673259 88.465988 -0.420232 0.859207 -0.291837 -0.352156 -0.450827 -0.820208 0.836296 0.241906 -0.492027
4.434283 -8.757878 29.000866 51.645925 0.115446 0.989516 -0.086777 -0.969552 0.131247 0.206745 -0.215967 -0.060267 -0.974539
4.942096 -7.623255 26.215003 17.457624 0.012834 0.990660 -0.135748 -0.977273 0.041155 0.207951 -0.211595 -0.129994 -0.968674
4.747335 -6.882125 55.761541 31.257566 0.178653 0.975944 -0.124962 0.979414 -0.188527 -0.072157 -0.093980 -0.109499 -0.989534
3.171517 -9.012851 56.322357 -18.213871 0.270440 0.960166 -0.070307 0.961414 -0.273174 -0.032536 -0.050446 -0.058795 -0.996995
4.637392 -7.217063 180.283125 -3.170083 0.329863 0.940499 -0.081558 0.943790 -0.326605 0.050885 0.021220 -0.093759 -0.995369
5.594756 -5.391706 164.692801 26.711484 0.274924 0.951179 -0.140268 0.961464 -0.272253 0.038272 -0.001785 -0.145385 -0.989374
12.874476 -24.218192 -145.308353 624.341048 -0.062757 0.997910 0.015427 0.223832 0.029137 -0.974192 0.972605 0.057684 0.225193
19.179030 -63.802948 1374.784254 3553.686950 -0.414299 0.907736 -0.066118 -0.039587 -0.090550 -0.995105 0.909280 0.409653 -0.073449
28.384143 -263.423996 -461.223956 18151.213699 -0.079559 0.994819 0.063284 -0.396713 0.026643 -0.917556 0.914489 0.098105 -0.392538
-10.146605 -60.626307 -474.214978 -4600.733742 0.033089 0.942191 -0.333438 0.973003 -0.106611 -0.204694 -0.228409 -0.317663 -0.920282
-11.499398 -752.717546 3903.609186 63703.208289 -0.131945 0.991071 -0.019177 -0.553059 -0.057548 0.831152 -0.822627 -0.120273 -0.555715
-13.424124 -103.973130 281.362425 13608.984079 -0.013981 0.995494 -0.093791 -0.653060 0.061939 0.754769 -0.757177 -0.071803 -0.649252
-11.432965 -42.044692 944.813317 4912.435627 -0.099890 0.985652 0.136056 -0.748597 -0.164525 0.642288 -0.655458 0.037693 -0.754291
-0.303730 -4.475155 -33.711610 63.189797 -0.107294 0.985526 0.131248 -0.721316 -0.168013 0.671918 -0.684245 0.022579 -0.728903
-1.036974 -4.465377 -32.512011 45.393608 -0.120810 0.981322 0.149708 -0.721662 -0.190379 0.665553 -0.681623 0.027633 -0.731182
17.801540 -6.664052 379.355571 -104.529311 0.311707 0.726457 0.612454 0.559208 0.380862 -0.736363 0.768196 -0.572018 0.287523
16.521617 -6.768823 -540.551574 -133.899392 0.530828 0.526395 0.664176 0.521557 0.414804 -0.745597 0.667982 -0.742190 0.054356
23.493641 -3.043370 416.317011 -99.904642 -0.423805 -0.414448 -0.805371 0.681070 0.440356 -0.585005 0.597104 -0.796442 0.095643
16.204568 -3.073442 557.610202 -165.023597 -0.492500 -0.235018 -0.837980 0.681940 0.494028 -0.539346 0.540741 -0.837080 -0.083041
34.340461 -2.724179 1570.884021 61.526871 0.155058 0.567262 0.808808 0.704733 0.510236 -0.492962 0.692321 -0.646431 0.320652
49.605856 1.289171 -844.305746 -46.839671 -0.260804 -0.243659 -0.934137 0.835178 0.428382 -0.344914 0.484209 -0.870126 0.091775
25.683546 -1.036246 -298.860373 -109.885160 -0.206871 0.004472 -0.978358 0.839742 0.513940 -0.175212 0.502034 -0.857815 -0.110074
0.608391 -4.421624 -10.478244 2.602007 0.043562 0.988026 -0.148010 0.998955 -0.045126 -0.007220 -0.013813 -0.147541 -0.988960
0.649076 -4.589203 -1.126702 11.020443 0.002383 0.990400 -0.138212 0.999894 -0.004350 -0.013930 -0.014397 -0.138164 -0.990305
0.533878 -4.890384 -9.664934 -11.475421 0.001603 0.989786 -0.142551 0.994855 -0.016018 -0.100033 -0.101295 -0.141657 -0.984720
0.875662 -4.450474 -13.169866 33.497003 0.059146 0.986587 -0.152143 0.996108 -0.048352 0.073696 0.065351 -0.155910 -0.985607
0.254906 -4.361946 -12.201250 -16.154115 0.101880 0.983387 -0.150237 0.993366 -0.108663 -0.037632 -0.053332 -0.145407 -0.987934
0.613510 -4.250723 -5.433371 18.238482 0.092931 0.984595 -0.148113 0.995253 -0.087538 0.042539 0.028918 -0.151363 -0.988055
0.465747 -10.525570 -32.664897 -27.000348 -0.184268 0.978598 0.091607 0.585406 0.034405 0.810010 -0.789522 -0.202887 0.579217
0.614268 -10.556562 -33.448466 -68.558247 -0.181519 0.979319 0.089363 0.671710 0.057104 0.738610 -0.718231 -0.194098 0.668184
0.562398 -10.970292 -24.433681 -31.368871 -0.167608 0.981747 0.089894 0.759920 0.070570 0.646174 -0.628036 -0.176617 0.757877
0.780243 -6.538460 15.712501 -108.922054 0.208773 0.977145 -0.040027 -0.976970 0.210231 0.036516 -0.044096 -0.031482 -0.998531
0.259948 -6.360974 4.112267 -76.584402 0.341893 0.938929 -0.039015 0.939509 -0.340596 0.036301 0.020796 -0.049066 -0.998579
0.657453 -8.636426 -79.931263 -142.313895 0.429402 0.901695 -0.050594 0.899731 -0.422277 0.110300 0.078092 -0.092884 -0.992610
0.986153 -7.711262 -45.684256 -70.096938 0.371813 0.927746 -0.032297 0.927426 -0.369719 0.056474 0.040453 -0.050951 -0.997882
1.895230 -11.110773 -23.799741 -217.571011 -0.109830 0.993907 -0.009341 -0.325565 -0.027094 0.945132 -0.939119 -0.106845 -0.326556
1.468954 -10.484748 -23.899181 -69.533783 -0.131770 0.990706 -0.033732 -0.398580 -0.021796 0.916875 -0.907618 -0.134262 -0.397748
0.920925 -10.469740 -33.014838 -61.929967 -0.158804 0.986494 -0.040144 -0.344581 -0.017275 0.938598 -0.925227 -0.162885 -0.342670
-0.766295 -6.494182 -12.819082 -131.553488 -0.143037 0.989697 0.006377 -0.944785 -0.138459 0.297001 -0.294824 -0.036457 -0.954856
-0.577561 -5.916384 35.860887 0.761296 -0.170846 0.984197 0.046564 -0.882960 -0.173902 0.436049 -0.437256 -0.033383 -0.898717
0.337624 -5.312586 78.520775 -48.702894 0.653795 0.285477 0.700753 0.343344 0.713347 -0.610943 -0.674290 0.640031 0.368366
0.479745 -5.416557 76.417761 27.874083 0.670799 0.314668 0.671575 -0.365365 -0.647805 0.668474 -0.645397 0.693781 0.319579
-0.811872 -6.025740 41.133284 -39.232736 0.674143 0.381781 0.632277 0.303814 0.636937 -0.708525 -0.673222 0.669742 0.313397
0.849754 -3.566969 23.245236 45.656422 -0.007427 0.995883 0.090348 -0.723939 -0.067683 0.686536 -0.689824 0.060308 -0.721461
0.833294 -3.066620 24.877938 41.867040 0.018512 0.997508 0.068085 -0.688551 -0.036656 0.724261 -0.724952 0.060287 -0.686156
-0.928668 -13.923037 18.977430 45.010095 -0.106949 0.991783 -0.070203 -0.205502 0.047034 0.977526 -0.972795 -0.118972 -0.198783
-1.011027 -13.934599 -13.968159 27.133598 -0.108753 0.989483 -0.095371 -0.368828 0.048927 0.928209 -0.923114 -0.136121 -0.359628
-0.974158 -14.854258 -1.168156 54.769204 -0.104226 0.987847 -0.115303 -0.433461 0.059225 0.899224 -0.895125 -0.143702 -0.422020
-0.392713 -14.289225 -17.619243 25.827792 -0.128007 0.987969 -0.086780 -0.296246 0.045415 0.954031 -0.946495 -0.147831 -0.286868
-0.397172 -13.512767 -16.241024 36.413722 -0.133552 0.989151 -0.061194 -0.148637 0.041056 0.988039 -0.979832 -0.141050 -0.141541
-0.481022 -13.314175 -10.253863 93.766451 -0.126194 0.991207 -0.039798 -0.010063 0.038838 0.999195 -0.991955 -0.126493 -0.005073
-0.911355 -12.906044 -4.299303 52.791465 -0.123554 0.991478 -0.041291 -0.002352 0.041317 0.999143 -0.992335 -0.123545 0.002773
1.024757 -10.693456 -7.286256 28.341596 0.071966 -0.995079 -0.068103 0.996402 0.068661 0.049677 -0.044756 -0.071433 0.996441
1.159631 -10.021930 12.160672 57.582650 0.054975 -0.993674 -0.097931 0.995589 0.062019 -0.070401 0.076029 -0.093628 0.992700
1.335532 -10.071441 -6.981272 1.246921 0.079344 -0.992066 -0.097517 0.995145 0.073114 0.065878 -0.058225 -0.102271 0.993051
-1.254359 -17.341867 47.003903 6.056245 -0.035117 0.940991 0.336606 -0.101512 -0.338430 0.935500 -0.994214 0.001318 -0.107406
-0.988179 -16.944048 43.774179 85.203393 -0.042340 0.935587 0.350549 0.148649 -0.341060 0.928214 -0.987983 -0.091409 0.124634
-0.760379 -17.495792 44.684717 8.810024 -0.023915 0.933417 0.357994 0.023910 -0.357460 0.933622 -0.999428 -0.030887 0.013769
-1.063932 -17.022281 28.321575 -64.641160 -0.022831 0.942826 0.332504 -0.252724 -0.327231 0.910522 -0.967269 0.063243 -0.245746
0.122803 -6.505820 136.529434 -4.549192 0.071835 0.969466 0.234470 -0.860900 -0.058445 0.505406 -0.503678 0.238161 -0.830414
-1.134979 -6.358753 132.416894 31.906884 0.090272 0.972190 0.216095 -0.793666 -0.060850 0.605303 -0.601619 0.226149 -0.766101
2.638844 -6.852151 169.047711 -10.133739 0.100574 0.974493 0.200621 -0.882051 -0.005956 0.471116 -0.460294 0.224340 -0.858954
-3.223818 -9.400507 -56.094504 -9.725112 0.128203 0.990502 0.049690 -0.596124 0.036922 0.802043 -0.792590 0.132446 -0.595196
-3.728377 -9.399241 -34.694890 47.997871 0.216531 0.976053 0.020854 -0.644426 0.126851 0.754072 -0.733369 0.176719 -0.656461
-3.207282 -9.728731 -44.873036 50.387283 0.168572 0.985685 0.003028 -0.681321 0.114298 0.723006 -0.712310 0.123942 -0.690835
-7.763655 -143.329916 41.143463 -8322.539813 0.601482 -0.638049 -0.480742 0.703635 0.708074 -0.059412 0.378309 -0.302531 0.874847
-8.612449 -47.952702 154.494875 2561.806035 0.688195 -0.495484 -0.529984 -0.684698 -0.685132 -0.248561 0.239951 -0.533938 0.810762
-162.664794 -347.957474 -846.561710 -11697.029416 0.931194 -0.085198 -0.354428 -0.267096 -0.821148 -0.504357 0.248068 -0.564320 0.787404
-0.587721 -50.585040 -52.901185 -1567.087517 -0.272754 0.943040 0.190474 0.943674 0.223694 0.243806 0.187311 0.246244 -0.950935
-0.710391 -51.516911 -39.278991 1445.219911 -0.223211 0.952342 0.207897 -0.931976 -0.146001 -0.331819 0.285652 0.267821 -0.920150
1.918192 -54.902173 -137.749986 575.577309 -0.208917 0.960102 0.185897 -0.714288 -0.019976 -0.699567 0.667942 0.278935 -0.689963
2.427829 -6.807982 -193.126962 -24.773587 0.017800 0.999252 -0.034319 -0.912539 0.030263 0.407869 -0.408602 -0.024058 -0.912395
4.014016 -7.110132 -67.418080 -8.978841 0.046275 0.998009 0.042849 -0.865302 0.018616 0.500905 -0.499110 0.060257 -0.864441
