13123
26229
-3.900035 -5.310349 5.542242 46.837244 0.763416 0.625289 0.161894 -0.466616 0.707212 -0.531151 -0.446616 0.329947 0.831666
-4.148369 -5.847671 -10.545132 38.785829 0.776401 0.583838 0.237347 -0.457564 0.781158 -0.424767 -0.433400 0.221188 0.873636
-3.136836 -6.634105 38.261973 -68.717050 0.733765 0.678843 0.027593 0.593593 -0.660317 0.460032 -0.330510 0.321176 0.887473
-3.433286 -5.264935 -2.942349 22.618807 0.863793 0.065092 0.499624 0.054142 0.973887 -0.220484 -0.500929 0.217503 0.837712
-3.307475 -4.989765 25.541514 -56.228290 0.786787 0.613902 0.063952 0.461615 -0.654042 0.599283 -0.409729 0.441987 0.797979
-3.124128 -4.365997 -2.125634 19.151372 0.809539 -0.120083 0.574654 0.310945 0.917982 -0.246215 -0.497956 0.378006 0.780482
-0.648081 -4.940631 -33.868583 -70.551992 0.974163 0.128472 0.185744 -0.088137 0.973488 -0.211076 -0.207936 0.189251 0.959660
-0.615429 -6.120367 -25.770380 -9.209191 0.960512 0.230366 0.156039 0.145926 -0.894572 0.422430 -0.236901 0.382979 0.892863
0.116740 -5.313699 -61.925046 -65.649886 0.934745 0.281611 0.216670 -0.232151 0.945679 -0.227590 -0.268993 0.162439 0.949345
-4.888784 -5.430557 -15.703254 1.857782 -0.765694 -0.229784 0.600759 -0.279472 0.960090 0.011025 -0.579316 -0.159454 -0.799354
-5.027953 -5.490706 -4.561875 -5.506177 -0.647223 -0.148797 0.747638 -0.316842 0.944544 -0.086302 -0.693335 -0.292740 -0.658475
-5.040703 -5.380122 -14.788991 3.169951 -0.640189 -0.413484 0.647448 -0.320596 0.909693 0.263963 -0.698124 -0.038584 -0.714937
0.054749 -1.592674 -10.695281 -12.609922 -0.660713 -0.748887 0.051251 0.731537 -0.627092 0.267598 -0.168262 0.214297 0.962167
0.246694 -1.479172 -4.164655 -12.052003 -0.682914 -0.729741 0.033269 0.711558 -0.654213 0.256301 -0.165268 0.198705 0.966024
0.333750 -1.458549 -3.950240 -2.661925 -0.596390 -0.800463 0.059813 0.778863 -0.559052 0.284312 -0.194143 0.216147 0.956864
0.085697 -1.588364 -13.842815 3.791415 -0.539946 -0.836360 0.094654 0.819173 -0.496320 0.287441 -0.193425 0.232741 0.953110
2.886160 -2.956987 -123.179873 -15.272196 -0.113438 0.927529 0.356121 -0.708093 0.175959 -0.683844 0.696948 0.329740 -0.636816
16.012570 -2.153278 -361.504553 -2.190731 -0.265637 0.953349 0.143396 -0.609833 -0.050961 -0.790890 0.746686 0.297537 -0.594921
10.122726 -2.736567 -248.603488 -6.617136 -0.261747 0.946854 0.186966 -0.668217 -0.038009 -0.742995 0.696402 0.319410 -0.642652
-0.096612 -7.067899 3.270100 13.187685 0.922389 0.143669 0.358550 0.333139 -0.765695 -0.550208 -0.195492 -0.626953 0.754130
-0.055301 -6.672683 0.842909 12.967788 0.912786 0.145234 0.381744 0.389188 -0.592831 -0.705042 -0.123914 -0.792123 0.597651
-0.032372 -7.075036 0.477854 6.940647 0.924817 0.130484 0.357335 0.323384 -0.764356 -0.557838 -0.200342 -0.631454 0.749086
-0.093293 -7.268237 1.717728 5.202700 0.927807 0.130444 0.349511 0.259242 -0.899148 -0.352600 -0.268268 -0.417752 0.868053
-0.002433 -7.234073 1.984773 3.960953 0.931075 0.121385 0.344041 0.254073 -0.892488 -0.372708 -0.261812 -0.434431 0.861814
0.019010 -7.170656 0.177388 -1.220076 0.924942 0.126463 0.358453 0.322182 -0.761228 -0.562788 -0.201693 -0.636034 0.744836
-3.912894 -11.962352 -0.273057 -145.247467 0.904685 0.423420 -0.047548 0.425793 -0.894320 0.137450 -0.015676 0.144594 0.989367
-4.253990 -12.870929 -1.397237 -31.111359 0.893377 0.447841 -0.036271 0.426398 -0.870507 -0.245770 0.141640 -0.204100 0.968649
-3.846349 -12.429674 26.320457 123.784926 0.847247 0.483506 -0.219989 -0.500635 0.865256 -0.026388 0.177588 0.132491 0.975145
-3.516414 -11.633688 32.984850 -165.777331 0.853742 0.447043 -0.266980 0.516220 -0.793764 0.321645 0.068130 0.412422 0.908442
-3.506511 -9.972327 -2.612315 -149.237502 0.933059 0.357169 -0.042795 0.338977 -0.833183 0.436922 -0.120399 0.422181 0.898481
0.453351 -4.077636 -2.362691 12.096573 0.795941 0.168015 0.581592 0.553311 0.187873 -0.811511 0.245611 -0.967716 -0.056571
0.425496 -3.786291 1.442931 8.175263 0.773612 0.189321 0.604717 0.584187 0.156585 -0.796371 0.245460 -0.969350 -0.010537
0.642951 -3.835058 1.526433 -3.345645 0.745004 0.172666 0.644326 0.580698 0.307464 -0.753827 0.328267 -0.935763 -0.128795
0.277424 -4.442733 -1.672592 22.743030 0.833209 0.174782 0.524609 0.530407 0.015559 -0.847601 0.156308 -0.984484 0.079742
0.589241 -4.054021 -3.385338 -0.859609 0.772754 0.150703 0.616555 0.546310 0.336578 -0.766981 0.323105 -0.929518 -0.177761
0.308713 -4.381359 -5.906240 15.652125 0.820189 0.153043 0.551242 0.516893 0.214698 -0.828689 0.245175 -0.964615 -0.096986
0.225862 -4.829727 -4.427929 27.619236 0.848420 0.158843 0.504929 0.504888 0.043646 -0.862081 0.158973 -0.986339 0.043168
-3.211052 -7.804197 -4.757694 221.054518 -0.057661 0.209167 -0.976178 0.902664 0.428618 0.038522 0.426465 -0.878940 -0.213522
-3.404479 -8.048205 -11.196003 213.218747 0.149264 0.150952 -0.977207 0.931851 0.309069 0.190079 0.330717 -0.938984 -0.094532
-3.468751 -29.714541 -1.759853 1228.386831 0.242437 0.304935 -0.920999 0.894584 0.297093 0.333849 0.375424 -0.904848 -0.200763
-3.201323 -33.298851 8.540327 1640.651096 0.095086 0.394090 -0.914140 0.859855 0.430206 0.274903 0.501605 -0.812167 -0.297954
-3.653121 -42.438112 5.149293 1917.465158 0.281488 0.304219 -0.910063 0.931397 0.141487 0.335383 0.230792 -0.942036 -0.243522
-2.970554 -72.620915 16.464227 4170.757940 0.170067 0.405450 -0.898158 0.908966 0.287480 0.301889 0.380604 -0.867736 -0.319649
0.046094 -4.495690 4.312431 -4.636828 0.837500 -0.015357 0.546222 -0.358792 -0.769395 0.528488 -0.412145 0.638589 0.649878
-0.240625 -4.143909 6.887077 -2.467459 0.844289 0.023163 0.535387 -0.397384 -0.643217 0.654491 -0.359530 0.765333 0.533857
0.038889 -4.746556 6.344138 -8.488769 0.854076 0.012994 0.519986 -0.303859 -0.798910 0.519050 -0.422166 0.601311 0.678381
0.281415 -5.524469 -0.425962 23.119439 0.823054 -0.059716 0.564816 0.309919 0.880577 -0.358516 -0.475955 0.470125 0.743270
0.673741 -5.770238 -6.106283 23.432310 0.844388 0.004051 0.535716 0.223839 0.905837 -0.359661 -0.486728 0.423608 0.763971
0.069294 -4.946482 7.068231 -10.350401 0.875748 0.084522 0.475313 -0.207760 -0.822737 0.529093 -0.435778 0.562103 0.702950
0.510903 -14.158644 -10.579533 -71.784004 -0.081453 -0.433941 0.897252 0.789909 -0.577090 -0.207391 0.607790 0.691855 0.389779
0.132305 -14.693436 5.581387 114.250683 0.116918 0.418334 -0.900737 -0.679399 0.695222 0.234697 0.724394 0.584520 0.365500
0.208227 -14.778052 10.781918 -60.576936 0.064298 0.415709 -0.907222 -0.582290 0.753925 0.304196 0.810435 0.508707 0.290539
0.603415 -14.334956 13.912682 -46.762874 -0.122261 -0.504239 0.854866 0.841141 -0.509832 -0.180424 0.526815 0.697004 0.486468
4.037029 -4.167557 186.804802 16.183095 -0.554347 0.149304 -0.818784 0.661133 -0.518600 -0.542177 -0.505571 -0.841880 0.188775
3.196151 -4.626207 -107.111284 28.469871 0.618042 -0.088062 0.781197 0.568940 -0.635659 -0.521771 -0.542523 -0.766931 0.342762
12.362334 -3.241868 399.319342 1.453639 -0.396513 -0.048463 -0.916749 0.791710 -0.523569 -0.314754 -0.464728 -0.850604 0.245971
17.080387 -3.261339 723.723267 2.657402 -0.372725 0.094924 -0.923074 0.832618 -0.404946 -0.377843 -0.409662 -0.909400 0.071898
-0.364059 -10.469277 -4.544927 -60.099360 -0.519532 -0.615936 -0.592207 0.576117 0.259330 -0.775137 0.631012 -0.743889 0.220120
-0.364668 -11.769812 6.953307 -89.539429 0.502746 0.612342 0.610151 0.446736 0.420227 -0.789833 0.740050 -0.669662 0.062287
-0.131279 -10.759733 -25.817464 -74.357074 -0.478012 -0.637906 -0.603806 0.546723 0.321944 -0.772947 0.687459 -0.699592 0.194865
-0.699760 -12.007617 -9.707481 -91.092515 0.534401 0.578544 0.616200 0.489874 0.382101 -0.783596 0.688796 -0.720614 0.079219
-0.128174 -9.549388 -20.852367 -36.975102 -0.498403 -0.632753 -0.592636 0.640712 0.191664 -0.743473 0.584023 -0.750259 0.309887
-0.305241 -9.780208 -7.680883 -6.069639 -0.536045 -0.620971 -0.571884 0.682770 0.079491 -0.726296 0.496468 -0.779792 0.381370
-0.659282 -10.364976 0.695317 -54.816355 -0.543314 -0.590163 -0.597091 0.631249 0.181706 -0.753994 0.553475 -0.786569 0.273817
-1.117475 -3.136849 -2.373946 -1.412311 -0.243981 0.947530 -0.206545 -0.632977 0.005765 0.774149 -0.734720 -0.319615 -0.598358
-1.216931 -3.034103 3.436896 -5.729124 -0.297683 0.944879 -0.136340 -0.669615 -0.104867 0.735268 -0.680442 -0.310172 -0.663922
-1.137394 -2.831683 4.302535 -6.600160 -0.266260 0.942717 -0.200975 -0.671891 -0.032019 0.739958 -0.691135 -0.332055 -0.641928
-1.079765 -3.052111 -0.218859 -2.086654 -0.224563 0.940178 -0.256196 -0.621946 0.064113 0.780431 -0.750170 -0.334596 -0.570343
1.967528 -56.622892 -23.679776 -864.416593 -0.517431 -0.528351 -0.673134 0.181128 0.701179 -0.689595 0.836336 -0.478741 -0.267112
0.845163 -48.893841 -75.132306 -586.873946 -0.489094 -0.437486 -0.754581 -0.193167 0.897963 -0.395411 0.850573 -0.047633 -0.523696
2.046998 -29.095547 -29.387298 -269.209587 -0.511524 -0.502193 -0.697242 -0.059874 0.830295 -0.554099 0.857181 -0.241688 -0.454784
-1.647700 -9.068956 -49.109961 -60.679811 0.354250 0.421078 0.834985 -0.125189 0.906205 -0.403882 -0.926733 0.038544 0.373737
-1.865240 -8.977959 -39.168593 -7.127549 0.377787 0.492914 0.783781 0.008407 0.844653 -0.535248 -0.925854 0.208799 0.314955
-0.687574 -8.582229 -39.558804 -20.451492 0.360906 0.447224 0.818375 0.106619 0.851978 -0.512607 -0.926488 0.272257 0.259802
5.868692 0.527482 -178.496011 2.438635 -0.622833 0.781112 -0.044074 0.774232 0.607291 -0.178222 -0.112446 -0.145126 -0.983003
2.300471 0.269094 -147.910483 1.955708 -0.687556 0.721987 -0.077471 0.721921 0.668194 -0.179854 -0.078087 -0.179587 -0.980638
2.153268 0.343896 141.551953 -0.864734 0.735029 -0.675939 0.053282 0.671764 0.715316 -0.192501 -0.092006 -0.177287 -0.979849
5.721504 0.662881 -183.709444 -5.992494 -0.625538 0.779132 -0.040690 0.766464 0.603952 -0.218576 -0.145724 -0.167915 -0.974971
-1.002522 -2.650526 6.581887 -15.858760 -0.715739 -0.481292 0.506039 -0.209157 0.839071 0.502207 -0.666312 0.253608 -0.701222
-0.977926 -2.907824 3.679198 0.686534 -0.712250 -0.491888 0.500746 -0.146532 0.801866 0.579257 -0.686461 0.339201 -0.643206
-1.295417 -2.727741 5.733640 -10.768259 -0.741172 -0.447099 0.500766 -0.158633 0.841467 0.516497 -0.652303 0.303375 -0.694596
142.333812 -491.285664 2898.768920 -24905.831338 0.562620 -0.308226 0.767109 0.432378 0.900582 0.044737 -0.704633 0.306512 0.639956
-92.682578 -315.511197 -2524.543218 10476.758526 0.745587 0.443785 0.497147 0.633640 -0.703152 -0.322611 -0.206399 -0.555547 0.805461
-214.192674 -914.276601 -9945.274822 -45728.276044 -0.617529 -0.706225 0.346271 0.758969 -0.650581 0.026655 0.206453 0.279269 0.937756
-4.180845 -192.925927 -789.534037 24170.727420 -0.239848 -0.414878 0.877695 0.900640 -0.432566 0.041648 0.362383 0.800476 0.477406
0.512460 -110.741535 -94.871742 -3311.909625 0.194272 0.167094 -0.966612 -0.105176 0.983253 0.148832 0.975293 0.072750 0.208593
-3.916482 -28.316133 95.067060 -547.974721 0.141968 -0.094498 0.985350 0.978778 0.162014 -0.125483 -0.147782 0.982253 0.115493
-3.840854 -62.124175 27.134846 -1720.985511 0.177730 -0.018944 0.983897 0.772413 0.622181 -0.127548 -0.609746 0.782644 0.125213
-0.489266 -96.834826 3.360558 -2702.850097 0.152956 -0.071445 0.985647 0.870830 0.481253 -0.100255 -0.467183 0.873665 0.135827
-1.256592 -22.429264 32.695486 3.658680 0.117809 -0.063686 0.990992 0.967176 -0.218903 -0.129045 0.225149 0.973666 0.035807
-3.372744 -29.263327 84.879340 417.877011 0.098815 -0.067254 0.992831 0.873681 -0.471743 -0.118912 0.476358 0.879168 0.012143
-6.791969 -29.206258 166.102472 398.638338 0.084478 -0.032185 0.995905 0.881708 -0.463178 -0.089760 0.464170 0.885681 -0.010750
0.965955 -9.283518 1.917740 -117.269314 0.724460 0.541685 -0.426304 0.000540 0.617999 0.786179 0.689317 -0.569785 0.447423
0.541116 -10.084113 5.337967 -141.322729 0.722710 0.542516 -0.428212 -0.017595 0.633804 0.773293 0.690927 -0.551333 0.467602
0.415067 -7.832749 13.631326 -95.630961 0.704052 0.542932 -0.457750 0.111095 0.552440 0.826116 0.701405 -0.632482 0.328630
0.767988 -6.811217 2.842736 -57.120621 0.726052 0.521897 -0.447740 0.139600 0.525696 0.839140 0.673320 -0.671764 0.308826
0.056799 -6.461037 15.701968 45.691216 0.697314 0.545613 -0.464821 -0.182050 -0.492414 -0.851109 0.693261 -0.678111 0.244038
-0.780638 -3.580685 6.647472 -31.610875 0.777507 0.623994 -0.078199 0.002362 -0.127244 -0.991869 0.628870 -0.771000 0.100406
-0.654608 -4.228430 10.491120 -24.128346 0.758214 0.632136 -0.159735 -0.148281 -0.071390 -0.986365 0.634921 -0.771561 -0.039604
-0.448365 -3.453779 9.127188 -19.561650 0.756880 0.644692 -0.107260 -0.053553 -0.102389 -0.993302 0.651356 -0.757555 0.042971
-0.540253 -2.914429 5.393683 -17.964691 0.761707 0.647270 -0.029049 0.066745 -0.122983 -0.990162 0.644475 -0.752274 0.136879
-0.227028 -2.869369 10.201401 -13.755200 0.753628 0.651546 -0.086791 -0.001384 -0.130469 -0.991451 0.657300 -0.747306 0.097423
-0.252623 -3.349965 11.827251 -17.475810 0.748609 0.651449 -0.123282 -0.075684 -0.100762 -0.992028 0.658678 -0.751971 0.026127
6.819210 -1.841150 -295.877091 33.040097 0.943134 0.186567 -0.275120 0.256713 0.117009 0.959379 -0.211180 0.975449 -0.062461
-0.129689 -3.485431 22.012563 -78.452971 -0.687174 -0.071491 0.722967 0.709151 0.150124 0.688888 -0.157784 0.986079 -0.052464
6.138252 -2.623338 -287.738519 43.759358 0.928165 0.181637 -0.324834 0.306748 0.120883 0.944083 -0.210747 0.975907 -0.056483
18.401072 -3.144566 -748.354356 46.566052 0.922763 0.244726 -0.297687 0.269685 0.141714 0.952464 -0.275279 0.959180 -0.064770
7.767359 -3.436860 -346.048246 119.641546 0.941807 0.211022 -0.261668 0.242204 0.113803 0.963528 -0.233104 0.970834 -0.056070
-0.479477 -3.449794 -11.360045 19.514621 0.754105 0.570884 -0.324681 -0.656649 0.664265 -0.357161 -0.011777 -0.482538 -0.875796
-0.326695 -2.957608 -11.070941 18.013942 0.762711 0.559802 -0.323872 -0.641589 0.718003 -0.269880 -0.081462 -0.413633 -0.906792
-0.559911 -3.226803 -1.532050 21.279140 0.741898 0.600324 -0.298662 -0.669994 0.681241 -0.294990 -0.026371 -0.418954 -0.907624
-0.647541 -3.727960 1.762975 21.595413 0.742414 0.604544 -0.288700 -0.667691 0.632408 -0.392745 0.054855 -0.484342 -0.873157
-0.460180 -2.688726 6.268503 12.742034 0.724266 0.625215 -0.290767 -0.685936 0.696253 -0.211481 -0.070226 -0.352616 -0.933129
-0.529000 -3.201800 7.732691 19.163416 0.718603 0.634969 -0.283591 -0.695414 0.657902 -0.289075 -0.003021 -0.404943 -0.914337
-0.300263 -5.847589 10.517671 19.921725 0.805961 0.590396 -0.043114 -0.406236 0.604595 0.685155 -0.430580 0.534694 -0.727120
0.307732 -5.737529 16.968474 -11.975688 0.802463 0.596298 -0.021931 -0.385738 0.546444 0.743374 -0.455256 0.588071 -0.668516
0.200249 -5.801343 17.442639 20.158629 0.803886 0.594592 -0.015085 -0.436751 0.607323 0.663632 -0.403752 0.526896 -0.747907
-1.262583 -7.702881 -2.460098 -0.919179 -0.178137 0.551162 -0.815161 0.977094 0.197093 -0.080262 0.116425 -0.810786 -0.573647
-1.059150 -7.749214 -3.008308 -3.416939 -0.201439 0.510284 -0.836082 0.972414 0.206681 -0.108142 0.117619 -0.834802 -0.537840
-1.174831 -7.951382 -5.651039 1.378420 -0.220655 0.504118 -0.834971 0.972312 0.046159 -0.229081 -0.076943 -0.862400 -0.500346
-1.329302 -7.687774 1.468997 6.083131 -0.154423 0.616168 -0.772328 0.986021 0.046596 -0.159975 -0.062584 -0.786235 -0.614750
-1.223650 -7.605156 1.481503 1.462478 -0.151474 0.615739 -0.773254 0.977687 0.208514 -0.025482 0.145544 -0.759860 -0.633584
-1.369435 -7.868779 -4.524752 13.800812 -0.191343 0.548314 -0.814088 0.977874 0.035038 -0.206240 -0.084560 -0.835538 -0.542886
0.248109 -3.893804 5.345234 4.752086 0.712587 0.636534 -0.295033 -0.481815 0.138323 -0.865287 0.509974 -0.758744 -0.405259
0.148040 -4.016632 2.568858 4.916313 0.677311 0.648041 -0.348270 -0.574885 0.170805 -0.800208 0.459082 -0.742205 -0.488237
0.070384 -3.879525 0.152143 0.478097 0.694652 0.640320 -0.327794 -0.561910 0.198500 -0.803028 0.449128 -0.742016 -0.497691
-0.056695 -5.730751 4.215408 -32.990850 -0.608935 -0.726744 0.317872 0.782734 -0.615471 0.092316 0.128551 0.305023 0.943629
-0.195668 -6.581988 -1.246767 -26.326515 0.567662 0.757159 -0.323218 0.766327 -0.629443 -0.128623 0.300835 0.174676 0.937543
-0.258067 -6.079959 3.751551 -33.197541 -0.589994 -0.737282 0.329124 0.797768 -0.595119 0.096949 0.124389 0.319763 0.939297
0.089217 -5.205761 4.128025 0.406524 0.754533 0.556859 -0.347257 0.454204 -0.061185 0.888794 -0.473686 0.828351 0.299094
0.366517 -5.206622 4.658852 11.832673 0.761970 0.558964 -0.327049 0.506745 -0.200158 0.838538 -0.403251 0.804671 0.435766
0.175243 -5.462037 1.832499 2.351729 0.771104 0.566306 -0.291026 0.397026 -0.070328 0.915109 -0.497765 0.821189 0.279068
70.155658 -40.470766 -5368.473143 682.688840 0.665838 0.466938 0.581918 -0.000942 0.780476 -0.625186 -0.746095 0.415724 0.520110
18.059121 -8.348648 -1024.745844 108.384671 0.809276 0.457311 0.368700 0.014328 -0.642830 0.765875 -0.587254 0.614521 0.526779
242.475056 -16.388356 -16472.082587 432.349566 0.889572 0.455498 -0.034413 0.252874 -0.428313 0.867527 -0.380417 0.780429 0.496199
1.658410 -28.592505 -81.547093 1487.900378 0.562114 -0.181809 0.806829 0.535719 0.823266 -0.187719 -0.630106 0.537754 0.560168
3.518540 -117.414572 -323.196924 8798.077672 0.449733 -0.241418 0.859917 0.390058 0.919202 0.054063 -0.803489 0.311103 0.507562
-0.735548 -10.961367 -0.102366 -25.897584 -0.513618 -0.404719 -0.756570 -0.592493 0.805073 -0.028435 0.620603 0.433658 -0.653294
-0.571074 -12.163896 10.197671 7.448693 0.503264 0.382226 0.775002 0.668063 -0.740956 -0.068386 0.548103 0.552166 -0.628248
-0.557711 -11.153215 -14.236132 -24.941524 -0.481536 -0.393361 -0.783192 -0.491409 0.861117 -0.130362 0.725700 0.322094 -0.607960
-0.803678 -10.135801 4.106507 -52.937809 -0.527837 -0.423176 -0.736417 -0.460152 0.871249 -0.170836 0.713897 0.248691 -0.654603
-1.460648 -19.886745 22.950526 392.459020 -0.598945 -0.084611 -0.796307 0.635210 -0.655713 -0.408103 -0.487619 -0.750254 0.446482
-3.638501 -28.476554 79.500139 579.311528 -0.527297 -0.190924 -0.827953 0.745377 -0.571709 -0.342873 -0.407885 -0.797933 0.443771
0.402308 -23.032193 -80.692506 -146.951009 0.558101 0.033894 0.829081 -0.294543 0.942190 0.159756 -0.775737 -0.333360 0.535820
0.375865 -19.665503 -39.358815 -428.946194 0.699194 -0.153499 0.698259 -0.312270 0.813019 0.491415 -0.643130 -0.561639 0.520524
-1.348120 -29.124207 76.601625 -631.796861 0.719619 -0.306841 0.622895 0.062138 0.921923 0.382356 -0.691584 -0.236445 0.682500
-1.680905 -496.335892 -120.758770 -4956.616511 0.385543 0.636067 0.668413 0.814301 0.106106 -0.570663 -0.433902 0.764304 -0.477042
-4.316539 -163.042997 -279.512616 1272.970057 0.485331 0.669903 0.561857 -0.640084 0.709988 -0.293616 -0.595606 -0.217134 0.773373
-218.595076 -392.240874 -6273.209552 56075.534215 0.194538 0.901735 0.386042 0.476415 -0.430884 0.766400 -0.857429 -0.034822 0.513423
581.995331 -40955.279146 21015.499440 -3444889.251620 0.281993 0.711456 0.643669 -0.544309 0.671112 -0.503326 0.790068 0.208420 -0.576500
11.815806 -367.513034 -713.706767 21716.495163 0.356540 0.657681 0.663578 -0.715794 0.648748 -0.258387 0.600431 0.382860 -0.702069
-7.734615 -334.868991 -213.290727 26385.558262 0.406396 0.607718 0.682291 0.907515 -0.181755 -0.378657 -0.106107 0.773074 -0.625378
0.960165 -1.853114 -11.597580 39.284551 0.750495 0.548672 -0.368396 -0.126568 -0.427789 -0.894973 0.648643 -0.718300 0.251609
0.893088 -0.771732 -26.866272 22.157441 0.732406 0.347218 -0.585681 -0.348114 -0.548303 -0.760382 0.585148 -0.760792 0.280709
0.632956 -1.335051 -24.790594 29.140988 0.738999 0.383199 -0.554111 -0.301509 -0.547401 -0.780670 0.602472 -0.743984 0.288991
0.705734 -2.110492 -34.201826 39.063420 0.773226 0.482682 -0.411266 -0.155094 -0.484907 -0.860704 0.614872 -0.729304 0.300082
1.823764 -2.483039 4.541358 -18.585334 0.811103 0.436195 -0.389673 -0.162641 -0.471747 -0.866604 0.561836 -0.766282 0.311692
1.805120 -2.440356 21.492859 -17.871527 0.774978 0.496767 -0.390681 -0.157007 -0.447461 -0.880413 0.612175 -0.743641 0.268777
2.013672 -3.030865 2.744326 -19.102560 0.809314 0.458609 -0.366999 -0.184156 -0.395196 -0.899948 0.557761 -0.795926 0.235382
1.700302 -3.143163 -17.990909 -16.908704 0.853194 0.393718 -0.342121 -0.180654 -0.392260 -0.901940 0.489310 -0.831335 0.263547
1.588482 -2.639125 -18.888110 -17.933006 0.852592 0.363625 -0.375319 -0.169626 -0.486750 -0.856914 0.494282 -0.794262 0.353319
-1.247847 -4.754653 32.579304 -27.512055 -0.599391 -0.794875 -0.094367 0.724606 -0.488717 -0.485903 0.340113 -0.359625 0.868903
-0.480663 -4.435721 16.178886 -31.586730 -0.584153 -0.805249 -0.101680 0.759147 -0.497744 -0.419460 0.287159 -0.322219 0.902061
-0.680759 -5.265109 -20.976006 -30.285841 0.633710 0.770751 0.065985 0.657235 -0.491459 -0.571411 0.407987 -0.405477 0.818007
-1.715895 -5.260527 -41.274297 -19.628842 0.629247 0.774323 0.066880 0.642166 -0.469514 -0.605953 0.437802 -0.424242 0.792684
-0.546798 -1.277379 9.549555 -2.623299 -0.761257 0.177054 0.623811 0.161280 0.983469 -0.082320 -0.628074 0.037942 -0.777228
-0.209679 -0.952353 3.130136 3.178061 -0.772042 0.125423 0.623073 0.124720 0.991172 -0.044982 -0.623215 0.042981 -0.780869
-0.330491 -1.176811 3.286389 -9.093005 -0.709218 0.378125 0.595006 0.329712 0.923905 -0.194139 -0.623138 0.058494 -0.779922
-4.002957 -176.513765 -27.047221 39.366282 0.842434 0.498352 0.204818 0.155040 -0.588272 0.793662 -0.516012 0.636852 0.572845
-4.626395 -73.650188 -101.585064 -1720.159159 0.868716 0.405218 0.284835 -0.297655 -0.032547 0.954119 -0.395897 0.913641 -0.092341
-5.756131 -240.439118 91.717324 2390.208021 0.880935 0.458958 0.115376 0.258263 -0.670546 0.695463 -0.396553 0.582860 0.709239
1.611179 -10.166878 18.363301 42.500514 0.429891 0.783621 -0.448476 -0.059374 -0.471106 -0.880076 0.900926 -0.404965 0.155998
1.643904 -13.387659 -7.072868 88.469225 0.437682 0.789876 -0.429571 -0.101186 -0.431457 -0.896441 0.893418 -0.435822 0.108917
1.723174 -9.507338 14.440767 -9.305741 0.441948 0.749419 -0.493004 -0.269404 -0.413333 -0.869815 0.855631 -0.517229 -0.019225
-4.352007 -6.072417 -29.070366 31.403571 0.831361 0.424985 0.358088 -0.340491 0.898774 -0.276174 -0.439210 0.107675 0.891908
-4.017256 -7.053120 11.824331 59.941274 0.715457 0.679390 0.162943 -0.610006 0.721149 -0.328385 -0.340608 0.135549 0.930383
0.068029 -1.716315 5.876968 -10.769183 0.731041 0.681876 -0.024962 0.669175 -0.709314 0.221538 -0.133356 0.178657 0.974832
0.222243 -1.577614 -5.205747 -11.539736 -0.678118 -0.734175 0.033801 0.720326 -0.654790 0.228867 -0.145896 0.179546 0.972871
-1.920030 -2.454696 10.897265 -16.313700 -0.797967 -0.457107 0.392813 -0.219943 0.827661 0.516335 -0.561137 0.325622 -0.760983
-1.715664 -2.002072 -21.445761 8.066769 -0.494880 0.689036 0.529456 -0.691837 -0.681097 0.239725 -0.525790 0.247663 -0.813762
-1.614880 -2.357493 10.668520 -19.079322 -0.775505 -0.413984 0.476665 -0.184724 0.870749 0.455713 -0.603713 0.265356 -0.751742
-1.762689 -2.284002 -24.816947 8.839832 -0.370328 0.795371 0.479836 -0.803320 -0.533593 0.264491 -0.466405 0.287513 -0.836542
-1.520673 -2.775645 9.278642 -9.169305 -0.759309 -0.453871 0.466316 -0.153337 0.821220 0.549623 -0.632406 0.345831 -0.693155
-2.268460 -2.491738 10.232903 -16.981086 -0.752792 -0.630809 0.188107 -0.427030 0.685465 0.589732 -0.500948 0.363618 -0.785387
-2.072249 -2.899761 10.635396 -6.990215 -0.802142 -0.512235 0.306894 -0.228639 0.738247 0.634599 -0.551627 0.438870 -0.709296
-1.751001 -2.891444 10.593503 -7.132167 -0.783704 -0.469901 0.406204 -0.155974 0.781897 0.603580 -0.601232 0.409671 -0.686068
-0.205548 -6.720540 3.910013 21.143494 0.904951 0.161191 0.393803 0.404750 -0.611660 -0.679743 -0.131305 -0.774525 0.618764
-0.058639 -5.914995 1.364376 23.575343 0.889401 0.167975 0.425147 0.455815 -0.396311 -0.796976 -0.034618 -0.902619 0.429045
0.035609 -6.005473 -2.218808 15.792326 0.899359 0.148263 0.411305 0.435219 -0.393286 -0.809883 -0.041685 -0.907383 0.418233
-4.236350 -13.573653 0.913256 76.137922 0.883396 0.467975 -0.024722 0.367096 -0.723830 -0.584218 0.291294 -0.507021 0.811220
-4.125761 -13.207236 -21.660853 46.000636 0.906057 0.401437 0.133825 0.411747 -0.763438 -0.497621 0.097596 -0.505975 0.857009
-3.968837 -12.565085 -25.509491 92.097337 0.903467 0.390091 0.177696 0.384771 -0.555291 -0.737295 0.188939 -0.734494 0.651783
-3.526034 -12.613474 -30.528679 51.701049 0.908372 0.321280 0.267655 0.416171 -0.756991 -0.503753 -0.040767 -0.568985 0.821337
0.506592 -3.652690 5.077622 -4.948743 0.725210 0.194013 0.660628 0.605876 0.275982 -0.746156 0.327085 -0.941378 -0.082597
0.260804 -3.537097 4.729552 5.026190 0.756807 0.208063 0.619639 0.607513 0.125893 -0.784269 0.241186 -0.969980 0.031125
0.193055 -4.077522 1.990823 18.434794 0.819106 0.195046 0.539465 0.551974 -0.011959 -0.833775 0.156173 -0.980721 0.117456
-0.943243 -4.283743 21.931911 -2.275332 0.662063 0.156763 0.732869 0.661225 0.338122 -0.669667 0.352779 -0.927954 -0.120203
-1.310549 -3.921050 -25.501581 -9.685753 -0.604772 -0.152149 -0.781730 0.752710 0.211441 -0.623474 0.260151 -0.965476 -0.013349
-0.322113 -3.886974 3.797918 -3.393259 0.819174 0.022649 0.573097 -0.500282 -0.460438 0.733290 -0.280484 0.887403 0.365848
-0.681885 -3.816040 10.354655 -5.852090 0.841091 0.047708 0.538785 -0.446922 -0.499787 0.741939 -0.304674 0.864833 0.399045
-1.096053 -12.168529 9.088205 -11.049959 0.134969 0.570561 -0.810089 0.902796 0.266118 0.337847 0.408341 -0.776944 -0.479182
-1.124871 -11.863713 0.326067 3.713686 0.155015 0.524481 -0.837192 0.870376 0.328389 0.366888 0.467350 -0.785544 -0.405590
-1.035380 -11.478453 -1.849595 -20.372966 0.170044 0.523927 -0.834617 0.948944 0.141293 0.282033 0.265690 -0.839962 -0.473151
-0.997917 -11.426278 9.570125 -38.716332 0.142960 0.575922 -0.804908 0.971644 0.073088 0.224869 0.188336 -0.814231 -0.549142
-0.882953 -12.756752 10.113319 -39.548972 0.124608 0.596927 -0.792560 0.940205 0.184166 0.286528 0.316999 -0.780872 -0.538285
-0.907404 -12.660305 6.896162 55.615039 0.123164 0.579457 -0.805643 0.796085 0.427022 0.428837 0.592520 -0.694177 -0.408703
0.253004 -5.758559 -54.837544 31.503685 0.720037 -0.255285 0.645272 0.391316 -0.618552 -0.681370 -0.573078 -0.743117 0.345483
0.275789 -6.388237 -21.293469 36.721116 0.751734 -0.213021 0.624113 0.287406 -0.745959 -0.600785 -0.593543 -0.631005 0.499539
2.579043 -5.366229 -64.594654 47.119176 0.689851 -0.066912 0.720852 0.448533 -0.742084 -0.498125 -0.568264 -0.666958 0.481916
-0.204459 -12.667585 24.679123 -155.210978 0.469684 0.622264 0.626247 0.418210 0.467892 -0.778574 0.777494 -0.627586 0.040476
-0.509683 -13.518496 4.026385 -123.136568 0.503762 0.599296 0.622147 0.279456 0.568421 -0.773823 0.817391 -0.563686 -0.118872
-0.674771 -13.496177 -5.113512 -117.007371 0.527788 0.580728 0.619834 0.322405 0.538164 -0.778739 0.785808 -0.610847 -0.096807
-0.324426 -12.337195 5.465202 13.102990 -0.215080 -0.615961 0.757848 -0.533950 0.723921 0.436848 -0.817703 -0.310695 -0.484593
-1.096853 -13.008951 25.994886 -23.823568 -0.200652 -0.622219 0.756692 -0.676995 0.646365 0.351980 -0.708107 -0.441652 -0.550933
-0.484893 -12.098574 -8.634230 12.755799 0.207235 0.605411 -0.768460 -0.774058 0.581824 0.249630 -0.598237 -0.543101 -0.589198
-0.214145 -10.917877 2.781882 5.404660 -0.189065 -0.592319 0.783206 -0.667046 0.662793 0.340229 -0.720628 -0.458109 -0.520415
-0.167882 -10.153751 4.024448 17.530578 -0.189629 -0.589995 0.784823 -0.518388 0.739000 0.430294 -0.833855 -0.325247 -0.445982
0.094041 -10.827889 -3.393705 32.242634 -0.201281 -0.597475 0.776215 -0.360266 0.782045 0.508542 -0.910876 -0.177284 -0.372661
-1.102144 -3.173730 3.205329 -4.480423 -0.260150 0.954973 -0.142648 -0.653150 -0.065239 0.754413 -0.711138 -0.289431 -0.640712
-1.070864 -3.126088 6.839856 -9.725196 -0.309547 0.947632 -0.078579 -0.686509 -0.165540 0.708027 -0.657940 -0.273113 -0.701800
1.257042 -44.896489 -28.853022 -224.380812 -0.525931 -0.433605 -0.731699 -0.651587 0.758337 0.018956 0.546655 0.486735 -0.681364
3.525198 -77.357432 -71.153198 -2024.771068 -0.515450 -0.490025 -0.702984 -0.468826 0.847958 -0.247323 0.717295 0.202094 -0.666817
0.494616 -69.732688 -98.112621 -1936.586438 -0.510700 -0.447664 -0.734018 -0.545971 0.828374 -0.125346 0.664154 0.336739 -0.667462
0.289034 -29.352110 -15.629880 -344.045085 -0.487909 -0.480628 -0.728657 -0.211498 0.874979 -0.435524 0.846885 -0.058386 -0.528562
2.480036 0.153995 -148.019960 1.980627 -0.666390 0.740259 -0.089113 0.742399 0.647702 -0.171248 -0.069049 -0.180276 -0.981189
0.257271 -1.284113 2.572488 -78.076262 0.930011 0.340511 -0.138316 -0.353734 0.931440 -0.085395 -0.099755 -0.128345 -0.986700
5.824100 0.353040 -171.392273 -0.577820 -0.611836 0.789538 -0.047827 0.783602 0.596774 -0.172711 -0.107820 -0.143148 -0.983811
1.694823 -0.285187 -47.717348 -42.631751 -0.951538 0.247651 0.182332 0.219035 0.961929 -0.163452 -0.215870 -0.115594 -0.969556
0.843224 -1.989437 -10.407609 -35.140978 -0.950631 -0.204162 0.233705 -0.204662 0.978577 0.022377 -0.233267 -0.026559 -0.972050
1.426036 -0.657752 -20.988301 -46.728462 -0.957024 0.126751 0.260843 0.100673 0.988700 -0.111070 -0.271974 -0.080037 -0.958970
2.725407 0.299494 -72.281408 -23.239115 -0.803327 0.566004 0.185217 0.513227 0.815729 -0.266804 -0.302099 -0.119273 -0.945786
1.350133 -0.974851 -8.294831 -40.712859 -0.944734 0.026047 0.326801 0.014048 0.999140 -0.039023 -0.327537 -0.032275 -0.944287
1.823331 0.046134 -25.362046 -32.432543 -0.869636 0.392472 0.299499 0.340922 0.916181 -0.210677 -0.357080 -0.081107 -0.930546
-0.477487 -2.856144 15.056073 -8.385387 -0.673827 -0.546835 0.496919 -0.216324 0.789053 0.574978 -0.706513 0.279940 -0.649979
-0.409469 -3.019809 16.049440 7.351680 -0.667806 -0.562950 0.486953 -0.155805 0.745440 0.648108 -0.727846 0.356940 -0.585520
-0.955629 -3.035138 3.755069 5.061405 -0.702554 -0.507165 0.499202 -0.095514 0.762345 0.640083 -0.705192 0.402012 -0.584030
-39.706554 -139.700028 1175.048923 6100.363822 -0.381448 -0.114149 -0.917315 0.820305 -0.499269 -0.278980 -0.426142 -0.858895 0.284082
-189.039953 -420.345430 230.001250 -13908.363848 0.486567 0.095153 -0.868446 0.717605 0.523440 0.459407 0.498293 -0.846733 0.186407
-3.830554 -7.674962 -211.786406 92.464136 0.634094 0.591947 -0.497517 0.394846 0.305335 0.866526 -0.664847 0.745902 0.040117
-7.956806 -12.898300 151.755240 -370.411392 -0.019973 -0.087607 0.995955 0.731855 0.677402 0.074263 -0.681167 0.730378 0.050586
-7.101825 -29.034777 -273.671042 510.583025 0.694874 0.658264 -0.289549 0.141663 0.269448 0.952538 -0.705040 0.702913 -0.093981
-15.534134 -19.324230 -133.886806 440.147120 0.634706 0.616816 0.465496 -0.407811 -0.244306 0.879775 -0.656382 0.748233 -0.096482
0.918806 -10.780791 1.107058 -78.286542 0.725795 0.544889 -0.419901 -0.196967 0.749452 0.632080 0.659109 -0.376055 0.651274
4.384979 -4.198703 70.284362 -24.233416 0.623879 0.587456 -0.515432 -0.383795 -0.344219 -0.856863 0.680791 -0.732399 -0.010712
2.443397 -3.307173 98.130402 -0.188487 0.628487 0.715068 -0.306073 -0.402178 -0.038070 -0.914769 0.665775 -0.698017 -0.263659
4.942506 -4.893882 12.640890 -37.754951 0.767414 0.505900 -0.393879 -0.372222 -0.148661 -0.916161 0.522040 -0.849685 -0.074223
5.498433 -5.667142 -7.978646 -45.817851 0.800360 0.381962 -0.462092 -0.373787 -0.284696 -0.882741 0.468729 -0.879234 0.085087
5.708245 -5.411085 -59.591392 -36.543733 0.812049 0.277328 -0.513483 -0.364644 -0.445850 -0.817467 0.455643 -0.851062 0.260927
5.725775 -4.211473 10.422996 -8.513719 0.668523 0.420833 -0.613169 -0.371333 -0.525473 -0.765500 0.644351 -0.739444 0.195022
5.531376 -3.578286 173.853588 -6.800720 0.435609 0.628993 -0.643904 -0.392793 -0.510811 -0.764713 0.809913 -0.586037 -0.024550
3.261679 -3.202842 190.186004 -14.064937 0.370635 0.715259 -0.592482 -0.401315 -0.451961 -0.796666 0.837601 -0.533044 -0.119532
-1.000110 -4.365432 9.668462 -32.429589 0.785786 0.603276 -0.136377 -0.104344 -0.088033 -0.990637 0.609634 -0.792659 0.006227
-0.801677 -4.776021 9.165802 -13.479428 0.765803 0.615570 -0.186061 -0.233633 -0.003239 -0.972319 0.599133 -0.788076 -0.141337
-0.519062 -4.502147 11.253727 -12.415853 0.742949 0.633554 -0.215954 -0.265458 -0.017285 -0.963968 0.614458 -0.773505 -0.155340
111.112452 -5.161674 -4172.021030 -226.263348 0.972669 0.090170 -0.213975 0.209452 0.057051 0.976153 -0.100228 0.994291 -0.036605
-0.718245 -5.327581 3.713681 -96.624099 -0.673767 -0.018030 0.738724 0.737013 0.055838 0.673569 -0.053393 0.998277 -0.024334
18.842651 -4.348775 -575.775415 -74.866404 0.918541 0.180597 -0.351663 0.326231 0.156148 0.932304 -0.223283 0.971083 -0.084512
-0.088047 -3.095476 -12.391447 14.785938 0.765244 0.553262 -0.329093 -0.641222 0.700284 -0.313745 -0.056876 -0.451113 -0.890653
0.016011 -2.665821 -7.877675 13.028984 0.768969 0.556280 -0.315023 -0.629317 0.745375 -0.219945 -0.112459 -0.367380 -0.923247
0.053511 -5.957243 1.528671 0.861502 0.793272 0.573554 -0.204341 0.214764 0.050458 0.975362 -0.569733 0.817612 0.083151
0.200443 -6.272224 4.875810 -1.204787 0.803190 0.575432 -0.154155 0.141180 0.067533 0.987678 -0.578752 0.815057 0.026998
-0.158186 -6.004216 1.551098 10.231677 0.800413 0.574281 -0.171871 0.097948 0.157567 0.982639 -0.591392 0.803351 -0.069870
0.396280 -6.181073 4.580749 2.414646 0.797126 0.576506 -0.179531 0.257291 -0.055318 0.964749 -0.546253 0.815218 0.192425
-0.232654 -5.763672 1.428987 11.527321 0.792092 0.566945 -0.226192 0.166934 0.155235 0.973671 -0.587131 0.808996 -0.028318
0.279471 -5.789956 1.464104 2.629429 0.785465 0.574758 -0.229559 0.328573 -0.072928 0.941659 -0.524485 0.815067 0.246133
-0.023653 -5.645735 1.504184 1.954316 0.781656 0.565514 -0.263074 0.286795 0.048667 0.956755 -0.553862 0.823301 0.124146
-0.718062 -7.922793 -6.541106 6.620107 -0.207385 0.468332 -0.858870 0.967876 0.225806 -0.110576 0.142151 -0.854211 -0.500116
-0.708372 -7.639887 -6.356354 6.178067 -0.183265 0.474540 -0.860945 0.921541 0.387880 0.017630 0.342309 -0.790165 -0.508393
-0.832256 -8.214859 -5.845908 -3.577324 -0.227652 0.478191 -0.848238 0.971219 0.048826 -0.233132 -0.070065 -0.876898 -0.475543
-0.325590 -8.072346 -12.853599 13.488238 -0.177278 0.434452 -0.883076 0.930756 0.365573 -0.006997 0.319789 -0.823169 -0.469178
-0.314298 -8.352724 -13.899043 8.358759 -0.216557 0.428641 -0.877137 0.972070 0.177924 -0.153047 0.090461 -0.885782 -0.455200
1.431175 -12.053445 -37.197683 -120.933704 -0.227985 -0.502634 0.833896 0.492914 0.679013 0.544038 -0.839678 0.535071 0.092951
0.528445 -11.455351 -28.885555 -115.631705 -0.356718 -0.559242 0.748332 0.473301 0.582432 0.660878 -0.805443 0.589933 0.056925
0.305668 -11.723265 -38.816909 -44.925877 -0.226664 -0.479458 0.847788 0.682656 0.542647 0.489403 -0.694697 0.689677 0.204306
0.220004 -4.089762 7.065707 2.720377 0.702072 0.642892 -0.306243 -0.480064 0.109661 -0.870352 0.525959 -0.758066 -0.385620
0.018469 -4.230920 6.843122 6.347347 0.682511 0.644780 -0.344149 -0.562109 0.162125 -0.811018 0.467133 -0.746977 -0.473088
0.394762 -3.883134 3.859719 0.204360 0.737391 0.624074 -0.258431 -0.382189 0.070020 -0.921427 0.556943 -0.778222 -0.290147
0.097535 -4.284853 10.362833 -0.278925 0.704937 0.645136 -0.294726 -0.458693 0.097726 -0.883204 0.540985 -0.757792 -0.364810
0.328974 -4.048336 7.028364 -5.643912 0.727893 0.634317 -0.260412 -0.368501 0.041597 -0.928696 0.578255 -0.771953 -0.264025
-0.444260 -5.423288 -4.586383 -0.184520 0.737997 0.618880 -0.268976 -0.140056 0.530396 0.836101 -0.660110 0.579368 -0.478108
-0.606686 -5.648004 0.015765 -2.773026 0.764166 0.600216 -0.236203 -0.163487 0.534469 0.829226 -0.623957 0.595050 -0.506550
-0.482828 -5.460895 -4.957231 -2.894485 0.732240 0.638398 -0.237219 -0.297682 0.613295 0.731611 -0.612544 0.465099 -0.639119
-0.509398 -5.557879 -0.644762 5.103546 0.762411 0.589828 -0.266141 -0.009412 0.421353 0.906848 -0.647024 0.688886 -0.326796
-0.119949 -5.216143 -10.702244 -1.964179 0.707136 0.658935 -0.256442 -0.289242 0.600517 0.745465 -0.645211 0.452972 -0.615239
-0.090270 -5.175945 -9.311019 -0.755234 0.716233 0.639110 -0.280266 -0.127132 0.514381 0.848086 -0.686184 0.571796 -0.449668
-0.394142 -5.347171 -3.541145 5.665718 0.739721 0.603594 -0.297467 0.025002 0.417099 0.908517 -0.672449 0.679487 -0.293446
294.330537 -18.047756 -12498.390595 492.010733 0.844976 0.534803 -0.000790 0.247083 -0.389074 0.887452 -0.474305 0.750071 0.460900
11.390214 -6.350193 -480.199957 27.179711 0.841210 0.447979 0.302788 0.007283 -0.569320 0.822084 -0.540660 0.689340 0.482180
1.038926 -8.375167 -158.105679 -182.660461 0.732401 0.078389 0.676347 -0.378857 -0.778453 0.500478 -0.565736 0.622789 0.540441
-0.592719 -12.066027 -10.122730 -27.943438 -0.488635 -0.370591 -0.789872 -0.621128 0.783533 0.016629 0.612728 0.498737 -0.613046
-0.528948 -13.066449 11.715871 1.795981 0.497911 0.353047 0.792112 0.749953 -0.633960 -0.188853 0.435494 0.688079 -0.580424
0.090460 -15.903391 4.403294 -52.844315 0.430568 0.318937 0.844328 0.895754 -0.265649 -0.356447 0.110611 0.909785 -0.400070
-0.159449 -18.039130 3.866520 -80.282559 0.407569 0.353968 0.841780 0.835944 -0.515641 -0.187916 0.367541 0.780270 -0.506057
-0.318314 -16.340294 6.991397 -51.389798 0.447081 0.297072 0.843722 0.871714 -0.356212 -0.336493 0.200581 0.885924 -0.418217
-0.190193 -15.048305 16.575322 -130.293957 0.473744 0.277991 0.835636 0.866574 0.021894 -0.498568 -0.156893 0.960334 -0.230528
0.198448 -15.199864 -1.398744 -62.339127 0.462866 0.310619 0.830223 0.883098 -0.080484 -0.462233 -0.076758 0.947121 -0.311561
-1.848214 -217.630629 -18.487454 2807.845835 0.435314 0.301746 0.848205 0.309369 0.834645 -0.455696 -0.845454 0.460779 0.269982
12.452615 -173.609865 -138.993453 4279.881695 0.519261 0.060020 0.852505 0.794642 0.333187 -0.507475 -0.314503 0.940948 0.125317
6.278317 -205.717081 -139.907819 1884.457918 0.491251 0.204128 0.846761 0.230314 0.907108 -0.352293 -0.840017 0.368085 0.398604
0.521818 -218.596767 -77.540588 -2222.843682 0.258916 0.720166 0.643680 0.515707 0.460402 -0.722549 0.816706 -0.519029 0.252189
4.917661 -167.072151 -253.345516 -1127.833172 -0.547000 -0.657932 -0.517606 0.836036 -0.460975 -0.297567 -0.042825 -0.595507 0.802208
19.118289 -251.280198 -663.463101 -2257.930282 0.547324 0.517214 0.657971 -0.187913 0.842053 -0.505603 -0.815552 0.153088 0.558068
89.111448 15.767932 4323.106940 -156.818740 0.501407 0.374385 -0.780017 0.392107 0.705312 0.590582 0.771260 -0.601972 0.206849
1.081710 -8.584026 59.489388 -57.387792 0.748762 0.547480 0.373658 0.660355 -0.567378 -0.491949 0.057327 -0.615100 0.786363
1.734028 -2.879479 25.191678 -19.240808 0.769422 0.518620 -0.372858 -0.170480 -0.395824 -0.902363 0.615570 -0.757863 0.216141
-0.341363 -3.619144 6.664089 -23.237770 -0.569856 -0.815847 -0.098271 0.792372 -0.513857 -0.328781 0.217738 -0.265225 0.939280
-0.293267 -3.498047 7.596534 -23.457729 -0.546193 -0.828377 -0.124357 0.815592 -0.492059 -0.304447 0.191006 -0.267711 0.944377
-0.228523 -4.135583 2.934217 -32.413169 -0.558261 -0.821251 -0.117863 0.801162 -0.496696 -0.333815 0.215604 -0.280783 0.935241
1.517911 -15.102304 -5.024123 174.711893 0.433021 0.820124 -0.374017 0.135502 -0.469448 -0.872501 0.891141 -0.327131 0.314410
1.909118 -22.654072 -18.779711 364.840674 0.420454 0.828065 -0.370846 0.141313 -0.463507 -0.874753 0.896242 -0.315388 0.311899
1.870298 -15.186926 -11.814689 123.127743 0.396525 0.804490 -0.442225 -0.130924 -0.427234 -0.894612 0.908640 -0.412634 0.064082
-5.226734 -6.817055 -37.161641 32.321807 0.651956 0.693390 0.306861 -0.667852 0.716740 -0.200644 -0.359064 -0.074127 0.930365
-3.646752 -5.986586 -4.548859 30.730720 0.849288 0.180806 0.496003 -0.126907 0.981895 -0.140629 -0.512449 0.056488 0.856858
-4.075803 -6.167327 -23.725726 27.519613 0.858185 0.312942 0.406922 -0.285083 0.949758 -0.129179 -0.426903 -0.005147 0.904283
-0.444719 -4.896747 24.460701 216.326285 0.702003 0.562322 -0.437019 0.693727 -0.401173 0.598167 -0.161042 0.723087 0.671722
0.303201 -3.168745 5.140977 -35.846215 0.526937 -0.373909 0.763237 0.805474 0.506259 -0.308081 -0.271201 0.777106 0.567940
-4.074477 -5.071793 186.838104 134.511148 0.923025 -0.137525 0.359321 -0.358276 -0.647629 0.672469 -0.140225 0.749442 0.647050
