14299
28587
-6.698985 -9.268792 -64.537591 191.322942 0.196348 0.924421 0.326944 -0.503027 0.381179 -0.775672 0.841672 0.012160 -0.539852
-7.419477 -10.494528 -18.991325 155.911215 0.076728 0.960023 0.269200 -0.433431 0.275266 -0.858118 0.897914 0.050838 -0.437225
-4.804706 -11.736923 -129.806556 250.970301 0.252812 0.921184 0.295814 -0.417887 0.379721 -0.825338 0.872615 -0.085038 -0.480949
-6.193682 -7.991265 36.138669 72.242753 -0.391402 0.798977 -0.456553 -0.367856 -0.590617 -0.718230 0.843497 0.113171 -0.525077
-5.513645 -8.683604 -135.996999 212.254505 0.271155 0.921655 0.277536 -0.546633 0.384780 -0.743732 0.792255 -0.049956 -0.608142
-5.632211 -6.784222 49.272126 -69.166528 -0.477096 0.663609 -0.576196 0.364908 0.746017 0.557046 0.799513 0.055506 -0.598078
1.557109 -12.693699 -1156.813185 328.580082 0.472278 0.879714 -0.055291 0.110294 -0.121214 -0.986480 0.874522 -0.459794 0.154274
-4.237212 -11.394215 -642.052884 131.658400 0.454899 0.879781 -0.138033 0.024997 -0.167552 -0.985546 0.890192 -0.444874 0.098211
-6.936985 -11.048582 -323.850301 11.902221 0.303771 0.937075 -0.172088 0.162759 -0.229009 -0.959721 0.938740 -0.263526 0.222083
-2.694336 -10.929819 -516.185877 -66.251109 0.277146 0.959743 -0.045637 0.358614 -0.147389 -0.921777 0.891396 -0.239101 0.385025
4.967966 -15.490121 -553.416653 25.798683 0.224116 0.974277 0.023585 0.377979 -0.064591 -0.923558 0.898278 -0.215898 0.382732
99.907571 -201.009073 -7765.253036 10985.881293 0.389087 0.902270 0.185797 -0.032243 0.214904 -0.976103 0.920637 -0.373798 -0.112708
7.666738 -12.915589 -97.357906 105.868646 0.228937 0.965037 0.127635 -0.422627 -0.019578 0.906092 -0.876912 0.261380 -0.403369
8.455227 -10.996619 -123.027676 87.069641 0.302269 0.937803 0.170762 -0.371309 -0.049153 0.927207 -0.877931 0.343672 -0.333357
7.386300 -11.852905 -86.422438 -16.281368 0.298901 0.948511 0.104805 -0.260696 -0.024487 0.965110 -0.917984 0.315795 -0.239954
6.770850 -13.973879 14.168303 105.127230 0.168903 0.984813 0.040191 -0.357310 0.023177 0.933698 -0.918587 0.172065 -0.355798
8.189573 -13.655838 -3.249032 37.266587 0.179500 0.980252 0.082979 -0.581331 0.037647 0.812796 -0.793621 0.194135 -0.576609
6.349745 -13.358867 -111.783470 -5.422389 0.203024 0.977658 0.054454 -0.273980 0.003329 0.961730 -0.940062 0.210174 -0.268535
-0.081665 -2.598885 86.551218 -66.157559 0.044182 0.997256 0.059408 -0.739945 0.072619 -0.668736 0.671215 0.014412 -0.741123
0.069044 -1.723874 73.278481 -48.770197 -0.002531 0.999880 0.015309 -0.714558 0.008902 -0.699520 0.699572 0.012710 -0.714449
-1.013249 -2.465556 68.068029 -61.066925 -0.079828 0.994819 -0.062955 -0.734431 -0.101400 -0.671066 0.673972 0.007334 -0.738720
-1.237245 -3.541099 81.051086 -61.104750 0.004261 0.999885 0.014579 -0.776922 0.012489 -0.629473 0.629582 0.008645 -0.776886
-1.287614 -2.585129 3.119535 -57.497872 -0.183276 0.964064 -0.192329 -0.721413 -0.264801 -0.639877 0.667812 -0.021475 -0.744020
-1.539521 -3.395225 20.670967 -57.510871 -0.069944 0.994582 -0.076911 -0.773634 -0.102756 -0.625245 0.629761 -0.015769 -0.776629
-2.747255 -7.709656 41.955028 3.075327 0.005297 0.988635 0.150244 -0.780323 -0.089872 0.618885 -0.625354 0.120517 -0.770978
-2.337494 -7.588165 34.192940 12.285121 -0.009946 0.985858 0.167286 -0.689208 -0.127969 0.713173 -0.724495 0.108201 -0.680734
-1.784881 -7.550718 89.062020 -3.881912 0.026253 0.980102 0.196749 -0.783794 -0.101979 0.612591 -0.620466 0.170293 -0.765521
-2.036668 -7.466508 96.514748 -10.366321 0.059239 0.983788 0.169266 -0.858730 -0.036237 0.511146 -0.508993 0.175634 -0.842662
-0.465095 -7.208169 139.788809 -8.603552 0.094512 0.977861 0.186698 -0.855376 -0.016179 0.517755 -0.509312 0.208631 -0.834910
-0.597707 -7.313683 -5.414874 24.381817 -0.028752 0.993790 -0.107498 -0.990200 -0.013614 0.138990 -0.136664 -0.110440 -0.984442
-0.358766 -7.067161 -8.486057 6.557162 -0.049498 0.992768 -0.109372 -0.954036 -0.014590 0.299335 -0.295575 -0.119162 -0.947859
-0.599329 -7.240857 -0.638418 13.615900 -0.060987 0.994867 -0.080750 -0.989691 -0.049770 0.134290 -0.129582 -0.088108 -0.987647
2.439473 -11.882876 12.513650 -109.844135 0.158672 0.984282 0.077541 -0.654346 0.046022 0.754793 -0.739361 0.170503 -0.651363
1.929099 -12.579941 7.437222 202.101001 0.190031 0.980530 0.049488 -0.706227 0.101507 0.700671 -0.682006 0.168099 -0.711766
2.277174 -12.337074 0.081882 -34.284995 0.219103 0.973223 0.069509 -0.660769 0.095588 0.744477 -0.717898 0.209047 -0.664019
2.611139 -13.062940 3.508997 -199.416062 0.190936 0.978045 0.083499 -0.544087 0.034648 0.838313 -0.817014 0.205495 -0.538757
2.285278 -13.004339 0.388509 -122.628021 0.244464 0.966164 0.082248 -0.560616 0.071622 0.824973 -0.791168 0.247786 -0.559155
2.067642 -13.129252 1.983561 57.918616 0.275713 0.958607 0.071090 -0.668117 0.137940 0.731158 -0.691088 0.249087 -0.678494
-0.596200 -14.203749 -8.201431 75.852875 0.112319 0.981455 -0.155338 0.991984 -0.119858 -0.040018 -0.057895 -0.149598 -0.987050
-0.656732 -15.283167 -7.711686 -92.321974 0.090240 0.984498 -0.150404 -0.957721 0.127208 0.258049 -0.273181 -0.120758 -0.954353
-0.872617 -13.828498 -13.816994 71.745036 0.121679 0.982604 -0.140296 0.990990 -0.128235 -0.038648 -0.055967 -0.134329 -0.989355
1.035622 -10.826992 5.784543 -126.330400 -0.087962 0.996123 -0.001386 0.460185 0.041871 0.886835 -0.883455 -0.077370 0.462084
0.974541 -10.421395 -3.035514 -111.410893 -0.111393 0.993622 0.017514 0.369881 0.025096 0.928740 -0.922377 -0.109934 0.370318
1.064548 -9.883743 6.499227 -91.538232 -0.083227 0.996517 0.005209 0.328433 0.022494 0.944259 -0.940853 -0.080299 0.329162
-0.292647 -9.746059 13.488986 -14.815309 -0.063778 0.997957 -0.003889 -0.271554 -0.013605 0.962327 -0.960308 -0.062431 -0.271867
0.070077 -9.121977 6.685420 -19.505699 -0.062508 0.996662 -0.052512 -0.427764 0.020783 0.903651 -0.901726 -0.078948 -0.425037
-0.201969 -9.496709 10.923471 -31.515335 -0.054996 0.997706 -0.039485 -0.449529 0.010570 0.893203 -0.891571 -0.066872 -0.447916
-0.417653 -21.863748 -30.159990 -157.025278 0.016703 0.968645 0.247885 0.585355 -0.210467 0.782983 -0.810605 -0.132023 0.570517
-0.435583 -23.470885 -14.101650 -34.332496 0.036692 0.965839 0.256530 0.779668 -0.188246 0.597228 -0.625118 -0.178095 0.759941
-0.384657 -21.231328 -8.527551 -174.407932 0.046461 0.972376 0.228749 0.675319 -0.199313 0.710084 -0.736061 -0.121488 0.665924
-0.263168 -19.547403 -17.144429 -207.653006 0.026746 0.976983 0.211634 0.463981 -0.199657 0.863052 -0.885441 -0.075111 0.458642
-0.996686 -21.040568 -20.727508 -183.633173 0.052691 0.973369 0.223107 0.737808 -0.188504 0.648155 -0.672951 -0.130458 0.728092
-0.757675 -19.061532 -10.669498 -167.499693 0.039581 0.978586 0.201995 0.562272 -0.188923 0.805083 -0.826005 -0.081710 0.557709
0.162997 -19.457029 -19.216976 -217.632401 0.062170 0.993254 0.097882 -0.465098 -0.057940 0.883361 -0.883073 0.100443 -0.458358
0.163223 -16.955588 -28.554761 -413.820230 0.046113 0.993150 0.107367 -0.628599 -0.054684 0.775805 -0.776361 0.103265 -0.621771
0.508204 -18.258320 -39.503194 -362.889578 0.059505 0.994143 0.090221 -0.504933 -0.047990 0.861823 -0.861105 0.096838 -0.499120
0.955731 -20.942460 -54.533656 -195.082085 0.068834 0.994001 0.084998 -0.330960 -0.057622 0.941884 -0.941131 0.092964 -0.325008
1.598325 -20.230881 -79.459797 -369.168823 0.080425 0.994620 0.065294 -0.374800 -0.030522 0.926603 -0.923611 0.098995 -0.370329
3.433864 -2.200853 -65.397198 11.666920 0.095462 0.975901 -0.196224 0.089183 0.187947 0.978122 -0.991430 0.110873 0.069092
3.046522 -2.808853 -53.696260 29.866162 0.091029 0.987658 -0.127455 0.055025 0.122803 0.990905 -0.994327 0.097214 0.043167
3.455622 -2.011095 0.742987 21.007341 0.186714 0.968581 -0.164285 0.080153 0.151649 0.985179 -0.979139 0.197115 0.049319
3.354070 -1.308627 7.225988 25.163466 0.200025 0.957315 -0.208659 0.110418 0.189582 0.975637 -0.973549 0.218191 0.067783
-0.681072 -6.612207 21.077416 85.823143 -0.123758 0.601654 0.789111 0.548596 0.704131 -0.450823 -0.826877 0.377110 -0.417207
-0.187659 -8.283996 -2.719282 69.313252 -0.144277 0.575540 0.804946 0.435122 0.767492 -0.470770 -0.888737 0.282329 -0.361161
-0.555268 -6.624624 -49.437885 40.010917 -0.186845 0.541352 0.819772 0.456531 0.786736 -0.415483 -0.869867 0.296621 -0.394142
-0.895766 -5.628911 -18.323931 49.684337 -0.140814 0.622450 0.769888 0.597307 0.673578 -0.435335 -0.789554 0.398558 -0.466644
5.856231 -94.950084 30.650032 -4122.611889 -0.251985 0.907895 -0.335009 0.840748 0.033958 -0.540360 0.479214 0.417821 0.771868
3.995135 -77.832106 358.859083 -183.050634 -0.437621 0.829295 -0.347502 0.664689 0.038097 -0.746148 0.605538 0.557511 0.567895
5.651312 -76.805426 182.713824 1093.886084 -0.343500 0.885631 -0.312513 0.413709 -0.156042 -0.896937 0.843121 0.437388 0.312793
4.316987 -105.065297 -24.190574 -3850.793138 -0.161734 0.982993 -0.086987 0.535961 0.013484 -0.844135 0.828606 0.183148 0.529027
9.078892 -81.205205 -195.354975 -3366.430762 -0.048243 0.988060 -0.146325 0.848897 -0.036640 -0.527288 0.526353 0.149652 0.836993
2125.043139 -8502.779150 -94565.135993 -664408.765067 0.095369 0.982735 -0.158547 0.978234 -0.122011 -0.167842 0.184289 0.139090 0.972981
3.722460 -4.017334 -114.922409 -48.131106 0.166308 0.981772 0.092011 -0.795098 0.188704 -0.576377 0.583234 -0.022698 -0.811987
3.402924 -3.327471 -102.978119 -37.215253 0.205836 0.969010 0.136572 -0.748179 0.245788 -0.616292 0.630761 -0.024675 -0.775585
4.387305 -4.193016 9.717971 -43.451030 0.156520 0.969663 0.187761 -0.778839 0.238081 -0.580282 0.607381 0.055410 -0.792476
4.759516 -4.983216 15.583393 -43.085511 0.120987 0.979550 0.160761 -0.836013 0.187868 -0.515546 0.535205 0.072024 -0.841646
3.708622 -4.497318 62.342403 -37.632142 0.139393 0.951065 0.275764 -0.761666 0.280937 -0.583900 0.632799 0.128649 -0.763554
4.505776 -5.202660 109.829765 -42.258413 0.096852 0.963204 0.250715 -0.823287 0.219084 -0.523643 0.559302 0.155695 -0.814211
7.751297 -0.166913 -25.083956 -14.196733 0.032619 -0.012882 0.999385 -0.138038 0.990276 0.017270 -0.989890 -0.138517 0.030524
7.533838 -0.225849 377.869798 -10.977940 0.269942 0.018266 0.962703 -0.132134 0.991064 0.018247 -0.953767 -0.132132 0.269944
8.057320 0.107041 -25.711453 -10.975213 0.032596 -0.013169 0.999382 -0.134073 0.990818 0.017429 -0.990435 -0.134558 0.030531
7.348133 -0.211084 -403.424673 -5.576808 -0.202136 -0.051818 0.977986 -0.128432 0.991378 0.025983 -0.970900 -0.120352 -0.207049
8.375664 0.413551 -27.435639 -14.120379 0.031748 -0.008700 0.999458 -0.133549 0.990959 0.012868 -0.990534 -0.133885 0.030299
7.855975 0.082049 -443.670222 -2.619311 -0.219784 -0.042805 0.974609 -0.125598 0.991964 0.015243 -0.967430 -0.119059 -0.223394
-3.445108 -5.273429 6.514332 26.443550 -0.052245 0.778184 0.625860 0.083191 -0.621146 0.779267 -0.995163 -0.092779 0.032286
-3.635950 -5.191704 1.806674 35.751512 -0.014686 0.892106 0.451588 -0.011015 -0.451753 0.892075 -0.999831 -0.008127 -0.016461
-3.369552 -6.040092 -25.946673 26.616761 -0.112562 0.923710 0.366183 -0.063742 -0.374478 0.925042 -0.991598 -0.080783 -0.101031
-3.007297 -4.610400 64.464586 -1.492833 0.067256 0.486976 0.870822 -0.062874 0.873132 -0.483412 -0.995753 -0.022240 0.089342
-3.157039 -5.831703 -12.956628 16.575851 -0.116099 0.797510 0.592030 0.108717 -0.582275 0.805690 -0.987270 -0.157904 0.019101
-2.456553 -5.326384 55.732037 17.513587 0.014302 0.525443 0.850709 -0.207724 0.833795 -0.511504 -0.978083 -0.169397 0.121072
-2.414684 -4.859380 73.035147 -0.697534 0.065931 0.416713 0.906644 -0.146734 0.902792 -0.404271 -0.986976 -0.106382 0.120668
2.471828 -52.878602 -67.805790 4337.708606 0.170567 0.985147 0.019831 0.957980 -0.170506 0.230656 -0.230611 0.020344 0.972833
1.882135 -48.484142 -65.637256 4885.970669 0.088255 0.995498 0.034559 0.954862 -0.094430 0.281640 -0.283636 -0.008143 0.958897
6.822225 -326.208614 -193.357758 30231.788674 0.243506 0.968212 0.057194 0.899965 -0.247541 0.358868 -0.361618 0.035914 0.931634
1.122959 -11.517485 -33.226511 1061.729774 0.061463 0.997175 0.043178 0.967266 -0.070179 0.243866 -0.246207 -0.026775 0.968847
2.687491 -62.121202 -54.766521 3477.184723 0.177668 0.984036 0.010395 0.931407 -0.171557 0.321012 -0.317671 0.047351 0.947018
2.669590 -35.680065 -41.614017 1809.307947 0.169110 0.985202 -0.027915 0.953453 -0.156355 0.257838 -0.249658 0.070219 0.965785
1.896727 -11.623853 -32.780230 1035.463348 0.101853 0.994798 0.001496 0.960505 -0.098733 0.260159 -0.258953 0.025061 0.965565
-1.842649 -79.835692 96.262032 -2569.746547 0.927167 -0.287570 -0.240133 -0.002973 -0.646585 0.762836 0.374635 0.706563 0.600347
-6.039310 -220.929615 343.073948 -12419.315471 0.933991 -0.287765 -0.211783 0.218039 0.928620 -0.300206 0.283054 0.234213 0.930067
-0.339622 -175.207399 295.410768 -6740.517706 0.889909 -0.179505 -0.419334 0.094741 -0.826525 0.554870 0.446192 0.533512 0.718525
2.283114 -46.989515 -28.716640 1601.644017 0.180432 0.981249 -0.067784 0.872379 -0.127819 0.471823 -0.454312 0.144266 0.879084
5.741357 -301.978596 -148.449893 14313.816669 0.152041 0.987066 0.050827 0.699712 -0.143813 0.699801 -0.698059 0.070834 0.712528
-2.441508 -6.833084 18.504810 -29.998955 -0.197306 0.946015 0.257148 -0.427164 -0.319056 0.846011 -0.882384 -0.057079 -0.467055
-1.911255 -6.209497 -0.236985 -46.954261 -0.127305 0.975271 0.180667 -0.549357 -0.220989 0.805835 -0.825833 -0.003336 -0.563905
-2.438357 -6.334257 43.694823 -43.196161 -0.193112 0.948035 0.252858 -0.524624 -0.317543 0.789896 -0.829143 -0.019883 -0.558683
-4.129885 -4.246585 -54.199321 -125.657105 0.913278 0.378467 0.150618 -0.367257 0.925002 -0.097435 -0.176198 0.033670 0.983779
-3.809828 -6.086829 -174.767522 98.127653 0.477609 0.875865 0.068917 0.835873 -0.477154 0.271367 -0.270565 0.072001 0.960005
-2.491094 -4.815073 -194.142967 122.888899 0.457768 0.880814 0.120893 0.856653 -0.473364 0.205114 -0.237894 -0.009669 0.971243
-1.428579 -4.250538 -150.838006 191.139924 0.452313 0.883688 0.120453 0.872389 -0.466451 0.146156 -0.185342 -0.038973 0.981901
-2.154616 -3.595850 -116.489301 -79.024099 -0.397611 0.917031 -0.030988 0.906123 0.397748 0.144003 -0.144381 -0.029178 0.989092
-0.216223 -2.195525 35.557765 42.781086 -0.299321 0.860272 -0.412721 0.304206 -0.323939 -0.895836 0.904359 0.393694 0.164738
0.208041 -1.816417 29.312877 29.446655 -0.265268 0.829095 -0.492174 0.309578 -0.410194 -0.857848 0.913123 0.379926 0.147859
0.390165 -1.981091 30.445928 27.033051 -0.251863 0.818703 -0.516033 0.335478 -0.426298 -0.840074 0.907755 0.384702 0.167288
-0.362684 -2.110570 22.361876 47.086463 -0.326835 0.894659 -0.304573 0.251497 -0.228317 -0.940543 0.911004 0.384001 0.150382
-0.729197 -2.547582 12.633459 40.606063 -0.351622 0.915307 -0.196405 0.248295 -0.111102 -0.962292 0.902614 0.387129 0.188200
0.335360 -15.785868 -72.228929 -294.775532 -0.238571 -0.464249 0.852969 0.943674 0.096536 0.316482 -0.229269 0.880428 0.415069
2.572669 -15.906797 -137.791659 -197.957106 -0.337317 -0.463580 0.819336 0.922138 0.012411 0.386663 -0.189418 0.885968 0.423298
0.141444 -13.441510 -61.861528 -353.063395 -0.294367 -0.474514 0.829569 0.864686 0.237448 0.442648 -0.407022 0.847617 0.340408
-0.849614 -12.530237 -58.745435 -299.559304 -0.251650 -0.458583 0.852276 0.872637 0.273317 0.404725 -0.418541 0.845577 0.331396
-1.167391 -14.902446 -57.089729 -296.855064 -0.185025 -0.454672 0.871228 0.946481 0.156128 0.282485 -0.264461 0.876868 0.401451
3.719400 -4.385197 79.330017 85.545190 0.030826 0.571511 -0.820015 -0.060890 0.819955 0.569180 0.997668 0.032385 0.060075
3.390498 -3.221994 41.157415 81.800998 0.091874 0.520676 -0.848797 -0.098025 0.852991 0.512638 0.990934 0.036105 0.129407
2.178507 -3.004052 67.505035 46.629840 -0.005492 0.697248 -0.716809 -0.151838 0.707927 0.689772 0.988390 0.112627 0.101981
5.089218 -5.706379 39.474603 117.607359 0.122635 0.455220 -0.881893 0.010908 0.887929 0.459852 0.992392 -0.066014 0.103925
1.671604 -4.165020 76.391592 -45.358610 -0.041416 0.720673 -0.692037 0.109381 -0.685198 -0.720097 0.993137 0.105519 0.050450
3.456927 -5.413230 93.617715 71.681961 -0.015234 0.631302 -0.775388 -0.005270 0.775416 0.631429 0.999870 0.013706 -0.008486
5.789549 -6.494583 82.803574 103.247296 0.064374 0.536155 -0.841661 0.064414 0.839419 0.539654 0.995845 -0.088955 0.019501
1.130626 -14.051253 -2.737179 156.726816 -0.250557 -0.964641 0.081785 0.966746 -0.253781 -0.031584 0.051223 0.071151 0.996149
1.143140 -13.893576 -6.794848 240.643033 0.288923 0.953086 -0.090277 0.949109 -0.297507 -0.103354 0.125363 0.055821 0.990539
0.781578 -12.309462 -4.515544 271.769384 0.254619 0.964355 -0.072037 0.920129 -0.264514 -0.288781 0.297542 -0.007246 0.954681
0.882024 -12.734931 6.505712 218.279139 0.220368 0.973493 -0.061228 0.946683 -0.228579 -0.227031 0.235008 0.007933 0.971961
0.435722 -8.704321 -13.267874 153.709646 0.229436 0.972012 -0.050517 0.859198 -0.226647 -0.458705 0.457317 -0.061839 0.887151
0.580341 -9.662262 -9.761563 170.319197 0.214483 0.976164 -0.033170 0.880293 -0.207909 -0.426448 0.423180 -0.062267 0.903904
-0.211592 -19.122956 -20.218860 140.118797 0.138494 0.963410 -0.229481 -0.916340 0.212554 0.339327 -0.375687 -0.163288 -0.912248
-0.239488 -19.302540 -16.671902 -68.173145 0.165079 0.958474 -0.232545 0.972108 -0.197946 -0.125789 -0.166596 -0.205294 -0.964417
0.253114 -20.240103 -11.007615 121.470542 0.163268 0.959614 -0.229095 -0.917393 0.233096 0.322579 -0.362952 -0.157504 -0.918400
-0.871729 -18.379594 -25.368818 -59.423451 0.154991 0.962779 -0.221439 0.975256 -0.184881 -0.121226 -0.157653 -0.197171 -0.967610
0.354589 -19.885598 -12.388115 122.052208 0.137836 0.966281 -0.217493 -0.836487 0.231153 0.496847 -0.530368 -0.113447 -0.840143
-0.160863 -18.493279 -23.180176 122.760613 0.111133 0.969466 -0.218599 -0.830613 0.211379 0.515171 -0.545648 -0.124318 -0.828742
-0.927569 -18.105331 -30.078498 100.551317 0.127950 0.967405 -0.218531 -0.921119 0.197594 0.335404 -0.367652 -0.158378 -0.916378
4.472166 -6.309893 144.967455 -2.501853 0.039865 0.992733 -0.113542 0.858121 0.024200 0.512877 -0.511898 0.117879 0.850920
5.160515 -6.114516 34.948724 -10.936599 -0.001298 0.999909 -0.013437 0.848091 0.008220 0.529786 -0.529848 0.010708 0.848025
4.241145 -6.292572 118.260163 31.388471 0.020574 0.994784 -0.099903 0.809504 0.042069 0.585605 -0.586753 0.092920 0.804417
-3.310435 -18.991299 138.117290 -863.227124 0.970321 0.180528 -0.160894 -0.198502 0.974612 -0.103581 0.138109 0.132445 0.981521
2.280190 -54.410505 98.172277 3042.533555 0.916049 0.354653 -0.187286 0.388151 -0.901503 0.191392 0.100962 0.248020 0.963480
-1.154402 -127.428340 -2.305392 8968.371419 0.989404 0.065987 -0.129326 0.095320 -0.967120 0.235782 0.109515 0.245611 0.963162
0.639932 -16.791822 -19.073104 -113.492413 -0.107524 0.986960 -0.119788 0.960210 0.134328 0.244852 -0.257750 0.088694 0.962132
0.748002 -17.229728 21.462253 -23.303926 0.105486 -0.988285 0.110302 0.991882 0.112489 0.059305 -0.071018 0.103150 0.992127
0.547555 -17.204957 -6.688955 -154.244721 -0.102184 0.988585 -0.110716 0.950299 0.129915 0.282939 -0.294093 0.076301 0.952726
0.386502 -16.741059 -13.577145 -158.975364 -0.105797 0.987213 -0.119238 0.881393 0.148615 0.448397 -0.460384 0.057657 0.885845
0.482839 -16.879366 -13.963427 -200.086738 -0.113946 0.988056 -0.103739 0.857413 0.150548 0.492117 -0.501856 0.032872 0.864326
0.679052 -17.462298 17.524416 -176.011458 -0.099797 0.988758 -0.111345 0.937182 0.131000 0.323311 -0.334262 0.072085 0.939719
-0.632478 -20.516130 -30.102903 -190.113683 -0.309335 0.907673 -0.283622 -0.003067 0.297296 0.954780 -0.950948 -0.296217 0.089180
-0.342771 -18.698042 -12.406680 -25.742134 -0.304683 0.915528 -0.262635 -0.191937 0.211070 0.958441 -0.932914 -0.342430 -0.111414
-0.522079 -19.832175 -8.213770 -114.303110 -0.308614 0.910822 -0.274156 0.046669 0.302377 0.952045 -0.950042 -0.281020 0.135825
-0.166824 -7.752383 102.494334 1.673636 -0.179577 0.953666 -0.241397 0.919479 0.075478 -0.385826 0.349730 0.291245 0.890430
2.052042 -7.535562 192.407298 7.020307 -0.118917 0.954278 -0.274247 0.928567 0.009078 -0.371053 0.351598 0.298782 0.887191
0.132678 -7.531219 -136.569414 -5.242981 0.158795 -0.953930 0.254563 0.962324 0.091904 -0.255901 0.220717 0.285608 0.932584
1.643484 -7.399624 169.140737 13.524374 -0.121354 0.951629 -0.282269 0.874249 -0.032197 -0.484408 0.470065 0.305558 0.828054
-1.463891 -7.660060 -33.503019 -9.733010 0.236643 -0.951156 0.198250 0.948127 0.181492 -0.260990 0.212261 0.249728 0.944765
-1.451280 -8.068648 22.823844 -6.022415 -0.234887 0.954226 -0.185150 0.910464 0.149275 -0.385711 0.340417 0.259170 0.903851
-0.441170 -7.805317 82.579357 7.113264 -0.167340 0.955165 -0.244249 0.866930 0.024581 -0.497823 0.469499 0.295053 0.832174
23.902145 -66.697086 367.774764 3346.832184 -0.494034 0.750228 -0.439419 0.843725 0.535699 -0.033983 0.209901 -0.387538 -0.897639
1.672193 -10.744026 -12.500102 592.647165 -0.499264 0.794183 -0.346423 0.846956 0.531660 -0.001785 0.182762 -0.294296 -0.938077
72.195641 -90.966338 3862.206235 5346.062542 -0.574754 0.687913 -0.443208 0.781605 0.621899 -0.048327 0.242386 -0.374190 -0.895115
40.064820 -333.697979 -1544.000188 15325.276605 -0.558033 0.807143 -0.192664 0.829677 0.538409 -0.147482 -0.015306 -0.242149 -0.970118
2.604064 -47.238660 -305.405599 1085.424354 -0.240931 0.851340 -0.466017 0.871755 -0.021229 -0.489481 -0.426608 -0.524184 -0.737045
-90.983550 -987.912689 2757.554145 50710.496620 -0.521336 0.175764 -0.835054 0.821789 0.367085 -0.435789 0.229940 -0.913431 -0.335816
-6.393516 -250.721652 201.062432 14189.802759 0.089405 0.987103 0.132798 0.962786 -0.119795 0.242266 -0.255050 -0.106196 0.961078
-1.169169 -771.136195 -224.718647 4377.935791 -0.003867 0.965350 0.260929 0.869815 -0.125488 0.477153 -0.493364 -0.228805 0.839190
-4.218098 -1664.976302 2329.570021 -39025.006357 0.184559 0.955862 0.228616 0.551173 0.091927 -0.829312 0.813724 -0.279064 0.509879
-75.608686 -100003.672906 -103297.821160 -26756583.576464 0.153702 0.946502 0.283743 0.750853 0.074792 -0.656221 0.642336 -0.313912 0.699188
62.910305 -930.960613 11791.890675 -3071.874347 0.372787 0.920106 0.120143 0.467547 -0.074415 -0.880830 0.801517 -0.384535 0.457934
-964.336999 -22618.650889 -31471.958177 -200899.466096 0.318557 0.941168 0.112801 -0.645731 0.302583 -0.701053 0.693940 -0.150486 -0.704132
-0.217650 -3.048857 -33.135299 -8.435377 -0.103044 0.437452 0.893318 0.099741 0.898117 -0.428296 -0.989663 0.044967 -0.136177
-0.420182 -2.918128 -11.836228 21.407393 -0.087104 0.577997 0.811377 0.080178 0.815898 -0.572610 -0.992967 0.015178 -0.117411
-1.229809 -3.762583 -48.496806 42.332329 -0.086193 0.639577 0.763880 0.110082 0.768152 -0.630733 -0.990178 0.029724 -0.136615
0.881271 -2.387515 -83.924239 -22.518559 -0.113003 0.280993 0.953034 0.063371 0.959263 -0.275316 -0.991572 0.029283 -0.126207
-1.340892 -3.698387 -61.883978 18.402204 -0.093362 0.537085 0.838346 0.146491 0.840270 -0.522003 -0.984796 0.074075 -0.157128
1.324193 -2.614711 -106.402352 -30.745371 -0.124424 0.215491 0.968546 0.085300 0.974841 -0.205934 -0.988556 0.056994 -0.139676
-0.129525 -3.070380 -44.391560 -26.852052 -0.112414 0.335374 0.935354 0.124642 0.938645 -0.321574 -0.985813 0.080435 -0.147318
8.237277 0.348079 -465.727889 -7.199478 -0.228039 -0.029583 0.973202 -0.124593 0.992207 0.000966 -0.965647 -0.121034 -0.229948
8.468144 0.544693 -481.530828 -0.416007 -0.232724 -0.009733 0.972494 -0.106718 0.994167 -0.015588 -0.966670 -0.107410 -0.232405
3.011224 0.218058 -432.353730 -16.200811 -0.244882 -0.113205 0.962921 -0.139827 0.986901 0.080465 -0.959417 -0.114938 -0.257504
-0.479027 -7.695931 -12.783639 -15.880944 0.054995 0.966286 -0.251531 0.998481 -0.054033 0.010732 -0.003220 -0.251739 -0.967790
-0.758852 -7.499272 -11.932606 -26.703135 0.076508 0.968979 -0.235003 0.996619 -0.067242 0.047203 0.029937 -0.237820 -0.970848
-0.325155 -7.558909 -14.646297 -11.179552 0.067257 0.963868 -0.257748 0.987552 -0.027496 0.154870 0.142187 -0.264956 -0.953720
3.503903 -6.760739 186.291940 30.847991 -0.065721 0.951989 -0.298996 0.813231 -0.122534 -0.568895 0.578219 0.280541 0.766133
5.232164 -6.448825 115.726701 39.354280 -0.015320 0.969800 -0.243419 0.819195 -0.127413 -0.559183 0.573310 0.207974 0.792504
3.999792 -7.118891 192.452595 19.583585 -0.071680 0.959808 -0.271350 0.881365 -0.066416 -0.467744 0.466966 0.272686 0.841181
4.792535 -5.853710 150.145924 51.409609 -0.011085 0.957706 -0.287535 0.747688 -0.182996 -0.638338 0.663958 0.222063 0.714037
1.236742 -7.137522 151.293870 27.041465 -0.100106 0.947378 -0.304061 0.805180 -0.102394 -0.584124 0.584520 0.303298 0.752560
3.160825 -6.169080 185.923928 47.547109 -0.037557 0.940402 -0.337984 0.736051 -0.202727 -0.645856 0.675883 0.273029 0.684571
-227.048660 -736.648952 -15073.164580 59831.520315 0.873091 -0.240547 0.424087 -0.385645 0.191483 0.902559 0.298313 0.951563 -0.074417
-27.538322 -598.678649 -5320.517570 44798.876310 0.923381 -0.277126 0.265646 0.049138 0.771628 0.634173 0.380726 0.572531 -0.726124
-18.669809 -99.402165 -2074.408469 5703.905656 0.668790 -0.255211 0.698275 -0.660645 0.226766 0.715629 0.340981 0.939917 0.016945
284.965060 -140.487083 12666.409292 -7235.594532 0.244819 -0.045246 0.968513 0.910596 -0.332331 -0.245704 0.332984 0.942077 -0.040160
7.237866 -37.575757 431.916320 1468.780983 0.684573 -0.246875 -0.685866 -0.300181 0.761945 -0.573874 0.664268 0.598743 0.447499
2.320736 -31.922898 -27.644325 351.829386 0.855550 -0.516627 -0.033613 0.216024 0.297231 0.930047 0.470497 0.802964 -0.365899
2.088864 -32.807126 -37.216820 997.318583 0.849507 -0.526666 -0.030977 0.001427 -0.056422 0.998406 0.527575 0.848198 0.047179
1.907258 -35.450173 88.475738 1091.037983 0.816124 -0.575994 -0.046615 0.142295 0.122123 0.982262 0.560084 0.808280 -0.181629
-1.421089 -829.487646 -1154.578839 46639.977150 0.979647 -0.011972 0.200370 0.192938 -0.219219 -0.956409 -0.055375 -0.975602 0.212448
0.189384 -72.874737 100.040582 3142.567343 0.985334 -0.038997 0.166120 0.127191 -0.481123 -0.867377 -0.113750 -0.875785 0.469106
0.229585 -108.821898 -37.731324 4983.691841 0.961888 -0.029941 0.271799 0.251298 -0.295065 -0.921838 -0.107799 -0.955008 0.276295
-8.632044 -11.069203 43.393887 93.967837 -0.031419 0.987857 0.152155 -0.314839 0.134699 -0.939539 0.948625 0.077423 -0.306784
-7.846393 -12.872709 -11.942099 193.638838 0.135157 0.909195 0.393823 -0.272295 0.416249 -0.867521 0.952674 -0.010016 -0.303829
-6.924347 -9.430215 2.736699 111.772299 -0.314316 0.896785 -0.311419 -0.343589 -0.413271 -0.843299 0.884959 0.158063 -0.438023
-8.727223 -10.888784 44.762963 -44.830230 0.098514 0.991036 0.090232 0.097479 0.080627 -0.991966 0.990350 -0.106518 0.088662
8.149654 -9.834393 -44.479308 3.834762 0.382210 0.907710 0.173142 -0.321055 -0.045254 0.945979 -0.866510 0.417151 -0.274128
0.818477 -1.898942 57.372624 -55.155977 0.077054 0.994675 0.068444 -0.714821 0.102970 -0.691685 0.695049 -0.004372 -0.718949
0.893967 -1.507315 51.440831 -5.761122 0.033449 0.999181 0.022792 -0.713230 0.039839 -0.699797 0.700131 -0.007151 -0.713978
-3.011184 -7.403798 63.025470 -22.473616 0.058328 0.992687 0.105689 -0.921975 0.012967 0.387032 -0.382832 0.120017 -0.915989
-3.095176 -7.104183 76.179193 -24.992053 0.078017 0.992226 0.096963 -0.964504 0.050508 0.259194 -0.252282 0.113743 -0.960946
-3.314180 -7.468304 -13.370940 -20.193759 0.031259 0.998342 0.048327 -0.924596 0.010516 0.380804 -0.379665 0.056587 -0.923392
-3.108672 -7.723930 -25.705537 -9.728305 0.019265 0.998212 0.056582 -0.861830 -0.012109 0.507053 -0.506831 0.058533 -0.860056
-3.045272 -7.639325 43.385593 -10.614243 0.022010 0.991297 0.129795 -0.860198 -0.047384 0.507754 -0.509485 0.122825 -0.851668
2.167887 -11.599309 12.947200 144.537089 0.112233 0.992284 0.052698 -0.697230 0.040853 0.715683 -0.708007 0.117065 -0.696435
1.514868 -13.473850 9.468498 324.582527 0.159125 0.987039 0.020796 -0.765208 0.109999 0.634316 -0.623807 0.116849 -0.772794
1.374508 -14.603551 -15.993721 298.087696 0.216844 0.976195 0.004749 -0.795542 0.173891 0.580410 -0.565767 0.129636 -0.814311
-1.094370 -12.952270 -17.416679 -0.532531 0.161765 0.979553 -0.119615 -0.976116 0.141017 -0.165261 0.145014 -0.143492 -0.978969
-1.182097 -13.872067 -15.773448 102.625417 0.199363 0.976728 -0.079102 -0.915756 0.156969 -0.369800 0.348778 -0.146162 -0.925738
-0.892774 -14.160447 -11.187604 131.638199 0.189171 0.976123 -0.106765 -0.922025 0.139174 -0.361249 0.337765 -0.166777 -0.926337
-1.616825 -13.180268 22.089593 -32.566462 0.328574 0.943936 0.031997 -0.027381 -0.024343 0.999329 -0.944081 0.329229 -0.017847
-1.876157 -13.139964 23.189206 34.958028 0.321321 0.945588 0.051138 -0.192000 0.012173 0.981319 -0.927302 0.325137 -0.185464
-2.032154 -12.775489 13.164508 1.976918 0.277919 0.960601 -0.002773 -0.016308 0.007604 0.999838 -0.960466 0.277828 -0.017779
-1.577467 -13.055383 19.701157 -24.188051 0.311641 0.950103 -0.013564 0.153599 -0.036284 0.987467 -0.937703 0.309818 0.157243
-2.268474 -12.586120 -0.565746 30.085543 0.208271 0.977582 -0.030916 -0.019748 0.035805 0.999164 -0.977872 0.207486 -0.026762
-1.987047 -12.539145 9.642155 -0.943996 0.252575 0.966809 -0.038543 0.160100 -0.002473 0.987098 -0.954240 0.255487 0.155410
0.326172 -9.351049 11.903051 6.319950 -0.053360 0.987131 0.150749 0.674939 -0.075607 0.733989 -0.735941 -0.140912 0.662219
0.058841 -9.242941 3.841645 9.596896 -0.044385 0.984494 0.169709 0.812091 -0.063382 0.580078 -0.581840 -0.163566 0.796686
0.987653 -9.108991 25.179801 -0.805347 -0.103381 0.987291 0.120701 0.695667 -0.014960 0.718208 -0.710886 -0.158216 0.685280
2.917798 -10.949556 1.131850 -136.486486 0.412879 0.909296 0.052070 0.569376 -0.213067 -0.793986 0.710874 -0.357467 0.605702
1.975413 -8.778087 -18.476303 -40.714691 0.467198 0.882778 0.049281 0.595011 -0.272695 -0.756042 0.653979 -0.382544 0.652665
2.359372 -9.982570 -31.287438 22.536892 0.406249 0.910059 0.082179 0.687974 -0.245437 -0.682974 0.601377 -0.333995 0.725805
2.855172 -12.176763 -10.261881 -235.749326 0.470299 0.880806 0.054770 0.501311 -0.215563 -0.837986 0.726296 -0.421561 0.542937
2.690890 -9.995643 -8.469224 7.101509 0.374328 0.926591 0.036154 0.678354 -0.247045 -0.691957 0.632229 -0.283544 0.721033
2.731671 -10.605663 3.593297 -131.526293 0.360532 0.931879 0.040221 0.585450 -0.192513 -0.787520 0.726130 -0.307473 0.614975
3.565611 -14.804779 34.109457 -285.078129 0.369449 0.927230 0.061257 0.455782 -0.123368 -0.881500 0.809796 -0.353589 0.468193
3.567873 -16.535860 9.823478 -348.398951 0.431180 0.899342 0.072580 0.432655 -0.135500 -0.891319 0.791766 -0.415721 0.447530
-0.143349 -7.171560 -4.092104 -4.913370 -0.056536 0.993562 -0.098173 -0.892131 -0.006129 0.451736 -0.448226 -0.113122 -0.886734
-0.142267 -7.135031 -5.617463 -12.016616 -0.027861 0.992903 -0.115616 -0.902180 0.024830 0.430644 -0.430459 -0.116304 -0.895086
0.762614 -11.164910 11.171543 12.329414 0.000220 0.996993 0.077495 0.968150 -0.019615 0.249602 -0.250371 -0.074972 0.965243
0.327600 -11.914253 12.003972 45.490658 0.057223 0.995902 0.070034 0.990894 -0.065219 0.117798 -0.121883 -0.062656 0.990565
0.532134 -10.837978 -15.196189 63.433338 -0.037925 -0.996108 -0.079569 0.997003 -0.043091 0.064253 -0.067432 -0.076894 0.994756
-0.465885 -24.026988 13.135453 -103.346193 0.048072 0.968381 0.244799 0.631937 -0.219284 0.743350 -0.773527 -0.118963 0.622498
-0.614637 -25.189384 4.142899 159.915301 0.041898 0.964681 0.260066 0.873659 -0.161657 0.458897 -0.484731 -0.207982 0.849576
-0.050959 -18.112158 1.665126 -359.184696 0.073884 0.992474 0.097657 -0.590936 -0.035311 0.805945 -0.803328 0.117256 -0.583879
2.465993 -3.056778 -77.510536 4.236087 0.022168 0.990469 -0.135941 0.058146 0.134467 0.989211 -0.998062 0.029833 0.054611
2.158276 -3.520495 -78.195015 32.811405 0.020850 0.997383 -0.069225 0.012390 0.068977 0.997541 -0.999706 0.021656 0.010920
2.867942 -3.358314 -59.495351 42.935497 0.083135 0.994064 -0.070177 -0.003617 0.070721 0.997490 -0.996532 0.082673 -0.009475
-2.074740 -12.447039 -67.676498 -60.981720 -0.041329 0.944334 0.326381 -0.413775 -0.313508 0.854695 -0.909441 0.099724 -0.403699
-0.759223 -12.962809 -107.854760 -10.074793 -0.050469 0.964638 0.258700 -0.313186 -0.261250 0.913051 -0.948350 0.034941 -0.315296
-0.436352 -11.831670 -9.649402 87.846897 -0.064202 0.879974 0.470663 -0.154572 -0.474713 0.866461 -0.985893 0.017123 -0.166497
-1.659049 -11.848474 36.215604 10.712134 -0.052474 0.865024 0.498979 -0.265046 -0.493811 0.828192 -0.962807 0.088794 -0.255184
-3.974221 -11.376409 -43.121179 -107.546724 0.014297 0.955471 0.294739 -0.564650 -0.235555 0.791002 -0.825207 0.177733 -0.536138
-3.121707 -12.107655 -103.297600 -132.116617 -0.009210 0.976015 0.217508 -0.599852 -0.179427 0.779733 -0.800058 0.123291 -0.587117
-1.964582 -12.427972 -109.297795 -113.467014 0.000223 0.988550 0.150896 -0.591667 -0.121519 0.796971 -0.806182 0.089458 -0.584865
24.295084 -424.062004 -570.954632 -29585.647807 0.503864 -0.795411 0.336811 0.790675 0.267717 -0.550600 0.347783 0.543736 0.763805
1.198374 -80.384096 393.089946 1429.894923 -0.458871 0.828812 -0.320170 0.378002 -0.144005 -0.914537 0.804085 0.540679 0.247212
-5.724874 -6.773902 55.776189 105.261393 -0.329607 0.610168 -0.720454 0.064375 0.775846 0.627630 0.941921 0.160492 -0.295003
-5.138363 -7.803813 96.639997 -107.111456 -0.400766 0.705776 -0.584180 -0.193628 -0.688471 -0.698939 0.895486 0.166997 -0.412574
-4.791075 -6.338987 107.600804 -72.454299 -0.361644 0.817911 -0.447477 -0.173193 -0.530545 -0.829775 0.916089 0.222583 -0.333524
-6.232551 -8.346306 34.569281 150.722938 -0.352025 0.454980 -0.817968 0.078934 0.885224 0.458419 0.932656 0.096809 -0.347535
7.087648 -0.444996 332.891616 -8.284710 0.250557 0.033289 0.967529 -0.130196 0.991488 -0.000397 -0.959307 -0.125869 0.252758
-3.453629 -6.024237 -9.221856 25.633054 -0.034544 0.971716 0.233614 -0.140295 -0.236154 0.961535 -0.989507 -0.000440 -0.144485
-3.082794 -6.518471 -30.882182 19.131729 -0.171330 0.897064 0.407336 -0.040736 -0.419546 0.906819 -0.984371 -0.138772 -0.108423
-2.807746 -6.305807 -10.438996 6.279505 -0.150958 0.773968 0.614968 0.162883 -0.594120 0.787712 -0.975028 -0.219080 0.036379
-2.047113 -5.784956 43.228802 25.183768 -0.024895 0.574460 0.818154 -0.271228 0.783829 -0.558612 -0.962193 -0.235812 0.136296
-1.609969 -6.059042 46.736509 19.750308 -0.044700 0.566158 0.823084 -0.341240 0.765698 -0.545217 -0.938913 -0.305240 0.158969
-2.755415 -6.720470 8.994270 0.410122 -0.184042 0.750214 0.635065 0.222524 -0.597525 0.770355 -0.957398 -0.283095 0.056971
1.176858 -76.179078 -30.521761 5961.138071 0.121310 0.992575 0.008893 0.856503 -0.109199 0.504458 -0.501684 0.053579 0.863390
-2.943963 -156.805944 -156.160629 -7035.282161 0.968578 -0.143407 -0.203202 -0.010941 -0.840803 0.541231 0.248469 0.522001 0.815952
-1.881196 -63.613337 -22.939449 -2431.779335 0.942573 -0.272273 -0.193453 0.018385 -0.536024 0.844002 0.333495 0.799090 0.500236
-1.109483 -61.581508 -95.429811 -1350.160981 0.958219 -0.271395 -0.090340 -0.116277 -0.658149 0.743855 0.261335 0.702271 0.662208
-6.080363 -99.037816 -102.482396 -72.020296 0.965529 -0.234888 -0.112166 -0.212118 -0.959774 0.183959 0.150863 0.153825 0.976513
-8.605839 -183.937869 94.027116 -6541.914251 0.935255 -0.329589 -0.129108 0.292780 0.925270 -0.241155 0.198942 0.187741 0.961860
-4.096804 -147.139696 -214.709947 -6842.826950 0.982501 -0.154890 -0.103444 -0.103794 -0.916460 0.386429 0.154656 0.368930 0.916500
-1.468432 -6.122804 241.603425 -77.485699 -0.356930 -0.922910 -0.144353 0.916437 -0.316028 -0.245499 0.180954 -0.219917 0.958589
-4.195302 -6.984692 364.970565 -27.864874 -0.623671 -0.779594 -0.057162 0.753014 -0.579562 -0.311572 0.209771 -0.237363 0.948502
-4.745881 -6.163327 -34.233410 489.745813 0.988362 0.116860 -0.097388 0.095999 -0.975772 -0.196604 0.118004 -0.184967 0.975634
-5.748002 -6.435985 -107.288828 27.705484 0.417510 0.908627 0.009064 0.833455 -0.386905 0.394534 -0.361991 0.157168 0.918837
-5.837236 -6.408901 4.580519 -59.457659 0.904150 0.366311 0.219837 -0.306710 0.914788 -0.262854 -0.297390 0.170233 0.939457
1.143621 -6.596479 -197.981554 260.746831 0.693266 -0.694823 0.191319 0.664495 0.719045 0.203520 -0.278977 -0.013963 0.960196
2.598724 -4.494961 -181.924657 179.695551 0.826620 -0.514124 0.228857 0.487833 0.857381 0.164064 -0.280567 -0.023974 0.959535
0.830105 -21.829792 149.396467 1220.589681 -0.500924 0.855132 -0.133513 0.852872 0.513958 0.091961 -0.147259 0.067804 0.986771
0.555372 -1.843781 5.568760 7.217321 -0.235358 0.819065 -0.523201 0.319640 -0.443145 -0.837527 0.917843 0.364355 0.157508
0.059675 -1.829519 28.936171 4.788360 -0.287200 0.852753 -0.436267 0.279477 -0.361038 -0.889688 0.916192 0.377445 0.134635
0.464671 -1.811276 12.738306 -5.603617 -0.241653 0.813893 -0.528377 0.304684 -0.453335 -0.837648 0.921288 0.363408 0.138430
2.051417 -14.295898 -108.290357 -340.290319 -0.373458 -0.489139 0.788208 0.845844 0.169322 0.505843 -0.380888 0.855613 0.350501
5.295122 -15.980039 -206.239112 -80.236979 -0.442980 -0.494801 0.747623 0.880374 -0.082475 0.467054 -0.169439 0.865084 0.472145
6.553531 -16.774826 -290.543715 185.316378 -0.394740 -0.440668 0.806221 0.914738 -0.270836 0.299837 0.086225 0.855839 0.510005
2.112765 -2.009598 29.113507 30.449233 0.048014 0.699901 -0.712625 -0.173028 0.708489 0.684181 0.983746 0.090454 0.155120
2.194159 -1.829503 -35.101784 52.584545 0.195013 0.525154 -0.828362 -0.121139 0.851007 0.510991 0.973291 0.000697 0.229574
3.634214 -4.058845 -39.265758 101.032197 0.220901 0.387697 -0.894927 -0.036196 0.920221 0.389721 0.974624 -0.053697 0.217311
0.170420 -19.881955 -9.018614 -41.211984 0.184770 0.954879 -0.232520 0.969899 -0.215354 -0.113662 -0.158607 -0.204519 -0.965927
-0.234911 -18.710461 -13.722410 89.503291 0.184382 0.955604 -0.229836 0.979987 -0.160895 0.117213 0.075029 -0.246848 -0.966145
-0.786621 -18.089958 -22.320993 76.137557 0.178696 0.958745 -0.221080 0.980266 -0.154178 0.123721 0.084531 -0.238826 -0.967376
5.406569 -6.351407 47.077576 -44.130814 0.017300 0.999360 -0.031296 0.896957 -0.001682 0.442115 -0.441779 0.035720 0.896412
5.313419 -6.368230 -76.652626 -37.910759 -0.026878 0.997012 0.072416 0.892377 -0.008716 0.451207 -0.450490 -0.076750 0.889476
5.167644 -6.118618 -87.498050 -13.652576 -0.045146 0.994957 0.089566 0.841561 -0.010431 0.540061 -0.538272 -0.099757 0.836846
0.986242 -8.523699 349.919387 405.846724 0.681391 0.706056 -0.192849 0.714830 -0.698570 -0.031895 0.157238 0.116121 0.980710
39.902748 -6.723749 -2643.186791 74.105998 -0.055313 -0.985712 0.159099 0.992265 -0.072003 -0.101127 0.111137 0.152275 0.982070
1.078493 -17.253632 29.509538 -23.146233 0.111893 -0.984657 0.133908 0.992200 0.118153 0.039729 -0.054941 0.128418 0.990197
0.929084 -17.043977 39.510514 55.457323 0.092971 -0.986906 0.131804 0.986274 0.073141 -0.148036 0.136458 0.143758 0.980160
0.510060 -16.963006 -6.189598 169.130816 -0.105527 0.985968 -0.129352 0.980788 0.081735 -0.177129 0.164071 0.145559 0.975650
0.688338 -10.153965 -37.842390 15.683995 -0.178082 0.983429 -0.033967 -0.089133 0.018256 0.995852 -0.979970 -0.180371 -0.084405
0.764335 -10.755074 -28.153045 106.370023 -0.162417 0.985945 -0.039152 -0.210908 0.004073 0.977497 -0.963918 -0.167020 -0.207282
1.160777 -10.539752 -19.987167 136.235450 -0.137198 0.990164 -0.027418 -0.155553 0.005800 0.987811 -0.978254 -0.139791 -0.153227
-1.274078 -14.538819 15.547148 74.039370 0.288326 0.957493 -0.008686 -0.746303 0.230396 0.624459 -0.599917 0.173566 -0.781009
-0.616681 -14.476357 26.069696 84.422875 0.341770 0.939668 -0.014768 -0.753042 0.283226 0.593895 -0.562247 0.191854 -0.804407
-0.972809 -15.364952 18.268677 47.412379 0.293560 0.955829 -0.014632 -0.840446 0.265356 0.472480 -0.455492 0.126404 -0.881220
-1.441560 -13.988323 17.374224 75.648640 0.298784 0.954299 -0.006423 -0.645185 0.206952 0.735464 -0.703182 0.215601 -0.677534
-1.653147 -14.866724 11.976562 46.824599 0.240412 0.970475 -0.019515 -0.761490 0.201032 0.616214 -0.601943 0.133284 -0.787337
-1.776515 -13.877102 10.268376 49.293124 0.239314 0.970874 -0.011497 -0.645016 0.167820 0.745514 -0.725729 0.170996 -0.666391
