14676
29340
-10.861036 -14.044049 62.311522 478.206706 -0.738821 -0.103322 0.665934 0.181518 0.921144 0.344305 -0.648996 0.375259 -0.661805
-10.264245 -14.692750 -189.665306 294.553062 -0.763042 -0.503665 0.405078 -0.249739 0.807788 0.533956 -0.596152 0.306267 -0.742161
-12.501326 -17.570560 -78.059524 556.448895 -0.768982 0.015636 0.639079 0.171550 0.968080 0.182736 -0.615823 0.250155 -0.747118
-9.358576 -12.454591 99.917653 215.058708 0.687752 0.701288 -0.187597 -0.412422 0.590116 0.694025 -0.597415 0.399948 -0.695080
-7.850988 -19.220329 393.739372 803.230191 -0.638425 0.090968 0.764289 0.280783 0.952085 0.121223 -0.716641 0.291991 -0.633377
-8.064041 -13.240473 340.579892 645.882021 -0.638177 -0.003994 0.769880 0.338032 0.896990 0.284859 -0.691712 0.442034 -0.571088
-8.252298 -10.597449 116.212771 230.140499 0.667223 0.724843 -0.171511 -0.360389 0.515666 0.777308 -0.651869 0.456827 -0.605290
-16.169001 -18.841157 -304.841836 -554.155643 0.095265 0.938019 -0.333234 -0.852595 0.249675 0.459068 -0.513815 -0.240381 -0.823536
-15.051953 -15.786876 -682.132805 200.242221 0.120025 0.893806 -0.432093 -0.715097 0.379744 0.586882 -0.688644 -0.238548 -0.684737
-16.424786 -21.429733 -18.079193 658.108905 -0.722532 0.471905 0.505226 0.360746 0.880769 -0.306771 -0.589754 -0.039394 -0.806622
-15.647036 -18.431171 -692.084352 -18.731919 -0.851020 -0.196083 0.487150 -0.227030 0.973877 -0.004610 -0.473521 -0.114521 -0.873306
-15.626804 -17.468088 -618.765405 -215.166978 -0.744742 -0.444924 0.497395 -0.541826 0.838241 -0.061455 -0.389594 -0.315269 -0.865345
1.044904 -10.275699 932.870540 153.907732 0.156608 0.031720 0.987151 0.457206 0.883615 -0.100927 -0.875463 0.467138 0.123879
-2.927041 -10.629619 1121.865859 183.605402 0.190209 0.076694 0.978743 0.390129 0.908943 -0.147043 -0.900899 0.409805 0.142968
4.123862 -13.812046 826.334430 358.318073 0.143870 0.105450 0.983962 0.343750 0.927066 -0.149614 -0.927975 0.359762 0.097129
-1.477769 -7.461615 234.747745 -105.026156 0.708815 0.261039 -0.655317 0.470750 0.516816 0.715049 -0.525334 0.815328 -0.243443
-1.515818 -8.390151 98.844629 -68.587985 0.693658 0.267623 -0.668743 0.528332 0.442015 0.724905 -0.489596 0.856154 -0.165213
-0.353544 -8.020434 231.723396 -96.515502 0.689881 0.227498 -0.687247 0.527083 0.492901 0.692266 -0.496234 0.839818 -0.220133
-2.054815 -7.523803 10.218161 -97.871105 0.696077 0.301227 -0.651720 0.468458 0.497333 0.730211 -0.544081 0.813586 -0.205070
0.167493 -6.487452 195.046935 -132.385047 0.695258 0.241582 -0.676945 0.460569 0.573319 0.677629 -0.551809 0.782907 -0.287339
-0.911825 -6.530065 100.891557 -140.074155 0.701368 0.279427 -0.655747 0.433138 0.563559 0.703415 -0.566105 0.777381 -0.274232
-5.473340 -33.576351 5.308323 1125.430416 0.739012 0.128790 -0.661268 -0.654304 -0.096580 -0.750039 0.160463 -0.986958 -0.012894
-5.920076 -26.325136 -33.166637 1109.021233 0.721849 0.123614 -0.680921 -0.691823 0.154111 -0.705429 -0.017737 -0.980290 -0.196764
-6.302606 -29.781793 29.137623 1514.435517 0.731250 0.201315 -0.651725 -0.676663 0.093595 -0.730320 0.086026 -0.975045 -0.204664
-5.398992 -37.777599 -18.814715 1332.742722 0.743241 0.180195 -0.644300 -0.613153 -0.201809 -0.763751 0.267650 -0.962706 0.039506
-4.991294 -38.770774 29.604476 405.529962 0.744454 0.136164 -0.653642 -0.549178 -0.431901 -0.715448 0.379727 -0.891583 0.246752
-1.506479 -12.800077 264.730474 124.992463 0.583579 -0.641488 -0.497923 0.784832 0.602983 0.143004 0.208504 -0.474240 0.855349
3.344937 -11.373353 548.291201 110.809164 0.398900 -0.740888 -0.540337 0.883364 0.468590 0.009625 0.246065 -0.481153 0.841394
-2.250433 -12.012110 193.955805 140.830624 0.607736 -0.625200 -0.489676 0.732845 0.679065 0.042529 0.305932 -0.384703 0.870867
5.223767 -11.780193 750.250895 -6.564500 0.399434 -0.713869 -0.575190 0.909485 0.387460 0.150704 0.115281 -0.583323 0.804018
-2.170015 -12.645262 149.020011 8.219065 0.691135 -0.574503 -0.438497 0.713454 0.639218 0.287026 0.115398 -0.511221 0.851667
1.009750 -10.612425 -80.096509 187.832118 0.688972 -0.020822 -0.724488 -0.581178 0.581395 -0.569396 -0.433070 -0.813355 -0.388464
0.827905 -9.945060 -76.090490 166.847096 0.686322 -0.025463 -0.726852 -0.544161 0.645094 -0.536416 -0.482547 -0.763679 -0.428886
0.300668 -11.003462 -27.991997 132.406346 0.674698 0.003482 -0.738086 -0.612154 0.561333 -0.556932 -0.412373 -0.827583 -0.380862
-0.351435 -11.969140 -9.513034 -81.868664 0.657257 0.022922 -0.753318 0.666806 -0.483538 0.567063 -0.351259 -0.875023 -0.333093
-0.029474 -12.111135 -11.408577 100.238831 0.667913 0.016859 -0.744049 -0.663550 0.466235 -0.585087 -0.337037 -0.884500 -0.322591
0.561256 -11.773624 -66.408766 123.934905 0.674103 -0.003941 -0.738627 -0.642381 0.490474 -0.588882 -0.364598 -0.871447 -0.328098
-0.041470 -10.925193 6.616823 87.064200 0.655781 0.021975 -0.754631 -0.619230 0.587455 -0.521010 -0.431862 -0.808959 -0.398849
-2.516534 -13.776436 -171.082649 595.507023 0.276523 0.161982 -0.947257 0.771247 -0.625468 0.118187 -0.573335 -0.763251 -0.297885
-4.756494 -21.030757 -170.075503 1023.883239 0.347659 0.101879 -0.932070 0.685289 -0.706075 0.178433 -0.639932 -0.700770 -0.315290
-3.655040 -12.777003 -49.098688 634.190439 0.373668 0.149991 -0.915355 0.774804 -0.593013 0.219121 -0.509952 -0.791099 -0.337804
-2.194592 -28.481747 -88.298960 -85.265667 0.696416 0.044981 -0.716227 0.703824 -0.237689 0.669429 -0.140128 -0.970299 -0.197189
-2.713035 -27.852767 -25.044829 -222.917295 0.676866 0.083929 -0.731306 0.705250 -0.358568 0.611598 -0.210892 -0.929723 -0.301893
-3.475895 -28.301112 0.301884 -35.724506 0.688180 0.106979 -0.717609 0.725360 -0.079444 0.683770 0.016140 -0.991082 -0.132270
-3.497634 -27.445532 -49.396970 -181.530461 0.668205 0.108489 -0.736025 0.729215 -0.291609 0.619040 -0.147472 -0.950365 -0.273966
-2.596136 -27.817714 -126.096892 -56.725769 0.712867 0.033214 -0.700512 -0.700369 -0.017700 -0.713561 0.036099 -0.999292 -0.010644
-1.560234 -28.190967 -91.083764 154.575272 0.696649 0.034055 -0.716603 -0.672300 0.379610 -0.635539 -0.250386 -0.924520 -0.287350
-1.258489 -23.712105 -71.269404 528.717693 0.680141 0.029618 -0.732483 -0.590512 0.614219 -0.523479 -0.434401 -0.788579 -0.435246
-1.698282 -25.905418 -46.151611 232.874566 0.682390 0.060701 -0.728464 -0.658873 0.482681 -0.576980 -0.316593 -0.873690 -0.369371
-0.200777 -10.813350 118.988170 71.772152 0.819666 0.160915 -0.549776 0.560980 -0.419775 0.713506 0.115968 0.893250 0.434345
-0.203761 -10.417748 64.293430 105.903689 0.802072 0.178423 -0.569953 0.590818 -0.376494 0.713573 0.087266 0.909075 0.407391
-0.389947 -9.800605 80.538406 51.750060 0.808506 0.174821 -0.561921 0.586944 -0.308659 0.748483 0.042591 0.934969 0.352163
-1.321238 -33.785283 24.138644 -1137.724123 0.634974 0.052411 -0.770753 -0.489544 0.799106 -0.348965 -0.597624 -0.598902 -0.533069
-1.693814 -35.827823 -45.108080 -908.178365 -0.642046 -0.049489 0.765067 -0.375264 0.890485 -0.257320 -0.668546 -0.452313 -0.590304
-0.732320 -29.446003 43.321415 -1008.923267 0.660734 0.052908 -0.748753 -0.536437 0.731017 -0.421722 -0.525039 -0.680305 -0.511390
-0.745276 -25.863732 34.997368 -936.851515 0.652990 0.059984 -0.754988 -0.605832 0.639593 -0.473169 -0.454502 -0.766370 -0.453988
-0.295664 -21.970727 49.659587 -458.879610 0.691492 0.030865 -0.721724 -0.608118 0.564136 -0.558519 -0.389912 -0.825105 -0.408865
-2.466960 -19.375868 -27.624561 -144.927880 0.752824 0.212890 -0.622844 -0.150850 0.976869 0.151565 0.640703 -0.020146 0.767524
-2.636442 -20.240192 -52.597113 -137.783171 0.744616 0.229851 -0.626671 -0.264549 0.963580 0.039085 0.612831 0.136682 0.778304
-1.809163 -20.922752 -40.358519 -142.103595 0.767022 0.215940 -0.604192 -0.261465 0.965125 0.013008 0.585929 0.147998 0.796733
-1.875298 -20.051166 -76.308624 -121.744278 0.781343 0.188924 -0.594820 -0.127579 0.981306 0.144093 0.610923 -0.036700 0.790839
-1.239192 -21.137700 -86.755883 -133.492852 0.787364 0.196763 -0.584244 -0.160632 0.980442 0.113717 0.595193 0.004311 0.803571
-0.969132 -22.453645 -63.458283 -168.240951 0.775881 0.225711 -0.589120 -0.299636 0.953605 -0.029270 0.555181 0.199231 0.807515
-1.350635 -22.216405 -51.929607 -98.980427 0.761538 0.247451 -0.599022 -0.404893 0.903336 -0.141581 0.506084 0.350359 0.788116
1.177446 -17.770477 21.365496 147.814758 0.716631 0.143548 -0.682520 -0.673910 -0.109591 -0.730640 0.179680 -0.983557 -0.018202
0.764491 -17.218874 21.605810 -250.587037 0.690530 0.147946 -0.708011 0.717496 -0.016319 0.696371 0.091472 -0.988861 -0.117419
1.170524 -16.441601 71.638026 205.414726 0.718631 0.144789 -0.680151 -0.688546 0.011255 -0.725105 0.097332 -0.989399 -0.107782
-5.263797 -37.072569 -308.974066 -454.028445 0.877054 -0.182492 -0.444379 -0.451134 -0.630777 -0.631347 0.165088 -0.754199 0.635554
-3.924969 -42.334403 -254.757628 -851.637631 0.871736 -0.195725 -0.449185 -0.489953 -0.339405 -0.802963 -0.004704 -0.920052 0.391768
-6.745275 -34.726218 -257.905140 -372.515397 0.865318 -0.152083 -0.477593 -0.485746 -0.489408 -0.724245 0.123593 -0.858691 0.497367
-8.263301 -34.217129 -308.782499 267.315961 0.857986 -0.161248 -0.487708 -0.450843 -0.691403 -0.564538 0.246172 -0.704245 0.665911
-6.409447 -37.307718 -361.206040 158.663576 0.869329 -0.211563 -0.446664 -0.412446 -0.808498 -0.419784 0.272316 -0.549155 0.790109
-10.721427 -18.992068 193.701324 -445.351784 -0.607493 0.344622 0.715673 0.746165 0.556536 0.365384 -0.272379 0.755978 -0.595237
-10.924195 -22.663065 143.005948 -285.748217 -0.603487 0.368365 0.707185 0.795138 0.344368 0.499165 -0.059657 0.863550 -0.500723
-11.974830 -20.151043 123.974863 -367.488298 -0.597731 0.464302 0.653560 0.790703 0.475969 0.385022 -0.132308 0.746912 -0.651627
-11.319436 -16.121714 142.326641 -526.091412 -0.585957 0.450081 0.673856 0.748248 0.619757 0.236698 -0.311094 0.642906 -0.699923
14.082009 -176.082222 1862.606701 11508.130728 0.671276 -0.172865 -0.720768 0.598986 0.699287 0.390144 -0.436582 0.693625 -0.572959
-54.896662 -882.820325 -3973.150426 65217.576114 -0.786562 0.076761 0.612722 0.147880 0.986786 0.066213 -0.599543 0.142690 -0.787520
-4.402066 -106.033812 874.571439 5513.511000 0.878732 0.039940 -0.475641 0.374737 0.559477 0.739295 -0.295638 0.827883 -0.476663
-5.659986 -38.792024 244.098192 710.694005 0.829858 0.018284 -0.557674 0.530237 0.285359 0.798385 -0.173735 0.958246 -0.227113
-127.569930 -1746.924126 7308.941448 -31992.080976 0.871908 0.355074 -0.337193 0.484183 -0.522363 0.701928 -0.073100 0.775280 0.627374
-157.364060 -526.092977 12249.802545 -4540.146747 0.945771 0.173074 -0.274888 -0.073879 0.938667 0.336817 0.316322 -0.298243 0.900551
0.954743 -541.159143 466.270730 20593.617623 0.937778 0.198644 -0.284801 0.314901 -0.832142 0.456483 0.146317 0.517765 0.842918
-2.813932 -6.858490 44.385420 -98.299899 0.904893 0.374232 -0.202778 -0.232129 0.833220 0.501858 -0.356770 0.407057 -0.840845
-2.779838 -8.357153 -2.039718 -167.154920 0.863268 0.491000 -0.116997 -0.335148 0.730913 0.594509 -0.377419 0.474009 -0.795531
-2.389110 -6.554870 4.407706 -114.133763 0.913563 0.361608 -0.186124 -0.222236 0.827142 0.516185 -0.340608 0.430204 -0.836009
-1.743208 -5.579521 -246.286943 46.840068 0.312994 0.949240 0.031283 0.614115 -0.177148 -0.769078 0.724498 -0.259929 0.638389
-4.282919 -7.541488 -113.004797 198.268292 0.593352 0.709801 -0.379625 0.397868 -0.668596 -0.628236 0.699738 -0.221725 0.679120
-1.921489 -5.870492 -195.555121 48.631218 0.386133 0.921316 -0.045599 0.626494 -0.298211 -0.720122 0.677058 -0.249495 0.692347
1.642865 -5.046679 -287.762414 -10.070047 0.167453 0.965665 0.198621 0.683610 0.031435 -0.729170 0.710378 -0.257881 0.654875
-7.046552 -14.450010 312.987962 -31.966238 0.761208 0.645569 -0.061666 -0.275249 0.407719 0.870634 -0.587197 0.645760 -0.488052
-8.067625 -14.367713 192.747464 -100.095103 0.708101 0.699252 -0.098181 -0.310248 0.433004 0.846317 -0.634302 0.568818 -0.523553
-7.851261 -14.373339 178.137685 120.674550 0.726844 0.672784 -0.138056 -0.175990 0.376750 0.909443 -0.663872 0.636727 -0.392241
-6.520407 -13.207148 197.280300 213.860618 0.766896 0.612712 -0.190932 -0.050347 0.354030 0.933878 -0.639793 0.706574 -0.302352
-0.752144 -23.463168 -13.726744 262.543615 -0.635539 -0.325825 0.699949 0.692094 0.161390 0.703533 -0.342194 0.931553 0.122932
-0.594843 -20.995964 53.777010 -29.358887 -0.656454 -0.350875 0.667799 0.714213 -0.004115 0.699917 -0.242835 0.936413 0.253301
-0.661227 -19.932836 35.728248 57.483931 -0.640467 -0.339496 0.688872 0.682393 0.159951 0.713271 -0.352339 0.926908 0.129226
-0.788735 -23.387403 26.025569 492.958661 -0.615032 -0.333083 0.714696 0.647021 0.304859 0.698874 -0.450665 0.892254 0.028014
-0.807055 -29.194922 43.111071 589.643008 0.605112 0.297600 -0.738426 0.599901 0.439336 0.668657 -0.523410 0.847595 -0.087317
0.476729 -49.615436 -63.720032 895.108776 0.742440 0.313269 -0.592153 -0.410857 0.911097 -0.033130 0.529131 0.267888 0.805144
0.482177 -66.921869 -108.621333 2231.492937 0.748712 0.256542 -0.611242 -0.215882 0.966174 0.141076 0.626758 0.026331 0.778769
0.091108 -57.321900 -62.497502 1226.881474 0.746478 0.243743 -0.619161 -0.149521 0.968142 0.200858 0.648393 -0.057358 0.759142
0.016631 -46.248949 11.918850 920.136429 0.731976 0.286763 -0.618043 -0.367235 0.930122 -0.003369 0.573890 0.229433 0.786137
0.261779 -39.044202 -31.089228 -701.222706 0.722843 0.344442 -0.599047 0.541332 -0.821075 0.181097 0.429485 0.455188 0.779966
-0.176677 -131.995167 -258.607525 9492.468539 -0.905850 -0.007891 -0.423524 -0.040899 0.996785 0.068903 0.421619 0.079737 -0.903261
-3.137617 -262.927121 -409.588735 20753.760814 -0.872680 0.032372 -0.487218 0.169268 0.955986 -0.239667 0.458015 -0.291623 -0.839749
-5.176390 -127.759760 133.865629 6668.531286 0.870663 -0.125962 0.475477 0.318526 0.880981 -0.349877 0.374815 -0.456077 -0.807160
-3.706996 -135.828945 -347.718404 8391.039119 0.888359 -0.235854 0.393943 0.337174 0.917481 -0.211048 0.311659 -0.320314 -0.894577
-4.901285 -152.112243 315.365765 10515.556633 -0.912272 0.254384 -0.321013 0.145913 0.934175 0.325617 0.382714 0.250211 -0.889339
-0.887191 -12.096027 44.286973 -133.707816 0.824758 0.198091 -0.529654 0.241435 0.723623 0.646590 -0.511354 0.661158 -0.548988
-0.600498 -13.421342 50.045543 -140.639420 0.837262 0.227230 -0.497351 0.259500 0.635489 0.727195 -0.481302 0.737916 -0.473105
-0.116430 -12.663610 55.709951 -123.986738 0.841770 0.226988 -0.489795 0.241329 0.653367 0.717546 -0.482890 0.722211 -0.495206
-0.195231 -11.312144 80.078297 -161.088294 0.839309 0.192044 -0.508606 0.224283 0.729896 0.645716 -0.495235 0.656027 -0.569536
0.542583 -11.410089 45.110445 -185.290790 0.840381 0.231176 -0.490222 0.210523 0.694229 0.688277 -0.499440 0.681618 -0.534749
-3.367168 -7.136172 -246.531706 -167.106837 0.930431 0.365195 -0.030502 -0.016091 -0.042439 -0.998969 0.366113 -0.929963 0.033610
-5.311463 -6.304732 -353.747535 -266.202275 0.918227 0.394019 -0.040114 -0.007516 -0.083932 -0.996443 0.395984 -0.915262 0.074107
-2.824963 -5.370993 -325.381140 -184.709959 0.901132 0.328959 -0.282394 -0.223305 -0.206135 -0.952703 0.371612 -0.921572 0.112297
-2.165954 -6.968976 -71.018462 -75.983284 0.880597 0.358975 -0.309332 -0.268523 -0.159843 -0.949919 0.390442 -0.919558 0.044364
14.484768 -15.969336 9.148561 -505.738110 0.661208 -0.730800 0.169516 0.426539 0.180334 -0.886309 -0.617145 -0.658340 -0.430953
33.990632 -11.524573 -890.029463 437.498986 -0.447910 0.815586 -0.366329 -0.378174 0.198448 0.904214 -0.810161 -0.543542 -0.219546
62.601236 -23.327519 5603.568036 726.302433 0.738836 -0.498256 0.453721 0.554940 0.067881 -0.829116 -0.382313 -0.864369 -0.326655
12.488048 -11.240961 1404.497798 420.511182 -0.353185 0.928416 -0.115342 -0.471078 -0.069964 0.879313 -0.808298 -0.364895 -0.462067
8.563991 -13.489209 653.589332 296.556018 -0.561461 0.826605 -0.038544 -0.495669 -0.298649 0.815550 -0.662626 -0.477004 -0.577402
-0.971571 -8.549993 -104.408152 -77.944761 0.851370 0.380874 -0.360699 -0.372968 -0.044010 -0.926800 0.368868 -0.923579 -0.104585
-2.390486 -8.570603 -140.013917 -61.073157 0.848789 0.396138 -0.350188 -0.351702 -0.071530 -0.933375 0.394794 -0.915401 -0.078609
-1.100567 -7.612825 -150.814287 -117.921003 0.829352 0.373346 -0.415677 -0.385189 -0.156860 -0.909409 0.404727 -0.914335 -0.013717
-2.572777 -9.608339 -132.261226 -80.459332 0.865846 0.399930 -0.300609 -0.340022 0.029627 -0.939951 0.367008 -0.916067 -0.161638
-0.816910 -9.326517 -61.739055 -95.605045 0.856120 0.373388 -0.357267 -0.397208 0.033205 -0.917128 0.330582 -0.927081 -0.176740
-1.504058 -9.617191 -70.897737 -109.733567 0.872033 0.392964 -0.291785 -0.339784 0.056957 -0.938777 0.352286 -0.917788 -0.183191
-3.591031 -5.751498 94.354159 270.518109 0.440510 0.457933 -0.772171 -0.426496 0.863609 0.268851 0.789970 0.210896 0.575735
-3.734785 -4.230316 230.588861 -53.325567 0.014772 0.927758 -0.372891 0.650735 -0.292066 -0.700886 0.759161 0.232300 0.608039
-4.697202 -7.399788 79.256334 294.173367 0.552116 0.294717 -0.779942 -0.308923 0.941174 0.136957 0.774425 0.165327 0.610682
-4.156682 -8.327002 75.145919 196.399330 0.522787 0.270847 -0.808292 -0.246280 0.955739 0.160966 0.816113 0.114915 0.566352
-0.609906 -16.216911 -16.892367 97.407763 0.687525 0.182088 -0.702961 0.709620 -0.373916 0.597182 -0.154109 -0.909412 -0.386290
-0.681268 -14.548842 -24.283967 32.228257 0.705438 0.182730 -0.684811 -0.698727 0.341381 -0.628681 -0.118903 -0.921992 -0.368502
-0.375004 -14.158269 -35.516776 -215.042639 0.716261 0.162660 -0.678610 -0.697642 0.189621 -0.690897 -0.016297 -0.968290 -0.249297
-0.249272 -15.494741 0.624070 209.883346 0.687392 0.183991 -0.702595 0.724266 -0.245768 0.644234 -0.054142 -0.951706 -0.302198
-0.286163 -12.517155 -48.665793 -224.762475 0.742135 0.162652 -0.650215 -0.664422 0.050875 -0.745624 0.088197 -0.985371 -0.145825
0.089416 -12.479322 -21.056290 -252.265879 0.733771 0.162375 -0.659708 -0.672316 0.033719 -0.739496 0.097831 -0.986153 -0.133909
0.079869 -13.292392 -2.107850 270.455415 0.703349 0.170449 -0.690106 0.706159 -0.056257 0.705815 0.081482 -0.983759 -0.159933
-0.868030 -26.823014 -153.903431 12.008447 -0.692984 -0.342802 0.634240 -0.400220 0.914641 0.057068 -0.599665 -0.214288 -0.771027
0.404211 -24.960345 -139.185961 -198.946599 -0.718976 -0.301751 0.626115 -0.423876 0.904287 -0.050929 -0.550820 -0.302012 -0.778066
-0.376280 -24.996940 167.623701 -363.132199 0.728461 0.286712 -0.622206 -0.510163 0.833197 -0.213347 -0.457251 -0.472842 -0.753221
-2.597337 -29.005537 -153.593106 -218.556951 -0.684392 -0.336562 0.646787 -0.474437 0.879162 -0.044541 -0.553640 -0.337344 -0.761369
-1.959846 -26.241453 178.194606 -580.873320 0.708013 0.292719 -0.642676 -0.566418 0.778898 -0.269237 -0.421769 -0.554647 -0.717271
-1.982236 -25.514543 -0.660360 452.936332 0.601063 0.230071 -0.765370 0.688790 -0.634825 0.350093 -0.405330 -0.737607 -0.540040
-2.060202 -23.594967 29.298025 353.456230 0.609651 0.244825 -0.753914 0.701794 -0.608895 0.369773 -0.368524 -0.754525 -0.543030
-2.141714 -20.899441 1.731013 218.192167 0.612469 0.226501 -0.757350 0.746346 -0.481388 0.459601 -0.260480 -0.846736 -0.463884
-1.807164 -21.166972 -59.489276 213.550035 0.612279 0.190878 -0.767255 0.722032 -0.530398 0.444238 -0.322155 -0.825980 -0.462572
-2.415414 -18.944172 -26.753248 139.628302 0.623551 0.211137 -0.752732 0.775744 -0.286549 0.562238 -0.096985 -0.934511 -0.342466
-1.997549 -19.778335 -50.976481 291.975168 0.625321 0.182560 -0.758713 0.762364 -0.350548 0.543982 -0.166656 -0.918579 -0.358382
0.613888 -7.643006 -135.858318 135.101759 0.856716 0.055498 -0.512795 0.082322 0.966737 0.242161 0.509177 -0.249677 0.823650
0.477704 -7.364767 -142.880635 130.643998 0.850052 -0.006361 -0.526661 0.098638 0.984158 0.147320 0.517380 -0.177178 0.837213
1.269917 -6.896763 6.368263 45.706209 0.827482 -0.003864 -0.561479 0.126656 0.975488 0.179947 0.547021 -0.220017 0.807688
0.590672 -7.666251 -59.910767 102.029894 0.848326 0.068116 -0.525074 0.108782 0.948112 0.298747 0.518179 -0.310553 0.796899
0.946084 -6.845943 54.565666 45.328522 0.814727 0.016008 -0.579623 0.153366 0.958070 0.242033 0.559194 -0.286086 0.778111
1.059433 -6.589677 129.940570 -8.225117 0.804247 0.005891 -0.594265 0.094975 0.985825 0.138306 0.586657 -0.167673 0.792288
1.049956 -6.625606 123.704231 -27.574955 0.801186 -0.008134 -0.598360 0.140207 0.974627 0.174485 0.581758 -0.223689 0.781998
-2.168148 -21.372727 -245.544822 231.740591 0.799836 0.375541 -0.468221 -0.082043 -0.704359 -0.705087 0.594584 -0.602368 0.532561
-1.182681 -22.457224 -178.996192 -272.389163 0.785208 0.477777 -0.393925 -0.135510 0.753312 0.643552 0.604222 -0.451941 0.656250
0.496572 -23.603366 -51.780062 -332.048047 0.793106 0.391983 -0.466188 -0.034551 0.793115 0.608091 0.608103 -0.466173 0.642568
-3.644140 -19.687679 -240.442229 -219.775419 0.775178 0.511558 -0.370686 -0.083892 0.664926 0.742183 0.626148 -0.544226 0.558351
-0.998084 -21.983845 -101.171483 231.057841 0.790616 0.329685 -0.515979 -0.156665 -0.705707 -0.690965 0.591931 -0.627124 0.506293
-2.802614 -19.534155 -162.957298 71.335690 0.776503 0.317761 -0.544123 -0.289040 -0.587699 -0.755689 0.559909 -0.744069 0.364504
-4.425040 -18.513814 -216.595707 240.296084 0.778842 0.397751 -0.484973 -0.172446 -0.607621 -0.775280 0.603049 -0.687452 0.404650
-2.689771 -11.900037 -40.605040 -44.399383 0.856212 0.428058 -0.289254 -0.437221 0.302134 -0.847085 0.275208 -0.851752 -0.445846
-2.274452 -12.538699 -90.796294 -118.262182 0.863706 0.396287 -0.311396 -0.444861 0.309053 -0.840586 0.236876 -0.864548 -0.443223
-2.255270 -12.738897 14.646618 -70.049171 0.832728 0.446112 -0.327945 -0.507083 0.376640 -0.775248 0.222330 -0.811866 -0.539855
-1.725578 -12.195164 105.517721 -24.488396 0.803265 0.489283 -0.339658 -0.536317 0.346096 -0.769793 0.259092 -0.800512 -0.540418
-1.645455 -11.451991 163.189597 -42.230185 0.790251 0.504838 -0.347337 -0.508128 0.223038 -0.831902 0.342506 -0.833902 -0.432778
7.477439 -9.838348 48.143046 -241.766250 0.125311 0.968963 -0.213089 -0.681151 0.240188 0.691624 -0.721339 -0.058478 -0.690109
6.004579 -8.499801 148.533948 -227.258612 0.228711 0.950195 -0.211709 -0.716752 0.311524 0.623875 -0.658755 -0.009056 -0.752303
6.554397 -9.813574 158.036447 -149.471076 0.269971 0.936456 -0.223975 -0.640497 0.348342 0.684414 -0.718943 0.041317 -0.693839
0.444811 -44.517195 1.342165 340.764811 0.828668 0.413910 -0.376813 -0.539542 0.769872 -0.340868 -0.149009 -0.485773 -0.861290
1.506409 -48.244718 -48.165062 558.775363 0.828974 0.422038 -0.366995 -0.520885 0.821547 -0.231819 -0.203667 -0.383334 -0.900874
0.947569 -41.435471 34.415849 400.353220 -0.810235 -0.437981 0.389476 -0.496251 0.866222 -0.058260 -0.311856 -0.240482 -0.919192
-0.002369 -41.819779 -13.927328 396.487911 -0.813425 -0.441019 0.379265 -0.507221 0.856960 -0.091363 -0.284722 -0.266688 -0.920767
-2.352602 -34.801834 -9.606683 -105.825450 0.849699 0.487059 -0.201953 -0.385749 0.835351 0.391646 0.359457 -0.254878 0.897679
-2.403134 -37.067980 -8.314119 -451.572867 0.827933 0.531349 -0.179429 -0.501723 0.844710 0.186384 0.250600 -0.064290 0.965954
-2.069529 -39.599710 -56.229797 -445.980330 0.848044 0.503879 -0.164097 -0.431818 0.836569 0.337172 0.307172 -0.215076 0.927031
-2.555350 -36.815168 22.852520 -395.215841 0.817655 0.537159 -0.207123 -0.514566 0.843230 0.155518 0.258190 -0.020582 0.965875
-1.937146 -37.521218 -65.392830 -9.980009 0.870843 0.453598 -0.189425 0.283633 -0.778407 -0.560032 0.401479 -0.433973 0.806525
2.833264 -9.465347 322.217264 -138.411935 0.600509 0.654878 -0.458829 0.788457 -0.580482 0.203411 -0.133133 -0.483918 -0.864927
0.172157 -10.738612 235.426710 -143.820769 0.610664 0.645328 -0.458956 0.781212 -0.585789 0.215777 -0.129605 -0.490309 -0.861858
0.426942 -9.726501 169.176815 -187.306439 0.587124 0.659033 -0.470065 0.784296 -0.606878 0.128761 -0.200414 -0.444269 -0.873189
-1.132607 -11.203413 30.293196 -204.935305 0.656991 0.578588 -0.483320 0.725790 -0.658841 0.197882 -0.203939 -0.480795 -0.852786
-0.192300 -9.189122 63.698107 -245.900100 0.586155 0.646508 -0.488313 0.763439 -0.642528 0.065726 -0.271263 -0.411323 -0.870190
1.214267 -7.742107 148.959533 -197.616634 0.500338 0.721266 -0.478995 0.814346 -0.579938 -0.022634 -0.294113 -0.378743 -0.877526
3.139490 -7.310303 244.495929 -144.914182 0.493655 0.717230 -0.491819 0.829899 -0.557559 0.019895 -0.259949 -0.417981 -0.870470
-2.860859 -46.306066 5.792922 1647.409873 -0.825380 -0.460738 0.326294 -0.511381 0.855014 -0.086258 -0.239244 -0.238056 -0.941324
-2.266225 -36.315087 -8.941578 1165.736764 -0.830434 -0.448299 0.330768 -0.419027 0.893862 0.159458 -0.367146 -0.006182 -0.930143
-2.168854 -40.719863 -66.527472 1751.463959 -0.821945 -0.489291 0.291550 -0.442737 0.870890 0.213389 -0.358317 0.046315 -0.932450
-2.015278 -52.260270 77.771770 1799.162863 0.813070 0.507283 -0.285624 -0.556262 0.821684 -0.124129 -0.171724 -0.259808 -0.950269
1.799283 -46.315531 47.133360 -1659.598217 -0.668491 -0.398826 0.627741 -0.386420 0.907440 0.165023 -0.635452 -0.132255 -0.760729
1.888475 -50.085139 -22.320377 -1495.875329 -0.689641 -0.410986 0.596226 -0.409610 0.900364 0.146846 -0.597172 -0.142949 -0.789272
1.299076 -46.275467 70.520357 79.660440 -0.663318 -0.394917 0.635649 -0.105287 0.890216 0.443204 -0.740894 0.227059 -0.632076
1.287248 -45.699885 11.089723 -1152.353928 -0.672246 -0.371753 0.640223 -0.200191 0.923846 0.326238 -0.712748 0.091145 -0.695473
0.698582 -44.374955 70.842617 879.813999 -0.652703 -0.386976 0.651328 0.084387 0.817225 0.570107 -0.752899 0.427074 -0.500750
0.544817 -23.662280 -25.531153 -42.993418 0.779716 0.310331 -0.543818 0.136378 0.763508 0.631235 0.611101 -0.566348 0.552996
0.322672 -22.866120 -78.507226 -119.376433 0.790180 0.291699 -0.539005 0.140047 0.770262 0.622160 0.596659 -0.567105 0.567794
0.229121 -25.385484 -1.164112 -354.392880 0.788274 0.292220 -0.541508 0.021158 0.866644 0.498477 0.614960 -0.404394 0.676970
0.720010 -23.165536 -81.672516 -191.733108 0.784990 0.290065 -0.547407 -0.258873 -0.649185 -0.715223 0.562829 -0.703151 0.434514
-3.839845 -10.091240 46.523265 -37.133586 0.664826 0.285484 -0.690294 0.216315 0.810920 0.543706 0.714992 -0.510791 0.477366
-4.560012 -9.937952 55.091864 26.111750 0.669138 0.315367 -0.672903 0.091936 0.863402 0.496069 0.737429 -0.393802 0.548742
-4.590304 -10.217523 1.127231 -23.234503 0.718200 0.352952 -0.599678 0.080375 0.813961 0.575332 0.691179 -0.461403 0.556218
-3.963404 -10.130473 28.371797 -44.176837 0.710337 0.349225 -0.611116 0.160550 0.764954 0.623754 0.685306 -0.541190 0.487307
-3.110480 -9.536319 40.837981 -59.961333 0.680624 0.308211 -0.664648 0.279886 0.729008 0.624669 0.677064 -0.611190 0.409916
-0.618872 -27.012900 10.966933 902.787661 -0.567635 -0.229122 0.790755 -0.014707 0.963162 0.268520 -0.823149 0.140791 -0.550094
-0.918016 -26.266065 7.347265 1067.722212 -0.565348 -0.233485 0.791117 0.039514 0.950334 0.308713 -0.823905 0.205790 -0.528044
-0.653601 -19.566515 6.428056 998.943128 -0.567543 -0.231517 0.790123 0.188983 0.897400 0.398696 -0.801362 0.375597 -0.465560
21.718127 -1309.843587 2172.814728 109512.006984 -0.776129 0.437667 -0.453950 0.389794 0.898878 0.200196 0.495665 -0.021569 -0.868246
-29.210491 -66.302450 -1462.389678 4690.145098 -0.835301 0.289237 -0.467563 0.244280 0.957127 0.155678 0.492545 0.015821 -0.870143
-11.356771 -115.532115 -540.292709 8581.416756 -0.857625 0.034143 -0.513141 0.037661 0.999284 0.003545 0.512895 -0.016285 -0.858297
4.880843 -51.100913 -275.065278 -1410.073451 -0.901109 -0.232191 -0.366183 -0.313277 0.932520 0.179623 0.299766 0.276577 -0.913042
2.506873 -51.278345 -134.640624 -2460.581293 -0.901762 -0.195002 -0.385745 -0.243930 0.966343 0.081732 0.356823 0.167798 -0.918978
3.205975 -54.285957 196.850765 -286.356379 0.891280 0.177379 0.417321 -0.387800 0.775141 0.498765 0.235012 0.606376 -0.759656
4.482998 -55.115697 324.901394 839.789765 0.901308 0.197363 0.385606 -0.399894 0.721294 0.565527 0.166521 0.663915 -0.729032
8.373285 -58.661370 395.030439 309.839806 0.916748 0.252885 0.309229 -0.375214 0.810737 0.449355 0.137068 0.527973 -0.838127
8.682425 -56.350082 -505.889314 -1702.107300 -0.905521 -0.264739 -0.331579 -0.300862 0.951662 0.061809 0.299188 0.155729 -0.941401
-10.816675 -16.794356 -137.078669 240.470891 -0.785975 -0.457979 0.415329 -0.291046 0.866761 0.404990 -0.545469 0.197432 -0.814546
-8.764179 -14.541653 111.559603 247.332409 -0.747186 -0.608859 0.266467 -0.391553 0.727235 0.563751 -0.537029 0.316891 -0.781780
-1.036839 -8.781552 245.497833 -64.855397 0.680379 0.226714 -0.696911 0.579300 0.416085 0.700917 -0.448882 0.880610 -0.151761
-2.014890 -9.224676 145.283915 -47.535142 0.673348 0.243688 -0.698011 0.611182 0.347763 0.710998 -0.416003 0.905360 -0.085228
-1.685092 -8.851667 -142.434929 -55.346530 0.664193 0.302940 -0.683429 0.576958 0.373598 0.726322 -0.475360 0.876728 -0.073357
-1.042865 -8.042182 -204.071320 -80.409734 0.661158 0.326324 -0.675561 0.516385 0.455288 0.725299 -0.544257 0.828387 -0.132508
-5.141477 -21.912467 -93.378810 -752.631370 0.690887 0.091573 -0.717140 0.705914 -0.299594 0.641816 -0.156078 -0.949662 -0.271629
-5.863824 -19.538857 31.792884 -741.067786 0.668200 0.198182 -0.717100 0.741944 -0.248790 0.622593 -0.055021 -0.948065 -0.313282
-5.832667 -12.428025 79.287981 49.954095 0.835575 -0.383893 -0.392989 0.425722 0.904598 0.021512 0.347239 -0.185279 0.919292
-4.787712 -12.035769 107.541175 74.734244 0.744979 -0.489349 -0.453371 0.567057 0.822501 0.044017 0.351358 -0.289879 0.890235
-5.323584 -11.495563 32.958320 7.817420 0.842893 -0.318532 -0.433670 0.349492 0.936897 -0.008873 0.409131 -0.144085 0.901028
-5.854327 -13.153638 22.406634 12.685288 0.892500 -0.300544 -0.336328 0.310275 0.950296 -0.025822 0.327371 -0.081308 0.941391
-5.683031 -13.529172 -17.339001 42.402343 0.852498 -0.410502 -0.323629 0.456335 0.886407 0.077721 0.254963 -0.213940 0.942987
-5.715944 -12.230389 63.729220 -24.239669 0.889378 -0.231397 -0.394287 0.236103 0.971012 -0.037292 0.391486 -0.059925 0.918231
1.708639 -9.750041 -89.586046 153.012693 0.710423 -0.028149 -0.703212 -0.532831 0.631258 -0.563563 -0.459772 -0.775062 -0.433462
1.227070 -8.899430 -62.717809 49.145077 0.709479 -0.027924 -0.704173 -0.487669 0.701879 -0.519177 -0.508741 -0.711749 -0.484351
0.735042 -9.092255 -93.609382 143.630630 0.686929 -0.038670 -0.725695 -0.506116 0.691147 -0.515909 -0.521512 -0.721679 -0.455198
-2.252406 -7.506685 37.534498 158.666398 0.392239 0.186763 -0.900704 0.784602 -0.579039 0.221614 -0.480153 -0.793620 -0.373657
-2.027320 -7.016940 21.003523 122.325498 0.501490 0.109229 -0.858240 0.726995 -0.590989 0.349585 -0.469026 -0.799250 -0.375784
-1.923524 -7.507093 77.505855 -322.839022 0.444769 0.171319 -0.879108 0.771733 -0.571437 0.279084 -0.454542 -0.802564 -0.386370
-2.231869 -7.299231 30.085046 -277.653633 0.443985 0.140604 -0.884934 0.750747 -0.597502 0.281726 -0.489138 -0.789444 -0.370840
-3.485198 -26.776466 29.284587 12.395804 0.644643 0.201833 -0.737359 0.764446 -0.179720 0.619131 -0.007557 -0.962790 -0.270146
-3.422675 -27.538095 -99.051418 -168.842308 0.647734 0.138470 -0.749177 0.750511 -0.285119 0.596189 -0.131050 -0.948437 -0.288604
-3.142767 -26.100023 11.733342 -305.977263 0.641453 0.200905 -0.740388 0.738966 -0.421056 0.525967 -0.206076 -0.884505 -0.418549
-2.728808 -26.477521 83.539723 -165.346057 0.632845 0.246606 -0.733957 0.768808 -0.312620 0.557856 -0.091879 -0.917308 -0.387433
-3.177847 -27.115153 96.552226 144.486718 0.640718 0.245336 -0.727524 0.758996 -0.059498 0.648371 0.115782 -0.967611 -0.224331
-0.350307 -28.992141 71.272494 429.881670 0.693101 0.055322 -0.718715 -0.651282 0.475378 -0.591479 -0.308939 -0.878040 -0.365515
0.176613 -31.176411 -19.191477 269.500387 0.682768 0.029232 -0.730050 -0.681993 0.383983 -0.622449 -0.262131 -0.922877 -0.282107
-0.315801 -26.572558 15.495353 658.659007 0.681567 0.045438 -0.730344 -0.595616 0.614255 -0.517622 -0.425097 -0.787798 -0.445720
-0.761096 -23.069600 -23.238425 779.589184 0.678791 0.039542 -0.733266 -0.534308 0.711590 -0.456240 -0.503744 -0.701482 -0.504148
-0.869419 -28.050794 -66.654983 420.135655 0.694819 0.016337 -0.718999 -0.640744 0.468085 -0.608559 -0.326611 -0.883532 -0.335702
8.981091 -12.444105 47.236650 94.977398 0.933742 0.029445 -0.356734 -0.013788 0.998830 0.046353 0.357682 -0.038363 0.933055
7.445121 -11.377937 33.076713 -11.290401 0.921097 0.029636 -0.388204 -0.048001 0.998136 -0.037694 0.386363 0.053354 0.920802
8.087214 -11.738313 134.938890 39.364092 0.892497 0.092805 -0.441404 -0.072675 0.995406 0.062338 0.445161 -0.023557 0.895141
8.845184 -12.422791 50.388704 160.269748 0.909318 0.099580 -0.404012 -0.054137 0.991002 0.122411 0.412566 -0.089439 0.906526
7.433240 -12.106509 146.897757 188.191031 0.867945 0.125189 -0.480624 -0.063072 0.987659 0.143356 0.492640 -0.094111 0.865130
6.373288 -11.858204 225.614470 32.801165 0.842304 0.137202 -0.521249 -0.084440 0.988708 0.123797 0.532348 -0.060261 0.844378
0.304725 -8.750420 -22.620710 -28.190188 0.798544 0.207060 -0.565203 0.557912 0.097894 0.824106 -0.225969 0.973418 0.037349
-0.148248 -9.146488 40.951021 -48.299380 0.795957 0.198378 -0.571925 0.552175 0.149290 0.820253 -0.248103 0.968689 -0.009289
0.018257 -8.919941 3.414435 -100.113469 0.800107 0.208447 -0.562476 0.527195 0.202984 0.825144 -0.286173 0.956738 -0.052516
-2.733892 -40.157946 -98.336065 -811.570833 -0.631045 -0.066625 0.772880 -0.266646 0.954228 -0.135455 -0.728479 -0.291564 -0.619926
0.602454 -18.729432 5.977290 -156.460306 0.690779 0.142408 -0.708904 0.707081 0.071974 0.703461 0.151201 -0.987188 -0.050976
-5.757163 -36.656922 -235.711328 -516.085959 0.859461 -0.160874 -0.485228 -0.510870 -0.236150 -0.826586 -0.018389 -0.958307 0.285147
-4.183817 -42.794064 -200.978374 -407.280764 0.858376 -0.172028 -0.483319 -0.489487 0.007441 -0.871979 -0.153601 -0.985064 0.077818
-2.400317 -44.625609 -225.814748 -409.908538 0.864496 -0.219039 -0.452402 -0.461051 0.012924 -0.887280 -0.200196 -0.975630 0.089815
-1.855046 -41.488045 -145.152996 -631.900581 0.876860 -0.213947 -0.430515 -0.476933 -0.274577 -0.834951 -0.060425 -0.937462 0.342804
-0.174564 -51.361515 -106.989248 836.888543 0.877289 -0.341579 -0.337176 -0.364670 -0.017626 -0.930970 -0.312057 -0.939688 0.140026
-0.038821 -54.314771 -17.417887 1126.353795 0.882147 -0.310273 -0.354327 -0.326357 0.139724 -0.934863 -0.339571 -0.940323 -0.021998
-0.905940 -57.930495 -54.050296 602.306301 0.890034 -0.316755 -0.327880 -0.408625 -0.235372 -0.881831 -0.202151 -0.918840 0.338923
-0.274107 -62.444795 -30.888115 768.913678 0.893025 -0.315920 -0.320470 -0.398768 -0.225524 -0.888889 -0.208544 -0.921593 0.327377
-11.081390 -23.781905 110.193306 7.615249 -0.587546 0.403918 0.701170 0.788593 0.091551 0.608062 0.181414 0.910202 -0.372318
-9.741658 -23.006636 155.879449 10.140306 -0.586530 0.312729 0.747116 0.805083 0.124372 0.579977 0.088455 0.941664 -0.324721
-9.430963 -22.597171 125.736482 211.783717 -0.575629 0.309364 0.756931 0.771318 -0.101938 0.628233 0.271513 0.945464 -0.179940
-10.079495 -22.476020 134.423778 276.736742 -0.595345 0.401310 0.696071 0.695303 -0.176814 0.696628 0.402638 0.898714 -0.173767
149.695848 -2668.269585 12467.293670 368852.357228 0.907086 0.003238 -0.420933 0.172987 0.908764 0.379767 -0.383758 0.417297 -0.823767
55.498990 -291.846962 4279.063509 -27815.574282 0.779524 -0.155378 -0.606795 -0.329476 0.722185 -0.608190 -0.532718 -0.674023 -0.511767
22.771484 -285.980683 3289.351731 -24955.632512 0.887612 -0.105933 -0.448244 -0.117743 0.888670 -0.443173 -0.445288 -0.446144 -0.776321
-140.210270 -760.405920 10572.936078 -50785.864913 0.933211 0.252337 -0.255820 0.345283 -0.826835 0.443986 0.099487 0.502662 0.858739
-192.129506 -9472.971039 18514.639385 -3339361.688893 0.926336 0.071879 -0.369778 -0.297812 -0.461360 -0.835736 0.230673 -0.884297 0.405967
-3.334775 -8.491627 69.119802 -162.336594 0.859988 0.489897 -0.142905 -0.330430 0.747968 0.575639 -0.388892 0.447822 -0.805120
-3.461955 -10.613775 73.470644 -219.438880 0.826719 0.555928 -0.086487 -0.367475 0.649960 0.665217 -0.426026 0.518166 -0.741624
-2.891360 -10.447008 -18.905739 -229.278894 0.831208 0.552269 -0.063976 -0.369592 0.634863 0.678491 -0.415325 0.540322 -0.731818
-8.399832 -13.668077 178.497128 -240.564564 0.690038 0.717096 -0.098090 -0.403169 0.493383 0.770732 -0.601085 0.492287 -0.629564
-8.019633 -12.275135 217.713177 -276.288531 0.699403 0.710888 -0.073981 -0.480737 0.544499 0.687323 -0.528893 0.445151 -0.722574
-8.722749 -12.858655 -5.956777 -224.860229 0.623396 0.767252 -0.150672 -0.450584 0.509993 0.732722 -0.639024 0.388886 -0.663639
1.164807 -52.437314 -41.372668 -2306.407007 0.739760 0.311707 -0.596317 0.556623 -0.781419 0.282054 0.378056 0.540576 0.751566
2.369799 -60.666286 -142.913129 -2644.154829 0.748466 0.278375 -0.601919 0.495330 -0.838172 0.228289 0.440962 0.469015 0.765230
1.379275 -103.322098 -219.135576 6457.510407 0.767237 0.200626 -0.609177 -0.312470 0.946394 -0.081859 0.560098 0.253154 0.788798
1.466602 -50.055295 -208.857208 -2241.370336 0.758226 0.297497 -0.580163 0.599550 -0.667790 0.441132 0.256191 0.682314 0.684700
0.352178 -45.321696 71.208775 -1282.792595 0.704794 0.347491 -0.618478 0.646432 -0.673694 0.358136 0.292216 0.652216 0.699445
1.276431 -36.202121 12.958982 -430.229427 0.716946 0.336078 -0.610770 0.660635 -0.607291 0.441315 0.222599 0.719895 0.657420
-0.637938 -110.456849 111.565031 6350.338597 0.897656 -0.051815 0.437641 0.215094 0.918260 -0.332466 0.384642 -0.392574 -0.835426
1.098773 -112.104073 -105.405147 8422.211864 -0.916747 -0.003240 -0.399456 -0.040468 0.995576 0.084798 0.397414 0.093903 -0.912822
2.530674 -81.898675 -28.954428 4882.537637 -0.922784 -0.001808 -0.385313 0.004158 0.999884 -0.014651 0.385295 -0.015122 -0.922670
1.876279 -61.259786 -13.106768 4568.875281 0.929442 -0.005525 0.368927 -0.152259 0.905039 0.397142 0.336087 0.425293 -0.840340
2.284352 -55.608733 15.808630 3368.142398 -0.930844 0.008510 -0.365319 -0.109664 0.947142 0.301490 0.348574 0.320703 -0.880707
-1.174104 -13.669965 19.544157 -113.646853 0.814853 0.206178 -0.541761 0.289711 0.664653 0.688697 -0.502077 0.718141 -0.481863
-0.546456 -13.284751 38.953370 -4.981983 0.831644 0.222220 -0.508907 0.324525 0.549164 0.770131 -0.450612 0.805628 -0.384593
-6.877232 -7.814683 -330.708887 -280.168540 0.223212 0.001873 -0.974768 0.862245 0.466041 0.198341 0.454653 -0.884761 0.102411
-4.080008 -6.901519 -323.080776 -301.228857 0.578057 0.120203 -0.807094 0.713550 0.405358 0.571430 0.395850 -0.906221 0.148549
50.284846 -14.023033 3921.747729 -1401.267839 0.910189 -0.382031 0.160027 0.175464 0.005665 -0.984469 -0.375192 -0.924132 -0.072189
79.801034 0.401091 2961.297482 1465.617484 -0.413420 0.905949 -0.091320 -0.117105 0.046557 0.992028 -0.902978 -0.420818 -0.086844
1451.986488 -223.988130 183657.732949 -13045.684821 -0.107746 0.922026 0.371831 -0.352789 -0.385127 0.852770 -0.929479 0.039295 -0.366777
25.090612 -9.415112 3011.617690 171.453157 -0.101220 0.978494 -0.179733 -0.472056 0.111791 0.874452 -0.875738 -0.173356 -0.450589
-2.895247 -7.649876 -157.311432 -105.730826 0.819421 0.393037 -0.417219 -0.370963 -0.191252 -0.908741 0.436963 -0.899413 0.010914
-3.652425 -9.373987 -201.243417 -61.854418 0.870865 0.403667 -0.280441 -0.310763 0.010139 -0.950433 0.380815 -0.914850 -0.134274
-4.124971 -8.526570 -192.092041 -100.269195 0.848305 0.415259 -0.328540 -0.316177 -0.100464 -0.943366 0.424747 -0.904139 -0.046071
-4.923300 -5.304286 -57.775489 215.679476 0.676469 -0.263968 -0.687539 0.033617 0.943654 -0.329222 0.735703 0.199596 0.647227
-1.180302 -4.455538 318.713065 89.078165 -0.399657 0.909454 0.114754 0.555340 0.339816 -0.759027 0.729295 0.239623 0.640866
-0.804923 -16.005458 -16.936926 -3.999546 0.695717 0.190470 -0.692603 0.697688 -0.408590 0.588461 -0.170906 -0.892623 -0.417151
1.421020 -23.241006 -86.518700 -161.061465 -0.709090 -0.283036 0.645819 -0.418450 0.906098 -0.062341 -0.567530 -0.314448 -0.760941
0.705308 -25.008319 -119.913128 -118.531008 -0.697514 -0.325420 0.638417 -0.312936 0.939820 0.137150 -0.644628 -0.104120 -0.757373
