16499
32978
-3.877727 -4.865574 -23.361105 -36.495002 0.918697 0.314705 -0.238655 0.142972 0.298288 0.943707 -0.368177 0.901102 -0.229042
-4.118134 -5.773827 -47.467240 -29.486922 0.908758 0.345522 -0.234038 0.194599 0.145256 0.970068 -0.369175 0.927101 -0.064764
-4.434386 -6.950517 -6.666715 -103.117174 -0.606594 -0.077514 0.791224 0.731241 0.336152 0.593539 -0.311979 0.938612 -0.147226
-3.110742 -5.341490 5.245823 -26.343446 0.908629 0.417442 0.011643 -0.050911 0.083058 0.995243 -0.414489 0.904900 -0.096721
-3.336523 -5.749757 29.589242 -104.037889 0.743179 0.019025 -0.668822 0.596864 0.432903 0.675535 -0.302388 0.901240 -0.310369
-3.050589 -3.954380 -10.753449 -44.005170 0.943666 0.277604 -0.180082 0.059606 0.392712 0.917728 -0.325486 0.876763 -0.354042
-2.556015 -3.925599 4.138271 -19.876904 0.855116 0.458721 0.241560 -0.367131 0.206821 0.906885 -0.366047 0.864176 -0.345267
-2.992452 -4.504753 3.674929 -22.533212 0.858891 0.472813 0.196861 -0.281673 0.115054 0.952587 -0.427746 0.873619 -0.231997
14.716218 -7.254485 -226.341481 29.291554 -0.804383 0.038367 0.592870 -0.190541 0.928538 -0.318609 -0.562727 -0.369250 -0.739590
13.677924 -6.551272 -181.141334 -20.936510 -0.678904 0.099957 0.727391 -0.326765 0.846036 -0.421245 -0.657506 -0.523671 -0.541715
11.535435 -7.213475 166.552471 3.344719 0.834831 -0.015654 -0.550284 -0.284326 0.843691 -0.455350 -0.471398 -0.536600 -0.699889
9.355080 -7.167595 -82.531687 52.420801 -0.891994 -0.029663 0.451074 -0.204397 0.916481 -0.343925 -0.403199 -0.398977 -0.823558
-0.566109 -1.923503 -0.576305 13.288214 0.878772 0.090024 -0.468675 0.469705 -0.336989 0.815975 0.084481 0.937195 0.338421
-0.619158 -2.082248 -1.843261 15.639686 0.913884 0.045760 -0.403388 0.392007 -0.357865 0.847504 0.105576 0.932651 0.344985
-0.656344 -2.346314 3.859730 17.623078 0.944570 0.020621 -0.327661 0.317401 -0.312493 0.895324 0.083929 0.949696 0.301716
-0.715951 -2.769802 2.892632 23.164602 0.968572 -0.018551 -0.248039 0.232360 -0.288331 0.928910 0.088749 0.957351 0.274959
-0.763997 -3.552078 28.186208 -7.821701 0.345740 -0.023942 0.938025 -0.249256 0.961416 0.116411 -0.904619 -0.274056 0.326432
-1.081025 -3.308230 15.274151 1.039945 0.330299 -0.041932 0.942945 -0.326518 0.932257 0.155831 -0.885601 -0.359360 0.294232
-0.239916 -3.313438 33.581899 -1.426915 0.349938 0.030630 0.936272 -0.305681 0.948490 0.083221 -0.885496 -0.315323 0.341275
-1.331917 -3.687019 15.056063 -10.075039 0.324901 -0.092214 0.941242 -0.216211 0.961636 0.168844 -0.920702 -0.258364 0.292499
0.509487 -3.936089 65.335688 -33.681124 0.345704 0.059415 0.936461 -0.243981 0.969359 0.028566 -0.906070 -0.238354 0.349607
-0.786552 -4.299619 29.399092 -38.535952 0.350411 -0.088884 0.932369 -0.157717 0.975671 0.152287 -0.923221 -0.200413 0.327867
-0.181153 -3.307570 4.162389 8.002237 0.883713 0.447046 0.138565 -0.460665 0.883125 0.088754 0.082693 0.142265 -0.986368
-0.151307 -3.558066 3.926959 -7.684797 -0.878434 -0.461608 -0.123577 -0.462960 0.886169 -0.019282 0.118411 0.040273 -0.992148
-0.109170 -3.284928 -3.565053 8.049355 0.881371 0.455312 0.126001 -0.467774 0.878415 0.097850 0.066129 0.145182 -0.987193
-0.146888 -3.563205 -7.957065 -3.735530 -0.871559 -0.465440 -0.154113 -0.469355 0.882926 -0.012190 0.141744 0.061710 -0.987978
-0.135186 -3.279487 2.581887 19.050999 0.890129 0.435639 0.133749 -0.454823 0.867555 0.201205 0.028382 0.239931 -0.970375
-0.105913 -3.381984 5.705485 11.599933 0.885126 0.441618 0.146716 -0.458965 0.880509 0.118553 0.076830 0.172272 -0.982049
-0.997723 -3.296534 -0.533407 -13.858992 0.865586 -0.343264 -0.364597 0.351756 -0.101417 0.930582 0.356411 0.933748 -0.032960
-1.120173 -3.542840 -0.604853 -1.841414 0.868890 -0.342941 -0.356961 0.307961 -0.190067 0.932220 0.387543 0.919927 0.059535
-0.802717 -3.438856 11.184178 -5.798178 0.834063 -0.362825 -0.415569 0.376748 -0.175655 0.909509 0.402989 0.915152 0.009814
-1.109309 -3.448223 -3.650610 -5.595859 0.895059 -0.319039 -0.311584 0.279242 -0.143800 0.949392 0.347699 0.936769 0.039620
-0.585233 -3.083728 14.545613 -20.116407 0.826826 -0.369747 -0.423846 0.426048 -0.080254 0.901134 0.367207 0.925660 -0.091173
-0.676179 -2.825335 8.447201 -23.974684 0.849867 -0.348996 -0.394876 0.416939 -0.012999 0.908842 0.322315 0.937034 -0.134463
-0.948597 -3.127402 -2.418874 -16.951926 0.884753 -0.325484 -0.333575 0.337233 -0.046932 0.940251 0.321692 0.944382 -0.068241
0.283782 -7.051978 11.978291 2.606761 0.973823 0.227036 -0.011059 0.020263 -0.038253 0.999063 -0.226401 0.973135 0.041852
0.174617 -6.952754 6.260364 -1.120507 0.970271 0.241976 -0.004770 -0.031974 0.147694 0.988516 -0.239901 0.958976 -0.151040
0.021118 -7.072574 5.304907 -6.060453 0.970456 0.240350 -0.021121 0.010442 0.045620 0.998904 -0.241051 0.969614 -0.041762
-3.214612 -11.717454 -15.647794 -30.806632 0.949965 0.198723 -0.240988 0.291686 -0.288394 0.912002 -0.111736 0.936663 0.331929
-2.568338 -11.060324 -29.013617 -95.502058 0.949808 0.264143 -0.167608 0.213060 -0.153898 0.964842 -0.229062 0.952126 0.202452
-2.559155 -11.846812 -28.320050 -22.068460 0.934717 0.303589 -0.184763 0.304671 -0.416848 0.856396 -0.182974 0.856780 0.482130
-0.785626 -8.174918 23.280710 12.870344 0.975581 0.144538 -0.165380 -0.200844 0.282285 -0.938071 0.088903 -0.948380 -0.304421
-0.973082 -7.779073 16.742363 14.741998 0.984222 0.111950 -0.137016 -0.167448 0.339163 -0.925705 0.057162 -0.934043 -0.352558
-0.740730 -7.740427 15.302255 -1.689445 0.986008 0.109119 -0.126020 -0.163882 0.496188 -0.852608 0.030506 -0.861331 -0.507128
-0.277700 -7.637678 13.192438 11.328986 0.980143 0.126538 -0.152672 -0.194106 0.454840 -0.869163 0.040541 -0.881538 -0.470370
-0.351750 -7.495325 9.993979 -8.320311 0.985977 0.100637 -0.133124 -0.166880 0.590764 -0.789397 0.000798 -0.800543 -0.599274
-0.955111 -7.301385 7.802705 -5.322147 0.992266 0.058537 -0.109458 -0.123276 0.567863 -0.813839 -0.014517 -0.821039 -0.570688
-0.596505 -7.730163 11.171967 -8.828200 0.990700 0.082006 -0.108572 -0.134778 0.700843 -0.700467 -0.018650 -0.708586 -0.705378
-3.060284 -5.770175 52.587580 49.642736 0.187697 -0.504463 0.842786 0.976599 0.187570 -0.105226 -0.104999 0.842814 0.527864
-2.784632 -4.495763 59.319489 23.116999 0.536365 -0.418059 0.733171 0.842866 0.220583 -0.490836 0.043474 0.881232 0.470681
-4.102130 -5.751857 30.356320 58.914136 0.162089 -0.368528 0.915377 0.985917 0.099174 -0.134653 -0.041158 0.924312 0.379413
-1.564822 -4.445042 59.410480 30.007456 0.414281 -0.504581 0.757476 0.910045 0.242212 -0.336379 -0.013739 0.828693 0.559535
1.031270 -3.528174 -0.955422 -0.611405 -0.676180 0.311995 0.667413 0.709156 0.521181 0.474835 -0.199697 0.794373 -0.573666
0.726863 -3.528259 14.768738 0.354319 -0.645675 0.295273 0.704214 0.729372 0.511531 0.454260 -0.226097 0.806938 -0.545647
1.018971 -3.561592 15.170586 -2.354417 -0.650962 0.299967 0.697330 0.708088 0.571037 0.415365 -0.273605 0.764158 -0.584126
1.228552 -3.586187 -2.426563 -1.496016 -0.679749 0.316701 0.661545 0.687350 0.589783 0.423918 -0.255913 0.742870 -0.618589
0.298921 -11.933418 0.840540 -14.164971 -0.252392 0.331905 0.908921 -0.455712 0.787864 -0.414243 -0.853595 -0.518758 -0.047597
0.189106 -11.429521 -11.207110 -12.561937 -0.276999 0.312316 0.908697 -0.410932 0.816350 -0.405842 -0.868566 -0.485830 -0.097788
0.178123 -11.244899 0.341685 23.902537 -0.261702 0.348773 0.899928 -0.179306 0.898622 -0.400410 -0.948347 -0.266151 -0.172634
0.168650 -10.428933 -5.834156 62.675513 -0.279560 0.358877 0.890536 0.111325 0.933377 -0.341194 -0.953652 0.003755 -0.300887
0.277339 -10.698391 7.428084 68.301211 -0.255484 0.356078 0.898853 0.092089 0.934442 -0.344001 -0.962418 -0.005113 -0.271526
0.312546 -12.236088 7.870082 10.142049 -0.249544 0.343090 0.905548 -0.394785 0.817847 -0.418654 -0.884235 -0.461970 -0.068642
0.215810 -11.275275 2.290067 46.398393 -0.264210 0.350120 0.898671 -0.137163 0.908670 -0.394341 -0.954662 -0.227453 -0.192056
0.519702 -7.005020 -16.160056 -3.792961 -0.815907 -0.544245 -0.195176 -0.427917 0.795423 -0.429174 0.388823 -0.266647 -0.881882
0.375611 -6.898038 -16.843776 29.097182 -0.825911 -0.526370 -0.202002 -0.473199 0.841958 -0.259210 0.306518 -0.118497 -0.944460
0.611801 -7.164082 -20.724109 29.362363 -0.829396 -0.520058 -0.204062 -0.472446 0.847878 -0.240620 0.298156 -0.103161 -0.948926
1.009796 -3.195051 71.708642 30.724529 -0.691219 0.667897 0.275916 -0.390795 -0.666648 0.634712 -0.607861 -0.330899 -0.721811
2.409778 -3.200396 116.183386 17.535190 -0.603048 0.778157 0.175513 -0.507294 -0.543905 0.668446 -0.615618 -0.314068 -0.722756
4.012959 -4.124325 180.792687 23.875035 -0.597446 0.748155 0.288657 -0.530570 -0.638702 0.557275 -0.601294 -0.179789 -0.778538
1.399440 -3.804120 80.948211 -44.441938 -0.721885 0.580642 0.376479 0.347483 0.774621 -0.528410 -0.598446 -0.250631 -0.760951
11.869890 -6.238252 455.506642 17.312187 -0.608114 0.685015 0.401187 0.577123 0.728494 -0.369087 -0.545093 0.007087 -0.838346
3.894780 -4.726326 227.965630 -29.707081 -0.663657 0.603995 0.441305 0.452447 0.793917 -0.406187 -0.595694 -0.069901 -0.800164
0.023437 -14.719562 6.007729 -32.527001 0.889159 0.137580 -0.436427 0.123730 0.845923 0.518753 -0.440554 0.515253 -0.735137
0.125698 -15.961637 5.860513 -97.383955 0.886545 0.119041 -0.447065 0.244584 0.699653 0.671315 -0.392704 0.704496 -0.591159
0.224535 -17.393714 8.179314 -77.339708 0.894735 0.126267 -0.428375 0.206492 0.733545 0.647513 -0.395992 0.667809 -0.630255
0.117504 -15.923044 -5.575926 -76.596284 -0.889377 -0.160994 0.427890 0.028205 0.914839 0.402833 -0.456304 0.370339 -0.809095
-0.180996 -15.672415 -9.574277 -47.470730 -0.890403 -0.167527 0.423223 -0.039294 0.954626 0.295205 -0.453475 0.246221 -0.856584
0.121041 -13.261856 -12.038291 -15.323900 0.262825 -0.368293 -0.891787 0.733355 -0.524375 0.432690 -0.626987 -0.767718 0.132271
0.003623 -12.671468 6.149030 1.477679 -0.262322 0.350525 0.899066 -0.529250 0.726801 -0.437784 -0.806897 -0.590670 -0.005140
-0.286517 -12.571957 16.355201 6.091771 -0.267567 0.374125 0.887940 -0.551548 0.696158 -0.459520 -0.790065 -0.612694 0.020079
-0.475448 -13.175881 -19.033845 -18.198172 0.292974 -0.381202 -0.876842 0.718003 -0.517882 0.465048 -0.631378 -0.765822 0.121978
-1.892801 -2.562783 -3.859394 -15.854292 0.246761 -0.481392 0.841053 -0.406473 0.736441 0.540772 -0.879710 -0.475306 -0.013948
-1.727646 -3.041758 -4.184673 -8.025377 0.200242 -0.405369 0.891953 -0.323492 0.831979 0.450736 -0.924800 -0.378796 0.035464
-1.681889 -2.903534 -4.806342 -10.464600 0.194491 -0.511797 0.836802 -0.365828 0.753697 0.545996 -0.910134 -0.412317 -0.040642
-1.580564 -2.464003 10.713796 -13.747303 -0.304662 0.692589 -0.653836 -0.396024 0.532204 0.748281 -0.866225 -0.486908 -0.112139
1.496345 -35.402856 2.640754 -522.294222 0.847598 0.232632 -0.476928 -0.368395 0.904858 -0.213348 0.381920 0.356532 0.852656
0.948018 -30.077248 5.473059 329.530173 0.852694 0.205747 -0.480188 0.380372 -0.874578 0.300715 0.358091 0.439068 0.824008
1.054709 -26.598713 11.501077 -333.679433 0.836012 0.232647 -0.496950 -0.238577 0.969698 0.052609 0.494130 0.074579 0.866183
2.413137 -88.003033 49.602352 -2943.524826 0.857235 0.129112 -0.498475 -0.069935 0.988277 0.135711 0.510154 -0.081475 0.856215
-2.407169 -127.305793 181.739507 -3207.822517 0.804424 0.536266 -0.255581 -0.338934 0.767644 0.543917 0.487880 -0.350915 0.799270
-2.487264 -111.602152 44.026261 1238.442241 0.769754 0.637795 0.026404 0.424232 -0.480223 -0.767733 0.476976 -0.602166 0.640226
5.961314 -179.863914 -53.336800 -6827.911874 0.886668 0.437839 -0.148715 0.462268 -0.831456 0.308203 -0.011293 0.342020 0.939625
-5.613060 -86.079696 92.938060 -1242.325368 0.850433 0.504043 -0.150679 0.519056 -0.850578 0.084246 0.085701 0.149856 0.984987
-0.872977 -184.468988 -416.110026 -9713.882567 0.858379 0.512748 0.016570 0.304966 -0.535976 0.787226 -0.412530 0.670685 0.616442
-9.606256 -186.002117 81.398947 -2341.547006 0.924214 0.381848 0.004418 0.130573 -0.326866 0.936007 -0.358857 0.864494 0.351953
5.234068 -301.450832 -168.049863 -7833.467254 0.834014 0.551616 -0.011829 0.548264 -0.826161 0.129862 -0.061862 0.114792 0.991461
-248.378220 -556.129607 -30837.472976 -14797.980506 0.591998 -0.701066 -0.397548 0.770631 0.636808 0.024570 0.235936 -0.320908 0.917252
-7.669376 -211.269576 -182.696408 3817.327653 0.851171 0.524811 0.009016 0.313482 -0.494498 -0.810679 0.420994 -0.692853 0.585421
0.314607 -1.600969 66.282632 6.925937 -0.011292 -0.644095 0.764862 0.861703 -0.394323 -0.319340 0.507288 0.655478 0.559471
2.118111 -1.012624 80.289636 3.537608 0.187649 -0.700708 0.688329 0.823685 -0.269510 -0.498906 0.535099 0.660585 0.526589
0.474669 -1.313877 80.424569 10.238470 0.221444 -0.737351 0.638182 0.795215 -0.242252 -0.555830 0.564442 0.630577 0.532708
1.055411 -2.425063 -27.698212 -14.106200 -0.811384 0.231665 0.536644 -0.155790 0.799182 -0.580549 -0.563370 -0.554653 -0.612352
0.529003 -2.764901 -28.439608 -11.403356 -0.818558 0.216263 0.532159 -0.131970 0.830840 -0.540638 -0.559058 -0.512773 -0.651550
1.385868 -2.710957 -31.685129 -12.559633 -0.805910 0.218987 0.550049 -0.138498 0.833563 -0.534782 -0.575611 -0.507166 -0.641447
1.706092 -2.395445 -25.531295 -16.518002 -0.793692 0.236486 0.560471 -0.162850 0.805114 -0.570325 -0.586117 -0.543935 -0.600501
1.301154 -1.990598 26.831746 -17.321036 0.812777 -0.265545 -0.518536 -0.162997 0.750874 -0.640015 -0.559308 -0.604709 -0.567011
2.080113 0.019921 111.696833 -13.422710 0.687580 -0.498821 0.527647 0.574132 -0.071390 -0.815644 -0.444529 -0.863760 -0.237303
3.842911 0.186100 -116.059018 -6.287444 -0.580563 0.529405 -0.618609 0.654661 -0.148224 -0.741248 -0.484113 -0.835320 -0.260528
3.916957 0.154168 -127.913135 -3.985575 -0.579604 0.505961 -0.638797 0.669329 -0.151553 -0.727345 -0.464820 -0.849138 -0.250814
1.091262 -0.132711 88.253956 -16.551483 0.791872 -0.496670 0.355327 0.429467 0.039256 -0.902229 -0.434161 -0.867051 -0.244390
-0.966069 -3.136061 13.752931 -2.513651 -0.724144 0.447262 0.524950 0.221479 0.871685 -0.437164 -0.653118 -0.200305 -0.730284
-0.841444 -3.126791 -4.011694 -0.064755 -0.726173 0.454492 0.515858 0.236679 0.869723 -0.433088 -0.645488 -0.192404 -0.739138
-0.858001 -3.084935 7.818268 1.277080 -0.723120 0.449115 0.524779 0.293004 0.887460 -0.355758 -0.625497 -0.103493 -0.773332
-1.688592 -2.875758 3.437261 14.096002 -0.894941 -0.180293 0.408137 -0.158101 0.983513 0.087789 -0.417235 0.014039 -0.908690
-1.405185 -2.612908 7.283541 12.265928 -0.890222 -0.000224 0.455527 0.029408 0.997885 0.057964 -0.454577 0.064997 -0.888333
-1.533329 -2.628487 5.293145 13.582277 -0.897906 -0.185686 0.399107 -0.136009 0.979340 0.149649 -0.418649 0.080089 -0.904610
-1.903486 -3.118224 3.843760 14.565577 -0.859577 -0.375632 0.346451 -0.352040 0.926725 0.131337 -0.370399 -0.009070 -0.928829
-1.376445 -2.300305 7.286571 11.765230 -0.904548 -0.169542 0.391215 -0.095433 0.974770 0.201784 -0.415555 0.145189 -0.897905
-1.713917 -2.719230 7.107591 16.561981 -0.865581 -0.380022 0.326117 -0.319998 0.920675 0.223516 -0.385189 0.089114 -0.918525
0.598530 -7.561484 -25.002597 27.640402 0.998724 0.048725 -0.013287 0.019457 -0.613995 -0.789070 0.046606 -0.787804 0.614160
-0.066272 -7.472816 -42.193576 94.462365 0.999508 0.019112 0.024868 0.031364 -0.609857 -0.791891 -0.000031 -0.792281 0.610156
0.717446 -9.318034 -28.055564 152.380166 0.994858 0.073791 0.069378 0.101284 -0.726163 -0.680022 -0.000200 -0.683552 0.729902
-3.285327 -49.949954 -30.970104 -1261.729218 0.081563 0.883562 0.461157 -0.613869 0.409052 -0.675160 0.785183 0.228022 -0.575755
3.642203 -233.214019 -83.440351 -10139.403729 0.134451 0.911898 0.387770 -0.932188 0.249116 -0.262616 0.336079 0.326166 -0.883554
-2.169691 -195.273443 -131.877826 6927.974674 0.214683 0.865371 0.452817 0.954601 -0.283946 0.090063 0.206514 0.412925 -0.887043
-2.522143 -144.450146 -77.189112 -5116.742642 -0.003490 0.860354 0.509685 -0.866332 0.251967 -0.431257 0.499457 0.443061 -0.744473
-0.402795 -6.467412 0.790904 2.103995 0.956947 0.284496 -0.057570 0.120616 -0.209349 0.970374 -0.264015 0.935540 0.234651
-0.410395 -6.658669 1.958135 -27.685368 0.954781 0.287337 -0.076356 0.172231 -0.325212 0.929824 -0.242341 0.900930 0.359995
-0.386408 -6.688668 -2.138400 -10.723137 0.956527 0.282053 -0.074181 0.158289 -0.288445 0.944322 -0.244952 0.915011 0.320551
-0.351474 -6.487985 0.219020 6.843700 0.959374 0.275355 -0.061481 0.110963 -0.167896 0.979540 -0.259399 0.946568 0.191630
-1.795638 -2.458816 -36.421651 -26.799029 0.785480 0.513572 -0.345348 -0.219027 0.752582 0.621006 0.578834 -0.412147 0.703624
-1.060048 -2.188518 78.020513 -33.072914 0.517184 -0.326535 -0.791136 0.582650 0.811421 0.045984 0.626929 -0.484737 0.609909
-1.898338 -2.457343 68.415466 -26.753827 0.425490 -0.497972 -0.755633 0.632645 0.760729 -0.145094 0.647085 -0.416311 0.638722
-2.408345 -3.231547 -19.962337 -20.719117 0.727467 0.589351 -0.351364 -0.313379 0.740939 0.593972 0.610398 -0.321984 0.723699
3.888308 -2.177888 -54.824411 -14.771096 0.810715 -0.556689 0.181215 -0.549695 -0.617324 0.562803 0.201438 0.555886 0.806482
2.504052 -1.529449 -23.573826 1.984588 0.745908 -0.576185 0.334113 -0.659030 -0.565836 0.495489 0.096440 0.589780 0.801785
2.833612 -1.800095 -95.654528 2.042789 0.858446 -0.452861 0.240807 -0.501093 -0.640321 0.582146 0.109438 0.620408 0.776607
-1.171080 -2.304793 -6.584188 5.627555 0.680817 -0.017113 0.732253 0.633971 -0.486926 -0.600819 -0.366835 -0.873275 0.320658
-1.051592 -2.641438 0.630008 8.747632 0.809988 -0.073741 0.581792 0.486748 -0.468811 -0.737084 -0.327104 -0.880215 0.343838
-1.253996 -2.677609 2.780838 17.993530 0.836596 -0.128268 0.532591 0.408556 -0.501580 -0.762561 -0.364950 -0.855549 0.367216
-0.809461 -2.194688 12.491254 1.103970 -0.588838 -0.053127 -0.806503 0.742864 -0.428745 -0.514131 -0.318470 -0.901862 0.291928
0.764524 -3.911271 79.939123 -14.747448 0.755564 -0.184892 -0.628440 -0.524582 -0.745358 -0.411407 0.392347 -0.640513 0.660157
-0.824562 -3.938893 53.918504 -12.391152 0.747215 -0.223598 -0.625838 -0.571808 -0.696211 -0.433965 0.338682 -0.682125 0.648074
0.293027 -4.178424 74.353336 -8.848688 0.770994 -0.165505 -0.614961 -0.552189 -0.654799 -0.516068 0.317264 -0.737460 0.596236
1.365856 -4.436296 66.322075 -5.277356 0.796035 -0.167024 -0.581748 -0.553514 -0.589726 -0.588086 0.244848 -0.790143 0.561892
1.832808 -4.179499 62.967626 -11.303550 0.791066 -0.186551 -0.582592 -0.526124 -0.693375 -0.492366 0.312103 -0.696009 0.646655
-0.199595 -5.711955 1.294705 22.735908 0.773506 -0.046376 -0.632089 -0.380781 -0.831261 -0.404983 0.506650 -0.553944 0.660645
-0.305548 -5.397188 6.148539 19.689822 0.779826 -0.036785 -0.624914 -0.389322 -0.810224 -0.438139 0.490203 -0.584965 0.646155
-0.254963 -5.198564 4.435085 1.419735 0.784099 -0.019209 -0.620339 -0.406218 -0.771567 -0.489562 0.469229 -0.635857 0.612788
-0.134272 -5.601860 -0.580553 12.718389 0.779388 -0.038619 -0.625350 -0.408417 -0.788213 -0.460343 0.475131 -0.614189 0.630097
0.887315 -7.223793 -5.849786 -2.746522 -0.939877 0.003867 0.341492 0.063881 0.984277 0.164673 -0.335486 0.176588 -0.925346
0.732565 -6.901165 5.682865 14.272815 0.944258 -0.027257 -0.328077 0.130050 0.946394 0.295677 -0.302430 0.321862 -0.897185
0.837277 -7.166986 -2.549976 18.758882 0.926601 -0.031722 -0.374705 0.168442 0.925894 0.338152 -0.336211 0.376448 -0.863278
1.906624 -8.144657 2.531924 88.714474 -0.089806 0.447524 0.889751 0.968011 -0.170931 0.183679 0.234287 0.877784 -0.417858
1.731950 -6.717467 -4.711559 65.785556 -0.079105 0.471749 0.878177 0.926421 -0.290489 0.239499 0.368084 0.832508 -0.414059
1.688293 -7.307429 8.395745 69.646306 -0.090396 0.389998 0.916368 0.947166 -0.250662 0.200113 0.307743 0.886042 -0.346734
2.702061 -4.107691 75.664131 -15.404031 0.676248 -0.619684 -0.398347 0.222208 0.687138 -0.691711 0.702362 0.379253 0.602375
3.041127 -4.522396 79.053507 -27.835261 0.697062 -0.573431 -0.430443 0.093630 0.667987 -0.738259 0.710872 0.474310 0.519318
1.214653 -4.762826 47.625703 -32.072244 0.687145 -0.601951 -0.406802 0.148474 0.664463 -0.732423 0.711187 0.442881 0.545957
0.968875 -4.285529 27.670230 -7.098452 0.681668 -0.635602 -0.362407 0.256160 0.671295 -0.695518 0.685354 0.381278 0.620416
1.959941 -4.415273 63.229961 21.673054 0.664288 -0.651936 -0.365652 0.327193 0.693439 -0.641940 0.672061 0.306794 0.673952
-0.057911 -5.943100 10.519896 55.101520 0.157691 -0.452013 -0.877962 -0.687413 0.588048 -0.426219 0.708941 0.670734 -0.217990
-0.046856 -6.180794 -4.740597 58.906714 -0.255053 0.520822 0.814673 0.718995 -0.461199 0.519944 0.646524 0.718359 -0.256838
-0.197196 -4.614135 -7.253272 -3.566899 -0.210675 0.486822 0.847715 0.694154 -0.536088 0.480375 0.688307 0.689647 -0.224989
-0.221364 -5.383165 5.829681 98.879705 0.158238 -0.439179 -0.884354 -0.683546 0.597606 -0.419084 0.712548 0.670812 -0.205636
-0.056804 -7.945533 21.160987 123.936722 0.110348 -0.431191 -0.895488 -0.603327 0.686934 -0.405115 0.789823 0.584975 -0.184347
0.074638 -8.650535 3.851453 126.449446 0.140021 -0.413613 -0.899621 -0.599673 0.687562 -0.409452 0.787900 0.596811 -0.151760
-0.198728 -5.894956 0.124572 -18.526531 -0.953742 0.020305 0.299940 -0.026722 0.988041 -0.151858 -0.299437 -0.152848 -0.941794
-0.250305 -5.938338 6.343922 -8.331432 -0.948727 0.069201 0.308427 0.006513 0.979814 -0.199806 -0.316028 -0.187553 -0.930027
-0.101451 -6.071336 6.927293 -9.241898 -0.947679 0.059607 0.313610 0.039972 0.996838 -0.068678 -0.316712 -0.052549 -0.947065
10.632855 -5.055111 -304.735445 3.640226 0.870903 -0.383176 -0.307741 0.406256 0.208932 0.889552 0.276558 0.899735 -0.337627
12.356224 -4.066997 -351.745587 -32.255742 0.862217 -0.348370 -0.367723 0.476867 0.313433 0.821193 0.170822 0.883402 -0.436373
21.137589 -4.598622 -664.812752 -45.860594 0.879795 -0.383581 -0.280759 0.409291 0.310906 0.857799 0.241745 0.869600 -0.430530
13.078165 -5.008910 -298.408855 -7.783217 0.846530 -0.486236 -0.216706 0.356413 0.215305 0.909183 0.395419 0.846888 -0.355563
-0.084338 -10.329342 -26.253692 -121.015130 0.730345 0.623803 -0.278327 0.385083 -0.039460 0.922038 -0.564187 0.780585 0.269036
-0.672339 -11.912599 0.655613 -156.231725 0.730150 0.602395 -0.322493 0.416381 -0.018047 0.909011 -0.541763 0.797994 0.264003
0.269655 -8.491713 -28.389798 -78.464441 0.727104 0.626358 -0.281061 0.271561 0.113601 0.955693 -0.630535 0.771213 0.087495
-0.900199 -13.235069 4.346125 -130.907878 0.743214 0.595290 -0.305391 0.519883 -0.226524 0.823656 -0.421135 0.770920 0.477837
3.469873 -9.479611 -131.739189 -99.110021 0.730686 0.647941 -0.215106 0.276929 0.006698 0.960867 -0.624026 0.761661 0.174539
0.706318 -13.150560 -56.511978 -161.694220 0.740785 0.628605 -0.236841 0.438132 -0.184877 0.879694 -0.509193 0.755431 0.412366
-1.200865 -11.720916 -35.201201 -25.486329 0.909482 -0.140892 -0.391142 -0.372655 0.140826 -0.917222 -0.184312 -0.979958 -0.075575
-1.505090 -11.445180 -20.766539 -52.428361 0.919869 -0.100134 -0.379229 -0.389659 -0.122863 -0.912727 -0.044802 -0.987359 0.152035
-0.499512 -11.498432 -12.219297 -20.776391 0.914225 -0.144148 -0.378701 -0.371589 0.074481 -0.925405 -0.161601 -0.986749 -0.014528
-0.444206 -12.050547 -28.904403 -38.767807 0.904609 -0.162765 -0.393942 -0.323823 0.338550 -0.883472 -0.277167 -0.926764 -0.253548
0.674330 -1.361764 -8.596482 -4.601478 0.735685 -0.648608 -0.195131 0.490675 0.708952 -0.506581 0.466911 0.276938 0.839821
0.712528 -1.369434 -3.504659 -13.622524 0.729670 -0.646885 -0.221632 0.493700 0.722636 -0.483796 0.473120 0.243592 0.846653
0.556986 -1.640242 -7.355837 -17.110063 0.711012 -0.678302 -0.185390 0.545234 0.698290 -0.463800 0.444052 0.228686 0.866326
0.351082 -1.679637 -31.142422 -5.180494 0.803114 -0.564035 -0.192021 0.443949 0.781417 -0.438516 0.397387 0.266931 0.877970
0.702642 -1.219431 -4.478815 13.798969 0.785280 -0.570479 -0.240603 0.387710 0.756078 -0.527283 0.482718 0.320780 0.814913
-0.714924 -9.140995 3.450922 -89.913962 0.783896 0.545320 -0.296870 -0.233599 0.702035 0.672740 0.575272 -0.458010 0.677709
-0.813753 -7.684152 5.927322 -16.205847 0.785341 0.562106 -0.259377 -0.215911 0.641377 0.736219 0.580192 -0.522180 0.625064
-0.669563 -8.247906 0.400845 41.129276 0.777173 0.579424 -0.245500 -0.195508 0.593139 0.781001 0.598147 -0.558976 0.574253
-0.647828 -8.036419 -3.893125 -19.373842 0.779507 0.555100 -0.290228 -0.208464 0.666815 0.715472 0.590687 -0.497213 0.635506
-0.825147 -27.528754 -100.584643 672.644419 0.170445 0.985366 -0.001369 0.859192 -0.147939 0.489798 -0.482428 0.084660 0.871835
-3.741108 -51.481843 -71.694668 1362.349273 0.260261 0.961607 0.087040 0.745086 -0.257355 0.615317 -0.614093 0.095290 0.783460
-1.082314 -138.477379 -93.004969 4610.121361 0.204219 0.975550 0.081219 0.558196 -0.184205 0.809003 -0.804184 0.119877 0.582167
1.907353 -55.421076 -117.828166 1210.635450 0.157668 0.987492 0.000702 0.387193 -0.062475 0.919880 -0.908418 0.144764 0.392200
1.494313 -59.241136 -105.115356 1865.170021 0.207034 0.978105 -0.021140 0.749623 -0.144713 0.645851 -0.628651 0.149560 0.763171
-43.428998 -379.629708 -1815.405110 -88208.577081 0.720447 0.587065 -0.369202 0.693332 -0.621751 0.364303 0.015682 0.518440 0.854970
-7.657567 -469.855065 67.246904 -816.463539 0.611695 0.675459 -0.411807 -0.312479 0.684523 0.658623 0.726764 -0.274196 0.629786
-2.056853 -204.207397 -104.951586 306.521594 0.619387 0.685190 -0.383242 -0.077529 -0.432384 -0.898350 0.781248 -0.586139 0.214691
-107.866659 -1370.508096 -56086.559783 37313.084148 0.688391 -0.725161 0.016100 -0.674505 -0.631826 0.381889 0.266759 0.273748 0.924068
-54.749162 -260.277074 -1548.324668 8039.541618 0.687319 0.664020 -0.294398 0.177095 0.239880 0.954513 -0.704436 0.708192 -0.047280
-0.985264 -2.135884 -2.329241 -21.817722 0.615661 0.052249 -0.786277 0.585994 -0.697469 0.412490 0.526852 0.714707 0.460023
-1.016039 -2.645997 -1.486584 -18.061103 0.654821 -0.021284 -0.755484 0.484543 -0.755320 0.441260 0.580024 0.655010 0.484287
-1.063072 -2.161433 -0.119256 -20.388444 0.623708 -0.016210 -0.781489 0.546258 -0.706079 0.450616 0.559097 0.707948 0.431532
-1.062559 -1.698462 0.716523 -21.788266 -0.553753 -0.085231 0.828308 0.652204 -0.662827 0.367818 0.517675 0.743906 0.422630
-1.002020 -1.637714 3.593002 -18.195613 -0.541402 -0.136171 0.829663 0.688090 -0.638811 0.344171 0.483132 0.757218 0.439551
-0.833654 -2.096629 -4.137247 -20.847185 0.636477 0.069524 -0.768156 0.595722 -0.676905 0.432337 0.489911 0.732780 0.472251
-2.180292 -4.242441 -4.854395 -8.795986 0.988332 -0.148068 -0.035725 0.037954 0.466543 -0.883684 -0.147513 -0.872017 -0.466719
-1.988455 -4.003590 -0.511567 -5.677001 0.976507 -0.141534 -0.162490 -0.082975 0.448946 -0.889698 -0.198871 -0.882279 -0.426655
-2.222137 -4.191115 -0.129470 -3.796594 0.983048 -0.182709 -0.015288 0.087891 0.542779 -0.835264 -0.160908 -0.819761 -0.549636
-0.189959 -5.996356 -0.996621 -5.479417 -0.949937 0.101219 0.295592 0.041212 0.978397 -0.202587 -0.309712 -0.180263 -0.933586
-0.272174 -6.072963 1.595478 -1.758204 0.948113 -0.103671 -0.300556 -0.017606 0.926772 -0.375212 -0.317446 -0.361035 -0.876859
-0.270514 -5.882284 -8.627829 -6.525504 -0.951037 0.112879 0.287726 0.025091 0.956048 -0.292134 -0.308056 -0.270611 -0.912070
-0.269290 -5.933232 -8.258652 -1.780235 -0.950232 0.113694 0.290055 0.074017 0.986761 -0.144303 -0.302622 -0.115652 -0.946068
-0.346642 -3.464111 -10.614658 -15.576973 0.881137 -0.442221 -0.167446 -0.207803 -0.680219 0.702936 0.424754 0.584587 0.691262
-0.743345 -3.956131 3.105638 -11.496736 0.896505 -0.315368 -0.311162 -0.082061 -0.808394 0.582893 0.435368 0.497032 0.750609
-0.368372 -3.699646 -7.050368 -21.086167 0.889953 -0.390181 -0.236100 -0.106723 -0.681508 0.723987 0.443390 0.619117 0.648151
0.439647 -11.204999 4.879905 22.394703 0.399753 -0.265008 -0.877478 0.888429 -0.123581 0.442065 -0.225590 -0.956294 0.186039
0.298945 -11.663701 2.265161 -31.376658 0.444761 -0.292493 -0.846543 0.817451 -0.253680 0.517127 -0.366007 -0.922006 0.126272
0.672626 -10.981655 -11.351124 55.890467 0.451673 -0.332380 -0.827958 0.889051 0.089973 0.448881 -0.074705 -0.938844 0.336141
-3.092577 -60.849265 -44.644793 -1665.602476 -0.774926 -0.212460 -0.595274 -0.299207 0.952908 0.049403 0.556746 0.216394 -0.802003
-3.664559 -99.102599 42.648608 -3145.427088 0.875930 0.040370 0.480747 -0.341219 0.756296 0.558199 0.341052 0.652983 -0.676237
-1.773556 -51.332052 -28.254747 -1296.180540 -0.724222 -0.228620 -0.650566 -0.347189 0.936027 0.057561 0.595787 0.267556 -0.757265
-2.373452 -43.241175 -41.841734 -1096.801418 -0.735087 -0.206428 -0.645782 -0.068731 0.970302 -0.231927 0.674480 -0.126101 -0.727445
-0.997356 -5.403870 -18.503764 -95.091120 -0.646874 0.205672 0.734339 0.707915 0.520018 0.477952 -0.283567 0.829024 -0.481984
-0.372932 -3.541712 -51.247614 -39.708640 -0.441117 0.389170 0.808679 0.831319 0.516679 0.204819 -0.338118 0.762620 -0.551441
-0.991211 -4.482255 -5.507430 -71.467573 -0.495687 0.275048 0.823798 0.766961 0.583688 0.266606 -0.407511 0.763974 -0.500278
0.026105 -6.097659 -30.669332 105.522079 -0.334250 0.385676 0.859960 0.836320 0.542082 0.081948 -0.434563 0.746593 -0.503739
-0.991499 -6.885565 32.037717 -128.129407 -0.626054 0.107717 0.772304 0.684898 0.549445 0.478566 -0.372789 0.828557 -0.417758
-0.558899 -5.017907 12.601260 -23.460579 -0.444440 0.257734 0.857931 0.762369 0.611721 0.211167 -0.470389 0.747911 -0.468362
-0.802006 -3.966785 1.832888 -5.286843 0.910410 -0.229621 -0.344133 0.053090 0.889797 -0.453259 0.410286 0.394381 0.822270
-0.918808 -4.528017 6.355847 1.743401 0.900556 -0.178760 -0.396287 0.015964 0.924533 -0.380768 0.434447 0.336577 0.835447
-0.740777 -4.560692 2.595804 -0.274432 0.897813 -0.229718 -0.375714 0.018550 0.872136 -0.488911 0.439986 0.431982 0.787277
-0.816582 -5.075198 4.628926 -3.864078 0.892687 -0.149308 -0.425225 -0.007511 0.938466 -0.345290 0.450614 0.311430 0.836635
-5.162665 -7.238712 18.141802 -92.130620 -0.630794 -0.208116 0.747520 0.712599 0.225883 0.664213 -0.307085 0.951664 0.005817
-4.498022 -6.409827 -56.375349 -29.515581 0.873793 0.354145 -0.333268 0.336952 0.053229 0.940016 -0.350642 0.933674 0.072819
-3.361866 -6.101227 -1.014375 -25.261781 0.911297 0.391756 -0.126747 0.136223 0.003636 0.990671 -0.388562 0.920062 0.050053
1.436836 -8.591151 20.630204 -162.227566 -0.575640 0.411090 0.706855 0.773324 -0.007222 0.633970 0.265724 0.911566 -0.313749
0.696882 -8.008708 18.056548 -135.662385 -0.560991 0.371067 0.739999 0.770499 -0.092804 0.630649 0.302688 0.923957 -0.233844
1.032203 -5.614416 23.567351 -70.485443 -0.516593 0.346895 0.782813 0.831402 -0.015345 0.555459 0.204698 0.937779 -0.280482
0.669773 -11.061170 18.199327 -165.565566 -0.622272 0.428938 0.654821 0.638223 -0.206364 0.741677 0.453265 0.879446 -0.145343
1.860452 -4.788926 34.968167 -52.758403 -0.523254 0.357337 0.773638 0.837592 0.048418 0.544146 0.156986 0.932720 -0.324638
2.682100 -5.390714 35.557785 -102.924521 -0.542963 0.432689 0.719702 0.819903 0.087894 0.565715 0.181521 0.897249 -0.402487
1.724187 -12.799328 29.834703 -198.594554 -0.618432 0.467668 0.631529 0.631601 -0.182356 0.753542 0.467571 0.864889 -0.182605
2.673435 -10.134543 33.635305 -216.807826 -0.578354 0.470262 0.666604 0.758344 0.008722 0.651796 0.300700 0.882484 -0.361664
3.210807 -3.969885 181.578130 27.255698 0.166246 0.949989 0.264355 0.980603 -0.131044 -0.145755 -0.103823 0.283458 -0.953348
0.808054 -2.944668 198.282351 21.172051 0.180827 0.951448 0.249094 0.979308 -0.150782 -0.134985 -0.090872 0.268348 -0.959026
1.956194 -3.982128 192.474940 -6.159896 0.346103 0.906081 0.243373 0.922905 -0.282163 -0.261975 -0.168700 0.315280 -0.933884
0.430382 -5.883800 30.079791 -61.156182 0.550913 0.832759 0.054837 -0.807867 0.515651 0.285403 -0.209395 0.201533 -0.956838
0.163699 -15.300119 -10.027270 54.849082 0.176015 -0.392420 -0.902787 -0.493370 0.758436 -0.425866 0.851825 0.520367 -0.060112
-0.190438 -14.898918 -15.141031 81.247603 0.175828 -0.384219 -0.906345 -0.658641 0.638345 -0.398382 0.731626 0.667002 -0.140823
0.139769 -14.468743 6.673381 -135.113965 -0.178587 0.398564 0.899585 0.744382 -0.543160 0.388424 0.643430 0.739002 -0.199682
-0.056927 -13.174239 9.980796 -149.713429 -0.179552 0.388714 0.903694 0.870174 -0.365732 0.330208 0.458866 0.845661 -0.272581
0.545697 -14.157925 7.481157 -130.119881 -0.180195 0.406636 0.895643 0.743017 -0.540397 0.394837 0.644558 0.736626 -0.204761
0.242022 -12.154796 8.503591 -115.264305 -0.184402 0.398027 0.898649 0.865737 -0.367072 0.340231 0.465290 0.840733 -0.276898
-0.603096 -3.167159 19.745107 1.413851 0.348824 -0.016810 0.937038 -0.378850 0.911976 0.157392 -0.857201 -0.409899 0.311750
-1.000241 -3.198862 11.724309 -6.985005 0.348346 -0.077749 0.934136 -0.424617 0.875355 0.231200 -0.835676 -0.477188 0.271913
-1.437674 -3.254074 12.657616 -4.064166 0.321887 -0.080158 0.943379 -0.393443 0.894975 0.210291 -0.861157 -0.438856 0.256544
-1.579098 -3.383811 11.454434 -0.895461 0.308136 -0.094241 0.946663 -0.294713 0.936673 0.189175 -0.904542 -0.337285 0.260848
0.029822 -3.533010 15.923017 1.418451 -0.866508 -0.486730 -0.110715 -0.485102 0.873398 -0.043032 0.117643 0.016421 -0.992920
-0.212451 -3.654113 7.838940 -1.944943 -0.872686 -0.472671 -0.122478 -0.467667 0.881235 -0.068643 0.140378 -0.002625 -0.990095
-0.126185 -3.710956 -4.927333 1.820553 -0.866148 -0.478896 -0.142989 -0.470515 0.877809 -0.089815 0.168529 -0.010515 -0.985641
-1.076239 -3.522236 4.086521 8.413067 0.848917 -0.355929 -0.390710 0.301521 -0.280996 0.911113 0.434079 0.891266 0.131223
-1.190815 -3.485060 -1.611185 4.876153 0.882257 -0.324388 -0.341168 0.261098 -0.265859 0.927980 0.391728 0.907795 0.149858
0.164654 -6.367342 9.727141 -28.075885 0.971663 0.236350 -0.002995 -0.072891 0.311670 0.947390 -0.224849 0.920326 -0.320066
0.117634 -6.266243 5.381483 -39.515823 0.970162 0.242436 -0.003162 -0.084916 0.351967 0.932153 -0.227100 0.904071 -0.362052
0.235093 -6.840291 9.153377 2.684275 0.972458 0.233079 0.000276 -0.041474 0.171876 0.984245 -0.229360 0.957148 -0.176809
0.367623 -7.140401 9.122237 6.353585 0.971470 0.236823 0.012698 -0.017836 0.019565 0.999649 -0.236492 0.971356 -0.023231
-2.934475 -11.830522 30.109203 -131.606800 0.884163 -0.068067 -0.462194 0.456809 -0.081328 0.885839 0.097885 0.994360 0.040813
-3.568785 -12.059517 -0.230277 -80.914878 0.920303 0.047897 -0.388264 0.390446 -0.174331 0.903969 0.024389 0.983521 0.179139
-3.235540 -13.265644 23.892069 -4.960504 0.886598 -0.060381 -0.458583 0.399890 -0.398184 0.825553 0.232448 0.915316 0.328883
-2.966954 -10.367363 13.795269 -175.366624 0.912989 -0.006734 -0.407929 0.404131 0.152037 0.901977 -0.055946 0.988352 -0.141530
-2.531889 -12.288271 54.223569 -116.041920 0.842536 -0.159839 -0.514378 0.489690 -0.170470 0.855070 0.224359 0.972312 0.065356
-2.424608 -10.850795 53.301591 -187.421141 0.873878 -0.156155 -0.460383 0.481037 0.140826 0.865316 0.070289 0.977642 -0.198181
-1.224971 -8.107220 16.056437 29.961515 0.977284 0.117968 -0.176068 -0.193532 0.158140 -0.968265 0.086381 -0.980344 -0.177378
-1.304851 -7.535807 -6.323843 21.636479 0.988517 0.037342 -0.146424 -0.151053 0.271072 -0.950633 -0.004193 -0.961835 -0.273599
-1.359436 -3.323183 -0.025646 -2.474410 0.083092 -0.517818 0.851446 -0.335861 0.789863 0.513142 -0.938239 -0.328606 -0.108283
-1.360969 -3.479678 -1.653240 -2.226520 0.063791 -0.530132 0.845512 -0.238230 0.814654 0.528758 -0.969111 -0.235157 -0.074326
-1.084277 -3.378562 -12.417896 9.381415 0.008951 -0.518323 0.855138 -0.272096 0.821642 0.500868 -0.962229 -0.237163 -0.133679
-1.392311 -3.523952 6.497282 -4.914312 0.118190 -0.502855 0.856252 -0.223763 0.826630 0.516346 -0.967451 -0.252625 -0.014821
-1.020296 -3.469424 -7.486320 6.918125 0.033297 -0.533524 0.845130 -0.378674 0.775820 0.504688 -0.924931 -0.336833 -0.176199
-1.209981 -3.237315 5.687290 -11.450660 0.111580 -0.567955 0.815461 -0.447935 0.703751 0.551442 -0.887076 -0.426804 -0.175882
-1.388321 -3.080153 -3.005153 -12.458819 0.135623 -0.576195 0.805981 -0.410330 0.707784 0.575040 -0.901796 -0.408706 -0.140438
-1.490606 -3.329819 -2.372854 -5.337851 0.134063 -0.504590 0.852887 -0.305711 0.797620 0.519946 -0.942639 -0.330443 -0.047328
0.094881 -3.484896 31.564491 3.306597 -0.627907 0.278198 0.726869 0.747015 0.477511 0.462550 -0.218407 0.833420 -0.507651
0.790395 -3.419107 8.330548 6.919029 -0.657647 0.304604 0.688997 0.740758 0.427852 0.517900 -0.137035 0.850975 -0.507014
0.770051 -3.262985 -2.906259 11.853468 -0.664768 0.319066 0.675485 0.743771 0.367295 0.558479 -0.069911 0.873665 -0.481479
0.592999 -3.140618 11.450824 9.133229 -0.645966 0.301884 0.701138 0.761329 0.321827 0.562854 -0.055729 0.897381 -0.437722
0.890771 -3.396402 0.416046 9.476408 -0.679608 0.310830 0.664468 0.723559 0.433205 0.537397 -0.120812 0.846001 -0.519313
0.385863 -6.388817 -17.280846 37.753621 -0.836442 -0.506516 -0.209301 -0.497374 0.861952 -0.098268 0.230182 0.021905 -0.972901
0.932860 -8.536685 -13.329505 44.155390 -0.232117 0.560462 0.794987 0.906682 0.420615 -0.031803 -0.352208 0.713418 -0.605792
0.660232 -8.924836 -5.307982 18.966889 -0.238519 0.529583 0.814033 0.786828 0.596699 -0.157645 -0.569219 0.602903 -0.559015
0.710896 -8.662879 -9.802639 25.397613 -0.226477 0.566456 0.792361 0.887258 0.455602 -0.072108 -0.401847 0.686698 -0.605776
1.009899 -8.657861 0.282146 41.515163 -0.239924 0.497797 0.833448 0.887789 0.459854 -0.019091 -0.392768 0.735346 -0.552268
0.980246 -8.063863 -12.994997 35.890104 -0.228641 0.570514 0.788820 0.945192 0.324111 0.039553 -0.233100 0.754630 -0.613350
1.112109 -7.993870 -15.482386 32.414868 -0.245939 0.555137 0.794567 0.947704 0.309740 0.076934 -0.203401 0.771935 -0.602282
0.238432 -19.405290 8.228441 -115.984113 0.883963 0.108192 -0.454868 0.362786 0.455002 0.813240 -0.294951 0.883894 -0.362954
0.511373 -21.017042 -3.049788 -46.846290 0.862003 0.120447 -0.492384 0.466788 0.190103 0.863695 -0.197634 0.974348 -0.107646
0.560824 -20.335568 -13.488036 -55.851783 0.876997 0.136280 -0.460765 0.449464 0.106358 0.886944 -0.169879 0.984945 -0.032022
0.133613 -22.481213 1.454620 -173.238202 0.877236 0.119175 -0.465032 0.445728 0.157544 0.881196 -0.178279 0.980294 -0.085084
0.155749 -20.253683 1.281984 -145.389648 0.882865 0.128080 -0.451825 0.342592 0.482407 0.806173 -0.321218 0.866533 -0.382021
-0.364727 -11.994344 16.637197 10.968236 -0.258358 0.360795 0.896146 -0.319534 0.843511 -0.431725 -0.911674 -0.397889 -0.102642
-1.974277 -2.820302 -1.614494 -16.113415 0.201923 -0.295607 0.933726 -0.407211 0.841714 0.354538 -0.890734 -0.451812 0.049587
-1.797072 -3.145177 -3.847908 -6.375222 0.201499 -0.265395 0.942849 -0.312039 0.895047 0.318626 -0.928456 -0.358408 0.097537
-1.604931 -3.396481 -6.944750 -3.792592 0.184371 -0.325185 0.927503 -0.214347 0.907663 0.360837 -0.959199 -0.265336 0.097644
-1.520974 -3.381591 -5.065027 -3.928452 0.163892 -0.399365 0.902024 -0.226580 0.874702 0.428437 -0.960105 -0.274598 0.052869
-0.461974 -161.097369 83.496307 -6485.648341 0.871305 0.178918 -0.456964 0.478999 -0.107581 0.871198 -0.106713 0.977965 0.179437
0.899657 -28.218557 8.709138 -225.977531 0.863348 0.199569 -0.463467 0.499601 -0.467140 0.729507 0.070917 0.861367 0.503009
2.151055 -37.783991 49.684130 -380.230004 0.885612 0.170564 -0.431971 0.442750 -0.590906 0.674391 0.140227 0.788504 0.598831
3.543426 -56.440772 51.304540 -1368.501823 0.918761 0.176015 -0.353408 0.383530 -0.185407 0.904726 -0.093721 0.966769 0.237851
3.339652 -36.441187 78.920007 19.399738 0.895324 0.194627 -0.400643 0.370954 -0.823710 0.428830 0.246552 0.532562 0.809685
4.678821 -85.365493 121.179047 -2505.819307 0.907491 0.167432 -0.385261 0.410215 -0.550724 0.726930 0.090461 0.817722 0.568461
-5.846733 -677.230557 476.244185 17581.658972 0.675290 0.700558 0.230656 -0.122262 0.414730 -0.901693 0.727349 -0.580704 -0.365714
-29.010825 -760.248890 -13.140195 21281.396088 0.789334 0.584660 -0.187417 -0.324094 0.137517 -0.935977 0.521455 -0.799538 -0.298032
1.546037 -1.460021 -56.951392 33.444754 0.737589 0.196099 -0.646148 0.632006 -0.537419 0.558345 0.237761 0.820199 0.520330
1.112325 -1.916463 53.025675 36.459765 -0.648022 -0.245210 0.721068 0.726924 -0.481636 0.489497 0.227263 0.841367 0.490360
