16157
32302
-4.260132 -5.742779 -53.065248 -65.628042 -0.056534 0.987603 0.146439 -0.032425 0.144780 -0.988932 0.997874 0.060656 -0.023838
-4.843720 -7.085878 -30.221838 -68.915067 -0.036497 0.942742 0.331521 -0.184587 0.319674 -0.929374 0.982138 0.095114 -0.162351
-5.680521 -7.147675 -62.961402 -119.746786 -0.014760 0.729086 0.684263 -0.138040 0.676299 -0.723578 0.990317 0.105135 -0.090661
-3.949040 -6.146378 12.368899 -46.426185 -0.022632 0.999728 0.005668 -0.114477 0.003040 -0.993421 0.993168 0.023132 -0.114377
-4.378270 -7.002700 -54.443272 -198.262862 0.070853 -0.480615 -0.874065 -0.066007 0.872087 -0.484879 0.995300 0.092050 0.030066
-3.148304 -4.675637 -34.701130 -49.447012 -0.089402 0.940373 0.328186 0.063991 0.334248 -0.940310 0.993938 0.063064 0.090058
-2.969254 -5.124085 16.701207 -41.944507 -0.044290 0.993635 -0.103575 0.032396 -0.102194 -0.994237 0.998493 0.047390 0.027663
-3.942575 -6.231683 3.953718 2.590826 0.322948 -0.744288 -0.584585 0.876526 0.468178 -0.111852 0.356941 -0.476282 0.803585
-3.875482 -6.507456 -6.161583 23.000452 0.286703 -0.730779 -0.619487 0.911233 0.407624 -0.059129 0.295728 -0.547544 0.782777
-3.896908 -6.048431 3.229292 10.857169 0.268889 -0.698798 -0.662858 0.865664 0.477064 -0.151774 0.422285 -0.533002 0.733202
-3.872967 -5.750676 -14.108494 15.246338 -0.264551 0.702640 0.660537 0.816221 0.527930 -0.234677 0.513611 -0.477060 0.713174
-3.959017 -5.894687 -4.813866 7.690725 -0.313103 0.724682 0.613842 0.832098 0.520883 -0.190509 0.457798 -0.451128 0.766097
0.104605 -4.474075 10.795079 -6.511386 0.011018 -0.879725 -0.475355 0.910190 0.205665 -0.359521 0.414044 -0.428702 0.802983
0.165599 -4.650545 11.911125 5.401934 -0.015909 -0.885581 -0.464213 0.942427 0.141821 -0.302851 0.334034 -0.442305 0.832338
0.059087 -4.470547 1.504865 -1.863512 -0.010718 -0.886895 -0.461848 0.927007 0.164350 -0.337116 0.374891 -0.431749 0.820396
0.088762 -4.253534 -3.410100 5.855540 -0.030372 0.877284 0.479010 0.882890 0.248216 -0.398615 0.468596 -0.410806 0.782084
-1.913484 -4.008299 -75.476311 88.121722 -0.291346 -0.858126 -0.422772 0.858347 -0.039394 -0.511555 0.422325 -0.511925 0.748047
-1.277849 -4.267839 -32.324821 57.962998 -0.260234 -0.870954 -0.416793 0.881293 -0.037904 -0.471048 0.394464 -0.489900 0.777430
-1.994921 -5.491978 -63.245239 40.806970 -0.289417 -0.865909 -0.407970 0.908177 -0.113751 -0.402834 0.302411 -0.487096 0.819320
-1.185874 -2.714881 -5.102374 71.847096 -0.074724 -0.826612 -0.557789 0.877628 0.211072 -0.430368 0.473481 -0.521690 0.709686
-0.759896 -10.957782 160.790496 -713.560485 0.779275 -0.094461 -0.619522 -0.405381 -0.829871 -0.383381 0.477908 -0.549902 0.684990
-0.583240 -5.330058 -2.454003 26.725289 -0.004891 -0.766956 -0.641681 0.964492 0.165833 -0.205560 0.264068 -0.619902 0.738911
-0.498957 -5.583680 3.611412 41.581442 -0.004467 -0.771939 -0.635682 0.960320 0.173961 -0.217997 0.278864 -0.611432 0.740531
-0.455710 -5.317801 12.769190 -8.103645 -0.010519 -0.760486 -0.649269 0.992202 0.072706 -0.101235 0.124194 -0.645271 0.753791
-0.414597 -5.328827 -5.150846 19.738148 0.004999 -0.787871 -0.615820 0.984618 0.111435 -0.134575 0.174652 -0.605674 0.776309
-0.446457 -5.612805 3.750070 -7.628541 -0.026153 -0.764813 -0.643722 0.998532 0.010565 -0.053120 0.047428 -0.644166 0.763414
-0.299405 -5.422195 2.095080 -53.658713 -0.001005 -0.771833 -0.635825 0.999979 -0.004872 0.004335 -0.006444 -0.635807 0.771821
-0.298422 -5.353116 2.255372 -65.568361 0.011088 -0.781472 -0.623842 0.999731 0.021381 -0.009014 0.020382 -0.623574 0.781499
-0.199520 -3.072873 -52.683325 -61.685831 -0.090210 0.790361 0.605963 0.255803 0.606419 -0.752875 0.962511 -0.087091 0.256882
-1.047942 -4.076388 -52.612502 -70.275981 -0.110501 0.762611 0.637349 0.206816 0.644882 -0.735768 0.972120 -0.050511 0.228980
-1.235292 -2.865002 -49.097385 -54.308403 -0.120175 0.760707 0.637873 0.263915 0.643890 -0.718161 0.957030 -0.082039 0.278141
-1.718277 -2.525209 18.976716 -49.893371 0.215461 -0.569021 -0.793595 0.230490 0.819354 -0.524913 0.948921 -0.069818 0.307692
-1.144111 -1.733128 -51.386401 -28.871875 -0.090061 0.814218 0.573531 0.316180 0.569455 -0.758782 0.944415 -0.113002 0.308725
-0.274974 -2.022834 -52.803751 -46.255952 -0.087150 0.800051 0.593568 0.301340 0.589093 -0.749775 0.949526 -0.113523 0.292427
-2.787326 -17.911883 -61.973417 91.418331 0.432831 -0.404235 -0.805762 -0.410020 0.707743 -0.575312 0.802833 0.579391 0.140588
-3.131963 -16.137947 25.385526 -129.606223 -0.362539 0.448442 0.816986 0.613950 -0.544607 0.571375 0.701164 0.708734 -0.077880
-2.063125 -16.068579 72.483097 -167.312188 -0.454716 0.378949 0.805997 0.623555 -0.510712 0.591906 0.635934 0.771732 -0.004067
-1.808034 -18.167222 -95.003753 90.054489 0.467712 -0.360894 -0.806846 -0.413401 0.717528 -0.560583 0.781246 0.595742 0.186403
-1.831265 -18.404331 -56.680408 40.055426 0.441186 -0.405099 -0.800781 -0.193707 0.828296 -0.525740 0.876261 0.387066 0.286963
0.146722 -12.456220 26.474074 -52.129571 0.046988 0.627286 0.777370 0.244009 0.747445 -0.617887 -0.968634 0.218719 -0.117943
-0.296495 -11.450236 33.053775 -34.217475 0.043158 0.644921 0.763029 0.106639 0.756404 -0.645353 -0.993361 0.109221 -0.036129
0.292570 -12.255857 23.678339 -11.062567 0.047049 0.653387 0.755561 0.088952 0.750653 -0.654681 -0.994924 0.098010 -0.022802
-0.404128 -12.121774 36.242950 -48.787128 0.046124 0.617276 0.785393 0.308495 0.738997 -0.598928 -0.950107 0.269915 -0.156341
0.492936 -12.946832 0.258075 -46.693895 0.023391 0.631718 0.774845 0.282238 0.739357 -0.611305 -0.959059 0.232990 -0.161001
0.236245 -13.128030 12.006200 -53.991816 0.020970 0.604572 0.796275 0.487798 0.689031 -0.535994 -0.872705 0.399661 -0.280460
0.921824 -9.891656 -1.449409 -55.482463 -0.021682 0.738294 0.674130 0.475999 -0.585336 0.656358 -0.879178 -0.335117 0.338736
0.903574 -9.998896 0.666470 11.735173 -0.028144 0.747076 0.664143 0.619710 -0.508278 0.598008 -0.784326 -0.428406 0.448665
1.060873 -10.196799 0.678298 -16.300702 -0.036989 0.732711 0.679534 0.585840 -0.534993 0.608748 -0.809582 -0.420615 0.409462
-1.476944 -4.695904 -28.274361 -26.825622 -0.542559 0.061597 -0.837756 0.738681 -0.439884 -0.510737 -0.399976 -0.895940 0.193162
-1.521311 -4.368783 -24.632934 9.777547 -0.498830 0.046640 -0.865444 0.735306 -0.505818 -0.451079 -0.458796 -0.861378 0.218023
-1.858502 -4.690339 -13.919420 -10.052882 -0.505779 0.107255 -0.855970 0.728263 -0.478778 -0.490311 -0.462408 -0.871360 0.164046
-1.706303 -5.250763 -19.027685 -38.477434 -0.519852 0.093115 -0.849166 0.765288 -0.390941 -0.511370 -0.379590 -0.915694 0.131972
-1.401275 -5.383622 -24.129983 -64.142744 -0.561120 0.070017 -0.824768 0.756319 -0.361515 -0.545242 -0.336343 -0.929733 0.149898
-0.414126 -12.533029 -18.310516 -206.780388 -0.103271 0.555565 0.825035 0.974761 -0.108529 0.195095 0.197928 0.824360 -0.530336
-0.692725 -16.635786 -27.209721 -250.697942 -0.124127 0.559604 0.819412 0.875897 -0.326242 0.355486 0.466258 0.761846 -0.449660
-0.319601 -12.896165 -8.727439 -259.237425 -0.115558 0.550568 0.826754 0.954319 -0.169348 0.246164 0.275539 0.817433 -0.505847
-0.184452 -9.912121 4.668809 -150.507058 -0.081861 0.549402 0.831538 0.988813 -0.059615 0.136732 0.124693 0.833428 -0.538376
-2.093929 -9.447454 -11.471503 -36.617615 -0.200426 0.688008 0.697477 0.392201 -0.596041 0.700652 -0.897780 -0.413980 0.150375
-1.928148 -9.132348 5.378611 -21.741415 -0.145154 0.717572 0.681191 0.357041 -0.604102 0.712448 -0.922741 -0.346628 0.168515
-2.030559 -9.247292 -13.810209 3.580722 -0.190125 0.704369 0.683898 0.233969 -0.644026 0.728347 -0.953473 -0.298488 0.042355
-2.019084 -9.212403 -9.201418 -4.041859 -0.219216 0.685602 0.694186 0.296482 -0.631038 0.716861 -0.929539 -0.362961 0.064935
-1.272348 -8.432339 -44.663588 35.755394 0.344558 -0.332939 -0.877742 0.027499 0.938175 -0.345067 0.938362 0.094758 0.332411
0.372103 -8.277061 -25.597151 -19.860657 0.327720 -0.174033 -0.928608 -0.183889 0.952340 -0.243378 0.926706 0.250521 0.280098
0.424793 -9.612101 -27.372972 -46.589437 0.338492 -0.427212 -0.838399 -0.036017 0.884460 -0.465224 0.940280 0.187672 0.283996
-0.691477 -9.139002 -32.217198 33.060243 0.334659 -0.490825 -0.804422 0.142189 0.870171 -0.471788 0.931550 0.043508 0.361000
-0.813891 -10.354993 -8.821390 -77.413957 -0.158490 0.176130 -0.971524 0.982309 0.127531 -0.137129 0.099747 -0.976071 -0.193227
-1.313686 -9.015351 -16.145002 -114.227474 -0.191539 0.149539 -0.970026 0.975846 -0.076775 -0.204524 -0.105058 -0.985771 -0.131222
-1.351984 -9.137356 -5.917719 -112.562819 -0.112226 0.190825 -0.975188 0.988191 -0.081599 -0.129690 -0.104323 -0.978227 -0.179414
-0.741528 -10.532291 13.741638 -94.723168 -0.061095 0.225508 -0.972324 0.996693 0.066078 -0.047301 0.053582 -0.971998 -0.228799
1.399896 -28.642023 37.346733 434.649799 0.483566 0.425498 0.764928 0.872548 -0.164979 -0.459829 -0.069459 0.889794 -0.451046
1.003211 -26.788878 18.477914 -97.469121 0.446767 0.433717 0.782489 0.879198 -0.374702 -0.294295 0.165560 0.819444 -0.548727
0.546085 -28.380729 15.150080 309.498412 0.478988 0.415150 0.773448 0.869353 -0.102252 -0.483497 -0.121637 0.903989 -0.409889
0.301964 -26.247502 5.276575 323.108138 0.471265 0.406268 0.782851 0.877217 -0.123672 -0.463891 -0.091647 0.905346 -0.414667
0.110292 -36.926261 23.310290 746.112955 0.513419 0.426585 0.744598 0.766838 0.161393 -0.621217 -0.385175 0.889931 -0.244259
0.162384 -37.405908 12.487687 666.583023 0.497067 0.424429 0.756825 0.757445 0.213279 -0.617082 -0.423322 0.879984 -0.215467
1.293259 -40.549817 21.794628 1050.184515 0.484185 0.412322 0.771722 0.799601 0.149592 -0.581602 -0.355251 0.898673 -0.257263
-17.183864 -797.071715 123.697414 -53572.354881 0.622047 0.604329 0.497839 -0.059448 -0.597539 0.799633 -0.780720 0.527005 0.335771
-3.593467 -21.903780 34.505008 211.135513 0.464876 0.659349 0.590888 0.773738 -0.626956 0.090865 -0.430372 -0.414952 0.801620
19.450248 -638.009977 -297.116578 -39825.201490 0.231714 0.710023 0.664963 -0.000857 -0.683418 0.730027 -0.972784 0.169727 0.157749
57.465448 -10.319089 39.500929 -479.422377 0.888618 0.041098 -0.456803 0.354359 0.570800 0.740687 -0.291184 0.820060 -0.492660
1.681880 -10.926039 -11.035681 55.092785 -0.126311 0.636661 0.760729 0.749308 0.563775 -0.347413 0.650064 -0.526138 0.548266
1.318085 -11.316946 -26.878518 93.322732 -0.077975 0.615210 0.784498 0.774563 0.532804 -0.340841 0.627672 -0.581065 0.518064
1.398265 -12.067297 14.078900 117.078742 0.100839 -0.632212 -0.768205 0.851501 0.454195 -0.262017 0.514565 -0.627706 0.584130
1.490980 -11.927316 -9.389871 104.819929 0.155722 -0.654113 -0.740194 0.856088 0.463210 -0.229237 0.492812 -0.597974 0.632111
1.775550 -11.090806 11.153508 57.947070 -0.174699 0.658411 0.732103 0.749097 0.571425 -0.335152 0.639010 -0.489865 0.593041
-0.614084 -7.520667 7.426005 -6.984854 -0.235413 0.659763 0.713648 -0.358335 0.623633 -0.694750 0.903425 0.419278 -0.089605
-0.625045 -7.761283 9.113927 -17.777427 -0.255749 0.666918 0.699866 -0.315805 0.626591 -0.712496 0.913707 0.403241 -0.050366
-0.693178 -8.001777 -5.898019 -13.445515 0.244425 -0.661427 -0.709063 -0.206434 0.678985 -0.704531 0.947439 0.318580 0.029420
-0.458505 -7.761278 4.565935 15.519169 -0.242879 0.661771 0.709274 -0.490673 0.546924 -0.678317 0.836809 0.512771 -0.191877
-0.487339 -7.690688 4.572764 30.846395 -0.218135 0.651991 0.726171 -0.511869 0.557090 -0.653943 0.830908 0.514352 -0.212213
-0.177678 -10.030725 33.800620 92.849416 0.233885 -0.477167 -0.847118 0.932588 0.356461 0.056695 0.274912 -0.803273 0.528372
-0.818672 -10.918772 31.753357 49.636515 0.248988 -0.483363 -0.839265 0.966727 0.176536 0.185130 0.058675 -0.857435 0.511236
-0.259853 -11.005066 34.119822 69.080967 0.255019 -0.475390 -0.842003 0.963330 0.200043 0.178822 0.083427 -0.856730 0.508973
0.130894 -11.256267 30.005033 90.164083 0.269870 -0.470071 -0.840359 0.955963 0.235342 0.175352 0.115343 -0.850675 0.512883
-0.176304 -1.197413 -2.089928 -27.712547 0.294456 -0.398838 0.868461 -0.422092 0.761032 0.492614 -0.857400 -0.511623 0.055744
-0.220183 -0.997325 5.690250 -27.006387 0.345764 -0.488131 0.801359 -0.386527 0.704112 0.595670 -0.855011 -0.515708 0.054781
-0.269510 -0.854648 2.690475 -12.558175 0.217350 -0.258025 0.941372 -0.478104 0.812672 0.333137 -0.850985 -0.522481 0.053272
-0.298139 -1.041417 -11.790138 -12.480355 0.166089 -0.176368 0.970211 -0.502443 0.831450 0.237156 -0.848508 -0.526864 0.049479
-0.186668 -0.734032 -1.480105 7.262067 -0.062288 0.200219 0.977769 -0.531085 0.822810 -0.202320 -0.845026 -0.531880 0.055082
-0.203377 -0.552877 6.099518 6.982378 -0.098685 0.266354 0.958810 -0.519323 0.808116 -0.277943 -0.848861 -0.525361 0.058575
-9.647612 -218.756889 -115.938840 7717.808254 0.879609 0.399603 -0.258081 0.149163 -0.746864 -0.648031 0.451707 -0.531518 0.716554
-2.903208 -129.821670 308.149418 4774.125001 0.708253 0.335402 -0.621195 -0.512845 -0.360258 -0.779233 0.485147 -0.870471 0.083145
-12.693868 -181.613435 -45.671132 -1237.662842 0.696361 0.525426 -0.488886 -0.157749 0.776589 0.609938 0.700140 -0.347616 0.623672
-11.546332 -173.752579 -555.894052 6978.977709 0.927368 0.353115 -0.123684 -0.032248 -0.253907 -0.966691 0.372758 -0.900467 0.224078
-17.454546 -207.935432 264.094413 9367.993072 0.720059 0.541281 -0.434200 -0.480233 0.840389 0.251244 0.500890 0.027607 0.865071
-10.324091 -85.091315 -144.817507 -2683.267329 0.911586 0.294057 -0.287300 0.365431 -0.899741 0.238592 0.188336 0.322485 0.927649
-10.802097 -183.078231 -119.242756 -200.513555 0.917483 0.383919 -0.104072 0.257209 -0.772176 -0.581024 0.303427 -0.506311 0.807206
-19.491239 -36.940145 331.295041 1263.078488 0.860056 0.102671 0.499762 0.411536 -0.718586 -0.560600 -0.301564 -0.687818 0.660277
-25.950643 -34.948175 199.297041 -597.675619 0.654454 0.281576 0.701716 -0.467645 0.880008 0.083030 -0.594136 -0.382494 0.707602
-28.215744 -55.859076 1024.894679 1836.357489 0.333723 -0.668847 -0.664283 0.828637 -0.127827 0.544997 -0.449433 -0.732328 0.511572
-14.394027 -19.237497 340.056497 581.651158 -0.231555 -0.500262 -0.834338 0.959167 -0.260595 -0.109948 -0.162421 -0.825729 0.540177
0.869926 -3.672142 23.216274 9.901452 -0.204848 0.709935 0.673817 -0.441485 0.547393 -0.710951 0.873572 0.443117 -0.201293
0.289244 -3.485671 31.623696 4.118081 -0.229203 0.734307 0.638951 -0.380937 0.536401 -0.753101 0.895742 0.416013 -0.156780
0.325046 -3.329783 39.283793 -10.197171 -0.182951 0.653815 0.734203 -0.483676 0.590317 -0.646207 0.855912 0.473341 -0.208236
1.266763 -3.715952 12.084647 18.687642 -0.191151 0.699436 0.688659 -0.504096 0.532052 -0.680300 0.842229 0.477190 -0.250880
1.217972 -3.994673 2.379414 19.132275 -0.190034 0.747483 0.636518 -0.420070 0.524085 -0.740862 0.887372 0.408171 -0.214401
0.941696 -3.691363 22.380109 4.453637 -0.181546 0.665224 0.724236 -0.515539 0.562772 -0.646147 0.837413 0.490677 -0.240780
0.182944 -10.799526 131.771970 481.304685 0.411128 0.796678 0.443033 0.001918 -0.486762 0.873533 -0.911576 0.358284 0.201649
0.564532 -5.845475 105.819317 -91.770864 0.125325 0.530533 0.838348 0.196923 0.814896 -0.545130 -0.972376 0.233409 -0.002347
2.278440 -5.698756 29.625168 14.004249 0.054080 0.605865 0.793728 0.301408 0.747909 -0.591427 -0.951960 0.271221 -0.142166
0.654874 -5.518536 93.489747 -0.792593 0.216208 0.679055 0.701525 -0.328872 -0.625880 0.707190 -0.919292 0.383612 -0.088002
-1.335622 -3.961885 80.854386 -19.593479 0.030564 0.997821 0.058466 -0.051727 -0.056836 0.997043 -0.998193 0.033498 -0.049877
-1.451820 -3.836210 100.589601 -6.516102 -0.001424 0.997411 0.071904 -0.097663 -0.071699 0.992633 -0.995219 0.005608 -0.097512
-2.697991 -5.363194 2.226089 -59.415002 -0.046791 0.806218 0.589766 0.025648 -0.589248 0.807545 -0.998575 -0.052912 -0.006894
-3.043417 -6.678855 9.054137 -42.556890 -0.040013 0.792969 0.607947 0.165819 -0.594728 0.786640 -0.985344 -0.132285 0.107692
-2.687703 -5.983180 4.636165 -65.218223 -0.002008 0.832484 0.554045 0.088145 -0.551742 0.829344 -0.996106 -0.050502 0.072271
1.471333 -5.181378 161.761719 -33.022277 -0.127271 0.472174 0.872269 0.884498 -0.343936 0.315234 0.448850 0.811640 -0.373864
3.189672 -4.637739 69.340708 -23.788400 -0.116437 0.551102 0.826274 0.887967 -0.314918 0.335173 0.444923 0.772731 -0.452693
1.993686 -5.265584 128.638128 -27.637449 -0.084284 0.473094 0.876971 0.846815 -0.429844 0.313271 0.525167 0.769036 -0.364394
3.520739 -4.775344 15.688913 -22.506317 -0.031355 0.582720 0.812068 0.844622 -0.418985 0.333265 0.534444 0.696340 -0.479041
-0.823123 -5.811742 171.728878 -30.939620 -0.045369 0.426586 0.903308 0.859676 -0.443898 0.252807 0.508821 0.788022 -0.346587
-0.320851 -16.933009 -14.400349 -287.689894 -0.190085 0.843148 0.502961 0.834068 -0.131551 0.535748 0.517880 0.521341 -0.678236
0.101301 -13.653744 -23.262985 -171.075014 -0.170293 0.851459 0.496002 0.898314 -0.072741 0.433291 0.405009 0.519352 -0.752490
0.016987 -12.933273 -22.877200 -176.225330 -0.167681 0.851206 0.497325 0.941870 -0.010658 0.335808 0.291142 0.524724 -0.799938
-0.519819 -13.957793 -17.908586 -143.840729 -0.193997 0.842082 0.503252 0.911013 -0.035649 0.410834 0.363897 0.538169 -0.760232
-0.679587 -7.882583 1.465509 -19.964851 -0.159888 0.802119 0.575362 -0.667740 0.341390 -0.661495 0.727020 0.489958 -0.481023
-0.714177 -7.474467 -15.764886 -10.303191 -0.148872 0.806132 0.572703 -0.761344 0.276140 -0.586601 0.631025 0.523352 -0.572635
-0.763282 -8.124527 -11.761315 -31.277336 -0.156493 0.801600 0.577016 -0.655901 0.352448 -0.667514 0.738447 0.482927 -0.470614
-0.754222 -7.746306 3.937271 16.896742 -0.175424 0.801156 0.572167 -0.588380 0.380648 -0.713384 0.789326 0.461797 -0.404609
1.784369 -9.962091 -4.367908 -109.124630 -0.254331 0.764847 0.591883 -0.287276 -0.644130 0.708921 -0.923465 -0.010266 -0.383545
2.030570 -8.968856 -9.203075 -127.682372 -0.210195 0.778918 0.590851 -0.312464 -0.626178 0.714330 -0.926382 0.034471 -0.375004
2.032196 -10.464245 -7.501512 -127.136839 -0.230509 0.786177 0.573403 -0.136740 -0.609595 0.780830 -0.963415 -0.101581 -0.248019
1.909240 -11.164246 6.853133 -103.960777 -0.260584 0.772233 0.579441 -0.087952 -0.616669 0.782294 -0.961437 -0.152891 -0.228613
0.884219 -7.478053 -9.353525 -40.285842 -0.444320 0.691096 0.570058 0.883261 0.444312 0.149789 -0.149765 0.570065 -0.807835
1.261471 -8.598798 -1.998091 -76.955800 -0.508199 0.663385 0.549231 0.860291 0.361099 0.359870 0.040405 0.655384 -0.754214
0.648952 -6.603059 22.134244 -65.743988 -0.497068 0.640016 0.585921 0.865073 0.418138 0.277145 -0.067619 0.644624 -0.761504
-0.169272 -16.676122 0.579862 -202.937521 -0.089558 0.634339 0.767850 0.951147 0.283177 -0.123003 -0.295463 0.719322 -0.628710
-0.318671 -15.251925 -16.411736 -169.697844 -0.075548 0.645603 0.759927 0.907934 0.359615 -0.215252 -0.412249 0.673702 -0.613333
-0.101724 -13.962790 7.991988 -90.386344 -0.050806 0.629049 0.775704 0.866779 0.413595 -0.278629 -0.496098 0.658207 -0.566259
-0.221947 -8.814218 -0.008466 -50.754290 -0.233917 0.738781 0.632049 0.182530 0.671895 -0.717802 0.954969 0.052538 0.292017
-0.060548 -8.996232 12.941483 -49.749552 -0.246573 0.752316 0.610920 0.186382 0.655427 -0.731899 0.951033 0.066602 0.301829
-0.418115 -8.090659 -6.206983 -75.645629 -0.234436 0.749965 0.618541 0.351711 0.658604 -0.665237 0.906278 -0.061592 0.418171
-0.277651 -7.627614 -5.421463 -70.924602 -0.227880 0.757346 0.611962 0.374110 0.648358 -0.663079 0.898951 -0.077839 0.431079
-0.237925 -8.123901 -6.967284 -58.846798 -0.223509 0.745960 0.627366 0.253402 0.665988 -0.701604 0.941186 -0.002161 0.337882
-0.357358 -9.028463 -5.497603 -16.867643 -0.231674 0.724072 0.649652 0.057979 0.676911 -0.733778 0.971064 0.132331 0.198804
-0.680580 -6.191480 16.745928 5.473279 0.199396 0.704997 0.680603 0.764411 0.322664 -0.558179 -0.613121 0.631559 -0.474570
-0.410850 -5.879742 25.571618 7.903858 0.198557 0.694474 0.691579 0.788401 0.306012 -0.533648 -0.582236 0.651201 -0.486763
-0.643000 -5.674079 18.148117 30.030481 0.237031 0.717716 0.654751 0.830087 0.200537 -0.520327 -0.504749 0.666835 -0.548234
-0.161550 -7.218693 17.118246 -34.356699 -0.233234 0.771162 0.592378 0.135012 0.628959 -0.765625 0.963002 0.098592 0.250811
0.242403 -6.294110 3.226946 -53.423973 -0.204810 0.819110 0.535828 0.269218 0.573461 -0.773734 0.941050 0.014214 0.337970
0.022186 -6.614400 -1.348825 -31.648588 -0.209131 0.786944 0.580503 0.116423 0.609444 -0.784235 0.970932 0.096424 0.219072
-0.175527 -7.598077 7.014050 -16.240351 -0.222290 0.740712 0.633982 -0.042146 0.642343 -0.765258 0.974069 0.196829 0.111569
-0.136026 -7.282233 -6.032211 -19.076864 -0.207596 0.755093 0.621883 -0.040553 0.628542 -0.776717 0.977374 0.186463 0.099861
0.061868 -6.225768 -21.528736 -36.530174 -0.191241 0.803833 0.563275 0.120625 0.588764 -0.799254 0.974103 0.084905 0.209558
2.664848 -3.282131 75.091952 38.595906 -0.285897 0.801415 0.525354 0.903291 0.042373 0.426931 0.319888 0.596606 -0.736025
2.794399 -2.609327 73.967098 39.348163 -0.336290 0.802516 0.492825 0.863045 0.053180 0.502320 0.376912 0.594256 -0.710491
1.361539 -2.530587 108.663943 41.910092 -0.295868 0.764852 0.572245 0.892999 0.008781 0.449972 0.339137 0.644147 -0.685610
3.357584 -3.234978 -2.799117 36.446400 -0.320874 0.860653 0.395369 0.858126 0.087518 0.505925 0.400824 0.501614 -0.766631
1.724726 -3.551442 104.959893 35.605678 -0.243949 0.758592 0.604175 0.935457 0.019771 0.352888 0.255753 0.651266 -0.714453
3.097720 -4.013430 71.262999 24.697588 -0.244018 0.809303 0.534307 0.936886 0.054473 0.345366 0.250401 0.584860 -0.771517
3.501064 -3.946269 -5.580606 30.005251 -0.256516 0.860405 0.440343 0.915777 0.070651 0.395425 0.309116 0.504689 -0.806062
2.120149 -3.510463 -23.747534 28.691080 -0.413258 0.894229 -0.171964 -0.245141 -0.291122 -0.924745 0.876997 0.340003 -0.339521
1.389514 -3.709632 -37.341317 18.781442 -0.344788 0.935042 -0.082571 -0.285089 -0.188121 -0.939859 0.894341 0.300512 -0.331432
2.735797 -4.283843 -26.192218 38.435097 -0.411172 0.896358 -0.165772 -0.178350 -0.257447 -0.949691 0.893940 0.360920 -0.265720
2.975893 -3.776455 -30.173333 53.085156 -0.463476 0.854196 -0.235668 -0.193388 -0.357055 -0.913845 0.864749 0.377970 -0.330678
3.713796 -4.694030 -19.417690 61.058295 -0.497837 0.825337 -0.266416 -0.099296 -0.359412 -0.927881 0.861567 0.435480 -0.260881
3.979357 -5.022191 -37.000511 41.077370 -0.448497 0.869933 -0.205103 -0.076407 -0.265954 -0.960953 0.890513 0.415313 -0.185748
2.871727 -4.887805 -38.412201 35.728001 -0.372755 0.922180 -0.103141 -0.121290 -0.158619 -0.979862 0.919969 0.352739 -0.170977
1.256967 -17.578309 -26.705083 104.330594 -0.120926 0.853604 0.506692 0.801294 -0.217349 0.557394 -0.585923 -0.473413 0.657704
0.702071 -15.574183 60.518224 94.104844 0.136436 -0.837320 -0.529415 0.922621 -0.087221 0.375716 -0.360770 -0.539711 0.760629
0.595863 -16.070472 -59.027940 88.427791 -0.144197 0.833670 0.533106 0.803893 -0.215460 0.554376 -0.577030 -0.508499 0.639113
1.096440 -18.723043 -25.363336 52.539559 -0.133949 0.854408 0.502041 0.544609 -0.359778 0.757602 -0.827924 -0.374896 0.417126
1.364510 -18.919064 10.474219 125.064067 -0.090780 0.880609 0.465066 0.688827 -0.281740 0.667937 -0.719220 -0.380985 0.581011
0.883891 -17.178165 -44.085064 39.779973 -0.143931 0.838399 0.525711 0.636669 -0.328243 0.697788 -0.757586 -0.435137 0.486539
0.805847 -2.350853 -68.370911 -17.895932 -0.503240 0.577519 0.642823 0.846857 0.477652 0.233842 -0.171997 0.662058 -0.729450
1.483301 -2.682101 -53.871215 -13.012238 -0.443469 0.583982 0.679927 0.881431 0.421712 0.212692 -0.162525 0.693631 -0.701756
2.387006 -2.386375 -79.010869 -9.715831 -0.442000 0.584909 0.680086 0.872264 0.457131 0.173743 -0.209265 0.670009 -0.712247
1.130702 -2.174079 -85.963647 -5.350497 -0.552182 0.547490 0.628769 0.807564 0.538668 0.240163 -0.207211 0.640384 -0.739575
-3.275710 -9.885918 21.449183 19.211255 -0.300629 0.737795 0.604384 -0.840581 -0.504366 0.197582 -0.450606 0.448635 -0.771804
-2.585807 -10.025942 27.301701 -17.521664 -0.260566 0.712971 0.650983 0.851982 0.486970 -0.192321 -0.454128 0.504513 -0.734326
-2.926041 -10.212705 20.921767 -6.398583 -0.289637 0.726369 0.623296 0.908690 0.413237 -0.059318 -0.300656 0.549202 -0.779733
-3.426145 -10.188983 14.647168 -9.175600 -0.331998 0.757472 0.562150 0.900434 0.432063 -0.050401 -0.281062 0.489446 -0.825498
-3.640810 -9.820680 15.858939 14.533092 -0.346291 0.768703 0.537753 -0.841087 -0.508292 0.184963 -0.415517 0.388246 -0.822563
-19.256697 -285.639127 805.350896 -10652.881673 0.707406 0.533865 -0.463210 0.650111 -0.748633 0.130013 0.277365 0.393111 0.876660
18.282613 -142.150340 -201.702724 -5933.994320 0.716169 -0.590400 -0.372196 0.088209 0.605582 -0.790879 0.692330 0.533572 0.485778
-4.570862 -33.304892 -510.904766 -942.650441 0.899971 -0.237846 -0.365351 0.149085 0.955444 -0.254757 0.409665 0.174805 0.895331
-6.119172 -29.987213 -3.399246 1334.012102 0.675964 0.701252 -0.226536 -0.643539 0.711494 0.282195 0.359069 -0.044969 0.932227
-12.864917 -68.870231 302.911052 1028.351144 0.814051 0.408454 -0.412900 -0.373305 0.912594 0.166779 0.444932 0.018372 0.895376
-10.832499 -272.073694 76.375531 10672.876064 0.526320 0.841176 0.124138 -0.616796 0.478194 -0.625215 0.585278 -0.252496 -0.770516
-10.699005 -270.505418 11.788868 -11234.868482 0.608485 0.743229 0.278130 0.769255 -0.638516 0.023311 0.194916 0.199769 -0.960260
186.293441 -2765.133244 12168.848842 -120873.179876 0.265932 0.922515 0.279726 0.948756 -0.301854 0.093523 0.170713 0.240521 -0.955514
3.294288 -219.172077 -26.790924 8387.537680 0.544303 0.825469 0.149452 -0.371029 0.396668 -0.839638 0.752378 -0.401566 -0.522180
2.320306 -5.317499 36.077279 0.678317 0.065365 0.746983 0.661622 -0.784915 -0.370915 0.496316 -0.616145 0.551759 -0.562073
1.686171 -5.228242 31.617704 -2.054920 0.108442 0.732537 0.672034 0.828943 0.306513 -0.467870 -0.548720 0.607815 -0.573993
1.858191 -5.299293 28.871487 -2.566460 0.122607 0.734489 0.667453 -0.757222 -0.365507 0.541313 -0.641547 0.571779 -0.511357
-1.884377 -4.848381 -8.661882 -30.173158 0.139902 0.972524 0.186076 -0.283550 -0.140704 0.948579 -0.948697 0.185470 -0.256074
-1.376169 -4.114722 -10.018807 -30.682742 0.087522 0.951094 0.296243 -0.393733 -0.240142 0.887303 -0.915049 0.194300 -0.353460
-1.693960 -4.633288 -5.057068 -25.838199 0.055440 0.940967 0.333927 -0.306618 -0.302236 0.902573 -0.950217 0.152426 -0.271761
-2.054473 -5.203406 -7.091258 -22.759697 0.091829 0.961081 0.260560 -0.200911 -0.238402 0.950158 -0.975296 0.139602 -0.171200
-2.377479 -5.621163 -13.863799 -26.356966 0.145272 0.980162 0.134828 -0.130643 -0.116077 0.984611 -0.980728 0.160651 -0.111189
-0.534291 -7.523317 -8.345382 -29.663933 -0.008960 0.790023 0.613011 -0.149901 -0.607170 0.780304 -0.988660 0.084900 -0.123866
-0.621947 -8.054233 -4.483406 -35.414063 0.011834 0.807696 0.589480 -0.085333 -0.586555 0.805401 -0.996282 0.059833 -0.061981
-0.542801 -7.461157 -3.820788 -23.075409 0.002394 0.779395 0.626528 -0.221994 -0.610482 0.760283 -0.975045 0.140906 -0.171560
-2.084806 -4.348422 -45.603062 -13.514156 -0.306828 0.920049 -0.243652 0.305015 0.337551 0.890519 -0.901567 -0.198919 0.384199
-1.994140 -4.801596 -27.826015 -6.241106 -0.242422 0.945857 -0.215838 0.390263 0.298754 0.870885 -0.888215 -0.126888 0.441558
-2.531455 -4.668372 -13.781416 -2.954128 -0.181920 0.982171 -0.047389 0.330335 0.106436 0.937843 -0.926166 -0.154958 0.343808
-4.436739 -530.668797 -1173.317166 14646.697753 0.785913 0.541006 -0.299423 -0.259402 0.728036 0.634567 0.561295 -0.421043 0.712510
-59.387139 -175.386585 -2488.184242 -4761.119460 0.723912 0.596358 -0.346855 0.649723 -0.758383 0.052110 0.231973 0.263083 0.936470
-25.868549 -151.873849 -655.776449 -4893.528881 0.755738 0.548557 -0.357696 0.626965 -0.763824 0.153260 0.189145 0.340087 0.921176
-11.830105 -85.780036 -763.618262 -4829.200973 0.874714 0.393258 -0.283237 0.476552 -0.591622 0.650293 -0.088163 0.703798 0.704908
-8.830582 -404.765163 -48.999901 16547.025107 0.709252 0.640254 -0.295020 -0.344735 0.680045 0.647067 0.614914 -0.357230 0.703042
-5.093055 -76.115718 -280.843903 -3188.044100 0.790316 0.431400 -0.435079 0.607555 -0.459965 0.647541 -0.079228 0.776097 0.625617
2.263228 -407.479901 -76.981552 19040.425943 0.658442 0.652299 -0.375447 -0.678522 0.730329 0.078908 0.325671 0.202793 0.923479
-2.714816 -65.995268 -142.261662 -2164.127560 0.829642 0.426747 -0.359974 0.558169 -0.647762 0.518509 0.011906 0.631103 0.775608
2.341411 -8.074039 -6.587821 -176.185819 0.831148 0.442238 -0.337073 0.555898 -0.646580 0.522410 -0.013085 0.621578 0.783243
2.107478 -10.080144 -13.569355 -290.975500 0.849657 0.450770 -0.273659 0.525032 -0.674657 0.518825 -0.049244 0.584503 0.809896
1.855692 -6.493403 -6.382638 -97.671467 0.835128 0.450562 -0.315524 0.546619 -0.615765 0.567487 -0.061399 0.646395 0.760528
-7.034684 -9.313766 23.386964 -152.966589 -0.137399 -0.475930 -0.868684 -0.252497 0.864858 -0.433896 0.957793 0.159724 -0.239002
-5.354061 -8.179187 -13.847518 -56.667981 0.008079 0.911311 0.411640 -0.340736 0.389527 -0.855668 0.940124 0.133347 -0.313663
-4.162269 -7.176054 33.538290 -57.173817 -0.008142 0.976361 0.215993 -0.249075 0.207213 -0.946058 0.968450 0.061501 -0.241500
1.766339 -7.249082 29.649405 -34.202871 0.282970 -0.371091 -0.884432 -0.162149 0.890338 -0.425448 0.945323 0.263799 0.191767
2.336222 -6.186567 73.201743 -30.728538 0.299413 -0.320339 -0.898741 -0.159644 0.911855 -0.378199 0.940673 0.256716 0.221881
2.496126 -8.234305 54.038013 -150.225631 0.309024 -0.310823 -0.898829 -0.236463 0.890298 -0.389171 0.921189 0.332803 0.201626
2.072106 -6.518156 32.896312 59.075546 0.308926 -0.378323 -0.872603 -0.054865 0.908864 -0.413468 0.949502 0.175607 0.260015
2.731712 -8.593723 -9.874436 -94.193317 0.300982 -0.394387 -0.868256 -0.275595 0.835653 -0.475112 0.912939 0.382287 0.142826
2.670453 -7.617683 -54.172613 -53.754756 0.285216 -0.413563 -0.864649 -0.158470 0.869357 -0.468088 0.945272 0.270527 0.182417
2.017051 -6.948660 -16.246590 18.923716 0.298700 -0.415853 -0.858979 -0.030993 0.895368 -0.444248 0.953844 0.159319 0.254558
-3.947506 -6.719657 4.762696 26.458642 0.326814 -0.764763 -0.555274 0.915322 0.402425 -0.015523 0.235327 -0.503182 0.831522
-3.933125 -7.022331 -8.087766 30.164825 0.287386 -0.743447 -0.603900 0.943844 0.327106 0.046468 0.162993 -0.583342 0.795704
-3.923602 -6.699629 -11.494921 24.768180 0.289814 -0.694401 -0.658647 0.927164 0.374423 0.013217 0.237435 -0.614504 0.752336
0.209124 -4.713739 7.782289 15.038731 -0.020395 -0.888652 -0.458128 0.969037 0.095209 -0.227822 0.246072 -0.448589 0.859195
0.118523 -4.785727 4.324056 10.423386 -0.008648 -0.887487 -0.460752 0.962414 0.117693 -0.244761 0.271450 -0.445551 0.853112
0.211486 -4.962443 0.830635 12.460863 -0.010542 -0.890656 -0.454555 0.990057 0.054470 -0.129691 0.140269 -0.451403 0.881226
0.024236 -4.786918 -3.719994 1.066990 0.011103 -0.884894 -0.465660 0.950142 0.154463 -0.270872 0.311621 -0.439435 0.842490
0.132832 -4.786511 -2.058987 10.103757 -0.003316 -0.888390 -0.459077 0.977451 0.094048 -0.189060 0.211134 -0.449352 0.868047
0.067675 -11.131070 28.134280 -2.918781 -0.031520 0.243733 -0.969330 0.960987 0.274020 0.037652 0.274793 -0.930326 -0.242862
0.837411 -10.822116 23.296279 121.907490 -0.043651 0.235659 -0.970855 0.864513 0.495956 0.081515 0.500711 -0.835759 -0.225379
-0.136106 -10.863873 2.423775 15.867029 -0.104698 0.206506 -0.972828 0.945265 0.324650 -0.032816 0.309052 -0.923015 -0.229193
1.555659 -11.372056 70.627391 42.458564 0.032311 0.272183 -0.961703 0.931399 0.340843 0.127759 0.362563 -0.899857 -0.242498
0.114410 -11.165341 52.443835 -83.231226 0.008647 0.277684 -0.960634 0.992241 0.116771 0.042686 0.124027 -0.953549 -0.274520
-0.573853 -5.544160 11.678732 12.262064 0.010839 -0.760597 -0.649133 0.938633 0.231553 -0.255640 0.344748 -0.606527 0.716431
-0.555556 -5.667035 2.168581 9.433616 0.031604 -0.773070 -0.633533 0.941309 0.236140 -0.241193 0.336062 -0.588728 0.735161
-0.527481 -5.497384 -3.584319 32.990683 0.029814 -0.788835 -0.613882 0.958712 0.196334 -0.205728 0.282812 -0.582402 0.762119
-0.044287 -4.156472 -55.396745 -70.754681 -0.087015 0.787370 0.610309 0.199246 0.614009 -0.763736 0.976079 -0.055145 0.210309
-0.537256 -5.049603 -57.266184 -61.973000 -0.089421 0.771740 0.629621 0.116716 0.635917 -0.762881 0.989132 -0.005269 0.146938
0.059899 -5.142021 -3.241260 -1.636380 0.238925 -0.777591 -0.581608 0.950002 0.311177 -0.025773 0.201024 -0.546371 0.813061
0.077119 -5.499598 -4.592134 -47.668209 0.264759 -0.769573 -0.581085 0.922280 0.378055 -0.080468 0.281608 -0.514618 0.809855
0.213081 -5.189855 -5.052067 -34.604248 0.269578 -0.765969 -0.583626 0.927623 0.369269 -0.056170 0.258540 -0.526243 0.810077
-0.051000 -5.481022 -7.273145 -42.706980 0.248288 -0.778095 -0.576993 0.928518 0.360915 -0.087151 0.276057 -0.514110 0.812086
0.206990 -5.206992 -3.560455 15.445124 0.239355 -0.773201 -0.587256 0.956167 0.292793 0.004215 0.168686 -0.562523 0.809390
0.078243 -5.460746 3.955723 40.566028 0.205654 -0.777795 -0.593921 0.972860 0.228266 0.037931 0.106070 -0.585602 0.803629
0.033405 -5.051631 -4.631041 28.298149 0.225725 -0.782302 -0.580562 0.968259 0.245824 0.045217 0.107343 -0.572341 0.812959
-0.002508 -4.952496 -8.252494 -9.403309 0.244599 -0.780055 -0.575922 0.949672 0.312603 -0.020069 0.195689 -0.542028 0.817258
-2.878349 -13.786210 39.478060 -160.139366 -0.395227 0.421651 0.816092 0.749220 -0.366055 0.551972 0.531474 0.829587 -0.171234
-3.249441 -15.082106 -29.226788 -137.929865 -0.280499 0.497590 0.820807 0.720788 -0.455518 0.522463 0.633865 0.738179 -0.230884
-0.953066 -11.464645 40.230856 -45.334508 0.042030 0.639499 0.767643 0.203785 0.746683 -0.633195 -0.978113 0.183047 -0.098937
-0.395209 -9.036749 3.924424 122.521987 -0.218478 0.601752 0.768220 0.949879 0.311524 0.026123 -0.223599 0.735423 -0.639653
-0.622296 -7.061879 22.204478 107.881174 -0.240971 0.576280 0.780919 0.966578 0.215063 0.139554 -0.087524 0.788447 -0.608843
-0.313008 -7.704570 6.574001 82.753333 -0.232387 0.598422 0.766738 0.951169 0.304488 0.050639 -0.203159 0.741066 -0.639959
-0.211264 -9.456422 -3.447466 63.597278 -0.182314 0.630668 0.754334 0.919209 0.381655 -0.096924 -0.349023 0.675720 -0.649297
-1.654869 -4.393086 -13.860086 -1.478391 -0.485149 0.085071 -0.870284 0.689760 -0.574491 -0.440671 -0.537459 -0.814078 0.220036
-1.098805 -4.260273 -22.100822 20.163508 -0.470278 0.014357 -0.882402 0.720025 -0.571910 -0.393043 -0.510297 -0.820191 0.258619
-1.337508 -4.140716 -9.723186 -11.560672 -0.497601 0.097359 -0.861925 0.620944 -0.653846 -0.432335 -0.605658 -0.750337 0.264900
-0.684890 -4.577687 -32.473540 39.563169 -0.454445 -0.028752 -0.890311 0.721272 -0.598398 -0.348837 -0.522730 -0.800683 0.292677
-0.881018 -4.559940 -12.155278 11.911806 -0.474332 0.038929 -0.879485 0.646241 -0.663006 -0.377884 -0.597814 -0.747601 0.289328
-0.650089 -4.044636 -23.866785 29.463619 -0.449740 -0.039030 -0.892306 0.768880 -0.525285 -0.364554 -0.454487 -0.850031 0.266251
-1.273393 -3.160857 0.167467 60.060715 -0.149003 0.917033 0.369930 -0.299773 0.314610 -0.900642 0.942303 0.245093 -0.228024
-1.335790 -2.612265 -1.037569 56.201749 -0.168380 0.939104 0.299552 -0.339459 0.230058 -0.912053 0.925427 0.255257 -0.280050
-1.356265 -2.684452 5.176120 54.671406 -0.169747 0.903748 0.392970 -0.331876 0.323042 -0.886286 0.927925 0.280861 -0.245097
-1.302232 -3.233584 -3.129406 50.042653 -0.121131 0.931559 0.342820 -0.308050 0.293034 -0.905117 0.943627 0.215243 -0.251471
-1.188886 -3.554538 8.765270 48.650287 -0.155160 0.882121 0.444733 -0.271185 0.394858 -0.877807 0.949939 0.256806 -0.177952
-1.222021 -3.997292 1.905593 43.960750 -0.129258 0.906721 0.401434 -0.233033 0.365717 -0.901081 0.963840 0.210019 -0.164024
-0.701593 -13.137295 -32.789788 -241.079304 -0.133924 0.565078 0.814095 0.958793 -0.133822 0.250616 0.250561 0.814112 -0.523871
-1.065850 -15.388754 -14.017206 -221.615971 -0.182380 0.548893 0.815753 0.905691 -0.229147 0.356673 0.382703 0.803870 -0.455336
-1.330577 -17.428471 -24.712709 -128.737254 -0.170056 0.557380 0.812655 0.754667 -0.456642 0.471121 0.633686 0.693401 -0.342982
-1.049399 -18.176791 -31.122093 117.135505 -0.142460 0.549602 0.823191 -0.688242 0.542709 -0.481445 0.711356 0.635141 -0.300945
-1.981835 -9.429675 1.602251 -33.052031 -0.163557 0.703032 0.692095 0.503000 -0.544077 0.671544 -0.848670 -0.457959 0.264637
-1.808327 -9.298187 19.854760 -28.812985 -0.101262 0.734961 0.670506 0.491190 -0.549160 0.676132 -0.865146 -0.397812 0.305397
-1.839039 -8.978935 19.111453 -16.656110 -0.093180 0.734262 0.672440 0.338447 -0.611803 0.714948 -0.936361 -0.294204 0.191501
2.842727 -10.852823 34.961512 -144.271875 0.290561 -0.292954 -0.910908 -0.246747 0.896842 -0.367137 0.924495 0.331439 0.188302
0.638524 -6.858467 27.695282 -20.033018 0.253987 0.195508 -0.947242 -0.332721 0.937247 0.104232 0.908178 0.288693 0.303098
5.136311 -7.079953 196.464645 -35.651917 0.205814 0.098323 -0.973639 -0.432196 0.901780 -0.000294 0.877979 0.420863 0.228094
0.861831 -17.243475 4.235203 -32.000663 -0.021589 0.559341 0.828656 -0.494993 0.714150 -0.494946 -0.868629 -0.420864 0.261452
0.867626 -17.994151 -5.433937 20.227840 -0.025683 0.546900 0.836804 -0.238337 0.809591 -0.536430 -0.970843 -0.213219 0.109554
0.682235 -17.861876 18.393069 -26.790080 -0.002994 0.554499 0.832179 -0.426516 0.751984 -0.502598 -0.904475 -0.356443 0.234251
-1.787896 -7.277560 -23.142773 -87.530339 -0.122169 0.156442 -0.980102 0.959331 -0.234579 -0.157023 -0.254477 -0.959426 -0.121421
-1.670796 -6.936073 -9.549944 -85.167380 -0.197424 0.146142 -0.969364 0.942709 -0.242961 -0.228625 -0.268929 -0.958964 -0.089803
-1.167844 -8.192812 -2.412571 -102.864166 -0.292950 0.142489 -0.945451 0.944966 -0.107502 -0.309002 -0.145667 -0.983941 -0.103154
-8.800987 -23.700201 -59.801507 514.382515 -0.664924 -0.617859 -0.419673 0.743197 -0.603268 -0.289354 -0.074395 -0.504298 0.860319
-9.436879 -150.703574 -468.189277 4265.037420 -0.382816 -0.858480 -0.341269 0.917981 -0.312003 -0.244879 0.103747 -0.407022 0.907508
0.195237 -7.551431 -109.816556 638.634566 -0.280054 0.724566 0.629741 0.813701 0.527239 -0.244765 0.509373 -0.443874 0.737235
4.559329 -59.524998 95.568181 460.548905 0.145429 0.786263 0.600533 0.855428 -0.404893 0.322961 -0.497084 -0.466746 0.731475
0.924058 -12.340462 22.961001 108.533793 0.052898 -0.612568 -0.788646 0.847972 0.444649 -0.288497 0.527394 -0.653489 0.542961
0.900656 -11.264444 -19.521985 68.199876 -0.070299 0.602607 0.794936 0.746625 0.560265 -0.358686 0.661521 -0.568304 0.489307
-0.684772 -8.358513 7.356775 5.946187 -0.264902 0.675310 0.688319 -0.193116 0.662204 -0.724011 0.944740 0.324717 0.045006
-0.445654 -11.501239 23.126664 13.415945 0.278486 -0.477812 -0.833152 0.952063 0.023014 0.305034 -0.126575 -0.878161 0.461316
-0.082017 -1.599649 5.349100 -25.387388 0.371096 -0.532229 0.760933 -0.328549 0.691187 0.643674 -0.868529 -0.488869 0.081633
-0.287493 -1.183968 9.841134 -27.992108 0.408462 -0.604385 0.684016 -0.316666 0.609009 0.727208 -0.856085 -0.513642 0.057369
-0.413825 -0.676527 -0.991906 -13.893879 -0.444925 0.683530 -0.578644 -0.266797 0.515618 0.814222 -0.854904 -0.516648 0.047047
-17.023168 -89.287465 107.758245 2979.836596 0.818367 0.474423 -0.324343 -0.449964 0.177869 -0.875154 0.357502 -0.862140 -0.359036
-12.647068 -90.782172 6.769174 3825.016738 0.743204 0.571825 -0.347368 -0.518914 0.164906 -0.838769 0.422346 -0.803631 -0.419287
-27.457491 -44.430902 -817.753410 1244.725416 -0.029588 0.718794 0.694594 0.662080 -0.506508 0.552358 -0.748849 -0.476220 0.460912
-26.610873 -36.573677 -414.760429 342.946853 0.298484 0.734679 0.609224 0.443964 -0.671936 0.592789 -0.844869 -0.093535 0.526733
-23.709965 -31.079161 441.713337 430.810331 0.740788 0.335012 0.582237 -0.184533 0.934905 -0.303150 -0.645895 0.117128 0.754387
-16.906792 -32.201033 330.124791 476.572155 0.882782 0.107663 0.457280 -0.033708 0.985392 -0.166930 -0.468572 0.131949 0.873516
4.301269 -6.088879 -32.929227 -17.942482 -0.114759 0.572695 0.811696 0.279449 0.802709 -0.526845 -0.953278 0.166368 -0.252157
