11303
22588
-4.103647 -6.010568 9.690665 66.472716 -0.692829 -0.674302 0.255547 -0.476698 0.694187 0.539318 -0.541061 0.251836 -0.802391
-3.257346 -4.565617 -14.354178 54.133473 0.532857 0.827394 -0.177433 -0.510655 0.481609 0.712239 -0.674756 0.288915 -0.679142
-3.846949 -4.829865 13.639055 39.874840 0.348755 0.928603 0.126750 -0.730755 0.184749 0.657165 -0.586828 0.321813 -0.743013
-2.821423 -3.973965 -1.405393 26.019001 0.102607 0.927613 0.359174 -0.743137 -0.168538 0.647567 -0.661226 0.333360 -0.672050
-4.123427 -5.616155 11.022276 35.625410 0.413314 0.904670 0.103650 -0.782957 0.294956 0.547704 -0.464920 0.307527 -0.830227
-3.319619 -4.770986 -1.691357 27.711951 0.128130 0.908270 0.398283 -0.832477 -0.119776 0.540958 -0.539040 0.400874 -0.740767
-2.196118 -6.033277 -13.528542 -12.749969 0.257503 0.964247 -0.062604 0.794007 -0.174227 0.582407 -0.550678 0.199679 0.810483
-2.297563 -5.674259 -9.665082 -23.477697 0.218320 0.968839 -0.116992 0.693413 -0.069653 0.717166 -0.686670 0.237695 0.687012
-1.403077 -5.988025 -39.871867 -27.680299 0.193817 0.981011 0.007286 0.694342 -0.142420 0.705411 -0.693054 0.131662 0.708761
-1.206010 -6.413901 -37.241777 -6.209900 0.243799 0.968834 0.043844 0.829553 -0.231742 0.508073 -0.502399 0.087497 0.860197
-0.343296 -1.712322 8.336743 -6.578022 0.761919 0.599858 0.244233 -0.639437 0.636755 0.430886 -0.102954 0.484472 -0.868728
-0.184183 -1.685435 7.264776 6.503123 0.825089 0.529304 0.197650 -0.559096 0.714425 0.420724 -0.081484 0.457640 -0.885396
-0.448298 -1.706537 4.749184 -4.257124 0.709638 0.653540 0.263246 -0.696431 0.594033 0.402626 -0.106756 0.469052 -0.876695
-0.133920 -1.628204 8.128719 -4.496761 0.813307 0.542767 0.209608 -0.573459 0.686872 0.446489 -0.098366 0.483334 -0.869892
-0.425022 -1.854964 6.292026 -11.576295 0.734014 0.626063 0.263189 -0.665347 0.585225 0.463493 -0.136151 0.515322 -0.846112
1.774859 -0.814472 12.956691 -8.271507 0.801666 -0.550064 -0.234011 0.562768 0.826482 -0.014810 0.201552 -0.119821 0.972121
1.033921 -0.779565 43.312172 -8.357435 0.705941 -0.629309 -0.324987 0.650467 0.757606 -0.054085 0.280249 -0.173213 0.944171
1.344053 -0.588916 39.024332 -2.630523 0.776071 -0.554268 -0.300834 0.578855 0.815381 -0.008996 0.250280 -0.167158 0.953634
1.731257 -0.646921 -10.728061 -6.768691 0.829353 -0.537593 -0.152210 0.545427 0.838074 0.011887 0.121173 -0.092878 0.988277
1.620743 -0.521727 -4.891405 -3.575979 0.820625 -0.545310 -0.170916 0.557901 0.829254 0.032924 0.123779 -0.122373 0.984735
0.026316 -0.447423 49.631134 2.585468 0.669528 -0.663979 -0.332963 0.687368 0.723737 -0.061073 0.281529 -0.187978 0.940960
1.175340 -0.468941 51.935824 -0.537325 0.778181 -0.532958 -0.332249 0.571073 0.820626 0.021186 0.261361 -0.206225 0.942954
-0.415034 -3.690701 0.613970 5.319522 0.553427 0.832034 0.037916 -0.166268 0.065757 0.983886 -0.816134 0.550813 -0.174732
-0.358529 -3.372452 2.102383 -0.298598 0.561755 0.825074 0.060694 -0.123359 0.010993 0.992301 -0.818055 0.564917 -0.107956
-0.381461 -3.658101 2.217497 7.033770 0.565968 0.823537 0.038307 -0.189860 0.084982 0.978126 -0.802268 0.560861 -0.204453
-0.490934 -3.967337 7.074968 16.675344 0.576681 0.816497 0.027768 -0.250543 0.144399 0.957276 -0.777603 0.559000 -0.287840
-0.664928 -4.906963 5.460835 15.814129 0.531224 0.844355 -0.069759 -0.283424 0.254700 0.924554 -0.798419 0.471374 -0.374613
-0.671460 -5.546169 2.743395 19.654205 0.535060 0.838758 -0.100979 -0.397303 0.355311 0.846111 -0.745561 0.412601 -0.523354
-0.693586 -5.232116 -1.342976 19.309343 0.510057 0.853495 -0.106715 -0.310206 0.298246 0.902675 -0.802255 0.427312 -0.416882
-0.675371 -4.709541 3.673255 18.777222 0.511348 0.856915 -0.064966 -0.178286 0.179733 0.967425 -0.840677 0.483108 -0.244682
-0.544850 -4.376906 4.703807 9.200840 0.517554 0.855437 -0.019124 -0.167902 0.123449 0.978044 -0.839015 0.502979 -0.207521
-0.458413 -8.408353 8.695663 52.986643 0.603667 0.782448 -0.152843 -0.154222 -0.073484 -0.985300 0.782177 -0.618365 -0.076311
-0.160479 -9.065297 0.186317 7.969273 0.613192 0.784355 -0.093719 0.125113 -0.213577 -0.968882 0.779963 -0.582385 0.229096
-0.381158 -9.664720 16.674736 1.612179 0.587231 0.800329 -0.120969 0.121905 -0.235195 -0.964273 0.800187 -0.551504 0.235678
-0.047381 -12.555044 0.072234 -31.729781 0.396234 0.913445 -0.092825 0.788067 -0.286477 0.544868 -0.471115 0.289047 0.833368
-0.011574 -13.618612 1.699000 15.187800 -0.426560 -0.901039 0.078583 0.890343 -0.403024 0.211805 -0.159174 0.160313 0.974147
0.077751 -13.082076 -1.885107 14.635877 0.423970 0.902152 -0.079826 0.869504 -0.380791 0.314582 -0.253403 0.202782 0.945868
0.003862 -12.525305 0.608167 -30.169002 0.396938 0.913136 -0.092857 0.740663 -0.258918 0.619983 -0.542087 0.314870 0.779101
0.074100 -12.647948 -3.171176 4.954068 0.435865 0.897128 -0.071993 0.863240 -0.394085 0.315458 -0.254634 0.199644 0.946205
1.437840 -1.553948 25.346813 -9.700003 0.817501 -0.454720 -0.353442 0.280906 0.850562 -0.444563 0.502777 0.264146 0.823069
1.725123 -1.234160 28.372426 -6.533769 0.804239 -0.476539 -0.355120 0.322512 0.851851 -0.412718 0.499185 0.217393 0.838781
1.801288 -1.275415 -0.528949 -6.282809 0.833137 -0.516909 -0.196692 0.388891 0.800398 -0.456210 0.393250 0.303594 0.867862
1.652996 -1.570724 11.417903 -8.714588 0.822285 -0.519151 -0.233087 0.362272 0.793414 -0.489135 0.438869 0.317768 0.840486
0.847736 -1.826873 17.135617 -12.309576 0.830851 -0.438752 -0.342321 0.246422 0.841609 -0.480594 0.498962 0.314947 0.807370
-0.789573 -1.322454 5.126413 5.521721 0.459968 0.876970 0.139117 0.885569 -0.441648 -0.143924 -0.064776 0.189399 -0.979761
-0.942393 -1.559068 0.182885 16.201934 0.287103 0.949323 0.127897 0.953076 -0.269716 -0.137474 -0.096011 0.161364 -0.982214
-0.784244 -1.678229 2.749983 21.103951 0.241069 0.956308 0.165414 0.965900 -0.219824 -0.136800 -0.094461 0.192751 -0.976690
-0.916460 -1.481660 4.068143 -11.172532 0.612224 0.786121 0.084832 0.786495 -0.594434 -0.167554 -0.081291 0.169301 -0.982206
-0.583405 -1.514898 8.989809 -20.319796 0.699216 0.707258 0.104326 0.713067 -0.679473 -0.172775 -0.051310 0.195198 -0.979421
0.074252 -2.627424 6.850923 16.643343 0.610187 0.791668 -0.030574 0.384181 -0.261920 0.885326 -0.692876 0.551960 0.463964
0.233629 -2.463393 4.547230 14.793906 0.610180 0.792252 -0.004176 0.382353 -0.289858 0.877376 -0.693893 0.536954 0.479785
0.084027 -3.033804 2.493179 10.802089 0.600688 0.798981 -0.028335 0.316397 -0.205026 0.926206 -0.734212 0.565326 0.375952
-0.074152 -3.016562 4.928570 13.638663 0.593570 0.802715 -0.057650 0.351211 -0.193918 0.915995 -0.724104 0.563954 0.397026
-0.094472 -3.506765 -2.047342 11.881820 0.591614 0.805793 -0.026256 0.228202 -0.136134 0.964049 -0.773250 0.576337 0.264423
-0.066560 -3.468394 3.467994 8.159686 0.590999 0.803943 -0.066296 0.252514 -0.106322 0.961734 -0.766131 0.585125 0.265843
-0.485231 -3.522472 -5.734886 10.550431 0.559151 0.827946 0.043082 0.283448 -0.239742 0.928537 -0.779107 0.506981 0.368731
-0.625659 -3.548892 -2.975248 -9.206218 0.575607 0.815886 0.054839 0.314217 -0.282597 0.906315 -0.754947 0.504450 0.419030
-0.516455 -3.445697 -0.530639 8.214462 0.569169 0.822206 -0.004972 0.298156 -0.200754 0.933167 -0.766257 0.532612 0.359408
-0.575368 -14.478639 -10.845435 -79.037503 0.684972 0.715047 -0.139718 0.495122 -0.597537 -0.630717 0.534479 -0.362845 0.763332
-0.360576 -19.516008 -10.776317 -209.748428 0.685864 0.715821 -0.131111 0.297336 -0.440086 -0.847299 0.664215 -0.542148 0.514679
-0.995074 -13.877104 -11.511215 -44.240417 0.670583 0.725393 -0.155317 0.413591 -0.539391 -0.733485 0.615841 -0.427625 0.661722
-0.815837 -13.660974 -11.837559 24.706334 0.687845 0.712191 -0.140192 0.572052 -0.650773 -0.499251 0.446795 -0.263210 0.855041
1.529264 -0.500199 8.850396 14.270170 0.309276 0.926434 -0.214636 0.906376 -0.355473 -0.228303 0.287805 0.123933 0.949636
1.140713 -0.399340 20.273069 3.397888 0.353269 0.886440 -0.299040 0.884070 -0.420872 -0.203193 0.305976 0.192590 0.932356
1.499144 -0.110163 15.809647 7.247935 0.392721 0.877681 -0.274675 0.863860 -0.454506 -0.217186 0.315462 0.151987 0.936688
1.581542 -0.051691 -4.338758 31.919624 0.258263 0.955955 -0.139461 0.916179 -0.288152 -0.278538 0.306456 0.055836 0.950246
4.036371 -37.454413 -57.360057 440.554331 0.730512 0.679643 -0.066617 -0.100715 0.010740 -0.994857 0.675433 -0.733464 -0.076296
4.367126 -84.030069 -9.950853 2630.360011 0.722792 0.690072 -0.037055 -0.320891 0.287650 -0.902378 0.612047 -0.664122 -0.429349
1.940735 -31.276200 -44.170667 196.022445 0.755863 0.654543 -0.015612 -0.228548 0.241430 -0.943121 0.613545 -0.716439 -0.332083
1.052139 -34.432213 -13.066996 567.166137 0.773782 0.632764 -0.029521 -0.090846 0.064730 -0.993759 0.626904 -0.771634 -0.107571
2.491645 -30.844983 -57.562091 338.485500 0.769232 0.638935 -0.006590 0.019013 -0.033197 -0.999268 0.638686 -0.768544 0.037684
0.861839 -25.113967 -20.067017 231.573888 0.763521 0.644720 -0.037037 -0.332509 0.343320 -0.878390 0.553600 -0.682985 -0.476507
-0.565181 -3.017579 -9.746735 14.055593 -0.329650 -0.880637 0.340308 0.941294 -0.334360 0.046571 0.072773 0.335682 0.939160
-0.812592 -2.780525 -8.754537 17.010252 -0.314965 -0.892252 0.323547 0.941549 -0.336668 -0.011861 0.119510 0.300900 0.946138
-0.444703 -2.418502 -14.518617 18.453249 -0.374440 -0.860301 0.345942 0.910857 -0.411108 -0.036465 0.173591 0.301450 0.937547
0.006552 -2.798610 -20.090850 16.235588 -0.401184 -0.844313 0.355229 0.908713 -0.415659 0.038328 0.115293 0.338178 0.933993
0.217247 -2.215067 -23.826429 18.743029 -0.417575 -0.833951 0.360773 0.886528 -0.460986 -0.039491 0.199244 0.303345 0.931817
-0.588080 -2.824781 13.060391 9.683246 0.671077 0.735347 0.094444 0.353225 -0.429122 0.831316 -0.651834 0.524518 0.547717
-0.545253 -2.733152 11.577341 -2.705930 0.725523 0.649054 0.228790 0.291442 -0.590938 0.752233 -0.623441 0.479084 0.617900
-0.378447 -2.420041 3.747603 9.853691 0.660112 0.743283 0.108547 0.363574 -0.442599 0.819707 -0.657317 0.501634 0.562404
-0.394695 -2.493873 -7.061812 -10.033583 0.718764 0.632038 0.289665 0.250118 -0.623804 0.740479 -0.648705 0.459780 0.606452
-1.987058 -18.279436 19.005970 369.627867 -0.116598 0.083116 -0.989695 0.678709 0.734179 -0.018303 0.725092 -0.673849 -0.142016
-1.809694 -7.576430 -17.949938 171.413401 0.000958 0.141765 -0.989900 0.542987 0.831186 0.119561 0.839741 -0.537617 -0.076180
-2.749003 -12.591775 23.914042 300.864360 -0.030944 0.092239 -0.995256 0.505227 0.860606 0.064052 0.862432 -0.500848 -0.073232
-4.201397 -24.543921 66.308634 512.396384 -0.145358 0.034237 -0.988787 0.695512 0.714322 -0.077511 0.703658 -0.698979 -0.127645
-2.635363 -16.503025 45.537813 143.913701 -0.138446 0.109801 -0.984264 0.910697 0.404660 -0.082956 0.389184 -0.907851 -0.156019
-3.096151 -4.723747 -4.042400 -8.140293 -0.393100 -0.487834 -0.779416 -0.195765 0.872625 -0.447439 0.898414 -0.023306 -0.438530
-3.571292 -5.067905 -8.753417 -10.323741 -0.382196 -0.652639 -0.654208 -0.385529 0.756014 -0.528971 0.839818 0.050046 -0.540557
-3.260937 -5.010117 -5.106192 -8.499945 -0.376070 -0.478284 -0.793609 -0.345535 0.867091 -0.358830 0.859754 0.139275 -0.491351
-3.195997 -4.743902 4.083965 -10.618062 0.403832 0.714170 0.571735 -0.268605 0.689978 -0.672147 0.874512 -0.117864 -0.470464
-2.763303 -4.424392 -2.207406 -6.468481 -0.383577 -0.497332 -0.778158 -0.055428 0.853489 -0.518154 0.921844 -0.155620 -0.354945
-3.332368 -5.108470 0.300152 -7.429776 -0.501993 -0.755904 0.420251 0.817213 -0.573643 -0.055642 0.283135 0.315503 0.905700
-3.135648 -5.055906 3.474999 -7.286471 -0.505394 -0.803479 0.314641 0.836593 -0.545588 -0.049452 0.211398 0.238234 0.947922
-3.135329 -5.178581 -2.705919 -10.706834 0.511119 0.789169 -0.340544 0.789273 -0.587809 -0.177564 0.340303 0.178025 0.923310
-3.285800 -5.035484 3.308006 1.377701 -0.488312 -0.794737 0.360478 0.862245 -0.503048 0.058960 0.134480 0.339611 0.930903
1.066152 -2.221120 34.667414 20.578825 -0.858875 -0.480520 0.177300 -0.461312 0.876146 0.139853 -0.222543 0.038326 -0.974169
0.474302 -1.399477 45.173503 32.657690 -0.927435 -0.280625 0.247212 -0.232897 0.950578 0.205329 -0.292615 0.132855 -0.946956
-0.394676 -2.415965 44.422038 22.620405 -0.897476 -0.385779 0.213805 -0.358513 0.920422 0.155857 -0.256917 0.063226 -0.964363
1.302544 -0.894043 28.381847 37.304459 -0.929503 -0.314562 0.192547 -0.271386 0.936878 0.220475 -0.249746 0.152677 -0.956199
1.511657 -0.998710 4.956189 38.603419 -0.890992 -0.443815 0.095714 -0.416328 0.882763 0.217717 -0.181119 0.154136 -0.971307
1.723882 -2.046324 5.355669 18.608410 -0.837321 -0.543455 0.059582 -0.534735 0.836787 0.117673 -0.113807 0.066670 -0.991263
-0.899273 -1.346351 11.529864 -8.960145 0.119907 0.969893 -0.211966 0.926696 -0.185941 -0.326588 0.356169 0.157268 0.921092
-1.145662 -1.808191 8.962423 -17.012631 0.368040 0.891580 -0.263877 0.850683 -0.437439 -0.291523 0.375346 0.117183 0.919447
-0.708437 -1.671992 13.874445 -14.967981 0.393272 0.860682 -0.323362 0.825484 -0.485403 -0.288029 0.404863 0.153656 0.901375
-0.510344 -1.109137 12.996016 -9.754357 0.220035 0.937537 -0.269459 0.904268 -0.299645 -0.304158 0.365902 0.176738 0.913717
0.152327 -4.951742 1.474879 -5.903221 0.418812 0.902497 0.100482 0.567989 -0.346689 0.746455 -0.708509 0.255551 0.657806
0.436991 -4.628738 14.255737 -4.909101 0.444002 0.889315 0.109456 0.494423 -0.345040 0.797805 -0.747267 0.300109 0.592896
-0.099860 -4.622165 2.962197 -8.822493 0.402876 0.913035 0.063699 0.463361 -0.263486 0.846092 -0.789295 0.311354 0.529217
-1.717157 -8.379934 13.438475 126.593400 0.312040 0.929561 -0.196333 -0.434640 0.323430 0.840524 -0.844819 0.176943 -0.504948
-2.065082 -9.211404 2.537543 123.863215 0.284591 0.905206 -0.315610 -0.472218 0.418882 0.775595 -0.834277 0.071691 -0.546665
-1.729018 -6.326865 11.294518 124.239452 0.304226 0.910905 -0.278744 -0.252609 0.359281 0.898391 -0.918496 0.202901 -0.339406
-1.331424 -5.952206 2.851367 136.227823 0.293204 0.935849 -0.195493 -0.264736 0.275959 0.923992 -0.918665 0.219164 -0.328665
-1.248111 -7.746556 6.203829 116.465133 0.320856 0.936239 -0.143204 -0.415154 0.274923 0.867217 -0.851292 0.218800 -0.476894
-1.552434 -9.661093 15.228687 63.581375 0.363061 0.920239 -0.146103 -0.663090 0.365336 0.653331 -0.654597 0.140319 -0.742841
-0.324761 -10.523717 -1.135327 65.115269 0.445086 0.825361 -0.347388 -0.831946 0.524646 0.180590 -0.331308 -0.208630 -0.920168
-0.230858 -10.492252 8.415685 59.132907 0.427516 0.845892 -0.318901 -0.845215 0.499155 0.190932 -0.320688 -0.187913 -0.928357
-0.429580 -10.729296 2.824772 21.491721 0.437690 0.835511 -0.332188 0.896475 -0.433872 0.089928 -0.068991 -0.337159 -0.938916
2.957139 -2.275823 117.879753 -5.452401 -0.145507 0.935211 0.322814 -0.908539 0.002855 -0.417790 0.391643 0.354080 -0.849260
0.849461 -2.024568 47.415163 3.742105 -0.138155 0.957517 0.253130 -0.929387 -0.037010 -0.367248 0.342277 0.285993 -0.895016
3.630566 -2.547558 115.291893 -7.896629 -0.007803 0.948029 0.318088 -0.937953 0.103341 -0.331005 0.346674 0.300934 -0.888400
0.007835 -16.418835 -11.130734 228.229454 0.396923 0.915457 -0.066267 -0.535212 0.289500 0.793560 -0.745654 0.279515 -0.604873
0.142245 -16.407390 -9.920426 202.853700 0.392034 0.918727 -0.047425 -0.621755 0.302602 0.722394 -0.678034 0.253716 -0.689854
-0.121910 -14.063894 -12.957214 237.712162 0.399329 0.915457 -0.049751 -0.345278 0.200439 0.916847 -0.849305 0.348946 -0.396128
0.365916 -16.512985 1.002515 -25.010788 0.425329 0.903958 -0.044220 -0.812897 0.403049 0.420417 -0.397862 0.142869 -0.906253
-0.427678 -13.669342 -11.796415 246.939982 0.417057 0.905083 -0.082995 -0.248804 0.201519 0.947358 -0.874162 0.374453 -0.309234
0.017078 -15.937067 0.017742 32.405640 0.444502 0.891978 -0.082426 -0.684683 0.397644 0.610810 -0.577605 0.215070 -0.787475
0.595645 -1.968487 -0.460920 13.530983 0.427079 0.889005 -0.165148 -0.746419 0.243532 -0.619315 0.510356 -0.387766 -0.767577
0.454365 -1.857352 -5.997563 12.623777 0.463819 0.870723 -0.163441 -0.732800 0.273387 -0.623107 0.497871 -0.408779 -0.764869
0.631101 -2.385520 -1.235847 14.854498 0.460637 0.876182 -0.141842 -0.689377 0.252512 -0.678968 0.559082 -0.410540 -0.720336
0.448201 -1.550802 -5.177986 10.063924 0.447967 0.878183 -0.167692 -0.769135 0.282915 -0.573053 0.455803 -0.385686 -0.802178
0.628495 -2.399577 4.677680 15.021872 0.423524 0.893497 -0.149298 -0.712579 0.226832 -0.663911 0.559337 -0.387569 -0.732757
0.525682 -1.874857 2.052965 16.143738 0.407318 0.898160 -0.165530 -0.765579 0.236961 -0.598112 0.497976 -0.370348 -0.784131
-0.226435 -8.756101 6.336987 -67.366625 0.299982 0.907127 0.295181 -0.793200 0.065293 0.605451 -0.529948 0.415762 -0.739120
-0.490721 -9.873787 -1.644272 -10.631039 0.334757 0.909786 0.245413 -0.818651 0.151822 0.553860 -0.466635 0.386316 -0.795620
-0.307772 -11.408628 4.488998 -88.279265 0.303969 0.912649 0.273266 -0.686399 0.010892 0.727143 -0.660650 0.408599 -0.629752
-0.061699 -11.584825 9.544438 -129.400803 0.295048 0.909997 0.291294 -0.643255 -0.036251 0.764793 -0.706519 0.413027 -0.574665
-0.507950 -9.920810 -2.987104 101.025227 0.306648 0.913229 0.268290 0.627832 0.017789 -0.778146 0.715398 -0.407057 0.567899
-0.538838 -9.219551 3.515919 21.223353 0.321285 0.916455 0.238506 0.498537 0.050445 -0.865399 0.805132 -0.396944 0.440679
-0.557390 -9.101958 2.971563 -1.807926 0.314750 0.919541 0.235321 0.464994 0.066754 -0.882794 0.827474 -0.387283 0.406570
-9.659388 -37.124789 -129.819424 -1078.107710 0.969958 0.145987 0.194600 0.130250 0.363967 -0.922260 0.205466 -0.919900 -0.334018
-3.786081 -7.186885 -6.091008 12.882803 0.687929 0.613479 0.387811 0.138829 0.413244 -0.899976 0.712376 -0.672959 -0.199113
3.655908 -20.923066 252.595468 682.717840 -0.750407 -0.369475 -0.548067 0.102028 0.754492 -0.648330 0.653054 -0.542430 -0.528479
5.512810 -59.742368 -132.830469 1206.484282 0.462740 0.824463 -0.325779 -0.608369 0.562637 0.559756 -0.644794 0.060828 -0.761932
-0.124076 -2.694673 1.875266 7.827301 0.674237 0.738503 0.004255 0.703773 -0.640761 -0.306802 0.223848 -0.209852 0.951764
-0.136411 -2.714966 0.434129 2.751820 0.696940 0.717122 -0.003071 0.659004 -0.642135 -0.391634 0.282821 -0.270922 0.920116
-0.013147 -2.544723 4.294595 1.743894 0.702931 0.711070 -0.016384 0.656726 -0.657711 -0.368954 0.273128 -0.248589 0.929303
-0.379361 -6.217042 -1.612431 -4.426762 0.514343 0.834567 -0.197354 0.849495 -0.527351 -0.016106 -0.117516 -0.159367 -0.980200
-0.269436 -6.234249 -0.324235 1.149902 0.516969 0.830339 -0.208038 -0.834513 0.542996 0.093509 -0.190608 -0.125269 -0.973641
-0.285802 -5.999135 -4.145669 16.318001 0.500716 0.841095 -0.204556 -0.807244 0.539034 0.240416 -0.312475 -0.044746 -0.948871
-0.238207 -5.630078 -4.514005 21.925906 0.483341 0.854277 -0.191293 -0.749251 0.516692 0.414309 -0.452774 0.056926 -0.889806
-0.252986 -5.385761 -3.475258 21.793793 0.478227 0.859890 -0.178574 -0.766977 0.507973 0.392058 -0.427837 0.050531 -0.902442
-2.538501 -6.346126 -38.827548 111.929297 0.610293 0.691605 -0.386297 -0.391591 0.687277 0.611806 -0.688621 0.222110 -0.690267
-2.009720 -4.592286 -43.724976 70.887694 0.529931 0.781673 -0.328878 -0.396121 0.571061 0.719011 -0.749841 0.250751 -0.612260
-2.172934 -3.344329 -12.848148 22.040887 0.307447 0.949806 0.057831 -0.585886 0.141059 0.798023 -0.749809 0.279232 -0.599846
4.716329 -7.704346 -1.778516 -36.667956 -0.554861 -0.759387 0.339796 0.752549 -0.284009 0.594145 -0.354681 0.585381 0.729061
4.977181 -8.041343 20.135395 32.991455 -0.591770 -0.697563 0.403998 0.784293 -0.382426 0.488502 -0.186262 0.605934 0.773402
4.526938 -8.243822 10.061544 12.852213 -0.529156 -0.790111 0.309383 0.839772 -0.435411 0.324346 -0.121561 0.431441 0.893914
4.163497 -7.832342 3.725194 -28.522735 -0.476979 -0.855133 0.203072 0.803946 -0.331115 0.493997 -0.355193 0.398885 0.845416
4.520294 -7.251592 -11.785377 -61.252767 -0.518608 -0.811534 0.269181 0.671503 -0.191704 0.715775 -0.529273 0.551962 0.644366
-0.440471 -1.828765 6.721654 8.065867 0.761184 0.606615 0.229382 -0.642297 0.656191 0.396066 -0.089741 0.448811 -0.889109
-0.178541 -1.940863 6.604704 12.687669 0.857388 0.485107 0.171925 -0.511849 0.768768 0.383414 -0.053826 0.416734 -0.907433
0.024216 -1.652520 4.436059 5.338854 0.854852 0.490220 0.170036 -0.511629 0.741810 0.433535 -0.086393 0.457604 -0.884949
0.028698 -1.831124 2.650472 11.133277 0.876292 0.457410 0.151287 -0.477851 0.785165 0.393922 -0.061399 0.417484 -0.906608
1.908658 -1.049925 40.947871 -10.208882 0.748588 -0.587371 -0.307590 0.598431 0.798285 -0.067983 0.285476 -0.133180 0.949087
0.524634 -1.180089 -32.361924 -7.907153 -0.574653 0.752915 0.320770 0.757504 0.637696 -0.139755 0.309777 -0.162674 0.936790
-0.614509 -5.886814 4.241624 29.680124 0.555003 0.826001 -0.098458 -0.469239 0.408603 0.782852 -0.686867 0.388285 -0.614368
-0.591505 -5.961759 7.010992 16.114168 0.576987 0.812260 -0.085558 -0.551800 0.464901 0.692375 -0.602164 0.352280 -0.716447
-0.639562 -6.052841 4.392296 5.589612 0.567123 0.816718 -0.106505 -0.591217 0.493703 0.637746 -0.573440 0.298713 -0.762848
-0.602772 -6.130128 1.791915 -11.196549 0.578354 0.809762 -0.098957 -0.675568 0.543405 0.498317 -0.457292 0.221351 -0.861329
-0.608984 -6.263993 -0.262807 -14.460220 0.555224 0.822410 -0.123963 -0.676585 0.533309 0.507754 -0.483693 0.198046 -0.852537
-0.632247 -6.011165 0.296615 13.519265 0.547245 0.827658 -0.124519 -0.563359 0.474274 0.676529 -0.618991 0.300078 -0.725812
-0.645142 -6.080282 -2.707323 21.570614 0.519526 0.844931 -0.127221 -0.499241 0.420999 0.757310 -0.693434 0.329928 -0.640544
-2.184522 -12.072313 22.163990 -44.831052 0.604317 0.758380 -0.244255 -0.745213 0.646477 0.163476 -0.281883 -0.083231 -0.955832
-2.508626 -13.091766 -0.552509 17.023215 0.557272 0.744562 -0.367526 -0.690266 0.661428 0.293335 -0.461499 -0.090223 -0.882541
-1.977816 -12.576472 21.027693 59.361771 0.587438 0.771687 -0.243755 -0.625526 0.624077 0.468236 -0.513453 0.122585 -0.849317
-2.508561 -12.347017 7.816296 86.185076 0.579249 0.742913 -0.335485 0.804211 -0.588031 0.086389 -0.133096 -0.319842 -0.938076
-1.541270 -12.501784 31.326570 -13.339121 0.607495 0.781000 -0.144876 -0.748719 0.623923 0.223919 -0.265273 0.027558 -0.963779
-2.099163 -12.346350 42.008838 100.012111 0.608669 0.771848 -0.183772 0.791802 -0.605709 0.078522 -0.050705 -0.193305 -0.979828
0.034279 -15.112437 -0.897871 -48.953762 0.411062 0.906970 -0.091833 0.835636 -0.334628 0.435587 -0.364334 0.255793 0.895450
-0.125093 -16.389297 -2.471356 0.666086 -0.461989 -0.880107 0.109443 0.886814 -0.459993 0.044358 0.011303 0.117549 0.993003
0.739757 -1.337393 31.385930 -10.593505 0.819293 -0.342935 -0.459515 0.194663 0.920185 -0.339657 0.539319 0.188828 0.820658
1.848465 -1.045682 35.131160 -6.941721 0.795522 -0.469319 -0.383255 0.335294 0.867811 -0.366718 0.504701 0.163229 0.847722
2.490854 -0.999212 8.605343 -5.217950 0.822062 -0.522434 -0.226444 0.408603 0.818231 -0.404402 0.396556 0.239918 0.886105
-0.119297 -2.154827 0.317803 -41.565670 0.589742 0.798853 -0.118485 -0.779709 0.601438 0.174144 -0.210377 0.010316 -0.977566
-0.193646 -3.081272 9.028475 -30.338500 0.584693 0.806891 -0.084025 -0.759634 0.580900 0.292424 -0.284764 0.107150 -0.952590
-0.160624 -2.567756 -6.992811 -32.787228 0.593514 0.795800 -0.120182 -0.763806 0.604014 0.227524 -0.253655 0.043243 -0.966328
-0.342691 -2.281287 12.271354 -48.216308 0.531485 0.842528 -0.087579 -0.826846 0.538473 0.162396 -0.183982 0.013897 -0.982831
-0.145457 -1.743056 -9.673442 -21.363532 0.543491 0.829647 -0.127682 -0.813019 0.558120 0.165837 -0.208848 -0.013677 -0.977853
-0.179922 -1.564336 -2.418865 -22.791771 0.518819 0.846456 -0.119745 -0.833776 0.531955 0.147790 -0.188797 -0.023164 -0.981743
0.404452 -2.057644 0.583628 14.907164 0.602147 0.798200 0.017183 0.422896 -0.337132 0.841130 -0.677183 0.499218 0.540559
0.275632 -2.443661 -1.142718 12.873721 0.610647 0.790412 0.048574 0.356564 -0.329203 0.874350 -0.707087 0.516599 0.482859
0.290262 -2.032727 6.486202 16.300357 0.610973 0.791647 0.002559 0.429462 -0.334160 0.838987 -0.665037 0.511500 0.544145
0.126146 -2.218765 7.343077 17.887136 0.619480 0.784975 -0.007673 0.421400 -0.324279 0.846915 -0.662319 0.527880 0.531673
-0.282207 -3.748786 7.254544 -2.251642 0.590358 0.793963 0.145257 0.257905 -0.356086 0.898158 -0.764829 0.492772 0.414985
-0.307861 -4.131012 -0.833910 -18.353206 0.581171 0.797739 0.160785 0.321019 -0.406295 0.855495 -0.747788 0.445574 0.492216
-0.390289 -3.878742 -4.739772 -12.079714 0.576084 0.803423 0.150466 0.273872 -0.363162 0.890566 -0.770144 0.471832 0.429246
-0.287937 -16.816823 -4.870222 -118.417891 0.692678 0.706725 -0.144001 0.494658 -0.610800 -0.618253 0.524891 -0.357020 0.772675
-0.226426 -16.963339 -11.705839 -75.750647 0.716097 0.684038 -0.138918 0.064769 -0.263283 -0.962542 0.694990 -0.680275 0.232840
-0.373618 -20.117244 -19.210519 -127.180934 0.706251 0.696158 -0.128737 -0.009253 -0.172749 -0.984922 0.707901 -0.696793 0.115563
1.346378 -1.006678 -20.251947 20.813301 0.330564 0.943088 -0.036214 0.916796 -0.329986 -0.224930 0.224079 -0.041154 0.973702
1.405655 -1.783987 -20.985510 11.519909 0.415597 0.907806 -0.056280 0.897022 -0.419322 -0.139717 0.150435 -0.007582 0.988591
1.817614 -1.285252 -19.533128 11.581381 0.351397 0.931259 -0.096316 0.912624 -0.363675 -0.186700 0.208894 0.022295 0.977684
25.545682 -506.751856 -273.254730 -10517.346031 0.568428 0.789709 -0.230757 -0.479368 0.089953 -0.872992 0.668653 -0.606851 -0.429693
4.266400 -58.342204 61.996368 890.877337 0.585447 0.795834 -0.154595 -0.207511 -0.037236 -0.977524 0.783703 -0.604369 -0.143345
5.120191 -58.204115 29.189935 -1265.968592 0.514491 0.855855 0.053015 -0.381833 0.284017 -0.879510 0.767791 -0.432257 -0.472918
33.790454 -1049.166309 -13.222580 -35760.566748 0.609135 0.793036 -0.006949 -0.605112 0.459091 -0.650442 0.512633 -0.400413 -0.759524
-5.900571 -85.787645 49.685943 1699.217206 0.431618 0.042521 0.901054 -0.426892 0.889581 0.162508 -0.794650 -0.454794 0.402111
-1.280627 -22.276449 -42.032510 -92.380343 0.191023 0.973659 -0.124491 0.300292 0.062779 0.951779 -0.934524 0.219196 0.280389
48.777051 -8.118706 -1330.201647 234.497437 0.370293 -0.071632 0.926149 0.187520 0.982260 0.000998 -0.909791 0.173302 0.377156
6.206475 -244.074922 -24.146099 8449.349498 0.436866 0.884175 0.165478 0.820567 -0.316349 -0.476017 0.368534 -0.343742 0.863727
27.762503 -128.383612 525.303120 3272.594287 0.172709 0.814511 -0.553844 0.968262 -0.243535 -0.056214 -0.180667 -0.526558 -0.830720
-1.429633 -30.748795 -56.920371 -295.559979 0.139870 0.915516 -0.377182 0.310937 0.321046 0.894566 -0.940082 0.242403 0.239763
11.279071 -13.964343 -93.039765 456.177860 0.657540 0.587776 0.471339 0.317051 0.351642 -0.880810 0.683462 -0.728606 -0.044864
-2.057069 -4.226475 4.006910 32.487559 0.292349 0.534092 -0.793271 0.386541 0.692733 0.608857 0.874710 -0.484630 -0.003929
-2.152709 -3.318822 38.217280 -16.002165 0.524579 0.845360 -0.100916 -0.100059 -0.056495 -0.993376 0.845461 -0.531202 -0.054950
-2.719387 -3.973986 16.128958 38.146218 -0.285688 -0.232070 -0.929799 0.449768 0.824272 -0.343926 0.846222 -0.516449 -0.131107
-2.977950 -4.947281 -5.776169 -6.242799 -0.308036 -0.386534 -0.869313 -0.351516 0.895327 -0.273544 0.884053 0.221317 -0.411666
-3.274098 -5.255595 -8.748526 -9.603691 -0.301393 -0.470446 -0.829363 -0.493053 0.821387 -0.286744 0.816125 0.322497 -0.479515
-2.897047 -5.037288 -7.407454 -4.496504 -0.210149 -0.375125 -0.902839 -0.452459 0.855933 -0.250319 0.866671 0.355894 -0.349602
-2.892630 -5.234787 -10.218517 -8.065564 0.503680 0.839595 -0.203439 0.836082 -0.533026 -0.129810 0.217426 0.104709 0.970444
-3.047786 -5.219196 7.890394 -0.768025 -0.489203 -0.840446 0.233089 0.868207 -0.494716 0.038385 0.083053 0.221148 0.971697
1.536740 -3.441433 -41.231591 4.994949 0.802848 0.566423 -0.186012 -0.587693 0.804376 -0.087152 -0.100259 -0.179288 -0.978675
2.075224 -3.186464 -5.351952 6.019603 0.796848 0.599368 -0.076105 -0.603497 0.795595 -0.053096 -0.028724 -0.088238 -0.995685
1.282177 -3.090094 44.193172 7.363823 -0.824766 -0.533451 0.187595 -0.540881 0.840991 0.013473 -0.164952 -0.090355 -0.982154
-0.945286 -2.318042 10.588722 -18.955862 0.506358 0.790944 -0.343525 0.738204 -0.603500 -0.301402 0.445710 0.100974 0.889465
-1.306704 -2.447327 6.188918 -19.579182 0.509437 0.814775 -0.276796 0.755798 -0.577449 -0.308744 0.411392 0.051916 0.909979
1.470669 -4.422731 46.461592 -8.280971 0.447098 0.887797 0.109182 0.440938 -0.324950 0.836649 -0.778253 0.325922 0.536747
2.055495 -4.723980 50.436054 -0.311917 0.445925 0.885646 0.129542 0.557325 -0.387985 0.734068 -0.700385 0.255143 0.666606
12.231653 -3.467645 375.319380 4.232107 0.273727 0.953217 -0.128260 0.550080 -0.045763 0.833857 -0.788977 0.298803 0.536872
8.869559 -2.792308 245.850583 28.482604 0.239035 0.969852 -0.047425 0.652096 -0.124148 0.747903 -0.719467 0.209701 0.662112
3.009151 -4.569885 55.712223 -0.106708 0.438416 0.884087 0.161805 0.632457 -0.431380 0.643357 -0.638583 0.179724 0.748272
1.612435 -4.928855 29.269755 -8.623820 0.484785 0.860824 0.154805 0.638492 -0.469276 0.610007 -0.597755 0.196880 0.777127
-1.899724 -6.030123 13.607840 105.649533 0.322916 0.867240 -0.378971 -0.226402 0.459581 0.858794 -0.918949 0.191518 -0.344751
-1.842964 -7.892104 -10.668642 120.339974 0.264147 0.858339 -0.439865 -0.377651 0.511694 0.771718 -0.887472 0.037732 -0.459315
-2.069033 -10.360621 -14.040960 91.953734 0.232770 0.872234 -0.430145 -0.621295 0.473642 0.624225 -0.748205 -0.121946 -0.652164
-2.202676 -11.969287 4.509604 107.044764 0.323123 0.892692 -0.314154 -0.699573 0.448878 0.555974 -0.637330 -0.040126 -0.769545
0.901905 -10.516715 9.770581 56.047052 0.332505 0.880842 -0.336982 -0.853521 0.433050 0.289775 -0.401176 -0.191270 -0.895809
0.413306 -10.871029 4.354593 -26.510407 0.342045 0.878172 -0.334394 0.914734 -0.392626 -0.095434 -0.215099 -0.273238 -0.937589
0.426298 -10.746428 7.120706 63.579863 0.367401 0.869817 -0.329294 -0.854082 0.455692 0.250774 -0.368184 -0.189110 -0.910317
-0.500867 -14.490661 -1.117041 264.955869 0.463134 0.879489 -0.109572 -0.183729 0.216216 0.958903 -0.867035 0.423969 -0.261724
-0.804688 -7.529391 -2.626394 115.907715 0.466512 0.870212 -0.158423 -0.035226 0.197244 0.979721 -0.883813 0.451471 -0.122670
-0.788288 -7.978614 2.205153 139.922046 0.492209 0.835670 -0.243692 0.055973 0.248988 0.966888 -0.868676 0.489551 -0.075779
-0.176574 -15.625578 18.321588 327.437687 0.493421 0.855556 -0.156716 -0.113726 0.242089 0.963566 -0.862324 0.457621 -0.216751
0.103812 -18.548142 16.150238 289.326320 0.474786 0.874603 -0.098227 -0.442418 0.333661 0.832428 -0.760818 0.351768 -0.545358
0.511892 -2.253268 -6.775756 14.828441 0.506355 0.851237 -0.137843 -0.671242 0.288735 -0.682691 0.541331 -0.438210 -0.717588
0.297662 -1.815430 -6.731020 11.698357 0.510017 0.847693 -0.145943 -0.706877 0.316377 -0.632638 0.490110 -0.425820 -0.760572
0.213330 -1.578509 -6.898557 6.002120 0.499162 0.852920 -0.152853 -0.737815 0.325860 -0.591138 0.454385 -0.407851 -0.791954
0.205331 -15.221615 23.112236 -319.406295 0.330096 0.883121 0.333366 0.938578 -0.269456 -0.215555 -0.100534 0.384044 -0.917825
0.518428 -7.362404 23.561816 -53.352430 0.280445 0.901305 0.330151 0.919450 -0.153484 -0.362014 -0.275612 0.405083 -0.871749
1.147368 -8.685050 37.646768 -101.885638 0.279399 0.901392 0.330801 0.940730 -0.187998 -0.282282 -0.192257 0.390064 -0.900493
-0.652284 -10.366176 5.450236 18.579199 0.343511 0.908620 0.237506 0.493613 0.040467 -0.868740 0.798966 -0.415658 0.434606
-0.680356 -10.575480 2.317971 -88.135817 0.344290 0.913695 0.215930 0.372237 0.078299 -0.924829 0.861919 -0.398787 0.313153
-2.182920 -23.721394 -34.861571 -631.937005 0.244706 0.968322 -0.049718 0.049349 0.038772 0.998029 -0.968341 0.246677 0.038298
-1.470845 -5.077693 -53.099327 -95.049960 0.043451 0.836146 -0.546784 0.111618 0.539811 0.834353 -0.992801 0.097284 0.069874
-1.191777 -23.423604 -63.755524 -830.005028 0.173647 0.983941 0.041314 -0.111236 -0.022086 0.993549 -0.978506 0.177123 -0.105614
0.385106 -4.089737 -13.425735 1.925537 0.715187 0.694531 0.078317 0.274975 -0.176583 -0.945096 0.642570 -0.697456 0.317269
0.822350 -3.980936 -13.568721 -0.487030 0.702318 0.707368 0.079878 0.300300 -0.192665 -0.934184 0.645422 -0.680082 0.347735
0.786161 -3.982951 -9.896660 -1.042128 0.695320 0.713090 0.089624 0.216149 -0.088556 -0.972336 0.685427 -0.695457 0.215709
-0.343323 -6.250409 -1.120863 -1.625645 0.528574 0.823439 -0.206295 0.848863 -0.514567 0.121051 -0.006475 -0.239101 -0.970973
-0.437124 -10.550141 -17.929988 205.126961 -0.299439 -0.096111 -0.949262 0.777408 -0.601378 -0.184340 -0.553148 -0.793163 0.254794
0.328166 -18.800970 21.421562 -397.764578 0.282007 0.138489 0.949364 -0.677898 0.728989 0.095027 -0.678916 -0.670370 0.299461
-0.683633 -21.065197 30.759234 -425.526572 0.321966 0.132671 0.937409 -0.658454 0.742827 0.121024 -0.680276 -0.656206 0.326523
-5.091406 -6.386672 27.804673 25.831967 0.637282 0.766410 -0.080545 -0.680701 0.608829 0.407398 -0.361272 0.204800 -0.909692
-4.525796 -6.117288 10.551085 2.413994 0.655964 0.721975 -0.220146 -0.647121 0.688067 0.328326 -0.388519 0.072909 -0.918552
-2.858722 -6.653041 49.309691 50.554769 -0.651523 -0.650370 0.390560 -0.504906 0.755982 0.416607 -0.566205 0.074233 -0.820915
4.752326 -7.548970 10.486159 57.263568 -0.625876 -0.597280 0.501533 0.779858 -0.471035 0.412246 -0.009987 0.649140 0.760604
4.693996 -7.304032 20.647019 39.187887 -0.581673 -0.709283 0.398214 0.813004 -0.491240 0.312581 -0.026089 0.505570 0.862391
-0.716356 -2.012404 3.955779 6.852407 0.594893 0.742779 0.307215 0.791912 -0.476091 -0.382378 -0.137760 0.470761 -0.871439
-0.246407 -1.623646 -7.500981 13.456699 -0.080610 0.977282 0.196016 0.964310 0.126224 -0.232753 0.252207 -0.170257 0.952577
-0.487976 -1.834915 -16.150908 6.688337 -0.271309 0.931447 0.242482 0.911940 0.329341 -0.244744 0.307826 -0.154728 0.938777
-0.755075 -2.414105 -17.336567 13.360515 0.095629 0.984137 0.149432 0.969531 -0.058073 -0.237987 0.225534 -0.167637 0.959704
-0.268675 -2.307486 -10.495297 11.009188 0.164703 0.976891 0.136224 0.972515 -0.137793 -0.187691 0.164583 -0.163393 0.972736
-0.543709 -5.727257 3.753530 29.784300 0.563535 0.822665 -0.075166 -0.449344 0.381609 0.807753 -0.693194 0.421422 -0.584710
-0.570056 -5.931129 -1.203121 11.452805 0.571503 0.816359 -0.083317 -0.583309 0.475558 0.658480 -0.577178 0.327724 -0.747972
-0.674509 -5.983248 -3.732654 17.928367 0.504327 0.853681 -0.129937 -0.443868 0.385359 0.808999 -0.740699 0.350325 -0.573269
-2.256340 -12.392790 2.440507 77.993038 0.543097 0.766764 -0.342225 -0.544930 0.631939 0.551094 -0.638824 0.112809 -0.761037
-2.676313 -13.291363 -23.261945 62.084271 0.526790 0.710973 -0.465843 0.785052 -0.617070 -0.054014 -0.325861 -0.337257 -0.883217
-2.390436 -13.737483 -24.534544 35.925515 0.508805 0.701239 -0.499381 -0.634779 0.697445 0.332604 -0.581526 -0.147766 -0.799996
-2.554418 -13.064490 -12.769402 84.041582 0.533340 0.739387 -0.410920 -0.536613 0.671253 0.511337 -0.653907 0.052212 -0.754771
-0.104634 -16.144593 0.740029 -45.913234 0.489012 0.863868 -0.120831 0.857896 -0.501363 -0.112472 0.157741 0.048660 0.986281
0.082200 -14.576789 -1.098543 -6.490020 -0.427563 -0.898187 0.102230 0.892300 -0.401204 0.206969 -0.144881 0.179712 0.972992
-0.072094 -18.824206 10.620928 -86.062327 -0.479608 -0.873365 0.084915 0.876620 -0.481177 0.002244 0.038899 0.075514 0.996386
-0.137129 -19.613972 -11.739757 -77.531292 0.529693 0.839069 -0.124049 0.757209 -0.533690 -0.376576 0.382177 -0.105539 0.918043
-0.372026 -1.636795 21.828458 -14.301661 0.834234 -0.045733 -0.549511 -0.065981 0.981115 -0.181822 0.547449 0.187939 0.815462
0.692717 -1.171234 37.644171 -6.605294 0.808424 -0.348231 -0.474537 0.220749 0.926742 -0.304005 0.545638 0.141012 0.826072
-0.062107 -3.258323 -6.286291 -18.783700 0.561038 0.821450 -0.102250 -0.750955 0.557036 0.354652 -0.348286 0.122188 -0.929391
-0.103494 -3.605459 6.303815 3.712186 0.557738 0.826970 -0.071063 -0.704311 0.516831 0.486653 -0.439175 0.221374 -0.870700
-0.573163 -3.822513 18.909020 -5.133895 0.571516 0.817791 -0.067728 -0.721997 0.540358 0.432126 -0.389986 0.198068 -0.899266
0.309284 -2.104572 -5.323135 12.681463 0.598846 0.799127 0.052715 0.407024 -0.360380 0.839320 -0.689721 0.481167 0.541076
0.475470 -0.485533 16.463482 1.211073 0.390185 0.861725 -0.324322 0.867933 -0.461807 -0.182831 0.307325 0.210152 0.928110
0.985926 -0.736813 22.846373 6.103909 0.385951 0.865484 -0.319343 0.876332 -0.452120 -0.166221 0.288243 0.215697 0.932947
0.296277 -0.637964 16.091155 5.684158 0.470817 0.812008 -0.344926 0.829930 -0.540266 -0.139032 0.299247 0.220806 0.928276
0.539208 -1.058700 21.107745 11.196870 0.451802 0.820483 -0.350259 0.846701 -0.518045 -0.121356 0.281021 0.241736 0.928758
-0.177998 -0.422260 10.210999 2.523182 0.539447 0.768433 -0.344250 0.783505 -0.607839 -0.129044 0.308409 0.200109 0.929968
-0.242357 -0.582930 10.179181 -6.143059 0.682101 0.633266 -0.365667 -0.664616 0.745429 0.051195 0.304998 0.208108 0.929337
-0.073797 -0.804534 13.486421 9.983794 0.565984 0.741983 -0.359337 0.769559 -0.631835 -0.092540 0.295705 0.224155 0.928608
-10.346319 -197.128442 -27.303090 -2631.334841 0.483103 0.830198 0.278177 -0.618200 0.548415 -0.563090 0.620032 -0.100062 -0.778169
-0.687690 -176.506284 59.039900 -5482.569432 0.522815 0.761713 0.382697 -0.238757 0.561818 -0.792058 0.818327 -0.322728 -0.475591
-2.139929 -66.587347 4.281112 -1187.199597 0.432393 0.844329 0.316456 0.901120 -0.417062 -0.118501 0.031928 0.336404 -0.941177
1.299040 -86.894712 -312.873212 -1912.612707 0.637815 0.757780 0.137699 0.738763 -0.551382 -0.387566 -0.217765 0.348923 -0.911499
-0.279977 -3.236925 -14.710695 10.824189 -0.365028 -0.863597 0.347786 0.930923 -0.343255 0.124730 0.011663 0.369292 0.929240
-0.686944 -3.399088 -3.438731 8.731777 -0.304296 -0.892024 0.334210 0.951602 -0.268788 0.149017 -0.043095 0.363380 0.930644
-0.596317 -3.197892 5.664046 6.492853 0.603074 0.797520 0.016224 0.344209 -0.278527 0.896629 -0.719598 0.535149 0.442486
-0.414352 -3.355740 4.807671 11.826618 0.579090 0.813731 -0.049973 0.313331 -0.165555 0.935102 -0.752648 0.557166 0.350839
-0.440520 -3.389390 1.929819 4.565361 0.570009 0.821422 -0.018892 0.217715 -0.128828 0.967473 -0.792269 0.555581 0.252269
6.291291 -44.111992 -64.768161 -1025.121409 -0.059647 -0.066011 0.996035 -0.324282 0.944973 0.043208 -0.944078 -0.320419 -0.077771
180.786123 -96.371758 -4624.043614 -16754.719602 0.771922 -0.492449 0.402033 0.634350 0.638134 -0.436332 0.041679 -0.591844 -0.804974
-10.073482 -50.062633 -102.081331 1250.765878 0.402577 0.026576 -0.915000 0.751354 -0.580561 0.313714 -0.522876 -0.813783 -0.253688
-12.568679 -43.259885 326.829482 -806.891774 -0.150467 0.307797 0.939479 -0.160742 0.930036 -0.330448 -0.975460 -0.200735 -0.090463
-4.318230 -209.640040 -249.140270 5539.676032 0.013966 0.102267 -0.994659 0.745956 -0.663487 -0.057743 -0.665849 -0.741165 -0.085553
2.590041 -217.763513 -65.454063 5945.809616 0.455947 -0.177042 -0.872220 0.623284 -0.636053 0.454922 -0.635319 -0.751061 -0.179660
-5.415790 -17.839874 92.469070 29.502124 -0.118373 0.062156 -0.991022 0.961309 0.257185 -0.098694 0.248742 -0.964361 -0.090195
-3.049338 -20.219793 43.350989 -309.146024 -0.097252 0.075283 -0.992408 0.981257 -0.159421 -0.108252 -0.166361 -0.984336 -0.058368
-1.516011 -15.377870 34.541007 -93.690896 -0.127217 0.142112 -0.981641 0.988131 0.104063 -0.112993 0.086095 -0.984365 -0.153664
-3.750168 -5.401959 -10.311774 -13.495589 -0.352652 -0.606188 -0.712862 -0.501760 0.765525 -0.402750 0.789856 0.215655 -0.574125
-3.941693 -5.484731 4.474088 -16.056583 0.340409 0.778859 0.526783 -0.572565 0.616098 -0.540919 0.745849 0.117483 -0.655672
-3.610331 -5.211553 -0.220706 -14.002548 0.357250 0.838398 0.411656 -0.501611 0.544008 -0.672638 0.787882 -0.033809 -0.614897
-0.913733 -1.788926 37.693650 20.376054 -0.965214 -0.050647 0.256508 -0.008024 0.986335 0.164557 -0.261337 0.156774 -0.952431
0.770863 -0.811787 53.530866 -3.806427 -0.893555 0.287665 0.344686 0.335631 0.937939 0.087305 -0.298180 0.193699 -0.934649
