18961
37897
-6.803605 -9.976970 78.136983 104.386219 -0.446820 0.892206 0.065727 -0.727434 -0.319569 -0.607220 0.520761 0.319130 -0.791811
-7.487140 -9.472760 147.321038 173.770100 -0.223740 0.960175 0.167345 -0.863766 -0.115805 -0.490405 0.451496 0.254270 -0.855277
-4.797245 -7.953169 8.307911 85.291139 -0.665148 0.740599 -0.095345 -0.629297 -0.624703 -0.462312 0.401950 0.247506 -0.881576
-5.210435 -7.026222 54.377579 131.347759 -0.511334 0.858631 -0.035911 -0.780766 -0.481612 -0.398063 0.359085 0.175505 -0.916655
-4.988338 -8.405538 -53.222191 87.824120 -0.667328 0.742666 -0.055856 -0.608628 -0.587036 -0.533817 0.429237 0.322236 -0.843753
-3.923743 -6.787654 -21.866885 -54.822257 -0.808775 0.563214 -0.169330 0.490564 0.804862 0.333982 0.324391 0.187049 -0.927245
-4.471266 -7.325315 -38.547440 -40.142043 -0.823872 0.547914 -0.145003 0.452689 0.790076 0.413344 0.341040 0.274901 -0.898956
14.348253 -11.616546 -363.379571 83.159884 0.372055 0.927348 0.040011 -0.802965 0.299929 0.515063 -0.465642 0.223760 -0.856218
8.747862 -11.623285 -222.497145 203.583984 0.251477 0.965364 -0.069512 -0.847824 0.254362 0.465290 -0.466856 0.058076 -0.882425
12.251100 -12.912278 -359.468357 167.613317 0.436460 0.899722 0.001496 -0.845274 0.409477 0.343279 -0.308244 0.151092 -0.939232
19.050152 -13.453852 -613.318371 -10.498697 0.568161 0.808046 0.155737 0.807618 -0.511200 -0.293985 -0.157940 0.292807 -0.943037
18.736682 -13.038565 -590.539451 35.697581 0.498499 0.858510 0.120249 -0.802509 0.404557 0.438536 -0.327840 0.315110 -0.890633
11.510465 -13.237933 -419.648567 -97.492319 0.500829 0.864381 0.044895 0.860009 -0.491097 -0.138593 -0.097749 0.108021 -0.989331
7.681652 -13.907165 -142.685356 132.857009 0.404005 0.914715 -0.008773 -0.904922 0.401045 0.142404 -0.133778 0.049593 -0.989770
2.965261 -3.292563 -135.276251 -153.835091 0.265959 0.815634 -0.513816 -0.010981 -0.530415 -0.847667 0.963922 -0.231087 0.132113
3.467967 -4.559401 -111.898584 -36.221113 0.258949 0.864748 -0.430297 -0.093913 -0.420841 -0.902260 0.961315 -0.274050 0.027765
1.916600 -5.087208 -141.765326 -26.725703 0.284694 0.851131 -0.441049 -0.103458 -0.430121 -0.896823 0.953019 -0.300951 0.034397
-1.378379 -9.614355 -22.169180 -96.465887 -0.521971 0.843624 0.125876 0.151002 0.236639 -0.959792 0.839490 0.481976 0.250908
-1.670257 -9.443850 -13.545696 -125.442280 -0.549332 0.826966 0.119841 0.204756 0.272263 -0.940185 0.810129 0.491936 0.318889
-1.110645 -9.083612 -21.366540 -150.001703 -0.518334 0.845890 0.125699 0.280850 0.307211 -0.909255 0.807746 0.435996 0.396806
-1.099156 -9.170281 -15.549374 -161.146818 -0.506208 0.853061 0.126649 0.232863 0.276601 -0.932345 0.830379 0.442468 0.338664
-0.505415 -5.554317 -247.826214 -13.697393 0.283161 0.955251 -0.085528 -0.895402 0.231358 -0.380431 0.343620 -0.184305 -0.920846
-0.822178 -5.348900 -130.901767 -15.075421 0.296270 0.953930 -0.047348 -0.853517 0.242184 -0.461364 0.428642 -0.177101 -0.885947
1.273815 -5.390469 -321.881077 -8.783758 0.318651 0.943484 -0.091106 -0.863223 0.249147 -0.439058 0.391545 -0.218551 -0.893828
-2.090999 -5.596191 -41.903647 -12.934053 0.310668 0.950514 0.003082 -0.880737 0.289078 -0.375148 0.357474 -0.113832 -0.926960
3.539343 -5.681821 -368.130833 -15.851325 0.304750 0.949356 -0.076487 -0.887655 0.253995 -0.384129 0.345248 -0.184958 -0.920106
0.276435 -9.166669 -22.615818 70.186778 -0.612895 0.785024 -0.089986 0.759329 0.553641 -0.341908 -0.218586 -0.277883 -0.935415
-0.093354 -8.696780 -27.194008 56.842055 -0.615553 0.782001 -0.097814 0.758150 0.553698 -0.344423 -0.215180 -0.286169 -0.933705
0.169373 -8.319888 -16.426234 124.699860 -0.574983 0.811417 -0.104864 0.810694 0.547752 -0.206745 -0.110317 -0.203888 -0.972759
0.197757 -9.441785 -29.392963 -22.561614 -0.652189 0.754597 -0.072342 0.673284 0.532760 -0.512695 -0.348337 -0.383080 -0.855518
0.564425 -9.106589 -19.960382 118.003782 -0.583354 0.806327 -0.097641 0.799694 0.549164 -0.242711 -0.142084 -0.219670 -0.965172
0.711421 -9.732110 -29.251471 20.848976 -0.614742 0.784033 -0.085937 0.737951 0.533278 -0.413573 -0.278427 -0.317658 -0.906406
-5.046608 -19.974118 -80.774286 -367.897779 0.386225 0.922233 -0.017796 0.245390 -0.121327 -0.961802 0.889165 -0.367106 0.273166
-5.724772 -23.372542 -107.931740 -280.395292 0.371445 0.927771 -0.035644 0.015905 -0.044744 -0.998872 0.928319 -0.370459 0.031376
-6.287509 -20.259922 -102.913006 -336.643863 0.326019 0.945314 -0.009659 0.270456 -0.103055 -0.957201 0.905851 -0.309453 0.289264
-5.593104 -15.013256 -76.057672 -234.630006 0.313166 0.949617 -0.012424 0.485931 -0.171463 -0.857013 0.815965 -0.262350 0.515145
-5.193631 -16.299909 -82.355493 -261.965064 0.369949 0.929017 -0.008065 0.404174 -0.168753 -0.898980 0.836529 -0.329317 0.437915
-0.413467 -19.465902 35.930433 -234.360148 0.245249 0.941214 -0.232313 -0.121567 -0.207882 -0.970570 0.961808 -0.266273 -0.063438
-0.270561 -17.348418 21.941673 -282.978891 0.250968 0.938650 -0.236540 0.034355 -0.252844 -0.966897 0.967386 -0.234534 0.095703
-0.515920 -19.740956 -7.214603 -238.786283 0.270720 0.931380 -0.243395 -0.143152 -0.211076 -0.966930 0.951955 -0.296610 -0.076186
0.023462 -17.169355 24.407969 -313.494195 0.250430 0.943243 -0.218123 0.062595 -0.240606 -0.968602 0.966109 -0.228914 0.119298
55.537721 -62.495942 4291.160235 3839.115108 0.223016 0.959016 0.174791 0.974814 -0.219190 -0.041152 -0.001153 0.179566 -0.983745
-1.666330 -9.348044 470.537169 -414.441358 0.847216 0.525746 0.076264 -0.531059 0.841975 0.095150 0.014188 0.121113 -0.992537
20.305105 -28.142058 1593.445059 1164.177395 0.334180 0.933194 0.132184 0.941038 -0.322528 -0.102092 -0.052638 0.158507 -0.985954
-6.337664 -9.234535 79.748635 -178.949692 0.907693 -0.413587 -0.070986 0.417796 0.906509 0.060724 -0.039235 0.084776 -0.995627
-1.119085 -13.779159 283.880434 -145.535900 0.125803 0.986572 0.104162 -0.978273 0.105929 0.178213 -0.164786 0.124318 -0.978463
3.806690 -18.345986 775.769091 218.028128 0.074971 0.965600 0.248991 0.992107 -0.047059 -0.116226 -0.100511 0.255740 -0.961506
0.002039 -6.277991 1.635180 -150.812159 -0.523435 0.836841 0.160350 0.533453 0.468596 -0.704163 0.664412 0.283044 0.691695
-0.153412 -6.317782 23.343357 -102.763340 -0.534319 0.832829 0.144565 0.486837 0.443016 -0.752812 0.691009 0.331862 0.642164
-0.054123 -5.904010 11.006699 -59.301378 -0.551154 0.811668 0.193454 0.506866 0.509848 -0.695084 0.662810 0.285043 0.692412
0.036618 -5.919764 -14.105990 -28.234481 -0.539932 0.817978 0.198457 0.528667 0.513033 -0.676245 0.654969 0.260209 0.709442
-0.025240 -6.748528 -18.938635 -101.956685 -0.506187 0.848342 0.155209 0.551511 0.456776 -0.697991 0.663031 0.267714 0.699084
-0.046098 -32.071718 18.848206 590.059167 0.607600 0.786935 0.107493 0.241443 -0.054071 -0.968907 0.756655 -0.614662 0.222854
2.622700 -30.765715 155.122725 189.149021 0.604448 0.786121 0.129058 0.390156 -0.150874 -0.908304 0.694565 -0.599375 0.397905
1.266888 -30.616819 99.925431 -670.701017 0.603165 0.787918 0.124008 0.588435 -0.334612 -0.736057 0.538457 -0.516934 0.665464
-0.617528 -28.440261 -10.963106 25.417042 0.611265 0.779010 0.139641 0.412315 -0.162853 -0.896368 0.675538 -0.605494 0.420743
-0.740254 -14.174594 28.724396 182.792252 0.239934 0.928528 -0.283315 -0.865652 0.072540 -0.495364 0.439407 -0.364107 -0.821187
-0.837197 -13.619418 4.480257 214.887610 0.225267 0.929355 -0.292497 -0.887311 0.071696 -0.455563 0.402409 -0.362159 -0.840778
-0.913729 -16.531859 2.924866 219.644090 0.249240 0.926749 -0.281098 -0.760736 0.007735 -0.649016 0.599300 -0.375601 -0.706939
-0.779467 -17.099885 21.660961 184.518660 0.253721 0.926191 -0.278920 -0.734102 -0.003388 -0.679031 0.629857 -0.377040 -0.679059
-1.251584 -7.172724 183.551300 63.350995 0.239077 0.970842 0.017572 -0.379016 0.109966 -0.918833 0.893974 -0.213012 -0.394254
0.591940 -7.067114 106.859894 44.339398 0.265372 0.963598 0.032523 -0.354000 0.128756 -0.926340 0.896807 -0.234311 -0.375282
-1.008640 -7.726190 141.577499 6.340935 0.246047 0.968806 0.029589 -0.258170 0.094931 -0.961424 0.934243 -0.228916 -0.273475
-2.986347 -7.563887 127.471450 58.833407 0.266273 0.962911 -0.043589 -0.353804 0.055572 -0.933667 0.896617 -0.264033 -0.355479
-0.944976 -23.515627 -18.266349 305.628561 0.313439 -0.920868 -0.231857 0.949232 0.310706 0.049196 0.026737 -0.235506 0.971505
-1.288827 -19.722633 6.528433 321.482856 -0.327209 0.913353 0.242325 0.897870 0.380446 -0.221565 0.294558 -0.145078 0.944557
-0.837262 -20.889135 45.427907 284.829908 -0.341047 0.916073 0.210945 0.917892 0.372947 -0.135594 0.202885 -0.147380 0.968048
-0.741835 -24.204450 -27.025906 163.060554 0.325793 -0.920171 -0.217127 0.941505 0.294830 0.163230 -0.086184 -0.257606 0.962399
-0.957363 -26.359625 -25.774239 159.690163 0.303648 -0.925740 -0.225395 0.907203 0.208621 0.365322 -0.291171 -0.315408 0.903182
-1.019262 -25.019232 -26.395292 199.900802 0.311930 -0.922348 -0.227978 0.925560 0.240805 0.292152 -0.214567 -0.302138 0.928802
-1.846600 -6.518206 87.774782 -8.553017 -0.108782 0.957238 0.268070 0.993929 0.109212 0.013352 -0.016495 0.267895 -0.963307
-1.739219 -6.348160 89.114723 -2.721695 -0.033407 0.963078 0.267141 0.992553 0.063299 -0.104080 -0.117147 0.261674 -0.958020
0.103376 -6.624097 146.837988 -6.079555 0.018473 0.960314 0.278309 0.999818 -0.019059 -0.000602 0.004727 0.278270 -0.960491
-1.008611 -6.742247 114.825744 -30.327244 -0.080373 0.958156 0.274732 0.994114 0.056964 0.092159 0.072653 0.280522 -0.957094
-2.491737 -14.503592 78.400581 227.720724 -0.393882 0.913066 0.105674 -0.870168 -0.333381 -0.362856 0.296082 0.234876 -0.925834
-3.046694 -11.536496 88.271184 -277.016921 -0.407182 0.908984 0.089172 0.903523 0.386596 0.184902 0.133599 0.155858 -0.978703
-1.821457 -13.262325 80.825747 -245.845970 -0.366322 0.921824 0.126682 0.919906 0.338309 0.198294 0.139935 0.189175 -0.971921
-0.911442 -14.824800 59.809157 204.146887 -0.415022 0.903508 0.106911 -0.853259 -0.345745 -0.390396 0.315762 0.253246 -0.914418
-1.632422 -15.153404 76.442411 -41.017859 -0.412189 0.904206 0.111856 -0.776168 -0.284195 -0.562847 0.477141 0.318818 -0.818958
-0.059345 -4.578124 -78.033890 41.315457 0.197814 0.976581 -0.084614 -0.184157 0.121807 0.975320 -0.962785 0.177349 -0.203940
-0.386082 -5.057099 -64.754558 31.488904 0.191206 0.980446 -0.046546 -0.257849 0.095928 0.961411 -0.947077 0.171826 -0.271149
0.702248 -4.896909 -95.910327 32.481643 0.195167 0.978543 -0.066062 -0.246507 0.114136 0.962397 -0.949286 0.171543 -0.263493
1.238141 -4.334105 -94.242647 50.475144 0.206888 0.974096 -0.091293 -0.174619 0.128578 0.976205 -0.962655 0.186024 -0.196697
0.553363 -3.864468 -88.619184 41.700911 0.202658 0.970186 -0.132921 -0.114128 0.158213 0.980787 -0.972576 0.183594 -0.142788
-1.202577 -4.707080 -8.694885 -25.203725 0.336386 0.926396 -0.169219 -0.723519 0.369256 0.583241 -0.602797 0.073762 -0.794478
-1.307515 -4.641221 -23.651767 -19.447662 0.339234 0.928732 -0.149589 -0.745948 0.362463 0.558732 -0.573133 0.077956 -0.815746
-1.090855 -4.253578 -13.417537 -22.862430 0.290473 0.947756 -0.131848 -0.786441 0.314949 0.531335 -0.545101 0.050647 -0.836839
-1.147441 -4.279575 5.819986 -21.584647 0.274869 0.952594 -0.130427 -0.773162 0.299627 0.558967 -0.571548 0.052801 -0.818868
-1.258939 -8.959502 56.967589 -135.675668 0.652116 -0.729203 -0.207382 -0.650616 -0.397882 -0.646830 -0.389157 -0.556734 0.733896
-1.238611 -8.780020 57.741937 32.045434 0.654107 -0.725600 -0.213658 0.663256 0.414404 0.623187 -0.363643 -0.549340 0.752322
-1.486105 -8.763635 38.190113 16.823315 0.656707 -0.731549 -0.183227 0.665057 0.447223 0.598072 -0.355576 -0.514615 0.780216
6.242256 -2.950354 -147.899341 4.620066 0.507410 0.792910 0.337386 -0.419402 0.569275 -0.707127 0.752753 -0.217303 -0.621403
7.520262 -3.032983 24.860190 11.557171 0.402925 0.825263 0.395718 -0.404637 0.548444 -0.731764 0.820926 -0.134723 -0.554914
7.521244 -3.349237 44.633442 -5.366453 0.390379 0.831907 0.394379 -0.447275 0.545792 -0.708559 0.804704 -0.100211 -0.585157
-611.487135 -901.454696 26352.307931 -116966.053628 0.129472 0.930275 0.343256 0.006173 0.345407 -0.938433 0.991564 -0.123620 -0.038978
-64.431582 -306.242976 2504.942521 10736.638001 -0.747780 0.468751 -0.470209 0.287270 0.866906 0.407369 0.598582 0.169545 -0.782914
-21.181192 -258.183827 -40.662878 11927.331119 0.715535 -0.597955 -0.361191 0.172499 -0.349790 0.920810 0.676944 0.721177 0.147140
-68.435132 -235.126495 -2512.292162 6565.889578 0.683078 0.658627 -0.315620 -0.481843 0.081647 -0.872446 0.548847 -0.748027 -0.373125
690.196733 -2955.169364 51439.367231 267458.657837 0.722754 -0.166540 -0.670739 0.300271 0.949811 0.087724 0.622466 -0.264806 0.736487
-7.730339 -80.667350 -10.368376 -745.718553 0.967511 -0.219333 -0.125755 0.208466 0.973497 -0.094053 0.143051 0.064782 0.987593
-5.260157 -60.886810 -80.048484 1467.577900 0.975267 -0.190124 -0.112730 -0.217090 -0.919824 -0.326796 0.041560 -0.343186 0.938347
-8.219604 -84.206094 -5.479353 3704.805233 0.949365 -0.213521 -0.230467 -0.282116 -0.902199 -0.326262 0.138264 -0.374760 0.916754
-0.654911 -43.168855 57.220440 -689.601616 0.914342 -0.156993 -0.373273 -0.217538 0.587056 -0.779771 -0.341550 -0.794178 -0.502618
0.640779 -46.529727 81.405103 -1117.961980 0.921780 -0.155141 -0.355321 -0.225408 0.531217 -0.816701 -0.315456 -0.832911 -0.454695
0.667887 -60.630477 18.298014 -2878.772615 0.909213 -0.146607 -0.389664 -0.362122 0.183331 -0.913924 -0.205425 -0.972058 -0.113597
-1.143658 -60.610366 115.921930 -2829.633597 0.909507 -0.144053 -0.389930 -0.351995 0.232101 -0.906768 -0.221126 -0.961966 -0.160392
-8.552090 -9.134982 82.195602 -39.810493 0.930461 0.356760 0.083456 0.178030 -0.639309 0.748057 -0.320231 0.681180 0.658366
-8.486230 -9.021756 4.835805 15.054432 0.747213 0.658939 -0.086444 0.516748 -0.494268 0.699050 -0.417905 0.567009 0.709829
-8.287355 -8.846898 96.402615 39.056899 0.919129 0.390382 0.052947 0.267229 -0.716559 0.644307 -0.289466 0.578052 0.762932
-8.781038 -9.164221 8.121640 -15.135629 -0.600835 -0.744494 0.291077 0.626822 -0.212822 0.749534 -0.496076 0.632800 0.594536
-7.813649 -8.930043 59.614672 18.837603 0.974413 0.170562 0.146384 0.036568 -0.762894 0.645488 -0.221771 0.623619 0.749611
-7.846027 -8.955592 14.976377 -34.252345 0.951979 0.274672 0.135247 0.054433 -0.586553 0.808080 -0.301286 0.761913 0.573337
-8.553688 -9.001838 83.278516 -39.255184 0.926639 0.329234 0.181508 0.055902 -0.598092 0.799476 -0.371773 0.730679 0.572620
1.999709 -1.471349 -163.457490 10.979234 0.443671 0.890596 -0.099972 0.646435 -0.395291 -0.652585 0.620708 -0.224907 0.751092
0.315577 -1.058492 -44.840546 19.940866 0.234535 0.968587 0.082658 0.739956 -0.122734 -0.661364 0.630443 -0.216276 0.745497
0.566669 -1.650279 -78.121719 49.271574 0.311060 0.949779 0.034087 0.720923 -0.212434 -0.659653 0.619283 -0.229766 0.750797
2.561246 -1.923388 -169.186329 39.767179 0.414433 0.907874 -0.063326 0.680196 -0.355226 -0.641208 0.604631 -0.222664 0.764750
1.324639 -2.748456 -174.612141 68.654427 0.362210 0.932054 0.008906 0.723190 -0.274989 -0.633544 0.588048 -0.235917 0.773655
-4.344487 -7.372466 84.403602 22.469539 0.267653 0.950579 -0.157356 0.915657 -0.200113 0.348607 -0.299889 0.237390 0.923966
-4.848449 -7.776961 11.791901 35.486582 0.167357 0.978364 -0.121636 0.927971 -0.114654 0.354576 -0.332958 0.172216 0.927082
-4.331362 -7.234856 40.965611 20.512258 0.309833 0.944684 -0.107587 0.928916 -0.276627 0.246156 -0.202779 0.176207 0.963240
-4.582034 -7.829081 59.191029 38.367268 0.178847 0.967281 -0.179946 0.895728 -0.084411 0.436517 -0.407045 0.239253 0.881517
-3.207427 -7.338711 143.855966 15.330030 0.298921 0.933180 -0.199554 0.882857 -0.191058 0.429023 -0.362229 0.304421 0.880976
-0.086964 -7.754523 34.369582 -10.367435 0.126786 0.985579 -0.112069 -0.973712 0.145214 0.175493 -0.189236 -0.086873 -0.978081
-0.230280 -7.890856 10.615527 5.250603 0.142996 0.980417 -0.135405 -0.952669 0.173433 0.249684 -0.268279 -0.093292 -0.958813
0.349234 -7.842497 49.277025 -22.201052 0.103849 0.987962 -0.114657 -0.954087 0.131520 0.269109 -0.280950 -0.081446 -0.956260
0.676766 -7.772967 57.122909 -30.329769 0.075439 0.991477 -0.106223 -0.975053 0.095649 0.200305 -0.208758 -0.088462 -0.973958
0.085782 -8.746853 -20.249029 -138.846435 0.182386 0.962816 0.199300 0.964012 -0.214987 0.156402 -0.193433 -0.163602 0.967377
0.377940 -7.462737 -21.100757 -47.602278 0.138746 0.972650 0.186285 0.947709 -0.184994 0.260049 -0.287398 -0.140463 0.947456
0.552284 -8.527817 -31.519282 -80.884373 0.174000 0.965341 0.194529 0.953646 -0.214438 0.211132 -0.245528 -0.148774 0.957905
0.307108 -9.399631 32.872720 -141.268320 -0.201879 -0.957528 -0.205878 0.967230 -0.227962 0.111798 -0.153982 -0.176562 0.972170
0.726980 -9.335781 -29.001395 -137.485729 0.209345 0.958548 0.193288 0.963194 -0.236226 0.128274 -0.168616 -0.159320 0.972721
1.055003 -8.469078 -21.337070 -39.804443 0.187521 0.967627 0.168922 0.949849 -0.222444 0.219785 -0.250246 -0.119236 0.960812
-5.196395 -21.901750 -23.212217 -206.271316 0.464834 0.884313 0.043828 0.483328 -0.211962 -0.849391 0.741838 -0.416009 0.525940
-4.631224 -20.664489 -94.084116 -134.031506 0.518732 0.851568 0.075820 0.573258 -0.280659 -0.769809 0.634265 -0.442789 0.633755
-5.649950 -22.715304 -120.801178 -219.612716 0.582249 0.809118 0.079469 0.447402 -0.237263 -0.862286 0.678836 -0.537620 0.500147
-4.435877 -19.332925 31.246964 -163.630657 0.406439 0.912231 0.051396 0.651338 -0.249833 -0.716480 0.640755 -0.324681 0.695712
-5.136724 -21.319653 80.495487 -188.840219 0.356872 0.933685 0.029571 0.539556 -0.180181 -0.822444 0.762576 -0.309462 0.568077
-5.394474 -20.664720 131.846556 10.940214 0.346003 0.938196 -0.008413 0.281893 -0.112506 -0.952827 0.894885 -0.327309 0.303398
-1.104459 -14.123602 -9.706058 -113.852039 -0.551436 -0.803996 -0.222504 0.780648 -0.403293 -0.477435 0.294122 -0.436972 0.850028
-1.058375 -13.598403 15.323973 -123.470878 -0.547408 -0.797045 -0.255077 0.824306 -0.460927 -0.328734 0.144444 -0.390213 0.909324
-0.943213 -16.488379 0.498435 -200.768789 -0.555861 -0.794441 -0.244707 0.765240 -0.374048 -0.523924 0.324695 -0.478489 0.815857
0.479469 -15.266824 -7.413589 -375.918299 0.560045 0.828418 0.008599 -0.509528 0.352609 -0.784887 0.653247 -0.435190 -0.619579
0.292532 -13.315801 -3.580341 -298.107801 0.564618 0.824946 0.025878 -0.418771 0.313356 -0.852314 0.711222 -0.470395 -0.522391
0.402540 -12.116648 -37.416962 -281.711872 0.572928 0.819408 0.017971 -0.384324 0.287955 -0.877141 0.723912 -0.495632 -0.479896
0.309352 -1.733050 -86.678708 -16.861149 -0.288514 -0.246388 0.925231 0.521415 0.770038 0.367652 -0.803048 0.588502 -0.093696
-1.017444 -2.290912 -55.133275 -37.017127 -0.480550 -0.542160 0.689300 0.369737 0.587477 0.719837 -0.795214 0.600778 -0.081855
-0.417849 -2.178177 -61.649464 -31.991807 -0.392383 -0.405796 0.825448 0.470052 0.682919 0.559171 -0.790624 0.607413 -0.077221
-1.235171 -2.791850 33.924982 -56.645578 0.527299 0.606611 -0.594961 0.332573 0.497004 0.801487 -0.781889 0.620491 -0.060327
0.685879 -1.879700 -73.337837 -25.881353 -0.271334 -0.238886 0.932369 0.545303 0.760084 0.353436 -0.793109 0.604323 -0.075972
-0.523734 -2.560707 -52.166761 -35.961337 -0.410662 -0.426009 0.806147 0.488033 0.644129 0.589001 -0.770183 0.635306 -0.056613
9.725442 -10.720275 -214.658649 -20.289844 0.545954 0.694512 -0.468602 0.692660 -0.688818 -0.213896 0.471334 0.207805 0.857124
10.238024 -11.712897 -229.087528 37.243911 0.543195 0.742349 -0.392248 0.760882 -0.632751 -0.143824 0.354962 0.220330 0.908546
11.444032 -11.934869 -21.359275 -153.011929 0.496908 0.623557 -0.603539 -0.709319 0.692516 0.131487 0.499950 0.362764 0.786417
9.706089 -9.919317 -98.814407 12.664822 0.499566 0.623154 -0.601758 -0.638388 0.734385 0.230521 0.585572 0.268995 0.764687
0.604710 -5.747161 -3.144694 26.236316 0.180940 0.958048 -0.222271 -0.403574 -0.133770 -0.905115 0.896877 -0.253474 -0.362439
0.347554 -6.232103 -23.859759 72.218385 0.190631 0.952070 -0.239213 -0.364678 -0.157561 -0.917706 0.911411 -0.262179 -0.317163
0.368462 -6.177559 9.797128 75.405155 0.185646 0.964324 -0.188721 -0.356551 -0.112861 -0.927434 0.915646 -0.239463 -0.322878
6.177619 -24.349764 501.934828 229.616776 0.221647 0.959995 -0.171118 -0.333568 0.239540 0.911786 -0.916299 0.145015 -0.373317
1.726416 -24.054269 161.880617 452.580456 0.161188 0.978531 -0.128438 -0.018311 0.133082 0.990936 -0.986754 0.157376 -0.039369
57.058796 -7.058693 -4075.408611 276.159810 -0.222383 -0.510565 0.830584 0.071516 0.841079 0.536164 -0.972333 0.178634 -0.150528
27.978239 -23.794982 1937.946457 -62.059823 0.357694 0.887452 -0.290660 -0.403653 0.427606 0.808837 -0.842092 0.171991 -0.511175
-0.929688 -12.169616 21.788745 -130.817273 -0.507618 -0.810292 -0.292832 0.860505 -0.493794 -0.125293 -0.043074 -0.315585 0.947919
-0.761659 -12.524850 21.954800 -84.567159 -0.506485 -0.808389 -0.299967 0.860973 -0.493067 -0.124943 -0.046901 -0.321545 0.945732
-0.774074 -13.841366 50.377720 -171.059135 -0.537604 -0.788934 -0.297600 0.836993 -0.456567 -0.301646 0.102104 -0.411255 0.905784
-1.022076 -12.717675 10.573590 -129.012384 -0.534432 -0.800698 -0.270675 0.841997 -0.476455 -0.253047 0.073650 -0.363144 0.928818
-0.895499 -14.571865 6.221394 -118.559592 -0.548922 -0.793497 -0.262769 0.797090 -0.402267 -0.450365 0.251660 -0.456665 0.853302
-0.759405 -16.570826 18.478905 -205.389906 -0.564887 -0.779496 -0.270719 0.771507 -0.382541 -0.508370 0.292711 -0.496033 0.817479
-0.079951 -10.638340 -10.718171 82.786506 0.420698 0.818837 -0.390537 -0.031287 -0.417134 -0.908306 0.906661 -0.394341 0.149868
-2.096187 -9.744763 -76.178085 148.458339 0.422222 0.766934 -0.483261 -0.010491 -0.528940 -0.848594 0.906432 -0.363365 0.215284
-2.154044 -11.976285 -57.594629 97.087790 0.423569 0.848522 -0.317174 0.184317 -0.423539 -0.886929 0.886914 -0.317215 0.335795
-1.162161 -12.294364 -46.207681 93.852893 0.431679 0.867460 -0.247317 0.175715 -0.349795 -0.920200 0.884747 -0.353774 0.303425
-2.280618 -13.104852 -52.142618 80.969060 0.423589 0.882418 -0.204722 0.356644 -0.370202 -0.857762 0.832693 -0.290326 0.471522
-3.316346 -13.081027 -68.936056 66.860778 0.422085 0.863819 -0.275065 0.372683 -0.441931 -0.815968 0.826409 -0.241896 0.508463
0.156954 -24.551357 -9.384800 -63.842685 -0.413919 0.863536 0.288058 0.816521 0.492090 -0.301896 0.402449 -0.110244 0.908780
0.002844 -24.753809 24.217310 -63.313829 -0.405039 0.877420 0.257054 0.849590 0.465079 -0.248791 0.337845 -0.117620 0.933823
-0.053906 -21.848968 4.593181 47.813317 -0.421580 0.862924 0.278626 0.881451 0.462106 -0.097477 0.212870 -0.204500 0.955440
-0.161477 -24.358040 74.830788 21.922324 0.423937 -0.850776 -0.310576 0.885126 0.461851 -0.056970 0.191909 -0.250747 0.948840
-0.247905 -22.171900 23.910255 102.075572 0.436935 -0.852076 -0.288191 0.899460 0.416623 0.131895 0.007682 -0.316846 0.948446
-1.497039 -20.972302 119.010632 -20.260025 0.144483 0.983875 -0.105422 0.186775 0.077508 0.979340 -0.971720 0.161188 0.172565
-3.553690 -21.447515 173.865914 17.104191 0.143304 0.984389 -0.102191 0.322270 0.051214 0.945261 -0.935738 0.168393 0.309900
-1.144378 -20.954829 74.859849 26.077411 0.144395 0.984946 -0.095034 0.426570 0.024700 0.904117 -0.892854 0.171089 0.416581
-3.965918 -20.818840 252.241808 -139.936948 0.146387 0.984291 -0.098702 0.035243 0.094524 0.994899 -0.988599 0.149119 0.020852
-0.194124 -21.190588 83.265230 -71.093661 0.150087 0.981928 -0.115291 0.296335 0.066572 0.952761 -0.943217 0.177162 0.280988
-0.130980 -20.409062 96.544437 -36.493893 0.149412 0.981372 -0.120769 0.073941 0.110709 0.991099 -0.986007 0.157011 0.056023
-2.000548 -20.345064 162.309937 -47.525099 0.138326 0.985728 -0.095944 -0.097528 0.109962 0.989139 -0.985573 0.127467 -0.111347
3.840585 -6.817011 125.029797 -10.947751 0.292071 0.949770 -0.112391 0.798031 -0.177253 0.575959 -0.527106 0.257912 0.809716
1.952673 -6.334959 209.745755 -10.203731 0.311768 0.932681 -0.181400 0.804619 -0.157615 0.572490 -0.505360 0.324442 0.799593
2.282061 -6.597437 185.311587 -10.650594 0.273068 0.941699 -0.196560 0.858445 -0.146317 0.491593 -0.434173 0.302974 0.848352
2.072639 -6.362644 172.746030 -13.952273 0.356958 0.924581 -0.133161 0.725959 -0.184871 0.662424 -0.587847 0.333126 0.737199
3.935209 -7.100124 56.748501 -19.124883 0.239404 0.964130 -0.114627 0.874139 -0.162650 0.457630 -0.422571 0.209758 0.881723
4.274337 -7.181145 -30.201865 -12.743115 0.237533 0.970390 -0.043838 0.826666 -0.178241 0.533717 -0.510100 0.163014 0.844526
3.399022 -6.876061 19.856344 -0.821329 0.302026 0.952654 -0.035079 0.714679 -0.201921 0.669674 -0.630884 0.227329 0.741827
4.190322 -7.132160 -31.893800 9.889190 0.262844 0.964570 -0.022735 0.771838 -0.196069 0.604834 -0.578947 0.176525 0.796027
-4.977506 -8.838150 -7.499470 45.957034 0.179039 0.948791 -0.260269 0.917821 -0.065799 0.391504 -0.354330 0.308975 0.882601
-4.756611 -9.870762 -10.727426 109.009399 0.035879 0.949660 -0.311220 0.876952 0.119422 0.465504 -0.479238 0.289626 0.828522
-4.508242 -9.413475 -34.737680 112.874613 0.111230 0.968407 -0.223196 0.909591 -0.008731 0.415413 -0.400340 0.249223 0.881825
7.104069 -13.790632 -216.353431 -1117.167689 -0.018617 0.825666 -0.563853 0.941170 -0.175849 -0.288576 -0.337420 -0.536054 -0.773818
12.316692 -32.363948 -68.933307 -1609.226830 0.052494 0.834546 -0.548431 0.990452 -0.113614 -0.078084 -0.127475 -0.539096 -0.832542
8.600572 -14.540781 247.812059 -996.522439 -0.086330 0.911701 -0.401681 0.949085 -0.047346 -0.311441 -0.302959 -0.408116 -0.861195
6.786175 -3.126676 46.004582 -425.722255 0.096668 0.885839 -0.453812 0.932262 -0.240289 -0.270460 -0.348630 -0.396927 -0.849062
6.906911 -1.934842 -238.793601 -221.540012 0.281574 0.752270 -0.595656 0.895396 -0.429151 -0.118721 -0.344937 -0.499920 -0.794417
-1.023766 -12.007199 209.896474 73.576275 -0.693715 0.679789 0.238005 0.366846 0.617856 -0.695470 0.619825 0.395147 0.677994
0.347815 -15.071822 -192.416479 -169.493667 0.712464 -0.616560 -0.335036 0.243281 0.664880 -0.706221 0.658186 0.421649 0.623701
0.922397 -13.682043 111.144518 87.956698 -0.661936 0.716965 0.218636 0.444125 0.610121 -0.656129 0.603817 0.337214 0.722283
-3.277175 -12.572302 -320.056042 -234.259029 0.743297 -0.546542 -0.385748 0.155610 0.702080 -0.694888 0.650611 0.456482 0.606901
-0.932875 -12.202188 125.292080 166.058745 -0.613865 0.779681 0.123566 0.548142 0.533635 -0.644030 0.568077 0.327616 0.754955
-3.707244 -11.285283 172.281271 154.345922 -0.608476 0.786987 0.102024 0.496650 0.477922 -0.724520 0.618947 0.390182 0.681661
4.065001 -7.610507 -141.671840 2.917837 0.179634 0.983662 -0.011838 0.951653 -0.170716 0.255366 -0.249173 0.057138 0.966772
1.670298 -7.675965 -260.205911 8.373354 0.160155 0.985411 0.057589 0.948618 -0.169780 0.267017 -0.272899 -0.011866 0.961969
2.878134 -7.669785 -181.040112 7.355431 0.171223 0.984945 0.023797 0.914107 -0.167826 0.369110 -0.367547 0.041448 0.929081
4.323164 -7.389861 -33.894154 5.517873 0.199161 0.978289 -0.057325 0.921614 -0.167097 0.350296 -0.333111 0.122597 0.934883
1.346117 -7.831788 -209.386970 3.889024 0.167434 0.984035 0.060341 0.849627 -0.175070 0.497479 -0.500100 0.032027 0.865375
3.577196 -7.447571 -78.883996 -8.291741 0.204684 0.978656 -0.018336 0.865741 -0.172264 0.469912 -0.456724 0.112058 0.882523
-2.719452 -6.488926 -20.279387 63.455312 -0.355536 0.864540 -0.355197 0.502289 0.497218 0.707447 -0.788226 -0.073111 0.611027
-2.752798 -6.454219 26.553044 67.373108 -0.250401 0.919422 -0.303253 0.534413 0.392452 0.748588 -0.807281 -0.025385 0.589621
-3.191062 -6.920366 -14.275334 55.989064 -0.334093 0.875106 -0.350102 0.443560 0.473719 0.760818 -0.831647 -0.098893 0.546428
-0.278057 -7.326092 20.251357 -2.593223 0.059606 0.990765 0.121789 0.671015 -0.130097 0.729941 -0.739044 -0.038213 0.672572
-0.239012 -7.785971 -21.044927 -48.616250 0.043443 0.988089 0.147624 0.640625 -0.140937 0.754809 -0.766624 -0.061781 0.639117
-0.362441 -7.039848 1.078326 81.216473 0.053721 0.988985 0.137925 0.744235 -0.131745 0.654796 -0.665754 -0.067472 0.743114
-0.505425 -6.859644 13.322425 133.231016 0.063440 0.988204 0.139384 0.815128 -0.131889 0.564068 -0.575797 -0.077831 0.813879
-0.433150 -6.846868 17.677861 118.481586 0.048224 0.992072 0.116047 0.814067 -0.106357 0.570949 -0.578765 -0.066936 0.812743
1.133353 -6.348518 51.967013 -67.944365 0.276640 0.960830 -0.016590 0.485299 -0.154585 -0.860575 0.829431 -0.230018 0.509054
-0.252276 -7.296380 96.025209 -59.241511 0.285816 0.955660 -0.070874 0.400003 -0.186185 -0.897403 0.870808 -0.228143 0.435481
0.945243 -6.976632 74.247618 -33.966561 0.280244 0.958289 -0.056078 0.392436 -0.167687 -0.904364 0.876046 -0.231436 0.423061
43.695596 -253.413822 6440.175217 -1706.540560 -0.599003 0.289201 -0.746698 0.445619 0.895158 -0.010777 0.665296 -0.339198 -0.665076
-31.129833 -67.955748 -1605.973825 3959.270158 0.955766 -0.012394 0.293866 0.287672 0.247548 -0.925183 0.061280 -0.968796 -0.240164
15.222064 -25.990218 1560.346197 -1072.625376 0.575110 0.108218 -0.810887 0.803538 0.111314 0.584753 0.153543 -0.987876 -0.022939
54.747580 -34.626434 -4206.582964 -2145.602682 0.316440 -0.612645 -0.724246 0.923249 0.023536 0.383480 -0.217891 -0.790008 0.573072
7.035356 -74.646308 425.436481 4099.728610 0.877185 -0.029186 -0.479265 -0.469069 -0.265319 -0.842366 0.102573 -0.963719 0.246424
-1.094625 -12.652254 -21.243104 -435.336417 0.392386 -0.146700 -0.908026 0.919147 0.025316 0.393101 -0.034680 -0.988857 0.144773
-3.772437 -13.891552 -364.203542 81.727432 0.691724 -0.135037 -0.709424 0.711153 0.298247 0.636639 0.125614 -0.944888 0.302337
5.477483 -29.175261 68.797462 622.927592 -0.536620 0.799783 -0.269045 -0.296572 -0.477257 -0.827207 0.789990 0.364105 -0.493299
1.898483 -21.904131 39.541658 446.290624 -0.529254 0.800022 -0.282586 -0.519228 -0.568802 -0.637860 0.671038 0.190864 -0.716435
4.015012 -25.589846 -40.672958 785.943567 -0.413640 0.872948 -0.258579 -0.481970 -0.450910 -0.751255 0.772403 0.186121 -0.607249
2.596814 -5.045292 79.679920 66.420702 -0.093982 0.994481 0.046637 0.544327 0.090550 -0.833972 0.833592 0.052992 0.549832
1.798078 -5.814437 124.796086 43.916687 -0.107117 0.994203 -0.009252 0.589095 0.055968 -0.806123 0.800933 0.091800 0.591675
1.907468 -4.288646 75.225069 106.125763 -0.045570 0.997777 -0.048634 0.474357 -0.021232 -0.880076 0.879152 0.063175 0.472335
2.069530 -6.416372 18.787472 18.248384 -0.093910 0.994110 0.054100 0.630980 0.101463 -0.769136 0.770095 0.038094 0.636791
-9.475151 -12.809753 42.146887 317.618177 0.150699 0.871411 0.466832 -0.798988 0.385447 -0.461572 0.582158 0.303434 -0.754334
-7.206709 -14.032744 -57.314595 502.089400 0.233553 0.898463 0.371776 -0.828416 0.384053 -0.407713 0.509097 0.212763 -0.833998
-6.396091 -10.109533 -51.040342 370.743371 0.181389 0.947656 0.262766 -0.902039 0.266756 -0.339363 0.391693 0.175468 -0.903209
11.068629 -9.758001 -214.826986 81.458688 0.198682 0.980056 -0.004056 -0.790993 0.162795 0.589769 -0.578667 0.113968 -0.807562
7.873276 -8.899871 -122.500973 157.387860 0.095837 0.993082 -0.067846 -0.812055 0.117421 0.571646 -0.575658 -0.000310 -0.817691
5.865011 -9.365273 -80.630485 157.673602 0.091993 0.990480 -0.102409 -0.874211 0.129576 0.467938 -0.476753 -0.046481 -0.877808
5.701037 -11.451085 -115.309415 146.173395 0.236027 0.966534 -0.100516 -0.912050 0.256035 0.320328 -0.335344 -0.016069 -0.941959
16.117803 -100.212056 -801.293630 8808.342523 -0.186393 0.982469 -0.003534 -0.739157 -0.142600 -0.658264 0.647228 0.120083 -0.752778
28.423401 -210.211067 670.844690 13589.021111 -0.430780 0.878428 0.206865 -0.709279 -0.187825 -0.679444 0.557988 0.439416 -0.703962
20.513227 -58.985461 1048.659859 4309.256069 -0.548416 0.835964 0.020088 -0.669428 -0.424514 -0.609634 0.501105 0.347781 -0.792428
9.600078 -27.361968 -92.499221 539.649379 -0.355387 0.933510 0.047543 -0.244597 -0.043786 -0.968636 0.902149 0.355869 -0.243895
-65.835234 -397.059963 -459.561456 -26555.982199 -0.514909 0.829830 -0.215058 -0.781149 -0.557529 -0.281010 0.353092 -0.023298 -0.935298
-5.529203 -90.955889 1043.016029 -7777.473630 -0.237880 0.966825 -0.093069 -0.886709 -0.255274 -0.385463 0.396433 0.009169 -0.918018
-31.023808 -165.404676 2161.940234 -10629.861086 -0.493474 0.869748 0.004701 -0.797613 -0.450378 -0.401215 0.346839 0.201739 -0.915972
-2.354761 -5.299410 -142.852162 -71.650834 0.272084 0.811938 -0.516457 -0.053297 -0.523165 -0.850563 0.960796 -0.258950 0.099071
-4.023492 -5.032722 -89.490682 -77.328496 0.201158 0.802465 -0.561770 -0.047911 -0.564746 -0.823873 0.978387 -0.192643 0.075156
-2.221293 -3.609368 -143.233950 104.402003 0.269713 0.648319 -0.711995 0.033809 0.732565 0.679857 0.962347 -0.207438 0.175663
-0.687238 -5.067175 -53.339995 42.753827 -0.242968 0.965854 0.089954 -0.942479 -0.256995 0.213744 -0.229563 0.032847 -0.972739
-0.308929 -5.014090 -59.347043 33.850903 -0.265630 0.960811 0.079269 -0.941891 -0.276176 0.191227 -0.205625 0.023867 -0.978340
-0.485823 -4.496613 -41.091310 44.795798 -0.209233 0.974847 0.076785 -0.936669 -0.222351 0.270575 -0.280842 0.015309 -0.959632
-0.182601 -4.230374 -15.353275 30.539275 -0.226843 0.970286 0.084188 -0.935890 -0.241090 0.256878 -0.269542 0.020520 -0.962770
-1.004350 -4.806194 -29.457265 53.783851 -0.184325 0.978504 0.092487 -0.938760 -0.203145 0.278320 -0.291126 0.035522 -0.956025
-0.397492 -3.739534 -11.403561 33.132680 -0.134832 0.989050 0.060000 -0.931517 -0.147165 0.332593 -0.337782 0.011047 -0.941160
-0.771639 -4.230869 -30.137067 49.713081 -0.144932 0.987092 0.068153 -0.933446 -0.159248 0.321432 -0.328136 0.017032 -0.944477
33.923401 -9.778677 2355.757612 -52.768335 -0.200270 -0.406893 -0.891252 0.472041 0.757063 -0.451701 0.858527 -0.511169 0.040453
26.078312 -9.047992 -407.515568 -48.794142 0.280806 -0.621694 -0.731194 0.546807 0.729741 -0.410464 0.788765 -0.284561 0.544863
20.183053 -8.774823 144.001335 4.004032 0.236136 -0.588682 -0.773106 0.362927 0.791461 -0.491807 0.901401 -0.164448 0.400541
34.010306 -9.126781 -1764.021356 80.980958 0.588257 -0.623528 -0.514943 0.379932 0.775219 -0.504665 0.713866 0.101229 0.692927
26.083437 -9.844034 1894.755983 -6.751583 -0.230086 -0.435698 -0.870188 0.304191 0.817174 -0.489585 0.924407 -0.377351 -0.055485
24.060523 -8.864882 -1236.559069 70.103005 0.556213 -0.578921 -0.596219 0.246568 0.800094 -0.546858 0.793619 0.157162 0.587766
17.359603 -8.820325 392.169863 19.552018 0.169803 -0.572624 -0.802041 0.221127 0.815246 -0.535236 0.960349 -0.086468 0.265054
1.834129 -5.064518 -263.195621 -25.828589 0.349381 0.935405 -0.054324 -0.810138 0.272446 -0.519086 0.470755 -0.225368 -0.852994
-0.842928 -4.939239 -56.665545 -34.150595 0.308339 0.951240 0.008354 -0.800495 0.264200 -0.537965 0.513941 -0.159188 -0.842926
-0.309035 -8.778492 -27.433958 -20.022814 -0.646685 0.758358 -0.081796 0.696279 0.543134 -0.469255 -0.311437 -0.360413 -0.879266
-4.359848 -22.665692 -77.169747 -373.010035 0.424397 0.904987 -0.029763 0.045409 -0.054101 -0.997502 0.904337 -0.421985 0.064055
-4.598122 -23.357107 -64.244186 -87.937117 0.396483 0.917525 -0.030806 -0.192754 0.050392 -0.979952 0.897579 -0.394472 -0.196836
-5.788071 -23.165620 -104.760083 -7.848792 0.352058 0.935272 -0.036353 -0.262863 0.061522 -0.962870 0.898308 -0.348542 -0.267508
-0.085975 -12.657741 43.413064 -332.561428 0.239769 0.940539 -0.240619 0.245793 -0.298584 -0.922190 0.939200 -0.161970 0.302769
-0.284224 -13.046969 19.860026 -338.737829 0.255665 0.936927 -0.238336 0.225988 -0.297618 -0.927552 0.939981 -0.183282 0.287825
-0.179433 -8.953588 26.277465 -412.494768 0.258354 0.933707 -0.247878 0.388478 -0.335343 -0.858271 0.884499 -0.125442 0.449362
-0.670333 -16.559842 -0.285750 -333.783461 0.277127 0.926654 -0.253995 0.088065 -0.287732 -0.953653 0.956789 -0.241915 0.161344
-0.436135 -11.101866 -10.276663 -419.708484 0.278560 0.928830 -0.244293 0.322821 -0.330113 -0.887025 0.904539 -0.168227 0.391802
-0.030149 -14.998655 -25.609124 382.988086 0.223931 0.973143 -0.053370 0.630783 -0.186459 -0.753223 0.742945 -0.135005 0.655596
0.098326 -11.730364 -14.690929 153.163712 0.249142 0.961533 -0.115683 0.513574 -0.232443 -0.825961 0.821079 -0.146370 0.551730
0.049097 -15.294601 -0.097460 374.251595 0.216221 0.974529 -0.059518 0.657029 -0.190327 -0.729444 0.722192 -0.118616 0.681447
0.077558 -11.691524 -0.240965 300.830287 0.226989 0.970706 -0.078774 0.545364 -0.193707 -0.815510 0.806879 -0.142152 0.573357
3.701864 -1.558164 148.581178 -12.322559 0.251663 -0.147689 0.956480 0.557285 0.830116 -0.018452 -0.791264 0.537675 0.291215
3.891900 -1.553794 157.237903 3.573201 0.247903 -0.172469 0.953309 0.545325 0.838167 0.009829 -0.800727 0.517427 0.301836
5.386347 -1.458002 131.572870 -9.376817 0.179360 -0.153201 0.971782 0.560205 0.827910 0.027123 -0.808703 0.539532 0.234317
3.766002 -1.713594 143.279358 -23.074255 0.247289 -0.126729 0.960618 0.569152 0.821346 -0.038160 -0.784164 0.556175 0.275238
1.769342 -1.808160 122.529249 -20.791913 0.339799 -0.060436 0.938554 0.534889 0.833243 -0.139999 -0.773583 0.549594 0.315462
5.302698 -1.411361 155.074607 -28.453731 0.188896 -0.151726 0.970205 0.568946 0.822182 0.017805 -0.800387 0.548630 0.241631
4.002625 -8.200403 485.073230 -474.512899 0.829377 0.550864 0.093183 -0.556613 0.829088 0.052877 0.048129 0.095722 -0.994244
-0.434641 -4.564292 201.259516 139.752805 0.228573 0.969960 0.083261 0.972589 -0.231269 0.024199 0.042728 0.075448 -0.996234
-0.447344 -6.418024 3.276940 -40.589185 -0.540276 0.823869 0.171293 0.406402 0.433713 -0.804196 0.736844 0.364873 0.569147
-0.437123 -6.765098 18.109821 10.935561 -0.529084 0.835774 0.146808 0.384847 0.390525 -0.836291 0.756282 0.385970 0.528266
-0.701295 -7.873641 -14.530577 -51.686565 -0.511806 0.848735 0.133052 0.334377 0.339461 -0.879180 0.791357 0.405480 0.457536
-0.480382 -8.037590 -9.297157 9.195467 -0.494417 0.862182 0.110425 0.342655 0.310074 -0.886815 0.798836 0.400619 0.448737
3.472115 -22.749942 278.274525 156.735219 0.528665 0.825685 0.196870 0.598382 -0.527019 0.603482 -0.602040 0.201236 0.772692
2.044553 -23.424507 180.667539 -392.145142 0.482184 0.856162 0.185700 0.397681 -0.402780 0.824390 -0.780608 0.323658 0.534693
-1.066442 -26.641384 5.607451 -332.319760 0.412919 0.902508 0.122380 0.436727 -0.314120 0.842970 -0.799229 0.294632 0.523856
-0.779641 -23.375222 -36.480635 -408.181254 0.421214 0.895844 0.141570 0.246857 -0.263440 0.932556 -0.872720 0.357858 0.332110
-1.674341 -25.017986 31.145315 95.181292 0.415384 0.902486 0.113914 0.693621 -0.395263 0.602210 -0.588512 0.171135 0.790169
-1.823890 -24.382735 -9.828558 -261.057821 0.412481 0.898945 0.147503 0.503382 -0.359874 0.785555 -0.759254 0.249776 0.600954
-0.888383 -22.785456 -36.736034 -384.396483 0.431795 0.890627 0.142609 0.135428 -0.220333 0.965978 -0.891747 0.397791 0.215755
-0.495488 -12.565937 -16.298651 -123.708199 0.223040 0.916528 -0.332009 0.945289 -0.120171 0.303295 0.238081 -0.381491 -0.893186
-0.534368 -11.319573 1.351480 -44.773275 0.202179 0.926585 -0.317116 0.960279 -0.123975 0.249988 0.192321 -0.355063 -0.914846
-0.690464 -12.709044 -0.288258 -175.809915 0.236028 0.920903 -0.310206 0.921640 -0.110961 0.371843 0.308010 -0.373664 -0.874932
-0.630330 -14.898617 -39.466462 182.791164 0.267652 0.905745 -0.328615 -0.866395 0.077018 -0.493384 0.421571 -0.416766 -0.805348
1.010343 -7.083101 147.462197 17.077636 -0.036474 0.957854 0.284931 -0.952928 0.052540 -0.298610 0.300995 0.282410 -0.910849
2.299176 -7.024618 191.665341 14.615985 -0.005471 0.951523 0.307529 -0.927552 0.110085 -0.357113 0.373655 0.287202 -0.881984
1.238527 -7.232581 95.316169 13.768942 -0.048023 0.960274 0.274895 -0.912462 0.069782 -0.403168 0.406334 0.270193 -0.872862
4.289768 -6.968187 223.704324 -11.851882 0.038816 0.945385 0.323636 -0.884794 0.183029 -0.428532 0.464363 0.269717 -0.843576
-0.384588 -7.358376 47.566422 22.417025 -0.153188 0.961218 0.229332 -0.933250 -0.064414 -0.353404 0.324927 0.268161 -0.906925
2.433652 -7.280594 111.655524 -7.643661 -0.019894 0.951440 0.307190 -0.846450 0.147492 -0.511633 0.532096 0.270199 -0.802413
0.295794 -7.699048 8.497865 23.951683 -0.158210 0.960548 0.228731 -0.888615 -0.037511 -0.457117 0.430503 0.275574 -0.859492
