12248
24466
-5.166397 -6.109067 -16.604121 -55.606436 0.358771 0.914600 -0.186523 -0.585649 0.064958 -0.807957 0.726842 -0.399108 -0.558940
-4.427608 -6.395017 25.701207 -101.826503 0.496372 0.837372 0.228962 -0.337707 0.429231 -0.837684 0.799731 -0.338481 -0.495845
-3.738685 -4.853833 -6.306081 -43.216123 0.073081 0.835387 -0.544783 -0.579220 -0.409126 -0.705067 0.811889 -0.367076 -0.453974
-3.149973 -4.361064 28.817651 -53.478355 0.304733 0.952146 -0.023579 -0.373681 0.096752 -0.922498 0.876071 -0.289927 -0.385282
-3.946277 -5.518213 -11.100636 -32.097824 0.034873 0.741633 -0.669899 -0.681745 -0.472477 -0.558560 0.730758 -0.476179 -0.489128
-2.938606 -4.289707 -8.685236 33.362088 -0.098911 0.626397 -0.773203 0.506879 0.700369 0.502550 0.856324 -0.342213 -0.386782
-3.063317 -4.906235 -0.029743 20.012759 -0.100194 0.577508 -0.810214 0.596621 0.686542 0.415576 0.796244 -0.441752 -0.413341
-4.596068 -8.881733 -154.973073 -94.561871 0.408529 0.912660 0.012503 0.210171 -0.080730 -0.974326 0.888219 -0.400668 0.224795
-5.671451 -19.491536 -78.135338 -605.471888 0.208338 0.975514 0.070488 0.486971 -0.040960 -0.872457 0.848206 -0.216092 0.483581
-5.226622 -17.374659 -135.985386 -605.310985 0.262544 0.934150 0.241731 0.675129 0.001149 -0.737699 0.689400 -0.356878 0.630370
-6.556982 -17.841732 112.500467 488.869990 0.041005 0.979724 -0.196111 -0.114568 -0.190371 -0.975004 0.992569 -0.062448 -0.104439
54.201246 -45.372119 -2321.251663 -1040.708130 0.071075 0.974370 0.213426 -0.230672 -0.192111 0.953878 -0.970432 0.117028 -0.211106
6.714120 -19.844881 -70.110162 277.964646 0.203695 0.963673 -0.172749 0.154972 0.142487 0.977589 -0.966691 0.225901 0.120319
2.521585 -17.572368 -81.887888 160.967184 0.267004 0.963642 0.010105 0.325647 -0.100089 0.940179 -0.907008 0.247741 0.340532
-0.723786 -20.759161 -36.874133 113.762445 0.168636 0.973188 -0.156422 0.167627 0.128068 0.977497 -0.971320 0.191062 0.141535
-16.494230 -59.619808 -184.092894 1936.525364 -0.327662 -0.300859 0.895613 -0.054710 0.952395 0.299918 -0.943210 0.049273 -0.328523
1.491961 -4.646254 -20.473706 -8.686086 0.397739 0.909221 -0.122967 0.799929 -0.278005 0.531814 -0.449351 0.309888 0.837886
1.983368 -4.519579 -18.785242 -6.906764 0.471091 0.872019 -0.132877 0.779501 -0.341048 0.525418 -0.412857 0.351098 0.840404
1.144264 -4.673203 -12.763095 -5.446957 0.402156 0.905404 -0.136068 0.860603 -0.323095 0.393665 -0.312463 0.275415 0.909128
0.948958 -4.739692 -7.553625 -4.704292 0.341459 0.928807 -0.143955 0.870002 -0.254380 0.422359 -0.355671 0.269459 0.894925
0.862546 -5.909606 4.982301 -24.011216 0.043869 0.997921 0.047218 0.668688 0.005784 -0.743521 0.742248 -0.064192 0.667044
0.794445 -5.391707 10.148561 -18.602007 0.038131 0.999272 0.000780 0.726652 -0.027193 -0.686467 0.685946 -0.026742 0.727161
0.805595 -5.740942 12.428355 -54.058217 0.011019 0.999776 0.018070 0.644554 0.006714 -0.764529 0.764479 -0.020072 0.644336
0.775399 -6.267950 7.440072 -25.232484 0.037021 0.999260 0.010445 0.513139 -0.010040 -0.858247 0.857506 -0.037133 0.513131
0.569926 -6.429575 4.794701 -45.041581 0.031222 0.999512 -0.000542 0.529576 -0.017003 -0.848092 0.847688 -0.026192 0.529848
-0.614184 -10.253792 3.151084 -111.235182 0.103908 0.994578 0.004221 0.155285 -0.012031 -0.987796 0.982390 -0.103296 0.155694
-0.834784 -8.686414 2.838166 -63.894648 0.120457 0.992718 0.000801 0.266511 -0.031561 -0.963315 0.956275 -0.116252 0.268372
-0.693029 -10.942222 0.259048 -89.225935 0.127634 0.991594 0.021210 0.014453 0.019523 -0.999705 0.991716 -0.127903 0.011840
-0.744789 -8.068699 7.306213 -52.887467 0.101249 0.994665 -0.019763 0.336891 -0.052971 -0.940052 0.936084 -0.088521 0.340457
-0.476822 -12.370669 1.201010 -125.181792 0.102161 0.994672 0.013819 -0.090191 0.023096 -0.995657 0.990671 -0.100471 -0.092070
-0.476924 -11.934331 3.546169 -147.758159 0.088954 0.996035 0.001149 0.106995 -0.008408 -0.994224 0.990272 -0.088563 0.107319
-0.602332 -9.027953 7.815059 -84.108063 0.088669 0.995968 -0.013587 0.316760 -0.041128 -0.947614 0.944352 -0.079720 0.319129
1.484203 -9.841022 42.122609 119.466818 0.321851 0.905459 0.276686 0.004980 -0.293851 0.955838 -0.946777 0.306260 0.099086
0.491210 -10.575842 45.402316 127.408965 0.353655 0.906795 0.229459 -0.031642 -0.233574 0.971824 -0.934841 0.350951 0.053912
1.193051 -8.009416 37.789739 84.579153 0.335594 0.908973 0.247274 0.176570 -0.318542 0.931318 -0.925311 0.268884 0.267398
2.868863 -4.387362 -3.192238 -4.438326 0.211713 0.977194 0.016395 0.952988 -0.202690 -0.225234 0.216774 -0.063309 0.974167
2.486437 -4.467559 -37.284454 -2.196873 0.232676 0.965954 0.113113 0.934883 -0.190088 -0.299768 0.268061 -0.175496 0.947283
2.658863 -4.420362 -40.856965 -3.240589 0.235287 0.966361 0.103855 0.957895 -0.212472 -0.193112 0.164550 -0.144920 0.975665
2.560715 -4.365661 -2.841264 1.534852 0.209185 0.977380 0.031146 0.905626 -0.181616 -0.383220 0.368895 -0.108370 0.923132
0.914648 -5.616494 12.581191 18.713080 0.034702 0.956502 0.289654 0.999236 -0.027992 -0.027279 -0.017984 0.290379 -0.956743
1.475684 -6.074779 8.190779 36.885831 0.066620 0.966168 0.249159 0.997617 -0.060014 -0.034026 -0.017922 0.250832 -0.967865
1.422473 -6.015170 12.371940 -33.265108 -0.007286 0.958138 0.286213 0.996046 -0.018389 0.086916 0.088541 0.285715 -0.954216
1.873355 -8.381286 -0.434421 -112.669953 0.007507 0.962497 0.271187 0.971038 -0.071781 0.227887 0.238807 0.261622 -0.935161
1.045724 -6.888015 32.096759 -74.248640 -0.048363 0.932167 0.358783 0.986276 -0.012205 0.164656 0.157866 0.361822 -0.918783
1.733983 -11.205089 29.885873 122.083027 0.271910 0.918601 0.286770 -0.186990 -0.241883 0.952117 -0.943981 0.312513 -0.105999
0.800685 -12.004857 40.243779 122.450171 0.325049 0.908585 0.262328 -0.230549 -0.192889 0.953751 -0.917164 0.370495 -0.146775
1.037454 -17.688170 1.840254 -87.488725 0.333201 0.942570 0.023232 0.167509 -0.083427 0.982334 -0.927857 0.323423 0.185687
0.889731 -16.461202 -18.647173 -19.521781 0.305908 0.951914 0.016726 -0.105343 0.016383 0.994301 -0.946215 0.305926 -0.105289
1.194904 -16.698544 11.004587 -34.029997 0.371451 0.927905 0.031881 -0.071877 -0.005496 0.997398 -0.925666 0.372776 -0.064653
1.127943 -17.025511 3.689927 -32.418707 0.367288 0.929034 0.044674 0.226464 -0.135911 0.964491 -0.902116 0.344129 0.260312
0.764784 -4.681198 -36.098211 7.850301 0.462057 0.869049 0.176796 0.375819 -0.011307 -0.926624 0.803283 -0.494596 0.331829
1.910111 -4.320643 -45.777405 11.246214 0.431645 0.878084 0.206521 0.360967 0.041675 -0.931647 0.826671 -0.476688 0.298971
1.553356 -4.142996 -42.388033 14.841424 0.432019 0.870337 0.236376 0.301366 0.107715 -0.947405 0.850023 -0.480532 0.215755
1.583508 -4.548736 -44.381906 11.049908 0.444082 0.878697 0.175164 0.422871 -0.033190 -0.905582 0.789919 -0.476224 0.386314
2.952281 -100.616605 66.186662 675.351533 0.640044 0.766495 -0.053196 0.529708 -0.390049 0.753174 -0.556555 0.510243 0.655667
1.594799 -37.101966 -51.714670 287.460288 -0.647347 -0.754748 0.106292 0.680721 -0.509766 0.526077 -0.342872 0.412910 0.843768
6.384086 -250.997635 74.723277 11912.834574 -0.569691 -0.817035 0.088914 0.804412 -0.532151 0.264077 -0.168445 0.221965 0.960395
1.595298 -74.811797 3.056061 2022.825293 0.523524 0.850494 -0.050818 0.812198 -0.480153 0.331341 -0.257403 0.214739 0.942142
2.124699 -52.704686 23.450516 -147.724318 0.502019 0.862676 -0.061369 0.631007 -0.316828 0.708131 -0.591445 0.394220 0.703409
5.944507 -144.178898 -252.527887 -3556.865519 0.571130 0.820312 0.029973 0.203294 -0.176728 0.963036 -0.795287 0.543926 0.267700
-0.970230 -4.943409 -17.707474 -55.287649 0.211312 0.889784 -0.404514 0.298350 -0.452826 -0.840200 0.930771 -0.056857 0.361155
-0.480028 -4.180762 -9.182576 -43.587208 0.148526 0.958468 -0.243474 0.447536 -0.284696 -0.847738 0.881846 -0.016948 0.471233
-0.303630 -5.795748 -12.178518 -59.554360 0.228995 0.849917 -0.474554 0.289394 -0.524907 -0.800452 0.929415 -0.045967 0.366163
-1.043122 -6.254348 -10.557673 -36.939361 0.246201 0.814409 -0.525474 0.110419 -0.562201 -0.819596 0.962909 -0.143763 0.228341
3.167495 0.398918 -11.669881 14.703488 0.634873 -0.144205 0.759040 0.329628 0.939084 -0.097295 -0.698772 0.311971 0.643733
4.047701 0.474812 93.406578 5.077618 0.772067 -0.154608 0.616449 0.272535 0.956791 -0.101368 -0.574141 0.246267 0.780843
2.634298 0.286143 116.441292 10.430710 0.805297 -0.200647 0.557887 0.306996 0.946136 -0.102859 -0.507198 0.254102 0.823518
-2.799949 -175.216744 -142.331229 -5517.118845 0.881325 -0.125185 -0.455626 0.189566 0.976939 0.098264 0.432817 -0.172973 0.884731
37.843382 -985.831299 501.271820 -57973.304909 0.846034 0.010030 -0.533034 0.035958 0.996473 0.075823 0.531914 -0.083316 0.842690
-1.625494 -163.495582 -82.592253 -5803.029451 0.854874 -0.066448 -0.514563 0.198668 -0.874255 0.442956 0.479292 0.480898 0.734177
-0.914991 -78.391671 -53.135633 -2047.811316 0.876232 -0.066227 -0.477317 0.221186 -0.824734 0.520471 0.428129 0.561629 0.708010
-2.675760 -314.347009 -34.969412 -10051.760708 0.841923 -0.160642 -0.515131 0.244310 0.964685 0.098463 0.481122 -0.208750 0.851437
-2.185822 -81.100049 -14.143460 2110.050130 0.846673 -0.106074 -0.521434 -0.434994 -0.702368 -0.563435 0.306473 -0.703866 0.640818
-4.438272 -27.166316 81.747033 391.121189 0.718849 -0.281898 -0.635444 0.661509 -0.003589 0.749928 0.213684 0.959438 -0.183898
-5.776700 -26.207737 -119.553682 430.287357 -0.635434 0.321435 0.702071 0.771537 0.300691 0.560639 -0.030898 0.897922 -0.439068
-8.136930 -32.170243 -146.692327 542.442518 -0.670134 0.187982 0.718041 0.729837 -0.009229 0.683559 0.135124 0.982129 -0.131012
-3.693360 -5.369656 -14.609135 5.729235 -0.076115 -0.147167 0.986179 -0.378478 0.919291 0.107973 -0.922475 -0.365028 -0.125672
-3.990352 -5.299827 -18.610746 7.927819 -0.006494 -0.238431 0.971138 -0.214393 0.948907 0.231539 -0.976726 -0.206702 -0.057280
-3.691261 -5.287184 -6.043816 3.177208 -0.114207 -0.150694 0.981961 -0.258224 0.958958 0.117131 -0.959311 -0.240189 -0.148432
-3.400049 -5.319998 -6.674732 3.372430 -0.209030 -0.088719 0.973877 -0.365975 0.930604 0.006226 -0.906846 -0.355113 -0.226993
-3.290956 -5.365285 -9.067630 1.753441 -0.177635 -0.095680 0.979434 -0.474174 0.880431 0.000010 -0.862326 -0.464420 -0.201764
-3.562070 -5.432122 -17.839176 0.772087 -0.087885 -0.107116 0.990355 -0.518448 0.853852 0.046344 -0.850581 -0.509375 -0.130575
-4.232306 -5.522268 -22.420080 2.065775 0.049295 -0.143186 0.988467 -0.436490 0.887072 0.150266 -0.898358 -0.438863 -0.018771
1.100862 -2.989159 58.837855 -25.698069 0.451241 0.789509 0.416001 -0.482290 0.607969 -0.630691 0.750852 -0.083960 -0.655112
0.341006 -1.929266 -53.238490 -40.211514 -0.523595 -0.652327 -0.548013 -0.276398 0.738503 -0.614994 0.805886 -0.170537 -0.566978
-0.615954 -3.057593 -64.424483 -24.312005 -0.505608 -0.695325 -0.510768 -0.382473 0.711304 -0.589712 0.773353 -0.102808 -0.625585
1.604105 -2.124255 32.879244 -32.695622 0.497572 0.779279 0.380981 -0.433533 0.603833 -0.668906 0.751313 -0.167660 -0.638293
-1.396699 -5.443649 34.598846 -6.833305 0.360727 0.729224 -0.581471 0.526011 0.355768 0.772491 -0.770187 0.584518 0.255244
-0.153625 -5.483898 54.435747 4.369298 0.437611 0.724328 -0.532771 0.587970 0.217769 0.779017 -0.680285 0.654160 0.330585
-0.438716 -5.325619 44.900849 -12.247833 0.426345 0.723496 -0.542940 0.459952 0.343443 0.818835 -0.778893 0.598833 0.186348
0.399610 -4.988868 33.186402 -17.596480 0.448447 0.754154 -0.479736 0.358535 0.339878 0.869445 -0.818748 0.561902 0.117974
-0.490228 -4.915595 41.922638 -22.593326 0.428216 0.720976 -0.544816 0.327441 0.438127 0.837154 -0.842267 0.536878 0.048464
-1.223471 -5.158952 30.863260 -20.372211 0.380471 0.720827 -0.579353 0.387394 0.444626 0.807610 -0.839743 0.531710 0.110076
-0.731603 -3.476070 7.880318 -16.013599 0.358077 0.930091 0.081925 -0.750733 0.338970 -0.567009 0.555140 -0.141530 -0.819627
-0.898340 -3.700703 9.907602 -11.419803 0.408474 0.907492 0.098012 -0.754529 0.396133 -0.523226 0.513649 -0.139772 -0.846539
-0.587090 -3.708221 14.379786 -0.887838 0.368587 0.924850 0.093788 -0.817898 0.370594 -0.440116 0.441799 -0.085512 -0.893029
-0.399906 -3.816735 11.724665 -6.466469 0.293530 0.954408 0.054275 -0.816464 0.279827 -0.505057 0.497218 -0.103936 -0.861378
-0.108019 -3.765669 16.714981 8.160559 0.293443 0.953479 0.069058 -0.865573 0.295663 -0.404187 0.405802 -0.058831 -0.912066
1.568830 -6.667325 31.106028 -11.832037 0.021754 0.999731 0.008089 0.888875 -0.023044 0.457570 -0.457633 0.002763 0.889137
0.889785 -7.134406 9.332179 -34.917500 0.123075 0.991668 0.038048 0.875533 -0.126552 0.466291 -0.467221 0.024076 0.883813
0.895223 -7.056096 29.432573 -90.988236 0.071961 0.997350 0.010723 0.912062 -0.070151 0.404006 -0.403688 0.019292 0.914693
1.556674 -8.468237 39.782643 -51.749099 -0.012804 0.999698 0.020978 0.935197 0.004547 0.354098 -0.353895 -0.024153 0.934973
1.240168 -10.337600 25.163709 -74.390668 0.042974 -0.931462 -0.361293 0.990410 0.087246 -0.107128 0.131307 -0.353224 0.926278
2.067546 -11.290391 14.875587 -102.803963 0.080127 -0.957948 -0.275528 0.968542 0.140156 -0.205627 0.235596 -0.250384 0.939043
1.669939 -11.227823 -20.605782 -42.196939 -0.024552 0.940236 0.339637 0.913030 0.159457 -0.375432 0.407152 -0.300881 0.862379
0.966400 -10.555984 17.567790 -43.611139 -0.010802 -0.932453 -0.361131 0.961882 0.089001 -0.258577 0.273252 -0.350158 0.895948
0.662454 -12.317570 0.599016 62.226045 0.095082 0.984957 0.144289 0.018111 0.143210 -0.989527 0.995305 -0.096699 0.004222
0.564153 -11.451348 4.887855 -45.961212 0.090395 0.978221 0.186847 -0.155271 0.199164 -0.967587 0.983727 -0.058453 -0.169893
0.750261 -14.057446 3.438990 -93.581648 0.125800 0.970030 0.207883 -0.167727 0.227328 -0.959265 0.977774 -0.085809 -0.191298
0.958626 -12.316405 5.951011 -16.607458 0.115979 0.983508 0.138783 0.012068 0.138320 -0.990314 0.993178 -0.116531 -0.004173
-0.355204 -3.339977 25.001875 12.214898 0.426562 0.904083 0.026057 0.452265 -0.238158 0.859498 -0.783263 0.354845 0.510474
-0.003516 -3.406572 13.124632 6.296350 0.410947 0.911118 0.031418 0.362146 -0.194773 0.911545 -0.836644 0.363219 0.409999
-0.747740 -3.581933 25.033717 -1.991466 0.374285 0.924952 -0.066140 0.372941 -0.084843 0.923968 -0.849015 0.370494 0.376708
-0.930576 -3.530493 37.362396 15.690431 0.426278 0.904367 0.020192 0.504130 -0.256040 0.824801 -0.751093 0.341415 0.565063
-0.080986 -3.122973 32.663391 12.818483 0.471337 0.877638 0.087138 0.502000 -0.348203 0.791676 -0.725147 0.329403 0.604695
-1.220904 -3.739151 30.037011 -0.245592 0.348093 0.932998 -0.091356 0.444968 -0.078664 0.892085 -0.825127 0.351179 0.442537
0.633568 -7.548350 -2.752422 -54.340028 0.299319 0.928117 0.221375 0.951753 -0.273973 -0.138224 -0.067637 0.252067 -0.965343
0.841667 -8.016893 1.133601 -34.874002 0.291760 0.927483 0.233775 0.948996 -0.311233 0.050409 0.119512 0.207144 -0.970983
0.682043 -7.551805 4.659013 -22.506001 0.282322 0.924468 0.256227 0.958919 -0.264228 -0.103243 -0.027743 0.274849 -0.961087
0.613594 -6.757347 2.583848 -18.526937 0.270983 0.928034 0.255580 0.944436 -0.205016 -0.256922 -0.186034 0.311000 -0.932025
0.477667 -6.144006 -0.802887 -20.656172 0.271979 0.930617 0.244906 0.940528 -0.203238 -0.272214 -0.203553 0.304378 -0.930548
0.402753 -6.444016 -8.159370 -62.883153 0.298495 0.933233 0.199940 0.933688 -0.242116 -0.263830 -0.197806 0.265434 -0.943619
-2.019752 -13.990778 -14.576989 -107.627689 0.223459 0.963850 -0.145115 0.932335 -0.254784 -0.256586 0.284284 0.077959 0.955565
-1.978668 -15.594430 15.017453 -176.645424 0.178120 0.962830 -0.203054 0.870722 -0.250348 -0.423284 0.458385 0.101408 0.882949
-1.970858 -13.252177 12.960068 -113.545416 0.187249 0.959631 -0.209869 0.955757 -0.227322 -0.186691 0.226862 0.165626 0.959740
-0.430105 -3.198455 -2.289658 23.738386 0.227798 0.949628 0.215210 -0.921901 0.139210 0.361550 -0.313378 0.280762 -0.907175
-0.029364 -3.686514 2.398873 32.189032 0.318705 0.926497 0.200079 -0.881222 0.211878 0.422559 -0.349107 0.310985 -0.883975
0.380741 -2.708019 -0.597732 8.445486 0.002920 0.961001 0.276529 -0.922897 -0.103885 0.370767 -0.385035 0.256290 -0.886602
-0.289841 -9.114605 5.047282 -1.408540 0.261314 0.916152 0.303941 -0.746839 -0.007586 0.664962 -0.611512 0.400759 -0.682236
-0.166581 -9.687513 1.647320 6.200043 0.271920 0.915058 0.297873 -0.738798 0.000163 0.673927 -0.616633 0.403323 -0.676087
-0.236034 -10.080664 2.945219 51.660154 0.224069 0.917538 0.328507 -0.868642 0.035193 0.494189 -0.441876 0.396087 -0.804898
0.598735 -140.100620 -226.452065 -2163.077003 -0.701936 -0.057532 0.709912 0.152181 0.961600 0.228400 -0.695792 0.268357 -0.666227
66.945132 -1020.106713 1186.970324 -33189.525188 -0.765453 -0.286021 0.576432 -0.388915 0.919298 -0.060298 -0.512666 -0.270338 -0.814918
-34.510983 -184.525561 415.059262 5232.817453 0.838736 0.124235 -0.530177 0.346829 0.628716 0.696007 -0.419799 0.767647 -0.484239
-0.806787 -83.483139 -127.471722 -2839.959815 0.010750 0.939312 0.342896 -0.065495 -0.341518 0.937591 -0.997795 0.032537 -0.057849
-4.362729 -58.308645 -168.394336 -1567.970621 0.046197 0.953846 0.296721 0.173856 -0.300182 0.937905 -0.983687 -0.008258 0.179699
-9.940598 -63.822014 -293.165592 -1687.839259 0.005413 0.985845 0.167573 0.034075 -0.167660 0.985256 -0.999405 -0.000377 0.034501
-5.078091 -7.561368 14.707541 -83.639176 0.573136 0.798813 0.182793 -0.462303 0.499368 -0.732740 0.676603 -0.335453 -0.655499
-3.103381 -7.890816 60.881010 -118.466572 0.475093 0.828422 0.296654 -0.409156 0.506447 -0.759015 0.779024 -0.239225 -0.579563
-2.213503 -7.064458 76.808323 -134.818175 0.383026 0.875237 0.295383 -0.316233 0.424688 -0.848314 0.867922 -0.231516 -0.439445
-4.973169 -6.254554 -15.742720 0.250467 -0.248511 -0.759869 -0.600700 0.967564 -0.165661 -0.190726 0.045414 -0.628613 0.776391
-4.569539 -6.194293 -7.864767 -1.493546 -0.223150 -0.823995 -0.520803 0.955509 -0.079180 -0.284135 0.192889 -0.561037 0.805004
-4.464980 -6.154699 -8.522140 -4.351864 -0.255152 -0.841403 -0.476381 0.965399 -0.194243 -0.173994 0.053866 -0.504293 0.861851
-5.039468 -6.153627 -16.779673 -0.401569 -0.250199 -0.738617 -0.625975 0.940663 -0.032358 -0.337797 0.229247 -0.673348 0.702885
-4.550273 -6.120784 -14.287385 -2.279594 -0.286504 -0.809316 -0.512761 0.955982 -0.276881 -0.097139 -0.063357 -0.518021 0.853018
-5.376584 -6.246073 -23.566268 -0.058140 -0.274925 -0.664307 -0.695063 0.958490 -0.132534 -0.252451 0.075585 -0.735616 0.673168
-5.442948 -6.279286 -20.751245 1.311207 -0.205561 -0.677631 -0.706089 0.972911 -0.219482 -0.072604 -0.105775 -0.701886 0.704392
-4.922670 -6.159535 -19.883466 -2.808632 -0.270071 -0.755207 -0.597264 0.954616 -0.290924 -0.063803 -0.125574 -0.587389 0.799503
-0.501429 -8.508101 93.022573 -215.835289 -0.110603 0.900763 -0.419992 0.425409 -0.339009 -0.839107 0.898217 0.271476 0.345697
-2.549137 -9.783054 118.527397 -262.111426 -0.036147 0.898529 -0.437423 0.441148 -0.378407 -0.813755 0.896706 0.222383 0.382706
-2.947670 -19.182129 -0.030903 578.249440 0.041717 0.955359 -0.292489 -0.176582 -0.281085 -0.943297 0.983402 -0.091000 -0.156973
-10.497350 -34.353838 155.748175 1196.566735 -0.010611 0.977740 -0.209552 -0.290043 -0.203564 -0.935113 0.956955 -0.050856 -0.285747
-5.212121 -28.281920 61.585695 1084.873518 0.030999 0.953601 -0.299474 -0.316291 -0.274862 -0.907971 0.948156 -0.122867 -0.293095
-0.997915 -9.212148 5.705472 283.331427 0.084180 0.822403 -0.562643 -0.186546 -0.541657 -0.819639 0.978833 -0.173956 -0.107819
11.233630 2.194514 -770.364813 119.677561 0.420159 0.241769 0.874651 0.254504 0.893776 -0.369312 -0.871031 0.377772 0.313997
2.125101 -4.607787 -25.960973 -4.988270 0.446848 0.885862 -0.124799 0.730840 -0.281023 0.622011 -0.515945 0.369153 0.772999
2.686075 -4.862867 -17.336979 8.386277 0.521309 0.838855 -0.156715 0.707365 -0.322042 0.629224 -0.477359 0.438875 0.761260
2.060827 -4.532724 10.544874 -7.299919 -0.556821 -0.817708 0.145958 0.744915 -0.413846 0.523291 -0.367495 0.400106 0.839561
-3.642402 -4.587933 6.966819 31.403270 -0.113604 0.812270 -0.572112 -0.545775 -0.532195 -0.647223 0.830195 -0.238718 -0.503776
-3.541957 -4.123556 -27.456460 28.927559 0.062289 0.844458 -0.531988 -0.605377 -0.391808 -0.692824 0.793498 -0.365209 -0.486810
-3.645675 -3.840950 -6.525566 19.457434 0.061915 0.922591 -0.380778 -0.653949 -0.250713 -0.713788 0.754001 -0.293203 -0.587805
-3.677887 -5.126970 -21.424216 40.789434 -0.025951 0.766522 -0.641694 -0.498160 -0.566445 -0.656488 0.866697 -0.302630 -0.396550
1.018810 -6.180032 4.372578 22.255665 0.090466 0.995764 0.016462 0.749117 -0.057147 -0.659968 0.656231 -0.072037 0.751113
0.996495 -5.574382 13.475623 45.638118 0.104588 0.993494 -0.045072 0.778247 -0.109977 -0.618253 0.619187 -0.029585 0.784686
1.004640 -6.513836 9.214324 60.523077 0.152819 0.986774 -0.054077 0.820732 -0.157205 -0.549259 0.550496 -0.039554 0.833900
1.021334 -6.425258 -8.551626 17.179297 0.091213 0.993607 0.066529 0.705727 -0.017362 -0.708271 0.702588 -0.111555 0.702799
1.023900 -7.022527 -4.955554 49.781435 0.148199 0.988618 0.025929 0.796987 -0.103868 -0.594998 0.585533 -0.108843 0.803309
-0.926865 -7.498818 3.300289 -15.093688 0.123261 0.992345 -0.007636 0.429415 -0.060273 -0.901094 0.894656 -0.107791 0.433557
-1.067691 -7.674533 5.933286 -24.280964 0.122450 0.991911 0.033433 0.414656 -0.020525 -0.909747 0.901702 -0.125262 0.413815
0.057108 -4.703413 2.094015 3.763425 0.224669 0.953313 -0.201790 0.942458 -0.265201 -0.203571 0.247582 0.144442 0.958039
0.020221 -4.560236 4.993759 8.935378 0.239432 0.948166 -0.208934 0.892458 -0.299672 -0.337216 0.382349 0.105725 0.917950
0.167591 -4.526119 -6.079419 6.484100 0.246084 0.950254 -0.190946 0.910390 -0.294216 -0.290908 0.332616 0.102247 0.937503
-0.065612 -4.769719 13.678056 4.128196 0.221969 0.949923 -0.219945 0.930257 -0.273900 -0.244132 0.292149 0.150415 0.944470
0.146074 -4.622689 -2.897560 0.876630 0.229779 0.953028 -0.197329 0.951145 -0.262858 -0.161955 0.206217 0.150475 0.966867
1.759590 -6.738210 8.367702 56.952185 0.071597 0.975896 0.206160 0.994639 -0.054392 -0.087951 -0.074617 0.211351 -0.974558
1.722778 -6.213428 4.863305 -7.902346 0.072297 0.974495 0.212442 0.995204 -0.084556 0.049185 0.065894 0.207868 -0.975935
0.379486 -17.662250 -40.795328 -110.631203 0.272911 0.961566 0.030176 0.150092 -0.073540 0.985933 -0.950259 0.264543 0.164393
-0.064924 -15.958888 -61.098868 -19.108232 0.262104 0.964938 0.014006 -0.082136 0.007845 0.996590 -0.961538 0.262361 -0.081312
0.519244 -36.087690 0.079785 259.757171 -0.610642 -0.785538 0.100232 0.787195 -0.588342 0.184870 -0.086252 0.191791 0.977638
0.703702 -34.749221 -21.798689 108.250516 -0.654101 -0.752026 0.081299 0.666942 -0.522689 0.531022 -0.356848 0.401564 0.843449
0.061544 -39.944871 17.917813 520.997309 0.669181 0.737228 -0.093226 0.641601 -0.509923 0.572998 -0.374892 0.443253 0.814237
0.404767 -36.918909 26.042294 412.418149 0.706780 0.705688 -0.049660 0.442357 -0.386077 0.809484 -0.552071 0.594095 0.585038
0.017417 -25.868564 -11.397928 133.056445 -0.636460 -0.761091 0.125140 0.748007 -0.569474 0.340858 -0.188160 0.310548 0.931749
-0.331969 -38.440349 11.833860 217.244523 0.683306 0.728222 -0.052784 0.365841 -0.278918 0.887899 -0.631865 0.626017 0.457000
-0.449569 -32.011493 21.799257 455.076041 0.695212 0.714005 -0.082926 0.604789 -0.518683 0.604316 -0.388473 0.470281 0.792417
1.053716 -3.159031 -21.975106 -13.685435 0.043265 0.999018 -0.009590 0.588371 -0.033236 -0.807908 0.807433 -0.029311 0.589231
0.991540 -2.759222 -36.902541 -3.601268 -0.065718 0.962991 0.261399 0.609139 0.246206 -0.753878 0.790336 -0.109684 0.602776
5.131046 -1.492458 -185.457750 -20.033586 0.239724 0.948546 -0.206865 0.599497 -0.312232 -0.736963 0.763633 -0.052652 0.643500
0.699542 -2.859949 -13.541017 -3.121381 -0.058575 0.977103 0.204544 0.543476 0.203083 -0.814489 0.837379 -0.063456 0.542927
0.214897 -3.391596 0.273478 -17.370252 0.038973 0.998805 -0.029504 0.535522 -0.045805 -0.843278 0.843622 -0.017065 0.536667
2.951219 0.345486 167.241080 1.392223 0.845828 -0.144349 0.513555 0.232545 0.966181 -0.111431 -0.480102 0.213676 0.850790
3.713011 0.636738 97.351891 -1.973362 0.783743 -0.103694 0.612368 0.213395 0.970899 -0.108711 -0.583274 0.215878 0.783063
-3.954509 -97.196390 25.851876 -439.694020 0.757708 -0.083264 -0.647260 -0.008049 0.990559 -0.136849 0.652544 0.108901 0.749885
-8.917907 -293.268459 253.124384 -9236.000608 0.757440 -0.035840 -0.651921 0.405884 -0.756260 0.513156 0.511413 0.653289 0.558274
-4.398676 -5.256499 -22.486037 9.001342 0.134485 -0.326462 0.935594 -0.145732 0.927389 0.344546 -0.980141 -0.182683 0.077144
-4.153303 -5.023192 -12.436451 10.129406 0.058576 -0.332127 0.941414 -0.069418 0.939395 0.335734 -0.995866 -0.085018 0.031971
-0.460145 -2.003415 -39.918188 50.655076 0.382067 0.783260 -0.490437 -0.004495 0.532267 0.846564 -0.924124 0.321240 -0.206882
-0.270128 -1.970566 31.627995 -14.256003 -0.329413 -0.416455 0.847380 0.238988 0.831470 0.501541 -0.913439 0.367728 -0.174369
-0.664761 -2.542076 -52.367329 11.022515 0.396854 0.667503 -0.630037 0.108507 0.647473 0.754324 -0.911446 0.367720 -0.184523
-1.431184 -2.524432 -48.979136 -34.970960 -0.574053 -0.579535 -0.578448 -0.213025 0.787819 -0.577894 0.790622 -0.208518 -0.575705
-0.295891 -1.655518 -71.633981 -5.772206 -0.563302 -0.252486 -0.786729 0.054394 0.938769 -0.340227 0.824459 -0.234443 -0.515076
1.426845 -0.627021 -59.570914 4.753035 -0.574188 -0.195874 -0.794947 0.077834 0.953503 -0.291161 0.815015 -0.229055 -0.532244
1.371617 -0.875270 -30.896415 -53.835988 -0.566117 -0.626462 -0.535777 -0.221272 0.741591 -0.633310 0.794072 -0.239974 -0.558446
-0.371520 -5.536556 -62.977503 6.761719 -0.408637 -0.709628 0.573972 0.717125 0.139373 0.682867 -0.564578 0.690655 0.451938
0.931898 -5.507446 -70.151318 5.775516 -0.469564 -0.723711 0.505720 0.660292 0.092393 0.745304 -0.586109 0.683891 0.434476
-1.357971 -5.607833 48.336439 1.996205 0.357294 0.715594 -0.600222 0.645516 0.275256 0.712421 -0.675019 0.641996 0.363580
-1.020485 -3.090321 2.023632 -22.992068 0.404467 0.911105 0.079341 -0.688441 0.360429 -0.629397 0.602043 -0.199949 -0.773023
-1.013299 -3.618495 -0.224997 -11.670787 0.457936 0.884875 0.085390 -0.724842 0.427267 -0.540413 0.514683 -0.185580 -0.837055
1.527378 -7.099971 14.251757 62.277365 0.062347 0.997059 0.044564 0.845168 -0.076493 0.528999 -0.530852 -0.004682 0.847451
1.238521 -6.981848 2.824067 19.720833 0.139553 0.989143 0.046046 0.826328 -0.141953 0.545006 -0.545626 0.038008 0.837167
0.582931 -9.404785 22.819088 -18.050825 0.031995 -0.925285 -0.377920 0.995994 -0.002072 0.089395 -0.083499 -0.379266 0.921513
0.368947 -9.954341 16.405978 -17.732731 -0.013336 -0.929431 -0.368755 0.998780 0.005156 -0.049117 0.047552 -0.368960 0.928228
-0.159514 -9.339514 12.226610 9.227913 -0.025830 -0.933567 -0.357470 0.980899 -0.092634 0.171045 -0.192795 -0.346224 0.918128
-0.435696 -10.286821 14.176676 -19.856323 -0.061769 -0.931887 -0.357450 0.995024 -0.085546 0.051078 -0.078177 -0.352517 0.932534
0.051411 -9.202650 14.074584 24.065792 -0.000543 -0.928967 -0.370163 0.966276 -0.095807 0.239021 -0.257507 -0.357550 0.897691
-0.475991 -9.145814 -6.346239 -11.842760 0.041037 0.935411 0.351172 0.906430 -0.182720 0.380786 -0.420358 -0.302686 0.855383
-0.836568 -9.196057 -13.084534 -32.249498 0.072695 0.933908 0.350046 0.927754 -0.192133 0.319933 -0.366043 -0.301499 0.880404
0.802739 -4.410841 -20.840413 -2.309820 -0.069835 0.957703 -0.279155 -0.533453 -0.272318 -0.800794 0.842942 -0.092992 -0.529907
1.673672 -4.362563 -32.818787 12.763171 -0.180900 0.905575 -0.383679 -0.530375 -0.418353 -0.737349 0.828238 -0.070107 -0.555974
0.607822 -4.208933 -21.718500 -1.846613 -0.108603 0.938647 -0.327333 -0.596581 -0.324934 -0.733832 0.795171 -0.115584 -0.595268
1.105923 -4.064404 -26.048439 10.650482 -0.220636 0.885732 -0.408410 -0.613368 -0.451569 -0.647970 0.758353 -0.107540 -0.642912
-0.088365 -4.567821 -14.554648 -17.987183 0.012983 0.979413 -0.201448 -0.614748 -0.151074 -0.774120 0.788617 -0.133890 -0.600131
0.032502 -4.170956 -17.524791 -11.843698 -0.060748 0.956658 -0.284808 -0.669366 -0.250710 -0.699352 0.740445 -0.148156 -0.655584
-0.465485 -3.717773 20.296859 2.366388 0.391563 0.919825 -0.024484 0.298855 -0.101964 0.948835 -0.870267 0.378846 0.314820
0.186874 -3.410348 2.646671 10.394916 0.412285 0.908871 0.063051 0.321708 -0.209984 0.923261 -0.852364 0.360363 0.378964
-0.037763 -3.782790 8.360936 6.327368 0.400710 0.915669 0.031337 0.268619 -0.150114 0.951477 -0.875942 0.372849 0.306119
-0.193226 -6.126567 -7.266959 -49.306558 0.145272 0.975344 0.166134 0.138624 0.146194 -0.979495 0.979632 -0.165323 0.113968
0.008460 -5.350306 -13.491760 -35.215028 0.161794 0.979579 0.119361 0.218284 0.082433 -0.972397 0.962380 -0.183382 0.200489
-0.050020 -6.286825 -5.225701 -54.058527 0.145332 0.974752 0.169520 0.081696 0.158931 -0.983904 0.986004 -0.156841 0.056536
0.836057 -8.008902 2.203741 -18.480321 0.272539 0.931375 0.241377 0.945299 -0.305944 0.113176 0.179258 0.197329 -0.963809
0.756889 -8.813431 -5.529777 33.517040 0.259652 0.943097 0.207723 -0.912212 0.310124 -0.267755 0.316938 0.119964 -0.940829
0.633369 -9.247438 -7.583345 -1.342026 0.274298 0.959532 0.063708 0.956406 -0.265299 -0.122080 0.100238 -0.094417 0.990473
0.359961 -9.977681 -11.788612 -10.980166 0.230580 0.968764 0.091269 0.947744 -0.202339 -0.246660 0.220488 -0.143374 0.964795
0.497908 -9.560260 13.514509 -33.064202 -0.261756 -0.961488 -0.083811 0.965121 -0.261222 -0.017478 -0.005088 -0.085462 0.996328
0.479662 -9.062869 -9.241856 2.015261 0.233796 0.968889 0.081199 0.928615 -0.197768 -0.313945 0.288119 -0.148802 0.945963
-2.087934 -16.240594 -9.252934 -158.259121 0.204137 0.968827 -0.140364 0.812144 -0.247662 -0.528286 0.546581 0.006153 0.837384
-1.844212 -16.994452 14.932163 -105.963454 0.154667 0.970766 -0.183552 0.674910 -0.239498 -0.697952 0.721508 0.015931 0.692222
-1.720515 -16.668360 -33.769376 -114.056290 0.218238 0.972694 -0.078983 0.841038 -0.228516 -0.490342 0.495002 -0.040584 0.867944
-1.669526 -17.966011 -21.781707 -95.612482 0.204073 0.974413 -0.094196 0.626001 -0.203868 -0.752702 0.752647 -0.094639 0.651587
0.315855 -4.883382 -36.115818 -0.243261 0.188796 0.950918 -0.245175 -0.925465 0.255791 0.279440 -0.328438 -0.174144 -0.928333
1.230255 -4.460126 -53.143634 10.712412 0.111430 0.964573 -0.239129 0.972427 -0.155438 -0.173854 -0.204865 -0.213163 -0.955297
1.234055 -4.677433 -56.034560 -4.576479 0.140156 0.960673 -0.239715 -0.930517 0.210537 0.299688 -0.338371 -0.181056 -0.923430
-0.655660 -4.914775 -17.751154 -65.847975 0.560793 0.823099 0.089552 0.792307 -0.502102 -0.346618 -0.240337 0.265333 -0.933722
-1.999465 -4.135479 -2.332467 2.012288 0.191854 0.979407 -0.062879 0.359801 -0.010583 0.932969 -0.913091 0.201618 0.354422
-2.225796 -3.765509 0.917463 13.160385 0.139100 0.979969 -0.142523 0.508873 0.052732 0.859225 -0.849529 0.192044 0.491345
-2.139728 -4.152868 3.864640 7.088277 0.187813 0.964126 -0.187585 0.457991 0.082988 0.885075 -0.868891 0.252141 0.425974
-1.931612 -4.309044 4.026802 -2.602866 0.225230 0.958601 -0.174229 0.348298 0.087789 0.933264 -0.909923 0.270883 0.314106
-2.156552 -4.333292 6.453242 4.616899 0.191085 0.933447 -0.303584 0.495724 0.175171 0.850631 -0.847198 0.313037 0.429260
9.892591 -1124.612731 -591.299498 53943.946257 0.968449 -0.235277 0.082170 0.160975 0.842277 0.514447 0.190247 0.484989 -0.853576
-20.709547 -509.123065 170.970465 -22907.567889 -0.981936 0.130969 0.136563 0.135560 0.990458 0.024833 -0.132008 0.042897 -0.990320
-15.038042 -199.118927 288.951941 6215.893008 -0.884838 0.018903 0.465515 0.197771 0.919925 0.338563 -0.421839 0.391639 -0.817723
-13.117711 -50.045124 164.437412 1196.022414 0.961050 -0.020445 0.275617 -0.257693 0.294133 0.920370 0.099885 0.955546 -0.277408
0.527693 -45.696103 -107.907216 -1235.463059 0.085304 0.919774 0.383065 -0.014556 -0.383275 0.923519 -0.996249 0.084356 0.019307
1.295814 -44.205829 -80.464195 -1155.616629 0.043284 0.943722 0.327894 0.183516 -0.330128 0.925925 -0.982063 -0.020096 0.187477
4.480399 -168.672568 -195.306366 -5806.221569 0.095778 0.907070 0.409940 0.471020 -0.404107 0.784116 -0.876907 -0.117989 0.465953
-2.143456 -65.382268 -147.022328 -1817.599729 0.130916 0.934008 0.332400 0.701293 -0.324238 0.634869 -0.700749 -0.149996 0.697461
-5.308125 -6.970645 -27.066416 -39.125424 0.345715 0.899649 -0.266669 -0.717616 0.070387 -0.692873 0.604572 -0.430903 -0.669937
-4.283898 -6.208351 -1.604402 -41.809107 0.170338 0.830536 -0.530277 -0.739798 -0.247689 -0.625579 0.650910 -0.498858 -0.572238
-4.200310 -6.173990 -6.142063 0.000410 -0.230896 -0.888810 -0.395858 0.957174 -0.134462 -0.256396 0.174660 -0.438105 0.881792
-4.524894 -6.060680 -7.382013 1.719097 -0.199900 -0.814197 -0.545090 0.920431 0.034688 -0.389362 0.335926 -0.579551 0.742479
-4.200757 -6.162996 -7.301479 2.696034 -0.193448 -0.889116 -0.414789 0.926473 -0.026430 -0.375431 0.322839 -0.456917 0.828855
-5.144379 -15.074866 25.220011 -415.984129 0.128082 0.965891 -0.225057 0.429837 -0.258569 -0.865091 0.893776 -0.014064 0.448294
-5.968505 -29.502244 -17.288851 -992.179694 0.153056 0.986021 -0.065851 0.766142 -0.160485 -0.622311 0.624180 -0.044797 0.779995
91.025475 -36.910632 3344.909529 814.601477 -0.353261 -0.868198 -0.348481 0.813579 -0.101213 -0.572577 0.461839 -0.485786 0.742103
25.196099 -255.534638 488.724023 7867.209509 0.759899 0.546784 -0.351541 -0.494309 0.837265 0.233765 0.422152 -0.003868 0.906517
-14.779046 -110.170348 -1050.213272 -3165.635413 -0.606108 0.705662 -0.366981 -0.242795 0.275219 0.930218 -0.757419 -0.652914 -0.004519
1.207186 -4.694531 -12.171153 -4.226074 0.349377 0.928282 -0.127393 0.809341 -0.230472 0.540232 -0.472126 0.291849 0.831818
1.794999 -4.796203 -29.034575 1.755077 0.391051 0.913744 -0.110236 0.730571 -0.235327 0.641004 -0.559772 0.331201 0.759580
0.737200 -4.820602 -2.367067 -6.259403 0.294098 0.944442 -0.146753 0.886791 -0.212361 0.410493 -0.356522 0.250864 0.899977
0.932093 -4.823196 -7.330737 -1.533109 0.310716 0.941675 -0.129247 0.811901 -0.192237 0.551237 -0.494240 0.276214 0.824277
1.387109 -4.917191 -31.701588 10.553877 0.325524 0.939596 -0.105801 0.741000 -0.184001 0.645804 -0.587327 0.288623 0.756137
-0.239349 -4.915164 2.629219 15.052405 0.321266 0.931750 -0.169202 0.877691 -0.360057 -0.316254 0.355592 0.046905 0.933463
-0.375164 -4.766096 4.621513 6.284751 0.311015 0.935766 -0.166166 0.843105 -0.352353 -0.406228 0.438683 0.013753 0.898537
-0.216332 -4.758352 4.059227 6.341810 0.293816 0.940782 -0.169121 0.860512 -0.337366 -0.381711 0.416163 0.033378 0.908677
-0.118528 -4.913188 6.265965 12.915062 0.281950 0.943975 -0.171509 0.908929 -0.320039 -0.267250 0.307167 0.080538 0.948242
-0.075989 -4.857800 4.652367 12.007802 0.258073 0.951188 -0.169231 0.915746 -0.296660 -0.270930 0.307910 0.085053 0.947606
-0.206782 -4.685137 0.667933 -1.944689 0.275026 0.946951 -0.166266 0.868980 -0.318828 -0.378448 0.411382 0.040398 0.910567
0.812218 -5.963098 12.001572 58.125320 0.149544 0.984568 -0.090897 0.828777 -0.174953 -0.531526 0.539226 -0.004153 0.842151
-0.474672 -12.949022 -2.930426 -113.678680 0.129118 0.991323 0.024647 -0.202792 0.050727 -0.977907 0.970672 -0.121268 -0.207582
0.221297 -12.340059 30.826852 15.773760 0.314550 0.916035 0.248873 -0.523392 -0.051356 0.850543 -0.791909 0.397797 -0.463291
-0.243685 -12.368030 34.394634 88.109714 0.342610 0.914084 0.216952 -0.298693 -0.112963 0.947640 -0.890731 0.389473 -0.234328
0.137503 -4.341401 -8.763529 8.593057 0.261707 0.945916 -0.191708 0.859796 -0.318734 -0.398947 0.438474 0.060422 0.896710
-0.153193 -4.603398 16.170421 6.432217 0.238513 0.942343 -0.234735 0.876200 -0.313050 -0.366433 0.418790 0.118276 0.900348
-0.022485 -4.219459 7.833831 10.322691 0.252021 0.942803 -0.218191 0.819891 -0.327795 -0.469392 0.514067 0.060596 0.855607
0.532495 -8.003896 3.352033 7.370584 0.299950 0.947630 -0.109669 0.854510 -0.215794 0.472489 -0.424079 0.235437 0.874487
0.586480 -8.007811 -1.571518 -20.493260 0.309608 0.944934 -0.106035 0.726922 -0.163328 0.667015 -0.612966 0.283593 0.737460
0.453481 -7.897453 5.098124 -16.599706 0.322091 0.939797 -0.114189 0.740961 -0.175174 0.648298 -0.589266 0.293421 0.752775
0.568377 -7.778440 1.607296 -17.359495 0.333735 0.937071 -0.102561 0.586055 -0.121034 0.801180 -0.738350 0.327489 0.589569
0.796564 -16.898128 3.867347 -81.140610 0.348334 0.936772 0.033487 0.424783 -0.189597 0.885219 -0.835597 0.294127 0.463968
0.410599 -16.890856 -22.691890 -39.767069 0.307147 0.950982 0.035964 0.474682 -0.185847 0.860313 -0.824826 0.247171 0.508497
0.528969 -3.857984 -38.235213 25.678567 0.433291 0.840227 0.326004 0.184823 0.271195 -0.944613 0.882099 -0.469545 0.037787
0.761678 -3.127844 -27.889203 22.677580 0.411822 0.825087 0.386826 0.116337 0.373417 -0.920340 0.903808 -0.424018 -0.057793
-0.144112 -4.071460 -23.211246 30.045096 0.433436 0.850195 0.298834 0.149059 0.259399 -0.954198 0.888772 -0.458127 0.014296
1.442819 -3.298790 -36.277184 20.457944 0.411543 0.844104 0.343686 0.169983 0.299394 -0.938866 0.895398 -0.444805 0.020269
1.025074 -4.044068 -43.323373 22.503588 0.440174 0.853997 0.277372 0.231705 0.190415 -0.953968 0.867502 -0.484181 0.114060
0.765728 -29.888000 -14.294973 132.244647 -0.622226 -0.776696 0.097864 0.776076 -0.595618 0.207232 -0.102667 0.204895 0.973385
1.576454 -5.954328 -45.490149 192.316674 -0.258903 0.858335 0.442978 0.632264 0.497309 -0.594075 0.730213 -0.126272 0.671450
0.537716 -2.446049 -54.833201 -5.187831 -0.117839 0.921210 0.370791 0.655157 0.352720 -0.668100 0.746246 -0.164198 0.645101
-1.870354 -4.933146 15.487764 14.891346 0.800475 0.598699 -0.028269 0.571042 -0.747471 0.339408 -0.182073 0.287831 0.940214
-1.700584 -4.465570 9.974258 15.067756 0.770079 0.637509 -0.023671 0.626369 -0.748544 0.217589 -0.120996 0.182388 0.975753
-1.438414 -4.816681 17.056988 16.262782 0.816443 0.574927 -0.053666 0.564909 -0.776042 0.280422 -0.119575 0.259265 0.958376
1.072537 -11.766939 -14.736898 170.711432 0.309773 0.913157 -0.264923 -0.611607 0.404705 0.679817 -0.727995 0.048560 -0.683860
1.848943 -19.428215 -11.557879 359.157320 0.300863 0.926377 -0.226513 -0.788787 0.375220 0.486853 -0.536001 -0.032194 -0.843603
1.312903 -14.163370 5.611258 -4.895516 0.311218 0.940216 -0.138335 -0.670640 0.320418 0.669010 -0.673340 0.115435 -0.730266
1.070159 -19.348418 -55.237046 367.692699 0.308797 0.886019 -0.345852 -0.780578 0.443844 0.440114 -0.543454 -0.134059 -0.828665
0.957433 -11.978764 2.681533 -86.446659 0.311220 0.941852 -0.126718 -0.547834 0.286759 0.785905 -0.776544 0.175169 -0.605223
0.558319 -10.665332 -6.732703 -48.438678 0.287087 0.947990 -0.137462 -0.496883 0.270064 0.824726 -0.818956 0.168466 -0.548571
0.558317 -16.087741 -40.973462 289.502760 0.317928 0.880146 -0.352514 -0.677967 0.470954 0.564414 -0.662785 -0.059550 -0.746438
0.234983 -10.692285 -35.760912 139.926765 0.281105 0.917272 -0.282120 -0.497199 0.390646 0.774718 -0.820837 0.077508 -0.565880
-5.494123 -109.481245 133.382660 -2919.122400 0.661406 -0.110985 -0.741772 0.490017 -0.684796 0.539387 0.567826 0.720234 0.398543
-4.906624 -122.663491 71.683778 -1657.523974 0.694471 -0.081438 -0.714897 0.039723 0.996398 -0.074918 0.718423 0.023631 0.695205
-18.422329 -39.681982 -337.467570 603.884457 -0.595407 0.041928 0.802329 0.799974 -0.061510 0.596873 0.074377 0.997225 0.003083
-32.418057 -72.567712 518.813514 -1553.063328 0.953117 0.132613 -0.271994 0.292128 -0.168822 0.941361 -0.078918 0.976685 0.199647
-18.591134 -64.686912 355.561101 -1582.901594 0.925359 -0.126959 -0.357200 0.312745 -0.276850 0.908595 0.214245 0.952489 0.216480
-3.430222 -5.267121 -3.110736 -1.194092 -0.239045 -0.075175 0.968094 -0.234012 0.972073 0.017701 -0.942388 -0.222314 -0.249961
0.663442 -2.911247 74.397376 -46.297638 -0.372695 -0.577011 0.726743 0.153450 0.734063 0.661517 -0.915178 0.358063 -0.185039
-0.995832 -5.591219 9.384322 -128.554413 0.428065 0.711563 -0.557171 0.049053 0.597309 0.800510 -0.902416 0.370001 -0.220783
-2.000169 -3.885951 5.666099 -117.990742 0.368410 0.886511 0.279951 -0.376563 -0.133023 0.916791 -0.849985 0.443174 -0.284821
