13656
27294
-5.567604 -7.735352 8.683152 -145.072786 0.380646 0.924709 -0.004720 0.915632 -0.377614 -0.137933 0.129330 -0.048182 0.990430
-6.436773 -9.081786 -78.579182 -113.297450 0.600226 0.799806 0.006151 0.770044 -0.575777 -0.274795 0.216241 -0.169676 0.961483
-6.567698 -11.155203 41.037714 -299.891370 0.021821 0.994727 0.100209 0.975271 0.000870 -0.221010 0.219931 -0.102554 0.970110
-5.325469 -8.258324 1.429506 -81.189671 0.825109 0.563911 -0.034638 0.540897 -0.806167 -0.239844 0.163175 -0.179162 0.970193
-3.377203 -10.477819 133.043348 -283.291569 0.123458 0.987774 -0.095183 0.980893 -0.136003 -0.139113 0.150358 0.076190 0.985692
-4.326083 -6.243098 -76.991985 -117.360999 -0.298575 -0.950323 0.087974 0.951997 -0.303078 -0.042959 0.067488 0.070925 0.995196
-4.515725 -6.568815 -1.376459 70.986249 0.917297 0.393472 -0.061200 -0.389422 0.918509 0.068494 0.083164 -0.038997 0.995773
-6.872490 -10.236226 20.252082 -9.753900 0.825257 0.535070 0.180694 0.490916 -0.521474 -0.697901 0.279199 -0.664654 0.693025
-6.493375 -9.565834 24.362084 -52.477845 0.859841 0.495911 0.121430 0.474752 -0.689090 -0.547509 0.187840 -0.528420 0.827942
-6.740421 -9.676307 -28.234922 -35.790134 0.914532 0.366757 0.170648 0.383152 -0.650107 -0.656167 0.129714 -0.665470 0.735067
-3.368955 -5.856211 107.146702 -32.840886 0.791354 0.532535 -0.300275 -0.228372 0.713101 0.662822 0.567103 -0.455952 0.685931
-1.139889 -5.774265 156.673185 -22.212019 0.735075 0.595721 -0.323697 -0.253582 0.684363 0.683625 0.628777 -0.420432 0.654123
-0.896822 -6.158843 162.394424 -22.746289 0.725357 0.616407 -0.306431 -0.342661 0.709404 0.615897 0.597027 -0.341743 0.725790
-3.328691 -6.635854 137.241231 -27.980463 0.790124 0.516673 -0.329778 -0.285135 0.786086 0.548421 0.542589 -0.339289 0.768427
-1.146666 -6.986216 9.138876 87.193013 0.725741 0.606694 0.324380 -0.417269 0.763055 -0.493593 -0.546980 0.222867 0.806935
-1.408581 -7.956844 11.513325 64.608532 0.731624 0.602063 0.319761 -0.495040 0.791697 -0.357981 -0.468681 0.103613 0.877270
-0.915407 -7.108531 11.520878 74.241192 0.712310 0.644867 0.277059 -0.480594 0.735823 -0.477069 -0.511512 0.206668 0.834053
-1.273031 -8.176614 20.354945 47.118632 0.730131 0.619172 0.289024 -0.538385 0.781748 -0.314662 -0.420774 0.074138 0.904131
-0.676240 -6.206675 11.353902 66.492658 0.707002 0.647888 0.283531 -0.424435 0.709401 -0.562677 -0.565689 0.277474 0.776534
-0.382060 -6.038210 12.409991 -54.541737 0.691650 0.680082 0.243124 0.451374 -0.669820 0.589578 -0.563811 0.298042 0.770252
-0.819051 -7.683544 25.621237 45.690567 0.722134 0.643869 0.252894 -0.545507 0.754852 -0.364171 -0.425376 0.125025 0.896339
-0.390442 -6.649890 14.362421 -58.361500 0.688337 0.688364 0.228795 0.515810 -0.686245 0.512843 -0.510032 0.234994 0.827433
-0.689121 -6.095343 -0.710267 24.984121 0.825342 0.522360 0.214362 -0.386997 0.799782 -0.458892 -0.411150 0.295785 0.862245
-0.777188 -6.467329 -8.622195 16.895571 0.813509 0.547178 0.196974 -0.464746 0.815294 -0.345408 -0.349591 0.189450 0.917548
-0.711850 -6.233036 -6.564853 29.974168 0.822306 0.533847 0.197029 -0.394557 0.784391 -0.478598 -0.410046 0.315814 0.855642
-0.694439 -6.305602 -4.389751 39.583292 0.821286 0.544609 0.169971 -0.399738 0.761879 -0.509656 -0.407061 0.350629 0.843422
-0.536996 -5.919701 -1.955315 14.142653 0.830790 0.521494 0.194506 -0.341483 0.753538 -0.561756 -0.439520 0.400280 0.804113
3.477109 -13.850881 -59.262826 89.898013 0.323927 0.945757 0.024813 -0.067333 -0.003115 0.997726 -0.943683 0.324861 -0.062671
3.876941 -13.377646 -17.724215 6.142813 0.404222 0.913772 0.040309 0.076804 -0.077824 0.994004 -0.911431 0.398702 0.101640
3.038928 -13.392414 -57.739553 -20.705591 0.304996 0.952078 0.022926 0.108072 -0.058518 0.992419 -0.946202 0.300206 0.120740
3.200879 -13.467626 -22.029983 -75.236856 0.359685 0.932767 0.023934 0.259186 -0.124520 0.957767 -0.896353 0.338291 0.286549
2.249498 -13.334197 -63.890063 10.741409 0.261919 0.965039 0.009942 -0.016567 -0.005804 0.999846 -0.964948 0.262043 -0.014468
2.047206 -13.112302 -61.174998 -41.024638 0.255363 0.966622 0.020778 0.161895 -0.063937 0.984734 -0.953194 0.248101 0.172819
2.479422 -13.278651 -61.682021 -68.123651 0.274477 0.961321 0.022895 0.264730 -0.098432 0.959286 -0.924435 0.257241 0.281508
0.604705 -17.094578 -5.663722 110.990960 0.553311 0.827391 0.096286 -0.663696 0.368061 0.651183 -0.503343 0.424211 -0.752788
0.752957 -18.853339 -1.459101 -83.801356 0.525375 0.842378 0.119917 0.805605 -0.447105 -0.388713 -0.273828 0.300826 -0.913522
0.726804 -16.770956 5.645366 -105.667755 0.527213 0.836342 0.150261 0.788009 -0.415046 -0.454729 -0.317943 0.358146 -0.877863
0.651143 -15.724619 -4.546643 98.888293 0.557149 0.822784 0.112296 -0.644925 0.343537 0.682681 -0.523121 0.452778 -0.722036
0.515161 -15.969059 -3.267520 -10.742017 0.590228 0.803980 0.072442 -0.530944 0.319047 0.785052 -0.608054 0.501822 -0.615179
0.437893 -17.053010 -13.780202 -7.609563 0.590181 0.806515 0.034923 -0.491361 0.324565 0.808222 -0.640508 0.494157 -0.587842
0.249424 -2.732484 -87.417392 36.906656 0.984773 -0.172105 -0.024546 -0.156027 -0.812705 -0.561397 -0.076670 -0.556678 0.827182
0.149174 -3.896328 -89.181641 72.830377 0.995788 -0.082824 0.039328 -0.049934 -0.849640 -0.524993 -0.076897 -0.520818 0.850197
1.689877 -4.640048 -94.086926 98.559948 0.985605 -0.165403 -0.034989 -0.159119 -0.837619 -0.522567 -0.057126 -0.520612 0.851880
1.956785 -3.273414 -81.042676 38.157481 0.954156 -0.267719 -0.133842 -0.296188 -0.780111 -0.551089 -0.043126 -0.565467 0.823643
-0.788460 -14.399687 -33.065087 -112.671242 0.471157 0.875106 -0.110453 -0.571008 0.207167 -0.794375 0.672280 -0.437345 -0.597301
-1.309691 -14.562152 -46.091297 -121.505511 0.491262 0.865965 -0.093626 -0.543479 0.220755 -0.809875 0.680655 -0.448744 -0.579083
-0.594583 -11.853163 -33.982075 -199.556482 0.466676 0.876776 -0.116088 -0.370767 0.074779 -0.925711 0.802960 -0.475049 -0.359977
-0.105447 -12.731184 -28.907446 -134.572882 0.458145 0.878373 -0.136249 -0.485874 0.119113 -0.865875 0.744332 -0.462896 -0.481350
0.684221 -6.697785 -40.157202 77.058658 0.810990 0.478339 0.336878 0.584793 -0.680140 -0.442071 -0.017665 -0.555520 0.831316
0.591129 -7.331662 -10.074575 37.903082 0.831870 0.469978 0.295148 0.547468 -0.782101 -0.297653 -0.090945 -0.409193 0.907904
0.857784 -6.203396 5.841105 97.399545 0.814504 0.502310 0.290290 0.579341 -0.677656 -0.452931 0.030795 -0.537091 0.842962
0.813792 -19.325752 -51.565377 17.290028 0.612744 0.759406 0.218742 -0.759212 0.642503 -0.103858 0.219412 0.102433 -0.970240
0.871951 -18.560148 -53.365092 -4.055422 0.617254 0.759032 0.207047 -0.659654 0.642710 -0.389589 0.428782 -0.103896 -0.897414
1.563929 -19.582132 7.171211 -13.861734 0.594964 0.760532 0.260019 -0.723010 0.647734 -0.240203 0.351105 0.045084 -0.935250
1.498476 -21.012636 -3.364005 40.418847 0.597185 0.758769 0.260076 0.790636 -0.611477 -0.031478 0.135146 0.224424 -0.965075
0.811943 -20.644720 -57.744964 111.305918 0.603232 0.769048 0.211367 0.797495 -0.585134 -0.147034 0.010602 0.257260 -0.966284
-0.451345 -20.049360 -104.202121 -5.552176 0.618640 0.764717 0.180256 0.779930 -0.625428 -0.023412 0.094833 0.155071 -0.983341
1.724899 -4.422970 74.447862 -13.870139 -0.674285 -0.737916 -0.028620 0.738421 -0.674185 -0.014447 -0.008634 -0.030875 0.999486
2.139717 -4.654056 90.398951 -20.179725 -0.679044 -0.733225 -0.035782 0.732962 -0.674477 -0.088587 0.040820 -0.086381 0.995426
1.007185 -4.290647 58.896720 -17.069158 -0.692372 -0.720681 -0.035202 0.721479 -0.692126 -0.020742 -0.009416 -0.039759 0.999165
-6.067613 -12.839975 26.393967 -63.283684 0.167251 0.824946 0.539899 0.593470 -0.521526 0.613028 -0.787286 -0.217884 0.576807
-5.578389 -11.874887 3.414304 -92.124464 0.163966 0.792132 0.587914 0.415296 -0.596022 0.687232 -0.894788 -0.131475 0.426696
-5.719285 -12.687968 -45.154698 -63.128374 0.104379 0.729404 0.676073 0.565488 -0.602732 0.562972 -0.818125 -0.323549 0.475382
-30.273159 -346.121029 -1076.122424 7111.356666 0.865467 0.051408 0.498321 0.500377 -0.136935 -0.854910 -0.024288 -0.989245 0.144236
-115.469153 -1211.308848 -6005.744560 -74167.570455 0.881335 0.087329 0.464352 0.339153 -0.801183 -0.493033 -0.328975 -0.592013 0.735728
-8.598729 -270.858919 -847.688524 -11823.535012 0.824868 0.033421 0.564336 0.533145 0.286006 -0.796214 0.188014 -0.957645 -0.218099
-228.701587 -435.934658 5718.027803 16107.498989 -0.807430 -0.493519 -0.323257 -0.202460 0.746445 -0.633900 0.554135 -0.446383 -0.702621
0.378887 -12.952820 -6.209902 -5.724285 0.670002 0.721066 0.176523 -0.276732 0.021947 0.960697 -0.688852 0.692518 -0.214247
0.325122 -14.574327 -16.572299 60.610000 0.672188 0.722660 0.161015 -0.324722 0.092314 0.941293 -0.665371 0.685011 -0.296716
0.255686 -13.510906 -3.414928 -35.416642 0.672728 0.720367 0.168845 -0.175281 -0.066542 0.982267 -0.718828 0.690394 -0.081502
0.396906 -13.355737 1.252106 -49.248193 0.669502 0.721497 0.176661 -0.161041 -0.091189 0.982726 -0.725144 0.686387 -0.055140
-0.801336 -3.138590 -41.059660 -53.527236 0.459772 0.882595 -0.098165 -0.410533 0.309267 0.857797 -0.787447 0.354091 -0.504527
-0.852861 -2.263240 -38.985878 -49.962110 0.418811 0.907990 -0.012308 -0.496602 0.240364 0.834033 -0.760252 0.343190 -0.551577
0.172223 -2.509177 -57.696805 -47.597015 0.430190 0.900616 -0.061864 -0.456488 0.276145 0.845791 -0.778816 0.335611 -0.529916
-1.560599 -2.840680 -26.475517 -64.317358 0.470137 0.881376 -0.046335 -0.457546 0.288282 0.841157 -0.754733 0.374259 -0.538802
0.279068 -3.384430 -62.240465 -47.374721 0.442124 0.891861 -0.095446 -0.390524 0.287199 0.874647 -0.807476 0.349429 -0.475271
-1.458700 -3.806999 -23.898723 -53.925994 0.505082 0.852444 -0.135023 -0.351061 0.345835 0.870146 -0.788446 0.392094 -0.473935
-0.780343 -4.148743 -41.791855 -41.399681 0.474800 0.868394 -0.143029 -0.314397 0.319151 0.894034 -0.822022 0.379519 -0.424553
-1.434457 -15.122504 -26.104424 56.239708 0.487873 0.868088 -0.091675 -0.812810 0.413472 -0.410342 0.318308 -0.274709 -0.907312
-1.342493 -15.484705 -36.513421 -8.921411 0.490984 0.865862 -0.096007 -0.700931 0.327190 -0.633753 0.517330 -0.378456 -0.767555
-0.782878 -15.352144 -31.233069 6.217071 0.474291 0.872787 -0.115287 -0.728431 0.315514 -0.608144 0.494406 -0.372416 -0.785410
-3.127605 -240.735387 14.556833 -11499.692194 0.684041 -0.454636 0.570433 0.182920 0.863935 0.469208 -0.706136 -0.216614 0.674129
177.845772 -2743.699110 2571.035276 -179191.446659 0.880125 -0.212492 0.424532 -0.380149 -0.851095 0.362110 -0.284372 0.480087 0.829849
-4.419518 -421.610781 -121.647584 -25938.224427 0.662236 -0.479155 0.576067 0.582070 0.813107 0.007182 -0.471846 0.330555 0.817371
-4.420069 -220.490691 4.472154 10584.921136 0.647374 -0.535826 0.542031 0.731585 0.237406 -0.639079 0.213754 0.810265 0.545692
-1.605650 -374.646372 -184.219967 -16735.047199 0.684838 -0.371278 0.627016 -0.044674 0.837454 0.544678 -0.727324 -0.401028 0.556934
-6.397886 -233.631763 -22.530394 -11414.865446 0.641437 -0.487862 0.592072 0.523686 0.842422 0.126799 -0.560635 0.228727 0.795847
-1.987766 -342.259114 -43.135169 17126.058866 0.706074 -0.422739 0.568112 0.708128 0.425786 -0.563260 -0.003782 0.799999 0.599990
2.071320 -18.906317 -41.238999 567.612788 0.705944 -0.409394 0.577961 -0.266625 0.602384 0.752359 0.656166 0.685223 -0.316095
1.259488 -34.037089 -51.035404 1096.662689 0.733974 -0.347358 0.583631 -0.233265 0.678121 0.696950 0.637864 0.647683 -0.416697
1.601433 -27.859863 3.561953 760.891366 -0.705069 0.352074 -0.615567 -0.130076 0.789110 0.600321 0.697107 0.503338 -0.510580
2.144554 -22.358874 25.668662 509.326993 -0.681380 0.425684 -0.595411 -0.136992 0.724934 0.675058 0.718995 0.541538 -0.435641
5.837875 -11.176325 51.506217 -45.712678 0.385684 0.882975 -0.267590 -0.884838 0.436146 0.163825 -0.261362 -0.173589 -0.949504
5.537238 -10.988913 52.027482 20.630079 0.396072 0.867815 -0.300040 -0.777577 0.490787 0.393067 -0.488365 -0.077622 -0.869180
6.804197 -11.559997 27.014495 67.689173 0.383779 0.816413 -0.431490 -0.831323 0.508889 0.223457 -0.402014 -0.272949 -0.874004
7.501531 -12.341156 34.610052 9.831762 0.351786 0.843214 -0.406494 0.923273 -0.384137 0.002176 -0.154315 -0.376070 -0.913651
7.857527 -12.652228 17.655363 -96.963431 0.383810 0.751864 -0.536088 0.864061 -0.497197 -0.078697 -0.325711 -0.433008 -0.840486
6.222495 -10.902889 -4.702290 188.685651 0.395945 0.740074 -0.543616 -0.750612 0.601863 0.272659 -0.528970 -0.300086 -0.793813
-6.907319 -9.361948 28.442791 6.991626 0.808388 0.583482 0.077833 0.147924 -0.073378 -0.986273 0.569762 -0.808804 0.145628
-7.051254 -9.336593 -22.755534 42.442214 0.852997 0.468293 0.230430 0.215397 0.086287 -0.972707 0.475395 -0.879350 0.027266
-6.504600 -9.026141 22.041777 36.136463 0.811524 0.583517 0.030600 0.001680 0.050038 -0.998746 0.584316 -0.810558 -0.039627
9.720898 -4.915232 -274.439506 44.011969 0.876676 0.391616 -0.279422 -0.159734 -0.310919 -0.936918 0.453790 -0.866006 0.210020
10.886346 -6.156968 69.301993 52.654308 0.664271 0.668599 -0.334245 -0.138493 -0.329329 -0.934003 0.734550 -0.666722 0.126167
10.644849 -5.751421 43.707210 -28.586028 0.678510 0.613666 -0.403780 -0.232231 -0.342286 -0.910445 0.696917 -0.711516 0.089732
9.825283 -5.850697 -120.386666 48.721323 0.782585 0.580841 -0.224018 -0.007153 -0.351430 -0.936187 0.622502 -0.734248 0.270869
7.443650 -3.855020 -384.570116 29.823018 0.938996 0.191844 -0.285450 -0.224100 -0.288304 -0.930946 0.260892 -0.938124 0.227725
6.037015 -3.862652 -294.377563 34.729269 0.947297 0.224629 -0.228408 -0.149228 -0.321493 -0.935079 0.283478 -0.919883 0.271029
7.489003 -4.483308 -369.445587 40.472895 0.935170 0.319214 -0.153487 -0.039183 -0.337443 -0.940530 0.352024 -0.885570 0.303059
-1.016951 -3.206836 49.214666 -16.631544 -0.651488 0.045668 0.757283 0.396557 0.871465 0.288603 -0.646766 0.488328 -0.585859
-1.949195 -3.099106 53.477872 -10.091070 -0.721878 -0.133754 0.678971 0.224233 0.882999 0.412350 -0.654684 0.449914 -0.607426
-1.059276 -2.797312 34.012222 -10.692388 -0.665512 0.010532 0.746313 0.328097 0.902242 0.279842 -0.670408 0.431101 -0.603908
-1.911523 -3.493780 68.327833 -12.496803 -0.709327 -0.070818 0.701313 0.317880 0.855885 0.407939 -0.629133 0.512295 -0.584590
-0.751411 -3.611347 51.470023 -21.564051 -0.629117 0.084138 0.772744 0.473170 0.830170 0.294833 -0.616703 0.551124 -0.562086
0.038768 -3.351876 30.749970 -23.668075 -0.596107 0.145891 0.789540 0.498727 0.837924 0.221710 -0.629229 0.525927 -0.572251
-1.061721 -2.638373 -71.424557 64.499299 0.631771 0.774343 0.035474 -0.014416 0.057493 -0.998242 0.775021 -0.630148 -0.047486
-1.393671 -3.127840 -21.202032 66.195271 0.591472 0.790005 -0.161410 -0.119005 -0.112460 -0.986504 0.797495 -0.602699 -0.027498
-0.995551 -4.162974 -61.770387 78.933851 0.631674 0.774704 0.028676 0.036190 0.007482 -0.999317 0.774389 -0.632280 0.023310
-1.152630 -2.000402 -0.898640 59.297252 0.581757 0.786069 -0.208936 -0.185134 -0.122163 -0.975091 0.792013 -0.605947 -0.074459
-0.267001 -3.056858 -83.992290 64.202449 0.640504 0.760854 0.104194 0.045457 0.097876 -0.994160 0.766608 -0.641499 -0.028104
-0.579994 -1.578095 -47.016126 36.125986 0.627547 0.777223 0.045926 -0.037023 0.088710 -0.995369 0.777698 -0.622941 -0.084445
0.007608 -1.980616 -76.135281 37.647223 0.637428 0.757952 0.138539 0.037775 0.148844 -0.988139 0.769583 -0.635101 -0.066246
0.402274 -8.531951 20.508363 17.296385 0.622548 0.741272 0.250896 -0.761763 0.647456 -0.022745 0.179304 0.176964 -0.967747
0.481103 -9.254825 35.440758 10.747065 0.644191 0.717390 0.265272 0.758621 -0.643498 -0.102002 0.097527 0.266950 -0.958763
0.838703 -9.514256 39.965527 -4.805018 0.625452 0.736647 0.257218 0.765738 -0.642809 -0.021029 0.149851 0.210114 -0.966125
0.609394 -8.615124 44.131178 -39.524504 0.599226 0.758293 0.256750 -0.747216 0.644870 -0.160659 0.287397 0.095576 -0.953031
30.558990 -6.686240 -1408.789563 73.454703 0.696142 0.699499 0.161519 0.471523 -0.615160 0.631857 -0.541343 0.363702 0.758069
74.550943 -9.838117 -3583.181850 254.541931 0.711235 0.676866 0.189731 0.474896 -0.661657 0.580244 -0.518284 0.322587 0.792035
32.777293 -7.706924 -1486.941240 -138.848679 0.717210 0.666726 0.202699 -0.466970 0.675733 -0.570371 -0.517252 0.314421 0.795983
114.140980 -15.790512 -5349.939326 -371.745620 0.722812 0.600536 0.341907 -0.422153 0.775441 -0.469551 -0.547111 0.195060 0.814016
-0.761117 -4.971141 -23.170516 -27.702376 0.739015 0.648757 0.181579 -0.451940 0.677300 -0.580530 -0.499607 0.346958 0.793734
-0.116062 -5.466609 5.476847 -8.425514 0.656207 0.735769 0.167440 -0.558850 0.324777 0.763025 -0.507029 0.594276 -0.624306
0.081104 -5.682655 1.725901 29.281783 0.624036 0.755919 0.197901 0.639750 -0.348836 -0.684860 -0.448664 0.553985 -0.701286
-0.116817 -5.169676 5.118753 35.279602 0.609094 0.762832 0.217008 0.664319 -0.341258 -0.664999 -0.433226 0.549209 -0.714622
0.048908 -5.317187 -0.880808 34.242990 0.661508 0.734336 0.152175 -0.519833 0.302738 0.798826 -0.540538 0.607536 -0.581996
1.476985 -4.065381 -102.634126 31.057013 0.567348 -0.218737 -0.793895 0.806575 0.341940 0.482197 0.165990 -0.913910 0.370427
-0.111175 -5.637851 -130.056446 -64.112107 0.706149 -0.188693 -0.682458 -0.701337 -0.318936 -0.637500 0.097369 -0.928803 0.357554
-1.675363 -5.541671 -147.211942 48.980008 0.584538 -0.235298 -0.776499 0.789756 0.384409 0.478033 0.186013 -0.892673 0.410529
1.546251 -5.107235 -91.480337 -82.132240 0.723256 -0.146838 -0.674789 -0.683465 -0.292106 -0.668991 0.098877 -0.945046 0.311626
0.772113 -4.356246 -150.070698 14.267879 0.388482 -0.327063 -0.861459 0.888105 0.382143 0.255414 0.245664 -0.864290 0.438922
2.231524 -3.321822 -56.749989 5.353901 0.387250 -0.254459 -0.886165 0.886365 0.367298 0.281868 0.253763 -0.894618 0.367780
2.320311 -2.931568 2.209542 14.837607 0.522159 -0.099775 -0.846992 0.818524 0.337544 0.464847 0.239517 -0.936007 0.257919
2.486844 -3.614685 -34.176936 39.314467 0.648240 -0.090863 -0.755995 0.742884 0.293300 0.601746 0.167057 -0.951693 0.257629
-0.631356 -23.961008 6.708927 -657.704688 0.639380 0.764547 0.081617 0.740412 -0.640841 0.202762 -0.207324 0.069212 0.975821
-0.155430 -25.120966 -17.253143 -516.018499 -0.668581 -0.740727 -0.065745 0.743581 -0.667018 -0.046627 -0.009315 -0.080060 0.996746
-0.476159 -22.025516 22.288739 -615.111410 0.668000 0.741857 0.058521 0.721157 -0.664747 0.195049 -0.183600 0.088090 0.979046
-0.101350 -26.356689 15.115340 -389.685897 -0.648181 -0.755467 -0.095555 0.759365 -0.631906 -0.155114 0.056802 -0.173103 0.983264
-1.054875 -14.146490 12.896428 -414.475844 0.629073 0.774460 0.066922 0.692540 -0.597465 0.404258 -0.353065 0.207962 0.912193
-1.263643 -14.151219 2.935991 -420.345347 0.569429 0.819426 0.065504 0.710145 -0.530491 0.462896 -0.414059 0.217069 0.883989
-1.306029 -27.335332 28.642460 -874.286571 0.590064 0.803446 0.079363 0.748471 -0.581231 0.319315 -0.302681 0.129015 0.944320
-0.438386 -27.634254 -13.051366 -445.919894 -0.604003 -0.792220 -0.086996 0.796831 -0.598153 -0.085283 0.015526 -0.120832 0.992552
-0.824776 -14.229644 10.983866 -25.101620 0.515777 0.834585 0.193502 0.841273 -0.450686 -0.298567 -0.161971 0.316782 -0.934567
-0.549642 -14.230823 1.139253 -1.323067 0.495567 0.845360 0.199449 0.867493 -0.470298 -0.162097 -0.043230 0.253351 -0.966408
-0.810179 -14.213946 16.299000 22.657989 0.480351 0.852906 0.204487 0.873683 -0.485795 -0.026101 0.077077 0.191194 -0.978521
-0.544704 -7.214171 3.194444 -55.320469 0.650013 0.759043 -0.036564 0.543131 -0.497691 -0.676249 0.531499 -0.419712 0.735766
-0.550641 -7.866972 4.432778 -61.688021 0.615403 0.788025 -0.017218 0.551552 -0.446131 -0.704810 0.563089 -0.424246 0.709187
-0.364958 -6.834339 5.857079 -51.485821 0.646275 0.761413 -0.050784 0.588095 -0.539362 -0.602688 0.486285 -0.359636 0.796360
-0.427222 -7.813813 -6.537335 -60.745998 0.608565 0.793500 0.002422 0.603948 -0.461206 -0.650027 0.514679 -0.397047 0.759907
1.076184 -2.060071 -4.487020 -9.287556 0.689975 0.590017 -0.419303 -0.186107 -0.415201 -0.890490 0.699499 -0.692451 0.176672
1.264818 -2.271197 -12.051477 -5.593732 0.681890 0.585853 -0.437952 -0.225669 -0.401033 -0.887832 0.695772 -0.704236 0.141252
0.885534 -2.240712 -0.393122 -4.826605 0.694052 0.575901 -0.432008 -0.222086 -0.399536 -0.889409 0.684814 -0.713239 0.149399
1.678862 -2.344034 -26.619779 -2.088278 0.682433 0.618063 -0.390235 -0.177035 -0.378221 -0.908629 0.709185 -0.689164 0.148692
0.962096 -1.787722 3.867746 -16.929324 0.700498 0.572104 -0.426613 -0.168441 -0.448354 -0.877842 0.693491 -0.686786 0.217705
0.895436 -1.750802 -7.626305 -21.856171 0.697638 0.614741 -0.367959 -0.111611 -0.414065 -0.903379 0.707703 -0.671300 0.220256
1.359659 -2.125747 -21.324603 -16.465907 0.687197 0.639022 -0.345558 -0.106284 -0.382113 -0.917983 0.718654 -0.667563 0.194669
2.214118 -59.687368 47.804104 -612.181121 0.907801 0.335253 0.251997 -0.373074 0.371004 0.850395 -0.191605 0.866003 -0.461872
2.418778 -51.288482 101.686136 -155.306341 0.904389 0.342001 0.255178 -0.396112 0.450512 0.800084 -0.158668 0.824666 -0.542909
1.408081 -61.595832 8.938036 -740.034652 0.896562 0.369007 0.244968 -0.439428 0.671777 0.596338 -0.055489 0.642300 -0.764442
1.139372 -60.439742 18.895550 -1039.113636 0.907723 0.323213 0.267528 -0.419495 0.687176 0.593138 -0.007871 0.650632 -0.759352
0.894664 -55.594322 43.120943 -424.475977 0.924559 0.285979 0.251808 -0.342975 0.336670 0.876938 -0.166010 0.897145 -0.409355
0.170673 -24.752245 29.397068 -544.970706 -0.742644 -0.630734 -0.225065 -0.476277 0.733702 -0.484604 0.470787 -0.252695 -0.845284
0.114463 -16.426393 22.737278 -133.220895 -0.798895 -0.517652 -0.306273 -0.231295 0.734453 -0.638029 0.555221 -0.438879 -0.706481
0.219489 -24.068428 -3.443752 -490.379900 -0.772865 -0.572660 -0.273387 -0.339655 0.737230 -0.584061 0.536017 -0.358542 -0.764286
3.162552 -5.916032 -3.071922 -24.200769 0.591176 0.804697 0.054532 -0.610057 0.490361 -0.622397 0.527581 -0.334678 -0.780800
2.689613 -5.964467 -45.436648 -23.968989 0.600677 0.799032 -0.027096 -0.625792 0.448810 -0.637929 0.497565 -0.400146 -0.769618
2.669770 -5.730606 1.889038 -13.052410 0.587615 0.808292 0.037042 -0.560068 0.439347 -0.702352 0.583979 -0.391967 -0.710866
1.805046 -1.448331 48.085818 54.119155 0.360260 0.834812 0.416296 -0.692147 -0.059980 0.719260 -0.625416 0.547259 -0.556204
2.385042 -1.814521 64.844940 27.329722 0.431709 0.842149 0.323129 -0.673999 0.063098 0.736033 -0.599461 0.535540 -0.594847
1.466080 -2.713193 37.365977 11.557811 0.477847 0.825821 0.299469 -0.660510 0.113025 0.742261 -0.579128 0.552489 -0.599472
1.265551 -1.773345 16.452765 54.623427 0.372009 0.825700 0.424062 -0.684142 -0.064862 0.726459 -0.627343 0.560368 -0.540767
1.513425 -3.221475 66.758597 -24.153058 0.542102 0.806795 0.234962 0.646109 -0.221413 -0.730424 -0.537279 0.547775 -0.641306
0.830230 -3.440837 12.692009 12.080543 0.558791 0.803598 0.204898 -0.623042 0.243730 0.743246 -0.547331 0.542979 -0.636870
0.861150 -3.129570 1.574968 12.362862 0.500658 0.819624 0.278493 -0.635422 0.129488 0.761230 -0.587861 0.558077 -0.585636
-0.333723 -10.144651 22.760801 -24.582454 0.405006 0.907891 0.108189 0.101287 0.073049 -0.992172 0.908687 -0.412793 0.062372
0.054923 -10.453916 24.845326 -61.221678 0.403793 0.906454 0.123663 0.102212 0.089627 -0.990717 0.909123 -0.412684 0.056460
-0.167004 -9.917468 56.492996 -25.718413 0.384891 0.917329 0.101817 0.256340 -0.000270 -0.966587 0.886650 -0.398131 0.235252
-0.374108 -9.659861 37.396910 -10.469804 0.390902 0.914748 0.102135 0.259241 -0.002947 -0.965808 0.883170 -0.404014 0.238292
-0.579018 -9.961345 -4.362564 21.144771 0.440157 0.893534 0.088652 0.096516 0.051077 -0.994020 0.892718 -0.446082 0.063758
-199.976396 -585.235092 -8976.469725 20819.735200 0.985897 -0.148661 0.076854 -0.047286 -0.687981 -0.724186 -0.160532 -0.710339 0.685308
-80.320035 -222.661006 -3275.302179 487.497306 0.859894 0.464323 0.212099 0.228049 0.022307 -0.973394 0.456701 -0.885385 0.086707
-65.164854 -413.684945 -5387.784838 5783.219227 0.680272 -0.464675 -0.566840 0.487466 0.864356 -0.123554 0.547364 -0.192265 0.814510
111.369911 -805.037432 -52715.988025 -78730.942970 0.973416 -0.223300 -0.050980 -0.209144 -0.957287 0.199653 0.093385 0.183684 0.978540
108.616206 -66.836681 3580.995445 4736.461627 0.600073 -0.575543 0.555575 -0.403818 0.381584 0.831460 0.690539 0.723287 0.003436
-3.211110 -27.911469 60.821161 -1393.809512 0.778593 -0.596724 0.194197 0.617427 0.783758 -0.067133 0.112143 -0.172172 -0.978663
-5.458636 -29.934596 95.929287 -1360.810007 0.789088 -0.593242 0.159385 0.608410 0.790566 -0.069594 0.084718 -0.151887 -0.984760
-3.399562 -91.528213 -68.453418 -3668.220915 -0.783843 0.590951 -0.190702 0.591858 0.803918 0.058481 0.187868 -0.067029 -0.979904
-2.008009 -30.180816 65.032145 -1315.642030 0.809552 -0.547707 0.211287 0.572140 0.816716 -0.075045 0.131458 -0.181639 -0.974539
-1.510775 -67.874510 -62.146490 -2605.498673 -0.780883 0.598789 -0.177971 0.574257 0.800239 0.172762 0.245867 0.032706 -0.968752
-3.418490 -34.295972 -109.152083 -392.848165 -0.773191 0.612254 -0.165290 0.382065 0.657745 0.649152 0.506164 0.438767 -0.742483
-8.264332 -11.134408 -33.432669 -173.173861 0.155263 0.969655 0.188847 0.931685 -0.080180 -0.354309 0.328415 -0.230957 0.915861
-6.580255 -9.904005 43.180043 -86.788577 -0.661366 -0.749076 -0.038467 0.695257 -0.592990 -0.406178 0.281448 -0.295377 0.912984
-5.412697 -9.121907 -63.024727 -33.887814 0.979415 0.076547 0.186780 0.184333 -0.716267 -0.673040 -0.082265 -0.693615 0.715633
-6.077598 -9.724744 -58.496491 -55.292697 0.952016 0.188931 0.240772 0.306048 -0.590154 -0.747029 -0.000956 -0.784871 0.619658
-6.359766 -9.376873 -76.547848 -34.572230 0.962077 0.200837 0.184590 0.272759 -0.700007 -0.659994 0.003337 -0.685314 0.728241
-2.266105 -4.852664 122.908752 -44.523982 0.763927 0.558933 -0.322505 -0.159570 0.647872 0.744848 0.625262 -0.517548 0.584116
0.654294 -4.879537 145.664775 -34.668073 0.729547 0.605022 -0.318920 -0.218926 0.648354 0.729183 0.647945 -0.462154 0.605460
-1.469211 -7.703426 1.440125 68.391431 0.735622 0.571632 0.363452 -0.440820 0.811362 -0.383887 -0.514333 0.122179 0.848843
-1.643858 -8.478583 4.965360 36.026332 0.733284 0.578732 0.356881 -0.526659 0.815432 -0.240211 -0.430030 -0.011812 0.902737
-1.639984 -8.793452 16.709271 32.238772 0.741705 0.591270 0.316660 -0.562862 0.805451 -0.185566 -0.364774 -0.040600 0.930210
-0.673273 -6.234578 11.076923 10.680608 0.810770 0.554440 0.187743 -0.481148 0.813885 -0.325713 -0.333389 0.173746 0.926641
-0.836517 -7.089129 -12.808129 19.532790 0.779803 0.598714 0.182889 -0.562341 0.798296 -0.215629 -0.275100 0.065302 0.959195
-0.929869 -7.095322 -20.032689 7.834142 0.784306 0.595414 0.174200 -0.554120 0.798622 -0.234850 -0.278953 0.087667 0.956295
-0.063234 -5.492926 8.213146 14.353514 0.784490 0.617273 0.059572 0.441402 -0.623274 0.645518 -0.435591 0.480107 0.761418
-0.081900 -5.403259 10.378207 10.628080 0.798390 0.596617 0.081370 0.396927 -0.623083 0.673956 -0.452794 0.505782 0.734277
-0.154049 -5.721176 5.446641 -19.936639 0.787258 0.612612 0.070225 0.460462 -0.659804 0.593830 -0.410122 0.435161 0.801520
-0.263948 -6.416230 -3.592287 -71.021802 0.779166 0.622750 0.071296 0.495621 -0.681718 0.538164 -0.383746 0.383983 0.839819
-0.165755 -6.212742 6.451426 -47.264172 0.778323 0.625704 0.052033 0.491333 -0.658574 0.569976 -0.390904 0.418060 0.820012
0.523232 -22.709343 -1.285845 18.669786 0.544553 0.836682 0.058532 -0.716942 0.428131 0.550181 -0.435267 0.341567 -0.832992
0.214620 -26.257437 9.070991 69.292305 0.571287 0.820015 0.034720 -0.617396 0.401485 0.676485 -0.540789 0.407903 -0.735638
0.417849 -27.043701 6.940069 66.256539 0.527065 0.846366 0.076600 -0.802647 0.466164 0.372088 -0.279214 0.257597 -0.925031
0.383710 -22.076316 2.011618 35.729751 0.587540 0.809086 0.013285 -0.485526 0.339349 0.805672 -0.647350 0.479814 -0.592213
0.799004 -23.350934 0.690131 15.388384 0.499376 0.862020 0.086861 0.849501 -0.467481 -0.244561 -0.170211 0.195916 -0.965735
0.787120 -20.892556 -5.082020 -55.187513 0.511120 0.853954 0.097562 0.824732 -0.455308 -0.335426 -0.242018 0.251905 -0.937001
1.502508 -4.057942 2.234162 -9.756497 -0.499637 -0.860689 0.097862 0.860147 -0.479578 0.173645 -0.102522 0.170935 0.979934
1.211704 -4.239814 -21.563077 -7.616238 -0.439579 -0.884520 0.156191 0.895515 -0.418140 0.152353 -0.069449 0.206842 0.975906
2.140432 -4.329279 0.408732 -6.960815 -0.495664 -0.860993 0.114054 0.868269 -0.488109 0.088650 -0.020656 0.142970 0.989511
0.930511 -3.967387 -2.266343 -13.509291 -0.422217 -0.895250 0.142334 0.894252 -0.385630 0.227164 -0.148480 0.223195 0.963399
2.080987 -4.104181 21.721455 -2.886081 -0.544719 -0.835709 0.069796 0.836811 -0.536197 0.110634 -0.055034 0.118671 0.991407
1.464071 -4.119095 1.996343 -3.107652 -0.592902 -0.803634 0.051374 0.798081 -0.577901 0.170576 -0.107391 0.142135 0.984004
0.879963 -3.906966 -2.679816 -11.303451 -0.503827 -0.858424 0.096263 0.845366 -0.467098 0.259184 -0.177526 0.211962 0.961019
1.211927 -3.965810 -10.143708 -4.760695 -0.579306 -0.812717 0.062424 0.798645 -0.550621 0.242863 -0.163007 0.190547 0.968050
-0.954701 -3.314300 -38.144714 36.757871 0.986479 0.097472 0.131752 0.153947 -0.826852 -0.540941 -0.056213 -0.553909 0.830677
-0.558987 -5.167453 -61.165095 102.676076 0.995488 0.024850 0.091573 0.067189 -0.866069 -0.495388 -0.066998 -0.499306 0.863832
0.770087 -10.525942 41.166406 63.438213 0.834004 0.477405 0.276625 -0.241198 -0.135461 0.960975 -0.496246 0.868179 -0.002174
1.043940 -10.955457 26.748848 3.902575 0.819768 0.493190 0.291108 -0.366458 0.061110 0.928425 -0.440101 0.867772 -0.230830
0.575393 -10.714678 38.493033 23.936822 0.829979 0.472095 0.297088 -0.333250 -0.007427 0.942809 -0.447302 0.881517 -0.151161
1.046981 -18.721051 -40.353354 -38.106964 0.613619 0.768597 0.180916 -0.536358 0.573878 -0.618858 0.579476 -0.282707 -0.764385
0.424505 -20.582870 -70.194560 53.761320 0.622674 0.762691 0.174870 -0.567845 0.594203 -0.569628 0.538358 -0.255393 -0.803085
0.860948 -20.691487 -29.657377 44.774944 0.604703 0.780847 0.156886 -0.422346 0.481387 -0.768043 0.675247 -0.398178 -0.620883
-1.239172 -21.592983 -117.517608 124.211122 0.643695 0.744561 0.176877 -0.580115 0.625478 -0.521769 0.499122 -0.233251 -0.834549
-0.150717 -22.985277 -68.670156 96.299471 0.629049 0.755796 0.181850 -0.410058 0.521352 -0.748361 0.660416 -0.396187 -0.637876
-5.780086 -12.878485 24.795141 -71.455869 0.203533 0.868576 0.451830 0.555122 -0.482518 0.677507 -0.806482 -0.112926 0.580374
-5.187065 -11.183704 11.942684 -120.748534 0.205161 0.852956 0.479974 0.317570 -0.521887 0.791696 -0.925774 0.010000 0.377944
-4.765065 -10.327648 -21.321831 -114.193441 0.146718 0.746089 0.649481 0.211140 -0.665076 0.716306 -0.966382 -0.032036 0.255107
2.686537 -1.561557 -156.363013 7.722585 0.132687 0.991158 0.000010 -0.735116 0.098417 -0.670760 0.664830 -0.088994 -0.741674
-0.649696 -3.510140 -307.536561 211.833902 0.476620 0.847574 0.233347 -0.617085 0.511611 -0.597879 0.626130 -0.140967 -0.766870
3.242311 -5.193015 -95.920060 423.304790 0.229308 0.949888 0.212440 -0.753589 0.311392 -0.578911 0.616053 0.027344 -0.787230
-1.496570 -10.737885 -210.959136 -585.694025 0.557394 0.766605 0.318792 -0.459849 0.604754 -0.650239 0.691268 -0.215843 -0.689609
0.319054 -21.556685 -4.753689 -1379.538694 0.483437 0.816548 0.315498 -0.467096 0.545438 -0.695931 0.740345 -0.189071 -0.645091
-32.344837 -460.895840 -1615.944677 2461.405520 0.875433 -0.051112 0.480629 0.061630 0.998080 -0.006115 -0.479393 0.034975 0.876903
-0.559563 -4.814009 -36.335700 -61.805897 -0.438632 0.796384 0.416382 -0.513551 -0.602356 0.611091 -0.737474 -0.054210 -0.673197
-1.516492 -5.416814 -24.421926 -36.856115 -0.346257 0.870195 0.350523 -0.509703 -0.488180 0.708437 -0.787597 -0.066638 -0.612577
-1.094393 -4.591080 -38.185008 -60.126628 -0.392100 0.836811 0.382107 -0.573216 -0.547121 0.609985 -0.719500 -0.020145 -0.694200
-0.917742 -5.404857 -28.465191 -29.653639 -0.399404 0.837100 0.373818 -0.443325 -0.533263 0.720481 -0.802458 -0.122040 -0.584095
0.018528 -14.021059 24.092408 52.782348 0.687136 0.700681 0.192069 -0.257717 -0.012103 0.966145 -0.679284 0.713372 -0.172261
0.726936 -20.699408 -6.229764 364.284043 0.691345 0.702100 0.170578 -0.409115 0.185802 0.893366 -0.595539 0.687410 -0.415693
-0.125965 -1.627753 -42.279391 -30.435312 0.398049 0.917279 0.012513 -0.520126 0.214429 0.826734 -0.755662 0.335589 -0.562454
-1.013947 -1.557312 -33.899652 -22.199537 0.214734 0.935348 0.281092 -0.634064 -0.085399 0.768551 -0.742868 0.343264 -0.574732
-1.483752 -1.945807 -28.579766 -28.227318 0.235046 0.926817 0.292855 -0.632762 -0.082802 0.769907 -0.737811 0.366271 -0.566992
-6.932631 -133.520968 119.558581 -5042.035261 0.694448 -0.613948 0.375246 -0.557261 -0.128985 0.820258 0.455195 0.778737 0.431702
1.127244 -15.243910 -53.277405 460.594472 0.725807 -0.387260 0.568537 -0.353991 0.498388 0.791391 0.589826 0.775654 -0.224647
0.333603 -32.844531 -53.608365 1304.740282 0.738931 -0.356837 0.571531 -0.334549 0.541985 0.770927 0.584857 0.760867 -0.281110
4.985193 -11.529162 52.197553 -63.664206 0.414656 0.886947 -0.203434 -0.817094 0.461306 0.345766 -0.400521 -0.022851 -0.916002
4.746192 -11.754835 56.562394 8.967498 0.411010 0.889103 -0.201414 -0.710107 0.450790 0.540866 -0.571680 0.079276 -0.816638
4.708906 -10.562069 34.683021 25.196197 0.368194 0.890659 -0.266757 -0.679788 0.453623 0.576294 -0.634289 0.030849 -0.772480
5.081294 -9.154128 -14.916821 45.038837 0.345740 0.859046 -0.377497 -0.683289 0.506222 0.526170 -0.643101 -0.076021 -0.761998
-7.310585 -9.766957 -5.486429 25.063388 0.833697 0.505494 0.222316 0.304728 -0.085384 -0.948604 0.460532 -0.858595 0.225223
11.862106 -7.206837 292.407229 -5.462875 0.488045 0.782695 -0.386264 -0.186371 -0.338890 -0.922182 0.852688 -0.522055 0.019522
11.356513 -7.757343 193.849325 51.481650 0.509432 0.786777 -0.348512 -0.058243 -0.372551 -0.926182 0.858538 -0.492125 0.143965
-1.906893 -2.794354 37.147119 -2.715405 -0.741271 -0.290561 0.605055 0.058120 0.870273 0.489129 -0.668684 0.397744 -0.628221
-2.608078 -3.451470 -21.626249 35.409898 0.689550 0.682192 -0.243176 -0.350002 0.607847 0.712756 -0.634050 0.406369 -0.657910
-2.762100 -3.554183 40.819052 13.988628 -0.779381 -0.453369 0.432460 -0.082144 0.758204 0.646823 -0.621143 0.468597 -0.628171
-0.741469 -10.107614 8.032019 44.678202 0.661075 0.714225 0.229918 0.715455 -0.507712 -0.479950 -0.226060 0.481779 -0.846632
-0.725230 -10.565125 3.731582 48.244162 0.675104 0.703069 0.223445 0.701188 -0.517394 -0.490549 -0.229281 0.487849 -0.842279
-0.604053 -9.709450 11.800127 51.804190 0.641321 0.726526 0.246714 0.761705 -0.564190 -0.318583 -0.092266 0.392237 -0.915225
-0.835938 -10.553537 4.937380 -12.187167 0.690067 0.693545 0.206886 -0.627071 0.430215 0.649382 -0.361371 0.577849 -0.731780
-0.614499 -9.221347 3.343243 46.127415 0.622703 0.747015 0.232830 0.771683 -0.537097 -0.340634 -0.129406 0.391785 -0.910911
-0.745943 -9.513884 -11.052668 26.164043 0.637469 0.743692 0.201383 0.720886 -0.483450 -0.496588 -0.271950 0.461734 -0.844301
-0.838845 -10.022924 -6.234479 -13.866441 0.668047 0.716799 0.199781 -0.660756 0.447952 0.602279 -0.342220 0.534357 -0.772883
166.161088 -5.341799 -7052.988379 73.873341 0.547349 0.834032 -0.069282 0.629870 -0.356021 0.690299 -0.551065 0.421473 0.720200
85.646187 -5.051897 -3735.676374 245.178992 0.718218 0.685054 -0.121916 0.579959 -0.492558 0.648872 -0.384462 0.536737 0.751067
-0.240618 -4.676834 11.641359 32.615495 0.588788 0.771690 0.240466 0.686262 -0.320083 -0.653139 -0.427052 0.549583 -0.718042
-0.096571 -4.487242 14.216822 24.173309 0.539161 0.792086 0.286191 0.762974 -0.315486 -0.564216 -0.356618 0.522560 -0.774438
-0.169407 -4.146825 5.639148 20.561796 0.529984 0.797160 0.289228 0.761271 -0.296983 -0.576426 -0.373608 0.525677 -0.764251
-0.248179 -4.324835 -3.685550 24.881979 0.562633 0.786888 0.253479 0.710489 -0.303486 -0.634903 -0.422671 0.537311 -0.729826
-2.194460 -6.983154 -143.502209 -97.963858 0.788094 -0.143565 -0.598579 -0.608975 -0.323640 -0.724159 0.089761 -0.935225 0.342486
-0.770140 -7.830100 -101.633475 -128.603268 0.839474 -0.110416 -0.532064 -0.542206 -0.235072 -0.806693 0.036001 -0.965686 0.257205
0.267492 -28.278651 -24.209171 -676.984984 -0.680810 -0.728900 -0.072134 0.731318 -0.670946 -0.122499 0.040892 -0.136151 0.989844
0.599430 -25.986448 -4.540672 -21.776189 -0.674506 -0.733015 -0.087926 0.690988 -0.584879 -0.424796 0.259956 -0.347283 0.901009
-0.253222 -14.553113 18.360647 -19.724714 0.506020 0.830844 0.231606 0.855897 -0.450476 -0.253990 -0.106693 0.326755 -0.939067
-0.245762 -14.895118 14.743240 46.452944 0.491197 0.840145 0.229960 0.866752 -0.497621 -0.033364 0.086402 0.215707 -0.972628
-0.526563 -13.994443 4.330681 19.725819 0.476803 0.854951 0.204250 0.867427 -0.495239 0.048048 0.142231 0.154262 -0.977739
0.494689 -2.530971 -11.594898 -10.902965 0.735242 0.589973 -0.333694 -0.153860 -0.334193 -0.929862 0.660111 -0.735015 0.154939
0.550549 -2.663783 -6.470227 -26.528031 0.711802 0.590938 -0.379646 -0.200840 -0.346705 -0.916220 0.673054 -0.728415 0.128102
-0.148113 -3.484328 -13.046058 -56.165113 0.759008 0.622820 -0.189745 -0.068080 -0.213912 -0.974478 0.647513 -0.752554 0.119959
0.068156 -3.100730 -21.953861 -40.756714 0.769514 0.625227 -0.130151 -0.000681 -0.202994 -0.979180 0.638629 -0.753582 0.155781
0.558281 -2.328492 -15.078160 -7.008816 0.749233 0.598700 -0.283210 -0.091177 -0.330302 -0.939461 0.656001 -0.729698 0.192885
1.765177 -60.506060 56.255763 -101.261982 0.882827 0.392271 0.258339 -0.466768 0.671368 0.575667 -0.052377 0.628799 -0.775802
2.377084 -66.265975 188.910646 26.186450 0.878799 0.387834 0.278024 -0.429390 0.388519 0.815278 -0.208175 0.835846 -0.507962
1.500599 -67.179239 99.025049 -419.033798 0.836258 0.472868 0.277613 -0.545081 0.661798 0.514693 -0.059658 0.581738 -0.811185
4.055421 -76.088150 51.490610 83.343103 0.801100 0.540287 0.257542 -0.503217 0.375022 0.778545 -0.324054 0.753292 -0.572312
5.903314 -117.932777 190.002854 4950.826534 0.834505 0.414444 0.363096 -0.342917 -0.125162 0.930990 -0.431289 0.901427 -0.037671
-7.281015 -11.375233 172.597011 236.237552 0.245428 0.945904 -0.212205 -0.708081 0.025410 -0.705674 0.662108 -0.323450 -0.676013
-4.295124 -15.584545 -97.747626 -312.630162 -0.721735 0.231251 -0.652397 0.310716 0.950478 -0.006830 0.618510 -0.207640 -0.757847
25.634813 -103.285951 1544.149181 5064.030117 0.402863 0.906447 0.126712 -0.589293 0.362817 -0.721871 0.700311 -0.216144 -0.680328
0.376533 -11.531736 59.120002 -304.900120 -0.722151 0.215304 -0.657375 0.266782 0.963494 0.022494 0.638221 -0.159132 -0.753227
5.492666 -27.914014 -873.632982 -619.729918 -0.369966 0.424525 -0.826380 0.538112 0.823014 0.181886 0.757337 -0.377393 -0.532930
2.840310 -9.630698 -525.606495 355.492915 0.057981 0.906349 -0.418532 -0.676688 -0.272551 -0.683966 0.733984 -0.322873 -0.597512
0.242403 -24.976312 -433.066675 -714.739472 -0.464531 -0.253954 -0.848362 -0.183753 0.964790 -0.188190 0.866283 0.068469 -0.494840
2.546961 -0.520696 44.049284 79.782351 0.328650 0.848094 0.415602 -0.686246 -0.087899 0.722039 -0.648888 0.522504 -0.553113
0.597949 -9.950363 18.957980 -48.059814 0.421056 0.897435 0.131617 0.180542 0.059280 -0.981779 0.888885 -0.437147 0.137065
0.332367 -9.917633 27.054726 -19.517983 0.411805 0.904725 0.109034 0.276569 -0.010077 -0.960941 0.868289 -0.425876 0.254369
0.585971 -10.720965 23.210215 -61.971053 0.419634 0.895386 0.148969 0.040732 0.145377 -0.988537 0.906779 -0.420892 -0.024535
-0.491422 -6.121672 -4.601307 19.268116 0.624365 0.776775 0.082400 -0.618810 0.556235 -0.554686 0.476700 -0.295336 -0.827970
-0.497613 -5.603521 0.019081 33.195943 0.606661 0.791582 0.073213 -0.689791 0.569944 -0.446489 0.395160 -0.220366 -0.891789
-0.682040 -5.499042 -7.816475 34.450356 0.629419 0.771851 0.089877 -0.680001 0.603076 -0.417011 0.376073 -0.201358 -0.904447
-0.668251 -5.865640 -13.990667 32.108539 0.648879 0.754119 0.101296 -0.634997 0.610044 -0.473946 0.419207 -0.243211 -0.874708
