13476
26940
-6.696162 -9.055473 -36.822777 -151.058261 0.066993 0.973839 0.217140 0.997219 -0.072476 0.017377 0.032660 0.215372 -0.975986
-6.699956 -9.472483 73.389092 -105.184962 -0.346309 0.916355 0.200906 0.930679 0.308671 0.196362 0.117924 0.254981 -0.959729
-8.146547 -11.015598 -31.502611 -150.789138 0.224501 0.931523 0.286120 0.949471 -0.275184 0.150927 0.219327 0.237780 -0.946233
-5.830066 -9.325908 25.045761 -73.955118 -0.579498 0.789160 0.203491 0.806119 0.518341 0.285471 0.119804 0.329468 -0.936535
-5.064503 -13.069222 -134.304907 -305.137796 0.368289 0.912884 0.176087 0.922964 -0.381776 0.048836 0.111808 0.144536 -0.983162
-3.788048 -11.064147 -132.725991 -299.926558 0.286072 0.952750 0.102125 0.957929 -0.281788 -0.054477 -0.023125 0.113412 -0.993279
-5.577623 -7.610378 -47.743285 -133.588912 0.042859 0.983764 0.174272 0.995853 -0.028053 -0.086549 -0.080255 0.177259 -0.980887
-5.210555 -8.232133 12.033141 -121.068861 -0.694635 0.689879 0.203836 0.718348 0.680271 0.145632 -0.038195 0.247587 -0.968113
0.311846 -9.868942 200.432164 -143.509180 -0.126976 0.988484 0.082317 -0.958610 -0.100968 -0.266220 0.254843 0.112714 -0.960391
-1.795577 -7.900109 116.160467 -311.925733 -0.228010 0.973569 -0.013192 -0.912254 -0.218346 -0.346579 0.340299 0.066989 -0.937928
-1.710249 -10.269229 73.685714 -51.987080 -0.169109 0.985597 0.000853 -0.975008 -0.167165 -0.146341 0.144090 0.025579 -0.989234
-1.180902 -11.113766 79.442332 -70.376695 -0.086436 0.994375 0.061215 0.996250 0.086037 0.009129 0.003811 0.061774 -0.998083
1.263947 -11.170071 -58.935161 -33.840012 0.381085 0.840444 -0.385264 -0.701744 0.534246 0.471314 -0.601939 -0.090746 -0.793369
0.722901 -11.770179 -17.894130 -5.454124 0.313846 0.877703 -0.362129 -0.711302 0.469984 0.522651 -0.628927 -0.093551 -0.771815
0.553457 -10.464956 -33.896754 -100.829852 0.324972 0.875495 -0.357633 -0.807838 0.453599 0.376360 -0.491723 -0.166603 -0.854665
1.901506 -11.487372 -66.045560 120.564377 0.404589 0.817677 -0.409526 -0.554664 0.575454 0.600999 -0.727087 0.016009 -0.686359
2.937750 -9.724224 -128.362643 -103.535368 0.385810 0.831999 -0.398659 -0.755046 0.533058 0.381778 -0.530148 -0.153712 -0.833856
3.284176 -10.465942 -84.020484 -1.025013 0.453850 0.797163 -0.398185 -0.624337 0.603310 0.496206 -0.635786 -0.023399 -0.771510
2.339499 -11.707223 167.491067 360.122846 -0.624211 0.651099 0.431775 -0.123066 -0.627715 0.768654 -0.771502 -0.426665 -0.471955
1.401011 -11.901224 63.286490 434.529424 -0.607654 0.690639 0.392141 -0.123093 -0.569687 0.812591 -0.784604 -0.445505 -0.431186
1.651636 -7.264471 127.734097 421.481403 -0.620252 0.620760 0.479525 0.029313 -0.592555 0.804997 -0.783855 -0.513357 -0.349336
4.300263 -4.777242 245.761761 -336.315453 -0.645233 0.572167 0.506260 -0.056621 0.625021 -0.778552 -0.761885 -0.531013 -0.370888
2.263738 -2.173844 70.104641 -320.298253 -0.633095 0.522822 0.570831 -0.167266 0.627616 -0.760342 -0.755786 -0.576849 -0.309891
5.956508 -6.754195 218.053526 195.192482 0.730942 0.502394 -0.461871 0.637167 -0.260003 0.725546 -0.244422 0.824621 0.510156
3.327223 -7.562654 187.822105 195.417234 0.771143 0.432884 -0.466851 0.608736 -0.286533 0.739823 -0.186489 0.854699 0.484470
4.406723 -4.742997 154.693138 119.613141 0.761138 0.477783 -0.438626 0.616354 -0.322273 0.718504 -0.201932 0.817229 0.539778
4.699800 -3.015206 102.735576 61.111686 0.765504 0.500941 -0.403809 0.611388 -0.370719 0.699122 -0.200519 0.782065 0.590056
5.674118 -3.834773 -116.523914 118.011839 -0.673421 -0.586929 0.449465 0.689547 -0.279514 0.668129 -0.266513 0.759859 0.592946
-3.924982 -5.767586 -268.547657 -81.503159 -0.239748 0.866988 -0.436867 0.967903 0.178512 -0.176908 -0.075391 -0.465258 -0.881959
-4.421962 -7.212081 100.915779 -83.392265 -0.421665 0.852254 -0.309614 0.906620 0.390456 -0.159951 -0.015428 -0.348148 -0.937313
-4.544092 -7.317478 -238.293862 -109.192074 -0.546720 0.743458 -0.385186 0.836710 0.502576 -0.217563 0.031836 -0.441235 -0.896827
-2.956282 -5.975045 -538.502036 -85.793008 -0.327685 0.802806 -0.498122 0.944568 0.267035 -0.191005 -0.020324 -0.533100 -0.845808
-4.992478 -17.507470 27.689652 -408.883521 0.008854 0.976977 -0.213161 -0.461018 -0.185174 -0.867855 0.887347 -0.105955 -0.448764
-4.288839 -11.617705 30.864508 -355.334863 0.016637 0.982829 -0.183769 -0.238667 -0.174578 -0.955280 0.970959 -0.059753 -0.231664
-4.725320 -16.438722 8.676342 -449.286320 0.085594 0.941607 -0.325654 -0.390424 -0.269014 -0.880455 0.916648 -0.202505 -0.344600
-5.397851 -22.638369 1.717210 -463.819672 0.075585 0.931197 -0.356595 -0.643917 -0.227472 -0.730498 0.761352 -0.284832 -0.582420
-5.683110 -22.185601 18.979632 -336.023688 0.003149 0.968219 -0.250083 -0.711201 -0.173637 -0.681207 0.702981 -0.180004 -0.688052
-0.414407 -16.234628 -6.215352 -129.598444 -0.210989 0.837806 -0.503552 -0.424861 0.385343 0.819148 -0.880327 -0.386771 -0.274648
-0.374883 -15.181275 -1.510730 -45.147395 -0.186673 0.836178 -0.515713 -0.599417 0.318964 0.734140 -0.778366 -0.446171 -0.441677
-0.369007 -17.298035 1.649557 -133.000819 -0.202878 0.842893 -0.498370 -0.437348 0.377371 0.816283 -0.876109 -0.383567 -0.292077
-0.439932 -18.084352 -2.765195 -132.587904 -0.211712 0.850730 -0.481079 -0.229055 0.435336 0.870641 -0.950111 -0.294519 -0.102698
-0.426092 -16.641742 -5.485901 -72.007846 -0.198378 0.849400 -0.489045 -0.251357 0.438185 0.863026 -0.947347 -0.294130 -0.126576
-0.512496 -4.401320 64.893300 43.745400 0.048440 0.879795 -0.472880 -0.581568 0.409750 0.702769 -0.812055 -0.240969 -0.531508
-0.936978 -4.814253 62.629787 41.590064 0.080854 0.852019 -0.517229 -0.626074 0.447195 0.638786 -0.775560 -0.272175 -0.569585
-1.053857 -4.196857 46.081252 41.558635 0.054168 0.866655 -0.495958 -0.566328 0.435740 0.699574 -0.822398 -0.242980 -0.514414
-0.487457 -3.516214 80.744972 42.455850 0.040003 0.897021 -0.440173 -0.523965 0.393931 0.755168 -0.850800 -0.200426 -0.485766
-1.506012 -3.763902 33.862648 25.164325 -0.010464 0.896031 -0.443867 -0.525420 0.372747 0.764848 -0.850778 -0.241220 -0.466893
-1.784035 -4.219290 -5.090864 22.402021 -0.040429 0.886731 -0.460515 -0.567512 0.358956 0.741000 -0.822372 -0.291306 -0.488718
-1.216409 -4.316597 -45.469935 84.134528 0.794851 -0.484771 -0.364978 0.557440 0.820971 0.123564 -0.239737 0.301668 -0.922780
-0.286331 -3.823158 -61.836008 35.456329 0.843469 -0.391903 -0.367386 0.483366 0.852077 0.200802 -0.234346 0.346952 -0.908133
-0.957813 -3.238050 -58.001218 12.008334 0.929911 -0.203957 -0.306050 0.293465 0.913061 0.283193 -0.221684 0.353159 -0.908920
0.933032 -16.427849 38.783270 133.202283 0.929522 0.265307 -0.256125 0.361554 -0.518976 0.774560 -0.072574 0.812574 0.578323
0.350765 -16.188380 30.718787 105.631516 0.938068 0.248767 -0.241130 0.338066 -0.505064 0.794117 -0.075765 0.826453 0.557884
0.598838 -15.626670 56.554978 95.403006 0.930918 0.255730 -0.260756 0.365228 -0.651385 0.665061 -0.000223 0.714353 0.699786
1.339078 -15.769709 36.016594 157.926016 0.921240 0.292011 -0.256997 0.388981 -0.685711 0.615219 -0.003425 0.666731 0.745290
1.435068 -16.717976 7.018204 208.529678 0.919437 0.309961 -0.241993 0.383167 -0.567788 0.728560 -0.088424 0.762589 0.640812
-1.260893 -13.325988 -17.256739 -12.908546 0.026553 -0.818849 0.573395 0.936235 -0.180671 -0.301367 0.350370 0.544834 0.761838
-1.031390 -14.057011 -24.215517 -105.015786 0.030636 -0.816932 0.575920 0.868468 -0.263476 -0.419933 0.494797 0.513033 0.701408
-0.552566 -13.191177 -32.056792 -4.973373 -0.005555 -0.792978 0.609224 0.926051 -0.233982 -0.296112 0.377357 0.562528 0.735638
-1.618562 -14.163243 -17.980474 -86.858496 0.036058 -0.841444 0.539140 0.878649 -0.230328 -0.418241 0.476105 0.488796 0.731028
-0.919609 -13.310531 -24.696296 44.445409 -0.013610 -0.795418 0.605908 0.973724 -0.148308 -0.172822 0.227326 0.587635 0.776536
-1.474278 -13.074415 -12.892004 6.570392 0.032061 -0.822917 0.567257 0.981048 -0.082602 -0.175278 0.191096 0.562125 0.804672
-1.749099 -13.410108 -15.448147 -12.185647 0.045823 -0.844525 0.533553 0.944399 -0.137462 -0.298688 0.325593 0.517573 0.791269
0.146502 -22.902728 -26.326901 94.969195 0.961849 0.137658 -0.236426 -0.257374 0.162269 -0.952590 0.092767 -0.977097 -0.191508
0.316283 -23.814989 -41.127597 -150.663835 0.968285 0.123896 -0.216966 -0.209211 -0.072660 -0.975167 0.136584 -0.989631 0.044436
0.598626 -24.702692 -47.120002 -142.165881 0.970363 0.114451 -0.212831 -0.226032 0.118359 -0.966903 0.085472 -0.986353 -0.140721
-0.193416 -22.313846 -8.501008 51.311709 0.968913 0.127650 -0.211929 -0.214710 0.008274 -0.976643 0.122915 -0.991785 -0.035424
0.775486 -22.841156 -42.128603 198.305243 0.961037 0.137281 -0.239921 -0.273269 0.341159 -0.899408 0.041621 -0.929927 -0.365381
-0.404361 -21.667732 6.597171 286.581589 0.962993 0.143445 -0.228183 -0.255765 0.219304 -0.941536 0.085017 -0.965054 -0.247877
-0.006224 -21.699403 -20.609002 230.431990 0.952493 0.157433 -0.260715 -0.301084 0.357739 -0.883952 0.045895 -0.920455 -0.388144
1.100436 -83.187914 53.743196 -3272.245609 0.726490 -0.388300 0.566952 -0.559574 -0.813168 0.160105 -0.398859 0.433567 0.808042
0.497220 -54.651641 -30.251900 1072.525016 0.750830 -0.397850 0.527228 0.515380 0.852123 -0.090940 -0.413082 0.340004 0.844844
1.071867 -49.900436 62.138994 -1186.987809 0.784458 -0.329953 0.525125 -0.586051 -0.671406 0.453605 -0.202904 0.663584 0.720060
1.434037 -47.253108 -29.517139 -855.763731 0.765457 -0.324680 0.555570 -0.626867 -0.571204 0.529872 -0.145305 0.753863 0.640763
2.892421 -73.813445 65.339962 -2321.161433 0.769068 -0.346159 0.537316 -0.552063 -0.783409 0.285475 -0.322118 0.516182 0.793597
2.123463 -264.781577 698.640382 17024.988839 0.719807 -0.471604 0.509380 0.424971 0.879589 0.213830 -0.548888 0.062555 0.833552
-75.782921 -459.556823 3593.466207 6726.216018 0.643402 -0.306094 0.701670 0.073244 0.936991 0.341589 -0.762017 -0.168386 0.625281
-46.918143 -1308.809573 2286.978831 -263181.608869 0.675999 -0.203309 0.708302 0.685408 0.526474 -0.503031 -0.270631 0.825524 0.495246
-182.505142 -619.022360 8096.460405 12986.118827 0.638796 -0.297950 0.709342 0.058906 0.938204 0.341034 -0.767118 -0.176067 0.616871
-434.300070 -1285.230973 17413.272550 55001.655444 0.745073 -0.363290 0.559363 0.625091 0.087802 -0.775598 -0.232653 -0.927530 -0.292508
-0.394672 -6.158904 24.679250 -21.749234 -0.111785 0.982616 -0.148223 0.609533 0.185603 0.770728 -0.784840 0.004191 0.619684
-0.522097 -6.348405 16.935106 -13.068924 -0.126997 0.979262 -0.157850 0.683940 0.201710 0.701098 -0.718399 0.018923 0.695374
0.173074 -6.056688 41.874636 -42.385803 -0.137681 0.967338 -0.212838 0.585914 0.252798 0.769934 -0.798592 0.018700 0.601583
0.407470 -5.755473 51.731100 -28.043315 -0.134233 0.965665 -0.222422 0.511848 0.259759 0.818863 -0.848524 0.003928 0.529142
0.778459 -13.863933 -25.026063 56.014583 0.903412 0.370988 -0.214979 0.422208 -0.857095 0.295174 0.074751 0.357429 0.930944
0.291593 -13.237991 3.731591 -37.019272 0.918855 0.316907 -0.235109 0.365513 -0.908061 0.204512 0.148683 0.273852 0.950210
0.512359 -13.008146 10.307446 -13.025741 0.905195 0.345138 -0.247996 -0.375835 0.922503 -0.087960 0.198419 0.172826 0.964760
0.714907 -12.809348 -17.246014 68.201281 0.895338 0.388272 -0.218207 0.427029 -0.887561 0.172864 0.126554 0.247953 0.960470
0.838935 -13.473358 -12.828455 113.438732 0.896083 0.389243 -0.213365 0.440499 -0.839042 0.319326 0.054726 0.380130 0.923313
4.533011 -3.494239 134.834347 -76.757656 0.979720 -0.167702 0.109657 -0.194808 -0.925285 0.325419 -0.046890 0.340181 0.939190
2.420944 -3.676245 89.364577 -15.007542 0.966123 -0.238188 0.099364 -0.255752 -0.935227 0.244829 -0.034613 0.261947 0.964461
4.177576 -3.316903 2.338586 -30.473952 0.970178 -0.121105 0.209973 -0.178930 -0.942185 0.283323 -0.163522 0.312444 0.935756
5.441841 -2.919854 -61.100433 -54.110845 0.969512 -0.075630 0.233079 -0.152020 -0.931647 0.330035 -0.192186 0.355405 0.914741
2.613438 -8.975586 -18.611201 -14.934561 -0.475365 0.831835 0.286493 -0.539203 -0.532774 0.652236 -0.695189 -0.155573 -0.701790
2.507425 -8.269604 2.959455 25.051332 -0.448976 0.837660 0.311039 -0.483543 -0.520492 0.703757 -0.751403 -0.165569 -0.638734
2.328267 -8.087050 -20.701743 58.705797 -0.459236 0.846268 0.270061 -0.372312 -0.459389 0.806440 -0.806527 -0.269799 -0.526044
-0.535326 -39.153868 0.890767 -2266.563037 -0.181315 0.886783 -0.425136 0.593940 0.443298 0.671358 -0.783811 0.130778 0.607073
-0.229148 -29.857294 4.668226 -905.861560 -0.198500 0.867691 -0.455752 0.613019 0.472737 0.633031 -0.764726 0.153728 0.625749
-0.057587 -26.822020 -9.256997 -1558.320418 -0.235505 0.862552 -0.447818 0.373657 0.505722 0.777577 -0.897172 -0.015793 0.441399
-0.514823 -36.861419 1.830972 -665.542462 -0.171576 0.879497 -0.443899 0.822372 0.375963 0.427032 -0.542463 0.291782 0.787780
-0.097030 -44.441322 -14.274104 -3573.698289 -0.210527 0.888717 -0.407259 0.287230 0.454441 0.843198 -0.934440 -0.060539 0.350938
-0.974804 -49.082507 8.753470 -1138.097298 -0.142195 0.892052 -0.428979 0.847191 0.333809 0.413327 -0.511906 0.304654 0.803205
-0.265250 -81.855866 -24.141281 -6463.377873 -0.128207 0.916998 -0.377726 0.563339 0.380796 0.733242 -0.816218 0.118781 0.565401
1.770217 -13.559964 -46.448409 16.046146 -0.159106 0.913912 -0.373430 0.336260 0.405797 0.849857 -0.928232 -0.009648 0.371877
1.326356 -18.332490 -25.586306 558.214486 -0.139994 0.949436 -0.281020 0.362922 0.313265 0.877584 -0.921244 -0.020868 0.388426
2.201379 -28.555348 -4.047716 -751.276689 -0.113063 0.907949 -0.403540 0.296948 0.418460 0.858320 -0.948177 0.022787 0.316926
7.589670 -202.841577 480.273062 -8586.026117 -0.141098 0.832673 -0.535487 0.393864 0.543464 0.741295 -0.908275 0.106314 0.404642
2.704808 -79.254607 -84.254698 -3601.350540 -0.148313 0.905763 -0.396984 0.218498 0.421515 0.880104 -0.964501 -0.043790 0.260424
2.797500 -62.897433 225.531731 -2717.719939 -0.030165 0.875562 -0.482163 0.231428 0.475392 0.848789 -0.972384 0.085982 0.216970
2.451797 -13.884946 -33.885765 -63.433897 -0.102434 0.938377 -0.330084 0.216824 0.344914 0.913248 -0.970822 -0.021977 0.238794
0.606871 -22.316850 93.273274 -608.037172 0.313643 0.147488 -0.938017 0.774918 0.531142 0.342622 0.548753 -0.834347 0.052298
0.667928 -22.522742 62.601898 -272.726539 0.340565 0.171971 -0.924360 0.560087 0.752553 0.346362 0.755194 -0.635681 0.159975
-0.942802 -25.481488 147.451549 -332.382163 0.281624 0.200304 -0.938385 0.585904 0.738579 0.333493 0.759871 -0.643723 0.090643
-1.229058 -29.826535 93.259732 -959.415015 0.328715 0.143405 -0.933478 0.812441 0.461030 0.356919 0.481545 -0.875720 0.035040
2.426444 -0.900593 -38.448893 -28.386037 -0.970364 -0.040921 -0.238158 -0.040651 0.999155 -0.006048 0.238204 0.003812 -0.971208
1.470363 -1.099957 -53.155205 -27.372090 -0.961308 -0.092938 -0.259325 -0.098265 0.995131 0.007627 0.257353 0.032814 -0.965760
1.519939 -1.664125 7.843547 -38.701490 -0.941659 0.300716 -0.151158 0.289323 0.952708 0.092954 0.171962 0.043797 -0.984130
2.421221 -1.377310 65.146594 -24.317974 -0.980051 0.152508 -0.127438 0.148988 0.988155 0.036768 0.131536 0.017048 -0.991165
3.255489 -4.205559 193.755354 -70.830855 -0.672761 0.739565 -0.020875 -0.629448 -0.586963 -0.509185 0.388828 0.329420 -0.860404
1.301101 -3.916665 132.541673 -46.609627 -0.543684 0.838948 0.023960 -0.767863 -0.485686 -0.417727 0.338814 0.245509 -0.908257
7.207416 -5.186741 389.040290 -41.225321 -0.514864 0.853846 0.076561 -0.783452 -0.432393 -0.446362 0.348020 0.289797 -0.891572
12.138922 -5.803708 525.411838 -184.965525 -0.600806 0.798731 0.032571 -0.653814 -0.467540 -0.594924 0.459956 0.378729 -0.803122
8.637494 -3.957798 -600.334578 37.292834 0.757311 -0.652901 -0.014132 0.542418 0.616815 0.570369 0.363678 0.439613 -0.821267
-0.339509 -7.628607 -6.963950 -2.782426 0.760983 0.363647 -0.537277 0.644713 -0.516364 0.563660 0.072457 0.775325 0.627392
-0.546194 -7.550547 24.815835 -11.870113 0.748698 0.363916 -0.554090 0.660622 -0.478984 0.578059 0.055035 0.798836 0.599026
-0.260871 -7.678053 6.980021 -8.404840 0.753630 0.362313 -0.548427 0.628971 -0.639816 0.441623 0.190886 0.677765 0.710068
-0.574210 -7.997144 5.389542 12.961687 0.772128 0.362731 -0.521771 0.631885 -0.351197 0.690928 -0.067377 0.863184 0.500373
-0.460163 -7.667672 -9.664983 -4.919464 0.753476 0.363859 -0.547613 0.623520 -0.659657 0.419613 0.208557 0.657616 0.723910
-0.765386 -8.431746 -33.007450 33.539905 0.797254 0.358980 -0.485303 0.601357 -0.402403 0.690248 -0.052497 0.842143 0.536692
-0.926400 -7.897027 -27.612666 11.813619 0.780228 0.349087 -0.519020 0.618562 -0.553818 0.557375 0.092870 0.755926 0.648037
0.705500 -6.539502 -17.574733 22.070099 -0.867697 -0.387733 0.311070 -0.413015 0.910564 -0.017089 -0.276623 -0.143305 -0.950233
0.965306 -6.744628 -10.879569 18.692586 -0.868367 -0.365054 0.335671 -0.405667 0.912218 -0.057376 -0.285260 -0.185994 -0.940230
0.974932 -7.299044 15.093957 37.655888 0.863748 0.387290 -0.322406 -0.455746 0.873363 -0.171850 -0.215021 -0.295371 -0.930872
19.686749 -14.285464 714.610830 -92.721155 -0.543497 0.723483 -0.425657 0.344924 0.654787 0.672519 -0.765270 -0.218693 0.605422
37.429100 -14.303787 -1508.906192 -88.590674 0.705066 -0.621851 0.340856 0.283112 0.687529 0.668693 -0.650177 -0.374972 0.660807
23.466130 -14.224582 832.887191 -61.170983 -0.518040 0.744504 -0.421128 0.232755 0.596461 0.768153 -0.823079 -0.299914 0.482278
8.524644 -14.044143 330.953552 5.567705 -0.406165 0.807053 -0.428596 0.294913 0.559699 0.774444 -0.864902 -0.188153 0.465341
7.352618 -13.843227 276.686527 -23.237533 -0.435819 0.787844 -0.435159 0.422854 0.606041 0.673727 -0.794516 -0.109615 0.597267
-1.383023 -9.797611 -14.876765 92.168073 0.974124 -0.023843 -0.224754 -0.071295 0.911234 -0.405671 -0.214476 -0.411198 -0.885955
-2.251010 -8.431586 -24.963847 36.934422 0.977402 -0.010159 -0.211143 -0.050044 0.959329 -0.277820 -0.205378 -0.282108 -0.937142
-2.223546 -10.304636 -53.896943 129.681098 0.978307 -0.093161 -0.185032 0.005367 0.904278 -0.426911 -0.207092 -0.416656 -0.885161
-1.689742 -8.976257 -9.962569 0.217816 0.964146 0.054584 -0.259699 -0.122467 0.959696 -0.252954 -0.235425 -0.275689 -0.931971
-0.959257 -9.459105 -4.592900 39.898780 0.958191 0.059712 -0.279831 -0.166959 0.910908 -0.377322 -0.232369 -0.408267 -0.882792
0.199808 -20.925559 34.132812 -237.677983 0.813690 0.549843 -0.188631 0.024321 -0.356417 -0.934010 0.580790 -0.755407 0.303386
-0.203660 -21.416499 29.118265 -289.943684 0.803825 0.562318 -0.194071 0.018869 -0.350181 -0.936492 0.594566 -0.749114 0.292095
-0.037427 -21.748136 35.447769 -1.807724 0.807763 0.556823 -0.193567 -0.142401 -0.134327 -0.980652 0.572050 -0.819698 0.029212
0.826136 -22.014651 32.787225 -55.252509 0.828117 0.531126 -0.179241 -0.104550 -0.167800 -0.980261 0.550719 -0.830511 0.083429
-0.233131 -21.683263 7.321279 206.022668 0.812932 0.544001 -0.207857 -0.229644 -0.028548 -0.972856 0.535169 -0.838599 -0.101719
-0.352987 -20.065254 26.314768 314.341878 0.810717 0.547108 -0.208353 -0.331540 0.135733 -0.933626 0.482514 -0.825984 -0.291429
0.285677 -21.708020 42.002474 188.464692 0.825220 0.538501 -0.170380 -0.271737 0.114076 -0.955587 0.495148 -0.834867 -0.240468
1.507942 -4.174167 14.078670 -8.928832 -0.083298 -0.958817 0.271537 0.992296 -0.104882 -0.065941 0.091705 0.263952 0.960166
1.256852 -4.500121 5.949096 48.094123 -0.018986 -0.961737 0.273316 0.998716 -0.031086 -0.040008 0.046973 0.272206 0.961092
1.746809 -4.643027 2.650478 7.522683 -0.033811 -0.955167 0.294131 0.994039 -0.062660 -0.089217 0.103647 0.289361 0.951592
-1.059661 -21.083548 58.994644 -315.722195 0.436700 0.720311 -0.538930 -0.275050 0.677293 0.682365 -0.856528 0.149756 -0.493895
-0.625707 -20.585494 -27.891096 -208.939425 0.379044 0.740006 -0.555623 -0.309764 0.667254 0.677361 -0.871993 0.084638 -0.482146
-0.926960 -18.153376 26.185977 -120.774791 0.381004 0.758758 -0.528320 -0.513120 0.648872 0.561848 -0.769119 -0.057025 -0.636557
-0.461919 -23.126515 -6.821594 -198.446592 0.406906 0.709054 -0.575907 0.005158 0.628668 0.777657 -0.913455 0.319404 -0.252152
-1.125846 -15.109595 41.296007 -280.978836 0.383283 0.747350 -0.542736 -0.504672 0.661594 0.554617 -0.773564 -0.061328 -0.630744
-1.159858 -15.685877 60.349750 -321.762123 0.405383 0.720481 -0.562647 -0.378829 0.692555 0.613887 -0.831957 0.035712 -0.553689
-1.273543 -18.015168 57.044145 -258.986894 0.406750 0.708295 -0.576952 -0.213105 0.687699 0.694015 -0.888336 0.159339 -0.430663
-0.956762 -20.384941 90.141607 -220.700787 0.438271 0.691471 -0.574270 -0.064725 0.661519 0.747130 -0.896509 0.290276 -0.334680
-0.698606 -25.299055 58.035058 -337.563778 0.449482 0.689433 -0.568022 0.069518 0.606951 0.791693 -0.890580 0.395339 -0.224885
0.701238 -22.061335 -22.180085 13.638558 0.852454 0.498270 -0.158269 -0.408272 0.823561 0.393778 0.326552 -0.271061 0.905478
0.392938 -21.047195 -39.995585 147.412976 0.846820 0.508512 -0.155921 -0.500989 0.861045 0.087250 0.178622 0.004230 0.983909
1.017929 -22.596406 6.847212 87.051501 0.847620 0.504242 -0.165168 -0.478088 0.860807 0.174478 0.230157 -0.068926 0.970710
1.088646 -20.545247 57.148868 84.984718 0.847566 0.485230 -0.214902 -0.499252 0.866361 -0.012864 0.179941 0.118193 0.976551
0.848415 -20.949923 35.422673 -18.959049 0.842653 0.501480 -0.196098 -0.435126 0.848706 0.300606 0.317177 -0.167979 0.933371
0.790978 -23.749030 -18.514102 126.585457 0.864362 0.481870 -0.143803 0.350466 -0.782322 -0.514923 0.360626 -0.394682 0.845089
2.709978 -13.573641 105.629119 301.951909 0.969665 -0.207004 0.129996 -0.173602 -0.208811 0.962424 0.172081 0.955797 0.238414
2.222091 -14.321277 48.276967 242.104744 0.955503 -0.205524 0.211600 -0.251623 -0.193505 0.948283 0.153949 0.959331 0.236609
0.769761 -10.670579 42.428909 226.575983 0.960147 -0.186893 0.207819 -0.261646 -0.339568 0.903457 0.098281 0.921827 0.374935
-0.739710 -7.770233 0.701578 155.550427 0.920349 -0.215469 0.326390 -0.390292 -0.452455 0.801846 0.025097 0.865366 0.500512
0.213431 -8.731600 58.218807 171.402852 0.981172 -0.159612 0.108749 -0.167406 -0.422017 0.890997 0.096320 0.892427 0.440792
2.240941 -12.503711 61.010468 244.367559 0.983227 -0.176459 0.046119 -0.092615 -0.265217 0.959730 0.157121 0.947904 0.277112
1.954723 -6.111247 -173.546371 -28.386859 -0.102774 0.919937 -0.378357 -0.590085 -0.362598 -0.721334 0.800773 -0.149129 -0.580106
2.327982 -5.577525 -179.496815 -62.360141 -0.067982 0.935427 -0.346921 -0.501953 -0.332579 -0.798395 0.862219 -0.119861 -0.492150
3.974371 -6.455706 -177.586623 -39.597233 -0.161028 0.912672 -0.375633 -0.572833 -0.396361 -0.717468 0.803699 -0.099643 -0.586633
-3.173367 -3.982982 -25.757072 -45.680892 0.647516 -0.489538 0.584017 0.704943 0.675875 -0.215054 -0.289446 0.550950 0.782736
-2.678523 -3.544565 -40.469892 65.834058 0.699190 -0.397754 0.594075 -0.624471 -0.744351 0.236596 -0.348093 0.536408 0.768829
-2.607757 -3.263699 6.473819 -13.616816 0.335159 -0.722104 0.605173 0.884379 0.462607 0.062202 -0.324873 0.514355 0.793660
-2.467782 -3.974414 -45.823619 67.489227 0.736957 -0.331283 0.589191 -0.582181 -0.753990 0.304245 -0.343452 0.567231 0.748525
-2.427026 -4.142545 -16.583535 11.479820 -0.488434 -0.848865 0.202140 0.844914 -0.402182 0.352662 -0.218065 0.343043 0.913657
-2.083383 -3.720436 15.541291 0.669864 -0.619241 -0.779641 0.093277 0.737927 -0.537240 0.408456 -0.268337 0.321764 0.907999
-2.342443 -4.258039 24.987990 -4.419599 -0.591797 -0.798746 0.108544 0.776574 -0.528834 0.342442 -0.216122 0.286949 0.933248
-1.881311 -3.582625 -29.046339 -3.052563 -0.513252 -0.835573 0.195936 0.813113 -0.400369 0.422554 -0.274628 0.376195 0.884905
-2.753845 -4.401872 -8.766721 -27.354488 -0.544428 -0.820082 0.176248 0.821177 -0.478234 0.311385 -0.171074 0.314258 0.933796
-2.660471 -4.253098 -28.707571 -19.872018 -0.367789 -0.885730 0.283219 0.913322 -0.286797 0.289121 -0.174856 0.365006 0.914438
-2.392199 -4.043384 -52.514731 8.971421 -0.376235 -0.882863 0.281070 0.897639 -0.272171 0.346651 -0.229546 0.382722 0.894892
-1.989560 -4.959486 26.918240 -22.423650 -0.268976 0.946429 -0.178673 0.951356 0.290009 0.103998 -0.150244 0.142009 0.978397
-1.642579 -5.287771 -26.000072 -13.617713 0.257527 -0.946429 0.194814 0.961883 0.270286 0.041553 -0.091982 0.176688 0.979960
-1.481586 -4.642564 44.375189 -30.188089 -0.251087 0.942964 -0.218573 0.946152 0.286756 0.150222 -0.204331 0.169085 0.964188
-2.151249 -4.384292 23.668618 -48.399317 -0.303563 0.936524 -0.175423 0.923817 0.334367 0.186441 -0.233262 0.105463 0.966678
-0.825892 -4.092955 -14.177527 -0.110182 -0.659725 0.736149 0.151153 0.558047 0.614594 -0.557547 0.503335 0.283477 0.816268
-1.404597 -4.281468 -0.221364 13.369266 -0.629217 0.768303 0.117457 0.627409 0.591291 -0.506689 0.458742 0.245124 0.854090
-1.105882 -3.923200 6.644297 12.107847 0.759150 -0.594500 -0.265068 0.414342 0.755420 -0.507604 0.502009 0.275518 0.819803
-134.411894 -732.840788 -5560.393418 17128.106410 -0.020489 0.998806 -0.044348 -0.498674 -0.048655 -0.865423 0.866547 -0.004383 -0.499076
-265.143446 -351.978415 -14982.305407 9845.852197 0.737763 0.347650 0.578658 -0.564870 0.787285 0.247194 0.369632 0.509237 -0.777207
-141.520238 -654.596745 3723.315909 -56058.965353 -0.512491 0.337518 0.789579 0.712839 -0.345448 0.610349 0.478762 0.875641 -0.063557
-74.223528 -255.320157 -2972.270181 3800.101562 0.584561 0.805109 -0.100437 0.748560 -0.487425 0.449527 0.312963 -0.337959 -0.887602
-149.638464 -220.754470 -7256.370210 -4346.408802 -0.138319 0.584486 -0.799527 -0.248147 0.761083 0.599312 0.958796 0.281297 0.039766
-167.018776 -208.909352 -8549.483006 -7661.129502 0.355868 0.924341 -0.137663 0.170515 -0.209057 -0.962922 0.918848 -0.319200 0.232011
-139.980700 -705.999550 -5836.319826 26261.833976 0.433661 0.809779 -0.395217 -0.485279 -0.159679 -0.859655 0.759238 -0.564590 -0.323722
2.057792 -42.051234 122.668205 1419.045445 0.916436 0.088755 -0.390214 0.315955 0.437952 0.841648 -0.245595 0.894606 -0.373313
2.409309 -56.573713 27.306525 2215.505607 0.867516 0.183409 -0.462360 0.378338 0.360150 0.852732 -0.322918 0.914687 -0.243045
1.442344 -44.268892 23.086949 745.799397 0.881482 0.228344 -0.413339 0.089188 0.779054 0.620580 -0.463719 0.583895 -0.666356
1.787725 -34.624041 -5.673263 382.765883 0.901659 0.169118 -0.398008 0.218849 0.615358 0.757258 -0.372983 0.769892 -0.517831
2.024219 -38.259859 6.243902 1258.568820 0.903603 0.151898 -0.400535 0.363182 0.224174 0.904348 -0.227158 0.962639 -0.147397
-19.014252 -59.797432 512.593391 -575.182490 0.686603 0.529087 -0.498642 -0.470458 -0.199577 -0.859557 0.554298 -0.824764 -0.111883
-6.634872 -41.079769 194.250041 -1019.685750 0.630091 0.598308 -0.494988 -0.482548 -0.197729 -0.853259 0.608385 -0.776486 -0.164125
-9.498121 -39.475874 269.988818 299.519020 0.727125 0.606305 -0.321999 -0.203608 -0.257474 -0.944590 0.655616 -0.752397 0.063767
-22.139397 -72.196286 696.109629 1616.757810 0.788511 0.594266 -0.158424 -0.007352 -0.248465 -0.968613 0.614977 -0.764927 0.191548
-7.107303 -10.105044 110.150958 -61.868391 -0.376940 0.896250 0.233778 0.901928 0.297719 0.312872 0.210812 0.328785 -0.920575
0.852269 -5.869467 279.464402 -390.157282 -0.246292 0.968219 0.043507 -0.853688 -0.195468 -0.482710 0.458865 0.156029 -0.874699
1.783812 -11.681848 -37.895765 121.699073 0.356798 0.847801 -0.392338 -0.517438 0.529025 0.672600 -0.777787 0.036972 -0.627439
0.829525 -13.999743 110.965446 -87.868917 -0.610755 0.668444 0.424454 0.358659 0.711446 -0.604325 -0.705933 -0.216860 -0.674263
0.719911 -14.188247 10.811337 265.056418 -0.629122 0.696178 0.345749 -0.254306 -0.604668 0.754788 -0.734530 -0.386927 -0.557452
2.937816 -11.575420 200.802940 332.847490 0.759605 0.425305 -0.492053 0.605533 -0.186384 0.773687 -0.237342 0.885650 0.399115
1.044531 -9.301627 120.534758 371.689370 0.769233 0.430381 -0.472285 0.607616 -0.264008 0.749068 -0.197698 0.863175 0.464590
6.159506 -11.442820 256.400216 282.019987 0.734093 0.476607 -0.483688 0.609340 -0.147984 0.778977 -0.299687 0.866572 0.399050
-5.121624 -8.319886 68.714330 -52.462531 -0.583455 0.749069 -0.313810 0.806676 0.579284 -0.117064 0.094096 -0.321444 -0.942242
-3.688898 -8.042025 345.594290 -50.829801 -0.405831 0.878093 -0.253485 0.910967 0.411021 -0.034651 0.073761 -0.244978 -0.966719
-3.474278 -6.560429 27.977118 -175.708100 0.043182 0.991488 -0.122831 -0.142487 -0.115577 -0.983026 0.988854 -0.059951 -0.136283
-3.241345 -8.003856 22.071754 -227.636098 0.028921 0.998791 0.039761 -0.185005 0.044439 -0.981732 0.982312 -0.021037 -0.186066
-2.676565 -5.545856 12.810035 -56.188941 0.038931 0.992020 0.119918 -0.138842 0.124215 -0.982494 0.989549 -0.021600 -0.142569
-2.729340 -9.823040 13.065962 -283.626369 0.007324 0.994435 0.105097 -0.245521 0.103671 -0.963832 0.969364 0.018744 -0.244914
-2.241252 -6.570014 10.710146 -154.338506 0.001516 0.986312 0.164882 -0.164808 0.162874 -0.972785 0.986324 0.025699 -0.162799
-0.374687 -15.548702 1.745988 114.277993 -0.148789 0.830808 -0.536302 -0.741740 0.264903 0.616156 -0.653975 -0.489474 -0.576829
-0.439946 -14.174884 -5.925970 73.723509 -0.154076 0.830780 -0.534850 -0.746464 0.256777 0.613887 -0.647342 -0.493832 -0.580584
-0.446807 -16.697094 -3.949515 -260.970100 -0.104567 0.821110 -0.561110 0.868430 -0.199565 -0.453875 -0.484660 -0.534745 -0.692209
-0.562510 -15.707901 -6.697717 -218.661656 -0.103843 0.823733 -0.557388 0.868528 -0.197974 -0.454385 -0.484640 -0.531292 -0.694876
-0.566761 -13.631894 -8.081500 34.487425 -0.144922 0.834006 -0.532384 -0.751037 0.257575 0.607947 -0.644160 -0.487944 -0.589041
-0.640315 -4.982483 24.037848 36.831063 0.034165 0.877565 -0.478240 -0.650935 0.382643 0.655643 -0.758364 -0.288903 -0.584310
5.037505 -3.058788 17.336395 36.054063 0.758983 0.651091 -0.005080 -0.508515 0.597617 0.619893 -0.406642 0.467904 -0.784670
5.819113 -4.673053 6.185989 43.695528 0.658854 0.748354 -0.076665 -0.553476 0.551244 0.624335 -0.509485 0.368914 -0.777385
3.762281 -4.491250 94.513742 -24.993653 0.608900 0.782142 0.132268 0.719164 -0.473945 -0.508113 -0.334728 0.404513 -0.851074
7.773839 -3.058980 -58.058639 5.567008 0.804377 0.578333 -0.136043 -0.358846 0.655430 0.664561 -0.473505 0.485739 -0.734746
7.860878 -2.280482 -88.207299 -9.261371 0.903334 0.408740 -0.130072 -0.237156 0.728606 0.642566 -0.357413 0.549604 -0.755110
0.528789 -16.176134 -20.458709 116.415233 0.946320 0.238857 -0.217773 0.313027 -0.509286 0.801649 -0.080570 0.826786 0.556717
0.344996 -17.388546 12.082982 54.886239 0.941122 0.239955 -0.238140 0.311523 -0.341936 0.886585 -0.131312 0.908571 0.396555
0.992588 -18.523328 -49.218389 172.033673 0.938266 0.246324 -0.242861 0.322428 -0.368482 0.871929 -0.125287 0.896407 0.425156
0.539197 -19.097982 -21.070541 17.477731 0.925602 0.235290 -0.296479 0.337949 -0.161012 0.927289 -0.170445 0.958496 0.228549
0.340803 -17.623485 18.897232 -78.738592 0.934963 0.235604 -0.265209 0.302988 -0.141517 0.942428 -0.184508 0.961490 0.203698
-0.141767 -14.055664 -42.299804 -130.595719 -0.000311 -0.791446 0.611239 0.857444 -0.314741 -0.407097 0.514578 0.523976 0.678719
-0.756209 -15.710842 32.840276 -202.635328 -0.037428 0.816385 -0.576294 0.767254 -0.346013 -0.539997 0.640251 0.462374 0.613424
-1.475171 -15.655516 22.177214 -190.251959 -0.038723 0.840619 -0.540242 0.781431 -0.311487 -0.540686 0.622789 0.443099 0.644823
0.020218 -22.268642 -22.479580 -167.997722 0.972684 0.110693 -0.204040 -0.176220 -0.220046 -0.959441 0.151102 -0.969189 0.194529
-2.799263 -5.979337 -118.530674 52.640406 -0.193656 0.981052 -0.005857 0.937579 0.186826 0.293330 -0.288866 -0.051314 0.955993
-2.506806 -6.513996 -106.917267 77.871531 -0.158235 0.986712 0.036881 0.915221 0.132547 0.380528 -0.370584 -0.093967 0.924034
-1.494341 -5.901802 -122.342279 56.798601 -0.278955 0.960242 0.010877 0.910650 0.260919 0.320370 -0.304795 -0.099274 0.947230
-1.753624 -15.070724 176.350797 -234.977707 0.557408 -0.437663 0.705512 -0.543614 0.449885 0.708581 0.627519 0.778495 -0.012849
-4.194191 -20.722564 275.977091 -271.128742 0.366309 -0.264513 0.892105 0.626710 -0.638535 -0.446663 0.687788 0.722707 -0.068128
-6.813904 -30.433586 -145.681869 1159.309194 0.797639 -0.572251 0.190527 -0.180230 0.075314 0.980737 0.575577 0.816613 0.043064
-7.572990 -19.905928 -190.992519 402.000661 0.765292 -0.614734 0.190866 -0.088696 0.192984 0.977185 0.637543 0.764761 -0.093165
-1.023919 -6.216017 8.585937 8.777161 -0.112654 0.988532 -0.100569 0.707043 0.150863 0.690892 -0.698140 -0.006725 0.715929
-1.060561 -6.161907 2.427536 19.152359 -0.142792 0.981366 -0.128571 0.767210 0.191816 0.612041 -0.625299 0.011247 0.780304
-0.658205 -6.532214 14.223412 1.952740 -0.157647 0.970482 -0.182515 0.750636 0.237862 0.616416 -0.641634 0.039826 0.765977
0.161177 -12.957460 31.784091 72.864015 0.917602 0.305127 -0.254764 -0.334852 0.938716 -0.081775 0.214200 0.160345 0.963539
2.901801 -8.731190 9.793565 -26.148752 -0.447825 0.827768 0.338013 -0.629141 -0.560342 0.538701 -0.635322 -0.028586 -0.771718
2.525997 -8.371191 42.222542 16.420573 -0.418645 0.828243 0.372491 -0.581124 -0.559514 0.590964 -0.697876 -0.030941 -0.715550
1.799227 -7.542318 14.955661 49.905641 -0.417446 0.846180 0.331237 -0.431069 -0.505295 0.747567 -0.799948 -0.169283 -0.575696
-0.257699 -28.880827 11.711785 -326.709122 -0.170215 0.868761 -0.465060 0.811697 0.391206 0.433712 -0.558727 0.303663 0.771760
0.874717 -9.884751 -50.580217 574.998960 -0.230917 0.893210 -0.385815 0.363526 0.447019 0.817327 -0.902511 -0.048480 0.427930
1.685408 -20.189992 58.670937 -455.836119 0.352812 0.105385 -0.929741 0.753515 0.557095 0.349085 0.554742 -0.823735 0.117140
7.691964 -10.170115 28.565944 220.585816 0.017254 0.999579 0.023312 0.995578 -0.015022 -0.092735 0.092345 -0.024809 0.995418
8.971076 -9.667753 -116.093061 106.758118 0.070330 0.997313 0.020495 0.981856 -0.065584 -0.177923 0.176101 -0.032636 0.983831
6.741278 -8.639121 69.491908 88.557777 -0.046783 -0.988784 -0.141836 0.994805 -0.033266 -0.096214 0.090417 -0.145601 0.985203
3.251039 -4.308597 237.825894 93.529329 -0.488151 0.867371 0.096830 -0.834774 -0.431647 -0.341809 0.254679 0.247686 -0.934768
-0.346685 -3.132243 39.488436 61.746804 -0.499055 0.865390 0.045217 -0.822348 -0.456486 -0.339654 0.273292 0.206690 -0.939463
-0.548401 -7.735044 12.912292 -10.259868 0.746812 0.383439 -0.543365 0.645497 -0.614531 0.453525 0.160015 0.689439 0.706448
-1.017874 -7.487147 32.663268 -10.973081 0.734244 0.385105 -0.559089 0.678236 -0.452133 0.579285 0.029697 0.804531 0.593168
-1.212266 -7.729846 57.670226 0.642685 0.756995 0.347260 -0.553506 0.649655 -0.309179 0.694519 -0.070047 0.885335 0.459646
1.215519 -9.700758 -5.988425 45.296026 0.832086 0.365792 -0.416927 -0.543020 0.690364 -0.478044 -0.112967 -0.624174 -0.773075
1.054828 -9.077991 -12.010032 61.760852 0.843477 0.342867 -0.413507 -0.499195 0.784604 -0.367696 -0.198369 -0.516564 -0.832954
0.926888 -10.428019 -17.355595 55.847119 0.830625 0.338766 -0.441927 -0.543130 0.667880 -0.508867 -0.122767 -0.662702 -0.738752
1.263159 -8.591422 -2.248683 52.536755 0.846592 0.365675 -0.386736 -0.499764 0.796093 -0.341280 -0.183081 -0.482202 -0.856716
1.092477 -11.015010 -11.782406 35.443363 0.812664 0.364276 -0.454842 -0.581978 0.547072 -0.601676 -0.029655 -0.753668 -0.656586
1.254432 -9.084933 2.372236 33.170617 0.837796 0.383849 -0.388276 -0.536508 0.710702 -0.455041 -0.101282 -0.589545 -0.801361
1.257591 -10.141550 1.951059 25.980284 0.816937 0.389427 -0.425395 -0.576275 0.580374 -0.575390 -0.022816 -0.715202 -0.698546
43.005740 -13.450273 1688.157280 -71.459397 -0.700739 0.630629 -0.333575 0.189078 0.615019 0.765507 -0.687906 -0.473349 0.550206
-3.270519 -8.356256 -54.259104 112.809170 0.983960 -0.099714 -0.147919 0.050874 0.951609 -0.303073 -0.170982 -0.290686 -0.941417
-3.499193 -7.568568 -35.278532 -4.666085 0.991086 -0.041801 -0.126498 0.016279 0.980384 -0.196423 -0.132228 -0.192613 -0.972325
-2.075781 -9.491633 21.534386 -71.823534 -0.957160 -0.102807 0.270696 -0.137106 0.984322 -0.110964 -0.255044 -0.143324 -0.956248
-2.635263 -8.591968 25.293798 -85.066490 -0.974491 -0.078448 0.210268 -0.110630 0.983089 -0.145938 -0.195263 -0.165477 -0.966690
-0.109494 -19.643091 19.662655 -317.280489 0.811648 0.556822 -0.176570 0.143124 -0.482619 -0.864057 0.566342 -0.676039 0.471411
-0.665854 -21.242903 2.909631 -376.031682 0.825176 0.536827 -0.175786 0.119982 -0.470662 -0.874118 0.551986 -0.700210 0.452788
4.664875 -1.673340 20.059527 290.255028 -0.361686 0.885550 -0.291520 -0.859352 -0.437921 -0.264084 0.361522 -0.155003 -0.919389
4.145783 -3.731748 7.160238 276.923109 -0.306577 0.901568 -0.305264 -0.863415 -0.398399 -0.309504 0.400656 -0.168682 -0.900567
4.040811 -3.868686 50.868769 364.576821 -0.325445 0.919326 -0.221192 -0.883207 -0.379091 -0.276107 0.337684 -0.105501 -0.935328
2.464415 -4.734211 26.765628 -3.157574 -0.000928 -0.952065 0.305895 0.984444 -0.054614 -0.166994 0.175695 0.300982 0.937305
3.472638 -4.885150 48.034388 -17.183609 0.059654 -0.943621 0.325608 0.970599 -0.021369 -0.239750 0.233191 0.330337 0.914603
3.303843 -4.743521 48.665082 -36.935517 -0.014094 -0.954168 0.298941 0.969383 -0.086338 -0.229873 0.245147 0.286549 0.926171
-0.497666 -18.556342 -5.807715 -123.717062 0.369130 0.766643 -0.525358 -0.551706 0.635659 0.539961 -0.747906 -0.090527 -0.657603
-0.162609 -18.524423 -8.114010 -156.754805 0.383681 0.758391 -0.526908 -0.439174 0.651774 0.618318 -0.812352 0.005833 -0.583138
-0.328029 -20.375341 -33.868118 -152.378348 0.383860 0.740251 -0.551978 -0.239858 0.657187 0.714544 -0.891695 0.141889 -0.429823
-0.251656 -23.144567 -53.263433 -162.668929 0.375397 0.720343 -0.583252 -0.019883 0.635389 0.771936 -0.926651 0.278186 -0.252846
0.070653 -22.391373 -44.174135 135.168402 0.841141 0.513122 -0.170843 -0.448278 0.838230 0.310512 0.302536 -0.184599 0.935091
-0.190419 -20.551014 -84.835076 197.641556 0.822517 0.549643 -0.146146 -0.558739 0.828898 -0.027194 0.106193 0.104025 0.988889
0.564451 -4.634748 -99.342750 -62.370172 -0.014444 0.964502 -0.263680 -0.441607 -0.242748 -0.863746 0.897092 -0.103967 -0.429437
2.594578 -4.524624 -181.610275 -71.837902 -0.040693 0.946663 -0.319645 -0.422087 -0.306251 -0.853260 0.905641 -0.100196 -0.412037
-1.034510 -7.331413 15.280950 114.676932 0.997682 -0.068001 0.002510 -0.036881 -0.509372 0.859756 0.057186 0.857855 0.510699
-1.895125 -6.014956 32.319117 46.957924 0.985141 -0.125002 0.117779 -0.169371 -0.593375 0.786905 0.028478 0.795161 0.605730
-2.094426 -6.489414 -10.688906 21.502811 0.999340 -0.019166 -0.030859 0.012830 -0.608531 0.793427 0.033986 0.793299 0.607883
-1.448949 -6.241388 18.658807 114.746360 0.948904 -0.201166 0.243131 -0.313992 -0.525093 0.791004 0.031456 0.826928 0.561427
-1.630834 -6.592255 -6.863188 33.297235 0.991499 0.024207 -0.127840 0.118498 -0.573767 0.810401 0.053733 0.818661 0.571758
-0.345574 -8.007126 -7.735172 94.734433 0.990927 0.013852 -0.133689 0.125579 -0.449910 0.884201 0.047900 0.892967 0.447567
1.503386 -10.433076 5.472476 183.121470 0.996313 -0.057631 -0.063548 0.039351 -0.351218 0.935467 0.076231 0.934519 0.347655
-1.342181 -2.909306 -67.439483 -49.666233 0.775794 0.628140 0.059862 0.518896 -0.689082 0.505879 -0.359013 0.361396 0.860525
-1.494686 -3.260699 -86.172770 8.988963 0.786638 0.610105 0.094722 -0.517356 0.735082 -0.438176 -0.336962 0.295681 0.893885
-1.479220 -5.491478 -11.326884 -14.424873 0.262638 -0.944265 0.198458 0.964759 0.260439 -0.037585 -0.016196 0.201335 0.979388
-1.844984 -5.516509 -16.106438 -2.818847 0.284859 -0.944964 0.160929 0.957722 0.273510 -0.089225 0.040299 0.179541 0.982925
-1.210299 -5.117126 -31.496865 -23.714853 0.264300 -0.936825 0.229139 0.953820 0.289066 0.081655 -0.142732 0.196976 0.969963
-1.628462 -5.523096 -1.514888 0.857149 0.289205 -0.942710 0.166307 0.949328 0.260115 -0.176399 0.123034 0.208896 0.970168
-1.522073 -5.637002 3.908612 -10.106454 0.294779 -0.933959 0.202054 0.953338 0.273012 -0.128888 0.065213 0.230619 0.970856
-1.286052 -5.479081 -15.049415 -23.656302 0.296409 -0.926156 0.233189 0.952506 0.304516 -0.001294 -0.069811 0.222498 0.972431
-183.227203 -254.311338 -8430.069599 -12373.718532 0.930753 0.080484 0.356680 -0.364377 0.285401 0.886440 0.030452 0.955023 -0.294964
