14129
28242
-6.001962 -8.877082 -37.173574 233.782903 -0.007443 0.978507 0.206078 -0.860343 0.098770 -0.500055 0.509662 0.181020 -0.841116
-7.240909 -9.632886 103.832524 136.687195 -0.360999 0.931404 0.046538 -0.715577 -0.244655 -0.654289 0.598022 0.269499 -0.754811
-7.157162 -12.849386 -49.683933 371.960142 0.139487 0.916876 0.374008 -0.770210 0.337841 -0.540962 0.622350 0.212607 -0.753311
-5.234944 -7.612570 15.099345 99.154248 -0.623257 0.763491 -0.169214 -0.596805 -0.604204 -0.527978 0.505346 0.228078 -0.832229
-4.165360 -12.070210 -181.056547 391.772031 0.178672 0.963956 0.197141 -0.813798 0.257398 -0.521036 0.553000 0.067339 -0.830456
-3.777201 -8.739916 -141.697766 288.555444 0.097006 0.984448 0.146468 -0.885758 0.152504 -0.438378 0.453897 0.087210 -0.886776
-4.458753 -6.204566 -24.637235 97.304893 -0.366532 0.929065 -0.049926 -0.816702 -0.346981 -0.461087 0.445704 0.128228 -0.885949
-6.671250 -9.408116 68.573418 47.030506 0.981232 0.176653 -0.077311 0.095259 -0.095478 0.990863 -0.167658 0.979631 0.110514
-7.092131 -9.800890 60.016893 15.861556 0.973262 0.215985 -0.078178 0.060768 0.086112 0.994430 -0.221514 0.972592 -0.070684
-7.900126 -9.577186 36.082382 25.494831 0.932123 0.341755 -0.119794 0.138195 -0.029918 0.989953 -0.334737 0.939313 0.075116
-6.059452 -9.692553 76.608639 26.593205 0.996569 0.078993 -0.024717 0.025465 -0.008468 0.999640 -0.078755 0.996839 0.010451
-7.155948 -8.981083 32.268363 44.742084 0.953236 0.291437 -0.080035 0.139482 -0.189296 0.971963 -0.268115 0.937674 0.221094
-6.257523 -8.863710 70.254171 41.192361 0.987686 0.139890 -0.070055 0.101892 -0.235367 0.966551 -0.118722 0.961787 0.246722
-5.679044 -9.151821 66.227204 36.594627 0.997803 0.058135 -0.031766 0.042002 -0.184335 0.981966 -0.051231 0.981143 0.186372
-4.540163 -8.227449 -101.510802 54.405722 0.150162 0.900670 -0.407730 -0.528771 -0.275301 -0.802877 0.835376 -0.336158 -0.434908
-2.991535 -7.284040 -244.378525 67.142136 0.352571 0.912481 -0.207537 -0.569243 0.033103 -0.821503 0.742736 -0.407777 -0.531095
-4.527715 -7.641859 -76.340326 97.449413 0.155269 0.928030 -0.338603 -0.637572 -0.167676 -0.751922 0.754582 -0.332634 -0.565651
-4.962193 -8.813871 60.212692 64.163333 -0.088044 0.860940 -0.501029 -0.545654 -0.462490 -0.698831 0.833373 -0.211861 -0.510495
-5.454053 -9.015227 37.516992 -16.959753 -0.069983 0.825534 -0.559996 -0.403582 -0.536809 -0.740916 0.912263 -0.174153 -0.370739
-0.331335 -5.623247 -30.092403 31.715454 -0.266061 0.963838 0.015101 -0.963514 -0.265431 -0.034448 0.029194 0.023715 -0.999292
-0.778583 -6.191333 -40.752168 34.473440 -0.309520 0.950783 0.014457 -0.947733 -0.307217 -0.086141 0.077460 0.040364 -0.996178
-0.710843 -6.617818 -24.237636 50.987950 -0.284234 0.958729 0.006980 -0.950308 -0.280758 -0.134498 0.126987 0.044862 -0.990889
-0.339101 -6.066238 -5.593955 39.336577 -0.228407 0.973117 0.029572 -0.970079 -0.224915 -0.091437 0.082328 0.049572 -0.995372
0.062811 -9.262303 17.825945 -10.827975 -0.316830 0.948295 0.018828 0.072972 0.004579 0.997324 -0.945671 -0.317356 0.070649
0.622132 -8.813901 39.832774 -19.615380 -0.323618 0.946188 -0.000049 -0.085513 -0.029196 0.995909 -0.942316 -0.322298 -0.090360
0.087727 -8.968527 17.367108 -33.191888 -0.312266 0.949995 -0.000781 -0.107056 -0.034372 0.993659 -0.943943 -0.310369 -0.112435
0.307618 -8.170420 11.721872 -31.359767 -0.331225 0.943534 -0.005725 -0.241621 -0.078952 0.967154 -0.912091 -0.321729 -0.254128
-0.149357 -9.440570 8.661581 -16.460979 -0.317514 0.947934 0.024597 0.016145 -0.020531 0.999659 -0.948116 -0.317803 0.008786
-0.034447 -8.870970 9.586379 -48.845172 -0.317204 0.948357 0.000197 -0.166379 -0.055854 0.984479 -0.933648 -0.312248 -0.175504
0.014849 -8.231082 -4.171057 -61.746953 -0.322049 0.946469 -0.021947 -0.277531 -0.072220 0.957998 -0.905130 -0.314614 -0.285933
0.399219 -6.932935 -45.604243 -7.416074 0.038545 -0.989034 -0.142567 0.993382 0.053374 -0.101704 0.108198 -0.137703 0.984546
0.486149 -7.131879 49.207218 8.042602 -0.063186 0.987668 0.143247 0.970450 0.094299 -0.222113 0.232882 -0.124980 0.964441
0.957499 -7.238622 36.687451 5.847486 -0.027836 0.987328 0.156230 0.971030 0.063814 -0.230278 0.237330 -0.145294 0.960502
1.892739 -6.962350 -64.751456 -30.089048 -0.011640 -0.986061 -0.165976 0.991745 0.009813 -0.127849 0.127695 -0.166094 0.977807
1.384469 -7.216222 14.791918 8.710522 -0.034253 0.983318 0.178641 0.935193 0.094577 -0.341277 0.352479 -0.155374 0.922831
2.068542 -7.353891 51.857837 -5.821223 -0.001291 0.983959 0.178390 0.968910 0.045366 -0.243221 0.247412 -0.172530 0.953426
5.298284 -11.284585 -113.657727 -70.565158 -0.255849 0.966686 0.007685 0.027047 -0.000788 0.999634 -0.966338 -0.255963 0.025944
4.166936 -12.602629 -80.556048 -145.743409 -0.228366 0.973573 0.002324 0.194789 0.043352 0.979887 -0.953890 -0.224226 0.199541
3.266403 -11.940406 -58.241702 -98.692148 -0.292621 0.955518 -0.036849 0.164654 0.088309 0.982390 -0.941946 -0.281400 0.183171
2.397459 -12.914792 -25.100861 -89.587285 -0.304762 0.951148 -0.049369 0.314288 0.149363 0.937504 -0.899079 -0.270200 0.344454
2.261916 -12.103144 -22.824319 -89.829057 -0.326515 0.943266 -0.060317 0.176976 0.123698 0.976411 -0.928476 -0.308138 0.207324
3.107778 -11.146453 -54.409908 -53.995335 -0.323758 0.945331 -0.039129 0.008276 0.044185 0.998989 -0.946104 -0.323106 0.022129
-0.175412 -18.040238 -8.547253 47.114529 0.521564 0.832177 -0.188287 0.850047 -0.487827 0.198609 0.073427 -0.263641 -0.961822
-0.201413 -16.878767 -11.005545 -104.893345 0.569016 0.807674 -0.154542 0.775156 -0.464083 0.428672 0.274507 -0.363716 -0.890144
-0.077826 -18.691804 9.757275 -98.942205 0.562904 0.814074 -0.142908 0.768149 -0.451444 0.454033 0.305101 -0.365351 -0.879450
2.188668 -13.468231 -22.981132 -237.832981 0.675819 0.727937 0.115654 0.496708 -0.333861 -0.801135 0.544564 -0.598869 0.587202
2.051340 -14.000618 -8.033893 -250.842450 0.639255 0.761589 0.106465 0.495643 -0.302200 -0.814256 0.587954 -0.573286 0.570660
2.082713 -17.596238 4.112228 -320.420160 0.650604 0.748662 0.127359 0.378726 -0.174502 -0.908909 0.658241 -0.639574 0.397070
2.413983 -16.781433 8.581838 -343.252590 0.673499 0.728434 0.125632 0.408021 -0.224632 -0.884906 0.616375 -0.647244 0.448506
0.199697 -6.456734 21.397503 -79.232099 -0.201628 0.969359 0.140320 0.653203 0.239830 -0.718197 0.729844 0.053151 0.681545
0.365076 -6.523660 5.248602 -77.849626 -0.199366 0.963017 0.181252 0.619705 0.267185 -0.737955 0.759091 0.034800 0.650054
0.555793 -5.647753 9.053599 -49.407532 -0.223670 0.955732 0.191176 0.674273 0.293364 -0.677712 0.703795 0.022679 0.710041
0.549174 -5.476111 21.324759 -35.193296 -0.227670 0.957286 0.178243 0.704239 0.288292 -0.648795 0.672468 0.022185 0.739793
3.332237 -2.846983 -33.890970 -0.986259 -0.025417 0.934074 0.356174 -0.250743 0.338943 -0.906778 0.967720 0.112356 -0.225598
2.909844 -3.075629 -15.839068 -4.474992 -0.112721 0.939626 0.323105 -0.261539 0.285653 -0.921954 0.958588 0.188428 -0.213550
3.102668 -2.774423 -20.275120 47.198279 -0.062439 0.942759 0.327579 -0.318945 0.292160 -0.901619 0.945714 0.160776 -0.282446
3.431001 -2.934994 2.817317 81.988885 0.011994 0.920673 0.390150 -0.335904 0.371214 -0.865661 0.941820 0.120670 -0.313710
2.602024 -6.315618 76.553614 9.054555 0.259859 0.960530 0.099273 0.964170 -0.263770 0.028306 0.053374 0.088361 -0.994658
2.294735 -6.485698 92.577986 7.912220 0.256903 0.958793 0.121314 0.965198 -0.248191 -0.082423 -0.048917 0.138266 -0.989186
3.431935 -6.304127 39.557316 2.167728 0.240046 0.968931 0.059580 0.970336 -0.237673 -0.044263 -0.028727 0.068438 -0.997242
3.331953 -6.179156 30.785612 -7.860576 0.231422 0.971962 0.041626 -0.970964 0.233427 -0.052348 0.060596 0.028303 -0.997761
-0.356418 -13.632801 61.247154 -250.910300 -0.507140 0.859719 0.060768 0.473415 0.336793 -0.813910 0.720200 0.383998 0.577804
-1.405591 -17.466190 19.251154 -397.798952 -0.463455 0.885178 0.040858 0.432820 0.266365 -0.861230 0.773225 0.381457 0.506570
-1.056792 -20.589396 49.666278 -567.307874 -0.481505 0.874746 0.054511 0.330230 0.238685 -0.913224 0.811850 0.421721 0.403795
0.940072 -19.579365 110.679977 -714.095717 -0.509010 0.857522 0.074601 0.386903 0.305354 -0.870095 0.768905 0.414023 0.487206
2.198636 -12.961568 162.129483 -231.355852 -0.552018 0.826922 0.107127 0.461183 0.409820 -0.786993 0.694684 0.385029 0.607591
-2.544209 -6.714879 13.891961 -27.367158 0.229326 0.490961 0.840456 0.821076 0.366140 -0.437923 -0.522728 0.790505 -0.319151
-2.194112 -6.374623 23.948644 0.705702 0.304280 0.476683 0.824735 0.764714 0.394013 -0.509868 -0.568002 0.785829 -0.244636
-2.025573 -6.915756 28.351304 -53.551927 0.271728 0.452872 0.849159 0.827086 0.341226 -0.446647 -0.492029 0.823694 -0.281843
0.609651 -43.824140 -65.791027 -1378.626052 -0.509303 0.850004 0.134552 0.769376 0.519774 -0.371343 0.385580 0.085605 0.918695
1.237002 -96.956750 -43.900630 -4642.828017 -0.495366 0.861890 0.108437 0.577323 0.419915 -0.700264 0.649085 0.284284 0.705600
0.754007 -36.771692 -29.403609 -729.075840 -0.504311 0.852242 0.139118 0.671178 0.488224 -0.557815 0.543313 0.187939 0.818223
0.784166 -30.506277 -26.540680 -45.927499 -0.547455 0.812228 0.201440 0.774593 0.582936 -0.245339 0.316698 -0.021722 0.948278
0.930512 -27.896648 -20.342933 -308.808932 -0.531027 0.826889 0.185106 0.681795 0.546669 -0.486117 0.503157 0.131937 0.854064
0.864874 -34.043148 -14.000352 -713.722241 -0.487644 0.864013 0.125240 0.534811 0.409019 -0.739378 0.690058 0.293574 0.661540
-49.240718 -3297.927401 1284.838897 -120548.357432 -0.500558 0.854624 -0.138057 0.456726 0.396178 0.796520 -0.735420 -0.335651 0.588639
-12.738781 -897.343184 1083.113522 -36395.194204 -0.518185 0.843134 -0.143560 0.366281 0.370454 0.853582 -0.772866 -0.389730 0.500787
-92.594517 -1550.140007 3305.093884 23516.944339 -0.422933 0.810964 -0.404309 0.887205 0.279800 -0.366849 -0.184376 -0.513857 -0.837828
-1.880619 -559.621300 612.941874 -30078.611871 -0.249695 0.915299 -0.316039 -0.193483 -0.366956 -0.909894 0.948797 0.166048 -0.268722
29.569466 -1605.222662 -1713.500012 148979.237977 -0.229027 0.905208 -0.357975 -0.274771 -0.412913 -0.868334 0.933835 0.100511 -0.343293
-58.085650 -109.699542 -49852.843061 6006.860137 0.692563 0.701745 -0.167065 -0.679555 0.556996 -0.477453 0.241996 -0.444196 -0.862628
0.866415 -1.509206 9.163677 272.363893 0.078670 0.996086 0.040286 0.057714 -0.044895 0.997323 -0.995229 0.076134 0.061020
3.348070 0.937197 333.756462 5.594668 0.093955 0.048367 0.994401 0.056493 0.996951 -0.053829 -0.993972 0.061235 0.090936
0.782609 -1.907449 -7.088411 255.814600 0.050873 0.997909 0.039863 0.050318 -0.042425 0.997832 -0.997437 0.048757 0.052371
3.974020 0.971696 361.282061 1.424495 0.100212 0.010462 0.994911 0.065015 0.997739 -0.017040 -0.992840 0.066392 0.099305
3.470685 -6.533657 -62.537072 14.611888 0.230249 0.972966 -0.017989 -0.635165 0.164263 0.754707 -0.737259 0.162344 -0.655815
2.753463 -6.990888 -135.975414 13.240775 0.166024 0.983927 -0.065754 -0.710486 0.165592 0.683951 -0.683846 0.066835 -0.726559
3.247022 -6.810479 -1.769002 12.664337 0.252029 0.967468 0.022079 -0.718695 0.171847 0.673755 -0.648042 0.185674 -0.738625
-0.823855 -4.495961 32.511303 62.940550 0.424463 0.902122 -0.077501 -0.263710 0.205055 0.942555 -0.866192 0.379642 -0.324937
-1.117402 -5.269173 29.317973 34.869731 0.435259 0.892490 -0.118366 -0.326157 0.278856 0.903250 -0.839149 0.354542 -0.412467
-1.500123 -4.818459 15.001233 61.379023 0.416360 0.897489 -0.145459 -0.254472 0.268623 0.929024 -0.872862 0.349793 -0.340230
-1.519393 -5.506678 13.457822 33.522646 0.429310 0.885602 -0.177208 -0.327946 0.335674 0.883048 -0.841513 0.320987 -0.434538
1.440967 -33.989125 -1.955203 1205.463742 0.437373 0.899258 0.006404 0.861955 -0.421239 0.282119 -0.256395 0.117872 0.959358
1.556584 -22.736123 -8.193701 318.341653 0.409128 0.912397 0.012058 0.906524 -0.407930 0.108662 -0.104062 0.033526 0.994006
0.986451 -33.918617 -17.244545 946.874720 0.426466 0.903990 0.030462 0.832478 -0.405454 0.377607 -0.353704 0.135678 0.925465
0.532335 -55.943849 -27.290714 2022.950682 0.403689 0.913773 -0.045316 0.737145 -0.295522 0.607688 -0.541897 0.278721 0.792882
0.557752 -76.540245 -175.521186 3464.283581 0.359591 0.932210 -0.040970 0.868318 -0.318223 0.380471 -0.341641 0.172389 0.923885
11.437685 -12.577544 -189.457246 115.238641 0.073104 0.995582 -0.058934 0.615377 0.001474 0.788231 -0.784835 0.093889 0.612551
10.521432 -11.513359 -147.770217 136.051308 0.129854 0.990444 -0.046473 0.755120 -0.068408 0.652008 -0.642598 0.119758 0.756787
8.804212 -11.118632 -124.960919 178.163791 -0.044638 0.998277 0.038074 0.714013 0.005225 0.700112 -0.698708 -0.058436 0.713017
9.697627 -12.685963 -102.716020 129.285211 -0.045324 0.998959 -0.005185 0.520067 0.028027 0.853666 -0.852922 -0.035995 0.520796
11.854776 -12.806004 -199.091743 0.139382 0.069289 0.994438 -0.079323 0.422621 0.042766 0.905297 -0.903654 0.096251 0.417307
11.461607 -12.309033 -164.888532 -46.519399 0.115889 0.990941 -0.067868 0.213174 0.041922 0.976114 -0.970117 0.127588 0.206384
9.920678 -13.378194 -94.030841 -17.545487 -0.015792 0.999694 -0.019038 0.283770 0.022739 0.958623 -0.958762 -0.009736 0.284043
9.728060 -13.324308 -104.891936 -12.355780 0.031064 0.999513 -0.002934 0.106612 -0.000395 0.994301 -0.993815 0.031199 0.106572
-1.327673 -7.010444 5.542981 -25.926863 0.203719 -0.963644 0.172883 0.972854 0.219055 0.074631 -0.109789 0.152986 0.982111
-1.418949 -7.522599 -13.591793 -54.115222 0.190547 -0.964366 0.183548 0.981439 0.191269 -0.013932 -0.021672 0.182796 0.982912
-1.451149 -7.383480 21.544687 -28.004674 0.206095 -0.960131 0.188873 0.978348 0.205929 -0.020722 -0.018999 0.189054 0.981783
-0.890788 -11.068117 -8.521569 1.262576 0.087322 0.994192 0.062911 0.264603 0.037735 -0.963619 0.960396 -0.100791 0.259771
-0.890900 -11.218692 -16.934890 13.686145 0.101692 0.990949 0.087629 0.396291 0.040443 -0.917234 0.912476 -0.128003 0.388591
-0.679847 -11.127355 -6.950719 -5.521801 0.102975 0.990240 0.093922 0.261410 0.064164 -0.963093 0.959719 -0.123726 0.252252
0.168053 -11.723368 -34.599731 -70.090317 0.095722 0.977246 0.189280 0.967275 -0.046430 -0.249447 0.234982 -0.206964 0.949710
-0.114372 -11.335265 -8.458672 -73.007675 0.089828 0.980411 0.175285 0.972526 -0.048394 -0.227708 0.214764 -0.190923 0.957823
-0.112257 -10.187708 44.911156 -76.344497 -0.099834 -0.975576 -0.195665 0.990927 -0.079701 -0.108215 0.089977 -0.204694 0.974682
0.554414 -10.236781 30.724626 -89.775835 -0.084720 -0.980606 -0.176735 0.995612 -0.076236 -0.054264 0.039738 -0.180557 0.982761
0.294184 -8.918702 27.586554 -116.683760 -0.063840 -0.978737 -0.194932 0.994326 -0.079038 0.071201 -0.085094 -0.189280 0.978229
0.661138 -26.235123 -0.167037 -61.864130 0.330108 0.943876 -0.011259 -0.941540 0.330095 0.067378 -0.067313 0.011641 -0.997664
0.833697 -25.201457 -5.082766 -187.512447 0.335546 0.942009 -0.005214 -0.939629 0.334293 -0.073110 0.067127 -0.029431 -0.997310
0.912150 -25.797480 7.409458 -8.090682 0.332203 0.943049 0.017293 -0.908786 0.315118 0.273511 -0.252485 0.106577 -0.961713
0.690146 -24.545665 16.579030 103.533663 0.318547 0.947792 0.014766 -0.867248 0.285118 0.408152 -0.382633 0.142821 -0.912795
0.705769 -23.274176 -6.196812 -17.309350 0.312641 0.949555 -0.024504 -0.925468 0.310317 0.217284 -0.213927 0.045254 -0.975801
0.026733 -13.202847 -5.465302 3.914673 0.121512 0.990708 0.061101 -0.140613 0.078117 -0.986978 0.982580 -0.111338 -0.148799
0.539299 -13.360629 -26.105676 -17.481653 0.126791 0.991484 0.029742 -0.100221 0.042635 -0.994051 0.986854 -0.123056 -0.104773
0.122775 -13.082582 -26.164855 53.394494 0.127470 0.991653 0.019372 -0.276126 0.054239 -0.959590 0.952631 -0.116969 -0.280735
-0.230502 -12.561773 17.390045 67.106056 0.111227 0.992597 0.048773 -0.354669 0.085493 -0.931075 0.928352 -0.086263 -0.361553
-0.409745 -12.663232 7.566174 61.138505 0.126538 0.989087 0.075471 -0.311624 0.111868 -0.943598 0.941742 -0.095883 -0.322378
8.347562 -132.166565 -167.996824 6464.557743 0.974783 0.222655 0.014955 0.220043 -0.970177 0.101675 -0.037147 0.095820 0.994705
2.170470 -81.101426 -40.872069 4015.427693 0.974229 0.225007 0.015777 0.209239 -0.927650 0.309329 -0.084237 0.298056 0.950824
-1.854839 -80.151992 118.634992 3616.807775 0.992977 0.106544 0.051428 0.081036 -0.929242 0.360477 -0.086196 0.353777 0.931349
-2.291612 -11.216433 -19.660879 355.603173 0.177463 0.967283 -0.181303 -0.723936 0.003513 -0.689859 0.666651 -0.253676 -0.700874
-2.034455 -12.964540 2.499809 279.184815 0.126740 0.977841 -0.166625 -0.603613 -0.057270 -0.795218 0.787139 -0.201363 -0.582979
-2.599675 -14.357012 23.899233 214.645659 0.180673 0.973764 -0.138350 -0.489941 -0.032865 -0.871136 0.852828 -0.225175 -0.471149
-2.682303 -23.585439 -54.220097 -302.543762 -0.144302 0.953680 -0.263954 0.969095 0.082265 -0.232568 -0.200081 -0.289356 -0.936077
-2.330093 -22.605569 -96.275284 295.055653 -0.187273 0.936098 -0.297741 -0.894014 -0.036829 0.446524 -0.407024 -0.349806 -0.843781
-3.376465 -21.660613 -42.868842 304.066333 -0.147492 0.959695 -0.239232 -0.885736 -0.020526 0.463736 -0.440135 -0.280294 -0.853063
-3.684102 -22.841867 -21.875860 291.830505 -0.093543 0.974390 -0.204484 -0.955661 -0.030276 0.292907 -0.279215 -0.222817 -0.934019
-4.130741 -13.591707 39.372007 -31.163886 -0.366937 -0.927279 0.074239 0.929990 -0.367539 0.005880 0.021834 0.071199 0.997223
-3.380915 -13.759196 -32.168806 -24.604588 0.349589 0.936266 -0.034548 0.929594 -0.351223 -0.111791 0.116800 -0.006965 0.993131
-3.786173 -13.819008 -35.375791 -8.293353 0.386289 0.918691 -0.082391 0.884967 -0.394321 -0.247679 0.260028 -0.022763 0.965333
-4.400810 -13.029046 18.091001 -10.029130 -0.372312 -0.914736 0.156980 0.926268 -0.376866 0.000814 0.058416 0.145708 0.987601
-4.429251 -12.731290 21.715307 -41.521842 -0.374225 -0.918300 0.129153 0.917002 -0.345711 0.198976 -0.138070 0.192895 0.971457
-4.190893 -13.290813 -35.775603 -7.795259 0.382941 0.914699 -0.129159 0.902199 -0.400364 -0.160456 0.198480 0.055082 0.978556
8.050069 -118.374739 -862.420219 -6175.288511 0.792320 -0.591030 -0.151372 0.558990 0.603828 0.568262 0.244457 0.534861 -0.808805
6.127742 -125.503694 -293.380096 596.827046 0.750072 -0.658495 -0.061445 0.310769 0.268920 0.911650 0.583793 0.702898 -0.406349
-1.808984 -109.061116 -293.153787 2828.937476 0.820022 -0.567981 -0.070436 0.315757 0.346324 0.883379 0.477349 0.746630 -0.463337
-4.550625 -133.929547 -360.546794 -6260.724715 0.783082 -0.603903 -0.148605 0.601769 0.675433 0.426221 0.157024 0.423192 -0.892330
-1.809284 -355.757426 -986.896880 -19610.775545 0.769754 -0.618483 -0.157983 0.632411 0.772535 0.056975 -0.086809 0.143767 -0.985797
0.924076 -1.222669 51.703862 -3.711060 0.412272 0.909948 -0.045022 -0.055151 0.074253 0.995713 -0.909390 0.408022 -0.080797
0.262193 -1.537937 37.260279 -19.473738 0.414523 0.900000 -0.134799 -0.019951 0.157077 0.987385 -0.909820 0.406605 -0.083068
1.395428 -1.739417 79.100883 -31.478282 0.414180 0.910017 0.018016 -0.065974 0.010273 0.997768 -0.907801 0.414444 -0.064292
2.058218 -1.306027 98.525051 -7.674898 0.395541 0.914105 0.089216 -0.102202 -0.052729 0.993365 -0.912744 0.402035 -0.072567
-0.989032 -16.284324 32.541600 3.836226 0.359480 0.908184 0.214419 0.922667 -0.380280 0.063819 0.139499 0.174895 -0.974655
-1.582559 -16.159563 42.883326 -24.471439 0.342482 0.917813 0.200813 -0.916870 0.373153 -0.141794 0.205074 0.135557 -0.969314
-1.838410 -16.662911 26.083568 -31.542602 0.339496 0.922674 0.182800 0.940058 -0.326184 -0.099477 -0.032159 0.205615 -0.978105
-1.259605 -16.136212 20.863252 -69.656311 0.360935 0.909927 0.204351 0.926646 -0.325217 -0.188576 -0.105132 0.257425 -0.960562
3.432114 -3.552949 115.611858 13.051395 0.311366 0.824136 -0.473129 0.622015 -0.553154 -0.554182 0.718435 0.121740 0.684858
4.406521 -3.398004 104.795828 14.992554 0.307426 0.861728 -0.403626 0.662980 -0.498240 -0.558762 0.682603 0.095818 0.724480
3.461415 -4.245333 136.616226 54.478985 0.234560 0.871694 -0.430268 0.687212 -0.461745 -0.560832 0.687548 0.164137 0.707345
4.090252 -2.926779 55.586550 -20.400197 0.377981 0.824358 -0.421383 0.604994 -0.564458 -0.561577 0.700794 0.042669 0.712087
2.393826 -4.068492 82.627208 45.433741 0.259626 0.847486 -0.462993 0.646008 -0.508782 -0.569047 0.717821 0.151358 0.679576
2.355721 -3.459271 63.075936 28.567116 0.316427 0.812735 -0.489219 0.585074 -0.573152 -0.573746 0.746701 0.104680 0.656871
3.460684 -3.079364 95.340919 -3.358711 0.362109 0.800723 -0.477200 0.563900 -0.595816 -0.571856 0.742222 0.062019 0.667278
5.246249 -57.960057 -89.254437 2497.112212 0.085840 0.978032 0.189962 -0.508158 0.206980 -0.836023 0.856976 0.024767 -0.514761
5.568714 -41.239907 -127.906437 1167.365111 0.195918 0.960812 0.196104 -0.368436 0.257451 -0.893294 0.908774 -0.102760 -0.404437
7.063457 -53.348153 -101.675851 1252.154660 0.112935 0.977173 0.179941 -0.014388 0.182689 -0.983065 0.993498 -0.108433 -0.034692
0.746011 -26.702440 70.646473 -152.612719 0.898342 -0.238122 0.369161 0.360082 0.880512 -0.308287 0.251641 -0.409875 -0.876744
0.246170 -27.807088 -82.682190 19.604886 -0.855816 0.344423 -0.385943 0.335890 0.937422 0.091749 0.393392 -0.051114 -0.917949
1.510563 -31.966052 -93.504667 -140.756027 -0.872398 0.313559 -0.374970 0.392053 0.907016 -0.153676 0.291917 -0.281075 -0.914211
2.134318 -29.067961 44.089258 -479.015530 0.902403 -0.231517 0.363414 0.395914 0.778364 -0.487238 0.170064 -0.583566 -0.794059
0.821966 -2.782272 11.612486 -75.673266 0.132586 0.990948 0.021046 0.749697 -0.086372 -0.656121 0.648364 -0.102771 0.754362
0.785410 -3.026966 -22.293351 -67.073565 0.164716 0.985398 0.043109 0.748421 -0.096397 -0.656181 0.642444 -0.140347 0.753372
0.879252 -1.930639 1.837593 -44.947417 0.161119 0.986854 0.012626 0.766160 -0.117003 -0.631909 0.622125 -0.111486 0.774939
0.829009 -4.070681 6.077758 -78.912177 0.152414 0.988188 0.015966 0.710245 -0.098282 -0.697060 0.687257 -0.117582 0.716835
-6.994004 -10.839650 24.532065 110.350577 -0.422146 0.905174 0.049516 -0.603047 -0.239621 -0.760866 0.676851 0.351057 -0.647018
-9.658534 -12.256500 61.798726 194.823524 -0.004864 0.902582 0.430490 -0.686349 0.310071 -0.657861 0.727256 0.298666 -0.617978
-5.767912 -9.226886 -22.265725 99.255814 -0.589573 0.800065 -0.110904 -0.553914 -0.500420 -0.665401 0.587863 0.330871 -0.738202
-8.256501 -9.753923 30.519948 9.037189 0.908517 0.366255 -0.201130 0.167539 0.121662 0.978330 -0.382789 0.922527 -0.049170
-6.112572 -9.749113 72.161436 0.402751 0.996039 0.085792 -0.023352 0.009180 0.162002 0.986748 -0.088438 0.983054 -0.160573
-1.742492 -6.402698 -208.315386 62.133388 0.405509 0.905963 -0.121628 -0.612456 0.170506 -0.771897 0.678572 -0.387503 -0.624005
0.035688 -6.551881 -236.999890 52.582335 0.418506 0.897007 -0.142235 -0.549912 0.125634 -0.825720 0.722807 -0.423786 -0.545853
1.305498 -6.690077 -184.387997 48.648213 0.369779 0.911361 -0.180789 -0.504200 0.033392 -0.862941 0.780414 -0.410252 -0.471855
2.672683 -5.912686 -111.643547 44.614944 0.372651 0.922625 -0.099469 -0.547168 0.131890 -0.826566 0.749492 -0.362446 -0.553980
1.207571 -5.745482 -154.161790 27.602793 0.426678 0.901676 -0.070189 -0.577462 0.211884 -0.788443 0.696048 -0.376943 -0.611090
-1.171662 -6.934757 -36.297633 36.318324 -0.325783 0.944730 0.036740 -0.932340 -0.314577 -0.178278 0.156867 0.092334 -0.983294
-1.349186 -6.214484 -37.820593 -43.942561 -0.317990 0.947099 0.043422 0.947486 0.315813 0.050321 0.033945 0.057143 -0.997789
-0.885286 -6.982649 -37.465182 50.172423 -0.316831 0.948441 0.008773 -0.933331 -0.310110 -0.180898 0.168851 0.065502 -0.983463
-1.713350 -6.652865 -36.180487 46.601731 -0.320692 0.945386 0.058326 -0.942048 -0.311944 -0.123436 0.098501 0.094531 -0.990637
-1.493009 -7.129386 -29.353375 20.906487 -0.281611 0.956872 0.071354 -0.930708 -0.254307 -0.262888 0.233404 0.140441 -0.962184
-1.045201 -7.547354 -13.285603 49.132470 -0.323170 0.945617 0.037018 -0.914948 -0.302219 -0.267459 0.241727 0.120304 -0.962858
-1.141200 -7.586193 -13.719790 37.964410 -0.296778 0.953015 0.060703 -0.911256 -0.263619 -0.316414 0.285545 0.149220 -0.946677
1.039896 -8.998129 55.487369 -4.884455 -0.316878 0.948421 0.009265 0.046239 0.005691 0.998914 -0.947339 -0.316962 0.045658
1.558999 -8.407202 66.818053 4.880937 -0.331767 0.943342 -0.006007 -0.086449 -0.024062 0.995966 -0.939392 -0.330948 -0.089534
1.092053 -8.290787 74.052290 -30.321171 -0.320179 0.947352 0.003178 -0.220667 -0.077841 0.972238 -0.921299 -0.310589 -0.233973
0.036377 -7.088090 24.415864 2.273730 -0.090302 0.983757 0.155138 0.983246 0.112832 -0.143165 0.158344 -0.139611 0.977464
0.381036 -7.059619 24.506208 -1.452291 -0.099917 0.983024 0.153881 0.954527 0.138358 -0.264073 0.280881 -0.120498 0.952148
6.155402 -10.975873 -146.513586 -151.379533 -0.179725 0.982134 0.055790 0.100996 -0.037992 0.994161 -0.978519 -0.184310 0.092363
0.273627 -23.184232 -36.378211 324.272674 0.632526 0.767503 -0.104168 -0.510862 0.312315 -0.800924 0.582178 -0.559821 -0.589635
-0.079348 -18.492967 -24.546995 -228.045010 0.611503 0.779860 -0.133726 0.675557 -0.426599 0.601362 0.411931 -0.458075 -0.787706
-0.066674 -19.815213 -18.021514 243.358566 0.622686 0.774102 -0.114137 -0.572401 0.351187 -0.740962 0.533497 -0.526719 -0.661776
-0.486761 -16.113807 -4.113610 -169.935268 0.598425 0.793068 -0.113712 0.684512 -0.432353 0.586953 0.416330 -0.429084 -0.801596
-0.069126 -22.510634 -37.637818 268.667361 0.643577 0.759991 -0.090679 -0.393521 0.226948 -0.890862 0.656468 -0.609023 -0.445131
-0.475840 -20.204851 -6.466371 251.230195 0.616481 0.781115 -0.099048 -0.542387 0.330106 -0.772558 0.570761 -0.529990 -0.627170
-1.421684 -12.076584 0.620036 113.800567 0.588705 0.808209 0.015004 -0.680552 0.505565 -0.530334 0.436206 -0.301999 -0.847656
-1.717342 -11.329129 6.009580 11.991488 0.597499 0.800953 0.038323 -0.716321 0.554623 -0.423412 0.360388 -0.225536 -0.905126
-1.394523 -12.659918 24.561467 75.820012 0.597664 0.798513 0.071928 -0.662735 0.542534 -0.516177 0.451197 -0.260831 -0.853456
-1.573391 -11.102032 -13.220130 24.519662 0.588392 0.808440 -0.014814 -0.725420 0.519699 -0.451308 0.357157 -0.276292 -0.892245
-1.360554 -12.214589 -23.800518 103.237055 0.579392 0.813800 -0.045106 -0.704700 0.472375 -0.529395 0.409514 -0.338514 -0.847176
0.652599 -6.552002 25.126538 -51.545143 -0.229019 0.947014 0.225198 0.557048 0.317224 -0.767507 0.798278 0.050328 0.600183
-0.061074 -7.763589 -1.813452 -67.783302 -0.163281 0.977682 0.132199 0.497814 0.197334 -0.844536 0.851775 0.072086 0.518925
-0.455603 -8.992413 4.462519 -72.686810 -0.134595 0.989060 0.060371 0.418658 0.111981 -0.901213 0.898115 0.096024 0.429150
-0.504242 -8.821115 -3.354339 -64.817103 -0.150457 0.984800 0.086783 0.366229 0.137057 -0.920376 0.918281 0.106694 0.381283
-0.058869 -7.609718 2.867613 -51.534911 -0.189080 0.968131 0.164229 0.455392 0.234625 -0.858819 0.869981 0.087597 0.485242
1.732891 -5.670790 36.003931 18.299161 -0.184517 0.954211 0.235444 0.753376 0.291165 -0.589616 0.631172 -0.068584 0.772605
1.598325 -5.594614 43.548023 -4.722151 -0.231451 0.939084 0.254070 0.675258 0.343079 -0.652935 0.700326 -0.020440 0.713530
1.981507 -6.086725 68.685641 9.975036 -0.208695 0.943266 0.258255 0.683472 0.329549 -0.651354 0.699508 -0.040575 0.713472
1.593748 -5.996774 54.420363 -24.415946 -0.257166 0.927335 0.271873 0.615172 0.374063 -0.694002 0.745271 0.011225 0.666667
2.349100 -6.435939 55.915451 36.448470 -0.144271 0.960296 0.238784 0.762290 0.261719 -0.591960 0.630951 -0.096620 0.769782
-1.348652 -21.010350 -2.446334 -477.644538 -0.422721 0.905933 0.024333 0.282480 0.157226 -0.946301 0.861111 0.393148 0.322371
-1.592212 -25.374773 8.848008 -617.220589 -0.447102 0.893490 0.042135 0.203306 0.147381 -0.967959 0.871072 0.424210 0.247546
0.837281 -24.359340 87.684256 -682.359206 -0.073028 0.963062 0.259189 0.992549 0.095598 -0.075554 -0.097541 0.251740 -0.962867
0.741521 -24.498141 108.795047 -688.248584 -0.155322 0.949406 0.272952 0.987836 0.151364 0.035637 -0.007481 0.275167 -0.961367
-0.450717 -17.158697 74.027484 485.565271 -0.163897 0.957139 0.238793 -0.955898 -0.213896 0.201262 -0.243713 0.195276 -0.949985
-2.425440 -8.324374 -2.173246 -101.031432 0.100195 0.469924 0.877002 0.907728 0.317759 -0.273971 -0.407421 0.823529 -0.394725
-2.431305 -8.051603 -4.873571 -97.116420 0.025022 0.484157 0.874623 0.919356 0.332473 -0.210346 -0.392629 0.809354 -0.436794
-2.837869 -6.541419 9.942114 -22.752210 0.121162 0.495091 0.860352 0.861522 0.378069 -0.338887 -0.493052 0.782272 -0.380724
1.027883 -42.285393 -27.384677 -738.906095 -0.542317 0.829315 0.134645 0.702520 0.535502 -0.468724 0.460823 0.159606 0.873022
2.501745 -75.831736 43.068925 -3422.483255 -0.541388 0.832604 0.116917 0.538235 0.450042 -0.712577 0.645912 0.322852 0.691784
1.121015 -63.398156 -19.268451 -1489.067117 -0.491723 0.867900 0.070419 0.227080 0.205888 -0.951864 0.840621 0.452062 0.298322
-5.720906 -14.072159 -92.278222 -153.910356 -0.306512 0.936503 0.170334 -0.575262 -0.039680 -0.817006 0.758370 0.348409 -0.550897
-2.587023 -15.500627 137.375032 -176.635066 -0.542325 0.825903 -0.154166 -0.415643 -0.423208 -0.805069 0.730153 0.372531 -0.572798
-8.825033 -13.121985 508.983133 34.019840 -0.583172 0.763421 -0.277667 -0.238019 -0.487385 -0.840121 0.776696 0.423845 -0.465938
28.433870 -258.441852 -3598.937375 14026.189219 0.062104 0.703184 0.708290 -0.493271 0.638556 -0.590702 0.867656 0.312695 -0.386517
4.899865 0.679744 377.754082 -12.922026 0.101214 0.063764 0.992819 0.015781 0.997715 -0.065687 -0.994739 0.022316 0.099977
0.779167 -0.096005 -1.269708 268.795597 0.047576 0.954222 0.295292 0.080660 -0.298331 0.951048 -0.995606 0.021429 0.091161
2.969816 0.911153 344.691227 -16.140474 0.108667 0.100294 0.989006 0.027383 0.994218 -0.103831 -0.993701 0.038365 0.105293
5.095554 0.865084 147.496218 -0.595412 -0.036057 0.018384 0.999181 0.043277 0.998922 -0.016817 -0.998412 0.042636 -0.036813
1.882980 -2.787545 -60.251367 27.207634 0.181383 0.964526 -0.191809 -0.120108 0.215311 0.969131 -0.976050 0.152747 -0.154901
2.317582 -1.769854 -77.060744 43.101249 0.208352 0.933799 -0.290877 -0.061090 0.309248 0.949017 -0.976144 0.179960 -0.121479
1.636454 -2.129473 -45.289870 46.387534 0.188004 0.936943 -0.294606 -0.045665 0.307969 0.950300 -0.981106 0.165207 -0.100685
1.151344 -3.155071 -14.777163 29.294551 0.171665 0.971676 -0.162407 -0.104010 0.181809 0.977818 -0.979649 0.150965 -0.132275
1.030278 -3.641790 -20.997389 31.986697 0.158459 0.984488 -0.075331 -0.176321 0.103284 0.978899 -0.971495 0.141832 -0.189952
1.735744 -3.563948 -72.075112 40.426015 0.161421 0.980772 -0.109679 -0.189329 0.139848 0.971904 -0.968554 0.136120 -0.208263
-0.174335 -4.779949 74.237747 44.741866 0.432301 0.901132 -0.032825 -0.323076 0.188770 0.927355 -0.841866 0.390291 -0.372740
-1.455277 -5.835159 12.357251 12.808171 0.437860 0.885240 -0.156939 -0.401713 0.348809 0.846734 -0.804304 0.307707 -0.508342
-0.887072 -5.614483 40.764883 23.725863 0.432398 0.897428 -0.087494 -0.400392 0.278043 0.873143 -0.807909 0.342514 -0.479548
1.419137 -23.771346 -4.794381 446.087328 0.441169 0.896854 0.031983 0.884429 -0.440547 0.153959 -0.152169 0.039635 0.987559
2.066170 -19.582217 20.973100 116.456207 -0.409357 -0.911997 -0.026246 0.911137 -0.407135 -0.063795 0.047495 -0.050029 0.997618
1.904187 -22.587505 10.526274 310.340737 -0.457424 -0.887380 -0.057629 0.886354 -0.449751 -0.110007 0.071699 -0.101400 0.992259
2.619163 -20.614022 -30.481908 -128.450891 0.416585 0.908812 0.022769 0.874748 -0.393900 -0.282239 0.247533 -0.137494 0.959074
3.315807 -0.652058 -29.267883 -19.711983 -0.208684 0.030619 0.977504 0.006769 0.999531 -0.029864 -0.977960 0.000384 -0.208793
2.574725 -0.477275 -214.723108 -18.595083 -0.357540 -0.015602 0.933767 -0.003347 0.999875 0.015425 -0.933892 0.002390 -0.357548
2.427357 -0.733146 -197.221627 -16.374850 -0.349008 -0.041205 0.936214 -0.004265 0.999092 0.042383 -0.937110 0.010799 -0.348867
12.383900 -12.473397 -200.306536 44.233266 0.297228 0.948050 -0.113390 0.791242 -0.178099 0.584993 -0.534408 0.263596 0.803072
9.557177 -10.422361 -135.472845 -18.800236 0.191428 0.981495 -0.004693 0.801810 -0.153621 0.577495 -0.566088 0.114312 0.816381
7.797939 -10.308294 -88.776419 18.464291 0.045095 0.997914 0.046186 0.800242 -0.063760 0.596277 -0.597979 -0.010071 0.801449
9.953276 -6.906674 106.144200 -22.177841 0.496695 0.854483 -0.152161 0.159688 0.082353 0.983726 -0.853109 0.512910 0.095547
11.398450 -8.863691 85.460973 -120.446255 0.480993 0.826652 -0.292049 0.323615 0.142187 0.935444 -0.814812 0.544454 0.199126
11.386304 -9.502790 -54.270007 -43.416388 0.317780 0.940567 -0.119795 0.170542 0.067584 0.983030 -0.932701 0.332817 0.138929
3.557627 -5.343115 -26.540008 10.298813 0.027390 0.923255 0.383209 0.291522 0.359311 -0.886516 0.956172 -0.135996 0.259307
2.422452 -4.863134 -101.333791 30.865972 0.060151 0.888168 0.455564 0.237038 0.430626 -0.870847 0.969637 -0.160368 0.184627
3.008045 -5.788747 -108.850136 18.988852 0.086061 0.900527 0.426198 0.312844 0.381722 -0.869722 0.945897 -0.208183 0.248873
3.349750 -4.571150 -23.447810 26.897391 -0.008429 0.915056 0.403238 0.223062 0.394812 -0.891273 0.974768 -0.082435 0.207442
3.547299 -5.747789 -36.494370 19.677829 0.034506 0.933498 0.356918 0.372986 0.319298 -0.871166 0.927195 -0.163186 0.337164
3.549216 -5.043035 65.277089 29.507469 -0.072260 0.949022 0.306815 0.295919 0.314167 -0.902070 0.952476 -0.025608 0.303536
-1.477310 -8.094683 -13.657715 -42.523728 0.165682 -0.963407 0.210706 0.980952 0.139028 -0.135664 0.101406 0.229170 0.968090
0.137620 -12.008325 -38.358454 -58.439938 0.106808 0.976100 0.189266 0.921053 -0.025433 -0.388606 0.374505 -0.215830 0.901756
-0.172546 -11.947902 -11.795435 -104.795820 0.110756 0.979513 0.168186 0.943297 -0.050323 -0.328115 0.312929 -0.194990 0.929545
-0.265305 -11.048054 17.426618 -72.855439 0.079437 0.985665 0.148843 0.971898 -0.043389 -0.231368 0.221593 -0.163039 0.961413
-0.135488 -9.880165 -29.703078 -73.385151 -0.064102 -0.986679 -0.149515 0.993581 -0.049108 -0.101908 0.093209 -0.155088 0.983494
0.789186 -9.884927 65.375629 148.506795 -0.441523 -0.893156 -0.085617 0.896325 -0.434724 -0.087277 0.040732 -0.115276 0.992498
1.180241 -11.976213 12.774103 164.138882 -0.471145 -0.881104 -0.040953 0.881884 -0.471461 -0.002176 -0.017391 -0.037141 0.999159
0.775075 -9.542115 -25.995002 43.586886 0.514433 0.857199 0.023826 0.847990 -0.504381 -0.162827 0.127558 -0.103968 0.986367
1.242986 -10.469094 14.366832 20.577324 0.505360 0.862887 -0.006056 0.857936 -0.503188 -0.103672 0.092505 -0.047196 0.994593
0.091189 -8.115100 -48.607678 -25.964222 0.516817 0.854933 0.044616 0.839394 -0.495801 -0.222706 0.168278 -0.152549 0.973864
0.965482 -10.032083 -1.682234 -112.134841 0.562576 0.826506 -0.019917 0.796938 -0.548546 -0.252955 0.219994 -0.126434 0.967273
0.457348 -10.706833 -49.350766 -162.444439 0.596321 0.802645 0.012691 0.762973 -0.561790 -0.319788 0.249547 -0.200379 0.947404
0.811117 -21.620404 -13.032225 -242.074380 0.351683 0.935902 -0.020137 -0.873010 0.320134 -0.367925 0.337895 -0.146973 -0.929638
0.949661 -25.599913 -14.629815 -373.729402 0.343158 0.939229 -0.009521 -0.922585 0.335140 -0.191100 0.176296 -0.074362 -0.981524
0.850251 -28.596435 -24.267709 -256.905450 0.324329 0.945908 0.008352 -0.935633 0.319481 0.150076 -0.139290 0.056488 -0.988639
0.510914 -13.935046 -31.219748 24.123153 0.131041 0.991346 -0.007858 -0.157585 0.013004 -0.987420 0.978772 -0.130631 -0.157926
1.151321 -13.401157 -66.097278 -64.660850 0.150886 0.988232 0.025127 0.043991 0.018681 -0.998857 0.987572 -0.151819 0.040655
1.028293 -13.889488 -11.511118 -84.384060 0.107475 0.993921 0.023884 0.130294 0.009735 -0.991428 0.985633 -0.109665 0.128456
1.373234 -12.666300 -33.974298 -90.773290 0.125231 0.989501 0.072149 0.240296 0.040305 -0.969863 0.962588 -0.138794 0.232725
5.367383 -62.485268 50.029768 2821.611399 0.922433 0.384982 -0.030106 0.382248 -0.899252 0.212678 -0.054804 0.207689 0.976658
14.999930 -761.844672 235.367421 79685.287193 0.993408 0.110679 -0.029832 0.057628 -0.257240 0.964628 -0.099090 0.959988 0.261923
2.416131 -60.565926 19.141656 3413.981489 0.956024 0.292298 -0.024089 0.293265 -0.951681 0.091100 -0.003703 0.094158 0.995550
-0.861777 -12.138077 -21.065600 -262.133852 0.380326 0.924851 0.001486 -0.567210 0.234522 -0.789476 0.730496 -0.299416 -0.613779
-0.855639 -9.044137 -11.829896 -173.185785 0.398504 0.914199 0.073717 -0.404076 0.247155 -0.880703 0.823357 -0.321176 -0.467898
-0.562831 -9.477849 -20.011754 -241.295244 0.391753 0.920002 0.011237 -0.441133 0.198532 -0.875207 0.807423 -0.337907 -0.483618
-0.554937 -14.036687 -19.390399 -307.712409 0.359767 0.932742 -0.023672 -0.610456 0.216120 -0.761994 0.705628 -0.288591 -0.647151
-1.037143 -15.619369 -27.873854 -215.775358 0.357589 0.933601 -0.022807 -0.736652 0.266974 -0.621344 0.573998 -0.238986 -0.783206
-2.129406 -15.216491 15.119134 96.868128 0.131109 0.980574 -0.145894 -0.421356 -0.078093 -0.903527 0.897368 -0.179934 -0.402932
-1.383067 -25.306142 -88.356690 -187.236872 -0.191950 0.925414 -0.326748 0.968367 0.124505 -0.216250 -0.159439 -0.357921 -0.920039
-2.814550 -13.750627 -44.858293 -7.239767 0.360125 0.932541 -0.026011 0.877883 -0.348188 -0.328764 0.315643 -0.095562 0.944054
19.531438 -2203.425934 -3177.190812 155959.534376 0.744512 -0.662714 0.080698 -0.088578 0.021751 0.995832 0.661707 0.748557 0.042508
6.733644 -98.057001 124.605556 -3401.860384 -0.604268 0.792644 0.081085 0.039097 0.131140 -0.990593 0.795821 0.595413 0.110234
9.691986 -99.127275 -26.176944 3239.514828 -0.554634 0.829232 0.068951 -0.464316 -0.239662 -0.852627 0.690501 0.504912 -0.517950
5.379556 -1485.352420 1130.175688 120153.712682 -0.097864 0.992595 0.071954 -0.809663 -0.037370 -0.585704 0.578678 0.115578 -0.807325
13.154825 -972.832853 900.663089 -82730.072330 -0.224246 0.974530 -0.002462 -0.655086 -0.148868 0.740743 -0.721509 -0.167721 -0.671784
7.899633 -500.134939 38.117980 -23572.654700 -0.064243 0.995050 -0.075815 -0.847750 -0.094498 -0.521910 0.526491 -0.030743 -0.849625
9.459020 -588.545927 251.587703 -34152.742954 -0.283627 0.955941 -0.075719 -0.642762 -0.130921 0.754796 -0.711626 -0.262750 -0.651575
11.818687 -585.536378 704.963460 229784.353900 -0.044242 0.986988 0.154590 0.695268 0.141538 -0.704677 0.717388 -0.076305 0.692483
61.514337 -1303.587997 3395.636241 -16024.207310 0.184489 0.982692 0.016728 0.242387 -0.028997 -0.969746 0.952477 -0.182962 0.243541
1.908914 -38.032460 -227.541512 855.379638 -0.086331 0.947255 -0.308635 0.970992 0.149338 0.186740 0.222982 -0.283561 -0.932669
0.007786 -1.187673 8.022725 -10.075851 0.406226 0.867976 -0.285653 0.019975 0.304099 0.952431 -0.913554 0.392608 -0.106196
-0.415241 -1.373406 21.252561 -6.681927 0.400837 0.794056 -0.456951 0.094861 0.460120 0.882775 -0.911225 0.397196 -0.109109
-1.042714 -15.976723 57.965130 -70.166102 0.354322 0.905427 0.233791 -0.846590 0.416775 -0.331034 0.397165 0.080632 -0.914198
-1.685487 -15.645669 37.744779 -43.752678 0.354862 0.915708 0.188552 -0.859782 0.398852 -0.318893 0.367217 0.048950 -0.928846
4.549037 -3.973535 83.678122 70.292302 0.244046 0.907814 -0.341050 0.720677 -0.405098 -0.562602 0.648897 0.108486 0.753103
4.563506 -2.518130 -26.427937 -10.590342 0.387084 0.863135 -0.324290 0.652577 -0.504924 -0.564974 0.651391 -0.007069 0.758710
3.597894 -29.818537 -59.279624 770.611866 0.245469 0.959558 0.137817 -0.487602 0.245089 -0.837959 0.837848 -0.138493 -0.528044
3.613420 -44.750432 -46.690040 1550.682729 0.247139 0.944341 0.217121 -0.158283 0.260406 -0.952437 0.955965 -0.201018 -0.213830
5.140011 -43.743197 -107.594053 396.939375 0.201286 0.954914 0.218227 0.136445 0.193281 -0.971610 0.969983 -0.225348 0.091388
0.835625 -2.185174 -23.992343 -28.624800 0.222245 0.974979 -0.004883 0.756799 -0.175665 -0.629600 0.614705 -0.136230 0.776904
0.359288 -2.731414 -37.212403 -41.233850 0.188885 0.980986 0.044590 0.761391 -0.117624 -0.637533 0.620167 -0.154371 0.769131
0.744857 -4.197703 -36.851706 -74.951159 0.158113 0.985507 0.061445 0.709446 -0.070100 -0.701265 0.686794 -0.154471 0.710248
