17271
34521
-3.833975 -4.651182 -19.200822 -48.343681 0.571206 0.819385 -0.048289 -0.693363 0.450195 -0.562648 0.439286 -0.354870 -0.825285
-2.994980 -4.921335 -4.042054 -27.366172 0.354334 0.910234 -0.214292 -0.864279 0.231284 -0.446686 0.357027 -0.343484 -0.868649
-4.758031 -6.292514 -32.133771 -58.554672 0.825024 0.562326 0.055899 -0.498287 0.770574 -0.397398 0.266542 -0.300009 -0.915942
-2.774959 -4.230448 0.810635 23.196597 0.104410 0.910578 -0.399933 0.911450 0.073294 0.404829 0.397941 -0.406787 -0.822294
-4.574972 -8.301986 6.794913 -122.711757 -0.889053 -0.366026 -0.274972 -0.238734 0.883175 -0.403742 0.390629 -0.293303 -0.872572
-3.708662 -7.950314 -23.122973 -132.529413 -0.840490 -0.382216 -0.384041 -0.193630 0.873866 -0.445944 0.506047 -0.300450 -0.808484
-3.334167 -4.083977 17.652150 -56.548263 0.712378 0.667064 0.218044 -0.419768 0.653999 -0.629349 0.562417 -0.356806 -0.745907
-2.605399 -3.768879 -7.832675 -21.075899 -0.125737 0.838963 -0.529464 -0.865578 -0.353546 -0.354656 0.484733 -0.413699 -0.770641
4.201223 -5.299409 24.859132 30.849202 0.356541 0.933572 -0.036347 0.521802 -0.231251 -0.821124 0.774984 -0.273798 0.569591
3.153362 -4.927460 41.551753 28.741861 0.243423 0.960391 -0.135625 0.449068 -0.235537 -0.861894 0.859700 -0.148900 0.488616
3.720269 -4.487512 7.538495 3.929234 0.372641 0.927969 -0.003401 0.419582 -0.171757 -0.891320 0.827701 -0.330715 0.453363
4.010041 -4.978315 -8.102248 21.212750 0.461651 0.881210 0.101719 0.487959 -0.156510 -0.858720 0.740793 -0.446064 0.502247
2.966670 -4.746134 -3.216924 -15.918869 0.453928 0.878243 0.150459 0.410755 -0.056403 -0.910000 0.790715 -0.474876 0.386345
-2.044902 -3.876745 59.534929 1.037752 -0.147185 0.984848 -0.091713 -0.763421 -0.172068 -0.622559 0.628907 0.021616 -0.777180
-2.224079 -4.101879 70.930521 -3.661351 -0.122529 0.989208 -0.080337 -0.687685 -0.142988 -0.711789 0.715595 0.031968 -0.697784
-3.115472 -4.309724 30.780969 -2.649250 -0.334234 0.880076 -0.337274 -0.704846 -0.470972 -0.530451 0.625684 -0.060432 -0.777732
-2.411379 -3.801934 33.910947 8.728539 -0.223585 0.959085 -0.173684 -0.820886 -0.281366 -0.496970 0.525505 -0.031460 -0.850208
-1.153300 -3.672489 57.199029 2.572644 -0.063756 0.997960 0.003247 -0.809407 -0.049806 -0.585133 0.583777 0.039933 -0.810931
247.422053 4.932865 6117.054064 -397.684319 0.835102 -0.507513 0.212216 -0.496120 -0.528208 0.689102 0.237634 0.680755 0.692895
59.219480 -11.659988 -2150.484414 -98.278307 0.856022 0.296509 0.423448 -0.232933 -0.510026 0.828019 -0.461485 0.807438 0.367527
101.302791 -23.106713 -3957.753232 -534.115967 0.506514 0.733793 0.452760 -0.240102 -0.384296 0.891441 -0.828127 0.560236 0.018466
57.171832 -13.220491 -2423.041029 -167.243513 0.558177 0.632391 0.537141 -0.121993 -0.577789 0.807018 -0.820705 0.515986 0.245361
70.547394 -16.498078 -2614.452830 -362.419266 0.531289 0.806353 0.259860 -0.332098 -0.083957 0.939501 -0.779386 0.585445 -0.223183
1.306540 -4.130033 70.426113 -1.826544 0.771784 0.519401 -0.366841 0.635324 -0.654087 0.410529 0.026717 0.549902 0.834802
1.468531 -4.106061 47.950220 -2.409158 0.753601 0.559179 -0.345548 0.652414 -0.700457 0.289335 0.080251 0.443484 0.892682
2.163679 -4.201230 47.172657 4.916255 0.742281 0.584505 -0.327676 0.668809 -0.616042 0.416157 -0.041384 0.528058 0.848199
1.210089 -4.130510 65.488335 -4.926645 0.796119 0.495477 -0.347413 0.599421 -0.566946 0.565037 -0.082998 0.658084 0.748356
2.914230 -4.282371 -8.712757 10.160916 -0.696930 -0.672457 0.249179 0.703136 -0.572417 0.421828 -0.141027 0.469191 0.871763
2.244277 -4.210535 47.805316 2.080240 0.760690 0.565331 -0.318986 0.629017 -0.520652 0.577286 -0.160277 0.639783 0.751657
1.059964 -3.457408 -27.974303 -24.364990 0.491294 0.870919 0.011376 -0.203215 0.101916 0.973816 -0.846956 0.480742 -0.227054
3.581338 -3.809205 -62.517812 -15.961134 0.502228 0.863526 -0.045718 -0.030468 0.070507 0.997046 -0.864199 0.499351 -0.061721
0.605667 -3.994330 -19.320165 -17.591792 0.505429 0.862857 0.004460 -0.124346 0.067721 0.989925 -0.853861 0.500892 -0.141521
0.015111 -10.621382 -0.590716 1.295911 0.263097 0.963440 -0.050620 0.955284 -0.252813 0.153354 -0.134951 0.088703 0.986874
0.106506 -10.591130 -0.238504 -15.620471 0.295461 0.954280 -0.045315 0.893193 -0.259095 0.367526 -0.338982 0.149064 0.928909
0.020934 -9.998905 -1.159028 -22.575840 0.289342 0.956055 -0.047321 0.943211 -0.276329 0.184378 -0.163200 0.097982 0.981715
-0.049608 -10.099576 -0.517406 10.947427 0.267448 0.962249 -0.050485 0.962114 -0.269558 -0.040928 0.052991 0.037626 0.997886
297.227311 -0.861093 11254.027255 50.625543 0.836579 0.116337 0.535351 -0.545429 0.085169 0.833819 -0.051409 0.989551 -0.134704
1311.776464 4.563260 18406.127035 -237.328993 0.830720 -0.184306 0.525296 -0.535583 -0.007230 0.844451 0.151839 0.982842 0.104717
196.036409 -3.719769 -7257.028278 -8.968217 0.721480 0.426412 0.545563 -0.589780 -0.034386 0.806831 -0.362802 0.903875 -0.226680
0.372780 -6.579631 -5.242730 -15.717377 -0.584779 -0.785910 -0.200945 0.675819 -0.334995 -0.656542 0.448667 -0.519735 0.727031
0.182442 -6.943227 -0.884248 -22.304824 -0.573943 -0.791793 -0.208933 0.695286 -0.336389 -0.635153 0.432627 -0.509810 0.743591
0.428175 -7.410739 -5.780334 -52.462940 -0.593195 -0.782354 -0.189847 0.603306 -0.275859 -0.748281 0.533050 -0.558412 0.635637
0.137193 -6.885909 0.712553 25.819748 -0.569871 -0.791345 -0.221402 0.747660 -0.387533 -0.539280 0.340956 -0.472854 0.812501
0.844154 -7.209061 13.835476 -60.947895 0.608218 0.772582 0.182176 0.595176 -0.292019 -0.748660 0.525202 -0.563775 0.637433
0.672781 -6.384027 -11.686205 -13.578381 -0.615312 -0.768285 -0.176436 0.645406 -0.362496 -0.672345 0.452595 -0.527575 0.718904
0.222891 -6.826379 -2.730738 38.498323 -0.587407 -0.781627 -0.209790 0.722143 -0.389216 -0.571858 0.365326 -0.487412 0.793074
-0.047910 -7.567207 -5.598263 8.431632 0.431049 0.894679 0.117249 -0.008493 -0.125912 0.992005 -0.902289 0.428598 0.046676
0.072908 -7.299591 -5.244474 11.525107 0.430075 0.899658 0.075169 0.184888 -0.169270 0.968072 -0.883658 0.402446 0.239135
-0.301958 -8.056911 -7.832366 14.036349 0.432851 0.893019 0.123114 0.051771 -0.160971 0.985600 -0.899977 0.420245 0.115908
-0.414511 -8.317035 -8.075912 7.246568 0.429432 0.887980 0.164560 -0.153436 -0.107830 0.982258 -0.889970 0.447062 -0.089943
-0.150567 -7.658077 -5.371839 -0.621368 0.424500 0.890336 0.164626 -0.210042 -0.080026 0.974412 -0.880728 0.448216 -0.153037
-0.306979 -11.567129 -3.219483 0.669637 0.764545 0.644456 -0.012139 0.222829 -0.246587 0.943155 -0.604828 0.723790 0.332130
-0.316209 -11.716773 -4.932015 -7.703441 0.766009 0.642829 0.000965 0.059132 -0.071958 0.995653 -0.640104 0.762622 0.093132
-0.125448 -11.159396 -6.939744 11.050997 0.756484 0.653971 -0.007362 0.175284 -0.191889 0.965637 -0.630086 0.731779 0.259792
-0.102315 -10.585860 -3.957383 39.161201 0.753624 0.656875 -0.023796 0.334675 -0.352308 0.873997 -0.565723 0.666629 0.485348
-0.192674 -1.967928 -15.911284 0.028985 0.256100 0.801427 0.540489 0.174822 0.511516 -0.841302 0.950710 -0.309946 0.009108
-0.648550 -1.861672 3.005784 6.239463 0.255563 0.887814 0.382719 0.134703 0.359304 -0.923448 0.957362 -0.287553 0.027766
-0.644817 -1.877331 -10.930314 2.681589 0.255374 0.839834 0.479023 0.197826 0.439581 -0.876147 0.946387 -0.318509 0.053883
21.408850 0.409616 463.115238 -133.148797 0.940868 -0.325674 -0.093299 -0.243339 -0.841293 0.482713 0.235699 0.431466 0.870795
19.833198 -0.950562 701.591104 93.572472 0.779166 -0.557831 -0.285876 0.420546 0.803418 -0.421497 0.464802 0.208192 0.860590
16.507332 -2.540895 472.737577 63.358691 0.895576 -0.389236 -0.215496 0.278682 0.868344 -0.410263 0.346813 0.307367 0.886141
14.680878 -2.420192 90.910884 -84.897546 0.972329 -0.232806 0.019451 -0.219351 -0.881134 0.418913 0.080386 0.411588 0.907818
7.392575 -3.607460 133.680084 -63.077295 0.929181 -0.339779 -0.145507 -0.271360 -0.894369 0.355624 0.250971 0.290954 0.923233
0.062277 -11.285381 4.299700 -44.004374 0.684846 0.705231 -0.183398 0.568542 -0.674562 -0.470877 0.455790 -0.218209 0.862925
0.251130 -11.357071 9.333899 71.912113 0.695537 0.690226 -0.199538 -0.609689 0.713931 0.344359 0.380142 -0.117858 0.917388
0.000379 -10.463991 4.726577 79.505009 0.697414 0.689959 -0.193829 -0.631764 0.719570 0.288258 0.338360 -0.078581 0.937730
9.283707 -168.304966 -333.162767 -4561.666931 0.594055 0.795500 -0.119493 0.638624 -0.376058 0.671371 -0.489140 0.475142 0.731425
9.943581 -174.097851 -220.410081 6323.717347 0.599591 0.778135 -0.187074 0.260138 0.031563 0.965055 -0.756848 0.627304 0.183498
8.336348 -114.441363 68.423067 -119.111514 -0.638194 -0.720391 0.271559 0.680456 -0.362817 0.636666 -0.360122 0.591101 0.721742
20.377836 -170.203728 -1146.173159 6779.498189 0.636485 0.746019 -0.195812 0.756576 -0.653239 -0.029515 0.149931 0.129360 0.980197
35.566940 -265.105401 864.083898 13256.111725 -0.484299 -0.580966 0.654166 0.767766 -0.640731 -0.000634 0.419512 0.501939 0.756351
-103.642885 -305.228695 -3288.354014 16207.751912 0.555792 0.800454 0.224430 0.757863 -0.376912 -0.532523 -0.341669 0.466059 -0.816119
-23.645788 -274.928028 -625.571282 -9039.532408 0.527428 0.847445 0.060473 -0.760635 0.439291 0.477973 -0.378491 0.298094 -0.876290
-233.985082 -357.067561 1213.648531 -11928.471791 0.149156 0.679368 -0.718479 0.622320 0.500160 0.602128 -0.768421 0.536935 0.348182
-43.802232 -286.249409 -1140.286386 8175.102936 0.744917 0.627943 -0.225357 0.377402 -0.118074 0.918491 -0.550152 0.769250 0.324942
2.486110 -3.467751 13.070063 -0.227973 0.390344 0.917765 0.073074 0.683073 -0.235479 -0.691347 0.617286 -0.319778 0.718818
2.153032 -3.442246 25.921750 3.623442 0.359765 0.932427 0.033891 0.595100 -0.201332 -0.778024 0.718627 -0.300074 0.627320
2.369601 -3.455025 7.596797 3.115408 0.396276 0.912959 0.097324 0.601555 -0.178095 -0.778726 0.693612 -0.367136 0.619769
-1.415080 -2.594095 15.212776 26.592654 -0.098186 -0.977384 -0.187295 0.993665 -0.085946 -0.072406 0.054671 -0.193217 0.979632
-1.528507 -3.333479 7.986682 27.427233 -0.285802 -0.943438 -0.168054 0.957711 -0.287290 -0.015924 -0.033257 -0.165498 0.985649
-1.422066 -3.126886 8.024124 27.474556 -0.168469 -0.964141 -0.205061 0.984968 -0.172715 0.002853 -0.038167 -0.201498 0.978745
-0.995862 -2.373816 12.098603 23.469062 0.140232 -0.964489 -0.223820 0.989692 0.143176 0.003104 0.029051 -0.221948 0.974626
-0.750394 -2.005093 31.666019 12.974791 0.307351 -0.922836 -0.232183 0.947093 0.320361 -0.019596 0.092466 -0.213876 0.972475
-1.114242 -1.990608 33.744860 10.587528 0.289416 -0.931238 -0.221435 0.947340 0.311789 -0.073044 0.137063 -0.188634 0.972436
-116.930244 -1517.825090 -5220.410451 89719.461464 0.214169 -0.068691 -0.974378 -0.317605 0.938424 -0.135966 0.923720 0.338587 0.179165
-1036.908536 -1971.338840 -64175.276029 -101263.618699 0.405554 -0.024758 0.913736 0.736784 -0.582781 -0.342806 0.540995 0.812252 -0.218108
-66.076515 -219.734261 2334.075910 -735.701674 -0.532906 0.366146 0.762855 0.638753 -0.417223 0.646467 0.554982 0.831782 -0.011537
1.442848 -9.172737 40.415203 -333.664348 0.333782 0.940901 0.057410 0.934252 -0.322082 -0.153089 0.125551 -0.104733 0.986543
1.958594 -6.100762 89.699111 -114.689271 0.280589 0.959657 0.018139 0.876596 -0.248514 -0.412093 0.390960 -0.131529 0.910961
2.120842 -4.684002 30.061717 -132.362330 0.208089 0.961540 0.179278 0.951222 -0.156259 -0.266005 0.227761 -0.225886 0.947154
0.338371 -12.307059 -5.693293 -98.991753 -0.342658 0.360120 0.867698 0.845650 0.520552 0.117907 -0.409221 0.774170 -0.482907
0.418143 -11.600489 -10.299574 -25.819540 -0.397132 0.340602 0.852219 0.852873 0.479921 0.205629 -0.338960 0.808496 -0.481082
-0.111739 -10.321201 18.123220 -143.203158 -0.317775 0.357247 0.878290 0.749306 0.662222 0.001746 -0.580999 0.658663 -0.478125
0.677513 -12.160224 -23.756896 39.308312 -0.383169 0.357038 0.851884 0.907599 0.316869 0.275424 -0.171599 0.878702 -0.445461
0.123555 -10.810842 20.880518 -191.902829 -0.273619 0.395037 0.876971 0.707597 0.700248 -0.094657 -0.651490 0.594642 -0.471128
-0.124529 -13.996703 -27.262754 -200.156240 -0.366142 0.388413 0.845621 0.794257 0.603932 0.066502 -0.484867 0.695990 -0.529625
0.253421 -13.284640 -34.355874 58.247064 -0.376081 0.384185 0.843187 0.917804 0.279452 0.282034 -0.127277 0.879948 -0.457703
-2.784513 -3.891696 19.564833 -18.164604 0.578976 0.756931 0.303054 0.506163 -0.625070 0.594211 -0.639207 0.190639 0.745031
-3.277847 -3.892556 19.855480 -15.799632 0.533353 0.751871 0.387587 0.472632 -0.644886 0.600617 -0.701536 0.137155 0.699310
-3.057591 -4.452241 15.367100 -20.341306 0.592467 0.717047 0.367187 0.534350 -0.690885 0.486978 -0.602870 0.092312 0.792481
-2.693308 -4.432666 7.017737 -22.368333 0.599037 0.752207 0.274479 0.579960 -0.643942 0.498983 -0.552087 0.139723 0.821996
-2.936721 -4.826280 6.667893 -16.539825 0.602751 0.738570 0.302001 0.632950 -0.673019 0.382649 -0.485866 0.039490 0.873141
-3.254279 -4.786849 13.190935 -13.709613 0.573564 0.719086 0.392352 0.610976 -0.694577 0.379831 -0.545650 -0.021860 0.837728
0.325922 -3.688803 116.612559 -57.659036 0.591469 0.738785 0.323048 -0.037300 -0.375144 0.926216 -0.805464 0.559878 0.194330
-0.684827 -1.735124 34.615798 -57.026327 0.563109 0.645624 0.515826 -0.213925 -0.489034 0.845625 -0.798213 0.586528 0.137264
-1.546154 -2.873388 76.559308 -33.234279 0.570159 0.695294 0.437589 -0.109364 -0.463670 0.879232 -0.814222 0.549159 0.188326
-0.665702 -4.163690 112.187065 -31.826223 0.582991 0.758577 0.291003 0.041704 -0.385634 0.921709 -0.811408 0.525212 0.256457
-1.003394 -4.086102 30.501290 41.174458 -0.748779 -0.643370 0.159387 -0.423483 0.649353 0.631667 -0.509894 0.405482 -0.758678
-1.061860 -2.936680 -20.173596 33.650476 0.635419 0.771602 0.029556 -0.543578 0.419798 0.726838 -0.548421 0.477913 -0.686173
-1.820928 -3.656592 -37.923922 43.605181 0.751987 0.649408 -0.113072 -0.445045 0.626717 0.639657 -0.486263 0.430692 -0.760298
-1.115330 -4.737383 33.523034 26.063399 -0.788246 -0.575569 0.217687 -0.408405 0.753933 0.514578 -0.460297 0.316709 -0.829350
-0.610096 -5.036964 6.345984 25.830498 -0.790200 -0.579059 0.200686 -0.414776 0.746387 0.520449 -0.451160 0.328019 -0.829975
-0.359404 -4.165881 -31.713612 0.307578 0.616254 0.785169 0.061161 0.257639 -0.274380 0.926465 -0.744213 0.555180 0.371378
-0.447540 -3.879995 -38.526911 8.078022 0.613049 0.785719 0.082568 0.359826 -0.370726 0.856205 -0.703346 0.495186 0.509995
-0.605146 -4.156152 -27.893015 -2.693919 0.623765 0.778463 0.070092 0.246792 -0.281247 0.927359 -0.741628 0.561156 0.367550
-1.784121 -4.162642 29.455049 -4.516674 0.475052 0.879151 -0.037674 0.069857 0.005000 0.997544 -0.877181 0.476517 0.059040
-2.200776 -4.203002 6.713826 -5.247010 0.399628 0.913682 -0.074041 0.085665 0.043193 0.995387 -0.912666 0.404127 0.061010
-1.787646 -4.174507 25.839291 -0.033869 0.465061 0.884867 -0.027002 0.194398 -0.072319 0.978253 -0.863671 0.460196 0.205649
-0.142491 -4.039781 0.279583 -3.618333 0.575648 0.814924 0.067300 -0.089541 -0.018987 0.995802 -0.812781 0.579257 -0.062039
-0.071525 -4.061626 0.333618 -2.822489 0.579456 0.809454 0.094951 0.034285 -0.140611 0.989471 -0.814282 0.570099 0.109230
-0.170511 -3.934753 -0.585245 -3.468470 0.576591 0.811692 0.093269 -0.109526 -0.036337 0.993320 -0.809658 0.582955 -0.067950
-0.547623 -6.410575 -14.163347 62.235837 0.354826 0.903826 0.239161 0.334490 0.116152 -0.935214 0.873049 -0.411835 0.261107
-0.569609 -4.635691 -10.384013 51.953738 0.323528 0.905566 0.274370 0.210993 0.213621 -0.953860 0.922394 -0.366491 0.121955
-0.898262 -5.503871 -13.765061 67.590095 0.303802 0.909927 0.282377 0.238733 0.214225 -0.947161 0.922340 -0.355162 0.152147
4.479734 -3.497901 -71.175245 9.662010 0.430552 0.889404 -0.153575 0.575833 -0.401710 -0.712072 0.695012 -0.218150 0.685105
4.419592 -4.048630 -79.691592 10.956653 0.456903 0.861449 -0.221687 0.478853 -0.448231 -0.754844 0.749627 -0.238735 0.617305
1.007889 -3.458238 -20.719811 16.982585 0.507253 0.837210 -0.204388 0.434017 -0.453066 -0.778692 0.744529 -0.306286 0.593182
101.834139 -0.733330 -2385.319176 -32.080245 -0.037767 0.980438 0.193173 0.706538 0.162903 -0.688670 0.706666 -0.110475 0.698869
1.036925 -3.554811 -20.530017 15.708573 0.485808 0.862463 -0.141944 0.522614 -0.416784 -0.743751 0.700618 -0.287138 0.653212
2.878029 -3.814114 -41.474855 8.221456 0.466813 0.871156 -0.152227 0.631037 -0.448722 -0.632804 0.619578 -0.199340 0.759201
12.290286 -3.042560 -194.670715 -1.398576 0.256207 0.962012 -0.094295 0.727669 -0.256165 -0.636300 0.636283 -0.094409 0.765657
-0.941682 -9.492475 -26.208971 544.876740 0.508918 0.101260 -0.854839 0.420625 0.837178 0.349582 0.751051 -0.537475 0.383463
-1.210256 -8.619542 -10.578759 598.095392 0.422009 -0.013707 -0.906488 0.503331 0.835171 0.221693 0.754033 -0.549820 0.359349
-1.506189 -2.822687 2.358960 -92.565464 0.321800 -0.158589 -0.933432 0.540251 0.840380 0.043472 0.777544 -0.518276 0.356112
-0.268087 -7.765151 -5.309147 -47.064620 0.013075 0.974251 -0.225088 -0.589316 0.189365 0.785396 -0.807797 -0.122379 -0.576618
-0.439557 -6.922645 -10.199302 -4.128759 -0.010034 0.977038 -0.212830 -0.704034 0.144242 0.695363 -0.710095 -0.156817 -0.686420
-0.020732 -7.341409 -12.238604 -50.842258 0.028015 0.965479 -0.258970 -0.610766 0.221621 0.760164 -0.791316 -0.136874 -0.595890
0.109897 -8.326021 -8.983497 -67.692399 0.040148 0.964375 -0.261475 -0.479221 0.248209 0.841867 -0.876776 -0.091505 -0.472114
0.376145 -7.514324 -11.295919 -56.351477 0.044638 0.964999 -0.258428 -0.595495 0.233406 0.768705 -0.802118 -0.119580 -0.585070
-0.560933 -7.139287 14.786633 -9.312492 0.100955 0.994559 -0.025716 -0.832531 0.098603 0.545133 -0.544702 0.033625 -0.837955
-0.000913 -7.124034 17.953609 -6.562764 0.152863 0.987423 -0.040352 -0.834716 0.150865 0.529612 -0.529039 0.047275 -0.847280
-0.145262 -6.772162 14.997166 -25.706919 0.090075 0.995649 -0.023878 -0.930701 0.092685 0.353844 -0.354518 0.009649 -0.935000
-0.244109 -7.336024 17.639971 6.324799 0.154133 0.987268 -0.039302 -0.700227 0.137210 0.700611 -0.697083 0.080467 -0.712460
-0.504341 -6.585899 7.002081 -30.229060 0.016885 0.999742 -0.015160 -0.925154 0.021372 0.378991 -0.379217 -0.007626 -0.925276
-0.836862 -7.344012 15.488315 7.266474 0.110278 0.993496 -0.028356 -0.688666 0.096951 0.718567 -0.716643 0.059715 -0.694879
-0.948922 -7.096568 9.473964 -10.238125 0.037874 0.999073 -0.020462 -0.818734 0.042764 0.572578 -0.572923 0.004933 -0.819595
0.259817 -7.304970 2.213245 -1.367696 0.429939 0.873336 0.228992 0.834501 -0.481203 0.268425 -0.344617 -0.075687 0.935687
0.017105 -6.711312 4.913511 1.920755 0.430026 0.878431 0.208413 0.837876 -0.474284 0.270219 -0.336216 -0.058423 0.939971
0.207198 -7.357538 3.403376 -17.566346 0.402122 0.889972 0.215055 0.892018 -0.433761 0.127106 -0.206403 -0.140720 0.968295
2.153465 -1.984233 49.624509 8.325614 0.917991 -0.357619 0.171470 0.384151 0.694291 -0.608595 -0.098595 -0.624555 -0.774732
2.031884 -1.865205 44.388122 1.178256 0.967873 -0.243039 0.064446 0.236834 0.795119 -0.558296 -0.084445 -0.555623 -0.827135
2.446540 -1.540968 6.545914 1.201294 0.941277 -0.335703 0.036078 0.294321 0.763463 -0.574890 -0.165448 -0.551750 -0.817435
-41.773118 -408.145675 -879.488547 -18032.429236 0.850339 0.317636 0.419561 -0.526216 0.520198 0.672675 0.004589 0.792781 -0.609489
-3.246840 -135.077117 447.260645 -1951.997884 0.359259 0.699352 0.617932 0.932684 -0.291871 -0.211923 0.032148 0.652470 -0.757132
-4.278352 -75.944439 -165.718706 -1544.187332 0.392053 0.648540 0.652449 -0.738455 0.644816 -0.197220 0.548615 0.404484 -0.731720
4.953911 -85.891452 333.569998 704.781750 0.064160 0.892653 0.446154 -0.861843 0.274952 -0.426178 0.503100 0.357171 -0.786968
-3.069357 -68.068548 -127.782517 1984.003110 0.611288 0.469864 0.636831 0.738749 -0.627399 -0.246213 0.283861 0.620965 -0.730633
-0.422989 -11.751945 0.132016 -23.441750 0.021839 -0.609731 -0.792308 0.054504 0.792044 -0.608026 0.998275 -0.029905 0.050530
-0.302288 -11.948160 5.907408 -22.886726 0.002477 -0.626264 -0.779607 0.007432 0.779599 -0.626235 0.999969 -0.004243 0.006585
-0.545737 -12.121453 0.510268 2.672645 0.022043 -0.616682 -0.786904 -0.193909 0.769511 -0.608483 0.980772 0.166000 -0.102617
-0.512639 -11.946079 -3.716759 8.439733 0.037135 -0.601144 -0.798278 -0.148741 0.786605 -0.599273 0.988179 0.140990 -0.060204
-0.430782 -11.670941 -2.133043 -22.079133 0.035702 -0.599359 -0.799684 0.101691 0.798219 -0.593721 0.994175 -0.060124 0.089447
1.909207 -0.760926 -4.693716 9.713144 0.524834 0.778884 0.343350 0.705227 -0.623763 0.337008 -0.476659 -0.065266 0.876662
1.591472 -0.727213 -19.740583 2.169066 0.449650 0.809734 0.377022 0.726212 -0.577169 0.373486 -0.520029 -0.105860 0.847563
2.064099 -0.989492 2.000435 -3.426156 0.521790 0.796433 0.305663 0.693081 -0.604686 0.392420 -0.497366 -0.007089 0.867512
2.005875 -1.099429 14.505556 0.947172 0.590225 0.768504 0.247055 0.680177 -0.638279 0.360499 -0.434735 0.044734 0.899447
11.341973 -14.593417 -470.487936 123.997652 0.086032 0.991771 -0.094811 0.662693 -0.128024 -0.737867 0.743933 -0.000650 0.668254
85.472788 -19.997782 -3602.616870 -51.089477 0.015788 0.995951 0.088498 0.558871 0.064603 -0.826735 0.829105 -0.062512 0.555588
18.810379 -14.402398 -823.939798 285.940426 0.164060 0.979884 -0.113630 0.478103 -0.179742 -0.859715 0.862845 -0.086718 0.497974
2.067940 -19.090703 -76.624849 238.514271 -0.105742 0.675602 0.729644 0.706493 0.567403 -0.422991 0.699776 -0.470760 0.537307
0.849141 -18.181665 32.216969 225.991202 0.127335 -0.667818 -0.733352 0.837105 0.468943 -0.281688 0.532017 -0.578024 0.618746
2.184617 -29.212769 100.114564 523.862535 0.178801 -0.640410 -0.746931 0.880579 0.442796 -0.168855 0.438874 -0.627540 0.643104
0.901594 -14.683889 -30.278775 153.474207 -0.078185 0.692516 0.717153 0.729759 0.529856 -0.432094 0.679220 -0.489565 0.546797
5.403060 -44.267014 -89.754414 1107.380730 -0.175071 0.752554 0.634833 0.729663 0.532076 -0.429519 0.661016 -0.388018 0.642262
1.676340 -14.015537 -50.237351 67.481604 -0.054178 0.721484 0.690308 0.521091 0.610150 -0.596809 0.851780 -0.327379 0.409016
1.033311 -13.659136 -31.097914 114.668364 -0.060413 0.704545 0.707083 0.602702 0.590417 -0.536804 0.795676 -0.393731 0.460300
3.201664 -22.158579 -89.828717 353.400070 -0.107988 0.707802 0.698108 0.487668 0.649638 -0.583224 0.866325 -0.277464 0.415325
-4.010750 -16.318435 37.073617 -357.843371 -0.012042 -0.336737 -0.941522 -0.155285 0.930796 -0.330915 0.987796 0.142219 -0.063499
-3.895804 -20.241551 11.213959 -223.263329 0.076230 -0.423330 -0.902763 -0.455627 0.790552 -0.409185 0.886901 0.442515 -0.132617
-3.175156 -15.328419 -28.900471 -323.710860 0.135730 -0.372295 -0.918136 -0.263718 0.879703 -0.395697 0.955003 0.295837 0.021221
-3.774100 -22.738926 28.302932 -226.597038 -0.001330 -0.444585 -0.895736 -0.471083 0.790398 -0.391603 0.882088 0.421445 -0.210487
-3.232746 -11.909629 31.604829 -308.466292 -0.044067 -0.107740 -0.993202 0.082320 0.990395 -0.111088 0.995631 -0.086655 -0.034775
-2.812988 -13.150311 34.155203 -405.296425 -0.085730 -0.217211 -0.972353 0.148793 0.962210 -0.228064 0.985145 -0.164231 -0.050171
-3.306339 -21.840234 28.956876 -514.441637 -0.081547 -0.421369 -0.903216 -0.121995 0.903640 -0.410552 0.989175 0.076708 -0.125094
1.557202 -11.124828 32.121530 -65.086274 -0.079604 0.624932 0.776610 0.491341 0.702465 -0.514904 -0.867322 0.340592 -0.362974
0.919014 -9.641140 30.833462 -55.986103 -0.036113 0.619279 0.784340 0.492437 0.693978 -0.525261 -0.869598 0.367270 -0.330018
1.391928 -8.971767 25.057467 -2.083867 -0.014225 0.695217 0.718659 -0.326574 -0.682547 0.653819 -0.945065 0.225394 -0.236749
1.622910 -11.235541 10.095491 -43.396458 -0.079229 0.676378 0.732281 0.349902 0.706720 -0.614911 -0.933430 0.207508 -0.292659
1.709703 -14.149188 6.018667 -150.572868 -0.141278 0.616414 0.774645 0.502350 0.718903 -0.480440 -0.853044 0.321267 -0.411221
-9.085471 -471.227591 -457.171568 -3067.576548 0.336000 -0.443826 -0.830736 0.848454 0.525580 0.062372 0.408936 -0.725799 0.553161
-2.573822 -448.029591 -1.038730 -13172.042101 0.199785 -0.529856 -0.824220 0.485925 0.784028 -0.386234 0.850860 -0.323346 0.414108
6.043699 -232.800252 -982.509579 -17844.951263 0.323156 -0.398396 -0.858400 0.801119 -0.367690 0.472242 -0.503764 -0.840289 0.200341
-18.769402 -1254.991669 248.743178 -25912.994565 0.262747 -0.582321 -0.769329 -0.422049 0.647655 -0.634365 0.867663 0.491371 -0.075598
-3.611249 -10013.506356 2025.542814 -767518.379249 -0.519154 0.422931 0.742703 -0.425135 0.626065 -0.653684 -0.741444 -0.655112 -0.145222
-65.325585 -1860.995121 -1491.735971 -37359.146201 0.353543 -0.527489 -0.772504 0.810154 0.585498 -0.029021 0.467608 -0.615588 0.634346
0.769255 -3.814379 -1.591356 -0.916609 0.620339 0.780255 -0.079879 0.157627 -0.024255 0.987201 -0.768331 0.624990 0.138036
0.867131 -3.702093 1.972189 1.967854 0.608916 0.789965 -0.071944 0.163341 -0.036116 0.985908 -0.776235 0.612087 0.151025
0.804075 -3.771624 -4.615543 0.410472 0.607015 0.788658 -0.097728 0.070652 0.068933 0.995116 -0.791544 0.610955 0.013877
0.689852 -3.817565 -2.952221 -0.948417 0.618919 0.778447 -0.104690 0.066877 0.080574 0.994502 -0.782603 0.622518 0.002192
0.468259 -3.917986 13.580208 -3.972699 0.643064 0.761292 -0.083088 0.145664 -0.015078 0.989219 -0.751831 0.648234 0.120589
2.696328 -3.598120 23.068388 -1.696685 0.443237 0.887429 0.126531 0.188475 -0.230259 0.954703 -0.876366 0.399312 0.269318
2.696046 -3.480823 12.585105 3.978750 0.426827 0.889442 0.163436 0.295114 -0.307826 0.904517 -0.854825 0.337841 0.393875
2.423648 -3.411572 -29.556888 -1.970717 0.335262 0.927755 0.163921 0.177362 -0.233033 0.956158 -0.925279 0.291491 0.242675
-117.909029 -1222.084523 735.394868 -44484.078784 -0.367881 0.320407 0.872928 0.919158 0.267403 0.289214 -0.140757 0.908755 -0.392877
-161.099479 -312.415242 7373.967903 16047.160813 -0.696977 0.497916 0.516044 0.710529 0.382369 0.590714 0.096807 0.778379 -0.620286
-166.603609 -289.763642 7125.522085 8268.264691 -0.854766 -0.326680 0.403305 -0.128621 0.886151 0.445190 -0.502824 0.328660 -0.799469
-96.726665 -181.354689 4332.910164 -2094.673422 -0.626171 0.217003 0.748879 0.484213 0.861045 0.155368 -0.611103 0.459904 -0.644237
-88.547587 -244.899964 2179.474231 -8457.263772 -0.752439 0.067927 0.655151 -0.176080 0.937723 -0.299451 -0.634691 -0.340677 -0.693619
-138.288065 -511.403277 -3960.124141 -16241.048377 0.640123 0.634473 -0.433227 0.754976 -0.623950 0.201737 -0.142315 -0.456213 -0.878417
-2.845236 -173.148312 -94.617474 850.193781 -0.467979 -0.011277 0.883667 0.409234 0.883484 0.228000 -0.783277 0.468326 -0.408837
9.211409 -189.601263 519.508671 -10879.516927 -0.451629 -0.240165 0.859274 0.079305 0.948471 0.306778 -0.888674 0.206695 -0.409311
4.847817 -94.102772 -124.390498 -2806.225458 -0.552630 0.136116 0.822236 -0.079699 0.973421 -0.214710 -0.829607 -0.184187 -0.527093
0.489795 -18.463003 -15.009710 -521.593179 -0.162854 -0.271285 0.948622 0.235950 0.922852 0.304422 -0.958022 0.273404 -0.086281
0.852849 -45.921029 -2.719061 -1359.077583 -0.093439 -0.215554 0.972011 0.433803 0.869925 0.234617 -0.896150 0.443583 0.012223
0.150539 -54.413213 -13.825117 -1474.748552 -0.098801 -0.206299 0.973488 0.206250 0.952786 0.222844 -0.973498 0.222799 -0.051587
0.586467 -7.318828 -8.908069 -102.465943 -0.221461 -0.500994 0.836636 0.154312 0.829126 0.537344 -0.962882 0.248104 -0.106310
1.145926 -4.627804 2.029767 -17.565551 -0.144746 -0.131410 0.980704 0.799124 -0.599992 0.037549 0.583481 0.789139 0.191859
0.882649 -6.048499 5.672701 113.479529 -0.045395 -0.199457 0.978855 0.851973 -0.519369 -0.066319 0.521614 0.830947 0.193508
0.779953 -6.401558 -9.281370 -45.012678 -0.074546 -0.111917 0.990917 0.813392 -0.581698 -0.004508 0.576919 0.805669 0.134396
1.034272 -6.669081 -16.707671 -90.043772 -0.142952 -0.047683 0.988580 0.739674 -0.668807 0.074700 0.657607 0.741905 0.130877
1.478242 -5.353851 -8.150178 -67.421425 -0.241185 -0.051905 0.969090 0.720308 -0.678772 0.142913 0.650373 0.732512 0.201097
-3.180061 -5.455047 0.540412 23.781590 0.458364 0.870414 -0.179670 0.848029 -0.367825 0.381511 0.265986 -0.327236 -0.906735
-2.788503 -4.848396 17.361810 28.440243 0.307345 0.900198 -0.308517 0.905394 -0.176829 0.385998 0.292920 -0.397964 -0.869381
3.027582 -6.060079 71.500183 36.321241 0.210424 0.961331 -0.177665 0.595636 -0.270179 -0.756452 0.775202 -0.053352 0.629456
1.367841 -5.465381 74.552877 46.760476 0.156675 0.968473 -0.193681 0.503557 -0.247030 -0.827893 0.849637 -0.032181 0.526385
-1.914945 -4.024914 71.586390 -5.792095 -0.006951 0.999802 0.018638 -0.581142 0.011129 -0.813726 0.813772 0.016487 -0.580950
-0.802749 -3.897481 81.699828 4.129028 0.003137 0.995283 0.096964 -0.644254 0.076171 -0.761009 0.764805 0.060082 -0.641454
0.963649 -3.527130 58.469156 2.357800 0.077422 0.985934 0.148122 -0.632598 0.163410 -0.757045 0.770601 0.035090 -0.636352
-0.323963 -3.759114 89.638623 0.775322 0.051579 0.981538 0.184181 -0.560923 0.181061 -0.807826 0.826260 0.061644 -0.559906
105.301499 1.229998 3741.524977 -276.331447 0.869012 -0.490965 0.061410 -0.418977 -0.664146 0.619167 0.263205 0.563793 0.782854
529.833466 4.379680 -25975.988669 -285.900904 0.789727 0.048003 0.611578 -0.369075 -0.759147 0.536170 -0.490015 0.649146 0.581802
0.556086 -4.203641 49.572197 -2.375770 0.794696 0.505191 -0.336512 0.596044 -0.754344 0.275132 0.114851 0.419222 0.900590
0.553908 -4.137631 31.100278 -1.618073 0.795808 0.513910 -0.320291 0.576572 -0.804719 0.141395 0.185080 0.297194 0.936708
-0.609173 -4.205832 2.868926 -7.395549 0.535617 0.829776 0.156800 -0.349876 0.049063 0.935510 -0.768571 0.555936 -0.316598
-0.538705 -3.853815 -2.990000 -9.516992 0.492587 0.854006 0.167427 -0.404673 0.054452 0.912839 -0.770453 0.517406 -0.372416
-0.394403 -4.126141 -4.221625 -13.826955 0.518448 0.851062 0.083101 -0.238594 0.050651 0.969798 -0.821149 0.522617 -0.229318
0.207529 -6.336719 -7.484594 53.986529 0.322478 0.911754 0.254387 0.404907 0.110048 -0.907711 0.855604 -0.395720 0.333688
0.287571 -7.142972 -9.905899 40.102545 0.349091 0.905365 0.241765 0.576176 -0.003910 -0.817316 0.739024 -0.424617 0.523014
0.391692 -6.169377 -11.817653 32.185202 0.331845 0.913044 0.237126 0.457971 0.063828 -0.886673 0.824707 -0.402835 0.396967
0.325506 -5.036853 -4.704011 21.172415 0.284680 0.929043 0.236298 0.294115 0.149961 -0.943932 0.912389 -0.338218 0.230555
0.513116 -5.192493 -4.935034 -0.479878 0.276419 0.934208 0.225495 0.362277 0.116036 -0.924819 0.890139 -0.337330 0.306368
0.611218 -5.784052 -9.999267 12.500937 0.333997 0.919243 0.208419 0.501799 0.013769 -0.864875 0.797900 -0.393450 0.456676
0.116147 -11.574117 1.224548 4.166752 0.278129 0.959247 -0.049904 0.904875 -0.244226 0.348647 -0.322251 0.142125 0.935924
0.170049 -11.097219 -0.058954 -4.057396 0.329369 0.943819 -0.026873 0.794516 -0.261664 0.547975 -0.510158 0.201837 0.836063
0.214343 -9.601138 -0.835784 -5.216176 0.357817 0.933579 -0.019946 0.784610 -0.289002 0.548512 -0.506315 0.211916 0.835905
-0.133589 -3.078472 3.138576 6.561661 0.413028 0.910125 -0.032871 0.872253 -0.384946 0.301649 -0.261884 0.153261 0.952852
-0.038567 -2.980112 -0.630295 16.887504 0.377660 0.925256 -0.035709 0.910893 -0.364319 0.193768 -0.166275 0.105705 0.980397
-0.093931 -3.289991 0.106675 4.595792 0.443081 0.896177 -0.023384 0.852230 -0.412973 0.321181 -0.278178 0.162237 0.946729
0.074705 -2.772605 -0.253598 17.253937 0.327339 0.943567 -0.050308 0.932961 -0.314303 0.175494 -0.149778 0.104382 0.983194
-0.098493 -2.856449 1.676083 7.660456 0.361870 0.931116 -0.045519 0.898078 -0.335103 0.284888 -0.250011 0.143973 0.957479
-0.336914 -3.120944 -18.600852 8.272623 0.760777 0.073940 0.644788 0.437211 -0.792623 -0.424966 -0.479652 -0.605212 0.635336
-0.387902 -3.135749 -13.809354 -5.210659 0.782226 0.048574 0.621098 0.357584 -0.851386 -0.383766 -0.510153 -0.522286 0.683346
0.046795 -2.948808 -27.269864 7.325338 0.767706 0.009716 0.640728 0.358704 -0.835066 -0.417128 -0.530998 -0.550064 0.644571
-0.111863 -2.962522 -23.138260 7.509586 0.740818 0.079954 0.666930 0.469170 -0.772138 -0.428581 -0.480695 -0.630404 0.609526
-0.444002 -3.208496 -11.481714 3.734534 0.747449 0.127344 0.651999 0.516593 -0.728482 -0.449939 -0.417673 -0.673125 0.610289
0.121387 -6.903683 3.906448 6.957461 -0.568924 -0.790810 -0.225712 0.762368 -0.404218 -0.505374 0.308418 -0.459595 0.832857
-0.151883 -7.615953 -6.983823 21.641579 0.430077 0.898670 0.086172 0.247358 -0.209097 0.946093 -0.868244 0.385577 0.312221
-0.478809 -11.798339 -3.184979 -8.220437 0.774286 0.632836 -0.000807 0.098271 -0.118976 0.988022 -0.625160 0.765091 0.154311
-0.461254 -11.754389 -2.360789 -2.124469 0.774944 0.631958 0.009488 -0.060292 0.058973 0.996437 -0.629147 0.772755 -0.083803
-0.304886 -11.681553 -6.209262 3.017975 0.764670 0.644397 0.005702 -0.098296 0.107888 0.989292 -0.636882 0.757042 -0.145840
4.037010 -11.614585 -133.177096 209.673302 -0.609877 -0.596680 -0.521557 -0.319231 0.787332 -0.527446 0.725356 -0.155180 -0.670655
5.390286 -8.608150 -170.586735 126.949429 -0.633778 -0.571905 -0.520817 -0.410178 0.819332 -0.400560 0.655804 -0.040238 -0.753858
5.842664 -11.781271 -151.005037 220.630219 -0.657932 -0.586930 -0.471846 -0.355465 0.794405 -0.492509 0.663905 -0.156313 -0.731298
-0.430004 -1.943677 12.676708 -1.517218 0.256326 0.931162 0.259296 0.077933 0.247476 -0.965755 0.963443 -0.267756 0.009133
-0.476429 -1.998906 23.375483 5.675409 0.254792 0.964251 0.072803 0.084556 0.052783 -0.995020 0.963292 -0.259679 0.068085
2.840836 -8.984990 263.088935 -167.021066 0.645561 0.323701 -0.691714 0.536176 0.452876 0.712333 -0.543844 0.830735 -0.118799
1.178755 -22.253536 -98.848479 -821.022630 0.772491 0.571160 -0.277550 0.159238 0.248877 0.955355 -0.614736 0.782200 -0.101305
14.606353 -187.911084 -848.301020 -8034.981929 0.709803 0.403266 -0.577543 0.346566 0.513877 0.784743 -0.613246 0.757170 -0.224993
4.393858 -21.526775 -211.148386 -221.818081 0.693828 0.640536 -0.329115 0.553917 -0.182638 0.812293 -0.460194 0.745894 0.481523
0.677401 -5.120884 0.451052 -353.894997 0.797489 0.599142 -0.070996 -0.102753 0.250829 0.962563 -0.594519 0.760338 -0.261597
0.072580 -208.972520 205.036586 -11084.208439 0.865195 0.324026 0.382681 -0.386545 -0.055141 0.920621 -0.319407 0.944440 -0.077543
-4.673298 -106.929024 -306.653140 -4983.011785 0.786964 0.601255 0.138490 -0.233867 0.082971 0.968722 -0.570958 0.794738 -0.205909
1.123375 -3.175156 8.358562 3.113182 0.377891 0.915610 0.137320 0.121698 0.097908 -0.987726 0.917817 -0.389964 0.074429
1.359964 -3.257148 9.627195 0.309528 0.375489 0.919734 0.114446 0.224134 0.029707 -0.974105 0.899317 -0.391417 0.194989
0.944024 -3.116534 10.757493 4.066068 0.354543 0.930605 0.090955 0.104744 0.057134 -0.992857 0.929155 -0.361537 0.077218
1.388847 -3.292655 2.213202 0.518556 0.403224 0.900551 0.162540 0.233977 0.070257 -0.969700 0.884684 -0.429037 0.182379
0.761936 -2.931046 7.379653 7.401175 0.363073 0.923893 0.120826 0.008091 0.126544 -0.991928 0.931726 -0.361120 -0.038470
0.921272 -2.993398 5.369677 5.954142 0.385039 0.908620 0.161725 0.023915 0.165354 -0.985944 0.922590 -0.383495 -0.041938
1.163782 -3.214013 3.575021 2.855596 0.403256 0.897573 0.178176 0.130606 0.136262 -0.982026 0.905719 -0.419279 0.062280
-1.577383 -3.701526 3.137725 19.833513 -0.281536 -0.940223 -0.191620 0.950156 -0.301040 0.081104 -0.133941 -0.159235 0.978112
0.175427 -1.720131 3.988784 7.016779 0.395360 0.909988 0.124951 0.775702 -0.257928 -0.575987 0.491912 -0.324647 0.807853
-0.123626 -2.138799 7.095129 11.374357 0.275605 0.942217 0.190444 0.855148 -0.149831 -0.496259 0.439049 -0.299629 0.847029
-0.071251 -1.902102 9.910997 7.028152 0.326241 0.932341 0.155907 0.803937 -0.186901 -0.564582 0.497244 -0.309529 0.810518
27.818674 -136.041991 -1469.166532 -7605.540355 0.606858 -0.255271 -0.752702 0.696639 0.626756 0.349100 0.382646 -0.736216 0.558184
-16.107668 -231.071898 -1158.970650 287.876405 0.559053 -0.162946 -0.812963 0.766647 0.475007 0.431995 0.315771 -0.864764 0.390476
-14.051125 -543.135469 -801.954447 -7738.078598 0.670974 -0.202281 -0.713356 0.445085 0.879340 0.169293 0.593037 -0.431096 0.680047
-42.602306 -665.879769 757.962333 -39872.699816 0.626080 -0.348574 -0.697510 0.313374 0.931581 -0.184267 0.714018 -0.103215 0.692478
-14.309932 -198.546007 292.972993 -7549.885688 0.608240 0.082140 -0.789491 -0.526438 -0.702655 -0.478684 0.594059 -0.706773 0.384142
-3.393504 -3.568533 11.016386 8.281911 0.061037 0.973892 -0.218654 0.619552 0.134788 0.773297 -0.782579 0.182667 0.595149
-3.747892 -3.819123 12.896749 -13.816655 0.423681 0.803343 0.418491 0.468765 -0.589785 0.657582 -0.775083 0.082431 0.626459
-0.300732 -2.771551 -0.013319 -138.308598 0.484016 0.577669 0.657288 -0.336447 -0.570545 0.749187 -0.807794 0.583762 0.081798
-0.494427 -1.014031 14.891347 21.994356 0.575534 0.813292 -0.085540 0.146380 0.000457 0.989228 -0.804570 0.581856 0.118787
-0.505185 -1.676374 62.354930 30.247570 0.453472 0.687926 -0.566675 0.388873 0.419380 0.820304 -0.801960 0.592350 0.077339
-1.612436 -1.721016 51.481826 -30.756117 0.577953 0.754133 0.311855 -0.094705 -0.317579 0.943491 -0.810556 0.574827 0.112125
-0.215275 -2.203781 -1.606862 11.347231 0.415112 0.865354 0.280792 -0.681210 0.091073 0.726401 -0.603022 0.492816 -0.627293
-0.386636 -2.732633 -15.070714 31.903559 0.597309 0.799155 0.067625 -0.548776 0.345763 0.761113 -0.584865 0.491731 -0.645084
0.253011 -2.162479 -13.253885 20.244070 0.488482 0.851536 0.190452 -0.603695 0.172216 0.778392 -0.630029 0.495205 -0.598193
0.037900 -3.257616 -11.351241 43.957775 0.667133 0.744328 -0.030150 -0.460110 0.443546 0.769133 -0.585861 0.499242 -0.638377
-0.532698 -0.762881 21.108040 0.624949 0.684658 -0.723620 -0.087276 0.710179 0.635368 0.303237 -0.163976 -0.269596 0.948910
0.583765 -0.705717 46.882598 3.426917 0.929688 -0.366004 0.041486 -0.336036 -0.888868 -0.311439 -0.150864 -0.275600 0.949360
-0.387754 -0.840486 31.224394 4.707392 0.891389 -0.452791 0.020133 -0.427269 -0.854307 -0.295973 -0.151214 -0.255225 0.954984
-0.466428 -0.715606 20.360091 1.798602 0.667293 -0.737732 -0.102336 0.724962 0.611865 0.316308 -0.170735 -0.285260 0.943121
-0.881681 -1.340060 8.336076 24.761133 -0.123870 -0.954401 -0.271615 0.974568 -0.168523 0.147704 -0.186742 -0.246412 0.951004
-0.704308 -1.321632 5.641673 22.342429 -0.109778 -0.950528 -0.290593 0.975005 -0.159798 0.154368 -0.193167 -0.266384 0.944313
0.707077 -3.781720 54.865368 11.366919 0.546981 0.833545 0.077555 0.341368 -0.306676 0.888492 -0.764382 0.459513 0.452291
0.711817 -3.928819 55.200333 2.265317 0.542782 0.837132 0.067801 0.232615 -0.227410 0.945608 -0.807018 0.497488 0.318164
-0.656038 -4.026738 40.921561 6.834661 0.517393 0.854981 0.036223 0.270910 -0.203800 0.940783 -0.811734 0.476941 0.337067
-2.540179 -12.994133 -10.354736 -45.840824 0.274004 0.913772 0.299906 -0.799611 0.389722 -0.456879 0.534363 0.114621 -0.837448
-2.368464 -11.887099 -4.053980 -58.111131 0.264063 0.910607 0.317908 0.941980 -0.314302 0.117844 0.207229 0.268344 -0.940770
-2.765606 -13.146181 5.630000 -30.061645 0.203142 0.892847 0.401942 -0.812296 0.382882 -0.439973 0.546725 0.237119 -0.803036
-1.991634 -12.350658 -21.651551 -14.584110 0.334808 0.923771 0.185877 -0.846684 0.381503 -0.370921 0.413559 0.033192 -0.909872
-2.507750 -11.404245 -4.459230 -93.556744 0.192596 0.914380 0.356112 -0.563492 0.400163 -0.722735 0.803358 0.061470 -0.592316
-2.325479 -12.045479 -18.750954 -96.401840 0.289122 0.923439 0.252329 -0.604157 0.380477 -0.700166 0.742565 -0.049987 -0.667906
47.847339 -6.450627 -1316.814390 77.293860 0.288718 0.957325 -0.013063 0.570333 -0.182932 -0.800785 0.769001 -0.223751 0.598810
-2.069359 -3.297088 -8.825227 -29.752940 0.330746 -0.099999 -0.938407 0.499533 0.862195 0.084185 0.800671 -0.496609 0.335120
-2.332405 -3.213127 38.107067 -10.503111 -0.058703 -0.608455 -0.791414 0.556828 0.638037 -0.531838 0.828551 -0.471902 0.301350
-1.924763 -3.446812 -25.661100 18.227746 0.484277 0.150579 -0.861859 0.358910 0.864186 0.352656 0.797909 -0.480113 0.364461
