14267
28519
-5.983593 -8.665915 30.663436 -64.874940 -0.653387 0.749154 0.108873 0.732413 0.589200 0.341197 0.191461 0.302674 -0.933665
-7.927200 -10.385159 68.299859 -94.857985 -0.312923 0.905228 0.287476 0.904659 0.191895 0.380484 0.289260 0.379130 -0.878971
-7.628517 -11.368133 -19.737268 -283.718379 0.137349 0.941305 0.308351 0.967703 -0.193954 0.161040 0.211393 0.276274 -0.937542
-5.821361 -9.134805 22.466234 -41.557236 0.715447 -0.680067 -0.160139 0.664770 0.592087 0.455537 0.214979 0.432368 -0.875695
-5.409274 -7.683266 17.482831 -100.310674 -0.530822 0.839892 0.113178 0.840375 0.504395 0.198379 0.109531 0.200417 -0.973569
-4.668875 -7.750154 24.705819 -71.737294 0.816944 -0.570164 -0.086694 0.570390 0.776593 0.267503 0.085195 0.267984 -0.959649
-4.860870 -8.339214 39.324948 -45.867065 0.769748 -0.629801 -0.104109 0.619474 0.697623 0.359965 0.154078 0.341575 -0.927139
-5.971157 -10.435710 -38.927784 35.068664 0.877858 -0.180981 -0.443409 0.435414 -0.083977 0.896305 0.199451 0.979895 -0.005082
-5.882356 -10.558579 -42.112815 0.463427 0.908951 -0.184054 -0.374076 0.399142 0.125073 0.908319 0.120393 0.974926 -0.187149
-5.521428 -10.200997 -92.760235 29.252416 0.911930 -0.072779 -0.403839 0.405601 0.010659 0.913988 0.062214 0.997291 -0.039239
-6.958405 -10.778928 -24.187554 -0.249778 0.874717 -0.308756 -0.373552 0.418188 0.091320 0.903759 0.244928 0.946747 -0.208997
-5.557347 -9.787524 -54.614016 38.952649 0.876130 -0.061286 -0.478163 0.463610 -0.164776 0.870583 0.132144 0.984425 0.115952
-6.020978 -9.893370 -48.493711 37.576608 0.836308 -0.173950 -0.519933 0.458770 -0.297228 0.837368 0.300199 0.938827 0.168771
-6.622910 -10.488887 -33.114841 23.254037 0.851979 -0.263921 -0.452192 0.436896 -0.117594 0.891792 0.288538 0.957349 -0.015119
1.829764 -1.894576 69.796193 -33.070745 0.341427 0.936077 -0.084784 -0.875896 0.284157 -0.389951 0.340932 -0.207402 -0.916924
1.455756 -1.656658 77.016194 -3.019436 0.345109 0.935381 -0.077211 -0.870279 0.288112 -0.399508 0.351447 -0.205069 -0.913472
1.385519 -1.973296 47.736121 -31.325928 0.406596 0.913551 -0.010160 -0.840217 0.369544 -0.396827 0.358767 -0.169885 -0.917837
1.778683 -2.653824 49.200346 -55.711462 0.313450 0.947487 -0.063378 -0.892140 0.270960 -0.361479 0.325324 -0.169847 -0.930224
2.100705 -2.928550 -71.751387 -44.908126 0.386641 0.920742 -0.052371 -0.867198 0.343659 -0.360370 0.313810 -0.184750 -0.931338
0.879604 -2.042257 2.092547 -0.941163 0.564979 0.823165 0.056557 -0.737095 0.534332 -0.413740 0.370796 -0.192067 -0.908637
2.303282 -2.525257 -103.432729 -26.545222 0.504616 0.863307 -0.007980 -0.793038 0.459850 -0.399537 0.341253 -0.207941 -0.916683
21.742862 -12.835397 979.663565 305.810574 0.907330 0.417734 -0.047439 0.058196 -0.013042 0.998220 -0.416372 0.908476 0.036144
10.315549 -11.853674 606.777604 281.660655 0.953448 0.294442 0.065126 -0.062188 -0.019339 0.997877 -0.295076 0.955474 0.000128
7.914028 -8.628009 505.081308 219.775381 0.947897 0.318378 -0.011227 0.061348 -0.147840 0.987107 -0.312614 0.936365 0.159669
13.982903 -8.521854 684.370117 210.045470 0.917432 0.385809 -0.097318 0.160560 -0.135177 0.977726 -0.364060 0.912622 0.185961
21.166827 -9.517728 830.431733 233.972544 0.817894 0.554318 -0.154212 0.239927 -0.084973 0.967065 -0.522957 0.827956 0.202495
-0.579712 -9.631624 -15.204498 28.178301 0.751879 -0.605258 -0.261420 -0.330448 -0.002848 -0.943820 -0.570511 -0.796024 0.202147
-0.731821 -9.876952 -5.186788 10.415883 0.751358 -0.598080 -0.278857 -0.434624 -0.130531 -0.891103 -0.496551 -0.790735 0.358015
-0.503412 -9.574941 1.237044 32.907447 0.764262 -0.596844 -0.244298 -0.335719 -0.044765 -0.940898 -0.550633 -0.801108 0.234584
-0.247643 -9.840547 -5.105006 -70.210780 0.762255 -0.555153 -0.332825 -0.614931 -0.460587 -0.640093 -0.202054 -0.692579 0.692466
-0.222860 -9.337733 -12.934854 -56.055155 0.738436 -0.573096 -0.355350 -0.661063 -0.511250 -0.549198 -0.133071 -0.640456 0.756378
-0.381877 -10.107854 -15.108394 -48.245223 0.750805 -0.567288 -0.338344 -0.605456 -0.386306 -0.695838 -0.264036 -0.727291 0.633509
-0.279672 -8.994116 6.850761 -53.021702 0.747480 -0.561471 -0.354999 -0.657005 -0.545968 -0.519869 -0.098073 -0.621827 0.776989
-0.519615 -10.635812 -16.238779 -39.782802 0.766095 -0.557211 -0.320334 -0.557112 -0.327160 -0.763278 -0.320507 -0.763205 0.561064
-0.241555 -10.439153 28.470115 -54.763081 0.791604 -0.518682 -0.323004 -0.566298 -0.424220 -0.706643 -0.229498 -0.742298 0.629543
0.166097 -10.001467 39.328919 -87.885601 0.788804 -0.513758 -0.337403 -0.602151 -0.535811 -0.591880 -0.123298 -0.670045 0.732009
-0.602227 -10.900646 -10.049660 -39.088507 0.773729 -0.550070 -0.314272 -0.551119 -0.339787 -0.762111 -0.312429 -0.762868 0.566057
0.027451 -9.060955 29.734882 -52.597847 0.763149 -0.540481 -0.354237 -0.640632 -0.560805 -0.524489 -0.084818 -0.627198 0.774227
-7.072825 -24.483589 -43.550662 -124.045198 0.024711 0.996468 -0.080259 -0.352893 -0.066421 -0.933303 0.935337 -0.051385 -0.350005
-6.957567 -22.828373 -61.956855 339.820602 0.038620 0.997309 -0.062323 -0.671138 -0.020320 -0.741054 0.740326 -0.070447 -0.668547
-8.475974 -24.050951 -52.444209 -0.225990 -0.055951 0.997489 -0.043427 -0.426455 -0.063203 -0.902298 0.902777 0.031965 -0.428920
-7.303061 -22.833450 -62.123208 -310.579611 0.001063 0.999546 -0.030096 -0.014706 -0.030077 -0.999439 0.999891 -0.001505 -0.014667
-8.523622 -21.640710 -66.488128 -164.986359 -0.078528 0.996911 -0.001057 -0.206956 -0.017339 -0.978197 0.975194 0.076597 -0.207679
-0.943255 -9.677481 -19.534315 12.741581 0.743211 -0.610794 -0.273073 -0.562467 -0.349377 -0.749377 -0.362310 -0.710540 0.603212
-0.784851 -9.683667 -16.152691 -23.923143 0.744109 -0.611162 -0.269784 -0.526358 -0.287661 -0.800124 -0.411399 -0.737382 0.535741
-0.917403 -9.862118 14.619108 -15.758475 0.751974 -0.585859 -0.302165 -0.539357 -0.283290 -0.792995 -0.378983 -0.759286 0.529014
-1.109979 -9.387737 4.322062 -14.438172 0.749035 -0.591176 -0.299095 -0.602304 -0.419542 -0.679128 -0.276001 -0.688836 0.670319
1.194996 -10.899119 -51.556964 97.512802 0.241884 0.956601 -0.162499 0.575162 -0.276233 -0.769989 0.781461 -0.092784 0.617017
-0.220289 -9.940239 -31.992302 102.746362 0.195926 0.968912 -0.151074 0.629716 -0.242412 -0.738034 0.751712 -0.049467 0.657634
0.182404 -10.732553 -36.656032 183.855624 0.168846 0.979182 -0.112670 0.683110 -0.198658 -0.702777 0.710530 -0.041695 0.702431
0.032136 -6.201398 -2.195119 -33.502485 -0.712414 0.701699 0.009220 -0.647771 -0.662604 0.375964 -0.269923 -0.261869 -0.926589
-0.004302 -6.237324 7.886677 -46.184034 -0.724255 0.688607 0.035715 -0.612849 -0.666585 0.424360 -0.316024 -0.285457 -0.904789
-0.072416 -6.134993 4.464176 3.325435 -0.720275 0.693507 0.015881 -0.640157 -0.673336 0.369889 -0.267213 -0.256255 -0.928940
0.049636 -5.897025 -7.396086 32.813162 -0.703476 0.710718 -0.001406 -0.668459 -0.660972 0.340997 -0.241423 -0.240823 -0.940063
-0.708086 -8.541333 21.814379 -108.162763 0.804279 -0.502723 -0.316868 -0.329894 0.065791 -0.941723 -0.494273 -0.861940 0.112931
0.081229 -8.558110 76.374418 -13.257418 0.801427 -0.465987 -0.374928 -0.398469 0.051486 -0.915736 -0.446024 -0.883292 0.144419
-1.609951 -8.732215 46.826866 -30.063346 0.763314 -0.481713 -0.430470 -0.396689 0.176425 -0.900840 -0.509891 -0.858386 0.056423
-1.238145 -23.305165 -0.849450 -152.611576 -0.239877 0.798394 0.552292 0.678147 -0.269282 0.683815 -0.694676 -0.538567 0.476834
-1.131815 -26.914808 5.487802 -338.328911 0.242851 -0.793481 -0.558043 0.852258 -0.100245 0.513427 -0.463335 -0.600283 0.651906
-1.461234 -28.278678 -24.655602 -397.622536 -0.239395 0.804869 0.543025 0.743475 -0.207742 0.635679 -0.624448 -0.555904 0.548668
-1.147267 -27.466755 -24.141064 -238.213528 0.252466 -0.795759 -0.550480 0.837207 -0.105584 0.536597 -0.485123 -0.596339 0.639559
-1.564126 -22.503191 -33.130187 -33.980459 -0.255134 0.809278 0.529127 0.523313 -0.344587 0.779361 -0.813050 -0.475740 0.335590
-1.106940 -20.814317 -15.240788 -6.191185 -0.255900 0.800689 0.541676 0.448883 -0.397842 0.800141 -0.856166 -0.447905 0.257607
-1.012555 -21.697037 3.951035 -46.725120 -0.255472 0.793519 0.552324 0.483970 -0.389590 0.783577 -0.836963 -0.467490 0.284511
-1.268358 -26.281404 20.383899 -317.318458 -0.247360 0.787376 0.564670 0.637532 -0.306593 0.706791 -0.729634 -0.534827 0.426139
-2.540731 -15.598077 56.345950 -1.854928 -0.786048 -0.416996 0.456336 -0.131810 0.834297 0.535326 -0.603949 0.360643 -0.710762
-2.964888 -15.087240 44.078487 91.479911 -0.808682 -0.422623 0.409173 -0.039571 0.733090 0.678980 -0.586913 0.532888 -0.609560
-3.470893 -15.534190 22.044814 -28.295700 -0.823000 -0.403663 0.399658 -0.184417 0.855334 0.484142 -0.537272 0.324745 -0.778383
-3.068025 -15.498541 56.024924 -79.719721 -0.793058 -0.410813 0.449768 -0.250367 0.892938 0.374136 -0.555315 0.184105 -0.811006
0.371545 -59.055578 -134.801044 -2718.347378 0.776213 -0.540500 -0.324583 0.543120 0.834696 -0.091120 0.320179 -0.105559 0.941458
-2.163190 -58.281238 -382.602185 -1258.125665 0.896722 -0.361982 -0.254672 0.323108 0.928647 -0.182254 0.302473 0.081144 0.949698
2.370790 -497.645800 209.227595 -34913.693389 0.720392 -0.612441 -0.325503 0.313745 0.706313 -0.634576 0.618547 0.355018 0.700972
3.760732 -432.622352 0.926694 27532.412481 0.800044 -0.451392 -0.395190 -0.575988 -0.762188 -0.295479 0.167832 -0.464021 0.869780
6.735371 -73.814092 -97.235574 -3435.339059 0.682461 -0.596408 -0.422545 0.538092 0.801202 -0.261786 0.494675 -0.048710 0.867712
-0.858556 -44.334441 -196.765283 -1801.999719 0.699035 -0.606589 -0.378681 0.660113 0.751005 0.015555 0.274956 -0.260846 0.925396
-2.437674 -39.956781 -135.572035 2204.431322 0.831023 -0.397270 -0.389329 -0.517972 -0.807814 -0.281321 0.202745 -0.435446 0.877087
-0.537965 -6.017161 4.229934 -99.041337 -0.211596 0.976528 -0.040252 -0.624773 -0.103477 0.773920 -0.751589 -0.188907 -0.632003
-0.811176 -7.255779 -27.439166 -88.723981 -0.209064 0.975597 -0.067108 -0.553036 -0.061358 0.830895 -0.806500 -0.210824 -0.552368
-0.410148 -5.070525 -11.102340 -131.641841 -0.145406 0.984193 -0.101101 -0.680878 -0.025404 0.731956 -0.717817 -0.175268 -0.673810
-2.332291 -5.261019 -18.319543 -24.284618 -0.810123 0.252295 0.529196 -0.065597 0.857987 -0.509465 -0.582579 -0.447443 -0.678525
-2.030865 -5.489451 -18.866955 2.021587 -0.823018 0.326650 0.464694 -0.036304 0.786179 -0.616932 -0.566853 -0.524616 -0.635181
-2.450312 -5.769362 -35.575033 9.311625 -0.812204 0.336401 0.476613 -0.037948 0.784797 -0.618590 -0.582139 -0.520508 -0.624649
-1.898527 -5.976392 34.799010 59.427661 0.828324 -0.419976 -0.370811 0.026760 0.690769 -0.722580 -0.559611 -0.588607 -0.583419
-2.772011 -5.487507 -23.458447 -24.694219 -0.781808 0.260218 0.566624 -0.085299 0.855572 -0.510608 -0.617658 -0.447530 -0.646696
-2.900378 -5.699308 -48.577289 2.292410 -0.787582 0.340263 0.513747 -0.044229 0.800356 -0.597892 -0.614621 -0.493611 -0.615296
-2.802816 -6.233543 -45.432568 55.067919 -0.803167 0.414450 0.427964 -0.001083 0.717342 -0.696721 -0.595752 -0.560047 -0.575697
-1.344918 -9.034027 9.054290 -38.394978 0.751142 -0.584753 -0.306348 -0.641698 -0.537852 -0.546752 -0.154945 -0.607272 0.779239
-1.167726 -9.024300 34.157219 -25.029852 0.748909 -0.568976 -0.339708 -0.653925 -0.551512 -0.517896 -0.107317 -0.610001 0.785100
-1.347223 -8.931141 17.783659 -10.904211 0.760062 -0.568586 -0.314667 -0.644566 -0.597981 -0.476396 -0.082707 -0.564914 0.820994
0.813538 -35.002365 23.834040 839.731563 -0.106342 0.919591 -0.378211 -0.882370 -0.262623 -0.390451 0.458382 -0.292201 -0.839348
0.942697 -37.931123 -11.535832 848.336640 -0.095334 0.929498 -0.356294 -0.713421 -0.313413 -0.626739 0.694220 -0.194438 -0.693003
0.849044 -38.009581 10.102249 866.442895 -0.094093 0.910949 -0.401645 -0.719844 -0.340942 -0.604635 0.687729 -0.232230 -0.687821
0.987803 -34.297567 -38.287130 851.030744 -0.110035 0.908931 -0.402165 -0.860555 -0.289583 -0.419031 0.497331 -0.299977 -0.814049
0.528941 -30.116677 -17.264722 -833.312470 -0.129592 0.903008 -0.409613 0.974502 0.192298 0.115619 0.183172 -0.384185 -0.904903
0.387574 -27.978883 -6.024126 -518.555516 -0.112459 0.901152 -0.418662 0.983334 0.161503 0.083489 0.142851 -0.402296 -0.904296
-1.186767 -100.561990 -0.559892 -4688.767883 0.839293 -0.042314 -0.542030 -0.543289 -0.103030 -0.833200 0.020590 -0.993778 0.109461
3.571836 -403.907269 -21.067823 -22492.222267 0.776497 -0.068978 -0.626334 -0.591471 0.262980 -0.762236 -0.217291 -0.962332 -0.163405
-2.265631 -97.378855 -49.621145 -4278.064391 0.782241 -0.038319 -0.621796 -0.606105 0.183898 -0.773834 -0.143999 -0.982198 -0.120627
10.429999 -5.884503 -234.187681 16.711812 -0.141953 0.731529 -0.666869 -0.137509 -0.681732 -0.718563 0.980276 0.010302 -0.197365
8.839623 -7.158705 -277.873128 -6.562978 -0.012922 0.744854 -0.667102 -0.146412 -0.661376 -0.735626 0.989139 -0.088166 -0.117602
9.076822 -6.889934 -245.862053 -76.821876 -0.051410 0.682902 -0.728699 0.020553 0.730233 0.682889 0.998466 0.020131 -0.051577
7.337101 -5.411100 -369.179002 -63.298100 -0.457003 0.819868 -0.344913 -0.347794 0.192191 0.917661 -0.818650 -0.539333 -0.197313
3.792032 -6.607300 -251.423334 -48.762889 -0.438896 0.843436 -0.309816 -0.211746 0.238004 0.947902 -0.873232 -0.481632 -0.074135
2.737628 -5.462862 -83.890098 -45.663638 -0.355734 0.724528 -0.590350 -0.418111 0.441555 0.793859 -0.835845 -0.529234 -0.145856
0.376647 -8.044874 25.760277 -55.164278 -0.447203 -0.876485 -0.178278 0.894335 -0.441128 -0.074644 -0.013219 -0.192821 0.981145
0.670238 -8.883877 40.120121 -76.224272 -0.458014 -0.870477 -0.180260 0.888734 -0.443978 -0.114171 0.019352 -0.212495 0.976971
0.537028 -9.001648 28.567202 -136.995048 -0.472914 -0.862568 -0.179802 0.878664 -0.446488 -0.169110 0.065589 -0.237960 0.969058
1.381671 -13.930570 109.214586 45.805233 0.965060 0.164098 -0.204283 0.214121 -0.044500 0.975793 -0.151035 0.985440 0.078082
1.627138 -13.448140 123.889304 -22.387122 0.972768 0.144440 -0.181270 0.151533 0.195458 0.968934 -0.175384 0.970017 -0.168248
-0.078531 -13.261106 45.427163 55.571462 0.971143 0.180835 -0.155500 0.137763 0.106896 0.984680 -0.194687 0.977687 -0.078899
5.115934 -14.531618 192.742023 -24.366936 0.956380 0.180491 -0.229694 0.217577 0.084557 0.972374 -0.194927 0.979935 -0.041598
-0.262066 -12.987901 48.622487 56.289824 0.967669 0.174224 -0.182382 0.197215 -0.071860 0.977723 -0.157237 0.982081 0.103896
-0.057503 -13.703354 49.275705 -21.365212 0.962677 0.168978 -0.211424 0.246201 -0.222256 0.943391 -0.112422 0.960234 0.255564
0.886377 -33.360663 60.301696 -660.910497 0.903851 0.427846 0.000699 0.312178 -0.658378 -0.684897 0.292570 -0.619263 0.728640
0.563715 -26.173272 23.358705 -316.668352 0.901419 0.431822 0.031193 0.405430 -0.816657 -0.410728 0.151887 -0.382885 0.911224
0.363622 -27.596508 56.958094 -331.809051 0.885698 0.463125 0.032474 0.433876 -0.800811 -0.412859 0.165200 -0.379758 0.910216
0.526952 -27.859816 52.230523 -394.204361 0.892009 0.451804 0.013895 0.358944 -0.689320 -0.629283 0.274735 -0.566314 0.777052
0.387609 -24.335828 -24.679274 -359.744912 0.888450 0.451523 0.082362 0.434636 -0.770023 -0.467072 0.147473 -0.450768 0.880375
-2.151431 -2.920995 -110.757984 -67.458432 0.115231 -0.337810 -0.934134 0.318769 0.903237 -0.287314 0.940802 -0.264666 0.211764
-0.509961 -3.431024 68.169193 -154.798854 0.102638 0.882910 0.458188 0.257831 0.421265 -0.869516 0.960723 -0.207380 0.184404
-0.419920 -1.714763 21.120340 -158.911232 0.157165 0.899565 0.407532 0.301114 0.349361 -0.887287 0.940547 -0.262164 0.215964
-0.611113 -1.654133 -116.556343 93.577456 0.247791 0.191859 -0.949626 0.171417 0.956047 0.237886 0.953528 -0.221728 0.204012
-0.255637 -4.282826 -93.053124 222.010771 0.235202 0.362307 -0.901894 0.126010 0.908728 0.397914 0.963743 -0.207238 0.168081
-2.568120 -7.516742 -134.918550 268.393991 0.255557 0.469550 -0.845112 0.153135 0.843443 0.514930 0.954589 -0.261010 0.143644
-4.425935 -5.383154 -139.100646 186.227933 0.284136 0.659235 -0.696186 0.105501 0.700207 0.706101 0.952962 -0.274077 0.129404
6.153918 -8.064311 -158.265130 66.122006 0.025983 0.723084 -0.690271 -0.074085 -0.687213 -0.722669 0.996913 -0.069916 -0.035714
8.341356 -8.001834 -258.729211 -84.715509 -0.002089 0.794171 -0.607691 -0.252295 -0.588452 -0.768161 0.967648 -0.151713 -0.201594
5.253418 -9.010268 -146.178480 -54.336691 0.035822 0.777865 -0.627410 -0.196368 -0.610095 -0.767609 0.979876 -0.150700 -0.130893
-0.233579 -25.224836 -18.702534 -568.604355 -0.235721 0.762061 -0.603074 -0.379995 0.498879 0.778925 -0.894449 -0.412774 -0.171983
-0.376779 -20.618547 10.344382 -522.085683 -0.199183 0.750514 -0.630123 -0.561671 0.439478 0.700988 -0.803026 -0.493547 -0.334006
0.325670 -25.162282 -17.239312 -635.291001 -0.220273 0.753544 -0.619396 -0.380915 0.518124 0.765801 -0.897989 -0.404622 -0.172907
-1.061724 -5.344293 -32.235264 125.113739 0.187476 0.981035 -0.049228 0.218128 -0.090445 -0.971720 0.957744 -0.171436 0.230947
-0.284478 -6.164765 -115.200059 118.910589 0.211872 0.976338 0.043298 0.254837 -0.012422 -0.966904 0.943487 -0.215894 0.251439
0.174306 -4.159019 -89.272183 108.666428 0.219948 0.975444 -0.011441 0.175499 -0.051104 -0.983152 0.959595 -0.214235 0.182430
-0.616857 -3.083863 -3.679392 70.818345 0.196675 0.955768 -0.218694 0.137149 -0.247676 -0.959086 0.970829 -0.158634 0.179794
-1.423479 -4.403383 51.681142 105.638198 0.168880 0.943047 -0.286606 0.157278 -0.312840 -0.936693 0.973007 -0.113112 0.201153
29.479719 -24.202069 -1730.452905 1224.948227 -0.562077 0.699475 -0.441367 0.764706 0.236192 -0.599532 -0.315110 -0.674498 -0.667651
2.247967 -25.916675 -14.383443 -847.854252 -0.297719 0.855888 -0.422871 -0.638758 0.150600 0.754525 -0.709473 -0.494748 -0.501868
7.082575 -20.472029 -353.794242 400.751840 -0.281863 0.714733 -0.640086 0.798986 -0.194505 -0.569024 -0.531201 -0.671807 -0.516238
3.295326 -2.253754 53.063634 -69.312335 0.442535 0.888110 -0.124192 0.406276 -0.075097 0.910659 -0.799439 0.453455 0.394050
3.409772 -1.383234 -15.019791 -38.948449 0.390930 0.918951 -0.051992 0.379913 -0.109652 0.918500 -0.838356 0.378821 0.391988
2.847168 -1.459109 69.961788 -36.942756 0.455891 0.877340 -0.149794 0.408071 -0.056470 0.911202 -0.790975 0.476535 0.383761
1.817874 -1.598351 99.717109 -35.860936 0.467594 0.848779 -0.246839 0.439231 0.019229 0.898168 -0.767093 0.528397 0.363819
2.020143 -2.851666 119.262455 -76.127871 0.501708 0.845761 -0.181598 0.423894 -0.057376 0.903893 -0.754058 0.530469 0.387299
-0.398666 -18.071248 16.371899 140.643633 0.201188 -0.786640 0.583712 0.911644 0.368374 0.182223 -0.358369 0.495477 0.791249
-0.720049 -17.295655 8.204915 172.679895 0.164905 -0.789887 0.590664 0.920529 0.338296 0.195401 -0.354164 0.511501 0.782901
-0.889437 -18.323914 -30.110008 166.354524 -0.199613 0.793240 -0.575261 0.836380 0.443794 0.321736 -0.510512 0.416914 0.752037
-0.699614 -22.034554 -18.254303 304.432651 -0.220359 0.786512 -0.576923 0.767113 0.505060 0.395539 -0.602477 0.355405 0.714639
1.231315 -24.221346 66.293552 -490.441904 -0.099589 0.768122 -0.632511 -0.494647 -0.589779 -0.638346 0.863370 -0.249298 -0.438684
0.272576 -25.508535 69.209799 -449.890443 -0.133335 0.750197 -0.647632 -0.568705 -0.593089 -0.569931 0.811663 -0.292320 -0.505720
0.517658 -29.576058 52.323129 -536.601746 -0.076207 0.770059 -0.633405 -0.756844 -0.458243 -0.466048 0.649138 -0.443872 -0.617736
1.195404 -23.657378 18.099519 -406.701298 -0.045284 0.766226 -0.640974 -0.583494 -0.541091 -0.605603 0.810854 -0.346580 -0.471591
-2.253450 -4.658273 -27.132706 7.459880 -0.492255 -0.833310 0.251555 0.741462 -0.250030 0.622671 -0.455982 0.493031 0.740946
-1.460055 -4.312249 49.609733 4.684416 0.683394 0.722101 -0.107436 0.613771 -0.488607 0.620120 -0.395295 0.489728 0.777116
-1.649803 -4.196923 47.902386 -23.510744 0.683357 0.719461 -0.124097 0.589231 -0.443130 0.675605 -0.431081 0.534801 0.726744
-2.275327 -4.542543 -26.644094 2.833734 -0.447562 -0.834166 0.322265 0.740560 -0.143736 0.656438 -0.501257 0.532453 0.682081
-2.692633 -5.156468 20.373111 3.512443 0.315902 0.875157 -0.366478 0.777206 -0.017142 0.629013 -0.544203 0.483535 0.685593
-0.488717 -8.730707 9.526710 -0.039312 0.443130 0.881543 -0.162841 -0.871927 0.466037 0.150176 -0.208277 -0.075437 -0.975156
-0.421982 -8.861719 3.790725 0.956259 0.440570 0.880511 -0.174923 -0.880710 0.461688 0.105801 -0.173918 -0.107444 -0.978881
-0.552710 -8.627732 8.641261 -16.512205 0.429296 0.888037 -0.164609 -0.842206 0.459439 0.282142 -0.326180 -0.017512 -0.945145
-670.423510 -6204.727369 44008.549164 -1290336.255339 -0.122919 0.991026 -0.052524 0.499233 0.016007 -0.866320 0.857705 0.132709 0.496720
76.421741 -437.581489 4101.429537 -115894.149064 -0.073745 0.981596 0.176153 0.949474 0.123138 -0.288681 0.305059 -0.145964 0.941081
-171.819890 -1072.868688 -11363.905388 79077.075868 0.484896 -0.609299 -0.627400 0.751694 0.657034 -0.057119 0.447025 -0.443916 0.776599
-8.765234 -12.490352 38.018755 215.955755 0.131746 0.893731 0.428822 -0.908259 0.282136 -0.308974 0.397126 0.348775 -0.848909
-8.520317 -11.144724 126.753920 -99.146803 -0.252829 0.899833 0.355497 0.882848 0.064253 0.465244 0.395800 0.431477 -0.810660
-6.184456 -10.410523 5.221542 -61.679051 -0.576490 0.788895 0.212846 0.740392 0.394140 0.544494 0.345657 0.471485 -0.811309
-3.351215 -10.613339 -735.359464 176.136184 -0.151090 0.947107 -0.283125 -0.577089 -0.317049 -0.752628 0.802584 -0.049674 -0.594468
-3.962292 -11.902850 -490.430608 114.062803 -0.204304 0.978264 -0.035497 -0.449254 -0.125918 -0.884486 0.869730 0.164757 -0.465214
3.291367 -17.638610 -941.132423 834.505446 -0.087858 0.981991 -0.167253 -0.668539 -0.182600 -0.720911 0.738469 -0.048477 -0.672543
1.379578 -14.697454 -485.855040 -107.714623 -0.186704 0.982368 0.009760 -0.340660 -0.055419 -0.938552 0.921462 0.178556 -0.345001
7.828467 -10.773144 -1270.515751 462.488673 -0.084872 0.905181 -0.416466 -0.655327 -0.365562 -0.660992 0.750562 -0.216822 -0.624216
7.018785 -29.254457 -80.791493 1453.744843 -0.354645 0.923740 0.144674 -0.668832 -0.142507 -0.729627 0.653369 0.355521 -0.668367
14.474792 -47.251181 -1055.272438 4056.349430 -0.171750 0.977149 -0.125225 -0.826124 -0.212107 -0.522045 0.536676 -0.013790 -0.843675
1.981932 -1.950070 3.831550 9.431667 0.314760 0.934471 -0.166401 -0.892636 0.231827 -0.386597 0.322688 -0.270221 -0.907112
1.276420 -2.078473 66.610459 46.436024 0.271250 0.953374 -0.132292 -0.895043 0.199291 -0.398975 0.354008 -0.226629 -0.907369
7.380575 -13.805759 482.161783 240.910405 0.944384 0.274717 0.180749 -0.206079 0.066074 0.976302 -0.256264 0.959252 -0.119013
2.392974 -9.517425 193.944207 204.769948 0.938093 0.294228 0.182786 -0.145363 -0.144577 0.978758 -0.314405 0.944737 0.092857
0.396799 -8.083588 -46.047975 12.413396 0.769050 -0.613231 -0.180304 -0.112222 0.148162 -0.982575 -0.629260 -0.775884 -0.045126
0.003634 -8.208378 -7.336987 27.458433 0.774994 -0.602873 -0.189548 -0.086420 0.196016 -0.976785 -0.626032 -0.773384 -0.099811
0.092137 -8.463579 -20.547735 -3.318541 0.775370 -0.604087 -0.184065 -0.198133 0.044046 -0.979185 -0.599621 -0.795700 0.085538
-0.278929 -9.227780 -19.234477 -46.665194 0.734415 -0.582380 -0.348523 -0.657135 -0.481746 -0.579736 -0.169727 -0.654793 0.736504
-0.263223 -8.660762 -1.994594 -21.825547 0.735015 -0.573889 -0.361117 -0.674675 -0.565923 -0.473861 -0.067579 -0.591932 0.803150
-0.121673 -8.678552 5.388999 -29.915299 0.732982 -0.573728 -0.365477 -0.679674 -0.595623 -0.428107 -0.027931 -0.562200 0.826529
-6.115069 -24.058634 -111.894959 -33.618872 0.134024 0.984790 -0.110574 -0.460123 -0.036983 -0.887085 0.877681 -0.169768 -0.448168
-5.115583 -23.252471 -151.362194 455.141239 0.208632 0.970640 -0.119713 -0.699810 0.062658 -0.711575 0.683182 -0.232234 -0.692336
-6.005630 -20.685586 -108.916914 590.198532 0.105037 0.986589 -0.124938 -0.882591 0.034589 -0.468867 0.458258 -0.159517 -0.874388
-7.282051 -19.351449 -83.459560 563.762524 -0.042901 0.995243 -0.087468 -0.874353 -0.079760 -0.478691 0.483390 -0.055942 -0.873616
1.624260 -32.862867 -69.038035 -513.748580 -0.004478 0.951347 -0.308088 0.104295 -0.305966 -0.946312 0.994536 0.036370 0.097850
1.380590 -38.921001 -44.763472 -834.063340 -0.039676 0.935212 -0.351859 -0.169547 -0.353331 -0.920006 0.984723 -0.023154 -0.172581
1.264525 -32.938542 -57.737620 -404.440934 -0.008205 0.933774 -0.357770 -0.286974 -0.344931 -0.893683 0.957903 -0.095338 -0.270799
-2.503953 -13.442284 50.157301 39.205500 0.195279 0.946223 -0.257930 -0.221610 0.298764 0.928240 -0.955382 0.124106 -0.268034
-2.304949 -14.281660 61.384653 7.493163 0.218719 0.946742 -0.236310 -0.366533 0.304151 0.879287 -0.904332 0.105702 -0.413535
-2.597750 -13.712816 35.119162 22.439816 0.174437 0.952459 -0.249786 -0.415007 0.301159 0.858529 -0.892940 0.046097 -0.447810
0.059402 -6.643660 -0.187800 -59.142762 -0.725407 0.688127 0.016327 -0.619178 -0.662717 0.421219 -0.300672 -0.295446 -0.906812
-0.183545 -8.490446 97.188781 14.708041 0.787025 -0.451499 -0.420405 -0.445554 0.055345 -0.893543 -0.426701 -0.890554 0.157609
-1.820107 -8.617437 73.061640 1.884189 0.719609 -0.470070 -0.511075 -0.499975 0.159990 -0.851134 -0.481860 -0.868008 0.119893
-1.703560 -32.088208 13.188646 -600.819016 0.263822 -0.807718 -0.527247 0.897327 0.005002 0.441338 -0.353840 -0.589547 0.726107
-1.304839 -30.473903 -3.811486 -222.653782 0.266045 -0.790402 -0.551801 0.945062 0.101073 0.310873 -0.189942 -0.604192 0.773869
5.052318 -1.991957 171.455524 16.257412 0.847935 0.040779 0.528529 -0.278570 -0.813991 0.509722 -0.451004 0.579444 0.678852
6.199985 -1.671061 1.957854 -19.878630 0.740093 0.106661 0.663992 0.295455 0.835382 -0.463511 -0.604126 0.539221 0.586747
5.594408 -1.851434 -23.480901 -10.881311 0.707649 0.112321 0.697579 0.340915 0.810482 -0.476336 -0.618878 0.574894 0.535245
4.980572 -2.349264 28.000844 14.771039 0.777502 0.107007 0.619710 -0.315453 -0.786118 0.531515 -0.544041 0.608743 0.577453
1.412305 -2.171198 201.030199 16.737666 0.913305 0.113766 0.391064 -0.152312 -0.795113 0.587024 -0.377723 0.595695 0.708853
2.105680 -2.045414 241.188952 18.831614 0.913029 0.062707 0.403046 -0.180248 -0.824375 0.536578 -0.365908 0.562560 0.741375
-3.153067 -14.132339 -35.784180 137.676874 0.822542 0.428683 -0.373704 0.074187 0.570619 0.817857 -0.563844 0.700446 -0.437555
-2.134634 -14.413284 -57.706230 145.860057 0.783758 0.441672 -0.436634 0.117781 0.584579 0.802742 -0.609796 0.680583 -0.406148
-2.652246 -13.384046 -28.007510 69.648941 0.807908 0.432757 -0.400008 0.166527 0.483460 0.859381 -0.565291 0.760913 -0.318525
-1.867119 -13.423370 -42.155580 26.243848 0.788645 0.454396 -0.414202 0.192141 0.457788 0.868050 -0.584055 0.764169 -0.273724
-1.044907 -13.834599 -77.552828 36.421628 0.764267 0.465407 -0.446422 0.196982 0.490682 0.848781 -0.614080 0.736632 -0.283335
-1.012599 -204.573603 -301.231850 -7001.830867 0.865307 -0.150139 -0.478228 0.214414 -0.751516 0.623900 0.453068 0.642404 0.618100
2.238854 -130.000615 -1216.304940 -6543.254368 0.910714 -0.285340 -0.298632 0.194838 0.934300 -0.298531 0.364195 0.213691 0.906476
-0.533990 -84.923874 -387.485235 4480.690369 0.856176 -0.303995 -0.417792 -0.413542 -0.887934 -0.201385 0.309752 -0.345195 0.885942
3.011127 -3.288270 164.983116 -105.716191 0.003667 0.984571 0.174947 -0.715196 0.124857 -0.687682 0.698915 0.122600 -0.704619
5.233290 -4.722525 175.040582 -118.390775 0.076900 0.986732 0.142990 -0.732219 0.153230 -0.663608 0.676714 0.053669 -0.734288
5.511991 -3.855990 184.096666 -128.327745 -0.009609 0.997669 0.067563 -0.683220 0.042785 -0.728958 0.730149 0.053165 -0.681216
3.086031 -2.416783 182.687156 -25.549212 -0.155210 0.986753 0.047207 -0.702870 -0.076726 -0.707168 0.694178 0.142940 -0.705468
1.050998 -2.261383 98.889111 -37.379754 -0.118109 0.989812 0.079514 -0.713292 -0.028859 -0.700272 0.690843 0.139425 -0.709434
-1.657112 -5.312466 -15.745909 7.946680 -0.830200 0.371089 0.416005 0.010312 0.756340 -0.654098 -0.557370 -0.538743 -0.631740
-0.872600 -9.528613 14.374440 -7.086098 0.735907 -0.584697 -0.341423 -0.625004 -0.392680 -0.674665 -0.260405 -0.709882 0.654414
-0.695188 -8.816758 6.215622 -41.379781 0.732696 -0.590647 -0.338072 -0.662081 -0.503675 -0.554941 -0.157496 -0.630434 0.760097
-0.775917 -8.543877 27.147060 -24.688512 0.741041 -0.574535 -0.347518 -0.666926 -0.569745 -0.480208 -0.077900 -0.587623 0.805377
-1.109415 -13.579546 -49.053559 24.597707 -0.204969 0.951590 -0.229053 0.133055 0.258939 0.956686 -0.969683 -0.165614 0.179688
-0.533929 -13.448697 -97.786599 47.991833 -0.236777 0.951479 -0.196532 0.202764 0.246224 0.947766 -0.950170 -0.184560 0.251226
-1.199825 -12.851204 -45.037707 12.826225 -0.200298 0.954587 -0.220556 0.303108 0.274451 0.912580 -0.931668 -0.115936 0.344315
-0.534089 -14.473341 -94.299041 38.643199 -0.245223 0.943298 -0.223730 -0.014770 0.227115 0.973756 -0.969354 -0.242092 0.041761
-1.146763 -14.027982 -78.041047 41.342895 -0.225903 0.946362 -0.231013 -0.050077 0.225548 0.972944 -0.972862 -0.231360 0.003561
1.304006 -37.501080 8.381288 65.248027 -0.092403 0.934124 -0.344782 -0.416656 -0.350765 -0.838667 0.904356 -0.066160 -0.421619
-7.691004 -152.220959 380.872892 -158.594352 0.800264 -0.131007 -0.585162 -0.057060 0.954778 -0.291792 0.596927 0.266900 0.756600
-14.223999 -189.627346 -48.121762 -3956.535871 0.898152 -0.166085 -0.407111 0.039290 0.952526 -0.301911 0.437927 0.255166 0.862038
-4.202539 -98.937855 105.767083 -1416.216064 0.830763 -0.043960 -0.554888 0.123037 0.986721 0.106036 0.542858 -0.156363 0.825140
0.634587 -205.659761 44.094681 -12796.541936 0.735648 0.053577 -0.675241 0.183810 0.943672 0.275130 0.651948 -0.326515 0.684363
-7.015056 -169.184932 150.277899 4047.850001 0.768411 -0.133499 -0.625878 -0.187478 0.888132 -0.419611 0.611880 0.439772 0.657422
2.875032 -150.694397 -102.041054 -7138.651402 0.738353 -0.021089 -0.674085 -0.657297 0.201261 -0.726261 -0.150983 -0.979311 -0.134740
2.588683 0.295116 -26.196163 -21.155039 0.320896 0.922493 -0.214550 0.419282 0.064757 0.905543 -0.849251 0.380543 0.366005
2.291834 0.805136 1.200572 23.324111 0.157691 0.875610 -0.456552 0.486494 0.333450 0.807549 -0.859335 0.349453 0.373397
2.752335 -0.119930 12.162773 45.072546 0.218116 0.877636 -0.426827 0.501567 0.274367 0.820459 -0.837171 0.393038 0.380350
2.655199 -0.434021 27.297547 26.670523 0.318047 0.884206 -0.342091 0.468511 0.167108 0.867509 -0.824223 0.436182 0.361112
11.728530 -5.959478 -349.083318 -27.029547 -0.389041 0.890341 -0.236516 -0.334277 0.102806 0.936851 -0.858432 -0.443535 -0.257625
14.740528 -4.294315 -176.651769 -18.045944 -0.244022 0.925123 -0.290861 -0.451653 0.156997 0.878272 -0.858174 -0.345686 -0.379524
13.022668 -6.378631 100.455691 -22.733254 -0.078482 0.991856 -0.100309 -0.292158 0.073318 0.953555 -0.953144 -0.104143 -0.284025
11.937364 -6.843686 -199.923139 -69.066399 -0.275457 0.951942 -0.133901 -0.246407 0.064719 0.967003 -0.929197 -0.299362 -0.216738
0.135980 -0.148503 -40.576941 -55.214353 0.160988 -0.042603 -0.986036 0.268965 0.963147 0.002299 0.949600 -0.265580 0.166514
-0.125658 -1.923653 -22.248461 -114.482188 0.139155 0.844773 0.516715 0.268349 0.470100 -0.840830 0.953218 -0.255666 0.161277
-0.134642 -0.589506 55.906388 -99.206619 -0.072106 -0.665325 -0.743064 0.314780 0.691747 -0.649923 0.946422 -0.280765 0.159552
0.900752 -9.717487 26.135674 -87.826500 -0.475378 -0.866208 -0.153950 0.874915 -0.447073 -0.186146 0.092414 -0.223183 0.970386
0.895611 -8.749889 34.663218 -6.583354 -0.410784 -0.897058 -0.162920 0.910548 -0.412755 -0.023158 -0.046472 -0.157859 0.986367
1.201193 -9.553479 22.430739 -0.260495 -0.424750 -0.894651 -0.138518 0.905258 -0.421367 -0.054378 -0.009717 -0.148491 0.988866
1.105093 -9.233413 -42.433753 66.475497 0.344946 0.927763 0.142364 0.926537 -0.360826 0.106462 -0.150140 -0.095181 0.984072
1.229754 -10.138066 -13.386194 -82.324351 -0.486447 -0.865871 -0.116774 0.863660 -0.456324 -0.214151 0.132141 -0.205027 0.969795
1.373637 -10.029083 -11.832886 1.162902 -0.440026 -0.891509 -0.107652 0.897772 -0.434137 -0.074362 0.019559 -0.129368 0.991404
1.482961 -10.146034 -21.787123 76.274022 0.358866 0.926011 0.117133 0.925732 -0.369149 0.082151 -0.119312 -0.078952 0.989713
0.948983 -29.502252 -18.265387 -454.819378 0.926081 0.375034 0.041515 0.326795 -0.742193 -0.585111 0.188625 -0.555427 0.809890
0.055993 -2.840602 19.564269 -76.374319 0.116614 0.904819 0.409516 0.187713 0.384818 -0.903703 0.975277 -0.182256 0.124971
-0.278216 -3.710912 27.672053 28.068810 0.095519 0.884454 0.456746 0.078296 0.450747 -0.889211 0.992344 -0.120698 0.026195
6.981558 -8.776101 -207.239799 -82.794119 0.049493 0.682114 -0.729569 -0.099013 0.730217 0.676003 0.993854 0.038779 0.103679
10.387511 -8.105605 -306.370852 -54.495955 -0.035606 0.625566 -0.779359 -0.159294 0.766330 0.622385 0.986589 0.146308 0.072363
-0.097034 -9.286257 -120.305594 74.339795 0.228714 0.968422 0.099240 0.478732 -0.023124 -0.877657 0.847647 -0.248242 0.468903
0.026459 -7.513712 -161.751448 112.335678 0.232587 0.967495 0.099281 0.336126 0.015827 -0.941684 0.912646 -0.252394 0.321520
-0.866148 -8.252498 -89.237898 111.247712 0.191916 0.978704 0.072845 0.417666 -0.014282 -0.908488 0.888101 -0.204778 0.411513
0.916865 -7.531072 -92.435118 51.713279 0.188643 0.976108 0.107830 0.366879 0.031803 -0.929725 0.910941 -0.214947 0.352114
-1.623174 -9.462630 -41.429735 87.090633 0.173727 0.984790 0.002668 0.499083 -0.085707 -0.862305 0.848961 -0.151137 0.506382
-1.410133 -10.251275 -37.125346 91.414744 0.202004 0.979361 -0.006765 0.580074 -0.125206 -0.804884 0.789119 -0.158665 0.593394
-0.790753 -9.974637 -92.217387 81.175614 0.244534 0.968824 0.039778 0.598535 -0.118543 -0.792277 0.762862 -0.217547 0.608863
0.255059 -9.484450 -138.658557 83.794202 0.242999 0.965373 0.094904 0.576077 -0.064904 -0.814815 0.780440 -0.252671 0.571901
1.149989 -8.566791 -67.158281 37.418383 0.155027 0.979702 0.127081 0.483376 0.036963 -0.874632 0.861577 -0.197020 0.467834
-4.999600 -20.983698 364.386993 -52.048254 -0.377128 0.827494 -0.415966 0.649284 -0.084061 -0.755886 0.660458 0.555146 0.505578
-7.150690 -20.418964 -93.103866 -287.215489 -0.543546 0.812333 0.211361 0.249146 0.396596 -0.883537 0.801551 0.427583 0.417957
-4.304702 -19.312936 444.242675 290.255790 -0.495196 0.816038 -0.298099 0.332324 -0.139107 -0.932850 0.802709 0.561009 0.202304
0.138341 -20.096180 215.481193 153.209342 -0.356161 0.804825 -0.474769 0.473728 -0.282430 -0.834155 0.805438 0.522005 0.280678
2.838010 -1.128978 -61.755700 -41.491335 0.336294 0.940985 0.038111 0.348055 -0.161789 0.923408 -0.875079 0.297272 0.381923
2.996526 -0.437003 -26.739119 -27.172303 0.386225 0.922391 -0.004978 0.354118 -0.143289 0.924159 -0.851722 0.358696 0.381977
3.361540 -1.955354 -75.137007 -52.586643 0.330617 0.943549 -0.020220 0.381110 -0.113879 0.917489 -0.863393 0.311043 0.397246
3.723085 -2.486559 -29.111842 -75.180516 0.370006 0.925576 -0.080028 0.406381 -0.083785 0.909854 -0.835434 0.369174 0.407137
-0.362587 -15.949071 12.887417 79.599199 0.168410 -0.791597 0.587377 0.974258 0.224270 0.022910 -0.149866 0.568398 0.808989
-0.262765 -15.415181 -13.622656 105.990150 0.123467 -0.788829 0.602084 0.980336 0.191075 0.049306 -0.153937 0.584157 0.796909
-0.963591 -18.133188 5.475368 206.555888 0.133909 -0.797994 0.587600 0.902719 0.342858 0.259899 -0.408861 0.495635 0.766276
-7.326003 -60.906005 73.020261 -2590.408406 -0.202629 -0.084498 0.975603 -0.600925 0.797359 -0.055750 -0.773195 -0.597561 -0.212345
-9.464997 -73.521845 -88.294465 3430.731078 0.237995 0.248503 -0.938938 0.811970 -0.581384 0.051940 -0.532976 -0.774751 -0.340144
-5.575150 -68.528921 -63.738992 3520.035925 0.110347 0.206648 -0.972173 0.851780 -0.523694 -0.014636 -0.512146 -0.826463 -0.233806
-2.693359 -58.513147 287.931103 -2416.710220 -0.014814 -0.089026 0.995919 -0.643096 0.763534 0.058687 -0.765643 -0.639602 -0.068564
-4.789824 -60.533650 284.152758 -2177.642255 -0.056753 -0.004433 0.998378 -0.369587 0.929043 -0.016884 -0.927461 -0.369946 -0.054364
0.922774 -19.806538 55.115938 -341.184366 -0.097407 0.773960 -0.625698 -0.290266 -0.623447 -0.725988 0.951976 -0.110903 -0.285382
-0.460546 -4.011265 51.794999 -7.057841 0.804621 0.593741 0.007523 0.462057 -0.634024 0.620095 -0.372945 0.495465 0.784491
-0.541597 -4.112440 71.357616 34.321620 0.744666 0.665233 -0.054202 0.573275 -0.595908 0.562360 -0.341801 0.449843 0.825114
-2.580658 -4.947329 -62.424378 10.746543 0.453011 0.891066 -0.027969 0.857194 -0.426741 0.288287 -0.244947 0.154572 0.957135
-1.917994 -4.854225 -58.621408 28.911839 0.540259 0.841090 0.026239 0.788118 -0.516670 0.334546 -0.294940 0.160062 0.942014
-1.699156 -4.382719 -48.521577 10.589430 0.439392 0.898295 -0.001031 0.867843 -0.424200 0.258656 -0.231913 0.114546 0.965969
-0.127386 -8.753953 -21.414713 -2.109260 0.427307 0.882446 -0.196717 -0.889395 0.449375 0.083901 -0.162438 -0.139108 -0.976864
-0.175684 -8.816614 -18.396747 -16.947462 0.437976 0.877408 -0.195789 0.896377 -0.442805 0.020792 -0.068454 -0.184607 -0.980426
-3.364709 -6.358849 19.694487 9.484531 -0.205381 0.759696 -0.616993 0.187506 0.649298 0.737057 -0.960552 -0.035688 0.275801
-3.696839 -6.598950 5.710221 -2.290648 -0.140781 0.908451 -0.393570 0.363084 0.417206 0.833132 -0.921060 0.025610 0.388579
-3.427931 -5.978471 17.191226 -0.971851 -0.127651 0.841504 -0.524954 0.289373 0.537855 0.791818 -0.948667 0.050831 0.312166
-2.834273 -5.732916 -60.289477 8.717781 0.146800 -0.651966 0.743902 0.152666 0.757971 0.634171 -0.977314 0.020472 0.210803
-27.841848 -92.114769 1140.989203 3332.655091 -0.520512 0.769893 0.369231 -0.025494 -0.446249 0.894546 -0.853474 -0.456209 -0.251906
-39.084477 -161.549808 1617.844532 -20.749211 -0.441940 0.895150 0.058272 -0.807393 -0.425240 0.409008 -0.390903 -0.133708 -0.910668
-39.721371 -137.310175 1646.350291 6626.475987 -0.554856 0.747044 0.366141 0.062536 -0.401405 0.913763 -0.829593 -0.529904 -0.176005
-18.186248 -219.960224 464.216848 11553.363022 -0.372659 0.915466 0.151815 -0.619567 -0.367252 0.693731 -0.690841 -0.164466 -0.704052
-37.891299 -240.236351 -741.672848 -16442.660277 0.650741 -0.744258 -0.150382 -0.462223 -0.231163 -0.856104 -0.602400 -0.626612 0.494441
-12.810249 -210.253269 -44.238444 9631.524792 -0.518813 0.738950 0.429867 0.374303 -0.255724 0.891349 -0.768590 -0.623344 0.143918
-8.784677 -75.057643 224.395569 2993.208095 -0.409605 0.865014 0.289784 -0.115231 -0.364168 0.924177 -0.904956 -0.345156 -0.248841
3.048577 -7.705733 -99.793969 54.670281 -0.292922 0.954419 -0.057285 0.695172 0.253725 0.672577 -0.656454 -0.157190 0.737807
4.648123 -8.178511 16.025242 67.147369 -0.160575 0.982333 -0.096115 0.647747 0.178354 0.740685 -0.744741 -0.056677 0.664942
3.834018 -7.447375 25.560856 15.392303 -0.176601 0.978154 -0.109667 0.721354 0.204425 0.661709 -0.669672 -0.037750 0.741697
4.413041 -7.854858 108.103968 25.301151 -0.035816 0.990177 -0.135158 0.684983 0.122801 0.718136 -0.727678 0.066860 0.682652
-6.923636 -13.149930 -61.456307 262.440029 0.193855 0.923759 0.330286 -0.901930 0.300265 -0.310424 0.385930 0.237718 -0.891374
-4.545713 -13.296889 -166.852990 381.574387 0.109879 0.982496 0.150427 -0.963780 0.142319 -0.225551 0.243012 0.120196 -0.962548
-4.241272 -9.678891 -121.716151 -261.819090 -0.059999 0.989432 0.132005 0.992842 0.045472 0.110439 0.103269 0.137687 -0.985078
-7.877556 -10.714176 -87.294529 -11.526908 -0.383218 0.922210 -0.051694 -0.455137 -0.237237 -0.858236 0.803738 0.305363 -0.510645
-7.859018 -10.858736 -17.747137 -30.287632 -0.357185 0.933357 0.035559 -0.334253 -0.092180 -0.937965 0.872178 0.346912 -0.344903
-4.237721 -11.682822 -454.351510 -166.317344 -0.202159 0.979349 0.002739 -0.248992 -0.048692 -0.967281 0.947172 0.196226 -0.253694
-5.231056 -10.046244 -51.404087 31.024638 0.909393 -0.020174 -0.415448 0.415569 0.002018 0.909560 0.017511 0.999794 -0.010219
1.953235 -2.307169 47.452448 -57.968786 0.334450 0.936932 -0.101493 -0.884831 0.275121 -0.376008 0.324371 -0.215560 -0.921041
1.864524 -2.805960 49.478079 -61.892186 0.329849 0.938770 -0.099556 -0.897985 0.279475 -0.339877 0.291243 -0.201508 -0.935186
