12296
24572
-3.814351 -4.939853 -4.659268 -57.705182 -0.457872 -0.678315 0.574668 0.825099 -0.083560 0.558775 -0.331006 0.730005 0.597936
-4.234408 -5.482776 23.460370 -31.514230 -0.626532 -0.685642 0.370610 0.728455 -0.346056 0.591268 -0.277147 0.640422 0.716275
-4.036306 -6.379176 -9.654267 -55.436219 -0.283267 -0.719036 0.634623 0.943022 -0.088390 0.320776 -0.174555 0.689329 0.703105
-3.261928 -4.383035 -9.433162 -22.884745 0.893069 0.446575 0.054763 0.237977 -0.572157 0.784859 -0.381831 0.687901 0.617250
-2.565906 -6.277961 -42.566632 -84.904705 -0.389109 -0.611851 0.688645 0.881625 -0.030607 0.470956 -0.267078 0.790380 0.551333
-3.078928 -4.168194 -28.578213 -53.670628 -0.479070 -0.606012 0.635013 0.794829 0.007491 0.606787 -0.372477 0.795420 0.478087
-2.933046 -3.859328 -16.404321 -22.793098 0.909261 0.400250 0.114215 0.122745 -0.520051 0.845270 -0.397717 0.754551 0.521990
-3.092770 -4.916021 -4.467903 2.463523 -0.540581 -0.398727 0.740803 -0.240461 0.917049 0.318119 -0.806195 -0.006165 -0.591617
-3.245898 -4.897353 -4.251955 0.471272 -0.476959 -0.377843 0.793564 -0.253545 0.923646 0.287390 -0.841561 -0.064131 -0.536342
-3.303463 -4.831181 -7.896918 6.882732 -0.477470 -0.373493 0.795314 -0.114567 0.923894 0.365095 -0.871147 0.083205 -0.483922
-2.959652 -4.794877 -5.996879 10.289188 -0.584881 -0.405622 0.702414 -0.110332 0.897717 0.426533 -0.803580 0.171973 -0.569811
-3.139525 -4.541126 -8.573275 11.012411 -0.503577 -0.383917 0.773963 0.031798 0.886998 0.460677 -0.863365 0.256596 -0.434464
-3.548957 -4.619254 -10.800249 12.021023 -0.385530 -0.350123 0.853686 0.019156 0.921973 0.386780 -0.922496 0.165468 -0.348742
-0.235517 -3.232672 -0.074560 -0.437461 0.739249 0.647722 0.184300 -0.277915 0.044148 0.959591 -0.613412 0.760596 -0.212648
-0.256413 -3.213691 1.335363 7.173600 0.737759 0.650417 0.180749 -0.173640 -0.075903 0.981880 -0.652350 0.755776 -0.056940
-0.241671 -3.198164 -0.193215 8.522433 0.740577 0.645133 0.188013 -0.206668 -0.047561 0.977255 -0.639402 0.762588 -0.098106
-0.276497 -3.177785 -1.187922 -1.438614 0.746910 0.639349 0.182642 -0.276804 0.049226 0.959665 -0.604570 0.767339 -0.213742
-0.197439 -3.396059 1.528817 -2.977832 0.740950 0.647447 0.178340 -0.346342 0.140888 0.927469 -0.575361 0.748975 -0.328629
-0.237979 -3.327519 -0.342862 -4.106490 0.727253 0.661184 0.184226 -0.307558 0.073969 0.948650 -0.613605 0.746569 -0.257146
-0.198395 -3.315118 1.117133 -4.873850 0.748643 0.638832 0.177278 -0.343157 0.144599 0.928081 -0.567253 0.755636 -0.327473
-0.355700 -4.246728 -3.711225 -6.615944 0.612641 0.782746 0.109458 -0.214470 0.297937 -0.930181 0.760706 -0.546391 -0.350404
-0.125667 -4.278897 -5.204581 -8.806349 0.622233 0.767407 0.154637 -0.226701 0.365714 -0.902696 0.749289 -0.526631 -0.401531
-0.185140 -4.360169 -10.016572 -7.712129 0.629579 0.768346 0.115216 -0.294744 0.373410 -0.879597 0.718858 -0.519816 -0.461557
-0.306261 -4.487265 1.920438 -7.058112 0.584399 0.804277 0.107781 -0.306915 0.342030 -0.888154 0.751186 -0.485957 -0.446727
0.163159 -4.985580 1.970167 68.328081 0.672956 0.668299 -0.317028 0.394487 0.038293 0.918103 -0.625707 0.742907 0.237866
0.415909 -6.332314 -5.530332 49.945792 0.665912 0.692274 -0.278062 0.235086 0.159014 0.958879 -0.708022 0.703898 0.056854
0.129136 -4.972324 -7.794682 51.629578 0.690423 0.679524 -0.248121 0.346397 -0.009438 0.938040 -0.635079 0.733593 0.241901
-0.038438 -3.560630 -0.851150 44.215253 0.691202 0.664539 -0.283950 0.436190 -0.070370 0.897099 -0.576176 0.743933 0.338505
-0.060440 -3.423452 5.647577 45.684593 0.663266 0.659046 -0.354593 0.488315 -0.022061 0.872389 -0.567122 0.751779 0.336455
-1.398363 -8.886319 -5.094602 16.814749 0.633830 0.682705 -0.363556 -0.525211 0.034828 -0.850259 0.567814 -0.729863 -0.380639
-1.257198 -8.210764 -4.083240 9.133012 0.661020 0.655341 -0.365487 -0.624725 0.210832 -0.751843 0.415658 -0.725312 -0.548772
-1.492526 -8.543372 -8.064328 -14.760969 0.644332 0.681418 -0.347141 0.645296 -0.240847 0.724973 0.410402 -0.691132 -0.594901
-1.698585 -9.279178 -3.101008 28.374021 0.575085 0.801285 -0.164984 0.704129 -0.587477 -0.398840 0.416509 -0.113197 0.902057
-2.113881 -9.530976 -17.372986 51.726372 0.571325 0.793233 -0.210640 0.675212 -0.600186 -0.428796 0.466559 -0.102755 0.878501
-1.920423 -10.764754 -17.038973 44.345253 0.615252 0.772122 -0.159038 0.749623 -0.635452 -0.185110 0.243989 0.005329 0.969763
-1.445612 -9.808343 -0.242291 18.660101 0.604274 0.779196 -0.166456 0.761924 -0.626203 -0.165353 0.233078 0.026908 0.972086
-1.154620 -8.839711 -2.224623 5.054473 0.601025 0.789038 -0.127230 0.739991 -0.609525 -0.284415 0.301965 -0.076792 0.950221
1.604141 -20.456541 -32.583509 257.271964 0.456805 0.889113 -0.028415 0.576132 -0.271362 0.770996 -0.677792 0.368565 0.636206
0.757285 -19.547802 -15.469604 53.466015 0.479566 0.876136 -0.049013 0.256536 -0.086566 0.962650 -0.839170 0.474228 0.266275
1.445951 -19.328150 -1.562554 233.280082 0.520460 0.840073 -0.152971 0.529054 -0.176634 0.830002 -0.670242 0.512912 0.536374
2.583717 -16.128782 -25.909477 258.726587 -0.519954 -0.812694 0.263014 0.751544 -0.288898 0.593059 -0.405991 0.506031 0.760989
2.917979 -17.534749 -25.812399 281.012376 0.467068 0.873211 -0.139105 0.763085 -0.318583 0.562322 -0.446709 0.368792 0.815134
0.885861 -0.333855 -16.872679 -2.869967 0.768104 0.493180 -0.408400 -0.593113 0.788339 -0.163516 -0.241315 -0.367825 -0.898038
0.849026 -0.494395 -17.130383 -2.216725 0.817748 0.424950 -0.388209 -0.517114 0.838596 -0.171319 -0.252748 -0.340844 -0.905507
0.359359 -0.446653 -11.225529 -0.425925 0.796744 0.455222 -0.397458 -0.552689 0.814893 -0.174595 -0.244406 -0.358778 -0.900857
0.544058 -0.438971 -13.957503 0.205588 0.728434 0.541298 -0.419978 -0.644192 0.749833 -0.150885 -0.233240 -0.380456 -0.894904
0.090562 -0.507185 -7.372670 1.408904 0.820635 0.420489 -0.386971 -0.522462 0.826402 -0.209984 -0.231498 -0.374498 -0.897864
-0.116344 -0.444754 -5.555669 2.433485 0.890567 0.293404 -0.347568 -0.386812 0.890556 -0.239347 -0.239304 -0.347598 -0.906592
0.741888 -36.003514 0.344683 -617.638799 0.550236 0.828568 0.103518 0.235082 -0.272671 0.932945 -0.801235 0.489005 0.344815
0.604493 -28.895735 1.824524 -171.107458 0.544735 0.831798 0.106655 0.557112 -0.454005 0.695346 -0.626810 0.319360 0.710717
-1.401449 -125.458499 -147.691795 -4143.278084 0.513242 0.853050 0.094284 0.611259 -0.440443 0.657550 -0.602450 0.279850 0.747488
0.531559 -46.039046 -16.584728 -939.561416 0.546652 0.828582 0.120927 0.294676 -0.325533 0.898440 -0.783797 0.455499 0.422116
0.354776 -25.829519 -14.955129 -277.059568 0.552153 0.821373 0.143082 -0.052774 -0.136839 0.989187 -0.832071 0.553733 0.032209
0.638079 -29.445989 14.169328 -408.764440 0.578104 0.810044 0.098101 -0.082468 -0.061607 0.994688 -0.811785 0.583123 -0.031188
0.531780 -18.536104 -13.326112 247.658334 0.713700 0.538949 0.447399 -0.093765 0.706491 -0.701483 -0.694147 0.458698 0.554757
0.371945 -22.169793 -12.599862 -287.739785 0.695678 0.617699 0.366715 0.122630 -0.605119 0.786634 -0.707809 0.502274 0.496717
1.335449 -45.847924 -8.140564 978.310470 0.710743 0.538210 0.452962 -0.320779 0.821039 -0.472225 -0.626056 0.190330 0.756194
-1.074956 -14.181779 -43.973361 202.798354 0.680709 0.520422 0.515554 -0.050363 0.735358 -0.675805 -0.730821 0.434061 0.526775
-1.196779 -10.126248 -28.175066 -13.199972 0.683500 0.645287 0.341222 0.028426 -0.490634 0.870902 -0.729397 0.585562 0.353691
232.507994 -5525.752169 -566.670645 178260.078412 0.601093 0.677532 0.423837 -0.412184 0.717190 -0.561910 -0.684683 0.163061 0.710366
-0.472004 -4.851839 -24.624535 -8.315898 -0.074964 0.996937 -0.022308 -0.966890 -0.067196 0.246188 -0.243935 -0.040025 -0.968965
0.320617 -3.901299 -29.830059 71.822356 -0.158392 0.987073 -0.024452 0.987315 0.158058 -0.015037 -0.010978 -0.026524 -0.999588
0.216503 -4.050048 -2.157219 -15.544311 -0.255705 0.965382 0.051513 -0.939702 -0.260713 0.221333 -0.227101 -0.008189 -0.973837
-1.192592 -3.579098 7.443704 -13.170321 0.302622 0.822366 0.481802 0.925053 -0.131672 -0.356286 -0.229558 0.553513 -0.800579
-1.576988 -3.717303 7.006540 -13.373711 0.317486 0.838673 0.442528 0.931236 -0.187714 -0.312351 -0.178892 0.511265 -0.840599
-1.488405 -3.319096 7.365764 -8.407110 0.354017 0.833490 0.424225 0.893351 -0.167139 -0.417120 -0.276761 0.526650 -0.803768
-1.185077 -3.167639 6.467989 -8.172017 0.326255 0.820915 0.468674 0.881327 -0.084891 -0.464818 -0.341790 0.564705 -0.751191
-0.148324 -3.165440 3.754132 -0.152482 0.793436 0.599832 0.103253 -0.258803 0.178941 0.949211 -0.550890 0.779860 -0.297217
-0.066427 -3.281501 1.761652 5.409899 0.786569 0.608992 0.102169 -0.317096 0.256374 0.913084 -0.529867 0.750601 -0.394765
-0.171637 -3.235943 1.598749 -1.681884 0.777061 0.614743 0.135154 -0.312449 0.190336 0.930671 -0.546399 0.765417 -0.339978
1.450628 -1.394033 0.120870 -11.231482 -0.662048 -0.709927 0.240200 0.734152 -0.549864 0.398335 -0.150711 0.440060 0.885231
1.393185 -2.045688 2.447817 -19.709220 0.725897 0.652503 -0.217515 0.679014 -0.629446 0.377807 -0.109607 0.421944 0.899972
1.383320 -1.684877 -1.092866 -21.151968 -0.699071 -0.688809 0.191940 0.699488 -0.603058 0.383455 -0.148376 0.402322 0.903394
2.229872 -68.126300 12.835721 1635.198421 -0.645335 -0.635567 0.423789 -0.316747 0.727463 0.608661 -0.695136 0.258557 -0.670772
1.973781 -78.005130 23.141812 1875.446340 -0.574031 -0.626530 0.527209 -0.299695 0.759934 0.576787 -0.762018 0.173092 -0.623993
1.631643 -53.506071 9.098130 1155.807161 -0.642231 -0.611882 0.461670 -0.623746 0.767255 0.149198 -0.445510 -0.192145 -0.874415
1.473686 -36.942935 -10.816317 679.950369 0.630882 0.603425 -0.487714 0.772675 -0.545696 0.324329 -0.070436 -0.581458 -0.810522
18.951971 -400.911642 -221.631961 10144.545389 0.563337 0.639264 -0.523444 0.779561 -0.201342 0.593081 0.273744 -0.742161 -0.611769
-3.755089 -124.675079 63.345186 -3190.898921 -0.071295 -0.436406 -0.896921 -0.747885 0.618370 -0.241426 0.659988 0.653582 -0.370468
5.436878 -266.864684 -73.887982 -6044.052816 -0.282091 -0.203353 -0.937589 -0.661392 0.749151 0.036509 0.694971 0.630413 -0.345825
-0.635565 -8.586635 18.077013 -195.226931 -0.120199 -0.401463 -0.907954 -0.672776 0.705479 -0.222871 0.730017 0.584061 -0.354892
0.561796 -33.541694 -26.294927 -814.689850 -0.246097 -0.273378 -0.929893 -0.688808 0.724296 -0.030641 0.681894 0.632977 -0.366552
0.073246 -7.585235 18.462972 -146.501419 -0.152139 -0.371064 -0.916060 -0.647659 0.737552 -0.191194 0.746587 0.564206 -0.352533
-2.544094 -4.205818 2.132160 3.015494 -0.340350 -0.599358 -0.724522 0.917748 -0.044005 -0.394717 0.204694 -0.799271 0.565037
-2.702713 -4.121294 3.135838 5.398604 -0.399628 -0.663189 -0.632833 0.868692 -0.053552 -0.492450 0.292698 -0.746533 0.597508
-2.778739 -4.284300 5.756447 4.253623 -0.390288 -0.663583 -0.638226 0.907297 -0.159386 -0.389112 0.156484 -0.730926 0.664274
-2.449693 -4.113449 0.673906 4.528998 -0.364763 -0.581299 -0.727350 0.872864 0.058450 -0.484451 0.324124 -0.811588 0.486075
-2.550376 -4.288076 3.709538 0.450957 -0.348782 -0.574465 -0.740500 0.935052 -0.159791 -0.316455 0.063467 -0.802781 0.592887
-2.525859 -4.237006 1.038910 1.964986 -0.357282 -0.508964 -0.783138 0.923418 -0.066650 -0.377964 0.140174 -0.858203 0.493800
7.473670 -2.277449 -293.415980 143.490934 0.307178 0.940301 0.146544 0.243587 0.071172 -0.967264 0.919950 -0.332818 0.207183
15.348658 -2.357576 -355.438465 73.500127 -0.097733 0.756582 0.646554 0.579102 0.571585 -0.581318 0.809375 -0.317607 0.494001
9.832687 0.970019 199.314471 159.755148 -0.456041 0.889959 0.000258 0.564648 0.289566 -0.772868 0.687895 0.352314 0.634567
11.830917 -291.501664 -280.981252 7758.624085 -0.501153 -0.478814 0.720821 0.834598 -0.487552 0.256396 0.228672 0.730090 0.643955
12.435830 -21.573623 -238.707410 -354.794705 0.815401 0.560646 -0.144212 0.340160 -0.262454 0.903000 -0.468414 0.785362 0.404715
54.236212 -3.753854 -1482.352823 -7.648247 0.596464 -0.762599 0.250349 0.783011 0.484290 -0.390329 0.176423 0.428844 0.885984
21.984562 -7.736351 -561.555578 46.176150 0.993874 0.041073 0.102599 -0.025795 -0.816516 0.576746 -0.107462 0.575860 0.810455
-0.837664 -2.885492 18.110114 -14.022470 0.749724 0.558643 -0.354727 -0.457527 0.824870 0.332052 0.478102 -0.086650 0.874019
-1.147265 -2.872977 1.562866 -19.893932 0.765142 0.575202 -0.289309 -0.459454 0.802563 0.380519 0.451064 -0.158227 0.878354
-0.544308 -2.320032 18.479991 -17.503253 0.783281 0.490567 -0.381858 -0.341117 0.852675 0.395707 0.519721 -0.179691 0.835225
-0.162175 -2.535914 29.068910 -11.032308 0.751211 0.519029 -0.407787 -0.414256 0.851706 0.320919 0.513881 -0.072150 0.854822
-0.494316 -2.977493 21.716355 -7.659364 0.690092 0.628507 -0.358821 -0.565937 0.777675 0.273746 0.451097 0.014160 0.892362
0.131439 -5.600587 2.863850 -5.379768 0.781708 0.622757 -0.033248 -0.510207 0.669269 0.540156 -0.358638 0.405281 -0.840908
0.187237 -5.792618 2.024343 -10.905744 0.758332 0.651590 -0.019079 -0.554231 0.659879 0.507333 -0.343163 0.374153 -0.861539
0.006926 -5.578846 3.789286 -6.572866 0.763664 0.645493 -0.012473 -0.594388 0.710483 0.376720 -0.252032 0.280273 -0.926243
-0.076528 -5.436092 3.076489 -5.984739 0.788577 0.614021 -0.033538 -0.554341 0.733422 0.393444 -0.266181 0.291670 -0.918736
0.021672 -5.468632 4.660521 -5.461978 0.804307 0.592552 -0.044421 -0.477118 0.688561 0.546116 -0.354188 0.418051 -0.836531
0.666115 -8.575184 -18.625003 -4.481771 0.574599 0.632915 -0.518898 0.142524 0.546944 0.824948 -0.805930 0.547969 -0.224068
1.283688 -8.857588 -15.592781 -7.567050 0.613918 0.577969 -0.537640 0.194653 0.549223 0.812690 -0.764994 0.603578 -0.224674
0.943132 -8.476434 -16.808069 21.563574 0.581574 0.640760 -0.501197 0.334060 0.373648 0.865327 -0.741738 0.670681 -0.003251
0.826734 -8.630195 17.926794 -20.158339 -0.593363 -0.587078 0.550689 -0.021079 0.695240 0.718468 -0.804659 0.414705 -0.424905
0.401179 -8.210706 -13.332666 4.535191 0.579625 0.659619 -0.478475 0.227190 0.433079 0.872254 -0.782573 0.614285 -0.101164
0.101040 -8.178299 12.997637 -12.916282 -0.579269 -0.630073 0.517161 -0.104241 0.686498 0.719621 -0.808444 0.362945 -0.463346
0.038756 -8.063053 -10.873996 -10.382062 0.583314 0.656937 -0.477680 0.050532 0.557607 0.828565 -0.810673 0.507452 -0.292064
0.615125 -10.296659 -0.626482 -7.724690 0.739208 0.582288 -0.338397 0.579006 -0.292832 0.760921 -0.343981 0.758413 0.553612
0.595215 -11.903355 -3.005208 78.927052 0.755249 0.561700 -0.337774 0.456185 -0.080440 0.886242 -0.470632 0.823421 0.316992
0.497989 -11.771621 6.274546 76.426335 0.780311 0.529462 -0.332844 0.438649 -0.084010 0.894723 -0.445759 0.844164 0.297802
0.284411 -3.308533 0.205453 5.777137 0.759456 0.643792 -0.093586 -0.647108 0.732774 -0.210462 0.066916 -0.220397 -0.973112
0.347317 -3.436284 0.549359 7.851481 0.798216 0.596637 -0.082921 -0.591119 0.749362 -0.298387 0.115891 -0.287193 -0.950836
0.385292 -3.593581 -2.396705 0.597694 0.772840 0.626613 -0.100375 -0.618758 0.708938 -0.338446 0.140914 -0.323672 -0.935617
0.297530 -3.950199 -3.282256 -18.754525 0.773953 0.592629 -0.223131 0.501116 -0.357764 0.787964 -0.387142 0.721662 0.573868
0.069508 -4.822728 0.043734 -27.711822 0.722940 0.624770 -0.294992 0.613679 -0.384502 0.689605 -0.317420 0.679573 0.661381
0.258247 -4.130085 -4.300010 -20.001765 0.751250 0.612436 -0.246061 0.519363 -0.318478 0.792990 -0.407291 0.723529 0.557333
-0.589497 -4.563119 2.970192 -10.019122 0.728033 0.685537 0.002669 0.466355 -0.492404 -0.734882 0.502474 -0.536263 0.678190
-0.386664 -4.214212 6.172812 -11.292508 0.699703 0.714344 0.011307 0.547433 -0.525909 -0.650951 0.459056 -0.461662 0.759036
-0.527398 -4.079359 1.064322 -18.833594 0.729271 0.683968 0.018772 0.551797 -0.571680 -0.607209 0.404580 -0.453178 0.794321
-0.729285 -4.421027 4.222963 -18.367316 0.751679 0.659495 -0.006664 0.489664 -0.564821 -0.664234 0.441823 -0.496028 0.747495
-1.032393 -10.533051 -8.022195 -25.288563 -0.832698 -0.523894 -0.179301 -0.394899 0.788844 -0.470934 0.388160 -0.321341 -0.863755
-0.596058 -9.957906 4.898897 -96.618564 0.833969 0.520654 0.182797 -0.226942 0.625574 -0.746428 0.502984 -0.581013 -0.639868
-1.033243 -10.287865 0.717611 -105.256402 0.848538 0.506080 0.154489 -0.265546 0.659821 -0.702938 0.457678 -0.555446 -0.694270
1.287025 -0.576846 -19.333096 -6.221278 0.603319 0.679351 -0.417719 0.771510 -0.629818 0.090011 -0.201938 -0.376580 -0.904107
1.515436 -0.447968 -7.002901 -10.538808 0.569065 0.736290 -0.366119 0.803235 -0.593038 0.055843 -0.176006 -0.325858 -0.928891
1.017047 -0.349010 -13.922794 -4.969814 0.659785 0.624219 -0.418371 0.717607 -0.688595 0.104292 -0.222987 -0.369036 -0.902269
0.694430 -0.514009 -15.741115 -3.707000 0.678851 0.594367 -0.431149 0.699752 -0.701596 0.134573 -0.222507 -0.393053 -0.892188
0.856168 -35.014317 -4.482552 492.126415 0.764035 0.599081 0.239485 0.637106 -0.642051 -0.426458 0.101721 -0.478406 0.872227
24.989739 -289.185906 -245.152800 8642.349935 0.870022 0.455582 0.188433 0.492995 -0.800610 -0.340559 0.004291 -0.389190 0.921148
0.966767 -35.690136 -3.575583 423.643618 0.763090 0.589502 0.264915 -0.571245 0.806930 -0.150145 -0.302279 -0.036757 0.952511
0.385142 -30.876152 10.565840 129.945039 0.768883 0.595122 0.233771 -0.599738 0.798019 -0.058990 -0.221660 -0.094845 0.970500
0.457480 -28.005133 6.098692 233.179753 0.772291 0.594079 0.225026 0.631078 -0.676831 -0.379000 0.072851 -0.434707 0.897621
-2.795882 -15.794925 41.751351 412.290244 0.987504 0.108000 -0.114770 0.091804 0.197713 0.975952 -0.128095 0.974292 -0.185327
16.045935 -272.683926 520.798669 1200.046212 -0.452634 -0.448070 0.770945 0.839666 -0.505186 0.199369 0.300139 0.737578 0.604893
0.484761 -30.230057 8.262864 644.791664 0.900200 0.400567 -0.170837 -0.031539 0.451239 0.891846 -0.434333 0.797452 -0.418839
-0.392137 -18.347047 -7.817767 396.145853 0.909791 0.367596 -0.192752 0.040031 0.384513 0.922251 -0.413131 0.846772 -0.335111
0.131496 -2.698089 7.672635 -7.118082 0.497409 0.851243 -0.167242 0.799939 -0.375463 0.468107 0.335680 -0.366624 -0.867701
-0.101390 -2.598695 6.715443 -9.667481 0.514428 0.843697 -0.153427 0.798333 -0.405862 0.444904 0.313094 -0.351357 -0.882338
0.023820 -2.590287 4.467245 1.468451 0.552535 0.819873 -0.150044 0.791686 -0.459952 0.402091 0.260651 -0.340957 -0.903222
-0.111976 -2.597711 3.757213 9.584712 0.608730 0.783064 -0.127509 0.769363 -0.543387 0.335874 0.193724 -0.302557 -0.933236
0.003158 -2.879811 -0.436469 11.382674 0.631049 0.765044 -0.128391 0.754949 -0.567601 0.328453 0.178406 -0.304198 -0.935753
0.913346 -2.369627 5.968572 -5.823882 -0.297116 0.743827 -0.598701 0.880724 0.455699 0.129087 0.368846 -0.488937 -0.790502
1.194330 -2.434181 22.151670 24.404677 -0.526818 0.631951 -0.568419 0.727598 0.680993 0.082761 0.439390 -0.369981 -0.818566
0.227465 -2.676991 16.196843 -2.616892 -0.544127 0.619421 -0.565901 0.778430 0.624349 -0.065082 0.313006 -0.475927 -0.821901
-1.246476 -3.263287 -6.438871 1.651027 0.666059 0.688826 -0.286153 0.719020 -0.490871 0.491991 0.198432 -0.533445 -0.822229
-0.982925 -3.153103 -4.195524 5.331806 0.647355 0.701437 -0.298190 0.701971 -0.396275 0.591779 0.296931 -0.592412 -0.748920
-1.184583 -3.244311 -1.070849 0.306124 0.599576 0.722029 -0.345229 0.782460 -0.438237 0.442384 0.168122 -0.535371 -0.827716
-1.194311 -3.183109 0.595328 -3.255647 0.561116 0.730311 -0.389610 0.823096 -0.442518 0.355936 0.087534 -0.520408 -0.849420
-1.313555 -2.961599 0.058724 -9.549917 0.622640 0.704691 -0.340191 0.781634 -0.539540 0.312962 0.036995 -0.460767 -0.886750
-1.433814 -3.104353 -4.737036 -6.613600 0.679254 0.677847 -0.281314 0.729105 -0.579512 0.364104 0.083782 -0.452427 -0.887857
-0.949534 -3.210911 -2.490712 -1.139046 0.544157 0.725993 -0.420509 0.828218 -0.384794 0.407417 0.133973 -0.569972 -0.810669
-0.418576 -6.801231 -7.559929 -28.876832 0.728785 0.500199 -0.467625 -0.479391 -0.114917 -0.870045 0.488934 -0.858251 -0.156041
-0.233700 -7.432917 -8.501647 -36.866976 0.720741 0.487871 -0.492456 -0.555381 -0.018724 -0.831385 0.414830 -0.872715 -0.257459
-0.516922 -7.238637 -7.160209 -14.410084 0.711820 0.503737 -0.489450 -0.596514 0.065700 -0.799909 0.370787 -0.861355 -0.347253
0.101395 -30.427153 -11.479775 413.456105 0.649566 0.705049 -0.284551 -0.469473 0.666331 0.579308 -0.598046 0.242710 -0.763828
0.872149 -58.703478 -8.790428 1288.642928 0.710460 0.647364 -0.275983 -0.096566 0.478137 0.872961 -0.697081 0.593553 -0.402210
0.409321 -44.058493 1.834629 939.220042 0.704794 0.655603 -0.271016 -0.187539 0.540625 0.820093 -0.684174 0.527171 -0.503981
0.201905 -34.319828 -3.411635 579.284862 0.670770 0.700818 -0.242739 -0.404456 0.619987 0.672333 -0.621678 0.352803 -0.699319
0.250778 -29.935285 10.014877 422.840066 0.665216 0.705627 -0.244084 -0.535340 0.678628 0.502867 -0.520479 0.203847 -0.829185
-1.217838 -37.853360 14.525746 -790.829182 -0.484076 -0.001463 -0.875025 0.860870 0.178352 -0.476543 0.156759 -0.983966 -0.085076
-0.902666 -54.438559 19.087331 -1005.941027 -0.454517 0.046600 -0.889518 0.682204 0.660308 -0.313994 0.572724 -0.749548 -0.331911
-2.329634 -95.465028 -0.354252 -2452.736512 -0.354357 0.048517 -0.933851 0.732958 0.634563 -0.245158 0.580693 -0.771347 -0.260423
0.161006 -0.978898 -14.328808 10.562369 0.714931 0.685403 -0.138187 0.504924 -0.642817 -0.576054 0.483658 -0.342065 0.805646
0.383094 -1.421274 -8.577677 18.202984 0.714812 0.680737 -0.160129 0.509645 -0.663891 -0.547275 0.478859 -0.309589 0.821492
0.496851 -0.965577 -3.302993 11.503151 0.711701 0.677076 -0.187216 0.483420 -0.665417 -0.568793 0.509693 -0.314307 0.800890
-4.843650 -6.062980 37.239199 -20.543032 -0.511041 -0.751271 0.417647 0.846467 -0.355388 0.396475 -0.149433 0.556140 0.817544
-3.725105 -5.761164 -10.059181 -20.463410 0.750472 0.627082 -0.208713 0.622601 -0.564856 0.541577 -0.221720 0.536383 0.814330
-3.457163 -4.988586 -1.685881 -28.479609 0.836214 0.545283 -0.058409 0.426524 -0.579726 0.694259 -0.344706 0.605462 0.717352
-3.180700 -4.921916 -4.009369 -4.719431 -0.514633 -0.405973 0.755207 -0.379385 0.897703 0.224044 -0.768908 -0.171214 -0.616008
2.410874 -6.672474 11.450125 10.692484 0.698987 0.505156 -0.506196 -0.690017 0.662357 -0.291822 -0.187866 -0.553264 -0.811545
2.327363 -7.172515 0.165043 9.326818 0.696791 0.543407 -0.468178 -0.664060 0.735445 -0.134703 -0.271121 -0.404758 -0.873307
2.396192 -6.732530 10.462915 -10.772408 0.657966 0.539683 -0.525188 0.672835 -0.734522 0.088147 -0.338191 -0.411363 -0.846409
2.544181 -5.821680 11.163328 -10.148050 0.638642 0.502476 -0.582799 0.685105 -0.716143 0.133308 -0.350383 -0.484414 -0.801608
-0.006140 -6.198715 -19.616417 27.221721 -0.246622 0.965972 -0.077946 0.380666 0.170525 0.908854 -0.891219 -0.194472 0.409768
0.574882 -5.906819 -14.085295 40.946359 -0.254485 0.957775 -0.133808 0.401829 0.230577 0.886210 -0.879643 -0.171760 0.443540
0.670321 -5.119297 -15.631886 50.206267 -0.273488 0.950510 -0.147425 0.534931 0.277679 0.797962 -0.799408 -0.139371 0.584400
0.107609 -5.279748 -22.157254 47.555127 -0.273515 0.956394 -0.102472 0.553855 0.243698 0.796151 -0.786406 -0.161005 0.596358
-0.262538 -3.178834 -1.607384 -1.600346 0.730976 0.663529 0.159386 -0.092484 -0.135083 0.986509 -0.676107 0.735855 0.037376
-0.257527 -3.270573 -1.118652 1.391810 0.740698 0.650115 0.169461 -0.141438 -0.095689 0.985312 -0.656781 0.753787 -0.021074
-0.368326 -3.925185 -9.808840 -8.275204 0.629623 0.769183 0.109238 -0.145757 0.255062 -0.955876 0.763105 -0.585919 -0.272706
0.113200 -4.044981 -11.530484 -16.040176 0.622336 0.767861 0.151947 -0.151837 0.308856 -0.938911 0.767882 -0.561247 -0.308802
0.480223 -6.073216 -5.378477 43.664436 0.688097 0.685726 -0.237283 0.199732 0.135385 0.970452 -0.697589 0.715158 0.043804
-1.078748 -6.820120 -5.309142 -4.825778 0.674994 0.581906 -0.453618 0.737741 -0.541502 0.403131 -0.011051 -0.606763 -0.794806
-1.019916 -6.895980 -7.335145 -9.204295 0.647313 0.572538 -0.503176 0.757080 -0.559509 0.337313 -0.088407 -0.599291 -0.795634
-1.238814 -6.742926 -5.769815 -3.977683 0.652767 0.591965 -0.472729 0.731903 -0.653828 0.191904 -0.195483 -0.471260 -0.860058
-1.149941 -6.680718 -3.754500 -3.872810 0.629570 0.596574 -0.497737 0.732415 -0.669473 0.123994 -0.259250 -0.442613 -0.858419
-1.281107 -6.486508 -2.507487 -7.505844 0.688291 0.585244 -0.428656 0.711042 -0.661381 0.238733 -0.143788 -0.469110 -0.871356
-1.350511 -6.417175 0.333939 1.793564 0.680560 0.597457 -0.424126 -0.680436 0.730058 -0.063423 -0.271744 -0.331753 -0.903380
-1.351561 -6.633552 3.999958 1.688915 -0.634982 -0.610838 0.472942 -0.679209 0.733113 0.034948 -0.368067 -0.299035 -0.880400
0.240421 -3.224122 11.941262 -0.035932 0.489179 0.739545 0.462361 0.824774 -0.219841 -0.520977 -0.283640 0.636194 -0.717500
0.274066 -3.273755 7.287755 3.142843 0.552683 0.735668 0.391579 0.758634 -0.249610 -0.601805 -0.344987 0.629672 -0.696058
0.736480 -3.348072 10.193479 2.533287 0.539779 0.731546 0.416508 0.814923 -0.330054 -0.476409 -0.211045 0.596577 -0.774310
0.108179 -3.408364 13.101473 -5.930556 0.421243 0.750552 0.509142 0.877884 -0.196455 -0.436720 -0.227757 0.630933 -0.741654
-0.188755 -3.189428 5.948248 -5.736528 0.428340 0.758478 0.491157 0.827989 -0.111768 -0.549493 -0.361883 0.642043 -0.675886
0.623351 -3.464327 18.811300 -5.058782 0.487693 0.728364 0.481291 0.858925 -0.301670 -0.413816 -0.156217 0.615208 -0.772733
-0.235073 -3.883348 13.437090 -4.711415 0.450093 0.621995 -0.640733 -0.124338 0.754184 0.644784 0.884283 -0.210545 0.416791
-0.540429 -3.896622 13.228981 -31.181294 0.456031 0.699331 -0.550429 0.107848 -0.657352 -0.745826 0.883405 -0.280757 0.375194
0.222113 -4.697422 18.080115 -39.971232 0.436434 0.703001 -0.561530 0.112785 -0.661928 -0.741034 0.892639 -0.260080 0.368175
0.408190 -4.537001 11.699779 -1.205501 0.450352 0.635984 -0.626664 -0.179814 0.752092 0.634054 0.874557 -0.172864 0.453065
-0.116798 -5.011429 19.682171 -44.491854 0.427994 0.601947 -0.674152 -0.202226 0.790794 0.577710 0.880866 -0.110926 0.460185
-0.796871 -4.551499 21.200406 -54.856457 0.442253 0.581404 -0.682922 -0.128610 0.794673 0.593257 0.887621 -0.174539 0.426221
1.203371 -0.394948 -13.536315 -9.471161 0.851043 0.395702 -0.345176 -0.479517 0.853543 -0.203784 -0.213985 -0.338947 -0.916147
0.810216 -32.698974 1.589744 455.634920 0.538884 0.834167 0.117346 0.799937 -0.550403 0.239074 -0.264016 0.034964 0.963884
0.449418 -27.586301 3.400156 -186.061506 0.543675 0.833140 0.101464 0.548487 -0.444196 0.708416 -0.635279 0.329496 0.698464
0.460779 -30.541868 8.147988 319.017827 0.549219 0.828946 0.105865 0.782121 -0.554501 0.284282 -0.294356 0.073334 0.952878
0.663005 -29.594138 -7.196953 145.927358 0.695979 0.670492 0.257010 0.402868 -0.660891 0.633182 -0.594399 0.337141 0.730086
0.694554 -43.289093 -24.613402 -619.941463 0.676506 0.676945 0.289976 0.014306 -0.405761 0.913867 -0.736298 0.614088 0.284184
-0.973003 -1.795688 -0.404342 18.885090 0.887628 0.459021 -0.037627 0.457319 -0.868759 0.190045 -0.054546 0.185896 0.981054
-0.906882 -2.337414 0.366910 18.867289 0.887623 0.459211 -0.035376 0.450419 -0.849456 0.274859 -0.096168 0.259905 0.960834
-0.932348 -2.284288 -0.222449 17.568011 0.894225 0.447614 0.001537 0.430597 -0.861156 0.270181 -0.122260 0.240941 0.962808
-0.809812 -2.220827 -3.576403 16.456983 0.889019 0.456359 0.037168 0.432163 -0.863154 0.261152 -0.151260 0.216107 0.964582
-0.913975 -1.672769 -0.942641 19.517333 0.887205 0.461315 0.007457 0.453148 -0.874309 0.173902 -0.086743 0.150908 0.984735
0.074171 -1.877931 10.396814 2.132046 -0.866869 0.387798 0.313290 0.359415 0.921634 -0.146325 -0.345483 -0.014243 -0.938317
-0.603745 -1.832200 4.028674 6.401703 -0.777159 0.576994 0.251202 0.520984 0.813810 -0.257467 -0.352988 -0.069220 -0.933064
0.141137 -1.881052 -13.643017 -0.686929 -0.791433 0.571031 0.218076 0.536158 0.819847 -0.200961 -0.293544 -0.042124 -0.955017
-0.842156 -2.093973 9.667905 15.260724 -0.920971 0.099636 0.376675 0.070818 0.993454 -0.089632 -0.383140 -0.055873 -0.921999
-0.231731 -1.984712 30.706588 3.494795 -0.900716 0.206220 0.382341 0.194033 0.978449 -0.070635 -0.388668 0.010565 -0.921318
-2.040727 -4.439016 2.644377 -4.375773 0.162007 0.922666 0.349916 0.960713 -0.228456 0.157599 0.225352 0.310637 -0.923429
-1.969344 -4.301614 4.556007 -11.591961 0.237085 0.888434 0.393034 0.970071 -0.238350 -0.046386 0.052469 0.392268 -0.918353
-1.657009 -4.587946 14.693725 -3.426138 0.205670 0.871307 0.445559 0.954854 -0.278402 0.103664 0.214368 0.404123 -0.889230
-1.598852 -4.434175 13.206309 -16.204247 0.232710 0.847640 0.476816 0.971750 -0.222484 -0.078751 0.039331 0.481672 -0.875469
-1.431915 -4.563152 21.324144 -3.872805 0.187129 0.877198 0.442162 -0.903560 0.330310 -0.272899 0.385437 0.348453 -0.854412
-1.026075 -4.663790 22.476061 -5.771291 0.249394 0.826045 0.505423 0.948534 -0.313545 0.044405 0.195153 0.468337 -0.861728
-0.706687 -4.628306 30.663841 8.054460 0.258198 0.824336 0.503789 0.886909 -0.409014 0.214708 0.383048 0.391378 -0.836718
1.686164 -20.596685 7.300502 383.071185 -0.611685 -0.630131 0.478306 -0.240391 0.724070 0.646479 -0.753693 0.280461 -0.594381
1.763305 -64.046934 34.058119 1393.486710 -0.637201 -0.551108 0.538753 -0.250560 0.809207 0.531417 -0.728831 0.203630 -0.653713
-3.039289 -90.410120 -28.008820 1954.272613 0.124671 0.373852 0.919071 0.872410 -0.482522 0.077935 0.472608 0.792090 -0.386309
-2.709346 -4.030062 2.191999 5.544158 -0.486464 -0.711854 -0.506574 0.792206 -0.114864 -0.599346 0.368460 -0.692871 0.619812
-3.119102 -4.248754 5.916546 5.738005 -0.560465 -0.695090 -0.450254 0.783496 -0.268855 -0.560224 0.268353 -0.666758 0.695284
-2.447261 -3.947164 1.142065 6.051718 -0.411514 -0.666561 -0.621572 0.816780 0.032879 -0.576011 0.404383 -0.744725 0.530904
26.702294 -4.757783 -839.127205 96.618248 0.350055 0.784179 0.512372 0.465579 0.328982 -0.821588 0.812834 -0.526150 0.249935
44.335300 -1.675368 -984.561901 111.200853 0.268773 0.785418 0.557566 0.479454 0.392963 -0.784668 0.835395 -0.478225 0.270954
17.059461 -2.168843 -443.322610 45.309215 0.019022 0.759575 0.650142 0.645038 0.487509 -0.588439 0.763913 -0.430559 0.480682
1.747506 -3.765391 -17.377159 35.095996 0.807305 -0.091497 -0.582998 -0.419113 0.606592 -0.675567 -0.415454 -0.789731 -0.451357
1.622093 -3.315401 -17.324620 21.364067 0.750596 0.069164 -0.657132 -0.530632 0.655717 -0.537090 -0.393745 -0.751833 -0.528878
0.836957 -2.417818 -8.837444 17.006571 0.810906 -0.106333 -0.575435 -0.367174 0.673230 -0.641829 -0.455648 -0.731747 -0.506884
-0.808048 -2.297071 -5.481604 -22.943133 0.786389 0.555300 -0.270619 -0.402580 0.792974 0.457298 0.468531 -0.250668 0.847139
-0.837798 -2.951140 -15.156625 -20.645670 0.765700 0.606881 -0.213072 -0.503799 0.771830 0.387898 0.399863 -0.189668 0.896736
0.330234 -5.855225 0.413194 -16.919477 0.732319 0.680499 -0.025099 -0.601038 0.663255 0.445922 -0.320096 0.311471 -0.894720
0.379243 -6.019516 0.153185 0.599456 0.752034 0.658059 -0.037464 -0.488873 0.595005 0.637944 -0.442096 0.461440 -0.769171
0.136182 -5.681701 5.254030 -6.018695 0.735376 0.677648 -0.003920 -0.639058 0.695401 0.328667 -0.225446 0.239189 -0.944438
0.478020 -6.183518 2.507369 -12.979230 0.736827 0.675199 -0.034536 -0.557035 0.635240 0.534960 -0.383143 0.374935 -0.844171
0.355021 -5.700201 -4.471570 -10.370222 -0.723549 -0.690222 0.008421 -0.663148 0.698450 0.269076 -0.191604 0.189106 -0.963082
0.490274 -5.931413 5.496777 -18.316775 0.728069 0.685393 -0.012330 -0.633561 0.679661 0.369677 -0.261754 0.261339 -0.929078
1.568625 -8.620177 -7.784244 42.072874 0.636947 0.563088 -0.526526 0.415022 0.325108 0.849742 -0.649658 0.759761 0.026617
1.448245 -8.847615 11.481024 -35.372574 -0.657662 -0.517646 0.547287 0.007916 0.721718 0.692142 -0.753272 0.459528 -0.470549
0.205504 -2.430779 4.779699 -8.989000 0.572730 0.810905 -0.120052 0.789064 -0.505660 0.348835 0.222167 -0.294517 -0.929463
0.185856 -2.382881 10.082609 -9.119322 0.549839 0.827324 -0.114943 0.821044 -0.510042 0.256406 0.153505 -0.235355 -0.959710
0.327552 -2.228952 -2.830885 -5.931286 0.537752 0.829640 -0.150068 0.829974 -0.489634 0.267211 0.148210 -0.268246 -0.951881
0.202320 -2.265400 -5.141732 -5.783308 0.557849 0.815056 -0.156489 0.809556 -0.492851 0.318932 0.182822 -0.304602 -0.934769
0.165116 -2.135171 -9.503352 2.157498 0.537814 0.823457 -0.180761 0.834769 -0.490136 0.250851 0.117968 -0.285805 -0.950999
0.001099 -4.961832 -2.560110 -20.158248 0.704814 0.644296 -0.296849 0.668215 -0.462488 0.582746 -0.238172 0.609087 0.756497
-0.046101 -5.411266 -5.131122 -17.356172 -0.689229 -0.642850 0.334227 0.701566 -0.476875 0.529524 -0.181020 0.599445 0.779678
-0.111093 -5.440879 0.777101 -8.958485 -0.677897 -0.660533 0.322725 0.727497 -0.539535 0.423852 -0.105847 0.522109 0.846285
-0.024577 -5.677658 -3.653997 -19.351319 -0.686500 -0.643713 0.338158 0.699431 -0.457458 0.549116 -0.198780 0.613486 0.764278
-0.131277 -5.920152 -2.165810 -4.717354 -0.659185 -0.667744 0.345823 0.751128 -0.562779 0.345090 -0.035810 0.487236 0.872536
-0.020436 -3.383916 6.251701 -11.457666 0.582690 0.787126 -0.202252 -0.353734 0.021587 -0.935097 0.731673 -0.616415 -0.291012
0.049861 -3.710980 2.890188 -15.074339 0.597659 0.779544 -0.187390 -0.386320 0.075199 -0.919294 0.702539 -0.621817 -0.346097
0.066674 -3.313674 6.316932 -7.071303 0.581846 0.786050 -0.208759 -0.304839 -0.027189 -0.952016 0.754008 -0.617564 -0.223799
-0.063460 -2.033929 -2.899453 -17.049040 0.843787 0.534087 -0.052684 0.484927 -0.800797 -0.351526 0.229934 -0.271065 0.934695
-0.142599 -2.597703 5.036634 -19.993660 0.755923 0.654510 -0.014028 0.595401 -0.696248 -0.400918 0.272172 -0.294711 0.916006
0.047599 -2.206266 4.091807 -17.795330 0.782048 0.622390 -0.032110 0.575774 -0.741272 -0.344964 0.238505 -0.251291 0.938066
0.195934 -1.515578 -4.043679 -13.037987 0.894423 0.436959 -0.095262 0.396171 -0.872969 -0.284558 0.207501 -0.216775 0.953914
0.141578 -1.562990 -7.057261 -7.852317 0.929301 0.346219 -0.128574 0.291950 -0.901880 -0.318400 0.226195 -0.258352 0.939197
-0.152513 -2.095500 -6.912098 -20.663132 0.882324 0.464719 -0.074439 0.408568 -0.834818 -0.368986 0.233618 -0.295152 0.926449
0.155761 -12.726458 -16.864930 31.145543 0.781139 0.619624 -0.076727 0.255336 -0.204888 0.944894 -0.569759 0.757685 0.318258
0.156328 -11.922774 -14.708202 -16.868759 0.766211 0.629633 -0.128387 0.191521 -0.033045 0.980932 -0.613385 0.776190 0.145907
0.725220 -11.768973 -10.434433 2.958574 0.774423 0.612631 -0.157965 0.365804 -0.229869 0.901858 -0.516195 0.756204 0.402118
-0.301383 -13.115463 -15.899860 -5.095742 0.775668 0.626702 -0.074723 0.045416 0.062664 0.997001 -0.629505 0.776736 -0.020145
0.996384 -11.242734 -10.122193 92.252283 0.792513 0.602894 -0.091884 0.434272 -0.452118 0.779100 -0.428173 0.657349 0.620129
0.524531 -10.948569 -17.062342 92.506630 0.799591 0.600446 -0.010891 0.353452 -0.455861 0.816861 -0.485517 0.657004 0.576731
-0.672338 -13.352410 -17.257933 30.642447 0.788082 0.615457 -0.011808 0.050682 -0.045756 0.997666 -0.613481 0.786841 0.067252
1.532040 -0.861397 8.748293 -7.528179 0.547509 0.792635 -0.268258 0.831351 -0.551761 0.066455 -0.095340 -0.259401 -0.961052
1.499797 -0.321479 10.309001 -19.440466 0.502496 0.818449 -0.278639 0.853000 -0.521883 0.005366 -0.141026 -0.240376 -0.960381
1.345626 -0.939161 16.870703 -9.141140 0.495772 0.843160 -0.208065 0.864466 -0.502055 0.025305 -0.083124 -0.192411 -0.977788
1.294023 -1.406040 21.251733 -3.079529 0.579754 0.792287 -0.190174 0.814221 -0.572079 0.098839 -0.030486 -0.212145 -0.976763
1.900220 -70.161253 -23.370557 1550.387792 0.753601 0.588560 0.292717 0.655849 -0.703135 -0.274707 -0.044138 -0.398997 0.915889
1.419005 -55.790696 -22.674331 1077.478230 0.779497 0.583007 0.229101 0.562322 -0.490123 -0.666013 0.276003 -0.647984 0.709887
0.456648 -39.146970 -18.725717 799.705717 0.684035 0.656053 0.318890 0.679450 -0.413975 -0.605782 0.265413 -0.631046 0.728929
0.233054 -27.189719 -5.677401 270.984490 0.756199 0.612441 0.230387 0.426976 -0.195043 -0.882978 0.495837 -0.766077 0.408989
-0.438386 -20.903464 -20.843412 256.371745 0.721846 0.621539 0.304348 0.529543 -0.212923 -0.821126 0.445559 -0.753892 0.482829
-0.058400 -2.916756 13.146521 14.074929 0.491716 0.856502 -0.156909 -0.778449 0.351650 -0.519961 0.390170 -0.377818 -0.839655
-0.312703 -2.939596 9.739542 -16.897771 0.521126 0.841518 -0.142389 0.768714 -0.390305 0.506696 0.370819 -0.373509 -0.850285
0.099970 -2.975432 31.902358 38.401563 -0.746485 0.445855 -0.493937 0.543858 0.836511 -0.066849 0.383378 -0.318533 -0.866924
-0.274596 -3.245849 -17.257459 8.115370 0.704977 -0.457860 0.541638 0.630282 0.754623 -0.182453 0.325195 -0.470010 -0.820572
-1.185264 -3.256945 -5.402793 -4.676992 0.715297 0.667881 -0.205635 -0.639787 0.507505 -0.577158 0.281112 -0.544402 -0.790318
-0.972522 -3.025572 -2.513818 -8.567882 0.738456 0.657297 -0.150477 -0.557234 0.469199 -0.685086 0.379701 -0.589757 -0.712751
-0.683468 -2.800120 -4.169933 -9.328760 0.672247 0.692583 -0.261558 -0.619677 0.333094 -0.710667 0.405073 -0.639826 -0.653100
-0.699774 -2.956672 -3.313125 7.631331 0.603878 0.715906 -0.350442 0.711162 -0.285363 0.642508 0.359972 -0.637218 -0.681449
-0.213132 -7.805095 -7.621350 4.154080 0.706668 0.491334 -0.509128 -0.669231 0.230573 -0.706375 0.229675 -0.839897 -0.491755
0.531866 -25.551237 0.702888 510.793213 0.715468 0.654578 -0.244200 0.016530 0.333575 0.942579 -0.698450 0.678421 -0.227842
0.772867 -59.143570 7.307193 1320.447234 0.709837 0.652695 -0.264803 -0.166879 0.521079 0.837035 -0.684312 0.549968 -0.478802
0.362637 -8.087765 -8.521190 42.866764 0.668886 0.728295 -0.148924 -0.041609 0.236704 0.970690 -0.742200 0.643085 -0.188632
0.620401 -44.192975 2.718389 1122.849274 0.699854 0.659848 -0.273505 0.003579 0.379662 0.925118 -0.714277 0.648426 -0.263347
-1.781610 -5.840409 -73.384784 -7.793904 -0.466124 -0.520303 0.715551 0.884524 -0.291066 0.364552 0.018596 0.802848 0.595893
-1.066468 -6.127247 -79.232126 -63.874716 -0.512773 -0.449507 0.731442 0.849318 -0.141161 0.508658 -0.125394 0.882053 0.454158
-1.993841 -4.928900 -54.155606 -85.060009 -0.491651 -0.537235 0.685316 0.809361 0.008431 0.587251 -0.321270 0.843391 0.430672
-2.966766 -4.968207 -5.868669 -3.916629 -0.594444 -0.419455 0.686072 -0.371488 0.899924 0.228328 -0.713186 -0.119139 -0.690777
-3.099859 -4.831060 -3.256157 -5.026920 -0.559561 -0.425304 0.711342 -0.503624 0.856139 0.115712 -0.658220 -0.293501 -0.693256
-2.912859 -4.950028 -7.331014 4.138312 -0.618742 -0.412474 0.668598 -0.244899 0.909936 0.334724 -0.746447 0.043369 -0.664030
-2.806444 -5.018981 -9.080781 -0.754634 -0.666864 -0.444348 0.598204 -0.348129 0.895547 0.277130 -0.658862 -0.023444 -0.751898
-2.875974 -4.915591 -5.556448 -6.963962 -0.634464 -0.451234 0.627570 -0.464899 0.871412 0.156555 -0.617515 -0.192428 -0.762657
2.324281 -7.093867 -1.316707 -0.541562 0.713047 0.536547 -0.451311 -0.693540 0.634152 -0.341837 -0.102788 -0.556748 -0.824297
2.314802 -7.200133 -9.710639 9.660708 0.717516 0.559340 -0.415101 -0.671712 0.713343 -0.199863 -0.184318 -0.422234 -0.887550
0.203279 -6.392198 -10.471292 8.477691 -0.237807 0.965004 -0.110519 0.236578 0.167902 0.956995 -0.942061 -0.201434 0.268227
0.455643 -6.243485 0.042635 34.248589 -0.216565 0.956048 -0.197668 0.277139 0.254348 0.926553 -0.936106 -0.145877 0.320041
-0.355580 -3.347957 0.616367 1.339664 0.751224 0.651035 0.108702 0.071951 -0.244478 0.966982 -0.656114 0.718598 0.230500
-0.300398 -3.134392 -0.153401 -7.761683 0.747290 0.649449 0.140617 -0.060809 -0.143890 0.987724 -0.661710 0.746667 0.068035
-0.280150 -3.194802 -2.861472 -2.652730 0.734549 0.665255 0.133694 0.011166 -0.208851 0.977884 -0.678464 0.716810 0.160840
-0.440026 -3.435466 -2.719959 -5.551763 0.755073 0.645983 0.112115 0.010593 -0.182999 0.983056 -0.655555 0.741092 0.145021
-0.332194 -3.435438 -0.085185 -2.253949 0.736135 0.669711 0.097941 0.132079 -0.284062 0.949665 -0.663823 0.686146 0.297562
-0.363731 -3.653478 -0.464527 -5.302931 0.741353 0.668541 0.058730 0.179072 -0.281393 0.942736 -0.646784 0.688383 0.328329
-0.443356 -3.730422 -0.405575 -4.205791 0.753550 0.654820 0.058073 0.156718 -0.264732 0.951502 -0.638437 0.707903 0.302111
