18570
37128
-5.082009 -8.137151 41.694443 -108.523178 -0.482662 0.856900 0.180997 0.874924 0.462494 0.143549 0.039297 0.227644 -0.972951
-5.788213 -9.356292 -3.294249 -90.316786 -0.465056 0.858912 0.214459 0.873215 0.405193 0.270765 0.145666 0.313190 -0.938453
-7.804228 -9.787773 131.549788 -150.828373 -0.128897 0.962395 0.239127 0.983335 0.092868 0.156292 0.128207 0.255287 -0.958327
-4.052403 -7.802187 -76.049743 -96.406036 -0.584419 0.788863 0.190133 0.811185 0.561944 0.161860 0.020841 0.248827 -0.968324
-6.570760 -8.404758 2.241202 -212.162689 0.178109 0.965623 0.189339 0.984010 -0.175086 -0.032715 0.001561 0.192138 -0.981367
-4.372048 -6.744888 11.823522 -102.621926 -0.574659 0.797428 0.184053 0.816075 0.575266 0.055589 -0.061551 0.182146 -0.981343
1.229162 -12.683989 1.055286 146.880234 0.215801 0.920382 -0.326080 -0.433802 0.389552 0.812444 -0.874783 0.033872 -0.483329
1.416446 -12.556101 -44.204679 88.580658 0.267739 0.875826 -0.401552 -0.405915 0.480511 0.777395 -0.873813 0.045143 -0.484163
2.129855 -11.430636 -22.977722 121.656977 0.226233 0.909547 -0.348631 -0.308741 0.406412 0.859947 -0.923849 0.086912 -0.372758
-0.451099 -5.545823 -126.330705 -398.833557 0.505262 0.839257 -0.200895 -0.802803 0.542522 0.247339 -0.316571 -0.036308 -0.947874
-1.282255 -2.005911 -160.198184 150.494218 -0.643512 0.733258 0.219603 -0.684659 -0.679685 0.263194 -0.342250 -0.019016 -0.939416
0.490698 -1.712341 161.255880 -51.800288 -0.932955 0.038618 0.357915 0.024680 0.998752 -0.043430 -0.359146 -0.031685 -0.932744
-0.223253 -3.569075 68.899228 -413.972619 -0.771494 -0.586913 0.245622 -0.572485 0.808811 0.134485 -0.277592 -0.036861 -0.959992
-6.850491 -108.764879 -377.366698 7398.074822 -0.698762 0.693437 0.175716 -0.051430 -0.293698 0.954514 -0.713503 -0.657941 -0.240889
-7.084620 -18.779231 -958.318849 -53.757330 -0.653608 0.710663 -0.260297 0.658286 0.364118 -0.658846 -0.373439 -0.601977 -0.705810
-1.942615 -31.825244 -448.460295 2728.972953 -0.703241 0.702419 0.109816 -0.099660 -0.250334 0.963017 -0.703931 -0.666289 -0.246048
0.357299 -2.405502 11.572886 -25.191952 0.440656 0.872252 0.212128 0.888011 -0.388981 -0.245216 -0.131376 0.296428 -0.945976
0.304516 -2.756877 -0.097370 -41.537977 0.435353 0.875683 0.208920 0.894110 -0.393494 -0.213846 -0.105053 0.279896 -0.954265
0.219692 -2.651516 14.668827 -44.930852 0.453804 0.865400 0.212474 0.884489 -0.408451 -0.225491 -0.108355 0.290260 -0.950794
0.329021 -2.527538 -8.310200 -24.152489 0.388984 0.896984 0.210026 0.911424 -0.341504 -0.229524 -0.134155 0.280704 -0.950372
-0.998510 -6.263464 -44.614710 57.567221 0.067504 0.947582 0.312300 -0.040424 -0.310159 0.949825 -0.996900 0.076742 -0.017368
-1.360168 -6.690992 -12.353391 65.364595 0.099653 0.942363 0.319409 -0.065089 -0.314146 0.947141 -0.992891 0.115176 -0.030032
-1.341483 -7.051493 -70.111052 32.193820 0.062599 0.949703 0.306833 -0.146827 -0.295328 0.944046 -0.987179 0.104147 -0.120955
-0.818831 -6.670213 -62.969534 55.142208 0.044321 0.956706 0.287662 -0.098846 -0.282333 0.954210 -0.994115 0.070726 -0.082054
-0.467123 -6.896947 -90.759577 30.853362 -0.055692 0.994288 -0.091045 0.802235 0.098847 0.588768 -0.594405 0.040250 0.803158
0.482654 -6.404636 -111.485794 37.586169 -0.044922 0.995878 -0.078799 0.871288 0.077645 0.484591 -0.488712 0.046888 0.871185
-1.507726 -6.899664 -41.641049 34.303754 0.044784 0.997548 -0.053790 0.812992 -0.005103 0.582253 -0.580550 0.069806 0.811227
-0.080459 -6.816359 4.658270 -24.833804 0.051875 0.950261 0.307103 0.412276 -0.300466 0.860086 -0.909581 -0.081994 0.407357
-0.262570 -6.834644 -19.678233 -132.470150 0.045246 0.947717 0.315888 0.259782 -0.316495 0.912329 -0.964607 -0.040783 0.260520
-0.253741 -6.803300 -15.566056 -150.860927 0.037676 0.952133 0.303353 0.273497 -0.301803 0.913299 -0.961135 -0.048557 0.271776
-0.217088 -6.811277 11.148707 -47.195325 0.040036 0.963756 0.263765 0.409437 -0.256621 0.875504 -0.911459 -0.072943 0.404872
-0.031843 -7.528287 20.250440 103.581561 0.032639 0.968244 0.247868 0.556047 -0.223667 0.800490 -0.830510 -0.111699 0.545689
0.011293 -7.345017 18.440084 118.353834 0.049326 0.959661 0.276799 0.564774 -0.255375 0.784738 -0.823770 -0.117621 0.554588
0.087573 -7.551045 4.144541 105.703079 0.051730 0.953138 0.298082 0.546033 -0.276909 0.790676 -0.836165 -0.121861 0.534770
1.474230 -12.172106 8.135092 -304.993197 0.249608 0.968284 -0.011010 0.921446 -0.240998 -0.304723 0.297712 -0.065916 0.952377
2.298194 -10.449240 -37.053282 -255.085698 0.291435 0.956582 -0.004030 0.934072 -0.285481 -0.214500 0.206337 -0.058749 0.976716
2.201664 -12.371395 -129.809884 -318.240761 0.363808 0.931059 -0.027783 0.869640 -0.350192 -0.347983 0.333722 -0.102438 0.937089
0.515770 -14.098530 -10.392010 -282.135401 0.272543 0.962035 -0.014458 0.857581 -0.249709 -0.449666 0.436204 -0.110154 0.893080
1.965213 -15.932146 -119.473506 143.610824 -0.213141 -0.882731 0.418757 0.946687 -0.292564 -0.134868 0.241565 0.367686 0.898027
1.318549 -15.807638 12.953553 176.403615 0.203327 0.898807 -0.388336 0.899809 -0.327898 -0.287797 0.386009 0.290911 0.875424
2.688603 -14.899412 83.492208 190.788190 0.230950 0.885825 -0.402462 0.869254 -0.373682 -0.323666 0.437104 0.275091 0.856309
3.400684 -15.261340 -166.041350 198.374312 -0.232430 -0.880369 0.413432 0.923992 -0.332585 -0.188747 0.303668 0.338137 0.890757
1.372057 -25.025691 -86.708562 -449.354444 0.106868 0.967558 -0.228936 -0.808976 -0.049249 -0.585775 0.578046 -0.247804 -0.777467
1.802764 -30.406631 -69.733438 -607.208320 0.029679 0.975998 -0.215746 -0.913022 -0.061379 -0.403266 0.406829 -0.208949 -0.889286
0.950322 -28.511922 -85.599844 313.501378 0.041201 0.967693 -0.248744 0.971782 0.019059 0.235108 0.232253 -0.251412 -0.939601
2.733262 -13.578646 -11.307609 147.821092 0.185582 0.951921 -0.243731 0.540091 0.108398 0.834597 -0.820890 0.286523 0.494007
2.435002 -15.299611 -18.837393 173.520079 0.174968 0.947019 -0.269333 0.407587 0.179343 0.895382 -0.896247 0.266440 0.354613
2.620577 -14.710509 0.329333 124.250464 0.210924 0.930217 -0.300344 0.539529 0.145427 0.829312 -0.815119 0.336966 0.471205
2.931067 -13.055023 -3.496866 2.812948 0.210659 0.938054 -0.275095 0.623251 0.087919 0.777064 -0.753114 0.335149 0.566122
3.203187 -12.451878 -12.219019 -55.772233 0.197788 0.955714 -0.217923 0.617925 0.051019 0.784580 -0.760953 0.289840 0.580469
-3.464905 -5.332890 16.364529 37.871913 0.084305 0.986491 -0.140458 0.975619 -0.053055 0.212960 -0.202631 0.154987 0.966912
-3.842945 -5.102012 15.696276 58.715747 0.318585 0.947291 -0.033823 0.936314 -0.308932 0.166963 -0.147714 0.084861 0.985383
-3.531808 -4.575007 -33.500874 104.952299 -0.374973 -0.921809 0.098297 0.921195 -0.358627 0.150949 -0.103894 0.147153 0.983642
-3.678936 -5.991813 14.070112 19.734837 0.051678 0.994509 -0.090998 0.959979 -0.024354 0.279012 -0.275263 0.101775 0.955966
-3.348528 -6.101133 25.315205 -6.733121 -0.017426 0.985781 -0.167131 0.956558 0.065091 0.284183 -0.291021 0.154919 0.944091
-2.978983 -5.963384 32.699119 -20.439857 -0.065273 0.972733 -0.222555 0.958813 0.122924 0.256060 -0.276435 0.196675 0.940693
0.387115 -16.125301 -6.344866 14.117111 0.184129 0.954380 -0.235064 0.441936 0.133230 0.887098 -0.877946 0.267224 0.397243
0.255693 -16.267110 5.993247 81.897246 0.180121 0.951672 -0.248750 0.455011 0.143592 0.878832 -0.872079 0.271480 0.407157
0.315424 -16.853907 -3.589485 125.881699 0.180916 0.954817 -0.235783 0.261519 0.184405 0.947419 -0.948091 0.233065 0.216342
0.544688 -15.230089 -2.987217 63.394730 0.192562 0.953220 -0.233006 0.305338 0.167458 0.937404 -0.932571 0.251654 0.258808
0.776269 -16.809190 -13.634473 165.747829 0.200824 0.952442 -0.229183 0.150932 0.201073 0.967879 -0.967930 0.228964 0.103374
0.087990 -17.886413 4.258402 52.339898 0.200114 0.949238 -0.242696 -0.011867 0.250037 0.968164 -0.979701 0.190864 -0.061300
-0.924927 -10.335991 -16.111464 -53.350867 0.119123 0.956686 0.265636 0.918948 -0.207539 0.335354 -0.375958 -0.204157 0.903867
-1.101971 -10.496002 -16.372980 -43.708882 0.141080 0.955460 0.259215 0.961025 -0.195055 0.195920 -0.237755 -0.221472 0.945739
-1.016972 -9.925600 -17.303014 -50.588221 0.114477 0.960517 0.253577 0.920976 -0.198304 0.335379 -0.372422 -0.195145 0.907315
2.275222 -5.955854 -67.389799 13.480715 -0.131845 0.981047 -0.142000 -0.049248 0.136591 0.989403 -0.990046 -0.137441 -0.030305
2.035252 -5.910090 -90.857117 2.775427 -0.159125 0.982397 -0.097856 0.026526 0.103337 0.994293 -0.986902 -0.155621 0.042503
1.202739 -5.965620 -85.177620 7.188107 -0.179201 0.980285 -0.083234 -0.057674 0.073990 0.995590 -0.982121 -0.183211 -0.043278
1.147775 -6.064140 -37.386843 6.326382 -0.137394 0.984686 -0.107312 -0.165552 0.083987 0.982618 -0.976583 -0.152772 -0.151478
0.476414 -6.005987 -59.047897 -12.661081 -0.172627 0.983476 -0.054540 -0.177703 0.023367 0.983807 -0.968825 -0.179524 -0.170733
0.653472 -5.927574 -44.667763 35.049656 -0.171411 0.984744 -0.029964 0.000066 0.030426 0.999537 -0.985200 -0.171329 0.005281
0.527682 -5.988281 -59.319313 -15.387780 -0.179515 0.983307 -0.029683 -0.100028 0.011772 0.994915 -0.978657 -0.181572 -0.096245
0.433776 -14.588748 18.324485 11.583009 0.186759 0.951133 -0.245902 0.809970 -0.007430 0.586424 -0.555940 0.308693 0.771776
0.354582 -15.098585 11.109036 -43.180608 0.197388 0.952189 -0.233181 0.785959 -0.011545 0.618171 -0.585923 0.305290 0.750661
0.261654 -14.829894 3.437073 -72.387059 0.213125 0.950813 -0.224795 0.863929 -0.075946 0.497853 -0.456293 0.300312 0.837621
0.192145 -14.700960 15.356651 -86.620440 0.201192 0.950585 -0.236451 0.885718 -0.073445 0.458378 -0.418361 0.301651 0.856727
0.223735 -14.845283 -14.082804 -25.428078 0.153505 0.961491 -0.227972 0.836385 -0.003568 0.548131 -0.526210 0.274813 0.804724
1.888904 -19.641731 -14.820101 212.144232 0.234031 0.935791 -0.263677 0.080648 -0.288959 -0.953938 0.968878 -0.201986 0.143095
1.317734 -21.357357 -13.730997 -40.650577 0.181734 0.906071 -0.382109 -0.185401 -0.350039 -0.918204 0.965712 -0.237713 -0.104372
1.275933 -17.386867 -26.242926 87.997159 0.233523 0.927072 -0.293267 -0.128386 -0.269567 -0.954385 0.963838 -0.260522 -0.056073
-5.058694 -14.080764 -56.915861 -42.579303 0.455254 0.814540 -0.359539 -0.215887 0.492747 0.842967 -0.863792 0.306144 -0.400174
-4.837264 -14.055890 -38.416220 -18.515175 0.413898 0.828572 -0.377036 -0.175953 0.479184 0.859897 -0.893157 0.289569 -0.344123
-4.916969 -14.116008 -17.718241 46.375981 0.453904 0.809501 -0.372397 -0.008597 0.421889 0.906607 -0.891009 0.408311 -0.198456
-5.343302 -14.313436 -10.740666 -0.875347 0.521388 0.786502 -0.331013 -0.176260 0.478810 0.860043 -0.834917 0.390072 -0.388274
-5.219306 -14.124556 -24.260027 63.509454 0.515838 0.781298 -0.351404 0.035376 0.390414 0.919960 -0.855956 0.486981 -0.173751
-4.852891 -13.331842 -25.457554 80.165317 0.454073 0.799166 -0.393892 0.205712 0.336114 0.919081 -0.866891 0.498358 0.011778
0.908802 -34.264357 29.113822 -86.431953 0.329453 0.880176 0.341687 -0.230245 0.425861 -0.875003 0.915668 -0.209600 -0.342957
1.289872 -28.625158 17.455778 132.477826 0.318002 0.872266 0.371520 -0.030459 0.401059 -0.915546 0.947601 -0.279829 -0.154106
1.261253 -29.730522 11.147642 -212.741700 0.305937 0.886615 0.346867 -0.302303 0.435948 -0.847681 0.902782 -0.154478 -0.401399
-43.290860 -258.194175 1959.539827 941.346760 -0.232535 0.786930 0.571549 0.963122 0.104524 0.247934 0.135366 0.608124 -0.782215
-52.572780 -546.090240 2338.662685 60219.999966 -0.347568 0.796159 0.495305 -0.832827 -0.504826 0.227048 -0.430809 0.333589 -0.838524
-29.898345 -276.542876 1628.822030 -12717.667772 -0.399194 0.659140 0.637322 0.270255 0.748816 -0.605175 -0.876132 -0.069343 -0.477059
-101.300615 -332.938627 -4136.539490 4827.717574 0.580819 -0.270100 -0.767916 -0.495259 0.631418 -0.596682 -0.646039 -0.726882 -0.232970
-84.525986 -286.125600 -4328.734168 14267.094459 0.270599 -0.577521 -0.770224 0.780041 -0.337354 0.526999 -0.564191 -0.743412 0.359203
-1.718254 -7.810678 -7.199275 -113.385999 -0.428321 0.824262 0.370316 -0.779933 -0.544178 0.309151 -0.456339 0.156406 -0.875952
-1.708765 -9.112232 -7.575950 -110.026321 -0.428128 0.819965 0.379953 -0.725399 -0.562551 0.396651 -0.538983 0.105800 -0.835646
-1.879990 -7.102054 -15.180096 -104.572739 -0.408952 0.824783 0.390502 -0.802381 -0.528823 0.276641 -0.434675 0.200199 -0.878054
-1.513479 -9.098327 0.569334 -99.087515 -0.441149 0.825594 0.351827 -0.729166 -0.558282 0.395774 -0.523168 0.081945 -0.848281
-1.775818 -6.449030 -8.265702 -92.509919 -0.397778 0.844647 0.358251 -0.836182 -0.494449 0.237319 -0.377587 0.205163 -0.902960
-1.802058 -7.630273 17.929490 -100.291241 -0.421688 0.840570 0.340031 -0.805804 -0.519347 0.284531 -0.415763 0.154015 -0.896337
-0.443046 -11.385263 15.260196 -11.861144 0.056670 0.997440 -0.043612 -0.880592 0.029351 -0.472965 0.470474 -0.065208 -0.880001
-0.283345 -11.858102 23.739964 50.124341 0.018640 0.999318 -0.031892 -0.965243 0.009669 -0.261176 0.260689 -0.035652 -0.964764
-0.190195 -11.291890 22.806830 29.835045 0.028250 0.998019 -0.056218 -0.945444 0.008416 -0.325677 0.324558 -0.062351 -0.943808
-0.493835 -11.775503 14.416955 5.800843 0.055291 0.997722 -0.038643 -0.893489 0.032166 -0.447932 0.445668 -0.059294 -0.893232
-0.452763 -10.921822 -4.036037 -86.466895 0.082021 0.996056 -0.033839 -0.779358 0.042940 -0.625106 0.621187 -0.077645 -0.779806
-0.184970 -10.358214 9.674065 -91.080314 0.095009 0.995239 -0.021727 -0.760176 0.058443 -0.647084 0.642734 -0.077995 -0.762109
-0.913784 -8.757778 12.143843 -247.251793 0.108753 0.957533 -0.267028 -0.744813 -0.099413 -0.659826 0.658351 -0.270644 -0.702372
-0.611507 -7.513622 -27.984637 -175.806724 0.149553 0.954924 -0.256424 -0.729551 -0.068474 -0.680489 0.667374 -0.288844 -0.686426
-0.721763 -9.027619 -33.374937 -384.969776 0.104254 0.946853 -0.304303 -0.764470 -0.119424 -0.633501 0.636174 -0.298675 -0.711390
2.601784 -38.472608 -15.609860 -582.143143 -0.018095 0.986658 -0.161796 -0.972896 -0.054687 -0.224684 0.230535 -0.153345 -0.960905
3.221272 -42.373132 -32.828685 -777.735470 -0.013824 0.992458 -0.121802 -0.938457 -0.054923 -0.341003 0.345120 -0.109592 -0.932138
2.581582 -42.095895 -14.525666 385.865605 -0.045662 0.991918 -0.118383 -0.988116 -0.027437 0.151244 -0.146773 -0.123882 -0.981382
2.815243 -13.270378 -59.484533 25.455931 0.018034 0.963214 -0.268129 0.614159 0.200945 0.763171 -0.788976 0.178436 0.587943
1.562033 -15.406087 -37.765660 567.533967 0.008580 0.982800 -0.184473 0.675330 0.130357 0.725904 -0.737466 0.130808 0.662596
1.421061 -14.719026 -108.252433 649.691073 0.019470 0.991990 -0.124806 0.561382 0.092448 0.822377 -0.827328 0.086076 0.555085
2.772127 -35.545572 -42.311550 -1640.702151 0.045238 0.978093 -0.203194 0.613142 0.133398 0.778628 -0.788676 0.159810 0.593676
2.915460 -9.792265 -224.059678 253.066877 -0.034433 0.981905 -0.186218 0.510813 0.177442 0.841180 -0.859002 0.066158 0.507680
4.172215 -56.427884 41.601947 -2878.148748 0.078255 0.952664 -0.293783 0.569736 0.199087 0.797349 -0.818094 0.229775 0.527187
4.683357 -49.902852 117.882825 -2384.008001 0.081897 0.926930 -0.366188 0.563456 0.260005 0.784165 -0.822077 0.270551 0.500991
3.063948 -13.428192 16.618499 -359.982687 0.082135 0.943881 -0.319910 0.508259 0.236444 0.828110 -0.857278 0.230614 0.460316
-1.228448 -19.772808 100.094433 382.452691 -0.010401 -0.218186 -0.975852 0.082619 0.972380 -0.218291 0.996527 -0.082894 0.007913
0.052646 -23.524599 85.227635 209.129479 -0.020839 -0.140073 -0.989922 0.337650 0.930976 -0.138840 0.941041 -0.337140 0.027895
-0.470605 -21.939156 118.825901 439.617127 -0.057051 -0.283985 -0.957130 0.002819 0.958642 -0.284601 0.998367 -0.018935 -0.053891
-1.388780 -16.250984 55.548448 65.367944 0.017033 -0.439071 -0.898291 -0.125919 0.890326 -0.437565 0.991894 0.120565 -0.040123
-0.017304 -19.727068 85.404028 110.111146 -0.007465 -0.469064 -0.883133 -0.253914 0.855101 -0.452029 0.967198 0.220865 -0.125485
-0.014081 -26.419053 176.078571 437.896374 -0.075973 -0.375930 -0.923529 -0.177498 0.916511 -0.358471 0.981184 0.136690 -0.136357
2.272211 -11.548598 -12.202209 -265.412380 0.207418 0.851486 -0.481612 -0.736232 -0.188307 -0.650002 0.644159 -0.489400 -0.587832
2.984928 -13.968880 -4.601543 -324.740854 0.216432 0.871242 -0.440562 -0.769944 -0.125141 -0.625720 0.600286 -0.474634 -0.643723
2.623452 -16.917917 -58.818225 -503.488163 0.244849 0.844862 -0.475666 -0.807280 -0.094066 -0.582624 0.536980 -0.526650 -0.659008
3.301343 -18.648138 -16.975623 375.755337 0.241302 0.871659 -0.426596 0.882311 -0.014006 0.470458 0.404104 -0.489913 -0.772454
-0.680174 -3.580311 -17.142600 -0.895587 -0.162672 0.976593 -0.140726 -0.696018 -0.012485 0.717916 -0.699355 -0.214732 -0.681757
-0.823396 -3.833744 -0.753931 31.381501 -0.281069 0.959552 -0.016108 -0.698559 -0.193054 0.689017 -0.658039 -0.204914 -0.724566
-0.665486 -3.308755 -15.382823 -6.884297 -0.152400 0.974890 -0.162367 -0.715026 0.004655 0.699082 -0.682284 -0.222637 -0.696363
-0.429495 -3.436431 -12.927426 -21.081645 -0.093802 0.972944 -0.211145 -0.694947 0.087878 0.713671 -0.712916 -0.213678 -0.667901
-3.735388 -9.964756 -17.947377 116.502751 0.121446 0.787596 0.604105 0.325472 0.543364 -0.773837 0.937720 -0.290599 0.190351
-3.867418 -8.381753 -56.739387 217.017924 0.185688 0.805878 0.562210 0.156873 0.540509 -0.826584 0.970006 -0.241683 0.026054
-3.837785 -9.273090 45.110955 98.074665 0.091119 0.803142 0.588778 0.244978 0.554991 -0.794966 0.965237 -0.216674 0.146182
-3.951133 -10.570997 62.890196 -47.596764 0.065754 0.848897 0.524453 0.398856 0.459416 -0.793632 0.914653 -0.261366 0.308379
-4.257990 -10.344070 40.049877 -5.396348 0.070958 0.801023 0.594414 0.463933 0.501034 -0.730569 0.883024 -0.327608 0.336068
-6.625180 -9.440018 -44.746219 -44.459707 0.562748 -0.519068 -0.643338 -0.315941 0.584121 -0.747653 0.763869 0.623997 0.164718
-6.426872 -9.131047 30.535605 -62.540263 -0.525283 0.692737 0.494159 -0.117640 0.516034 -0.848451 0.842757 0.503809 0.189570
-6.964242 -9.754425 28.919003 -48.996494 -0.532622 0.729258 0.429530 -0.172904 0.403047 -0.898698 0.828503 0.552934 0.088580
4.935485 -2.488839 -346.972421 102.742978 0.725116 -0.278464 -0.629813 0.332530 0.942485 -0.033859 0.603017 -0.184880 0.776009
2.689673 -12.005797 -274.548186 787.451990 0.546444 -0.615260 -0.568202 0.506515 0.783098 -0.360833 0.666964 -0.090628 0.739558
1.806508 -4.399242 -296.062625 293.574713 0.688705 -0.389329 -0.611644 0.399897 0.907653 -0.127467 0.604787 -0.156807 0.780797
1.855551 -10.278616 -143.669765 261.497027 -0.539134 -0.680104 -0.496782 -0.644141 0.712979 -0.277026 0.542602 0.170643 -0.822474
3.312683 -10.263409 -97.654951 246.097328 -0.610330 -0.637589 -0.470082 -0.601493 0.759167 -0.248738 0.515464 0.130939 -0.846848
4.439883 -13.967335 -260.887158 277.615278 -0.542705 -0.673792 -0.501473 -0.524543 0.738191 -0.424180 0.655992 0.032840 -0.754053
1.911974 -6.085643 -108.485677 157.620113 -0.611450 -0.622948 -0.487919 -0.658001 0.742779 -0.123746 0.439503 0.245387 -0.864073
-1.351250 -8.898658 52.684431 67.651611 0.117091 0.738493 -0.664016 -0.252703 0.668763 0.699212 -0.960433 -0.085927 -0.264926
-1.663714 -6.629657 53.747100 -5.299773 0.098416 0.775898 -0.623134 -0.293669 0.620932 0.726775 -0.950827 -0.111469 -0.288967
-2.679409 -7.398014 102.252451 -16.789777 0.141611 0.724837 -0.674209 -0.189561 0.688325 0.700197 -0.971603 -0.028648 -0.234875
0.104321 -21.813806 -41.427701 -822.640373 -0.190547 -0.299942 0.934734 -0.038292 0.953726 0.298230 -0.980931 0.021035 -0.193215
-4.324716 -19.079036 -211.706457 -864.133856 -0.179441 -0.075581 0.980861 0.047478 0.995217 0.085373 -0.982622 0.061889 -0.174995
-4.502612 -9.771488 -34.099954 -217.751358 0.072928 0.936878 -0.341968 -0.135054 0.348999 0.927340 -0.988151 0.021445 -0.151980
-3.439880 -9.002148 4.174786 -215.699862 0.035126 0.928273 -0.370237 -0.191114 0.369868 0.909216 -0.980939 -0.038821 -0.190398
-0.502301 -7.474338 18.543388 114.717054 -0.146265 0.979323 0.139759 -0.749511 -0.017502 -0.661761 0.645632 0.201543 -0.736573
0.023238 -6.614686 56.209036 130.469610 -0.245089 0.965418 0.088879 -0.760797 -0.134696 -0.634858 0.600932 0.223216 -0.767500
-0.705394 -8.537538 14.092255 77.728174 -0.168293 0.978635 0.118111 -0.660770 -0.023086 -0.750233 0.731478 0.204303 -0.650539
0.001811 -5.969100 40.441162 182.279560 -0.178433 0.976023 0.124662 -0.822282 -0.078333 -0.563663 0.540383 0.203084 -0.816544
-0.910895 -8.971282 -7.548588 10.433362 -0.106708 0.982122 0.155078 -0.650034 0.049113 -0.758316 0.752376 0.181724 -0.633172
-0.277091 -6.278109 -19.844159 207.230805 -0.088040 0.984657 0.150661 -0.827726 0.011830 -0.561008 0.554183 0.174097 -0.813985
-0.439156 -7.704820 -26.693458 78.602687 -0.065716 0.983809 0.166735 -0.744054 0.063026 -0.665140 0.664879 0.167770 -0.727866
-1.171396 -9.292417 -27.197292 -103.512110 -0.108278 0.982863 0.149182 -0.318825 0.107805 -0.941663 0.941608 0.149525 -0.301689
-1.470314 -9.751906 34.243613 -48.054995 -0.159829 0.975289 0.152530 -0.316110 0.095812 -0.943872 0.935163 0.199075 -0.292985
-1.324858 -9.482307 -13.568269 -48.850410 -0.133076 0.983504 0.122521 -0.250902 0.086163 -0.964170 0.958822 0.159049 -0.235297
0.806900 -8.004400 -2.853892 21.117062 0.050751 0.998175 0.032721 0.236692 0.019809 -0.971383 0.970258 -0.057043 0.235255
0.627560 -8.468999 -17.606827 -75.763748 0.086746 0.996099 -0.016206 0.141941 -0.028459 -0.989466 0.986067 -0.083532 0.143856
0.534308 -7.574991 -23.585943 24.960198 0.086946 0.994792 0.053186 0.269210 0.027939 -0.962676 0.959149 -0.098019 0.265379
1.049186 -7.754087 -13.251870 9.214483 0.066814 0.997070 -0.037248 0.134752 -0.046007 -0.989811 0.988624 -0.061114 0.137431
0.623929 -7.978229 -7.854272 71.415540 0.043904 0.993998 0.100201 0.361188 0.077721 -0.929249 0.931459 -0.076989 0.355608
1.258571 -8.145969 -21.806135 42.700272 0.060291 0.998181 -0.000811 0.228744 -0.014607 -0.973377 0.971618 -0.058500 0.229208
1.129637 -8.303601 -9.096216 77.540253 0.029473 0.996232 0.081567 0.337075 0.066916 -0.939097 0.941016 -0.055172 0.333833
-4.400057 -20.435818 -80.571649 -344.055185 -0.119406 0.890050 -0.439947 0.983713 0.046096 -0.173734 -0.134352 -0.453526 -0.881058
-3.024311 -19.862731 -125.078690 -133.476100 -0.097115 0.840357 -0.533263 0.995149 0.073525 -0.065365 -0.015722 -0.537024 -0.843421
-3.903549 -16.952154 -78.035800 -219.466467 -0.077410 0.880953 -0.466829 0.953135 -0.071969 -0.293862 -0.292476 -0.467699 -0.834096
-5.177974 -19.139513 -18.560726 -309.619301 -0.094843 0.920244 -0.379677 0.965188 -0.008384 -0.261424 -0.243757 -0.391254 -0.887413
-5.801318 -21.349968 -13.830364 -534.220389 -0.097890 0.938965 -0.329791 0.987102 0.049426 -0.152271 -0.126676 -0.340443 -0.931693
-0.071638 -18.817180 -17.622013 -208.002945 -0.141785 0.965987 -0.216253 -0.565942 0.100132 0.818342 -0.812162 -0.238415 -0.532496
0.037350 -21.064025 -3.108030 -66.322295 -0.135570 0.969998 -0.201806 -0.328794 0.148096 0.932717 -0.934620 -0.192801 -0.298852
-0.079138 -19.805583 9.022076 -118.540777 -0.124558 0.973060 -0.194010 -0.369742 0.135930 0.919138 -0.920748 -0.186220 -0.342850
-0.123583 -21.060230 -2.937246 -52.943990 -0.127035 0.977915 -0.165962 -0.202043 0.138299 0.969563 -0.971103 -0.156700 -0.180012
-0.199616 -19.818343 5.192486 -204.160119 -0.111302 0.974965 -0.192496 -0.510492 0.110099 0.852805 -0.852649 -0.193186 -0.485458
-1.076189 -6.389636 -29.296886 91.486784 -0.054975 0.989373 0.134608 -0.294819 0.112717 -0.948882 0.953970 0.091850 -0.285489
-0.938795 -6.568208 -3.097190 75.364723 -0.085847 0.982585 0.164792 -0.319159 0.129565 -0.938803 0.943805 0.133188 -0.302478
-1.126871 -5.901010 -14.533903 -26.620597 -0.053918 0.984464 0.167102 -0.160952 0.156589 -0.974461 0.985488 0.079436 -0.150009
-0.154290 -7.489861 32.344870 10.965468 0.221057 0.929042 -0.296674 -0.903687 0.309512 0.295891 -0.366720 -0.202691 -0.907983
-0.332953 -8.197673 58.652966 -124.198890 0.175696 0.948251 -0.264483 -0.899568 0.263777 0.348135 -0.399884 -0.176754 -0.899361
0.226845 -8.602269 35.782516 76.978343 0.159369 0.948535 -0.273647 -0.916016 0.245442 0.317289 -0.368124 -0.200099 -0.907990
-0.079403 -9.417473 23.249062 208.721571 0.147812 0.950857 -0.272071 -0.930137 0.227149 0.288528 -0.336149 -0.210415 -0.918003
0.511132 -8.230178 -29.421847 -20.239927 -0.283615 0.956594 0.067010 0.069165 -0.049292 0.996387 -0.956441 -0.287225 0.052183
0.049815 -8.243674 -43.309434 -36.835037 -0.293916 0.953720 0.063499 0.118482 -0.029568 0.992516 -0.948459 -0.299240 0.104308
0.267240 -7.956624 -35.542597 -6.619161 -0.292345 0.955432 0.041044 -0.010978 -0.046269 0.998869 -0.956250 -0.291564 -0.024015
0.260484 -8.739619 -23.061269 -45.086204 -0.276239 0.956408 0.094740 0.193112 -0.041331 0.980306 -0.941488 -0.289094 0.173276
0.864986 -7.961793 -21.322702 -16.417059 -0.279561 0.957448 0.071684 -0.054385 -0.090332 0.994426 -0.958586 -0.274104 -0.077324
0.855092 -8.651472 -2.677674 -33.629406 -0.259831 0.960808 0.096620 0.098581 -0.073142 0.992437 -0.960609 -0.267391 0.075713
0.126476 -7.871514 26.251572 36.898446 0.021003 0.992496 -0.120460 -0.147299 -0.116100 -0.982254 0.988869 -0.038374 -0.143755
0.430921 -8.425570 14.168269 53.203220 0.050037 0.996775 -0.062730 -0.210333 -0.050884 -0.976305 0.976348 -0.062046 -0.207109
0.591908 -9.348315 28.436333 5.831779 0.013260 0.992982 -0.117521 -0.050305 -0.116720 -0.991890 0.998646 -0.019064 -0.048404
0.220859 -9.069551 35.816798 98.285623 0.000361 0.985376 -0.170394 -0.085797 -0.169735 -0.981748 0.996313 -0.014973 -0.084481
-2.154149 -15.827861 -114.279829 75.015511 -0.118519 0.990817 -0.065070 0.532926 0.118767 0.837785 -0.837820 -0.064616 0.542109
-2.559230 -16.920330 -18.455969 87.485965 -0.077113 0.990859 -0.110691 0.366987 0.131436 0.920894 -0.927024 -0.030391 0.373768
-2.048819 -17.320875 -125.913245 61.268854 -0.136032 0.987104 -0.084382 0.342656 0.126796 0.930865 -0.929560 -0.097713 0.355486
4.931531 -25.826092 8.975675 280.542057 -0.397312 0.877974 -0.267028 -0.618380 -0.471140 -0.628993 0.678048 0.084781 -0.730112
4.421894 -28.203535 47.026993 130.577132 -0.386550 0.893733 -0.227639 -0.421494 -0.390735 -0.818333 0.820318 0.220378 -0.527742
4.065757 -30.400175 103.794733 432.904821 -0.434261 0.884640 -0.169793 -0.587495 -0.421036 -0.691071 0.682838 0.200352 -0.702561
5.378618 -25.495099 15.050143 621.323209 -0.422701 0.876928 -0.228737 -0.776316 -0.480593 -0.407877 0.467608 -0.005163 -0.883921
4.607260 -21.494025 -136.711721 391.637432 -0.356370 0.858496 -0.368761 -0.799707 -0.484358 -0.354777 0.483187 -0.168469 -0.859156
-1.300348 -18.764909 -4.669537 236.825368 -0.233494 0.963500 -0.130949 -0.948932 -0.255176 -0.185509 0.212153 -0.080946 -0.973878
-1.103981 -19.722777 -20.336165 197.732202 -0.224373 0.961944 -0.155952 -0.911788 -0.263710 -0.314801 0.343947 -0.071562 -0.936258
-0.921967 -18.575915 -33.378024 229.502421 -0.233263 0.958157 -0.165902 -0.954042 -0.258508 -0.151584 0.188129 -0.122919 -0.974422
-1.341617 -22.381540 -8.029394 290.671473 -0.231799 0.963934 -0.130770 -0.871021 -0.265526 -0.413303 0.433119 -0.018100 -0.901155
-1.339155 -16.013170 -0.670718 -247.317163 -0.246231 0.959816 -0.134621 0.969076 0.246134 -0.017626 0.016218 -0.134798 -0.990740
-1.490154 -15.862154 2.778113 -260.167005 -0.232725 0.966180 -0.111062 0.971269 0.236743 0.024284 0.049755 -0.102219 -0.993517
-4.942661 -12.173969 3.187417 -77.565317 -0.367894 0.841720 -0.395172 0.322751 -0.282967 -0.903195 0.872058 0.459822 0.167564
-4.522515 -10.845561 17.611865 -110.449524 -0.418890 0.825175 -0.378970 0.451200 -0.173030 -0.875488 0.788003 0.537724 0.299839
-4.818124 -11.151227 16.716907 -100.828632 -0.312751 0.852588 -0.418665 0.466533 -0.246057 -0.849590 0.827366 0.461031 0.320806
-4.726428 -12.059430 11.323796 -90.683570 -0.442817 0.810988 -0.382376 0.323785 -0.253050 -0.911663 0.836108 0.527507 0.150531
1.862249 -45.217533 -28.183229 1372.100304 -0.386563 0.921969 -0.023277 -0.721610 -0.286647 0.630168 -0.574323 -0.260397 -0.776110
2.647799 -42.265833 -82.116904 1359.674886 -0.405591 0.914042 -0.004875 -0.614971 -0.268929 0.741275 -0.676245 -0.303652 -0.671184
1.178789 -29.747239 -17.790350 147.552865 -0.429685 0.902941 0.008298 -0.523380 -0.256530 0.812567 -0.735829 -0.344805 -0.582809
1.266486 -44.283256 -81.712555 1509.505517 -0.380834 0.922884 -0.057012 -0.718498 -0.256556 0.646483 -0.582002 -0.287166 -0.760795
-0.016138 -73.849974 -68.758409 3825.714604 -0.320746 0.945821 -0.050447 -0.890220 -0.282845 0.357081 -0.323466 -0.159442 -0.932710
8.241465 -48.586261 -182.747961 -1604.352424 -0.299216 0.953704 -0.030304 0.551436 0.198752 0.810195 -0.778709 -0.225713 0.585377
7.124503 -33.411964 -7.134069 -851.054554 -0.287169 0.957042 -0.040064 0.263059 0.119013 0.957411 -0.921050 -0.264399 0.285936
8.144996 -52.303551 157.908785 -2189.310677 -0.170636 0.976067 -0.134818 0.494041 0.203135 0.845376 -0.852530 -0.077646 0.516879
-0.299298 -5.496976 63.781993 -20.888457 0.255808 0.955907 0.144237 -0.821569 0.293598 -0.488696 0.509496 -0.006512 -0.860448
-1.039400 -5.421231 35.139071 -33.067901 0.250227 0.961132 0.116667 -0.797345 0.272926 -0.538287 0.549207 -0.041670 -0.834647
-1.094553 -5.726934 51.611281 -6.526771 0.235145 0.964043 0.123807 -0.850619 0.265743 -0.453682 0.470270 -0.001368 -0.882522
-0.700020 -5.758155 63.527602 -9.727035 0.229720 0.965536 0.122348 -0.878039 0.259831 -0.401914 0.419852 0.015099 -0.907467
-1.454026 -5.912780 28.357831 6.009006 0.211534 0.973678 0.084885 -0.894477 0.227865 -0.384693 0.393909 -0.005448 -0.919133
-0.648885 -14.146080 -1.872528 -401.336314 0.106106 0.954283 -0.279438 0.985830 -0.137678 -0.095837 -0.129928 -0.265309 -0.955369
-0.509716 -18.776610 -1.783530 -292.133350 0.112790 0.953138 -0.280725 0.980077 -0.060233 0.189266 0.163487 -0.296480 -0.940942
-0.707571 -18.407943 31.287497 -261.519008 0.117091 0.960203 -0.253576 0.979613 -0.069700 0.188416 0.163243 -0.270468 -0.948788
-0.729574 -16.887789 32.690437 -372.479620 0.135175 0.957091 -0.256330 0.990391 -0.122886 0.063448 0.029226 -0.262443 -0.964505
-0.579772 -14.120205 23.817997 -445.267174 0.124945 0.957569 -0.259711 0.980303 -0.159500 -0.116471 -0.152953 -0.240043 -0.958637
1.887163 -12.878280 21.134008 -234.103459 0.031851 0.998093 0.052867 -0.109951 -0.049073 0.992725 -0.993426 0.037432 -0.108179
2.116558 -10.671667 55.780462 251.878523 0.069043 0.974620 0.212953 -0.169032 -0.198947 0.965323 -0.983189 0.102645 -0.151006
1.135403 -10.246528 91.154432 218.202605 0.089719 0.982213 0.164948 -0.062851 -0.159702 0.985162 -0.993982 0.098755 -0.047405
1.546018 -22.854919 17.346252 -960.501426 0.033473 0.996951 -0.070489 -0.042873 0.071896 0.996490 -0.998520 0.030334 -0.045149
1.056206 -16.383741 73.329593 -759.524589 0.076647 0.993577 -0.083252 0.000065 0.083493 0.996508 -0.997058 0.076385 -0.006335
0.563710 -3.380335 -13.660741 39.349645 -0.020548 0.978430 -0.205554 -0.606973 -0.175581 -0.775084 0.794457 -0.108839 -0.597488
0.298917 -2.829594 -12.077356 25.294356 -0.014551 0.979292 -0.201927 -0.643803 -0.163694 -0.747477 0.765053 -0.119125 -0.632854
0.133670 -3.004950 -5.250544 12.365527 0.051587 0.989956 -0.131628 -0.642641 -0.067982 -0.763146 0.764429 -0.123958 -0.632679
0.469254 -3.382934 -4.149524 25.447153 0.008803 0.984363 -0.175935 -0.603104 -0.135113 -0.786137 0.797614 -0.113027 -0.592483
-0.031734 -11.331130 -45.904538 -201.470518 0.871320 -0.453161 -0.188274 0.431303 0.524224 0.734280 0.234050 0.720996 -0.652216
0.076697 -12.671153 -73.155558 -178.632374 0.860462 -0.459009 -0.221168 0.421213 0.396594 0.815655 0.286679 0.794999 -0.534595
-1.599086 -13.183265 -56.379012 -145.140572 0.838960 -0.497294 -0.221010 0.446916 0.397888 0.801218 0.310504 0.770963 -0.556061
-7.492672 -11.003301 104.308874 -101.147477 -0.195697 0.944017 0.265584 0.943541 0.107444 0.313347 0.267269 0.311910 -0.911745
-5.793289 -10.790303 -42.053768 -99.184221 -0.331733 0.899562 0.284151 0.898111 0.208969 0.386948 0.288705 0.383563 -0.877228
-5.365530 -8.674514 -28.485121 -55.410717 -0.649280 0.722263 0.238268 0.753399 0.567939 0.331415 0.104047 0.394692 -0.912903
-5.901243 -9.858638 -52.567915 -83.960780 -0.474038 0.828086 0.299268 0.854256 0.350158 0.384234 0.213387 0.437793 -0.873386
-4.769395 -8.079625 -61.338357 -71.225613 -0.646154 0.734279 0.208134 0.761992 0.605287 0.230208 0.043056 0.307346 -0.950623
3.601715 -9.965508 54.675175 116.955295 0.222306 0.938218 -0.265192 -0.184352 0.307541 0.933506 -0.957389 0.158635 -0.241330
5.779829 -8.992155 126.979724 86.910130 0.148459 0.980664 -0.127510 -0.111138 0.144667 0.983219 -0.982654 0.131796 -0.130466
3.664770 -10.230920 89.434485 158.059226 0.134280 0.976943 -0.165983 -0.258508 0.196235 0.945867 -0.956631 0.084103 -0.278898
0.939243 -2.043181 13.004044 -101.486800 -0.696482 0.647559 0.309160 0.594419 0.762001 -0.256946 -0.401968 0.004813 -0.915641
0.271785 -3.403768 -11.648150 110.958102 -0.410036 0.890083 0.199055 -0.847607 -0.452461 0.277204 -0.336799 0.055057 -0.939966
-0.491357 -3.761178 -46.584714 48.274388 -0.379944 0.910698 0.162084 -0.882656 -0.409353 0.230973 -0.276696 0.055308 -0.959364
-1.706308 -3.833192 -164.235006 90.353535 -0.580685 0.794822 0.176246 -0.766854 -0.606691 0.209429 -0.273385 0.013543 -0.961809
-3.477114 -3.660144 120.272775 -210.750527 -0.759557 -0.608245 0.230458 -0.576561 0.793613 0.194309 -0.301082 0.014716 -0.953485
0.125906 -3.221230 9.134587 -47.349504 0.472512 0.856189 0.208980 0.878658 -0.439216 -0.187215 -0.068504 0.272083 -0.959832
0.029021 -3.149602 -9.236871 -29.567599 0.453337 0.867712 0.203866 0.889169 -0.424294 -0.171325 -0.062162 0.258939 -0.963891
0.121016 -2.739712 -15.621444 -22.781648 0.387063 0.897641 0.210768 0.917331 -0.351780 -0.186428 -0.093201 0.265503 -0.959595
3.894030 -5.161435 144.644796 46.061876 0.733382 0.405163 -0.545888 0.676435 -0.354923 0.645341 -0.067720 0.842539 0.534361
1.329464 -5.654460 111.413662 28.361298 0.779253 0.349243 -0.520379 0.623802 -0.352340 0.697658 -0.060302 0.868266 0.492421
1.383819 -5.195022 118.788048 -8.716806 0.804906 0.325868 -0.495920 0.593290 -0.425674 0.683234 -0.011544 0.844163 0.535962
-0.345503 -5.627363 70.058761 -36.592891 0.824160 0.326855 -0.462522 0.565296 -0.424760 0.707121 -0.034666 0.844242 0.534840
2.249114 -4.666372 110.447334 16.394165 0.825764 0.321568 -0.463366 0.563651 -0.500032 0.657469 0.020277 0.804091 0.594160
0.236128 -5.515915 97.461639 -17.834496 0.848923 0.289764 -0.442002 0.527705 -0.511033 0.678508 0.029270 0.809248 0.586738
1.552350 -6.638028 -167.571274 23.221263 -0.083220 0.992883 -0.085197 0.819493 0.116830 0.561055 -0.567015 0.023127 0.823383
2.950453 -6.398826 -145.827369 27.057481 -0.082763 0.990545 -0.109411 0.851357 0.127344 0.508896 -0.518017 0.051030 0.853847
2.336479 -6.036724 -123.789737 31.228796 -0.072894 0.991022 -0.112083 0.902134 0.113436 0.416277 -0.425254 0.070770 0.902303
0.861587 -5.946576 -139.358445 33.027311 -0.078526 0.993559 -0.081693 0.916935 0.104143 0.385208 -0.391234 0.044658 0.919207
-0.356756 -6.096078 -102.461003 31.128927 -0.042588 0.996550 -0.071240 0.905342 0.068650 0.419097 -0.422542 0.046648 0.905142
-0.582303 -7.157933 -33.929369 -10.900329 0.035726 0.956999 0.287883 0.228805 -0.288248 0.929818 -0.972817 -0.032650 0.229264
-0.184023 -7.058387 30.041872 -12.316242 0.072075 0.949588 0.305104 0.216354 -0.313501 0.924612 -0.973651 0.000631 0.228042
-0.368099 -6.201919 7.735131 85.858191 0.062029 0.953830 0.293872 0.182422 -0.300314 0.936234 -0.981262 0.004465 0.192627
0.102361 -6.233605 47.462157 92.033443 0.092763 0.948794 0.301969 0.161264 -0.313589 0.935765 -0.982542 0.038108 0.182095
0.113277 -6.964826 68.287949 -10.017713 0.097453 0.948348 0.301891 0.199545 -0.315794 0.927607 -0.975031 0.030157 0.220014
3.460758 -9.406813 -17.594946 108.031218 0.238951 0.970879 0.017220 0.969178 -0.237362 -0.065986 0.059977 -0.032457 0.997672
2.982387 -9.416167 -26.247144 -117.923480 0.270740 0.962641 -0.004655 0.953009 -0.268708 -0.139892 0.135916 -0.033439 0.990156
2.582077 -9.682771 16.315972 -72.151929 -0.193773 -0.977806 -0.079668 0.976261 -0.184180 -0.113982 0.096779 -0.099864 0.990283
3.344643 -10.703525 24.872341 158.794232 -0.192475 -0.978527 -0.073745 0.981299 -0.192127 -0.011849 -0.002574 -0.074646 0.997207
2.603368 -10.358065 53.201006 64.042846 -0.152695 -0.976719 -0.150682 0.988231 -0.149487 -0.032460 0.009179 -0.153865 0.988049
1.994078 -10.099264 35.759748 -99.504693 -0.120391 -0.980249 -0.156904 0.983471 -0.096236 -0.153375 0.135246 -0.172775 0.975632
0.879981 -16.193710 -6.837547 114.206735 -0.188602 -0.903760 0.384249 0.958121 -0.255189 -0.129932 0.215484 0.343652 0.914041
0.385302 -15.682590 -7.313091 75.323952 -0.174975 -0.910763 0.374024 0.964872 -0.234233 -0.118982 0.195973 0.340067 0.919755
0.957698 -15.097450 69.093187 154.789627 0.155384 0.897861 -0.411948 0.884772 -0.311962 -0.346205 0.439357 0.310685 0.842876
2.004948 -25.527258 -24.096297 -534.115248 0.080289 0.982825 -0.166156 -0.714902 -0.059381 -0.696698 0.694599 -0.174722 -0.697857
2.369778 -32.908041 -6.824611 -756.943177 0.022515 0.985708 -0.166954 -0.860731 -0.065838 -0.504785 0.508563 -0.155068 -0.846946
2.028315 -34.962769 -39.540573 325.317051 -0.013451 0.980603 -0.195545 0.993832 0.034640 0.105347 0.110077 -0.192922 -0.975020
-3.249745 -4.182154 77.434817 10.578269 0.800943 0.598351 -0.021588 0.595040 -0.791474 0.139629 -0.066461 0.124681 0.989968
-3.237820 -4.448063 81.694036 -5.447577 0.848953 0.528222 0.016119 0.525177 -0.846673 0.085637 -0.058883 0.064237 0.996196
-3.601204 -4.766206 37.892470 35.057966 0.667550 0.743457 0.040605 0.741118 -0.668712 0.059735 -0.071564 0.009783 0.997388
-3.722523 -6.109015 -3.675859 12.067899 0.155638 0.987811 -0.002631 0.952107 -0.149302 0.266837 -0.263191 0.044035 0.963738
-3.833682 -5.506798 -7.662681 42.888402 0.304685 0.951647 0.039185 0.936838 -0.306855 0.167854 -0.171762 0.014433 0.985033
0.196397 -5.989388 -50.533651 1.796903 0.033359 0.983204 0.179434 -0.239899 -0.166408 0.956429 -0.970224 0.074952 -0.230319
0.208501 -5.485382 -64.410798 -76.212787 0.024216 0.985893 0.165613 -0.198619 -0.157615 0.967320 -0.979778 0.056318 -0.192000
0.205615 -6.103198 -40.487968 -5.672347 0.041072 0.986360 0.159399 -0.252793 -0.144084 0.956731 -0.966648 0.079590 -0.243427
0.224240 -6.276837 -29.106674 72.629117 0.036226 0.979479 0.198266 -0.292461 -0.179319 0.939314 -0.955591 0.092012 -0.279963
0.117010 -6.756371 6.927403 40.132459 0.066832 0.985538 0.155716 -0.271022 -0.132266 0.953443 -0.960250 0.105923 -0.258263
0.393680 -15.998165 0.823461 119.657860 0.166004 0.956324 -0.240599 0.556636 0.110526 0.823371 -0.814002 0.270609 0.513976
0.188612 -16.919864 6.752711 18.362623 0.183886 0.952236 -0.243789 0.569787 0.098835 0.815828 -0.800955 0.288927 0.524397
0.312808 -15.354146 12.053238 -12.533985 0.180643 0.951095 -0.250572 0.677082 0.064533 0.733072 -0.713392 0.302082 0.632312
0.663973 -15.895905 18.915611 146.887103 0.169367 0.955360 -0.242078 0.605276 0.093016 0.790562 -0.777789 0.280419 0.562503
0.488340 -16.718744 4.043144 147.933753 0.160850 0.958104 -0.236987 0.444947 0.143937 0.883914 -0.880994 0.247625 0.403153
0.554152 -15.183275 18.563041 74.612412 0.182626 0.952773 -0.242634 0.711955 0.042041 0.700965 -0.678062 0.300759 0.670654
-0.527876 -9.337313 6.769204 -48.415177 0.074317 0.971014 0.227176 0.897163 -0.164563 0.409899 -0.435402 -0.173351 0.883388
-0.236640 -8.913988 31.784614 -36.376265 0.042179 0.981296 0.187826 0.861938 -0.130809 0.489849 -0.505257 -0.141233 0.851334
-0.239087 -8.914995 11.895925 -59.139157 0.034514 0.977973 0.205858 0.820175 -0.145416 0.553323 -0.571070 -0.149743 0.807128
2.933179 -5.960949 -79.852103 -12.269231 -0.131752 0.981742 -0.137198 0.048833 0.144664 0.988275 -0.990079 -0.123507 0.067001
-1.012184 -18.797938 -34.707407 -351.751827 0.224617 0.880571 -0.417302 -0.485355 -0.270244 -0.831504 0.844972 -0.389310 -0.366688
-1.025254 -21.669498 -36.945057 -285.197653 0.151548 0.855293 -0.495486 -0.692700 -0.265695 -0.670502 0.705124 -0.444837 -0.552196
-2.118031 -21.734980 22.653735 -226.523857 0.174612 0.876654 -0.448318 -0.737131 -0.185482 -0.649795 0.652800 -0.443931 -0.613821
