14719
29423
-3.379264 -4.483648 3.039846 -57.488408 0.793426 0.462748 0.395397 -0.538114 0.229715 0.810965 -0.284444 0.856210 -0.431273
-3.696742 -4.912308 -38.593307 32.956606 0.454649 0.547337 0.702649 0.788624 0.119281 -0.603195 -0.413963 0.828368 -0.377413
-4.039207 -6.398380 13.447043 -103.996455 0.895738 0.438778 0.071604 -0.205538 0.265896 0.941835 -0.394217 0.858355 -0.328359
-2.691443 -3.920864 -2.230026 25.755836 0.134246 0.498413 0.856482 0.942696 0.202185 -0.265417 -0.305455 0.843034 -0.442709
-2.172167 -6.173477 52.334214 -96.405412 0.906584 0.343229 0.245560 -0.338075 0.242366 0.909376 -0.252609 0.907443 -0.335762
-2.204883 -4.669538 36.161125 -75.830835 0.889854 0.341645 0.302387 -0.415586 0.333458 0.846223 -0.188274 0.878683 -0.438712
-2.226026 -3.159058 7.583771 19.957244 0.440079 0.492415 0.750905 0.879901 -0.069614 -0.470029 -0.179175 0.867572 -0.463912
-2.764322 -5.545220 1.118592 -9.809475 -0.546475 -0.385368 -0.743543 0.113710 0.845474 -0.521770 0.829720 -0.369682 -0.418210
-2.110840 -5.701801 -18.380420 -3.593430 -0.438423 -0.394554 -0.807535 0.099942 0.871516 -0.480075 0.893195 -0.291182 -0.342660
-2.437242 -5.445471 -6.428789 -24.736943 -0.497456 -0.419477 -0.759326 0.236085 0.776813 -0.583803 0.834746 -0.469682 -0.287398
-2.790809 -5.201839 -0.920270 -17.063779 -0.599199 -0.433786 -0.672897 0.200708 0.732259 -0.650779 0.775034 -0.525002 -0.351704
-0.655999 -5.390510 -11.067274 -51.529093 0.195558 0.734563 0.649750 0.957187 -0.287153 0.036547 0.213423 0.614785 -0.759269
-0.881165 -5.092723 1.148906 -43.014040 0.230571 0.695378 0.680652 0.948565 -0.316575 0.002098 0.216936 0.645159 -0.732604
-0.766392 -6.002104 -0.601142 -30.003823 0.249092 0.692115 0.677444 0.893925 -0.433441 0.114137 0.372628 0.577153 -0.726665
-1.258394 -8.386164 15.739191 120.316909 0.877987 0.050584 0.476005 0.050410 0.979101 -0.197028 -0.476023 0.196983 0.857088
-1.521338 -10.371717 11.094916 115.774545 0.855839 0.069914 0.512495 -0.060776 0.997552 -0.034592 -0.513659 -0.001542 0.857993
-1.077797 -10.516059 16.360206 110.344170 0.888777 0.060997 0.454263 -0.064970 0.997864 -0.006875 -0.453712 -0.023403 0.890841
-0.747594 -8.342284 19.242548 124.775205 0.901712 0.048094 0.429653 0.062934 0.968606 -0.240502 -0.427731 0.243904 0.870377
-0.854081 -12.213442 12.807879 66.064660 0.891268 0.072527 0.447639 -0.205329 0.944684 0.255760 -0.404327 -0.319864 0.856859
-0.628815 -10.573665 16.684648 112.404590 0.902446 0.075577 0.424121 -0.077063 0.996932 -0.013674 -0.423854 -0.020344 0.905502
-0.419931 -5.042054 -2.438509 14.226902 0.827252 0.348379 0.440779 -0.489687 0.062483 0.869657 -0.275428 0.935269 -0.222286
-0.312970 -4.698036 -1.265675 19.965673 0.837885 0.352331 0.416907 -0.423163 -0.063176 0.903848 -0.344792 0.933741 -0.096160
-0.328862 -4.937829 2.281551 16.696226 0.827833 0.322278 0.459161 -0.473465 -0.037597 0.880010 -0.300871 0.945898 -0.121463
-0.271716 -5.817635 0.289587 -4.682859 0.745006 0.265556 0.611920 -0.660665 0.167045 0.731859 -0.092131 0.949514 -0.299893
-0.382653 -5.976805 -0.075243 11.617149 0.745334 0.272535 0.608442 -0.666678 0.299033 0.682730 -0.004124 0.914497 -0.404573
-0.386656 -5.835508 -0.745347 0.006423 0.750307 0.284167 0.596899 -0.652621 0.174325 0.737358 -0.105478 0.942794 -0.316250
-0.759913 -7.692639 -9.562874 43.622735 0.860636 0.220352 0.459076 -0.159855 0.972863 -0.167283 -0.483479 0.070585 0.872505
-0.990375 -7.361823 -2.677211 75.797527 0.888232 0.179273 0.422972 -0.059549 0.957877 -0.280936 -0.455520 0.224349 0.861493
-0.783518 -6.253107 -9.056324 76.049155 0.864903 0.180052 0.468535 -0.005257 0.936647 -0.350236 -0.501912 0.300457 0.811055
-1.032443 -5.691435 -5.395375 84.869902 0.886607 0.152319 0.436724 0.050436 0.906749 -0.418644 -0.459766 0.393199 0.796247
-0.506570 -6.938916 -12.000118 49.130037 0.842837 0.223198 0.489703 -0.126170 0.966533 -0.223373 -0.523170 0.126481 0.842790
-0.482371 -5.267678 -7.281479 72.291625 0.852173 0.176102 0.492737 0.030237 0.923521 -0.382355 -0.522386 0.340731 0.781674
-0.635707 -4.611125 -8.992785 67.614975 0.855308 0.131397 0.501181 0.116503 0.893764 -0.433144 -0.504851 0.428861 0.749135
-0.888112 -4.581677 -9.200894 66.707006 0.866125 0.123191 0.484408 0.122315 0.887445 -0.444388 -0.484630 0.444146 0.753570
-1.051492 -5.967251 4.536539 0.089283 -0.848187 0.005513 -0.529668 -0.073089 0.989163 0.127337 0.524630 0.146719 -0.838592
-1.206507 -6.187275 -4.742055 12.675655 -0.821114 -0.002746 -0.570757 0.001075 0.999979 -0.006358 0.570763 -0.005834 -0.821094
-1.189106 -6.017945 8.528533 9.867315 -0.855024 0.022682 -0.518092 0.023623 0.999710 0.004781 0.518050 -0.008151 -0.855312
-0.953534 -6.165597 7.227998 7.399381 -0.867873 0.040437 -0.495137 0.005399 0.997391 0.071993 0.496756 0.059807 -0.865827
-0.917565 -6.005300 9.829731 -4.314749 -0.866787 0.024806 -0.498061 -0.103003 0.968319 0.227485 0.487924 0.248483 -0.836771
-0.902899 -6.068528 1.675407 -12.454206 -0.843681 0.005574 -0.536816 -0.170783 0.945212 0.278223 0.508956 0.326411 -0.796505
0.797910 -5.125070 -14.840908 -61.040387 0.727623 -0.047661 0.684320 -0.483843 -0.742820 0.462725 -0.486272 0.667793 0.563553
0.712457 -6.621903 -19.143189 41.641883 0.730680 -0.022764 0.682340 0.359340 0.862627 -0.356019 -0.580501 0.505329 0.638484
0.295152 -6.200975 -8.950046 -62.412601 0.736630 -0.025127 0.675829 -0.419895 -0.800361 0.427915 -0.530154 0.598992 0.600121
0.337090 -4.970250 -8.754209 -62.874315 0.729232 -0.036069 0.683315 -0.518195 -0.681268 0.517056 -0.446871 0.731145 0.515493
-0.222559 -6.855402 -13.492860 -68.279939 0.741045 0.017054 0.671239 -0.383283 -0.810063 0.443724 -0.551313 0.586094 0.593757
2.742387 -3.990611 -23.294407 -12.042400 0.956193 0.221576 0.191310 -0.067423 -0.469256 0.880485 -0.284867 0.854812 0.433760
3.689760 -4.146851 -53.327201 -9.293359 0.948642 0.231972 0.215101 -0.037201 -0.593421 0.804032 -0.314158 0.770740 0.554315
2.124686 -3.753382 -27.295186 -12.163465 0.923334 0.266634 0.276334 -0.097011 -0.534309 0.839704 -0.371542 0.802135 0.467479
4.572238 -4.338930 -58.346850 -4.301444 0.972617 0.201335 0.116101 0.009816 -0.534689 0.844992 -0.232205 0.820714 0.522025
1.740552 -3.456863 -16.632704 -13.555974 0.930027 0.293026 0.221776 -0.091910 -0.398839 0.912403 -0.355811 0.868944 0.343999
2.120190 -3.816887 -2.853918 -6.181467 0.964296 0.223566 0.141955 -0.059156 -0.340645 0.938329 -0.258135 0.913225 0.315257
3.147455 -4.172308 -22.117895 -7.763986 0.975546 0.184550 0.119375 -0.033230 -0.413040 0.910106 -0.217267 0.891818 0.396807
-0.012716 -8.574755 3.791027 31.282746 -0.843756 -0.030124 -0.535880 -0.138096 0.976994 0.162515 0.518656 0.211126 -0.828505
0.295050 -7.899988 7.216499 20.736659 -0.842331 -0.030935 -0.538073 -0.206706 0.940549 0.269517 0.497746 0.338245 -0.798648
-0.082279 -8.145645 9.278454 -5.051553 -0.851716 -0.015621 -0.523771 -0.231750 0.907714 0.349782 0.469971 0.419298 -0.776734
0.133737 -8.943665 6.219738 108.549264 0.900832 0.092302 0.424242 -0.027503 0.987309 -0.156409 -0.433295 0.129230 0.891939
0.011245 -10.104658 9.202547 112.479602 0.906491 0.085928 0.413389 -0.083955 0.996205 -0.022974 -0.413794 -0.013881 0.910265
0.356080 -11.064725 8.493848 104.994364 0.899992 0.084556 0.427627 -0.138116 0.985776 0.095761 -0.413447 -0.145247 0.898869
0.413496 -9.230078 5.422186 109.349463 0.893542 0.074790 0.442707 -0.026879 0.993170 -0.113534 -0.448175 0.089548 0.889450
0.232220 -7.030463 3.930085 56.962620 0.891768 0.062702 0.448127 0.060815 0.964759 -0.256011 -0.448387 0.255555 0.856528
0.950230 -3.169442 -8.550641 -32.852861 0.705637 0.537922 0.461213 0.707689 -0.502514 -0.496644 -0.035389 0.676845 -0.735274
0.762394 -3.916512 4.093819 -21.805333 0.683812 0.520648 0.511202 0.719199 -0.599143 -0.351825 0.123106 0.608238 -0.784150
1.040423 -2.660769 5.835215 28.196544 0.754767 0.451855 0.475557 -0.655985 0.523376 0.543839 0.003159 0.722430 -0.691437
1.218119 -2.206917 -1.614776 22.683764 0.787861 0.452302 0.417969 -0.612688 0.506937 0.606324 -0.062357 0.733784 -0.676516
0.820848 -14.651662 -42.924922 199.306583 0.818918 0.483345 0.309437 -0.480520 0.282647 0.830187 -0.313805 0.828546 -0.463722
0.999749 -17.753730 -48.541518 182.164278 0.819048 0.493233 0.293054 -0.552132 0.538825 0.636253 -0.155916 0.682926 -0.713654
3.402719 -16.680562 -120.486754 290.214819 0.830318 0.504644 0.236445 -0.448547 0.353380 0.820931 -0.330723 0.787691 -0.519774
3.020113 -12.251441 -94.649552 240.912445 0.819387 0.512979 0.255848 -0.356245 0.106017 0.928359 -0.449104 0.851829 -0.269615
6.899535 -12.343257 -164.852563 193.891946 0.852281 0.462257 0.244816 -0.347726 0.151042 0.925350 -0.390773 0.873787 -0.289469
-2.162147 -5.199370 4.709331 0.335292 0.809679 -0.167475 0.562470 0.485085 0.730429 -0.480797 0.330324 -0.662137 -0.672653
-2.262094 -4.818243 -5.331512 -12.926797 0.840527 -0.202439 0.502526 0.505656 0.626125 -0.593531 0.194491 -0.752984 -0.628640
-2.249671 -5.181068 -0.789893 -11.139863 0.813031 -0.243280 0.528956 0.520039 0.711965 -0.471875 0.261801 -0.658727 -0.705365
-2.203924 -5.550544 5.606214 -9.351228 0.813405 -0.204253 0.544659 0.455121 0.806585 -0.377208 0.362268 -0.554708 -0.749040
-4.734806 -49.097598 9.448048 -117.110679 0.269719 0.909260 0.317014 0.223724 -0.379378 0.897786 -0.936589 0.171226 0.305749
-4.359954 -97.121114 0.636752 2854.159067 0.352866 0.905075 0.237327 0.692428 -0.423185 0.584343 -0.629308 0.041863 0.776028
-5.990580 -123.066970 139.232965 2977.003862 0.370252 0.857497 0.357228 0.150056 -0.434717 0.887978 -0.916732 0.275171 0.289627
-3.211744 -185.039554 -79.493149 -5307.430179 0.312222 0.883806 0.348431 -0.369197 -0.225054 0.901689 -0.875335 0.410167 -0.256032
-2.805862 -125.100441 -76.130350 -4292.764324 0.245053 0.887166 0.391005 -0.300687 -0.313869 0.900596 -0.921703 0.338264 -0.189845
0.181262 -241.710842 -37.509757 3655.191322 -0.552196 -0.378048 -0.743074 -0.464796 0.879515 -0.102064 0.692130 0.289019 -0.661380
30.490585 -354.925459 -1418.300396 -29852.461949 0.721191 0.333029 0.607434 -0.653031 0.034237 0.756557 -0.231158 0.942295 -0.242169
-1.184585 -728.739673 -362.168342 -38324.117563 0.593885 0.346482 0.726121 0.794996 -0.114044 -0.595799 -0.123624 0.931099 -0.343180
-15.725589 -532.392082 477.080944 -55695.568453 -0.562251 -0.388844 -0.729845 -0.166580 0.917720 -0.360612 0.810015 -0.081177 -0.580763
-12.478633 -345.490081 -180.590081 -24565.833362 0.575935 0.304541 0.758652 0.715417 -0.636814 -0.287481 0.395571 0.708324 -0.584638
-4.044038 -155.358499 -85.662892 10673.243552 0.651032 0.314820 0.690685 -0.501392 -0.504799 0.702698 -0.569880 0.803783 0.170792
0.048904 -1.971759 -13.743780 15.356702 0.938376 0.329468 -0.104412 0.003803 0.292240 0.956337 -0.345596 0.897801 -0.272978
0.535252 -1.275895 -15.364510 16.293035 0.920174 0.264963 -0.288226 0.197784 0.320739 0.926287 -0.337878 0.909352 -0.242730
0.498862 -1.309662 -25.753064 9.802138 0.883333 0.248062 -0.397728 0.313644 0.317781 0.894786 -0.348353 0.915139 -0.202904
1.346761 -2.036008 -24.867205 -16.219412 -0.668033 -0.195516 -0.717987 0.724734 0.047923 -0.687360 0.168798 -0.979529 0.109683
1.554650 -2.561632 14.243937 -13.880473 0.699390 0.148064 0.699235 0.684608 0.142287 -0.714889 0.205342 -0.978689 0.001851
1.842203 -2.061040 -6.794694 -18.193654 -0.690486 -0.116767 -0.713859 0.713351 0.053570 -0.698757 0.119834 -0.991713 0.046307
-2.310261 -3.285263 -22.056500 -20.243739 0.287518 0.545459 0.787279 0.956312 -0.118064 -0.267449 -0.052933 0.829780 -0.555574
-1.993449 -3.609410 -23.221362 -25.562027 0.262832 0.579101 0.771726 0.964840 -0.156489 -0.211174 -0.001524 0.800095 -0.599871
-1.598917 -3.054502 -16.739999 -18.519068 0.363580 0.584972 0.724994 0.928557 -0.165108 -0.332446 -0.074770 0.794070 -0.603210
-1.043809 -2.986355 -6.425101 -21.055010 0.356521 0.615471 0.702914 0.931439 -0.175442 -0.318813 -0.072900 0.768385 -0.635822
-1.171518 -2.510243 -12.979725 -14.441935 0.457832 0.589322 0.665649 0.877856 -0.181287 -0.443288 -0.140566 0.787296 -0.600339
0.321228 -9.389487 4.619315 12.553018 0.854679 0.224275 0.468215 0.479902 -0.685327 -0.547742 -0.198035 -0.692841 0.693364
0.243096 -8.565487 5.490354 28.546785 0.842094 0.246715 0.479593 0.534699 -0.498198 -0.682566 -0.070533 -0.831223 0.551447
0.472060 -9.343256 3.789594 29.803902 0.838291 0.234396 0.492266 0.541344 -0.465323 -0.700301 -0.064915 -0.853541 0.516965
0.509534 -10.160800 3.419023 19.460621 0.858824 0.206321 0.468884 0.466225 -0.694070 -0.548544 -0.212262 -0.689708 0.692277
3.208312 0.308007 92.267910 6.779646 0.623280 0.130992 -0.770949 0.715369 0.302701 0.629778 0.315862 -0.944041 0.094960
3.181269 0.344660 -5.529437 4.244414 0.698403 -0.119946 -0.705582 0.702916 0.300493 0.644681 0.134696 -0.946212 0.294177
3.310772 0.360504 52.951200 0.347018 0.657303 0.040294 -0.752549 0.715530 0.280105 0.639967 0.236580 -0.959123 0.155282
2.255968 0.308924 96.614089 -1.944928 0.652959 0.173859 -0.737168 0.691034 0.261650 0.673804 0.310027 -0.949375 0.050704
1.510157 0.258428 102.633947 1.609165 0.595455 0.171172 -0.784942 0.730523 0.291218 0.617679 0.334319 -0.941218 0.048362
2.124788 -34.242152 27.079903 717.623084 0.811505 0.192623 0.551685 0.324770 0.636188 -0.699849 0.485783 -0.747102 -0.453712
2.797509 -92.816109 -43.211593 2492.881956 0.741031 -0.002815 0.671464 0.522653 0.630218 -0.574160 0.421552 -0.776413 -0.468483
27.208433 -1647.991970 -47.131128 39415.443822 0.785515 0.133922 0.604178 0.526572 0.368237 -0.766240 0.325097 -0.920036 -0.218736
-0.556539 -3.879774 7.023022 -5.373566 -0.713462 -0.448844 -0.538063 -0.506277 0.861089 -0.046994 0.484413 0.238881 -0.841594
-0.646641 -3.995161 7.791873 2.812993 -0.706481 -0.454516 -0.542494 -0.494442 0.865413 -0.081163 0.506371 0.210892 -0.836130
-0.516826 -3.842406 2.600475 8.142943 -0.702242 -0.464235 -0.539761 -0.503003 0.860065 -0.085302 0.503830 0.211599 -0.837485
-0.701953 -4.112329 10.401825 -22.519447 -0.740169 -0.408764 -0.533912 -0.487256 0.873232 0.006942 0.463391 0.265290 -0.845512
0.283434 -2.013003 -1.754705 -5.332929 0.682378 -0.085492 -0.725983 0.725217 0.203852 0.657651 0.091769 -0.975262 0.201105
0.391070 -2.133861 9.043529 -4.628885 0.618239 -0.070683 -0.782806 0.769847 0.255274 0.584954 0.158483 -0.964282 0.212235
0.074842 -1.918961 9.202360 -4.449742 0.603941 -0.070494 -0.793906 0.791287 0.172376 0.586643 0.095496 -0.982506 0.159886
-1.532786 -2.899120 -19.798299 5.951032 -0.328680 -0.528224 -0.782911 0.937327 -0.080883 -0.338935 0.115709 -0.845244 0.521703
-2.051319 -3.473058 -0.728829 -20.523080 0.715762 0.444273 0.538800 0.671649 -0.226666 -0.705344 0.191238 -0.866743 0.460634
-1.315641 -2.668605 -38.710183 -0.240167 -0.085423 -0.567211 -0.819130 0.981436 0.093789 -0.167294 0.171716 -0.818214 0.548670
-1.251933 -3.345885 -24.581084 22.118105 -0.216705 -0.610596 -0.761716 0.969921 -0.046047 -0.239027 0.110874 -0.790602 0.602208
-1.170012 -3.541699 -28.586482 18.718779 -0.417761 -0.552619 -0.721171 0.907131 -0.209248 -0.365142 0.050880 -0.806739 0.588713
-2.152352 -4.189912 0.560150 -19.520066 0.698405 0.474135 0.536121 0.656529 -0.126176 -0.743673 0.284955 -0.871364 0.399405
-1.869360 -3.445556 -4.050840 -32.916870 -0.625795 -0.529626 -0.572606 0.736188 -0.158521 -0.657949 0.257697 -0.833287 0.489106
0.408901 -0.660555 -15.887872 2.525419 0.712619 0.235000 0.661021 -0.434226 -0.592305 0.678692 -0.551019 0.770681 0.320044
-0.029970 -0.860702 -23.127236 12.858316 0.728851 0.291725 0.619414 -0.384071 -0.574736 0.722612 -0.566803 0.764575 0.306853
0.578245 -0.994793 -12.665869 11.686622 0.708763 0.218774 0.670665 -0.450868 -0.590703 0.669170 -0.542561 0.776665 0.320030
0.663505 -0.852801 -4.009483 -4.515969 0.681525 0.146449 0.716991 -0.508415 -0.609944 0.607851 -0.526343 0.778795 0.341236
0.337784 -0.770653 -15.449107 -11.666250 0.675647 0.179803 0.714962 -0.492724 -0.611251 0.619351 -0.548383 0.770742 0.324397
0.044416 -2.207019 8.703063 -11.149016 0.634998 0.413998 0.652214 -0.503258 0.862232 -0.057335 -0.586097 -0.291824 0.755863
-0.016149 -2.543934 8.298701 -15.354441 0.608105 0.462082 0.645515 -0.498327 0.855164 -0.142708 -0.617963 -0.234896 0.750297
-0.166553 -2.512367 11.717926 -13.847981 0.608575 0.459463 0.646940 -0.510881 0.850719 -0.123605 -0.607155 -0.255286 0.752457
0.131012 -2.340505 0.904906 -12.010499 0.616846 0.420511 0.665336 -0.479368 0.871168 -0.106171 -0.624265 -0.253449 0.738956
-0.177457 -2.207071 11.033177 -10.752279 0.639026 0.406745 0.652844 -0.514107 0.857172 -0.030824 -0.572137 -0.315934 0.756865
0.154854 -2.007798 0.253746 -9.218522 0.643103 0.368444 0.671318 -0.484265 0.874771 -0.016195 -0.593216 -0.314681 0.740993
-0.025942 -1.894336 5.304806 -4.891537 0.673818 0.332140 0.660040 -0.488085 0.870724 0.060115 -0.554745 -0.362662 0.748822
-1.072488 -2.432458 6.867018 14.771827 -0.640661 0.167052 -0.749431 0.752164 -0.059575 -0.656278 -0.154280 -0.984146 -0.087483
-1.328685 -2.798656 -7.191647 12.274669 0.735244 -0.136394 0.663937 0.658382 -0.089087 -0.747394 -0.161088 -0.986641 -0.024298
-1.178612 -2.830018 -7.703945 3.670316 0.735320 -0.179894 0.653409 0.639784 -0.133788 -0.756821 -0.223566 -0.974545 -0.016716
-1.222977 -2.149611 8.582364 23.696804 -0.611284 0.132959 -0.780163 0.787437 0.003506 -0.616385 -0.079219 -0.991115 -0.106841
-1.072593 -2.533975 2.306795 3.531608 -0.674756 0.197169 -0.711217 0.702489 -0.123907 -0.700826 -0.226306 -0.972508 -0.054901
-0.950035 -2.131749 4.517517 13.996739 -0.542820 0.191167 -0.817803 0.825132 -0.060104 -0.561734 -0.156538 -0.979716 -0.125112
0.215305 -5.392043 0.526348 21.958443 -0.630259 -0.324966 -0.705103 -0.195816 0.945362 -0.260665 0.751285 -0.026216 -0.659457
0.029990 -4.683882 -0.900788 21.855194 -0.631549 -0.296733 -0.716307 -0.282668 0.948400 -0.143657 0.721972 0.111750 -0.682838
0.090516 -5.207136 -1.724608 32.842134 -0.642236 -0.267565 -0.718290 -0.247257 0.959320 -0.136272 0.725532 0.090083 -0.682267
0.222386 -5.982804 0.039978 26.388161 -0.639713 -0.313756 -0.701658 -0.154167 0.946714 -0.282780 0.752994 -0.072726 -0.653996
0.364282 -6.002529 2.578287 15.754439 -0.628194 -0.371734 -0.683510 -0.096166 0.908844 -0.405901 0.772091 -0.189254 -0.606678
0.364296 -5.468862 2.738430 14.682900 -0.612539 -0.392392 -0.686167 -0.149903 0.909995 -0.386572 0.776096 -0.133932 -0.616228
-0.610305 -8.097369 -1.546831 42.588449 0.792361 0.045677 0.608340 -0.349092 -0.783841 0.513544 -0.500299 0.619279 0.605140
-0.640006 -7.851696 2.353627 34.854653 0.777197 0.029131 0.628583 -0.370567 -0.786154 0.494613 -0.508572 0.617344 0.600201
-0.745972 -6.931879 6.899060 -25.918832 0.800487 0.036815 0.598218 0.249829 0.886771 -0.388873 -0.544799 0.460740 0.700652
-0.682122 -7.080326 -1.784498 -26.049898 0.801253 0.056850 0.595619 0.229648 0.890011 -0.393881 -0.552500 0.452381 0.700068
-0.800464 -6.277455 2.100995 -14.541934 0.797900 0.054142 0.600354 0.127740 0.958151 -0.256182 -0.589100 0.281097 0.757592
-0.869140 -6.322600 5.092884 -20.021413 0.783534 0.034954 0.620365 0.149855 0.958314 -0.243266 -0.603007 0.283572 0.745633
-1.171223 -7.525271 -18.643951 -113.599516 0.712966 0.281093 0.642391 0.171532 0.818381 -0.548479 -0.679895 0.501237 0.535261
-0.263274 -5.936438 -9.287100 -82.774796 0.737712 0.360024 0.571107 0.063276 0.805344 -0.589421 -0.672143 0.470961 0.571331
-0.498449 -4.878707 -13.563374 -67.519565 0.739137 0.311134 0.597388 0.037745 0.866391 -0.497938 -0.672497 0.390593 0.628637
-1.371238 -6.755993 -16.908403 -127.758541 0.714167 0.191934 0.673148 0.165204 0.888288 -0.428547 -0.680201 0.417261 0.602677
-0.887760 -4.722782 -10.573321 -70.662103 0.711658 0.123080 0.691661 0.173086 0.923466 -0.342420 -0.680870 0.363403 0.635888
-0.494864 -3.178525 -7.814813 -10.460533 0.167808 -0.451994 -0.876095 0.795023 -0.463430 0.391372 -0.582906 -0.762190 0.281578
-0.599352 -3.047698 -15.767394 -8.179988 0.142893 -0.450094 -0.881474 0.744396 -0.538070 0.395418 -0.652270 -0.712668 0.258162
-0.722568 -3.079340 -15.379762 -4.736696 0.171022 -0.450548 -0.876218 0.791339 -0.466998 0.394583 -0.586971 -0.760868 0.276669
-0.703430 -3.011190 -8.474219 5.539020 0.254954 -0.466268 -0.847108 0.839599 -0.327822 0.433135 -0.479658 -0.821661 0.307898
0.299670 -14.781514 6.456477 3.185368 0.651288 -0.003110 0.758824 0.672163 -0.461722 -0.578801 0.352166 0.887019 -0.298624
0.132394 -16.694363 6.566998 -147.115694 0.675133 -0.026632 0.737215 0.700064 -0.291978 -0.651659 0.232606 0.956054 -0.178480
0.584228 -15.777106 7.097023 -162.337785 0.649579 0.021980 0.759977 0.759370 -0.068025 -0.647093 0.037475 0.997441 -0.060878
0.966243 -13.490502 1.488955 -119.258612 0.639192 0.047704 0.767566 0.752392 0.167803 -0.636984 -0.159187 0.984666 0.071366
0.772741 -15.696111 4.881559 -116.538571 0.639741 0.033928 0.767842 0.764372 -0.132616 -0.630990 0.080420 0.990587 -0.110773
-0.581819 -4.006993 -6.830015 -14.418229 0.621029 0.506567 0.598091 0.139435 0.679502 -0.720302 -0.771285 0.530723 0.351357
-0.372488 -4.255888 -6.460046 -3.535046 0.623865 0.519384 0.583980 0.223528 0.597428 -0.770139 -0.748884 0.610999 0.256618
-0.318290 -4.101057 -12.921698 -18.337029 0.609285 0.512694 0.604910 0.072971 0.723370 -0.686594 -0.789586 0.462473 0.403327
-0.555952 -3.861199 -5.980309 -19.205167 0.624765 0.484527 0.612293 0.047425 0.759178 -0.649153 -0.779371 0.434606 0.451329
1.431267 -10.334420 8.221576 -88.714487 0.536721 0.208145 0.817683 -0.347719 0.937541 -0.010415 -0.768779 -0.278735 0.575574
1.412423 -11.546933 0.933762 -72.072983 0.509750 0.146823 0.847702 -0.068029 0.989124 -0.130409 -0.857629 0.008808 0.514194
1.099154 -9.781233 11.504347 -51.655512 0.581012 0.188309 0.791811 -0.238849 0.969481 -0.055300 -0.778059 -0.156993 0.608257
1.012968 -9.063446 9.791751 -22.456080 0.573496 0.222241 0.788487 -0.420054 0.906113 0.050127 -0.703318 -0.359955 0.613006
0.719024 -9.468215 14.530792 -23.016899 0.614206 0.178864 0.768609 -0.180645 0.979981 -0.083697 -0.768192 -0.087439 0.634221
0.705597 -9.230205 16.089324 -9.640253 0.614287 0.209559 0.760747 -0.374259 0.926128 0.047090 -0.694681 -0.313644 0.647338
-1.516041 -2.594152 13.373720 0.345812 0.752632 0.058222 0.655862 -0.370165 0.861186 0.348333 -0.544539 -0.504944 0.669708
-1.546149 -2.716129 -0.611971 -3.737224 0.653766 0.194283 0.731331 -0.452186 0.875239 0.171714 -0.606728 -0.442958 0.660053
-1.322797 -2.760394 -11.000711 -1.559426 0.689064 0.060209 0.722195 -0.414805 0.849920 0.324918 -0.594246 -0.523460 0.610624
-1.598810 -2.548309 17.656991 -3.622934 0.701682 0.197048 0.684701 -0.434791 0.879739 0.192396 -0.564447 -0.432702 0.702971
-1.344507 -2.435872 22.509184 0.300511 0.765182 0.105803 0.635061 -0.373336 0.876543 0.303796 -0.524516 -0.469550 0.710215
-1.112466 -2.489939 15.514015 -7.853644 0.808159 -0.003504 0.588954 0.307099 -0.850777 -0.426461 -0.502562 -0.525516 0.686487
-0.139680 -13.242367 115.271952 -434.212786 -0.388647 0.053363 -0.919840 0.088700 0.995852 0.020295 0.917107 -0.073702 -0.391768
12.461423 -118.513441 640.794118 2176.619912 0.119493 0.941634 0.314718 -0.315144 0.336569 -0.887359 0.941491 -0.006851 -0.336968
0.659713 -9.639897 -130.876272 -198.280581 -0.306998 0.443779 -0.841910 0.149005 0.896132 0.418026 0.939973 0.002884 -0.341236
-0.285313 -21.769385 -125.338142 710.804188 0.026596 0.999639 -0.003820 -0.433584 0.008093 -0.901077 0.900721 -0.025621 -0.433643
290.950336 -8.994912 -20933.376048 -755.502571 -0.615481 -0.019614 0.787908 0.738675 -0.362975 0.567986 0.274851 0.931592 0.237892
-8.671920 -231.264178 -150.546055 5723.471190 0.861606 -0.082435 0.500838 -0.070833 0.957541 0.279462 -0.502610 -0.276262 0.819184
10.586335 -149.754062 -727.649406 3230.070470 -0.419083 0.106585 -0.901670 -0.347700 0.898541 0.267821 0.838734 0.425750 -0.339504
0.988803 -1178.253739 -134.768499 4969.175573 -0.611430 -0.029179 -0.790760 0.400037 0.850815 -0.340711 0.682733 -0.524654 -0.508541
-1.252761 -2.927657 2.737657 -15.457877 -0.304562 -0.684505 -0.662341 0.900098 -0.434286 0.034930 -0.311555 -0.585533 0.748388
-0.998634 -2.490193 2.968066 -13.572970 -0.348401 -0.663919 -0.661686 0.853669 -0.516286 0.068541 -0.387124 -0.540981 0.746642
-0.985331 -2.507817 4.342286 -13.665552 -0.449288 -0.575948 -0.682952 0.806303 -0.590617 -0.032356 -0.384728 -0.565204 0.729746
-1.270802 -2.976255 4.051500 -13.932988 -0.401392 -0.605036 -0.687616 0.866831 -0.493396 -0.071866 -0.295786 -0.624893 0.722509
-0.975857 -2.613338 3.342680 -13.636742 -0.535064 -0.487426 -0.690017 0.760395 -0.633758 -0.141953 -0.368112 -0.600639 0.709737
-0.672684 -2.181825 4.191681 -11.607325 -0.567169 -0.457177 -0.685061 0.698946 -0.707165 -0.106737 -0.435653 -0.539358 0.720624
0.064344 -4.193575 10.268483 -5.905842 -0.640086 -0.460895 -0.614708 0.751805 -0.210818 -0.624776 0.158365 -0.862051 0.481444
0.338879 -4.011078 6.391689 -3.589468 -0.631325 -0.481751 -0.607737 0.751790 -0.187811 -0.632091 0.190371 -0.855945 0.480746
0.161432 -4.253279 10.365459 -8.879909 -0.609817 -0.470577 -0.637715 0.749072 -0.079396 -0.657714 0.258873 -0.878780 0.400913
-0.052016 -4.437165 8.587425 -9.808276 -0.611824 -0.469617 -0.636499 0.758034 -0.118241 -0.641407 0.225955 -0.874916 0.428329
-16.654909 -90.099876 556.197418 -2111.715010 0.442122 0.769753 -0.460444 -0.011962 0.518355 0.855082 -0.896875 0.372543 -0.238384
-31.978122 -235.479005 -1189.883665 7214.203455 -0.378537 -0.204878 0.902627 0.905448 0.120351 0.407037 -0.192025 0.971360 0.139949
-4.544778 -25.178089 14.881748 -616.628221 0.194222 0.934713 -0.297640 -0.265555 0.342187 0.901326 -0.944330 0.096018 -0.314678
-12.379659 -20.174096 145.063539 1.744549 0.116871 0.993119 0.007407 -0.134706 0.023241 -0.990613 0.983969 -0.114776 -0.136495
-15.819704 -22.823819 3.519594 -25.887455 0.375162 0.837317 0.397686 0.150928 0.368120 -0.917447 0.914590 -0.404213 -0.011731
-17.941047 -23.810420 185.360669 371.888419 0.394242 0.918792 -0.019874 -0.450612 0.174414 -0.875516 0.800951 -0.354120 -0.482780
-21.641597 -35.530961 455.559153 767.393384 -0.778549 -0.335115 -0.530622 -0.174176 0.927663 -0.330309 0.602929 -0.164741 -0.780600
-11.428356 -24.309956 141.883405 506.717516 0.034893 0.994932 -0.094305 -0.573885 -0.057306 -0.816928 0.818192 -0.082626 -0.568977
-3.614928 -5.621574 -11.409867 28.234075 0.441708 0.574961 0.688705 0.706471 0.250251 -0.662022 -0.552985 0.778970 -0.295655
-5.064198 -6.224152 -16.282340 -63.651204 0.802046 0.571464 0.173642 -0.290063 0.118549 0.949637 -0.522098 0.812019 -0.260842
-2.886861 -4.824625 8.496943 26.448782 0.252629 0.531527 0.808491 0.854143 0.270043 -0.444429 -0.454553 0.802842 -0.385779
0.348360 -5.759614 -59.777780 25.330892 -0.328090 -0.418885 -0.846695 -0.116111 0.907394 -0.403923 0.937483 -0.034212 -0.346344
2.218257 -6.084341 -66.618227 17.372824 -0.357072 -0.444270 -0.821659 -0.010443 0.881492 -0.472083 0.934019 -0.159987 -0.319395
0.587958 -6.072214 -67.030155 4.437094 -0.322487 -0.454083 -0.830548 0.075929 0.862189 -0.500864 0.943524 -0.224585 -0.243567
-0.887418 -5.914015 -50.303444 2.651024 -0.340083 -0.432838 -0.834862 0.075328 0.872387 -0.482977 0.937374 -0.227141 -0.264079
-1.498550 -5.710874 -39.909476 19.066884 -0.379124 -0.386292 -0.840859 -0.074405 0.918480 -0.388404 0.922350 -0.084689 -0.376960
-1.584902 -5.724632 -30.378784 -20.908279 -0.398850 -0.440919 -0.804058 0.214898 0.807462 -0.549385 0.891481 -0.391913 -0.227303
-0.636283 -3.100591 -15.094048 -29.627160 0.209913 0.753012 0.623625 0.977672 -0.167959 -0.126280 0.009653 0.636209 -0.771456
-0.313876 -4.486480 -22.897035 -55.515501 0.162805 0.769087 0.618061 0.981448 -0.190525 -0.021446 0.101262 0.610086 -0.785837
0.158743 -3.502226 -28.249331 -42.374548 0.132385 0.783765 0.606784 0.990785 -0.122305 -0.058185 0.028609 0.608895 -0.792734
-0.318012 -2.205513 -19.892022 -15.222148 0.222866 0.763845 0.605699 0.974180 -0.151486 -0.167410 -0.036120 0.627370 -0.777883
-1.573227 -7.492638 13.710937 106.286742 0.850363 0.039097 0.524742 0.106853 0.963628 -0.244957 -0.515233 0.264372 0.815256
-1.747233 -11.135698 1.295932 144.594001 0.816252 0.071038 0.573312 -0.111801 0.993074 0.036127 -0.566775 -0.093586 0.818540
-1.563004 -11.783194 3.275538 67.783211 0.843045 0.070426 0.533212 -0.217509 0.951346 0.218245 -0.491899 -0.299969 0.817346
-1.924818 -8.434975 4.369146 127.603044 0.819206 0.059048 0.570452 0.041211 0.986053 -0.161249 -0.572017 0.155604 0.805347
3.959176 -4.288649 73.521406 27.130260 0.955148 -0.130503 -0.265821 0.195513 -0.396284 0.897070 0.222411 0.908806 0.352995
3.422865 -4.845872 57.565700 8.020953 0.973638 -0.096991 -0.206450 0.181966 -0.215485 0.959403 0.137540 0.971678 0.192156
2.127540 -4.911226 118.868643 12.285146 0.916813 -0.246308 -0.314303 0.258007 -0.235354 0.937038 0.304773 0.940181 0.152227
2.423036 -5.130048 62.059725 -4.384723 0.963746 -0.133997 -0.230737 0.224906 -0.057340 0.972692 0.143568 0.989321 0.025124
2.349254 -3.922984 118.660808 35.588651 0.867147 -0.221223 -0.446225 0.319673 -0.439819 0.839266 0.381923 0.870413 0.310669
0.216079 -5.322012 115.585554 -4.464642 0.924250 -0.264508 -0.275312 0.280776 -0.017712 0.959610 0.258700 0.964221 -0.057897
-0.984156 -4.820720 78.539334 10.723612 0.885056 -0.167409 -0.434338 0.401922 -0.195841 0.894486 0.234806 0.966240 0.106045
0.132296 -3.986137 42.607124 26.047912 0.811355 -0.088412 -0.577830 0.509923 -0.376250 0.773572 0.285801 0.922290 0.260189
-0.428852 -5.935774 1.207067 5.842253 0.739619 0.267539 0.617565 -0.662083 0.454021 0.596247 0.120868 0.849875 -0.512936
-0.408026 -5.944075 4.777466 4.318399 0.734527 0.250950 0.630471 -0.665668 0.446852 0.597670 0.131743 0.858689 -0.495275
-0.479758 -5.873404 -1.270500 3.772973 0.750660 0.282341 0.597321 -0.651492 0.466644 0.598165 0.109850 0.838169 -0.534234
-0.485552 -6.003704 1.739597 -8.936131 0.735181 0.267288 0.622950 -0.628357 0.613484 0.478335 0.254317 0.743098 -0.618974
-1.115251 -5.561664 0.311514 81.224152 0.904530 0.135975 0.404148 0.061071 0.896713 -0.438380 -0.422013 0.421209 0.802800
-1.240330 -6.230443 0.768391 18.015284 -0.841506 0.008413 -0.540182 0.069793 0.993193 -0.093257 0.535720 -0.116177 -0.836365
-1.292950 -6.617844 -4.278310 14.042151 -0.812813 -0.021003 -0.582146 0.101915 0.978809 -0.177611 0.573540 -0.203694 -0.793449
-1.193309 -6.242654 -4.313938 14.992939 -0.803991 -0.030885 -0.593839 -0.019942 0.999489 -0.024983 0.594307 -0.008244 -0.804196
1.250871 -5.744253 -20.741481 -46.701481 0.733912 -0.053222 0.677156 -0.433097 -0.804652 0.406154 -0.523259 0.591356 0.613595
1.200215 -6.805105 -28.673411 44.811411 0.726321 -0.040723 0.686148 0.354308 0.877586 -0.322969 -0.589001 0.477687 0.651838
2.011198 -3.975690 -29.998036 -6.006121 0.914213 0.233257 0.331369 -0.104519 -0.654328 0.748953 -0.391523 0.719337 0.573816
3.796890 -4.273099 -65.686749 -6.256181 0.935783 0.217224 0.277713 -0.042556 -0.712318 0.700565 -0.349999 0.667395 0.657331
7.926563 -3.855115 -143.457818 -0.182776 0.957606 0.287136 0.023311 0.170708 -0.630767 0.756962 -0.232055 0.720893 0.653042
-0.772163 -9.846287 6.893607 -45.598406 0.856621 -0.149401 0.493842 -0.211112 0.771869 0.599708 0.470778 0.617979 -0.629659
-0.505387 -8.813979 -5.818715 2.024720 -0.855720 0.098739 -0.507931 -0.156998 0.885806 0.436692 0.493046 0.453430 -0.742500
-0.713972 -9.500550 -6.036986 -41.385133 0.868019 -0.083742 0.489418 -0.236146 0.797441 0.555268 0.436782 0.597557 -0.672419
-1.009824 -10.704985 -6.085533 -76.352686 0.866549 -0.110091 0.486799 -0.311772 0.642244 0.700230 0.389732 0.758553 -0.522212
-0.159921 -5.508522 -4.430836 84.035064 0.783345 0.023534 0.621141 -0.526690 -0.505552 0.683384 -0.330102 0.862475 0.383627
0.036522 -5.250039 -6.241093 70.891727 0.776892 0.016447 0.629419 -0.526570 -0.531095 0.663824 -0.345199 0.847153 0.403943
-0.112577 -3.637878 -3.538867 44.475628 0.772269 0.009189 0.635229 -0.516540 -0.573023 0.636264 -0.369847 0.819488 0.437782
-0.324806 -4.242674 -1.402021 27.387043 0.787844 0.021362 0.615505 -0.499450 -0.562588 0.658820 -0.360349 0.826461 0.432562
-0.263272 -6.291707 0.738244 86.585417 0.778548 0.004627 0.627568 -0.553527 -0.466182 0.690132 -0.295754 0.884677 0.360384
0.940623 -3.951426 -14.862126 -25.404820 0.665590 0.581106 0.468301 0.745206 -0.551700 -0.374559 0.040704 0.598283 -0.800250
0.765006 -4.312683 -16.172233 1.755463 0.662063 0.584041 0.469647 0.725781 -0.655888 -0.207492 0.186852 0.478234 -0.858125
0.661021 -4.496011 0.245227 -8.712920 0.663315 0.547094 0.510590 0.707043 -0.681697 -0.188095 0.245161 0.485775 -0.838999
0.495681 -4.644942 16.641862 -11.520689 0.676224 0.501501 0.539646 0.679609 -0.707398 -0.194214 0.284346 0.498081 -0.819184
-0.377922 -16.292670 -11.339431 170.268989 0.800547 0.475438 0.364804 -0.564246 0.392945 0.726100 -0.201868 0.787117 -0.582835
-0.260046 -18.934945 -21.035782 37.126100 0.810620 0.480738 0.334345 -0.584869 0.692686 0.422037 0.028707 0.537660 -0.842673
3.690575 -5.600854 -66.939940 -49.180285 0.849701 0.429026 0.306505 -0.246784 -0.190108 0.950240 -0.465947 0.883060 0.055658
2.662495 -8.250674 -42.570417 -110.896154 0.869109 0.332569 0.366126 -0.258402 -0.325885 0.909410 -0.421757 0.884984 0.197293
2.067901 -7.128137 -33.317057 -97.883622 0.859213 0.433992 0.270934 -0.147930 -0.296204 0.943600 -0.489766 0.850832 0.190302
1.897782 -5.525072 -44.125621 -44.411389 0.831037 0.509050 0.224154 -0.119806 -0.229717 0.965855 -0.543161 0.829517 0.129916
1.242828 -7.965916 -15.133049 -100.825658 0.851494 0.461366 0.249199 -0.066686 -0.376101 0.924176 -0.520107 0.803548 0.289481
-2.291556 -5.173707 0.210521 3.385298 0.865769 -0.100814 0.490185 0.439107 0.622897 -0.647445 0.240063 -0.775781 -0.583553
-2.271525 -4.536303 -11.106563 0.334461 0.936954 -0.082319 0.339617 0.327846 0.543496 -0.772741 0.120969 -0.835366 -0.536219
-4.129911 -145.008753 -13.528159 4415.685854 0.325798 0.911874 0.249681 0.877971 -0.389781 0.277916 -0.350746 -0.128669 0.927589
-5.577093 -28.268002 9.318957 711.808585 0.224996 0.972143 0.065689 0.957384 -0.233103 0.170525 -0.181087 -0.024522 0.983161
-6.070485 -119.559305 20.298807 3142.418860 0.459167 0.849633 0.259401 0.705545 -0.526216 0.474661 -0.539789 0.034929 0.841076
2.280685 -165.182478 -76.508687 -6110.201023 0.649361 0.358250 0.670811 0.757612 -0.381297 -0.529752 0.065994 0.852214 -0.519014
6.011810 -127.322752 -98.472347 -1919.839671 0.744364 0.294900 0.599129 0.190575 0.766077 -0.613846 -0.640002 0.571104 0.514040
1.274477 -2.919244 27.822672 -9.494930 0.685374 0.202550 0.699454 0.663613 0.221724 -0.714462 0.299801 -0.953840 -0.017549
0.492996 -3.033597 27.240660 -9.649630 0.691187 0.229990 0.685102 0.639976 0.245570 -0.728098 0.335696 -0.941701 -0.022547
1.156159 -3.235092 28.732195 -7.312990 0.683726 0.204885 0.700386 0.629408 0.320110 -0.708079 0.369275 -0.924960 -0.089911
-2.590741 -4.182164 -20.495088 -30.327769 0.159843 0.545288 0.822868 0.985328 -0.138652 -0.099522 0.059824 0.826702 -0.559450
0.098392 -2.445938 -3.407889 -10.305178 0.745719 0.206821 0.633347 0.641131 0.035860 -0.766594 0.181259 -0.977721 0.105858
0.019797 -2.724204 -8.500234 -11.978564 0.793835 0.218064 0.567692 0.571699 0.050661 -0.818898 0.207332 -0.974619 0.084450
-0.065800 -2.774153 -1.834935 -12.582040 0.777570 0.215799 0.590606 0.584340 0.098906 -0.805459 0.232232 -0.971416 0.049193
1.431454 -9.601955 -14.210455 -75.608685 0.676627 0.375321 0.633490 -0.228809 0.924920 -0.303594 -0.699873 0.060472 0.711703
1.663291 -9.452283 4.175192 -47.348517 0.737771 0.328826 0.589549 -0.162150 0.934094 -0.318082 -0.655287 0.139076 0.742467
1.078331 -9.352909 -2.663648 29.886997 0.742986 0.321065 0.587272 -0.295425 0.944650 -0.142688 -0.600579 -0.067480 0.796713
1.834305 -12.615662 -4.560331 -134.749622 0.698778 0.331881 0.633691 -0.005993 0.888547 -0.458747 -0.715313 0.316765 0.622886
0.548716 -8.451566 -19.271593 -31.503760 0.694161 0.329220 0.640120 -0.368100 0.926562 -0.077363 -0.618581 -0.181926 0.764370
1.261443 -12.252154 -24.162502 -116.194206 0.639365 0.393359 0.660667 -0.073764 0.886649 -0.456522 -0.765357 0.243151 0.595908
0.827627 -9.395766 -33.141117 -85.709636 0.624288 0.401053 0.670389 -0.282891 0.915976 -0.284536 -0.728174 -0.012015 0.685287
1.454225 -16.734610 -2.356964 341.204965 0.785491 0.028675 0.618209 0.412518 0.720389 -0.557556 0.461338 -0.692978 -0.554030
3.759160 -74.772769 -88.253506 2080.804014 0.733603 -0.112213 0.670250 0.586357 0.603083 -0.540812 0.343531 -0.789746 -0.508220
-1.647426 -19.074694 50.066357 121.592144 -0.083431 0.910329 -0.405389 -0.261380 -0.412555 -0.872627 0.961624 -0.033156 -0.272362
-0.554080 -20.664076 23.196570 207.608612 -0.044409 0.914484 -0.402178 -0.310259 -0.395294 -0.864571 0.949614 -0.086385 -0.301281
-1.414542 -33.504596 49.197015 -617.329033 -0.079984 0.916504 -0.391947 0.279401 -0.356831 -0.891407 0.956837 0.180809 0.227532
-2.859718 -21.436562 57.662142 -203.430799 -0.003013 0.900408 -0.435036 -0.024792 -0.434972 -0.900103 0.999688 -0.008074 -0.023633
-1.729765 -3.996073 19.221088 52.220231 -0.577060 -0.492807 -0.651263 0.814065 -0.283050 -0.507130 0.065577 -0.822814 0.564514
-1.544207 -4.145609 -5.111728 17.764868 -0.635029 -0.461161 -0.619732 0.771063 -0.427111 -0.472269 -0.046903 -0.777757 0.626812
-1.927841 -4.324075 -6.934659 -19.328643 -0.625602 -0.544779 -0.558424 0.697390 -0.069693 -0.713296 0.349670 -0.835678 0.423524
-2.176426 -4.653149 -6.245694 -12.350911 -0.646181 -0.516413 -0.561932 0.648616 0.016405 -0.760939 0.402177 -0.856183 0.324353
-0.228928 -1.321512 -19.941340 -19.258303 0.654884 0.160797 0.738425 -0.493708 -0.648745 0.579121 -0.572171 0.743824 0.345466
-0.594309 -1.109933 -8.806005 -15.849220 0.756642 0.284569 0.588654 -0.342171 -0.594842 0.727380 -0.557146 0.751787 0.352711
-0.137460 -0.880972 -18.642702 -13.053688 0.704534 0.229222 0.671632 -0.438041 -0.604137 0.665687 -0.558347 0.763201 0.325226
0.224828 -1.247441 -17.326124 -18.909804 0.633948 0.133968 0.761684 -0.525623 -0.647813 0.551415 -0.567301 0.749927 0.340263
-0.132488 -2.792804 7.553975 -14.209266 0.589282 0.493383 0.639782 -0.482588 0.850043 -0.211035 -0.647963 -0.184392 0.739015
-0.004830 -2.791796 2.286212 -14.274318 0.606150 0.444273 0.659700 -0.440381 0.878170 -0.186767 -0.662304 -0.177310 0.727952
-1.210215 -1.497180 15.433299 21.404607 -0.265095 0.136194 -0.954555 0.964003 0.016302 -0.265392 -0.020584 -0.990548 -0.135613
-0.884120 -1.392076 13.674912 18.051219 -0.169402 0.162939 -0.971984 0.984648 -0.014129 -0.173978 -0.042081 -0.986535 -0.158044
-0.452651 -4.196343 4.904205 -9.018713 0.754985 0.374593 0.538218 -0.169171 0.904257 -0.392047 -0.633545 0.204939 0.746071
-0.342829 -4.441834 3.646314 -10.613893 0.763780 0.350030 0.542327 -0.133784 0.907797 -0.397499 -0.631460 0.231047 0.740186
-0.467320 -4.738543 5.903395 -7.617215 0.765566 0.323718 0.555981 -0.027141 0.879668 -0.474813 -0.642784 0.348411 0.682230
-0.355990 -4.002262 7.415773 -17.674353 0.764236 0.388602 0.514716 -0.262162 0.916358 -0.302586 -0.589250 0.096309 0.802190
-0.554324 -4.425928 2.745211 -5.083108 0.745023 0.362442 0.559979 -0.073993 0.879224 -0.470627 -0.662922 0.309194 0.681861
-0.395252 -3.881749 1.521001 -15.148035 0.738082 0.415029 0.531964 -0.295613 0.907647 -0.297978 -0.606505 0.062677 0.792606
-0.460492 -3.971435 -1.009674 -6.553492 0.729555 0.401349 0.553776 -0.204514 0.900681 -0.383337 -0.652628 0.166410 0.739178
-0.201046 -4.168669 -3.655563 17.009911 -0.628907 -0.274838 -0.727283 -0.359884 0.932094 -0.041031 0.689173 0.235932 -0.685110
-0.059180 -4.437770 -2.259701 23.644189 -0.645626 -0.240894 -0.724664 -0.316711 0.947950 -0.032951 0.694882 0.208235 -0.688314
-0.483426 -9.403919 -7.428435 62.690134 0.769757 0.049433 0.636420 -0.462924 -0.643237 0.609875 -0.439517 0.764070 0.472252
-0.327129 -9.405794 -3.359480 66.426066 0.757265 0.026078 0.652587 -0.475808 -0.662440 0.578602 -0.447388 0.748661 0.489234
-1.295642 -3.341748 0.623173 -5.378017 -0.266041 0.397668 0.878113 -0.642961 0.605502 -0.469009 -0.718209 -0.689368 0.094597
-1.265684 -3.151105 -4.156483 -0.853257 0.237120 -0.407982 -0.881660 0.698737 -0.558894 0.446547 -0.674938 -0.721934 0.152547
-1.058269 -3.218194 7.986990 -6.086507 -0.232144 0.454669 0.859875 -0.656930 0.578654 -0.483325 -0.717323 -0.677079 0.164355
