18888
37754
-4.670201 -6.712597 73.914113 87.282074 0.799844 0.555208 0.228023 0.600165 -0.735280 -0.314904 0.007177 -0.388725 0.921326
-4.606100 -7.608021 19.650054 72.151148 0.764167 0.605992 0.220958 0.643169 -0.741796 -0.189927 -0.048811 -0.287250 0.956611
-6.928583 -8.793094 -84.904865 150.671606 -0.324577 -0.895879 -0.303399 0.941247 -0.337567 -0.010179 -0.093298 -0.288877 0.952809
-3.985362 -6.658347 -21.761556 64.617000 0.894760 0.429536 0.122082 0.445741 -0.842684 -0.301991 0.026840 -0.324626 0.945462
-5.775186 -8.665535 18.321293 264.673300 -0.098947 -0.907202 -0.408894 0.995092 -0.089609 -0.041987 0.001451 -0.411042 0.911615
-3.981621 -5.404272 -17.224645 81.576409 -0.660706 -0.674349 -0.329728 0.747878 -0.553690 -0.366204 0.064382 -0.488550 0.870157
-3.371118 -5.657941 -8.335089 62.943144 0.941367 0.323987 0.094136 0.332439 -0.843125 -0.422640 0.057561 -0.429154 0.901395
6.535216 -9.385304 -16.373082 -115.297809 0.614243 0.678440 0.403020 0.131485 0.415591 -0.899998 0.778086 -0.605809 -0.166069
6.667829 -7.758329 -2.828648 -150.900642 0.565794 0.704386 0.428622 0.255941 0.344121 -0.903369 0.783818 -0.620823 -0.014420
6.926489 -9.890444 39.364329 -141.487155 0.500230 0.750973 0.431055 0.136769 0.423041 -0.895729 0.855023 -0.507026 -0.108908
6.799988 -10.984765 59.253083 -72.618665 0.539392 0.729211 0.421080 -0.024441 0.513410 -0.857796 0.841700 -0.452396 -0.294752
6.270628 -10.501128 -68.882865 -71.639741 0.661667 0.648384 0.376558 0.015157 0.490543 -0.871285 0.749645 -0.582208 -0.314748
3.629933 -5.295475 -47.776702 -27.837639 0.369531 0.600094 0.709461 -0.763399 0.631360 -0.136408 -0.529783 -0.491194 0.691418
2.710782 -5.284401 134.323588 43.635564 -0.291324 -0.583372 -0.758161 0.817366 -0.563574 0.119572 -0.497035 -0.584860 0.641011
1.431664 -5.850267 -172.476604 -35.103939 0.318442 0.535905 0.781921 -0.762705 0.634676 -0.124372 -0.562918 -0.556770 0.610845
0.781610 -11.835402 93.227195 150.376632 -0.410788 0.904293 -0.116223 0.533538 0.135060 -0.834923 0.739317 0.404986 0.537956
1.430152 -10.035052 81.634305 161.180406 -0.429071 0.902416 -0.039282 0.363225 0.132558 -0.922223 0.827022 0.409968 0.384657
2.980985 -12.281700 133.904697 112.007627 -0.428407 0.902480 -0.044695 0.538259 0.215156 -0.814853 0.725772 0.373146 0.577942
-0.184142 -9.794826 47.020824 161.964180 -0.405302 0.908036 -0.105836 0.399579 0.071835 -0.913880 0.822233 0.412687 0.391947
-0.542386 -11.014412 35.754521 166.379686 -0.374763 0.916436 -0.140345 0.501953 0.073291 -0.861784 0.779484 0.393412 0.487475
0.124595 -12.630135 52.419203 103.545697 -0.372451 0.912725 -0.167970 0.663757 0.135488 -0.735574 0.648619 0.385457 0.656290
-0.828774 -7.791461 8.090353 -15.237519 0.307761 0.803379 0.509770 0.703966 -0.552704 0.446039 -0.640090 -0.221587 0.735652
-0.852753 -7.919796 -7.012025 0.600354 0.290678 0.791400 0.537766 0.681525 -0.565738 0.464181 -0.671587 -0.231574 0.703807
-0.937112 -7.986595 9.961081 -55.782694 0.313732 0.789380 0.527684 0.717836 -0.560953 0.412363 -0.621518 -0.249419 0.742634
-0.919543 -7.976002 11.627619 -55.950699 0.331851 0.780883 0.529242 0.748497 -0.559424 0.356085 -0.574132 -0.277969 0.770134
-1.332827 -4.961113 44.961153 -8.300176 -0.339506 -0.737206 -0.584177 0.932057 -0.180135 -0.314360 0.126517 -0.651213 0.748275
-1.111250 -4.719020 90.090955 -8.327581 -0.357201 -0.715800 -0.600032 0.933170 -0.245968 -0.262095 0.040019 -0.653552 0.755823
0.039291 -4.938264 143.359996 -8.762022 -0.355224 -0.701091 -0.618294 0.928474 -0.187916 -0.320349 0.108406 -0.687865 0.717697
-0.296865 -9.022203 -15.055402 -66.718510 0.507973 0.682542 0.525451 0.068230 0.576216 -0.814444 0.858666 -0.449568 -0.246132
-0.486401 -9.331807 -1.859546 -47.896011 0.498842 0.694701 0.518215 -0.024453 0.608966 -0.792819 0.866348 -0.382819 -0.320765
-0.454021 -8.507646 -7.464824 -41.384289 0.503275 0.679946 0.533280 0.114246 0.559359 -0.821015 0.856541 -0.474121 -0.203830
1.819383 -13.425855 8.242503 -83.647400 0.197947 0.736806 0.646478 -0.127985 0.673310 -0.728199 0.971821 -0.061405 -0.227580
2.021379 -13.059848 5.091507 20.084767 0.209266 0.744624 0.633832 -0.323604 0.664397 -0.673689 0.922761 0.064130 -0.379999
1.885562 -13.589172 -41.150067 -79.848542 0.248152 0.744641 0.619622 -0.119207 0.658240 -0.743310 0.961359 -0.110591 -0.252110
1.824460 -13.344482 42.801367 -50.332883 0.155390 0.730715 0.664763 -0.278524 0.678043 -0.680207 0.947775 0.079455 -0.308883
1.694600 -12.653600 -4.626986 -65.733628 0.201142 0.744124 0.637041 0.066394 0.638481 -0.766768 0.977309 -0.196525 -0.079020
1.529339 -12.925545 48.778240 -86.543799 0.137204 0.740341 0.658080 -0.028756 0.667060 -0.744449 0.990125 -0.083217 -0.112813
0.483666 -18.131435 7.666371 18.962023 0.319376 0.776785 0.542775 0.847165 0.022614 -0.530848 -0.424629 0.629360 -0.650843
0.442432 -16.935838 -37.331266 39.393867 0.329188 0.804875 0.493773 0.888031 -0.086123 -0.451646 -0.320993 0.587162 -0.743104
0.716134 -17.392341 -5.010805 39.779373 0.342146 0.783113 0.519297 0.926451 -0.188851 -0.325612 -0.156921 0.592511 -0.790131
0.585025 -16.070783 -36.757604 15.898831 0.359376 0.801508 0.477947 0.928035 -0.253183 -0.273221 -0.097981 0.541741 -0.834815
0.786754 -17.583463 34.685147 45.530126 0.335302 0.758758 0.558443 0.917645 -0.128822 -0.375943 -0.213310 0.638506 -0.739465
0.673209 -17.069709 32.460451 16.978615 0.356128 0.755794 0.549498 0.934428 -0.290558 -0.205960 0.003998 0.586814 -0.809712
0.795733 -16.663848 -11.078913 45.453600 0.379642 0.777470 0.501411 0.919267 -0.377961 -0.109969 0.104016 0.502679 -0.858192
0.658279 -5.642893 2.199851 25.095150 -0.003645 0.983561 0.180539 0.578182 -0.145231 0.802878 -0.815899 -0.107311 0.568148
1.232703 -6.229005 -19.289581 34.077539 -0.039003 0.982918 0.179862 0.479057 -0.139571 0.866617 -0.876917 -0.119964 0.465430
1.053106 -5.943529 8.760242 19.221612 0.034904 0.977296 0.208984 0.509052 -0.197338 0.837809 -0.860028 -0.077141 0.504382
1.098244 -5.781602 -4.548088 37.043969 -0.093135 0.987517 0.127031 0.565772 -0.052494 0.822889 -0.819285 -0.148510 0.553821
0.192369 -5.593143 14.426336 10.548582 0.090210 0.961661 0.258981 0.605915 -0.259373 0.752059 -0.790398 -0.089077 0.606083
0.359428 -5.037365 0.761795 24.867935 -0.046034 0.987740 0.149168 0.654165 -0.083046 0.751779 -0.754949 -0.132188 0.642322
0.014063 -5.077732 14.925627 12.201126 0.042860 0.975825 0.214312 0.662227 -0.188365 0.725241 -0.748077 -0.110839 0.654290
-1.323103 -3.778652 25.809524 53.206962 -0.342456 0.931077 0.125776 -0.385893 -0.017333 -0.922381 0.856628 0.364411 -0.365231
-0.929401 -3.028264 25.505024 47.987180 -0.373739 0.925691 0.058432 -0.406905 -0.107021 -0.907180 0.833515 0.362825 -0.416667
-0.757721 -3.308610 28.800067 49.770953 -0.422424 0.905957 -0.028291 -0.334071 -0.184632 -0.924288 0.842588 0.380990 -0.380646
-1.115952 -4.227857 27.774817 45.720714 -0.397845 0.916833 0.033716 -0.291726 -0.091576 -0.952108 0.869836 0.388627 -0.303897
-1.223948 -1.780313 24.134983 19.989189 0.395484 0.918371 -0.013687 0.834853 -0.353226 0.422200 -0.382901 0.178400 0.906399
-0.843479 -1.877623 55.193396 24.424696 0.875365 -0.291856 0.385430 0.324823 0.945525 -0.021748 -0.358086 0.144234 0.922481
-0.540679 -1.612357 53.595774 0.238510 0.626479 -0.695001 0.352843 0.706233 0.697682 0.120309 -0.329787 0.173818 0.927916
-0.745161 -1.825572 24.885299 21.290497 -0.020968 0.977554 -0.209637 0.938642 0.091448 0.332547 -0.344254 0.189802 0.919491
-0.591882 -2.233811 31.374851 2.544320 0.258526 0.960082 -0.106806 0.883518 -0.190296 0.427999 -0.390589 0.205014 0.897446
0.272743 -5.971478 17.283577 -123.814020 0.284463 0.787354 0.546950 -0.143895 -0.528990 0.836339 -0.947826 0.316611 0.037182
0.068991 -6.917442 15.997748 -87.797760 0.276364 0.760260 0.587902 -0.028364 -0.605008 0.795714 -0.960634 0.236582 0.145638
0.311739 -6.002879 16.149598 -108.327182 0.279279 0.793049 0.541366 -0.110139 -0.533621 0.838521 -0.953872 0.293807 0.061683
-2.007612 -10.065322 41.332674 104.344953 -0.396017 -0.803071 -0.445250 0.718289 0.031149 -0.695047 0.572042 -0.595068 0.564502
-1.774771 -11.681871 42.267695 134.307135 -0.376270 -0.796877 -0.472661 0.817241 -0.045109 -0.574529 0.436507 -0.602455 0.668213
-1.125778 -10.688926 40.255394 111.137767 -0.414860 -0.782263 -0.464710 0.740222 0.006838 -0.672328 0.529115 -0.622910 0.576212
-2.610817 -11.164099 39.085153 124.446179 -0.358887 -0.822519 -0.441205 0.791170 -0.017274 -0.611353 0.495228 -0.568475 0.656952
-1.450641 -9.423434 -35.173322 51.510097 0.436707 0.792441 0.425822 0.643225 0.055867 -0.763636 0.628926 -0.607385 0.485320
-2.659845 -9.319101 -37.206138 85.012669 0.374874 0.825755 0.421425 0.677350 0.066411 -0.732657 0.632982 -0.560106 0.534429
0.427474 -12.144580 5.537642 17.859518 -0.510953 -0.688389 -0.514828 -0.424746 0.722872 -0.545020 0.747341 -0.059808 -0.661744
0.607940 -12.266284 3.944815 -19.734293 0.485457 0.715199 0.502814 -0.573787 0.694574 -0.433976 0.659620 0.077832 -0.747558
0.428729 -11.889802 12.626292 -20.287194 0.483313 0.714577 0.505755 -0.524246 0.698913 -0.486505 0.701124 0.030006 -0.712408
0.297562 -11.533742 -6.571358 25.589358 -0.506365 -0.683854 -0.525298 -0.370927 0.722666 -0.583238 0.778465 -0.100485 -0.619593
0.105152 -11.102583 22.704422 29.424795 -0.519898 -0.694442 -0.497450 -0.422781 0.715194 -0.556554 0.742268 -0.079039 -0.665425
53.190488 -5.513709 2130.384549 155.345840 0.144242 0.977110 0.156364 -0.894729 0.061288 0.442384 -0.422675 0.203714 -0.883089
1050.792592 -239.208208 -68698.046599 14593.131665 0.031371 0.708320 -0.705194 0.976746 -0.171440 -0.128749 -0.212094 -0.684756 -0.697227
658.912813 -71.812845 -31576.383001 4559.429656 0.739358 -0.650924 0.172189 0.588319 0.500170 -0.635383 -0.327462 -0.571077 -0.752755
57.416778 -6.888426 -2426.461940 -136.061152 -0.618211 -0.381103 -0.687441 0.714773 0.091250 -0.693378 0.326978 -0.920018 0.215990
332.865351 -18.709273 -15997.638724 -345.892633 -0.518616 -0.111831 -0.847662 0.801731 0.280886 -0.527571 0.297095 -0.953204 -0.056013
-0.729209 -18.705377 3.250955 -134.071714 0.663099 0.747077 0.046651 0.679417 -0.626859 0.381366 -0.314154 0.221188 0.923246
-0.823753 -18.521437 7.617750 -168.367349 0.678385 0.733767 0.037163 0.621727 -0.600282 0.503107 -0.391471 0.318195 0.863425
-0.829373 -16.721982 -11.496187 -121.778291 0.656178 0.751709 0.066058 0.599659 -0.572580 0.559071 -0.458082 0.327238 0.826484
1.783504 -5.601996 103.083399 21.016006 0.330020 0.866890 0.373614 0.746016 0.002996 -0.665921 0.578400 -0.498490 0.645726
1.235364 -5.666052 79.309042 14.106145 0.360567 0.862675 0.354660 0.779379 -0.069768 -0.622656 0.512405 -0.500924 0.697507
0.025371 -5.485499 78.500629 13.808152 0.365541 0.867269 0.337969 0.724659 -0.037286 -0.688098 0.584165 -0.496441 0.642105
1.604755 -5.491428 108.143494 -5.234049 0.309542 0.864789 0.395378 0.720723 0.057858 -0.690804 0.620276 -0.498791 0.605364
-1.101620 -5.506063 45.213110 16.530772 0.461857 0.850122 0.252945 0.686876 -0.162390 -0.708401 0.561151 -0.500921 0.658929
-1.099197 -5.247396 52.559518 1.109664 0.397812 0.863636 0.309643 0.677410 -0.048875 -0.733980 0.618758 -0.501742 0.604478
-1.052525 -5.120306 35.035487 -61.944394 0.232417 0.905111 -0.356028 0.005428 -0.367253 -0.930105 0.972601 -0.214240 0.090269
-0.954950 -5.956388 41.048191 -66.114059 0.225392 0.880501 -0.417032 -0.109026 -0.402563 -0.908876 0.968149 -0.250321 -0.005264
-0.584857 -5.404809 11.555239 -42.275091 0.220832 0.868797 -0.443199 -0.098918 -0.432124 -0.896373 0.970283 -0.241788 0.009488
-1.745521 -5.784699 51.801567 -72.177466 0.249955 0.926413 -0.281570 0.012267 -0.293807 -0.955786 0.968180 -0.235450 0.084803
-0.716386 -4.761196 9.619507 -39.246205 0.227276 0.886813 -0.402378 0.014914 -0.416312 -0.909099 0.973716 -0.200615 0.107844
-17.900430 -377.785534 191.909320 20391.097461 0.933932 0.265850 -0.238946 0.331581 -0.394647 0.856918 -0.133512 0.879532 0.456724
-5.457918 -91.048535 45.923431 2539.800864 0.960931 0.210125 -0.180162 0.172060 0.056381 0.983472 -0.216810 0.976047 -0.018024
-18.222281 -123.295300 185.079158 -717.103793 0.946999 0.283556 -0.150959 0.096765 0.196301 0.975757 -0.306316 0.938649 -0.158459
-4.089758 -103.955970 -138.812241 1329.150021 0.942751 0.307085 -0.130070 0.172319 -0.114627 0.978349 -0.285527 0.944753 0.160982
-0.271556 -13.272081 -62.109445 1003.402877 0.202870 0.970368 0.131259 -0.789681 0.082866 0.607896 -0.579006 0.226976 -0.783093
1.272928 -6.237665 196.889413 279.190614 -0.427682 0.821982 0.376076 -0.752357 -0.554310 0.355948 -0.501046 0.130711 -0.855493
-2.951614 -36.851739 -127.982651 2365.221436 0.306437 0.945981 0.105908 -0.818451 0.205034 0.536748 -0.486039 0.251160 -0.837069
1.911529 -12.982860 -2.422618 -114.530735 -0.472585 -0.809357 -0.348717 0.863658 -0.346589 -0.366020 0.175380 -0.474148 0.862801
1.607733 -13.390921 1.524345 -39.562986 -0.462593 -0.806528 -0.368132 0.810643 -0.216657 -0.543984 0.358980 -0.550066 0.754029
1.858791 -12.774235 1.014083 -57.860459 -0.455620 -0.799998 -0.390403 0.872554 -0.314531 -0.373790 0.176237 -0.510954 0.841348
2.135348 -12.358741 -0.170208 -65.619091 -0.472143 -0.795523 -0.379769 0.881459 -0.420921 -0.214139 0.010500 -0.435855 0.899956
2.191136 -11.723824 -5.344683 -88.305543 -0.470173 -0.810776 -0.348682 0.882476 -0.425998 -0.199402 0.013133 -0.401457 0.915784
2.348902 -2.465994 78.180783 -29.637914 -0.153301 -0.821270 -0.549558 0.949105 -0.277211 0.149513 -0.275134 -0.498668 0.821968
2.410053 -2.215112 63.929131 -0.799369 -0.075479 -0.850726 -0.520162 0.951341 -0.217727 0.218048 -0.298752 -0.478393 0.825765
3.104810 -2.599025 21.042699 -16.865874 -0.096645 -0.870216 -0.483098 0.956556 -0.215343 0.196542 -0.275066 -0.443115 0.853222
3.237623 -2.980400 12.281030 -37.774908 -0.151048 -0.861292 -0.485139 0.958360 -0.247906 0.141734 -0.242344 -0.443529 0.862874
3.250950 -2.979465 -24.634742 -25.627692 -0.088015 -0.901765 -0.423170 0.958546 -0.192249 0.210311 -0.271005 -0.387117 0.881304
-1.212572 -8.388421 21.796063 53.062484 0.102689 0.851756 -0.513777 0.539591 -0.481608 -0.690576 0.835641 0.206315 0.509056
-0.572013 -10.051726 17.460618 85.972586 0.121224 0.862155 -0.491929 0.672793 -0.435745 -0.597893 0.729832 0.258488 0.632874
-1.172993 -9.074163 29.344371 67.202300 0.149091 0.836979 -0.526535 0.582574 -0.504608 -0.637165 0.798987 0.211750 0.562834
-1.424916 -7.940900 15.852715 9.117634 0.166299 0.815678 -0.554088 0.489206 -0.556131 -0.671860 0.856167 0.159333 0.491519
-0.946183 -3.744385 30.566464 -28.975010 0.489768 0.857059 0.159931 0.213589 0.059900 -0.975085 0.845285 -0.511725 0.153722
-1.294658 -4.389671 14.209926 -25.052839 0.510559 0.856434 0.076486 0.094759 0.032368 -0.994974 0.854605 -0.515241 0.064629
-0.806369 -3.757266 45.752798 -29.687270 0.457421 0.861665 0.219772 0.225832 0.126479 -0.965921 0.860097 -0.491464 0.136737
-0.333874 -3.118664 48.423559 -28.143178 0.438950 0.849380 0.293048 0.317984 0.158191 -0.934806 0.840363 -0.503517 0.200651
-0.743201 -3.012331 38.299117 -48.008675 0.470923 0.850679 0.233616 0.327179 0.077513 -0.941778 0.819259 -0.519939 0.241822
-0.815019 -14.626926 -36.476054 7.259965 0.367577 0.797707 0.478071 0.818487 -0.033418 -0.573553 -0.441551 0.602119 -0.665196
-1.521674 -14.421419 -29.867339 18.940669 0.357900 0.791684 0.495120 0.837614 -0.037852 -0.544949 -0.412686 0.609757 -0.676673
-1.124600 -13.886801 -43.062797 30.606478 0.382948 0.795409 0.469761 0.895653 -0.195190 -0.399634 -0.226180 0.573782 -0.787158
-0.358131 -14.642949 -51.554041 8.017289 0.369989 0.812187 0.451066 0.885805 -0.162019 -0.434855 -0.280102 0.560448 -0.779385
-0.507650 -13.937560 -67.105141 20.715845 0.387521 0.809937 0.440260 0.914680 -0.278325 -0.293079 -0.114840 0.516272 -0.848690
-1.861952 -13.373054 -43.003997 37.785699 0.401078 0.783553 0.474533 0.915120 -0.319460 -0.245969 -0.041135 0.532908 -0.845173
-1.228070 -13.578727 -76.802045 29.998692 0.401242 0.797347 0.450824 0.915178 -0.328491 -0.233543 -0.038124 0.506292 -0.861519
1.242401 -5.178764 -10.945612 -24.661727 0.474817 0.732834 0.487343 -0.123153 0.603623 -0.787701 0.871425 -0.313996 -0.376861
1.006288 -5.550885 2.659915 -12.989862 0.444392 0.774092 0.450886 -0.228359 0.584574 -0.778541 0.866238 -0.243013 -0.436550
0.823014 -5.574334 -10.989309 -23.293430 0.482588 0.734776 0.476669 -0.218057 0.627897 -0.747126 0.848269 -0.256613 -0.463239
-1.496624 -6.356445 -8.121339 246.968034 0.819934 -0.309001 -0.481898 -0.195316 0.640289 -0.742888 -0.538107 -0.703242 -0.464642
-1.886683 -5.779694 -0.076905 236.393479 0.798794 -0.178318 -0.574570 -0.304839 0.703404 -0.642103 -0.518653 -0.688059 -0.507517
-1.828121 -23.496452 -4.143162 1131.869392 0.719416 -0.105724 -0.686486 -0.443774 0.690353 -0.571381 -0.534327 -0.715706 -0.449733
-0.916230 -75.888943 -168.885341 3170.815380 0.814517 -0.341760 -0.468787 -0.214669 0.573152 -0.790831 -0.538961 -0.744780 -0.393477
-4.088203 -14.210860 -220.527483 640.436291 0.684759 -0.675858 0.272621 0.487234 0.146383 -0.860915 -0.541949 -0.722349 -0.429538
1.189728 -2.881583 22.869971 52.983749 -0.436339 -0.666840 -0.604097 0.806503 -0.587532 0.066019 -0.398950 -0.458400 0.794172
1.326127 -1.879295 11.513988 51.733211 -0.411169 -0.693764 -0.591297 0.839954 -0.540357 0.049919 -0.354143 -0.476137 0.804908
0.962108 -2.057031 29.878151 46.854455 -0.416762 -0.663169 -0.621705 0.831435 -0.554569 0.034201 -0.367459 -0.502653 0.782505
0.680941 -3.240492 32.128870 55.646102 -0.464144 -0.625675 -0.626978 0.780747 -0.623294 0.044021 -0.418334 -0.469079 0.777793
0.875210 -4.056723 -36.229626 60.253238 0.445795 0.646234 0.619394 0.771354 -0.628422 0.100488 -0.454180 -0.432975 0.778623
1.192352 -3.837709 -6.544131 58.043379 0.429748 0.686377 0.586688 0.793356 -0.597283 0.117641 -0.431164 -0.414897 0.801223
-4.628439 -6.941443 8.844981 -12.237783 0.695891 0.405316 -0.592836 0.609013 0.104402 0.786259 -0.380576 0.908196 0.174191
-5.031914 -7.137391 7.988487 7.694111 0.754182 0.428166 -0.497878 0.569161 -0.048072 0.820820 -0.327513 0.902421 0.279950
-4.520397 -7.096665 -4.606668 -17.259001 -0.668349 -0.352624 0.654956 0.677798 0.074023 0.731512 -0.306431 0.932833 0.189534
-5.049103 -7.288614 -23.266459 -13.839238 0.700163 0.403724 -0.588879 0.660549 -0.053213 0.748895 -0.271011 0.913332 0.303937
-4.524065 -7.273806 11.954198 -16.233783 0.695517 0.330086 -0.638200 0.690853 -0.063159 0.720232 -0.197431 0.941835 0.271969
-7.049289 -7.398927 35.529665 -10.215361 -0.603565 0.480135 0.636537 0.734083 0.023054 0.678668 0.311178 0.876892 -0.366374
-6.705899 -7.400376 -52.017114 -2.632730 0.875988 -0.313340 -0.366693 0.440764 0.211268 0.872406 0.195890 0.925842 -0.323177
-7.103159 -7.378889 -52.479064 26.958034 0.887915 -0.382763 -0.255144 0.312470 0.094805 0.945185 0.337593 0.918969 -0.203781
-6.703437 -7.151504 -42.165024 -20.855436 0.746391 -0.434552 -0.504048 0.636889 0.246694 0.730420 0.193060 0.866202 -0.460892
-7.254916 -7.450869 -5.208836 -20.747918 0.114066 0.268165 0.956596 0.878512 -0.476845 0.028920 0.463903 0.837082 -0.289978
-6.929956 -7.366865 -40.576890 -20.019334 -0.128284 0.572170 0.810040 0.938729 -0.193406 0.285276 0.319894 0.797004 -0.512302
-7.248919 -7.519593 -53.256960 2.153205 0.011780 0.490539 0.871340 0.897486 -0.389401 0.207088 0.440885 0.779576 -0.444839
-0.501004 -1.099565 -37.231208 11.506813 0.109692 0.242320 0.963976 0.418284 0.868519 -0.265921 -0.901669 0.432385 -0.006089
-0.652584 -1.355604 23.789068 1.098245 -0.274416 -0.576226 0.769843 0.368473 0.676461 0.637675 -0.888214 0.458655 0.026692
-0.924966 -1.177891 36.238186 -41.151310 -0.288036 -0.585480 0.757792 0.341361 0.676570 0.652477 -0.894711 0.446617 0.004984
-0.110208 -1.440567 -94.681194 -29.435512 0.277672 0.622022 0.732111 0.335414 0.651349 -0.680619 -0.900220 0.434550 -0.027774
0.891028 -1.354528 -101.009871 -1.108447 0.200776 0.473867 0.857403 0.369901 0.773763 -0.514260 -0.907117 0.420406 -0.019931
0.687414 -1.468232 -92.925944 20.844635 0.150325 0.375454 0.914569 0.379403 0.832340 -0.404058 -0.912938 0.407731 -0.017327
-3.294986 -6.107082 52.765281 -17.184358 0.517504 0.625781 0.583598 0.836068 -0.224603 -0.500544 -0.182153 0.746961 -0.639429
-3.387932 -6.216122 -14.183317 -14.325565 0.523070 0.669854 0.526967 0.835557 -0.281117 -0.472036 -0.168056 0.687219 -0.706744
-2.985838 -6.057184 -32.057588 -15.157815 0.511283 0.694108 0.506757 0.814630 -0.203565 -0.543082 -0.273800 0.690489 -0.669521
-3.262488 -5.841586 31.230330 -8.752860 0.486101 0.648784 0.585478 0.826158 -0.122752 -0.549904 -0.284901 0.751007 -0.595668
0.507321 -7.081638 12.348467 -40.960370 0.653705 0.616000 0.439562 0.400106 0.211687 -0.891686 0.642328 -0.758771 0.108084
0.095112 -7.258561 41.697050 -34.910673 0.609416 0.629059 0.482595 0.414432 0.266168 -0.870288 0.675914 -0.730369 0.098495
0.650657 -6.860593 42.091764 4.296076 0.631332 0.637296 0.441898 0.283826 0.340404 -0.896419 0.721708 -0.691361 -0.034026
0.763008 -7.194805 42.324075 29.147449 0.622486 0.653586 0.430507 0.147492 0.442252 -0.884680 0.768607 -0.614198 -0.178898
1.250718 -6.923410 66.858331 61.215197 0.624969 0.659586 0.417564 0.168259 0.408507 -0.897113 0.762301 -0.630926 -0.144323
0.314199 -5.808456 -2.453428 -47.104808 0.454682 0.814254 0.360908 0.832856 -0.245108 -0.496259 -0.315620 0.526224 -0.789603
0.293992 -5.502032 2.654262 -31.969266 0.445583 0.818321 0.363052 0.840734 -0.243156 -0.483779 -0.307608 0.520794 -0.796336
0.182960 -6.292967 4.841577 -62.293682 0.495058 0.796978 0.346041 0.832120 -0.320309 -0.452746 -0.249989 0.512082 -0.821753
0.158766 -6.802150 -1.724065 -36.982042 0.539189 0.777531 0.323607 0.825864 -0.412869 -0.384042 -0.164997 0.474326 -0.864749
0.284295 -6.714135 -6.874788 -73.839134 0.503226 0.795514 0.337523 0.824783 -0.325595 -0.462299 -0.257870 0.511024 -0.819974
-4.006086 -18.544182 -13.239311 -120.105615 0.155908 0.644644 0.748417 -0.027221 0.760198 -0.649121 -0.987396 0.080830 0.136069
-4.594500 -18.068583 -12.979978 -19.303218 0.198100 0.669529 0.715882 -0.034911 0.734713 -0.677480 -0.979560 0.109217 0.168921
-4.128689 -16.632229 21.199680 111.584378 0.217794 0.694045 0.686198 -0.118991 -0.678948 0.724479 -0.968714 0.239438 0.065286
-3.439492 -15.805629 -27.767322 133.280292 0.115540 0.633793 0.764825 0.256983 0.724693 -0.639358 -0.959484 0.270418 -0.079143
-3.468827 -14.032713 6.274881 -252.796311 0.192843 0.675388 0.711803 -0.402717 -0.607030 0.685080 -0.894780 0.418768 -0.154928
0.140225 -11.780991 -0.354862 -252.383281 -0.254595 -0.667248 -0.699972 0.902279 -0.424344 0.076327 -0.347958 -0.612137 0.710080
0.133757 -15.321261 1.822380 -257.470832 -0.274562 -0.658993 -0.700246 0.954686 -0.273800 -0.116656 -0.114852 -0.700544 0.704306
0.026618 -12.796071 11.369284 -205.390968 -0.267252 -0.658466 -0.703561 0.930950 -0.364947 -0.012071 -0.248814 -0.658207 0.710532
-0.024322 -9.420452 7.346080 -145.951251 -0.238291 -0.680556 -0.692864 0.868087 -0.469146 0.162257 -0.435479 -0.562802 0.702575
-0.184888 -11.018467 25.878488 -214.836352 -0.257120 -0.654753 -0.710765 0.905648 -0.419881 0.059174 -0.337181 -0.628488 0.700936
1.041165 -1.523279 -65.569640 -14.708774 -0.220896 0.455440 -0.862427 0.052713 0.888553 0.455735 0.973872 0.055209 -0.220286
3.214355 -1.267660 -101.626630 -15.260333 -0.235508 0.598794 -0.765495 0.108307 0.798914 0.591614 0.965819 0.056421 -0.253004
1.764230 -1.358964 -82.878692 -2.750226 -0.209294 0.533912 -0.819228 0.098349 0.845028 0.525600 0.972894 0.029435 -0.229369
2.029612 -1.547683 -84.200968 -18.536851 -0.234123 0.528358 -0.816103 0.058682 0.845583 0.530609 0.970434 0.076337 -0.228976
0.588352 -1.812402 -54.053125 -22.206255 -0.226598 0.376521 -0.898268 0.009967 0.923106 0.384418 0.973937 0.078156 -0.212927
-0.327627 -7.166885 -4.715687 39.400100 -0.467397 -0.711096 -0.525245 0.871319 -0.471003 -0.137695 -0.149477 -0.522015 0.839736
-0.303535 -8.433878 -7.818572 113.271253 -0.431888 -0.733503 -0.524829 0.874790 -0.482336 -0.045760 -0.219579 -0.478879 0.849977
-0.458953 -8.448091 -6.075231 114.643304 -0.426747 -0.734505 -0.527627 0.880001 -0.471777 -0.054992 -0.208530 -0.487780 0.847694
-0.567315 -7.841548 -1.672635 68.501879 -0.448637 -0.717738 -0.532520 0.879370 -0.460842 -0.119722 -0.159479 -0.521994 0.837908
-1.074013 -6.301727 -26.349427 -29.824188 0.704869 0.601760 0.375559 -0.537945 0.108381 0.835984 -0.462359 0.791289 -0.400108
-1.449246 -6.308708 -20.528960 -23.070398 0.718217 0.588283 0.371603 -0.526404 0.110125 0.843072 -0.455042 0.801122 -0.388768
-1.262331 -5.947764 -25.614563 -15.939667 0.707090 0.595784 0.380873 -0.574454 0.169896 0.800711 -0.412342 0.784969 -0.462383
0.071736 -13.803431 -9.133528 -31.592017 0.300473 0.838982 0.453680 -0.792755 0.484161 -0.370308 0.530336 0.248390 -0.810584
0.126478 -12.721614 -11.998403 -68.350185 0.327209 0.822599 0.465043 -0.650907 0.552968 -0.520141 0.685022 0.132505 -0.716371
0.355460 -14.098017 -14.871194 -76.890764 0.308048 0.831442 0.462396 -0.661193 0.536568 -0.524326 0.684054 0.144215 -0.715033
0.369074 -15.389927 -11.180995 -78.168802 0.281419 0.846819 0.451333 -0.746539 0.488720 -0.451478 0.602895 0.209883 -0.769719
0.174661 -14.788502 -19.647217 -17.724152 0.280257 0.853489 0.439332 -0.834148 0.443017 -0.328532 0.475030 0.274394 -0.836095
0.989076 -4.851304 -64.666756 41.689130 0.580980 0.712099 0.394180 0.103317 -0.544904 0.832109 -0.807334 0.442713 0.390151
0.591729 -4.217082 -48.349471 49.355994 0.586028 0.659401 0.470915 0.069127 -0.619734 0.781761 -0.807337 0.425581 0.408764
0.306466 -5.377807 -62.157775 81.587205 0.569446 0.717993 0.400270 0.069970 -0.527499 0.846669 -0.819045 0.454126 0.350621
0.940677 -5.738055 -29.191765 46.685983 0.597447 0.721035 0.350950 0.081283 -0.489840 0.868015 -0.797778 0.490066 0.351262
1.382807 -4.508537 -8.169860 41.754807 0.613558 0.693566 0.377508 0.124938 -0.557314 0.820848 -0.779703 0.456473 0.428597
-1.233464 -15.494821 -4.853645 10.616836 0.612676 0.640806 0.462596 0.788366 -0.454249 -0.414893 -0.055732 0.618890 -0.783498
-1.264861 -14.730426 11.435959 12.289501 0.608132 0.619935 0.495839 0.793814 -0.479478 -0.374112 0.005819 0.621114 -0.783699
-1.362515 -15.041236 6.808988 -36.273338 0.638615 0.611791 0.466779 0.761166 -0.591369 -0.266289 0.113125 0.525352 -0.843332
-1.265349 -15.961545 -12.714265 -20.339596 0.640657 0.635322 0.431189 0.766211 -0.565395 -0.305367 0.049786 0.526018 -0.849015
-1.318252 -15.649709 -7.238326 6.745112 0.662934 0.613987 0.428413 0.718345 -0.682873 -0.132909 0.210948 0.395858 -0.893755
-1.241502 -14.702862 7.376660 16.808589 0.667368 0.588518 0.456363 0.688932 -0.720596 -0.078198 0.282832 0.366590 -0.886351
4.100830 -6.318102 22.040189 3.203441 0.494375 0.630232 0.598666 0.809776 -0.083543 -0.580761 -0.316000 0.771899 -0.551649
3.870104 -6.280415 -103.285575 0.288669 0.442108 0.723629 0.530002 0.815393 -0.078039 -0.573623 -0.373730 0.685763 -0.624544
4.217004 -6.309224 -0.386538 4.556755 0.472520 0.663714 0.579835 0.847350 -0.161234 -0.505966 -0.242328 0.730402 -0.638584
4.365170 -6.181961 -6.748302 -11.474484 0.464270 0.670165 0.579079 0.771323 0.015431 -0.636257 -0.435333 0.742052 -0.509749
-2.354303 -8.998240 -15.863765 -1.127641 -0.688254 -0.309777 -0.656007 -0.430578 0.902187 0.025716 0.583875 0.300161 -0.754317
-1.008249 -8.667119 -23.654188 -120.399094 -0.694426 -0.304609 -0.651910 -0.300569 0.945947 -0.121828 0.653782 0.111343 -0.748446
-1.558061 -10.282755 43.122960 17.590908 -0.635872 -0.503841 -0.584646 -0.534816 0.833806 -0.136889 0.556452 0.225634 -0.799657
0.248466 -9.805334 12.860287 -84.696518 -0.622618 -0.497324 -0.604166 -0.403674 0.865536 -0.296470 0.670369 0.059298 -0.739655
-6.334759 -112.803784 65.444998 -5333.457223 0.837694 0.520445 -0.165549 -0.369682 0.763478 0.529562 0.402001 -0.382410 0.831960
-12.270532 -212.257759 186.037563 -11444.853394 0.829478 0.540703 -0.140022 -0.489751 0.824623 0.283091 0.268534 -0.166242 0.948817
-7.242149 -65.462716 -23.255118 2575.379909 0.920411 0.359815 -0.152897 0.138396 -0.665635 -0.733332 0.365637 -0.653806 0.662455
-6.152025 -77.228867 32.255841 1071.138309 0.838883 0.513138 -0.181563 -0.525719 0.850262 -0.025971 0.141049 0.117238 0.983036
-6.054390 -51.808006 1.567839 2008.439062 0.881402 0.422117 -0.212010 0.061622 -0.547738 -0.834377 0.468331 -0.722357 0.508789
3.689998 -460.736195 1488.225214 25847.096810 0.818869 0.536946 -0.202835 0.140084 -0.529654 -0.836566 0.556623 -0.656625 0.508935
-2.766374 -46.949182 177.303674 -1110.770271 0.788674 0.534985 -0.302957 -0.310330 0.771787 0.555014 0.530743 -0.343708 0.774711
-3.978847 -54.606524 122.624610 -379.664206 0.807793 0.536270 -0.244715 -0.495465 0.842612 0.210998 0.319351 -0.049195 0.946359
-3.154056 -14.886904 -153.050818 475.961054 0.302224 0.290741 0.907816 0.593266 0.688058 -0.417866 -0.746121 0.664865 0.035460
3.477714 -35.668386 -377.868599 1290.985053 0.274343 0.201580 0.940267 0.415282 0.857071 -0.304912 -0.867339 0.474126 0.151419
-7.829247 -112.261288 -437.409771 4620.074176 0.154176 0.068383 0.985674 0.613748 0.775165 -0.149779 -0.774302 0.628048 0.077542
0.732184 -14.282967 32.451036 112.421632 0.425339 0.715837 0.553772 0.904513 -0.315477 -0.286931 -0.030694 0.622937 -0.781669
0.845778 -14.628770 20.630961 -18.447596 0.427081 0.721719 0.544723 0.860084 -0.138346 -0.491036 -0.279030 0.678220 -0.679824
0.893019 -14.654649 48.045086 24.925380 0.411958 0.715599 0.564100 0.885246 -0.167598 -0.433879 -0.215942 0.678107 -0.702524
1.021130 -14.256407 37.533506 -100.363777 0.416084 0.716189 0.560311 0.806070 -0.005310 -0.591796 -0.420863 0.697887 -0.579507
0.727818 -13.476845 17.243426 87.752048 0.419347 0.733987 0.534239 0.907672 -0.349843 -0.231824 0.016744 0.582128 -0.812925
1.313646 -13.783710 3.278568 -64.306499 0.370731 0.752515 0.544316 0.822352 0.006397 -0.568944 -0.431621 0.658544 -0.616460
1.020929 -13.937124 -0.084711 60.815449 0.387297 0.756762 0.526605 0.906666 -0.209040 -0.366415 -0.167207 0.619366 -0.767090
2.970173 -2.705624 2.209882 21.154774 0.276406 0.381455 0.882095 0.274671 0.848212 -0.452871 -0.920954 0.367462 0.129677
2.539386 -2.722519 -54.648020 18.673141 0.216993 0.433032 0.874870 0.260819 0.837923 -0.479436 -0.940685 0.332217 0.068881
3.071186 -2.419845 -16.159331 19.767934 0.254947 0.386637 0.886292 0.309237 0.835844 -0.453583 -0.916174 0.389714 0.093533
3.054277 -2.485951 31.277963 14.392491 0.333436 0.308182 0.890979 0.314629 0.854507 -0.413312 -0.888723 0.418141 0.187960
2.873613 -2.710980 18.324918 14.207396 0.318218 0.358876 0.877465 0.245498 0.862811 -0.441914 -0.915679 0.356041 0.186459
-1.237270 -7.302922 76.920955 28.880584 0.705978 -0.154476 0.691181 0.532222 0.759588 -0.373852 0.467262 -0.631793 -0.618468
-2.468740 -7.135994 -1.196793 -27.444395 0.811607 -0.068821 0.580136 0.428952 0.744354 -0.511798 0.396604 -0.664229 -0.633644
-2.792327 -7.272210 17.637158 -19.651518 0.815033 -0.037617 0.578192 0.362374 0.811740 -0.458000 0.452113 -0.582807 -0.675226
0.534978 -5.619648 -16.291869 21.899459 -0.558999 -0.660084 -0.501806 0.825259 -0.501610 -0.259490 -0.080426 -0.559175 0.825140
0.772352 -5.450326 -26.316901 13.503785 -0.594109 -0.643571 -0.482546 0.804142 -0.460453 -0.375951 0.019761 -0.611391 0.791082
1.057563 -5.297700 -23.815267 19.926857 -0.611697 -0.623489 -0.486917 0.790850 -0.497176 -0.356892 -0.019565 -0.603388 0.797208
-2.246491 -9.604538 -55.541805 542.138790 0.941680 -0.244786 -0.230909 0.336333 0.706937 0.622190 -0.010934 0.663566 -0.748038
-0.168319 -4.632261 46.175332 -104.690737 0.776548 0.526065 0.346740 -0.624328 0.568428 0.535821 -0.084780 0.632570 -0.769849
-0.448845 -4.615368 89.367566 -50.824226 0.303764 0.777862 0.550144 0.952689 -0.241619 -0.184400 -0.010512 0.580130 -0.814456
2.841804 -9.301962 -24.449311 208.435109 0.891690 -0.200394 -0.405870 -0.308508 0.387077 -0.868904 -0.331226 -0.900007 -0.283330
2.328752 -7.397630 3.257170 196.217568 0.891254 -0.109824 -0.440005 -0.351835 0.444732 -0.823666 -0.286142 -0.888905 -0.357730
1.985027 -7.618374 9.781415 -26.393173 0.919337 -0.218218 -0.327415 -0.198552 0.461122 -0.864838 -0.339702 -0.860086 -0.380599
1.873468 -16.899117 19.671073 -634.373807 0.930248 -0.314635 -0.188796 -0.022268 0.465170 -0.884941 -0.366256 -0.827419 -0.425717
2.256701 -8.926171 -3.234154 12.394657 0.911833 -0.272396 -0.307182 -0.167058 0.437295 -0.883666 -0.375036 -0.857073 -0.353234
1.005485 -3.188894 -0.381233 -74.316563 0.512167 0.372890 0.773717 0.215092 0.816446 -0.535865 -0.831517 0.440873 0.337951
0.378712 -4.343916 12.696901 -90.947922 0.556870 0.445707 0.700886 0.205528 0.743647 -0.636197 -0.804770 0.498331 0.322509
0.531987 -3.955064 34.961795 -82.541215 0.580426 0.450956 0.678045 0.149943 0.759235 -0.633309 -0.800389 0.469256 0.373062
1.341228 -6.641351 3.079697 -16.001647 -0.644238 -0.601711 -0.472124 0.674447 -0.155854 -0.721686 0.360664 -0.783360 0.506229
1.218298 -7.265174 -5.097221 -31.142438 0.651628 0.615538 0.443276 0.629465 -0.112719 -0.768809 0.423265 -0.780005 0.460911
1.237098 -7.102221 -9.090896 -40.177096 0.649166 0.598766 0.469109 0.639258 -0.095228 -0.763074 0.412230 -0.795243 0.444584
1.170033 -6.787841 0.982994 -22.444040 -0.637402 -0.592592 -0.492497 0.681654 -0.135654 -0.718989 0.359258 -0.793998 0.490409
-5.149608 -8.951223 -23.753236 62.764565 -0.677666 -0.696859 -0.234854 0.722267 -0.690754 -0.034482 -0.138198 -0.192994 0.971419
-4.502281 -7.824563 -40.604584 69.105930 0.815059 0.559257 0.151364 0.577845 -0.803661 -0.142208 -0.042115 -0.203373 0.978195
6.158186 -6.561766 -16.902534 -59.821292 0.604357 0.671038 0.429488 0.316667 0.292344 -0.902362 0.731078 -0.681354 0.035816
5.069532 -6.458401 -74.487914 -34.393414 0.685972 0.605109 0.404085 0.323484 0.243832 -0.914278 0.651767 -0.757884 0.028481
5.556950 -5.986036 -7.326414 33.465516 0.607287 0.664055 0.436158 0.363024 0.256387 -0.895812 0.706693 -0.702351 0.085367
6.351457 -6.979801 -5.866247 -79.422640 0.523745 0.722055 0.452027 0.329363 0.317723 -0.889141 0.785628 -0.614564 0.071412
5.829897 -6.265803 -8.541516 32.616805 0.526959 0.706714 0.472091 0.380212 0.300758 -0.874633 0.760101 -0.640390 0.110214
-1.449223 -9.938910 -23.829890 -59.522463 -0.420370 -0.801542 -0.425229 0.751285 -0.044690 -0.658463 0.508782 -0.596266 0.620973
-2.398780 -10.517028 -243.375572 -425.720311 -0.323560 -0.863438 -0.387020 0.881731 -0.126733 -0.454412 0.343308 -0.488277 0.802325
-5.978098 -14.969503 608.950240 639.222501 0.049076 0.878437 0.475331 0.680160 0.319113 -0.659962 0.731419 -0.355689 0.581817
-1.230994 -6.580841 72.182657 -6.862083 -0.139884 -0.742913 -0.654609 0.902613 0.176130 -0.392770 0.407090 -0.645801 0.645925
0.316523 -8.231816 -149.335627 146.039637 0.607086 0.740316 0.288753 0.557756 -0.138162 -0.818425 0.565999 -0.657908 0.496792
-0.510106 -6.600840 171.436769 55.855722 -0.426825 -0.751078 -0.503689 0.754054 0.011884 -0.656705 0.499223 -0.660107 0.561281
3.810681 -4.358256 -23.726119 18.399255 0.538253 0.436146 0.721152 -0.253867 0.899842 -0.354735 -0.803639 0.007860 0.595065
4.067138 -4.800646 -35.584546 11.792417 0.507668 0.480018 0.715441 -0.353832 0.873309 -0.334864 -0.785542 -0.083146 0.613196
2.671892 -4.860354 -87.011587 13.210126 0.479698 0.405884 0.777912 -0.240138 0.913457 -0.328526 -0.843933 -0.029213 0.535652
4.132447 -4.258932 24.960997 29.673436 0.570351 0.483966 0.663685 -0.315072 0.875087 -0.367359 -0.758571 0.000415 0.651591
3.464462 -4.207790 -44.621427 8.149437 0.521507 0.372453 0.767665 -0.172830 0.927159 -0.332425 -0.835560 0.040686 0.547891
3.710251 -3.605046 -2.221394 24.811795 0.571303 0.386668 0.723948 -0.166766 0.918357 -0.358901 -0.803618 0.084311 0.589143
3.605955 -3.711268 28.278540 36.284543 0.601245 0.453849 0.657667 -0.246735 0.888272 -0.387420 -0.760017 0.070665 0.646050
3.887916 -11.376660 145.911973 145.396247 -0.443253 0.896235 0.016984 0.409070 0.219102 -0.885808 0.797614 0.385690 0.463741
3.122125 -9.237720 122.613819 144.487503 -0.451688 0.889631 0.067345 0.233914 0.190931 -0.953326 0.860966 0.414852 0.294338
0.934354 -7.414960 63.038948 129.374493 -0.443536 0.895945 0.023603 0.184662 0.117123 -0.975798 0.877026 0.428444 0.217396
-0.303980 -7.717230 42.584417 125.695707 -0.426030 0.902743 -0.059609 0.260464 0.059289 -0.963661 0.866405 0.426074 0.260391
-0.612091 -7.156230 10.496154 -5.208526 0.266940 0.828252 0.492688 0.605540 -0.541866 0.582840 -0.749710 -0.142759 0.646185
-0.763480 -7.246311 -20.550891 1.498272 0.254102 0.807347 0.532563 0.586764 -0.566410 0.578695 -0.768856 -0.165442 0.617648
-0.431077 -6.869104 8.724717 -42.492081 0.250097 0.838759 0.483667 0.473168 -0.541707 0.694742 -0.844727 -0.055103 0.532353
-0.699563 -7.025869 19.128144 7.650535 0.266379 0.842199 0.468769 0.643538 -0.517464 0.563994 -0.717566 -0.151435 0.679828
-0.392979 -6.612131 21.049003 -32.971843 0.241437 0.865503 0.438876 0.534056 -0.496114 0.684584 -0.810242 -0.069101 0.582008
-2.028549 -4.732594 -10.384088 -8.107428 -0.358538 -0.747124 -0.559693 0.931326 -0.245236 -0.269243 0.063900 -0.617790 0.783742
-1.278512 -4.480164 20.884695 -22.708032 -0.352958 -0.743435 -0.568090 0.935028 -0.302215 -0.185442 -0.033821 -0.596633 0.801801
-0.164246 -9.736706 -21.454786 -51.430216 0.515256 0.688475 0.510405 -0.056659 0.621608 -0.781276 0.855161 -0.373639 -0.359296
-0.410327 -9.831693 -11.675536 -12.577655 0.505541 0.705914 0.496099 -0.187055 0.650981 -0.735686 0.842282 -0.279122 -0.461142
0.076526 -10.165334 -28.072107 5.405156 0.512454 0.702088 0.494431 -0.246061 0.671695 -0.698771 0.822706 -0.236428 -0.516969
0.048245 -9.136017 -24.766106 -69.890433 0.516107 0.675004 0.527260 0.076571 0.576755 -0.813320 0.853095 -0.460133 -0.245982
0.336246 -10.096661 -28.184094 -40.116430 0.514727 0.684866 0.515766 -0.075676 0.635524 -0.768364 0.854008 -0.356466 -0.378949
1.926704 -13.198691 -32.928989 62.983620 0.245355 0.755266 0.607761 -0.351663 0.653562 -0.670216 0.903401 0.049287 -0.425954
2.278652 -12.048767 -24.007688 177.270967 0.216068 0.762518 0.609821 -0.534347 0.615087 -0.579776 0.817183 0.200585 -0.540350
2.240380 -12.406791 28.826711 135.257317 0.161583 0.741812 0.650850 -0.519134 0.624783 -0.583220 0.839280 0.243640 -0.486054
0.223773 -17.463023 -27.548477 54.704247 0.308938 0.800669 0.513309 0.772488 0.103599 -0.626522 -0.554815 0.590082 -0.586502
0.322380 -16.112323 -23.636634 58.670928 0.324189 0.804796 0.497197 0.824066 0.017851 -0.566213 -0.464562 0.593283 -0.657418
1.652061 -6.320569 -7.383191 20.750492 0.013148 0.976380 0.215660 0.402922 -0.202566 0.892536 -0.915140 -0.075159 0.396068
2.028792 -7.008921 -15.975842 24.310642 -0.058844 0.974295 0.217454 0.339485 -0.185318 0.922175 -0.938769 -0.128087 0.319854
1.616848 -6.561129 -18.655271 38.019266 -0.108355 0.982267 0.153007 0.463759 -0.086193 0.881758 -0.879310 -0.166501 0.446196
0.811037 -3.817937 46.852676 24.529161 -0.461983 0.884459 0.065603 -0.115575 0.013300 -0.993210 0.879326 0.466428 -0.096077
0.705219 -2.522863 -5.935417 39.470177 -0.439610 0.897243 0.041204 -0.144217 -0.025232 -0.989224 0.886535 0.440815 -0.140490
1.791608 -3.490981 52.312708 45.841774 -0.398187 0.879929 0.259178 -0.173707 0.205100 -0.963203 0.900707 0.428556 -0.071182
0.607540 -3.248488 25.029667 11.244885 -0.480051 0.865345 -0.143974 -0.083574 -0.208489 -0.974447 0.873250 0.455752 -0.172406
0.165490 -4.283339 47.931048 3.774118 -0.480575 0.876008 -0.040721 -0.087768 -0.094247 -0.991672 0.872551 0.472999 -0.122178
-0.519475 -2.775375 53.211811 39.926669 0.916276 -0.130585 0.378663 0.157451 0.986687 -0.040728 -0.368303 0.096939 0.924638
0.463465 -2.529793 91.321112 30.944154 0.876581 -0.308181 0.369636 0.330542 0.943786 0.003002 -0.349782 0.119549 0.929172
0.553901 -2.021428 97.853879 13.899115 0.799494 -0.478090 0.363647 0.503393 0.863583 0.028630 -0.327727 0.160167 0.931097
-0.033619 -6.471759 11.581271 -41.999350 0.265697 0.725954 0.634347 -0.352460 -0.539298 0.764807 -0.897316 0.426789 -0.112580
-0.254372 -7.692038 5.273877 -84.472346 0.247634 0.707769 0.661620 -0.295532 -0.595163 0.747290 -0.922680 0.380584 -0.061786
-0.124525 -7.761198 12.163108 -106.530605 0.258186 0.706253 0.659201 -0.287685 -0.595177 0.750335 -0.922267 0.383369 -0.049512
0.225012 -6.804527 13.164595 -66.575913 0.277813 0.741409 0.610846 -0.314208 -0.530770 0.787119 -0.907796 0.410604 -0.085502
