17833
35652
-5.954830 -8.235998 103.480604 115.464198 -0.197151 0.975563 -0.096991 -0.263682 -0.148053 -0.953180 0.944247 0.162346 -0.286427
-5.387835 -8.690923 -11.919741 95.779081 -0.250127 0.953474 -0.168298 -0.158365 -0.211772 -0.964403 0.955174 0.214571 -0.203967
-7.834353 -10.637526 75.440577 191.200736 -0.097237 0.900398 0.424062 -0.212426 0.397487 -0.892681 0.972327 0.176884 -0.152617
-4.970993 -7.282262 -12.835303 82.968733 -0.315120 0.855017 -0.411881 -0.201459 -0.484366 -0.851354 0.927423 0.185302 -0.324884
-6.116571 -11.674861 -49.548835 402.322582 0.070216 0.814439 0.575985 -0.324799 0.564612 -0.758761 0.943173 0.133802 -0.304174
-5.077732 -7.216764 5.714452 128.491849 -0.069864 0.987753 0.139508 -0.407313 0.099415 -0.907862 0.910613 0.120251 -0.395379
0.213247 -3.423412 9.128392 45.487940 -0.215895 0.603643 0.767467 -0.537085 0.582996 -0.609636 0.815432 0.543812 -0.198341
-0.263527 -3.741932 -14.734294 -1.332978 -0.266456 0.671499 0.691441 -0.450121 0.547650 -0.705315 0.852286 0.499168 -0.156331
-0.363933 -3.336869 29.742172 30.212242 -0.226654 0.610946 0.758534 -0.490144 0.601451 -0.630884 0.841657 0.514783 -0.163130
0.386226 -2.916306 -2.748863 37.388953 0.119139 -0.499881 -0.857860 -0.575383 0.669381 -0.469962 0.809161 0.549589 -0.207873
-1.668800 -4.998635 13.649655 -50.260736 -0.558488 0.237576 0.794764 0.289250 0.953748 -0.081842 -0.777448 0.184178 -0.601376
-1.331921 -4.230107 34.730537 -42.232919 -0.591742 0.001308 0.806126 0.116234 0.989687 0.083716 -0.797703 0.143238 -0.585792
-1.983297 -4.858710 8.668165 -57.818377 -0.563625 0.148377 0.812595 0.258608 0.965978 0.002989 -0.784505 0.211829 -0.582820
-2.506399 -4.689898 -16.549152 -44.649192 -0.587801 -0.014415 0.808877 0.187152 0.970297 0.153293 -0.787060 0.241488 -0.567644
-2.660233 -5.444397 -6.423788 -45.668163 -0.524019 0.249708 0.814279 0.403352 0.914805 -0.020964 -0.750141 0.317456 -0.580095
-2.112713 -5.558565 2.384072 -53.823384 -0.520793 0.324036 0.789795 0.397246 0.910880 -0.111770 -0.755626 0.255533 -0.603102
1.362739 -4.651728 31.672780 -64.780436 0.373397 0.545275 0.750500 0.637637 0.436748 -0.634563 -0.673791 0.715490 -0.184607
0.655151 -3.287098 -31.528801 -66.457408 0.284957 0.492360 0.822424 0.634258 0.546453 -0.546905 -0.718691 0.677474 -0.156568
1.477087 -3.757861 56.619213 75.544395 0.433474 0.624762 0.649440 -0.568594 -0.369494 0.734966 -0.699143 0.687856 -0.195070
0.097538 -1.821637 31.813623 113.240767 0.442999 0.639804 0.628016 -0.508436 -0.397665 0.763777 -0.738407 0.657658 -0.149134
-0.732216 -6.850876 13.333897 134.025979 0.080240 0.994197 -0.071649 -0.967040 0.095071 0.236208 -0.241649 -0.050334 -0.969057
-0.687632 -6.464649 5.006479 -8.710354 0.084509 0.993100 -0.081307 -0.991503 0.091910 0.092052 -0.098890 -0.072837 -0.992429
-0.703956 -6.878709 5.712670 138.344178 0.082502 0.991477 -0.100828 -0.963708 0.105145 0.245379 -0.253890 -0.076925 -0.964169
-0.685294 -6.716106 -4.878354 47.325584 0.076454 0.992397 -0.096457 -0.952903 0.101199 0.285893 -0.293480 -0.070057 -0.953395
-0.689839 -6.708970 -13.361624 65.532222 0.067490 0.990980 -0.115775 -0.947179 0.100102 0.304681 -0.313522 -0.089096 -0.945392
-1.037984 -6.873821 5.723753 3.684339 0.130483 0.984106 -0.120452 -0.983432 0.143889 0.110261 -0.125841 -0.104069 -0.986577
-0.764530 -6.807963 10.867463 157.034004 0.091785 0.988882 -0.116996 -0.953498 0.121152 0.275977 -0.287083 -0.086225 -0.954017
-0.867315 -9.390539 -12.399988 -53.882552 0.248977 0.951305 -0.181741 0.964675 -0.226906 0.133846 0.086090 -0.208646 -0.974195
-0.820143 -8.817511 0.843807 -218.072376 0.265125 0.949150 -0.169772 0.955877 -0.235623 0.175443 0.126520 -0.208795 -0.969741
-0.624291 -9.277639 -5.138613 -237.115382 0.262747 0.947144 -0.184072 0.955103 -0.228244 0.188900 0.136903 -0.225441 -0.964590
-0.672682 -9.745083 -8.132629 -36.764999 0.242638 0.950649 -0.193374 0.965886 -0.218135 0.139574 0.090504 -0.220644 -0.971146
-0.591461 -9.586333 -2.039844 -218.025024 0.264134 0.944421 -0.195710 0.955613 -0.228799 0.185620 0.130525 -0.236051 -0.962935
-0.760879 -9.645158 -7.665222 83.331835 0.303568 0.936421 -0.175961 -0.910705 0.230871 -0.342512 0.280111 -0.264224 -0.922888
0.501934 -10.233500 -6.896263 24.392962 0.092930 0.992354 -0.081227 -0.611789 0.121274 0.781669 -0.785543 0.022947 -0.618381
0.564532 -10.060317 3.192874 20.256081 0.134048 0.986216 -0.097003 -0.711293 0.163911 0.683517 -0.689995 0.022627 -0.723460
0.752660 -11.017018 -33.508087 127.496342 0.087794 0.992564 -0.084318 -0.622563 0.120750 0.773198 -0.777630 0.015389 -0.628534
0.741145 -10.838678 -31.149820 -19.374108 0.065931 0.995796 -0.063594 -0.546912 0.089370 0.832406 -0.834590 0.020101 -0.550505
-2.150946 -12.116944 39.896187 -85.017302 0.309355 0.950926 -0.006320 -0.872744 0.286548 0.395231 -0.377646 0.116751 -0.918560
-1.927739 -11.230899 74.726329 -18.953051 0.312634 0.949619 0.021995 -0.929484 0.301069 0.213113 -0.195754 0.087070 -0.976780
-2.047892 -11.317137 43.498680 -56.616218 0.296895 0.954650 -0.022277 -0.903521 0.288390 0.316987 -0.309036 0.073984 -0.948168
-2.204118 -12.507048 29.905893 -75.328635 0.289703 0.956817 -0.023956 -0.828191 0.263147 0.494826 -0.479762 0.123513 -0.868662
-0.242050 -8.348396 -21.295070 -100.821145 0.303877 0.951666 0.044608 0.590724 -0.151475 -0.792528 0.747465 -0.267182 0.608202
-0.688262 -7.316541 -25.550967 -23.425713 0.332198 0.942942 0.022479 0.652352 -0.212480 -0.727523 0.681236 -0.256346 0.685715
-0.667330 -7.679260 15.928726 -58.387188 0.293959 0.954431 0.051476 0.651166 -0.160549 -0.741759 0.699693 -0.251566 0.668688
-0.268556 -9.550410 22.883464 -132.941208 0.274356 0.959530 0.063492 0.563671 -0.106973 -0.819043 0.779104 -0.260498 0.570208
-0.404813 -8.788449 85.395387 -95.719328 0.225603 0.970555 0.084418 0.610668 -0.073367 -0.788481 0.759070 -0.229435 0.609239
-0.763688 -6.824920 31.276834 -97.981170 0.301707 0.951260 0.063851 0.707621 -0.178544 -0.683662 0.638940 -0.251448 0.727000
0.958804 -4.081892 87.100166 -55.576499 -0.197515 0.947246 -0.252414 0.027543 -0.252023 -0.967329 0.979913 0.198015 -0.023688
-0.196081 -3.702982 48.453752 -72.078278 -0.182980 0.942769 -0.278757 0.057308 -0.272833 -0.960353 0.981445 0.191700 0.004105
-0.098298 -4.583446 56.172233 -34.440711 -0.189899 0.953366 -0.234587 0.002137 -0.238532 -0.971132 0.981801 0.184918 -0.043260
0.178358 -2.948199 61.490115 -86.174996 -0.186385 0.935374 -0.300561 0.120670 -0.281810 -0.951852 0.975038 0.213679 0.060346
2.492959 -4.139357 78.867429 -43.108433 -0.145951 0.947502 -0.284496 0.047091 -0.280596 -0.958670 0.988170 0.153316 0.003665
1.277890 -3.180362 73.981208 -75.668886 -0.173563 0.939429 -0.295550 0.113817 -0.278960 -0.953534 0.978224 0.199136 0.058506
3.697908 -8.802997 -170.565039 95.538692 -0.316629 -0.627743 -0.711115 0.103323 0.722401 -0.683712 0.942905 -0.289958 -0.163873
3.547137 -9.551848 203.901590 30.084908 0.291513 0.689185 0.663359 0.237368 0.619671 -0.748107 0.926648 -0.375543 -0.017052
2.167804 -8.613818 214.882538 102.660746 0.269489 0.687510 0.674318 0.082006 0.681297 -0.727399 0.959505 -0.251325 -0.127222
1.512987 -7.636795 -124.683215 126.406446 -0.300406 -0.639496 -0.707673 -0.024300 0.746833 -0.664568 0.953502 -0.182444 -0.239893
2.611361 -7.151431 -84.282390 101.479158 -0.357368 -0.579096 -0.732759 -0.010248 0.786953 -0.616927 0.933907 -0.212961 -0.287167
20.403833 -5.336556 1009.402778 -20.486407 0.118861 0.982946 0.140319 0.875987 -0.170345 0.451254 -0.467461 -0.069281 0.881295
55.826339 -0.502453 2168.192328 -70.506362 0.293134 0.849328 0.438993 0.855492 -0.438013 0.276186 -0.426857 -0.294595 0.854989
17.102195 -5.483473 488.722089 135.423120 -0.022906 0.982424 0.185252 0.870494 -0.071526 0.486954 -0.491646 -0.172415 0.853556
0.898519 -15.615155 -11.686242 -55.002145 0.063349 0.997688 0.024600 0.587346 -0.057200 0.807312 -0.806853 0.036694 0.589612
0.790367 -15.863162 -20.633693 6.533246 0.042255 0.999092 -0.005356 0.437940 -0.013703 0.898900 -0.898011 0.040329 0.438121
0.792874 -16.743082 -56.673442 -55.674024 0.046163 0.998320 0.035030 0.608002 -0.055904 0.791965 -0.792592 0.015261 0.609561
0.932204 -16.290136 -23.431128 -83.300984 0.087070 0.994639 0.055780 0.736488 -0.101974 0.668720 -0.670823 0.017144 0.741419
0.717578 -15.889871 45.291958 -65.395364 0.092981 0.995115 0.033190 0.686317 -0.088206 0.721934 -0.721334 0.044348 0.691166
-0.105085 -7.870713 -23.270541 65.972384 0.366568 0.712647 0.598132 0.078183 0.617014 -0.783059 0.927101 -0.333808 -0.170460
0.262939 -7.937968 69.035555 134.446599 0.316437 0.693353 0.647401 0.009010 0.680244 -0.732931 0.948571 -0.237760 -0.209008
1.267062 -8.734064 136.004621 55.060923 0.298077 0.709848 0.638173 0.146180 0.626733 -0.765400 0.943282 -0.321437 -0.083049
-0.251139 -8.915859 0.479773 -9.399663 0.358919 0.732494 0.578471 0.199337 0.545312 -0.814187 0.911834 -0.407538 -0.049710
-0.861494 -25.676480 -0.172965 78.333227 0.665360 -0.730667 -0.153038 -0.576354 -0.372492 -0.727369 -0.474460 -0.572167 0.668964
-0.755581 -23.280486 2.869115 156.053846 0.670528 -0.728473 -0.140423 -0.397842 -0.193315 -0.896856 -0.626190 -0.657234 0.419440
-0.910324 -23.766782 -16.069268 209.936302 0.666554 -0.733345 -0.133833 -0.364414 -0.163931 -0.916695 -0.650314 -0.659797 0.376510
-1.016649 -25.186041 -13.518224 144.304668 0.666204 -0.731256 -0.146411 -0.476137 -0.265959 -0.838188 -0.573991 -0.628116 0.525361
-1.047517 -26.707180 -5.900945 49.152406 0.666071 -0.729017 -0.157747 -0.641548 -0.452056 -0.619727 -0.380481 -0.513985 0.768800
-0.998484 -26.268600 -13.117261 51.740860 0.658231 -0.735591 -0.160118 0.711814 0.538904 0.450448 -0.245057 -0.410473 0.878328
-0.770040 -25.983306 -6.949262 -19.404769 0.661977 -0.733778 -0.152827 0.692687 0.521041 0.498699 -0.286305 -0.435988 0.853196
-4.649045 -20.835842 168.425334 74.760705 -0.213042 0.965703 0.148426 0.466704 -0.032879 0.883802 -0.858371 -0.257558 0.443693
-6.217660 -22.066413 174.964731 282.848939 -0.241744 0.955099 0.171305 0.312055 -0.090640 0.945731 -0.918794 -0.282082 0.276131
-6.159163 -20.539767 67.472872 79.234626 -0.330864 0.930136 0.159297 0.477944 0.019615 0.878171 -0.813695 -0.366690 0.451043
-4.771172 -19.515785 117.334219 -169.292784 -0.282822 0.951699 0.119500 0.598759 0.077844 0.797137 -0.749332 -0.297000 0.591855
3.454222 -2.459893 151.254492 21.036404 -0.117464 -0.188885 -0.974949 -0.631476 0.771907 -0.073466 0.766446 0.607027 -0.209948
1.488152 -2.437119 96.503863 12.784718 -0.042787 -0.313868 -0.948502 -0.618860 0.753634 -0.221468 0.784335 0.577514 -0.226486
3.054038 -2.902979 104.835633 28.585746 -0.150152 -0.074159 -0.985878 -0.588013 0.808340 0.028752 0.794792 0.584026 -0.164980
-1.404064 -29.740574 23.510588 -426.703474 -0.622833 0.781568 0.035086 -0.281161 -0.181757 -0.942291 0.730088 0.596755 -0.332950
-1.219435 -31.929904 2.464646 -119.109237 -0.610256 0.790488 0.052127 -0.504301 -0.336888 -0.795102 0.610957 0.511503 -0.604232
-0.887521 -33.371885 73.080732 -461.983460 -0.631633 0.771337 0.077965 -0.336507 -0.182174 -0.923891 0.698428 0.609796 -0.374628
-1.188959 -30.354185 -76.936236 -453.747848 -0.575795 0.817488 0.013214 -0.373047 -0.248305 -0.893969 0.727527 0.519672 -0.447934
-0.884631 -27.243012 73.322198 -537.648776 -0.643464 0.763954 0.048251 -0.091574 -0.014243 -0.995696 0.759979 0.645113 -0.079123
-0.932209 -27.258781 -44.828783 -419.249976 -0.586425 0.809963 0.008087 -0.149974 -0.098762 -0.983745 0.795998 0.578106 -0.179390
35.426761 -614.277602 786.391809 -39531.855396 0.672085 -0.727259 -0.139269 -0.628901 -0.461347 -0.625813 -0.390877 -0.508186 0.767439
-0.745329 -209.213864 86.940420 11395.461135 0.563391 -0.741805 -0.363754 0.613223 0.080404 0.785807 -0.553668 -0.665779 0.500191
-3.825077 -342.549776 -131.021142 22295.813904 -0.570732 0.818266 0.068597 0.148427 0.020641 0.988708 -0.807610 -0.574469 0.133233
2.989031 -80.140812 43.776739 3879.534937 -0.392367 0.877455 0.275900 0.745500 0.127671 0.654163 -0.538774 -0.462356 0.704237
2.113595 -272.379798 243.134327 18545.170690 -0.391127 0.912803 0.117521 0.217762 -0.032280 0.975468 -0.894203 -0.407123 0.186148
17.590832 -91.487295 90.385230 11194.476537 -0.396319 0.915639 0.067352 0.525778 0.166211 0.834225 -0.752655 -0.366031 0.547296
3.777875 -619.523815 185.738613 52917.269660 -0.472876 0.861601 -0.184478 0.319383 0.362732 0.875454 -0.821208 -0.355062 0.446708
71.779602 -375.339319 1557.469983 554.497173 -0.267970 0.960970 -0.068761 0.952854 0.253809 -0.166283 0.142341 0.110078 0.983678
1.781001 -312.800162 27.204496 -24044.328768 -0.243118 0.937738 -0.248074 -0.208856 -0.300355 -0.930680 0.947245 0.174453 -0.268874
17.419594 -1049.964142 1435.812487 67002.497138 -0.150878 0.985476 -0.077929 0.218570 -0.043625 -0.974846 0.964087 0.164115 0.208813
10.561125 -24.002209 250.666734 1442.923998 0.525516 -0.847752 -0.071758 0.848119 0.515333 0.122990 -0.067286 -0.125492 0.989810
0.366639 -5.795919 35.252535 21.278472 -0.196943 0.914555 -0.353273 -0.345998 -0.401980 -0.847760 0.917332 0.044729 -0.395601
0.430172 -5.718973 35.129183 2.481937 -0.197575 0.918459 -0.342632 -0.388962 -0.394281 -0.832617 0.899818 0.031234 -0.435145
1.191440 -5.663602 74.989496 0.856996 -0.172820 0.946931 -0.271025 -0.337463 -0.315437 -0.886915 0.925339 0.061816 -0.374068
3.474268 -2.038764 -240.878514 17.357252 0.367993 0.008407 -0.929790 -0.135724 0.989735 -0.044768 0.919870 0.142669 0.365357
1.125952 -2.627279 -244.617482 -4.061006 0.419510 -0.169443 -0.891796 -0.067109 0.973946 -0.216621 0.905267 0.150722 0.397209
1.130574 -2.383952 -180.931126 -14.846696 0.404739 -0.259792 -0.876752 -0.064970 0.948201 -0.310956 0.912121 0.182818 0.366895
3.282601 -1.773691 -181.818102 7.392619 0.339105 -0.031032 -0.940237 -0.144849 0.985815 -0.084777 0.929531 0.164940 0.329800
5.384129 -1.792590 -61.572851 26.405249 0.223412 0.088374 -0.970710 -0.172484 0.983749 0.049863 0.959342 0.156292 0.235024
5.145330 -1.678608 -142.414006 -14.611459 0.277724 0.105444 -0.954857 -0.133816 0.988514 0.070240 0.951295 0.108268 0.288644
-0.828305 -10.653309 2.986051 113.438889 0.318097 0.939420 -0.127688 -0.725605 0.154558 -0.670529 0.610173 -0.305945 -0.730813
-1.096900 -10.825985 -16.896346 -29.839379 0.338657 0.936193 -0.094096 -0.587186 0.132142 -0.798593 0.735203 -0.325701 -0.594470
-0.622871 -11.373642 22.952594 -47.915755 0.316299 0.943210 -0.101536 -0.511969 0.079611 -0.855307 0.798651 -0.322516 -0.508075
0.590523 -58.179389 -118.587265 -1037.750152 0.088090 0.994660 -0.053781 0.485401 0.004283 0.874281 -0.869842 0.103121 0.482432
2.414177 -142.760421 -10.600410 -7027.740085 0.169583 0.983872 -0.056906 0.171854 0.027335 0.984743 -0.970416 0.176775 0.164447
2.839801 -120.749408 -178.674491 5712.273867 0.040058 0.994974 -0.091775 0.861817 0.012075 0.507076 -0.505635 0.099406 0.857001
-0.665052 -33.946033 -37.777028 -1798.946852 0.852416 -0.398082 -0.338996 0.446630 0.217256 0.867941 0.271862 0.891252 -0.362988
-0.357139 -8.254204 -56.554854 -381.022384 0.832902 -0.407671 -0.374271 0.495310 0.247452 0.832728 0.246865 0.878961 -0.408027
-0.193484 -29.483038 5.794073 -1580.944125 0.843050 -0.412216 -0.345464 0.455721 0.206369 0.865870 0.285632 0.887406 -0.361834
-3.252690 -10.658332 -17.639360 543.101658 0.950811 -0.006887 -0.309695 0.015129 0.999592 0.024219 0.309402 -0.027713 0.950527
-3.037985 -7.033183 149.831992 -201.760108 -0.625181 0.754169 0.200941 0.707891 0.656348 -0.260956 0.328692 0.020900 0.944206
-3.178511 -7.174601 -161.801414 466.400921 0.932114 0.278539 -0.231471 -0.269251 0.960415 0.071458 0.242212 -0.004283 0.970214
-1.075928 -15.963581 -6.536591 147.818773 0.327952 0.937783 0.114063 0.064242 0.098323 -0.993079 0.942508 -0.333010 0.028000
-0.356361 -17.593140 1.813467 -177.140512 0.318277 0.947634 0.026261 -0.065819 0.049724 -0.996592 0.945710 -0.315463 -0.078198
-0.508448 -15.203654 -1.654839 -7.226058 0.315486 0.946000 0.074510 0.083053 0.050692 -0.995255 0.945289 -0.320178 0.062575
-2.686225 -5.992771 28.588062 -62.441481 0.840448 -0.513957 0.171743 0.483224 0.854251 0.191704 -0.245239 -0.078127 0.966309
-2.853902 -5.457170 91.404356 -68.074642 0.814297 -0.552085 0.179230 0.503706 0.825549 0.254459 -0.288446 -0.116926 0.950330
-1.880581 -4.785413 75.754004 -86.086234 0.754934 -0.646329 0.111055 0.595811 0.746727 0.295649 -0.274014 -0.157028 0.948820
-7.859655 -8.211173 47.955628 -63.161546 0.459816 -0.264298 0.847771 0.469763 0.882558 0.020352 -0.753586 0.388893 0.529971
-7.534806 -8.370486 72.384325 -9.176519 0.499229 -0.372410 0.782356 0.566312 0.823620 0.030683 -0.655790 0.427740 0.622075
-8.324027 -8.462617 60.272596 -41.631493 0.408391 -0.282716 0.867922 0.570418 0.821354 -0.000857 -0.712629 0.495428 0.496700
-7.332641 -8.008278 61.945330 -55.113933 0.486194 -0.390184 0.781903 0.477099 0.868173 0.136569 -0.732114 0.306646 0.608257
-8.131856 -8.457144 -69.031957 21.246098 0.539703 0.811101 0.225467 0.243918 -0.406994 0.880261 -0.805745 0.420085 0.417498
-7.753820 -8.151205 -83.608042 58.062383 0.490582 0.816103 0.305459 0.288563 -0.482910 0.826759 -0.822229 0.317449 0.472404
12.975184 -9.398403 -162.107425 164.417098 0.199000 0.979439 0.033141 0.279415 -0.024292 -0.959863 0.939322 -0.200273 0.278504
12.741184 -12.851089 -374.632929 -24.096748 0.414234 0.894068 0.170449 0.444234 -0.035150 -0.895221 0.794397 -0.446550 0.411736
15.274814 -9.799476 -219.119288 -90.546222 0.268209 0.961976 -0.051636 0.544568 -0.195610 -0.815587 0.794676 -0.190628 0.576326
13.464432 -7.798249 312.454387 85.664693 -0.087653 0.974144 -0.208232 0.391542 -0.158521 -0.906403 0.915976 0.160980 0.367524
12.497436 -6.800175 321.820107 306.057149 -0.146907 0.979695 -0.136441 0.214627 -0.103080 -0.971241 0.965585 0.171966 0.195126
4.617744 -4.194435 345.329107 -25.448068 -0.141740 0.733161 -0.665120 0.619334 -0.458475 -0.637359 0.772227 0.502271 0.389087
0.988499 -3.381594 37.912367 45.960473 -0.027402 0.695059 -0.718430 0.572705 -0.578138 -0.581175 0.819303 0.427374 0.382222
4.059442 -4.507695 313.661224 -20.135260 -0.219146 0.824653 -0.521462 0.528512 -0.348923 -0.773904 0.820153 0.445197 0.359374
1.617715 -3.826078 41.990978 -43.182536 0.047727 0.589147 -0.806615 -0.616770 0.652583 0.440148 0.785695 0.476489 0.394514
12.153686 -5.690729 733.546793 -104.017826 -0.236576 0.832247 -0.501395 0.593237 -0.284961 -0.752906 0.769482 0.475566 0.426304
13.971348 -4.823096 921.781310 -75.271061 -0.212038 0.746860 -0.630269 0.665332 -0.362063 -0.652873 0.715802 0.557772 0.420139
5.699085 -3.910575 366.264447 1.875891 -0.108490 0.652053 -0.750371 0.672186 -0.507993 -0.538618 0.732391 0.562823 0.383188
-0.829926 -8.686702 -30.728323 -20.347207 -0.239089 0.965733 -0.100979 0.934436 0.200570 -0.294279 0.263942 0.164717 0.950370
-1.050165 -8.612590 -9.647031 -83.371546 -0.260424 0.957326 -0.125326 0.947814 0.228765 -0.222069 0.183923 0.176618 0.966943
-0.738822 -7.748815 -11.391317 -107.218033 0.227497 -0.963135 0.143584 0.972816 0.218233 -0.077478 0.043287 0.157307 0.986601
-1.246698 -9.683535 -21.887966 -13.311252 -0.243303 0.961230 -0.129773 0.903191 0.175741 -0.391614 0.353624 0.212491 0.910932
-0.398156 -7.818836 -37.029852 -55.022374 -0.203826 0.974467 -0.094178 0.967048 0.185412 -0.174474 0.152557 0.126637 0.980148
-0.418576 -8.781462 -46.492300 -33.226878 -0.197271 0.977224 -0.078214 0.941564 0.166643 -0.292723 0.273022 0.131390 0.952993
-0.986518 -9.947913 -30.642587 -39.784051 -0.246642 0.963189 -0.106931 0.897537 0.185417 -0.400060 0.365507 0.194646 0.910229
-0.720013 -9.729920 -37.902823 -62.592728 -0.234845 0.968251 -0.085660 0.909754 0.187907 -0.370188 0.342339 0.164867 0.924999
1.745981 -8.988766 74.139298 58.784837 -0.411280 0.898281 -0.154726 -0.184639 0.084127 0.979199 -0.892612 -0.431294 -0.131258
2.601008 -8.495202 123.569101 65.484565 -0.438626 0.891576 -0.112694 -0.184406 0.033437 0.982281 -0.879546 -0.451636 -0.149745
1.604181 -9.190749 84.291015 139.417153 -0.415596 0.894617 -0.164136 -0.256624 0.057794 0.964782 -0.872596 -0.443081 -0.205561
1.597293 -9.189200 20.957838 87.517517 -0.408626 0.895761 -0.175034 -0.255792 0.071695 0.964070 -0.876125 -0.438717 -0.199832
0.521742 -4.416440 -19.034239 132.115704 -0.159698 0.985661 -0.054485 0.896635 0.121742 -0.425704 0.412967 0.116837 0.903221
0.550287 -4.212157 -34.443374 20.731469 -0.199281 0.979746 -0.019636 0.872163 0.168192 -0.459394 0.446786 0.108674 0.888016
0.544240 -5.572295 -8.209704 148.449523 -0.101820 0.991929 -0.075563 0.910943 0.062443 -0.407779 0.399770 0.110354 0.909948
-0.362732 -11.751000 -0.739442 58.720410 -0.107038 0.985346 -0.132803 -0.556189 -0.170056 -0.813471 0.824134 0.013209 -0.566241
-0.343538 -11.833654 -1.172961 51.535884 -0.115992 0.981079 -0.155015 -0.560999 -0.193502 -0.804883 0.819650 0.006397 -0.572829
-0.425910 -10.741820 23.369820 121.543653 -0.128994 0.981399 -0.142184 -0.707864 -0.191542 -0.679882 0.694470 -0.012946 -0.719405
0.107665 -11.073814 38.787523 81.778989 -0.115778 0.987233 -0.109391 -0.600339 -0.157291 -0.784126 0.791321 0.025113 -0.610885
6.838938 -7.131300 332.033965 72.595406 -0.223372 0.890719 -0.395884 -0.816090 0.051194 0.575652 -0.533012 -0.451662 -0.715472
18.781867 -7.454716 1092.798280 -10.017479 -0.098551 0.897262 -0.430359 0.908422 -0.095442 -0.407015 -0.406273 -0.431059 -0.805686
2.373115 -8.132958 94.613581 -45.712113 -0.386968 0.885509 -0.257156 -0.809121 -0.192331 0.555276 -0.442243 -0.422945 -0.790910
21.133334 -4.887631 1041.469441 -81.735309 -0.009712 0.837097 -0.546968 0.879058 -0.253571 -0.403681 -0.476615 -0.484737 -0.733395
1.120384 -21.627844 24.013487 239.826193 -0.541760 0.413979 -0.731517 -0.327638 0.697452 0.637349 0.774047 0.584964 -0.242217
2.186544 -21.753727 59.569724 210.309022 -0.517445 0.419938 -0.745589 -0.176174 0.800358 0.573053 0.837385 0.427877 -0.340159
2.086667 -19.708330 48.910742 183.908711 -0.540575 0.452648 -0.709146 -0.373462 0.626205 0.684393 0.753860 0.634805 -0.169464
1.495564 -19.472460 -19.631328 175.648812 0.556360 -0.452630 0.696843 -0.470981 0.519122 0.713225 0.684573 0.725009 -0.075638
0.260500 -14.283663 24.502055 26.665710 -0.221601 0.961507 -0.162475 -0.204335 0.117132 0.971868 -0.953489 -0.248566 -0.170513
0.576936 -15.685492 -28.136084 26.817502 -0.230483 0.962646 -0.142095 -0.143449 0.110818 0.983434 -0.962445 -0.247048 -0.112549
0.226475 -14.143800 8.951497 -29.969297 -0.228226 0.965629 -0.124390 -0.022648 0.122461 0.992215 -0.973345 -0.229267 0.006079
0.100365 -13.676090 13.023125 -21.680429 -0.230292 0.963059 -0.139582 -0.073528 0.125807 0.989326 -0.970340 -0.238097 -0.041839
-5.923509 -61.549611 -133.424145 2272.799686 0.450881 -0.799580 0.396708 0.879784 0.473109 -0.046354 -0.150623 0.369918 0.916774
-13.061150 -38.509765 -54.817834 1399.615249 0.320155 -0.819473 0.475357 0.889727 0.432433 0.146242 -0.325402 0.376118 0.867553
-6.922989 -16.784832 -339.669693 -47.337117 0.716226 -0.316128 0.622161 0.286025 0.946171 0.151492 -0.636562 0.069451 0.768092
-7.462132 -29.337161 347.371524 649.392496 -0.392709 0.846204 -0.360165 0.842403 0.488105 0.228277 -0.368967 0.213758 0.904528
-7.875253 -33.199099 -1117.743668 -536.437197 0.507517 -0.265853 0.819603 -0.050727 0.940342 0.336429 -0.860147 -0.212319 0.463753
-9.118447 -27.131986 -1133.865340 -860.997209 0.501842 -0.606298 0.616894 0.382456 0.795238 0.470451 -0.775811 -0.000157 0.630966
-1.235046 -6.901920 5.124416 63.677803 0.246213 -0.102979 0.963730 0.313054 0.949492 0.021479 -0.917266 0.296411 0.266015
-1.350188 -7.024316 -23.583662 74.894415 0.262014 -0.081734 0.961597 0.292539 0.956252 0.001569 -0.919657 0.280893 0.274461
-1.158914 -6.509989 0.533651 48.776166 0.253642 -0.100285 0.962086 0.377318 0.926079 -0.002944 -0.890672 0.363759 0.272732
2.261885 -31.850239 50.419049 39.911703 0.003203 0.865666 -0.500612 0.932686 0.177975 0.313723 0.360676 -0.467919 -0.806824
1.566724 -42.039275 31.618417 1010.435630 0.096710 0.866183 -0.490280 0.987623 -0.022402 0.155236 0.123480 -0.499225 -0.857629
2.526134 -50.970990 116.670945 1708.233710 0.087807 0.853247 -0.514061 0.994395 -0.044568 0.095878 0.058897 -0.519598 -0.852378
4.012925 -51.285703 146.484182 2096.805322 0.018289 0.836409 -0.547800 0.999176 0.004568 0.040332 0.036236 -0.548087 -0.835636
3.555477 -30.071363 89.527537 352.270370 -0.030915 0.840794 -0.540472 0.951811 0.189832 0.240871 0.305122 -0.506980 -0.806146
-101.151755 -395.426348 -5266.762230 -986.702951 0.169433 0.820048 -0.546639 -0.397592 0.564395 0.723449 -0.901783 -0.094763 -0.421671
-94.643981 -8041.810083 -13361.126449 -454619.731927 0.133624 -0.632981 0.762548 0.962251 0.266957 0.052979 -0.237102 0.726683 0.644759
-75.690681 -900.168041 -3683.219011 17982.772268 0.588503 0.700180 -0.404242 -0.169903 0.595932 0.784856 -0.790441 0.393208 -0.469670
-2570.945017 -17902.977155 -86709.804315 -4767202.634240 -0.578401 0.507685 0.638521 0.815673 0.370890 0.443980 -0.011419 0.777622 -0.628628
-66.760507 -477.247879 -475.318729 35285.871935 -0.134248 0.990863 0.012933 -0.988661 -0.133041 -0.069635 0.067278 0.022135 -0.997489
0.579579 -7.265926 -40.347482 4.874841 -0.211272 0.962317 0.171202 0.814180 0.076352 0.575571 -0.540810 -0.260991 0.799630
1.094226 -7.035885 -30.230695 2.245411 -0.213922 0.965093 0.151105 0.819352 0.093047 0.565689 -0.531883 -0.244822 0.810656
0.898144 -7.303330 -17.408804 -7.008372 -0.219030 0.964768 0.145769 0.875204 0.128219 0.466452 -0.431327 -0.229744 0.872453
-2.208897 -5.187004 18.198036 53.517126 -0.590811 0.712711 -0.378135 0.552346 0.698924 0.454333 -0.588095 -0.059563 0.806595
-2.523962 -5.779399 23.245711 61.495735 -0.551278 0.744702 -0.376180 0.533278 0.661269 0.527578 -0.641644 -0.090234 0.761676
-2.558520 -5.807725 0.783376 64.240215 0.642480 -0.654273 0.398932 0.462258 0.746111 0.479203 -0.611177 -0.123469 0.781804
2.592035 -3.543684 -6.092120 -57.997826 0.073860 0.996808 -0.030311 0.258362 -0.048482 -0.964831 0.963220 -0.063431 0.261118
3.004740 -2.974728 -18.850383 -36.305754 0.108619 0.990319 -0.086435 0.297121 -0.115317 -0.947851 0.948642 -0.077273 0.306770
2.758182 -2.829624 6.503919 -51.762440 0.061062 0.994170 -0.088865 0.287648 -0.102781 -0.952205 0.955788 -0.032582 0.292247
-9.896888 -14.259199 -478.729619 -247.642424 0.933172 -0.277866 0.227992 -0.260305 -0.085053 0.961773 0.247853 0.956847 0.151699
-5.945815 -28.410017 -66.386678 -1224.812586 0.972712 -0.186818 -0.137587 0.096376 -0.214085 0.972049 0.211052 0.958784 0.190239
91.957051 -554.893209 1067.885748 -26355.506549 -0.608081 -0.033221 0.793180 0.766886 -0.282884 0.576075 0.205240 0.958579 0.197493
-29.113126 -42.806453 382.422591 1080.293469 0.549882 -0.470109 0.690382 0.050907 0.843891 0.534094 -0.833690 -0.258543 0.487972
-28.164026 -50.900940 897.720432 1709.065959 -0.125067 0.980289 -0.152946 0.381888 0.189843 0.904500 -0.915707 -0.054715 0.398104
-31.888145 -42.458920 569.202336 96.775053 -0.368415 0.858438 -0.356868 -0.035190 0.370717 0.928079 -0.928995 -0.354477 0.106369
-27.055020 -38.291563 321.836761 -450.190268 0.587233 -0.518684 0.621389 -0.262213 0.604394 0.752298 -0.765769 -0.604710 0.218914
-21.125512 -38.762344 422.530510 99.876133 0.718093 -0.307071 0.624540 -0.240575 0.732547 0.636787 -0.653044 -0.607521 0.452164
-0.577657 -9.705412 28.079681 -51.826706 -0.371346 0.916429 -0.149196 0.555673 0.090617 -0.826448 0.743861 0.389802 0.542886
0.253590 -9.438252 33.260785 -31.726475 -0.405002 0.908265 -0.105016 0.520780 0.134751 -0.842989 0.751506 0.396102 0.527580
0.051057 -8.911137 22.982923 21.763736 -0.385198 0.915006 -0.119942 0.583384 0.140738 -0.799910 0.715043 0.378096 0.588012
-0.849394 -8.863824 49.367631 14.437842 -0.358322 0.918084 -0.169494 0.622549 0.099676 -0.776207 0.695728 0.383650 0.607268
-5.511560 -10.054410 16.403367 87.955118 -0.217504 0.974495 -0.055231 -0.069149 -0.071828 -0.995017 0.973607 0.212601 -0.083008
-5.107969 -9.612733 -92.994524 87.269511 -0.276328 0.953344 -0.121562 -0.047082 -0.139763 -0.989065 0.959909 0.267583 -0.083506
-5.743462 -8.773947 -71.201623 79.477174 -0.346099 0.906336 -0.242426 -0.061321 -0.279696 -0.958128 0.936192 0.316741 -0.152379
-5.175216 -7.853043 -49.678445 73.875597 -0.351871 0.842786 -0.407306 -0.103931 -0.467619 -0.877799 0.930261 0.266540 -0.252134
5.304625 -11.466937 26.634898 -2.524718 0.322512 0.830404 0.454329 0.938349 -0.343582 -0.038114 0.124449 0.438611 -0.890018
5.499435 -12.043935 -18.807306 77.804722 0.379189 0.771723 0.510548 0.893341 -0.449116 0.015371 0.241158 0.450265 -0.859712
5.930995 -12.154075 20.370293 70.905429 0.329780 0.789107 0.518223 0.940293 -0.323527 -0.105732 0.084225 0.522150 -0.848685
6.172287 -13.715045 -11.550814 124.849375 0.356855 0.735149 0.576377 0.925777 -0.360785 -0.113011 0.124869 0.573925 -0.809332
6.248094 -12.072648 38.979764 65.924520 0.259518 0.844949 0.467666 0.964919 -0.206927 -0.161591 -0.039764 0.493196 -0.869009
6.442552 -13.341608 12.123512 111.683753 0.300152 0.788611 0.536658 0.953449 -0.230889 -0.193975 -0.029063 0.569898 -0.821202
-0.318868 -3.652644 -48.511510 -51.827809 -0.260648 0.678796 0.686512 -0.365830 0.588620 -0.720899 0.893438 0.439048 -0.094901
-0.069720 -3.452863 11.618588 -51.899256 -0.307232 0.705105 0.639090 -0.338835 0.546506 -0.765847 0.889269 0.451839 -0.071010
-0.213616 -3.570380 40.219722 -28.400969 -0.297484 0.682974 0.667120 -0.390671 0.550496 -0.737787 0.871137 0.480105 -0.103054
-1.094927 -4.302076 41.633754 -38.533157 -0.590146 0.067392 0.804479 0.119634 0.992807 0.004592 -0.798383 0.098953 -0.593963
-2.546302 -7.309220 -106.326382 -23.085879 -0.010828 0.999749 -0.019607 -0.953740 -0.004435 0.300599 -0.300437 -0.021955 -0.953549
-1.662681 -6.857348 -135.656083 -21.084587 0.013171 0.999090 -0.040577 -0.987126 0.019461 0.158758 -0.159403 -0.037964 -0.986483
-0.503547 -7.256409 -184.022098 -20.341107 -0.009800 0.998070 -0.061316 -0.959388 0.007903 0.281981 -0.281921 -0.061589 -0.957459
-0.895790 -7.533865 -186.912610 -12.902281 -0.011400 0.997810 -0.065155 -0.911478 0.016425 0.411020 -0.411190 -0.064073 -0.909295
-2.613931 -7.602559 -101.972497 -19.184775 -0.010105 0.999860 -0.013338 -0.905061 -0.003474 0.425268 -0.425162 -0.016369 -0.904969
-0.861900 -6.301816 -10.455416 -3.921421 0.072750 0.994091 -0.080560 -0.993056 0.079687 0.086540 -0.092448 -0.073704 -0.992986
-0.852264 -7.217065 -46.002915 97.895891 0.099461 0.990353 -0.096484 0.994507 -0.095760 0.042269 0.032622 -0.100158 -0.994437
-0.837964 -7.313090 -29.905263 100.691999 0.094224 0.991115 -0.093873 0.994852 -0.090206 0.046170 0.037292 -0.097740 -0.994513
1.036724 -10.484879 -48.772333 5.003333 0.120124 0.986415 -0.112051 -0.749014 0.164131 0.641903 -0.651574 -0.006820 -0.758554
-1.673704 -11.768681 -3.599473 -54.533385 0.317830 0.948145 -0.002363 -0.903752 0.303700 0.301660 -0.286735 0.093741 -0.953413
-1.653766 -11.789012 -29.428129 47.423766 0.319691 0.947416 -0.014158 -0.942931 0.319575 0.093554 -0.093159 0.016558 -0.995514
-1.703860 -11.900276 66.836968 -63.049700 0.292359 0.956297 0.004829 0.956307 -0.292364 0.000338 0.001735 0.004519 -0.999988
-0.418226 -8.235190 -50.935893 -81.871258 0.345070 0.938508 0.011355 0.576247 -0.202294 -0.791844 0.740855 -0.279785 0.610618
-0.776224 -4.809148 21.113224 -48.253227 -0.169637 0.947214 -0.272047 -0.015730 -0.278615 -0.960274 0.985381 0.158618 -0.062163
-0.562886 -2.852039 26.085494 -99.969508 -0.161224 0.928218 -0.335289 0.127710 -0.317256 -0.939702 0.978620 0.194322 0.067393
-0.780481 -3.643158 13.779250 -80.978071 -0.154548 0.930917 -0.330921 0.068198 -0.324095 -0.943563 0.985629 0.168394 0.013398
3.661266 -9.781000 238.022441 7.790814 0.296876 0.742334 0.600670 0.363247 0.493950 -0.789977 0.883128 -0.452717 0.123009
5.591887 -10.186946 233.604538 -12.051996 0.323003 0.676446 0.661884 0.364540 0.556479 -0.746620 0.873373 -0.482444 0.066848
16.728950 -7.860275 1315.460216 -207.948657 0.214075 0.974859 0.061826 0.900604 -0.221487 0.373973 -0.378265 0.024378 0.925376
31.031215 -6.045807 1659.434429 -184.928535 0.208444 0.966402 0.150391 0.897774 -0.250067 0.362585 -0.388011 -0.059439 0.919736
12.794032 -6.908433 879.850309 -101.954397 0.143677 0.987922 0.058027 0.859311 -0.153627 0.487835 -0.490857 0.020227 0.871005
30.322755 -8.890242 1677.882932 -119.461195 0.230996 0.969101 0.086511 0.945243 -0.244598 0.216073 -0.230557 -0.031862 0.972537
1.607071 -22.344480 13.736561 343.501572 0.037043 0.994420 0.098771 0.082417 0.095462 -0.992015 0.995909 -0.044887 0.078421
0.659933 -26.816730 -23.255023 432.257768 0.042219 0.992306 0.116385 0.329196 0.096168 -0.939352 0.943317 -0.077972 0.322603
1.708807 -22.673089 1.589547 375.596470 -0.012535 0.989354 0.144988 0.048716 0.145431 -0.988168 0.998734 0.005324 0.050020
2.278130 -17.759578 -3.921247 201.223091 0.030615 0.994650 0.098662 -0.172318 0.102483 -0.979696 0.984565 -0.012992 -0.174534
0.016409 -15.035830 -29.814037 53.620448 -0.000729 0.998491 -0.054909 0.109373 0.054659 0.992497 -0.994001 0.005282 0.109247
0.359957 -15.065607 5.983906 21.157597 0.030168 0.999300 -0.022130 0.305110 0.011877 0.952243 -0.951839 0.035479 0.304538
0.138651 -14.171924 -22.176299 34.054844 0.010888 0.999754 -0.019328 0.282770 0.015462 0.959063 -0.959126 0.015907 0.282532
-0.095154 -13.470254 -19.758689 52.227931 0.018434 0.999259 -0.033785 0.168846 0.030194 0.985180 -0.985470 0.023865 0.168165
-0.026654 -13.094058 -33.120461 26.952072 0.025015 0.999686 0.001700 0.348510 -0.010315 0.937248 -0.936971 0.022853 0.348659
-0.398379 -21.505622 12.982651 -94.551692 -0.658450 0.742646 0.122149 0.348306 0.156811 0.924172 -0.667178 -0.651066 0.361920
-0.659698 -21.832855 13.591300 -184.885578 -0.665791 0.737631 0.112351 0.186955 0.019148 0.982182 -0.722337 -0.674932 0.150652
-4.005061 -21.894855 160.194747 243.715927 -0.178566 0.969587 0.167377 0.281560 -0.112644 0.952909 -0.942782 -0.217284 0.252883
-5.624123 -23.020607 223.537876 109.577477 -0.187442 0.964490 0.186078 0.011579 -0.187253 0.982243 -0.982207 -0.186268 -0.023931
-7.296394 -23.004833 176.210872 347.662357 -0.283866 0.940298 0.187776 0.122568 -0.158642 0.979699 -0.950998 -0.301118 0.070218
1.040845 -2.475154 112.054711 9.219888 -0.109564 -0.198340 -0.973990 -0.580449 0.808221 -0.099289 0.806892 0.554473 -0.203678
-1.657642 -34.925181 14.207821 271.975844 -0.619773 0.781733 0.069099 -0.599725 -0.414997 -0.684184 0.506174 0.465479 -0.726029
14.673092 -315.282177 181.660289 -1829.483443 -0.489108 0.835415 -0.250710 -0.585876 -0.101732 0.803990 -0.646160 -0.540123 -0.539207
2.693202 -662.089212 -112.017473 7353.642843 -0.393390 0.863685 -0.315108 0.856387 0.219566 -0.467325 -0.334435 -0.453695 -0.826023
-6.688093 -768.055317 656.514271 -149782.235774 -0.400589 0.892983 -0.205205 0.045350 0.243009 0.968963 -0.915135 -0.378850 0.137843
-1.462392 -5.335975 28.233587 -25.950206 -0.465140 0.571503 0.676040 0.699171 0.705577 -0.115418 -0.542959 0.418982 -0.727770
-1.928942 -5.990256 41.161014 -83.075446 -0.469148 0.562599 0.680722 0.728438 0.682311 -0.061879 -0.499278 0.466833 -0.729924
-2.342199 -5.702191 52.121209 65.192969 -0.351447 0.680647 0.642810 -0.783563 -0.589614 0.195919 -0.512362 0.434827 -0.740548
-1.988290 -5.355590 48.162792 9.756308 -0.375701 0.667094 0.643299 -0.738201 -0.635081 0.227446 -0.560275 0.389432 -0.731050
-2.984809 -5.034399 -7.553852 102.391452 0.130164 0.968288 -0.213249 0.002530 0.214754 0.976665 -0.991489 0.127666 -0.025503
-2.974374 -5.328812 -3.625236 119.350101 0.175905 0.982417 -0.062563 -0.019393 0.067000 0.997564 -0.984216 0.174264 -0.030838
-3.225472 -6.422505 5.318894 110.083336 0.150895 0.986803 -0.058740 -0.098377 0.074115 0.992385 -0.983643 0.143967 -0.108262
-1.020297 -10.149093 -11.179997 177.823700 0.314929 0.941502 -0.119978 -0.768170 0.178601 -0.614830 0.557435 -0.285791 -0.779480
3.063659 -6.992530 53.644977 -5.598089 0.130488 0.990443 0.044682 -0.783956 0.075485 0.616211 -0.606948 0.115436 -0.786313
1.986463 -6.543019 143.052629 -11.714333 0.196404 0.977979 0.070588 -0.753247 0.104400 0.649399 -0.627729 0.180715 -0.757164
3.304648 -7.040638 94.653282 -3.773363 0.180124 0.982989 0.035879 -0.692881 0.100905 0.713957 -0.698192 0.153460 -0.699270
0.762957 -61.453389 79.321357 1627.143453 0.154178 0.975610 -0.156252 0.727865 -0.005206 0.685701 -0.668163 0.219450 0.710915
1.363300 -91.141394 126.838657 -4029.014638 0.166127 0.983095 -0.076987 0.230506 0.037195 0.972360 -0.958785 0.179281 0.220430
-2.720764 -15.802684 -169.296366 -721.454269 0.878675 -0.384273 -0.283311 0.393620 0.247282 0.885390 0.270174 0.889486 -0.368538
-6.443961 -14.320754 94.734069 -736.869059 0.602312 0.165503 0.780915 0.773152 -0.364377 -0.519101 0.198634 0.916427 -0.347428
-0.628986 -5.018864 -76.114985 -44.776669 0.731602 -0.427232 -0.531254 0.648831 0.197192 0.734938 0.209230 0.882376 -0.421468
-3.238625 -11.469574 21.764937 144.022433 0.856484 -0.392775 -0.334908 0.346446 0.918400 -0.191094 0.382636 0.047641 0.922670
-1.223103 -11.657863 88.156126 -269.194069 -0.595545 0.771010 0.225543 0.667551 0.631171 -0.394967 0.446880 0.084660 0.890579
-0.904124 -9.218123 -12.492310 -217.662230 -0.336727 0.926986 0.165261 0.862696 0.374051 -0.340356 0.377321 -0.027963 0.925660
-1.612818 -18.402545 47.215297 -299.394619 0.307192 0.950833 0.039376 -0.003556 0.042523 -0.999089 0.951641 -0.306772 -0.016444
-1.035836 -18.694985 28.455215 -432.450750 0.313634 0.949543 0.001461 -0.127787 0.043733 -0.990837 0.940906 -0.310574 -0.135055
-4.345284 -6.245744 95.248287 -67.371974 0.893796 -0.346118 0.285185 0.306684 0.935691 0.174436 -0.327220 -0.068449 0.942466
-2.736062 -4.358169 -164.859514 -82.197097 -0.711549 0.695470 -0.100098 0.624004 0.690958 0.364959 -0.322981 -0.197225 0.925627
-1.438914 -3.909611 -142.841531 -67.461522 -0.617862 0.785822 -0.027025 0.724713 0.582474 0.368124 -0.305021 -0.207865 0.929384
-6.807705 -8.168572 38.169766 -25.302137 0.544528 -0.430894 0.719597 0.533534 0.839938 0.099223 -0.647172 0.329900 0.687266
13.422238 -12.426596 -479.527190 -170.823606 0.450712 0.883349 0.128659 0.575802 -0.177553 -0.798077 0.682136 -0.433785 0.588660
8.758464 -16.136678 -205.668248 -181.017173 0.464140 0.830816 0.307113 0.536036 0.012564 -0.844102 0.705152 -0.556405 0.439516
0.760891 -3.146449 52.786365 35.196407 -0.156513 0.814713 -0.558343 0.488661 -0.427396 -0.760620 0.858320 0.391888 0.331225
0.463949 -3.400133 -48.209364 -65.778269 0.114067 0.524833 -0.843527 -0.570975 0.729465 0.376654 0.813004 0.438669 0.382875
-0.994943 -7.929376 -3.560696 -119.994304 0.279922 -0.949815 0.139622 0.958641 0.268747 -0.093713 0.051487 0.160080 0.985760
-1.218938 -8.864296 0.377655 -56.795627 -0.279444 0.949497 -0.142710 0.929754 0.230480 -0.287117 0.239725 0.212919 0.947205
2.833219 -8.499429 96.923116 -94.805812 -0.442987 0.890764 -0.101499 -0.137734 0.044251 0.989480 -0.885885 -0.452307 -0.103086
3.693176 -8.287049 137.956560 -101.198521 -0.460828 0.883946 -0.079228 -0.146875 0.012081 0.989081 -0.875252 -0.467433 -0.124262
4.110334 -8.352406 99.438641 30.277944 -0.512270 0.853872 -0.092097 -0.156912 0.012377 0.987535 -0.844369 -0.520336 -0.127642
1.015774 -7.690175 -43.574533 12.582171 -0.272924 0.897070 -0.347532 0.954675 0.297148 0.017290 0.118778 -0.327061 -0.937509
1.019080 -7.297696 -43.416242 51.669395 -0.267067 0.897293 -0.351483 0.927457 0.338379 0.159132 0.261722 -0.283487 -0.922571
1.331490 -7.548716 -24.361225 41.576033 -0.286157 0.900129 -0.328453 0.938951 0.331757 0.091145 0.191009 -0.282319 -0.940112
1.131632 -8.046108 -29.952475 17.859168 -0.296121 0.895136 -0.333232 0.953473 0.297695 -0.047613 0.056581 -0.331827 -0.941642
0.752456 -8.002353 -31.443168 -0.599645 -0.281729 0.897551 -0.339163 0.959456 0.266698 -0.091199 0.008599 -0.351105 -0.936297
0.512791 -7.738530 -37.590958 -20.369866 -0.258032 0.899999 -0.351314 0.965699 0.251199 -0.065760 0.029066 -0.356232 -0.933945
0.081404 -4.916219 36.480864 33.868572 -0.122594 0.984540 -0.125103 0.917350 0.064309 -0.392854 0.378735 0.162925 0.911052
-0.354114 -5.521586 33.272415 -12.965138 0.033505 0.978761 -0.202249 0.929267 -0.104997 -0.354174 0.367887 0.176077 0.913048
-0.567417 -6.181077 69.230116 -217.835944 -0.070355 0.982690 -0.171379 0.916689 -0.004056 -0.399581 0.393359 0.185214 0.900536
