11203
22381
-8.761719 -11.506634 37.657975 187.844811 0.035289 0.963117 0.266759 -0.942311 0.120974 -0.312115 0.332874 0.240356 -0.911824
-6.983958 -12.111028 -77.823080 286.824924 0.197839 0.957928 0.207926 -0.949772 0.239799 -0.201071 0.242473 0.157703 -0.957255
-6.890225 -9.235514 37.045552 -132.115516 -0.349870 0.928786 0.122258 0.920791 0.316927 0.227380 0.172440 0.192128 -0.966101
-5.868367 -10.844242 -97.139006 333.960935 0.195693 0.973113 0.121471 -0.971917 0.208962 -0.108225 0.130698 0.096881 -0.986677
-7.324202 -10.620145 72.860836 81.395144 -0.446654 0.884906 0.132067 -0.828270 -0.353140 -0.435042 0.338333 0.303700 -0.890672
-5.894815 -9.498263 -50.385671 -71.478933 -0.679304 0.733202 0.030999 0.688968 0.622636 0.371009 0.252723 0.273385 -0.928112
-4.774603 -7.727149 -57.313924 -145.337402 -0.176660 0.982640 0.056654 0.982975 0.173181 0.061388 0.050511 0.066535 -0.996505
-5.196095 -7.877064 7.821428 -127.052626 0.811243 -0.583940 -0.029992 0.579476 0.796076 0.174561 0.078058 0.158991 -0.984189
-2.958711 -7.655352 -113.493043 -48.760740 -0.295715 0.844684 -0.446163 0.927061 0.366432 0.079284 0.230458 -0.390175 -0.891433
-3.424528 -8.206416 -140.935204 13.251440 -0.286562 0.838254 -0.463910 -0.879129 -0.422535 -0.220447 0.380809 -0.344665 -0.858015
-0.732988 -7.618924 -166.862751 -39.521441 -0.192283 0.850704 -0.489214 0.931717 0.314776 0.181163 0.308109 -0.420975 -0.853141
1.025470 -7.657870 -132.027391 51.017772 -0.229352 0.844553 -0.483867 -0.885091 -0.387800 -0.257344 0.404984 -0.369244 -0.836449
1.985507 -6.918071 -104.705421 -51.833056 -0.197687 0.873199 -0.445471 0.936930 0.301935 0.176062 0.288240 -0.382570 -0.877814
0.902815 -6.414558 -125.078813 -34.656091 -0.136534 0.874172 -0.466028 0.968403 0.216885 0.123115 0.208698 -0.434493 -0.876162
-0.988327 -6.783839 -166.126325 -40.874094 -0.113434 0.872582 -0.475114 0.976661 0.185715 0.107901 0.182389 -0.451786 -0.873283
-0.739954 -7.812774 26.982404 114.726952 -0.096943 0.736124 -0.669868 -0.405065 0.585597 0.702139 -0.909134 -0.339407 -0.241409
0.836067 -10.013643 66.322889 172.297918 -0.055498 0.698972 -0.712992 -0.475969 0.609213 0.634282 -0.877709 -0.374564 -0.298879
-0.163613 -9.501138 -0.752404 101.245802 -0.150835 0.745086 -0.649689 -0.535560 0.490816 0.687223 -0.830918 -0.451604 -0.325006
-1.589939 -6.801036 23.258844 27.405883 -0.069609 0.994632 -0.076557 0.295583 0.093861 0.950695 -0.952778 -0.043548 0.300530
-1.252938 -6.365817 25.352878 43.024550 -0.055424 0.996435 -0.063609 0.399652 0.080521 0.913123 -0.914990 -0.025187 0.402690
-1.035996 -6.771782 54.342181 26.070373 -0.023255 0.998595 -0.047612 0.278498 0.052210 0.959017 -0.960155 -0.009042 0.279320
-1.255295 -6.999279 56.836611 8.895163 -0.030840 0.996816 -0.073528 0.163094 0.077595 0.983554 -0.986128 -0.018341 0.164968
-0.016580 -6.584696 55.762269 6.213915 -0.007522 0.997628 -0.068421 0.255233 0.068071 0.964480 -0.966850 0.010209 0.255140
-0.206078 -6.772541 65.792209 1.765022 -0.006110 0.995823 -0.091099 0.137738 0.091071 0.986273 -0.990450 0.006522 0.137719
-0.186589 -11.541887 22.570814 -12.979798 0.107925 -0.944843 -0.309231 0.973384 0.037173 0.226143 -0.202175 -0.325407 0.923707
-0.346500 -11.436586 -28.727209 -8.022377 -0.128287 0.941967 0.310227 0.915036 -0.008200 0.403289 -0.382429 -0.335606 0.860881
0.240922 -11.582797 30.744283 -41.628149 0.138287 -0.940613 -0.310038 0.957913 0.047517 0.283099 -0.251554 -0.336138 0.907597
-0.556001 -11.271215 -10.715485 4.060986 -0.097768 0.949820 0.297127 0.930960 -0.018250 0.364666 -0.351789 -0.312266 0.882459
0.414989 -11.527230 23.876505 -19.513068 0.127234 -0.944618 -0.302504 0.989571 0.100125 0.103560 -0.067537 -0.312526 0.947505
-0.378701 -11.359989 3.381194 14.557168 0.072118 -0.952874 -0.294669 0.984485 0.020625 0.174251 -0.159962 -0.302664 0.939578
0.054163 -11.300592 14.761873 25.349731 0.093282 -0.949355 -0.300040 0.995632 0.087723 0.031976 -0.004036 -0.301712 0.953391
0.731697 -13.009746 -50.706775 121.705215 -0.344105 -0.909403 0.233621 0.928016 -0.291580 0.231876 -0.142750 0.296594 0.944275
0.277630 -14.006943 -41.173661 159.552438 -0.335776 -0.915736 0.220641 0.889967 -0.231687 0.392785 -0.308568 0.328251 0.892769
-0.542429 -13.533069 -24.918429 42.150988 -0.270071 -0.934428 0.232175 0.935031 -0.196995 0.294806 -0.229738 0.296710 0.926922
-0.047028 -13.276366 -40.179340 -21.438196 -0.265551 -0.930088 0.253810 0.963008 -0.243388 0.115663 -0.045803 0.275135 0.960314
-1.425718 -13.430270 15.402532 21.311306 0.231230 0.948428 -0.216835 0.877785 -0.107263 0.466892 -0.419555 0.298294 0.857318
-1.303673 -12.956761 -20.483296 11.535195 -0.199659 -0.951830 0.232716 0.940588 -0.119604 0.317788 -0.274647 0.282339 0.919159
-0.912649 -12.789370 -25.665918 24.567567 -0.212775 -0.946993 0.240689 0.972549 -0.181507 0.145615 -0.094210 0.265065 0.959617
-0.099703 -22.932964 -24.525500 -220.318038 -0.426541 0.528131 0.734262 0.580518 0.782393 -0.225522 -0.693587 0.330058 -0.640312
0.218811 -17.871096 -40.567590 28.340652 -0.504927 0.458371 0.731399 0.382179 0.878485 -0.286711 -0.773943 0.134757 -0.618751
-0.106772 -19.535148 -25.105902 -153.016531 -0.450990 0.534466 0.714811 0.592039 0.778464 -0.208528 -0.667906 0.329151 -0.667504
-2.076914 -23.624147 -5.313010 -204.569078 -0.330534 0.616870 0.714296 0.801457 0.583137 -0.132734 -0.498412 0.528604 -0.687141
0.073376 -45.197161 11.769086 -585.177549 0.334512 0.938209 -0.088683 0.735256 -0.318694 -0.598191 0.589491 -0.134897 0.796432
0.428053 -37.038746 25.649213 -182.814289 0.363784 0.925215 -0.107883 0.884541 -0.379429 -0.271332 0.291974 -0.003279 0.956421
0.044802 -41.761956 72.797220 -667.696250 0.330812 0.937705 -0.106173 0.754747 -0.330434 -0.566719 0.566499 -0.107343 0.817041
-0.388080 -42.223718 47.813681 -769.945225 0.327677 0.941453 -0.079340 0.451537 -0.229816 -0.862148 0.829905 -0.246681 0.500406
-0.606577 -47.165558 111.218429 -1025.601470 0.312518 0.948239 -0.056355 0.497140 -0.213822 -0.840911 0.809435 -0.234784 0.538231
-16.556615 -25.795052 -102.749761 -176.848968 0.368634 0.285422 -0.884671 0.916479 0.047593 0.397243 0.155486 -0.957220 -0.244038
-15.800257 -71.980617 -380.134139 -3235.791025 0.633494 -0.013600 -0.773628 0.773006 -0.032638 0.633559 -0.033866 -0.999375 -0.010163
-16.226905 -26.491787 -214.679029 -363.268482 0.232859 0.114771 -0.965714 0.947379 -0.251061 0.198600 -0.219659 -0.961143 -0.167194
-16.856577 -24.786466 -13.405105 -56.862762 0.191438 0.508817 -0.839319 0.975388 -0.003302 0.220471 0.109408 -0.860868 -0.496926
-17.637557 -28.617630 214.240538 38.028445 0.356118 0.624286 -0.695303 0.784723 0.204188 0.585249 0.507335 -0.754038 -0.417177
-16.886355 -24.818594 -192.826927 -354.864515 0.133688 0.332452 -0.933597 0.979536 -0.187346 0.073553 -0.150453 -0.924325 -0.350695
-4.136881 -9.297615 69.162083 136.779958 0.359056 0.292994 0.886134 0.748870 -0.657090 -0.086176 0.557021 0.694541 -0.455346
-1.595606 -7.616976 -76.669464 -11.395286 -0.545790 -0.117347 -0.829665 -0.535182 0.810691 0.237404 0.644743 0.573594 -0.505269
-3.849808 -9.952949 -94.855499 138.116847 0.310553 0.444952 0.839985 0.768692 -0.637384 0.053436 0.559169 0.629094 -0.539972
-3.652148 -65.380831 -11.144716 3000.978535 -0.030743 0.931539 0.362339 0.363280 0.348133 -0.864194 0.931173 -0.105063 0.349112
-5.592881 -23.773188 69.479592 1099.328285 -0.314570 0.771278 0.553332 0.047122 0.594894 -0.802422 0.948064 0.226344 0.223480
-4.760343 -64.641906 -133.689601 2567.492422 -0.232567 0.861883 0.450634 0.234534 0.499364 -0.834044 0.943878 0.088283 0.318276
2.023133 -5.879952 -42.668932 44.766171 -0.180340 0.948227 -0.261425 0.463550 0.316350 0.827674 -0.867525 -0.028079 0.496601
1.556724 -6.380939 6.078374 25.221962 -0.130308 0.942215 -0.308626 0.350128 0.334956 0.874766 -0.927594 -0.005930 0.373544
2.446517 -5.608184 18.451474 23.559188 -0.136388 0.942072 -0.306428 0.468339 0.333885 0.818034 -0.872959 0.031943 0.486747
2.093057 -4.889394 -23.263955 46.889149 -0.180555 0.944813 -0.273365 0.557520 0.327282 0.762927 -0.810291 0.014657 0.585845
1.743234 -4.853422 54.280367 35.095804 -0.114811 0.930101 -0.348898 0.539756 0.353260 0.764114 -0.833956 0.100591 0.542586
-6.561789 -36.644282 -155.803629 568.846178 0.953161 -0.158166 -0.257814 0.288586 0.220322 0.931760 0.090570 0.962518 -0.255647
1.290620 -27.578165 -175.938328 -554.184231 0.736870 -0.407374 -0.539508 0.655135 0.233404 0.718555 0.166797 0.882932 -0.438873
1.159067 -35.924666 -151.435471 -988.841817 0.788245 -0.395857 -0.471134 0.569293 0.178454 0.802533 0.233613 0.900806 -0.366024
-3.529650 -32.117431 -127.725662 41.802556 0.928179 -0.222685 -0.298152 0.340791 0.186817 0.921391 0.149480 0.956823 -0.249289
-5.676816 -70.203673 136.586306 -2519.822452 -0.605340 0.306420 0.734623 0.765615 -0.028287 0.642677 0.217709 0.951476 -0.217476
-6.340791 -8.275074 71.612575 66.164985 -0.117547 -0.978017 0.172238 0.990743 -0.103635 0.087677 -0.067900 0.180950 0.981146
-6.308927 -7.311304 80.517659 29.251926 0.127758 -0.971623 0.199066 0.988963 0.109615 -0.099683 0.075033 0.209604 0.974903
-7.162144 -8.150064 31.493846 64.810323 -0.168125 -0.944414 0.282516 0.985630 -0.156305 0.064041 -0.016323 0.289223 0.957122
2.233942 -2.066076 -140.190017 33.577440 0.595928 0.350123 0.722692 0.010734 0.896395 -0.443127 -0.802966 0.271829 0.530428
0.438198 -1.971285 -122.039321 46.556409 0.565669 0.484552 0.667254 -0.057013 0.830197 -0.554546 -0.822659 0.275648 0.497243
2.502867 -1.480839 -123.329241 32.800537 0.601509 0.334899 0.725279 0.045029 0.892229 -0.449333 -0.797596 0.302937 0.521604
3.782584 -1.676921 -90.274749 22.744500 0.650099 0.273283 0.709005 0.055257 0.913612 -0.402814 -0.757837 0.301047 0.578838
3.843209 -1.130661 -77.947666 20.222644 0.650330 0.267855 0.710862 0.076476 0.907934 -0.412077 -0.755792 0.322350 0.569972
-4.530213 -11.986744 81.116233 -0.164545 0.931464 0.130140 -0.339761 0.290583 0.295850 0.909964 -0.218941 0.946328 -0.237757
-3.640165 -11.649028 45.445566 99.006413 0.929666 0.142000 -0.339936 0.343026 0.002883 0.939321 -0.134364 0.989862 0.046029
-2.984440 -12.342632 42.018696 -17.042434 0.957698 0.086624 -0.274429 0.237396 0.301209 0.923535 -0.162661 0.949615 -0.267903
-0.461104 -12.287295 1.071418 116.853463 0.889250 -0.224525 -0.398526 0.126295 -0.716863 0.685680 0.439641 0.660073 0.609114
-0.350019 -10.577529 2.473674 133.119517 0.883878 -0.186267 -0.429027 0.061684 -0.862842 0.501695 0.463632 0.469902 0.751157
-0.276217 -11.591691 0.850410 146.749576 0.883994 -0.208745 -0.418306 0.050700 -0.846691 0.529664 0.464741 0.489428 0.737886
-0.688788 -21.641329 -8.427627 -85.319267 0.711602 0.539476 -0.450098 -0.161162 -0.498216 -0.851944 0.683849 -0.678783 0.267589
-0.454730 -22.639917 -15.981640 -38.866675 0.731379 0.522059 -0.438793 -0.173442 -0.479871 -0.860024 0.659547 -0.705109 0.260421
-0.586248 -20.110740 -6.975490 265.663247 0.711460 0.529622 -0.461871 -0.393620 -0.244127 -0.886265 0.582141 -0.812344 -0.034784
-0.522405 -21.628466 -11.453654 256.815651 0.724481 0.547232 -0.419124 -0.081854 0.672046 0.735971 0.684418 -0.498890 0.531677
-0.687239 -19.380861 0.919274 243.290188 0.691686 0.550197 -0.467818 -0.394839 -0.254294 -0.882857 0.604709 -0.795373 -0.041348
-0.830598 -20.830622 -2.856365 -108.876265 0.691797 0.554396 -0.462668 -0.153182 -0.513476 -0.844321 0.705657 -0.654971 0.270298
-0.757681 -20.669311 -7.289477 282.815543 0.708312 0.558098 -0.432228 -0.101278 0.686319 0.720214 0.698596 -0.466361 0.542651
-2.170176 -7.105338 -15.464444 77.332240 0.798912 0.383547 -0.463284 -0.263124 -0.469772 -0.842662 0.540838 -0.795114 0.274386
-3.568532 -5.328520 -27.686826 148.761868 0.813082 0.525877 -0.249702 -0.065463 -0.343618 -0.936825 0.578457 -0.778062 0.244964
-1.956863 -8.078717 -5.343632 156.793972 0.822883 0.451750 -0.344652 -0.094943 -0.488715 -0.867262 0.560223 -0.746377 0.359265
-1.560157 -9.141516 -0.794900 82.566092 0.828906 0.372576 -0.417257 -0.160655 -0.555934 -0.815554 0.535822 -0.743051 0.400961
-1.661350 -8.762829 -12.392598 85.521024 0.816764 0.321601 -0.479030 -0.305992 -0.462429 -0.832183 0.489148 -0.826276 0.279288
10.553316 -16.163579 -81.014584 577.809037 0.823674 0.523247 0.218571 -0.540487 0.841026 0.023426 -0.171567 -0.137430 0.975540
9.225987 -15.315221 245.411303 -466.101747 0.780613 0.623532 -0.043016 0.624628 -0.780700 0.018645 0.021957 0.041424 0.998900
32.005120 -36.594931 1790.083995 1416.485562 0.720916 0.685191 -0.103893 -0.658159 0.723862 0.207003 0.217041 -0.080854 0.972808
0.125475 -18.518802 21.942179 34.988813 0.853499 -0.238276 0.463427 -0.465822 -0.747481 0.473584 -0.233560 0.620078 0.748968
0.081908 -17.611596 9.141960 -51.883354 0.835413 -0.247309 0.490839 -0.521807 -0.637382 0.566976 -0.172634 0.729783 0.661524
-0.304710 -17.747864 -1.934644 -76.014652 0.845096 -0.229742 0.482733 -0.454777 -0.783626 0.423212 -0.281053 0.577191 0.766720
-0.123680 -18.299119 10.572256 38.139726 0.863563 -0.212112 0.457459 -0.369497 -0.883525 0.287847 -0.343120 0.417604 0.841353
-0.397333 -15.506266 3.847370 -57.532275 0.837586 -0.251120 0.485168 -0.502228 -0.703426 0.502950 -0.214979 0.664929 0.715300
-0.453732 -16.591335 11.259405 -50.488639 0.855212 -0.234899 0.461991 -0.418690 -0.838507 0.348717 -0.305469 0.491658 0.815451
-0.273039 -46.293505 -122.428358 676.192639 -0.549591 0.111993 0.827893 0.780692 -0.283966 0.556671 0.297437 0.952271 0.068633
0.019424 -37.369341 1.349287 -183.079717 -0.507352 0.095345 0.856448 0.781079 -0.368947 0.503778 0.364017 0.924547 0.112714
-0.552095 -44.242086 -83.428657 32.664655 -0.479511 0.055391 0.875786 0.646781 -0.652191 0.395375 0.593079 0.756029 0.276907
0.193017 -55.822569 36.382111 -1078.010008 -0.476966 0.047749 0.877624 0.701966 -0.580190 0.413067 0.528912 0.813081 0.243213
0.033781 -40.277997 -17.307879 373.664314 0.451825 -0.021463 -0.891849 -0.428028 0.871911 -0.237829 0.782718 0.489193 0.384764
-0.754453 -37.657750 46.911169 -30.899485 0.459325 -0.011135 -0.888199 -0.368723 0.907313 -0.202057 0.808124 0.420309 0.412645
-1.292506 -24.989469 -21.043449 237.449459 -0.604550 -0.039610 0.795582 0.618041 -0.653423 0.437108 0.502538 0.755956 0.419508
-2.453306 -23.434352 56.493499 266.021894 0.631722 0.037319 -0.774296 0.616066 -0.630437 0.472241 0.470521 0.775343 0.421252
-1.579729 -19.790866 38.211994 -67.615906 0.609319 0.036302 -0.792093 0.519975 -0.772464 0.364589 0.598628 0.634020 0.489554
0.488130 -64.958401 9.292370 -2956.136649 -0.617920 -0.248822 0.745830 0.744313 -0.490762 0.452936 0.253325 0.835009 0.488453
1.038277 -19.277730 98.578476 -185.664811 -0.533166 -0.304846 0.789178 0.841999 -0.281936 0.459945 0.082285 0.909715 0.406999
1.798963 -44.347915 26.567747 -1261.482411 -0.606792 -0.194767 0.770629 0.779783 -0.333802 0.529636 0.154082 0.922303 0.354424
1.297157 -4.792115 21.210521 32.212497 -0.108315 0.987891 -0.111079 0.389018 -0.060705 -0.919228 0.914840 0.142778 0.377732
1.307272 -5.272152 18.626123 34.943700 -0.116077 0.990328 -0.076005 0.486261 -0.010064 -0.873756 0.866070 0.138381 0.480389
1.141844 -4.985319 2.493118 28.884169 -0.110691 0.985494 -0.128645 0.426947 -0.069736 -0.901584 0.897476 0.154722 0.413035
1.336704 -4.996241 20.271962 48.519742 -0.092960 0.992860 -0.074747 0.459812 -0.023778 -0.887698 0.883137 0.116890 0.454319
1.051920 -4.544326 6.649001 36.056903 -0.099990 0.979128 -0.176949 0.340945 -0.133357 -0.930576 0.934751 0.153378 0.320494
1.151902 -4.248454 17.363392 25.351652 -0.093073 0.982124 -0.163613 0.313032 -0.127130 -0.941196 0.945171 0.138816 0.295604
1.476255 -4.224784 28.249103 10.150080 -0.080963 0.988668 -0.126411 0.319694 -0.094368 -0.942810 0.944056 0.116745 0.308431
1.635117 -4.408420 28.048038 27.040828 -0.075010 0.990870 -0.112027 0.381309 -0.075304 -0.921375 0.921399 0.111830 0.372179
0.911905 -6.960904 46.108549 35.021837 0.957029 0.262351 0.123563 0.188058 -0.885816 0.424221 -0.220749 0.382755 0.897089
1.874508 -6.101014 63.148107 81.308167 0.942446 0.318246 0.102546 0.275600 -0.913039 0.300674 -0.189317 0.255108 0.948198
1.398716 -7.612572 14.872001 63.163865 0.963991 0.188598 0.187487 0.107189 -0.920769 0.375094 -0.243374 0.341491 0.907829
-2.984075 -6.662930 -8.638847 73.805050 0.972784 0.004269 -0.231674 0.037475 0.983769 0.175483 0.228663 -0.179389 0.956835
-2.952587 -5.470897 2.507729 88.184426 0.960477 -0.190296 -0.203153 0.201790 0.978720 0.037254 0.191740 -0.076776 0.978438
-3.577033 -7.321292 32.630960 -107.215819 0.968092 -0.099700 -0.229907 -0.143147 -0.973048 -0.180796 0.205686 -0.207937 0.956272
9.463711 -9.818111 -72.364111 98.045094 0.881085 -0.409836 -0.236061 0.037510 -0.436991 0.898683 0.471469 0.800671 0.369653
6.480487 -9.069382 13.030991 89.831782 0.849373 -0.420349 -0.319174 0.034610 -0.559072 0.828397 0.526656 0.714665 0.460312
8.571569 -9.476756 138.321237 111.649656 0.809060 -0.263243 -0.525476 0.301484 -0.581600 0.755545 0.504508 0.769704 0.391186
5.356634 -11.147399 27.293435 85.901728 0.787839 -0.053241 -0.613575 0.559741 -0.353671 0.749404 0.256903 0.933853 0.248835
9.863350 -11.681068 -45.690841 3.354392 0.803165 -0.066001 -0.592090 0.572317 -0.190558 0.797584 0.165469 0.979455 0.115276
-77.089486 -156.195368 -5175.877819 -4055.673820 0.149168 -0.521494 -0.840115 0.986073 0.141640 0.087161 0.073540 -0.841417 0.535359
-45.572392 -145.025313 -4824.714916 -3378.370589 0.049490 -0.501085 -0.863982 0.990627 -0.085638 0.106412 -0.127311 -0.861150 0.492150
-129.614636 -168.240984 -3832.122026 -6362.630042 -0.310115 0.570703 -0.760346 0.922594 -0.012368 -0.385573 -0.229452 -0.821063 -0.522692
-7.038139 -11.475277 -58.357220 62.002964 0.045077 0.982415 0.181185 -0.890210 0.121803 -0.438964 0.453314 0.141506 -0.880047
-4.751456 -11.058895 -139.800570 135.517162 0.089318 0.994761 0.049735 -0.943247 0.100517 -0.316515 0.319856 0.018642 -0.947283
-0.679037 -7.052404 102.335372 103.049969 -0.733811 0.676625 0.060824 0.616672 0.700993 -0.358225 -0.285021 -0.225361 -0.931652
-2.157151 -6.305010 33.754738 -52.866627 -0.648644 0.760526 -0.029343 0.728671 0.609418 -0.312487 -0.219772 -0.224074 -0.949469
-1.780019 -5.971137 81.649141 -15.208442 -0.587767 0.805938 -0.070662 0.761594 0.521721 -0.384424 -0.272956 -0.279768 -0.920448
-1.756535 -6.035700 43.836033 69.888733 -0.626257 0.779610 -0.003149 -0.746628 -0.598590 0.290236 -0.224386 -0.184114 -0.956950
-0.598330 -6.090360 54.153319 42.399771 -0.608582 0.788988 -0.084413 0.722364 0.506863 -0.470405 -0.328358 -0.347256 -0.878404
0.585652 -8.636644 -14.621036 234.487920 0.726795 -0.683574 0.067051 0.662757 0.672317 -0.329763 -0.180337 -0.284108 -0.941680
1.208602 -7.468202 163.897851 191.940796 -0.838734 0.522568 0.153129 0.466565 0.834634 -0.292752 -0.280790 -0.174096 -0.943847
-0.736860 -4.529488 97.366403 -44.092506 -0.720528 0.686614 0.096957 0.636447 0.710331 -0.300608 -0.275273 -0.154888 -0.948807
-4.359078 -8.423790 -37.780836 -10.578635 -0.420577 0.815039 -0.398530 -0.823081 -0.527555 -0.210295 0.381646 -0.239577 -0.892720
0.292644 -9.715060 -36.336524 28.793803 -0.227712 0.786430 -0.574174 -0.611200 0.343593 0.713006 -0.758011 -0.513295 -0.402426
1.417168 -9.044602 -14.943805 -6.054475 -0.308979 0.849018 -0.428603 -0.638741 0.148649 0.754926 -0.704658 -0.507022 -0.496373
0.527890 -8.845901 -48.625173 16.587081 -0.277508 0.827448 -0.488179 -0.575180 0.263912 0.774286 -0.769518 -0.495661 -0.402693
-1.165383 -6.439662 -36.713298 37.333204 -0.133652 0.982842 -0.127115 0.379025 0.169208 0.909785 -0.915684 -0.073415 0.395137
-0.812403 -5.922160 -27.733118 38.673859 -0.122843 0.985829 -0.114242 0.468949 0.159113 0.868775 -0.874641 -0.053149 0.481849
0.112926 -11.375550 -24.153429 25.355960 -0.146566 0.943237 0.298030 0.905015 0.006236 0.425334 -0.399333 -0.332061 0.854558
-0.433439 -11.367401 -23.177572 11.704713 -0.140697 0.945634 0.293226 0.828148 -0.049898 0.558284 -0.542564 -0.321383 0.776104
-0.646231 -11.203774 -18.572650 -6.338183 -0.127435 0.948379 0.290410 0.838642 -0.053302 0.542069 -0.529566 -0.312629 0.788558
2.881558 -15.187886 20.766717 235.870932 0.288793 0.953624 -0.084845 -0.207106 0.148750 0.966944 -0.934722 0.261675 -0.240459
2.576475 -14.234034 51.866063 139.510769 0.362033 0.928147 -0.086459 -0.116479 0.137067 0.983690 -0.924859 0.346057 -0.157732
3.276845 -13.294157 23.736276 58.979156 0.284649 0.955898 -0.072340 -0.070172 0.096037 0.992901 -0.956060 0.277552 -0.094414
13.692758 -19.520928 333.696387 -201.194457 -0.000623 0.506224 -0.862402 0.904114 -0.368212 -0.216791 -0.427292 -0.779845 -0.457454
14.699275 -16.826015 638.215539 376.196549 -0.135456 0.670539 -0.729403 0.976174 -0.035635 -0.214042 -0.169516 -0.741018 -0.649736
7.947353 -15.998222 266.779240 22.703584 -0.066063 0.668689 -0.740601 0.888731 -0.298009 -0.348350 -0.453644 -0.681208 -0.574598
7.468682 -17.036648 236.001199 292.545099 0.021043 0.594298 -0.803970 -0.748244 0.542701 0.381583 -0.663089 -0.593536 -0.456100
7.275691 -16.822472 -126.916416 381.662163 -0.019168 -0.463923 0.885668 -0.744338 0.598047 0.297154 -0.667528 -0.653541 -0.356779
11.005363 -22.436558 72.294521 -599.624942 0.024398 0.336027 -0.941536 0.806858 -0.562683 -0.179910 -0.590241 -0.755297 -0.284854
0.218463 -19.275012 -79.991583 198.042741 -0.533006 0.369865 0.760989 0.096443 0.920092 -0.379645 -0.840597 -0.128961 -0.526086
-0.213639 -15.370045 -17.821807 76.970804 -0.507433 0.426206 0.748906 0.211391 0.904125 -0.371310 -0.835360 -0.030103 -0.548879
0.951780 -20.042261 -45.009689 -8.946808 -0.500005 0.412643 0.761394 0.314460 0.905686 -0.284338 -0.806914 0.097258 -0.582607
-0.116014 -14.491928 5.651968 55.469617 -0.479951 0.458785 0.747773 0.321525 0.885041 -0.336636 -0.816253 0.078859 -0.572287
-0.714071 -16.535639 -9.221803 84.768817 -0.019809 0.987733 -0.154891 -0.313199 0.140993 0.939163 -0.949481 -0.067115 -0.306564
-1.094304 -15.484135 -13.735047 -23.023874 0.008627 0.986322 -0.164604 -0.515771 0.145413 0.844295 -0.856683 -0.077614 -0.509971
-0.697226 -16.483771 -8.481653 -73.437602 -0.012185 0.984165 -0.176836 -0.533424 0.143185 0.833641 -0.845760 -0.104486 -0.523233
0.765651 -38.629258 30.016181 -3.180578 0.368075 0.923902 -0.104525 0.853863 -0.380368 -0.355300 0.368021 -0.041527 0.928890
0.686010 -44.529630 -35.574991 272.665947 -0.383596 -0.918040 0.100282 0.923493 -0.380886 0.045675 -0.003736 0.110130 0.993910
0.291989 -33.930654 -22.431759 91.194719 -0.384708 -0.916333 0.111061 0.920885 -0.372807 0.113955 -0.063016 0.146114 0.987259
-13.539703 -50.173564 -277.439792 1718.478293 0.838164 0.076741 -0.539992 -0.501929 -0.278878 -0.818715 0.213421 -0.957255 0.195227
-9.695563 -41.681643 -395.884039 -1105.580536 0.506615 -0.246546 -0.826169 0.856578 0.034952 0.514832 -0.098054 -0.968500 0.228894
-11.763008 -26.840714 -293.100194 -408.096225 0.448223 -0.147635 -0.881646 0.848063 -0.241609 0.471608 -0.282640 -0.959077 0.016909
-0.489616 -8.086729 106.804816 -70.122129 -0.403888 -0.398328 -0.823535 -0.621756 0.779869 -0.072279 0.671040 0.482845 -0.562642
0.872497 -7.501677 110.829849 13.098318 -0.611194 -0.092213 -0.786090 -0.376616 0.907427 0.186376 0.696134 0.409966 -0.589343
-0.498162 -6.883522 -169.129456 28.202550 -0.629836 0.145766 -0.762928 -0.369618 0.807645 0.459448 0.683146 0.571369 -0.454806
-0.275386 -7.455567 -70.581759 28.186388 -0.663049 0.113792 -0.739877 -0.298671 0.866087 0.400860 0.686412 0.486769 -0.540272
-8.568878 -83.066217 -113.949917 3871.318116 -0.386187 0.828005 0.406532 -0.045416 0.423120 -0.904935 0.921302 0.367937 0.125799
0.329726 -2.632124 -53.222232 1.549439 -0.152630 0.930825 -0.332068 0.988140 0.149452 -0.035251 0.016816 -0.333510 -0.942597
0.392779 -2.872562 -43.892828 33.132523 -0.089276 0.940682 -0.327334 0.995800 0.077602 -0.048583 -0.020300 -0.330296 -0.943659
-0.292094 -2.875952 -16.188674 -1.983249 -0.206358 0.926898 -0.313491 0.978412 0.199138 -0.055259 0.011209 -0.318126 -0.947982
0.985199 -2.595648 -71.201552 39.365531 -0.089058 0.938906 -0.332452 0.996020 0.082763 -0.033080 -0.003544 -0.334075 -0.942540
-0.449490 -3.130328 -11.243345 -42.906190 -0.312783 0.898383 -0.308343 0.948538 0.312331 -0.052192 0.049417 -0.308800 -0.949842
0.343788 -2.874250 -66.870170 -43.102964 -0.241729 0.912083 -0.331167 0.969006 0.244819 -0.033037 0.050943 -0.328888 -0.942994
1.101641 -2.426293 -94.565582 7.866266 -0.147360 0.928690 -0.340324 0.988693 0.147973 -0.024308 0.027784 -0.340058 -0.939994
1.431611 -6.793474 48.678216 22.618911 -0.096579 0.947485 -0.304868 0.225697 0.319169 0.920430 -0.969398 -0.020086 0.244670
0.156373 -6.665046 81.045889 16.974093 -0.078453 0.932234 -0.353248 0.220118 0.361793 0.905899 -0.972313 0.006686 0.233585
2.154020 -6.760217 -31.803688 17.950263 -0.163539 0.950539 -0.264065 0.255099 0.299310 0.919423 -0.952984 -0.082999 0.291431
1.051217 -6.425959 -65.612434 36.241933 -0.211995 0.950568 -0.226889 0.374039 0.293410 0.879776 -0.902858 -0.101643 0.417751
0.298420 -7.600053 -10.760029 27.446259 0.139353 0.969269 0.202728 0.348426 0.143640 -0.926265 0.926920 -0.199714 0.317702
0.142023 -7.256422 -23.860564 31.731450 0.181304 0.965863 0.185035 0.321187 0.119680 -0.939423 0.929499 -0.229752 0.288524
0.060680 -7.803211 -19.228363 53.495283 0.154140 0.961413 0.227871 0.452551 0.136317 -0.881258 0.878316 -0.238961 0.414076
4.877201 -3.214857 119.076887 -42.335155 0.186374 0.982479 -0.000569 -0.979672 0.185797 -0.075649 0.074218 -0.014656 -0.997134
3.149740 -4.023572 87.626572 -58.630075 0.112585 0.992945 0.037205 -0.993000 0.113779 -0.031721 0.035730 0.033373 -0.998804
3.932197 -4.174107 123.674131 24.511188 0.141285 0.989700 0.023086 0.989914 -0.140992 -0.013839 -0.010441 0.024808 -0.999638
3.681428 -14.307468 -0.644960 124.822698 -0.687400 0.472536 0.551535 0.705193 0.252600 0.662492 0.173734 0.844336 -0.506866
5.457319 -47.916451 -9.029403 -2576.000596 0.712116 -0.499406 -0.493441 0.668754 0.268611 0.693265 0.213677 0.823676 -0.525262
-4.172256 -35.713741 -231.523880 1141.945683 0.787207 -0.283125 -0.547855 0.611842 0.247405 0.751292 0.077168 0.926623 -0.367987
-5.277967 -8.907025 -31.671636 75.662345 0.001986 0.999242 -0.038884 0.986438 0.004424 0.164076 -0.164124 0.038683 0.985681
-4.769443 -9.098290 -13.738609 60.290858 -0.087263 0.996179 0.003658 0.962312 0.083346 0.258862 -0.257568 -0.026109 0.965907
-4.372594 -7.782145 3.143042 84.631352 -0.150165 0.988619 0.009071 0.983133 0.148350 0.106967 -0.104404 -0.024981 0.994221
-5.361688 -9.705061 -38.931785 59.913226 0.007279 0.999946 0.007483 0.937780 -0.009424 0.347101 -0.347153 -0.004491 0.937798
-5.914230 -9.827481 -36.308751 62.499802 0.113734 0.992760 -0.038637 0.931995 -0.093139 0.350299 -0.344164 0.075851 0.935841
-3.254393 -5.017346 -12.330401 1.643783 0.199059 -0.580548 0.789519 0.800017 0.561566 0.211224 -0.565992 0.589583 0.576233
-3.117834 -4.877592 -1.126016 -25.023173 -0.126447 0.654590 -0.745335 0.759996 0.546806 0.351297 -0.637509 0.522031 0.566627
-3.147802 -5.030408 -25.611896 17.542640 -0.034926 0.766868 -0.640854 0.820072 0.388490 0.420187 -0.571193 0.510871 0.642455
-3.088072 -4.863185 -38.038295 -27.138511 0.209863 -0.521083 0.827303 0.730876 0.645649 0.221264 -0.649444 0.558221 0.516345
-3.553015 -4.733592 26.777356 44.047973 0.054269 -0.751677 0.657294 0.870337 0.358276 0.337863 -0.489457 0.553732 0.673656
-3.514451 -4.829621 -12.312450 -2.474409 0.422552 -0.437276 0.793876 0.770232 0.634912 -0.060250 -0.477695 0.636927 0.605087
-2.940527 -5.409499 -36.873874 -13.041441 0.325305 -0.389804 0.861528 0.786508 0.617328 -0.017664 -0.524960 0.683344 0.507403
-2.848371 -5.078318 -43.298536 -32.230382 0.238109 -0.453982 0.858606 0.747087 0.650505 0.136768 -0.620617 0.608887 0.494055
-2.051073 -12.118260 22.047084 -95.834299 0.965910 0.052710 -0.253455 0.179749 0.568020 0.803146 -0.186301 0.821325 -0.539182
-1.339205 -10.140025 10.790094 -97.566200 0.968452 0.029541 -0.247443 0.138770 0.760820 0.633952 -0.206987 0.648290 -0.732719
-2.090639 -10.231091 33.554180 -102.087554 0.966612 0.077643 -0.244199 0.107862 0.741164 0.662602 -0.232438 0.666819 -0.708043
-0.002614 -14.280819 10.545309 110.329889 0.882434 -0.242214 -0.403290 0.059966 -0.792362 0.607097 0.466599 0.559907 0.684682
-0.182936 -12.808308 8.552229 141.983152 0.881204 -0.229812 -0.413117 0.051492 -0.822026 0.567118 0.469923 0.521019 0.712539
-0.150565 -13.511718 9.997676 -54.479694 0.880841 -0.134261 -0.453976 -0.071418 0.910282 -0.407783 0.467995 0.391614 0.792224
-0.123340 -16.977634 6.792361 8.357051 0.884640 -0.129422 -0.447954 -0.090935 0.894372 -0.437983 0.457322 0.428192 0.779428
-0.305219 -12.709580 6.912998 59.362705 0.871934 0.009287 -0.489535 -0.123852 0.971488 -0.202169 0.473700 0.236908 0.848223
-0.256282 -16.771092 11.733091 127.074416 0.870782 0.031038 -0.490689 -0.150713 0.966812 -0.206302 0.468001 0.253597 0.846560
-0.345213 -20.891005 -13.585477 270.760438 0.725589 0.513420 -0.458171 -0.392188 -0.238554 -0.888415 0.565428 -0.824313 -0.028265
-0.096427 -23.741180 -15.334927 -15.003350 0.734536 0.523036 -0.432308 -0.174343 -0.470236 -0.865149 0.655791 -0.710853 0.254217
-0.216576 -22.629684 -14.478300 201.345157 0.733288 0.544523 -0.407165 -0.068731 0.655142 0.752373 0.676435 -0.523722 0.517833
-2.990717 -7.350882 -3.939977 209.084544 0.801447 0.591141 -0.090742 0.111720 -0.297035 -0.948308 0.587538 -0.749881 0.304100
-1.732122 -6.337000 26.775853 -9.180882 0.923043 0.353784 -0.151088 -0.273002 0.879119 0.390666 -0.271036 0.319355 -0.908049
-1.370898 -6.685194 -14.795609 23.977786 -0.940733 -0.282759 0.187268 -0.223727 0.932379 0.283928 -0.254888 0.225203 -0.940381
-1.766776 -6.795471 7.941036 -26.708766 0.886541 0.447476 -0.117520 -0.356742 0.822914 0.442207 -0.294586 0.350110 -0.889180
-1.140193 -6.442601 -31.522364 32.973338 -0.957956 -0.211484 0.193895 -0.163203 0.957457 0.237994 -0.235978 0.196343 -0.951716
-2.573308 -7.070462 1.203018 -53.825830 0.871548 0.481262 -0.093761 -0.363439 0.762466 0.535311 -0.329114 0.432473 -0.839435
-2.259940 -6.694532 13.450869 -43.964062 0.922443 0.355195 -0.151444 -0.245702 0.842495 0.479409 -0.297874 0.405018 -0.864426
-1.225343 -6.066455 20.003639 -0.403818 0.949323 0.254708 -0.184144 -0.181983 0.923131 0.338692 -0.256256 0.288017 -0.922702
0.528344 -21.483976 44.352052 -40.139817 0.842645 -0.265907 0.468233 -0.532342 -0.542183 0.650115 -0.080998 0.797076 0.598422
0.368011 -18.370771 33.112949 16.857760 0.821743 -0.283099 0.494563 -0.568538 -0.466315 0.677728 -0.038758 0.838096 0.544144
0.669286 -39.674690 27.825622 299.536424 -0.548135 0.100416 0.830340 0.835523 0.020546 0.549071 0.038076 0.994733 -0.095162
-9.217451 -24.401297 -232.912638 361.309710 -0.247126 -0.130845 0.960109 0.833433 -0.534137 0.141728 0.494285 0.835211 0.241049
-9.806513 -13.899838 106.689249 18.983597 -0.571452 -0.045265 0.819386 0.804594 -0.227361 0.548576 0.161465 0.972758 0.166346
-8.714414 -22.601684 -10.210189 895.578410 0.909710 -0.229755 -0.345891 0.244736 -0.376269 0.893603 0.335458 0.897571 0.286066
-4.670787 -31.223028 -309.250332 -336.508956 -0.357621 -0.108204 0.927577 0.827600 -0.496890 0.261111 0.432651 0.861041 0.267248
1.234367 -5.480019 -6.587287 19.583745 -0.121550 0.989239 -0.081436 0.515663 -0.007169 -0.856761 0.848126 0.146133 0.509243
1.333363 -5.627304 12.989452 36.574411 -0.090739 0.994334 -0.055367 0.562178 0.005253 -0.827000 0.822023 0.106167 0.559470
-0.078596 -3.037643 -25.002719 20.331906 -0.684760 -0.714460 0.143707 0.710493 -0.610594 0.349822 -0.162187 0.341647 0.925728
-0.137307 -3.480720 -13.278710 15.980054 0.789956 0.610970 -0.051816 0.569783 -0.700221 0.430161 -0.226533 0.369332 0.901264
-0.550299 -3.366636 29.028764 28.918921 0.700469 0.699412 -0.142011 0.682766 -0.598791 0.418664 -0.207784 0.390221 0.896969
-0.953703 -3.113806 -58.265076 35.420091 -0.613985 -0.764783 0.195265 0.772436 -0.531287 0.347961 -0.162373 0.364473 0.916949
-1.417528 -3.713496 -39.857544 48.096611 -0.557236 -0.799282 0.225024 0.800037 -0.444242 0.403224 -0.222325 0.404719 0.887003
-1.416626 -2.720025 49.374647 -50.005585 0.035601 0.980652 -0.192493 0.794252 0.089139 0.601014 -0.606544 0.174285 0.775712
-0.332569 -2.413406 61.444819 -46.556104 -0.049668 0.961239 -0.271205 0.784798 0.205515 0.584684 -0.617758 0.183801 0.764587
-1.422484 -1.855184 31.954548 -42.625540 0.275053 0.961195 0.021217 0.719599 -0.220453 0.658466 -0.637592 0.165845 0.752311
-0.265313 -3.286130 59.322922 -56.683479 -0.045995 0.961926 -0.269411 0.812651 0.192873 0.549908 -0.580933 0.193644 0.790581
-1.772255 -2.375401 -29.405919 39.215764 0.654211 0.627347 0.422426 -0.424296 0.766794 -0.481663 -0.626084 0.135875 0.767826
-2.088506 -2.956527 36.731586 -47.015222 0.102884 0.989455 -0.101951 0.801209 -0.021694 0.597991 -0.589473 0.143208 0.794992
-1.306953 -3.541018 46.152917 -52.666001 0.000348 0.974914 -0.222583 0.827870 0.124571 0.546913 -0.560920 0.184460 0.807058
-103.531594 -152.770891 -9023.708946 -3809.188887 0.035494 -0.825259 -0.563638 0.985201 0.123529 -0.118826 0.167688 -0.551079 0.817430
-62.103604 -112.970332 -2376.890713 -3213.999336 -0.037348 -0.238861 -0.970335 0.776581 0.604167 -0.178614 0.628909 -0.760215 0.162931
-25.144436 -58.615062 -392.747915 1315.269513 0.663769 -0.316007 -0.677901 0.742496 0.169274 0.648109 -0.090056 -0.933534 0.346993
120.814064 -664.070178 10279.256133 -3944.691547 0.525500 -0.380317 -0.761057 0.797613 -0.091075 0.596254 -0.296079 -0.920361 0.255486
1.184483 -32.787754 -10.035176 376.672453 -0.460362 0.887233 -0.029737 -0.884035 -0.455134 0.106465 -0.080925 -0.075301 -0.993872
1.604929 -45.311019 -70.259174 706.410036 -0.447497 0.894232 0.009764 -0.892998 -0.447412 0.048760 -0.047971 -0.013101 -0.998763
0.427052 -38.807938 -59.649072 280.217670 -0.515467 0.856902 0.003597 -0.777128 -0.469240 0.419387 -0.361061 -0.213385 -0.907800
0.403999 -25.664975 -14.177174 189.240046 -0.526806 0.849937 0.009139 -0.790668 -0.493960 0.361729 -0.311961 -0.183334 -0.932239
1.993720 -50.355235 26.421590 2047.993806 -0.380342 0.924279 -0.032384 -0.922744 -0.376886 0.080621 -0.062311 -0.060545 -0.996219
-9.333572 -11.485905 79.246478 53.886173 -0.171841 0.940810 0.292144 -0.840258 0.014825 -0.541985 0.514235 0.338611 -0.787975
-7.500739 -10.883908 54.165997 -41.421495 -0.528471 0.830679 0.175190 0.750757 0.360946 0.553247 0.396336 0.423900 -0.814387
-4.053118 -8.517828 79.606897 -38.073333 -0.554079 0.782298 -0.284615 -0.756341 -0.615907 -0.220471 0.347770 -0.093108 -0.932945
-4.453693 -8.152868 26.553295 -55.463715 -0.497948 0.801298 -0.331617 -0.720515 -0.595079 -0.356003 0.482603 -0.061664 -0.873666
-3.809372 -8.379750 11.746345 -32.511076 -0.470196 0.813632 -0.341935 0.848846 0.522978 0.077171 0.241613 -0.253965 -0.936550
-0.109302 -6.304783 -16.788543 53.823358 -0.294009 0.898297 -0.326529 -0.142586 0.296584 0.944302 -0.945107 -0.324192 -0.040886
-0.328034 -6.475991 -54.501178 63.118643 -0.312693 0.865677 -0.390930 -0.206709 0.339686 0.917543 -0.927089 -0.367718 -0.072726
0.283619 -7.253638 -11.441119 67.739317 -0.290409 0.882387 -0.370211 -0.283152 0.290317 0.914079 -0.914050 -0.370283 -0.165539
-0.903670 -5.544874 -56.736540 33.937820 -0.311540 0.888131 -0.337884 -0.068013 0.333827 0.940177 -0.947796 -0.315883 0.043596
0.187087 -6.986185 17.680993 56.956655 -0.266691 0.903958 -0.334268 -0.238889 0.274007 0.931586 -0.933707 -0.328299 -0.142870
-0.296074 -5.396489 -26.687092 28.550542 -0.299592 0.909807 -0.287221 -0.038094 0.289402 0.956449 -0.953307 -0.297486 0.052045
0.132783 -5.928624 15.428797 26.759458 -0.274043 0.918527 -0.284973 -0.035983 0.286317 0.957459 -0.961044 -0.272639 0.045412
-0.402884 -6.334157 -70.973469 34.941186 -0.197714 0.964170 -0.176876 0.387998 0.242675 0.889138 -0.900204 -0.107167 0.422077
0.037753 -5.789587 -72.632302 37.491730 -0.202136 0.964166 -0.171830 0.479283 0.250394 0.841184 -0.854066 -0.087679 0.512722
-0.442959 -5.404047 -23.325576 35.039930 -0.114657 0.987236 -0.110539 0.544747 0.155534 0.824051 -0.830726 -0.034267 0.555626
0.685299 -11.394081 21.366968 -27.359357 0.152466 -0.945861 -0.286535 0.944679 0.054284 0.323472 -0.290405 -0.320002 0.901811
0.795731 -11.614146 19.345800 -64.368368 0.146616 -0.948025 -0.282403 0.979447 0.099154 0.175645 -0.138515 -0.302351 0.943079
1.184376 -12.505354 -57.347408 -48.041624 -0.338975 -0.911905 0.231355 0.940495 -0.322244 0.107836 -0.023783 0.254142 0.966875
3.051646 -7.596859 20.247072 22.578450 0.325103 0.932634 0.156528 -0.355347 0.273865 -0.893715 0.876377 -0.234928 -0.420443
2.626238 -7.676562 12.074030 -25.375796 0.333464 0.912813 0.235742 -0.422694 0.368274 -0.828073 0.842693 -0.176486 -0.508647
2.066878 -8.638544 -53.621744 12.325362 0.400471 0.900607 0.168908 -0.375147 0.329326 -0.866492 0.835995 -0.283640 -0.469746
-0.916472 -9.717213 -170.830309 0.030004 0.468952 0.859608 0.202873 -0.385801 0.405991 -0.828450 0.794507 -0.310235 -0.522028
-0.734185 -9.140244 -207.898300 -25.954244 0.438498 0.891837 0.111112 -0.261718 0.244988 -0.933533 0.859781 -0.380272 -0.340836
-1.465930 -12.161036 42.799748 333.816344 0.461719 -0.441945 -0.769090 0.591237 0.799689 -0.104582 0.661252 -0.406427 0.630526
-1.321004 -9.781166 28.955305 61.062887 0.443251 -0.473281 -0.761271 0.539109 0.819249 -0.195429 0.716163 -0.323784 0.618283
-1.795678 -12.613565 36.293523 215.420072 0.462752 -0.484949 -0.742081 0.575559 0.801031 -0.164562 0.674234 -0.350960 0.649796
-1.167199 -11.046918 9.837936 -50.147349 0.447696 -0.487245 -0.749773 0.489634 0.835201 -0.250396 0.748215 -0.255014 0.612488
-2.146537 -19.675724 52.928444 531.347836 0.496388 -0.425566 -0.756633 0.669888 0.742134 0.022068 0.552131 -0.517814 0.653468
-1.977701 -13.426052 3.219993 359.911029 0.512432 -0.482457 -0.710386 0.632653 0.771480 -0.067590 0.580658 -0.414793 0.700559
-1.363631 -11.367999 14.473862 -88.535664 0.428840 -0.532458 -0.729784 0.506273 0.810710 -0.294003 0.748187 -0.243390 0.617234
-1.725526 -9.674083 -1.265494 -53.412113 0.423158 -0.589410 -0.688137 0.613285 0.745383 -0.261314 0.666947 -0.311447 0.676891
-1.793818 -10.430607 -23.725611 177.004123 0.476161 -0.550536 -0.685697 0.639168 0.752219 -0.160095 0.603932 -0.362044 0.710063
-0.453861 -16.069305 -3.334174 303.020766 0.092700 0.969265 -0.227886 -0.968286 0.141086 0.206198 -0.232012 -0.201544 -0.951604
-0.474723 -20.660511 -7.374925 -373.083040 0.134212 0.963171 -0.232998 0.990169 -0.120999 0.070168 0.039391 -0.240125 -0.969942
-0.364386 -17.363972 -2.101687 352.133101 0.094937 0.968282 -0.231122 -0.967296 0.144586 0.208409 -0.235215 -0.203777 -0.950341
0.121149 -45.988970 8.016260 -486.993357 0.324508 0.943250 -0.070520 0.706266 -0.291221 -0.645274 0.629192 -0.159591 0.760689
-0.182115 -44.291287 -2.460238 -575.695158 0.319295 0.945265 -0.067266 0.424396 -0.206097 -0.881710 0.847312 -0.252978 0.466973
-0.981565 -10.438307 -155.781749 -139.880437 0.198130 0.592982 0.780460 -0.787353 0.570531 -0.233601 0.583797 0.568214 -0.579925
-16.669930 -71.693553 -85.307389 -1270.326757 -0.219818 0.946730 -0.235336 0.423758 -0.124623 -0.897161 0.878698 0.296938 0.373789
-7.118391 -115.925526 247.683697 -5014.747396 -0.068816 0.925137 -0.373344 0.374996 -0.322800 -0.869010 0.924469 0.199805 0.324709
-5.266454 -19.336214 216.335774 -942.328673 0.014889 0.719146 -0.694700 0.576281 -0.573948 -0.581794 0.817116 0.391680 0.422975
-0.135635 -3.073084 -26.165510 27.238814 -0.110853 0.941187 -0.319185 0.993439 0.095858 -0.062364 -0.028100 -0.324005 -0.945638
0.375793 -6.887585 80.451756 11.731463 -0.074955 0.948645 -0.307333 0.119772 0.314533 0.941660 -0.989968 -0.033773 0.137197
-1.105424 -6.616881 100.875448 -0.831289 -0.085400 0.925269 -0.369572 0.093147 0.376717 0.921633 -0.991983 -0.044283 0.118358
-1.118063 -6.573041 89.722237 14.496032 -0.100953 0.904967 -0.413331 0.199514 0.425429 0.882725 -0.974681 -0.006648 0.223502
3.926178 -1.812168 98.818609 30.519346 0.754996 0.183375 0.629567 0.083577 0.925360 -0.369761 -0.650381 0.331786 0.683318
3.256902 -2.271120 99.642133 21.563923 0.764152 0.172876 0.621438 0.056327 0.941852 -0.331274 -0.642572 0.288147 0.709981
3.962052 -1.985467 2.156219 24.714363 0.707886 0.226897 0.668891 0.058454 0.924932 -0.375612 -0.703903 0.304990 0.641484
4.229415 -1.671076 13.145877 21.782630 0.717114 0.222185 0.660592 0.069296 0.920398 -0.384793 -0.693503 0.321717 0.644634
