12590
25159
-8.033234 -10.528366 71.225733 -130.852455 -0.279798 0.931979 0.230496 0.957258 0.252494 0.141084 0.073289 0.260119 -0.962791
-7.567807 -11.782243 -82.826325 -367.424321 0.437108 0.888960 0.136699 0.899201 -0.428660 -0.087687 -0.019353 0.161249 -0.986724
-6.919924 -8.556970 72.650838 -143.240212 -0.453484 0.871113 0.188455 0.887925 0.459856 0.010999 -0.077081 0.172322 -0.982020
-5.839118 -7.734922 -88.463916 187.241967 0.123938 0.989067 0.079912 -0.979883 0.109295 0.166987 -0.156427 0.099000 -0.982715
-5.615039 -8.657266 -0.498471 -102.894040 -0.669501 0.706593 0.229119 0.739088 0.664509 0.110348 -0.074280 0.243217 -0.967123
-4.777491 -7.210350 22.131470 -108.389708 -0.724862 0.655477 0.211957 0.669463 0.742806 -0.007659 -0.162463 0.136346 -0.977249
0.424125 -3.655083 67.735013 -4.374417 0.179578 0.970231 0.162489 -0.942716 0.122521 0.310282 -0.281137 0.208901 -0.936655
2.692186 -3.817288 163.013216 42.994630 0.147805 0.971413 0.185772 0.967921 -0.103489 -0.228954 -0.203183 0.213653 -0.955546
0.461463 -3.137914 74.407260 37.203959 0.068923 0.976616 0.203645 0.982802 -0.031414 -0.181972 -0.171319 0.212685 -0.961985
2.925722 -4.216231 193.465506 15.002186 0.211944 0.959256 0.186834 -0.926589 0.136470 0.350442 -0.310666 0.247392 -0.917760
-1.763746 -7.407570 83.116498 67.402017 -0.603691 -0.566715 -0.560706 0.755544 -0.182288 -0.629225 0.254381 -0.803495 0.538224
0.093164 -7.427077 127.838081 73.028851 -0.458212 -0.571525 -0.680736 0.850797 -0.060347 -0.522017 0.257265 -0.818363 0.513904
0.597050 -5.188943 75.940195 113.202754 -0.622656 -0.559551 -0.546994 0.691010 -0.065196 -0.719899 0.367159 -0.826228 0.427249
-1.825564 -8.570573 118.115644 42.675567 -0.494647 -0.561152 -0.663652 0.861585 -0.216457 -0.459149 0.114000 -0.798909 0.590550
-1.137410 -6.007033 -35.262405 23.868513 -0.343272 0.915400 -0.210256 0.896417 0.252487 -0.364262 -0.280358 -0.313518 -0.907252
-1.901050 -5.180474 -18.262009 68.524300 -0.399949 0.901480 -0.165453 0.901025 0.353647 -0.251174 -0.167916 -0.249534 -0.953696
-1.340357 -5.207621 -32.664705 70.972882 -0.333545 0.915157 -0.226354 0.928615 0.277539 -0.246264 -0.162548 -0.292336 -0.942400
13.051971 -12.024183 284.894630 -38.885956 -0.196905 -0.947662 -0.251327 0.979759 -0.180766 -0.086002 0.036070 -0.263174 0.964074
10.407205 -14.235074 -184.546274 -236.510360 0.249969 0.961434 0.114719 0.939646 -0.212288 -0.268327 0.233625 -0.174868 0.956473
8.464337 -12.273785 212.290157 -156.901714 -0.165998 -0.928333 -0.332629 0.973580 -0.100647 -0.204967 0.156800 -0.357865 0.920514
8.124231 -11.570387 208.872295 -61.850453 -0.103111 -0.880073 -0.463509 0.993337 -0.066993 -0.093775 0.051477 -0.470089 0.881116
5.701425 -13.335457 121.344703 -164.246814 -0.106981 -0.898741 -0.425228 0.963000 0.012739 -0.269201 0.247359 -0.438294 0.864125
1.356294 -24.002305 -36.517409 -142.563463 0.070224 0.868393 -0.490878 -0.535623 -0.382312 -0.752958 0.841532 -0.315801 -0.438284
1.206952 -20.869546 -23.057073 240.398590 0.140390 0.872227 -0.468519 -0.359381 -0.396040 -0.844984 0.922570 -0.287004 -0.257861
1.598802 -22.089098 -38.677436 180.527877 0.131433 0.884150 -0.448336 -0.291109 -0.397896 -0.870020 0.947619 -0.244864 -0.205087
1.994059 -19.695983 -22.589626 2.250048 0.076544 0.899037 -0.431130 -0.403500 -0.367478 -0.837942 0.911772 -0.238100 -0.334634
1.980388 -21.562092 -29.784765 63.015067 0.088842 0.896777 -0.433473 -0.172504 -0.414765 -0.893428 0.980994 -0.154150 -0.117849
1.013600 -6.708966 22.624843 -10.849098 -0.127626 0.977711 -0.166711 0.979385 0.150768 0.134437 -0.156575 0.146116 0.976798
0.949596 -6.396963 -26.231563 21.169352 0.143753 -0.975439 0.166893 0.988641 0.149031 0.019475 -0.043869 0.162198 0.985783
1.391004 -6.757890 4.465146 -15.464439 -0.171112 0.974011 -0.148401 0.973565 0.190284 0.126347 -0.151302 0.122858 0.980823
1.598500 -6.391395 15.720648 -31.619121 -0.158879 0.972780 -0.168692 0.943358 0.199982 0.264731 -0.291261 0.117077 0.949453
0.757316 -6.609069 25.725177 1.827131 -0.073265 0.982119 -0.173418 0.976648 0.105867 0.186952 -0.201969 0.155672 0.966941
0.987452 -17.551326 27.302747 -176.671258 -0.190088 0.970181 -0.150386 0.971861 0.207655 0.111204 -0.139117 0.125016 0.982353
0.356245 -16.568413 -35.781743 -128.379693 -0.108613 0.989082 -0.099599 0.982556 0.122027 0.140332 -0.150954 0.082620 0.985082
-0.347817 -14.874265 -50.246778 -57.366503 -0.174900 0.976284 -0.127588 0.916367 0.208806 0.341573 -0.360113 0.057176 0.931155
-0.036723 -14.397777 -9.928968 -19.165166 -0.210936 0.962179 -0.172388 0.820579 0.270132 0.503665 -0.531183 0.035217 0.846525
0.164683 -15.459033 1.602177 -33.875819 -0.205109 0.964838 -0.164372 0.918135 0.247855 0.309187 -0.339056 0.087499 0.936688
-0.788666 -13.512554 -56.163928 -77.462164 -0.216222 0.963617 -0.157129 0.777216 0.267284 0.569644 -0.590917 -0.001047 0.806732
-1.557846 -13.224158 -81.741044 -106.659161 -0.150468 0.980425 -0.126991 0.859422 0.193209 0.473355 -0.488625 0.037914 0.871670
0.021671 -4.158627 -8.294467 34.082917 -0.022385 0.971629 0.235449 0.339349 -0.214142 0.915961 -0.940394 -0.100403 0.324928
0.015674 -4.897186 -35.159435 24.075092 -0.018711 0.962156 0.271857 0.265072 -0.257401 0.929237 -0.964047 -0.089449 0.250224
0.164335 -4.621284 -9.373713 28.381069 0.000158 0.958955 0.283558 0.273822 -0.272762 0.922292 -0.961780 -0.077499 0.262626
7.107983 -19.363432 -448.737632 -209.832763 -0.105387 0.827587 -0.551356 0.984749 0.009669 -0.173714 -0.138432 -0.561255 -0.815984
6.139084 -20.727371 -369.730352 -342.453704 -0.130637 0.842192 -0.523113 0.987191 0.159237 0.009836 0.091583 -0.515128 -0.852207
10.108008 -19.867390 -355.488382 -385.069687 -0.053015 0.903889 -0.424470 0.994068 0.007346 -0.108513 -0.094966 -0.427705 -0.898916
-3.473884 -74.151949 -69.609600 3205.492215 0.419207 0.901176 0.110213 -0.277444 0.242746 -0.929569 0.864459 -0.359104 -0.351787
-4.496700 -100.595910 -321.088464 5245.933643 0.516181 0.836086 0.185787 -0.288538 0.373994 -0.881405 0.806414 -0.401358 -0.434292
-4.704441 -56.973861 -177.593362 2704.223646 0.403517 0.910978 0.085400 -0.256485 0.202215 -0.945158 0.878288 -0.359484 -0.315250
-4.356382 -8.534909 88.745183 103.892889 -0.626260 0.689814 0.363257 0.561148 0.722306 -0.404210 -0.541213 -0.049300 -0.839439
-5.065409 -7.448178 90.922739 99.316123 -0.648791 0.689172 0.322664 0.619114 0.724590 -0.302766 -0.442457 0.003333 -0.896784
-5.265924 -8.602325 45.401194 72.477881 -0.675944 0.690459 0.257616 0.546972 0.704311 -0.452513 -0.493883 -0.164964 -0.853737
-4.599304 -9.044556 91.984080 -25.577806 -0.613093 0.713849 0.338432 -0.473590 -0.674981 0.565786 -0.632321 -0.186602 -0.751898
-3.514404 -9.139421 74.811366 82.398931 -0.585072 0.703596 0.403290 0.506957 0.705457 -0.495303 -0.632997 -0.085337 -0.769436
0.056583 -6.917827 2.429457 36.781657 0.271733 0.856680 0.438474 -0.279785 0.506262 -0.815732 0.920805 -0.098983 -0.377255
0.161795 -6.660543 16.785597 28.180105 0.259181 0.872141 0.414964 -0.312718 0.482280 -0.818300 0.913801 -0.082321 -0.397732
0.037804 -7.009663 11.870777 13.570350 0.257536 0.869328 0.421834 -0.211340 0.476667 -0.853302 0.942874 -0.130606 -0.306482
0.020685 -6.983348 5.840742 4.589843 0.261060 0.881769 0.392850 -0.159642 0.440796 -0.883297 0.952030 -0.167878 -0.255842
-0.130240 -7.208119 8.245041 -2.551662 0.261625 0.856418 0.445086 -0.080822 0.478967 -0.874104 0.961780 -0.192715 -0.194527
-0.475204 -6.148956 -18.792487 6.937828 0.008776 0.895864 0.444242 0.125749 -0.441721 0.888296 -0.992023 -0.048067 0.116530
-0.760572 -5.999865 -8.473010 4.731127 0.015102 0.905361 0.424375 0.209161 -0.417894 0.884091 -0.977765 -0.075411 0.195677
-0.504629 -6.053771 -1.435618 8.330731 0.016490 0.927347 0.373840 0.097327 -0.373604 0.922468 -0.995116 -0.021174 0.096416
33.281855 -114.777558 37957.674557 -44486.488574 -0.267837 0.843032 0.466434 -0.542966 -0.531996 0.649744 -0.795896 0.079232 -0.600226
1980.582672 113.050794 424679.852329 53142.788922 0.002171 0.998974 -0.045235 -0.234203 0.044485 0.971169 -0.972185 -0.008486 -0.234060
-24.800721 -123.980935 1008.905859 -4616.089960 -0.307625 0.174954 0.935285 0.893556 0.390917 0.220775 -0.326994 0.903645 -0.276587
1.625496 -226.442697 -60.333985 -12139.844527 0.121213 0.909546 -0.397534 0.500465 0.289861 0.815791 -0.857229 0.297836 0.420061
-0.771955 -74.570901 235.855473 -3120.862979 0.119524 0.859611 -0.496773 0.434126 0.404740 0.804810 -0.892888 0.311856 0.324804
-1.134182 -212.954843 311.269585 -9290.501221 0.009573 0.883490 -0.468352 0.760533 0.297662 0.577050 -0.649229 0.361721 0.669074
-8.778020 -65.652487 -399.392035 -1977.094514 -0.107760 -0.911077 0.397903 0.946067 0.029023 0.322668 -0.305524 0.411214 0.858812
-3.151240 -64.095722 -160.710713 1174.335477 -0.102428 -0.913545 0.393630 0.994099 -0.108216 0.007527 0.035721 0.392078 0.919238
0.083110 -61.393442 -4.355448 -799.701578 -0.054600 -0.927615 0.369527 0.986467 0.007188 0.163801 -0.154601 0.373469 0.914669
0.054380 -88.361454 64.854126 -3817.622202 0.123591 0.901866 -0.413960 0.724120 0.203269 0.659039 -0.678510 0.381208 0.627937
-0.640402 -8.808291 2.493077 50.369192 0.230561 0.853469 0.467367 0.967500 -0.149806 -0.203722 -0.103856 0.499148 -0.860270
-0.894147 -9.886272 2.910260 32.143473 0.178723 0.871648 0.456385 0.972153 -0.084981 -0.218396 -0.151581 0.482709 -0.862563
-0.781614 -9.836920 3.313522 39.948129 0.139507 0.866012 0.480168 0.958561 0.003531 -0.284867 -0.248393 0.500011 -0.829632
-0.767077 -9.303485 -3.293035 45.727625 0.141079 0.859353 0.491538 0.953481 0.015662 -0.301045 -0.266403 0.511144 -0.817167
-0.669617 -7.962571 5.289816 49.026926 0.225777 0.845244 0.484342 0.961578 -0.113652 -0.249901 -0.156181 0.522155 -0.838428
-0.153738 -7.285377 9.832339 32.697281 0.358854 0.820800 0.444423 0.933290 -0.308419 -0.183979 -0.013942 0.480797 -0.876721
-6.920928 -10.600611 -45.765321 68.165237 0.635423 -0.428470 -0.642380 0.540607 -0.347157 0.766307 0.551346 0.834204 -0.011042
-7.117928 -9.928964 -36.042968 76.231257 0.591946 -0.541836 -0.596669 0.397008 -0.448241 0.800915 0.701416 0.710980 0.050221
-7.578114 -10.685626 -24.995615 54.628662 0.611150 -0.596539 -0.520228 0.449746 -0.279126 0.848420 0.651325 0.752483 -0.097703
-7.118919 -10.264432 -2.041062 -76.761108 -0.565126 0.739190 0.366376 -0.258084 0.263402 -0.929522 0.783598 0.619853 -0.041917
-7.335482 -10.963202 -39.032124 34.126890 0.643448 -0.498671 -0.580777 0.562940 -0.205866 0.800448 0.518722 0.841990 -0.148258
-7.555023 -11.048746 -6.584379 -18.420853 -0.541680 0.722627 0.429410 -0.456113 0.176424 -0.872259 0.706076 0.668345 -0.234034
-7.728761 -11.158550 -14.080847 6.684341 0.589939 -0.618785 -0.518726 0.570274 -0.135500 0.810202 0.571628 0.773786 -0.272940
0.130801 -1.696422 -31.187429 10.398074 0.896939 -0.441057 -0.031126 0.413649 0.812167 0.411436 0.156187 0.381908 -0.910907
-0.172974 -1.906111 -55.643177 13.685413 0.752821 -0.641372 -0.147995 0.645539 0.675476 0.356386 0.128609 0.363832 -0.922543
0.333995 -2.278097 -35.252181 -13.429191 0.780262 -0.611671 -0.130574 0.614916 0.712055 0.338903 0.114321 0.344725 -0.931716
-0.434995 -1.135568 10.918431 1.994289 0.982684 -0.132670 0.129348 0.070053 0.912288 0.403514 0.171537 0.387465 -0.905785
0.589661 -1.492314 58.620013 -17.427471 0.977747 0.020788 0.208757 -0.104509 0.911083 0.398756 0.181905 0.411700 -0.892980
-4.404643 -56.993621 129.079658 -3083.001386 -0.153586 -0.104965 -0.982544 -0.255454 0.964758 -0.063134 0.954544 0.241299 -0.174987
-6.263479 -174.128364 265.815433 -9272.458633 -0.045744 -0.130727 -0.990363 -0.210863 0.970326 -0.118342 0.976445 0.203417 -0.071952
-4.719186 -7.715441 -45.321766 73.123975 -0.008049 0.720181 0.693740 -0.186082 0.680566 -0.708664 0.982501 0.134796 -0.128535
-4.540554 -9.318422 -66.140116 75.496480 -0.085566 0.894715 0.438364 -0.024029 0.437997 -0.898655 0.996043 0.087428 0.015979
-3.707405 -5.982647 86.691973 -105.590180 -0.183671 -0.178869 -0.966577 -0.192314 0.970842 -0.143115 0.963992 0.159600 -0.212714
-3.556029 -5.385179 -45.511749 113.742475 0.006965 0.890568 0.454797 -0.201923 0.446692 -0.871604 0.979377 0.085763 -0.182937
-3.255944 -7.522084 -51.277408 108.390054 -0.028979 0.953265 0.300744 -0.078595 0.297766 -0.951398 0.996485 0.051207 -0.066293
-0.238183 -4.092565 139.929188 -81.589439 -0.002125 0.983080 0.183166 -0.976594 0.037356 -0.211821 0.215080 0.179329 -0.959991
2.132804 -4.759100 77.841677 -96.582115 -0.063967 0.992301 0.106051 -0.974900 -0.039426 -0.219124 0.213256 0.117405 -0.969916
1.347464 -2.957002 109.206241 -42.479552 -0.117546 0.985750 0.120336 -0.963492 -0.083852 -0.254267 0.240553 0.145831 -0.959618
2.955852 -3.812037 61.611400 -71.586431 -0.111923 0.992134 0.056073 -0.960758 -0.093626 -0.261110 0.253806 0.083096 -0.963679
-0.667913 -2.147314 124.571410 -44.587959 -0.212260 0.971452 0.105960 -0.941815 -0.174446 -0.287320 0.260633 0.160781 -0.951956
2.908935 -2.376478 84.020259 -26.892174 -0.169930 0.984033 0.052946 -0.944726 -0.147384 -0.292868 0.280388 0.099787 -0.954686
1.145876 -1.502489 62.608095 -29.822820 -0.380720 0.924428 0.022030 -0.872880 -0.351423 -0.338500 0.305177 0.148103 -0.940709
0.711069 -9.984306 -14.205014 -70.681429 -0.056747 0.962309 0.265971 0.075548 0.269775 -0.959955 0.995526 0.034381 0.088010
0.926452 -10.606581 -2.232565 -9.447486 -0.074187 0.964264 0.254344 0.093178 0.260633 -0.960931 0.992882 0.047589 0.109184
0.751549 -10.947963 -11.283336 -83.640325 -0.057140 0.967713 0.245494 -0.050598 0.242773 -0.968763 0.997083 0.067777 -0.035092
-0.308894 -12.556121 1.002434 -377.234637 0.079125 0.852835 -0.516151 0.978953 -0.164189 -0.121217 -0.188125 -0.495696 -0.847876
-0.216037 -14.244568 10.870545 -322.059568 0.075824 0.857619 -0.508665 0.992281 -0.115102 -0.046150 -0.098128 -0.501239 -0.859727
-0.425589 -16.151508 0.609429 -271.020143 0.086850 0.853695 -0.513481 0.994323 -0.042477 0.097559 0.061475 -0.519038 -0.852537
1.672098 -9.585220 55.984349 -85.826934 0.173039 0.830550 -0.529381 -0.854398 0.393964 0.338815 -0.489960 -0.393674 -0.777791
1.936226 -10.171116 45.586993 -70.471240 0.095232 0.834625 -0.542524 0.915798 -0.287080 -0.280891 -0.390186 -0.470092 -0.791687
0.939737 -8.725446 36.331950 -17.325206 0.162787 0.828454 -0.535877 0.912381 -0.333139 -0.237866 -0.375582 -0.450202 -0.810096
0.091811 -7.770786 28.268545 -128.112265 0.160192 0.833792 -0.528327 0.924278 -0.314581 -0.216217 -0.346481 -0.453685 -0.821048
0.121505 -7.078960 37.235716 119.361320 0.221289 0.819323 -0.528905 0.908150 -0.370772 -0.194399 -0.355379 -0.437307 -0.826116
0.552120 -8.864133 56.351415 -157.571661 0.213850 0.825609 -0.522148 -0.871438 0.402772 0.279949 -0.441435 -0.395152 -0.805599
9.952032 -7.682269 303.154115 3.570802 -0.680856 0.681686 0.267841 0.591205 0.727381 -0.348415 -0.432332 -0.078872 -0.898258
13.665313 -8.528114 298.843522 -14.101134 -0.751206 0.642471 0.151393 0.535336 0.727187 -0.429669 -0.386140 -0.241724 -0.890205
9.924399 -8.334723 60.791014 14.714261 -0.813152 0.576860 0.077572 0.538788 0.796417 -0.274641 -0.220208 -0.181530 -0.958413
-1.066871 -13.382767 -21.358654 -307.396466 -0.086464 0.862068 -0.499363 -0.853112 0.194796 0.483999 -0.514514 -0.467861 -0.718597
-0.860523 -9.413537 -5.386776 150.190581 -0.003091 0.853592 -0.520932 0.930382 -0.188510 -0.314410 -0.366579 -0.485638 -0.793584
-0.760167 -9.656881 -13.353433 180.731269 -0.025701 0.850745 -0.524949 0.923693 -0.180596 -0.337901 -0.382272 -0.493576 -0.781186
-0.829393 -10.389834 -24.007348 191.144181 -0.051807 0.849488 -0.525058 0.918045 -0.166433 -0.359853 -0.393078 -0.500670 -0.771245
-0.827427 -13.785266 -19.565069 -325.969472 -0.102737 0.864222 -0.492509 -0.832007 0.196705 0.518720 -0.545168 -0.463063 -0.698830
-1.086591 -17.774806 -21.865045 -274.225392 -0.119254 0.873920 -0.471214 -0.663415 0.282964 0.692685 -0.738688 -0.395215 -0.546027
-0.797891 -15.540373 36.977154 80.721236 0.178527 0.823249 -0.538877 0.248547 0.492182 0.834255 -0.952025 0.282873 0.116749
0.171643 -16.037843 62.795819 90.708139 0.170096 0.785137 -0.595505 0.318799 0.527970 0.787156 -0.932435 0.323739 0.160496
0.684108 -16.650804 67.464987 65.971142 0.175205 0.803625 -0.568762 0.055307 0.568751 0.820648 -0.982977 0.175238 -0.055202
-1.278904 -15.099371 30.073916 32.499488 0.170602 0.812770 -0.557046 0.471059 0.429271 0.770604 -0.865447 0.393868 0.309628
-0.320766 -16.108316 47.058982 30.354251 0.180331 0.834633 -0.520451 -0.023951 0.532695 0.845969 -0.983314 0.140089 -0.116052
5.123598 -22.160989 -248.406003 21.580378 -0.340995 0.882032 -0.325181 -0.664688 -0.470833 -0.580091 0.664765 -0.018335 -0.746828
12.253750 -25.165013 -645.114314 72.040291 -0.301259 0.865167 -0.400909 -0.808923 -0.454489 -0.372937 0.504862 -0.211954 -0.836773
2.759482 -22.208416 -237.199980 -172.564795 -0.396183 0.817078 -0.418834 -0.756840 -0.548877 -0.354862 0.519838 -0.176400 -0.835854
-2.228303 -4.271282 56.437663 -50.772933 0.163532 0.952229 0.257907 0.979688 -0.187502 0.071090 0.116052 0.241043 -0.963551
-1.661824 -5.396173 21.262984 -85.983370 0.296488 0.913737 0.277812 0.936034 -0.335761 0.105378 0.189566 0.228798 -0.954838
-2.550563 -5.761817 71.183696 -87.683332 0.323394 0.908361 0.265135 0.926902 -0.360478 0.104439 0.190444 0.211980 -0.958538
4.418308 -34.245998 59.494087 919.138808 0.079861 0.992870 -0.088491 -0.673935 0.119191 0.729112 -0.734461 -0.001410 -0.678649
4.407888 -58.370574 -54.652884 1872.743091 0.086925 0.963242 -0.254183 -0.748034 0.231621 0.621930 -0.657943 -0.136076 -0.740672
6.783520 -58.092548 -79.097554 1771.104088 0.080900 0.985978 -0.145951 -0.917361 0.130915 0.375912 -0.389749 -0.103479 -0.915089
5.614124 -75.553540 -56.167054 3215.148725 0.023631 0.999605 -0.015221 -0.862028 0.028085 0.506082 -0.506310 -0.001162 -0.862351
2.332267 -32.802164 103.720850 1075.167108 0.022449 0.998320 0.053419 -0.618938 -0.028083 0.784937 -0.785119 0.050684 -0.617268
2.698962 -47.049248 10.746099 811.563473 -0.390927 0.537738 0.747003 0.819060 0.573491 0.015803 -0.419902 0.618018 -0.664633
1.843493 -46.453396 -34.639271 1714.453017 -0.400135 0.523430 0.752272 0.913463 0.294083 0.281250 -0.074016 0.799710 -0.595807
1.084737 -80.257767 92.340014 2594.789849 -0.370003 0.438656 0.818950 0.717602 0.694802 -0.047945 -0.590039 0.569940 -0.571858
2.865852 -44.225214 23.769407 1597.674224 -0.347480 0.579698 0.737026 0.935406 0.159509 0.315550 0.065362 0.799066 -0.597679
1.382574 -72.476526 -116.301418 1250.498261 -0.438903 0.390843 0.809078 0.509159 0.850105 -0.134457 -0.740352 0.352936 -0.572115
3.109024 -36.949643 28.558470 561.367795 -0.400624 0.571014 0.716549 0.908504 0.348991 0.229837 -0.118829 0.743067 -0.658583
2.173838 -52.645737 -38.369106 -127.002891 -0.395052 0.514856 0.760826 0.529519 0.804388 -0.269387 -0.750696 0.296450 -0.590401
3.217314 -41.825867 20.901987 -273.622867 -0.389209 0.567091 0.725896 0.759076 0.643882 -0.096020 -0.521843 0.513638 -0.681069
-9.665858 -12.631248 -12.638052 -271.889012 0.452287 0.852864 0.260883 0.878303 -0.476755 0.035887 0.154985 0.212903 -0.964703
-6.882774 -11.395646 -117.965610 84.461442 0.351518 0.927052 0.130420 -0.912198 0.370504 -0.174992 0.210548 0.057456 -0.975894
-4.465184 -12.751785 -193.930214 313.198645 0.356429 0.934160 0.017436 -0.933619 0.356822 -0.032134 0.036240 0.004826 -0.999331
-3.785544 -11.383005 -163.163722 380.545522 0.261605 0.965174 0.001316 -0.955379 0.258756 0.142463 -0.137162 0.038526 -0.989799
-6.280998 -9.362890 85.190607 -33.703742 0.759327 0.053439 -0.648511 0.599643 0.329549 0.729264 -0.252687 0.942625 -0.218191
-6.938503 -9.091004 67.424362 -55.901926 0.685559 0.127101 -0.716837 0.612468 0.431602 0.662271 -0.393563 0.893065 -0.218043
-6.899628 -9.483451 54.092006 -24.911582 0.681331 0.170297 -0.711889 0.656148 0.288975 0.697111 -0.324434 0.942068 -0.085148
-8.042004 -9.158570 -46.671564 -57.635634 -0.551550 -0.219142 0.804841 0.672872 0.453364 0.584555 -0.492986 0.863967 -0.102598
-6.293502 -9.712037 80.202542 -8.751503 0.759947 0.075924 -0.645536 0.635072 0.124791 0.762306 -0.138434 0.989274 -0.046617
-8.254214 -9.608024 -38.660353 -31.962703 -0.558880 -0.286947 0.778020 0.708511 0.322281 0.627812 -0.430890 0.902107 0.023189
-7.689396 -9.729764 -55.474223 -17.180174 -0.648783 -0.245801 0.720182 0.697457 0.186447 0.691947 -0.304357 0.951220 0.050472
2.331185 -3.172509 146.735352 54.098945 -0.014897 0.973911 0.226441 0.993454 0.040069 -0.106976 -0.113258 0.223365 -0.968132
5.306574 -4.971367 177.310043 15.953612 0.159432 0.979943 0.119557 -0.943782 0.115773 0.309631 -0.289579 0.162201 -0.943311
4.782974 -4.189886 206.009728 52.108332 0.075122 0.982858 0.168368 0.986396 -0.048485 -0.157072 -0.146216 0.177877 -0.973129
3.327900 -4.673494 244.967806 86.785713 0.882409 0.465489 0.068367 0.241195 -0.322805 -0.915217 0.403954 -0.824086 0.397119
3.822023 -3.155029 97.220558 123.759959 0.818335 0.510408 0.264220 0.389731 -0.154917 -0.907805 0.422419 -0.845863 0.325696
8.802076 -2.877975 363.972494 126.814425 0.899012 0.437790 -0.010868 0.124699 -0.279706 -0.951953 0.419796 -0.854462 0.306051
9.162230 -5.008161 328.455216 70.473904 0.939451 0.330333 -0.091168 0.060495 -0.421731 -0.904701 0.337301 -0.844407 0.416179
-2.230097 -6.077215 -7.632548 -31.915486 -0.425400 0.900553 -0.089658 -0.858685 -0.370353 0.354259 -0.285824 -0.227690 -0.930839
-2.071409 -6.200771 -9.202195 5.787653 -0.443006 0.894249 -0.063748 -0.798837 -0.361461 0.480839 -0.406947 -0.263939 -0.874489
-2.316292 -6.006905 -1.673108 -27.597323 -0.450384 0.892270 -0.031740 -0.838927 -0.410758 0.357042 -0.305541 -0.187433 -0.933549
-2.380214 -5.067846 -4.252097 -66.545207 -0.459527 0.886539 -0.053702 -0.870181 -0.437294 0.227065 -0.177818 -0.151073 -0.972398
-2.246460 -5.091382 -10.564930 68.486205 -0.440283 0.891022 -0.110588 0.881612 0.405700 -0.241181 -0.170032 -0.203683 -0.964159
12.645608 -14.797331 -122.669547 -159.765290 0.278247 0.955840 -0.094594 0.924944 -0.293193 -0.241903 0.258955 0.020185 0.965679
8.681187 -17.552471 -100.894524 -321.364704 0.295566 0.953017 -0.066331 0.859224 -0.295543 -0.417598 0.417582 -0.066434 0.906208
5.817840 -17.397255 -119.243628 -272.288276 0.256858 0.959461 0.116012 0.841017 -0.162765 -0.515943 0.476145 -0.230092 0.848731
13.838830 -12.410976 -127.467182 -48.283802 0.243868 0.969519 -0.023684 0.957930 -0.244619 -0.150107 0.151325 -0.013919 0.988386
-0.595581 -15.465393 31.571184 -37.756860 -0.025186 0.762973 -0.645939 0.758801 -0.406076 -0.509238 0.650835 0.502965 0.568718
0.029105 -15.915159 49.485771 -17.858469 0.031905 0.724925 -0.688089 0.821604 -0.411057 -0.394967 0.569164 0.552736 0.608716
-0.976395 -14.495055 -19.958325 14.525778 -0.011681 -0.748840 0.662647 0.891775 -0.307577 -0.331864 0.452329 0.587056 0.671390
-1.340065 -14.225050 -20.527746 19.093138 0.020340 -0.777309 0.628790 0.864005 -0.302791 -0.402259 0.503072 0.551460 0.665441
-1.635335 -14.120765 -5.513719 5.381933 -0.009104 -0.775274 0.631560 0.960985 -0.181393 -0.208817 0.276452 0.605018 0.746678
-1.414657 -14.275541 -4.717018 -11.567230 -0.038426 -0.753868 0.655901 0.976699 -0.167030 -0.134758 0.211145 0.635440 0.742721
1.093958 -19.835736 -25.231540 -31.308443 0.107853 0.865662 -0.488873 -0.566090 -0.350763 -0.745994 0.817258 -0.357204 -0.452212
0.964555 -18.035652 -19.341677 200.297461 0.143750 0.869616 -0.472338 -0.513476 -0.342476 -0.786799 0.845978 -0.355637 -0.397297
1.100802 -4.752820 -24.848040 130.309440 0.164130 -0.972688 0.164133 0.981308 0.144052 -0.127608 0.100479 0.182009 0.978150
0.696246 -5.276318 -34.392546 69.907467 0.171116 -0.969591 0.174967 0.982768 0.155371 -0.100137 0.069908 0.189087 0.979469
0.924015 -2.093480 -26.404645 212.566293 0.273026 -0.950387 0.149068 0.941387 0.232036 -0.244846 0.198109 0.207180 0.958034
0.431579 -2.755119 -13.675932 166.742162 0.316868 -0.937549 0.143516 0.933560 0.281573 -0.221770 0.167510 0.204253 0.964480
2.042116 -19.829235 -9.989350 -363.620407 0.111201 -0.985288 0.129774 0.991587 0.101298 -0.080583 0.066252 0.137643 0.988264
0.758608 -16.697132 33.904297 -156.176311 -0.010053 -0.994270 0.106424 0.999658 -0.007421 0.025094 -0.024160 0.106639 0.994004
0.649123 -7.621621 43.788449 32.441928 0.430569 0.785956 0.443715 0.874354 -0.485165 0.010926 0.223863 0.383260 -0.896101
-0.096620 -7.901252 21.754184 62.216326 0.361051 0.820141 0.443859 0.926716 -0.368685 -0.072585 0.104114 0.437538 -0.893152
1.147962 -7.198204 19.521405 32.199905 0.507998 0.759007 0.407243 0.839831 -0.541488 -0.038402 0.191369 0.361523 -0.912512
-0.609845 -21.759590 -7.918298 18.814622 -0.280562 -0.911714 -0.300103 0.910633 -0.154014 -0.383441 0.303369 -0.380863 0.873448
-0.856290 -20.205142 12.686468 -52.065362 -0.279864 -0.903402 -0.324871 0.959752 -0.271552 -0.071658 -0.023483 -0.331850 0.943040
-0.807186 -20.130524 -23.177389 21.642366 -0.265156 -0.915401 -0.302874 0.958305 -0.215496 -0.187651 0.106508 -0.340002 0.934374
-0.839512 -21.557599 22.026381 -48.112297 -0.292465 -0.901976 -0.317652 0.944963 -0.221651 -0.240656 0.146658 -0.370553 0.917160
-0.742780 -21.320261 -9.272429 -68.092987 -0.284522 -0.906607 -0.311627 0.898135 -0.138401 -0.417371 0.335262 -0.398635 0.853633
-0.669456 -22.694487 -3.962266 -16.050248 0.280673 0.915691 0.287633 0.837073 -0.086907 -0.540145 0.469608 -0.392374 0.790892
-0.517414 -22.366241 14.807410 -77.901407 0.260178 0.919635 0.294242 0.795606 -0.031517 -0.604994 0.547101 -0.391507 0.739867
-0.736714 -23.198299 9.595102 -131.526705 0.287605 0.910162 0.298140 0.794578 -0.052952 -0.604849 0.534723 -0.410854 0.738424
-9.540083 -864.791579 -1363.854181 -56712.398596 -0.473034 -0.867840 -0.151963 0.816380 -0.366888 -0.446001 0.331304 -0.335033 0.882037
-4.176724 -166.666431 3.527118 7086.643697 0.308405 0.929887 0.200492 0.725512 -0.093617 -0.681813 0.615239 -0.355734 0.703516
-6.199647 -505.476220 936.709108 -27090.709343 -0.513301 -0.846619 -0.140563 0.856273 -0.494232 -0.150107 0.057613 -0.197410 0.978627
-2.362134 -52.476981 75.114738 -1541.545186 0.213424 0.955176 0.205156 0.914720 -0.269126 0.301426 -0.343128 -0.123329 0.931157
-0.464195 -21.419352 -4.472085 -292.077322 0.208864 -0.960653 0.183088 0.963155 0.169632 -0.208703 0.169433 0.219932 0.960688
-0.967866 -24.779847 0.094023 -423.494342 -0.282654 0.948742 -0.141408 0.904708 0.214687 -0.367986 0.318765 0.231946 0.919016
-0.007078 -19.042818 0.886250 -204.377615 0.244989 -0.955428 0.164734 0.966684 0.227718 -0.116905 0.074181 0.187886 0.979385
-5.647743 -8.153797 37.459855 98.109296 -0.719659 0.646713 0.252692 0.561307 0.756105 -0.336510 -0.408687 -0.100335 -0.907143
0.260527 -6.263228 8.693932 36.883202 0.267355 0.859412 0.435813 -0.383488 0.509813 -0.770083 0.884001 -0.038757 -0.465875
2.346183 -495.749776 -1655.255301 -26553.746137 0.115892 0.034759 -0.992653 0.738381 0.665434 0.109507 0.664352 -0.745647 0.051453
-29.210860 -94.414807 -1168.037979 -2591.590385 0.281913 0.186247 -0.941189 0.778031 0.529645 0.337851 0.561420 -0.827519 0.004408
-36.214702 -1334.888355 569.571695 -25688.862757 0.079804 -0.078793 -0.993692 0.008118 0.996889 -0.078394 0.996778 -0.001811 0.080195
-42.409142 -165.574801 -556.559865 -5370.467211 0.469887 0.148873 -0.870082 0.882709 -0.085379 0.462098 -0.005493 -0.985164 -0.171530
-95.594242 -1771.185502 -2727.452198 101927.948593 -0.020993 0.058824 -0.998048 -0.086579 0.994410 0.060431 0.996024 0.087679 -0.015783
-8.931330 -73.008575 -236.176157 -2641.692989 0.069913 0.056073 -0.995976 0.972927 0.216644 0.080493 0.220286 -0.974639 -0.039409
-6.757272 -106.431869 -200.925079 -4120.982038 0.074050 -0.013062 -0.997169 0.662384 0.748128 0.039389 0.745496 -0.663425 0.064051
1.439059 -0.455092 -156.670035 -11.168033 0.992008 -0.031476 0.122184 0.037074 0.998352 -0.043815 -0.120604 0.047994 0.991540
1.043903 -0.664466 -124.058946 -13.057278 0.989536 0.121321 0.078107 -0.115119 0.990162 -0.079545 -0.086989 0.069721 0.993767
2.366306 -0.639044 -51.619370 13.507212 0.998062 0.062222 0.000645 0.062085 -0.996446 0.056930 -0.004185 0.056779 0.998378
-6.311013 -9.681361 -39.494342 53.400376 0.577081 -0.349828 -0.737969 0.542098 -0.511759 0.666508 0.610825 0.784680 0.105685
-6.561282 -9.299113 7.119027 -85.258628 -0.541677 0.679516 0.494816 -0.202346 0.465939 -0.861369 0.815869 0.566708 0.114891
0.106352 -2.159906 50.997614 -17.115298 -0.696688 0.694014 0.181578 0.712156 0.638626 0.291532 0.086366 0.332419 -0.939169
-1.004185 -1.503826 29.790695 58.706616 -0.524231 0.818809 0.233949 0.837161 0.445195 0.317747 0.156021 0.362426 -0.918861
-0.514973 -2.059617 42.656005 -0.749326 -0.621825 0.756446 0.202789 0.775108 0.557417 0.297478 0.111988 0.342163 -0.932943
-8.340629 -186.900306 722.070070 -9877.339386 0.110692 -0.356147 -0.927851 -0.181648 0.910612 -0.371201 0.977114 0.209631 0.036104
-4.585641 -10.813146 -40.470774 -41.736299 -0.149053 0.874250 0.462029 0.099410 0.478130 -0.872645 0.983820 0.084140 0.158176
-1.198579 -203.492362 1091.300237 -11146.767750 0.048259 -0.396218 -0.916887 -0.362797 0.848310 -0.385679 0.930618 0.351256 -0.102808
-1.612166 -171.077040 184.138960 -8497.075665 -0.093817 -0.204906 -0.974275 -0.375773 0.913497 -0.155939 0.921951 0.351477 -0.162700
0.884614 -5.566938 121.640663 96.129031 -0.011972 0.986791 0.161558 0.990422 -0.010524 0.137673 0.137554 0.161659 -0.977213
3.007319 -5.866604 44.696661 -88.152182 -0.055281 0.996655 0.060190 -0.990699 -0.047244 -0.127610 0.124340 0.066684 -0.989996
3.807708 -5.136814 24.347018 -116.767978 -0.081614 0.996664 -0.000435 -0.969799 -0.079515 -0.230581 0.229847 0.018396 -0.973053
-0.319067 -6.542332 6.099023 -25.061117 -0.155305 0.882279 0.444370 0.297761 0.470716 -0.830521 0.941923 -0.003332 0.335813
-0.209179 -6.512442 2.282696 -5.353063 -0.135747 0.888297 0.438750 0.374558 0.455995 -0.807326 0.917213 -0.054745 0.394619
-0.229883 -6.522207 -6.469879 -36.864385 -0.128704 0.885599 0.446261 0.292528 0.463884 -0.836205 0.947556 -0.022921 0.318766
-0.230659 -6.453227 5.990496 -16.939930 -0.130875 0.887912 0.441003 0.348383 0.457649 -0.818038 0.928171 -0.046577 0.369228
1.003559 -9.887980 -17.780096 -0.396652 -0.072599 0.948699 0.307732 0.198270 0.316116 -0.927771 0.977455 0.006341 0.211049
1.193232 -10.886256 -8.969194 32.664528 -0.089583 0.951608 0.293967 0.251259 0.307200 -0.917876 0.963765 0.008364 0.266620
0.915510 -11.291946 16.398441 33.881696 -0.107387 0.971686 0.210461 0.119681 0.222780 -0.967494 0.986988 0.078708 0.140216
-0.580663 -18.633495 -2.803395 -229.517650 0.105763 0.843039 -0.527352 0.968019 0.034039 0.248557 0.227494 -0.536775 -0.812477
-0.737435 -20.242370 22.909519 -8.575663 0.103202 0.857289 -0.504386 -0.860742 -0.177155 -0.477221 0.498471 -0.483396 -0.719621
-0.678105 -18.425066 34.420933 -290.110109 0.104756 0.857222 -0.504179 0.981366 -0.006991 0.192018 0.161078 -0.514899 -0.841982
1.706841 -17.812258 6.580638 -262.584016 -0.030513 0.819936 -0.571642 0.999520 0.028061 -0.013102 0.005299 -0.571768 -0.820399
1.109959 -17.094424 62.525615 -274.084810 -0.008278 0.863017 -0.505107 0.999954 0.009634 0.000074 0.004930 -0.505083 -0.863057
1.700477 -14.090926 42.824519 -247.351882 0.020141 0.846864 -0.531428 0.968864 -0.147728 -0.198693 -0.246773 -0.510880 -0.823471
1.013165 -19.285345 31.794310 -142.489326 -0.032595 0.842027 -0.538450 0.960076 0.176137 0.217324 0.277834 -0.509869 -0.814151
2.203266 -15.031215 -2.162443 -267.261933 -0.011327 0.805910 -0.591929 0.967160 -0.141489 -0.211144 -0.253915 -0.574882 -0.777842
2.102069 -18.215210 -23.850641 -270.773935 -0.036130 0.789426 -0.612781 0.999237 0.019433 -0.033880 -0.014837 -0.613538 -0.789526
1.667910 -19.839021 8.221246 -87.933510 -0.046372 0.804679 -0.591897 0.945994 0.225694 0.232716 0.320850 -0.549140 -0.771687
2.449586 -12.900254 40.171438 93.125382 0.190860 -0.826618 -0.529411 0.887623 -0.084966 0.452666 -0.419164 -0.556313 0.717508
1.892965 -14.145774 -18.608628 54.372498 -0.208325 0.831512 0.514965 0.761569 -0.192458 0.618848 -0.613688 -0.521103 0.593160
2.567421 -14.237682 -41.063415 82.544297 -0.206836 0.849854 0.484734 0.789720 -0.147448 0.595484 -0.577548 -0.505971 0.640649
-0.609641 -8.964583 -8.172531 -72.351534 0.034900 0.836362 -0.547066 0.942850 -0.209065 -0.259471 -0.331384 -0.506746 -0.795860
-0.661803 -9.654657 -2.658427 -140.987544 0.065323 0.839727 -0.539065 0.947288 -0.221989 -0.231013 -0.313655 -0.495559 -0.809964
-0.889554 -9.131882 -4.215615 90.005205 0.062330 0.847943 -0.526411 0.934340 -0.235008 -0.267919 -0.350891 -0.475147 -0.806914
-0.753919 -8.299845 10.346768 -49.087210 0.057960 0.849861 -0.523810 0.942296 -0.219868 -0.252461 -0.329726 -0.478951 -0.813564
-2.874988 -11.803497 2.243156 4.602620 -0.083168 -0.850579 0.519228 0.981720 0.019578 0.189319 -0.171196 0.525482 0.833403
-2.731954 -12.315602 1.203988 70.515414 -0.103715 -0.852118 0.512970 0.936608 0.089872 0.338658 -0.334678 0.515575 0.788779
-2.810705 -12.340235 12.447098 -5.630637 -0.090805 -0.877349 0.471183 0.965963 0.037482 0.255950 -0.242218 0.478387 0.844083
-2.820067 -12.345375 12.554882 -44.935814 -0.073001 -0.878146 0.472790 0.995959 -0.039326 0.080737 -0.052306 0.476773 0.877469
-2.962730 -12.016307 6.684890 -70.143860 -0.076315 -0.855614 0.511958 0.996991 -0.058468 0.050900 -0.013617 0.514302 0.857501
1.914616 -16.962622 82.321178 128.859118 0.156018 0.779763 -0.606323 0.132887 0.591689 0.795138 -0.978774 0.204628 0.011307
1.433878 -16.035835 86.031746 109.571712 0.151080 0.752664 -0.640836 0.369245 0.558384 0.742876 -0.916969 0.348860 0.193557
2.099593 -18.719077 -38.067038 -133.759492 -0.351853 0.914126 -0.201429 -0.090525 -0.247411 -0.964673 0.931668 0.321188 -0.169803
2.469625 -22.389735 -25.372514 -216.181681 -0.381887 0.906032 -0.182397 -0.229877 -0.284271 -0.930777 0.895164 0.313523 -0.316836
2.400081 -20.133910 -77.134520 -135.866445 -0.362726 0.895532 -0.257784 -0.281019 -0.368860 -0.885985 0.888514 0.248927 -0.385457
1.098229 -17.977918 -25.468004 -46.998238 -0.328316 0.914588 -0.236088 -0.114024 -0.286490 -0.951274 0.937660 0.285399 -0.198344
0.456359 -17.736989 -26.406307 -3.956303 -0.341550 0.895189 -0.286322 -0.325574 -0.398471 -0.857451 0.881672 0.199644 -0.427548
0.370435 -42.127663 -12.970794 -470.358689 0.186048 -0.662460 -0.725626 0.951663 -0.062192 0.300781 -0.244383 -0.746511 0.618868
0.612693 -42.808568 -60.218113 -947.335773 0.188089 -0.683176 -0.705615 0.816830 -0.290113 0.498622 -0.545354 -0.670153 0.503472
0.443733 -46.262211 56.301056 -941.732986 0.199053 -0.622886 -0.756565 0.837523 -0.292738 0.461367 -0.508855 -0.725477 0.463411
0.511688 -50.308296 56.376327 -140.618214 0.177587 -0.640231 -0.747374 0.983511 0.089082 0.157385 -0.034185 -0.763000 0.645494
-2.213635 -5.106740 -10.816841 -35.854946 0.154886 -0.857290 0.490983 0.987901 0.138341 -0.070091 -0.007834 0.495899 0.868345
-1.915139 -4.035301 -14.593363 -78.703173 0.302250 -0.815948 0.492821 0.945810 0.321083 -0.048464 -0.118692 0.480764 0.868780
-2.101675 -4.852216 -14.478867 -82.005569 0.196874 -0.864817 0.461879 0.977056 0.212103 -0.019327 -0.081251 0.455087 0.886732
-1.923413 -5.861310 44.243126 3.022415 -0.072371 0.943702 -0.322784 0.790040 -0.143295 -0.596074 0.608769 0.298150 0.735192
-1.566204 -5.874235 31.795361 -5.466705 -0.018381 0.938960 -0.343536 0.849172 -0.166718 -0.501111 0.527796 0.300931 0.794274
-2.428837 -5.715470 -0.353950 9.296370 0.009024 0.942338 -0.334542 0.769087 -0.220357 -0.599957 0.639080 0.251877 0.726728
3.412554 -24.648687 -52.087854 612.745279 -0.008559 0.953928 -0.299913 -0.611953 0.232206 0.756038 -0.790848 -0.190003 -0.581772
3.954097 -36.272658 -111.897108 1241.205394 0.057632 0.923472 -0.379313 -0.813117 0.263865 0.518860 -0.579240 -0.278522 -0.766098
5.306773 -59.955268 -103.889105 -1795.768557 0.122641 0.938355 -0.323185 0.971915 -0.179460 -0.152236 -0.200851 -0.295438 -0.934010
2.086120 -41.249053 -75.647637 1902.243903 -0.388678 0.569071 0.724630 0.883857 0.008146 0.467687 0.260244 0.822248 -0.506143
-9.837032 -11.806829 150.794533 89.764947 0.008560 0.953050 0.302692 -0.957001 0.095582 -0.273885 0.289958 0.287332 -0.912888
-6.242790 -10.051249 1.918533 -77.383014 -0.540204 0.798416 0.265917 0.837785 0.480450 0.259392 0.079343 0.362906 -0.928442
-7.283160 -11.320825 84.617681 -76.415435 -0.360195 0.893695 0.267526 0.908480 0.270886 0.318252 0.211951 0.357674 -0.909476
-6.392216 -9.040420 65.540400 -36.588677 0.744845 0.060043 -0.664531 0.559947 0.485367 0.671475 -0.362858 0.872247 -0.327902
-7.373452 -8.966462 -48.944653 -25.441870 -0.579342 -0.104275 0.808387 0.638995 0.557604 0.529871 -0.506012 0.823532 -0.256412
0.067186 -2.590106 67.213720 38.067040 -0.026141 0.973069 0.229025 0.992205 0.053181 -0.112702 -0.121847 0.224293 -0.966874
-0.711551 -2.793437 25.100794 35.742619 0.072614 0.977032 0.200340 0.985691 -0.039665 -0.163827 -0.152117 0.209369 -0.965932
1.553913 -6.684444 155.571784 113.466554 -0.428866 -0.569176 -0.701507 0.832928 0.051484 -0.550982 0.349722 -0.820602 0.452003
0.192799 -8.561395 119.322516 42.277454 -0.372156 -0.566606 -0.735159 0.919285 -0.115680 -0.376208 0.128118 -0.815828 0.563923
2.234817 -7.493548 134.889551 58.213647 -0.343486 -0.570888 -0.745724 0.894163 0.044036 -0.445570 0.287210 -0.819846 0.495341
-2.118965 -6.204688 12.573119 -2.493052 -0.473783 0.880584 0.010103 -0.779074 -0.424461 0.461386 -0.410577 -0.210726 -0.887142
-1.902960 -5.997081 16.336429 33.175484 -0.482941 0.875536 0.014321 -0.715879 -0.404188 0.569340 -0.504266 -0.264706 -0.821977
-1.808465 -5.763535 -10.132270 48.066964 -0.450793 0.890244 -0.065204 -0.733129 -0.327583 0.595996 -0.509222 -0.316474 -0.800336
10.281355 -16.333183 14.817921 -151.055104 0.292449 0.917534 -0.269455 0.864264 -0.374200 -0.336189 0.409294 0.134562 0.902425
3.974842 -18.569718 -80.634473 -189.625869 0.297208 0.953149 -0.056337 0.664236 -0.248785 -0.704909 0.685899 -0.172083 0.707057
7.043092 -18.853444 -86.322190 -253.786600 0.325647 0.919545 -0.219979 0.743433 -0.392778 -0.541326 0.584176 -0.012741 0.811527
1.430430 -14.840371 88.720821 65.512577 0.076885 0.699640 -0.710347 0.805718 -0.463258 -0.369068 0.587289 0.543963 0.599330
0.525136 -15.188209 -71.759903 89.129092 -0.099312 -0.702326 0.704893 0.902649 -0.361709 -0.233218 0.418761 0.613110 0.669877
1.790727 -15.724746 83.011551 -92.991761 0.044433 0.717648 -0.694987 0.708865 -0.512848 -0.484250 0.703944 0.471135 0.531503
0.573008 -16.936812 54.387010 -122.467827 -0.007547 0.748051 -0.663598 0.657346 -0.496372 -0.567019 0.753551 0.440493 0.487982
0.643569 -16.991067 -31.629115 -75.085011 0.103083 0.842920 -0.528071 -0.652004 -0.343673 -0.675855 0.751175 -0.413973 -0.514161
0.593087 -18.632968 -31.988884 269.982554 0.163972 0.858510 -0.485874 -0.496939 -0.353591 -0.792480 0.852153 -0.371394 -0.368648
1.098643 -18.906494 3.405742 -187.915547 0.065395 0.859230 -0.507393 -0.673347 -0.337266 -0.657917 0.736428 -0.384676 -0.556505
1.235952 -6.401005 -8.587067 28.643434 0.161470 -0.976916 0.139866 0.986757 0.162033 -0.007428 -0.015406 0.139214 0.990143
1.362487 -11.708268 -4.296310 174.416444 0.314858 0.944633 -0.092376 0.943975 -0.321797 -0.073194 0.098868 0.064155 0.993030
-1.601815 -12.019417 -16.821227 -25.239940 0.213710 0.973615 -0.080016 0.956747 -0.192048 0.218522 -0.197389 0.123255 0.972546
4.297833 -20.987088 2.944064 -313.961027 -0.064498 0.991572 -0.112357 0.958971 0.030439 -0.281866 0.276071 0.125927 0.952852
-0.128036 -3.442995 5.840120 45.381062 -0.042300 0.981940 0.184404 0.402181 -0.152220 0.902818 -0.914583 -0.112353 0.388478
-0.216972 -3.929168 -14.194330 36.602327 -0.059773 0.987017 0.149077 0.422361 -0.110309 0.899690 -0.904454 -0.116742 0.410285
0.522151 -6.912484 19.979099 27.926354 0.475278 0.773259 0.419739 0.873092 -0.473459 -0.116393 0.108727 0.421790 -0.900151
-1.052281 -18.544533 -22.563021 -46.294851 -0.263209 -0.919408 -0.292251 0.944727 -0.307020 0.115024 -0.195480 -0.245822 0.949399
-1.094318 -18.454837 -8.546093 -201.936712 0.276273 0.910732 0.306987 0.891052 -0.362418 0.273276 -0.360139 -0.198043 0.911635
-0.954670 -19.789783 39.471848 -154.119055 -0.281648 -0.901353 -0.328994 0.949247 -0.311776 0.041540 -0.140015 -0.300597 0.943418
-3.886793 -10.968158 -71.878427 -86.164986 -0.061417 0.980783 -0.185185 0.810095 0.157368 0.564785 -0.583073 0.115330 0.804192
