13550
27088
-4.569615 -5.966159 59.658860 -72.661051 0.454168 0.592239 -0.665571 -0.397103 0.803317 0.443837 0.797522 0.062724 0.600021
-5.471629 -7.260121 48.652854 -69.251406 0.404772 0.626491 -0.666084 -0.543147 0.750725 0.376036 0.735629 0.209573 0.644150
-5.500273 -7.781777 5.310103 160.596789 0.127962 0.939630 -0.317366 0.648366 -0.321403 -0.690161 0.750498 0.117455 0.650351
-3.684767 -5.799049 1.450872 -51.251886 0.533462 0.315597 -0.784740 -0.262716 0.943718 0.200939 0.803989 0.098971 0.586350
-4.013574 -7.432464 -64.903010 161.205563 0.168395 0.966334 -0.194529 0.593896 -0.256969 -0.762401 0.786722 -0.012854 0.617174
-3.764767 -4.760391 -0.867401 -48.099274 0.481851 0.587204 -0.650393 -0.310531 0.808504 0.499892 0.819384 -0.038906 0.571924
-3.759806 -7.081787 25.970384 -23.650720 0.294651 -0.199743 -0.934496 -0.580448 0.739428 -0.341066 0.759118 0.642922 0.101933
-4.293847 -7.558163 -31.135996 29.764925 -0.256642 0.086921 0.962590 0.725350 -0.640887 0.251262 0.638751 0.762699 0.101431
-4.295563 -7.226704 39.712206 -27.679890 0.313311 -0.098414 -0.944537 -0.585008 0.763484 -0.273602 0.748065 0.638284 0.181635
-0.595169 -4.777649 4.375190 -4.285028 0.428186 0.703950 -0.566667 -0.328662 -0.462812 -0.823278 0.841806 -0.538758 -0.033192
-0.446381 -4.917049 5.543756 5.385284 0.414587 0.694777 -0.587709 -0.453340 -0.402297 -0.795387 0.789050 -0.596189 -0.148183
-0.474766 -4.713814 -0.322197 -5.962946 0.428202 0.704680 -0.565747 -0.310026 -0.473498 -0.824429 0.848839 -0.528418 -0.015716
-0.659838 -4.964934 2.730107 -18.056712 0.441281 0.720852 -0.534455 -0.192073 -0.505905 -0.840933 0.876572 -0.473742 0.084790
0.095076 -5.758470 0.962790 11.732842 0.499434 0.700350 -0.509976 0.780581 -0.108397 0.615584 0.375844 -0.705521 -0.600817
0.171555 -5.269508 -0.376991 22.866929 0.523754 0.697994 -0.488350 0.703673 -0.031385 0.709830 0.480130 -0.715415 -0.507598
0.016681 -5.639359 1.128006 19.366271 0.507969 0.703495 -0.497053 0.728991 -0.043718 0.683125 0.458845 -0.709354 -0.535049
0.046833 -5.021349 -1.300013 27.257373 0.531428 0.698010 -0.479965 0.631739 0.050907 0.773508 0.564350 -0.714276 -0.413907
-0.073883 -6.253179 3.685056 17.564382 0.473598 0.709290 -0.522123 0.814854 -0.127896 0.565380 0.334241 -0.693218 -0.638539
-0.083610 -5.955861 5.491516 16.625606 0.488306 0.709741 -0.507765 0.764213 -0.066847 0.641490 0.421350 -0.701284 -0.575035
-0.006471 -5.424396 4.709363 29.965434 0.516032 0.708656 -0.481162 0.668647 0.017832 0.743366 0.535371 -0.705328 -0.464639
2.192190 -11.333273 -7.348730 60.710871 0.397141 0.880746 -0.258004 -0.882897 0.443394 0.154581 -0.250544 -0.166400 -0.953697
2.082959 -10.923849 25.277077 73.421860 0.416984 0.891350 -0.177818 -0.821116 0.453313 0.346808 -0.389735 -0.001396 -0.920926
2.342949 -10.017288 -15.575090 93.234929 0.367220 0.891122 -0.266555 -0.804498 0.448129 0.389824 -0.466832 -0.071292 -0.881468
1.806118 -11.708327 36.881218 9.558599 0.433925 0.884372 -0.172033 -0.887131 0.452722 0.089670 -0.157185 -0.113706 -0.981001
2.294141 -10.498687 -18.647296 102.650901 0.377671 0.878121 -0.293714 -0.859988 0.450228 0.240241 -0.343199 -0.161858 -0.925212
1.090573 -23.760728 11.393898 -224.844039 -0.531026 -0.740729 0.411500 0.821482 -0.569119 0.035640 0.207793 0.356966 0.910712
1.190850 -22.403914 5.142860 -369.391546 -0.507180 -0.764199 0.398457 0.861440 -0.435426 0.261391 -0.026256 0.475819 0.879151
1.649035 -28.896319 32.104412 -520.927854 -0.548149 -0.728577 0.410742 0.835344 -0.452456 0.312224 -0.041636 0.514256 0.856626
1.388240 -29.765327 -33.138761 -157.428698 0.560456 0.709744 -0.426792 0.749289 -0.654067 -0.103743 0.352782 0.261647 0.898380
0.289303 -9.174572 21.216988 -15.799047 -0.492511 -0.812944 0.310732 0.868190 -0.483814 0.110317 0.060654 0.324107 0.944074
0.486800 -9.500888 23.984816 9.911966 -0.501465 -0.807844 0.309711 0.837743 -0.542819 -0.059456 0.216148 0.229643 0.948970
0.240354 -9.215435 25.830663 3.141802 -0.520005 -0.800216 0.298746 0.834479 -0.550589 -0.022285 0.182319 0.237709 0.954072
0.396710 -9.220215 -30.393079 13.546437 0.547327 0.781105 -0.300513 0.750746 -0.616924 -0.236189 0.369882 0.096337 0.924071
-11.823136 -48.606740 -313.030719 -774.546482 -0.548441 -0.135396 -0.825154 0.004448 0.986317 -0.164797 0.836177 -0.094052 -0.540335
-9.625192 -38.074561 -212.238783 -750.511494 -0.412872 0.160787 -0.896484 0.136198 0.984126 0.113781 0.900548 -0.075123 -0.428217
-4.764488 -38.106354 -215.376077 -1235.718682 -0.291031 0.071137 -0.954065 0.304812 0.952159 -0.021986 0.906858 -0.297209 -0.298791
-0.225467 -7.711893 10.439888 58.506774 -0.438095 -0.842354 0.313867 0.865349 -0.300647 0.400977 -0.243402 0.447270 0.860642
-0.385619 -7.161173 8.077839 68.925216 -0.399777 -0.852428 0.336963 0.883621 -0.260660 0.388935 -0.243707 0.453235 0.857429
-0.235163 -9.922007 8.044915 201.905849 -0.350430 -0.866558 0.355354 0.874068 -0.166284 0.456460 -0.336459 0.470561 0.815701
-0.244641 -7.998244 13.524421 -131.265043 -0.482919 -0.825530 0.292043 0.851232 -0.364333 0.377712 -0.205412 0.431000 0.878661
-0.042002 -9.137952 7.206572 88.265183 -0.401858 -0.854089 0.330214 0.874322 -0.250702 0.415584 -0.272160 0.455719 0.847496
-0.129600 -9.736854 10.049260 -113.380073 -0.493893 -0.820101 0.288972 0.852233 -0.390615 0.348021 -0.172535 0.418157 0.891839
0.523287 -2.678979 9.044599 -31.452142 0.258386 0.778471 -0.572032 0.585357 -0.597221 -0.548347 0.768501 0.193158 0.609997
0.351909 -3.734271 2.612910 -45.480260 0.312533 0.723960 -0.614983 0.497753 -0.676227 -0.543100 0.809052 0.136373 0.571697
0.527718 -2.907404 -2.156409 -44.674979 0.281538 0.784180 -0.552991 0.557731 -0.602689 -0.570703 0.780815 0.147745 0.607041
0.876638 -1.947135 2.261335 -23.483698 0.197898 0.872098 -0.447527 0.633229 -0.462246 -0.620765 0.748236 0.160539 0.643716
0.798806 -2.107761 6.617891 -27.342358 0.215423 0.838234 -0.500956 0.625384 -0.512422 -0.588489 0.749992 0.186516 0.634605
-0.713726 -4.787039 -3.061717 40.168788 -0.511839 0.789039 -0.339762 0.833148 0.552358 0.027651 0.209488 -0.268919 -0.940105
-0.753162 -5.831062 31.515970 50.632101 -0.524984 0.789274 -0.318495 0.842259 0.535610 -0.061004 0.122441 -0.300281 -0.945960
-0.370481 -5.239480 -7.322954 14.558369 -0.619234 0.718021 -0.317796 0.781961 0.600671 -0.166529 0.071319 -0.351625 -0.933420
6.811160 -401.180400 -379.945964 18722.141700 -0.298680 -0.330214 0.895405 0.845275 -0.527107 0.087568 0.443057 0.783018 0.436558
-3.572196 -73.560200 -126.532293 2392.010381 -0.354934 -0.271636 0.894559 0.743780 -0.661759 0.094163 0.566404 0.698777 0.436918
-2.577816 -58.453692 115.062658 -1856.550383 0.372218 0.323015 -0.870123 -0.538570 0.838682 0.080955 0.755907 0.438490 0.486139
-14.231346 -192.171020 268.936649 -8046.073309 0.405240 0.300896 -0.863274 -0.456060 0.884933 0.094360 0.792332 0.355466 0.495836
26.457275 -168.314186 902.136635 -6948.812962 0.555441 0.154151 -0.817143 -0.439022 0.888915 -0.130728 0.706219 0.431356 0.561415
-0.972480 -27.269341 73.427768 -629.977901 0.463104 0.254826 -0.848880 -0.281293 0.950517 0.131878 0.840481 0.177711 0.511869
-5.530891 -26.323921 94.800026 -815.566943 0.504974 0.048659 -0.861762 -0.144772 0.989040 -0.028988 0.850907 0.139397 0.506484
-0.345298 -1.460549 -19.453559 -18.196389 -0.072993 -0.692739 0.717485 0.860519 -0.407411 -0.305815 0.504162 0.595087 0.625854
0.133027 -1.899695 -25.465493 -28.822475 -0.051147 -0.706972 0.705390 0.854920 -0.396094 -0.334993 0.516232 0.585918 0.624664
0.915529 -1.673724 -57.291544 -28.218007 -0.102782 -0.663762 0.740848 0.867173 -0.424651 -0.260158 0.487285 0.615703 0.619243
-0.079169 -1.257495 -34.956080 -5.771979 -0.181776 -0.624278 0.759759 0.857427 -0.478896 -0.188355 0.481431 0.617200 0.622325
-0.765436 -1.179298 -9.529875 -12.551946 0.033435 -0.749197 0.661503 0.877876 -0.294352 -0.377745 0.477720 0.593347 0.647860
0.357481 -3.291074 18.952767 -1.118774 0.457432 0.739483 -0.493883 0.063786 -0.581251 -0.811220 0.886954 -0.339576 0.313052
0.210199 -3.333877 6.205029 -9.267759 0.463226 0.744104 -0.481384 0.031183 -0.556524 -0.830246 0.885691 -0.369581 0.281000
0.403149 -3.385735 17.170141 -4.349144 0.458507 0.744671 -0.485012 0.000186 -0.545841 -0.837889 0.888691 -0.384087 0.250411
0.226013 -3.543100 8.111877 -13.787616 0.461105 0.732604 -0.500673 -0.039039 -0.546942 -0.836260 0.886486 -0.405150 0.223597
-1.026784 -4.104611 -13.009421 -20.807910 0.660239 0.722164 -0.206311 -0.659772 0.426428 -0.618756 0.358866 -0.544646 -0.758008
-0.629454 -3.732336 -7.615543 23.062181 0.619304 0.738861 -0.265607 0.690412 -0.351376 0.632350 0.373890 -0.574995 -0.727727
-0.916642 -4.265199 -5.408139 16.369330 0.659387 0.718462 -0.221406 0.687951 -0.457853 0.563111 0.303202 -0.523624 -0.796170
-1.108485 -4.432566 -10.293681 -11.106588 0.678293 0.711683 -0.182826 -0.676551 0.507809 -0.533300 0.286700 -0.485425 -0.825933
-1.058043 -4.544302 -4.417535 4.585433 0.672503 0.709777 -0.209657 0.707546 -0.533504 0.463414 0.217068 -0.459990 -0.860983
-1.002301 -4.419478 3.844513 9.482118 0.633269 0.731061 -0.254009 0.737075 -0.469625 0.485976 0.235989 -0.494977 -0.836246
-5.158320 -7.401942 11.202498 -25.026308 -0.390686 -0.589754 0.706791 0.918810 -0.296667 0.260339 0.056146 0.751118 0.657776
-5.271325 -8.065810 17.190970 -33.932803 -0.319904 -0.571625 0.755583 0.918524 -0.382668 0.099389 0.232324 0.725817 0.647469
-5.238617 -7.859796 31.548318 -16.690869 -0.345857 -0.495941 0.796508 0.931193 -0.285617 0.226501 0.115165 0.820040 0.560600
-5.019200 -7.323472 27.011852 11.738135 -0.458940 -0.547664 0.699598 0.887564 -0.247115 0.388798 -0.040050 0.799373 0.599498
-5.236992 -7.553443 22.724006 4.689528 -0.453993 -0.471368 0.756110 0.888636 -0.177694 0.422789 -0.064933 0.863850 0.499547
-5.481911 -7.786226 10.768215 -18.911570 -0.309644 -0.372018 0.875056 0.948038 -0.191545 0.254036 0.073106 0.908247 0.411998
2.014251 -11.050731 -37.372100 -98.130494 0.523306 0.772275 -0.360198 0.806571 -0.312512 0.501776 0.274943 -0.553108 -0.786434
1.835760 -21.514631 -0.758711 561.863636 0.514664 0.764023 -0.389087 0.823739 -0.314725 0.471595 0.237854 -0.563220 -0.791334
1.079842 -13.665592 30.000089 -380.417812 0.439910 0.793259 -0.420974 0.848438 -0.213480 0.484334 0.294333 -0.570234 -0.766943
2.603979 -158.678867 -46.515766 6534.399074 0.471363 0.811237 -0.345993 0.811785 -0.245752 0.529727 0.344705 -0.530566 -0.774389
4.042007 -60.768018 64.950237 2100.831314 0.560160 0.801878 -0.207878 0.719096 -0.346120 0.602579 0.411244 -0.487024 -0.770510
1.889925 -10.226846 -55.814597 30.490144 0.515026 0.779132 -0.357354 0.763250 -0.227096 0.604877 0.390126 -0.584278 -0.711633
-29.468375 -45.820018 -603.459497 527.660285 -0.218731 0.013680 -0.975689 0.730920 -0.660142 -0.173114 -0.646462 -0.751016 0.134395
-24.169398 -34.928882 -175.459125 -152.309401 -0.214237 0.436293 -0.873928 0.812607 -0.416855 -0.407312 -0.542008 -0.797421 -0.265229
-25.058593 -46.664694 -483.324691 -649.379066 -0.526614 0.171330 -0.832660 0.772123 -0.313404 -0.552815 -0.355673 -0.934036 0.032755
-24.983414 -37.011025 -589.584931 -508.659597 -0.551523 -0.046892 -0.832841 0.715301 -0.540239 -0.443268 -0.429147 -0.840204 0.331496
-14.153820 -50.809074 312.879863 -1273.845806 0.705638 0.023746 0.708175 0.669409 -0.350011 -0.655274 -0.232309 -0.936445 0.262877
-0.528823 -5.726691 1.879289 -5.298539 0.348006 0.715336 -0.605959 0.299841 -0.697339 -0.651010 0.888250 -0.044864 0.457165
-0.294244 -5.610476 15.868680 2.980610 0.322766 0.689137 -0.648777 -0.225518 0.721717 0.654420 0.919219 -0.064914 0.388358
-0.429507 -5.621358 11.790358 15.235050 0.327309 0.700493 -0.634176 -0.333182 0.713595 0.616256 0.884228 0.009590 0.466957
-0.566352 -5.170909 9.295357 -24.036820 0.305815 0.738038 -0.601479 0.447588 -0.669028 -0.593352 0.840323 0.087759 0.534936
-0.243213 -2.219328 -15.747689 11.708732 -0.861124 0.456787 0.223184 0.384477 0.872348 -0.301970 -0.332630 -0.174225 -0.926824
-0.381951 -1.726046 -14.233201 17.125377 -0.875077 0.425105 0.231355 0.375085 0.897773 -0.230899 -0.305861 -0.115277 -0.945072
-0.043109 -2.021887 -6.722756 14.170176 -0.819600 0.538018 0.196957 0.473083 0.829427 -0.297058 -0.323184 -0.150292 -0.934326
-1.256516 -3.099951 -31.563491 -66.192443 -0.246745 -0.542789 0.802806 0.253425 0.763450 0.594071 -0.935357 0.350035 -0.050821
-1.978084 -4.976600 -3.769282 -87.702060 0.258264 0.776104 -0.575293 0.250856 0.521195 0.815737 -0.932937 0.354991 0.060084
-1.317192 -4.641974 19.177884 -86.533109 0.329595 0.749146 -0.574584 0.252650 0.516409 0.818223 -0.909690 0.414851 0.019066
-0.810851 -2.963218 -46.422269 -85.857968 -0.331860 -0.628610 0.703362 0.240737 0.664493 0.707456 -0.912094 0.404101 -0.069189
-0.203200 -5.484099 -8.485197 -9.994832 0.158104 0.847731 -0.506315 -0.291815 0.529975 0.796222 -0.943317 -0.021865 -0.331172
-0.349634 -5.473796 12.592329 -0.328642 0.169946 0.855199 -0.489646 -0.290445 0.518271 0.804386 -0.941679 -0.005513 -0.336467
-0.314827 -5.731208 -4.165053 -17.155947 0.155230 0.846497 -0.509261 -0.185809 0.531327 0.826539 -0.970247 0.033679 -0.239765
-0.231076 -5.187220 7.124142 -8.087181 0.171578 0.850394 -0.497385 -0.399611 0.521548 0.753856 -0.900484 -0.069416 -0.429313
-0.457425 -5.954574 -16.737743 -21.001295 0.164490 0.822875 -0.543893 -0.167177 0.566684 0.806797 -0.972109 0.041783 -0.230779
-0.381935 -5.855174 -8.896125 -23.433494 0.178734 0.816202 -0.549425 -0.254794 0.577765 0.775415 -0.950334 -0.001397 -0.311230
-0.220644 -5.230559 -8.173488 -18.184121 0.170834 0.839624 -0.515604 -0.379054 0.539027 0.752175 -0.909469 -0.066945 -0.410347
1.984691 -4.925299 -14.163159 15.043868 -0.354828 -0.604571 0.713156 -0.572752 0.743458 0.345289 -0.738953 -0.285943 -0.610069
1.383035 -4.823587 -8.608793 10.711459 -0.351690 -0.633317 0.689364 -0.481976 0.753804 0.446631 -0.802505 -0.175181 -0.570349
1.844779 -4.658800 -13.374317 28.585029 -0.356417 -0.578539 0.733662 -0.484269 0.785912 0.384482 -0.799031 -0.218254 -0.560281
1.407354 -5.060257 -15.814985 4.361522 -0.371686 -0.664503 0.648294 -0.595853 0.706262 0.382300 -0.711905 -0.244192 -0.658454
2.330633 -4.902580 -29.899603 13.476584 -0.367988 -0.562263 0.740571 -0.539679 0.777730 0.322309 -0.757187 -0.281065 -0.589636
2.590695 -5.286095 -29.506715 7.236244 -0.356198 -0.574173 0.737190 -0.643538 0.722749 0.251978 -0.677482 -0.384656 -0.626944
1.997073 -5.300644 -22.064026 6.839770 -0.376589 -0.622952 0.685647 -0.665042 0.697047 0.268039 -0.644903 -0.355043 -0.676790
0.252314 -5.842906 6.138053 6.278824 0.470190 0.581056 -0.664301 0.764791 0.107406 0.635263 0.440473 -0.806745 -0.393885
-0.160921 -5.337741 5.662744 10.534657 0.480873 0.593172 -0.645684 0.697254 0.187783 0.691791 0.531600 -0.782869 -0.323291
-0.082189 -5.962652 12.220920 10.907680 0.485111 0.603712 -0.632613 0.751530 0.082026 0.654579 0.447068 -0.792972 -0.413916
0.188058 -6.185752 2.754396 34.405666 0.472633 0.587282 -0.657053 0.789593 0.048900 0.611680 0.391358 -0.807904 -0.440602
2.866729 -10.113315 -8.468463 -65.242010 -0.599281 -0.682252 0.418802 -0.628765 0.724948 0.281255 -0.495496 -0.094777 -0.863424
2.713953 -9.532892 -7.265356 -52.675764 -0.554047 -0.681702 0.477823 -0.617791 0.721413 0.312885 -0.558002 -0.121841 -0.820846
2.786584 -9.206693 -13.614696 -104.874420 -0.597684 -0.675939 0.431139 -0.703968 0.699805 0.121250 -0.383670 -0.231039 -0.894102
2.750803 -9.992267 -29.676753 22.970128 -0.586133 -0.691488 0.422246 -0.515407 0.720333 0.464195 -0.625143 0.054451 -0.778609
2.760755 -9.347004 5.285202 -103.308669 -0.624558 -0.671241 0.399203 -0.706389 0.703535 0.077806 -0.333080 -0.233398 -0.913555
2.757978 -10.457395 -6.785764 43.213483 -0.598307 -0.699435 0.390921 -0.519341 0.710035 0.475538 -0.610175 0.081497 -0.788064
-0.246746 -11.602510 -3.392141 204.455302 0.555380 0.809465 -0.190576 0.652025 -0.566105 -0.504370 0.516156 -0.155857 0.842195
-0.288683 -14.588837 -6.231685 152.246963 0.538900 0.821574 -0.186019 0.782724 -0.569997 -0.249893 0.311336 0.010934 0.950237
-0.165392 -14.208619 -8.020129 161.492009 0.542119 0.821258 -0.177883 0.763734 -0.569841 -0.303300 0.350452 -0.028569 0.936145
-0.088834 -13.058526 -5.534985 232.073884 0.552580 0.813068 -0.183236 0.673752 -0.565183 -0.476053 0.490625 -0.139601 0.860115
-0.098627 -15.740390 -0.665049 145.397913 0.536052 0.822758 -0.188992 0.798947 -0.566752 -0.201186 0.272639 0.043148 0.961148
2.971325 -6.064925 -56.853086 13.062704 0.242286 0.334836 -0.910594 0.838414 -0.544555 0.022842 -0.488220 -0.768990 -0.412670
3.893899 -6.002076 18.549242 5.390223 0.277746 0.495167 -0.823205 0.844917 -0.533689 -0.035949 -0.457136 -0.685555 -0.566605
3.589731 -5.831792 -14.192450 9.430298 0.257230 0.414984 -0.872709 0.783288 -0.618438 -0.063201 -0.565944 -0.667326 -0.484132
1.984486 -15.081197 -3.543671 -240.078218 -0.527157 -0.762595 0.374907 0.845561 -0.514583 0.142234 0.084454 0.391986 0.916087
1.569742 -12.655647 12.490712 -156.564206 -0.578179 -0.745886 0.330702 0.815011 -0.547000 0.191176 0.038298 0.380060 0.924169
0.912077 -10.715976 19.000448 -33.127140 -0.468221 -0.805874 0.362403 0.879552 -0.385800 0.278471 -0.084598 0.449138 0.889448
1.069314 -11.503025 4.627468 -55.007777 -0.442321 -0.794899 0.415316 0.891328 -0.338281 0.301828 -0.099429 0.503688 0.858145
0.487843 -10.016244 30.670976 4.823893 -0.436828 -0.822553 0.364125 0.852728 -0.249764 0.458774 -0.286421 0.510905 0.810518
-7.916495 -68.613107 -527.346029 -3008.811465 -0.603432 0.350373 -0.716316 0.691295 0.677608 -0.250914 0.397468 -0.646595 -0.651102
0.415190 -21.050664 60.265397 -162.765844 0.374966 0.743271 -0.554029 0.927039 -0.300607 0.224131 0.000045 -0.597648 -0.801759
-7.592765 -54.369871 -31.746605 -1768.373308 -0.361230 0.530245 -0.767042 0.820717 0.571273 0.008406 0.442648 -0.626488 -0.641542
1.302085 -3.796107 40.185419 16.781709 0.827197 0.161950 -0.538068 -0.346956 0.900433 -0.262376 0.442003 0.403722 0.801025
0.299068 -3.657334 31.576222 -6.900603 0.743762 0.302802 -0.595927 0.526459 -0.814707 0.243092 0.411897 0.494533 0.765361
0.063974 -4.474449 38.630236 1.641545 0.720554 0.320245 -0.615016 -0.513405 0.842568 -0.162772 0.466066 0.433038 0.771531
1.551710 -4.594476 54.489479 19.014128 0.801116 0.183828 -0.569579 -0.331607 0.928570 -0.166717 0.498246 0.322436 0.804851
0.743535 -19.681393 -15.089071 -44.600925 0.589274 0.446296 -0.673481 -0.357699 0.891550 0.277830 0.724436 0.077185 0.685007
0.400710 -17.754817 -17.636190 -108.515006 0.575363 0.487398 -0.656811 -0.512941 0.840523 0.174391 0.637062 0.236567 0.733613
0.775042 -21.309104 -22.812829 -149.848466 0.549186 0.510883 -0.661357 -0.632220 0.771529 0.070998 0.546528 0.379131 0.746704
0.827315 -24.664356 -28.004580 -202.218778 0.564307 0.470112 -0.678640 -0.478491 0.856125 0.195183 0.672758 0.214580 0.708062
-1.044501 -12.238181 -17.436724 219.199714 -0.618521 -0.445691 0.647140 -0.141930 0.873399 0.465864 -0.772843 0.196298 -0.603473
-0.698182 -11.238220 12.962623 136.526541 -0.577465 -0.455781 0.677346 -0.078896 0.856930 0.509359 -0.812594 0.240698 -0.530806
-0.859054 -9.896439 -6.902960 -10.138400 -0.597877 -0.456324 0.659023 -0.066673 0.847608 0.526418 -0.798810 0.270794 -0.537190
-0.708372 -9.307229 -28.113193 120.733230 -0.606811 -0.508691 0.610748 -0.161773 0.831343 0.531694 -0.778209 0.223835 -0.586761
-0.670403 -9.891367 -9.480967 -137.754128 -0.584915 -0.482775 0.651769 -0.105746 0.842098 0.528856 -0.804172 0.240413 -0.543607
-0.921457 -13.676742 13.302283 -274.724348 -0.563947 -0.456539 0.688139 0.040676 0.816921 0.575313 -0.824808 0.352437 -0.442130
-2.724274 -3.007296 -26.839858 20.819942 0.446849 0.892389 -0.062997 -0.804243 0.431556 0.408597 -0.391814 0.131917 -0.910538
-2.758082 -3.407256 4.611715 -23.215294 -0.910692 -0.299872 0.284106 -0.226908 0.937857 0.262559 -0.345185 0.174645 -0.922142
-2.503669 -3.274243 -25.447499 21.153899 0.539277 0.837072 -0.092149 -0.772651 0.535337 0.341210 -0.334948 0.112808 -0.935459
0.465298 -39.308870 -1.436306 879.480641 0.538701 0.306881 -0.784618 0.733726 0.286815 0.615940 0.414061 -0.907502 -0.070659
0.751495 -58.198731 -64.182963 1310.053652 0.463961 0.324910 -0.824120 0.853792 0.084018 0.513789 0.236176 -0.942006 -0.238424
0.058293 -37.226770 -16.995187 329.748997 0.509239 0.318924 -0.799352 0.859664 -0.144624 0.489960 0.040655 -0.936681 -0.347816
-0.032481 -30.098066 -6.138536 210.790838 0.531214 0.313952 -0.786922 0.806792 0.096101 0.582968 0.258648 -0.944563 -0.202243
0.212499 -27.892004 2.208970 327.825684 0.549732 0.315738 -0.773372 0.616972 0.470680 0.630719 0.563152 -0.823875 0.063946
-12.413663 -295.117438 511.401536 -4994.612011 0.200687 0.627654 -0.752180 0.802547 0.334992 0.493658 0.561821 -0.702731 -0.436493
-14.239921 -297.755935 472.052459 -10056.074126 0.196858 0.656586 -0.728108 -0.403247 0.731141 0.550296 0.893666 0.185277 0.408697
-1979.109198 -3261.219111 29720.598316 106384.003745 -0.200401 0.762137 0.615619 0.234521 0.647415 -0.725158 0.951231 0.000947 0.308479
-127.275595 -726.374873 3824.404935 21348.206119 0.214510 0.532492 -0.818803 0.911485 0.192101 0.363720 0.350970 -0.824348 -0.444151
-0.423466 -4.112252 -27.646875 -4.477431 -0.033859 -0.796948 0.603099 0.998789 -0.048532 -0.008057 0.035691 0.602095 0.797626
0.144762 -4.038630 -45.583479 -7.139605 -0.025747 -0.792567 0.609240 0.999151 -0.040011 -0.009825 0.032163 0.608470 0.792925
-0.005351 -3.817037 -30.721037 -15.786807 -0.041249 -0.797174 0.602339 0.996197 0.013490 0.086075 -0.076743 0.603599 0.793586
-0.027073 -4.050231 -36.502793 1.677355 -0.054225 -0.793555 0.606077 0.989679 -0.123344 -0.072953 0.132649 0.595866 0.792053
2.998469 -3.447143 22.450483 28.512115 -0.584440 -0.706019 0.399959 0.731170 -0.244463 0.636889 -0.351881 0.664661 0.659094
3.391688 -4.303847 -13.083795 21.885900 -0.579378 -0.669132 0.465386 0.714067 -0.141413 0.685647 -0.392977 0.729565 0.559736
3.046904 -3.925371 -59.906849 25.960785 -0.649564 -0.588447 0.481453 0.716429 -0.261717 0.646710 -0.254549 0.765006 0.591583
2.832321 -3.918575 75.141522 24.459260 -0.511919 -0.765137 0.390517 0.730605 -0.148685 0.666415 -0.451835 0.626464 0.635128
-0.191734 -2.292473 -9.000753 4.814289 -0.444843 -0.621561 0.644807 0.072052 0.692795 0.717526 -0.892705 0.365646 -0.263401
-0.174934 -2.436459 -11.718430 -7.065139 -0.448782 -0.644056 0.619505 0.097211 0.653939 0.750276 -0.888338 0.396933 -0.230866
0.199084 -2.266411 9.570980 -3.300652 0.450417 0.690208 -0.566337 0.059291 0.609801 0.790333 -0.890848 0.389558 -0.233742
1.839523 -2.092861 0.262630 0.230917 0.743782 0.604757 -0.284705 0.666387 -0.637677 0.386389 -0.052121 0.477114 0.877295
2.048601 -2.212778 -0.266941 -5.013027 0.787189 0.563680 -0.250197 0.608699 -0.644958 0.462077 -0.099097 0.516037 0.850815
2.050450 -1.950045 6.845277 1.031432 0.809690 0.511631 -0.287465 0.585524 -0.671286 0.454462 -0.039546 0.536291 0.843106
1.649574 -1.927202 -1.804743 8.079221 -0.684320 -0.655110 0.320215 0.729181 -0.614188 0.301775 -0.001024 0.440005 0.897995
1.485084 -2.497129 13.162692 1.553335 -0.651983 -0.705939 0.276709 0.756600 -0.581764 0.298510 -0.049751 0.403982 0.913413
1.751863 -1.671886 7.012069 9.058327 0.782122 0.534291 -0.320651 0.623057 -0.678158 0.389747 0.009214 0.504614 0.863296
-0.776764 -14.294292 -15.928887 175.478003 -0.334857 -0.270589 -0.902581 0.689350 0.582685 -0.430435 0.642392 -0.766328 -0.008586
0.614214 -15.482034 -26.429020 6.105011 -0.361454 -0.347104 -0.865372 0.849531 0.259890 -0.459080 0.384250 -0.901097 0.200938
-0.384890 -14.687705 -22.403443 175.678450 -0.408233 -0.382524 -0.828868 0.715644 0.429597 -0.550727 0.566745 -0.817999 0.098375
-1.617583 -11.771412 6.758552 256.313209 -0.423083 -0.327454 -0.844852 0.545650 0.652311 -0.526077 0.723372 -0.683568 -0.097306
-2.384027 -10.725837 -38.638873 94.259281 -0.227310 -0.087104 -0.969919 0.521338 0.830359 -0.196751 0.822519 -0.550379 -0.143338
-6.493842 -9.502582 7.128173 143.878666 -0.056681 0.955460 -0.289627 0.765743 -0.144543 -0.626694 0.640644 0.257302 0.723444
-5.794112 -8.378196 71.184580 51.332771 0.310177 0.708891 -0.633454 0.715176 -0.612994 -0.335802 0.626350 0.348873 0.697118
-4.808533 -7.941091 -3.131707 -45.263075 0.389712 0.586152 -0.710318 -0.648631 0.722234 0.240117 0.653760 0.367158 0.661659
-4.307444 -6.821526 -15.343874 -51.899172 0.476005 0.403909 -0.781202 -0.439206 0.878765 0.186733 0.761917 0.254223 0.595696
-3.632352 -7.282183 -15.833642 28.545629 -0.235815 0.217271 0.947198 0.704630 -0.633005 0.320625 0.669244 0.743033 -0.003824
-3.913732 -7.632941 -27.990358 18.466571 -0.203969 0.144547 0.968247 0.817334 -0.519247 0.249695 0.538852 0.842312 -0.012233
-4.509261 -7.888995 -28.265647 7.640421 -0.203204 0.028805 0.978713 0.873247 -0.446795 0.194457 0.442886 0.894172 0.065637
-5.133619 -8.073883 -38.899953 12.936707 -0.227768 -0.058045 0.971984 0.833859 -0.527075 0.163925 0.502793 0.847834 0.168452
-0.767297 -1.881491 10.194771 -30.793308 0.443379 0.718931 -0.535307 0.267403 -0.676116 -0.686559 0.855518 -0.161263 0.492020
-0.397931 -2.461333 -21.572001 -30.232306 0.442094 0.777815 -0.446717 0.262643 -0.588455 -0.764683 0.857655 -0.220735 0.464440
-0.681861 -2.421265 18.747552 -31.829828 0.407802 0.774251 -0.483976 0.269971 -0.608598 -0.746139 0.872246 -0.173618 0.457213
-0.514930 -4.995032 6.297887 14.864972 0.415778 0.690270 -0.592162 -0.484722 -0.382734 -0.786485 0.769528 -0.614037 -0.175457
-0.440152 -4.920707 3.962614 -10.615983 0.414932 0.685283 -0.598513 -0.528094 -0.354279 -0.771753 0.740910 -0.636297 -0.214892
-0.625926 -4.931964 4.110289 21.013542 0.426137 0.689785 -0.585323 -0.429155 -0.415437 -0.802021 0.796387 -0.592966 -0.118992
0.128306 -5.121796 3.606796 21.321466 0.516380 0.703452 -0.488372 0.690741 -0.005048 0.723085 0.506190 -0.710725 -0.488510
0.156456 -4.903667 0.998603 24.755416 0.530985 0.699503 -0.478279 0.639850 0.039072 0.767506 0.555560 -0.713561 -0.426831
2.355022 -9.263604 -1.597099 61.478912 0.356333 0.911479 -0.205505 -0.734523 0.409202 0.541322 -0.577497 0.041943 -0.815315
1.856424 -10.459092 46.259252 87.191696 0.440397 0.890331 -0.115590 -0.711018 0.424482 0.560597 -0.548183 0.164699 -0.819981
1.524215 -11.485022 55.368868 50.280465 0.453478 0.882846 -0.122229 -0.822117 0.467307 0.325189 -0.344210 0.046980 -0.937717
0.807860 -19.355219 17.131129 -284.630228 -0.520920 -0.781845 0.342580 0.853587 -0.474507 0.215015 -0.005552 0.404428 0.914553
1.049192 -16.022404 12.645287 -148.859695 -0.434464 -0.817675 0.377689 0.856455 -0.245252 0.454243 -0.278794 0.520825 0.806855
1.424210 -20.650302 18.825652 -362.490505 -0.468521 -0.788082 0.399267 0.825541 -0.229611 0.515521 -0.314597 0.571143 0.758172
0.392875 -9.368792 23.833631 -11.558773 -0.474100 -0.826331 0.303985 0.878935 -0.464553 0.107995 0.051977 0.318383 0.946536
0.654085 -10.054789 6.063364 0.774785 -0.472906 -0.813906 0.337516 0.862330 -0.506194 -0.012423 0.180960 0.285175 0.941238
0.759972 -10.024299 -0.204688 25.346111 0.499696 0.788284 -0.359044 0.766522 -0.595466 -0.240550 0.403420 0.155013 0.901789
-0.346931 -6.915285 0.704974 -115.941779 -0.468643 -0.823237 0.320397 0.860501 -0.343394 0.376323 -0.199780 0.452063 0.869325
0.176629 -3.630652 15.402464 -37.384217 0.282306 0.732290 -0.619721 0.523868 -0.658851 -0.539887 0.803658 0.172239 0.569621
0.255680 -4.621945 8.854402 46.286734 0.323651 0.688546 -0.648964 -0.428632 0.718161 0.548197 0.843520 0.100742 0.527566
-0.644054 -13.451370 -16.166070 128.477023 0.103759 0.831213 -0.546186 0.986933 -0.017979 0.160126 0.123279 -0.555664 -0.822217
-0.655486 -12.805998 -6.028687 246.275624 0.104352 0.851015 -0.514670 0.942793 0.080106 0.323613 0.316627 -0.518996 -0.793971
-0.535691 -12.002044 -10.080706 153.333791 0.115556 0.838510 -0.532493 0.903053 0.134585 0.407901 0.413694 -0.528004 -0.741666
-0.622873 -8.716330 -21.386084 -33.463571 0.022399 0.864036 -0.502932 0.992584 -0.079341 -0.092101 -0.119482 -0.497139 -0.859405
-1.411394 -8.428969 8.295928 6.679633 -0.118716 0.885003 -0.450195 0.991566 0.081923 -0.100428 -0.051998 -0.458321 -0.887264
-1.907807 -9.327751 -29.861449 59.225185 0.089294 0.872909 -0.479641 0.991055 -0.029916 0.130058 0.099180 -0.486964 -0.867773
-2.590466 -160.795988 -47.570740 6958.931296 -0.356852 -0.333138 0.872741 0.720252 -0.693065 0.029948 0.594890 0.639280 0.487265
1.695862 -2.374027 -84.568389 -40.856540 -0.010239 -0.713873 0.700200 0.860583 -0.362875 -0.357377 0.509207 0.598921 0.618063
0.117407 -3.223600 6.219425 -6.647996 0.467178 0.739863 -0.484093 0.102259 -0.589056 -0.801596 0.878230 -0.324985 0.350852
0.045274 -3.637931 -5.622057 -13.564648 0.470672 0.727405 -0.499349 -0.036458 -0.549440 -0.834737 0.881555 -0.411092 0.232086
0.054871 -3.385524 -4.335171 -12.140883 0.469864 0.747783 -0.469093 0.054357 -0.554908 -0.830134 0.881063 -0.364552 0.301378
-1.856380 -10.063704 3.953397 -25.302817 0.466368 0.763457 -0.446804 -0.367883 0.626739 0.686921 -0.804464 0.155986 -0.573154
-1.943556 -10.685008 4.015550 -15.096663 0.428225 0.780598 -0.455291 -0.285140 0.594803 0.751601 -0.857507 0.192033 -0.477290
-1.955580 -10.762072 9.255307 -34.726917 0.464164 0.774381 -0.429983 -0.193759 0.562459 0.803802 -0.864297 0.289783 -0.411117
5.421536 -8.635259 -6.911334 -25.200787 0.479842 0.846522 -0.230550 -0.843861 0.517218 0.142772 -0.240104 -0.126044 -0.962529
5.690745 -9.559444 -26.596091 -8.499219 0.389300 0.881166 -0.268312 0.918218 -0.394317 0.037284 -0.072946 -0.260884 -0.962610
5.573732 -7.725699 0.637043 16.003769 0.418052 0.897416 -0.140983 0.905812 -0.423559 -0.010157 -0.068830 -0.123458 -0.989960
5.145376 -6.164536 32.428455 19.496921 0.353583 0.935401 -0.001927 -0.935337 0.353533 -0.012568 0.011075 -0.006246 -0.999919
4.820948 -6.399144 18.333792 -14.364531 0.492913 0.866820 -0.075230 -0.857986 0.498607 0.123497 -0.144559 -0.003673 -0.989489
-0.464051 -5.672797 15.984233 -7.625304 0.169202 0.851299 -0.496650 -0.193792 0.522815 0.830126 -0.966341 0.044212 -0.253437
-0.356867 -5.252608 17.217673 -3.214422 0.173818 0.857318 -0.484554 -0.396125 0.511350 0.762631 -0.901594 -0.059385 -0.428487
-0.450046 -5.497857 16.703995 3.222542 0.164032 0.859475 -0.484144 -0.274672 0.511177 0.814404 -0.947443 0.000607 -0.319923
1.095864 -4.925230 -14.119120 7.095461 -0.360002 -0.685167 0.633202 -0.496434 0.715329 0.491791 -0.789906 -0.137298 -0.597660
0.085263 -6.529742 10.751002 26.296878 0.486264 0.604665 -0.630815 0.802244 -0.022795 0.596560 0.346339 -0.796154 -0.496174
0.400964 -6.704441 3.304941 7.947893 0.472207 0.594369 -0.650958 0.864897 -0.169806 0.472354 0.170216 -0.786060 -0.594252
0.421373 -6.309248 8.711179 29.668901 0.452543 0.594383 -0.664766 0.846205 -0.051060 0.530405 0.281321 -0.802559 -0.526077
0.715618 -6.577833 9.691394 5.815124 0.440870 0.598253 -0.669124 0.887048 -0.176587 0.426571 0.137039 -0.781607 -0.608531
1.019936 -6.368975 27.291922 10.332966 0.410324 0.605441 -0.681964 0.886266 -0.088553 0.454632 0.214863 -0.790948 -0.572918
2.351282 -8.532868 14.857378 -92.091201 -0.536887 -0.667514 0.515924 -0.738224 0.667731 0.095706 -0.408384 -0.329485 -0.851271
2.458244 -9.262932 20.953874 -92.184824 -0.495511 -0.672581 0.549640 -0.671456 0.698022 0.248822 -0.551014 -0.245765 -0.797486
2.598295 -9.473463 16.559795 -4.264548 -0.476731 -0.692080 0.541990 -0.542733 0.716749 0.437849 -0.691497 -0.085420 -0.717311
2.678713 -9.374657 -1.159117 67.325395 -0.527144 -0.702587 0.478007 -0.420523 0.704485 0.571718 -0.738430 0.100365 -0.666819
-0.327516 -12.171052 1.992420 174.860063 0.536887 0.818600 -0.204074 0.706966 -0.568542 -0.420665 0.460381 -0.081576 0.883965
-0.330749 -9.220363 3.559454 178.795137 0.556235 0.801445 -0.219744 0.552709 -0.554243 -0.622356 0.620576 -0.224722 0.751256
-0.333725 -12.233338 4.309754 177.072987 0.533965 0.818692 -0.211244 0.709343 -0.569731 -0.415017 0.460123 -0.071760 0.884950
0.620459 -7.232925 -28.321451 -101.069282 0.740308 0.642673 -0.197271 0.052489 -0.347802 -0.936097 0.670216 -0.682646 0.291214
-0.099893 -9.221321 -48.035130 -149.603995 0.764049 0.590542 -0.259788 -0.065950 -0.329073 -0.941999 0.641779 -0.736866 0.212481
-0.811454 -5.627324 -46.228355 -67.449623 0.749940 0.635813 -0.182567 0.121258 -0.403441 -0.906936 0.650297 -0.658010 0.379654
0.057864 -5.260578 -32.059228 -45.765494 0.729645 0.675461 -0.106635 0.217598 -0.377171 -0.900218 0.648282 -0.633636 0.422180
1.038841 -6.093068 -17.665614 -44.801866 0.718153 0.686142 -0.116039 0.220775 -0.382786 -0.897069 0.659935 -0.618615 0.426382
0.145891 -16.820897 -3.461005 160.789668 0.503606 0.552370 -0.664281 0.772761 0.055793 0.632241 0.386293 -0.831730 -0.398752
0.191064 -16.663945 -4.444148 89.113267 0.508545 0.551680 -0.661083 0.809545 -0.044826 0.585344 0.293289 -0.832850 -0.469406
0.112169 -17.592416 -8.906059 14.673847 0.510965 0.550274 -0.660389 0.852830 -0.228280 0.469647 0.107681 -0.803173 -0.585933
0.107400 -14.783139 -2.626971 179.392536 0.495395 0.550439 -0.672013 0.664080 0.258727 0.701468 0.559983 -0.793774 -0.237364
-0.222001 -17.284860 -19.941733 79.069706 0.500797 0.561081 -0.659083 0.813899 -0.046116 0.579174 0.294569 -0.826475 -0.479758
-0.219127 -15.341283 -18.886774 204.638757 0.499559 0.551013 -0.668450 0.653011 0.267508 0.708531 0.569226 -0.790458 -0.226181
4.905343 -16.022958 90.625220 -364.701803 0.686897 0.631419 -0.359836 0.686751 -0.725945 0.037105 0.237793 0.272605 0.932277
3.373318 -8.161322 62.777114 -59.862682 0.814427 0.516556 -0.264345 0.563186 -0.813384 0.145700 0.139752 0.267538 0.953359
0.351173 -8.997780 26.469767 -19.031249 -0.674348 -0.689170 0.265139 0.738014 -0.617224 0.272708 -0.024292 0.379577 0.924841
-0.045926 -21.227849 40.912895 -389.570472 0.349583 0.752887 -0.557632 0.863344 -0.490043 -0.120395 -0.363908 -0.439340 -0.821311
-0.698438 -20.582365 33.223193 -259.982728 0.343156 0.737565 -0.581585 0.921129 -0.385387 0.054752 -0.183752 -0.554504 -0.811641
-0.788769 -16.889511 8.486238 -204.108617 0.398821 0.701109 -0.591091 0.815656 -0.565793 -0.120762 -0.419102 -0.433964 -0.797514
-0.334074 -4.133549 -19.261804 20.183791 -0.595054 -0.480879 0.643946 0.723773 -0.668957 0.169263 0.349377 0.566791 0.746112
-0.492804 -4.614922 -24.147558 13.579632 -0.609348 -0.466932 0.640835 0.699566 -0.697038 0.157310 0.373233 0.544163 0.751388
0.207312 -16.558799 -23.103935 -16.752946 0.612690 0.428924 -0.663803 -0.248490 0.901867 0.353396 0.750242 -0.051574 0.659148
-0.069027 -16.015198 -18.468262 -42.872129 0.600680 0.472437 -0.644971 -0.388506 0.877561 0.280980 0.698747 0.081796 0.710678
0.076522 -17.609912 -24.959204 -110.691582 0.559273 0.535846 -0.632522 -0.651378 0.756006 0.064511 0.512758 0.375932 0.771852
-0.861082 -12.942188 11.532602 244.857997 -0.580137 -0.441741 0.684329 -0.203816 0.892164 0.403116 -0.788606 0.094386 -0.607612
-0.752572 -13.687800 26.344188 171.154448 -0.532526 -0.449016 0.717496 -0.223797 0.892216 0.392256 -0.816291 0.048313 -0.575617
-0.664475 -12.897210 0.895469 9.502077 -0.572854 -0.460997 0.677732 -0.047682 0.844190 0.533919 -0.818269 0.273542 -0.505579
-134.761701 -279.580382 -4451.946480 8563.782684 -0.145026 -0.687624 0.711436 0.987468 -0.145828 0.060348 0.062251 0.711272 0.700155
-0.470424 -3.654793 -16.515921 -24.679928 -0.044810 -0.810219 0.584412 0.991201 0.036878 0.127128 -0.124553 0.584966 0.801437
-0.240961 -3.190573 -14.100052 -25.183202 -0.058726 -0.810763 0.582421 0.978523 0.068730 0.194341 -0.197595 0.581325 0.789314
-0.548916 -3.143232 -0.481343 -30.887184 -0.106306 -0.823976 0.556563 0.973514 0.027694 0.226945 -0.202411 0.565947 0.799208
1.500333 -3.475245 -44.212557 -26.044569 0.347359 0.806975 -0.477633 -0.752350 0.543864 0.371728 -0.559743 -0.230224 -0.796043
0.733232 -3.609857 -14.913934 -26.451743 0.397550 0.764230 -0.507845 -0.737149 0.595582 0.319208 -0.546412 -0.247456 -0.800125
1.297911 -3.017679 -27.159999 -22.323155 0.334937 0.809322 -0.482510 -0.798659 0.515568 0.310376 -0.499961 -0.281404 -0.819055
0.779905 -3.268421 5.017173 -17.591728 0.391189 0.768845 -0.505814 -0.776801 0.570571 0.266510 -0.493508 -0.288661 -0.820441
2.003756 -2.898738 -42.830154 -25.393152 0.326828 0.828885 -0.454019 -0.803179 0.496788 0.328793 -0.498083 -0.257200 -0.828107
1.850105 -2.554539 -38.349725 -17.073665 0.295976 0.838409 -0.457677 -0.838085 0.457815 0.296679 -0.458270 -0.295763 -0.838161
1.291132 -2.741827 -17.673507 -11.406526 0.314416 0.821460 -0.475758 -0.831184 0.480325 0.280038 -0.458559 -0.307394 -0.833806
0.036795 -6.476390 19.629462 -13.426110 0.465196 0.639126 -0.612463 0.791335 -0.610331 -0.035843 -0.396713 -0.467990 -0.789686
0.421154 -6.222481 23.860750 12.207296 0.447124 0.653693 -0.610546 -0.775731 0.623222 0.099171 -0.445333 -0.429278 -0.785748
0.313572 -6.578533 20.798363 -20.155507 0.476668 0.632627 -0.610386 0.819105 -0.571705 0.047126 -0.319148 -0.522433 -0.790701
2.307013 -2.215507 -5.447444 -2.967785 0.809600 0.543763 -0.221066 0.570194 -0.639109 0.516157 -0.139382 0.543931 0.827473
2.204650 -2.087020 16.320320 2.563441 0.826638 0.492933 -0.271454 0.558355 -0.658404 0.504721 -0.070067 0.568789 0.819493
-7.593758 -153.871544 70.001083 -5256.134732 0.506674 0.201527 0.838253 -0.159701 0.977408 -0.138452 -0.847217 -0.063720 0.527411
-5.447109 -523.240069 -167.307780 29997.961186 0.447072 0.207531 0.870091 0.480421 0.764803 -0.429269 -0.754535 0.609923 0.242220
-7.672484 -233.047341 -2.480708 10732.320246 0.469954 0.263216 0.842533 0.476847 0.727533 -0.493267 -0.742806 0.633572 0.216393
-6.870340 -372.846035 67.769054 11215.066489 0.561244 0.192718 0.804901 0.799899 0.123420 -0.587307 -0.212525 0.973461 -0.084887
-4.661020 -170.560221 -14.644270 -7999.913895 0.406353 0.290060 0.866454 -0.077968 0.955824 -0.283412 -0.910383 0.047610 0.411017
-10.500783 -133.849905 -5.439586 4141.140166 0.353351 0.228643 0.907119 0.879495 0.249253 -0.405416 -0.318798 0.941061 -0.113016
-4.558475 -271.957616 -71.206832 13453.283987 0.268183 0.258610 0.928008 0.482618 0.797633 -0.361748 -0.833761 0.544888 0.089101
0.159527 -50.466799 12.865477 -1862.501441 -0.297081 -0.096462 -0.949967 0.902263 -0.353974 -0.246219 -0.312513 -0.930268 0.192193
0.842944 -32.491020 64.378469 -773.766568 -0.324434 -0.070114 -0.943306 0.944402 0.032251 -0.327208 0.053364 -0.997017 0.055753
-1.571411 -40.519373 96.768041 -1062.877712 -0.328886 -0.034073 -0.943755 0.942590 0.049485 -0.330267 0.057955 -0.998193 0.015842
-1.100964 -109.901398 35.625338 -3794.150925 -0.335437 -0.086031 -0.938126 0.881208 -0.380759 -0.280168 -0.333097 -0.920663 0.203532
-3.875318 -9.683158 -91.543549 168.883404 0.140576 0.973039 -0.182849 0.736200 -0.226218 -0.637836 0.662003 0.044949 0.748152
-3.332796 -6.707055 1.996825 -19.773905 0.261039 -0.270625 -0.926618 -0.575778 0.726808 -0.374472 0.774815 0.631278 0.033905
-27.702517 -2089.862680 129.730842 241799.743502 0.437489 0.259251 0.861041 0.746481 -0.638588 -0.187009 0.501368 0.724565 -0.472901
-6.215960 -146.546210 20.871352 -5368.603800 0.445382 0.333490 0.830915 0.737063 0.390304 -0.551726 -0.508305 0.858165 -0.071969
-2.112700 -532.579005 133.829672 31971.015707 0.376551 0.363487 0.852107 0.735951 -0.676032 -0.036843 0.562659 0.640983 -0.522069
-1.828254 -54.379873 -55.742708 -1887.256292 -0.357655 -0.317790 -0.878119 0.173894 0.901207 -0.396972 0.917521 -0.294679 -0.267059
-1.321828 -158.800882 186.262408 -4869.007213 -0.601722 -0.095486 -0.792977 -0.389918 0.901598 0.187310 0.697061 0.421905 -0.579744
1.896836 -9.850219 67.726082 -111.055217 -0.414237 0.881401 0.227024 -0.286394 0.110537 -0.951714 0.863936 0.459254 -0.206640
3.515380 -9.753977 92.128410 -99.946176 -0.353976 0.902359 0.245864 -0.273940 0.151321 -0.949768 0.894236 0.403547 -0.193629
2.381529 -7.510901 63.971218 -126.443984 -0.405192 0.893067 0.195579 -0.102511 0.168197 -0.980409 0.908466 0.417302 -0.023398
-0.538282 -5.040252 4.134595 6.892981 0.435450 0.686060 -0.582843 -0.490218 -0.362314 -0.792726 0.755029 -0.630913 -0.178549
-0.233918 -6.602281 7.208959 19.968230 0.453564 0.715237 -0.531710 0.829319 -0.120244 0.545685 0.326359 -0.688460 -0.647698
-0.293449 -6.984981 4.355115 19.669648 0.426008 0.718477 -0.549825 0.885574 -0.206790 0.415928 0.185137 -0.664099 -0.724359
2.173902 -9.389559 -10.155423 99.411212 0.342983 0.890456 -0.299082 -0.814587 0.440506 0.377363 -0.467773 -0.114199 -0.876440
