15761
31509
-8.611057 -11.501749 39.281334 220.840654 0.497520 0.799550 0.336444 0.469027 -0.574218 0.671034 -0.729717 0.176052 0.660696
-8.105848 -12.102667 94.553365 -151.884997 0.640263 0.542469 0.543866 -0.193345 0.799028 -0.569361 -0.743425 0.259387 0.616472
-11.208801 -13.996051 71.549197 282.258039 0.438935 0.892268 0.105804 0.441075 -0.316560 0.839787 -0.782808 0.321944 0.532506
-7.363096 -12.055035 8.973024 -125.397230 0.713276 0.337131 0.614475 -0.023016 0.887509 -0.460214 -0.700505 0.314117 0.640799
-8.449128 -18.683933 -109.020005 751.848024 0.203619 0.978454 -0.034172 0.594035 -0.095725 0.798723 -0.778243 0.182935 0.600727
-5.605277 -14.547112 -175.938111 494.891775 0.236059 0.954698 0.181184 0.630471 -0.292354 0.719052 -0.739447 0.055507 0.670922
-6.520354 -9.551226 -13.692534 152.588145 0.495533 0.759740 0.421003 0.531126 -0.648557 0.545233 -0.687279 0.046575 0.724899
-6.564479 -10.293663 -31.844961 -155.206764 0.703720 0.323790 0.632406 -0.132861 0.934386 -0.330560 -0.697944 0.148600 0.700566
7.659229 -13.540728 121.668043 -174.406801 -0.246687 0.859749 0.447188 0.882688 0.389810 -0.262508 0.400009 -0.329970 0.855051
9.578718 -16.837782 222.913887 -239.806699 -0.273490 0.886258 0.373832 0.811586 0.421217 -0.404851 0.516266 -0.192674 0.834473
10.609440 -15.984579 131.665963 -273.737545 -0.085393 0.884050 0.459525 0.828922 0.318931 -0.459534 0.552808 -0.341669 0.760043
-0.627091 -6.343944 32.040323 -195.758563 0.563291 0.639441 0.523277 -0.626386 0.743484 -0.234247 -0.538835 -0.195824 0.819335
-0.872227 -6.082487 131.598003 -285.656902 0.588430 0.614053 0.526012 -0.633883 0.754210 -0.171345 -0.501939 -0.232606 0.833038
1.018352 -3.493364 226.340711 -201.895701 0.759848 0.364507 0.538298 -0.446375 0.894514 0.024373 -0.472631 -0.258803 0.842402
-0.330987 -29.207025 -56.418457 152.637796 0.342522 -0.320656 0.883096 0.389663 0.903783 0.177031 -0.854893 0.283473 0.434513
-0.315717 -28.698798 -49.818751 -122.360647 0.348210 -0.314529 0.883075 0.165962 0.947834 0.272153 -0.922608 0.051791 0.382246
-1.210526 -29.642259 -56.764132 20.527618 0.355840 -0.324948 0.876235 0.370568 0.909804 0.186909 -0.857938 0.258195 0.444160
-0.888401 -28.940602 -60.246411 166.693730 0.343785 -0.333762 0.877733 0.576525 0.812825 0.083271 -0.741236 0.477407 0.471860
12.737455 -19.925885 -594.575199 -238.815862 -0.335330 0.917361 -0.214481 0.838881 0.187138 -0.511134 0.428757 0.351323 0.832310
10.147992 -18.396236 -241.100176 291.000531 -0.294537 0.913204 -0.281614 0.709915 0.011812 -0.704188 0.639741 0.407332 0.651777
5.884877 -19.398038 -200.349851 346.355881 -0.384286 0.907741 -0.168320 0.623677 0.120827 -0.772287 0.680699 0.401756 0.612569
7.788190 -9.319176 92.996812 12.873407 0.445201 -0.112774 0.888301 0.193271 0.980756 0.027647 -0.874324 0.159374 0.458429
6.994080 -10.853144 -434.687987 -114.504802 0.349954 -0.154581 0.923925 0.194417 0.976801 0.089788 -0.916370 0.148205 0.371888
6.553805 -8.511051 -200.969168 143.223504 0.405308 -0.166929 0.898810 0.276757 0.959456 0.053392 -0.871281 0.227111 0.435074
6.278284 -7.702524 277.730198 202.145916 0.515569 -0.140740 0.845210 0.279172 0.960185 -0.010406 -0.810094 0.241324 0.534333
4.833314 -5.359568 89.482282 432.597025 0.496941 -0.095666 0.862495 0.336018 0.937583 -0.089608 -0.800088 0.334344 0.498069
-0.403447 -11.977403 -0.287072 80.298764 0.758295 0.498812 0.419732 0.616333 -0.338752 -0.710902 0.212422 -0.797768 0.564308
-0.509677 -13.566742 1.171455 72.575524 0.736546 0.515252 0.438196 0.672900 -0.492480 -0.551969 0.068600 -0.701412 0.709447
-0.330793 -12.540683 3.312794 98.647719 0.749652 0.501490 0.431892 0.630375 -0.342238 -0.696779 0.201617 -0.794595 0.572686
-0.236492 -11.288513 -0.296098 94.451534 0.774863 0.485908 0.404327 0.545495 -0.190797 -0.816108 0.319409 -0.852930 0.412902
-0.355294 -10.796317 -5.244954 83.149331 0.779374 0.486043 0.395397 0.534363 -0.186116 -0.824510 0.327158 -0.853887 0.404777
-2.675890 -17.800386 80.151788 371.589430 0.224033 -0.562569 -0.795817 0.918210 -0.151849 0.365831 -0.326649 -0.812686 0.482538
-0.772496 -15.573124 42.987427 268.202256 0.258635 -0.555855 -0.790021 0.935408 -0.059993 0.348442 -0.241079 -0.829112 0.504435
-2.226512 -13.215991 71.763334 174.427862 0.185258 -0.564476 -0.804392 0.971619 -0.017310 0.235919 -0.147095 -0.825268 0.545248
2.696354 -17.435663 84.537411 -427.734911 -0.082298 0.369152 0.925718 0.579852 0.773198 -0.256782 -0.810555 0.515646 -0.277686
3.942920 -22.954666 82.579028 -640.532703 -0.114340 0.414862 0.902672 0.713894 0.666189 -0.215748 -0.690856 0.619743 -0.372339
2.495580 -21.923171 110.498071 -507.946491 -0.077538 0.355389 0.931497 0.707418 0.677974 -0.199777 -0.702529 0.643468 -0.303977
2.764014 -21.108763 -53.934231 100.153651 0.293546 -0.463933 0.835821 0.740387 0.663414 0.108208 -0.604697 0.587067 0.538233
2.006231 -23.094277 -79.658282 161.508049 0.275462 -0.416821 0.866245 0.743004 0.664086 0.083274 -0.609972 0.620685 0.492630
3.162088 -19.944813 -54.098701 90.436456 0.255978 -0.493906 0.830982 0.862940 0.504172 0.033839 -0.435671 0.708426 0.555269
4.709923 -6.165596 -60.496648 -62.711307 0.246925 0.876771 -0.412676 -0.891990 0.372061 0.256759 -0.378659 -0.304702 -0.873942
4.924231 -6.332579 -35.326054 -1.939896 0.206170 0.902247 -0.378741 0.930061 -0.300977 -0.210713 -0.304108 -0.308809 -0.901197
6.307445 -5.316379 199.734275 62.823729 0.319920 0.929108 -0.185499 -0.888631 0.362161 0.281378 -0.328611 -0.074821 -0.941497
4.462862 -6.842473 -310.809322 3.704749 0.127954 0.806029 -0.577880 0.917232 -0.317804 -0.240180 -0.377245 -0.499318 -0.779980
6.063089 -5.180621 110.769969 -21.671453 0.380753 0.889159 -0.253818 -0.835115 0.448517 0.318458 -0.397001 -0.090713 -0.913324
3.735238 -6.806239 -271.891406 51.041527 0.160116 0.804142 -0.572467 0.880605 -0.378393 -0.285226 -0.445980 -0.458448 -0.768718
4.741111 -6.276088 -87.413736 -121.018059 0.280335 0.851686 -0.442768 -0.852734 0.432754 0.292522 -0.440746 -0.295559 -0.847577
-6.840280 -28.486707 -218.032858 -476.580595 0.173104 -0.196391 -0.965125 0.661890 0.748845 -0.033664 0.729340 -0.632979 0.259617
-7.429550 -26.201767 -291.821171 -461.934831 0.202651 -0.154549 -0.966978 0.794261 0.603531 0.069994 0.572784 -0.782218 0.245059
-11.412005 -29.534794 -398.294128 -373.928490 0.091896 -0.162375 -0.982441 0.677318 0.733412 -0.057861 0.729929 -0.660107 0.177377
-9.462676 -29.266339 -261.576716 111.211872 0.090778 -0.184869 -0.978562 0.457749 0.880411 -0.123862 0.884435 -0.436692 0.164545
-12.595180 -29.158325 -349.539587 265.442626 0.013703 -0.127849 -0.991699 0.450347 0.886293 -0.108038 0.892749 -0.445128 0.069721
-16.731684 -30.004283 -803.935940 -48.530234 0.049184 -0.144506 -0.988281 0.640782 0.763568 -0.079759 0.766146 -0.629350 0.130152
-0.887899 -27.995289 21.406320 42.264670 -0.264492 0.174712 0.948430 -0.589178 0.749307 -0.302337 -0.763487 -0.638760 -0.095249
-0.779906 -29.156262 -21.465909 129.208539 0.254958 -0.168315 -0.952190 0.757554 -0.577204 0.304872 -0.600922 -0.799066 -0.019655
-0.948293 -29.377128 49.293727 -183.881748 -0.232254 0.188540 0.954207 -0.630157 0.718133 -0.295275 -0.740918 -0.669879 -0.047979
-1.160308 -29.976070 -26.378328 -117.779195 -0.250978 0.185009 0.950148 -0.652607 0.692607 -0.307245 -0.714922 -0.697186 -0.053091
-0.965432 -28.366437 -11.313178 94.553192 -0.253245 0.172347 0.951926 -0.411213 0.871503 -0.267183 -0.875655 -0.459107 -0.149832
0.963800 -1.492447 7.541174 36.604179 -0.433396 0.000644 -0.901203 0.311622 0.938421 -0.149191 0.845612 -0.345494 -0.406909
0.572010 -0.750762 -24.171956 15.970088 -0.428951 -0.080594 -0.899725 0.281595 0.934451 -0.217957 0.858316 -0.346851 -0.378139
0.662628 -0.789148 -29.782370 113.913684 -0.367482 0.097738 -0.924881 0.324427 0.945466 -0.028991 0.871610 -0.310710 -0.379150
9.074379 -36.264541 97.298915 51.680948 -0.458246 0.088536 -0.884405 0.888369 0.077526 -0.452538 0.028498 -0.993051 -0.114179
9.232516 -34.949240 144.227146 -1510.020158 -0.451688 0.090854 -0.887538 0.869302 -0.179003 -0.460730 -0.200731 -0.979645 0.001874
9.605207 -36.385243 133.124032 -516.066136 -0.441032 0.014751 -0.897370 0.897376 0.023295 -0.440652 0.014405 -0.999620 -0.023511
9.802929 -35.558725 86.315524 1077.327172 -0.455109 0.019779 -0.890216 0.856178 0.284363 -0.431390 0.244612 -0.958513 -0.146351
1.694964 -46.165649 66.996194 678.785323 -0.408483 0.058159 0.910911 0.891819 0.238000 0.384726 -0.194422 0.969522 -0.149086
1.476108 -48.805110 19.166705 871.480968 -0.404189 0.095682 0.909657 0.840518 0.431123 0.328121 -0.360779 0.897206 -0.254678
2.110054 -52.067140 36.801292 281.152013 -0.407904 0.085915 0.908973 0.820187 0.471876 0.323460 -0.401133 0.877469 -0.262946
2.264919 -56.686920 169.590097 1752.583418 -0.418931 0.075454 0.904878 0.903090 0.138303 0.406571 -0.094470 0.987511 -0.126081
-10.551569 -111.625908 549.883394 5643.869671 0.844927 -0.461169 -0.270964 0.526631 0.805884 0.270575 -0.093585 0.371314 -0.923779
-15.492457 -209.011014 51.317144 13026.604761 0.791742 -0.475087 -0.383976 0.602840 0.709184 0.365570 -0.098632 0.520913 -0.847892
-19.849852 -477.746246 968.876186 33275.830756 0.897112 -0.337098 -0.285578 0.436244 0.573673 0.693247 0.069863 0.746502 -0.661706
-112.922903 -10312.085301 -6242.276165 1949190.633877 -0.317523 0.116518 0.941065 0.857507 0.458936 0.232507 -0.404797 0.880796 -0.245638
-58.828064 -1898.418921 -3259.392429 -95875.610441 -0.432901 0.118858 0.893571 -0.397772 0.864357 -0.307677 -0.808934 -0.488631 -0.326902
-119.614197 -15938.386837 -3333.744789 -1098244.432184 -0.185145 0.271679 0.944411 -0.487074 0.809307 -0.328301 -0.853511 -0.520781 -0.017511
-130.653212 -350.245445 -8625.458222 -109025.569060 -0.066502 -0.058815 0.996051 0.984893 0.156090 0.074974 -0.159883 0.985990 0.047546
-0.002766 -16.281481 21.741699 -19.434544 0.720909 0.529377 0.447269 -0.281523 0.813429 -0.508996 -0.633273 0.241024 0.735441
0.179772 -16.111363 0.741664 -20.512479 0.714527 0.522787 0.464914 -0.410494 0.851405 -0.326502 -0.566521 0.042450 0.822953
0.068614 -16.201344 -1.116385 23.299305 0.711117 0.525504 0.467073 -0.411914 0.849777 -0.328947 -0.569771 0.041526 0.820753
-271.945407 -452.809804 13071.769671 -33235.385182 0.582177 0.054675 0.811221 -0.435156 0.863762 0.254075 -0.686811 -0.500925 0.526655
-605.105237 -3537.882811 61239.830713 -601018.703109 -0.154464 0.987621 0.027294 0.150210 -0.003829 0.988647 -0.976513 -0.156811 0.147759
-262.977962 -1208.697616 23019.958173 195126.152041 0.815703 -0.575023 -0.063061 -0.021265 0.079131 -0.996637 -0.578080 -0.814301 -0.052320
-170.591605 -357.976852 14020.691812 3013.478852 0.966291 -0.246828 -0.073199 -0.207941 -0.580612 -0.787179 -0.151798 -0.775865 0.612365
-159.210106 -610.010638 11980.415190 53064.354390 0.897925 0.100044 -0.428628 -0.413667 0.524502 -0.744162 -0.150368 -0.845511 -0.512348
-122.888014 -347.535918 9090.649252 9451.679947 0.908814 -0.200911 -0.365640 -0.386911 -0.078028 -0.918810 -0.156069 -0.976497 0.148647
2.078168 -27.886188 179.461452 -1483.531720 0.945063 0.257814 0.200967 -0.305612 0.915025 0.263307 0.116005 0.310260 -0.943547
1.487490 -36.082085 147.832935 -1565.765170 0.932277 0.286806 0.220456 -0.355391 0.839882 0.410238 0.067499 0.460803 -0.884932
2.870122 -34.871242 116.439093 -1180.507961 0.931298 0.321190 0.171818 -0.362778 0.775362 0.516920 -0.032808 0.543739 -0.838613
3.269722 -29.696298 29.263041 -871.986493 0.943150 0.331684 0.021314 -0.291510 0.794703 0.532417 -0.159656 0.508363 -0.846214
3.703190 -22.965477 60.548088 -1071.639464 0.954660 0.286762 0.079948 -0.297624 0.913394 0.277724 -0.006616 0.288927 -0.957328
-2.418808 -15.585892 -586.426176 213.084541 0.012749 0.879161 0.476355 0.900837 0.196659 -0.387063 -0.433970 0.434053 -0.789474
-3.805216 -15.455869 -920.414793 795.643031 -0.102902 0.878172 0.467146 -0.734238 -0.383893 0.559930 -0.671048 0.285379 -0.684290
-7.873397 -14.794744 -192.755160 149.494632 -0.157682 0.709632 0.686701 -0.822491 -0.479220 0.306360 -0.546484 0.516498 -0.659231
13.960264 -13.987572 -118.668789 260.268509 0.430100 0.765889 0.477942 -0.384155 0.634355 -0.670834 0.816969 -0.104922 -0.567056
10.828634 -13.598436 -294.317573 266.746535 0.552320 0.727933 0.406271 -0.323742 0.636397 -0.700136 0.768201 -0.255172 -0.587157
12.792334 -16.514924 -304.299538 249.296493 0.523749 0.718652 0.457412 -0.225492 0.634752 -0.739082 0.821487 -0.283951 -0.494501
13.700769 -18.153634 -164.478369 244.111908 0.438903 0.732765 0.520018 -0.177252 0.637976 -0.749378 0.880878 -0.236730 -0.409893
11.979870 -18.423043 -314.375670 273.924727 0.530417 0.685057 0.499355 -0.062571 0.619075 -0.782835 0.845425 -0.383983 -0.371233
6.187716 -15.342494 -532.849699 -576.844478 0.242895 -0.117879 -0.962864 -0.583283 0.775362 -0.242065 0.775102 0.620418 0.119575
0.302291 -13.646299 -216.965952 -589.815528 0.128411 0.020419 -0.991511 -0.553783 0.830868 -0.054610 0.822700 0.556094 0.118000
5.005192 -17.464711 -445.925152 -532.446288 0.204873 -0.033176 -0.978226 -0.677245 0.716753 -0.166146 0.706658 0.696538 0.124375
3.093455 -10.654116 -314.594532 -491.557023 0.224634 -0.151851 -0.962539 -0.472673 0.846812 -0.243905 0.852127 0.509755 0.118447
2.867199 -15.125463 322.699676 909.537951 -0.211218 0.965284 0.153666 -0.454986 -0.236239 0.858591 -0.865087 -0.111434 -0.489089
3.649094 -24.709370 363.081806 1417.263582 -0.237252 0.946509 0.218704 -0.551178 -0.316542 0.772013 -0.799946 -0.062617 -0.596796
1.581952 -14.768280 138.153795 816.441262 -0.252627 0.949558 0.185794 -0.455170 -0.286079 0.843196 -0.853815 -0.128446 -0.504481
1.640126 -7.447919 87.502898 649.086631 -0.202308 0.976766 0.070704 -0.400489 -0.148400 0.904205 -0.893689 -0.154612 -0.421207
3.453063 -9.782420 303.171384 819.562030 -0.184621 0.980152 0.072234 -0.403633 -0.142630 0.903735 -0.896100 -0.137692 -0.421954
-7.236799 -10.678903 -103.583973 101.116223 0.379496 0.191169 0.905228 0.849097 -0.460551 -0.258703 0.367448 0.866803 -0.337098
-6.306590 -9.262476 -46.120879 58.123927 0.506260 0.155532 0.848240 0.725631 -0.608335 -0.321539 0.466005 0.778292 -0.420834
-5.588246 -11.557679 -182.180067 123.453109 0.426311 0.295759 0.854860 0.855301 -0.439448 -0.274493 0.294483 0.848182 -0.440304
-4.674736 -12.026810 -299.210578 95.935482 0.487542 0.239920 0.839488 0.855751 -0.322029 -0.404953 0.173183 0.915825 -0.362315
1.947442 -12.317851 49.450612 4.586682 -0.528903 0.841188 -0.112537 -0.584893 -0.457372 -0.669858 0.614948 0.288468 -0.733911
2.985688 -13.844036 57.531993 -77.322024 -0.508105 0.851846 -0.127230 -0.666471 -0.482429 -0.568400 0.545568 0.204011 -0.812856
2.745023 -12.918625 42.984653 52.193469 -0.523384 0.834251 -0.173477 -0.562052 -0.491018 -0.665582 0.640443 0.250852 -0.725883
2.016390 -32.246186 -33.486825 -778.055498 0.608207 -0.485637 0.627886 0.718105 0.673694 -0.174532 -0.338244 0.557039 0.758484
1.194828 -29.557953 -29.983188 -1014.438440 0.587822 -0.469489 0.658821 0.699705 0.703808 -0.122752 -0.406052 0.533137 0.742218
1.491720 -36.314685 -30.454618 -366.706921 0.623948 -0.463414 0.629235 0.770375 0.499932 -0.395716 -0.131194 0.731652 0.668934
2.225317 -39.306260 -26.764866 -176.858607 0.650496 -0.488671 0.581426 0.755613 0.493829 -0.430327 -0.076837 0.719259 0.690480
-0.132548 -5.503070 -152.911684 51.304126 0.333821 0.224587 0.915491 0.655482 0.642650 -0.396666 -0.677427 0.732503 0.067318
0.965087 -6.942178 -161.524282 79.494176 0.426876 0.342097 0.837106 0.524886 0.660066 -0.537408 -0.736391 0.668792 0.102205
-0.528966 -6.192890 190.649621 58.084669 0.304735 0.157005 0.939407 0.688104 0.645655 -0.331124 -0.658521 0.747315 0.088718
2.924275 -6.167159 -312.950589 87.514269 0.492521 0.405671 0.769970 0.467106 0.623272 -0.627171 -0.734326 0.668552 0.117484
0.091934 -5.236931 344.833780 73.250744 0.211748 0.047222 0.976183 0.775406 0.599877 -0.197215 -0.594902 0.798698 0.090406
-0.753653 -5.264002 -14.949698 7.160178 0.088343 -0.015809 0.995965 0.786711 0.614395 -0.060029 -0.610967 0.788840 0.066715
-0.882709 -5.215563 -333.710364 -116.434328 0.081827 0.033041 0.996099 0.758884 0.645816 -0.083763 -0.646064 0.762778 0.027771
0.276783 -4.380487 -476.754768 -30.121503 0.204767 0.169876 0.963957 0.721014 0.639862 -0.265922 -0.661973 0.749479 0.008540
1.452229 -4.969606 -459.435123 79.677075 0.408190 0.334849 0.849269 0.589466 0.613684 -0.525282 -0.697073 0.715030 0.053118
8.417336 -4.155501 250.359623 68.350255 0.430847 -0.367270 0.824308 0.710467 0.701262 -0.058898 -0.556424 0.611019 0.563070
22.334680 -3.431766 1628.673213 67.779426 0.623316 -0.257341 0.738412 0.625867 0.730289 -0.273803 -0.468794 0.632813 0.616262
10.368277 -3.892236 -225.717631 108.538854 0.328791 -0.462527 0.823386 0.803782 0.594779 0.013147 -0.495814 0.657501 0.567329
0.537415 -25.202459 6.850866 117.138604 -0.501325 0.847368 -0.175044 0.763127 0.337660 -0.551020 -0.407811 -0.409821 -0.815927
0.717773 -23.798994 17.294662 347.193614 -0.509041 0.842766 -0.174991 -0.685286 -0.273796 0.674847 -0.520827 -0.463444 -0.716909
0.715906 -24.531692 10.997669 210.464071 -0.504715 0.843286 -0.184747 0.779652 0.353368 -0.516986 -0.370684 -0.404969 -0.835819
-2.942463 -14.975710 -1.971457 28.335527 -0.606736 0.568647 -0.555439 0.793016 0.384886 -0.472216 -0.054743 -0.726983 -0.684470
-2.774242 -14.394536 20.968189 -19.842970 -0.593673 0.618868 -0.514349 0.778907 0.281383 -0.560470 -0.202128 -0.733366 -0.649090
-2.523786 -14.448821 29.525832 40.227586 -0.580032 0.634733 -0.510566 0.812915 0.410815 -0.412795 -0.052267 -0.654481 -0.754270
1.091344 -21.702808 14.856743 35.047156 -0.462684 0.685724 -0.561877 0.633739 -0.187359 -0.750515 -0.619919 -0.703334 -0.347882
1.040098 -20.865345 13.375295 128.560046 -0.485900 0.686891 -0.540445 0.718888 -0.037590 -0.694109 -0.497093 -0.725787 -0.475533
0.179187 -20.277376 40.327289 95.101600 -0.449797 0.711862 -0.539384 0.644572 -0.159307 -0.747762 -0.618231 -0.684013 -0.387190
0.178817 -20.087519 42.124188 146.750142 -0.582781 0.772098 -0.253440 0.810060 0.527182 -0.256674 -0.064568 -0.354887 -0.932677
-0.398340 -19.921551 81.539490 61.702101 -0.586780 0.766071 -0.262344 0.800913 0.501350 -0.327393 -0.119280 -0.402222 -0.907739
0.032009 -22.009279 32.098653 213.097256 -0.564883 0.778369 -0.273949 0.804270 0.445099 -0.393748 -0.184546 -0.442750 -0.877448
-1.174632 -20.585311 120.343996 -196.683262 -0.559142 0.788878 -0.255014 0.829072 0.532379 -0.170918 0.000931 -0.306992 -0.951712
0.013034 -23.361553 -33.820059 94.977086 -0.565005 0.768858 -0.299377 0.823631 0.504020 -0.259992 -0.049005 -0.393473 -0.918029
-0.180698 -21.574857 68.142824 -12.922606 -0.565701 0.789773 -0.237152 0.823080 0.558311 -0.104061 0.050220 -0.254062 -0.965883
-1.052632 -22.098045 -81.765822 -190.879453 -0.560757 0.775119 -0.291106 -0.789797 -0.606285 -0.092952 0.248542 -0.177791 -0.952164
-1.453551 -21.650050 6.697091 -300.016872 -0.577970 0.780186 -0.239291 -0.772902 -0.617436 -0.146270 0.261865 -0.100409 -0.959867
-1.027624 -20.137528 -58.707545 -41.186105 -0.584077 0.761030 -0.282291 -0.729800 -0.644599 -0.227780 0.355312 -0.072975 -0.931895
-1.539117 -24.139797 -2.575426 375.967536 -0.554944 0.794853 -0.245451 0.822606 0.568275 -0.019574 0.123925 -0.212771 -0.969211
-1.398965 -24.179203 -82.660737 343.568835 -0.549176 0.783989 -0.289426 0.829355 0.553892 -0.073306 0.102840 -0.280295 -0.954389
-1.041735 -24.437373 -68.643465 264.118556 -0.562674 0.771735 -0.296348 0.811107 0.584634 -0.017567 0.159699 -0.250254 -0.954918
1.405141 -1.251087 -28.787311 -15.222129 -0.515597 -0.660027 -0.546373 -0.084786 0.673839 -0.733998 0.852626 -0.332123 -0.403390
1.217827 -0.959310 -54.478787 -0.324670 -0.504681 -0.553124 -0.662835 -0.015008 0.773292 -0.633872 0.863175 -0.309955 -0.398567
1.483806 -1.841308 0.748206 -27.468635 -0.542401 -0.534831 -0.647886 -0.008823 0.774767 -0.632186 0.840073 -0.337182 -0.424953
1.181108 -2.254831 62.600429 7.493576 -0.574701 -0.608790 -0.546895 -0.071088 0.702890 -0.707737 0.815270 -0.367859 -0.447229
3.055072 -22.895988 -78.495064 372.334766 -0.384401 0.815840 -0.432020 0.219889 0.535423 0.815458 -0.896596 -0.218466 0.385211
3.062171 -20.165221 -52.058233 -363.503898 -0.364686 0.837806 -0.406306 -0.035690 0.423460 0.905212 -0.930446 -0.344619 0.124529
3.732187 -21.037489 -109.933066 270.519119 -0.356383 0.822902 -0.442519 0.192474 0.528118 0.827070 -0.914300 -0.209581 0.346599
3.740837 -20.418546 -87.260131 383.850396 -0.364599 0.794035 -0.486391 0.338679 0.599653 0.725060 -0.867389 -0.099625 0.487556
3.584082 -19.072584 -8.113653 323.632047 -0.319678 0.799513 -0.508513 0.347262 0.598191 0.722203 -0.881598 -0.054285 0.468869
4.347726 -19.376533 -162.758282 171.224434 -0.322425 0.837838 -0.440533 0.168607 0.508776 0.844226 -0.931458 -0.197923 0.305307
0.201605 -61.288642 -6.537540 -1852.297060 -0.570360 0.809065 -0.141788 -0.680614 -0.562147 -0.469846 0.459842 0.171478 -0.871287
-0.215065 -96.104755 -51.431761 -4686.546882 -0.617531 0.771410 -0.153561 -0.552077 -0.564165 -0.613945 0.560237 0.294353 -0.774268
0.551907 -58.843830 -21.895107 -1684.652835 -0.625031 0.758939 -0.182614 -0.449010 -0.540912 -0.711199 0.638535 0.362526 -0.678858
2.363003 -19.689679 73.909354 -194.806981 0.535818 -0.779264 0.325033 0.705510 0.201733 -0.679382 0.463848 0.593339 0.657870
2.959679 -18.672481 71.083986 -80.580433 0.543621 -0.769766 0.334571 0.774390 0.306247 -0.553654 0.323723 0.560066 0.762581
3.453980 -20.776852 55.996681 -170.327613 0.556690 -0.740442 0.376620 0.717470 0.200027 -0.667252 0.418728 0.641666 0.642598
2.299111 -20.946989 80.110822 -187.705776 0.532818 -0.777596 0.333840 0.604659 0.073843 -0.793054 0.592024 0.624413 0.509526
1.135994 -6.491432 41.741352 120.970829 -0.543427 0.838643 0.036953 -0.624867 -0.374724 -0.684926 0.560561 0.395298 -0.727675
1.751392 -4.541161 -42.256275 50.745383 -0.308431 0.916165 0.255954 -0.816622 -0.117020 -0.565185 0.487851 0.383338 -0.784253
1.844873 -6.176449 67.979279 163.763030 -0.459158 0.880170 0.120308 -0.735654 -0.300813 -0.606897 0.497983 0.367167 -0.785622
3.121604 -6.779986 162.584120 194.359718 -0.467351 0.877561 0.107098 -0.743851 -0.324861 -0.584082 0.477775 0.352636 -0.804598
2.453703 -7.967598 113.478990 130.420199 -0.561939 0.827014 0.016529 -0.611194 -0.401663 -0.681988 0.557375 0.393338 -0.731176
-2.009534 -5.966806 -71.477519 -76.742230 -0.481558 -0.394562 -0.782574 -0.096671 0.911392 -0.400023 0.871066 -0.116982 -0.477031
-1.359377 -5.607689 -65.810310 -76.315520 -0.470079 -0.359089 -0.806276 -0.053154 0.923358 -0.380243 0.881022 -0.135888 -0.453138
-2.100062 -4.805323 -66.517719 -102.195017 -0.487876 -0.344748 -0.801951 0.006427 0.917264 -0.398229 0.872889 -0.199440 -0.445295
-1.699260 -6.876463 -40.101930 -72.638578 -0.477438 -0.395029 -0.784860 -0.155995 0.917158 -0.366724 0.864707 -0.052654 -0.499509
-309.440655 -383.505767 -9851.952771 2399.793083 0.723717 0.052826 -0.688072 0.558182 -0.631104 0.538647 0.405790 0.773897 0.486228
-467.375524 -2082.759753 -33739.331585 -315006.647752 0.960211 0.164449 -0.225724 0.246530 -0.119362 0.961757 -0.131217 0.979137 0.155154
-188.366916 -1454.503628 -35752.339106 -439871.194918 0.837237 0.480540 -0.260990 0.534447 -0.618017 0.576559 -0.115764 0.622202 0.774250
-318.399034 -476.318621 -35882.803188 25872.280204 0.353387 0.804157 -0.477964 0.803772 -0.522414 -0.284665 0.478610 0.283577 0.830973
-364.581956 -836.255198 20609.697444 -117253.113659 0.535752 -0.441449 -0.719787 0.020092 0.858873 -0.511795 0.844136 0.259733 0.469012
14.283143 -60.036570 -54.227328 2498.403201 -0.569066 0.821116 -0.043966 0.334179 0.182083 -0.924754 0.751325 0.540938 0.378017
11.077944 -45.876695 -312.156370 -1290.196269 0.661594 -0.718069 0.216033 -0.495704 -0.202641 0.844520 0.562647 0.665817 0.490016
11.020373 -27.065921 347.523232 459.192189 -0.629524 0.764337 -0.139601 0.261621 0.039341 -0.964368 0.731610 0.643616 0.224733
11.451824 -31.380479 131.734401 998.961765 -0.473493 0.879350 -0.050469 0.168242 0.034050 -0.985157 0.864580 0.474956 0.164066
13.756331 -59.477693 -19.834726 2369.763896 -0.376127 0.926125 0.028647 0.382349 0.183297 -0.905655 0.844001 0.329688 0.423046
-2.175809 -15.500286 -21.226252 -916.825827 0.323792 0.346966 0.880212 -0.554609 0.823335 -0.120530 -0.766529 -0.449147 0.459020
-1.151765 -17.459062 -131.224518 -1109.056013 0.276708 0.399166 0.874128 -0.528863 0.822751 -0.208292 -0.802332 -0.404658 0.438766
-2.233165 -27.965845 40.357452 -1737.951835 0.288648 0.438083 0.851332 -0.526472 0.815307 -0.241042 -0.799693 -0.378626 0.465975
-3.290666 -7.633713 -321.045208 -435.013195 0.385373 0.175209 0.905974 -0.479976 0.876598 0.034639 -0.788106 -0.448194 0.421914
-5.218699 -35.737685 214.892402 -2079.262133 0.252510 0.543369 0.800618 -0.584924 0.744848 -0.321037 -0.770781 -0.387235 0.505911
-3.848760 -15.229660 207.010773 -800.597310 0.333142 0.373855 0.865592 -0.606344 0.787975 -0.106967 -0.722055 -0.489211 0.489192
-1.511297 -6.247042 -21.865860 -39.589451 0.539880 -0.156382 0.827088 -0.333708 0.862310 0.380868 -0.772767 -0.481629 0.413358
-4.772885 -14.911611 39.651527 28.007884 -0.146191 0.989244 0.005043 0.907119 0.136085 -0.398265 0.394668 0.053648 0.917256
-3.950261 -14.614787 16.158189 109.223271 -0.241569 0.969147 0.048983 0.758478 0.220061 -0.613419 0.605273 0.111030 0.788237
-4.655915 -15.829744 112.954080 19.979779 -0.184126 0.980197 -0.072885 0.906293 0.140606 -0.398576 0.380435 0.139443 0.914234
-8.534333 -12.966857 135.384712 -104.603583 0.674466 0.511223 0.532678 -0.093862 0.775006 -0.624944 -0.732315 0.371505 0.570700
7.397524 -15.121632 17.033315 -360.352386 0.387713 -0.829542 -0.401919 0.874299 0.469080 -0.124761 0.292027 -0.303026 0.907136
8.796649 -18.825111 63.560197 -432.039351 -0.420224 0.840457 0.342116 0.806596 0.518689 -0.283487 0.415710 -0.156821 0.895875
11.331496 -19.973137 303.994845 -182.293603 -0.349121 0.875498 0.334092 0.729135 0.477748 -0.490020 0.588623 -0.072522 0.805148
-7.552094 -10.622952 -5.916707 -7.367534 -0.085009 -0.677647 -0.730457 0.947838 0.171036 -0.268978 0.307206 -0.715221 0.627760
-7.997968 -10.270360 9.001945 17.157310 -0.090484 -0.672914 -0.734166 0.973298 0.096405 -0.208319 0.210958 -0.733412 0.646223
-7.015143 -10.828608 101.097599 -65.714321 -0.078680 -0.596805 -0.798519 0.957491 0.177751 -0.227193 0.277527 -0.782450 0.557450
-7.731079 -10.460761 -106.772260 51.196306 -0.250904 -0.756568 -0.603864 0.936908 -0.032933 -0.348022 0.243415 -0.653085 0.717097
-7.053892 -11.423423 -12.245360 -90.493883 -0.202160 -0.681499 -0.703343 0.900085 0.153752 -0.407686 0.385978 -0.715486 0.582324
-7.072167 -10.685593 -91.650709 0.477020 -0.262685 -0.764208 -0.589052 0.902305 0.021715 -0.430551 0.341822 -0.644604 0.683844
0.345477 -28.247457 -51.796277 91.011390 0.341831 -0.312034 0.886446 0.191373 0.946615 0.259417 -0.920069 0.080965 0.383298
0.278069 -26.194775 -38.693682 -448.933321 0.353463 -0.318012 0.879734 -0.028075 0.936411 0.349781 -0.935027 -0.148333 0.322058
-0.216558 -25.900889 -38.170842 -621.848522 0.354489 -0.318719 0.879065 -0.055151 0.931353 0.359917 -0.933432 -0.176067 0.312577
20.537409 -19.141981 893.838117 -419.564169 0.258556 -0.920706 0.292317 0.946473 0.180922 -0.267313 0.193230 0.345786 0.918202
21.966410 -17.721425 -150.440258 -275.240446 0.225677 -0.779839 0.583885 0.959508 0.074223 -0.271726 0.168565 0.621565 0.765012
15.414683 -17.733003 -671.428925 56.160125 -0.214429 0.900811 -0.377570 0.845395 -0.022447 -0.533669 0.489210 0.433630 0.756729
8.105124 -9.658971 -212.162860 -107.017782 0.391653 -0.045736 0.918976 0.066354 0.997567 0.021368 -0.917717 0.052609 0.393735
-0.558385 -15.201120 0.111164 85.104253 0.714482 0.531821 0.454623 0.693926 -0.621624 -0.363387 -0.089348 -0.575108 0.813184
-0.736215 -14.661751 -14.122837 89.601963 0.718974 0.530153 0.449460 0.691440 -0.611282 -0.385026 -0.070625 -0.587598 0.806065
-0.414279 -14.188004 2.127275 77.911159 0.729059 0.516958 0.448584 0.682740 -0.502959 -0.529998 0.048368 -0.692666 0.719635
-0.749924 -15.885608 -17.871684 97.206569 0.698751 0.542645 0.466137 0.673282 -0.719055 -0.172193 -0.241738 -0.434162 0.867794
-0.490717 -16.132040 -2.523099 73.501744 0.703232 0.538801 0.463852 0.661483 -0.734988 -0.149108 -0.260586 -0.411688 0.873274
-0.371145 -15.706341 0.506038 70.276570 0.716775 0.525418 0.458442 0.687617 -0.641795 -0.339533 -0.115829 -0.558601 0.821309
-3.291437 -26.185742 118.897641 631.310202 0.235412 -0.523662 -0.818755 0.822093 -0.342058 0.455147 -0.518405 -0.780240 0.349975
-3.136830 -27.662444 -115.244412 -320.430910 -0.260821 0.530867 0.806320 -0.589362 0.573960 -0.568527 -0.764607 -0.623498 0.163173
-1.183835 -26.070747 106.102118 486.687872 0.265278 -0.503059 -0.822532 0.728814 -0.453892 0.512652 -0.631235 -0.735468 0.246229
3.361038 -18.159535 24.425306 -427.447187 -0.126634 0.431360 0.893248 0.619392 0.737755 -0.268461 -0.774802 0.519274 -0.360606
4.166825 -22.977552 -5.070900 -668.154841 -0.144028 0.509354 0.848419 0.743748 0.621263 -0.246721 -0.652760 0.595475 -0.468310
2.735421 -13.990360 26.952828 -160.298657 -0.123058 0.417484 0.900313 0.504260 0.807669 -0.305600 -0.854739 0.416386 -0.309910
3.194469 -17.208238 -47.886987 -394.051954 -0.162184 0.507386 0.846319 0.630217 0.713223 -0.306821 -0.759291 0.483603 -0.435437
1.189215 -7.622538 1.392996 -6.528853 -0.258330 -0.522377 -0.812643 0.896184 -0.443682 0.000318 -0.360721 -0.728196 0.582762
1.048086 -7.272618 60.782011 -21.597454 -0.231970 -0.513504 -0.826138 0.865053 -0.497292 0.066206 -0.444829 -0.699295 0.559566
1.461963 -7.250617 27.583480 -33.498807 -0.250316 -0.522413 -0.815124 0.849047 -0.523041 0.074483 -0.465254 -0.673434 0.574478
3.369727 -19.091226 -19.729922 -29.279844 0.262492 -0.547303 0.794705 0.923902 0.380166 -0.043350 -0.278395 0.745609 0.605445
2.515694 -20.086596 31.168361 -123.282557 0.299002 -0.583625 0.754970 0.949529 0.260589 -0.174609 -0.094831 0.769074 0.632085
2.924435 -19.042191 43.115906 -79.413705 0.296535 -0.583155 0.756305 0.913344 0.404562 -0.046167 -0.279050 0.704457 0.652588
6.606858 -6.290997 265.455159 61.980710 0.270355 0.954013 -0.129487 -0.935815 0.291998 0.197454 -0.226183 -0.067793 -0.971723
5.202810 -6.990615 -11.381081 -29.043343 0.191754 0.914610 -0.355975 0.955681 -0.256563 -0.144392 -0.223392 -0.312511 -0.923273
5.168385 -7.130191 -345.138047 -12.745870 0.116398 0.803232 -0.584183 0.949115 -0.263253 -0.172852 -0.292628 -0.534338 -0.793002
-3.595765 -22.073450 -151.246178 -223.397783 0.285466 -0.136995 -0.948547 0.842229 0.508155 0.180079 0.457339 -0.850301 0.260442
-6.840496 -22.930754 -279.287041 -358.187026 0.236910 -0.118867 -0.964233 0.884511 0.436947 0.163457 0.401889 -0.891599 0.208656
-0.870273 -28.925324 21.299568 13.469939 0.276090 -0.156496 -0.948305 0.712715 -0.628623 0.311240 -0.644835 -0.761801 -0.062019
-0.741215 -28.737333 5.235743 86.355495 0.264812 -0.154444 -0.951852 0.852484 -0.423875 0.305944 -0.450717 -0.892456 0.019414
-0.896088 -28.650487 6.290410 -13.567268 0.260373 -0.162475 -0.951739 0.875806 -0.375181 0.303648 -0.406410 -0.912601 0.044610
0.213404 -1.336133 -44.541578 35.879145 -0.474140 -0.338999 -0.812571 0.151742 0.877631 -0.454684 0.867275 -0.338885 -0.364679
0.085736 -0.740210 -15.138909 4.601665 -0.485531 -0.349988 -0.801104 0.140683 0.873142 -0.466724 0.862825 -0.339311 -0.374700
0.587113 -1.334090 -41.037454 29.506677 -0.456472 -0.254147 -0.852668 0.199642 0.904643 -0.376516 0.867051 -0.342098 -0.362205
-0.499292 -0.722000 -20.334320 18.536418 -0.507485 -0.601628 -0.616849 -0.027345 0.726768 -0.686338 0.861226 -0.331439 -0.385276
0.864968 -2.168217 -49.410389 75.802312 -0.468676 -0.306697 -0.828420 0.180617 0.884713 -0.429721 0.864708 -0.351027 -0.359249
0.267160 -2.348520 -59.463649 76.379284 -0.465508 -0.312624 -0.827991 0.180867 0.882190 -0.434774 0.866366 -0.352147 -0.354123
-0.542152 -1.471792 -49.540378 47.591672 -0.483803 -0.368609 -0.793764 0.127754 0.867516 -0.480724 0.865802 -0.333982 -0.372616
8.939439 -34.617526 70.714312 -1437.596040 -0.435363 0.000166 -0.900255 0.885909 -0.177734 -0.428458 -0.160077 -0.984079 0.077232
1.562023 -52.248550 9.073737 -359.394127 -0.404849 0.109762 0.907772 0.662818 0.719122 0.208652 -0.629897 0.686160 -0.363888
-9.715696 -164.868201 -203.919813 7400.966698 0.893758 -0.252109 -0.370996 0.445167 0.599945 0.664750 -0.054987 0.759281 -0.648436
-9.625681 -164.889287 571.481408 4441.917915 -0.771151 0.445987 0.454335 0.469992 0.880178 -0.066280 -0.429456 0.162423 -0.888362
-321.509172 -7254.729251 15223.631011 1550810.756420 0.354720 -0.243300 -0.902762 0.816344 0.551303 0.172185 0.455802 -0.798042 0.394175
-3.242731 -11.664056 157.876757 24.364359 0.695334 0.331892 0.637463 -0.405484 0.913495 -0.033312 -0.593375 -0.235318 0.769761
-4.319668 -11.602789 250.538595 62.083602 0.694085 0.342473 0.633213 -0.333762 0.932433 -0.138460 -0.637847 -0.115240 0.761492
-4.708540 -11.566984 212.733406 -57.495938 0.678452 0.321085 0.660762 -0.429924 0.902861 0.002707 -0.595707 -0.285914 0.750590
-3.831981 -10.570312 154.685833 -102.592270 0.675046 0.335930 0.656859 -0.508972 0.856576 0.084996 -0.534097 -0.391699 0.749208
-2.252010 -10.967595 139.327610 -63.005469 0.691957 0.350059 0.631390 -0.497029 0.865298 0.064964 -0.523600 -0.358772 0.772739
1.395624 -11.402832 17.015731 15.374920 0.733489 0.665527 0.138086 -0.435975 0.304805 0.846770 -0.521458 0.681299 -0.513725
1.345705 -12.283661 -3.815413 62.039203 0.738497 0.658919 0.142997 -0.451301 0.325486 0.830895 -0.500949 0.678148 -0.537741
1.420806 -11.078700 3.885426 95.571887 0.723342 0.673268 0.153255 -0.362709 0.181626 0.914032 -0.587553 0.716744 -0.375578
-462.476842 -1479.821635 47335.490607 233915.144987 0.449039 0.892423 0.044093 0.684712 -0.375391 0.624701 -0.574050 0.250324 0.779618
-149.525818 -474.474877 2276.888469 45174.679802 0.431204 0.847610 -0.309226 0.562410 0.015488 0.826713 -0.705520 0.530394 0.470026
-0.220181 -32.849665 137.543849 -1941.879217 0.943028 0.269914 0.194537 -0.310500 0.924017 0.223120 0.119532 0.270812 -0.955182
-1.811957 -2.522078 -47.834995 139.811847 0.760181 0.188184 0.621862 0.039513 0.941973 -0.333356 -0.648509 0.277982 0.708634
-1.395332 -1.687327 33.488602 -40.957275 0.593670 0.771726 0.228024 0.470071 -0.562569 0.680110 -0.653138 0.296573 0.696746
-1.159313 -3.170567 -17.382353 130.853351 0.750927 0.262834 0.605828 -0.027458 0.929018 -0.369013 -0.659815 0.260467 0.704841
-5.961542 -16.637283 -222.011164 528.477832 -0.016592 0.806004 0.591677 0.973493 0.148030 -0.174354 -0.228116 0.573100 -0.787095
-4.113255 -13.925559 -217.662933 509.588218 0.072562 0.852553 0.517580 0.987399 0.011766 -0.157810 -0.140631 0.522509 -0.840956
0.126406 -15.549859 -633.077299 356.002353 0.073922 0.910648 0.406518 0.937488 0.075551 -0.339719 -0.340077 0.406218 -0.848136
-9.217381 -13.488603 9.922202 -2.171972 0.865422 0.326463 0.380087 -0.367640 -0.101658 0.924395 -0.340420 0.939727 -0.032044
-8.905507 -13.678823 44.832225 -11.865131 0.916675 0.185774 0.353828 -0.342101 -0.092883 0.935061 -0.206575 0.978193 0.021591
-9.117276 -12.887243 71.892055 -94.574916 0.893156 0.280317 0.351703 -0.394585 0.113163 0.911864 -0.215811 0.953214 -0.211681
3.294586 -31.471209 362.880534 1607.159739 -0.267322 0.931864 0.245292 -0.652791 -0.362375 0.665243 -0.708804 -0.017710 -0.705183
6.329775 -38.899218 411.326597 1708.199305 -0.261901 0.940945 0.214546 -0.691625 -0.338038 0.638267 -0.673099 -0.018777 -0.739314
1.493853 -22.526579 140.619459 1116.665632 -0.274691 0.933873 0.228968 -0.545382 -0.347441 0.762786 -0.791898 -0.084655 -0.604757
3.856701 -36.830348 376.945212 966.057870 -0.300810 0.916544 0.263555 -0.809801 -0.391446 0.437026 -0.503721 0.081965 -0.859969
1.660250 -32.146280 256.853298 1592.629952 -0.288051 0.918760 0.270014 -0.646711 -0.394590 0.652735 -0.706252 -0.013400 -0.707834
-5.659607 -9.067234 201.264284 -4.451290 0.599538 -0.092977 0.794927 0.600107 -0.604950 -0.523361 0.529552 0.790817 -0.306894
-4.706294 -8.629597 165.999862 -57.879515 0.587249 -0.051665 0.807756 -0.538755 0.719821 0.437722 0.604055 0.692234 -0.394879
-5.508034 -8.636373 -64.430659 91.859111 0.577733 0.135788 0.804852 0.611987 -0.724533 -0.317055 0.540089 0.675732 -0.501687
-1.683278 -7.442204 45.530728 2.883130 0.480197 0.761591 0.435189 -0.266554 -0.345974 0.899584 -0.835680 0.547978 -0.036869
-0.752748 -7.119123 97.075050 -0.649383 0.513170 0.753020 0.411847 -0.293414 -0.297021 0.908673 -0.806576 0.587145 -0.068524
-1.263534 -6.940407 36.019624 -53.026063 0.491196 0.766950 0.412934 -0.341174 -0.266788 0.901346 -0.801453 0.583620 -0.130618
1.494041 -14.362396 30.600976 24.847938 -0.421215 0.906255 0.035767 -0.668469 -0.336865 0.663078 -0.612966 -0.255389 -0.747696
1.847885 -14.718315 21.845526 34.988744 -0.423037 0.905996 0.014506 -0.580108 -0.283098 0.763760 -0.696071 -0.314684 -0.645337
2.012033 -14.365423 40.170114 -43.040680 -0.442240 0.896546 0.025088 -0.704507 -0.364552 0.608910 -0.555062 -0.251610 -0.792842
1.297255 -14.150981 37.937596 -77.167316 -0.421560 0.906079 0.036156 -0.780816 -0.382978 0.493613 -0.461099 -0.179856 -0.868930
0.776040 -14.291314 18.388896 -21.159519 -0.394236 0.918511 0.030241 -0.764724 -0.346123 0.543503 -0.509681 -0.191143 -0.838862
1.895337 -26.182182 -32.425163 -1222.430103 0.575024 -0.518345 0.632981 0.621409 0.779965 0.074197 -0.532163 0.350675 0.770603
0.500474 -19.995921 -29.199448 -866.441402 0.551268 -0.477240 0.684358 0.605020 0.793473 0.065972 -0.574504 0.377682 0.726156
0.510905 -27.076093 -25.751297 -953.929514 0.574848 -0.453343 0.681198 0.713381 0.685431 -0.145846 -0.400796 0.569793 0.717425
1.113521 -20.884992 -31.488932 -1039.012993 0.549748 -0.507732 0.663314 0.591551 0.797286 0.120009 -0.589784 0.326409 0.738656
21.123084 -4.076153 2033.281684 -14.597811 0.669890 -0.171138 0.722468 -0.538430 -0.781978 0.314011 -0.511215 0.599351 0.615985
38.410543 -4.464234 4042.888897 -15.742891 0.702468 -0.153329 0.695003 -0.531404 -0.762590 0.368873 -0.473443 0.628449 0.617174
-0.375157 -20.943706 22.488666 -61.185733 -0.490442 0.845966 -0.209303 -0.670091 -0.519625 -0.530065 0.557176 0.119714 -0.821720
-0.329308 -21.482542 20.963553 5.797619 -0.470254 0.859731 -0.199308 -0.770940 -0.510101 -0.381377 0.429549 0.025689 -0.902678
-0.023963 -22.167576 11.373202 -50.104860 -0.489912 0.845000 -0.214386 -0.664322 -0.521107 -0.535839 0.564502 0.120093 -0.816649
-0.768930 -20.556312 23.584649 38.860867 -0.473178 0.856366 -0.206735 -0.775775 -0.516245 -0.362855 0.417463 0.011315 -0.908624
-0.221291 -20.951169 12.679385 -146.308322 -0.503908 0.833483 -0.226679 -0.542696 -0.509673 -0.667618 0.671981 0.213400 -0.709156
-0.453419 -19.695452 30.395028 -185.114983 -0.511729 0.828083 -0.228939 -0.543998 -0.518552 -0.659674 0.664981 0.213032 -0.715833
-0.752869 -19.772085 29.074800 -23.163729 -0.498132 0.838510 -0.220830 -0.675027 -0.534853 -0.508204 0.544245 0.104086 -0.832444
-2.995559 -15.529662 24.508606 -50.228200 -0.578371 0.581022 -0.572626 0.727465 0.684994 -0.039728 0.369163 -0.439543 -0.818854
-3.102165 -15.588016 31.049275 -85.825708 -0.575523 0.596893 -0.559010 0.788182 0.587118 -0.184559 0.218042 -0.546820 -0.808360
-2.631967 -15.946597 43.360257 -38.964784 -0.602425 0.615956 -0.507624 0.719914 0.693954 -0.012311 0.344685 -0.372862 -0.861491
-3.287863 -15.294854 -2.674276 -49.559832 -0.561060 0.532338 -0.633899 0.777207 0.602326 -0.182077 0.284888 -0.594827 -0.751678
-2.883019 -16.312512 25.932254 8.733589 -0.583780 0.582602 -0.565487 0.635030 0.761623 0.129102 0.505903 -0.283734 -0.814590
-3.195156 -15.686905 -8.744731 -29.407949 -0.548602 0.535899 -0.641754 0.709472 0.704499 -0.018196 0.442364 -0.465289 -0.766694
-0.681544 -20.884998 64.056751 -228.768672 -0.424787 0.723946 -0.543561 -0.550697 0.269920 0.789858 -0.718533 -0.634858 -0.284017
-1.118474 -22.037117 68.088924 -277.953129 -0.411146 0.714795 -0.565709 -0.427768 0.396726 0.812172 -0.804968 -0.575913 -0.142654
0.029135 -22.553798 46.902172 -333.830447 -0.415906 0.705302 -0.574083 -0.461823 0.380008 0.801445 -0.783417 -0.598450 -0.167677
-2.455100 -21.099082 149.578712 -311.782208 -0.556488 0.784349 -0.274077 0.828182 0.497206 -0.258650 -0.066599 -0.370922 -0.926273
