16356
32696
-6.735918 -8.695435 18.958386 181.290348 -0.030408 0.999297 0.021944 -0.515789 0.003118 -0.856710 0.856176 0.037369 -0.515332
-6.233706 -9.616416 -16.311398 133.594414 -0.171953 0.968512 -0.180046 -0.392755 -0.235016 -0.889107 0.903425 0.082170 -0.420799
-8.843514 -11.368656 107.703811 145.981135 -0.016583 0.977512 0.210226 -0.321516 0.193875 -0.926844 0.946759 0.082961 -0.311070
-5.494495 -8.129067 -6.404551 81.404224 -0.407646 0.781818 -0.471790 -0.317975 -0.605867 -0.729258 0.855989 0.147261 -0.495578
-8.840213 -14.418036 19.952168 421.076943 0.222586 0.755483 0.616199 -0.357852 0.651249 -0.669191 0.906861 0.071556 -0.415310
-5.234460 -12.247885 -121.144118 463.121889 0.277908 0.881036 0.382808 -0.491395 0.472806 -0.731427 0.825408 -0.015160 -0.564333
-3.846440 -8.245300 -108.283764 268.674697 0.247584 0.937008 0.246409 -0.568965 0.346467 -0.745814 0.784207 -0.044453 -0.618905
-4.671742 -6.090255 -23.922332 115.887152 -0.152523 0.957980 -0.242921 -0.585958 -0.285591 -0.758348 0.795858 -0.026676 -0.604895
-4.650404 -7.070836 -28.830071 103.295099 -0.359067 0.808075 -0.466996 -0.429149 -0.587281 -0.686245 0.828796 0.045997 -0.557658
9.631035 -14.915312 5.644831 13.008524 0.454704 0.785818 0.419208 0.862953 -0.272261 -0.425660 -0.220357 0.555306 -0.801922
10.034773 -14.593140 -13.863738 -79.029013 0.409784 0.824799 0.389594 0.818207 -0.143544 -0.556716 -0.403255 0.546902 -0.733678
9.387388 -13.928355 -48.198268 10.934563 0.349467 0.883860 0.310910 0.834375 -0.142612 -0.532428 -0.426253 0.445481 -0.787309
-5.369723 -9.681364 -23.329764 10.102377 0.182178 0.983183 -0.012755 -0.646558 0.129556 0.751784 -0.740793 0.128712 -0.659287
-5.271033 -9.862170 -28.790994 -24.953072 0.180351 0.982489 -0.046775 -0.742314 0.167155 0.648867 -0.645324 0.082302 -0.759463
-5.208011 -9.953928 -19.440381 18.735279 0.102422 0.992235 -0.070561 -0.624433 0.119349 0.771906 -0.774334 0.035000 -0.631808
-5.396593 -9.594905 -17.594896 43.165033 0.163787 0.986496 0.000255 -0.521839 0.086421 0.848655 -0.837172 0.139132 -0.528947
0.525518 -5.518514 -50.704717 23.922141 -0.136894 0.980467 -0.141225 0.990046 0.130714 -0.052187 -0.032707 -0.146963 -0.988601
0.378109 -5.085807 -32.446200 16.496676 -0.080554 0.987674 -0.134208 0.994055 0.089500 0.062002 0.073250 -0.128416 -0.989012
0.594408 -5.661834 1.545943 14.317217 -0.124794 0.984629 -0.122195 0.991601 0.119554 -0.049344 -0.033976 -0.127326 -0.991279
-2.159899 -8.272980 -79.481151 -3.582066 -0.441138 0.896289 -0.045426 -0.883732 -0.425031 0.195873 -0.156252 -0.126552 -0.979577
-1.658712 -7.011559 -66.537827 57.601664 -0.432499 0.899279 -0.065124 0.898137 0.423341 -0.118875 -0.079333 -0.109904 -0.990771
-1.339645 -7.556147 -0.772235 -22.637890 -0.320756 0.944713 -0.068066 -0.927736 -0.298885 0.223546 -0.190843 -0.134851 -0.972314
-1.272273 -6.337503 -20.433111 69.118484 -0.383101 0.920890 -0.072075 0.921159 0.375088 -0.103804 -0.068558 -0.106160 -0.991983
-1.426708 -8.859304 -95.655601 29.520503 -0.333368 0.939298 -0.081152 -0.904409 -0.294295 0.308924 -0.266288 -0.176380 -0.947618
1.144773 -7.917821 9.155115 21.656210 -0.238375 0.969077 0.063782 -0.544026 -0.187647 0.817817 -0.804495 -0.160248 -0.571933
1.076303 -8.074931 25.045561 13.702546 -0.152879 0.988158 0.013103 -0.556007 -0.096967 0.825502 -0.816997 -0.118917 -0.564247
2.239565 -7.616915 30.029109 15.165109 -0.237832 0.967412 0.086885 -0.387252 -0.176476 0.904926 -0.890770 -0.181574 -0.416604
0.422436 -8.155092 8.670808 7.730878 -0.153877 0.988051 -0.008744 -0.702193 -0.103124 0.704479 -0.695160 -0.114544 -0.709671
2.203214 -7.529323 4.482457 20.836043 -0.325036 0.934924 0.142370 -0.371362 -0.264633 0.889977 -0.869736 -0.236404 -0.433211
0.252245 -7.991896 -3.847932 8.510517 -0.214123 0.976432 0.027059 -0.702065 -0.173099 0.690755 -0.679159 -0.128909 -0.722583
0.958964 -7.704827 -9.130419 20.500015 -0.314127 0.942657 0.112793 -0.530541 -0.272824 0.802554 -0.787306 -0.192263 -0.585820
0.390325 -8.020224 -25.533891 16.935532 0.080447 0.973182 0.215510 0.969054 -0.025740 -0.245502 0.233371 -0.228590 0.945137
0.610919 -7.407349 -27.483186 51.506169 0.072798 0.971941 0.223676 0.919382 0.021530 -0.392777 0.386572 -0.234237 0.892017
-0.107595 -7.767806 -15.734841 30.241258 0.094785 0.974007 0.205734 0.954701 -0.030382 -0.296011 0.282066 -0.224472 0.932765
-0.293142 -8.251111 19.191931 3.389048 -0.085772 -0.973828 -0.210479 0.987828 -0.055607 -0.145271 0.129765 -0.220377 0.966744
-0.390270 -7.546401 -3.463238 33.522082 0.127363 0.974998 0.182094 0.935176 -0.056871 -0.349586 0.330490 -0.214814 0.919038
-0.610909 -7.868434 10.004915 18.042679 -0.104213 -0.976103 -0.190690 0.977446 -0.065109 -0.200899 0.183683 -0.207325 0.960873
-0.347524 -11.785494 -135.187856 -296.293170 0.577972 0.811843 0.082825 0.562398 -0.322719 -0.761289 0.591318 -0.486584 0.643102
-0.517211 -16.561633 -130.805120 -352.137430 0.560269 0.823105 0.092719 0.438036 -0.199422 -0.876559 0.703010 -0.531723 0.472280
-2.024666 -13.264653 -67.034501 -335.957405 0.506763 0.856459 0.098333 0.598076 -0.267124 -0.755612 0.620884 -0.441727 0.647596
1.191294 -13.840421 -157.586411 -356.980632 0.582831 0.807732 0.088750 0.513794 -0.281698 -0.810347 0.629543 -0.517894 0.579190
-1.178274 -8.736074 -64.889964 -223.496569 0.549602 0.834177 0.045670 0.654817 -0.396193 -0.643619 0.518798 -0.383640 0.763982
0.393591 -8.559600 -90.146410 -193.953200 0.571639 0.818666 0.054914 0.610692 -0.379812 -0.694837 0.547982 -0.430731 0.717068
-0.465643 -6.762946 1.810025 -1.705460 -0.092289 0.995732 0.000576 -0.993539 -0.092047 -0.066382 0.066046 0.006699 -0.997794
-0.411369 -6.905975 8.561634 10.861266 -0.097500 0.995209 -0.007253 -0.969916 -0.096651 -0.223432 0.223062 0.014750 -0.974693
-0.429984 -6.814384 7.297540 -7.154173 -0.106927 0.994213 -0.010304 -0.993500 -0.107246 -0.038163 0.039047 -0.006156 -0.999218
-0.550752 -7.042291 1.583147 -13.961603 -0.113122 0.993581 0.000713 -0.984809 -0.112218 0.132510 -0.131740 -0.014288 -0.991181
-1.283422 -7.061975 -182.966409 -93.665662 -0.071775 -0.184265 -0.980252 -0.596323 0.795727 -0.105915 0.799530 0.576945 -0.166995
0.856427 -5.990931 -122.281367 -76.902160 -0.117074 -0.156242 -0.980756 -0.600965 0.797361 -0.055288 0.790655 0.582927 -0.187247
1.005089 -5.088154 -199.517782 -23.902649 -0.249112 0.082871 -0.964922 -0.442453 0.876540 0.189508 0.861498 0.474141 -0.181690
-1.686240 -6.146322 -248.249012 -23.125302 -0.246099 0.101725 -0.963892 -0.414511 0.887899 0.199538 0.876137 0.448650 -0.176345
2.041673 -4.788171 -229.440575 1.233972 -0.336712 0.306255 -0.890412 -0.257419 0.879666 0.399903 0.905738 0.363861 -0.217358
3.677030 -3.913898 -147.523842 -18.304971 -0.355697 0.219671 -0.908419 -0.313466 0.887642 0.337387 0.880465 0.404766 -0.246872
0.973495 -14.235814 -60.555404 -105.801599 0.224888 0.972486 -0.060793 -0.811340 0.152342 -0.564375 0.539586 -0.176245 -0.823277
1.540183 -13.103257 -41.075489 -37.827307 0.208811 0.976387 -0.055373 -0.709348 0.112238 -0.695865 0.673219 -0.184583 -0.716035
1.830683 -13.856479 -33.536229 -64.813246 0.184978 0.981412 -0.051133 -0.822129 0.126030 -0.555175 0.538411 -0.144733 -0.830160
1.440438 -15.073696 -52.829873 -126.338700 0.200119 0.978382 -0.052174 -0.901543 0.163028 -0.400803 0.383632 -0.127245 -0.914678
0.491574 -15.373035 -72.052894 -120.992287 0.239797 0.969008 -0.059333 -0.895593 0.197212 -0.398774 0.374714 -0.148763 -0.915128
2.435273 -4.842477 -113.266822 -60.122629 -0.159210 -0.126076 -0.979161 -0.601543 0.798825 -0.005046 0.782815 0.588204 -0.203021
2.936774 -3.829835 -52.626590 -56.574408 -0.197245 -0.159374 -0.967313 -0.610309 0.792140 -0.006064 0.767214 0.589164 -0.253513
3.375781 -3.499690 -85.185152 -1.670436 -0.309882 0.046359 -0.949644 -0.490509 0.847832 0.201448 0.814478 0.528234 -0.239989
3.560539 -2.790866 62.822093 14.255275 -0.445394 0.104425 -0.889224 -0.407260 0.860851 0.305082 0.797348 0.498027 -0.340890
4.182578 -3.290966 -57.752032 -2.088992 -0.393349 0.171140 -0.903321 -0.359936 0.875432 0.322590 0.846004 0.452028 -0.282751
1.524682 -21.903863 -4.539432 -208.417088 0.303769 0.952673 0.011800 0.707427 -0.217239 -0.672572 0.638178 -0.212655 0.739937
1.548991 -22.319784 -71.105613 -46.094617 0.329754 0.944000 0.011247 0.560537 -0.186190 -0.806927 0.759645 -0.272391 0.590544
1.002172 -20.928926 -56.144160 -289.670731 0.318457 0.947515 0.028282 0.727097 -0.225015 -0.648612 0.608206 -0.227119 0.760593
1.269932 -19.202086 -10.341853 -301.774506 0.280112 0.959192 0.038569 0.833730 -0.223165 -0.505066 0.475848 -0.173631 0.862219
-2.289375 -24.578109 -38.406677 149.787018 0.033687 0.978312 0.204378 0.969545 0.017646 -0.244277 0.242585 -0.206383 0.947923
-2.772036 -24.529703 41.316585 -14.606725 -0.017562 -0.976258 -0.215899 0.999480 -0.022982 0.022616 -0.027040 -0.215390 0.976154
-1.847119 -24.739689 59.402797 165.714479 0.004123 -0.969162 -0.246388 0.983397 0.048630 -0.174832 0.181422 -0.241577 0.953272
-0.263815 -41.798107 44.030388 469.740679 -0.198002 0.969002 0.147753 -0.300464 0.083480 -0.950133 0.933015 0.232523 -0.274621
-0.647163 -41.024140 53.424993 1297.422647 -0.191474 0.969503 0.152977 -0.555210 0.021538 -0.831431 0.809370 0.244132 -0.534154
0.200140 -42.219007 -2.301797 247.626654 -0.168102 0.971649 0.166254 -0.245228 0.122132 -0.961742 0.954780 0.202440 -0.217745
-1.280768 -38.072237 70.791904 750.277604 -0.193867 0.973101 0.124457 -0.525941 0.003997 -0.850511 0.828131 0.230343 -0.511019
0.759413 -42.550422 10.221681 -49.162173 -0.191415 0.968105 0.161659 -0.017848 0.161244 -0.986753 0.981347 0.191765 0.013585
0.309357 -43.639947 10.159352 -10.569841 -0.199626 0.974339 0.103989 0.021522 0.110459 -0.993648 0.979636 0.196120 0.043021
-0.568473 -42.891192 36.716898 240.337335 -0.204605 0.973499 0.102160 -0.236808 0.052039 -0.970162 0.949768 0.222692 -0.219885
18.696762 -84.458314 143.657233 -5865.259883 -0.386846 -0.804569 -0.450576 0.915844 -0.392238 -0.085909 -0.107613 -0.445890 0.888595
15.795922 -95.652451 -1004.339231 -6079.544797 -0.208046 -0.921926 -0.326755 0.947877 -0.272459 0.165216 -0.241344 -0.275351 0.930556
24.435146 -120.032472 -1190.217720 -7096.212176 -0.238803 -0.916004 -0.322351 0.941585 -0.137244 -0.307542 0.237469 -0.376962 0.895270
0.234435 -6.200487 -11.761494 32.808882 -0.078037 0.975908 -0.203748 -0.599547 0.117346 0.791691 -0.796526 -0.183938 -0.575945
0.227568 -6.578526 -11.632731 21.906981 -0.103665 0.980433 -0.167344 -0.684868 0.051645 0.726835 -0.721255 -0.189956 -0.666114
0.498454 -5.938524 -45.612704 30.071895 -0.079691 0.975025 -0.207306 -0.600723 0.118985 0.790553 -0.795475 -0.187533 -0.576238
0.208918 -6.847061 11.124462 13.830470 -0.103543 0.980835 -0.165049 -0.695250 0.047293 0.717211 -0.711271 -0.189012 -0.677029
0.422746 -5.569265 -26.981608 37.454587 -0.053419 0.971005 -0.233013 -0.516476 0.172845 0.838676 -0.854634 -0.165147 -0.492267
0.301961 -5.758760 1.077164 49.349504 -0.049863 0.970317 -0.236640 -0.507006 0.179545 0.843035 -0.860499 -0.162014 -0.483004
0.260031 -6.488806 5.223428 33.149641 -0.081498 0.976560 -0.199220 -0.603574 0.110705 0.789584 -0.793130 -0.184594 -0.580404
-0.171362 -2.810293 63.630676 -46.478857 0.399392 0.367908 0.839720 0.271892 0.827202 -0.491743 -0.875535 0.424711 0.230347
-0.058389 -2.468882 62.608851 -46.038200 0.405750 0.390754 0.826244 0.234758 0.829118 -0.507397 -0.883321 0.399844 0.244682
1.731087 -2.180741 117.307358 -24.335554 0.304031 0.126539 0.944221 0.350080 0.906953 -0.234267 -0.886007 0.401777 0.231443
-1.131013 -3.387135 26.376922 62.682480 0.465280 0.646723 0.604371 -0.119790 -0.630492 0.766896 -0.877021 0.429219 0.215884
-1.176779 -3.734530 40.059443 -70.545377 0.459734 0.582842 0.670030 0.188510 0.673247 -0.714984 -0.867819 0.455010 0.199643
-9.682610 -12.695992 220.078116 495.468002 0.165043 0.973250 0.159828 -0.261062 0.199378 -0.944508 0.951109 -0.114159 -0.286985
-10.086724 -14.110122 250.188007 -63.295848 0.139453 0.987729 0.070320 -0.120449 0.087407 -0.988864 0.982876 -0.129431 -0.131160
-10.386046 -14.070520 74.045738 434.216660 0.285333 0.931584 0.225248 -0.172028 0.280981 -0.944169 0.942863 -0.230654 -0.240432
-8.853738 -11.260760 -196.359791 533.545472 0.364403 0.823085 0.435593 -0.232038 0.533255 -0.813509 0.901870 -0.195370 -0.385307
2.233330 -15.756796 -74.054042 -495.592714 0.031323 0.976123 -0.214948 -0.594646 0.191053 0.780958 -0.803377 -0.103357 -0.586432
4.237804 -94.200177 -167.569750 -7439.226502 0.024854 0.998381 -0.051161 -0.683301 0.054322 0.728113 -0.729713 -0.016862 -0.683545
2.217310 -44.610709 -52.977865 -3522.026462 0.056796 0.984757 -0.164400 -0.641875 0.162140 0.749471 -0.764703 -0.062957 -0.641300
-20.386944 -53.152696 733.661641 -1506.576794 0.150946 0.986786 0.058898 -0.273340 -0.015594 0.961791 -0.950000 0.161278 -0.267374
-33.631300 -48.183883 1072.969628 -1053.049678 -0.108689 0.990271 0.086890 -0.216974 -0.108933 0.970080 -0.970108 -0.086584 -0.226703
-21.940572 -49.416733 807.881405 404.396208 0.115751 0.989843 0.082542 0.176994 -0.102325 0.978878 -0.977382 0.098697 0.187041
-10.203070 -56.996255 485.421658 -229.319285 0.272546 0.962089 0.010130 0.080744 -0.033363 0.996176 -0.958749 0.270686 0.086776
-34.947276 -46.544977 1163.453846 1072.352177 -0.065636 0.995598 -0.066914 0.565886 0.092371 0.819293 -0.821867 -0.015910 0.569457
-13.857179 -104.558905 640.032742 4673.746972 0.259363 0.965439 0.025654 0.530099 -0.164514 0.831823 -0.807295 0.202145 0.554447
8.681001 -10.448667 -196.752229 234.273744 -0.543399 -0.829197 -0.130956 0.837596 -0.525115 -0.150623 0.056129 -0.191537 0.979879
6.463666 -9.565473 -77.419837 170.135656 -0.543735 -0.812838 -0.208916 0.837015 -0.543395 -0.064247 -0.061301 -0.209799 0.975821
6.340243 -12.869477 33.135599 195.103547 0.433510 0.894949 0.105529 0.894420 -0.441596 0.070755 -0.109923 -0.063715 0.991896
8.197620 -11.536268 178.569077 205.240802 0.489162 0.871968 0.019825 0.864826 -0.481957 -0.140687 0.113120 -0.085963 0.989856
-0.958950 -6.805648 59.842634 -155.474228 -0.150321 0.937905 0.312632 0.888027 0.267081 -0.374267 0.434524 -0.221365 0.873033
-0.614592 -5.421103 34.732180 -116.386393 0.037751 0.968590 0.245782 0.924585 0.059453 -0.376308 0.379101 -0.241452 0.893299
-2.041720 -5.883096 59.669467 -124.898512 -0.048495 0.957508 0.284299 0.898834 0.165967 -0.405650 0.435597 -0.235866 0.868690
-0.097589 -6.025222 50.801805 -152.571687 -0.059630 0.961708 0.267512 0.930807 0.150381 -0.333141 0.360613 -0.229137 0.904132
-0.510577 -7.958262 42.678945 -181.795414 -0.220602 0.916789 0.332915 0.876785 0.335927 -0.344093 0.427296 -0.215987 0.877934
4.317201 -1.973568 -214.985023 5.908548 -0.217297 0.037209 0.975396 0.270312 0.962486 0.023504 -0.937930 0.268769 -0.219203
1.996719 -2.097146 -169.624087 14.568696 -0.253884 0.020454 0.967018 0.277961 0.959146 0.052690 -0.926434 0.282171 -0.249198
4.532025 -1.678215 -200.960536 7.046590 -0.211944 0.010348 0.977227 0.290549 0.955397 0.052899 -0.933092 0.295144 -0.205497
2.087730 -2.494570 -177.448497 17.320492 -0.248944 0.072625 0.965791 0.252844 0.967477 -0.007579 -0.934931 0.242308 -0.259211
6.695918 -1.777413 -177.363619 -1.130931 -0.132733 0.007165 0.991126 0.275745 0.960763 0.029983 -0.952022 0.277278 -0.129501
5.218479 -2.158713 -226.229038 6.801546 -0.204256 0.044915 0.977887 0.258171 0.966052 0.009554 -0.944260 0.254414 -0.208917
-0.489477 -7.565214 -4.676120 8.638208 -0.109399 0.993985 0.005116 0.991129 0.109473 -0.075355 0.075462 0.003173 0.997144
-0.629616 -7.539642 -6.165464 12.096797 -0.115899 0.993176 -0.013000 0.988469 0.114046 -0.099613 0.097451 0.024395 0.994941
-0.469514 -7.833508 -6.351721 12.331340 -0.114632 0.993399 0.004221 0.987471 0.113482 0.109649 -0.108446 -0.016738 0.993961
-0.406777 -7.784896 -4.673041 11.119479 -0.101857 0.994563 0.021655 0.987260 0.098386 0.125049 -0.122238 -0.034116 0.991914
-0.298939 -7.958478 -4.165252 7.806070 -0.101177 0.994722 0.017094 0.947298 0.091075 0.307136 -0.303958 -0.047268 0.951512
-0.349325 -7.972382 -4.359342 4.717220 -0.125335 0.992111 -0.002446 0.946947 0.120365 0.297998 -0.295942 -0.035033 0.954563
-0.250423 -12.206329 -7.385562 -34.042714 0.146743 0.989175 0.000122 -0.116529 0.017409 -0.993035 0.982287 -0.145707 -0.117822
-0.353768 -11.985679 2.650092 -3.227727 0.127636 0.991760 -0.011014 -0.147817 0.008040 -0.988982 0.980744 -0.127858 -0.147626
-0.278234 -12.004014 -9.501058 -11.746197 0.152080 0.988239 0.016007 0.094521 0.001580 -0.995522 0.983838 -0.152911 0.093169
-0.204189 -11.873726 -1.113719 22.075576 0.127861 0.991413 -0.027429 -0.347929 0.018940 -0.937329 0.928761 -0.129391 -0.347363
0.023212 -12.226584 -23.477694 -29.766614 0.168364 0.985523 0.019948 0.082650 0.006051 -0.996560 0.982254 -0.169433 0.080435
0.002833 -12.546693 -19.128444 -36.410833 0.163170 0.986527 -0.011831 -0.160079 0.014640 -0.986996 0.973525 -0.162942 -0.160311
-2.356015 -24.294859 -62.083875 46.421272 0.488181 0.833835 -0.257679 0.024289 -0.308119 -0.951038 0.872405 -0.458020 0.170671
-2.939431 -24.219113 -85.262047 204.785052 0.499674 0.823561 -0.268464 -0.225218 -0.175749 -0.958326 0.836422 -0.539314 -0.097663
-3.356978 -23.750077 -41.266875 -91.861241 0.435229 0.865234 -0.248890 0.123971 -0.331407 -0.935308 0.891744 -0.376218 0.251502
0.594841 -6.361337 -24.536427 -20.600564 -0.036589 0.945955 -0.322227 -0.819916 -0.212756 -0.531482 0.571314 -0.244753 -0.783388
0.650472 -6.308001 -8.230463 14.255831 -0.043337 0.955177 -0.292846 -0.756234 -0.222911 -0.615159 0.652864 -0.194801 -0.731998
0.895530 -6.491509 -19.843994 -16.389201 -0.056103 0.949746 -0.307954 -0.845769 -0.209122 -0.490859 0.530591 -0.232920 -0.814998
-0.517759 -7.793837 32.202572 -0.788611 0.097015 0.979884 -0.174401 -0.916997 0.019882 -0.398398 0.386917 -0.198576 -0.900479
0.593909 -7.876434 97.530768 0.673580 0.106791 0.982720 -0.151186 -0.901255 0.031455 -0.432146 0.419923 -0.182406 -0.889040
-0.389845 -7.639817 22.233989 -31.828377 0.095115 0.977906 -0.186155 -0.846674 -0.018878 -0.531777 0.523542 -0.208193 -0.826172
0.233438 -7.522100 98.116450 37.168954 0.106856 0.983516 -0.145874 -0.954256 0.060240 -0.292859 0.279244 -0.170494 -0.944963
-0.940172 -7.628337 -5.842188 -34.399863 0.088175 0.972877 -0.213858 -0.866276 -0.031089 -0.498597 0.491722 -0.229223 -0.840039
-0.634769 -7.388301 36.120399 38.054510 0.085308 0.981778 -0.169807 -0.967684 0.041051 -0.248801 0.237297 -0.185544 -0.953553
-1.070750 -7.720165 -0.885456 -0.868277 0.085072 0.975360 -0.203555 -0.933661 0.006701 -0.358095 0.347908 -0.220515 -0.911226
-2.789578 -6.752910 236.920374 -33.117467 0.070810 0.081941 -0.994118 -0.527451 0.848967 0.032408 0.846630 0.522054 0.103335
-3.683255 -9.187864 210.921835 -150.994845 -0.168214 0.415323 -0.893986 -0.631602 0.650882 0.421227 0.756824 0.635500 0.152831
-5.641750 -9.262466 216.132296 -139.850674 -0.090942 0.409293 -0.907860 -0.604706 0.701629 0.376892 0.791240 0.583263 0.183694
-3.882506 -7.006497 231.582000 -21.708674 0.175099 -0.042428 -0.983636 -0.444009 0.888304 -0.117355 0.878747 0.457292 0.136703
0.293825 -5.545774 276.379242 40.366163 0.203957 -0.232561 -0.950956 -0.376794 0.877897 -0.295507 0.903564 0.418585 0.091426
2.333119 -13.284209 -5.808296 -83.567821 0.038631 0.999232 -0.006610 0.662015 -0.030548 -0.748868 0.748495 -0.024553 0.662686
2.298994 -12.775214 -18.670868 -23.132338 0.047108 0.998889 -0.001146 0.783149 -0.037646 -0.620693 0.620047 -0.028342 0.784053
2.358955 -13.386691 -5.116137 -107.780462 0.022395 0.998875 -0.041810 0.693593 -0.045643 -0.718919 0.720019 0.012899 0.693835
2.151958 -14.660518 -11.571615 -127.697013 0.037083 0.998127 -0.048665 0.550051 -0.061045 -0.832897 0.834307 -0.004118 0.551284
-0.685982 -15.235718 -11.530634 10.197740 0.140658 0.988921 0.047449 0.876841 -0.146685 0.457857 -0.459744 0.022796 0.887759
-1.101745 -14.429654 -15.327457 3.066521 0.148445 0.988635 0.023782 0.874613 -0.142472 0.463416 -0.461537 0.047991 0.885822
-0.668690 -15.310174 -12.911618 -21.354423 0.115929 0.992814 0.029693 0.765369 -0.108345 0.634406 -0.633064 0.050820 0.772429
1.306415 -22.011889 30.398937 88.074123 0.079340 0.988673 -0.127398 -0.731019 -0.029183 -0.681732 0.677728 -0.147219 -0.720424
0.220942 -21.933257 59.707440 -75.262160 0.006654 0.985611 -0.168901 -0.689757 -0.117767 -0.714399 0.724011 -0.121254 -0.679048
-0.419709 -22.534961 41.202059 -14.795356 0.040758 0.988551 -0.145279 -0.831602 -0.047039 -0.553376 0.553874 -0.143369 -0.820164
0.276450 -21.995395 59.460547 68.657714 0.073911 0.990950 -0.112054 -0.857077 0.005673 -0.515156 0.509858 -0.134115 -0.849740
-0.711981 -22.427262 80.275197 -97.631608 0.030840 0.990984 -0.130384 -0.927482 -0.020254 -0.373320 0.372595 -0.132441 -0.918495
-1.659121 -23.629358 66.069725 -180.500638 -0.009170 0.986235 -0.165094 -0.919935 -0.073036 -0.385209 0.391964 -0.148343 -0.907942
5.207006 -6.844189 121.521329 -7.788731 0.123071 0.986732 -0.105896 0.865610 -0.054547 0.497739 -0.485359 0.152922 0.860838
3.385348 -6.452090 211.035172 -9.940444 0.156561 0.971030 -0.180527 0.870745 -0.049435 0.489244 -0.466146 0.233790 0.853259
5.090610 -6.927851 142.363137 -15.771236 0.084391 0.985682 -0.145978 0.924237 -0.022683 0.381144 -0.372376 0.167084 0.912918
4.633885 -6.629071 153.906819 3.239621 0.177672 0.978195 -0.107551 0.801515 -0.080432 0.592540 -0.570969 0.191481 0.798329
5.628135 -7.261675 -21.225646 -16.624078 0.053511 0.997167 -0.052868 0.919902 -0.028629 0.391103 -0.388481 0.069562 0.918827
5.452483 -7.015266 -30.054840 3.083237 0.112937 0.993372 -0.021377 0.797463 -0.077788 0.598332 -0.592704 0.084621 0.800963
5.545501 -7.263199 -69.398368 -3.224387 0.069664 0.997492 -0.012484 0.862679 -0.053955 0.502866 -0.500931 0.045801 0.864274
-3.515473 -12.845560 46.826320 -33.763456 -0.166673 -0.983115 0.075535 0.985699 -0.168061 -0.012362 0.024848 0.072395 0.997066
-4.177341 -12.651747 33.639912 -33.920531 -0.181947 -0.973488 0.138621 0.983294 -0.179352 0.031095 -0.005408 0.141962 0.989857
-3.627075 -12.165907 -45.000938 -52.654874 0.150053 0.985906 -0.073982 0.977052 -0.136430 0.163574 -0.151175 0.096829 0.983753
-3.716950 -11.173753 -44.360886 -99.190804 0.142841 0.987444 -0.067456 0.940422 -0.114159 0.320271 -0.308549 0.109185 0.944921
-2.962143 -11.553962 -51.339653 -99.016699 0.110982 0.993468 -0.026531 0.953531 -0.098920 0.284595 -0.280111 0.056883 0.958281
0.413037 -28.403188 -21.461511 316.330986 -0.385675 0.866960 -0.315649 0.197733 0.411836 0.889546 -0.901197 -0.280662 0.330261
0.378877 -29.538052 50.624007 168.223003 -0.338277 0.879004 -0.336037 0.180759 0.411132 0.893475 -0.923523 -0.241500 0.297964
0.538232 -27.301906 14.126983 -127.409207 -0.342596 0.896478 -0.280990 0.427242 0.415042 0.803246 -0.836715 -0.155138 0.525205
0.450555 -23.942965 -22.166210 67.507445 -0.369646 0.885442 -0.281698 0.340139 0.411074 0.845768 -0.864678 -0.216818 0.453126
0.394616 -23.936368 -12.303222 262.078098 -0.371707 0.874955 -0.310302 0.158410 0.389128 0.907461 -0.914735 -0.288154 0.283242
2.295740 -216.278692 87.351153 12944.414089 -0.036200 0.950169 -0.309627 0.986610 0.083285 0.140230 0.159029 -0.300405 -0.940461
-0.705191 -164.008192 68.324421 -9533.062891 -0.051625 0.977621 -0.203941 -0.908230 0.038957 0.416655 -0.415276 -0.206735 -0.885893
-0.500404 -92.379599 -73.587341 5590.871605 0.004476 0.947281 -0.320374 0.997771 0.017098 0.064496 0.066573 -0.319948 -0.945093
6.592116 -456.450264 458.101781 30917.778077 0.116707 0.937790 -0.327001 0.950589 -0.010104 0.310289 0.287682 -0.347056 -0.892632
0.738700 -27.332472 -28.773695 2260.691452 0.072409 0.947822 -0.310468 0.947197 0.032142 0.319036 0.312368 -0.317176 -0.895447
0.314611 -102.375176 -218.140598 -278.281859 -0.121771 0.987587 -0.099218 -0.894518 -0.152512 -0.420211 0.430127 -0.037583 -0.901986
46.178488 -211.035198 2800.494097 -10517.664184 -0.515088 0.854248 0.070319 -0.616263 -0.426110 0.662307 -0.595738 -0.297811 -0.745926
-2.203785 -69.617993 116.149668 2657.477592 -0.518607 0.800803 -0.299604 0.843810 0.535899 -0.028224 0.137955 -0.267446 -0.953646
-0.352894 -5.172817 -36.708776 -43.107731 -0.055324 0.953078 0.297627 0.371638 -0.257010 0.892094 -0.926728 -0.159964 0.339982
0.213416 -5.345967 -17.888165 -29.647316 -0.035556 0.951571 0.305365 0.395230 -0.267258 0.878844 -0.917894 -0.151938 0.366587
-0.457890 -5.903565 -65.923968 -57.753822 -0.062566 0.945679 0.319026 0.457471 -0.256921 0.851300 -0.887021 -0.199207 0.416546
-0.829507 -5.964562 -50.916872 -68.561771 -0.079415 0.955481 0.284163 0.443156 -0.221505 0.868647 -0.892920 -0.194912 0.405837
-0.499241 -5.132382 -24.544279 -54.400923 -0.068817 0.960511 0.269598 0.354607 -0.229040 0.906529 -0.932479 -0.157986 0.324843
-2.802066 -5.941785 91.602278 -5.970878 0.326701 0.595584 -0.733857 0.546015 0.514841 0.660913 -0.771449 0.616618 0.156999
-2.401241 -5.445677 90.697770 -33.013100 0.423170 0.656255 -0.624704 0.394351 0.487346 0.779090 -0.815729 0.576041 0.052564
-3.329846 -5.410176 36.747548 -53.795915 0.314210 0.647197 -0.694556 0.446698 0.544772 0.709708 -0.837695 0.533254 0.117929
-2.467782 -6.054313 78.269932 -3.774951 0.382576 0.598171 -0.704150 0.540891 0.472873 0.695578 -0.749048 0.646979 0.142635
-3.538859 -5.804635 -3.527326 -35.684491 -0.160888 -0.556767 0.814939 0.580268 0.614556 0.534424 -0.798376 0.558865 0.224200
-2.880946 -6.306391 57.884627 22.415919 0.207075 0.549071 -0.809717 0.670672 0.522899 0.526095 -0.712264 0.651995 0.259967
-2.424488 -6.310325 -83.700668 20.592819 -0.302698 -0.571484 0.762745 0.663547 0.448116 0.599081 -0.684163 0.687457 0.243562
1.702623 -4.873039 0.895683 -44.289894 0.147780 0.984451 0.094964 0.094079 0.081591 -0.992216 0.984536 -0.155563 0.080559
1.134461 -4.375023 -31.300937 -6.654707 0.173277 0.973609 0.148527 0.092491 0.134055 -0.986648 0.980521 -0.184701 0.066822
1.937607 -4.493146 -0.055789 -23.628363 0.153629 0.979168 0.132774 0.157795 0.108334 -0.981511 0.975448 -0.171740 0.137865
3.489921 -33.741641 -61.831997 -639.177607 0.799124 -0.601147 -0.004786 0.456543 0.601680 0.655400 0.391112 0.525931 -0.755267
4.550911 -32.897278 -119.236493 -207.755415 0.831532 -0.555078 -0.021040 0.275634 0.379435 0.883207 0.482265 0.740215 -0.468511
2.837056 -36.291260 -25.088211 -647.229153 0.835863 -0.548212 -0.028224 0.423249 0.610882 0.669091 0.349563 0.571215 -0.742644
6.042660 -34.903299 -136.009749 -300.642859 0.755053 -0.655228 0.023906 0.287613 0.363756 0.885980 0.589215 0.662086 -0.463107
1.559567 -30.332139 25.001718 -400.010192 0.841973 -0.538027 0.040114 0.478960 0.779620 0.403472 0.248352 0.320499 -0.914112
2.466048 -24.847560 -51.909966 -480.112622 0.781553 -0.623757 0.010138 0.563038 0.712285 0.419092 0.268633 0.321835 -0.907887
5.651833 -34.680586 -110.999861 -811.520669 0.723653 -0.689883 0.019680 0.491415 0.535073 0.687174 0.484600 0.487605 -0.726226
-6.454054 -10.698872 -7.502942 100.279034 -0.162395 0.981275 -0.103574 -0.295884 -0.148564 -0.943600 0.941319 0.122590 -0.314469
-5.430058 -9.708257 -70.254586 116.619361 -0.288971 0.922942 -0.254310 -0.309971 -0.341535 -0.887283 0.905767 0.177571 -0.384779
10.292937 -15.260448 57.983523 -95.028654 0.459098 0.755946 0.466664 0.807003 -0.135233 -0.574855 -0.371450 0.640514 -0.672136
-5.064142 -10.186789 -6.342145 -15.230146 0.112759 0.988596 -0.099816 -0.736020 0.150589 0.659998 -0.667503 0.000954 -0.744607
0.372229 -6.216436 29.992774 -20.039160 -0.151124 0.983176 -0.102596 -0.976743 -0.132548 0.168536 -0.152102 -0.125680 -0.980342
0.340053 -6.577543 21.496636 -24.853529 -0.157955 0.981191 -0.110970 -0.948282 -0.119393 0.294120 -0.275339 -0.151688 -0.949304
0.461413 -6.545669 39.076445 -27.897182 -0.161203 0.981666 -0.101717 -0.951256 -0.127093 0.280998 -0.262919 -0.142056 -0.954303
-0.815078 -7.721828 111.696528 -4.716256 -0.187928 0.980139 -0.063337 -0.933426 -0.158162 0.322025 -0.305612 -0.119638 -0.944610
-0.699420 -7.663380 78.062246 10.227255 -0.124122 0.986144 -0.110064 -0.900395 -0.065320 0.430141 -0.416992 -0.152491 -0.896027
-0.303579 -7.767654 87.872108 -4.865506 -0.143100 0.985576 -0.090342 -0.916023 -0.097331 0.389139 -0.374733 -0.138441 -0.916738
1.946833 -7.687838 43.546697 10.519101 -0.153036 0.987696 0.032190 -0.392122 -0.090592 0.915442 -0.907094 -0.127473 -0.401161
0.922560 -8.170194 16.455283 18.380357 -0.109856 0.993249 -0.037260 -0.521494 -0.025685 0.852868 -0.846154 -0.113124 -0.520795
0.415467 -8.343956 9.554648 4.869568 -0.106146 0.993295 -0.045803 -0.676551 -0.038388 0.735394 -0.728705 -0.109047 -0.676090
1.010025 -7.752750 -31.746997 46.244835 0.057587 0.972521 0.225579 0.946437 0.018726 -0.322344 0.317710 -0.232060 0.919352
1.181180 -7.022540 -28.370860 48.179846 0.043074 0.974401 0.220651 0.883983 0.065740 -0.462874 0.465531 -0.214989 0.858522
1.456876 -19.639409 -162.031195 -503.840045 0.573541 0.814030 0.091688 0.382889 -0.167444 -0.908492 0.724187 -0.556164 0.407719
-0.792371 -7.076443 5.891532 25.141436 0.208666 0.975199 0.073791 0.875795 -0.152750 -0.457875 0.435248 -0.160168 0.885949
-0.699341 -7.915966 -3.532589 -36.660231 0.162733 0.983564 0.078233 0.821079 -0.091028 -0.563510 0.547127 -0.155937 0.822397
-0.537504 -7.497501 4.733937 15.612374 0.159941 0.984412 0.073153 0.884475 -0.110008 -0.453433 0.438318 -0.137224 0.888283
-0.361192 -7.062411 2.153265 15.116903 -0.103060 0.994661 -0.005251 -0.962763 -0.101079 -0.250741 0.249933 0.020786 -0.968040
-0.454104 -7.428109 9.375846 28.001975 -0.116762 0.993059 -0.014186 -0.908930 -0.112605 -0.401455 0.400265 0.033981 -0.915769
-0.595497 -7.353412 5.916196 25.083376 -0.086883 0.996118 -0.014168 -0.921506 -0.085763 -0.378777 0.378522 0.019853 -0.925380
1.205547 -7.586618 -80.338641 -143.957161 0.015610 -0.319285 -0.947530 -0.710456 0.663273 -0.235204 0.703568 0.676850 -0.216485
-0.555642 -9.059352 -100.480654 -157.913362 0.057181 -0.346098 -0.936454 -0.712325 0.643071 -0.281164 0.699516 0.683137 -0.209763
2.131835 -13.091793 -10.464396 10.111459 0.168483 0.984815 -0.041870 -0.722755 0.094543 -0.684607 0.670252 -0.145606 -0.727709
0.322080 -14.929225 -4.785101 38.955196 -0.013376 0.997073 -0.075270 -0.121673 0.073094 0.989875 -0.992480 -0.022399 -0.120339
-0.071416 -14.397878 -13.658787 51.782171 -0.026746 0.995277 -0.093314 -0.298843 0.081118 0.950849 -0.953928 -0.053317 -0.295262
0.126913 -15.658896 -1.761703 92.744331 -0.001382 0.993066 -0.117551 -0.291296 0.112053 0.950048 -0.956632 -0.035555 -0.289122
2.288356 -22.318064 -41.103541 103.585315 0.303801 0.952540 0.019315 0.546879 -0.157748 -0.822216 0.780146 -0.260353 0.568848
2.745446 -20.002465 -138.612715 338.851930 0.330272 0.943087 0.038821 0.381944 -0.095920 -0.919194 0.863157 -0.318412 0.391886
1.127701 -21.032199 -107.252850 211.839282 0.339447 0.940520 0.014036 0.390031 -0.127158 -0.911980 0.855951 -0.315043 0.409995
-2.928628 -24.268307 3.451134 60.008973 -0.044492 -0.984985 -0.166810 0.998176 -0.037011 -0.047691 0.040801 -0.168627 0.984835
-3.135066 -22.811716 -23.270606 -188.967437 0.017726 0.982923 0.183160 0.972779 -0.059288 0.224022 -0.231056 -0.174203 0.957218
-2.892941 -23.121808 -42.055618 -290.066292 -0.010181 0.975424 0.220100 0.949500 -0.059601 0.308055 -0.313602 -0.212122 0.925558
-1.690262 -35.409278 96.431075 1072.848025 -0.184900 0.973708 0.133063 -0.730134 -0.045476 -0.681789 0.657812 0.223216 -0.719345
8.711123 -69.675186 -860.641318 -4444.694351 -0.090912 -0.969935 -0.225745 0.994870 -0.098558 0.022811 -0.044374 -0.222513 0.973919
-7.398364 -22.009659 382.120295 -1617.678646 -0.220502 0.969386 0.108022 0.921691 0.170843 0.348280 -0.319163 -0.176359 0.931146
4.540161 -18.963336 334.977133 -1517.995594 0.307900 0.868158 0.389229 0.850237 -0.434666 0.296923 -0.426960 -0.239514 0.871974
-8.499121 -840.621996 64.190161 -13096.723447 0.017691 0.987497 -0.156643 0.773345 0.085787 0.628154 -0.633738 0.132252 0.762159
3.917256 -367.338086 -249.624592 -26573.726827 -0.112821 -0.978162 0.174558 0.985859 -0.132108 -0.103104 0.123913 0.160457 0.979234
16.469640 -397.973358 1058.367718 -20032.454032 0.004480 0.990072 -0.140492 0.334065 0.130940 0.933411 -0.942539 0.051115 0.330162
-13.443786 -720.300219 405.418847 -15110.397097 0.164305 0.969496 -0.181882 0.694668 -0.244635 -0.676454 0.700314 0.015203 0.713673
-16.020644 -655.252852 532.078900 -63904.017694 -0.091310 0.935005 -0.342679 -0.585154 0.228063 0.778192 -0.805765 -0.271576 -0.526297
-14.995165 -797.377161 514.719285 2952.844227 0.075435 0.958535 -0.274810 0.809501 0.102057 0.578181 -0.582253 0.266074 0.768236
0.616962 -6.303352 -50.019796 27.663250 -0.100855 0.979242 -0.175825 -0.679768 0.061218 0.730868 -0.726460 -0.193232 -0.659483
0.231885 -6.827091 -19.737052 14.492346 -0.129062 0.981558 -0.141021 -0.762359 -0.007269 0.647114 -0.634155 -0.191026 -0.749238
0.233646 -7.033168 26.109425 9.446510 -0.123193 0.983328 -0.133749 -0.770620 -0.009873 0.637218 -0.625274 -0.181570 -0.758989
1.937799 -1.996070 122.595320 -30.582825 0.308741 0.123854 0.943048 0.324222 0.918400 -0.226763 -0.894180 0.375768 0.243392
0.072905 -2.237623 71.590754 -46.359240 0.406329 0.384605 0.828840 0.211553 0.842852 -0.494819 -0.888899 0.376403 0.261111
-1.051779 -3.202296 22.306100 75.896595 0.464283 0.685835 0.560421 -0.066091 -0.604161 0.794117 -0.883218 0.405734 0.235174
-10.317061 -13.539628 47.466792 39.179428 0.298070 0.938591 0.173785 -0.056956 0.199224 -0.978297 0.952843 -0.281703 -0.112841
-9.723907 -13.590033 200.067844 -339.074256 0.164704 0.973884 0.156276 -0.005472 0.159339 -0.987209 0.986328 -0.161742 -0.031573
2.515008 -11.808037 -57.860811 425.940864 0.059044 0.988144 -0.141720 -0.573100 0.149795 0.805678 -0.817355 -0.033650 -0.575150
2.736520 -35.298877 -65.760609 -1654.218795 0.121641 0.991752 -0.040404 -0.620561 0.107757 0.776719 -0.774666 0.069408 -0.628550
3.596643 -96.857039 -86.416629 -5165.106711 0.132145 0.991004 -0.021203 -0.660375 0.103970 0.743704 -0.739217 0.084275 -0.668173
1.044529 -4.061673 11.273670 153.513203 0.119062 0.990639 -0.066766 0.930153 -0.087763 0.356530 -0.347333 0.104552 0.931895
1.184010 -5.746211 -9.443304 589.846133 0.025391 0.999010 -0.036518 0.954983 -0.013439 0.296356 -0.295572 0.042399 0.954379
1.835353 -23.680721 -18.733737 1986.673110 0.142177 0.988616 -0.049225 0.952307 -0.123052 0.279232 -0.269996 0.086577 0.958961
4.471990 -10.720370 25.091848 126.224853 0.417061 0.891066 0.179058 0.878540 -0.445715 0.171771 -0.232868 -0.085671 0.968728
-0.629165 -4.622522 -24.752682 -46.286425 0.241600 0.957940 0.154856 0.900489 -0.161861 -0.403634 0.361592 -0.236964 0.901720
0.847804 -4.400169 18.321772 -61.019803 0.221544 0.962707 0.155288 0.919868 -0.153461 -0.360961 0.323669 -0.222813 0.919561
-0.189755 -2.540326 -111.108957 33.820466 -0.247077 0.051680 0.967617 0.275832 0.961016 0.019105 -0.928908 0.271620 -0.251700
-0.602561 -7.468367 -5.194328 1.772939 -0.103831 0.994521 -0.012090 0.956654 0.096538 -0.274760 0.272088 0.040095 0.961437
-0.767615 -7.396910 -7.584635 2.067146 -0.106174 0.993994 -0.026508 0.951313 0.093785 -0.293611 0.289362 0.056391 0.955557
-0.229547 -11.299057 3.297071 37.836583 0.113416 0.992590 -0.043612 -0.377726 0.002477 -0.925914 0.918945 -0.121487 -0.375208
-2.450940 -17.044532 -4.776138 -508.421907 0.349152 0.914810 -0.203013 0.746113 -0.402473 -0.530406 0.566928 -0.033721 0.823077
-1.795836 -18.896468 -36.206078 -552.420126 0.451174 0.861259 -0.233826 0.655890 -0.497679 -0.567559 0.605186 -0.102704 0.789431
-3.102734 -20.407977 -18.560178 -411.734749 0.375543 0.893953 -0.244571 0.482724 -0.413934 -0.771775 0.791167 -0.171774 0.586982
0.447332 -7.431722 30.473824 30.389416 -0.020507 0.988214 -0.151702 -0.931774 -0.073899 -0.355437 0.362458 -0.134063 -0.922308
-0.021140 -8.650028 18.680740 75.394769 0.044729 0.991577 -0.121549 -0.872452 -0.020497 -0.488269 0.486648 -0.127885 -0.864187
-0.036003 -7.839261 21.908129 26.552886 0.019690 0.990543 -0.135779 -0.940217 -0.027839 -0.339437 0.340007 -0.134346 -0.930777
0.394249 -8.166293 21.238008 71.461991 0.012694 0.989636 -0.143036 -0.861976 -0.061671 -0.503185 0.506791 -0.129681 -0.852259
0.923184 -7.077842 23.094278 21.618214 -0.051914 0.980671 -0.188649 -0.917328 -0.121495 -0.379141 0.394733 -0.153371 -0.905905
1.386847 -7.672539 130.688857 38.644010 0.137793 0.978664 -0.152411 -0.939919 0.080677 -0.331727 0.312353 -0.188964 -0.930982
2.001793 -12.868087 -24.062779 -18.388893 0.074059 0.996922 0.025740 0.670316 -0.030652 -0.741443 0.738371 -0.072164 0.670522
1.706429 -12.945835 -44.524818 14.754651 0.092114 0.995074 0.036646 0.783568 -0.049727 -0.619313 0.614440 -0.085763 0.784288
2.066297 -13.493487 -30.792141 59.624590 0.060904 0.998128 0.005521 0.879806 -0.051070 -0.472581 0.471415 -0.033640 0.881270
2.326616 -13.318021 1.098554 76.551247 0.018290 0.998905 -0.043052 0.878223 -0.036632 -0.476846 0.477901 0.029088 0.877932
-0.391620 -7.558151 2.049186 64.189221 -0.001765 0.970608 -0.240659 -0.404525 -0.220782 -0.887477 0.914525 -0.095786 -0.393025
-0.694471 -8.955307 3.090766 71.600769 0.013480 0.981196 -0.192543 -0.234847 -0.184068 -0.954445 0.971939 -0.058084 -0.227950
-0.665111 -9.333502 3.765066 77.893728 0.026829 0.984709 -0.172127 -0.274360 -0.158323 -0.948504 0.961253 -0.072672 -0.265917
2.016982 -21.209465 43.218117 -124.977791 0.031909 0.984189 -0.174222 -0.533377 -0.130648 -0.835727 0.845275 -0.119593 -0.520775
1.159666 -20.210802 97.785863 -232.881622 -0.041641 0.976204 -0.212817 -0.513913 -0.203592 -0.833333 0.856831 -0.074669 -0.510162
-0.265306 -21.655760 66.536821 -155.861252 -0.048353 0.975619 -0.214078 -0.679396 -0.189235 -0.708951 0.732177 -0.111164 -0.671982
-0.471095 -21.159770 24.222092 -162.579253 -0.208334 0.903918 -0.373536 -0.873450 -0.343798 -0.344802 0.440093 -0.254431 -0.861152
-0.244703 -22.487089 25.647672 51.729729 -0.200931 0.909318 -0.364373 0.940958 0.282602 0.186370 0.272442 -0.305412 -0.912414
-0.135401 -21.258831 33.047813 -231.624528 -0.218837 0.904291 -0.366562 -0.834922 -0.367957 -0.409285 0.504991 -0.216484 -0.835535
3.019884 -6.569847 220.129029 -17.668385 0.099388 0.970111 -0.221374 0.929248 -0.010931 0.369296 -0.355838 0.242415 0.902560
2.389391 -6.283081 218.999490 4.439417 0.223086 0.961488 -0.160540 0.805921 -0.089272 0.585253 -0.548382 0.259945 0.794799
-4.037465 -13.060661 -33.633028 -26.255145 0.195814 0.970269 -0.142251 0.963452 -0.217387 -0.156535 0.182804 0.106400 0.977375
-4.491545 -12.953531 23.075773 -26.040595 -0.205910 -0.955846 0.209664 0.966741 -0.231911 -0.107839 0.151701 0.180486 0.971808
-4.597474 -12.502633 19.858800 -41.241990 -0.198943 -0.958057 0.206271 0.979180 -0.185658 0.082078 -0.040340 0.218306 0.975046
0.611270 -29.341622 -1.073327 -470.008324 -0.339052 0.886100 -0.316024 0.196145 0.395122 0.897444 -0.920093 -0.242294 0.307771
1.032736 -30.020193 -21.704386 444.780205 -0.353310 0.858928 -0.370695 0.039572 0.409617 0.911399 -0.934669 -0.307337 0.178712
1.557030 -33.356200 -81.504038 -334.963630 -0.353720 0.876142 -0.327501 0.048507 0.366848 0.929015 -0.934093 -0.312725 0.172260
0.937312 -30.753871 -27.588610 885.259271 -0.353170 0.851288 -0.388046 -0.115240 0.372032 0.921039 -0.928435 -0.370002 0.033288
2.907637 -38.514655 -158.043273 911.209368 -0.384335 0.856449 -0.344648 -0.099654 0.332653 0.937769 -0.917800 -0.394763 0.042502
-1.127391 -163.121451 57.261374 -3460.788276 -0.022409 0.981558 -0.189847 -0.547343 0.146862 0.823922 -0.836608 -0.122375 -0.533958
-6.917643 -194.121846 203.989044 4875.251690 0.006463 0.979669 -0.200518 -0.291659 0.193650 0.936715 -0.956501 -0.052429 -0.286981
-1.279372 -131.554981 -210.730296 6486.291155 -0.159640 0.938849 -0.305086 0.303014 0.340733 0.889991 -0.939520 -0.049633 0.338879
-5.193116 -467.066261 -41.166446 32072.129423 0.004369 0.939196 -0.343353 -0.294770 0.329309 0.897032 -0.955558 -0.097291 -0.278286
-4.528996 -58.239537 -66.036978 -2173.887001 -0.304056 0.943949 0.128495 0.798069 0.178734 0.575448 -0.520227 -0.277516 0.807681
94.058970 -981.857806 -1957.610847 -171172.021807 0.732586 -0.679787 0.034760 -0.028378 -0.081525 -0.996267 -0.680083 -0.728865 0.079015
33.798175 -858.398221 1651.160374 -40436.053252 -0.330924 0.943559 -0.013620 0.239955 0.098098 0.965815 -0.912640 -0.316343 0.258875
