12981
25949
-9.559776 -13.308610 160.665841 325.151563 -0.572602 0.812599 -0.108669 0.689231 0.405361 -0.600535 0.443944 0.418766 0.792179
-11.411808 -15.350908 -291.299246 270.893944 0.461830 -0.858489 0.222959 0.826927 0.325828 -0.458289 0.320789 0.396022 0.860384
-10.840893 -18.898616 164.900851 905.668052 0.864004 -0.465132 -0.192742 0.320579 0.803409 -0.501761 0.388235 0.371734 0.843260
-7.969613 -13.619984 12.418680 269.314598 0.209103 -0.896162 0.391369 0.882290 0.000301 -0.470706 0.421711 0.443728 0.790737
-7.017285 -13.777553 -194.804506 494.155503 -0.732228 0.667090 0.137232 0.437972 0.615527 -0.655216 0.521558 0.419664 0.742872
-7.550466 -11.192398 53.269457 190.584346 -0.387078 0.884648 -0.259939 0.769357 0.154499 -0.619854 0.508193 0.439918 0.740414
-11.437556 -17.108438 142.002723 55.643779 -0.220389 0.691183 -0.688255 0.757926 0.565499 0.325206 -0.613985 0.449975 0.648495
-11.609320 -17.231495 -9.714064 76.214259 -0.334828 0.724339 -0.602680 0.755582 0.588551 0.287583 -0.563015 0.359084 0.744361
-11.144779 -16.558549 -66.337838 128.858732 0.235718 -0.732819 0.638289 0.864366 0.458298 0.206964 -0.444193 0.502931 0.741453
-11.449456 -16.952149 -100.188303 114.376143 -0.395830 0.753417 -0.525054 0.815439 0.551321 0.176362 -0.422348 0.358340 0.832595
-7.270286 -9.606746 139.245421 -77.342243 -0.182933 0.973188 -0.139427 0.831259 0.077390 -0.550471 0.524922 0.216599 0.823129
-6.211963 -8.728556 181.709688 -26.124924 -0.488699 0.871777 0.034339 0.755315 0.442456 -0.483458 0.436661 0.210329 0.874694
-7.164755 -9.576172 -26.438659 -88.709783 -0.183180 0.982328 -0.038422 0.854498 0.139775 -0.500296 0.486084 0.124476 0.865002
-6.249640 -8.531030 -16.541696 -111.608075 -0.320911 0.945730 0.051091 0.855480 0.312590 -0.412845 0.406411 0.088779 0.909367
10.141045 -5.068442 312.217951 -224.103512 -0.402471 0.404281 0.821324 0.708248 0.705963 -0.000436 -0.580001 0.581526 -0.570461
14.525454 -9.192375 368.382242 -224.792708 -0.431150 0.498610 0.751996 0.749558 0.661876 -0.009104 -0.502267 0.559739 -0.659105
11.094572 -7.314453 375.693277 -318.081195 -0.451340 0.275125 0.848880 0.667504 0.735428 0.116550 -0.592224 0.619235 -0.515576
11.534067 -6.467831 448.871972 -23.866042 -0.272827 0.617076 0.738094 -0.779266 -0.591658 0.206604 -0.564189 0.518805 -0.642287
6.650829 -3.638771 135.499823 -212.386248 -0.479041 0.204466 0.853647 0.608227 0.778513 0.154849 -0.632914 0.593390 -0.497301
6.353196 -2.595302 300.197940 -100.110748 -0.284045 0.504766 0.815187 0.745436 0.650981 -0.143349 -0.603029 0.566952 -0.561179
2.928262 -8.847854 102.343106 56.273007 -0.700080 0.704956 -0.113688 0.589793 0.660617 0.464467 -0.402533 -0.258112 0.878263
3.382320 -8.783651 77.673993 6.238773 -0.707194 0.702979 -0.075481 0.613693 0.663349 0.428194 -0.351082 -0.256494 0.900529
3.283356 -8.772648 83.479882 22.631860 -0.700601 0.710048 -0.070635 0.592286 0.633884 0.497381 -0.397939 -0.306630 0.864652
2.633810 -9.298086 71.091484 74.558949 -0.701322 0.706943 -0.091538 0.548428 0.617129 0.564250 -0.455384 -0.345519 0.820513
2.181703 -9.477802 68.156093 68.712416 -0.707708 0.692648 -0.139244 0.527129 0.648896 0.548698 -0.470409 -0.314918 0.824344
-0.556557 -12.268961 24.585398 -125.495782 -0.489905 0.781865 -0.385592 -0.532258 -0.618558 -0.578003 0.690431 0.077932 -0.719188
-0.389909 -10.698353 10.883128 -164.105972 -0.446885 0.824840 -0.346313 -0.466366 -0.545157 -0.696639 0.763411 0.149809 -0.628300
-0.208572 -11.896834 -0.923988 -252.857501 -0.460486 0.811497 -0.359757 -0.459613 -0.564696 -0.685473 0.759413 0.150302 -0.633010
-0.451873 -10.309623 7.498182 -135.420351 -0.450197 0.821734 -0.349393 -0.479108 -0.552492 -0.682062 0.753510 0.139665 -0.642430
-0.273558 -13.206584 -26.875763 -94.308822 -0.476983 0.782496 -0.400234 -0.534974 -0.619781 -0.574172 0.697345 0.059755 -0.714240
-0.398849 -13.812489 3.926379 -5.957919 -0.505996 0.755849 -0.415524 -0.587892 -0.654734 -0.475085 0.631151 -0.003892 -0.775651
-0.703443 -13.697957 32.277579 -92.865092 -0.525616 0.739111 -0.421239 -0.597887 -0.673186 -0.435146 0.605194 -0.023133 -0.795742
-0.681190 -13.026184 -6.712366 -120.538350 -0.511158 0.750952 -0.418077 -0.600211 -0.660053 -0.451748 0.615194 -0.020019 -0.788121
-0.543712 -11.228763 10.930518 -126.203664 -0.481923 0.790044 -0.378921 -0.537930 -0.608131 -0.583788 0.691652 0.077508 -0.718060
3.861320 -25.874954 60.715983 -88.712668 -0.329827 0.721798 0.608458 -0.596812 0.339962 -0.726802 0.731458 0.602854 -0.318649
1.908528 -24.571653 21.049817 -492.299157 -0.306935 0.702531 0.642060 -0.374365 0.531120 -0.760107 0.875010 0.473668 -0.099984
2.516420 -26.797091 62.626717 -133.151498 -0.306100 0.679877 0.666386 -0.567130 0.431992 -0.701246 0.764634 0.592579 -0.253346
2.902707 -26.005009 169.963876 18.292573 -0.306044 0.647310 0.698088 0.720532 -0.321768 0.614247 0.622231 0.690981 -0.367933
4.910402 -27.064593 230.920348 -196.548444 -0.334982 0.669921 0.662565 0.758978 -0.224840 0.611064 0.558336 0.707568 -0.433138
7.903953 -15.151116 -772.286943 491.911675 0.765980 0.451198 -0.457924 0.640680 -0.477109 0.601579 -0.052951 0.754180 0.654529
6.083386 -10.773058 657.420014 299.415250 -0.686647 -0.510075 0.518014 0.725814 -0.521512 0.448575 0.041344 0.683995 0.728314
1.826256 -15.821579 -697.811725 504.300419 0.741684 0.496687 -0.450784 0.669123 -0.501110 0.548783 -0.046681 0.708654 0.704011
-0.016347 -23.905862 -189.156328 344.620586 -0.566332 0.207227 0.797700 0.698986 -0.392046 0.598096 0.436677 0.896302 0.077179
1.820215 -25.073755 -196.989090 225.631472 -0.572469 0.207976 0.793111 0.688771 -0.402802 0.602782 0.444831 0.891345 0.087344
0.385600 -26.657422 -203.244978 190.560006 -0.575806 0.219359 0.787610 0.780105 -0.140931 0.609570 0.244713 0.965412 -0.089975
-1.566498 -24.836668 -171.988225 285.901263 -0.564221 0.199725 0.801102 0.770399 -0.221546 0.597832 0.296882 0.954478 -0.028867
-1.343199 -26.651806 -199.173247 69.041209 -0.577420 0.212649 0.788268 0.811513 0.043500 0.582713 0.089624 0.976160 -0.197685
-0.056695 -27.365342 -154.089082 -106.313748 -0.588786 0.211003 0.780262 0.807844 0.185661 0.559391 -0.026831 0.959691 -0.279772
1.350485 -27.005884 -118.743602 181.054909 -0.598258 0.189566 0.778558 0.797060 0.040918 0.602513 0.082359 0.981015 -0.175575
0.468638 -29.584393 2.602749 -1217.716044 0.160410 -0.782108 -0.602142 0.987050 0.127625 0.097179 0.000844 -0.609933 0.792452
0.526420 -27.373381 58.434464 -804.888150 0.179420 -0.772649 -0.608952 0.972838 0.047314 0.226602 -0.146272 -0.633068 0.760151
0.590571 -35.720960 45.699539 -1412.658555 0.131202 -0.783756 -0.607052 0.988896 0.146579 0.024484 0.069792 -0.603524 0.794285
0.333805 -36.067740 -0.781805 -1049.763191 0.134481 -0.788136 -0.600630 0.964750 0.242510 -0.102210 0.226215 -0.565712 0.792967
6.468666 -3.324635 -85.715337 56.882234 -0.605384 -0.306467 0.734566 0.730668 -0.579985 0.360197 0.315649 0.754782 0.575039
6.302099 -5.139019 214.372567 100.980232 -0.559885 -0.476779 0.677651 0.795032 -0.539466 0.277310 0.233354 0.694016 0.681093
9.349895 -4.514980 25.462869 86.190111 -0.679930 -0.249294 0.689600 0.681266 -0.562632 0.468318 0.271242 0.788225 0.552386
4.919699 -4.279202 -19.002050 6.514627 -0.414878 -0.528956 0.740325 0.856984 -0.500542 0.122621 0.305703 0.685320 0.660971
4.528827 -3.204458 -166.319257 20.195754 -0.570332 -0.317642 0.757513 0.740851 -0.597217 0.307361 0.354769 0.736502 0.575937
-1.209418 -37.751339 -57.258906 -12.273593 -0.465348 -0.017072 0.884963 0.874565 0.145128 0.462680 -0.136332 0.989266 -0.052605
2.599558 -41.010337 -231.053122 -217.873343 -0.474057 -0.049691 0.879091 0.818084 0.344334 0.460622 -0.325590 0.937531 -0.122583
0.011929 -34.973766 -61.929696 -177.606738 -0.540800 -0.036157 0.840374 0.735247 0.464983 0.493155 -0.408591 0.884581 -0.224879
-0.863947 -31.800505 -15.291569 25.341260 -0.534354 -0.027956 0.844798 0.819699 0.226791 0.525984 -0.206297 0.973542 -0.098271
-2.394522 -34.462521 31.798854 -382.669575 -0.490774 -0.029138 0.870799 0.871062 -0.039081 0.489615 0.019765 0.998811 0.044561
6.680378 -10.071710 -152.945143 -42.460099 -0.211463 0.977346 0.008849 -0.134096 -0.020043 -0.990766 0.968143 0.210697 -0.135296
7.065219 -9.558553 -188.211969 -38.605920 -0.214023 0.976410 0.028588 -0.020356 0.024802 -0.999485 0.976617 0.214495 -0.014567
7.209002 -10.219105 237.352735 -10.275557 -0.338413 0.940802 -0.019179 -0.090724 -0.052907 -0.994470 0.936614 0.334802 -0.103258
6.852645 -10.563191 125.155921 -7.728318 -0.305946 0.951827 -0.020529 -0.210748 -0.088738 -0.973504 0.928430 0.293513 -0.227745
5.350554 -88.310693 219.555758 -2413.139586 0.656715 0.753516 0.030642 0.348162 -0.338977 0.874001 -0.668960 0.563301 0.484957
2.806003 -113.885131 207.412131 -6969.255335 0.620553 0.784068 -0.012286 0.277867 -0.205214 0.938444 -0.733283 0.585769 0.345212
3.928747 -110.901559 201.415086 -5498.553817 0.614303 0.789067 -0.002071 0.563332 -0.436724 0.701376 -0.552529 0.432025 0.712788
-34.456700 -39.920264 -734.993360 -1568.371431 0.703822 0.698035 -0.131839 -0.282823 0.445593 0.849387 -0.651648 0.560530 -0.511039
-23.983526 -57.205134 -1030.552278 -3484.471940 -0.161812 0.421382 0.892331 0.665187 0.714513 -0.216790 -0.728933 0.558488 -0.395915
-7.647103 -40.917918 -751.493599 -2310.156292 -0.751983 -0.471993 0.460157 0.106007 0.602397 0.791126 -0.650603 0.643693 -0.402958
19.220193 -38.282083 2213.153803 -1183.977601 0.223906 0.620684 0.751411 0.822116 0.293795 -0.487656 -0.523441 0.726936 -0.444492
-0.579077 -3.545420 -148.997593 83.170768 0.453769 0.878426 -0.149872 -0.819697 0.477427 0.316481 -0.349558 0.020759 -0.936685
1.123873 -2.729717 312.991910 55.357283 -0.718818 -0.635486 0.281884 -0.569804 0.770852 0.284799 -0.398276 0.044100 -0.916205
-1.335756 -4.294897 -53.332932 133.480253 0.246641 0.967668 -0.052782 -0.902603 0.249203 0.351006 -0.352811 0.038931 -0.934884
2.480055 -10.807556 45.772354 132.943150 -0.645524 0.718971 -0.257644 0.470774 0.640215 0.607039 -0.601390 -0.270566 0.751747
2.415184 -11.655482 12.950075 115.260182 -0.644153 0.717527 -0.264994 0.404903 0.613793 0.677725 -0.648937 -0.329262 0.685906
2.247665 -10.986648 23.092260 74.260595 -0.626481 0.735752 -0.257276 0.495330 0.630668 0.597416 -0.601806 -0.246834 0.759541
2.177090 -10.449291 39.929741 12.173109 -0.626529 0.741035 -0.241512 0.547116 0.638850 0.540866 -0.555090 -0.206733 0.805690
2.421931 -5.890727 84.506113 133.410541 -0.466735 0.799066 -0.379016 -0.493879 -0.591003 -0.637808 0.733650 0.110499 -0.670484
1.246982 -6.096948 70.618992 33.335142 -0.542449 0.708478 -0.451452 -0.456014 -0.699645 -0.550044 0.705550 0.092502 -0.702597
1.409525 -5.186550 28.617932 -35.616333 -0.478218 0.769397 -0.423480 -0.498769 -0.634814 -0.590119 0.722867 0.070986 -0.687331
0.413302 -125.794462 80.074857 7638.787949 -0.246938 0.877640 0.410817 0.949651 0.303539 -0.077634 -0.192834 0.370962 -0.908406
0.572746 -150.713188 -157.679910 9455.549522 -0.270585 0.893243 0.359027 0.955643 0.294285 -0.011936 -0.116318 0.339872 -0.933251
0.877382 -99.935908 -112.743500 5875.216875 -0.216905 0.910680 0.351589 -0.673883 -0.400265 0.621023 -0.706282 0.102227 -0.700511
-2.587343 -157.523048 62.720313 10459.087784 -0.528979 -0.062254 -0.846348 -0.511787 0.818940 0.259636 0.676945 0.570493 -0.465063
-3.457143 -183.686806 211.457744 12809.142448 -0.551666 -0.056854 -0.832125 -0.502018 0.819353 0.276836 0.666065 0.570463 -0.480551
0.538765 -213.761931 -432.841887 -14538.776937 -0.504996 0.133465 -0.852740 0.179145 0.982665 0.047710 0.844326 -0.128671 -0.520152
-1.680784 -140.802578 185.756646 8743.321165 -0.547227 -0.090347 -0.832094 -0.514398 0.820545 0.249200 0.660256 0.564396 -0.495498
146.272470 -2294.978024 -1484.804750 190168.058743 0.665063 -0.148465 0.731880 -0.570110 0.532076 0.625995 0.482354 0.833579 -0.269223
-1.490202 -121.755986 -51.082203 1737.088447 -0.550768 -0.007416 -0.834625 0.015675 0.999692 -0.019226 0.834511 -0.023672 -0.550482
-5.062680 -9.430419 -215.916053 -108.025170 -0.420267 0.874333 -0.242729 -0.688013 -0.132637 0.713475 -0.591620 -0.466850 -0.657295
-6.479522 -10.681704 -243.899917 -76.441639 -0.523529 0.850137 -0.056432 -0.562951 -0.295438 0.771883 -0.639534 -0.435871 -0.633256
-7.650358 -11.310027 -104.224254 136.070007 -0.688447 0.702408 0.180732 -0.434179 -0.598730 0.673061 -0.580973 -0.384897 -0.717165
-8.896126 -12.418424 -184.525211 -179.777825 -0.720545 0.610095 0.329544 0.347635 0.729048 -0.589609 -0.599971 -0.310279 -0.737403
-8.312542 -13.740051 -113.805949 -228.396082 -0.736682 0.618066 0.274396 0.416205 0.734212 -0.536382 -0.532985 -0.280938 -0.798123
-5.972959 -9.249864 -68.464738 119.251866 -0.525094 0.840429 -0.133998 -0.658265 -0.301287 0.689865 -0.539410 -0.450450 -0.711429
-7.058071 -12.573741 -32.494527 246.588677 -0.712922 0.683845 0.155235 -0.482770 -0.639190 0.598640 -0.508601 -0.351841 -0.785832
-5.858163 -10.651111 8.680918 -370.440470 0.705756 -0.706303 0.055169 0.563212 0.512123 -0.648477 -0.429768 -0.488738 -0.759233
-4.113136 -10.498479 146.867123 -467.159342 0.739617 -0.665108 0.102945 0.555742 0.517262 -0.650839 -0.379628 -0.538582 -0.752204
-3.934631 -5.587401 -484.557266 -21.687412 -0.080603 0.778381 -0.622596 0.889827 -0.225258 -0.396822 -0.449123 -0.585988 -0.674467
1.624696 -8.504173 308.192932 -124.929812 0.388813 -0.791288 -0.471898 0.909372 0.247399 0.334420 -0.147876 -0.559158 0.815767
2.431781 -7.545645 154.561336 -78.399415 0.372939 -0.809696 -0.453110 0.909783 0.223191 0.349974 -0.182242 -0.542750 0.819884
3.061338 -8.560144 177.553958 -125.351221 0.438421 -0.799201 -0.411176 0.889856 0.321712 0.323507 -0.126267 -0.507720 0.852219
0.702221 -9.808261 337.757566 -151.313022 0.463113 -0.762007 -0.452628 0.883087 0.353284 0.308784 -0.075389 -0.542712 0.836529
2.948632 -9.782573 231.419569 -110.645799 0.465699 -0.779150 -0.419583 0.884666 0.398018 0.242794 -0.022171 -0.484260 0.874643
-5.315426 -10.900376 -89.322291 154.171383 0.458437 0.179338 -0.870444 0.885837 -0.013290 0.463806 0.071609 -0.983698 -0.164957
-4.432317 -8.896080 -116.829393 152.681587 0.461065 0.192356 -0.866267 0.865677 0.117015 0.486735 0.194993 -0.974324 -0.112567
-3.884811 -10.213531 -111.627281 134.072023 0.364201 0.137430 -0.921125 0.925872 0.053398 0.374045 0.100591 -0.989071 -0.107795
-4.726438 -11.770586 -95.711624 101.163563 0.352604 0.136193 -0.925809 0.934668 -0.099325 0.341366 -0.045464 -0.985691 -0.162317
-5.674710 -12.193143 -127.594458 74.087312 0.419327 0.158182 -0.893948 0.904155 -0.161347 0.395565 -0.081664 -0.974138 -0.210678
4.373770 -9.515202 166.207874 24.662927 -0.572322 0.785311 0.236080 0.794746 0.602130 -0.076281 0.202055 -0.143966 0.968735
4.266366 -9.065566 138.399796 6.038853 -0.598205 0.761889 0.248346 0.755724 0.639448 -0.141377 0.266518 -0.103109 0.958299
4.654449 -9.633049 -2.715230 36.631742 -0.578753 0.747817 0.325291 0.761320 0.638425 -0.113158 0.292295 -0.182160 0.938819
4.795792 -9.985675 -24.776246 28.803761 0.546379 -0.780211 -0.304533 0.818368 0.574680 -0.004045 0.178164 -0.247010 0.952493
3.889570 -10.402665 224.460281 29.052562 0.558341 -0.730189 -0.393801 0.784571 0.619026 -0.035419 0.269636 -0.289189 0.918513
3.322475 -10.060316 -254.951554 57.789850 -0.583253 0.705658 0.402322 0.733317 0.670456 -0.112851 0.349373 -0.229209 0.908516
1.317020 -19.631828 25.905635 -208.007865 0.269925 0.002164 -0.962879 0.900455 0.353640 0.253220 0.341060 -0.935379 0.093508
0.897870 -18.141865 19.304711 -190.266763 0.267444 -0.019438 -0.963377 0.944119 0.205174 0.257958 0.192646 -0.978532 0.073224
1.116147 -18.978357 25.799575 -81.650078 0.302680 -0.011813 -0.953019 0.857181 0.440533 0.266781 0.416685 -0.897659 0.143466
1.242689 -20.331092 41.948411 -42.319740 0.293160 0.008263 -0.956028 0.813881 0.522530 0.254087 0.501652 -0.852581 0.146460
-3.744489 -23.557314 67.593551 110.847857 0.005940 0.978517 0.206078 -0.599120 -0.161517 0.784199 -0.800637 0.128124 -0.585290
-3.340697 -22.599048 86.983350 168.784063 0.021769 0.980453 0.195544 -0.391027 -0.171660 0.904229 -0.920122 0.096147 -0.379647
-2.808143 -23.776610 88.529370 179.011421 0.018274 0.971398 0.236752 -0.541940 -0.189366 0.818805 -0.840218 0.143268 -0.522979
-2.986963 -24.435324 100.515431 17.355378 0.004634 0.966712 0.255827 -0.746681 -0.166826 0.643923 -0.665167 0.194005 -0.721052
-4.160338 -23.419046 48.855050 16.091092 -0.024295 0.979199 0.201443 -0.769766 -0.146893 0.621195 -0.637864 0.139972 -0.757323
0.704196 -23.453538 -17.478291 -1202.798569 0.134423 0.990652 0.023216 0.851043 -0.103415 -0.514812 0.507599 -0.088960 0.856989
0.857977 -29.925680 -28.808528 -900.830410 0.145953 0.989216 0.012258 0.690169 -0.092938 -0.717655 0.708776 -0.113204 0.696291
0.329101 -26.597183 31.958303 -1134.639241 0.134682 0.990873 0.005525 0.802833 -0.105852 -0.586733 0.580793 -0.083458 0.809762
0.309425 -18.529771 0.828194 -797.563575 0.109212 0.993631 0.027744 0.914126 -0.089432 -0.395444 0.390444 -0.068548 0.918071
-0.417416 -27.490532 -76.347093 -878.936871 0.157429 0.987338 0.019467 0.733228 -0.103662 -0.672035 0.661508 -0.120072 0.740264
-0.242285 -19.712275 -37.773608 -930.521795 0.137625 0.990095 0.027775 0.893964 -0.112091 -0.433893 0.426482 -0.084545 0.900536
-1.183508 -12.792960 130.358976 57.478613 -0.115481 0.960317 0.253882 -0.842906 -0.229964 0.486442 -0.525522 0.157824 -0.836013
-2.376757 -11.854842 74.121463 3.153371 -0.084938 0.977716 0.191984 -0.880933 -0.163717 0.444020 -0.465557 0.131411 -0.875208
-1.282036 -12.113537 124.155477 43.636786 -0.038450 0.979802 0.196238 -0.806060 -0.146478 0.573421 -0.590584 0.136132 -0.795411
0.118533 -12.179273 117.774461 94.524471 -0.106206 0.962695 0.248876 -0.753114 -0.241308 0.612037 -0.649261 0.122430 -0.750647
0.099721 -12.792986 74.274076 95.374680 -0.171049 0.945296 0.277771 -0.795571 -0.298825 0.527039 -0.581213 0.130837 -0.803164
10.542135 -6.880603 644.141848 168.833514 0.856953 0.323654 -0.401099 -0.319048 -0.278069 -0.906028 0.404772 -0.904393 0.135031
16.686527 -7.698053 832.224366 149.956562 0.930340 0.244400 -0.273379 -0.216861 -0.234475 -0.947625 0.295700 -0.940899 0.165141
18.712251 -8.202029 938.959470 35.216010 0.877845 0.316651 -0.359333 -0.238915 -0.360731 -0.901550 0.415099 -0.877272 0.241014
1.448224 -15.213459 -50.207676 90.242052 0.477510 0.075183 -0.875404 0.337344 0.904282 0.261675 0.811285 -0.420265 0.406441
1.109578 -15.876614 -44.907658 14.385191 0.453790 0.040637 -0.890182 0.516610 0.801957 0.299963 0.726077 -0.595997 0.342927
0.587552 -14.436224 -37.525419 31.451190 0.485578 0.073715 -0.871080 0.441445 0.839384 0.317113 0.754546 -0.538517 0.375046
0.380186 -15.290159 -52.332547 43.045592 0.462404 0.032166 -0.886086 0.570284 0.754425 0.324990 0.678939 -0.655597 0.330505
-6.327507 -36.017422 -303.197240 -565.699326 0.388541 -0.593283 -0.705018 0.910902 0.362653 0.196827 0.138903 -0.718678 0.681328
-4.871370 -39.825825 -208.532933 -401.337263 0.410068 -0.558144 -0.721332 0.808815 0.588044 0.004791 0.421501 -0.585388 0.692573
-2.328179 -40.492604 -136.730593 -481.117386 0.365743 -0.626570 -0.688217 0.853116 0.521289 -0.021218 0.372055 -0.579369 0.725195
-2.255924 -33.812950 22.451431 535.527323 -0.287529 0.680516 0.673962 0.002488 0.704206 -0.709992 -0.957769 -0.202467 -0.204173
-2.452834 -33.836272 2.960813 182.704845 -0.279697 0.670065 0.687592 0.228414 0.742054 -0.630224 -0.932522 -0.019216 -0.360603
-2.935927 -35.336172 11.399026 369.039759 -0.316243 0.666672 0.674937 0.201418 0.742413 -0.638947 -0.927050 -0.066118 -0.369063
0.378110 -287.364469 -103.036776 9011.784215 -0.205684 0.832515 0.514405 -0.778909 0.178952 -0.601063 0.592448 0.524304 -0.611646
-2.452299 -488.495638 -230.901712 -38855.992717 -0.298453 0.808621 0.507008 0.953592 0.274815 0.123039 -0.039841 0.520200 -0.853115
-6.352934 -298.939570 -224.414115 27420.600183 -0.196103 0.813354 0.547721 -0.789396 -0.462309 0.403887 -0.581720 0.353165 -0.732719
-0.385656 -11.288572 -26.498163 -103.990303 -0.287209 -0.075900 0.954856 -0.351810 0.935543 -0.031455 -0.890921 -0.344962 -0.295398
-0.294268 -11.207409 -1.503136 -81.241596 -0.294521 -0.070490 0.953042 -0.366184 0.929482 -0.044415 -0.882704 -0.362070 -0.299564
-0.077122 -10.335237 24.383509 -157.891748 -0.278948 -0.077122 0.957204 -0.478245 0.875525 -0.068829 -0.832748 -0.476978 -0.281109
-0.371253 -12.014425 -47.557434 -10.190508 -0.305446 -0.058226 0.950427 -0.243447 0.969731 -0.018830 -0.920563 -0.237131 -0.310376
-0.741835 -11.866385 -69.880148 -7.027495 -0.296705 -0.066748 0.952634 -0.202348 0.979298 0.005594 -0.933285 -0.191104 -0.304069
-7.154033 -11.441231 24.210075 -17.462990 0.422559 0.579324 -0.697013 0.853023 -0.514078 0.089862 -0.306260 -0.632541 -0.711405
-7.078949 -10.558288 -19.269176 -51.148100 0.434925 0.632317 -0.641105 0.845948 -0.530890 0.050278 -0.308564 -0.564208 -0.765805
-6.160150 -11.067989 38.275783 -17.181276 0.603272 0.523533 -0.601645 0.779154 -0.547913 0.304483 -0.170242 -0.652460 -0.738454
-6.873325 -11.618675 62.996513 -27.018135 0.516165 0.536909 -0.667310 0.837453 -0.479731 0.261785 -0.179574 -0.693965 -0.697256
0.273157 -75.886651 66.153483 -3201.880918 0.387018 0.259885 -0.884690 0.130688 0.934313 0.331633 0.912764 -0.243966 0.327632
-1.365461 -61.916594 283.827860 -3005.540904 0.355154 0.179075 -0.917495 0.511509 0.784286 0.351076 0.782448 -0.593993 0.186944
0.591113 -58.068981 101.878326 -3443.113693 0.392871 0.217086 -0.893603 0.528097 0.742266 0.412498 0.752839 -0.633968 0.176972
0.517047 -18.513574 74.406585 175.848355 -0.185972 -0.417374 0.889502 0.835097 0.409862 0.366914 -0.517714 0.811056 0.272325
0.968811 -18.446157 35.078383 70.534660 -0.188072 -0.403555 0.895417 0.867511 0.359197 0.344097 -0.460493 0.841499 0.282533
0.741942 -18.073114 30.193253 -67.193897 -0.205121 -0.411701 0.887935 0.901252 0.274329 0.335393 -0.381668 0.869049 0.314775
-15.022965 -18.937333 -11.460000 -594.269104 0.895031 -0.442611 -0.054907 -0.391869 -0.839198 0.377076 0.212976 0.315978 0.924553
-11.357584 -17.075309 -195.235520 190.942129 0.445336 -0.849227 0.283707 0.883435 0.365213 -0.293532 0.145662 0.381358 0.912879
-8.935200 -15.338421 8.456538 185.794210 0.242362 -0.894284 0.376188 0.936251 0.113930 -0.332347 0.254353 0.432754 0.864886
-4.992030 -17.261215 24.687966 -53.779906 -0.405239 0.912114 0.061880 0.754474 0.371891 -0.540801 0.516285 0.172467 0.838871
-2.751488 -13.783797 293.915236 -613.086554 -0.352758 0.935652 -0.010778 0.880868 0.328174 -0.341135 0.315647 0.129832 0.939953
-5.314704 -13.073662 33.334250 -554.332065 -0.265061 0.963921 0.024459 0.886726 0.253641 -0.386502 0.378761 0.080758 0.921964
-5.969392 -16.938574 -8.367674 20.027558 -0.335137 0.939127 0.075656 0.747413 0.313892 -0.585530 0.573635 0.139686 0.807112
-11.757533 -17.518564 60.584432 -11.657470 -0.331477 0.685036 -0.648728 0.633747 0.671049 0.384784 -0.698919 0.283582 0.656577
-11.686900 -17.778541 -88.814071 66.237912 -0.435211 0.729605 -0.527510 0.693862 0.645163 0.319876 -0.573713 0.226806 0.787027
1.866770 -8.359088 -49.242658 43.708941 -0.187347 0.944595 0.269521 0.270259 0.313357 -0.910367 0.944384 0.097714 0.313992
2.479496 -9.009086 -44.037257 88.195969 -0.174891 0.960591 0.216050 0.368723 0.267363 -0.890259 0.912938 0.076036 0.400951
2.653772 -8.034541 72.837056 59.805130 -0.211119 0.954989 0.208386 0.322102 0.269255 -0.907608 0.922865 0.124492 0.364449
2.121748 -7.586976 74.609628 13.518856 -0.219712 0.948398 0.228622 0.259514 0.282724 -0.923428 0.940414 0.143558 0.308241
1.922396 -7.586452 87.672957 44.897939 -0.214754 0.962683 0.164689 0.301275 0.225697 -0.926442 0.929039 0.149340 0.338502
15.524559 -12.666358 535.637012 -490.934825 -0.479429 0.303161 0.823554 0.713981 0.680403 0.165177 -0.510273 0.667192 -0.542656
15.122351 -11.715445 242.591166 -63.169947 -0.358512 0.714825 0.600411 -0.794834 -0.571054 0.205270 -0.489599 0.403636 -0.772898
17.069375 -13.139055 2.523277 -148.554872 -0.487514 0.642155 0.591580 0.780758 0.623916 -0.033841 -0.390827 0.445383 -0.805536
3.595666 -9.136840 5.000466 -38.312665 -0.717480 0.695980 -0.028874 0.606657 0.644695 0.465118 -0.342328 -0.316196 0.884778
3.484423 -8.926055 -6.197984 -36.189941 0.735470 -0.675912 0.047192 0.617627 0.697428 0.363499 -0.278607 -0.238195 0.930398
3.848992 -9.711544 8.435615 89.395822 0.736038 -0.676928 -0.003942 -0.616022 -0.667377 -0.418479 -0.280649 -0.310445 0.908218
3.607443 -9.510215 22.112417 11.710357 0.714215 -0.699205 -0.031761 -0.615519 -0.605835 -0.504084 -0.333217 -0.379574 0.863070
3.097125 -9.182481 17.711073 42.486221 -0.702017 0.711906 -0.019053 0.592271 0.598482 0.539477 -0.395459 -0.367437 0.841785
-0.357069 -10.758345 5.183405 -102.731925 -0.419043 0.852523 -0.312421 -0.428673 -0.489085 -0.759629 0.800402 0.184391 -0.570401
-0.309334 -10.102146 4.185353 -20.520038 -0.414650 0.856976 -0.306035 -0.438570 -0.482875 -0.757950 0.797321 0.180066 -0.576068
1.717601 -23.123581 25.205165 -435.184813 -0.318242 0.703898 0.635020 -0.221043 0.596287 -0.771740 0.921880 0.385967 0.034172
0.949799 -23.399747 0.671560 -182.528289 -0.305195 0.678311 0.668394 -0.228677 0.629141 -0.742892 0.924426 0.379573 0.036897
15.849674 -6.340786 -831.218669 130.389566 0.887327 -0.461103 -0.005895 -0.267641 -0.504542 -0.820857 -0.375526 -0.729946 0.571104
23.309466 -5.418822 -1044.744867 156.101788 0.962808 -0.270184 0.000813 -0.148228 -0.530726 -0.834481 -0.225895 -0.803325 0.551036
23.657938 -5.676176 -1207.221362 -119.470238 0.926125 -0.376709 0.019547 -0.194597 -0.521518 -0.830753 -0.323146 -0.765578 0.556298
14.007394 -6.400100 -565.087636 11.988398 0.862916 -0.505334 0.003750 -0.270847 -0.468743 -0.840787 -0.426636 -0.724512 0.541354
9.354749 -8.092808 -269.037714 180.637278 0.822616 -0.560741 -0.094197 -0.405751 -0.462849 -0.788122 -0.398333 -0.686543 0.608268
2.638346 -25.963586 -56.266350 76.384212 -0.582748 0.123133 0.803270 0.607458 -0.590590 0.531223 0.539815 0.797522 0.269367
3.349280 -25.691289 -48.367654 56.405368 -0.623884 0.139474 0.768971 0.708198 -0.315200 0.631747 0.330492 0.938720 0.097873
0.522036 -21.586088 29.437001 -59.371048 0.275473 -0.774148 -0.569920 0.920703 0.041982 0.387999 -0.276442 -0.631611 0.724326
0.074720 -24.008711 14.442951 27.280784 0.255471 -0.770170 -0.584443 0.932579 0.036856 0.359080 -0.255012 -0.636774 0.727659
0.377131 -25.211610 27.319272 714.635404 0.330089 -0.765033 -0.552961 0.872810 0.024262 0.487456 -0.359504 -0.643534 0.675737
0.003058 -28.714330 58.924270 956.460569 0.348427 -0.754012 -0.556834 0.848641 0.001516 0.528967 -0.398004 -0.656858 0.640414
8.721460 -6.799913 366.385939 159.990741 -0.655059 -0.435309 0.617578 0.740274 -0.533424 0.409210 0.151298 0.725234 0.671673
11.451021 -44.430859 -658.050053 -162.237143 -0.529793 -0.103732 0.841760 0.770044 0.357134 0.528666 -0.355461 0.928275 -0.109328
7.676682 -41.226785 -430.719706 -1147.480321 -0.549838 -0.124290 0.825972 0.580258 0.654459 0.484751 -0.600815 0.745812 -0.287726
2.413380 -36.333551 -201.114097 -709.180785 -0.551545 -0.048209 0.832751 0.631607 0.627966 0.454678 -0.544859 0.776746 -0.315903
-0.443976 -11.695069 205.169507 9.970773 -0.424271 0.873808 -0.237601 0.127636 -0.202062 -0.971020 0.896495 0.442302 0.025800
3.200821 -11.047821 389.959266 -20.942565 -0.460573 0.879700 -0.118319 0.155094 -0.051491 -0.986557 0.873967 0.472732 0.112720
0.200146 -11.827661 133.189308 6.705064 -0.416969 0.879159 -0.230687 0.216597 -0.150381 -0.964609 0.882736 0.452179 0.127719
2.031785 -142.236296 -126.647859 8515.479057 -0.630667 -0.774869 0.042866 0.762194 -0.608066 0.222074 -0.146013 0.172727 0.974087
2.893278 -134.005197 126.584110 8027.711959 0.624044 0.778186 -0.070681 0.771129 -0.627936 -0.105151 0.126210 -0.011115 0.991941
4.171410 -130.005248 160.163213 6409.863182 0.601924 0.797765 -0.035488 0.782619 -0.598164 -0.172358 0.158729 -0.075973 0.984395
1.989568 -96.355609 -205.046707 2628.140967 -0.638233 -0.764840 0.087629 0.735907 -0.572710 0.361170 -0.226051 0.294998 0.928373
-22.862506 -50.573310 -447.783067 -3326.980205 0.685059 0.727132 -0.044416 -0.167630 0.216678 0.961744 -0.708939 0.651406 -0.270327
3.430010 -11.853313 -418.898534 -58.553945 -0.129804 0.991298 -0.021895 -0.490571 -0.083396 -0.867401 0.861679 0.101851 -0.497128
2.086995 -11.277544 -479.839461 -87.091311 -0.100583 0.994832 -0.013854 -0.372469 -0.050564 -0.926666 0.922578 0.088047 -0.375630
4.736870 -11.349467 -197.142864 -83.050253 -0.189645 0.981628 -0.020984 -0.387227 -0.094416 -0.917137 0.902269 0.165805 -0.398019
4.845159 -11.824952 -74.739529 -39.332719 -0.205973 0.978548 -0.004321 -0.530104 -0.115290 -0.840059 0.822536 0.170738 -0.542479
4.258118 -12.057857 -385.080887 -19.102641 -0.148076 0.988906 -0.011778 -0.599188 -0.099183 -0.794441 0.786795 0.110581 -0.607227
-7.073915 -13.294648 113.573842 -181.489745 -0.083513 0.964088 -0.252109 0.655565 -0.137386 -0.742536 0.750507 0.227286 0.620549
-6.944706 -12.171920 205.009630 -243.342934 -0.101586 0.950618 -0.293268 0.756002 -0.117848 -0.643873 0.646639 0.287120 0.706697
-7.522267 -12.295967 75.928851 -195.907625 -0.032483 0.969449 -0.243131 0.739225 -0.140418 -0.658657 0.672675 0.201123 0.712080
0.766575 -6.652466 58.556932 48.323737 -0.605583 0.615498 -0.504413 0.406515 0.784183 0.468831 0.684116 0.078864 -0.725097
0.850495 -7.075181 79.081657 -120.489551 -0.566671 0.694059 -0.444034 0.436594 0.709972 0.552563 0.698763 0.119259 -0.705342
0.488514 -6.303327 -53.561517 145.065309 -0.579770 0.614614 -0.534899 0.410353 0.787415 0.459986 0.703901 0.047189 -0.708728
0.417680 -7.574156 65.383088 -41.939438 -0.602929 0.637895 -0.479131 0.409737 0.762904 0.500093 0.684538 0.105202 -0.721346
0.811665 -7.238532 -6.067800 127.185644 -0.629562 0.541068 -0.557582 0.392592 0.840832 0.372656 0.670465 0.015708 -0.741775
0.810577 -7.562259 51.942456 49.760348 -0.629390 0.582794 -0.514023 0.409900 0.810948 0.417546 0.660190 0.052101 -0.749290
1.987789 -163.479514 78.219634 10712.735679 -0.151472 0.919324 0.363180 0.956899 0.044273 0.287028 0.247793 0.391003 -0.886406
3.564708 -172.560849 83.498437 12596.333614 -0.117474 0.919296 0.375626 0.943116 -0.015185 0.332116 0.311017 0.393274 -0.865219
3.201429 -197.123522 415.256312 11827.410406 -0.133399 0.897844 0.419621 0.943061 -0.015175 0.332272 0.304696 0.440053 -0.844697
1.292543 -121.430151 -103.066043 6502.903382 -0.251951 0.882448 0.397248 0.936102 0.326337 -0.131213 -0.245425 0.338806 -0.908282
-4.333116 -204.506401 51.729204 10667.466907 -0.490449 -0.001344 -0.871469 -0.188245 0.976554 0.104435 0.850896 0.215269 -0.479202
0.379815 -335.624858 202.135989 -27390.746516 -0.502075 0.105357 -0.858383 0.174384 0.984497 0.018838 0.847060 -0.140230 -0.512664
-3.690669 -11.035752 -306.217325 -229.999061 -0.511098 0.836960 -0.195644 -0.588923 -0.175206 0.788969 -0.626058 -0.518459 -0.582453
-5.136660 -11.507268 -363.179510 -123.350589 -0.567574 0.822341 -0.040178 -0.462520 -0.278097 0.841866 -0.681128 -0.496404 -0.538190
0.439331 -7.750284 225.624739 -77.896964 0.357028 -0.800385 -0.481576 0.908838 0.178576 0.376994 -0.215742 -0.572272 0.791176
1.738118 -6.760071 102.071088 -42.922691 0.359759 -0.820607 -0.444047 0.899654 0.178903 0.398268 -0.247380 -0.542769 0.802624
-2.954594 -8.297408 -166.369245 149.962881 0.380102 0.136844 -0.914766 0.895435 0.193381 0.400998 0.231772 -0.971534 -0.049030
-3.137893 -6.820481 56.018460 -81.678175 0.759078 0.261385 -0.596221 -0.592359 -0.102552 -0.799121 0.270022 -0.959771 -0.076989
2.800237 -8.690941 178.343263 32.707219 -0.593382 0.778763 0.203536 0.769249 0.623098 -0.141437 0.236968 -0.072644 0.968798
3.447196 -8.055421 124.441203 94.659361 -0.615355 0.749711 0.243457 0.720093 0.660295 -0.213252 0.320631 -0.044086 0.946178
-3.228525 -19.624267 87.049897 83.706284 0.025963 0.992593 0.118684 -0.065182 -0.116791 0.991015 -0.997536 0.033466 -0.061667
-3.525691 -20.352178 100.206325 104.355273 0.029153 0.987918 0.152212 -0.281318 -0.138012 0.949638 -0.959172 0.070505 -0.273895
-3.374442 -18.915033 19.163611 82.473873 -0.021335 0.993975 0.107514 -0.183284 -0.109605 0.976931 -0.982828 -0.001137 -0.184518
-2.996147 -18.746670 9.622789 27.200021 -0.031945 0.996736 0.074139 0.010955 -0.073823 0.997211 -0.999430 -0.032668 0.008561
-3.397735 -19.050899 -75.657955 41.055607 -0.069992 0.995759 0.059716 -0.083602 -0.065507 0.994344 -0.994038 -0.064604 -0.087833
-3.656924 -19.751005 -77.870473 112.744154 -0.080762 0.994461 0.067270 -0.267937 -0.086667 0.959531 -0.960045 -0.059470 -0.273452
1.076771 -29.665393 -97.219286 -1088.237066 0.132971 0.990375 0.038419 0.805294 -0.085362 -0.586698 0.577771 -0.108952 0.808894
-2.789273 -11.227676 -32.004935 -66.303873 -0.006925 0.996877 0.078665 -0.868054 -0.045046 0.494422 -0.496421 0.064862 -0.865655
-2.158724 -11.817454 22.613628 -20.129779 -0.010448 0.991278 0.131374 -0.837584 -0.080441 0.540354 -0.546209 0.104391 -0.831119
-3.239502 -10.839170 -7.568544 -33.547004 -0.109375 0.984557 0.136694 -0.913020 -0.153878 0.377778 -0.392978 0.083485 -0.915750
-4.136369 -12.454921 -66.980618 166.835235 0.290392 0.121312 -0.949187 0.951677 -0.140188 0.273237 -0.099918 -0.982665 -0.156159
-3.188845 -11.029473 -158.684977 105.087335 0.268486 0.094339 -0.958653 0.963250 -0.018027 0.268000 0.008001 -0.995377 -0.095712
-6.590743 -42.397538 436.898423 749.770367 0.704033 0.093859 -0.703938 -0.668938 -0.245180 -0.701719 0.238454 -0.964924 0.109829
-2.674874 -41.428216 251.797936 874.738131 0.700007 0.112604 -0.705202 -0.688598 -0.155290 -0.708321 0.189270 -0.981430 0.031165
-2.762016 -41.789819 286.227695 301.797291 0.702325 0.141234 -0.697705 -0.562171 -0.491224 -0.665329 0.436697 -0.859507 0.265601
-6.051540 -39.033555 382.915719 -335.396254 0.698942 0.091038 -0.709361 0.713700 -0.025030 0.700005 0.045972 -0.995533 -0.082468
-5.948674 -41.691993 448.420197 299.972946 0.676340 0.075513 -0.732709 -0.580934 -0.556880 -0.593633 0.452858 -0.827153 0.332772
-9.824862 -41.378670 389.319786 515.481837 0.693062 -0.017610 -0.720663 -0.683528 -0.333668 -0.649196 0.229030 -0.942526 0.243290
-11.119143 -39.302667 436.403763 -256.915999 0.704916 -0.006243 -0.709263 0.708525 0.052641 0.703720 0.032943 -0.998594 0.041530
-3.058261 -36.410145 12.405844 -371.166626 -0.299291 0.653920 0.694848 0.416791 0.744676 -0.521289 -0.858318 0.133589 -0.495423
-2.807350 -35.549997 -28.208511 -436.140407 -0.287283 0.645197 0.707947 0.461672 0.740856 -0.487843 -0.839242 0.186690 -0.510705
-2.538324 -35.585240 21.068940 0.940225 -0.259169 0.648013 0.716178 0.333236 0.755975 -0.563432 -0.906524 0.092632 -0.411866
4.072581 -262.496195 1298.274000 21794.385729 0.209252 0.863331 0.459209 -0.463200 -0.326068 0.824091 -0.861196 0.385148 -0.331665
-5.657756 -119.883807 -52.653344 -10185.800312 -0.138364 0.750363 0.646383 0.923236 0.333946 -0.190039 -0.358455 0.570470 -0.738968
-6.636081 -168.483355 165.262393 -11441.450813 -0.166770 0.816067 0.553374 0.940670 -0.036525 0.337352 0.295514 0.576802 -0.761558
3.892676 -8.651727 273.766508 -156.480502 0.270933 -0.895061 -0.354204 0.946380 0.180417 0.267984 -0.175957 -0.407818 0.895949
4.134191 -10.052934 58.923871 -103.946243 0.196463 -0.934011 -0.298372 0.975631 0.155893 0.154405 -0.097702 -0.321436 0.941877
2.664926 -9.671139 296.470566 -58.386830 0.250620 -0.896378 -0.365644 0.966399 0.209369 0.149122 -0.057115 -0.390731 0.918731
2.376999 -7.389060 258.674719 -166.934491 0.351929 -0.866772 -0.353344 0.908782 0.225991 0.350774 -0.224189 -0.444561 0.867240
5.017478 -6.800074 219.304187 -195.311799 0.284134 -0.900437 -0.329365 0.917027 0.154944 0.367497 -0.279875 -0.406455 0.869750
-6.541003 -9.836939 47.772891 -82.802706 0.585233 0.593064 -0.552971 0.768150 -0.623908 0.143823 -0.259707 -0.508935 -0.820693
-6.146815 -10.459559 54.415074 -56.230979 0.637010 0.533585 -0.556332 0.743931 -0.614614 0.262330 -0.201954 -0.580979 -0.788466
-15.333992 -36.431960 164.875754 -2991.504037 0.281964 -0.307222 -0.908907 0.959416 0.086292 0.268465 -0.004047 -0.947717 0.319085
-11.700140 -23.901007 410.446477 1081.361766 -0.216366 -0.260449 -0.940932 0.976292 -0.051476 -0.210248 0.006324 -0.964114 0.265412
-15.190735 -55.678178 631.458304 -4508.366727 0.666010 -0.170758 -0.726135 0.744988 0.201515 0.635913 0.037740 -0.964486 0.261423
0.036596 -41.280499 -173.470360 471.042356 0.437802 0.228444 -0.869565 -0.173398 0.970477 0.167654 0.882192 0.077382 0.464489
1.204348 -38.711037 -81.264172 -411.406924 0.445766 0.133741 -0.885102 0.231000 0.938099 0.258088 0.864830 -0.319505 0.387278
-0.798833 -32.124383 -120.339139 465.251432 0.427028 0.155594 -0.890751 -0.027536 0.986865 0.159182 0.903819 -0.043447 0.425704
-1.180713 -35.396284 -62.034326 33.462964 0.391306 0.293437 -0.872224 -0.342877 0.926045 0.157719 0.853999 0.237349 0.462980
0.505038 -43.850937 -108.223926 21.458966 0.388042 0.369043 -0.844530 -0.510482 0.848995 0.136439 0.767353 0.378174 0.517836
-10.568200 -18.724169 235.282177 437.473775 0.881207 -0.433024 -0.189646 0.362545 0.876496 -0.316727 0.303374 0.210347 0.929364
-5.984588 -18.927603 635.129524 259.915387 0.798303 -0.514987 -0.312251 0.425167 0.849113 -0.313433 0.426550 0.117456 0.896805
-5.703046 -19.240631 468.831965 849.798082 0.778790 -0.559869 -0.282902 0.362274 0.769612 -0.525790 0.512098 0.306992 0.802192
1.147070 -14.682400 649.670563 -642.094189 -0.518257 0.855157 -0.010749 0.812233 0.488231 -0.319230 0.267744 0.174174 0.947616
0.653951 -8.858861 467.819772 -901.073118 -0.323741 0.945328 -0.039321 0.937327 0.314786 -0.149428 0.128881 0.085233 0.987990
-2.245318 -17.802755 298.420283 -7.322559 -0.513227 0.857751 0.029362 0.729459 0.453980 -0.511656 0.452203 0.241177 0.858688
-10.739104 -17.109703 -105.517920 -38.424215 0.214125 -0.630245 0.746285 0.617178 0.679475 0.396742 -0.757127 0.375639 0.534466
0.703087 -9.510468 -258.121340 80.356761 -0.125118 0.957407 0.260225 0.336170 0.287681 -0.896788 0.933453 0.024724 0.357845
1.032422 -10.210342 -237.545807 100.865630 -0.112292 0.971068 0.210756 0.435018 0.238734 -0.868197 0.893392 0.005809 0.449240
2.851531 -9.916374 -47.175891 97.708261 -0.156944 0.972573 0.171672 0.473245 0.226630 -0.851280 0.866838 0.052360 0.495833
10.488695 -10.913630 544.726014 -457.364456 -0.445315 0.151493 0.882465 0.657414 0.724430 0.207385 -0.607867 0.672496 -0.422193
6.941980 -6.323522 330.342219 -246.812065 -0.461012 0.104229 0.881252 0.588451 0.779237 0.215675 -0.664224 0.618002 -0.420571
0.345230 -13.652975 -82.549420 -179.398160 -0.451416 0.805502 -0.383914 -0.500174 -0.584718 -0.638695 0.738951 0.096293 -0.666842
0.003398 -11.611585 -44.929571 -235.832496 -0.418642 0.847272 -0.326909 -0.424048 -0.500694 -0.754645 0.803071 0.177301 -0.568895
4.082068 -25.624551 286.435481 -221.571562 -0.314721 0.625399 0.714021 0.856012 -0.138015 0.498191 0.410114 0.768002 -0.491914
1.607902 -25.427825 226.597975 -41.719394 -0.298520 0.621653 0.724177 0.772472 -0.288244 0.565864 0.560511 0.728329 -0.394164
-0.497211 -24.614131 198.322525 -150.671329 -0.305983 0.609835 0.731079 -0.658910 0.418622 -0.624974 0.687177 0.672947 -0.273735
-0.635434 -24.470170 190.876932 -108.633165 -0.281165 0.606506 0.743704 0.825419 -0.242469 0.509797 0.489521 0.757205 -0.432448
1.783430 -8.892078 24.611786 17.226941 0.700712 -0.691979 0.173690 0.577262 0.692965 0.431935 -0.419251 -0.202397 0.885022
1.752691 -8.743708 21.696489 -30.347439 -0.687580 0.705315 -0.172524 0.616156 0.692463 0.375295 -0.384168 -0.151744 0.910708
1.824162 -8.802292 -2.690432 81.231005 0.708967 -0.688528 0.152630 0.583446 0.694204 0.421511 -0.396178 -0.209786 0.893886
25.982259 -5.439350 -835.446516 -107.285775 0.986031 -0.147396 -0.077572 -0.145944 -0.540114 -0.828841 -0.080271 -0.828584 0.554080
24.725419 -5.444829 -302.779721 106.989798 0.987174 0.023325 -0.157935 -0.122073 -0.527261 -0.840889 0.102887 -0.849383 0.517651
23.966045 -5.926977 -838.106431 334.904055 0.995458 -0.074552 -0.059204 -0.089733 -0.527066 -0.845074 -0.031798 -0.846548 0.531362
4.021742 -15.171397 325.446457 -152.050525 0.496378 -0.589448 -0.637307 0.092874 0.765979 -0.636121 0.863124 0.256567 0.434960
0.807815 -15.427167 104.912088 -230.205678 0.514498 -0.593922 -0.618504 0.164136 0.776169 -0.608786 0.841636 0.211701 0.496822
