16559
33089
-6.770075 -8.443507 84.286069 140.033883 -0.233170 0.963110 -0.134351 -0.526856 -0.241242 -0.815000 0.817346 0.119250 -0.563671
-7.958024 -10.168573 79.909914 121.449276 -0.122011 0.986060 0.113137 -0.476090 0.041875 -0.878399 0.870891 0.161038 -0.464344
-7.038878 -12.694008 -52.015448 376.309086 0.235388 0.839468 0.489781 -0.504628 0.536253 -0.676597 0.830628 0.087894 -0.549847
-5.930293 -8.525128 18.676239 73.597291 -0.422691 0.839050 -0.342530 -0.371592 -0.505180 -0.778918 0.826590 0.201960 -0.525320
-6.297240 -7.560420 -103.906206 184.641698 0.153223 0.947728 0.279882 -0.624771 0.312343 -0.715614 0.765627 0.065213 -0.639971
-5.076333 -7.434816 23.645807 90.810278 -0.511078 0.709108 -0.485762 -0.362553 -0.690257 -0.626179 0.779329 0.143911 -0.609865
3.612540 -13.045481 -62.663944 37.266454 0.482544 0.873683 0.061884 -0.853293 0.452990 0.258247 -0.197593 0.177420 -0.964095
4.690596 -12.625807 8.354521 31.360286 0.562179 0.814212 0.144962 0.801453 -0.493124 -0.338382 -0.204030 0.306412 -0.929776
5.739579 -12.766222 -0.445654 -25.697775 0.446876 0.882589 0.146081 -0.811201 0.330933 0.482116 -0.377167 0.333947 -0.863843
4.589668 -11.056828 -38.343009 72.969503 0.386096 0.921379 0.044612 -0.855091 0.339339 0.392006 -0.346047 0.189499 -0.918880
6.017510 -10.396677 10.999723 -11.667511 0.332397 0.937798 0.100238 -0.833444 0.242326 0.496638 -0.441456 0.248624 -0.862150
8.286675 -14.058219 -38.781860 -38.874353 0.412350 0.893869 0.175972 -0.701528 0.188313 0.687312 -0.581228 0.406863 -0.704725
7.360831 -11.901652 -29.619466 -116.539392 0.296395 0.948313 0.113368 -0.789650 0.176559 0.587605 -0.537218 0.263684 -0.801167
7.299533 -14.191931 31.548238 -16.916523 0.539821 0.813404 0.216718 0.730249 -0.324447 -0.601224 -0.418725 0.482812 -0.769131
-8.234957 -9.472533 -56.249854 3.705999 0.592929 0.776161 0.214498 -0.321379 -0.016149 0.946813 -0.738344 0.630327 -0.239867
-7.817437 -9.577179 -51.481286 7.289446 0.482968 0.804310 0.346161 -0.532641 -0.043923 0.845201 -0.695008 0.592584 -0.407195
-7.215878 -9.265830 -43.869513 7.580013 0.445871 0.866217 0.225539 -0.347046 -0.064968 0.935595 -0.825081 0.495427 -0.271649
-8.711671 -9.669679 -56.328885 -0.862675 0.626088 0.689261 0.364600 -0.519983 0.020620 0.853928 -0.581061 0.724219 -0.371314
-7.973924 -9.438142 -46.949979 -5.265159 0.576794 0.815209 0.052374 -0.100068 0.006881 0.994957 -0.810737 0.579126 -0.085545
-8.649709 -9.640810 -39.842334 -8.889089 0.712916 0.693536 -0.103724 0.051362 0.095873 0.994068 -0.699366 0.714014 -0.032728
-8.877382 -9.659624 -43.604003 -9.434058 0.768420 0.636357 0.067683 -0.172049 0.103561 0.979630 -0.616385 0.764411 -0.189063
2.886354 -6.299329 -67.912240 197.849396 0.487615 0.544562 0.682410 0.798401 -0.594397 -0.096168 0.353253 0.591730 -0.724616
1.810385 -9.785644 -37.081963 274.301721 0.534306 0.513346 0.671560 0.801960 -0.558955 -0.210784 0.267167 0.651187 -0.710336
2.242318 -6.178424 -45.869882 186.348003 0.521623 0.552060 0.650491 0.784231 -0.610506 -0.110741 0.335993 0.567901 -0.751397
0.316415 -2.144687 113.669513 9.336575 0.666340 0.154732 0.729417 0.159138 0.926183 -0.341849 -0.728469 0.343865 0.592528
0.523707 -2.243016 131.878232 9.280170 0.647128 0.032399 0.761693 0.219935 0.948686 -0.227207 -0.729969 0.314555 0.606795
2.641277 -1.848670 141.084059 2.826216 0.624548 0.022482 0.780663 0.240989 0.945260 -0.220019 -0.742876 0.325543 0.584942
-1.646952 -2.682729 121.724809 -16.518858 0.683810 0.335348 0.648032 0.012100 0.882795 -0.469602 -0.729560 0.328960 0.599607
2.441088 -1.727669 129.370233 5.307892 0.632405 0.075649 0.770935 0.225482 0.934149 -0.276629 -0.741095 0.348774 0.573703
-1.414444 -2.778487 81.739649 -48.327816 0.667396 0.589371 0.455220 -0.173253 0.717386 -0.674790 -0.724270 0.371484 0.580890
0.456009 -2.070820 99.439528 6.106066 0.675106 0.240116 0.697550 0.115400 0.899535 -0.421332 -0.728639 0.364941 0.579572
-1.967433 -4.067412 26.327128 70.782189 0.248685 0.949025 -0.193669 0.305317 0.112950 0.945528 -0.919205 0.294269 0.261664
-1.991455 -2.757573 23.747291 65.220068 0.308582 0.950968 -0.020916 0.323064 -0.084100 0.942633 -0.894654 0.297636 0.333176
-1.500757 -3.773444 29.109312 69.486181 0.283257 0.940636 -0.187001 0.308729 0.095174 0.946377 -0.907994 0.325800 0.263443
-1.709597 -5.070222 21.074557 55.677690 0.248025 0.937654 -0.243492 0.234411 0.185788 0.954219 -0.939965 0.293748 0.173717
-2.082577 -5.334381 33.526352 49.537359 0.221867 0.949943 -0.219962 0.210530 0.173595 0.962051 -0.952078 0.259756 0.161476
0.338617 -5.650854 2.180780 -23.443648 -0.100104 0.988975 -0.109120 -0.975791 -0.076148 0.205022 -0.194453 -0.127002 -0.972656
0.252539 -5.932248 -22.026396 -14.241359 -0.140493 0.983760 -0.111701 -0.939098 -0.096670 0.329772 -0.313618 -0.151229 -0.937429
0.461749 -5.540925 11.219473 -27.403999 -0.101731 0.988664 -0.110424 -0.973575 -0.076130 0.215306 -0.204459 -0.129409 -0.970283
0.341429 -11.159054 9.098075 -181.273800 -0.062944 0.997870 -0.017153 0.714271 0.057046 0.697540 -0.697033 -0.031654 0.716340
0.002783 -13.228869 21.542964 -118.563675 -0.040918 0.998977 -0.019271 0.823395 0.044639 0.565710 -0.565991 -0.007280 0.824379
0.610977 -11.792763 11.089603 -98.674425 -0.082423 0.996220 -0.027424 0.768523 0.081056 0.634668 -0.634491 -0.031236 0.772298
0.762632 -10.082059 5.553300 -142.022103 -0.088877 0.995752 -0.024076 0.654640 0.076615 0.752048 -0.750698 -0.051079 0.658668
0.851270 -10.766853 9.756454 -120.121654 -0.102784 0.994396 -0.024740 0.697415 0.089777 0.711022 -0.709258 -0.055828 0.702735
0.791814 -12.048006 11.029684 -49.647735 -0.095566 0.995212 -0.020500 0.813075 0.089924 0.575171 -0.574261 -0.038299 0.817776
0.755977 -22.390346 -23.012050 -364.762009 -0.067355 0.969451 -0.235856 0.997655 0.068325 -0.004068 0.012171 -0.235577 -0.971780
0.446567 -19.779538 -25.277863 -173.012322 -0.085694 0.966798 -0.240744 0.974476 0.031010 -0.222338 -0.207490 -0.253653 -0.944779
0.245543 -21.651369 -10.202885 -303.921037 -0.043267 0.971873 -0.231495 0.998725 0.048110 0.015316 0.026022 -0.230537 -0.972715
1.543060 -4.406699 9.857540 1.358332 0.672730 0.382231 0.633509 -0.346000 -0.594311 0.726002 -0.654002 0.707597 0.267559
1.991065 -4.280377 9.497471 24.146067 0.717530 0.468777 0.515169 -0.276262 -0.487424 0.828310 -0.639399 0.736658 0.220236
1.465588 -5.008830 27.143167 39.637103 0.718696 0.436150 0.541525 -0.299642 -0.508512 0.807236 -0.627448 0.742421 0.234776
1.417635 -3.394345 -36.569549 55.719650 0.691628 0.461139 0.555879 -0.279800 -0.538476 0.794831 -0.665855 0.705262 0.243399
0.873204 -5.283045 67.549214 -10.536402 0.716922 0.378724 0.585313 -0.335456 -0.548589 0.765846 -0.611140 0.745398 0.266250
1.393366 -4.870761 63.092263 -22.432565 0.649691 0.275323 0.708590 -0.395307 -0.673817 0.624261 -0.649334 0.685688 0.328935
1.539864 -3.853989 2.701620 12.698099 0.601974 0.261731 0.754403 0.423831 0.695967 -0.579653 -0.676753 0.668675 0.308024
1.412515 -3.409465 -34.062606 2.358560 0.630401 0.331109 0.702112 -0.386942 -0.650063 0.653983 -0.672957 0.683948 0.281680
7.136472 -5.880152 -366.348539 -76.310199 0.446196 0.886416 0.123188 -0.700580 0.431621 -0.568235 0.556863 -0.167241 -0.813593
4.777854 -7.509538 -221.709932 -143.859050 0.514932 0.844834 0.145263 -0.702577 0.513019 -0.493150 0.491152 -0.151880 -0.857731
3.879698 -7.281032 -242.615229 8.854223 0.443073 0.894458 0.060255 -0.717517 0.394113 -0.574321 0.537453 -0.211232 -0.816410
1.166713 -17.437093 -21.279354 44.789944 0.015923 0.978109 0.207482 0.654711 -0.167036 0.737192 -0.755711 -0.124103 0.643039
0.612982 -17.659581 -32.536204 -48.899642 -0.004973 0.976318 0.216283 0.633372 -0.164295 0.756205 -0.773831 -0.140749 0.617556
0.859031 -17.777451 -14.351968 91.920367 0.000960 0.982820 0.184566 0.536917 -0.156213 0.829046 -0.843635 -0.098300 0.527842
1.160237 -17.933728 -37.599967 -173.866399 0.008604 0.976412 0.215743 0.741208 -0.151049 0.654060 -0.671220 -0.154283 0.725025
1.217852 -18.160811 -0.254555 150.988122 0.017886 0.985553 0.168417 0.647279 -0.139796 0.749324 -0.762043 -0.095610 0.640428
1.556360 -17.589379 -20.037616 -12.544352 0.027395 0.981117 0.191466 0.749782 -0.146844 0.645185 -0.661118 -0.125883 0.739646
-1.168816 -12.991767 -22.104069 43.249743 -0.112408 0.991879 -0.059501 0.096640 0.070509 0.992819 -0.988952 -0.105850 0.103781
-1.814696 -12.373860 -16.460142 33.723023 -0.068767 0.994423 -0.079959 0.247602 0.094654 0.964227 -0.966418 -0.046509 0.252730
-1.781047 -12.930310 -20.315234 51.065890 -0.075040 0.993828 -0.081705 0.076417 0.087427 0.993236 -0.994248 -0.068289 0.082506
-0.154490 -16.574081 -30.084691 -42.928796 -0.031715 0.993192 0.112087 0.955928 -0.002607 0.293588 -0.291882 -0.116458 0.949338
-1.046996 -15.933948 -39.117522 -48.564834 -0.035546 0.993515 0.108002 0.954387 0.001690 0.298566 -0.296448 -0.113689 0.948258
-0.181079 -16.090834 -29.272324 -62.911930 -0.054155 0.993454 0.100577 0.887580 0.001748 0.460650 -0.457459 -0.114217 0.881865
-1.007993 -16.569233 39.628062 -57.497073 0.010042 -0.993460 -0.113740 0.993581 -0.002904 0.113087 -0.112678 -0.114146 0.987053
0.484708 -17.073127 -15.885703 -32.647343 -0.040477 0.995666 0.083735 0.898635 -0.000362 0.438698 -0.436827 -0.093004 0.894725
-0.116549 -17.059872 28.055875 -56.371553 0.009552 -0.993153 -0.116427 0.993167 -0.004120 0.116627 -0.116308 -0.116746 0.986328
0.494804 -17.376385 -15.554808 -19.962673 -0.018454 0.995370 0.094326 0.960536 -0.008539 0.278025 -0.277543 -0.095734 0.955931
-0.887922 -19.086242 -33.632893 -43.950348 -0.142169 0.916841 0.373082 0.106138 -0.360617 0.926655 -0.984136 -0.171340 0.046043
-0.611198 -18.340208 -65.956335 -127.300908 -0.183105 0.908577 0.375447 0.039915 -0.374718 0.926279 -0.982283 -0.184593 -0.032347
-0.442967 -18.469384 -47.536310 116.649101 -0.173975 0.918890 0.354083 0.274131 -0.300162 0.913649 -0.945825 -0.256017 0.199676
-0.767233 -16.537340 -33.884765 -333.534513 -0.139381 0.914241 0.380443 -0.146883 -0.399031 0.905097 -0.979285 -0.070273 -0.189904
-1.441133 -17.851732 -25.554218 -369.105139 -0.120441 0.917051 0.380146 -0.108505 -0.392800 0.913200 -0.986773 -0.068740 -0.146814
0.594502 -21.415377 -21.466890 -40.134077 -0.029588 0.998409 0.048009 0.263868 -0.038524 0.963789 -0.964105 -0.041184 0.262308
0.951067 -21.473471 -17.288840 -20.775848 -0.018750 0.997983 0.060653 0.443406 -0.046072 0.895136 -0.896125 -0.043678 0.441648
0.456173 -20.888615 -4.399959 35.059963 -0.020276 0.997045 0.074092 0.302279 -0.064525 0.951033 -0.953004 -0.041680 0.300078
0.162975 -20.610432 -4.346435 -22.497678 -0.024894 0.998015 0.057843 0.115053 -0.054616 0.991857 -0.993047 -0.031346 0.113465
0.404542 -19.870926 0.968041 99.637399 -0.012693 0.994323 0.105645 0.330349 -0.095551 0.939010 -0.943774 -0.046819 0.327261
0.170526 -19.958524 1.726514 23.668020 -0.019495 0.996455 0.081838 0.145796 -0.078145 0.986223 -0.989123 -0.031158 0.143756
7.191045 -38.975459 314.483144 638.943861 0.215694 -0.876381 -0.430618 0.950931 0.288708 -0.111254 0.221824 -0.385491 0.895651
4.123534 -30.423803 -276.112041 408.568745 -0.215083 0.857978 0.466490 0.887181 0.371329 -0.273905 0.408226 -0.354949 0.841049
3.357073 -33.859887 267.835850 606.428624 0.213578 -0.851710 -0.478514 0.956668 0.281575 -0.074182 0.197919 -0.441935 0.874941
4.064287 -43.310070 250.977991 541.174919 0.223903 -0.850604 -0.475752 0.972675 0.164272 0.164065 -0.061402 -0.499487 0.864143
7.441973 -44.936723 331.816456 496.522984 0.236441 -0.877530 -0.417178 0.957987 0.138800 0.250989 -0.162346 -0.458995 0.873480
-1.502932 -12.195930 25.833447 -326.073572 0.251788 0.909091 -0.331897 0.729762 -0.403598 -0.551866 0.635650 0.103253 0.765041
-0.906139 -13.124473 45.047588 -392.574873 0.244634 0.906080 -0.345214 0.770538 -0.397787 -0.498033 0.588579 0.144164 0.795482
-0.530889 -8.091643 28.415786 -185.363158 0.406605 0.795608 -0.449087 0.739699 -0.575190 -0.349288 0.536207 0.190167 0.822386
-3.052773 -5.494546 27.177517 -120.827294 0.060472 0.988642 -0.137589 -0.005610 0.138175 0.990392 -0.998154 0.059119 -0.013902
-2.821268 -5.082730 43.123074 -142.418745 0.109232 0.965860 -0.234912 -0.011075 0.237494 0.971326 -0.993955 0.103498 -0.036638
-2.348586 -3.891356 112.975100 -72.368812 0.127838 0.822145 -0.554739 -0.035755 0.562785 0.825830 -0.991150 0.085738 -0.101340
-3.052460 -4.923291 36.864121 -101.316191 0.036328 0.984004 -0.174405 -0.053115 0.176175 0.982925 -0.997927 0.026444 -0.058666
-3.443982 -11.887768 -67.669950 -867.775727 0.903405 -0.298670 -0.307662 0.290726 0.954056 -0.072496 0.315179 -0.023952 0.948730
-4.882780 -9.812601 -56.644943 -765.515365 0.911215 -0.119558 -0.394200 0.133342 0.991040 0.007652 0.389753 -0.059536 0.918993
-3.703011 -15.580148 -68.318015 -1004.285901 0.911680 -0.223811 -0.344599 0.199132 0.974232 -0.105919 0.359425 0.027944 0.932756
0.203840 -34.601567 7.436311 160.781901 -0.016018 0.998592 -0.050566 0.805673 0.042840 0.590809 -0.592144 0.031276 0.805225
0.489572 -26.953627 3.876117 25.656811 0.014532 0.999876 -0.006097 0.888098 -0.010105 0.459544 -0.459425 0.012093 0.888134
0.469973 -27.842132 2.570398 -15.779209 -0.035808 0.998511 -0.041150 0.769190 0.053825 0.636750 -0.638017 0.008851 0.769972
-146.490862 -365.769863 -39893.680396 31014.635118 0.722563 -0.032288 -0.690551 0.084312 0.995568 0.041671 0.686145 -0.088332 0.722082
-518.207439 -1028.508874 -99412.199122 -210015.622878 0.718432 -0.571529 -0.396497 0.229448 0.732819 -0.640571 0.656665 0.369231 0.657616
-312.197412 -633.755483 -91597.391919 43883.076315 0.859995 0.149612 -0.487877 0.343884 -0.876281 0.337455 0.377030 0.457983 0.805047
-209.644448 -488.042521 -29217.725029 -20042.354554 0.795646 -0.529878 -0.293560 0.039742 -0.437909 0.898141 0.604457 0.726268 0.327362
3.374934 -435.545334 -562.164053 -27425.959475 0.826331 0.054866 -0.560505 -0.432337 0.699601 -0.568896 -0.360917 -0.712424 -0.601823
-3.083521 -70.689150 -14.615532 -3599.307834 0.875328 0.040669 -0.481816 -0.478956 0.209653 -0.852436 -0.066346 -0.976930 -0.202993
-2.841648 -73.169019 -35.900025 -3756.966445 0.889757 -0.039198 -0.454748 -0.437468 0.210978 -0.874134 -0.130207 -0.976704 -0.170572
-8.845973 -231.337947 -97.814642 -11509.791375 0.915020 0.055237 -0.399609 -0.328821 0.675979 -0.659491 -0.233699 -0.734847 -0.636698
-6.183320 -179.980194 -85.512159 864.639142 -0.910997 0.099915 0.400127 0.010088 0.975317 -0.220577 -0.412289 -0.196909 -0.889519
0.644561 -12.985046 -78.486076 618.254361 0.962600 -0.125417 -0.240151 -0.264586 -0.244506 -0.932851 -0.058277 -0.961503 0.268545
-1.199770 -14.330829 -74.614559 686.883058 0.967298 -0.106380 -0.230254 -0.247277 -0.193445 -0.949438 -0.056460 -0.975327 0.213425
0.163826 -22.131984 -80.369718 951.608668 0.938345 -0.158716 -0.307113 -0.344933 -0.370650 -0.862346 -0.023037 -0.915111 0.402544
-0.393188 -6.420798 -78.141900 320.744013 0.996886 -0.072053 -0.032044 -0.041728 -0.137198 -0.989664 -0.066912 -0.987920 0.139777
1.953156 -19.852109 -88.841369 854.806616 0.938639 -0.160197 -0.305440 -0.344664 -0.402871 -0.847881 -0.012775 -0.901128 0.433365
0.849482 -6.560437 -80.871946 356.576370 0.983365 -0.100044 -0.151609 -0.166682 -0.165291 -0.972058 -0.072189 -0.981158 0.179217
2.259053 -12.095513 -82.038720 538.616763 0.953111 -0.119131 -0.278186 -0.301305 -0.287907 -0.909024 -0.028202 -0.950220 0.310302
10.919667 -5.677066 -863.301313 -153.357590 -0.026188 0.867010 0.497602 0.652150 0.392078 -0.648827 0.757638 -0.307520 0.575688
1.810479 -5.845643 -673.742081 702.747885 0.229855 0.915629 0.329833 0.604095 0.131485 -0.785991 0.763044 -0.379915 0.522904
7.268766 -0.108990 -509.344443 668.068164 -0.148604 0.879270 0.452550 0.521343 0.458527 -0.719691 0.840309 -0.128985 0.526540
11.275947 3.013995 -300.259020 451.490794 -0.429290 0.771198 0.470068 0.434322 0.632611 -0.641224 0.791881 0.071110 0.606522
6.399367 0.000257 -9.557741 346.996324 -0.458330 0.804965 0.376782 0.503090 0.584447 -0.636650 0.732690 0.102240 0.672839
-3.447252 -7.151657 -148.803573 25.082215 0.309658 0.707956 0.634752 -0.049633 0.678689 -0.732747 0.949552 -0.195397 -0.245299
-4.419753 -6.954026 11.640052 41.482261 -0.275614 -0.485961 -0.829385 -0.072825 0.870878 -0.486073 0.958506 -0.073569 -0.275416
-4.626441 -7.956067 62.113520 89.377335 -0.247208 -0.546010 -0.800475 -0.041134 0.831285 -0.554323 0.968089 -0.104107 -0.227960
-4.579538 -8.173910 99.367150 25.201075 -0.249721 -0.609181 -0.752687 0.037310 0.770683 -0.636125 0.967599 -0.186937 -0.169727
-2.593286 -7.477631 -224.572899 -5.778572 0.323534 0.775511 0.542134 0.030670 0.564053 -0.825169 0.945719 -0.283597 -0.158705
-0.380922 -6.812100 -254.034404 14.393297 0.333748 0.859421 0.387308 -0.051046 0.426740 -0.902933 0.941279 -0.281581 -0.186294
0.075818 -16.152126 -31.538138 -347.121358 0.124514 -0.421031 0.898460 0.987756 0.138374 -0.072045 -0.093991 0.896429 0.433105
-0.821402 -12.661818 -21.306450 -329.121141 0.090025 -0.423998 0.901178 0.952173 0.301932 0.046938 -0.291996 0.853852 0.430901
-1.034531 -15.475552 -36.321926 -375.074073 0.154419 -0.425006 0.891922 0.981611 0.168541 -0.089635 -0.112230 0.889361 0.443217
0.097837 -6.730259 -31.852186 -31.772725 0.070422 0.970061 -0.232429 -0.949753 -0.006034 -0.312943 0.304977 -0.242788 -0.920893
-0.143147 -6.543799 -18.127749 -37.148638 0.079393 0.975093 -0.207098 -0.922258 -0.007000 -0.386511 0.378334 -0.221684 -0.898732
0.347222 -6.328028 -22.306385 -4.529839 0.040434 0.974424 -0.221049 -0.898727 -0.061209 -0.434215 0.436640 -0.216220 -0.873267
0.532722 -6.568850 -25.442774 -25.343930 0.037675 0.974607 -0.220732 -0.957390 -0.028088 -0.287428 0.286330 -0.222155 -0.932021
0.626310 -6.408074 -8.962500 11.144228 0.031742 0.980691 -0.192972 -0.920833 -0.046383 -0.387190 0.388664 -0.189985 -0.901580
0.243728 -6.896890 2.585609 39.471996 0.068699 0.985129 -0.157487 -0.842022 -0.027407 -0.538747 0.535051 -0.169619 -0.827617
-0.004389 -6.787899 -8.674579 35.706846 0.068389 0.980133 -0.186180 -0.817249 -0.051997 -0.573934 0.572212 -0.191406 -0.797456
1.088122 -14.338653 -5.781559 -135.381301 -0.289271 -0.956527 0.037123 0.956579 -0.287403 0.048536 -0.035757 0.049551 0.998131
1.028751 -14.813065 -2.502214 -56.560569 -0.323674 -0.944509 0.056010 0.945807 -0.324620 -0.008460 0.026173 0.050236 0.998394
0.811744 -14.362665 5.433183 178.013834 0.301871 0.952340 -0.043843 0.918070 -0.302787 -0.255867 0.256948 -0.036988 0.965717
0.937959 -13.934182 15.404501 100.346839 0.266952 0.963230 -0.030401 0.942219 -0.267494 -0.201671 0.202387 -0.025192 0.978981
1.413927 -13.210355 11.189870 -145.532779 0.233789 0.972140 -0.016914 0.968809 -0.231447 0.088551 -0.082169 0.037089 0.995928
-0.923031 -20.284972 -3.545145 -261.244589 0.299519 0.953906 0.018729 0.454651 -0.125444 -0.881791 0.838797 -0.272628 0.471268
-0.929897 -17.239553 -11.107700 -212.118985 0.301585 0.951109 0.066627 0.677650 -0.164668 -0.716711 0.670699 -0.261299 0.694180
-0.790993 -20.660298 -5.777447 -265.585788 0.317927 0.947155 0.042659 0.453571 -0.112429 -0.884100 0.832584 -0.300428 0.465346
-0.114726 -11.912671 -13.215714 109.277434 0.220354 0.973646 -0.058805 -0.834649 0.157011 -0.527928 0.504782 -0.165413 -0.847251
-0.153846 -11.734501 -8.382772 103.040677 0.236205 0.971046 -0.035737 -0.816169 0.178304 -0.549614 0.527328 -0.158989 -0.834654
0.161026 -13.132823 -15.371665 62.575872 0.245704 0.968204 -0.047014 -0.685396 0.139229 -0.714737 0.685465 -0.207837 -0.697812
0.165095 -13.249297 -25.410586 94.612324 0.223889 0.970779 -0.086378 -0.746625 0.113874 -0.655426 0.626438 -0.211235 -0.750303
36.127928 -5.690678 13871.285358 134.042795 0.484694 0.872626 0.059958 -0.839960 0.445235 0.310215 -0.244006 0.200722 -0.948774
213.669858 -51.734249 57199.904943 -3816.149800 0.633768 0.772127 -0.046461 -0.736527 0.620719 0.268767 -0.236361 0.136116 -0.962084
2368.494931 -9.152550 621083.579654 -299.723855 0.263739 0.960413 0.089712 -0.940395 0.235306 0.245536 -0.214706 0.149122 -0.965227
0.264402 -9.335996 -13.695833 -42.471118 0.017427 0.988408 -0.150816 -0.779624 0.107874 0.616887 -0.626006 -0.106829 -0.772466
0.017976 -8.950081 -13.221919 -40.192759 0.034040 0.984942 -0.169500 -0.797527 0.128982 0.589334 -0.602323 -0.115119 -0.789908
0.428864 -8.776862 -15.782379 -34.303908 0.033575 0.986026 -0.163172 -0.865397 0.110354 0.488785 -0.499962 -0.124797 -0.857009
0.723369 -9.070343 -12.783059 -42.192090 0.017489 0.991206 -0.131170 -0.850099 0.083802 0.519912 -0.526332 -0.102415 -0.844089
0.605724 -8.349581 -17.420297 -17.938744 0.044734 0.984388 -0.170235 -0.925968 0.104813 0.362763 -0.374942 -0.141404 -0.916200
0.920345 -8.592385 -12.623096 -35.532975 0.030715 0.990076 -0.137139 -0.916905 0.082532 0.390480 -0.397923 -0.113750 -0.910340
-0.268687 -6.482700 -22.347506 82.766745 -0.065690 0.995855 0.062906 0.165798 0.073059 -0.983450 0.983969 0.054173 0.169910
-0.517312 -6.040085 -15.622254 95.642076 -0.071728 0.997412 0.004858 0.143255 0.015122 -0.989570 0.987083 0.070284 0.143969
-0.654663 -7.757390 -24.951782 69.863018 -0.063690 0.995791 0.065913 0.312517 0.082626 -0.946312 0.947775 0.039672 0.316464
-0.298780 -7.862097 -23.369901 47.216697 -0.056177 0.993885 0.095058 0.349312 0.108756 -0.930673 0.935321 0.019078 0.353286
-0.602544 -8.524188 -24.347466 20.720666 -0.046537 0.996212 0.073460 0.509888 0.086927 -0.855837 0.858981 0.002372 0.512002
-1.117562 -8.719152 -19.763613 38.413783 -0.058856 0.997512 0.038796 0.476948 0.062239 -0.876725 0.876959 0.033097 0.479425
-1.614675 -16.372434 12.638084 81.586784 -0.147945 0.976836 -0.154609 0.883778 0.200747 0.422655 -0.443902 0.074111 0.893005
-1.737487 -17.412613 -4.611627 102.129500 -0.156623 0.980907 -0.115284 0.905983 0.189167 0.378696 -0.393274 0.045132 0.918313
-1.564863 -16.466475 10.864514 -31.317894 -0.097700 0.985339 -0.139863 0.957279 0.131475 0.257547 -0.272159 0.108726 0.956090
-1.721414 -17.430785 8.181241 35.731303 -0.186005 0.972938 -0.137091 0.801023 0.230958 0.552286 -0.569002 0.007085 0.822306
-1.476929 -15.365137 16.036639 -46.621963 -0.090986 0.980622 -0.173502 0.943589 0.140592 0.299790 -0.318373 0.136438 0.938096
-1.380144 -15.452979 20.112677 121.988223 -0.152448 0.969772 -0.190532 0.863621 0.224452 0.451421 -0.480541 0.095729 0.871732
-1.485676 -16.758841 22.645483 26.504360 -0.179788 0.968381 -0.172955 0.768004 0.248044 0.590461 -0.614692 0.026672 0.788316
3.540027 -11.209707 -104.838305 412.987822 -0.197257 0.975648 -0.095920 0.877347 0.219342 0.426793 -0.437438 -0.000033 0.899248
2.711646 -13.213665 -127.780872 470.018081 -0.181861 0.981278 -0.063411 0.886162 0.191500 0.421954 -0.426197 -0.020544 0.904397
3.571599 -14.492492 -172.549017 428.323483 -0.096367 0.994892 -0.030053 0.824311 0.096694 0.557818 -0.557875 -0.028983 0.829419
4.268228 -12.687526 -157.725204 450.177440 -0.087489 0.994410 -0.059119 0.831775 0.105580 0.544981 -0.548176 0.001494 0.836362
4.087359 -16.093293 -131.697969 266.276338 -0.036930 0.998576 -0.038509 0.736247 0.053244 0.674615 -0.675705 0.003439 0.737164
3.527719 -17.554715 -176.699689 210.677486 -0.046331 0.998915 0.004661 0.716844 0.029998 0.696588 -0.695692 -0.035614 0.717457
0.122969 -4.279676 -58.958696 0.861635 0.248935 0.968520 0.000463 0.689228 -0.176814 -0.702639 0.680438 -0.175230 0.711547
-0.619474 -4.063317 -32.049076 -12.831214 0.286608 0.956266 -0.058401 0.703566 -0.251461 -0.664652 0.650270 -0.149405 0.744867
-0.321509 -4.432028 -75.247253 8.978504 0.146541 0.984934 0.091818 0.774186 -0.056414 -0.630439 0.615761 -0.163470 0.770789
-0.140667 -4.177843 1.876039 -8.643613 0.374781 0.911332 -0.170332 0.610976 -0.380964 -0.693956 0.697314 -0.156013 0.699580
0.539068 -4.211590 -21.549647 11.171548 0.324588 0.940574 -0.099818 0.596460 -0.285447 -0.750170 0.734083 -0.183959 0.653668
3.626255 -11.380849 369.663227 137.553432 0.051360 0.221956 -0.973703 0.213314 0.950051 0.227816 0.975633 -0.219405 0.001449
8.161254 -10.285080 576.697791 38.665101 0.075876 0.465635 -0.881718 0.303959 0.831379 0.465208 0.949659 -0.303304 -0.078452
23.691130 -14.580472 669.057971 26.449948 0.132622 0.370877 -0.919163 0.414127 0.821796 0.391343 0.900505 -0.432552 -0.044602
13.510678 -17.636298 844.471217 402.587280 -0.059987 -0.287688 -0.955844 0.300046 0.908088 -0.292145 0.952037 -0.304322 0.031846
1.921223 -12.508370 319.169529 239.788798 0.014674 -0.072818 -0.997237 0.150037 0.986213 -0.069805 0.988571 -0.148598 0.025397
4.545480 -40.855495 -140.591715 -2993.492360 0.296310 0.739091 -0.604933 0.905313 -0.419156 -0.068671 -0.304316 -0.527306 -0.793309
8.618300 -17.316435 2.753200 1317.735824 0.229407 0.761965 -0.605625 -0.856188 0.453919 0.246778 -0.462941 -0.461916 -0.756518
4.646987 -17.920789 -332.537986 -1160.719332 0.345264 0.663546 -0.663702 0.844999 -0.527510 -0.087809 -0.408375 -0.530510 -0.742825
8.448632 -39.875812 234.902177 -2554.122584 0.134597 0.862531 -0.487775 0.927455 -0.282969 -0.244450 -0.348871 -0.419487 -0.838045
2.642868 -28.310241 -910.254308 -1393.058501 0.417420 0.626546 -0.658180 0.870578 -0.483352 0.092003 -0.260489 -0.611401 -0.747218
1.144842 -181.419683 379.414296 -16398.507580 0.342016 0.730214 -0.591450 0.939501 -0.252951 0.230984 0.019060 -0.634668 -0.772550
10.594799 -65.552933 367.541216 -4202.946676 0.191443 0.841088 -0.505887 0.971358 -0.236276 -0.025242 -0.140760 -0.486565 -0.862230
4.926970 -76.374599 -817.879017 2919.395166 0.545870 0.823125 0.156496 0.724876 -0.557618 0.404497 -0.420216 0.107362 0.901050
-1.154409 -182.045870 26.434973 7234.724822 0.184149 0.982112 -0.039302 0.555822 -0.071074 0.828257 -0.810648 0.174368 0.558968
-3.297083 -141.175614 18.635441 6667.510946 -0.282429 -0.953354 -0.106537 0.958796 -0.284096 0.000485 -0.030729 -0.102010 0.994309
-120.388362 -274.923626 -5504.021465 -11279.308641 0.794413 -0.598497 0.103486 0.483908 0.520697 -0.703355 -0.367071 -0.608832 -0.703266
-58.516231 -1191.439324 -2077.094695 -108795.792639 0.999763 -0.021119 0.005330 0.009123 0.183788 -0.982924 -0.019779 -0.982739 -0.183937
-58.829803 -330.261902 -2817.433749 -7666.719022 0.806449 -0.535112 -0.251585 -0.324412 -0.044681 -0.944860 -0.494365 -0.843599 0.209629
19.250022 -3752.525261 -11601.624691 388674.471078 -0.746240 0.636911 0.193574 -0.288313 -0.571341 0.768404 -0.600002 -0.517604 -0.609987
2.693586 -2.261428 -112.433143 144.939882 0.357004 0.748828 0.558394 -0.413301 0.662717 -0.624490 0.837693 0.007840 -0.546085
3.254147 -3.218970 -71.783646 95.368401 0.241836 0.867520 0.434655 -0.384716 0.496963 -0.777831 0.890791 -0.020889 -0.453932
3.854807 -0.966915 -64.541932 160.079702 0.282628 0.794597 0.537342 -0.432925 0.605547 -0.667749 0.855977 0.043904 -0.515146
4.530682 -6.242637 106.229017 -10.677769 0.248499 0.964341 -0.091074 0.728358 -0.124047 0.673875 -0.638548 0.233791 0.733211
3.990836 -5.738109 128.837434 -11.210647 0.296020 0.950239 -0.097044 0.667025 -0.132926 0.733081 -0.683703 0.281738 0.673182
3.078990 -6.135728 150.631298 -7.132593 0.300449 0.944736 -0.131167 0.733770 -0.141086 0.664587 -0.609354 0.295921 0.735608
3.409504 -6.300365 159.482865 -4.714716 0.269328 0.952819 -0.139994 0.799075 -0.139960 0.584714 -0.537533 0.269346 0.799069
1.238191 -6.071665 132.811936 -4.646578 0.311410 0.938415 -0.149670 0.797583 -0.172485 0.578023 -0.516610 0.299376 0.802177
1.066033 -5.927480 105.038490 -14.275727 0.334671 0.933502 -0.128725 0.732451 -0.171747 0.658800 -0.592883 0.314766 0.741224
-2.377659 -4.178178 -84.110292 40.564321 0.203585 0.694402 0.690188 -0.107527 0.716546 -0.689203 -0.973135 0.066097 0.220544
-2.727380 -4.017301 -94.898519 19.077820 0.229349 0.635928 0.736882 -0.037467 0.762269 -0.646175 -0.972623 0.120591 0.198652
-1.288511 -3.609298 -49.086792 -7.268194 0.210624 0.526863 0.823440 -0.039489 0.846234 -0.531347 -0.976769 0.079398 0.199042
-3.746037 -5.339841 -57.820666 -121.502067 0.134347 0.958629 0.250961 0.227323 -0.276318 0.933795 -0.964508 0.068403 0.255041
-1.975239 -6.164129 -37.121319 63.317781 -0.622813 0.772773 -0.122170 0.704782 0.621964 0.341239 -0.339685 -0.126425 0.932004
-1.262713 -7.010809 -84.643026 50.403411 -0.620949 0.779498 -0.082494 0.672963 0.584109 0.453804 -0.401924 -0.226274 0.887275
-1.193735 -6.077473 -56.266645 55.678849 -0.613621 0.785598 -0.079402 0.724482 0.600151 0.339034 -0.313998 -0.150514 0.937417
-8.071050 -132.653737 -683.614865 6641.644740 0.956156 -0.161019 -0.244620 -0.288154 -0.666385 -0.687676 0.052282 -0.728014 0.683566
-13.481905 -69.593006 -634.020573 3327.967763 0.962043 -0.056484 -0.266990 -0.271457 -0.097610 -0.957488 -0.028022 -0.993621 0.109238
-167.613195 -1359.250890 -8101.684199 78095.277795 0.717192 -0.537054 -0.444082 -0.689838 -0.456788 -0.561666 -0.098794 -0.709166 0.698085
-2.356490 -17.628099 -714.329199 -517.000899 0.803839 -0.340880 -0.487487 -0.588343 -0.576470 -0.567041 0.087729 -0.742619 0.663943
393.590691 -2184.194466 2631.579142 564080.832371 0.982571 -0.038567 -0.181842 -0.086459 -0.960805 -0.263397 0.164557 -0.274528 0.947394
-2.115739 -260.821812 -1021.680536 19148.318825 0.960375 -0.181291 -0.211691 -0.246530 -0.906864 -0.341790 0.130012 -0.380435 0.915623
1.041493 -10.087470 -32.890973 -235.747938 0.784948 -0.495339 0.372149 -0.479783 -0.105938 0.870968 0.392000 0.862216 0.320812
-0.876918 -9.806948 -106.374093 -325.845338 0.853352 -0.449235 0.264535 -0.346286 -0.109118 0.931762 0.389714 0.886725 0.248679
1.606903 -6.022711 16.282064 -111.856156 0.748512 -0.530661 0.397654 -0.484193 -0.027637 0.874525 0.453086 0.847133 0.277629
-9.251422 -11.604485 101.811475 77.295312 -0.132206 0.972300 0.192756 -0.357797 0.134541 -0.924056 0.924393 0.191133 -0.330099
-8.648390 -14.161652 -8.962835 360.512340 0.172652 0.770004 0.614236 -0.345428 0.631329 -0.694337 0.922427 0.092295 -0.374981
-6.643927 -9.939637 -0.985265 79.139942 -0.354700 0.913837 -0.197713 -0.339314 -0.322859 -0.883532 0.871237 0.246302 -0.424596
3.788196 -12.253736 -21.230441 -0.773304 0.575610 0.811815 0.098127 0.810661 -0.550776 -0.198684 -0.107248 0.193912 -0.975139
4.959962 -12.026702 -42.442512 80.142725 0.606455 0.784109 0.131853 0.789493 -0.574137 -0.216951 -0.094412 0.235668 -0.967237
6.067613 -13.052164 -48.975955 162.710117 0.613228 0.772147 0.166553 0.768622 -0.534672 -0.351208 -0.182133 0.343387 -0.921365
-6.866948 -9.470635 -31.042157 10.059351 0.385056 0.885018 0.261677 -0.501177 -0.037565 0.864529 -0.774954 0.464039 -0.429086
0.948094 -12.889240 -7.075823 238.652235 0.450849 0.525924 0.721207 0.880298 -0.395667 -0.261770 0.147687 0.752895 -0.641356
1.272372 -12.115915 -68.773455 260.312510 0.514341 0.529912 0.674274 0.843693 -0.453618 -0.287076 0.153738 0.716536 -0.680398
2.349105 -9.505124 -79.857143 249.316785 0.467002 0.548580 0.693519 0.839453 -0.521525 -0.152739 0.277898 0.653507 -0.704061
2.711986 -1.985549 154.000179 1.044315 0.612196 -0.048922 0.789192 0.261229 0.954556 -0.143469 -0.746308 0.293990 0.597154
0.485695 -2.339462 136.697493 5.329365 0.622442 -0.073959 0.779164 0.266953 0.955889 -0.122524 -0.735733 0.284264 0.614729
-1.573022 -2.612312 143.169349 3.848130 0.633067 -0.010508 0.774026 0.230621 0.957062 -0.175630 -0.738945 0.289692 0.608308
-1.443594 -2.143329 35.610361 26.253737 0.444422 0.291070 0.847211 0.139311 0.911779 -0.386332 -0.884919 0.289720 0.364665
-1.537195 -2.702747 51.809992 28.896351 0.434692 0.243334 0.867082 0.126740 0.936694 -0.326408 -0.891616 0.251781 0.376333
-1.437562 -2.513103 35.613578 59.790652 0.337867 0.940424 -0.038047 0.320407 -0.076916 0.944152 -0.884977 0.331189 0.327306
-0.529415 -2.700576 22.842665 29.741546 0.419997 0.095524 0.902484 0.179265 0.966118 -0.185686 -0.889644 0.239771 0.388643
-0.616907 -2.074603 11.658054 32.691891 0.424013 0.130798 0.896161 0.202335 0.950824 -0.234510 -0.882764 0.280761 0.376697
-1.268008 -1.639167 30.271057 6.929432 0.480987 0.628228 0.611540 -0.024576 0.706912 -0.706874 -0.876383 0.324968 0.355454
-4.755732 -7.511006 -97.202158 -51.870188 -0.289552 0.716636 -0.634502 -0.495292 -0.679428 -0.541354 0.819052 -0.157514 -0.551674
-6.135038 -8.186149 -72.023763 66.443066 -0.515204 0.359721 -0.777924 0.253452 0.931008 0.262652 0.818735 -0.061847 -0.570831
-5.904327 -7.269064 -2.751617 65.352615 -0.509542 0.219488 -0.831981 0.117186 0.975611 0.185609 0.852428 -0.002921 -0.522836
-0.730310 -14.839326 26.718960 -139.111191 0.015650 0.999861 0.005749 0.876233 -0.016484 0.481605 -0.481633 0.002500 0.876369
-0.349545 -14.620557 29.212744 -77.870221 -0.011886 0.999809 -0.015486 0.912855 0.017170 0.407922 -0.408110 0.009288 0.912885
1.914554 -4.812233 65.629716 15.927659 0.744101 0.460409 0.484084 -0.287421 -0.433491 0.854093 -0.603078 0.774667 0.190230
2.386696 -4.321015 43.696521 13.313435 0.734714 0.524129 0.430678 -0.233175 -0.401066 0.885876 -0.637043 0.751289 0.172455
1.912580 -3.476326 -6.406309 54.010737 0.723055 0.560590 0.403646 -0.181672 -0.409439 0.894067 -0.666473 0.719791 0.194203
12.843518 -8.551844 -429.935927 375.488223 0.273158 0.947430 0.166616 -0.721926 0.316369 -0.615413 0.635773 -0.047820 -0.770393
9.777092 -9.881380 -406.504426 433.159645 0.339522 0.935348 0.099245 -0.705847 0.323102 -0.630385 0.621695 -0.143978 -0.769912
10.146617 -9.363166 -141.224598 323.122425 0.201834 0.959588 0.196096 -0.651037 0.281027 -0.705106 0.731720 -0.014649 -0.681448
11.828456 -7.846000 -33.290530 368.541600 0.168448 0.944532 0.281931 -0.727445 0.312128 -0.611064 0.665168 0.102157 -0.739672
0.317630 -19.289497 -43.613883 -225.397606 -0.024954 0.976964 0.211941 0.744979 -0.123199 0.655613 -0.666621 -0.174252 0.724743
-1.236681 -12.371409 -22.312091 39.183424 -0.112431 0.992490 -0.048193 0.271520 0.077341 0.959320 -0.955843 -0.094772 0.278176
-1.836835 -11.887335 -14.218783 -10.018452 -0.070615 0.994684 -0.074954 0.405174 0.097266 0.909051 -0.911508 -0.033823 0.409888
-0.593182 -12.966717 -25.177876 49.823800 -0.141743 0.989447 -0.030075 0.232568 0.062817 0.970549 -0.962196 -0.130574 0.239017
-1.322256 -11.919251 -22.760221 -15.221698 -0.107100 0.993880 -0.027060 0.421027 0.069992 0.904343 -0.900703 -0.085462 0.425947
-0.663896 -12.544081 -28.421973 11.018643 -0.136815 0.990592 -0.003073 0.389450 0.056640 0.919304 -0.910830 -0.124578 0.393535
-1.777497 -16.030871 -28.867545 -62.543606 -0.000479 0.998359 0.057261 0.993708 -0.005939 0.111848 -0.112005 -0.056955 0.992074
-0.424222 -18.818943 -18.881348 -96.887938 -0.170413 0.918208 0.357566 0.127255 -0.339327 0.932021 -0.977121 -0.204330 0.059021
-0.474211 -16.034105 -42.924444 -289.170100 -0.170416 0.912364 0.372224 -0.158566 -0.398218 0.903482 -0.972530 -0.094946 -0.212533
1.101828 -22.029676 -34.520143 -105.529099 -0.022941 0.999090 0.035955 0.402144 -0.023705 0.915269 -0.915289 -0.035457 0.401235
1.368922 -21.804280 -22.108648 30.709082 -0.010423 0.998854 0.046714 0.581710 -0.031941 0.812769 -0.813329 -0.035645 0.580711
-2.673118 -5.371286 38.189935 -149.220343 0.132479 0.950201 -0.282078 0.028912 0.280761 0.959342 -0.990764 0.135248 -0.009722
-1.908061 -3.826913 76.047215 -94.811958 0.142592 0.756926 -0.637754 0.024166 0.641484 0.766756 -0.989486 0.124746 -0.073179
2.659240 -6.385864 141.988413 12.547750 0.280801 0.958643 -0.046422 -0.267351 0.124581 0.955512 -0.921778 0.255898 -0.291277
0.943500 -6.229674 148.319864 -2.309011 0.284699 0.958378 -0.021421 -0.391682 0.136692 0.909890 -0.874947 0.250655 -0.414295
0.752300 -6.140040 139.635134 0.280624 0.311414 0.947289 -0.075267 -0.277328 0.166356 0.946264 -0.908906 0.273806 -0.314516
0.282272 -30.433557 3.766992 374.856858 0.033604 0.999397 -0.008685 0.926241 -0.027877 0.375900 -0.375431 0.020676 0.926620
0.455545 -24.925809 4.901220 204.436634 0.049110 0.998767 0.007216 0.962878 -0.049263 0.265404 -0.265432 0.006086 0.964110
0.612715 -22.780598 7.860804 70.453528 0.026408 0.999583 0.011710 0.942051 -0.028804 0.334230 -0.334428 -0.002205 0.942419
-3.304057 -7.845412 5.309324 284.085868 0.978022 0.068811 -0.196821 -0.195120 -0.030681 -0.980299 0.073494 -0.997158 0.016580
-2.278867 -6.600182 -42.817368 249.322761 0.999810 0.015161 -0.012290 -0.011526 -0.049513 -0.998707 0.015750 -0.998658 0.049329
-1.847471 -4.656722 -7.366100 -19.404230 0.864219 0.074090 0.497631 0.497941 0.015545 -0.867072 0.071977 -0.997130 0.023458
-3.513906 -10.234526 -60.776984 -282.258938 0.906542 0.088823 0.412664 0.409492 0.052237 -0.910817 0.102458 -0.994677 -0.010983
-6.725309 -8.652924 -140.422803 56.800581 0.972311 0.097773 0.212253 0.210669 0.026367 -0.977202 0.101140 -0.994859 -0.005039
-1.750332 -4.185050 15.780716 23.951578 -0.447924 0.890384 0.081116 -0.687793 -0.285192 -0.667537 0.571231 0.354797 -0.740145
-1.980962 -5.026038 14.627357 -39.921839 -0.560414 0.826128 -0.058725 -0.617170 -0.463844 -0.635571 0.552302 0.319939 -0.769806
-1.607421 -4.363930 49.548804 -25.966915 -0.611313 0.788135 -0.071688 -0.586811 -0.512201 -0.627139 0.530989 0.341311 -0.775601
-4.819783 -6.976191 -30.595105 58.632423 -0.287516 -0.141695 -0.947237 -0.061027 0.989697 -0.129523 0.955830 0.020567 -0.293201
-4.627695 -6.363486 9.834181 25.799378 -0.335713 -0.347534 -0.875509 -0.098962 0.937320 -0.334123 0.936752 -0.025528 -0.349063
-5.159408 -7.827271 6.902001 101.039157 -0.226271 -0.264082 -0.937583 -0.077648 0.964374 -0.252889 0.970965 0.015580 -0.238716
-4.770287 -6.174030 -4.532942 51.790490 -0.365001 0.133986 -0.921315 -0.022289 0.988049 0.152521 0.930740 0.076206 -0.357652
-4.817929 -6.467155 -16.074682 86.790876 -0.296790 0.091904 -0.950510 -0.072822 0.990282 0.118487 0.952162 0.104384 -0.287213
-0.124249 -4.281827 -17.895266 -46.368747 -0.051764 0.998529 -0.016137 0.998434 0.051402 -0.022059 0.021197 0.017254 0.999626
-0.369007 -5.223741 -14.391659 -53.597810 -0.083605 0.996333 -0.018180 0.990026 0.080972 -0.115295 0.113400 0.027638 0.993165
-0.741978 -4.794933 -35.635492 -49.809395 -0.108447 0.994075 -0.007295 0.993093 0.108003 -0.045846 0.044787 0.012217 0.998922
-0.102011 -4.851085 -0.007907 -54.181771 -0.018746 0.999056 -0.039198 0.996455 0.015453 -0.082701 0.082017 0.040609 0.995803
-0.618310 -4.061555 -44.318529 -33.442394 -0.014843 0.999889 -0.001431 0.999195 0.014886 0.037248 -0.037265 0.000877 0.999305
0.047545 -3.572951 -17.168023 -24.853592 0.019759 0.999695 -0.014845 0.998695 -0.019036 0.047386 -0.047089 0.015762 0.998766
0.148626 -3.874950 -3.931331 -38.197157 -0.000479 -0.999252 0.038679 0.999995 -0.000603 -0.003182 0.003203 0.038677 0.999247
-0.469722 -7.370673 -11.714942 -44.674020 0.125096 0.974678 -0.185349 -0.961796 0.073282 -0.263776 0.243514 -0.211265 -0.946609
-0.743245 -7.406011 -13.153023 -49.384612 0.146193 0.974387 -0.170873 -0.946933 0.087852 -0.309193 0.286262 -0.207007 -0.935522
1.095327 -14.753270 -11.674554 87.172068 0.342836 0.937418 -0.060914 0.933425 -0.347240 -0.090235 0.105740 0.025923 0.994056
1.256519 -15.535995 8.149690 -245.711663 0.339689 0.936848 -0.083225 0.924865 -0.316632 0.210637 -0.170983 0.148523 0.974015
0.861289 -14.239168 -7.656749 265.155205 0.327688 0.943468 -0.049892 0.889963 -0.325970 -0.318920 0.317154 -0.060105 0.946467
1.190142 -15.447307 -1.074691 -62.312364 -0.353640 -0.930495 0.095485 0.932049 -0.341931 0.119863 -0.078883 0.131385 0.988188
0.961399 -13.509526 -25.806465 304.645675 0.346785 0.936547 -0.051176 0.863284 -0.340038 -0.372982 0.366717 -0.085166 0.926426
1.066224 -14.639919 -23.934857 209.874223 0.357421 0.931543 -0.066910 0.915651 -0.363630 -0.171339 0.183940 0.000026 0.982937
0.043619 -19.686575 18.806539 239.365182 0.278500 0.959649 -0.038868 -0.238619 0.029936 -0.970652 0.930322 -0.279601 -0.237328
-0.384849 -19.627652 7.991134 241.609143 0.294424 0.955639 -0.008278 -0.220562 0.059520 -0.973555 0.929875 -0.288464 -0.228302
0.255518 -17.296398 20.400690 405.720412 0.286561 0.957771 -0.023597 -0.508000 0.131016 -0.851335 0.812292 -0.255947 -0.524092
0.978054 -17.747767 37.841850 393.907067 0.276985 0.959673 -0.048023 -0.518104 0.107074 -0.848589 0.809226 -0.259927 -0.526869
0.778853 -19.877348 41.291902 213.623347 0.262829 0.961955 -0.074585 -0.242534 -0.008950 -0.970102 0.933862 -0.273060 -0.230955
-0.459693 -10.303672 6.151854 103.352475 0.218037 0.974623 -0.050692 -0.916365 0.186581 -0.354207 0.335760 -0.123682 -0.933792
-0.247732 -10.054252 9.301976 104.556696 0.211296 0.976601 -0.040056 -0.910462 0.181749 -0.371519 0.355546 -0.114970 -0.927561
