19087
38142
-2.537482 -4.228393 19.788345 -30.346700 0.568980 0.461856 0.680405 0.812598 -0.188709 -0.551429 -0.126282 0.866647 -0.482675
-3.270735 -5.079890 20.692060 21.745952 0.742933 0.401554 0.535542 -0.668138 0.396427 0.629633 -0.040528 0.825591 -0.562812
-4.267205 -5.210213 46.344704 58.723684 0.952627 0.240626 0.186010 -0.284934 0.492207 0.822524 -0.106365 0.836559 -0.537452
-2.664116 -4.718957 -14.462162 -24.858601 0.598759 0.422982 0.680128 0.800923 -0.319509 -0.506395 0.003111 0.847939 -0.530085
-3.597481 -4.772173 -18.120254 109.053212 0.974800 0.150170 -0.164964 0.075554 0.473532 0.877530 -0.209894 0.867881 -0.450253
-2.288780 -3.349830 14.535740 -41.417199 0.516962 0.478563 0.709738 0.825296 -0.058544 -0.561657 -0.227237 0.876099 -0.425221
-2.022829 -3.806532 -5.588414 -20.247117 0.372498 0.465653 0.802753 0.919014 -0.064787 -0.388865 -0.129068 0.882593 -0.452075
36.785221 -5.491485 1113.375712 -106.420064 0.084332 0.208009 0.974485 0.273064 0.935706 -0.223362 -0.958292 0.284933 0.022110
15.545261 -5.037281 391.311084 -103.905068 0.351001 0.309163 0.883865 0.285641 0.863579 -0.415501 -0.891744 0.398309 0.214807
88.682926 -3.276966 3947.685222 -174.985115 0.352664 0.232246 0.906471 0.155738 0.940633 -0.301589 -0.922699 0.247532 0.295557
39.634330 -4.628148 -359.539034 -154.272504 -0.325944 0.386691 0.862688 0.157842 0.921972 -0.353628 -0.932119 0.020905 -0.361547
17.299989 -8.203050 -108.619108 -139.895528 -0.264355 0.335009 0.904370 0.312985 0.916776 -0.248117 -0.912227 0.217463 -0.347207
-1.867032 -6.442133 -1.267305 117.259514 0.898826 0.424088 0.110733 -0.242380 0.691415 -0.680586 0.365191 -0.584889 -0.724252
-1.841102 -8.672851 -1.458172 157.169367 0.911766 0.381384 0.152408 -0.143334 0.643233 -0.752135 0.384886 -0.663926 -0.641143
-1.707048 -7.738822 -13.583913 140.273358 0.929110 0.363437 0.068319 -0.216371 0.684083 -0.696573 0.299897 -0.632411 -0.714226
-1.900736 -8.240658 11.501260 168.297335 0.882363 0.423741 0.204642 -0.162676 0.682749 -0.712314 0.441555 -0.595229 -0.671365
-1.632926 -5.367547 -12.749297 87.582015 0.911219 0.410753 0.031004 -0.304971 0.723314 -0.619523 0.276897 -0.555066 -0.784366
-1.847239 -5.256425 11.299283 80.462359 0.848377 0.517397 0.112058 -0.319730 0.669480 -0.670499 0.421935 -0.533007 -0.733399
-1.770429 -4.302631 2.214513 42.427807 0.840913 0.541150 0.004737 -0.417603 0.654446 -0.630324 0.344200 -0.528069 -0.776318
0.418090 -2.410339 9.088807 3.527169 -0.679027 -0.544039 -0.492893 0.716941 -0.635816 -0.285891 -0.157853 -0.547503 0.821780
0.364506 -2.655223 -10.398613 15.320390 0.698987 0.530303 0.479788 0.688579 -0.680210 -0.251343 -0.193068 -0.506057 0.840613
0.420390 -2.345164 -0.134721 0.250944 -0.676372 -0.575522 -0.459669 0.725457 -0.628476 -0.280588 -0.127406 -0.523252 0.842600
0.346304 -2.411675 0.544717 -11.647690 -0.691569 -0.559923 -0.456310 0.716585 -0.611229 -0.336014 -0.090768 -0.559362 0.823939
0.338872 -2.373327 -1.749583 -4.858793 -0.658046 -0.578291 -0.482239 0.747835 -0.576656 -0.328955 -0.087854 -0.577103 0.811932
-0.120350 -5.720677 -3.789574 0.802954 0.887790 0.375308 0.266409 0.373941 -0.250724 -0.892920 0.268324 -0.892346 0.362933
-0.211698 -5.770806 -3.488467 11.080736 0.879633 0.382807 0.282319 0.430488 -0.388272 -0.814816 0.202300 -0.838274 0.506331
0.020099 -5.740045 -5.181285 -0.493119 0.877860 0.376940 0.295430 0.408729 -0.268167 -0.872369 0.249606 -0.886568 0.389479
-0.279743 -5.667312 -1.635968 7.079826 0.885479 0.387564 0.256362 0.408298 -0.385520 -0.827446 0.221856 -0.837358 0.499611
0.128721 -5.782299 -4.236636 -7.806433 0.880436 0.379932 0.283696 0.352677 -0.124796 -0.927386 0.316940 -0.916557 0.243869
0.007705 -5.697553 -3.482907 -2.099893 0.892995 0.375252 0.248486 0.305306 -0.099423 -0.947050 0.330677 -0.921575 0.203351
-0.188079 -5.632407 -2.233362 0.822112 0.896350 0.376752 0.233697 0.339110 -0.243071 -0.908802 0.285588 -0.893854 0.345637
-0.011752 -7.584949 6.116330 43.956510 0.741021 0.668600 0.062136 0.304812 -0.252483 -0.918336 0.598312 -0.699447 0.390893
-0.462722 -7.288823 5.781077 17.482049 0.732318 0.673599 0.099874 0.371015 -0.271696 -0.887992 0.571015 -0.687347 0.448883
0.076026 -6.915586 7.808369 52.181404 0.731800 0.679212 0.056034 0.193741 -0.128504 -0.972600 0.653401 -0.722605 0.225631
-0.563389 -10.576063 1.636916 -45.360743 0.833170 0.549172 0.065100 -0.487976 0.674680 0.553793 -0.260206 0.493171 -0.830106
-0.094679 -9.652595 7.654837 -22.631173 0.818443 0.558871 0.133469 -0.496594 0.571152 0.653590 -0.289042 0.601207 -0.744987
-0.208965 -8.924310 6.467444 -45.546842 0.844112 0.524850 0.109575 -0.518237 0.746255 0.417774 -0.137498 0.409434 -0.901919
-0.190433 -3.767294 -1.135462 4.894466 0.918207 0.149965 0.366615 -0.153494 0.987953 -0.019690 -0.365152 -0.038194 0.930164
0.038621 -4.143966 -3.561265 1.744613 0.893737 0.231724 0.384108 -0.252419 0.967611 0.003587 -0.370836 -0.100162 0.923281
0.350973 -4.005352 0.323790 2.002261 0.925834 0.086765 0.367836 -0.165876 0.967823 0.189218 -0.339582 -0.236200 0.910436
-0.118728 -3.630122 1.401453 9.659536 0.935975 0.009654 0.351935 -0.041585 0.995658 0.083283 -0.349602 -0.092586 0.932312
-0.515200 -3.242778 3.714388 5.448162 0.937433 0.135269 0.320813 -0.099372 0.987064 -0.125819 -0.333683 0.086067 0.938748
0.658601 -2.361187 1.178299 25.289757 0.825136 0.497369 0.267909 -0.332696 0.044543 0.941982 -0.456579 0.866395 -0.202226
0.523414 -3.067889 0.782335 22.258075 0.831158 0.492727 0.257674 -0.364122 0.132089 0.921937 -0.420228 0.860100 -0.289200
0.397442 -2.422563 15.853375 27.374553 0.845803 0.468057 0.256009 -0.317932 0.056874 0.946406 -0.428412 0.881866 -0.196914
1.758496 -3.381137 -12.789983 0.783015 0.810151 0.534220 0.241379 0.174960 -0.613333 0.770202 -0.559503 0.581748 0.590360
2.001914 -3.417291 -15.900090 0.165088 0.807927 0.529624 0.258365 -0.229422 0.686548 -0.689940 -0.542789 0.498147 0.676188
1.446724 -3.363087 -19.378412 -0.567667 0.789044 0.536091 0.300027 -0.143036 0.635268 -0.758931 -0.597454 0.555915 0.577934
2.085849 -3.429306 -0.417851 -0.162174 0.831066 0.521728 0.192691 0.254553 -0.664850 0.702266 -0.494502 0.534579 0.685341
1.251768 -3.302179 -14.671545 -1.006095 0.793458 0.540932 0.278958 0.085775 -0.553153 0.828652 -0.602550 0.633573 0.485302
1.472889 -3.346600 -10.735844 -0.411541 0.812129 0.540161 0.220617 0.122909 -0.527997 0.840305 -0.570385 0.655321 0.495193
1.783434 -3.408990 -0.685416 0.792532 0.831003 0.527108 0.177741 0.205422 -0.587729 0.782545 -0.516949 0.613785 0.596684
0.739606 -11.700915 -10.549571 -19.612917 0.971213 0.164482 0.172310 -0.237891 0.632149 0.737425 -0.012367 0.757188 -0.653080
0.668197 -10.942089 -11.415695 -43.744301 0.979512 0.141312 0.143484 -0.199862 0.769639 0.606392 0.024740 0.622645 -0.782113
0.839943 -12.353151 -2.916806 -56.801326 0.974977 0.130185 0.180200 -0.220117 0.678813 0.700544 0.031121 0.722679 -0.690483
0.371041 -10.476940 -14.580097 -35.831870 0.975182 0.170010 0.141834 -0.221378 0.738787 0.636541 -0.003433 0.652143 -0.758089
0.871054 -12.977134 -0.060005 -31.913927 0.966250 0.142446 0.214638 -0.257552 0.517290 0.816136 -0.005226 0.843872 -0.536519
0.447652 -11.029713 -13.754675 -2.775130 0.966208 0.194490 0.169160 -0.253085 0.591353 0.765669 -0.048881 0.782608 -0.620593
0.775299 -12.090231 -8.082253 8.293093 0.961815 0.178200 0.207744 -0.268210 0.462365 0.845152 -0.054553 0.868599 -0.492504
-1.039397 -16.011542 4.258136 137.037050 0.992462 0.104803 0.063530 0.038687 -0.759785 0.649023 -0.116289 0.641672 0.758112
-0.365611 -17.567741 16.863371 -16.335668 0.993075 0.090929 0.074395 -0.016799 -0.516819 0.855930 -0.116277 0.851252 0.511712
-1.102952 -16.416393 -13.431371 121.786120 0.985644 0.096897 0.138260 -0.021003 -0.742181 0.669870 -0.167523 0.663157 0.729492
-0.004597 -17.560627 26.472706 12.289787 0.993172 0.116160 0.010787 0.053311 -0.534166 0.843697 -0.103766 0.837361 0.536711
-1.304001 -14.002291 -20.344632 233.789866 0.984457 0.115612 0.132204 0.050258 -0.906737 0.418690 -0.168280 0.405538 0.898455
-1.420538 -13.428262 -3.785614 237.230627 0.989192 0.134403 0.058603 0.100594 -0.912874 0.395653 -0.106675 0.385482 0.916528
-0.961023 -15.705463 31.686007 198.075423 0.992409 0.120777 -0.023194 0.110817 -0.796386 0.594549 -0.053336 0.592606 0.803725
-0.027627 -3.889641 23.205524 -1.056011 0.967010 0.204520 0.151868 -0.034114 -0.486829 0.872831 -0.252445 0.849217 0.463792
-0.022411 -3.776431 24.803932 2.358246 0.966684 0.200330 0.159340 -0.008118 -0.598184 0.801318 -0.255843 0.775915 0.576629
0.954081 -3.707610 35.889318 -1.710655 0.964479 0.245631 0.097192 0.029547 -0.465929 0.884329 -0.262503 0.850045 0.456636
-0.581512 -3.915161 13.725498 3.174185 0.959406 0.164249 0.229266 -0.077517 -0.628033 0.774316 -0.271167 0.760656 0.589806
0.868983 -3.647886 33.682532 -5.149915 0.966743 0.244802 0.074030 0.015785 -0.346023 0.938093 -0.255263 0.905726 0.338379
-0.100218 -3.906628 24.249714 -4.398717 0.968920 0.220496 0.112139 -0.025951 -0.360217 0.932507 -0.246009 0.906435 0.343300
-0.619309 -4.133346 14.756373 0.079839 0.960201 0.187493 0.207027 -0.083698 -0.513998 0.853698 -0.266474 0.837050 0.477849
-1.403270 -7.196529 -14.009913 59.360270 0.830039 0.557267 0.022124 0.401563 -0.624707 0.669692 -0.387018 0.546986 0.742309
-1.308901 -6.156110 -15.791264 45.383804 0.835977 0.547496 0.037286 0.441844 -0.711836 0.545951 -0.325447 0.439928 0.836987
-1.718604 -6.989049 -10.507127 49.221357 0.855665 0.517529 0.001261 0.390982 -0.648029 0.653599 -0.339074 0.558768 0.756840
-1.806431 -7.774490 -8.743383 31.464895 0.850780 0.525133 -0.020194 0.328420 -0.501297 0.800526 -0.410259 0.687704 0.598958
-1.997639 -7.573030 -4.808036 27.775380 0.878004 0.476966 -0.040166 0.323614 -0.529687 0.784032 -0.352681 0.701381 0.619419
-1.914680 -6.861257 -6.792470 40.460260 0.879816 0.474563 -0.026694 0.380560 -0.669666 0.637747 -0.284775 0.571259 0.769783
0.289244 -14.119339 -5.489189 140.085346 0.970799 -0.080008 0.226161 0.220224 0.671100 -0.707903 0.095139 -0.737037 -0.669123
0.483057 -12.397535 -4.251471 115.899806 0.972559 -0.076596 0.219688 0.192375 0.795807 -0.574180 0.130849 -0.600686 -0.788704
0.071929 -13.926120 16.661257 129.873110 0.973495 -0.039923 0.225198 0.186117 0.710550 -0.678586 0.132923 -0.702514 -0.699147
-0.069760 -15.251834 14.093930 159.525119 0.971657 -0.047699 0.231532 0.216387 0.573814 -0.789882 0.095180 -0.817595 -0.567872
0.061685 -16.441347 12.115080 105.229773 0.976192 -0.044976 0.212195 0.204304 0.519275 -0.829827 0.072865 -0.853423 -0.516101
0.295074 -13.633105 3.261896 118.489587 0.981200 -0.048163 0.186888 0.152820 0.785299 -0.599959 0.117867 -0.617240 -0.777896
-1.059661 -19.791251 135.852318 278.823424 0.863186 0.503029 -0.043259 -0.028791 -0.036499 -0.998919 0.504064 -0.863498 0.017023
2.645410 -20.737079 207.729888 100.826818 0.856261 0.515696 0.029560 0.147168 -0.188701 -0.970945 0.495134 -0.835733 0.237472
-1.054782 -24.551059 102.292204 115.242256 0.874786 0.479488 -0.069570 0.083503 -0.290644 -0.953180 0.477259 -0.828020 0.294291
4.750752 0.156013 146.661829 123.379100 0.122796 0.635404 -0.762353 0.973710 0.071369 0.216324 0.191862 -0.768874 -0.609935
4.977825 1.898298 200.268977 101.328131 0.013103 0.669772 -0.742451 0.985886 0.115288 0.121401 0.166906 -0.733562 -0.658808
2.456484 0.133348 135.799946 133.824970 -0.269619 0.629599 -0.728636 0.946988 0.310625 -0.082012 0.174698 -0.712121 -0.679973
1.007677 -3.043976 44.420728 245.086432 -0.566933 0.501380 -0.653610 0.807553 0.494905 -0.320823 0.162620 -0.709710 -0.685468
2.617792 -1.340923 119.515145 118.877484 -0.061113 0.642231 -0.764071 0.981660 0.177168 0.070400 0.180582 -0.745755 -0.641280
-0.258408 -2.188615 102.718330 187.835302 0.951397 -0.086199 0.295657 0.266996 0.709319 -0.652365 0.153482 -0.699597 -0.697859
-2.869544 -8.648211 -54.051174 266.325577 0.776489 0.033294 -0.629250 0.610534 0.207350 0.764365 -0.155924 0.977700 -0.140678
-1.826808 -7.320613 -11.835899 81.762407 0.974080 0.142255 -0.175876 0.176107 0.011063 0.984309 -0.141969 0.989768 0.014276
-2.964825 -5.730530 13.473321 25.491635 0.991516 0.112655 -0.064847 0.064488 0.006832 0.997895 -0.112861 0.993611 0.000491
-96.334067 -499.753822 4841.722737 -51533.353509 0.970739 0.079759 0.226507 0.157543 0.500352 -0.851368 0.181237 -0.862141 -0.473145
-51.228263 -209.946294 1822.289106 -14499.670958 0.777629 0.091499 0.622029 0.533558 -0.619382 -0.575918 -0.332578 -0.779739 0.530470
-38.728787 -470.890367 -109.647313 -1823.624078 0.931087 -0.278519 -0.235592 0.015919 0.676224 -0.736524 -0.364449 -0.682018 -0.634057
-0.274783 -5.517578 8.860108 39.946734 0.543687 0.407339 0.733811 -0.520685 -0.522025 0.675557 -0.658248 0.749376 0.071723
-0.583558 -5.124520 15.959334 45.282036 0.567922 0.435686 0.698314 -0.489184 -0.503642 0.712070 -0.661939 0.746004 0.072899
0.048246 -4.458633 2.050500 -60.378634 0.599075 0.484749 0.637281 0.361721 0.546218 -0.755516 -0.714330 0.683129 0.151882
-0.627440 -5.855846 8.953462 -11.354834 0.520564 0.384150 0.762523 0.616962 0.448122 -0.646950 -0.590229 0.807227 -0.003730
0.264114 -4.872178 -4.684158 -60.347916 0.570083 0.450415 0.687119 0.399500 0.578829 -0.710884 -0.717917 0.679767 0.150040
-0.120631 -5.807315 4.735779 -21.494361 0.516557 0.375093 0.769723 0.558199 0.534149 -0.634900 -0.649294 0.757621 0.066542
-0.453694 -6.136309 13.948353 0.428967 0.495454 0.351128 0.794503 0.650249 0.456525 -0.607257 -0.575935 0.817492 -0.002134
1.369482 0.824204 -10.002948 -1.653705 0.855884 0.506912 0.102483 0.430888 -0.589368 -0.683360 0.286003 -0.629036 0.722853
1.351420 0.544529 9.324883 44.201132 -0.339015 -0.704819 -0.623136 0.884880 -0.013974 -0.465610 0.319463 -0.709249 0.628418
1.604118 0.156995 14.275629 42.899654 -0.598119 -0.683061 -0.419144 0.736193 -0.261651 -0.624147 0.316660 -0.681885 0.659363
-0.762276 -3.248928 -3.118474 6.724717 -0.627350 -0.773815 -0.087421 0.748163 -0.567761 -0.343365 0.216067 -0.280816 0.935124
-0.845857 -3.441408 0.789160 1.521112 -0.613890 -0.781299 -0.112743 0.783404 -0.585430 -0.208685 0.097042 -0.216433 0.971463
-0.889491 -3.350420 -1.092403 5.832485 -0.623929 -0.772266 -0.119655 0.763031 -0.568941 -0.306741 0.168809 -0.282685 0.944242
-0.797206 -2.998538 -1.526994 11.953288 -0.641865 -0.760718 -0.096527 0.715270 -0.548581 -0.432952 0.276401 -0.346940 0.896234
-0.477804 -2.031691 4.092514 11.204736 0.951907 0.125985 0.279287 -0.074153 0.979180 -0.188964 -0.297278 0.159166 0.941431
-0.321490 -1.815283 12.690663 12.362772 0.950852 0.209267 0.228226 -0.162042 0.964366 -0.209144 -0.263860 0.161883 0.950880
-0.321180 -1.765554 14.145696 1.109601 0.935997 0.279209 0.214366 -0.219660 0.939146 -0.264112 -0.275063 0.200120 0.940368
1.669737 -13.596183 -15.761280 157.936859 0.723083 0.541420 0.428970 -0.212791 -0.416220 0.884014 -0.657169 0.730496 0.185752
1.491140 -16.092115 -15.114393 113.767326 0.715707 0.570941 0.402231 -0.401332 -0.135126 0.905911 -0.571573 0.809795 -0.132426
1.922607 -16.365373 -13.687069 158.367933 0.738559 0.517638 0.431952 -0.386352 -0.200100 0.900384 -0.552506 0.831872 -0.052205
390.249536 -487.706120 -65143.768071 37055.808103 -0.128617 0.866271 -0.482734 -0.711218 -0.419807 -0.563854 0.691106 -0.270808 -0.670102
-97.314452 -229.667236 -24679.878010 893.039519 -0.469327 0.613499 -0.635099 0.574187 0.758445 0.308334 0.670851 -0.219956 -0.708222
-63.812396 -288.146642 -4859.315572 -23813.970163 -0.562032 0.476073 -0.676369 0.181049 0.868724 0.461022 0.807057 0.136653 -0.574443
-45.645845 -4275.168397 -31595.240912 312608.507690 -0.502697 0.789643 -0.351794 -0.296935 -0.539917 -0.787603 0.811865 0.291466 -0.505888
-0.013056 -21.613488 -13.356587 -168.646411 -0.411891 0.639176 -0.649461 -0.756789 -0.636940 -0.146894 0.507558 -0.431001 -0.746071
0.424469 -20.160461 2.867035 -24.443311 -0.495876 0.578850 -0.647333 0.565859 0.780835 0.264764 0.658719 -0.235009 -0.714744
0.286590 -19.049236 3.368409 56.201533 -0.454355 0.640059 -0.619585 0.798261 0.601250 0.035736 0.395399 -0.478354 -0.784115
-4.337397 -8.387225 74.056068 173.516591 0.764786 -0.412414 0.494993 0.624868 0.661988 -0.413899 0.156982 -0.625849 -0.763983
-8.754542 -11.623919 -165.031691 290.292133 -0.618963 0.592237 -0.515888 0.771401 0.581938 -0.257467 0.147733 -0.557319 -0.817050
-3.102007 -7.375479 162.549117 -49.174521 0.976971 0.183235 0.109330 -0.104786 0.858362 -0.502230 0.185871 -0.479208 -0.857795
-6.427942 -11.257945 -116.567244 148.882739 -0.553139 0.589190 -0.588976 0.832436 0.362917 -0.418738 -0.032967 -0.721905 -0.691207
-1.801755 -5.314642 40.270761 74.608319 0.970583 -0.058783 0.233480 0.171697 0.848809 -0.500044 0.168786 -0.525422 -0.833933
-3.150047 -6.183610 -9.306562 8.231598 -0.611632 0.745831 -0.263897 -0.763611 -0.643768 -0.049615 0.206892 -0.171168 -0.963274
-1.642247 -4.388451 -230.678502 -125.490165 0.965628 -0.258540 0.026806 0.252356 0.907798 -0.334990 -0.062274 -0.330241 -0.941840
-3.451660 -5.396351 26.457818 4.830421 -0.903359 0.400758 -0.152758 0.410508 0.911090 -0.037378 0.124197 -0.096474 -0.987557
-3.417459 -7.040428 -3.869306 115.501406 -0.744071 0.625425 -0.234952 0.587664 0.779974 0.215156 0.317820 0.022018 -0.947895
0.097610 -1.832683 -2.719625 4.687335 -0.882936 -0.399551 -0.246541 -0.380465 0.916593 -0.122897 0.275081 -0.014710 -0.961308
0.257639 -1.923794 -3.476379 2.956797 -0.899273 -0.363768 -0.242859 -0.347330 0.931390 -0.108974 0.265838 -0.013645 -0.963921
0.207293 -2.056807 -1.134260 9.560075 -0.875068 -0.417637 -0.244612 -0.382515 0.906413 -0.179161 0.296544 -0.063211 -0.952925
0.209190 -2.053891 -0.255930 11.755288 -0.853221 -0.460388 -0.245064 -0.424065 0.885924 -0.187903 0.303617 -0.056399 -0.951124
0.075580 -1.766330 0.026942 7.338376 -0.852009 -0.465270 -0.240010 -0.444295 0.885095 -0.138598 0.276917 -0.011452 -0.960826
-0.218631 -4.262347 42.141416 1.010955 0.936305 0.305309 0.173551 0.151673 0.094169 -0.983935 0.316747 -0.947586 -0.041864
-0.430769 -4.005560 43.250619 -8.114971 0.935188 0.314704 0.162434 0.190144 -0.059231 -0.979968 0.298779 -0.947340 0.115232
-0.647338 -4.288938 30.307976 3.469409 0.939397 0.299023 0.167684 0.145236 0.095944 -0.984734 0.310546 -0.949410 -0.046701
-0.003876 -4.158960 58.278275 -14.549011 -0.545515 -0.165254 -0.821647 0.644885 -0.708921 -0.285577 -0.535290 -0.685655 0.493297
1.671501 -4.361434 -58.227505 -5.305135 0.679651 0.090505 0.727931 0.602097 -0.635661 -0.483130 -0.418991 -0.766645 0.486520
0.409012 -4.375786 61.150672 -11.408504 -0.618329 -0.101766 -0.779303 0.663107 -0.599796 -0.447810 -0.421851 -0.793655 0.438353
0.443407 -2.361532 -11.061024 2.353552 0.867629 0.484392 0.112177 -0.401705 0.815850 -0.415959 0.293007 -0.315836 -0.902438
0.229203 -2.533325 -13.585793 3.725400 0.903410 0.394140 0.168832 -0.269533 0.828244 -0.491288 0.333471 -0.398329 -0.854477
0.587888 -2.505339 4.722433 3.542530 -0.893276 -0.411535 -0.180822 -0.312523 0.857724 -0.408213 0.323090 -0.308136 -0.894799
0.054138 -2.286940 -13.086223 -0.399206 0.855300 0.509869 0.092176 -0.409868 0.774621 -0.481633 0.316971 -0.374161 -0.871512
0.869914 -2.318304 4.544845 2.589969 -0.866635 -0.480462 -0.134537 -0.416982 0.845518 -0.333504 0.273990 -0.232927 -0.933099
0.258144 -2.230457 -3.108828 1.982318 0.785256 0.617894 0.039740 -0.548283 0.723740 -0.419030 0.287678 -0.307257 -0.907102
0.669397 -2.254372 4.156400 4.305243 -0.810214 -0.582787 -0.062554 -0.528339 0.772363 -0.352581 0.253794 -0.252616 -0.933688
1.794664 -6.536298 -4.707890 53.659567 0.850718 0.492918 0.182511 0.191509 0.032691 -0.980946 0.489493 -0.869461 0.066588
1.646886 -6.569465 -9.749114 51.474687 0.877783 0.429087 0.213028 0.220565 0.032757 -0.974822 0.425262 -0.902669 0.065888
1.877006 -7.216770 -5.937413 60.845340 0.853849 0.481293 0.198241 0.285343 -0.114267 -0.951589 0.435341 -0.869080 0.234900
0.118867 -9.833618 -4.294269 -78.687688 0.887162 0.451509 -0.095301 -0.369423 0.571155 -0.733014 0.276531 -0.685509 -0.673505
-0.033210 -9.442928 -1.440414 -68.171781 0.879291 0.466600 -0.095555 -0.381697 0.570344 -0.727334 0.284875 -0.676012 -0.679598
0.061146 -8.956979 -2.246220 -40.998665 0.890975 0.446640 -0.081710 -0.289226 0.419551 -0.860421 0.350017 -0.790247 -0.502989
0.025862 -11.126231 -1.699760 -94.817883 0.865844 0.488968 -0.105945 -0.463797 0.705030 -0.536494 0.187634 -0.513657 -0.837228
0.267747 -9.091022 -6.588468 -23.426415 0.897858 0.434038 -0.073911 -0.284105 0.442898 -0.850368 0.336357 -0.784508 -0.520972
0.218931 -11.857793 -4.508310 -123.256352 0.875734 0.471452 -0.104029 -0.444974 0.704575 -0.552786 0.187316 -0.530383 -0.826805
0.392863 -10.133286 -9.573167 -75.290334 0.896572 0.433851 -0.089057 -0.355718 0.585591 -0.728387 0.263860 -0.684731 -0.679353
-0.421057 -1.632109 17.853165 -19.681472 -0.272210 0.897923 0.345884 0.913763 0.353872 -0.199530 0.301561 -0.261741 0.916816
0.392377 -1.211435 31.762576 -8.358389 -0.488960 0.787623 0.374923 0.824740 0.557409 -0.095388 0.284115 -0.262573 0.922135
-0.488739 -1.365252 18.634183 -13.547165 -0.264975 0.899266 0.348008 0.923195 0.340790 -0.177689 0.278387 -0.274196 0.920498
-0.969802 -1.774701 12.633894 -19.003024 -0.025086 0.952360 0.303943 0.949612 0.117720 -0.290482 0.312423 -0.281341 0.907325
-0.945544 -1.992740 12.152971 -19.906870 -0.029503 0.953323 0.300507 0.938644 0.129774 -0.319541 0.343624 -0.272641 0.898660
0.025449 -8.530917 -0.719449 -27.975277 -0.500836 -0.568643 -0.652540 0.857426 -0.222951 -0.463803 0.118253 -0.791794 0.599232
0.123311 -8.225465 1.681710 -10.833892 -0.485591 -0.567336 -0.665080 0.873629 -0.342106 -0.346030 -0.031213 -0.749062 0.661765
-0.045776 -8.263998 -5.046619 -26.837961 -0.507572 -0.569793 -0.646302 0.861607 -0.334108 -0.382105 0.001786 -0.750804 0.660522
-0.173429 -8.670796 -5.366575 -46.116617 -0.515637 -0.569197 -0.640416 0.846677 -0.223905 -0.482706 0.131363 -0.791127 0.597380
-0.048883 -9.154885 -3.238104 -43.399339 -0.514134 -0.573727 -0.637577 0.816078 -0.098434 -0.569498 0.263977 -0.813110 0.518814
0.008756 -8.721990 -0.431740 -21.539416 -0.508628 -0.570974 -0.644427 0.816968 -0.083800 -0.570562 0.271773 -0.816680 0.509090
-0.256507 -6.646238 0.494679 99.182659 0.768857 0.634327 -0.080552 -0.146773 0.297691 0.943312 -0.622348 0.713449 -0.321983
-0.295276 -4.720796 -0.299573 20.084184 0.764243 0.643254 -0.046439 -0.128666 0.222633 0.966374 -0.631963 0.732570 -0.252911
-0.196556 -6.648423 2.251342 92.531982 0.775632 0.626313 -0.078277 -0.144043 0.296384 0.944144 -0.614530 0.721033 -0.320101
0.693867 -8.434351 19.625846 6.567221 0.722995 0.665612 -0.185039 0.656856 -0.579311 0.482638 -0.214055 0.470489 0.856049
0.933230 -7.957599 -19.688604 25.396278 -0.681566 -0.708888 0.181509 0.725862 -0.623529 0.290405 -0.092688 0.329681 0.939531
1.363279 -8.873453 -17.565829 25.109188 -0.682367 -0.715739 0.148637 0.692212 -0.567292 0.446119 -0.234984 0.407305 0.882545
-3.012135 -9.741222 33.003934 -118.269452 0.125595 0.686979 -0.715742 0.849181 -0.447467 -0.280475 -0.512951 -0.572568 -0.639568
-1.969914 -9.901216 23.965626 -118.729814 0.107012 0.746758 -0.656431 0.883368 -0.374409 -0.281922 -0.456300 -0.549701 -0.699728
-3.176425 -10.714230 38.389027 -74.838552 0.119988 0.696232 -0.707717 0.948337 -0.291274 -0.125764 -0.293700 -0.656064 -0.695212
-4.824220 -10.707771 56.059890 -81.689171 0.177332 0.606304 -0.775209 0.920031 -0.381801 -0.088153 -0.349423 -0.697584 -0.625523
-4.658163 -9.711342 50.983952 -106.296758 0.188104 0.576330 -0.795274 0.812877 -0.545811 -0.203278 -0.551225 -0.608222 -0.571154
-0.187087 -10.029271 -2.866304 -38.235149 -0.521444 -0.565218 -0.639238 0.751563 0.050501 -0.657725 0.404040 -0.823394 0.398463
-0.204220 -9.327376 -4.954798 -51.776943 -0.519587 -0.566610 -0.639517 0.812007 -0.094577 -0.575934 0.265846 -0.818540 0.509232
-0.520623 -9.391845 -9.751634 -52.398908 -0.525547 -0.560945 -0.639642 0.807085 -0.090914 -0.583394 0.269099 -0.822846 0.500509
-1.413871 -7.218010 -4.866658 10.358022 0.538836 0.768398 0.345283 -0.650681 0.639957 -0.408740 0.535042 0.004425 -0.844814
-1.096292 -7.270291 -10.408214 10.881053 0.598954 0.728218 0.333096 -0.639575 0.685331 -0.348231 0.481869 0.004466 -0.876232
-0.932794 -6.670873 -1.712026 32.161389 0.512621 0.788505 0.339822 -0.771344 0.596766 -0.221133 0.377158 0.148762 -0.914123
-1.400308 -7.476221 -12.231515 -7.443867 0.611128 0.717153 0.334985 -0.505335 0.679236 -0.532237 0.609229 -0.155985 -0.777502
-1.268642 -6.605883 -0.302584 30.793034 0.445378 0.825213 0.347364 -0.782389 0.547340 -0.297132 0.435323 0.139437 -0.889410
-1.704180 -7.163185 -2.202201 8.528573 0.479204 0.800805 0.359270 -0.644407 0.598914 -0.475438 0.595906 0.003684 -0.803046
-1.729785 -7.412337 -7.645286 -6.614121 0.557682 0.752532 0.350265 -0.500237 0.641441 -0.581650 0.662385 -0.149160 -0.734165
-0.441314 -7.494793 -2.498544 -58.631184 0.081595 0.744702 -0.662390 0.815592 0.332100 0.473835 0.572846 -0.578903 -0.580275
-0.448075 -6.853363 2.854143 -46.324360 0.097861 0.742685 -0.662452 0.835980 0.299812 0.459620 0.539964 -0.598775 -0.591530
-0.392146 -6.783612 -0.772037 34.535005 0.120712 0.753693 -0.646046 0.865133 0.239272 0.440788 0.486799 -0.612125 -0.623161
-0.527627 -7.380258 -7.650806 18.428237 0.099316 0.749878 -0.654079 0.852450 0.274958 0.444666 0.513289 -0.601732 -0.611926
40.532388 -67.319128 1198.989153 -1357.467801 -0.260867 0.026585 0.965009 0.920928 -0.292969 0.257022 0.289551 0.955752 0.051943
37.959525 -44.511780 1546.199793 -1831.498854 -0.103696 -0.024256 0.994313 0.993095 0.052606 0.104853 -0.054850 0.998321 0.018634
58.412191 -128.777075 2620.861049 -7230.316012 -0.092927 0.268872 0.958683 0.993992 -0.030869 0.105007 0.057827 0.962681 -0.264388
20.382777 -92.451450 158.677262 -818.518322 -0.166703 0.444139 0.880313 0.847077 -0.392437 0.358403 0.504648 0.805440 -0.310800
23.712627 -50.270433 -405.790380 -1231.722491 0.324355 -0.059963 -0.944033 -0.625994 0.734591 -0.261741 0.709173 0.675856 0.200732
3.435065 -10.059587 -18.007838 325.945392 0.050642 0.773020 -0.632357 0.258995 0.601343 0.755849 -0.964550 0.202055 0.169755
3.827969 -13.837331 -15.371338 347.048714 0.044711 0.776985 -0.627929 0.111664 0.620732 0.776030 -0.992740 0.104814 0.059008
4.291124 -14.784997 69.426432 444.756836 0.133077 0.779117 -0.612591 0.108850 0.602860 0.790387 -0.985110 0.171863 0.004580
1.117751 -12.027230 -51.192866 121.589575 0.094625 0.716389 -0.691254 0.935278 0.173894 0.308246 0.341030 -0.675683 -0.653569
0.210387 -14.123280 -25.268646 183.316480 0.109609 0.706271 -0.699405 0.960607 0.105518 0.257098 0.255381 -0.700034 -0.666883
0.691423 -10.871088 -26.323722 158.667903 0.111850 0.726894 -0.677581 0.883277 0.239699 0.402948 0.455315 -0.643561 -0.615238
-12.474282 -200.345774 -15.433991 -2977.293623 0.169658 0.943067 -0.286077 0.148461 0.262515 0.953439 -0.974256 0.204230 0.095472
-15.865273 -107.902400 -1050.985036 238.725968 0.190620 0.938459 -0.288027 -0.409479 0.342675 0.845518 -0.892183 0.043231 -0.449600
-1.035459 -110.296214 -235.377333 -1448.633332 0.151706 0.954853 -0.255424 -0.393450 0.295396 0.870596 -0.906743 0.031578 -0.420500
-30.998100 -120.419884 -758.879415 2464.117254 0.422287 0.885582 -0.193437 0.531930 -0.414891 -0.738184 0.733978 -0.208831 0.646271
-62.020993 -222.048916 -1663.722522 -3019.906726 0.693410 0.623805 -0.360625 0.692683 -0.439277 0.572036 -0.198425 0.646455 0.736698
-68.399195 -116.333472 1882.060897 1882.620274 -0.242658 -0.954030 0.175911 0.967812 -0.250547 -0.023775 0.066756 0.164480 0.984119
-24.625007 -110.231042 -612.682805 -1067.332463 0.646525 0.754819 -0.110696 0.505995 -0.315684 0.802691 -0.570942 0.574971 0.586032
24.693269 -802.954853 -1384.966279 120791.097735 0.344994 0.937275 -0.049945 0.929938 -0.334110 0.153575 -0.127255 0.099428 0.986874
-0.194172 -2.075605 5.723122 -10.413805 0.846496 0.419166 0.328246 0.531850 -0.637874 -0.557003 0.024097 -0.646078 0.762891
-0.304359 -2.378514 -4.453862 -9.084124 0.838863 0.402513 0.366459 0.544277 -0.630730 -0.553121 -0.008498 -0.663448 0.748174
-0.112547 -2.507622 5.874074 9.381887 0.894067 0.357638 0.269702 0.440251 -0.590563 -0.676324 0.082603 -0.723416 0.685453
-0.253044 -1.002441 -0.455135 -46.842496 0.717669 0.531622 0.449811 0.692697 -0.611354 -0.382645 -0.071571 -0.586195 0.807002
0.138206 -2.194890 15.579596 3.344164 0.921240 0.332484 0.201917 0.375527 -0.624751 -0.684591 0.101467 -0.706498 0.700403
-0.065423 -1.768943 11.476766 -11.247056 0.874681 0.398427 0.276022 0.482505 -0.661621 -0.573975 0.046065 -0.635227 0.770950
-0.186946 -0.811899 -7.737676 -40.561924 -0.677360 -0.584637 -0.446523 0.734544 -0.570806 -0.366915 -0.040366 -0.576524 0.816082
-0.554810 -3.986419 -43.078752 -10.273276 0.966394 0.180739 0.182801 0.198100 -0.070416 -0.977649 0.163827 -0.981007 0.103854
-0.560200 -3.607821 -28.680579 -23.179597 0.964904 0.200562 0.169513 0.213285 -0.221964 -0.951442 0.153198 -0.954205 0.256951
-0.138524 -3.530129 -28.554805 -17.727136 0.969993 0.194437 0.145974 0.185940 -0.206401 -0.960638 0.156655 -0.958954 0.236361
2.568659 -1.057579 -74.537109 1.803185 0.648900 -0.665627 -0.368604 0.746478 0.650721 0.139043 0.147308 -0.365380 0.919129
3.769967 -0.931646 -61.798039 -8.867461 0.613806 -0.649740 -0.448419 0.760872 0.638347 0.116562 0.210512 -0.412736 0.886191
3.741732 -0.955366 -61.390096 -1.111271 0.623876 -0.640241 -0.448185 0.755900 0.639978 0.137996 0.198477 -0.424876 0.883225
2.294342 -4.926474 42.992089 -17.302501 0.735615 0.662057 0.143357 -0.112332 -0.089475 0.989634 -0.668022 0.744093 -0.008551
3.209977 -5.500561 58.323485 -32.073509 0.714293 0.697131 0.061596 0.037678 -0.126193 0.991290 -0.698832 0.705750 0.116405
4.733853 -5.140171 100.371342 -19.339257 0.682637 0.697579 0.217695 -0.187502 -0.120727 0.974817 -0.706293 0.706264 -0.048384
-0.071933 -32.370113 -3.629790 -136.708904 0.838647 0.544570 0.010750 0.534512 -0.819042 -0.208487 0.104731 -0.180593 0.977966
-0.102259 -26.401289 -2.331193 543.388810 0.839177 0.543854 -0.002021 0.442339 -0.684691 -0.579253 0.316413 -0.485202 0.815145
-0.123110 -24.149503 2.705124 123.942856 0.830029 0.557720 -0.000178 0.531662 -0.791344 -0.301845 0.168486 -0.250446 0.953357
0.155621 -36.047992 -11.085931 782.682560 0.833512 0.552169 0.019163 0.474988 -0.698426 -0.535338 0.282213 -0.455313 0.844420
-0.029121 -24.662091 0.868116 193.263392 0.806137 0.591106 0.027134 -0.590016 0.806445 -0.039088 -0.044987 0.015501 0.998867
0.084894 -31.250068 -3.113478 797.992383 0.814770 0.578531 0.038089 -0.561917 0.804140 -0.193926 -0.142822 0.136602 0.980276
0.448519 -45.561862 -11.107708 -1011.693977 0.846990 0.531116 0.022882 0.531173 -0.843771 -0.076851 0.021510 -0.077247 0.996780
-0.447880 -49.477226 -55.639958 -1080.949248 -0.302424 0.457044 -0.836451 -0.459992 0.698612 0.548040 0.834834 0.550501 -0.001041
-1.600649 -72.761683 67.166997 1340.444036 0.284526 -0.402884 0.869902 0.850693 -0.312262 -0.422864 0.442003 0.860335 0.253883
-0.067077 -27.713720 -23.302992 -886.089609 -0.365617 0.315882 -0.875524 -0.532542 0.700475 0.475114 0.763363 0.639963 -0.087885
-8.018127 -13.106702 -155.277583 -563.354515 -0.431230 0.193569 -0.881233 -0.455597 0.796326 0.397864 0.778763 0.573058 -0.255211
-14.295700 -23.884452 -170.169799 -515.444471 -0.591375 0.551218 -0.588587 -0.207114 0.601588 0.771489 0.779345 0.578144 -0.241600
0.032900 -29.884393 -36.090779 830.022677 0.436012 -0.274513 0.857051 0.592470 -0.629285 -0.502970 0.677401 0.727078 -0.111735
0.415709 -17.886540 -24.546117 -123.846598 0.410311 -0.273696 0.869905 0.801640 0.563013 -0.200973 -0.434762 0.779812 0.450416
0.614429 -20.391225 -1.436200 -26.999185 0.418380 -0.346643 0.839522 0.862346 0.441797 -0.247334 -0.285161 0.827438 0.483766
0.515972 -19.040235 -1.977628 27.832903 0.353708 -0.372075 0.858167 0.727054 0.686577 -0.001989 -0.588458 0.624637 0.513366
0.559343 -16.510697 -13.425540 -91.301205 0.320444 -0.356522 0.877615 0.639841 0.764640 0.077002 -0.698512 0.536859 0.473141
-0.096583 -12.128652 -23.627877 4.648108 0.310779 -0.331359 0.890852 0.736767 0.676124 -0.005536 -0.600492 0.658071 0.454259
-0.064504 -11.449612 -14.616763 -19.556424 0.445487 -0.249530 0.859812 0.820332 0.498441 -0.280377 -0.358602 0.830236 0.426747
-4.894473 -6.382455 37.282357 43.199108 0.988600 0.090999 0.119956 -0.150322 0.641957 0.751861 0.008588 0.761322 -0.648317
-3.404814 -5.398057 12.291745 27.117655 0.789447 0.355950 0.500073 -0.612861 0.502571 0.609773 0.034274 0.787859 -0.614901
-0.841861 -6.769588 26.664511 -29.106248 0.747606 0.562253 0.353492 -0.644738 0.486703 0.589434 -0.159366 0.668574 -0.726368
-0.986406 -7.054978 34.025835 -9.209584 0.787240 0.530954 0.313595 -0.581087 0.468550 0.665432 -0.206379 0.706080 -0.677391
1.288593 -6.928452 122.529447 -39.879955 0.845435 0.426405 0.321588 -0.532581 0.628033 0.567390 -0.039971 0.650963 -0.758056
2.554195 -9.755194 -21.030873 -607.892155 -0.428967 0.176620 0.885885 0.649803 0.741575 0.166801 -0.627490 0.647203 -0.432879
-1.344667 -11.367360 255.088574 -1030.924369 -0.578437 -0.223889 0.784401 0.365581 0.788469 0.494639 -0.729219 0.572880 -0.374230
-4.589393 -28.403392 164.270455 -1832.553412 -0.645636 -0.195303 0.738249 0.351277 0.782433 0.514201 -0.678055 0.591317 -0.436561
-17.248336 -65.715394 434.164981 -3629.121200 -0.791547 -0.481143 0.376767 -0.067027 0.681167 0.729053 -0.607421 0.551827 -0.571426
-4.115195 -27.896045 173.788774 -1419.698979 0.862024 0.256874 -0.436956 0.191420 0.633250 0.749902 -0.469333 0.730076 -0.496705
-9.602675 -65.552803 -146.713907 -3348.480463 0.849444 0.396178 -0.348551 0.051521 0.595111 0.801990 -0.525158 0.699203 -0.485102
5.244862 -5.310065 219.503452 -96.964106 0.500407 0.413115 0.760873 0.251457 0.771589 -0.584311 -0.828470 0.483720 0.282228
5.895289 -7.149908 143.865355 -83.458147 0.359231 0.320505 0.876487 0.452338 0.761688 -0.463919 -0.816298 0.563123 0.128645
3.185013 -7.830248 121.597579 -39.843994 0.382923 0.285679 0.878497 0.588637 0.657459 -0.470377 -0.711953 0.697234 0.083595
2.665701 -6.107613 128.191654 -88.208529 0.489407 0.369470 0.789919 0.377177 0.727023 -0.573737 -0.786269 0.578731 0.216455
5.842663 -8.616244 121.646387 -10.372094 0.232421 0.255882 0.938352 0.657984 0.669124 -0.345442 -0.716266 0.697709 -0.012848
-1.819494 -9.876267 9.631074 184.928118 0.887955 0.405803 0.216472 -0.085667 0.608351 -0.789031 0.451882 -0.682079 -0.574952
0.302839 -3.008261 -12.012334 17.899556 0.697438 0.534493 0.477386 0.668727 -0.724881 -0.165385 -0.257651 -0.434587 0.862989
0.171901 -3.136173 -13.444574 17.431878 0.724456 0.495175 0.479546 0.633248 -0.752917 -0.179200 -0.272323 -0.433495 0.859024
0.107501 -3.458335 -14.663139 13.120057 0.709460 0.516703 0.479255 0.616922 -0.784091 -0.067895 -0.340698 -0.343831 0.875046
-0.014265 -3.046187 -1.213962 9.920248 0.758742 0.467858 0.453233 0.601207 -0.770787 -0.210801 -0.250722 -0.432431 0.866108
-0.032005 -3.226029 -1.882226 4.230086 0.741518 0.495982 0.451832 0.595458 -0.796814 -0.102555 -0.309160 -0.345094 0.886189
-0.060313 -5.812484 -4.963231 16.154629 0.872524 0.382169 0.304383 0.452404 -0.396741 -0.798704 0.184479 -0.834592 0.519060
-0.265101 -5.949366 -2.972722 12.196098 0.869501 0.396367 0.294723 0.478603 -0.528601 -0.701085 0.122096 -0.750649 0.649322
-0.332023 -5.796771 -1.381416 8.105976 0.872226 0.403516 0.276401 0.467883 -0.523724 -0.711898 0.142504 -0.750259 0.645604
-0.234362 -7.968721 6.295809 -17.150627 0.736111 0.673422 0.068145 0.445600 -0.406362 -0.797691 0.509491 -0.617554 0.599204
-0.595543 -7.463663 5.872723 -15.213385 0.744567 0.662492 0.081995 0.474184 -0.438434 -0.763495 0.469860 -0.607354 0.640587
-0.857189 -7.081862 5.523087 -8.845886 0.744407 0.655146 0.129007 0.485693 -0.398685 -0.777916 0.458215 -0.641743 0.614984
-0.773270 -7.017374 4.857768 7.898279 0.731108 0.662932 0.161251 0.412041 -0.240654 -0.878811 0.543786 -0.708947 0.449099
0.582882 -4.157463 -1.567701 -4.774779 0.904924 0.186993 0.382291 -0.283405 0.934922 0.213546 -0.317481 -0.301586 0.899028
-0.044919 -1.698237 27.576334 23.539037 0.854332 0.451540 0.257348 -0.291966 0.007327 0.956401 -0.429967 0.892221 -0.138094
-0.565949 -1.165466 27.542867 14.496281 0.842586 0.456346 0.286004 -0.302560 -0.038231 0.952363 -0.445541 0.888981 -0.105859
0.051324 -1.115285 26.943861 14.675419 0.851648 0.451236 0.266612 -0.283881 -0.030467 0.958375 -0.440576 0.891885 -0.102150
1.593866 -3.409211 -25.279021 0.457625 0.784308 0.531355 0.320193 -0.200519 0.705556 -0.679693 -0.587072 0.468884 0.659920
2.204951 -3.489405 -22.459076 2.872180 0.802790 0.527039 0.278852 -0.281460 0.747239 -0.602009 -0.525651 0.404801 0.748216
2.350782 -3.494072 -1.811024 2.139340 0.829613 0.518336 0.207534 -0.303235 0.730387 -0.612033 -0.468818 0.444819 0.763116
0.777291 -11.321760 -3.385817 -47.811828 0.982401 0.106248 0.153621 -0.176136 0.800676 0.572620 0.062161 0.589601 -0.805299
0.583378 -10.011678 -10.441004 -54.731307 0.985618 0.112277 0.126295 -0.158412 0.874103 0.459184 0.058839 0.472587 -0.879318
0.288515 -9.672982 -14.058999 -57.492231 0.982870 0.138716 0.121348 -0.180851 0.852737 0.490033 0.035503 0.503585 -0.863216
-0.763341 -18.431228 2.103439 8.818899 0.986087 0.082106 0.144536 -0.085693 -0.493972 0.865244 -0.142438 0.865592 0.480064
0.438435 -13.854536 -1.214458 -6.109037 0.930884 0.167018 0.324899 -0.206011 -0.494457 0.844436 -0.301685 0.853005 0.425875
0.335555 -13.640324 -2.560169 88.009074 0.926825 0.155741 0.341672 -0.171236 -0.634501 0.753715 -0.334175 0.757069 0.561403
0.249312 -13.483973 -0.747710 37.215974 0.931101 0.163122 0.326256 -0.131032 -0.685155 0.716515 -0.340415 0.709897 0.616574
1.027913 -3.694552 40.776262 1.280049 0.961780 0.255455 0.098601 0.069009 -0.574594 0.815524 -0.264985 0.777550 0.570262
-0.681606 -3.722488 12.109218 4.954210 0.961489 0.162925 0.221348 -0.036726 -0.721973 0.690946 -0.272380 0.672466 0.688186
-0.846654 -5.482246 -16.626449 28.024186 0.828950 0.555920 0.061603 0.471008 -0.753214 0.459152 -0.301652 0.351599 0.886219
-1.255785 -5.346867 -14.639939 25.744282 0.837802 0.544560 0.039263 0.476186 -0.763999 0.435376 -0.267086 0.346062 0.899392
0.607021 -13.562562 -29.141488 66.659186 0.968671 -0.107585 0.223833 0.226787 0.750519 -0.620717 0.101211 -0.652033 -0.751405
0.724422 -12.094876 -23.481493 39.178722 0.968499 -0.099065 0.228463 0.205094 0.837669 -0.506209 0.141228 -0.537119 -0.831599
-0.170552 -14.895331 240.289705 403.897820 0.851226 0.524770 0.005629 -0.109422 0.187962 -0.976062 0.513266 -0.830233 -0.217419
1.316085 -9.303479 366.876615 397.292307 0.849509 0.514662 0.116005 -0.094258 0.364407 -0.926457 0.519086 -0.776099 -0.358078
3.327595 -14.564472 399.671360 381.738074 0.845570 0.523414 0.105114 -0.017417 0.223833 -0.974472 0.533580 -0.822153 -0.198383
6.542261 1.563221 169.303298 96.403610 0.180767 0.615301 -0.767286 0.968879 0.022732 0.246490 0.169107 -0.787965 -0.592042
7.641660 2.652853 181.180623 80.233995 0.172815 0.608474 -0.774529 0.974744 0.007280 0.223207 0.141454 -0.793541 -0.591848
7.195162 3.049563 224.253451 74.881247 0.015123 0.651000 -0.758927 0.991210 0.090006 0.096958 0.131428 -0.753723 -0.643917
5.116623 2.818428 260.460302 61.879847 -0.088713 0.694781 -0.713730 0.989088 0.146061 0.019245 0.117620 -0.704234 -0.700157
-1.355011 -10.043388 -23.640741 261.653657 0.851625 0.095034 -0.515464 0.485820 0.226044 0.844324 -0.196757 0.969470 -0.146335
-1.147121 -11.136432 -39.145202 289.030522 0.948341 0.194557 -0.250592 0.240145 0.075935 0.967762 -0.207314 0.977948 -0.025290
0.009462 -16.177015 -69.375362 526.485493 0.740821 0.016809 -0.671492 0.604207 0.420076 0.677105 -0.293459 0.907333 -0.301045
0.651353 -18.915279 -86.657052 710.145645 0.887647 0.126571 -0.442789 0.374555 0.360987 0.854047 -0.267939 0.923941 -0.273022
-21.953649 -299.519857 -1037.646050 -28834.621471 -0.900922 -0.388229 -0.193954 -0.286728 0.867961 -0.405500 0.325772 -0.309711 -0.893281
7.671565 -618.789081 -2383.653308 -50242.252199 -0.860066 -0.430736 -0.273410 -0.295001 0.857103 -0.422314 0.416246 -0.282562 -0.864233
-17.013406 -252.984748 408.201160 -2677.094052 0.880637 0.304105 0.363317 0.128245 0.585204 -0.800681 0.456106 -0.751703 -0.476352
-904.480644 -1765.847061 40516.270636 -35758.191237 0.928156 0.229449 0.293054 0.257242 0.173568 -0.950632 0.268986 -0.957720 -0.102075
