14772
29529
-6.398333 -8.140026 79.543574 134.399007 -0.335191 0.938725 -0.080264 -0.716874 -0.309396 -0.624792 0.611342 0.151885 -0.776655
-6.677675 -9.258152 58.172801 116.636099 -0.374374 0.925177 -0.062376 -0.630468 -0.303292 -0.714510 0.679967 0.228167 -0.696839
-7.558230 -11.018614 -23.536945 271.316695 0.155972 0.916871 0.367450 -0.695514 0.366091 -0.618254 0.701379 0.159137 -0.694797
-4.750022 -7.396549 -12.992108 78.909729 -0.620729 0.731237 -0.282822 -0.520882 -0.654239 -0.548319 0.585984 0.193041 -0.786993
-6.493675 -10.034441 -103.002982 327.003900 0.273969 0.904475 0.326905 -0.745201 0.414518 -0.522351 0.607961 0.100502 -0.787581
-5.070523 -6.470075 9.663618 104.006388 -0.292585 0.952249 -0.087268 -0.787477 -0.291714 -0.542939 0.542470 0.090134 -0.835226
-8.908770 -10.335563 -71.657678 -30.084968 -0.039904 0.975153 -0.217910 -0.218192 -0.221324 -0.950478 0.975090 -0.009618 -0.221602
-11.086909 -11.844862 -86.349153 138.109482 -0.046341 -0.567620 -0.821985 -0.254454 0.802433 -0.539773 0.965974 0.184144 -0.181619
-8.936307 -9.939312 -86.987450 -26.400233 -0.052766 0.950127 -0.307368 -0.035289 -0.309379 -0.950284 0.997983 0.039296 -0.049854
-9.428863 -11.104550 192.532137 -78.023224 -0.232616 0.970287 0.066587 -0.049051 0.056674 -0.997187 0.971331 0.235227 -0.034410
-7.933970 -10.435929 -52.758041 -77.933856 -0.127044 0.991890 0.003667 0.098746 0.016326 -0.994979 0.986970 0.126044 0.100020
-12.755343 -21.059695 546.047826 -472.143481 0.191190 0.976820 0.096276 0.445348 0.001080 -0.895357 0.874707 -0.214060 0.434818
-22.322047 -22.580471 -277.518759 865.784547 0.406254 0.081612 -0.910108 0.288761 0.933497 0.212606 0.866934 -0.349176 0.355670
-17.740565 -22.320878 884.666515 -87.181194 0.242978 0.969988 -0.009225 0.122644 -0.040153 -0.991638 0.962247 -0.239815 0.128720
-17.321072 -22.645820 310.291063 -53.870565 0.530740 0.842660 0.090772 0.101295 0.043266 -0.993915 0.841460 -0.536705 0.062395
-6.564108 -20.380953 285.876909 -98.454421 0.232207 0.969812 0.074469 0.167827 0.035465 -0.985178 0.958078 -0.241263 0.154525
0.539324 -4.170577 82.266574 -50.298259 0.148108 0.986272 0.073021 -0.708551 0.157333 -0.687897 0.689942 -0.050144 -0.722126
1.150223 -3.330427 37.918404 -60.003315 0.175168 0.982734 0.059590 -0.662264 0.162399 -0.731460 0.728507 -0.088664 -0.679276
0.508611 -3.044724 79.279211 -63.017843 0.128329 0.990156 0.055879 -0.654453 0.126886 -0.745380 0.745133 -0.059084 -0.664294
-0.214274 -3.572460 46.191044 -65.208112 0.111066 0.993391 0.028944 -0.680676 0.097260 -0.726100 0.724117 -0.060944 -0.686980
0.667568 -3.701620 -15.163604 28.297890 0.039072 0.999064 0.018559 -0.937539 0.030228 0.346563 -0.345678 0.030941 -0.937843
0.483376 -4.209814 -44.256166 41.468653 -0.039670 0.998938 0.023421 -0.956388 -0.044748 0.288652 -0.289393 0.010949 -0.957148
0.635218 -4.166976 -10.223146 29.547289 0.008092 0.999153 0.040357 -0.961038 -0.003381 0.276396 -0.276298 0.041021 -0.960196
0.390174 -4.461508 -31.162008 35.166565 -0.036682 0.998705 0.035246 -0.972393 -0.043804 0.229201 -0.230448 0.025865 -0.972741
0.480327 -4.481154 2.716943 31.180727 0.029019 0.998023 0.055744 -0.973552 0.015576 0.227936 -0.226617 0.060884 -0.972079
0.732653 -4.002764 22.650936 28.443496 0.058512 0.996302 0.062916 -0.954407 0.037349 0.296162 -0.292717 0.077376 -0.953063
2.099612 -8.251233 108.872901 -186.036721 0.015922 0.999721 -0.017448 0.289507 0.012093 0.957100 -0.957044 0.020291 0.289233
0.942821 -8.374110 54.264353 -14.869203 0.011263 0.999620 0.025159 0.451031 -0.027534 0.892083 -0.892437 -0.001300 0.451170
1.792272 -8.446568 119.028864 -72.150246 -0.010975 0.999901 -0.008846 0.450904 0.012845 0.892480 -0.892505 -0.005806 0.451000
0.885351 -8.440119 23.662864 76.678808 -0.020637 0.999108 0.036829 0.592087 -0.017469 0.805684 -0.805609 -0.038433 0.591199
1.772565 -8.404801 101.818874 60.912585 -0.043019 0.999074 -0.000118 0.599959 0.025928 0.799611 -0.798873 -0.034328 0.600519
0.736234 -7.777343 -3.211858 25.647820 0.011530 0.994813 -0.101064 -0.421879 0.096474 0.901505 -0.906579 -0.032242 -0.420803
0.784906 -7.790964 1.391790 14.691108 0.013940 0.996728 -0.079617 -0.303006 0.080092 0.949617 -0.952887 -0.010887 -0.303131
0.997000 -7.315963 -23.959477 17.961645 -0.034239 0.996029 -0.082188 -0.280524 0.069352 0.957338 -0.959236 -0.055834 -0.277036
0.900194 -7.600553 -25.349596 -25.328169 -0.011301 0.997980 -0.062509 -0.203878 0.058900 0.977223 -0.978931 -0.023788 -0.202800
1.068119 -7.697382 -22.280551 -34.853867 -0.024976 0.997708 -0.062892 -0.171635 0.057698 0.983470 -0.984844 -0.035357 -0.169801
1.299078 -7.463212 9.148542 16.301987 -0.026283 0.997393 -0.067209 -0.158621 0.062220 0.985377 -0.986990 -0.036560 -0.156572
1.135585 -11.570237 -7.729915 177.936025 0.023328 0.999527 -0.020034 0.037016 0.019162 0.999131 -0.999042 0.024049 0.036551
0.985433 -11.084073 15.176432 91.803628 0.024839 0.998836 -0.041352 0.133772 0.037672 0.990296 -0.990701 0.030129 0.132681
1.170270 -12.444534 7.699669 129.925754 0.023487 0.998642 -0.046506 -0.070166 0.048051 0.996377 -0.997259 0.020139 -0.071199
1.304587 -12.611121 -2.664175 166.118355 0.032149 0.999216 -0.023106 -0.114716 0.026654 0.993041 -0.992878 0.029274 -0.115483
-1.451771 -16.890445 -103.438799 -71.140959 -0.014670 0.996264 0.085103 0.710114 -0.049539 0.702342 -0.703934 -0.070737 0.706734
-1.241793 -15.463985 -90.216990 -81.570372 -0.033865 0.998668 0.038928 0.493648 -0.017153 0.869493 -0.869002 -0.048662 0.492409
-0.338796 -17.686566 -40.342383 -131.678674 -0.009517 0.998687 0.050329 0.601266 -0.034502 0.798303 -0.798992 -0.037859 0.600149
-0.463837 -19.986418 -56.445958 -128.850321 0.007218 0.995537 0.094098 0.830493 -0.058382 0.553961 -0.556982 -0.074149 0.827208
0.503069 -18.301856 -9.424139 -146.154467 0.013967 0.998465 0.053597 0.684838 -0.048609 0.727073 -0.728562 -0.026551 0.684465
1.366641 -15.461835 45.869726 -374.154449 0.205854 0.977795 -0.039256 0.444953 -0.129253 -0.886177 0.871574 -0.164956 0.461681
1.663496 -15.486263 52.777126 -376.105778 0.210062 0.977124 -0.033204 0.440478 -0.124905 -0.889032 0.872842 -0.172127 0.456639
1.593074 -11.153724 28.699706 -231.987378 0.251923 0.965078 -0.071833 0.579576 -0.209901 -0.787422 0.775001 -0.156737 0.612215
0.913944 -10.548193 38.892688 -233.735647 0.218711 0.971898 -0.087064 0.585467 -0.202081 -0.785106 0.780637 -0.120739 0.613211
14.306106 -5.447812 558.238616 -82.150500 0.140520 0.984729 0.102773 0.837001 -0.173599 0.518934 -0.528851 -0.013101 0.848614
28.026168 -4.452202 1070.970645 -88.063875 0.142297 0.967198 0.210425 0.829218 -0.232570 0.508241 -0.540508 -0.102167 0.835112
11.981234 -6.658374 498.438764 -68.395465 0.051031 0.994218 0.094484 0.766513 -0.099637 0.634452 -0.640198 -0.040047 0.767166
27.117039 -5.525757 1083.846245 -14.550132 0.107395 0.988140 0.109753 0.899701 -0.143568 0.412221 -0.423089 -0.054474 0.904449
14.901608 -6.802045 612.531325 29.412947 0.120039 0.991091 0.057692 0.912746 -0.133034 0.386259 -0.390493 -0.006292 0.920584
1.014864 -16.065668 -76.145453 -18.380992 0.010984 0.999316 0.035320 -0.911838 0.024507 -0.409817 0.410402 0.027704 -0.911484
0.248803 -14.842034 -66.239632 101.084761 0.018778 0.998591 0.049626 -0.974002 0.029478 -0.224613 0.225760 0.044118 -0.973183
-0.089942 -15.755128 -73.496079 41.123540 0.035623 0.998297 0.046205 -0.909774 0.051528 -0.411893 0.413572 0.027363 -0.910060
-0.558413 -15.840026 -73.838629 -46.060584 0.059059 0.996430 0.060330 -0.806124 0.083251 -0.585862 0.588793 0.014033 -0.808162
0.815149 -16.343949 -94.474914 -43.356560 0.045103 0.998578 0.028427 -0.792069 0.053088 -0.608118 0.608762 -0.004912 -0.793337
1.086393 -5.508921 -38.380140 78.685094 -0.160137 -0.681385 -0.714192 -0.020776 0.725696 -0.687702 0.986876 -0.095289 -0.130367
0.041714 -4.841331 12.733766 52.261615 0.151287 0.771382 0.618128 -0.108802 0.634521 -0.765210 0.982484 -0.048512 -0.179923
0.932932 -4.621022 -28.093646 74.876216 -0.163211 -0.687285 -0.707815 -0.071790 0.723806 -0.686258 0.983976 -0.061191 -0.167473
0.587491 -5.955796 29.419565 68.410123 0.145723 0.758026 0.635737 -0.009609 0.643651 -0.765259 0.989279 -0.105408 -0.101079
2.540761 -5.925348 -82.455759 82.961729 -0.171521 -0.613539 -0.770812 0.028790 0.778951 -0.626424 0.984760 -0.129636 -0.115943
2.218646 -6.565300 -71.957607 88.619016 -0.143275 -0.669392 -0.728963 0.070350 0.727810 -0.682161 0.987179 -0.149020 -0.057185
-0.038839 -15.394858 22.322991 34.394769 -0.191052 0.961029 0.199807 -0.766552 -0.273219 0.581162 -0.613104 0.042130 -0.788878
0.093982 -15.253555 2.082692 -33.041705 -0.213311 0.958103 0.191147 -0.688340 -0.286227 0.666530 -0.693316 -0.010604 -0.720556
0.277278 -16.001099 13.632673 90.462721 -0.192378 0.964380 0.181554 -0.820283 -0.259581 0.509661 -0.538635 0.050878 -0.841002
-0.782472 -25.279784 -31.735515 174.701710 -0.590047 0.799476 0.112613 -0.699451 -0.575847 0.423282 -0.403252 -0.170989 -0.898972
-1.003013 -23.299993 -36.423118 74.027750 -0.601625 0.786670 0.138556 -0.546544 -0.531906 0.646812 -0.582526 -0.313411 -0.749958
-1.040088 -23.708997 -29.847872 145.664256 -0.560463 0.819168 0.121842 -0.712164 -0.551802 0.433979 -0.422734 -0.156457 -0.892646
-1.193267 -21.393226 -14.895371 68.653146 -0.554532 0.818704 0.149057 -0.698813 -0.555396 0.450772 -0.451835 -0.145804 -0.880106
-0.954759 -22.934156 -15.480427 80.948248 -0.530165 0.837486 0.132448 -0.814033 -0.546448 0.196836 -0.237223 0.003461 -0.971449
3.760711 -6.923769 132.426635 19.255993 0.042421 0.979929 0.194780 -0.967706 0.088788 -0.235929 0.248488 0.178481 -0.952049
3.629314 -6.800145 94.196699 -1.107998 0.036527 0.981193 0.189542 -0.936621 0.099745 -0.335845 0.348435 0.165261 -0.922649
2.409936 -6.999492 108.102696 8.622078 0.005811 0.978706 0.205185 -0.965276 0.059079 -0.254464 0.261168 0.196582 -0.945065
-0.998593 -14.994584 0.521877 -148.748476 -0.488705 0.827464 0.276533 -0.752102 -0.560209 0.347143 -0.442165 0.038330 -0.896114
-1.110191 -16.295156 17.303436 217.300645 -0.444866 0.853407 0.271645 -0.843789 -0.501052 0.192268 -0.300191 0.143678 -0.942996
-1.214100 -16.133118 5.436640 -91.938195 -0.476844 0.840000 0.258883 -0.787949 -0.539026 0.297636 -0.389558 0.062061 -0.918908
-1.059517 -12.983146 16.207280 58.295037 -0.465233 0.830933 0.305137 -0.795011 -0.543811 0.268749 -0.389249 0.117556 -0.913600
6.743672 -111.506224 -146.374957 -5437.976225 0.546253 -0.799054 -0.251237 0.832240 0.483814 0.270740 -0.094784 -0.356982 0.929290
-0.680249 -29.526915 298.906261 1631.542446 0.783462 -0.486195 -0.387042 -0.602770 -0.443027 -0.663624 -0.151180 -0.753221 0.640158
14.798027 -265.417072 -369.681425 22943.533585 0.759294 -0.627606 -0.171998 -0.436167 -0.294671 -0.850251 -0.482939 -0.720611 0.497483
-1.416188 -386.710257 33.510917 -21727.247595 0.458067 -0.878246 -0.137330 0.886544 0.462642 -0.001585 0.064926 -0.121023 0.990524
-75.533826 -3934.251082 -8541.290079 -186962.545653 -0.529295 0.845217 0.073858 0.646349 0.458084 -0.610240 0.549618 0.275259 0.788767
37.828172 -559.240774 -1401.983910 -28369.105731 -0.141050 0.980134 0.139435 0.925291 0.180601 -0.333497 0.352054 -0.081978 0.932383
1.087527 -14.908566 31.753604 64.077803 -0.175042 0.963569 0.202225 -0.688277 0.027112 -0.724942 0.704014 0.266082 -0.658456
1.755149 -15.358564 72.931745 238.768739 -0.162975 0.966406 0.198742 -0.630103 0.053056 -0.774697 0.759217 0.251485 -0.600288
1.040785 -17.190221 16.211782 352.576257 -0.151879 0.965913 0.209630 -0.581210 0.084269 -0.809379 0.799455 0.244767 -0.548599
-2.402903 -7.906119 11.094672 -131.952099 -0.071019 0.492498 0.867411 0.899860 0.406824 -0.157311 -0.430359 0.769376 -0.472071
-2.645903 -7.297429 -4.824423 -95.906179 0.027653 0.515145 0.856657 0.875718 0.400766 -0.269267 -0.482031 0.757635 -0.440039
-2.132968 -10.012352 -14.502437 -175.294020 -0.026751 0.504061 0.863254 0.936148 0.315495 -0.155210 -0.350587 0.803981 -0.480316
-2.807828 -6.288399 4.361892 -53.579077 -0.083851 0.491891 0.866609 0.862178 0.471852 -0.184403 -0.499618 0.731709 -0.463663
-1.873679 -8.685918 3.745753 -108.482593 -0.172149 0.480759 0.859788 0.917899 0.395074 -0.037126 -0.357529 0.782807 -0.509300
-2.586167 -6.941164 15.572510 -69.478760 -0.188076 0.465632 0.864762 0.849139 0.519542 -0.095070 -0.493548 0.716423 -0.493100
0.897746 -3.339279 10.680708 33.726940 0.089790 0.995333 0.035342 -0.922456 0.069731 0.379752 -0.375516 0.066700 -0.924413
0.707454 -3.299089 -19.910555 11.718633 0.093822 0.995561 -0.007526 -0.906676 0.088563 0.412425 -0.411261 0.031871 -0.910960
0.255150 -3.620584 -49.419194 12.098463 0.085510 0.995811 -0.032372 -0.912514 0.091319 0.398722 -0.400008 0.004555 -0.916500
0.277201 -3.808931 -42.689987 26.598830 -0.004330 0.999918 0.012048 -0.939427 -0.008197 0.342650 -0.342721 0.009835 -0.939386
0.114347 -6.251199 -20.497602 -28.453174 0.164514 0.963390 -0.211694 -0.968331 0.198604 0.151298 -0.187802 -0.180099 -0.965554
0.118846 -6.598793 -12.279611 -5.222535 0.173025 0.963865 -0.202548 0.971177 -0.201196 -0.127810 -0.163943 -0.174596 -0.970896
0.095889 -6.993598 0.842350 -60.387238 0.151299 0.971082 -0.184687 -0.955180 0.191719 0.225555 -0.254440 -0.142283 -0.956565
-0.254814 -8.424106 -25.244136 -15.607428 -0.069869 0.995626 -0.062021 -0.780147 -0.093282 -0.618602 0.621682 -0.005164 -0.783252
0.035900 -7.724636 -23.743607 19.760889 -0.094648 0.991980 -0.083773 -0.740359 -0.126396 -0.660222 0.665515 0.000467 -0.746384
0.085153 -8.022514 -29.568232 4.590714 -0.078899 0.993351 -0.083840 -0.779219 -0.113909 -0.616314 0.621766 -0.016703 -0.783025
-0.350883 -8.288375 -48.459240 -11.798774 -0.007983 0.998099 -0.061108 -0.842881 -0.039597 -0.536642 0.538041 -0.047223 -0.841595
0.007962 -7.728638 -23.337722 19.377793 -0.059062 0.995709 -0.071234 -0.846660 -0.087769 -0.524845 0.528846 -0.029313 -0.848212
-0.166004 -7.716039 40.987736 50.186115 -0.110340 0.992720 -0.048294 -0.795632 -0.117346 -0.594305 0.595646 0.027151 -0.802788
2.086360 -41.669593 -49.637150 133.410032 0.104740 0.972606 -0.207528 -0.260466 -0.174564 -0.949571 0.959785 -0.153512 -0.235047
1.205513 -35.209083 -43.378772 411.911712 0.128631 0.962616 -0.238378 -0.591673 -0.118411 -0.797435 0.795850 -0.243617 -0.554323
1.424430 -34.880451 -4.158854 39.443295 0.112564 0.970343 -0.213925 -0.336966 -0.165258 -0.926900 0.934764 -0.176421 -0.308370
1.783176 -36.274231 12.925536 -413.050132 0.098618 0.977181 -0.188125 0.012429 -0.190241 -0.981659 0.995048 -0.094471 0.030907
-9.530110 -267.255243 64.677409 -5240.446402 0.983676 -0.089468 -0.156131 -0.051978 -0.971928 0.229465 0.172278 0.217603 0.960713
-6.613651 -135.597130 -73.665523 5183.803685 0.965666 -0.259775 -0.002607 -0.251430 -0.937075 0.242224 0.065367 0.233252 0.970217
-4.739500 -99.891996 -43.150650 3121.114435 0.986777 -0.135350 -0.089172 -0.158291 -0.923059 -0.350579 0.034860 -0.360059 0.932278
0.668471 -172.977354 -105.116130 9425.723805 0.982363 -0.017324 -0.186178 -0.097418 -0.897305 -0.430526 0.159600 -0.441070 0.883168
-15.956073 -158.234378 -82.334613 -3384.107663 0.944789 -0.076881 -0.318533 0.115670 0.987756 0.104681 0.306585 -0.135747 0.942114
-2.449267 -337.478009 235.225999 -20404.482591 0.916670 -0.113749 -0.383115 0.129149 -0.822889 0.553331 0.378201 0.556701 0.739627
-0.702365 -6.629228 40.915208 85.213989 0.005483 0.999762 -0.021114 -0.879517 -0.005226 -0.475839 0.475836 -0.021179 -0.879279
-0.612294 -6.627129 16.417629 11.246631 0.028036 0.998373 -0.049650 -0.909238 0.004832 -0.416250 0.415332 -0.056814 -0.907894
-0.417233 -6.620549 -8.483181 -17.872271 0.014671 0.997816 -0.064403 -0.894740 -0.015652 -0.446313 0.446347 -0.064172 -0.892556
-0.779261 -6.951701 36.571061 127.646265 0.029782 0.998918 -0.035720 -0.891777 0.010412 -0.452355 0.451493 -0.045327 -0.891123
-6.028606 -8.897076 -58.489193 51.225997 0.343493 0.935381 0.084113 0.624841 -0.294479 0.723088 -0.701132 0.195819 0.685616
-6.140499 -8.203723 -68.180021 68.449163 0.352244 0.933981 0.060031 0.712850 -0.309302 0.629426 -0.606439 0.178918 0.774738
-6.924097 -8.663996 -47.459953 51.631635 0.433284 0.901182 0.011687 0.658924 -0.325602 0.678088 -0.614886 0.286103 0.734888
-6.931202 -7.704777 -60.393539 53.412355 0.367572 0.928893 -0.045253 0.782633 -0.282677 0.554598 -0.502370 0.239272 0.830887
-7.798240 -8.251883 -63.399110 46.541636 0.517581 0.854405 -0.045842 0.670675 -0.371845 0.641815 -0.531324 0.362936 0.765488
-7.663397 -9.083984 -35.926944 39.693581 0.485346 0.869687 -0.089911 0.619114 -0.269243 0.737704 -0.617363 0.413707 0.669111
-6.704880 -9.186096 -51.426621 30.061920 0.400030 0.916336 0.017447 0.568458 -0.263005 0.779541 -0.718910 0.301922 0.626108
-3.948422 -7.181958 -4.046250 82.572330 -0.078128 0.994982 0.062508 0.794181 0.024214 0.607199 -0.602638 -0.097082 0.792088
-4.446143 -7.731147 -12.595609 72.920665 0.054259 0.995760 0.074286 0.771080 -0.089052 0.630480 -0.634422 -0.023071 0.772642
-4.381349 -8.375916 -10.381209 75.547310 -0.025137 0.996228 0.083050 0.719389 -0.039660 0.693474 -0.694152 -0.077177 0.715679
-4.015402 -8.115922 -11.655206 73.316331 -0.139179 0.986816 0.082602 0.730455 0.045985 0.681411 -0.668629 -0.155175 0.727225
-4.868176 -9.242090 -12.833118 46.992433 0.024012 0.995483 0.091858 0.588072 -0.088371 0.803966 -0.808452 -0.034714 0.587538
-4.424617 -8.974046 -21.091097 59.200576 -0.097256 0.991835 0.082491 0.640172 -0.001121 0.768231 -0.762051 -0.127523 0.634836
-1.904636 -4.995415 80.802025 51.614068 0.150543 0.977946 -0.144773 0.829884 -0.204593 -0.519071 0.537243 0.042002 0.842381
-0.817901 -5.040966 63.516154 45.275806 0.200274 0.962630 -0.182301 0.821929 -0.266349 -0.503478 0.533219 0.049005 0.844557
-1.362568 -5.685763 84.011723 25.926719 0.181313 0.967872 -0.174208 0.881153 -0.238548 -0.408246 0.436687 0.079484 0.896095
-1.133299 -4.050141 68.405478 62.405825 0.185583 0.968632 -0.165262 0.774851 -0.247685 -0.581600 0.604289 0.020118 0.796511
-1.930830 -5.677738 28.780275 23.537637 0.147948 0.982126 -0.116361 0.887769 -0.183736 -0.422028 0.435864 0.040864 0.899084
-1.934226 -5.386523 7.911404 40.000145 0.145263 0.984554 -0.097738 0.857559 -0.174560 -0.483861 0.493448 0.013529 0.869670
-1.839241 -3.832848 52.969871 69.410898 0.132255 0.986351 -0.098084 0.776682 -0.164603 -0.608006 0.615852 -0.004231 0.787850
-1.772596 -4.778366 -5.096275 60.354150 0.137728 0.988128 -0.068077 0.823564 -0.152431 -0.546359 0.550249 -0.019183 0.834780
0.309871 -7.106684 178.405083 10.605272 0.103941 0.959184 -0.262986 0.823552 0.065248 0.563475 -0.557636 0.275151 0.783157
-1.382070 -7.421513 151.694396 17.143866 0.075598 0.963484 -0.256873 0.859224 0.067777 0.507089 -0.505983 0.259047 0.822725
1.327735 -6.916447 155.080709 -1.919195 0.145914 0.966214 -0.212460 0.878638 -0.027873 0.476675 -0.454648 0.256229 0.853019
-1.181172 -7.341668 39.657871 -51.841182 -0.026697 0.963588 -0.266055 0.399707 0.254237 0.880680 -0.916254 0.082833 0.391940
-0.567837 -7.768014 49.880055 -32.920714 -0.023237 0.952612 -0.303301 0.457522 0.279881 0.844003 -0.888895 0.119155 0.442344
-0.649676 -6.919532 28.496467 -58.847683 -0.007099 0.972315 -0.233566 0.308875 0.224282 0.924280 -0.951076 0.065581 0.301916
-0.593507 -6.359363 -10.315607 -41.472318 0.013579 0.992730 -0.119595 0.304499 0.109820 0.946161 -0.952416 0.049264 0.300794
-1.504339 -8.671614 -15.039221 28.112302 0.019562 0.999714 0.013783 0.840781 -0.008989 -0.541300 0.541021 -0.022177 0.840716
-1.574173 -9.377066 -0.135144 147.642659 0.007026 0.999818 -0.017763 0.753079 -0.016977 -0.657711 0.657892 0.008756 0.753061
-1.474637 -8.376693 10.307024 -37.163995 -0.015894 0.999740 -0.016373 0.864540 0.005514 -0.502533 0.502312 0.022142 0.864403
-1.495519 -9.786678 -21.772797 160.353624 0.030859 0.999308 0.020756 0.725658 -0.008119 -0.688008 0.687363 -0.036293 0.725407
-1.394636 -8.740681 -13.166461 -198.440257 -0.033382 0.998202 0.049782 0.933697 0.048915 -0.354708 0.356505 -0.034640 0.933651
-1.270048 -8.895835 -21.026890 4.063264 0.022828 0.998386 0.052000 0.846378 0.008383 -0.532516 0.532092 -0.056168 0.844821
-1.082130 -16.304007 79.893046 -85.246165 -0.061907 0.997990 -0.013559 0.498333 0.019136 -0.866775 0.864773 0.060416 0.498516
-0.072405 -14.627430 54.583809 -66.277998 -0.070308 0.997101 0.029108 0.534324 0.062285 -0.842982 0.842351 0.043715 0.537154
-0.616751 -14.363743 83.266683 -162.324892 -0.095897 0.995212 0.018888 0.708354 0.081563 -0.701129 0.699312 0.053857 0.712784
-1.483416 -14.657921 85.666988 -252.368431 -0.072694 0.996802 0.033185 0.756070 0.076777 -0.649972 0.650441 0.022159 0.759234
-1.343689 -16.732307 75.191113 -95.692027 -0.054922 0.998491 -0.000494 0.584013 0.031723 -0.811124 0.809884 0.044837 0.584874
-0.703653 -12.113623 64.611019 -365.911216 -0.089170 0.994967 0.045698 0.872982 0.100163 -0.477357 0.479532 0.002672 0.877521
0.149770 -11.565454 29.254416 -195.575561 -0.085405 0.991119 0.101931 0.856867 0.125268 -0.500087 0.508414 -0.044631 0.859955
-0.295276 -13.135539 -1.194657 359.310982 0.346135 0.934285 0.085448 -0.292798 0.194105 -0.936265 0.891325 -0.299055 -0.340743
-0.041218 -14.505544 3.358620 361.793700 0.335820 0.936945 0.096739 -0.172134 0.162019 -0.971658 0.926064 -0.309650 -0.215689
-0.275263 -17.012093 9.291212 353.463642 0.336596 0.936251 0.100680 -0.037910 0.120305 -0.992013 0.940886 -0.330091 -0.075987
-1.999858 -15.924516 -13.123831 44.637384 0.021124 0.978810 -0.203679 -0.383284 -0.180231 -0.905875 0.923389 -0.097203 -0.371355
-0.973378 -15.568631 37.611702 -24.954012 -0.023424 0.986252 -0.163579 -0.302317 -0.162951 -0.939176 0.952920 -0.027453 -0.301978
-1.043875 -16.870159 -9.406317 -170.792271 0.027492 0.988019 -0.151862 -0.089986 -0.148856 -0.984756 0.995564 -0.040738 -0.084815
-1.754695 -17.547462 21.616422 -44.563253 0.001573 0.987473 -0.157778 -0.117918 -0.156494 -0.980615 0.993022 -0.020147 -0.116194
-2.916247 -18.260968 20.207478 -8.311997 0.044794 0.983307 -0.176353 -0.225302 -0.162039 -0.960720 0.973259 -0.082767 -0.214283
-2.860871 -15.642736 41.040816 114.889714 0.020256 0.976336 -0.215307 -0.500516 -0.176520 -0.847540 0.865490 -0.124933 -0.485097
-2.091752 -26.053768 1.706835 277.115798 0.001671 0.999593 -0.028461 -0.475702 0.025830 0.879227 -0.879605 -0.012070 -0.475552
-1.601487 -28.224329 51.516881 490.092800 0.037896 0.997665 0.056823 -0.288044 -0.043544 0.956627 -0.956867 0.052619 -0.285721
-2.541647 -28.322714 61.603776 192.533734 0.036921 0.997853 0.054086 -0.590325 -0.021892 0.806869 -0.806321 0.061718 -0.588250
-2.824266 -26.589560 2.436734 37.888433 0.003832 0.999973 -0.006307 -0.719137 0.007138 0.694832 -0.694858 -0.001873 -0.719144
-2.540053 -26.122544 -24.049220 79.444724 -0.017793 0.997355 -0.070468 -0.693697 0.038442 0.719240 -0.720047 -0.061681 -0.691179
-0.261608 -4.064750 26.079401 -41.406931 -0.085265 0.990059 -0.111864 0.915617 0.122134 0.383052 -0.392906 0.069764 0.916928
-0.123603 -4.885100 34.840089 -42.571061 -0.061290 0.991771 -0.112398 0.947763 0.093144 0.305072 -0.313031 0.087828 0.945673
0.002947 -4.543593 34.090030 -42.839713 -0.044723 0.993965 -0.100163 0.938679 0.076124 0.336285 -0.341880 0.078981 0.936419
0.432891 -3.055801 -11.778910 27.192011 0.146317 0.988944 -0.024093 0.799680 -0.132582 -0.585606 0.582326 -0.066418 0.810238
0.767732 -3.536846 -13.412377 44.691000 0.159352 0.986253 -0.043718 0.817411 -0.156644 -0.554348 0.553576 -0.052600 0.831136
0.568778 -2.928909 -19.832616 32.459482 0.196340 0.978026 -0.070113 0.779072 -0.199018 -0.594507 0.595397 -0.062102 0.801028
0.773345 -2.818171 -18.188924 32.851723 0.243270 0.962372 -0.121080 0.748527 -0.265654 -0.607565 0.616869 -0.057171 0.784987
0.283881 -2.540033 -23.804245 15.597185 0.209329 0.974911 -0.075696 0.748198 -0.209529 -0.629522 0.629588 -0.075141 0.773287
0.087949 -2.743777 -12.541023 6.888221 0.124310 0.992239 -0.002798 0.778326 -0.099259 -0.619964 0.615431 -0.074890 0.784625
-0.680079 -25.106075 -10.211889 -243.255387 -0.002362 0.978293 -0.207212 -0.802183 -0.125576 -0.583724 0.597074 -0.164843 -0.785066
0.141876 -24.574684 48.159975 -419.433776 0.016755 0.989001 -0.146959 -0.650906 -0.100780 -0.752439 0.758973 -0.108264 -0.642058
0.244637 -21.350602 -12.212931 -362.392185 -0.007560 0.974629 -0.223698 -0.632796 -0.177878 -0.753611 0.774282 -0.135858 -0.618086
-1.353793 -27.380354 51.907467 -199.957737 0.005502 0.992681 -0.120640 -0.866250 -0.055540 -0.496515 0.499581 -0.107237 -0.859604
-1.927285 -24.984180 -7.592843 -93.116046 0.000196 0.982120 -0.188258 -0.939794 -0.064154 -0.335664 0.341740 -0.176990 -0.922978
-1.053766 -20.954978 82.613347 358.101149 0.074825 0.984750 -0.157062 0.346902 0.121961 0.929938 -0.934912 0.124068 0.332486
0.143350 -23.823707 47.781949 346.706799 0.069458 0.992698 -0.098626 0.226929 0.080550 0.970574 -0.971431 0.089796 0.219677
-1.372094 -23.018564 133.761983 206.210510 0.112825 0.985827 -0.124163 0.030648 0.121449 0.992124 -0.993142 0.115742 0.016511
2.219390 -2.156493 -99.990167 -8.819519 0.449512 0.082302 -0.889475 -0.463060 0.872980 -0.153240 0.763881 0.480763 0.430526
1.156288 -1.731319 -127.480026 4.843889 0.519710 -0.043562 -0.853231 -0.358871 0.895187 -0.264296 0.775315 0.443557 0.449604
0.352176 -1.675855 -43.393694 -1.920705 0.317383 0.336101 -0.886738 -0.551734 0.825971 0.115591 0.771270 0.452556 0.447588
2.486788 -2.821305 -44.019588 17.418412 0.500322 -0.220666 -0.837248 -0.264968 0.881565 -0.390685 0.824300 0.417312 0.382597
2.626966 -3.035809 7.156786 -0.309484 0.396222 -0.081065 -0.914569 -0.404561 0.878772 -0.253161 0.824220 0.470307 0.315393
2.473292 -37.932986 -136.071286 791.194658 -0.276047 0.885847 -0.372926 0.959515 0.231410 -0.160560 -0.055933 -0.402150 -0.913864
1.223173 -35.761047 -45.262300 644.218036 -0.268811 0.896432 -0.352349 0.962857 0.259755 -0.073718 0.025442 -0.359078 -0.932961
3.305837 -30.969265 -122.737765 190.791148 -0.278036 0.897227 -0.343045 0.933128 0.337036 0.125214 0.227964 -0.285291 -0.930936
5.669258 -38.989512 -188.515159 410.036985 -0.264471 0.907776 -0.325573 0.962868 0.229569 -0.142067 -0.054224 -0.351057 -0.934783
-0.256194 -39.347271 76.435642 1123.940197 -0.012814 0.998715 -0.049042 0.835291 0.037652 0.548517 -0.549659 0.033936 0.834700
-1.002912 -54.666049 104.396340 2665.701524 0.001993 0.999419 -0.034021 0.930113 0.010642 0.367120 -0.367269 0.032375 0.929551
0.708227 -55.853746 138.081694 2659.912830 0.009944 0.999241 -0.037657 0.962954 0.000579 0.269665 -0.269482 0.038944 0.962218
0.615462 -54.338525 117.777602 2322.065548 -0.054231 0.998231 -0.024369 0.959323 0.058858 0.276106 -0.277052 0.008405 0.960818
-0.105448 -19.331317 -63.224591 176.723628 0.193768 -0.977961 0.077753 0.978934 0.197942 0.050078 -0.064365 0.066411 0.995714
-1.080800 -15.319164 84.780735 123.580821 -0.172159 0.981518 -0.083569 0.980749 0.178723 0.078678 -0.092160 0.068415 0.993391
0.623254 -4.129963 43.940034 7.330972 -0.042682 0.971247 0.234215 -0.002507 -0.234532 0.972105 -0.999086 -0.040904 -0.012445
0.683344 -3.915515 46.531776 4.960373 -0.044354 0.964732 0.259472 -0.050998 -0.261576 0.963835 -0.997713 -0.029517 -0.060802
0.101523 -3.747323 49.147693 -3.885416 -0.024781 0.984286 0.174832 -0.094548 -0.176410 0.979765 -0.995212 -0.007749 -0.097434
-2.647432 -5.650987 12.764564 -35.443109 0.205112 0.977031 0.057788 0.221650 -0.103879 0.969578 -0.953310 0.186063 0.237865
-2.399329 -6.054166 12.034342 -5.103308 0.197652 0.977113 0.078643 0.347267 -0.144816 0.926517 -0.916700 0.155818 0.367942
-2.339130 -5.842124 -2.457954 -22.318906 0.248886 0.958735 0.137414 0.256269 -0.202010 0.945261 -0.934014 0.200048 0.295972
-2.501128 -5.185619 -1.165921 -55.401610 0.255879 0.957817 0.130818 0.142321 -0.171173 0.974907 -0.956175 0.230840 0.180117
-2.127754 -5.956934 7.390604 -11.300281 0.311786 0.933650 0.176314 0.271942 -0.265488 0.924967 -0.910405 0.240444 0.336674
-2.275652 -5.597226 7.794329 -41.771635 0.299266 0.939529 0.166508 0.188902 -0.229389 0.954828 -0.935284 0.254294 0.246127
-2.048030 -12.937655 -47.838037 33.755654 0.162874 0.982311 0.092392 -0.382620 -0.023430 0.923609 -0.909436 0.185783 -0.372036
-1.977174 -14.019257 -39.733753 66.959855 0.155405 0.983684 0.090640 -0.541705 0.008131 0.840529 -0.826078 0.179723 -0.534130
-2.164870 -13.230101 -32.485139 45.387222 0.145869 0.984809 0.094201 -0.354232 -0.036914 0.934429 -0.923711 0.169674 -0.343466
1.964297 -4.830831 -14.971810 -42.650140 0.159210 0.985045 0.065869 0.236455 0.026731 -0.971275 0.958510 -0.170211 0.228663
2.136917 -3.908879 -9.121669 -45.052916 0.158435 0.986235 0.047319 0.318196 -0.005632 -0.948008 0.934692 -0.165254 0.314708
2.244610 -4.614053 1.996350 -65.334558 0.122825 0.991751 0.036652 0.265792 0.002710 -0.964027 0.956174 -0.128148 0.263266
2.047164 -5.389641 -7.611526 -53.450992 0.130621 0.991156 0.023395 0.176842 -0.000074 -0.984239 0.975533 -0.132699 0.175288
-35.432049 -219.446555 -1290.171844 9507.342836 0.828538 -0.390521 0.401270 -0.392428 0.106195 0.913632 0.399405 0.914448 0.065265
-1.730730 -25.788032 69.968233 879.428143 0.904328 -0.425925 -0.027890 -0.081203 -0.235822 0.968398 0.419042 0.873485 0.247847
-16.252094 -132.424505 -446.273614 -5928.583910 0.527557 -0.599369 0.602030 0.622067 -0.210071 -0.754257 0.578548 0.772416 0.262023
-14.143142 -80.810677 658.471958 2816.462973 0.228164 0.958820 0.169133 -0.118397 -0.145102 0.982307 -0.966397 0.244152 -0.080415
-4.153829 -123.556907 321.721044 4922.138793 0.287532 0.938370 0.191799 -0.113806 -0.165364 0.979644 -0.950985 0.303507 -0.059244
-7.215638 -72.537359 373.616678 -1963.578908 0.291737 0.947894 0.128008 -0.577092 0.067705 0.813868 -0.762794 0.311307 -0.566775
-0.544387 -9.281354 71.269311 92.723337 -0.096748 0.987683 -0.122971 -0.098136 -0.132415 -0.986324 0.990459 0.083357 -0.109738
-0.327477 -8.078794 13.980182 47.077291 -0.069315 0.985516 -0.154767 -0.181408 -0.165006 -0.969466 0.980962 0.039123 -0.190218
-0.453676 -8.899309 -0.011548 68.215668 -0.058901 0.988457 -0.139583 -0.057290 -0.142942 -0.988072 0.996619 0.050202 -0.065048
2.167956 -7.759275 30.568834 29.998680 -0.254630 0.963709 -0.080182 -0.024470 0.076468 0.996772 -0.966729 -0.255770 -0.004111
1.539409 -7.855088 33.330195 17.022904 -0.221054 0.973408 -0.060094 0.033681 0.069201 0.997034 -0.974680 -0.218374 0.048082
2.034086 -7.486617 38.890678 11.558511 -0.242469 0.968206 -0.061535 0.093310 0.086407 0.991881 -0.965662 -0.234758 0.111294
-8.883911 -11.468547 57.056923 167.143170 -0.026327 0.940756 0.338060 -0.641487 0.243466 -0.727474 0.766682 0.236014 -0.597073
-6.962998 -10.587306 -3.223707 107.407583 -0.373786 0.927408 0.014080 -0.531256 -0.201627 -0.822869 0.760296 0.315057 -0.568057
-5.535729 -8.719855 -34.740600 88.653834 -0.550178 0.815393 -0.180107 -0.516881 -0.501935 -0.693467 0.655850 0.288436 -0.697614
-9.928011 -12.710865 60.919115 94.129633 0.062409 0.849357 0.524116 -0.405832 0.501362 -0.764158 0.911815 0.165012 -0.375986
-8.863841 -11.831099 164.620353 -21.422851 -0.226055 0.948403 0.222329 -0.299336 0.149563 -0.942353 0.926983 0.279575 -0.250082
-0.924005 -27.588098 -21.577841 -292.177069 0.266817 0.961219 0.069766 0.169256 0.024529 -0.985267 0.948768 -0.274695 0.156147
0.054188 -39.531582 96.548802 -1942.555031 0.171810 0.983039 0.064156 0.511680 -0.033399 -0.858527 0.841822 -0.180331 0.508740
0.915064 -21.746628 126.751904 -597.581847 0.224064 0.973340 0.049041 0.371523 -0.038788 -0.927613 0.900980 -0.226065 0.370309
-0.918664 -2.456142 30.383771 -19.352250 -0.305068 0.871083 0.384900 -0.255996 0.314282 -0.914163 0.917278 0.377415 -0.127116
-0.323264 -2.341836 37.010773 -35.414949 -0.296772 0.844632 0.445559 -0.234129 0.387983 -0.891433 0.925802 0.368870 -0.082611
-0.971440 -2.327542 25.553257 -24.302867 -0.336458 0.914823 0.223370 -0.175970 0.171943 -0.969263 0.925111 0.365423 -0.103130
-1.556241 -2.659828 -8.799130 -18.041263 -0.383849 0.908851 -0.163250 -0.096425 -0.215278 -0.971781 0.918347 0.357276 -0.170270
-1.509886 -2.211935 32.049076 29.951967 -0.281843 0.861731 0.421882 -0.323585 0.328575 -0.887317 0.903248 0.386599 -0.186236
-0.168808 -4.262319 -48.475484 30.082583 -0.081405 0.995671 0.044857 -0.951329 -0.091044 0.294421 -0.297231 0.018707 -0.954622
4.188637 -7.261569 94.436006 9.996157 -0.091603 0.995774 -0.006506 0.095879 0.015323 0.995275 -0.991169 -0.090546 0.096878
2.626120 -7.508404 92.943334 88.677991 -0.003365 0.999616 -0.027502 0.222506 0.027561 0.974542 -0.974926 0.002840 0.222513
4.530404 -7.825556 99.758715 41.056049 -0.093452 0.995491 -0.016254 0.253071 0.039541 0.966639 -0.962924 -0.086221 0.255625
2.081559 -7.440264 78.332391 -22.654567 -0.003931 0.999262 -0.038215 0.050340 0.038364 0.997995 -0.998724 -0.001999 0.050454
5.971345 -7.600456 82.247335 90.015191 -0.166238 0.986080 0.003434 0.216492 0.033099 0.975723 -0.962027 -0.162946 0.218981
3.149264 -7.311057 105.112074 -70.787407 -0.045101 0.998937 -0.009514 -0.058865 0.006849 0.998242 -0.997247 -0.045582 -0.058494
4.922109 -7.514854 68.758544 -57.896866 -0.165384 0.985439 0.039464 -0.086929 -0.054425 0.994727 -0.982391 -0.161081 -0.094665
6.097339 -7.468870 87.194379 -12.418869 -0.194747 0.979919 0.042817 0.050341 -0.033610 0.998166 -0.979561 -0.196545 0.042785
1.471322 -12.063559 -17.983648 234.402550 0.067103 0.997530 0.020765 0.021916 -0.022280 0.999512 -0.997505 0.066615 0.023357
1.290741 -9.414287 -29.637695 146.253980 0.055963 0.998020 0.028694 0.099862 -0.034190 0.994414 -0.993426 0.052785 0.101578
1.163801 -11.065978 -13.385625 82.413589 0.040267 0.999185 -0.002766 0.110463 -0.001700 0.993879 -0.993064 0.040326 0.110442
1.060052 -9.214574 -27.302031 12.183152 0.056193 0.998309 0.014851 0.174067 -0.024443 0.984430 -0.983129 0.052734 0.175146
0.781899 -10.655512 -12.722396 -72.313825 0.040590 0.998799 -0.027453 0.249687 0.016464 0.968187 -0.967476 0.046153 0.248719
0.872177 -10.837075 8.451952 -38.541521 0.033215 0.998347 -0.046913 0.241628 0.037525 0.969643 -0.969800 0.043542 0.239982
-2.365771 -16.003798 -103.898259 -72.995252 -0.019457 0.998779 0.045406 0.631354 -0.022940 0.775155 -0.775250 -0.043750 0.630137
1.540928 -17.268272 23.828645 -243.199258 0.234943 0.971930 0.012381 0.273162 -0.053796 -0.960463 0.932837 -0.229036 0.278134
1.149860 -17.938514 41.919514 -250.322484 0.200110 0.979384 -0.027617 0.190162 -0.066475 -0.979500 0.961142 -0.190756 0.199544
2.336799 -18.466350 9.099766 -112.665144 0.293999 0.954293 0.053747 0.130157 0.015737 -0.991368 0.946902 -0.298457 0.119582
2.555010 -16.042930 7.564208 -334.827505 0.298954 0.953382 0.041090 0.412197 -0.090179 -0.906621 0.860651 -0.287975 0.419941
1.192232 -18.965468 16.706231 -25.154982 0.244886 0.969044 0.031372 -0.037159 0.041714 -0.998438 0.968840 -0.243338 -0.046224
0.975600 -18.798923 49.460454 -58.460209 0.197065 0.980390 -0.000197 0.000792 -0.000360 -1.000000 0.980390 -0.197064 0.000847
-0.757178 -8.072107 -23.046668 20.196598 -0.250575 0.965165 0.075296 -0.743255 -0.241631 0.623848 -0.620310 -0.100357 -0.777910
-0.593127 -7.794560 -35.362634 81.808639 -0.195364 0.980678 0.010138 -0.791752 -0.163810 0.588469 -0.578759 -0.106939 -0.808456
0.083883 -8.010699 -43.536152 24.369739 -0.206836 0.978375 0.000380 -0.745301 -0.157815 0.647781 -0.633833 -0.133701 -0.761826
0.141493 -7.643318 -28.359835 -59.625567 -0.273693 0.959756 0.062933 -0.695763 -0.242738 0.676012 -0.664083 -0.141234 -0.734198
335.575495 -6.224725 14482.298089 -572.885911 0.337198 0.820190 0.462153 0.746099 -0.532198 0.400128 -0.574138 -0.209889 0.791399
361.181386 -4.447905 17649.504306 -914.357369 0.314514 0.830461 0.459798 0.784186 -0.500261 0.367139 -0.534914 -0.245097 0.808576
484.517625 -4.472516 21033.363330 -337.288033 0.311184 0.753967 0.578531 0.835360 -0.507273 0.211772 -0.453143 -0.417381 0.787689
43.714448 -5.715864 1848.604392 18.423844 0.082420 0.957332 0.276989 0.896951 -0.192398 0.398073 -0.434380 -0.215636 0.874537
0.801860 -15.448323 -56.472952 62.977293 -0.019110 0.998376 0.053660 -0.991825 -0.012157 -0.127027 0.126169 0.055649 -0.990447
0.011292 -5.331514 43.566072 44.085429 0.106781 0.831303 0.545466 -0.104801 0.554957 -0.825251 0.988744 -0.030955 -0.146380
-0.580311 -4.677667 28.496945 12.333848 0.093933 0.887074 0.451970 -0.200614 0.461530 -0.864144 0.975157 0.009500 -0.221313
-0.255551 -15.750031 21.670551 -52.518220 -0.216849 0.948005 0.232942 -0.600104 -0.317662 0.734143 -0.769968 -0.019409 -0.637787
0.155198 -15.176127 9.595112 -115.647680 -0.226868 0.953943 0.196274 -0.569032 -0.293385 0.768198 -0.790401 -0.062593 -0.609384
0.539308 -14.124602 14.034114 53.183485 -0.198457 0.964623 0.173545 -0.699053 -0.263421 0.664781 -0.686978 -0.010613 -0.726600
-0.299990 -16.784308 11.296029 -153.949515 -0.239552 0.941402 0.237439 -0.471173 -0.326555 0.819365 -0.848888 -0.084406 -0.521790
-0.667048 -26.029047 -26.794874 6.854164 -0.620558 0.770900 0.143602 -0.519967 -0.541604 0.660530 -0.586978 -0.335229 -0.736939
-0.932126 -26.118161 -9.343249 -237.308492 -0.618912 0.760837 0.195127 -0.339882 -0.483380 0.806737 -0.708116 -0.432979 -0.557764
4.183078 -6.584594 27.439612 4.878693 0.082001 0.986911 0.138865 -0.938139 0.123467 -0.323499 0.336410 0.103747 -0.935983
4.196514 -6.642075 115.580755 -45.024767 0.051927 0.978813 0.198062 -0.895284 0.133499 -0.425024 0.442460 0.155252 -0.883247
-1.234995 -17.800300 -5.100761 256.634686 -0.423755 0.875825 0.231004 -0.877077 -0.460450 0.136827 -0.226202 0.144627 -0.963284
-1.246382 -21.422096 -3.182388 -515.593361 -0.412454 0.879334 0.238022 0.901217 0.432007 -0.034314 -0.133000 0.200357 -0.970653
-1.071391 -18.546510 42.319262 539.150428 -0.458844 0.840514 0.288092 -0.842707 -0.514444 0.158719 -0.281613 0.169950 -0.944357
-71.615643 -467.032097 -177.797883 31110.050018 0.738944 0.471909 0.480900 0.253035 0.467131 -0.847208 0.624448 -0.747724 -0.225774
-7.552126 -25.001232 -103.815476 -918.755849 0.952351 -0.302742 0.037074 -0.228724 -0.789288 -0.569833 -0.201775 -0.534201 0.820924
15.509945 -3.536328 -1212.083702 21.681648 0.895173 0.413045 0.167508 0.436296 -0.735148 -0.518848 0.091164 -0.537542 0.838294
1.733273 -13.849994 60.891073 -16.354556 -0.173675 0.967375 0.184452 -0.723434 0.001759 -0.690391 0.668192 0.253342 -0.699527
-3.196344 -6.016534 8.930048 -6.559245 0.069345 0.535380 0.841760 0.815816 0.455188 -0.356719 -0.574139 0.711457 -0.405207
-2.894158 -6.183781 10.355818 -24.580822 0.174664 0.543900 0.820771 0.809053 0.395818 -0.434467 -0.561183 0.739933 -0.370909
-3.051046 -5.979818 -10.491554 -3.920693 -0.046097 0.507619 0.860348 0.846890 0.476613 -0.235833 -0.529766 0.717748 -0.451868
-2.808285 -4.554643 10.401121 125.820660 0.288370 0.953343 -0.089327 0.075541 0.070349 0.994658 -0.954535 0.293577 0.051730
-2.757468 -5.524677 14.553226 100.607639 0.334065 0.942340 -0.019902 -0.008530 0.024136 0.999672 -0.942512 0.333785 -0.016101
-3.067091 -6.270379 10.200901 96.100387 0.277371 0.957421 -0.080069 -0.033245 0.092854 0.995125 -0.960187 0.273357 -0.057585
-3.002763 -5.086711 -12.658697 128.525795 0.231214 0.955552 -0.182924 0.074171 0.170159 0.982621 -0.970071 0.240764 0.031531
0.882884 -3.063919 24.201265 18.956340 0.064544 0.996355 0.055774 -0.912296 0.036264 0.407922 -0.404413 0.077211 -0.911312
1.015411 -3.021402 -1.147240 12.329939 0.087894 0.995854 0.023440 -0.905045 0.070004 0.419515 -0.416135 0.058087 -0.907446
0.074881 -6.904889 -0.970363 -69.490960 0.154116 0.970237 -0.186782 -0.963868 0.189203 0.187513 -0.217272 -0.151134 -0.964340
-0.411207 -8.203521 -13.450524 -23.835280 -0.080872 0.995634 -0.046603 -0.730673 -0.091021 -0.676633 0.677921 0.020669 -0.734844
-0.094459 -7.250002 -16.317357 -61.516706 -0.092179 0.993463 -0.067330 -0.631451 -0.110605 -0.767487 0.769918 0.028231 -0.637519
2.030288 -40.783600 -5.580563 1063.288821 0.084635 0.970121 -0.227381 -0.714585 -0.099940 -0.692373 0.694410 -0.221082 -0.684775
-4.608568 -86.967777 -56.879725 2155.628786 0.985953 -0.159959 -0.048050 -0.166770 -0.927112 -0.335636 -0.009140 -0.338935 0.940765
-3.292731 -131.287022 -27.583400 -554.223095 0.965096 -0.261737 -0.009109 -0.250686 -0.933296 0.257127 0.075801 0.245869 0.966335
-0.573107 -6.353790 -12.397750 -70.897539 0.007904 0.997011 -0.076852 -0.925004 -0.021906 -0.379325 0.379875 -0.074087 -0.922066
-5.366579 -8.299207 -65.499477 75.798379 0.270197 0.956699 0.108260 0.709160 -0.273807 0.649709 -0.651218 0.098776 0.752435
