16041
32056
-4.440229 -6.021030 3.883270 -80.056068 -0.607826 0.767500 -0.203694 0.733633 0.444614 -0.513907 -0.303858 -0.461803 -0.833311
-5.727983 -7.828024 58.893787 -98.444079 -0.510048 0.826430 -0.238463 0.834529 0.408304 -0.369930 -0.208356 -0.387687 -0.897935
-5.286891 -7.890133 -12.363534 -185.593822 -0.033929 0.888980 -0.456687 0.961422 -0.095778 -0.257867 -0.272979 -0.447817 -0.851435
-4.616202 -7.542795 -26.436446 -70.078672 -0.689053 0.718998 -0.090818 0.692065 0.615638 -0.376876 -0.215063 -0.322540 -0.921801
-2.618613 -6.336567 -78.974072 -175.849073 -0.130630 0.843028 -0.521766 0.925718 -0.084697 -0.368610 -0.354940 -0.531159 -0.769342
-3.014856 -4.667615 -35.821716 -43.581499 -0.510216 0.797266 -0.322561 0.777133 0.266707 -0.570028 -0.368435 -0.541511 -0.755660
-3.342878 -5.373601 28.983910 -64.456376 0.875984 -0.468874 -0.113176 0.323451 0.745087 -0.583289 -0.357815 -0.474345 -0.804342
-3.725844 -6.108837 40.090472 -61.946704 0.853452 -0.519519 -0.041470 0.427741 0.743693 -0.513770 -0.297754 -0.420739 -0.856925
0.690400 -6.525345 46.534338 -27.627308 -0.017641 0.661936 -0.749353 0.959842 -0.198662 -0.198084 -0.279987 -0.722755 -0.631849
2.020733 -6.097290 68.018349 -94.863145 0.061360 0.623107 -0.779726 0.961918 -0.245391 -0.120403 -0.266362 -0.742645 -0.614435
1.791001 -8.242519 6.402618 -143.567526 0.018681 0.643471 -0.765243 0.980476 -0.161638 -0.111981 -0.195749 -0.748210 -0.633927
1.137608 -5.758817 79.922657 68.751773 -0.027043 0.653900 -0.756098 0.945710 -0.228332 -0.231294 -0.323884 -0.721304 -0.612225
0.909950 -7.526602 -26.240489 -32.464774 -0.090299 0.674056 -0.733140 0.950624 -0.161136 -0.265236 -0.296919 -0.720891 -0.626223
0.534820 -6.672665 34.509446 48.707146 -0.077178 0.670297 -0.738068 0.929704 -0.219010 -0.296117 -0.360131 -0.709039 -0.606275
-4.611086 -7.625360 -16.271252 -26.471943 -0.265949 0.725164 -0.635144 0.072101 0.671990 0.737042 -0.961287 -0.150221 0.231000
-4.786460 -8.130753 -18.071387 -21.337550 -0.251854 0.723704 -0.642512 0.205619 0.688771 0.695209 -0.945669 -0.042979 0.322277
-4.932221 -7.668366 12.509022 -24.415056 0.162881 -0.697484 0.697844 0.048589 0.712102 0.700393 -0.985449 -0.080173 0.149878
0.846693 -4.882897 18.927636 -6.678803 -0.472512 0.819852 -0.323381 0.094091 0.411757 0.906423 -0.876287 -0.397869 0.271701
0.803774 -4.683476 27.184481 -8.114213 -0.460387 0.813804 -0.354636 -0.024823 0.387534 0.921521 -0.887371 -0.433060 0.158215
0.805716 -5.027084 21.719812 -1.129569 -0.466061 0.819649 -0.333110 0.104895 0.425035 0.899079 -0.878513 -0.384084 0.284069
0.862733 -5.269098 16.390045 -10.387042 -0.473339 0.822282 -0.315914 0.206132 0.452073 0.867836 -0.856423 -0.345661 0.383482
0.733298 -5.330994 -6.527496 -7.109669 -0.470276 0.824627 -0.314373 0.221482 0.455103 0.862454 -0.854276 -0.335963 0.396663
0.634442 -5.162393 -4.165024 0.031300 -0.467986 0.820478 -0.328337 0.117585 0.426041 0.897030 -0.875878 -0.381190 0.295857
0.768054 -3.483760 -80.802972 -27.200374 -0.056709 0.613102 -0.787966 0.865023 -0.363910 -0.345406 -0.498518 -0.701196 -0.509710
0.791893 -2.896404 -96.783217 -21.190925 -0.003428 0.586292 -0.810093 0.828815 -0.451596 -0.330344 -0.559513 -0.672549 -0.484379
-0.783782 -3.506978 -89.456763 -39.983162 -0.019602 0.588367 -0.808357 0.842926 -0.425072 -0.329832 -0.537672 -0.687850 -0.487617
1.851064 -2.913775 -66.436071 -23.042248 -0.004932 0.616828 -0.787082 0.835186 -0.430323 -0.342473 -0.549946 -0.659049 -0.513044
-1.248635 -4.432675 -92.632758 -45.871967 -0.134780 0.633839 -0.761631 0.872032 -0.289122 -0.394928 -0.470526 -0.717396 -0.513760
1.902156 -3.209065 -40.061446 -15.691331 -0.057011 0.657692 -0.751126 0.882197 -0.319047 -0.346319 -0.467416 -0.682386 -0.562025
2.129355 -2.947283 -41.799238 -11.785641 0.011969 0.636714 -0.771007 0.850968 -0.411386 -0.326520 -0.525081 -0.652194 -0.546747
1.193609 -3.802597 -74.124843 -28.612077 -0.157524 0.648744 -0.744525 0.887738 -0.237218 -0.394524 -0.432560 -0.723090 -0.538547
-0.042895 -4.291820 -108.147941 -29.614436 -0.174397 0.630751 -0.756134 0.886173 -0.234239 -0.399786 -0.429282 -0.739787 -0.518104
0.866809 -7.445527 10.750654 13.543118 -0.250743 0.820250 -0.514119 -0.085658 -0.547801 -0.832212 0.964257 0.164633 -0.207618
0.652002 -6.944807 16.919238 27.585581 -0.264298 0.808142 -0.526358 -0.226621 -0.582523 -0.780583 0.937438 0.087022 -0.337102
0.951823 -7.206775 5.999966 31.751810 -0.219507 0.830595 -0.511789 -0.162742 -0.548407 -0.820223 0.961942 0.096755 -0.255552
0.988273 -7.727457 -0.334584 18.137591 -0.210215 0.838139 -0.503323 -0.006244 -0.515967 -0.856586 0.977635 0.176924 -0.113697
0.826219 -7.430939 -8.699953 17.016987 -0.172536 0.837848 -0.517921 -0.035656 -0.530774 -0.846763 0.984358 0.127630 -0.121451
0.843628 -6.982182 -12.914095 32.339220 -0.157471 0.833665 -0.529344 -0.189657 -0.551584 -0.812271 0.969140 0.027515 -0.244969
1.005793 -6.535181 -10.789010 37.609204 -0.169987 0.835587 -0.522397 -0.313766 -0.548416 -0.775107 0.934160 -0.032153 -0.355403
-0.780867 -5.750633 20.006217 -149.156493 -0.272339 0.674312 -0.686393 0.425078 0.724286 0.542881 0.863215 -0.143923 -0.483886
-0.914635 -9.017543 16.256430 227.298221 -0.251226 0.724209 -0.642189 -0.339481 -0.687248 -0.642217 0.906443 -0.056669 -0.418510
-1.026807 -9.928382 -2.958928 245.543053 -0.201999 0.757148 -0.621227 -0.354474 -0.647820 -0.674298 0.912987 -0.084001 -0.399248
-0.902448 -6.635336 5.436736 183.595225 -0.222328 0.718409 -0.659135 -0.439807 -0.677262 -0.589818 0.870138 -0.158759 -0.466536
-0.783888 -4.359206 19.437887 -51.812906 -0.304397 0.588211 -0.749233 0.451110 0.781781 0.430487 0.838953 -0.206947 -0.503319
-0.814509 -4.448901 12.648260 -8.035253 -0.276846 0.641153 -0.715737 0.456395 0.743209 0.489229 0.845612 -0.191218 -0.498373
-0.870587 -18.992608 -29.371900 98.006895 -0.130207 0.898067 -0.420145 0.371547 -0.348678 -0.860452 0.919238 0.268141 0.288273
-0.844233 -19.571421 -25.710892 -8.401076 -0.134835 0.896827 -0.421331 0.563035 -0.280553 -0.777355 0.815360 0.342039 0.467117
-0.291569 -19.165711 -21.662602 93.860749 -0.127006 0.900440 -0.416026 0.413983 -0.333026 -0.847179 0.901381 0.279824 0.330471
-1.303876 -19.589803 -24.863663 -7.482236 -0.153324 0.891270 -0.426765 0.523450 -0.293051 -0.800076 0.838148 0.346061 0.421604
-0.306916 -17.960380 -22.883550 237.691203 -0.124168 0.900780 -0.416146 0.211705 -0.385685 -0.898013 0.969414 0.199605 0.142810
-1.329963 -18.326420 -33.977260 76.632513 -0.141315 0.891179 -0.431079 0.333090 -0.367257 -0.868431 0.932245 0.266310 0.244944
-0.887282 -17.296674 -35.943957 226.591089 -0.120457 0.895159 -0.429163 0.168473 -0.407606 -0.897482 0.978318 0.180410 0.101711
138.812275 -3.100347 8012.726376 -938.557374 0.189453 0.848137 -0.494743 -0.382037 -0.400493 -0.832859 0.904519 -0.346798 -0.248145
1044.799192 -133.439745 53019.885662 -7760.891861 -0.287848 0.763796 -0.577719 -0.339087 -0.645457 -0.684402 0.895636 0.001106 -0.444786
111.546637 -21.685968 7223.885365 -1176.853643 -0.089578 0.891302 -0.444473 -0.540482 -0.418344 -0.729978 0.836574 -0.174840 -0.519207
124.614022 -27.415392 6388.144442 569.377413 -0.104175 0.641124 -0.760334 0.297301 0.749612 0.591349 0.949084 -0.164445 -0.268697
255.617326 -6.633018 -22293.872584 -423.863854 0.968428 -0.194368 -0.156106 -0.217072 -0.349538 -0.911429 -0.122588 -0.916539 0.380694
-0.580566 -13.555814 -6.259537 48.737879 -0.481994 0.785874 -0.387406 0.606012 0.618353 0.500389 -0.632797 -0.006412 0.774292
-0.299119 -14.044143 -2.514471 91.301370 -0.480735 0.793133 -0.373945 0.729570 0.598361 0.331197 -0.486437 0.113601 0.866299
-0.530884 -13.017200 -8.771499 55.333689 -0.462885 0.805444 -0.370131 0.735745 0.581993 0.346357 -0.494385 0.111998 0.861998
0.474533 -25.802531 39.103148 -272.760551 -0.363481 0.688004 -0.628118 -0.678162 -0.657683 -0.327947 0.638731 -0.306763 -0.705634
0.922316 -27.486397 52.731034 -457.933433 -0.373709 0.693187 -0.616306 0.859565 0.508504 0.050723 0.348555 -0.510799 -0.785871
2.022711 -27.289093 102.032701 -256.035455 -0.383532 0.682489 -0.622183 -0.681853 -0.663645 -0.307655 0.622880 -0.306242 -0.719887
3.046183 -25.463609 170.818642 808.100245 -0.388098 0.697520 -0.602367 0.457004 0.713233 0.531457 0.800329 -0.069027 -0.595574
0.358011 -24.027400 45.163281 736.896476 -0.379778 0.683670 -0.623188 0.440102 0.726069 0.528332 0.813682 -0.073617 -0.576629
4.963279 -20.875176 -266.344992 -361.802402 -0.069808 0.703886 -0.706874 -0.706879 0.465088 0.532930 -0.703881 -0.536877 -0.465096
6.492483 -22.160603 -227.702131 -462.240048 -0.053469 0.735400 -0.675521 -0.753216 0.414437 0.510791 -0.655596 -0.536125 -0.531755
4.495939 -24.378118 -111.083117 -168.727430 -0.055605 0.769266 -0.636504 -0.483734 0.536921 0.691171 -0.873447 -0.346332 -0.342265
2.559316 -22.533905 -119.393391 -43.309992 -0.104489 0.739912 -0.664539 -0.419939 0.572882 0.703887 -0.901517 -0.352614 -0.250858
-1.068577 -15.326185 -12.558806 -54.686475 -0.131525 0.974868 -0.179815 0.799476 0.211562 0.562210 -0.586122 0.069814 0.807209
-0.977534 -15.914214 -14.336153 6.864778 -0.154566 0.966938 -0.202829 0.675228 0.253254 0.692770 -0.721233 0.029877 0.692048
-0.838299 -16.112975 -27.508344 -29.838473 -0.148509 0.976881 -0.153779 0.771767 0.211719 0.599625 -0.618321 0.029632 0.785367
3.057408 -1.114032 4.110407 15.833789 0.497518 -0.627042 0.599411 0.866272 0.395190 -0.305609 -0.045251 0.671299 0.739804
3.200879 -1.569184 11.658756 6.552889 0.451460 -0.663183 0.596969 0.890496 0.377283 -0.254311 -0.056571 0.646410 0.760890
2.528265 -1.036484 -55.900657 6.573772 0.438564 -0.596778 0.671951 0.894429 0.362655 -0.261685 -0.087518 0.715777 0.692823
2.226047 -0.804225 -59.737720 12.659912 0.431397 -0.587828 0.684364 0.898869 0.344821 -0.270432 -0.077015 0.731817 0.677135
1.796276 -0.955646 -84.621352 6.367400 0.352060 -0.584027 0.731414 0.929272 0.311474 -0.198588 -0.111835 0.749598 0.652377
1.398285 -0.838068 -81.544565 0.765144 0.367155 -0.578453 0.728416 0.924819 0.310817 -0.219324 -0.099535 0.754178 0.649082
6.656406 -27.572958 337.593209 -285.199941 -0.351335 0.702371 -0.619063 -0.697165 -0.637606 -0.327750 0.624920 -0.316439 -0.713681
119.402376 -22.590435 7841.437491 -899.808442 -0.160006 0.908792 -0.385350 -0.562637 -0.404722 -0.720860 0.811072 -0.101470 -0.576078
5.727345 -27.423468 341.303853 853.196178 -0.378692 0.697860 -0.607934 0.481671 0.709494 0.514404 0.790308 -0.098023 -0.604819
2.605984 -20.177779 -103.870569 42.739980 0.061618 0.985436 -0.158488 -0.698407 -0.070870 -0.712183 0.713043 -0.154572 -0.683869
2.501856 -22.193493 -118.048518 113.845777 0.050383 0.981299 -0.185777 -0.813138 -0.067699 -0.578121 0.579887 -0.180190 -0.794520
1.452560 -18.544311 -13.292236 -19.798777 0.047787 0.988775 -0.141565 -0.745243 -0.059073 -0.664171 0.665078 -0.137239 -0.734055
1.488863 -18.933451 -22.213686 -2.797463 0.062746 0.989406 -0.130913 -0.637545 -0.061184 -0.767980 0.767854 -0.131650 -0.626952
0.585903 -19.240545 17.854976 -178.456880 0.053020 0.984559 -0.166831 -0.734937 -0.074632 -0.674016 0.676059 -0.158347 -0.719632
4.344258 -82.495576 187.124801 3871.900472 -0.276326 0.884510 -0.375880 0.548454 -0.176038 -0.817440 0.789203 0.432033 0.436469
5.826910 -39.474360 285.271708 1202.773221 -0.224012 0.914088 -0.338027 0.213040 -0.292525 -0.932225 0.951016 0.280843 0.129208
5.890304 -46.446209 -101.569507 917.122781 -0.087249 0.974299 -0.207675 0.609248 -0.112750 -0.784923 0.788165 0.195010 0.583753
-0.870861 -8.990588 -11.232022 -8.538957 -0.681470 0.729452 0.059137 -0.254185 -0.311690 0.915554 -0.686285 -0.608891 -0.397823
-1.230353 -7.759969 18.528492 57.977625 -0.664291 0.747305 -0.015890 -0.219912 -0.175078 0.959680 -0.714392 -0.641001 -0.280645
-0.564697 -8.525781 -0.704709 61.724738 -0.666893 0.745128 -0.006099 -0.180646 -0.153727 0.971460 -0.722925 -0.648962 -0.237124
3.701664 -5.448319 74.512423 12.989358 -0.275292 0.688528 -0.670927 0.791314 0.558602 0.248568 -0.545927 0.462485 0.698621
2.397759 -5.294866 133.872873 7.930616 -0.247197 0.642020 -0.725743 0.777309 0.578574 0.247068 -0.578519 0.503053 0.642070
3.395248 -5.221964 -90.397969 5.243628 0.279566 -0.659512 0.697773 0.829570 0.531808 0.170275 -0.483380 0.531249 0.695787
3.796075 -5.452358 -34.762188 9.085486 -0.342042 0.723137 -0.600067 0.827591 0.534287 0.172134 -0.445084 0.437733 0.781211
-2.250684 -3.550785 24.241647 -63.459630 0.793820 -0.518957 0.317070 -0.590697 -0.533929 0.604978 0.144664 0.667535 0.730389
-2.266881 -3.527318 20.560215 -83.653038 0.705362 -0.569751 0.421721 -0.694586 -0.436801 0.571625 0.141476 0.696124 0.703844
-2.584987 -4.861559 0.002341 95.516657 0.558601 -0.661090 0.500923 0.824266 0.375122 -0.424110 0.092468 0.649802 0.754458
1.466182 -3.187428 48.766059 -26.516356 0.192480 0.705460 -0.682113 -0.792377 0.521780 0.316045 -0.578870 -0.479658 -0.659422
2.194277 -2.794668 42.165152 -21.126050 0.153520 0.685909 -0.711309 -0.816485 0.493510 0.299668 -0.556583 -0.534768 -0.635798
1.632557 -2.696071 42.033860 -21.446500 0.189099 0.695442 -0.693255 -0.825209 0.495202 0.271672 -0.532233 -0.520707 -0.667527
0.728952 -7.882239 7.637963 332.403109 0.098372 0.811201 0.576433 -0.790310 -0.288327 0.540627 -0.604758 0.508744 -0.612737
0.435222 -32.474893 -55.149848 1357.042404 0.049541 0.810674 0.583398 -0.828837 -0.292554 0.476908 -0.557292 0.507168 -0.657423
0.872855 -11.914998 -1.111716 475.467026 0.073286 0.779238 0.622429 -0.830001 -0.298361 0.471253 -0.552927 0.551153 -0.624902
-0.667575 -3.418504 112.711881 -42.156355 0.384199 0.804458 0.453033 0.710645 0.055573 -0.701352 -0.589385 0.591405 -0.550333
1.927644 -3.791429 -15.929671 48.464115 0.228231 0.844081 0.485219 -0.734322 -0.178000 0.655048 -0.639283 0.505809 -0.579202
-2.425549 -6.252358 50.083428 150.964583 0.644056 0.746807 0.165745 -0.536431 0.286439 0.793848 -0.545375 0.600193 -0.585093
3.155801 -4.294698 20.611474 -22.781226 -0.005555 0.911314 -0.411674 0.993705 0.051095 0.099699 0.111892 -0.408529 -0.905861
3.174889 -4.570915 30.084286 -14.257275 -0.062615 0.914347 -0.400061 0.974901 0.141845 0.171605 0.213654 -0.379275 -0.900279
2.254198 -4.173401 65.878675 -19.501804 -0.053129 0.942858 -0.328931 0.987736 0.098047 0.121506 0.146813 -0.318441 -0.936505
2.461270 -3.207152 49.271155 -39.894958 0.011809 0.932660 -0.360563 0.999027 0.004316 0.043883 0.042484 -0.360730 -0.931702
3.050006 -3.463596 -17.497924 -30.366496 0.078516 0.880721 -0.467082 0.996251 -0.052246 0.068955 0.036327 -0.470745 -0.881521
0.764705 -10.396956 -5.167366 -20.403690 -0.310822 0.861382 -0.401759 0.662754 0.499403 0.557992 -0.681284 0.092831 0.726110
0.963818 -10.770497 -14.987416 -11.919200 -0.303389 0.864653 -0.400413 0.712370 0.484903 0.507344 -0.632838 0.131319 0.763067
0.738190 -10.298471 -10.586517 3.383119 -0.296127 0.875801 -0.381158 0.777702 0.452757 0.436109 -0.554517 0.167284 0.815185
0.996844 -10.787515 -15.316395 -9.953559 -0.317914 0.850559 -0.418903 0.604006 0.522256 0.602018 -0.730826 0.061630 0.679776
0.816040 -10.091935 -2.174905 -21.948820 -0.323633 0.844826 -0.426064 0.527897 0.534919 0.659687 -0.785230 0.011421 0.619099
0.898498 -19.257054 -10.027840 -388.395490 -0.197508 0.643968 -0.739118 0.969383 0.016084 -0.245026 -0.145901 -0.764884 -0.627428
1.387725 -21.691857 -12.502550 -349.106462 -0.189520 0.676723 -0.711427 0.975752 0.049001 -0.213323 -0.109500 -0.734606 -0.669600
1.305279 -17.738361 -13.283389 -461.773738 -0.239938 0.672305 -0.700311 0.900253 -0.115859 -0.419667 -0.363282 -0.731152 -0.577446
0.448477 -13.475864 -12.940179 -326.040003 -0.240081 0.615296 -0.750847 0.905014 -0.137926 -0.402401 -0.351157 -0.776136 -0.523738
0.502542 -17.093428 -12.316101 -341.813563 -0.197343 0.612431 -0.765496 0.974239 0.035577 -0.222693 -0.109150 -0.789723 -0.603675
0.807632 -14.564002 -11.350219 -393.180932 -0.254840 0.642134 -0.722994 0.881514 -0.153063 -0.446659 -0.397478 -0.751156 -0.527044
0.319536 -4.469846 -76.570889 18.073270 -0.305572 0.652387 -0.693554 0.861050 0.500273 0.091210 0.406471 -0.569314 -0.714607
-1.395570 -5.245047 -84.042344 31.917803 -0.308222 0.659014 -0.686076 0.849104 0.515784 0.113976 0.428978 -0.547420 -0.718546
0.189409 -4.347116 -96.482955 18.709971 -0.406614 0.579655 -0.706162 0.772094 0.631235 0.073572 0.488400 -0.515309 -0.704218
1.270755 -3.946795 -70.059234 14.378748 -0.425271 0.583120 -0.692182 0.772942 0.631872 0.057424 0.470856 -0.510596 -0.719435
1.470610 -3.663596 -37.171995 6.686998 -0.324641 0.680070 -0.657353 0.872653 0.483419 0.069156 0.364808 -0.551190 -0.750403
0.848871 -4.335761 -73.827683 14.178135 -0.195075 0.706235 -0.680572 0.926859 0.359671 0.107564 0.320747 -0.609811 -0.724743
1.567039 -3.564925 -36.708262 5.516164 -0.424199 0.618173 -0.661753 0.798481 0.600048 0.048687 0.427180 -0.507745 -0.748139
-0.059407 -2.092570 112.522412 26.042566 0.584362 0.785922 0.202110 -0.783737 0.611172 -0.110569 0.210422 0.093789 -0.973101
1.586013 -2.541089 118.664497 34.303933 0.592623 0.779394 0.203330 -0.779887 0.618338 -0.097135 0.201433 0.101010 -0.974280
0.521024 -2.802962 98.857036 42.982913 0.493445 0.849241 0.187888 -0.837962 0.522062 -0.158971 0.233094 0.079000 -0.969240
-0.643049 -7.768651 -9.992219 -118.039404 -0.477537 0.826650 -0.297673 -0.120253 0.274117 0.954148 -0.870344 -0.491437 0.031494
-1.137062 -7.004734 -42.424094 -136.311626 -0.482923 0.812104 -0.327525 -0.168432 0.280899 0.944842 -0.859311 -0.511452 -0.001131
-0.645980 -6.757901 -3.807399 -28.143705 -0.462404 0.813015 -0.353821 -0.215904 0.283792 0.934263 -0.859981 -0.508398 -0.044307
-0.516970 -7.655502 23.209442 -54.520809 -0.449280 0.823469 -0.346478 -0.195567 0.287765 0.937521 -0.871723 -0.488969 -0.031757
-0.633579 -7.912779 21.239352 45.518118 -0.432029 0.795046 -0.425738 -0.307604 0.313856 0.898262 -0.847780 -0.519034 -0.108965
-0.533163 -7.091939 -1.725177 119.094479 -0.436461 0.780656 -0.447300 -0.314890 0.333171 0.888730 -0.842821 -0.528746 -0.100404
2.553484 -10.912241 -62.377715 127.417381 0.289753 -0.448940 0.845279 0.529161 0.811051 0.249371 -0.797516 0.375032 0.472566
3.395980 -11.227350 -30.511567 277.198415 0.403097 -0.468057 0.786407 0.573675 0.798754 0.181351 -0.713028 0.378041 0.590488
2.546155 -13.467641 -33.662323 178.214736 0.313706 -0.494450 0.810622 0.404843 0.841881 0.356846 -0.858889 0.216230 0.464278
1.284944 -11.584484 -46.162359 98.806479 0.225972 -0.490721 0.841505 0.504405 0.797968 0.329883 -0.833374 0.349914 0.427840
-3.801699 -14.733440 -277.587154 384.152679 0.761291 -0.633865 -0.136572 -0.146122 -0.372918 0.916286 0.631732 0.677604 0.376521
-3.213273 -17.813405 33.557396 -388.520560 -0.700096 0.687492 0.192926 0.035028 0.302927 -0.952370 0.713189 0.659993 0.236160
-1.637354 -18.141665 -226.590746 319.528164 0.749247 -0.654054 -0.104122 -0.056850 -0.220150 0.973808 0.659846 0.723704 0.202130
0.833466 -14.830759 -14.120944 -10.800925 0.502902 -0.783591 0.364795 0.845584 0.533476 -0.019791 -0.179101 0.318417 0.930878
0.360849 -15.521902 -29.189899 23.581378 0.470414 -0.796365 0.380148 0.865373 0.500642 -0.022070 -0.172742 0.339352 0.924662
0.485057 -15.059615 -11.889024 -55.019376 0.481242 -0.796938 0.365097 0.875535 0.457398 -0.155645 -0.042955 0.394558 0.917867
0.644411 -15.106129 33.150116 -3.808592 -0.488044 0.785069 -0.381418 0.815570 0.565844 0.121106 -0.310900 0.251968 0.916435
0.672229 -14.495460 2.245978 -80.484368 0.510962 -0.789665 0.339628 0.858696 0.487046 -0.159461 -0.039494 0.373116 0.926944
0.943409 -14.129619 6.460176 -18.649785 0.533612 -0.776833 0.334348 0.829469 0.557867 -0.027653 -0.165040 0.292087 0.942044
1.108169 -14.651727 9.550698 17.083423 -0.520437 0.771729 -0.365485 0.797803 0.592033 0.114048 -0.304393 0.232230 0.923804
-2.447776 -31.880115 -198.570544 -1700.275063 -0.006473 0.319294 0.947634 -0.055085 0.946101 -0.319153 -0.998461 -0.054266 0.011465
4.557139 -125.300791 -4.068674 -6673.794139 0.007257 0.285985 0.958207 0.007133 0.958193 -0.286035 -0.999948 0.008911 0.004914
1.969392 -43.301962 -156.423388 -2265.457705 -0.015914 0.368660 0.929428 -0.070133 0.926845 -0.368836 -0.997411 -0.071053 0.011106
-10.051103 -123.479496 127.409798 6390.240712 -0.239803 0.965956 0.097076 0.429848 0.195303 -0.881525 0.870474 0.169664 0.462049
10.070709 -209.614807 -284.949013 9245.764128 -0.507862 0.774078 0.377994 0.362100 0.589974 -0.721674 0.781639 0.229640 0.579919
-8.685099 -106.458277 282.002543 4850.245171 -0.444278 0.854891 0.267915 0.580970 0.502568 -0.640234 0.681976 0.128792 0.719945
-3.937244 -36.366389 -77.309522 1745.346008 -0.098103 0.994428 -0.038584 0.281324 -0.009478 -0.959566 0.954585 0.104991 0.278827
-2.921718 -150.785482 -18.306902 73.019755 0.423973 -0.896439 -0.129015 0.903984 0.410165 0.120735 -0.055314 -0.167816 0.984265
-6.040224 -123.019481 158.011942 4868.785734 -0.379056 0.922480 0.073128 0.597707 0.304399 -0.741679 0.706444 0.237429 0.666757
55.831356 -1172.442296 6756.965160 -56048.390103 0.677582 -0.377916 -0.630922 0.730238 0.243785 0.638218 -0.087383 -0.893168 0.441152
-107.193452 -710.389854 -4058.937967 -45785.303430 0.732617 -0.667774 0.131720 0.559042 0.479965 -0.676096 -0.388258 -0.568957 -0.724944
-109.938164 -2699.474793 -29653.657464 422793.891090 0.806984 0.562748 0.179143 -0.078554 0.402923 -0.911856 0.585326 -0.721781 -0.369358
0.044266 -3.547592 -33.959512 3.640157 0.788094 -0.613859 0.045668 0.606687 0.762051 -0.226297 -0.104113 -0.206049 -0.972987
0.303137 -3.348199 -21.419418 31.257458 0.791678 -0.608757 0.051584 0.606728 0.773520 -0.183161 -0.071599 -0.176302 -0.981729
-0.352360 -3.418244 -32.224907 38.306028 0.745813 -0.663646 0.057763 0.663275 0.731739 -0.156919 -0.061871 -0.155346 -0.985921
-0.809177 -3.776094 -35.337637 23.532036 0.739244 -0.669931 0.068632 0.668878 0.718577 -0.190392 -0.078233 -0.186653 -0.979306
-1.085033 -3.433690 33.560953 40.854075 -0.700624 0.708771 -0.082278 0.712804 0.690038 -0.125529 -0.032196 -0.146597 -0.988672
-0.648587 -2.970274 28.806089 49.068853 -0.697179 0.713365 -0.071074 0.716538 0.690264 -0.100538 -0.022661 -0.121020 -0.992391
115.828202 -713.339380 9128.373593 73422.414711 -0.604805 0.536398 0.588632 0.056840 0.766330 -0.639927 -0.794342 -0.353574 -0.493970
-10.264249 -234.309329 734.241929 743.765547 -0.787521 0.451934 0.419005 0.207013 0.834368 -0.510858 -0.580479 -0.315572 -0.750639
-51.113338 -340.520214 2123.147457 32037.929396 -0.462269 0.749558 0.473784 -0.615261 -0.655884 0.437345 -0.638563 0.089330 -0.764368
-5.185567 -223.847494 53.653761 11048.233932 -0.411675 0.634204 0.654454 0.723289 0.664255 -0.188728 -0.554416 0.395664 -0.732170
-0.266031 -58.166789 -43.562150 2348.442353 -0.364010 0.744548 0.559593 0.916508 0.393327 0.072851 -0.165862 0.539390 -0.825560
-0.559161 -129.132712 -121.751296 -6283.396708 -0.413931 0.747448 0.519598 -0.823522 -0.550705 0.136147 -0.387909 0.371545 -0.843494
-1.884758 -58.801742 -160.451685 1243.039023 -0.463524 0.652546 0.599441 0.490253 0.752391 -0.439953 -0.738104 0.089949 -0.668664
4.145580 -411.605851 1004.522300 28702.714654 -0.459799 0.625019 0.630822 0.277300 0.775900 -0.566642 -0.843617 -0.085615 -0.530075
-0.386145 -46.450521 -42.607538 1912.181111 -0.368363 0.736082 0.567883 0.856723 0.505968 -0.100107 -0.361018 0.449643 -0.816999
1.066625 -93.809788 -82.609819 -3719.519607 0.531225 -0.477454 -0.699884 0.508430 0.840455 -0.187443 0.677717 -0.256267 0.689222
1.384847 -53.362802 3.900197 -1133.434666 0.476134 -0.414017 -0.775814 0.395623 0.888761 -0.231489 0.785353 -0.196710 0.586963
4.068887 -115.020007 48.507133 -5256.756062 0.406999 -0.454960 -0.792063 0.786908 0.614949 0.051124 0.463819 -0.644088 0.608295
1.032752 -42.903525 -62.019771 -2032.082750 0.550600 -0.402197 -0.731490 0.758592 0.606791 0.237366 0.348393 -0.685596 0.639202
-0.640262 -116.137900 -97.831178 -6135.215037 0.539933 -0.417916 -0.730629 0.657281 0.751574 0.055833 0.525789 -0.510375 0.680488
-7.167423 -9.736256 78.675489 -132.688368 -0.081411 0.934947 -0.345322 0.992672 0.045016 -0.112146 -0.089305 -0.351921 -0.931760
-5.985246 -8.755390 57.583379 -77.337958 -0.494725 0.842958 -0.211351 0.860881 0.442094 -0.251868 -0.118877 -0.306554 -0.944401
2.147266 -8.753061 52.367278 -251.198034 0.090193 0.600223 -0.794731 0.972848 -0.223882 -0.058680 -0.213147 -0.767860 -0.604119
3.780660 -7.759495 95.867518 -239.385373 0.106034 0.560851 -0.821099 0.956551 -0.283078 -0.069830 -0.271599 -0.778019 -0.566498
3.238324 -4.890468 96.611284 -44.200845 0.068585 0.588142 -0.805844 0.942344 -0.303387 -0.141223 -0.327542 -0.749697 -0.575040
-4.533271 -8.249254 -12.521474 -30.809454 -0.335629 0.742265 -0.579996 0.219121 0.660340 0.718288 -0.916155 -0.113989 0.384275
-4.652454 -8.484725 -16.278970 -20.468205 -0.322334 0.757290 -0.567990 0.354006 0.652912 0.669616 -0.877941 -0.014768 0.478541
-4.860307 -8.247060 -16.193918 -4.648724 -0.231555 0.738735 -0.632971 0.351877 0.670202 0.653462 -0.906954 0.071415 0.415132
0.831086 -4.457975 -1.905063 -10.834128 -0.489737 0.799019 -0.348892 -0.041691 0.378246 0.924766 -0.870873 -0.467438 0.151929
0.793576 -4.424976 13.793604 -16.888407 -0.465500 0.793245 -0.392520 -0.160967 0.360224 0.918873 -0.870287 -0.490918 0.039998
0.735834 -4.688304 5.577012 -17.740557 -0.467748 0.794690 -0.386884 -0.128959 0.371675 0.919362 -0.874404 -0.479922 0.071368
-0.950914 -6.498110 27.444992 -11.116438 -0.459039 0.850999 -0.255115 0.345965 0.435719 0.830938 -0.818286 -0.293172 0.494428
-0.689119 -6.451553 46.190489 1.489773 -0.497711 0.809204 -0.312207 0.409022 0.536397 0.738227 -0.764843 -0.239724 0.597953
-0.775206 -6.735473 40.332604 -4.119180 -0.469599 0.834724 -0.287597 0.405649 0.493324 0.769467 -0.784172 -0.244677 0.570270
-0.410790 -2.675071 -89.213327 -31.012647 0.024645 0.567753 -0.822830 0.812348 -0.491089 -0.314520 -0.582652 -0.660673 -0.473316
0.936994 -2.382034 -106.155098 -18.721317 -0.010577 0.593190 -0.804993 0.803592 -0.474052 -0.359882 -0.595087 -0.650692 -0.471668
1.981098 -2.577771 -72.148302 -19.566247 0.004604 0.617792 -0.786328 0.809425 -0.464049 -0.359848 -0.587206 -0.634817 -0.502193
0.335162 -7.451574 11.190204 17.462916 -0.269646 0.790867 -0.549382 -0.144028 -0.597219 -0.789041 0.952128 0.133635 -0.274945
0.047277 -6.946436 14.836279 16.920771 -0.285295 0.773058 -0.566558 -0.294057 -0.633216 -0.715938 0.912216 0.037653 -0.407976
1.299558 -11.176094 -3.667510 -83.310226 -0.291771 0.725760 -0.623011 0.748934 0.578501 0.323165 -0.594952 0.372304 0.712336
1.151937 -11.911906 8.213094 -72.177106 -0.274269 0.705099 -0.653920 0.827147 0.519820 0.213580 -0.490515 0.482310 0.725791
1.433989 -12.418828 -0.502746 -109.133784 0.287025 -0.735541 0.613674 0.848903 0.492127 0.192810 -0.443825 0.465608 0.765656
-0.205593 -19.195334 -23.747188 -89.296316 -0.121137 0.899076 -0.420700 0.608960 -0.267386 -0.746775 0.783897 0.346651 0.515111
-0.713909 -18.859130 -29.264464 -109.077342 -0.125753 0.898389 -0.420812 0.725629 -0.205957 -0.656539 0.676497 0.387915 0.625998
-1.195577 -19.297894 -20.115332 -4.241673 -0.153651 0.890915 -0.427389 0.673989 -0.221800 -0.704659 0.722586 0.396327 0.566387
-0.364819 -5.959788 3.968761 10.189137 -0.338969 0.869528 -0.359194 -0.191950 0.309846 0.931209 -0.921008 -0.384599 -0.061878
-0.449325 -5.780780 -6.448091 -1.535975 -0.343659 0.858091 -0.381548 -0.063223 0.384231 0.921070 -0.936964 -0.340656 0.077794
-0.311585 -6.176389 -2.268930 10.837248 -0.343606 0.868486 -0.357306 -0.226260 0.292704 0.929048 -0.911450 -0.400071 -0.095929
-0.297910 -6.372346 9.612150 20.051714 -0.342266 0.879940 -0.329483 -0.353705 0.204206 0.912794 -0.870487 -0.428958 -0.241346
-0.447829 -6.279332 6.701327 20.132669 -0.348148 0.869372 -0.350692 -0.331003 0.235997 0.913642 -0.877058 -0.434163 -0.205602
1.806260 -12.204462 13.333011 28.155294 -0.288924 0.803926 -0.519832 -0.464280 0.357201 0.810464 -0.837238 -0.475510 -0.270043
2.062511 -12.014790 0.234895 23.667242 -0.343871 0.780142 -0.522619 -0.462229 0.343830 0.817389 -0.817372 -0.522647 -0.242371
1.710657 -12.803950 10.991053 120.783501 -0.291677 0.802947 -0.519809 -0.589722 0.276911 0.758649 -0.753096 -0.527823 -0.392746
1.958561 -12.476063 2.261921 -75.965271 -0.337671 0.778547 -0.529001 -0.329622 0.428616 0.841212 -0.881662 -0.458424 -0.111895
1.325884 -13.431984 18.071137 146.258691 -0.243202 0.816955 -0.522913 -0.592618 0.301636 0.746873 -0.767891 -0.491528 -0.410784
1.377813 -12.238944 25.362516 30.401735 -0.246599 0.824785 -0.508840 -0.466494 0.359199 0.808307 -0.849454 -0.436698 -0.296179
1.787380 -12.337491 19.352671 -87.714460 -0.286970 0.808989 -0.513015 -0.327793 0.420282 0.846117 -0.900111 -0.410973 -0.144573
-0.376820 -14.517900 -2.331812 35.540835 -0.499998 0.775696 -0.385094 0.592808 0.630720 0.500771 -0.631332 -0.022098 0.775197
-0.207690 -15.174325 -0.027092 82.723129 -0.502324 0.778128 -0.377077 0.710295 0.620024 0.333245 -0.493104 0.100439 0.864153
-0.592760 -13.542787 -5.663508 -18.237468 -0.498028 0.768462 -0.401789 0.432951 0.621808 0.652617 -0.751346 -0.151067 0.642384
-0.400620 -14.271871 -2.881510 -52.108443 -0.513079 0.762172 -0.394772 0.423303 0.624786 0.656092 -0.746702 -0.169518 0.643194
-0.273805 -15.334493 -1.156766 -10.633154 -0.516719 0.765797 -0.382826 0.575400 0.641727 0.507052 -0.633969 -0.041726 0.772232
2.593338 -28.955725 123.800448 -581.138892 -0.374747 0.688144 -0.621308 0.863949 0.502342 0.035284 0.336390 -0.523555 -0.782772
6.773501 -17.679730 -352.317960 520.102339 -0.012322 0.680686 -0.732472 0.891456 -0.324337 -0.316403 -0.452939 -0.656866 -0.602805
8.593849 -18.285731 -300.968380 512.115818 0.000945 0.726262 -0.687417 0.913223 -0.280721 -0.295330 -0.407459 -0.627486 -0.663505
8.058818 -22.538741 -2.134851 -568.912491 0.005889 0.799844 -0.600180 -0.826954 0.341352 0.446796 -0.562239 -0.493690 -0.663444
3.062794 -1.767751 55.438286 3.694797 0.494979 -0.696772 0.519139 0.868849 0.403696 -0.286586 -0.009889 0.592907 0.805210
3.019730 -2.236622 64.362062 13.275346 0.428889 -0.735739 0.524159 0.902780 0.369828 -0.219580 -0.032295 0.567376 0.822826
3.666131 -29.023950 -214.143277 -35.685327 -0.000282 0.979598 -0.200965 -0.713856 -0.140931 -0.685965 0.700293 -0.143267 -0.699331
5.612721 -28.998505 209.885027 304.267022 -0.169154 0.960899 -0.219227 -0.096074 -0.237449 -0.966637 0.980896 0.142448 -0.132483
5.898863 -46.076941 -37.524792 1449.362415 -0.033796 0.974963 -0.219785 0.136781 -0.213330 -0.967358 0.990025 0.062756 0.126146
-41.724292 -328.934820 1570.549935 -69875.283497 -0.361884 0.804358 -0.471221 0.354505 -0.348764 -0.867577 0.862187 0.481012 0.158937
-14.833700 -1383.335079 1659.908900 8626.455301 -0.449508 0.766645 -0.458474 -0.577036 -0.641001 -0.506110 0.681889 -0.037056 -0.730517
-2.525083 -5960.930564 -1927.756448 1299007.676375 0.499676 -0.675306 0.542481 0.604257 -0.176978 -0.776887 0.620643 0.715989 0.319627
-13.953817 -805.595509 322.550131 8596.758697 -0.553271 0.694517 -0.459933 0.736849 0.665565 0.118646 -0.388517 0.273258 0.879991
-1.488549 -8.390626 36.146789 2.341221 -0.664872 0.743897 0.067545 -0.296062 -0.345468 0.890505 -0.685778 -0.572075 -0.449932
2.715874 -5.388675 133.298260 6.764130 -0.229594 0.672426 -0.703655 0.721908 0.602553 0.340262 -0.652791 0.429852 0.623772
0.649151 -5.226882 111.484354 -0.450050 -0.242322 0.639535 -0.729572 0.698199 0.637085 0.326560 -0.673646 0.430253 0.600902
0.540205 -5.183269 -103.840498 1.756069 0.275081 -0.604878 0.747297 0.750153 0.621198 0.226678 -0.601332 0.498233 0.624631
-1.192574 -2.521069 74.167660 -26.871214 0.985445 -0.145546 -0.087835 -0.037926 -0.691896 0.721000 0.165711 0.707175 0.687345
-1.424688 -2.284571 83.671961 -19.863223 0.986576 -0.124920 -0.105180 -0.005834 -0.670631 0.741768 0.163199 0.731197 0.662357
-2.383024 -3.583928 14.150057 109.113484 0.529632 -0.628403 0.569737 0.838028 0.283807 -0.466006 0.131144 0.724268 0.676932
-0.906056 -5.204488 10.091430 -15.286012 -0.126190 0.971874 -0.198840 0.610739 0.234065 0.756446 -0.781712 0.025983 0.623098
-0.353194 -5.816404 2.764028 -24.185566 -0.065764 0.993748 -0.090218 0.751852 0.108793 0.650294 -0.656044 0.025065 0.754307
-1.064848 -4.946695 -8.923872 -30.367154 -0.062371 0.993799 -0.092054 0.652925 0.110387 0.749335 -0.754850 0.013368 0.655761
-1.157684 -4.358319 3.019743 -0.213775 -0.178788 0.942497 -0.282373 0.506880 0.334213 0.794590 -0.843272 0.001066 0.537486
-0.994181 -4.947894 2.824124 1.742022 -0.239040 0.909076 -0.341235 0.415658 0.413396 0.810143 -0.877547 -0.051819 0.476683
44.449087 -8.879411 4146.420631 626.462376 -0.572720 -0.381186 0.725733 0.277663 0.742772 0.609256 -0.771294 0.550443 -0.319559
8.301266 -7.241990 1984.703497 430.139274 0.936480 0.250536 -0.245431 0.021891 0.656672 0.753859 -0.350037 0.711347 -0.609476
-16.514188 -95.940914 1540.340388 -5043.542028 0.014623 0.628820 0.777413 -0.584663 -0.625352 0.516821 -0.811145 0.462082 -0.358504
1.780688 -16.218039 359.999337 759.479483 0.805627 -0.031108 -0.591606 0.434037 0.710663 0.553687 -0.403208 0.702844 -0.586032
134.978135 -12664.586501 19350.808612 1439449.040789 0.098387 0.618329 0.779736 0.127066 0.769319 -0.626101 -0.987003 0.160678 -0.002878
-17.405692 -489.537825 1969.068238 27298.754559 -0.060991 0.552170 0.831498 0.125291 0.830695 -0.542447 -0.990244 0.071094 -0.119847
-7.394673 -133.613606 -16.111922 6535.320959 0.536918 0.806702 0.246882 -0.482680 0.053736 0.874147 -0.691910 0.588510 -0.418231
0.745174 -36.319095 -24.259946 -1747.837669 0.069173 0.791902 0.606718 0.853761 0.267610 -0.446629 -0.516050 0.548887 -0.657583
11.278630 -6.284003 -179.578298 -1083.138644 -0.094454 0.972594 -0.212461 -0.222318 -0.228633 -0.947788 0.970388 0.042289 -0.237820
12.374028 0.224603 -116.480195 -57.122058 -0.055942 0.998092 -0.026131 -0.502759 -0.050772 -0.862934 0.862614 0.035137 -0.504640
16.122565 -8.849331 681.425232 -845.360465 -0.443030 0.896166 0.024726 -0.324647 -0.134662 -0.936200 0.835661 0.422792 -0.350597
7.254095 -55.063548 -21.080428 -3478.198308 -0.290974 0.859058 -0.421134 -0.136598 -0.472974 -0.870423 0.946929 0.195744 -0.254969
9.289973 -8.676508 -791.107865 -987.055682 0.176691 0.933512 -0.311988 -0.187852 -0.279165 -0.941689 0.966174 -0.224995 -0.126036
-1.959103 -5.763306 44.608316 186.831603 -0.503414 0.799310 0.328143 0.240696 0.494471 -0.835203 0.829843 0.341470 0.441315
-2.673823 -4.943500 39.491082 44.781223 -0.362290 0.930569 0.052791 0.380704 0.199440 -0.902933 0.850770 0.307026 0.426526
-2.746512 -4.452643 8.060430 12.626360 -0.395348 0.916686 0.058195 0.350083 0.208952 -0.913116 0.849201 0.340626 0.403525
-1.835461 -5.312052 40.545705 6.172843 -0.454949 0.854807 0.249653 0.372737 0.437395 -0.818385 0.808758 0.279268 0.517610
-1.768355 -5.648082 67.521475 133.401316 -0.542572 0.774970 0.324094 0.208301 0.497898 -0.841848 0.813773 0.389254 0.431573
-0.581771 -7.869891 19.468354 221.717675 -0.436087 0.871688 0.223582 0.321414 0.382935 -0.866057 0.840548 0.305814 0.447166
11.635783 -3.215849 -601.027050 -1.415297 0.912430 -0.408507 0.024353 0.391612 0.888871 0.237799 0.118789 0.207438 -0.971009
11.913238 -4.084319 420.413763 52.585068 -0.842390 0.527789 -0.108706 0.502558 0.842274 0.194960 0.194458 0.109601 -0.974769
13.364777 -3.393639 304.084409 -5.779003 -0.849559 0.456309 -0.264635 0.407971 0.886409 0.218720 0.334379 0.077852 -0.939218
5.798114 -3.082607 -452.778150 23.667843 0.916225 -0.396094 -0.060346 0.399285 0.890165 0.219493 0.033222 0.225200 -0.973746
4.826841 -2.838223 -694.161041 13.456186 0.935863 -0.335400 -0.108014 0.352311 0.895964 0.270418 -0.006079 0.291129 -0.956664
-1.124575 -6.494604 -10.794507 -31.596720 -0.370325 0.895955 -0.245202 -0.178240 -0.327603 -0.927851 0.911641 0.299901 -0.281015
-1.296242 -7.195940 -4.789701 -36.162920 -0.401360 0.881053 -0.250311 -0.319827 -0.390901 -0.863080 0.858266 0.266349 -0.438677
-1.296351 -6.517360 -20.272895 -24.608535 -0.390714 0.895824 -0.211762 -0.228646 -0.317284 -0.920354 0.891663 0.311176 -0.328794
3.214051 -4.728773 33.670303 -9.738269 -0.089933 0.909337 -0.406224 0.947594 0.203672 0.246136 0.306557 -0.362800 -0.879999
3.412835 -4.803553 -22.526545 -0.744939 -0.054584 0.873537 -0.483687 0.952224 0.191312 0.238051 0.300482 -0.447585 -0.842246
3.839137 -4.932323 23.510275 2.336540 -0.096197 0.871886 -0.480168 0.920917 0.261015 0.289453 0.377701 -0.414351 -0.828043
3.567803 -4.897936 -55.372728 21.233550 -0.046180 0.840687 -0.539549 0.933356 0.228786 0.276593 0.355969 -0.490818 -0.795225
2.017991 -5.165567 -96.725275 -5.290947 0.038721 0.825602 -0.562923 0.967273 0.110406 0.228460 0.250767 -0.553346 -0.794307
0.996811 -10.482740 -12.586692 20.406256 -0.283827 0.873828 -0.394799 0.809751 0.438945 0.389397 -0.513562 0.209167 0.832168
1.171199 -11.198748 -11.034899 -23.814745 -0.286234 0.859936 -0.422588 0.717675 0.484629 0.500077 -0.634833 0.160142 0.755872
2.031181 -24.267847 -17.098558 -276.451152 -0.170629 0.720396 -0.672247 0.981162 0.061497 -0.183137 -0.090590 -0.690832 -0.717318
1.589253 -26.457977 -14.699269 -150.877280 -0.143878 0.711925 -0.687358 0.972624 0.229816 0.034440 0.182485 -0.663586 -0.725502
1.950880 -20.377445 -17.385956 -448.475967 -0.223659 0.713141 -0.664384 0.908273 -0.094783 -0.407501 -0.353578 -0.694583 -0.626528
2.497285 -28.091268 -30.113496 -153.735299 -0.133809 0.753526 -0.643657 0.971413 0.228249 0.065264 0.196092 -0.616524 -0.762526
2.775871 -23.844034 -30.096822 -405.282155 -0.196553 0.753064 -0.627903 0.928234 -0.063363 -0.366560 -0.315828 -0.654889 -0.686566
2.801061 -26.594455 -32.343068 -109.218248 -0.158571 0.754652 -0.636675 0.986729 0.098294 -0.129248 -0.034956 -0.648721 -0.760223
-1.242559 -4.727799 -91.147724 30.888958 -0.415142 0.582747 -0.698615 0.756186 0.647977 0.091155 0.505807 -0.490441 -0.709667
-2.424036 -5.676968 -52.101250 45.530248 -0.321379 0.697631 -0.640333 0.846365 0.514898 0.136187 0.424714 -0.498187 -0.755928
-0.280269 -1.594484 -103.078771 14.725607 -0.744031 -0.632806 -0.214418 -0.642809 0.765492 -0.028628 0.182251 0.116529 -0.976322
0.029073 -1.404100 -63.136962 1.315802 -0.923281 -0.324437 -0.205654 -0.346227 0.934758 0.079719 0.166373 0.144805 -0.975373
1.425342 -1.645731 -132.528632 9.094093 -0.787903 -0.576355 -0.216850 -0.592779 0.805251 0.013562 0.166802 0.139229 -0.976111
-1.203292 -9.026043 -48.224959 -213.138887 -0.494307 0.818957 -0.291497 -0.071336 0.295982 0.952526 -0.866356 -0.491634 0.087885
-1.896680 -8.292941 -48.370257 -220.933507 -0.454137 0.821072 -0.345833 -0.121831 0.327292 0.937036 -0.882562 -0.467676 0.048603
2.805218 -14.133102 11.620272 327.213646 0.437378 -0.514305 0.737693 0.503400 0.819772 0.273062 -0.745177 0.251923 0.617451
3.192115 -11.291077 46.895715 332.606685 0.506616 -0.521717 0.686405 0.628714 0.768330 0.119950 -0.589965 0.370784 0.717259
-1.954895 -15.224978 40.815744 -150.434529 0.570742 -0.739477 -0.356969 0.819554 0.539917 0.191888 0.050837 -0.402074 0.914195
-1.454208 -16.689726 29.862984 -162.504556 0.553577 -0.736890 -0.388001 0.822841 0.555798 0.118412 0.128393 -0.384813 0.914021
-2.392785 -17.454166 56.128222 -280.626799 0.595992 -0.708003 -0.378847 0.772303 0.634592 0.029017 0.219869 -0.309879 0.925004
-1.167673 -15.033084 19.077502 -53.229912 0.538912 -0.755092 -0.373376 0.841426 0.461659 0.280843 -0.039690 -0.465518 0.884148
-3.391943 -17.727793 57.264665 -308.760456 0.640932 -0.698221 -0.318893 0.754272 0.649956 0.092898 0.142404 -0.300073 0.943227
-3.527642 -15.451268 79.562888 -154.140428 0.595988 -0.738229 -0.315935 0.802993 0.547606 0.235223 -0.000641 -0.393884 0.919160
-1.823874 -13.831639 47.809831 3.836636 0.551683 -0.751374 -0.362052 0.830401 0.454237 0.322650 -0.077974 -0.478649 0.874537
0.147583 -15.401240 -21.359138 2.010919 0.457724 -0.805501 0.376373 0.888707 0.426994 -0.166958 -0.026224 0.410906 0.911300
-0.284833 -16.113133 -38.548319 69.732886 0.452510 -0.805254 0.383147 0.879130 0.474881 -0.040234 -0.149551 0.355042 0.922811
-0.198127 -15.794567 55.827327 -0.850373 -0.463995 0.795565 -0.389596 0.832267 0.542134 0.115852 -0.303381 0.270493 0.913670
0.259238 -135.004577 -133.623703 -7266.102887 0.003846 0.319760 0.947491 0.004671 0.947482 -0.319776 -0.999982 0.005655 0.002150
-0.403787 -120.385647 -306.938351 -6501.719293 -0.054270 0.354994 0.933292 0.200143 0.919569 -0.338136 -0.978263 0.168441 -0.120954
