14900
29788
-6.114607 -7.933308 -3.678514 163.662220 0.467363 -0.018880 0.883864 0.451714 0.864514 -0.220387 -0.759952 0.502254 0.412570
-6.770689 -8.729803 -70.787312 106.667790 0.269968 -0.235993 0.933501 0.472084 0.877418 0.085288 -0.839198 0.417666 0.348283
-6.980336 -11.211607 34.647770 307.959049 0.555993 0.357075 0.750579 0.144175 0.847902 -0.510172 -0.818588 0.391867 0.419946
-4.938457 -7.023371 -13.802034 64.662338 -0.005230 -0.589598 0.807680 0.643255 0.616421 0.454146 -0.765634 0.521920 0.376038
-4.076143 -9.787845 136.331382 264.257278 0.633417 0.138971 0.761229 0.334653 0.837790 -0.431411 -0.697704 0.528011 0.484163
-5.183217 -6.125006 -6.359834 87.446480 0.276848 -0.354124 0.893281 0.670734 0.736897 0.084253 -0.688092 0.575829 0.441532
4.380811 -10.981264 154.966698 -140.564180 0.277243 -0.448909 0.849481 0.722859 -0.484981 -0.492207 0.632938 0.750516 0.190040
5.565386 -11.270525 79.918301 -150.176361 0.354920 -0.343591 0.869470 0.737557 -0.468588 -0.486246 0.574493 0.813862 0.087107
5.276017 -12.212422 -84.046297 61.340774 -0.340562 0.336233 -0.878046 -0.613567 0.628139 0.478515 0.712428 0.701704 -0.007619
3.413350 -11.590731 -160.422643 29.639965 -0.239076 0.441378 -0.864886 -0.570473 0.656935 0.492947 0.785750 0.611246 0.094737
2.534257 -7.118055 496.657511 -108.927305 0.993516 0.109030 -0.032216 0.112749 -0.908533 0.402313 -0.014595 0.403337 0.914935
6.619268 -6.850581 287.557306 -77.826693 0.986949 0.090605 0.133128 0.017682 -0.882677 0.469648 -0.160061 0.461165 0.872759
0.243110 -5.668341 450.032232 -17.919813 0.997362 0.067971 -0.025455 0.071685 -0.867522 0.492207 -0.011373 0.492733 0.870106
1.723979 -5.005098 -102.327097 13.080287 0.415739 -0.372511 0.829697 0.419581 0.887947 0.188422 -0.806916 0.269790 0.525452
3.555383 -5.323590 -94.030125 6.478626 0.483799 -0.329376 0.810833 0.347894 0.922510 0.167164 -0.803062 0.201210 0.560898
2.564966 -5.231303 -109.415099 -11.335394 0.419944 -0.368210 0.829499 0.336718 0.911975 0.234354 -0.842774 0.180892 0.506961
0.813490 -5.092935 -65.776814 -7.230649 0.373603 -0.447794 0.812343 0.383001 0.872089 0.304583 -0.844826 0.197335 0.497320
0.199895 -4.881800 -55.054589 19.536044 0.373854 -0.458576 0.806189 0.482163 0.838625 0.253432 -0.792308 0.293967 0.534632
-1.525923 -6.603108 -3.131913 22.932847 0.447239 -0.077126 0.891083 0.715454 -0.567031 -0.408168 0.536752 0.820078 -0.198418
-1.012340 -6.175137 -3.673495 22.848701 0.463507 -0.085349 0.881973 0.631142 -0.666837 -0.396217 0.621949 0.740300 -0.255216
-0.798262 -6.454145 -35.500313 25.018863 0.435426 -0.034922 0.899547 0.691103 -0.627360 -0.358883 0.576872 0.777946 -0.249034
-1.976934 -6.859736 -4.683478 17.319237 0.457353 -0.090792 0.884638 0.772497 -0.452238 -0.445790 0.440542 0.887264 -0.136696
-1.254270 -6.514694 49.433331 22.892588 0.487762 -0.152480 0.859557 0.679970 -0.551136 -0.483622 0.547476 0.820365 -0.165141
-0.752422 -6.142755 51.326095 25.451826 0.490462 -0.159438 0.856753 0.604044 -0.646441 -0.466095 0.628154 0.746119 -0.220747
0.823846 -4.888474 -47.493126 -26.026918 -0.504993 0.180446 -0.844051 -0.385090 0.828075 0.407428 0.772456 0.530784 -0.348684
0.511231 -5.427726 -45.405678 -21.864825 -0.506451 0.185409 -0.842099 -0.458299 0.769362 0.445022 0.730390 0.611315 -0.304671
2.238420 -4.977561 -73.901409 -23.411591 -0.546551 0.225286 -0.806553 -0.371906 0.797644 0.474816 0.750312 0.559473 -0.352168
1.973408 -4.304079 -74.209212 -41.144046 -0.533636 0.223896 -0.815539 -0.294218 0.854934 0.427228 0.792886 0.467930 -0.390349
1.036765 -4.260368 -39.271512 -33.795312 -0.506225 0.184848 -0.842358 -0.311825 0.871440 0.378625 0.804053 0.454338 -0.383505
-1.117687 -9.018844 -13.829781 61.912647 0.597966 -0.191669 0.778267 0.469887 0.870459 -0.146654 -0.649340 0.453392 0.610568
-1.285478 -8.529614 -7.275836 -60.080670 0.577697 -0.244352 0.778818 0.533233 0.835379 -0.133434 -0.618004 0.492376 0.612893
-1.007156 -8.330329 -7.989033 -42.706783 0.567680 -0.237084 0.788372 0.541419 0.828917 -0.140580 -0.620165 0.506644 0.598921
-1.281850 -9.216509 -0.163768 63.289511 0.610536 -0.211456 0.763238 0.468367 0.873519 -0.132650 -0.638654 0.438463 0.632354
-1.205757 -8.902652 -16.643308 130.645146 0.606775 -0.171869 0.776070 0.400089 0.909687 -0.111352 -0.686842 0.378063 0.620738
-0.217996 -8.243035 12.049337 -48.599797 -0.617761 0.122634 -0.776745 0.786133 0.120344 -0.606227 0.019132 -0.985129 -0.170750
-0.346848 -7.441689 0.898026 -23.069099 -0.612791 0.111834 -0.782291 0.787761 0.008026 -0.615929 -0.062603 -0.993695 -0.093017
-0.082283 -8.273853 13.550346 -30.700023 -0.593323 0.128628 -0.794621 0.803946 0.144340 -0.576920 0.040488 -0.981132 -0.189050
-0.323733 -18.101330 -16.495611 42.376445 0.606302 -0.254699 0.753343 0.116789 0.965569 0.232458 -0.786612 -0.052957 0.615173
-0.625421 -17.748085 10.219684 230.267376 0.613703 -0.249812 0.748974 0.356440 0.934115 0.019499 -0.704499 0.254998 0.662312
-0.542067 -17.961870 2.142110 76.363718 0.608193 -0.229752 0.759813 0.136096 0.973205 0.185339 -0.782035 -0.009314 0.623165
-0.114229 -17.631840 -11.577554 -212.791573 0.601276 -0.239572 0.762281 -0.136574 0.909143 0.393455 -0.787283 -0.340683 0.513927
-0.167482 -17.634772 15.828259 -166.197972 0.622739 -0.206107 0.754795 -0.119566 0.928284 0.352127 -0.773240 -0.309531 0.553435
1.471255 -11.700341 10.203955 -127.476608 0.458981 -0.242643 0.854670 0.561491 -0.666291 -0.490697 0.688524 0.705110 -0.169573
1.569277 -10.698990 11.674175 -100.532554 0.458785 -0.256652 0.850674 0.681117 -0.513230 -0.522183 0.570611 0.818978 -0.060652
1.747119 -11.201581 6.099305 -145.273914 0.473346 -0.233610 0.849335 0.660845 -0.543344 -0.517745 0.582432 0.806352 -0.102810
0.779863 -6.035681 -8.004307 24.963247 -0.416121 0.193455 -0.888492 -0.357079 0.863851 0.355326 0.836264 0.465120 -0.290388
0.875067 -5.851283 -8.605141 24.796652 -0.423742 0.221703 -0.878232 -0.409817 0.817740 0.404167 0.807770 0.531177 -0.255653
1.029738 -5.856584 -3.762221 7.255274 -0.412954 0.155552 -0.897370 -0.426746 0.837401 0.341538 0.804585 0.523988 -0.279427
3.619694 -4.109592 -15.618031 -24.942781 0.462419 -0.521188 0.717309 0.025185 0.816394 0.576946 -0.886304 -0.248725 0.390642
2.974590 -3.260156 -22.020757 -31.451350 0.465823 -0.584700 0.664180 0.002278 0.751379 0.659866 -0.884875 -0.305868 0.351342
2.858501 -3.922861 -94.342167 -32.908013 0.369207 -0.523512 0.767868 0.018215 0.830162 0.557224 -0.929169 -0.191744 0.316037
-0.797545 -4.510661 39.728774 21.433431 0.472771 -0.394664 0.787863 0.613676 -0.494170 -0.615791 0.632369 0.774620 0.008567
-0.480424 -4.775448 32.258174 -23.349450 0.381884 -0.328466 0.863872 0.638246 -0.582304 -0.503551 0.668436 0.743661 -0.012731
-1.179333 -4.665786 60.083233 -40.701708 0.385313 -0.330847 0.861437 0.626083 -0.592060 -0.507430 0.677904 0.734851 -0.020991
-1.437569 -4.115248 34.893261 6.434403 0.528539 -0.420814 0.737267 0.565049 -0.473752 -0.675484 0.633535 0.773611 -0.012616
-0.720180 -6.206000 28.559654 59.897318 0.408095 -0.283044 0.867954 0.722632 0.681148 -0.117642 -0.557908 0.675221 0.482510
-0.846178 -6.594632 54.505514 27.566833 0.421686 -0.300528 0.855490 0.637622 0.769085 -0.044120 -0.644686 0.564084 0.515936
-0.543900 -6.062070 5.115177 41.558642 0.413595 -0.267269 0.870348 0.721287 0.679533 -0.134088 -0.555593 0.683229 0.473829
0.091178 -12.751464 1.581125 -68.947570 -0.242316 -0.023535 -0.969912 0.957030 0.158344 -0.242940 0.159298 -0.987103 -0.015845
-0.106274 -13.417828 -21.286761 109.165656 -0.341719 -0.051202 -0.938406 0.938175 0.040140 -0.343825 0.055272 -0.997881 0.034319
-0.287430 -13.574203 5.652126 151.067370 -0.333026 -0.023771 -0.942618 0.942186 -0.047759 -0.331669 -0.037134 -0.998576 0.038302
-0.270616 -13.202754 4.448430 26.228799 -0.251916 -0.034100 -0.967148 0.965423 0.060401 -0.253596 0.067065 -0.997592 0.017705
0.419785 -5.564681 -113.512498 -8.076200 0.644717 -0.037533 0.763500 0.715813 -0.320837 -0.620221 0.268238 0.946390 -0.179982
2.224592 -5.775594 -139.632409 7.980186 0.610928 -0.027271 0.791217 0.751387 -0.294824 -0.590336 0.249368 0.955162 -0.159625
1.096004 -5.736300 -121.922089 6.290812 0.578855 -0.018730 0.815215 0.794980 -0.209533 -0.569300 0.181477 0.977622 -0.106400
5.738760 -131.896234 214.648541 -5294.700596 -0.182314 0.149558 -0.971799 0.135053 0.982805 0.125915 0.973921 -0.108289 -0.199377
4.089229 -44.929723 343.220496 -1597.169338 -0.221344 0.130094 -0.966479 0.648486 0.759821 -0.046240 0.728335 -0.636984 -0.252546
7.757628 -83.771006 -51.331262 -2922.993732 0.088350 0.064318 -0.994011 0.597137 0.795299 0.104535 0.797259 -0.602796 0.031858
6.564377 -75.551133 -117.374303 -1969.084398 0.065260 0.082024 -0.994491 0.126652 0.987875 0.089789 0.989798 -0.131814 0.054080
4.611809 -73.060603 -29.407942 -395.279182 -0.001165 0.071348 -0.997451 -0.315470 0.946491 0.068071 0.948935 0.314745 0.021405
-90.537064 -458.546680 4121.886787 -5084.243393 0.438550 0.209440 -0.873961 0.857498 -0.388614 0.337159 -0.269019 -0.897281 -0.350021
-82.810592 -279.216786 -4121.554471 -32591.750580 -0.062602 0.110732 0.991877 -0.612912 0.780078 -0.125771 -0.787668 -0.615806 0.019034
-123.149854 -361.387009 -5181.335664 24417.640181 -0.430605 -0.402755 0.807692 0.068236 0.877821 0.474104 -0.899957 0.259265 -0.350512
-75.491139 -287.950705 2763.168789 16678.883567 0.812013 -0.136423 -0.567471 -0.561317 -0.448871 -0.695297 0.159867 -0.883122 0.441066
-188.273323 -218.882332 8946.974142 714.788280 0.412650 0.326232 -0.850466 0.904983 -0.040680 0.423498 0.103562 -0.944414 -0.312021
-65.622490 -706.931772 2352.629285 83361.993620 0.661443 0.194250 -0.724403 -0.430663 -0.692390 -0.578899 0.614021 -0.694883 0.374320
6.380239 -4.108416 -168.276778 44.462756 0.275244 -0.305330 0.911600 -0.196511 0.910337 0.364240 -0.941076 -0.279394 0.190564
5.653663 -3.549573 -204.935782 -47.986201 0.162800 -0.159759 0.973639 -0.261841 0.944425 0.198747 -0.951281 -0.287295 0.111921
7.073078 -5.397972 -81.302745 -37.333955 0.384218 -0.110424 0.916615 -0.230053 0.950054 0.210884 -0.894121 -0.291896 0.339625
6.970040 -5.792043 -41.814475 61.885756 0.489740 -0.293205 0.821088 -0.212152 0.873375 0.438414 -0.845663 -0.388904 0.365523
-0.043880 -10.718773 29.008056 -36.833757 0.697742 -0.270907 0.663149 0.199964 0.962592 0.182840 -0.687874 0.005031 0.725812
-0.098791 -10.855703 20.628456 8.275505 0.691167 -0.279544 0.666440 0.351000 0.935939 0.028565 -0.631733 0.214178 0.745011
0.025191 -10.790288 -15.150041 -10.644538 0.668100 -0.265399 0.695130 0.229148 0.962208 0.147131 -0.707908 0.060990 0.703667
-0.035762 -10.296096 -25.858564 -25.411133 0.668373 -0.266602 0.694407 0.066481 0.951235 0.301217 -0.740849 -0.155160 0.653504
-0.234569 -10.505470 18.950929 -38.093127 0.693750 -0.244754 0.677353 0.058490 0.956525 0.285724 -0.717837 -0.158603 0.677905
-0.066647 -13.221065 -5.319189 1.784198 0.567819 -0.372265 0.734167 0.796594 0.473239 -0.376142 -0.207413 0.798413 0.565258
-0.068546 -13.801001 -0.529379 88.281286 0.598377 -0.347338 0.722012 0.731912 0.603583 -0.316217 -0.325959 0.717666 0.615391
-0.165537 -15.433687 -3.394069 167.586929 0.624889 -0.332885 0.706188 0.689020 0.660480 -0.298359 -0.367104 0.673019 0.642090
7.912967 0.713255 190.360410 1.050284 -0.281888 0.878387 0.385972 -0.409019 0.253881 -0.876498 0.867895 0.404944 -0.287711
6.585111 0.587560 -246.331709 1.636941 -0.006452 0.964091 0.265492 -0.408935 0.239739 -0.880510 0.912541 0.114250 -0.392704
6.591647 0.675771 54.000578 -5.537479 -0.217874 0.903127 0.369990 -0.418305 0.256101 -0.871455 0.881789 0.344636 -0.321984
6.529182 0.461912 40.680304 -18.606837 -0.174830 0.904672 0.388591 -0.388489 0.299267 -0.871502 0.904716 0.303328 -0.299134
6.647934 0.649582 380.754892 12.327778 -0.412519 0.799734 0.436181 -0.430647 0.250729 -0.866994 0.802727 0.545492 -0.240972
4.653715 0.351576 327.019679 -8.612606 -0.422766 0.797258 0.430869 -0.393367 0.266881 -0.879793 0.816414 0.541436 -0.200787
1.377034 -16.818257 -44.828759 -300.325977 0.399090 -0.219885 0.890156 0.911983 0.195722 -0.360528 -0.094949 0.955690 0.278642
1.980224 -11.093390 39.394764 -25.116961 0.411349 -0.261533 0.873151 0.905505 0.007767 -0.424264 0.104177 0.965163 0.240014
1.795171 -13.680704 -11.601723 177.383700 0.464708 -0.245010 0.850891 0.837598 -0.190035 -0.512168 0.287185 0.950714 0.116910
2.344112 -12.882172 59.181930 112.332878 0.492856 -0.273599 0.825976 0.761101 -0.324492 -0.561632 0.421684 0.905455 0.048309
2.158035 -14.951703 8.071170 733.256531 0.521783 -0.258441 0.812989 0.648726 -0.498667 -0.574879 0.553983 0.827369 -0.092539
0.580451 -4.931464 53.122693 -2.521816 0.774252 -0.052169 0.630724 0.555781 0.532749 -0.638190 0.302724 -0.844664 -0.441476
0.269646 -5.180710 -118.221256 65.466579 -0.611837 0.112972 -0.782875 0.710301 0.513963 -0.480952 0.348035 -0.850341 -0.394706
0.791926 -7.858836 -54.692544 -114.050748 -0.644183 0.181216 -0.743094 0.685574 0.567570 -0.455908 0.339140 -0.803134 -0.489856
0.283736 -7.304447 -46.393722 -167.804075 0.740501 -0.150953 0.654882 0.617992 0.535865 -0.575269 0.264090 -0.830699 -0.490097
-1.145174 -7.319594 9.599069 5.700735 0.431393 -0.215432 0.876065 0.407989 0.912683 0.023535 -0.804640 0.347272 0.481619
-1.234394 -7.119017 -4.646617 -22.330901 0.448735 -0.165601 0.878187 0.280614 0.959089 0.037469 -0.848465 0.229618 0.476847
-1.001945 -7.710347 -14.398721 45.196829 0.440641 -0.200855 0.874925 0.450037 0.892746 -0.021707 -0.776726 0.403313 0.483772
-0.901636 -7.410066 12.027148 18.512204 0.433473 -0.248978 0.866089 0.529095 0.848304 -0.020944 -0.729493 0.467322 0.499450
-0.914299 -7.236924 24.948957 -5.287723 0.416182 -0.271962 0.867657 0.526261 0.850207 0.014065 -0.741513 0.450761 0.496964
-0.974485 -4.572215 253.811094 24.002042 0.863703 0.409212 0.294217 0.285177 0.084534 -0.954740 0.415562 -0.908515 0.043685
-2.891855 -3.951837 117.038063 50.534531 0.892696 0.324507 0.312711 0.277534 0.150835 -0.948801 0.355061 -0.933779 -0.044588
-0.412829 -4.173407 223.961979 73.960926 0.806210 0.380666 0.452901 0.387379 0.238953 -0.890415 0.447172 -0.893306 -0.045184
2.163351 -5.192803 201.037010 10.126581 0.834282 0.366948 0.411489 0.389685 0.135518 -0.910923 0.390025 -0.920317 0.029934
0.729509 -5.369988 -36.035102 -28.006993 -0.282985 0.073813 -0.956280 0.929285 0.267861 -0.254321 0.237378 -0.960626 -0.144394
1.039484 -5.551937 -4.043486 -22.010530 -0.304043 0.101134 -0.947275 0.926644 0.262181 -0.269430 0.221109 -0.959705 -0.173430
0.723232 -4.867894 -21.613495 -26.430632 -0.341088 0.077193 -0.936857 0.932218 0.156003 -0.326545 0.120946 -0.984736 -0.125171
0.952227 -4.747431 -0.989861 -25.740869 -0.390474 0.089486 -0.916254 0.920418 0.058475 -0.386538 0.018988 -0.994270 -0.105197
0.782578 -4.506357 -18.709319 -26.659629 -0.397163 0.067170 -0.915287 0.916773 0.075000 -0.392303 0.042296 -0.994919 -0.091367
0.372264 -4.261479 -39.498477 -20.221826 -0.398884 0.056300 -0.915271 0.915316 0.084936 -0.393679 0.055575 -0.994795 -0.085411
0.034215 -4.519281 -43.411654 -29.375041 -0.308910 0.058763 -0.949274 0.939616 0.173433 -0.295031 0.147298 -0.983091 -0.108790
-1.058260 -8.749282 -7.767386 75.494804 -0.269969 0.158859 -0.949674 0.583138 0.811820 -0.029972 0.766203 -0.561882 -0.311803
-0.513962 -7.435876 -6.356828 39.402837 -0.334067 0.069236 -0.940003 0.533736 0.835890 -0.128117 0.776869 -0.544513 -0.316197
-1.261080 -8.726903 -18.797793 60.214253 -0.241912 0.176066 -0.954190 0.666375 0.744952 -0.031486 0.705282 -0.643465 -0.297539
-1.313739 -9.220356 -6.554799 80.648183 -0.301261 0.100324 -0.948249 0.656365 0.743176 -0.129901 0.691684 -0.661532 -0.289739
-0.034984 -6.338646 -31.818970 87.877152 0.374404 -0.455311 0.807783 -0.581594 0.563180 0.587006 -0.722198 -0.689579 -0.053950
0.217826 -5.745388 -3.967889 90.586181 0.446790 -0.481212 0.754197 -0.543271 0.523851 0.656077 -0.710799 -0.702862 -0.027378
-0.353504 -7.404426 0.306507 -74.360107 -0.366094 0.428614 -0.825994 0.691628 -0.468529 -0.549664 -0.622596 -0.772509 -0.124915
-0.527467 -7.844593 17.117682 -68.601713 -0.328013 0.400615 -0.855520 0.720743 -0.479314 -0.500787 -0.610686 -0.780875 -0.131519
1.222118 -4.059390 -5.486515 -9.080415 -0.487356 0.065831 -0.870718 0.868099 -0.071134 -0.491268 -0.094278 -0.995292 -0.022481
0.789398 -4.258994 -21.055050 -16.146005 -0.441255 0.061945 -0.895241 0.897251 0.013405 -0.441318 -0.015337 -0.997990 -0.061496
1.101998 -4.440131 10.103815 -17.490506 -0.435733 0.098698 -0.894648 0.897026 -0.034135 -0.440657 -0.074031 -0.994532 -0.073661
1.299781 -4.054287 23.752670 -15.388560 -0.467430 0.106083 -0.877642 0.866961 -0.139139 -0.478559 -0.172881 -0.984574 -0.026932
1.523258 -3.864995 7.741951 -11.482177 -0.510061 0.074232 -0.856929 0.842668 -0.156648 -0.515142 -0.172476 -0.984861 0.017347
2.801210 -12.514366 -29.891709 229.048395 0.782004 -0.087770 0.617063 -0.466947 -0.738262 0.486754 -0.412832 0.668779 0.618308
1.915448 -13.712013 -72.690072 176.531342 0.751182 -0.052691 0.657988 -0.548576 -0.604245 0.577886 -0.367136 0.795055 0.482803
3.015623 -14.967700 -24.217517 177.919108 0.792074 -0.118554 0.598802 -0.562620 -0.522337 0.640799 -0.236808 0.844458 0.480430
3.215614 -12.978678 21.438849 188.527378 0.800951 -0.167834 0.574726 -0.523347 -0.662532 0.535872 -0.290837 0.729988 0.618491
1.694334 -8.322200 30.637797 83.604112 0.816185 -0.244360 0.523574 -0.472997 -0.803008 0.362565 -0.331838 0.543569 0.770984
2.135595 -10.856276 34.437327 148.647621 0.789182 -0.275011 0.549146 -0.564267 -0.677691 0.471527 -0.242476 0.681985 0.690001
1.118973 -10.097279 46.952917 135.936386 0.787579 -0.305306 0.535264 -0.554466 -0.730105 0.399392 -0.268862 0.611338 0.744297
0.888109 -7.523591 26.819441 48.249412 0.830455 -0.221595 0.511116 -0.425460 -0.844558 0.325124 -0.359622 0.487461 0.795647
1.549303 -7.599036 14.531570 10.019791 0.837667 -0.194587 0.510344 -0.387133 -0.870653 0.303465 -0.385282 0.451774 0.804648
2.042724 -12.161199 4.989335 -18.840319 -0.542074 0.186455 -0.819384 0.772381 -0.273561 -0.573229 -0.331033 -0.943609 0.004276
1.942486 -12.965022 0.061870 92.461967 -0.554500 0.177953 -0.812934 0.691088 -0.445735 -0.568962 -0.463601 -0.877299 0.124179
2.103522 -11.843492 -21.577970 16.679686 -0.556700 0.128563 -0.820705 0.759160 -0.322390 -0.565456 -0.337284 -0.937836 0.081875
2.001476 -12.088694 -10.256541 -71.950355 -0.556684 0.148859 -0.817278 0.804952 -0.146498 -0.574971 -0.205320 -0.977946 -0.038271
1.798272 -13.508299 15.497636 -136.199318 -0.523347 0.207941 -0.826358 0.834992 -0.068315 -0.546005 -0.169990 -0.975753 -0.137877
1.729495 -12.172292 42.685856 -18.527726 -0.516858 0.254015 -0.817517 0.797638 -0.203869 -0.567636 -0.310854 -0.945470 -0.097240
-1.220927 -13.435731 -59.061936 129.781688 -0.689316 0.058187 -0.722120 0.717009 -0.087806 -0.691512 -0.103644 -0.994437 0.018805
-0.986754 -12.857109 -27.776203 95.647593 -0.685571 0.071213 -0.724514 0.716425 -0.110805 -0.688808 -0.129333 -0.991287 0.024946
-0.999432 -14.485940 1.540460 140.214981 0.701077 -0.112496 0.704156 0.656984 -0.282025 -0.699167 -0.277243 -0.952789 0.123813
2.725886 -13.462086 99.251182 -271.260959 0.572868 -0.472568 0.669703 -0.424026 0.528364 0.735549 0.701445 0.705344 -0.102301
1.252345 -13.568352 37.831349 243.393493 0.496986 -0.421837 0.758326 0.512308 -0.562705 -0.648771 0.700389 0.710927 -0.063546
0.990386 -16.157385 84.632425 308.790871 0.545243 -0.461448 0.699840 0.570195 -0.407816 -0.713136 0.614481 0.787878 0.040757
1.652461 -17.211555 110.581388 -300.856890 0.603481 -0.479538 0.637067 -0.564032 0.308021 0.766153 0.563629 0.821685 0.084590
0.036030 -17.610603 61.329520 146.544983 0.576001 -0.449525 0.682752 0.696600 -0.167129 -0.697722 0.427751 0.877494 0.216873
2.745941 -23.700808 -8.236471 240.002182 -0.526455 0.439574 -0.727750 0.848785 0.222314 -0.479729 -0.049087 -0.870259 -0.490142
2.302471 -20.049691 -1.922230 201.838621 -0.510099 0.399431 -0.761744 0.852117 0.355181 -0.384373 0.117026 -0.845163 -0.521540
2.127896 -20.648168 30.606769 327.722018 -0.476727 0.463644 -0.746837 0.841553 0.486213 -0.235341 0.254008 -0.740696 -0.621972
2.644088 -25.127204 61.052286 266.481499 -0.476800 0.510682 -0.715448 0.877759 0.233160 -0.418541 -0.046927 -0.827551 -0.559426
2.153831 -3.817807 13.438803 -2.512117 -0.602850 0.044998 -0.796584 0.761918 -0.263797 -0.591516 -0.236754 -0.963528 0.124745
1.463107 -3.863356 -18.109141 -12.863639 -0.647734 0.034472 -0.761086 0.743838 -0.187419 -0.641544 -0.164758 -0.981675 0.095756
1.682228 -3.787813 4.774232 -1.692745 -0.556467 0.064460 -0.828365 0.805949 -0.200470 -0.557008 -0.201967 -0.977577 0.059604
-0.916642 -134.441173 -208.294506 -5789.325904 -0.344816 -0.313270 0.884852 -0.451808 0.881676 0.136081 -0.822783 -0.352860 -0.445554
-8.383557 -121.188898 -105.049062 -4010.673070 -0.343687 -0.415912 0.841960 -0.068298 0.905272 0.419308 -0.936597 0.086607 -0.339536
-7.214208 -126.343386 -62.059664 -4821.934083 -0.381668 -0.487172 0.785489 -0.119772 0.868723 0.480598 -0.916507 0.089349 -0.389913
3.494581 -90.025195 -254.674519 -3557.463107 -0.370055 -0.257000 0.892754 -0.162452 0.964069 0.210192 -0.914696 -0.067247 -0.398509
-62.113454 -421.287955 2294.659732 -12589.752649 -0.344409 0.185882 -0.920234 0.732175 -0.560345 -0.387212 -0.587624 -0.807132 0.056890
-108.368057 -652.764371 3893.817145 -53538.640854 -0.093472 0.138719 -0.985911 0.878114 0.478185 -0.015971 0.469232 -0.867235 -0.166508
-84.306247 -467.900170 -3008.810545 -30873.043722 0.559047 -0.011309 0.829059 0.548064 -0.745270 -0.379734 -0.622167 -0.666667 0.410443
-234.083242 -389.753844 -7636.374224 21907.809966 0.482825 0.030205 0.875196 0.287725 0.938450 -0.191120 -0.827100 0.344093 0.444416
-0.400858 -8.272212 -2.442358 -13.595384 0.314563 -0.483312 0.816982 0.772172 -0.370291 -0.516367 0.552087 0.793281 0.256720
-0.226338 -8.551754 -11.273331 -10.857151 0.299521 -0.472201 0.829044 0.701943 -0.479456 -0.526686 0.646191 0.739695 0.187851
0.366509 -8.259031 -34.685007 3.185673 0.268621 -0.436684 0.858574 0.683280 -0.541877 -0.489385 0.678948 0.718106 0.152818
-0.739871 -14.137757 -51.561502 259.237253 0.304763 -0.185459 0.934197 0.879911 0.430228 -0.201644 -0.364521 0.883464 0.294305
-0.137797 -11.337152 -87.153202 330.426476 0.314825 -0.148774 0.937418 0.931733 0.236776 -0.275338 -0.180995 0.960106 0.213160
0.314607 -16.123258 -115.811360 309.803288 0.260413 -0.136629 0.955781 0.861825 0.479162 -0.166317 -0.435250 0.867027 0.242530
-0.841926 -12.462319 39.053579 255.728229 0.287945 -0.271890 0.918239 0.911136 0.372971 -0.175281 -0.294819 0.887113 0.355124
0.173626 -22.829459 20.379042 540.438214 0.261627 -0.271811 0.926105 0.809781 0.583919 -0.057386 -0.525172 0.764956 0.372877
-5.739142 -97.805049 58.644888 3824.800931 0.727012 0.566261 -0.388332 0.657653 -0.736823 0.156793 0.197346 0.369378 0.908083
3.660298 -383.695731 -112.061806 -16030.536735 0.727052 0.595040 -0.342524 -0.560331 0.802545 0.204820 0.396767 0.043012 0.916911
-4.249534 -60.299254 -59.817045 1837.340154 0.713493 0.559213 -0.422147 0.686832 -0.677330 0.263602 0.138523 0.478022 0.867356
0.259660 -92.529782 38.038113 4205.262064 0.669173 0.606721 -0.429065 -0.400905 0.780916 0.479004 0.625686 -0.148522 0.765805
-1.122868 -152.505340 175.820487 -6600.149864 0.632571 0.721193 -0.282373 0.306134 -0.567721 -0.764183 0.711432 -0.396956 0.579905
-0.445736 -201.467759 43.430090 -11034.129228 0.647472 0.685256 -0.333474 0.267040 -0.613839 -0.742894 0.713772 -0.391951 0.580434
-0.709750 -59.109771 -4.063830 2299.085795 0.639533 0.624231 -0.448703 -0.371997 0.762066 0.529975 0.672768 -0.172020 0.719578
-0.463903 -21.955272 49.867674 801.691834 0.636185 0.653063 -0.410825 -0.497109 0.754177 0.429068 0.590043 -0.068742 0.804440
-7.939458 -10.265293 -53.205760 136.132895 0.377787 0.081405 0.922307 0.257794 0.947490 -0.189223 -0.889280 0.309252 0.336964
-6.102603 -9.586968 3.200409 80.501881 0.153286 -0.339732 0.927947 0.363760 0.892506 0.266668 -0.918794 0.296674 0.260390
-5.234455 -8.110861 8.214413 69.157899 0.045743 -0.503398 0.862843 0.519599 0.749698 0.409841 -0.853185 0.429585 0.295859
7.182485 -12.095038 -12.990182 -130.212465 0.443805 -0.196426 0.874331 0.695192 -0.540194 -0.474235 0.565460 0.818295 -0.103187
3.696056 -5.755756 16.685611 22.302924 0.585426 -0.332592 0.739364 0.332561 0.930235 0.155132 -0.739378 0.155066 0.655191
3.830811 -5.245700 -53.707815 27.340773 0.567206 -0.277780 0.775316 0.385516 0.921447 0.048100 -0.727774 0.271614 0.629739
3.161086 -4.762344 -65.180404 16.642017 0.559602 -0.248199 0.790723 0.425812 0.904645 -0.017393 -0.711006 0.346432 0.611927
2.880891 -5.046119 26.629193 13.174852 0.657764 -0.244171 0.712550 0.398725 0.915457 -0.054367 -0.639034 0.319872 0.699512
3.142669 -5.698481 96.724296 29.852388 0.665973 -0.306276 0.680202 0.375907 0.925381 0.048631 -0.644340 0.223306 0.731410
-2.496023 -7.036545 -3.879285 11.513859 0.479753 -0.117342 0.869522 0.807632 -0.328222 -0.489899 0.342882 0.937284 -0.062696
-2.112536 -6.956391 -43.520815 1.721105 0.459412 -0.053511 0.886610 0.832492 -0.322069 -0.450808 0.309673 0.945203 -0.103414
-2.514356 -6.921652 -45.164642 -9.081623 0.486694 -0.075229 0.870327 0.850369 -0.187299 -0.491723 0.200003 0.979418 -0.027185
-1.499257 -6.759513 -84.430719 -9.614040 0.505181 -0.029548 0.862507 0.845008 -0.186149 -0.501309 0.175367 0.982077 -0.069071
-1.290305 -7.809464 6.564477 -14.162867 0.600371 -0.252748 0.758732 0.603812 0.765347 -0.222834 -0.524373 0.591914 0.612104
-1.141831 -7.508419 -9.860689 35.348382 0.573848 -0.237899 0.783647 0.629696 0.739976 -0.236472 -0.523623 0.629158 0.574438
-1.075498 -7.795402 2.526923 142.548534 0.583307 -0.282425 0.761570 0.713986 0.625317 -0.314965 -0.387268 0.727471 0.566400
-1.439223 -8.869736 14.576367 -97.391807 0.617527 -0.231725 0.751641 0.498167 0.854740 -0.145771 -0.608679 0.464460 0.643263
-1.139278 -8.025084 12.273675 4.027189 0.629903 -0.258054 0.732550 -0.585617 -0.777355 0.229722 -0.510171 0.573696 0.640779
-0.285806 -8.895513 10.246021 -67.441332 -0.621553 0.121164 -0.773945 0.782347 0.146521 -0.605363 0.040051 -0.981759 -0.185863
-0.413955 -7.547241 0.216829 -58.876498 -0.644955 0.100203 -0.757623 0.761043 -0.006092 -0.648672 -0.069614 -0.994948 -0.072330
-0.321229 -8.416223 -6.079476 -104.916377 -0.642275 0.095600 -0.760489 0.766468 0.084015 -0.636764 0.003018 -0.991868 -0.127235
-0.554977 -6.850886 -4.999517 -17.152314 -0.614758 0.094204 -0.783070 0.771273 -0.135850 -0.621839 -0.164959 -0.986241 0.010858
-0.533967 -7.364929 -9.737181 -101.561066 -0.665495 0.074462 -0.742679 0.740580 -0.058169 -0.669446 -0.093050 -0.995526 -0.016434
-0.531691 -6.533462 -9.001489 -31.751829 -0.627729 0.078807 -0.774433 0.763931 -0.128768 -0.632320 -0.149553 -0.988538 0.020628
-0.512008 -17.978426 -9.875490 254.399733 0.607563 -0.265665 0.748525 0.387882 0.921628 0.012267 -0.693120 0.282886 0.662993
-0.767489 -15.048804 0.132266 184.477292 0.608164 -0.267967 0.747215 0.530864 0.837136 -0.131860 -0.590187 0.476862 0.651370
1.854523 -10.275124 11.485978 -2.444643 0.479622 -0.248392 0.841584 0.716339 -0.443079 -0.539018 0.506776 0.861384 -0.034578
1.694638 -10.281217 20.268837 37.228704 0.469090 -0.276504 0.838749 0.730892 -0.411557 -0.544443 0.495734 0.868428 0.009037
0.456433 -6.105575 -6.428046 -5.230023 -0.423259 0.244547 -0.872381 -0.224101 0.904705 0.362337 0.877856 0.348864 -0.328121
0.569123 -4.694354 -5.657438 -93.034169 -0.433172 0.270860 -0.859649 -0.082805 0.937783 0.337203 0.897500 0.217251 -0.383793
0.483476 -5.829023 -3.968742 -46.926664 -0.421151 0.257712 -0.869607 -0.125189 0.933089 0.337154 0.898309 0.250858 -0.360709
0.435906 -6.472280 -3.004674 13.820332 -0.420024 0.245800 -0.873592 -0.227289 0.903449 0.363482 0.878590 0.351228 -0.323602
0.575082 -6.259871 -13.431814 27.406796 -0.420028 0.254885 -0.870982 -0.331209 0.850492 0.408613 0.844912 0.460106 -0.272811
2.148589 -2.740148 -85.803750 -52.428288 0.356544 -0.562152 0.746231 -0.034729 0.790198 0.611866 -0.933633 -0.244073 0.262218
2.533856 -1.680934 -51.075850 -60.641429 0.420556 -0.614175 0.667774 -0.044102 0.721319 0.691197 -0.906194 -0.320137 0.276268
2.875589 -3.453387 52.998798 -58.710924 0.555461 -0.589521 0.586454 -0.005624 0.702581 0.711582 -0.831523 -0.398554 0.386941
3.259399 -2.294383 -3.282489 -67.666746 0.501334 -0.634650 0.588119 -0.020490 0.670808 0.741348 -0.865011 -0.383714 0.323294
-0.338217 -4.807497 35.078661 22.760876 0.425071 -0.362925 0.829216 0.652701 -0.511814 -0.558594 0.627133 0.778673 0.019324
-0.044885 -5.312841 -1.369627 3.087113 0.410953 -0.333352 0.848524 0.653542 -0.541199 -0.529137 0.635610 0.771997 -0.004548
-0.166036 -5.296540 -1.157536 26.491793 -0.369384 0.303155 -0.878438 -0.601233 0.642819 0.474660 0.708572 0.703478 -0.055180
-0.838607 -6.432298 27.370204 53.503135 0.389228 -0.290850 0.874018 0.662921 0.747240 -0.046559 -0.639560 0.597527 0.483657
-0.716022 -5.672629 -111.658739 16.318529 0.456128 -0.000656 0.889914 0.889889 -0.007238 -0.456120 0.006741 0.999974 -0.002718
0.205905 -5.667383 -116.574132 12.811993 0.529597 -0.003851 0.848241 0.843354 -0.104883 -0.527023 0.090995 0.994477 -0.052298
1.844997 -6.124187 -91.320382 8.344894 0.489724 -0.022782 0.871580 0.871844 0.021546 -0.489310 -0.007632 0.999508 0.030414
0.245337 -5.996685 -113.203548 0.105850 0.430610 -0.000243 0.902538 0.896877 0.111940 -0.427879 -0.100926 0.993715 0.048420
1.972073 -6.179817 -123.689980 -4.193976 0.451026 -0.007823 0.892476 0.878667 0.179330 -0.442476 -0.156586 0.983758 0.087756
3.304799 -6.291976 -71.745461 -16.127358 0.479120 -0.064052 0.875409 0.870440 0.163114 -0.464466 -0.113042 0.984526 0.133905
2.654412 -6.514997 -7.347205 0.170111 0.509424 -0.116016 0.852659 0.859665 0.024556 -0.510268 0.038262 0.992944 0.112244
3.234169 -6.309012 -72.157278 18.812264 0.526442 -0.068347 0.847460 0.843293 -0.084922 -0.530702 0.108240 0.994041 0.012930
-2.837568 -11.418035 -2.969747 561.763380 0.432020 0.491753 -0.756001 0.639239 0.424355 0.641324 0.636186 -0.760330 -0.131018
-3.545550 -7.336448 -81.277505 -100.901348 0.795364 0.603094 0.060610 0.109661 -0.044831 -0.992957 0.596130 -0.796409 0.101793
-2.135027 -13.673031 101.810595 -744.521311 0.627147 0.600649 -0.495890 -0.241111 -0.455675 -0.856870 0.740643 -0.656948 0.140952
-0.527966 -33.382038 186.361885 1529.323503 0.365012 0.586508 -0.723032 0.736257 0.293478 0.609751 0.569818 -0.754903 -0.324697
1.297766 -24.886432 225.350067 792.017356 0.210148 0.455816 -0.864910 0.857995 0.338132 0.386667 0.468703 -0.823346 -0.320030
-1.778699 -44.850585 61.198793 2407.570805 0.478354 0.550461 -0.684230 0.568453 0.399794 0.719046 0.669357 -0.732911 -0.121668
-87.229403 -439.828992 4166.937123 -22552.916246 0.110382 0.855257 -0.506311 0.623968 0.336888 0.705103 -0.773615 0.393752 0.496466
-718.983826 -971.131782 38518.725895 1635.114293 0.796347 -0.481367 0.366220 0.232771 0.802757 0.548998 -0.558255 -0.351948 0.751322
-0.146904 -10.738536 22.472286 11.125583 0.683436 -0.300259 0.665402 0.497377 0.858719 -0.123364 -0.534351 0.415267 0.736221
0.001383 -10.898181 -5.938369 -5.135628 0.664522 -0.274547 0.695007 0.407970 0.912515 -0.029607 -0.626076 0.303216 0.718393
0.283895 -10.841483 0.052954 -11.656650 0.665078 -0.277354 0.693359 0.358249 0.933155 0.029639 -0.655232 0.228683 0.719983
0.294587 -10.645012 -0.553525 -14.262854 0.655561 -0.288038 0.698050 0.457239 0.887083 -0.063369 -0.600976 0.360718 0.713239
-0.441288 -16.778538 25.263220 -238.845342 0.631170 -0.319653 0.706715 -0.611456 -0.765640 0.199789 -0.477226 0.558227 0.678703
-0.511391 -19.256600 12.330304 238.956363 0.649690 -0.286516 0.704139 0.424453 0.905150 -0.023323 -0.630668 0.314026 0.709679
-0.222392 -17.459074 -1.704216 -211.172759 0.631136 -0.312543 0.709918 -0.592974 -0.784424 0.181826 -0.500049 0.535720 0.680408
-0.402980 -13.038739 34.058938 79.008531 0.602792 -0.363379 0.710350 0.737979 0.592391 -0.323201 -0.303361 0.719047 0.625255
5.043612 0.517882 -279.799754 -3.832723 0.040577 0.966836 0.252155 -0.388108 0.247798 -0.887676 0.920720 0.061844 -0.385291
1.919698 -12.805452 -34.966387 -186.785128 0.245602 -0.200264 0.948459 0.945163 0.266767 -0.188421 -0.215284 0.942725 0.254800
1.998826 -10.416664 51.891468 -46.694346 0.250276 -0.240346 0.937868 0.965575 0.132901 -0.223612 -0.070899 0.961546 0.265334
2.205455 -9.310908 128.612835 63.466322 0.465547 -0.306832 0.830133 0.845020 -0.124705 -0.519989 0.263072 0.943558 0.201223
2.040231 -9.526162 123.492977 15.974337 0.333498 -0.297554 0.894562 0.937239 0.002187 -0.348681 0.101795 0.954703 0.279608
-2.875522 -4.993353 133.261738 72.912610 -0.377271 0.285962 -0.880848 0.907993 0.301391 -0.291053 0.182249 -0.909610 -0.373357
-2.701943 -8.038649 98.548797 353.775245 0.971150 0.211765 -0.109648 -0.176479 0.328982 -0.927699 0.160382 -0.920286 -0.356863
-3.976202 -6.786791 4.063411 81.351970 0.513707 0.352868 -0.782042 0.854143 -0.124384 0.504944 0.080905 -0.927369 -0.365296
-1.379130 -9.098150 30.164597 204.609176 -0.009549 0.321418 -0.946889 0.999168 0.040617 0.003711 0.039653 -0.946066 -0.321538
-1.252511 -7.097408 -56.869197 152.235806 -0.312638 0.243541 -0.918120 0.919846 0.318730 -0.228679 0.236940 -0.916023 -0.323668
-1.045605 -5.440342 -10.359482 -54.922927 0.429106 -0.061147 0.901182 0.105550 0.994265 0.017205 -0.897066 0.087737 0.433099
-1.068151 -5.455328 -2.733355 -21.389039 0.450210 0.066841 0.890418 0.003918 0.997037 -0.076826 -0.892914 0.038076 0.448614
-1.189791 -6.566005 7.216466 -54.864643 0.466969 -0.081574 0.880503 0.105189 0.993790 0.036283 -0.877995 0.075676 0.472650
-1.014945 -5.824998 -16.179914 -56.962209 0.393217 -0.175252 0.902589 0.243510 0.966462 0.081568 -0.886613 0.187716 0.422705
-0.898936 -4.686825 -18.137558 -52.938323 0.406371 -0.042025 0.912741 0.102616 0.994721 0.000113 -0.907928 0.093616 0.408538
-2.689214 -3.256724 89.898837 72.313307 0.768562 0.247363 0.590021 0.516007 0.305529 -0.800243 0.378219 -0.919491 -0.107176
-4.121229 -5.066126 55.431613 68.846887 -0.150674 -0.004793 -0.988572 0.954820 0.258407 -0.146782 0.256158 -0.966024 -0.034359
-3.631176 -4.845459 58.318071 35.432130 -0.125810 0.078860 -0.988915 0.960523 0.259007 -0.101543 0.248128 -0.962651 -0.108332
1.057743 -5.963920 -16.666185 -16.592603 -0.273071 0.095949 -0.957197 0.892187 0.397379 -0.214691 0.359771 -0.912625 -0.194117
1.169119 -5.938032 6.584628 -21.417550 -0.304674 0.116354 -0.945323 0.909016 0.331847 -0.252128 0.284367 -0.936130 -0.206873
1.061161 -5.594044 4.845269 -17.001832 -0.321447 0.105534 -0.941029 0.929368 0.225655 -0.292157 0.181515 -0.968474 -0.170615
-0.487008 -6.873835 -15.451605 38.659433 -0.350806 0.051853 -0.935012 0.427412 0.897266 -0.110600 0.833219 -0.438434 -0.336928
0.755184 -4.447182 -35.247834 88.577245 0.457133 -0.535419 0.710180 -0.422973 0.571543 0.703159 -0.782383 -0.621824 0.034804
0.991549 -4.224850 5.052131 75.149476 -0.541198 0.551107 -0.635127 -0.393029 0.501941 0.770444 -0.743393 -0.666586 0.055049
0.414045 -5.485637 3.661087 -81.361085 -0.494955 0.514966 -0.699878 0.523914 -0.465712 -0.713181 -0.693206 -0.719668 -0.039292
3.753731 -11.509007 0.497568 -89.033002 -0.604857 0.278016 -0.746227 0.483910 0.872537 -0.067161 0.632439 -0.401730 -0.662294
3.258199 -12.738464 1.994397 38.460345 -0.668429 0.244216 -0.702539 0.478531 0.864309 -0.154847 0.569395 -0.439691 -0.694595
2.980484 -12.123013 2.170564 43.422531 -0.608150 0.254781 -0.751825 0.537875 0.828799 -0.154220 0.583819 -0.498176 -0.641074
1.448289 -12.442133 -84.620179 167.466936 0.724100 -0.032621 0.688923 -0.484746 -0.734622 0.474713 -0.490612 0.677692 0.547752
0.776725 -13.456467 -83.716133 139.846872 0.718272 -0.038341 0.694705 -0.562450 -0.619746 0.547326 -0.409556 0.783866 0.466711
0.816658 -14.342738 -70.879409 59.848568 0.740872 -0.042834 0.670279 -0.626120 -0.405209 0.666168 -0.243069 0.913220 0.327028
2.141742 -11.843732 -67.371343 160.246665 0.742160 -0.041021 0.668966 -0.462702 -0.753459 0.467126 -0.484877 0.656214 0.578168
-0.527410 -6.368454 18.377937 -16.839617 -0.254796 0.351328 -0.900915 0.966472 0.123159 -0.225309 0.031798 -0.928117 -0.370929
-0.605186 -6.275537 5.621371 -101.715680 -0.259918 0.342813 -0.902730 0.962375 0.168662 -0.213042 0.079222 -0.924139 -0.373753
-0.896796 -6.446726 -0.435116 -44.495063 -0.264203 0.335917 -0.904078 0.963400 0.135994 -0.231009 0.045349 -0.932022 -0.359553
-0.823352 -6.029226 13.409479 73.295387 -0.279260 0.344586 -0.896256 0.960181 0.108150 -0.257597 0.008166 -0.932504 -0.361067
1.181268 -5.389160 49.251637 5.365832 -0.594943 0.315265 -0.739358 0.785656 0.033925 -0.617732 -0.169667 -0.948397 -0.267874
0.148292 -5.477291 64.182064 -0.714636 -0.601976 0.324641 -0.729543 0.775958 0.022203 -0.630394 -0.188453 -0.945577 -0.265273
0.941150 -5.327596 30.502583 -5.642598 -0.600463 0.305777 -0.738881 0.763488 -0.055510 -0.643433 -0.237762 -0.950484 -0.200125
1.697125 -5.310975 15.018893 -2.065475 -0.579652 0.276785 -0.766416 0.790306 -0.038211 -0.611520 -0.198545 -0.960172 -0.196596
1.327886 -5.029586 3.912920 -13.443728 -0.601777 0.279681 -0.748093 0.747313 -0.133263 -0.650972 -0.281758 -0.950799 -0.128815
0.783236 -5.114442 27.651898 -18.182692 -0.613459 0.310703 -0.726038 0.725408 -0.141716 -0.673573 -0.312172 -0.939883 -0.138450
1.767592 -14.731544 -3.551528 176.137149 -0.569759 0.182869 -0.801208 0.571526 -0.612392 -0.546199 -0.590536 -0.769113 0.244401
1.561905 -16.590614 -3.941920 263.088771 -0.570729 0.230028 -0.788261 0.575093 -0.573235 -0.583669 -0.586119 -0.786440 0.194875
1.413352 -19.067617 26.585319 -300.011717 0.586312 -0.223589 0.778618 -0.425643 0.732759 0.530936 -0.689250 -0.642707 0.334456
1.242340 -16.991033 48.043150 306.107472 -0.526588 0.292821 -0.798098 0.600674 -0.536175 -0.593049 -0.601577 -0.791689 0.106454
1.321261 -22.631311 29.254647 -482.841134 0.579462 -0.277231 0.766399 -0.405759 0.717404 0.566296 -0.706812 -0.639120 0.303219
-0.641616 -12.501259 -0.464631 131.920499 -0.668643 0.077054 -0.739581 0.743378 0.045881 -0.667296 -0.017486 -0.995971 -0.087958
-0.666892 -15.315907 20.243479 165.424412 0.700140 -0.057565 0.711681 0.685444 -0.224905 -0.692520 -0.199926 -0.972679 0.118007
-0.853691 -14.817214 28.868047 134.270989 0.705615 -0.076499 0.704454 0.651197 -0.321952 -0.687233 -0.279373 -0.943660 0.177358
-3.055620 -18.498263 -79.178337 272.919626 -0.350984 0.507899 -0.786669 -0.414567 0.669007 0.616898 0.839610 0.542648 -0.024253
-2.089046 -18.851754 -72.207794 176.171552 -0.324988 0.525026 -0.786595 -0.429305 0.659207 0.617369 0.842663 0.538326 0.011162
-2.522011 -20.035112 -74.556530 182.919418 -0.329010 0.530242 -0.781407 -0.165257 0.782376 0.600481 0.929754 0.326697 -0.169784
-2.978472 -16.808806 -68.188752 124.074675 -0.350950 0.480234 -0.803872 -0.579343 0.563088 0.589316 0.735660 0.672538 0.080605
-3.109463 -19.997669 -29.131196 169.260939 -0.399633 0.455650 -0.795410 -0.252362 0.779495 0.573325 0.881253 0.429851 -0.196523
-3.362411 -19.265416 -10.590514 282.131348 -0.415970 0.439608 -0.796061 -0.549956 0.575559 0.605211 0.724236 0.689549 0.002349
2.690771 -3.781940 55.530241 4.258154 -0.525662 0.071530 -0.847681 0.787061 -0.337244 -0.516529 -0.322822 -0.938696 0.120978
2.498050 -3.755902 67.931417 14.662886 -0.476868 0.086965 -0.874662 0.794378 -0.383310 -0.471209 -0.376245 -0.919517 0.113705
3.583295 -4.096927 69.122323 9.779808 -0.533837 0.042209 -0.844533 0.763254 -0.405823 -0.502743 -0.363951 -0.912976 0.184427
2.051592 -3.656547 46.671020 1.717858 -0.480831 0.089633 -0.872220 0.809844 -0.335898 -0.480963 -0.336087 -0.937624 0.088922
-9.105702 -154.030249 196.273800 -5141.261566 -0.203065 -0.415791 0.886500 0.110090 0.889928 0.442616 -0.972957 0.187474 -0.134939
-1.988266 -130.221838 -8.357190 -5902.057236 -0.285083 -0.239219 0.928171 -0.422845 0.900421 0.102192 -0.860192 -0.363340 -0.357847
-1.677585 -91.808347 100.383438 -3307.785968 -0.183566 -0.233792 0.954801 -0.376849 0.913833 0.151309 -0.907903 -0.332041 -0.255853
-5.292827 -564.665978 -174.251101 31208.694313 -0.173933 -0.451343 0.875235 0.607222 0.650547 0.456147 -0.775261 0.610801 0.160914
-498.594781 -869.131277 -21899.889068 39233.598404 0.167118 -0.650167 -0.741184 -0.312571 0.678040 -0.665253 0.935078 0.342849 -0.089910
