17974
35935
-4.473007 -6.294119 53.936216 76.214620 -0.113744 0.979871 -0.164060 -0.448330 0.096739 0.888618 -0.886602 -0.174628 -0.428302
-5.241702 -7.465300 71.543336 69.885067 -0.140263 0.984358 -0.106606 -0.561362 0.009630 0.827514 -0.815597 -0.175914 -0.551230
-5.519188 -8.602239 36.501436 210.927461 -0.255574 -0.648412 0.717108 -0.460131 0.733927 0.499631 -0.850271 -0.202271 -0.485927
-3.822121 -7.135600 -13.910770 74.077207 -0.230523 0.969492 0.083340 -0.499338 -0.191370 0.845008 -0.835177 -0.153179 -0.528219
-3.320891 -8.098308 64.566097 236.377772 -0.149370 -0.667591 0.729391 -0.403553 0.714593 0.571404 -0.902681 -0.208997 -0.376147
-3.006570 -5.157489 45.477829 55.843117 -0.053451 0.936806 -0.345741 -0.378957 0.301305 0.874990 -0.923869 -0.177790 -0.338904
-2.728428 -5.108777 -3.042763 40.995223 -0.214008 0.974474 0.067835 -0.321958 -0.135929 0.936945 -0.922249 -0.178674 -0.342830
-3.652549 -6.343692 -22.409585 78.139612 -0.260167 0.942938 0.207801 -0.373038 -0.296660 0.879111 -0.890593 -0.151198 -0.428932
5.098527 -9.133105 -99.515859 -140.107030 -0.208587 0.937195 -0.279565 0.891941 0.299547 0.338694 -0.401165 0.178708 0.898404
3.707673 -7.806149 -143.549534 -121.512314 -0.268076 0.942517 -0.199494 0.841368 0.329915 0.428085 -0.469293 0.053088 0.881445
5.047703 -7.587729 -63.722511 -92.744892 -0.202197 0.925720 -0.319623 0.829960 0.335223 0.445861 -0.519888 0.175122 0.836092
6.151623 -9.264975 -7.956568 -188.014236 -0.147341 0.885458 -0.440744 0.867740 0.329575 0.372032 -0.474677 0.327635 0.816907
5.301860 -7.067215 11.870050 -81.364242 -0.155720 0.885687 -0.437390 0.817428 0.364138 0.446335 -0.554584 0.288032 0.780688
1.366457 -21.751697 -13.739169 -1361.484363 -0.302931 0.951394 0.055526 -0.067037 -0.079391 0.994587 -0.950652 -0.297569 -0.087828
0.691730 -8.283088 -47.193245 -232.386018 -0.306603 0.950244 0.055052 0.150920 -0.008574 0.988509 -0.939797 -0.311388 0.140782
0.165265 -12.669610 -254.315901 -136.231016 -0.503607 0.863623 0.023134 0.228454 0.107299 0.967624 -0.833180 -0.492587 0.251335
-3.926013 -86.185445 101.664947 -4014.793936 -0.272362 0.935458 -0.225250 -0.235823 0.162063 0.958187 -0.932849 -0.314093 -0.176463
-1.440084 -16.639927 -409.597909 176.752824 -0.534194 0.843508 0.055959 0.401525 0.194920 0.894865 -0.743919 -0.500500 0.442814
1.571269 -3.711449 122.410236 -71.163783 0.191593 0.790202 -0.582128 -0.587560 0.567437 0.576878 -0.786171 -0.231510 -0.573008
-0.261567 -3.295810 20.272004 -45.216469 0.179663 0.767927 -0.614824 -0.554010 0.595442 0.581827 -0.812893 -0.236085 -0.532418
1.335114 -3.818886 121.125868 -8.964189 0.233003 0.743798 -0.626477 -0.478055 0.648602 0.592266 -0.846860 -0.161491 -0.506703
3.920860 -4.438980 208.547253 70.671151 0.283701 0.706127 -0.648766 -0.367398 0.704979 0.606649 -0.885738 -0.066248 -0.459433
4.138705 -4.620996 206.268666 -5.920307 0.200647 0.779177 -0.593822 -0.511215 0.600352 0.615010 -0.835703 -0.180171 -0.518786
3.948401 -8.410709 0.717282 -80.499244 0.171581 -0.132962 0.976156 0.472190 0.880722 0.036965 -0.864637 0.454588 0.213899
3.610455 -7.250826 -1.405413 33.567993 0.139178 -0.205186 0.968777 0.371268 0.917751 0.141041 -0.918036 0.340046 0.203910
3.510057 -6.833207 -33.912855 -19.153920 0.105872 -0.123726 0.986652 0.450169 0.890691 0.063388 -0.886645 0.437449 0.149997
0.631252 -3.438849 -30.893074 -25.802050 -0.438808 0.874988 -0.204555 0.756004 0.236444 -0.610371 0.485702 0.422480 0.765248
0.670070 -3.281762 -45.988692 11.166540 -0.393220 0.892151 -0.222362 0.793499 0.207111 -0.572245 0.464475 0.401462 0.789361
0.882230 -3.451541 -35.426529 -29.514439 -0.453482 0.866041 -0.210541 0.762371 0.254555 -0.594972 0.461676 0.430319 0.775681
0.671269 -3.932812 -5.434812 -43.474806 -0.478166 0.853740 -0.206120 0.715199 0.242294 -0.655579 0.509753 0.460892 0.726451
0.335284 -3.836285 -5.399753 -11.832253 -0.431066 0.873121 -0.227689 0.738882 0.196727 -0.644478 0.517915 0.446048 0.729935
0.546133 -5.667279 28.714955 6.111373 0.115009 0.927626 -0.355363 -0.889382 -0.063187 -0.452778 0.442463 -0.368126 -0.817747
0.410197 -5.783539 34.566445 5.088688 0.096125 0.935434 -0.340181 -0.891191 -0.071336 -0.447984 0.443327 -0.346228 -0.826793
0.446994 -5.453983 18.750401 -27.935483 0.104003 0.927341 -0.359475 0.944770 0.020829 0.327072 0.310794 -0.373638 -0.873958
0.521260 -5.743022 2.774411 -12.560189 0.120868 0.927246 -0.354409 -0.834267 -0.098594 -0.542473 0.537949 -0.361240 -0.761654
0.678198 -5.446327 15.864770 -16.970804 0.115083 0.923354 -0.366296 0.931507 0.027769 0.362661 0.345036 -0.382943 -0.856916
0.790903 -5.790391 31.957179 0.744681 0.122336 0.927104 -0.354277 -0.828844 -0.100919 -0.550303 0.545941 -0.360962 -0.756079
0.792410 -5.632236 20.731630 2.666675 0.122266 0.925072 -0.359574 -0.875242 -0.070330 -0.478545 0.467977 -0.373224 -0.801063
-0.115232 -14.860021 1.908406 282.835212 -0.595678 0.478336 -0.645261 0.802167 0.313091 -0.508431 -0.041176 -0.820469 -0.570207
-0.050589 -17.426170 -18.979635 119.314511 -0.617383 0.457500 -0.639947 0.725410 0.016380 -0.688122 -0.304334 -0.889059 -0.341988
-0.420980 -15.070886 -41.257086 249.726826 -0.613674 0.444051 -0.652857 0.785478 0.259379 -0.561914 -0.080181 -0.857637 -0.507967
-0.420941 -11.005878 -32.007936 279.330929 -0.591258 0.452581 -0.667521 0.794593 0.468508 -0.386163 0.137969 -0.758730 -0.636627
5.484683 -3.722993 72.270833 26.392524 0.286227 0.802745 -0.523140 -0.746972 -0.154999 -0.646536 0.600089 -0.575827 -0.555263
8.613417 -4.943110 172.921527 -79.908066 0.347264 0.758293 -0.551724 0.719166 0.162235 0.675632 0.601837 -0.631404 -0.489000
5.486457 -4.663881 69.250974 42.798602 0.256419 0.812011 -0.524297 -0.716299 -0.204560 -0.667137 0.648973 -0.546619 -0.529190
8.842472 -3.754629 191.919638 -46.416313 0.356894 0.762782 -0.539250 0.738497 0.123120 0.662920 0.572056 -0.634827 -0.519371
3.417844 -4.050780 33.849616 11.979862 0.156385 0.838589 -0.521835 -0.776398 -0.222213 -0.589769 0.610532 -0.497383 -0.616328
6.827795 -2.942778 127.263233 -4.311383 0.306039 0.788731 -0.533145 0.776884 0.116783 0.618719 0.550265 -0.603544 -0.577012
-0.626412 -10.650416 -11.928096 -51.282210 -0.204352 0.936965 -0.283438 -0.903319 -0.068935 0.423394 -0.377166 -0.342557 -0.860465
-1.031476 -9.579866 -11.120962 96.985973 -0.183505 0.940986 -0.284379 0.968251 0.123063 -0.217590 -0.169752 -0.315280 -0.933693
-0.862771 -10.363287 -11.044193 85.541169 -0.173721 0.936528 -0.304525 0.951992 0.080558 -0.295334 -0.252056 -0.341211 -0.905562
-1.033171 -8.865646 -14.580314 81.035401 -0.161343 0.937736 -0.307603 0.985406 0.135941 -0.102442 -0.054247 -0.319642 -0.945984
-0.520963 -11.361088 1.403591 -25.332607 -0.177328 0.941176 -0.287651 -0.854494 -0.002235 0.519456 -0.488257 -0.337910 -0.804625
-0.664213 -10.992940 4.710395 83.248817 -0.148741 0.938008 -0.313078 0.929066 0.024119 -0.369127 -0.338693 -0.345774 -0.875058
-1.026221 -9.631273 -11.399121 101.161604 -0.146819 0.933226 -0.327923 0.982332 0.098667 -0.159022 -0.116048 -0.345477 -0.931224
1.086486 -4.783802 34.248187 20.637042 0.506725 -0.807904 0.300865 0.857533 0.508249 -0.079494 -0.088691 0.298284 0.950348
0.852906 -5.133236 21.997881 -2.680208 0.478429 -0.820971 0.311628 0.855576 0.515709 0.045087 -0.197725 0.245050 0.949134
1.351422 -4.861638 28.560036 11.705220 0.507672 -0.796735 0.327846 0.844649 0.535273 -0.007120 -0.169814 0.280529 0.944704
0.751559 -5.072436 11.612901 8.461214 0.473999 -0.824376 0.309401 0.871729 0.488882 -0.032890 -0.124147 0.285304 0.950363
1.551810 -4.486305 26.850058 21.071244 0.530419 -0.781250 0.329096 0.844261 0.521930 -0.121708 -0.076681 0.342398 0.936421
1.241293 -4.461414 26.861213 28.569588 0.529120 -0.793270 0.301254 0.848529 0.496964 -0.181730 -0.005552 0.351780 0.936066
0.901280 -4.792070 14.774003 37.981079 0.496726 -0.812848 0.304206 0.867211 0.478876 -0.136466 -0.034751 0.331597 0.942781
1.831529 -3.911444 -31.410050 210.376878 -0.202320 0.973929 0.102608 0.789280 0.100136 0.605814 -0.579745 -0.203555 0.788962
2.299726 -3.019549 -15.643908 216.047920 -0.299381 0.952481 -0.056130 0.737831 0.268410 0.619324 -0.604961 -0.143999 0.783126
2.888954 -1.259506 -25.023888 155.494140 -0.344713 0.933046 -0.102950 0.729002 0.335182 0.596833 -0.591379 -0.130685 0.795733
1.506560 -6.461646 -3.872021 233.380699 -0.209844 0.976653 0.045974 0.725798 0.124095 0.676622 -0.655120 -0.175353 0.734894
2.962986 -0.111387 -43.021826 84.304595 -0.312941 0.948925 -0.040110 0.721845 0.265075 0.639277 -0.617259 -0.171103 0.767929
2.163987 -12.239498 -7.280487 -5.825365 -0.148398 0.121861 0.981391 0.647974 0.761655 0.003406 -0.747066 0.636421 -0.191991
2.003513 -12.896496 2.112820 117.629670 -0.165460 0.144698 0.975544 0.645833 0.763470 -0.003704 -0.745334 0.629425 -0.219775
2.074117 -12.153111 4.708958 60.313133 -0.153467 0.116806 0.981226 0.759549 0.649124 0.041523 -0.632087 0.751661 -0.188339
1.779918 -12.706530 -2.191978 -25.091474 -0.101306 0.102084 0.989604 0.791519 0.610879 0.018012 -0.602690 0.785115 -0.142688
1.852860 -11.673206 11.431081 -22.563132 -0.157660 0.123709 0.979714 0.835301 0.545878 0.065493 -0.526702 0.828682 -0.189398
1.820603 -11.938427 9.080887 -17.151506 -0.121728 0.104057 0.987094 0.849697 0.524948 0.049445 -0.513027 0.844750 -0.152317
-0.790579 -8.244987 10.915640 64.392649 -0.005911 0.973477 -0.228708 0.164564 0.226541 0.959999 -0.986349 0.031963 0.161538
-0.799749 -8.831225 3.554755 178.473719 -0.002967 0.969581 -0.244751 0.100757 0.243796 0.964578 -0.994907 0.021798 0.098415
-0.890053 -8.623811 -2.033282 173.514069 -0.025975 0.969203 -0.244889 0.131425 0.246156 0.960278 -0.990986 0.007242 0.133772
-0.879604 -9.226150 -8.663436 138.920047 -0.042238 0.967865 -0.247896 0.111852 0.251138 0.961467 -0.992827 -0.012883 0.118866
-0.726484 -8.139783 -10.159992 80.981645 -0.040654 0.961765 -0.270842 0.168053 0.273786 0.946995 -0.984939 0.007017 0.172758
2.826850 -18.062958 85.160496 159.377561 0.605956 -0.404256 -0.685124 -0.488114 0.491114 -0.721492 -0.628142 -0.771611 -0.100270
2.877599 -19.950620 179.739183 -153.267502 0.441563 -0.350850 -0.825789 0.669971 -0.483255 0.563563 -0.596792 -0.802103 0.021672
-0.715991 -20.054676 76.750180 -135.288737 0.548957 -0.406897 -0.730124 0.691602 -0.269429 0.670146 -0.469397 -0.872836 0.133505
6.206790 -16.497683 -82.614436 195.953536 -0.377326 0.387645 0.841045 -0.467573 0.704177 -0.534332 -0.799375 -0.594867 -0.084452
8.275531 -15.400922 -244.290494 236.958509 -0.624572 0.359996 0.693046 -0.271993 0.731590 -0.625137 -0.732072 -0.578946 -0.359014
-0.513856 -22.073866 -13.955932 -162.631848 0.901010 -0.404554 -0.156576 -0.245331 -0.772886 0.585200 0.357761 0.488859 0.795628
-0.651570 -28.723746 -32.010051 -510.952977 0.884974 -0.447660 -0.128146 -0.355079 -0.826822 0.436216 0.301230 0.340538 0.890671
-0.582191 -24.994412 -51.327182 -393.835148 0.884160 -0.454217 -0.109306 -0.396479 -0.853279 0.338703 0.247114 0.256130 0.934522
-0.758138 -20.789655 -27.111931 -146.198000 0.899201 -0.411376 -0.149024 -0.265577 -0.783842 0.561302 0.347717 0.465146 0.814083
1.184915 -0.785762 -0.478874 17.852990 -0.707295 0.706300 0.029570 0.433203 0.466110 -0.771413 0.558631 0.532807 0.635648
1.058907 -1.238902 -23.105413 21.636484 -0.694212 0.716418 0.069387 0.416957 0.478857 -0.772556 0.586699 0.507387 0.631144
0.978699 -1.583184 -25.104825 20.193460 -0.630941 0.774727 -0.041377 0.523409 0.385687 -0.759795 0.572675 0.501042 0.648845
0.429950 -1.966163 -42.855535 13.712855 -0.631585 0.775301 -0.002954 0.503415 0.407195 -0.762080 0.589638 0.482805 0.647477
-3.509289 -4.503250 4.001427 0.106873 -0.131704 0.819439 0.557829 -0.248430 -0.572057 0.781686 -0.959654 0.035630 -0.278916
-4.033381 -5.353503 71.143774 -82.037522 -0.277354 0.219010 0.935473 0.162701 0.970316 -0.178929 -0.946891 0.102576 -0.304754
-3.832480 -4.840568 -49.473165 42.287057 -0.055344 0.967267 0.247652 -0.334526 -0.251660 0.908163 -0.940760 0.032584 -0.337504
-1.961185 -5.151895 -52.842132 -12.433498 -0.111409 0.963523 0.243335 -0.270401 -0.265012 0.925555 -0.956280 -0.037318 -0.290062
-2.125934 -4.807616 -79.020532 6.114911 -0.112652 0.976157 0.185544 -0.376778 -0.214753 0.901066 -0.919428 -0.031598 -0.391987
-0.096691 -33.720052 55.450796 634.580662 0.897313 -0.378095 -0.227759 0.392210 0.446271 0.804372 0.202487 0.811102 -0.548737
-0.369676 -31.576583 36.981377 -168.547615 0.885451 -0.398294 -0.239454 0.384776 0.339351 0.858364 0.260623 0.852175 -0.453733
0.206462 -31.185623 50.217266 -507.578718 0.872864 -0.411102 -0.262878 0.371367 0.210193 0.904381 0.316537 0.887025 -0.336140
0.557981 -13.052450 88.302245 -141.892145 0.913403 -0.401283 0.068312 0.300424 0.777806 0.552054 0.274664 0.483725 -0.831005
1.176436 -12.932246 83.602568 58.272555 0.887129 -0.461463 0.007362 0.284293 0.558958 0.778937 0.363565 0.688925 -0.627058
1.681617 -14.416655 88.729020 -33.922861 0.910930 -0.412227 0.016595 0.299385 0.688180 0.660891 0.283857 0.597058 -0.750298
0.083024 -13.948314 115.519874 -40.370495 0.955864 -0.276646 0.098946 0.216824 0.891462 0.397848 0.198269 0.358835 -0.912100
1.179918 -14.065916 -2.179397 71.262600 -0.219605 0.209950 0.952730 0.937801 -0.223735 0.265467 0.268894 0.951769 -0.147758
0.977092 -13.490992 -22.158852 88.513702 -0.205760 0.244644 0.947529 0.882915 -0.371171 0.287562 0.422046 0.895757 -0.139628
1.209403 -13.797212 10.708702 119.826980 -0.217253 0.197410 0.955945 0.868313 -0.408294 0.281653 0.445907 0.891250 -0.082710
-0.952379 -2.835471 16.026703 12.933554 -0.622845 0.772828 -0.121656 0.518317 0.291147 -0.804103 0.586013 0.563888 0.581909
-1.227199 -2.935337 24.200557 10.668371 -0.587334 0.793165 -0.161024 0.571873 0.265920 -0.776047 0.572713 0.547883 0.609773
-0.800783 -2.357876 -13.682833 14.120406 -0.718310 0.688153 0.102349 0.343686 0.478892 -0.807801 0.604905 0.545076 0.580502
-0.344023 -1.944499 44.419006 16.396404 0.785484 -0.505981 -0.356368 0.067632 0.642556 -0.763248 0.615176 0.575417 0.538938
-1.928169 -11.919526 34.899019 -4.837429 -0.193220 0.173550 0.965684 0.807681 0.586942 0.056122 -0.557061 0.790809 -0.253583
-1.374478 -11.928805 11.961203 31.175005 -0.194109 0.189438 0.962515 0.914390 0.390276 0.107591 -0.355265 0.900998 -0.248977
-2.056376 -11.947295 79.226217 33.626012 -0.211891 0.170599 0.962288 0.874782 0.472114 0.108924 -0.435727 0.864872 -0.249274
-1.150719 -3.648453 -42.445250 -24.405788 -0.575601 0.815065 -0.065980 0.798729 0.577685 0.168259 -0.175258 -0.044150 0.983532
-2.254014 -4.187639 -65.150613 -36.134510 -0.663751 0.741647 -0.096926 0.731803 0.670727 0.120787 -0.154592 -0.009241 0.987935
-2.032992 -3.751097 -66.382217 -16.113868 -0.548690 0.833530 -0.064550 0.814092 0.550269 0.185627 -0.190246 -0.049302 0.980498
4.518668 -4.832685 75.969699 -13.999861 -0.299684 0.895625 -0.328702 0.199960 0.395851 0.896280 -0.932848 -0.202874 0.297720
2.618910 -5.306170 102.569490 -0.734479 -0.200483 0.939278 -0.278501 0.276286 0.326940 0.903757 -0.939932 -0.104242 0.325056
4.151993 -5.039254 93.471292 10.493925 -0.292008 0.904579 -0.310592 0.320995 0.398603 0.859115 -0.900940 -0.151170 0.406761
3.447901 -14.606265 -8.050862 -113.439954 -0.478267 0.743943 -0.466701 0.247206 0.623975 0.741312 -0.842704 -0.239174 0.482334
2.752864 -15.297399 1.367152 -328.313063 -0.443921 0.754853 -0.482835 0.338830 0.640239 0.689412 -0.829535 -0.142445 0.539983
2.396109 -17.113663 7.608134 -265.191367 -0.478115 0.723149 -0.498459 0.398105 0.684314 0.610923 -0.782891 -0.093652 0.615070
-4.240408 -70.604473 -8.332551 -452.181369 -0.585983 -0.612588 -0.530433 -0.220525 0.750445 -0.623057 0.779739 -0.248127 -0.574839
-4.820461 -71.015599 141.526063 -2840.703554 0.587714 0.594606 0.548668 0.212796 0.540669 -0.813877 0.780583 -0.595081 -0.191229
-7.005381 -97.112216 -36.976403 -4277.495104 0.657473 0.642691 0.393290 -0.055432 0.561809 -0.825407 0.751436 -0.520882 -0.405000
-2.411024 -49.824539 -80.882583 81.295429 -0.546078 -0.627429 -0.555096 -0.084632 0.700544 -0.708573 0.833448 -0.339957 -0.435652
-1.195741 -51.900304 -65.133015 358.292758 -0.539439 -0.662037 -0.520300 -0.426060 0.747583 -0.509502 0.726277 -0.053167 -0.685343
-15.578964 -30.877201 -271.034671 -339.752446 0.840010 0.542453 0.011305 0.542446 -0.839185 -0.038994 0.011666 -0.038888 0.999175
-14.012587 -34.531774 -343.335669 702.531619 0.854261 0.490038 0.173497 0.517158 -0.767231 -0.379348 0.052783 -0.413788 0.908842
-19.267790 -32.927276 -373.797601 750.317888 0.823487 0.565223 -0.048914 0.486602 -0.748000 -0.451348 0.291700 -0.347877 0.891007
-19.530051 -30.606416 -171.113008 132.285365 0.750540 0.623633 -0.218569 -0.608257 0.781230 0.140366 0.258290 0.027595 0.965673
0.064891 -1.252973 -16.345200 -21.071628 -0.665843 0.123523 0.735796 -0.232628 0.902666 -0.362048 -0.708899 -0.412234 -0.572298
0.696600 -1.149189 -23.307317 -17.519110 -0.689465 0.424517 0.586876 -0.015574 0.801369 -0.597968 -0.724151 -0.421418 -0.545904
0.566553 -1.296426 6.298489 -44.044851 -0.598329 -0.093696 0.795754 -0.403085 0.893514 -0.197874 -0.692477 -0.439151 -0.572383
8.590559 -6.539369 -39.031455 -60.757753 -0.202521 0.289843 -0.935402 0.584234 0.802344 0.122123 0.785911 -0.521761 -0.331828
7.266721 -6.875552 -63.454788 -46.794664 -0.152404 0.354809 -0.922434 0.495625 0.834930 0.239264 0.855061 -0.420716 -0.303099
10.016517 -7.964222 74.678857 -37.956111 -0.307731 0.427312 -0.850121 0.518017 0.824695 0.227017 0.798098 -0.370517 -0.475139
11.202792 -7.248925 184.925130 -85.900806 -0.374520 0.399098 -0.836933 0.628296 0.773041 0.087474 0.681894 -0.493080 -0.540271
10.568929 -6.219943 59.632514 -63.504998 -0.272446 0.265535 -0.924805 0.650385 0.759147 0.026368 0.709064 -0.594296 -0.379527
8.626586 -5.195611 -354.216290 -19.456113 -0.032284 0.030175 -0.999023 0.622088 0.782939 0.003545 0.782281 -0.621366 -0.044048
0.968867 -11.769864 -6.614931 -60.665013 0.277700 0.590751 -0.757559 0.894438 -0.446722 -0.020481 -0.350518 -0.671902 -0.652445
0.909999 -10.738484 6.070875 160.280658 -0.280272 -0.597026 0.751670 -0.776761 0.601134 0.187832 -0.563995 -0.531224 -0.632227
0.988587 -11.187273 -7.937806 -142.552416 0.273385 0.570749 -0.774278 0.817318 -0.562267 -0.125887 -0.507201 -0.598415 -0.620199
1.537947 -11.123177 14.496291 48.739893 0.320200 0.560330 -0.763873 0.909352 -0.407867 0.081996 -0.265614 -0.720885 -0.640136
2.105802 -10.883798 41.616345 -64.696920 0.346690 0.535896 -0.769819 0.843577 -0.536974 0.006103 -0.410102 -0.651517 -0.638233
-2.721248 -3.489988 55.105265 -16.713375 0.342414 -0.406929 0.846854 0.716456 -0.470011 -0.515539 0.607818 0.783261 0.130609
-1.811186 -3.521193 33.902609 -16.121905 0.419042 -0.499762 0.758051 0.674845 -0.387124 -0.628267 0.607443 0.774838 0.175041
-1.880338 -3.734554 48.758308 -10.255903 0.396330 -0.470995 0.788090 0.646761 -0.466015 -0.603764 0.651631 0.748996 0.119925
-3.109231 -3.709845 42.041401 10.192939 0.075797 -0.168546 0.982775 0.761801 -0.626145 -0.166138 0.643362 0.761272 0.080939
-1.010517 -5.609090 20.334677 55.550646 0.146332 0.150712 0.977687 0.825314 -0.563482 -0.036664 0.545384 0.812265 -0.206841
-0.760705 -5.911086 2.065453 4.120403 0.145635 0.181609 0.972527 0.789680 -0.613507 -0.003688 0.595983 0.768523 -0.232761
-1.110208 -5.795108 1.130818 76.789429 0.097948 0.209298 0.972934 0.824949 -0.563910 0.038259 0.556655 0.798874 -0.227894
0.078541 -4.749084 -3.417803 40.619526 -0.101969 0.098731 0.989876 -0.329482 0.935547 -0.127253 -0.938639 -0.339123 -0.062867
0.152092 -4.575993 -4.370017 15.231991 -0.103246 0.089686 0.990604 -0.257849 0.959467 -0.113741 -0.960653 -0.267170 -0.075935
0.108942 -4.565062 -19.251654 45.184400 -0.110738 0.076322 0.990915 -0.316118 0.942561 -0.107925 -0.942235 -0.325197 -0.080251
-0.244741 -4.786206 -10.621459 0.822717 -0.127123 -0.341541 -0.931230 -0.157409 0.933896 -0.321031 0.979317 0.105773 -0.172481
-0.008372 -4.593712 -13.880837 -2.707387 -0.119861 -0.332459 -0.935470 -0.133444 0.939108 -0.316653 0.983782 0.086878 -0.156927
-0.052912 -4.654143 -14.308257 7.848825 -0.121828 -0.309499 -0.943063 -0.047135 0.950873 -0.305972 0.991431 0.007176 -0.130431
-0.219664 -5.257370 -13.122496 19.967609 -0.125969 -0.283975 -0.950521 -0.027680 0.958786 -0.282776 0.991648 -0.009311 -0.128638
-0.096416 -5.213970 -9.101565 38.132234 -0.124167 -0.243751 -0.961857 0.038298 0.967459 -0.250114 0.991522 -0.067893 -0.110791
-0.099046 -5.202847 -18.301126 47.360302 -0.117833 -0.252014 -0.960523 0.041635 0.965157 -0.258338 0.992160 -0.070432 -0.103235
8.131007 -8.610468 232.930224 107.622656 -0.018583 -0.237977 -0.971093 0.856708 0.496949 -0.138176 0.515466 -0.834511 0.194642
3.884453 -11.181321 91.054544 134.235084 -0.098543 -0.257545 -0.961228 0.929512 0.321131 -0.181333 0.355381 -0.911343 0.207746
6.885157 -11.106527 170.292300 185.934472 0.022082 -0.280080 -0.959723 0.908986 0.405295 -0.097364 0.416241 -0.870225 0.263539
-0.778936 -14.815453 76.572562 -313.509932 -0.562817 0.826392 -0.017719 -0.784315 -0.540682 -0.304161 0.260936 0.157289 -0.952456
-0.549958 -14.657435 30.737455 -198.115146 -0.560812 0.827481 -0.027668 -0.775951 -0.536957 -0.331025 0.288773 0.164173 -0.943216
-0.636785 -13.150528 35.201374 -157.979724 -0.544038 0.837590 -0.049658 -0.748922 -0.511428 -0.421376 0.378337 0.192054 -0.905526
-0.831101 -13.585848 18.408992 -176.331069 -0.532963 0.843148 -0.071074 -0.749445 -0.509382 -0.422920 0.392788 0.172135 -0.903375
-0.692479 -14.835630 -24.820926 -266.165625 -0.528006 0.844106 -0.093242 -0.798754 -0.530906 -0.283074 0.288447 0.074987 -0.954555
0.101044 -5.396690 35.125606 -43.529541 -0.091046 -0.223943 0.970340 0.093561 0.968154 0.232217 -0.991442 0.111929 -0.067194
1.879916 -5.278412 83.715126 -2.836172 -0.101461 -0.173917 0.979520 0.075480 0.980417 0.181895 -0.991972 0.092390 -0.086347
2.264985 -5.652601 115.070484 -19.754009 -0.085860 -0.222591 0.971124 0.153661 0.960102 0.233650 -0.984386 0.169285 -0.048231
0.231399 -4.537674 13.945941 3.716348 -0.100272 -0.159628 0.982071 0.034402 0.985900 0.163763 -0.994365 0.050207 -0.093367
-0.402196 -4.893995 13.110194 -40.949711 -0.086643 -0.134299 0.987146 0.054647 0.988740 0.139312 -0.994740 0.066015 -0.078328
-0.794595 -5.448371 34.816560 -72.475321 -0.075289 -0.199719 0.976957 0.115422 0.971406 0.207479 -0.990459 0.128383 -0.050084
-0.718295 -6.320602 69.085966 -47.422448 -0.245178 -0.295068 -0.923484 0.633568 0.672238 -0.382998 0.733811 -0.678993 0.022127
0.387844 -5.870630 57.709605 -62.290039 -0.279189 -0.329793 -0.901826 0.658950 0.617331 -0.429753 0.698454 -0.714241 0.044965
-0.149962 -6.808560 90.662708 51.661208 -0.307496 -0.327854 -0.893285 0.511409 0.734719 -0.445700 0.802438 -0.593885 -0.058255
-0.186887 -5.798190 76.970098 -88.958297 -0.267481 -0.315422 -0.910474 0.734188 0.545236 -0.404581 0.624037 -0.776677 0.085738
-1.147326 -6.012528 45.453231 -96.110923 -0.211986 -0.305534 -0.928284 0.724827 0.587971 -0.359048 0.655505 -0.748959 0.096818
0.186571 -11.938699 21.738178 -59.170450 -0.229872 0.096537 0.968421 0.969464 0.110058 0.219148 -0.085427 0.989226 -0.118888
-0.187883 -11.726540 15.233712 24.548572 -0.254330 0.092163 0.962716 0.944968 0.235506 0.227096 -0.205795 0.967493 -0.146988
0.112906 -11.792398 34.126087 30.876485 -0.234480 0.099365 0.967029 0.936380 0.290341 0.197214 -0.261172 0.951750 -0.161123
0.345546 -12.695485 -0.470800 53.496811 -0.235159 0.127244 0.963592 0.845843 -0.461584 0.267376 0.478801 0.877923 0.000917
0.311033 -12.516325 -0.214082 -23.937441 -0.230923 0.122866 0.965183 0.935922 -0.243091 0.254867 0.265942 0.962191 -0.058858
0.686327 -12.659017 24.355935 1.597324 -0.247878 0.117799 0.961603 0.913768 -0.301321 0.272460 0.321846 0.946218 -0.032950
0.596706 -12.372901 21.598680 -79.693358 -0.236571 0.109919 0.965377 0.965952 -0.080501 0.245878 0.104741 0.990675 -0.087132
0.620271 -12.663152 16.266399 74.637063 -0.251319 0.134653 0.958492 0.803792 -0.522647 0.284180 0.539219 0.841848 0.023118
1.142082 -12.845713 31.638544 29.202808 -0.267944 0.147478 0.952080 0.876790 -0.372250 0.304417 0.399307 0.916341 -0.029565
1.362735 -12.741570 48.423055 -75.337293 -0.250109 0.118421 0.960949 0.960248 -0.096740 0.261848 0.123971 0.988240 -0.089518
1.031432 -4.692956 3.692451 39.883666 -0.433598 0.709986 -0.554899 0.456456 -0.357892 -0.814592 0.776943 0.606492 0.168896
1.278513 -4.069846 -0.717849 31.256578 -0.398064 0.689654 -0.604915 0.419290 -0.449723 -0.788635 0.815930 0.567562 0.110147
1.092562 -4.196175 4.960946 40.864738 -0.398548 0.706835 -0.584417 0.463292 -0.394777 -0.793417 0.791530 0.586971 0.170133
0.951801 -4.870117 4.611330 39.205866 -0.430652 0.727230 -0.534487 0.500507 -0.300367 -0.811956 0.751021 0.617184 0.234630
0.834693 -5.554482 -2.292674 34.947703 -0.458714 0.732316 -0.503284 0.514986 -0.242470 -0.822191 0.724135 0.636334 0.265908
0.750663 -19.867945 6.811155 -57.440630 0.387564 -0.376050 0.841654 -0.151935 0.874469 0.460674 -0.909236 -0.306417 0.281777
0.578914 -17.043483 -22.138001 -79.423750 0.345953 -0.358937 0.866880 -0.017359 0.921324 0.388407 -0.938091 -0.149418 0.312504
0.631415 -21.264473 -6.923191 -163.551282 0.383132 -0.322647 0.865511 0.112775 0.946340 0.302857 -0.916783 -0.018426 0.398959
0.674480 -23.186940 16.582136 -231.296150 0.426827 -0.273940 0.861844 0.266035 0.948881 0.169852 -0.864317 0.156783 0.477886
0.664476 -21.396865 17.572640 -110.445076 0.417467 -0.336421 0.844122 0.040471 0.934904 0.352586 -0.907790 -0.113031 0.403907
0.119842 -15.888025 4.607446 -172.570515 0.185332 0.009711 -0.982628 0.981392 0.049278 0.185586 0.050224 -0.998738 -0.000397
0.254355 -16.439654 22.120308 -114.443688 0.192953 0.024898 -0.980892 0.966920 0.165150 0.194397 0.166835 -0.985954 0.007792
0.246663 -17.298147 -6.088188 -88.136432 0.189341 0.008145 -0.981878 0.928636 0.323419 0.181757 0.319038 -0.946221 0.053672
2.037062 -6.329445 -64.982709 -45.873042 0.189571 0.027502 -0.981482 0.051802 0.997935 0.037969 0.980499 -0.058040 0.187755
2.276072 -6.268132 -42.165717 -51.080976 0.127262 0.079232 -0.988699 -0.030170 0.996652 0.075986 0.991410 0.020159 0.129226
3.216802 -6.629848 -60.654986 15.368547 0.154802 0.137708 -0.978301 0.098478 0.983155 0.153974 0.983025 -0.120176 0.138633
3.255632 -17.628421 13.506934 -138.206334 0.419673 -0.345420 0.839380 0.858138 -0.150331 -0.490916 0.295758 0.926329 0.233328
3.000406 -16.001759 40.207494 66.662932 0.497653 -0.366318 0.786227 0.855511 0.057882 -0.514539 0.142977 0.928688 0.342194
2.876449 -17.910317 -47.985221 85.653020 0.483649 -0.296858 0.823383 0.862573 0.002053 -0.505929 0.148499 0.954919 0.257055
1.466611 -11.474833 46.477898 34.836127 -0.220963 0.124562 0.967295 0.882229 0.448323 0.143799 -0.415749 0.885150 -0.208955
1.237845 -13.025729 42.811915 73.825356 -0.226941 0.122235 0.966207 0.790651 0.602397 0.109497 -0.568656 0.788782 -0.233354
2.007026 -12.289494 29.370654 15.008605 -0.221527 0.177079 0.958942 0.859910 0.499220 0.106463 -0.459870 0.848188 -0.262862
1.846550 -11.767621 34.611926 2.326732 -0.221258 0.148309 0.963872 0.940954 0.292145 0.171045 -0.256223 0.944804 -0.204192
2.225686 -12.015129 -15.699770 7.809836 -0.251279 0.249367 0.935241 0.937929 0.301374 0.171645 -0.239055 0.920320 -0.309618
-2.504192 -4.308918 -22.884893 25.633806 -0.106627 0.537054 -0.836782 -0.601343 0.635389 0.484424 0.791844 0.554846 0.255204
-2.151338 -4.385432 -45.809637 0.370436 -0.169533 0.639006 -0.750287 0.486910 -0.607592 -0.627496 0.856842 0.471703 0.208132
-2.738576 -4.704217 -18.088892 -7.627936 -0.209576 0.607975 -0.765797 0.507834 -0.601596 -0.616593 0.835573 0.518121 0.182670
-2.756907 -4.549062 13.058977 40.448412 -0.202876 0.539736 -0.817023 -0.602937 0.588588 0.538545 0.771562 0.601872 0.206017
-2.298848 -4.175193 -67.971485 28.280522 0.690302 -0.076441 -0.719472 -0.050146 0.986957 -0.152972 0.721782 0.141676 0.677465
-3.030489 -3.916984 -49.169829 6.672307 0.667139 -0.313303 -0.675845 0.059150 0.926670 -0.371192 0.742581 0.207660 0.636750
-1.908385 -3.826034 -66.007442 21.208830 0.702812 -0.082125 -0.706619 -0.084656 0.976600 -0.197702 0.706321 0.198767 0.679414
-0.557495 -4.393576 -73.634615 35.643332 0.702255 0.025911 -0.711454 -0.091622 0.994316 -0.054224 0.706005 0.103264 0.700638
0.146270 -3.690144 -66.245092 21.421200 0.696717 0.056709 -0.715101 -0.168524 0.981910 -0.086324 0.697270 0.180655 0.693670
-0.276387 -6.819419 -31.129879 61.281273 -0.061402 -0.252842 -0.965557 0.509290 0.824036 -0.248170 0.858402 -0.506987 0.078172
-0.552221 -6.857256 -24.558793 52.019027 -0.060209 -0.252539 -0.965712 0.498887 0.830353 -0.248245 0.864573 -0.496728 0.075994
-0.458211 -6.450060 -27.926283 38.178581 -0.071768 -0.269983 -0.960187 0.439569 0.855580 -0.273425 0.895337 -0.441692 0.057273
3.572349 -37.913692 -81.664210 -1065.209628 -0.377098 0.921668 0.091246 -0.816920 -0.284576 -0.501655 0.436392 0.263714 -0.860242
2.200538 -21.928527 -60.957388 -310.690698 -0.377968 0.924007 0.057896 -0.736441 -0.262168 -0.623637 0.561066 0.278352 -0.779567
2.186658 -23.471336 -50.891741 -435.095508 -0.390656 0.917218 0.078093 -0.584637 -0.181685 -0.790690 0.711047 0.354543 -0.607216
2.392424 -25.671633 -59.424881 -245.374055 -0.372967 0.925507 0.065821 -0.871751 -0.325244 -0.366424 0.317720 0.194043 -0.928117
3.854488 -37.731188 -84.729437 647.498013 -0.377382 0.921995 0.086651 0.919097 0.361451 0.156891 0.113332 0.138849 -0.983807
5.074496 -50.240775 -101.563245 1402.756748 -0.356848 0.923044 0.143696 0.930776 0.338237 0.138751 0.079470 0.183261 -0.979847
4.294413 -32.218576 -35.603636 840.327117 -0.366449 0.900312 0.234849 0.870600 0.242724 0.427949 0.328284 0.361281 -0.872758
1.792501 -33.135124 50.206783 -645.683104 -0.048219 0.384663 0.921797 0.273069 0.892790 -0.358274 -0.960785 0.234438 -0.148089
2.695507 -28.904774 79.414463 -200.998281 -0.064040 0.378870 0.923232 0.611207 0.746205 -0.263826 -0.788875 0.547391 -0.279355
1.554401 -28.122269 6.794473 -183.453605 -0.058551 0.389450 0.919185 0.558962 0.775684 -0.293045 -0.827123 0.496631 -0.263105
1.243211 -33.487060 -5.337050 -840.098968 -0.068941 0.390748 0.917913 0.152889 0.913371 -0.377331 -0.985836 0.114325 -0.122709
0.966074 -25.193238 5.254370 -474.161931 -0.066637 0.377002 0.923812 0.074410 0.925170 -0.372189 -0.994999 0.043939 -0.089703
1.232949 -25.157087 9.748474 -356.977873 -0.087100 0.371329 0.924407 -0.017525 0.927219 -0.374110 -0.996045 -0.048785 -0.074253
1.824908 -5.821675 -3.202516 29.133661 -0.096060 -0.372490 -0.923051 -0.609553 0.755132 -0.241292 0.786904 0.539470 -0.299590
2.952183 -5.791495 -57.743782 -29.036162 0.002014 -0.445551 -0.895254 -0.675208 0.659758 -0.329869 0.737625 0.605147 -0.299511
2.064076 -5.476137 -51.562377 13.882366 -0.051446 -0.419189 -0.906440 -0.642599 0.708683 -0.291264 0.764474 0.567493 -0.305829
-6.907144 -8.886786 8.540474 181.795305 -0.309598 -0.682800 0.661765 -0.544343 0.697904 0.465424 -0.779640 -0.216133 -0.587748
-5.971653 -8.370442 50.713767 48.531437 -0.040759 0.974259 -0.221718 -0.699731 0.130570 0.702374 -0.713243 -0.183770 -0.676397
-4.247492 -7.738046 -10.515328 28.100028 -0.162591 0.986169 0.032163 -0.649237 -0.131473 0.749137 -0.743004 -0.100921 -0.661634
3.267491 -9.900528 -159.469800 -107.532270 -0.237208 0.954343 -0.181552 0.929360 0.277350 0.243653 -0.282882 0.110931 0.952718
1.640063 -9.050760 -177.656183 -103.710122 -0.290622 0.943990 -0.156275 0.889264 0.326759 0.320059 -0.353196 0.045954 0.934420
-1.068244 -11.809454 156.400388 -550.966360 0.081208 0.825016 -0.559244 -0.193779 0.563459 0.803096 -0.977678 -0.043152 -0.205629
-4.638157 -10.463609 348.422802 106.498288 0.234587 0.713690 -0.660011 0.163197 0.640407 0.750497 -0.958298 0.283769 -0.033759
-0.344133 -8.325111 -74.390589 -139.240969 0.003890 0.807688 -0.589597 0.009727 0.589543 0.807678 -0.999945 0.008877 0.005563
-0.727027 -7.057824 -72.669842 78.673797 0.017395 0.863998 -0.503195 0.193078 0.490895 0.849554 -0.981029 0.111934 0.158280
0.099461 -5.935769 55.279395 -190.434567 0.037479 -0.547707 0.835830 -0.112829 0.828750 0.548127 -0.992907 -0.114849 -0.030736
-0.508720 -5.532251 195.101870 -48.580270 0.063940 -0.608987 0.790599 -0.041888 0.789884 0.611824 -0.997074 -0.072237 0.024996
-1.197068 -5.694760 133.361787 26.300896 0.029303 -0.705300 0.708303 0.093259 0.707445 0.700588 -0.995211 0.045526 0.086506
0.070148 -3.425271 19.280718 -45.362160 -0.370121 -0.304846 0.877542 -0.174927 0.950598 0.256446 -0.912366 -0.058590 -0.405162
0.237799 -3.531882 5.530185 -20.627009 -0.372553 -0.297841 0.878917 -0.099864 0.954465 0.281112 -0.922622 0.016957 -0.385333
-0.091083 -3.444878 27.171083 -25.626627 -0.348133 -0.358184 0.866319 -0.157211 0.933347 0.322721 -0.924169 -0.023845 -0.381239
0.157394 -3.276161 -12.209890 -29.779384 -0.392005 -0.283458 0.875205 -0.127464 0.958907 0.253476 -0.911090 -0.012193 -0.412027
-0.362157 -3.151662 43.193132 -25.009009 -0.336465 -0.348848 0.874698 -0.226954 0.931514 0.284207 -0.913938 -0.102890 -0.392595
0.258399 -2.871900 -11.181162 -54.325906 -0.379367 -0.350937 0.856110 -0.220404 0.932918 0.284755 -0.898612 -0.080663 -0.431266
0.154666 -2.730004 16.086084 -40.398642 -0.360823 -0.337187 0.869547 -0.229173 0.935825 0.267791 -0.904039 -0.102651 -0.414941
-0.163657 -2.972152 25.791966 -59.462072 0.129279 0.828765 -0.544459 -0.628436 0.493198 0.601518 -0.767043 -0.264394 -0.584586
-0.727947 -2.648271 -15.504099 -42.701892 0.133625 0.803450 -0.580183 -0.606199 0.529403 0.593512 -0.784007 -0.272398 -0.557792
5.782832 -4.220422 149.938751 -1.385302 -0.029200 -0.131488 0.990888 0.379173 0.915762 0.132693 -0.924865 0.379592 0.023117
4.236159 -5.424964 65.122228 -29.659299 0.017610 -0.085170 0.996211 0.448965 0.890940 0.068234 -0.893376 0.446062 0.053928
4.288610 -5.579605 20.120821 -2.992418 -0.003344 -0.153224 0.988186 0.375275 0.915775 0.143266 -0.926907 0.371321 0.054438
4.143937 -6.199769 5.019097 40.887673 -0.012759 -0.255070 0.966839 0.269661 0.930214 0.248966 -0.962871 0.263896 0.056913
4.452668 -4.821769 65.441739 13.910086 -0.056422 -0.250451 0.966484 0.274601 0.926799 0.256198 -0.959901 0.279853 0.016482
0.805241 -3.314687 -58.458613 26.776890 -0.440019 0.873692 -0.207473 0.781614 0.258883 -0.567503 0.442111 0.411876 0.796803
0.191830 -3.718843 23.630192 41.743891 0.352650 -0.894291 0.275466 0.841449 0.174267 -0.511464 0.409393 0.412158 0.813955
0.180433 -4.090229 47.609416 51.660621 0.358602 -0.895794 0.262600 0.856966 0.204364 -0.473123 0.370155 0.394702 0.840950
-0.274967 -4.532938 -19.231182 35.871105 0.300389 -0.892568 0.336286 0.906876 0.158022 -0.390647 0.295539 0.422316 0.856917
-0.089973 -3.793151 -1.904038 17.988739 0.302137 -0.897519 0.321205 0.871567 0.123608 -0.474439 0.386114 0.423298 0.819594
-0.217027 -4.116298 -12.811783 40.434385 0.279387 -0.895482 0.346489 0.897846 0.115748 -0.424823 0.340316 0.429784 0.836344
0.526825 -5.734796 1.625862 -44.556728 0.091117 0.929350 -0.357781 0.935658 0.043110 0.350266 0.340944 -0.366675 -0.865625
0.574068 -5.794436 -32.538600 14.478049 0.112819 0.924709 -0.363572 -0.893109 -0.065989 -0.444974 0.435464 -0.374911 -0.818421
0.635380 -5.816503 -17.926105 -29.175019 0.116742 0.929082 -0.350967 -0.830621 -0.102393 -0.547343 0.544464 -0.355418 -0.759761
-1.391677 -6.382748 -10.434446 56.799237 -0.392324 0.718323 -0.574538 0.188904 0.674222 0.713961 -0.900221 -0.171572 0.400207
-0.846125 -6.014886 6.170914 -44.749062 0.406304 -0.647946 0.644269 0.152478 0.743284 0.651367 -0.900926 -0.166416 0.400797
-0.189075 -6.460015 6.514195 -97.485905 -0.380494 0.712144 -0.589979 0.236118 0.691631 0.682565 -0.894132 -0.120408 0.431311
-0.420876 -5.788996 6.431500 -54.955186 -0.367164 0.766506 -0.526933 0.250449 0.627046 0.737624 -0.895804 -0.138859 0.422200
-0.937213 -5.673487 6.575895 55.568017 -0.362031 0.787943 -0.498075 0.230707 0.593435 0.771109 -0.903165 -0.164256 0.396626
-1.922365 -7.898043 17.662607 188.012282 -0.340115 0.833066 -0.436261 0.225358 0.522605 0.822252 -0.912982 -0.181345 0.365483
-2.569249 -9.772252 6.263893 245.186530 -0.369890 0.737155 -0.565495 0.139726 0.645879 0.750545 -0.918509 -0.198605 0.341904
0.084689 -17.488644 33.060340 143.017368 -0.596925 0.490890 -0.634593 0.745967 0.048438 -0.664219 -0.295320 -0.869874 -0.395101
0.132954 -18.181889 -29.236972 -110.918947 0.605760 -0.496187 0.621976 0.578703 -0.261717 -0.772403 -0.546038 -0.827830 -0.128607
0.035221 -15.211392 21.431934 261.882014 -0.591741 0.487361 -0.642123 0.801753 0.272935 -0.531693 -0.083868 -0.829449 -0.552250
-0.090062 -16.999862 4.330011 194.166168 -0.602987 0.462104 -0.650282 0.771314 0.129598 -0.623121 -0.203671 -0.877305 -0.434573
-0.085366 -18.505802 18.875273 -36.280342 -0.612772 0.475601 -0.631121 0.647466 -0.155747 -0.746010 -0.453099 -0.865763 -0.212498
7.867767 -5.044339 125.611507 51.261964 0.328744 0.762478 -0.557274 -0.679725 -0.218636 -0.700123 0.655669 -0.608954 -0.446400
10.994500 -4.936469 231.113427 -50.388741 0.419066 0.685720 -0.595123 0.689379 0.186256 0.700047 0.590882 -0.703631 -0.394668
12.064648 -4.621387 287.496140 -75.052117 0.436250 0.680063 -0.589237 0.729775 0.115696 0.673827 0.526417 -0.723967 -0.445821
-0.831205 -9.540579 1.261425 106.912222 -0.189164 0.945091 -0.266497 0.971063 0.139754 -0.193663 -0.145785 -0.295420 -0.944179
-1.019401 -8.274457 14.518552 73.848707 -0.162102 0.949131 -0.269949 0.986261 0.147021 -0.075321 -0.031802 -0.278450 -0.959924
0.956444 -5.128834 -14.717980 1.907570 -0.485471 0.808425 -0.332816 0.832885 0.543392 0.105012 -0.265744 0.226218 0.937126
0.492339 -5.190804 -19.813709 -7.372319 -0.460063 0.834590 -0.302988 0.838146 0.520835 0.161997 -0.293008 0.179419 0.939125
0.548568 -5.243056 5.979173 -2.759882 0.452101 -0.837495 0.306932 0.868774 0.491413 0.061196 -0.202081 0.238988 0.949762
3.097149 -1.481949 -14.797266 128.365695 -0.405653 0.881073 -0.243221 0.657222 0.466094 0.592297 -0.635221 -0.080416 0.768133
2.041873 -4.535987 -16.917540 183.980819 -0.313261 0.945149 -0.092530 0.690628 0.293607 0.660930 -0.651844 -0.143140 0.744722
2.019519 -12.660744 -16.364193 13.377839 -0.156746 0.163284 0.974048 0.494354 0.866770 -0.065748 -0.855011 0.471219 -0.216583
1.496938 -14.503483 -27.927688 103.790686 -0.185248 0.221936 0.957302 0.437110 0.891095 -0.122002 -0.880124 0.395845 -0.262084
-0.338145 -12.281027 -23.645870 -45.975643 0.525661 -0.340966 0.779373 0.821539 -0.034326 -0.569118 0.220803 0.939449 0.262073
-0.535667 -11.543359 -38.958088 -25.146677 0.504808 -0.328790 0.798164 0.863179 0.182099 -0.470916 0.009487 0.926681 0.375730
-0.936797 -11.608787 -45.403550 -21.203441 0.527699 -0.313355 0.789520 0.842108 0.071201 -0.534589 0.111302 0.946963 0.301451
-0.841464 -8.785667 6.393554 145.533380 0.023708 0.975210 -0.220006 0.075067 0.217710 0.973122 -0.996897 0.039586 0.068044
-0.825784 -8.763296 -2.695773 6.866629 -0.007938 0.968753 -0.247900 -0.121573 0.245133 0.961837 -0.992551 -0.037773 -0.115829
-1.110775 -21.695163 8.574116 48.589707 0.830475 -0.428164 -0.356352 0.545519 0.495584 0.675874 0.112783 0.755693 -0.645142
-1.109446 -20.314092 -8.940799 215.072632 0.831156 -0.411635 -0.373814 0.479323 0.189660 0.856901 0.281833 0.891395 -0.354943
-1.243915 -21.265308 -1.613434 254.007468 0.827653 -0.433214 -0.356815 0.508468 0.309641 0.803482 0.237595 0.846433 -0.476551
-1.160714 -18.800120 -7.045720 266.435386 0.835361 -0.419034 -0.355785 0.396180 0.010265 0.918116 0.381070 0.907913 -0.174588
-1.129974 -22.727584 8.811676 -33.991279 0.833398 -0.427768 -0.349945 0.552528 0.630394 0.545266 0.012644 0.647779 -0.761724
-1.294766 -23.655525 -18.801647 72.946445 0.827314 -0.427536 -0.364368 0.559336 0.567024 0.604671 0.051913 0.704057 -0.708244
-1.240949 -21.720357 -0.786303 316.011046 0.816112 -0.455284 -0.355917 0.506467 0.266893 0.819914 0.278302 0.849403 -0.448401
-1.310589 -17.573719 3.284190 356.489551 0.813368 -0.454442 -0.363201 0.425223 0.038353 0.904275 0.397011 0.889950 -0.224434
-0.207564 -22.505403 -29.025154 -177.735391 0.909313 -0.388533 -0.148971 -0.197447 -0.718008 0.667442 0.366286 0.577500 0.729608
0.231912 -34.750533 -32.237251 -957.691198 0.891654 -0.438966 -0.110734 -0.325022 -0.790973 0.518384 0.315141 0.426228 0.847948
0.044523 -43.115104 -22.754588 939.920985 0.866785 -0.476730 -0.146328 0.452550 0.875236 -0.170764 0.209480 0.081795 0.974386
