12252
24484
-8.151230 -10.425296 71.741091 134.302941 -0.168682 0.981206 0.093710 -0.322502 0.034898 -0.945925 0.931418 0.189782 -0.310554
-6.672572 -10.241813 -36.471674 274.112723 0.046214 0.944509 0.325219 -0.465731 0.308390 -0.829452 0.883719 0.113132 -0.454138
-5.904535 -8.506519 18.748464 114.058580 -0.316663 0.894939 -0.314340 -0.343511 -0.417098 -0.841445 0.884152 0.158476 -0.439500
-5.697889 -7.234278 -43.390341 128.217147 -0.058565 0.997360 0.042944 -0.539269 0.004594 -0.842121 0.840094 0.072477 -0.537576
-6.245267 -9.386405 -13.423939 93.192870 -0.370410 0.879242 -0.299551 -0.226738 -0.398322 -0.888780 0.900770 0.261293 -0.346900
-4.951714 -7.377517 15.158732 -78.114149 -0.455144 0.696239 -0.555063 0.284604 0.704425 0.650220 0.843709 0.137971 -0.518767
-5.152658 -8.037520 -20.145106 64.173565 -0.476910 0.708492 -0.520189 -0.205895 -0.665412 -0.717520 0.854497 0.235088 -0.463216
-5.739216 -8.888274 53.960688 -36.422428 0.886073 -0.101656 0.452261 -0.381031 0.395907 0.835507 0.263988 0.912646 -0.312069
-5.313248 -9.386817 40.540298 -34.542051 0.868793 -0.127066 0.478595 -0.432148 0.277316 0.858105 0.241757 0.952339 -0.186019
-5.026825 -8.928474 29.786419 -26.140417 0.858529 -0.151201 0.489965 -0.386600 0.436851 0.812220 0.336851 0.886735 -0.316595
-7.118309 -15.861314 392.020888 392.760728 -0.017775 0.989402 0.144111 -0.950164 0.028152 -0.310478 0.311245 0.142448 -0.939593
-5.141943 -17.828876 320.408802 -901.918248 -0.139053 0.988299 0.062679 -0.749684 -0.063703 -0.658722 0.647022 0.138587 -0.749771
-8.589451 -33.621716 -330.881147 -1789.745027 0.030717 0.959950 -0.278481 -0.710231 -0.175078 -0.681851 0.703299 -0.218730 -0.676408
-7.077633 -20.119550 220.921744 615.741468 -0.072665 0.997288 -0.011695 -0.982778 -0.073596 -0.169505 0.169906 0.000823 -0.985460
-11.708826 -39.476261 -257.120878 -2044.811633 -0.054473 0.931230 -0.360337 -0.764649 -0.270979 -0.584706 0.642140 -0.243680 -0.726826
-14.726700 -71.623927 -301.058340 -4142.891624 0.063759 0.950037 -0.305557 -0.605081 -0.206681 -0.768870 0.793607 -0.233909 -0.561671
-0.093839 -7.076179 -14.099933 11.358358 -0.138061 0.958507 -0.249408 -0.528395 0.141706 0.837089 -0.837698 -0.247355 -0.486906
0.296701 -7.102389 -22.433086 3.264331 -0.147302 0.955540 -0.255432 -0.535173 0.140183 0.833030 -0.831801 -0.259407 -0.490730
0.138312 -6.874001 -23.930816 26.872702 -0.146484 0.956634 -0.251782 -0.439796 0.165008 0.882809 -0.886071 -0.240050 -0.396552
0.353166 -6.717939 -20.740327 31.995918 -0.145739 0.955209 -0.257559 -0.404096 0.180156 0.896800 -0.903032 -0.234778 -0.359740
-0.056074 -6.613353 -11.155651 23.790547 -0.141127 0.961803 -0.234559 -0.415621 0.157478 0.895801 -0.898522 -0.223910 -0.377521
0.188553 -6.266553 -15.726429 46.273385 -0.150507 0.957230 -0.247101 -0.321550 0.188959 0.927847 -0.934855 -0.219103 -0.279358
0.485444 -4.006162 -94.424633 37.250788 0.400803 0.909440 0.110795 -0.665935 0.372248 -0.646500 0.629196 -0.185336 -0.754826
0.582159 -3.326777 -89.181683 36.433851 0.446924 0.879344 0.164353 -0.677280 0.452633 -0.580013 0.584423 -0.147909 -0.797855
-0.706638 -4.035386 -79.374561 58.314908 0.379545 0.919540 0.101944 -0.700445 0.357589 -0.617662 0.604419 -0.163025 -0.779808
1.736612 -3.382566 -52.850005 10.952421 0.416410 0.887816 0.195921 -0.653242 0.442042 -0.614714 0.632359 -0.127990 -0.764030
-1.120271 -5.152913 -103.280093 59.366722 0.302895 0.953020 -0.002840 -0.677706 0.213296 -0.703718 0.670052 -0.215077 -0.710473
0.316341 -4.636651 -106.870307 37.098013 0.345159 0.937705 0.039691 -0.648130 0.268730 -0.712538 0.678817 -0.220214 -0.700510
1.616942 -3.787180 -58.824725 21.517190 0.367229 0.921370 0.127355 -0.644098 0.350684 -0.679822 0.671029 -0.167621 -0.722234
0.886046 -5.455101 17.869566 21.438506 -0.083736 0.985729 -0.146038 0.995188 0.075240 -0.062770 -0.050887 -0.150592 -0.987286
0.836872 -5.098914 9.364922 19.920157 -0.079457 0.983092 -0.164972 0.996803 0.076973 -0.021410 -0.008350 -0.166146 -0.986066
0.796517 -5.060571 21.338711 18.438834 -0.042695 0.988107 -0.147721 0.996643 0.052460 0.062847 0.069849 -0.144542 -0.987030
0.699078 -5.366292 9.726791 23.817458 -0.047583 0.988430 -0.144018 0.998501 0.050975 0.019956 0.027066 -0.142853 -0.989374
0.616286 -5.093228 5.169737 24.547938 -0.018080 0.989361 -0.144352 0.992514 0.035201 0.116948 0.120785 -0.141156 -0.982591
0.748954 -4.746009 13.985106 -15.556638 -0.011749 0.988239 -0.152465 -0.984486 -0.038128 -0.171273 0.175072 -0.148087 -0.973355
-1.886905 -9.112307 29.380645 -327.756336 0.284416 0.958683 0.005844 0.582763 -0.168044 -0.795078 0.761246 -0.229539 0.606479
-2.720954 -13.942601 38.314498 -373.434842 0.282341 0.959189 0.015479 0.442886 -0.116018 -0.889040 0.850962 -0.257868 0.457568
-1.824724 -12.061538 30.792308 -352.057507 0.234223 0.969107 0.077272 0.528553 -0.060229 -0.846761 0.815948 -0.239173 0.526332
-1.373932 -7.642330 -9.947800 -258.428450 0.253216 0.965168 0.065814 0.633999 -0.114177 -0.764859 0.730703 -0.235401 0.640827
-1.358882 -10.944507 -22.286954 -319.846492 0.206679 0.972366 0.108570 0.560357 -0.026675 -0.827821 0.802050 -0.231931 0.550386
-1.678821 -14.173002 11.047161 -215.927350 0.194652 0.976334 0.094247 0.355864 0.019244 -0.934340 0.914041 -0.215410 0.343696
-1.640850 -12.847923 -29.377542 -49.612666 0.036872 0.980963 -0.190662 -0.928329 0.104251 0.356842 -0.369926 -0.163840 -0.914501
-1.594268 -11.905130 -30.362524 -34.060404 0.069178 0.981594 -0.178009 -0.973958 0.105075 0.200912 -0.215919 -0.159474 -0.963300
-1.283791 -12.394277 -11.701660 23.285057 0.053635 0.981342 -0.184637 0.986457 -0.080772 -0.142750 -0.155000 -0.174480 -0.972384
-1.233289 -12.956231 -12.905332 -61.535253 0.010995 0.981365 -0.191840 -0.939113 0.076026 0.335092 -0.343433 -0.176475 -0.922448
-0.642284 -18.334543 -0.541367 -102.329084 0.177082 0.984107 0.013207 -0.094247 0.030313 -0.995087 0.979673 -0.174968 -0.098117
-0.044607 -17.203380 23.313293 -7.785103 0.137204 0.989517 -0.045063 -0.293074 -0.002904 -0.956085 0.946194 -0.144386 -0.289603
-0.288368 -16.448441 26.820189 -104.533088 0.136380 0.990646 -0.004666 0.010529 -0.006159 -0.999926 0.990601 -0.136321 0.011271
0.273101 -16.097700 42.058206 -9.805763 0.111992 0.992130 -0.055997 -0.246234 -0.026888 -0.968837 0.962718 -0.122291 -0.241285
2.672737 -6.540421 -78.794848 20.511243 -0.128606 0.976471 -0.173106 -0.570178 0.070012 0.818533 -0.811393 -0.203969 -0.547758
2.563077 -6.740732 -66.036302 -8.633617 -0.121076 0.980029 -0.157745 -0.676811 0.034744 0.735337 -0.726132 -0.195795 -0.659088
3.669855 -6.523825 -73.640484 22.035720 -0.077201 0.987725 -0.135792 -0.590473 0.064449 0.804480 -0.803357 -0.142288 -0.578249
1.575726 -6.794938 -26.638315 2.781692 -0.134178 0.975815 -0.172571 -0.610511 0.055769 0.790042 -0.780559 -0.211363 -0.588263
3.083818 -6.245504 -81.931507 29.874650 -0.105571 0.980245 -0.167253 -0.480184 0.097032 0.871784 -0.870792 -0.172347 -0.460455
2.004850 -6.491281 -50.972130 28.320253 -0.125557 0.974764 -0.184584 -0.512333 0.095619 0.853447 -0.849559 -0.201724 -0.487398
0.058625 -7.903970 -64.264848 -80.040699 0.448825 0.888529 -0.095248 0.476017 -0.327926 -0.816010 0.756283 -0.320906 0.570136
-0.748403 -6.520335 -32.055861 -50.012092 0.437210 0.892348 -0.112082 0.517325 -0.351472 -0.780284 0.735678 -0.283165 0.615301
-0.261946 -8.067802 -40.613870 142.354602 0.369732 0.929023 -0.014621 0.578787 -0.242598 -0.778557 0.726845 -0.279395 0.627403
0.742376 -9.474577 -52.286258 147.075160 0.354350 0.934965 -0.016621 0.578160 -0.233022 -0.781941 0.734960 -0.267471 0.623131
0.258881 -14.271726 23.985685 -32.623190 0.020113 0.999119 -0.036840 0.941919 -0.006581 0.335775 -0.335237 0.041454 0.941222
0.158139 -14.061658 26.166043 8.510273 0.061587 0.997493 -0.034864 0.991353 -0.057078 0.118155 -0.115869 0.041839 0.992383
0.541818 -13.497504 7.559571 -5.855881 0.008502 0.999859 -0.014479 0.964718 -0.004391 0.263249 -0.263148 0.016207 0.964619
-3.928294 -22.927999 -51.732921 105.066781 -0.041609 0.959469 0.278726 0.890322 -0.090995 0.446147 -0.453427 -0.266719 0.850450
-3.752090 -23.228064 38.810838 -181.881862 0.057398 -0.963890 -0.260042 0.976235 -0.000333 0.216715 -0.208976 -0.266301 0.940964
-3.589862 -21.846518 43.782286 3.842212 0.012315 0.981375 0.191708 0.938571 -0.077469 0.336277 -0.344866 -0.175790 0.922044
-3.823935 -23.065601 65.524562 345.442120 0.048234 0.980824 0.188833 0.830349 -0.144450 0.538195 -0.555152 -0.130838 0.821394
-4.411907 -23.703261 -25.261488 308.866357 -0.002824 0.960507 0.278241 0.749128 -0.182282 0.636852 -0.662419 -0.210236 0.719028
0.344438 -6.198904 143.158497 10.129190 0.162492 0.972238 0.168372 -0.778645 0.021536 0.627095 -0.606059 0.233000 -0.760528
1.480884 -6.417981 151.985407 1.071491 0.205001 0.970317 0.128297 -0.711763 0.057816 0.700036 -0.671839 0.234825 -0.702488
2.707328 -6.704892 152.872086 5.228727 0.163447 0.975483 0.147372 -0.781899 0.036995 0.622306 -0.601597 0.216944 -0.768776
3.287374 -7.033960 99.156548 -1.642614 0.104306 0.985418 0.134434 -0.865715 0.023426 0.499988 -0.489548 0.168533 -0.855535
1.249317 -6.525204 150.935833 5.534175 0.125676 0.970616 0.205209 -0.852349 -0.000205 0.522973 -0.507648 0.240634 -0.827278
3.482063 -7.082604 13.334259 -2.439695 0.094500 0.994209 0.051163 -0.781960 0.042323 0.621890 -0.616123 0.098777 -0.781431
4.443116 -48.947617 -102.902389 904.099600 -0.232407 0.890843 0.390365 0.778576 0.410947 -0.474281 0.582929 -0.193702 0.789096
3.000770 -48.611631 -107.626503 809.794478 -0.226109 0.876646 0.424696 0.780756 0.423807 -0.459137 0.582490 -0.227769 0.780274
5.596109 -60.133718 153.252188 1344.447856 0.212506 -0.879318 -0.426194 0.939684 0.303525 -0.157690 0.268020 -0.366978 0.890782
7.906291 -66.409945 -170.736095 -1353.824687 -0.197440 0.927983 0.316014 0.846134 0.324106 -0.423097 0.495049 -0.183854 0.849190
3.097289 -112.413050 233.818816 4522.046056 -0.676561 0.735842 -0.028315 -0.429908 -0.425907 -0.796104 0.597867 0.526440 -0.604497
0.185867 -38.970952 131.888099 1139.465580 -0.544707 0.833851 0.089373 -0.696416 -0.390389 -0.602163 0.467224 0.390243 -0.793355
5.756511 -235.981568 86.310016 12264.882285 -0.491203 0.868645 0.064621 -0.571700 -0.265535 -0.776305 0.657174 0.418267 -0.627036
-0.723568 -4.144404 42.185814 -17.538888 -0.144662 0.833376 0.533439 -0.301770 0.476268 -0.825896 0.942342 0.280451 -0.182590
-0.133909 -3.207860 -58.034851 -55.932555 0.098515 -0.685350 -0.721519 -0.233618 0.688856 -0.686222 0.967325 0.236163 -0.092248
-1.450950 -4.168678 66.985191 -41.081126 -0.116120 0.778303 0.617059 -0.258879 0.576071 -0.775321 0.958905 0.249773 -0.134593
-1.973487 -4.789947 60.079272 11.005764 -0.150736 0.879713 0.450981 -0.333227 0.384280 -0.860981 0.930719 0.280060 -0.235220
-1.584540 -5.548877 2.728712 -53.166844 -0.259205 0.885685 0.385195 -0.464754 -0.463996 0.754130 -0.846650 -0.016453 -0.531895
-1.967436 -6.166182 0.242852 -45.176622 -0.265645 0.872833 0.409383 -0.373055 -0.484625 0.791182 -0.888967 -0.057451 -0.454353
-1.699508 -5.641928 16.304060 -46.772295 -0.170022 0.935012 0.311200 -0.456517 -0.354601 0.815996 -0.873318 0.003331 -0.487139
-1.131721 -4.680160 26.196315 -48.449235 -0.150503 0.948283 0.279478 -0.557856 -0.314852 0.767896 -0.816177 0.040338 -0.576392
-12.270723 -219.676318 51.775209 3702.558376 0.891553 -0.158194 -0.424392 0.108875 0.984399 -0.138217 0.439637 0.077022 0.894867
-5.929029 -73.858692 -2.779173 -485.227648 0.877959 -0.190049 -0.439397 0.120831 -0.800143 0.587512 0.463237 0.568904 0.679529
-3.689744 -65.061096 -110.088785 258.318201 0.910680 -0.244460 -0.333018 0.019415 -0.779904 0.625598 0.412656 0.576185 0.705497
-11.817533 -189.249338 97.325394 -2105.112613 0.910685 -0.205626 -0.358289 0.174381 0.977604 -0.117822 0.374492 0.044820 0.926146
-4.598590 -106.587414 -17.730193 2563.077664 0.912247 -0.165017 -0.374933 -0.017287 0.898950 -0.437710 0.409276 0.405781 0.817212
-0.862055 -63.907971 -78.660027 -1118.645188 0.887004 -0.291305 -0.358280 0.110292 -0.619787 0.776981 0.448396 0.728701 0.517625
2.036375 -16.019677 11.943972 196.752682 0.875547 -0.006212 -0.483093 -0.467362 -0.264289 -0.843638 0.122436 -0.964424 0.234300
2.147400 -23.042501 11.719907 604.195188 0.892984 -0.059661 -0.446118 -0.423936 -0.444436 -0.789148 0.151190 -0.893822 0.422167
1.753107 -20.330977 47.037506 446.908833 0.908159 0.053452 -0.415199 -0.348347 -0.453565 -0.820325 0.232168 -0.889619 0.393289
1.168421 -19.128326 65.196439 222.478156 0.882879 0.079949 -0.462745 -0.427113 -0.272874 -0.862041 0.195190 -0.958722 0.206767
9.794900 -10.310619 54.593716 95.121284 -0.520042 -0.840414 -0.152514 0.853815 -0.516419 -0.065657 -0.023582 -0.164363 0.986118
7.492056 -9.415769 -100.458773 48.286981 0.453035 0.859990 0.234898 0.867036 -0.486331 0.108311 -0.207385 -0.154596 0.965967
10.329104 -11.500388 -146.619723 30.622673 0.432476 0.892592 0.127451 0.871979 -0.450008 0.192731 -0.229384 -0.027783 0.972939
13.063924 -12.635849 -101.241697 17.007486 0.479739 0.877206 -0.019003 0.874925 -0.476637 0.085576 -0.066010 0.057680 0.996150
13.696586 -11.343553 45.996404 129.586629 0.533218 0.843817 -0.060437 0.825043 -0.534488 -0.183377 0.187039 -0.047917 0.981183
-2.885012 -5.444299 -56.509952 136.889604 -0.276393 0.961021 0.006806 0.566830 0.157296 0.808679 -0.776087 -0.227371 0.588211
-3.257257 -8.554861 -105.032801 -135.156386 -0.238870 0.964552 0.112168 0.602214 0.056532 0.796330 -0.761761 -0.257768 0.594371
-3.863307 -8.288446 -1.967919 -113.719048 -0.240013 0.970710 -0.010775 0.600597 0.157203 0.783946 -0.762678 -0.181686 0.620736
0.211276 -5.761959 -155.890518 -32.775117 0.298792 0.950944 0.080181 0.534119 -0.097012 -0.839825 0.790848 -0.293759 0.536904
1.957029 -5.010398 -47.202631 -13.865294 0.251737 0.967454 0.025712 0.545710 -0.119955 -0.829344 0.799268 -0.222808 0.558147
1.804401 -5.482594 -86.321850 -34.290585 0.214370 0.971479 0.101357 0.496639 -0.019056 -0.867748 0.841068 -0.236357 0.486559
-1.117614 -7.514134 -10.819780 -33.356730 -0.481096 0.699271 -0.528741 -0.292647 0.440428 0.848752 -0.826380 -0.563066 0.007249
-2.729935 -8.512282 -11.377808 3.043028 -0.479558 0.739813 -0.471912 -0.088849 0.494085 0.864862 -0.873001 -0.456680 0.171210
-2.007917 -7.899056 40.702510 14.463962 -0.393488 0.670073 -0.629420 -0.219495 0.596375 0.772113 -0.892742 -0.441972 0.087588
-0.113536 -7.433284 -113.235877 6.812057 0.316667 -0.571166 0.757292 -0.399269 0.643939 0.652630 -0.860410 -0.509030 -0.024135
-1.035941 -5.022054 33.068075 -34.406818 -0.135865 0.948311 0.286789 0.273202 0.314111 -0.909228 0.952314 0.045181 0.301757
-1.407407 -5.214200 2.149812 -37.320762 -0.082311 0.964841 0.249612 0.257225 0.262543 -0.930004 0.962840 0.012343 0.269791
-1.334811 -5.531495 28.395783 -19.622144 -0.121160 0.952866 0.278149 0.183355 0.296875 -0.937148 0.975552 0.062545 0.210682
-1.431176 -5.690817 26.353557 6.810468 -0.117206 0.958662 0.259287 0.087766 0.270064 -0.958834 0.989222 0.089624 0.115791
-0.613200 -5.425774 55.829592 -8.322965 -0.155404 0.948383 0.276438 0.148781 0.299117 -0.942546 0.976583 0.105347 0.187585
3.559203 -11.717820 -23.266780 -183.609921 0.191398 0.965852 -0.174635 0.068594 0.164326 0.984018 -0.979113 0.200318 0.034800
3.358785 -12.565367 -1.857839 -202.259692 0.148373 0.981456 -0.121363 0.217572 0.087318 0.972131 -0.964701 0.170643 0.200581
2.502427 -11.003836 -25.905395 -71.321908 0.113119 0.986322 -0.119886 0.055425 0.114208 0.991910 -0.992034 0.118849 0.041748
2.608066 -10.669796 -13.352052 -166.743868 0.080795 0.992735 -0.089163 0.133309 0.077889 0.988009 -0.987776 0.091712 0.126047
-0.422652 -14.121359 -4.083067 68.962028 0.436662 0.895422 -0.086862 0.126686 0.034388 0.991347 -0.890661 0.443888 0.098422
0.149312 -14.339809 9.102689 61.698997 0.448655 0.887972 -0.101067 0.094679 0.065226 0.993369 -0.888676 0.455248 0.054808
0.156407 -14.168048 12.143470 -23.266423 0.453392 0.885730 -0.099585 -0.102162 0.162635 0.981383 -0.885437 0.434778 -0.164226
-0.205572 -7.316405 25.386650 42.247084 -0.022344 0.974564 -0.222995 -0.467705 -0.207327 -0.859225 0.883602 -0.085097 -0.460441
0.088054 -6.958336 25.231016 30.229691 -0.012923 0.976481 -0.215215 -0.551081 -0.186550 -0.813332 0.834352 -0.108090 -0.540531
0.907740 -6.534987 42.568235 5.997187 -0.061172 0.948935 -0.309483 -0.555199 -0.290019 -0.779514 0.829465 -0.124140 -0.544590
0.547517 -6.457175 45.817710 13.215379 -0.026029 0.970716 -0.238814 -0.645121 -0.198802 -0.737765 0.763637 -0.134860 -0.631404
-0.693320 -20.451863 26.773132 258.897239 -0.068321 0.980394 -0.184821 0.446034 0.195725 0.873353 -0.892404 0.022768 0.450662
-1.412769 -23.733123 -0.408076 311.360112 -0.103032 0.972600 -0.208410 0.137907 0.221469 0.965367 -0.985072 -0.070722 0.156947
-0.833442 -20.753871 -5.019846 277.487823 -0.115956 0.963604 -0.240876 0.389917 0.267205 0.881230 -0.913520 -0.008263 0.406709
-0.113565 -17.817479 5.646551 101.088884 -0.100207 0.971476 -0.214923 0.614223 0.230337 0.754768 -0.782744 0.056378 0.619784
-0.527755 -21.401589 -34.452265 258.112134 -0.160510 0.946465 -0.280072 0.343325 0.319569 0.883178 -0.925400 -0.045603 0.376239
-0.270041 -18.470529 -3.563520 70.580678 -0.120271 0.960017 -0.252790 0.562708 0.275706 0.779324 -0.817860 0.048517 0.573368
-0.488189 -9.080793 3.182550 89.876418 0.117741 0.983965 -0.133980 -0.958678 0.077440 -0.273752 0.258986 -0.160676 -0.952423
-0.855228 -8.445842 27.747399 107.458334 0.118493 0.984886 -0.126327 -0.966061 0.084938 -0.243950 0.229533 -0.150946 -0.961525
-0.515988 -7.647265 -4.317203 15.864567 0.188812 0.973866 -0.126237 0.974497 -0.169938 0.146547 0.121265 -0.150688 -0.981116
0.995563 -12.495243 -31.096207 -73.313583 0.244945 0.969480 0.010476 -0.252942 0.074331 -0.964622 0.935961 -0.233629 -0.263429
1.260604 -12.233749 -27.072395 -65.286112 0.246337 0.968456 0.037572 -0.084880 0.060175 -0.994572 0.965460 -0.241811 -0.097026
1.228356 -13.251023 -25.313468 -57.465314 0.228910 0.973380 -0.011432 -0.283727 0.055481 -0.957299 0.931182 -0.222379 -0.288874
0.138712 -27.321330 58.123375 79.343941 -0.132624 0.955025 -0.265212 -0.592983 0.137956 0.793309 -0.794218 -0.262478 -0.548018
-0.859957 -24.114355 108.705781 163.268985 -0.126194 0.962839 -0.238781 -0.436909 0.162157 0.884769 -0.890610 -0.215978 -0.400210
0.282493 -24.842777 23.438272 122.232903 -0.143187 0.955522 -0.257829 -0.267013 0.213557 0.939733 -0.952996 -0.203401 -0.224558
0.565720 -26.046926 -15.012243 -65.713132 -0.104606 0.946571 -0.305058 -0.778047 0.113162 0.617929 -0.619435 -0.301989 -0.724640
-0.455455 -28.601492 63.545868 25.098418 -0.051734 0.959056 -0.278452 -0.843682 0.107216 0.526027 -0.534344 -0.262138 -0.803592
0.791805 -1.613001 26.391943 -13.856721 0.066070 0.988842 -0.133515 0.060402 -0.137526 -0.988655 0.995985 -0.057256 0.068814
1.225843 -2.429248 17.796919 -45.623470 0.073201 0.997079 -0.021783 0.045105 -0.025129 -0.998666 0.996297 -0.072121 0.046812
1.217915 -2.065831 27.582812 4.059951 0.089586 0.965708 -0.243684 0.058294 -0.249332 -0.966662 0.994272 -0.072394 0.078632
1.594899 -2.573850 26.955309 -17.265606 0.102971 0.984547 -0.141650 0.054519 -0.147779 -0.987517 0.993189 -0.093963 0.068893
1.848829 -2.646162 28.406061 7.883991 0.121486 0.953885 -0.274491 0.080806 -0.285126 -0.955078 0.989299 -0.093848 0.111718
-0.732723 -123.718449 187.303841 4819.686715 0.997110 0.074369 -0.015514 -0.073014 0.881715 -0.466097 0.020985 -0.465883 -0.884597
0.512680 -40.692378 33.923911 651.253813 0.992628 -0.040208 0.114337 0.078971 0.930192 -0.358478 0.091942 -0.364865 -0.926510
0.718082 -45.185516 8.006647 799.730492 0.998496 -0.013064 0.053237 0.015928 0.998428 -0.053730 0.052452 -0.054497 -0.997135
1.117147 -37.227475 34.482917 -109.258216 0.992722 -0.098516 0.069268 0.068777 0.935925 0.345419 0.098859 0.338141 -0.935889
0.996165 -39.235682 -38.267677 -403.022081 0.996165 -0.081945 0.030659 0.071073 0.962269 0.262653 0.051025 0.259466 -0.964403
-1.351843 -8.487982 7.709563 130.644645 -0.367996 0.818116 0.441888 0.115325 0.511725 -0.851374 0.922648 0.262341 0.282662
-1.286831 -8.477487 -2.471848 134.938277 -0.390789 0.807912 0.441092 0.122411 0.520556 -0.845007 0.912304 0.276225 0.302325
-1.177489 -10.093857 3.404633 112.088371 -0.371381 0.829041 0.418051 0.271219 0.527480 -0.805112 0.887984 0.185620 0.420748
-1.335459 -9.571194 21.080200 98.892250 -0.356245 0.827096 0.434743 0.245066 0.531685 -0.810712 0.901683 0.182271 0.392104
-1.078311 -11.114209 2.397019 50.507092 -0.353642 0.850313 0.389750 0.460052 0.520910 -0.719031 0.814426 0.074974 0.575403
-1.265383 -10.070908 18.506788 -23.970651 -0.333124 0.852672 0.402466 0.444320 0.518442 -0.730614 0.831630 0.064561 0.551565
-0.041828 -21.822014 -0.511509 -233.476084 0.400609 0.915864 0.026551 0.347569 -0.125091 -0.929273 0.847767 -0.381503 0.368439
-0.392889 -21.784665 -9.660075 -239.665133 0.397896 0.916808 0.033799 0.420445 -0.149482 -0.894920 0.815417 -0.370296 0.444945
-0.119161 -18.770059 2.128568 -209.396518 0.380151 0.923285 0.055038 0.590572 -0.196504 -0.782694 0.711835 -0.330046 0.619968
-8.151401 -13.005931 -22.323631 327.122517 0.052474 0.842290 0.536465 -0.313931 0.523884 -0.791829 0.947994 0.126863 -0.291911
-4.565097 -12.807727 -173.325293 352.960339 0.147773 0.939823 0.308053 -0.415185 0.341647 -0.843148 0.897655 0.003305 -0.440686
-3.393264 -9.931491 -174.882451 269.394034 0.168122 0.956451 0.238614 -0.526116 0.291762 -0.798797 0.833629 -0.008756 -0.552256
-5.926401 -9.717097 81.382429 -12.342283 0.880158 -0.104401 0.463057 -0.452528 0.109984 0.884942 0.143318 0.988435 -0.049559
-4.763069 -9.750586 8.356430 -16.312697 0.864547 -0.155121 0.478013 -0.464960 0.114063 0.877953 0.190712 0.981289 -0.026488
0.087918 -7.304813 -32.464256 -2.683031 -0.153151 0.953108 -0.261018 -0.635414 0.107313 0.764678 -0.756831 -0.282966 -0.589183
0.522953 -7.248708 -32.000487 -15.021586 -0.148221 0.955843 -0.253760 -0.658727 0.095965 0.746237 -0.737637 -0.277766 -0.615416
0.713539 -7.155320 -5.715098 -15.294235 -0.139105 0.963557 -0.228491 -0.626564 0.093038 0.773797 -0.766856 -0.250803 -0.590787
0.500366 -6.628345 -0.420205 33.901747 -0.121319 0.960047 -0.252172 -0.410049 0.182886 0.893539 -0.903959 -0.211806 -0.371479
0.608735 -6.949374 -8.411827 8.152944 -0.129988 0.963832 -0.232663 -0.516098 0.134588 0.845889 -0.846609 -0.230032 -0.479937
-0.672364 -3.204071 -56.403745 53.935185 0.383072 0.913447 0.137366 -0.728039 0.390092 -0.563727 0.568520 -0.115940 -0.814459
0.402018 -2.666543 -89.284569 33.901129 0.448018 0.877187 0.172695 -0.707617 0.465984 -0.531166 0.546405 -0.115771 -0.829481
1.636803 -3.033762 -62.943715 21.052609 0.443203 0.871781 0.208732 -0.682714 0.479163 -0.551639 0.580925 -0.101984 -0.807543
-2.054599 -10.455241 8.699936 -353.406974 0.356565 0.931919 -0.066249 0.538184 -0.262844 -0.800794 0.763688 -0.249881 0.595265
-3.096522 -16.795332 -3.546781 -423.064344 0.362695 0.930822 -0.044972 0.324295 -0.171309 -0.930315 0.873662 -0.322837 0.363994
-3.553440 -18.453831 37.450067 -292.199789 0.285345 0.958419 0.003185 0.174597 -0.048714 -0.983434 0.942387 -0.281174 0.181238
-1.476866 -11.643141 -27.898324 -6.402506 0.084531 0.979845 -0.180991 0.996333 -0.085532 0.002283 -0.013243 -0.180520 -0.983482
-1.714092 -11.639222 -19.716333 -3.613292 0.098250 0.983649 -0.150936 0.991456 -0.109830 -0.070380 -0.085806 -0.142731 -0.986035
-2.032213 -11.693090 -13.759276 -34.161117 0.101211 0.985025 -0.139578 -0.960775 0.133188 0.243254 -0.258201 -0.109483 -0.959868
0.746720 -13.727269 15.242712 -109.259147 0.164977 0.984776 -0.054754 0.117472 -0.074738 -0.990260 0.979277 -0.156938 0.128013
0.269087 -11.698340 -1.745485 -164.981987 0.163710 0.986344 -0.018013 0.369375 -0.078218 -0.925983 0.914747 -0.144939 0.377136
0.257680 -13.766503 7.872646 -179.733792 0.157688 0.987404 -0.012968 0.251586 -0.052870 -0.966390 0.954903 -0.149125 0.256754
3.696746 -6.618234 -81.586222 5.156302 -0.074328 0.988359 -0.132750 -0.685985 0.045945 0.726164 -0.723810 -0.145039 -0.674584
3.011217 -6.733191 -61.760226 -0.337090 -0.082199 0.987487 -0.134584 -0.752843 0.026963 0.657647 -0.653047 -0.155379 -0.741206
1.949003 -6.698964 -44.482295 -11.306468 -0.130098 0.980260 -0.148880 -0.769300 -0.005070 0.638868 -0.625502 -0.197649 -0.754773
1.637463 -6.790772 -37.105638 -17.750080 -0.145733 0.976124 -0.161071 -0.711420 0.009739 0.702700 -0.687491 -0.216996 -0.693015
-1.310797 -9.056017 -67.127865 -269.884456 0.478418 0.872124 -0.102545 0.483411 -0.359056 -0.798369 0.733096 -0.332382 0.593373
0.605011 -12.688630 -22.108714 6.686274 -0.092655 0.994866 -0.040700 0.008198 0.041637 0.999099 -0.995665 -0.092238 0.012014
0.525066 -12.241900 -23.458375 81.497060 -0.102277 0.994560 -0.019737 0.270052 0.046856 0.961705 -0.957398 -0.093030 0.273375
0.079906 -12.210960 -27.754521 14.302049 -0.113037 0.993324 -0.023009 0.076788 0.031822 0.996539 -0.990619 -0.110879 0.079873
-0.142112 -15.589858 17.819511 -35.093288 0.060216 0.998014 -0.018519 0.972252 -0.054440 0.227515 -0.226055 0.031705 0.973598
-0.137266 -14.636913 -13.200152 42.157847 -0.092669 -0.995589 0.014691 0.995694 -0.092624 0.003748 -0.002371 0.014975 0.999885
-3.197639 -22.019282 -43.730173 -234.160463 -0.003865 -0.982513 -0.186154 0.991523 -0.027943 0.126894 -0.129876 -0.184085 0.974292
-2.656423 -23.794877 13.057231 -172.147063 0.012569 -0.969965 -0.242919 0.994743 0.036820 -0.095550 0.101625 -0.240441 0.965329
0.814824 -39.262316 -10.017282 -35.916945 -0.177300 0.886858 0.426669 0.577983 0.444728 -0.684217 0.796556 -0.125296 0.591439
1.364374 -66.541648 79.038927 2304.340623 -0.177426 0.888223 0.423769 0.786324 0.386881 -0.481682 0.591790 -0.247757 0.767073
1.242606 -44.041014 -93.768109 842.919337 -0.232940 0.848073 0.475931 0.767512 0.460862 -0.445569 0.597213 -0.261492 0.758260
1.081624 -38.697961 22.425824 8.574732 -0.192465 0.883616 0.426825 0.547822 0.457619 -0.700340 0.814155 -0.099033 0.572140
1.374118 -43.264482 -97.150081 -337.984604 -0.197441 0.893113 0.404185 0.536801 0.443492 -0.717746 0.820282 -0.075254 0.566987
-0.016290 -48.398636 -79.078544 -1258.221457 -0.172531 0.924132 0.340899 0.309159 0.379405 -0.872051 0.935229 0.045064 0.351163
0.509113 -43.918530 -40.230718 -1287.274534 -0.174335 0.911403 0.372762 0.364065 0.411394 -0.835591 0.914912 0.009963 0.403530
0.716952 -2.142850 -52.809463 -49.828780 0.037146 -0.530650 -0.846777 -0.231544 0.819731 -0.523859 0.972115 0.215525 -0.092419
1.323073 -2.051050 -121.021411 -12.882076 0.018825 -0.333863 -0.942433 -0.194741 0.923323 -0.330984 0.980674 0.189762 -0.047635
-3.100833 -7.765794 -4.187155 -24.946636 -0.252194 0.842397 0.476198 -0.016765 -0.495835 0.868255 -0.967531 -0.210985 -0.139169
-2.470925 -7.550879 -25.839233 -33.201598 -0.306060 0.829644 0.466924 -0.130646 -0.522422 0.842619 -0.943005 -0.196890 -0.268282
-2.713589 -8.159268 -31.570239 -29.650163 -0.312370 0.799932 0.512381 0.046868 -0.525736 0.849356 -0.948804 -0.289327 -0.126732
-2.770981 -7.261662 -4.945334 -26.685568 -0.240988 0.875118 0.419636 -0.161372 -0.462490 0.871815 -0.957018 -0.142379 -0.252674
-3.365948 -7.665160 14.256082 -7.911551 -0.190878 0.856182 0.480123 0.092818 -0.471182 0.877139 -0.977216 -0.211991 -0.010469
-2.976199 -7.246326 11.732991 -12.409439 -0.174241 0.908380 0.380112 -0.090441 -0.399148 0.912415 -0.980541 -0.124603 -0.151703
-0.501516 -14.531491 1.302529 -392.010244 0.130340 0.977605 -0.165227 0.023461 -0.169644 -0.985226 0.991192 -0.124539 0.045047
-0.605876 -18.667724 8.821808 -355.080882 0.128690 0.977330 -0.168123 -0.187279 -0.142531 -0.971911 0.973841 -0.156561 -0.164691
-0.596342 -18.883764 0.860464 -322.474027 0.132811 0.976662 -0.168799 -0.219573 -0.137084 -0.965917 0.966514 -0.165348 -0.196242
-7.599874 -160.470107 17.995628 -2210.694825 0.815052 -0.222594 -0.534923 0.010910 0.928988 -0.369949 0.579285 0.295692 0.759602
7.992213 -7.757132 294.991067 80.011914 -0.608318 -0.679421 -0.410288 0.788381 -0.576962 -0.213474 -0.091682 -0.453323 0.886619
10.900611 -7.513226 390.918627 47.562021 -0.691019 -0.598326 -0.405585 0.722359 -0.592003 -0.357393 -0.026270 -0.539943 0.841291
4.649348 -6.617292 517.042738 33.119254 -0.677255 -0.491851 -0.547182 0.706667 -0.641878 -0.297681 -0.204809 -0.588281 0.782290
-4.915405 -18.243508 -16.581194 -750.442259 -0.138837 0.984396 0.108120 0.489436 -0.026705 0.871630 -0.860916 -0.173932 0.478091
-1.587252 -2.902669 -52.525583 18.160182 0.210247 -0.321182 0.923384 0.318053 0.915587 0.246052 -0.924466 0.241953 0.294653
-0.753194 -2.967344 -34.982546 22.744285 0.243411 -0.172226 0.954510 0.263064 0.958944 0.105942 -0.933568 0.225310 0.278724
-1.109181 -3.384981 -58.230814 23.366524 0.233054 -0.227656 0.945441 0.237062 0.956182 0.171806 -0.943127 0.184088 0.276810
-0.060316 -3.548374 -36.471416 25.500010 0.256413 -0.112525 0.959995 0.180289 0.981338 0.066872 -0.949604 0.155929 0.271915
-2.269116 -3.268728 -59.289968 15.280821 0.175563 -0.481577 0.858639 0.329374 0.850656 0.409754 -0.927734 0.210875 0.307962
-2.198678 -3.691028 -69.668475 19.574644 0.208369 -0.407763 0.888995 0.246908 0.901436 0.355597 -0.946371 0.145404 0.288511
-0.678559 -3.900871 -56.509148 25.878612 0.235479 -0.205092 0.949993 0.155443 0.972845 0.171495 -0.959368 0.107287 0.260965
-1.099241 -4.302301 1.385568 -49.998624 -0.078492 0.970904 0.226241 0.372520 0.239067 -0.896703 0.924699 -0.013895 0.380446
-1.176495 -4.698115 -18.557794 -56.730038 -0.040642 0.978741 0.201035 0.334720 0.202913 -0.920211 0.941441 -0.029891 0.335851
3.599021 -14.659382 3.239374 -49.836478 0.240901 0.959715 -0.144618 0.459903 0.018337 0.887780 -0.854667 0.280377 0.436958
3.632664 -13.893595 7.164770 -84.819970 0.183070 0.974560 -0.129297 0.440335 0.036304 0.897099 -0.878971 0.221166 0.422486
3.831249 -13.314248 -18.671916 -177.226473 0.212563 0.963456 -0.163004 0.249781 0.107700 0.962294 -0.944683 0.245263 0.217760
3.415478 -14.498781 24.255783 56.761746 0.222238 0.966085 -0.131493 0.624700 -0.037546 0.779962 -0.748572 0.255481 0.611857
3.718258 -14.877474 -20.525547 -146.097531 0.269659 0.948937 -0.163713 0.302410 0.077958 0.949985 -0.914239 0.305680 0.265946
3.001791 -15.944013 -5.087376 -30.305933 0.290937 0.946384 -0.140400 0.529598 -0.037088 0.847438 -0.796794 0.320907 0.511994
3.158923 -15.201699 -0.980569 41.378728 0.267052 0.954624 -0.131816 0.624939 -0.067430 0.777756 -0.733576 0.290079 0.614589
8.463798 -84.939715 23.055310 -3813.159434 -0.923418 -0.349695 0.158156 -0.352618 0.935713 0.010113 -0.151525 -0.046430 -0.987362
10.495682 -111.629467 -371.263143 -5099.002868 0.928247 0.355976 -0.107882 -0.370885 0.907847 -0.195599 -0.028312 -0.221576 -0.974732
-2.617138 -54.704993 224.125936 -2277.846744 -0.986760 -0.111919 0.117381 -0.116863 0.992492 -0.036097 -0.112459 -0.049337 -0.992431
-2.446748 -43.441783 -305.751140 -1555.752548 -0.902265 -0.412846 0.124407 -0.393749 0.906481 0.152490 -0.175727 0.088601 -0.980444
-2.248156 -26.839454 19.796026 367.821384 -0.072784 0.987741 -0.138096 -0.061350 0.133766 0.989112 -0.995459 -0.080463 -0.050862
-2.657999 -27.234712 -24.873806 209.089776 -0.124251 0.973850 -0.190207 -0.220923 0.159729 0.962123 -0.967344 -0.161566 -0.195299
-3.102230 -27.927519 28.818424 119.331037 -0.068638 0.992600 -0.100175 -0.392053 0.065496 0.917608 -0.917379 -0.102256 -0.384656
-3.142028 -26.248502 -25.772533 -178.985227 -0.127083 0.977752 -0.166889 -0.539058 0.073157 0.839086 -0.832626 -0.196596 -0.517768
-2.780996 -26.392038 -42.822305 -33.799589 -0.144888 0.963719 -0.224173 -0.494123 0.125815 0.860240 -0.857234 -0.235407 -0.457966
-0.051952 -11.798657 -2.426301 110.515096 0.135378 0.985378 -0.103459 -0.850883 0.062128 -0.521668 0.507612 -0.158654 -0.846852
-0.230384 -9.502016 -11.109415 105.875737 0.127318 0.984811 -0.118057 -0.942207 0.082896 -0.324614 0.309897 -0.152563 -0.938450
-0.359187 -10.082206 -22.778646 107.067538 0.145228 0.983762 -0.105454 -0.923461 0.096519 -0.371353 0.355145 -0.151313 -0.922484
-1.631440 -22.206444 127.130556 49.764189 -0.113882 0.963129 -0.243748 -0.191880 0.219403 0.956580 -0.974789 -0.155708 -0.159819
-3.513467 -23.992811 215.791375 168.293660 -0.143988 0.961517 -0.233993 -0.421242 0.154410 0.893707 -0.895446 -0.227251 -0.382798
0.671300 -1.725720 19.290214 -56.008038 0.041706 0.995064 0.090045 0.056695 0.087622 -0.994539 0.997520 -0.046584 0.052761
0.473315 -0.964201 16.360871 -1.970679 0.066810 0.970780 -0.230481 0.058915 -0.234433 -0.970345 0.996025 -0.051250 0.072856
-3.581845 -5.959424 -1.321890 -20.893418 -0.193749 0.923782 -0.330285 0.381439 0.381109 0.842176 -0.903861 -0.037187 0.426206
-3.289330 -5.011372 28.317630 -2.055429 -0.220079 0.737016 -0.639040 0.243328 0.675871 0.695694 -0.944646 0.002388 0.328081
-3.327762 -5.564250 21.218473 10.857793 -0.262209 0.746419 -0.611642 0.199715 0.662070 0.722341 -0.944119 -0.067250 0.322672
-2.329535 -5.277917 -71.134928 32.889589 0.246406 -0.472043 0.846440 0.054671 0.878748 0.474145 -0.967624 -0.070556 0.242336
-3.460640 -6.223346 -2.633545 3.316370 -0.282728 0.858993 -0.426844 0.289073 0.500615 0.815979 -0.914605 -0.107312 0.389849
-2.762908 -5.977856 -46.627597 35.351021 0.285094 -0.641292 0.712366 0.058781 0.753508 0.654805 -0.956696 -0.144807 0.252516
3.938076 -54.636134 -25.221442 1932.186094 -0.201467 0.971145 0.127626 -0.892781 -0.128466 -0.431786 0.402931 0.200932 -0.892901
1.435353 -27.088308 61.599736 -843.880910 -0.136450 0.972869 0.186833 0.985046 0.113217 0.129874 0.105198 0.201760 -0.973769
5.133361 -50.881557 29.548733 1736.655335 -0.055846 0.983315 0.173130 -0.888300 0.030236 -0.458268 0.455856 0.179383 -0.871789
7.815475 -80.345001 -181.317048 2658.581778 -0.097751 0.987167 0.126274 -0.618967 0.039051 -0.784446 0.779310 0.154840 -0.607207
5.597495 -92.510159 21.551027 3536.779810 -0.322604 0.943729 0.072815 -0.595793 -0.142684 -0.790362 0.735498 0.298356 -0.608297
3.157308 -48.727696 -4.115074 1713.590463 -0.380888 0.922541 0.061990 -0.829926 -0.311554 -0.462772 0.407612 0.227711 -0.884308
0.292547 -23.339795 -40.196399 632.762231 -0.262549 0.961525 0.080859 -0.956753 -0.248533 -0.151178 0.125266 0.117054 -0.985194
-8.227778 -11.979560 415.736016 187.215294 0.619773 0.784646 0.014558 0.729150 -0.582600 0.359050 -0.290209 0.211915 0.933205
-5.563192 -7.269161 272.302337 135.575877 0.413063 0.910637 -0.010976 0.882622 -0.397327 0.251214 -0.224404 0.113455 0.967869
-0.342522 -11.119444 102.612066 162.354445 0.319997 0.947406 -0.004963 0.874048 -0.293190 0.387402 -0.365571 0.128306 0.921898
-2.053496 -22.886441 247.489479 782.341794 0.378700 0.923516 -0.060858 0.834619 -0.312348 0.453707 -0.399997 0.222612 0.889070
-14.904469 -21.618849 489.558990 760.598073 0.006065 0.966005 -0.258452 0.933315 0.087322 0.348280 -0.359009 0.243329 0.901057
-10.109006 -11.738031 93.217444 89.797292 -0.143081 0.912969 0.382121 -0.176724 0.356321 -0.917499 0.973805 0.198807 -0.110361
-7.580796 -10.894233 29.615296 93.167496 -0.300940 0.950484 -0.077557 -0.170613 -0.133677 -0.976228 0.938257 0.280554 -0.202393
-8.515750 -25.693640 220.431500 -1172.607171 0.214433 0.968405 0.127319 0.972615 -0.199741 -0.118841 -0.089655 0.149316 -0.984717
-0.207523 -6.895512 1.455841 24.203032 -0.136891 0.964259 -0.226862 -0.503227 0.129571 0.854385 -0.853243 -0.231120 -0.467504
-0.251345 -7.317292 -0.016092 22.071495 -0.133906 0.960553 -0.243736 -0.611547 0.113438 0.783034 -0.779795 -0.253909 -0.572233
-1.521842 -4.288412 7.658099 89.593705 0.216089 0.974703 0.057099 -0.765635 0.205449 -0.609585 0.605895 -0.088008 -0.790661
-1.786769 -5.104660 -31.088077 93.548354 0.261654 0.964569 0.033822 -0.718298 0.218016 -0.660695 0.644660 -0.148579 -0.749892
0.943780 -5.740211 -11.867485 15.635771 -0.062239 0.986932 -0.148629 0.995214 0.050129 -0.083885 -0.075338 -0.153139 -0.985329
0.879332 -5.791891 3.963513 10.795304 -0.103478 0.983439 -0.148796 0.983250 0.078576 -0.164452 -0.150037 -0.163321 -0.975097
-1.348864 -6.021087 18.996651 -167.904469 0.348504 0.934497 -0.072531 0.587023 -0.277935 -0.760366 0.730718 -0.222413 0.645432
-1.053557 -4.854223 5.342772 -62.087452 0.333430 0.940712 -0.062325 0.601750 -0.263245 -0.754055 0.725756 -0.213921 0.653847
-1.028427 -6.333487 -18.087247 -100.377007 0.254739 0.965993 0.044332 0.664481 -0.141553 -0.733776 0.702547 -0.216379 0.677944
-1.182002 -8.994384 -30.714815 -270.955202 0.207778 0.972390 0.106239 0.634900 -0.051441 -0.770880 0.744131 -0.227623 0.628058
-1.117900 -11.634074 -8.051013 76.668735 0.022213 0.979960 -0.197952 0.982141 -0.058392 -0.178858 -0.186833 -0.190444 -0.963756
-1.006746 -11.557049 -1.099805 1.524075 0.034324 0.979733 -0.197343 0.997728 -0.045045 -0.050092 -0.057966 -0.195176 -0.979054
-1.047399 -13.335673 -7.522942 -99.719778 0.076232 0.980446 -0.181423 0.994597 -0.061912 0.083334 0.070473 -0.186795 -0.979868
4.386860 -6.740538 -49.369366 14.859118 -0.004290 0.995891 -0.090457 -0.675464 0.063816 0.734626 -0.737381 -0.064252 -0.672415
4.039523 -6.436386 -14.393242 8.389453 0.003859 0.998277 -0.058551 -0.573211 0.050185 0.817869 -0.819399 -0.030406 -0.572417
3.987198 -6.147319 -52.422920 21.993551 -0.042185 0.993020 -0.110147 -0.506204 0.073805 0.859250 -0.861381 -0.092004 -0.499557
1.283169 -8.476796 -42.778689 13.126289 0.402232 0.910657 -0.094410 0.462877 -0.291245 -0.837210 0.789908 -0.293053 0.538670
1.419096 -9.871551 -82.586805 -187.953455 0.475013 0.872490 -0.114559 0.363337 -0.313029 -0.877496 0.801467 -0.375198 0.465701
1.682365 -9.827589 -40.824236 160.371612 0.351234 0.935645 -0.034691 0.575095 -0.244829 -0.780593 0.738851 -0.254220 0.624077
2.246469 -10.503934 -30.506390 81.192120 0.358308 0.930815 -0.072105 0.496941 -0.255534 -0.829308 0.790358 -0.261316 0.554120
2.395613 -10.695265 -11.576581 -98.728442 0.377846 0.920643 -0.098229 0.373640 -0.248693 -0.893614 0.847128 -0.300946 0.437956
-0.322618 -15.372355 23.989382 -112.620264 0.053677 0.998361 -0.019866 0.910989 -0.040813 0.410407 -0.408924 0.040127 0.911686
-0.859799 -16.791806 39.700349 -26.638857 0.093026 0.995463 -0.019975 0.982774 -0.088586 0.162194 -0.159688 0.034719 0.986557
-2.462039 -23.000535 125.693775 -164.632780 0.066769 0.990670 0.118803 0.977163 -0.088999 0.192956 -0.201729 -0.103206 0.973989
-2.481826 -23.640675 126.931277 87.637263 0.071151 0.989712 0.124127 0.896408 -0.118025 0.427226 -0.437481 -0.080871 0.895584
2.035815 -6.718831 149.805611 -0.392691 0.083908 0.970983 0.223946 -0.914967 -0.013947 0.403288 -0.394709 0.238742 -0.887247
3.405026 -7.076694 38.827122 3.982552 0.079344 0.987987 0.132612 -0.933514 0.026981 0.357525 -0.349652 0.152162 -0.924440
3.237512 -7.064828 -56.425011 -14.845729 0.043759 0.998506 0.032721 -0.908020 0.026092 0.418113 -0.416635 0.048007 -0.907805
3.163702 -7.149932 -55.680099 -4.963834 0.056682 0.998056 0.025910 -0.840501 0.033696 0.540760 -0.538836 0.052429 -0.840777
0.621047 -52.787269 41.548904 1250.415673 0.248787 -0.851181 -0.462164 0.918165 0.359172 -0.167241 0.308348 -0.382736 0.870881
0.447168 -74.475663 -35.364221 2431.747967 0.221456 -0.868484 -0.443500 0.941340 0.309139 -0.135325 0.254631 -0.387516 0.885999
-1.134104 -144.268831 121.299883 7453.023250 -0.201154 0.862730 0.463933 0.738192 0.444834 -0.507144 0.643902 -0.240458 0.726341
-8.717965 -143.094144 262.545656 6811.665798 -0.591998 0.783063 0.190660 -0.508377 -0.179259 -0.842270 0.625373 0.595549 -0.504212
-5.176681 -34.046703 205.094701 1296.102693 -0.683501 0.729516 -0.025147 -0.546079 -0.533888 -0.645571 0.484380 0.427516 -0.763286
-2.326264 -6.676178 0.684228 -39.701437 -0.235297 0.888816 0.393244 -0.299295 -0.451204 0.840736 -0.924693 -0.080127 -0.372185
-2.207107 -6.893155 -15.178367 -36.936624 -0.320248 0.825925 0.463993 -0.256301 -0.547061 0.796890 -0.912004 -0.136281 -0.386881
-0.491235 -14.510421 -2.590625 -360.567410 0.140394 0.978543 -0.150809 0.045247 -0.158500 -0.986322 0.989061 -0.131650 0.066529
-5.311830 -9.690688 51.347567 11.494354 0.876509 -0.117754 0.466760 -0.473865 -0.040350 0.879672 0.084751 0.992223 0.091166
-6.176814 -9.645954 100.365799 23.848858 0.895387 -0.068057 0.440056 -0.444538 -0.079300 0.892243 0.025827 0.994525 0.101258
1.586867 -22.189347 17.789152 -811.100606 0.844138 -0.421261 -0.331616 0.471867 0.290158 0.832556 0.254503 0.859271 -0.443713
