19152
38287
-6.370600 -8.455685 112.389971 134.188238 -0.044162 0.990269 -0.131972 -0.808138 -0.113074 -0.578037 0.587335 -0.081125 -0.805268
-5.800812 -10.130785 51.412040 112.363495 -0.082607 0.988305 -0.128177 -0.723527 -0.147923 -0.674261 0.685335 -0.037041 -0.727285
-8.760294 -11.648307 130.721894 259.589897 0.327451 0.917680 0.225033 -0.645241 0.391162 -0.656243 0.690246 -0.069687 -0.720212
-5.247998 -9.208107 -24.987728 81.057284 -0.244406 0.944308 -0.220335 -0.708403 -0.329043 -0.624416 0.662141 -0.003475 -0.749371
-7.474259 -13.770505 -48.284545 509.262389 0.580941 0.744028 0.330045 -0.548382 0.657423 -0.516790 0.601486 -0.119234 -0.789936
-4.956140 -8.064442 -99.844492 257.785097 0.412274 0.908001 0.074599 -0.776806 0.393124 -0.491961 0.476027 -0.144873 -0.867415
-4.595564 -6.828601 60.050951 114.779786 -0.456051 0.813934 -0.359901 -0.744799 -0.570421 -0.346257 0.487126 -0.110143 -0.866359
-4.770579 -7.836332 -5.185752 79.304494 -0.424340 0.842732 -0.331270 -0.707355 -0.536903 -0.459765 0.565318 -0.039229 -0.823940
3.798041 -1.460802 -143.489915 -223.752969 0.189205 0.906062 -0.378489 -0.872722 0.331835 0.358109 -0.450065 -0.262560 -0.853524
4.809922 -5.204248 10.355492 -92.814916 0.080785 0.967060 -0.241387 -0.871698 0.185986 0.453379 -0.483340 -0.173791 -0.858009
3.743996 -5.175928 -107.071127 -114.055771 -0.039032 0.958942 -0.280905 -0.860340 0.110729 0.497548 -0.508224 -0.261094 -0.820694
1.451708 -0.642589 -207.383930 -291.447204 0.007588 0.920060 -0.391704 -0.891640 0.183552 0.413867 -0.452681 -0.346119 -0.821755
5.926560 -1.158270 -448.170134 -42.744238 -0.810108 -0.328918 0.485323 -0.444344 0.884489 -0.142259 -0.382472 -0.330896 -0.862684
0.794115 -30.166197 -544.695317 -2171.102968 -0.330949 0.791846 -0.513276 0.747604 -0.111889 -0.654652 -0.575814 -0.600383 -0.554958
1.189476 -8.892095 -238.166675 -44.354914 -0.045055 0.863721 -0.501953 0.962507 -0.097008 -0.253318 -0.267490 -0.494546 -0.826966
3.986461 -8.669936 -225.812985 394.358666 0.157572 0.855386 -0.493443 -0.880292 0.348109 0.322345 -0.447501 -0.383581 -0.807842
2.918322 -10.600894 -237.302901 476.302378 0.162728 0.850576 -0.500040 -0.862440 0.368802 0.346674 -0.479289 -0.374841 -0.793585
-0.160064 -2.333620 30.133368 1.816110 -0.145880 0.885776 0.440590 -0.605608 0.272202 -0.747760 0.782277 0.375908 -0.496724
0.128234 -2.513470 16.119208 33.923001 -0.093607 0.864188 0.494385 -0.598489 0.347990 -0.721605 0.795644 0.363431 -0.484633
-0.266527 -2.476372 22.511240 31.857441 -0.141232 0.886490 0.440668 -0.593658 0.280375 -0.754295 0.792227 0.368137 -0.486674
-0.535924 -2.383885 24.151855 -18.077845 -0.210652 0.911930 0.352150 -0.590769 0.168254 -0.789102 0.778857 0.374265 -0.503297
-1.088516 -6.699142 10.127274 101.156107 -0.165634 0.971456 0.169821 -0.909299 -0.217099 0.355025 -0.381759 0.095614 -0.919303
-0.538190 -5.494205 3.547216 -9.023050 -0.192122 0.964888 0.179111 -0.884645 -0.249288 0.394030 -0.424845 0.082748 -0.901476
-0.598765 -5.919924 -39.303455 24.983212 -0.260670 0.947379 0.185809 -0.876077 -0.312988 0.366781 -0.405637 0.067174 -0.911563
-1.190475 -7.346775 -10.026552 102.931221 -0.248088 0.946810 0.204949 -0.908171 -0.300945 0.290960 -0.337163 0.113945 -0.934525
-0.962475 -7.031103 -61.494291 38.597933 -0.285689 0.936046 0.205428 -0.898728 -0.336108 0.281637 -0.332671 0.104163 -0.937273
-3.485032 -7.714067 41.628611 -12.410925 -0.006192 0.671745 0.740756 0.575617 -0.603342 0.551945 -0.817696 -0.429810 0.382932
-4.140725 -8.412204 32.233478 -27.460133 -0.133069 0.673906 0.726735 0.534822 -0.568508 0.625111 -0.834421 -0.471857 0.284769
-3.556702 -8.575454 58.186196 -16.586649 -0.041124 0.648831 0.759821 0.664982 -0.549804 0.505484 -0.745726 -0.526055 0.408851
-2.267865 -8.265184 67.849349 -30.235368 0.047625 0.573760 0.817638 0.744710 -0.565923 0.353748 -0.665686 -0.592056 0.454237
-2.618816 -8.104937 52.897717 58.645922 0.085541 0.571949 0.815816 -0.653340 0.650395 -0.387471 -0.752217 -0.499860 0.429313
-3.177941 -8.190367 8.165878 34.089069 -0.145201 0.640391 0.754199 0.745898 -0.429968 0.508688 -0.650040 -0.636418 0.415235
0.444660 -5.843330 -22.087023 -28.731686 -0.097265 0.991084 -0.091057 -0.973447 -0.075685 0.216040 -0.207222 -0.109652 -0.972129
0.377112 -5.766193 -22.343245 -2.697080 -0.131020 0.987387 -0.088890 -0.949057 -0.099003 0.299147 -0.286574 -0.123556 -0.950058
0.599650 -5.543676 6.090648 -37.716909 -0.084752 0.992435 -0.088820 -0.983441 -0.068985 0.167587 -0.160192 -0.101552 -0.981848
0.383958 -5.666052 -7.609432 -36.524440 -0.072194 0.992993 -0.093558 -0.986995 -0.057619 0.150068 -0.143626 -0.103175 -0.984239
0.216445 -11.220765 -14.013280 53.910106 -0.291166 0.949269 0.118790 0.246857 -0.045414 0.967987 -0.924275 -0.311169 0.221111
0.555632 -11.031962 -17.503410 120.837471 -0.296116 0.947996 0.116700 0.416239 0.018107 0.909075 -0.859686 -0.317767 0.399955
0.368129 -10.953607 -8.805124 90.363267 -0.285390 0.948751 0.135739 0.406212 -0.008539 0.913739 -0.868069 -0.315911 0.382957
-0.044203 -10.968147 12.580243 40.139105 -0.264610 0.955338 0.131569 0.252829 -0.062934 0.965462 -0.930623 -0.288736 0.224884
-0.244106 -19.155619 -130.537027 429.968358 0.513733 0.852577 -0.095868 -0.789212 0.425789 -0.442548 0.336487 -0.303012 -0.891605
-1.428952 -18.634027 -100.206719 553.010433 0.472106 0.878699 -0.070733 -0.843785 0.427197 -0.324852 0.255231 -0.213048 -0.943116
-2.011555 -21.492242 -74.740066 271.838092 0.464432 0.884247 -0.049101 -0.706529 0.336520 -0.622553 0.533967 -0.323824 -0.781036
-1.090908 -21.841915 -79.726301 264.105713 0.491300 0.868670 -0.063531 -0.665106 0.327072 -0.671311 0.562368 -0.372069 -0.738448
-2.577814 -24.313801 -43.738153 -39.501166 0.439604 0.896892 -0.048295 -0.499913 0.199648 -0.842750 0.746214 -0.394620 -0.536134
-3.496432 -24.293964 -97.866057 62.937267 0.439122 0.896225 -0.062868 -0.571140 0.224454 -0.789569 0.693521 -0.382624 -0.610433
-0.062818 -20.176660 46.756378 121.512217 0.161256 0.971302 -0.174837 -0.880585 0.061618 -0.469864 0.445607 -0.229727 -0.865251
-0.137099 -19.876178 -18.778698 -303.409960 0.162106 0.963828 -0.211559 0.957704 -0.102017 0.269063 0.237748 -0.246228 -0.939600
-0.340350 -22.519017 -59.493520 152.385191 0.202987 0.956549 -0.209307 -0.817602 0.047949 -0.573784 0.538817 -0.287601 -0.791810
0.034291 -22.323374 46.901669 241.731864 0.165661 0.971739 -0.168167 -0.777197 0.023674 -0.628812 0.607060 -0.234869 -0.759154
-0.597114 -19.205674 -55.179807 2.251487 0.205779 0.959469 -0.192548 -0.839014 0.071705 -0.539364 0.503696 -0.272541 -0.819763
-0.288255 -21.448985 -63.282058 145.577127 0.220489 0.953119 -0.207241 -0.728629 0.019696 -0.684625 0.648448 -0.301954 -0.698813
1.746178 -11.976247 -9.753831 152.947794 -0.221505 0.972392 0.073413 0.267377 -0.011836 0.963519 -0.937787 -0.233054 0.257373
1.505660 -11.362918 9.733133 194.535097 -0.242047 0.968020 0.065955 0.332724 0.018957 0.942834 -0.911432 -0.250154 0.326672
1.388432 -12.249861 -28.980710 81.805349 -0.268541 0.960828 0.068527 0.170828 -0.022509 0.985044 -0.948000 -0.276231 0.158092
1.881331 -12.791352 -11.036005 -38.088826 -0.222496 0.972986 0.061587 0.007995 -0.061348 0.998084 -0.974901 -0.222562 -0.005870
1.165478 -11.766597 -56.051760 116.295625 -0.302979 0.949548 0.081013 0.252365 -0.002032 0.967630 -0.918975 -0.313616 0.239017
0.891841 -12.346623 -52.586091 -46.668346 -0.302763 0.951088 0.061364 0.030693 -0.054622 0.998035 -0.952571 -0.304052 0.012654
1.335049 -12.654635 -46.655118 -84.745719 -0.280649 0.958484 0.050447 -0.042596 -0.064946 0.996979 -0.958865 -0.277653 -0.059055
3.942346 -8.341131 -14.488793 38.227158 -0.491942 0.823253 0.283280 0.364014 -0.101079 0.925893 -0.790878 -0.558603 0.249951
4.889355 -8.670941 68.542396 221.230064 -0.454749 0.849894 0.266240 0.501967 -0.002351 0.864884 -0.735685 -0.526949 0.425550
3.938805 -9.045160 -81.181233 198.282072 -0.520471 0.784969 0.336057 0.493270 -0.044851 0.868719 -0.696990 -0.617910 0.363858
1.634989 -2.246971 -107.717618 -16.584566 0.520540 0.444594 0.728954 0.713674 -0.695227 -0.085605 0.468729 0.564797 -0.679189
2.629914 -2.272202 -131.619828 -4.848053 0.554418 0.410667 0.723860 0.697029 -0.704361 -0.134263 0.454721 0.578989 -0.676757
2.034975 -2.299257 -31.006530 -14.814883 0.401907 0.546970 0.734367 0.800736 -0.598966 0.007892 0.444177 0.584862 -0.678707
2.967214 -2.517077 -118.733173 12.981332 0.597544 0.321882 0.734393 0.634400 -0.749921 -0.187496 0.490385 0.577936 -0.652313
1.735067 -2.275433 -122.415716 11.641840 0.606397 0.329238 0.723799 0.613670 -0.772620 -0.162686 0.505659 0.542826 -0.670558
2.371840 -8.860938 20.300221 -35.913675 0.403830 0.910264 -0.091327 0.355433 -0.248099 -0.901174 0.842964 -0.331461 0.423727
1.742749 -8.556125 -23.799605 30.016821 0.412946 0.907834 -0.072889 0.418490 -0.260221 -0.870145 0.808914 -0.328820 0.487376
1.987833 -9.019402 -13.497079 106.572732 0.388988 0.919588 -0.055192 0.462327 -0.246683 -0.851705 0.796833 -0.305786 0.521107
1.922716 -9.569519 -6.248235 -150.303395 0.450961 0.886945 -0.099810 0.318860 -0.264541 -0.910135 0.833644 -0.378610 0.402109
2.487190 -10.999607 20.357344 -187.454803 0.398765 0.911755 -0.098430 0.263510 -0.216727 -0.939996 0.878379 -0.348900 0.326680
2619.155175 -70.185362 146173.222840 -3275.527911 -0.163509 0.942233 0.292338 0.820764 0.294335 -0.489606 0.547368 -0.159886 0.821477
39.917795 -6.490833 2127.706174 -48.727398 -0.098115 0.942688 0.318925 0.765591 0.276243 -0.580999 0.635801 -0.187161 0.748817
59.499328 -6.524941 3063.242340 -140.845960 -0.122748 0.926311 0.356204 0.756717 0.319580 -0.570306 0.642116 -0.199541 0.740183
181.757939 -29.750089 -12115.620739 1507.055284 0.385772 -0.677414 -0.626331 0.578055 0.706577 -0.408168 0.719050 -0.204594 0.664160
158.280226 -5.535722 9225.926058 182.349514 -0.241447 0.799078 0.550616 0.703569 0.534933 -0.467801 0.668352 -0.274447 0.691364
69.544230 -8.590289 3381.709889 -231.786876 0.110080 0.834571 0.539790 0.843029 0.209278 -0.495485 0.526483 -0.509602 0.680530
0.644444 -38.047107 77.299950 -655.827890 -0.239184 0.897009 0.371707 0.941330 0.308090 -0.137765 -0.238096 0.316947 -0.918071
3.098124 -40.534837 123.937162 698.444827 -0.207891 0.898470 0.386695 0.949711 0.090765 0.299685 0.234160 0.429550 -0.872156
1.105902 -37.565900 83.432037 262.551399 -0.269871 0.877059 0.397414 0.960753 0.217743 0.171876 0.064211 0.428201 -0.901400
-1.141422 -32.160336 7.726519 -270.178446 0.323082 -0.810265 -0.488966 0.905834 0.115170 0.407676 -0.274011 -0.574635 0.771176
-0.640394 -31.257872 -23.092588 93.760693 0.301178 -0.821982 -0.483361 0.952814 0.279571 0.118265 0.037922 -0.496172 0.867396
-0.897922 -31.510656 29.386941 163.038029 0.290295 -0.810824 -0.508225 0.947695 0.317229 0.035210 0.132675 -0.491864 0.860504
-1.029703 -29.010849 20.464789 -8.295662 0.292811 -0.818385 -0.494477 0.954466 0.219304 0.202241 -0.057070 -0.531180 0.845335
2.450825 -2.204372 4.875578 83.616254 -0.023711 0.999202 0.032147 -0.623892 0.010336 -0.781442 0.781151 0.038585 -0.623149
2.284208 -1.352190 10.792033 49.639045 0.050581 0.992597 0.110424 -0.636971 0.117222 -0.761923 0.769226 0.031798 -0.638185
2.537778 -2.420194 1.911072 59.342406 0.045415 0.997456 0.054951 -0.624586 0.071282 -0.777696 0.779635 -0.000997 -0.626234
2.540450 -3.286814 -0.430608 83.318231 -0.013197 0.999838 0.012262 -0.604534 0.001790 -0.796578 0.796470 0.017925 -0.604412
1.994151 -2.989573 38.598231 101.608198 -0.089286 0.995931 0.012251 -0.605814 -0.044540 -0.794359 0.790580 0.078347 -0.607326
-2.056239 -27.120092 -24.540361 -226.940144 -0.181615 0.982282 0.046245 0.819496 0.125189 0.559244 -0.543546 -0.139464 0.827712
-2.889630 -26.041161 -40.775392 92.866272 -0.189916 0.979506 0.067075 0.938283 0.160960 0.306132 -0.289062 -0.121075 0.949623
-2.665008 -26.783566 -17.079461 139.335461 -0.215585 0.976483 0.001817 0.933076 0.205452 0.295225 -0.287909 -0.065341 0.955426
-2.537283 -25.324482 -109.221260 1678.019588 0.051143 -0.987439 -0.149498 0.994002 0.064819 -0.088086 0.096670 -0.144096 0.984831
-5.584094 -10.900013 -193.248765 687.797528 0.220729 -0.958272 -0.181641 0.968666 0.237127 -0.073877 0.113866 -0.159643 0.980586
-1.296824 -47.839738 -387.299474 2909.212529 0.194777 -0.980346 -0.031352 0.980820 0.194431 0.013771 -0.007404 -0.033433 0.999414
-1.693080 -52.232294 266.763854 3207.731164 -0.100112 0.993714 0.050104 0.984679 0.091725 0.148300 -0.142772 -0.064183 0.987672
6.594192 -234.037914 3.481789 14162.590560 -0.292746 0.954528 -0.056363 0.881783 0.292294 0.370167 -0.369809 -0.058665 0.927254
5.438169 -41.294180 -257.469901 1955.701219 0.327393 -0.936035 -0.129045 0.943839 0.317529 0.091347 -0.044529 -0.151704 0.987422
-6.472390 -117.145591 366.734245 -3673.493206 0.754926 -0.651576 -0.074402 0.215125 0.138867 0.966663 0.619522 0.745764 -0.245005
0.926161 -447.983513 -595.358963 -28018.330750 0.693593 -0.700140 -0.169508 0.426459 0.209436 0.879926 0.580570 0.682598 -0.443844
-9.537079 -174.642013 1194.412570 -1269.422399 0.870898 -0.425666 0.245652 0.165070 0.724152 0.669593 0.462913 0.542598 -0.700928
-12.197344 -123.336256 -149.757324 -5550.706245 0.774583 -0.602114 -0.193596 0.363097 0.172710 0.915605 0.517862 0.779506 -0.352404
1.851583 -6.124162 -85.979518 26.356261 -0.124220 0.978921 -0.162121 -0.379844 0.104027 0.919183 -0.916672 -0.175762 -0.358915
1.397945 -6.020056 -74.835198 19.406954 -0.127120 0.974408 -0.185390 -0.326242 0.135433 0.935534 -0.936700 -0.179407 -0.300677
1.119974 -6.552222 -41.257237 13.791651 -0.133049 0.980267 -0.146197 -0.407819 0.080294 0.909525 -0.903317 -0.180634 -0.389089
1.424829 -6.610207 -65.393835 20.216827 -0.143549 0.980864 -0.131527 -0.479391 0.047350 0.876323 -0.865782 -0.188848 -0.463420
-0.750895 -3.703473 57.635785 1.801764 0.449315 -0.489649 0.747235 0.301323 0.870469 0.389215 -0.841024 0.050279 0.538657
-1.687636 -4.706864 -87.410115 50.925686 -0.349889 0.724084 -0.594374 0.369772 0.689709 0.622551 -0.860724 0.001959 0.509068
-0.762376 -4.060348 27.783513 41.874144 0.366219 -0.692979 0.621018 0.346898 0.720945 0.599917 -0.863450 -0.004271 0.504416
0.135011 -2.344072 61.910879 62.619131 0.318141 0.946899 -0.046574 0.270592 -0.043612 0.961706 -0.908607 0.318561 0.270098
-0.017223 -3.291037 68.464330 80.111216 0.303599 0.947212 -0.103040 0.255812 0.023140 0.966450 -0.917817 0.319772 0.235283
-0.763484 -2.671541 47.379253 69.731845 0.309859 0.949670 -0.045981 0.268551 -0.041026 0.962392 -0.912068 0.310554 0.267747
-1.113145 -2.170748 42.376376 58.382236 0.334046 0.939988 0.069547 0.252267 -0.160254 0.954296 -0.908171 0.301234 0.290660
-0.696223 -1.752513 44.434475 41.175393 0.351074 0.930611 0.103487 0.240745 -0.196519 0.950485 -0.904869 0.308777 0.293033
-1.540120 -2.738696 33.838811 67.096267 0.285699 0.956987 -0.050523 0.278569 -0.032489 0.959866 -0.916938 0.288307 0.275869
0.265615 -7.219222 -30.661889 16.983766 -0.246926 0.967037 -0.062178 -0.546857 -0.086090 0.832788 -0.799984 -0.239640 -0.550089
-0.106139 -6.515358 -7.624254 -31.099158 -0.235532 0.970717 -0.047259 -0.636794 -0.117410 0.762042 -0.734178 -0.209580 -0.645801
0.146349 -6.536256 -18.227232 -27.062276 -0.232848 0.970465 -0.063078 -0.649272 -0.106838 0.753015 -0.724036 -0.216293 -0.654973
2.640119 -15.495081 28.703772 -371.524978 0.271295 0.962159 -0.025491 0.128065 -0.062333 -0.989805 0.953939 -0.265264 0.140129
2.714170 -13.159316 16.526200 -279.915908 0.306495 0.950240 -0.055713 0.267906 -0.142280 -0.952881 0.913393 -0.277127 0.298183
2.658643 -11.691341 24.002972 -264.252596 0.276453 0.958959 -0.063022 0.285031 -0.144444 -0.947572 0.917786 -0.243996 0.313265
1.902157 -5.587309 -10.396452 13.829506 0.065826 0.995691 -0.065315 -0.450620 -0.028739 -0.892253 0.890286 -0.088166 -0.446787
1.565968 -5.388197 3.348508 0.131163 0.060949 0.992232 -0.108449 -0.445139 -0.070228 -0.892704 0.893385 -0.102685 -0.437400
1.515522 -5.376405 -11.369138 -20.269705 0.082251 0.995163 -0.053717 -0.367032 -0.019864 -0.929996 0.926565 -0.096209 -0.363623
2.022247 -5.742424 -35.932318 33.470331 0.056244 0.997443 -0.044095 -0.455928 -0.013633 -0.889913 0.888238 -0.070157 -0.453995
2.285900 -5.146582 -22.512194 48.084252 0.049692 0.997257 -0.054859 -0.519207 -0.021129 -0.854387 0.853202 -0.070939 -0.516733
1.841750 -5.833030 -10.258523 2.697171 0.066418 0.997347 -0.029778 -0.378815 -0.002405 -0.925469 0.923086 -0.072748 -0.377651
3.263148 -35.475776 -15.533528 -1471.145722 0.066632 0.988644 -0.134699 -0.357395 0.149690 0.921879 -0.931573 0.013286 -0.363311
2.882217 -75.391844 -152.090786 -4297.977300 -0.011269 0.997208 -0.073814 -0.285791 0.067528 0.955910 -0.958226 -0.031867 -0.284232
3.505303 -27.736023 -116.017909 -814.076538 -0.038653 0.989866 -0.136641 -0.327018 0.116682 0.937787 -0.944227 -0.080933 -0.319194
2.507775 -19.085925 29.811696 695.619227 0.031080 0.998295 -0.049416 -0.365510 0.057367 0.929038 -0.930288 0.010812 -0.366670
3.085461 -18.360072 50.058500 -325.421474 0.106559 0.991353 -0.076577 -0.314381 0.106656 0.943286 -0.943297 0.076441 -0.323028
2.931389 -66.925407 -10.178649 -4142.578288 0.177494 0.977079 -0.117527 -0.383803 0.178694 0.905960 -0.906196 0.115695 -0.406723
2.194533 -8.427422 46.836166 -428.776709 0.793697 -0.439766 -0.420299 0.565314 0.278074 0.776592 0.224645 0.853979 -0.469312
2.003348 -7.938313 15.999127 -417.168967 0.809009 -0.399822 -0.430866 0.549428 0.253881 0.796036 0.208885 0.880731 -0.425065
2.650232 -4.043160 -29.088026 -109.248126 -0.675105 0.439249 0.592700 0.716939 0.201285 0.667445 0.173873 0.875525 -0.450803
2.576519 -5.530076 -71.292992 -159.134954 -0.676633 0.486611 0.552609 0.713812 0.249355 0.654442 0.180663 0.837276 -0.516071
-1.109864 -6.812344 -48.522951 219.015592 0.726540 0.649396 -0.224555 -0.651946 0.754720 0.073246 0.217042 0.093181 0.971705
0.679870 -5.382181 -31.228734 -5.346468 0.444528 0.885804 -0.133217 0.877574 -0.460476 -0.133510 0.179607 0.057559 0.982053
0.041713 -6.201940 129.772139 27.945979 0.533014 0.819138 -0.211917 0.823680 -0.559631 -0.091462 0.193516 0.125801 0.972998
-1.964306 -6.010378 -35.129618 -15.322847 0.417793 0.897990 -0.138065 0.878327 -0.438072 -0.191399 0.232356 0.041301 0.971753
-2.886990 -9.188159 -146.825909 462.579860 0.880784 0.390363 -0.268023 -0.385820 0.919782 0.071727 0.274523 0.040233 0.960739
-0.724141 -10.171049 0.784491 -39.030285 -0.024556 0.998601 0.046830 -0.067490 0.045081 -0.996701 0.997418 0.027636 -0.066289
-0.677040 -10.190108 7.214556 -72.583878 -0.037882 0.997643 0.057207 -0.087190 0.053730 -0.994742 0.995471 0.042671 -0.084950
-0.437704 -9.035244 4.895699 12.206921 -0.034785 0.993207 0.111043 -0.043915 0.109484 -0.993018 0.998430 0.039419 -0.039808
-0.411929 -9.336314 -10.437401 38.601306 -0.012776 0.998640 0.050543 -0.008783 0.050433 -0.998689 0.999880 0.013203 -0.008126
-0.101972 -8.424135 71.024513 206.050632 -0.320546 0.941674 0.102469 -0.931745 -0.293972 -0.213147 0.170592 0.163798 -0.971632
-0.302862 -7.403443 52.603913 -67.600053 -0.300293 0.948668 0.099262 0.944023 0.280690 0.173301 0.136544 0.145747 -0.979854
-0.166039 -8.491599 70.902909 221.415437 -0.346152 0.933661 0.091957 -0.920220 -0.318804 -0.227065 0.182686 0.163220 -0.969528
-3.918885 -9.061086 -112.895826 130.675299 0.247899 0.895666 0.369226 0.673240 0.114786 -0.730460 0.696630 -0.429658 0.574544
-3.889629 -11.617865 -118.865666 -386.991304 0.498029 0.866976 0.017871 0.490993 -0.264941 -0.829899 0.714768 -0.422089 0.557627
-3.978091 -7.275780 -163.705294 -82.740740 0.400203 0.910777 0.101598 0.553716 -0.151978 -0.818719 0.730230 -0.383911 0.565134
-3.516144 -8.217509 -72.160882 197.252658 0.085604 0.885961 0.455790 0.702432 0.270765 -0.658237 0.706584 -0.376509 0.599149
-3.408699 -8.433089 -2.469696 89.226959 0.067114 0.997651 -0.013707 0.792021 -0.044916 0.608840 -0.606794 0.051718 0.793175
-2.965369 -8.540868 -39.919181 94.407993 0.027977 0.999088 0.032254 0.785591 -0.041928 0.617324 -0.618113 -0.008067 0.786048
-3.280817 -7.053566 1.827714 117.047782 0.037066 0.999312 -0.001540 0.848556 -0.030660 0.528216 -0.527805 0.020886 0.849108
-3.276808 -6.862195 10.021281 118.867213 0.061562 0.996896 -0.049070 0.851207 -0.026765 0.524147 -0.521207 0.074037 0.850213
-3.604539 -8.463769 -20.656640 91.502717 0.116005 0.992790 -0.030192 0.781003 -0.072394 0.620318 -0.613659 0.095540 0.783769
-1.177453 -6.886339 169.536400 15.326387 0.110215 0.971363 -0.210493 0.955739 -0.161706 -0.245795 0.272794 0.174086 0.946191
0.722652 -6.612772 147.189668 16.675037 0.114410 0.971729 -0.206528 0.926865 -0.179232 -0.329844 0.357535 0.153686 0.921167
0.674368 -6.921171 185.231864 1.361501 0.110597 0.968923 -0.221261 0.965334 -0.157686 -0.208005 0.236430 0.190586 0.952774
2.856783 -6.707139 113.414784 3.352437 0.116666 0.978720 -0.168808 0.950704 -0.159223 -0.266101 0.287316 0.129441 0.949049
-1.078422 -7.057286 -195.412633 9.356966 -0.092615 -0.971055 0.220169 0.980221 -0.127759 -0.151145 0.174899 0.201816 0.963681
2.343269 -6.926530 -175.416212 -0.056334 -0.108627 -0.974545 0.196119 0.978598 -0.139519 -0.151262 0.174774 0.175491 0.968843
0.483113 -7.083270 -215.337325 8.746751 -0.094545 -0.969462 0.226284 0.987684 -0.119810 -0.100629 0.124667 0.213983 0.968849
-0.889104 -6.395114 -53.991300 48.376660 -0.132007 -0.442854 0.886823 0.834234 0.433571 0.340692 -0.535377 0.784791 0.312210
-1.200396 -6.465513 -26.411089 18.218477 -0.086755 -0.440154 0.893721 0.776740 0.531862 0.337339 -0.623818 0.723455 0.295744
-1.351566 -6.578043 -26.114332 37.325250 -0.105783 -0.461304 0.880914 0.824962 0.453907 0.336759 -0.555201 0.762343 0.332543
-1.159856 -6.715547 -65.746659 6.575401 -0.127672 -0.451798 0.882937 0.867716 0.380296 0.320068 -0.480384 0.807002 0.343479
-1.010148 -8.103369 6.028793 26.710587 0.137691 0.982384 -0.126348 0.980502 -0.117134 0.157784 0.140205 -0.145610 -0.979357
-0.868755 -7.837885 -15.115828 -50.613825 0.134355 0.982299 -0.130525 -0.955321 0.093403 -0.280425 0.263269 -0.162370 -0.950960
-0.836771 -7.467806 38.499485 -52.562703 0.093557 0.987383 -0.127756 -0.956079 0.053298 -0.288222 0.277776 -0.149110 -0.949003
-0.949588 -7.830820 31.202688 -34.444250 0.122680 0.982697 -0.138769 -0.975741 0.093883 -0.197776 0.181326 -0.159666 -0.970375
-0.686514 -9.580398 7.402132 -74.938282 -0.008656 0.992006 -0.125890 -0.632288 0.092103 0.769239 -0.774685 -0.086257 -0.626436
-0.639645 -9.302016 11.138923 -33.657025 0.006320 0.990512 -0.137280 -0.652835 0.108077 0.749750 -0.757473 -0.084883 -0.647324
-0.567425 -8.883169 0.338644 -28.797352 0.004697 0.988849 -0.148847 -0.726439 0.105667 0.679059 -0.687215 -0.104938 -0.718834
-0.482122 -9.320146 -16.726234 -49.430809 -0.024839 0.990446 -0.135646 -0.691395 0.080984 0.717924 -0.722050 -0.111618 -0.682778
-0.259029 -8.515736 -20.685881 -26.163936 -0.008790 0.988579 -0.150445 -0.796030 0.084137 0.599381 -0.605193 -0.125027 -0.786199
-0.454709 -8.193186 6.488444 -16.697831 0.017477 0.988396 -0.150891 -0.824617 0.099592 0.556855 -0.565421 -0.114695 -0.816789
-1.941677 -13.076442 49.333151 61.513039 0.303619 0.948631 -0.088966 0.924951 -0.271051 0.266455 -0.228653 0.163190 0.959733
-2.172727 -12.738525 36.608877 46.316825 0.290456 0.954844 -0.062519 0.944704 -0.275752 0.177468 -0.152215 0.110609 0.982139
-2.045784 -12.358605 -30.608224 44.394897 -0.279121 -0.956655 0.083084 0.959774 -0.275193 0.055712 -0.030433 0.095293 0.994984
0.138300 -7.600473 38.720306 39.712505 0.093621 0.995457 -0.017343 -0.985284 0.090134 -0.145230 0.143007 -0.030684 -0.989246
0.536633 -6.989420 33.762015 -7.149531 0.043616 0.998523 -0.032383 -0.997379 0.041648 -0.059162 0.057726 -0.034879 -0.997723
0.547216 -7.220923 26.052981 38.038709 0.076338 0.996654 -0.029212 -0.984566 0.070720 -0.160086 0.157485 -0.040982 -0.986671
0.153401 -8.717938 6.045157 86.468587 0.135946 0.990629 -0.013153 -0.950057 0.126591 -0.285247 0.280909 -0.051274 -0.958364
0.311653 -7.951588 24.834868 81.691250 0.107475 0.993804 -0.028334 -0.954814 0.095231 -0.281534 0.277091 -0.057312 -0.959133
0.913483 -6.794438 23.043796 31.001712 0.039267 0.998203 -0.045269 -0.986915 0.031653 -0.158104 0.156387 -0.050885 -0.986384
1.440378 -4.540680 -38.877074 0.209364 0.400013 0.909764 -0.110991 0.494026 -0.316034 -0.809976 0.771964 -0.269169 0.575865
2.593575 -4.313530 -13.206273 -1.579329 0.312580 0.949652 -0.021332 0.479211 -0.177044 -0.859658 0.820153 -0.258490 0.510424
1.609888 -4.890888 -83.161832 1.857299 0.406306 0.911064 -0.069845 0.444525 -0.263870 -0.856020 0.798319 -0.316758 0.512203
0.365651 -5.081481 -89.971487 -11.020829 0.463882 0.870713 -0.163316 0.458466 -0.393697 -0.796751 0.758038 -0.294723 0.581822
0.324036 -4.778319 -52.887860 -11.264419 0.457308 0.870122 -0.183729 0.497495 -0.421553 -0.758150 0.737135 -0.255304 0.625661
0.706842 -4.440772 -2.789426 2.421046 0.425774 0.889196 -0.167471 0.526368 -0.393951 -0.753485 0.735971 -0.232663 0.635778
2.261478 -6.591796 43.636333 -14.747406 0.022258 -0.980362 -0.195946 0.986881 -0.009804 0.161154 -0.159910 -0.196963 0.967282
3.360839 -6.414242 104.246812 -17.732837 -0.007335 -0.984655 -0.174358 0.987109 -0.035008 0.156172 -0.159879 -0.170965 0.972219
2.362804 -6.706993 81.701454 -17.911125 0.020764 -0.981222 -0.191763 0.998237 0.009680 0.058553 -0.055598 -0.192641 0.979693
1.733526 -6.772392 22.909381 -9.435503 0.045028 -0.978917 -0.199235 0.996534 0.030051 0.077571 -0.069948 -0.202038 0.976877
1.523628 -6.766759 5.932068 1.442234 0.032924 -0.977204 -0.209732 0.984768 -0.004128 0.173823 -0.170726 -0.212261 0.962184
-2.193844 -11.423210 -113.737826 21.891131 -0.228110 0.972858 0.038908 0.894995 0.193784 0.401786 -0.383340 -0.126474 0.914907
-2.458311 -12.441655 -121.355481 66.746016 -0.298018 0.954310 -0.021862 0.813248 0.265825 0.517654 -0.499813 -0.136491 0.855311
-1.007025 -12.993849 -81.779805 127.383144 -0.236782 0.971042 0.031807 0.830447 0.185290 0.525381 -0.504274 -0.150815 0.850272
-3.293116 -11.156024 -106.838148 57.628230 -0.275892 0.960772 -0.028288 0.873207 0.262831 0.410402 -0.401738 -0.088526 0.911466
-0.942130 -11.864770 -67.479630 5.021266 -0.185694 0.980785 0.059819 0.894068 0.143394 0.424359 -0.407627 -0.132283 0.903516
-1.715811 -11.161688 -99.054372 -6.218953 -0.176627 0.981140 0.078529 0.950815 0.149451 0.271320 -0.254467 -0.122589 0.959280
-2.613115 -10.440713 -87.358076 54.433092 -0.189882 0.981458 0.026168 0.950799 0.177175 0.254146 -0.244797 -0.073138 0.966812
-3.743493 -10.165673 -72.255133 114.374378 -0.206891 0.977434 -0.042660 0.939015 0.210623 0.271826 -0.274678 -0.016180 0.961400
-0.167174 -2.938793 126.294311 -30.594816 0.651805 0.629667 -0.422693 -0.507455 0.776315 0.373931 0.563595 -0.029233 0.825534
-1.912898 -2.316347 91.848298 -1.786369 0.607030 0.712298 -0.352345 0.569466 -0.699154 -0.432310 0.554277 -0.061776 0.830037
-0.765426 -2.564394 101.015120 -17.602487 0.585601 0.724609 -0.363337 0.570183 -0.686817 -0.450748 0.576162 -0.056790 0.815360
0.991928 -3.170449 119.828661 -0.987872 0.572284 0.735832 -0.361998 0.581281 -0.675366 -0.453864 0.578449 -0.049317 0.814226
-0.509882 -2.995177 78.899120 -29.933995 0.503021 0.812880 -0.293590 0.622102 -0.576354 -0.529911 0.599966 -0.083913 0.795613
-1.935690 -11.071536 -4.455314 13.085078 0.118209 0.988889 0.090143 0.207179 -0.113343 0.971715 -0.971135 0.096190 0.218275
-1.914540 -11.689186 -13.572757 -69.634167 0.119490 0.989240 0.084419 0.339893 -0.120649 0.932693 -0.932842 0.082754 0.350652
-2.314063 -11.815853 -56.096527 -10.210414 0.118851 0.988604 0.092392 0.237323 -0.118638 0.964159 -0.964133 0.092664 0.248719
-2.326078 -12.085349 -93.107936 58.895884 0.101647 0.989662 0.101181 0.054241 -0.107070 0.992771 -0.993341 0.095424 0.064564
-2.109199 -11.811821 3.196464 39.292053 0.119623 0.988050 0.097202 0.056324 -0.104501 0.992929 -0.991220 0.113302 0.068152
-0.650123 -7.080527 -54.095891 -150.870540 0.038925 -0.996389 -0.075456 0.997705 0.042942 -0.052360 0.055411 -0.073245 0.995773
-0.976209 -7.265241 -54.641394 -161.062591 0.036622 -0.996754 -0.071694 0.997281 0.041044 -0.061208 0.063952 -0.069258 0.995547
-0.611061 -7.162704 -45.700030 -39.765996 0.067011 -0.994809 -0.076576 0.997664 0.067831 -0.008155 0.013307 -0.075851 0.997030
-1.430294 -22.647901 15.708169 -392.208618 -0.344287 0.936730 -0.063271 0.858827 0.286994 -0.424324 0.379319 0.200428 0.903297
-1.570583 -22.816428 20.589300 -516.785507 -0.375568 0.924748 -0.061561 0.883844 0.337385 -0.324024 0.278871 0.176103 0.944044
-1.181193 -19.037226 16.638250 -468.024505 -0.334088 0.940288 -0.065147 0.933277 0.320346 -0.162398 0.131831 0.115056 0.984572
1.115603 -30.625983 -54.421875 -198.984890 -0.354076 0.934235 0.042841 0.253556 0.139989 -0.957138 0.900188 0.328037 0.286448
1.382462 -33.442151 39.799250 112.911678 -0.419443 0.907452 0.024473 -0.049604 0.004007 -0.998761 0.906425 0.420137 -0.043333
1.320589 -29.548655 -104.410708 186.433777 -0.327375 0.944891 -0.002734 -0.104591 -0.039113 -0.993746 0.939088 0.325041 -0.111631
33.407950 -463.873076 904.402476 27605.098508 0.304686 -0.914437 -0.266405 0.937429 0.337394 -0.085977 0.168504 -0.223540 0.960019
-8.290876 -15.118938 120.649403 59.269078 0.388496 -0.872453 -0.296473 0.914801 0.403767 0.010552 0.110500 -0.275313 0.954983
-8.002096 -15.553961 -302.614351 396.396923 0.163097 -0.966574 -0.197825 0.978312 0.184392 -0.094371 0.127694 -0.178143 0.975684
-6.025622 -49.384161 -300.298209 2637.898442 0.200275 -0.971431 -0.127327 0.979373 0.202057 -0.001109 0.026804 -0.124478 0.991860
-55.020028 -1158.012803 4065.214886 325611.577297 0.023847 0.991677 0.126523 -0.197164 0.128739 -0.971881 0.980080 0.001769 -0.198593
-28.177757 -756.542428 994.054520 8683.150725 -0.013667 0.984181 0.176636 0.950008 0.067888 -0.304755 0.311926 -0.163640 0.935908
-55.610952 -638.958701 2720.403729 1144.580030 0.011173 0.977995 0.208328 0.732403 0.133839 -0.667588 0.680780 -0.160039 0.714791
-255.078413 -1077.359427 13638.041904 -156816.111369 0.117453 0.987571 0.104441 -0.490691 0.149147 -0.858474 0.863381 -0.049582 -0.502110
-16.584828 -1012.759078 1282.500618 69359.095747 -0.030776 0.998683 0.041041 -0.918421 -0.044457 0.393100 -0.394406 0.025595 -0.918580
1.339009 -2.606499 71.356831 -29.821100 -0.481645 0.549052 -0.683051 0.103828 0.809674 0.577622 0.870194 0.207289 -0.446983
0.990451 -3.033350 51.777320 -31.677572 -0.452693 0.678191 -0.578901 0.136624 0.694325 0.706574 0.881137 0.240769 -0.406973
0.113931 -3.685674 76.912244 24.069986 -0.462151 0.694208 -0.551808 -0.172570 -0.680752 -0.711896 0.869848 0.233778 -0.434410
1.313011 -2.707309 102.154331 -10.133912 -0.511839 0.444078 -0.735401 0.079915 0.876933 0.473923 0.855356 0.183803 -0.484337
0.815656 -15.444965 -19.647296 -179.299890 -0.145109 0.987564 0.060498 0.980760 0.135501 0.140530 -0.130584 -0.079727 0.988226
1.000360 -15.916182 4.915865 -167.688341 0.120872 -0.990876 -0.059615 0.992513 0.121698 -0.010412 0.017572 -0.057910 0.998167
0.740522 -14.656562 -14.921260 -151.486670 -0.121406 0.990078 0.070750 0.986500 0.112460 0.119041 -0.109904 -0.084248 0.990365
0.682898 -13.741043 -19.625201 -124.257422 -0.151665 0.986461 0.062383 0.942993 0.125489 0.308249 -0.296248 -0.105577 0.949258
0.755474 -14.148407 -18.133180 -96.445351 -0.158558 0.986180 0.048049 0.939591 0.135758 0.314228 -0.303362 -0.094970 0.948131
-1.478066 -4.706617 -53.729308 -74.385289 -0.121043 -0.526741 0.841363 0.542666 0.674609 0.500415 -0.831181 0.517151 0.204188
-1.335575 -5.202136 -63.472436 -58.695098 -0.136276 -0.523866 0.840829 0.591265 0.637996 0.493322 -0.794880 0.564381 0.222800
-0.978907 -4.750298 -45.292494 -63.521155 -0.105833 -0.475943 0.873085 0.568937 0.691122 0.445715 -0.815543 0.543901 0.197639
-0.845476 -4.730928 -36.522346 22.924315 -0.626054 0.775477 -0.081802 0.736813 0.622635 0.263501 -0.255272 -0.104693 0.961184
-0.430510 -5.246247 -57.105897 12.412785 -0.565893 0.824136 -0.023772 0.779721 0.544320 0.309437 -0.267958 -0.156573 0.950623
-0.876959 -4.438611 -25.113103 38.492631 -0.559744 0.827059 -0.051583 0.804802 0.557401 0.203955 -0.197435 -0.072648 0.977620
-0.776960 -5.604268 -56.278910 15.149640 -0.636775 0.767551 -0.073369 0.708784 0.620158 0.336197 -0.303549 -0.162079 0.938929
-1.021859 -4.558254 -16.132791 86.575409 -0.632060 0.768463 -0.099823 0.747108 0.638499 0.184794 -0.205744 -0.042223 0.977695
-1.278894 -5.385445 -23.179263 48.933452 -0.625828 0.772634 -0.106662 0.718474 0.624295 0.306676 -0.303537 -0.115292 0.945819
-1.272843 -4.328565 0.876733 57.793411 -0.565668 0.817878 -0.105331 0.789807 0.574069 0.215986 -0.237117 -0.038985 0.970698
0.099880 -40.560495 4.617128 -824.512512 0.119789 0.992066 0.038150 -0.548605 0.034118 0.835385 -0.827456 0.121000 -0.548339
0.098857 -89.271220 -223.603917 -4539.810697 0.034964 0.997537 0.060810 -0.832699 -0.004567 0.553707 -0.552621 0.069996 -0.830488
-0.599623 -50.883768 26.816943 -1022.699480 0.152759 0.982191 0.109388 -0.438174 -0.031899 0.898324 -0.885815 0.185158 -0.425498
2.252783 -121.346867 -558.470876 -6481.833901 -0.027593 0.982491 0.184255 -0.651371 -0.157491 0.742235 -0.758258 0.099538 -0.644311
1.008425 -13.939720 -48.933346 -325.362661 0.158304 0.978401 0.132931 0.708987 -0.206336 0.674361 -0.687224 0.012508 0.726338
2.522494 -12.951912 -121.714012 51.278734 0.227669 0.964461 0.134092 0.727387 -0.260001 0.635065 -0.647360 0.047048 0.760731
0.904556 -14.212247 -113.424092 -650.569514 0.169048 0.977877 0.123203 0.742770 -0.208564 0.636234 -0.647854 0.016042 0.761595
0.303278 -15.276466 30.639862 -896.249187 0.096218 0.993485 0.061074 0.773761 -0.113253 0.623271 -0.626127 0.012714 0.779617
2.929805 -35.231752 -74.189641 -467.866715 0.857097 -0.508441 -0.082899 0.387347 0.529965 0.754387 0.339628 0.678694 -0.651174
3.772710 -33.711810 -171.246369 6.795623 0.850918 -0.521259 -0.065015 0.223491 0.247236 0.942829 0.475384 0.816801 -0.326874
1.898265 -31.349814 -138.305390 209.261077 0.872512 -0.481621 -0.082244 0.214388 0.226126 0.950213 0.439045 0.846704 -0.300552
4.349668 -32.029590 -82.437781 -946.123050 0.791449 -0.606985 -0.071954 0.464366 0.520550 0.716514 0.397458 0.600497 -0.693852
1.805163 -32.003293 -53.541294 -140.053901 0.865448 -0.489001 -0.108980 0.320085 0.372349 0.871150 0.385415 0.788818 -0.478771
2.003306 -36.446594 -44.840090 -868.920050 0.866516 -0.487798 -0.105849 0.440468 0.647495 0.621883 0.234816 0.585495 -0.775924
2.283513 -34.734531 46.439553 -236.243412 0.884983 -0.463507 -0.044355 0.429967 0.776936 0.459890 0.178701 0.426066 -0.886867
-0.850334 -6.830034 25.422510 -125.750168 -0.033552 0.994133 0.102830 0.720849 0.095338 -0.686504 0.692280 -0.051091 0.719819
-0.978300 -6.829358 18.197301 -131.240608 -0.043804 0.992905 0.110550 0.717840 0.108242 -0.687743 0.694829 -0.049231 0.717488
-0.925540 -6.583433 26.786685 -26.695672 -0.027475 0.995158 0.094371 0.746039 0.083250 -0.660678 0.665336 -0.052252 0.744713
-1.843620 -5.775852 -0.675094 31.996559 0.020200 0.999778 0.006005 0.860223 -0.020441 0.509509 -0.509518 0.005127 0.860444
-1.643820 -5.747383 20.099796 30.038033 0.146692 0.988445 0.038190 0.848909 -0.145615 0.508085 -0.507775 0.042112 0.860460
-1.988751 -6.049226 21.590283 26.488848 0.117674 0.992712 0.026008 0.820901 -0.111979 0.559984 -0.558815 0.044545 0.828095
-6.229083 -11.143489 56.342263 98.391605 -0.023923 0.997173 -0.071237 -0.655105 -0.069462 -0.752338 0.755159 -0.028670 -0.654914
-5.492654 -10.620472 -46.601082 92.604224 -0.125457 0.986966 -0.100793 -0.643511 -0.158279 -0.748893 0.755086 0.029093 -0.654980
5.048879 -7.043122 42.741499 -21.475639 0.108684 0.975635 -0.190590 -0.844244 0.191812 0.500460 -0.524823 -0.106512 -0.844521
5.047425 -5.443084 54.451964 -102.876074 0.254870 0.935394 -0.245113 -0.878905 0.329785 0.344627 -0.403197 -0.127595 -0.906174
4.330621 -8.301562 28.661532 18.268636 0.266505 0.944862 -0.190293 -0.861174 0.322096 0.393234 -0.432845 -0.059077 -0.899531
5.640781 -6.311844 189.753346 -10.029462 0.419036 0.876305 -0.237693 -0.850895 0.470351 0.233983 -0.316839 -0.104205 -0.942738
7.220164 -4.713620 235.775299 19.723242 0.465114 0.825706 -0.319184 -0.832913 0.530317 0.158175 -0.299874 -0.192283 -0.934400
-0.342332 -16.559094 -565.455213 75.483779 -0.261725 0.748842 -0.608881 0.957156 0.120399 -0.263355 -0.123902 -0.651720 -0.748271
1.395796 -21.395644 -116.841965 1242.300854 -0.106804 0.882118 -0.458760 0.975196 0.182903 0.124655 0.193868 -0.434068 -0.879773
0.655907 -9.115347 23.533229 322.991455 -0.194218 0.919750 -0.341085 0.980478 0.171130 -0.096837 -0.030696 -0.353234 -0.935031
0.216530 -2.703489 -4.268291 30.012787 -0.084535 0.868901 0.487714 -0.572962 0.358063 -0.737228 0.815210 0.341763 -0.467579
0.148219 -3.067095 3.692959 42.504154 -0.056698 0.841690 0.536976 -0.560224 0.418366 -0.714926 0.826398 0.341362 -0.447815
0.321610 -2.381348 3.962494 20.039744 -0.093618 0.873581 0.477590 -0.609132 0.329182 -0.721524 0.787524 0.358463 -0.501309
-0.079775 -2.918392 19.965210 51.717312 -0.089881 0.858050 0.505640 -0.577015 0.368944 -0.728652 0.811773 0.357254 -0.461947
-2.044711 -6.308480 -54.527686 43.682188 -0.317656 0.905612 0.281001 -0.823759 -0.410334 0.391212 -0.469590 0.107206 -0.876351
-1.657328 -6.627898 -23.621586 71.414730 -0.324120 0.901269 0.287506 -0.844104 -0.412740 0.342250 -0.427124 0.131755 -0.894542
-1.206753 -5.886433 -23.513398 44.300924 -0.275046 0.927454 0.253336 -0.820365 -0.363800 0.441193 -0.501350 0.086480 -0.860912
-1.126589 -6.458579 -3.490341 61.876711 -0.303213 0.913723 0.270503 -0.851329 -0.387281 0.353911 -0.428137 0.122976 -0.895307
-1.740263 -5.616084 -57.252362 -3.688710 -0.274268 0.928545 0.250161 -0.808438 -0.363506 0.462915 -0.520773 0.075277 -0.850370
-3.698972 -7.660493 45.021079 -13.223090 -0.087737 0.714170 0.694451 0.497416 -0.572596 0.651699 -0.863064 -0.402610 0.305002
-4.045628 -8.023865 25.601284 -27.215727 -0.181617 0.758783 0.625511 0.383099 -0.531239 0.755659 -0.905677 -0.376873 0.194207
-4.457625 -8.847727 14.982238 1.374341 -0.249921 0.691883 0.677376 0.485357 -0.515822 0.705944 -0.837835 -0.505199 0.206895
-3.981411 -8.555459 -24.668840 -34.584005 -0.222796 0.633632 0.740859 0.570953 -0.531172 0.625994 -0.790174 -0.562465 0.243431
-4.449872 -8.543393 47.154385 -9.163157 -0.237773 0.744919 0.623346 0.387297 -0.515819 0.764154 -0.890766 -0.423115 0.165857
0.674951 -11.425585 -18.068695 96.286110 -0.282809 0.954970 0.089727 0.275341 -0.008782 0.961306 -0.918807 -0.296572 0.260459
0.853277 -10.730440 -25.540118 98.459729 -0.299226 0.949038 0.098952 0.439437 0.045010 0.897145 -0.846971 -0.311932 0.430510
0.758960 -10.937718 -23.968786 13.239457 -0.291448 0.949588 0.115503 0.499757 0.048193 0.864824 -0.815660 -0.309775 0.488609
0.107055 -18.508122 14.818771 209.514744 0.140759 0.969806 -0.199158 -0.955969 0.080815 -0.282120 0.257507 -0.230100 -0.938480
-0.014655 -16.801175 23.446577 -301.627187 0.111938 0.972473 -0.204369 0.992823 -0.100733 0.064465 0.042104 -0.210119 -0.976769
-0.205594 -15.964778 -0.547654 -234.496166 0.100799 0.972794 -0.208591 0.994261 -0.106049 -0.014109 -0.035846 -0.205972 -0.977901
-0.485462 -16.762783 -33.197873 -328.330247 0.139372 0.964136 -0.225870 0.986264 -0.114733 0.118826 0.088650 -0.239329 -0.966883
-0.502439 -22.704867 30.936952 185.493999 0.120352 -0.963352 -0.239727 0.987544 0.091526 0.127985 -0.101353 -0.252144 0.962367
-0.608195 -23.926620 -30.172982 -52.925480 -0.116399 0.965218 0.234104 0.923193 0.018219 0.383905 -0.366287 -0.260809 0.893203
0.164783 -23.122527 29.277771 64.935325 0.121817 -0.960305 -0.250947 0.968720 0.059958 0.240804 -0.216199 -0.272432 0.937571
-1.391286 -24.530672 62.730086 124.902762 0.117728 -0.964403 -0.236786 0.965543 0.055437 0.254269 -0.232090 -0.258562 0.937699
-0.109578 -20.967432 31.937182 422.216080 0.130200 -0.959052 -0.251531 0.983348 0.157346 -0.090931 0.126785 -0.235503 0.963568
-0.980825 -21.534448 42.437092 380.041452 0.119174 -0.964987 -0.233659 0.988875 0.136461 -0.059208 0.089020 -0.224004 0.970514
3.146613 -2.547049 -81.816806 15.262762 0.509868 0.422316 0.749456 0.728238 -0.675657 -0.114702 0.457935 0.604265 -0.652043
1.686635 -10.090712 -52.194198 168.269055 0.396750 0.917852 -0.011677 0.542880 -0.244885 -0.803313 0.740183 -0.312375 0.595442
