18942
37864
-4.296184 -8.474255 -32.781561 -118.339649 -0.311861 0.941308 0.129159 0.947879 0.298887 0.110416 0.065331 0.156861 -0.985457
-5.833202 -9.717960 1.895481 -66.999634 -0.183044 0.970316 0.158059 0.966199 0.147868 0.211173 0.181533 0.191371 -0.964584
-7.555945 -10.346066 50.582205 -218.275536 0.319931 0.929426 0.183880 0.940981 -0.334333 0.052692 0.110450 0.156170 -0.981535
-4.662488 -8.934710 -54.771621 -118.011236 -0.449369 0.879349 0.157518 0.887278 0.418807 0.193232 0.103949 0.226595 -0.968426
-6.292461 -8.672333 -30.612184 -174.487665 0.286628 0.951120 0.114957 0.957983 -0.283215 -0.045350 -0.010576 0.123126 -0.992335
-4.651971 -8.047497 -44.474029 -115.599621 -0.470849 0.868232 0.156444 0.882188 0.462014 0.091036 0.006762 0.180877 -0.983482
4.982767 -5.533149 -1017.315673 25.661353 -0.580231 0.571715 0.580063 0.398077 0.820420 -0.410421 -0.710539 -0.007229 -0.703620
5.368485 -4.719645 -924.782505 -24.936766 -0.501455 0.693274 0.517604 0.504129 0.720337 -0.476412 -0.703133 0.022040 -0.710716
11.926695 -6.854274 -1647.556654 124.964387 -0.499748 0.737429 0.454369 -0.515019 -0.674750 0.528647 -0.696425 -0.030182 -0.716995
6.524094 -5.522771 -1234.805516 12.391069 -0.673785 0.341695 0.655178 0.204134 0.938229 -0.279384 -0.710172 -0.054500 -0.701916
-3.620074 -5.049661 -378.741369 72.900855 -0.611393 0.381842 0.693106 0.256338 0.924216 -0.283047 -0.748659 0.004617 -0.662940
16.565094 -6.968553 -1791.177133 -39.695487 -0.652890 0.454781 0.605730 0.296517 0.889327 -0.348103 -0.697003 -0.047664 -0.715483
-2.904121 -6.680301 21.793957 -11.416275 -0.296773 0.913875 -0.277051 -0.476368 0.109771 0.872367 -0.827647 -0.390873 -0.402764
-2.899249 -6.375944 10.367627 -22.123268 -0.285470 0.907536 -0.308034 -0.595924 0.083633 0.798674 -0.750588 -0.411562 -0.516948
-2.440572 -6.732569 -55.717212 -27.689645 -0.367016 0.881704 -0.296475 -0.504393 0.079165 0.859838 -0.781592 -0.465114 -0.415671
-2.529056 -7.055947 -32.630452 -8.040232 -0.369566 0.889900 -0.267393 -0.373534 0.121212 0.919663 -0.850819 -0.439757 -0.287612
-2.830487 -6.908283 25.842765 -0.391202 -0.309898 0.921353 -0.234672 -0.340926 0.122725 0.932045 -0.887543 -0.368845 -0.276081
6.106291 -23.676019 68.351263 588.579104 0.870427 -0.486092 -0.077918 -0.032040 0.102003 -0.994268 -0.491254 -0.867934 -0.073212
4.844405 -25.507878 122.864198 19.479384 0.885624 -0.454643 -0.094711 -0.202566 -0.194659 -0.959726 -0.417897 -0.869142 0.264490
3.910138 -23.646408 106.817612 593.733634 0.919922 -0.388789 -0.050863 -0.029109 0.061645 -0.997674 -0.391020 -0.919262 -0.045391
4.992096 -18.350245 82.628338 786.876804 0.910547 -0.411750 -0.036966 0.073453 0.249131 -0.965680 -0.406829 -0.876582 -0.257089
3.244135 -16.838537 104.268849 722.161638 0.938277 -0.345884 0.000252 0.100397 0.271649 -0.957145 -0.330992 -0.898093 -0.289608
-1.117653 -6.134815 22.572639 36.391762 -0.213061 0.976119 -0.042391 0.607911 0.166407 0.776372 -0.764885 -0.139644 0.628848
-1.463776 -6.537322 20.674823 29.069876 -0.229656 0.971649 -0.056173 0.519876 0.171259 0.836899 -0.822792 -0.162996 0.544468
-1.215260 -6.112522 -5.275583 37.870545 -0.298099 0.950268 -0.090156 0.588871 0.257416 0.766138 -0.751244 -0.175295 0.636321
-0.789892 -5.582667 -6.754263 28.679068 -0.295051 0.951345 -0.088810 0.654261 0.268900 0.706849 -0.696338 -0.150451 0.701767
-0.201339 -5.578735 -45.029464 40.362096 -0.377233 0.915738 -0.138271 0.623429 0.361501 0.693292 -0.684859 -0.175331 0.707267
-0.578739 -6.159684 -45.600433 39.332741 -0.379279 0.914535 -0.140616 0.553885 0.346138 0.757232 -0.741188 -0.209317 0.637830
-0.046804 -9.814820 -6.685012 -57.920744 -0.309170 0.948192 0.073118 0.440471 0.074631 0.894660 -0.842852 -0.308808 0.440724
0.051070 -8.737632 -1.928583 -24.143500 -0.316859 0.947755 0.036875 0.295346 0.061647 0.953399 -0.901316 -0.312984 0.299449
0.209635 -9.982163 -14.550104 -41.930610 -0.311759 0.947055 0.076764 0.435081 0.070465 0.897630 -0.844696 -0.313243 0.434014
0.132175 -11.348246 -13.217018 -98.768172 -0.297001 0.949556 0.100663 0.568969 0.091322 0.817273 -0.766854 -0.300005 0.567391
-0.134120 -11.158440 -8.119161 -92.674137 -0.293196 0.950998 0.098179 0.581502 0.095875 0.807876 -0.758875 -0.293957 0.581117
-0.252391 -11.539155 -9.766109 -294.345482 -0.095959 0.976322 -0.193872 -0.508968 -0.215510 -0.833371 0.855420 -0.018705 -0.517597
0.151655 -13.656918 -12.605003 -366.651665 -0.097164 0.976852 -0.190574 -0.522621 -0.213034 -0.825521 0.847010 -0.019387 -0.531223
-0.087413 -16.675858 -10.187781 -469.155125 -0.128484 0.965003 -0.228609 -0.653789 -0.255755 -0.712145 0.745689 -0.057963 -0.663768
-0.881738 -14.693873 9.376664 -156.174515 0.944512 -0.324658 0.049940 -0.312852 -0.935459 -0.164437 -0.100103 -0.139689 0.985123
-0.711663 -15.184937 23.355576 -127.285585 0.943353 -0.331013 0.022697 -0.308291 -0.899774 -0.308809 -0.122642 -0.284318 0.950853
-0.395862 -13.115789 48.938710 -168.396364 0.960563 -0.277488 0.017848 -0.274755 -0.957054 -0.092501 -0.042750 -0.083949 0.995553
-0.501648 -12.774465 28.583673 -182.552798 0.964214 -0.261989 0.040659 -0.263512 -0.963902 0.038125 -0.029203 0.047475 0.998445
-0.758231 -13.577174 0.963255 -140.239437 0.950331 -0.303496 0.068993 -0.306416 -0.951202 0.036385 -0.054584 0.055719 0.996953
-0.940217 -14.762482 -23.106033 121.986926 0.931746 -0.350089 0.096369 0.337001 0.932558 0.129485 -0.135201 -0.088171 0.986887
-4.228074 -15.314134 266.702386 412.978329 0.059516 0.970382 0.234128 -0.916408 0.146109 -0.372623 0.395795 0.192380 -0.897962
-5.731868 -13.610839 245.682626 580.602895 0.056900 0.979170 0.194908 -0.951481 0.112315 -0.286478 0.302402 0.169150 -0.938052
-2.710830 -11.293689 128.922385 225.601794 -0.163526 0.974903 0.151076 -0.931915 -0.102400 -0.347919 0.323717 0.197684 -0.925272
-7.573408 -17.048731 585.612065 251.482454 0.106343 0.964264 0.242666 -0.877847 0.205664 -0.432536 0.466986 0.167026 -0.868347
-3.284603 -15.137691 52.252135 344.105637 0.060952 0.968436 0.241696 -0.895810 0.159875 -0.414686 0.440238 0.191238 -0.877279
-4.482497 -16.775053 242.157560 65.633871 0.117526 0.957029 0.265108 -0.828975 0.241537 -0.504440 0.546798 0.160483 -0.821741
-3.794678 -5.925930 -6.191841 112.001844 -0.281507 0.956613 -0.075138 -0.825260 -0.201411 0.527617 -0.489592 -0.210537 -0.846153
-2.781892 -5.191945 -151.740367 23.881738 0.108424 0.930100 -0.350938 -0.865243 0.262117 0.427375 -0.489489 -0.257308 -0.833183
-2.509772 -5.203011 -131.710053 -6.797976 0.129719 0.928793 -0.347155 -0.832159 0.292349 0.471215 -0.539152 -0.227762 -0.810826
-3.060090 -5.429187 -45.599480 45.073872 -0.093559 0.979792 -0.176789 -0.830857 0.021001 0.556089 -0.548564 -0.198914 -0.812103
-3.312001 -6.648778 56.887906 134.893745 -0.397604 0.914340 0.076769 -0.757599 -0.374340 0.534709 -0.517643 -0.154442 -0.841542
-3.832099 -7.950819 66.927414 146.011338 -0.510819 0.849917 0.129245 -0.737287 -0.510428 0.442573 -0.442121 -0.130784 -0.887370
4.470666 -1.651755 197.449349 -158.101165 -0.595889 0.605740 0.527252 0.173458 0.738134 -0.651975 -0.784110 -0.297048 -0.544916
2.910008 -5.427662 174.700382 -226.683933 -0.557743 0.622508 0.549005 0.191345 0.740058 -0.644749 -0.807657 -0.254555 -0.531876
2.677473 -2.348751 93.446912 -124.333675 -0.597615 0.402876 0.693215 -0.019595 0.856994 -0.514953 -0.801543 -0.321327 -0.504259
22.260233 -26.321715 -905.508403 -578.584500 -0.746040 0.569522 -0.345064 0.222350 0.701504 0.677091 0.627683 0.428412 -0.649983
21.271739 -27.751857 163.483639 -808.886248 0.889617 -0.450642 0.074182 0.298028 0.695896 0.653382 0.346064 0.559152 -0.753385
26.684423 -21.636687 -859.987288 -569.866365 -0.808611 0.520898 -0.273522 0.342858 0.795002 0.500420 0.478119 0.310866 -0.821441
28.108791 -21.317436 -1896.376599 -688.066285 -0.672618 0.566814 -0.475717 0.349658 0.810020 0.470752 0.652169 0.150298 -0.743025
18.478933 -24.227221 -1139.072787 -591.325859 -0.642275 0.567090 -0.515647 0.219460 0.780647 0.585173 0.734384 0.262678 -0.625844
-0.102286 -14.260962 -26.111689 129.856761 0.948220 -0.313312 -0.052107 0.105235 0.464705 -0.879190 -0.299675 -0.828182 -0.473614
0.814788 -15.142240 -101.234436 -6.810078 0.950732 -0.275806 -0.141564 0.054586 0.598430 -0.799314 -0.305171 -0.752206 -0.584001
-0.448782 -13.145058 -36.892930 -36.144750 0.955051 -0.267479 -0.127801 0.055500 0.584828 -0.809256 -0.291201 -0.765788 -0.573385
-2.417311 -6.012600 -0.834952 -13.593670 -0.440630 0.831089 -0.339316 -0.024451 0.366737 0.930003 -0.897356 -0.418084 0.141274
-2.237194 -5.622483 -47.278808 -22.172056 -0.493887 0.783039 -0.378054 -0.066903 0.399272 0.914388 -0.866948 -0.476898 0.144808
-2.097735 -6.240057 -20.947099 -22.790112 -0.459998 0.777449 -0.428922 0.025691 0.494515 0.868789 -0.887548 -0.388622 0.247450
-1.929707 -6.525066 22.388311 -16.192288 -0.412565 0.828071 -0.379589 0.077732 0.447189 0.891055 -0.907605 -0.338112 0.248862
-1.685090 -6.641196 3.463741 -12.758223 -0.436389 0.788404 -0.433571 0.149034 0.538555 0.829305 -0.887329 -0.297283 0.352519
-1.722181 -6.508974 -18.762861 -19.709518 -0.474773 0.744282 -0.469718 0.092451 0.572927 0.814375 -0.875239 -0.343217 0.340820
8.755485 -25.133872 105.538742 707.940126 0.780765 -0.620359 -0.074571 -0.027428 0.085203 -0.995986 -0.624223 -0.779676 -0.049508
7.685630 -25.209923 58.319731 525.917130 0.823138 -0.560491 -0.091070 -0.070408 0.058399 -0.995807 -0.563460 -0.826099 -0.008607
7.612672 -21.784405 66.288034 883.714036 0.828377 -0.555004 -0.075906 0.053395 0.213121 -0.975566 -0.557620 -0.804083 -0.206179
-0.516592 -16.255684 -10.820512 27.378947 0.629520 -0.401573 0.665164 -0.041119 0.837667 0.544632 -0.775895 -0.370207 0.510816
-0.461303 -17.016728 -10.528151 189.294720 0.633502 -0.419506 0.650146 -0.148457 0.758750 0.634239 -0.759365 -0.498311 0.418390
-1.046282 -16.051320 -36.841081 46.871682 0.631966 -0.411051 0.657006 -0.080639 0.808275 0.583258 -0.770790 -0.421579 0.477655
-0.369159 -17.363213 3.715607 150.859684 0.631778 -0.412976 0.655978 -0.112080 0.788699 0.604476 -0.767003 -0.455417 0.451997
-1.296801 -16.966614 -40.748113 -143.049804 0.627707 -0.419788 0.655563 0.044281 0.860030 0.508319 -0.777190 -0.290046 0.558435
-0.680297 -16.903150 -14.601457 -146.639995 0.625414 -0.404941 0.666993 0.081521 0.884029 0.460268 -0.776023 -0.233484 0.585896
-0.363423 -16.530298 3.602337 2.934533 0.629241 -0.393623 0.670161 -0.002229 0.861348 0.508010 -0.777207 -0.321154 0.541118
-0.336890 -7.922107 54.527270 -286.927943 0.410006 -0.373298 0.832192 0.901785 0.029194 -0.431198 0.136670 0.927252 0.348604
-0.268325 -11.729607 70.439051 -508.527993 0.359305 -0.373064 0.855408 0.911952 -0.054213 -0.406700 0.198099 0.926220 0.320737
-1.359781 -7.494410 84.636737 -291.458797 0.310085 -0.376594 0.872940 0.941183 -0.008056 -0.337802 0.134247 0.926343 0.351946
-5.174210 -118.987938 717.485868 1947.401327 0.430882 -0.300984 0.850735 0.894879 0.020989 -0.445815 0.116327 0.953398 0.278388
-7.714237 -119.473529 385.314499 1613.300294 0.445514 -0.252794 0.858844 0.801107 -0.315702 -0.508488 0.399681 0.914564 0.061865
-8.824154 -118.747930 373.245055 600.954953 0.434022 -0.239264 0.868549 0.895663 0.010780 -0.444602 0.097014 0.970895 0.218979
-5.445468 -103.286871 -73.416550 -10131.459696 0.829773 -0.155182 0.536093 -0.532711 0.066207 0.843703 0.166421 0.985665 0.027730
39.762245 -157.840669 14206.854054 -13520.059566 0.971932 -0.213548 -0.098717 0.218865 0.666835 0.712341 0.086291 0.713953 -0.694856
-1.127748 -220.487502 -109.659399 -25833.251472 0.852244 -0.129025 0.506984 -0.520566 -0.113053 0.846304 0.051878 0.985176 0.163514
55.711409 -881.931619 3303.363788 -83148.749228 0.774997 -0.211978 0.595353 -0.615005 -0.469766 0.633316 -0.145427 0.856963 0.494435
11.787430 -634.952122 -9981.632763 22968.532403 0.956053 -0.119177 0.267881 -0.290784 -0.502352 0.814302 -0.037525 0.856411 0.514929
0.516025 -5.891066 -8.597633 -0.811043 -0.250490 0.940424 -0.229907 -0.538167 0.062143 0.840544 -0.804755 -0.334277 -0.490539
0.768291 -6.065471 5.153690 -12.475620 -0.230381 0.943795 -0.237013 -0.466300 0.106708 0.878167 -0.854101 -0.312832 -0.415509
0.752363 -5.991970 -3.316069 -10.308567 -0.257290 0.942727 -0.212290 -0.441466 0.080751 0.893637 -0.859599 -0.323643 -0.395406
1.618906 -7.200612 23.423875 -7.757564 -0.386953 0.899056 -0.204853 -0.167776 0.149804 0.974377 -0.906707 -0.411408 -0.092873
1.545837 -7.400526 13.201289 9.425146 -0.388541 0.889492 -0.240499 -0.046762 0.241635 0.969240 -0.920244 -0.387836 0.052291
1.253212 -7.452961 -78.829012 -4.385485 -0.432455 0.868954 -0.240629 -0.168280 0.184402 0.968338 -0.885813 -0.459255 -0.066482
5.497614 -8.140873 -44.046853 -91.827139 0.811228 -0.521184 0.265097 0.441624 0.843252 0.306424 -0.383246 -0.131507 0.914236
5.904859 -6.701881 -31.639912 -176.318538 0.779954 -0.573321 0.250948 0.453330 0.794003 0.405032 -0.431467 -0.202144 0.879189
4.978860 -7.562714 -115.068628 -90.474140 0.759559 -0.570985 0.311522 0.482140 0.815728 0.319575 -0.436590 -0.092539 0.894889
4.813995 -9.026588 -44.717382 -105.774625 0.830444 -0.477991 0.286158 0.428698 0.876329 0.219696 -0.355781 -0.059770 0.932656
4.017224 -8.014677 -107.365243 -54.696841 0.775170 -0.531881 0.340903 0.481254 0.846738 0.226782 -0.409276 -0.011734 0.912335
14.161605 -9.598600 -549.288313 -10.000817 0.142140 0.900711 -0.410507 0.938501 0.009203 0.345153 0.314660 -0.434321 -0.844011
9.492053 -12.800047 -384.367009 -13.240220 0.231052 0.845395 -0.481584 0.916114 -0.022350 0.400295 0.327644 -0.533674 -0.779642
16.187710 -10.225566 -522.434778 -224.485584 0.067223 0.903094 -0.424149 0.910914 0.117897 0.395395 0.407084 -0.412942 -0.814715
15.104647 -6.933936 -116.490933 278.018134 -0.039921 0.980864 -0.190557 -0.950362 -0.096168 -0.295912 0.308575 -0.169285 -0.936015
15.731038 -7.422455 -340.037904 -355.480482 0.096657 0.968373 -0.230026 -0.935231 0.009280 -0.353916 0.340588 -0.249336 -0.906549
3.636634 -3.555697 19.627354 78.147364 -0.546071 0.786028 -0.289771 -0.810554 -0.583138 -0.054329 0.211681 -0.205207 -0.955553
3.639146 -2.775974 36.357479 -52.169605 -0.453976 0.840421 -0.295970 0.872640 0.486478 0.042873 0.180014 -0.238812 -0.954235
3.694761 -4.061281 28.712959 -63.091656 -0.524363 0.775163 -0.352371 0.816965 0.574651 0.048423 0.240026 -0.262484 -0.934607
-255.973261 -442.831307 -5750.642997 -56713.751500 0.024936 0.980396 -0.195452 0.999664 -0.023075 0.011792 0.007051 -0.195681 -0.980642
-323.905676 -555.962877 9240.822903 -85450.466674 -0.198719 0.852363 -0.483723 0.979758 0.160589 -0.119524 -0.024197 -0.497683 -0.867022
-198.538733 -227.781445 16491.664895 -293.479984 -0.893465 0.086834 0.440659 0.008458 0.984211 -0.176796 -0.449053 -0.154234 -0.880092
-186.127048 -1526.011514 30184.953419 367788.754016 -0.602419 0.769729 0.211207 -0.779188 -0.624503 0.053506 -0.173084 0.132337 -0.975976
-266.598316 -529.512887 42564.145545 23163.977430 -0.202546 0.949707 0.238811 -0.874457 -0.065636 -0.480642 0.440795 0.306183 -0.843773
34.381442 -112.079333 -1177.262306 -3921.794205 0.844599 0.090325 0.527725 0.525213 0.051574 -0.849406 0.103940 -0.994576 0.003880
2852.310137 20.858953 -186525.825804 -2056.541497 0.819438 -0.503361 0.274133 0.328988 0.021415 -0.944091 -0.469348 -0.863811 -0.183148
-0.841953 -12.448425 -239.883147 -212.963217 0.931094 -0.103146 -0.349892 -0.359188 -0.091947 -0.928725 -0.063623 -0.990407 0.122660
39.659902 -287.512930 141.466103 -14881.923176 0.948456 0.131410 0.288380 0.163294 0.577225 -0.800091 0.271601 -0.805942 -0.526014
0.722946 -8.922076 22.996165 -29.708075 0.947273 -0.016198 -0.320019 -0.317015 -0.192769 -0.928624 0.046647 -0.981111 0.187740
-39.682940 -350.857516 -1542.873705 22213.300063 0.183143 0.093762 -0.978605 0.809914 0.549836 0.204253 0.557223 -0.829994 0.024760
1.502474 -111.755101 47.911833 5643.089831 0.661959 -0.085413 -0.744658 0.749098 0.041271 0.661172 -0.025740 -0.995490 0.091303
9.679689 -485.481601 827.238504 25838.794413 0.669272 -0.085997 -0.738024 0.741504 0.140657 0.656039 0.047391 -0.986317 0.157905
-0.258832 -12.781094 193.962299 -268.529468 0.815862 -0.017217 -0.577990 -0.573245 -0.155259 -0.804540 0.075887 -0.987724 0.136539
-2.026540 -115.168330 -133.533209 -5537.950550 0.491736 -0.532752 -0.688747 0.135085 0.828084 -0.544085 0.860202 0.174506 0.479165
-1.384693 -92.737907 -175.892600 -1073.515171 0.539784 -0.522033 -0.660390 -0.242399 0.654878 -0.715806 0.806149 0.546458 0.226952
1.358823 -73.245218 -71.257695 -1699.660936 0.475317 -0.570359 -0.669899 0.077157 0.785498 -0.614035 0.876425 0.240174 0.417368
-3.267467 -63.570949 -23.894186 -2284.940731 0.480659 -0.455860 -0.749105 0.410641 0.871814 -0.267048 0.774817 -0.179254 0.606240
-3.107685 -78.308096 24.510729 -3511.457224 0.474632 -0.432544 -0.766570 0.403461 0.880951 -0.247276 0.782268 -0.191916 0.592642
-0.566339 -55.389001 -88.559695 -1287.811976 0.494361 -0.511150 -0.703088 0.356750 0.856887 -0.372122 0.792677 -0.066864 0.605964
-15.841609 -56.223848 277.634257 -2067.623657 0.550757 -0.293886 -0.781215 0.404375 0.912734 -0.058278 0.730169 -0.283807 0.621536
-19.160658 -46.126168 472.944667 -479.516233 0.652047 -0.298053 -0.697136 0.208786 0.954525 -0.212814 0.728864 -0.006787 0.684625
-22.074459 -64.075942 399.903241 -2832.806883 0.698009 -0.206134 -0.685778 0.468383 0.855828 0.219489 0.541664 -0.474412 0.693926
-10.863675 -70.795379 146.311895 -3322.616073 0.439477 -0.314850 -0.841266 0.576901 0.816803 -0.004321 0.688509 -0.483428 0.540604
-11.584567 -45.713786 199.665238 -49.321281 0.458567 -0.302965 -0.835421 0.151863 0.952979 -0.262239 0.875587 -0.006616 0.483014
-14.990365 -107.145201 240.312579 -5661.877298 0.546304 -0.265067 -0.794539 0.675697 0.700035 0.231052 0.494961 -0.663092 0.561536
-0.816820 -2.259235 -4.113448 14.136969 -0.963534 0.132503 -0.232477 0.074296 0.967105 0.243285 0.257066 0.217141 -0.941683
-0.121214 -2.346104 -30.057984 -26.707514 -0.950433 0.224051 -0.215590 0.173582 0.957599 0.229941 0.257967 0.181121 -0.949025
-0.544374 -2.195327 -7.205174 21.076108 -0.914268 -0.258024 -0.312310 -0.313402 0.938990 0.141691 0.256697 0.227422 -0.939354
-4.825706 -8.355227 7.020279 -51.280061 0.518979 -0.380957 -0.765201 -0.222478 0.804142 -0.551235 0.825327 0.456320 0.332578
-5.120393 -8.304456 -42.828782 -87.952764 0.613054 -0.278386 -0.739369 -0.255424 0.815761 -0.518935 0.747612 0.506987 0.428999
-4.567832 -7.833576 -40.766688 -66.217752 0.549237 -0.295146 -0.781810 -0.157603 0.882180 -0.443756 0.820671 0.366943 0.438010
-4.710860 -7.813630 -23.575745 -42.632674 0.491220 -0.419818 -0.763188 -0.092664 0.846026 -0.525028 0.866093 0.328624 0.376682
-4.095448 -7.233922 -63.275163 -47.298018 0.519800 -0.344521 -0.781737 -0.029449 0.907304 -0.419442 0.853780 0.241048 0.461471
-3.802040 -7.348899 -19.268705 -18.452146 0.536570 -0.183141 -0.823743 -0.146959 0.940968 -0.304929 0.830961 0.284673 0.477981
-8.176428 -9.346293 -21.366268 44.793475 -0.218539 -0.466291 0.857213 0.973465 -0.165276 0.158273 0.067876 0.869055 0.490037
-8.537849 -9.602433 -7.425514 14.473704 -0.055992 -0.602847 0.795889 0.991910 0.057375 0.113241 -0.113931 0.795791 0.594758
-8.241811 -9.084552 -40.145673 55.376713 -0.075192 -0.578843 0.811965 0.985581 -0.166920 -0.027726 0.151582 0.798172 0.583048
-8.587047 -9.738943 21.760777 10.531602 -0.186655 -0.523902 0.831075 0.960546 0.080217 0.266302 -0.206183 0.847993 0.488259
-8.273902 -9.623981 -17.043509 43.701945 -0.357008 -0.354723 0.864128 0.934009 -0.122529 0.335581 -0.013158 0.926908 0.375058
-0.505194 -2.227862 -27.101367 102.879616 -0.420929 0.280307 -0.862697 -0.193174 0.901540 0.387181 0.886286 0.329627 -0.325336
-0.114359 -1.613662 -124.659653 27.052458 -0.444535 0.608708 -0.657163 -0.030832 0.722804 0.690365 0.895231 0.327153 -0.302544
-0.223516 -3.245189 -152.919774 60.243857 -0.368490 0.214259 -0.904604 -0.186018 0.936404 0.297565 0.910831 0.277922 -0.305200
-0.924272 -3.968271 -70.485669 65.724752 -0.375625 0.140983 -0.915986 -0.195788 0.953983 0.227119 0.905855 0.264651 -0.330737
-1.426362 -3.283140 2.904664 133.228918 -0.392069 0.097554 -0.914749 -0.252348 0.944814 0.208919 0.884648 0.312746 -0.345815
2.136315 -6.595381 -320.274441 10.584770 0.462996 -0.798988 0.383735 0.827884 0.235176 -0.509216 0.316612 0.553453 0.770355
5.195847 -5.970759 -246.007055 -7.242800 0.378846 -0.849466 0.367264 0.864342 0.182950 -0.468446 0.330738 0.494911 0.803540
1.635215 -6.639196 -260.889726 42.517045 0.516119 -0.784545 0.343672 0.823994 0.345282 -0.449237 0.233783 0.515044 0.824667
-0.570786 -7.224765 -205.549928 43.410394 0.584991 -0.759242 0.285198 0.778500 0.427051 -0.459963 0.227429 0.491100 0.840890
-2.040686 -13.233719 34.187358 -17.728565 0.953146 0.254463 -0.163589 0.036043 0.441391 0.896591 -0.300356 0.860478 -0.411538
-1.816294 -12.997532 27.469031 -36.365586 0.944091 0.282258 -0.170361 -0.052802 0.639521 0.766958 -0.325430 0.715083 -0.618669
-2.479223 -13.557687 24.125959 -12.791756 0.936428 0.321251 -0.141067 0.004304 0.391514 0.920162 -0.350832 0.862273 -0.365242
-1.163597 -12.478737 23.823647 -12.712267 0.952973 0.224383 -0.203704 0.002441 0.666461 0.745536 -0.303046 0.710972 -0.634572
-2.429690 -12.638862 32.146670 16.944244 0.950730 0.266651 -0.158144 0.115934 0.167303 0.979065 -0.287527 0.949161 -0.128146
-1.248880 -12.633709 24.059385 -13.461154 0.954895 0.210241 -0.209702 0.088324 0.473143 0.876547 -0.283505 0.855532 -0.433233
-1.848694 -12.522549 37.074472 -10.835756 0.959149 0.211354 -0.188048 0.140796 0.219911 0.965306 -0.245375 0.952349 -0.181169
5.564513 -12.556395 4.525368 98.049137 0.999207 0.020395 -0.034204 -0.019830 0.999663 0.016782 0.034534 -0.016090 0.999274
5.566484 -12.477338 47.610765 115.803892 0.984276 0.104372 -0.142501 -0.099194 0.994139 0.042990 0.146152 -0.028178 0.988861
6.735506 -13.232861 13.041637 -137.583399 0.997850 0.041109 -0.051044 0.030821 -0.981668 -0.188091 0.057841 -0.186113 0.980824
6.229365 -13.093432 -41.533356 -119.101662 0.997327 -0.049794 0.053465 -0.040121 -0.984833 -0.168805 -0.061059 -0.166209 0.984198
7.361984 -14.202003 -35.819091 -55.440530 0.998601 -0.033907 0.040569 -0.017705 -0.937445 -0.347684 -0.049820 -0.346479 0.936734
7.734836 -14.082065 18.837043 -15.637174 0.996140 0.065265 -0.058694 0.038600 -0.926273 -0.374870 0.078833 -0.371158 0.925217
-0.989814 -13.680191 6.497959 129.917257 0.933537 -0.358456 -0.004288 -0.174448 -0.464706 0.868111 0.313172 0.809665 0.496352
-1.200515 -13.407103 11.346145 108.783858 0.938182 -0.345276 0.024480 -0.188680 -0.450824 0.872443 0.290198 0.823129 0.488102
-1.176511 -12.767873 14.712376 -3.478026 0.938836 -0.342403 -0.036702 -0.198932 -0.626251 0.753814 0.281093 0.700406 0.656062
-2.080720 -12.829455 -28.581327 -24.151997 0.901728 -0.392887 0.180353 -0.162323 -0.694375 -0.701067 -0.400673 -0.602896 0.689911
-2.023678 -12.608902 -24.678550 31.074608 0.905239 -0.379701 0.190705 -0.209430 -0.789235 -0.577275 -0.369704 -0.482633 0.793968
-1.218913 -13.271154 -35.544295 -29.313874 0.881709 -0.424080 0.206749 -0.168891 -0.692891 -0.700984 -0.440527 -0.583146 0.682551
-1.416727 -14.028757 -46.504979 -116.948203 0.874246 -0.447454 0.188360 -0.123562 -0.580285 -0.804986 -0.469497 -0.680481 0.562600
-2.137868 -13.113327 -19.425600 -65.635891 0.906356 -0.395822 0.147797 -0.115632 -0.568825 -0.814289 -0.406384 -0.720946 0.561328
26.585335 -9.501895 -1061.253154 195.344481 0.883449 0.418381 0.210890 -0.462482 0.850788 0.249541 0.075020 0.317990 -0.945121
19.559821 -11.466553 565.464621 139.147826 -0.832106 -0.434589 -0.344575 -0.474416 0.879551 0.036338 0.287278 0.193709 -0.938055
20.288295 -7.614679 -358.040666 182.609636 -0.799842 -0.275062 -0.533473 -0.435919 0.877185 0.201297 0.412586 0.393557 -0.821514
26.671988 -3.456994 594.920683 187.320330 0.882640 0.149671 0.445583 -0.351994 0.838710 0.415531 0.311522 0.523607 -0.792963
20.852590 -4.256146 -1314.172754 162.835883 -0.705002 -0.046646 -0.707670 -0.388616 0.860102 0.330458 0.593254 0.507986 -0.624500
15.202704 -7.071697 -1095.656700 99.692778 -0.635681 -0.187082 -0.748939 -0.416143 0.900196 0.128346 0.650181 0.393253 -0.650090
0.127835 -9.445022 0.550585 -93.869548 -0.938971 -0.268431 0.215125 -0.244825 0.960779 0.130247 -0.241650 0.069630 -0.967862
0.421722 -7.701556 0.835647 -61.797394 -0.918577 -0.339269 0.202763 -0.349864 0.936631 -0.017791 -0.183878 -0.087282 -0.979066
0.059191 -8.970523 -4.830708 -85.836761 -0.932803 -0.297202 0.203835 -0.268989 0.950584 0.155035 -0.239839 0.089788 -0.966652
-0.218880 -10.522744 7.855027 -80.255987 0.945780 0.246093 -0.211985 -0.165705 0.926902 0.336741 -0.279359 0.283356 -0.917425
-0.210073 -8.594357 -6.144943 -78.964966 -0.920182 -0.340041 0.194004 -0.306018 0.933822 0.185283 -0.244169 0.111126 -0.963345
-0.525872 -10.318121 12.022627 -88.872550 0.936271 0.288858 -0.199893 -0.205430 0.911838 0.355458 -0.284947 0.291741 -0.913068
-0.459381 -6.188930 -3.141703 -3.272344 -0.782050 -0.603153 0.156858 -0.596420 0.797340 0.092369 -0.180782 -0.021316 -0.983292
-1.040100 -7.058345 -3.451938 -46.026322 -0.736737 -0.659159 0.150762 -0.617794 0.746810 0.246182 -0.274864 0.088232 -0.957426
-0.726841 -6.823390 -5.208849 -42.940162 -0.786351 -0.596759 0.159781 -0.566368 0.799680 0.199349 -0.246737 0.066263 -0.966814
1.687528 -18.622122 -26.802024 -236.385452 0.901714 0.420780 -0.099280 -0.424403 0.817738 -0.388828 0.082426 -0.392746 -0.915946
1.566374 -21.040000 -26.833161 282.834624 0.900854 0.417843 -0.117764 -0.429913 0.896349 -0.108317 -0.060299 -0.148206 -0.987116
1.161969 -19.148160 -14.432626 -278.178676 0.898379 0.422664 -0.119456 -0.435583 0.822430 -0.365890 0.056404 -0.380741 -0.922960
1.971629 -20.334071 -30.736387 303.854569 0.904859 0.414440 -0.097309 -0.424169 0.897148 -0.123312 -0.036195 -0.152856 -0.987585
1.445647 -16.620295 -20.990632 -704.175597 0.902679 0.417770 -0.103143 -0.390120 0.693357 -0.605857 0.181594 -0.587132 -0.788859
2.051384 -18.242796 -27.012991 -188.416309 0.896458 0.435327 -0.082786 -0.429348 0.807055 -0.405367 0.109654 -0.398938 -0.910398
1.982019 -16.934001 -35.147689 -716.310819 0.899093 0.428297 -0.090513 -0.383648 0.671357 -0.634109 0.210820 -0.604848 -0.767928
0.027296 -21.530970 4.454297 -137.932384 0.807313 0.378736 -0.452553 0.582034 -0.637563 0.504727 0.097373 0.670874 0.735150
-0.353617 -21.327699 8.556462 -87.048013 0.812713 0.375025 -0.445931 0.566186 -0.689026 0.452413 0.137592 0.620162 0.772313
-0.206678 -22.106910 -0.247615 -26.368058 0.796461 0.398599 -0.454719 0.564240 -0.760305 0.321822 0.217448 0.512889 0.830458
0.169258 -23.024708 10.999827 -64.243526 0.791646 0.395429 -0.465760 0.580680 -0.724034 0.372270 0.190020 0.565164 0.802797
-0.283314 -21.432571 -1.805059 153.493848 0.783706 0.418562 -0.458923 0.526128 -0.840051 0.132303 0.330142 0.345139 0.878570
0.092748 -22.633078 11.869040 158.649089 0.779000 0.411769 -0.472870 0.542118 -0.821244 0.177950 0.315067 0.394974 0.862976
-1.261552 -20.793226 1.457783 212.192433 0.762320 0.533367 -0.366590 -0.037550 0.601920 0.797673 0.646111 -0.594317 0.478883
-1.137592 -22.278663 16.166648 201.184891 0.746056 0.541336 -0.387758 -0.061025 0.635455 0.769723 0.663081 -0.550593 0.507120
-1.285109 -19.023843 10.489207 212.923988 0.762004 0.508152 -0.401411 -0.127376 0.725376 0.676465 0.634921 -0.464339 0.617466
-1.327700 -18.670557 -5.346584 244.730630 0.777137 0.503786 -0.377171 -0.104541 0.694333 0.712020 0.620588 -0.513907 0.592258
-1.415805 -20.653193 -12.977657 -244.634095 0.778244 0.524270 -0.345656 0.005612 -0.556225 -0.831013 0.627937 -0.644791 0.435821
-2.597293 -16.305941 140.701468 204.458181 0.822436 0.476844 -0.310193 -0.137677 -0.362227 -0.921866 0.551946 -0.800882 0.232258
-4.052049 -17.997608 121.347704 427.413802 0.841875 0.501315 -0.199825 -0.015686 -0.347383 -0.937592 0.539445 -0.792469 0.284590
-2.942624 -14.441692 97.051004 128.342406 0.843852 0.463926 -0.269605 -0.151807 -0.275510 -0.949236 0.514654 -0.841942 0.162063
-1.011719 -21.268696 -72.898152 596.447624 0.808842 0.409586 -0.421917 0.469085 -0.016762 0.882994 -0.354590 0.912118 0.205688
-0.181891 -20.746789 -35.337446 570.491627 0.812159 0.407272 -0.417764 0.485638 -0.075063 0.870931 -0.323347 0.910217 0.258750
-1.015741 -17.449648 -79.017075 365.977528 0.821906 0.409599 -0.395852 0.494886 -0.169352 0.852296 -0.282061 0.896409 0.341896
-1.339973 -17.886942 -59.035557 438.122419 0.816010 0.401879 -0.415476 0.494900 -0.114353 0.861392 -0.298665 0.908525 0.292203
-1.823948 -16.768614 -90.913125 -0.001363 0.825646 0.401873 -0.395987 0.511087 -0.235492 0.826640 -0.238953 0.884896 0.399825
-1.182170 -16.887782 -93.635132 -103.994541 0.829993 0.409387 -0.378834 0.510190 -0.282715 0.812267 -0.225429 0.867453 0.443516
3.009156 -6.739591 246.090563 -426.362990 0.737357 0.256629 0.624857 0.390162 0.593326 -0.704086 0.551433 -0.762958 -0.337366
-3.935043 -11.876355 -447.756272 -852.075926 0.795659 0.536024 0.282143 -0.005865 0.472575 -0.881271 0.605716 -0.699537 -0.379152
2.568288 -8.388856 448.872555 -420.606934 0.635248 0.116937 0.763404 0.513191 0.674767 -0.530400 0.577143 -0.728708 -0.368633
3.146577 -11.199245 153.246420 -165.214583 0.587487 -0.005202 0.809217 0.530303 0.757815 -0.380125 0.611260 -0.652448 -0.447965
6.362097 -7.805010 -119.300932 -465.053175 -0.577009 0.045894 -0.815447 0.632559 0.656693 -0.410638 0.516652 -0.752761 -0.407949
5.102173 -22.569302 -94.468702 472.526128 0.618491 0.264789 -0.739835 0.462716 0.638245 0.615253 -0.635109 0.722862 -0.272227
4.780411 -25.217695 44.666189 440.141690 0.685702 0.271769 -0.675244 0.407333 0.625548 0.665409 -0.603235 0.731321 -0.318240
3.430122 -19.460513 -18.188400 90.568006 0.692322 0.317629 -0.647921 0.473205 0.478029 0.739976 -0.544764 0.818901 -0.180647
-72.375640 -199.911755 3446.295257 -2542.611230 -0.278869 -0.289129 0.915771 0.733550 0.551312 0.397441 -0.619787 0.782598 0.058347
-32.427065 -429.331551 581.980805 -37365.807871 -0.426090 -0.433382 0.794120 -0.045989 0.887032 0.459412 -0.903511 0.159230 -0.397886
34.302898 -5143.345884 -5667.260230 474768.757238 -0.442075 -0.162172 0.882196 0.362803 0.867150 0.341210 -0.820332 0.470904 -0.324509
-59.410520 -355.598948 2722.519662 -31865.722830 -0.446382 -0.360590 0.818974 -0.617066 0.786846 0.010112 -0.648053 -0.500847 -0.573742
-10.625497 -476.583954 543.026927 69877.157342 -0.423484 -0.338108 0.840443 0.905498 -0.130229 0.403874 -0.027103 0.932053 0.361306
1.790137 -6.524169 20.185546 -12.780868 0.021265 0.998336 -0.053593 0.707195 -0.052911 -0.705035 0.706698 0.022908 0.707144
1.222865 -6.373779 -3.410644 -14.211313 0.082662 0.994241 -0.068210 0.764203 -0.107170 -0.636009 0.639656 -0.000448 0.768661
1.285884 -6.350415 0.975127 -11.303582 0.031670 0.998071 -0.053390 0.788550 -0.057772 -0.612251 0.614154 0.022711 0.788859
1.277060 -9.226466 -111.494697 182.595664 0.975792 0.023036 -0.217483 0.204159 -0.452495 0.868082 0.078413 0.891469 0.446244
1.717960 -8.817848 -72.557046 171.394658 0.990463 -0.014669 -0.136993 0.114369 -0.466896 0.876886 0.076824 0.884191 0.460765
-0.728766 -6.969094 -60.554448 81.339335 0.984761 -0.025421 -0.172042 0.127733 -0.565619 0.814715 0.118022 0.824275 0.553752
3.895544 -11.963871 -180.466081 221.756448 0.981361 0.018873 -0.191246 0.187688 -0.307932 0.932712 0.041288 0.951221 0.305735
-0.743419 -7.214210 24.911947 99.381384 0.961618 0.012599 -0.274103 0.233592 -0.561703 0.793678 0.143965 0.827243 0.543087
-0.181699 -9.311281 -53.881881 159.780747 0.941386 0.061009 -0.331768 0.323078 -0.445920 0.834731 0.097016 0.892991 0.439494
2.059901 -11.818577 -251.163715 213.495567 0.955851 0.058883 -0.287890 0.291501 -0.313647 0.903688 0.037084 0.947712 0.316964
-1.424245 -4.052351 28.668830 3.625867 -0.008187 -0.903116 0.429318 0.999958 -0.005623 0.007239 -0.004123 0.429360 0.903124
-1.528535 -4.398333 -12.073327 29.578939 0.082341 -0.897703 0.432839 0.994758 0.100457 0.019110 -0.060636 0.428997 0.901269
-1.580109 -4.287607 -33.589369 2.802340 0.012655 -0.904528 0.426227 0.999910 0.013353 -0.001350 -0.004471 0.426206 0.904615
-1.714107 -4.250492 58.294567 19.242298 0.018369 -0.900424 0.434625 0.997936 0.043264 0.047454 -0.061532 0.432856 0.899360
-1.985143 -3.949257 96.067603 8.249325 -0.076953 -0.895774 0.437798 0.997032 -0.068173 0.035764 -0.002191 0.439251 0.898362
-0.663418 -2.991907 -12.309548 -162.951924 -0.173190 0.984079 -0.039920 0.777573 0.161498 0.607700 -0.604472 -0.074207 0.793163
1.661837 -0.606441 -345.371390 6.427754 0.624704 0.457514 0.632793 -0.385560 0.885428 -0.259539 -0.679035 -0.081845 0.729529
-0.286436 -2.360881 -17.174345 -127.132628 -0.014804 0.996855 0.077849 0.801898 -0.034671 0.596454 -0.597277 -0.071257 0.798863
-0.665816 -4.850870 1.407408 -16.111966 -0.241553 0.966645 -0.085149 0.828677 0.251139 0.500224 -0.504923 -0.050270 0.861699
0.005358 -3.446733 -25.177816 -51.867393 -0.096584 0.994764 0.033398 0.827520 0.061610 0.558046 -0.553067 -0.081536 0.829138
0.797777 -1.214152 -79.484721 -97.274979 0.280324 0.907014 0.314235 0.740867 -0.412588 0.529988 -0.610357 -0.084238 0.787635
-0.134874 -4.910348 -103.850678 53.306169 0.780066 0.437729 0.447091 -0.507376 0.860671 0.042601 -0.366150 -0.260074 0.893474
1.238141 -4.766561 -61.727704 44.688102 0.740596 0.516417 0.429920 -0.582301 0.812522 0.027095 -0.335327 -0.270409 0.902460
1.628383 -5.420942 -79.933027 -44.922831 0.727330 0.521504 0.446122 0.621763 -0.775907 -0.106672 -0.290519 -0.354968 0.888592
4.186223 -7.770517 -345.575157 72.104882 -0.561399 -0.342807 -0.753203 -0.273531 0.935877 -0.222072 0.781033 0.081354 -0.619168
0.699950 -7.450439 -406.500077 49.511934 -0.554106 -0.297914 -0.777312 -0.276347 0.946645 -0.165819 0.785238 0.122927 -0.606870
6.729998 -8.456579 -501.559262 102.560333 -0.557331 -0.293636 -0.776634 -0.345212 0.932645 -0.104890 0.755123 0.209645 -0.621158
-283.163948 -367.877562 8227.353576 -37578.954284 0.380632 0.119512 0.916971 0.914965 -0.192374 -0.354726 0.134007 0.974017 -0.182573
-326.995342 -376.748919 -46350.167465 38536.796027 0.975167 0.221445 0.003445 -0.010066 0.028776 0.999535 -0.221243 0.974748 -0.030290
-188.858793 -365.475610 15307.387044 -15339.379230 -0.156104 -0.371445 0.915238 0.984339 -0.135340 0.112963 0.081909 0.918538 0.386755
-273.648061 -332.606761 16985.520818 22658.451950 -0.145827 0.112593 0.982882 0.884943 -0.429307 0.180475 0.442279 0.896113 -0.037034
-288.630812 -357.754746 32215.306477 -45266.987207 0.852652 -0.366235 0.372633 -0.036234 0.670037 0.741443 0.521221 0.645695 -0.558038
5.642929 -1.851612 -143.285660 -53.248928 -0.133719 0.982063 -0.132933 -0.260509 -0.164253 -0.951397 0.956167 0.092589 -0.277800
5.934004 -1.814178 -9.508006 -55.653295 -0.233764 0.963349 -0.131575 -0.262283 -0.192787 -0.945537 0.936249 0.186523 -0.297737
5.232591 -2.874628 -119.747633 -76.896532 -0.143157 0.983432 -0.111209 -0.303910 -0.150619 -0.940719 0.941884 0.100873 -0.320436
4.126929 -2.313804 -165.202490 -68.747155 -0.056869 0.992579 -0.107488 -0.276901 -0.119119 -0.953487 0.959214 0.024461 -0.281620
3.851590 -3.372674 -138.619692 -73.507731 -0.075522 0.992786 -0.093130 -0.330426 -0.113037 -0.937039 0.940806 0.039995 -0.336579
4.588315 -4.216733 -94.245858 -78.514060 -0.162877 0.979680 -0.117039 -0.363617 -0.169876 -0.915928 0.917199 0.106626 -0.383897
-8.666706 -11.321044 14.198993 233.544288 0.425225 0.858978 0.285204 -0.866272 0.477546 -0.146705 0.262214 0.184682 -0.947173
-7.636717 -10.513992 65.150924 30.278477 -0.158588 0.968177 0.193604 -0.925692 -0.077594 -0.370234 0.343429 0.237932 -0.908540
-5.666857 -9.884837 -40.168393 -52.285623 -0.396825 0.902836 0.165578 0.887309 0.331132 0.320990 0.234973 0.274296 -0.932496
9.427370 -8.394364 -1539.941763 128.986396 -0.382792 0.837127 0.390754 -0.621610 -0.546292 0.561397 -0.683427 0.027998 -0.729482
-14.326845 -120.637450 -1491.408656 -8045.755363 0.001619 0.999382 -0.035102 -0.954909 0.011967 0.296659 -0.296896 -0.033039 -0.954338
-13.605958 -86.329005 588.776263 8110.759953 0.613401 0.770850 -0.171841 -0.306024 0.432573 0.848074 -0.728072 0.467622 -0.501239
-19.223021 -42.663563 2202.901967 -735.110734 0.662769 0.716382 0.218022 0.669192 -0.435974 -0.601754 -0.336034 0.544723 -0.768348
-2.803003 -6.040174 -6.339236 -16.114826 -0.292951 0.903512 -0.312802 -0.682497 0.031514 0.730209 -0.669610 -0.427402 -0.607413
-2.553478 -6.128385 60.348208 -12.030812 -0.226685 0.931208 -0.285421 -0.665978 0.065638 0.743078 -0.710695 -0.358529 -0.605285
-2.203428 -6.292885 -83.568217 -32.845440 -0.373158 0.875103 -0.308138 -0.608244 0.020038 0.793497 -0.700566 -0.483522 -0.524799
-2.597764 -5.862591 61.962908 -5.969021 -0.237659 0.931121 -0.276643 -0.741031 0.010335 0.671391 -0.628006 -0.364564 -0.687533
-2.620543 -5.688172 -23.778382 -5.430396 -0.324098 0.898729 -0.295375 -0.741529 -0.047457 0.669241 -0.587448 -0.435928 -0.681814
-1.859700 -5.890831 -115.308164 -18.218512 -0.393349 0.866813 -0.306450 -0.677979 -0.048343 0.733490 -0.620984 -0.496284 -0.606697
6.966163 -26.245361 100.790032 -96.859885 0.843028 -0.530255 -0.090187 -0.187366 -0.132338 -0.973335 -0.504180 -0.837446 0.210916
6.606202 -25.220966 141.589718 -437.789519 0.853223 -0.508555 -0.115682 -0.285039 -0.268945 -0.920011 -0.436765 -0.817949 0.374429
5.728957 -22.960462 173.368401 -595.169360 0.864039 -0.487997 -0.123676 -0.339955 -0.384397 -0.858295 -0.371304 -0.783644 0.498031
3.516043 -23.033664 160.299202 -460.201298 0.903258 -0.413974 -0.112921 -0.302707 -0.428226 -0.851464 -0.304128 -0.803274 0.512111
-0.926466 -6.410063 32.888599 24.824980 -0.176212 0.983744 -0.034603 0.518925 0.122709 0.845966 -0.836460 -0.131113 0.532112
-1.145928 -6.635948 35.895044 8.392140 -0.193139 0.979008 -0.065114 0.415145 0.141670 0.898657 -0.889017 -0.146534 0.433792
-1.762984 -6.816447 22.465476 14.313444 -0.243735 0.966744 -0.077448 0.417920 0.176756 0.891123 -0.875177 -0.184831 0.447104
0.324616 -9.037445 -13.439184 -2.155248 -0.318328 0.947047 0.042062 0.296243 0.057231 0.953397 -0.900504 -0.315953 0.298774
1.602729 -15.313333 63.434681 -209.118505 -0.076518 0.942947 -0.324031 0.683021 -0.187184 -0.706006 0.726379 0.275342 0.629730
2.198718 -17.151874 59.021564 -125.338345 -0.083280 0.947097 -0.309953 0.523031 -0.223207 -0.822567 0.848235 0.230618 0.476772
2.941406 -16.133337 52.972381 -263.688484 0.004628 0.950006 -0.312197 0.705848 -0.224252 -0.671929 0.708348 0.217254 0.671598
0.737307 -16.793768 61.292062 -136.772446 -0.150081 0.945855 -0.287808 0.510439 -0.175178 -0.841882 0.846716 0.273259 0.456511
2.442566 -13.180328 69.638408 -202.816265 0.012910 0.940328 -0.340025 0.811654 -0.208461 -0.545676 0.583996 0.268938 0.765912
0.901720 -13.152407 59.168039 -120.552112 -0.076669 0.940646 -0.330615 0.794034 -0.142943 -0.590827 0.603019 0.307818 0.735946
0.191370 -15.130672 49.114227 -165.549931 -0.141104 0.946334 -0.290760 0.672445 -0.123933 -0.729698 0.726573 0.298483 0.618870
-0.574298 -12.782439 17.440188 92.276530 -0.131033 0.987808 -0.084063 0.408308 -0.023496 -0.912542 0.903391 0.153896 0.400251
-0.014106 -11.904216 18.344059 25.707460 -0.163605 0.986442 -0.012859 0.511207 0.073623 -0.856299 0.843742 0.146668 0.516321
-0.191133 -12.853130 9.847273 -59.130796 -0.141030 0.989129 -0.041639 0.595050 0.051078 -0.802064 0.791218 0.137893 0.595785
-0.721713 -16.030209 3.318672 -180.345458 0.940704 -0.338743 0.018156 -0.303721 -0.864868 -0.399697 -0.151097 -0.370482 0.916468
-0.753322 -17.520021 12.353159 -144.407544 0.936033 -0.351676 0.012903 -0.298296 -0.812339 -0.501124 -0.186714 -0.465219 0.865279
-0.422160 -13.643015 37.915766 -158.779040 0.956731 -0.290570 0.015346 -0.281534 -0.937728 -0.203482 -0.073516 -0.190357 0.978958
-0.624534 -18.631108 -7.265946 -231.773655 0.936389 -0.350883 0.007557 -0.283732 -0.769508 -0.572148 -0.206572 -0.533609 0.820116
-0.417923 -13.726205 -10.852365 -194.781088 0.948394 -0.315924 0.027238 -0.294879 -0.910274 -0.290600 -0.116602 -0.267571 0.956457
-0.614710 -15.962330 -17.104684 -177.228805 0.937558 -0.347689 0.009878 -0.301867 -0.827449 -0.473503 -0.172806 -0.440954 0.880737
-8.922808 -16.756806 380.845407 637.095288 0.270394 0.929040 0.252531 -0.896658 0.338524 -0.285317 0.350558 0.149286 -0.924566
