16944
33877
-3.588481 -4.901858 -5.736415 -42.628532 0.439007 0.745521 0.501469 -0.112894 0.599475 -0.792392 0.891363 -0.291253 -0.347338
-3.290292 -5.134483 -15.097878 -26.358069 0.377125 0.919206 0.113303 -0.380769 0.265400 -0.885764 0.844270 -0.290902 -0.450094
-4.448441 -5.588368 26.183718 -46.170796 -0.503922 -0.673180 -0.541194 -0.187885 0.696991 -0.692028 0.843067 -0.247046 -0.477710
-3.002388 -4.589535 -6.237899 -28.256703 0.343733 0.936814 -0.065012 -0.368073 0.070714 -0.927104 0.863927 -0.342606 -0.369123
-4.199293 -7.136343 -3.470747 -110.255877 -0.493366 -0.347046 -0.797590 0.011597 0.914251 -0.404981 0.869745 -0.209053 -0.447036
-2.345621 -6.462930 -38.348777 -91.271042 -0.374437 -0.539528 -0.754126 0.019815 0.808450 -0.588232 0.927041 -0.235198 -0.292023
-2.738260 -4.067485 13.900780 -31.941581 0.385203 0.754483 0.531389 0.010057 0.572358 -0.819942 0.922777 -0.321189 -0.212887
-2.694679 -4.059776 -2.981281 -24.263392 0.351073 0.936188 0.017303 -0.253075 0.112662 -0.960864 0.901499 -0.332954 -0.276479
0.328971 -6.600282 4.860068 -45.255549 -0.150405 0.702100 0.696013 0.777104 0.519165 -0.355777 0.611136 -0.487364 0.623690
0.958133 -5.785082 -6.591333 -34.847980 0.176348 -0.672895 -0.718410 0.855946 0.465231 -0.225647 0.486064 -0.575128 0.658004
0.705366 -6.002468 -2.531277 -44.701667 0.091775 -0.746461 -0.659071 0.867495 0.384895 -0.315133 0.488907 -0.542819 0.682874
1.528142 -4.740665 -4.637762 -27.592245 0.029844 -0.780471 -0.624479 0.935337 0.242129 -0.257912 0.352497 -0.576402 0.737229
0.925831 -5.509497 -3.525677 -39.066792 0.009742 -0.805587 -0.592398 0.883506 0.284392 -0.372208 0.468318 -0.519761 0.714511
0.186655 -6.624784 -0.948622 -35.760555 -0.107852 0.728955 0.676012 0.757072 0.500948 -0.419396 0.644368 -0.466557 0.605899
0.343673 -6.241854 4.599211 -29.692520 -0.061862 0.772116 0.632464 0.787140 0.427353 -0.444724 0.613664 -0.470326 0.634200
2.513330 -2.090430 -46.881107 -0.110300 -0.098590 0.810539 0.577327 0.690924 0.473279 -0.546471 0.716173 -0.345013 0.606682
1.184681 -3.703030 61.619944 -90.338747 -0.085614 0.941809 0.325064 0.764361 0.271363 -0.584906 0.639080 -0.198390 0.743114
2.030755 -3.119258 -33.161345 -12.510582 -0.041491 0.854917 0.517102 0.684374 0.401391 -0.608701 0.727950 -0.328636 0.601737
0.388045 -6.571057 -20.191329 73.862070 0.486387 0.845701 -0.219584 -0.209555 -0.131071 -0.968972 0.848242 -0.517310 -0.113470
-0.139889 -6.065104 -11.263400 68.283564 0.465296 0.849767 -0.247780 -0.243159 -0.146448 -0.958867 0.851101 -0.506408 -0.138487
-0.081137 -7.561579 -15.711539 58.539315 0.482205 0.847600 -0.221480 -0.065488 -0.217231 -0.973921 0.873607 -0.484134 0.049242
0.221871 -5.240522 -23.223806 67.478183 0.481117 0.837125 -0.260284 -0.337400 -0.097217 -0.936328 0.809128 -0.538304 -0.235673
0.511803 -7.559450 -25.577933 29.152357 0.496022 0.839890 -0.220332 -0.006515 -0.250141 -0.968188 0.868285 -0.481678 0.118603
0.869807 -6.873679 -9.111578 46.678597 0.450594 0.864140 -0.224115 -0.132762 -0.183389 -0.974034 0.882802 -0.468648 -0.032090
7.811390 -5.198450 257.531387 59.461879 -0.367670 0.745509 -0.555909 0.899427 0.436982 -0.008847 0.236327 -0.503252 -0.831196
15.086795 -5.256654 342.095125 52.848555 -0.334281 0.617585 -0.711930 0.913691 0.397614 -0.084094 0.231138 -0.678595 -0.697197
14.673667 -3.751579 323.395889 41.998767 -0.318009 0.608136 -0.727352 0.891909 0.452055 -0.011994 0.321509 -0.652546 -0.686160
10.584388 -3.251966 285.476148 35.921674 -0.319155 0.688278 -0.651470 0.882529 0.466367 0.060365 0.345372 -0.555676 -0.756269
0.222322 -4.820521 19.722133 -3.198569 0.360946 0.907492 -0.214885 0.500977 -0.383028 -0.776087 0.786600 -0.172473 0.592885
0.647216 -4.880984 27.600512 4.457155 0.368825 0.900328 -0.231035 0.550129 -0.411789 -0.726490 0.749217 -0.140849 0.647175
-0.002502 -4.607551 11.482684 -1.949711 0.399981 0.882569 -0.247157 0.554303 -0.447702 -0.701649 0.729906 -0.143647 0.668283
-0.184415 -4.592407 10.724888 -7.001751 0.358451 0.910198 -0.207491 0.483307 -0.371088 -0.792911 0.798704 -0.183938 0.572922
-0.355100 -4.358325 6.303223 -11.847999 0.397938 0.883006 -0.248890 0.564703 -0.449570 -0.692097 0.723019 -0.134863 0.677537
1.335742 -4.209700 -50.593752 22.244141 0.449435 0.834943 0.317613 -0.088945 -0.311953 0.945925 -0.888874 0.453382 0.065939
1.239785 -4.038547 -39.024929 11.324015 0.450212 0.834481 0.317727 -0.004958 -0.353486 0.935427 -0.892908 0.422716 0.155006
0.565403 -4.439806 -16.371598 13.405779 0.452400 0.792096 0.409778 -0.175054 -0.371677 0.911709 -0.874466 0.484190 0.029487
0.565670 -4.561086 -6.023074 13.299876 0.475967 0.781162 0.404032 -0.267286 -0.309190 0.912666 -0.837863 0.542391 -0.061630
0.216139 -5.012796 3.877637 2.876176 0.456610 0.763178 0.457237 -0.334936 -0.328669 0.883060 -0.824212 0.556359 -0.105542
0.626602 -5.188180 4.936010 22.225789 0.465935 0.841620 0.273094 0.851121 -0.341941 -0.398333 -0.241863 0.418033 -0.875643
0.739629 -5.319431 2.620553 -0.415499 0.475246 0.841803 0.255949 0.767268 -0.254135 -0.588825 -0.430629 0.476218 -0.766665
0.577323 -5.338378 -7.591781 14.618225 0.444746 0.864320 0.234842 0.818227 -0.285439 -0.499029 -0.364288 0.414095 -0.834158
0.696640 -5.232013 1.510929 8.916859 0.480342 0.837000 0.262113 0.812547 -0.312150 -0.492270 -0.330211 0.449437 -0.830040
-0.812619 -9.481269 -2.571349 80.932450 0.245052 0.878696 0.409688 0.909835 -0.062463 -0.410242 -0.334888 0.473279 -0.814775
-0.993883 -10.647294 -2.574011 -57.505070 0.270033 0.874401 0.403120 -0.823851 -0.006870 0.566765 -0.498349 0.485156 -0.718521
-1.042763 -10.070558 -8.206710 92.539600 0.249418 0.876637 0.411459 0.914241 -0.073063 -0.398528 -0.319302 0.475573 -0.819681
-0.881660 -7.650434 -3.923119 99.151866 0.220101 0.878658 0.423692 0.970234 -0.152219 -0.188347 -0.100998 0.452536 -0.886008
-0.681064 -7.491075 -1.018423 86.529400 0.200680 0.885334 0.419417 0.969020 -0.116471 -0.217796 -0.143972 0.450130 -0.881280
-0.589235 -8.202671 -8.432660 70.809549 0.215394 0.900899 0.376811 0.933986 -0.077404 -0.348825 -0.285089 0.427071 -0.858099
-0.314377 -11.639810 1.590065 -51.930152 -0.033229 0.958638 0.282683 -0.023684 0.282004 -0.959121 0.999167 0.038565 -0.013333
-0.228241 -11.236686 4.344351 51.105597 -0.044142 0.954438 0.295125 -0.322731 0.265951 -0.908358 0.945461 0.135343 -0.296288
-0.147650 -11.763657 11.982808 -31.077814 -0.068082 0.957496 0.280298 -0.057000 0.276758 -0.959248 0.996050 0.081284 -0.035735
-0.281595 -11.169548 7.215942 -68.229634 -0.046182 0.962986 0.265565 0.199287 0.269387 -0.942187 0.978852 -0.009411 0.204351
-0.429192 -10.830221 3.501495 -71.330839 -0.037767 0.961047 0.273791 0.210415 0.275492 -0.937992 0.976882 -0.022184 0.212623
-0.531582 -11.358558 -3.008066 -67.461755 -0.008388 0.957432 0.288537 0.032007 0.288656 -0.956898 0.999452 -0.001209 0.033065
1.759080 -2.574361 -14.210212 -4.810813 0.411600 0.755012 0.510434 0.905129 -0.273247 -0.325696 -0.106430 0.596065 -0.795851
1.579225 -2.801873 -19.977467 -19.875711 0.347284 0.788746 0.507221 0.934573 -0.246550 -0.256488 -0.077249 0.563110 -0.822764
1.765019 -2.379905 -1.643967 -12.070038 0.395622 0.729303 0.558212 0.916276 -0.271987 -0.294042 -0.062619 0.627806 -0.775847
1.584691 -2.891951 -6.094202 -19.879111 0.316722 0.769293 0.554865 0.948516 -0.255621 -0.187015 -0.002034 0.585530 -0.810648
1.663007 -2.515371 10.549690 -18.966728 0.353163 0.716422 0.601677 0.935537 -0.275128 -0.221529 0.006830 0.641127 -0.767405
0.606431 -3.227752 13.998822 -4.409818 -0.085720 -0.975338 -0.203392 0.994795 -0.095073 0.036649 -0.055082 -0.199192 0.978411
0.528648 -3.071217 12.764865 0.580524 -0.100569 -0.974337 -0.201378 0.984069 -0.127238 0.124173 -0.146609 -0.185682 0.971611
0.883684 -3.152428 9.327905 -3.501277 -0.074226 -0.980858 -0.180021 0.994952 -0.085064 0.053238 -0.067532 -0.175161 0.982221
0.799392 -3.410486 3.435280 -10.750309 -0.085012 -0.981184 -0.173353 0.996224 -0.080628 -0.032187 0.017604 -0.175434 0.984334
0.062336 -3.647464 12.309298 7.624358 0.132937 0.987643 0.083004 0.971902 -0.113487 -0.206221 0.194252 -0.108087 0.974979
-0.202819 -3.585284 8.049758 10.844451 0.159240 0.983616 0.084507 0.958019 -0.133288 -0.253837 0.238414 -0.121380 0.963548
-0.058788 -3.449641 11.736029 10.363639 0.130815 0.987721 0.085408 0.941548 -0.096799 -0.322673 0.310443 -0.122626 0.942649
0.279981 -3.568233 13.170920 12.627117 0.120403 0.988514 0.091340 0.959546 -0.092296 -0.265994 0.254509 -0.119672 0.959637
1.400200 -3.092237 -14.673926 18.145949 0.460356 0.762582 0.454468 0.857714 -0.250075 -0.449209 -0.228908 0.596600 -0.769201
0.983480 -3.116702 -20.588794 -13.039860 0.396332 0.799582 0.451209 0.897046 -0.232587 -0.375781 -0.195523 0.553689 -0.809444
1.626945 -2.839702 -14.507730 8.746765 0.439191 0.755968 0.485410 0.885006 -0.271128 -0.378490 -0.154518 0.595820 -0.788113
1.877056 -3.207936 -12.862260 30.205669 0.476984 0.729477 0.490254 0.854877 -0.255505 -0.451556 -0.204138 0.634492 -0.745485
1.585768 -3.743158 -10.337093 32.341273 0.486499 0.739513 0.465231 0.828130 -0.220626 -0.515290 -0.278422 0.635960 -0.719747
-0.418053 -8.110686 42.873561 5.763312 -0.156045 0.842119 -0.516223 -0.278350 0.463954 0.840992 -0.947719 -0.274923 -0.162006
0.038027 -8.256224 26.516588 -69.028746 -0.152350 0.815177 -0.558817 -0.229924 0.520671 0.822215 -0.961210 -0.253750 -0.108104
0.534166 -8.276143 25.783555 2.972206 -0.151135 0.821057 -0.550476 -0.356455 0.474140 0.805066 -0.922008 -0.317894 -0.221011
0.019923 -9.522192 44.075260 109.814503 -0.146389 0.865964 -0.478202 -0.417321 0.384226 0.823537 -0.896891 -0.320120 -0.305138
0.107964 -3.483848 -33.568956 -2.133085 0.259172 0.965807 -0.006848 0.852757 -0.232153 -0.467879 0.453471 -0.115421 0.883766
0.107530 -3.527134 -30.034537 -6.040994 0.285704 0.957827 -0.030659 0.788243 -0.253074 -0.560916 0.545019 -0.136089 0.827305
-0.727960 -3.421729 -18.101512 -2.667294 0.316949 0.945648 -0.072750 0.811161 -0.310023 -0.495887 0.491489 -0.098159 0.865334
-0.132239 -3.057670 68.582304 -0.487400 0.184051 0.905652 -0.381994 -0.769474 -0.109055 -0.629299 0.611584 -0.409757 -0.676804
0.730285 -2.981581 62.600438 10.302145 0.289314 0.910685 -0.294875 -0.690240 -0.014960 -0.723426 0.663224 -0.412831 -0.624262
-0.440025 -3.266719 51.858167 3.333404 0.350336 0.904867 -0.241827 -0.639083 0.042189 -0.767980 0.684717 -0.423598 -0.593065
-1.247319 -7.870632 31.049357 86.409686 -0.763189 0.615737 0.195985 -0.250436 -0.561448 0.788707 -0.595671 -0.552851 -0.582694
-1.430175 -6.421161 -25.055509 -87.832266 0.787154 -0.585365 -0.194257 0.151566 0.488902 -0.859071 -0.597842 -0.646779 -0.473563
-0.998408 -6.752001 -30.855414 -68.994837 0.758523 -0.627278 -0.176535 0.171278 0.453296 -0.874750 -0.628734 -0.633282 -0.451274
-0.274510 -7.945573 22.223685 56.801973 -0.769384 0.610566 0.187767 -0.225237 -0.534366 0.814691 -0.597759 -0.584519 -0.548655
-1.016589 -8.006505 26.306826 -11.913863 -0.758655 0.616980 0.209234 0.361826 0.666097 -0.652224 -0.541779 -0.419107 -0.728577
0.708093 -33.371951 40.633833 905.723830 -0.381850 0.923749 -0.029636 0.737167 0.285068 -0.612634 0.557472 0.255781 0.789811
-1.000847 -14.464150 69.311847 545.698437 -0.346086 0.934846 -0.079294 0.703751 0.202780 -0.680892 0.620450 0.291451 0.728079
88.786036 -86.109409 1884.375075 3129.202942 0.647578 -0.136637 -0.749648 -0.155136 0.939546 -0.305263 0.746040 0.313979 0.587232
0.306025 -3.089250 7.728526 -0.007212 0.025648 0.985116 0.169968 0.726055 0.098515 -0.680544 0.687159 -0.140860 0.712721
0.371528 -3.123178 3.900621 -2.608971 0.015313 0.979397 0.201363 0.716289 0.129766 -0.685632 0.697636 -0.154733 0.699544
0.439798 -3.099518 6.356274 0.879682 0.024101 0.984650 0.172866 0.778344 0.090033 -0.621349 0.627375 -0.149525 0.764227
0.682863 -2.821133 -29.789951 4.046266 0.224907 0.972127 -0.066224 -0.305698 0.005865 -0.952110 0.925184 -0.234381 -0.298497
0.117424 -2.875068 -29.405135 5.628778 0.226632 0.968177 -0.106168 -0.293319 -0.036099 -0.955333 0.928764 -0.247650 -0.275803
0.410906 -2.992241 -23.093731 6.094602 0.219382 0.973271 -0.067931 -0.224727 -0.017345 -0.974267 0.949405 -0.229003 -0.214915
3.613667 -11.296500 65.134770 42.892800 0.224393 -0.511727 -0.829327 -0.664099 0.542516 -0.514440 0.713176 0.666192 -0.218101
5.806847 -12.087093 -109.560567 -114.370020 -0.225403 0.435614 0.871455 0.783033 -0.451222 0.428085 0.579700 0.778870 -0.239394
4.738647 -11.593759 -105.940908 -175.404978 -0.243537 0.550987 0.798188 0.839572 -0.292278 0.457922 0.485602 0.781657 -0.391413
3.285269 -10.780714 -6.903906 -113.263493 -0.279689 0.555695 0.782928 0.745405 -0.388270 0.541865 0.605099 0.735153 -0.305623
2.592101 -1.456287 -29.873114 -3.263701 0.156609 0.952742 0.260300 -0.088390 0.276015 -0.957081 0.983697 -0.126880 -0.127440
2.961640 -1.487876 -7.680692 -3.349111 0.069435 0.955312 0.287330 -0.064225 0.291708 -0.954349 0.995517 -0.047811 -0.081610
2.814122 -1.671037 2.261587 -5.446685 0.039844 0.973454 0.225386 -0.105720 0.228406 -0.967809 0.993597 -0.014734 -0.112014
2.425636 -2.042163 32.597716 -8.349206 -0.069576 0.977964 0.196840 -0.113128 0.188311 -0.975572 0.991141 0.090145 -0.097533
2.453120 -1.864097 1.791849 -4.120771 0.003457 0.994006 0.109271 -0.171981 0.108234 -0.979136 0.985094 0.015408 -0.171325
2.426393 -1.482721 -19.154467 3.127379 0.122560 0.974903 0.185858 -0.143737 0.202732 -0.968628 0.981997 -0.092000 -0.164977
1.695041 -17.934600 3.176824 -385.590267 0.596231 0.801715 -0.041980 0.013218 -0.062087 -0.997983 0.802704 -0.594473 0.047615
2.031581 -9.017792 15.053931 -95.341756 0.594811 0.799821 0.080536 0.228470 -0.072148 -0.970874 0.770715 -0.595887 0.225650
1.311079 -10.993787 26.251988 -99.929739 0.534311 0.844948 0.023950 0.200506 -0.099165 -0.974661 0.821163 -0.525574 0.222403
1.241601 -19.838083 19.857198 -343.704941 0.555285 0.831350 -0.022731 -0.021463 -0.012998 -0.999685 0.831383 -0.555598 -0.010626
1.249014 -23.114194 15.560749 -408.401528 0.593251 0.803418 -0.050730 -0.271862 0.140633 -0.952005 0.757723 -0.578569 -0.301849
-3.717823 -4.233328 2.593432 12.963586 0.240951 0.911060 -0.334532 -0.117428 0.369522 0.921772 -0.963407 0.182818 -0.196021
-3.658937 -4.057316 4.037521 6.131396 0.300150 0.952507 -0.051390 -0.212588 0.119314 0.969830 -0.929901 0.280170 -0.238303
-3.697800 -4.433281 -2.860651 0.231300 0.327372 0.790996 -0.516868 -0.175626 0.588416 0.789254 -0.928431 0.167604 -0.331550
-3.457292 -3.900070 21.001096 8.588485 0.243107 0.926416 0.287494 -0.175350 -0.249530 0.952359 -0.954019 0.281937 -0.101785
-3.679771 -4.516618 0.533203 -3.276981 0.211613 0.864056 -0.456757 -0.217078 0.497220 0.840029 -0.952941 0.078609 -0.292786
-3.863564 -4.431166 6.733465 9.957976 0.131293 0.925417 -0.355479 -0.144383 0.372610 0.916687 -0.980773 0.069030 -0.182536
-3.668368 -3.973863 13.861630 8.581675 0.164746 0.961642 0.219324 -0.089931 -0.206791 0.974243 -0.982228 0.180227 -0.052414
13.943784 -2.366108 -277.546245 -10.008943 -0.027690 0.938959 -0.342913 -0.873353 -0.189611 -0.448667 0.486300 -0.287060 -0.825293
14.076176 -1.483197 -246.582114 1.781440 -0.052794 0.811044 -0.582598 0.903543 0.287229 0.317978 0.425233 -0.509615 -0.747977
11.999760 -1.338717 -277.065749 -3.733618 0.019492 0.810980 -0.584749 0.894561 0.247056 0.372457 0.446521 -0.530353 -0.720656
11.897867 -1.760661 -317.495670 -4.611423 0.113620 0.847929 -0.517790 -0.858373 -0.178652 -0.480914 0.500285 -0.499099 -0.707541
12.824639 -2.452552 -270.574012 2.050904 0.063831 0.968971 -0.238792 -0.832919 -0.080074 -0.547571 0.549701 -0.233846 -0.801963
13.014361 -3.287171 95.907442 -19.663133 -0.201263 0.974322 0.100943 -0.837264 -0.117628 -0.533997 0.508411 0.191989 -0.839439
0.240186 -3.802029 -47.306893 -3.358623 -0.088209 0.995859 -0.022011 -0.657851 -0.041648 0.751996 -0.747965 -0.080813 -0.658800
-0.106990 -3.983106 4.222164 -2.113264 0.022626 0.998044 -0.058272 -0.563238 0.060882 0.824049 -0.825985 -0.014176 -0.563514
0.135600 -3.952698 43.345238 -3.947772 0.065629 0.996440 -0.052921 -0.653717 0.083005 0.752173 -0.753888 0.014769 -0.656837
1.328616 -4.161774 60.965687 -2.726218 0.112701 0.988995 -0.095850 -0.101709 0.107440 0.988995 -0.988410 0.101712 -0.112698
0.818626 -4.147034 60.534756 2.619140 0.131752 0.984455 -0.116148 -0.201793 0.141351 0.969175 -0.970526 0.104253 -0.217280
0.234928 -4.184335 60.063690 2.954982 0.125700 0.983855 -0.127392 -0.071952 0.137114 0.987939 -0.989456 0.115018 -0.088025
1.099248 -4.063158 43.795156 1.319853 0.097360 0.988325 -0.117197 0.020062 0.115784 0.993072 -0.995047 0.099036 0.008556
0.102025 -4.081159 41.692815 7.466623 0.106463 0.984323 -0.140620 0.076445 0.132902 0.988177 -0.991374 0.115954 0.061097
0.021092 -3.153353 2.560781 -6.476361 -0.175000 -0.153784 -0.972484 0.158571 0.970429 -0.181995 0.971715 -0.186057 -0.145439
0.109671 -3.151209 4.295407 -8.563436 -0.169707 -0.153647 -0.973444 0.125636 0.976339 -0.176007 0.977453 -0.152169 -0.146388
-0.005813 -3.312653 6.277877 -13.303087 -0.177297 -0.126907 -0.975941 0.087808 0.985656 -0.144122 0.980232 -0.111248 -0.163610
-0.050101 -3.313467 2.798237 -11.493817 -0.174587 -0.128145 -0.976267 0.142565 0.977757 -0.153836 0.974266 -0.166039 -0.152435
-0.119339 -3.470498 -0.850280 -7.938382 -0.165856 -0.099311 -0.981137 0.043684 0.993200 -0.107916 0.985182 -0.060758 -0.160390
-0.073039 -3.592663 2.800196 -9.229935 -0.170176 -0.092285 -0.981083 -0.028390 0.995651 -0.088731 0.985005 0.012753 -0.172056
-0.261104 -3.697804 -0.543496 12.462452 -0.150218 -0.015334 0.988534 0.212686 0.975967 0.047459 -0.965505 0.217376 -0.143346
-0.363323 -3.729335 -2.441942 8.711410 -0.142023 0.030431 0.989396 0.186900 0.982373 -0.003387 -0.972059 0.184437 -0.145207
-0.198136 -3.610626 -0.756536 2.099170 -0.144149 0.019374 0.989366 0.269778 0.962705 0.020454 -0.952072 0.269857 -0.143999
-0.207171 -3.716688 1.414206 4.653383 -0.150610 -0.006901 0.988569 0.258793 0.964829 0.046163 -0.954119 0.262787 -0.143526
1.563840 -5.978816 -10.851864 17.334156 -0.065802 -0.138596 0.988160 0.193139 0.969810 0.148884 -0.978962 0.200649 -0.037047
2.167750 -6.137290 -15.344306 -8.778214 -0.039169 -0.181330 0.982642 0.315291 0.930917 0.184353 -0.948186 0.317039 0.020709
1.680384 -6.156155 -11.063902 25.759601 -0.031053 -0.209009 0.977421 0.191673 0.958498 0.211052 -0.980968 0.193899 0.010297
-0.411854 -9.622817 0.618390 -83.172897 -0.055537 0.680009 -0.731097 0.935339 -0.220777 -0.276401 -0.349365 -0.699175 -0.623778
-0.402341 -9.240260 -2.164186 -90.350945 -0.097646 0.679779 -0.726887 0.917824 -0.220883 -0.329864 -0.384792 -0.699364 -0.602349
-0.663237 -8.219667 -2.019719 -35.759752 -0.077599 0.679822 -0.729260 0.885672 -0.288858 -0.363518 -0.457780 -0.674094 -0.579685
-0.597829 -7.809402 -7.715983 -25.512771 -0.118258 0.674086 -0.729125 0.859418 -0.298336 -0.415206 -0.497408 -0.675724 -0.544042
0.031099 -7.981346 21.336643 -133.418209 -0.212869 0.617641 -0.757104 0.456057 0.748085 0.482058 0.864117 -0.242668 -0.440924
0.227980 -10.716830 3.357488 -141.649146 -0.177897 0.602802 -0.777806 0.295799 0.786616 0.541976 0.938539 -0.133658 -0.318245
0.223895 -10.649842 18.237733 -138.729568 -0.228196 0.588690 -0.775481 0.228084 0.806655 0.545239 0.946522 -0.052454 -0.318346
3.260317 -4.909652 -24.964317 11.203255 -0.309722 0.006077 -0.950808 -0.103730 0.993795 0.040142 0.945152 0.111060 -0.307170
2.705204 -4.796489 -34.794667 13.254750 -0.241030 -0.029790 -0.970060 -0.012433 0.999542 -0.027606 0.970438 0.005406 -0.241290
2.210278 -4.409366 -53.351010 4.978161 -0.173972 0.041253 -0.983886 -0.092288 0.994042 0.057998 0.980417 0.100890 -0.169128
2.047530 -4.184145 -61.870123 3.316975 -0.159033 0.086202 -0.983503 -0.212301 0.969890 0.119338 0.964177 0.227777 -0.135944
3.048360 -4.333737 -36.486589 12.508420 -0.281015 0.080854 -0.956291 -0.233894 0.960629 0.149953 0.930765 0.265810 -0.251040
0.163042 -8.535897 2.002031 9.876201 0.060911 0.061209 -0.996265 0.928974 -0.368566 0.034153 -0.365098 -0.927584 -0.079311
0.104993 -8.244181 -9.064900 -12.825724 0.052228 0.052032 -0.997279 0.984127 -0.172291 0.042550 -0.169608 -0.983671 -0.060205
0.300053 -8.012959 -8.313967 -10.327858 0.071600 0.049278 -0.996215 0.962192 -0.266560 0.055969 -0.262794 -0.962558 -0.066500
0.368932 -8.185277 -8.598832 21.799715 0.082114 0.051470 -0.995293 0.908835 -0.413699 0.053587 -0.408993 -0.908958 -0.080748
0.112041 -8.668711 -0.961603 3.588993 -0.075670 -0.069281 0.994723 -0.385152 0.922192 0.034930 -0.919746 -0.380477 -0.096466
0.346864 -8.912785 -14.655791 6.767237 -0.093912 -0.061428 0.993684 -0.425773 0.904694 0.015688 -0.899943 -0.421611 -0.111116
0.251456 -8.642815 -7.041417 10.712641 -0.091087 -0.060025 0.994032 -0.571100 0.820876 -0.002763 -0.815811 -0.567943 -0.109051
0.513294 -8.859150 -15.013157 19.800824 -0.086936 -0.059693 0.994424 -0.621717 0.783208 -0.007339 -0.778403 -0.618888 -0.105201
0.599016 -6.864463 3.107822 -18.272174 0.026284 0.150491 -0.988262 0.885892 0.454519 0.092774 0.463146 -0.877932 -0.121372
0.717357 -6.773242 -3.385142 -14.088818 0.058164 0.133123 -0.989391 0.950084 0.296921 0.095804 0.306524 -0.945577 -0.109208
0.379379 -7.231454 -10.322376 -20.654499 0.014252 0.104985 -0.994372 0.894307 0.443461 0.059638 0.447227 -0.890124 -0.087568
-1.054554 -3.808152 29.643893 -12.373711 0.072254 -0.234379 -0.969456 0.892405 -0.418883 0.167782 -0.445413 -0.877270 0.178895
-0.839706 -3.160623 24.740772 -6.954421 0.055842 -0.227270 -0.972229 0.843330 -0.510532 0.167781 -0.534486 -0.829280 0.163155
-0.559839 -3.770163 22.260766 -3.663633 0.014553 -0.200262 -0.979634 0.891259 -0.441526 0.103499 -0.453261 -0.874614 0.172060
-0.309673 -9.614040 11.445476 28.435437 0.005597 0.121791 -0.992540 0.507311 0.854997 0.107775 0.861745 -0.504130 -0.057001
-0.521132 -8.966187 3.973201 27.956455 0.031946 0.120080 -0.992250 0.512689 0.850232 0.119400 0.857980 -0.512530 -0.034402
-0.417503 -10.347163 9.097143 66.903873 0.047651 0.166259 -0.984930 0.665698 0.729859 0.155409 0.744699 -0.663071 -0.075900
-0.214721 -10.812535 12.149219 65.933393 0.033521 0.163218 -0.986020 0.669491 0.728846 0.143407 0.742063 -0.664939 -0.084841
-0.140646 -12.207039 12.911793 73.442366 0.067571 0.201882 -0.977076 0.841428 0.514709 0.164539 0.536127 -0.833258 -0.135089
-0.343317 -10.975266 4.810262 75.654906 0.087764 0.188460 -0.978151 0.815366 0.550507 0.179224 0.572256 -0.813280 -0.105349
1.896647 -7.569667 -47.525204 119.219377 -0.048124 -0.064119 -0.996781 0.706159 0.703593 -0.079352 0.706416 -0.707705 0.011419
1.191113 -11.397669 -50.602004 189.338712 -0.026087 -0.064420 -0.997582 0.834931 0.547375 -0.057181 0.549735 -0.834404 0.039507
0.608237 -9.779484 -36.551501 172.390349 0.015747 -0.055976 -0.998308 0.754373 0.655975 -0.024881 0.656257 -0.752704 0.052556
2.270961 -9.919920 -36.676506 164.974211 -0.106144 -0.031870 -0.993840 0.775606 0.622789 -0.102808 0.622229 -0.781740 -0.041387
1.102168 -6.356076 -37.271003 58.492944 0.001317 -0.064700 -0.997904 0.652672 0.756109 -0.048162 0.757640 -0.651240 0.043224
2.535062 -6.827271 -27.008416 39.313552 -0.117369 0.016732 -0.992947 0.697346 0.713268 -0.070409 0.707060 -0.700691 -0.095384
0.417808 -3.605091 -71.953923 6.456718 -0.080893 0.929885 -0.358845 -0.466539 0.282825 0.838064 -0.880794 -0.235209 -0.410949
-1.431719 -3.722557 -63.320581 6.258633 -0.019317 0.895694 -0.444252 -0.539236 0.364837 0.759025 -0.841933 -0.254218 -0.475943
0.699522 -3.751478 -95.784902 4.598696 -0.070913 0.911837 -0.404382 -0.553770 0.301201 0.776284 -0.829645 -0.278983 -0.483589
-1.721927 -3.503088 -42.013559 13.705308 -0.013711 0.928231 -0.371752 -0.435517 0.329124 0.837856 -0.900076 -0.173392 -0.399748
0.257281 -4.139319 -21.013097 -10.592773 -0.385271 -0.323290 -0.864321 0.185697 0.890304 -0.415783 0.903926 -0.320691 -0.282974
0.175867 -4.720268 -14.833366 -21.008350 -0.374312 -0.303480 -0.876236 0.113709 0.922778 -0.368174 0.920305 -0.237448 -0.310899
0.420504 -4.853960 -11.102405 -27.355641 -0.400141 -0.374774 -0.836320 0.063205 0.899103 -0.433149 0.914272 -0.226181 -0.336080
-4.297223 -46.498675 -118.016676 1028.204747 0.713015 0.006218 -0.701121 -0.444815 -0.768956 -0.459181 0.541986 -0.639272 0.545512
-9.082387 -144.853991 10.900014 -4257.622320 0.609019 -0.329528 -0.721461 0.357937 0.925904 -0.120756 0.707797 -0.184695 0.681844
-3.121052 -48.828610 -55.053114 -872.638553 0.719815 -0.015866 -0.693985 0.162386 0.975848 0.146120 0.674905 -0.217873 0.705007
-2.890234 -69.074092 -27.482207 1794.440518 0.687601 -0.074950 -0.722210 -0.458656 -0.815922 -0.352002 0.562885 -0.573283 0.595405
0.434969 -2.788806 -12.935364 -2.823698 0.144697 0.776592 0.613162 -0.414696 -0.515037 0.750176 -0.898382 0.362824 -0.247525
0.480381 -2.793596 -14.165793 -10.491667 0.164954 0.805578 0.569065 -0.351052 -0.491232 0.797154 -0.921712 0.331265 -0.201769
0.163951 -3.043018 -14.561852 -6.247391 0.148972 0.796844 0.585531 -0.385234 -0.498587 0.776534 -0.910715 0.341249 -0.232695
-1.295776 -2.222797 -3.172543 -2.079663 0.115878 0.667261 0.735755 -0.309027 0.728201 -0.611740 -0.943968 -0.156481 0.290584
-1.070909 -1.867815 -8.584550 12.241855 0.065026 0.720437 0.690466 0.381204 -0.657386 0.650021 -0.922201 -0.220941 0.317381
-1.094993 -1.828034 2.833857 -10.592093 0.202141 0.520143 0.829814 -0.338260 0.832242 -0.439266 -0.919086 -0.191899 0.344173
-1.218702 -3.492629 12.226644 -1.144415 0.066283 0.994150 0.085273 -0.009897 -0.084801 0.996349 -0.997752 0.066885 -0.004218
-1.409850 -3.462454 9.604055 -3.995886 0.025900 0.999087 0.033980 -0.077840 -0.031872 0.996456 -0.996629 0.028453 -0.076944
-1.290325 -3.536913 5.415465 2.641634 0.018917 0.998163 0.057548 0.035390 -0.058191 0.997678 -0.999195 0.016836 0.036426
-1.093806 -3.449061 2.717309 6.819351 0.041747 0.995100 0.089628 0.126094 -0.094236 0.987532 -0.991139 0.029925 0.129410
-1.045354 -3.455827 5.110379 -0.699516 0.084803 0.992507 0.087972 0.058267 -0.093079 0.993952 -0.994693 0.079164 0.065723
-0.116582 -5.749159 -0.378259 -13.431675 -0.013752 0.201562 0.979379 0.869147 0.486670 -0.087956 -0.494363 0.850015 -0.181880
-0.120057 -5.956747 1.152060 -4.115230 -0.003946 0.201831 0.979412 0.941112 0.331865 -0.064597 -0.338071 0.921482 -0.191255
-0.130991 -5.955182 -0.895512 -0.520021 -0.002338 0.207642 0.978202 0.924440 0.373460 -0.077065 -0.381321 0.904108 -0.192826
-0.141802 -5.791436 -0.969098 -16.011420 -0.015685 0.202884 0.979077 0.838478 0.536113 -0.097661 -0.544710 0.819403 -0.178523
-1.220970 -3.226114 0.181624 -2.812762 0.219030 0.921357 -0.321133 0.034647 0.321573 0.946251 -0.975103 0.218384 -0.038512
-1.079933 -3.213310 -5.086259 -1.593421 0.176882 0.965031 -0.193465 0.015352 0.193835 0.980914 -0.984112 0.176476 -0.019471
-1.401717 -3.313115 -2.598225 -2.528864 0.201867 0.940632 -0.272874 0.121500 0.252407 0.959963 -0.971847 0.226939 0.063334
-0.004008 -152.950397 20.143173 4840.658864 0.194228 0.822612 0.534402 0.976232 -0.108686 -0.187508 -0.096164 0.558120 -0.824169
-1.573479 -16.633542 37.204157 530.482052 0.293172 0.824863 0.483375 0.952513 -0.295512 -0.073429 0.082274 0.481948 -0.872328
-2.054857 -49.125240 13.463890 1447.237808 0.167775 0.871522 0.460761 0.981838 -0.105730 -0.157526 -0.088571 0.478822 -0.873433
-4.434202 -5.723116 -31.941704 -21.434220 0.468236 0.836497 0.284654 -0.422268 0.494820 -0.759502 0.776173 -0.235426 -0.584918
-3.254271 -5.171369 2.806651 -23.457853 0.381372 0.924323 -0.013507 -0.473056 0.182586 -0.861905 0.794212 -0.335096 -0.506890
0.777819 -6.253579 18.226703 -40.143591 -0.212940 0.655061 0.724950 0.781843 0.559225 -0.275661 0.585984 -0.508098 0.631236
1.544293 -5.700836 -18.510052 -22.543464 0.240391 -0.616258 -0.749959 0.829298 0.531915 -0.171265 0.504457 -0.580769 0.638929
-0.312550 -7.087457 1.437395 62.922250 0.448420 0.863250 -0.231773 -0.095917 -0.211334 -0.972696 0.888661 -0.458408 0.011966
-0.063223 -4.228045 -13.977520 47.506363 0.445595 0.830832 -0.333411 -0.399961 -0.148438 -0.904432 0.800922 -0.536362 -0.266157
-0.266612 -5.327907 -2.236318 60.947318 0.443876 0.852326 -0.276611 -0.267293 -0.168698 -0.948734 0.855294 -0.495056 -0.152940
9.130812 -6.672079 288.203222 71.784847 -0.377896 0.719746 -0.582375 0.918448 0.370793 -0.137715 0.116821 -0.586923 -0.801170
11.736903 -7.295286 251.204840 83.710707 -0.312625 0.600128 -0.736283 0.943657 0.284777 -0.168561 0.108518 -0.747495 -0.655343
0.415277 -6.541299 6.991724 -106.150836 0.162587 -0.099284 -0.981686 0.730037 -0.657218 0.187377 -0.663786 -0.747132 -0.034374
1.114861 -6.297371 -26.664205 -73.009898 -0.003670 -0.002904 -0.999989 0.804085 -0.594513 -0.001225 -0.594503 -0.804080 0.004517
-0.038034 -4.467885 -4.890400 60.106156 -0.089143 0.020983 0.995798 -0.669480 0.738983 -0.075503 -0.737462 -0.673397 -0.051828
2.760942 -3.786668 -59.662878 -8.226087 0.490311 0.848951 0.197173 0.001725 -0.227179 0.973852 -0.871546 0.477150 0.112853
2.628392 -3.685051 -54.647783 -1.810204 0.483962 0.851008 0.203879 0.112742 -0.291675 0.949850 -0.867796 0.436705 0.237104
0.163758 -4.160211 -12.593394 10.182739 0.415984 0.877961 0.236943 0.908881 -0.392841 -0.140038 -0.029867 0.273607 -0.961378
0.394749 -3.849060 -5.920187 12.282264 0.439664 0.860724 0.256614 0.897295 -0.433483 -0.083390 0.039462 0.266922 -0.962910
0.437806 -4.187973 -3.784190 9.910922 0.457749 0.852084 0.253809 0.886199 -0.414310 -0.207362 -0.071534 0.319845 -0.944765
-0.856446 -11.022071 4.059862 -37.385671 0.286944 0.856749 0.428538 -0.789965 -0.041416 0.611751 -0.541865 0.514068 -0.664918
-0.785034 -10.413045 -7.698660 39.187112 0.285045 0.881966 0.375347 -0.628954 -0.123396 0.767588 -0.723302 0.454873 -0.519542
-0.296363 -8.215862 4.994848 105.057593 -0.034052 0.947615 0.317594 -0.691627 0.207051 -0.691941 0.721451 0.243219 -0.648346
-0.305291 -10.395048 3.244909 115.613322 -0.039982 0.948972 0.312815 -0.554017 0.239482 -0.797316 0.831544 0.205183 -0.516172
-0.406663 -10.023032 -4.637070 114.404857 -0.010125 0.954033 0.299530 -0.573205 0.239907 -0.783505 0.819349 0.179625 -0.544427
-0.332069 -8.200363 1.127125 119.185236 -0.008473 0.950607 0.310283 -0.714508 0.211327 -0.666948 0.699576 0.227351 -0.677425
-0.464185 -10.403595 -0.387901 108.781837 -0.008900 0.950544 0.310462 -0.535785 0.257613 -0.804096 0.844307 0.173497 -0.506995
0.759894 -3.480668 -10.333040 -13.396630 -0.090545 -0.989620 -0.111599 0.995746 -0.088040 -0.027187 0.017080 -0.113586 0.993381
0.744537 -3.262208 -8.872457 -9.432494 -0.086562 -0.990123 -0.110290 0.994209 -0.092931 0.053974 -0.063690 -0.104979 0.992433
0.497863 -3.503896 -13.458440 -11.390935 -0.105098 -0.990317 -0.090696 0.994415 -0.103769 -0.019260 0.009662 -0.092213 0.995692
0.423360 -3.547395 -15.197106 -32.491575 0.344423 0.817806 0.461049 0.923284 -0.206109 -0.324138 -0.170056 0.537320 -0.826056
0.393081 -3.462317 -19.923598 -11.162756 0.395143 0.809869 0.433559 0.892038 -0.225568 -0.391647 -0.219386 0.541508 -0.811566
0.832786 -3.396132 -24.691692 -26.861214 0.325218 0.827672 0.457377 0.935293 -0.210183 -0.284691 -0.139498 0.520368 -0.842471
0.095672 -3.744133 -11.876213 -18.801466 0.326942 0.827033 0.457301 0.935253 -0.213676 -0.282214 -0.135686 0.519960 -0.843345
0.442186 -3.614028 -12.841361 -11.797738 0.288053 0.829627 0.478272 0.955894 -0.219181 -0.195516 -0.057377 0.513496 -0.856172
3.476583 -3.123985 41.381421 -2.472556 0.815434 0.578552 0.018562 0.007106 -0.042070 0.999089 -0.578806 0.814560 0.038417
4.026499 -3.636360 35.605075 -33.420433 0.780976 0.624557 -0.002420 0.056355 -0.066609 0.996186 -0.622014 0.778134 0.087217
4.331429 -3.413037 23.588901 -9.447349 0.743859 0.668071 0.018837 0.018510 -0.048767 0.998639 -0.668080 0.742498 0.048642
3.527426 -3.240908 -3.560726 19.491591 0.730782 0.678284 0.076739 -0.063676 -0.044192 0.996992 -0.679635 0.733470 -0.010896
-0.946113 -15.447849 -7.716893 55.087867 -0.646261 0.740387 -0.184859 0.741520 0.552047 -0.381304 -0.180262 -0.383498 -0.905778
-0.848455 -15.867666 5.697773 64.376707 -0.644282 0.751730 -0.140724 0.761951 0.615095 -0.202705 -0.065820 -0.237824 -0.969075
-0.730438 -14.559062 -5.395186 59.063672 -0.667809 0.723422 -0.175193 0.744123 0.654459 -0.134034 0.017694 -0.219874 -0.975368
-3.075627 -8.840135 24.908526 -119.821218 -0.282367 0.804087 -0.523177 0.001033 0.545624 0.838029 -0.959306 -0.236091 0.154897
-2.294885 -9.480401 29.005365 -95.381829 -0.224006 0.797598 -0.560053 0.117618 0.592581 0.796878 -0.967464 -0.112633 0.226553
-2.156531 -7.736807 28.511044 -75.697667 -0.226829 0.804594 -0.548797 -0.059387 0.551009 0.832383 -0.972122 -0.221400 0.077202
0.031437 -3.670845 -20.233912 -4.601393 0.302846 0.951286 -0.057780 0.701882 -0.263639 -0.661707 0.644706 -0.159841 0.747532
0.965471 -3.579388 -33.496963 -3.556842 0.257320 0.966293 -0.007993 0.746963 -0.204147 -0.632748 0.613052 -0.156848 0.774317
0.870377 -3.675259 -30.980962 -0.230654 0.264540 0.964289 -0.012840 0.665303 -0.192123 -0.721430 0.698134 -0.182304 0.692368
1.395761 -3.580577 -28.273171 1.214271 0.220139 0.975427 0.008987 0.688174 -0.148768 -0.710130 0.691343 -0.162513 0.704013
1.311695 -3.592602 -20.067607 0.101240 0.206670 0.978247 -0.017916 0.767400 -0.173430 -0.617268 0.606947 -0.113822 0.786549
2.074989 -2.304092 73.524105 7.369857 0.144156 0.888399 -0.435850 -0.788034 -0.163336 -0.593569 0.598517 -0.429031 -0.676543
1.965752 -2.526682 44.759376 14.600313 0.254610 0.879844 -0.401309 -0.727614 -0.099051 -0.678798 0.636986 -0.464826 -0.614968
-1.250604 -5.312415 -18.436190 -34.371314 0.767188 -0.633144 -0.102726 0.177190 0.363117 -0.914740 -0.616463 -0.683575 -0.390766
-1.791656 -5.544510 -8.604789 -53.728464 0.820598 -0.532967 -0.206313 0.075947 0.459492 -0.884929 -0.566437 -0.710502 -0.417536
-1.798335 -4.469580 -12.716953 -30.797014 0.789604 -0.610688 -0.059883 0.165203 0.305556 -0.937733 -0.590960 -0.730545 -0.342156
-6.287021 -23.440689 -77.945461 531.817760 0.615232 -0.078736 -0.784405 -0.566975 0.647142 -0.509653 -0.547749 -0.758293 -0.353501
-9.146945 -21.565713 -176.605961 -590.700365 0.480226 0.202552 -0.853437 0.719209 -0.647901 0.250925 -0.502117 -0.734300 -0.456816
-6.216605 -22.636366 -29.275912 346.796075 0.757564 -0.632078 0.163015 0.332503 0.158758 -0.929644 -0.561727 -0.758468 -0.330437
-3.617276 -25.872544 -105.297787 668.662198 0.776066 -0.296472 -0.556621 -0.324687 0.568818 -0.755662 -0.540648 -0.767171 -0.345180
-2.718365 -43.491278 -6.072708 1536.719806 0.930558 -0.366108 -0.005213 0.160915 0.421712 -0.892337 -0.328890 -0.829532 -0.451340
3.225989 -113.263999 -55.565747 15993.781962 -0.622199 0.655635 -0.427798 0.745578 0.662895 -0.068445 0.238710 -0.361543 -0.901279
-0.369192 -3.394560 6.802696 8.493891 0.157419 0.983658 0.087391 0.932393 -0.118890 -0.341333 0.325365 -0.135215 0.935871
-0.361431 -3.530412 1.336377 9.724300 0.190368 0.977271 0.093285 0.947967 -0.158292 -0.276229 0.255185 -0.141016 0.956554
-0.273345 -3.623419 0.869300 2.488634 0.189209 0.977257 0.095754 0.970387 -0.171180 -0.170428 0.150160 -0.125165 0.980707
0.851492 -1.899211 -26.104106 16.161718 -0.304364 0.949887 0.071252 0.639073 0.148158 0.754741 -0.706363 -0.275251 0.652141
0.520978 -2.291956 -16.390953 13.770878 -0.312583 0.949517 0.026623 0.580929 0.168918 0.796234 -0.751541 -0.264355 0.604403
1.155389 -2.045016 -3.683554 16.909730 -0.319921 0.945237 -0.064640 0.603602 0.255930 0.755093 -0.730285 -0.202553 0.652423
-0.098353 -2.198080 -30.849301 14.902035 -0.263600 0.952450 0.152818 0.643373 0.055552 0.763535 -0.718740 -0.299587 0.627424
1.255729 -1.734424 -25.624323 8.200154 -0.326457 0.944928 0.023180 0.645705 0.205037 0.735544 -0.690283 -0.255091 0.677081
0.504131 -1.829704 -40.440963 8.012279 -0.307588 0.945032 0.110926 0.662792 0.129149 0.737582 -0.682712 -0.300392 0.666085
7.398458 -10.844739 -103.974736 -177.873740 -0.268526 0.424663 0.864613 0.916920 -0.162397 0.364535 0.295215 0.890667 -0.345774
6.215260 -11.160432 9.602244 -116.709293 -0.311358 0.207872 0.927278 0.849903 -0.375603 0.369578 0.425113 0.903168 -0.059724
-1.046574 -7.672946 11.510949 -12.021009 0.106585 0.974115 0.199346 0.959113 -0.153592 0.237723 -0.262187 -0.165858 0.950657
-0.945945 -7.515890 -8.295475 2.213461 -0.082394 -0.975040 -0.206176 0.996457 -0.077095 -0.033621 0.016887 -0.208215 0.977937
-0.876257 -7.668051 -1.546760 -14.527427 -0.111614 -0.972701 -0.203458 0.977134 -0.144708 0.155785 -0.180974 -0.181418 0.966610
-0.916719 -7.454343 5.525920 -6.234800 0.138286 0.969618 0.201785 0.914183 -0.203343 0.350602 -0.380981 -0.135985 0.914528
-1.053902 -7.450599 7.557824 -12.095397 0.121998 0.969953 0.210495 0.874853 -0.205253 0.438752 -0.468773 -0.130625 0.873607
2.692343 -1.271363 -37.574681 -4.144379 0.175778 0.939144 0.295144 -0.054833 0.308687 -0.949582 0.982902 -0.150732 -0.105756
2.743458 -6.491384 23.811477 29.060366 0.583625 0.781710 0.219800 0.368455 -0.013721 -0.929544 0.723618 -0.623491 0.296033
3.232665 -6.138044 42.433572 -14.107410 0.619554 0.763195 0.183539 0.283805 0.000208 -0.958882 0.731852 -0.646168 0.216470
3.064101 -7.146424 27.890275 78.214711 0.659877 0.726682 0.191038 0.335702 -0.057671 -0.940201 0.672210 -0.684549 0.282004
1.313642 -11.082258 -22.479566 223.582087 0.861610 0.454220 -0.226522 0.127109 0.238975 0.962670 -0.491397 0.858240 -0.148167
1.659546 -10.950238 -5.808695 188.369413 0.914593 0.373477 -0.155030 0.030011 0.319634 0.947066 -0.403261 0.870832 -0.281126
1.451327 -6.717785 -8.638872 91.521069 0.897545 0.373135 -0.234910 0.168689 0.201645 0.964823 -0.407378 0.905599 -0.118042
-0.002178 -6.001283 -7.425358 -36.182622 0.546940 0.837109 -0.010250 0.376406 -0.256831 -0.890144 0.747780 -0.482997 0.455564
-0.537545 -6.198872 3.208331 9.261418 0.499319 0.863959 0.065233 0.280789 -0.090133 -0.955528 0.819657 -0.495430 0.287596
-0.141122 -5.986566 -7.977009 -47.411655 0.529832 0.846930 0.044592 0.446152 -0.233622 -0.863927 0.721268 -0.477631 0.501639
0.438034 -5.480413 -11.948678 -67.363797 0.548921 0.835717 -0.016205 0.512336 -0.351707 -0.783463 0.660453 -0.421757 0.621228
-2.471769 -6.081183 164.079771 -16.723589 -0.645366 -0.176839 0.743122 0.743333 0.078697 0.664277 -0.175952 0.981088 0.080662
-3.037960 -5.641070 -34.263545 76.537659 0.936287 0.228469 -0.266774 0.236315 0.152149 0.959690 -0.259849 0.961589 -0.088465
0.170768 -4.338707 216.537428 -25.528470 -0.481943 -0.178321 0.857865 0.842304 0.175412 0.509662 -0.241363 0.968211 0.065662
5.990028 -5.036971 269.422420 -43.658444 -0.341813 -0.115595 0.932632 0.927476 0.118489 0.354609 -0.151498 0.986204 0.066711
6.638700 -3.879965 295.675409 -13.269964 -0.278841 -0.084964 0.956571 0.931972 0.216362 0.290888 -0.231681 0.972609 0.018853
-2.754330 -3.959383 44.973098 8.473040 0.297591 0.887581 0.351623 -0.263875 -0.277490 0.923780 -0.917502 0.367693 -0.151632
-3.092652 -3.959101 32.277003 2.850464 0.300392 0.914006 0.272687 -0.341509 -0.163873 0.925482 -0.890582 0.371132 -0.262915
6.005750 -1.919166 76.035567 -11.697641 -0.365115 0.492654 -0.789926 0.753570 0.654627 0.059961 0.546647 -0.573372 -0.610263
4.501228 -2.365450 71.247338 -2.509502 -0.399564 0.440317 -0.804033 0.683767 0.727349 0.058524 0.610582 -0.526387 -0.591697
4.143795 -2.105573 60.163010 -2.423085 -0.370483 0.595715 -0.712647 0.742718 0.650734 0.157845 0.557774 -0.470817 -0.683534
5.104775 -2.384807 23.326236 -8.257484 -0.337263 0.278916 -0.899144 0.687297 0.725639 -0.032707 0.643332 -0.629010 -0.436430
6.161842 -1.195149 -38.667963 -19.072388 -0.148025 0.737232 -0.659225 0.860689 0.424358 0.281309 0.487137 -0.525747 -0.697343
5.508203 -2.461828 -14.508384 -0.877191 -0.260582 0.240867 -0.934922 0.727146 0.685993 -0.025936 0.635103 -0.686583 -0.353903
8.224264 -1.194374 -10.855427 -11.928343 -0.193835 0.682114 -0.705088 0.872991 0.447823 0.193238 0.447565 -0.578079 -0.682283
7.606336 -1.791445 9.953069 -3.984261 -0.244343 0.472238 -0.846928 0.813219 0.575525 0.086289 0.528177 -0.667654 -0.524659
3.434355 -3.639602 -63.649792 -12.778930 -0.113881 0.980647 0.159256 -0.637962 -0.195065 0.744953 -0.761601 0.016763 -0.647829
2.389727 -3.652771 -66.485848 3.127008 -0.130919 0.983312 0.126325 -0.544879 -0.177819 0.819443 -0.828231 -0.038449 -0.559066
1.611599 -3.775455 -95.697096 -4.866433 -0.175894 0.981607 0.074228 -0.640038 -0.171326 0.748998 -0.747939 -0.084236 -0.658401
