13475
26932
-6.617453 -8.061422 37.240239 143.475888 -0.116116 0.987576 0.105884 -0.987837 -0.125927 0.091218 -0.103418 0.094004 -0.990186
-8.191855 -10.586911 5.661489 -201.887808 0.340384 0.930780 0.133368 0.939150 -0.343506 0.000428 0.046211 0.125107 -0.991066
-5.933034 -11.846109 -113.014380 349.164019 0.474866 0.880058 -0.000203 -0.878573 0.474079 0.057948 -0.051094 0.027339 -0.998320
-6.398614 -9.070228 29.803535 -101.130740 -0.430601 0.885835 0.172857 0.902498 0.424514 0.072700 -0.008980 0.187307 -0.982260
-5.163171 -8.319283 -111.957774 245.949402 0.279870 0.959361 -0.036042 -0.944032 0.281837 0.171382 -0.174575 0.013940 -0.984545
-4.707692 -6.198112 16.441732 91.986790 -0.521579 0.842366 0.135554 -0.829382 -0.537857 0.151115 -0.200203 0.033608 -0.979178
-5.143002 -7.468711 7.123847 -78.063297 -0.668174 0.717169 0.198022 0.732196 0.681083 0.003950 -0.132036 0.147630 -0.980190
-1.747636 -4.927251 47.613571 162.212331 -0.297274 0.954076 0.036983 -0.807436 -0.271879 0.523573 -0.509583 -0.125783 -0.851178
-1.355903 -6.436310 51.844988 141.844469 -0.117885 0.992274 -0.038664 -0.892528 -0.088806 0.442161 -0.435312 -0.086633 -0.896102
-2.442773 -7.380780 4.320593 155.569496 -0.179138 0.980250 -0.083779 -0.882520 -0.122472 0.454047 -0.434819 -0.155274 -0.887030
-0.492381 -4.012682 115.358675 139.685949 -0.398646 0.902194 0.164702 -0.747615 -0.423705 0.511415 -0.531181 -0.080740 -0.843403
-1.899188 -5.548685 65.716134 11.800455 -0.480022 0.863025 0.157375 -0.692426 -0.482887 0.536066 -0.538633 -0.148353 -0.829377
-0.005637 -4.260256 181.214985 -22.395316 -0.598981 0.732785 0.322875 -0.557298 -0.671015 0.489038 -0.575014 -0.112987 -0.810304
-3.807468 -6.351055 -121.605322 -37.703233 -0.464602 0.880891 -0.090425 -0.863574 -0.473313 -0.173826 0.195921 0.002671 -0.980616
-1.594739 -6.185454 -189.918538 -23.747145 -0.383540 0.909466 -0.160525 -0.894519 -0.409059 -0.180297 0.229639 -0.074441 -0.970425
-1.918212 -6.669307 -198.388343 -27.073957 -0.367898 0.917490 -0.151209 -0.918864 -0.383647 -0.092219 0.142621 -0.105013 -0.984191
-3.626782 -6.996017 -154.336437 -34.738594 -0.394912 0.914140 -0.091616 -0.914806 -0.400464 -0.052523 0.084703 -0.063069 -0.994408
8.497891 -10.150149 67.588328 -92.942190 0.744292 0.633053 -0.212773 -0.303900 0.604732 0.736169 -0.594705 0.483263 -0.642482
8.818988 -11.508186 -52.130796 -65.922588 0.643210 0.708371 -0.290676 -0.326531 0.597140 0.732667 -0.692574 0.376344 -0.615391
8.726607 -8.560463 10.264669 1.889862 0.700070 0.697553 -0.152715 -0.443671 0.592480 0.672401 -0.559516 0.402973 -0.724262
8.413212 -10.247047 -107.940781 -21.593856 0.573681 0.775618 -0.263260 -0.505750 0.588252 0.631012 -0.644288 0.228856 -0.729738
-0.800101 -9.371517 8.805679 -8.317641 0.215029 0.968354 -0.126697 0.971633 -0.199049 0.127707 0.098447 -0.150564 -0.983686
-0.567081 -9.060724 5.942228 -34.766508 0.249949 0.962243 -0.107766 -0.934307 0.210471 -0.287702 0.254158 -0.172597 -0.951638
-0.652745 -9.340068 9.719706 -29.731242 0.217771 0.967777 -0.126424 -0.945075 0.176746 -0.274944 0.243740 -0.179354 -0.953112
0.421147 -11.823103 -10.839966 49.153001 0.013947 0.976944 -0.213040 -0.608408 0.177372 0.773550 -0.793502 -0.118827 -0.596854
0.275937 -10.988955 -3.158076 56.874435 0.019635 0.978896 -0.203412 -0.491191 0.186650 0.850819 -0.870830 -0.083209 -0.484490
0.118521 -11.955628 -15.019686 40.075065 0.012815 0.975791 -0.218328 -0.643443 0.175180 0.745180 -0.765387 -0.130933 -0.630111
0.496024 -12.064492 -4.350921 19.685545 0.023236 0.976772 -0.213018 -0.756437 0.156493 0.635070 -0.653654 -0.146378 -0.742502
0.270119 -12.109153 -22.430602 -19.716534 0.021168 0.972006 -0.234001 -0.822081 0.150123 0.549224 -0.568978 -0.180742 -0.802245
0.183683 -18.619096 0.931090 98.266809 0.058802 0.998001 0.023149 0.808560 -0.061215 0.585221 -0.585468 0.015695 0.810543
0.098329 -20.934668 1.878308 93.708916 0.064821 0.997710 0.019305 0.839721 -0.064988 0.539115 -0.539135 0.018735 0.842011
0.297082 -19.425510 -2.788057 104.307450 0.094641 0.994566 0.043386 0.931451 -0.103848 0.348732 -0.351342 -0.007407 0.936218
0.386799 -19.147499 0.399469 -33.593144 0.152461 0.986927 0.052252 0.977795 -0.158320 0.137304 -0.143782 -0.030158 0.989150
0.520541 -17.928141 -16.159753 -23.774584 0.152429 0.985823 0.070128 0.975176 -0.161555 0.151432 -0.160615 -0.045304 0.985977
0.379649 -17.885608 -14.137474 77.882755 0.106913 0.992495 0.059364 0.929093 -0.120988 0.349498 -0.354057 -0.017789 0.935055
1.818016 -2.332729 -48.886141 5.168588 0.874855 0.471576 0.110653 -0.405610 0.588335 0.699530 -0.264781 0.656869 -0.705984
0.438100 -2.377376 -44.964510 19.164015 0.825558 0.535841 0.176999 -0.510070 0.574362 0.640263 -0.241418 0.618856 -0.747485
1.346234 -2.148617 -98.111928 9.840234 0.932254 0.361784 0.003891 -0.270557 0.689957 0.671385 -0.240212 0.626954 -0.741099
2.734580 -2.344904 -88.218658 -6.223864 0.947898 0.318573 -0.000354 -0.227630 0.678079 0.698851 -0.222875 0.662360 -0.715267
2.305915 -2.317754 -95.580477 -10.249450 0.969843 0.230683 -0.078676 -0.122983 0.741866 0.659174 -0.210427 0.629619 -0.747863
0.057122 -13.552612 -16.810115 -203.050518 0.227922 0.956471 -0.182251 -0.762257 0.058817 -0.644596 0.605818 -0.285840 -0.742482
-0.097142 -13.214224 -24.467690 -274.424692 0.192078 0.958189 -0.212086 -0.792242 0.023852 -0.609740 0.579188 -0.285141 -0.763699
-0.201332 -10.928532 -11.181093 6.732790 0.260519 0.954188 -0.147156 -0.712291 0.087066 -0.696463 0.651744 -0.286260 -0.702342
-0.453562 -11.738587 -3.889379 -228.326736 0.191421 0.961712 -0.196130 -0.775867 0.025874 -0.630366 0.601156 -0.272836 -0.751114
-0.024529 -13.384610 -15.843159 155.180539 0.310002 0.944868 -0.105465 -0.656928 0.132690 -0.742185 0.687273 -0.299362 -0.661844
-0.102650 -15.480120 -4.824404 -52.262212 -0.278193 -0.914840 0.292705 0.960251 -0.257611 0.107490 -0.022933 0.310974 0.950142
-0.547900 -15.024670 -23.483302 -31.716386 -0.293779 -0.905499 0.306211 0.935535 -0.206646 0.286480 -0.196131 0.370633 0.907835
-0.660017 -14.682214 -22.091013 -30.297767 -0.257419 -0.917936 0.301876 0.966062 -0.251408 0.059319 0.021443 0.306901 0.951500
0.688821 -11.620297 14.599658 19.709007 0.201568 0.979227 -0.021998 0.438791 -0.110356 -0.891787 0.875690 -0.170103 0.451921
0.435335 -11.437763 11.430843 85.875780 0.213460 0.975100 -0.060130 0.281944 -0.120417 -0.951844 0.935383 -0.186228 0.300628
0.755636 -10.867950 28.107354 60.198394 0.203452 0.978500 -0.033831 0.299891 -0.095172 -0.949214 0.932026 -0.182974 0.312806
0.919497 -11.256151 26.314541 7.746693 0.193363 0.981101 -0.007214 0.472406 -0.099544 -0.875742 0.859909 -0.165928 0.482726
-3.567674 -21.721904 -86.557292 -170.707853 0.284491 0.841752 0.458823 0.797532 -0.473386 0.373962 -0.531984 -0.259538 0.805998
-4.134072 -23.946220 127.667032 165.479031 -0.273869 -0.830031 -0.485844 0.945965 -0.323667 0.019724 -0.173623 -0.454190 0.873823
-5.072773 -23.108011 -155.710224 -12.259808 0.257329 0.854344 0.451528 0.893834 -0.388006 0.224750 -0.367209 -0.345756 0.863487
-4.772124 -21.557317 -97.137556 -404.933210 0.258593 0.889132 0.377590 0.720782 -0.437839 0.537374 -0.643120 -0.133199 0.754092
-5.291191 -23.204405 -45.835399 -83.135487 0.240643 0.914381 0.325574 0.902010 -0.334545 0.272870 -0.358427 -0.228007 0.905286
1.361103 -6.653500 2.679065 -110.716466 0.829472 0.237861 0.505369 -0.243573 0.968267 -0.055951 -0.502641 -0.076684 0.861087
0.042917 -6.716025 -34.018496 2.743800 0.809689 0.272778 0.519612 -0.167350 0.955969 -0.241077 -0.562493 0.108240 0.819686
-0.414304 -8.302301 32.775166 9.039033 0.798566 0.392841 0.456035 -0.266928 0.910207 -0.316657 -0.539483 0.131143 0.831721
-0.047972 -8.756713 35.286156 -109.684995 0.749395 0.513416 0.418103 -0.462926 0.857745 -0.223546 -0.473398 -0.026027 0.880464
-18.766194 -341.771685 -523.883037 -20219.624729 -0.198144 -0.918146 -0.343143 0.948170 -0.268272 0.170304 -0.248420 -0.291614 0.923715
-7.065641 -157.398822 38.991463 3324.099711 -0.133190 -0.949916 -0.282700 0.988757 -0.146917 0.027827 -0.067967 -0.275816 0.958805
-3.002987 -142.952163 79.111148 -7219.006859 0.109475 0.953162 0.281952 0.684717 -0.277937 0.673731 -0.720540 -0.119300 0.683073
1.073161 -17.718005 16.077872 32.896785 0.136017 0.990487 0.020864 0.129586 -0.038667 0.990814 -0.982195 0.132064 0.133613
0.996754 -17.679257 23.208274 -53.202234 0.151144 0.988005 0.031659 -0.075751 -0.020356 0.996919 -0.985605 0.153077 -0.071766
0.806636 -17.837990 3.587235 121.290573 0.131657 0.990619 0.036601 0.237428 -0.067360 0.969067 -0.962442 0.118895 0.244069
1.353194 -17.059384 25.901811 -120.520840 0.139150 0.990172 0.014041 -0.177675 0.011015 0.984028 -0.974202 0.139422 -0.177462
1.259024 -17.229321 3.184714 -21.228086 0.104198 0.994521 -0.008389 -0.002948 0.008744 0.999957 -0.994552 0.104169 -0.003843
0.928216 -17.457353 8.130707 111.608059 0.122764 0.992292 0.016879 0.317969 -0.055438 0.946479 -0.940120 0.110827 0.322324
-6.176130 -14.102535 -35.549591 74.463409 0.593577 0.804655 0.014025 -0.173260 0.110753 0.978629 -0.785905 0.583322 -0.205155
-5.903350 -14.522805 -52.098892 13.458230 0.521901 0.851951 -0.042415 -0.307730 0.234424 0.922143 -0.795564 0.468215 -0.384517
-5.603251 -13.891180 -36.910061 67.416793 0.508379 0.858922 -0.061684 -0.114767 0.138572 0.983680 -0.853452 0.493003 -0.169022
-1.452529 -8.677850 150.726396 19.120377 -0.377616 -0.720913 -0.581111 0.891236 -0.453225 -0.016880 -0.251205 -0.524281 0.813649
-0.316185 -8.749600 163.699832 -6.058673 -0.310313 -0.741239 -0.595207 0.871266 -0.472213 0.133832 -0.380266 -0.477053 0.792350
1.750078 -8.619609 191.073902 28.247257 -0.257996 -0.758849 -0.597985 0.941393 -0.336653 0.021058 -0.217293 -0.557507 0.801230
1.743547 -25.897286 6.200822 636.431825 0.212424 0.976708 -0.030277 0.375601 -0.110215 -0.920205 0.902109 -0.184102 0.390265
1.946158 -18.387477 -1.277801 -56.983230 0.111130 0.989283 0.094701 0.324648 0.053926 -0.944296 0.939284 -0.135685 0.315176
2.198184 -19.407207 -10.821046 13.271502 0.145252 0.985159 0.091454 0.205450 0.060387 -0.976803 0.967829 -0.160671 0.193629
2.547683 -19.247893 7.733671 97.639556 0.148499 0.986035 0.075387 0.097327 0.061289 -0.993364 0.984112 -0.154851 0.086866
1.842549 -30.690809 -3.457536 859.702586 0.216068 0.976337 -0.008947 0.292151 -0.073392 -0.953552 0.931645 -0.203419 0.301095
1.814165 -248.692350 129.822616 15238.713560 -0.006264 -0.309035 -0.951030 -0.618724 0.748341 -0.239096 0.785584 0.586927 -0.195895
-9.275309 -126.405834 -27.352294 829.593310 0.070329 -0.212593 -0.974607 -0.233486 0.946377 -0.223284 0.969813 0.243260 0.016920
-74.790471 -1513.614823 932.199627 -95923.965924 -0.023262 -0.316540 -0.948294 0.056186 0.946637 -0.317365 0.998149 -0.060664 -0.004235
-13.672681 -339.190129 207.837660 15320.460134 -0.097860 -0.215674 -0.971549 -0.332381 0.927261 -0.172363 0.938054 0.306058 -0.162427
-16.320035 -117.110501 664.669713 -4537.688168 -0.053400 0.431078 0.900733 0.916658 -0.336630 0.215450 0.396090 0.837169 -0.377175
-0.637556 -10.611462 -62.939775 -365.591496 0.256088 -0.170560 -0.951487 0.966301 0.018602 0.256740 -0.026090 -0.985172 0.169576
-1.647389 -22.133356 -59.077922 -1029.831725 0.201990 -0.172467 -0.964082 0.979219 0.017324 0.202063 -0.018147 -0.984863 0.172382
0.401751 -47.117322 -83.670280 -1935.352501 0.134959 -0.221419 -0.965795 0.982337 0.157400 0.101185 0.129612 -0.962392 0.238751
1.145086 -16.616649 -78.232344 -620.045387 0.159662 -0.194779 -0.967765 0.984070 0.109053 0.140403 0.078190 -0.974766 0.209088
2.793148 -2.475635 165.148533 163.872409 0.068305 0.839202 0.539514 -0.210083 0.540750 -0.814527 0.975295 0.057707 -0.213238
6.418256 -14.099038 642.798883 -809.168417 -0.146255 0.919163 0.365717 -0.082368 0.357093 -0.930430 0.985812 0.166204 -0.023483
7.393480 -3.108504 167.716355 185.886463 0.081832 0.952114 0.294589 -0.303688 0.305345 -0.902518 0.949251 0.015608 -0.314133
2.985660 -5.068635 223.421884 399.842161 0.039044 0.983458 0.176881 -0.213719 0.181139 -0.959955 0.976115 0.000322 -0.217256
-0.092557 -5.794376 156.496066 390.232432 0.076178 0.920703 0.382758 -0.169784 0.390245 -0.904921 0.982533 -0.003949 -0.186049
-5.949635 -9.038687 35.967525 40.324180 -0.287043 -0.928937 0.233842 0.957346 -0.269762 0.103523 -0.033084 0.253584 0.966748
-6.900973 -9.152995 54.286178 45.611865 -0.302411 -0.885144 0.353649 0.953153 -0.283486 0.105524 0.006851 0.368993 0.929407
-6.181526 -9.388843 42.913803 -2.318400 -0.295010 -0.920446 0.256414 0.938252 -0.228310 0.259918 -0.180699 0.317259 0.930964
-0.097668 -2.587942 30.230013 31.028350 -0.444919 0.858475 0.255086 0.818025 0.273624 0.505930 0.364531 0.433764 -0.823994
-0.712553 -3.076459 39.219386 27.138842 -0.383459 0.877730 0.287314 0.851147 0.215106 0.478831 0.358481 0.428158 -0.829561
-0.053893 -3.056699 34.288280 40.707689 -0.497171 0.838077 0.224604 0.802505 0.345753 0.486252 0.329859 0.421996 -0.844460
0.394167 -2.792435 13.203179 34.890410 -0.547600 0.817932 0.176412 0.764944 0.403916 0.501709 0.339108 0.409681 -0.846857
0.324743 -2.339608 18.833019 27.054375 -0.515328 0.833922 0.197510 0.769887 0.349250 0.534133 0.376445 0.427314 -0.822005
3.880101 -145.707251 41.352797 -7463.628784 0.212237 0.208013 -0.954823 0.042183 0.974221 0.221615 0.976307 -0.087312 0.197992
-2.705538 -158.955219 190.933545 -7992.359545 0.175267 0.170232 -0.969692 -0.053414 0.985131 0.163288 0.983071 0.023176 0.181754
-2.767431 -156.680115 412.378614 -7606.400644 0.248954 0.020754 -0.968293 -0.014307 0.999740 0.017750 0.968410 0.009434 0.249186
14.021596 -323.161519 -303.542745 -17983.899093 0.130014 0.377704 -0.916753 -0.008624 0.924997 0.379877 0.991475 -0.041483 0.123520
-5.090680 -9.369114 71.814730 6.274309 0.127415 -0.674930 -0.726798 0.323644 0.720954 -0.612765 0.937561 -0.157148 0.310297
-3.933293 -5.471346 78.012602 109.844116 0.024054 -0.681056 -0.731837 0.174527 0.723667 -0.667717 0.984359 -0.111664 0.136269
1.492381 -6.443289 -164.987689 3.982969 0.062277 0.997341 -0.037843 -0.121301 -0.030072 -0.992160 0.990660 -0.066379 -0.119105
-0.880798 -6.083682 -82.765140 14.463143 0.026792 0.998851 -0.039725 -0.210042 -0.033227 -0.977128 0.977325 -0.034523 -0.208910
-0.771207 -6.375625 -113.935711 0.129479 0.055706 0.998355 -0.013567 -0.081693 -0.008985 -0.996617 0.995100 -0.056626 -0.081058
3.442753 -6.874187 -141.103155 11.657071 0.001262 0.999883 -0.015266 -0.011782 -0.015250 -0.999814 0.999930 -0.001442 -0.011762
3.584360 -6.658161 -123.810936 10.855524 -0.011827 0.999325 -0.034767 -0.112818 -0.035881 -0.992968 0.993545 0.007822 -0.113166
0.999632 -14.462766 -35.911581 72.373450 0.121201 0.964193 -0.235886 0.415046 -0.265093 -0.870324 0.901691 -0.007580 0.432314
0.919443 -14.854981 0.239073 -68.082181 0.086694 0.969142 -0.230754 0.502871 -0.242522 -0.829641 0.860003 0.044115 0.508378
1.326872 -15.353543 -12.365351 -162.932573 0.089368 0.965415 -0.244923 0.653160 -0.242453 -0.717355 0.751927 0.095866 0.652238
0.738135 -13.710667 -10.147621 225.151190 0.101277 0.968841 -0.226031 0.235098 -0.244071 -0.940828 0.966681 -0.042145 0.252492
1.222904 -14.785147 -14.563435 42.978918 0.094875 0.959834 -0.264042 0.496919 -0.275493 -0.822907 0.862595 0.053134 0.503097
0.840012 -13.373185 -35.922847 261.752831 0.120735 0.959766 -0.253519 0.188789 -0.272927 -0.943329 0.974568 -0.066031 0.214145
-0.959513 -14.265961 19.006642 34.025198 0.191648 0.941166 -0.278348 0.677555 0.078309 0.731292 -0.710064 0.328746 0.622684
0.046453 -14.560909 44.217232 12.126067 0.192091 0.922573 -0.334605 0.630876 0.145083 0.762198 -0.751729 0.357505 0.554160
-0.506181 -14.804345 29.015222 27.599508 0.204994 0.936778 -0.283593 0.524457 0.139508 0.839930 -0.826391 0.320913 0.462701
0.564374 -15.702743 64.579642 44.675962 0.202317 0.922190 -0.329595 0.432844 0.217692 0.874789 -0.878472 0.319648 0.355121
-1.159541 -15.289995 11.929048 20.120535 0.202608 0.949295 -0.240394 0.506098 0.108653 0.855605 -0.838341 0.295015 0.458422
-0.152150 -15.774845 22.064469 61.779658 0.205097 0.937847 -0.279960 0.338174 0.200520 0.919473 -0.918463 0.283256 0.276029
-1.386898 -11.460379 -16.219210 -234.384168 0.051315 0.980557 -0.189406 -0.868702 0.137387 0.475901 -0.492670 -0.140117 -0.858862
-1.831914 -14.385170 -27.237980 -186.021381 0.038969 0.981103 -0.189519 -0.728981 0.157632 0.666137 -0.683424 -0.112197 -0.721349
-1.642416 -12.198879 -1.481324 -212.382301 0.101738 0.977151 -0.186615 -0.812490 0.189860 0.551192 -0.574029 -0.095546 -0.813242
-1.324520 -9.652389 4.100800 -264.639088 0.132344 0.972756 -0.190343 -0.910314 0.195263 0.364968 -0.392192 -0.124971 -0.911355
-5.970769 -13.573466 -91.392435 -68.219974 0.782851 -0.621038 -0.038160 0.214012 0.211171 0.953732 0.584245 0.754797 -0.298225
-6.431660 -14.359457 -47.866129 27.857234 0.729138 -0.684327 -0.007392 0.044176 0.036284 0.998365 0.682939 0.728272 -0.056687
-7.185348 -13.574370 47.880276 67.570070 -0.714302 0.699148 -0.031052 -0.213618 -0.260071 -0.941663 0.666438 0.665999 -0.335120
-4.956445 -5.802756 -30.211339 95.560591 -0.696066 -0.522038 -0.492917 -0.582981 0.811671 -0.036375 0.419076 0.262042 -0.869315
-3.768347 -4.695163 90.297474 25.326381 0.083056 0.903899 0.419605 -0.903305 0.246117 -0.351379 0.420883 0.349847 -0.836938
-4.425793 -6.219896 85.656479 90.791858 0.471575 0.701369 0.534508 -0.732089 0.649287 -0.206088 0.491593 0.294121 -0.819652
-5.312869 -7.581195 -32.080349 122.432528 -0.673232 -0.538909 -0.506297 -0.552872 0.821541 -0.139296 0.491011 0.186139 -0.851035
-0.356286 -6.130312 -3.508474 -65.601404 -0.080420 0.992887 0.087791 0.337852 0.110015 -0.934747 0.937757 0.045512 0.344296
0.123603 -5.112154 -6.747989 -41.889779 -0.072539 0.994758 0.072067 0.421640 0.096069 -0.901660 0.903857 0.035019 0.426398
-0.175828 -6.002566 -4.790596 -57.588734 -0.053868 0.998332 0.020783 0.359782 0.038820 -0.932228 0.931480 0.042740 0.361273
-0.712755 -7.122433 -18.005118 -90.653548 -0.058025 0.996615 0.058238 0.267304 0.071716 -0.960940 0.961863 0.040192 0.270561
0.746097 -26.823113 32.471629 -344.522080 -0.347594 0.887271 0.303197 -0.656590 -0.461172 0.596834 -0.669379 -0.008380 -0.742873
1.177838 -24.783946 3.550964 40.786986 -0.323176 0.902319 0.285267 -0.808920 -0.419839 0.411562 -0.491127 0.097751 -0.865586
0.815770 -27.465182 -13.581008 -70.674092 -0.351870 0.886241 0.301273 -0.691533 -0.463036 0.554419 -0.630849 0.013256 -0.775793
0.492329 -28.825756 -2.530206 -299.147858 -0.382247 0.861890 0.333216 -0.442805 -0.487349 0.752605 -0.811055 -0.140132 -0.567937
0.637369 -30.852252 -11.655952 -414.554117 -0.377706 0.858099 0.347855 -0.483593 -0.503192 0.716195 -0.789605 -0.102291 -0.605030
0.728846 -29.324236 -24.659889 -5.036873 -0.331397 0.887637 0.319807 -0.726839 -0.456305 0.513314 -0.601566 0.062337 -0.796387
23.865803 -290.596240 1829.219889 -16491.697136 -0.420422 0.903388 0.084470 -0.861287 -0.368075 -0.350292 0.285359 0.220023 -0.932824
1.187737 -56.995187 78.746041 -2305.347597 -0.191171 0.974509 0.117413 -0.598748 -0.020990 -0.800663 0.777788 0.223364 -0.587498
-17.386348 -58.939497 1025.688463 -1631.275716 -0.044868 0.965094 0.258032 -0.734993 0.143043 -0.662815 0.676588 0.219391 -0.702919
3.000473 -286.751649 1009.988639 11138.212976 -0.094999 0.957619 0.271921 0.987825 0.124488 -0.093298 -0.123195 0.259747 -0.957786
17.348977 -162.405155 847.209079 7906.073618 -0.313934 0.943265 0.108155 -0.826334 -0.327547 0.458133 -0.467566 -0.054451 -0.882279
-63.165300 -920.519495 2383.964778 -237873.831651 -0.461187 0.552112 0.694607 0.522576 -0.463651 0.715501 -0.717092 -0.692965 0.074690
-35.201543 -465.843076 936.148111 111151.960371 -0.016662 -0.687530 -0.725965 0.880210 0.334329 -0.336831 0.474293 -0.644614 0.599600
-86.293977 -573.126555 4446.721378 -90403.896957 -0.020900 0.888339 0.458712 0.843928 -0.230324 0.484496 -0.536049 -0.397246 0.744880
-187.205963 -651.196219 7908.825147 -100961.288462 -0.169334 0.954360 0.246013 -0.397209 -0.294533 0.869181 -0.901971 -0.049463 -0.428955
-2.358784 -6.042979 -29.375713 -24.685188 -0.192737 -0.964012 0.183121 0.971363 -0.213868 -0.103508 0.138946 0.157927 0.977626
-2.278923 -6.369374 24.690901 7.295523 0.153311 0.976471 -0.151657 0.949313 -0.188154 -0.251798 0.274409 0.105367 0.955823
-2.122744 -6.324096 18.075119 -5.387502 0.224530 0.953273 -0.202130 0.946150 -0.262905 -0.188894 0.233208 0.148833 0.960970
-2.170625 -5.826976 -10.539612 -38.007798 -0.241328 -0.944897 0.221200 0.962968 -0.261403 -0.066037 0.120221 0.197072 0.972990
-1.862419 -6.240015 4.047122 -11.795247 0.261811 0.936157 -0.234661 0.938716 -0.303491 -0.163421 0.224205 0.177494 0.958242
-0.753710 -8.152405 -8.494541 11.289601 0.081562 0.976104 -0.201419 -0.946188 0.139334 0.292086 -0.313171 -0.166757 -0.934942
-0.591306 -8.865615 0.229894 145.923002 0.136553 0.968270 -0.209300 -0.946043 0.190137 0.262394 -0.293864 -0.162176 -0.941989
-0.649206 -11.156533 -10.119339 311.565405 0.154405 0.960801 -0.230264 -0.957264 0.203167 0.205838 -0.244551 -0.188641 -0.951110
2.679393 -18.914288 -27.741874 320.078228 0.032255 0.996586 0.076001 -0.483276 -0.051010 0.873981 -0.874874 0.064919 -0.479980
1.896991 -20.973686 -12.414433 -138.394453 0.043725 0.998995 0.009838 -0.307227 0.004075 0.951628 -0.950631 0.044632 -0.307097
1.929978 -23.267807 -33.890757 -388.956961 0.008068 0.999668 -0.024486 -0.374861 0.025724 0.926724 -0.927046 -0.001702 -0.374944
2.328399 -21.394084 -40.644293 332.689881 0.022249 0.999750 0.002313 -0.548001 0.010261 0.836414 -0.836181 0.019876 -0.548093
3.391129 -20.757824 -11.561964 504.334109 0.036089 0.996569 0.074489 -0.636351 -0.034557 0.770625 -0.770555 0.075212 -0.632920
3.706921 -33.985899 -4.142670 976.013112 0.087609 0.990190 0.108854 -0.683746 -0.019695 0.729454 -0.724442 0.138335 -0.675313
9.138825 -40.741107 77.682103 -1262.757547 -0.269071 0.784122 0.559244 -0.390932 0.441756 -0.807480 0.880212 0.435896 -0.187675
8.165099 -20.202322 173.518372 -430.320832 -0.392894 0.724330 0.566551 -0.264355 0.501125 -0.824009 0.880767 0.473519 0.005409
8.557370 -36.664525 215.420026 -1149.395397 -0.332640 0.671728 0.661915 -0.497139 0.471535 -0.728360 0.801376 0.571345 -0.177091
6.244518 -18.558928 156.243208 -297.903741 -0.429714 0.661986 0.614101 -0.300284 0.536620 -0.788586 0.851572 0.523271 0.031809
4.843456 -28.667119 204.338707 -819.125312 -0.386515 0.607693 0.693769 -0.509953 0.485966 -0.709778 0.768475 0.628129 -0.122062
6.939728 -38.905711 183.856727 1140.065889 -0.318659 0.626519 0.711288 0.768051 -0.269090 0.581110 0.555476 0.731481 -0.395450
-0.650695 -6.291182 -76.342616 87.957442 0.042495 0.998434 -0.036381 -0.092893 0.040205 0.994864 -0.994769 0.038897 -0.094456
-1.239185 -10.809561 -42.484724 310.443292 -0.004377 0.953389 0.301712 -0.236972 -0.294110 0.925929 -0.971507 0.067445 -0.227213
-1.641925 -8.170397 -15.103390 272.952274 -0.046341 0.946112 0.320505 -0.254347 -0.321451 0.912128 -0.966002 0.039250 -0.255537
-7.292432 -12.224756 -72.049045 184.725187 0.521710 0.848488 0.088809 -0.840557 0.529034 -0.116562 0.145885 0.013838 -0.989205
-7.170806 -10.633642 30.579109 -101.830319 -0.205909 0.965956 0.156625 0.967937 0.177514 0.177724 0.143871 0.188199 -0.971536
-9.616961 -12.459253 56.959464 188.263737 0.442747 0.866662 0.229939 -0.867942 0.478609 -0.132702 0.225058 0.140821 -0.964115
-7.562754 -11.236550 -32.726114 -5.408847 -0.336441 0.859672 0.384412 0.832024 0.080166 0.548917 0.441072 0.504518 -0.742238
-7.730464 -11.459030 15.789507 3.312460 -0.425102 0.768386 0.478405 0.769938 0.029074 0.637456 0.475903 0.639326 -0.603970
-7.743681 -11.438663 -27.330194 -24.093657 -0.342910 0.845845 0.408606 -0.746841 0.018350 -0.664749 0.569773 0.533113 -0.625420
-7.289710 -11.233671 -53.129605 -32.906647 -0.254015 0.907609 0.334248 -0.751006 0.032685 -0.659486 0.609481 0.418542 -0.673317
-2.378234 -5.283698 -137.102024 -50.279597 -0.438696 0.888860 -0.132188 -0.843714 -0.458040 -0.279904 0.309343 0.011263 -0.950884
0.593267 -5.461810 -159.198767 -35.771478 -0.377770 0.912182 -0.158791 -0.883345 -0.406463 -0.233431 0.277474 -0.052084 -0.959320
-0.233014 -8.577164 -31.822156 68.164482 0.092418 0.993791 0.061960 -0.349212 -0.025924 0.936685 -0.932475 0.108204 -0.344648
0.034968 -7.332735 -10.395739 89.470227 0.114940 0.991422 0.062212 -0.185466 -0.040108 0.981832 -0.975905 0.124390 -0.179265
-0.694645 -8.597768 -9.977480 105.535959 0.106346 0.990165 0.090904 -0.306724 -0.054296 0.950249 -0.945839 0.128938 -0.297933
0.246900 -7.667512 -24.958162 52.032060 0.103091 0.994525 0.017119 -0.271288 0.011555 0.962429 -0.956961 0.103861 -0.270994
-0.899803 -9.410047 -28.990460 53.667783 0.092523 0.991145 0.095244 -0.460708 -0.042186 0.886548 -0.882716 0.125906 -0.452726
-0.398754 -9.306966 -36.950089 29.489346 0.072808 0.994043 0.081101 -0.507758 -0.033045 0.860865 -0.858417 0.103857 -0.502328
0.024966 -8.646066 -27.493817 41.169177 0.088701 0.994953 0.046921 -0.415082 -0.005899 0.909765 -0.905450 0.100173 -0.412464
0.636396 -9.895958 -21.029733 122.466019 0.012681 0.974010 -0.226149 -0.343119 0.216674 0.913959 -0.939206 -0.066006 -0.336949
0.698528 -11.262656 -27.721028 54.518466 0.008753 0.974754 -0.223108 -0.520330 0.194971 0.831410 -0.853921 -0.108812 -0.508900
0.920969 -10.058195 -34.543947 94.462957 0.016032 0.971610 -0.236043 -0.357930 0.226005 0.905984 -0.933611 -0.069962 -0.351392
0.892205 -8.848916 -47.331405 151.351111 0.000899 0.973423 -0.229013 -0.215697 0.223811 0.950465 -0.976460 -0.048543 -0.210166
0.585465 -8.629452 -18.016446 142.859110 0.013216 0.975952 -0.217583 -0.196166 0.215905 0.956506 -0.980482 -0.030041 -0.194302
1.982535 -14.714821 -21.961077 -112.930207 0.230581 0.942893 -0.240386 0.072298 0.229759 0.970559 -0.970363 0.241172 0.015191
2.212755 -14.593614 -19.546252 -137.737467 0.245503 0.936520 -0.250318 0.070965 0.240165 0.968135 -0.966795 0.255444 0.007499
2.223977 -15.817478 -13.994876 34.499759 0.250931 0.935904 -0.247219 0.318848 0.161226 0.933993 -0.913986 0.313193 0.257954
-0.024568 -20.422326 -12.627113 -19.272864 0.033267 0.999405 0.009142 0.695472 -0.029717 0.717939 -0.717783 0.017526 0.696046
0.163577 -21.664559 1.548752 90.847755 0.066361 0.997754 0.009068 0.885911 -0.063099 0.459544 -0.459084 0.022462 0.888109
0.038615 -20.246664 8.383574 -45.003523 0.045940 0.998941 0.002501 0.610334 -0.030050 0.791574 -0.790811 0.034838 0.611069
0.272309 -4.175504 3.353049 7.712809 0.077343 0.966320 -0.245446 -0.594482 0.242330 0.766725 -0.800381 -0.086613 -0.593202
0.531906 -4.431938 -9.629127 9.734534 0.077322 0.966215 -0.245865 -0.646179 0.236365 0.725661 -0.759259 -0.102763 -0.642624
0.549785 -4.202787 -11.568986 1.973017 0.021488 0.984936 -0.171579 -0.626366 0.147024 0.765539 -0.779233 -0.091022 -0.620090
0.312826 -4.329762 6.668222 9.928795 0.120911 0.944717 -0.304780 -0.581837 0.316208 0.749318 -0.804267 -0.086732 -0.587905
-0.061930 -4.140579 -14.069719 0.523472 0.015452 0.987211 -0.158666 -0.559276 0.140074 0.817062 -0.828838 -0.076112 -0.554288
-0.035645 -4.103951 14.790230 4.494389 0.093377 0.960647 -0.261608 -0.548880 0.268890 0.791473 -0.830670 -0.069686 -0.552387
1.147526 -2.695091 68.198936 33.535598 0.725185 0.620986 0.297461 -0.645508 0.462785 0.607576 -0.239636 0.632619 -0.736456
0.410131 -3.190202 57.337938 -31.396996 0.643647 0.672096 0.366068 0.740377 -0.425692 -0.520219 -0.193805 0.605866 -0.771600
0.857925 -15.262212 -21.056379 -108.664932 0.279620 0.955682 -0.092108 -0.661221 0.122126 -0.740183 0.696131 -0.267874 -0.666066
0.471036 -14.107522 -7.584056 119.900771 0.303219 0.949715 -0.078098 -0.619493 0.134185 -0.773448 0.724076 -0.282906 -0.629030
0.956246 -16.362059 -39.569110 111.797982 0.319725 0.944398 -0.076738 -0.537817 0.114205 -0.835290 0.780082 -0.308334 -0.544428
1.528677 -22.125937 -64.782143 -263.196616 0.286668 0.953037 -0.097683 -0.526247 0.071444 -0.847325 0.800553 -0.294306 -0.522014
1.105368 -19.840745 -60.172795 -269.179558 0.250346 0.959454 -0.129516 -0.693350 0.084307 -0.715653 0.675717 -0.268960 -0.686343
0.413326 -12.386640 9.988014 13.080249 0.196122 0.980177 -0.028099 0.483384 -0.121572 -0.866926 0.853156 -0.156440 0.497645
0.109581 -12.602581 4.935911 81.961674 0.219134 0.972659 -0.076912 0.317081 -0.145542 -0.937164 0.922735 -0.180978 0.340305
0.837028 -5.431872 12.754244 -21.737825 0.844288 -0.004576 0.535870 0.002477 0.999986 0.004636 -0.535884 -0.002587 0.844288
-1.744427 -157.092019 -51.131876 6711.671062 -0.140159 -0.919919 -0.366202 0.983159 -0.085496 -0.161521 0.117278 -0.382674 0.916410
9.057688 -1581.607079 -1486.572657 132222.966964 -0.034306 -0.937438 -0.346459 0.999052 -0.022868 -0.037051 0.026810 -0.347401 0.937333
8.343804 -621.275178 17.604900 29525.085806 0.278676 0.911315 0.303057 0.595785 0.083451 -0.798797 0.753246 -0.403163 0.519692
-2.547969 -61.847966 17.523836 2569.963404 0.280629 0.907063 0.313821 0.516022 0.133106 -0.846170 0.809301 -0.399399 0.430711
-6.633529 -14.543192 -63.405128 7.989104 0.600817 0.799148 0.019514 -0.343384 0.235966 0.909070 -0.721877 0.552885 -0.416187
2.925991 -102.432524 48.197031 4220.277183 0.201382 0.977605 -0.061104 0.432470 -0.144713 -0.889960 0.878871 -0.152796 0.451927
1.211494 -14.237124 17.860147 95.948900 0.106794 0.993148 0.047450 0.416843 -0.001395 -0.908978 0.902683 -0.116852 0.414135
1.400673 -15.104957 77.221913 -484.397705 -0.003794 0.991768 0.127990 0.365555 0.120508 -0.922956 0.930782 -0.043285 0.363003
-5.969205 -135.451056 38.989452 585.589312 0.097146 -0.267026 -0.958780 -0.079661 0.958160 -0.274925 0.992077 0.103085 0.071810
-5.540363 -246.083331 -349.553880 14829.466900 0.021777 -0.252266 -0.967413 -0.622332 0.753891 -0.210596 0.782450 0.606638 -0.140576
-0.251878 -63.472462 -64.888076 1086.683450 0.098119 -0.334052 -0.937434 -0.479838 0.809369 -0.338640 0.871853 0.483043 -0.080877
-0.246437 -112.676395 99.808518 -5624.475876 -0.055434 0.383899 0.921710 0.824474 -0.503088 0.259126 0.563179 0.774290 -0.288626
11.741707 -85.377485 1018.594598 -4345.113660 -0.284256 0.944454 0.164941 0.047112 0.185590 -0.981497 0.957590 0.271226 0.097250
294.562383 -6323.355843 -17811.946141 -349936.156154 -0.205713 0.977787 0.040179 0.205872 0.083377 -0.975021 0.956713 0.192302 0.218451
-14.063784 -108.863460 1730.336780 -5281.152000 -0.383787 0.912829 0.139465 -0.103890 0.107389 -0.988774 0.917559 0.393967 -0.053619
-24.065268 -1121.663970 984.066925 -57217.789135 -0.140118 0.985940 0.091040 0.184306 0.116312 -0.975963 0.972830 0.119971 0.198012
-5.864850 -9.451453 -8.368045 -27.379554 0.282675 0.936216 -0.208794 0.889113 -0.174049 0.423302 -0.359961 0.305298 0.881601
-5.762122 -9.173746 4.237313 -8.663097 0.258000 0.951659 -0.166677 0.810577 -0.119335 0.573344 -0.525738 0.283027 0.802181
-5.469158 -9.397251 22.110231 -27.294210 0.240690 0.960397 -0.140381 0.883100 -0.156674 0.442254 -0.402745 0.230416 0.885836
-0.545630 -3.549615 47.123018 34.111675 -0.502965 0.836054 0.219179 0.808965 0.366089 0.459951 0.304304 0.408648 -0.860468
-1.514064 -3.665151 50.029481 27.807090 -0.356358 0.889823 0.284999 0.866579 0.200711 0.456898 0.349356 0.409794 -0.842627
-1.397192 -3.299955 35.285181 -5.662701 -0.124061 0.905333 0.406178 0.907213 -0.062333 0.416029 0.401963 0.420103 -0.813596
-2.171570 -67.377815 66.740725 -2949.694608 0.206868 0.173271 -0.962903 -0.299753 0.948087 0.106207 0.931318 0.266663 0.248067
0.686796 -98.727844 77.570105 -4854.898710 0.124546 0.280395 -0.951770 -0.106103 0.957503 0.268199 0.986524 0.067583 0.149004
0.739616 -3.195550 29.117753 -64.145375 0.108642 0.992662 0.053087 -0.882938 0.120894 -0.453658 0.456747 -0.002414 -0.889593
-0.056536 -2.912986 55.420394 -82.544926 0.150073 0.983039 0.105413 -0.870846 0.181913 -0.456656 0.468087 0.023266 -0.883376
0.711589 -4.638448 39.221134 -76.372205 0.110069 0.991466 0.069856 -0.911055 0.128738 -0.391669 0.397320 0.020532 -0.917451
0.163804 -1.778253 36.321133 -67.393946 0.087270 0.995020 0.048161 -0.862970 0.099664 -0.495329 0.497662 -0.001666 -0.867370
1.329179 -3.979250 13.443130 -70.456440 0.085772 0.996130 0.019212 -0.902610 0.085855 -0.421810 0.421827 -0.018838 -0.906481
1.232937 -3.058698 16.732375 -50.389871 0.067795 0.997679 0.006301 -0.884590 0.063029 -0.462090 0.461415 -0.025753 -0.886810
0.808716 -2.237468 27.232572 -46.254652 0.036691 0.999326 -0.001015 -0.868621 0.031390 -0.494481 0.494116 -0.019025 -0.869188
-1.825950 -6.150638 -33.431039 -0.466864 -0.004724 0.999726 -0.022908 -0.141522 -0.023346 -0.989660 0.989924 0.001434 -0.141593
0.517750 -14.251831 -1.550970 144.913454 0.088696 0.974344 -0.206848 0.308849 -0.224333 -0.924276 0.946966 -0.018095 0.320823
-0.700179 -14.095394 27.887537 61.095874 0.187561 0.934267 -0.303260 0.795046 0.036908 0.605425 -0.576821 0.354660 0.735863
0.147385 -13.835298 44.753036 45.370446 0.176590 0.920852 -0.347631 0.782662 0.082802 0.616915 -0.596872 0.381018 0.706094
1.268129 -14.527165 72.062885 2.685071 0.158411 0.910158 -0.382776 0.632123 0.204325 0.747444 -0.758503 0.360365 0.542964
1.189063 -14.748536 89.280238 25.180411 0.188199 0.906682 -0.377503 0.499650 0.242523 0.831584 -0.845536 0.345122 0.407381
-1.383506 -14.319348 -15.314466 -203.343895 0.003276 0.984631 -0.174619 -0.749191 0.118076 0.651744 -0.662345 -0.128688 -0.738064
-1.616653 -5.808443 35.299578 2.677695 0.831010 -0.551463 -0.072871 -0.476910 -0.773762 0.416952 0.286318 0.311738 0.906003
-2.001225 -5.929887 23.759785 11.447168 0.834948 -0.548530 -0.044455 -0.456034 -0.734841 0.502038 0.308050 0.398903 0.863702
-2.049504 -5.517587 25.299554 20.838325 0.866470 -0.495760 -0.058758 -0.437791 -0.811121 0.387842 0.239936 0.310330 0.919851
-2.593771 -5.674471 22.530658 26.381935 0.870249 -0.492035 -0.023854 -0.428645 -0.780218 0.455548 0.242757 0.386215 0.889892
-1.526972 -5.508637 32.746569 -24.084541 0.879273 -0.465197 -0.102322 0.417050 0.855669 -0.306431 0.230104 0.226763 0.946378
-2.530462 -4.827350 23.277858 43.795883 0.928149 -0.366191 -0.066661 -0.326904 -0.887630 0.324417 0.177969 0.279316 0.943562
-2.845762 -5.122232 70.809643 60.720108 0.263701 0.811235 0.521882 -0.832503 0.464685 -0.301672 0.487237 0.354917 -0.797893
-2.361055 -3.966996 56.202397 9.768414 -0.063419 0.912448 0.404248 -0.910421 0.113025 -0.397943 0.408792 0.393273 -0.823544
0.416130 -4.295386 3.633668 -37.424412 -0.078511 0.994141 0.074291 0.493023 0.103490 -0.863839 0.866467 0.031194 0.498260
0.239445 -4.929208 2.907662 -44.228016 -0.054068 0.998375 0.017979 0.448517 0.040369 -0.892862 0.892137 0.040211 0.449971
3.013596 -7.005740 73.438760 -13.804748 -0.058220 0.997500 -0.040050 0.421478 -0.011807 -0.906762 0.904968 0.069672 0.419737
3.312417 -6.801162 55.581562 16.209930 -0.046184 0.998120 -0.040291 0.316159 -0.023656 -0.948411 0.947581 0.056540 0.314472
3.743159 -6.909484 -1.532766 3.137465 0.012713 0.999721 0.019899 0.398014 0.013196 -0.917285 0.917291 -0.019582 0.397735
-1.456514 -24.267950 27.711370 361.664913 0.341920 -0.866237 -0.364313 0.851151 0.121160 0.510747 -0.398288 -0.484721 0.778725
-1.634207 -29.821315 2.661070 527.583735 0.333894 -0.869485 -0.364021 0.912093 0.200549 0.357583 -0.237909 -0.451416 0.860013
-1.456110 -21.619948 15.172847 172.371622 0.302483 -0.878691 -0.369331 0.938296 0.206354 0.277521 -0.167642 -0.430487 0.886892
-4.664744 -13.512029 -9.290734 2.724681 -0.163439 0.957971 -0.235751 -0.007968 -0.240238 -0.970681 0.986521 0.156769 -0.046897
-4.487429 -13.336861 -15.181865 -18.587174 -0.089246 0.973891 -0.208736 0.118045 -0.197753 -0.973118 0.988990 0.111487 0.097315
-4.048409 -13.587771 -28.279735 3.426443 -0.064441 0.975308 -0.211240 -0.117212 -0.217612 -0.968972 0.991014 0.037682 -0.128341
-1.442921 -28.711894 191.633209 -895.215245 -0.149339 0.985055 0.085812 -0.351240 0.028277 -0.935859 0.924299 0.169901 -0.341768
-25.159654 -33.741399 1033.137821 -1156.606063 0.088206 0.909510 0.406216 -0.299424 0.413155 -0.860028 0.950034 0.045771 -0.308771
-1433.366003 -3496.454288 9331.019942 -546564.123670 0.959073 -0.028045 0.281766 0.282051 0.182526 -0.941877 0.025015 -0.982801 -0.182965
-74.653506 -1143.132442 2673.362828 29576.910743 0.120959 0.989692 -0.076677 -0.954345 0.094691 -0.283300 0.273119 -0.107444 -0.955961
-1.707313 -6.083535 20.552620 23.918137 0.151722 0.977029 -0.149649 0.900229 -0.199106 -0.387228 0.408129 0.075968 0.909758
-2.241479 -6.256908 16.780688 18.646549 0.066596 0.994610 -0.079471 0.938385 -0.089503 -0.333801 0.339115 0.052345 0.939287
-1.658519 -5.761421 11.405276 33.034989 0.055269 0.996184 -0.067547 0.884932 -0.080203 -0.458762 0.462429 0.034419 0.885988
-1.185287 -5.533019 18.461998 33.882085 0.143237 0.978888 -0.145811 0.847740 -0.197381 -0.492319 0.510706 0.053091 0.858115
-1.289380 -5.840575 6.987954 33.258409 0.216108 0.956073 -0.198045 0.849956 -0.284038 -0.443731 0.480491 0.072436 0.874003
-0.558507 -13.122078 -1.247886 -354.144207 0.170491 0.960448 -0.220164 0.970883 -0.201899 -0.128933 -0.168285 -0.191771 -0.966904
1.286162 -42.612204 -32.503196 -1411.589159 0.009474 0.994436 -0.104912 -0.156201 0.105101 0.982118 -0.987680 -0.007082 -0.156328
1.219757 -27.623326 -12.859786 -744.866169 0.039242 0.996472 -0.074188 -0.153593 0.079378 0.984941 -0.987355 0.027256 -0.156166
-0.865005 -8.045910 -14.176182 178.381207 0.082217 0.990348 0.111584 -0.057127 -0.107096 0.992606 -0.994976 0.087983 -0.047770
-0.834266 -11.835457 78.426638 401.107966 0.111357 0.952773 0.282531 -0.165055 -0.262619 0.950678 -0.979978 0.152498 -0.128016
-0.555002 -18.756324 39.293756 544.968139 0.055656 0.945770 0.320033 -0.386419 -0.275148 0.880326 -0.920643 0.172662 -0.350150
-0.828010 -17.915404 -78.715332 367.755623 -0.031616 0.945154 0.325093 -0.482858 -0.299225 0.822990 -0.875127 0.130954 -0.465836
-3.571029 -11.287780 -281.885079 -104.863249 0.389448 0.912713 -0.123631 0.916202 -0.370141 0.153522 0.094361 -0.173060 -0.980381
-2.516472 -11.090547 -211.269947 313.377618 0.336634 0.931917 -0.134938 -0.933133 0.349366 0.084895 -0.126258 -0.097337 -0.987210
-7.454074 -10.610824 -3.671346 -55.199659 -0.443224 0.807222 0.389803 0.859747 0.259706 0.439760 0.253749 0.530044 -0.809114
-7.521573 -10.961469 30.383618 -39.594336 -0.481601 0.735381 0.476734 0.809542 0.164911 0.563424 0.335712 0.657282 -0.674743
-7.167877 -10.425055 52.658943 -62.724043 -0.572520 0.682476 0.454365 0.796796 0.332535 0.504517 0.193229 0.650882 -0.734177
-6.773873 -10.566646 69.649346 -51.812623 -0.614490 0.602711 0.509060 0.748770 0.242317 0.616949 0.248488 0.760278 -0.600193
-7.301885 -11.157150 52.385045 -12.227381 -0.534448 0.654738 0.534494 0.737635 0.052592 0.673149 0.412626 0.754024 -0.511065
-5.164067 -6.576366 -46.176531 -51.809192 -0.475319 0.879625 0.018204 -0.871983 -0.468233 -0.142838 0.117121 0.083767 -0.989579
-5.199070 -7.556848 -72.106034 -59.350430 -0.530599 0.847623 0.000767 -0.847606 -0.530583 -0.006758 0.005321 0.004236 -0.999977
-0.634004 -7.823465 0.189147 114.586016 0.112659 0.986888 0.115587 -0.217209 -0.089054 0.972054 -0.969602 0.134617 -0.204328
-0.237663 -6.608744 -15.269535 58.014741 0.093495 0.987093 0.130023 -0.135818 -0.116730 0.983833 -0.986312 0.109643 -0.123152
0.537296 -6.163094 -14.472307 55.227505 0.116469 0.992022 0.048236 -0.072787 -0.039910 0.996549 -0.990524 0.119578 -0.067558
0.628996 -6.601275 -22.633925 75.295119 0.115648 0.993290 0.000810 -0.127041 0.013982 0.991799 -0.985132 0.114802 -0.127806
0.262221 -6.428992 2.486746 38.236780 0.350309 0.929588 -0.114672 -0.471087 0.069047 -0.879380 0.809544 -0.362076 -0.462104
0.438041 -5.611107 11.740311 40.350351 0.372325 0.926796 -0.049227 -0.541527 0.173862 -0.822509 0.753739 -0.332898 -0.566618
0.446219 -5.856615 -16.345492 45.224489 0.375641 0.922496 -0.088855 -0.548588 0.144057 -0.823589 0.746958 -0.358119 -0.560184
0.217497 -6.165572 14.741895 44.998861 0.350861 0.933297 -0.076512 -0.466777 0.103475 -0.878301 0.811798 -0.343876 -0.471947
0.412122 -6.336744 -2.789463 47.017907 0.356762 0.927471 -0.111887 -0.524741 0.099863 -0.845384 0.772896 -0.360313 -0.522309
0.352737 -6.899992 7.122042 24.004872 0.333623 0.931094 -0.147512 -0.449155 0.019423 -0.893243 0.828828 -0.364262 -0.424685
0.096448 -7.062416 7.783308 15.354416 0.329139 0.933136 -0.144653 -0.364296 -0.015849 -0.931148 0.871181 -0.359173 -0.334722
