18714
37412
-3.653239 -5.383069 -10.723299 -46.942172 0.719993 0.661745 -0.209053 -0.424671 0.181871 -0.886892 0.548876 -0.727335 -0.411970
-4.188151 -6.723126 -33.031998 -46.676386 0.791962 0.606775 -0.067973 -0.382303 0.405995 -0.830068 0.476068 -0.683368 -0.553505
-5.232373 -7.568848 11.334222 -167.701911 0.779538 0.213539 0.588831 0.316998 0.676303 -0.664926 0.540216 -0.704993 -0.459513
-3.215993 -6.110066 28.261252 -42.239913 0.712080 0.649002 -0.267839 -0.530734 0.247832 -0.810494 0.459634 -0.719288 -0.520924
-3.726705 -4.741387 -12.049724 -68.044384 0.783205 0.610078 0.119978 -0.105357 0.320392 -0.941408 0.612772 -0.724675 -0.315209
-2.634462 -4.315046 14.433531 -36.792175 0.587405 0.669104 -0.455253 -0.546188 -0.087335 -0.833097 0.597188 -0.738020 -0.314156
-3.058755 -5.039943 15.013095 33.336287 0.579635 0.637431 -0.507646 0.645546 0.020981 0.763433 0.497287 -0.770221 -0.399330
-0.330703 -5.500629 39.953993 126.158473 0.636402 0.583045 0.505026 0.381285 0.331365 -0.863029 0.670532 -0.741792 0.011425
-1.279485 -4.412136 105.194869 47.540467 0.601938 0.603022 0.523483 0.437261 0.299632 -0.847952 0.668186 -0.739314 0.083318
-0.783770 -3.438327 111.213735 96.339706 0.514543 0.569833 0.640731 0.439678 0.466189 -0.767692 0.736158 -0.676726 0.010669
-0.186459 -3.189905 -34.593000 144.537524 -0.477646 -0.469713 -0.742444 0.478436 0.569709 -0.668229 0.736853 -0.674390 -0.047391
5.561216 -3.219554 -82.344043 30.193328 0.967068 -0.020311 0.253705 0.233532 0.467160 -0.852774 0.101201 -0.883939 -0.456519
4.239376 -2.606676 -141.836913 9.937415 0.984754 -0.137944 0.105976 0.155647 0.426693 -0.890902 -0.077676 -0.893815 -0.441658
4.750139 -3.057337 -57.075560 7.507150 0.959479 -0.049349 0.277425 0.275039 0.378084 -0.883972 0.061267 -0.924455 -0.376336
5.032902 -3.624753 -38.219680 4.693752 0.910826 -0.013184 0.412581 0.394430 0.322580 -0.860446 0.121746 -0.946450 -0.299014
6.365537 -3.929761 6.319120 22.542801 0.910289 0.089935 0.404087 0.335590 0.411226 -0.847510 0.242392 -0.907086 -0.344153
3.591030 -2.968306 -54.379540 10.077507 0.922324 -0.106451 0.371465 0.386077 0.294144 -0.874313 0.016193 -0.949815 -0.312394
-0.190553 -1.818992 24.135526 1.946792 0.999369 -0.023863 0.026301 0.035498 0.649613 -0.759436 -0.001037 -0.759891 -0.650050
-0.293351 -2.114707 22.350540 20.107458 0.992805 -0.077356 0.091402 0.119714 0.624632 -0.771689 -0.002602 -0.777079 -0.629398
-0.608453 -2.398060 21.475158 12.642008 0.987305 -0.103837 0.120191 0.158794 0.628433 -0.761483 -0.003538 -0.770902 -0.636944
-0.692587 -2.498508 30.108178 23.634949 0.975460 -0.136718 0.172586 0.220138 0.590819 -0.776191 -0.004152 -0.795136 -0.606417
-0.656746 -2.581649 13.978149 15.789731 0.975681 -0.150269 0.159580 0.217370 0.569551 -0.792693 -0.028228 -0.808103 -0.588364
-0.267474 -4.423744 -6.201214 -7.140093 0.834234 0.373060 -0.406055 -0.126884 0.846505 0.517040 0.536614 -0.379810 0.753518
-0.434219 -4.664964 2.830344 -57.048773 0.826868 0.380258 -0.414360 -0.046137 0.780156 0.623881 0.560501 -0.496749 0.662630
-0.390277 -4.432730 -2.396671 -10.342722 0.823557 0.414602 -0.387116 -0.169407 0.831093 0.529703 0.541345 -0.370661 0.754689
-0.196540 -4.652406 -10.512402 46.100258 0.832492 0.396511 -0.386957 -0.232449 0.883957 0.405695 0.502916 -0.247790 0.828056
-0.190294 -4.803796 -8.847006 49.862571 0.837358 0.378965 -0.393976 -0.215014 0.890937 0.399999 0.502594 -0.250232 0.827516
1.401290 -6.922194 1.762059 86.942122 0.899312 0.417155 -0.131224 0.383604 -0.608442 0.694728 -0.209967 0.675115 0.707201
0.811353 -8.495307 -12.066486 115.697068 0.898822 0.426904 -0.099358 0.334478 -0.521539 0.784934 -0.283272 0.738749 0.611561
0.984558 -8.390855 -3.685104 124.255974 0.880413 0.436174 -0.186079 0.412706 -0.511509 0.753679 -0.233554 0.740345 0.630351
0.305952 -9.736952 -12.290106 70.853802 0.883632 0.442021 -0.154310 0.320496 -0.330834 0.887598 -0.341286 0.833766 0.434002
1.462571 -7.040414 8.609010 95.236456 0.880490 0.428111 -0.203612 0.441410 -0.583722 0.681488 -0.172900 0.689920 0.702934
1.332587 -7.461283 22.900814 83.746008 0.873053 0.412190 -0.260535 0.464389 -0.539857 0.702066 -0.148734 0.733930 0.662740
0.696050 -9.031725 0.466822 68.425379 0.869247 0.431609 -0.241087 0.415091 -0.372295 0.830118 -0.268531 0.821651 0.502774
1.581852 -8.467577 -22.824601 -39.729711 0.731725 0.602403 0.318889 0.029778 -0.495659 0.868006 -0.680949 0.625646 0.380624
2.332944 -8.115087 -32.646784 -38.203983 0.764398 0.553360 0.330890 0.036944 -0.549960 0.834373 -0.643685 0.625569 0.440832
1.541976 -9.419823 -30.386904 -88.401723 0.736428 0.602924 0.306849 0.167811 -0.602198 0.780511 -0.655373 0.523298 0.544653
2.896567 -8.290608 -27.742001 12.877646 0.774823 0.538101 0.331808 -0.053836 -0.466794 0.882726 -0.629881 0.701820 0.332713
0.727974 -9.073643 -17.094012 -86.437044 0.715385 0.638313 0.284220 0.161500 -0.546804 0.821537 -0.679811 0.541813 0.494263
0.883131 -8.398085 -39.539589 -24.584718 0.694423 0.657647 0.292021 0.069269 -0.465041 0.882575 -0.716225 0.592653 0.368490
1.414695 -8.566675 -54.896240 21.849050 0.684684 0.656063 0.317474 -0.040092 -0.401026 0.915189 -0.727737 0.639343 0.248273
2.135322 -8.698322 -26.734950 21.616426 0.737844 0.588146 0.331165 -0.088516 -0.402083 0.911314 -0.669142 0.701721 0.244614
0.730441 -16.133844 -8.471541 -0.012250 0.854283 0.514618 0.073274 -0.135245 0.083941 0.987250 -0.501906 0.853300 -0.141309
0.522431 -14.885118 14.959936 -38.001185 0.861471 0.498879 0.094804 -0.223360 0.204595 0.953022 -0.456046 0.842176 -0.287682
0.748338 -15.024094 0.897213 -96.833658 0.857989 0.504582 0.096189 -0.309916 0.359163 0.880315 -0.409644 0.785110 -0.464536
0.437688 -15.791267 9.305945 -39.186850 0.856608 0.511900 0.064669 -0.062867 -0.020854 0.997804 -0.512124 0.858792 -0.014318
0.637425 -15.328621 -17.443039 -47.326725 0.853495 0.514298 0.083929 -0.285819 0.327350 0.900638 -0.435722 0.792679 -0.426388
0.632622 -14.767662 -22.296148 38.479267 0.849710 0.523234 0.064957 0.004871 -0.130984 0.991372 -0.527229 0.842062 0.113847
0.532426 -16.049942 -8.997435 61.133403 0.846385 0.530860 0.042664 0.088464 -0.219136 0.971676 -0.525173 0.818637 0.232435
1.356495 -5.217134 -21.568686 36.974422 0.680486 0.711378 0.175730 0.729909 -0.636917 -0.248131 -0.064589 0.297116 -0.952654
0.879897 -4.980944 8.633114 30.166576 0.682739 0.708721 0.177713 0.729662 -0.648605 -0.216577 -0.038227 0.277536 -0.959954
1.196852 -5.853665 -9.799299 70.376220 0.721704 0.669615 0.175382 -0.692160 0.695341 0.193428 -0.007572 0.260990 -0.965312
0.990785 -5.821462 -5.073305 79.579266 0.661020 0.731367 0.167792 0.739078 -0.595942 -0.314035 -0.129680 0.331595 -0.934467
1.852226 -5.576085 -57.378896 41.236961 0.682787 0.712444 0.161944 0.720150 -0.618877 -0.313649 -0.123234 0.330779 -0.935627
1.449007 -5.923886 -34.132258 73.397751 0.664955 0.728776 0.163464 0.728785 -0.585222 -0.355511 -0.163425 0.355529 -0.920267
0.469923 -4.076260 6.213714 -14.654839 0.848957 0.513304 -0.125662 0.493875 -0.686029 0.534277 -0.188039 0.515639 0.835917
0.435676 -4.363206 1.419880 -0.959220 0.868952 0.484056 -0.103012 0.475809 -0.759892 0.442910 -0.136115 0.433882 0.890629
0.510377 -3.928241 3.856954 -4.735457 0.845939 0.521479 -0.111570 0.500958 -0.705351 0.501518 -0.182835 0.480146 0.857923
0.715437 -2.714263 7.130486 -54.335049 0.793091 0.586870 -0.163063 0.553983 -0.583710 0.593620 -0.253197 0.561129 0.788052
0.579197 -3.698544 5.512733 2.294020 0.850114 0.516880 -0.100708 0.497964 -0.726845 0.472999 -0.171284 0.452253 0.875288
0.701022 -3.284184 5.850547 -26.752536 0.809118 0.571826 -0.135436 0.545838 -0.645945 0.533681 -0.217688 0.505737 0.834770
0.482432 -6.127662 -20.387495 37.282674 0.822418 0.568851 -0.006121 0.146750 -0.222534 -0.963817 0.549630 -0.791762 0.266495
0.410625 -5.359831 -10.973576 15.506865 0.810300 0.585384 -0.027208 0.079110 -0.155272 -0.984699 0.580651 -0.795749 0.172126
0.133647 -5.727996 -22.264226 62.367708 0.828811 0.559525 0.002090 0.115361 -0.167225 -0.979146 0.547507 -0.811768 0.203145
0.800478 -5.526563 -11.599472 7.090152 0.815584 0.578106 -0.024813 0.149492 -0.251939 -0.956127 0.558995 -0.776093 0.291899
0.033021 -13.594564 12.271188 -194.920698 0.945255 0.282346 -0.163628 0.043593 0.387669 0.920767 -0.323409 0.877493 -0.354138
0.056492 -10.144091 4.769376 -155.712664 0.938911 0.297592 -0.172875 -0.031538 0.574591 0.817833 -0.342713 0.762420 -0.548875
-0.257611 -11.447895 14.119777 -179.173654 0.943016 0.289151 -0.164662 -0.006226 0.510101 0.860092 -0.332690 0.810055 -0.482833
-0.331652 -13.967769 20.044487 -170.189707 0.946261 0.281057 -0.159993 0.068761 0.308557 0.948717 -0.316011 0.908735 -0.272650
-0.751826 -13.366055 9.573060 -188.371426 0.932385 0.321845 -0.164545 0.031303 0.381610 0.923793 -0.360110 0.866481 -0.345732
-0.033920 -4.004229 4.372408 19.765459 0.770608 0.557732 -0.308380 -0.177627 0.652665 0.736530 0.612055 -0.512799 0.602018
0.064316 -4.268812 2.433061 -2.891226 0.772086 0.558976 -0.302372 -0.200574 0.665798 0.718668 0.603037 -0.494226 0.626169
0.020765 -4.319120 3.201529 2.415190 0.777017 0.545596 -0.313960 -0.197609 0.684966 0.701265 0.597659 -0.482853 0.640044
-0.140942 -4.193766 4.707834 28.419036 0.778126 0.529836 -0.337333 -0.163760 0.689619 0.705414 0.606385 -0.493659 0.623376
-0.034170 -4.297093 4.240540 2.710675 0.778791 0.539915 -0.319337 -0.195216 0.692409 0.694594 0.596134 -0.478604 0.644641
0.063363 -4.117669 0.740349 -37.304217 0.786259 0.524952 -0.325918 -0.197539 0.713335 0.672408 0.585470 -0.464305 0.664564
2.766914 -4.172399 -0.712626 7.923439 0.837004 0.547023 0.013789 0.349889 -0.515654 -0.782099 0.420715 -0.659445 0.623002
2.254323 -4.129955 26.516000 8.006075 0.810738 0.580882 -0.072665 0.293711 -0.510991 -0.807850 0.506397 -0.633612 0.584891
2.651042 -4.036694 15.817792 9.752255 0.825243 0.564684 -0.010328 0.310745 -0.469248 -0.826586 0.471606 -0.678925 0.562716
2.673908 -4.262777 30.736334 2.921876 0.808285 0.584164 -0.073672 0.362888 -0.592787 -0.718969 0.463668 -0.554397 0.691127
2.573375 -4.098032 -3.476651 7.368810 0.842130 0.536934 0.050182 0.318225 -0.419657 -0.850071 0.435373 -0.731840 0.524272
2.435794 -4.120108 -28.222510 9.740863 0.856762 0.506561 0.096719 0.366088 -0.465304 -0.805898 0.363233 -0.725871 0.584101
2.503201 -4.268887 -38.749154 0.051979 0.861008 0.500005 0.093058 0.399973 -0.552678 -0.731142 0.314144 -0.666740 0.675849
3.162617 -4.304403 -2.506041 -2.282522 0.835813 0.548692 0.018785 0.413345 -0.606385 -0.679295 0.361333 -0.575529 0.733624
10.927124 -3.364065 -307.976642 13.439014 -0.208713 0.921484 -0.327576 0.646825 -0.121161 -0.752952 0.733523 0.369035 0.570752
9.471810 -4.507136 -312.282634 20.264444 -0.199502 0.948713 -0.245240 0.685190 -0.043853 -0.727043 0.700510 0.313083 0.641300
9.919480 -4.277930 -130.292940 -25.156734 -0.448391 0.802973 -0.392659 0.666059 0.007204 -0.745864 0.596080 0.595973 0.538058
-3.323742 -12.417105 9.356118 -5.518809 0.931242 0.284785 -0.227346 0.273027 -0.132092 0.952894 -0.241340 0.949447 0.200764
-2.928834 -13.063197 9.299019 116.659719 0.929387 0.282675 -0.237351 0.236504 0.037642 0.970901 -0.283384 0.958477 0.031869
-2.666501 -12.289543 -31.914952 93.552729 0.906262 0.369605 -0.205138 0.233553 -0.033312 0.971773 -0.352339 0.928592 0.116512
-3.171822 -12.238441 -31.747390 -49.909761 0.915594 0.349188 -0.199389 0.277559 -0.190047 0.941723 -0.290945 0.917578 0.270926
-3.280798 -13.489068 -6.448008 -148.622733 0.935300 0.290162 -0.202535 0.295017 -0.323363 0.899111 -0.195396 0.900690 0.388044
-1.064003 -4.079132 44.923978 -41.713548 0.813588 0.514877 -0.270140 0.581151 -0.734774 0.349815 0.018380 0.441597 0.897025
-1.717529 -4.497917 23.292537 -12.480866 0.865663 0.462110 -0.192567 0.500539 -0.806148 0.315574 0.009408 0.369568 0.929156
-1.224391 -4.327831 31.756911 -6.138121 0.857149 0.461887 -0.227938 0.510894 -0.818647 0.262306 0.065445 0.341287 0.937678
0.850275 -31.208800 43.443775 235.543201 0.911686 0.020215 -0.410390 0.178000 -0.919633 0.350130 0.370330 0.392258 0.842015
2.174033 -32.377749 83.825570 420.280808 0.922278 -0.030665 -0.385309 0.234691 -0.747635 0.621258 0.307121 0.663401 0.682331
0.674670 -33.972202 22.590391 482.464026 0.924839 -0.021569 -0.379748 0.250859 -0.715879 0.651604 0.285908 0.697891 0.656662
0.643045 -27.767134 15.944695 271.733826 0.912100 -0.000480 -0.409968 0.166643 -0.913226 0.371818 0.374572 0.407453 0.832873
0.306935 -44.636829 8.316811 928.381694 0.916046 -0.048286 -0.398155 0.193221 -0.816798 0.543605 0.351461 0.574899 0.738895
0.163345 -34.867525 17.315605 99.492878 0.917087 -0.070108 -0.392476 0.330660 -0.416243 0.846998 0.222746 0.906547 0.358549
0.457623 -31.665225 1.193557 42.789813 0.922328 -0.016883 -0.386038 0.359972 -0.325632 0.874291 0.140467 0.945346 0.294262
-6.324808 -24.836984 -143.426968 -887.972457 0.717973 0.449568 -0.531417 -0.373278 -0.395719 -0.839089 0.587519 -0.800809 0.116302
-0.535167 -31.511228 85.046734 -915.589617 0.893299 0.423855 -0.149544 -0.114660 -0.106809 -0.987646 0.434592 -0.899410 0.046813
-3.604795 -70.551908 -11.793492 -2535.985475 0.858611 0.394048 -0.327893 -0.364910 0.020576 -0.930815 0.360039 -0.918860 -0.161459
-2.399340 -85.124886 70.666224 -3090.151737 0.773875 0.558903 -0.297902 -0.191144 -0.242326 -0.951179 0.603806 -0.793036 0.080699
15.154552 -457.049107 1023.309589 -10299.670863 0.888045 0.368104 0.275454 -0.451191 0.582661 0.675968 -0.088330 0.724573 -0.683514
1.596464 -39.807572 27.995961 -1266.763651 0.956371 0.268994 0.114006 -0.172668 0.205638 0.963275 -0.235672 0.940933 -0.243113
13.233355 -459.042094 182.611792 -22899.735594 0.948866 0.304920 -0.081712 0.205356 -0.399632 0.893377 -0.239754 0.864476 0.441815
-2.269149 -601.101457 247.143086 -22507.441733 0.829611 0.505165 -0.237810 0.450615 -0.354284 0.819408 -0.329683 0.786951 0.521553
-1.421691 -370.675549 360.666523 -3931.922064 0.785550 0.601579 -0.144960 -0.588687 0.798716 0.124502 0.190679 -0.012467 0.981573
-3.766375 -100.765461 45.626162 2287.675783 0.846070 0.495151 -0.197460 0.514583 -0.855337 0.060022 0.139175 0.152392 0.978472
-0.239684 -3.297050 -13.550300 -5.599437 0.998071 -0.016545 -0.059842 -0.019693 0.829709 -0.557848 -0.058881 -0.557950 -0.827783
-0.378330 -3.100579 -11.786003 -20.006027 0.995243 0.033712 -0.091402 -0.083392 0.779849 -0.620388 -0.050365 -0.625060 -0.778951
-0.106543 -2.873907 -9.412858 -19.893138 0.997444 -0.006453 -0.071162 -0.039662 0.778408 -0.626505 -0.059436 -0.627726 -0.776162
-0.341330 -2.659878 -11.163920 -28.717663 0.993905 0.039836 -0.102788 -0.098251 0.742933 -0.662115 -0.049989 -0.668179 -0.742319
0.086999 -2.906512 -6.586127 -1.092081 0.997262 -0.070826 -0.021248 0.046125 0.820430 -0.569884 -0.057795 -0.567344 -0.821450
-0.138498 -2.357450 -7.272852 -25.377567 0.995638 0.022431 -0.090562 -0.078178 0.730352 -0.678582 -0.050921 -0.682702 -0.728920
-0.133258 -10.133906 -11.252920 80.445098 0.898865 0.409745 -0.155405 0.438224 -0.841391 0.316261 0.001170 0.352378 0.935857
0.035067 -9.463036 -7.076220 48.918989 0.881719 0.439035 -0.172688 0.470156 -0.848020 0.244573 0.039066 0.296835 0.954129
0.178242 -8.872247 -3.622201 36.353366 0.888385 0.427252 -0.168011 0.448903 -0.885095 0.122852 0.096216 0.184560 0.978100
0.203105 -8.453361 12.390828 24.593801 0.867994 0.448806 -0.212508 -0.428107 0.893173 0.137721 0.251616 -0.028565 0.967405
0.226473 -8.527244 6.882716 24.054503 0.863959 0.459485 -0.206030 -0.436254 0.887316 0.149506 0.251509 -0.039285 0.967057
0.151865 -8.467410 -0.821818 2.992361 0.872982 0.446927 -0.195342 -0.457597 0.889094 -0.010826 0.168839 0.098839 0.980675
0.191453 -9.562131 3.153388 53.718043 0.866414 0.449771 -0.216871 0.482771 -0.865465 0.133803 0.127513 0.220628 0.966987
-0.104723 -8.523739 9.832865 2.873367 0.878178 0.431911 -0.205565 -0.429858 0.901100 0.056933 0.209825 0.038367 0.976986
-0.358430 -10.466395 -3.048894 167.613705 -0.724838 -0.675886 -0.133368 -0.659399 0.736717 -0.149805 0.199505 -0.020641 -0.979679
-0.456886 -10.198809 -11.308160 176.473078 -0.725930 -0.673870 -0.137568 -0.663283 0.738834 -0.119076 0.181882 0.004805 -0.983309
-0.407993 -7.242687 6.456106 163.831477 0.728809 0.669923 0.141565 -0.682090 0.728419 0.064487 0.059917 0.143559 -0.987826
-0.293614 -7.338266 -3.690037 158.132786 0.731462 0.668164 0.136087 -0.678859 0.732341 0.053170 0.064136 0.131276 -0.989269
-1.260440 -3.779798 -5.056186 -8.280627 0.875809 0.470114 -0.109325 -0.441238 0.871644 0.213413 0.195621 -0.138670 0.970826
-0.836733 -3.438101 -0.936895 -12.287458 0.867250 0.487139 -0.102820 -0.436973 0.843734 0.311717 0.238602 -0.225408 0.944595
-1.045653 -3.583029 2.734990 -9.290949 0.894332 0.422685 -0.146656 -0.372013 0.884645 0.281087 0.248549 -0.196828 0.948410
-1.326860 -3.724485 -6.656851 -17.358841 0.919224 0.352175 -0.176068 -0.306910 0.921009 0.239893 0.246644 -0.166479 0.954700
0.126122 -12.372575 19.483063 8.755190 0.678044 0.729750 -0.087872 0.335359 -0.413525 -0.846481 0.654057 -0.544483 0.525117
-0.188489 -12.663179 -0.438764 15.904631 0.684171 0.725923 -0.070318 0.374317 -0.432257 -0.820391 0.625937 -0.534967 0.567463
-0.079761 -12.682494 15.875878 -9.055218 0.668975 0.739680 -0.073111 0.205884 -0.278916 -0.937986 0.714202 -0.612437 0.338876
-0.030294 -14.602377 22.609025 -97.752358 0.663264 0.747157 -0.042867 0.044986 -0.096980 -0.994269 0.747032 -0.657534 0.097935
0.173419 -14.687435 15.069474 -92.856630 0.671943 0.738011 -0.061911 0.029412 -0.110121 -0.993483 0.740019 -0.665743 0.095702
-7.201599 -23.040466 -111.120721 37.947991 -0.150061 0.259853 0.953917 0.976586 -0.111473 0.183993 0.154147 0.959193 -0.237041
-7.573892 -29.375027 -150.926982 -842.960940 -0.177866 0.298795 0.937596 0.925420 0.374763 0.056126 -0.334606 0.877653 -0.343168
-9.772803 -26.925506 -160.056314 -642.626149 -0.171164 0.148702 0.973956 0.953464 0.274045 0.125722 -0.248213 0.950151 -0.188689
-10.823304 -23.452953 -170.633162 149.175607 -0.200920 0.103885 0.974084 0.958582 -0.184063 0.217352 0.201872 0.977409 -0.062601
-3.526018 -37.777128 547.420684 1916.748393 -0.761479 -0.577644 0.294069 -0.289715 0.709149 0.642785 -0.579840 0.404271 -0.707354
15.338271 -33.801587 606.501129 1668.249687 -0.794279 -0.546828 0.264765 -0.324553 0.750291 0.575959 -0.513601 0.371542 -0.773415
0.718892 -4.882751 -396.511622 208.037262 0.857042 -0.003216 -0.515237 0.247174 0.879971 0.405655 -0.452088 0.475017 -0.754967
15.667476 -189.208386 -240.160606 7953.792767 0.550739 0.809546 -0.203275 -0.709233 0.582284 0.397409 -0.440085 0.074699 -0.894844
-12.529599 -28.474296 452.833072 -1496.273855 0.399951 0.782864 0.476617 0.798001 -0.041658 -0.601214 -0.450814 0.620797 -0.641387
-48.557711 -131.865134 2209.967284 4268.063157 -0.815693 -0.497989 0.294366 -0.297624 0.797613 0.524627 -0.496049 0.340324 -0.798821
-6.197456 -80.976331 889.833155 3276.844371 -0.728635 -0.570843 0.378456 -0.480953 0.819861 0.310663 -0.487622 0.044340 -0.871928
-3.655530 -5.782087 -12.886272 -13.215669 0.714100 0.566847 0.410786 -0.392827 0.810176 -0.435088 -0.579438 0.149329 0.801220
-3.715947 -5.921801 -13.857314 -9.859425 0.738288 0.570864 0.359229 -0.389530 0.795672 -0.463868 -0.550633 0.202538 0.809803
-3.642235 -5.964629 -5.450050 -21.235453 0.709274 0.574195 0.408939 -0.331342 0.783586 -0.525552 -0.622208 0.237262 0.746032
-3.682121 -5.772649 -26.326674 -6.650120 0.740448 0.555282 0.378679 -0.444040 0.827100 -0.344579 -0.504544 0.086995 0.858992
-3.684298 -5.581996 -7.135646 4.462097 0.703634 0.596644 0.385895 -0.490566 0.800788 -0.343633 -0.514046 0.052485 0.856155
-0.826142 -16.281110 -12.358055 0.608724 0.801590 0.566628 -0.190751 -0.498734 0.457772 -0.736009 0.329723 -0.685111 -0.649542
-0.807166 -15.788770 -13.596117 -111.414971 0.806786 0.561527 -0.183805 -0.395149 0.281515 -0.874418 0.439265 -0.778098 -0.449009
-0.478018 -16.750793 -17.424187 -122.425275 0.810373 0.550320 -0.201107 -0.411538 0.290301 -0.863922 0.417052 -0.782862 -0.461730
-1.075038 -15.745763 -0.269275 -65.333100 0.787644 0.597939 -0.148615 -0.435669 0.369944 -0.820569 0.435671 -0.711063 -0.551887
-1.154085 -15.792666 -4.207217 37.026362 0.783914 0.599224 -0.162511 -0.550083 0.548950 -0.629335 0.287902 -0.582739 -0.759953
-0.692484 -4.297892 -7.461603 -8.130197 -0.073379 0.996480 -0.040539 0.556299 0.074634 0.827624 -0.827736 -0.038178 0.559817
-0.328676 -3.950168 -17.631809 -14.503550 -0.101796 0.994216 -0.034231 0.583549 0.087546 0.807345 -0.805673 -0.062209 0.589086
-0.692165 -4.085814 -7.506532 2.554349 -0.098569 0.992772 -0.068474 0.652990 0.116449 0.748361 -0.750925 -0.029053 0.659748
-0.383247 -4.097457 -18.288816 -9.203983 -0.064446 0.997848 0.012051 0.511179 0.022638 0.859176 -0.857055 -0.061531 0.511538
-0.757229 -4.688628 -19.859025 14.836662 -0.083133 0.995192 -0.051786 0.470401 0.085001 0.878350 -0.878528 -0.048659 0.475205
-0.339560 -4.323229 17.069268 -8.722254 0.913214 0.391033 -0.114598 -0.094485 0.476777 0.873932 -0.396374 0.787259 -0.472346
-0.387354 -4.067629 1.539134 34.955992 0.906670 0.408949 -0.103488 -0.125966 0.496601 0.858790 -0.402593 0.765603 -0.501767
-0.341080 -3.953523 -10.833142 31.654134 0.899401 0.413279 -0.142403 -0.106244 0.522680 0.845883 -0.424016 0.745658 -0.514008
-0.447441 -3.585896 -10.865170 9.363201 0.897502 0.405961 -0.172296 -0.133860 0.623022 0.770666 -0.420204 0.668610 -0.613505
-0.361335 -3.818089 -26.350265 26.973332 0.891641 0.408693 -0.194797 -0.069994 0.549523 0.832542 -0.447299 0.728694 -0.518583
0.453904 -4.024610 19.711241 5.895924 0.698838 0.701737 -0.138528 -0.296891 0.108376 -0.948741 0.650754 -0.704144 -0.284077
0.245141 -4.408282 37.931683 25.794094 0.692177 0.717386 -0.079053 -0.233224 0.118673 -0.965154 0.683007 -0.686494 -0.249455
0.148030 -4.173893 20.344978 7.951339 0.700734 0.703978 -0.115698 -0.287261 0.129971 -0.948993 0.653034 -0.698228 -0.293301
-0.030235 -6.052641 15.681280 -27.698858 0.761640 0.626571 -0.165264 -0.386373 0.643857 0.660427 0.520211 -0.439154 0.732478
-0.173472 -6.501545 -3.055419 -21.568813 0.775664 0.613720 -0.147282 -0.456571 0.706741 0.540427 0.435761 -0.351945 0.828400
-0.072070 -5.931224 0.580885 -27.401960 0.765653 0.628173 -0.138473 -0.410480 0.642873 0.646699 0.495259 -0.438307 0.750070
-0.069489 -6.373271 5.622174 -22.447096 0.779542 0.604465 -0.164122 -0.429426 0.706532 0.562499 0.455969 -0.368014 0.810345
0.023733 -5.629780 3.298692 26.435260 0.757144 0.639733 -0.132193 0.361424 -0.578808 -0.730996 0.544156 -0.505691 0.669455
0.020995 -6.519284 13.394904 -19.335545 0.777258 0.602250 -0.182114 -0.412170 0.706068 0.575834 0.475381 -0.372510 0.797026
0.162952 -5.620926 12.643124 14.585248 0.754450 0.641918 -0.136919 0.326307 -0.547821 -0.770335 0.569499 -0.536502 0.622766
0.232231 -6.071674 7.909230 -21.255319 0.775439 0.611633 -0.156844 -0.339355 0.613168 0.713346 0.532478 -0.499930 0.683035
-0.364574 -11.096599 -24.619376 53.161882 0.885206 0.465197 -0.001244 -0.458753 0.873381 0.163558 -0.077173 0.144212 -0.986533
0.361147 -9.854462 -24.418693 -1.712204 0.910077 0.414171 -0.014927 -0.405053 0.896507 0.179463 -0.087710 0.157279 -0.983651
0.220886 -8.375323 -16.606475 44.420224 0.918738 0.394842 -0.004500 -0.366372 0.856631 0.363257 -0.147284 0.332090 -0.931678
-0.571739 -9.678883 -27.993086 66.562615 0.874741 0.484590 0.000099 -0.456604 0.824154 0.335085 -0.162298 0.293158 -0.942188
0.267580 -7.256406 -12.939202 143.101822 0.920112 0.391652 -0.001304 -0.322106 0.758612 0.566353 -0.222803 0.520688 -0.824162
0.639085 -7.014396 -12.783541 128.480278 0.931935 0.362381 -0.013292 -0.295355 0.779811 0.551960 -0.210385 0.510466 -0.833764
-1.343626 -9.047526 -15.904283 -24.673610 0.874573 0.456080 0.164660 0.482479 -0.784655 -0.389271 0.048337 -0.419891 0.906287
-1.483677 -8.621138 -9.383695 -15.160838 0.867802 0.469115 0.163863 0.495461 -0.842037 -0.213289 -0.037922 -0.266281 0.963149
-1.255685 -9.193049 -8.579448 -17.635706 0.860246 0.473864 0.188227 0.509649 -0.788033 -0.345344 0.015317 -0.393010 0.919406
-1.127673 -9.642252 -18.552542 -20.759714 0.871204 0.453331 0.188399 0.474613 -0.679678 -0.559267 0.125483 -0.576653 0.807295
-0.885258 -9.773479 1.486040 -24.646053 0.850863 0.483887 0.204662 0.517134 -0.702558 -0.488861 0.092766 -0.521791 0.848015
-1.491549 -4.274806 -30.127602 103.846908 0.748924 0.655461 0.097384 0.005704 0.140577 -0.990053 0.662631 -0.742030 -0.101543
-1.444997 -7.147033 -15.931016 123.412142 0.750769 0.658635 0.050453 0.068981 -0.002211 -0.997616 0.656953 -0.752459 0.047093
-1.121478 -4.910101 -29.772903 121.627623 0.765377 0.628478 0.138611 0.067035 0.136352 -0.988390 0.640081 -0.765783 -0.062231
-1.067599 -3.044084 -53.469354 91.025699 0.756036 0.609022 0.239795 0.096503 0.258640 -0.961141 0.647377 -0.749798 -0.136769
-0.617581 -2.868742 -43.107311 69.762668 0.747782 0.582645 0.318349 0.159020 0.308357 -0.937885 0.644620 -0.751958 -0.137931
-0.536427 -1.724950 37.155766 -16.291855 -0.565974 0.820044 -0.084855 0.824422 0.563064 -0.057330 0.000766 -0.102403 -0.994743
-0.477529 -1.386455 -16.259867 35.960129 0.942782 -0.333235 0.010764 0.331136 0.932103 -0.146739 -0.038865 -0.141907 -0.989117
0.138802 -1.029560 63.789567 -23.959333 -0.308669 0.947901 -0.078792 0.950942 0.305720 -0.047383 -0.020826 -0.089552 -0.995764
-0.696731 -2.082178 -19.302606 32.823826 0.995638 -0.091733 -0.017007 0.087109 0.979311 -0.182654 -0.033410 -0.180375 -0.983030
0.856756 -2.418735 72.483309 -41.093210 -0.235178 0.968847 -0.077634 0.971485 0.236791 0.012140 0.030145 -0.072565 -0.996908
-0.670169 -3.065898 59.705353 -38.228259 -0.453951 0.886649 -0.088215 0.889985 0.455979 0.003211 0.043072 -0.077052 -0.996096
-1.294321 -2.563526 -20.663312 8.353151 0.833230 -0.547202 0.079355 0.552876 0.826460 -0.106267 0.007434 -0.132418 -0.991166
1.795914 -5.574526 -49.391950 1.577501 0.868856 0.433000 -0.240002 -0.310866 0.854478 0.416209 0.385295 -0.287017 0.877023
0.946754 -5.688179 -38.135470 -12.815360 0.875234 0.448023 -0.182322 -0.358215 0.853654 0.378096 0.325036 -0.265612 0.907635
2.236947 -5.715693 -55.956705 -15.570490 0.874456 0.417115 -0.247673 -0.338364 0.890306 0.304739 0.347615 -0.182677 0.919670
4.408646 -5.037753 -95.752599 2.901467 0.838514 0.472501 -0.271363 -0.351530 0.849625 0.393147 0.416319 -0.234267 0.878520
4.110751 -5.036778 -105.667648 22.620600 0.845576 0.472817 -0.247882 -0.302848 0.807219 0.506636 0.439641 -0.353329 0.825757
-0.170010 -4.381107 -2.127174 -12.776410 0.747125 0.658504 -0.090424 -0.506784 0.476318 -0.718534 0.430087 -0.582660 -0.689589
-0.052844 -3.974612 -1.978003 -44.789016 0.726864 0.676448 -0.118688 -0.468265 0.361719 -0.806156 0.502391 -0.641543 -0.579677
-0.105995 -4.156907 -4.377737 -7.439157 0.722581 0.678031 -0.134726 -0.539470 0.431214 -0.723206 0.432260 -0.595255 -0.677364
-0.298604 -4.828476 -3.778992 2.507711 0.751529 0.653970 -0.086759 -0.538504 0.532165 -0.653310 0.381075 -0.537702 -0.752103
-0.424623 -5.438872 -0.835533 -23.595956 0.794644 0.606896 -0.014758 -0.468052 0.597003 -0.651548 0.386611 -0.524656 -0.758464
-1.499359 -3.920129 -14.109235 40.778177 0.915811 0.391810 0.088179 0.079736 -0.392582 0.916254 -0.393615 0.832084 0.390772
-1.934505 -3.168564 15.009057 6.362185 0.895920 0.443001 -0.032836 0.232098 -0.403801 0.884915 -0.378759 0.800434 0.464593
-1.712746 -3.622451 29.478921 15.926685 0.898840 0.423445 -0.113050 0.285558 -0.370143 0.883997 -0.332479 0.826855 0.453618
-1.135827 -3.810576 30.791574 19.460093 0.909998 0.396744 -0.120408 0.285230 -0.388277 0.876290 -0.300911 0.831766 0.466494
-1.425591 -4.317662 14.932702 38.291607 0.918542 0.391479 -0.054999 0.197857 -0.334810 0.921279 -0.342247 0.857115 0.384994
-0.149119 -6.828333 10.926522 -125.396821 0.791032 0.577267 0.202559 -0.220195 0.577567 -0.786085 0.570773 -0.577216 -0.583986
-0.036577 -7.720017 -10.623844 -207.727322 0.821091 0.527605 0.217812 -0.215575 0.639971 -0.737540 0.528523 -0.558632 -0.639213
-0.225479 -9.137627 -16.483046 -202.805198 -0.798052 -0.547330 -0.252077 -0.244062 0.676064 -0.695249 0.550951 -0.493322 -0.673117
-0.032917 -5.763008 -4.823535 -113.277172 0.794136 0.583239 0.170824 -0.234121 0.552980 -0.799625 0.560835 -0.595017 -0.575690
-0.757708 -13.871447 14.269038 -100.260564 0.823819 0.421914 -0.378565 -0.537640 0.793201 -0.285964 -0.179626 -0.439114 -0.880292
-0.699304 -15.551311 -12.414644 -90.937730 -0.820039 -0.424570 0.383766 -0.476064 0.878224 -0.045662 -0.317646 -0.220142 -0.922301
-0.520504 -15.422399 -19.916956 -99.944604 -0.821693 -0.436124 0.366902 -0.500943 0.859682 -0.100009 -0.271802 -0.265974 -0.924868
-0.368762 -14.517648 8.678840 -100.688765 0.821234 0.431470 -0.373374 -0.542301 0.793701 -0.275588 -0.177439 -0.428804 -0.885801
-0.786321 -4.533348 2.357838 -35.405910 -0.678658 -0.694556 0.238778 -0.623656 0.716683 0.312120 -0.387913 0.062907 -0.919547
-0.454287 -4.334835 -11.978548 -28.254284 0.647427 0.722455 -0.242687 -0.637131 0.687807 0.347830 -0.418213 0.070571 -0.905603
-0.932101 -5.287960 16.755339 -26.968725 -0.717369 -0.628790 0.300008 -0.492647 0.762312 0.419737 -0.492626 0.153308 -0.856631
4.601556 -0.083158 1.829930 16.136775 0.227291 0.886216 0.403683 0.601377 0.198313 -0.773963 0.765953 -0.418681 0.487875
3.787609 -1.553791 39.177607 -159.592380 0.300674 0.949634 0.088261 0.545883 -0.095472 -0.832404 0.782053 -0.298462 0.547096
3.364214 0.311516 -91.187520 -33.889198 0.421370 0.853836 0.305631 0.564706 0.016670 -0.825124 0.709615 -0.520274 0.475143
2.565479 -1.109268 -173.840324 110.560918 0.536920 0.807040 0.245770 0.425297 -0.007338 -0.905024 0.728587 -0.590451 0.347171
3.342651 -1.959561 -183.104192 125.029779 0.338232 0.833050 0.437752 0.512957 0.226785 -0.827915 0.788970 -0.504575 0.350613
2.131004 -3.754771 64.928487 22.469468 0.882246 0.470560 -0.014672 0.343128 -0.621362 0.704395 -0.322343 0.626484 0.709657
0.809415 -3.501576 44.917397 20.550151 0.882684 0.467921 -0.043799 0.373305 -0.641469 0.670195 -0.285503 0.607921 0.740891
2.056143 -3.083024 60.459835 28.813821 0.885133 0.465136 -0.013735 0.370168 -0.685913 0.626497 -0.281985 0.559617 0.779303
1.066581 -3.962815 49.281320 12.626928 0.879642 0.474642 -0.030737 0.341509 -0.585287 0.735398 -0.331061 0.657384 0.676938
2.901422 -3.542258 59.238308 29.821322 0.872284 0.488716 0.016656 0.349569 -0.647022 0.677616 -0.341938 0.585252 0.735227
2.081036 -4.142862 65.644173 23.637647 0.880029 0.474852 -0.008108 0.316403 -0.573477 0.755654 -0.354174 0.667563 0.654921
-1.302496 -4.179400 5.042395 -4.485882 0.812453 0.452219 0.367992 -0.044831 -0.580850 0.812775 -0.581300 0.676839 0.451640
-1.048619 -4.101452 11.274816 -18.642818 0.834928 0.422038 0.353242 -0.086919 -0.532666 0.841851 -0.543453 0.733588 0.408054
-1.152657 -3.896586 17.210593 -18.057907 0.827137 0.432206 0.359225 -0.129690 -0.475146 0.870297 -0.546831 0.766443 0.336958
-1.142696 -4.219275 1.817140 -7.896888 0.828281 0.437845 0.349632 -0.012601 -0.609280 0.792855 -0.560171 0.661113 0.499137
-1.415066 -3.976491 10.452460 -12.787613 0.805146 0.449462 0.386942 -0.122852 -0.511885 0.850224 -0.580213 0.732091 0.356925
-1.399805 -4.159423 0.350911 0.279604 0.799771 0.462437 0.382777 -0.036114 -0.599419 0.799621 -0.599218 0.653337 0.462697
-1.159556 -4.177958 -11.580136 7.471418 0.805558 0.466438 0.365393 0.038495 -0.656575 0.753278 -0.591265 0.592743 0.546865
-1.133286 -4.080147 -7.067006 -10.659252 0.802671 0.488733 0.341848 -0.074584 0.650916 -0.755477 -0.591741 0.580902 0.558923
-0.366136 -5.053782 4.343927 -1.521190 0.736640 0.674706 -0.046187 0.233223 -0.317549 -0.919114 0.634798 -0.666284 0.391276
-0.344047 -4.983196 2.470772 -8.813295 0.735903 0.676694 -0.023069 0.186709 -0.235559 -0.953757 0.650836 -0.697565 0.299694
-0.280585 -5.100716 0.740196 -7.120636 0.732697 0.680012 -0.027182 0.169388 -0.220904 -0.960473 0.659138 -0.699132 0.277042
-0.185144 -5.140604 8.971586 -3.891777 0.730988 0.680182 -0.054847 0.184194 -0.274066 -0.943907 0.657060 -0.679882 0.325625
1.371989 -2.120641 -47.791970 0.480776 0.399567 0.906338 -0.137470 -0.880029 0.421237 0.219336 -0.256700 -0.033338 -0.965916
0.699867 -2.230907 -29.217969 -10.955515 0.377681 0.915450 -0.138954 -0.894419 0.399514 0.201004 -0.239523 -0.048367 -0.969685
1.265055 -1.967888 -37.163138 -1.456148 0.387523 0.913755 -0.121974 -0.896952 0.404286 0.178967 -0.212844 -0.040051 -0.976265
-22.244439 -227.534056 -1026.777954 7598.292297 -0.425566 0.647260 0.632415 0.772173 -0.104664 0.626733 0.471850 0.755050 -0.455255
-8.674450 -169.233870 243.744252 6406.126558 -0.097419 0.280259 0.954968 0.961371 -0.221702 0.163136 0.257439 0.933972 -0.247835
-12.067744 -59.432289 -110.879942 -1753.287702 0.227754 -0.493267 -0.839533 -0.648890 0.565956 -0.508562 0.725996 0.660592 -0.191177
0.843458 -6.610590 -25.773217 -72.489017 -0.343347 -0.251552 0.904895 0.637037 0.645593 0.421181 -0.690142 0.721063 -0.061414
-12.783873 -181.913920 -82.565027 -6160.233133 0.007398 0.039253 0.999202 0.720815 0.692363 -0.032536 -0.693088 0.720481 -0.023172
0.964503 -22.593584 4.362001 -763.662841 -0.103135 -0.097468 0.989880 0.688960 0.710799 0.141771 -0.717424 0.696610 -0.006157
1.139196 -9.720868 -4.388624 -192.968588 -0.287895 -0.250682 0.924270 0.600825 0.704275 0.378162 -0.745739 0.664195 -0.052141
0.166368 -69.309243 86.360971 -2044.526653 0.120100 -0.089453 -0.988723 -0.652873 0.743157 -0.146540 0.747885 0.663111 0.030852
0.338208 -34.687161 -13.674091 -1103.060478 -0.044829 0.108024 -0.993137 -0.558851 0.821317 0.114560 0.828056 0.560151 0.023551
0.649429 -13.862260 4.374889 -351.687153 0.068617 -0.021177 -0.997418 -0.469585 0.881412 -0.051018 0.880217 0.471873 0.050535
-1.035337 -5.440522 -6.730095 -36.976796 0.815157 0.556530 -0.160605 -0.574964 0.811044 -0.107817 -0.070254 -0.180230 -0.981112
-0.966515 -5.131868 -6.654711 37.496698 0.749734 0.639939 -0.168455 -0.660411 0.739700 -0.129230 -0.041906 -0.208138 -0.977201
-0.855293 -4.706963 -8.112715 15.086149 0.751896 0.630183 -0.193705 -0.655315 0.746566 -0.114899 -0.072206 -0.213330 -0.974308
-6.108842 -8.024908 -46.314071 -112.242798 0.878428 0.271554 0.393220 0.077362 0.731189 -0.677774 0.471570 -0.625797 -0.621289
-4.448569 -7.612323 -55.571027 -43.934809 0.828745 0.559607 -0.004634 -0.377209 0.552470 -0.743296 0.413394 -0.617751 -0.668946
-3.451716 -7.272570 22.243843 -42.100896 0.784083 0.604389 -0.141165 -0.486992 0.458095 -0.743632 0.384776 -0.651816 -0.653517
4.827923 -8.687852 25.204687 29.773186 0.710914 0.450843 0.539761 0.699518 -0.374031 -0.608913 0.072637 -0.810457 0.581277
4.061275 -8.265561 13.662643 3.920882 0.718717 0.513314 0.468994 0.680750 -0.382213 -0.624893 0.141511 -0.768389 0.624142
4.423600 -8.396441 -37.625426 -0.658212 -0.678368 -0.500435 -0.537942 0.700982 -0.221506 -0.677907 0.220091 -0.836958 0.501059
4.426242 -8.345405 11.874014 27.723007 0.743469 0.491261 0.453780 0.668307 -0.520495 -0.531461 0.024896 -0.698389 0.715285
5.520188 -9.172554 -39.269401 31.707350 -0.695398 -0.387879 -0.604956 0.706493 -0.214971 -0.674281 0.131491 -0.896291 0.423524
4.967241 -9.060840 8.616574 29.481506 0.740995 0.409980 0.531830 0.664725 -0.560135 -0.494357 -0.095220 -0.719837 0.687581
5.638299 -9.658248 16.489929 30.681674 0.718598 0.356445 0.597130 0.694516 -0.411758 -0.590003 -0.035570 -0.838691 0.543445
-2.100331 -3.923929 -103.526565 67.843017 -0.508950 -0.508231 -0.694745 0.509717 0.472447 -0.719015 0.693656 -0.720066 0.018602
5.249861 -2.637368 -178.360118 9.215228 0.986965 -0.149264 0.060175 0.127080 0.493380 -0.860481 -0.098750 -0.856911 -0.505917
2.833247 -2.478081 -184.351374 -0.317050 0.981390 -0.192025 -0.000342 0.088396 0.453349 -0.886939 -0.170469 -0.870403 -0.461887
2.032058 -2.361350 -97.352888 -6.280444 0.984011 -0.164780 0.067603 0.127020 0.383171 -0.914902 -0.124854 -0.908861 -0.397975
1.667424 -2.266182 -78.876071 34.752215 0.962114 0.139444 -0.234290 -0.253819 0.771879 -0.582905 -0.099561 -0.620289 -0.778029
0.085034 -2.051728 -13.322352 22.039173 0.951223 0.200678 -0.234316 -0.304009 0.738934 -0.601294 -0.052477 -0.643198 -0.763899
0.344376 -2.327828 -33.865404 15.658647 0.980632 0.104691 -0.165533 -0.189161 0.725392 -0.661834 -0.050789 -0.680328 -0.731146
2.349920 -2.882592 -116.534751 11.681494 0.984715 0.040306 -0.169444 -0.147597 0.709621 -0.688950 -0.092472 -0.703429 -0.704724
-0.937313 -4.567378 -10.594722 -16.355862 0.937702 0.192547 -0.289207 -0.155450 -0.511929 -0.844846 0.310726 -0.837171 0.450105
-1.097703 -4.543766 -5.933717 -36.573061 0.918864 0.193903 -0.343643 -0.146391 -0.641233 -0.753253 0.366413 -0.742444 0.560820
-1.014345 -4.468650 -5.695988 -29.417104 0.932310 0.182342 -0.312328 -0.141482 -0.610884 -0.778976 0.332836 -0.770436 0.543735
-1.048967 -4.564708 5.338840 -19.343195 0.910660 0.210637 -0.355430 -0.173889 -0.584971 -0.792195 0.374782 -0.783225 0.496082
-0.652067 -4.428190 -30.941880 -16.495217 0.957810 0.207039 -0.199335 -0.065137 -0.519148 -0.852198 0.279923 -0.829228 0.483760
-1.130612 -4.899826 11.028646 1.730308 0.913675 0.208956 -0.348620 -0.215954 -0.477065 -0.851923 0.344329 -0.853666 0.390757
-0.315544 -4.698357 -32.916272 -2.084059 0.957784 0.202079 -0.204484 -0.116187 -0.378516 -0.918273 0.262965 -0.903266 0.339058
-0.906562 -4.994040 -17.949857 4.289396 0.937650 0.186313 -0.293429 -0.199696 -0.402203 -0.893507 0.284489 -0.896393 0.339920
-0.069115 -4.059888 40.228610 15.517518 0.824599 0.559163 -0.085872 -0.561515 0.827457 -0.003980 0.068830 0.051500 0.996298
-0.215397 -4.354917 46.792161 14.603505 0.824712 0.557870 -0.092900 -0.552031 0.829764 0.082178 0.122930 -0.016490 0.992278
1.098357 -4.112561 60.036790 16.782772 0.805725 0.586201 -0.084712 -0.586979 0.809401 0.018036 0.079139 0.035192 0.996242
0.991979 -3.849817 49.833921 -15.737074 0.812135 0.577735 -0.081603 0.582700 -0.810276 0.062568 0.029973 0.098364 0.994699
0.058596 -3.802800 30.923909 -12.273341 0.828937 0.553348 -0.081664 0.558991 -0.824709 0.085932 0.019799 0.116882 0.992948
-0.718049 -4.693495 6.497163 -4.220657 0.822976 0.413328 -0.389706 -0.057258 0.742871 0.666981 0.565184 -0.526596 0.635031
-0.425260 -4.685426 -18.547114 6.944184 0.844541 0.374931 -0.382331 0.029732 -0.745713 -0.665603 0.534665 -0.550762 0.640933
-0.616402 -4.332374 -14.774705 -35.588658 0.842054 0.388095 -0.374602 0.019632 -0.716079 -0.697743 0.539036 -0.580183 0.610597
-0.404147 -4.227214 -38.204852 -39.355168 0.860823 0.355090 -0.364546 -0.001413 -0.714666 -0.699465 0.508902 -0.602631 0.614699
-0.291707 -4.634764 -31.590915 6.083927 0.860093 0.340134 -0.380195 -0.000511 -0.744705 -0.667393 0.510136 -0.574215 0.640342
1.870454 -6.707708 20.751786 101.556270 0.925712 0.377315 -0.026268 0.288754 -0.660161 0.693404 -0.244291 0.649477 0.720070
1.193133 -8.178257 20.469185 125.992417 0.925662 0.377794 -0.020509 0.247470 -0.563562 0.788135 -0.286195 0.734622 0.615161
0.307885 -9.696020 0.262995 83.809103 0.908072 0.415612 -0.051683 0.229767 -0.391201 0.891162 -0.350159 0.821114 0.450733
0.685861 -14.497414 26.350804 -105.916547 0.867540 0.488008 0.096039 -0.327423 0.415012 0.848858 -0.374392 0.767863 -0.519824
0.469344 -17.238409 5.455609 -152.190573 0.850517 0.522574 0.059478 -0.189721 0.199359 0.961385 -0.490537 0.828959 -0.268702
0.751131 -14.040573 -4.000905 -133.885850 0.850448 0.522212 0.063505 -0.335763 0.445905 0.829718 -0.404972 0.726954 -0.554558
0.760540 -13.528873 -11.320642 -112.804217 0.846243 0.530279 0.051745 -0.299075 0.392400 0.869814 -0.440939 0.751549 -0.490659
0.333297 -18.950951 2.434134 -97.707223 0.845212 0.532716 0.042783 0.034186 -0.133781 0.990421 -0.533336 0.835653 0.131284
0.334897 -17.798076 -34.528843 -131.281671 0.823603 0.564571 0.054192 -0.055290 -0.015172 0.998355 -0.564465 0.825245 -0.018720
0.423432 -14.893067 -13.105862 -138.433012 0.837276 0.542325 0.069665 -0.207777 0.197720 0.957985 -0.505765 0.816573 -0.278228
0.653629 -5.438538 2.033102 32.081616 0.706712 0.693400 0.140547 -0.706147 0.679016 0.200733 -0.043755 0.241107 -0.969512
0.764524 -6.348015 6.509077 93.310576 0.742604 0.651080 0.156955 -0.669715 0.720281 0.180768 -0.004643 0.239354 -0.970921
0.555689 -8.018881 8.406123 142.569309 0.755775 0.639051 0.142892 -0.654443 0.744642 0.131199 0.022561 0.192672 -0.981004
