18976
37927
-4.272413 -7.261551 -1.262124 -91.263714 0.169626 0.982460 0.077459 -0.663808 0.055808 0.745818 -0.728413 0.177928 -0.661631
-5.051034 -8.716481 -2.634115 -50.032733 0.290045 0.953882 -0.077352 -0.522880 0.225648 0.821997 -0.801543 0.197970 -0.564213
-6.640419 -8.532927 -121.106727 -142.558771 0.466398 0.836116 -0.288761 -0.471670 0.511229 0.718451 -0.748332 0.198884 -0.632807
-4.141061 -7.386956 44.219023 -66.248495 0.109169 0.992033 0.062877 -0.614557 0.017641 0.788675 -0.781282 0.124740 -0.611587
-5.534250 -6.397692 -46.374449 -137.374560 0.265912 0.963995 0.002168 -0.705038 0.192946 0.682418 -0.657429 0.182992 -0.730959
-4.105026 -6.589530 -1.109667 -72.176688 -0.050862 0.972865 0.225716 -0.707384 -0.194635 0.679504 -0.704997 0.125107 -0.698088
-0.383619 -3.945742 461.658841 22.437713 -0.378462 0.924003 -0.054641 0.925613 0.377636 -0.025119 -0.002575 -0.060083 -0.998190
-1.434548 -4.007857 336.743130 48.251305 -0.218695 0.973916 -0.060501 0.975275 0.216139 -0.046070 -0.031792 -0.069080 -0.997104
9.440943 -5.675240 1289.698340 -98.330191 -0.149347 0.988782 -0.002535 -0.988635 -0.149279 0.017774 -0.017196 -0.005161 -0.999839
13.367052 -4.744658 1431.259067 -57.190218 -0.484825 0.874577 -0.007771 0.874611 0.484811 -0.003741 0.000496 -0.008610 -0.999963
-3.067579 -3.899198 289.689995 -26.146237 -0.367520 0.924239 -0.103494 0.929306 0.369306 -0.002040 0.036335 -0.096927 -0.994628
8.644657 -1.726268 353.030415 -76.668110 -0.939584 -0.303943 -0.157481 -0.309680 0.950756 0.012664 0.145877 0.060668 -0.987441
11.039295 -1.064679 693.152195 160.285103 -0.925755 0.350066 -0.142938 0.333422 0.934037 0.128080 0.178345 0.070912 -0.981409
-0.538757 -6.173726 359.634316 -700.066332 0.596498 0.731051 0.331293 -0.658531 0.681746 -0.318685 0.458833 0.028072 -0.888079
1.881268 -13.354432 449.466079 -931.370868 0.480157 0.793397 0.374125 -0.720679 0.599956 -0.347383 0.500071 0.102825 -0.859858
3.862669 -10.415920 417.087588 -685.737209 0.544950 0.769388 0.333275 -0.700032 0.636268 -0.324220 0.461503 0.056619 -0.885330
3.808555 -5.701546 28.253692 -169.544575 0.680055 0.728184 0.085280 -0.719177 0.685166 -0.115465 0.142511 -0.017191 -0.989644
7.312442 -3.597575 -188.793095 -49.221598 0.806590 0.591110 0.001146 -0.590759 0.806176 -0.032926 0.020387 -0.025880 -0.999457
-14.222600 -50.560738 1132.375353 5276.398278 0.948291 0.299562 -0.104909 -0.158285 0.732817 0.661759 -0.275117 0.610935 -0.742340
-26.084626 -334.966897 -487.264935 32776.273409 0.833416 0.523968 -0.175716 -0.165306 0.539748 0.825437 -0.527345 0.658885 -0.536449
-79.923845 -415.994646 -2427.256677 28720.240697 0.913346 0.275876 -0.299484 -0.100558 0.865542 0.490637 -0.394572 0.418005 -0.818282
-4.770546 -6.359105 34.424486 23.884914 0.459292 0.591586 0.662629 -0.440808 -0.495840 0.748219 -0.771193 0.635743 -0.033041
-3.266091 -5.908052 162.591492 12.596976 0.642334 0.670969 0.370415 -0.239596 -0.283285 0.928624 -0.728011 0.685237 0.021202
-3.463006 -6.329542 145.053791 13.987039 0.618342 0.676779 0.399529 -0.330412 -0.237389 0.913496 -0.713079 0.696862 -0.076829
-4.453328 -6.696785 85.612512 25.179659 0.512621 0.671146 0.535521 -0.445652 -0.325136 0.834075 -0.733903 0.666221 -0.132426
-2.390060 -6.452235 181.227787 9.675344 0.664954 0.682153 0.304144 -0.325230 -0.102124 0.940104 -0.672356 0.724042 -0.153949
-1.617549 -6.475821 -22.714107 17.175538 0.520500 0.786370 -0.332720 0.706873 -0.178258 0.684511 0.478969 -0.591478 -0.648647
-2.070394 -6.697442 -31.786019 11.224483 0.534955 0.782162 -0.319448 0.752306 -0.268897 0.601440 0.384524 -0.562066 -0.732273
-1.832720 -6.467122 9.705340 21.150157 0.560840 0.791396 -0.243210 0.656215 -0.245795 0.713419 0.504817 -0.559712 -0.657177
-1.247874 -6.115390 12.252401 25.796329 0.558076 0.791837 -0.248084 0.592309 -0.170754 0.787409 0.581138 -0.586377 -0.564306
-1.155584 -6.200793 -13.646920 21.844874 0.515859 0.787626 -0.336949 0.647140 -0.100551 0.755712 0.561337 -0.607894 -0.561574
0.385987 -7.560938 -4.805624 -7.317038 0.551633 0.831597 -0.064398 -0.536890 0.294931 -0.790421 0.638319 -0.470597 -0.609170
0.215551 -7.501105 0.767449 14.669667 0.553171 0.831865 -0.044747 -0.644350 0.393196 -0.655904 0.528029 -0.391660 -0.753517
0.253063 -7.750657 -1.285445 11.169619 0.564772 0.824005 -0.045256 -0.543433 0.330078 -0.771835 0.621058 -0.460504 -0.634211
0.347464 -7.756230 -10.899814 -10.551187 0.561405 0.823751 -0.079114 -0.430875 0.209347 -0.877793 0.706521 -0.526885 -0.472462
0.500990 -7.512517 -10.916938 -22.214818 0.554286 0.828536 -0.079340 -0.411155 0.189680 -0.891612 0.723684 -0.526829 -0.445794
1.369131 -6.297817 34.421160 71.755400 0.594365 0.730089 -0.337196 -0.028910 -0.399627 -0.916222 0.803676 -0.554318 0.216417
1.174956 -6.764868 21.060595 -50.549489 0.568445 0.778922 -0.264860 -0.015993 -0.311410 -0.950141 0.822565 -0.544339 0.164563
1.822332 -6.874037 22.836998 -138.994775 0.605945 0.723927 -0.329788 -0.051479 -0.378011 -0.924369 0.793839 -0.577094 0.191786
-1.353095 -11.273651 -11.247400 7.708882 0.695444 0.717692 -0.035731 0.398943 -0.426978 -0.811502 0.597664 -0.550099 0.583257
-1.623878 -11.395598 -7.649232 12.305719 0.652734 0.756680 -0.037070 0.404896 -0.389796 -0.827114 0.640310 -0.524876 0.560810
-1.222027 -11.526095 -13.136168 14.940428 0.698519 0.714635 -0.036985 0.489198 -0.514609 -0.704175 0.522261 -0.473787 0.709062
-0.671965 -11.268626 -17.700866 19.586463 0.733875 0.677595 -0.047879 0.465663 -0.553151 -0.690783 0.494556 -0.484653 0.721475
-0.895784 -11.142328 -15.225945 -4.553865 0.730457 0.681198 -0.049009 0.380850 -0.465853 -0.798708 0.566909 -0.564757 0.599720
-0.625610 -14.572930 -10.024641 -127.566817 0.692809 0.694353 -0.194651 -0.470043 0.639532 0.608324 -0.546877 0.329958 -0.769450
-1.290011 -12.279566 1.567086 -78.517192 0.687658 0.711867 -0.142734 -0.616520 0.676364 0.403031 -0.383444 0.189149 -0.903987
-1.039013 -12.250995 10.742608 -86.818324 -0.696401 -0.688596 0.202139 -0.593486 0.710955 0.377249 -0.403484 0.142750 -0.903783
-1.011319 -6.520820 62.442096 -4.534570 0.491472 0.870445 0.027941 -0.809426 0.468388 -0.354178 0.321379 -0.151453 -0.934761
-0.718058 -6.329422 78.268648 8.474524 0.472158 0.880951 0.031482 -0.851785 0.465141 -0.241051 0.226998 -0.086998 -0.970002
-0.242865 -6.442662 56.466215 3.310228 0.494617 0.868531 0.031744 -0.802118 0.470248 -0.368067 0.334605 -0.156590 -0.929257
-1.171175 -6.461088 50.775223 7.698613 0.470790 0.882004 0.020651 -0.857660 0.463032 -0.223652 0.206824 -0.087581 -0.974450
-1.169995 -6.590990 17.793979 -12.477913 0.493546 0.869652 0.010863 -0.816765 0.467751 -0.337791 0.298842 -0.157843 -0.941158
421.989445 0.404907 72411.419917 142.664053 -0.541831 -0.414196 0.731342 0.714715 -0.684932 0.141600 0.442269 0.599424 0.667150
367.562381 -0.640264 -22729.686507 -264.242275 0.373218 0.340988 -0.862806 -0.671950 0.740594 0.002028 0.639680 0.579006 0.505530
43.185431 -1331.401719 -1662.614290 436013.583673 0.827108 -0.559804 0.050116 0.498785 0.772192 0.393615 0.259047 0.300565 -0.917908
116.468035 -13.877261 30818.596388 1044.427288 -0.895359 -0.433762 0.100912 -0.435346 0.900237 0.006908 -0.093841 -0.037746 -0.994871
114.164954 1.900122 21452.762310 -618.561274 -0.802679 -0.592399 0.069061 -0.592666 0.805229 0.018776 -0.066733 -0.025858 -0.997436
509.801899 6.374151 85615.217588 -144.953329 -0.380316 -0.466342 0.798677 0.793553 -0.608073 0.022826 0.475009 0.642473 0.601327
151.139881 6.129163 -22562.916752 32.305235 0.652631 0.735733 -0.181022 0.746488 -0.665279 -0.012628 0.129721 0.126890 0.983398
-0.673388 -4.125686 42.252592 6.000903 0.472448 0.879681 -0.054344 -0.599847 0.275758 -0.751094 0.645737 -0.387451 -0.657955
-0.381178 -4.760032 16.915861 47.611528 0.448597 0.888648 -0.095213 -0.594752 0.217309 -0.773981 0.667107 -0.403833 -0.626009
-1.357081 -4.412353 62.369970 52.247561 0.442554 0.892164 -0.090498 -0.597036 0.217841 -0.772071 0.669099 -0.395713 -0.629061
-1.830176 -3.793900 76.040103 13.273909 0.469764 0.880203 -0.067557 -0.610148 0.268422 -0.745432 0.637998 -0.391397 -0.663149
-4.375064 -9.605737 -17.453180 -116.885057 0.998143 -0.059682 -0.012156 -0.050957 -0.927604 0.370074 0.033363 0.368767 0.928923
-3.406342 -9.787722 -69.214912 -35.639282 0.980300 0.185147 -0.068799 0.195636 -0.862198 0.467270 -0.027195 0.471524 0.881434
-3.313522 -9.910293 -213.442872 46.212826 0.998706 0.048154 -0.016332 0.050792 -0.929645 0.364938 -0.002390 0.365295 0.930889
-0.241234 -22.217149 9.864387 195.151267 0.123772 0.926634 -0.355007 -0.534065 0.363729 0.763201 -0.836334 -0.095134 -0.539903
-0.343304 -22.653577 7.654541 32.313870 0.127995 0.923063 -0.362727 -0.721198 0.337685 0.604849 -0.680801 -0.184181 -0.708934
-0.513771 -23.128292 12.094226 169.627234 0.124175 0.923592 -0.362710 -0.577363 0.364540 0.730590 -0.806989 -0.118694 -0.578515
-0.133184 -22.330699 9.017140 76.762494 0.120670 0.928347 -0.351582 -0.682280 0.334820 0.649914 -0.721063 -0.161453 -0.673796
-0.473206 -21.351724 12.756717 198.232217 0.120094 0.929131 -0.349705 -0.369359 0.368784 0.852978 -0.921494 -0.026729 -0.387472
-0.209116 -20.383748 13.537908 201.509307 0.123681 0.929295 -0.348014 -0.330320 0.369262 0.868639 -0.935731 -0.007522 -0.352635
0.019379 -21.574719 12.642685 201.728516 0.119771 0.929619 -0.348517 -0.493950 0.360309 0.791322 -0.861202 -0.077373 -0.502340
-0.570956 -16.313636 138.815261 -152.052364 0.608493 0.673795 -0.419209 0.398315 0.197569 0.895718 -0.686354 0.712016 0.148164
-2.532408 -17.516160 26.009892 -59.788377 0.573844 0.709229 -0.409509 0.418672 0.175700 0.890979 -0.703859 0.682732 0.196110
-1.969597 -18.436002 43.945558 -28.528809 0.584231 0.714992 -0.384007 0.537439 0.013711 0.843191 -0.608140 0.698999 0.376254
-0.197383 -17.805564 133.483012 -113.674953 0.611407 0.690468 -0.386569 0.508029 0.032044 0.860744 -0.606703 0.722653 0.331186
-1.179547 -18.486292 -69.558217 41.703927 -0.595421 -0.710250 0.375525 0.642219 -0.139921 0.753643 -0.482731 0.689904 0.539448
-2.034558 -18.214841 -0.324629 53.471548 -0.543467 -0.743465 0.389747 0.681373 -0.119526 0.722111 -0.490280 0.658007 0.571535
1.900274 -9.146781 -66.363984 -246.388258 -0.093198 0.847743 -0.522155 0.661047 0.444854 0.604253 -0.744534 0.288854 0.601858
1.852470 -6.750941 -86.778170 -132.756966 -0.117750 0.849629 -0.514068 0.606599 0.471403 0.640169 -0.786240 0.236453 0.570892
3.256577 -8.249811 -80.239117 -314.548370 -0.039272 0.846694 -0.530629 0.605669 0.442538 0.661306 -0.794747 0.295415 0.530196
1.879116 -6.475578 -12.666986 41.236973 0.537807 0.825228 -0.172518 0.161393 0.100070 0.981804 -0.827476 0.555864 0.079368
1.849919 -5.708492 -5.515907 97.277525 0.547091 0.815420 -0.189159 0.235337 0.067030 0.969600 -0.803310 0.574975 0.155227
1.233470 -6.092619 -46.928262 109.100713 0.489279 0.844875 -0.216316 0.252673 0.100071 0.962363 -0.834723 0.525521 0.164514
-3.786236 -8.164998 48.294646 -48.432058 0.355664 0.821046 -0.446528 0.897552 -0.166847 0.408120 0.260584 -0.545936 -0.796273
-3.637400 -7.910722 27.145897 -12.862994 0.458758 0.787197 -0.412144 0.869359 -0.301733 0.391373 0.183730 -0.537846 -0.822779
-3.183615 -8.582828 56.230107 -51.173358 0.352945 0.844108 -0.403622 0.900677 -0.189684 0.390899 0.253400 -0.501499 -0.827217
-4.059397 -7.667879 15.555203 -48.265550 0.395696 0.784014 -0.478275 0.886478 -0.189995 0.421969 0.239960 -0.590952 -0.770192
-3.180990 -9.089106 69.044258 -54.454664 0.275997 0.855123 -0.438850 0.896361 -0.064189 0.438654 0.346933 -0.514435 -0.784215
-3.765166 -8.432598 57.558286 -82.387892 0.263822 0.829688 -0.491951 0.906345 -0.038713 0.420762 0.330056 -0.556883 -0.762197
1.040247 -28.352266 -13.582831 -734.250457 -0.016814 0.922271 -0.386179 0.997838 0.040021 0.052132 0.063535 -0.384467 -0.920950
1.324206 -28.279430 3.604443 -162.101561 -0.041751 0.924816 -0.378117 0.958213 0.144254 0.247020 0.282993 -0.352003 -0.892193
1.332596 -25.896829 4.163662 -372.468364 -0.033310 0.925820 -0.376495 0.991305 0.078586 0.105543 0.127301 -0.369705 -0.920387
1.347058 -23.647142 12.647868 -628.746421 -0.013715 0.932589 -0.360679 0.995904 -0.019498 -0.088285 -0.089366 -0.360412 -0.928502
0.698613 -24.430952 -43.882279 -895.905060 -0.000123 0.918390 -0.395676 0.986952 -0.063598 -0.147922 -0.161015 -0.390531 -0.906399
-7.370923 -84.930821 -239.568914 -778.727383 0.070682 0.987967 -0.137566 0.192813 0.121778 0.973650 -0.978687 0.095344 0.181885
-7.885172 -151.859401 -577.191580 -14519.287599 0.105833 0.981235 -0.161174 0.286836 0.125070 0.949780 -0.952116 0.146749 0.268217
-7.822051 -103.090619 -348.825767 -2323.617137 0.083566 0.988978 -0.122225 -0.036647 0.125621 0.991401 -0.995828 0.078368 -0.046741
-5.409535 -100.113956 -214.732612 -5284.342597 0.067093 0.984062 -0.164683 0.462795 0.115532 0.878905 -0.883923 0.135182 0.447667
-7.789218 -83.581722 -388.703051 2113.473740 0.043137 0.990242 -0.132515 -0.048369 0.134553 0.989725 -0.997898 0.036284 -0.053701
-6.209410 -82.471177 -316.081317 -26.563132 0.021386 0.986895 -0.159939 0.224808 0.151132 0.962611 -0.974168 0.056542 0.218630
14.560138 5.358845 -292.705038 -43.070342 0.898215 -0.190465 -0.396148 -0.014867 0.887564 -0.460444 0.439305 0.419467 0.794392
12.704719 5.341200 -616.412343 26.504937 0.926702 -0.258516 -0.272752 -0.087580 -0.854377 0.512220 0.365450 0.450787 0.814393
11.222972 4.564285 -389.327259 218.949833 0.912236 -0.308450 -0.269600 -0.152125 -0.866098 0.476164 0.380373 0.393361 0.837009
16.294373 5.585749 -368.998439 -91.306795 0.898361 -0.176788 -0.402112 0.057811 -0.859885 0.507204 0.435438 0.478899 0.762266
15.144377 2.027805 -1006.603235 -244.233492 0.920558 -0.078171 -0.382704 0.155880 -0.824850 0.543437 0.358155 0.559921 0.747137
11.389630 -1.746176 -1200.760940 -435.838185 0.915225 0.035172 -0.401405 0.265165 -0.802655 0.534258 0.303399 0.595405 0.743937
9.143989 0.640465 -1232.829242 -383.569134 0.927294 0.067723 -0.368157 0.266024 -0.811147 0.520837 0.263357 0.580907 0.770188
15.701834 0.092820 -218.222557 -309.264732 0.847535 -0.150506 -0.508953 0.189071 -0.810417 0.554506 0.495920 0.566191 0.658400
17.421313 2.593943 53.729479 176.646014 0.837774 -0.183371 -0.514304 -0.141170 0.837153 -0.528438 0.527451 0.515316 0.675459
-107.970774 -1109.314289 -3584.456028 -19584.425429 0.274990 0.961446 -0.001435 -0.944734 0.270486 0.185243 -0.178489 0.049584 -0.982692
-167.499953 -419.395017 -7260.119140 -21441.393239 0.110579 0.980147 -0.164571 -0.475718 -0.093187 -0.874647 0.872619 -0.175007 -0.455969
-287.004351 -3641.333908 -9125.779002 -154278.358999 0.515956 0.847926 -0.121700 -0.839135 0.528855 0.127139 -0.172167 -0.036524 -0.984390
-290.393904 -517.483132 -12293.011910 2444.865021 0.334412 0.812070 -0.478237 0.059013 0.488412 0.870615 -0.940577 0.319367 -0.115408
-6.018274 -8.089202 87.636382 47.834721 0.252193 0.679225 0.689241 -0.578043 -0.465479 0.670220 -0.776057 0.567436 -0.275231
-5.975558 -8.377922 31.629380 41.309252 0.259842 0.748549 0.610047 -0.591568 -0.375929 0.713249 -0.763236 0.546217 -0.345135
-5.809631 -7.764759 -10.006351 108.323602 0.235543 0.755393 0.611474 -0.482667 -0.455173 0.748231 -0.843535 0.471379 -0.257390
0.951741 -8.301401 25.123616 -769.006712 0.550912 0.819724 -0.156681 0.763144 -0.570798 -0.302986 0.337798 -0.047349 0.940027
1.225411 -3.252556 15.951042 -457.945396 0.476074 0.875559 -0.082158 0.815886 -0.474617 -0.330256 0.328152 -0.090195 0.940309
1.433042 -3.686193 57.749841 -30.425957 0.328572 0.942360 -0.063229 0.885967 -0.330722 -0.325094 0.327267 -0.050798 0.943565
1.304553 -9.451196 -13.588872 -332.849900 -0.581837 0.810441 -0.068203 -0.169976 -0.039164 0.984670 -0.795345 -0.584510 -0.160543
1.001864 -21.193340 -39.177144 -791.755473 -0.613516 0.789656 0.006443 -0.066882 -0.060089 0.995950 -0.786845 -0.610600 -0.089680
0.066429 -4.806304 -41.971265 -180.467660 -0.592711 0.783983 -0.184565 -0.228613 0.055970 0.971907 -0.772289 -0.618254 -0.146055
1.578419 -3.110799 23.571947 -22.346394 -0.511268 0.734750 -0.445810 -0.416731 0.241720 0.876303 -0.751625 -0.633809 -0.182610
1.842243 -5.277014 28.731156 -125.002532 -0.526097 0.801796 -0.283451 -0.353712 0.096804 0.930332 -0.773375 -0.589705 -0.232677
-3.483163 -8.474043 422.271121 52.409697 0.871966 -0.485042 -0.066410 -0.176322 -0.437690 0.881667 0.456713 0.757074 0.467175
-8.080811 -14.320297 207.380055 518.520085 0.589409 -0.638771 0.494539 0.685671 0.071888 -0.724353 0.427144 0.766031 0.480359
-5.712869 -10.468006 71.091473 341.026300 0.434112 -0.694801 0.573410 0.837501 0.076779 -0.541014 0.331871 0.715092 0.615227
-1.192082 -5.951691 66.260458 -75.183183 0.266442 0.905027 -0.331564 0.924057 -0.337676 -0.179148 0.274096 0.258651 0.926267
-1.581902 -6.124653 60.118649 -75.979981 0.233837 0.920746 -0.312326 0.934905 -0.301138 -0.187802 0.266971 0.248080 0.931226
-1.198292 -6.988828 33.577941 -50.229347 0.304864 0.894576 -0.326791 0.874827 -0.398669 -0.275211 0.376478 0.201984 0.904139
-0.790028 -6.711075 26.265198 -52.632130 0.336660 0.875645 -0.346274 0.860539 -0.435402 -0.264381 0.382272 0.208976 0.900109
-0.783367 -5.776289 28.985016 -69.107490 0.292159 0.894328 -0.338850 0.914636 -0.364807 -0.174230 0.279434 0.259022 0.924567
-0.814190 -7.836445 -27.823391 57.343036 0.396623 0.866322 -0.303607 0.603255 -0.495267 -0.625135 0.691935 -0.064791 0.719047
-0.394965 -7.183398 -21.250137 44.177221 0.421942 0.834439 -0.354509 0.548058 -0.546246 -0.633441 0.722217 -0.072985 0.687805
-0.922404 -8.090460 -31.490441 36.802052 0.367491 0.884090 -0.288680 0.683322 -0.467233 -0.561039 0.630889 -0.008916 0.775822
-1.515810 -9.141453 27.938076 88.148301 0.292468 0.926240 -0.237786 0.725461 -0.376912 -0.575885 0.623032 0.004076 0.782186
-1.205034 -8.793094 11.373441 39.750295 0.287136 0.921792 -0.260485 0.779627 -0.382889 -0.495559 0.556539 0.060788 0.828595
-1.201463 -8.253389 -16.433374 15.715336 0.324892 0.904171 -0.277344 0.768871 -0.423278 -0.479242 0.550710 0.057540 0.832711
-0.394910 -7.743835 -6.622152 -54.436349 0.418477 0.907976 -0.021372 0.697030 -0.305990 0.648474 -0.582260 0.286269 0.760936
-0.395200 -7.493544 -2.285931 -64.501090 0.440987 0.897294 0.019862 0.668820 -0.343297 0.659414 -0.598507 0.277509 0.751517
-0.720579 -8.301915 2.065993 -4.405467 0.403579 0.914335 -0.033397 0.807444 -0.338757 0.482988 -0.430300 0.221890 0.874990
-0.759954 -8.434738 11.876610 3.774211 0.400048 0.913914 -0.068715 0.825994 -0.327044 0.459104 -0.397109 0.240422 0.885721
-0.931656 -8.138510 -5.616945 41.124705 0.385757 0.922186 -0.027668 0.883447 -0.360576 0.299176 -0.265919 0.139853 0.953797
-0.787992 -8.092030 1.990287 41.655575 0.388408 0.919884 -0.054335 0.891100 -0.359928 0.276392 -0.234692 0.155771 0.959508
-0.985718 -6.682452 9.211734 -1.634520 0.508121 0.859513 0.055237 -0.803547 0.449995 0.389638 -0.310042 0.242369 -0.919310
-0.742782 -6.741484 12.316154 -6.634155 0.505952 0.858942 0.078935 -0.820920 0.451416 0.349735 -0.264769 0.241748 -0.933518
-1.122008 -6.619278 9.595414 -28.260049 0.487377 0.871419 0.055605 -0.856155 0.464380 0.226605 -0.171646 0.158049 -0.972398
-1.013334 -6.444094 -2.261967 -30.039702 0.495250 0.868189 0.031237 -0.839065 0.468699 0.276208 -0.225160 0.163002 -0.960590
-1.014735 -6.705066 -3.135419 1.723852 0.519366 0.854083 0.028308 -0.777474 0.458513 0.430466 -0.354673 0.245578 -0.902163
0.324873 -10.160665 54.844770 158.167011 0.809702 0.579602 0.091892 -0.571622 0.743542 0.346979 -0.132784 0.333477 -0.933360
1.417651 -10.198713 42.253825 107.589830 0.837061 0.545585 0.040816 -0.522349 0.774760 0.356228 -0.162730 0.319504 -0.933507
1.780662 -13.356458 44.333955 211.390101 0.822091 0.566744 0.054484 -0.564002 0.797529 0.214125 -0.077901 0.206760 -0.975286
-0.218986 -14.695597 8.856803 194.230874 0.740295 0.672171 0.012209 -0.581834 0.631493 0.512529 -0.336797 0.386527 -0.858583
-0.142693 -12.182272 8.579066 215.732839 0.744655 0.667405 0.007724 -0.489945 0.538722 0.685371 -0.453259 0.514149 -0.728153
0.113580 -14.621076 5.647272 185.054757 0.740099 0.672398 0.011617 -0.587987 0.638612 0.496433 -0.326382 0.374240 -0.867997
-0.476718 -11.670732 13.143118 210.896849 0.748851 0.662737 -0.001775 -0.471226 0.534335 0.701735 -0.466014 0.524658 -0.712436
-0.607356 -14.211814 14.050199 173.679230 0.741337 0.671127 0.002864 -0.573305 0.631051 0.522585 -0.348914 0.389054 -0.852582
-4.969807 -10.563549 -166.699566 111.006357 0.261454 0.654112 0.709774 -0.413072 0.740437 -0.530211 -0.872361 -0.154562 0.463786
-3.400128 -10.422995 -149.410373 118.376738 0.217603 0.648268 0.729656 -0.428008 0.735236 -0.525583 -0.877188 -0.197930 0.437453
-4.124007 -12.038842 -105.732690 -70.381611 0.226598 0.694501 0.682878 0.612549 -0.646719 0.454466 -0.757257 -0.315315 0.571960
-5.653650 -12.155319 -143.013567 -51.725163 0.269058 0.698068 0.663557 0.622660 -0.651695 0.433114 -0.734780 -0.296638 0.610003
-1.448600 -3.665014 3.295747 -60.829671 0.487226 0.809776 -0.326917 0.314401 0.186595 0.930771 -0.814717 0.556278 0.163680
-1.305185 -3.777096 -0.809681 -56.171817 0.527915 0.806750 -0.265444 0.289933 0.122578 0.949165 -0.798276 0.578040 0.169192
-1.569877 -2.816662 -0.433383 -53.947610 0.505361 0.824939 -0.253154 0.217797 0.161934 0.962467 -0.834970 0.541529 0.097834
-1.019253 -4.669081 13.101961 -35.727934 0.523635 0.802132 -0.287038 0.375643 0.085017 0.922857 -0.764656 0.591064 0.256797
-1.620053 -2.622897 2.302468 -57.939733 0.468622 0.830590 -0.300856 0.235965 0.210501 0.948689 -0.851301 0.515568 0.097344
-1.276028 -4.562477 16.958387 -43.732876 0.482331 0.806446 -0.342054 0.396576 0.147146 0.906132 -0.781079 0.572706 0.248844
-1.528886 -3.541996 5.875506 -64.973558 0.443714 0.813832 -0.375226 0.328400 0.241914 0.913034 -0.833829 0.528350 0.159922
-2.404795 -21.380792 -29.535386 -214.692200 0.479372 0.848280 -0.224999 0.824853 -0.347944 0.445592 0.299699 -0.399196 -0.866501
-2.515662 -19.559088 -8.522546 -175.959361 0.477098 0.862629 -0.168075 0.833754 -0.383788 0.396939 0.277906 -0.329512 -0.902325
-2.297522 -21.228556 7.828700 41.932474 0.479711 0.865826 -0.142205 -0.758338 0.327596 -0.563565 0.441363 -0.378187 -0.813740
-1.857249 -21.151554 -5.354914 -106.776740 0.491206 0.857210 -0.154623 -0.640123 0.234863 -0.731493 0.590728 -0.458291 -0.664086
-2.010825 -22.161509 -29.026847 -62.700477 0.481258 0.845622 -0.230900 -0.738399 0.249123 -0.626662 0.472396 -0.472082 -0.744299
4.711103 -24.302176 -20.059342 -142.522381 0.528885 0.830601 0.174305 0.600199 -0.511262 0.615120 -0.600035 0.220710 0.768925
4.550229 -24.833933 -18.273849 -108.474702 0.570166 0.804306 0.167338 0.634638 -0.560568 0.531976 -0.521676 0.197115 0.830060
2.724566 -26.488434 13.355986 -42.783999 0.509079 0.846648 0.155002 0.762448 -0.527144 0.375223 -0.399390 0.072837 0.913883
2.457389 -26.808179 -84.162512 -11.419024 0.457911 0.870416 0.180817 0.770834 -0.490070 0.406997 -0.442870 0.046989 0.895354
0.576791 -26.649994 -28.837541 -1.918201 0.451242 0.876214 0.169205 0.869244 -0.474473 0.138888 -0.201978 -0.084408 0.975746
0.782099 -25.931627 14.361044 42.148484 0.488752 0.858589 0.154746 0.857809 -0.505274 0.094136 -0.159013 -0.086734 0.983459
0.897544 -11.970608 48.223015 -82.234868 0.644134 0.762857 -0.056045 -0.745666 0.642571 0.176308 -0.170511 0.071775 -0.982738
0.241439 -10.736251 41.033944 -84.065365 0.614594 0.787887 -0.038833 -0.769779 0.609771 0.188733 -0.172380 0.086102 -0.981260
0.413327 -12.893248 51.318698 -139.611311 0.684397 0.725508 -0.072374 -0.677200 0.669316 0.305639 -0.270185 0.160167 -0.949393
1.107091 -14.415214 54.535951 -179.372851 0.703655 0.704412 -0.093125 -0.653574 0.693076 0.304117 -0.278766 0.153130 -0.948072
4.528523 -6.568062 -111.604666 8.297707 0.576501 0.816876 0.019004 0.806188 -0.564862 -0.176043 0.133071 -0.116810 0.984199
2.804886 -6.414170 186.151916 13.491076 -0.564789 -0.818663 -0.103944 0.821346 -0.545435 -0.167005 0.080026 -0.179697 0.980462
4.577108 -6.638218 135.336890 4.142678 -0.562339 -0.825646 -0.045650 0.826900 -0.561243 -0.035257 0.003489 -0.057574 0.998335
5.322241 -6.654949 -8.130016 -2.587997 0.571804 0.818475 -0.056020 0.817626 -0.574148 -0.042918 0.067291 0.021263 0.997507
5.586138 -6.525662 46.757554 -7.430420 -0.575339 -0.817622 0.021890 0.815104 -0.570939 0.098154 -0.067755 0.074314 0.994930
4.456715 -6.586576 -157.507474 -2.887899 0.550261 0.831725 0.073803 0.824613 -0.555187 0.108538 -0.131248 -0.001135 0.991349
-3.065649 -11.428628 37.859168 -22.808777 0.729746 0.661132 -0.174284 -0.670948 0.741497 0.003475 0.131529 0.114400 0.984689
-3.690827 -11.259167 26.456159 -21.117834 0.747940 0.654261 -0.111925 -0.654003 0.755201 0.044172 0.113426 0.040161 0.992734
-3.147829 -10.849397 38.029422 -38.451705 0.719641 0.671219 -0.177714 -0.646635 0.741106 0.180627 0.252945 -0.015070 0.967363
-3.201918 -10.006512 37.918737 -75.645699 0.716361 0.672303 -0.186644 -0.596448 0.728862 0.336169 0.362045 -0.129495 0.923122
-2.445589 -10.294829 46.841266 -77.070747 0.690103 0.687157 -0.227097 -0.620533 0.723307 0.302927 0.372420 -0.068129 0.925560
0.372896 -20.513980 -2.703688 -204.435783 0.266058 0.940789 0.210070 0.963605 -0.265457 -0.031588 0.026047 0.210829 -0.977176
0.309152 -20.589122 -45.362931 -237.448559 0.293608 0.938358 0.182422 0.955422 -0.281863 -0.087878 -0.031043 0.200092 -0.979285
0.653023 -18.898015 -9.003914 -227.813477 0.268121 0.940210 0.210041 0.951022 -0.223497 -0.213555 -0.153843 0.257012 -0.954085
0.620808 -19.605849 43.895681 -101.504891 0.241324 0.944880 0.221281 0.965470 -0.210704 -0.153207 -0.098137 0.250612 -0.963100
2.681161 -29.658516 -790.924314 -688.006258 0.584461 0.758656 -0.287831 0.775512 -0.417912 0.473213 0.238718 -0.499791 -0.832600
1.119380 -22.994370 -649.716037 -796.969301 0.596990 0.758944 -0.260015 0.797491 -0.526167 0.295223 0.087246 -0.383604 -0.919367
-1.347868 -31.034178 -363.381980 -604.887255 0.619572 0.755533 -0.212839 0.734677 -0.462702 0.496142 0.276370 -0.463764 -0.841750
5.676998 -24.191934 -903.415551 -920.221410 0.547936 0.785807 -0.286834 0.827894 -0.460293 0.320503 0.119825 -0.413083 -0.902776
2.567601 -34.006367 -456.885483 -523.199251 0.586028 0.769081 -0.255119 0.693836 -0.313660 0.648236 0.418525 -0.556894 -0.717430
7.126011 -30.814875 -713.493661 -753.880170 0.553333 0.784687 -0.279443 0.776167 -0.363969 0.514871 0.302304 -0.501789 -0.810444
-4.002689 -221.899347 -1322.245700 -27574.127146 0.403919 0.847642 0.344024 0.890077 -0.277324 -0.361738 -0.211218 0.452321 -0.866483
4.145088 -60.633451 -183.360718 -6919.886985 0.332173 0.934653 0.126829 0.942961 -0.325924 -0.067808 -0.022040 0.142119 -0.989604
-10.835456 -44.206501 886.117409 -2417.183783 0.690737 0.711323 0.130005 0.712271 -0.638293 -0.291980 -0.124711 0.294280 -0.947548
1.313657 -12.894404 -22.406525 -165.241413 0.129487 0.985934 -0.105677 0.935005 -0.085920 0.344068 -0.330149 0.143361 0.932979
0.733380 -10.908872 -98.388299 -174.064744 0.098170 0.992040 -0.078862 0.931126 -0.063595 0.359111 -0.351237 0.108684 0.929957
0.985200 -12.429544 -53.990770 105.806787 -0.045536 0.984269 -0.170707 0.902978 0.113644 0.414385 -0.427266 0.135275 0.893949
0.058490 -12.789574 -183.023577 399.178644 -0.217415 0.951058 -0.219588 0.838630 0.297121 0.456530 -0.499431 0.084897 0.862184
1.452437 -16.105743 -19.832849 456.862759 -0.180413 0.949627 -0.256242 0.821637 0.288716 0.491483 -0.540706 0.121868 0.832337
-42.600331 -1189.536309 -4700.132175 150592.784507 0.468903 0.878309 -0.093294 -0.192623 0.204772 0.959669 -0.861990 0.432021 -0.265201
-15.213299 -276.903379 -664.808028 -6070.428835 0.377230 0.912043 -0.160857 -0.400787 0.317351 0.859452 -0.834905 0.259742 -0.485250
-13.442322 -465.177588 -936.415467 47666.806821 0.422688 0.883500 -0.201897 0.208332 0.122085 0.970409 -0.882005 0.452242 0.132458
-0.506992 -13.987328 -3.803172 -141.194223 0.539696 0.834280 -0.112717 0.022487 -0.148129 -0.988712 0.841559 -0.531070 0.098705
-0.537596 -14.021328 25.050551 -148.241065 0.509209 0.855409 -0.094775 0.013388 -0.117981 -0.992926 0.860539 -0.504338 0.071529
-0.241468 -12.912753 12.132675 -154.853868 0.527238 0.843427 -0.103202 0.150617 -0.212295 -0.965529 0.836262 -0.493520 0.238964
-0.760539 -15.225914 7.014692 -125.712645 0.529001 0.838600 -0.130030 -0.126693 -0.073465 -0.989218 0.839111 -0.539771 -0.067382
-0.548608 -13.205503 -18.700680 -110.400979 0.551413 0.823622 -0.132632 0.088190 -0.215647 -0.972481 0.829558 -0.524541 0.191546
-0.930387 -15.243513 -29.455865 -134.348313 0.551744 0.822841 -0.136054 -0.068991 -0.117543 -0.990668 0.831155 -0.555982 0.008085
-2.879741 -5.157130 -31.333465 109.487477 0.790593 0.602469 -0.109522 -0.188303 0.069006 -0.979684 0.582671 -0.795154 -0.168002
-2.903371 -6.063177 -32.954511 46.194000 0.779277 0.597086 -0.190302 -0.181451 -0.075679 -0.980484 0.599835 -0.798599 -0.049367
-2.489927 -5.060389 -26.810657 82.650532 0.814934 0.569706 -0.106380 -0.167419 0.055686 -0.984312 0.554845 -0.819960 -0.140760
0.837441 -3.910829 0.095377 -16.816718 0.515868 0.828837 -0.216584 -0.134141 -0.171550 -0.976000 0.846100 -0.532541 -0.022684
1.030000 -3.343204 -3.575103 -3.423532 0.541440 0.803576 -0.247200 -0.145064 -0.200325 -0.968931 0.828130 -0.560477 -0.008106
0.663868 -4.219101 -7.311415 25.829032 0.527235 0.843628 -0.101557 -0.026178 -0.103335 -0.994302 0.849316 -0.526890 0.032397
0.737593 -4.820532 13.999701 21.012334 0.496179 0.863174 -0.093478 -0.025677 -0.093030 -0.995332 0.867841 -0.496263 0.023996
0.808108 -4.534979 12.665260 -8.816851 0.492450 0.847763 -0.196954 -0.142773 -0.144542 -0.979144 0.858550 -0.510299 -0.049858
3.088158 -5.543596 104.959994 -5.749214 0.589945 0.766233 -0.254663 0.155899 -0.417550 -0.895180 0.792251 -0.488405 0.365786
1.866134 -5.458489 95.238913 12.244498 0.562482 0.789113 -0.246809 0.137720 -0.383757 -0.913106 0.815259 -0.479616 0.324534
3.317904 -5.120782 82.333484 20.108788 0.605554 0.755317 -0.250602 0.063720 -0.359912 -0.930808 0.793249 -0.547686 0.266075
-141.575663 -818.230905 -9108.850008 89139.064901 -0.425300 0.326275 0.844195 0.874145 -0.093592 0.476561 0.234499 0.940630 -0.245407
-232.673216 -1026.092004 -368.804025 104512.190670 0.463250 0.329796 0.822577 0.879915 -0.060577 -0.471254 -0.105588 0.942107 -0.318255
-219.367624 -362.503847 -19107.105454 35121.687606 0.038343 0.027894 0.998875 0.962577 -0.269407 -0.029426 0.268283 0.962622 -0.037180
-428.634127 -5576.327225 14579.146235 461044.488416 -0.016905 0.449019 0.893362 0.930301 -0.320364 0.178624 0.366407 0.834115 -0.412308
-131.600586 -389.471507 9501.568464 -41388.609900 0.798945 -0.578138 -0.165659 0.177225 -0.036893 0.983479 0.574698 0.815104 -0.072985
-6.524824 -144.137469 67.070523 -7083.054612 0.696344 -0.669905 -0.257552 0.716163 0.625030 0.310560 -0.047068 -0.400705 0.914997
-5.848399 -117.186501 -85.033105 -3404.450397 0.735789 -0.656804 -0.164995 0.638939 0.754032 -0.152292 0.224438 0.006633 0.974466
-4.131996 -457.170216 171.725199 22426.974216 0.777576 -0.603584 -0.176246 -0.608593 -0.651963 -0.452281 -0.158084 -0.458945 0.874288
-9.680782 -44.220450 325.112842 1507.781920 -0.557085 0.630800 0.540136 -0.055031 0.620940 -0.781924 0.828630 0.465322 0.311203
-10.657943 -38.902246 -329.508994 -445.710315 0.531873 -0.646558 -0.546877 0.265354 0.740522 -0.617425 0.804176 0.183276 0.565430
-13.257132 -42.342373 -363.302185 1523.340101 0.456889 -0.634302 -0.623629 -0.120101 0.650673 -0.749800 0.881378 0.417474 0.221105
-12.115903 -38.388447 520.585412 1828.196747 -0.524434 0.626563 0.576531 -0.355937 0.453785 -0.816938 0.773484 0.633639 0.014964
-16.957082 -38.724493 -333.953204 1376.228039 0.304130 -0.625383 -0.718610 -0.182085 0.702273 -0.688228 0.935067 0.340159 0.099710
-14.896057 -34.940443 451.170531 1786.889146 -0.381716 0.613863 0.690988 -0.406140 0.560156 -0.721994 0.830267 0.556235 -0.035494
-7.503133 -10.157093 -141.102292 -87.510751 0.443398 0.816886 -0.368912 -0.300306 0.523185 0.797555 -0.844520 0.242848 -0.477295
-5.299689 -9.492237 16.951595 -46.122025 0.326909 0.928866 -0.174180 -0.401749 0.303414 0.864024 -0.855411 0.212481 -0.472360
-4.554968 -8.568039 62.522798 -59.722291 0.192772 0.979724 -0.054582 -0.494549 0.145051 0.856960 -0.847502 0.138204 -0.512484
6.590015 -5.441935 1083.649031 -97.388658 0.016542 0.998457 -0.053010 -0.997765 0.019917 0.063782 -0.064739 -0.051836 -0.996555
2.210764 -5.294157 -172.453849 -41.760230 -0.911189 0.203448 -0.358252 0.234671 0.971012 -0.045440 0.338622 -0.125475 -0.932519
23.233065 -6.667096 1748.888422 307.264195 -0.835068 0.546924 -0.059460 0.539888 0.835471 0.102519 0.105747 0.053508 -0.992952
6.845276 -3.392413 621.986494 246.095859 -0.769245 0.636773 -0.052746 0.622678 0.765605 0.161623 0.143300 0.091483 -0.985442
12.089645 -1.886269 -726.897527 251.184961 -0.274778 0.954511 0.115786 -0.917884 -0.296263 0.264040 -0.286332 0.033726 -0.957537
9.837282 -20.219998 -1057.133564 2954.475628 -0.072502 0.990764 0.114585 -0.834712 -0.123158 0.536738 -0.545893 0.056731 -0.835932
6.148214 -8.114895 -76.179114 964.852998 0.311700 0.926155 0.212319 -0.887714 0.204163 0.412652 -0.338832 0.317102 -0.885799
9.998276 3.297060 -353.089580 27.100833 -0.568914 0.773205 0.280161 -0.766703 -0.621894 0.159421 -0.297496 0.124103 -0.946623
9.236580 0.314060 -421.991720 301.566770 -0.629122 0.729272 0.269013 -0.717537 -0.677943 0.159795 -0.298909 0.092496 -0.949788
-4.782497 -5.742105 68.516169 34.636055 0.526257 0.600162 0.602378 -0.324465 -0.513078 0.794653 -0.785987 0.613642 0.075279
-3.264581 -5.434706 167.393080 24.170046 0.659761 0.693603 0.289188 -0.096272 -0.303643 0.947910 -0.745283 0.653235 0.133557
-2.361035 -6.741719 6.871686 15.813520 0.568728 0.788113 -0.235428 0.709544 -0.325304 0.625080 0.416048 -0.522547 -0.744210
-2.449047 -6.828445 -39.713409 3.711300 0.556444 0.773890 -0.302433 0.781808 -0.364417 0.505942 0.281331 -0.517972 -0.807810
0.010370 -7.170139 0.551782 16.235935 0.556480 0.829824 -0.041499 -0.725096 0.460649 -0.511897 0.405668 -0.314951 -0.858044
0.026898 -7.239733 3.097724 15.159835 0.522358 0.850877 -0.056133 -0.750462 0.427459 -0.504069 0.404906 -0.305430 -0.861837
0.127368 -7.503967 -0.120051 19.538679 0.575304 0.817349 -0.031076 -0.635802 0.422972 -0.645640 0.514569 -0.391198 -0.763009
-0.223603 -6.855988 2.424147 11.254782 0.528804 0.846844 -0.056759 -0.806646 0.480651 -0.343944 0.263985 -0.227664 -0.937273
0.004342 -7.016169 -0.463894 14.796131 0.577466 0.815843 -0.030544 -0.712453 0.485309 -0.506838 0.398677 -0.314443 -0.861500
-0.181988 -6.714041 -2.375416 6.480957 0.555815 0.829913 -0.048094 -0.784871 0.504825 -0.359344 0.273946 -0.237477 -0.931965
1.535496 -8.550079 17.948176 -221.125765 0.577100 0.772697 -0.264377 -0.073770 -0.273078 -0.959159 0.813335 -0.573034 0.100592
1.754751 -11.476403 9.979412 -284.571562 0.589060 0.771047 -0.241856 -0.155753 -0.185349 -0.970251 0.792937 -0.609206 -0.010911
2.016649 -9.594362 8.180174 -302.152343 0.622190 0.730172 -0.282362 -0.082289 -0.297681 -0.951112 0.778530 -0.615008 0.125129
1.410325 -10.559540 17.977075 -234.601389 0.550896 0.805937 -0.216748 -0.134396 -0.170651 -0.976123 0.823682 -0.566872 -0.014304
1.145265 -8.301072 17.909227 -141.060729 0.544540 0.809997 -0.217670 -0.043610 -0.231827 -0.971779 0.837600 -0.538665 0.090915
-1.796617 -11.464807 -2.424421 19.760937 0.606130 0.793263 -0.057794 0.393397 -0.362160 -0.845032 0.691263 -0.489463 0.531584
-1.782977 -11.108781 -0.431687 30.577910 0.604728 0.794784 -0.051216 0.271260 -0.266003 -0.925019 0.748814 -0.545492 0.376452
-1.547123 -11.608210 -6.917141 -6.450669 0.651153 0.757586 -0.045426 0.507162 -0.478878 -0.716563 0.564611 -0.443554 0.696042
-1.676473 -11.106044 5.533342 56.875248 0.560787 0.823999 -0.080887 0.236802 -0.253235 -0.937975 0.793374 -0.506850 0.337136
-1.696230 -11.716840 3.486921 50.014759 0.564303 0.820408 -0.092154 0.364773 -0.347914 -0.863653 0.740610 -0.453747 0.495591
-1.770989 -11.904097 -4.695613 3.297681 0.610106 0.789533 -0.066389 0.503668 -0.451156 -0.736734 0.611628 -0.416048 0.672916
-1.221215 -12.283415 9.232840 -77.204803 0.680013 0.728242 -0.085124 -0.639082 0.645622 0.418027 -0.359382 0.229863 -0.904438
-1.512513 -11.309763 8.876127 -9.706219 0.671987 0.735111 -0.089694 -0.708797 0.673520 0.209710 -0.214571 0.077347 -0.973641
0.049974 -6.227284 57.824906 11.078705 0.476420 0.878703 0.030071 -0.846428 0.467637 -0.254708 0.237875 -0.095895 -0.966550
-0.397001 -5.924020 71.609932 21.547830 0.448633 0.893259 0.028583 -0.884822 0.448442 -0.126446 0.125767 -0.031437 -0.991562
-1.028561 -6.037752 61.688343 26.421566 0.440441 0.897539 0.020878 -0.891339 0.439943 -0.109381 0.107359 -0.029566 -0.993781
2357.570308 2.597989 89033.549972 -23.959865 -0.293556 -0.242669 -0.924628 -0.691749 0.721504 0.030262 0.659779 0.648494 -0.379668
-0.088792 -4.646110 0.066695 -3.016596 0.486405 0.871593 -0.061115 -0.602640 0.284020 -0.745760 0.632642 -0.399572 -0.663405
-0.196290 -5.209362 -17.685768 29.977217 0.455392 0.883376 -0.110748 -0.602380 0.214131 -0.768952 0.655559 -0.416887 -0.629641
-0.301528 -5.317273 -1.157878 52.387525 0.436139 0.891775 -0.120500 -0.567791 0.168823 -0.805675 0.698138 -0.419805 -0.579972
0.986174 -6.755988 -32.327956 22.419696 0.547391 0.671346 -0.499657 0.476482 0.240813 0.845561 -0.687988 0.700931 0.188065
1.880060 -6.398940 38.684785 25.946032 -0.548650 -0.658249 0.515452 0.583857 0.139620 0.799761 -0.598409 0.739739 0.307721
0.679378 -6.858400 -28.472889 36.992327 0.573780 0.696763 -0.430462 0.469663 0.150659 0.869896 -0.670964 0.701301 0.240799
-0.074899 -7.649580 -15.011477 34.652948 0.601923 0.706819 -0.371611 0.304999 0.226588 0.925005 -0.738014 0.670123 0.079191
0.034629 -7.259840 -18.505195 18.904371 0.573794 0.692950 -0.436555 0.311456 0.308363 0.898837 -0.757467 0.651715 0.038886
-0.336411 -21.642800 5.954979 -168.812106 0.123252 0.927102 -0.353964 -0.840600 0.287112 0.459302 -0.527448 -0.240932 -0.814709
-0.904251 -14.912433 129.466400 -128.878771 0.589009 0.643125 -0.489344 0.308946 0.380331 0.871723 -0.746740 0.664634 -0.025328
3.464468 -15.298693 -96.228955 -461.112374 0.201879 0.872853 -0.444265 0.688852 0.195910 0.697928 -0.696224 0.446930 0.561716
2.240478 -14.912167 -13.703963 -369.245920 0.120129 0.861636 -0.493104 0.742165 0.251951 0.621057 -0.659363 0.440572 0.609210
3.677739 -11.352096 -67.851021 -443.052401 0.086472 0.861263 -0.500748 0.633765 0.340258 0.694670 -0.768677 0.377426 0.516416
-3.837699 -7.325242 5.050802 18.038071 0.530287 0.733731 -0.424777 0.830586 -0.349100 0.433884 0.170065 -0.582897 -0.794550
1.443478 -26.214526 8.539724 1.366202 -0.059856 0.918634 -0.390549 0.938736 0.184832 0.290882 0.339400 -0.349211 -0.873418
-8.724576 -305.348752 254.089983 -37998.592859 0.082423 0.974535 -0.208538 0.654070 0.104981 0.749113 -0.751930 0.198143 0.628762
8.334195 3.792575 -502.842917 243.344218 0.883775 -0.454829 -0.109874 -0.340451 -0.786138 0.515829 0.320990 0.418470 0.849617
14.363233 5.409209 -849.422775 -95.654319 0.936409 -0.201590 -0.287229 -0.014306 -0.839773 0.542749 0.350620 0.504126 0.789254
9.273355 4.727211 -833.134814 59.757534 0.920334 -0.373976 -0.114579 -0.253956 -0.794135 0.552137 0.297477 0.479052 0.825843
3.858306 -3.182724 -699.175611 -891.569782 0.762439 0.373182 -0.528603 0.598820 -0.716458 0.357915 0.245155 0.589426 0.769724
5.620155 -5.034317 -922.435086 -803.511924 0.827244 0.275823 -0.489478 0.500557 -0.757481 0.419125 0.255166 0.591730 0.764687
5.544060 -7.631148 -831.145943 -634.484552 0.840805 0.192888 -0.505808 0.430551 -0.804651 0.408855 0.328136 0.561543 0.759603
11.199859 -4.483336 -511.232994 -356.198254 0.850765 -0.130094 -0.509190 0.196634 -0.819709 0.537970 0.487374 0.557810 0.671799
-32.407206 -517.670565 -1261.769367 65491.325738 0.209491 0.934050 -0.289246 0.854604 -0.031158 0.518345 -0.475148 0.355779 0.804770
12.768910 -3091.907306 -644.933068 1417310.123487 0.098186 0.974772 -0.200447 0.644495 -0.215759 -0.733535 0.758278 0.057165 0.649420
-66.481753 -381.933605 2848.935806 31555.287631 -0.216024 -0.934449 0.283087 0.935477 -0.115035 0.334142 -0.279673 0.337004 0.899006
4.951370 -5.730436 4.899214 13.808532 0.601823 0.758599 -0.249672 -0.695787 0.651505 0.302358 -0.392032 0.008248 -0.919915
4.882217 -5.853206 -136.061322 11.849784 0.549414 0.756927 -0.353844 -0.692305 0.649497 0.314432 -0.467823 -0.072215 -0.880867
