13433
26846
-3.975926 -5.263080 22.646591 -58.620363 0.606633 0.638507 0.473609 0.730234 -0.212050 -0.649456 -0.314254 0.739827 -0.594896
-3.999219 -5.762702 27.291652 -35.946164 0.401391 0.639996 0.655203 0.900829 -0.146589 -0.408680 -0.165509 0.754266 -0.635366
-4.769198 -6.769537 13.522482 78.154745 0.818738 0.479715 0.315504 -0.553463 0.513152 0.656013 -0.152798 0.711722 -0.685641
-3.117631 -4.626271 0.615528 -34.305656 0.151678 0.628520 0.762860 0.937886 0.152125 -0.311813 -0.312031 0.762771 -0.566407
-3.380515 -7.144584 -34.784694 114.782486 0.821018 0.548055 0.159891 -0.475389 0.501219 0.723039 -0.316125 0.669638 -0.672049
-2.749155 -5.739742 -41.604246 100.884373 0.747651 0.634757 0.195195 -0.504876 0.352350 0.788003 -0.431413 0.687701 -0.583909
-2.931693 -3.834944 4.808166 -34.319342 0.347402 0.693144 0.631556 0.825922 0.092742 -0.556104 -0.444032 0.714808 -0.540264
0.352285 -4.517196 63.115034 105.372635 0.320073 0.794071 0.516725 0.943431 -0.217325 -0.250414 -0.086549 0.567645 -0.818711
-0.989384 -4.276662 11.973311 97.693210 0.100322 0.854047 0.510431 0.985959 -0.016503 -0.166171 -0.133494 0.519935 -0.843710
-0.887724 -5.776584 11.860384 31.022027 0.305439 0.832376 0.462447 0.903613 -0.100202 -0.416464 -0.300316 0.545078 -0.782752
-0.960467 -6.241825 18.462538 -27.299966 0.374242 0.806556 0.457614 0.820656 -0.058269 -0.568443 -0.431817 0.588279 -0.683712
-0.101375 -6.022054 53.986041 30.098119 0.443160 0.749669 0.491534 0.861774 -0.205258 -0.463912 -0.246889 0.629178 -0.737008
-1.732904 -5.434744 20.434429 8.905710 -0.400835 -0.640069 -0.655472 0.836320 -0.547740 0.023441 -0.374032 -0.538789 0.754855
-2.284733 -5.358267 10.293003 14.970282 -0.423022 -0.681046 -0.597686 0.803393 -0.586957 0.100205 -0.419060 -0.437787 0.795444
-1.755409 -5.608458 -18.099606 22.041800 0.356353 0.678180 0.642717 0.796637 -0.579977 0.170284 -0.488244 -0.451331 0.746940
-1.259635 -6.111401 -29.631275 17.873641 0.299434 0.689958 0.659012 0.734387 -0.607612 0.302462 -0.609110 -0.393403 0.688636
-0.646481 -6.124086 41.598557 14.134834 -0.333300 -0.643322 -0.689237 0.814833 -0.564307 0.132680 -0.474297 -0.517391 0.712284
0.373104 -2.463023 -51.425632 -25.837189 0.108875 0.993385 0.036499 -0.894261 0.113913 -0.432806 0.434101 -0.014482 -0.900748
-0.651818 -2.163551 -49.759073 -30.277208 0.012184 0.999909 -0.005797 -0.862591 0.007578 -0.505845 0.505755 -0.011164 -0.862605
0.753597 -1.490113 -48.505787 -35.664260 -0.042460 0.998029 -0.046212 -0.852561 -0.060309 -0.519137 0.520901 -0.017356 -0.853441
1.598681 -1.833370 -32.341867 -32.147850 0.075709 0.994023 0.078657 -0.885118 0.103319 -0.453753 0.459167 0.035268 -0.887650
-0.053947 -4.153465 -51.356990 -5.003541 0.494200 0.820592 0.287047 -0.060302 -0.297033 0.952961 -0.867254 0.488263 0.097310
0.525064 -4.008062 -58.812274 -6.307649 0.482426 0.829572 0.281202 -0.173863 -0.223955 0.958966 -0.858508 0.511521 -0.036190
1.110896 -4.049018 -40.266960 -5.094681 0.519386 0.805521 0.285261 -0.089011 -0.281005 0.955570 -0.849892 0.521700 0.074250
0.944560 -4.127010 -47.136704 -1.701354 0.505739 0.817968 0.274146 0.044111 -0.341885 0.938706 -0.861558 0.462647 0.208986
-0.252654 -4.233171 -43.015326 -1.901911 0.506391 0.814242 0.283863 0.072115 -0.368028 0.927014 -0.859283 0.448961 0.245085
0.772851 -2.110480 18.258021 16.524152 0.987710 0.027702 0.153826 -0.070692 0.956929 0.281583 0.139400 0.288996 -0.947127
0.315142 -1.709146 8.736704 13.582198 0.961938 0.185556 0.200609 -0.242958 0.916768 0.317029 0.125085 0.353702 -0.926957
0.784455 -1.588109 22.822335 21.599954 0.987420 0.013872 0.157507 -0.066353 0.940541 0.333136 0.143521 0.339396 -0.929630
0.221214 -2.284491 2.198577 15.059227 0.968697 0.164724 0.185719 -0.211284 0.939836 0.268453 0.130324 0.299289 -0.945220
1.221896 -2.214544 29.472199 27.012847 0.989979 -0.050086 0.132032 0.008870 0.955195 0.295843 0.140934 0.291707 -0.946068
0.773562 -2.832962 13.499717 19.071429 0.985224 0.055266 0.162107 -0.088975 0.973919 0.208723 0.146344 0.220063 -0.964446
1.161913 -2.740537 22.881339 24.336278 0.989984 -0.014207 0.140462 -0.018651 0.973042 0.229874 0.139942 0.230191 -0.963031
0.181937 -3.763894 -2.865215 31.137084 0.419053 0.900695 0.114646 -0.194607 -0.034234 0.980284 -0.886861 0.433102 -0.160936
0.004992 -4.240281 -2.304911 32.540631 0.416010 0.901244 0.121220 -0.251825 -0.013913 0.967673 -0.873796 0.433088 -0.221168
0.123700 -4.461668 -2.388945 45.074338 0.422235 0.899586 0.111635 -0.277513 0.011042 0.960658 -0.862962 0.436604 -0.254309
1.851156 -9.623036 -13.318863 -63.114243 0.721780 0.690753 0.043518 0.413498 -0.379941 -0.827445 0.555026 -0.615227 0.559859
1.897868 -9.503953 -13.359093 -26.448423 0.697849 0.716202 0.007848 0.297597 -0.279969 -0.912718 0.651493 -0.639274 0.408516
1.567707 -9.841246 -18.694466 -15.098320 0.725039 0.686822 0.050930 0.261187 -0.205786 -0.943098 0.637260 -0.697085 0.328592
1.027701 -10.035502 -11.612838 -11.678939 0.722969 0.684992 0.090010 0.304022 -0.198439 -0.931769 0.620393 -0.701004 0.351718
-0.092547 -11.000637 -0.165542 1.621775 0.331563 0.919344 0.211833 -0.103332 -0.187795 0.976758 -0.937757 0.345746 -0.032731
-0.173187 -11.089459 -1.218746 40.947921 0.331240 0.924207 0.190055 -0.264396 -0.102441 0.958958 -0.905745 0.367895 -0.210424
0.005554 -11.554676 0.033803 27.581022 0.336237 0.921829 0.192814 -0.360113 -0.063330 0.930757 -0.870209 0.382389 -0.310669
0.081766 -11.583379 -4.208200 3.449512 0.323856 0.923517 0.205510 -0.140169 -0.167985 0.975773 -0.935666 0.344816 -0.075045
-0.354818 -3.052977 -32.559374 -17.423797 0.603678 0.795615 0.050692 0.777998 -0.574043 -0.255331 -0.174046 0.193576 -0.965524
0.452905 -2.605057 -24.794837 -8.294285 0.661400 0.748349 0.050238 0.729717 -0.626556 -0.273753 -0.173386 0.217720 -0.960487
-0.061651 -2.650476 -37.370739 13.248931 0.697611 0.716304 0.015744 -0.678959 0.653905 0.333801 -0.228808 0.243553 -0.942512
-0.770062 -2.749117 -32.673274 19.658067 0.687487 0.725239 0.037279 -0.685976 0.631707 0.361086 -0.238324 0.273815 -0.931787
1.385011 -1.670799 -18.670121 -2.390838 0.933058 -0.347175 0.094192 0.119370 0.545824 0.829353 0.339343 0.762591 -0.550728
1.470153 -2.117773 8.264109 -10.254446 0.896719 -0.399225 0.191088 0.073885 0.560705 0.824713 0.436390 0.725417 -0.532291
1.627127 -1.698318 -11.918232 -5.243657 0.934823 -0.301459 0.187691 0.004292 0.538092 0.842875 0.355087 0.787134 -0.504315
0.482522 -11.471986 -8.523582 112.267081 0.611521 0.536374 0.581674 0.607567 0.152612 -0.779469 0.506857 -0.830068 0.232558
0.150281 -8.931193 -7.273488 75.382580 0.610664 0.538998 0.580147 0.476186 0.335417 -0.812860 0.632722 -0.772643 0.051836
0.235192 -10.740424 5.807337 129.312143 -0.600435 -0.522331 -0.605515 0.601900 0.203334 -0.772251 0.526492 -0.828146 0.192302
0.401417 -11.939799 11.397505 106.826688 -0.606783 -0.510024 -0.609663 0.705540 0.007676 -0.708628 0.366097 -0.860126 0.355185
-1.055315 -8.597751 10.501216 131.859489 0.593135 0.500101 0.630944 -0.010645 0.788484 -0.614963 -0.805033 0.358039 0.473001
-1.782981 -11.995664 16.206410 180.816424 0.592670 0.489444 0.639677 -0.182415 0.855120 -0.485279 -0.784517 0.170924 0.596086
-1.266454 -10.772346 23.890114 151.287474 0.597841 0.560621 0.572966 -0.216195 0.801043 -0.558203 -0.771911 0.209844 0.600099
-0.538952 -10.330662 7.748678 138.675535 0.585397 0.592536 0.553364 -0.249111 0.780977 -0.572730 -0.771528 0.197425 0.604788
-0.638048 -7.715636 3.416534 95.922542 0.576051 0.566523 0.589251 -0.082901 0.757646 -0.647379 -0.813199 0.324074 0.483408
-1.124977 -12.575150 27.748071 128.923973 0.604154 0.588984 0.536745 -0.422042 0.807844 -0.411423 -0.675928 0.022033 0.736638
0.468112 -0.564834 16.821668 3.886945 0.676784 0.736136 -0.008167 0.719650 -0.659208 0.218056 -0.155135 0.153454 0.975902
0.274123 -0.433865 13.117799 -0.357170 0.660499 0.750825 -0.001493 0.735254 -0.646396 0.203898 -0.152127 0.135772 0.978991
1.067608 -0.557667 25.176270 2.900137 0.564236 0.824922 -0.033776 0.809773 -0.544972 0.217427 -0.160953 0.150031 0.975492
-0.121733 -0.543404 2.741564 -1.532129 0.929609 0.355963 0.095482 -0.337131 0.926002 -0.169892 -0.148892 0.125743 0.980826
1.106979 -0.749669 27.850493 6.948570 0.598555 0.800514 -0.030142 0.783092 -0.576770 0.232599 -0.168814 0.162827 0.972106
0.606199 -0.927410 -22.400242 11.049569 -0.665806 -0.745891 0.018688 0.727537 -0.643460 0.238010 -0.165504 0.172065 0.971083
-0.002044 -0.699966 9.888999 -4.468732 0.820770 0.569696 0.042236 -0.550614 0.808639 -0.207191 -0.152190 0.146800 0.977388
0.401005 -8.456741 -7.427246 22.151169 0.532864 0.721789 0.441674 -0.229506 -0.379111 0.896438 -0.814483 0.579046 0.036360
0.121476 -7.676467 -10.022526 18.620874 0.521192 0.713313 0.468554 -0.061288 -0.516318 0.854201 -0.851236 0.473920 0.225383
-0.122228 -7.398341 -11.299439 2.882779 0.528414 0.730692 0.432283 -0.165641 -0.410659 0.896617 -0.832672 0.545389 0.095965
0.420280 -8.217862 -8.419901 26.360775 0.520952 0.703644 0.483212 -0.041020 -0.544805 0.837559 -0.852600 0.456149 0.254954
0.567242 -8.836277 -6.898702 24.496506 0.532862 0.709312 0.461449 -0.207316 -0.419269 0.883874 -0.820414 0.566649 0.076361
-0.101847 -2.466466 17.729929 6.106895 0.857048 -0.493329 0.148642 0.441712 0.852029 0.280957 -0.265252 -0.175137 0.948139
0.142281 -2.720932 17.135879 7.455028 0.860138 -0.486280 0.153929 0.412008 0.840299 0.352346 -0.300685 -0.239646 0.923124
0.363737 -2.459404 2.318222 8.991333 0.797653 -0.581459 0.160173 0.521599 0.798401 0.300816 -0.302795 -0.156400 0.940135
0.130000 -2.176673 8.431219 8.683748 0.834716 -0.529777 0.150285 0.497381 0.842437 0.207152 -0.236350 -0.098164 0.966697
-0.743527 -10.772531 -19.614939 -7.096103 0.614249 0.729247 0.301492 0.513286 -0.079039 -0.854570 0.599363 -0.679671 0.422862
-0.275584 -10.831131 -11.205388 -18.214776 0.606726 0.733596 0.306139 0.566062 -0.128344 -0.814310 0.558083 -0.667357 0.493130
-0.394542 -10.272301 -18.445660 -4.479460 0.623383 0.724336 0.294502 0.400999 0.027187 -0.915675 0.671263 -0.688911 0.273510
-0.642559 -10.760270 -17.506911 11.032409 0.614000 0.738817 0.277763 0.283195 0.122272 -0.951236 0.736753 -0.662721 0.134154
-0.273633 -24.382215 1.401789 145.049141 -0.445624 -0.853702 -0.269466 0.887333 -0.381344 -0.259263 0.118574 -0.354640 0.927454
-0.343931 -28.726202 4.528559 -441.268023 0.463217 0.846395 0.262766 0.833755 -0.516709 0.194585 -0.300469 -0.128948 0.945035
-0.229792 -30.505827 -5.219132 -445.538779 0.474782 0.838411 0.267674 0.829288 -0.528025 0.182951 -0.294727 -0.135118 0.945981
0.254842 -28.453389 11.229209 292.270012 -0.417064 -0.870263 -0.262109 0.907656 -0.383864 -0.169731 0.047096 -0.308693 0.949995
-0.004169 -29.613677 2.586030 456.025962 -0.433432 -0.860759 -0.266892 0.871292 -0.324608 -0.368076 0.230189 -0.392077 0.890668
2.388737 -303.863887 146.820970 11947.349816 -0.036896 -0.221199 0.974531 0.435086 0.874359 0.214934 -0.899633 0.431935 0.063980
-0.400061 -290.839377 89.172413 12467.784569 -0.103384 -0.222249 0.969493 0.468889 0.848724 0.244564 -0.877186 0.479869 0.016465
-2.827381 -110.602460 23.776451 -3356.487886 -0.112757 -0.194629 0.974374 -0.278606 0.947483 0.157017 -0.953763 -0.253762 -0.161061
-1.878785 -91.398384 33.419892 -2212.310197 -0.036413 -0.241250 0.969780 -0.250848 0.941560 0.224811 -0.967341 -0.235081 -0.094802
10.258688 -259.358837 -98.531696 -6945.120130 -0.160530 -0.218933 0.962444 -0.636874 0.767923 0.068458 -0.754070 -0.601966 -0.262707
1.467679 -65.091312 -34.606810 1654.687784 -0.037992 0.372630 -0.927202 0.767996 -0.582754 -0.265669 -0.639327 -0.722181 -0.264038
0.268702 -137.900522 18.973416 3698.385395 0.084449 0.360240 -0.929029 0.866560 -0.486802 -0.109992 -0.491877 -0.795771 -0.353279
7.255097 -200.749689 36.037886 5071.312697 0.030645 0.452614 -0.891180 0.843042 -0.490694 -0.220225 -0.536973 -0.744554 -0.396610
1.085129 -50.837374 -86.476781 -1177.843142 -0.202264 -0.310129 0.928929 -0.574946 0.805469 0.143723 -0.792797 -0.505014 -0.341225
-4.049546 -5.536452 23.050393 14.204896 0.269797 0.753853 0.599096 -0.645683 0.603197 -0.468238 0.714355 0.260497 -0.649490
-3.707149 -5.594283 16.267762 9.110225 -0.287735 -0.682504 -0.671860 -0.548999 0.692367 -0.468218 0.784735 0.234128 -0.573913
-4.352435 -5.587565 30.237163 9.311721 0.256464 0.793233 0.552275 -0.516448 0.595444 -0.615409 0.817011 0.127391 -0.562373
-4.784883 -5.358584 66.036734 15.336397 0.254381 0.816136 0.518857 -0.623882 0.548427 -0.556776 0.738959 0.182072 -0.648682
-4.923293 -5.450884 21.055874 -15.748806 -0.001465 0.996153 0.087623 -0.613650 0.068290 -0.786619 0.789577 0.054923 -0.611189
-4.479545 -4.822841 14.889527 -0.981854 0.411607 0.546587 -0.729261 -0.649585 0.737209 0.185908 0.639233 0.397196 0.658495
-4.792361 -5.132934 16.069051 13.623892 0.096578 0.859860 -0.501312 0.828951 -0.348270 -0.437662 0.550920 0.373295 0.746417
-4.736366 -4.884580 23.734560 6.581505 0.610851 0.293471 -0.735348 -0.403628 0.914443 0.029654 0.681136 0.278692 0.677041
-4.559056 -5.018391 13.844464 12.181124 0.207882 0.697626 -0.685641 0.806981 -0.518445 -0.282836 0.552780 0.494503 0.670747
-0.465525 -14.423037 5.685508 22.826396 0.476517 0.854172 0.208136 0.867562 -0.495196 0.046001 0.142361 0.158650 -0.977018
-0.015835 -15.395287 15.182033 2.271516 0.478389 0.843394 0.244602 0.867598 -0.496983 0.016777 0.135713 0.204191 -0.969478
-0.325003 -14.719738 12.225548 -93.322336 0.464362 0.854685 0.232123 -0.798638 0.517392 -0.307380 0.382812 0.042647 -0.922842
-0.553591 -14.130116 0.959259 -87.349570 0.472904 0.861099 0.186736 -0.799054 0.508431 -0.320953 0.371315 -0.002568 -0.928504
-0.262250 -12.896971 10.135380 -112.860757 0.457752 0.860541 0.223454 -0.660568 0.497403 -0.562352 0.595074 -0.109811 -0.796134
25.180072 2.947193 864.779851 -77.278502 -0.458426 0.752319 -0.473141 0.543167 0.658547 0.520851 -0.703431 0.018223 0.710530
7.756469 -34.809429 -166.702440 -741.145322 0.858438 0.029943 0.512043 -0.001163 0.998406 -0.056434 -0.512916 0.047849 0.857104
3.613859 -3.990515 125.609823 -71.075941 0.160332 0.978517 0.129610 0.861098 -0.202846 0.466224 -0.482499 -0.036856 0.875121
1.693616 -3.906215 60.157766 -126.980056 0.139788 0.964344 0.224720 0.915860 -0.212187 0.340847 -0.376376 -0.158166 0.912866
5.343112 -2.091582 53.022815 -62.214649 -0.045037 0.976890 0.208942 0.865184 -0.066421 0.497036 -0.499428 -0.203159 0.842198
-0.219781 -5.672645 -7.197746 5.501527 0.466070 0.797851 0.382378 -0.641804 0.602368 -0.474595 0.608988 0.024217 -0.792809
-0.288909 -5.539166 -4.761112 -10.593828 0.481592 0.781976 0.395705 -0.495211 0.615332 -0.613297 0.723074 -0.099401 -0.683582
-0.272139 -5.814172 1.707260 7.421300 0.472048 0.798273 0.374073 -0.645628 0.601973 -0.469886 0.600279 0.019703 -0.799548
-0.217337 -5.724677 -4.984303 6.964953 0.460257 0.811847 0.359260 -0.721959 0.577775 -0.380723 0.516660 0.084141 -0.852046
0.854441 -6.533228 -4.445056 41.472669 0.433368 0.710471 0.554458 0.526750 -0.698888 0.483829 -0.731250 -0.082384 0.677116
0.593244 -6.619201 -8.049775 29.944473 0.404306 0.712931 0.572945 0.508175 -0.695938 0.507374 -0.760457 -0.086022 0.643666
0.797037 -7.073639 -4.613833 15.523600 0.424613 0.719422 0.549669 0.369471 -0.691953 0.620235 -0.826556 0.060273 0.559618
0.733138 -6.164829 -8.780603 30.962957 0.425021 0.702244 0.571149 0.610031 -0.688378 0.392426 -0.668745 -0.181629 0.720965
0.905673 -7.099474 -2.138054 25.573938 0.447003 0.722314 0.527684 0.416105 -0.690092 0.592140 -0.791862 0.045116 0.609031
1.027800 -6.452124 -1.980262 30.022570 0.451095 0.721840 0.524843 0.571539 -0.685315 0.451316 -0.685461 -0.096382 0.721702
0.979209 -5.997157 -3.233187 26.265668 0.443844 0.710114 0.546571 0.637801 -0.678782 0.363957 -0.629454 -0.187063 0.754185
-0.040840 -10.627518 3.896781 -11.715965 0.642500 0.765022 0.043982 -0.664368 0.584729 -0.465518 0.381850 -0.269875 -0.883945
-0.286603 -10.149928 0.308064 -59.830397 0.640551 0.766880 0.039867 -0.519832 0.471241 -0.712535 0.565216 -0.435691 -0.700503
-0.380793 -10.328697 6.063199 -64.537750 0.651256 0.756317 0.062050 -0.497315 0.487131 -0.717901 0.573187 -0.436679 -0.693374
0.075929 -10.594416 6.320490 -34.871570 0.622813 0.781345 0.040044 -0.658860 0.551405 -0.511718 0.421909 -0.292321 -0.858220
-0.252464 -10.715138 7.638406 -2.207649 0.654382 0.753337 0.065320 -0.661034 0.611864 -0.434345 0.367175 -0.241049 -0.898375
0.045500 -10.095267 11.221286 55.064722 0.643325 0.762995 0.063018 -0.743943 0.642448 -0.183872 0.180779 -0.071407 -0.980928
0.365041 -10.309884 9.909454 57.135488 0.622211 0.781722 0.042014 -0.760524 0.616320 -0.204336 0.185628 -0.095187 -0.977999
0.245842 -6.524818 -2.843511 -31.855782 0.467963 0.813416 0.345492 -0.261989 -0.245678 0.933276 -0.844022 0.527254 -0.098138
0.164386 -6.672982 -0.374839 -41.532813 0.483105 0.819347 0.308676 -0.306390 -0.172054 0.936228 -0.820204 0.546872 -0.167920
0.345082 -7.543137 0.874613 -30.564790 0.473189 0.795492 0.378531 -0.138906 -0.356933 0.923745 -0.869941 0.489686 0.058398
0.394262 -6.701720 2.125793 -26.321033 0.461363 0.791055 0.401716 -0.172693 -0.364055 0.915227 -0.870242 0.491625 0.031352
-0.216569 -3.703442 0.512814 -6.256733 -0.327975 -0.708406 -0.624975 0.875686 0.020217 -0.482458 0.354411 -0.705516 0.613710
-0.369533 -3.450875 -5.796603 7.448984 -0.316740 -0.728416 -0.607524 0.820090 0.111511 -0.561265 0.476580 -0.675999 0.562047
-0.220134 -3.561887 -9.235717 -4.899376 -0.260260 -0.731060 -0.630726 0.895805 0.060921 -0.440253 0.360276 -0.679588 0.639032
-0.138148 -3.737390 -5.835822 -5.193451 -0.246370 -0.719034 -0.649840 0.925075 0.025496 -0.378929 0.289031 -0.694507 0.658879
-0.096152 -5.485344 4.540755 -17.199665 0.550398 0.774143 0.312674 0.834410 -0.497179 -0.237852 -0.028676 0.391811 -0.919599
-0.044969 -4.899906 7.320346 -22.422703 0.499440 0.798506 0.336076 0.847630 -0.370179 -0.380121 -0.179120 0.474716 -0.861720
0.050079 -4.774118 2.649289 -20.764558 0.487898 0.808431 0.329232 0.860744 -0.382844 -0.335485 -0.145172 0.447068 -0.882641
-0.106686 -5.507579 3.411492 -17.673348 0.554717 0.772978 0.307885 0.831356 -0.529905 -0.167475 0.033696 0.348864 -0.936568
0.016305 -4.857826 0.173021 -19.386823 0.511318 0.797981 0.319030 0.858200 -0.454578 -0.238436 -0.045243 0.395709 -0.917261
0.169354 -4.088287 2.163536 -19.509134 0.429544 0.832668 0.349508 0.880413 -0.300034 -0.367224 -0.200911 0.465451 -0.861969
-0.321527 -5.529259 6.292510 1.424318 0.362225 0.811285 0.458922 0.562878 -0.582836 0.586064 -0.742941 -0.046030 0.667772
-0.336017 -5.443299 6.868839 7.667531 0.369362 0.799936 0.472943 0.667997 -0.582354 0.463298 -0.646028 -0.144800 0.749453
-0.094808 -5.381330 10.117366 5.231537 0.382453 0.800355 0.461695 0.647003 -0.588706 0.484574 -0.659634 -0.113391 0.742984
-0.452837 -5.688703 2.749545 1.881940 0.343921 0.810959 0.473354 0.561213 -0.581685 0.588798 -0.752834 -0.063152 0.655174
-0.137128 -5.419861 5.852353 -1.010301 0.370039 0.808720 0.457212 0.509569 -0.588193 0.627987 -0.776795 -0.000602 0.629753
-0.367850 -5.576418 4.280327 -3.046411 0.345497 0.823602 0.449791 0.431318 -0.565048 0.703339 -0.833425 0.048998 0.550457
-0.368427 -3.567008 2.559003 -14.646458 0.446819 0.770931 0.453893 0.534669 0.176660 -0.826390 0.717274 -0.611929 0.333258
-0.463724 -3.295003 -2.215441 -9.066122 0.418624 0.760912 0.495748 0.629295 0.150535 -0.762448 0.654784 -0.631151 0.415821
-0.461240 -3.568318 -0.100385 -18.427213 0.445124 0.751353 0.487169 0.601903 0.151762 -0.784016 0.663006 -0.642213 0.384689
-0.412207 -13.190368 -3.093141 96.847301 0.229638 0.869694 0.436919 0.366572 -0.493143 0.788945 -0.901605 0.021009 0.432050
-0.260899 -12.574350 0.876884 57.259758 0.215025 0.872832 0.438096 0.335572 -0.487309 0.806177 -0.917145 0.026335 0.397682
-0.242325 -11.704564 4.227406 37.488086 0.232963 0.863576 0.447174 0.576806 -0.492912 0.651408 -0.782958 -0.106179 0.612946
-0.775553 -12.525682 -18.008786 105.183627 0.222779 0.864887 0.449822 0.384507 -0.501966 0.774715 -0.895837 -0.000370 0.444383
-0.663042 -14.342108 -14.820641 118.782083 0.219651 0.881067 0.418896 0.090598 -0.445949 0.890461 -0.971363 0.157639 0.177777
-0.506109 -11.294090 -6.397356 25.488603 0.231786 0.861372 0.452010 0.585684 -0.494578 0.642158 -0.776692 -0.115891 0.619128
-1.761744 -7.662602 -15.203283 0.862582 0.596450 0.798617 0.080369 0.019664 0.085561 -0.996139 0.802410 -0.595727 -0.035329
-2.215930 -7.373554 -11.405702 0.375416 0.548717 0.834268 0.053904 0.072107 0.017009 -0.997252 0.832892 -0.551096 0.050824
-2.037986 -7.396217 -14.568190 -13.625643 0.586699 0.805369 0.084648 0.224785 -0.061542 -0.972463 0.777982 -0.589571 0.217141
-2.026139 -7.385017 -10.169611 2.635975 0.541677 0.839268 0.047067 -0.103866 0.122391 -0.987032 0.834145 -0.529764 -0.153467
18.547049 -231.406524 -271.540902 8090.775175 0.001423 0.866330 0.499471 -0.444491 -0.446870 0.776360 -0.895782 0.223115 -0.384440
-5.802708 -16.043834 103.107611 461.326701 -0.140774 0.301547 0.943002 0.393397 0.891102 -0.226224 -0.908527 0.339127 -0.244071
22.586370 -114.096647 370.236679 3247.515261 0.137788 0.822805 0.551367 -0.447254 -0.445002 0.775846 -0.883730 0.353504 -0.306686
5.592639 -389.467271 150.589679 11232.469206 0.354857 0.812419 0.462658 -0.648552 -0.142524 0.747708 -0.673391 0.565387 -0.476321
-4.348254 -472.676924 -191.796066 13073.577524 -0.033964 0.747759 0.663101 -0.165502 -0.658532 0.734129 -0.985624 0.084811 -0.146122
-1.022822 -5.416956 -2.259836 -47.935506 -0.358283 0.929984 -0.082233 0.715719 0.217039 -0.663807 0.599482 0.296687 0.743369
-1.342436 -4.159996 -0.547588 -18.792132 -0.330096 0.936587 -0.117648 0.801334 0.212168 -0.559329 0.498899 0.278908 0.820555
-1.231312 -4.318264 3.433927 -19.150949 -0.395837 0.917660 -0.034820 0.746737 0.299576 -0.593833 0.534506 0.261062 0.803834
-1.822657 -2.906201 -6.091235 -12.892634 -0.455021 -0.863807 -0.216318 0.882396 -0.470044 0.020890 -0.119724 -0.181372 0.976100
-1.942895 -2.727260 3.266810 -13.236810 0.230187 0.944620 0.233894 0.951638 -0.268753 0.148850 -0.203467 -0.188319 0.960800
-1.893605 -3.234134 -1.945975 -10.360255 -0.398422 -0.871784 -0.285048 0.908534 -0.417739 0.007710 -0.125797 -0.255904 0.958482
-0.785049 -240.972633 263.758826 -7249.425305 0.199466 -0.102314 -0.974549 0.966893 0.182086 0.178783 0.159159 -0.977945 0.135246
-4.082053 -47.702731 -22.531240 -1124.391531 0.564882 -0.035570 -0.824405 0.741249 -0.417107 0.525900 -0.362571 -0.908161 -0.209250
-10.694628 -1265.476832 70.862767 -35593.692140 0.600555 0.089180 -0.794595 0.798431 -0.013554 0.601933 0.042910 -0.995923 -0.079344
-5.723165 -112.431659 -26.659199 2159.143534 0.450106 -0.032025 -0.892401 0.642674 0.705456 0.298833 0.619980 -0.708030 0.338112
-1.619177 -36.281239 52.676554 855.558830 0.661608 -0.115375 -0.740921 -0.629658 0.451084 -0.632498 -0.407192 -0.884992 -0.225794
-3.927912 -31.103271 72.509605 631.889400 0.680211 -0.181013 -0.710315 -0.663800 0.258941 -0.701654 -0.310938 -0.948780 -0.055978
-4.883460 -23.262882 86.472493 367.722470 0.685635 -0.188182 -0.703201 -0.528940 0.534895 -0.658870 -0.500126 -0.823696 -0.267206
0.164225 -2.348978 -3.830948 7.149611 -0.662333 -0.615831 -0.426694 0.695274 -0.717407 -0.043828 -0.279123 -0.325699 0.903333
0.277284 -2.390409 -7.816349 -3.926180 -0.669726 -0.603919 -0.432145 0.694801 -0.715007 -0.077565 -0.262143 -0.352202 0.898462
0.300243 -2.285938 10.910935 1.960907 0.688670 0.589976 0.421500 0.662307 -0.748437 -0.034522 -0.295099 -0.302937 0.906171
-4.930702 -6.683414 39.212728 -32.637580 0.630814 0.546456 0.550872 0.775933 -0.445706 -0.446401 0.001588 0.709036 -0.705171
-3.214139 -5.383032 -15.777504 -33.086304 0.219922 0.609962 0.761302 0.961889 -0.005595 -0.273384 -0.162495 0.792411 -0.587945
-3.676582 -6.269008 -3.535197 -20.410839 0.378611 0.603364 0.701859 0.925251 -0.266209 -0.270266 0.023772 0.751721 -0.659053
-2.269205 -5.160730 13.729379 1.381171 -0.456305 -0.653511 -0.603911 0.836755 -0.546012 -0.041382 -0.302699 -0.524208 0.795977
-2.583639 -5.003824 8.151576 5.816094 -0.485388 -0.682358 -0.546613 0.803526 -0.594577 0.028709 -0.344594 -0.425282 0.836893
-0.042773 -1.387538 5.675409 6.835855 0.668394 0.373076 0.643478 -0.602231 0.779173 0.173801 0.436540 0.503690 -0.745473
0.034734 -1.519510 -0.991850 8.905458 0.707801 0.323354 0.628061 -0.538741 0.822166 0.183853 0.456920 0.468493 -0.756134
-0.024711 -1.620127 5.359440 12.265489 0.703935 0.318081 0.635058 -0.535699 0.824858 0.180654 0.466370 0.467369 -0.751043
0.013248 -1.389025 -2.031360 4.421733 0.702424 0.342271 0.624061 -0.572939 0.792122 0.210437 0.422306 0.505365 -0.752505
1.523699 -3.928401 -34.648442 -3.794730 0.549238 0.783967 0.289367 -0.198838 -0.213726 0.956444 -0.811666 0.582852 -0.038496
0.440158 -3.811068 -46.191408 -3.957370 0.501630 0.824716 0.261174 -0.278239 -0.132052 0.951391 -0.819116 0.549915 -0.163226
-0.030625 -3.605939 -40.065958 -4.132224 0.524181 0.819083 0.233104 -0.368975 -0.028258 0.929010 -0.767523 0.572979 -0.287409
1.228510 -3.675400 -42.864504 -5.716840 0.532070 0.806409 0.258079 -0.365965 -0.055833 0.928952 -0.763525 0.588716 -0.265410
1.508486 -3.847111 -22.068755 -0.373397 0.573929 0.764455 0.293624 -0.285045 -0.149644 0.946761 -0.767695 0.627069 -0.132019
0.550397 -1.187482 16.023022 12.220379 0.970626 0.139751 0.195843 -0.202022 0.915476 0.347980 0.130659 0.377323 -0.916818
0.152442 -1.471966 7.782887 1.646009 0.883627 0.379355 0.274398 -0.454465 0.835848 0.307927 0.112541 0.396797 -0.910981
-0.119650 -2.004204 1.215803 6.359410 0.907990 0.338238 0.247284 -0.402338 0.868595 0.289251 0.116954 0.362129 -0.924762
0.123049 -3.630283 -2.537462 -5.675396 0.414065 0.897823 0.149879 -0.147160 -0.096463 0.984398 -0.898273 0.429661 -0.092182
0.043475 -3.762547 -1.254217 10.835624 0.412090 0.900269 0.140345 -0.161830 -0.079264 0.983630 -0.896656 0.428056 -0.113027
0.046722 -3.934097 -1.811799 -17.021222 0.415111 0.892360 0.177133 -0.098494 -0.149476 0.983848 -0.904423 0.425853 -0.025843
-0.005053 -3.813758 -4.894100 17.523982 0.401378 0.905478 0.137861 -0.184224 -0.067629 0.980555 -0.897194 0.418971 -0.139666
0.001134 -3.591291 -3.133980 -9.029865 0.404949 0.902979 0.143684 -0.106930 -0.109297 0.988241 -0.908065 0.415552 -0.052296
1.888639 -8.777059 -7.666411 -61.090375 0.688414 0.725179 -0.014194 0.436099 -0.429468 -0.790806 0.579572 -0.538212 0.611902
1.766606 -8.966719 11.924249 -39.171344 0.618259 0.784429 -0.049257 0.379877 -0.353094 -0.854996 0.688076 -0.509898 0.516290
-0.179301 -9.677495 -0.564992 11.715570 0.335157 0.918097 0.211585 -0.193504 -0.152709 0.969142 -0.922077 0.365757 -0.126474
-0.132599 -10.426756 -1.463921 52.082381 0.346400 0.922375 0.170970 -0.377533 -0.029768 0.925517 -0.858764 0.385146 -0.337916
-0.206706 -10.744968 -4.308878 53.464192 0.606992 0.534246 0.588338 -0.479212 0.836640 -0.265312 -0.633969 -0.120896 0.763851
0.044648 -11.174514 -4.676076 36.979478 0.610817 0.525507 0.592238 -0.510091 0.833259 -0.213277 -0.605565 -0.171822 0.777025
-0.183030 -12.249239 -11.153503 75.474240 0.605955 0.509174 0.611196 -0.611510 0.789559 -0.051498 -0.508797 -0.342547 0.789802
-0.046436 -9.914302 0.978350 25.040349 0.607758 0.552065 0.570837 -0.358544 0.832150 -0.423051 -0.708574 0.052443 0.703685
-0.242776 -10.244752 -1.125179 59.841417 0.599258 0.555538 0.576427 -0.461965 0.828023 -0.317753 -0.653818 -0.075873 0.752838
-0.105475 -9.327347 2.034021 24.099426 0.601169 0.566277 0.563850 -0.331372 0.818715 -0.468934 -0.727179 0.095064 0.679834
-0.454714 -12.356198 -3.901392 93.943668 0.603145 0.540292 0.586771 -0.601859 0.791030 -0.109717 -0.523433 -0.286978 0.802285
-1.525707 -7.478383 -4.760748 11.390533 0.507846 0.850867 0.134599 0.653766 -0.482425 0.582971 -0.560965 0.208063 0.801267
-1.427055 -7.621481 -1.991907 13.416633 0.488107 0.857826 0.160894 0.694100 -0.493285 0.524305 -0.529129 0.144240 0.836192
-1.560453 -7.339894 -4.376086 14.354318 0.492353 0.859075 0.139926 0.756709 -0.501915 0.418895 -0.430093 0.100361 0.897189
-1.481195 -7.420399 -1.665792 13.504798 0.520000 0.847746 0.104533 0.742175 -0.509005 0.435994 -0.422819 0.149135 0.893858
-1.245398 -9.349518 5.213572 156.886301 0.579238 0.433908 0.690078 0.031362 0.834068 -0.550770 -0.814555 0.340669 0.469516
-1.937384 -11.813309 -2.479894 132.673303 0.563437 0.426483 0.707567 -0.224183 0.903245 -0.365911 -0.795161 0.047543 0.604532
0.835640 -0.467714 21.426858 0.018958 0.576335 0.816821 -0.025314 0.803086 -0.560365 0.202590 -0.151295 0.137089 0.978936
0.212806 -0.417514 12.769218 -2.053741 0.674329 0.738390 0.007820 0.724425 -0.663555 0.186824 -0.143138 0.120316 0.982362
-0.203579 -0.420211 2.682218 -1.043228 0.944613 0.310493 0.106305 -0.293830 0.944412 -0.147476 -0.146186 0.108072 0.983336
-0.042426 -8.859025 -1.318428 19.917023 0.580959 0.589677 0.561041 -0.313408 0.798214 -0.514422 -0.751174 0.123024 0.648539
-0.169718 -9.907956 -2.578453 69.499232 0.582346 0.580592 0.569022 -0.438003 0.813755 -0.382041 -0.684854 -0.026753 0.728189
0.127751 -8.434072 1.703173 21.061493 0.576786 0.610216 0.543096 -0.303155 0.777248 -0.551346 -0.758561 0.153367 0.633296
0.059452 -8.793100 4.494601 18.925258 0.568368 0.625069 0.535021 -0.384843 0.776713 -0.498611 -0.727224 0.077495 0.682012
0.678385 -9.424930 -4.545385 0.794353 0.538514 0.714816 0.446139 -0.374643 -0.271138 0.886638 -0.754749 0.644610 -0.121789
0.624392 -9.416590 -4.759406 25.175113 0.524501 0.702387 0.481198 -0.161637 -0.472753 0.866243 -0.835926 0.532125 0.134428
-0.187125 -7.082829 -8.286158 -2.186237 0.521095 0.700561 0.487518 -0.002243 -0.570073 0.821591 -0.853495 0.429221 0.295491
0.162422 -7.393613 -8.271142 19.456343 0.517061 0.691173 0.504904 0.091128 -0.630975 0.770433 -0.851084 0.352350 0.389238
0.689446 -2.796573 0.702948 8.494511 0.798247 -0.580955 0.159040 0.488841 0.779115 0.392446 -0.351904 -0.235524 0.905921
0.413924 -2.869607 18.844845 6.901040 0.868280 -0.468601 0.162796 0.365349 0.826049 0.429142 -0.335574 -0.313138 0.888445
-1.761200 -55.921130 3.217999 1326.663218 -0.114552 -0.257170 0.959553 0.896507 0.389352 0.211376 -0.427963 0.884459 0.185953
0.572349 -103.679064 10.442082 2823.187046 -0.046805 -0.261870 0.963968 0.881898 0.442367 0.162993 -0.469111 0.857750 0.210238
0.419326 -20.436855 1.199577 523.099257 0.123282 -0.122398 0.984795 0.977629 0.185396 -0.099342 -0.170418 0.975011 0.142516
-2.519583 -4.213321 -0.586648 -6.991556 -0.204259 -0.084136 -0.975294 0.165486 0.978992 -0.119114 0.964828 -0.185728 -0.186045
-2.414976 -3.870631 -4.066222 -15.348194 -0.247527 -0.132455 -0.959784 0.265685 0.943359 -0.198708 0.931741 -0.304186 -0.198316
-2.795698 -4.390715 0.056414 -16.583503 -0.329561 -0.382459 -0.863200 0.072357 0.901357 -0.426990 0.941357 -0.203178 -0.269379
-4.820248 -5.281987 -3.826448 1.266478 0.176911 0.923760 -0.339663 0.881648 -0.302138 -0.362504 0.437492 0.235332 0.867882
-4.852357 -5.020747 8.505704 12.095938 0.208812 0.885020 -0.416097 0.776069 -0.408856 -0.480160 0.595075 0.222657 0.772211
-4.803860 -5.162990 -14.002117 1.875981 0.390546 0.864043 -0.317654 0.753991 -0.498199 -0.428130 0.528178 0.072304 0.846050
-4.816206 -5.237620 2.414977 5.677040 0.086060 0.898728 -0.429978 0.916619 -0.240536 -0.319300 0.390389 0.366646 0.844492
-4.680588 -5.280776 -13.632148 -3.277492 0.319812 0.915502 -0.244084 0.877621 -0.383319 -0.287833 0.357074 0.122161 0.926053
-4.839818 -5.277469 16.111923 -5.704081 -0.249973 -0.917104 0.310538 0.940132 -0.306625 -0.148774 0.231660 0.254758 0.938846
-0.321829 -14.430912 6.399647 -112.228356 0.475339 0.851383 0.221809 0.865096 -0.406393 -0.294029 -0.160189 0.331650 -0.929703
-0.105235 -14.633418 10.436308 -151.246687 0.480830 0.845914 0.230720 0.853243 -0.390812 -0.345316 -0.201940 0.362898 -0.909684
0.105996 -15.489653 15.272048 -117.793088 0.485266 0.842750 0.233001 0.868261 -0.433018 -0.242110 -0.103145 0.319793 -0.941856
0.421104 -16.483717 14.760781 -119.781977 0.485206 0.841690 0.236922 -0.822230 0.531380 -0.203892 0.297510 0.095874 -0.949893
-0.023635 -16.452468 24.319846 195.738826 0.585175 0.745697 0.318600 0.673502 -0.665753 0.321198 -0.451625 -0.026621 0.891811
-0.044701 -27.793721 36.820660 -681.329125 0.679532 0.658786 0.322859 -0.677541 0.732314 -0.068227 -0.281382 -0.172388 0.943985
-8.664602 -16.900785 -7.092991 -189.980852 0.747743 0.347444 0.565830 -0.104709 0.903208 -0.416236 -0.655680 0.251990 0.711747
0.236021 -3.832700 -8.265353 -13.212527 0.282973 0.888610 0.360970 -0.775425 -0.009544 0.631368 -0.564485 0.458565 -0.686349
0.486896 -3.840993 -8.771886 -13.970593 0.278932 0.881315 0.381419 -0.759407 -0.040677 0.649343 -0.587791 0.470775 -0.657931
0.129553 -4.086523 -6.257668 -11.063448 0.304428 0.886363 0.348833 -0.673891 -0.058408 0.736519 -0.673197 0.459293 -0.579531
0.504230 -3.521798 -3.210034 -2.838289 0.277976 0.875234 0.395847 -0.825675 0.007107 0.564101 -0.490908 0.483647 -0.724634
-0.019570 -4.065882 -7.327334 -15.554474 0.310294 0.890790 0.331979 -0.717003 -0.009999 0.696999 -0.624199 0.454305 -0.635596
0.086842 -3.778992 -9.489234 -14.450989 0.289372 0.892903 0.344946 -0.792937 0.021739 0.608916 -0.536204 0.449724 -0.714306
0.334172 -3.460042 -7.551262 7.837179 0.264623 0.886698 0.379133 0.847529 -0.026275 -0.530098 -0.460074 0.461602 -0.758456
0.420233 -6.159596 -15.926322 14.182804 0.391900 0.699414 0.597691 0.640263 -0.673865 0.368739 -0.660665 -0.238171 0.711897
0.266950 -6.156331 -11.051957 23.361824 0.386053 0.711392 0.587269 0.555706 -0.687490 0.467492 -0.736312 -0.145872 0.660732
-0.050049 -10.398194 8.878091 -64.839003 0.607668 0.793347 0.036621 -0.557425 0.458899 -0.691873 0.565700 -0.400016 -0.721090
-0.454000 -9.008482 1.788718 -44.280956 0.615153 0.787728 0.032741 -0.405410 0.351664 -0.843786 0.676187 -0.505784 -0.535680
-0.152094 -4.262988 -5.051779 -16.705471 0.486521 0.842027 0.232997 -0.541449 0.081299 0.836794 -0.685661 0.533273 -0.495468
-0.082983 -5.002044 0.586029 -34.330668 0.507560 0.833423 0.218607 -0.498757 0.077307 0.863287 -0.702584 0.547202 -0.454914
0.010623 -5.318202 -2.695902 -39.445004 0.495301 0.832890 0.246923 -0.439361 -0.005036 0.898297 -0.749426 0.553415 -0.363445
-0.337699 -3.358563 -4.719762 -1.005051 -0.237078 -0.726198 -0.645315 0.880461 0.120124 -0.458648 0.410587 -0.676910 0.610910
-0.464206 -3.207981 3.656158 11.691965 -0.328522 -0.714457 -0.617758 0.765006 0.182312 -0.617679 0.553930 -0.675510 0.486670
-0.454524 -2.969019 3.714592 -0.822774 -0.258010 -0.723207 -0.640627 0.838063 0.162387 -0.520846 0.480709 -0.671269 0.564196
-0.494004 -3.045225 5.782810 7.823971 -0.346329 -0.732174 -0.586496 0.727053 0.185593 -0.661021 0.592832 -0.655344 0.468054
-0.289266 -3.185029 -1.624316 -5.209172 -0.176533 -0.717060 -0.674286 0.909979 0.142234 -0.389496 0.375198 -0.682345 0.627401
-0.478413 -2.734700 3.511313 3.174764 -0.160462 -0.717297 -0.678040 0.876814 0.211866 -0.431636 0.453265 -0.663776 0.594939
-0.504378 -2.761414 -0.820929 1.687318 -0.292633 -0.752729 -0.589716 0.765457 0.185217 -0.616255 0.573099 -0.631739 0.521981
-0.056381 -5.242102 -0.674965 -22.281434 0.528902 0.791131 0.307205 0.833389 -0.415740 -0.364176 -0.160393 0.448634 -0.879205
0.090305 -4.562696 0.554209 -27.795920 0.473797 0.814248 0.335434 0.833263 -0.291271 -0.469931 -0.284938 0.502157 -0.816486
-0.477951 -5.560096 0.972163 8.678622 0.352787 0.798018 0.488577 0.669115 -0.580152 0.464445 -0.654085 -0.163064 0.738636
-0.394129 -5.276624 6.247350 9.641232 0.379715 0.788963 0.483068 0.752291 -0.567243 0.335103 -0.538401 -0.236164 0.808920
-0.123171 -5.133507 7.317094 11.249104 0.392526 0.781066 0.485654 0.752224 -0.576465 0.319136 -0.529228 -0.240052 0.813813
-0.332705 -13.431437 6.341824 55.715724 0.216307 0.864394 0.453911 0.367843 -0.502811 0.782223 -0.904380 0.002232 0.426723
-0.245016 -11.370751 1.272564 58.853716 0.217365 0.860097 0.461504 0.559722 -0.497182 0.662964 -0.799665 -0.114209 0.589485
-2.433720 -7.343187 -7.660200 -12.687697 0.513289 0.857596 0.032616 0.194124 -0.079000 -0.977791 0.835973 -0.508221 0.207029
-2.452307 -7.565661 -8.459785 -3.067625 0.481476 0.876297 0.016871 -0.006148 0.022625 -0.999725 0.876438 -0.481240 -0.016280
2.404894 -5.778586 28.613857 209.865165 0.274302 0.957509 -0.089077 -0.131553 0.129123 0.982864 -0.952603 0.257883 -0.161381
0.807717 -1.858571 90.846168 19.049595 0.420399 0.906951 -0.026538 -0.227070 0.133481 0.964688 -0.878467 0.399528 -0.262057
1.872841 -1.782347 53.789718 -25.137198 0.399944 0.892720 -0.207595 -0.187225 0.301297 0.934969 -0.897213 0.335068 -0.287641
-4.509838 -9.790488 160.748312 -358.937739 0.271026 0.884224 0.380384 -0.487413 -0.214699 0.846365 -0.830044 0.414791 -0.372793
-0.124448 -20.072261 -0.927088 -701.113047 0.324255 0.929012 0.178313 -0.436778 -0.020169 0.899343 -0.839097 0.369499 -0.399232
-1.510419 -3.615221 4.657247 -1.014225 -0.293541 0.941642 -0.164758 0.865145 0.188369 -0.464802 0.406642 0.278978 0.869950
-1.565519 -3.658162 2.529180 -1.086831 -0.372513 0.925830 -0.063818 0.827436 0.300210 -0.474578 0.420220 0.229591 0.877897
-1.230849 -7.273637 3.125700 13.040534 0.638532 0.769474 0.013693 0.573254 -0.463681 -0.675559 0.513476 -0.439215 0.737179
-1.056675 -7.316159 4.718017 15.191139 0.618122 0.785600 -0.027538 0.541188 -0.450700 -0.709919 0.570124 -0.423914 0.703744
-1.219192 -7.590669 10.680911 12.977704 0.628550 0.776990 -0.034798 0.638140 -0.540770 -0.548038 0.444638 -0.322263 0.835729
0.974508 -21.499507 -8.581702 -43.032082 0.732273 0.660450 0.166078 -0.423926 0.632933 -0.647829 0.532975 -0.403983 -0.743462
1.571918 -23.405900 16.788393 21.302339 -0.719283 -0.665186 -0.200397 -0.514628 0.703950 -0.489501 0.466679 -0.248960 -0.848663
1.380058 -22.882082 2.130950 186.823396 -0.705495 -0.678748 -0.203908 -0.630734 0.732524 -0.256094 0.323191 -0.052061 -0.944901
-1.502574 -6.707981 1.603884 122.406396 0.374532 0.148754 -0.915204 0.763580 -0.609421 0.213429 -0.525996 -0.778767 -0.341833
-1.137190 -5.237091 -1.338704 -58.548499 0.272238 0.240535 -0.931681 0.812024 -0.576900 0.088334 -0.516239 -0.780595 -0.352375
-1.043045 -5.228428 -7.067058 94.076491 0.253121 0.194791 -0.947621 0.793501 -0.602147 0.088177 -0.553431 -0.774258 -0.306983
-1.130135 -8.921456 21.963291 -116.717496 0.135859 0.349909 -0.926880 0.864511 -0.498826 -0.061596 -0.483905 -0.792929 -0.370270
-3.086667 -32.145659 -30.853391 -716.244324 0.638380 -0.048993 -0.768161 -0.575365 0.632545 -0.518500 -0.511299 -0.772973 -0.375615
0.171813 -2.387684 -3.344776 -0.348501 -0.667369 -0.608088 -0.429939 0.702596 -0.705520 -0.092740 -0.246937 -0.363965 0.898082
-3.810113 -6.604695 -33.209172 4.171207 0.792029 0.562628 0.236937 -0.594451 0.622413 0.509146 -0.138988 0.544106 -0.827424
-5.351707 -6.448236 24.759579 11.397517 0.794117 0.477820 0.375587 -0.607689 0.633986 0.478304 0.009573 0.608070 -0.793826
0.681982 -1.221165 7.167081 19.361931 0.994086 -0.037992 0.101737 0.000140 0.937260 0.348632 0.108600 0.346556 -0.931722
0.239773 -4.145218 -6.268389 -27.154983 0.411865 0.891393 0.189172 -0.119870 -0.152795 0.980961 -0.903326 0.426700 -0.043921
1.244186 -10.082986 -11.568142 -67.301299 0.733036 0.674003 0.091534 0.458700 -0.390475 -0.798200 0.502248 -0.627096 0.595397
1.921287 -8.672381 -5.276283 -66.990524 0.733686 0.678386 0.038694 0.508929 -0.510898 -0.692802 0.450219 -0.527992 0.720089
1.882663 -8.286002 -0.237576 -48.609690 0.703864 0.710320 -0.004524 0.519820 -0.519415 -0.678229 0.484110 -0.475029 0.734837
-0.087495 -12.543536 -3.972415 71.156392 0.354582 0.924489 0.139971 -0.513325 0.067349 0.855547 -0.781517 0.375212 -0.498445
0.002357 -11.127330 4.042648 56.711477 0.381090 0.912378 0.149454 -0.568370 0.103700 0.816212 -0.729196 0.395995 -0.558087
0.070407 -12.663004 -11.051743 64.346734 0.609931 0.504803 0.610866 -0.641020 0.767502 0.005796 -0.465915 -0.395113 0.791713
0.230641 -12.025133 -8.357407 27.873371 0.605829 0.532249 0.591340 -0.551192 0.816780 -0.170465 -0.573724 -0.222669 0.788200
0.117683 -10.739759 -7.368033 26.314217 0.600251 0.551700 0.579074 -0.394209 0.834036 -0.385985 -0.695916 0.003412 0.718115
-1.366868 -7.632845 11.037465 2.092220 0.600391 0.798970 0.034312 0.582378 -0.466231 0.665932 -0.548057 0.379837 0.745223
-1.370471 -7.741767 9.751653 -1.167811 0.608420 0.791627 0.056143 0.434160 -0.391231 0.811445 -0.664327 0.469324 0.581726
