13066
26114
-9.080896 -11.777636 24.167318 -318.199702 0.718235 -0.613108 -0.328995 0.272372 0.682837 -0.677899 0.640276 0.397282 0.657430
-11.124050 -14.248199 -299.296163 -249.827892 -0.657781 0.684742 0.313773 0.215334 0.570152 -0.792817 0.721773 0.453934 0.522483
-11.134423 -16.129937 -58.172808 -513.351695 0.727711 -0.318123 -0.607646 -0.119107 0.813859 -0.568723 0.675463 0.486241 0.554364
-8.666714 -12.960828 -65.047414 -195.311146 -0.479082 0.877769 0.001422 0.479796 0.263227 -0.836963 0.735035 0.400291 0.547257
-6.123426 -15.525174 -317.200954 -573.994464 0.821562 -0.325808 -0.467852 -0.004128 0.817199 -0.576340 0.570105 0.475430 0.670035
-6.510813 -11.058882 -187.494606 -427.339216 0.832028 -0.365248 -0.417522 0.115859 0.850469 -0.513108 0.542501 0.378547 0.749930
-6.626753 -9.001053 -11.139696 -188.680182 -0.404870 0.905197 -0.129227 0.714912 0.225262 -0.661935 0.570072 0.360383 0.738338
-7.338818 -10.695153 -17.975842 -153.133995 -0.278264 0.936953 -0.211395 0.707559 0.051120 -0.704803 0.649561 0.345695 0.677175
-9.143760 -14.804075 -114.825298 -94.490413 0.023980 0.999397 -0.025106 -0.015983 -0.024726 -0.999566 0.999585 -0.024371 -0.015381
-8.260575 -13.823238 -146.641714 -92.387973 0.065005 0.986579 -0.149787 0.172486 -0.158954 -0.972102 0.982865 -0.037355 0.180503
-7.527554 -13.774828 -116.495447 -111.773982 0.142999 0.979185 -0.144040 0.048934 -0.152353 -0.987114 0.988512 -0.134107 0.069702
-8.271561 -14.519137 -99.366777 -82.640689 0.121131 0.991731 -0.042383 -0.130298 -0.026442 -0.991122 0.984048 -0.125578 -0.126017
-9.924956 -15.605650 -97.446764 -8.554682 -0.007841 0.998404 0.055922 -0.249780 0.052195 -0.966895 0.968271 0.021549 -0.248972
14.214682 -9.639413 -191.773092 109.578564 0.851663 -0.068125 -0.519643 0.020398 0.995073 -0.097021 0.523693 0.072030 0.848857
14.766087 -11.473414 -491.493299 2.824629 0.916849 -0.129188 -0.377754 0.043519 0.972899 -0.227096 0.396855 0.191773 0.897624
14.320837 -8.561021 -63.626116 23.174039 0.795009 -0.167430 -0.583033 0.044625 0.974692 -0.219053 0.604954 0.148131 0.782361
-2.183988 -4.877948 132.821812 61.863389 0.360321 0.487992 -0.795005 0.835298 -0.548183 0.042096 -0.415266 -0.679234 -0.605141
-1.392353 -4.074229 98.951942 53.390192 0.344356 0.501754 -0.793512 0.863808 -0.500420 0.058436 -0.367769 -0.705565 -0.605742
-3.125621 -4.188944 136.431862 37.253988 0.550898 0.348884 -0.758150 0.748342 -0.608651 0.263683 -0.369454 -0.712618 -0.596389
-0.465432 -4.410185 66.630658 59.610944 0.259430 0.553580 -0.791357 0.881959 -0.469674 -0.039421 -0.393503 -0.687717 -0.610082
-4.099490 -4.883853 91.395615 21.148706 0.759027 0.086190 -0.645328 -0.504777 0.703920 -0.499697 -0.411191 -0.705030 -0.577801
-4.149617 -5.358440 138.239273 54.295517 0.578603 0.273160 -0.768507 0.680874 -0.680523 0.270739 -0.449031 -0.679906 -0.579740
-2.258763 -5.686113 144.777178 58.223515 0.362827 0.483710 -0.796481 0.793135 -0.608986 -0.008540 -0.489177 -0.628618 -0.604604
-0.504807 -5.268502 85.906623 56.062196 0.270459 0.553890 -0.787437 0.846953 -0.525775 -0.078934 -0.457736 -0.645574 -0.611320
-1.912223 -6.988704 12.015971 105.761140 -0.701232 0.704072 0.112056 0.404705 0.522512 -0.750463 0.586931 0.480900 0.651343
-1.470744 -8.093281 22.124869 21.090464 -0.719355 0.681669 0.133626 0.459182 0.610980 -0.644868 0.521229 0.402531 0.752522
-1.933449 -8.047075 40.413941 56.572362 -0.690448 0.715656 0.105442 0.466491 0.551901 -0.691225 0.552873 0.428067 0.714906
-1.883931 -8.418545 39.780846 6.765463 -0.663482 0.741603 0.099083 0.524561 0.555503 -0.645176 0.533506 0.376088 0.757582
-2.120074 -7.952476 10.596110 57.927101 -0.641033 0.761068 0.099256 0.490346 0.505589 -0.709888 0.590456 0.406392 0.697286
-2.242080 -6.687228 14.305012 122.164123 -0.658388 0.747854 0.085080 0.418167 0.457424 -0.784792 0.625828 0.481121 0.613891
0.170880 -15.650251 47.835751 114.162943 -0.802545 0.478838 0.355858 0.132472 0.724625 -0.676291 -0.581698 -0.495613 -0.644977
0.517265 -15.045124 42.172335 22.904248 -0.806285 0.458310 0.373975 0.210807 0.813338 -0.542257 -0.552689 -0.358377 -0.752397
-0.107702 -14.793467 25.154995 43.163317 -0.809615 0.451763 0.374746 0.153217 0.778973 -0.608051 -0.566612 -0.434869 -0.699886
-0.482377 -15.352811 14.006783 83.229315 -0.812099 0.460406 0.358499 0.068561 0.685405 -0.724927 -0.579478 -0.564134 -0.588182
2.172425 -13.930956 16.867754 71.317755 0.967881 -0.103476 -0.229129 -0.197196 -0.877789 -0.436579 0.155951 -0.467739 0.870000
2.594778 -15.918003 32.632643 312.085698 0.971583 -0.043292 -0.232707 -0.117797 -0.941174 -0.316726 0.205306 -0.335138 0.919528
1.788336 -15.075358 47.662013 180.420070 0.959320 -0.101548 -0.263426 -0.214174 -0.869698 -0.444697 0.183943 -0.483026 0.856067
1.258159 -14.912244 55.199505 -87.585544 0.952296 -0.132765 -0.274783 -0.269835 -0.786911 -0.554942 0.142552 -0.602615 0.785197
1.949675 -14.600802 10.841790 -150.803969 0.957859 -0.150121 -0.244886 -0.262024 -0.805958 -0.530825 0.117679 -0.572622 0.811330
-0.314821 -11.475126 -20.174519 -149.882405 0.922964 -0.266711 -0.277494 0.309127 0.084160 0.947290 0.229299 0.960095 -0.160124
-0.028142 -13.154590 -56.638525 -197.015294 0.935384 -0.261194 -0.238399 0.254218 0.028031 0.966741 0.245824 0.964879 -0.092620
-0.457658 -11.176573 -45.791111 -42.432850 0.934310 -0.257373 -0.246624 0.293116 0.161000 0.942423 0.202848 0.952805 -0.225865
3.055969 -11.217072 109.898641 50.963848 0.943480 -0.150104 -0.295491 0.307645 0.064973 0.949280 0.123292 0.986533 -0.107479
3.121843 -11.504120 109.911414 -29.692969 0.958626 -0.138651 -0.248620 0.276906 0.251616 0.927369 0.066024 0.957844 -0.279599
1.937775 -10.945845 73.222595 0.509239 0.953023 -0.167100 -0.252634 0.283969 0.202682 0.937167 0.105396 0.964882 -0.240612
1.891903 -10.306857 60.321860 55.504048 0.938185 -0.168755 -0.302209 0.314838 0.053258 0.947650 0.143825 0.984218 -0.103096
-2.265005 -4.593114 1.558118 90.744768 -0.724528 0.676984 0.129430 0.289289 0.469132 -0.834402 0.625597 0.567105 0.535744
-2.472044 -4.017319 -5.489240 -2.279361 -0.717604 0.680054 0.150238 0.264410 0.465594 -0.844576 0.644307 0.566347 0.513925
-2.400328 -4.566475 6.084194 -47.217374 -0.762346 0.597869 0.247750 0.158636 0.543776 -0.824101 0.627425 0.588948 0.509390
-2.474858 -4.359201 -1.692517 64.226648 -0.683217 0.722301 0.107221 0.309161 0.419152 -0.853657 0.661539 0.550084 0.509679
-2.099149 -4.473017 -18.492899 0.354871 0.773740 -0.606593 -0.182681 -0.212355 -0.520027 0.827331 0.596852 0.601346 0.531179
-1.840853 -5.121638 27.217996 123.881152 -0.782556 0.585870 0.210623 0.209093 0.565980 -0.797463 0.586418 0.580020 0.565412
-1.336329 -5.126753 1.684206 25.268222 0.878290 -0.458128 -0.136841 -0.475387 -0.806124 -0.352380 -0.051124 -0.374545 0.925798
-1.616731 -5.559055 -63.272104 -16.347345 0.734424 -0.645785 -0.208765 -0.670483 -0.642671 -0.370712 -0.105233 -0.412233 0.904981
-2.049675 -4.727747 -20.721421 6.546005 0.773810 -0.594105 -0.219675 -0.627513 -0.671777 -0.393628 -0.086283 -0.442442 0.892637
-1.274772 -5.612932 -70.570128 -4.283748 0.808184 -0.567928 -0.155874 -0.583719 -0.737332 -0.340021 -0.078176 -0.365786 0.927410
-0.852594 -4.624810 113.323427 65.010439 0.944837 -0.311729 -0.100538 -0.324982 -0.853902 -0.406496 -0.040867 -0.416746 0.908104
-0.364635 -5.186010 96.239243 34.179888 0.946250 -0.309605 -0.093570 -0.322584 -0.882434 -0.342418 -0.023445 -0.354198 0.934877
-0.628749 -5.726555 -52.652959 -2.110668 0.846453 -0.516293 -0.130230 -0.530389 -0.795974 -0.291743 -0.046965 -0.316019 0.947590
-0.127481 -5.544473 23.319955 14.610149 0.921042 -0.376303 -0.100392 -0.389164 -0.879121 -0.275131 -0.015276 -0.292476 0.956151
1.037672 -43.014659 -68.864960 227.213540 0.603533 -0.623108 -0.497478 0.451536 0.781334 -0.430851 0.657163 0.035404 0.752917
0.613842 -39.600614 -58.030358 394.435951 0.618972 -0.594856 -0.512855 0.210972 0.754902 -0.620978 0.756548 0.276170 0.592761
1.445419 -41.692843 -54.927496 409.175671 0.598806 -0.600599 -0.529823 0.197789 0.751946 -0.628853 0.776087 0.271768 0.569061
1.165792 -56.740102 -69.716594 1296.285283 0.582582 -0.614569 -0.531886 0.057419 0.683896 -0.727317 0.810741 0.393181 0.433714
1.422421 -63.969345 58.153630 1315.914189 0.518865 -0.632605 -0.574970 0.067108 0.700659 -0.710334 0.852218 0.329982 0.406000
1.283791 -61.591792 44.422681 -317.667613 0.535040 -0.632739 -0.559798 0.438619 0.774363 -0.456043 0.722043 -0.001537 0.691846
1.639498 -51.419233 -72.739207 188.638509 0.596641 -0.614016 -0.516725 0.364450 0.780974 -0.507204 0.714980 0.114298 0.689739
-4.705446 -6.161917 -74.580106 -62.227319 0.125931 0.314391 -0.940904 0.958377 -0.283529 0.033532 -0.256232 -0.905963 -0.337010
-5.370365 -6.053255 17.123686 -63.626998 0.687182 0.165283 -0.707433 0.695114 -0.432655 0.574131 -0.211180 -0.886280 -0.412203
-4.778608 -7.144334 -18.597802 -51.970453 0.462477 0.243348 -0.852582 0.876506 -0.270391 0.398278 -0.133610 -0.931488 -0.338346
-4.965821 -6.956901 37.435052 47.630576 0.707757 0.225238 -0.669588 -0.695113 0.391198 -0.603144 -0.126091 -0.892318 -0.433439
-4.570859 -7.613378 3.963356 -28.169228 0.581667 0.267104 -0.768322 0.812073 -0.245148 0.529565 -0.046904 -0.931964 -0.359503
-4.177197 -8.256790 -18.522530 -36.787179 0.497468 0.245051 -0.832151 0.867477 -0.137245 0.478171 0.002968 -0.959747 -0.280851
0.879019 -48.036160 -4.931224 469.790969 0.490863 -0.683538 -0.540213 0.870915 0.401813 0.282936 0.023667 -0.609362 0.792539
0.964833 -61.783011 -9.909260 -1487.153317 0.521535 -0.669451 -0.528995 0.827557 0.547830 0.122600 0.207725 -0.501714 0.839722
1.230515 -59.584625 13.350284 -944.378757 0.519684 -0.663564 -0.538155 0.793985 0.607688 0.017434 0.315462 -0.436347 0.842665
-0.887427 -10.197783 14.305825 -261.762913 0.524368 -0.838716 -0.146945 0.851145 0.511365 0.118568 -0.024302 -0.187245 0.982013
1.094204 -11.535688 57.042549 -330.140415 0.460255 -0.877074 -0.137503 0.885098 0.441279 0.147901 -0.069043 -0.189775 0.979397
-1.138353 -13.415569 -39.512504 -223.935854 0.359600 -0.922171 -0.142439 0.927636 0.369807 -0.052285 0.100891 -0.113330 0.988422
-1.765610 -12.536311 -22.024582 -211.591083 -0.369222 0.915597 0.159239 0.914715 0.388316 -0.111834 0.164229 -0.104367 0.980885
-1.885970 -6.038284 11.787375 -41.923120 -0.035750 0.304231 -0.951927 0.888640 -0.426110 -0.169555 -0.457210 -0.851982 -0.255118
-0.171608 -5.744708 95.987419 11.150647 -0.271856 0.437188 -0.857299 0.794197 -0.401161 -0.456422 -0.543457 -0.804945 -0.238156
-1.290169 -5.213564 6.428801 -36.080981 -0.334286 0.430599 -0.838354 0.796340 -0.346714 -0.495613 -0.504079 -0.833291 -0.227001
-1.561197 -5.293568 -85.691992 -57.748910 -0.542965 0.495295 -0.678138 0.663597 -0.241807 -0.707932 -0.514613 -0.834394 -0.197384
-2.199577 -5.443587 -22.850044 -60.417832 -0.557803 0.502342 -0.660688 0.686404 -0.168298 -0.707478 -0.466588 -0.848132 -0.250932
1.605155 -4.764272 -88.465655 60.856626 0.764869 -0.545520 -0.342613 -0.536905 -0.245961 -0.806992 -0.355961 -0.801194 0.481020
2.118693 -4.685589 -9.560260 64.511277 0.789839 -0.502536 -0.351584 -0.525582 -0.259151 -0.810311 -0.316098 -0.824802 0.468811
1.649824 -4.198441 -43.228578 25.698849 0.808228 -0.507976 -0.297871 -0.464297 -0.238577 -0.852942 -0.362209 -0.827672 0.428676
0.789437 -4.611720 -106.121494 26.178382 0.802743 -0.536567 -0.260194 -0.448060 -0.254785 -0.856929 -0.393506 -0.804475 0.444941
0.703855 -5.047206 -124.028367 48.696781 0.769451 -0.555517 -0.315192 -0.519922 -0.258141 -0.814275 -0.370980 -0.790420 0.487452
0.729632 -5.694565 -100.583906 64.802962 0.735734 -0.565394 -0.372861 -0.591728 -0.268801 -0.760003 -0.329475 -0.779792 0.532325
1.328946 -10.661457 47.372751 -15.620547 0.845970 -0.440004 -0.301217 0.017564 0.587577 -0.808977 -0.532942 -0.679080 -0.504801
0.863726 -11.430107 60.951966 -60.653590 0.855793 -0.397292 -0.331325 0.043018 0.692903 -0.719746 -0.515526 -0.601701 -0.610073
1.300308 -11.165791 15.100183 -46.733189 0.836528 -0.425825 -0.344809 0.071921 0.709192 -0.701338 -0.543183 -0.561890 -0.623885
1.997821 -10.422412 19.710450 -48.748388 0.821280 -0.461447 -0.335509 0.041227 0.634533 -0.771795 -0.569034 -0.620028 -0.540153
2.949298 -5.153169 105.108949 39.909941 0.911087 -0.071164 -0.406025 0.024266 0.992536 -0.119511 0.411499 0.099032 0.906014
3.119491 -5.597749 78.799241 39.885429 0.907199 -0.166587 -0.386313 0.144883 0.985803 -0.084865 0.394966 0.021019 0.918455
3.443096 -4.581708 24.824464 33.278193 0.932198 -0.102711 -0.347070 0.059235 0.989256 -0.133657 0.357069 0.104036 0.928266
2.125860 -5.949425 91.935189 72.293299 0.897869 -0.102984 -0.428048 0.060620 0.991915 -0.111489 0.436069 0.074154 0.896853
2.911547 -4.465060 59.766269 31.773225 0.922725 -0.036692 -0.383708 -0.023267 0.988342 -0.150462 0.384756 0.147762 0.911114
2.320943 -5.071019 84.576526 54.066268 0.903343 -0.027661 -0.428025 -0.036229 0.989431 -0.140403 0.427385 0.142339 0.892794
-24.717524 -74.418281 -3760.969314 -3722.666319 0.481355 0.859293 -0.172952 0.533242 -0.130477 0.835840 -0.695666 0.494561 0.521017
3.761817 -80.257560 -377.917489 -5561.986007 0.201404 0.710082 -0.674700 0.678932 0.395302 0.618699 -0.706037 0.582684 0.402481
-20.719443 -160.066422 -1438.470978 -11676.598901 0.578068 0.394041 0.714541 0.206841 0.776315 -0.595443 -0.789338 0.492002 0.367259
-13.544877 -36.186224 395.524706 -2052.129487 0.188469 0.800741 -0.568589 0.606245 0.360623 0.708814 -0.772623 0.478294 0.417479
-0.867491 -35.213743 176.951963 -760.273153 0.609846 0.467787 0.639737 0.615029 0.229751 -0.754290 -0.499827 0.853458 -0.147589
0.419328 -32.886331 149.592443 -193.280905 0.569739 0.477142 0.669129 0.731225 0.077312 -0.677741 -0.375110 0.875419 -0.304850
-1.340868 -33.078958 72.476398 697.750836 0.598064 0.505184 0.622181 0.762910 -0.121015 -0.635078 -0.245538 0.854485 -0.457784
-3.193306 -39.811121 64.242743 1957.858147 0.614658 0.513186 0.599029 0.787691 -0.359190 -0.500525 -0.041697 0.779502 -0.625011
-3.711471 -38.228542 298.236598 -104.576746 0.636538 0.438967 0.634134 0.673640 0.083911 -0.734280 -0.375536 0.894576 -0.242293
-0.823920 -15.539755 -11.712916 34.250764 0.931179 -0.356145 -0.077882 -0.328705 -0.912602 0.243127 0.157663 0.200795 0.966863
-0.917888 -15.234374 -22.199382 -22.820579 0.926176 -0.368878 -0.078272 0.362394 0.928078 -0.085686 0.104251 0.050995 0.993243
-1.063404 -15.407538 11.079711 -46.349314 0.929057 -0.357094 -0.096627 0.332992 0.921027 -0.202053 0.161148 0.155542 0.974596
1.152635 -6.597122 -46.551223 -2.553113 0.890906 -0.405809 -0.203977 -0.067277 -0.562056 0.824359 0.449178 0.720703 0.528040
0.901139 -6.233369 -64.470224 4.191586 0.904465 -0.349754 -0.244160 0.027792 -0.522874 0.851957 0.425640 0.777351 0.463201
1.903824 -6.553289 -20.314478 -57.107818 0.882970 -0.411917 -0.225138 -0.014564 -0.503407 0.863927 0.469203 0.759543 0.450493
-8.372968 -12.125684 122.631056 25.285149 0.526208 0.834054 -0.165707 -0.609004 0.233630 -0.757979 0.593481 -0.499770 -0.630880
-9.846450 -12.094536 116.313595 48.718888 0.675782 0.728460 -0.112538 -0.452807 0.289800 -0.843197 0.581622 -0.620776 -0.525693
-9.914155 -11.710945 155.774132 18.769201 0.598093 0.765073 -0.238636 0.623969 -0.257674 0.737744 0.502938 -0.590141 -0.631496
-11.366768 -12.147283 110.168549 39.260697 0.846424 0.528709 0.063511 -0.234099 0.476568 -0.847396 0.478294 -0.702388 -0.527149
-11.386025 -11.839122 96.577009 17.003188 0.861105 0.505969 -0.049937 -0.348850 0.516527 -0.781987 0.369867 -0.690794 -0.621291
0.290381 -4.385058 138.503753 -35.813614 -0.309386 0.640135 -0.703213 -0.178812 0.687142 0.704175 0.933974 0.343605 -0.098128
-0.369269 -4.718517 51.221519 3.565304 -0.323843 0.732318 -0.599029 0.207188 -0.562888 -0.800144 0.923146 0.383233 -0.030560
1.612552 -4.336594 -185.271657 89.154315 -0.291686 0.830570 -0.474419 0.088248 -0.470504 -0.877974 0.952435 0.297959 -0.063943
1.864821 -3.831374 -93.898327 87.005188 -0.287501 0.764870 -0.576470 0.071325 -0.583112 -0.809255 0.955121 0.273778 -0.113091
1.692336 -3.861915 184.581079 -26.814566 -0.287105 0.586649 -0.757241 -0.158805 0.750433 0.641585 0.944644 0.304456 -0.122291
-4.067610 -6.747002 14.606725 -49.810166 0.773091 -0.516206 0.368593 0.607190 0.434221 -0.665412 -0.183439 -0.738230 -0.649128
-3.369838 -6.591639 30.936306 -49.945337 0.795116 -0.478319 0.372828 0.572276 0.388298 -0.722305 -0.200724 -0.787677 -0.582473
-3.981951 -6.455381 -47.137266 24.005933 0.894997 -0.420489 0.148891 0.381572 0.548794 -0.743793 -0.231046 -0.722505 -0.651616
-3.679522 -7.513492 -84.022212 -67.450184 -0.667371 0.519641 -0.533469 0.737587 0.362261 -0.569853 -0.102864 -0.773783 -0.625043
-4.884674 -6.586454 -25.102708 -43.553333 0.705097 -0.600373 0.377346 0.684483 0.437217 -0.583374 -0.185260 -0.669622 -0.719225
-4.262010 -7.221172 -50.810737 -78.394753 -0.638606 0.582364 -0.503026 0.760790 0.379530 -0.526455 -0.115675 -0.718895 -0.685427
0.665764 -2.805671 -221.013845 -30.533901 0.881838 -0.396185 0.255731 -0.178659 0.221180 0.958729 0.436397 0.891132 -0.124263
1.299604 -3.005147 -249.149216 39.910458 0.896518 -0.435484 0.081294 -0.005407 0.172736 0.984953 0.442974 0.883468 -0.152506
2.942771 -3.270925 -200.475140 0.901195 0.877462 -0.439352 0.192431 -0.115804 0.195270 0.973889 0.465456 0.876835 -0.120463
0.970832 -19.747491 1.570413 386.434954 0.928583 -0.351904 -0.117883 0.360703 0.781030 0.509789 0.087326 0.515902 -0.852185
1.098687 -18.989482 9.474993 499.029543 0.937164 -0.334804 -0.098136 0.327295 0.746241 0.579657 0.120839 0.575353 -0.808929
0.914674 -16.072826 20.495478 564.661926 0.928345 -0.353767 -0.114124 0.321170 0.608790 0.725414 0.187150 0.710087 -0.678786
0.581083 -10.448643 30.716032 237.119506 0.910724 -0.383307 -0.153812 0.338583 0.479619 0.809523 0.236525 0.789330 -0.566582
0.583886 -12.373933 -37.134539 419.061303 0.924999 -0.348847 -0.150606 0.328135 0.533538 0.779529 0.191582 0.770483 -0.607991
0.802580 -10.402943 49.627391 380.699859 0.919358 -0.378735 -0.106495 0.308324 0.525461 0.792986 0.244372 0.761873 -0.599860
-1.567777 -17.123565 24.097109 204.196568 0.922018 -0.385714 -0.033285 0.366703 0.842525 0.394565 0.124146 0.376001 -0.918265
-1.132529 -16.310933 56.047761 152.514588 0.918483 -0.395454 -0.002309 0.330337 0.764007 0.554230 0.217408 0.509814 -0.832360
-0.612481 -17.721102 67.976695 245.806981 0.925162 -0.379235 0.015986 0.338517 0.843417 0.417197 0.171699 0.380563 -0.908676
-1.317629 -18.217322 42.409808 207.221821 0.927054 -0.374851 -0.007612 0.363577 0.893843 0.262407 0.091560 0.246032 -0.964927
3.590228 -8.814075 174.909350 -1.524668 0.657061 -0.735997 0.163030 -0.655755 -0.451371 0.605185 0.371827 0.504551 0.779213
4.937357 -9.044339 173.894620 29.836295 0.600663 -0.753273 0.267925 0.700842 0.334829 -0.629849 0.384739 0.566101 0.729045
1.906627 -8.959675 138.750911 16.790432 0.660331 -0.736715 0.145650 -0.594645 -0.394491 0.700552 0.458650 0.549207 0.698579
1.348396 -8.641647 111.766557 24.813052 0.703202 -0.706315 0.081397 -0.568684 -0.490043 0.660648 0.426738 0.510858 0.746270
-0.001933 -9.466524 77.468768 87.320557 0.730024 -0.682004 0.043987 -0.480782 -0.466759 0.742283 0.485709 0.563033 0.668641
-0.277092 -9.512322 95.536006 60.274141 0.704699 -0.706481 0.065449 -0.461597 -0.386461 0.798484 0.538821 0.592902 0.598448
1.898948 -6.602338 48.293884 57.135455 -0.724958 0.600288 0.337773 -0.113069 -0.587447 0.801325 -0.679449 -0.542735 -0.493748
1.533145 -7.653012 36.005046 68.232927 -0.715466 0.622074 0.318012 -0.149047 -0.580609 0.800424 -0.682563 -0.525278 -0.508124
1.796455 -5.337705 33.125495 -214.291037 -0.728926 0.559986 0.393807 -0.000621 0.574701 -0.818363 -0.684593 -0.596770 -0.418567
2.369064 -1.098896 61.264815 -341.644770 -0.696045 0.403830 0.593669 -0.259612 0.629346 -0.732479 -0.669420 -0.663962 -0.333213
2.268419 -3.920943 41.882457 -198.877278 -0.740635 0.506509 0.441485 -0.064873 0.600086 -0.797301 -0.668769 -0.619149 -0.411586
1.587764 -1.918155 47.798635 -342.142032 -0.697657 0.491441 0.521307 -0.175447 0.588292 -0.789387 -0.694618 -0.642183 -0.324204
0.294531 -10.410973 172.441930 95.704801 0.870610 -0.490571 -0.037120 -0.471510 -0.810486 -0.347549 -0.140412 -0.320082 0.936927
8.823602 -10.961970 823.906909 90.723546 0.853908 -0.516870 -0.060728 -0.512543 -0.814999 -0.270326 -0.090230 -0.261959 0.960852
0.502530 -11.076924 168.325203 -8.605502 0.864775 -0.500456 -0.041340 -0.500572 -0.852572 -0.150158 -0.039903 -0.150547 0.987797
-0.330937 -9.068685 11.232284 -111.859884 0.831479 -0.534489 -0.151538 0.536750 0.702503 0.467322 0.143323 0.469906 -0.871003
-0.767669 -10.159114 16.975385 -81.411193 0.822627 -0.544709 -0.163027 0.527608 0.624421 0.575959 0.211932 0.559814 -0.801057
-0.643832 -9.705011 -22.500565 -130.649934 0.791853 -0.577544 -0.198522 0.592161 0.646591 0.480902 0.149379 0.498361 -0.854004
-0.550734 -9.348962 13.054097 -79.992781 0.846669 -0.510677 -0.149536 0.509541 0.697077 0.504432 0.153364 0.503281 -0.850404
-0.193209 -8.194598 24.379859 -88.355393 0.842352 -0.518901 -0.145552 0.528336 0.741828 0.412980 0.106321 0.424775 -0.899034
-1.222466 -10.566508 -3.613604 -39.736705 0.807914 -0.529132 -0.259412 0.377843 0.127312 0.917075 0.452227 0.838934 -0.302787
-1.437850 -11.251782 -10.508781 -29.774783 0.800188 -0.535420 -0.270232 0.351593 0.053751 0.934609 0.485883 0.842874 -0.231261
-1.148812 -9.687042 3.073305 -126.275504 0.794918 -0.539550 -0.277475 0.443310 0.204282 0.872780 0.414225 0.816796 -0.401575
-1.351285 -9.518420 5.458497 -130.280681 0.793263 -0.544232 -0.273030 0.479189 0.281365 0.831392 0.375649 0.790345 -0.483986
-1.105870 -9.332433 9.475250 -157.709287 0.797510 -0.538240 -0.272534 0.483779 0.300633 0.821935 0.360466 0.787348 -0.500147
-0.448690 -39.179493 -15.487021 -221.819691 -0.519454 0.843047 0.139425 0.517941 0.180863 0.836077 -0.679636 -0.506518 0.530599
-0.554634 -36.005283 54.867788 -332.018179 -0.513711 0.846456 0.140050 0.476006 0.145381 0.867342 -0.713806 -0.512228 0.477602
-0.287646 -39.456069 5.678593 -91.345689 -0.513243 0.848016 0.132100 0.698604 0.323390 0.638256 -0.498532 -0.419866 0.758405
-0.590789 -39.115121 113.430090 -218.292801 -0.520607 0.846704 0.109823 0.676719 0.330775 0.657754 -0.520596 -0.416750 0.745184
-0.352294 -39.883566 -32.654605 359.365383 -0.505615 0.853575 0.125555 0.757910 0.369909 0.537345 -0.412220 -0.366849 0.833964
0.052313 -37.194750 65.072378 300.055062 0.519338 -0.843238 -0.138702 0.821593 0.448025 0.352504 -0.235103 -0.297025 0.925474
-4.896939 -17.460043 -95.977084 -98.850566 0.874863 -0.467650 -0.126168 0.471242 0.761533 0.444970 0.112009 0.448744 -0.886613
-5.667689 -16.118702 -88.948371 -158.595884 0.860741 -0.493813 -0.123585 0.508987 0.831285 0.223377 0.007572 0.255172 -0.966866
-4.145888 -16.676591 -98.360977 -137.278521 0.857203 -0.482937 -0.178816 0.514921 0.798570 0.311677 0.007723 0.359246 -0.933211
-10.195344 -26.523877 -24.013099 1024.679922 -0.039111 0.959647 0.278474 0.853998 -0.112592 0.507947 -0.518804 -0.257682 0.815133
-5.513032 -29.634047 -357.086128 -1346.606779 0.825884 -0.542848 0.152419 0.398793 0.753484 0.522711 -0.398598 -0.370915 0.838774
-1.748466 -50.969620 456.788480 -194.025147 -0.632393 0.774645 -0.001915 0.755444 0.617261 0.219757 -0.171416 -0.137526 0.975553
0.055400 -43.699691 132.525325 5914.024837 -0.290285 0.892680 0.344756 0.530301 -0.149828 0.834465 -0.796565 -0.425057 0.429897
-67.641568 -413.029355 3214.576065 -16777.141925 0.691739 0.414744 0.591172 -0.302638 -0.576783 0.758770 -0.655674 0.703782 0.273466
-6.038714 -112.363395 1142.230811 -5579.181323 -0.679716 0.729313 -0.078034 0.633385 0.637281 0.438972 -0.369878 -0.248950 0.895106
-1.618544 -69.048645 217.980816 -3669.860822 0.931847 -0.295543 -0.210511 -0.326689 -0.430877 -0.841201 -0.157907 -0.852643 0.498062
15.674579 -435.415020 41.102565 -33888.883502 0.921286 -0.344074 -0.181233 -0.174658 0.050294 -0.983344 -0.347458 -0.937594 0.013760
11.998427 -430.965964 -188.679752 -30924.883727 0.941673 -0.309425 -0.132322 -0.183458 -0.142370 -0.972663 -0.282127 -0.940206 0.190832
0.831745 -45.946748 33.279857 -2898.699445 0.931756 -0.311776 -0.186079 -0.349969 -0.634693 -0.688975 -0.096703 -0.707078 0.700492
-7.458278 -56.488138 597.494746 -3308.750362 0.950087 -0.229488 -0.211354 -0.311514 -0.660533 -0.683121 -0.017162 -0.714864 0.699053
1.952393 -61.737656 25.343331 -3575.330089 0.931078 -0.323529 -0.168587 -0.326659 -0.533570 -0.780126 -0.162440 -0.781429 0.602479
-11.140339 -15.171383 -255.343419 -155.955088 -0.596912 0.762875 0.248431 0.175398 0.426237 -0.887444 0.782900 0.486152 0.388233
-11.201975 -15.787022 50.287779 -139.039821 0.700811 -0.523999 -0.484035 -0.090631 0.607637 -0.789027 0.707566 0.596827 0.378348
-6.895103 -12.981527 -120.099854 -73.870165 0.161385 0.964520 -0.208941 0.180085 -0.236943 -0.954687 0.970322 -0.116445 0.211935
8.106995 -5.978431 729.941042 -42.967157 0.454818 -0.313215 -0.833689 0.071777 0.945961 -0.316237 0.887687 0.083991 0.452722
12.271500 -6.965935 579.932302 -18.805460 0.580012 -0.233503 -0.780425 0.062512 0.967970 -0.243158 0.812206 0.092248 0.576031
12.198206 -6.988316 700.983153 -77.728023 0.544537 -0.327149 -0.772304 0.070475 0.935384 -0.346539 0.835771 0.134275 0.532407
7.158841 -6.407995 702.642883 -72.993858 0.461625 -0.434533 -0.773358 0.083052 0.889149 -0.450019 0.883179 0.143511 0.446543
12.805420 -7.726921 543.298829 -23.145522 0.617431 -0.417374 -0.666767 0.059658 0.870034 -0.489369 0.784360 0.262373 0.562085
-2.168626 -3.172265 98.351992 44.794070 0.507058 0.401150 -0.762870 0.800682 -0.546872 0.244621 -0.319063 -0.734853 -0.598489
-0.646555 -3.481573 52.982533 57.345457 0.295480 0.531710 -0.793710 0.891007 -0.453116 0.028156 -0.344672 -0.715521 -0.607644
-1.023436 -8.207301 -44.759502 49.751141 0.764027 -0.624104 -0.163578 0.394302 0.652354 -0.647272 0.510675 0.430034 0.744501
-0.662365 -8.387391 -27.672775 -26.883319 0.745826 -0.647405 -0.156877 0.473876 0.681152 -0.558098 0.468172 0.341904 0.814811
-1.531873 -7.245412 20.429806 97.624245 -0.747588 0.644696 0.159623 0.357309 0.592995 -0.721587 0.559860 0.482415 0.673671
0.731996 -15.917202 47.513580 93.101613 -0.801117 0.483903 0.352206 0.161555 0.741467 -0.651250 -0.576291 -0.464827 -0.672179
0.915457 -14.776419 29.283209 -52.374343 -0.809786 0.456494 0.368592 0.284933 0.855135 -0.433078 -0.512894 -0.245676 -0.822547
0.593659 -14.795544 41.347847 -28.042818 -0.809840 0.442868 0.384743 0.291152 0.872774 -0.391785 -0.509303 -0.205265 -0.835749
0.976041 -15.225098 32.943121 -13.258940 -0.807479 0.469059 0.357716 0.245246 0.818453 -0.519604 -0.536499 -0.331841 -0.775919
2.042551 -14.761234 -28.872489 390.127203 0.983180 -0.037522 -0.178743 -0.096919 -0.936691 -0.336478 0.154801 -0.348142 0.924572
2.589243 -19.930594 -44.064757 625.782640 0.987614 0.002278 -0.156887 -0.026497 -0.983112 -0.181075 0.154650 -0.182990 0.970875
3.128995 -21.488944 71.541251 -424.204455 0.972346 -0.035233 -0.230870 0.056894 0.994508 0.087847 0.226507 -0.098553 0.969011
-1.242573 -7.851714 -22.345234 176.163861 0.969747 -0.176464 -0.168676 0.216706 0.304199 0.927632 0.112382 0.936121 -0.333237
-1.090384 -10.065114 -7.744110 287.343587 0.967566 -0.188533 -0.168140 0.224518 0.336707 0.914451 0.115790 0.922542 -0.368116
-1.077420 -11.005635 -0.909412 414.869322 0.972013 -0.177476 -0.153924 0.207857 0.344363 0.915538 0.109481 0.921909 -0.371615
-1.266780 -8.911285 12.117852 -36.969659 0.946278 -0.217293 -0.239460 0.296460 0.287324 0.910800 0.129108 0.932860 -0.336307
-1.425186 -8.628340 -2.998595 111.430289 0.969890 -0.166165 -0.178050 0.218465 0.270495 0.937606 0.107636 0.948273 -0.298652
-1.636605 -7.936663 -37.740187 -181.989941 0.939625 -0.189455 -0.284975 0.328661 0.267651 0.905729 0.095321 0.944706 -0.313759
1.850374 -10.843729 90.608683 -32.520230 0.962238 -0.160159 -0.220108 0.264153 0.354117 0.897120 0.065738 0.921385 -0.383051
8.349936 -10.053404 641.112575 -45.340543 0.929434 -0.184201 -0.319723 0.367509 0.384590 0.846775 0.033015 0.904522 -0.425146
10.546056 -10.565719 604.286130 -65.818193 0.918836 -0.136330 -0.370344 0.394619 0.307851 0.865739 0.004015 0.941617 -0.336663
-2.539609 -4.476636 -4.777052 -86.551179 0.745037 -0.577487 -0.333810 0.091044 0.583804 -0.806774 0.660781 0.570685 0.487532
-0.739505 -6.255079 -76.299733 -25.320705 0.745791 -0.642888 -0.174614 -0.658792 -0.672807 -0.336635 -0.098937 -0.366094 0.925304
-1.078307 -6.432343 -93.771047 47.915834 0.662624 -0.713896 -0.226455 0.732801 0.555535 0.392915 -0.154697 -0.426302 0.891255
52.366217 3.453650 2576.069282 266.340476 0.262415 -0.613117 0.745135 0.148098 0.788638 0.596756 -0.953523 -0.046244 0.297752
33.994307 0.071499 1602.661092 370.989281 0.249947 -0.638441 0.727956 0.113647 0.765967 0.632756 -0.961567 -0.075426 0.264008
32.437727 4.204725 11.545095 481.732198 -0.174695 -0.581376 0.794659 0.195259 0.770585 0.606689 -0.965068 0.261150 -0.021098
21.617317 -2.637833 -120.558311 346.927901 -0.210164 -0.582195 0.785417 0.086071 0.789222 0.608046 -0.973870 0.195391 -0.115756
0.958251 -37.065389 -71.681005 480.419934 0.619140 -0.557661 -0.552883 -0.073864 0.659580 -0.747996 0.781799 0.503953 0.367181
-0.142860 -38.535905 -63.145306 434.364294 0.640404 -0.584343 -0.498424 0.234360 0.766681 -0.597725 0.731409 0.265975 0.627932
-0.136517 -34.748007 -63.480726 488.164350 0.631368 -0.556544 -0.540031 -0.058444 0.660250 -0.748768 0.773278 0.504310 0.384334
1.248997 -60.527424 38.840520 -774.990357 0.524575 -0.629888 -0.572767 0.386324 0.775626 -0.499158 0.758666 0.040572 0.650215
1.195047 -63.736753 20.141903 1022.602113 0.529087 -0.622221 -0.576981 0.012391 0.685540 -0.727929 0.848477 0.377988 0.370420
1.551916 -62.934531 -69.869692 1778.777631 -0.529081 0.586914 0.612867 -0.302793 0.544113 -0.782469 0.792711 0.599561 0.110166
-4.890820 -5.710363 -92.712287 -27.414794 0.723689 -0.471079 0.504339 0.622859 0.131139 -0.771265 -0.297188 -0.872289 -0.388319
-4.806107 -6.247245 -66.125140 -44.304754 0.962793 -0.268312 -0.032227 0.098918 0.460878 -0.881934 -0.251486 -0.845932 -0.470271
1.244786 -78.950842 -51.130901 -2807.848292 0.555609 -0.614057 -0.560565 0.649062 0.741693 -0.169146 0.519632 -0.269862 0.810652
1.250297 -57.346997 -75.603470 -733.481215 0.529495 -0.674328 -0.514701 0.807593 0.586416 0.062523 0.259668 -0.448774 0.855087
1.325788 -61.222013 61.938339 -907.402021 0.518208 -0.648546 -0.557538 0.645787 0.724121 -0.242090 0.560732 -0.234597 0.794068
1.911748 -8.173124 32.711345 -205.568502 0.650933 -0.750516 -0.114073 0.746578 0.605678 0.275273 -0.137505 -0.264349 0.954574
1.942006 -4.303401 14.793498 58.822981 0.803373 -0.481196 -0.350775 -0.503614 -0.234714 -0.831434 -0.317750 -0.844606 0.430900
0.816012 -11.048528 73.500615 -7.755536 0.858118 -0.420844 -0.294149 0.018512 0.597871 -0.801378 -0.513118 -0.682232 -0.520835
3.078270 -6.833834 159.026087 46.361790 0.881030 -0.223003 -0.417200 0.232208 0.972224 -0.029306 0.412147 -0.071058 0.908342
4.153692 -6.103972 102.173403 54.182301 0.891549 -0.256210 -0.373492 0.259298 0.964844 -0.042908 0.371354 -0.058591 0.926641
1.645812 -7.123742 128.104500 54.555726 0.883503 -0.177492 -0.433496 0.173582 0.983602 -0.048955 0.435076 -0.031995 0.899825
-13.318466 -45.534054 -1253.502023 -2840.774275 0.170670 0.549974 -0.817558 0.209509 0.790502 0.575510 0.962797 -0.269508 0.019690
-109.638829 -330.150434 5531.118905 -22480.352062 0.090471 -0.031158 -0.995412 0.273045 0.961987 -0.005295 0.957738 -0.271313 0.095539
-1.511107 -21.509086 -624.179559 -1105.752528 0.203198 0.343423 -0.916936 0.311301 0.865223 0.393041 0.928333 -0.365308 0.068903
-0.907565 -32.573248 -104.262534 -2038.262046 0.160777 0.694794 0.701008 0.295664 0.643728 -0.705831 0.941666 -0.320744 0.101929
2.032398 -31.202922 201.683144 -880.720013 0.578771 0.457093 0.675344 0.592066 0.333961 -0.733436 -0.560787 0.824340 -0.077342
-1.480270 -4.809921 -42.233830 70.965711 0.801831 -0.571098 -0.175825 -0.191899 -0.524760 0.829338 0.565899 0.631248 0.530362
-1.082998 -4.908525 -50.076184 -75.508790 0.829031 -0.503466 -0.243370 -0.131840 -0.598915 0.789885 0.543439 0.622754 0.562896
-1.722512 -4.902181 -43.569098 -72.217058 0.811426 -0.531535 -0.243022 -0.147126 -0.588184 0.795232 0.565635 0.609517 0.555470
-6.610779 -11.941351 7.695752 54.175421 0.444722 0.892958 -0.069628 -0.591689 0.234540 -0.771294 0.672403 -0.384210 -0.632659
-7.091502 -11.589876 33.682532 18.564683 0.511203 0.852117 -0.112106 -0.610137 0.267939 -0.745615 0.605314 -0.449560 -0.656879
-6.572068 -11.349245 5.006913 5.584862 0.486793 0.870685 -0.070282 -0.648834 0.306540 -0.696453 0.584848 -0.384630 -0.714152
-6.522632 -11.795230 6.055978 31.338350 0.432358 0.901685 0.005637 -0.656711 0.319164 -0.683275 0.617898 -0.291717 -0.730139
-0.090039 -3.451820 9.267336 -28.528600 -0.339893 0.800848 -0.493067 0.233202 -0.436137 -0.869138 0.911093 0.410398 0.038519
-0.070274 -4.030181 101.978774 -26.813578 -0.311677 0.675834 -0.667912 0.246522 -0.621341 -0.743749 0.917652 0.396464 -0.027049
0.851295 -3.021335 96.869441 25.667927 -0.252880 0.582930 -0.772169 -0.280735 0.719561 0.635153 0.925872 0.377392 -0.018314
-0.071469 -2.388424 -24.596982 -5.998359 -0.294576 0.730889 -0.615651 0.262179 -0.557706 -0.787545 0.918960 0.393403 0.027337
1.427569 -2.596660 161.099428 14.206376 -0.152852 0.374097 -0.914706 -0.347389 0.846173 0.404119 0.925180 0.379529 0.000617
2.926735 -3.385680 136.371785 21.401092 -0.167710 0.434754 -0.884795 -0.298178 0.833099 0.465871 0.939661 0.341957 -0.010085
-3.207869 -6.483916 -22.939942 -16.117353 0.909491 -0.397213 0.122670 0.322310 0.487362 -0.811538 -0.262569 -0.777624 -0.571278
-2.785304 -5.894169 7.299164 -74.049153 0.839122 -0.448904 0.307178 0.484137 0.358932 -0.797985 -0.247962 -0.818323 -0.518519
-2.434552 -5.737350 64.753810 -87.455728 0.718595 -0.486646 0.496787 0.660634 0.254563 -0.706230 -0.217220 -0.835688 -0.504422
-2.773770 -6.879440 -65.263276 -85.031420 -0.666309 0.502520 -0.550914 0.730209 0.290025 -0.618611 -0.151086 -0.814468 -0.560191
-1.916201 -3.890562 -129.868205 -86.617508 0.823856 -0.369421 0.429872 -0.345349 0.274214 0.897519 0.449440 0.887882 -0.098334
-3.046727 -4.100750 -46.155718 -123.848796 0.844519 -0.452088 0.287061 -0.204106 0.223854 0.953011 0.495104 0.863427 -0.096775
-2.238850 -3.111692 -64.394263 -93.274161 0.695411 -0.295690 0.654959 -0.526729 0.410256 0.744477 0.488836 0.862703 -0.129548
-0.281580 -8.342426 -328.500383 17.593309 0.862706 -0.457418 -0.215655 0.396478 0.347072 0.849910 0.313916 0.818725 -0.480777
2.698566 -8.786582 -302.725212 9.764120 0.847333 -0.488135 -0.209169 0.432582 0.405937 0.805039 0.308058 0.772619 -0.555122
3.140315 -8.210733 -328.913357 34.478609 0.863774 -0.470146 -0.181269 0.360532 0.325342 0.874168 0.352012 0.820436 -0.450525
5.064070 -8.755315 -173.172144 42.192656 0.833263 -0.532795 -0.147654 0.381708 0.361193 0.850787 0.399964 0.765290 -0.504341
0.043361 -7.427700 -288.488580 71.233208 0.865233 -0.464296 -0.189213 0.336313 0.257577 0.905841 0.371841 0.847398 -0.379013
3.714105 -7.333418 -326.907397 99.391693 0.873988 -0.463923 -0.144639 0.284116 0.246358 0.926599 0.394238 0.850931 -0.347122
5.683536 -8.308351 -122.281774 85.043052 0.823110 -0.559240 -0.098694 0.310049 0.296954 0.903154 0.475773 0.773995 -0.417818
-2.645754 -19.221936 -72.779946 36.295878 -0.936686 0.347844 0.040292 0.346821 0.937441 -0.030317 -0.048317 -0.014423 -0.998728
-3.004956 -18.822280 -25.277595 70.457634 -0.932792 0.346243 0.100077 0.344181 0.938144 -0.037742 -0.106955 -0.000761 -0.994264
-2.667866 -17.818586 28.670793 62.020875 0.927932 -0.365343 -0.073937 0.371970 0.920410 0.120345 -0.024085 0.139175 -0.989975
6.965954 -9.373538 252.325433 -5.833350 0.626468 -0.741176 0.241237 0.727658 0.445195 -0.521839 0.279377 0.502453 0.818223
9.087235 -9.882022 200.061641 16.772722 0.540737 -0.731819 0.414782 0.798355 0.291127 -0.527139 0.265016 0.616187 0.741674
5.586161 -9.259772 142.687824 68.903422 0.541939 -0.750176 0.378863 0.737128 0.207767 -0.643020 0.403663 0.627748 0.665573
1.232679 -9.293141 15.465045 27.065114 -0.714901 0.614016 0.334516 0.293090 0.697496 -0.653910 -0.634835 -0.369437 -0.678602
0.744564 -9.158877 28.943103 -6.700253 -0.704465 0.615787 0.352897 0.183696 0.638473 -0.747401 -0.685555 -0.461692 -0.562899
1.169048 -9.066514 12.028138 -23.236155 -0.710192 0.627664 0.318850 0.230997 0.635589 -0.736659 -0.665032 -0.449516 -0.596379
1.486901 -8.766198 12.797787 49.323698 -0.705864 0.650978 0.279255 -0.247262 -0.595876 0.764063 -0.663790 -0.470276 -0.581570
1.588817 -9.431056 26.483108 7.012910 -0.696480 0.664386 0.271123 -0.340386 -0.638507 0.690251 -0.631707 -0.388460 -0.670854
40.777211 -4.538554 2509.640974 448.633939 0.753366 -0.588085 0.294271 -0.014965 -0.462709 -0.886384 -0.657431 -0.663368 0.357390
11.788035 -8.152410 512.515233 -37.561748 0.716613 -0.691152 -0.093676 -0.268767 -0.149706 -0.951500 -0.643607 -0.707034 0.293040
14.714131 -5.577797 -464.717441 208.196823 -0.625506 0.778596 0.050306 0.284798 0.167821 0.943783 -0.726383 -0.604669 0.326716
30.644462 0.072018 -1749.651311 1.021624 -0.602268 0.727826 -0.327936 0.145355 0.503911 0.851438 -0.784949 -0.465127 0.409283
53.128794 -1.701667 -3064.749603 -407.247670 -0.679442 0.639811 -0.359165 0.042409 0.522933 0.851318 -0.732502 -0.563190 0.382437
13.726090 -4.784662 -198.114119 257.377147 -0.484677 0.874692 -0.000970 0.270500 0.150942 0.950813 -0.831816 -0.460575 0.309763
11.144906 -9.341092 -131.427918 81.987624 -0.503544 0.823199 0.262272 0.267208 -0.140296 0.953371 -0.821610 -0.550146 0.149320
-1.127853 -11.455027 -39.548690 -89.597123 0.795067 -0.568512 -0.211336 0.550115 0.529194 0.646008 0.255426 0.629879 -0.733492
-1.157199 -11.153165 17.724161 -69.556276 0.815154 -0.551406 -0.177413 0.505263 0.527095 0.683286 0.283255 0.646624 -0.708269
-0.744448 -10.135702 -1.844003 -24.065215 0.842460 -0.513794 -0.162101 0.486166 0.595333 0.639704 0.232172 0.617733 -0.751334
-1.593384 -12.090392 6.840507 -95.427944 0.807697 -0.538390 -0.240337 0.271974 -0.021448 0.962065 0.523121 0.842423 -0.129105
-1.691343 -11.968465 8.606176 -59.323784 0.791545 -0.553662 -0.258678 0.282527 -0.043795 0.958259 0.541880 0.831589 -0.121759
-1.401341 -12.025694 -10.684034 -73.068324 0.819768 -0.522231 -0.235065 0.294860 0.033006 0.954970 0.490956 0.852165 -0.181042
-0.467792 -35.634170 36.150365 -528.628584 -0.506153 0.850823 0.141103 0.230850 -0.023982 0.972694 -0.830974 -0.524905 0.184274
-0.840457 -31.971726 52.709286 -508.793539 -0.520543 0.842389 0.139341 0.217641 -0.026897 0.975658 -0.825632 -0.538198 0.169338
-1.477135 -34.979308 109.281711 -672.138797 -0.523060 0.842776 0.127036 0.424406 0.128294 0.896337 -0.739113 -0.522752 0.424785
-1.957603 -37.702962 57.746172 -861.303002 -0.607603 0.757882 0.237557 -0.021603 0.283219 -0.958812 0.793947 0.587709 0.155712
-1.692975 -31.536987 79.534665 -744.239361 -0.622665 0.747568 0.231149 0.198683 0.436768 -0.877359 0.756844 0.500376 0.420489
-2.100141 -30.902451 24.827978 -916.204054 -0.588095 0.765666 0.260577 0.226792 0.465369 -0.855568 0.776344 0.444059 0.447328
-2.225699 -34.452683 26.334238 -999.050364 -0.577424 0.782805 0.231941 0.185203 0.402268 -0.896594 0.795161 0.474759 0.377257
-5.222190 -18.774069 -88.506849 -30.436110 0.880922 -0.467509 -0.073562 0.362195 0.565942 0.740625 0.304617 0.679076 -0.667880
-6.315941 -18.490523 -62.693550 -31.630130 0.867398 -0.497603 0.003480 0.366418 0.643423 0.672119 0.336688 0.581720 -0.740435
-5.684926 -17.959939 -88.223682 -70.090322 0.877171 -0.474280 -0.075031 0.427165 0.699373 0.573069 0.219320 0.534730 -0.816065
-6.698168 -17.679611 -59.048950 -79.558952 0.863775 -0.503687 0.013889 0.431913 0.754323 0.494418 0.259508 0.421067 -0.869113
7.298233 -146.557303 -44.124025 7425.616585 -0.596944 0.724972 0.343618 0.179085 -0.297085 0.937907 -0.782040 -0.621414 -0.047511
4.955114 -109.939347 529.793148 -4499.338681 0.767967 -0.588950 -0.251723 -0.084474 0.296447 -0.951306 -0.634895 -0.751836 -0.177910
12.178183 -252.495998 -76.395630 7199.738097 -0.593619 0.771394 0.229276 -0.398188 -0.529134 0.749308 -0.699330 -0.353508 -0.621264
5.318465 -133.595877 304.988534 4841.554690 -0.517865 0.793995 0.318415 -0.209044 -0.478385 0.852906 -0.829527 -0.375128 -0.413719
