13546
27072
-6.901618 -9.272076 -55.765533 208.214342 0.111219 0.911285 0.396472 -0.501867 0.395841 -0.769051 0.857765 0.113443 -0.501369
-7.789142 -9.817343 21.858031 162.437421 -0.117647 0.977835 0.173197 -0.414145 0.110205 -0.903515 0.902576 0.178025 -0.392000
-6.268922 -12.765674 -75.257789 251.766495 0.087374 0.909096 0.407320 -0.340640 0.411502 -0.845358 0.936125 0.064887 -0.345629
-6.118580 -8.064330 36.138734 62.016687 -0.441076 0.773207 -0.455633 -0.255809 -0.594941 -0.761976 0.860240 0.219534 -0.460208
-4.547032 -12.001068 -143.618592 341.886448 0.190912 0.914669 0.356277 -0.449596 0.404122 -0.796586 0.872592 0.008103 -0.488383
-4.074882 -8.487708 -142.316514 300.852869 0.163091 0.948766 0.270636 -0.554268 0.315039 -0.770414 0.816203 0.024358 -0.577251
-4.426467 -6.189289 -63.504405 93.829422 -0.105219 0.992552 -0.061403 -0.578719 -0.111329 -0.807892 0.808711 0.049471 -0.586122
-5.425510 -6.919045 41.905074 -61.832820 -0.506945 0.627637 -0.590829 0.235066 0.760116 0.605779 0.829307 0.168212 -0.532873
1.057182 -7.053687 189.827155 -385.691809 -0.045010 0.967454 -0.249013 -0.052379 -0.251209 -0.966515 0.997612 0.030460 -0.061981
-1.067029 -5.822373 33.768308 -279.165014 -0.037029 0.812780 -0.581392 -0.051863 -0.582570 -0.811124 0.997968 -0.000118 -0.063725
-1.683537 -8.983748 52.671654 -180.914327 0.012127 0.954148 -0.299088 -0.285355 -0.283370 -0.915573 0.958345 -0.096450 -0.268835
-1.129136 -10.718705 59.147603 54.416873 0.031497 0.990672 -0.132577 -0.454148 -0.103974 -0.884838 0.890369 -0.088080 -0.446637
-0.528906 -10.189500 126.868045 -260.581694 -0.025763 0.983425 -0.179476 -0.247283 -0.180225 -0.952035 0.968601 -0.019854 -0.247828
-8.066714 -11.058050 -25.132368 32.061589 0.657955 -0.729176 0.188143 -0.388674 -0.114831 0.914192 0.645002 0.674624 0.358965
-7.858387 -11.256132 -31.041375 1.258962 0.673634 -0.709224 0.207892 -0.278735 0.016718 0.960222 0.684489 0.704785 0.186424
-7.374313 -11.188744 -51.360649 21.791652 0.752677 -0.598397 0.274588 -0.396818 -0.079512 0.914447 0.525369 0.797245 0.297301
-7.918943 -11.218774 -17.883084 -39.998317 -0.565983 0.819014 -0.094235 0.261669 0.070071 -0.962611 0.781788 0.569479 0.253969
-7.921208 -10.872254 -42.091847 42.784823 0.678357 -0.690950 0.249840 -0.510801 -0.199084 0.836330 0.528123 0.694949 0.487988
-7.889522 -10.632082 -25.704371 -32.281278 -0.516656 0.839292 -0.169282 0.427618 0.081656 -0.900264 0.741761 0.537514 0.401084
-7.986751 -10.530254 -5.502219 -17.183992 -0.509209 0.820612 -0.259427 0.574471 0.099630 -0.812439 0.640850 0.562734 0.522151
-3.206746 -6.501587 -165.253765 -17.795525 -0.058286 0.843576 -0.533837 -0.324729 -0.521686 -0.788920 0.944010 -0.127369 -0.304340
-1.585867 -6.268127 -226.221755 -20.171652 0.014508 0.855574 -0.517478 -0.286345 -0.492302 -0.821977 0.958017 -0.160102 -0.237847
-1.059836 -6.598915 -203.650376 -6.360756 0.006141 0.874307 -0.485334 -0.401958 -0.442249 -0.801777 0.915637 -0.200008 -0.348719
-3.057624 -6.917841 -189.538683 -15.710062 -0.045857 0.844164 -0.534120 -0.453617 -0.493974 -0.741769 0.890016 -0.208270 -0.405579
5.723869 -9.129051 -4.057683 25.428054 0.461715 0.763008 0.452370 -0.773130 0.596170 -0.216452 0.434844 0.249801 -0.865165
5.155438 -10.682080 -69.577356 32.083274 0.515348 0.795456 0.318851 -0.768811 0.593511 -0.238064 0.378611 0.122450 -0.917420
5.744456 -9.462824 -92.997007 4.435502 0.463897 0.812983 0.351935 -0.739401 0.574136 -0.351645 0.487940 0.097095 -0.867460
5.552958 -9.867168 -2.563377 9.885594 0.532974 0.740216 0.409902 -0.783881 0.614332 -0.090144 0.318542 0.273270 -0.907664
-1.283283 -6.035053 0.110713 11.322647 -0.180940 0.947924 -0.262108 -0.594007 -0.317738 -0.739052 0.783847 -0.021969 -0.620565
-0.952004 -5.629468 4.277587 35.385691 -0.212615 0.933638 -0.288297 -0.669824 -0.354072 -0.652663 0.711429 -0.054343 -0.700654
-1.223556 -5.934228 14.963244 2.326745 -0.235769 0.929134 -0.284820 -0.559825 -0.369421 -0.741704 0.794361 0.015422 -0.607251
-1.510646 -5.817155 9.788460 -23.801789 -0.203994 0.944547 -0.257330 -0.478255 -0.325507 -0.815670 0.854201 0.043322 -0.518136
-1.165680 -5.577293 35.191515 -26.264544 -0.247688 0.931274 -0.267168 -0.448600 -0.354658 -0.820351 0.858725 0.083339 -0.505614
-0.813283 -5.776784 35.007771 -6.153822 -0.273781 0.914660 -0.297390 -0.525358 -0.401219 -0.750348 0.805632 0.049194 -0.590370
1.369610 -10.105433 -23.900658 59.364979 -0.042994 0.994136 -0.099225 -0.589187 0.054979 0.806124 -0.806852 -0.093121 -0.583368
1.220449 -10.890476 -28.322108 2.656499 -0.066798 0.994020 -0.086380 -0.475230 0.044426 0.878739 -0.877322 -0.099748 -0.469421
0.853667 -9.830919 -25.558298 16.289058 -0.062028 0.991354 -0.115624 -0.594778 0.056314 0.801915 -0.801493 -0.118512 -0.586143
0.989158 -9.361091 -22.589627 -44.475825 -0.029183 0.991429 -0.127342 -0.744394 0.063467 0.664718 -0.667103 -0.114191 -0.736162
0.592884 -25.498425 -8.025924 -47.294577 0.091453 0.971393 -0.219162 -0.565033 -0.130606 -0.814665 0.819984 -0.198337 -0.536925
0.812265 -23.859926 -8.457929 -256.673604 0.102206 0.975230 -0.196164 -0.300016 -0.157795 -0.940793 0.948443 -0.155007 -0.276457
0.815932 -27.821882 -6.191837 -25.646240 0.049430 0.974052 -0.220861 -0.565994 -0.154879 -0.809730 0.822926 -0.165031 -0.543652
0.468348 -21.990616 -15.231424 -308.253011 0.141336 0.969862 -0.198475 -0.286333 -0.151869 -0.946018 0.947648 -0.190536 -0.256239
0.473799 -26.218059 -5.771054 111.865880 0.033295 0.971729 -0.233738 -0.786980 -0.118672 -0.605458 0.616080 -0.204106 -0.760780
-0.298896 -6.196740 -142.155031 26.371376 0.217961 0.961657 -0.166461 -0.592369 -0.005195 -0.805650 0.775624 -0.274207 -0.568523
0.363009 -5.323189 -117.216386 34.029232 0.292234 0.954920 -0.052220 -0.635567 0.153122 -0.756709 0.714600 -0.254325 -0.651663
-1.751614 -6.730404 -135.023486 33.196420 0.214902 0.966623 -0.139487 -0.605278 0.019735 -0.795769 0.766456 -0.255441 -0.589317
1.044975 -5.424686 -91.839169 36.070884 0.216697 0.967297 -0.131828 -0.595530 0.023979 -0.802975 0.773555 -0.252510 -0.581250
3.054547 -4.097927 62.989085 -39.089145 0.360573 0.163891 0.918219 0.463620 0.822726 -0.328904 -0.809348 0.544299 0.220669
2.280674 -4.070320 42.144610 2.275231 0.394659 0.214713 0.893388 0.494120 0.770152 -0.403375 -0.774655 0.600636 0.197853
1.886498 -4.656266 106.465477 -29.881797 0.480464 0.255821 0.838874 0.436685 0.759724 -0.481795 -0.760566 0.597808 0.253307
0.518546 -20.404362 -33.063505 139.892630 0.040551 0.972619 0.228839 0.459325 -0.221538 0.860198 -0.887342 -0.070230 0.455732
-0.134558 -19.834387 -14.962922 44.382940 0.033305 0.976752 0.211772 0.422076 -0.205813 0.882889 -0.905948 -0.059979 0.419118
0.194539 -19.905969 -16.954492 88.279428 0.037609 0.979027 0.200231 0.255926 -0.203127 0.945114 -0.965965 -0.015700 0.258198
0.772903 -21.655665 -22.837422 159.292649 0.041922 0.977858 0.205026 0.428969 -0.202946 0.880226 -0.902346 -0.051049 0.427979
0.003692 -17.876915 -15.416835 -30.242794 0.028439 0.982699 0.183016 0.075465 -0.184678 0.979897 -0.996743 0.014056 0.079412
0.262372 -19.654488 -48.864285 -175.874343 0.011255 0.983827 0.178767 -0.076467 -0.177408 0.981162 -0.997009 0.024713 -0.073234
0.775123 -22.596725 -29.748087 -57.259457 0.039154 0.980127 0.194471 0.222850 -0.198283 0.954475 -0.974066 -0.005967 0.226185
-2.534237 -53.035194 -1.215522 -4174.266432 0.954171 -0.183358 -0.236512 0.135126 0.969138 -0.206186 0.267018 0.164777 0.949500
-2.782747 -18.295298 -60.871356 -704.970806 0.937025 -0.240670 -0.253105 0.202760 0.964907 -0.166859 0.284381 0.105031 0.952941
-2.645900 -61.076150 -40.529039 -5453.881673 0.953931 -0.144345 -0.263021 0.078549 0.966238 -0.245387 0.289562 0.213422 0.933062
0.625398 -34.319536 161.871033 480.001834 -0.039814 0.922466 0.384021 0.987380 -0.022637 0.156745 0.153285 0.385415 -0.909923
1.409167 -35.677203 140.166968 994.332403 0.023283 0.921757 0.387069 0.968492 -0.116823 0.219943 0.247952 0.369753 -0.895434
3.133392 -31.259648 247.039312 -342.683722 -0.029159 0.912326 0.408425 -0.915368 0.139775 -0.377578 0.401562 0.384869 -0.831038
-0.363567 -31.731493 59.628470 323.949754 0.006452 0.928533 0.371195 0.994881 0.031476 -0.096029 -0.100850 0.369914 -0.923576
1.246303 -34.783937 126.152560 616.830208 -0.089852 0.927149 0.363760 0.972622 0.003090 0.232371 0.214318 0.374681 -0.902043
-0.744642 -32.233320 -12.602250 271.146465 -0.073082 0.940061 0.333084 0.996199 0.084679 -0.020413 -0.047395 0.330326 -0.942676
4.651418 -7.508062 285.070573 -304.943022 0.081408 0.582055 0.809064 -0.308146 0.786686 -0.534950 -0.947850 -0.205760 0.243400
11.835608 -1.659214 1002.180911 -274.800334 0.330914 0.307551 0.892137 -0.305449 0.929413 -0.207103 -0.892859 -0.203969 0.401497
14.377666 -6.708693 -116.404443 -138.731479 -0.055841 0.497236 0.865816 -0.413891 0.777623 -0.473282 -0.908612 -0.384783 0.162378
4.155748 -7.014664 78.525570 -196.026792 -0.023802 0.409834 0.911849 -0.242031 0.882611 -0.403011 -0.969976 -0.230288 0.078185
-1.309437 -4.663696 47.521503 39.755278 -0.189673 0.901858 0.388170 -0.398352 0.290662 -0.869960 0.897407 0.319637 -0.304126
-0.902557 -4.077221 34.554495 47.563692 -0.198923 0.899323 0.389419 -0.433698 0.275549 -0.857892 0.878826 0.339545 -0.335222
-1.071329 -4.777410 43.347211 19.914793 -0.171776 0.878346 0.446097 -0.364390 0.364061 -0.857134 0.915267 0.309788 -0.257524
-1.983500 -5.013685 50.884977 36.226113 -0.165624 0.907377 0.386309 -0.379153 0.303024 -0.874311 0.910391 0.291277 -0.293846
2.631083 -3.259839 7.194437 6.693086 0.388134 0.890676 0.236744 -0.645508 0.446080 -0.619945 0.657777 -0.087802 -0.748077
2.466207 -3.454687 -56.275159 15.070628 0.422859 0.884461 0.197278 -0.659019 0.449569 -0.602978 0.622001 -0.124965 -0.772981
2.222199 -3.738985 -53.565389 20.803149 0.380767 0.913334 0.144349 -0.646377 0.374537 -0.664769 0.661221 -0.159818 -0.732970
2.346752 -3.381966 3.379393 14.865780 0.336623 0.925524 0.173465 -0.639699 0.359951 -0.679132 0.690992 -0.117645 -0.713225
1.930776 -4.133555 -53.564844 24.897873 0.317535 0.946245 0.061585 -0.641286 0.262133 -0.721137 0.698515 -0.189493 -0.690050
1.413639 -4.415524 -102.213778 38.195799 0.356895 0.932829 0.049555 -0.656443 0.288186 -0.697160 0.664612 -0.216283 -0.715201
2.503036 1.476726 -30.165677 -6.129810 0.175742 0.983740 0.037010 0.288014 -0.087331 0.953636 -0.941362 0.156935 0.298679
2.380009 1.004850 -33.849387 158.172553 -0.183131 0.755243 -0.629342 0.394908 0.642762 0.656434 -0.900284 0.128319 0.415961
2.904602 0.321648 -49.875724 149.505678 -0.009745 0.928300 -0.371705 0.405925 0.343389 0.846941 -0.913855 0.142630 0.380166
-8.114865 -11.288625 326.489625 -278.113099 0.252186 0.728084 0.637414 0.100176 0.635522 -0.765556 0.962480 -0.256916 -0.087333
-9.257427 -13.568774 190.276990 -381.820878 0.262794 0.886609 0.380609 -0.081563 0.413476 -0.906855 0.961398 -0.207272 -0.180974
-7.245954 -11.197026 210.204355 -212.000605 0.175875 0.821333 0.542661 -0.045040 0.557390 -0.829028 0.983382 -0.121364 -0.135024
-6.748799 -10.195182 -128.480254 -140.835506 -0.195489 -0.604590 -0.772176 0.150102 0.759645 -0.632779 0.969151 -0.239607 -0.057752
-6.100391 -10.252211 101.452598 -75.572442 0.150569 0.780505 0.606747 -0.014689 0.615442 -0.788045 0.988490 -0.109743 -0.104132
-5.837467 -11.085586 185.492293 -129.750962 0.064920 0.943957 0.323621 -0.209366 0.329971 -0.920481 0.975680 0.007998 -0.219054
-0.561331 -26.351699 -45.672530 -275.704138 -0.309840 0.950643 -0.016651 0.598739 0.181481 -0.780113 0.738587 0.251680 0.625417
-0.169408 -42.866829 23.255226 -1929.221360 -0.304284 0.937682 -0.167818 0.641213 0.071337 -0.764040 0.704455 0.340092 0.622960
-1.585410 -22.349027 44.908092 -261.524683 -0.287664 0.955685 -0.062572 0.775441 0.194069 -0.600857 0.562087 0.221366 0.796904
1.438449 -36.818780 14.317699 -1303.355481 -0.354519 0.933263 -0.057760 0.439347 0.111730 -0.891342 0.825403 0.341375 0.449637
-0.937513 -17.732793 -139.815667 -161.608318 -0.296000 0.952492 0.071716 0.758466 0.280013 -0.588492 0.580615 0.119799 0.805316
2.584796 -45.045207 -191.744964 -1736.454728 -0.323969 0.945369 0.036348 0.386579 0.167347 -0.906946 0.863482 0.279771 0.419676
0.808024 -25.685434 -225.912793 -434.266301 -0.338159 0.933606 0.118440 0.583941 0.306854 -0.751567 0.738011 0.184987 0.648937
-0.738837 -33.333998 -44.983469 1159.519504 0.778234 -0.298659 -0.552407 0.542591 0.762651 0.352078 -0.316142 0.573731 -0.755571
0.178047 -20.896266 -6.213564 528.999539 0.755414 -0.408301 -0.512484 0.633866 0.653526 0.413664 -0.166022 0.637334 -0.752491
-1.511775 -35.154538 -8.946662 1340.306667 0.813631 -0.283331 -0.507670 0.531123 0.717390 0.450843 -0.236460 0.636455 -0.734174
1.156621 -18.925330 -23.436112 294.316788 0.685145 -0.500262 -0.529446 0.679836 0.700150 0.218204 -0.261533 0.509438 -0.819801
-3.605851 -241.196030 -149.115802 11922.713415 0.864430 -0.101524 -0.492396 0.293308 0.897290 0.329912 -0.408328 0.429609 -0.805422
-3.504118 -146.083112 108.231040 6831.945372 -0.823745 0.146957 0.547583 0.320277 0.917573 0.235549 -0.467832 0.369410 -0.802913
0.422199 -115.633036 -55.303221 4554.945095 0.856023 -0.101117 -0.506951 0.304439 0.891186 0.336310 -0.417781 0.442225 -0.793660
-8.247889 -8.587580 -6.569880 35.205586 0.727217 0.643286 0.239454 0.197338 -0.530061 0.824678 -0.657429 0.552466 0.512414
-7.844005 -8.574369 59.834894 5.262084 0.773671 0.063328 0.630415 -0.362653 -0.771620 0.522576 -0.519534 0.632924 0.574014
-8.467767 -9.049099 -12.681285 32.807841 0.701529 0.712557 -0.010922 0.290850 -0.272289 0.917205 -0.650587 0.646622 0.398266
-8.033601 -9.261196 -35.870507 17.827972 0.568100 0.822932 0.006759 0.264051 -0.190051 0.945599 -0.779448 0.535410 0.325264
-8.616686 -9.406008 -11.227147 24.856309 0.731762 0.671246 -0.118120 0.264588 -0.120062 0.956859 -0.628106 0.731446 0.265460
-8.242395 -9.529696 -32.861411 -1.215360 0.610750 0.789162 -0.064866 0.184047 -0.061806 0.980972 -0.770137 0.611067 0.182991
-4.086979 -7.484665 103.537118 -142.021271 -0.212386 0.897596 0.386282 0.627568 0.428295 -0.650171 0.749033 -0.104331 0.654266
-3.659001 -5.806748 58.846253 -90.068766 0.049754 0.987775 0.147736 0.722281 0.066577 -0.688387 0.689807 -0.140957 0.710139
-3.065655 -5.622736 -94.494196 -49.672291 0.283018 0.958993 -0.015268 0.665166 -0.207722 -0.717221 0.690981 -0.192830 0.696679
-3.961011 -9.421109 102.127475 -74.130616 -0.308041 0.812251 0.495337 0.437484 0.583279 -0.684393 0.844818 -0.005881 0.535021
-2.579664 -9.421099 60.410215 -63.225156 -0.306212 0.844918 0.438574 0.479046 0.534887 -0.695996 0.822647 0.003025 0.568544
-5.072742 -8.509346 117.769261 -110.352265 -0.264134 0.815453 0.515043 0.513444 0.570935 -0.640631 0.816461 -0.095234 0.569493
-4.499312 -6.479527 -27.389525 -82.861634 0.133926 0.979081 0.153178 0.648045 0.030413 -0.760994 0.749734 -0.201183 0.630416
-0.046169 -12.757539 109.220068 317.073202 0.075899 -0.415883 0.906245 0.848956 -0.449747 -0.277493 0.522985 0.790424 0.318931
2.319415 -8.347298 -51.863683 289.510409 0.034141 -0.354831 0.934307 0.761304 -0.596432 -0.254332 0.647495 0.719975 0.249771
0.505360 -13.114370 -23.074264 355.747974 0.055107 -0.355178 0.933173 0.864886 -0.450030 -0.222362 0.498933 0.819343 0.282388
9.960887 -5.737785 131.596624 -41.036194 -0.349173 0.919622 -0.179926 -0.427530 0.014517 0.903884 -0.833844 -0.392536 -0.388097
7.821706 -8.124704 103.187278 22.667383 -0.332363 0.943100 0.009864 -0.132637 -0.057093 0.989519 -0.933779 -0.327571 -0.144066
7.581264 -5.113373 -3.331035 -28.640820 -0.478849 0.850687 -0.216874 -0.363395 0.032809 0.931057 -0.799154 -0.524647 -0.293425
-0.287529 -8.268409 4.277360 24.501686 0.086696 0.985829 0.143615 0.930435 -0.131646 0.341994 -0.356054 -0.103974 0.928663
-0.182557 -8.141108 3.996869 9.931147 0.082436 0.986598 0.140816 0.919223 -0.129860 0.371705 -0.385010 -0.098799 0.917609
-0.332749 -8.798948 11.474840 15.783818 0.067990 0.990322 0.120995 0.857467 -0.120000 0.500349 -0.510026 -0.069731 0.857328
-0.459003 -9.133009 9.382138 31.964104 0.054458 0.990527 0.126059 0.872216 -0.108646 0.476901 -0.486080 -0.083980 0.869870
-0.573729 -9.728142 14.510846 27.002422 0.027316 0.995022 0.095836 0.775063 -0.081628 0.626589 -0.631293 -0.057163 0.773435
-0.398184 -9.277604 7.950694 27.991482 0.037989 0.994253 0.100090 0.767189 -0.093199 0.634613 -0.640295 -0.052680 0.766321
0.883457 -14.115535 36.864693 91.021333 0.443482 0.889137 -0.112953 0.253335 -0.003466 0.967372 -0.859735 0.457627 0.226787
1.864846 -14.872607 73.199158 -8.160514 0.459490 0.879517 -0.123770 0.195225 0.035932 0.980100 -0.866462 0.474509 0.155193
0.957750 -14.012695 35.135412 -20.507724 0.446166 0.890130 -0.092761 0.076104 0.065538 0.994944 -0.891708 0.450970 0.038502
-0.116762 -13.541018 14.385920 61.097248 0.431013 0.897676 -0.091680 0.235961 -0.014059 0.971661 -0.870948 0.440431 0.217876
2.837973 -7.188461 63.079952 -9.808896 -0.015698 0.948370 -0.316778 -0.680244 -0.242328 -0.691770 0.732818 -0.204627 -0.648927
4.136272 -7.588259 88.011664 -19.068049 -0.047576 0.912537 -0.406219 -0.636179 -0.341210 -0.691992 0.770073 -0.225505 -0.596770
1.907869 -7.076801 50.486431 -7.924682 -0.068029 0.929318 -0.362960 -0.558976 -0.336844 -0.757682 0.826389 -0.151342 -0.542381
1.224532 -6.863303 39.652006 4.106937 -0.035563 0.957872 -0.284984 -0.606949 -0.247250 -0.755302 0.793945 -0.146110 -0.590172
0.910197 -6.189109 -16.594804 -8.340663 -0.104647 0.992570 -0.062074 0.370589 0.096840 0.923735 -0.922883 -0.073662 0.377969
0.705279 -6.741362 -5.602346 2.509819 -0.095536 0.994899 -0.032399 0.376237 0.066223 0.924154 -0.921585 -0.076101 0.380645
0.832646 -6.061567 -17.235843 -4.301914 -0.079435 0.996691 0.017233 0.283275 0.005995 0.959020 -0.955743 -0.081061 0.282814
0.998761 -6.556202 -0.440510 -1.879460 -0.107835 0.990401 -0.086468 0.467332 0.127265 0.874874 -0.877481 -0.053933 0.476570
0.956696 -5.311724 -22.296284 9.621379 -0.073078 0.997254 0.012008 0.299721 0.010476 0.953969 -0.951224 -0.073313 0.299664
0.921982 -5.523526 -20.609928 -15.621632 -0.109023 0.990306 -0.086069 0.369094 0.120724 0.921518 -0.922976 -0.068699 0.378677
1.112697 -6.232510 -8.154590 -29.440624 -0.124076 0.983716 -0.130034 0.447782 0.172453 0.877355 -0.885492 -0.050631 0.461887
0.761766 -14.792652 -39.604391 100.098800 0.091325 0.993819 -0.063115 0.931384 -0.107673 -0.347751 0.352398 0.027026 0.935460
1.113992 -13.903204 -37.952046 74.566361 0.109372 0.991755 -0.066780 0.855249 -0.128129 -0.502127 0.506544 0.002195 0.862212
0.131821 -14.099174 -61.016254 30.716933 0.133887 0.989354 -0.057026 0.864812 -0.144745 -0.480780 0.483916 -0.015053 0.874985
0.421968 -13.288128 -56.760541 -9.524875 0.138467 0.988758 -0.056432 0.764965 -0.142969 -0.628003 0.629011 -0.043789 0.776162
-0.811872 -13.602817 -72.370945 -13.101320 0.163849 0.983840 -0.072198 0.767478 -0.173113 -0.617260 0.619783 -0.045727 0.783440
-1.271116 -14.098497 -33.158708 184.917663 0.955244 -0.285624 0.076990 0.181883 0.772343 0.608609 0.233296 0.567367 -0.789726
-1.354211 -15.023760 -31.293692 268.172701 0.961072 -0.255774 0.104495 0.172107 0.850058 0.497776 0.216145 0.460414 -0.860988
-0.801977 -16.700479 -76.130843 333.135856 0.964910 -0.252678 0.071438 0.192421 0.865539 0.462402 0.178671 0.432430 -0.883788
0.201766 -16.238233 -81.666797 281.510343 0.965696 -0.249355 0.072480 0.178504 0.840164 0.512114 0.188593 0.481608 -0.855854
-0.926224 -13.364509 -49.369982 162.670202 0.961241 -0.267257 0.067740 0.170314 0.768801 0.616392 0.216814 0.580964 -0.784521
-0.053104 -21.052262 -108.791961 396.901711 0.966731 -0.251486 0.046746 0.227073 0.927869 0.295800 0.117764 0.275344 -0.954105
0.726103 -20.280951 -25.748328 -132.004286 -0.147475 0.956765 -0.250704 0.354045 0.287746 0.889862 -0.923528 -0.042472 0.381173
0.223184 -21.111618 36.817567 -104.561099 -0.109060 0.961133 -0.253633 0.370596 0.276073 0.886816 -0.922369 -0.002721 0.386301
0.885692 -20.571007 -16.020705 -41.040209 -0.142332 0.955338 -0.258981 0.599477 0.291400 0.745462 -0.787635 0.049150 0.614178
1.844472 -4.924251 1.565198 -80.149712 0.054912 0.995825 0.072915 -0.114843 0.078839 -0.990250 0.991865 -0.046002 -0.118693
1.448703 -5.352563 19.507877 -88.659710 0.018454 0.993476 0.112542 -0.114771 0.113922 -0.986838 0.993221 -0.005295 -0.116125
1.927489 -5.786558 -1.333621 -76.506299 0.046831 0.997903 0.044675 -0.180395 0.052437 -0.982195 0.982479 -0.037938 -0.182473
1.950579 -5.389195 -3.501239 -65.872525 0.082375 0.996169 0.029360 -0.179830 0.043834 -0.982721 0.980243 -0.075672 -0.182752
1.926596 -4.636646 1.216334 -64.520860 0.088649 0.994681 0.052450 -0.115057 0.062530 -0.991389 0.989395 -0.081851 -0.119988
2.208920 -12.542745 -154.946553 85.875110 0.964440 -0.256397 0.064150 0.147998 0.724995 0.672666 0.218978 0.639252 -0.737160
-0.133585 -12.877714 -54.028495 98.020934 0.964982 -0.251642 0.074067 0.146598 0.751496 0.643243 0.217528 0.609860 -0.762071
2.371870 -15.245303 -151.646844 267.279219 0.961447 -0.264448 0.075407 0.177202 0.805496 0.565488 0.210282 0.530325 -0.821302
9.651299 -15.682110 -475.783062 249.094832 0.911911 -0.408724 0.036918 0.309663 0.744337 0.591668 0.269308 0.528116 -0.805336
24.569526 -14.097794 -1249.202139 131.575133 0.952092 -0.305302 -0.017673 0.208022 0.604194 0.769205 0.224162 0.736030 -0.638758
-2.200964 -6.123266 14.872529 40.842996 -0.330596 0.932077 -0.148121 0.792394 0.359382 0.492905 -0.512658 -0.045583 0.857382
-1.813586 -5.368283 11.509749 51.489635 -0.300896 0.945570 -0.123932 0.849829 0.324830 0.415062 -0.432727 -0.019570 0.901313
-1.880151 -5.776480 2.378154 36.345805 -0.233156 0.965194 -0.118483 0.833951 0.261129 0.486145 -0.500164 -0.014539 0.865809
-2.428556 -6.616846 13.642484 29.917448 -0.312599 0.936442 -0.159241 0.744050 0.345608 0.571791 -0.590484 -0.060258 0.804796
-2.821998 -6.911050 38.687108 38.819443 -0.393510 0.900670 -0.184238 0.699327 0.423355 0.575945 -0.596734 -0.097798 0.796457
2.048470 -29.103462 -54.040786 -2089.032813 0.177950 0.983805 -0.021493 -0.901911 0.171795 0.396286 -0.393561 0.051134 -0.917875
2.683897 -120.295019 -123.897211 -6909.158134 0.182601 0.981294 -0.060984 -0.833272 0.187382 0.520140 -0.521838 0.044161 -0.851901
1.932872 -40.419870 -87.612814 -3509.820464 0.178627 0.982211 -0.057916 -0.897461 0.186777 0.399598 -0.403307 0.019402 -0.914859
2.547328 -105.446491 1.830831 -5178.285682 0.302021 0.953198 -0.014008 -0.829243 0.269938 0.489377 -0.470255 0.136186 -0.871960
1.045742 -13.550597 -22.755003 -1181.107990 0.160358 0.986323 -0.038113 -0.927072 0.163756 0.337227 -0.338855 0.018744 -0.940652
1.438886 -13.545925 15.227117 -1029.840643 0.145829 0.988869 0.029532 -0.902431 0.120731 0.413572 -0.405403 0.086961 -0.909992
1.739361 -10.908834 18.835313 -201.785796 0.794180 -0.543819 0.271180 -0.412930 -0.155546 0.897382 0.445833 0.824661 0.348091
1.532308 -9.815132 -12.258097 -272.557619 0.828245 -0.490601 0.270777 -0.370391 -0.116692 0.921517 0.420500 0.863535 0.278363
1.340226 -9.555460 28.001746 71.834482 0.829670 -0.544767 0.121971 -0.237898 -0.147364 0.960046 0.505027 0.825538 0.251863
-3.058909 -74.477275 211.797052 -3158.174532 0.930180 -0.238071 -0.279440 0.152690 -0.441330 0.884259 0.333841 0.865188 0.374165
1.036408 -13.445811 37.726677 199.006544 0.818809 -0.568792 0.077644 -0.228383 -0.198668 0.953086 0.526682 0.798127 0.292573
1.843214 -12.577016 6.710324 -257.417646 0.791158 -0.528062 0.308577 -0.472171 -0.206662 0.856939 0.388746 0.823675 0.412838
1.772137 -11.265903 28.107173 71.001471 0.779617 -0.570866 0.257506 -0.437664 -0.202548 0.876027 0.447937 0.795667 0.407758
-1.429970 -17.437151 -100.784197 -817.175676 0.941839 -0.245031 -0.229997 -0.203554 0.128620 -0.970579 -0.267404 -0.960946 -0.071262
0.553743 -31.251736 -22.179733 -1468.384554 0.958601 -0.267258 -0.098275 -0.024492 0.266459 -0.963535 -0.283699 -0.926052 -0.248882
-1.429789 -59.816229 -82.261642 -3323.637105 0.935718 -0.336185 -0.106822 -0.034127 0.215131 -0.975989 -0.351093 -0.916896 -0.189829
-8.517706 -11.218780 35.556366 115.402302 -0.139353 0.965030 0.222033 -0.284364 0.175779 -0.942464 0.948535 0.194473 -0.249924
-7.077921 -9.459528 12.739581 109.082095 -0.394037 0.875195 -0.280659 -0.251713 -0.396450 -0.882875 0.883954 0.277240 -0.376514
-3.141260 -6.025514 -168.048953 -35.553282 -0.057570 0.820292 -0.569041 -0.210496 -0.567146 -0.796264 0.975898 -0.073940 -0.205318
-1.652976 -5.394338 -181.056230 -57.091281 -0.006214 0.831989 -0.554757 -0.158974 -0.548534 -0.820876 0.987263 -0.083092 -0.135673
0.442224 -5.707785 -180.207813 -42.785331 0.017077 0.872835 -0.487717 -0.247890 -0.468862 -0.847773 0.968638 -0.135378 -0.208361
-0.594935 -4.735736 -2.518430 62.480235 -0.176415 0.946297 -0.270925 -0.761427 -0.305624 -0.571685 0.623784 -0.105435 -0.774452
-0.620363 -4.983660 3.619117 51.717114 -0.232902 0.923566 -0.304603 -0.731237 -0.372802 -0.571237 0.641131 -0.089694 -0.762172
1.702327 -10.985115 -25.706129 19.775137 -0.041023 0.996711 -0.069889 -0.485192 0.041275 0.873433 -0.873445 -0.069741 -0.481903
1.572787 -12.110410 -20.979725 -136.503164 -0.044868 0.997441 -0.055656 -0.379088 0.034545 0.924716 -0.924272 -0.062588 -0.376568
1.095084 -11.950703 -24.494621 -102.328589 -0.074015 0.994970 -0.067499 -0.350700 0.037393 0.935741 -0.933558 -0.092931 -0.346168
1.079088 -26.657056 -7.929891 -256.294383 0.064712 0.978241 -0.197122 -0.296734 -0.169737 -0.939754 0.952765 -0.119306 -0.279294
0.911442 -20.983664 -12.089299 -411.763007 0.110814 0.980878 -0.159993 -0.024054 -0.158290 -0.987100 0.993550 -0.113233 -0.006054
0.517898 -18.632240 -16.689961 -413.783853 0.147870 0.975151 -0.164967 -0.024802 -0.163092 -0.986299 0.988696 -0.149936 -0.000069
-1.775407 -6.104307 -131.321696 58.015256 0.298458 0.953875 -0.032329 -0.655554 0.180262 -0.733318 0.693666 -0.240058 -0.679117
-0.050032 -4.996369 -149.497305 39.374253 0.372471 0.927632 0.027639 -0.658625 0.285204 -0.696327 0.653818 -0.241158 -0.717192
1.740301 -4.452808 -50.074293 12.166702 0.250182 0.967984 -0.020397 -0.612669 0.141965 -0.777485 0.749697 -0.207009 -0.628571
0.576739 -5.524547 101.646762 -87.727843 0.534796 0.319451 0.782269 0.367734 0.745524 -0.555846 -0.760766 0.584931 0.281231
-0.600652 -5.554822 44.829785 -82.659638 0.545777 0.406486 0.732733 0.299104 0.722339 -0.623508 -0.782729 0.559460 0.272654
0.842831 -5.087479 102.793461 -102.267416 0.514571 0.289607 0.807059 0.349701 0.788515 -0.505918 -0.782896 0.542560 0.304471
0.052128 -19.387096 -19.017554 -85.187849 0.039891 0.968505 0.245779 0.557309 -0.225726 0.799034 -0.829347 -0.105101 0.548760
-0.633407 -21.382534 -11.972590 -292.170914 0.038208 0.974257 0.222179 0.565095 -0.204441 0.799295 -0.824141 -0.095013 0.558359
-0.713565 -17.972219 -3.394340 269.912371 0.085334 0.979095 -0.184635 -0.949565 0.023799 -0.312666 0.301736 -0.202004 -0.931746
-0.671955 -14.781911 -5.713496 -175.695654 0.051214 0.975627 -0.213376 0.997177 -0.038210 0.064633 0.054905 -0.216084 -0.974830
-0.879572 -14.181922 -10.992097 -136.797115 0.056515 0.978232 -0.199669 0.996251 -0.042133 0.075558 0.065501 -0.203190 -0.976946
-3.215080 -108.883364 -124.881901 -13095.304249 0.956110 -0.104737 -0.273651 0.025247 0.959906 -0.279183 0.291920 0.260021 0.920420
-4.772330 -126.602132 -300.113583 17858.932843 0.954815 -0.042746 -0.294109 0.053289 -0.948940 0.310922 0.292383 0.312546 0.903785
-3.788778 -139.851227 -134.112427 18572.178892 0.961525 -0.104784 -0.253948 -0.008175 -0.934903 0.354809 0.274595 0.339082 0.899789
3.897348 -32.510087 185.793494 -534.835664 0.069120 0.921554 0.382047 -0.910573 0.214723 -0.353202 0.407529 0.323469 -0.853984
2.209667 -34.284668 96.014949 718.886332 0.101016 0.936558 0.335641 0.976850 -0.157315 0.144969 0.188573 0.313226 -0.930768
-1.229166 -23.229042 -57.443815 903.989933 -0.095590 0.951630 0.291997 -0.593259 -0.290014 0.750956 -0.799316 0.101446 -0.592286
-0.864443 -24.299844 -25.552195 853.837893 -0.088942 0.954285 0.285358 -0.726418 -0.258161 0.636922 -0.681474 0.150640 -0.716171
-0.601314 -16.710229 -14.933703 627.372233 -0.061354 0.961066 0.269422 -0.582433 -0.253681 0.772281 -0.810560 0.109538 -0.575321
5.517422 -14.853321 235.322487 36.739902 0.110639 0.917311 0.382492 0.375053 -0.394936 0.838666 -0.920377 -0.050666 0.387735
20.776128 -5.452663 1253.734448 103.390785 0.305260 0.725559 0.616750 0.501444 -0.673071 0.543627 -0.809550 -0.143318 0.569288
1.860855 -10.226158 111.270846 210.519293 0.030570 0.839005 0.543264 0.194049 -0.538159 0.820201 -0.980515 -0.080346 0.179260
0.180950 -2.865623 12.859362 -91.263448 -0.080267 0.709551 0.700067 -0.263406 0.662268 -0.701441 0.961340 0.240705 -0.133742
-0.234684 -3.714481 36.751528 -54.617484 -0.106392 0.767673 0.631948 -0.262608 0.591295 -0.762501 0.959019 0.247079 -0.138688
0.180464 -3.793073 18.283031 -61.520924 -0.115549 0.796729 0.593187 -0.293589 0.543112 -0.786661 0.948922 0.265051 -0.171155
-0.042700 -3.843057 3.478914 -67.721834 -0.127682 0.817670 0.561350 -0.317714 0.502438 -0.804123 0.939550 0.281021 -0.195633
3.004651 -3.175987 -32.194112 9.228545 0.419140 0.879817 0.224151 -0.683780 0.468314 -0.559578 0.597299 -0.081271 -0.797890
2.116739 -3.424871 -92.409938 30.818989 0.443665 0.879023 0.174582 -0.675104 0.455929 -0.579969 0.589403 -0.139451 -0.795712
2.813803 -3.187653 9.529014 -12.174529 0.404710 0.872344 0.274272 -0.658247 0.486108 -0.574813 0.634761 -0.052094 -0.770951
2.658946 1.745612 43.005992 1.815295 0.320309 0.244955 0.915095 0.052624 0.959898 -0.275368 -0.945850 0.136358 0.294573
3.133199 1.271343 181.070514 35.613847 0.398917 -0.270247 0.876260 0.210727 0.957029 0.199223 -0.892446 0.105179 0.438723
2.880438 0.699872 -23.154695 -132.926832 0.197166 0.790503 0.579854 0.070003 -0.601307 0.795946 -0.977868 0.116342 0.173894
3.406795 0.876867 -111.648967 81.634032 0.158997 0.529512 0.833269 0.005577 0.843510 -0.537085 -0.987263 0.090042 0.131162
3.887243 1.473791 11.038784 7.513621 0.284950 0.159706 0.945144 0.048356 0.982372 -0.180575 -0.957322 0.097158 0.272204
0.527002 -4.049710 93.032478 71.079292 0.366510 0.923884 -0.110042 0.159818 0.054000 0.985668 -0.916585 0.378844 0.127862
0.144958 -4.942673 99.165960 42.029378 0.363927 0.918104 -0.156977 0.091150 0.132620 0.986967 -0.926957 0.373493 0.035421
-0.801599 -4.652284 39.266889 65.825715 0.330363 0.926307 -0.181148 0.154209 0.136373 0.978582 -0.931171 0.351222 0.097793
-10.048431 -13.076222 65.001374 -502.146406 0.374528 0.888637 0.264675 -0.034994 0.298795 -0.953676 0.926555 -0.347916 -0.143004
-0.444298 -23.220466 118.847197 -356.335725 -0.290657 0.942111 -0.167168 0.790980 0.138274 -0.596012 0.538395 0.305461 0.785382
9.713653 -119.156021 -280.524851 -8765.608171 -0.258615 0.942501 -0.211685 0.411395 -0.090810 -0.906922 0.873998 0.321630 0.364255
-0.108362 -26.642192 -12.820482 1028.838038 0.780772 -0.365575 -0.506705 0.613402 0.602782 0.510286 -0.118884 0.709231 -0.694880
2.863281 -12.396887 16.450788 49.587535 -0.585341 0.623258 0.518580 0.807513 0.505560 0.303862 -0.072789 0.596623 -0.799214
-13.117279 -17.590989 -1106.994458 -269.447322 0.882851 0.153048 0.444016 0.468475 -0.353912 -0.809492 -0.033251 -0.922671 0.384151
-16.953614 -21.303889 92.999073 -704.245901 -0.315360 -0.547702 -0.774965 0.931620 -0.023231 -0.362690 0.180643 -0.836351 0.517576
-13.652505 -14.619504 -436.422367 213.542785 0.843388 -0.338766 -0.417054 -0.536537 -0.572486 -0.619990 0.028726 -0.746657 0.664589
-5.364826 -12.173084 -885.086152 -149.055787 0.919735 0.090425 0.381983 0.370463 -0.521696 -0.768499 -0.129787 -0.848326 0.513322
-8.344449 -12.355379 -209.872301 300.923992 0.894215 -0.354067 -0.273891 -0.439949 -0.582231 -0.683705 -0.082609 -0.731877 0.676411
-7.398633 -8.317381 64.704605 -15.606373 0.715817 -0.116239 0.688545 0.428557 0.851634 -0.301760 -0.551312 0.511085 0.659429
-2.681114 -5.252381 -74.610229 -63.461861 0.307072 0.949863 -0.058887 0.700951 -0.267590 -0.661108 0.643719 -0.161731 0.747977
-1.024553 -4.579386 -37.969688 -39.144575 0.289813 0.955294 -0.058501 0.751645 -0.265018 -0.603982 0.592484 -0.131070 0.794848
-1.192204 -5.011595 -117.711891 -47.016099 0.426285 0.891868 -0.151172 0.643405 -0.416409 -0.642366 0.635855 -0.176566 0.751341
12.287407 -2.221845 352.452504 164.720523 -0.250670 0.638954 -0.727257 0.748011 -0.349045 -0.564488 -0.614527 -0.685497 -0.390449
25.175173 -3.883105 1014.585617 198.626408 -0.002181 0.362379 -0.932028 0.818608 -0.534665 -0.209796 -0.574349 -0.763423 -0.295480
35.157558 -1.074993 1326.692822 243.976444 0.000957 0.410140 -0.912022 0.844712 -0.488464 -0.218778 -0.535220 -0.770187 -0.346918
-0.243021 -7.746673 0.627249 18.908580 0.090541 0.984450 0.150534 0.971037 -0.120826 0.206127 -0.221110 -0.127511 0.966877
-0.159239 -7.812689 2.565079 12.424631 0.069743 0.987510 0.141278 0.968275 -0.101079 0.228530 -0.239956 -0.120857 0.963231
-0.040646 -8.082659 4.722482 -0.663576 0.067589 0.988399 0.136011 0.908857 -0.117233 0.400294 -0.411595 -0.096559 0.906237
2.155898 -13.895280 70.158037 -118.549305 0.457889 0.880753 -0.120880 0.021768 0.124823 0.991940 -0.888743 0.456830 -0.037982
5.225158 -8.018845 120.051924 -20.749930 0.029409 0.941215 -0.336524 -0.752829 -0.200619 -0.626897 0.657559 -0.271782 -0.702674
8.206820 -8.427780 214.644718 -19.117947 -0.015363 0.896775 -0.442221 -0.722614 -0.315640 -0.614979 0.691081 -0.310107 -0.652872
5.960134 -7.991390 137.207490 -26.415207 -0.082230 0.854135 -0.513509 -0.584191 -0.458761 -0.669522 0.807440 -0.244933 -0.536702
0.768345 -6.770983 -4.601682 19.119875 -0.097671 0.994764 -0.030087 0.479894 0.073560 0.874237 -0.871873 -0.070949 0.484566
1.629238 -29.363882 -1287.991858 -8492.188575 -0.973606 -0.130176 0.187472 -0.087678 0.971693 0.219376 -0.210722 0.197149 -0.957459
2685.135669 -59.785703 609274.831036 19043.527452 0.498626 0.864522 0.063045 -0.839265 0.463306 0.284571 -0.216809 0.194806 -0.956580
449.430631 -26.568911 131344.458570 761.014184 0.495838 0.867337 0.043270 -0.844542 0.470005 0.256600 -0.202221 0.163775 -0.965549
-0.865510 -44.562257 -157.772705 -9307.990653 -0.968823 0.064897 0.239101 0.107394 0.979707 0.169239 -0.223266 0.189640 -0.956132
0.352341 -15.204181 -1089.431856 -1912.606481 -0.961200 -0.221277 0.164713 -0.180438 0.955996 0.231329 -0.208653 0.192633 -0.958831
-1.730248 -7.661520 -18.460409 -15.388698 -0.258403 0.963747 -0.066486 0.872593 0.203324 -0.444119 0.414500 0.172777 0.893497
-1.156887 -7.911254 27.609219 -5.842135 -0.225973 0.966102 -0.124833 0.809948 0.115139 -0.575089 0.541221 0.231063 0.808511
-1.085012 -7.586448 45.379065 -1.456361 -0.214751 0.965833 -0.145084 0.877108 0.125377 -0.463641 0.429609 0.226822 0.874064
94.661832 -6155.998008 414.267666 -400054.291838 -0.967700 -0.162936 0.192376 -0.128405 0.975234 0.180085 -0.216954 0.149566 -0.964656
0.153087 -7.273296 102.866910 -40.099364 0.697118 0.714567 -0.058495 -0.688241 0.689825 0.224646 -0.200876 0.116346 -0.972683
-1.820473 -7.582251 -131.447350 -83.973910 -0.790670 -0.606334 0.084855 -0.588323 0.790808 0.168816 -0.169463 0.083555 -0.981988
-1.318606 -15.150625 43.516576 245.086397 0.942413 -0.305331 0.136496 0.176788 0.801217 0.571661 0.283909 0.514610 -0.809056
0.298488 -20.676346 37.254495 -72.851812 -0.110471 0.960842 -0.254122 0.093967 0.264639 0.959758 -0.989427 -0.082147 0.119522
-0.623214 -19.241104 86.212672 -65.715165 -0.105666 0.965768 -0.236910 0.021586 0.240415 0.970430 -0.994167 -0.097428 0.046251
-0.419213 -19.364792 63.039851 -75.605001 -0.129027 0.957634 -0.257468 0.217319 0.280634 0.934889 -0.967535 -0.064673 0.244321
-0.176400 -19.597814 93.798874 -63.743649 -0.097762 0.966032 -0.239216 -0.115961 0.227673 0.966808 -0.988431 -0.122257 -0.089764
0.463339 -18.417671 -12.013879 -165.133598 -0.152535 0.954569 -0.255990 0.178682 0.281390 0.942811 -0.972011 -0.098071 0.213486
0.621374 -18.645752 -13.719518 50.141092 -0.159110 0.949158 -0.271632 0.017105 0.277746 0.960502 -0.987113 -0.148179 0.060428
1.643798 -6.267004 17.731102 -84.902853 0.009702 0.996875 0.078401 -0.180024 0.078865 -0.980496 0.983614 0.004601 -0.180226
-3.804150 -5.656134 -331.974950 -324.369497 0.917914 -0.281811 0.279314 0.335606 0.926963 -0.167657 0.211666 -0.247634 -0.945450
332.275715 -583.790481 12265.086347 23888.507840 0.309571 0.937839 -0.156917 -0.864057 0.208559 -0.458157 0.396952 -0.277418 -0.874911
2.739319 -2.858935 -200.599864 -118.688723 0.242186 0.943995 -0.224097 0.940587 -0.171781 0.292894 0.237995 -0.281718 -0.929512
-1.514206 -4.960484 12.067194 58.003968 -0.187806 0.977210 -0.098937 0.893124 0.211821 0.396813 -0.408727 0.013839 0.912552
0.686006 -86.250552 -37.603432 -6216.556009 0.195312 0.980577 -0.017961 -0.753557 0.161765 0.637168 -0.627698 0.110912 -0.770515
3.542290 -140.679710 -138.133069 -9596.543814 0.147905 0.988914 -0.013131 -0.549795 0.093251 0.830078 -0.822101 0.115554 -0.557492
3.640531 -95.301597 -96.039620 -4010.471084 0.190937 0.981576 0.007127 -0.396943 0.070569 0.915126 -0.897764 0.177560 -0.403104
2.161639 -129.243501 392.763532 -5880.387448 0.936471 -0.277659 -0.214308 0.122014 -0.314956 0.941231 0.328838 0.907584 0.261068
-0.690120 -13.124428 -71.317969 -559.731761 0.940412 -0.228837 -0.251512 -0.238730 0.082395 -0.967584 -0.242143 -0.969971 -0.022855
0.869816 -12.186820 -39.882774 -499.154846 0.953348 -0.210316 -0.216554 -0.190295 0.138185 -0.971953 -0.234342 -0.967818 -0.091716
2.089824 -16.117809 -58.772045 -700.555989 0.957409 -0.236047 -0.166285 -0.104015 0.255281 -0.961256 -0.269351 -0.937611 -0.219856
2.069169 -19.702465 -59.570028 -742.840869 0.955937 -0.248652 -0.156067 -0.052750 0.377477 -0.924515 -0.288794 -0.892011 -0.347728
-7.963377 -11.303089 -51.096281 74.116227 0.024877 0.906233 0.422046 -0.181817 0.419237 -0.889485 0.983018 0.054608 -0.175198
-9.257569 -11.002923 202.306021 4.796800 -0.198004 0.973235 0.116650 -0.047792 0.109280 -0.992861 0.979035 0.202165 -0.024875
-7.321382 -10.760904 0.855707 112.948705 -0.312443 0.943444 -0.110872 -0.183718 -0.174525 -0.967362 0.932002 0.281876 -0.227857
-7.610090 -11.477230 59.953571 38.935297 -0.235648 0.971665 -0.018329 -0.111531 -0.045775 -0.992706 0.965417 0.231885 -0.119158
-6.993598 -10.958152 -45.259821 45.773667 0.776225 -0.561267 0.287147 -0.472613 -0.216583 0.854242 0.417266 0.798794 0.433379
-4.913428 -6.729231 -96.969815 -26.883120 -0.187914 0.744575 -0.640544 -0.323665 -0.662678 -0.675351 0.927324 -0.080414 -0.365520
-5.057247 -7.409781 -100.638098 -35.812552 -0.238958 0.713366 -0.658793 -0.403702 -0.690019 -0.600748 0.883133 -0.122402 -0.452873
-1.078074 -8.668721 -1.415206 78.711751 -0.000064 0.998185 0.060227 -0.981670 -0.011541 0.190237 -0.190587 0.059111 -0.979889
-0.817180 -7.528625 6.407402 94.215200 0.009942 0.996762 0.079793 -0.936459 -0.018700 0.350278 -0.350636 0.078206 -0.933241
-1.399765 -9.002501 2.647061 91.371613 -0.030875 0.994152 0.103484 -0.985811 -0.047379 0.161035 -0.164997 0.097044 -0.981508
-0.623633 -7.159857 9.162426 78.125358 0.047851 0.997732 0.047334 -0.928460 0.026954 0.370453 -0.368337 0.061674 -0.927645
-1.418743 -9.331590 -12.754437 -26.949982 -0.026879 0.996556 0.078446 0.999127 0.024272 0.034001 0.031980 0.079291 -0.996338
-1.199922 -9.058642 -23.165817 -23.114565 -0.011986 0.999382 0.033050 0.999924 0.011880 0.003385 0.002990 0.033088 -0.999448
-0.897486 -8.038010 -6.637030 59.468252 0.032289 0.999138 0.026079 -0.977659 0.026151 0.208566 -0.207704 0.032231 -0.977661
-1.522158 -5.978963 -3.160411 -21.079532 -0.156346 0.957877 -0.240887 -0.505791 -0.287128 -0.813469 0.848370 0.005344 -0.529378
-1.669904 -5.076259 1.863804 -61.110774 -0.187068 0.948652 -0.255078 -0.385210 -0.309705 -0.869308 0.903670 0.064361 -0.423366
-1.474308 -4.818294 18.965045 -58.451441 -0.226982 0.938545 -0.260022 -0.361151 -0.329071 -0.872515 0.904461 0.104138 -0.413650
1.469114 -9.876592 -21.176234 -35.860459 -0.010517 0.994186 -0.107161 -0.751031 0.062900 0.657264 -0.660184 -0.087394 -0.746003
1.807757 -10.447794 -14.926808 112.698031 -0.013897 0.996936 -0.076974 -0.584095 0.054388 0.809861 -0.811566 -0.056215 -0.581550
1.124267 -9.551125 -30.307776 -92.156972 0.005538 0.988196 -0.153092 -0.870329 0.080154 0.485904 -0.492439 -0.130549 -0.860500
1.431217 -10.613108 -17.779812 -113.475415 0.034448 0.991527 -0.125252 -0.883185 0.088860 0.460530 -0.467758 -0.094757 -0.878763
