16119
32221
-6.377435 -8.525655 20.928827 231.023260 -0.609100 0.767910 0.198273 0.747268 0.471933 0.467836 0.265684 0.433121 -0.861288
-7.522524 -9.754728 -26.709538 169.724265 -0.597560 0.794283 0.109710 0.764419 0.523022 0.376977 0.242045 0.309131 -0.919702
-5.706815 -12.173191 72.778635 281.082363 -0.495750 0.828778 0.259537 0.855352 0.414216 0.311124 0.150348 0.376235 -0.914244
-5.450417 -8.129971 2.572340 71.449485 0.952136 -0.160987 0.259845 0.065373 0.937651 0.341376 0.298601 0.308049 -0.903296
-4.344770 -11.106858 104.292649 318.138183 -0.562969 0.752602 0.341549 0.801498 0.396318 0.447809 0.201660 0.525854 -0.826324
-5.209531 -6.430157 -30.815558 141.297037 0.794190 -0.591154 -0.140712 0.550039 0.600903 0.579976 0.258301 0.538008 -0.802389
-4.783084 -6.608579 21.941579 60.959180 0.940188 0.010743 0.340488 -0.163942 0.890415 0.424599 0.298614 0.455023 -0.838918
6.039806 -10.452227 -40.979730 -58.006234 0.749543 -0.619348 -0.233651 -0.005569 -0.358858 0.933375 0.661932 0.698304 0.272429
6.324922 -9.411554 28.410562 -79.410269 0.796495 -0.570608 -0.200007 -0.020088 -0.355574 0.934432 0.604311 0.740253 0.294676
5.594824 -8.972877 -15.291319 43.993933 0.803944 -0.542167 -0.244393 0.077506 -0.311925 0.946940 0.589632 0.780229 0.208749
6.191845 -10.434439 -4.011852 -139.253847 0.798815 -0.578280 -0.165791 -0.102993 -0.402989 0.909391 0.592695 0.709360 0.381472
-4.547090 -8.657294 -20.595370 -21.803605 0.877755 -0.428833 -0.213654 -0.141590 -0.658202 0.739407 0.457709 0.618767 0.638459
-4.638469 -8.530062 -15.935439 8.627566 0.862532 -0.456553 -0.218171 -0.224352 -0.731524 0.643846 0.453547 0.506391 0.733392
-4.802446 -8.491640 -16.702310 -6.244186 0.825578 -0.474713 -0.305072 -0.117092 -0.672981 0.730333 0.552006 0.567225 0.611183
-1.469970 -4.450487 17.872813 -45.634712 -0.851200 0.127858 -0.509029 0.120789 0.991561 0.047076 0.510753 -0.021414 -0.859461
-1.231841 -4.334470 3.478530 -49.829195 -0.861904 0.070313 -0.502172 0.086575 0.996204 -0.009107 0.499625 -0.051325 -0.864720
-1.678675 -5.575236 7.365883 -60.431354 -0.855117 -0.009541 -0.518347 -0.046265 0.997246 0.057969 0.516367 0.073552 -0.853203
-1.869757 -5.629854 -30.837970 12.487805 -0.105238 0.968674 0.224933 0.796939 0.217444 -0.563566 0.594822 -0.119949 0.794858
-1.623076 -5.658654 -9.611668 13.830849 -0.077527 0.973420 0.215508 0.790665 0.191704 -0.581462 0.607320 -0.125316 0.784511
-1.856980 -5.691998 -21.196169 11.553601 -0.077809 0.976671 0.200147 0.736001 0.191690 -0.649275 0.672495 -0.096789 0.733746
-1.937223 -5.961007 -31.894931 -34.280559 -0.043617 0.984464 0.170083 0.665569 0.155597 -0.729937 0.745061 -0.081364 0.662015
-2.310566 -5.668824 -24.925648 -13.710444 -0.091519 0.978932 0.182530 0.686969 0.194764 -0.700100 0.720901 -0.061320 0.690320
-2.160567 -5.638698 -9.264072 24.252898 -0.133953 0.972058 0.192770 0.748462 0.226731 -0.623216 0.649509 -0.060799 0.757919
-0.496987 -4.701609 -20.378000 -46.066414 0.997022 0.019305 -0.074664 -0.028660 0.991573 -0.126337 -0.071596 -0.128101 -0.989173
-0.769174 -6.140276 75.288850 -0.193512 -0.988632 0.138500 0.058525 0.135934 0.989660 -0.045773 -0.064260 -0.037297 -0.997236
-1.053416 -5.232879 -39.169133 -66.891822 0.997902 0.020905 -0.061279 -0.031293 0.984282 -0.173812 -0.056682 -0.175365 -0.982871
-0.974147 -3.141333 17.581214 -93.367171 0.957709 0.261143 -0.120820 -0.282298 0.934022 -0.218887 -0.055687 -0.243737 -0.968241
-0.325858 -3.542784 -76.939457 -222.710394 0.999020 -0.004871 -0.043991 -0.008363 0.955248 -0.295687 -0.043462 -0.295765 -0.954271
0.053633 -2.998503 -2.902647 -181.058886 0.959632 0.257065 -0.114121 -0.278696 0.923744 -0.262727 -0.037881 -0.283926 -0.958098
-1.719290 -6.429957 -39.396988 -70.136912 0.975432 -0.219945 0.012476 0.217945 0.955204 -0.200214 -0.032119 -0.198014 -0.979673
-0.915704 -8.752273 6.827743 51.543460 0.859286 -0.469421 0.203156 0.225150 0.703759 0.673818 0.459277 0.533262 -0.710420
-0.877429 -7.868884 3.358757 37.431750 0.879495 -0.425739 0.212684 0.094717 0.594550 0.798461 0.466387 0.682097 -0.563228
-0.827385 -7.537486 4.572001 30.736909 0.868554 -0.432598 0.241810 0.081183 0.605522 0.791677 0.488899 0.667984 -0.561048
1.572604 -12.268443 -6.844449 -147.909603 0.756124 -0.643165 -0.120897 0.244736 0.106567 0.963716 0.606944 0.758276 -0.237983
1.722400 -12.892254 18.621276 -47.538608 0.712327 -0.687660 -0.140403 0.140319 -0.056473 0.988495 0.687677 0.723833 -0.056264
1.935406 -13.141844 0.308586 47.812250 0.754277 -0.646750 -0.113049 0.052099 -0.112683 0.992264 0.654485 0.754332 0.051299
-0.171993 -3.531212 -13.673381 10.739311 0.980580 -0.062743 0.185810 -0.097734 -0.977750 0.185615 -0.170030 0.200170 0.964895
-0.153632 -4.361217 -22.125251 -3.117611 0.968990 -0.133319 0.208050 -0.186314 -0.947257 0.260750 -0.162314 0.291427 0.942722
0.193781 -3.738881 16.676498 2.701113 0.976163 -0.133147 0.171401 -0.169882 -0.960226 0.221598 -0.135078 0.245434 0.959956
0.023359 -4.037885 34.239174 -1.362073 0.968787 -0.190943 0.158087 -0.224912 -0.945203 0.236655 -0.104237 0.264825 0.958646
-0.213574 -2.850778 30.633052 58.110165 0.959643 -0.221290 0.173543 -0.243781 -0.962246 0.121050 -0.140204 0.158471 0.977359
-1.096400 -22.474792 -65.212698 -446.604154 0.821573 -0.557701 -0.118269 0.294899 0.593274 -0.749040 -0.487906 -0.580513 -0.651883
-1.012320 -20.126431 -41.870820 -623.581097 0.827509 -0.546720 -0.127772 0.191235 0.488427 -0.851392 -0.527880 -0.680100 -0.508730
-0.265258 -23.386277 -52.402737 -392.557189 0.799373 -0.594719 -0.085510 0.412407 0.646596 -0.641743 -0.436947 -0.477728 -0.762137
-1.403546 -20.501052 -35.334595 -563.304888 0.856916 -0.496757 -0.137577 0.122088 0.454910 -0.882129 -0.500789 -0.739114 -0.450468
-0.480857 -23.972747 -43.953230 31.419492 0.828363 -0.553431 -0.086771 0.431005 0.728585 -0.532352 -0.357840 -0.403581 -0.842064
-1.192437 -23.835789 -24.200401 -355.461331 0.850521 -0.514490 -0.109147 0.275179 0.612172 -0.741298 -0.448207 -0.600454 -0.662242
21.286201 1.344971 -354.224575 -252.344060 0.494098 0.869052 -0.024824 0.162701 -0.064379 0.984573 -0.854047 0.490515 0.173205
35.271016 3.288225 -165.299327 -240.062767 0.522724 0.832865 -0.181922 0.148128 0.121417 0.981487 -0.839534 0.539994 0.059903
41.349476 1.735888 1199.659523 -127.415977 0.815563 0.467535 -0.340981 0.322934 0.121231 0.938625 -0.480178 0.875622 0.052112
23.427191 0.622548 664.705961 -119.426793 0.798509 0.533347 -0.279148 0.311612 0.030537 0.949718 -0.515054 0.845345 0.141813
12.599103 -1.583691 -128.476921 -122.733176 0.520713 0.848545 -0.093962 0.268016 -0.057981 0.961668 -0.810571 0.525937 0.257615
21.830470 -1.852271 -635.883027 -149.073957 0.135655 0.990582 -0.018588 0.326581 -0.026995 0.944784 -0.935384 0.134235 0.327167
4.144905 -9.471687 143.848442 -38.419777 -0.662460 0.743103 0.094572 -0.738866 -0.668978 0.080903 -0.123385 0.016281 -0.992225
4.576825 -10.891170 127.918896 -144.656527 -0.616865 0.783422 0.075686 0.785849 0.618406 0.003836 -0.043799 0.061844 -0.997124
2.719553 -11.124880 215.078954 -98.063402 -0.686989 0.706070 0.171786 -0.710835 -0.702052 0.042857 -0.150862 0.092669 -0.984202
2.520577 -11.973028 116.533607 312.414794 -0.760381 0.632300 0.148385 0.618728 0.774688 -0.130512 -0.197475 -0.007429 -0.980280
-1.986341 -13.102100 92.470951 115.419148 0.834097 -0.546085 0.077931 -0.408940 -0.706966 -0.577033 -0.370203 -0.449432 0.812994
-2.029814 -12.778442 78.802289 -218.847217 0.846780 -0.522350 0.100565 -0.346195 -0.684693 -0.641361 -0.403871 -0.508277 0.760620
-0.730025 -13.533502 156.885636 30.542615 0.850752 -0.522033 0.060842 -0.384462 -0.697087 -0.605194 -0.358343 -0.491479 0.793750
-0.566881 -15.019051 139.747424 349.272720 0.835980 -0.546662 0.047946 -0.444852 -0.726253 -0.524082 -0.321317 -0.416793 0.850317
-1.731915 -15.037164 127.703189 389.887909 0.816224 -0.575880 0.046277 -0.483838 -0.725141 -0.489971 -0.315721 -0.377535 0.870510
-2.282852 -4.560443 -20.952088 10.658441 0.838048 -0.521889 0.159082 -0.275161 -0.152512 0.949224 0.471128 0.839269 0.271416
-2.020942 -4.961496 40.433421 7.471925 0.801424 -0.584810 0.125366 -0.266493 -0.161506 0.950209 0.535444 0.794930 0.285282
-2.198631 -4.852916 -18.358068 16.933482 0.771658 -0.536128 0.342213 -0.375101 0.050916 0.925584 0.513656 0.842600 0.161813
-1.956940 -4.473723 -49.006499 22.491209 0.803493 -0.477727 0.355214 -0.388251 0.031810 0.921004 0.451288 0.877932 0.159919
-1.926611 -4.113395 -54.611167 11.731279 0.870601 -0.461287 0.171083 -0.269415 -0.156026 0.950301 0.411668 0.873425 0.260114
2.325035 -12.023817 -26.356124 133.048141 0.791522 -0.577708 -0.199364 0.609518 0.769992 0.188680 -0.044507 0.270860 -0.961589
5.537813 -15.763907 -84.691520 363.324923 -0.686723 0.685978 0.240510 0.711975 0.701467 0.032178 -0.146637 0.193334 -0.970113
3.908636 -18.523754 29.507029 471.802992 0.812171 -0.556741 -0.174409 0.572463 0.818140 0.054158 -0.112539 0.143828 -0.983183
0.206556 -28.763608 22.841038 -1155.423815 -0.631936 0.695345 -0.342275 -0.070694 0.388075 0.918912 -0.771790 -0.604891 0.196082
-0.373146 -29.197436 -31.866167 -870.587373 -0.650949 0.680846 -0.335728 0.027117 0.462833 0.886031 -0.758637 -0.567657 0.319743
-0.106527 -35.731231 32.009977 -1322.414899 -0.633692 0.694109 -0.341537 0.162124 0.550856 0.818703 -0.756406 -0.463434 0.461604
-9.652437 -278.822588 21.059256 -14898.441802 0.651041 -0.478045 0.589591 0.585985 -0.177177 -0.790715 -0.482460 -0.860280 -0.164777
-1.915063 -253.678219 -63.153277 10383.305248 0.417214 -0.299656 0.857985 -0.463580 0.741846 0.484519 -0.781682 -0.599893 0.170594
0.347120 -131.354974 404.881799 -4751.459211 -0.547988 0.328333 -0.769354 0.647768 -0.415363 -0.638648 -0.529250 -0.848334 0.014931
-19.607704 -238.899223 -251.626790 -7890.815070 0.790376 -0.345915 0.505616 0.611388 0.497745 -0.615187 0.038866 -0.795357 -0.604894
-15.145946 -2034.068963 1026.533082 -142565.627286 0.726531 -0.375790 0.575269 0.660002 0.148713 -0.736398 -0.191181 -0.914695 -0.356067
1.217155 -3.172917 -24.883561 -0.821756 0.939371 -0.322308 0.117043 -0.340899 -0.914635 0.217327 -0.037005 0.244051 0.969056
1.550835 -2.518401 -27.004883 36.517439 0.968684 -0.230212 0.093026 -0.242852 -0.956464 0.161864 -0.051713 0.179386 0.982419
0.878651 -3.549189 3.480316 -1.899517 0.927502 -0.353060 0.122835 -0.371374 -0.907784 0.194961 -0.042674 0.226445 0.973089
0.605966 -3.755557 12.528755 3.934099 0.890687 -0.433681 0.136372 -0.454514 -0.855849 0.246859 -0.009656 0.281857 0.959408
0.916677 -3.402597 -21.441782 16.516218 0.908602 -0.394689 0.136614 -0.417340 -0.870842 0.259734 -0.016456 0.293009 0.955968
6.349132 -2.278127 -95.142116 46.766817 0.514908 0.855595 -0.053164 0.852896 -0.517549 -0.068644 0.086246 0.009998 0.996224
6.237789 -1.995959 -94.606242 23.347373 0.512322 0.857799 -0.041317 0.854153 -0.513959 -0.079182 0.089157 -0.005276 0.996004
5.251326 -2.263877 144.636682 48.621082 -0.542275 -0.839887 -0.022945 0.838618 -0.539377 -0.076104 0.051543 -0.060511 0.996836
-0.940927 -4.747262 -17.747962 18.502438 0.491461 -0.457391 0.741121 0.826857 -0.022134 -0.561976 0.273447 0.888990 0.367319
-0.755418 -5.359470 -8.921482 31.005075 0.476513 -0.474287 0.740262 0.853243 0.046522 -0.519434 0.211922 0.879140 0.426850
-1.121361 -4.900271 -18.438903 -6.534422 0.448822 -0.478214 0.754898 0.859799 0.000882 -0.510631 0.243525 0.878243 0.411564
-1.138650 -4.179422 -22.907381 -5.952657 0.494395 -0.474500 0.728302 0.816407 -0.034168 -0.576465 0.298417 0.879592 0.370493
-1.012832 -4.173854 -22.794725 42.344837 0.579559 -0.455067 0.676037 0.733154 -0.071037 -0.676342 0.355805 0.887619 0.292464
2.109109 -3.674536 6.362004 57.703195 -0.898062 0.427054 -0.105403 0.423393 0.904208 0.056095 0.119262 0.005749 -0.992846
2.019833 -2.536806 3.742034 53.312569 -0.880780 0.452418 -0.139803 0.442342 0.891468 0.098067 0.168998 0.024534 -0.985311
2.094787 -2.836962 -1.755388 46.239042 -0.875556 0.473103 -0.097851 0.462861 0.879494 0.110682 0.138424 0.051617 -0.989027
-97.962085 -992.724106 -9210.374175 -149575.145598 -0.332861 0.047294 -0.941789 0.889080 0.348554 -0.296728 0.314231 -0.936095 -0.158068
-34.658934 -435.843281 -1841.400533 -36791.939729 -0.293323 -0.049828 -0.954714 0.571613 0.791330 -0.216921 0.766303 -0.609355 -0.203632
-14.940431 -267.224237 -1131.610211 -24955.053454 -0.194595 0.059811 -0.979058 0.896447 0.415989 -0.152762 0.398141 -0.907401 -0.134567
-12.334738 -777.472351 -581.333264 -83738.154853 -0.052053 0.266940 -0.962306 0.972012 -0.207514 -0.110141 -0.229093 -0.941106 -0.248667
3.116452 -42.134108 51.260585 908.959879 0.305002 0.752497 -0.583714 0.726524 0.212432 0.653480 0.615741 -0.623394 -0.481915
1.983456 -9.749735 0.087109 329.752154 -0.458155 -0.060505 -0.886811 0.291380 0.932330 -0.214147 0.839757 -0.356511 -0.409522
1.262356 -22.296248 -30.211497 828.502840 -0.455946 -0.121762 -0.881639 0.328254 0.897754 -0.293746 0.827262 -0.423334 -0.369358
0.945198 -8.007414 -5.875890 318.289187 -0.364485 0.039287 -0.930380 0.360753 0.927047 -0.102182 0.858492 -0.372881 -0.352067
2.114838 -4.001767 11.421503 55.780624 -0.310601 0.151808 -0.938340 0.356661 0.933651 0.032991 0.881090 -0.324422 -0.344137
2.457331 -5.558990 33.346229 131.529565 -0.398298 0.118297 -0.909596 0.305319 0.952199 -0.009856 0.864951 -0.281642 -0.415377
-6.732165 -31.335277 -196.771806 544.591944 0.060875 0.394234 0.916992 -0.138258 0.913170 -0.383413 -0.988524 -0.103441 0.110095
-6.954583 -31.242941 -214.641734 -660.629135 0.083799 0.370343 0.925108 -0.512844 0.812013 -0.278613 -0.854382 -0.451088 0.257974
-11.794817 -30.689069 -251.623558 47.652622 0.259100 0.361200 0.895769 -0.272996 0.917010 -0.290801 -0.926467 -0.169195 0.336204
-9.666161 -44.638778 -112.786854 1246.045644 0.166048 0.431896 0.886507 0.165044 0.874134 -0.456782 -0.972208 0.222160 0.073866
-14.148278 -42.878946 -268.578067 1303.944161 0.276770 0.444751 0.851818 0.104095 0.867354 -0.486685 -0.955281 0.223370 0.193761
-11.313287 -16.083926 346.019729 304.773453 0.104213 -0.215662 0.970891 -0.027246 0.975221 0.219549 -0.994182 -0.049333 0.095755
-15.610294 -16.905692 541.662663 35.057148 0.114993 -0.534746 0.837152 -0.345136 0.768734 0.538451 -0.931481 -0.350850 -0.096161
-9.176664 -13.580914 292.113330 93.610326 0.201673 -0.550889 0.809845 -0.311616 0.747783 0.586273 -0.928560 -0.370596 -0.020858
-7.004692 -12.627896 231.576668 298.513099 0.179505 -0.234496 0.955400 -0.117653 0.959087 0.257506 -0.976696 -0.158629 0.144572
-6.049178 -11.910652 134.315726 270.555955 0.259332 -0.477940 0.839238 -0.206724 0.821357 0.531637 -0.943404 -0.311361 0.114202
5.150544 -10.656199 -40.333803 49.150265 0.850948 -0.450275 -0.270443 0.468082 0.883684 0.001527 0.238298 -0.127889 0.962735
5.501241 -9.408805 -67.869036 91.208700 0.869555 -0.386333 -0.307605 0.429236 0.899283 0.083944 0.244194 -0.205029 0.947804
5.654295 -10.504940 -72.699826 -67.663299 0.884359 -0.382644 -0.267382 -0.434180 -0.884625 -0.170074 0.171455 -0.266499 0.948463
11.034107 -9.258606 -287.821273 -95.968493 0.840890 -0.184645 -0.508733 -0.462761 0.242117 -0.852779 -0.280635 -0.952515 -0.118148
9.181360 -9.844858 -223.066349 -82.388020 0.825714 -0.300991 -0.477076 -0.422556 0.230233 -0.876607 -0.373689 -0.925417 -0.062921
11.754768 -9.724483 -225.549171 -46.880498 0.824480 -0.195041 -0.531217 -0.517291 0.120841 -0.847235 -0.229438 -0.973322 0.001262
11.557471 -10.370595 -148.653586 124.550181 0.813369 -0.164719 -0.557941 -0.561591 0.027953 -0.826943 -0.151809 -0.985944 0.069769
12.660606 -8.578670 -120.962900 83.412811 0.819760 -0.037579 -0.571473 -0.567527 0.080596 -0.819400 -0.076851 -0.996038 -0.044742
10.012086 -11.151607 -229.226446 44.492294 0.796607 -0.349608 -0.493145 -0.535306 -0.028989 -0.844160 -0.280829 -0.936448 0.210240
12.658524 -7.806049 -94.511442 -43.388460 0.846078 0.044847 -0.531169 -0.530506 0.168236 -0.830819 -0.052102 -0.984726 -0.166132
11.819559 -8.144794 -175.063379 -105.147972 0.869853 -0.056060 -0.490116 -0.464715 0.240231 -0.852249 -0.165519 -0.969095 -0.182914
-3.572461 -5.722310 18.335961 24.604872 -0.149303 0.947612 -0.282384 0.986729 0.124351 -0.104414 -0.063829 -0.294226 -0.953602
-2.252283 -6.029649 130.076658 18.146472 -0.416619 0.894707 -0.161023 0.883556 0.356840 -0.303306 -0.213910 -0.268636 -0.939190
-2.539255 -5.561840 100.924107 18.038035 -0.378545 0.907934 -0.179888 0.921185 0.350638 -0.168736 -0.090126 -0.229584 -0.969107
-3.916124 -5.339612 5.950064 37.014619 -0.069006 0.961754 -0.265081 0.997163 0.074506 0.010737 0.030076 -0.263588 -0.964166
-1.515589 -6.256127 -38.696986 -33.508740 0.860716 -0.244589 0.446480 0.328140 -0.403977 -0.853889 -0.389220 -0.881464 0.267449
-1.877533 -5.640971 -46.423451 -32.985201 0.868563 -0.242516 0.432185 0.265710 -0.508249 -0.819195 -0.418326 -0.826359 0.377008
-1.073378 -5.437143 -25.743100 -30.805423 0.871815 -0.269421 0.409085 0.233985 -0.504649 -0.831012 -0.430336 -0.820209 0.376920
0.960833 -1.906157 21.676439 19.158897 0.999114 -0.024413 0.034288 0.039036 0.842128 -0.537864 0.015743 -0.538726 -0.842334
0.659108 -2.485953 31.478435 17.329595 0.995699 -0.041423 0.082872 0.078938 0.847573 -0.524775 0.048502 -0.529060 -0.847197
1.382785 -1.762886 22.599641 -23.576757 0.961123 0.241062 -0.134651 -0.276070 0.829778 -0.485030 0.005191 -0.503347 -0.864069
1.355595 -1.240721 -1.174529 -1.164338 0.967236 0.186577 -0.172171 -0.248810 0.831469 -0.496743 -0.050474 -0.523306 -0.850649
-0.554816 -8.358655 13.930399 -161.502062 0.877437 -0.453019 -0.157727 -0.045431 0.248850 -0.967476 -0.477535 -0.856065 -0.197769
-0.280384 -7.506168 3.766977 -87.524146 0.859997 -0.507289 -0.055345 0.059364 0.207174 -0.976501 -0.506835 -0.836503 -0.208283
0.274355 -6.870936 4.109317 65.803387 0.868781 -0.483742 -0.105889 -0.008909 0.198529 -0.980055 -0.495116 -0.852396 -0.168168
0.216642 -6.776040 2.282091 -4.115591 0.871623 -0.455537 -0.180996 -0.082664 0.227354 -0.970297 -0.483156 -0.860695 -0.160511
0.362357 -17.051981 -2.256364 0.069026 0.919181 -0.379316 -0.105950 0.173877 0.149471 0.973358 0.353374 0.913114 -0.203345
0.411284 -18.275447 -1.749036 21.454155 0.919437 -0.382127 -0.092812 0.089086 -0.027475 0.995645 0.383013 0.923701 -0.008780
0.166783 -17.131135 -6.463360 41.729603 0.927148 -0.364032 -0.088755 0.149225 0.141456 0.978633 0.343698 0.920582 -0.185473
0.125662 -16.223930 -6.355443 -58.795991 0.923974 -0.369088 -0.100232 0.236141 0.344399 0.908640 0.300849 0.863228 -0.405372
1.298648 -3.672778 -11.397151 9.296317 0.809158 -0.554064 -0.195644 0.076273 0.429183 -0.899991 -0.582620 -0.713313 -0.389537
2.259336 -3.583160 -4.866172 6.328312 0.807252 -0.577526 -0.121686 0.172426 0.427949 -0.887203 -0.564458 -0.695215 -0.445043
1.369575 -4.045785 -29.471988 0.077465 0.792364 -0.537152 -0.289183 0.019646 0.496255 -0.867955 -0.609732 -0.682055 -0.403768
1.889838 -3.511348 0.818870 4.387823 0.810015 -0.586061 -0.020207 0.225592 0.343234 -0.911756 -0.541280 -0.733977 -0.410235
0.871861 -3.989121 -5.021331 2.119832 0.791804 -0.493296 -0.360146 -0.081919 0.498553 -0.862980 -0.605257 -0.712814 -0.354346
0.677696 -3.621654 -1.847113 16.017772 0.809781 -0.520503 -0.270798 -0.021771 0.434563 -0.900378 -0.586328 -0.735005 -0.340569
1.127926 -3.509223 -29.751670 11.032240 0.806592 -0.586888 -0.070512 0.154189 0.324053 -0.933389 -0.570645 -0.741992 -0.351870
2.234981 -9.667645 -5.138956 129.221982 0.825608 -0.491469 -0.277182 0.563276 0.689126 0.455877 0.033036 0.532506 -0.845781
2.086035 -8.010486 12.132372 23.365980 0.798602 -0.554434 -0.234173 0.576508 0.592951 0.562181 0.172839 0.583962 -0.793168
2.258872 -8.157359 -11.321814 26.089006 0.817353 -0.497120 -0.291214 0.564318 0.588929 0.578540 0.116099 0.637209 -0.761896
-0.228084 -8.011485 13.654773 8.965008 0.900784 -0.390180 0.190652 -0.426041 -0.879052 0.213908 -0.084131 0.273911 0.958068
-0.488917 -8.316688 3.552418 1.746984 0.902145 -0.378526 0.207007 -0.418410 -0.884622 0.205856 -0.105201 0.272326 0.956437
-0.238681 -7.804387 11.642056 -7.869766 0.883860 -0.424458 0.196537 0.438406 0.898217 -0.031721 -0.163069 0.114200 0.979983
0.164421 -7.457709 22.970723 -8.141520 0.882357 -0.432539 0.185353 0.447662 0.892953 -0.047269 -0.145066 0.124683 0.981535
0.289403 -7.684424 26.156823 13.912557 0.899972 -0.397037 0.180034 -0.430834 -0.873098 0.228215 -0.066577 0.282952 0.956821
37.230746 -6.837684 1911.519394 -148.886324 0.943233 -0.230521 0.239105 -0.194221 0.201161 0.960111 0.269424 0.952048 -0.144969
46.492111 -7.220358 2052.699141 -130.077447 0.968775 -0.199918 0.146657 -0.129666 0.095658 0.986933 0.211335 0.975132 -0.066749
143.425575 -3.981801 9468.683150 -94.176106 0.994543 -0.103215 -0.015166 0.027202 0.116225 0.992850 0.100714 0.987845 -0.118398
-0.737284 -14.558769 13.728344 75.915446 0.878167 -0.176078 0.444770 0.146049 0.984085 0.101222 -0.455514 -0.023931 0.889907
-0.513523 -14.728895 18.280767 80.405420 0.884953 -0.169742 0.433642 0.160797 0.985309 0.057536 -0.437037 0.018812 0.899247
-0.653941 -13.929028 19.591387 46.433618 0.881746 -0.177893 0.436897 0.220810 0.974084 -0.049019 -0.416854 0.139693 0.898175
-0.883910 -14.735285 2.889083 -12.440872 0.872750 -0.177325 0.454822 0.203635 0.979005 -0.009059 -0.443666 0.100524 0.890536
-0.679988 -14.072682 15.539666 -33.281632 0.885610 -0.171844 0.431468 0.276622 0.941434 -0.192828 -0.373062 0.290124 0.881279
-0.847185 -14.332939 0.694073 -66.238632 0.878099 -0.166057 0.448739 0.259546 0.953186 -0.155154 -0.401967 0.252709 0.880091
-1.188568 -13.474423 -44.210307 454.521996 0.902530 -0.144556 0.405640 0.095703 -0.851084 -0.516234 -0.419858 -0.504737 0.754294
-1.257429 -14.522016 -5.310491 451.421600 0.923349 -0.120191 0.364665 0.070183 -0.880911 -0.468049 -0.377493 -0.457766 0.804953
-1.279285 -16.647254 -42.613780 -245.052739 0.896196 -0.125304 0.425596 -0.004874 0.956449 0.291860 -0.443631 -0.263638 0.856555
-0.738672 -14.638072 -26.561439 -325.269227 0.896493 -0.139902 0.420389 -0.060801 0.901013 0.429510 -0.438866 -0.410613 0.799246
121.291625 14.767485 -11008.044754 -721.198682 -0.387141 -0.847446 0.363259 0.794726 -0.106950 0.597471 -0.467474 0.519997 0.714893
32.857278 1.606855 2645.814080 -262.399032 0.680564 0.718345 -0.144268 0.646205 -0.495680 0.580276 -0.345327 0.488142 0.801540
28.716459 2.965496 760.458318 -541.822719 0.423607 0.896051 0.132854 0.620457 -0.393868 0.678160 -0.659993 0.204843 0.722806
40.452553 0.507938 3585.547193 69.471651 0.841585 0.509000 -0.180704 0.520331 -0.674281 0.524024 -0.144883 0.535036 0.832313
49.831444 6.489197 -2802.495488 -616.829223 0.267023 0.830108 0.489509 0.569753 -0.545655 0.614526 -0.777226 -0.114807 0.618659
98.780260 -27.122097 -7127.823234 -3874.516368 0.666281 0.472066 0.577256 -0.215435 0.862958 -0.457047 -0.713903 0.180160 0.676671
396.017901 13.879150 -34601.084293 -423.182428 -0.653337 -0.684586 0.323252 0.698226 -0.379829 0.606803 -0.292629 0.622150 0.726152
45.178189 -13.744800 3548.394379 430.512740 0.983581 0.153603 -0.094731 0.178058 -0.740547 0.647986 -0.029380 0.654214 0.755739
-2.277767 -10.399761 80.580200 -10.542967 0.823142 -0.255696 0.507008 0.448800 -0.254048 -0.856761 -0.347874 -0.932781 0.094361
-3.457137 -10.630818 63.899752 -99.627312 0.802430 -0.324970 0.500501 0.400392 -0.328709 -0.855358 -0.442484 -0.886761 0.133651
-3.053628 -10.795980 61.728951 -44.998774 0.811435 -0.295471 0.504252 0.465626 -0.194617 -0.863317 -0.353221 -0.935319 0.020340
-2.538993 -11.306696 60.688666 -14.330819 0.852753 -0.247422 0.459995 0.454693 -0.081742 -0.886889 -0.257037 -0.965454 -0.042795
-3.670494 -15.552917 46.769164 -399.460997 0.909344 -0.302028 0.286132 0.293259 -0.022523 -0.955768 -0.295114 -0.953033 -0.068091
-4.473514 -85.136310 11.461035 -853.540697 0.923242 -0.357312 0.141249 -0.369371 -0.724205 0.582316 0.105775 0.589792 0.800598
-3.188282 -115.491484 -146.116560 -5094.467784 0.919260 -0.295634 0.259926 -0.392125 -0.629614 0.670690 0.034626 0.718462 0.694704
-1.815054 -218.140755 -219.796952 10366.969995 0.981914 -0.110954 0.153409 -0.153011 -0.942267 0.297861 -0.111504 0.315947 0.942202
0.235671 -2.430071 -19.189738 21.387528 0.893617 -0.448452 -0.018417 0.230100 0.492973 -0.839066 -0.385360 -0.745566 -0.543718
0.582681 -2.360215 -19.501009 29.200319 0.908072 -0.415285 -0.054257 0.190547 0.525028 -0.829480 -0.372957 -0.742889 -0.555894
-0.003460 -2.196465 -27.589075 2.659555 0.876468 -0.481121 0.018071 0.288639 0.495039 -0.819526 -0.385345 -0.723505 -0.572756
-0.332621 -2.381711 -10.878946 -7.499522 0.834460 -0.536140 0.127399 0.396525 0.423631 -0.814435 -0.382681 -0.730130 -0.566096
-0.598205 -2.654759 -12.212891 -33.295588 0.781942 -0.584980 0.215326 0.502357 0.386858 -0.773291 -0.369058 -0.712839 -0.596369
-0.184312 -2.367649 -33.455364 -25.462337 0.829782 -0.545925 0.115878 0.408852 0.453316 -0.792051 -0.379871 -0.704607 -0.599356
-2.933378 -5.134406 -27.677208 114.280531 0.643729 -0.349194 0.680938 0.558277 -0.394295 -0.729971 -0.523392 -0.850056 0.058872
-3.330132 -4.691038 56.129258 54.363615 -0.406490 0.191569 -0.893346 0.763306 -0.466158 -0.447282 -0.502126 -0.863712 0.043263
-3.596104 -6.431702 -59.775740 98.983722 0.622371 -0.294435 0.725232 0.575525 -0.455834 -0.678960 -0.530495 -0.839954 0.114244
-2.624323 -6.420000 -11.111560 99.008382 0.729286 -0.417978 0.541697 0.383878 -0.405405 -0.829629 -0.566374 -0.812983 0.135203
-2.468880 -4.887187 -14.062943 107.797499 0.692690 -0.412468 0.591650 0.476015 -0.354831 -0.804677 -0.541839 -0.839027 0.049447
-3.360500 -7.775594 32.778083 -31.019030 0.361272 0.817082 -0.449288 0.873201 -0.465481 -0.144390 -0.327113 -0.340154 -0.881642
-4.970630 -8.037157 159.828083 18.114833 0.030899 0.927400 -0.372793 0.978143 -0.104785 -0.179599 -0.205623 -0.359096 -0.910368
-4.381199 -7.626088 40.372805 47.084167 0.156252 0.881246 -0.446084 0.961821 -0.238494 -0.134246 -0.224692 -0.408077 -0.884865
-157.759171 -230.988004 2245.378938 11356.117409 -0.792483 0.284494 0.539475 0.236548 0.958675 -0.158075 -0.562153 0.002340 -0.827030
-152.848315 -262.169700 2230.920385 558.424611 0.279473 0.939034 -0.200276 0.953753 -0.295548 -0.054826 -0.110675 -0.175691 -0.978204
-168.081957 -252.882752 6278.308972 -7174.625425 -0.769265 0.180790 0.612818 -0.165753 0.869828 -0.464678 -0.617055 -0.459037 -0.639162
-127.223091 -438.053428 -3118.317082 38834.049474 0.233116 0.765058 -0.600286 -0.341218 0.642397 0.686219 -0.910619 -0.044859 -0.410804
-73.138064 -9075.539745 3931.614739 1114392.911679 -0.465549 -0.212135 0.859222 0.144838 0.939497 0.310431 -0.873090 0.268969 -0.406657
-12.463028 -19.950359 -38.133486 840.205142 0.456175 -0.266004 0.849203 0.649198 -0.553204 -0.522021 0.608643 0.789435 -0.079669
-3.201606 -11.246244 241.908617 -327.664432 0.763437 -0.636003 -0.112537 0.159174 0.016403 0.987114 0.625961 0.771512 -0.113758
-4.099651 -10.831790 -193.199923 388.920233 -0.351260 0.402185 0.845496 0.707720 -0.477169 0.521001 0.612983 0.781382 -0.117024
-13.651205 -56.807543 -127.153472 2345.585187 0.157624 -0.046576 0.986400 0.846279 -0.508385 -0.159238 0.508888 0.859869 -0.040718
-20.562171 -52.182598 -205.197972 1930.462389 0.301626 -0.248561 0.920456 0.840885 -0.385670 -0.379698 0.449370 0.888525 0.092683
-8.821944 -26.080595 -216.094415 1004.141506 -0.013046 0.208597 0.977915 0.829940 -0.543216 0.126945 0.557699 0.813267 -0.166036
-7.687773 -9.722098 -72.136314 84.960559 -0.793397 0.606923 -0.046536 0.571737 0.769269 0.285205 0.208897 0.199675 -0.957336
-7.867906 -12.369839 6.724727 200.857540 -0.447666 0.882907 0.141668 0.886012 0.416572 0.203593 0.120739 0.216661 -0.968752
5.454973 -9.442702 -151.322398 217.210509 -0.601779 0.717966 0.349838 0.797676 0.562069 0.218612 -0.039677 0.410613 -0.910946
4.106832 -8.347918 -14.605814 110.374605 -0.623321 0.729159 0.282485 0.781959 0.582710 0.221334 -0.003219 0.358854 -0.933388
4.336089 -7.228205 -144.655359 75.816749 -0.609322 0.733039 0.302293 0.790958 0.535085 0.296766 0.055789 0.419927 -0.905842
4.157522 -7.248783 61.346815 73.092377 -0.654858 0.702087 0.279706 0.751104 0.563628 0.343753 0.083694 0.435198 -0.896436
7.863932 -7.612003 -264.195611 203.788383 -0.579111 0.714525 0.392536 0.814719 0.489883 0.310238 0.029377 0.499469 -0.865834
4.934156 -6.617282 -228.237299 -8.599535 -0.615042 0.724713 0.310668 0.782209 0.511135 0.356218 0.099362 0.462096 -0.881246
3.253691 -6.645730 -74.507645 -25.953900 -0.645600 0.711452 0.277555 0.752090 0.529258 0.392742 0.132518 0.462301 -0.876765
-4.497118 -8.755018 -13.820241 14.103422 0.898436 -0.418106 -0.134162 -0.251108 -0.739861 0.624140 0.360218 0.527061 0.769707
-4.680732 -8.445166 -11.363439 -35.330286 0.859410 -0.470610 -0.199850 0.313576 0.793881 -0.520983 0.403837 0.385070 0.829841
0.497925 -20.380842 -30.239902 165.681417 -0.792410 0.606960 -0.060710 0.599385 0.793246 0.107234 0.113245 0.048585 -0.992379
0.366706 -21.866560 28.493932 91.573951 0.794372 -0.604786 0.056627 0.606324 0.783842 -0.134026 -0.036670 -0.140800 -0.989359
-0.353877 -20.095948 -25.455823 123.119516 -0.788710 0.611938 -0.058891 0.606131 0.790055 0.091751 0.102673 0.036669 -0.994039
0.754407 -22.338119 35.752312 160.547944 0.797854 -0.598547 0.071910 0.602731 0.789624 -0.114930 -0.012010 -0.135040 -0.990767
-0.186875 -18.018839 -29.135698 222.614132 -0.783965 0.617715 -0.061866 0.566166 0.752287 0.336927 0.254665 0.229112 -0.939496
1.009499 -23.140294 -30.825476 376.968361 -0.797000 0.600232 -0.067182 0.593317 0.798880 0.098822 0.112986 0.038900 -0.992835
0.743624 -19.380773 -36.278951 355.942808 -0.796646 0.600804 -0.066251 0.545567 0.761898 0.349097 0.260216 0.241962 -0.934742
-1.478288 -5.788918 -3.210106 7.082178 -0.059138 0.976046 0.209371 0.824040 0.166113 -0.541631 0.563436 -0.140499 0.814125
-1.141445 -5.696895 -14.996260 23.993223 -0.031162 0.974885 0.220520 0.782135 0.161154 -0.601909 0.622329 -0.153719 0.767513
-1.138421 -5.664562 -16.916542 -35.774242 -0.022179 0.976673 0.213581 0.867420 0.125019 -0.481615 0.497082 -0.174583 0.849959
-0.599259 -5.714991 -31.877786 -4.875224 0.022700 0.976213 0.215622 0.841872 0.097657 -0.530768 0.539199 -0.193574 0.819630
-0.502257 -5.638237 -44.456643 36.873154 0.002135 0.970097 0.242707 0.787847 0.147844 -0.597863 0.615868 -0.192493 0.763972
-0.650310 -5.720908 -25.169244 15.614867 -0.038413 0.968506 0.246009 0.727178 0.195951 -0.657887 0.685373 -0.153621 0.711804
-1.128213 -5.855725 -19.426689 16.155133 -0.041661 0.971048 0.235224 0.720096 0.192387 -0.666670 0.692623 -0.141610 0.707263
0.222237 -5.229385 44.485371 -8.432270 -0.981430 0.186307 0.045653 0.185166 0.982305 -0.028107 -0.050082 -0.019132 -0.998562
-0.037047 -5.588815 -76.529452 20.608803 0.956451 -0.285550 -0.060524 0.289150 0.955234 0.062616 -0.039935 0.077390 -0.996201
-0.664214 -7.318272 -5.248681 40.129628 0.904932 -0.383585 0.184285 0.006838 0.446095 0.894960 0.425502 0.808617 -0.406308
-0.794210 -8.551544 -5.916651 45.690124 0.901162 -0.406495 0.150564 0.133619 0.590906 0.795598 0.412375 0.696844 -0.586817
-0.553884 -7.590867 -4.846487 50.013164 0.910418 -0.384125 0.153582 0.034384 0.440226 0.897228 0.412258 0.811572 -0.413998
-0.862786 -8.227870 -3.371862 42.795506 0.893040 -0.413077 0.178459 0.113930 0.591240 0.798408 0.435316 0.692678 -0.575063
-0.414771 -6.631731 -4.345425 38.027278 0.912203 -0.366406 0.183392 -0.074378 0.292070 0.953500 0.402932 0.883426 -0.239175
-0.503855 -6.492421 -5.592579 29.012632 0.905846 -0.365311 0.214455 -0.103803 0.299398 0.948465 0.410692 0.881424 -0.233288
-0.721216 -7.076296 -3.071955 30.846761 0.896218 -0.386771 0.217260 -0.019790 0.454405 0.890575 0.443173 0.802449 -0.399592
-1.476254 -17.765380 68.626318 368.591743 -0.653652 0.682802 0.326376 0.742681 0.495843 0.450072 0.145479 0.536583 -0.831213
-0.476821 -12.316640 48.707375 259.442832 -0.638293 0.707995 0.302199 0.700836 0.372064 0.608603 0.318451 0.600259 -0.733674
-2.341715 -16.735619 -38.236076 418.263699 0.713720 -0.664393 -0.221779 0.637362 0.484731 0.599003 0.290471 0.568874 -0.769421
-0.888183 -8.394752 31.824058 -193.656068 -0.643449 0.764072 0.046549 -0.069447 -0.118826 0.990484 -0.762332 -0.634093 -0.129521
-0.918486 -11.501080 39.141604 -240.797623 -0.634451 0.772689 -0.020576 -0.010894 0.017679 0.999784 -0.772886 -0.634539 0.002799
0.060958 -12.172609 35.662739 -207.074095 -0.634768 0.771631 0.040671 0.061734 -0.001823 0.998091 -0.770232 -0.636067 0.046479
-1.050738 -4.508624 -54.114632 10.177088 0.972588 -0.087261 0.215539 -0.131828 -0.970482 0.201956 -0.191554 0.224834 0.955383
-1.031058 -5.062432 -66.901229 39.000743 0.928057 -0.242660 0.282534 -0.316690 -0.913395 0.255766 -0.196002 0.326841 0.924531
-0.296736 -4.713301 -20.657721 32.252603 0.935229 -0.247775 0.252892 -0.319812 -0.897652 0.303219 -0.151879 0.364457 0.918751
1.209399 -5.389533 27.681353 -12.618359 0.810511 -0.584875 0.031511 0.281260 0.435827 0.854955 0.513774 0.684088 -0.517745
1.388324 -5.083930 -8.400348 -19.304889 0.826863 -0.561934 0.022984 0.321293 0.505521 0.800761 0.461594 0.654735 -0.598542
1.160745 -5.012922 17.873106 -19.472610 0.811490 -0.583333 0.034753 0.337478 0.516366 0.787067 0.477067 0.626969 -0.615887
-1.215600 -15.798349 -20.510116 -410.964703 0.865233 -0.456312 -0.207728 -0.023004 0.377754 -0.925620 -0.500842 -0.805656 -0.316348
82.157278 1.087157 2359.030999 -93.610173 0.861156 0.402409 -0.310609 0.289066 0.114973 0.950380 -0.418153 0.908212 0.017313
5.528160 -13.047292 59.315379 -317.404050 -0.607393 0.794059 0.023328 0.790976 0.601789 0.110484 0.073692 0.085560 -0.993604
5.902088 -12.098225 -24.436696 296.565742 -0.608846 0.790940 -0.060996 -0.789676 -0.611609 -0.048449 0.075626 -0.018669 -0.996961
5.669231 -16.285178 -1.290863 436.888129 -0.636777 0.768306 -0.064964 -0.748492 -0.636181 -0.187170 0.185133 0.070560 -0.980177
5.306707 -16.611322 -80.939362 417.002859 -0.643424 0.754292 -0.130574 -0.734489 -0.656368 -0.172355 0.215711 0.014993 -0.976342
4.854017 -16.096133 -141.869525 446.473655 -0.634549 0.751883 -0.178939 -0.744567 -0.656786 -0.119382 0.207286 -0.057478 -0.976590
-2.924904 -13.305525 -24.356772 -345.797169 0.826117 -0.542109 0.153779 -0.309889 -0.664998 -0.679519 -0.470636 -0.513708 0.717360
-1.858333 -14.117824 60.525117 -286.187957 0.846149 -0.523522 0.099785 -0.288277 -0.607075 -0.740511 -0.448250 -0.597817 0.664595
-0.368451 -14.039201 152.603067 -193.113646 0.858112 -0.510377 0.056218 -0.339583 -0.646231 -0.683424 -0.385133 -0.567364 0.727853
-1.153766 -5.221897 84.333076 -0.583245 0.808444 -0.588571 0.001535 -0.237630 -0.324013 0.915722 0.538470 0.740675 0.401809
-0.848342 -5.372584 95.371835 6.532917 0.775644 -0.621968 0.107387 -0.261493 -0.161813 0.951545 0.574454 0.766142 0.288149
0.703016 -5.519162 123.137307 3.771060 0.795268 -0.605658 0.026969 -0.271303 -0.315751 0.909228 0.542166 0.730397 0.415424
0.506504 -5.449621 122.489873 -2.778132 0.810110 -0.584709 -0.042876 -0.271567 -0.439056 0.856435 0.519590 0.682163 0.514471
1.541073 -37.358546 -68.539162 120.900510 0.640249 -0.689597 0.338433 0.502305 0.709166 0.494746 -0.581180 -0.146764 0.800431
1.365454 -37.327299 -41.484663 1007.753753 0.639598 -0.693657 0.331293 0.706962 0.700026 0.100838 -0.301861 0.169715 0.938124
4.117760 -39.144345 -221.699767 593.734175 0.614186 -0.682147 0.396801 0.571737 0.731213 0.372080 -0.543960 -0.001660 0.839110
0.028319 -39.806199 -3.837655 842.831844 0.636194 -0.684382 0.356199 0.694365 0.709148 0.122339 -0.336324 0.169501 0.926367
3.750255 -35.703151 182.527827 -274.967872 -0.619251 0.692635 -0.369844 0.393298 0.681290 0.617382 -0.679592 -0.236856 0.694302
3.533981 -43.242574 191.281288 -926.968114 -0.609779 0.705944 -0.360296 0.189089 0.571042 0.798847 -0.769685 -0.418992 0.481696
0.734316 -34.800120 88.802987 -705.388151 -0.626994 0.691701 -0.358370 0.277690 0.628250 0.726767 -0.727851 -0.356163 0.585987
-0.353007 -35.554495 -28.046511 -144.143167 0.631985 -0.679546 0.372576 0.466822 0.717555 0.516906 -0.618605 -0.152750 0.770711
-8.800657 -186.394057 -1026.050898 5402.996120 0.337777 -0.087355 0.937164 -0.108644 0.985410 0.131010 -0.934935 -0.146069 0.323358
-18.920561 -271.566802 719.642954 6063.117862 0.767144 -0.115462 0.630998 -0.386852 0.701390 0.598663 0.511699 0.703363 -0.493400
4.690533 -191.754634 267.202700 2742.485176 -0.828952 0.117445 -0.546851 0.113842 0.992668 0.040623 0.547612 -0.028580 -0.836244
-0.734020 -185.904174 -176.657799 5830.902908 -0.778751 0.276700 -0.563013 0.395863 0.912973 -0.098859 0.486662 -0.299862 -0.820514
-30.201567 -180.267657 -1350.449607 -1078.856584 -0.669614 0.214124 -0.711174 0.346114 0.937173 -0.043719 0.657132 -0.275422 -0.701656
-111.900001 -265.135763 4883.817284 1178.438316 0.610584 -0.279272 0.741076 -0.521874 0.561961 0.641753 0.595680 0.778593 -0.197380
548.781155 -1485.571377 33519.568697 -315323.369601 0.763054 -0.191724 0.617244 -0.604178 -0.550834 0.575805 -0.229603 0.812296 0.536151
-0.093833 -2.305763 27.069925 -47.893381 0.725159 -0.478964 0.494710 0.594789 0.797694 -0.099553 0.346945 -0.366439 -0.863338
1.235470 -3.055071 -88.236484 -61.943979 -0.648175 0.579465 -0.494055 0.671337 0.741062 -0.011586 0.359411 -0.339187 -0.869354
1.920318 -2.893892 158.871343 -83.781740 0.662700 -0.548790 0.509567 0.661232 0.748226 -0.054123 0.351569 -0.372809 -0.858727
2.370598 -2.403885 146.503636 -67.200506 0.687303 -0.510106 0.517114 0.637602 0.764721 -0.093088 0.347963 -0.393693 -0.850839
0.149953 -1.427128 49.456105 -8.466147 0.770896 -0.398299 0.497068 0.532253 0.831482 -0.159200 0.349894 -0.387293 -0.852982
1.852374 -1.026720 -28.043211 114.683219 0.994276 -0.083416 0.066768 -0.090026 -0.990596 0.103033 -0.057545 0.108454 0.992435
2.437706 -1.293092 -47.773117 77.052687 0.986318 -0.157197 0.049659 -0.162695 -0.976781 0.139390 -0.026595 0.145562 0.988992
1.170430 -2.611438 -2.272969 62.661537 0.963356 -0.246929 0.104743 -0.259177 -0.957524 0.126395 -0.069083 0.148911 0.986435
2.435983 0.096563 -36.128941 118.512337 0.996025 -0.088088 0.013207 -0.088975 -0.990874 0.101255 -0.004167 0.102027 0.994773
1.545689 -0.577283 -17.990218 -141.438345 0.996557 0.007356 0.082589 -0.001174 0.997209 -0.074651 -0.082908 0.074297 0.993784
2.120069 0.722204 -35.562393 103.024567 0.965647 0.259501 0.013580 0.257546 -0.962708 0.082850 -0.034573 0.076507 0.996469
-0.987113 -5.097486 5.180372 38.269885 0.477690 -0.486797 0.731328 0.854822 0.065467 -0.514776 0.202713 0.871058 0.447398
-0.742383 -5.820790 -4.139487 48.855064 0.455309 -0.478882 0.750577 0.882908 0.134204 -0.449958 0.114746 0.867560 0.483914
-300.570498 -820.597609 -22425.191491 -53014.945353 -0.435048 -0.181844 -0.881854 0.471995 0.787989 -0.395340 0.766781 -0.588223 -0.256983
-89.855595 -355.387476 -8435.563487 27769.907083 -0.364983 -0.057658 -0.929227 0.127209 0.985632 -0.111123 0.922283 -0.158764 -0.352404
0.761268 -28.147095 53.959730 1165.161739 -0.417377 -0.025749 -0.908369 0.380583 0.902758 -0.200460 0.825199 -0.429377 -0.366991
-3.804669 -27.660423 -223.734839 47.391311 -0.066266 0.359651 0.930731 -0.301554 0.881945 -0.362269 -0.951144 -0.304672 0.050011
-16.726488 -21.670053 -338.768978 787.237966 0.042072 0.716727 -0.696084 -0.051721 0.697329 0.714883 -0.997775 -0.005925 -0.066408
-19.534298 -24.427530 -306.773192 569.216187 -0.006748 0.936167 -0.351490 -0.322127 0.330725 0.887048 -0.946672 -0.119210 -0.299333
-6.018632 -8.900989 -35.993661 -2.833783 0.966267 -0.167990 0.195214 0.257026 0.580934 -0.772304 -0.016333 -0.796427 -0.604515
-6.002213 -8.811673 -38.111832 80.502952 0.974618 -0.215501 0.060647 0.191678 0.663297 -0.723392 -0.115665 -0.716656 -0.687768
-6.186349 -8.965103 -47.645250 38.500282 0.955998 -0.191958 0.221855 0.292558 0.680100 -0.672216 0.021846 -0.707543 -0.706333
-6.832290 -9.131167 2.368476 -20.788210 0.909789 -0.132030 0.393513 0.386069 0.617339 -0.685451 0.152431 -0.775539 -0.612621
-6.559452 -8.702336 7.528345 -50.087282 0.912688 -0.125321 0.388968 0.396822 0.499200 -0.770281 0.097640 -0.857376 -0.505343
9.611338 -9.355963 -174.829096 -35.184804 0.878429 -0.174663 -0.444809 -0.356651 0.379904 -0.853507 -0.318061 -0.908387 -0.271425
-3.804482 -6.438162 61.015254 40.800967 -0.172226 0.936763 -0.304651 0.975359 0.118879 -0.185855 -0.137885 -0.329153 -0.934155
