14962
29915
-5.869633 -8.290176 -49.145522 -199.409729 0.132300 0.979732 0.150405 0.990957 -0.127305 -0.042410 -0.022403 0.154655 -0.987714
-6.639040 -8.983853 84.696539 -126.571082 -0.299248 0.932451 0.202451 0.951354 0.275266 0.138397 0.073320 0.234017 -0.969464
-6.878833 -11.247479 -70.019456 -334.570052 0.384560 0.903840 0.187584 0.918827 -0.394324 0.016323 0.088722 0.166079 -0.982113
-5.063869 -7.237002 13.201287 -92.347341 -0.585875 0.789620 0.182350 0.809646 0.580032 0.089645 -0.034983 0.200160 -0.979139
-4.440607 -11.288898 -171.728689 -302.312117 0.350305 0.935350 0.049065 0.936572 -0.349189 -0.030005 -0.010932 0.056464 -0.998345
-4.764350 -6.640634 -88.882799 124.031191 0.017872 0.995284 0.095345 -0.994029 0.007421 0.108867 -0.107646 0.096722 -0.989473
4.305883 -12.471092 -232.614554 -58.373320 -0.398002 0.911835 0.100754 0.282223 0.017198 0.959195 -0.872894 -0.410197 0.264186
-0.383420 -11.752492 -187.780730 -39.690087 -0.425742 0.901912 0.072790 0.240388 0.035186 0.970039 -0.872328 -0.430485 0.231789
2.695523 -11.833777 -238.007425 -139.953211 -0.434895 0.898292 0.062749 0.104392 -0.018919 0.994356 -0.894410 -0.438991 0.085546
-0.171961 -10.840917 -219.090608 -118.658310 -0.452531 0.891364 0.026185 0.005155 -0.026748 0.999629 -0.891734 -0.452498 -0.007510
0.257857 -6.595261 -12.158638 38.838451 -0.210425 0.967004 0.143610 0.647383 0.027759 0.761659 -0.732541 -0.253243 0.631864
0.357269 -6.792379 -10.619229 16.017805 -0.198292 0.968540 0.150370 0.564602 -0.012534 0.825268 -0.801190 -0.248544 0.544354
0.605004 -6.233205 -3.772400 44.330219 -0.222126 0.968611 0.111587 0.662136 0.065846 0.746485 -0.715707 -0.239700 0.655979
0.598360 -5.795293 -4.294602 57.223750 -0.237252 0.965469 0.107616 0.723702 0.101759 0.682569 -0.648048 -0.239823 0.722854
0.201863 -6.210552 -37.798560 52.729941 -0.210647 0.963404 0.165772 0.714608 0.036042 0.698596 -0.667055 -0.265619 0.696049
-2.282553 -6.682822 47.913109 -38.498170 0.734314 0.630749 0.250878 0.673480 -0.723189 -0.153042 -0.084901 -0.281342 0.955844
-2.718274 -7.224939 -48.012263 -34.829547 -0.680844 -0.669060 -0.298010 0.724308 -0.675462 -0.138306 -0.108760 -0.310016 0.944490
-1.453671 -7.016522 83.231499 -56.778224 0.833430 0.508723 0.215860 0.552330 -0.779572 -0.295294 -0.018055 -0.365333 0.930702
-0.905028 -6.294777 88.413554 -53.341482 0.875547 0.447920 0.181069 0.481166 -0.842217 -0.243208 -0.043562 -0.300064 0.952924
1.524534 -7.967577 31.194762 67.221969 0.263250 0.963596 -0.046712 -0.127091 -0.013358 -0.991801 0.956320 -0.267028 -0.118948
1.515447 -9.120736 -4.949609 63.036123 0.289267 0.955899 -0.050800 0.035034 -0.063605 -0.997360 0.956607 -0.286724 0.051888
1.352541 -8.592662 57.432569 60.150016 0.229037 0.971877 -0.054746 -0.047726 -0.044961 -0.997848 0.972247 -0.231157 -0.036086
1.758731 -8.214068 -53.291903 74.343541 0.336614 0.939907 -0.057152 -0.110939 -0.020687 -0.993612 0.935085 -0.340804 -0.097309
1.720874 -6.933716 -26.722506 59.101508 0.318807 0.946807 -0.043799 -0.255148 0.041225 -0.966023 0.912832 -0.319150 -0.254718
0.808643 -11.384581 -9.993036 34.771241 0.170755 0.984329 0.044035 0.790402 -0.110156 -0.602603 0.588309 -0.137703 0.796825
0.854457 -11.536115 10.593075 -21.174993 0.178930 0.983859 -0.002184 0.675246 -0.124418 -0.727024 0.715561 -0.128612 0.686609
0.945874 -10.874876 -7.760347 25.394396 0.189307 0.981493 0.028896 0.729817 -0.120955 -0.672857 0.656910 -0.148465 0.739208
-2.281618 -13.650902 29.567206 -27.098790 0.107720 0.985986 -0.127393 0.880927 -0.154057 -0.447475 0.460829 0.064022 0.885177
-2.152353 -14.235833 15.695858 -31.165216 0.127820 0.987234 -0.095035 0.778412 -0.159237 -0.607221 0.614603 -0.003639 0.788829
-2.038559 -13.878544 22.042487 -29.076730 0.105874 0.986313 -0.126404 0.777683 -0.161347 -0.607599 0.619678 0.033973 0.784121
-1.733678 -14.551371 20.084158 -37.459949 0.111245 0.981657 -0.154837 0.768247 -0.183782 -0.613205 0.630413 0.050737 0.774600
1.865443 -6.854572 31.443267 -8.115665 0.597300 0.801408 -0.031270 -0.732685 0.529391 -0.427688 0.326198 -0.278369 -0.903385
1.526811 -7.040712 2.920525 1.724065 0.651951 0.756902 -0.045375 0.716347 -0.595191 0.364136 0.248609 -0.269903 -0.930240
1.907450 -7.456598 -44.569079 -4.463154 0.652967 0.751293 -0.095881 0.693538 -0.542236 0.474327 0.304368 -0.376217 -0.875112
2.393958 -7.094429 -0.310057 -1.939223 0.594590 0.799881 -0.081566 -0.706293 0.471143 -0.528369 0.384204 -0.371772 -0.845088
2.556493 -7.775968 -50.679805 -27.823782 0.601198 0.785747 -0.145474 0.691642 -0.420477 0.587222 0.400240 -0.453653 -0.796246
2.831748 -8.362768 -15.642616 -25.233418 0.659878 0.738711 -0.137359 0.666921 -0.491636 0.559920 0.346088 -0.461086 -0.817082
0.360746 -4.107246 -0.248972 -13.478381 -0.301194 0.945650 0.122585 0.934159 0.266815 0.236975 -0.191388 -0.185890 0.963751
0.376607 -4.370715 -17.239337 -12.864596 -0.357419 0.926843 0.114954 0.908085 0.316117 0.274686 -0.218252 -0.202566 0.954638
0.489109 -4.303382 16.557557 -8.239656 -0.313066 0.943954 0.104596 0.921887 0.275566 0.272374 -0.228286 -0.181697 0.956489
0.123656 -3.637660 33.968244 63.567355 -0.222306 0.968028 0.116194 0.958770 0.195413 0.206334 -0.177031 -0.157273 0.971558
0.448932 -4.498740 35.961336 -0.186280 -0.245125 0.964223 0.100933 0.935310 0.207797 0.286383 -0.255163 -0.164603 0.952784
-1.440972 -3.981930 0.709050 -85.533706 -0.133178 0.990324 0.039024 -0.982665 -0.126820 -0.135225 0.128967 0.056357 -0.990046
-1.357800 -4.751858 -2.243865 -73.686355 -0.179342 0.982362 0.052922 -0.980464 -0.174060 -0.091615 0.080788 0.068318 -0.994387
-1.639839 -3.473759 -2.383110 -64.707486 -0.234388 0.970460 0.057182 -0.956870 -0.219920 -0.189827 0.171644 0.099209 -0.980151
-1.813449 -2.956899 0.192521 5.610474 -0.044551 0.995062 0.088694 -0.978433 -0.025535 -0.204981 0.201704 0.095914 -0.974739
-1.696392 -3.082252 4.003899 -50.573469 -0.156578 0.986902 0.038840 -0.970943 -0.146601 -0.189152 0.180981 0.067328 -0.981179
-1.867779 -2.681656 4.926871 -1.799802 -0.187772 0.977636 0.094704 -0.960769 -0.162779 -0.224559 0.204121 0.133155 -0.969848
-1.727331 -2.746181 -2.637188 -57.465773 -0.391324 0.918467 0.057301 -0.897199 -0.366931 -0.245754 0.204692 0.147580 -0.967637
-1.787786 -3.819729 -12.976281 -86.806735 -0.307823 0.948492 0.074890 -0.938477 -0.289734 -0.187925 0.156547 0.128130 -0.979324
2.074503 -15.516895 28.101053 -129.483545 0.116419 0.992786 -0.028678 -0.518462 0.085375 0.850828 -0.847139 0.084184 -0.524661
1.763729 -15.434022 -45.437776 -126.066468 0.034818 0.993877 -0.104863 -0.560502 0.106291 0.821304 -0.827421 -0.030180 -0.560771
2.180575 -14.902559 -9.462780 -25.159530 0.085081 0.993584 -0.074508 -0.698461 0.112804 0.706701 -0.710572 0.008086 -0.703578
-0.626792 -13.672871 -23.008320 102.097180 0.059161 0.987186 -0.148202 -0.431122 0.159170 0.888144 -0.900352 -0.011349 -0.435014
-0.652238 -12.928290 -34.279398 -57.493317 0.027436 0.993556 -0.109970 -0.263689 0.113308 0.957930 -0.964217 -0.002716 -0.265099
-0.633780 -12.745993 -13.282548 40.075232 0.057691 0.990012 -0.128641 -0.398305 0.140981 0.906354 -0.915437 0.001050 -0.402460
-3.352713 -21.154912 -26.570678 -543.100517 0.244235 0.921610 0.301636 0.634925 -0.387090 0.668605 -0.732953 -0.028220 0.679694
-3.248775 -21.156673 -67.869945 -163.865624 0.225295 0.906309 0.357555 0.793140 -0.383745 0.472937 -0.565837 -0.177041 0.805286
-3.970023 -22.856655 -20.800631 -288.263319 0.201674 0.948084 0.245895 0.840527 -0.296412 0.453491 -0.502834 -0.115225 0.856669
-4.459254 -23.467824 -3.946810 -157.497378 0.181349 0.964428 0.192328 0.912997 -0.237787 0.331503 -0.365444 -0.115477 0.923643
-3.572985 -22.345315 52.432760 -548.905269 0.242281 0.959487 0.143821 0.688960 -0.274519 0.670801 -0.683106 0.063436 0.727559
-3.484970 -21.564222 55.371113 -654.287064 0.274340 0.938114 0.211375 0.607678 -0.339480 0.717970 -0.745295 0.068520 0.663205
-5.206806 -13.761294 96.608183 102.021052 0.764441 0.491316 0.417418 -0.366035 -0.202222 0.908364 -0.530705 0.847180 -0.025252
-6.521658 -14.048429 40.751655 100.952054 0.746763 0.579167 0.326972 -0.336752 -0.094687 0.936820 -0.573535 0.809691 -0.124327
-5.890361 -12.939625 26.010734 123.679175 0.736198 0.598864 0.315237 -0.225844 -0.221699 0.948601 -0.637971 0.769552 0.027964
12.392612 -105.782461 648.655947 -4905.020815 -0.407174 0.693763 0.594055 -0.449921 0.413670 -0.791485 0.794846 0.589550 -0.143703
5.553896 -68.896552 -622.867494 -345.535007 0.569166 -0.558109 -0.603792 0.559517 -0.275191 0.781800 0.602487 0.782806 -0.155642
10.190297 -110.980906 554.025140 -5010.010606 -0.523673 0.647912 0.553152 0.764008 0.069908 0.641408 0.376906 0.758501 -0.531619
8.122992 -114.891799 129.589756 1250.843745 -0.282887 0.806695 0.518862 0.797252 -0.102994 0.594795 0.533258 0.581923 -0.614004
16.087999 -214.244306 105.421793 -13168.923936 -0.209764 0.898988 0.384474 -0.467170 0.253282 -0.847113 0.858924 0.357308 -0.366851
12.777188 -74.540693 -195.853464 -3495.479642 -0.171287 0.874538 0.453701 -0.026514 0.456248 -0.889458 0.984864 0.164382 0.054962
-220.281360 -1362.583964 9937.352829 101274.144928 -0.020952 0.957261 0.288466 -0.019670 0.288079 -0.957405 0.999587 0.025734 -0.012794
-45.802992 -676.393513 222.924414 -80548.001730 0.583069 0.757282 0.294201 0.159514 0.248368 -0.955442 0.796609 -0.604018 -0.024018
65.985349 -4211.374234 -10746.533874 -363604.536629 0.026333 0.999327 -0.025546 -0.973162 0.019783 -0.229268 0.228609 -0.030897 -0.973028
2.210118 -2.574078 180.497916 52.289137 0.176905 0.916859 -0.357875 -0.274475 0.395142 0.876656 -0.945181 0.056857 -0.321558
13.892856 -1.773176 683.029576 34.165993 0.035978 0.998127 -0.049479 -0.282474 0.057649 0.957541 -0.958600 0.020474 -0.284019
8.255820 -1.950135 355.852219 34.579086 0.000367 0.999810 0.019468 -0.325996 -0.018284 0.945194 -0.945371 0.006694 -0.325927
1.136127 -2.999575 117.768980 42.866823 0.143461 0.945022 -0.293859 -0.336104 0.325807 0.883677 -0.930835 0.028006 -0.364366
-0.755658 -3.469088 51.626107 -3.852141 0.823940 -0.565945 -0.028786 -0.565650 -0.818330 -0.101868 -0.034095 -0.100216 0.994381
-1.979662 -4.460315 65.447872 45.463896 0.536134 -0.840997 -0.072694 0.840178 0.523313 0.142284 -0.081619 -0.137359 0.987153
-0.977213 -3.702306 34.379028 40.629264 0.609085 -0.790239 -0.067364 0.789260 0.595587 0.149483 -0.078006 -0.144215 0.986467
-0.289197 -2.943730 29.169824 -13.441712 0.803891 -0.593588 -0.037588 -0.593327 -0.795918 -0.120321 -0.041504 -0.119027 0.992023
5.959276 -2.525237 -134.789320 8.416852 0.945704 -0.009884 0.324879 0.037360 0.996218 -0.078446 -0.322875 0.086324 0.942497
4.888726 -2.378510 -158.729597 22.031758 0.920937 0.001894 0.389707 0.050350 0.991029 -0.123800 -0.386446 0.133634 0.912580
6.061011 -2.085065 -15.472369 19.615651 0.972492 -0.039808 0.229510 0.071847 0.988512 -0.132977 -0.221580 0.145808 0.964180
5.621021 -1.959632 -144.708294 25.909696 0.933475 -0.025272 0.357752 0.085454 0.984458 -0.153430 -0.348314 0.173795 0.921126
6.325678 -1.687341 -20.756829 19.296142 0.973553 -0.035135 0.225744 0.075301 0.982238 -0.171868 -0.215696 0.184321 0.958906
3.951590 -43.356078 4.722026 -116.459678 0.037324 0.995714 0.084624 -0.956749 0.060055 -0.284649 0.288511 0.070339 -0.954889
3.879311 -52.370377 -44.188610 -670.238227 0.049809 0.997718 0.045593 0.998736 -0.049447 -0.009027 -0.006752 0.045985 -0.998919
3.972888 -47.023957 -58.331193 -721.296802 0.064678 0.997777 0.016084 -0.881317 0.064674 -0.468079 0.468078 -0.016099 -0.883540
-0.462232 -5.318008 2.582771 -83.074571 0.203551 0.976563 0.069934 -0.944745 0.177168 0.275806 -0.256952 0.122211 -0.958666
-0.043441 -5.607570 2.504918 -63.247539 0.151507 0.983919 0.094599 -0.934682 0.111471 0.337556 -0.321583 0.139563 -0.936540
0.165677 -4.213863 26.054795 -86.044684 0.225906 0.969714 0.092850 -0.949668 0.197992 0.242756 -0.217020 0.143017 -0.965634
-0.023508 -3.266788 15.756620 -63.928024 0.344404 0.937222 0.054774 -0.923216 0.327508 0.201025 -0.170466 0.119802 -0.978054
-5.999927 -9.103620 -21.348131 -65.674740 -0.422846 0.854902 0.300571 0.041191 0.349472 -0.936041 0.905265 0.383421 0.182987
-6.826567 -9.781264 15.646693 -31.696239 -0.292187 0.952289 0.088165 0.062413 0.110979 -0.991861 0.954323 0.284306 0.091862
-6.200734 -9.657847 -50.369012 -33.128005 -0.377599 0.905211 0.194968 -0.049880 0.190365 -0.980445 0.924625 0.379941 0.026730
-6.486869 -9.475166 -0.426204 -33.978861 -0.474664 0.828613 0.296808 -0.098824 0.284912 -0.953446 0.874602 0.481898 0.053351
-6.127243 -8.964327 11.820347 -48.194196 -0.503832 0.725239 0.469235 -0.076971 0.503367 -0.860638 0.860366 0.469734 0.197789
-5.385287 -8.275544 16.484587 -41.863168 -0.489698 0.683414 0.541424 0.012420 0.626381 -0.779418 0.871803 0.374955 0.315226
2.320128 -8.222094 96.293826 163.844281 -0.674873 -0.452625 -0.582818 -0.518707 0.852729 -0.061605 0.524870 0.260737 -0.810264
4.110096 -10.670036 104.564735 170.063147 -0.683791 -0.408135 -0.604860 -0.379410 0.906941 -0.183047 0.623280 0.104324 -0.775008
3.956052 -9.716464 -62.072124 197.021339 -0.579700 -0.474772 -0.662223 -0.524957 0.839183 -0.142102 0.623192 0.265262 -0.735709
2.463171 -7.531086 -90.967425 182.702137 -0.488312 -0.512761 -0.706136 -0.603039 0.783159 -0.151674 0.630789 0.351763 -0.691641
3.206773 -6.580233 -112.298461 151.506494 -0.541340 -0.469434 -0.697555 -0.599593 0.797138 -0.071134 0.589440 0.379741 -0.712992
3.237833 -6.271813 -26.209156 119.294063 -0.622412 -0.452492 -0.638635 -0.583644 0.811984 -0.006496 0.521501 0.368691 -0.769483
-1.034755 -2.593262 -71.800523 -41.523818 -0.315830 0.772838 -0.550430 -0.520942 -0.626106 -0.580181 0.793013 -0.103504 -0.600347
0.302676 -2.864018 -104.427718 -33.979889 -0.209997 0.860474 -0.464203 -0.593922 -0.489418 -0.638534 0.776632 -0.141610 -0.613832
-1.352590 -3.449116 -67.441570 -46.455982 -0.228517 0.865594 -0.445564 -0.604559 -0.484906 -0.631961 0.763079 -0.124956 -0.634111
-2.096513 -3.178902 -41.844360 -52.600531 -0.340549 0.785799 -0.516280 -0.529208 -0.614061 -0.585549 0.777152 -0.073811 -0.624969
-1.828123 -4.332885 -66.521371 -54.600887 -0.144657 0.924806 -0.351864 -0.676953 -0.351855 -0.646477 0.721671 -0.144678 -0.676948
-2.422744 -4.189992 -3.180665 -74.871733 -0.129551 0.962845 -0.236950 -0.656772 -0.262353 -0.706980 0.742877 -0.064032 -0.666358
-1.527273 -9.806009 -7.743538 20.312329 -0.086102 0.993037 0.080394 -0.219846 0.059766 -0.973702 0.971727 0.101512 -0.213170
-1.477766 -9.360957 -1.374119 21.558198 -0.086144 0.992315 0.088824 -0.392572 0.048133 -0.918461 0.915678 0.113989 -0.385409
-1.582989 -9.680918 7.113355 12.934817 -0.112911 0.988845 0.097145 -0.261051 0.064812 -0.963147 0.958699 0.134109 -0.250821
-1.713555 -9.489638 18.105142 6.840086 -0.113441 0.990635 0.075978 -0.105475 0.064032 -0.992358 0.987930 0.120588 -0.097224
-1.646647 -9.352632 4.426245 -26.031022 -0.138416 0.982613 0.123743 -0.147263 0.103137 -0.983705 0.979364 0.154383 -0.130427
0.366537 -10.396154 -27.900701 73.140769 -0.059434 0.992263 0.109000 0.779109 -0.022154 0.626497 -0.624064 -0.122158 0.771765
0.505276 -10.997429 -21.658338 30.405349 -0.077573 0.992873 0.090473 0.667348 -0.015708 0.744581 -0.740695 -0.118136 0.661373
0.801053 -11.078022 -12.865286 64.728979 -0.034562 0.994876 0.095015 0.731494 -0.039598 0.680697 -0.680972 -0.093029 0.726377
1.067147 -11.865988 4.752290 -3.417677 -0.018050 0.996945 0.075990 0.606001 -0.049543 0.793919 -0.795259 -0.060380 0.603256
1.113705 -11.348768 -10.378867 93.325283 -0.009676 0.995224 0.097139 0.740163 -0.058190 0.669904 -0.672357 -0.078381 0.736065
1.040167 -10.386924 -17.472890 131.525248 -0.008492 0.994349 0.105816 0.837038 -0.050825 0.544779 -0.547078 -0.093198 0.831877
0.543614 -10.408067 -32.946458 65.248530 -0.038835 0.991719 0.122413 0.850000 -0.031620 0.525832 -0.525349 -0.124472 0.841734
0.025661 -7.878590 20.712970 40.578375 -0.020761 0.990843 -0.133414 -0.667136 0.085660 0.739994 -0.744646 -0.104369 -0.659249
0.279227 -7.457431 28.422661 -7.176416 -0.049031 0.994290 -0.094778 -0.564476 0.050699 0.823891 -0.823992 -0.093897 -0.558767
0.507782 -7.043115 30.213364 6.209633 -0.053669 0.994509 -0.089841 -0.612308 0.038295 0.789691 -0.788796 -0.097392 -0.606891
0.303281 -7.383149 26.795887 50.640345 -0.037180 0.993452 -0.108030 -0.678806 0.054229 0.732312 -0.733375 -0.100559 -0.672346
0.867767 -6.993737 39.306385 -7.675430 -0.071924 0.995700 -0.058381 -0.596257 0.004000 0.802784 -0.799566 -0.092550 -0.593405
0.049714 -5.871181 -2.462569 39.924373 -0.050738 -0.980125 -0.191781 0.990437 -0.074049 0.116410 -0.128298 -0.184041 0.974509
0.073064 -5.182865 0.226893 51.300047 -0.111254 -0.974637 -0.194177 0.991783 -0.121308 0.040640 -0.063165 -0.188060 0.980124
-0.071697 -5.699860 0.504837 41.727583 -0.044211 -0.981142 -0.188163 0.985502 -0.073714 0.152815 -0.163804 -0.178678 0.970176
-1.742532 -9.361134 -64.103556 -221.954604 -0.182702 0.978233 0.098388 -0.422037 -0.168417 0.890797 -0.887978 -0.121227 -0.443621
-1.017124 -10.624324 -57.825921 -171.529538 -0.208322 0.971604 0.112197 -0.405483 -0.190187 0.894099 -0.890048 -0.140767 -0.433589
-1.899880 -14.671097 -61.984873 -405.437876 -0.206797 0.968439 0.139142 -0.268581 -0.192944 0.943736 -0.940797 -0.157791 -0.300004
-2.634696 -11.840177 -36.906832 -335.670577 -0.142087 0.984076 0.106794 -0.349555 -0.150821 0.924697 -0.926079 -0.094058 -0.365418
-2.135339 -8.710162 -29.498920 -66.228056 -0.088864 0.995972 0.011951 -0.460963 -0.051759 0.885909 -0.882959 -0.073216 -0.463706
-0.802849 -12.546191 -90.733682 22.836578 -0.037200 0.969528 -0.242141 -0.697715 -0.198668 -0.688276 0.715409 -0.143341 -0.683845
-1.604669 -11.085536 -70.418386 60.464494 -0.167367 0.934454 -0.314300 -0.719868 -0.333653 -0.608659 0.673631 -0.124384 -0.728526
-2.083542 -11.836306 -77.958798 61.840016 -0.068597 0.969372 -0.235823 -0.628999 -0.225502 -0.743982 0.774374 -0.097297 -0.625203
-2.965107 -12.405190 -55.525043 66.043552 -0.073170 0.974608 -0.211627 -0.501546 -0.219370 -0.836856 0.862031 -0.044908 -0.504862
-1.871924 -13.081478 -78.129358 38.989474 0.006313 0.982264 -0.187394 -0.516764 -0.157231 -0.841566 0.856104 -0.102152 -0.506607
2.345186 -32.948550 131.538462 810.587156 -0.379969 0.902365 0.203372 -0.714776 -0.146876 -0.683757 0.587128 0.405172 -0.700797
-0.141222 -33.286069 120.320449 717.147705 -0.371419 0.891201 0.260401 -0.690943 -0.077963 -0.718693 0.620198 0.446858 -0.644726
2.300278 -26.996007 169.129235 -847.256934 -0.389555 0.888110 0.243942 0.861593 0.257822 0.437248 0.325431 0.380511 -0.865625
4.607793 -24.152295 158.226131 626.700675 -0.398932 0.902261 0.163638 -0.849759 -0.296687 -0.435759 0.344619 0.312891 -0.885063
4.478305 -27.011767 169.919021 563.473802 -0.418775 0.897094 0.140890 -0.709956 -0.226701 -0.666761 0.566207 0.379248 -0.731833
2.435688 -30.949876 134.124402 336.592525 -0.404812 0.900566 0.158452 -0.497642 -0.071602 -0.864422 0.767124 0.428781 -0.477145
-4.364569 -9.984049 -37.553299 32.234726 -0.160091 0.987048 -0.010330 0.760969 0.116744 -0.638199 0.628727 0.110031 0.769802
-4.671709 -8.876505 2.643469 -55.840581 -0.195787 0.972825 -0.123608 0.764864 0.072604 -0.640087 0.613718 0.219864 0.758294
-4.730870 -8.750942 2.057398 41.079107 -0.313791 0.949426 -0.011241 0.773049 0.248587 -0.583610 0.551300 0.191821 0.811956
-4.201713 -9.330463 21.787620 119.839179 -0.488724 0.868366 0.084195 0.747645 0.466600 -0.472559 0.449640 0.168003 0.877268
-4.387571 -9.924097 -32.293284 109.655369 -0.341854 0.935304 0.091337 0.782009 0.337024 -0.524287 0.521151 0.107804 0.846629
3.601933 -7.408071 502.393102 336.303250 0.419320 -0.587342 0.692242 -0.302665 0.628448 0.716552 -0.855900 -0.509982 0.085753
-11.551046 -24.728451 444.954069 361.761106 0.177326 -0.302917 0.936374 -0.530904 0.771695 0.350183 -0.828672 -0.559221 -0.023978
7.613390 -47.367924 -218.484511 2778.810648 -0.410107 0.798302 -0.441051 -0.202804 0.391661 0.897481 -0.889204 -0.457510 -0.001276
-5.629131 -16.940823 350.311866 -890.923094 0.039524 0.130089 0.990714 -0.523303 0.847340 -0.090386 -0.851230 -0.514871 0.101566
4.276974 -4.134462 -158.290666 253.786462 -0.325781 0.714781 -0.618834 -0.265971 0.558820 0.785481 -0.907263 -0.420487 -0.008058
1.419237 -5.892241 264.742859 -269.896527 0.179449 -0.267101 0.946813 -0.421832 0.848576 0.319337 -0.888738 -0.456701 0.039605
-32.195745 -1262.818216 916.522300 -51650.254454 -0.030536 0.887913 0.458997 0.523063 -0.377119 0.764321 -0.851747 -0.263424 0.452919
176.488928 -5055.381877 -1786.637039 -2369179.842042 0.033846 0.966875 0.252996 -0.903107 -0.078839 0.422117 -0.428080 0.242769 -0.870523
33.952681 -224.660268 -39060.946959 180740.941048 -0.192725 0.614290 0.765183 -0.061263 0.770748 -0.634188 -0.979339 -0.169101 -0.110909
-166.781656 -648.111053 -7380.357735 -25491.300700 0.023457 -0.856651 -0.515363 0.958836 -0.126645 0.254154 -0.282990 -0.500111 0.818417
-0.214748 -4.449266 51.972729 -39.789431 0.261605 0.893217 0.365687 -0.592645 0.447702 -0.669578 0.761797 0.041557 -0.646482
-0.745050 -4.118066 30.734294 -54.554872 0.266942 0.901017 0.341921 -0.571836 0.433676 -0.696368 0.775723 0.009632 -0.631001
-0.470416 -4.971121 55.137460 -36.113579 0.266753 0.889057 0.372049 -0.644798 0.451547 -0.616718 0.716295 0.075385 -0.693713
0.417741 -5.107530 69.590087 -27.427591 0.247834 0.897798 0.364058 -0.672949 0.429861 -0.601962 0.696934 0.095806 -0.710707
2.129351 -2.595135 -3.395695 -67.486332 0.256631 0.959248 0.118250 0.926906 -0.278930 0.251084 -0.273835 -0.045171 0.960715
2.765917 -0.595258 -30.411593 -124.320149 0.404452 0.904764 0.133492 0.859010 -0.425913 0.284079 -0.313880 0.000225 0.949463
2.436092 -2.106540 -47.411709 -64.274264 0.277723 0.954719 0.106684 0.924072 -0.295850 0.242001 -0.262605 -0.031375 0.964393
2.140173 -3.439948 -20.086903 -8.398185 0.150402 0.984659 0.088463 0.966736 -0.165207 0.195263 -0.206882 -0.056152 0.976753
7.033439 0.558695 -461.154500 -15.078691 0.869100 -0.094090 0.485605 -0.009060 0.978548 0.205818 -0.494554 -0.183276 0.849604
8.151692 0.801923 -416.239683 -10.006713 0.893520 -0.087777 0.440360 -0.000621 0.980464 0.196696 -0.449022 -0.176025 0.876010
3.778102 0.652734 -453.081048 -6.928148 0.862997 -0.092682 0.496636 -0.005747 0.981164 0.193091 -0.505177 -0.169492 0.846209
-0.101256 -10.146043 -10.312053 108.203018 0.052696 0.980976 -0.186839 -0.862709 0.138953 0.486237 -0.502948 -0.135565 -0.853619
0.064989 -8.750840 16.686278 90.220858 0.016653 0.987561 -0.156354 -0.818951 0.103185 0.564511 -0.573622 -0.118646 -0.810482
-0.035787 -10.126277 -4.784858 87.968007 0.056035 0.982346 -0.178484 -0.903474 0.125977 0.409713 -0.424965 -0.138297 -0.894583
2.645756 -15.647656 9.458720 -24.393803 0.034807 0.996759 0.072523 -0.369788 -0.054572 0.927512 -0.928464 0.059102 -0.366690
1.948643 -13.340423 2.561762 -46.651743 0.035442 0.995680 0.085826 -0.274760 -0.072862 0.958748 -0.960859 0.057561 -0.270990
1.196373 -32.672210 21.532285 -1260.682505 0.010826 0.997135 -0.074869 -0.232890 0.075329 0.969581 -0.972443 -0.006939 -0.233038
2.106041 -17.671927 -22.246891 -159.747539 -0.003224 0.999899 -0.013840 -0.393771 0.011453 0.919137 -0.919203 -0.008413 -0.393694
3.327574 -20.284090 2.284245 440.846530 0.047089 0.994204 0.096645 -0.546159 -0.055383 0.835848 -0.836357 0.092143 -0.540386
10.134340 -52.810129 -165.046427 -1352.866176 -0.110375 0.906107 0.408396 -0.823513 0.146680 -0.548006 0.556456 0.396806 -0.730001
7.207052 -45.247452 -117.658784 134.863750 -0.010602 0.954496 0.298035 -0.954962 0.078724 -0.286093 0.296537 0.287645 -0.910673
7.378289 -59.916424 -220.404330 -1868.812785 0.042161 0.966483 0.253243 -0.626134 0.223079 -0.747123 0.778575 0.127065 -0.614553
8.521181 -44.357827 -205.738996 -338.633970 -0.105320 0.914276 0.391161 0.989327 0.056505 0.134307 0.100691 0.401131 -0.910470
10.009058 -42.694533 -209.223267 -1287.984553 -0.101468 0.924931 0.366344 -0.517376 0.265467 -0.813541 0.849721 0.272086 -0.451601
10.307190 -37.433320 17.241352 -1073.679408 -0.216980 0.830757 0.512603 -0.551278 0.329081 -0.766680 0.805613 0.448941 -0.386574
8.840153 -42.670927 19.551745 -51.825342 -0.184531 0.817662 0.545323 0.976239 0.088358 0.197863 0.113601 0.568878 -0.814539
9.977504 -51.749997 95.868114 1643.547452 -0.213297 0.776132 0.593400 0.812516 -0.196352 0.548874 0.542514 0.599221 -0.588738
-1.965355 -4.937514 -174.373042 72.093423 0.158621 0.717435 -0.678327 -0.070786 0.693520 0.716951 -0.984799 0.065707 -0.160791
0.360426 -4.564127 -72.479884 45.996467 0.152202 0.789749 -0.594248 -0.037096 0.605394 0.795061 -0.987653 0.098966 -0.121439
-0.208290 -4.583952 -131.334227 50.728427 0.054770 0.957972 -0.281586 -0.074126 0.285132 0.955618 -0.995744 0.031467 -0.086628
-3.089819 -6.125051 132.336418 175.068276 0.006675 0.978446 0.206397 -0.253689 -0.197992 0.946806 -0.967263 0.058680 -0.246899
-3.622024 -7.563445 96.448946 353.998656 -0.263258 -0.126201 0.956435 0.003077 0.991292 0.131647 -0.964721 0.037600 -0.260577
-1.623288 -6.675366 -31.218606 226.633157 -0.029038 0.983600 0.178010 -0.198283 -0.180214 0.963435 -0.979715 0.007320 -0.200264
-7.737351 -10.812176 85.007130 -134.316599 -0.045150 0.964705 0.259432 0.976769 -0.011827 0.213970 0.209486 0.263066 -0.941760
-5.927173 -10.217153 -35.964273 -104.492578 -0.400250 0.887228 0.229403 0.893694 0.322516 0.311922 0.202760 0.329862 -0.921998
-5.294714 -8.530289 -29.254334 -101.262197 -0.561252 0.802556 0.202239 0.825970 0.527595 0.198540 0.052640 0.278474 -0.959000
7.877909 -13.319391 -176.448749 -119.507046 -0.250413 0.964386 0.085160 0.272968 -0.014064 0.961920 -0.928861 -0.264123 0.259725
8.922649 -12.527379 -106.983508 -209.713602 -0.191397 0.980291 0.048955 0.066432 -0.036825 0.997111 -0.979262 -0.194096 0.058074
10.224707 -14.134232 -45.066550 -184.949199 -0.007716 0.999809 0.017984 0.242103 -0.015581 0.970126 -0.970220 -0.011840 0.241936
8.478815 -14.624164 -99.371743 34.763094 -0.122631 0.990086 0.068488 0.523017 0.005824 0.852302 -0.843454 -0.140339 0.518547
5.652134 -13.354188 -194.563550 52.408333 -0.310738 0.941515 0.130351 0.482905 0.038259 0.874837 -0.818685 -0.334792 0.466550
3.283492 -6.676718 -139.391118 0.088605 -0.249607 0.963939 -0.092296 0.967227 0.243601 -0.071625 -0.046559 -0.107149 -0.993152
3.144857 -6.912343 -131.400893 21.630336 -0.213579 0.970587 -0.111110 -0.956940 -0.184964 0.223729 -0.196597 -0.154110 -0.968297
1.363276 -7.179545 -220.378788 0.970083 -0.273121 0.949908 -0.151918 0.957866 0.253952 -0.134166 -0.088866 -0.182161 -0.979245
0.521109 -7.010085 -196.855657 21.790630 -0.310248 0.941435 -0.132084 0.950318 0.310831 -0.016715 0.025319 -0.130708 -0.991098
0.688526 -6.322942 -20.011003 28.637540 -0.219699 0.967781 0.123014 0.610606 0.038070 0.791019 -0.760850 -0.248899 0.599297
0.717651 -6.634875 -26.904176 17.196525 -0.201410 0.967895 0.150378 0.534104 -0.020170 0.845178 -0.821077 -0.250545 0.512894
0.480563 -6.964968 -11.382089 2.485359 -0.185771 0.968426 0.166256 0.460208 -0.063742 0.885520 -0.868158 -0.241016 0.433836
-3.031996 -6.810073 -13.686556 -1.280408 -0.568541 -0.761899 -0.310276 0.796643 -0.603997 0.023401 -0.205235 -0.233875 0.950358
0.272649 -7.369370 43.936283 45.360343 0.204204 0.971608 -0.119493 -0.293160 -0.055767 -0.954435 0.934001 -0.229930 -0.273449
0.782578 -7.975315 63.438986 49.291819 0.206788 0.975253 -0.078231 -0.133580 -0.051068 -0.989721 0.969224 -0.215112 -0.119714
-0.008173 -7.685872 26.136121 30.473790 0.216868 0.970107 -0.108906 -0.178045 -0.070384 -0.981502 0.959827 -0.232246 -0.157459
-0.372828 -7.861835 6.199760 36.479398 0.223836 0.961867 -0.157193 -0.231004 -0.104331 -0.967343 0.946855 -0.252838 -0.198842
-0.524925 -7.579309 12.118670 5.782039 0.203375 0.962230 -0.180975 -0.368613 -0.095991 -0.924613 0.907063 -0.254753 -0.335169
0.237891 -7.056321 48.662208 -14.209644 0.195270 0.968468 -0.154725 -0.390501 -0.067941 -0.918092 0.899655 -0.239696 -0.364921
0.880604 -6.880990 71.637954 41.473454 0.204682 0.973696 -0.100105 -0.316523 -0.030935 -0.948080 0.926239 -0.225741 -0.301865
-0.239396 -7.435314 44.553220 -20.321070 0.177083 0.966927 -0.183558 -0.405554 -0.098246 -0.908776 0.896754 -0.235372 -0.374744
0.711279 -11.885786 9.193201 17.052523 0.149658 0.988721 0.005680 0.767582 -0.112561 -0.630989 0.623233 -0.098792 0.775771
0.684908 -12.339115 3.672960 -40.780230 0.177783 0.983862 -0.020202 0.665828 -0.135381 -0.733720 0.724614 -0.116992 0.679152
0.819055 -11.633664 16.522808 -34.547491 0.187196 0.981707 -0.034760 0.532976 -0.131227 -0.835893 0.825163 -0.137949 0.547791
0.982815 -10.912468 9.525622 -37.999354 0.205358 0.978650 -0.008532 0.571080 -0.126905 -0.811026 0.794793 -0.161678 0.584948
0.654251 -12.049652 7.711092 -63.743358 0.184631 0.982190 -0.034833 0.584574 -0.138240 -0.799477 0.790054 -0.127245 0.599687
-2.087343 -13.246443 -34.385761 -34.584237 0.115632 0.989100 -0.091159 0.183695 0.068897 0.980566 -0.976158 0.130130 0.173727
-2.058948 -12.918465 -38.690254 -43.464275 0.103211 0.989193 -0.104138 -0.030022 0.107748 0.993725 -0.994206 0.099437 -0.040818
-1.939192 -13.390484 -79.235102 -56.537353 0.072157 0.994710 -0.073109 0.144174 0.062128 0.987600 -0.986918 0.081803 0.138929
-2.220078 -12.499923 5.047197 -66.555785 0.155449 0.980163 -0.122944 0.009391 0.122985 0.992364 -0.987799 0.155417 -0.009914
-1.883904 -14.060872 -54.850006 -13.554343 0.070296 0.996310 -0.049250 0.391146 0.017888 0.920155 -0.917640 0.083947 0.388445
-2.445127 -12.947678 14.681207 -30.670251 0.164172 0.978867 -0.121933 0.220814 0.084005 0.971691 -0.961399 0.186449 0.202356
-2.205494 -13.531156 -26.375685 -13.938140 0.126828 0.988436 -0.083126 0.392947 0.026881 0.919168 -0.910773 0.149240 0.384993
0.801381 -7.049326 38.065185 -4.295897 0.561043 0.827306 -0.028186 -0.795731 0.529621 -0.293793 0.228129 -0.187259 -0.955453
0.319261 -3.742620 0.612825 12.148694 0.372539 -0.921671 -0.108344 0.913712 0.343869 0.216527 -0.162311 -0.179660 0.970246
-0.226178 -3.825621 19.190584 26.925016 0.465220 -0.880012 -0.095650 0.873622 0.439034 0.209844 -0.142672 -0.181186 0.973045
-0.618244 -4.784309 75.051103 16.672830 0.362374 -0.919482 -0.152441 0.909948 0.313630 0.271352 -0.201693 -0.237044 0.950332
-1.042324 -5.251268 -11.120639 -74.291572 -0.084975 0.995921 0.030348 -0.995563 -0.083630 -0.043133 0.040419 0.033878 -0.998608
-1.102982 -5.690289 -5.520317 57.686694 -0.146253 0.988053 0.048589 0.989205 0.146523 -0.002039 -0.009135 0.047767 -0.998817
1.931362 -17.328483 37.493681 289.778512 0.168424 0.985196 -0.031974 -0.871464 0.163983 0.462234 -0.460635 0.049987 -0.886181
1.932783 -20.972264 0.768044 393.533042 0.159371 0.984785 -0.069277 -0.925401 0.173465 0.336962 -0.343852 -0.010407 -0.938966
1.593829 -22.008449 60.952302 369.303838 0.187134 0.982262 -0.011893 -0.960473 0.185496 0.207565 -0.206090 0.027419 -0.978149
1.312229 -20.316623 41.046536 363.523426 0.198243 0.979956 -0.019623 -0.912631 0.191851 0.360968 -0.357497 0.053651 -0.932372
1.299070 -15.936241 39.191914 184.723327 0.174215 0.984647 -0.010947 -0.801433 0.148240 0.579422 -0.572149 0.092171 -0.814954
-1.598561 -15.897619 49.835597 -188.567352 0.238728 0.966488 -0.094389 0.773598 -0.248031 -0.583118 0.586988 -0.066187 0.806885
-1.495236 -15.542611 29.662735 -237.866502 0.290122 0.951276 -0.104419 0.781198 -0.298440 -0.548328 0.552774 -0.077511 0.829719
-2.022879 -17.989452 18.644225 -159.177891 0.293104 0.949501 -0.111971 0.607832 -0.275459 -0.744757 0.737991 -0.150231 0.657876
-2.210675 -18.522501 -18.015254 -451.624618 0.248335 0.903146 0.350224 0.534964 -0.429282 0.727688 -0.807553 -0.006647 0.589757
0.044346 -65.339692 -458.265912 -1100.319519 0.566312 -0.556396 -0.608041 -0.250244 0.586838 -0.770064 0.785282 0.588255 0.193098
-4.164927 -97.843933 275.683025 -1125.840104 -0.464269 0.577104 0.671867 0.540844 -0.415995 0.731051 0.701386 0.702780 -0.118990
-4.196715 -105.487921 331.738374 -3648.166598 -0.397801 0.612082 0.683454 0.847829 -0.039446 0.528801 0.350629 0.789810 -0.503250
-25.292449 -2177.960204 13658.980965 191913.887405 0.079048 -0.268085 -0.960147 0.991454 0.121416 0.047725 0.103783 -0.955714 0.275391
826.938937 9.256210 -2186819.139939 -4369.139557 0.975381 0.218356 0.030871 0.209336 -0.872731 -0.441042 0.069362 -0.436647 0.896955
-1.699371 -3.946252 72.466528 -17.636962 0.769659 -0.637885 -0.026984 -0.637980 -0.766768 -0.071055 -0.024635 -0.071903 0.997107
-2.754403 -5.571403 -60.809430 71.018339 -0.290961 0.951488 0.100065 0.944916 0.269403 0.185891 -0.149915 -0.148640 0.977462
-1.907339 -5.128358 88.753408 53.827688 0.358062 -0.923543 -0.137330 0.919439 0.323153 0.224062 -0.162552 -0.206494 0.964851
-3.002964 -5.121412 -44.024476 72.411708 -0.370324 0.928089 0.038875 0.925022 0.364632 0.106662 -0.084817 -0.075460 0.993535
-2.468345 -7.314184 39.791259 97.104854 -0.487758 0.780102 0.391833 0.848187 0.529696 0.001257 -0.206572 0.332960 -0.920036
-2.762474 -6.290695 51.966815 80.612455 -0.442909 0.810405 0.383504 0.887602 0.456678 0.060059 -0.126466 0.366999 -0.921584
-3.739182 -7.893046 103.976766 104.667517 -0.531700 0.761082 0.371549 0.820293 0.571939 0.002306 -0.210748 0.306005 -0.928410
-1.937909 -6.218591 13.612107 85.381005 -0.439147 0.799714 0.409398 0.885972 0.461067 0.049708 -0.149008 0.384545 -0.911001
-2.682355 -8.767184 56.586224 -85.580313 -0.518075 0.755431 0.401151 -0.792532 -0.600362 0.107045 -0.321701 0.262468 -0.909736
-1.923927 -7.455628 7.540203 97.383055 -0.486177 0.769116 0.414840 0.839576 0.542782 -0.022368 -0.242372 0.337415 -0.909619
-2.397812 -14.703809 27.041354 -33.266453 0.277431 0.937263 -0.211114 0.544128 0.027814 0.838541 -0.791806 0.347511 0.502275
-2.472704 -14.074320 30.861858 -45.616516 0.282985 0.941236 -0.184374 0.327748 0.085763 0.940864 -0.901388 0.326679 0.284219
-2.418097 -13.841224 19.549189 -53.476430 0.252788 0.951190 -0.177018 0.397688 0.064638 0.915241 -0.882010 0.301760 0.361938
2.595369 -37.379232 -16.306323 -960.202895 0.036577 -0.278873 -0.959631 0.735051 0.658072 -0.163222 0.677025 -0.699407 0.229056
1.866117 -41.071280 50.913494 0.055338 -0.005310 -0.304008 -0.952655 0.323947 0.900771 -0.289256 0.946060 -0.310146 0.093699
1.406982 -34.721551 104.995276 -480.068704 -0.066060 -0.257186 -0.964101 0.509815 0.821877 -0.254178 0.857744 -0.508304 0.076824
-0.258799 -26.796673 164.715270 251.088847 -0.100897 -0.268919 -0.957864 0.231237 0.930072 -0.285474 0.967651 -0.250297 -0.031657
0.075607 -24.524954 53.414169 103.834157 -0.021350 -0.175808 -0.984193 0.457943 0.873356 -0.165944 0.888725 -0.454247 0.061864
1.200004 -26.498063 39.542644 -377.532042 -0.013481 -0.134166 -0.990867 0.696732 0.709523 -0.105551 0.717205 -0.691792 0.083913
2.460141 -32.626146 14.951423 -1068.496835 -0.007941 -0.208821 -0.977922 0.828773 0.545835 -0.123285 0.559529 -0.811454 0.168731
-0.111011 -7.335656 -9.550685 -86.660610 0.098216 0.989499 0.106043 -0.909920 0.046141 0.412209 -0.402987 0.136976 -0.904897
-0.051606 -6.212680 35.527556 -33.547510 0.119770 0.984203 0.130384 -0.914577 0.058281 0.400189 -0.386268 0.167177 -0.907110
-7.272588 -9.924536 13.635058 29.284425 -0.312660 0.947817 0.062343 -0.124516 0.024169 -0.991923 0.941669 0.317897 -0.110462
-8.760693 -10.158052 33.922572 -76.558825 -0.254465 0.775120 -0.578305 0.086461 -0.577360 -0.811899 0.963209 0.256601 -0.079900
-8.093902 -8.715254 75.703329 29.225036 0.979233 -0.183489 -0.086227 -0.109046 -0.835234 0.538974 0.170916 0.518379 0.837897
-8.660463 -9.012834 108.648508 -52.915844 0.984813 0.004044 -0.173574 0.116917 -0.754520 0.645778 0.128353 0.656264 0.743534
-8.764522 -8.916507 52.182772 40.078028 0.887100 -0.395557 0.237882 -0.460325 -0.720225 0.519015 0.033971 0.569922 0.820996
-8.864942 -9.269383 7.992860 21.321427 0.039705 -0.747531 0.663039 0.993361 0.101230 0.054645 -0.107968 0.656468 0.746588
-8.723552 -8.831107 108.558867 39.322851 -0.054909 -0.890685 0.451292 0.998465 -0.052292 0.018278 0.007319 0.451603 0.892189
-8.802786 -9.546823 36.060500 -67.187747 0.359028 -0.758513 0.543835 0.924461 0.369132 -0.095464 -0.128336 0.537029 0.833744
0.741217 -8.483409 195.182549 87.649079 -0.725545 -0.398753 -0.560875 -0.419042 0.902493 -0.099554 0.545883 0.162799 -0.821893
3.250268 -9.697663 189.773407 72.883897 -0.755054 -0.301719 -0.582117 -0.239231 0.953397 -0.183855 0.610461 0.000440 -0.792046
6.512248 -11.654504 46.086267 41.205936 -0.684670 -0.324060 -0.652850 -0.138671 0.937278 -0.319813 0.715540 -0.128435 -0.686664
-4.400668 -41.406916 36.124205 -2055.277035 0.179540 0.031911 -0.983233 0.060770 0.997205 0.043461 0.981872 -0.067554 0.177099
-4.349037 -40.525015 86.028352 -1878.495105 0.169386 0.187843 -0.967483 -0.072197 0.981396 0.177904 0.982902 0.039715 0.179796
-7.017962 -56.961126 98.171942 -2558.598384 0.247176 -0.138142 -0.959073 0.123911 0.986165 -0.110109 0.961015 -0.091623 0.260874
-1.831497 -38.592217 95.473293 -1803.712671 0.116899 0.281073 -0.952540 -0.069691 0.959073 0.274448 0.990696 0.034301 0.131703
-3.461644 -8.444005 -77.699710 79.489112 0.005477 0.851027 0.525093 0.343930 0.491463 -0.800110 0.938979 -0.184978 0.290002
-2.081299 -30.392228 77.208204 -1554.679987 0.101288 0.294330 -0.950321 0.009336 0.954911 0.296746 0.994813 -0.038928 0.093973
-3.370684 -6.231406 -73.505626 130.732500 0.009274 0.850301 0.526215 0.193530 0.514762 -0.835204 0.981051 -0.109584 0.159785
0.755051 -2.178584 -123.220580 -19.196879 -0.205370 0.873584 -0.441219 -0.569747 -0.473277 -0.671861 0.795746 -0.113403 -0.594918
1.766101 -2.550349 -105.729255 -25.246357 -0.218400 0.870954 -0.440160 -0.595809 -0.476230 -0.646697 0.772861 -0.121012 -0.622931
0.109109 -10.517579 -14.058222 50.379593 -0.073978 0.993419 0.087438 0.776409 0.002347 0.630225 -0.625873 -0.114511 0.771473
-0.036019 -10.636757 -15.923110 45.219640 -0.096731 0.993103 0.066246 0.742082 0.027605 0.669741 -0.663293 -0.113945 0.739634
0.791314 -19.276644 37.963808 -134.474551 -0.009280 0.961516 -0.274592 -0.746334 -0.189419 -0.638049 0.665507 -0.199016 -0.719370
1.565296 -18.858916 45.570844 -120.810032 -0.037774 0.946258 -0.321198 -0.730124 -0.245592 -0.637655 0.682270 -0.210428 -0.700163
0.190448 -16.597337 27.130281 -151.608184 -0.008764 0.955070 -0.296251 -0.550941 -0.251852 -0.795634 0.834498 -0.156244 -0.528395
1.875968 -19.978484 49.268257 -39.829344 -0.011917 0.955218 -0.295664 -0.868098 -0.156627 -0.471035 0.496250 -0.251052 -0.831089
-0.361885 -17.707255 20.862014 -175.878777 0.024539 0.969702 -0.243056 -0.580933 -0.184033 -0.792874 0.813581 -0.160655 -0.558816
1.381813 -19.610583 41.565426 21.449546 0.015013 0.964118 -0.265048 -0.910559 -0.096335 -0.401997 0.413106 -0.247377 -0.876441
0.324428 -19.239311 37.032902 -52.568757 0.026360 0.970874 -0.238135 -0.802372 -0.121536 -0.584318 0.596241 -0.206475 -0.775799
-0.251674 -7.872989 27.892206 41.830903 -0.006266 0.990808 -0.135128 -0.625404 0.101558 0.773664 -0.780276 -0.089358 -0.619019
-0.074471 -7.668163 29.257695 -11.308788 -0.025468 0.993317 -0.112576 -0.532343 0.081842 0.842563 -0.846146 -0.081388 -0.526700
0.147376 -5.380282 -3.477564 42.472976 -0.126806 -0.972997 -0.192868 0.991578 -0.129505 0.001398 -0.026338 -0.191066 0.981224
0.189188 -4.871832 0.754874 20.755534 -0.192682 -0.961802 -0.194451 0.981044 -0.184650 -0.058799 0.020648 -0.202095 0.979148
0.154633 -4.533453 1.780676 30.191651 -0.179189 -0.962792 -0.202295 0.983651 -0.179081 -0.018994 -0.017940 -0.202392 0.979140
3.209127 -2.800593 109.423622 -3.605821 0.858612 -0.291482 0.421691 -0.112996 0.694762 0.710308 0.500017 0.657529 -0.563595
2.413259 -2.437423 78.193995 6.112915 0.854680 -0.408971 0.319791 -0.012921 0.599033 0.800620 0.518995 0.688405 -0.506697
2.816612 -3.117225 89.604985 -18.988907 0.873276 -0.383351 0.300718 -0.006176 0.608444 0.793572 0.487186 0.694865 -0.528972
3.218651 -3.540481 53.261527 -26.088385 0.899225 -0.311104 0.307585 -0.033093 0.652688 0.756904 0.436233 0.690806 -0.576618
3.395371 -3.496103 30.916114 -7.479496 0.900787 -0.213073 0.378395 -0.124964 0.707312 0.695768 0.415892 0.674025 -0.610511
3.458810 -3.038899 70.241207 -5.185177 0.872839 -0.162247 0.460248 -0.193873 0.750211 0.632137 0.447845 0.640983 -0.623358
-0.326350 -11.294118 -28.102068 -147.955674 -0.212239 0.966157 0.146615 -0.374115 -0.218936 0.901169 -0.902769 -0.136412 -0.407921
