10352
20689
-7.724410 -12.031614 10.245516 186.534414 -0.036781 0.954370 0.296351 -0.852656 0.124689 -0.507376 0.521177 0.271348 -0.809163
-6.354122 -11.417109 -53.724129 277.919637 0.048074 0.976810 0.208642 -0.923468 0.123069 -0.363400 0.380651 0.175204 -0.907970
-6.979741 -9.520999 -14.349236 148.633035 -0.197286 0.962477 0.186324 -0.909938 -0.109052 -0.400151 0.364817 0.248487 -0.897308
-4.072605 -8.157467 -88.533484 161.777034 -0.127708 0.988874 0.076283 -0.956892 -0.102617 -0.271713 0.260862 0.107695 -0.959350
-7.520593 -10.420101 30.718778 99.909438 -0.449573 0.886103 0.112718 -0.750164 -0.306038 -0.586170 0.484911 0.348083 -0.802309
-6.235851 -8.956986 13.667819 -118.677605 0.700384 -0.713749 -0.004925 0.640005 0.624936 0.447044 0.316000 0.316254 -0.894498
-5.497071 -6.980338 -7.676192 58.798623 -0.707762 0.705372 -0.039043 -0.656358 -0.677011 -0.332941 0.261280 0.210017 -0.942139
-7.950422 -8.877419 -3.335785 -6.933270 -0.739217 -0.608024 0.289595 -0.245083 0.643391 0.725246 -0.627290 0.465139 -0.624622
-7.306501 -8.598238 -47.781908 -25.175140 -0.875372 -0.234905 0.422544 0.016099 0.859370 0.511101 -0.483182 0.454206 -0.748487
-7.655641 -8.603874 -2.719279 -47.860399 -0.759885 -0.543326 0.356891 -0.258544 0.756328 0.600935 -0.596430 0.364369 -0.715196
-7.746404 -8.986467 -45.520528 -29.694709 0.517302 0.841101 -0.157949 -0.449469 0.424079 0.786215 -0.728269 0.335718 -0.597426
-7.982182 -9.269268 -40.916125 0.094747 0.474895 0.879964 -0.011734 -0.405269 0.230510 0.884659 -0.781174 0.415365 -0.466090
-2.351560 -30.544840 53.521460 524.709172 0.797689 0.559118 0.226007 -0.147074 0.543806 -0.826223 0.584861 -0.625829 -0.516019
-2.379071 -28.815800 58.802379 35.346965 0.796652 0.562827 0.220389 0.106409 0.228331 -0.967751 0.594999 -0.794412 -0.122010
-3.800124 -28.315633 97.004366 195.889048 0.808178 0.544616 0.224149 -0.003364 0.384860 -0.922969 0.588929 -0.745169 -0.312867
-3.675649 -27.048216 -109.505020 557.009044 -0.800901 -0.545972 -0.245911 -0.255061 0.682608 -0.684828 0.541759 -0.485757 -0.685957
-2.042926 -25.548385 -62.264246 460.858114 -0.783021 -0.578682 -0.228049 -0.362118 0.722218 -0.589298 0.505717 -0.378852 -0.775063
-1.148954 -25.358747 -49.871776 451.718251 -0.763612 -0.597906 -0.243731 -0.250697 0.622421 -0.741447 0.595019 -0.505076 -0.625181
-2.702550 -8.028842 -17.412967 1.304938 0.197503 0.979942 0.026561 -0.798354 0.145063 0.584455 -0.568879 0.136636 -0.810991
-2.672595 -8.007965 -11.852185 20.455951 0.158351 0.985464 0.061529 -0.717658 0.072071 0.692656 -0.678153 0.153839 -0.718639
-3.028208 -7.878376 36.256445 -9.133580 0.187958 0.975730 0.112354 -0.804003 0.087147 0.588205 -0.564138 0.200890 -0.800869
-1.688011 -8.138962 -105.148074 20.923173 0.154659 0.987742 -0.021124 -0.723510 0.127794 0.678382 -0.672766 0.089634 -0.734406
-2.988336 -7.645985 75.029050 -21.419912 0.255690 0.963835 0.075129 -0.859912 0.191230 0.473269 -0.441786 0.185614 -0.877709
-1.929966 -8.127032 -132.670708 -0.557500 0.164542 0.985669 -0.037183 -0.809049 0.156430 0.566542 -0.564240 0.063137 -0.823193
-2.916568 -7.756501 -0.376505 -13.213993 0.215773 0.976270 0.018398 -0.866971 0.182879 0.463591 -0.449225 0.115981 -0.885858
-1.089508 -5.630158 54.080225 22.476877 0.019795 0.947532 -0.319046 -0.616165 -0.239744 -0.750242 0.787368 -0.211437 -0.579091
-1.017735 -4.999327 34.371820 46.779345 0.041655 0.948906 -0.312796 -0.709131 -0.192465 -0.678300 0.703846 -0.250068 -0.664882
-0.336891 -5.512649 64.586509 24.825775 0.001427 0.954237 -0.299047 -0.621253 -0.233490 -0.748015 0.783608 -0.186851 -0.592490
-0.298256 -5.682843 73.638048 -5.942785 0.007775 0.960138 -0.279420 -0.506877 -0.237086 -0.828774 0.861983 -0.148075 -0.484828
1.607091 -12.111079 8.667675 -9.854315 0.745300 -0.662640 -0.073735 -0.567232 -0.572067 -0.592441 -0.350394 -0.483371 0.802232
1.557716 -10.878225 3.076381 14.911626 0.752551 -0.653259 -0.083179 -0.585383 -0.605741 -0.538893 -0.301651 -0.454236 0.838258
1.648555 -11.637294 25.081314 -13.733284 0.770225 -0.634164 -0.067749 -0.498425 -0.532258 -0.684305 -0.397902 -0.560836 0.726042
0.903528 -20.814939 -15.832442 105.296847 -0.179525 0.982227 -0.054776 0.977173 0.171617 -0.125225 0.113599 0.076006 0.990615
0.738051 -20.647380 -12.659975 83.452849 -0.174705 0.983050 -0.055593 0.944607 0.151405 -0.291196 0.277843 0.103387 0.955047
0.668382 -22.293461 5.071853 -20.737603 0.175679 -0.982172 0.066894 0.983288 0.171769 -0.060335 0.047769 0.076375 0.995934
324.638458 -12.885385 17514.309701 586.692538 -0.204341 0.269030 -0.941205 0.901859 0.425622 -0.074140 0.380652 -0.863984 -0.329599
195.184958 -8.609375 13770.413171 16.370887 -0.109752 0.552962 -0.825946 0.956124 0.285817 0.064301 0.271626 -0.782650 -0.560070
379.461958 -58.005426 27128.213610 2560.107050 -0.398990 0.369653 -0.839145 0.883979 0.398277 -0.244861 0.243698 -0.839484 -0.485673
-3.609967 -4.754626 89.437339 -15.412570 0.160550 0.845985 0.508462 -0.111345 0.527380 -0.842302 0.980727 -0.078617 -0.178867
-4.877853 -5.418197 35.196861 -55.242618 0.038521 0.961766 -0.271148 -0.279782 -0.250116 -0.926911 0.959290 -0.111568 -0.259451
-3.840633 -5.041341 87.074300 1.454497 0.096987 0.956526 0.275049 -0.266865 0.291225 -0.918679 0.958841 -0.015699 -0.283508
-4.102130 -4.850602 -50.339169 -92.497864 0.069028 0.810496 -0.581662 -0.241257 -0.552184 -0.798052 0.968003 -0.195418 -0.157422
-2.431963 -4.777131 81.689931 16.704151 0.107378 0.884382 0.454246 -0.207341 0.466761 -0.859735 0.972358 0.001868 -0.233488
-0.481672 -9.093813 -4.010182 57.547124 0.749664 -0.661611 -0.016590 0.327749 0.392913 -0.859186 -0.574965 -0.638663 -0.511394
-0.323045 -7.872436 -0.510575 39.944545 0.730497 -0.681971 0.035916 0.451567 0.442907 -0.774545 -0.512310 -0.582022 -0.631498
-0.347570 -8.264082 -2.910846 49.155739 0.735010 -0.677696 0.022100 0.453204 0.466767 -0.759430 -0.504347 -0.568205 -0.650213
-1.401989 -15.754662 -50.729456 26.870576 -0.289931 0.956668 -0.026968 0.846016 0.269367 0.460107 -0.447434 -0.110583 0.887454
-1.818525 -15.024483 -24.684517 -29.724104 -0.260378 0.959858 -0.104287 0.832091 0.277872 0.480012 -0.489722 -0.038208 0.871041
-1.210042 -15.310718 -43.918978 -96.551219 -0.309912 0.949402 -0.050890 0.719704 0.269235 0.639952 -0.621273 -0.161703 0.766728
-0.288932 -16.766416 -32.839714 -44.995015 -0.288101 0.956913 -0.036270 0.789130 0.258702 0.557088 -0.542468 -0.131876 0.829661
-4.651624 -7.580801 -203.921392 -15.911186 -0.415772 0.615358 -0.669677 0.421616 0.782849 0.457588 0.805837 -0.092094 -0.584932
-7.245845 -8.931604 -18.522305 -197.043477 -0.554841 -0.205848 -0.806088 -0.154002 0.977574 -0.143638 0.817579 0.044444 -0.574099
-4.486236 -7.172280 -191.586502 -32.882174 -0.398550 0.499774 -0.769015 0.197941 0.865597 0.459957 0.895532 0.031096 -0.443910
-0.799457 -7.211355 -209.874199 31.571657 -0.313732 0.692429 -0.649703 0.387944 0.718009 0.577895 0.866644 -0.070744 -0.493886
-0.320856 -5.909130 -170.917555 24.916814 -0.310277 0.654354 -0.689601 0.239953 0.755821 0.609226 0.919864 0.023557 -0.391528
3.209470 -73.717343 -145.061785 -451.751403 -0.124590 0.982234 0.140333 -0.937682 -0.162800 0.307001 -0.324393 0.093339 -0.941306
-1.314263 -83.204655 109.874023 2216.037058 -0.130415 0.971803 0.196445 -0.915037 -0.194258 0.353512 -0.381705 0.133652 -0.914570
4.951716 -112.319989 -11.692533 -3793.720091 -0.140703 0.961383 0.236529 -0.664425 -0.268808 0.697339 -0.733991 0.059038 -0.676589
0.973742 -6.054499 -25.149258 33.289853 0.191678 0.963571 -0.186525 -0.431421 0.253424 0.865825 -0.881553 0.085489 -0.464280
0.559817 -6.610708 -16.264597 21.266451 0.169241 0.972656 -0.159053 -0.546855 0.226934 0.805885 -0.819943 0.049410 -0.570309
1.151806 -6.371199 -32.203665 28.676389 0.186261 0.968065 -0.167800 -0.543320 0.243787 0.803350 -0.818603 0.058464 -0.571377
1.143266 -5.438922 -24.248043 32.362337 0.215220 0.950666 -0.223416 -0.338155 0.287171 0.896205 -0.916151 0.117332 -0.383277
0.741247 -5.576647 -9.127840 47.092225 0.202718 0.953567 -0.222745 -0.329909 0.280677 0.901322 -0.921990 0.109229 -0.371489
1.323439 -5.687323 -30.858397 15.026517 0.205583 0.961479 -0.182467 -0.365750 0.248425 0.896946 -0.907724 0.117659 -0.402733
1.046027 -7.056402 113.615079 6.387148 0.305123 0.942618 0.135540 -0.726439 0.138352 0.673160 -0.615781 0.303858 -0.726969
0.131749 -6.586756 113.921785 21.684590 0.344650 0.932999 0.103577 -0.632441 0.149242 0.760095 -0.693711 0.327474 -0.641503
1.930067 -6.916284 69.598930 29.766281 0.312053 0.946938 0.077013 -0.618879 0.141101 0.772709 -0.720841 0.288788 -0.630071
-2.684211 -138.846097 -263.615348 -3906.812135 0.936326 0.125844 -0.327806 -0.089195 0.988191 0.124594 0.339614 -0.087422 0.936493
-13.985431 -69.931371 -839.229956 2831.349391 0.919841 0.296955 -0.256340 -0.044174 -0.570882 -0.819843 0.389796 -0.765449 0.512003
-11.199994 -117.374482 -543.724262 -2753.040629 0.887702 0.123215 -0.443626 -0.063778 0.987144 0.146555 0.455981 -0.101804 0.884148
-4.292664 -4.854593 -52.990761 91.280539 0.537874 0.768571 -0.346395 0.732142 -0.629570 -0.260020 0.417924 0.113753 0.901332
-3.823077 -6.136109 -127.467359 111.947099 -0.008384 0.998158 -0.060080 0.939180 -0.012768 -0.343188 0.343323 0.059303 0.937343
-2.613117 -5.355818 -71.673886 126.872581 -0.073025 0.997328 0.001863 0.907158 0.067199 -0.415391 0.414406 0.028644 0.909641
1.031553 -2.326464 -36.550446 -60.269025 -0.054477 0.427398 -0.902421 -0.055634 0.901060 0.430112 0.996964 0.073636 -0.025309
1.642510 -1.629334 -55.873634 -22.433762 -0.078850 0.132549 -0.988035 -0.100942 0.984965 0.140193 0.991763 0.110788 -0.064285
0.698102 -1.347053 -2.878673 -28.947574 -0.085815 0.437021 -0.895348 -0.045170 0.896033 0.441684 0.995287 0.078346 -0.057153
-0.132955 -3.432565 8.998621 -140.126485 0.305233 0.923618 -0.231867 0.048467 0.228103 0.972430 -0.951043 0.308056 -0.024859
-0.435860 -5.554098 -7.822395 -22.046746 0.291853 0.951558 -0.096746 0.143080 0.056576 0.988093 -0.945701 0.302220 0.119637
-0.362256 -3.230614 12.791220 -124.284113 0.296799 0.902356 -0.312514 0.087791 0.300091 0.949862 -0.950896 0.309354 -0.009848
0.700423 -1.221663 -121.857178 -69.240952 -0.240995 -0.569437 0.785916 0.180885 0.769240 0.612822 -0.953521 0.289847 -0.082381
0.732623 -1.532032 -109.102874 -49.849677 -0.200103 -0.561723 0.802761 0.218439 0.773133 0.595441 -0.955114 0.294504 -0.032004
-0.510860 -3.275459 7.982039 -133.017870 0.292841 0.905961 -0.305744 0.121229 0.282002 0.951724 -0.948445 0.315769 0.027247
2.343038 -8.874785 81.789322 5.473885 -0.004340 0.998269 -0.058660 -0.254489 0.055627 0.965474 -0.967066 -0.019118 -0.253807
4.688076 -8.800262 109.386938 10.846980 -0.077305 0.992910 -0.090299 -0.285814 0.064699 0.956099 -0.955162 -0.099720 -0.278786
2.858407 -8.961259 88.485182 12.785633 -0.005683 0.996858 -0.079006 -0.443364 0.068305 0.893735 -0.896324 -0.040107 -0.441583
0.819771 -9.289712 54.515721 11.298806 0.027147 0.995277 -0.093198 -0.414196 0.096052 0.905105 -0.909783 -0.014031 -0.414847
13.150056 -12.799169 -180.593651 -190.238693 0.337078 0.940288 -0.047305 -0.139280 0.099496 0.985242 -0.931118 0.325514 -0.164501
13.712652 -14.453306 32.930276 -115.357820 0.531652 0.846844 0.014217 -0.125388 0.062096 0.990163 -0.837630 0.528205 -0.139197
12.627656 -14.965226 -162.953962 -145.097568 0.338629 0.940920 -0.000390 -0.012111 0.004773 0.999915 -0.940842 0.338596 -0.013011
10.752811 -13.867683 -227.979631 -188.747093 0.161275 0.986366 -0.032752 -0.031747 0.038354 0.998760 -0.986399 0.160035 -0.037499
10.189342 -14.154166 -198.051405 -65.916097 0.185394 0.982657 0.003821 0.121301 -0.026744 0.992255 -0.975149 0.183494 0.124155
11.698460 -14.476169 -141.601535 13.538202 0.351792 0.935687 0.027050 0.145659 -0.083263 0.985825 -0.924676 0.342865 0.165583
-1.899360 -13.338235 -13.457950 -15.085743 0.708990 0.658733 0.251802 -0.498667 0.720763 -0.481490 -0.498663 0.215806 0.839502
-1.514246 -13.599668 -16.572546 -11.695517 0.672683 0.683689 0.282959 -0.515699 0.707429 -0.483321 -0.530615 0.179200 0.828454
-1.738758 -13.052486 -13.590088 2.338366 0.712997 0.652353 0.257041 -0.586237 0.755737 -0.291868 -0.384656 0.057414 0.921273
-1.638585 -13.813801 -19.204492 22.100465 0.662726 0.696517 0.275060 0.407309 -0.643486 0.648093 -0.628405 0.317474 0.710153
-1.974287 -12.949316 -6.466740 8.550074 0.749607 0.625691 0.215870 -0.561361 0.773788 -0.293474 -0.350662 0.098809 0.931275
-2.124254 -13.202505 -4.057083 -16.150769 0.750906 0.625585 0.211622 -0.476061 0.734845 -0.483084 -0.457719 0.262006 0.849616
-2.079311 -13.547808 -16.483326 33.715384 0.703998 0.664753 0.249979 0.390651 -0.656409 0.645383 -0.593109 0.356694 0.721797
-1.157203 -13.021132 31.392697 -91.282425 0.866241 0.471111 0.166378 -0.038782 -0.268597 0.962472 -0.498120 0.840185 0.214398
-0.125743 -12.802456 53.716362 -89.439988 0.880850 0.450187 0.146407 -0.050124 -0.218839 0.974473 -0.470734 0.865703 0.170199
-1.164631 -12.612203 31.731690 -99.835689 0.860425 0.472327 0.191250 -0.148829 -0.126017 0.980800 -0.487359 0.872369 0.038132
-1.801992 -12.949841 26.714767 -108.163067 0.846904 0.497859 0.186790 -0.056350 -0.265270 0.962526 -0.528752 0.825693 0.196603
-0.459228 -18.408530 -47.549085 -129.780634 0.151170 0.952162 -0.265583 0.455057 -0.305541 -0.836402 0.877537 -0.005584 0.479477
-0.665172 -20.112234 -9.150439 -170.736338 0.137877 0.950033 -0.280047 0.271593 -0.308174 -0.911738 0.952485 -0.049649 0.300512
-0.082930 -17.461955 40.757430 -232.741556 0.074574 0.972495 -0.220661 0.443285 -0.230541 -0.866227 0.893273 0.033218 0.448285
-0.241540 -5.405113 -7.276126 -40.105636 -0.033442 0.996325 -0.078861 0.964315 0.052901 0.259417 -0.262635 0.067371 0.962540
-0.275001 -4.717010 -2.853890 -45.676253 -0.017979 0.997110 -0.073812 0.931646 0.043504 0.360753 -0.362921 0.062281 0.929736
-0.122646 -5.063910 -4.619634 -37.803310 -0.029559 0.997245 -0.068033 0.950809 0.049049 0.305869 -0.308364 0.055646 0.949640
-0.292199 -5.927771 -14.585482 -40.686876 -0.012470 0.998998 -0.042984 0.976413 0.021432 0.214844 -0.215550 0.039291 0.975702
-0.453060 -6.308929 -13.537904 -41.725539 -0.027783 0.997465 -0.065514 0.989445 0.036766 0.140170 -0.142224 0.060928 0.987958
5.680035 -27.000778 -259.837370 -170.704257 0.113388 0.946577 -0.301887 0.163986 -0.317509 -0.933968 0.979924 -0.056396 0.191227
13.245168 -28.419731 -619.524946 222.730244 0.199829 0.944766 -0.259780 -0.096490 -0.244864 -0.964744 0.975068 -0.217850 -0.042229
3.446420 -35.191789 -268.143472 -207.693170 0.192792 0.924815 -0.327945 -0.139431 -0.305004 -0.942089 0.971283 -0.227353 -0.070145
-1.185201 -5.014572 -81.399047 -29.884448 0.346799 0.896773 0.274824 0.313451 -0.386972 0.867180 -0.884013 0.214593 0.415296
-1.282027 -4.544486 -83.243314 -36.603816 0.370550 0.856998 0.358116 0.168357 -0.441149 0.881501 -0.913427 0.266349 0.307749
-0.534334 -4.583170 -72.417682 -36.670804 0.359191 0.874124 0.326938 0.227133 -0.421662 0.877845 -0.905203 0.241056 0.349999
-20.004549 -514.289161 29.888995 -28977.672475 0.549114 -0.525060 -0.650219 0.738632 0.668900 0.083634 0.391019 -0.526198 0.755129
-15.428263 -547.439792 284.219688 8627.592080 -0.501952 0.619923 0.603108 -0.213764 0.586764 -0.781033 0.838063 0.520964 0.162011
167.230600 -2879.115200 -6582.574411 -169642.574799 0.556832 -0.606520 -0.567513 0.018104 0.691937 -0.721731 0.830428 0.391609 0.396273
13.687420 -146.976013 457.436245 -6058.195578 0.726268 -0.323034 -0.606782 0.400297 0.916344 -0.008714 0.558836 -0.236564 0.794821
-10.639319 -238.937469 599.236620 -4706.332898 0.644602 -0.485431 -0.590631 -0.298224 0.551696 -0.778906 0.703954 0.678224 0.210857
1.119045 -2.433584 -75.056197 -41.059826 0.231489 0.960038 0.157288 -0.014619 -0.158228 0.987294 -0.972728 0.230847 0.022593
1.813654 -2.925157 -83.016750 -68.342679 0.250666 0.965541 0.069976 0.041541 -0.082945 0.995688 -0.967182 0.246678 0.060901
1.075899 -3.087971 -79.837373 -63.503208 0.233647 0.969405 0.075257 0.043359 -0.087710 0.995202 -0.971354 0.229263 0.062526
-1.139547 -9.193701 -24.629959 -85.335216 0.036044 0.997907 -0.053683 0.991518 -0.042423 -0.122853 0.124873 0.048800 0.990972
-0.423517 -8.895467 -4.957187 -84.026466 0.045311 0.996840 -0.065248 0.994624 -0.051106 -0.090064 0.093114 0.060816 0.993796
-0.808638 -9.660989 -26.395379 -45.161055 0.034387 0.998076 -0.051584 0.942028 -0.049607 -0.331847 0.333768 0.037182 0.941922
-0.013596 -9.146678 -77.635838 52.487134 0.014886 0.999825 0.011307 0.830919 -0.006079 -0.556361 0.556195 -0.017677 0.830864
-1.232737 -9.358109 -37.671855 47.029084 0.025005 0.998041 -0.057351 0.821435 -0.053209 -0.567815 0.569754 0.032912 0.821156
-16.544439 -153.652391 -341.323544 6072.785290 0.866608 -0.475095 -0.152563 0.368827 0.815809 -0.445447 0.336092 0.329758 0.882214
16.631491 -2016.514082 4440.318861 157070.910306 0.604648 -0.064487 -0.793878 0.229355 0.968596 0.096006 0.762756 -0.240130 0.600451
-21.981552 -61.347840 -905.952510 -2026.822172 0.757757 -0.634925 0.150583 -0.425917 -0.306416 0.851295 0.494368 0.709211 0.502614
-46.010863 -116.748970 -492.571486 4520.237295 -0.381028 0.916824 0.119380 -0.063183 -0.154640 0.985949 -0.922402 -0.368131 -0.116850
-38.259723 -81.911375 -673.662201 -1753.165576 -0.242578 0.847736 -0.471699 -0.643150 0.223488 0.732401 -0.726302 -0.481037 -0.491008
-49.965251 -108.288161 -1020.559592 811.071116 -0.627756 0.737841 -0.248019 -0.276889 0.086121 0.957035 -0.727499 -0.669458 -0.150237
-3.392770 -11.117574 -185.233108 140.574077 0.027436 0.997682 0.062280 -0.850300 0.056051 -0.523306 0.525583 0.038599 -0.849866
-2.432466 -10.691340 -207.738130 259.678975 0.016414 0.999313 0.033214 -0.935058 0.027107 -0.353458 0.354115 0.025256 -0.934861
-7.247103 -8.142152 -24.655148 -74.200232 -0.841655 -0.332701 0.425356 -0.142218 0.896428 0.419750 -0.520952 0.292791 -0.801799
-6.667277 -8.314489 -42.618561 -49.077728 -0.908075 -0.099633 0.406785 0.073239 0.918546 0.388471 -0.412355 0.382553 -0.826811
-1.019598 -27.234337 31.546276 -178.882199 0.774698 0.583338 0.244050 0.234735 0.093072 -0.967594 0.587148 -0.806879 0.064827
-2.113188 -28.157889 42.309541 -547.427663 0.800510 0.552387 0.232490 0.375904 -0.160643 -0.912628 0.466776 -0.817962 0.336241
-3.065236 -28.569135 49.879734 -319.219491 0.820223 0.536831 0.197603 0.219111 0.024257 -0.975398 0.528418 -0.843341 0.097730
-1.356720 -7.704293 -98.157056 43.682908 0.146699 0.989171 -0.004562 -0.625077 0.096274 0.774603 -0.766653 0.110782 -0.632432
3.513846 -5.597959 31.233842 -29.478558 0.152304 0.946972 -0.282927 -0.423733 -0.196057 -0.884315 0.892891 -0.254570 -0.371403
3.326387 -5.856178 -42.191972 -35.432409 0.226985 0.917586 -0.326365 -0.401636 -0.217092 -0.889696 0.887224 -0.333028 -0.319259
3.699275 -4.939771 10.704517 -49.384957 0.150930 0.930658 -0.333311 -0.337196 -0.268484 -0.902339 0.929257 -0.248582 -0.273292
2.798365 -5.003294 81.438515 -42.675967 0.062140 0.955043 -0.289881 -0.372804 -0.247210 -0.894374 0.925827 -0.163646 -0.340682
3.109763 -3.473568 46.092564 -80.502555 0.089654 0.938383 -0.333766 -0.274326 -0.298887 -0.914009 0.957448 -0.173505 -0.230626
3.325878 -3.517271 -69.168733 -74.136164 0.198049 0.892382 -0.405501 -0.279327 -0.345159 -0.896014 0.939549 -0.290722 -0.180908
0.568915 -10.502970 -27.020783 71.720881 0.649823 -0.755808 -0.080528 0.759124 0.640019 0.118773 -0.038230 -0.138312 0.989651
0.371391 -11.527049 -8.163740 87.415522 0.614206 -0.784445 -0.086011 0.787133 0.601210 0.137722 -0.056324 -0.152291 0.986729
0.082564 -9.534084 18.026228 46.208108 -0.608607 0.788502 0.088665 0.789719 0.612790 -0.028846 0.077079 -0.052465 0.995644
0.875486 -12.245179 -8.794318 91.610764 0.660506 -0.747033 -0.075327 0.730445 0.616124 0.294688 -0.173731 -0.249666 0.952620
1.120886 -11.298660 -14.546370 91.888762 0.690347 -0.719158 -0.078949 0.711022 0.654246 0.257701 -0.133676 -0.234038 0.962994
1.143402 -20.962569 -20.683374 385.052056 -0.187204 0.980869 -0.053381 0.934597 0.161114 -0.317129 0.302462 0.109258 0.946879
0.947340 -18.908714 -22.964641 325.766571 -0.183706 0.981985 -0.044247 0.848856 0.135781 -0.510888 0.495677 0.131412 0.858508
1.326399 -24.425295 16.199263 534.300466 0.218490 -0.972542 0.080154 0.975393 0.215169 -0.048070 0.029504 0.088685 0.995623
1.665093 -19.811238 -19.807252 279.018905 -0.225014 0.970066 -0.091333 0.929026 0.185343 -0.320249 0.293735 0.156911 0.942920
1.457675 -17.675785 -26.986029 307.394840 -0.217212 0.974525 -0.055853 0.842668 0.158327 -0.514629 0.492676 0.158849 0.855592
34.307080 -12.028055 2063.000648 -451.093122 0.333310 0.728847 -0.598068 0.919986 -0.112674 0.375407 0.206228 -0.675342 -0.708085
5716.976709 -391.635455 491025.460019 38427.778102 -0.308155 0.624652 -0.717531 0.938424 0.323433 -0.121455 0.156206 -0.710775 -0.685856
1163.649643 -57.000946 98390.422956 2575.925828 0.015421 0.538271 -0.842631 0.884905 0.385005 0.262135 0.465516 -0.749690 -0.470382
22.164694 -12.675428 797.551774 -46.866746 0.409893 0.725730 -0.552544 0.847707 -0.079467 0.524479 0.336721 -0.683375 -0.647779
-4.776101 -5.984882 70.660361 -68.853987 -0.062196 0.952446 -0.298293 -0.358492 -0.300246 -0.883932 0.931459 -0.051958 -0.360118
-0.319001 -6.432519 -10.652224 -7.664260 -0.699685 0.707066 -0.102461 0.699923 0.649598 -0.296866 -0.143346 -0.279428 -0.949406
-0.423821 -6.732664 -11.422418 -24.797202 -0.696154 0.709727 -0.107971 0.717130 0.680570 -0.150165 -0.033094 -0.181967 -0.982748
-0.110940 -6.358957 -12.887036 -6.111520 -0.682718 0.721678 -0.114356 0.719320 0.636326 -0.278690 -0.128357 -0.272525 -0.953549
-1.837728 -15.491099 -27.954936 -3.316725 -0.234461 0.968200 -0.087274 0.918335 0.250042 0.306821 -0.318886 0.008210 0.947758
-2.291654 -14.903732 2.763473 -41.411876 -0.203401 0.964538 -0.168210 0.918626 0.247442 0.308056 -0.338754 0.091863 0.936380
-2.282813 -14.216970 6.595802 -44.683907 -0.219307 0.957999 -0.184775 0.827955 0.282926 0.484194 -0.516135 0.046798 0.855228
3.965952 -26.401916 -418.513361 -42.520228 0.885124 0.437371 0.158944 -0.289111 0.784470 -0.548654 0.364652 -0.439674 -0.820802
2.291511 -24.879057 -404.749713 95.151670 0.926971 0.340778 0.156829 -0.127756 0.679850 -0.722137 0.352709 -0.649364 -0.673738
26.332315 -34.912729 -1603.998517 48.465721 0.948040 0.303250 0.096229 -0.116413 0.612131 -0.782140 0.296089 -0.730298 -0.615627
-7.162218 -8.767558 51.962926 -226.383313 -0.597167 -0.441020 -0.669994 -0.273096 0.897167 -0.347145 0.754195 -0.024331 -0.656200
2.455485 -47.006703 -43.194989 497.448784 -0.159590 0.973075 0.166302 0.985164 0.146220 0.089838 0.063103 0.178173 -0.981974
-16.134837 -2816.955218 378.397969 161752.345645 0.059928 0.970514 0.233475 0.992825 -0.033705 -0.114731 -0.103479 0.238675 -0.965570
0.634387 -6.832116 -12.861300 11.487269 0.165894 0.976262 -0.139250 -0.645535 0.214256 0.733062 -0.745496 0.031720 -0.665755
-1.023583 -5.959637 72.420889 14.204446 0.366222 0.930428 0.013609 -0.574859 0.214719 0.789578 -0.731723 0.296984 -0.613500
-1.761199 -5.726928 9.052957 8.941223 0.369087 0.925667 -0.083162 -0.549173 0.289404 0.783999 -0.749789 0.243693 -0.615167
-0.899160 -5.836262 61.231029 16.063900 0.389782 0.920028 -0.040216 -0.471479 0.236880 0.849468 -0.791061 0.312147 -0.526105
-1.849333 -5.864289 35.339925 2.918043 0.327944 0.944693 -0.002736 -0.654434 0.229269 0.720522 -0.681300 0.234501 -0.693426
140.676693 -138.553027 6771.020612 -964.758829 0.786755 0.413787 0.458036 0.490876 0.030477 -0.870696 0.374242 -0.909863 0.179140
-13.842164 -46.981204 -84.322275 195.070025 0.820215 0.547549 0.165641 0.172749 0.038959 -0.984195 0.545348 -0.835866 0.062634
-6.891792 -74.471338 -122.570161 2652.235877 0.902931 0.255326 -0.345724 -0.123590 -0.616181 -0.777847 0.411633 -0.745070 0.524813
-2.955697 -7.091092 -200.461170 21.478698 -0.136755 0.990304 -0.024431 0.960358 0.126491 -0.248420 0.242921 0.057435 0.968344
-2.396254 -7.121689 -87.011181 80.494671 -0.208643 0.977972 0.006296 0.939934 0.202298 -0.274955 0.270172 0.051450 0.961437
0.639413 -1.130986 -44.588813 19.551046 -0.065351 -0.134230 -0.988793 -0.094529 0.987288 -0.127778 0.993375 0.085120 -0.077208
2.257173 -2.307547 -72.533915 39.643949 -0.076972 -0.237175 -0.968413 -0.114294 0.966990 -0.227742 0.990461 0.093154 -0.101538
2.912634 -2.571562 -81.959186 23.513827 -0.100816 -0.101937 -0.989669 -0.157426 0.983840 -0.085299 0.982371 0.147200 -0.115235
-0.205327 -5.630377 -8.141631 -46.141245 0.286223 0.956631 -0.054171 0.105820 0.024630 0.994080 -0.952302 0.290261 0.094181
-0.406048 -6.188803 -7.220899 47.891818 0.300294 0.953844 -0.002113 0.224829 -0.068628 0.971978 -0.926971 0.292355 0.235061
-0.589585 -5.628528 -14.349066 46.067951 0.303027 0.952980 0.001932 0.242980 -0.079222 0.966791 -0.921485 0.292495 0.255562
3.448297 -8.574642 99.575141 3.029914 -0.037643 0.997543 -0.059078 -0.084800 0.055718 0.994839 -0.995687 -0.042459 -0.082494
5.943620 -8.259675 77.862686 -4.295508 -0.203680 0.968414 -0.143839 -0.248477 0.090976 0.964356 -0.946981 -0.232161 -0.222099
7.001988 -7.916194 102.058258 2.757636 -0.205323 0.966524 -0.153866 -0.440468 0.049136 0.896423 -0.873974 -0.251829 -0.415634
4.439705 -8.590742 77.932382 -3.972723 -0.145599 0.981534 -0.124064 -0.088275 0.112012 0.989778 -0.985398 -0.155063 -0.070336
14.057917 -11.877668 20.890783 -218.275034 0.539102 0.841739 -0.029075 -0.242557 0.188222 0.951703 -0.806558 0.506013 -0.305640
13.270704 -13.768911 243.835666 -148.217519 0.704786 0.707437 0.053005 -0.236957 0.164327 0.957522 -0.668676 0.687408 -0.283447
12.395338 -15.258157 229.052430 7.467425 0.696137 0.715084 0.063622 -0.109859 0.018531 0.993774 -0.709454 0.698792 -0.091459
-1.347759 -13.277120 -16.292667 -9.285103 0.678741 0.673797 0.292077 -0.609034 0.738694 -0.288806 -0.410352 0.018140 0.911747
-1.049916 -14.035879 -13.603254 17.702008 0.645467 0.701325 0.302514 0.530981 -0.696733 0.482309 -0.549027 0.150686 0.822109
-1.151391 -14.317374 -15.203863 10.377091 0.635687 0.715529 0.289691 0.416892 -0.634055 0.651288 -0.649695 0.293245 0.701359
-0.003844 -12.380226 45.605409 -27.241558 0.869727 0.461963 0.173682 -0.148368 -0.090901 0.984746 -0.470704 0.882229 0.010518
-0.035983 -4.298135 4.988821 -42.332520 -0.010489 0.996914 -0.077792 0.918570 0.040347 0.393193 -0.395119 0.067333 0.916159
-0.225241 -3.988314 -6.692421 -35.683367 0.020601 0.998548 -0.049765 0.898762 0.003308 0.438424 -0.437953 0.053759 0.897389
-0.624455 -6.473483 58.875757 60.798997 0.277735 0.959386 -0.049418 0.162951 -0.097744 -0.981780 0.946737 -0.264622 0.183480
0.343446 -6.585859 45.542549 -40.728993 0.299473 0.952066 -0.062340 0.324163 -0.162982 -0.931856 0.897349 -0.258857 0.357433
-0.908539 -6.769399 92.313746 -24.062254 0.275122 0.957188 -0.089992 0.320694 -0.179612 -0.929997 0.906346 -0.227003 0.356380
5.824249 -25.017687 -150.433598 -211.449908 0.030007 0.971822 -0.233798 0.592846 -0.205624 -0.778622 0.804756 0.115242 0.582311
5.724833 -25.404023 -204.814703 -64.216173 0.061875 0.958605 -0.277935 0.433511 -0.276642 -0.857635 0.899022 0.067422 0.432683
0.940738 -29.842159 -23.812848 -349.633272 0.108995 0.950340 -0.291504 0.690221 -0.283387 -0.665798 0.715343 0.128634 0.686832
1.609252 -24.047901 23.146744 -270.704723 -0.007665 0.969095 -0.246569 0.827566 -0.132264 -0.545565 0.561316 0.208234 0.800976
1.377221 -23.423763 6.613604 -203.980952 0.021618 0.976772 -0.213190 0.914153 -0.105650 -0.391360 0.404792 0.186428 0.895203
0.851965 -22.526084 -37.963887 -70.081710 0.087272 0.984580 -0.151609 0.895521 -0.144206 -0.421007 0.436378 0.099027 0.894298
-0.121801 -21.274389 -66.625488 -192.955773 0.162567 0.957666 -0.237588 0.595558 -0.287218 -0.750211 0.786691 0.019538 0.617038
0.755726 -19.225529 -60.467713 -43.446594 0.103339 0.981418 -0.161679 0.777831 -0.181048 -0.601831 0.619919 0.063566 0.782087
-2.023158 -5.169390 -73.598952 -41.479244 0.378581 0.884002 0.274257 0.257529 -0.385216 0.886165 -0.889020 0.264856 0.373491
-2.022889 -4.583577 -57.111494 -44.036481 0.418217 0.819684 0.391423 0.092936 -0.467270 0.879217 -0.903580 0.331326 0.271599
-1.143325 -3.927709 -46.140292 -18.200441 0.420222 0.758779 0.497663 0.019622 -0.555906 0.831013 -0.907209 0.339445 0.248493
-64.923876 -824.369108 -2427.731060 -55643.252461 0.572115 -0.549214 -0.609137 0.747105 0.655413 0.110759 0.338406 -0.518456 0.785293
-124.415664 -579.738637 -5003.574457 -161532.936828 0.566967 -0.566768 -0.597764 0.398038 0.823827 -0.403578 0.721190 -0.009117 0.692678
-31.936336 -1178.162456 -1038.043893 46798.398347 0.630888 -0.598382 -0.493881 0.618015 0.002721 0.786161 0.469081 0.801206 -0.371526
0.671168 -6.337847 -12.035895 -35.652370 0.336996 0.940936 -0.032769 0.328557 -0.150147 -0.932473 0.882317 -0.303473 0.359750
1.062015 -5.550629 -50.156547 -83.342956 0.344876 0.938233 0.027920 0.449169 -0.138841 -0.882593 0.824201 -0.316926 0.469308
1.278487 -5.765295 4.828504 -76.652152 0.325990 0.944962 -0.027875 0.427522 -0.173655 -0.887169 0.843182 -0.277292 0.460602
-1.957823 -5.647036 -24.120705 14.865503 0.438832 0.883671 0.162948 0.523512 -0.398814 0.752916 -0.730316 0.245099 0.637625
-1.594552 -5.452267 -39.919029 24.393007 0.406202 0.889542 0.209079 0.551827 -0.421168 0.719795 -0.728345 0.177007 0.661953
-1.913763 -5.217643 -52.838294 22.864870 0.387072 0.907272 0.164416 0.635728 -0.391755 0.665115 -0.667851 0.152924 0.728415
-0.240748 -7.405249 11.895739 -61.058429 0.040637 0.995680 -0.083482 0.994443 -0.032182 0.100237 -0.097117 0.087091 0.991455
0.251596 -8.179109 -2.830941 -63.037670 0.013025 0.998508 -0.053025 0.996685 -0.017224 -0.079516 0.080311 0.051814 0.995422
-20.185281 -132.382677 -164.089331 4832.103402 0.830822 -0.513702 -0.214117 -0.541992 -0.659441 -0.520943 -0.126412 -0.548860 0.826300
-14.381634 -69.799346 93.586791 2319.870304 0.924706 -0.261483 -0.276669 -0.330170 -0.189122 -0.924781 -0.189490 -0.946498 0.261216
-32.730409 -44.884977 -640.179379 658.714168 -0.404863 0.855580 -0.322597 0.812686 0.175000 -0.555803 -0.419079 -0.487195 -0.766168
-32.276242 -70.778901 926.368573 -847.807054 0.754725 -0.625094 0.199114 0.366870 0.150532 -0.918012 -0.543871 -0.765896 -0.342939
-8.645164 -11.780319 142.738075 45.092083 -0.381769 0.901694 0.202978 -0.668744 -0.117892 -0.734087 0.637992 0.415992 -0.648010
-6.447415 -9.389092 12.233433 -113.948968 0.688693 -0.724452 -0.029497 0.618321 0.565581 0.545708 0.378657 0.394064 -0.837456
-6.839302 -10.273350 22.046743 -72.074244 0.653688 -0.753585 -0.069295 0.592983 0.453173 0.665586 0.470173 0.476177 -0.743097
-7.067897 -11.443070 -6.157503 44.033360 -0.516674 0.849290 0.108422 -0.616493 -0.281160 -0.735449 0.594125 0.446829 -0.668849
-7.394429 -8.539299 -48.893274 -59.055151 0.507806 0.843550 -0.174802 -0.550663 0.473888 0.687169 -0.662498 0.252691 -0.705155
-0.402417 -31.381411 76.760067 -797.517436 0.741592 0.625797 0.241703 0.391554 -0.111217 -0.913409 0.544727 -0.772016 0.327511
-0.935557 -24.761665 29.483455 -578.065920 0.774251 0.584878 0.241770 0.434457 -0.213410 -0.875045 0.460199 -0.782543 0.419337
-2.356760 -7.518483 95.466278 -28.589138 0.260442 0.957383 0.124850 -0.853106 0.167644 0.494071 -0.452085 0.235187 -0.860410
2.959155 -6.185352 -0.846054 -29.458215 0.222532 0.931999 -0.286107 -0.482996 -0.149527 -0.862761 0.846873 -0.330181 -0.416877
0.061190 -10.414535 -4.990912 70.668448 -0.568421 0.817224 0.095090 0.819293 0.572813 -0.025379 0.075209 -0.063481 0.995145
0.544926 -12.647880 6.844782 99.721811 0.579244 -0.810943 -0.082747 0.811260 0.563589 0.155644 -0.079583 -0.157285 0.984341
0.945887 -13.461427 5.359584 96.519498 0.624921 -0.777352 -0.072098 0.750563 0.572832 0.329422 -0.214776 -0.259977 0.941426
0.384930 -19.012966 -10.053532 242.352572 -0.164195 0.985284 -0.047499 0.859185 0.119193 -0.497589 0.484605 0.122512 0.866111
26.079279 -9.861270 1134.778928 -437.001447 0.364265 0.794602 -0.485715 0.905096 -0.179218 0.385592 0.219343 -0.580077 -0.784474
51.759906 -5.047453 2798.414550 -411.716484 0.169008 0.736287 -0.655223 0.973970 -0.022877 0.225518 0.151057 -0.676282 -0.720989
-2.361804 -4.428141 55.901777 10.222058 0.050625 0.953670 0.296565 -0.308104 0.297376 -0.903681 0.950005 0.045624 -0.308884
-1.327424 -4.430858 56.079639 28.922007 0.091636 0.866838 0.490096 -0.221061 0.497595 -0.838768 0.970945 0.031479 -0.237221
-1.215210 -16.557074 -50.794359 67.891082 -0.264158 0.964448 -0.007815 0.917905 0.253881 0.304950 -0.296092 -0.073382 0.952336
-0.256530 -17.330858 -24.817391 -3.693245 -0.257103 0.965848 -0.032175 0.908024 0.252838 0.334013 -0.330741 -0.056660 0.942019
0.421929 -16.802666 -11.789932 -137.727056 -0.286251 0.955144 -0.075895 0.624379 0.246031 0.741364 -0.726782 -0.164828 0.666798
0.486172 -17.153155 -9.095255 -140.521850 -0.265942 0.961825 -0.064555 0.727908 0.244266 0.640691 -0.632001 -0.123396 0.765080
0.404878 -17.385048 -11.525027 -2.862665 -0.258233 0.964667 -0.052289 0.841060 0.251115 0.479123 -0.475324 -0.079747 0.876189
-1.176177 -21.253140 88.101448 86.139292 0.682329 0.675487 0.279545 -0.631233 0.351511 0.691365 -0.368745 0.648196 -0.666235
-0.759546 -21.076887 55.017560 -54.596021 0.688123 0.678723 0.256556 -0.489321 0.172996 0.854773 -0.535771 0.713728 -0.451156
0.085145 -23.677583 60.356638 -10.978661 0.714226 0.652632 0.252890 -0.529178 0.267036 0.805396 -0.458096 0.709058 -0.536083
-0.037861 -21.924410 58.409220 -118.104861 0.716322 0.647460 0.260150 -0.388445 0.060304 0.919497 -0.579650 0.759709 -0.294699
1.875467 -30.411856 -26.587128 525.417969 0.721407 0.656552 0.220253 -0.627759 0.485710 0.608280 -0.292389 0.577083 -0.762551
0.822041 -23.399904 -33.501818 -37.599385 0.695663 0.689048 0.203142 -0.522086 0.290710 0.801819 -0.493436 0.663853 -0.561979
0.295909 -22.662143 8.161875 -53.387197 0.695279 0.675284 0.246128 -0.338530 0.005601 0.940939 -0.634022 0.737537 -0.232498
-6.520745 -7.904998 28.747034 -160.195295 -0.693747 -0.327170 -0.641619 -0.162479 0.938997 -0.303127 0.701652 -0.106044 -0.704584
-0.698273 -7.960994 -203.312257 -35.562422 -0.333885 0.699520 -0.631817 -0.521240 -0.695493 -0.494569 0.785385 -0.164199 -0.596832
-3.510301 -7.546921 -196.837309 13.294302 -0.432440 0.617230 -0.657284 0.513652 0.767756 0.383029 0.741052 -0.171979 -0.649050
1.196893 -6.621096 -33.930153 21.862353 0.185110 0.971238 -0.149771 -0.637435 0.234662 0.733900 -0.747937 0.040383 -0.662540
0.695248 -6.814737 -19.356522 -1.097857 0.155075 0.980304 -0.122293 -0.739303 0.197269 0.643829 -0.655273 0.009430 -0.755334
0.411223 -6.965054 -6.527224 -5.682347 0.143444 0.982940 -0.115120 -0.744749 0.183819 0.641529 -0.651746 0.006288 -0.758411
18.470893 -155.713912 175.559634 -5003.319249 0.790506 0.416924 0.448637 0.413244 0.177550 -0.893143 0.452029 -0.891432 0.031937
-3.963913 -6.987847 -160.713961 14.184496 -0.311833 0.948089 -0.062354 0.936342 0.295500 -0.189586 0.161318 0.117504 0.979882
-3.094014 -7.420442 -116.607421 2.158852 -0.283044 0.959107 -0.000521 0.951871 0.280842 -0.122762 0.117595 0.035243 0.992436
-0.027827 -0.897064 16.579940 7.271355 -0.104128 0.648755 -0.753840 -0.007162 0.757451 0.652852 0.994538 0.073380 -0.074226
-0.261017 -1.556818 -26.396798 62.236662 -0.021981 -0.589406 -0.807538 -0.097139 0.805171 -0.585034 0.995028 0.065584 -0.074953
-0.392398 -0.686793 -15.617257 10.651079 -0.086292 0.020354 -0.996062 -0.073612 0.996928 0.026749 0.993547 0.075631 -0.084529
1.747904 -2.588261 -73.207600 55.412549 -0.053607 -0.378614 -0.924001 -0.089092 0.923455 -0.373221 0.994580 0.062314 -0.083235
0.871141 -2.733110 -54.285310 74.772327 -0.026271 -0.539837 -0.841360 -0.072486 0.840463 -0.536998 0.997023 0.046880 -0.061210
0.730845 -1.145287 -145.857175 -114.302321 -0.297135 -0.667640 0.682618 0.122177 0.682446 0.720653 -0.946987 0.297531 -0.121208
3.020057 -0.404916 -253.278530 -49.264647 -0.188806 -0.207730 0.959792 0.217721 0.944192 0.247183 -0.957575 0.255637 -0.133042
0.599331 -9.137545 49.719070 14.184452 0.010507 0.997770 -0.065919 -0.219170 0.066618 0.973410 -0.975630 -0.004220 -0.219381
1.747824 -8.538339 59.704300 9.395147 -0.017937 0.999221 -0.035150 -0.055200 0.034112 0.997892 -0.998314 -0.019839 -0.054545
10.951927 -11.284185 -248.218486 -199.716419 0.152015 0.984114 -0.091715 -0.157874 0.115778 0.980648 -0.975688 0.134593 -0.172966
7.682560 -12.623649 -177.794760 -152.131541 0.026036 0.997909 -0.059165 -0.052171 0.060460 0.996806 -0.998299 0.022867 -0.053636
7.529117 -13.447350 -172.978087 -102.959006 0.043546 0.998799 -0.022475 0.106268 0.017738 0.994179 -0.993384 0.045681 0.105367
-1.519024 -13.016230 -15.317592 12.359612 0.716690 0.645128 0.264888 -0.651751 0.754741 -0.074753 -0.248147 -0.119066 0.961377
-1.749307 -13.010125 -8.604928 19.402379 0.750242 0.623122 0.221031 -0.624192 0.777763 -0.073953 -0.217992 -0.082483 0.972459
-2.314557 -12.244396 12.349094 6.650768 0.795271 0.559944 0.232392 -0.259666 -0.031778 0.965175 -0.547829 0.827921 -0.120127
-2.368939 -12.425489 11.347185 -88.445368 0.799003 0.557213 0.226073 -0.171260 -0.149522 0.973814 -0.576424 0.816797 0.024040
-1.845424 -12.464953 30.929949 19.336167 0.834543 0.498668 0.234240 -0.257866 -0.022175 0.965926 -0.486871 0.866509 -0.110084
-2.564929 -12.357447 -6.535580 -65.299231 0.746615 0.622118 0.235660 -0.170027 -0.164027 0.971692 -0.643162 0.765549 0.016689
-1.810547 -12.770492 29.456510 109.101452 0.822371 0.508932 0.254351 -0.344325 0.089300 0.934594 -0.452931 0.856163 -0.248675
-2.336296 -12.643884 12.378285 82.160090 0.786687 0.565657 0.247295 -0.354728 0.086332 0.930975 -0.505264 0.820109 -0.268571
-2.520465 -12.245995 -2.031182 17.414937 0.745579 0.622733 0.237307 -0.266960 -0.047181 0.962552 -0.610609 0.781011 -0.131068
-2.645329 -8.801364 162.600932 -162.198526 -0.444421 0.433448 -0.783973 -0.114619 0.840440 0.529644 0.888455 0.325243 -0.323828
1.217217 -6.783046 182.604512 -127.711208 -0.472261 0.333542 -0.815916 -0.174149 0.872092 0.457305 0.864084 0.358059 -0.353769
-0.846278 -10.356651 179.456776 -203.200343 -0.500305 0.472186 -0.725765 -0.201760 0.751560 0.628052 0.842014 0.460649 -0.280741
-0.196073 -4.946977 -0.745690 -28.031574 -0.024891 0.997519 -0.065856 0.945781 0.044839 0.321694 -0.323849 0.054278 0.944551
-0.471368 -6.211780 -89.290125 113.625429 0.055927 0.995879 -0.071394 0.552800 -0.090432 -0.828392 0.831435 -0.006863 0.555580
-0.900723 -5.856204 50.160098 100.535889 0.053489 0.971643 -0.230323 0.547268 -0.221453 -0.807128 0.835246 0.082876 0.543595
-1.372184 -8.158332 -18.786638 108.873442 0.034138 0.993892 -0.104941 0.678408 -0.100150 -0.727827 0.733892 0.046346 0.677683
-0.406827 -8.428781 -102.199903 110.156341 0.033031 0.999441 -0.005152 0.688034 -0.026478 -0.725196 0.724927 -0.020410 0.688524
-1.822230 -9.305913 -3.003944 58.022159 0.026801 0.993918 -0.106810 0.801986 -0.085163 -0.591241 0.596741 0.069814 0.799391
-2.182243 -5.469235 -54.175461 -0.703814 0.377711 0.904153 0.199602 0.395358 -0.352417 0.848230 -0.837273 0.241472 0.490577
-1.273241 -5.242776 -64.890774 5.632730 0.341841 0.914526 0.216306 0.464968 -0.364617 0.806759 -0.816670 0.175208 0.549866
5.048509 -14.977470 84.681668 -629.370989 -0.420061 0.875956 -0.237170 0.858644 0.299044 -0.416298 -0.293735 -0.378515 -0.877751
5.113674 -61.026492 898.200104 -2530.220285 -0.448166 0.877766 -0.169332 0.892998 0.430843 -0.130112 -0.041253 -0.209525 -0.976933
1.887234 -8.411218 300.730219 410.936850 -0.594201 0.802726 -0.050562 -0.743793 -0.524477 0.414362 -0.306101 -0.283822 -0.908706
1.627707 -9.656885 215.895508 194.715161 -0.439183 0.892867 -0.099537 -0.842073 -0.370501 0.391972 -0.313100 -0.255965 -0.914577
1.371406 -4.612921 -44.991965 -88.563846 0.342306 0.938832 0.037703 0.512879 -0.153077 -0.844703 0.787262 -0.308483 0.533906
0.863445 -4.634338 -62.271497 -82.179760 0.334616 0.938041 0.090059 0.521619 -0.104780 -0.846720 0.784822 -0.330302 0.524361
-0.885732 -4.442698 0.363095 28.362778 0.343740 0.927172 0.148978 0.682962 -0.355714 0.637989 -0.644519 0.117556 0.755497
-0.594119 -3.746771 2.929245 22.679724 0.246501 0.965482 0.084154 0.771756 -0.248077 0.585534 -0.586199 0.079388 0.806268
-0.895087 -4.108271 -16.747906 17.799296 0.289663 0.951073 0.107500 0.752983 -0.295773 0.587822 -0.590857 0.089325 0.801816
-30.195852 -298.920912 -700.233142 14333.355984 0.943677 -0.328254 -0.041510 -0.220041 -0.528931 -0.819642 -0.247095 -0.782612 0.571369
