15480
30933
-6.858386 -9.233871 -22.509193 227.053299 0.147287 0.959480 0.240218 -0.597812 0.279842 -0.751206 0.787990 0.032963 -0.614805
-7.818038 -10.744256 30.767908 150.033485 0.070128 0.963354 0.258905 -0.505488 0.258072 -0.823335 0.859979 0.073135 -0.505062
-5.557948 -12.270224 -134.597741 279.388968 0.270958 0.900645 0.339735 -0.452643 0.430696 -0.780779 0.849527 -0.057780 -0.524371
-6.320934 -9.296786 9.825768 84.626485 -0.317750 0.905831 -0.280189 -0.435598 -0.401931 -0.805423 0.842193 0.133873 -0.522291
-3.762113 -10.925967 -149.462166 306.097065 0.308550 0.918723 0.246464 -0.583545 0.387444 -0.713696 0.751180 -0.076388 -0.655663
-6.121210 -7.563859 -55.947143 191.622969 0.161021 0.975662 0.148849 -0.670144 0.218803 -0.709248 0.724555 -0.014453 -0.689066
-5.513414 -7.490533 41.121765 92.210504 -0.432925 0.789615 -0.434838 -0.487523 -0.610847 -0.623849 0.758220 0.058087 -0.649406
5.969502 -12.159611 -72.940440 103.743181 0.627335 0.762389 0.158788 0.776317 -0.596132 -0.204837 -0.061507 0.251772 -0.965830
7.279947 -12.688431 -103.352408 173.846424 0.672024 0.704839 0.227125 0.740330 -0.632362 -0.228099 -0.017148 0.321436 -0.946776
7.030038 -13.011310 -71.311069 122.414563 0.625299 0.756108 0.193139 0.761669 -0.537436 -0.361970 -0.169889 0.373448 -0.911962
6.205087 -11.518236 -105.850779 95.457005 0.656661 0.730652 0.186935 0.752913 -0.649492 -0.106218 0.043804 0.210495 -0.976613
4.738776 -11.946405 -91.659070 23.336912 0.616553 0.777203 0.125770 0.787204 -0.611211 -0.082041 0.013110 0.149589 -0.988661
-4.288468 -5.096548 337.155922 -5.167797 0.743230 -0.665730 0.066436 0.658438 0.710235 -0.249049 -0.118614 -0.228844 -0.966210
-1.958451 -4.485504 315.593568 -75.760825 0.865293 -0.499267 0.044730 0.482703 0.805866 -0.342897 -0.135151 -0.318298 -0.938307
-5.040267 -6.970002 -35.706312 71.433914 0.187336 0.933695 -0.305153 0.953375 -0.247651 -0.172468 -0.236604 -0.258615 -0.936556
-5.321052 -7.129429 23.919295 -44.626559 0.235008 0.943845 -0.232223 -0.945390 0.277470 0.171019 -0.225851 -0.179351 -0.957510
-0.536249 -6.354671 119.562565 -5.579468 0.237778 0.969480 0.059756 -0.955310 0.222292 0.194857 -0.175627 0.103419 -0.979010
0.986871 -6.329457 92.430625 -7.816508 0.234172 0.970996 0.048274 -0.969076 0.229158 0.091537 -0.077820 0.068217 -0.994631
-0.459642 -6.249536 129.442129 9.078407 0.225685 0.972251 0.061595 0.972796 -0.221515 -0.067818 -0.052292 0.075225 -0.995795
2.825931 -0.706830 373.576468 -21.654432 0.536960 0.189130 0.822134 -0.153367 0.980190 -0.125322 -0.829550 -0.058795 0.555329
-0.521855 -2.278710 -21.477546 206.189560 0.044742 0.983084 0.177606 0.505119 -0.175646 0.844987 -0.861889 -0.051905 0.504433
3.019543 -0.292774 401.840554 -16.865600 0.552396 0.175446 0.814910 -0.150759 0.982506 -0.109335 -0.819836 -0.062458 0.569182
-0.681069 -2.200967 -14.207504 201.798296 0.065849 0.978731 0.194295 0.496781 -0.201026 0.844273 -0.865374 -0.040927 0.499452
7.283455 -0.173947 376.161557 -12.545423 0.528438 0.047553 0.847639 -0.092979 0.995666 0.002109 -0.843865 -0.079927 0.530569
6.773092 -0.522026 332.030884 -16.713976 0.510536 0.059976 0.857762 -0.096390 0.995269 -0.012220 -0.854437 -0.076441 0.513902
2.844031 -0.811169 346.497402 -9.524438 0.526370 0.189196 0.828939 -0.138647 0.980979 -0.135858 -0.838876 -0.043418 0.542589
-0.949405 -9.059100 -3.921888 50.961356 -0.051600 0.998277 -0.027929 -0.970518 -0.056719 -0.234261 0.235442 -0.015018 -0.971772
-0.807950 -7.895054 -1.035950 29.268443 -0.103268 0.994264 -0.027849 -0.993735 -0.104336 -0.040063 0.042739 -0.023537 -0.998809
-0.921643 -8.737174 -0.908095 48.516122 -0.071931 0.997391 -0.006105 -0.967647 -0.071267 -0.242034 0.241838 0.011502 -0.970248
-1.040426 -9.670454 -4.996536 50.807445 -0.033665 0.999431 0.001861 -0.897453 -0.029410 -0.440129 0.439824 0.016487 -0.897933
-1.019763 -10.083124 -3.313557 55.946084 -0.015507 0.999787 -0.013624 -0.898856 -0.019908 -0.437791 0.437969 -0.005457 -0.898974
-0.176393 -8.936133 8.879627 -32.922695 -0.136515 0.989110 -0.054998 -0.407248 -0.005425 0.913301 -0.903057 -0.147077 -0.403554
-0.104799 -8.254327 6.821633 -33.562362 -0.124274 0.988439 -0.086861 -0.560663 0.002275 0.828041 -0.818666 -0.151603 -0.553898
-0.271836 -9.256086 3.842648 -35.667192 -0.148084 0.987749 -0.049227 -0.420413 -0.017819 0.907158 -0.895167 -0.155031 -0.417901
-0.355492 -9.941033 1.650821 -39.448334 -0.159883 0.987069 -0.011494 -0.252050 -0.029563 0.967262 -0.954415 -0.157546 -0.253518
-0.307050 -9.566905 7.878330 -34.836750 -0.143127 0.989450 -0.022453 -0.239769 -0.012654 0.970748 -0.960222 -0.144324 -0.239050
1.109977 -13.896496 38.727000 74.164776 0.278536 0.960281 0.016697 -0.349007 0.085005 0.933257 -0.894769 0.265773 -0.358822
1.586951 -14.089536 22.332140 117.387440 0.245917 0.969282 -0.004053 -0.472724 0.123583 0.872502 -0.846201 0.212647 -0.488594
1.091885 -14.743146 38.442741 104.239892 0.279768 0.959946 0.015243 -0.513806 0.136295 0.847011 -0.811007 0.244799 -0.531357
2.358772 -7.879170 -36.503146 17.534811 0.223773 0.906700 0.357520 0.089882 0.346061 -0.933897 0.970488 -0.241116 0.004057
0.431915 -9.700062 -152.417018 115.470643 0.309613 0.933869 0.178965 0.122362 0.147518 -0.981461 0.942957 -0.325771 0.068597
1.612865 -8.637292 -110.206194 64.522404 0.278908 0.934712 0.220282 0.189909 0.171170 -0.966765 0.941353 -0.311473 0.129770
0.857688 -6.639372 -8.400275 -8.603996 -0.003064 0.998856 0.047723 0.215462 -0.045943 0.975431 -0.976507 -0.013272 0.215075
0.682745 -6.665841 -8.559220 -2.727719 -0.021432 0.999767 -0.002678 0.319470 0.009386 0.947550 -0.947354 -0.019452 0.319597
0.706602 -6.966360 -3.711531 -19.442774 -0.020537 0.999720 0.011792 0.212484 -0.007161 0.977138 -0.976949 -0.022573 0.212277
1.032740 -6.643589 -4.231896 -17.999923 -0.008190 0.999199 0.039164 0.106065 -0.038077 0.993630 -0.994325 -0.012292 0.105668
1.183441 -6.479587 -0.630331 5.840200 0.018218 0.995417 0.093874 0.117858 -0.095373 0.988440 -0.992863 0.006944 0.119056
2.530518 -13.872857 -13.641208 26.990998 0.149391 0.987798 -0.044012 -0.661661 0.066793 -0.746822 0.734770 -0.140690 -0.663566
1.684667 -13.126126 -51.933356 -20.180047 0.150260 0.986432 -0.066133 -0.780539 0.077309 -0.620309 0.606780 -0.144827 -0.781565
2.155343 -13.217039 -49.204005 17.695065 0.222734 0.974512 -0.026747 -0.649556 0.127892 -0.749480 0.726957 -0.184308 -0.661486
3.466672 -15.896713 3.948554 194.054942 0.208332 0.977918 -0.016568 -0.532090 0.099108 -0.840868 0.820657 -0.183995 -0.540987
3.689667 -15.000778 -10.386381 182.567443 0.298367 0.953788 0.035569 -0.515600 0.192428 -0.834942 0.803202 -0.230780 -0.549187
1.456146 -12.594436 -40.080288 21.825358 0.297135 0.954424 0.028016 -0.638741 0.220494 -0.737152 0.709733 -0.201138 -0.675146
1.710546 -6.196235 -61.540389 1.059844 -0.018655 0.992531 -0.120558 -0.956801 0.017269 0.290229 -0.290143 -0.120764 -0.949333
1.939373 -6.283343 -70.508436 -0.674502 -0.043291 0.991529 -0.122455 -0.913998 0.010185 0.405591 -0.403403 -0.129482 -0.905815
0.951928 -6.126711 -35.023895 -4.053537 -0.063613 0.991012 -0.117682 -0.957741 -0.027477 0.286317 -0.280510 -0.130922 -0.950880
0.773207 -5.969258 -25.705816 -11.299458 -0.033692 0.992796 -0.114983 -0.986191 -0.014360 0.164987 -0.162147 -0.118954 -0.979570
1.412944 -6.102223 -47.270149 -4.265234 0.011364 0.993326 -0.114780 -0.984828 0.030996 0.170742 -0.173160 -0.111098 -0.978608
-1.391276 -25.702175 26.988663 -167.989110 -0.148134 0.879243 0.452756 0.784786 -0.174074 0.594818 -0.601803 -0.443430 0.664232
-0.974082 -27.371485 24.667643 21.451455 0.133157 -0.864213 -0.485186 0.937399 -0.049130 0.344775 -0.321796 -0.500722 0.803570
-1.263542 -24.828156 -1.441071 -173.403257 -0.131358 0.882261 0.452062 0.850099 -0.134340 0.509200 -0.509978 -0.451185 0.732363
-2.673549 -21.122479 14.097420 22.480031 0.186211 0.981208 0.050556 -0.019736 0.055181 -0.998281 0.982311 -0.184893 -0.029640
-3.123985 -20.589395 28.880371 45.677187 0.187349 0.979595 0.072764 -0.216225 0.113385 -0.969737 0.958200 -0.165946 -0.233055
-2.503594 -21.247212 38.239197 -7.706479 0.143258 0.986167 0.083377 0.003025 0.083809 -0.996477 0.989681 -0.143005 -0.009023
-2.157293 -20.474183 34.075407 -62.829283 0.147312 0.986350 0.073577 0.201030 0.042978 -0.978642 0.968445 -0.158957 0.191955
-1.907727 -21.648203 34.382168 -69.988864 0.107803 0.986994 0.119253 0.019469 0.117833 -0.992843 0.993982 -0.109353 0.006513
-1.660560 -20.359545 37.704527 -112.524619 0.109203 0.988371 0.105821 0.221289 0.079613 -0.971953 0.969075 -0.129557 0.210021
1.421492 -8.079826 -192.241913 97.289028 -0.629163 0.440895 -0.640129 0.202555 0.888104 0.412606 0.750417 0.129935 -0.648067
-1.666355 -6.729531 -198.404611 23.647286 -0.612901 0.481131 -0.626790 0.206082 0.863124 0.461028 0.762813 0.153395 -0.628162
1.569428 -6.759749 -183.101289 62.619257 -0.617402 0.477941 -0.624810 0.155365 0.852709 0.498747 0.771152 0.210854 -0.600720
3.170899 -8.382595 -140.584495 116.508861 -0.641891 0.484865 -0.594039 0.226935 0.860120 0.456830 0.732446 0.158427 -0.662136
3.898380 -7.386135 -133.581076 157.211452 -0.653712 0.480958 -0.584243 0.184764 0.850125 0.493102 0.733841 0.214399 -0.644601
3.674416 -5.748293 -142.547737 134.583005 -0.651783 0.432281 -0.623146 0.073180 0.853667 0.515652 0.754866 0.290491 -0.588041
-2.253275 -18.078798 116.060710 -446.116700 -0.002153 0.993302 0.115525 -0.781072 -0.073809 0.620064 -0.624438 0.088899 -0.775999
-2.752954 -11.982325 95.762850 125.607148 -0.139030 0.970735 0.195817 -0.825614 -0.222813 0.518378 -0.546838 0.089599 -0.832430
-3.821344 -18.384339 -121.630014 -261.065379 -0.438613 0.820017 0.367683 -0.668709 -0.571137 0.476057 -0.600372 0.037067 -0.798861
-5.498937 -20.975282 47.027967 -640.240698 -0.211150 0.955064 0.208011 -0.738019 -0.295309 0.606729 -0.640893 0.025405 -0.767210
-6.704206 -18.055817 38.973752 -232.317439 -0.417808 0.863005 0.284007 -0.680823 -0.504389 0.531104 -0.601595 -0.028541 -0.798291
45.665073 -68.035910 -2501.294716 2966.592571 -0.630896 0.601589 0.489960 0.421349 0.795922 -0.434710 -0.651487 -0.067813 -0.755623
4.268340 -21.447170 197.542256 634.172934 0.591382 -0.698967 -0.402134 0.804009 0.472778 0.360626 -0.061946 -0.536587 0.841568
-0.465535 -449.282256 -368.592079 9086.115415 -0.373609 0.927482 0.013919 0.328825 0.118397 0.936940 -0.867347 -0.354627 0.349213
12.048166 -114.831601 -50.520799 -158.008873 0.177948 -0.961863 -0.207737 0.965739 0.130178 0.224505 -0.188900 -0.240570 0.952073
57.496921 -26.346880 4394.217900 -1271.543771 0.582674 0.729589 -0.358038 0.347986 -0.622097 -0.701357 0.734436 -0.284070 0.616366
-0.520254 -4.045695 17.643040 69.664365 -0.055690 0.993944 -0.094729 0.409587 0.109268 0.905703 -0.910570 -0.011638 0.413192
-0.150379 -5.022233 27.156152 -23.551284 -0.073138 0.982406 -0.171843 0.294662 0.185898 0.937345 -0.952798 -0.017920 0.303074
-0.564835 -4.650625 -19.068252 57.718324 -0.070757 0.996549 -0.043392 0.396726 0.068027 0.915413 -0.915206 -0.047557 0.400170
-0.317703 -3.534688 42.636960 60.810156 -0.060420 0.981378 -0.182336 0.390942 0.191343 0.900307 -0.918430 0.016886 0.395223
-0.497219 -1.394591 26.370111 178.396079 0.088225 0.983625 0.157157 0.486768 -0.180225 0.854737 -0.869064 -0.001090 0.494698
0.759319 -15.129326 -20.335440 63.056431 -0.020493 0.998255 0.055377 -0.637384 -0.055719 0.768529 -0.770274 0.019547 -0.637414
0.888777 -16.668775 -20.942688 100.034219 -0.010974 0.999073 0.041624 -0.727007 -0.036552 0.685656 -0.686542 0.022736 -0.726735
0.761628 -15.446853 -33.720667 143.701635 -0.044947 0.996683 0.067844 -0.532950 -0.081365 0.842225 -0.844952 -0.001698 -0.534840
0.584495 -15.675934 -29.885130 33.030741 0.006822 0.999740 0.021768 -0.785779 -0.008104 0.618454 -0.618469 0.021324 -0.785520
0.484534 -13.649300 4.229275 61.445517 -0.023164 0.996273 0.083085 -0.474499 -0.084106 0.876229 -0.879951 0.019127 -0.474679
0.612848 -14.535756 9.061699 14.292168 0.014287 0.998172 0.058717 -0.676761 -0.033575 0.735437 -0.736064 0.050245 -0.675044
-0.700029 -11.810355 -61.712871 -15.713970 -0.068990 0.990596 0.118154 -0.436409 -0.136470 0.889339 -0.897100 -0.009792 -0.441720
-0.210218 -12.468672 -52.896431 -38.463145 -0.059614 0.995672 0.071296 -0.523927 -0.092004 0.846780 -0.849675 -0.013127 -0.527144
-0.013021 -12.710377 -21.258956 44.772280 -0.056959 0.991994 0.112712 -0.301341 -0.124712 0.945326 -0.951814 -0.019880 -0.306032
1.226907 -2.145146 -57.462920 -89.279687 -0.091357 -0.498918 -0.861821 -0.237126 0.851445 -0.467775 0.967174 0.161625 -0.196092
0.568401 -3.377578 14.961940 -80.402395 0.014653 0.701780 0.712243 -0.299254 0.682747 -0.666561 0.954061 0.203374 -0.220015
0.665869 -2.424550 -11.568390 -77.061780 -0.091575 -0.563554 -0.820988 -0.278747 0.805999 -0.522173 0.955988 0.181030 -0.230899
1.183318 -1.470605 -54.848488 -66.451990 -0.184045 -0.277589 -0.942906 -0.207033 0.948720 -0.238890 0.960867 0.151246 -0.232077
-0.115728 -2.813012 21.109535 -34.554941 -0.070089 -0.645636 -0.760422 -0.343137 0.731382 -0.589353 0.936667 0.219622 -0.272803
0.318270 -1.858712 -13.898357 -43.998078 -0.176233 -0.365988 -0.913780 -0.262923 0.912084 -0.314601 0.948585 0.184811 -0.256966
-97.159851 -429.518810 -7302.629615 -36772.729318 0.899975 -0.331022 -0.283672 0.430976 0.773524 0.464673 -0.065610 0.540450 -0.838814
-78.673408 -409.899804 7185.532338 27188.122756 -0.951339 -0.230363 0.204663 -0.229249 0.972922 0.029472 -0.205910 -0.018881 -0.978389
-250.855413 -725.487178 -20353.647992 68296.423846 0.878111 0.036544 -0.477060 0.223082 0.850796 0.475794 -0.423268 0.524224 -0.738941
2.029633 -5.835602 13.757182 -21.299622 0.704248 -0.421351 -0.571401 0.687817 0.205517 0.696183 0.175905 0.883304 -0.434547
0.814354 -13.331859 11.130014 520.292430 0.824702 -0.350843 -0.443595 0.547998 0.301719 0.780169 0.139876 0.886496 -0.441090
2.199891 -8.094397 39.516940 -110.782816 0.755344 -0.455906 -0.470749 0.623511 0.278863 0.730390 0.201715 0.845213 -0.494900
-1.622761 -20.674095 -96.417085 1019.302248 0.893323 -0.251184 -0.372667 0.434804 0.273334 0.858041 0.113663 0.928545 -0.353392
-1.112793 -5.268575 -177.684363 -9.876431 0.739809 -0.330129 -0.586257 0.659560 0.183724 0.728853 0.132906 0.925884 -0.353661
-0.274753 -3.529873 -20.748712 7.159615 -0.007887 0.983642 -0.179964 -0.909315 -0.081930 -0.407962 0.416033 -0.160426 -0.895086
-0.596945 -4.312349 -12.689195 41.369892 -0.183295 0.951250 -0.248044 -0.859129 -0.277642 -0.429897 0.477808 -0.134304 -0.868137
-0.369449 -3.746500 -9.899528 39.616602 -0.129843 0.963030 -0.236038 -0.877206 -0.222542 -0.425424 0.462224 -0.151816 -0.873671
17.540563 -9.266433 687.760567 76.756927 0.537423 0.796806 -0.276183 0.509151 -0.567648 -0.646947 0.672266 -0.207066 0.710761
18.437352 -8.371196 402.189274 55.865530 0.647040 0.744477 -0.164603 0.508096 -0.581979 -0.634932 0.568487 -0.327192 0.754830
14.611207 -9.672904 362.924957 122.747619 0.511290 0.804751 -0.301594 0.576400 -0.581408 -0.574220 0.637453 -0.119754 0.761126
9.901849 -8.767458 326.279405 114.683036 0.488723 0.805785 -0.334454 0.487161 -0.570072 -0.661583 0.723757 -0.160398 0.671154
9.052906 -10.212606 83.754581 104.458882 0.454732 0.821824 -0.343254 0.578328 -0.565567 -0.587938 0.677315 -0.068841 0.732465
11.812591 -10.680132 -130.343878 -1.614464 0.481311 0.804594 -0.347806 0.679298 -0.593152 -0.432116 0.553980 0.028282 0.832050
19.298971 -9.341764 636.061007 -164.281271 0.654526 0.742842 -0.140648 0.447681 -0.530717 -0.719667 0.609244 -0.408075 0.679924
17.465475 -12.501727 -100.837539 -294.884103 0.810348 0.579716 0.085236 0.444435 -0.513303 -0.734165 0.381855 -0.632811 0.673600
20.574403 -9.338809 759.952628 -88.042405 0.645003 0.748373 -0.154623 0.486050 -0.557899 -0.672684 0.589683 -0.358729 0.723594
16.599985 -8.191723 749.077104 46.786270 0.558800 0.787281 -0.260635 0.448168 -0.551120 -0.703856 0.697773 -0.276506 0.660800
-1.670290 -7.552065 -276.388090 -18.160927 0.311161 0.837885 0.448472 0.156596 0.420244 -0.893797 0.937367 -0.348343 0.000446
-3.576549 -7.820253 -189.410624 1.244196 0.233495 0.754616 0.613217 0.137206 0.598769 -0.789082 0.962629 -0.268384 -0.036272
-4.329286 -8.334450 -253.225737 -57.875102 0.239071 0.788820 0.566223 0.247520 0.514360 -0.821077 0.938924 -0.336447 0.072280
-2.366510 -7.189947 -198.491093 17.727965 0.282173 0.800100 0.529356 0.067800 0.533768 -0.842909 0.956965 -0.273737 -0.096368
-0.639029 -7.456270 -304.457110 -35.050100 0.332192 0.875445 0.351063 0.237405 0.282612 -0.929392 0.912846 -0.392080 0.113954
2.018676 -6.814340 -209.191420 -13.969685 0.312370 0.905532 0.287117 0.183495 0.239034 -0.953516 0.932070 -0.350534 0.091494
0.360005 -6.758638 -222.287649 10.999504 0.306673 0.882619 0.356280 0.041325 0.361616 -0.931411 0.950917 -0.300361 -0.074424
-2.707946 -7.355972 -143.718993 14.020898 -0.041410 -0.978668 0.201230 0.986100 -0.072468 -0.149519 0.160913 0.192242 0.968065
-3.985309 -7.752108 -72.823610 21.060112 0.029877 -0.988947 0.145229 0.999034 0.024862 -0.036228 0.032217 0.146171 0.988735
-3.971976 -7.427004 63.577065 21.524260 -0.005994 0.991542 -0.129645 0.985873 -0.015842 -0.166742 0.167386 0.128813 0.977440
-1.102939 -7.689811 -174.462152 -23.179641 0.025455 0.997524 0.065560 0.926180 -0.048214 0.373987 -0.376222 -0.051201 0.925114
-3.513360 -8.020068 -101.501663 -6.981887 -0.040985 0.999154 -0.003394 0.967208 0.040527 0.250730 -0.250656 -0.006994 0.968051
-3.083791 -7.812836 -83.323743 -27.286181 -0.032766 0.999398 -0.011365 0.921468 0.034611 0.386910 -0.387070 -0.002205 0.922048
-0.856176 -12.613182 45.017488 -281.525994 0.230794 0.972108 -0.041723 -0.967804 0.233776 0.093296 -0.100447 -0.018848 -0.994764
-0.818267 -15.162324 34.638344 -263.997201 0.193916 0.980433 -0.033874 -0.946226 0.196041 0.257342 -0.258947 0.017850 -0.965727
-0.429253 -11.363187 15.714142 -226.468977 0.239982 0.969143 -0.056300 -0.966491 0.243964 0.079858 -0.091129 -0.035249 -0.995215
-0.681401 -8.754952 34.373623 221.428465 0.289230 0.955522 -0.057658 0.956266 -0.285663 0.062861 0.043594 -0.073317 -0.996355
-0.372141 -8.319524 6.779456 137.220394 0.279202 0.957260 -0.075498 0.959870 -0.276073 0.049329 0.026378 -0.086241 -0.995925
-0.174770 -10.271677 -1.976406 -169.155302 0.233093 0.969837 -0.071297 -0.967715 0.238563 0.081340 -0.095896 -0.050035 -0.994133
15.502002 -8.022085 613.912587 -81.728531 -0.157980 0.987170 0.023193 -0.834839 -0.146072 0.530761 -0.527339 -0.064487 -0.847204
15.913948 -10.216707 744.574382 -118.914142 -0.234771 0.967584 0.093079 -0.859633 -0.251366 0.444799 -0.453777 -0.024412 -0.890781
1.281785 -6.684215 90.179701 -52.622795 -0.290360 0.945566 0.146955 -0.846342 -0.325424 0.421669 -0.446538 0.001939 -0.894762
2.348494 -6.831832 110.169505 -81.567600 -0.201637 0.973231 0.110288 -0.841120 -0.229751 0.489625 -0.501857 -0.005961 -0.864930
-1.740637 -11.262123 -646.688486 451.776655 -0.956507 -0.234411 0.173627 -0.184905 0.947561 0.260651 -0.225622 0.217210 -0.949692
-3.279765 -20.381547 58.934214 -1962.035079 -0.950897 0.126459 0.282495 0.167009 0.978086 0.124323 -0.260582 0.165398 -0.951178
-2.778198 -38.505230 -18.098322 -4565.862680 0.943044 -0.164464 -0.289171 0.232162 0.947934 0.217994 -0.238263 0.272712 -0.932126
-1.735187 -25.415794 435.832666 -413.025470 0.974984 0.009961 -0.222050 0.060656 0.949157 0.308905 -0.213838 0.314646 -0.924809
31.995731 -5.966903 13285.856200 -141.537524 0.490881 0.865109 0.103068 0.847469 -0.446703 -0.286798 -0.202071 0.228131 -0.952430
0.813178 -12.388972 46.548826 22.441927 -0.158754 0.982511 -0.097309 0.616061 0.021557 -0.787404 0.771535 0.184952 0.608709
0.694030 -14.472762 38.650918 206.581559 -0.169346 0.982283 -0.080264 0.717191 0.066965 -0.693651 0.675987 0.175032 0.715825
0.211648 -13.416777 27.898075 57.487159 -0.157521 0.981668 -0.107310 0.647039 0.020509 -0.762181 0.746008 0.189493 0.638408
1.513940 -12.539559 42.868507 70.375652 -0.135887 0.987368 -0.081480 0.631461 0.022944 -0.775068 0.763408 0.156773 0.626603
1.453415 -12.473925 50.683529 -111.851790 -0.137406 0.985935 -0.095136 0.529684 -0.008022 -0.848157 0.836992 0.166934 0.521132
1774.478664 81.109044 172722.333799 -34.014968 -0.147522 -0.041073 -0.988206 0.937665 0.312077 -0.152948 0.314678 -0.949169 -0.007525
187.022279 -44.607599 15771.287004 -642.894461 -0.029037 0.993144 -0.113234 0.996702 0.020180 -0.078594 -0.075770 -0.115143 -0.990455
30.295984 -323.357008 -3013.232761 56912.176874 0.975795 0.183461 0.119018 0.124038 -0.912551 0.389699 -0.180105 0.365503 0.913219
11.388481 -6.358646 -1273.466385 -1361.550454 0.997656 0.055932 -0.039416 0.062011 -0.982564 0.175278 0.028925 0.177311 0.983730
165.626089 -1.424446 15577.798174 -687.985021 -0.175996 0.981034 0.081226 0.966222 0.187939 -0.176334 0.188255 -0.047448 0.980973
98.419389 -10.849140 -8359.376722 -1085.803899 0.251531 -0.953153 -0.168019 0.959365 0.268476 -0.086826 0.127868 -0.139352 0.981953
-1.119045 -14.003238 -18.073901 -27.276025 0.086960 0.987275 0.133136 0.724796 -0.154386 0.671443 -0.683454 -0.038107 0.728999
-0.646027 -14.766136 -14.538613 -41.873994 0.075222 0.985043 0.155021 0.726963 -0.160583 0.667636 -0.682544 -0.062474 0.728169
-1.113597 -14.451676 -16.377429 -14.221958 0.107739 0.982800 0.149989 0.844086 -0.170137 0.508501 -0.525273 -0.071818 0.847898
-1.583457 -13.914171 -17.585176 2.814746 0.127307 0.984742 0.118641 0.844858 -0.170324 0.507154 -0.519623 -0.035670 0.853651
-1.632513 -13.538040 -20.227624 -18.401359 0.111347 0.987648 0.110239 0.725034 -0.156599 0.670673 -0.679653 -0.005250 0.733515
-1.443045 -31.928514 -1.950007 674.855711 0.084495 0.995368 -0.045855 -0.931586 0.062584 -0.358094 0.353566 -0.072975 -0.932559
-0.129450 -33.409547 93.244426 717.632458 0.090203 0.995900 -0.006802 -0.928833 0.081660 -0.361388 0.359351 -0.038916 -0.932391
-0.718706 -34.818145 21.683696 -615.725386 0.085888 0.995751 -0.033202 -0.737480 0.041134 -0.674115 0.669885 -0.082384 -0.737880
-1.465556 -21.401167 -1.304091 -143.969378 -0.417841 0.867986 -0.268345 0.366015 0.431160 0.824702 -0.831530 -0.246376 0.497852
-1.714371 -19.816075 -11.592748 297.758129 -0.413985 0.868594 -0.272324 0.587311 0.483435 0.649119 -0.695472 -0.108787 0.710270
-1.806801 -20.024577 23.899961 325.112158 -0.371206 0.880865 -0.293738 0.577962 0.466777 0.669387 -0.726750 -0.078712 0.682377
-0.613070 -16.314922 19.393371 185.110106 -0.426977 0.881671 -0.200865 0.708573 0.464222 0.531434 -0.561796 -0.084582 0.822941
-1.083049 -16.818396 14.212084 59.871597 -0.405892 0.897281 -0.173602 0.739318 0.434038 0.514801 -0.537271 -0.080607 0.839549
-0.949981 -14.922279 8.243428 205.411915 -0.397190 0.897678 -0.190825 0.822006 0.440446 0.360990 -0.408101 0.013478 0.912837
-0.535844 -14.578105 15.200765 345.601527 -0.422889 0.880200 -0.215438 0.797450 0.474394 0.372860 -0.430394 0.014122 0.902531
-0.341829 -16.857276 15.544817 224.747553 -0.435783 0.874486 -0.212995 0.669840 0.473172 0.572208 -0.601172 -0.106686 0.791966
2.984325 -7.185804 -211.278573 -17.621112 0.066547 -0.969528 0.235767 0.975491 0.013550 -0.219621 0.209735 0.244604 0.946668
0.654357 -6.955196 -175.922869 -22.769536 0.111901 -0.965058 0.236942 0.971140 0.055664 -0.231922 0.210629 0.256056 0.943435
2.763748 -7.285638 205.896787 -9.595464 -0.105904 0.966026 -0.235751 0.933344 0.014788 -0.358678 0.343005 0.258023 0.903201
4.322757 -7.403582 93.854658 -3.933173 -0.052913 0.983203 -0.174678 0.938349 -0.010886 -0.345517 0.341615 0.182191 0.922012
4.617946 -7.360044 164.498779 4.731812 -0.079153 0.977189 -0.197068 0.879120 -0.024776 -0.475957 0.469982 0.210920 0.857105
2.495704 -7.329280 198.910724 2.821369 -0.138212 0.962794 -0.232218 0.870772 0.006421 -0.491646 0.471862 0.270160 0.839261
4.394940 -20.165709 158.646802 157.122506 -0.166949 0.984447 -0.054704 0.234034 0.093464 0.967725 -0.957787 -0.148758 0.245998
12.930355 -15.068451 701.830244 -28.155513 -0.217648 0.926065 -0.308273 0.067333 0.329338 0.941808 -0.973702 -0.184226 0.134034
16.647276 -16.168319 1048.040759 157.701753 -0.147911 0.935583 -0.320634 0.010449 0.325660 0.945429 -0.988945 -0.136490 0.057944
35.628173 -7.700978 2984.840451 13.919235 -0.188565 0.747096 -0.637410 -0.108513 0.629229 0.769608 -0.976047 -0.214288 0.037581
179.906285 -318.448439 -5452.015140 25994.851862 -0.219556 0.882568 0.415776 -0.056488 -0.436959 0.897706 -0.973963 -0.173610 -0.145792
8.445286 -34.752344 364.081830 1239.785570 -0.140341 0.954253 0.264018 -0.100785 -0.279040 0.954976 -0.984960 -0.107414 -0.135335
0.120500 -27.900616 -61.230077 385.223571 -0.478975 0.877422 0.026701 0.874805 0.474582 0.097403 -0.072791 -0.070012 0.994887
0.697910 -29.280295 18.096675 434.036489 -0.481062 0.875272 -0.049782 0.868674 0.483555 0.107607 -0.118257 -0.008521 0.992946
0.630248 -27.319746 -2.258978 264.285990 -0.435600 0.899802 -0.024683 0.884380 0.422703 -0.197975 0.167705 0.108067 0.979896
0.116788 -32.811633 -44.487459 346.220464 -0.536405 0.843320 -0.032870 0.727665 0.481868 0.488167 -0.427520 -0.237937 0.872131
-0.271101 -24.046880 -48.560762 234.347577 -0.481746 0.876293 0.005659 0.847533 0.464275 0.257170 -0.222729 -0.128687 0.966350
-4.692625 -33.094460 59.478148 -1569.048800 0.109711 0.797842 -0.592800 0.612315 -0.524046 -0.591984 0.782964 0.298034 0.546024
-7.509286 -41.254889 250.784716 -1841.866344 -0.600771 0.765678 0.229809 0.330734 0.499771 -0.800527 0.727798 0.404928 0.553484
-7.093074 -12.402984 -51.215421 -60.376463 -0.272906 0.921143 -0.277522 0.712972 -0.000024 -0.701193 0.645905 0.389225 0.656742
0.286308 -6.891200 -2.926022 24.682678 -0.039440 0.998239 0.044321 0.439834 -0.022484 0.897797 -0.897213 -0.054903 0.438173
0.228042 -6.519061 -2.390943 35.188524 -0.035921 0.997689 0.057672 0.444483 -0.035737 0.895074 -0.895067 -0.057786 0.442172
0.252680 -6.838428 -3.772350 -2.753045 -0.053055 0.998305 0.023940 0.327669 -0.005242 0.944778 -0.943302 -0.057969 0.326836
0.387017 -6.179150 -0.897188 35.225089 -0.004732 0.994646 0.103233 0.540930 -0.084281 0.836835 -0.841055 -0.059802 0.537634
0.329940 -6.954448 -2.904021 -12.706489 -0.048263 0.998431 0.028390 0.323375 -0.011273 0.946204 -0.945039 -0.054847 0.322324
0.368609 -7.091010 -2.519973 13.565483 -0.042686 0.998661 0.029238 0.435764 -0.007724 0.900028 -0.899048 -0.051159 0.434851
0.463290 -6.604056 -3.885126 30.632089 -0.018814 0.997298 0.071006 0.541018 -0.049568 0.839549 -0.840801 -0.054210 0.538624
-3.193106 -6.887343 31.982487 70.000461 0.255621 0.966381 -0.027657 0.523538 -0.114320 0.844298 -0.812752 0.230300 0.535160
-2.693737 -5.852461 42.919713 97.897364 0.346966 0.935302 0.069460 0.557885 -0.265355 0.786353 -0.753909 0.234087 0.613861
-2.702886 -6.532592 31.574354 54.443170 0.363341 0.930136 0.053199 0.465070 -0.230558 0.854724 -0.807275 0.285815 0.516349
-3.380385 -7.111301 31.629690 15.885879 0.256787 0.964310 -0.064547 0.425343 -0.052789 0.903491 -0.867838 0.259460 0.423718
-0.010190 -12.233324 -31.308915 24.586962 0.308401 0.946319 0.096794 0.041564 0.088252 -0.995231 0.950348 -0.310953 0.012116
0.337405 -12.486185 -31.723450 45.423417 0.291692 0.948672 0.122219 0.248269 0.048307 -0.967486 0.923731 -0.312551 0.221435
0.490996 -12.356224 -28.212803 2.208367 0.289229 0.951883 0.101318 0.031895 0.096200 -0.994851 0.956728 -0.290971 0.002537
0.005346 -12.308236 -26.828715 -24.186271 0.301783 0.950460 0.074521 -0.173926 0.131740 -0.975907 0.937377 -0.281551 -0.205067
2.398522 -3.753572 102.410492 25.170803 0.021829 0.854688 -0.518682 0.290290 -0.501873 -0.814773 0.956690 0.132783 0.259062
3.361826 -3.486109 81.378574 16.249462 0.040613 0.886689 -0.460579 0.321727 -0.448015 -0.834131 0.945961 0.114305 0.303467
2.341303 -4.488609 122.848261 48.825735 -0.028008 0.895469 -0.444243 0.356096 -0.406324 -0.841485 0.934030 0.181761 0.307492
3.287824 -3.201164 61.499734 0.517378 0.087465 0.856346 -0.508941 0.262455 -0.512658 -0.817496 0.960972 0.062072 0.269592
0.899307 -4.798364 85.746017 52.854411 -0.028245 0.878174 -0.477506 0.326392 -0.443412 -0.834778 0.944812 0.179432 0.274105
1.313806 -3.837565 70.724500 33.128578 0.016011 0.834401 -0.550926 0.255315 -0.536142 -0.804590 0.966725 0.127777 0.221619
2.547710 -3.265270 84.440304 11.404915 0.057797 0.834368 -0.548169 0.231655 -0.545309 -0.805590 0.971080 0.080425 0.224802
21.645960 -451.471358 -8959.580725 27421.609497 0.870710 -0.054858 0.488728 -0.188858 0.880268 0.435272 0.454090 0.471296 -0.756097
-9.005069 -138.830694 -2931.381974 9499.192639 0.748724 -0.155657 0.644347 -0.590816 0.284067 0.755144 0.300581 0.946085 -0.120723
-62.801887 -240.722888 -6482.889411 6106.960528 0.925588 -0.294676 0.237599 0.063841 0.740215 0.669333 0.373111 0.604358 -0.703946
24.720558 -126.578665 30.868048 7763.954332 0.696540 -0.344024 0.629666 -0.563077 0.281835 0.776861 0.444721 0.895665 -0.002598
63.286777 -1162.164568 16567.154595 -6492.663204 -0.970636 0.179065 -0.160627 0.186058 0.982096 -0.029486 0.152471 -0.058506 -0.986575
15.039392 -142.311211 -4369.185363 -567.300707 0.882650 -0.425066 0.200617 0.469701 0.781680 -0.410313 -0.017592 -0.456393 -0.889604
29.167486 -243.292228 1125.862260 -14939.274899 0.447787 0.059553 -0.892155 0.499370 0.811011 0.304778 0.741698 -0.581991 0.333421
1.272567 -19.039417 506.600558 -1991.415661 0.616819 -0.524601 -0.586794 -0.233345 0.590119 -0.772858 0.751721 0.613639 0.241584
-7.969393 -20.712747 51.403368 -132.440852 0.729304 -0.441187 0.522944 -0.274951 0.510905 0.814480 0.626513 0.737787 -0.251300
-0.969612 -52.596007 -77.520964 726.613359 0.923364 -0.361664 -0.128833 0.342543 0.624521 0.701882 0.173387 0.692223 -0.700545
0.284051 -44.658504 -65.453999 1620.580673 0.898997 -0.412145 -0.148123 0.243630 0.189580 0.951159 0.363934 0.891177 -0.270843
-3.065420 -97.528894 -124.323806 5079.290330 0.919233 -0.371296 -0.130956 0.309784 0.476809 0.822610 0.242991 0.796738 -0.553321
-6.296730 -37.088452 234.849574 822.288684 0.996241 0.057693 -0.064615 -0.081057 0.883951 -0.460500 -0.030549 -0.464006 -0.885305
-6.691289 -39.165167 152.423187 -995.317416 0.988548 0.037725 -0.146115 -0.139850 0.592816 -0.793102 -0.056700 -0.804454 -0.591303
-10.680086 -37.749661 323.864106 -39.082837 0.983252 -0.026123 -0.180372 -0.092912 0.779570 -0.619386 -0.156793 -0.625771 -0.764086
-4.081239 -33.175436 166.295394 -402.888393 0.988591 0.132699 -0.071260 -0.141050 0.649638 -0.747044 0.052839 -0.748573 -0.660944
-8.475301 -10.967213 95.839362 107.248278 -0.074777 0.993272 0.088421 -0.405505 0.050719 -0.912685 0.911029 0.104103 -0.398984
-8.229765 -13.246446 -1.969808 209.052619 0.161585 0.891785 0.422622 -0.341669 0.452318 -0.823815 0.925825 0.011280 -0.377783
8.239631 -14.184922 -49.054865 187.014396 0.665253 0.687064 0.292199 0.738763 -0.549132 -0.390746 -0.108012 0.475811 -0.872890
8.120293 -12.557895 -40.300093 177.678231 0.681919 0.636925 0.359602 0.728715 -0.633914 -0.259089 0.062937 0.438725 -0.896415
7.474260 -10.852597 -93.491163 107.718612 0.663625 0.686111 0.298083 0.736961 -0.668032 -0.103063 0.128416 0.288071 -0.948960
5.103739 -5.531285 605.944342 -34.052606 0.973311 -0.228746 0.018440 0.222596 0.921483 -0.318309 -0.055819 -0.313918 -0.947808
4.553813 -4.531481 557.042355 -225.080643 0.984876 -0.172917 -0.010943 0.155849 0.911713 -0.380119 -0.075706 -0.372664 -0.924873
4.133571 -6.115157 676.015026 33.805684 0.955214 -0.290041 0.058675 0.295341 0.922074 -0.250105 -0.018438 -0.256233 -0.966439
-4.690508 -13.913070 -8.993069 56.943117 0.273119 0.925975 0.260723 0.952523 -0.298222 0.061344 0.134557 0.231591 -0.963463
-4.528375 -12.659025 -13.713695 -97.666085 0.306397 0.914851 0.262999 -0.890701 0.373008 -0.259841 0.335816 0.154639 -0.929147
-4.509037 -14.084709 -10.619050 50.936293 0.281543 0.937801 0.203133 0.946807 -0.305893 0.099933 0.155854 0.164193 -0.974038
-4.868152 -12.767637 -15.402621 -114.509809 0.285499 0.902895 0.321359 -0.898980 0.368513 -0.236716 0.332154 0.221313 -0.916894
-4.623296 -14.221483 -6.354333 -20.466984 0.262829 0.942369 0.207028 0.962551 -0.241317 -0.123541 -0.066462 0.231745 -0.970504
-4.935256 -13.994568 -26.335574 51.158318 0.268619 0.908405 0.320381 0.956087 -0.291921 0.026090 0.117226 0.299304 -0.946929
-4.710471 -14.029566 -8.593834 -24.212022 0.262119 0.927111 0.267878 0.960643 -0.224217 -0.163988 -0.091973 0.300319 -0.949394
-0.133164 -2.345480 -17.946886 217.816551 0.020993 0.989492 0.143057 0.515089 -0.133341 0.846701 -0.856879 -0.055913 0.512476
-0.429086 -4.959557 -23.304939 59.946631 -0.057810 0.998326 -0.001689 0.404978 0.024997 0.913984 -0.912497 -0.052154 0.405746
-0.773129 -7.681988 2.957154 30.132260 -0.114917 0.993365 -0.004411 -0.991994 -0.114990 -0.052197 0.052358 0.001623 -0.998627
-0.081865 -7.627415 4.941241 -32.440783 -0.106953 0.987762 -0.113520 -0.691953 0.008041 0.721898 -0.713976 -0.155760 -0.682625
-0.046906 -7.493904 1.545623 -26.242656 -0.114201 0.987013 -0.112972 -0.676853 0.005938 0.736094 -0.727205 -0.160529 -0.667385
-0.191430 -8.501490 6.100978 -34.129908 -0.128645 0.988374 -0.081043 -0.572131 -0.007220 0.820130 -0.810010 -0.151872 -0.566409
-0.136998 -7.131142 -3.393457 -14.699902 -0.103267 0.985613 -0.133805 -0.786825 0.001347 0.617175 -0.608476 -0.169015 -0.775365
-0.106279 -7.225325 0.520785 -20.713576 -0.090324 0.986316 -0.137925 -0.800318 0.010540 0.599483 -0.592733 -0.164531 -0.788414
-0.120795 -7.841013 5.867688 -37.780590 -0.107738 0.988301 -0.107955 -0.704351 0.000755 0.709851 -0.701628 -0.152516 -0.696030
176.210581 -8.128203 11366.609355 24.380237 -0.377804 -0.757207 -0.532824 0.788524 0.038482 -0.613799 0.485277 -0.652040 0.582538
277.112914 -6.886489 24881.078423 237.185756 -0.420408 -0.770725 -0.478790 0.825426 -0.105772 -0.554512 0.376734 -0.628327 0.680644
186.999284 -4.209965 26254.849872 168.531642 0.065500 0.997548 0.024637 0.817054 -0.039442 -0.575211 0.572829 -0.057806 0.817634
1095.330218 -17.613725 121333.282324 1509.807639 -0.573502 -0.418892 -0.704007 0.792584 -0.066428 -0.606134 0.207139 -0.905603 0.370103
107.248573 -8.323065 9511.789390 -22.188606 0.159230 0.929642 0.332283 0.738538 0.111187 -0.664981 0.655140 -0.351288 0.668871
111.283357 -10.178451 6951.109902 -9.778261 -0.443249 -0.627544 -0.640093 0.704629 0.197476 -0.681543 0.554101 -0.753122 0.354654
222.234110 -8.308854 16479.159185 -10.773548 -0.522022 -0.377577 -0.764806 0.789796 0.124582 -0.600584 0.322047 -0.917559 0.233175
0.682751 -5.916519 -8.750877 64.561782 -0.039640 0.998206 -0.044865 0.427728 0.057530 0.902075 -0.903038 -0.016568 0.429241
0.821992 -5.582926 -15.723249 40.709106 -0.035684 0.997859 -0.054814 0.413236 0.064673 0.908324 -0.909924 -0.009761 0.414659
0.983864 -3.137566 -17.497477 191.136854 -0.078550 0.987346 -0.137761 0.505857 0.158552 0.847921 -0.859034 0.003083 0.511910
0.898469 -5.076461 -13.682064 15.169268 -0.026781 0.997480 -0.065706 0.393490 0.070942 0.916588 -0.918939 0.001307 0.394398
1.095666 -3.142970 -15.955449 142.552821 -0.075919 0.982597 -0.169526 0.479845 0.185039 0.857618 -0.874062 0.016237 0.485542
2.267180 -13.553834 -15.982759 12.072376 0.099187 0.993214 -0.060729 -0.793562 0.042133 -0.607028 0.600350 -0.108402 -0.792356
1.772455 -13.773832 -43.503960 -14.586145 0.099138 0.991726 -0.081559 -0.890885 0.051947 -0.451250 0.443279 -0.117396 -0.888663
0.785734 -13.690783 -71.883791 -60.538891 0.149936 0.985075 -0.084542 -0.877593 0.093218 -0.470256 0.455356 -0.144701 -0.878471
2.106144 -6.432798 -70.732460 -7.895230 -0.062334 0.990751 -0.120528 -0.859454 0.008109 0.511148 -0.507398 -0.135450 -0.851000
3.216086 -6.414823 -107.146444 -9.502984 -0.011832 0.992541 -0.121335 -0.859998 0.051808 0.507661 -0.510160 -0.110355 -0.852970
1.095249 -6.268026 -33.672416 -0.407971 -0.085053 0.989882 -0.113573 -0.913769 -0.032050 0.404968 -0.397230 -0.138223 -0.907250
3.395859 -6.504042 -113.742712 -12.366748 -0.031933 0.991794 -0.123792 -0.792932 0.050262 0.607234 -0.608473 -0.117550 -0.784820
2.201117 -6.534891 -66.250515 -12.065893 -0.078116 0.989736 -0.119668 -0.792442 0.011191 0.609844 -0.604924 -0.142469 -0.783434
1.218397 -6.433566 -29.049900 -6.786669 -0.101982 0.988864 -0.108389 -0.859061 -0.032603 0.510834 -0.501612 -0.145209 -0.852819
-0.744487 -23.395920 -58.273080 237.382591 -0.050120 0.922873 0.381829 0.683928 0.310319 -0.660261 0.727826 -0.228051 0.646732
-0.200134 -21.209840 -48.173331 287.206572 -0.052183 0.923715 0.379509 0.498202 0.353438 -0.791755 0.865489 -0.147756 0.478641
-1.448949 -23.055112 -55.401180 207.914274 -0.026230 0.941130 0.337025 0.638874 0.275087 -0.718448 0.768864 -0.196471 0.608479
0.051512 -21.770294 -36.557240 255.263418 -0.068162 0.905025 0.419861 0.553724 0.384390 -0.738671 0.829906 -0.182138 0.527335
-2.015161 -24.188426 -62.149874 171.550853 -0.034910 0.936517 0.348880 0.807759 0.231999 -0.541942 0.588478 -0.262892 0.764579
-0.253820 -23.706592 -37.600200 180.724515 -0.071014 0.909432 0.409745 0.741336 0.322956 -0.588320 0.667367 -0.261980 0.697129
-1.176290 -24.440515 -62.602506 145.063075 -0.052464 0.919853 0.388738 0.847334 0.247005 -0.470120 0.528462 -0.304727 0.792382
-2.474083 -19.483350 -39.476397 105.697285 0.242350 0.969187 0.044088 -0.238055 0.103457 -0.965726 0.940530 -0.223548 -0.255792
-2.792179 -18.340450 -16.508075 109.267444 0.257485 0.960697 0.103746 -0.405574 0.204900 -0.890801 0.877047 -0.187291 -0.442392
2.824794 -12.460633 43.240941 492.710186 -0.028977 0.920441 0.389805 -0.067411 0.387282 -0.919494 0.997304 0.052921 -0.050826
2.643671 -16.324256 109.998071 497.742100 -0.020525 0.957884 0.286419 0.033298 0.286976 -0.957359 0.999235 0.010113 0.037786
1.448749 -16.501973 11.133545 413.075147 -0.017531 0.936744 0.349576 0.083696 0.349778 -0.933086 0.996337 -0.012900 0.084534
-1.855333 -7.554105 -191.090414 64.638418 -0.651008 0.360633 -0.667932 0.180157 0.928198 0.325565 0.737382 0.091612 -0.669234
-1.233176 -14.556731 74.027195 118.185050 -0.113354 0.972832 0.201863 -0.842699 -0.201765 0.499149 -0.526317 0.113529 -0.842675
-1.265104 -62.138207 -141.651344 312.135996 -0.400730 0.882896 0.244765 -0.558899 -0.447257 0.698278 -0.725980 -0.143022 -0.672679
24.391816 -244.835472 84.948969 11805.912976 -0.141118 0.988150 0.060376 -0.609818 -0.134807 0.780993 -0.779877 -0.073394 -0.621615
223.322294 -664.134776 8694.061905 -131581.188361 -0.111665 0.940361 0.321327 0.445568 -0.241647 0.862019 -0.888257 -0.239431 0.392011
-0.177170 -5.412241 -7.725555 -32.646260 -0.082945 0.991179 -0.103365 0.276978 0.122565 0.953027 -0.957290 -0.050419 0.284701
0.295759 -4.823306 23.682026 -44.173215 -0.092404 0.971230 -0.219484 0.183484 0.233261 0.954946 -0.978670 -0.047969 0.199760
0.190946 -4.474682 46.036442 -12.120924 -0.085761 0.963761 -0.252605 0.281350 0.266646 0.921814 -0.955765 -0.007986 0.294023
-0.382413 -12.077714 -55.029086 -95.455985 -0.046603 0.995317 0.084689 -0.575648 -0.096048 0.812037 -0.816368 0.010908 -0.577429
0.717928 -2.991625 -53.344394 -94.831439 -0.012754 -0.641473 -0.767040 -0.246723 0.745403 -0.619276 0.969002 0.181348 -0.167773
0.798350 -8.993139 -13.304325 16.181958 -0.018093 0.985008 0.171555 0.982053 0.049725 -0.181933 0.187736 -0.165184 0.968230
1.112468 -9.010112 -0.411520 25.581601 -0.024220 0.990090 0.138328 0.953526 0.064448 -0.294337 0.300335 -0.124770 0.945638
0.881291 -8.658967 -12.274825 22.743009 -0.002925 0.985535 0.169448 0.943415 0.058910 -0.326339 0.331600 -0.158905 0.929941
-236.608590 -359.674401 -18380.680725 -25517.281440 0.988865 0.024087 0.146854 0.015179 0.965342 -0.260545 0.148040 -0.259873 -0.954227
-72.045498 -309.375804 -6650.225209 -19634.186624 0.913941 0.149703 -0.377227 -0.365980 0.705742 -0.606618 -0.175413 -0.692471 -0.699795
2.538334 -7.236429 -46.746129 72.216034 -0.651315 0.475515 0.591333 0.743391 0.243574 0.622930 0.152179 0.845315 -0.512137
-0.046330 -19.537597 31.011733 882.226669 0.835237 -0.324743 -0.443757 0.539381 0.326820 0.776052 0.106989 0.887542 -0.448133
-5.329373 -76.891910 8.483723 3418.650272 0.972259 -0.127897 -0.195845 0.229070 0.351207 0.907844 0.047328 0.927521 -0.370761
-1.815263 -4.246767 4.293850 -33.046799 -0.546124 0.828362 -0.124763 -0.516374 -0.450159 -0.728501 0.659626 0.333427 -0.673587
-1.676863 -5.798840 -2.767013 -95.282832 -0.581489 0.781542 -0.225968 -0.492777 -0.559360 -0.666549 0.647334 0.276240 -0.710387
