14335
28659
-5.833129 -7.908759 -44.985319 165.672200 0.713956 -0.274335 -0.644211 0.580424 -0.282722 0.763660 0.391631 0.919135 0.042620
-6.920080 -9.487927 -15.430484 147.269322 0.656304 -0.337872 -0.674616 0.650532 -0.199522 0.732802 0.382194 0.919801 -0.088850
-4.042239 -11.534475 122.691652 265.665991 -0.637095 0.174076 0.750871 0.718770 -0.217625 0.660310 0.278352 0.960384 0.013527
-5.585629 -7.520822 47.929524 47.323117 0.866013 -0.448283 0.221505 -0.178409 0.136810 0.974399 0.467110 0.883360 -0.038501
-2.988597 -10.107879 149.401141 284.728751 -0.672758 0.113379 0.731124 0.675024 -0.310483 0.669285 0.302884 0.943793 0.132347
-5.025267 -6.809496 -88.523052 146.933363 0.709721 -0.188015 -0.678930 0.590258 -0.367383 0.718766 0.384567 0.910868 0.149762
-4.709344 -6.512025 38.600177 61.954907 0.820822 -0.438488 0.366033 -0.355110 0.110173 0.928310 0.447380 0.891958 0.065280
5.347100 -9.670113 67.934834 -36.534966 0.801032 0.073813 -0.594053 0.024708 0.987446 0.156010 0.598111 -0.139647 0.789153
6.043502 -10.234972 84.468807 -28.319001 0.729028 0.182250 -0.659775 0.002356 0.963228 0.268677 0.684479 -0.197427 0.701791
7.984983 -10.790548 58.223783 97.848002 0.793158 0.039061 -0.607761 0.150038 0.954649 0.257164 0.590244 -0.295159 0.751328
6.772403 -8.540338 42.563848 30.048656 0.853090 -0.057224 -0.518616 0.147826 0.979748 0.135058 0.500384 -0.191882 0.844273
8.841231 -10.507667 -20.802664 202.778088 0.875407 -0.117486 -0.468892 0.230656 0.953985 0.191597 0.424807 -0.275878 0.862224
10.385911 -13.085160 -62.859494 -190.157629 0.847301 -0.060128 -0.527699 -0.290685 -0.884048 -0.366007 0.444504 -0.463512 0.766533
-5.772126 -9.174424 47.289305 -10.879324 -0.289718 0.727185 -0.622307 -0.388950 -0.683535 -0.617655 0.874518 -0.063100 -0.480871
-7.041445 -9.070135 52.984746 2.392698 -0.103351 0.752244 -0.650728 -0.404391 -0.629498 -0.663476 0.908728 -0.194578 -0.369261
-6.639329 -8.917445 48.043770 24.455550 -0.127440 0.759209 -0.638248 -0.555326 -0.587795 -0.588311 0.821810 -0.279462 -0.496517
-6.835635 -8.604375 42.869712 45.929517 -0.017644 0.785331 -0.618825 -0.691211 -0.456782 -0.559980 0.722438 -0.417858 -0.550889
-5.613616 -8.604793 35.578009 46.615227 -0.232744 0.774288 -0.588480 -0.678979 -0.562586 -0.471682 0.696289 -0.289785 -0.656663
-5.433823 -9.091392 31.715501 16.614736 -0.305317 0.740927 -0.598172 -0.532966 -0.653523 -0.537452 0.789132 -0.154712 -0.594420
0.078322 -6.481762 80.284060 -5.297750 0.775894 0.022256 -0.630470 -0.537169 -0.500750 -0.678749 0.330814 -0.865306 0.376574
-0.556712 -6.613868 66.502721 -8.740930 0.798870 0.031527 -0.600677 -0.465451 -0.600145 -0.650524 0.381002 -0.799270 0.464763
-1.141765 -6.682874 50.599947 7.282976 0.770387 -0.016723 -0.637357 -0.567876 -0.472475 -0.674006 0.289864 -0.881185 0.373485
-0.797169 -6.542636 47.969159 18.598624 0.761802 -0.016864 -0.647590 -0.604548 -0.377695 -0.701333 0.232765 -0.925776 0.297924
0.232546 -6.437042 63.916724 1.828067 0.772987 0.007764 -0.634374 -0.579316 -0.398979 -0.710781 0.258620 -0.916927 0.303908
-0.449579 -6.405436 0.969237 -9.975071 0.814182 -0.282086 -0.507479 0.424845 0.885196 0.189564 0.395745 -0.369940 0.840554
-0.656072 -6.656975 1.000432 -15.098599 0.823355 -0.262312 -0.503269 0.331560 0.942031 0.051435 0.460603 -0.209213 0.862598
-0.433337 -6.403227 -7.683043 -10.758901 0.840008 -0.258073 -0.477268 0.392021 0.896817 0.205033 0.375109 -0.359328 0.854504
-0.227778 -6.325195 -3.815923 2.192620 0.829955 -0.268246 -0.489100 -0.461906 -0.822063 -0.332950 0.312758 -0.502252 0.806179
-0.273940 -6.415598 2.566623 3.158238 0.808875 -0.284988 -0.514298 -0.491357 -0.808035 -0.325036 0.322940 -0.515617 0.793630
3.884784 -14.165759 -12.608462 -5.643178 0.767270 -0.038209 -0.640185 -0.640091 -0.107509 -0.760740 0.039758 -0.993470 0.106946
3.505245 -13.150358 -20.611787 -107.197885 0.774600 -0.111324 -0.622577 -0.627395 -0.259489 -0.734194 0.079818 -0.959308 0.270844
3.708327 -13.267406 -2.817663 -132.810986 0.776543 -0.025683 -0.629540 -0.608954 -0.287065 -0.739439 0.161728 -0.957567 0.238558
-0.910932 -13.203048 -11.158532 52.034539 0.901366 0.031672 -0.431899 0.114440 0.944448 0.308093 0.417664 -0.327131 0.847669
-0.805380 -12.587448 -12.221908 60.221808 0.905093 0.050014 -0.422261 -0.000197 0.993108 0.117203 0.425213 -0.105997 0.898865
-0.586195 -13.840500 -8.218622 81.163692 0.909708 0.017490 -0.414880 0.116539 0.948206 0.295508 0.398560 -0.317175 0.860552
-0.622425 -14.299077 -6.489704 -8.676552 0.903371 0.001942 -0.428855 -0.224181 -0.850346 -0.476082 0.365600 -0.526220 0.767743
-0.974463 -13.617244 -11.232143 4.724988 0.894446 0.009480 -0.447076 -0.231995 -0.844867 -0.482056 0.382289 -0.534892 0.753489
-2.305894 -12.479999 9.751704 40.456683 0.814230 0.207402 -0.542230 -0.463737 -0.329534 -0.822408 0.349253 -0.921082 0.172136
-2.186496 -12.022744 10.811833 48.364688 0.817998 0.210331 -0.535388 -0.519481 -0.129577 -0.844600 0.247020 -0.969005 -0.003269
-1.897303 -12.417331 21.121956 50.194709 0.779880 0.269268 -0.565051 -0.484940 -0.310844 -0.817441 0.395753 -0.911521 0.111842
-2.308098 -11.995831 -1.368246 51.288834 0.844208 0.136443 -0.518359 -0.500558 -0.145204 -0.853439 0.191713 -0.979949 0.054285
-1.960771 -12.946730 18.781476 15.331451 0.777146 0.262997 -0.571732 -0.396428 -0.500996 -0.769317 0.488763 -0.824521 0.285088
-2.321506 -12.835761 5.931665 -4.426449 0.811373 0.199235 -0.549527 -0.384577 -0.526036 -0.758543 0.440199 -0.826796 0.350190
-2.359917 -12.365705 -2.145643 25.746368 0.840739 0.138152 -0.523518 -0.452785 -0.350789 -0.819715 0.296890 -0.926208 0.232369
9.454370 -8.620667 -450.619393 35.860337 -0.298535 -0.056551 0.952722 0.939804 0.156488 0.303776 -0.166269 0.986060 0.006429
7.056051 -7.769694 -213.179056 50.499920 -0.230382 -0.081826 0.969654 0.972929 -0.038074 0.227948 0.018267 0.995919 0.088382
11.463631 -8.640772 -186.025115 31.371818 -0.197006 -0.177522 0.964196 0.966699 0.128684 0.221210 -0.163346 0.975667 0.146258
-1.050949 -7.787828 25.550614 -126.357444 0.743856 -0.090620 -0.662167 0.491967 0.744861 0.450722 -0.452379 0.661037 -0.598652
-0.954566 -6.315384 11.792005 -49.860419 0.753073 -0.021369 -0.657590 0.384640 0.825182 0.413675 -0.533791 0.564463 -0.629642
-1.259159 -7.352984 -2.369500 -167.554475 0.709723 -0.029386 -0.703868 0.431905 0.807481 0.401786 -0.556553 0.589161 -0.585780
-1.618183 -6.054075 -6.226496 -100.540178 0.716259 0.036880 -0.696859 0.393164 0.803698 0.446644 -0.576537 0.593893 -0.561156
-1.943938 -9.049567 -10.922959 -261.517525 0.678042 0.012116 -0.734924 0.466687 0.765370 0.443184 -0.567858 0.643476 -0.513298
-0.444876 -9.823497 5.156043 -3.962737 0.698529 -0.283493 -0.657030 -0.551787 0.371219 -0.746811 -0.455618 -0.884210 -0.102879
-0.322256 -10.018097 2.390518 0.055157 0.683179 -0.273333 -0.677168 -0.472860 0.541063 -0.695453 -0.556480 -0.795324 -0.240395
-0.296363 -9.532169 12.792649 -12.665991 0.705073 -0.261688 -0.659084 -0.552110 0.380691 -0.741788 -0.445024 -0.886901 -0.123934
-0.330014 -9.252452 17.612354 -16.653041 0.726527 -0.265743 -0.633671 -0.603926 0.192936 -0.773336 -0.327766 -0.944540 0.020316
4.172996 -7.848202 -112.739497 42.669261 -0.307816 -0.062500 0.949391 0.951085 0.007274 0.308845 -0.026209 0.998018 0.057204
3.154434 -6.786439 -62.340178 51.361145 -0.249504 -0.059190 0.966563 0.957559 -0.163834 0.237147 0.144319 0.984711 0.097555
4.744592 -6.437941 -107.380990 63.043911 -0.179463 -0.095119 0.979155 0.965235 -0.209296 0.156579 0.190040 0.973215 0.129373
-0.692136 -23.262971 2.569565 -195.034703 -0.574986 0.238136 0.782740 -0.032446 0.949315 -0.312648 -0.817520 -0.205164 -0.538116
-0.763879 -21.263796 1.273879 -138.659268 -0.586151 0.242075 0.773193 -0.240640 0.859239 -0.451442 -0.773641 -0.450674 -0.445391
-0.630260 -21.655350 -11.312599 -39.327599 -0.575217 0.244271 0.780678 -0.102298 0.925399 -0.364928 -0.811579 -0.289774 -0.507316
-1.296729 -21.797481 49.508566 -122.481003 -0.584644 0.231052 0.777692 -0.189797 0.893034 -0.408004 -0.788776 -0.386141 -0.478254
-0.498982 -22.180433 -30.608421 -33.256171 -0.580400 0.247119 0.775931 0.114666 0.968151 -0.222567 -0.806218 -0.040206 -0.590250
-1.140679 -23.158451 62.051034 -128.624852 -0.567930 0.220645 0.792951 0.028093 0.968034 -0.249243 -0.822598 -0.119276 -0.555974
-0.546871 -23.577633 -2.963595 -63.529453 -0.573799 0.237244 0.783882 0.208632 0.967890 -0.140217 -0.791977 0.083086 -0.604871
0.814111 -10.618525 48.353159 145.047217 0.653957 0.085359 -0.751701 -0.439265 -0.766127 -0.469144 0.615944 -0.636996 0.463518
0.750559 -10.509860 10.835089 -159.591312 0.680919 0.088584 -0.726982 -0.455720 -0.725810 -0.515286 0.573296 -0.682168 0.453848
1.562296 -11.117254 -21.675309 78.586099 0.702596 0.108176 -0.703318 -0.382435 -0.776099 -0.501412 0.600086 -0.621263 0.503914
-0.221661 -10.159388 129.683922 -7.434690 0.643941 0.081705 -0.760700 -0.494553 -0.714173 -0.495353 0.583744 -0.695185 0.419477
0.940443 -13.136974 63.597692 -367.116402 0.673507 0.130572 -0.727557 0.344875 0.815071 0.465532 0.653797 -0.564455 0.503925
0.018534 -11.514123 170.245898 -295.248079 0.629185 0.098837 -0.770946 0.443657 0.768756 0.460633 0.638197 -0.631859 0.439840
24.538604 -11.849735 1436.832401 91.466554 0.446037 0.521449 -0.727422 0.844741 -0.513831 0.149637 -0.295744 -0.681226 -0.669677
107.573170 0.830891 5622.347513 -253.160712 -0.029349 0.685049 -0.727906 0.856925 -0.357662 -0.371156 -0.514604 -0.634654 -0.576538
21.787394 -2.737599 1502.507602 -177.154992 -0.083340 0.512184 -0.854823 0.948221 -0.223064 -0.226098 -0.306484 -0.829404 -0.467073
19.079089 -215.581142 -97.907570 -11962.035947 -0.660233 0.197105 0.724736 0.676653 0.574856 0.460087 -0.325934 0.794160 -0.512911
-3.682045 -89.808166 211.611262 1369.538091 0.767745 -0.099137 -0.633040 0.611361 -0.182466 0.770028 0.191847 0.978201 0.079479
22.156025 -143.598181 867.718680 -3951.267060 0.634859 0.095199 -0.766740 0.630394 0.509950 0.585281 -0.446718 0.854920 -0.263734
10.473486 -82.990906 -477.403682 -3752.137013 -0.628746 0.006228 0.777586 0.306887 0.920788 0.240770 -0.714492 0.390015 -0.580853
-17.315167 -543.211927 1001.824861 70839.289631 0.937760 -0.192069 -0.289338 0.114803 0.957750 -0.263694 0.327761 0.214065 0.920190
-18.978000 -299.179234 836.061424 2934.885895 0.884400 -0.261711 -0.386450 -0.316992 0.270915 -0.908912 -0.342567 -0.926344 -0.156637
0.370820 -638.277742 58.241616 -21757.668253 0.879727 -0.318007 -0.353485 -0.444720 -0.287264 -0.848354 -0.168239 -0.903522 0.394137
-1.391508 -3.858888 -38.139311 33.381532 -0.590773 0.230556 0.773196 0.661331 -0.410598 0.627735 0.462200 0.882187 0.090096
-1.051105 -3.376050 -36.175008 37.311623 -0.607992 0.259591 0.750306 0.622249 -0.431145 0.653391 0.493105 0.864134 0.100603
-0.573348 -3.628351 -25.937802 47.432853 -0.519214 0.206452 0.829334 0.719289 -0.418511 0.554502 0.461563 0.884436 0.068798
-1.170054 -4.265005 -43.023684 31.169446 -0.528638 0.202883 0.824246 0.734475 -0.377466 0.563973 0.425545 0.903525 0.050531
-0.223421 -2.931878 -15.750757 57.012811 -0.522507 0.214161 0.825301 0.695651 -0.452601 0.557872 0.493007 0.865614 0.087506
-0.055960 -3.551409 -14.121843 43.994758 -0.472014 0.184454 0.862079 0.756203 -0.417943 0.503469 0.453166 0.889551 0.057791
4.383554 -6.562284 -115.885584 -4.749598 0.884974 -0.038203 -0.464071 -0.232409 -0.899853 -0.369122 0.403494 -0.434518 0.805225
4.830238 -6.426071 -73.705556 -9.406285 0.871542 -0.037530 -0.488883 0.194873 0.941449 0.275132 0.449933 -0.335059 0.827826
5.029912 -6.403380 92.066925 -6.717504 0.830979 -0.004323 -0.556288 0.241206 0.903885 0.353288 0.501293 -0.427754 0.752152
4.652527 -6.539233 85.827924 -5.328331 0.838440 0.020793 -0.544597 -0.282202 -0.838310 -0.466474 0.466240 -0.544797 0.697005
3.980087 -6.752767 -111.453553 -14.465699 0.890459 -0.032700 -0.453887 -0.276351 -0.831292 -0.482269 0.361542 -0.554873 0.749269
-2.075638 -5.552861 34.817832 14.874363 0.938936 0.123239 -0.321265 -0.303780 -0.141616 -0.942158 0.161607 -0.982221 0.095531
-2.593321 -5.657155 31.151898 7.093378 0.909002 0.064233 -0.411812 -0.397327 -0.164870 -0.902745 0.125882 -0.984221 0.124346
-2.488811 -5.068063 35.695785 30.321465 0.927863 0.114877 -0.354786 -0.352916 -0.036919 -0.934927 0.120500 -0.992693 -0.006287
-1.905373 -4.889138 34.107112 35.021492 0.947308 0.156848 -0.279296 -0.281136 -0.010792 -0.959607 0.153527 -0.987564 -0.033872
-1.595124 -5.444574 25.748550 21.850594 0.951374 0.165197 -0.259997 -0.244554 -0.108155 -0.963585 0.187301 -0.980312 0.062496
0.256202 -5.985228 -25.668352 11.848033 -0.408575 0.062807 0.910561 0.862640 -0.299359 0.407721 0.298193 0.952071 0.068131
-0.532490 -5.983143 -14.866306 -12.299756 -0.546451 0.133779 0.826737 0.725778 -0.416935 0.547186 0.417898 0.899038 0.130740
0.484003 -5.317814 -38.095451 29.854491 -0.353514 0.038247 0.934647 0.868101 -0.358793 0.343026 0.348465 0.932633 0.093637
1.380864 -6.029536 -28.917181 33.038030 -0.289416 -0.013727 0.957105 0.931034 -0.236246 0.278144 0.222294 0.971596 0.081154
2.768271 -26.329278 -54.928373 654.977996 0.913942 -0.039923 -0.403876 0.156457 -0.883570 0.441391 0.374474 0.466595 0.801285
2.126923 -20.497074 -38.753015 -460.637912 0.915590 -0.020630 -0.401582 -0.069363 0.975610 -0.208264 0.396084 0.218539 0.891828
1.810186 -26.577409 -39.927767 621.680349 0.917855 0.019228 -0.396450 0.212728 -0.867087 0.450452 0.335095 0.497786 0.799950
2.455996 -31.519148 -53.929156 560.418885 0.911404 0.013380 -0.411295 0.315080 -0.665591 0.676545 0.264702 0.746196 0.610838
0.969267 -25.127299 -19.453021 471.106868 0.915112 0.052292 -0.399794 0.249672 -0.852072 0.460040 0.316597 0.520805 0.792798
1.379386 -29.919822 -25.419804 426.544095 0.906437 0.049183 -0.419467 0.350142 -0.642880 0.681253 0.236161 0.764386 0.599952
-2.156177 -80.058793 40.765123 707.324043 -0.138290 -0.910653 -0.389342 0.983755 -0.080868 -0.160273 0.114468 -0.405181 0.907042
-2.604387 -194.930324 80.483723 -8539.314855 0.003756 -0.954816 -0.297173 0.999095 0.016176 -0.039346 0.042375 -0.296756 0.954013
-2.025855 -86.215196 -98.174059 -3551.338618 0.216073 0.896888 0.385882 0.852625 -0.365901 0.373024 -0.475755 -0.248412 0.843771
-0.506619 -119.090521 -108.613315 -4953.139909 0.133797 0.915347 0.379786 0.907998 -0.266768 0.323071 -0.397037 -0.301619 0.866826
-4.755353 -7.635679 21.660204 7.227078 -0.154111 0.863006 -0.481114 0.926172 0.295792 0.233908 0.344174 -0.409547 -0.844876
-5.552450 -7.645339 49.264320 13.209361 -0.140486 0.805954 -0.575066 0.917424 0.324366 0.230477 0.372286 -0.495201 -0.784971
-4.805866 -7.585030 25.407213 4.587868 -0.149863 0.854180 -0.497914 0.964401 0.237267 0.116768 0.217880 -0.462690 -0.859329
-5.553515 -7.848319 44.653108 1.692293 -0.123887 0.820286 -0.558375 -0.861873 -0.367817 -0.349120 0.491758 -0.437997 -0.752550
-4.421013 -7.627901 5.475312 5.465672 -0.138870 0.899468 -0.414333 0.974035 0.199600 0.106846 0.178805 -0.388737 -0.903832
-4.823334 -7.923476 12.423325 12.597625 -0.203867 0.852109 -0.482026 -0.865692 -0.386837 -0.317703 0.457183 -0.352517 -0.816527
-4.544461 -7.804163 -5.764809 -0.104409 -0.189936 0.896054 -0.401261 0.936054 0.288569 0.201321 0.296186 -0.337364 -0.893565
0.066818 -5.536144 55.917349 4.264496 0.961945 0.087195 -0.258957 0.078914 0.818679 0.568804 -0.261599 0.567593 -0.780643
-1.168748 -5.513722 88.762934 7.891921 0.962868 0.073237 -0.259847 0.095826 0.807114 0.582567 -0.252392 0.585835 -0.770127
0.128826 -5.209638 48.904116 22.119893 0.961142 0.086072 -0.262294 0.113714 0.742349 0.660293 -0.251547 0.664462 -0.703715
-1.240293 -5.718573 95.420832 4.476922 0.963536 0.074449 -0.257014 0.062138 0.872001 0.485543 -0.260265 0.483809 -0.835578
1.044913 -5.204989 23.107697 13.785418 0.952924 0.094168 -0.288215 0.117557 0.761457 0.637466 -0.279492 0.641339 -0.714541
1.034141 -5.538621 53.360367 -2.846161 0.958954 0.086989 -0.269888 0.076080 0.837954 0.540412 -0.273164 0.538763 -0.796942
0.260656 -5.725495 85.874942 4.671225 0.963632 0.084630 -0.253479 0.047496 0.879189 0.474100 -0.262979 0.468897 -0.843195
-3.318463 -20.447938 -13.503743 -434.361187 0.918152 0.022426 -0.395593 -0.135760 -0.920158 -0.367257 0.372244 -0.390903 0.841801
-3.147036 -12.764237 -25.237818 324.477341 0.916722 0.085193 -0.390338 -0.038301 0.991241 0.126392 0.397686 -0.100916 0.911955
-2.881899 -14.441097 29.522430 385.903346 0.926325 0.048240 -0.373624 0.007172 0.989330 0.145518 0.376657 -0.137476 0.916095
-1.954985 -8.805676 -17.343005 307.658725 0.947547 0.039696 -0.317141 -0.043601 0.999035 -0.005223 0.316628 0.018776 0.948364
-2.185215 -11.685368 -14.036996 365.214332 0.947489 -0.026347 -0.318702 0.051788 0.996087 0.071618 0.315568 -0.084362 0.945145
-0.112308 -7.107940 -1.276118 -9.317489 -0.814464 0.265222 0.516048 -0.002148 0.888026 -0.459789 -0.580210 -0.375590 -0.722695
-0.063076 -7.158627 -0.648504 -8.900172 -0.813093 0.308160 0.493879 0.034909 0.872679 -0.487044 -0.581086 -0.378772 -0.720327
0.079825 -7.047724 -3.620198 -14.881822 -0.814528 0.269541 0.513703 -0.104575 0.802779 -0.587035 -0.570620 -0.531877 -0.625699
0.005508 -7.033300 -5.955289 -14.663817 -0.816729 0.236460 0.526346 -0.131586 0.811819 -0.568890 -0.561817 -0.533889 -0.631921
4.059564 -12.415798 -3.589884 -192.611862 0.933384 -0.055734 -0.354524 -0.346403 0.118283 -0.930599 -0.093800 -0.991415 -0.091097
4.066099 -13.662219 2.379337 -116.665926 0.928844 0.025872 -0.369566 -0.369582 0.133772 -0.919518 -0.025648 -0.990674 -0.133816
3.848219 -13.997334 2.391405 -70.791889 0.923223 -0.046809 -0.381403 -0.352104 0.294448 -0.888439 -0.153890 -0.954521 -0.255359
3.626932 -13.070291 -12.392269 -124.048483 0.912787 -0.136142 -0.385079 -0.338417 0.275776 -0.899679 -0.228679 -0.951532 -0.205652
3.496014 -13.192884 -4.976863 46.056160 0.906968 -0.120529 -0.403587 -0.311708 0.452363 -0.835587 -0.283280 -0.883652 -0.372709
3.562250 -13.477158 7.897822 79.772398 0.919340 -0.033926 -0.391999 -0.331131 0.471410 -0.817389 -0.212523 -0.881261 -0.422152
-1.168230 -12.066543 19.831614 -13.915422 0.828361 0.234347 -0.508822 -0.364383 -0.464485 -0.807142 0.425492 -0.854011 0.299369
-1.024516 -12.506360 18.623209 -5.258566 0.827547 0.229655 -0.512273 -0.288759 -0.608409 -0.739227 0.481439 -0.759669 0.437172
-1.708474 -11.957669 6.930757 -9.402327 0.834948 0.167415 -0.524246 -0.399137 -0.471616 -0.786300 0.378881 -0.865766 0.326953
-1.373260 -12.696926 -2.812698 -76.725274 -0.884464 -0.154997 0.440112 0.022125 0.928225 0.371362 -0.466083 0.338194 -0.817552
-1.624296 -11.775970 5.125818 -23.858922 -0.862289 -0.124076 0.490981 -0.051450 0.985968 0.158805 -0.503796 0.111675 -0.856574
-1.407977 -12.797879 6.904842 -71.757744 -0.858461 -0.140624 0.493225 0.054916 0.930946 0.361004 -0.509931 0.336993 -0.791458
0.003060 -5.979673 21.737163 -24.315569 0.949418 -0.161002 -0.269601 0.076509 -0.714080 0.695871 0.304553 0.681299 0.665642
-0.161253 -5.629928 -6.264408 6.062017 0.954984 -0.194848 -0.223697 0.042838 -0.655578 0.753912 0.293549 0.729556 0.617719
-0.372901 -5.839503 -8.797917 -17.443660 0.955787 -0.158777 -0.247508 0.050020 -0.741643 0.668927 0.289773 0.651733 0.700911
0.730887 -13.650483 16.133990 18.885576 0.878400 -0.193612 -0.436953 -0.414264 -0.764359 -0.494106 0.238324 -0.615037 0.751619
1.055638 -13.279297 9.264165 20.243884 0.860674 -0.234564 -0.451906 -0.487780 -0.634334 -0.599743 0.145981 -0.736614 0.660370
1.011393 -12.370012 3.902905 -14.540420 0.874228 -0.228855 -0.428194 -0.421908 -0.794504 -0.436758 0.240248 -0.562485 0.791133
0.810020 -13.815582 28.233029 66.376250 0.867600 -0.188906 -0.459984 -0.474405 -0.591681 -0.651808 0.149034 -0.783727 0.602960
0.641980 -12.229692 6.170503 -44.213642 0.892128 -0.179657 -0.414525 -0.321905 -0.896565 -0.304217 0.316994 -0.404838 0.857683
0.372875 -13.480835 22.266659 -18.986248 0.894108 -0.145197 -0.423661 -0.313190 -0.878919 -0.359742 0.320130 -0.454334 0.831322
0.346177 -14.846135 38.486142 62.990942 0.881881 -0.151372 -0.446512 -0.403485 -0.732234 -0.548665 0.243899 -0.664018 0.706819
-1.611081 -27.016007 -6.468401 -46.534253 0.973116 -0.153658 -0.171565 0.219602 0.843579 0.490051 -0.069428 0.514553 -0.854643
-1.044160 -27.841764 79.015338 -117.837769 0.975106 -0.191054 -0.112543 0.221282 0.870957 0.438712 -0.014203 0.452695 -0.891552
-1.509379 -23.952916 -8.038091 -244.583589 0.976435 -0.148555 -0.156547 0.183443 0.953424 0.239442 -0.113685 0.262516 -0.958207
-1.735139 -25.183285 -61.237443 -396.572086 0.970185 -0.095253 -0.222864 0.138534 0.972457 0.187443 -0.198871 0.212729 -0.956659
-1.332082 -21.880629 44.299637 -498.509067 -0.974754 0.125450 0.184710 0.119926 0.991943 -0.040829 -0.188343 -0.017647 -0.981945
2.267769 -1.118194 50.796916 -1.724763 0.832200 0.223070 -0.507624 -0.550356 0.220931 -0.805169 0.067460 -0.949436 -0.306627
2.658854 -1.211216 10.750139 -17.315169 0.791090 0.187613 -0.582218 -0.610912 0.194024 -0.767556 0.031039 -0.962889 -0.268105
1.930991 -0.993072 57.139128 -17.534003 0.833441 0.234491 -0.500390 -0.544649 0.195426 -0.815577 0.093456 -0.952272 -0.290592
1.264416 -0.962144 61.312579 -3.334608 0.869756 0.240295 -0.431025 -0.481118 0.218620 -0.848958 0.109770 -0.945761 -0.305757
1.577145 -1.032839 62.536547 0.738909 0.874010 0.237843 -0.423718 -0.476009 0.243981 -0.844919 0.097578 -0.940162 -0.326457
3.428182 -8.993130 94.655254 143.103726 0.019152 0.225293 0.974103 0.999240 0.028770 -0.026301 -0.033950 0.973866 -0.224571
2.568128 -9.377829 211.488901 94.196437 0.175912 0.195682 0.964761 0.967323 0.147423 -0.206281 -0.182594 0.969523 -0.163354
4.666198 -11.794752 74.075061 182.823822 0.085611 0.252604 0.963775 0.970400 0.198104 -0.138122 -0.225818 0.947072 -0.228167
9.375993 -219.288806 684.980767 -10065.414311 0.916514 0.116885 -0.382545 -0.207717 -0.678226 -0.704885 0.341842 -0.725498 0.597325
5.992665 -121.071860 752.662768 -5380.770069 0.918585 0.220534 -0.327973 -0.288133 -0.194322 -0.937666 0.270519 -0.955826 0.114959
4.464322 -56.794451 79.346385 -1415.897452 0.919541 0.050296 -0.389763 -0.350212 -0.345133 -0.870767 0.178316 -0.937205 0.299750
6.887207 -91.989637 75.147686 -3310.309213 0.953208 -0.097051 -0.286313 -0.282092 -0.626097 -0.726929 0.108711 -0.773682 0.624178
5.398153 -65.110358 319.093047 -1872.254196 0.937216 -0.073226 -0.340976 -0.216265 -0.889052 -0.403504 0.273599 -0.451911 0.849070
3.632661 -2.652387 -103.590345 -39.512272 -0.842223 -0.340408 0.418071 -0.052233 0.823328 0.565157 -0.536593 0.454151 -0.711206
2.935210 -3.391074 -10.406088 -49.791060 -0.790326 -0.253145 0.557946 0.077333 0.862154 0.500709 -0.607787 0.438871 -0.661806
3.879550 -2.670777 -48.518355 -36.342890 -0.808263 -0.339049 0.481412 -0.034917 0.843744 0.535609 -0.587786 0.416103 -0.693805
2.093471 -4.229188 -40.136637 8.492720 0.815785 0.146514 -0.559490 0.560116 0.040885 0.827404 -0.144101 0.988363 0.048712
1.423655 -4.717865 -74.518238 1.553935 0.781083 0.187074 -0.595746 0.601093 0.033119 0.798493 -0.169108 0.981787 0.086580
1.724755 -4.650003 -52.887645 -6.565603 0.840050 0.172457 -0.514367 0.507187 0.086865 0.857447 -0.192554 0.981179 0.014497
2.518471 -3.834884 -19.689385 -14.925901 0.861322 0.114644 -0.494955 0.487352 0.088858 0.868673 -0.143569 0.989425 -0.020663
1.738102 -4.482588 -52.987408 -17.750521 0.894429 0.188767 -0.405418 0.378838 0.161933 0.911186 -0.237652 0.968579 -0.073325
2.519712 -3.710162 -22.830503 -13.717461 0.902347 0.135805 -0.409056 0.390379 0.144755 0.909203 -0.182687 0.980104 -0.077604
-1.279235 -3.798146 30.091819 -55.723007 0.837626 0.268345 -0.475788 -0.543607 0.324017 -0.774276 0.053609 -0.907196 -0.417279
-1.481868 -2.887277 42.953774 -49.707310 0.876313 0.248214 -0.412875 -0.473672 0.287732 -0.832373 0.087809 -0.924986 -0.369716
-1.706546 -4.065007 27.209016 -48.942336 0.816827 0.255423 -0.517256 -0.576636 0.335253 -0.745048 0.016891 -0.906843 -0.421130
-2.230064 -8.137681 -213.958375 53.024912 0.527357 0.148679 0.836534 0.817786 0.178258 -0.547220 -0.230479 0.972686 -0.027582
-2.576025 -8.608750 -129.176277 -40.662471 0.484840 0.079447 0.870987 0.835946 0.250704 -0.488202 -0.257146 0.964798 0.055138
-3.743639 -8.201938 -40.413227 31.636424 0.414418 0.044273 0.909009 0.896233 0.153762 -0.416082 -0.158192 0.987116 0.024043
134.800169 -985.112222 5102.964256 116452.569710 0.213096 0.864640 -0.454960 0.628390 0.235277 0.741466 -0.748142 0.443896 0.493194
-96.407056 -302.661642 -4347.496746 15167.709839 0.118471 0.981308 0.151652 -0.468022 -0.079513 0.880132 -0.875740 0.175247 -0.449854
-39.741404 -76.116680 2195.985024 -2653.138761 0.684875 0.511355 0.519097 -0.260789 0.837227 -0.480667 -0.680394 0.193822 0.706751
172.006775 -525.815929 -2886.867745 -33606.762060 0.541949 -0.801835 0.251698 0.794922 0.391887 -0.463167 0.272747 0.451093 0.849779
0.479291 -115.115678 -146.554321 -5686.293206 -0.328013 0.933714 -0.143479 -0.871057 -0.357724 -0.336590 0.365604 -0.014572 -0.930656
0.517963 -15.955003 -26.016782 -314.003623 -0.444947 0.886044 -0.130188 -0.811787 -0.460431 -0.359172 0.378184 0.054128 -0.924147
-0.386104 -37.905108 -32.274573 -1404.347182 -0.312334 0.936283 -0.160691 -0.901562 -0.345456 -0.260471 0.299387 -0.063519 -0.952015
-8.634249 -10.393883 -40.638409 99.858930 -0.664679 0.386751 0.639239 0.675215 -0.055300 0.735545 0.319823 0.920525 -0.224383
-7.097442 -13.043209 39.145929 199.124943 -0.412206 0.247659 0.876785 0.880972 -0.137050 0.452886 0.232324 0.959105 -0.161688
-6.480554 -8.726159 31.337951 84.235233 0.886073 -0.461240 0.046187 0.026409 0.149706 0.988378 0.462793 0.874555 -0.144831
-0.354842 -1.441421 91.687729 6.016060 0.915727 -0.156350 -0.370133 0.105042 -0.795994 0.596121 0.387827 0.584764 0.712490
-0.400902 -1.582272 59.965523 -36.430385 0.910986 -0.097596 -0.400724 0.163853 -0.805993 0.568794 0.378493 0.583823 0.718257
0.651844 -1.362691 88.096066 -1.655830 0.898932 -0.054975 -0.434626 0.215775 -0.807851 0.548469 0.381265 0.586818 0.714340
-1.105617 -1.474703 68.144442 8.306112 0.870131 0.045530 -0.490712 0.319927 -0.809571 0.492181 0.374857 0.585254 0.718999
1.051223 -1.806258 63.553229 45.349519 0.904534 -0.034585 -0.424998 0.225251 -0.807530 0.545122 0.362051 0.588812 0.722647
-0.709838 -1.913332 96.781886 47.911292 0.900103 -0.065346 -0.430749 0.208753 -0.803121 0.558049 0.382410 0.592222 0.709250
0.107037 -6.547906 103.377287 -7.614097 0.807026 0.082857 -0.584674 -0.367906 -0.703915 -0.607577 0.461902 -0.705435 0.537594
1.715390 -6.264102 111.463671 -2.532675 0.821344 0.101643 -0.561305 -0.350777 -0.685966 -0.637500 0.449833 -0.720500 0.527760
1.584859 -6.314783 136.157387 0.126314 0.826395 0.119063 -0.550359 -0.277861 -0.763878 -0.582480 0.489759 -0.634282 0.598182
3.173248 -5.963099 115.765943 7.028163 0.848904 0.094000 -0.520121 -0.330743 -0.673107 -0.661465 0.412275 -0.733547 0.540313
3.128969 -6.099926 116.881662 7.397929 0.851201 0.107184 -0.513779 -0.269881 -0.750197 -0.603630 0.450135 -0.652469 0.609641
-0.795089 -7.037709 5.259101 -14.880803 0.811526 -0.253103 -0.526654 0.226371 0.967113 -0.115966 0.538685 -0.025110 0.842133
-0.882748 -7.258032 3.484254 -23.883220 0.831756 -0.224281 -0.507818 0.207777 0.974039 -0.089871 0.514791 -0.030762 0.856764
-0.664358 -6.760943 -5.839045 -23.600822 0.848002 -0.231628 -0.476697 0.301596 0.950508 0.074660 0.435811 -0.207082 0.875891
3.381774 -11.707802 -11.949625 -200.425192 0.783315 -0.090755 -0.614964 -0.585377 -0.440576 -0.680608 0.209169 -0.893116 0.398235
3.107368 -10.482565 -1.606119 -117.945452 0.787209 -0.065836 -0.613162 -0.530625 -0.578943 -0.619082 0.314228 -0.812706 0.490683
3.437912 -11.507105 5.088892 -178.006852 0.780815 -0.002013 -0.624759 -0.555109 -0.461086 -0.692282 0.286674 -0.887353 0.361140
3.024410 -10.544866 -21.298979 -135.699207 0.789702 -0.149199 -0.595072 -0.563648 -0.559425 -0.607738 0.242224 -0.815343 0.525874
3.093995 -11.779006 -27.690940 -187.563919 0.783355 -0.168581 -0.598277 -0.606906 -0.415315 -0.677627 0.134239 -0.893921 0.427652
-0.689845 -12.072429 -10.001718 -15.201312 0.903409 0.076484 -0.421904 -0.106183 0.993220 -0.047311 0.415425 0.087540 0.905405
-0.996642 -11.854845 -14.688292 -0.484026 0.894153 0.091540 -0.438305 -0.123114 0.991412 -0.044098 0.430504 0.093392 0.897744
-0.523752 -12.924993 -8.283027 60.905263 0.911229 0.036734 -0.410258 0.010636 0.993585 0.112588 0.411762 -0.106957 0.904993
-0.802597 -13.044773 -9.008264 -114.952307 0.886030 0.119040 -0.448086 -0.233251 0.949709 -0.208920 0.400681 0.289626 0.869236
-0.613021 -13.610078 -5.316169 -151.422195 0.893373 0.117158 -0.433773 -0.223920 0.953070 -0.203758 0.389544 0.279162 0.877681
-0.488002 -12.480158 -6.744335 -40.276770 0.908942 0.069501 -0.411088 -0.095533 0.994493 -0.043094 0.405829 0.078442 0.910576
-1.766159 -11.963608 20.842848 37.611456 0.784522 0.269865 -0.558300 -0.545962 -0.126302 -0.828235 0.294026 -0.954579 -0.048249
-1.920378 -11.682280 12.693164 0.132885 0.822498 0.223000 -0.523229 -0.544858 0.045001 -0.837320 0.163176 -0.973779 -0.158516
-2.160003 -11.583359 0.165183 22.408269 0.846748 0.148789 -0.510763 -0.521154 0.039168 -0.852564 0.106846 -0.988093 -0.110707
0.528111 -12.820863 -15.975187 -11.020734 -0.785168 0.182712 0.591716 -0.186206 0.841617 -0.506960 -0.590626 -0.508230 -0.626788
0.728656 -12.067442 -8.979336 -7.220232 -0.773541 0.207446 0.598833 -0.130552 0.872482 -0.470884 -0.620154 -0.442427 -0.647818
0.998500 -11.982945 -6.207866 13.285342 -0.774253 0.244727 0.583644 -0.203545 0.776920 -0.595789 -0.599251 -0.580090 -0.551720
-0.292448 -10.222173 -9.052731 -3.131243 0.680776 -0.303521 -0.666647 -0.468375 0.519361 -0.714765 -0.563177 -0.798836 -0.211407
-0.086893 -10.080490 -9.472944 10.579003 0.673638 -0.290134 -0.679731 -0.365714 0.668366 -0.647719 -0.642234 -0.684916 -0.344130
-0.147284 -9.789089 -1.496300 15.378846 0.671269 -0.259320 -0.694370 -0.369637 0.694883 -0.616851 -0.642468 -0.670739 -0.370599
4.943569 -8.583793 -234.948161 41.133878 -0.384711 -0.062881 0.920893 0.902024 0.186053 0.389533 -0.195829 0.980525 -0.014857
-0.546311 -20.438400 -4.187998 -72.362122 -0.581323 0.249356 0.774522 -0.294135 0.823114 -0.485765 -0.758649 -0.510201 -0.405151
-0.871072 -19.525515 -15.187627 -110.652074 -0.606180 0.240018 0.758246 -0.419927 0.713065 -0.561427 -0.675431 -0.658734 -0.331455
-1.415181 -19.824599 37.872091 -100.475799 -0.596714 0.243396 0.764651 -0.369694 0.762358 -0.531166 -0.712221 -0.599641 -0.364928
-0.287896 -11.297375 86.185751 -316.202482 0.705098 0.132290 -0.696660 -0.474943 -0.641426 -0.602497 0.526560 -0.755693 0.389438
0.754369 -0.670972 -42.424275 -78.076960 0.754115 0.128442 -0.644060 0.656734 -0.152613 0.738519 0.003435 0.979904 0.199440
0.219877 -0.645572 50.633380 -302.763246 0.729072 0.072115 -0.680627 0.684387 -0.064857 0.726228 -0.008228 0.995285 0.096640
0.318451 -2.671309 53.514542 -234.572215 0.780355 0.058464 -0.622598 0.624828 -0.113058 0.772534 0.025225 0.991867 0.124755
0.404576 -2.437345 -4.782775 -166.705601 0.796695 0.085585 -0.598291 0.603901 -0.152212 0.782391 0.024106 0.984635 0.172951
-3.604007 -24.603222 71.037907 434.531635 -0.577664 -0.225136 0.784613 0.756502 -0.508707 0.411000 0.306608 0.830982 0.464178
-12.243012 -50.202628 -520.141449 -2337.574984 0.823036 -0.549500 0.143741 -0.389029 -0.360976 0.847557 0.413846 0.753489 0.510867
2.013278 -75.510570 -120.689222 4104.729780 0.638104 0.153029 -0.754590 0.567566 -0.755740 0.326689 0.520281 0.636741 0.569095
-11.601415 -16.103504 -201.823339 -435.014313 0.654698 -0.564852 0.502307 0.679795 0.149406 -0.718023 0.330529 0.811554 0.481799
11.820211 -121.689832 -767.174493 6391.967181 -0.365823 -0.347221 0.863487 0.917282 -0.291404 0.271436 0.157375 0.891359 0.425102
-8.672905 -30.428285 126.116079 1214.594696 -0.422203 -0.318294 0.848784 0.717756 -0.689286 0.098544 0.553689 0.650825 0.519476
-102.560936 -50751.776383 6258.781960 -9064761.261956 0.882391 -0.148602 -0.446434 -0.163258 0.793174 -0.586704 -0.441285 -0.590586 -0.675630
-4.383199 -393.817631 387.009685 17060.956800 0.897384 -0.266753 -0.351490 0.441235 0.549183 0.709725 -0.003711 0.791985 -0.610529
-128.490929 -714.803764 5372.172132 90872.262952 0.930745 -0.106225 -0.349900 -0.319643 -0.701089 -0.637419 0.177601 -0.705118 0.686489
-1.974513 -3.814213 41.143350 5.588831 0.717373 -0.301509 -0.628067 0.502771 -0.400019 0.766294 0.482283 0.865493 0.135373
4.504063 -6.403100 60.595222 -16.086480 0.821873 -0.018649 -0.569365 0.193249 0.949326 0.247859 0.535891 -0.313738 0.783830
3.875838 -6.327504 -139.389423 9.843646 0.888986 -0.037460 -0.456399 0.115083 0.982939 0.143484 0.443237 -0.180079 0.878130
4.092627 -6.048661 -234.921188 18.330647 0.907947 -0.018396 -0.418682 0.038657 0.998453 0.039961 0.417299 -0.052467 0.907253
4.953479 -6.206194 -72.869409 13.830627 0.863167 -0.014211 -0.504718 0.033042 0.999051 0.028378 0.503836 -0.041172 0.862818
4.692650 -6.408330 56.713561 4.859515 0.814879 -0.016626 -0.579393 0.106145 0.986965 0.120964 0.569830 -0.160071 0.806022
-2.926222 -5.736997 9.004219 7.241924 0.863562 -0.016482 -0.503974 -0.500456 -0.150288 -0.852618 0.061688 -0.988505 0.138031
-2.530549 -5.809143 4.623204 -7.379476 0.870138 -0.027721 -0.492027 -0.481454 -0.260901 -0.836740 0.105175 -0.964967 0.240367
-3.002363 -5.257938 26.653282 29.486533 0.895101 0.053790 -0.442606 -0.440503 -0.046765 -0.896532 0.068923 -0.997457 0.018165
-2.933876 -5.883246 -16.745818 2.389554 0.792785 -0.108119 -0.599836 -0.609488 -0.147313 -0.778989 0.004140 -0.983163 0.182684
-3.218243 -5.376058 5.124745 26.930609 0.814200 -0.029237 -0.579847 -0.580579 -0.036999 -0.813363 -0.002327 -0.998887 0.047099
-0.624834 -6.894126 -11.027188 -18.645978 -0.584767 0.137674 0.799433 0.713593 -0.381376 0.587655 0.385790 0.914110 0.124772
-0.952976 -7.397795 1.497758 -33.837638 0.688144 -0.194381 -0.699052 0.538125 -0.509536 0.671412 0.486702 0.838206 0.246033
-0.871385 -6.583278 4.913838 -45.802522 0.669492 -0.214550 -0.711160 0.543512 -0.511101 0.665861 0.506335 0.832313 0.225567
2.750943 -19.487421 -27.597381 -409.002767 0.886616 -0.077105 -0.456034 -0.022019 0.977851 -0.208140 0.461982 0.194581 0.865281
8.091801 -44.759959 -100.440042 -155.927123 0.716310 -0.428291 -0.550879 0.581112 -0.070882 0.810731 0.386276 0.900857 -0.198111
8.945336 -49.896406 -206.870643 1217.676634 0.788847 -0.304353 -0.533939 0.358109 -0.478431 0.801787 0.499479 0.823695 0.268417
6.865687 -40.229237 -86.735580 -107.391815 0.814888 -0.295066 -0.498893 0.487326 -0.117210 0.865318 0.313801 0.948261 -0.048280
9.762831 -51.418261 1.397063 -1670.633453 -0.625187 0.563143 0.540380 -0.259847 0.502688 -0.824490 0.735948 0.655877 0.167943
7.329042 -49.780736 -16.061212 -1217.972220 -0.604994 0.577977 0.547654 0.773914 0.265151 0.575111 0.187190 0.771775 -0.607719
9.097222 -45.567756 17.323201 555.938067 0.599329 -0.595510 -0.534950 0.550370 -0.178728 0.815567 0.581289 0.783214 -0.220634
-3.405027 -72.738707 -27.445299 -2921.094730 0.205887 0.934146 0.291518 0.819983 -0.327272 0.469596 -0.534076 -0.142356 0.833365
-5.550255 -7.634214 43.699294 2.884980 -0.199337 0.778162 -0.595591 0.951193 0.299764 0.073300 0.235576 -0.551911 -0.799937
-6.712047 -7.789644 58.087013 5.529946 -0.092281 0.722141 -0.685563 0.922562 0.321061 0.214008 0.374652 -0.612725 -0.695847
-6.802390 -7.992560 62.609801 2.877668 0.029463 0.780782 -0.624108 0.858829 0.299682 0.415456 0.511415 -0.548243 -0.661729
-4.513606 -8.471412 -39.320099 48.746922 0.784221 -0.234523 -0.574453 -0.579126 0.055686 -0.813334 -0.222735 -0.970514 0.092148
-4.885106 -8.460754 -4.680265 49.111456 0.738945 -0.122647 -0.662509 -0.659070 0.072676 -0.748562 -0.139957 -0.989786 0.027129
-4.854197 -8.678592 -24.963532 8.231964 0.767360 -0.212817 -0.604870 -0.631935 -0.091076 -0.769651 -0.108706 -0.972838 0.204374
-4.389855 -8.552318 -60.002210 1.949696 0.814443 -0.302159 -0.495362 -0.549227 -0.126061 -0.826110 -0.187171 -0.944886 0.268623
-5.098068 -8.636570 -9.603649 -34.075686 0.756355 -0.203635 -0.621658 -0.654154 -0.239883 -0.717314 0.003055 -0.949204 0.314645
-4.704088 -8.464029 -48.176238 -24.726107 0.805744 -0.294152 -0.514054 -0.584355 -0.253463 -0.770899 -0.096468 -0.921537 0.376116
-2.464356 -5.690746 100.971652 4.082110 0.953719 0.055997 -0.295439 0.100196 0.867179 0.487812 -0.283515 0.494837 -0.821435
-0.212605 -6.736895 23.339237 4.805363 -0.730425 0.015063 0.682827 -0.312232 0.881808 -0.353449 -0.607446 -0.471368 -0.639391
-0.302134 -6.753314 -31.000244 6.997002 -0.747999 -0.014725 0.663537 -0.295404 0.902653 -0.312975 -0.594335 -0.430116 -0.679533
-0.259322 -6.483138 4.540371 -10.313501 0.740335 0.005089 -0.672219 -0.388823 0.818971 -0.422022 -0.548380 -0.573812 -0.608292
0.218502 -6.362443 -42.677912 -19.601556 0.718191 -0.027918 -0.695285 -0.397833 0.803310 -0.443196 -0.570903 -0.594907 -0.565823
-0.160930 -6.050495 -51.986338 -36.861712 0.704630 -0.021308 -0.709255 -0.482423 0.718611 -0.500866 -0.520350 -0.695086 -0.496075
-0.332610 -6.104427 32.545165 -24.266620 0.760477 -0.003304 -0.649356 -0.434291 0.740850 -0.512379 -0.482768 -0.671663 -0.561965
-0.490372 -6.028023 -3.773038 -32.256666 0.736280 -0.012984 -0.676553 -0.464296 0.717641 -0.519057 -0.492261 -0.696292 -0.522356
-0.307702 -7.239386 2.076927 1.120339 -0.814689 0.283256 0.506011 0.131868 0.940218 -0.314007 -0.564705 -0.189092 -0.803338
-0.367706 -7.177049 0.733002 0.402992 -0.818040 0.309558 0.484752 0.168204 0.934722 -0.313054 -0.550016 -0.174553 -0.816709
-0.091422 -7.051251 -0.728009 -4.615624 -0.813262 0.355356 0.460789 0.105399 0.868733 -0.483936 -0.572272 -0.345000 -0.743962
0.363272 -6.950703 -3.984913 -13.215997 -0.813078 0.379525 0.441435 0.008179 0.765651 -0.643205 -0.582098 -0.519365 -0.625638
4.396535 -11.318200 2.316442 -232.772846 0.944763 0.025009 -0.326800 -0.325655 -0.041062 -0.944596 0.037043 -0.998844 0.030649
3.862515 -12.823605 23.743945 -156.371740 0.925730 0.113313 -0.360810 -0.359173 -0.035266 -0.932605 0.118400 -0.992933 -0.008052
3.441425 -14.326054 19.914944 -23.569519 0.916033 0.109799 -0.385781 -0.399025 0.151707 -0.904303 0.040766 -0.982308 -0.182781
-1.994885 -11.003484 -3.982280 22.897060 0.852884 0.051034 -0.519600 -0.510064 -0.131022 -0.850099 0.111463 -0.990065 0.085716
-2.048908 -11.254383 2.605652 35.227824 0.848677 0.124844 -0.513966 -0.503277 -0.108241 -0.857319 0.162664 -0.986254 0.029030
-2.015019 -11.408385 3.666745 19.730643 0.843334 0.119304 -0.523979 -0.474088 -0.293940 -0.829964 0.253037 -0.948349 0.191329
-1.195395 -13.462767 22.499322 -13.960363 0.888448 0.255684 -0.381163 -0.442284 0.698860 -0.562120 -0.122655 -0.667997 -0.733986
-0.479849 -13.592934 23.848296 -42.922440 0.891178 0.271121 -0.363724 -0.444921 0.678912 -0.584058 -0.088586 -0.682328 -0.725659
-1.141972 -12.728902 21.605883 -37.163634 0.881854 0.265003 -0.390009 -0.470431 0.550710 -0.689502 -0.032062 -0.791513 -0.610311
-0.499969 -13.766817 23.997354 -5.415724 0.897803 0.255538 -0.358677 -0.401035 0.810945 -0.426074 -0.181989 -0.526372 -0.830549
-1.676960 -12.651929 20.679259 -31.569164 0.878491 0.240564 -0.412774 -0.472993 0.559659 -0.680484 -0.067313 -0.793039 -0.605441
-1.698538 -13.096904 22.744214 3.897979 0.886519 0.232151 -0.400236 -0.434233 0.716133 -0.546439 -0.159766 -0.658225 -0.735673
-1.152245 -13.159919 22.109896 10.942425 0.897849 0.234297 -0.372790 -0.384291 0.830248 -0.403742 -0.214913 -0.505760 -0.835476
4.501711 -6.304220 -85.634641 -102.489266 0.752310 0.078586 0.654106 -0.652901 -0.043737 0.756179 -0.088034 0.995947 -0.018406
6.742700 -7.099813 -0.606676 -96.938727 0.818992 -0.034030 0.572795 -0.572644 -0.111944 0.812125 -0.036484 0.993132 0.111168
6.367307 -7.917831 -171.619762 -71.579004 0.737595 0.102780 0.667375 -0.629682 -0.252198 0.734777 -0.243831 0.962202 0.121301
4.511076 -5.052999 18.166413 -96.832942 0.837738 -0.058754 0.542903 -0.539924 0.059659 0.839597 0.081719 0.996488 -0.018256
2.858330 -7.414876 -236.358490 82.230262 0.663389 0.175619 0.727374 0.705115 0.178643 -0.686221 -0.250454 0.968114 -0.005321
3.063122 -3.590774 -49.761575 -82.260632 0.810694 0.045770 0.583678 -0.584880 0.108044 0.803891 0.026269 0.993092 -0.114361
2.035265 -3.788646 -118.149075 -89.048556 0.737158 0.135545 0.661987 -0.673558 0.069074 0.735900 -0.054021 0.988361 -0.142215
