15107
30200
-6.286410 -8.531020 -27.438175 227.160357 0.241547 0.969265 0.046695 -0.967083 0.236476 0.093968 -0.080037 0.067855 -0.994480
-7.213455 -9.623489 107.252433 -122.142617 -0.143710 0.980028 0.137448 0.987295 0.132467 0.087761 0.067801 0.148314 -0.986613
-7.158498 -12.313317 -40.636093 341.341305 0.486430 0.868154 0.098462 -0.870504 0.491212 -0.030550 0.074888 0.070851 -0.994672
-5.676054 -7.995714 25.097281 -82.377826 -0.558909 0.816992 0.141929 0.828175 0.558590 0.045873 -0.041802 0.143181 -0.988813
-4.170715 -12.459121 -176.732495 -401.256074 0.445469 0.893341 -0.059153 0.894520 -0.446862 -0.012174 -0.037309 -0.047491 -0.998175
-3.818668 -9.110856 -133.152878 340.427418 0.345832 0.935803 -0.068359 -0.924221 0.352310 0.147284 -0.161912 -0.012243 -0.986729
-4.159637 -6.221586 -26.159619 96.296728 -0.171226 0.984352 0.041624 -0.969061 -0.175888 0.173158 -0.177770 0.010687 -0.984014
-4.746440 -6.644074 49.127688 99.546342 -0.573298 0.808746 0.131374 -0.809023 -0.584123 0.065438 -0.129662 0.068769 -0.989171
-1.293112 -4.243835 -25.005695 -28.191352 -0.112304 0.980331 0.162293 -0.270730 -0.187334 0.944252 -0.956082 -0.062106 -0.286443
-1.197575 -4.996195 -20.674586 -56.458506 -0.128546 0.965438 0.226729 -0.198376 -0.249038 0.947959 -0.971660 -0.076879 -0.223533
-1.612965 -3.977947 -1.565397 -53.157995 -0.106246 0.960090 0.258726 -0.260733 -0.277994 0.924520 -0.959547 -0.030769 -0.279863
-0.770460 -5.206045 -37.567841 -34.192661 -0.138237 0.978229 0.154787 -0.195559 -0.180171 0.963999 -0.970900 -0.102990 -0.216208
-1.648862 -3.426950 -3.798649 -3.278592 -0.033279 0.998999 0.029908 -0.329688 -0.039222 0.943275 -0.943503 -0.021531 -0.330663
-1.383066 -3.845529 -29.084482 -8.033787 -0.061085 0.998132 0.000897 -0.356990 -0.022687 0.933833 -0.932109 -0.056723 -0.357709
-0.906088 -4.506660 -40.684367 -23.287450 -0.113522 0.990323 0.079828 -0.308230 -0.111488 0.944756 -0.944514 -0.082645 -0.317904
0.614683 -12.940452 109.158624 -17.163096 0.863009 0.329623 0.382837 -0.439836 0.117462 0.890363 -0.248516 0.936777 -0.246351
1.245796 -11.927480 105.331857 -149.947732 0.878999 0.318393 0.354946 -0.456863 0.349249 0.818108 -0.136516 0.881278 -0.452451
-0.002647 -12.851868 114.333365 -56.437961 0.851692 0.345465 0.394049 -0.480863 0.216301 0.849697 -0.208307 0.913164 -0.350343
-0.234825 -11.928946 113.322202 -177.295801 0.866734 0.339135 0.365732 -0.488124 0.426047 0.761721 -0.102507 0.838732 -0.534810
-0.804411 -13.564002 88.158085 55.691548 0.840736 0.365772 0.399217 -0.431491 0.007221 0.902088 -0.327076 0.930677 -0.163898
-1.840469 -13.598702 97.398859 -36.508938 0.841356 0.380290 0.384057 -0.480746 0.201841 0.853313 -0.246988 0.902574 -0.352643
-0.303271 -7.024041 -1.502485 -25.553247 0.028730 0.998976 0.034940 0.325991 -0.042407 0.944421 -0.944936 0.015744 0.326875
-0.534328 -7.237786 9.509135 44.112545 0.046772 0.996715 0.066121 0.250575 -0.075784 0.965126 -0.966967 0.028572 0.253296
-0.399541 -7.083399 12.036068 32.044852 0.037975 0.998846 0.029396 0.248738 -0.037940 0.967828 -0.967826 0.029441 0.249891
-0.165091 -7.038255 10.368188 -20.151768 0.032392 0.999444 0.007861 0.339680 -0.018405 0.940361 -0.939983 0.027790 0.340087
-0.156568 -6.975436 -7.467467 -2.337667 0.008966 0.999923 -0.008586 0.288527 0.005634 0.957455 -0.957430 0.011062 0.288455
-0.426934 -6.806874 -13.995415 33.412561 0.005955 0.999824 0.017795 0.192800 -0.018610 0.981062 -0.981220 0.002411 0.192877
0.725230 -10.018741 -32.499920 -297.313917 0.146259 0.966896 -0.209093 -0.362942 0.249074 0.897906 -0.920262 0.055439 -0.387357
0.815466 -7.888448 5.932095 -207.840333 0.160598 0.958223 -0.236680 -0.436602 0.284024 0.853645 -0.885205 0.033759 -0.463975
0.739118 -6.618890 -19.085759 -176.716058 0.147545 0.967553 -0.205115 -0.462766 0.250817 0.850258 -0.874116 0.030531 -0.484757
0.841685 -7.679267 -36.224317 -201.167210 0.153857 0.969969 -0.188381 -0.434651 0.237653 0.868677 -0.887359 0.051772 -0.458163
-0.532128 -12.125833 -16.153121 -359.476337 0.140707 0.965747 -0.218026 -0.831472 -0.004277 -0.555550 0.537453 -0.259452 -0.802390
-0.491098 -16.468987 -31.100243 -383.703346 0.137308 0.964428 -0.225886 -0.917389 0.037816 -0.396192 0.373557 -0.261626 -0.889948
-0.585988 -15.652888 -9.067045 -399.954547 0.130942 0.969379 -0.207745 -0.900512 0.028654 -0.433887 0.414648 -0.243890 -0.876689
-0.700044 -17.580437 9.878680 -322.604729 0.132849 0.973195 -0.187729 -0.944218 0.066683 -0.322498 0.301335 -0.220100 -0.927768
-0.649290 -13.706566 6.232084 -352.553714 0.132288 0.972945 -0.189415 -0.862695 0.018911 -0.505371 0.488116 -0.230261 -0.841856
-0.661107 -10.556424 4.432967 -355.380192 0.127724 0.971961 -0.197430 -0.796549 -0.018076 -0.604304 0.590928 -0.234447 -0.771906
-0.567614 -7.567401 -0.551191 -19.781855 0.196515 0.969599 -0.145809 -0.449855 -0.042974 -0.892067 0.871213 -0.240898 -0.427734
-0.438824 -8.102814 32.258354 -71.345174 0.153538 0.976449 -0.151570 -0.470427 -0.062661 -0.880211 0.868979 -0.206449 -0.449727
-0.454583 -7.521093 14.841497 -20.471446 0.196004 0.973096 -0.121102 -0.352386 -0.045352 -0.934755 0.915099 -0.225891 -0.334016
-0.462013 -8.162088 9.648893 -73.098516 0.171288 0.973503 -0.151497 -0.537883 -0.036428 -0.842232 0.825435 -0.225752 -0.517391
-0.498238 -7.739872 -22.013453 -17.369954 0.232708 0.963765 -0.130395 -0.408235 -0.024893 -0.912537 0.882718 -0.265587 -0.387650
-0.472526 -8.483459 -32.110588 -50.029788 0.212275 0.963975 -0.160288 -0.524882 -0.025883 -0.850781 0.824280 -0.264732 -0.500479
0.119610 -5.729840 1.021279 -53.144529 -0.059572 0.995782 0.069786 0.924010 0.028556 0.381302 -0.377700 -0.087197 0.921813
0.024886 -6.192863 2.098521 -22.731708 -0.005387 0.996439 0.084141 0.965237 -0.016808 0.260837 -0.261322 -0.082621 0.961709
-0.130454 -6.020721 -16.252039 -30.251313 -0.013383 0.995427 0.094580 0.961293 -0.013225 0.275210 -0.275203 -0.094602 0.956720
2.335653 -3.334019 -60.267587 16.484740 0.969001 -0.019703 0.246268 -0.149171 -0.841259 0.519645 -0.196937 0.540272 0.818121
1.451990 -3.791181 -82.277011 47.436715 0.902523 -0.151740 0.403023 -0.338062 -0.829388 0.444781 -0.266771 0.537671 0.799839
1.031725 -3.468796 -55.621027 -8.759826 0.933655 -0.105868 0.342171 -0.285099 -0.797944 0.531041 -0.216813 0.593362 0.775187
3.262278 -3.136537 -96.176700 42.108635 0.952218 -0.048639 0.301521 -0.188752 -0.869854 0.455770 -0.240111 0.490905 0.837472
0.558381 -14.135542 24.441818 -73.233718 0.183157 0.976114 -0.116857 -0.881172 0.110303 -0.459749 0.435877 -0.187178 -0.880327
0.382539 -15.312482 46.365113 -16.328945 0.175425 0.979282 -0.101160 -0.944924 0.138645 -0.296474 0.276306 -0.147598 -0.949668
0.763648 -14.848069 33.344262 40.644905 0.150176 0.981322 -0.120227 -0.970271 0.122944 -0.208469 0.189794 -0.147960 -0.970611
0.578545 -15.593653 44.603940 -30.908146 0.140451 0.985033 -0.099919 0.987766 -0.132499 0.082236 0.067766 -0.110247 -0.991591
-1.071389 -21.933054 -20.037231 219.415916 0.515364 0.803643 0.297587 -0.215999 0.457858 -0.862387 0.829303 -0.380164 -0.409550
-1.036254 -20.165202 -35.096016 241.222115 0.529976 0.798885 0.284444 -0.403368 0.532534 -0.744111 0.745935 -0.279625 -0.604475
-0.935561 -20.362788 11.959254 247.633257 0.490012 0.811320 0.318824 -0.359272 0.521199 -0.774129 0.794236 -0.264788 -0.546878
-0.983672 -23.693441 -28.016037 228.736552 0.529544 0.796618 0.291518 -0.202725 0.452544 -0.868393 0.823703 -0.400754 -0.401136
-0.922332 -23.904740 16.665653 241.591886 0.487527 0.817100 0.307676 -0.126396 0.414729 -0.901124 0.863910 -0.400433 -0.305470
-1.056882 -25.944615 -18.879706 228.070178 0.511335 0.806738 0.296159 0.015020 0.336177 -0.941679 0.859250 -0.485962 -0.159782
-1.816966 -6.847076 49.309318 45.936583 0.902975 0.369954 -0.218564 0.379750 -0.449070 0.808781 -0.201062 0.813308 0.545989
-2.104128 -8.092885 46.804166 127.140746 0.909906 0.374512 -0.178358 0.328145 -0.386836 0.861788 -0.253755 0.842673 0.474879
-2.417927 -6.638368 22.640415 43.975954 0.899049 0.402945 -0.171309 0.362076 -0.464201 0.808343 -0.246196 0.788766 0.563236
-1.164347 -8.396150 66.348578 142.024178 0.907855 0.354190 -0.224387 0.357946 -0.376022 0.854683 -0.218346 0.856246 0.468154
-0.869656 -6.794511 59.933442 38.954599 0.895557 0.363497 -0.256608 0.407663 -0.439222 0.800559 -0.178293 0.821556 0.541533
0.924711 -42.631618 -50.104160 -956.008196 0.422472 0.843365 0.332045 -0.619855 0.536117 -0.573026 0.661284 -0.036268 -0.749258
0.832727 -84.846730 -34.051058 -3605.934906 0.369349 0.868397 0.330859 -0.825104 0.470249 -0.313160 0.427533 0.157328 -0.890204
0.618066 -45.742790 -43.415807 -1274.539678 0.419546 0.844964 0.331690 -0.792783 0.519054 -0.319495 0.442127 0.128915 -0.887640
0.727993 -53.759371 -16.718443 1383.014341 0.387402 0.857432 0.338718 0.917637 -0.393974 -0.052223 0.088669 0.331052 -0.939437
0.438952 -32.230552 -41.970364 -420.254748 0.473599 0.813642 0.337181 -0.601382 0.578442 -0.551130 0.643462 -0.058240 -0.763259
0.765420 -57.790371 -15.626690 2008.274940 0.372124 0.868005 0.328771 0.916656 -0.399326 0.016751 0.145827 0.295137 -0.944261
4.019474 -6.518808 -65.795312 0.565815 -0.046220 0.998221 -0.037671 0.201772 0.046264 0.978339 -0.978341 -0.037618 0.203551
2.983435 -6.430868 -91.626137 -13.924562 -0.108318 0.994115 0.001355 0.130503 0.012868 0.991364 -0.985513 -0.107559 0.131129
3.719280 -6.384622 -74.924397 -14.430077 -0.048471 0.997756 -0.046196 0.077213 0.049855 0.995767 -0.995836 -0.044698 0.079457
4.159054 -6.492345 4.270632 -11.476495 0.026021 0.996505 -0.079376 0.137429 0.075083 0.987662 -0.990170 0.036609 0.134995
-0.815654 -5.739839 -18.182164 -48.761933 0.795123 0.468625 0.384929 -0.045652 0.679178 -0.732553 -0.604728 0.564897 0.561423
-1.468287 -6.151865 19.328944 -86.947442 0.789061 0.526185 0.317035 -0.087770 0.607349 -0.789572 -0.608012 0.595194 0.525419
-0.746601 -5.231969 9.818543 -25.792163 0.785186 0.537624 0.307317 -0.151967 0.648374 -0.746001 -0.600324 0.539047 0.590796
-0.500871 -5.527777 -46.373291 16.868735 0.788192 0.497719 0.361981 -0.120530 0.701626 -0.702278 -0.603512 0.509900 0.613006
-0.978399 -5.557386 -42.132858 -14.845347 0.801367 0.460347 0.381956 -0.062698 0.699663 -0.711717 -0.594877 0.546399 0.589550
-0.855373 -3.266039 110.949762 -25.124174 0.876224 -0.481116 0.027551 -0.480613 -0.868263 0.123006 0.035258 0.121023 0.992023
-2.447937 -4.135740 57.210802 61.431760 0.580324 -0.810199 0.082478 0.814384 0.577529 -0.056907 -0.001528 0.100193 0.994967
-0.745692 -3.453512 93.754378 -7.759912 0.860846 -0.508211 0.025822 -0.508835 -0.859126 0.054680 0.005605 0.060210 0.998170
1.363751 -2.990905 138.442543 -15.662467 0.954462 -0.298320 0.002858 -0.296332 -0.946906 0.124730 0.034503 0.119896 0.992187
1.655601 -2.993298 129.623452 11.703793 0.958555 -0.284477 0.015677 -0.284873 -0.956119 0.068439 0.004480 0.070068 0.997532
-3.086613 -7.591489 -19.085963 -23.105819 0.318479 0.821628 0.472757 0.747014 -0.524559 0.408421 -0.583559 -0.223083 0.780828
-3.205556 -7.515366 27.530477 -13.223554 0.296207 0.875730 0.381259 0.778510 -0.452621 0.434806 -0.553338 -0.168021 0.815834
-2.766068 -7.219295 -11.293758 -26.727741 0.289466 0.854864 0.430602 0.703033 -0.495169 0.510444 -0.649580 -0.154971 0.744332
-0.282421 -10.644759 -12.655144 -20.590681 0.253177 0.962680 0.095650 0.885555 -0.190812 -0.423536 0.389479 -0.191933 0.900815
-0.582804 -10.369287 -4.540085 -16.068667 0.263491 0.961122 0.082567 0.915863 -0.222366 -0.334287 0.302931 -0.163702 0.938848
-0.575309 -10.481411 -8.162008 -7.644187 0.239623 0.965679 0.100223 0.942673 -0.206725 -0.261980 0.232270 -0.157254 0.959855
-2.252599 -6.706112 3.268148 -22.633235 0.172945 0.972630 0.155181 0.738281 -0.232305 0.633227 -0.651945 -0.005054 0.758250
-1.887647 -6.255688 2.370266 -31.941541 0.117681 0.990620 0.069451 0.682910 -0.131504 0.718569 -0.720962 0.037133 0.691979
-1.956584 -6.356820 9.138700 -42.823650 0.172131 0.969391 0.175075 0.661248 -0.245441 0.708879 -0.730152 0.006252 0.683256
-2.365593 -6.873367 15.083237 -28.705136 0.215298 0.945630 0.243783 0.719745 -0.322377 0.614850 -0.660011 -0.043086 0.750020
-2.638844 -7.011668 1.587160 -9.009376 0.225233 0.947617 0.226479 0.791877 -0.313472 0.524086 -0.567628 -0.061302 0.821000
10.641879 -2388.203506 1401.564911 -171723.933658 0.039980 0.317246 0.947500 0.821787 -0.549852 0.149428 0.568390 0.772669 -0.282692
2.359391 -46.232847 -39.837195 -1852.259755 -0.069126 0.477337 0.875997 0.971788 -0.166267 0.167285 0.225501 0.862847 -0.452377
2.444119 -42.860828 -2.222497 -881.833823 -0.072290 0.457999 0.886008 0.795192 -0.509742 0.328378 0.602033 0.728286 -0.327348
2.120087 -78.599623 46.745990 3176.300041 0.084240 -0.375496 -0.922988 -0.560897 0.747726 -0.355387 0.823588 0.547639 -0.147626
2.132194 -51.735685 76.119200 1006.894466 0.024380 -0.415730 -0.909161 -0.490195 0.787626 -0.373301 0.871272 0.454767 -0.184586
2.461413 -39.319409 -70.677997 -461.548999 -0.022086 0.504277 0.863259 0.770697 -0.541420 0.335991 0.636818 0.672732 -0.376687
0.930779 -18.668550 70.868222 -375.416806 -0.044622 0.060791 -0.997153 0.991631 0.123741 -0.036831 0.121150 -0.990451 -0.065804
-0.495837 -22.633973 81.086455 -375.677425 -0.061944 0.060018 -0.996273 0.995675 0.072969 -0.057511 0.069246 -0.995527 -0.064279
0.724438 -20.964033 74.282931 371.336376 -0.161354 0.038516 -0.986145 0.986500 -0.022047 -0.162273 -0.027991 -0.999015 -0.034439
14.356535 -15.031042 -59.541735 139.175560 -0.131697 0.794344 -0.593020 0.580909 -0.422904 -0.695483 0.803243 0.436084 0.405747
14.608739 -15.206848 202.672943 189.402970 -0.334020 0.678505 -0.654264 0.519222 -0.446870 -0.728503 0.786664 0.583043 0.203031
15.109116 -13.838486 -189.824977 27.468042 -0.116137 0.796653 -0.593175 0.451135 -0.489747 -0.746073 0.884867 0.354249 0.302520
-1.260300 -6.150908 -190.339276 20.429453 0.600512 0.798280 0.046196 -0.760050 0.587794 -0.277168 0.248411 -0.131331 -0.959710
-0.386837 -6.475384 -204.926230 21.913593 0.564985 0.824754 0.023917 -0.757848 0.530178 -0.380234 0.326279 -0.196701 -0.924581
1.280997 -5.955974 -197.416632 18.421087 0.505253 0.862959 0.004626 -0.818608 0.480969 -0.313927 0.273131 -0.154826 -0.949436
2.874003 -6.153872 -164.028950 16.822256 0.445043 0.895502 0.003699 -0.809249 0.403940 -0.426554 0.383474 -0.186841 -0.904454
-0.426949 -5.495796 -166.961669 26.721506 0.572051 0.819357 0.037589 -0.797857 0.566499 -0.206163 0.190215 -0.087945 -0.977795
3.388826 -5.740407 -134.123378 19.626198 0.448990 0.892940 0.032655 -0.839793 0.434186 -0.325931 0.305215 -0.118916 -0.944830
2.201443 -5.198575 -124.214549 8.918242 0.488936 0.870726 0.052711 -0.839552 0.486116 -0.242576 0.236841 -0.074350 -0.968699
8.803987 -10.411343 370.603637 -250.587825 -0.719245 0.451723 -0.527857 -0.194378 0.598594 0.777112 0.667012 0.661537 -0.342730
10.461491 -7.850443 358.011462 -102.980459 -0.678903 0.540218 -0.497247 -0.093525 0.608094 0.788337 0.728247 0.581709 -0.362313
12.373506 -9.881348 213.935357 105.409466 -0.548766 0.607571 -0.574206 0.160107 -0.597769 -0.785517 0.820501 0.523000 -0.230759
13.068850 -11.879212 328.397996 -218.285604 -0.560938 0.553245 -0.615847 -0.286028 0.568576 0.771304 0.776876 0.608804 -0.160692
0.015266 -7.491450 -8.470691 48.517669 0.103078 0.991665 0.077295 0.645594 -0.007584 -0.763643 0.756692 -0.128616 0.640995
0.231643 -7.684526 -3.912383 -43.063376 0.097864 0.992476 0.073584 0.786321 -0.031790 -0.617000 0.610018 -0.118243 0.783516
0.014051 -7.535427 -2.232026 -4.587065 0.114079 0.991799 0.057621 0.734422 -0.045132 -0.677190 0.669036 -0.119571 0.733548
-0.228837 -7.614920 8.057216 32.695431 0.089961 0.993302 0.072514 0.559924 0.009771 -0.828486 0.823646 -0.115134 0.555295
-0.069227 -7.787011 -2.828843 51.774843 0.087227 0.991765 0.093775 0.557011 0.029488 -0.829981 0.825912 -0.124631 0.549852
-0.178939 -7.571451 0.545631 53.142923 0.116599 0.991649 0.055115 0.613083 -0.028207 -0.789514 0.781366 -0.125846 0.611252
-0.004190 -7.754978 1.133820 109.968101 0.086416 0.992800 0.082954 0.606789 0.013589 -0.794747 0.790152 -0.119015 0.601245
-0.834389 -7.922360 -12.742045 -23.827851 -0.155453 0.977235 -0.144384 -0.583625 0.027068 0.811572 -0.797004 -0.210427 -0.566131
-0.973105 -7.919919 -2.449260 -17.118919 -0.138492 0.979917 -0.143464 -0.613454 0.028843 0.789204 -0.777492 -0.197307 -0.597140
-0.636701 -7.485683 -13.572375 -26.084586 -0.164751 0.976952 -0.135729 -0.663304 -0.007895 0.748309 -0.729990 -0.213314 -0.649317
-0.556906 -7.634866 -27.669300 -34.042085 -0.185253 0.972956 -0.137978 -0.611480 -0.004218 0.791248 -0.769268 -0.230952 -0.595725
0.240890 -8.683119 -7.653941 215.407581 0.091731 0.973704 -0.208533 -0.093589 -0.200059 -0.975304 0.991376 -0.108982 -0.072776
0.401920 -9.825251 19.371351 183.565768 0.072906 0.975540 -0.207379 -0.013403 -0.206955 -0.978259 0.997249 -0.074101 0.002013
0.351366 -11.816098 -4.422492 231.288998 0.076183 0.978554 -0.191387 0.078790 -0.197253 -0.977181 0.993976 -0.059365 0.092127
0.366134 -9.650147 -9.644419 289.591132 0.078707 0.975836 -0.203838 -0.059712 -0.199491 -0.978079 0.995108 -0.089153 -0.042568
-0.329603 -16.299464 30.268946 -291.324726 0.147296 0.973487 -0.175008 0.987236 -0.133865 0.086282 0.060567 -0.185483 -0.980779
-0.290932 -13.752318 15.775519 -414.903493 0.147667 0.970632 -0.189917 0.976537 -0.173520 -0.127538 -0.156747 -0.166628 -0.973481
-0.528529 -17.885525 19.699631 -273.019359 0.136264 0.974892 -0.176119 0.979756 -0.106297 0.169645 0.146664 -0.195670 -0.969641
-0.465562 -12.639590 20.178864 392.690846 0.137942 0.972238 -0.189012 -0.973385 0.168338 0.155514 -0.183015 -0.162529 -0.969582
-0.591918 -19.323049 7.943588 156.247525 0.142519 0.972659 -0.183363 -0.945221 0.078779 -0.316783 0.293677 -0.218466 -0.930605
-0.456739 -19.330978 2.106968 139.042422 0.160120 0.966001 -0.202988 -0.945519 0.091043 -0.312577 0.283469 -0.241979 -0.927950
-0.453136 -16.302834 5.711815 -348.129006 0.148000 0.966951 -0.207611 0.988823 -0.140847 0.048905 0.018047 -0.212529 -0.976988
-3.023757 -4.167206 -31.191484 -38.910121 0.291595 -0.940050 0.176858 0.952660 0.302044 0.034749 -0.086085 0.158353 0.983623
-2.315964 -3.786176 -71.346190 14.825537 0.850024 -0.488669 0.196627 0.500783 0.865460 -0.014006 -0.163329 0.110373 0.980378
-3.099775 -4.321881 47.760047 -24.004654 -0.611069 0.778527 -0.143146 0.779090 0.623508 0.065249 -0.140051 0.071652 0.987548
-3.311438 -4.931295 -23.758029 -36.868070 0.216712 -0.970141 0.108917 0.974843 0.221009 0.028920 -0.052128 0.099910 0.993630
-3.118846 -5.239731 -38.224042 -53.365407 0.043081 -0.988395 0.145670 0.999048 0.043631 0.000581 -0.006930 0.145506 0.989333
-2.800103 -5.005542 -31.662076 -59.763965 -0.043222 -0.981767 0.185109 0.999055 -0.043331 0.003459 0.004625 0.185084 0.982712
2.152981 -15.654858 7.761684 -208.516786 0.041833 0.974365 -0.221048 -0.803460 -0.098701 -0.587121 0.593888 -0.202165 -0.778734
1.608037 -16.517576 -9.908167 -250.138323 0.097165 0.981584 -0.164474 -0.767940 -0.031182 -0.639762 0.633109 -0.188468 -0.750768
3.724889 -20.931180 43.604183 -541.937550 -0.017369 0.975637 -0.218703 -0.881322 -0.118241 -0.457483 0.472197 -0.184802 -0.861904
5.232278 -16.985721 119.577935 -412.475381 -0.143100 0.940784 -0.307325 -0.892380 -0.256932 -0.371003 0.427995 -0.221161 -0.876304
2.519202 -14.106803 -9.667749 -156.641462 -0.046782 0.952470 -0.301019 -0.821035 -0.208307 -0.531516 0.568957 -0.222282 -0.791757
-1.577103 -2.742919 17.257462 18.463542 0.119635 0.991259 -0.055617 0.014097 -0.057709 -0.998234 0.992718 -0.118639 0.020877
-1.441788 -3.169043 -12.938296 21.063187 0.149963 0.982305 0.112200 0.031889 0.108618 -0.993572 0.988177 -0.152577 0.015036
-1.067200 -2.968379 27.001097 -25.797800 0.128972 0.964338 -0.231124 -0.048478 -0.226661 -0.972767 0.990463 -0.136664 -0.017517
-0.954353 -3.595267 -27.072435 -5.106243 0.172226 0.984766 -0.023973 -0.024625 -0.020025 -0.999496 0.984750 -0.172729 -0.020801
-0.062406 -2.695382 107.483923 -26.710322 0.091571 0.887212 -0.452184 -0.065039 -0.447794 -0.891768 0.993672 -0.111070 -0.016699
-0.009525 -3.190959 78.016389 -41.233250 0.093932 0.892839 -0.440471 -0.114687 -0.429778 -0.895621 0.988951 -0.134644 -0.062027
-0.925934 -13.710865 -27.707011 -25.902923 0.093014 0.994303 0.052064 0.986510 -0.084958 -0.139926 0.134706 -0.064377 0.988792
-0.684459 -14.640439 -20.159451 -49.306750 0.117890 0.991968 0.045833 0.970669 -0.105374 -0.216098 0.209533 -0.069964 0.975295
-0.921448 -14.276459 -18.453584 -42.089964 0.129526 0.990934 0.035669 0.939722 -0.111192 -0.323356 0.316459 -0.075402 0.945605
-0.662466 -13.585376 32.275671 -65.139880 -0.071446 -0.995465 -0.062802 0.996643 -0.073771 0.035511 -0.039983 -0.060054 0.997394
-1.145339 -14.078737 -3.391665 -36.252488 0.114278 0.993271 0.018776 0.939584 -0.101924 -0.326792 0.322680 -0.054987 0.944910
-0.421903 -16.373870 13.869155 15.462723 0.163328 0.972687 -0.164937 -0.020069 0.170423 0.985167 -0.986368 0.157595 -0.047356
0.312250 -16.210511 45.463278 -4.943914 0.186254 0.961862 -0.200329 -0.119898 0.224624 0.967041 -0.975158 0.156096 -0.157163
0.202738 -16.041581 39.196472 -52.760017 0.179345 0.969025 -0.169781 -0.281451 0.215905 0.934971 -0.942667 0.119898 -0.311455
-0.732726 -16.353538 34.240679 13.699896 0.164653 0.975570 -0.145441 -0.168466 0.173101 0.970389 -0.971858 0.135275 -0.192852
3.659305 -31.086580 85.917918 269.425441 -0.357438 0.932698 -0.048080 -0.208878 -0.130013 -0.969261 0.910279 0.336408 -0.241292
2.026217 -32.080814 119.389671 179.260641 -0.406637 0.912924 0.034880 -0.168696 -0.037509 -0.984954 0.897880 0.406402 -0.169259
3.973160 -29.866254 108.919982 453.040170 -0.390646 0.920521 -0.006002 -0.452175 -0.197563 -0.869774 0.801831 0.337060 -0.493414
3.584047 -16.288430 74.452455 119.571925 -0.254122 0.966709 0.029939 0.935374 0.237777 0.261796 -0.245962 -0.094533 0.964659
6.093491 -7.840432 291.472719 -334.538326 -0.594650 0.800200 -0.077913 0.720832 0.573559 0.389143 -0.356080 -0.175242 0.917877
10.150926 -6.491983 -108.301778 -548.993685 0.106305 0.986302 0.126124 0.864665 -0.154327 0.478056 -0.490971 -0.058235 0.869227
2.643048 -18.085166 87.219793 238.874176 -0.112612 0.993598 0.009008 0.973478 0.108506 0.201413 -0.199146 -0.031451 0.979465
3.615615 -80.345495 380.531989 2954.924464 -0.144135 0.609155 0.779843 0.947744 -0.141687 0.285843 0.284617 0.780291 -0.556901
73.614572 -1516.978184 4725.948598 99469.316651 -0.468939 0.444638 0.763147 0.857693 0.435520 0.273285 -0.210853 0.782700 -0.585595
6.044687 -84.612280 321.463187 -508.868566 -0.183016 0.648998 0.738449 0.978304 0.194406 0.071604 -0.097088 0.735533 -0.670497
6.526243 -63.400464 119.493445 1991.209569 -0.185881 0.735914 0.651059 0.840454 -0.224169 0.493340 0.509004 0.638888 -0.576834
6.930647 -81.783089 -87.921854 1618.221093 -0.177328 0.850345 0.495448 0.922062 -0.032430 0.385680 0.344029 0.525226 -0.778320
-22.727034 -950.808581 961.622475 111548.974613 -0.098256 0.928182 0.358920 0.766092 -0.159652 0.622587 -0.635177 -0.336138 0.695386
-74.127691 -436.517338 3413.491810 24226.356547 -0.009039 0.927528 0.373646 0.865045 0.194694 -0.462376 0.501613 -0.319041 0.804113
-7.445525 -594.099428 625.427711 31819.618310 -0.073027 0.941289 0.329607 0.690036 -0.190929 0.698137 -0.720081 -0.278424 0.635581
-38.310340 -956.917359 1372.665943 11568.779721 -0.071717 0.973424 0.217491 -0.590222 -0.217195 0.777473 -0.804049 0.072610 -0.590113
1.973746 -4.960004 95.113981 -52.544720 -0.082485 -0.996531 -0.011068 0.996555 -0.082381 -0.009564 0.008619 -0.011819 0.999893
0.833754 -4.861168 48.646879 -60.000750 -0.016042 -0.999600 -0.023308 0.999780 -0.016352 0.013138 -0.013514 -0.023092 0.999642
2.121873 -3.989540 -89.784234 -58.788953 0.102667 0.994536 0.018922 0.991049 -0.103902 0.083823 -0.085331 -0.010147 0.996301
3.332296 -4.152360 -75.083614 -82.177634 0.110295 0.993087 -0.040157 0.992312 -0.107747 0.060882 -0.056134 0.046563 0.997337
3.571294 -3.169521 -80.840411 -70.227513 0.138387 0.989739 -0.035571 0.983662 -0.133185 0.121122 -0.115142 0.051751 0.992000
1.650047 -3.523737 -80.709982 -23.180115 0.136030 0.989677 0.045123 0.981182 -0.140882 0.132041 -0.137034 -0.026312 0.990217
2.816088 -3.128854 -118.361973 -36.348992 0.158886 0.987063 0.021495 0.977901 -0.160333 0.134176 -0.135887 0.000299 0.990724
1.122526 -2.730755 -153.051363 -9.346923 0.928000 -0.372155 -0.017803 0.367531 0.906536 0.207637 0.061135 0.199230 -0.978044
1.153569 -2.364411 -213.243115 -27.950307 0.972020 -0.234685 -0.009984 0.233666 0.961704 0.143270 0.024022 0.141594 -0.989633
3.647943 -1.786628 -167.201969 -11.722351 0.978753 -0.197315 0.055763 0.186678 0.970000 0.155730 0.084818 0.142011 -0.986224
2.615327 -1.787848 -108.857385 0.419606 0.958600 -0.276959 0.066178 0.258293 0.943547 0.207373 0.119876 0.181694 -0.976021
-0.004708 -10.838714 -23.463383 -10.049096 0.140512 0.976550 -0.163118 -0.842970 0.031589 -0.537032 0.519285 -0.212963 -0.827641
-0.242218 -10.970557 -9.915308 10.246588 0.138044 0.978415 -0.153780 -0.730518 -0.004262 -0.682881 0.668796 -0.206607 -0.714161
-0.033989 -11.081190 -22.348467 29.499926 0.149354 0.976561 -0.154992 -0.731437 0.003640 -0.681899 0.665352 -0.215211 -0.714836
0.523323 -10.727920 -36.528046 16.172227 0.160266 0.975639 -0.149809 -0.787100 0.034732 -0.615847 0.595641 -0.216614 -0.773492
0.341498 -11.400245 -43.460971 53.507541 0.170151 0.974364 -0.147184 -0.681736 0.008545 -0.731549 0.711537 -0.224814 -0.665713
0.649957 -58.287455 -49.705060 -2252.352941 0.023213 0.999629 -0.014250 0.188955 0.009610 0.981939 -0.981711 0.025486 0.188662
1.289847 -34.666569 -44.396461 -1151.592582 -0.010123 0.998459 -0.054556 -0.162755 0.052186 0.985285 -0.986615 -0.018853 -0.161976
1.617511 -99.499287 -32.217279 -4224.833878 0.013400 0.999494 -0.028861 0.048286 0.028183 0.998436 -0.998744 0.014773 0.047884
8.036996 -559.199685 472.711973 -29467.890720 0.030843 0.996056 -0.083192 -0.043634 0.084494 0.995468 -0.998571 0.027073 -0.046068
2.764558 -162.697615 67.309210 -8329.254762 0.050754 0.997856 -0.041323 0.331751 0.022182 0.943106 -0.942001 0.061576 0.329914
1.569523 -11.411461 -120.222305 126.888529 -0.020531 0.976287 0.215507 0.356598 0.208526 -0.910689 0.934032 -0.058152 0.352423
3.780311 -10.938132 -156.909220 36.346372 -0.110304 0.919954 0.376189 0.151584 0.389642 -0.908406 0.982270 0.043176 0.182430
1.915762 -13.362849 -128.786454 151.416963 -0.067204 0.958101 0.278434 0.137549 0.285298 -0.948518 0.988213 0.025446 0.150959
-0.879190 -8.214036 17.411613 -5.391956 -0.007578 0.987457 0.157709 -0.585941 0.123417 -0.800901 0.810319 0.098478 -0.577656
-0.526071 -8.152455 43.859543 3.784381 -0.032870 0.980553 0.193482 -0.683672 0.119151 -0.719997 0.729049 0.155945 -0.666460
-0.227846 -8.163789 34.630427 4.781065 0.000404 0.974306 0.225228 -0.587629 0.182470 -0.788287 0.809131 0.132032 -0.572604
-6.977968 -10.874691 29.578501 80.685935 -0.191626 0.965394 0.176903 -0.953527 -0.140420 -0.266587 0.232521 0.219767 -0.947437
-9.321660 -12.246186 48.567385 228.183469 0.440450 0.869948 0.221798 -0.874541 0.471594 -0.113034 0.202933 0.144185 -0.968519
-5.967348 -9.270842 -34.317698 -95.859590 -0.408732 0.898686 0.159062 0.908892 0.385008 0.160263 0.082786 0.210075 -0.974174
1.199497 -2.230899 -107.224266 -34.312508 -0.079245 0.859294 -0.505306 -0.559220 0.381305 0.736125 -0.825223 -0.340911 -0.450317
2.191127 -3.719012 -417.676349 -220.380709 -0.539713 0.080797 0.837963 -0.241042 0.938878 -0.245777 -0.806603 -0.334633 -0.487249
-1.585206 -4.667118 153.545209 254.315922 -0.023868 -0.644621 0.764130 -0.461607 0.685095 0.563528 -0.886763 -0.339277 -0.313914
1.472436 -7.228069 -240.806284 315.578966 -0.242874 0.902856 -0.354772 -0.446448 0.220655 0.867177 -0.861218 -0.369002 -0.349487
1.286788 -5.527687 -554.553258 -45.324401 -0.557314 0.324703 0.764178 -0.012380 0.917011 -0.398671 -0.830209 -0.231645 -0.507043
3.040435 -6.236941 -465.002128 -155.163271 -0.596653 0.346666 0.723760 -0.013485 0.897424 -0.440964 -0.802386 -0.272862 -0.530775
1.018909 -4.845590 -456.409577 -173.697400 -0.542174 0.240216 0.805198 -0.139047 0.919405 -0.367914 -0.828681 -0.311434 -0.465076
-1.388944 -4.951534 3.723199 -80.498661 -0.116214 0.942434 0.313549 -0.198907 -0.331376 0.922294 -0.973103 -0.044817 -0.225967
-1.206233 -5.739016 2.285809 -70.017823 -0.118685 0.963410 0.240323 -0.136524 -0.255568 0.957103 -0.983501 -0.080784 -0.161861
-0.800589 -5.952984 -28.447698 -50.599535 -0.142577 0.972595 0.183659 -0.108133 -0.199750 0.973862 -0.983859 -0.118991 -0.133650
0.917257 -12.875383 0.140574 -50.895546 0.863444 0.403146 0.303213 -0.384292 0.136310 0.913093 -0.326779 0.904927 -0.272621
1.518696 -9.666843 123.040844 -180.098178 0.900031 0.292975 0.322660 -0.433783 0.530598 0.728216 -0.042146 0.795382 -0.604642
-1.039070 -10.531814 20.133809 16.746518 0.163352 0.983610 -0.076340 -0.911108 0.180086 0.370745 -0.378416 -0.008992 -0.925592
-1.043383 -10.163293 -1.400756 55.693178 0.155949 0.985609 -0.065227 -0.892250 0.168891 0.418766 -0.423756 0.007107 -0.905749
-0.972354 -10.853451 -2.309064 -50.751932 0.170155 0.981896 -0.083230 -0.965746 0.182954 0.184015 -0.195911 -0.049068 -0.979393
-0.696314 -10.112950 8.609222 154.785541 0.142747 0.986993 -0.073943 -0.808969 0.159390 0.565831 -0.570257 0.020953 -0.821199
-1.119698 -11.480765 16.870750 -107.023128 0.158283 0.983357 -0.089193 -0.973753 0.170422 0.150871 -0.163560 -0.062972 -0.984522
-0.773681 -10.515107 -1.603629 151.597030 0.148127 0.982821 -0.110096 -0.836832 0.183888 0.515652 -0.527039 -0.015750 -0.849695
-1.057874 -11.072903 12.311626 -51.472387 0.163123 0.981180 -0.103330 -0.935927 0.187028 0.298431 -0.312140 -0.048028 -0.948821
-0.336863 -7.166197 -11.845201 -16.854225 0.044510 0.995213 0.087011 0.258155 -0.095597 0.961362 -0.965078 0.020328 0.261174
-0.514063 -6.915740 -2.591291 47.590078 0.052819 0.994374 0.091821 0.197474 -0.100534 0.975140 -0.978884 0.033373 0.201673
0.854471 -14.983490 -34.731072 -142.220683 0.160803 0.964835 -0.207933 -0.001905 0.210978 0.977489 -0.986985 0.156787 -0.035764
0.475666 -14.848392 -0.015808 -140.006507 0.163907 0.967326 -0.193427 -0.008676 0.197485 0.980268 -0.986438 0.158994 -0.040762
0.479222 -13.469821 -14.479106 -272.845040 0.158384 0.964740 -0.210218 -0.179320 0.237470 0.954700 -0.970958 0.113513 -0.210609
0.467775 -13.670007 42.081939 -204.852549 0.181298 0.964764 -0.190686 -0.116443 0.213594 0.969958 -0.976510 0.153647 -0.151064
-0.469899 -11.409620 -17.491171 -349.049238 0.156870 0.965640 -0.207201 -0.811751 0.006566 -0.583967 0.562542 -0.259802 -0.784888
-0.339909 -16.561503 -9.654576 -391.905613 0.136397 0.967965 -0.210806 -0.914168 0.040994 -0.403258 0.381698 -0.247715 -0.890474
-0.290941 -9.329130 7.235282 -112.658326 0.159429 0.971980 -0.172734 -0.595567 -0.044848 -0.802052 0.787326 -0.230745 -0.571730
-0.159415 -7.856663 13.603848 -67.839234 0.175810 0.974074 -0.142377 -0.475615 -0.042582 -0.878623 0.861906 -0.222188 -0.455797
0.106775 -6.306106 -1.623356 -49.187285 -0.042532 0.996458 0.072549 0.934278 0.013939 0.356272 -0.353998 -0.082934 0.931562
0.161456 -6.561703 -1.407375 -11.953886 0.004665 0.996195 0.087022 0.971017 -0.025309 0.237668 -0.238966 -0.083391 0.967441
3.051476 -3.797793 92.003795 47.621572 0.998112 0.056719 0.023562 0.036213 -0.853327 0.520117 -0.049607 0.518282 0.853770
1.990355 -4.035357 104.431333 58.338434 0.992163 0.109902 -0.059455 0.124878 -0.855567 0.502405 -0.004348 0.505892 0.862586
3.725027 -3.216200 92.832620 51.099336 0.998076 0.005588 0.061746 -0.024175 -0.882027 0.470579 -0.057091 0.471166 0.880195
2.021954 -29.062030 -45.293405 -665.563759 0.156208 0.984239 -0.082900 -0.696673 0.050293 -0.715624 0.700176 -0.169540 -0.693549
1.660632 -20.410079 -34.026272 -297.764642 0.226306 0.971920 -0.064469 -0.612756 0.090603 -0.785061 0.757176 -0.217168 -0.616054
2.258948 -22.268124 -39.856878 -214.743155 0.229721 0.972591 -0.035986 -0.489472 0.083494 -0.868013 0.841217 -0.217015 -0.495236
2.536726 -25.834472 -38.777949 -476.951542 0.162084 0.986521 -0.022484 -0.497964 0.062101 -0.864971 0.851916 -0.151394 -0.501318
2.411953 -34.954827 -35.825929 -748.161683 0.090056 0.994572 -0.052123 -0.780413 0.037956 -0.624111 0.618745 -0.096882 -0.779595
0.177855 -16.274573 24.733410 -31.216174 0.179269 0.978161 -0.105185 -0.971436 0.159104 -0.176061 0.155481 -0.133743 -0.978743
-0.042142 -7.039292 15.648401 -44.950651 0.121196 0.978267 0.168242 0.147482 -0.185357 0.971541 -0.981611 0.092934 0.166741
-0.140407 -7.481810 -28.509640 -148.591381 0.094143 0.976413 0.194307 0.188348 -0.209117 0.959581 -0.977580 0.053741 0.203592
-0.242068 -6.940482 -25.067948 -82.024877 0.096759 0.982321 0.160262 0.125944 -0.171807 0.977047 -0.987307 0.074354 0.140341
-1.138903 -17.973427 0.511636 225.413715 0.497930 0.811899 0.304770 -0.545466 0.566424 -0.617763 0.674190 -0.141361 -0.724903
-1.056311 -17.881363 -28.583325 120.319499 0.507878 0.817092 0.272801 -0.583454 0.559270 -0.588896 0.633752 -0.139920 -0.760777
-1.213548 -20.460900 3.520973 -97.533653 -0.423852 -0.817925 -0.389034 0.875489 -0.480048 0.055433 -0.232095 -0.317099 0.919554
-1.245904 -22.776211 2.813753 -259.479787 -0.460866 -0.804445 -0.374793 0.887403 -0.412539 -0.205738 0.010888 -0.427410 0.903992
-0.993771 -19.938244 -7.145217 -193.593377 -0.435050 -0.823377 -0.364392 0.897661 -0.428198 -0.104170 -0.070261 -0.372420 0.925401
-0.915853 -22.381129 -15.230803 -306.119409 -0.461715 -0.820163 -0.337865 0.878445 -0.369921 -0.302477 0.123097 -0.436454 0.891266
-0.711356 -19.816010 -22.404901 -78.264251 -0.438854 -0.834127 -0.334125 0.896904 -0.429193 -0.106572 -0.054510 -0.346447 0.936485
-2.518557 -8.083291 12.247539 93.594536 0.908107 0.404781 -0.107208 0.288137 -0.418276 0.861407 -0.303838 0.813141 0.496472
-2.046341 -10.673760 27.186692 186.076506 0.922168 0.375503 -0.092758 0.218291 -0.307279 0.926244 -0.319304 0.874401 0.365332
-1.420053 -10.729267 52.005051 208.820885 0.920802 0.357128 -0.156792 0.265923 -0.280764 0.922202 -0.285323 0.890860 0.353497
0.675064 -25.175559 3.862465 -43.794464 0.501753 0.784824 0.363723 -0.445397 0.594864 -0.669148 0.741529 -0.173746 -0.648033
0.687589 -27.135221 13.620479 -288.049778 0.476999 0.807642 0.346680 -0.625143 0.589030 -0.512094 0.617793 -0.027544 -0.785858
0.846527 -24.128874 3.623161 84.349681 0.511589 0.784684 0.350068 -0.443737 0.590166 -0.674390 0.735781 -0.189673 -0.650115
0.904737 -28.651945 43.070477 -455.775926 0.448894 0.823399 0.347144 -0.780102 0.550575 -0.297168 0.435817 0.137411 -0.889484
1.071490 -24.743175 28.539361 -170.327485 0.484065 0.802551 0.348703 -0.632417 0.596287 -0.494460 0.604756 -0.018826 -0.796188
-4.643091 -119.268271 176.322602 -4542.362368 0.173967 0.979621 0.100392 0.941611 -0.195323 0.274257 -0.288277 -0.046819 0.956402
3.060741 -148.416754 -1336.371956 -5815.238411 -0.170677 0.918857 -0.355768 0.431513 0.394304 0.811370 -0.885814 0.015037 0.463798
-2.057517 -200.066700 130.303115 -7161.644913 0.130339 0.989904 -0.055699 0.964282 -0.113499 0.239328 -0.230590 0.084903 0.969340
0.249341 -109.662255 242.361495 5953.561507 0.380002 0.924474 0.030765 0.584789 -0.214340 -0.782355 0.716673 -0.315288 0.622072
1.421171 -6.146870 -52.032931 -7.057246 -0.024721 0.994689 -0.099913 -0.455246 0.077778 0.886962 -0.890022 -0.067411 -0.450906
1.846334 -6.267761 -40.088392 4.142765 -0.022182 0.995827 -0.088528 -0.352841 0.075054 0.932668 -0.935420 -0.051925 -0.349704
1.120100 -6.159068 -37.625301 9.720609 -0.058453 0.996804 -0.054454 -0.386908 0.027663 0.921703 -0.920264 -0.074945 -0.384054
2.067001 -6.290884 -38.651356 -0.579993 0.020470 0.992101 -0.123757 -0.398510 0.121621 0.909064 -0.916935 -0.030709 -0.397852
0.805657 -6.076162 -26.234407 -17.776167 -0.053782 0.997144 -0.053024 -0.476902 0.021004 0.878706 -0.877310 -0.072546 -0.474410
0.779738 -5.970447 -37.071634 -39.091835 -0.039792 0.995332 -0.087927 -0.536006 0.053002 0.842549 -0.843276 -0.080657 -0.531394
1.724279 -6.180068 -35.080473 -10.981417 0.036320 0.989966 -0.136556 -0.485749 0.136906 0.863310 -0.873343 -0.034977 -0.485848
1.086376 -5.840583 -40.684382 -19.849319 -0.004245 0.993011 -0.117947 -0.553815 0.095873 0.827101 -0.832629 -0.068832 -0.549538
-2.128313 -3.434008 81.117278 -52.278548 0.709922 -0.698689 0.088564 -0.703585 -0.698005 0.133260 0.031289 0.156916 0.987116
-3.004314 -5.271746 5.597163 109.684337 0.187590 -0.971648 0.143913 0.981189 0.192166 0.018462 -0.045594 0.137743 0.989418
-3.108652 -5.452716 16.289451 102.889486 0.250469 -0.963238 0.097147 0.965648 0.255741 0.046059 -0.069210 0.082273 0.994204
-0.950621 -10.369266 -10.981386 9.188442 0.186769 0.977147 0.101494 0.973308 -0.198075 0.115918 -0.133372 -0.077135 0.988060
-0.741466 -10.365469 10.234075 0.706938 -0.214182 -0.970855 -0.107547 0.975509 -0.206956 -0.074502 0.050074 -0.120870 0.991405
-0.957060 -9.961203 11.120387 2.170904 -0.216955 -0.971638 -0.094073 0.976072 -0.217362 -0.006025 -0.014593 -0.093129 0.995547
-0.759509 -25.641635 88.355219 488.348951 -0.152583 0.021013 -0.988067 0.984329 -0.086203 -0.153839 -0.088407 -0.996056 -0.007531
-2.149124 -30.539231 135.005567 -966.420841 0.047915 0.106237 -0.993186 0.957120 0.279525 0.076075 0.285702 -0.954243 -0.088288
-3.148974 -26.429478 131.593409 -558.850176 -0.024068 0.025651 -0.999381 0.999588 0.016234 -0.023656 0.015617 -0.999539 -0.026031
-0.126061 -4.790990 -9.839116 -33.271073 -0.043374 0.996419 -0.072577 -0.647318 0.027306 0.761731 -0.760985 -0.080020 -0.643815
0.062867 -5.146486 -13.881804 -34.345802 -0.043396 0.996392 -0.072934 -0.623114 0.030069 0.781553 -0.780926 -0.079363 -0.619561
0.049842 -5.436378 -10.607306 -33.560964 -0.072266 0.996778 -0.034812 -0.559393 -0.011609 0.828821 -0.825746 -0.079369 -0.558430
-0.132911 -5.021374 -9.353591 -32.275251 -0.069399 0.996802 -0.039618 -0.591204 -0.009107 0.806470 -0.803530 -0.079390 -0.589946
1.662610 -5.220240 1.196224 -27.543918 0.038725 0.994061 -0.101704 -0.975584 0.015591 -0.219071 0.216184 -0.107705 -0.970394
1.485267 -4.870338 -21.876928 -16.741211 0.119772 0.985936 -0.116558 -0.947050 0.078233 -0.311411 0.297912 -0.147684 -0.943100
1.811636 -5.026392 5.103954 -48.207250 0.059503 0.994836 -0.082222 -0.952259 0.031862 -0.303624 0.299436 -0.096363 -0.949238
14.483268 -13.245669 123.743614 104.138483 -0.367106 0.683635 -0.630775 0.362703 -0.519241 -0.773844 0.856551 0.512867 0.057340
11.785862 -16.218247 -395.557304 228.109638 0.490452 -0.552358 0.674060 0.592944 -0.355330 -0.722605 0.638651 0.754083 0.153245
12.802501 -14.658056 358.743596 225.427432 -0.541143 0.545935 -0.639624 0.433486 -0.470674 -0.768476 0.720593 0.693124 -0.018046
-2.896218 -6.621080 -145.294752 25.962711 0.682303 0.719965 0.126935 -0.666865 0.684081 -0.295506 0.299588 -0.116976 -0.946870
-2.139025 -7.087642 -190.533248 20.256263 0.617906 0.782285 0.078883 -0.687439 0.586218 -0.428692 0.381602 -0.210664 -0.900000
12.626490 -7.953908 172.912815 11.802743 -0.533292 0.660984 -0.527920 0.048227 -0.599299 -0.799071 0.844555 0.451598 -0.287724
9.897926 -5.619551 329.654437 -30.012439 -0.704538 0.571806 -0.420315 0.010870 0.600897 0.799253 0.709583 0.558535 -0.429570
0.389822 -7.668624 10.331419 -21.675754 0.097459 0.993495 0.058906 0.854275 -0.053143 -0.517098 0.510604 -0.100718 0.853897
0.277669 -7.666216 9.205468 -50.069836 0.103724 0.993266 0.051607 0.817799 -0.055639 -0.572808 0.566080 -0.101618 0.818063
-0.950577 -7.873503 -9.913198 21.849431 -0.144424 0.978900 -0.144557 -0.476490 0.059236 0.877182 -0.867236 -0.195566 -0.457881
-0.641285 -7.825339 24.608916 23.572460 -0.116855 0.981752 -0.150024 -0.514513 0.069364 0.854672 -0.849483 -0.177062 -0.497019
1.514564 -13.497010 9.084859 -280.221043 0.040901 0.989857 -0.136050 0.733662 -0.122188 -0.668439 0.678283 0.072475 0.731218
1.782254 -12.577840 -7.088116 -216.670116 0.026840 0.997243 -0.069180 0.749236 -0.065882 -0.659018 0.661759 0.034144 0.748939
2.189686 -11.692027 11.245952 -66.346295 0.003694 0.996236 -0.086603 0.815823 -0.053084 -0.575861 0.578290 0.068526 0.812948
-0.375061 -15.192762 -8.606320 -311.435331 0.131213 0.970640 -0.201596 0.990912 -0.134487 -0.002572 -0.029609 -0.199427 -0.979465
-0.040507 -10.279832 5.990876 305.974183 0.145140 0.968821 -0.200801 -0.948082 0.194227 0.251824 -0.282973 -0.153826 -0.946712
