17399
34785
-3.140972 -4.127657 21.365676 -39.838084 0.672534 -0.480539 0.562832 0.091866 0.808841 0.580807 -0.734343 -0.338907 0.588118
-3.371083 -4.564690 12.021164 -28.221168 0.688101 -0.561397 0.459729 0.251808 0.778946 0.574314 -0.680522 -0.279422 0.677358
-4.005211 -5.897110 -8.637262 -66.354960 0.621057 0.183154 0.762065 -0.293420 0.955938 0.009378 -0.726769 -0.229429 0.647432
-2.400439 -3.683880 -2.314306 -24.333458 -0.602501 0.759483 -0.245313 0.358218 0.531995 0.767243 -0.713213 -0.374389 0.592588
-2.962548 -4.768557 -22.046634 -78.244486 0.573565 0.030270 0.818600 -0.300570 0.937392 0.175937 -0.762024 -0.346958 0.546754
-2.500844 -3.234190 0.745034 -34.552993 0.653192 -0.443651 0.613608 -0.022189 0.798809 0.601176 -0.756867 -0.406298 0.511931
1.703177 -6.822505 20.920277 -76.305562 0.371600 0.030469 0.927893 -0.047296 0.998785 -0.013856 -0.927187 -0.038737 0.372589
3.025064 -8.792368 44.324477 -109.632136 0.303498 0.008129 0.952797 0.044491 0.998752 -0.022693 -0.951793 0.049278 0.302757
2.428312 -7.559116 13.596674 -51.333011 0.343235 -0.045245 0.938159 0.177940 0.983883 -0.017651 -0.922240 0.172994 0.345754
1.853668 -6.331902 -7.633320 -55.299906 0.386350 -0.011283 0.922283 0.006378 0.999934 0.009561 -0.922330 0.002188 0.386397
-3.714687 -4.678586 6.288872 1.244618 -0.264568 -0.211158 -0.940965 0.895329 0.308757 -0.321023 0.358316 -0.927406 0.107369
-4.113383 -4.698466 19.956170 4.061857 -0.352888 -0.320583 -0.879032 0.824374 0.337855 -0.454161 0.442582 -0.884918 0.145055
-4.362006 -4.667039 23.149466 5.148063 -0.462228 -0.354754 -0.812708 0.817294 0.185162 -0.545661 0.344058 -0.916441 0.204351
1.681284 -6.644031 -42.720213 28.196946 -0.639331 0.767166 0.052076 0.342686 0.223646 0.912441 -0.688347 -0.601198 0.405881
3.261134 -5.610914 -43.396506 22.598241 -0.454925 0.860455 0.229480 0.530341 0.054764 0.846014 -0.715389 -0.506575 0.481248
1.554037 -5.725555 -39.663528 66.037743 -0.601986 0.789830 0.117394 0.534195 0.289074 0.794400 -0.593506 -0.540929 0.595942
0.763111 -6.009444 -30.748138 55.166540 -0.657916 0.751846 0.043290 0.425684 0.323852 0.844934 -0.621241 -0.574323 0.533117
0.755456 -6.472109 -38.536064 18.085357 -0.699137 0.714626 -0.022737 0.244959 0.269282 0.931387 -0.671717 -0.645597 0.363319
3.208675 -6.145073 -81.506940 -41.010222 -0.656399 0.748568 0.093731 0.173006 0.028430 0.984510 -0.734309 -0.662448 0.148168
1.221056 -0.941151 37.394580 -2.239427 0.102677 0.956143 0.274315 -0.450787 0.290556 -0.844019 0.886707 0.036996 -0.460850
1.332258 -0.839598 35.643597 -1.536479 0.132236 0.941152 0.311040 -0.419860 0.337438 -0.842528 0.897904 0.019181 -0.439774
0.428245 -0.957784 33.674080 -1.757667 0.119306 0.934641 0.334981 -0.424855 0.353000 -0.833600 0.897365 0.042865 -0.439202
0.127202 -1.095511 33.772345 -3.294106 0.076671 0.961463 0.264028 -0.461328 0.268966 -0.845478 0.883911 0.056980 -0.464172
-0.488189 -1.108722 30.592448 0.853382 0.177372 0.875054 0.450354 -0.400486 0.482185 -0.779172 0.898972 0.042157 -0.435973
-1.042141 -1.306483 -5.665982 12.903970 -0.571582 -0.051375 -0.818935 0.144350 0.976177 -0.161990 0.807748 -0.210804 -0.550549
-1.238053 -1.738021 -8.118196 22.533721 -0.536762 0.202630 -0.819041 0.289536 0.956024 0.046771 0.792499 -0.212037 -0.571826
-0.789407 -1.445409 13.510839 -7.007481 0.470111 0.785101 0.403253 -0.392864 0.595267 -0.700938 0.790351 -0.171095 -0.588279
-0.542275 -1.116408 8.845553 -6.176797 0.455019 0.797741 0.395684 -0.366385 0.572713 -0.733323 0.811615 -0.188703 -0.552876
-0.199657 -1.377170 7.812540 -6.876929 0.373656 0.889321 0.263607 -0.479533 0.428475 -0.765805 0.793996 -0.159740 -0.586561
-0.176003 -1.555839 9.533516 -9.525820 0.381677 0.881329 0.278535 -0.491431 0.448723 -0.746420 0.782827 -0.148010 -0.604380
-0.328223 -1.809921 12.846038 -10.325883 0.414402 0.854722 0.312604 -0.492615 0.499477 -0.712638 0.765246 -0.141325 -0.628033
-0.378872 -5.354831 10.963526 22.355925 0.680621 -0.328280 0.654971 0.196436 0.943029 0.268530 -0.705810 -0.054107 0.706331
-0.556828 -5.425686 -0.219890 20.283271 0.651009 -0.348788 0.674191 0.217387 0.936647 0.274656 -0.727276 -0.032243 0.685588
-0.448175 -5.903827 16.080874 51.648206 0.685155 -0.329148 0.649788 0.144681 0.935801 0.321471 -0.713883 -0.126246 0.688791
-0.411668 -5.932712 12.952003 40.867848 0.689965 -0.312604 0.652860 0.122338 0.939323 0.320478 -0.713429 -0.141249 0.686344
-0.292080 -3.404235 4.653233 2.895138 0.712668 -0.176980 0.678810 -0.694953 -0.310032 0.648784 -0.095631 0.934108 0.343942
-0.175031 -3.227690 1.372752 3.908803 0.733558 -0.155550 0.661587 -0.659733 -0.396783 0.638212 -0.163232 0.904637 0.393685
-0.149647 -3.386932 4.519163 0.343719 0.693192 -0.190066 0.695241 0.711330 0.335875 -0.617412 -0.116165 0.922531 0.368026
0.391277 -7.738980 13.067553 -33.484485 0.678137 -0.367228 0.636611 0.130850 0.912703 0.387106 -0.723193 -0.179210 0.666990
0.458853 -7.644078 8.780808 -16.536860 0.662575 -0.357960 0.657920 0.272953 0.933396 0.232956 -0.697489 0.025230 0.716151
0.179840 -8.073673 4.989545 -4.943567 0.679598 -0.316984 0.661565 0.259685 0.947382 0.187168 -0.686083 0.044600 0.726155
-1.005598 -6.776850 -9.741323 -1.367288 -0.596944 0.398599 -0.696260 -0.260556 0.724485 0.638147 0.758794 0.562352 -0.328620
-0.772039 -7.000535 4.467654 0.986601 -0.597390 0.377346 -0.707627 -0.258945 0.744354 0.615536 0.758994 0.550952 -0.346958
-1.181242 -6.547030 -12.974402 -3.158977 -0.586402 0.402630 -0.702867 -0.091794 0.829095 0.551521 0.804802 0.387932 -0.449224
-0.587494 -8.528830 -10.209727 19.453793 0.716995 -0.188363 0.671146 -0.696927 -0.213711 0.684558 -0.014486 0.958565 0.284505
-0.516750 -7.297756 -8.080545 54.859790 0.702103 -0.193744 0.685211 -0.686455 -0.439956 0.578981 -0.189289 0.876871 0.441891
-0.702024 -7.945152 0.980313 -36.009123 0.702333 -0.231990 0.672985 0.707547 0.331279 -0.624205 -0.078137 0.914568 0.396812
2.335826 -3.971500 18.514545 20.542158 0.690713 -0.022422 0.722781 -0.527623 -0.699130 0.482526 -0.494499 0.714643 0.494728
2.220336 -4.165704 27.844640 18.281499 0.663639 -0.085721 0.743125 -0.626591 -0.606342 0.489626 -0.408616 0.790570 0.456104
1.369801 -3.693946 10.629370 21.920309 0.696462 -0.091869 0.711689 -0.565090 -0.681483 0.465030 -0.442282 0.726044 0.526541
5.310918 -4.342331 111.492064 7.435901 0.720818 0.023545 0.692725 -0.548973 -0.590741 0.591315 -0.423143 0.806518 0.412891
1.527957 -3.501473 7.439455 8.166994 0.728526 -0.027306 0.684473 -0.464995 -0.753446 0.464865 -0.503020 0.656943 0.561602
2.122742 -3.620441 5.151336 9.368723 0.710989 0.026089 0.702719 -0.440167 -0.762819 0.473667 -0.548405 0.646086 0.530873
3.625833 -4.135644 50.226875 12.857033 0.706641 0.078977 0.703151 -0.445706 -0.722132 0.529028 -0.549549 0.687232 0.475088
0.559496 -2.007463 22.868228 17.491371 0.236197 0.849498 0.471767 -0.160404 0.512930 -0.843311 0.958374 -0.123514 -0.257415
1.220287 -1.799042 22.493722 9.681338 0.240625 0.905865 0.348582 -0.191773 0.396425 -0.897814 0.951485 -0.149188 -0.269110
0.436406 -2.321429 20.137780 16.560885 0.245436 0.815674 0.523868 -0.087336 0.556805 -0.826039 0.965471 -0.156987 -0.207898
-0.016006 -2.454492 15.614542 21.086330 0.251199 0.764786 0.593298 -0.091742 0.629004 -0.771970 0.963578 -0.139487 -0.228168
1.533961 -5.853611 -6.960435 -37.677558 0.492215 -0.225267 0.840821 0.850658 0.329406 -0.409722 -0.184674 0.916922 0.353764
1.702812 -5.264138 -22.911791 -31.016743 0.480363 -0.243000 0.842735 0.852557 0.354949 -0.383613 -0.205910 0.902753 0.377675
1.422228 -4.834802 -8.431496 -20.627332 0.494172 -0.236278 0.836640 0.815118 0.460548 -0.351395 -0.302286 0.855610 0.420184
1.817365 -6.487018 -15.739670 -43.752455 0.487801 -0.259461 0.833505 0.870867 0.210636 -0.444098 -0.060340 0.942503 0.328704
1.662443 -7.260088 -3.628663 -42.619135 0.491635 -0.237666 0.837741 0.870585 0.112687 -0.478940 0.019425 0.964788 0.262309
0.092449 -4.307013 -8.658194 3.926513 0.797432 -0.138881 0.587209 -0.525279 0.319150 0.788813 0.296959 0.937473 -0.181549
0.050984 -4.252430 -11.174373 3.336943 0.786661 -0.123715 0.604863 -0.571966 0.222786 0.789444 0.232421 0.966986 -0.104497
-0.126618 -4.087161 -4.847272 7.848551 0.789523 -0.143131 0.596798 -0.539920 0.300343 0.786308 0.291789 0.943031 -0.159849
0.691517 -1.576686 -8.402674 13.812463 0.549516 -0.220326 0.805909 -0.404972 0.773468 0.487590 -0.730774 -0.594309 0.335807
0.792172 -1.103518 -7.636695 12.537986 0.565778 -0.230221 0.791766 -0.349296 0.802900 0.483057 -0.746919 -0.549864 0.373848
0.699412 -1.523815 3.539090 15.272669 0.591350 -0.204010 0.780182 -0.387045 0.776951 0.496531 -0.707461 -0.595590 0.380489
0.695611 -2.024075 -1.869873 14.058004 0.574129 -0.217417 0.789371 -0.432283 0.738282 0.517756 -0.695347 -0.638490 0.329883
0.518478 -2.031261 11.345661 12.589527 0.603789 -0.194967 0.772934 -0.432083 0.734785 0.522872 -0.669883 -0.649676 0.359413
0.379785 -1.676066 15.586295 14.934524 0.624736 -0.210434 0.751946 -0.378477 0.760706 0.527334 -0.682979 -0.614039 0.395596
0.364048 -3.096262 5.620183 -13.253782 0.784180 -0.096122 0.613043 -0.439112 -0.784005 0.438767 -0.438454 0.613267 0.657010
0.075111 -3.618473 6.186152 -17.997706 0.764036 -0.154149 0.626487 -0.429479 -0.846144 0.315577 -0.481452 0.510175 0.712689
0.541073 -3.285367 15.876866 -18.359690 0.802483 -0.076032 0.591811 -0.387215 -0.820986 0.419579 -0.453967 0.565863 0.688268
-0.427351 -10.192190 -9.433824 70.132404 0.623047 -0.239642 0.744569 0.732136 0.513707 -0.447305 -0.275298 0.823818 0.495515
-0.296567 -8.414714 -7.601955 67.151746 0.671508 -0.211672 0.710121 0.734225 0.319337 -0.599114 -0.099952 0.923698 0.369853
-0.098026 -9.106345 -8.330612 63.583573 0.658933 -0.230516 0.716009 0.747077 0.311477 -0.587246 -0.087650 0.921870 0.377456
0.024256 -26.372059 21.062181 497.036916 0.957813 -0.142092 0.249808 0.190628 -0.336370 -0.922234 -0.215070 -0.930948 0.295093
-0.908417 -16.332970 22.787791 99.340597 0.953378 -0.159955 0.255900 0.226600 -0.180592 -0.957099 -0.199306 -0.970464 0.135926
-0.430869 -15.696433 41.880174 57.830303 0.958420 -0.123347 0.257326 0.247172 -0.091815 -0.964612 -0.142609 -0.988107 0.057510
-0.717931 -7.029806 15.558316 30.771043 0.913878 -0.293585 0.280418 0.253650 -0.126421 -0.958999 -0.316999 -0.947536 0.041065
-0.275390 -7.594263 6.190844 20.368034 0.914550 -0.309405 0.260512 0.206569 -0.196456 -0.958506 -0.347745 -0.930416 0.115755
-1.049606 -7.482425 15.480637 -30.551567 0.915252 -0.277007 0.292542 0.172295 -0.387250 -0.905733 -0.364181 -0.879377 0.306705
-2.288851 -7.004161 -0.354746 -43.044119 0.908368 -0.198295 0.368167 0.193446 -0.581290 -0.790367 -0.370738 -0.789165 0.489666
-1.745583 -8.253886 6.682179 -9.032378 0.878489 -0.200085 0.433846 0.286145 -0.506842 -0.813162 -0.382593 -0.838497 0.388001
-1.112982 -7.383038 21.238353 -58.154618 0.932599 -0.321024 0.164933 -0.021826 -0.506315 -0.862072 -0.360254 -0.800368 0.479195
0.673594 -8.038543 -2.463812 -9.858280 0.702154 -0.329834 0.631022 0.658703 -0.035596 -0.751561 -0.270352 -0.943367 -0.192269
0.870529 -7.727650 -2.808333 -14.949950 0.677483 -0.341425 0.651494 0.612701 -0.228102 -0.756682 -0.406957 -0.911811 -0.054656
0.842890 -8.224605 -1.422317 -22.318427 0.714045 -0.325195 0.619990 0.608252 -0.150333 -0.779378 -0.346655 -0.933621 -0.090456
1.841292 -1.501318 28.174038 5.763537 0.234905 0.928917 0.286238 -0.257497 0.343427 -0.903191 0.937291 -0.138459 -0.319866
1.857228 -1.495964 5.306187 4.931794 0.297527 0.930650 0.212997 -0.250867 0.291470 -0.923099 0.921164 -0.221213 -0.320189
2.234666 -3.355330 -63.537526 15.282779 -0.409361 0.612353 -0.676349 0.912036 0.294782 -0.285120 0.024781 -0.733572 -0.679160
0.264115 -3.758415 -8.753928 34.950459 -0.579189 0.551153 -0.600642 0.804254 0.506635 -0.310638 0.133097 -0.662987 -0.736704
3.522482 -2.538269 -139.977908 13.349655 -0.151209 0.652447 -0.742596 0.984661 0.165579 -0.055020 0.087061 -0.739525 -0.667475
-1.765251 -3.213316 -0.351645 0.228447 -0.734370 0.201477 -0.648158 0.394041 0.904083 -0.165423 0.552660 -0.376883 -0.743322
-1.895030 -3.145613 2.197762 0.128801 -0.772581 0.123064 -0.622876 0.283796 0.944513 -0.165394 0.567960 -0.304550 -0.764638
-1.866356 -3.017453 -1.354315 -0.634714 -0.706593 0.202904 -0.677906 0.361503 0.927066 -0.099321 0.608311 -0.315245 -0.728408
-1.719170 -3.163303 -4.656081 -0.017363 -0.638429 0.296761 -0.710169 0.479866 0.874870 -0.065806 0.601778 -0.382798 -0.700949
-1.768095 -2.938830 -7.808578 -1.418841 -0.606659 0.296270 -0.737692 0.447963 0.894003 -0.009346 0.656730 -0.336129 -0.675073
-0.910413 -7.642247 8.901139 -24.863298 0.606262 -0.393023 0.691361 -0.537369 0.438399 0.720445 0.586243 0.808294 -0.054586
-0.873327 -8.279027 8.313284 26.677066 0.601761 -0.394939 0.694195 0.651922 -0.259232 -0.712598 0.461391 0.881375 0.101474
-0.655518 -7.808536 2.941668 -17.808964 0.601003 -0.394930 0.694856 -0.561559 0.409979 0.718727 0.568723 0.822160 -0.024622
-0.171686 -2.062425 11.310452 -9.867771 0.805223 0.115919 0.581532 -0.182590 0.981525 0.057173 -0.564161 -0.152219 0.811512
0.103961 -2.254422 15.053359 -11.646691 0.772209 0.261002 0.579285 -0.266491 0.960708 -0.077612 -0.576780 -0.094442 0.811422
-0.305973 -2.621359 5.941466 -6.233084 0.800121 0.070165 0.595720 -0.125196 0.990797 0.051455 -0.586628 -0.115752 0.801542
-0.432696 -2.675002 5.422942 11.344272 0.819028 -0.072518 0.569153 -0.048021 0.979836 0.193948 -0.571741 -0.186180 0.799030
-0.312690 -2.209650 9.777658 8.432569 0.823969 -0.001486 0.566633 -0.105908 0.981970 0.156581 -0.556650 -0.189029 0.808956
1.810093 -11.169131 -20.362396 23.460233 0.677584 -0.478515 0.558483 0.504391 -0.250287 -0.826406 -0.535229 -0.841653 -0.071768
1.707023 -10.611238 -2.165665 -78.456029 0.704428 -0.418108 0.573557 0.591723 -0.100326 -0.799874 -0.391976 -0.902840 -0.176732
1.333368 -10.284445 -17.879798 -52.535189 0.659959 -0.483130 0.575360 0.618000 -0.086399 -0.781416 -0.427236 -0.871275 -0.241555
1.668029 -10.213437 9.556521 -6.599735 0.723411 -0.403698 0.560092 0.493646 -0.264722 -0.828394 -0.482690 -0.875757 -0.007781
1.156842 -11.326435 -24.908397 40.765647 0.633231 -0.520800 0.572526 0.542046 -0.229599 -0.808375 -0.552453 -0.822224 -0.136908
1.576605 -14.883670 -21.292827 191.511589 0.658150 -0.503388 0.559857 0.397253 -0.399490 -0.826195 -0.639553 -0.766165 0.062952
1.666060 -13.037093 -12.707684 184.495235 0.683565 -0.493616 0.537664 0.385342 -0.381548 -0.840198 -0.619879 -0.781515 0.070602
0.563631 -7.219319 -18.975557 -37.489346 0.718915 -0.356800 0.596536 0.667785 0.116314 -0.735210 -0.192938 -0.926911 -0.321886
0.985691 -7.799558 2.314237 -63.558293 0.842785 -0.256433 0.473239 0.466017 -0.092318 -0.879946 -0.269335 -0.962143 -0.041698
1.229982 -5.257940 -22.679466 -10.094055 0.814164 -0.300591 0.496772 0.542826 0.090351 -0.834971 -0.206101 -0.949464 -0.236729
0.920455 -5.456130 54.286391 9.053378 -0.677976 0.404836 -0.613560 0.722949 0.216185 -0.656207 -0.133013 -0.888466 -0.439244
0.632856 -6.267381 66.151582 84.953649 -0.654828 0.426674 -0.623819 0.755492 0.392237 -0.524768 0.020780 -0.814923 -0.579197
-2.929178 -4.175932 15.987086 4.608309 -0.537528 0.682351 0.495440 0.017266 0.596323 -0.802559 0.843069 0.422844 0.332321
-2.847674 -4.082095 10.480471 7.266004 -0.574713 0.663600 0.478895 -0.048781 0.556371 -0.829501 0.816900 0.500086 0.287382
-2.689610 -4.115245 -9.562931 -0.777263 0.592966 -0.605067 -0.531305 0.032174 0.677096 -0.735191 0.804584 0.418850 0.420962
-3.013763 -4.148604 -21.285898 -6.038543 0.540823 -0.628660 -0.558836 0.088349 0.703163 -0.705518 0.836484 0.332187 0.435828
-3.170045 -4.278301 11.259337 3.121647 -0.448343 0.738664 0.503353 0.067828 0.589613 -0.804833 0.891284 0.326700 0.314451
0.062351 -1.043742 -11.673370 -6.721672 -0.481137 0.832787 -0.273813 0.835909 0.529933 0.142926 -0.264129 0.160116 0.951104
0.262384 -1.004698 -6.654145 -5.378772 -0.482116 0.828451 -0.285014 0.831094 0.535403 0.150422 -0.277215 0.164352 0.946647
0.208069 -1.209808 -11.795663 -9.390784 -0.439287 0.856729 -0.270262 0.864268 0.485120 0.133037 -0.245086 0.175137 0.953551
-0.172440 -1.156510 -11.533364 -3.252138 -0.475697 0.833921 -0.279802 0.848982 0.518494 0.101949 -0.230093 0.189050 0.954629
-1.524039 -3.794958 27.832085 5.193111 0.591745 -0.464535 0.658821 -0.511255 0.415614 0.752252 0.623263 0.781967 -0.008441
-0.589793 -3.580470 47.088310 -3.392735 0.524667 -0.476094 0.705733 0.614442 -0.362003 -0.701009 0.589224 0.801429 0.102601
-0.789693 -3.666585 49.888177 2.462491 0.542371 -0.495641 0.678361 -0.520072 0.436063 0.734421 0.659817 0.751125 0.021261
-1.426052 -3.652764 33.794725 -4.850562 0.566537 -0.453320 0.688140 0.610997 -0.329243 -0.719918 0.552918 0.828312 0.090449
-1.422928 -3.822283 29.404935 4.829928 0.610335 -0.509938 0.606180 -0.390956 0.471633 0.790390 0.688944 0.719392 -0.088491
-2.057438 -3.889454 5.250158 5.474149 0.663457 -0.435624 0.608323 -0.473108 0.385616 0.792129 0.579650 0.813346 -0.049742
-1.960640 -3.942411 5.415950 4.079651 0.667901 -0.473680 0.574051 -0.355500 0.474586 0.805225 0.653856 0.741886 -0.148584
-0.451019 -1.464389 -8.203777 -3.100731 0.141593 0.986406 -0.083393 -0.597936 0.018083 -0.801340 0.788939 -0.163328 -0.592368
-0.930648 -1.533791 -13.589425 -1.481561 0.029729 0.976964 -0.211325 -0.610261 -0.149702 -0.777927 0.791642 -0.152091 -0.591753
-0.592672 -1.304664 -8.375024 -3.176065 0.077170 0.982506 -0.169490 -0.577845 -0.094459 -0.810662 0.812490 -0.160498 -0.560447
-0.263083 -1.232985 -7.198914 -5.438958 0.168581 0.983202 -0.069964 -0.564328 0.038077 -0.824672 0.808155 -0.178506 -0.561268
-0.168586 -1.390015 -6.889360 -5.590831 0.215364 0.976531 -0.002354 -0.582425 0.126513 -0.802979 0.783836 -0.174303 -0.596003
0.080324 -7.091678 0.868537 77.927446 0.553272 -0.340549 0.760208 -0.269328 0.790465 0.550117 -0.788260 -0.509109 0.345622
0.106334 -8.376348 4.185234 58.919670 0.561656 -0.345671 0.751701 -0.426838 0.657245 0.621160 -0.708768 -0.669732 0.221600
-0.052087 -8.150615 -1.809654 68.160262 0.553918 -0.352764 0.754143 -0.388884 0.691294 0.609001 -0.736168 -0.630611 0.245736
-0.005469 -6.449953 -1.658123 67.528846 0.539821 -0.336471 0.771609 -0.201979 0.838089 0.506766 -0.817189 -0.429412 0.384458
4.384359 -4.018597 126.222706 2.685744 0.615373 -0.383563 0.688618 -0.339375 0.659573 0.670662 -0.711435 -0.646408 0.275712
0.861104 -3.909066 36.419052 11.738154 0.559834 -0.338934 0.756115 -0.335879 0.741360 0.581008 -0.757477 -0.579231 0.301198
1.175743 -4.297782 47.312842 9.094987 0.561020 -0.295795 0.773150 -0.444464 0.680301 0.582788 -0.698361 -0.670594 0.250192
4.189125 -4.269093 128.175887 -1.753896 0.586693 -0.293723 0.754664 0.506006 -0.594616 -0.624811 -0.632257 -0.748437 0.200232
67.887334 -9.475464 1923.861884 26.730740 0.635181 -0.435895 0.637605 0.392988 -0.528280 -0.752649 -0.664910 -0.728640 0.164252
24.737431 -2.798938 -629.439263 -8.207247 -0.603515 0.662340 -0.443932 -0.132538 0.465681 0.874971 -0.786259 -0.586896 0.193260
-0.327157 -4.584917 -5.262278 2.365418 -0.700416 0.327192 -0.634321 0.424309 0.905516 -0.001443 0.573916 -0.270159 -0.773068
-0.207970 -4.578171 -4.560006 0.942369 -0.708502 0.293534 -0.641765 0.323419 0.943325 0.074411 0.627235 -0.154839 -0.763283
-0.213877 -4.694801 -6.795505 5.414074 -0.691749 0.319204 -0.647759 0.446729 0.893922 -0.036558 0.567376 -0.314662 -0.760968
0.020386 -4.502230 -3.602008 2.073084 -0.713984 0.286924 -0.638672 0.328916 0.942708 0.055810 0.618095 -0.170222 -0.767453
0.049110 -4.629043 -2.648018 5.334238 -0.701081 0.321613 -0.636436 0.459935 0.885995 -0.058929 0.544926 -0.334034 -0.769075
0.428029 -2.069617 -3.583938 -11.572283 0.558533 -0.350578 0.751755 0.806751 0.440307 -0.394058 -0.192855 0.826574 0.528756
0.334153 -1.928814 -1.436906 -11.076176 0.572600 -0.337662 0.747070 0.795198 0.450462 -0.405888 -0.199474 0.826480 0.526442
0.421565 -2.360691 -2.359292 -12.282871 0.598494 -0.326961 0.731370 0.788024 0.404709 -0.463928 -0.144305 0.853995 0.499869
0.542337 -2.437324 3.523826 -11.491387 0.566499 -0.374657 0.733969 0.813496 0.396432 -0.425519 -0.131545 0.838137 0.529360
0.113963 -7.603695 -3.095258 23.868611 -0.752457 0.458028 -0.473307 0.045337 0.752925 0.656543 0.657079 0.472562 -0.587309
0.194904 -7.248914 0.927261 5.232837 -0.762490 0.415855 -0.495655 -0.108450 0.673095 0.731561 0.637846 0.611561 -0.468129
0.184267 -6.911522 -4.821367 9.786906 -0.761514 0.422906 -0.491170 -0.068963 0.700634 0.710180 0.644470 0.574684 -0.504378
0.064934 -7.153494 -2.930431 29.133286 -0.765253 0.439124 -0.470700 0.069035 0.782972 0.618214 0.640018 0.440595 -0.629486
0.218283 -6.783492 -1.911409 11.084660 -0.769985 0.400170 -0.496977 -0.060877 0.729258 0.681525 0.635151 0.555019 -0.537157
0.306759 -7.081314 3.576524 -26.526048 0.762625 -0.391343 0.515029 -0.182894 0.633272 0.752008 0.620446 0.667696 -0.411375
-1.026485 -11.571782 -3.562745 5.114662 0.611148 -0.431826 0.663343 0.110819 0.876494 0.468485 -0.783720 -0.212802 0.583522
-0.361859 -11.172610 -16.267384 36.192232 0.578956 -0.440546 0.686097 0.168924 0.888018 0.427655 -0.797668 -0.131695 0.588542
-0.581017 -11.288604 -12.487700 -10.778822 0.601091 -0.405616 0.688596 -0.086068 0.823762 0.560365 -0.794532 -0.396097 0.460245
-0.779006 -11.016898 -4.270191 -46.141260 0.615183 -0.407842 0.674696 -0.148016 0.780830 0.606957 -0.774365 -0.473255 0.419986
-1.044087 -10.937424 1.673102 -47.863155 0.632908 -0.414655 0.653826 -0.117378 0.783337 0.610414 -0.765278 -0.463081 0.447109
0.651428 -1.642087 21.484846 6.590616 0.215278 -0.293933 0.931267 0.974300 -0.000086 -0.225253 0.066289 0.955826 0.286360
1.192759 -1.913960 23.274825 -5.786799 0.133823 -0.263673 0.955284 0.986347 -0.057915 -0.154160 0.095974 0.962872 0.252323
0.588965 -1.613757 32.762715 -2.958387 0.066179 -0.297113 0.952546 0.991684 -0.086017 -0.095728 0.110377 0.950960 0.288950
1.095673 -1.904594 7.475781 0.972981 0.257920 -0.248186 0.933746 0.963202 -0.009591 -0.268606 0.075620 0.968665 0.236580
0.713276 -1.837798 5.065144 6.100356 0.331267 -0.246914 0.910657 0.943389 0.069549 -0.324316 0.016743 0.966538 0.255975
-0.045168 -18.451516 -0.219173 96.390160 0.803378 -0.589248 0.085847 0.595466 0.795445 -0.112637 0.001916 -0.141609 -0.989921
-0.094849 -18.120729 2.709542 86.747973 -0.834824 0.547906 -0.053558 0.529886 0.826109 0.191741 0.149301 0.131691 -0.979983
-0.049433 -16.697908 -1.445097 90.200686 -0.822255 0.563639 -0.078785 0.550234 0.822682 0.142954 0.145389 0.074194 -0.986589
-0.061861 -17.000629 -2.123055 30.026842 0.798135 -0.596954 0.081396 0.597570 0.767166 -0.233167 -0.076746 -0.234739 -0.969024
-25.729963 -181.056748 571.502100 -4879.572297 0.901933 -0.411102 0.132332 0.320364 0.431381 -0.843372 -0.289626 -0.803060 -0.520779
-28.138629 -465.049999 582.326795 11048.431317 0.928874 -0.368352 0.038848 0.286758 0.781550 0.554030 0.234440 0.503484 -0.831590
-12.460156 -310.271880 228.133841 6650.539865 0.879095 -0.438980 0.185713 0.448034 0.628058 -0.636246 -0.162660 -0.642526 -0.748801
-74.466330 -114.942231 767.500748 2308.169343 0.729182 -0.197329 0.655252 0.565386 -0.365724 -0.739314 -0.385529 -0.909564 0.155113
-1.675047 -3.285387 -8.439093 18.793936 -0.564442 0.338921 -0.752687 0.087117 0.931191 0.353969 0.820863 0.134223 -0.555129
-1.414488 -2.638651 -15.239702 25.910596 -0.548316 0.223494 -0.805854 -0.062096 0.950086 0.305746 0.833963 0.217685 -0.507069
-1.382053 -3.004533 -13.562061 20.348616 -0.525695 0.162984 -0.834914 -0.036499 0.976249 0.213555 0.849890 0.142738 -0.507260
-1.645977 -3.460601 -7.874577 9.435472 -0.526446 0.255352 -0.810956 0.136353 0.966843 0.215921 0.839203 0.003094 -0.543809
-1.095148 -5.948982 -4.683841 -2.851834 0.561555 -0.192506 0.804734 0.630852 -0.529724 -0.566937 0.535426 0.826035 -0.176027
-1.144018 -6.245254 0.065573 2.631705 0.579291 -0.194443 0.791590 -0.553113 0.619566 0.556960 0.598739 0.760480 -0.251360
-1.065958 -5.957098 -1.298375 -2.715789 0.576865 -0.183896 0.795870 0.675609 -0.440208 -0.591413 0.459106 0.878863 -0.129699
-1.185955 -6.128990 -7.780509 6.998524 0.563076 -0.197375 0.802489 -0.515479 0.675111 0.527737 0.645932 0.710822 -0.278396
-1.034090 -5.705005 -2.918047 -0.265776 0.556297 -0.196709 0.807365 0.707693 -0.397093 -0.584369 0.435550 0.896450 -0.081692
-0.264670 -1.979291 -2.217140 9.688333 0.686781 -0.330645 0.647307 -0.334061 0.647339 0.685095 0.645551 0.686750 -0.334124
-0.293357 -1.876715 2.910241 8.909381 0.711432 -0.393097 0.582529 -0.284366 0.596999 0.750152 0.642651 0.699333 -0.312941
-0.124504 -1.687728 0.269515 6.474902 0.678257 -0.318704 0.662115 -0.380668 0.618329 0.687576 0.628538 0.718399 -0.298066
1.617643 -35.749636 -12.750321 -647.650881 0.647893 -0.138993 0.748943 0.601490 0.696627 -0.391051 0.467381 -0.703841 -0.534942
1.094446 -40.956457 6.547037 -1113.904369 -0.634811 0.247147 -0.732074 0.772665 0.200640 -0.602273 -0.001967 -0.947978 -0.318330
1.198086 -41.186331 -9.744703 -1016.971396 -0.564290 0.194371 -0.802369 0.824409 0.184338 -0.535135 0.043892 -0.963452 -0.264262
2.233204 -51.704747 -14.602544 -1281.102547 -0.628743 0.111171 -0.769625 0.646772 0.624226 -0.438210 0.431704 -0.773294 -0.464380
0.851225 -20.892658 16.194489 -634.671307 -0.638610 0.187794 -0.746265 0.755019 -0.034537 -0.654793 -0.148740 -0.981601 -0.119732
1.764949 -54.663650 -20.625986 -1496.415373 -0.515640 0.176493 -0.838431 0.856648 0.087444 -0.508436 -0.016420 -0.980410 -0.196283
2.083540 -47.868789 2.548815 -1174.271530 -0.617875 0.197744 -0.761004 0.675596 0.628656 -0.385177 0.402244 -0.752123 -0.522026
0.321329 -3.875640 -7.416169 -35.692359 -0.590668 0.784342 0.189522 0.610200 0.587859 -0.531110 0.527984 0.198064 0.825835
-0.319344 -3.870499 4.219643 -42.970906 0.728388 -0.590159 -0.348085 0.458144 0.797266 -0.393028 0.509465 0.126803 0.851097
0.229207 -2.914768 -4.079663 6.802161 0.691101 -0.682699 -0.237279 0.555513 0.711761 -0.429887 0.462369 0.165284 0.871146
0.338264 -3.628099 8.936039 1.333767 -0.690443 0.695347 0.199449 0.555823 0.686411 -0.468936 0.462977 0.212915 0.860418
0.618232 -79.928286 -1.584872 -2014.461774 -0.558313 0.583603 0.589656 0.823584 0.475538 0.309150 -0.099983 0.658233 -0.746145
0.243960 -33.918939 -24.772149 -59.441364 -0.514699 0.667687 0.537847 0.834534 0.246327 0.492825 0.196567 0.702508 -0.683992
2.335322 -294.550999 -87.219852 -7822.306334 -0.445350 0.659699 0.605360 0.814368 0.579446 -0.032346 -0.372112 0.478581 -0.795294
-0.068311 -39.112725 -2.650871 -861.486971 -0.496790 0.603138 0.624038 0.691289 0.709734 -0.135637 -0.524709 0.364008 -0.769532
-3.872524 -5.409302 27.827272 -23.121832 0.727107 -0.330365 0.601809 0.151517 0.932210 0.328675 -0.669595 -0.147798 0.727873
-2.938067 -5.206425 -9.521316 -21.952265 0.710517 -0.518930 0.475265 0.320026 0.839807 0.438529 -0.626697 -0.159485 0.762768
-2.924612 -4.609743 -8.130108 -25.965527 0.706497 -0.620126 0.341035 0.370786 0.734788 0.567983 -0.602809 -0.274828 0.749060
-2.795174 -4.048722 0.261745 -15.286106 -0.613965 0.776973 -0.139139 0.488929 0.512733 0.705729 -0.619673 -0.365264 0.694685
3.953817 -6.101517 30.816960 -11.820399 -0.280372 -0.203392 -0.938096 0.907829 -0.373670 -0.190309 -0.311831 -0.904988 0.289411
4.235449 -6.858791 25.666307 -37.395020 -0.288503 -0.202567 -0.935806 0.941530 -0.237669 -0.238821 -0.174035 -0.949989 0.259291
3.396264 -6.542933 26.776593 -11.414675 -0.297617 -0.102780 -0.949137 0.924771 -0.277961 -0.259877 -0.237113 -0.955078 0.177774
2.833867 -6.289877 26.424090 -2.058780 -0.296222 -0.081582 -0.951628 0.860685 -0.454768 -0.228927 -0.414093 -0.886866 0.204929
-3.594116 -4.716904 -8.253167 -1.665860 -0.161199 -0.206414 -0.965095 0.844363 0.477422 -0.243144 0.510946 -0.854085 0.097328
2.124394 -5.119102 -21.734410 61.907663 -0.477292 0.863561 0.162652 0.648475 0.221223 0.728382 -0.593019 -0.453126 0.665586
2.477795 -4.873491 6.297917 40.718600 -0.289709 0.928121 0.233794 0.666917 0.020547 0.744849 -0.686506 -0.371711 0.624932
2.961655 -5.151174 3.523280 3.821419 -0.227422 0.909101 0.349019 0.532651 -0.183909 0.826112 -0.815207 -0.373782 0.442409
4.625518 -5.801088 -22.381096 -0.422987 -0.372282 0.852527 0.366883 0.443275 -0.183976 0.877303 -0.815422 -0.489234 0.309413
2.172458 -0.843006 29.290844 0.279526 0.160896 0.953711 0.254063 -0.446786 0.299912 -0.842873 0.880054 -0.022103 -0.474359
2.268549 -0.765283 30.569698 -4.574170 0.176256 0.947622 0.266357 -0.409269 0.316645 -0.855707 0.895228 -0.041812 -0.443643
1.418674 -0.813804 34.086086 0.074362 0.157543 0.929004 0.334860 -0.390492 0.370063 -0.842953 0.907026 -0.002041 -0.421069
-1.046458 -1.967433 -5.918823 19.819424 -0.460403 0.339045 -0.820413 0.412571 0.900037 0.140422 0.786012 -0.273828 -0.554260
-0.372302 -4.684314 2.129805 -11.253429 0.669494 -0.303683 0.677904 0.268615 0.949830 0.160216 -0.692548 0.074831 0.717480
-0.519153 -4.687364 -7.901535 -20.693388 0.629338 -0.332310 0.702498 0.265101 0.941542 0.207895 -0.730517 0.055397 0.680644
-0.685712 -5.402302 -7.856815 16.759206 0.617952 -0.380385 0.688072 0.239787 0.924657 0.295825 -0.748758 -0.017815 0.662604
-0.217569 -4.186527 3.177120 10.837873 0.782026 -0.182337 0.595977 -0.505580 0.373582 0.777706 0.364451 0.909500 -0.199965
-0.303697 -4.403122 3.556855 3.936101 0.786078 -0.174011 0.593129 -0.439698 0.517012 0.734415 0.434451 0.838104 -0.329899
-0.199328 -4.200764 -5.078801 1.325660 0.789294 -0.149336 0.595578 -0.486791 0.438991 0.755196 0.374232 0.885994 -0.273798
-0.405883 -4.266836 -5.866833 9.371519 0.791718 -0.161391 0.589182 -0.472990 0.448423 0.758418 0.386605 0.879130 -0.278687
-0.355641 -4.006546 5.803233 12.122353 0.776797 -0.189085 0.600693 -0.535438 0.303802 0.788042 0.331499 0.933783 -0.134749
-0.267867 -4.085680 -0.221934 2.381339 0.773224 -0.166676 0.611836 -0.566262 0.252805 0.784498 0.285432 0.953052 -0.101093
0.730103 -6.004328 -7.389526 -7.776949 0.609165 -0.486676 0.626150 -0.139847 0.711257 0.688880 -0.780615 -0.507207 0.365213
0.817952 -6.715613 1.635667 -15.852371 0.650705 -0.450565 0.611206 -0.009321 0.800128 0.599756 -0.759273 -0.395962 0.516448
0.716838 -5.959290 -1.654797 -28.738349 0.645216 -0.470189 0.602178 -0.195366 0.660446 0.725013 -0.738599 -0.585435 0.334271
0.801847 -6.439626 -6.062547 -8.966797 0.611238 -0.469331 0.637273 0.013119 0.811097 0.584764 -0.791338 -0.349070 0.501930
0.614922 -5.558426 -4.791060 -19.748934 0.611178 -0.473777 0.634033 -0.308871 0.594780 0.742183 -0.728739 -0.649439 0.217181
0.552940 -5.744392 -3.825101 -12.874945 0.605411 -0.474341 0.639123 -0.243286 0.654285 0.716047 -0.757819 -0.588992 0.280711
0.674156 -6.019077 -3.549285 -3.366614 0.616739 -0.475509 0.627314 -0.092078 0.747876 0.657422 -0.781764 -0.463220 0.417461
-1.084366 -6.396181 1.932447 -2.135495 -0.625031 0.394245 -0.673726 0.767514 0.153009 -0.622504 -0.142333 -0.906178 -0.398224
-1.017968 -6.248632 -0.941026 -14.442170 -0.609735 0.394281 -0.687580 0.729824 -0.059083 -0.681077 -0.309160 -0.917089 -0.251731
-0.992164 -6.471247 7.820235 -2.034399 -0.627092 0.423756 -0.653595 0.756883 0.133198 -0.639833 -0.184075 -0.895929 -0.404261
-1.142136 -6.159941 2.057501 -11.981329 -0.613904 0.367309 -0.698717 0.744648 -0.024266 -0.667016 -0.261956 -0.929782 -0.258619
-1.053169 -6.456593 8.234580 5.623566 -0.650277 0.417863 -0.634452 0.759429 0.335362 -0.557495 -0.020185 -0.844348 -0.535415
-1.183368 -6.268608 -4.562889 -6.353257 -0.624926 0.355036 -0.695282 0.773714 0.162925 -0.612227 -0.104083 -0.920546 -0.376513
-1.131512 -6.443598 -2.635339 3.078643 -0.642144 0.380230 -0.665640 0.765976 0.352820 -0.537400 0.030516 -0.854952 -0.517808
8.813020 -2.539790 197.772065 -3.791583 0.868920 0.076646 0.488982 -0.398330 -0.478119 0.782774 -0.293789 0.874944 0.384917
1.262047 -4.007674 14.625867 -13.810365 0.663909 -0.139957 0.734600 0.665199 0.559338 -0.494621 -0.341664 0.817039 0.464449
1.344427 -1.710181 4.775389 4.942043 0.298537 0.924579 0.236707 -0.185382 0.299469 -0.935923 0.936221 -0.235526 -0.260803
0.928076 -1.581849 -5.879230 -3.573496 0.332394 0.933017 0.137817 -0.154777 0.198107 -0.967883 0.930354 -0.300387 -0.210260
1.020013 -1.777668 8.168861 2.716165 0.287840 0.901329 0.323658 -0.107096 0.366136 -0.924378 0.951672 -0.231410 -0.201917
0.567915 -1.507825 1.118656 -5.703442 0.314792 0.901718 0.296330 -0.072401 0.334104 -0.939751 0.946395 -0.274371 -0.170459
1.505315 -4.813191 -6.112924 -21.398325 0.488556 -0.291837 0.822280 0.829128 0.448816 -0.333334 -0.271773 0.844627 0.461242
0.307780 -4.319936 -6.742487 2.370448 0.786801 -0.149425 0.598845 -0.576763 0.167439 0.799568 0.219745 0.974493 -0.045559
0.109658 -4.179805 -10.647069 -2.622596 0.771025 -0.127255 0.623960 -0.612129 0.122008 0.781289 0.175551 0.984337 -0.016175
0.399239 -4.413627 -3.976171 3.708183 0.794389 -0.170197 0.583077 -0.548996 0.209561 0.809128 0.259901 0.962869 -0.073035
0.409921 -4.175091 -5.624147 0.911214 0.776689 -0.152261 0.611204 -0.611960 0.047425 0.789465 0.149191 0.987202 0.056343
0.604064 -4.282982 -8.626104 5.612503 0.796042 -0.149834 0.586402 -0.583693 0.066174 0.809273 0.160061 0.986494 0.034780
0.555980 -1.261982 -8.130937 10.723708 0.543670 -0.244127 0.803010 -0.364256 0.793328 0.487799 -0.756135 -0.557703 0.342383
0.536675 -1.052838 -12.909489 2.621780 0.559561 -0.293970 0.774902 -0.308502 0.793914 0.523953 -0.769232 -0.532243 0.353553
-0.001237 -7.384179 -8.615611 -17.540589 0.729796 -0.192628 0.655967 -0.682957 -0.161748 0.712325 0.031112 0.967849 0.249600
-0.183452 -7.093723 -3.545843 -59.537197 0.720153 -0.206265 0.662446 -0.693274 -0.251620 0.675321 -0.027389 0.945591 0.324203
-3.848596 -6.893720 1.788046 -28.151074 0.761883 0.370182 0.531506 0.633646 -0.596069 -0.493147 -0.134260 -0.712508 0.688699
-3.707428 -7.263472 7.810989 2.500863 0.758792 0.356158 0.545331 0.651238 -0.400546 -0.644556 0.011134 -0.844224 0.535875
-3.637328 -7.173336 22.098254 -12.622173 0.780238 0.436007 0.448471 0.622851 -0.475896 -0.620950 0.057313 -0.763819 0.642880
-3.377052 -7.200818 21.203120 16.587437 0.790062 0.437646 0.429264 0.573893 -0.281847 -0.768901 0.215520 -0.853831 0.473838
-3.557759 -6.837860 20.664356 -28.001188 0.767894 0.462463 0.443245 0.639670 -0.590413 -0.492174 -0.034086 -0.661468 0.749199
2.529007 -2.316804 -113.621141 12.293986 -0.026436 0.706015 -0.707703 0.985235 0.138197 0.101065 0.169156 -0.694582 -0.699244
-0.038380 -2.823889 -12.122690 19.775123 -0.464155 0.612755 -0.639603 0.860627 0.482763 -0.162053 0.209478 -0.625677 -0.751430
-0.437376 -3.206250 13.976629 21.688553 -0.672762 0.493429 -0.551288 0.717400 0.617257 -0.323002 0.180908 -0.612798 -0.769254
1.978785 -1.454607 40.329055 2.601097 0.146530 0.968364 0.201990 -0.616076 0.249094 -0.747264 0.773938 0.014945 -0.633085
2.560012 -1.388245 36.435785 8.488831 0.196857 0.960133 0.198475 -0.641763 0.279231 -0.714262 0.741207 -0.013234 -0.671146
2.770428 -1.438411 30.921013 -0.327294 0.214766 0.957353 0.193262 -0.589320 0.284824 -0.756027 0.778831 -0.048475 -0.625358
-1.686473 -3.295774 5.823466 1.700810 -0.815783 0.097396 -0.570099 0.269910 0.935906 -0.226336 0.511515 -0.338516 -0.789785
-0.821338 -8.303467 8.768500 -1.191885 0.594886 -0.394017 0.700614 0.751165 -0.037744 -0.659035 0.286115 0.918328 0.273519
-0.998876 -8.564615 10.984918 19.449605 0.602079 -0.379826 0.702305 0.711342 -0.144307 -0.687872 0.362619 0.913733 0.183302
-0.924283 -8.206730 8.452220 -28.192622 0.599955 -0.377054 0.705609 0.786777 0.118183 -0.605817 0.145035 0.918620 0.367562
0.228567 -2.699909 10.229798 -8.439335 0.759383 0.273714 0.590270 -0.225682 0.961693 -0.155608 -0.610251 -0.015047 0.792065
1.714985 -9.846550 3.092234 -96.111202 0.718948 -0.392014 0.573968 0.560538 -0.161273 -0.812273 -0.410988 -0.905713 -0.103792
1.650381 -10.148824 -2.148885 -26.375078 0.716625 -0.391367 0.577304 0.658097 0.105292 -0.745535 -0.230993 -0.914191 -0.333012
0.895018 -9.381677 -9.293923 -89.031261 0.797715 -0.316458 0.513328 0.486603 -0.164995 -0.857901 -0.356186 -0.934147 -0.022370
2.293949 -7.826890 -27.620167 8.587991 0.878513 -0.331452 0.344028 0.266415 -0.257838 -0.928732 -0.396533 -0.907557 0.138210
1.403866 -5.368891 -3.624115 -10.744588 0.933830 -0.191740 0.301988 0.304122 -0.018929 -0.952445 -0.188338 -0.981263 -0.040636
1.967179 -6.449019 -7.310576 -42.780249 0.945011 -0.200930 0.258035 0.222799 -0.182040 -0.957717 -0.239407 -0.962543 0.127263
1.518737 -9.808630 14.479055 -181.624407 0.737237 -0.110913 -0.666468 0.523563 0.717268 0.459791 -0.427039 0.687913 -0.586867
1.130054 -16.384384 16.630545 -370.439044 0.793248 -0.127257 -0.595453 0.521729 0.646248 0.556923 -0.313938 0.752442 -0.579028
1.359446 -14.837747 6.331240 -280.862323 0.773545 -0.056265 -0.631239 0.549599 0.555503 0.623985 -0.315547 0.829609 -0.460630
1.303580 -11.824147 0.608141 -143.377018 0.711108 -0.045185 -0.701629 0.594124 0.572237 0.565298 -0.375956 0.818842 -0.433768
0.870109 -1.274509 6.451658 7.221800 0.780390 -0.004666 0.625275 -0.192824 0.949443 0.247745 -0.594819 -0.313906 0.740036
0.846365 -1.408216 11.755768 9.935188 0.798545 0.014024 0.601771 -0.183645 0.957741 0.221376 -0.573236 -0.287291 0.767375
0.575160 -1.670627 9.834488 13.429221 0.823775 -0.095682 0.558784 -0.097761 0.946914 0.306264 -0.558424 -0.306920 0.770690
0.923501 -1.122784 4.215067 0.633717 0.737328 0.052122 0.673522 -0.273356 0.934765 0.226914 -0.617758 -0.351421 0.703476
1.067712 -1.093349 -1.979582 0.187744 0.711565 0.091035 0.696698 -0.283178 0.944629 0.165790 -0.643028 -0.315260 0.697944
-2.756551 -3.987217 3.266253 3.306812 -0.606495 0.630502 0.484388 -0.118853 0.530486 -0.839320 0.786154 0.566614 0.246800
-3.033591 -4.033385 7.041222 2.504878 -0.531090 0.743679 0.406060 -0.094145 0.424472 -0.900533 0.842069 0.516493 0.155419
-3.371429 -4.013575 15.603101 3.385073 -0.466746 0.833784 0.294876 -0.112892 0.274525 -0.954930 0.877157 0.478999 0.034006
-3.113816 -3.824460 5.978956 4.161083 -0.534319 0.778770 0.328665 -0.160955 0.287972 -0.944016 0.829817 0.557306 0.028522
2.679335 -5.218452 33.917118 -53.206408 -0.537787 0.115723 -0.835101 -0.428317 0.815680 0.388859 0.726175 0.566811 -0.389095
3.346332 -6.092676 39.192515 -41.121590 -0.459503 0.110661 -0.881255 -0.556240 0.737675 0.382666 0.692426 0.666026 -0.277410
2.477216 -5.046477 -12.158986 -6.712021 0.465476 -0.061562 0.882917 0.642351 -0.662772 -0.384862 0.608866 0.746286 -0.268960
0.147274 -0.923680 -5.777414 -3.274387 -0.496337 0.820549 -0.283459 0.818067 0.551358 0.163618 -0.290544 0.150679 0.944923
0.279465 -0.894544 -0.752019 1.308854 -0.486211 0.822341 -0.295558 0.821685 0.545348 0.165619 -0.297378 0.162329 0.940859
0.268647 -0.996691 2.239279 -0.318781 -0.484114 0.819923 -0.305547 0.824737 0.544231 0.153692 -0.292304 0.177591 0.939691
-1.341799 -1.727470 -10.471154 6.624521 -0.279961 0.800546 -0.529856 -0.550950 -0.585968 -0.594218 0.786178 -0.125566 -0.605109
-1.205386 -1.739186 -14.655148 -0.618496 -0.066156 0.950371 -0.304005 -0.638678 -0.274414 -0.718879 0.766625 -0.146602 -0.625135
-1.583280 -2.039122 -7.264585 -9.198475 -0.437196 0.658645 -0.612411 0.469758 0.747903 0.469009 0.766934 -0.082636 -0.636384
-1.064133 -1.892080 -18.451976 -7.397514 0.058157 0.985090 -0.161910 -0.679161 -0.079828 -0.729636 0.731682 -0.152396 -0.664392
-0.294638 -3.669568 3.133551 -29.876516 0.745798 -0.158274 0.647097 -0.534717 0.437117 0.723192 0.397320 0.885369 -0.241369
-0.206994 -3.665421 -0.698739 -3.611119 0.739606 -0.134407 0.659483 -0.544662 0.456096 0.703790 0.395381 0.879722 -0.264125
-0.268813 -3.354691 0.661478 -0.864673 0.764614 -0.156018 0.625319 -0.553419 0.338302 0.761104 0.330292 0.928014 -0.172327
0.341391 -3.849684 -4.584269 4.444655 -0.735031 0.170074 -0.656357 -0.150922 0.902706 0.402919 0.661024 0.395217 -0.637849
0.208229 -4.050320 -9.861665 4.874769 -0.720417 0.190286 -0.666926 -0.049980 0.944880 0.323580 0.691738 0.266446 -0.671197
0.131010 -3.909328 -11.069755 4.074871 -0.712700 0.153674 -0.684429 -0.192506 0.895399 0.401500 0.674537 0.417906 -0.608568
-0.653722 -9.333417 15.406445 -40.562050 0.635100 -0.233403 0.736323 -0.626835 -0.712758 0.314729 -0.451361 0.661437 0.598978
-0.995860 -8.416495 11.164644 56.270332 0.583602 -0.236677 0.776783 0.729506 0.572992 -0.373498 -0.356693 0.784642 0.507057
