16981
33942
-11.576822 -13.867057 -194.658243 450.653332 -0.022048 0.437664 0.898868 0.020236 0.899098 -0.437280 -0.999552 0.008548 -0.028679
-11.792391 -15.886779 -280.917945 342.941375 -0.062208 0.349172 0.934992 -0.107716 0.928985 -0.354095 -0.992234 -0.122741 -0.020179
-14.320409 -20.299297 -20.881469 -961.985889 -0.105678 0.870960 0.479854 0.105604 -0.469998 0.876328 -0.988777 -0.143283 0.042308
-8.802780 -13.903557 46.788011 242.119653 -0.076304 -0.001564 0.997083 -0.067493 0.997713 -0.003600 -0.994798 -0.067571 -0.076235
-12.710898 -21.775359 174.021107 -1485.895748 -0.003866 0.949250 0.314498 0.015797 -0.314403 0.949158 -0.999868 -0.008638 0.013780
-8.867267 -14.957166 329.191949 -890.899801 0.079800 0.831243 0.550152 -0.086633 -0.544040 0.834575 -0.993039 0.114260 -0.028599
-7.622873 -10.779439 -73.436864 320.025529 -0.035899 -0.022415 0.999104 0.120076 0.992409 0.026579 -0.992115 0.120923 -0.032935
-7.547993 -12.087498 45.601138 250.799562 -0.064612 -0.096418 0.993242 0.038604 0.994335 0.099035 -0.997164 0.044742 -0.060524
2.140465 -16.443238 -54.128467 -198.960460 0.345572 0.806421 0.479860 -0.011993 -0.507527 0.861553 -0.938315 0.303484 0.165716
3.575866 -17.030239 -248.741887 -591.438727 0.368496 0.832444 0.413821 0.037725 -0.458170 0.888064 -0.928864 0.311636 0.200238
3.524565 -20.057116 2.647088 -699.715382 0.364253 0.806106 0.466382 0.104898 -0.533112 0.839517 -0.925374 0.256874 0.278746
2.932519 -13.913349 -272.166829 189.926238 0.355630 0.808609 0.468700 -0.053967 -0.482881 0.874022 -0.933067 0.336122 0.128089
4.810369 -17.352084 302.476088 -304.024162 0.353125 0.780467 0.515920 0.034059 -0.561805 0.826568 -0.934956 0.274311 0.224969
2.290633 -15.682138 135.656101 -45.836213 0.356716 0.778434 0.516522 -0.099814 -0.517973 0.849554 -0.928866 0.354605 0.107071
1.701453 -15.270302 -93.240804 307.554510 0.356379 0.781912 0.511475 -0.138133 -0.497311 0.856505 -0.924074 0.375892 0.069224
6.590556 -22.303435 -713.231283 -432.271661 -0.393437 -0.114838 0.912151 0.434209 0.851323 0.294467 -0.810352 0.511919 -0.285078
11.358271 -22.773484 -614.218908 -470.969674 -0.413695 -0.293906 0.861671 0.383690 0.802015 0.457770 -0.825614 0.519991 -0.219021
6.880193 -19.844891 -483.660307 -759.808835 -0.394878 -0.231762 0.889021 0.235238 0.909896 0.341690 -0.888107 0.344058 -0.304778
2.267188 -18.236669 -466.156277 -779.787602 -0.410510 -0.117112 0.904304 0.237672 0.943697 0.230105 -0.880337 0.309388 -0.359562
2.955499 -13.541619 -419.368035 -642.233320 -0.412639 -0.205120 0.887499 0.107518 0.956537 0.271066 -0.904527 0.207275 -0.372651
-0.152124 -12.186375 88.303667 13.807183 0.050000 0.384444 0.921793 0.783684 -0.587256 0.202413 0.619145 0.712274 -0.330645
0.202156 -12.319987 118.289271 -17.830567 0.052678 0.377630 0.924457 0.844571 -0.510811 0.160534 0.532846 0.772313 -0.345844
0.426890 -12.096498 75.350785 58.401852 0.060747 0.377024 0.924209 0.778090 -0.597851 0.192745 0.625209 0.707409 -0.329676
0.010583 -11.333024 -103.260607 -106.846068 -0.033285 -0.394347 -0.918359 -0.691149 0.672822 -0.263863 0.721946 0.625940 -0.294947
-0.518732 -11.701660 1.809394 20.359335 0.042071 0.413967 0.909319 0.758181 -0.605958 0.240784 0.650686 0.679298 -0.339355
0.385779 -11.464149 -68.904958 -128.489525 -0.061847 -0.377292 -0.924027 -0.698378 0.677768 -0.229997 0.713052 0.631095 -0.305411
0.125250 -12.228578 -267.019030 -25.235331 -0.249727 0.967671 0.035331 0.494753 0.158876 -0.854387 0.832380 0.195884 0.518434
1.192831 -12.318583 349.847047 -136.391303 -0.448698 0.845050 0.290794 0.462046 0.497883 -0.733911 0.764973 0.194945 0.613851
4.588728 -11.139563 -636.257449 -211.793922 -0.169515 0.985504 -0.006878 0.621369 0.101458 -0.776922 0.764961 0.135974 0.629560
11.315283 -12.294265 -1370.027698 -2.673375 -0.001037 0.979414 -0.201857 0.580056 -0.163839 -0.797929 0.814576 0.117916 0.567946
20.831198 -10.686366 -2409.487744 -225.099372 0.038610 0.986234 -0.160784 0.704747 -0.140946 -0.695317 0.708407 0.086466 0.700488
-1.237527 -12.706236 33.500347 39.263599 -0.259908 -0.676130 -0.689417 0.965451 -0.168067 -0.199145 0.018780 -0.717357 0.696452
-1.121643 -13.066594 26.117781 9.479596 -0.225718 -0.688339 -0.689378 0.973264 -0.190231 -0.128725 -0.042534 -0.700002 0.712873
-0.591596 -12.997395 49.229112 2.979470 -0.264765 -0.674203 -0.689456 0.957625 -0.267889 -0.105785 -0.113377 -0.688248 0.716561
-0.425832 -12.549458 69.922252 81.235504 -0.309499 -0.661266 -0.683329 0.950789 -0.226180 -0.211761 -0.014525 -0.715241 0.698727
1.932498 -25.777353 -68.276992 428.997110 0.177422 0.515613 0.838251 0.380510 0.749581 -0.541610 -0.907598 0.415057 -0.063204
1.032120 -27.834762 -93.716586 377.365966 0.190592 0.561008 0.805571 0.157227 0.792575 -0.589155 -0.968997 0.238946 0.062853
0.756669 -29.210051 -81.309343 596.691812 0.188049 0.568175 0.801133 0.260071 0.757763 -0.598463 -0.947101 0.320892 -0.005269
1.011410 -27.517214 -59.468540 432.474436 0.177583 0.539353 0.823142 0.371310 0.737892 -0.563600 -0.911369 0.405726 -0.069230
-3.451397 -21.792066 23.638268 90.519350 -0.234638 -0.489518 -0.839832 0.254580 0.802852 -0.539090 0.938155 -0.340295 -0.063758
-2.851356 -22.094690 44.756622 56.512819 -0.283484 -0.498449 -0.819259 0.224970 0.795898 -0.562081 0.932215 -0.343650 -0.113488
-3.575914 -21.291061 -32.384970 86.032661 -0.240587 -0.501228 -0.831197 0.071079 0.844953 -0.530097 0.968022 -0.186615 -0.167657
-3.390073 -21.317491 27.737498 97.866041 -0.283087 -0.515164 -0.808992 0.022714 0.839658 -0.542640 0.958825 -0.171989 -0.225995
-3.990934 -21.166443 82.880603 87.378419 -0.227776 -0.485770 -0.843887 0.091891 0.852077 -0.515287 0.969368 -0.194916 -0.149445
-4.248399 -21.080091 -0.712125 34.207680 -0.215902 -0.500697 -0.838265 -0.085665 0.864916 -0.494552 0.972650 -0.034964 -0.229629
-3.913249 -20.940750 -43.936800 38.840686 -0.245619 -0.514538 -0.821536 -0.108665 0.856771 -0.504118 0.963257 -0.034549 -0.266351
4.077205 -20.781253 -89.496631 -501.908267 -0.339319 -0.664233 -0.666076 0.919296 -0.384249 -0.085130 -0.199393 -0.641207 0.741010
3.031954 -20.266783 -145.472885 -620.103160 -0.313829 -0.706017 -0.634864 0.931030 -0.359995 -0.059889 -0.186265 -0.609872 0.770299
4.290227 -24.795752 -157.905438 -616.652159 -0.308765 -0.703314 -0.640323 0.950813 -0.245854 -0.188444 -0.024890 -0.667012 0.744631
3.418975 -16.158480 -81.890918 -357.863542 -0.381739 -0.657625 -0.649464 0.857650 -0.513975 0.016328 -0.344546 -0.550780 0.760217
4.700324 -24.900513 -59.238351 -572.092072 -0.341344 -0.658214 -0.670998 0.939013 -0.270472 -0.212366 -0.041704 -0.702566 0.710395
5.022192 -23.464967 -74.436628 -565.107431 -0.359735 -0.632914 -0.685573 0.925971 -0.332531 -0.178888 -0.114754 -0.699173 0.705683
3.973457 -17.013040 -68.681192 -305.344588 -0.356988 -0.644590 -0.676065 0.865771 -0.500057 0.019615 -0.350714 -0.578314 0.736581
4.832699 -19.725499 -115.157641 -432.110764 -0.352320 -0.628629 -0.693322 0.892557 -0.448485 -0.046926 -0.281446 -0.635363 0.719098
2.217766 -1.569503 14.547048 44.399032 0.137357 0.768003 0.625543 -0.130488 -0.611995 0.780022 -0.981889 0.188768 -0.016154
2.618117 -2.138699 33.154177 51.676670 0.150093 0.858264 0.490769 -0.128898 -0.475169 0.870402 -0.980233 0.193901 -0.039309
2.219758 -2.336870 -23.287878 23.492321 0.157616 0.795238 0.585452 -0.136461 -0.569635 0.810490 -0.978026 0.207638 -0.018735
1.781185 -1.959249 -49.826381 92.419358 0.101683 0.589775 0.801140 0.144979 0.787931 -0.598452 -0.984196 0.177001 -0.005386
1.934954 -0.847704 74.868782 99.791727 0.140566 0.832478 0.535931 -0.109176 -0.524971 0.844089 -0.984033 0.177161 -0.017093
2.716985 -1.581449 84.098677 102.408325 0.139531 0.857617 0.495000 -0.114475 -0.482568 0.868346 -0.983579 0.177826 -0.030842
2.292316 -2.303823 -36.213863 34.735426 0.129092 0.656373 0.743310 0.140849 0.729845 -0.668945 -0.981579 0.191050 0.001768
2.337802 -5.180927 -419.004798 -55.556870 -0.393499 -0.431773 0.811622 -0.112779 0.898849 0.423498 -0.912381 0.075112 -0.402391
2.461511 -6.477455 -426.872047 -225.246824 -0.408595 -0.340655 0.846761 -0.047445 0.934411 0.353023 -0.911482 0.104069 -0.397958
5.051608 -7.312744 -287.155168 -211.283097 -0.352646 -0.408797 0.841740 -0.080019 0.909407 0.408136 -0.932329 0.076573 -0.353410
6.765254 -9.425764 45.172937 -354.159812 -0.275422 -0.428845 0.860369 -0.068320 0.901453 0.427453 -0.958893 0.058950 -0.277579
5.486622 -7.583880 70.808377 -127.505184 -0.258456 -0.470309 0.843806 -0.120456 0.882358 0.454901 -0.958484 0.015931 -0.284702
4.367507 -5.646723 -227.153011 -42.853969 -0.323863 -0.531877 0.782444 -0.176458 0.846463 0.502357 -0.929503 0.024627 -0.367992
0.000787 -15.465849 -73.052161 423.544267 -0.176210 -0.664733 -0.726003 0.877084 -0.440836 0.190753 -0.446848 -0.603153 0.660706
0.350684 -16.514851 -3.907644 417.910631 -0.168105 -0.657809 -0.734186 0.867696 -0.452187 0.206472 -0.467808 -0.602341 0.646793
0.900001 -18.856202 -69.693041 589.970478 -0.203902 -0.639868 -0.740941 0.811462 -0.533866 0.237731 -0.547679 -0.552772 0.628085
2.524473 -2.835669 21.243118 39.133778 0.174509 0.866670 0.467365 -0.141264 -0.447702 0.882954 -0.974470 0.220106 -0.044301
-0.502050 -6.346175 -26.825715 -30.014019 0.032232 0.927817 0.371640 -0.050874 -0.369828 0.927706 -0.998185 0.048808 -0.035281
0.318762 -7.193784 -49.740487 -176.724118 0.035831 0.974292 0.222423 0.009641 -0.222893 0.974795 -0.999311 0.032784 0.017380
-0.904581 -7.362356 -72.146657 -15.213505 0.021291 0.893527 0.448504 -0.051445 -0.447033 0.893037 -0.998449 0.042087 -0.036450
-1.099947 -7.192386 -43.391734 155.439307 0.008408 0.804697 0.593626 -0.107178 -0.589502 0.800625 -0.994204 0.070355 -0.081289
5.753002 -37.499548 508.656003 862.157880 0.305624 0.629928 0.713992 -0.620836 0.700384 -0.352173 -0.721912 -0.335639 0.605136
3.644790 -40.156772 -2.642549 -254.263341 -0.212093 -0.619324 -0.755946 0.830941 -0.521422 0.194050 -0.514347 -0.586990 0.625212
6.183775 -37.633937 75.813689 1099.388850 0.216724 0.633256 0.742979 -0.621768 0.676277 -0.395037 -0.752619 -0.376346 0.540303
7.837233 -31.582910 424.836574 1410.059708 0.271635 0.654076 0.705974 -0.390018 0.745434 -0.540569 -0.879830 -0.128505 0.457587
7.022925 -33.528879 -193.915035 1528.085294 0.118177 0.653700 0.747470 -0.487888 0.693844 -0.529665 -0.864869 -0.302087 0.400929
173.092069 11.793783 -13380.629788 66.523008 0.157769 0.624747 -0.764722 -0.158363 0.780405 0.604887 0.974695 0.025671 0.222061
11.016196 4.419484 293.251619 385.433104 0.031757 0.181899 0.982804 0.775822 -0.624427 0.090501 0.630152 0.759607 -0.160951
357.495828 10.684361 -28140.585200 -1304.435390 0.370513 -0.463416 -0.804963 -0.336825 0.740617 -0.581408 0.865603 0.486551 0.118318
17.121907 -1.719638 -640.402351 -1701.256209 -0.189111 0.928483 0.319618 0.011977 0.327648 -0.944724 0.981883 0.174829 0.073082
14.262068 7.579414 668.081013 -2783.150895 -0.395360 0.898482 0.190842 -0.060337 0.181917 -0.981461 0.916543 0.399545 0.017711
1.235410 -47.885156 -9.356000 443.609703 -0.243386 0.754881 0.609030 0.706559 -0.292183 0.644517 -0.664483 -0.587182 0.462255
1.456825 -62.571654 32.458828 2266.771497 -0.217036 0.722111 0.656849 0.516954 -0.485761 0.704836 -0.828042 -0.492536 0.267871
1.135220 -56.322624 -68.512354 1374.671131 -0.223789 0.725106 0.651260 0.463679 -0.508536 0.725530 -0.857275 -0.464341 0.222411
1.687322 -43.595733 -18.481201 104.449615 -0.220971 0.762963 0.607503 0.648833 -0.350051 0.675633 -0.728140 -0.543463 0.417684
1.617348 -50.329287 -6.079658 1156.477473 -0.192280 0.733784 0.651605 0.441754 -0.528194 0.725165 -0.876288 -0.427284 0.222591
0.976519 -62.788052 -42.152277 1937.522618 -0.206387 0.685291 0.698413 0.190066 -0.672106 0.715645 -0.959833 -0.280444 -0.008463
1.403935 -29.798427 -42.130961 142.633739 0.063396 0.604093 0.794388 0.995309 -0.096560 -0.006002 0.073080 0.791042 -0.607381
2.120726 -29.230969 -90.963097 -384.037377 0.075399 0.610843 0.788153 0.974783 0.121332 -0.187289 -0.210032 0.782400 -0.586291
1.413809 -29.643360 -92.428076 -292.163617 0.054893 0.624549 0.779054 0.976247 0.130208 -0.173172 -0.209593 0.770055 -0.602566
8.970735 -3.982499 -462.571056 80.143789 -0.060024 0.788796 -0.611717 -0.332514 -0.593622 -0.732835 0.941186 -0.159417 -0.297917
4.166259 -4.362509 -458.996132 112.114574 -0.019762 0.724805 -0.688671 -0.318595 -0.657464 -0.682817 0.947685 -0.205913 -0.243912
6.037704 -4.725239 -530.931445 119.032011 -0.029544 0.747394 -0.663724 -0.296838 -0.640619 -0.708163 0.954471 -0.176097 -0.240781
9.142022 -4.624577 -492.668535 116.004178 -0.069520 0.792064 -0.606467 -0.294063 -0.597196 -0.746247 0.953254 -0.126460 -0.274433
11.409256 -4.175613 -300.384057 86.142347 -0.149501 0.812013 -0.564167 -0.312652 -0.580126 -0.752132 0.938029 -0.063944 -0.340607
10.964730 -3.526965 -45.564423 32.340274 -0.204053 0.814533 -0.543045 -0.333911 -0.579361 -0.743535 0.920253 -0.029608 -0.390202
10.790994 -3.198638 -263.522212 6.170583 -0.127384 0.810833 -0.571247 -0.351351 -0.575481 -0.738494 0.927537 -0.106636 -0.358194
-2.326945 -17.709803 36.907993 -209.466414 -0.247309 0.055450 0.967349 0.439986 0.895922 0.061130 -0.863279 0.440738 -0.245967
-2.566733 -16.924372 -32.598994 63.536889 -0.215175 0.066375 0.974317 0.516090 0.854718 0.055749 -0.829067 0.514831 -0.218169
-2.049731 -17.267109 16.101164 77.644567 -0.204409 0.092830 0.974474 0.592631 0.804060 0.047716 -0.779106 0.587257 -0.219371
-2.933377 -6.600205 85.225890 -205.363909 -0.421038 -0.565358 -0.709293 -0.277188 0.824773 -0.492865 0.863652 -0.010907 -0.503971
-3.161431 -5.259306 107.493290 -229.903495 -0.377749 -0.674195 -0.634639 -0.287330 0.736941 -0.611850 0.880197 -0.048775 -0.472095
-2.368565 -4.684570 118.616673 -206.514642 -0.383872 -0.701007 -0.601026 -0.301483 0.710372 -0.635987 0.872783 -0.062938 -0.484033
4.486479 -5.608699 -2.453707 -31.582828 0.301217 0.801776 0.516162 -0.195935 -0.477710 0.856389 -0.933208 0.359093 -0.013202
4.524213 -4.916706 -130.828732 -28.616902 0.263635 0.853466 0.449547 -0.202277 -0.406760 0.890859 -0.943176 0.325795 -0.065401
5.016128 -5.292865 -22.323255 -16.258505 0.301772 0.845325 0.440862 -0.234658 -0.382337 0.893731 -0.924050 0.373155 -0.082983
3.702991 -6.622712 76.693145 -54.190894 0.314207 0.719173 0.619729 -0.172722 -0.598591 0.782213 -0.933510 0.352818 0.063865
4.009258 -5.540902 -72.583281 -40.701910 0.259455 0.756126 0.600796 -0.158471 -0.580334 0.798811 -0.952665 0.302465 0.030747
-0.887719 -43.447440 50.727419 771.943358 0.225928 -0.427065 -0.875541 0.925820 -0.185433 0.329352 -0.303008 -0.885003 0.353491
1.074315 -44.563664 372.063986 867.759267 0.165003 -0.358146 -0.918970 0.928636 -0.257486 0.267088 -0.332278 -0.897459 0.290102
-1.235835 -34.031577 402.912644 479.683793 0.176253 -0.350612 -0.919786 0.980946 -0.015017 0.193697 -0.081725 -0.936401 0.341284
2.305240 -65.845880 62.087545 2841.137089 0.176124 -0.392391 -0.902779 0.815931 -0.454853 0.356882 -0.550669 -0.799461 0.240053
-3.259526 -32.228853 44.760599 800.090165 0.179762 -0.430115 -0.884696 0.983678 0.085900 0.158112 0.007989 -0.898678 0.438536
-2.844363 -31.628293 -428.241650 257.036743 0.225715 -0.489687 -0.842176 0.963703 -0.014288 0.266594 -0.142581 -0.871781 0.468687
3.982839 -66.425044 -219.708093 3361.186648 0.294608 -0.444198 -0.846105 0.808185 -0.356659 0.468648 -0.509943 -0.821877 0.253920
0.777867 -40.561519 -565.366703 1142.685160 0.293966 -0.506232 -0.810749 0.903827 -0.128710 0.408081 -0.310935 -0.852738 0.419710
-5.112359 -17.913523 -1.215627 1649.830340 0.952594 0.195801 -0.232868 0.286491 -0.834916 0.469934 0.102412 0.514371 0.851431
-3.652491 -11.630222 -70.852066 550.577856 0.831619 0.430901 -0.350334 0.547319 -0.742810 0.385585 0.094082 0.512404 0.853575
-2.741704 -7.741805 -81.574613 204.727730 0.750245 0.507785 -0.423423 0.644016 -0.706157 0.294254 0.149585 0.493454 0.856812
-4.141430 -15.539347 146.552666 1502.099146 0.963491 0.109457 -0.244343 0.213902 -0.863570 0.456610 0.161028 0.492205 0.855456
-1.602537 -7.209630 49.613129 65.530421 0.788028 0.441055 -0.429515 0.584898 -0.754075 0.298772 0.192111 0.486663 0.852204
1.260876 -13.778155 73.260388 -85.411738 -0.096211 -0.487166 -0.867994 -0.577960 0.737314 -0.349759 0.810374 0.468015 -0.352500
0.933008 -14.278785 -11.886405 -75.842796 -0.095813 -0.460724 -0.882357 -0.673586 0.682656 -0.283307 0.732872 0.567199 -0.375744
0.910937 -14.482988 2.613182 -38.839246 -0.094603 -0.470274 -0.877435 -0.629635 0.710974 -0.313171 0.771109 0.522838 -0.363361
-10.058404 -17.050106 -120.403524 142.699387 0.056022 -0.335277 -0.940452 0.996239 0.081130 0.030422 0.066099 -0.938620 0.338561
-9.845937 -15.860033 -114.961028 257.312286 0.157412 -0.218130 -0.963141 0.976533 0.179548 0.118937 0.146986 -0.959261 0.241274
-9.524826 -15.785991 -48.544014 217.329067 0.157248 -0.302759 -0.940006 0.966844 0.241133 0.084073 0.201213 -0.922059 0.330638
7.010596 -8.256416 64.656039 48.084855 -0.234116 -0.691303 -0.683587 0.839198 -0.498693 0.216912 -0.490852 -0.522882 0.696892
7.030004 -8.471189 -175.690015 87.915240 0.159703 0.695598 0.700456 0.818312 -0.490158 0.300184 -0.552141 -0.525251 0.647496
6.124189 -9.403045 256.666633 72.966876 0.249985 0.741873 0.622200 0.809248 -0.512911 0.286427 -0.531625 -0.431912 0.728579
6.579824 -7.629644 288.538942 48.281897 -0.154883 -0.675539 -0.720874 0.845951 -0.467569 0.256408 -0.510272 -0.570111 0.643891
5.533843 -9.085805 391.994752 40.143301 0.317727 0.719270 0.617820 0.830741 -0.525267 0.184293 -0.457077 -0.454693 0.764418
5.744321 -7.438222 161.233463 13.244254 -0.208304 -0.664408 -0.717754 0.863496 -0.469568 0.184068 -0.459331 -0.581436 0.671526
5.289117 -8.004992 -100.342039 12.096602 -0.322098 -0.674297 -0.664512 0.850173 -0.514819 0.110308 -0.416484 -0.529420 0.739091
-1.263227 -13.131566 179.752334 263.736184 -0.650189 0.322703 -0.687835 0.559238 0.816093 -0.145755 0.514302 -0.479432 -0.711083
-0.355299 -17.398689 211.251877 740.238515 -0.610738 0.358705 -0.705925 0.642339 0.745753 -0.176783 0.463033 -0.561411 -0.685870
0.746817 -17.366964 -152.900804 702.154880 0.642901 -0.316488 0.697505 0.579894 0.796048 -0.173296 0.500401 -0.515891 -0.695309
-0.423522 -12.782835 156.306978 248.461472 -0.671372 0.296614 -0.679175 0.509510 0.850227 -0.132339 0.538199 -0.434896 -0.721947
0.551195 -7.489904 -145.142559 92.017214 0.008381 0.731862 0.681401 0.064611 0.679605 -0.730727 0.997875 -0.050150 0.041590
1.000509 -8.644698 66.255431 175.454587 0.010909 -0.696724 -0.717257 0.103955 0.714203 -0.692176 0.994522 -0.067011 0.080219
1.176964 -7.748078 -103.776879 104.059962 -0.006222 0.718745 0.695246 0.042350 0.694825 -0.717931 0.999083 -0.024977 0.034762
1.362554 -8.479716 -34.781803 119.763586 0.030788 -0.694071 -0.719248 0.064771 0.719462 -0.691505 0.997425 -0.025297 0.067106
0.924798 -6.809964 -130.787469 16.437577 0.010164 0.753058 0.657875 -0.004090 0.657935 -0.753064 0.999940 -0.004963 -0.009768
1.447255 -7.540861 -57.994857 71.748223 -0.021800 0.728368 0.684839 -0.008175 0.684849 -0.728639 0.999729 0.021483 0.008975
2.091864 -12.852287 54.240786 -66.767984 0.184217 0.462438 0.867303 0.871324 0.331487 -0.361817 -0.454818 0.822355 -0.341868
1.706070 -12.623839 109.934334 -105.640881 0.206437 0.446161 0.870818 0.847943 0.362516 -0.386748 -0.488237 0.818244 -0.303482
2.233209 -11.734708 68.516443 -202.088867 0.168662 0.449359 0.877286 0.822086 0.426914 -0.376721 -0.543808 0.784743 -0.297408
2.545871 -12.180784 -17.894425 -136.263440 0.148896 0.479821 0.864640 0.862442 0.364750 -0.350931 -0.483761 0.797953 -0.359508
2.276415 -10.892903 66.045964 -238.749027 0.159551 0.443880 0.881767 0.753654 0.522142 -0.399215 -0.637612 0.728243 -0.251223
2.594958 -11.317351 19.512892 -181.089440 0.145212 0.470043 0.870617 0.796885 0.465980 -0.384495 -0.586419 0.749615 -0.306904
0.311739 -9.798416 14.444445 126.430849 -0.456788 -0.586602 -0.668762 0.885839 -0.368783 -0.281582 -0.081452 -0.721039 0.688090
1.008536 -12.138601 -40.835734 -365.238405 -0.396929 -0.620713 -0.676138 0.917674 -0.282787 -0.279118 -0.017951 -0.731264 0.681858
0.891204 -13.328061 -100.192106 161.300808 -0.534937 -0.559275 -0.633288 0.841959 -0.415279 -0.344455 -0.070346 -0.717464 0.693034
0.109634 -17.253402 -136.438063 807.939770 -0.610490 -0.522598 -0.595142 0.782114 -0.516274 -0.348940 -0.124901 -0.678493 0.723911
34.083630 -803.319465 -1203.383755 72938.568983 0.903880 -0.184956 -0.385736 0.420493 0.549932 0.721637 -0.078657 0.814473 -0.574846
28.653055 -365.993688 -410.765540 36924.258928 0.810243 -0.262127 -0.524210 0.573157 0.541265 0.615242 -0.122465 0.798950 -0.588796
123.990757 -135.227927 -14315.038638 7115.138076 -0.468904 0.531296 0.705587 0.861634 0.450803 0.233159 -0.194205 0.717287 -0.669166
47.914622 -14.616063 -4406.981307 -276.773247 0.109055 0.544881 0.831391 0.994028 -0.063087 -0.089041 0.003933 0.836137 -0.548507
20.980883 -14.644623 -2012.708299 -172.145383 -0.005259 0.566095 0.824323 0.999369 0.031925 -0.015549 -0.035119 0.823722 -0.565906
2.719697 -9.399342 -438.468472 29.121376 -0.400756 -0.693413 -0.598809 0.824732 -0.557684 0.093835 -0.399013 -0.456252 0.795376
-1.853755 -10.815779 -686.350782 93.870121 -0.380596 -0.729419 -0.568414 0.835348 -0.534847 0.127015 -0.396662 -0.426482 0.812879
0.047570 -9.819959 -517.736404 59.605803 -0.485370 -0.649433 -0.585365 0.810546 -0.585231 -0.022801 -0.327766 -0.485533 0.810449
0.526211 -10.413910 -99.551364 -28.992111 0.215114 0.447470 0.868042 0.360001 0.789920 -0.496413 -0.907813 0.419282 0.008833
2.105290 -11.391521 -272.461892 -165.549006 0.229663 0.479501 0.846955 0.433046 0.728987 -0.530140 -0.871623 0.488524 -0.040224
1.473343 -10.752549 -198.418166 -73.753939 0.219039 0.456194 0.862502 0.380014 0.774282 -0.506040 -0.898672 0.438606 -0.003763
-0.135289 -10.392351 -82.484459 -133.062779 0.226079 0.476051 0.849861 0.417704 0.740792 -0.526072 -0.880007 0.473924 -0.031371
-0.275126 -9.906677 -58.990546 -26.913709 0.212891 0.445870 0.869412 0.372855 0.785403 -0.494086 -0.903137 0.429351 0.000960
-0.160909 -10.070521 -17.297803 60.935530 0.203941 0.428768 0.880094 0.316459 0.821851 -0.473724 -0.926424 0.375126 0.031922
0.511199 -10.281736 -95.680152 48.101289 0.198031 0.414437 0.888271 0.277373 0.845484 -0.456312 -0.940132 0.336746 0.052478
0.141480 -10.812484 -30.704444 278.510904 0.209354 0.480974 0.851372 0.324321 0.787228 -0.524488 -0.922489 0.385922 0.008819
-0.454804 -11.929082 5.874808 199.512815 0.222908 0.499565 0.837106 0.191211 0.819625 -0.540049 -0.955903 0.280445 0.087179
-0.198908 -12.325719 -0.269372 255.798984 0.228645 0.520679 0.822566 0.213396 0.797593 -0.564188 -0.949833 0.304531 0.071255
-0.673808 -14.143660 -13.663953 155.085399 0.235026 0.559692 0.794675 0.085586 0.802484 -0.590504 -0.968214 0.206797 0.140702
-0.234915 -13.984757 24.287331 226.557135 0.249513 0.572302 0.781162 0.138370 0.777328 -0.613690 -0.958435 0.261212 0.114764
-4.183749 -21.758504 -239.644287 99.869731 -0.191596 -0.658398 -0.727875 0.947355 0.069782 -0.312490 0.256535 -0.749428 0.610367
-2.305242 -22.693851 -260.923762 22.611764 -0.172810 -0.688638 -0.704212 0.965195 0.024099 -0.260420 0.196306 -0.724705 0.660505
-4.250626 -22.649903 -257.150761 11.196252 -0.213622 -0.657141 -0.722863 0.974647 -0.092959 -0.203523 0.066547 -0.748013 0.660339
-6.137335 -21.758372 -161.903517 72.340347 -0.230571 -0.611349 -0.757027 0.952128 0.018737 -0.305125 0.200722 -0.791139 0.577762
-8.609624 -37.275870 433.273663 -1071.941856 -0.187019 0.107945 0.976408 0.717904 -0.663442 0.210851 0.670550 0.740400 0.046582
-5.307189 -32.423947 254.621159 -458.850010 -0.235682 0.141394 0.961489 0.765052 -0.583106 0.273281 0.599290 0.799997 0.029254
-6.191298 -37.663480 -253.768043 1044.419396 0.213836 -0.099393 -0.971800 -0.612640 0.761214 -0.212660 0.760885 0.640838 0.101883
-8.264662 -32.390143 334.563930 -444.099410 -0.174398 0.164689 0.970805 0.857700 -0.458871 0.231923 0.483670 0.873106 -0.061228
-8.360431 -38.925027 -408.446025 596.893135 0.190378 -0.098629 -0.976744 -0.473613 0.862272 -0.179382 0.859911 0.496749 0.117446
-9.492974 -38.270837 -350.099985 1049.075102 0.140338 -0.139847 -0.980178 -0.601371 0.774406 -0.196590 0.786548 0.617040 0.024578
-10.093215 -36.566084 304.368002 -1212.379310 -0.109235 0.171530 0.979104 0.771241 -0.606786 0.192348 0.627100 0.776137 -0.066008
-7.586967 -37.486560 525.597471 780.009576 -0.065247 -0.402814 -0.912953 -0.666972 0.698114 -0.260355 0.742220 0.591927 -0.314215
-3.808223 -38.276201 431.810644 383.183665 -0.065842 -0.463949 -0.883412 -0.728391 0.627449 -0.275235 0.681991 0.625347 -0.379248
-6.545027 -35.879719 -504.856970 -797.140147 0.047278 0.441151 0.896187 0.833347 -0.512077 0.208109 0.550724 0.736996 -0.391842
0.860069 -64.376953 -48.927607 -2261.206780 -0.349723 -0.002346 0.936850 0.911767 0.229009 0.340933 -0.215347 0.973422 -0.077951
2.113284 -75.124578 357.702151 -3101.599772 -0.348766 -0.058719 0.935369 0.893885 0.279100 0.350819 -0.281661 0.958465 -0.044852
0.697232 -68.226776 108.750879 -1681.794034 -0.358713 -0.022002 0.933189 0.933169 -0.032900 0.357930 0.022827 0.999216 0.032333
-0.009446 -75.079248 -81.680485 -1256.848221 -0.359842 0.000735 0.933013 0.927678 -0.106510 0.357868 0.099638 0.994311 0.037645
-3.652051 -129.153475 474.156218 -14365.543502 0.037028 0.360870 0.931881 0.692417 0.663121 -0.284305 -0.720547 0.655778 -0.225318
3.717701 -16.744250 -827.921536 2116.562148 0.359858 0.622225 0.695225 -0.495589 -0.503856 0.707474 -0.790502 0.599137 -0.127051
-1.642345 -80.664557 433.840224 -9034.821303 0.025462 0.287359 0.957484 0.599303 0.762209 -0.244690 -0.800117 0.580053 -0.152808
-1.046560 -38.671275 -14.257585 -1447.423625 0.023480 -0.612960 -0.789765 -0.160173 0.777471 -0.608180 0.986810 0.140779 -0.079925
-1.340278 -38.140967 104.578927 -1273.475058 0.006865 -0.594114 -0.804351 -0.154584 0.794070 -0.587840 0.987956 0.128375 -0.086389
-0.077638 -28.695982 15.158082 -599.310253 0.011892 -0.579250 -0.815063 0.048627 0.814491 -0.578134 0.998746 -0.032759 0.037853
-0.086599 -29.088205 -5.720541 -624.339196 0.015806 -0.596875 -0.802179 0.027043 0.802241 -0.596388 0.999509 -0.012267 0.028822
-0.299290 -34.173076 39.011159 -1045.136041 0.017389 -0.627541 -0.778389 -0.103009 0.773240 -0.625691 0.994528 0.091061 -0.051196
-2.314605 -13.918119 -55.397152 -394.567050 -0.416201 0.743226 0.523824 0.514108 -0.282818 0.809757 -0.749980 -0.606324 0.264389
-1.860106 -12.918155 13.386775 -417.635659 -0.427795 0.733176 0.528625 0.494562 -0.299665 0.815849 -0.756571 -0.610454 0.234406
-1.878386 -16.121133 -10.263820 -413.723908 -0.427071 0.737609 0.523014 0.583926 -0.216656 0.782362 -0.690391 -0.639526 0.338182
-0.889819 -17.494270 -16.607553 219.997336 0.262954 0.673230 0.691098 -0.088737 0.730146 -0.677505 -0.960719 0.116826 0.251735
-1.002223 -17.114604 12.366252 150.686333 0.260321 0.665165 0.699849 -0.106349 0.740183 -0.663942 -0.959647 0.098410 0.263425
-0.705395 -17.396038 13.764754 -239.888753 0.264561 0.683178 0.680644 -0.286292 0.729613 -0.621049 -0.920893 -0.030558 0.388615
-0.611900 -17.208347 -42.258532 288.006049 0.254692 0.657074 0.709497 0.055343 0.722586 -0.689062 -0.965437 0.214764 0.147672
-0.679210 -17.986950 14.547219 210.905994 0.276027 0.666042 0.692963 0.022439 0.716310 -0.697421 -0.960888 0.208056 0.182776
-52.641628 -1739.856810 5241.861991 122171.020439 0.932340 -0.007021 -0.361516 -0.287786 -0.619717 -0.730158 0.218911 -0.784794 0.579807
344.363839 -8134.437443 42963.666802 844551.430042 -0.349567 0.934781 0.063142 0.916143 0.355153 -0.185871 0.196173 0.007127 0.980543
35.542957 -51.344255 -6742.763083 -3954.623323 0.823258 -0.562341 0.077580 -0.538510 -0.730409 0.420130 0.179591 0.387653 0.904142
58.849961 -764.630676 -2278.764242 -37494.084745 0.908867 -0.342707 -0.237725 -0.410186 -0.631182 -0.658298 -0.075556 -0.695817 0.714234
101.346851 -1925.709915 -2416.915973 159863.517013 0.758000 0.561198 -0.332404 -0.021159 -0.488198 -0.872476 0.651911 -0.668371 0.358180
2.230722 -146.268690 -121.176567 13546.475901 0.754826 0.407994 -0.513594 -0.342054 -0.423267 -0.838954 0.559676 -0.808941 0.179937
1.111979 -62.065629 -228.239656 5010.134462 0.737781 0.333512 -0.586898 -0.402209 -0.481059 -0.778980 0.542132 -0.810772 0.220775
0.024147 -58.772248 -317.156974 5251.792076 0.759209 0.378760 -0.529284 -0.314117 -0.499006 -0.807665 0.570027 -0.779444 0.259875
0.718162 -126.557164 -341.181914 -9896.933539 0.769604 0.439556 -0.463141 0.086381 0.646994 0.757587 0.632651 -0.623049 0.459960
1.879794 -77.181512 -163.720387 -2050.172917 0.735330 0.432957 -0.521381 -0.215075 0.878642 0.426299 0.642676 -0.201334 0.739210
2.681037 -85.486222 71.829216 -2403.570149 0.694266 0.423080 -0.582235 -0.180038 0.885348 0.428656 0.696836 -0.192777 0.690838
2.009301 -27.085800 -182.810307 444.715599 0.774477 0.458211 -0.436151 0.632585 -0.565997 0.528662 0.004621 0.685339 0.728209
3.040117 -34.875755 -178.324277 -1639.980801 0.743900 0.464707 -0.480272 0.660839 -0.618539 0.425090 0.099525 0.633607 0.767227
0.992520 -38.254302 -229.223680 -1333.435222 0.747883 0.477631 -0.461021 0.655944 -0.638448 0.402643 0.102023 0.603534 0.790783
1.536673 -32.573451 -333.777642 1299.746754 0.831659 0.435545 -0.344446 0.535914 -0.467150 0.703254 -0.145391 0.769462 0.621925
4.288614 -25.925548 -182.166104 871.249757 0.833233 0.384382 -0.397457 0.547844 -0.476740 0.687449 -0.074760 0.790550 0.607817
-0.956303 -35.791514 -249.623829 1157.014598 0.810465 0.435891 -0.391337 0.585766 -0.597495 0.547611 -0.004877 0.673052 0.739579
-13.100389 -18.535329 -275.768680 334.113916 -0.111660 0.464278 0.878623 -0.225122 0.849348 -0.477418 -0.967911 -0.251106 0.009681
-9.848093 -16.301596 114.944564 288.074858 -0.101510 0.187478 0.977010 -0.192734 0.959770 -0.204195 -0.975986 -0.209031 -0.061292
4.950738 -24.287840 -218.989474 -1272.672719 0.405806 0.816874 0.409926 0.145655 -0.500586 0.853345 -0.902279 0.286585 0.322122
7.155742 -19.408152 -384.964811 -1093.396259 0.415063 0.837101 0.356349 0.062116 -0.416842 0.906854 -0.907670 0.354267 0.225013
5.505416 -13.334268 -384.866196 -192.093123 0.390809 0.830340 0.397246 -0.011970 -0.426946 0.904198 -0.920394 0.358124 0.156916
13.377820 -23.511336 -843.638678 208.394363 -0.423216 -0.211489 0.881000 0.579166 0.684617 0.442567 -0.696746 0.697547 -0.167254
14.564757 -19.949142 129.535472 306.946369 -0.366106 -0.446815 0.816286 0.490191 0.653022 0.577300 -0.790999 0.611489 -0.020050
6.750566 -22.099347 -739.675110 308.473477 -0.349213 -0.019921 0.936832 0.672064 0.691367 0.265220 -0.652978 0.722229 -0.228046
17.256008 -21.999233 -1668.977273 817.594975 -0.400419 -0.072686 0.913445 0.748314 0.549390 0.371749 -0.528859 0.832398 -0.165595
31.089739 -19.741648 -2186.379463 1071.941446 -0.507973 -0.296001 0.808917 0.665507 0.461350 0.586734 -0.546868 0.836385 -0.037363
0.525888 -12.409113 74.068222 -10.088190 0.055508 0.375406 0.925197 0.856545 -0.494070 0.149084 0.513079 0.784197 -0.348977
0.171098 -12.564433 153.978059 1.822906 0.053777 0.369056 0.927850 0.896638 -0.426807 0.117796 0.439486 0.825611 -0.353861
0.038785 -12.556416 176.432081 3.596430 0.048712 0.370046 0.927736 0.942684 -0.324017 0.079744 0.330111 0.870677 -0.364620
0.807168 -12.572692 144.599463 -24.413817 0.049975 0.371632 0.927034 0.924824 -0.367677 0.097540 0.377098 0.852469 -0.362069
5.577169 -12.866380 750.351038 -98.416887 -0.539878 0.709575 0.452808 0.360986 0.681137 -0.636979 0.760408 0.180434 0.623877
2.077375 -13.427902 630.968447 -83.906703 -0.535872 0.705843 0.463278 0.264904 0.661566 -0.701538 0.801665 0.253211 0.541495
8.062432 -13.800792 -612.079263 -65.070711 0.521643 -0.628850 -0.576574 0.244460 0.757640 -0.605162 0.817391 0.174729 0.548946
11.082062 -13.228974 -796.598903 -12.638734 0.520507 -0.671539 -0.527360 0.371006 0.734144 -0.568672 0.769043 0.100344 0.631272
-2.245896 -18.483070 -31.102113 67.241377 0.236878 0.563727 0.791265 0.308823 0.728513 -0.611472 -0.921150 0.389205 -0.001523
-1.810029 -18.336506 -20.468420 -27.191134 0.223313 0.571033 0.789970 0.253016 0.748700 -0.612725 -0.941336 0.336705 0.022714
-1.932282 -18.967670 -36.194224 -219.327770 0.234918 0.578772 0.780920 0.084182 0.788270 -0.609544 -0.968363 0.208933 0.136457
-2.051544 -18.177060 -5.662746 255.157765 0.223796 0.553285 0.802366 0.465947 0.662338 -0.586688 -0.856043 0.505158 -0.109573
-2.018556 -19.360178 -28.038470 -252.901978 0.249051 0.555556 0.793304 0.092574 0.801707 -0.590505 -0.964056 0.220506 0.148236
-2.041685 -18.856823 6.394613 45.731762 0.261680 0.547827 0.794612 0.287845 0.741536 -0.606028 -0.921232 0.387310 0.036356
-2.142666 -19.212957 13.792332 348.337725 0.260290 0.537197 0.802289 0.463589 0.659353 -0.591894 -0.846956 0.525997 -0.077416
-2.434513 -18.510900 -17.815860 267.022616 0.232613 0.544096 0.806133 0.495284 0.647068 -0.579652 -0.837009 0.534100 -0.118966
-0.278234 -12.220292 18.709783 -53.710472 -0.207769 -0.700697 -0.682537 0.946856 -0.319223 0.039487 -0.245550 -0.638060 0.729784
-0.483866 -12.466547 -3.964610 -88.576646 -0.180022 -0.713176 -0.677475 0.960612 -0.275685 0.034954 -0.211698 -0.644499 0.734715
-0.025040 -11.492585 10.916927 -90.518134 -0.164159 -0.715577 -0.678971 0.934320 -0.333557 0.125644 -0.316383 -0.613750 0.723334
1.730218 -24.989560 -141.182888 320.150844 0.184854 0.516189 0.836288 0.283697 0.786699 -0.548289 -0.940928 0.338606 -0.001017
1.414276 -25.762722 -161.568914 132.072434 0.188943 0.545262 0.816694 0.038210 0.826962 -0.560957 -0.981244 0.137195 0.135414
0.453510 -28.489368 -69.554182 -130.243031 0.196575 0.587747 0.784801 -0.135427 0.809022 -0.571964 -0.971091 0.006151 0.238631
-2.725925 -22.816047 47.646176 80.214717 -0.272478 -0.491748 -0.827006 0.403756 0.721751 -0.562189 0.873348 -0.487093 0.001885
-2.381571 -22.935707 75.148628 53.555156 -0.304157 -0.490633 -0.816559 0.394039 0.715607 -0.576750 0.867307 -0.497179 -0.024329
-2.220529 -23.113049 92.755348 19.926603 -0.327606 -0.504215 -0.799025 0.265019 0.762704 -0.589955 0.906884 -0.405030 -0.116240
-2.951542 -22.233603 96.494797 72.911724 -0.316079 -0.517457 -0.795193 0.068684 0.823483 -0.563168 0.946244 -0.232622 -0.224744
1.257281 -18.776022 -115.509140 -811.292328 -0.279986 -0.720347 -0.634592 0.942054 -0.333392 -0.037196 -0.184774 -0.608235 0.771951
2.957020 -24.901935 -160.708925 -732.752798 -0.268709 -0.726633 -0.632297 0.963099 -0.213168 -0.164318 -0.015386 -0.653118 0.757100
1.984174 -15.155518 -120.360811 -495.130020 -0.369807 -0.677346 -0.635960 0.874552 -0.484868 0.007875 -0.313691 -0.553268 0.771682
1.906316 -0.606896 194.430515 24.182169 0.152120 0.940287 0.304499 -0.083104 -0.294825 0.951931 -0.984862 0.170113 -0.033293
2.632910 -1.087061 131.131532 113.483648 0.139016 0.914245 0.380565 -0.083271 -0.372144 0.924432 -0.986783 0.160201 -0.024397
-0.283777 -5.536738 -350.210216 -122.355056 -0.415210 -0.234953 0.878862 -0.015842 0.967794 0.251243 -0.909588 0.090396 -0.405560
0.905844 -20.026201 108.079912 528.332447 0.205653 0.652199 0.729619 0.789698 -0.550941 0.269893 -0.578000 -0.520674 0.628342
1.056620 -21.697163 44.714486 -531.406393 0.221115 0.630391 0.744121 -0.700176 0.633741 -0.328824 -0.678868 -0.448308 0.581514
2.561964 -3.399607 19.117578 53.567701 0.199454 0.890441 0.409063 -0.155526 -0.383394 0.910396 -0.967486 0.245202 -0.062017
2.557466 -3.323722 -10.549191 40.166332 0.197571 0.868753 0.454130 -0.145290 -0.432195 0.889999 -0.969462 0.241818 -0.040832
2.472022 -3.095326 -18.845711 25.814678 0.184721 0.827799 0.529743 -0.138253 -0.511772 0.847924 -0.973018 0.229868 -0.019911
2.360423 -9.927575 -94.980438 -209.680855 0.034483 0.992340 0.118626 0.146608 -0.122435 0.981588 -0.988593 0.016457 0.149707
1.706993 -8.432533 -88.722267 -248.555124 0.036125 0.994324 0.100077 0.073310 -0.102509 0.992027 -0.996655 0.028500 0.076597
3.495398 -9.071677 -188.841709 -228.757095 0.038182 0.999166 0.014445 0.120220 -0.018943 0.992567 -0.992013 0.036162 0.120843
0.896244 -9.072353 -75.520079 -186.732237 0.034865 0.972221 0.231455 0.093005 -0.233747 0.967839 -0.995055 0.012217 0.098571
4.154864 -11.192935 -188.625575 -200.422448 0.030655 0.996120 0.082497 0.218109 -0.087214 0.972020 -0.975443 0.011804 0.219936
2.422471 -10.859778 -49.895091 -161.933776 0.041868 0.977396 0.207230 0.205603 -0.211402 0.955530 -0.977740 -0.002601 0.209806
5.219114 -34.387274 658.964859 1075.505461 0.345929 0.629824 0.695453 -0.437783 0.763933 -0.474081 -0.829867 -0.140459 0.539993
-3.713737 -13.477384 -458.787915 -222.570066 0.282457 0.833343 -0.475140 0.152918 0.449861 0.879910 -0.947013 0.321194 0.000367
-0.343161 -13.066680 -631.015781 -30.174429 0.298145 0.882941 -0.362663 0.268528 0.287013 0.919520 -0.915971 0.371535 0.151523
-4.628434 -14.548900 -278.857349 -155.650929 0.348657 0.921327 -0.172032 0.089033 0.150162 0.984644 -0.933012 0.358620 0.029673
-6.487074 -15.921014 194.649513 284.194643 0.381467 0.852770 0.356743 -0.181282 -0.309418 0.933487 -0.906432 0.420766 -0.036560
-8.471620 -14.393949 56.302810 175.308684 0.332548 0.926611 0.175509 -0.162174 -0.127143 0.978537 -0.929038 0.353873 -0.107991
1.588206 -70.017472 158.920468 2689.230052 -0.203799 0.725467 0.657392 0.694926 -0.365784 0.619097 -0.689597 -0.583010 0.429599
1.320466 -86.683253 287.385115 4060.735705 -0.174689 0.687195 0.705158 0.400588 -0.604617 0.688453 -0.899452 -0.402743 0.169662
-0.078953 -43.316656 279.475155 649.640947 -0.262048 0.483251 0.835344 0.794595 0.599274 -0.097419 -0.547677 0.638232 -0.541027
0.920532 -39.141408 209.895104 70.494411 -0.288193 0.451958 0.844203 0.745177 0.659522 -0.098698 -0.601378 0.600637 -0.526859
0.230979 -35.995022 114.761079 196.184803 -0.208333 0.528000 0.823294 0.901718 0.429718 -0.047411 -0.378818 0.732501 -0.565632
0.388941 -31.047405 -105.616136 70.757624 -0.226675 0.550035 0.803791 0.905325 0.423326 -0.034375 -0.359173 0.719900 -0.593917
-0.818079 -40.197881 182.270370 547.632109 -0.181548 0.547149 0.817109 0.946192 0.323541 -0.006420 -0.267881 0.771977 -0.576447
0.330374 -35.370337 125.167124 238.533983 -0.126115 0.555367 0.821987 0.984821 0.169706 0.036438 -0.119260 0.814105 -0.568339
0.029530 -5.045972 -329.127779 -110.510183 -0.055400 0.630825 -0.773945 0.295768 0.750714 0.590719 0.953652 -0.196182 -0.228167
2.237147 -5.091590 -345.070584 -83.117698 -0.044158 0.677895 -0.733831 0.264033 0.716349 0.645857 0.963502 -0.165236 -0.210619
-1.070892 -7.085345 140.259337 -211.860334 -0.455429 -0.551610 -0.698792 -0.301484 0.834102 -0.461932 0.837671 0.000297 -0.546176
-1.531007 -8.695933 100.880487 -151.012002 -0.464071 -0.505926 -0.727102 -0.338590 0.859826 -0.382173 0.818532 0.068834 -0.570322
-2.369018 -7.839443 62.141784 -174.558594 -0.447078 -0.510316 -0.734642 -0.296786 0.859395 -0.416362 0.843824 0.031885 -0.535671
-4.137892 -19.334299 -91.819187 -10.637021 -0.090982 -0.492138 -0.865749 -0.174556 0.863777 -0.472673 0.980435 0.108117 -0.164494
-3.814391 -20.235666 -86.221218 14.528521 -0.053930 -0.495299 -0.867047 -0.088065 0.867286 -0.489959 0.994654 0.049933 -0.090391
-4.265564 -19.741544 -120.842357 76.662387 -0.081287 -0.485591 -0.870399 -0.037131 0.874158 -0.484220 0.995999 -0.007043 -0.089088
4.563045 -4.919802 -149.873972 11.977275 0.259793 0.883702 0.389330 -0.224942 -0.336703 0.914348 -0.939100 0.325118 -0.111308
3.698437 -4.468306 -139.835254 4.461971 0.236053 0.886174 0.398716 -0.194087 -0.359049 0.912915 -0.952160 0.292882 -0.087240
3.591868 -4.315627 -110.807325 1.936490 0.236197 0.851164 0.468755 -0.168974 -0.439077 0.882417 -0.956901 0.287632 -0.040116
1.442093 -38.999878 457.709130 917.101585 0.137194 -0.326047 -0.935345 0.983163 -0.070243 0.168693 -0.120703 -0.942740 0.310920
4.286759 -62.343675 350.075443 2653.184839 0.129852 -0.355659 -0.925551 0.836900 -0.461270 0.294665 -0.531729 -0.812857 0.237755
-4.101226 -62.174853 -19.486451 5317.417203 0.970165 0.192338 -0.147600 0.241794 -0.812164 0.530966 0.017751 0.550814 0.834439
4.569063 -22.024786 154.452682 -717.241301 -0.192897 0.568657 0.799638 0.940753 0.338802 -0.013999 -0.278879 0.749562 -0.600320
5.456170 -17.303307 101.356379 20.180260 -0.301628 0.581701 0.755410 0.937132 0.326737 0.122585 -0.175512 0.744894 -0.643684
