16729
33442
-2.905718 -4.111114 18.044966 30.179091 -0.565405 0.793896 0.223712 0.119882 -0.189250 0.974583 -0.816055 -0.577853 -0.011829
-4.229377 -5.245291 17.341211 39.595177 -0.486358 0.807980 -0.332601 -0.299405 0.203498 0.932172 -0.820861 -0.552952 -0.142940
-3.494474 -5.051608 1.484513 65.727453 -0.526375 0.733781 -0.429528 -0.277814 0.329020 0.902533 -0.803585 -0.594399 -0.030667
-2.986037 -4.153797 11.094643 19.171174 -0.502446 0.773486 0.386352 0.152245 -0.360721 0.920164 -0.851099 -0.521153 -0.063483
-3.219640 -4.102702 -18.676579 51.982155 -0.596376 0.707945 -0.378351 -0.175324 0.345083 0.922052 -0.783324 -0.616224 0.081679
-2.559710 -3.764133 6.089434 19.959726 -0.460330 0.718107 0.521937 0.318428 -0.415246 0.852159 -0.828674 -0.558473 0.037515
3.763943 -6.277863 11.419831 -45.496616 0.622288 -0.687793 0.373764 0.705480 0.699671 0.112953 -0.339200 0.193394 0.920621
4.176933 -6.792768 16.814096 -13.666845 0.571698 -0.648884 0.502107 0.736348 0.675706 0.034826 -0.361875 0.349815 0.864104
3.733541 -6.958261 12.818896 -28.752456 0.593333 -0.713218 0.373196 0.785881 0.613588 -0.076817 -0.174201 0.338865 0.924567
3.717732 -6.882519 -6.016657 -58.901461 0.624655 -0.732438 0.270815 0.764310 0.644548 -0.019714 -0.160114 0.219301 0.962430
4.064004 -6.542916 27.554126 2.869254 0.565177 -0.701785 0.433673 0.819045 0.540219 -0.193206 -0.098689 0.464393 0.880113
3.441860 -6.565905 23.342900 32.665301 0.602594 -0.728849 0.325054 0.795539 0.516341 -0.317031 0.063229 0.449635 0.890972
3.426820 -6.962527 -2.424819 -5.065743 0.618905 -0.738661 0.267088 0.785432 0.578868 -0.219107 0.007237 0.345386 0.938433
1.138311 -2.689271 198.524538 -0.128623 -0.272398 -0.738146 -0.617204 0.897903 -0.425538 0.112640 -0.345789 -0.523506 0.778699
-2.480244 -2.855996 2.046805 32.527717 0.674373 -0.728271 -0.121830 -0.668483 -0.532083 -0.519633 -0.313610 -0.431868 0.845659
-1.550779 -2.668108 104.776309 -7.276252 -0.197089 -0.793304 -0.576042 0.896708 -0.383392 0.221190 -0.396321 -0.472947 0.786925
-0.174885 -2.499242 4.611652 7.622111 -0.535920 0.820692 0.198128 0.176862 -0.120334 0.976852 -0.825536 -0.558556 0.080660
-0.181646 -2.368698 4.424710 9.113612 -0.550666 0.825688 0.122500 0.217070 -0.000056 0.976156 -0.806007 -0.564128 0.179201
0.103368 -2.544889 14.445350 9.269144 -0.529695 0.835356 0.146981 0.197602 -0.046985 0.979156 -0.824849 -0.547698 0.140180
0.250173 -2.712039 12.499737 2.017974 -0.521760 0.826954 0.209557 0.083659 -0.194862 0.977256 -0.848981 -0.527424 -0.032489
-0.113722 -2.585901 4.471541 4.988320 -0.523096 0.808233 0.270427 0.139733 -0.231675 0.962705 -0.840741 -0.541375 -0.008252
0.205779 -2.691275 14.305719 3.838683 -0.527908 0.832275 0.169207 0.128063 -0.118947 0.984607 -0.839591 -0.541452 0.043791
-1.046860 -2.521160 -4.311235 -2.612520 0.700673 -0.601703 0.383419 -0.587018 -0.180710 0.789147 0.405545 0.778008 0.479829
-0.856766 -2.204263 -3.431527 14.908745 0.590204 -0.622678 0.513743 0.655605 -0.001586 -0.755102 0.471000 0.782477 0.407295
-0.877961 -2.148198 2.373012 9.236471 0.539265 -0.613747 0.576635 0.715365 -0.027441 -0.698212 0.444348 0.789026 0.424256
-1.010294 -2.677791 -9.783361 -12.993640 0.727387 -0.604989 0.323876 -0.531812 -0.198701 0.823221 0.433685 0.771042 0.466273
-1.134270 -2.824057 -6.332578 0.010730 0.809560 -0.550363 0.204241 -0.455986 -0.370426 0.809235 0.369717 0.748255 0.550839
-0.171553 -3.520760 1.319191 -4.477994 -0.351848 0.932316 0.083609 0.792877 0.249362 0.556025 -0.497542 -0.261928 0.826949
-0.229753 -3.409423 1.162999 -2.021254 -0.367441 0.926886 0.076612 0.687177 0.215057 0.693929 -0.626717 -0.307624 0.715956
-0.222402 -3.547950 -0.317247 -3.847088 -0.374596 0.922203 0.096020 0.798511 0.268241 0.538913 -0.471231 -0.278548 0.836871
-0.154482 -3.354700 2.148123 -2.006454 -0.350966 0.933734 0.070456 0.675530 0.200372 0.709584 -0.648446 -0.296635 0.701089
-0.128002 -3.730097 0.405010 -4.259784 -0.361254 0.926906 0.101690 0.876660 0.300447 0.375765 -0.317747 -0.224894 0.921119
-0.208744 -3.454075 0.389490 -3.727650 -0.343525 0.936615 0.068873 0.778481 0.242969 0.578734 -0.525317 -0.252426 0.812603
-0.152232 -3.668013 1.005307 -3.510395 -0.336631 0.937781 0.085123 0.875204 0.278248 0.395721 -0.347414 -0.207712 0.914417
-0.248024 -6.099764 -2.550383 -4.938996 -0.592698 0.801170 -0.082678 -0.461746 -0.253888 0.849901 -0.659924 -0.541911 -0.520416
-0.322547 -6.204363 -4.165151 -4.404158 -0.606676 0.791548 -0.073458 -0.273243 -0.120861 0.954322 -0.746513 -0.599037 -0.289609
-0.352425 -6.142181 -1.639291 -5.869416 -0.571130 0.816784 -0.081701 -0.424346 -0.208581 0.881150 -0.702667 -0.537921 -0.465726
-0.284905 -5.895258 -1.083781 -6.215909 -0.552466 0.826976 -0.104361 -0.606902 -0.313267 0.730434 -0.571359 -0.466877 -0.674963
-0.423271 -6.081705 -1.057888 -7.399253 -0.548166 0.831173 -0.093089 -0.456929 -0.204392 0.865702 -0.700521 -0.517084 -0.491827
-0.486731 -6.077331 -1.342080 -1.909852 -0.557877 0.826431 -0.076064 -0.258427 -0.085889 0.962205 -0.788663 -0.556449 -0.261488
-1.841513 -10.996952 1.216164 130.401900 -0.597347 0.727013 -0.338569 -0.210303 0.265393 0.940925 -0.773918 -0.633260 0.005639
-2.200453 -11.978765 0.038064 -44.081720 0.581255 -0.730159 0.359180 0.501784 -0.025863 -0.864606 -0.640589 -0.682788 -0.351349
-1.789458 -11.427954 14.026575 -114.513639 0.631006 -0.644207 0.432237 0.350025 -0.260811 -0.899700 -0.692325 -0.719010 -0.060916
-1.283106 -9.571478 -12.325793 136.996307 -0.644116 0.644173 -0.412500 -0.094530 0.468099 0.878605 -0.759064 -0.604917 0.240616
-1.285816 -8.467623 2.940640 124.737342 -0.607974 0.732928 -0.305259 0.051100 0.419804 0.906175 -0.792310 -0.535332 0.292683
0.323107 -3.133369 -8.074752 3.473558 -0.280540 0.933500 -0.223327 -0.941754 -0.312656 -0.123876 0.185463 -0.175567 -0.966840
0.490285 -3.134579 -5.235357 1.098323 -0.284065 0.940969 -0.184075 -0.939050 -0.311808 -0.144780 0.193630 -0.131728 -0.972191
0.266967 -3.289267 -3.757753 6.616028 -0.337995 0.920796 -0.194666 0.939346 0.342845 -0.009264 0.058210 -0.185990 -0.980826
0.226257 -3.035538 -2.809658 -4.340382 -0.309471 0.926564 -0.213790 0.944512 0.325554 0.043727 0.110116 -0.188395 -0.975900
0.099143 -3.174986 -2.845938 6.340510 -0.320678 0.921986 -0.217042 -0.917589 -0.359227 -0.170251 0.234937 -0.144560 -0.961201
-1.315984 -2.971841 28.649438 355.546661 0.432682 0.674500 0.598194 -0.696008 0.671648 -0.253892 0.573026 0.306493 -0.760068
-2.043316 -5.798027 -17.657969 30.307990 -0.625647 -0.499095 -0.599558 -0.535622 0.833599 -0.134991 0.567164 0.236680 -0.788865
-0.560722 -1.526313 693.095351 -11.788447 -0.545971 0.837243 -0.030664 -0.639007 -0.439813 -0.631058 0.541835 0.324945 -0.775129
-1.915814 -5.789906 -16.204329 -94.060100 -0.588535 -0.529408 -0.611027 -0.535286 0.821560 -0.196236 0.605884 0.211583 -0.766901
12.699726 -0.996206 1636.886721 8.919118 -0.555285 0.831605 0.009591 -0.634290 -0.416017 -0.651618 0.537899 0.367917 -0.758486
9.556551 -1.188061 1132.510785 29.099227 -0.484929 0.873933 0.032931 -0.662383 -0.342436 -0.666323 0.571045 0.344933 -0.744935
-1.181961 -4.555184 -20.763027 68.076628 -0.442780 -0.655981 -0.611257 -0.643612 0.707172 -0.292696 0.624267 0.263812 -0.735319
0.115398 -7.146657 8.017193 0.331569 -0.496926 0.845501 -0.195430 0.208140 0.334756 0.919030 -0.842462 -0.416014 0.342331
0.427332 -6.643508 9.642908 9.954900 -0.502051 0.844740 -0.185360 0.201900 0.322889 0.924651 -0.840941 -0.426798 0.332660
0.068486 -7.586846 9.447296 49.809253 -0.501889 0.836615 -0.219507 0.071004 0.292780 0.953540 -0.862013 -0.462985 0.206346
-0.307759 -8.042905 9.272375 42.327811 -0.502540 0.827242 -0.251245 0.036693 0.310753 0.949782 -0.863775 -0.468085 0.186520
0.043675 -7.715031 0.728739 -70.295260 0.505107 -0.849980 0.149670 0.861579 0.486459 -0.145046 0.050478 0.202216 0.978039
-0.030895 -8.599871 -0.760733 -58.103095 0.494584 -0.854841 0.156955 0.845896 0.431971 -0.312827 0.199617 0.287486 0.936752
0.075734 -7.496118 -1.688762 -53.548505 0.515206 -0.843499 0.151896 0.853323 0.488288 -0.182797 0.080020 0.223795 0.971346
-0.063795 -8.846658 -0.256960 -70.275008 0.497152 -0.854392 0.151174 0.850031 0.444653 -0.282368 0.174033 0.268882 0.947320
0.183849 -6.842125 2.109087 -32.145374 0.511151 -0.847826 0.141125 0.857848 0.513396 -0.022813 -0.053112 0.132725 0.989729
0.300906 -6.666768 4.696412 -45.220030 0.479469 -0.865608 0.144331 0.873509 0.486539 0.016156 -0.084207 0.118328 0.989398
0.076054 -7.680797 0.603982 -88.228754 0.488021 -0.859160 0.153884 0.872667 0.476862 -0.105137 0.016948 0.185598 0.982480
-1.266719 -7.014959 -1.828827 0.708781 0.614650 -0.722782 0.315897 0.779842 0.616996 -0.105656 -0.118541 0.311291 0.942892
-1.243590 -7.047614 1.256556 -4.297135 -0.605223 0.732010 -0.312837 0.745485 0.659010 0.099787 -0.279208 0.172822 0.944550
-1.274490 -6.900346 1.591521 -0.402115 0.615553 -0.749355 0.244055 0.783524 0.615205 -0.087250 -0.084763 0.244929 0.965829
-1.284866 -6.734341 0.590480 8.035546 0.622203 -0.743039 0.246489 0.778704 0.555038 -0.292495 0.080524 0.373933 0.923954
-0.154431 -8.435858 -8.294440 -22.236924 -0.383151 0.905039 -0.184663 0.200541 -0.113644 -0.973072 0.901653 0.409866 0.137954
-0.398666 -9.097183 -11.676590 -48.768192 -0.381909 0.896092 -0.226197 0.058932 -0.220638 -0.973574 0.922319 0.385146 -0.031455
-0.491501 -8.380965 -11.739432 -9.415568 -0.404502 0.900033 -0.162232 0.114805 -0.126016 -0.985363 0.907302 0.417207 0.052355
-0.094925 -9.306024 1.407826 -40.687279 -0.396178 0.887187 -0.236520 0.201843 -0.167144 -0.965050 0.895713 0.430072 0.112854
-0.462997 -8.658299 -14.485399 21.400555 -0.399964 0.901800 -0.163662 0.268264 -0.055560 -0.961742 0.876392 0.428567 0.219699
-0.019774 -8.901720 -5.275400 -6.552150 -0.379871 0.903457 -0.198655 0.345442 -0.060670 -0.936477 0.858119 0.424365 0.289045
-3.819731 -7.327744 10.579474 1.614372 0.054570 0.823713 -0.564376 0.443685 0.486350 0.752733 -0.894520 0.291481 0.338929
-4.131103 -6.973783 1.023981 -21.808217 0.007415 0.814105 -0.580671 0.197902 0.568006 0.798876 -0.980194 0.120840 0.156901
-3.887127 -7.334134 -6.132184 1.667741 -0.073399 0.817686 -0.570966 0.428309 0.542869 0.722388 -0.900646 0.191528 0.390068
-3.860781 -6.925779 19.547997 -21.412732 0.118444 0.807486 -0.577873 0.206340 0.549251 0.809782 -0.971285 0.215153 0.101561
-3.565682 -7.073009 -1.645101 22.921330 -0.033891 0.827633 -0.560246 0.647908 0.445011 0.618207 -0.760964 0.342036 0.551312
-3.270335 -7.013982 17.175814 21.817269 0.116679 0.830456 -0.544729 0.649499 0.351131 0.674431 -0.751356 0.432493 0.498411
-3.381092 -7.272324 26.578786 -0.305182 0.176888 0.818069 -0.547242 0.435036 0.433761 0.789047 -0.882867 0.377643 0.279162
-0.646783 -9.139017 -2.324462 -83.275253 -0.498040 0.858980 -0.118785 -0.472839 -0.154184 0.867554 -0.726897 -0.488243 -0.482949
-0.729412 -10.875130 -5.482439 -77.731858 -0.497365 0.856734 -0.136513 -0.313688 -0.030888 0.949024 -0.808844 -0.514833 -0.284109
-0.745706 -9.607267 -1.581185 -107.531890 -0.463269 0.876776 -0.129020 -0.485000 -0.128984 0.864950 -0.741725 -0.463279 -0.484990
-0.564894 -7.399687 2.003850 -100.481674 -0.456320 0.881581 -0.120777 -0.617623 -0.216090 0.756206 -0.640558 -0.419666 -0.643091
-0.451151 -7.700417 5.995525 -126.733777 -0.404502 0.902130 -0.150130 -0.641669 -0.162992 0.749463 -0.651643 -0.399493 -0.644800
-0.755985 -10.410848 3.098187 -141.185010 -0.414534 0.895924 -0.159631 -0.498391 -0.076737 0.863550 -0.761425 -0.437530 -0.478330
145.114264 -216.740831 3914.071640 -12028.091782 -0.553528 0.524735 -0.646730 0.774584 0.039063 -0.631263 -0.305983 -0.850369 -0.428075
45.408683 -300.333310 748.883526 -12329.355113 -0.522639 0.501203 -0.689670 0.635227 -0.310612 -0.707112 -0.568626 -0.807661 -0.156040
13.853046 -74.053021 -104.333912 -2743.580805 -0.408482 0.211430 -0.887941 0.865900 -0.217951 -0.450239 -0.288722 -0.952782 -0.094048
-1.837750 -10.544290 49.017465 244.325539 -0.295809 0.829524 0.473695 0.266965 -0.404338 0.874780 -0.917184 -0.385228 0.101847
-0.278235 -8.859752 46.168792 126.642274 -0.317397 0.864086 0.390658 0.275827 -0.310026 0.909837 -0.907292 -0.396533 0.139937
0.327609 -13.545488 28.746165 239.101157 -0.327149 0.831683 0.448639 0.082835 -0.447697 0.890340 -0.941335 -0.328437 -0.077572
0.742614 -11.317525 27.188416 128.363585 -0.332103 0.880634 0.337922 0.207868 -0.281118 0.936890 -0.920053 -0.381387 0.089695
-2.444305 -35.410008 11.324416 1186.200358 -0.288090 0.903104 0.318445 -0.010214 -0.335423 0.942012 -0.957549 -0.268131 -0.105857
1.284645 -1.539768 -35.128157 5.559530 -0.514018 0.694324 -0.503687 -0.305491 0.400518 0.863864 -0.801537 -0.597913 -0.006237
1.937356 -1.545281 -11.899975 2.282661 -0.459265 0.752316 -0.472330 -0.261550 0.393628 0.881277 -0.848921 -0.528277 -0.015989
1.441492 -1.387017 -34.668559 3.864606 -0.516162 0.726639 -0.453401 -0.235615 0.388481 0.890824 -0.823445 -0.566638 0.029312
-0.602520 -2.291381 -13.748151 7.272261 -0.376111 0.926403 0.017836 0.884601 0.353279 0.304424 -0.275719 -0.130275 0.952370
-0.099845 -2.026744 -9.395835 8.948266 -0.418956 0.907991 0.005278 0.872430 0.400923 0.279512 -0.251679 -0.121708 0.960128
-0.557012 -2.075881 -14.529946 3.085860 -0.514632 0.857206 -0.018764 0.834409 0.505740 0.219064 -0.197273 -0.097080 0.975530
-1.084983 -2.360245 -17.778717 3.837467 -0.501237 0.864633 -0.034232 0.840147 0.495750 0.219966 -0.207161 -0.081495 0.974907
-1.095164 -2.562857 -16.203153 7.176340 -0.332669 0.942936 0.014283 0.893097 0.310150 0.325861 -0.302836 -0.121160 0.945310
0.949357 -2.729111 -29.497732 10.015128 0.677150 -0.702207 0.219937 0.681954 0.486594 -0.546045 0.276416 0.519741 0.808371
0.079303 -2.948668 -17.912027 -6.794135 0.709415 -0.675266 0.201856 -0.672875 -0.563706 0.479036 0.209689 0.475660 0.854271
0.141649 -2.735333 -19.687250 -9.556775 0.717722 -0.667423 0.198551 -0.643708 -0.527201 0.554707 0.265548 0.525934 0.808009
-111.002028 -139.876550 4523.268739 4040.297996 -0.037149 0.798585 0.600735 0.948835 0.216827 -0.229562 -0.313580 0.561470 -0.765780
-122.829229 -398.729864 6209.881968 -25910.779984 0.498310 0.777889 0.382853 -0.499053 -0.103743 0.860339 -0.708967 0.619779 -0.336511
3.042260 -13910.113108 37209.486792 1635827.033236 0.486259 0.761891 0.427872 0.822918 -0.234606 -0.517461 -0.293867 0.603723 -0.741054
-165.013365 -196.540821 7956.269014 3945.683536 0.478254 0.805370 0.350217 -0.561748 -0.025996 0.826900 -0.675065 0.592202 -0.439982
-160.920671 -310.955832 5460.104076 17432.469178 0.273985 0.887267 0.371066 0.928523 -0.344560 0.138290 0.250555 0.306654 -0.918251
-176.591646 -546.069255 -8767.025713 29349.935434 0.713872 -0.700181 -0.011542 0.678667 0.687685 0.257876 0.172623 0.191924 -0.966109
4.159645 -20.182275 34.039586 124.791707 0.016046 0.926854 0.375079 -0.660935 -0.271651 0.699551 -0.750272 0.259128 -0.608231
4.783039 -22.496012 5.288127 125.661348 -0.122628 0.950226 0.286413 -0.614327 -0.299334 0.730069 -0.779464 0.086424 -0.620457
4.000310 -23.236137 16.578440 -258.849943 -0.034521 0.937900 0.345184 -0.890587 -0.185598 0.415222 -0.453502 0.293083 -0.841688
4.727706 -19.764905 34.004237 274.996846 0.015930 0.944627 0.327759 -0.317499 -0.306056 0.897510 -0.948125 0.118360 -0.295043
3.015639 -18.797284 29.496342 141.072686 0.084556 0.886966 0.454028 0.906819 0.120342 -0.403976 -0.412952 0.445880 -0.794142
3.629881 -17.340719 41.068806 224.581615 0.137012 0.908952 0.393744 -0.351865 -0.326911 0.877109 -0.925969 0.258719 -0.275038
3.161454 -18.032824 41.470622 131.495524 0.146379 0.872293 0.466561 -0.663751 -0.263104 0.700151 -0.733490 0.412168 -0.540472
-1.265112 -3.613189 44.971188 -45.732066 -0.254462 0.934113 0.250364 -0.732288 -0.017018 -0.680782 0.631667 0.356572 -0.688370
-1.940683 -4.031634 5.284192 106.246293 -0.498512 -0.465055 -0.731580 -0.587039 0.802072 -0.109846 0.637864 0.374706 -0.672848
-0.578228 -4.982882 34.859061 -53.248807 -0.053770 0.907316 0.416996 -0.838846 0.185501 -0.511787 0.541706 0.377314 -0.751124
0.267240 -5.854881 -2.471165 -45.229560 -0.204614 0.952373 0.226095 -0.833820 -0.048598 -0.549893 0.512716 0.301038 -0.804051
-0.202581 -4.905671 -23.191216 -31.020706 -0.335504 0.939891 0.063570 -0.690559 -0.199481 -0.695223 0.640754 0.277149 -0.715977
-0.169736 -1.612803 -1.784790 8.312341 -0.582054 0.804722 0.116769 0.116763 -0.059400 0.991382 -0.804723 -0.590673 0.059388
-0.253665 -1.903652 -2.544432 14.522218 -0.569985 0.790692 0.223435 0.131864 -0.180381 0.974718 -0.811005 -0.585038 0.001449
-0.024241 -1.410499 -3.554025 6.770434 -0.589575 0.807099 0.031510 0.064189 0.007930 0.997906 -0.805159 -0.590363 0.056482
-4.300088 -6.823621 -16.912140 29.854957 0.983403 0.160199 -0.085174 -0.173348 0.968194 -0.180419 -0.053562 -0.192189 -0.979895
-4.243173 -8.085046 -7.107189 119.151502 0.997550 0.061834 0.032734 -0.057743 0.991820 -0.113837 0.039505 -0.111668 -0.992960
-3.000345 -6.506772 59.786157 -87.024303 0.964212 -0.156171 0.214258 0.219139 0.924312 -0.312452 0.149245 -0.348222 -0.925455
-2.000984 -6.981002 -90.216823 0.533457 -0.897228 0.296167 -0.327517 0.346019 0.932355 -0.104805 0.274322 -0.207361 -0.939015
-0.212491 -6.305611 167.871851 -204.406806 0.863688 -0.283125 0.416994 0.447432 0.811576 -0.375698 0.232053 -0.511062 -0.827627
-1.446943 -4.152671 182.846690 -307.949415 0.902377 -0.204831 0.379157 0.393766 0.749407 -0.532295 0.175112 -0.629629 -0.756903
-3.128464 -4.506382 51.140675 -203.957790 0.993312 0.067747 0.093495 -0.010177 0.857981 -0.513580 0.115011 -0.509194 -0.852933
8.044920 -5.605459 -131.159351 60.201787 0.863539 -0.302664 0.403355 0.440289 0.842479 -0.310442 0.245858 -0.445672 -0.860773
7.277559 -4.626027 -128.955728 23.929813 0.899749 -0.295503 0.321139 0.390638 0.873412 -0.290780 0.194561 -0.387078 -0.901286
5.106852 -5.735386 -88.198109 57.923395 0.886419 -0.350869 0.301913 0.447441 0.816564 -0.364718 0.118563 -0.458382 -0.880811
5.511279 -8.687659 -68.030163 130.443910 0.823138 -0.380893 0.421146 0.549150 0.722690 -0.419708 0.144494 -0.576750 -0.804041
8.523705 -8.019139 -152.427451 121.495163 0.822318 -0.335142 0.459861 0.517928 0.775546 -0.360942 0.235676 -0.534984 -0.811325
-1.194691 -2.272664 -40.155457 3.098174 -0.307919 0.676897 0.668578 -0.400438 0.545242 -0.736451 0.863038 0.494491 -0.103165
-1.728995 -3.694968 -2.458178 33.147431 -0.530594 0.845922 -0.053723 0.009678 -0.057330 -0.998308 0.847571 0.530217 -0.022232
-1.466791 -4.082399 -7.873168 32.797721 -0.493677 0.869250 -0.026227 0.046382 -0.003798 -0.998917 0.868408 0.494358 0.038443
-1.381262 -1.487103 -17.405279 74.855457 -0.472644 0.876701 -0.089455 -0.044633 -0.125193 -0.991128 0.880122 0.464458 -0.098302
2.398302 -7.613948 80.700654 -23.911517 0.071455 0.994972 -0.070174 -0.961047 0.049846 -0.271852 0.266988 -0.086866 -0.959777
0.431622 -7.082455 34.795072 -16.455471 0.080227 0.994841 -0.062094 0.994774 -0.075964 0.068218 0.063149 -0.067242 -0.995736
2.959309 -7.823776 99.580201 26.033627 0.180437 0.982586 -0.044342 -0.979608 0.175474 -0.097866 0.088381 -0.061096 -0.994211
6.952258 -7.435122 179.771334 -0.817208 0.342331 0.936433 -0.076832 -0.926715 0.323028 -0.191968 0.154947 -0.136918 -0.978389
-1.081662 -4.541969 -13.054414 -21.233602 -0.331146 0.943523 0.010308 -0.156625 -0.044191 -0.986669 0.930490 0.328346 -0.162413
-0.619939 -3.859273 -9.644836 -11.296397 -0.341262 0.934428 -0.101905 -0.057900 -0.129105 -0.989939 0.938183 0.331929 -0.098162
-0.780862 -4.266128 -9.218392 -7.806510 -0.324932 0.945091 -0.034966 -0.196842 -0.103746 -0.974931 0.925026 0.309903 -0.219744
-1.318086 -5.306008 -11.571998 -44.162850 -0.282648 0.952466 0.113659 -0.295330 0.026325 -0.955033 0.912628 0.303505 -0.273851
-0.378503 -3.840724 -1.528445 -4.995522 -0.463676 0.885694 -0.023459 -0.844565 -0.449837 -0.290444 0.267797 0.114859 -0.956604
-0.342445 -3.936117 -0.068168 -6.441990 -0.471990 0.880850 -0.036452 -0.832152 -0.458787 -0.311508 0.291115 0.116695 -0.949544
-0.439283 -4.317001 -0.950911 -11.841361 -0.498491 0.866369 -0.030180 -0.859332 -0.498431 -0.114516 0.114256 0.031150 -0.992963
-0.480280 -4.149378 -1.921592 -8.951466 -0.474718 0.880047 -0.012655 -0.875464 -0.473629 -0.096116 0.090581 0.034549 -0.995290
-0.538044 -4.582455 -1.536676 -11.568357 -0.507751 0.861403 -0.013221 -0.858259 -0.504448 0.094467 -0.074705 -0.059313 -0.995440
-0.501900 -4.834578 -0.869992 14.443100 -0.532060 0.846080 -0.032565 0.844789 0.527875 -0.087639 -0.056960 -0.074140 -0.995620
-0.146411 -3.931842 0.463180 4.425596 -0.447050 0.885564 -0.126186 -0.251133 -0.259648 -0.932478 0.858533 0.385175 -0.338470
-0.169876 -3.927024 -1.083462 7.058015 -0.441159 0.886557 -0.139265 -0.268455 -0.278445 -0.922171 0.856335 0.369438 -0.360839
-0.204358 -3.744350 -0.357671 3.622610 -0.444079 0.886341 -0.131127 -0.390948 -0.323362 -0.861740 0.806197 0.331417 -0.490111
-0.188923 -3.823900 1.041498 3.565138 -0.446702 0.888433 -0.105568 -0.391804 -0.300334 -0.869649 0.804330 0.347112 -0.482251
-0.089447 -3.950916 1.449426 2.400745 -0.448915 0.887601 -0.103153 -0.242194 -0.231978 -0.942087 0.860126 0.397934 -0.319110
-0.153315 -6.416082 -8.724539 26.393504 0.796483 -0.561125 0.225285 -0.346248 -0.117806 0.930717 0.495709 0.819305 0.288119
-0.208670 -6.806453 -7.923200 21.303879 0.799344 -0.563495 0.208621 -0.230819 0.032599 0.972450 0.554772 0.825476 0.104008
0.189739 -6.812427 -8.539674 20.591984 0.800612 -0.564643 0.200496 -0.241777 0.001731 0.970330 0.548237 0.825334 0.135132
0.655599 -3.404457 11.556757 1.545046 -0.679013 0.700389 0.219991 -0.113809 -0.396468 0.910967 -0.725251 -0.593521 -0.348918
0.034901 -3.617372 5.801542 9.957473 -0.651702 0.741559 0.159291 -0.225545 -0.389988 0.892770 -0.724164 -0.545893 -0.421411
0.297677 -3.323756 7.674434 3.830035 -0.659752 0.733715 0.162448 -0.124275 -0.319719 0.939327 -0.741137 -0.599534 -0.302118
0.149637 -3.476339 -0.851900 -4.424120 -0.424257 0.905538 -0.002605 0.588984 0.273760 -0.760364 0.687826 0.324124 0.649492
0.221543 -3.338014 -1.776012 -3.519178 -0.424341 0.905489 -0.004946 0.586755 0.270804 -0.763141 0.689676 0.326734 0.646213
0.175455 -3.545270 -0.900404 1.807205 -0.438040 0.898874 0.012115 0.491918 0.250959 -0.833688 0.752421 0.359229 0.552102
0.125238 -3.558025 -1.223622 3.658226 -0.425957 0.904738 -0.003159 0.498194 0.231636 -0.835552 0.755224 0.357483 0.549402
0.101056 -3.507847 -1.142873 -2.920006 -0.424682 0.905340 0.002250 0.585136 0.276374 -0.762387 0.690841 0.322456 0.647118
-2.824443 -3.995001 51.361518 7.363924 0.291851 0.828346 -0.478191 -0.858669 0.447144 0.250499 -0.421320 -0.337499 -0.841774
-2.065139 -4.046536 40.589720 -13.663357 -0.115417 0.957076 -0.265865 -0.844567 0.046335 0.533441 -0.522863 -0.286109 -0.802967
-1.861236 -3.531133 41.429313 -12.367228 0.026924 0.943082 -0.331469 -0.882498 0.178177 0.435260 -0.469546 -0.280802 -0.837065
0.566949 -2.374746 -3.916540 10.462087 -0.561179 0.823437 -0.083840 -0.814988 -0.567403 -0.117679 0.144472 -0.002290 -0.989506
0.341692 -1.976073 -2.206825 11.670888 -0.548504 0.830628 -0.095923 -0.831980 -0.553607 -0.036449 0.083379 -0.059813 -0.994721
0.452670 -2.306597 -1.839341 10.197901 -0.524776 0.846293 -0.091644 -0.837769 -0.532547 -0.120567 0.150839 -0.013506 -0.988466
0.710087 -2.661573 -5.674768 7.591315 -0.531500 0.842867 -0.084158 -0.815649 -0.536064 -0.217606 0.228527 0.047014 -0.972402
0.859969 -2.724488 -6.136957 6.719299 -0.572441 0.816563 -0.074406 -0.789902 -0.573530 -0.217068 0.219924 0.065485 -0.973317
0.540672 -9.774129 -10.487160 56.498553 -0.457364 0.830510 0.317918 -0.070330 -0.390162 0.918056 -0.886494 -0.397527 -0.236856
0.695713 -11.336939 -1.101481 48.991764 -0.418545 0.852777 0.312395 -0.193650 -0.419862 0.886688 -0.887310 -0.310624 -0.340872
0.556106 -10.195517 1.923824 45.866028 -0.420633 0.832738 0.360021 0.044223 -0.377543 0.924935 -0.906153 -0.404979 -0.121980
0.455819 -8.883517 -9.625737 54.298391 -0.456769 0.815521 0.355370 0.096422 -0.351738 0.931119 -0.884345 -0.459572 -0.082029
0.333712 -8.556861 -11.581864 60.364487 -0.462481 0.821917 0.332512 0.052532 -0.348969 0.935661 -0.885072 -0.450193 -0.118214
1.409103 -8.171366 -10.673348 -16.633567 -0.529193 0.824764 0.199295 0.785584 0.565006 -0.252242 0.320643 -0.023078 0.946919
1.145278 -8.544699 -15.703092 30.015354 -0.512945 0.824975 0.237284 0.782350 0.563037 -0.266303 0.353293 -0.049040 0.934226
1.360457 -8.306985 -16.911127 26.063467 -0.497577 0.841552 0.210256 0.834732 0.530461 -0.147762 0.235882 -0.101984 0.966415
1.357632 -8.196786 -4.511236 6.120155 -0.517007 0.839896 0.165162 0.828713 0.539445 -0.149109 0.214332 -0.059781 0.974930
1.337174 -8.298591 -10.201817 51.997502 -0.485782 0.856593 0.173965 0.863452 0.501217 -0.056845 0.135888 -0.122596 0.983110
1.264446 -8.835743 16.861889 49.200353 0.472401 -0.856522 -0.207865 0.873254 0.486800 -0.021309 0.119440 -0.171452 0.977925
0.858735 -3.187576 2.674961 -25.675705 -0.429242 0.901046 -0.062195 -0.674136 -0.273796 0.685985 -0.601075 -0.336381 -0.724953
0.941679 -3.020905 -2.472620 -20.084869 -0.479350 0.875093 -0.066599 -0.652666 -0.304720 0.693666 -0.586728 -0.375976 -0.717211
0.748026 -2.646564 1.953470 -26.364582 -0.418137 0.904776 -0.080877 -0.720464 -0.276092 0.636165 -0.553257 -0.324273 -0.767303
-0.471999 -3.557839 -15.458825 -31.444350 0.591515 -0.402243 -0.698792 0.543751 -0.440928 0.714085 0.595352 0.802361 0.042096
-0.733478 -3.390241 -10.890387 -32.086644 0.599308 -0.439344 -0.669183 0.536847 -0.399517 0.743089 0.593822 0.804589 0.003573
-0.531353 -2.873725 -13.387036 -21.630611 0.598992 -0.405446 -0.690523 0.579546 -0.375565 0.723241 0.552572 0.833405 -0.010014
-0.387578 -3.221971 -15.405074 -22.857292 0.585823 -0.375132 -0.718393 0.557940 -0.456236 0.693218 0.587805 0.806923 0.057973
-0.512177 -2.457046 8.848154 -6.089744 -0.588542 0.410819 0.696309 0.619172 -0.324762 0.714951 0.519850 0.851914 -0.063231
-0.530557 -2.583661 2.148610 -1.760682 -0.576276 0.392932 0.716596 0.622471 -0.357133 0.696409 0.529561 0.847385 -0.038781
-0.862727 -2.444093 -14.269642 -7.366086 0.623969 -0.447794 -0.640424 0.578764 -0.285842 0.763758 0.525067 0.847216 -0.080811
0.453761 -10.615436 2.154574 -6.724698 -0.351101 0.819411 0.453094 0.589094 -0.182820 0.787112 -0.727803 -0.543271 0.418522
0.418776 -10.749416 -6.047834 -105.041437 -0.364433 0.811430 0.456914 0.676974 -0.106072 0.728324 -0.639449 -0.574744 0.510661
0.457650 -10.199820 -1.938121 -37.749026 -0.360929 0.815559 0.452321 0.555443 -0.201618 0.806742 -0.749142 -0.542415 0.380227
-3.387253 -19.219759 180.987650 89.345178 -0.821131 -0.570313 0.022078 -0.567431 0.819918 0.075876 -0.061375 0.049777 -0.996873
-2.440311 -39.488996 -102.986276 -751.918770 0.549893 0.829583 0.097006 -0.826749 0.557136 -0.078010 0.118761 0.037302 -0.992222
-4.488839 -51.696640 21.823570 1327.251927 0.124275 0.949259 0.288899 0.958644 -0.039734 -0.281822 -0.256043 0.311975 -0.914939
-3.693560 -9.898310 -15.936204 187.522378 0.547072 0.830890 0.101653 0.821935 -0.510195 -0.253226 -0.158540 0.222085 -0.962051
3.941636 -16.041209 281.063992 495.667500 -0.975708 -0.138937 0.169384 -0.134269 0.990186 0.038769 -0.173108 0.015084 -0.984787
0.778862 -2.973404 -8.444271 3.740741 -0.433549 0.897291 -0.083088 -0.797016 -0.424848 -0.429266 0.420476 0.119885 -0.899348
0.463858 -2.702143 -3.410312 5.904986 -0.435053 0.896193 -0.086990 -0.842049 -0.439168 -0.313185 0.318878 0.063002 -0.945700
0.549821 -2.888910 -4.334659 5.388155 -0.397519 0.914197 -0.078879 -0.819186 -0.392303 -0.418368 0.413415 0.101693 -0.904846
0.922787 -5.278390 5.808438 -2.271718 0.368054 -0.104662 -0.923895 -0.255935 0.943857 -0.208881 0.893887 0.313336 0.320603
-0.682727 -6.284350 -30.774414 9.974296 0.513647 -0.354251 -0.781456 -0.240443 0.814861 -0.527436 0.823622 0.458812 0.333373
-0.333846 -5.869430 -13.459542 32.303776 0.450790 -0.243137 -0.858879 -0.358880 0.831632 -0.423785 0.817309 0.499272 0.287634
0.341440 -5.215286 22.347125 31.951038 0.381226 -0.178409 -0.907104 -0.419355 0.841075 -0.341663 0.823898 0.510649 0.245823
-0.685953 -5.354077 -13.656198 12.651713 0.480226 -0.299853 -0.824300 -0.414659 0.750507 -0.514584 0.772943 0.588920 0.236077
-0.806971 -3.167800 1.035954 -0.078833 -0.553013 0.747423 -0.368151 0.363845 -0.180862 -0.913732 0.749529 0.639256 0.171927
-0.707796 -3.066675 2.603865 6.531356 -0.554413 0.763198 -0.331896 0.229677 -0.243000 -0.942443 0.799922 0.598732 0.040567
-0.691323 -3.141039 -1.947388 4.585755 -0.549753 0.738887 -0.389637 0.294138 -0.265342 -0.918192 0.781827 0.619386 0.071462
-0.309648 -1.989741 2.293301 9.493904 -0.493353 0.862781 0.110505 -0.260198 -0.025159 -0.965227 0.830000 0.504951 -0.236906
-0.119171 -1.659655 3.042026 3.566037 -0.500587 0.861680 0.083187 -0.289370 -0.075989 -0.954196 0.815890 0.501731 -0.287383
-0.142874 -1.909404 -1.719390 7.466144 -0.517913 0.854825 -0.032257 -0.194122 -0.154170 -0.968787 0.833116 0.495485 -0.245787
-0.369728 -1.827967 7.838777 7.674421 -0.458839 0.857030 0.234448 -0.350824 0.067677 -0.933993 0.816327 0.510802 -0.269614
-0.387285 -2.268065 -0.977977 12.176806 -0.514847 0.857275 -0.003631 -0.155964 -0.097829 -0.982906 0.842976 0.505480 -0.184071
-0.502390 -2.309577 2.273432 14.775903 -0.491970 0.861107 0.128296 -0.217147 0.021339 -0.975906 0.843097 0.507975 -0.176489
-0.515970 -2.133652 7.862148 14.711722 -0.459881 0.854042 0.243150 -0.314351 0.099512 -0.944077 0.830477 0.510598 -0.222705
0.494283 -6.688681 -6.776643 -123.043033 -0.509932 0.847700 -0.146197 -0.045443 -0.196263 -0.979498 0.859014 0.492833 -0.138603
0.634420 -6.472779 -1.844329 -179.764851 -0.535275 0.837489 -0.109969 0.002776 -0.128445 -0.991713 0.844673 0.531144 -0.066428
0.631363 -8.091233 -5.171013 -68.200123 -0.520276 0.845808 -0.117987 -0.202354 -0.256321 -0.945173 0.829678 0.467876 -0.304511
0.620574 -5.345860 -6.992630 -53.610358 -0.503758 0.840287 -0.200362 0.127105 -0.157317 -0.979334 0.854443 0.518814 0.027555
0.388741 -8.211202 -4.772085 -34.147576 -0.514404 0.837617 -0.183812 -0.200715 -0.325994 -0.923819 0.833728 0.438322 -0.335815
0.235144 -7.654606 -2.943987 -27.782742 -0.507028 0.839560 -0.195095 -0.058655 -0.259431 -0.963979 0.859932 0.477321 -0.180783
0.324104 -6.435179 -6.440627 -9.269212 -0.488315 0.845795 -0.214893 0.089252 -0.196553 -0.976423 0.868091 0.495982 -0.020491
0.543267 -55.173587 3.639138 1493.232701 -0.376673 -0.360926 -0.853141 -0.511418 0.848923 -0.133343 0.772378 0.386085 -0.504351
0.194014 -54.694774 -13.220563 -1425.762674 0.391681 0.387681 0.834440 0.743878 -0.667164 -0.039208 0.541508 0.636079 -0.549703
0.792141 -50.623747 7.655839 1469.638668 -0.386755 -0.382735 -0.839008 -0.596747 0.797510 -0.088724 0.703075 0.466361 -0.536837
0.718945 -29.062829 11.342946 699.330876 -0.399441 -0.367645 -0.839812 -0.338999 0.910369 -0.237294 0.851779 0.189910 -0.488270
0.686109 -27.942207 16.437386 -236.585648 -0.408183 -0.373015 -0.833215 0.022288 0.908368 -0.417578 0.912628 -0.189019 -0.362466
0.759952 -29.533229 -1.483484 -209.613945 -0.342789 -0.384565 -0.857091 0.012886 0.910359 -0.413619 0.939324 -0.152829 -0.307106
1.796270 -6.497674 8.418546 69.916369 -0.595922 -0.425081 -0.681310 0.742593 0.031238 -0.669015 0.305668 -0.904616 0.297046
1.265821 -7.927191 23.829923 76.132290 -0.593311 -0.331079 -0.733736 0.765508 0.049844 -0.641493 0.248958 -0.942286 0.223871
1.591041 -9.138947 24.036912 80.861970 -0.626859 -0.337648 -0.702169 0.767071 -0.109490 -0.632150 0.136563 -0.934883 0.327635
1.844019 -8.671890 2.286416 95.697563 -0.605303 -0.447238 -0.658473 0.762855 -0.089728 -0.640313 0.227289 -0.889903 0.395490
-3.721229 -6.978206 -14.095403 103.251441 -0.424801 0.653070 -0.626932 -0.475071 0.428687 0.768463 -0.770618 -0.624281 -0.128148
-4.314915 -5.762762 25.011512 21.321859 -0.512320 0.846937 -0.142218 -0.314154 -0.030699 0.948876 -0.799272 -0.530807 -0.281797
-4.460023 -7.129999 -1.773478 61.758060 -0.315928 0.709452 -0.629974 -0.591443 0.371924 0.715450 -0.741880 -0.598624 -0.302099
-3.262190 -4.895772 -0.236019 21.426060 -0.521246 0.822437 0.227815 -0.039095 -0.289679 0.956325 -0.852511 -0.489574 -0.183148
4.520371 -7.208130 11.025333 2.297049 0.539049 -0.559185 0.629872 0.636442 0.760246 0.130257 -0.551695 0.330662 0.765699
4.494518 -7.256356 16.799333 24.931118 0.534261 -0.606507 0.588824 0.741690 0.670510 0.017685 -0.405539 0.427276 0.808067
3.920829 -6.137752 6.517523 -21.140706 0.610586 -0.594888 0.522774 0.604852 0.776406 0.177055 -0.511213 0.208094 0.833882
2.458067 -3.372237 311.107268 -0.248697 0.001395 -0.820735 -0.571307 0.893350 -0.255699 0.369517 -0.449359 -0.510893 0.732847
4.495752 -4.000489 324.320206 36.725227 0.192548 -0.849857 -0.490579 0.865072 -0.088987 0.493692 -0.463223 -0.519445 0.718054
7.200565 -4.019094 445.843494 1.789643 -0.131935 -0.750074 -0.648061 0.886489 -0.381817 0.261445 -0.443544 -0.540005 0.715307
-0.031513 -2.247409 5.139541 3.937576 -0.561881 0.825474 0.053686 0.232572 0.095358 0.967893 -0.793852 -0.556326 0.245562
-0.145886 -2.149900 -1.529576 1.656652 -0.577897 0.815961 0.015552 0.201359 0.124092 0.971625 -0.790879 -0.564631 0.236013
0.190330 -2.413386 12.527389 7.980620 -0.544999 0.833056 0.094838 0.234565 0.042897 0.971153 -0.804957 -0.551523 0.218785
-0.009911 -2.149239 -1.436940 -4.462168 -0.584011 0.811180 -0.030298 0.224165 0.197036 0.954425 -0.780180 -0.550603 0.296909
0.158267 -2.163055 5.872809 -2.869241 -0.571815 0.820380 -0.002108 0.252917 0.178730 0.950836 -0.780423 -0.543169 0.309689
0.326704 -2.278904 10.989809 1.652475 -0.559382 0.828000 0.038839 0.258243 0.129558 0.957353 -0.787656 -0.545556 0.286298
-0.602751 -1.673961 -2.906837 18.544131 0.360782 -0.575050 0.734270 0.786369 -0.235744 -0.571006 0.501457 0.783417 0.367150
-0.899565 -2.264987 -11.267117 -25.293699 0.615152 -0.631148 0.472484 -0.611426 -0.003560 0.791293 0.497741 0.775655 0.388090
-0.612883 -1.626284 -8.302616 22.977660 0.378349 -0.583217 0.718825 0.760703 -0.246569 -0.600445 0.527430 0.773990 0.350366
-0.291243 -3.473125 0.282787 -0.793262 -0.385500 0.919316 0.079045 0.697828 0.234429 0.676816 -0.603677 -0.316073 0.731896
-0.306748 -3.516364 1.322385 2.876054 -0.387999 0.920202 0.051813 0.563688 0.192448 0.803256 -0.729187 -0.340869 0.593376
-0.218663 -3.449259 2.681829 2.839123 -0.366825 0.928638 0.055412 0.555872 0.171037 0.813482 -0.745953 -0.329207 0.578945
-0.217506 -6.251138 -2.356268 -4.819937 -0.608435 0.790912 -0.065315 -0.285158 -0.141076 0.948041 -0.740602 -0.595447 -0.311370
-0.268937 -6.219604 -2.046017 1.323589 -0.607041 0.793077 -0.050291 -0.075090 0.005756 0.997160 -0.791115 -0.609094 -0.056058
-0.379687 -6.083114 -3.024648 4.419116 -0.600591 0.797597 -0.055939 -0.055652 0.028092 0.998055 -0.797617 -0.602536 -0.027515
-2.243771 -12.642898 2.901213 55.830943 -0.554962 0.743065 -0.373995 0.726079 0.213256 -0.653706 -0.405989 -0.634332 -0.657873
-2.003617 -12.259539 16.285263 -22.052758 -0.501332 0.818056 -0.281870 -0.656822 -0.147743 0.739430 -0.563251 -0.555838 -0.611385
-1.945832 -11.816637 21.399394 73.291177 -0.476719 0.842860 -0.249651 0.809240 0.309870 -0.499110 -0.343321 -0.439963 -0.829797
-1.621563 -11.716230 19.462126 -30.477308 -0.460928 0.865529 -0.195970 -0.640201 -0.171381 0.748847 -0.614563 -0.470624 -0.633107
0.338837 -3.430750 -0.636193 12.968710 -0.355412 0.921192 -0.158389 0.929939 0.365583 0.039528 0.094317 -0.133243 -0.986585
0.583991 -3.221959 0.088696 -1.119204 -0.307200 0.940570 -0.144762 -0.925250 -0.330781 -0.185729 0.222576 -0.076885 -0.971879
-2.570677 -6.418060 -14.925652 -159.524348 -0.708071 -0.404691 -0.578672 -0.412915 0.902066 -0.125607 0.572833 0.150004 -0.805830
0.442731 -7.016177 8.262234 -34.550378 -0.499043 0.850539 -0.165948 0.320300 0.358978 0.876666 -0.805211 -0.384341 0.451573
0.715252 -6.608404 9.104866 4.888141 -0.519092 0.836748 -0.174346 0.224146 0.330109 0.916944 -0.824804 -0.436900 0.358910
-0.044004 -9.712451 -0.463165 -24.217366 0.489372 -0.858387 0.153905 0.803599 0.375318 -0.461914 0.338738 0.349726 0.873469
-1.064507 -7.228916 5.095023 -1.345032 -0.593661 0.708304 -0.381932 0.745269 0.662966 0.071071 -0.303547 0.242450 0.921454
-1.027464 -6.930760 4.593227 -7.360628 -0.582859 0.722073 -0.372674 0.672667 0.686054 0.277217 -0.455846 0.089107 0.885587
-1.195515 -6.800784 0.521408 -7.133921 -0.597074 0.741822 -0.305292 0.676419 0.670164 0.305511 -0.431230 0.024093 0.901920
0.255916 -10.490152 1.206950 19.776747 -0.524526 0.799257 -0.293360 -0.156608 -0.429259 -0.889500 0.836867 0.420623 -0.350328
0.312703 -10.153687 1.352553 -6.922092 -0.509241 0.812239 -0.284503 -0.111762 -0.390191 -0.913926 0.853336 0.433612 -0.289478
0.283155 -11.084085 1.781768 31.223092 -0.525987 0.804450 -0.276040 -0.019353 -0.335802 -0.941734 0.850272 0.489998 -0.192196
0.222014 -11.299897 1.215779 76.689641 -0.535480 0.795052 -0.284874 -0.083434 -0.385460 -0.918945 0.840417 0.468308 -0.272740
0.314710 -11.411745 2.015115 4.118001 -0.528445 0.811223 -0.250326 0.120361 -0.220292 -0.967980 0.840392 0.541654 -0.018773
0.233351 -12.547698 1.256210 45.053647 -0.537101 0.800081 -0.267194 0.065560 -0.276208 -0.958859 0.840966 0.532522 -0.095899
-0.237610 -10.457911 -4.786065 -42.527993 -0.385878 0.882621 -0.268475 -0.050762 -0.310886 -0.949091 0.921152 0.352605 -0.164767
0.268869 -1.520183 17.742029 -77.432489 -0.291620 0.905349 -0.308710 -0.765085 -0.027064 0.643360 -0.574111 -0.423806 -0.700561
0.562741 0.133486 48.613134 -109.861355 0.046249 0.863668 -0.501935 -0.859832 0.290189 0.420095 -0.508478 -0.412151 -0.756030
-0.090442 -2.179578 30.564004 -86.105865 -0.394399 0.898537 -0.192565 -0.716738 -0.169643 0.676393 -0.575097 -0.404787 -0.710923
0.773477 0.119842 -26.537300 -89.074686 -0.485523 0.845518 -0.222187 -0.710251 -0.233320 0.664158 -0.509716 -0.480272 -0.713812
0.181089 -1.376454 -1.884085 -52.082423 -0.344924 0.888895 -0.301485 -0.732838 -0.054334 0.678230 -0.586495 -0.454877 -0.670157
-4.005759 -6.936303 -12.815539 -25.095732 -0.105844 0.811438 -0.574774 0.173402 0.584226 0.792850 -0.979147 0.015749 0.202542
-4.197493 -6.010642 -10.418873 -41.756036 -0.032494 0.798855 -0.600646 -0.046698 0.599093 0.799316 -0.998380 -0.054022 -0.017838
-4.083128 -5.998459 8.191774 -38.460314 0.074748 0.774707 -0.627886 -0.025937 0.630945 0.775394 -0.996865 0.041674 -0.067256
-0.521801 -10.364870 -4.806970 -61.898463 -0.517874 0.844906 -0.133944 -0.316264 -0.043615 0.947668 -0.794848 -0.533134 -0.289800
44.702889 -109.912332 -1188.165294 -3442.230810 -0.153411 -0.598783 -0.786081 0.941246 0.153659 -0.300740 0.300867 -0.786033 0.540030
-18.104387 -483.052372 314.812912 -4530.037112 0.189161 -0.701041 -0.687575 0.885566 -0.180740 0.427910 -0.424254 -0.689837 0.586629
93.694400 -229.597840 -3048.867847 -21343.426615 -0.086494 -0.834150 -0.544714 0.964399 0.067049 -0.255810 0.249906 -0.547448 0.798654
6.509843 -575.647513 -3084.918146 18286.850320 -0.124626 -0.556714 -0.821303 0.434290 0.713645 -0.549639 0.892110 -0.425183 0.152836
0.592650 -2.828623 21.299064 -3.160989 0.713546 -0.700584 -0.005881 0.291295 0.304297 -0.906946 -0.637181 -0.645434 -0.421207
0.586504 -2.669429 -14.505468 -0.741461 -0.714523 0.698028 0.047040 -0.301917 -0.368309 0.879315 -0.631112 -0.614088 -0.473913
0.960006 -2.521750 -7.549250 3.867964 -0.672302 0.739951 -0.021963 -0.316872 -0.260836 0.911897 -0.669031 -0.620030 -0.409831
0.745459 -2.532570 -16.184760 7.741625 -0.670828 0.736139 -0.089944 -0.301261 -0.159671 0.940078 -0.677667 -0.657727 -0.328881
-2.714654 -6.625301 -9.050505 27.637550 -0.358254 0.781110 -0.511391 0.686518 0.591617 0.422710 -0.632731 0.199642 0.748195
-2.842993 -7.102832 -10.691644 14.858813 -0.358250 0.786494 -0.503075 0.524349 0.615326 0.588585 -0.772473 0.052926 0.632838
-2.531141 -6.670698 -4.964938 24.383037 -0.423883 0.771904 -0.473801 0.639221 0.625568 0.447282 -0.641653 0.113269 0.758585
-3.187757 -7.140522 -14.714054 19.454284 -0.279686 0.797021 -0.535288 0.572223 0.586074 0.573654 -0.770932 0.145861 0.619990
-2.383963 -5.943833 -3.651063 28.038546 -0.435771 0.760978 -0.480642 0.749267 0.602593 0.274739 -0.498702 0.240406 0.832767
-2.471893 -5.776044 -6.621894 30.000793 -0.362481 0.775434 -0.517019 0.798557 0.544440 0.256694 -0.480535 0.319823 0.816578
