17690
35359
-3.859407 -4.691346 23.896284 -38.597069 0.173146 0.050915 0.983579 -0.056871 0.997513 -0.041624 -0.983253 -0.048730 0.175611
-3.420176 -5.231079 28.529619 -19.521456 0.208647 -0.241845 0.947617 0.137015 0.966615 0.216525 -0.968346 0.084660 0.234818
-4.869624 -6.744947 11.000637 -98.466505 0.228647 0.597653 0.768460 -0.036318 0.794058 -0.606755 -0.972832 0.110824 0.203265
-2.746703 -4.574739 6.460697 -19.233851 0.219933 -0.425915 0.877625 0.093981 0.904719 0.415513 -0.970977 -0.008905 0.239006
-3.701071 -7.485084 -24.869615 -111.014196 0.093386 0.567274 0.818217 -0.047175 0.823406 -0.565488 -0.994512 0.014209 0.103656
-2.985952 -5.286650 -34.324654 -92.467054 0.019692 0.417116 0.908640 -0.168807 0.897156 -0.408186 -0.985452 -0.145347 0.088079
-2.786622 -3.719017 23.726082 -30.309688 0.194191 -0.507780 0.839315 -0.083858 0.843877 0.529942 -0.977373 -0.173294 0.121292
-2.613147 -3.957057 4.693371 -18.517371 0.241999 -0.591106 0.769435 0.024224 0.796439 0.604233 -0.969974 -0.127585 0.207057
4.837907 -3.970262 46.322136 -27.735603 0.029530 0.157255 -0.987116 0.977588 -0.210484 -0.004287 -0.208447 -0.964866 -0.159946
3.379291 -3.581737 42.727674 -12.557356 0.010296 0.281263 -0.959575 0.966217 -0.249940 -0.062893 -0.257525 -0.926510 -0.274335
3.713961 -3.468315 31.740378 3.952286 0.020723 0.212820 -0.976872 0.959545 -0.278650 -0.040351 -0.280792 -0.936516 -0.209985
4.362088 -3.597246 17.789643 11.181622 0.058212 0.076989 -0.995331 0.960749 -0.275217 0.034901 -0.271245 -0.958295 -0.089988
5.792740 -4.120809 40.823192 -20.186918 0.077035 -0.038077 -0.996301 0.971263 -0.222839 0.083616 -0.225198 -0.974111 0.019816
7.670573 -5.546850 92.447428 -61.325854 0.027169 -0.027427 -0.999255 0.993186 -0.112589 0.030094 -0.113331 -0.993263 0.024181
-2.890665 -4.960158 -35.955525 -2.708490 -0.555577 -0.031212 0.830879 0.203036 0.963951 0.171973 -0.806294 0.264243 -0.529212
-2.851459 -4.695018 -22.129158 16.184502 -0.581205 -0.109294 0.806384 0.272204 0.907745 0.319224 -0.766880 0.405036 -0.497836
-2.072558 -4.549606 -54.332397 -1.728824 -0.587648 0.115812 0.800785 0.289246 0.954372 0.074236 -0.755649 0.275249 -0.594333
-1.816884 -4.475400 -68.367150 -13.422838 -0.566288 0.232091 0.790855 0.243893 0.963748 -0.108191 -0.787295 0.131617 -0.602365
-0.502789 -3.469353 38.828745 4.275885 -0.159297 0.563439 0.810655 -0.631839 0.572749 -0.522243 -0.758554 -0.595395 0.264765
-0.568505 -3.631046 -35.676800 -5.307148 0.130434 -0.538767 -0.832296 0.736392 -0.509449 0.445183 -0.663863 -0.670963 0.330294
0.401048 -3.420790 37.656594 -4.272768 -0.173058 0.568600 0.804205 0.672353 -0.528467 0.518328 -0.719717 -0.630410 0.290845
1.271696 -3.334660 32.791710 -4.024428 -0.197648 0.556372 0.807085 0.711093 -0.485341 0.508715 -0.674746 -0.674459 0.299706
1.088542 -3.296788 27.674657 1.571278 -0.201104 0.556068 0.806440 0.650968 -0.539315 0.534209 -0.731982 -0.632398 0.253525
-1.120900 -4.337293 10.595619 0.887603 -0.602246 0.457547 -0.654179 0.790776 0.454233 -0.410298 0.109419 -0.764410 -0.635378
-0.634311 -4.230059 15.395474 12.694765 -0.553493 0.504998 -0.662286 0.813504 0.498228 -0.299968 0.178486 -0.704803 -0.686583
-0.902981 -4.402200 10.916805 10.501817 -0.600807 0.448110 -0.661988 0.762268 0.570584 -0.305583 0.240784 -0.688209 -0.684391
-0.289428 -5.381810 -0.190040 -4.802550 0.115732 -0.304618 0.945417 0.290488 0.920580 0.261055 -0.949854 0.244420 0.195028
-0.365220 -5.777211 3.164855 1.080895 0.131551 -0.303614 0.943670 0.434691 0.873208 0.220346 -0.890920 0.381218 0.246849
-0.278404 -5.800694 -2.584085 8.062337 0.111530 -0.294304 0.949182 0.436913 0.872397 0.219158 -0.892563 0.390267 0.225884
0.095767 -8.020064 -15.427620 44.594922 0.361983 -0.151605 -0.919774 0.370807 0.928683 -0.007140 0.855261 -0.338474 0.392383
-0.164596 -8.047842 -7.290868 22.336530 0.351730 -0.124503 -0.927785 0.424875 0.904381 0.039710 0.834127 -0.408160 0.370996
0.209135 -7.514055 -19.014256 31.970320 0.374846 -0.131969 -0.917646 0.232676 0.971528 -0.044673 0.897414 -0.196769 0.394880
0.770424 -7.806752 -30.673901 49.390939 0.363737 -0.185801 -0.912783 0.251913 0.963012 -0.095640 0.896792 -0.195154 0.397089
0.731450 -7.124690 -30.376433 14.179626 0.385782 -0.153293 -0.909766 0.070757 0.988111 -0.136490 0.919873 -0.011716 0.392042
-0.019792 -7.009449 -14.398197 18.952842 0.371717 -0.103396 -0.922570 0.080889 0.993606 -0.078766 0.924815 -0.045347 0.377704
0.133237 -2.312269 4.690444 -6.222795 -0.378092 0.660507 0.648673 -0.105792 0.665270 -0.739070 -0.919703 -0.348061 -0.181657
0.318247 -2.431382 2.907936 3.741415 -0.384452 0.686047 0.617686 0.032496 -0.658639 0.751757 -0.922573 -0.309086 -0.230921
0.309545 -2.412308 -1.242557 -1.493391 -0.373455 0.620274 0.689776 -0.059919 0.725893 -0.685193 -0.925711 -0.297220 -0.233922
0.366710 -2.315737 11.886851 5.450691 -0.378604 0.695054 0.611195 0.099017 -0.626146 0.773393 -0.920247 -0.353329 -0.168239
0.034112 -2.316946 -2.273575 -5.786113 -0.368322 0.595409 0.714021 -0.147432 0.720889 -0.677188 -0.917934 -0.354693 -0.177736
0.153520 -2.210057 13.879615 5.771189 -0.377758 0.687442 0.620260 0.142871 -0.618596 0.772610 -0.914815 -0.380477 -0.135464
-0.164780 -2.185987 3.831653 -5.452281 -0.368797 0.630080 0.683365 -0.189193 0.668915 -0.718859 -0.910052 -0.394401 -0.127487
0.186127 -3.593865 -0.969459 -6.246409 0.217369 -0.242275 -0.945544 0.835462 -0.454734 0.308578 -0.504731 -0.857042 0.103566
0.173959 -3.743587 -0.364263 -0.975859 0.224788 -0.241724 -0.943949 0.892755 -0.337098 0.298920 -0.390460 -0.909909 0.140025
-0.052770 -3.697084 8.607228 -4.894711 0.213076 -0.215118 -0.953060 0.848288 -0.443261 0.289702 -0.484775 -0.870197 0.088034
0.035491 -3.456658 5.324197 -9.795574 0.205150 -0.221452 -0.953348 0.789438 -0.538336 0.294927 -0.578534 -0.813113 0.064383
-0.327816 -3.836895 13.841075 1.771568 0.212487 -0.212173 -0.953851 0.881350 -0.379930 0.280847 -0.421985 -0.900353 0.106269
-0.355825 -3.745103 15.958902 -5.210613 0.188412 -0.188896 -0.963753 0.835986 -0.484143 0.258327 -0.515391 -0.854356 0.066696
-0.309038 -3.512144 13.583870 -9.369543 0.180978 -0.184915 -0.965947 0.785226 -0.564208 0.255127 -0.592172 -0.804659 0.043090
59.996336 1.436462 1563.811036 -15.258622 -0.368780 0.067347 0.927074 -0.250543 0.953256 -0.168912 -0.895115 -0.294563 -0.334668
524.566082 -4.794647 -27974.428818 279.442133 -0.960456 -0.226733 -0.161603 -0.232840 0.972316 0.019653 0.152673 0.056503 -0.986660
79.947678 3.677833 2375.654056 -24.919369 -0.369246 0.038338 0.928541 -0.282099 0.947380 -0.151296 -0.885482 -0.317806 -0.339001
75.011441 -1.691086 2380.437947 -20.344983 -0.296418 0.043269 0.954078 -0.251626 0.960140 -0.121721 -0.921315 -0.276151 -0.273715
42.710294 -2.736467 1119.987542 -102.269225 -0.576626 -0.003527 0.817001 -0.223483 0.962533 -0.153575 -0.785849 -0.271141 -0.555810
-0.570930 -6.720029 6.116164 9.812841 0.107553 0.177206 -0.978279 0.904187 0.391693 0.170359 0.413374 -0.902870 -0.118099
-0.506998 -6.889973 8.187635 13.361872 0.117563 0.189672 -0.974784 0.953266 0.253552 0.164303 0.278322 -0.948544 -0.151000
-0.260998 -7.040991 14.432832 13.877456 0.093956 0.207001 -0.973819 0.923451 0.347401 0.162943 0.372035 -0.914583 -0.158515
-0.423640 -6.794353 13.827243 9.201918 0.079827 0.197103 -0.977127 0.846789 0.503763 0.170796 0.525905 -0.841055 -0.126691
-0.286723 -5.853588 -9.707318 6.891422 -0.212705 0.944394 0.250753 -0.600411 -0.328786 0.728976 -0.770885 -0.004502 -0.636959
-1.277748 -5.946346 -18.988528 -19.931566 -0.273251 0.909272 0.313940 -0.428340 -0.407232 0.806652 -0.861312 -0.085945 -0.500754
-1.122611 -5.121638 -15.749324 -9.961528 -0.127806 0.980118 0.151773 -0.570624 -0.197829 0.797027 -0.811205 -0.015260 -0.584562
0.185805 -4.727503 15.629387 11.124326 0.020752 0.999711 0.012122 -0.686659 0.005439 0.726960 -0.726684 0.023410 -0.686573
-0.442753 -9.573729 15.594301 -91.672914 0.272743 0.152850 0.949867 0.835156 -0.527756 -0.154880 0.477625 0.835530 -0.271595
-0.542691 -10.904959 6.371038 -76.385843 0.277094 0.187644 0.942342 0.694655 -0.716705 -0.061548 0.663833 0.671657 -0.328943
-0.671120 -9.707322 2.334902 -80.679344 0.284982 0.199275 0.937590 0.802930 -0.583879 -0.119954 0.523535 0.787004 -0.326399
-0.806651 -8.437306 12.413370 -57.811581 0.271730 0.172270 0.946829 0.896366 -0.403394 -0.183853 0.350273 0.898664 -0.264031
-0.857940 -8.384843 -3.576674 -61.291448 0.277361 0.216479 0.936060 0.891499 -0.421220 -0.166743 0.358191 0.880744 -0.309820
0.256188 -9.974836 -0.486062 -51.257318 0.155153 -0.802963 -0.575480 0.976845 0.037831 0.210577 -0.147315 -0.594826 0.790240
0.276938 -9.189836 3.508612 -60.458088 0.162748 -0.794491 -0.585061 0.936213 -0.062843 0.345768 -0.311477 -0.604015 0.733586
0.274384 -10.219308 -0.458625 -43.342866 0.144260 -0.803393 -0.577709 0.987605 0.080406 0.134799 -0.061845 -0.589995 0.805035
0.253971 -9.136790 -0.812800 -45.690034 0.166269 -0.801604 -0.574270 0.928088 -0.069558 0.365805 -0.333176 -0.593796 0.732394
-0.689638 -8.089200 7.863196 -63.437181 -0.235044 -0.197277 -0.951754 0.841534 -0.531296 -0.097698 -0.486390 -0.823897 0.290893
-0.734782 -7.190320 1.228471 -17.264320 -0.194971 -0.252715 -0.947693 0.752292 -0.658501 0.020828 -0.629320 -0.708881 0.318504
-0.685776 -7.966333 1.200896 -17.133454 -0.194560 -0.226689 -0.954337 0.779056 -0.626876 -0.009921 -0.596002 -0.745412 0.298569
0.997518 -5.148397 -41.028482 183.515767 -0.553332 0.656112 -0.513168 0.204265 0.704148 0.680038 0.807527 0.271465 -0.523648
8.493670 -8.697660 184.425286 203.511542 -0.676658 0.518472 -0.522802 0.169292 0.800571 0.574827 0.716571 0.300454 -0.629486
-1.541788 -14.390235 66.798165 636.118660 -0.651390 -0.096543 -0.752576 -0.134814 0.990816 -0.010418 0.746670 0.094671 -0.658423
3.052659 -23.257728 131.788843 619.432141 -0.585968 0.355583 -0.728150 0.063954 0.916070 0.395886 0.807807 0.185408 -0.559528
0.548450 -6.920676 31.866839 241.623133 -0.616070 0.451118 -0.645717 0.098465 0.857434 0.505086 0.781513 0.247588 -0.572658
-2.176180 -3.227195 105.220243 -20.730583 -0.122132 0.900853 0.416590 -0.580240 0.275727 -0.766353 0.805236 0.335319 -0.489036
-0.498773 -4.571221 68.510955 -134.750649 0.058324 0.884613 0.462664 -0.541701 0.417333 -0.729653 0.838545 0.208069 -0.503536
-12.725547 -285.201471 418.182976 11468.739660 0.052545 0.088494 0.994690 0.944324 -0.328368 -0.020670 0.324795 0.940395 -0.100821
-3.365330 -262.480066 319.201487 -4773.835122 0.035302 0.096326 0.994724 0.996185 0.076094 -0.042722 -0.079808 0.992437 -0.093273
-4.153834 -343.752310 -423.667262 -18951.199558 -0.069215 -0.014576 -0.997495 0.152806 0.987939 -0.025039 0.985829 -0.154156 -0.066153
-7.736475 -319.077681 219.137761 -95085.734956 -0.123718 0.093893 -0.987865 0.005150 0.995561 0.093980 0.992304 0.006540 -0.123653
-32.354700 -243.529011 -688.567670 15632.993755 -0.127744 -0.023020 -0.991540 0.926625 0.353677 -0.127592 0.353622 -0.935084 -0.023849
0.526891 -3.426417 10.237296 7.021812 0.272765 -0.265039 -0.924853 0.925360 -0.190777 0.327586 -0.263264 -0.945177 0.193219
0.534222 -3.233008 11.007141 9.770759 0.306066 -0.259312 -0.916013 0.941160 -0.062439 0.332144 -0.143324 -0.963773 0.224944
0.382515 -3.492911 2.026409 7.137359 0.268791 -0.258522 -0.927857 0.936136 -0.156628 0.314829 -0.226719 -0.953223 0.199911
0.344053 -3.602957 3.511246 1.250185 0.247884 -0.256458 -0.934228 0.912892 -0.260988 0.313868 -0.324316 -0.930653 0.169423
-0.403556 -2.956591 0.543857 17.591347 -0.544283 -0.728650 -0.415722 0.828397 -0.545008 -0.129322 -0.132342 -0.414771 0.900250
-0.949780 -3.710066 -6.317078 29.373663 -0.403013 -0.815351 -0.415671 0.893927 -0.448048 0.012155 -0.196152 -0.366681 0.909434
-0.500525 -3.334097 -5.451905 22.457094 -0.368628 -0.826122 -0.426187 0.920975 -0.386798 -0.046823 -0.126167 -0.409768 0.903422
-0.040031 -2.843800 -1.403974 5.253819 -0.520327 -0.745533 -0.416462 0.850190 -0.498065 -0.170610 -0.080230 -0.442845 0.893001
-0.402953 -9.396004 -1.268637 -53.850382 -0.251971 0.779761 0.573135 0.833803 0.475542 -0.280414 0.491206 -0.407226 0.769990
-0.161704 -11.038293 8.928030 -87.674055 -0.269729 0.770286 0.577846 0.763875 0.536532 -0.358649 0.586295 -0.344664 0.733120
-0.135083 -9.289495 -0.107969 -49.345353 0.263768 -0.771228 -0.579340 0.893995 0.420997 -0.153412 0.362216 -0.477462 0.800519
-0.134847 -8.405002 0.004515 -23.885015 0.227112 -0.790002 -0.569488 0.917985 0.368902 -0.145652 0.325151 -0.489702 0.808992
-0.770390 -3.048988 0.295690 -2.368079 0.615345 -0.546245 0.568302 0.608434 -0.129229 -0.783012 -0.501157 -0.827597 -0.252834
-0.932760 -2.951908 -2.976993 3.332956 -0.549769 0.532765 -0.643362 0.630479 -0.240579 -0.737982 -0.547951 -0.811346 -0.203635
-0.747085 -3.176677 2.224921 5.000718 -0.533574 0.553076 -0.639848 0.671381 -0.183099 -0.718138 -0.514341 -0.812762 -0.273628
-0.615710 -3.112585 1.197268 -10.249460 -0.588933 0.551959 -0.590338 0.657697 -0.097174 -0.746988 -0.469673 -0.828190 -0.305793
-0.129892 -2.806854 4.791358 11.564015 0.058331 -0.410870 -0.909826 0.919416 0.377184 -0.111387 0.388937 -0.830011 0.399762
-0.181739 -3.085911 3.749646 11.873440 -0.003294 -0.434124 -0.900847 0.948834 0.283096 -0.139895 0.315758 -0.855215 0.410979
-0.241316 -2.849980 0.720404 9.698294 0.022167 -0.424591 -0.905114 0.947809 0.296954 -0.116089 0.318068 -0.855301 0.409014
-0.012888 -2.562340 7.039300 5.442201 0.167685 -0.357949 -0.918561 0.874389 0.484351 -0.029123 0.455330 -0.798296 0.394205
-0.116649 -2.880106 8.533693 2.925404 0.127647 -0.374173 -0.918532 0.887927 0.455751 -0.062260 0.441918 -0.807642 0.390413
-0.300738 -3.228137 4.463057 -16.056350 -0.216855 0.023546 0.975920 0.976068 0.021887 0.216360 -0.016265 0.999483 -0.027729
-0.333755 -3.205339 1.076698 -71.542062 -0.264784 0.026176 0.963952 0.964131 0.026320 0.264119 -0.018458 0.999311 -0.032206
-0.480918 -4.091255 0.326590 -89.691996 -0.195131 0.031759 0.980263 0.980777 0.006600 0.195019 -0.000276 0.999474 -0.032436
-0.388625 -4.473700 3.403625 -49.752610 -0.153708 0.031570 0.987612 0.988115 0.006228 0.153588 -0.001302 0.999482 -0.032152
1.970073 -3.790455 -44.968582 1.271598 0.062390 -0.477258 -0.876545 0.875953 -0.394745 0.277277 -0.478345 -0.785112 0.393428
2.218780 -3.832502 -22.803202 5.160899 0.125556 -0.452854 -0.882700 0.923676 -0.271312 0.270577 -0.362019 -0.849302 0.384225
2.272762 -3.968823 -5.741833 3.815712 0.126004 -0.410849 -0.902954 0.877825 -0.377819 0.294407 -0.462110 -0.829733 0.313047
2.165594 -3.913457 -16.637321 -2.068045 0.072092 -0.436286 -0.896915 0.813892 -0.494064 0.305746 -0.576527 -0.752034 0.319472
-1.614806 -4.623398 3.083084 -101.192030 -0.497037 0.863812 0.082357 0.865810 0.487391 0.113238 0.057677 0.127589 -0.990149
-1.277192 -3.383168 -20.932147 67.801855 -0.228819 0.971893 0.055369 -0.967225 -0.220551 -0.125829 0.110080 0.082346 -0.990506
-0.835706 -2.451045 -23.059930 -1.876480 0.092661 0.987676 0.126136 0.992860 -0.101210 0.063133 0.075121 0.119385 -0.990002
-1.227163 -3.756603 -15.116484 40.134626 0.060602 0.987917 0.142644 0.997999 -0.062552 0.009222 0.018034 0.141800 -0.989731
-3.292209 -5.529493 -56.901055 92.173193 0.413200 0.899621 0.141234 0.910469 -0.411134 -0.044894 0.017678 0.147139 -0.988958
-4.427785 -13.580026 -83.462713 -388.672520 -0.686368 0.722051 0.086844 0.724788 0.669318 0.163389 0.059849 0.175088 -0.982732
-0.374629 -4.977609 8.506949 1.464478 0.223015 -0.604428 0.764808 0.741182 0.614742 0.269706 -0.633178 0.506714 0.585088
-0.236612 -4.686115 10.763773 20.131086 0.235526 -0.605489 0.760204 0.845399 0.513490 0.147065 -0.479403 0.608039 0.632820
-0.682587 -4.997516 5.705802 13.743934 0.240991 -0.579395 0.778605 0.838471 0.528311 0.133620 -0.488764 0.620636 0.613124
-0.363256 -4.915723 15.413198 -17.965965 0.256700 -0.583904 0.770169 0.604988 0.718520 0.343102 -0.753721 0.377869 0.537699
-0.234336 -5.317982 5.058747 -5.773883 0.234377 -0.582480 0.778321 0.599300 0.716964 0.356093 -0.765445 0.382988 0.517121
-6.336746 -14.512419 122.012811 654.824073 0.027811 -0.146504 0.988819 0.970203 -0.234231 -0.061991 0.240694 0.961079 0.135625
-1.833511 -8.058405 -54.317786 293.270417 -0.538358 0.081759 0.838741 0.841398 -0.003495 0.540404 0.047115 0.996646 -0.066910
-12.250735 -25.212292 -11.032042 833.366012 0.192087 0.118310 0.974220 0.936480 -0.318925 -0.145915 0.293440 0.940367 -0.172056
-1.706808 -5.063689 24.204048 3.200300 -0.261956 0.082516 -0.961546 0.251978 0.967626 0.014391 0.931604 -0.238518 -0.274267
-2.288252 -4.985637 6.098211 5.387736 -0.186300 0.046360 -0.981399 0.218366 0.975856 0.004646 0.957919 -0.213439 -0.191925
-2.146576 -5.027533 13.442872 -11.374231 -0.217198 0.081751 -0.972698 0.373742 0.927516 -0.005501 0.901744 -0.364733 -0.232008
-2.452092 -4.851272 8.228698 -16.353623 -0.169333 0.058983 -0.983792 0.465082 0.884856 -0.027000 0.868922 -0.462116 -0.177268
-2.031243 -4.940341 16.795586 -14.138314 -0.220669 0.126166 -0.967154 0.513645 0.857987 -0.005270 0.829141 -0.497936 -0.254135
0.404810 -3.453332 12.249000 20.589599 -0.083054 -0.547548 -0.832642 -0.613122 0.686751 -0.390453 0.785610 0.478083 -0.392751
0.077149 -3.171089 13.847974 20.388786 -0.121048 -0.521900 -0.844374 -0.677197 0.665358 -0.314171 0.725777 0.533778 -0.433969
0.056520 -3.833196 11.894508 18.499717 -0.080257 -0.559121 -0.825192 -0.582354 0.698180 -0.416423 0.808964 0.447133 -0.381641
0.312478 -3.924133 10.024387 17.562614 -0.060759 -0.575701 -0.815399 -0.533206 0.709304 -0.461063 0.843801 0.406762 -0.350064
393.517312 -35.728541 11563.738735 389.454067 -0.069320 -0.298278 0.951958 -0.442208 0.864568 0.238695 -0.894230 -0.404417 -0.191833
17.862981 -14.584708 545.506558 -184.162722 -0.162235 0.185072 0.969241 -0.367574 0.900225 -0.233419 -0.915734 -0.394137 -0.078020
65.442681 -21.143742 1645.604849 -482.859232 -0.190772 0.211919 0.958487 -0.582673 0.761356 -0.284306 -0.789999 -0.612722 -0.021766
1.309956 -2.881501 -17.148735 1.260044 -0.121517 0.520010 0.845472 0.968385 0.249067 -0.014007 -0.217863 0.817040 -0.533836
0.234195 -2.997521 -38.152586 -13.979794 -0.083274 0.589793 0.803250 0.963186 0.254393 -0.086934 -0.255614 0.766439 -0.589264
0.787473 -3.028482 -40.981073 0.482510 -0.158388 0.573081 0.804047 0.976963 0.208920 0.043543 -0.143028 0.792421 -0.592969
0.948448 -2.777424 -34.234486 7.321770 -0.241069 0.540427 0.806117 0.969266 0.176071 0.171819 -0.049078 0.822762 -0.566263
1.554443 -2.647284 -14.331357 7.864893 -0.190267 0.494309 0.848208 0.974478 0.199933 0.102077 -0.119127 0.845982 -0.519734
2.349913 -2.989989 27.293217 -0.991374 0.115107 0.520051 0.846343 0.908329 0.289785 -0.301601 -0.402106 0.803474 -0.439022
2.576128 -2.996572 26.116068 -5.472601 0.085757 0.525999 0.846150 0.937735 0.244310 -0.246911 -0.336598 0.814639 -0.472297
1.697909 -2.902655 32.214713 -2.559336 0.103362 0.459630 0.882075 0.927133 0.276629 -0.252787 -0.360196 0.843929 -0.397545
1.613038 -2.749687 28.941950 -1.350074 0.121110 0.467803 0.875496 0.896296 0.327509 -0.298985 -0.426598 0.820913 -0.379625
2.126591 -2.770564 28.431328 -3.227789 0.144106 0.517076 0.843721 0.869079 0.341599 -0.357787 -0.473218 0.784820 -0.400153
0.160224 -3.665474 4.519349 7.011520 -0.031965 -0.249563 -0.967831 -0.094500 0.964742 -0.245645 0.995012 0.083608 -0.054422
0.188667 -3.876137 0.925821 6.849313 -0.010526 -0.274852 -0.961429 -0.132086 0.953439 -0.271122 0.991182 0.124138 -0.046340
0.125563 -3.908823 2.640889 -15.153571 -0.017030 -0.306056 -0.951861 -0.204256 0.932988 -0.296333 0.978769 0.189377 -0.078403
0.128017 -4.004350 1.546041 17.965545 -0.019130 -0.192902 -0.981032 0.005559 0.981175 -0.193039 0.999802 -0.009146 -0.017698
0.136903 -3.670744 1.264525 15.060407 -0.025707 -0.225876 -0.973817 -0.011328 0.974142 -0.225652 0.999605 0.005230 -0.027601
0.153470 -3.284860 1.920199 -0.070108 -0.030355 -0.266272 -0.963420 -0.092983 0.960437 -0.262518 0.995205 0.081613 -0.053913
-2.945494 -9.789678 -15.752128 82.584054 -0.356981 0.769294 0.529859 -0.833100 -0.518765 0.191903 -0.422502 0.372920 -0.826089
-2.377379 -10.149127 -28.741618 72.363573 -0.371942 0.824415 0.426614 -0.857439 -0.481197 0.182340 -0.355610 0.297976 -0.885862
-2.664464 -9.044250 -18.238909 53.720465 -0.347624 0.798494 0.491492 -0.796508 -0.528045 0.294522 -0.494704 0.289094 -0.819569
-3.067525 -9.027853 -2.290059 49.934602 -0.323369 0.745589 0.582692 -0.774397 -0.562396 0.289861 -0.543821 0.357503 -0.759243
-3.312857 -10.051583 -5.829709 -83.423435 -0.334400 0.715058 0.613896 0.840773 0.520638 -0.148448 -0.425767 0.466506 -0.775303
-1.028788 -6.721694 4.737401 31.780448 0.209402 -0.722086 -0.659350 0.939569 -0.038192 0.340223 -0.270852 -0.690748 0.670452
-0.845196 -6.307877 14.139743 19.801301 0.210982 -0.701297 -0.680933 0.969575 0.061674 0.236897 -0.124139 -0.710196 0.692972
-1.029708 -6.234466 -3.312323 14.622910 0.178795 -0.740640 -0.647676 0.973435 0.037466 0.225879 -0.143029 -0.670857 0.727664
-0.886192 -6.123112 7.590609 -2.886883 0.183501 -0.719051 -0.670293 0.982970 0.141092 0.117745 0.009908 -0.680484 0.732696
-1.107384 -6.628959 -8.685563 27.544965 0.162012 -0.765181 -0.623097 0.942032 -0.068081 0.328544 -0.293816 -0.640205 0.709795
-1.072581 -6.174106 -0.915231 10.678060 0.154698 -0.760591 -0.630531 0.972938 0.006407 0.230977 -0.171639 -0.649199 0.741000
-1.017852 -5.962178 -2.159464 -1.666321 0.166344 -0.756783 -0.632146 0.986068 0.127285 0.107095 -0.000585 -0.641154 0.767412
-0.487765 -4.560397 -5.975221 -43.286396 0.008319 -0.318898 -0.947753 -0.693970 0.680546 -0.235080 0.719956 0.659667 -0.215644
-0.716930 -4.103165 4.986621 -51.409675 0.020570 -0.395506 -0.918233 -0.653930 0.689408 -0.311595 0.756275 0.606870 -0.244453
-0.810570 -5.388245 -6.931572 -72.552625 0.011847 -0.333897 -0.942535 -0.724571 0.646724 -0.238212 0.689098 0.685756 -0.234271
-0.661146 -6.092242 15.886734 47.342809 -0.038398 0.307335 0.950827 0.799731 -0.561057 0.213646 0.599129 0.768609 -0.224241
2.725652 -4.318124 -17.002978 -1.389734 0.072386 0.035506 -0.996745 0.922628 0.377210 0.080440 0.378838 -0.925447 -0.005454
1.993534 -4.261456 -20.384873 -5.383097 0.088642 -0.015200 -0.995948 0.873551 0.481615 0.070399 0.478593 -0.876251 0.055969
2.436058 -4.370655 -5.423388 -12.179951 0.086306 0.118343 -0.989215 0.877472 0.461184 0.131730 0.471799 -0.879377 -0.064039
6.232069 -7.747317 -6.460696 -64.805233 0.831699 -0.133673 -0.538896 0.425359 -0.470418 0.773160 0.356857 0.872261 0.334387
6.101704 -9.004612 -61.972783 -65.786050 0.871378 -0.035324 -0.489339 0.363231 -0.624013 0.691860 0.329794 0.780615 0.530920
5.553498 -8.029450 -66.686773 -76.220806 0.893898 0.055718 -0.444795 0.423107 -0.432643 0.796116 0.148080 0.899842 0.410313
5.720791 -6.383515 13.737831 -42.653802 0.830241 -0.159426 -0.534118 0.472416 -0.307322 0.826061 0.295842 0.938156 0.179836
5.337601 -6.691761 64.376482 -25.354447 0.691476 -0.333684 -0.640715 0.476589 -0.455809 0.751732 0.542885 0.825163 0.156151
0.529250 -8.093398 -1.903860 -20.870750 -0.302427 0.793219 0.528529 -0.658676 -0.574717 0.485640 -0.688973 0.201259 -0.696284
0.442160 -6.577780 -11.055521 20.109227 -0.298416 0.819248 0.489674 -0.711684 -0.532858 0.457786 -0.635967 0.211882 -0.742059
0.539454 -9.322225 -10.098421 102.366508 -0.237647 0.850937 0.468433 -0.780908 -0.454168 0.428851 -0.577673 0.263889 -0.772436
0.711546 -8.454989 0.933221 44.967256 -0.258649 0.801672 0.538909 -0.697468 -0.540970 0.469989 -0.668311 0.254310 -0.699062
0.710872 -7.995812 -3.526087 -51.266766 -0.316444 0.767139 0.557998 -0.579971 -0.621940 0.526141 -0.750664 0.157128 -0.641727
0.705505 -10.174739 6.531267 103.891975 -0.211177 0.828970 0.517892 -0.782721 -0.460771 0.418375 -0.585450 0.317014 -0.746157
-0.492391 -4.870359 1.315135 -1.599543 0.090290 -0.111641 -0.989638 0.847665 0.530242 0.017520 0.522792 -0.840464 0.142510
-0.568210 -4.798493 -7.323372 3.255130 0.105834 -0.132198 -0.985557 0.885256 0.463944 0.032832 0.452903 -0.875945 0.166130
-0.636152 -4.952419 5.956699 3.313843 0.123867 -0.082692 -0.988847 0.901910 0.424924 0.077443 0.413781 -0.901444 0.127215
-0.480147 -5.077142 7.683393 0.874678 0.110572 -0.066373 -0.991649 0.870177 0.488522 0.064330 0.480173 -0.870023 0.111773
0.489049 -2.564015 -3.303040 -7.791886 -0.227840 0.513871 0.827058 0.833439 -0.336264 0.438527 0.503456 0.789217 -0.351666
0.522511 -2.609628 -4.020058 -8.706374 -0.173746 0.509016 0.843039 0.825048 -0.392164 0.406821 0.537688 0.766231 -0.351826
0.722233 -2.781526 -6.569786 -4.700544 -0.210281 0.511309 0.833274 0.783355 -0.421830 0.456525 0.584925 0.748747 -0.311833
0.707676 -2.730941 -5.344341 -6.028981 -0.262793 0.519782 0.812875 0.801305 -0.351713 0.483951 0.537448 0.778540 -0.324076
0.821573 -9.051224 -10.742743 25.938255 -0.251626 0.154934 0.955343 0.858985 -0.419033 0.294203 0.445902 0.894655 -0.027647
0.954402 -8.887450 -15.076402 24.548472 -0.208602 0.143240 0.967454 0.775788 -0.578109 0.252869 0.595515 0.803289 0.009471
1.187696 -10.405401 -2.580599 54.859850 -0.267952 0.100650 0.958160 0.846723 -0.449865 0.284044 0.459632 0.887407 0.035319
0.726092 -8.451739 -13.853503 11.114779 -0.199430 0.161130 0.966574 0.759337 -0.598064 0.256370 0.619382 0.785083 -0.003081
0.522549 -8.699781 -14.374311 -0.933459 -0.287559 0.192424 0.938234 0.919399 -0.219017 0.326705 0.268355 0.956559 -0.113934
0.528852 -8.382770 -16.480258 8.826865 -0.217343 0.188590 0.957703 0.845641 -0.453645 0.281242 0.487497 0.870999 -0.060883
-0.320077 -1.667931 -10.230589 -6.315893 0.074873 0.512369 0.855495 0.827732 -0.510361 0.233220 0.556106 0.690659 -0.462317
0.037227 -1.760952 -14.988538 -2.625534 -0.066459 0.598533 0.798337 0.860117 -0.371184 0.349888 0.505749 0.709916 -0.490140
-0.418129 -1.373674 -6.079995 -3.180691 -0.102230 0.591714 0.799639 0.849098 -0.366884 0.380039 0.518249 0.717823 -0.464917
0.152733 -20.469954 -9.281736 -113.018583 -0.542937 0.259652 -0.798624 0.838634 0.217175 -0.499529 0.043737 -0.940966 -0.335665
0.021330 -21.569951 -4.372687 21.059462 -0.550365 0.258792 -0.793805 0.746366 0.578624 -0.328834 0.374215 -0.773447 -0.511608
0.116472 -21.023946 -13.467731 51.968673 -0.528889 0.245727 -0.812339 0.815301 0.412947 -0.405904 0.235711 -0.876979 -0.418745
1.214474 -27.935730 16.182613 653.877636 -0.565702 0.078700 -0.820846 -0.439275 0.813676 0.380747 0.697867 0.575966 -0.425728
0.603931 -18.202488 -16.861057 -300.914737 0.551797 -0.111621 0.826475 0.618473 -0.610044 -0.495315 0.559474 0.784466 -0.267586
0.801531 -28.041555 -11.074011 603.066693 -0.544672 0.128733 -0.828710 -0.432838 0.803218 0.409258 0.718320 0.581609 -0.381770
-0.152710 -5.993089 -7.150041 -45.808253 0.190558 -0.086564 -0.977852 0.815075 -0.541210 0.206747 -0.547120 -0.836420 -0.032576
-0.217306 -4.923964 0.127435 -35.465215 0.193959 -0.083278 -0.977468 0.771935 -0.601925 0.204458 -0.605389 -0.794199 -0.052464
-0.259473 -5.148339 -10.745137 6.305232 0.232976 -0.138397 -0.962584 0.720688 -0.640011 0.266448 -0.652940 -0.755799 -0.049366
2.734305 -2.987729 39.258795 -14.311749 -0.399483 0.186143 0.897643 0.826684 -0.350078 0.440499 0.396241 0.918039 -0.014031
2.641986 -2.614869 49.898856 -16.454675 -0.436576 0.159114 0.885485 0.844866 -0.265751 0.464303 0.309196 0.950820 -0.018409
3.173237 -2.278033 17.703793 -16.980033 -0.392239 0.274923 0.877819 0.849147 -0.258712 0.460453 0.353691 0.926005 -0.131973
2.912862 -2.633230 -2.065824 -17.626924 -0.344530 0.323731 0.881191 0.837536 -0.318019 0.444295 0.424068 0.891102 -0.161569
-1.024654 -2.870124 -3.349607 -11.023638 0.068782 -0.616255 -0.784537 0.799014 0.504913 -0.326559 0.597366 -0.604394 0.527125
-1.130617 -2.794197 -2.809445 -11.070469 0.079014 -0.582685 -0.808848 0.813440 0.506719 -0.285572 0.576257 -0.635385 0.514017
-1.072102 -3.065898 3.428622 -5.358558 -0.077628 0.583573 0.808342 0.752711 0.565970 -0.336310 0.653758 -0.582341 0.483197
-0.974254 -3.164220 -1.160108 -3.977833 0.063680 -0.593638 -0.802209 0.700084 0.599440 -0.388014 0.711215 -0.536905 0.453768
-0.956465 -3.081906 0.180803 -5.330039 -0.063574 0.624369 0.778538 0.738816 0.553888 -0.383875 0.670902 -0.550791 0.496507
-0.375791 -5.603193 -1.865372 -10.998414 0.156847 -0.013044 -0.987537 0.963448 0.221903 0.150090 0.217179 -0.974982 0.047372
-0.312776 -5.445452 -7.569497 -9.328767 0.161950 -0.038599 -0.986044 0.932748 0.332155 0.140194 0.322108 -0.942435 0.089796
-0.314103 -5.369724 -6.045007 -8.854891 0.167844 -0.048950 -0.984598 0.949415 0.276918 0.148079 0.265404 -0.959646 0.092953
-0.006930 -3.024026 -12.948992 -28.228375 0.170487 -0.180542 -0.968679 -0.226247 0.949634 -0.216811 0.959034 0.256124 0.121053
-0.102375 -3.114287 -7.297141 -20.521853 0.153613 -0.172767 -0.972910 -0.249642 0.945871 -0.207381 0.956076 0.274736 0.102168
-0.053285 -3.151768 -9.091308 -18.037216 0.166764 -0.207473 -0.963922 -0.307829 0.917791 -0.250800 0.936713 0.338547 0.089189
-0.028763 -3.499422 -4.945483 -1.180769 0.160868 -0.211053 -0.964146 -0.430218 0.864185 -0.260953 0.888276 0.456772 0.048221
0.000667 -3.174730 -7.235941 -20.724994 0.168202 -0.206970 -0.963780 -0.314552 0.915327 -0.251462 0.934219 0.345456 0.088857
-0.054242 -3.563674 -0.972549 1.754507 0.158140 -0.231733 -0.959839 -0.445482 0.850775 -0.278798 0.881214 0.471680 0.031308
0.018955 -3.134317 -5.260123 -25.100459 0.154860 -0.193799 -0.968742 -0.238854 0.944136 -0.227059 0.958628 0.266551 0.099919
1.038321 -15.368429 1.725935 -261.214911 -0.041865 0.799330 0.599432 -0.450167 0.520519 -0.725541 0.891962 0.300220 -0.338041
1.321811 -19.894504 -22.208527 -392.680286 -0.050195 0.791740 0.608792 -0.592583 0.467061 -0.656276 0.803944 0.393702 -0.445728
1.131008 -19.153540 -2.008103 -213.479471 -0.049531 0.807824 0.587339 -0.722942 0.376751 -0.579148 0.689131 0.453298 -0.565349
0.757272 -15.966007 -8.232047 -209.571589 -0.022008 0.822719 0.568022 -0.421891 0.507450 -0.751334 0.906380 0.256179 -0.335929
0.533942 -8.085372 12.474495 40.127050 0.173550 -0.457763 -0.871971 -0.277653 0.826747 -0.489284 0.944875 0.327021 0.016383
-0.240748 -9.490103 -10.319245 93.881850 0.210841 -0.585999 -0.782401 -0.026228 0.796714 -0.603787 0.977168 0.147824 0.152610
0.208365 -7.587442 8.520399 75.670183 0.183539 -0.453514 -0.872146 -0.158681 0.861914 -0.481586 0.970121 0.226783 0.086231
1.393989 -7.021329 35.589035 22.889254 0.145451 -0.302983 -0.941831 -0.353258 0.873301 -0.335493 0.924150 0.381506 0.019991
0.734262 -6.192716 34.515273 23.195790 0.145235 -0.410848 -0.900062 -0.056926 0.904730 -0.422164 0.987758 0.112550 0.108011
1.467710 -6.337171 25.310558 8.490624 0.157017 -0.231778 -0.960013 -0.289212 0.918664 -0.269098 0.944300 0.319900 0.077213
1.556008 -19.371121 -4.712980 -99.284972 -0.009057 -0.461449 0.887120 0.416099 0.804963 0.422962 -0.909274 0.372961 0.184718
1.487671 -19.381278 -24.226179 -97.480024 -0.016290 -0.455420 0.890128 0.562297 0.731958 0.384785 -0.826775 0.506784 0.244157
1.430481 -19.033170 -19.614816 -38.928685 -0.010126 -0.484479 0.874744 0.320735 0.826995 0.461746 -0.947115 0.285237 0.147015
1.211099 -19.304568 -5.195773 153.817653 -0.027686 -0.537303 0.842935 0.170999 0.828282 0.533580 -0.984882 0.158914 0.068947
-1.023892 -11.533609 -16.690635 0.877117 -0.375510 0.860852 0.343403 0.910997 0.274660 0.307645 0.170518 0.428363 -0.887372
-1.289749 -11.228474 -13.404980 -59.844869 -0.360250 0.854517 0.374195 0.929753 0.361587 0.069379 -0.076018 0.372903 -0.924751
-1.758284 -11.513270 -11.562517 -28.068737 -0.365993 0.833177 0.414565 0.929115 0.301835 0.213639 0.052869 0.463369 -0.884587
-2.851497 -5.655824 2.873147 -21.502200 0.234155 -0.247296 0.940221 0.247862 0.950334 0.188227 -0.940072 0.188971 0.283821
-4.162511 -5.976340 57.687225 -25.200258 0.240371 -0.064635 0.968527 0.225769 0.974139 0.008978 -0.944060 0.216506 0.248748
-2.703454 -5.149879 -13.824761 -23.857691 0.249588 -0.356132 0.900487 0.190510 0.929801 0.314922 -0.949427 0.092951 0.299914
0.634212 -1.697236 -13.940326 -104.812170 -0.372076 0.822832 0.429544 0.060603 -0.440247 0.895829 -0.926222 -0.359348 -0.113939
-0.596265 -2.128397 -7.913348 -150.148262 -0.438765 0.686049 0.580363 0.090900 -0.608653 0.788212 -0.893993 -0.398595 -0.204694
-1.495514 -10.256418 10.004740 454.287157 -0.252604 0.370607 0.893779 -0.164154 0.893930 -0.417064 -0.953543 -0.252069 -0.164974
-3.133566 -5.123726 3.083719 25.738218 -0.497507 -0.220238 0.839036 0.235879 0.896442 0.375171 -0.834774 0.384562 -0.394037
-3.088754 -4.529067 -2.253978 34.594692 -0.568119 -0.279246 0.774120 0.291948 0.811096 0.506842 -0.769420 0.513950 -0.379274
-2.788476 -4.323823 -16.266820 23.245376 -0.638111 -0.205978 0.741881 0.288675 0.829260 0.478534 -0.713779 0.519520 -0.469700
-1.282755 -3.643870 33.242965 7.426435 -0.136770 0.513747 0.846970 -0.690561 0.563558 -0.453351 -0.710225 -0.646889 0.277696
-1.504555 -3.902641 -16.948076 -6.542373 0.093261 -0.448098 -0.889107 0.779268 -0.522974 0.345312 -0.619713 -0.725056 0.300415
-1.116715 -3.856665 -26.343960 -8.022524 0.062609 -0.481505 -0.874204 0.819963 -0.474547 0.320101 -0.568982 -0.736857 0.365105
-0.267840 -3.609429 -39.753619 -4.148230 0.112600 -0.539765 -0.834251 0.800370 -0.448277 0.398065 -0.588837 -0.712532 0.381536
-0.292567 -2.989518 -7.073862 -2.935539 0.206536 -0.549529 0.809543 -0.542277 0.624396 0.562198 -0.814419 -0.555111 -0.169036
-0.316738 -3.051360 -1.974794 5.230156 0.238540 -0.559098 0.794046 -0.464926 0.652111 0.598828 -0.852609 -0.512017 -0.104385
-0.368422 -3.040859 -7.912453 12.617925 0.209786 -0.557420 0.803288 -0.437256 0.681351 0.586999 -0.874527 -0.474387 -0.100798
-0.350768 -3.060427 -0.038698 -17.623106 0.244186 -0.548333 0.799815 -0.584159 0.575164 0.572664 -0.774036 -0.607056 -0.179866
-0.371019 -3.241587 -2.867062 -2.683595 0.208835 -0.541250 0.814516 -0.425768 0.699483 0.573973 -0.880403 -0.466660 -0.084370
-0.237394 -2.922962 -5.167032 0.939813 0.180533 -0.524423 0.832099 -0.544188 0.651457 0.528643 -0.819309 -0.548255 -0.167775
-0.153981 -3.038211 -4.143972 0.046618 0.187158 -0.519162 0.833932 -0.624837 0.592143 0.508867 -0.757991 -0.616310 -0.213567
-0.250510 -3.090924 -2.142005 -2.470367 0.217383 -0.528803 0.820434 -0.629665 0.566285 0.531830 -0.745833 -0.632210 -0.209868
0.335374 -6.300027 2.415996 3.086755 0.079912 -0.346849 0.934511 0.048064 0.937759 0.343944 -0.995643 0.017431 0.091609
0.334084 -6.245529 0.414008 -0.639113 0.078078 -0.348009 0.934234 0.095096 0.935422 0.340504 -0.992401 0.062256 0.106130
0.358448 -5.698523 -4.326396 -21.202441 0.072216 -0.331181 0.940800 -0.106469 0.935313 0.337422 -0.991690 -0.124533 0.032285
-0.326558 -8.158481 -4.025090 -8.355914 0.325086 -0.137078 -0.935697 0.635906 0.764030 0.109002 0.699959 -0.630450 0.335544
-0.523740 -7.940106 -6.987939 0.307744 0.348273 -0.116234 -0.930159 0.504720 0.859419 0.081585 0.789913 -0.497884 0.357978
-0.029792 -8.227741 -7.557055 8.921192 0.336250 -0.164524 -0.927291 0.560903 0.825927 0.056853 0.756520 -0.539237 0.370000
0.202044 -2.944802 -7.019325 -9.709205 0.465643 -0.287053 0.837124 0.730111 -0.409957 -0.546693 0.500115 0.865758 0.018687
0.074087 -3.119090 -4.784545 -11.031697 0.464145 -0.291668 0.836361 0.671642 -0.499694 -0.546994 0.577466 0.815619 -0.036034
0.367067 -3.056408 -12.635017 -12.365646 0.480368 -0.296415 0.825460 0.688507 -0.455589 -0.564267 0.543328 0.839391 -0.014767
0.296433 -2.412208 0.329922 6.791067 -0.392780 0.674474 0.625147 0.067716 -0.656722 0.751086 -0.917136 -0.337344 -0.212275
0.162262 -2.581677 -8.587177 3.934942 -0.403358 0.677704 0.614833 -0.009253 -0.674905 0.737847 -0.914996 -0.291927 -0.278499
0.252805 -3.665056 -2.223248 -1.930570 0.224143 -0.248096 -0.942448 0.875571 -0.373382 0.306529 -0.427942 -0.893887 0.133535
0.285334 -3.684451 -1.468436 1.382696 0.237828 -0.253077 -0.937758 0.914200 -0.267842 0.304137 -0.328141 -0.929630 0.167662
188.071795 -3.741459 7842.900705 103.293289 0.955865 0.293365 0.016070 -0.292365 0.955165 -0.046706 0.029051 -0.039946 -0.998779
-1.200675 -3.129091 -46.700773 -15.469226 -0.448567 0.512849 0.731965 0.069444 0.836507 -0.543538 -0.891047 -0.192983 -0.410844
-1.696798 -3.577290 -46.622077 -31.280287 -0.470482 0.340337 0.814136 0.047795 0.931102 -0.361613 -0.881114 -0.131221 -0.454333
-0.202802 -3.141879 -51.420872 -10.998708 -0.460791 0.564635 0.684733 0.169130 0.813249 -0.556795 -0.871244 -0.140757 -0.470234
-1.331215 -6.559410 12.855638 2.185173 0.147424 0.145178 -0.978361 0.740970 0.639008 0.206475 0.655156 -0.755376 -0.013368
-1.551375 -6.509141 16.950927 -5.524339 0.152182 0.110920 -0.982109 0.789093 0.584698 0.188310 0.595124 -0.803633 0.001454
-1.366865 -6.375514 17.429325 -1.264843 0.145276 0.136143 -0.979980 0.838885 0.508195 0.194960 0.524564 -0.850413 -0.040380
-0.462543 -6.377441 -8.482619 -3.455590 -0.310293 0.869402 0.384523 -0.485195 -0.492673 0.722398 -0.817499 -0.037587 -0.574702
-1.101824 -6.659208 -13.493032 -29.842826 -0.329399 0.853194 0.404422 -0.287124 -0.498556 0.817925 -0.899476 -0.153305 -0.409196
-1.701400 -6.707243 -13.897703 -32.537241 -0.283179 0.879866 0.381634 -0.232527 -0.449037 0.862726 -0.930452 -0.155566 -0.331751
-1.953300 -6.171423 -22.473904 -25.758163 -0.224539 0.921093 0.318073 -0.296348 -0.375493 0.878170 -0.928310 -0.102923 -0.357277
-0.276431 -11.268489 14.352534 -95.187663 0.256145 0.162165 0.952939 0.731626 -0.676819 -0.081480 0.631754 0.718066 -0.292008
-0.446942 -11.773221 -12.515533 57.641037 -0.252571 -0.181865 -0.950333 -0.575888 0.817521 -0.003394 0.777535 0.546428 -0.311216
-0.592036 -12.637097 -1.524761 69.428613 -0.282456 -0.215008 -0.934874 -0.493526 0.868259 -0.050577 0.822588 0.447099 -0.351357
0.358704 -8.478909 7.547111 -33.805759 0.173325 -0.790877 -0.586917 0.852457 -0.177978 0.491571 -0.493230 -0.585523 0.643341
-0.715459 -8.243372 -0.792095 -79.135674 0.157357 0.289580 0.944130 -0.684327 0.721258 -0.107165 -0.711994 -0.629230 0.311662
-0.672464 -8.876391 0.886013 -60.642740 0.153547 0.271989 0.949971 -0.666376 0.738370 -0.103696 -0.729634 -0.617116 0.294622
-0.792538 -6.341939 -4.576239 -23.051649 -0.193812 -0.299824 -0.934100 0.758338 -0.649844 0.051240 -0.622382 -0.698433 0.353316
-37.462499 -256.433295 837.004160 -1213.618129 -0.527792 0.848030 -0.047769 -0.820370 -0.494390 0.287354 -0.220068 -0.190851 -0.956633
11.606549 -11.849484 492.743355 -285.273499 -0.503122 -0.535242 -0.678516 0.011091 0.781060 -0.624357 0.864144 -0.321653 -0.387033
3.617992 -12.119584 -71.306123 -541.232487 0.319286 0.327122 0.889409 0.729806 -0.683573 -0.010574 0.604516 0.652472 -0.456991
-7.555090 -217.114501 132.789132 -2059.910469 0.068304 0.139998 0.987793 0.648987 0.745751 -0.150569 -0.757727 0.651350 -0.039919
1.838179 -965.244174 -3.065005 -79966.108695 0.029482 0.026729 0.999208 0.017546 0.999475 -0.027254 -0.999411 0.018335 0.028998
-0.979702 -3.661601 -4.066532 24.770337 -0.602681 -0.688292 -0.403768 0.769943 -0.634522 -0.067597 -0.209674 -0.351618 0.912360
-1.620531 -4.479882 -4.999037 33.343040 -0.468836 -0.785878 -0.403222 0.834762 -0.543441 0.088567 -0.288731 -0.295071 0.910806
0.279561 -9.447569 11.191652 -49.766509 -0.265578 0.774316 0.574372 0.827360 0.488889 -0.276519 0.494917 -0.401775 0.770476
-1.003523 -2.809849 -9.587792 -7.725510 -0.556658 0.507526 -0.657686 0.583683 -0.324406 -0.744362 -0.591140 -0.798235 -0.115651
-0.827882 -2.806922 -0.313750 -5.967452 0.613641 -0.540090 0.575975 0.566198 -0.207439 -0.797740 -0.550331 -0.815642 -0.178505
-0.967086 -2.626194 -0.101779 -11.825036 0.573779 -0.515881 0.636116 0.554795 -0.326525 -0.765234 -0.602478 -0.791990 -0.098855
-1.145427 -2.689933 -6.343175 -3.947515 -0.480825 0.447690 -0.753910 0.605280 -0.452618 -0.654808 -0.634384 -0.771175 -0.053347
-0.183144 -3.304457 3.525346 9.334598 -0.045635 -0.441802 -0.895951 0.974026 0.179450 -0.138101 0.221792 -0.878981 0.422137
-0.173370 -3.331684 -0.981472 11.150228 -0.015087 -0.452010 -0.891885 0.961608 0.237882 -0.136826 0.274010 -0.859709 0.431068
-1.786128 -149.239227 -540.206837 -7274.162080 -0.115661 0.955768 0.270427 -0.470697 -0.292483 0.832405 -0.874681 0.031012 -0.483706
-9.944183 -270.131893 3161.998244 10239.439510 0.455093 0.859355 0.233237 0.158889 -0.336101 0.928327 -0.876153 0.385416 0.289500
-79.390201 -1007.538203 4764.724696 -58932.023939 0.750430 0.610904 0.252292 -0.341887 0.032102 0.939192 -0.565657 0.791054 -0.232951
