18337
36661
-3.458450 -4.490250 14.907801 -31.446950 0.847945 -0.292370 -0.442164 0.021823 0.852687 -0.521967 0.529635 0.432949 0.729412
-3.858760 -5.053962 23.514168 25.558962 0.845062 -0.267240 -0.463091 0.072362 -0.800993 0.594284 0.529749 0.535717 0.657551
-3.776105 -6.414611 12.818176 91.303577 -0.551374 -0.450982 0.701856 0.673342 -0.737265 0.055239 0.492542 0.503046 0.710174
-2.896155 -4.818797 1.518108 -31.961082 0.800982 -0.499873 -0.329476 0.173358 0.720407 -0.671536 0.573040 0.480771 0.663691
-3.061916 -4.228451 2.285129 -43.986052 0.812294 0.089856 -0.576284 -0.283429 0.924366 -0.255374 0.509751 0.370775 0.776325
-2.400491 -3.776292 0.192785 -19.621775 0.811198 -0.481800 -0.331401 0.254637 0.801202 -0.541513 0.526420 0.354887 0.772617
-2.747651 -4.350402 0.868568 -29.323961 0.737242 -0.615536 -0.278549 0.323530 0.683573 -0.654260 0.593129 0.392229 0.703103
2.692313 -4.124247 0.904622 8.554733 0.938590 0.261014 -0.225657 -0.094866 -0.433586 -0.896105 0.331737 -0.862482 0.382198
2.097713 -4.416228 1.656214 4.746644 0.915248 0.373889 -0.150091 0.057566 -0.490074 -0.869778 0.398756 -0.787423 0.470063
2.913245 -5.267530 7.466808 -23.386632 0.897731 0.404029 -0.175613 -0.008546 -0.382580 -0.923883 0.440461 -0.830899 0.340001
3.960615 -6.866582 20.489317 -60.981046 0.876177 0.430163 -0.217423 -0.109595 -0.261476 -0.958968 0.469364 -0.864054 0.181956
3.554172 -5.525299 7.585051 -34.005820 0.917991 0.319850 -0.234496 -0.114062 -0.353363 -0.928507 0.379845 -0.879108 0.287901
3.122234 -6.008367 15.873541 -47.899811 0.846140 0.516825 -0.130147 0.060749 -0.336131 -0.939854 0.529487 -0.787342 0.315811
0.904016 -3.427827 -17.962494 69.568048 0.981413 -0.151561 -0.117721 -0.190903 -0.833747 -0.518095 0.019626 -0.530939 0.847183
-0.260890 -13.711925 -29.564415 704.927565 0.747513 -0.619493 -0.239694 -0.599361 -0.473495 -0.645422 -0.286340 -0.626124 0.725243
-0.254988 -4.441360 -31.871722 83.892884 0.840052 -0.528157 -0.123949 -0.537920 -0.781274 -0.316626 -0.070389 -0.332657 0.940417
0.828054 -5.268052 -88.183792 187.467450 0.982560 -0.185619 0.011039 -0.138223 -0.768804 -0.624367 -0.124382 -0.611952 0.781053
2.909075 -2.319365 47.409769 9.442720 0.972575 0.232573 0.002933 0.204931 -0.850881 -0.483740 0.110009 -0.471074 0.875207
0.628987 -2.520942 7.779415 8.519760 0.289863 0.637734 -0.713635 -0.560637 0.717465 0.413437 0.775671 0.280250 0.565503
0.853841 -2.339451 12.680250 -14.791716 0.279423 0.624293 -0.729508 -0.473604 0.750528 0.460877 0.835238 0.216718 0.505383
2.149385 -2.227564 68.413857 -1.558153 0.356807 0.456441 -0.815077 -0.426753 0.855787 0.292423 0.831006 0.243497 0.500138
0.485620 -2.495607 7.390349 7.929912 0.321334 0.610547 -0.723863 -0.585307 0.728957 0.355017 0.744420 0.309603 0.591596
0.026307 -2.464478 -12.828425 -20.892517 0.256239 0.703052 -0.663369 0.659498 -0.628894 -0.411770 0.706685 0.331979 0.624809
1.942574 -2.464912 74.285150 -6.464301 0.380482 0.437925 -0.814527 -0.464339 0.852164 0.241259 0.799764 0.286422 0.527579
1.077638 -2.114166 -28.987933 5.816415 0.828433 -0.550311 -0.104200 -0.427696 -0.501445 -0.752083 -0.361629 -0.667616 0.650779
1.826816 -1.873632 -21.652752 7.182221 0.855587 -0.502305 -0.125144 -0.396832 -0.481194 -0.781650 -0.332408 -0.718431 0.611034
1.062418 -1.896422 -28.021538 7.965396 0.846238 -0.528368 -0.068622 -0.362562 -0.476673 -0.800832 -0.390423 -0.702574 0.594945
0.370304 -2.185806 -33.715276 8.001598 0.811353 -0.577470 -0.090750 -0.423020 -0.472880 -0.772942 -0.403437 -0.665517 0.627953
0.488946 -1.945687 -28.613564 5.258474 0.845452 -0.532916 -0.034803 -0.326952 -0.464965 -0.822745 -0.422272 -0.706971 0.567344
1.046039 -1.758998 -25.239583 3.697677 0.860541 -0.508004 -0.037443 -0.309898 -0.463782 -0.829981 -0.404268 -0.725836 0.556533
0.925133 -4.241586 8.161117 1.432234 0.842936 0.261912 -0.469958 0.515024 -0.140200 0.845633 -0.155594 0.954854 0.253071
1.171115 -4.211958 18.139145 -7.708677 0.841888 0.260718 -0.472495 0.521390 -0.167118 0.836794 -0.139205 0.950840 0.276630
1.003799 -4.274040 7.860159 8.876032 0.849539 0.257022 -0.460676 0.494982 -0.086404 0.864597 -0.182416 0.962535 0.200624
-1.471359 -2.732271 13.077522 -1.396883 0.978604 -0.202478 -0.036566 -0.205691 -0.967107 -0.149649 0.005062 -0.153968 0.988063
-1.603449 -2.602508 16.631273 -8.280994 0.954715 -0.294259 -0.043942 -0.296350 -0.953620 -0.052779 0.026373 -0.063411 0.997639
-1.358229 -2.648099 -8.623848 -8.709073 0.956662 -0.291186 0.002841 -0.290021 -0.953619 -0.080616 -0.026183 -0.076298 0.996741
0.112274 -5.886211 3.533237 30.718895 -0.856973 0.300217 0.418888 0.006846 0.819363 -0.573234 -0.515316 -0.488378 -0.704227
-0.032149 -6.104607 -2.907715 17.961952 0.859688 -0.302742 -0.411440 -0.069785 0.728295 -0.681701 -0.506030 -0.614763 -0.604980
0.093639 -6.274867 -5.189887 18.352717 0.859017 -0.324311 -0.396122 -0.066865 0.696053 -0.714870 -0.507562 -0.640572 -0.576236
-0.055203 -6.307267 -1.369211 3.745714 0.866051 -0.318232 -0.385597 -0.138160 0.588890 -0.796317 -0.480487 -0.742924 -0.466042
0.234241 -5.946462 2.475128 27.184502 -0.861344 0.315131 0.398470 0.028463 0.813059 -0.581484 -0.507224 -0.489517 -0.709294
0.025193 -6.511696 -5.696921 -2.994353 0.861663 -0.331397 -0.384335 -0.151756 0.554420 -0.818284 -0.484260 -0.763410 -0.427431
0.156941 -6.576190 -3.350317 -0.606170 0.863920 -0.329101 -0.381229 -0.146851 0.559459 -0.815746 -0.481744 -0.760723 -0.434999
0.193348 -6.360859 -1.598326 21.773869 0.867178 -0.322307 -0.379631 -0.059525 0.689766 -0.721582 -0.494427 -0.648338 -0.578965
1.737989 -9.024633 5.294588 -73.256737 0.980613 0.136505 -0.140583 -0.081950 0.937372 0.338552 -0.177993 0.320467 -0.930387
1.986282 -9.055797 -7.692945 -36.735653 0.980616 0.122105 -0.153243 -0.024387 0.852060 0.522876 -0.194418 0.509003 -0.838521
1.691889 -9.509001 -9.900413 -30.909917 0.964232 0.148943 -0.219256 -0.017741 0.861601 0.507276 -0.264467 0.485241 -0.833426
1.824912 -8.919374 -11.786175 49.384822 0.976610 0.120707 -0.177942 0.054053 0.663165 0.746519 -0.208115 0.738676 -0.641129
0.236607 -2.999312 1.363181 -25.587922 0.974811 0.095559 -0.201525 0.023404 -0.942403 -0.333659 0.221802 -0.320538 0.920901
0.364754 -3.225991 -8.687815 23.917630 0.961116 0.235323 -0.144493 0.184922 -0.937082 -0.296110 0.205084 -0.257876 0.944161
0.341600 -3.055521 -10.377423 -17.181601 0.973764 0.148544 -0.172388 0.086072 -0.941701 -0.325255 0.210653 -0.301884 0.929780
-2.373367 -6.744077 36.520353 -42.047220 -0.440357 0.717623 -0.539540 0.197453 -0.508822 -0.837922 0.875841 0.475519 -0.082367
-0.996498 -7.323952 59.729598 -36.219656 -0.484378 0.681061 -0.549121 0.075255 -0.592906 -0.801748 0.871616 0.429674 -0.235937
-0.526319 -6.116159 89.617844 -53.853575 -0.532220 0.681463 -0.502345 0.245110 -0.443919 -0.861892 0.810348 0.581845 -0.069228
-2.135435 -5.220782 54.840674 -38.645684 -0.495661 0.762354 -0.416098 0.303834 -0.296615 -0.905375 0.813637 0.575184 0.084609
5.687943 -2.090654 -9.667673 -7.815548 -0.413358 -0.280775 0.866199 0.286933 0.862645 0.416550 -0.864178 0.420726 -0.276018
6.073159 -1.885423 -48.554553 4.598212 -0.453199 -0.263292 0.851638 0.229224 0.888835 0.396773 -0.861433 0.375033 -0.342466
5.818643 -1.866526 -26.925951 6.716336 -0.511654 -0.220774 0.830343 0.293943 0.863128 0.410618 -0.807346 0.454168 -0.376728
1.063723 -14.042421 -46.983895 84.188887 0.720516 -0.439935 0.536017 -0.432665 0.318852 0.843287 0.541902 0.839518 -0.039393
0.665921 -16.748353 -48.495652 93.258344 0.714648 -0.476290 0.512275 -0.246566 0.513823 0.821700 0.654587 0.713536 -0.249766
3.309819 -15.329041 -95.250408 143.590448 0.752256 -0.497581 0.431884 -0.370774 0.222155 0.901762 0.544644 0.838487 0.017372
3.936317 -12.187155 -131.287017 139.805799 0.753556 -0.410536 0.513433 -0.562671 0.001072 0.826680 0.339932 0.911844 0.230189
7.811837 -12.999912 -189.045054 200.508935 0.753168 -0.524517 0.397014 -0.524316 -0.114168 0.843836 0.397279 0.843711 0.361000
3.129433 -15.675309 -84.828662 89.545017 0.723555 -0.618572 0.306327 -0.103832 0.341197 0.934240 0.682412 0.707781 -0.182647
6.557885 -16.027080 -113.921253 196.254347 0.697642 -0.661860 0.274293 -0.320944 0.053580 0.945581 0.640540 0.747710 0.175040
-0.571964 -9.806142 1.204348 -7.927501 -0.641363 0.436978 -0.630637 0.589468 0.806777 -0.040466 0.491101 -0.397694 -0.775022
-0.632383 -9.255602 3.986481 -2.120517 -0.670299 0.410740 -0.618056 0.672209 0.688897 -0.271211 0.314380 -0.597255 -0.737870
-0.583474 -8.866854 6.730487 19.056035 0.671167 -0.396681 0.626242 0.653423 0.715545 -0.247049 0.350105 -0.575012 -0.739451
-0.657005 -9.235177 -4.600136 -7.963309 -0.636643 0.458827 -0.619810 0.590763 0.806788 -0.009566 0.495666 -0.372251 -0.784694
-0.588295 -8.563959 -3.744224 41.107640 0.703943 -0.413592 0.577414 0.627358 0.743221 -0.232473 0.332997 -0.525893 -0.782656
-0.728585 -8.621198 -4.375248 5.694539 -0.656359 0.453820 -0.602694 0.591087 0.805759 -0.036993 0.468838 -0.380526 -0.797115
1.548962 -5.269417 11.835675 -41.083378 0.874623 -0.484480 -0.017714 -0.122224 -0.255712 0.958996 0.469143 0.836595 0.282867
0.437820 -4.531813 55.907225 -46.544003 0.825883 -0.563442 -0.021208 -0.131291 -0.228751 0.964591 0.548343 0.793855 0.262896
1.088001 -5.265417 25.008518 0.489890 0.858439 -0.511145 -0.042576 -0.200377 -0.410614 0.889520 0.472156 0.755067 0.454909
-0.293393 -5.258058 52.958354 -1.192189 0.845518 -0.510484 -0.156542 -0.109496 -0.452719 0.884905 0.522599 0.731062 0.438678
0.250303 -5.123706 42.528016 30.496001 0.855632 -0.493985 -0.154508 -0.180947 -0.565170 0.804886 0.484925 0.660728 0.572963
-2.626099 -163.531981 -230.618420 -9470.595709 0.561221 -0.251429 0.788552 0.659657 -0.439545 -0.609633 0.499884 0.862313 -0.080825
33.947915 -280.911567 930.450557 -747.438150 -0.523145 0.082830 -0.848209 -0.462840 0.808090 0.364376 0.715610 0.583207 -0.384411
-1.285316 -237.943723 -144.568243 -5227.307846 0.631555 -0.170195 0.756421 0.755491 0.354378 -0.551043 -0.174274 0.919483 0.352390
0.023834 -200.723970 68.996980 -18796.124861 -0.488536 0.072752 -0.869505 0.169258 0.985491 -0.012642 0.855970 -0.153346 -0.493762
-20.642319 -215.548573 -471.765272 243.587186 0.664880 -0.147007 0.732341 -0.564383 -0.741112 0.363627 -0.489291 0.655090 0.575719
-24.848648 -247.423608 588.597587 -4901.175010 -0.504965 0.198795 -0.839935 -0.032770 0.967999 0.248806 0.862517 0.153163 -0.482291
-13.973589 -248.021485 -250.015864 3857.892058 0.619876 -0.302777 0.723934 0.784490 0.217770 -0.580648 0.018155 0.927848 0.372516
-48.204421 -782.565521 -957.144201 -1522.397456 0.877626 0.134917 0.459967 0.409249 -0.710503 -0.572452 -0.249574 -0.690640 0.678771
-85.451714 -304.553341 2469.921200 24859.390544 0.201468 -0.509720 -0.836419 0.590808 0.744338 -0.311298 0.781254 -0.431446 0.451107
-90.378720 -437.244844 374.500689 -2908.026973 -0.319052 0.945188 0.069458 0.763254 0.299702 -0.572383 0.561827 0.129606 0.817039
0.553264 -775.609127 24.587400 66205.554840 0.605338 -0.423319 0.674068 0.788102 0.437524 -0.432977 -0.111634 0.793331 0.598468
0.083013 -2.654568 -12.537419 -8.390289 0.996331 -0.073637 -0.043609 -0.076918 -0.993897 -0.079076 0.037520 -0.082140 0.995914
0.260883 -2.606902 -9.912036 10.690473 0.996141 -0.072235 -0.049856 0.074339 0.996360 0.041721 0.046661 -0.045266 0.997885
0.261338 -2.835791 -4.728099 -5.880009 0.994849 -0.083210 -0.057894 -0.089769 -0.988478 -0.121869 0.047086 -0.126439 0.990856
0.055545 -2.900339 -4.217747 -1.745624 0.994152 -0.091376 -0.057556 -0.100867 -0.976071 -0.192645 0.038575 -0.197324 0.979579
2.745507 -1.393743 -29.297292 -3.559129 -0.160936 0.812456 -0.560370 0.973507 0.224114 0.045345 0.162428 -0.538227 -0.827000
1.813170 -1.305015 -70.095065 -4.048148 -0.229105 0.684951 -0.691631 0.957564 0.286242 -0.033720 0.174877 -0.670006 -0.721464
1.583204 -1.394769 -57.451414 -2.955030 -0.248248 0.694359 -0.675454 0.941190 0.337874 0.001417 0.229203 -0.635379 -0.737401
3.319483 -1.254299 -45.312769 -0.449337 -0.183097 0.776139 -0.603393 0.973587 0.228311 -0.001756 0.136399 -0.587777 -0.797442
2.359079 -1.366087 -29.685408 -4.244372 -0.140505 0.808628 -0.571295 0.969178 0.230272 0.087573 0.202368 -0.541382 -0.816059
-1.684329 -2.188386 17.675479 -2.477200 0.938781 -0.258698 0.227519 0.323009 0.431270 -0.842420 -0.119811 -0.864339 -0.488430
-0.973077 -2.117623 33.304888 -4.658955 0.953434 -0.197625 0.227832 0.295992 0.468130 -0.832612 -0.057890 -0.861278 -0.504827
-0.882425 -2.024285 27.256447 3.275951 0.882804 -0.274353 0.381296 0.462138 0.361807 -0.809644 -0.084173 -0.890969 -0.446194
4.680278 -0.010635 84.895937 -3.857641 -0.323241 0.782911 -0.531568 0.860046 0.008720 -0.510141 -0.394760 -0.622072 -0.676159
4.472461 0.176184 37.760429 2.012268 -0.358840 0.711169 -0.604544 0.874832 0.030438 -0.483470 -0.325428 -0.702362 -0.633075
4.144453 -0.002037 -32.932796 -3.415789 -0.436097 0.595676 -0.674529 0.846644 0.017556 -0.531870 -0.304980 -0.803033 -0.511982
3.527782 0.265527 131.933007 -3.766739 -0.249287 0.846899 -0.469700 0.881503 -0.002399 -0.472171 -0.401008 -0.531748 -0.745946
0.293457 -3.047385 -33.057247 3.976472 -0.593471 -0.324560 0.736514 -0.219811 0.945660 0.239605 -0.774258 -0.019695 -0.632563
1.920291 -2.994194 -88.636522 9.221518 -0.626658 -0.338222 0.702072 -0.166709 0.938234 0.303191 -0.761254 0.072956 -0.644337
1.873989 -3.084285 -93.847351 -1.187839 -0.625301 -0.356989 0.693943 -0.249366 0.934017 0.255792 -0.739470 -0.013099 -0.673062
-0.075082 -3.776124 3.459722 43.949125 0.948498 -0.291719 -0.123500 -0.292334 -0.655844 -0.695995 -0.122038 -0.696253 0.707346
0.001835 -3.674755 5.435093 34.830568 0.946718 -0.292582 -0.134615 -0.298462 -0.639967 -0.708069 -0.121019 -0.710519 0.693193
-0.035833 -4.141709 2.498507 56.706616 0.947175 -0.294361 -0.127321 -0.301612 -0.682583 -0.665665 -0.109038 -0.668903 0.735309
-0.293637 -9.681034 -13.621669 23.121935 0.915276 -0.057719 -0.398670 0.357061 0.574411 0.736586 -0.186486 0.816529 -0.546354
-0.381472 -9.884419 -24.465684 -15.887458 0.902449 -0.060790 -0.426487 0.318616 0.760500 0.565795 -0.289949 0.646487 -0.705680
-0.053478 -10.332528 -2.891342 -16.445301 0.913796 -0.070059 -0.400086 0.322705 0.723390 0.610383 -0.246656 0.686876 -0.683640
-0.085839 -9.726810 1.275414 38.258025 0.924140 -0.058761 -0.377509 0.351475 0.518108 0.779763 -0.149770 0.853294 -0.499457
-12.853855 -83.579215 -194.858433 1298.867401 0.110488 0.848886 0.516900 -0.347545 -0.454250 0.820286 -0.931131 0.270278 -0.244837
-100.790824 -198.363114 -2575.468803 -2319.819968 0.271207 0.960607 -0.060674 -0.055563 0.078556 0.995360 -0.960916 0.266578 -0.074679
-18.093676 -154.567099 -363.806454 -872.151905 -0.043373 0.783212 0.620240 0.900305 0.299769 -0.315579 -0.433094 0.544717 -0.718131
-31.961156 -121.324517 -602.027314 4502.503629 0.215677 0.746111 0.629922 0.277318 -0.665344 0.693118 -0.936258 -0.025199 0.350410
-6.534957 -58.396813 -59.901388 904.290552 0.023741 0.865797 0.499832 -0.620863 -0.379100 0.686157 -0.783559 0.326617 -0.528542
-5.286973 -38.870185 -81.100199 1147.403519 0.031320 0.891380 0.452174 -0.068106 -0.449441 0.890710 -0.997186 0.058693 -0.046632
-0.779659 -4.775629 -0.560585 18.608324 0.892257 -0.321366 -0.317177 0.183724 0.900070 -0.395121 0.412460 0.294277 0.862136
-0.800070 -4.616965 -0.454699 44.490846 0.877663 -0.337523 -0.340273 0.150696 0.868299 -0.472596 0.454971 0.363502 0.812938
-0.869436 -4.555418 1.471564 12.776812 0.890559 -0.286381 -0.353398 0.088842 0.871473 -0.482329 0.446107 0.398146 0.801541
6.334973 -4.742743 0.658693 24.380811 0.875208 0.440647 -0.199602 -0.232794 0.745350 0.624709 -0.424049 0.500284 -0.754916
5.602455 -3.968783 25.963033 24.489033 -0.811828 -0.521979 0.261672 -0.238401 0.705408 0.667506 -0.533010 0.479517 -0.697111
5.028923 -4.620233 20.902466 34.085204 -0.857454 -0.408464 0.312938 -0.210885 0.833701 0.510363 -0.469362 0.371619 -0.800999
6.839785 -5.409033 -47.165610 4.280153 0.897322 0.390205 -0.206284 -0.256146 0.840986 0.476583 -0.359447 0.374810 -0.854585
6.014899 -4.810799 28.647855 9.794001 -0.861007 -0.372117 0.346692 -0.242556 0.899592 0.363181 -0.447027 0.228610 -0.864815
0.569050 -6.080138 -6.143013 47.504493 -0.610050 -0.427862 0.666913 0.712829 -0.663882 0.226132 0.345998 0.613347 0.709993
0.623018 -6.911672 -3.439960 65.739867 -0.647425 -0.366594 0.668169 0.685833 -0.662592 0.301006 0.332376 0.653131 0.680401
0.160281 -5.187003 -5.529859 35.330338 0.645201 0.381743 -0.661806 0.627689 -0.758699 0.174307 0.435571 0.527871 0.729129
0.545783 -5.096176 2.878998 38.971440 -0.636567 -0.376987 0.672802 0.640046 -0.744938 0.188169 0.430259 0.550407 0.715493
-0.302197 -4.760008 15.649284 22.224433 -0.628558 -0.426717 0.650252 0.631317 -0.768231 0.106115 0.454262 0.477215 0.752271
0.083734 -4.155799 -20.003228 -12.904635 0.623002 0.431724 -0.652290 -0.596293 0.801827 -0.038823 0.506263 0.413143 0.756974
0.530114 -4.133252 -7.228441 -17.692957 0.617846 0.413329 -0.668898 -0.617878 0.781344 -0.087907 0.486305 0.467611 0.738138
-1.454247 -2.198993 -17.620580 4.902082 0.993614 0.078720 0.080838 -0.029912 0.874561 -0.483992 0.108798 -0.478483 -0.871331
-1.252503 -2.292595 -9.313455 4.766986 0.994759 0.034255 0.096343 0.022398 0.846337 -0.532177 0.099769 -0.531546 -0.841133
-1.247692 -2.242687 -14.223091 5.454371 0.994336 0.101274 0.032253 -0.073973 0.877303 -0.474202 0.076320 -0.469130 -0.879825
113.246985 -8.083000 -2835.362469 -231.802677 0.367356 -0.637184 0.677529 0.657680 -0.337129 -0.673648 0.657652 0.693066 0.295217
63.321830 0.740090 -1486.522198 -40.727781 -0.082144 0.968823 -0.233740 0.558875 -0.149407 -0.815682 0.825173 0.197635 0.529178
96.473474 -4.204989 -2634.473689 -108.847628 0.410201 -0.547332 0.729495 0.657709 -0.376585 -0.652382 0.631787 0.747403 0.205509
297.042759 5.166445 -8187.041577 -165.381499 0.273159 0.961697 0.022882 0.581625 -0.146164 -0.800217 0.766222 -0.231895 0.599273
34.906966 -0.080583 -792.543885 12.955967 0.874709 -0.186979 0.447128 -0.428884 0.131019 0.893808 0.225705 0.973588 -0.034411
69.837032 -1.402851 1479.560102 -52.594942 -0.355944 0.809634 -0.466687 0.473012 -0.274605 -0.837169 0.805955 0.518734 0.285223
47.893633 -2.048869 -1582.797025 -59.433168 0.904773 -0.203224 0.374280 -0.361000 0.100340 0.927152 0.225974 0.973977 -0.017421
49.630728 -2.638845 -1471.469721 -36.082820 0.925432 -0.125087 0.357670 -0.343879 0.119161 0.931422 0.159129 0.984964 -0.067261
0.081863 -3.279604 -7.114116 -6.134980 0.355722 0.927556 -0.114460 -0.869416 0.373357 0.323605 -0.342896 0.015600 -0.939244
0.121901 -3.176124 -3.478322 5.127074 0.326245 0.940522 -0.094776 -0.904460 0.339729 0.257945 -0.274801 -0.001568 -0.961500
0.130551 -3.257985 -4.719919 -3.681952 0.365671 0.923497 -0.115918 -0.860301 0.382893 0.336563 -0.355200 0.023347 -0.934499
-0.038211 -3.313995 -7.080201 4.731724 0.291444 0.952416 -0.089240 -0.926637 0.304249 0.220852 -0.237494 -0.018327 -0.971216
0.029565 -3.627790 -6.155609 -15.387761 0.416559 0.897172 -0.146834 -0.792793 0.437539 0.424310 -0.444924 0.060341 -0.893533
-0.099319 -3.612913 -8.181252 -17.291055 0.406770 0.902928 -0.138775 -0.813335 0.427123 0.395034 -0.415961 0.047818 -0.908124
-0.108535 -3.386882 -12.909002 -6.477825 0.346602 0.930531 -0.118231 -0.881887 0.366210 0.296925 -0.319596 -0.001352 -0.947553
-0.046520 -5.392578 -8.056981 -37.830177 -0.050893 0.959895 -0.275700 -0.890726 -0.168479 -0.422163 0.451682 -0.224088 -0.863578
0.199865 -5.415953 -10.740082 -28.336253 0.016598 0.964302 -0.264283 -0.909018 -0.095531 -0.405659 0.416425 -0.246971 -0.874983
0.421917 -5.925700 -5.524283 -26.518713 -0.013157 0.964025 -0.265485 -0.948873 -0.095781 -0.300776 0.315384 -0.247954 -0.915998
-0.130624 -4.583402 -9.359289 -30.445040 0.019901 0.970433 -0.240551 -0.824062 -0.120321 -0.553575 0.566150 -0.209245 -0.797302
0.253563 -6.254237 -8.413158 -29.330453 -0.065704 0.955952 -0.286074 -0.951024 -0.146777 -0.272047 0.302053 -0.254189 -0.918778
-0.381411 -4.262804 -7.699307 -43.628472 -0.063942 0.957108 -0.282587 -0.800756 -0.218198 -0.557834 0.595568 -0.190614 -0.780362
-1.031453 -6.451810 12.355398 6.642955 -0.458942 0.870590 -0.177328 0.887066 0.437799 -0.146442 -0.049857 -0.224510 -0.973196
-0.852594 -6.422261 11.687470 19.357314 -0.452728 0.878380 -0.153253 0.889091 0.457720 -0.003030 0.067486 -0.137627 -0.988182
-0.951924 -6.253025 11.224385 26.386064 -0.468016 0.864858 -0.181609 0.874930 0.482384 0.042468 0.124334 -0.139020 -0.982453
-0.950478 -6.717969 10.346238 -0.915378 -0.424177 0.889929 -0.167631 0.894542 0.382953 -0.230524 -0.140956 -0.247736 -0.958519
-1.180251 -6.485156 -1.545685 -3.721795 -0.474437 0.850864 -0.225701 0.868496 0.410605 -0.277701 -0.143611 -0.327772 -0.933778
-1.136186 -6.587636 9.583547 -5.259005 -0.430916 0.881191 -0.194457 0.871334 0.350261 -0.343649 -0.234709 -0.317521 -0.918745
0.138595 -8.303720 17.654793 40.857689 0.583840 -0.787986 0.195472 0.803989 0.594628 -0.004308 -0.112838 0.159673 0.980700
0.581986 -8.579791 -23.527785 1.330889 -0.603430 0.770392 -0.205835 0.751487 0.635741 0.176353 -0.266719 0.048266 0.962565
1.026927 -8.337609 28.131631 67.869978 0.614611 -0.763707 0.197499 0.786394 0.612861 -0.077368 -0.061953 0.202863 0.977245
-0.047910 -3.299921 0.087641 18.576606 0.965711 -0.060802 -0.252398 -0.097010 0.817257 -0.568050 -0.240812 -0.573057 -0.783336
-0.072668 -3.541176 -2.183467 11.855205 0.966484 -0.070214 -0.246939 -0.109109 0.758342 -0.642660 -0.232388 -0.648064 -0.725265
-0.075820 -3.697071 0.241910 12.591349 0.967571 -0.087043 -0.237129 -0.094946 0.744594 -0.660731 -0.234076 -0.661818 -0.712183
2.128948 -2.401962 -8.972786 -5.211192 0.339330 0.645457 -0.684281 -0.698436 0.660162 0.276357 0.630113 0.384151 0.674823
3.088078 -1.955899 -0.245935 -4.203043 0.136338 0.752515 -0.644308 0.708016 -0.528919 -0.467929 0.692910 0.392384 0.604905
2.761930 -2.402415 -24.989995 6.541149 0.314337 0.708367 -0.631988 0.658218 -0.642351 -0.392599 0.684062 0.292578 0.668175
1.273709 -4.456115 -10.635072 14.943062 0.551215 -0.684945 0.476459 0.830598 0.396266 -0.391255 0.079184 0.611411 0.787341
0.940993 -4.282000 -5.826503 -16.732026 0.563122 -0.674322 0.477686 0.806367 0.321955 -0.496102 0.180739 0.664556 0.725051
1.022883 -4.464438 4.465843 -16.915364 0.553723 -0.706067 0.441431 0.808870 0.330161 -0.486542 0.197788 0.626469 0.753934
1.382034 -4.279658 -14.255419 -5.470584 0.579052 -0.696036 0.424539 0.798440 0.378813 -0.467968 0.164901 0.609947 0.775095
1.222856 -4.655145 -2.740294 -22.648676 0.559898 -0.704586 0.435973 0.788465 0.291377 -0.541685 0.254631 0.647038 0.718683
-0.507626 -3.777211 -5.415281 -0.360598 -0.384814 -0.849483 0.360966 0.820623 -0.135872 0.555083 -0.422489 0.509821 0.749390
-0.514157 -3.654631 -1.332386 -4.452395 0.383114 0.862756 -0.329964 0.767998 -0.099039 0.632749 -0.513228 0.495826 0.700538
-0.587667 -3.555924 3.183933 -5.156017 -0.376645 -0.863646 0.335044 0.828886 -0.152706 0.538172 -0.413627 0.480413 0.773380
-0.427114 -3.835880 -7.799551 2.204285 -0.397246 -0.842864 0.363010 0.752143 -0.072384 0.655012 -0.525810 0.533236 0.662709
-0.651893 -3.881916 1.957219 -3.223756 -0.364893 -0.860981 0.354350 0.872844 -0.183880 0.452031 -0.324032 0.474235 0.818599
-0.492379 -3.879957 -6.129896 -3.701779 -0.369155 -0.850068 0.375644 0.865964 -0.167885 0.471085 -0.337390 0.499198 0.798104
-0.368627 -3.830260 -11.994159 -0.358412 -0.380302 -0.836201 0.395144 0.833405 -0.124595 0.538435 -0.401007 0.534083 0.744277
120.243483 -14.044606 -3128.737443 314.274162 -0.184569 0.900164 -0.394510 -0.450120 -0.434255 -0.780266 0.873685 -0.033564 -0.485332
25.900034 -2.592572 -163.362038 4.984520 -0.179290 0.980208 -0.083947 -0.623615 -0.179231 -0.760907 0.760894 0.084072 -0.643407
55.134064 -4.839728 -1352.600638 22.581645 0.286731 0.930001 -0.229965 -0.599281 -0.013160 -0.800431 0.747427 -0.367322 -0.553559
147.354574 -8.888449 -3801.826839 249.638036 0.160675 0.908334 -0.386151 -0.528607 -0.251202 -0.810847 0.833522 -0.334405 -0.439789
1.395159 -8.257793 -2.184464 -25.321508 -0.340658 -0.786627 0.514947 0.939593 -0.304316 0.156708 0.033436 0.537224 0.842777
1.924050 -8.071059 15.503350 46.178169 -0.329111 -0.792210 0.513895 0.916901 -0.398222 -0.026685 0.225784 0.462409 0.857438
1.311081 -8.692721 6.114028 33.352884 -0.316351 -0.825881 0.466737 0.918824 -0.389142 -0.065807 0.235976 0.408031 0.881945
1.692791 -7.703592 -7.493843 68.662031 0.270695 0.813974 -0.513976 0.863935 -0.440935 -0.243294 0.424665 0.378184 0.822579
1.388915 -7.963501 -3.539744 70.782978 0.265632 0.839853 -0.473378 0.843522 -0.440222 -0.307693 0.466808 0.317572 0.825372
-1.242913 -10.424249 4.568512 -58.749531 0.516143 0.795590 -0.317225 -0.634098 0.603923 0.482905 -0.575774 0.048097 -0.816193
-1.413399 -11.150704 -8.456693 -63.528500 0.461934 0.811732 -0.357363 -0.605212 0.583033 0.542024 -0.648333 0.034099 -0.760593
-1.299048 -11.124667 8.198147 29.266406 0.510948 0.802078 -0.309199 -0.450556 0.556212 0.698303 -0.732073 0.217485 -0.645577
-0.520428 -10.842065 7.526499 -44.408259 0.438945 0.890912 -0.116630 0.174889 -0.212035 -0.961486 0.881329 -0.401642 0.248882
-0.539524 -9.455033 5.817005 -47.370954 0.432546 0.892500 -0.127861 0.358843 -0.300512 -0.883699 0.827125 -0.336358 0.450253
-0.651261 -9.819705 5.199655 -67.448116 0.455814 0.879644 -0.135868 0.358131 -0.320998 -0.876757 0.814847 -0.350980 0.461343
-0.826703 -10.853133 -1.321168 -79.843491 0.483597 0.861581 -0.154308 0.246438 -0.303186 -0.920514 0.839882 -0.407131 0.358947
-0.848158 -11.684557 3.984511 -39.642520 0.452631 0.880036 -0.143741 0.074386 -0.197903 -0.977395 0.888590 -0.431707 0.155039
-0.656595 -9.004964 1.398326 -76.281653 0.481841 0.863902 -0.146638 0.415933 -0.372781 -0.829478 0.771252 -0.338685 0.538946
1.972067 -6.577728 3.666373 26.365706 -0.360631 -0.718265 0.595014 0.894203 -0.447659 0.001579 0.265229 0.532633 0.803714
1.537875 -5.928126 8.748265 33.386139 0.272179 0.755296 -0.596193 0.837829 -0.490737 -0.239205 0.473245 0.434401 0.766378
1.947512 -6.980977 10.722020 48.994196 -0.306676 -0.772031 0.556703 0.883720 -0.448201 -0.134738 0.353536 0.450649 0.819712
2.520786 -7.468803 28.569891 20.786273 -0.368872 -0.757132 0.539152 0.919076 -0.383657 0.090035 0.138681 0.528733 0.837382
4.401719 -17.664598 95.345787 -256.654373 0.615838 0.786016 -0.054060 0.679355 -0.495013 0.541701 -0.399025 0.370326 0.838831
2.424062 -15.144597 -56.756157 -109.733187 -0.636953 -0.760378 0.126945 0.724906 -0.534743 0.434237 -0.262301 0.368612 0.891809
3.719811 -28.177617 62.164374 -510.943942 0.558022 0.829212 -0.031911 0.815396 -0.540773 0.206622 -0.154077 0.141320 0.977900
3.275975 -31.444718 64.239518 -438.957073 0.501474 0.864415 0.036217 0.854811 -0.488574 -0.174912 0.133502 -0.118673 0.983918
5.231488 -51.038647 -57.515944 -1264.795113 -0.512394 -0.856602 -0.060704 0.858588 -0.512390 -0.016819 -0.016697 -0.060738 0.998014
5.606651 -39.077931 81.810116 -936.352107 0.536152 0.841521 0.066200 0.770621 -0.519967 0.368480 -0.344505 0.146546 0.927276
3.376105 -70.148591 -158.122426 1160.234886 0.649459 0.638159 -0.413469 -0.688769 0.724101 0.035709 0.322181 0.261593 0.909818
-10.982841 -163.943739 -15.880235 -791.059172 0.618067 0.748356 -0.240741 0.452908 -0.589283 -0.669044 0.642547 -0.304480 0.703153
-0.632184 -82.312781 -47.843310 1364.254761 0.723617 0.591053 -0.356420 -0.629701 0.776777 0.009692 0.282587 0.217425 0.934276
-21.624367 -458.239503 -438.296940 -17693.078957 0.528613 0.788205 -0.315120 -0.726430 0.612103 0.312458 -0.439167 -0.063743 -0.896141
-9.280148 -405.826137 -145.997712 24081.695721 0.556923 0.779055 -0.287941 0.817619 -0.575212 0.025106 -0.146068 -0.249408 -0.957319
-4.695085 -413.947140 -127.611789 18921.873441 0.563188 0.749452 -0.348053 0.141134 0.327773 0.934155 -0.814187 0.575227 -0.078825
-11.595417 -268.193729 -326.022179 -1266.892970 0.535752 0.758775 -0.370447 0.798195 -0.598210 -0.070921 0.275418 0.257693 0.926142
-16.199338 -509.359865 -399.345815 27088.752542 0.555654 0.746709 -0.365616 0.408091 0.138184 0.902423 -0.724369 0.650639 0.227943
-0.065075 -2.463039 3.221030 16.722920 0.947556 0.069025 -0.312046 -0.215654 0.858691 -0.464911 -0.235861 -0.507823 -0.828544
-0.213999 -2.797310 1.270197 15.506532 0.962541 0.002093 -0.271129 -0.158474 0.815726 -0.556307 -0.220003 -0.578435 -0.785501
-0.132600 -2.760913 -2.714688 22.412241 0.956754 0.002052 -0.290890 -0.153719 0.852521 -0.499578 -0.246965 -0.522689 -0.815969
-0.070846 -2.490494 8.590732 18.720445 0.941407 0.102038 -0.321468 -0.253608 0.842502 -0.475261 -0.222342 -0.528941 -0.819015
0.082870 -2.168926 7.540478 8.966552 0.923234 0.150907 -0.353364 -0.301642 0.854324 -0.423253 -0.238015 -0.497351 -0.834261
0.059933 -1.954261 5.653102 11.849551 0.932742 0.113345 -0.342265 -0.249918 0.887489 -0.387174 -0.259872 -0.446672 -0.856125
-2.549370 -4.535220 -4.218884 -9.990015 0.042245 0.983824 -0.174083 -0.827306 0.132135 0.545990 -0.560160 -0.120954 -0.819506
-2.510310 -4.517300 2.378926 -13.764225 0.174235 0.975837 -0.131848 -0.847872 0.216763 0.483866 -0.500755 -0.027484 -0.865153
-2.346247 -4.080915 -7.208015 -17.346129 -0.052460 0.989837 -0.132174 -0.894834 0.012161 0.446233 -0.443306 -0.141683 -0.885102
-2.234214 -4.088939 -13.353036 -8.347837 -0.128211 0.971496 -0.199395 -0.838972 0.000968 0.544174 -0.528855 -0.237055 -0.814934
1.144194 -8.426058 6.708297 -87.728019 0.580022 -0.680104 0.448367 0.640724 0.040995 -0.766676 0.503039 0.731969 0.459537
0.986379 -9.959751 -6.734002 64.303450 0.581329 -0.664121 0.470107 -0.495627 0.169187 0.851898 0.645299 0.728230 0.230803
1.312216 -8.850032 19.216619 -85.619815 0.537046 -0.725687 0.430070 0.621866 -0.003890 -0.783114 0.569969 0.688014 0.449190
-1.065611 -32.992244 8.665413 -666.254456 0.961926 0.213816 -0.170236 0.234929 -0.328569 0.914795 -0.139663 0.919959 0.366291
-2.051902 -35.621026 -32.214424 -724.601536 0.966697 0.212594 -0.142482 0.199643 -0.278093 0.939578 -0.160126 0.936733 0.311274
-5.480344 -408.822692 -12.846156 -11663.237700 0.923761 0.193067 -0.330742 0.317276 0.097854 0.943271 -0.214479 0.976294 -0.029138
-3.219438 -70.796270 28.480154 -1794.049425 0.903379 0.330166 -0.273673 0.397000 -0.402549 0.824830 -0.162164 0.853783 0.494730
-4.717951 -6.188629 6.652178 66.010326 -0.505263 -0.372154 0.778595 0.722861 -0.675328 0.146301 0.471360 0.636737 0.610234
-3.958545 -5.429024 19.898941 13.156052 0.831099 -0.247556 -0.497986 0.172267 -0.736815 0.653780 0.528771 0.629142 0.569720
-3.124457 -5.080088 1.158310 -12.802412 0.793760 -0.484008 -0.368350 0.065341 0.669959 -0.739517 0.604712 0.562930 0.563412
1.346778 -4.808600 -0.879889 18.825544 0.920458 0.374765 -0.110947 0.143889 -0.588856 -0.795327 0.363392 -0.716101 0.595941
2.006226 -4.657583 -8.157401 9.096866 0.877566 0.476247 -0.055382 0.222477 -0.506804 -0.832859 0.424714 -0.718567 0.550708
1.739185 -4.202877 -3.794714 23.711836 0.955712 0.224705 -0.190058 -0.032571 -0.561066 -0.827130 0.292495 -0.796689 0.528898
-0.546086 -8.436772 -68.463722 272.802685 0.735859 -0.669564 -0.100973 -0.649549 -0.655859 -0.384625 -0.191307 -0.348616 0.917534
-1.759349 -42.364591 -83.052021 1800.944797 0.790132 -0.573757 -0.215626 -0.476803 -0.354291 -0.804449 -0.385164 -0.738431 0.553505
0.874474 -1.649451 -12.769153 35.120112 0.054892 0.882241 -0.467586 0.453607 -0.439213 -0.775456 0.889510 0.169534 0.424300
0.952442 -1.998617 4.794846 35.806752 0.216554 0.710248 -0.669815 0.432699 -0.684853 -0.586300 0.875143 0.162863 0.455631
0.503618 -2.390017 -3.648579 26.116523 0.123422 0.805047 -0.580229 0.509353 -0.553195 -0.659192 0.851661 0.214183 0.478330
0.374198 -1.980732 -5.417433 16.746972 0.033050 0.882661 -0.468846 0.532128 -0.412626 -0.739310 0.846019 0.225052 0.483326
0.224119 -2.547294 -0.497347 5.596796 0.117288 0.802398 -0.585151 0.573406 -0.535794 -0.619782 0.810832 0.262836 0.522942
0.250404 -1.316210 -0.951451 -10.988598 0.546298 0.296289 -0.783436 -0.569329 0.817401 -0.087865 0.614347 0.494033 0.615230
0.289430 -1.124980 6.239384 -8.740405 0.533018 0.307944 -0.788075 -0.560100 0.826540 -0.055852 0.634176 0.471171 0.613040
0.292748 -1.171715 -2.662352 -6.935558 0.548370 0.312562 -0.775626 -0.561287 0.825118 -0.064326 0.619877 0.470623 0.627907
0.163980 -1.292275 -6.286945 -6.020921 0.578861 0.273035 -0.768357 -0.551878 0.824855 -0.122659 0.600292 0.495042 0.628158
0.194247 -1.176935 -11.219395 -0.433758 0.565692 0.318001 -0.760834 -0.559188 0.826037 -0.070512 0.606054 0.465337 0.645104
1.974017 -1.984374 -20.997010 2.378536 0.861867 -0.490318 -0.129514 -0.407845 -0.518356 -0.751645 -0.301411 -0.700639 0.646727
2.416978 -1.943345 -14.657216 5.746928 0.873213 -0.453947 -0.177288 -0.408684 -0.483935 -0.773811 -0.265474 -0.748157 0.608100
2.157993 -1.808907 -15.355761 7.432587 0.861856 -0.478189 -0.168936 -0.401080 -0.438803 -0.804106 -0.310386 -0.760780 0.569977
1.081917 -4.082533 11.823935 5.430302 0.842348 0.251212 -0.476804 0.478737 0.057528 0.876072 -0.247510 0.966221 0.071806
1.235219 -3.691970 -1.611497 -13.510083 0.799285 0.284441 -0.529374 0.483015 0.220034 0.847515 -0.357548 0.933102 -0.038481
1.154516 -4.098436 9.500637 -6.294556 0.841395 0.254140 -0.476936 0.448542 0.163853 0.878614 -0.301438 0.953187 -0.023872
-0.183647 -6.074337 -2.986379 7.258976 0.863502 -0.307922 -0.399436 -0.133363 0.624392 -0.769642 -0.486394 -0.717857 -0.498098
1.867552 -8.464355 3.772898 -100.382274 -0.944709 -0.165119 0.283303 -0.145792 0.985380 0.088155 -0.293718 0.041978 -0.954970
1.731849 -7.662386 8.357990 -75.054417 -0.951673 -0.187610 0.243147 -0.176536 0.982027 0.066765 -0.251303 0.020614 -0.967689
1.761626 -9.446080 14.285380 -87.377561 -0.942696 -0.163883 0.290633 -0.083426 0.959167 0.270259 -0.323056 0.230525 -0.917874
0.880564 -22.400070 -20.654381 -321.579261 0.972213 -0.164715 -0.166343 0.101969 -0.341654 0.934278 0.210721 0.925279 0.315365
0.773316 -17.216149 -34.305564 -176.917572 0.985405 -0.115542 -0.125005 0.060417 -0.449148 0.891412 0.159141 0.885955 0.435612
0.824972 -15.699414 -26.752713 -171.736242 0.976359 -0.101645 -0.190763 0.180071 -0.105697 0.977958 0.119568 0.989190 0.084895
1.003744 -17.529461 -14.866117 -269.029162 0.966670 -0.123027 -0.224530 0.227392 0.009556 0.973756 0.117653 0.992357 -0.037212
1.211750 -19.747451 3.586310 -276.377496 0.953443 -0.170509 -0.248744 0.256751 0.026282 0.966120 0.158194 0.985006 -0.068837
1.301028 -23.479461 4.478533 -320.248679 0.953961 -0.224531 -0.198860 0.115896 -0.335567 0.934860 0.276636 0.914866 0.294096
0.791206 -21.026311 12.138829 -39.066826 0.951462 -0.242203 -0.189891 -0.032137 -0.691808 0.721366 0.306085 0.680250 0.666012
0.531217 -3.559313 -11.901099 21.539724 0.963752 0.221621 -0.148548 0.174028 -0.944209 -0.279614 0.202229 -0.243627 0.948551
0.495976 -4.572635 -12.719016 59.439068 0.949829 0.288568 -0.120639 0.255004 -0.937817 -0.235526 0.181102 -0.192946 0.964352
-2.314152 -7.312654 12.333988 -21.295018 -0.370080 0.767915 -0.522827 0.013363 -0.558326 -0.829514 0.928904 0.313973 -0.196364
-1.437521 -7.461112 32.448849 12.671658 -0.422976 0.734280 -0.530966 -0.185702 -0.643770 -0.742344 0.886908 0.215392 -0.408656
2.637698 -5.765213 -16.146867 -34.608984 0.795109 0.606151 -0.019536 0.287299 -0.404837 -0.868082 0.534098 -0.684607 0.496036
3.290169 -4.808285 -31.381113 -9.455917 0.765921 0.639145 -0.069710 0.312637 -0.464987 -0.828279 0.561804 -0.612602 0.555963
3.339644 -6.180592 -30.530942 -65.584492 0.758614 0.650635 -0.034327 0.278191 -0.371100 -0.885943 0.589164 -0.662540 0.462522
2.596612 -4.981645 -22.925862 4.274535 0.809651 0.585202 -0.044770 0.334469 -0.522741 -0.784138 0.482283 -0.619904 0.618969
5.031245 -1.921103 52.615188 -7.158235 -0.215765 -0.370367 0.903479 0.235183 0.878322 0.416220 -0.947700 0.302289 -0.102407
5.262516 -2.013124 52.502345 -3.300914 -0.206063 -0.385674 0.899329 0.184551 0.887243 0.422777 -0.960978 0.253091 -0.111652
4.868674 -2.123456 47.943935 -10.934262 -0.239062 -0.368347 0.898426 0.301331 0.851431 0.429260 -0.923065 0.373343 -0.092551
3.156443 -1.914117 98.204150 3.466105 -0.029880 -0.417386 0.908238 0.290699 0.865739 0.407419 -0.956348 0.276197 0.095466
4.905619 -1.916797 122.538590 -6.038476 -0.037413 -0.420757 0.906402 0.206639 0.884175 0.418968 -0.977702 0.202973 0.053865
-0.378351 -16.084791 20.402663 33.577776 -0.701202 0.450721 -0.552419 -0.213521 0.606502 0.765875 0.680239 0.654986 -0.329042
-0.321465 -15.821854 16.068987 -34.741532 -0.719177 0.472878 -0.509088 0.006921 0.737523 0.675287 0.694792 0.482127 -0.533682
-0.498439 -9.315170 -6.551509 -43.361562 -0.448550 0.856134 -0.256588 -0.609032 -0.082671 0.788825 -0.654128 -0.510098 -0.558495
-0.408865 -10.364775 -7.078949 -36.957472 -0.456663 0.852997 -0.252697 -0.462792 0.014814 0.886343 -0.759791 -0.521706 -0.387995
-0.587692 -10.406946 -1.953084 -42.758939 -0.440901 0.865379 -0.238169 -0.417344 0.037263 0.907984 -0.794626 -0.499730 -0.344732
-0.590846 -9.273035 -6.180395 -46.260281 -0.439979 0.860850 -0.255649 -0.614169 -0.080769 0.785030 -0.655145 -0.502408 -0.564244
13.235299 -436.202680 -183.651123 51292.059370 0.604676 -0.182909 0.775185 0.794633 0.072459 -0.602750 0.054080 0.980456 0.189160
91.272251 -258.755469 3353.961255 25511.460141 -0.608849 -0.060276 -0.790993 0.236984 0.937756 -0.253873 0.757061 -0.342023 -0.556667
-0.392281 -93.728873 62.715415 -2949.627817 -0.678113 0.139781 -0.721542 -0.311809 0.834299 0.454666 0.665536 0.533298 -0.522164
0.699727 -107.888308 112.946026 -7431.092361 -0.650432 0.094084 -0.753715 0.208008 0.976429 -0.057619 0.730528 -0.194256 -0.654671
0.292697 -2.568265 -0.788064 10.715676 0.994308 -0.082843 -0.067002 0.084622 0.996120 0.024173 0.064739 -0.029705 0.997460
0.334690 -2.185536 -10.045912 14.889479 0.996603 -0.062772 -0.053316 0.060064 0.996893 -0.050952 0.056349 0.047576 0.997277
0.469755 -2.204847 -2.697220 15.511650 0.993446 -0.090159 -0.070265 0.086458 0.994789 -0.054039 0.074771 0.047610 0.996064
-0.389190 -2.489210 -32.932737 -10.510840 0.239880 0.877053 -0.416216 0.882157 -0.017940 0.470615 0.405287 -0.480058 -0.778002
0.276048 -2.758955 -21.040668 18.089992 0.093322 0.883797 -0.458470 -0.886515 -0.135839 -0.442310 0.453190 -0.447718 -0.770822
0.057826 -2.384053 -17.248438 -15.534774 0.068953 0.876569 -0.476312 0.919084 0.129867 0.372047 0.387982 -0.463424 -0.796686
0.550837 -2.808255 -2.940174 24.614028 -0.011510 0.873487 -0.486711 -0.899806 -0.221349 -0.375971 0.436139 -0.433618 -0.788517
0.422749 -2.552677 -2.228511 -24.330508 -0.065126 0.859221 -0.507442 0.921128 0.247336 0.300579 0.383772 -0.447844 -0.807561
-0.063623 -2.110573 -14.701372 -9.422886 -0.002613 0.867266 -0.497838 0.940901 0.170737 0.292497 0.338673 -0.467652 -0.816457
-0.466454 -2.123210 -23.855728 -6.355461 0.161698 0.875454 -0.455449 0.929063 0.020553 0.369351 0.332711 -0.482864 -0.810028
-0.116806 -1.984658 40.922744 -8.900219 0.960152 -0.167464 0.223750 0.277871 0.486258 -0.828457 -0.029936 -0.857618 -0.513415
-0.633770 -2.327528 31.383956 -9.076627 0.985405 -0.125584 0.114918 0.165936 0.558032 -0.813059 -0.037979 -0.820262 -0.570726
-0.925535 -2.586991 25.423645 -5.450861 0.997261 -0.066982 0.031382 0.067277 0.645033 -0.761188 -0.030744 -0.761214 -0.647772
-0.091441 -2.413089 29.654499 -10.303505 0.979059 -0.137588 0.150045 0.202719 0.591274 -0.780577 -0.018680 -0.794647 -0.606784
0.487544 -2.074479 32.662359 -10.602603 0.960480 -0.177044 0.214786 0.276603 0.520810 -0.807619 -0.031122 -0.835112 -0.549199
4.187532 0.090378 -105.428599 -0.771357 -0.468756 0.471800 -0.746775 0.854770 0.029047 -0.518194 -0.222792 -0.881227 -0.416896
3.669081 0.459592 101.645849 -2.133285 -0.263663 0.818135 -0.511016 0.891483 0.004330 -0.453034 -0.368430 -0.575010 -0.730495
4.066329 0.385942 -12.961879 -8.746307 -0.366761 0.610026 -0.702392 0.879801 -0.017969 -0.475003 -0.302386 -0.792177 -0.530111
-0.019644 -2.981016 4.062496 -2.832452 0.955309 -0.273977 -0.111005 -0.266944 -0.638225 -0.722087 -0.126989 -0.719448 0.682839
0.064013 -2.975370 10.747680 -1.581375 0.953733 -0.272183 -0.127709 -0.273956 -0.611750 -0.742099 -0.123860 -0.742751 0.658012
-0.580657 -9.614613 -17.345152 20.210316 0.916889 -0.063316 -0.394088 0.348607 0.607884 0.713407 -0.194390 0.791497 -0.579435
