15488
30953
-6.499597 -8.829078 -37.279329 204.852818 0.130725 0.918290 -0.373704 0.636035 0.211466 0.742119 -0.760506 0.334703 0.556421
-7.424315 -9.523023 47.197352 137.723458 0.284958 0.919750 -0.269923 0.525546 0.085586 0.846449 -0.801623 0.383060 0.458983
-5.756770 -12.059995 -86.630035 226.315043 0.049048 0.877004 -0.477974 0.523247 0.385064 0.760223 -0.850769 0.287385 0.440003
-6.242904 -8.580400 33.408823 82.344745 0.580572 0.774428 0.251392 0.251916 -0.464459 0.849009 -0.774258 0.429581 0.464743
-3.928839 -10.904246 -138.534056 305.314682 -0.001385 0.934963 -0.354741 0.630940 0.276037 0.725065 -0.775831 0.222816 0.590288
-5.111462 -6.897058 -66.504661 177.088327 0.166615 0.962791 -0.212775 0.681314 0.043578 0.730693 -0.712777 0.266711 0.648702
-4.967063 -6.852376 49.444906 -77.212611 0.689647 0.517458 0.506581 -0.128591 0.775950 -0.617549 -0.712637 0.360749 0.601672
2.527487 -15.186890 74.258502 428.070901 -0.279704 0.949901 -0.139474 0.472011 0.262556 0.841588 -0.836045 -0.169562 0.521802
3.645239 -10.336562 109.947495 359.360940 -0.332549 0.917313 -0.218972 0.581072 0.382176 0.718538 -0.742810 -0.111710 0.660117
4.776897 -16.903213 136.984666 520.052881 -0.342856 0.925204 -0.162628 0.440401 0.311227 0.842131 -0.829757 -0.217109 0.514167
3.476369 -15.695626 64.728724 175.452200 -0.284863 0.956539 -0.062339 0.210467 0.125859 0.969465 -0.935177 -0.263045 0.237172
3.016913 -14.068992 2.481035 246.477452 -0.238893 0.969116 -0.061198 0.294200 0.132294 0.946544 -0.925406 -0.208118 0.316718
-4.414613 -13.012479 7.853685 -57.710226 0.052701 -0.965262 0.255915 0.998587 0.049202 -0.020061 0.006773 0.256611 0.966491
-4.316794 -11.727599 8.954339 -88.571849 0.083142 -0.963322 0.255142 0.974712 0.131901 0.180384 -0.207422 0.233692 0.949929
-4.281997 -13.119981 5.388619 -49.274389 0.053459 -0.978694 0.198242 0.998214 0.057677 0.015562 -0.026665 0.197056 0.980030
-4.588023 -11.853151 13.128410 -103.435440 0.071222 -0.946522 0.314682 0.979020 0.126718 0.159571 -0.190913 0.296715 0.935688
-4.358308 -13.345811 4.942590 10.604849 0.036906 -0.978585 0.202508 0.978553 -0.005707 -0.205914 0.202660 0.205765 0.957387
-4.634660 -13.100614 24.176183 -53.210786 0.056670 -0.947267 0.315394 0.997731 0.042233 -0.052429 0.036345 0.317650 0.947511
-4.425837 -13.218546 8.912012 9.196055 0.044691 -0.963857 0.262646 0.969792 -0.021252 -0.243008 0.239806 0.265572 0.933790
-2.912107 -9.341036 -70.462133 81.545308 0.602876 0.775175 -0.188794 0.457185 -0.529585 -0.714508 0.653852 -0.344446 0.673672
-1.098010 -7.897119 -38.156901 40.572960 0.458820 0.888529 -0.000452 0.523415 -0.270692 -0.807937 0.717998 -0.370461 0.589269
-2.117616 -8.762968 -65.097053 61.237787 0.502797 0.861788 -0.067204 0.447434 -0.325991 -0.832786 0.739593 -0.388653 0.549500
-1.454813 -8.090648 -39.671391 94.331150 0.449398 0.893026 -0.023375 0.397888 -0.223520 -0.889789 0.799829 -0.390569 0.455774
-2.372247 -10.402091 -30.364426 121.398502 0.528145 0.829613 -0.181123 0.389592 -0.426260 -0.816407 0.754507 -0.360617 0.548337
-2.555119 -10.418793 -23.925320 104.754856 0.561248 0.800873 -0.208813 0.423831 -0.494819 -0.758631 0.710892 -0.337279 0.617151
-0.874426 -8.090058 -0.528678 41.612406 0.306633 0.951725 -0.014003 0.925410 -0.294648 0.238327 -0.222695 0.086038 0.971084
-0.741793 -7.132589 2.353001 25.557707 0.348015 0.937362 -0.015431 0.936522 -0.346862 0.051124 -0.042569 0.032244 0.998573
-0.838296 -7.779615 2.473280 36.028209 0.335602 0.941427 -0.032974 0.914663 -0.317290 0.250436 -0.225305 0.114207 0.967571
-0.969019 -8.454598 1.248525 34.925678 0.300320 0.952901 -0.042286 0.863451 -0.252757 0.436539 -0.405290 0.167613 0.898691
-0.986563 -8.958613 -4.052027 44.046834 0.268390 0.963054 -0.022231 0.870254 -0.232503 0.434281 -0.413067 0.135903 0.900503
-0.066446 -7.873535 5.019337 -30.925713 0.349773 0.934257 0.069441 0.541693 -0.141212 -0.828630 0.764348 -0.327448 0.555472
-0.008306 -7.145158 -0.686503 -24.672343 0.341024 0.934969 0.097650 0.656469 -0.162506 -0.736641 0.672868 -0.315317 0.669196
-0.038095 -7.270912 3.954391 -29.841027 0.332136 0.938363 0.095711 0.672144 -0.164268 -0.721968 0.661746 -0.304123 0.685275
-0.149942 -8.108575 6.848447 -30.224687 0.351444 0.934226 0.060906 0.550315 -0.153515 -0.820723 0.757391 -0.321956 0.568070
-0.234686 -8.808563 3.825677 -31.356432 0.371106 0.928110 0.029877 0.398333 -0.130045 -0.907975 0.838816 -0.348856 0.417957
175.189950 -7.694463 -11535.996452 50.618079 -0.212052 0.797418 -0.564941 -0.735001 0.250848 0.629959 -0.644055 -0.548816 -0.532910
276.939392 -6.754701 -25735.196061 -258.368035 -0.238982 0.826743 -0.509298 0.809391 -0.120156 -0.574846 -0.536445 -0.549599 -0.640443
185.292802 -3.777169 24023.539092 169.368524 0.187224 0.980387 -0.061548 -0.786206 0.187116 0.588954 -0.588920 0.061877 -0.805819
1450.545865 -18.658893 -153261.326817 -1174.888309 -0.476010 0.496069 -0.726175 0.769554 -0.164722 -0.616971 -0.425677 -0.852515 -0.303343
103.856572 -7.716880 8415.037906 -19.277008 0.064313 0.926894 -0.369772 -0.671035 0.314427 0.671452 -0.738631 -0.204946 -0.642200
108.162272 -9.543371 -6382.711365 2.305804 -0.305973 0.686764 -0.659345 -0.612561 0.388151 0.688555 -0.728800 -0.614568 -0.301921
230.061219 -8.153788 -16046.206985 -22.993505 -0.452535 0.456496 -0.766044 0.710165 -0.335062 -0.619193 -0.539331 -0.824224 -0.172560
0.696921 -5.537766 -8.611158 59.000857 0.312399 0.949951 0.000026 -0.427054 0.140465 -0.893250 0.848547 -0.279039 -0.449561
0.692329 -6.254438 -8.368472 0.228674 0.294192 0.954863 -0.041082 -0.338168 0.063793 -0.938921 0.893920 -0.290116 -0.341672
0.850170 -5.234085 -14.944572 37.264325 0.308271 0.951231 0.011360 -0.410442 0.143768 -0.900482 0.858199 -0.272930 -0.434745
1.011315 -2.919165 -16.460310 168.482351 0.349293 0.932258 0.094287 -0.470825 0.261619 -0.842543 0.810135 -0.249902 -0.530312
0.939767 -4.767521 -13.397048 13.585195 0.299098 0.953920 0.024016 -0.388844 0.144827 -0.909849 0.871402 -0.262796 -0.414244
1.136217 -2.936928 -15.262507 124.884282 0.345057 0.929909 0.127296 -0.438320 0.279581 -0.854230 0.829946 -0.238962 -0.504070
-10.083943 -14.502228 271.516975 -81.458279 0.156691 0.987545 -0.014242 0.429147 -0.055090 0.901553 -0.889540 0.147377 0.432434
-9.708778 -12.909477 272.447581 415.916410 0.162753 0.986326 -0.025944 0.564262 -0.071473 0.822496 -0.809395 0.148503 0.568178
-8.074257 -12.957016 245.183626 11.409371 0.245548 0.968791 -0.033915 0.471114 -0.088686 0.877602 -0.847206 0.231472 0.478188
2.370401 -5.875821 -67.146311 4.019779 0.241333 0.967821 0.071284 0.925955 -0.207662 -0.315410 0.290457 -0.142124 0.946275
2.724784 -5.925160 -83.227436 -0.081477 0.265147 0.961204 0.076056 0.879763 -0.208890 -0.427062 0.394606 -0.180145 0.901018
1.568273 -5.824584 -55.753369 0.275763 0.293696 0.952680 0.078385 0.914193 -0.255978 -0.314208 0.279275 -0.163941 0.946113
1.297618 -5.727467 -42.301844 -3.957245 0.264340 0.961656 0.073095 0.949174 -0.245983 -0.196370 0.170860 -0.121289 0.977802
1.956111 -5.817222 -52.499843 -0.357669 0.215380 0.974296 0.066024 0.959950 -0.198833 -0.197384 0.179183 -0.105892 0.978100
1.045391 -25.430280 -12.882910 -304.464362 0.245147 0.887026 -0.391265 0.262020 0.327941 0.907634 -0.933407 0.325023 0.152025
0.874994 -27.870658 11.789562 -467.994344 0.262908 0.866018 -0.425315 0.165785 0.393717 0.904158 -0.950471 0.308221 0.040061
0.929978 -35.654178 29.674910 -813.772687 0.281259 0.883392 -0.374850 0.463384 0.217037 0.859168 -0.840338 0.415348 0.348306
1.342891 -17.100949 -30.367986 245.033680 0.266453 0.927128 -0.263509 -0.908912 0.332674 0.251411 -0.320753 -0.172517 -0.931319
0.734296 -16.086592 -20.016496 309.034652 0.270083 0.921060 -0.280542 -0.885410 0.352065 0.303478 -0.378290 -0.166431 -0.910603
0.817516 -18.570515 -24.223473 -248.142541 0.271146 0.919744 -0.283815 0.936385 -0.320319 -0.143454 -0.222852 -0.226863 -0.948088
-0.836745 -18.348165 18.895741 -401.629643 0.343162 0.907525 -0.242153 0.593459 -0.009659 0.804807 -0.728043 0.419887 0.541893
-1.046547 -14.810444 10.998054 -272.019291 0.342847 0.904247 -0.254544 0.446489 0.081547 0.891066 -0.826501 0.419150 0.375778
-0.911295 -17.081847 -4.040854 -198.956621 0.314074 0.917088 -0.245576 0.593224 0.012385 0.804942 -0.741244 0.398493 0.540149
-0.766252 -14.195497 16.417200 -297.588497 0.373198 0.895720 -0.241680 0.433157 0.062139 0.899174 -0.820426 0.440255 0.364797
-0.606458 -19.307631 4.288986 -219.900243 0.319276 0.917317 -0.237891 0.728307 -0.076904 0.680922 -0.606326 0.390660 0.692642
-0.952892 -22.314826 34.000519 -508.912171 0.339506 0.906700 -0.250261 0.754002 -0.103279 0.648703 -0.562332 0.408935 0.718717
-0.772346 -18.652476 12.811733 -432.034173 0.364052 0.900063 -0.239485 0.585911 -0.021440 0.810092 -0.723999 0.435233 0.535162
-0.051819 -7.279960 -47.408113 111.498616 0.094279 0.544285 -0.833586 -0.074423 0.838826 0.539289 0.992760 0.011195 0.119591
0.123701 -7.380001 23.386005 126.414055 0.071228 0.549693 -0.832325 -0.096499 0.834327 0.542757 0.992781 0.041659 0.112472
0.026589 -8.416827 8.350038 98.883027 0.071899 0.499327 -0.863425 0.004786 0.865483 0.500915 0.997400 -0.040148 0.059838
-0.346292 -7.751888 -59.381734 73.955220 0.095731 0.483200 -0.870260 0.013303 0.873577 0.486505 0.995318 -0.058151 0.077201
0.287588 -8.134902 -56.567578 66.995876 0.076792 0.374028 -0.924233 0.123380 0.916280 0.381061 0.989384 -0.143294 0.024215
0.277973 -9.597247 11.376171 23.227361 0.071304 0.477611 -0.875673 0.143887 0.863800 0.482852 0.987022 -0.160427 -0.007130
-12.141512 -28.428595 906.658893 1120.152124 0.712448 -0.658685 0.241975 0.681438 0.567100 -0.462645 -0.167514 -0.494501 -0.852882
3.423862 -24.708763 -310.359589 1505.480608 -0.453453 0.820538 -0.347992 0.862439 0.305432 -0.403621 -0.224898 -0.483145 -0.846163
-9.963931 -18.754221 -1.854929 -677.194207 0.939418 -0.223770 -0.259656 0.030161 0.808537 -0.587672 -0.341445 -0.544238 -0.766303
-18.095601 -87.122722 457.078520 -4405.544701 0.779156 0.434434 -0.451867 -0.550419 0.819102 -0.161589 -0.299925 -0.374619 -0.877329
136.695870 -4928.136904 -1334.636021 -223585.132748 0.728594 0.582217 -0.360797 -0.650077 0.753716 -0.096499 -0.215755 -0.304854 -0.927639
-1.506312 -10.401013 245.600269 -676.150209 0.975067 0.063769 -0.212550 -0.156357 0.877105 -0.454137 -0.157469 -0.476047 -0.865207
0.804161 -6.206449 -55.888959 16.150489 0.394979 0.913008 0.102023 0.480665 -0.110738 -0.869884 0.782913 -0.392625 0.482590
0.668430 -5.940849 -49.686493 23.443603 0.385563 0.913150 0.132282 0.395574 -0.034068 -0.917802 0.833584 -0.406197 0.374354
0.281672 -6.426542 -17.356019 12.511467 0.399823 0.912089 0.090747 0.482596 -0.125307 -0.866833 0.779257 -0.390374 0.490271
0.287275 -6.471507 -41.109954 0.467955 0.416742 0.906154 0.072192 0.568713 -0.197948 -0.798362 0.709148 -0.373767 0.597835
0.288527 -6.572884 4.861170 0.796501 0.412287 0.908608 0.066721 0.575155 -0.202785 -0.792512 0.706552 -0.365117 0.606196
0.292573 -6.618254 28.101446 8.672715 0.391697 0.915935 0.087391 0.492995 -0.128730 -0.860456 0.776871 -0.380122 0.501975
0.554303 -13.397398 18.359286 -107.274586 0.276893 0.956631 -0.090490 -0.038715 -0.082989 -0.995798 0.960121 -0.279233 -0.014057
0.367334 -14.599356 7.575848 -145.678240 0.291578 0.953583 -0.075243 -0.230117 -0.006423 -0.973142 0.928455 -0.301061 -0.217563
0.785176 -15.651781 25.319874 -213.330111 0.300969 0.950252 -0.080244 -0.188670 -0.023148 -0.981768 0.934784 -0.310621 -0.172317
0.172282 -12.677486 18.739881 32.528882 0.269849 0.955754 -0.117116 0.116494 -0.153139 -0.981314 0.955830 -0.251163 0.152664
0.316968 -12.199497 19.938371 2.460360 0.274543 0.954520 -0.116268 0.074432 -0.141647 -0.987115 0.958690 -0.262352 0.109935
0.124018 -12.327545 4.990368 -4.123302 0.286179 0.950218 -0.123236 0.068410 -0.148549 -0.986536 0.955731 -0.273895 0.107516
2.957917 -2.082486 -257.228668 1.465586 0.070216 -0.059196 0.995774 0.344315 0.938326 0.031502 -0.936225 0.340648 0.086267
0.384532 -2.869335 -176.227666 -24.679508 -0.032310 -0.294536 0.955094 0.378427 0.880844 0.284441 -0.925067 0.370623 0.083000
2.767014 -1.818647 -142.096807 12.059677 0.118473 -0.091552 0.988728 0.367519 0.929068 0.041990 -0.922439 0.358401 0.143717
4.640456 -1.760099 -161.773704 2.379122 0.184355 0.023823 0.982571 0.319040 0.944122 -0.082751 -0.929638 0.328735 0.166453
-219.242417 -489.608331 25145.052563 39341.812524 0.950631 -0.310250 -0.006710 -0.254635 -0.792217 0.554576 0.177373 0.525488 0.832106
-69.720807 -311.340992 8791.064299 11247.772880 0.915655 -0.375603 -0.143174 0.376510 0.926157 -0.021751 0.140771 -0.033990 0.989458
-7.097719 -143.076747 -4990.741448 -7804.502503 -0.746638 0.645895 0.159221 0.404967 0.631200 -0.661505 0.527763 0.429426 0.732844
-2.376869 -63.957129 63.363641 2264.937556 0.899355 -0.040660 -0.435324 0.407122 0.440902 0.799910 -0.159411 0.896634 -0.413082
0.741146 -38.520184 84.264152 1188.146459 0.950960 0.081805 -0.298301 0.283004 0.159109 0.945829 -0.124835 0.983866 -0.128155
-1.095474 -43.287918 97.297518 138.294626 0.945982 0.026696 -0.323118 0.241643 0.606405 0.757550 -0.216164 0.794707 -0.567198
-0.005560 -4.262885 -3.619063 -21.885915 0.222378 0.972008 0.075818 0.962417 -0.231287 0.142336 -0.155887 -0.041316 0.986910
-0.193211 -4.102033 -2.235760 -13.527158 0.211757 0.974345 0.076225 0.949966 -0.223527 0.218176 -0.229617 -0.026211 0.972928
-0.049045 -4.449408 -10.240364 -24.462075 0.201524 0.977158 0.067451 0.967585 -0.209304 0.141321 -0.152211 -0.036785 0.987663
0.078540 -4.804130 -8.941484 -27.236602 0.250547 0.965455 0.071569 0.965887 -0.254290 0.048981 -0.065488 -0.056856 0.996232
0.171184 -4.548657 9.748518 -22.937737 0.259962 0.963139 0.069164 0.963199 -0.263713 0.052000 -0.068323 -0.053101 0.996249
0.833519 -5.768808 -443.283978 -26.510455 -0.699117 0.536371 -0.472802 0.712997 0.572530 -0.404778 0.053582 -0.620094 -0.782696
-2.818269 -5.417376 -213.382743 -14.086881 -0.675585 0.616428 -0.404477 0.735532 0.601276 -0.312184 0.050764 -0.508413 -0.859616
3.668341 -5.343575 -442.966805 10.383435 -0.533107 0.655341 -0.535093 0.834186 0.512684 -0.203194 0.141172 -0.554692 -0.819992
6.725032 -6.103157 -690.986694 -41.640765 -0.589036 0.589793 -0.552431 0.805816 0.480119 -0.346620 0.060798 -0.649330 -0.758073
-15.233023 -23.337748 -839.596792 373.257379 -0.621332 0.330285 -0.710534 0.683406 -0.215143 -0.697617 -0.383279 -0.919035 -0.092044
-19.703599 -21.341255 -319.059600 859.675855 -0.103473 0.328917 -0.938673 0.959192 -0.216679 -0.181660 -0.263142 -0.919165 -0.293075
-0.489656 -19.694469 870.336718 395.388741 0.864768 -0.334098 0.374908 0.447433 0.173665 -0.877294 -0.227994 -0.926401 -0.299666
6.569579 -13.864682 845.073308 283.418375 0.826924 -0.367432 0.425666 0.537539 0.294306 -0.790213 -0.165073 -0.882257 -0.440877
15.288556 -16.843115 703.436879 393.361135 0.785947 -0.504669 0.357207 0.535809 0.267632 -0.800801 -0.308539 -0.820781 -0.480751
10.165676 -20.785596 507.862006 301.490841 0.783373 -0.538930 0.309648 0.367075 -0.000881 -0.930191 -0.501581 -0.842350 -0.197138
0.053109 -2.229933 32.167220 -49.831883 0.610167 0.743879 0.272654 -0.024018 -0.326616 0.944852 -0.791909 0.583066 0.181423
0.222363 -1.836305 21.729524 -31.421336 0.600406 0.732790 0.320205 -0.063627 -0.355365 0.932560 -0.797160 0.580288 0.166738
-0.233581 -1.843579 21.731326 -16.264014 0.605995 0.787608 0.111549 0.057434 -0.183187 0.981399 -0.793392 0.588317 0.156246
-1.019309 -7.198932 -149.566623 -20.162231 0.225846 0.968188 -0.107732 -0.918301 0.174679 -0.355261 0.325140 -0.179164 -0.928539
-2.843121 -7.298765 -70.010026 -24.082528 0.284624 0.958105 -0.032014 -0.893129 0.252892 -0.371977 0.348297 -0.134466 -0.927690
-0.759636 -6.925717 -142.151113 -28.469990 0.216806 0.970153 -0.108618 -0.875886 0.144185 -0.460472 0.431068 -0.194970 -0.881003
1.440538 -6.827477 -191.619264 -27.421070 0.191364 0.971219 -0.141819 -0.880971 0.106253 -0.461085 0.432746 -0.213174 -0.875950
0.334862 -6.565235 -146.505796 -27.118074 0.207824 0.970666 -0.120900 -0.826434 0.108121 -0.552554 0.523274 -0.214750 -0.824662
-0.464577 -7.285357 1.039553 -0.338070 0.310978 0.940809 -0.134798 0.949008 -0.315097 -0.009840 -0.051732 -0.124864 -0.990824
-0.642990 -6.930384 -0.970208 7.320295 0.286383 0.950144 -0.123335 -0.920947 0.308490 0.238098 -0.264275 -0.045398 -0.963378
-0.609928 -6.929352 -3.442409 6.761639 0.332351 0.935858 -0.117098 0.939995 -0.338830 -0.040038 -0.077146 -0.096765 -0.992313
-0.957922 -16.922139 22.311736 53.758429 0.124992 0.992137 0.006470 0.707495 -0.084556 -0.701641 0.695577 -0.092277 0.712501
-0.341144 -15.412195 39.264782 38.074476 0.114317 0.992871 -0.033738 0.738532 -0.107649 -0.665569 0.664456 -0.051169 0.745574
-0.643372 -15.286443 30.815491 -107.564146 0.084549 0.996411 -0.003945 0.876437 -0.076251 -0.475441 0.474035 -0.036740 0.879739
2.115413 -6.462531 93.575103 -71.990701 0.437874 0.888323 -0.138379 0.748996 -0.445584 -0.490367 0.497264 -0.111073 0.860460
1.092113 -6.341941 75.598225 -45.015586 0.518624 0.836614 -0.176369 0.729321 -0.540533 -0.419422 0.446228 -0.088893 0.890494
-0.365784 -5.514920 32.495022 -37.702353 0.365036 0.926173 -0.094615 0.834154 -0.370504 -0.408551 0.413444 -0.070213 0.907818
-0.067389 -6.022737 36.245637 -61.031693 0.323055 0.943761 -0.070355 0.830649 -0.318389 -0.456783 0.453495 -0.089126 0.886792
-1.042939 -5.793711 4.708692 0.914935 0.221060 0.975260 0.000958 0.907294 -0.205294 -0.366976 0.357701 -0.081993 0.930230
-1.259024 -5.565016 -1.449571 31.001934 0.206551 0.978410 -0.007129 0.921885 -0.197049 -0.333616 0.327818 -0.062336 0.942682
-1.176590 -8.642890 -802.785625 446.065163 0.817387 -0.557102 -0.146683 0.499419 0.812165 -0.301610 0.287159 0.173276 0.942080
-2.962527 -16.604218 47.655284 -1309.025224 0.947588 -0.129456 -0.292094 0.086625 0.984090 -0.155125 0.307528 0.121691 0.943725
-2.422319 -44.480062 15.922651 -6231.866147 0.949527 -0.078091 -0.303810 0.004521 0.971823 -0.235668 0.313653 0.222400 0.923125
-1.803363 -34.175005 -192.242455 -4203.057437 0.944979 -0.198363 -0.260128 0.114129 0.945129 -0.306114 0.306576 0.259583 0.915766
1.511672 -22.841700 -1193.361461 -2684.284468 0.879537 -0.449077 -0.157301 0.391402 0.870794 -0.297528 0.270590 0.200119 0.941665
0.435820 -14.984771 -27.810264 105.994970 0.241101 0.970184 0.024750 -0.791028 0.181676 0.584182 -0.562268 0.160425 -0.811245
-0.012413 -13.611164 -10.362812 45.624147 0.229571 0.971953 0.051036 -0.686157 0.124432 0.716732 -0.690280 0.199560 -0.695478
0.303822 -14.446694 7.762059 178.179797 0.271316 0.962468 0.006588 -0.765577 0.211655 0.607531 -0.583335 0.169877 -0.794269
0.295470 -14.873597 -42.688950 32.410353 0.182318 0.978846 0.092848 -0.698868 0.062585 0.712508 -0.691624 0.194792 -0.695494
0.526620 -15.821380 -6.593838 156.166874 0.263420 0.964634 -0.009544 -0.865016 0.240573 0.440310 -0.427034 0.107731 -0.897795
0.952568 -15.922440 -44.770014 53.927569 0.215032 0.974914 0.057476 -0.808029 0.144552 0.571134 -0.548499 0.169254 -0.818842
0.935567 -15.863622 -34.912966 53.888439 0.252556 0.967582 -0.001072 -0.880851 0.230376 0.413557 -0.400397 0.103502 -0.910478
191.094635 -139.612402 20716.018639 -12526.844117 -0.075621 0.879496 0.469861 0.884829 -0.158069 0.438283 -0.459738 -0.448890 0.766250
100.616421 -50.669765 8041.288178 1820.505005 0.175574 0.975363 0.133566 0.962383 -0.198624 0.185386 -0.207348 -0.095993 0.973546
35.468512 -39.705994 -2700.827728 299.600510 0.072843 -0.996841 0.031649 0.997144 0.073426 0.017682 -0.019950 0.030271 0.999343
58.694695 -6.724743 5547.600886 -427.751203 0.241338 0.968142 -0.066763 -0.958939 0.248473 0.136737 -0.148969 -0.031022 -0.988355
31.506873 -12.258033 2562.019314 583.442093 0.254565 0.933311 -0.253233 0.950816 -0.289344 -0.110585 -0.176481 -0.212627 -0.961064
162.799238 -10.429760 19816.186724 -1243.521838 0.269225 0.962101 -0.043354 -0.951018 0.272686 0.145630 -0.151933 -0.002023 -0.988389
-0.641020 -14.281758 -10.800760 -24.183977 0.124265 0.974147 -0.188669 -0.858305 0.010124 -0.513040 0.497866 -0.225689 -0.837373
-0.280483 -14.890678 -5.344933 -52.285799 0.139605 0.972582 -0.185994 -0.739442 -0.022533 -0.672843 0.658586 -0.231464 -0.716023
-0.358297 -15.302943 -4.483193 -19.785166 0.114458 0.972323 -0.203683 -0.861508 -0.004945 -0.507720 0.494675 -0.233587 -0.837098
-0.667566 -14.264043 -9.637017 4.341560 0.095851 0.974440 -0.203171 -0.946940 0.026358 -0.320327 0.306784 -0.223094 -0.925263
-1.032581 -13.500475 -13.347606 -3.388082 0.093822 0.979555 -0.177960 -0.944504 0.031053 -0.327029 0.314816 -0.198766 -0.928107
5.548204 -11.731413 -203.139684 249.825083 0.125081 0.927703 0.351740 0.147651 -0.367982 0.918035 -0.981098 0.062894 0.183003
7.455519 -13.601487 -18.705644 379.315019 0.287927 0.895540 0.339273 0.065585 -0.371883 0.925960 -0.955404 0.244357 0.165809
7.498771 -9.329957 -25.556403 364.990100 0.272502 0.901647 0.335821 0.232166 -0.400335 0.886471 -0.933725 0.163599 0.318424
7.257070 -12.432882 72.983022 456.194596 0.367415 0.873043 0.320628 0.116096 -0.385096 0.915545 -0.922783 0.299161 0.242847
7.186061 -8.221543 86.599801 394.584303 0.362924 0.876051 0.317524 0.255506 -0.421255 0.870208 -0.896104 0.234690 0.376719
-0.393203 -12.493468 27.538649 67.263141 -0.193353 -0.978390 -0.073260 0.981006 -0.191604 -0.030264 0.015573 -0.077720 0.996854
0.226008 -13.794510 46.260377 123.686004 -0.153072 -0.985174 -0.077470 0.987705 -0.150004 -0.044019 0.031746 -0.083256 0.996022
0.093419 -11.857431 -37.334117 53.417301 0.249593 0.965545 0.073658 0.956382 -0.233872 -0.175033 0.151775 -0.114132 0.981804
-0.338099 -10.680092 -19.418995 54.295709 0.295262 0.953179 0.065346 0.945554 -0.281729 -0.162959 0.136919 -0.109904 0.984466
-0.651262 -11.192710 3.105465 9.820510 -0.234613 -0.970184 -0.060826 0.972075 -0.234479 -0.009433 -0.005111 -0.061341 0.998104
-0.367285 -7.122307 60.300885 3.591254 0.437747 0.888155 0.139853 -0.665136 0.215234 0.715031 -0.604956 0.406024 -0.684962
-1.190411 -7.335884 18.564701 -5.164656 0.478388 0.875152 0.072489 -0.711425 0.337847 0.616225 -0.514800 0.346365 -0.784227
-1.250218 -7.560248 23.509429 -6.070373 0.453864 0.886260 0.092465 -0.654893 0.261400 0.709073 -0.604253 0.382377 -0.699046
-4.079551 -9.219861 -66.703886 -30.774354 0.131032 0.991356 -0.006594 -0.966840 0.126316 -0.221957 0.219206 -0.035459 -0.975034
-3.933489 -9.514014 -63.945492 -89.106621 0.064133 0.997917 -0.006996 -0.989955 0.062733 -0.126702 0.125999 -0.015052 -0.991916
-4.511990 -8.880737 -68.154044 -45.109082 0.064638 0.997561 0.026352 -0.965711 0.069184 -0.250231 0.251444 0.009274 -0.967827
-4.815627 -9.116495 -33.379737 84.522465 0.246287 0.965316 0.086650 -0.910148 0.261085 -0.321659 0.333126 -0.000356 -0.942882
-5.147285 -8.335679 -50.466863 27.383765 0.111519 0.989112 0.096022 -0.927466 0.138293 -0.347394 0.356891 0.050316 -0.932790
-4.732251 -8.411458 -31.609669 -66.169908 -0.017781 0.996799 0.077947 -0.955391 0.006048 -0.295283 0.294809 0.079720 -0.952225
0.600690 -31.039506 -33.412890 444.023287 0.561258 0.826341 0.046363 -0.693902 0.500358 -0.517824 0.451097 -0.258462 -0.854230
0.017931 -66.615749 -92.973433 3575.478149 0.572247 0.816757 0.073773 -0.767274 0.564987 -0.303448 0.289524 -0.117043 -0.949988
1.111835 -26.010229 -20.947135 332.720503 0.528233 0.848772 0.023584 -0.834692 0.524165 -0.168941 0.155754 -0.069555 -0.985344
0.380823 -34.656549 -37.748222 678.707597 0.578106 0.813111 0.068153 -0.568737 0.461432 -0.680896 0.585092 -0.354869 -0.729202
0.432002 -40.772706 -56.887278 971.927310 0.615719 0.782014 0.096661 -0.446099 0.447070 -0.775322 0.649527 -0.434261 -0.624125
-2.491031 -83.962080 9.028007 -3752.509020 0.546693 0.803801 -0.234587 -0.158212 0.374272 0.913723 -0.822251 0.462411 -0.331783
-1.385479 -48.227381 -37.025366 -1532.883011 0.544510 0.827794 -0.135147 -0.499176 0.449312 0.740906 -0.674041 0.335969 -0.657870
0.732503 -34.788578 -31.382982 -902.830563 0.573070 0.791853 -0.211090 -0.440031 0.514625 0.735890 -0.691349 0.328830 -0.643357
3.857084 -96.717430 -236.409623 -4359.862333 0.533599 0.839437 -0.103045 -0.215751 0.252918 0.943125 -0.817755 0.481018 -0.316066
-0.371630 -1.798186 1.379443 -134.155313 0.349426 0.916118 0.196542 -0.073528 0.235929 -0.968985 0.934074 -0.324137 -0.149800
-0.345007 -1.536759 19.013424 -117.572840 0.325063 0.921318 0.213324 -0.086390 0.253561 -0.963454 0.941738 -0.294754 -0.162016
2.393579 -0.547784 -283.561776 -7.761705 -0.147340 -0.158085 -0.976371 0.309764 0.930109 -0.197340 0.939328 -0.331520 -0.088073
1.891475 -3.661758 13.873553 -27.006943 0.129749 0.989258 -0.067338 0.152024 0.047262 0.987246 -0.979823 0.138331 0.144259
1.974430 -3.788497 15.776476 -16.058009 0.092874 0.991420 -0.091979 0.151845 0.077194 0.985385 -0.984031 0.105483 0.143373
1.956517 -3.222857 22.013517 -22.544820 0.132548 0.990581 -0.034369 0.094384 0.021903 0.995295 -0.986672 0.135168 0.090592
1.582326 -2.998206 8.684875 -27.828683 0.159779 0.985746 -0.052682 0.103890 0.036280 0.993927 -0.981671 0.164282 0.096612
1.991294 -2.985618 30.088855 -23.038866 0.137813 0.989522 0.043065 0.030645 -0.047719 0.998391 -0.989984 0.136271 0.036900
1.519854 -2.582915 17.903162 -25.987435 0.164398 0.986342 0.010160 0.046524 -0.018042 0.998754 -0.985296 0.163720 0.048855
-4.423798 -424.867991 8685.487272 -1736.656765 0.999508 -0.001995 -0.031308 -0.000797 0.996037 -0.088935 -0.031362 -0.088916 -0.995545
34.162129 -247.460622 5255.791062 -6867.475692 0.981135 -0.069431 -0.180423 0.010749 0.951429 -0.307681 -0.193023 -0.299938 -0.934227
-71.606538 -3516.806389 6501.097791 215994.696670 0.618267 0.371005 -0.692894 0.780669 -0.392079 0.486652 -0.091119 -0.841801 -0.532041
-101.252469 -222.517989 7641.135305 -2361.651826 0.942145 -0.088549 -0.323300 -0.140387 0.771588 -0.620439 -0.304393 -0.629930 -0.714516
6.992937 -36.814957 -19.930756 343.243019 0.729030 0.681461 -0.064235 0.278748 -0.209870 0.937152 -0.625151 0.701117 0.342958
9.344779 -38.608253 1.377625 -426.979463 0.750989 0.658329 -0.051170 0.014942 0.060530 0.998055 -0.660146 0.750292 -0.035620
7.602999 -37.274004 100.062869 -58.729464 0.835476 0.548280 -0.036992 0.146598 -0.157498 0.976577 -0.529612 0.821330 0.211963
9.707947 -40.970164 78.660860 -1128.788873 0.829901 0.557911 -0.000297 -0.151780 0.226286 0.962163 -0.536868 0.798455 -0.272475
7.353855 -38.019707 204.474407 -1000.638490 0.920075 0.391737 0.002027 -0.108263 0.249299 0.962356 -0.376485 0.885659 -0.271785
5.799643 -31.641752 191.472733 -365.094486 0.943491 0.330050 -0.029875 0.047411 -0.045209 0.997852 -0.327990 0.942880 0.058303
5.532040 -32.426086 165.112636 327.687421 0.928168 0.365908 -0.067937 0.220223 -0.392851 0.892844 -0.300009 0.843670 0.445213
4.959956 -38.890498 112.982469 1122.851069 0.898468 0.433750 -0.067948 0.337424 -0.583178 0.738951 -0.280894 0.686851 0.670324
1.168893 -57.065179 30.867040 -767.064642 0.963704 -0.077457 0.255488 0.233537 0.708295 -0.666167 0.129361 -0.701654 -0.700676
1.024801 -53.319819 -30.537189 -1300.588183 0.972311 -0.145697 0.182712 0.233623 0.624889 -0.744939 0.005639 -0.766998 -0.641624
1.670255 -101.827883 15.231265 -4569.380150 0.973412 -0.105774 0.203178 0.225273 0.281372 -0.932782 -0.041495 -0.953751 -0.297719
-8.337465 -10.312611 58.940015 98.345201 0.310154 0.896866 -0.315333 0.432113 0.162455 0.887067 -0.846808 0.411387 0.337161
2.920653 -7.109199 128.475103 54.539601 -0.287298 0.931301 -0.223915 0.635285 0.360223 0.683120 -0.716850 -0.054009 0.695133
4.392590 -6.938200 105.322798 141.160212 -0.371886 0.903594 -0.212646 0.624902 0.413087 0.662462 -0.686438 -0.113478 0.718279
6.006924 -10.927015 152.308058 444.850145 -0.398278 0.889250 -0.224965 0.565383 0.431120 0.703191 -0.722300 -0.152874 0.674472
-3.353717 -5.698566 102.742942 -131.812457 -0.345309 -0.896017 -0.279133 0.931107 -0.289856 -0.221411 0.117480 -0.336358 0.934378
-0.312899 -4.986856 -329.526777 111.421386 0.999251 0.036135 0.013811 0.038537 -0.961000 -0.273852 -0.003377 -0.274179 0.961673
0.404273 -3.479848 -273.571795 197.257678 0.999373 -0.034456 0.008092 -0.029827 -0.942979 -0.331512 -0.019053 -0.331063 0.943416
-4.040744 -12.044850 -20.803123 -82.284725 -0.107144 0.979106 -0.172831 0.961520 0.146271 0.232562 -0.252983 0.141263 0.957102
-4.353780 -10.056183 -1.251647 -96.129726 -0.163383 0.945922 -0.280244 0.913293 0.252444 0.319636 -0.373097 0.203722 0.905150
-4.651507 -9.849356 -1.381840 -119.749391 -0.129282 0.934405 -0.331923 0.916160 0.240624 0.320547 -0.379389 0.262654 0.887173
-0.717213 -6.980211 -2.896373 24.376955 -0.363743 -0.930931 0.032527 0.930006 -0.360963 0.069239 -0.052716 0.055436 0.997070
-0.089087 -6.769611 -5.032719 -14.617144 0.329650 0.936620 0.118634 0.763672 -0.190653 -0.616812 0.555100 -0.293929 0.778119
-0.115193 -6.749301 -6.230888 -9.731435 0.348372 0.931416 0.105361 0.744590 -0.206696 -0.634715 0.569406 -0.299567 0.765530
0.352404 -11.082960 27.132813 -51.251699 0.006651 0.996627 -0.081798 0.968341 -0.026832 -0.248186 0.249544 0.077557 0.965253
0.294948 -12.661445 26.546479 -139.475903 -0.001636 0.997707 -0.067655 0.905300 -0.027260 -0.423898 0.424771 0.061942 0.903179
0.928363 -11.487482 13.431536 -127.156233 0.012057 0.999046 -0.041983 0.958925 -0.023452 -0.282690 0.283405 0.036850 0.958292
-0.433358 -11.999948 34.276160 -92.262266 0.011832 0.995453 -0.094521 0.919433 -0.047989 -0.390307 0.393068 0.082288 0.915820
0.909139 -9.794857 11.806907 0.258824 -0.021935 0.998334 -0.053359 0.992307 0.015236 -0.122864 0.121847 0.055644 0.990988
0.542080 -10.944055 -27.342022 98.752817 0.031205 -0.995606 0.088288 0.995957 0.023528 -0.086695 0.084237 0.090636 0.992315
-0.291792 -11.133498 36.413441 5.575986 0.018953 0.994253 -0.105368 0.974938 -0.041743 -0.218525 0.221668 0.098586 0.970126
167.827611 -6.796947 27967.377033 -31.442913 0.207826 0.945658 0.250080 -0.862266 0.056399 0.503306 -0.461851 0.320236 -0.827129
260.813413 -9.793490 25475.051584 -278.731390 0.157460 0.975198 0.155545 -0.860178 0.058073 0.506677 -0.485077 0.213578 -0.847988
3183.171230 -79.945212 -569627.150817 -10421.191556 -0.530189 0.452205 -0.717224 0.758131 -0.125931 -0.639827 -0.379653 -0.882979 -0.276063
0.559055 -6.540158 -2.218193 5.189934 0.303720 0.952239 -0.031549 -0.339553 0.077244 -0.937410 0.890201 -0.295423 -0.346796
0.688296 -6.537900 -4.199610 -16.632059 0.293368 0.954391 -0.055439 -0.240290 0.017485 -0.970544 0.925308 -0.298048 -0.234460
0.645546 -11.834084 -56.025879 -42.634761 0.027915 0.998580 0.045375 0.834205 -0.048281 0.549337 -0.550747 -0.022517 0.834368
1.896402 -12.100957 -48.227319 2.325330 0.020424 0.999265 0.032440 0.728935 -0.037091 0.683577 -0.684278 -0.009685 0.729157
1.551325 -12.177334 -44.078357 -23.188039 0.099808 0.992825 0.065861 0.830784 -0.119579 0.543599 -0.547574 -0.000461 0.836757
1.111959 -11.573483 -45.796761 6.766082 -0.063148 0.997868 -0.016514 0.739551 0.057899 0.670606 -0.670132 -0.030135 0.741630
0.704434 -12.768833 -62.899859 -55.060950 0.100591 0.991438 0.083258 0.914398 -0.125105 0.385000 -0.392119 -0.037404 0.919154
-0.370436 -11.596049 -42.460310 -49.111671 -0.049272 0.998763 -0.006765 0.841815 0.045172 0.537872 -0.537512 -0.020807 0.842999
-0.470018 -12.786608 -62.164265 -88.923983 0.036370 0.997656 0.057964 0.917508 -0.056323 0.393709 -0.396051 -0.038863 0.917406
3.002091 -6.048531 -97.753550 -8.780339 0.287373 0.954440 0.080378 0.822971 -0.203110 -0.530533 0.490036 -0.218609 0.843845
3.926426 -6.034322 -68.858894 -7.829685 0.220451 0.974085 0.050596 0.835605 -0.161844 -0.524949 0.503156 -0.158004 0.849629
4.263926 -6.116409 -90.633957 -11.200112 0.242836 0.968211 0.059980 0.767189 -0.153842 -0.622698 0.593676 -0.197230 0.780160
4.200019 -6.036968 -1.709183 -4.425975 0.151423 0.988456 0.005089 0.845771 -0.126897 -0.518237 0.511608 -0.082777 0.855222
4.646411 -6.118071 -18.736233 -8.521324 0.171769 0.985033 0.014300 0.777548 -0.126646 -0.615938 0.604909 -0.116918 0.787665
0.930159 -20.619674 -32.060349 -235.692461 0.219745 0.886210 -0.407852 0.152826 0.381637 0.911590 -0.963512 0.262648 0.051573
0.508726 -16.468662 -16.505622 -231.617174 0.217591 0.882986 -0.415920 0.037559 0.418239 0.907560 -0.975317 0.213098 -0.057841
0.645012 -17.357211 -24.424013 -183.834887 0.215893 0.871688 -0.439944 0.000307 0.450509 0.892772 -0.976417 0.192878 -0.096994
1.406205 -16.071881 -26.031525 235.759042 0.243121 0.942136 -0.230806 -0.874648 0.315804 0.367776 -0.419384 -0.112460 -0.900816
1.263468 -15.569401 -10.418234 168.328367 0.205713 0.962407 -0.177356 -0.828447 0.267734 0.491928 -0.520920 -0.045734 -0.852380
1.105854 -13.858298 -23.545247 189.822728 0.204826 0.957036 -0.205251 -0.809955 0.283463 0.513441 -0.549563 -0.061078 -0.833217
-1.154653 -14.977438 -3.117364 -185.801178 0.311671 0.912149 -0.266167 0.453975 0.103134 0.885025 -0.834726 0.396670 0.381950
4.581108 -17.937528 -338.682246 656.754561 -0.525436 0.821985 -0.219678 0.694012 0.264695 -0.669540 -0.492204 -0.504259 -0.709548
8.245535 -37.484845 80.003442 -2163.328805 -0.279008 0.929034 -0.243003 -0.893345 -0.158282 0.420573 -0.352264 -0.334428 -0.874110
4.116506 -10.850018 -33.078359 949.056612 -0.332964 0.898825 -0.285040 0.913040 0.231804 -0.335596 -0.235569 -0.371994 -0.897846
0.745325 -2.610525 -113.813717 -38.966777 -0.066871 -0.431399 0.899680 0.429039 0.801645 0.416281 -0.900807 0.413835 0.131480
-124.960880 -1002.917522 11946.826742 -56541.855102 0.827704 -0.540375 0.151331 0.473054 0.816959 0.329844 -0.301871 -0.201425 0.931827
-54.952291 -208.642496 6671.025955 13198.952626 0.952190 -0.268701 -0.145376 -0.292850 -0.667234 -0.684863 -0.087024 -0.694693 0.714022
1.766700 -19.216706 10.842380 688.153449 0.948966 0.168098 -0.266846 0.309966 -0.341036 0.887477 -0.058179 0.924899 0.375736
1.408327 -29.820761 57.109737 1129.531527 0.958639 0.112832 -0.261305 0.280690 -0.222649 0.933617 -0.047163 0.968347 0.245111
1.701752 -10.492676 0.613433 390.755920 0.929462 0.169240 -0.327807 0.368177 -0.369297 0.853268 -0.023349 0.913771 0.405558
2.316388 -35.973214 1.066276 1192.794722 0.948257 0.182485 -0.259822 0.277307 -0.077479 0.957652 -0.154626 0.980151 0.124074
2.031308 -6.257726 -35.916515 126.617945 0.842998 0.240464 -0.481177 0.537811 -0.394494 0.745073 0.010658 0.886877 0.461882
1.608759 -9.254076 -24.114170 237.036396 0.870781 0.242306 -0.427818 0.491669 -0.426731 0.759053 -0.001359 0.871314 0.490724
1.614427 -23.899317 -86.186613 714.159654 0.924556 0.251154 -0.286562 0.351551 -0.272111 0.895750 -0.146994 0.928912 0.339875
-0.147412 -4.155802 -9.688800 -17.117751 0.177418 0.981944 0.065636 0.957276 -0.187667 0.220010 -0.228355 -0.023798 0.973287
-2.096109 -4.716620 -201.187479 55.927277 -0.568838 0.693982 -0.441375 0.811559 0.560674 -0.164370 0.133398 -0.451702 -0.882140
-4.874552 -5.840825 41.152608 -47.404388 0.725674 0.648919 -0.228697 -0.687205 0.667226 -0.287331 0.033862 -0.365670 -0.930128
-22.067637 -24.887216 -457.012749 720.205487 -0.161067 0.338335 -0.927139 0.841517 -0.443743 -0.308125 -0.515661 -0.829832 -0.213242
-0.516072 -2.221164 5.735930 24.551455 0.551462 0.810810 -0.196155 0.221503 0.084378 0.971502 -0.804255 0.579196 0.133066
-0.717714 -3.163633 -9.470956 41.240762 0.487569 0.780608 -0.391061 0.285061 0.281031 0.916385 -0.825237 0.558277 0.085499
-0.831915 -2.751414 23.849857 8.674010 0.551739 0.813798 -0.182532 0.206981 0.078404 0.975198 -0.807925 0.575835 0.125183
-2.542544 -6.908512 123.388506 -14.055292 0.227504 0.960368 0.161047 0.964739 -0.199808 -0.171334 -0.132365 0.194347 -0.971961
-3.755029 -7.313605 62.260391 -18.065956 0.301861 0.947820 0.102558 0.953156 -0.297866 -0.052625 -0.019330 0.113639 -0.993334
-3.782486 -7.011042 52.860699 19.218803 0.279080 0.956393 0.086183 -0.947778 0.259911 0.184832 -0.154372 0.133265 -0.978984
-3.267201 -7.504428 -85.109568 -7.637384 0.291991 0.955595 -0.039737 -0.931906 0.274914 -0.236588 0.215158 -0.106113 -0.970797
-0.863729 -11.768664 40.380050 -245.300143 0.007860 0.999772 0.019863 0.995315 -0.005908 -0.096503 0.096363 -0.020528 0.995135
-0.791309 -14.184807 30.301883 -234.224979 0.048971 0.998738 0.011157 0.964648 -0.044398 -0.259774 0.258950 -0.023484 0.965605
-0.439745 -10.637244 15.059975 -198.872691 0.001184 0.999476 0.032349 0.996403 0.001562 -0.084732 0.084738 -0.032333 0.995879
-0.704803 -8.186982 32.297853 -188.583727 -0.056276 0.997886 0.032507 0.996904 0.054370 0.056808 -0.054920 -0.035603 0.997856
-0.387915 -7.787051 -6.852675 -118.360317 0.040697 -0.997847 -0.051422 0.998337 0.038506 0.042909 -0.040837 -0.053082 0.997755
-0.172659 -9.621590 -1.271322 -149.707002 0.009817 0.998893 0.046011 0.996192 -0.005783 -0.086991 0.086628 -0.046690 0.995146
8.539714 -7.560205 293.154479 -60.369249 0.469766 0.876975 -0.101164 0.722289 -0.447711 -0.527118 0.507561 -0.174552 0.843749
6.666161 -8.394952 282.212826 -36.851148 0.543664 0.822648 -0.166373 0.710382 -0.556591 -0.430771 0.446975 -0.116006 0.886993
-2.644360 -16.065506 61.336529 -1179.778661 0.943938 -0.042631 -0.327359 0.008642 0.994478 -0.104587 0.330010 0.095895 0.939094
-3.753638 -11.119964 49.099269 -780.478462 0.950945 -0.163223 -0.262797 0.136979 0.983830 -0.115388 0.277382 0.073730 0.957926
-2.091222 -44.765683 65.197189 -6012.419314 0.938500 -0.029317 -0.344031 -0.028245 0.986530 -0.161121 0.344121 0.160929 0.925031
-3.548494 -8.545933 59.605808 -471.578200 0.952295 -0.064042 -0.298384 0.043809 0.996294 -0.074016 0.302018 0.057414 0.951572
-2.185947 -13.029652 72.480472 -786.929760 0.930400 0.079306 -0.357865 -0.098310 0.994533 -0.035196 0.353117 0.067928 0.933110
-1.430982 -19.134647 82.216329 -1206.704401 0.927096 0.044546 -0.372166 -0.089631 0.990453 -0.104729 0.363948 0.130452 0.922239
-0.405413 -14.641707 -27.238575 -54.763928 0.163069 0.978833 0.123674 -0.569718 -0.008920 0.821792 -0.805500 0.204468 -0.556204
24.824187 -41.294875 1688.190790 1686.174564 0.008607 0.998586 -0.052460 0.993283 -0.002484 0.115682 -0.115388 0.053104 0.991900
36.088455 -35.931174 2416.114110 638.078089 0.169312 0.981910 0.084774 0.870265 -0.189322 0.454749 -0.462572 0.003219 0.886576
-0.119176 -16.024748 -0.586374 -54.142132 0.121616 0.972047 -0.200833 -0.745492 -0.044134 -0.665051 0.655325 -0.230600 -0.719286
6.334822 -15.348358 -111.085697 318.474856 0.181504 0.916430 0.356667 -0.031977 -0.357000 0.933557 -0.982870 0.180850 0.035493
6.957911 -19.857713 45.953125 492.316358 0.284997 0.903155 0.321073 -0.126162 -0.296706 0.946599 -0.950190 0.310284 -0.029383
7.097129 -18.514849 61.404632 541.661242 0.356199 0.885654 0.297892 -0.028244 -0.308452 0.950821 -0.933983 0.347094 0.084856
0.660419 -13.218335 -44.704394 51.454212 0.215395 0.973599 0.075560 0.962357 -0.198499 -0.185654 0.165754 -0.112705 0.979706
0.740203 -15.249997 47.918900 167.466558 -0.127588 -0.989139 -0.072972 0.991150 -0.124437 -0.046228 0.036646 -0.078225 0.996262
-3.733437 -10.556831 -52.222102 -81.018860 0.065855 0.997829 -0.001032 -0.997738 0.065863 0.013485 -0.013523 -0.000142 -0.999909
-4.236150 -10.125252 -36.896947 74.483041 0.024941 0.997145 0.071279 0.999353 -0.026718 0.024079 0.025915 0.070633 -0.997166
1.904515 -5.509084 -25.424649 11.142071 0.180047 0.983503 0.017451 -0.739233 0.123582 0.662013 -0.648936 0.132094 -0.749289
1.590760 -5.414612 -24.846503 14.120633 0.196821 0.979945 -0.031148 -0.729076 0.167527 0.663614 -0.655523 0.107903 -0.747427
2.306485 -5.779029 -27.003176 6.318807 0.192419 0.981310 -0.002535 -0.806279 0.159570 0.569607 -0.559366 0.107559 -0.821913
1.311292 -5.018755 -18.362893 26.461162 0.182033 0.983287 -0.003309 -0.657096 0.124149 0.743513 -0.731498 0.133169 -0.668713
2.423932 -5.815094 -13.647795 6.794467 0.176548 0.982855 0.053176 -0.812770 0.115097 0.571103 -0.555190 0.144047 -0.819155
1.549506 -5.137077 -17.875488 22.930823 0.168081 0.984850 0.042651 -0.666123 0.081579 0.741367 -0.726656 0.153020 -0.669743
1.978196 -5.573248 -13.400254 8.988624 0.167274 0.983541 0.068315 -0.745521 0.080842 0.661561 -0.645150 0.161592 -0.746773
-0.845979 -3.377897 75.422799 55.334986 -0.472655 0.707386 -0.525549 -0.516701 -0.705559 -0.484981 0.713875 -0.042323 -0.698993
-1.543121 -3.339399 119.354373 64.582447 -0.359611 0.848761 -0.387667 -0.643409 -0.526449 -0.555766 0.675800 -0.049569 -0.735417
