16603
33188
-6.227972 -8.200119 66.714244 114.689425 -0.308467 0.919155 -0.244952 -0.512039 -0.377463 -0.771581 0.801664 0.112582 -0.587078
-7.883562 -10.276708 121.405422 135.436627 -0.126874 0.989987 0.061877 -0.462498 -0.003857 -0.886612 0.877496 0.141106 -0.458357
-7.048594 -10.746427 -43.148882 312.717714 0.187844 0.902364 0.387883 -0.541412 0.424626 -0.725648 0.819504 0.073696 -0.568315
-5.894850 -9.400426 -21.034238 100.987299 -0.341411 0.912645 -0.224761 -0.389896 -0.355101 -0.849638 0.855230 0.202442 -0.477072
-5.696357 -6.962707 -11.350152 166.409431 -0.037727 0.998998 0.024068 -0.667233 -0.007253 -0.744813 0.743893 0.044158 -0.666839
-4.174470 -6.703979 -26.625564 75.396086 -0.506923 0.717073 -0.478366 -0.439677 -0.692432 -0.572034 0.741426 0.079650 -0.666291
-5.036591 -7.754113 -17.705410 73.294032 -0.500649 0.748522 -0.434816 -0.370670 -0.639292 -0.673728 0.782275 0.176128 -0.597515
1.946071 -8.598550 -12.049230 -29.013560 0.475823 0.866806 0.149132 -0.581821 0.437359 -0.685713 0.659604 -0.239510 -0.712431
1.911950 -9.056962 66.016608 124.430527 0.508659 0.840131 0.188270 -0.499872 0.466218 -0.729910 0.700995 -0.277164 -0.657105
2.043573 -10.470815 -11.501695 93.232490 0.476476 0.863609 0.164772 -0.478689 0.412028 -0.775300 0.737447 -0.290537 -0.609721
2.305820 -7.876722 98.083215 17.604558 0.492828 0.854267 0.165371 -0.557027 0.455749 -0.694272 0.668462 -0.250041 -0.700456
2.890095 -9.203837 -110.273190 65.896400 0.453545 0.882273 0.126056 -0.575463 0.397910 -0.714500 0.680543 -0.251518 -0.688186
3.874878 -8.889604 -156.735776 33.582842 0.460417 0.881192 0.107320 -0.654360 0.418596 -0.629754 0.599858 -0.219724 -0.769345
2.096289 -9.456083 -59.910282 -69.577470 0.468748 0.878236 0.094747 -0.698407 0.434150 -0.568983 0.540836 -0.200537 -0.816873
-8.375008 -9.368554 -92.189824 -4.665725 0.610393 0.675012 0.414463 0.645055 -0.119933 -0.754665 -0.459701 0.727994 -0.508626
-7.894967 -9.290048 -50.520971 21.519580 0.590518 0.713626 0.376863 0.693293 -0.209563 -0.689513 -0.413078 0.668446 -0.618503
-7.551321 -9.312119 -23.166870 10.077463 0.561366 0.730160 0.389531 0.647758 -0.094732 -0.755934 -0.515052 0.676677 -0.526146
-7.915725 -9.351967 -32.542450 22.525404 0.604819 0.704197 0.371888 -0.549679 0.031252 0.834791 -0.576235 0.709317 -0.405984
-8.678637 -9.415280 -70.328119 16.724630 0.672628 0.633113 0.383066 -0.534800 0.058134 0.842977 -0.511430 0.771873 -0.377692
-0.601299 -4.440108 13.083016 44.103237 -0.091993 0.982577 -0.161492 -0.932808 -0.141786 -0.331311 0.348436 -0.120163 -0.929598
-0.788084 -4.602859 -12.345059 36.052151 -0.158026 0.965224 -0.208255 -0.899708 -0.227653 -0.372425 0.406883 -0.128515 -0.904395
-0.608497 -4.001551 -17.308054 19.400276 -0.036496 0.985803 -0.163889 -0.939286 -0.089831 -0.331169 0.341190 -0.141852 -0.929230
-0.299718 -3.955281 -20.365773 -7.069277 0.067956 0.989917 -0.124282 -0.956865 0.029398 -0.289043 0.282475 -0.138563 -0.949214
-0.400040 -4.113177 12.778731 18.273119 -0.010703 0.991728 -0.127912 -0.954703 -0.048176 -0.293634 0.297367 -0.118975 -0.947321
-0.376310 -3.770404 -24.790094 -6.286720 0.045586 0.989479 -0.137311 -0.941292 -0.003480 -0.337576 0.334502 -0.144638 -0.931229
-1.447887 -7.241470 13.682061 -38.577949 -0.265516 0.964069 -0.008508 -0.812235 -0.218927 0.540689 -0.519399 -0.150472 -0.841179
-1.196571 -7.887760 17.100458 -12.799519 -0.231594 0.972713 -0.013875 -0.769615 -0.174477 0.614208 -0.595027 -0.152926 -0.789022
-2.420250 -7.863507 -65.585769 -16.697842 -0.335226 0.940758 0.050977 -0.775379 -0.306222 0.552281 -0.535173 -0.145613 -0.832098
-2.127937 -6.924595 -35.646715 -47.991288 -0.367813 0.928549 0.050113 -0.812160 -0.347021 0.469012 -0.452891 -0.131809 -0.881769
-0.561364 -5.486101 -29.398743 19.105574 -0.155221 0.987569 -0.024777 -0.975156 -0.149161 0.163773 -0.158041 -0.049582 -0.986187
-0.562336 -5.770369 -26.099637 43.021059 -0.189915 0.981621 -0.018780 -0.946959 -0.178092 0.267493 -0.259232 -0.068585 -0.963377
-0.636057 -5.773228 -4.138629 45.661392 -0.177545 0.984112 -0.000930 -0.948375 -0.170845 0.267201 -0.262796 -0.048322 -0.963640
-0.667636 -5.952230 -31.609973 12.304615 -0.150466 0.988000 -0.034869 -0.976196 -0.142910 0.163152 -0.156211 -0.058588 -0.985985
-0.711522 -5.338483 9.464206 21.621224 -0.168463 0.985698 0.004415 -0.973305 -0.167050 0.157393 -0.155880 -0.022218 -0.987526
-0.694545 -6.006643 -20.175621 -18.257779 -0.107999 0.993658 -0.031299 -0.993321 -0.106569 0.044234 -0.040618 -0.035867 -0.998531
-0.862524 -6.028631 -4.505383 -33.829986 -0.114208 0.993385 -0.011973 -0.993245 -0.113927 0.022012 -0.020502 -0.014406 -0.999686
2.103135 -1.561606 5.315700 -33.745079 0.223492 0.894151 0.388002 -0.618908 0.437707 -0.652201 0.752997 0.094376 -0.651221
2.223792 -1.035582 5.693522 -34.835647 0.294022 0.831150 0.471953 -0.566456 0.549247 -0.614374 0.769856 0.086701 -0.632301
1.946793 -1.813452 49.459324 -29.843291 0.188751 0.883486 0.428749 -0.614068 0.446895 -0.650542 0.766351 0.140491 -0.626872
2.233474 -0.878143 -28.976710 -51.034845 0.268986 0.889983 0.368208 -0.600581 0.453859 -0.658266 0.752960 0.044075 -0.656589
1.695573 -2.228155 35.080011 -22.355051 0.133287 0.925193 0.355321 -0.657933 0.350724 -0.666421 0.741188 0.144952 -0.655462
2.172938 -1.465197 -19.837979 -29.582287 0.258910 0.899191 0.352735 -0.625963 0.434323 -0.647714 0.735620 0.053099 -0.675310
1.948436 -1.969668 4.177434 -14.676451 0.205682 0.913117 0.352011 -0.658113 0.395279 -0.640813 0.724280 0.099860 -0.682236
0.134565 -7.481399 -9.023444 -18.013188 -0.098128 0.984740 -0.143727 -0.570914 0.062590 0.818621 -0.815125 -0.162386 -0.556060
-0.058958 -7.963800 7.674740 -28.978236 -0.098738 0.989030 -0.109867 -0.555926 0.036747 0.830419 -0.825346 -0.143072 -0.546200
0.012266 -8.138128 11.784632 -27.216540 -0.107877 0.988908 -0.102093 -0.464428 0.040669 0.884677 -0.879016 -0.142851 -0.454889
0.527290 -13.129791 8.923920 -47.451898 -0.099998 0.994970 0.005842 0.868109 0.084376 0.489150 -0.486197 -0.053985 0.872180
0.744737 -11.785836 5.270419 -98.719948 -0.112638 0.993611 -0.007120 0.758061 0.090563 0.645865 -0.642383 -0.067352 0.763419
0.325989 -13.217542 14.490638 -99.941502 -0.076083 0.997075 -0.007261 0.836713 0.067803 0.543429 -0.542331 -0.035270 0.839424
0.829319 -12.030101 17.962376 -60.409806 -0.118952 0.992884 -0.005646 0.796688 0.098837 0.596255 -0.592570 -0.066428 0.802775
-0.080208 -14.617480 27.033952 -56.089956 -0.044349 0.999016 0.000888 0.939971 0.041426 0.338731 -0.338361 -0.015857 0.940883
0.487491 -13.490385 12.988367 -9.801374 -0.068755 0.997495 0.016647 0.949517 0.060310 0.307865 -0.306090 -0.036974 0.951284
0.850916 -12.647640 20.945248 -4.454936 -0.103047 0.994676 0.000723 0.896415 0.092553 0.433444 -0.431069 -0.045313 0.901180
0.307403 -17.278395 32.526561 -310.505363 0.100419 0.993462 -0.054301 -0.124350 -0.041617 -0.991365 0.987144 -0.106304 -0.119358
-0.277038 -19.032036 5.342869 -192.399409 0.113424 0.990250 -0.080869 -0.309743 -0.042094 -0.949888 0.944031 -0.132789 -0.301949
-0.063620 -19.332539 16.660588 -179.139969 0.112594 0.992130 -0.054786 -0.335861 -0.013892 -0.941809 0.935158 -0.124443 -0.331653
0.576252 -18.643671 41.032793 -215.018920 0.105655 0.993811 -0.034297 -0.266768 -0.004898 -0.963748 0.957952 -0.110974 -0.264600
138.688986 -11.137439 6954.204424 -137.356429 0.012457 0.887965 0.459742 0.801374 0.266118 -0.535706 0.598034 -0.375099 0.708277
46.251774 -9.442023 2608.619639 -126.215121 -0.002423 0.954717 0.297505 0.736256 0.203026 -0.645528 0.676698 -0.217476 0.703409
64.563007 -5.096907 2993.132120 -14.586353 -0.083434 0.857006 0.508507 0.675733 0.423702 -0.603210 0.732410 -0.293286 0.614458
205.625909 -42.145159 12117.638300 -1065.133584 0.030904 0.976064 0.215279 0.807666 0.102498 -0.580664 0.588830 -0.191818 0.785165
4.720829 -7.967509 -1.881156 -7.381721 -0.387043 0.883425 0.264118 0.355784 -0.121175 0.926679 -0.850656 -0.452634 0.267409
4.367111 -8.119691 -34.715733 -65.142625 -0.376305 0.896168 0.235112 0.238896 -0.151331 0.959181 -0.895167 -0.417112 0.157144
5.053492 -7.866840 10.804824 -54.359621 -0.341706 0.920890 0.187613 0.331709 -0.068602 0.940884 -0.879321 -0.383739 0.282026
6.016706 -7.629837 100.004676 99.272996 -0.325399 0.924281 0.199549 0.489879 -0.015721 0.871649 -0.808786 -0.381388 0.447670
5.188702 -7.253022 34.909985 38.083720 -0.308450 0.939081 0.151612 0.460351 0.007890 0.887702 -0.832427 -0.343606 0.434741
4.403615 -7.789182 -11.430279 -56.747660 -0.306128 0.940933 0.144676 0.301331 -0.048386 0.952291 -0.903042 -0.335118 0.268720
7.168226 -11.110797 93.514946 120.127446 0.644097 0.611005 0.460230 0.740206 -0.649609 -0.173500 0.192961 0.452416 -0.870681
7.321779 -13.859169 107.087675 209.818620 0.686402 0.572187 0.448837 0.724658 -0.589949 -0.356134 0.061016 0.569704 -0.819582
7.947787 -13.690190 -9.061274 166.088823 0.673420 0.653188 0.346196 0.738810 -0.610983 -0.284357 0.025782 0.447264 -0.894030
7.606596 -11.167412 -45.293318 72.880369 0.641393 0.691719 0.331873 0.751284 -0.653961 -0.088922 0.155523 0.306365 -0.939123
0.862584 -16.018706 -16.144220 195.213968 0.062170 0.995275 0.074581 0.519862 0.031497 -0.853670 0.851985 -0.091844 0.515447
1.364987 -16.192220 -43.976557 -24.404213 0.057887 0.995991 0.068202 0.506056 0.029614 -0.861992 0.860556 -0.084413 0.502313
0.999334 -15.992790 -16.648891 -36.028289 0.059536 0.997759 0.030525 0.395388 0.004507 -0.918503 0.916583 -0.066753 0.394234
0.661189 -15.250110 -9.774538 -14.352727 0.081231 0.996306 0.027850 0.355941 -0.002899 -0.934504 0.930971 -0.085824 0.354861
-0.005367 -5.942832 -17.807936 13.900993 -0.061112 0.981178 -0.183180 -0.826245 0.053234 0.560790 -0.559987 -0.185623 -0.807440
0.071808 -6.428329 -16.785090 -13.449756 -0.060291 0.982116 -0.178360 -0.785110 0.063686 0.616073 -0.616415 -0.177176 -0.767230
-0.030951 -6.386724 -9.335301 10.422526 -0.083645 0.983230 -0.162054 -0.797998 0.031308 0.601847 -0.596827 -0.179660 -0.781997
0.613237 -5.742724 -28.778371 -33.474338 -0.084948 0.990730 -0.106011 0.041667 0.109834 0.993076 -0.995514 -0.079943 0.050611
0.949862 -5.572075 -37.143570 -23.866918 -0.087422 0.985768 -0.143594 -0.051511 0.139480 0.988884 -0.994839 -0.093846 -0.038584
1.093064 -6.271485 -12.261124 -42.611887 -0.050985 0.997808 -0.042197 0.048476 0.044675 0.997825 -0.997522 -0.048828 0.050647
0.633877 -6.520825 -20.413849 -45.844385 -0.071422 0.996789 -0.036210 0.142573 0.046132 0.988709 -0.987204 -0.065453 0.145410
0.390155 -5.949956 -18.966075 -48.491403 -0.078795 0.994421 -0.070129 0.116953 0.079083 0.989984 -0.990007 -0.069804 0.122532
0.963703 -37.690674 21.517353 -784.463201 -0.047364 0.947177 0.317195 -0.441226 0.265053 -0.857360 0.896145 0.180562 -0.405365
1.622761 -38.141695 28.523655 -603.681071 -0.063766 0.953790 0.293630 -0.707901 0.164161 -0.686970 0.703427 0.251667 -0.664721
1.522563 -32.347045 24.036304 -507.574855 -0.027810 0.945245 0.325173 -0.445391 0.279507 -0.850590 0.894904 0.168484 -0.413231
-1.069596 -18.208089 12.093079 126.661817 0.171227 0.968697 0.179741 -0.914477 0.224151 -0.336881 0.366625 0.106686 -0.924232
-1.002138 -19.002698 -32.337445 100.025812 0.232729 0.957257 0.171742 -0.902130 0.278457 -0.329581 0.363317 0.078230 -0.928375
-0.368063 -18.007738 -4.663353 -43.280405 0.154567 0.971872 0.177692 -0.972964 0.180976 -0.143488 0.171610 0.150710 -0.973569
3.325663 -0.860481 67.118632 24.547893 0.156704 0.934914 -0.318401 0.409491 0.231865 0.882358 -0.898755 0.268651 0.346505
3.222079 -0.276446 15.187696 86.858833 0.071780 0.933398 -0.351589 0.453639 0.283380 0.844931 -0.888290 0.220144 0.403085
3.981827 -1.284893 0.272044 38.572393 0.100769 0.950976 -0.292388 0.406135 0.228964 0.884664 -0.908240 0.207895 0.363152
-113.989766 -299.815374 -2311.582229 -1659.323488 -0.890095 0.387427 -0.240067 0.294623 0.890969 0.345502 0.347749 0.236800 -0.907192
-15.938771 -96.398706 651.888017 -4699.351311 0.756027 -0.563067 0.333735 0.613292 0.787525 -0.060634 0.228684 -0.250518 -0.940715
-6.860116 -33.664323 405.796167 1850.966668 -0.883467 -0.319937 -0.342237 -0.317919 0.945979 -0.063648 0.344113 0.052573 -0.937455
-1.605140 -40.885919 167.936998 1435.646565 -0.739824 -0.579425 -0.341946 -0.402863 0.788571 -0.464604 0.538852 -0.205968 -0.816833
-2.618930 -61.014944 -827.787654 2682.156522 -0.953254 0.025590 -0.301084 -0.050925 0.968550 0.243552 0.297847 0.247500 -0.921971
-0.766516 -23.212615 -629.037853 1351.251193 -0.914961 -0.285187 -0.285509 -0.328449 0.937336 0.116290 0.234453 0.200176 -0.951294
0.760976 -62.236322 141.749404 3434.135846 -0.661484 -0.692848 -0.287055 -0.680897 0.715273 -0.157368 0.314355 0.091358 -0.944899
-80.756755 -568.299398 -3171.097099 18781.613523 -0.424718 -0.743094 -0.517133 0.689134 0.105079 -0.716975 0.587119 -0.660886 0.467462
227.904709 -2594.211654 -44530.565744 498135.007339 0.470452 0.453440 -0.757012 0.806324 0.127624 0.577542 0.358493 -0.882102 -0.305578
-83.362348 -1846.813347 4249.379724 186352.093513 0.067126 0.988958 -0.132119 -0.637141 -0.059415 -0.768454 0.767819 -0.135761 -0.626117
-49.696455 -461.444907 1488.625854 -114661.573754 -0.061141 0.995529 0.072004 -0.161081 0.061352 -0.985032 0.985045 0.071824 -0.156610
-101.465247 -1092.482176 7230.025908 -1460608.281789 -0.105155 0.964327 0.242930 0.759892 0.235497 -0.605892 0.641488 -0.120888 0.757548
0.505309 -6.601351 -34.235237 18.149467 -0.148336 0.974423 -0.168809 -0.394801 0.098156 0.913509 -0.906713 -0.202152 -0.370143
0.626663 -6.858489 -26.285697 12.648125 -0.154140 0.978088 -0.139948 -0.504397 0.043899 0.862355 -0.849602 -0.203513 -0.486578
1.142046 -6.369446 -45.199369 27.914141 -0.130126 0.978074 -0.162598 -0.408423 0.096556 0.907672 -0.903470 -0.184521 -0.386903
0.351519 -6.926601 -7.068176 14.502387 -0.149103 0.978468 -0.142720 -0.455543 0.060133 0.888180 -0.877638 -0.197446 -0.436768
0.185409 -15.483680 1.909737 -97.867212 0.006050 0.992350 0.123308 0.078446 -0.123401 0.989251 -0.996900 -0.003688 0.078593
-0.081245 -16.357608 3.464165 -185.108670 0.008380 0.987393 0.158063 0.140843 -0.157659 0.977398 -0.989997 -0.014072 0.140388
-0.302945 -18.730603 17.927362 -259.730285 0.010672 0.991404 0.130402 0.294362 -0.127745 0.947118 -0.955634 -0.028278 0.293195
-0.131163 -17.161817 15.566808 -194.896255 0.007011 0.995022 0.099404 0.267680 -0.097646 0.958547 -0.963482 -0.019888 0.267032
0.074762 -16.728232 -5.313263 -197.109118 -0.010290 0.996501 0.082943 0.145417 -0.080574 0.986084 -0.989317 -0.022209 0.144079
0.322814 -14.630888 -20.368109 -13.828456 -0.014985 0.995647 0.091992 -0.068115 -0.092805 0.993352 -0.997565 -0.008619 -0.069209
-1.561243 -4.981361 -51.625364 -37.973568 0.240108 0.933696 -0.265630 -0.473108 0.351492 0.807851 -0.847654 0.068300 -0.526135
-1.009666 -4.190331 -45.560494 -37.746925 0.177866 0.966376 -0.185692 -0.563164 0.254707 0.786111 -0.806976 0.035248 -0.589532
-0.930915 -4.659097 -36.887332 -36.221176 0.220222 0.942942 -0.249727 -0.484262 0.327921 0.811146 -0.846754 0.057699 -0.528846
-0.425450 -4.163170 -34.505835 -41.389083 0.169644 0.965864 -0.195773 -0.531270 0.256945 0.807298 -0.830044 0.032945 -0.556724
-1.221109 -5.349743 -33.599880 -34.534784 0.247189 0.922421 -0.296712 -0.397113 0.375756 0.837322 -0.883855 0.089149 -0.459188
-0.708084 -4.761591 -29.443146 -34.591912 0.208512 0.945344 -0.250695 -0.457185 0.320813 0.829494 -0.864583 0.058345 -0.499090
-0.568517 -6.701789 3.742166 -1.349465 -0.115589 0.986759 -0.113782 -0.902116 -0.056345 0.427799 -0.415724 -0.152094 -0.896683
-0.415000 -6.276403 7.696803 -39.039738 -0.115119 0.985896 -0.121476 -0.876011 -0.043101 0.480362 -0.468351 -0.161713 -0.868618
-0.477708 -6.291640 1.706963 2.509786 -0.108680 0.986796 -0.120095 -0.835782 -0.025297 0.548478 -0.538198 -0.159982 -0.827495
-0.271402 -6.503105 -13.508302 -1.047922 -0.113913 0.984333 -0.134579 -0.768900 -0.001567 0.639367 -0.629140 -0.176310 -0.757032
-0.236634 -6.519675 -14.960735 10.382596 -0.138656 0.983545 -0.115821 -0.768062 -0.032969 0.639526 -0.625184 -0.177632 -0.759995
1.658040 -44.566091 92.198063 350.307441 0.845487 -0.333906 -0.416723 0.233918 0.933118 -0.273081 0.480035 0.133407 0.867046
2.086799 -39.449042 34.832217 -286.562688 0.872625 -0.261361 -0.412573 0.359656 0.915400 0.180804 0.330415 -0.306158 0.892801
1.872103 -45.937293 31.404380 419.296932 0.872025 -0.267517 -0.409886 0.283309 0.958753 -0.023006 0.399134 -0.096063 0.911846
1.842222 -7.667566 79.852978 -25.871798 -0.156169 0.987726 0.003034 0.293386 0.043454 0.955006 -0.943152 -0.150032 0.296571
1.432242 -7.445093 41.710742 -13.389041 -0.161346 0.986741 0.017570 0.204401 0.015995 0.978757 -0.965499 -0.161510 0.204271
1.079239 -7.801989 13.128688 -20.024221 -0.160685 0.986942 0.011236 0.310672 0.039770 0.949685 -0.936837 -0.156091 0.313006
-5.699657 -12.067680 -62.474721 -194.279691 0.376331 0.905040 -0.198186 0.815541 -0.425101 -0.392659 0.439621 0.013859 0.898076
-7.107359 -10.530230 1.402496 -305.656792 0.428837 0.880007 -0.204175 0.859801 -0.466939 -0.206662 0.277202 0.086926 0.956872
-4.816189 -11.944245 -178.222732 -401.602017 0.462198 0.880897 -0.101948 0.851234 -0.472953 -0.227411 0.248542 -0.018327 0.968448
-2.793360 -10.764371 -399.719402 294.475298 0.431704 0.901685 0.024418 0.688640 -0.311978 -0.654557 0.582586 -0.299390 0.755618
-6.351648 -10.591969 -179.998498 143.917465 0.407139 0.898857 -0.162156 0.664468 -0.413296 -0.622631 0.626674 -0.145750 0.765530
-2.652076 -12.647186 -323.109592 -162.838029 0.445600 0.895162 -0.011188 0.801045 -0.404268 -0.441468 0.399709 -0.187757 0.897207
7.347271 -9.877833 -57.529573 115.671774 0.155108 0.987087 0.039999 0.713473 -0.139934 0.686568 -0.683300 0.077954 0.725965
6.856474 -11.044486 -2.541645 218.469535 0.091145 0.995426 0.028621 0.607558 -0.078356 0.790401 -0.789029 0.054653 0.611921
7.218832 -11.927478 2.301253 245.444666 0.163569 0.986346 -0.019149 0.627319 -0.089011 0.773659 -0.761391 0.138559 0.633313
7.939333 -11.465392 -45.320668 203.419859 0.226359 0.972404 -0.056497 0.690507 -0.119288 0.713422 -0.686995 0.200501 0.698454
-0.207313 -1.024522 74.679161 -14.979477 -0.041800 0.992917 0.111211 0.344412 0.118806 -0.931271 0.937888 0.000624 0.346939
-0.963589 -1.617871 91.949372 -37.432800 -0.069426 0.979771 0.187691 0.337595 0.200119 -0.919773 0.938728 0.000492 0.344659
0.211809 -1.530546 76.365733 -48.310566 -0.006194 0.999843 0.016619 0.339949 0.017735 -0.940277 0.940423 0.000174 0.340005
0.559905 -1.285703 55.732461 -6.459438 0.024693 0.999107 -0.034278 0.343071 -0.040675 -0.938428 0.938985 -0.011413 0.343769
-0.199520 -1.143790 60.276886 26.783454 -0.005445 0.999441 0.032997 0.344609 0.032851 -0.938171 0.938730 -0.006263 0.344595
-0.555536 -7.561117 -50.106680 14.523679 0.010599 0.967216 0.253732 0.934402 -0.099935 0.341916 -0.356064 -0.233464 0.904828
-0.728478 -7.640843 22.935914 19.405239 0.037297 0.975196 0.218177 0.949278 -0.102789 0.297164 -0.312219 -0.196027 0.929566
-0.643315 -7.350118 -31.393470 -14.428546 0.025264 0.967706 0.250812 0.884677 -0.138475 0.445165 -0.465520 -0.210641 0.859605
-0.046621 -7.263730 -86.240302 -14.577355 0.003704 0.960494 0.278277 0.896068 -0.126718 0.425447 -0.443902 -0.247780 0.861137
-0.112149 -6.809836 -77.538890 -55.167419 0.040229 0.956381 0.289340 0.822563 -0.196093 0.533796 -0.567250 -0.216526 0.794572
-0.762315 -7.193105 29.608212 -46.423610 0.044002 0.976069 0.212964 0.837474 -0.152265 0.524836 -0.544703 -0.155258 0.824132
-0.513797 -6.761332 -41.310676 -66.466634 0.039201 0.961094 0.273424 0.796887 -0.195158 0.571738 -0.602855 -0.195476 0.773534
-1.099846 -10.170324 -35.856391 51.665670 0.122968 0.992160 -0.022320 0.011998 -0.023975 -0.999641 0.992338 -0.122656 0.014852
-1.033656 -10.084683 -27.033436 15.431425 0.114349 0.993022 -0.028852 -0.115406 -0.015568 -0.993196 0.986715 -0.116900 -0.112820
-1.297241 -9.960311 -19.396774 22.210295 0.091605 0.995132 -0.036333 -0.097729 -0.027326 -0.994838 0.990988 -0.094682 -0.094750
-1.403167 -9.909879 -24.554469 63.721197 0.094550 0.995497 -0.006822 0.033764 -0.010056 -0.999379 0.994947 -0.094261 0.034563
-5.576822 -7.909476 39.103580 110.498324 -0.122074 -0.411624 -0.903141 -0.072473 0.911214 -0.405507 0.989872 0.015952 -0.141067
-5.559487 -7.175667 -8.772940 132.257165 -0.057606 -0.435936 -0.898132 -0.169657 0.890815 -0.421503 0.983818 0.128093 -0.125276
-5.716894 -8.582282 10.933772 112.843187 -0.036586 -0.582444 -0.812047 -0.042253 0.812766 -0.581056 0.998437 0.013053 -0.054346
2.634236 -12.085263 -15.256625 -247.380029 0.111597 0.988680 -0.100285 0.249700 0.069780 0.965806 -0.961871 0.132822 0.239087
2.598340 -12.516693 -4.740489 -248.115772 0.086134 0.994793 -0.054484 0.355270 0.020423 0.934541 -0.930787 0.099852 0.351661
2.251370 -10.347355 -20.161174 -225.564023 0.063938 0.996126 -0.060378 0.216867 0.045187 0.975155 -0.974105 0.075443 0.213137
2.008236 -9.716850 -27.321459 -125.925394 0.084529 0.991714 -0.096738 0.114555 0.086770 0.989620 -0.989814 0.094733 0.106272
2.820342 -9.720631 -27.409702 -243.653921 0.136464 0.976238 -0.168336 0.106546 0.154476 0.982235 -0.984899 0.151976 0.082934
1.482648 -15.923667 36.551122 -35.554070 0.354734 0.926022 -0.129020 0.889930 -0.292103 0.350287 -0.286686 0.239078 0.927714
1.115534 -15.528453 37.123697 9.114594 0.361154 0.923773 -0.127320 0.906043 -0.315322 0.282238 -0.220578 0.217288 0.950858
1.340696 -15.282973 -3.174525 35.303491 -0.355492 -0.929462 0.098621 0.930566 -0.342065 0.130528 -0.087586 0.138175 0.986527
1.528081 -14.719040 56.907563 29.483022 -0.362790 -0.930459 0.051281 0.931526 -0.363602 -0.007189 0.025335 0.045162 0.998658
1.404442 -15.672496 -1.473312 -83.492332 -0.354700 -0.930749 0.088845 0.924802 -0.335268 0.179825 -0.137585 0.145948 0.979678
-0.155347 -19.467707 -14.051208 81.721050 0.148392 0.966442 0.209688 0.802183 -0.241636 0.545999 -0.578345 -0.087187 0.811120
0.030864 -19.995998 -33.355094 -33.992925 0.126281 0.971618 0.200027 0.618719 -0.234759 0.749717 -0.775397 -0.029085 0.630804
-0.005080 -20.502814 2.931031 31.387114 0.157204 0.969184 0.189657 0.665179 -0.245862 0.705046 -0.729948 -0.015320 0.683331
0.013773 -19.556868 4.034421 133.529672 0.170142 0.964987 0.199631 0.823386 -0.250515 0.509193 -0.541375 -0.077739 0.837180
-2.174920 -12.930872 80.991233 -74.918701 0.363512 0.928247 -0.078840 0.586511 -0.162288 0.793516 -0.723784 0.334693 0.603421
-1.950079 -12.502236 86.981959 -83.083945 0.380173 0.922007 -0.073290 0.428331 -0.105275 0.897469 -0.819757 0.372585 0.434947
-2.354583 -12.615431 28.083320 -90.242831 0.330727 0.943013 -0.036690 0.535396 -0.155471 0.830169 -0.777155 0.294203 0.556304
-2.391693 -13.467320 26.733956 -34.333838 0.325488 0.944047 -0.053228 0.696601 -0.201346 0.688627 -0.639379 0.261219 0.723159
-2.720532 -12.495935 -34.470000 -81.686535 0.283846 0.958818 0.009942 0.535129 -0.167004 0.828098 -0.795656 0.229732 0.560495
-2.568036 -13.145101 -18.896317 -23.854070 0.285197 0.958463 0.003279 0.689246 -0.207465 0.694189 -0.666035 0.195720 0.719785
2.507538 -6.767647 47.420284 -18.089243 0.056164 -0.986684 -0.152642 0.997755 0.049879 0.044696 -0.036487 -0.154809 0.987270
3.542575 -6.643232 79.435170 -27.336381 0.017134 -0.993071 -0.116260 0.998074 0.010055 0.061212 -0.059619 -0.117085 0.991331
2.622964 -6.966172 57.244208 -6.771850 0.038008 -0.990097 -0.135142 0.997341 0.046002 -0.056530 0.062187 -0.132634 0.989212
1.891200 -6.970562 23.276696 -5.717926 0.073528 -0.983447 -0.165606 0.993437 0.086816 -0.074473 0.087618 -0.159043 0.983376
1.870789 -6.884084 23.942265 -5.516189 0.084903 -0.980160 -0.179101 0.996326 0.081492 0.026330 -0.011212 -0.180679 0.983478
-2.467373 -12.802209 -68.067111 -14.308783 0.199884 0.979572 -0.022006 0.908931 -0.193763 -0.369189 0.365911 -0.053793 0.929094
-1.664061 -12.927568 -82.510557 -10.483703 0.185108 0.982510 0.020228 0.937117 -0.170284 -0.304655 0.295882 -0.075350 0.952248
-1.719125 -13.089983 -89.687612 -12.186540 0.222476 0.974927 0.004645 0.855772 -0.192998 -0.480007 0.467075 -0.110765 0.877252
-2.713014 -13.178482 -54.255398 -16.885412 0.214025 0.975398 -0.052839 0.833131 -0.210514 -0.511446 0.509987 -0.065440 0.857689
-3.348650 -12.722558 -40.598227 -27.572041 0.197703 0.977366 -0.075295 0.913819 -0.211556 -0.346668 0.354751 0.000268 0.934961
-0.217336 -16.018061 37.459889 62.193043 0.363489 0.930005 0.054462 -0.721947 0.244257 0.647404 -0.588786 0.274643 -0.760199
-0.171233 -15.407085 25.512076 33.627364 0.379801 0.924923 0.016372 -0.608521 0.236469 0.757485 -0.696744 0.297657 -0.652647
0.827913 -16.037052 52.966741 36.135183 0.395878 0.918187 0.014593 -0.735330 0.307440 0.603963 -0.550064 0.249827 -0.796879
-1.010592 -15.113611 21.992864 63.320540 0.346184 0.936223 0.060363 -0.579283 0.162702 0.798724 -0.737962 0.311473 -0.598663
0.525090 -16.341322 40.658573 -32.948734 0.358845 0.932379 0.043579 -0.847707 0.306005 0.433305 -0.390670 0.192431 -0.900193
-0.283317 -15.627889 34.937730 36.140234 0.329724 0.940758 0.079100 -0.811209 0.239463 0.533477 -0.482931 0.240066 -0.842108
-2.919495 -21.594791 -61.883116 21.874014 -0.204006 0.955089 -0.214910 0.410312 0.282733 0.867010 -0.888834 -0.088695 0.449563
-2.366854 -21.207028 -75.352520 -146.947780 -0.263956 0.935751 -0.233875 0.364649 0.321290 0.873959 -0.892949 -0.145404 0.426027
-2.031510 -20.003944 -17.978494 324.893615 -0.204701 0.949812 -0.236548 0.629649 0.312804 0.711123 -0.749426 0.003375 0.662079
-1.914649 -20.684784 49.385904 406.845362 -0.128745 0.960473 -0.246813 0.643760 0.270260 0.715914 -0.754320 0.066718 0.653109
-2.818789 -21.988628 46.092099 158.923730 -0.112969 0.970130 -0.214676 0.433293 0.242533 0.868006 -0.894145 -0.005040 0.447749
-3.297692 -21.507825 -36.151154 -248.382609 -0.167924 0.968430 -0.184239 0.140319 0.208471 0.967910 -0.975762 -0.136683 0.170897
-0.269200 -28.855348 -29.102234 198.517864 -0.338681 0.890944 -0.302512 0.905874 0.221850 -0.360798 -0.254339 -0.396233 -0.882220
0.366313 -29.732930 -1.915583 210.691165 -0.346651 0.894116 -0.283530 0.900207 0.232192 -0.368393 -0.263553 -0.382939 -0.885380
-0.216679 -31.923163 -6.753260 -182.909534 -0.356912 0.894903 -0.267885 -0.759144 -0.110759 0.641430 -0.544347 -0.432298 -0.718892
0.554019 -31.548834 -35.214835 385.382753 -0.375540 0.881779 -0.285367 0.840778 0.194581 -0.505203 -0.389950 -0.429655 -0.814454
0.166395 -33.201740 -42.437660 -133.214136 -0.393895 0.878971 -0.268807 -0.635304 -0.049003 0.770706 -0.664255 -0.474351 -0.577716
-4.121355 -10.012408 77.230498 133.244642 -0.371120 0.791058 -0.486309 0.737296 0.569400 0.363562 -0.564503 0.223629 0.794560
-4.321423 -8.567059 78.250215 118.357566 -0.352695 0.788788 -0.503409 0.798615 0.534112 0.277377 -0.487668 0.304201 0.818316
-2.679550 -9.432706 -95.943593 98.075916 0.471364 -0.643072 0.603551 0.604991 0.733715 0.309270 -0.641717 0.219364 0.734900
-2.861822 -10.616763 61.076314 35.692878 -0.390579 0.767187 -0.508794 0.597962 0.631654 0.493411 -0.699921 0.111524 0.705460
-4.130118 -10.759895 3.696585 97.014317 -0.295440 0.884669 -0.360659 0.768727 0.444284 0.460077 -0.567251 0.141324 0.811329
-1.282793 -12.536349 92.518400 85.780437 -0.346275 0.937974 0.017269 0.749665 0.287729 -0.595998 0.564000 0.193434 0.802800
-3.017597 -13.255326 56.409166 -24.780525 -0.195082 0.976373 -0.092949 0.781046 0.097333 -0.616841 0.593220 0.192932 0.781580
-4.601789 -11.144383 154.182288 143.533718 -0.309570 0.949902 -0.043053 0.668393 0.185176 -0.720389 0.676327 0.251787 0.692232
-0.740607 -14.743534 136.372120 -41.503254 -0.464748 0.872923 0.148371 0.574433 0.424762 -0.699717 0.673822 0.239963 0.698843
0.780017 -15.629951 -21.855205 -122.317251 0.011788 0.999665 0.023021 0.996455 -0.013662 0.083011 -0.083297 -0.021961 0.996283
0.997360 -16.753006 -3.243871 -95.431684 -0.003152 0.999987 -0.004057 0.999623 0.003262 0.027249 -0.027262 0.003969 0.999620
1.205784 -16.643342 -2.294208 39.118453 0.027862 0.999611 0.001439 0.980778 -0.027059 -0.193244 0.193130 -0.006796 0.981150
1.049622 -15.885353 -26.201415 28.673186 0.048581 0.998455 0.026985 0.986892 -0.043820 -0.155318 0.153896 -0.034177 0.987496
-2.548527 -6.390099 -21.091678 -18.149158 -0.100984 -0.550830 0.828486 0.749867 0.505135 0.427246 -0.653837 0.664399 0.362038
-2.846009 -6.180628 20.918567 -15.059575 0.071976 0.570329 -0.818257 0.748047 0.511773 0.422509 -0.659731 0.642505 0.389798
-2.512835 -6.390097 8.102342 14.913402 -0.059303 -0.554788 0.829876 0.815897 0.452049 0.360507 -0.575149 0.698472 0.425842
-2.589085 -6.051903 37.800427 -36.377627 0.129796 0.577722 -0.805848 0.680009 0.539619 0.496386 -0.721624 0.612413 0.322816
-3.149426 -6.815005 21.887470 56.781088 0.287293 0.957330 0.031335 0.493228 -0.175902 0.851930 -0.821090 0.229298 0.522717
-2.699236 -5.799242 42.732556 99.061955 0.357615 0.927874 0.105651 0.553900 -0.301833 0.775946 -0.751868 0.218969 0.621889
-2.693154 -6.491123 37.091238 69.595329 0.371191 0.926434 0.062743 0.481213 -0.249714 0.840284 -0.794136 0.281713 0.538504
-3.185286 -7.136017 27.374733 29.012692 0.299979 0.953766 -0.018513 0.435259 -0.119577 0.892329 -0.848859 0.275738 0.451006
-3.536496 -6.904046 17.330287 -37.650547 0.219603 0.973951 -0.056518 0.389555 -0.034428 0.920359 -0.894439 0.224131 0.386968
-0.304473 -6.070291 -70.394202 46.761666 -0.596613 0.801149 -0.047045 0.731067 0.566733 0.379940 -0.331050 -0.192284 0.923814
-1.052091 -5.663723 -45.099065 44.324012 -0.612940 0.786074 -0.079956 0.730287 0.602241 0.322469 -0.301637 -0.139264 0.943197
-1.226291 -6.368108 -58.524327 60.203915 -0.608525 0.788965 -0.085041 0.700582 0.584479 0.409352 -0.372669 -0.189523 0.908405
-0.458187 -17.847555 0.746281 -165.931121 0.327008 0.940654 0.090752 0.527919 -0.102183 -0.843125 0.783816 -0.323619 0.530004
-0.256801 -18.638562 -16.028016 -160.763557 0.346260 0.934216 0.085698 0.479487 -0.097720 -0.872091 0.806347 -0.343061 0.481781
-0.462761 -19.814211 15.324318 -229.884237 0.332197 0.941547 0.055990 0.347547 -0.067005 -0.935266 0.876845 -0.330151 0.349490
4.932860 -31.989350 -173.080809 1017.575091 0.798665 -0.601129 0.027900 -0.195952 -0.215948 0.956540 0.568979 0.769422 0.290263
2.791227 -31.337277 -104.177134 1009.780308 0.833206 -0.552644 -0.018781 -0.155823 -0.267247 0.950946 0.530553 0.789407 0.308786
4.093562 -36.711183 -130.130288 731.014352 0.835500 -0.549206 -0.017671 0.063481 0.064530 0.995895 0.545811 0.833192 -0.088779
6.628033 -33.323895 -185.012211 542.234076 0.785240 -0.619148 -0.007422 -0.011788 -0.026933 0.999568 0.619080 0.784813 0.028447
-1.769302 -1.941028 -29.897623 74.346590 0.315449 0.474429 -0.821833 -0.139560 0.879828 0.454341 0.938624 -0.028626 0.343752
-1.198143 -1.654342 -40.176250 46.101800 0.343356 -0.220024 -0.913070 0.102325 0.975149 -0.196504 0.933614 -0.025959 0.357338
-1.436790 -2.030523 -30.442063 39.137223 0.353216 0.348921 -0.868040 -0.072841 0.935287 0.346312 0.932702 -0.059093 0.355774
-8.215980 -13.247162 -18.325064 332.737352 0.164637 0.839606 0.517645 -0.389232 0.537518 -0.748046 0.906307 0.078328 -0.415297
-6.449679 -10.929591 39.334967 92.885024 -0.233604 0.969034 -0.080017 -0.327478 -0.155897 -0.931909 0.915526 0.191494 -0.353755
-8.949360 -11.735413 187.221897 92.131169 -0.106585 0.974878 0.195584 -0.318737 0.152824 -0.935442 0.941831 0.162044 -0.294441
2.222343 -11.985633 60.313766 323.854508 0.515780 0.840371 0.166576 -0.435776 0.424750 -0.793528 0.737611 -0.336696 -0.585291
3.396754 -10.321171 120.392989 307.918628 0.558504 0.808159 0.186958 -0.478868 0.498161 -0.722856 0.677318 -0.314190 -0.665226
-0.519790 -5.030544 30.794854 41.046192 -0.167945 0.969984 -0.175854 -0.900630 -0.223507 -0.372706 0.400824 -0.095786 -0.911134
-0.355108 -5.192890 7.293720 24.320674 -0.216312 0.951331 -0.219494 -0.850555 -0.293999 -0.436029 0.479339 -0.092373 -0.872755
-0.651973 -4.862808 -4.709581 28.555214 -0.224126 0.946129 -0.233683 -0.851927 -0.306653 -0.424481 0.473273 -0.103944 -0.874762
-0.933152 -7.844375 32.065584 2.066488 -0.182048 0.982251 -0.045188 -0.712153 -0.100022 0.694863 -0.678010 -0.158679 -0.717721
-1.904218 -8.624971 -59.928000 17.075130 -0.298182 0.954137 0.026654 -0.710109 -0.240407 0.661778 -0.637835 -0.178403 -0.749226
-0.721347 -6.457630 -25.151904 -40.227591 -0.204610 0.978741 -0.014167 -0.931578 -0.190267 0.309776 -0.300495 -0.076581 -0.950704
-0.659945 -6.387643 8.260645 5.146520 -0.188103 0.982142 -0.003700 -0.940738 -0.179088 0.287992 -0.282187 -0.057653 -0.957626
2.119894 -1.268665 60.911605 -12.419093 0.276916 0.799238 0.533419 -0.554695 0.586253 -0.590441 0.784622 0.132382 -0.605676
2.074351 -0.654295 -5.718339 5.068626 0.389367 0.724540 0.568713 -0.506697 0.684109 -0.524646 0.769189 0.083885 -0.633492
2.118709 -0.484872 -46.395501 -41.365874 0.349614 0.813453 0.464828 -0.550935 0.579791 -0.600261 0.757787 0.046231 -0.650863
0.071145 -7.338052 12.325563 -43.495740 -0.066659 0.987498 -0.142843 -0.672735 0.061246 0.737344 -0.736875 -0.145245 -0.660242
0.118185 -7.174225 -5.115112 -38.934922 -0.082275 0.985412 -0.148977 -0.666250 0.056786 0.743563 -0.741176 -0.160432 -0.651858
0.139839 -6.690042 -2.227182 -59.960236 -0.050618 0.983645 -0.172858 -0.753471 0.075993 0.653075 -0.655530 -0.163301 -0.737301
0.130942 -6.849227 15.534149 -67.054934 -0.042435 0.985876 -0.162010 -0.767395 0.071674 0.637156 -0.639769 -0.151363 -0.753515
-0.118246 -8.105790 18.736390 -12.484758 -0.094824 0.990026 -0.104196 -0.586187 0.029068 0.809654 -0.804607 -0.137853 -0.577585
-0.018078 -7.520202 23.589119 -52.664727 -0.067278 0.988632 -0.134462 -0.699254 0.049411 0.713164 -0.711701 -0.142003 -0.687981
0.652301 -11.316481 -11.923858 -157.597598 -0.095279 0.995378 0.012032 0.715449 0.060070 0.696078 -0.692138 -0.074930 0.717865
0.785312 -10.592352 -1.781996 -120.241335 -0.114568 0.993405 -0.004641 0.633816 0.076693 0.769672 -0.764952 -0.085239 0.638422
0.813628 -11.052490 19.085019 -103.220073 -0.124240 0.992212 -0.008937 0.675564 0.091181 0.731641 -0.726758 -0.084862 0.681631
-0.157016 -15.532950 20.866579 -381.579014 0.097692 0.990505 -0.096731 -0.006444 -0.096565 -0.995306 0.995196 -0.097857 0.003050
-0.290242 -17.924894 13.975760 -276.492729 0.085969 0.990805 -0.104478 -0.203436 -0.085200 -0.975374 0.975307 -0.105107 -0.194241
-0.289185 -19.512695 48.433885 -161.641294 0.057973 0.995277 -0.077866 -0.389977 -0.049223 -0.919508 0.918998 -0.083673 -0.385281
-0.493225 -11.314124 75.477884 434.039820 0.018792 0.997971 -0.060831 -0.993615 0.011871 -0.112196 0.111247 -0.062551 -0.991822
-1.327624 -17.352888 118.424020 477.387993 0.050691 0.998494 -0.020989 -0.938693 0.040458 -0.342371 0.341006 -0.037057 -0.939330
-2.234304 -16.174067 95.615480 530.946271 0.118534 0.992466 -0.031012 -0.967150 0.108324 -0.229971 0.224879 -0.057252 -0.972703
-1.326272 -10.104529 52.195373 320.760180 0.127475 0.990240 -0.056344 -0.989606 0.123170 -0.074222 0.066558 -0.065220 -0.995649
-2.578287 -15.995641 -9.721285 583.144277 0.243532 0.967900 -0.062151 -0.955364 0.228341 -0.187454 0.167245 -0.105028 -0.980305
1.500393 -20.170823 -51.570449 -314.527920 0.070595 0.997446 -0.010877 0.350884 -0.035039 -0.935763 0.933754 -0.062243 0.352462
1.968284 -19.171249 -36.636254 -97.599191 0.020378 0.999167 0.035352 0.560926 0.017845 -0.827674 0.827615 -0.036696 0.560095
0.154189 -6.314216 -4.726144 -24.323158 -0.046364 0.981928 -0.183488 -0.799978 0.073508 0.595509 -0.598235 -0.174396 -0.782113
1.539625 -5.432752 -44.217880 -3.095771 -0.084573 0.981249 -0.173201 -0.143957 0.159967 0.976569 -0.985963 -0.107525 -0.127728
0.835997 -5.351710 -34.620785 10.258382 -0.097363 0.972654 -0.210866 -0.117277 0.199184 0.972919 -0.988315 -0.119456 -0.094677
1.172384 -5.500559 -41.929772 15.652208 -0.101058 0.969564 -0.223009 -0.210534 0.198238 0.957276 -0.972349 -0.143691 -0.184093
0.576887 -5.144365 -13.435253 24.442260 -0.101041 0.961897 -0.254056 -0.099657 0.244293 0.964567 -0.989878 -0.122779 -0.071176
0.653299 -5.673108 -25.210804 31.845824 -0.118458 0.965125 -0.233457 -0.192907 0.208265 0.958860 -0.974040 -0.158620 -0.161509
1.446551 -24.892094 11.415261 -233.033171 0.018377 0.917996 0.396164 0.013295 0.395971 -0.918167 0.999743 -0.022140 0.004928
1.027279 -24.187628 -6.596807 -221.335111 0.028411 0.923445 0.382678 0.046305 0.381206 -0.923330 0.998523 -0.043952 0.031930
1.088003 -23.000374 2.536724 41.514732 0.017419 0.894852 0.446023 0.261221 0.426524 -0.865933 0.965122 -0.131594 0.226325
1.168709 -26.035292 -1.983798 -79.158342 0.004434 0.902325 0.431033 0.134366 0.426591 -0.894408 0.990922 -0.061882 0.119350
1.016127 -0.944354 92.064109 -6.156729 0.281784 0.934292 -0.218394 0.375594 0.102042 0.921150 -0.882908 0.341593 0.322160
1.422179 -1.070077 113.365489 5.167378 0.299897 0.936072 -0.183933 0.352980 0.070241 0.932991 -0.886266 0.344726 0.309349
0.461205 -0.981973 46.956371 4.032002 0.350099 0.936489 -0.020488 0.306260 -0.093768 0.947319 -0.885232 0.337930 0.319637
0.885787 -1.250985 67.211397 20.149087 0.335314 0.938531 -0.082006 0.312662 -0.028749 0.949429 -0.888711 0.343997 0.303082
0.349918 -0.885199 38.681854 -4.567684 0.310809 0.943861 -0.111912 0.349971 -0.004175 0.936751 -0.883696 0.330317 0.331621
-0.075954 -1.003128 -1.622319 12.602314 0.399780 0.896529 0.190816 0.236843 -0.302142 0.923372 -0.885484 0.323952 0.333127
-0.012196 -1.177047 20.492187 17.389022 0.393363 0.908034 0.144014 0.243063 -0.253781 0.936224 -0.886671 0.333271 0.320538
-3.561894 -246.605696 -182.300282 11632.769045 -0.680120 0.732624 0.026422 -0.730377 -0.680257 0.061641 -0.063133 -0.022625 -0.997749
76.299414 -687.724169 -2742.093266 -6364.963188 0.929827 -0.354521 -0.098670 0.052288 0.392687 -0.918184 -0.364262 -0.848594 -0.383669
-5.091690 -142.976736 -141.679429 6343.827791 -0.591032 0.806352 0.021829 -0.715146 -0.511278 -0.476614 0.373158 0.297305 -0.878842
2963.165360 -91.313807 1227534.644302 19387.052890 -0.331516 -0.180908 -0.925942 0.931337 -0.219511 -0.290560 -0.150690 -0.958690 0.241258
1.127807 -6.690442 -41.400678 12.527656 -0.141241 0.981874 -0.126387 -0.532066 0.032371 0.846084 -0.834839 -0.186748 -0.517850
0.746256 -6.908835 -15.308964 4.959569 -0.158231 0.981354 -0.109121 -0.597186 -0.007103 0.802072 -0.786341 -0.192078 -0.587174
-0.217118 -3.607610 -34.878698 -33.273360 0.117796 0.985706 -0.120449 -0.596862 0.167217 0.784725 -0.793650 0.020546 -0.608028
0.613295 -18.733420 -22.279035 -39.432321 -0.002571 0.992057 0.125762 0.986620 -0.017985 0.162044 -0.163018 -0.124496 0.978737
0.581697 -17.708334 -18.025656 -61.083939 -0.030938 0.992871 0.115105 0.913320 -0.018704 0.406812 -0.406065 -0.117714 0.906231
0.808988 -18.817839 -21.676047 -47.139647 -0.016998 0.993214 0.115055 0.945440 -0.021478 0.325088 -0.325353 -0.114303 0.938659
1.708288 -17.076890 98.879834 -329.206358 -0.282834 0.954766 -0.091798 0.917145 0.241182 -0.317295 0.280803 0.173933 0.943873
2.790674 -16.768880 1.318428 -244.794950 -0.237099 0.971358 -0.015752 0.886670 0.209745 -0.412097 0.396990 0.111674 0.911004
1.580819 -15.576352 -20.776126 65.426957 -0.190240 0.981721 0.005730 0.956791 0.186711 -0.222911 0.219907 0.036924 0.974822
2.364152 -23.232371 66.884124 -529.636320 -0.273947 0.958656 -0.077014 0.810378 0.186966 -0.555276 0.517920 0.214527 0.828092
1.246712 -14.973720 20.822695 85.980543 -0.177227 0.983583 -0.033971 0.978548 0.172426 -0.112749 0.105040 0.053224 0.993043
1.172888 -21.900208 164.431785 -414.162795 -0.326063 0.937667 -0.120264 0.815359 0.214564 -0.537728 0.478405 0.273391 0.834497
0.155334 -19.238080 162.791089 -530.977964 -0.329792 0.936505 -0.119148 0.888591 0.265313 -0.374186 0.318816 0.229277 0.919668
0.916604 -14.752964 -126.787050 -399.157662 0.280352 -0.953765 0.108326 0.951279 0.260971 -0.164204 0.128343 0.149083 0.980460
2.702843 -35.062230 -43.113849 1001.141004 0.890910 -0.219623 -0.397549 -0.426555 -0.705217 -0.566321 0.155981 -0.674117 0.721966
1.963798 -31.124961 42.808770 275.909091 0.869321 -0.199372 -0.452252 -0.368720 -0.870946 -0.324806 0.329130 -0.449115 0.830644
0.715658 -27.553058 110.683989 189.761904 0.843985 -0.214265 -0.491710 0.277869 0.958797 0.059143 0.458778 -0.186547 0.868748
1.451052 -26.872327 62.805714 285.177788 0.873782 -0.110781 -0.473532 -0.339188 -0.836606 -0.430164 0.348505 -0.536486 0.768587
