14183
28355
-4.730936 -7.132886 -5.593634 89.892148 -0.225890 0.944386 -0.238975 -0.360026 -0.308881 -0.880326 0.905182 0.112819 -0.409776
-5.565208 -8.157381 -13.638004 99.437542 -0.277147 0.923184 -0.266310 -0.245368 -0.335980 -0.909347 0.928970 0.186678 -0.319635
-6.677983 -9.371931 -1.576445 213.104311 -0.001724 0.937343 0.348403 -0.374352 0.322465 -0.869412 0.927285 0.131924 -0.350341
-4.290984 -6.979864 -62.650090 51.557607 -0.367744 0.796456 -0.480022 -0.251398 -0.582120 -0.773263 0.895301 0.163686 -0.414299
-4.290681 -7.122887 -48.372889 117.057306 -0.014771 0.992877 0.118226 -0.476560 0.096955 -0.873779 0.879018 0.069248 -0.471734
-3.901687 -5.989514 -26.548182 47.155876 -0.309162 0.853302 -0.419875 -0.376622 -0.515264 -0.769844 0.873256 0.079872 -0.480672
-8.987482 -11.079146 69.343576 -40.465942 -0.021705 0.949740 -0.312286 0.387455 -0.279958 -0.878352 0.921633 0.140062 0.361905
-9.693166 -11.379766 59.482420 -97.011392 0.188527 0.899216 -0.394802 0.449752 -0.436431 -0.779263 0.873029 0.030651 0.486703
-7.125778 -10.515855 -142.813895 -14.116972 0.188958 0.955297 -0.227380 0.323783 -0.279213 -0.903993 0.927070 -0.097195 0.362069
-8.606507 -10.324847 -76.183671 -134.347570 0.005863 0.868925 0.494910 0.198226 0.484087 -0.852271 0.980139 -0.103101 0.169406
-10.285791 -10.765742 243.208592 -77.839212 -0.134543 0.971899 0.193160 0.198513 0.217418 -0.955679 0.970820 0.090235 0.222187
-7.293228 -9.708024 72.876503 9.513225 0.867646 0.016493 0.496908 -0.496760 -0.012438 0.867799 -0.020493 0.999787 0.002599
-6.413807 -9.693007 112.281560 31.200019 0.869614 -0.112242 0.480805 -0.493226 -0.153374 0.856274 0.022367 0.981773 0.188737
-6.309664 -9.781387 139.440503 -10.479211 0.850324 -0.138982 0.507576 -0.507475 0.038844 0.860791 0.139351 0.989533 0.037500
-0.217738 -6.217414 44.757267 -48.785142 0.379405 0.483713 0.788717 0.696414 0.411933 -0.587638 -0.609146 0.772226 -0.180575
0.699351 -7.131339 67.556874 -105.504448 0.409101 0.493784 0.767342 0.715394 0.348451 -0.605634 -0.566433 0.796718 -0.210698
-0.288526 -7.589378 45.938697 -116.816483 0.380767 0.489341 0.784578 0.749806 0.333140 -0.571672 -0.541117 0.805955 -0.240062
-1.095270 -6.630696 27.805975 -41.315058 0.351360 0.498815 0.792294 0.727290 0.387483 -0.566486 -0.589572 0.775268 -0.226637
-0.871707 -5.960518 39.415829 8.245608 0.354719 0.478108 0.803484 0.676686 0.461737 -0.573494 -0.645190 0.747136 -0.159742
-0.082141 -9.105480 21.524903 30.947288 0.184594 0.975750 0.117635 0.912921 -0.214564 0.347184 -0.364005 -0.043304 0.930390
-0.080144 -9.237010 16.502612 31.639990 0.161531 0.980165 0.114818 0.867278 -0.196508 0.457399 -0.470889 -0.025695 0.881818
-0.027393 -9.232875 16.071184 37.591801 0.177243 0.975865 0.127564 0.920767 -0.210195 0.328643 -0.347524 -0.059207 0.935800
0.131359 -9.230989 19.062936 5.814847 0.148619 0.983008 0.107737 0.828201 -0.183260 0.529621 -0.540366 -0.010516 0.841364
-0.027177 -9.070153 -4.162119 5.678904 0.155418 0.979173 0.130635 0.913371 -0.192812 0.358576 -0.376296 -0.063589 0.924315
-0.961136 -15.386440 10.137063 155.719372 0.217001 0.976093 -0.012377 0.952937 -0.214569 -0.214175 0.211710 -0.034682 0.976717
-0.829419 -13.287386 17.307393 275.299459 0.249220 0.968039 -0.028094 0.873633 -0.237245 -0.424830 0.417917 -0.081333 0.904837
-0.485558 -13.766851 18.121684 147.214211 0.228402 0.972737 -0.040196 0.944815 -0.231427 -0.231877 0.234857 -0.014983 0.971914
-0.411580 -14.890172 -21.948481 15.274943 -0.176959 -0.983601 0.034844 0.984215 -0.176755 0.008875 -0.002571 0.035865 0.999353
-0.777105 -15.693514 28.694068 33.953978 0.185919 0.981796 -0.038873 0.980949 -0.187736 -0.049938 0.056327 0.028848 0.997996
-0.127007 -13.104931 20.083389 68.429497 0.203498 0.978030 -0.045241 0.969741 -0.207708 -0.128297 0.134875 0.017764 0.990703
-0.269060 -12.086066 18.128071 173.213146 0.252328 0.966169 -0.053362 0.914521 -0.256134 -0.313125 0.316200 -0.030210 0.948212
-0.050458 -17.634555 -36.788154 -57.990425 0.048022 0.959919 -0.276134 0.975856 -0.104061 -0.192034 -0.213072 -0.260245 -0.941739
-0.446713 -17.566958 -3.859624 -139.737612 0.106026 0.960008 -0.259121 0.993714 -0.111709 -0.007261 -0.035917 -0.256722 -0.965818
-0.003167 -19.017077 -45.095879 -173.459731 0.105756 0.953898 -0.280880 0.994112 -0.094715 0.052635 0.023605 -0.284792 -0.958299
-1.140380 -14.574122 56.869853 -10.820827 0.340324 0.940162 -0.016566 -0.563813 0.218127 0.796577 -0.752526 0.261754 -0.604310
-0.815126 -14.804066 42.124147 11.006525 0.356784 0.933438 -0.037399 -0.361925 0.175022 0.915629 -0.861229 0.313146 -0.400280
-0.509793 -14.875589 27.624771 10.238447 0.346297 0.937789 -0.025110 -0.549126 0.224332 0.805069 -0.760617 0.265005 -0.592650
-0.515170 -14.004824 53.880776 -85.112334 0.322342 0.946623 -0.000748 -0.739440 0.252286 0.624163 -0.591036 0.200641 -0.781294
-1.070921 -13.621604 52.042186 -89.167148 0.306785 0.951765 -0.005123 -0.753861 0.246273 0.609134 -0.581014 0.183011 -0.793051
-1.790427 -13.768225 27.220113 -46.221600 0.290854 0.956399 -0.026556 -0.674826 0.224741 0.702923 -0.678243 0.186527 -0.710770
2.004096 -6.638029 45.089891 1.555771 0.231649 0.939486 0.252397 0.378457 0.151981 -0.913056 0.896164 -0.307030 0.320349
2.116218 -7.083030 29.464070 47.633189 0.286826 0.939946 0.185020 0.458921 0.034714 -0.887799 0.840906 -0.339553 0.421404
1.798329 -6.309665 93.152628 31.031498 0.212535 0.957235 0.196290 0.445042 0.084010 -0.891561 0.869923 -0.276845 0.408154
1.372928 -6.080958 76.828891 4.771742 0.186728 0.957009 0.221963 0.390337 0.135064 -0.910711 0.901538 -0.256695 0.348336
1.271092 -6.576248 59.690779 -41.366392 0.179844 0.951231 0.250630 0.312119 0.186439 -0.931570 0.932865 -0.245764 0.263367
1.540294 -6.935273 40.745565 -39.551754 0.212073 0.929091 0.303011 0.270279 0.242207 -0.931818 0.939135 -0.279511 0.199749
-0.723653 -7.089932 23.933612 -47.755197 0.236001 0.971742 0.004625 0.720759 -0.171851 -0.671546 0.651774 -0.161819 0.740949
-0.741434 -7.724106 30.023182 -151.074647 0.214546 0.976310 0.028096 0.675247 -0.127480 -0.726492 0.705699 -0.174838 0.686600
-0.553909 -8.373374 56.254402 -101.767423 0.180938 0.983403 0.013449 0.637306 -0.106822 -0.763171 0.749068 -0.146658 0.646057
-0.474379 -9.247828 20.044614 -35.707459 0.100497 0.991937 0.077204 0.487411 -0.116732 0.865335 -0.867370 0.049334 0.495212
-0.775587 -9.659803 -4.168823 -7.984962 0.080311 0.993266 0.083506 0.548545 -0.113992 0.828314 -0.832255 0.020716 0.554006
-0.499540 -9.542825 18.069805 -6.789161 0.111339 0.989322 0.094054 0.639464 -0.143767 0.755259 -0.760716 0.023946 0.648643
-0.691497 -9.746404 -5.875980 5.127406 0.095077 0.990143 0.102846 0.675772 -0.140059 0.723682 -0.730953 -0.000695 0.682427
-0.416508 -9.576839 5.464660 -17.848575 0.123790 0.985720 0.114161 0.740166 -0.168350 0.651009 -0.660931 -0.003909 0.750436
-0.325561 -9.522402 24.727492 -4.768529 0.127223 0.987353 0.094591 0.680224 -0.156258 0.716155 -0.721879 0.026769 0.691501
-0.515526 -9.758266 7.399632 -11.315167 0.117603 0.987231 0.107448 0.748020 -0.159230 0.644291 -0.653173 -0.004603 0.757195
0.298033 -33.878939 -1.774220 -214.691326 -0.435838 0.892849 0.113425 0.899890 0.434477 0.037768 -0.015559 0.118531 -0.992828
0.420673 -32.045130 -9.383306 -207.203486 -0.448029 0.884208 0.132080 -0.838495 -0.466846 0.281034 -0.310154 -0.015163 -0.950565
0.370149 -34.452354 -41.513288 428.526869 -0.411680 0.906886 0.089872 -0.900264 -0.420020 0.114492 -0.141580 0.033774 -0.989351
0.159040 -31.340747 -61.179046 235.712602 -0.466427 0.878799 0.100784 -0.742155 -0.450784 0.495984 -0.481302 -0.156543 -0.862463
0.342763 -34.230668 -26.839080 -352.140391 -0.392993 0.914716 0.094081 0.909892 0.372046 0.183515 0.132862 0.157724 -0.978504
0.672888 -40.008487 13.242172 -495.021449 -0.399694 0.909846 0.111464 0.895418 0.361520 0.259865 0.196141 0.203674 -0.959190
-1.069750 -28.843270 -12.283475 76.961434 0.350403 -0.879320 -0.322513 0.902748 0.225343 0.366425 -0.249529 -0.419544 0.872765
-0.971050 -26.703607 -8.600912 231.580905 0.342712 -0.877920 -0.334374 0.937024 0.344960 0.054675 0.067345 -0.332054 0.940853
-0.809384 -28.314931 -41.383775 226.201820 0.332582 -0.894843 -0.297734 0.943039 0.318292 0.096786 0.008158 -0.312965 0.949730
-1.037824 -30.373080 10.695547 291.503915 0.376674 -0.860626 -0.342695 0.926185 0.343006 0.156612 -0.017238 -0.376391 0.926300
-0.989853 -32.595104 9.068463 45.270853 0.385023 -0.859672 -0.335741 0.840633 0.176526 0.512029 -0.380910 -0.479378 0.790635
-5.413580 -14.122769 -49.549519 -65.303020 0.066781 0.881286 0.467842 0.962541 -0.180394 0.202417 0.262783 0.436799 -0.860321
-5.226810 -14.156428 -36.502126 -44.984988 0.117812 0.905047 0.408669 0.948108 -0.224900 0.224746 0.295315 0.360985 -0.884578
-5.133831 -13.096554 -31.370547 -89.117600 0.105075 0.895699 0.432067 0.991836 -0.125959 0.019913 0.072258 0.426447 -0.901622
-5.536610 -13.332941 -21.710528 -119.779732 0.011923 0.842458 0.538631 0.996493 -0.054625 0.063380 0.082818 0.535986 -0.840155
-4.861490 -11.750218 -20.000349 -131.006011 0.051049 0.858709 0.509915 0.994092 0.005279 -0.108412 -0.095786 0.512436 -0.853366
-4.559625 -11.258520 -19.379159 -118.624477 0.109500 0.892680 0.437188 0.982034 -0.029152 -0.186439 -0.153685 0.449748 -0.879834
0.659998 -34.567752 0.189459 -222.167772 -0.440004 0.891621 0.106809 0.897426 0.440839 0.016950 -0.031972 0.103311 -0.994135
0.608192 -30.081484 -29.552049 82.078487 -0.441251 0.890823 0.108313 -0.862572 -0.454325 0.222617 -0.247521 -0.004802 -0.968871
0.509317 -28.802039 20.617413 -33.594374 -0.441500 0.883546 0.156280 -0.741882 -0.457431 0.490274 -0.504667 -0.100514 -0.857443
0.186680 -34.027345 -28.817638 -320.153931 -0.490485 0.852850 0.179086 -0.615140 -0.484398 0.622062 -0.617275 -0.194950 -0.762212
-6.773417 -38.292177 -237.243883 -1636.764426 0.119586 0.956271 -0.266916 0.992767 -0.118058 0.021825 -0.010641 -0.267595 -0.963473
5.359919 -345.634610 505.877679 -12580.030558 0.310851 0.920488 -0.236800 0.949131 -0.313790 0.026177 -0.050210 -0.232892 -0.971206
20.405631 -323.775896 -211.133270 17617.893557 0.960195 0.197972 0.197060 0.132504 0.298233 -0.945251 0.245903 -0.933737 -0.260129
-4.041095 -404.398211 -189.429968 6089.760196 -0.344927 0.928833 -0.135260 -0.574403 -0.094909 0.813052 -0.742352 -0.358137 -0.566261
21.630686 -98.644458 -991.156361 5831.058059 -0.651946 0.755218 -0.067917 0.756910 0.642810 -0.117827 -0.045327 -0.128224 -0.990709
32.215240 -65.208147 738.711227 4542.652617 0.788470 -0.577294 0.212240 0.295244 0.657944 0.692778 -0.539579 -0.483572 0.689212
676.467119 20.048340 -16586.479212 1521.314809 -0.686990 -0.108581 -0.718508 0.036511 0.982367 -0.183365 0.725749 -0.152203 -0.670912
-1.403374 -314.728341 909.631885 13962.022081 0.196104 0.980558 -0.007008 0.643199 -0.134023 -0.753879 0.740161 -0.143331 0.656976
-0.277833 -6.029080 46.527076 9.645929 -0.181265 0.915059 -0.360291 -0.352300 -0.402466 -0.844930 0.918166 0.026226 -0.395328
-0.163302 -5.734915 32.986968 7.006972 -0.186429 0.905654 -0.380835 -0.419889 -0.423892 -0.802502 0.888222 -0.010299 -0.459300
0.346944 -5.822234 59.113586 5.226669 -0.174054 0.922308 -0.345040 -0.338534 -0.385076 -0.858552 0.924716 0.032627 -0.379257
0.456799 -5.819837 81.417365 8.666884 -0.176574 0.930860 -0.319878 -0.263982 -0.357864 -0.895682 0.948227 0.073713 -0.308919
-0.565125 -6.091856 51.622423 10.381972 -0.173198 0.923788 -0.341493 -0.282566 -0.378765 -0.881302 0.943482 0.056145 -0.326633
1.981735 -6.833351 115.767166 10.218761 0.164115 0.984887 0.055354 -0.780652 0.095368 0.617646 -0.603033 0.144578 -0.784505
2.916212 -6.961891 112.199940 7.819983 0.194177 0.980801 0.018013 -0.686389 0.122726 0.716805 -0.700832 0.151551 -0.697041
2.520401 -7.271924 -12.610925 15.210907 0.110251 0.993293 -0.034847 -0.761157 0.106927 0.639692 -0.639128 0.044003 -0.767841
5.903229 0.403953 -73.524907 -13.755621 -0.032969 0.184890 0.982206 -0.054973 0.980917 -0.186493 -0.997943 -0.060144 -0.022176
6.031507 0.543319 245.743313 -26.513459 0.161784 0.136008 0.977409 -0.050922 0.990288 -0.129371 -0.985512 -0.028841 0.167138
6.617054 0.643832 -135.524526 -26.597925 -0.118775 0.209820 0.970499 -0.041234 0.975532 -0.215955 -0.992065 -0.065668 -0.107217
5.381934 0.907977 -59.495730 -17.647067 -0.038390 0.211484 0.976627 -0.018824 0.977021 -0.212309 -0.999086 -0.026534 -0.033526
6.119089 0.420520 -391.682999 -24.802782 -0.259912 0.264765 0.928626 -0.037657 0.958165 -0.283727 -0.964898 -0.108713 -0.239068
5.236295 0.701308 -361.741644 8.268033 -0.245907 0.291094 0.924551 0.011200 0.954629 -0.297586 -0.969229 -0.062824 -0.238010
-4.652148 -9.702352 -2.348375 44.049797 0.820649 -0.209662 0.531580 -0.564727 -0.155473 0.810501 0.087285 0.965334 0.245990
-4.823026 -9.960754 -23.630857 -5.821933 0.824545 -0.204838 0.527416 -0.537530 0.007350 0.843212 0.176599 0.978768 0.104046
-5.728420 -9.836317 69.495311 8.718466 0.839025 -0.173050 0.515839 -0.532088 -0.062911 0.844349 0.113663 0.982902 0.144861
-5.587866 -9.569889 71.970262 46.531516 0.845912 -0.173957 0.504154 -0.533154 -0.252072 0.807593 0.013403 0.951945 0.305977
2.128258 -12.271427 -49.265150 -71.997807 -0.055519 0.998413 0.009486 -0.870294 -0.053047 0.489667 -0.489393 -0.018930 -0.871858
2.215889 -19.669948 25.384070 -355.141624 -0.058374 0.997832 0.030390 -0.943108 -0.065103 0.326051 -0.327323 0.009628 -0.944864
2.935282 -15.116921 -25.378045 -273.103970 -0.165993 0.980249 0.107512 -0.962838 -0.184661 0.197088 -0.213049 0.070801 -0.974473
2.754864 -11.513693 -32.046857 -142.119007 -0.231139 0.956621 0.177342 -0.923499 -0.273078 0.269401 -0.306143 0.101506 -0.946558
0.604964 -8.647730 -9.531748 -3.165585 -0.012486 0.999917 -0.003273 -0.810606 -0.008206 0.585535 -0.585459 -0.009964 -0.810640
2.604776 -10.343768 -179.949067 72.701003 0.032993 0.991650 -0.124665 -0.727504 0.109355 0.677333 -0.685310 -0.068347 -0.725037
1.061758 -9.455782 -8.097865 34.707549 -0.177701 0.975368 0.130689 -0.868349 -0.217898 0.445523 -0.463025 0.034314 -0.885681
-0.057557 -55.779765 68.354853 -2050.167424 0.832285 0.003088 -0.554340 -0.492056 0.464664 -0.736185 -0.255308 -0.885482 -0.388252
-1.464134 -37.610412 114.421721 340.129062 0.840623 0.025800 -0.541006 -0.342306 0.799393 -0.493758 -0.419738 -0.600254 -0.680820
0.103384 -41.970858 50.964821 561.336373 0.825049 -0.022920 -0.564596 -0.312457 0.814016 -0.489641 -0.470813 -0.580390 -0.664442
1.359343 -91.844869 49.442520 -3778.564984 0.837648 -0.176124 -0.517036 -0.379695 0.492716 -0.782983 -0.392654 -0.852180 -0.345849
1.741235 -89.663154 -9.774490 -3893.461032 0.800977 -0.000172 -0.598696 -0.572340 0.293216 -0.765801 -0.175679 -0.956046 -0.234761
-2.639248 -4.561836 -93.420689 -50.480435 -0.690556 0.719459 -0.074232 0.680497 0.681054 0.270350 -0.245062 -0.136177 0.959896
-3.642822 -4.362264 125.046060 -109.411638 0.783396 -0.598539 0.167456 0.541738 0.789645 0.288065 -0.304649 -0.134952 0.942856
-2.069759 -3.623909 -136.767551 -73.526180 -0.504633 0.863203 0.015011 0.812257 0.468814 0.347062 -0.292548 -0.187332 0.937722
-1.659805 -4.006086 -23.852704 -25.841437 -0.480584 0.876898 -0.009427 0.835903 0.461314 0.297413 -0.265150 -0.135052 0.954702
1552.206716 -16.648883 -83450.622238 292.877101 0.640662 -0.599594 -0.479625 0.691800 0.721761 0.021780 0.333115 -0.345758 0.877203
268.937826 -10.646179 -12647.906204 -177.750776 0.555616 -0.531140 -0.639673 0.695909 0.718083 0.008217 0.454973 -0.449720 0.768604
119.636328 -7.070908 -6331.915915 -207.448535 0.381781 -0.509560 -0.771098 0.765601 0.641739 -0.045017 0.517782 -0.573167 0.635123
108.518126 -4.043260 -5615.690879 -39.533708 0.308880 -0.569479 -0.761766 0.777882 0.612113 -0.142187 0.547259 -0.548645 0.632057
535.710346 3.256508 -34637.128163 -106.665830 0.486830 -0.732104 -0.476467 0.813286 0.578912 -0.058539 0.318689 -0.359005 0.877241
0.830359 -9.567722 -103.515502 -215.775342 -0.569304 -0.415767 0.709246 0.580066 0.408204 0.704906 -0.582594 0.812716 0.008780
-0.416464 -7.279920 -75.141701 -73.077858 -0.520880 -0.385474 0.761639 0.566242 0.511654 0.646204 -0.638790 0.767867 -0.048239
-0.759917 -10.219918 -60.426538 -227.859672 -0.483688 -0.388558 0.784263 0.650354 0.440107 0.619149 -0.585735 0.809523 0.039826
0.091333 -7.030430 7.857511 -36.151561 -0.394455 0.918229 -0.035505 0.800390 0.362301 0.477613 -0.451422 -0.159979 0.877852
-0.051965 -7.028830 15.722503 -26.501402 -0.368906 0.928956 -0.030821 0.819437 0.340706 0.460914 -0.438669 -0.144778 0.886910
-0.228452 -7.429210 -6.597290 6.948110 -0.382662 0.923623 -0.022152 0.873745 0.369581 0.316196 -0.300233 -0.101641 0.948435
0.056245 -6.802468 -3.908020 4.895715 -0.330954 0.943612 0.008124 0.789570 0.272192 0.549991 -0.516767 -0.188436 0.835131
0.045527 -7.365257 0.836314 15.954864 -0.349440 0.936836 -0.015155 0.702785 0.272767 0.657032 -0.619665 -0.218943 0.753710
0.082564 -6.919874 20.081029 -0.286903 -0.314558 0.949230 -0.003921 0.794388 0.265503 0.546312 -0.519617 -0.168732 0.837573
-0.081260 -6.683859 8.944881 4.298056 -0.321937 0.946747 0.005206 0.854773 0.288289 0.431570 -0.407087 -0.143388 0.902064
-0.092919 -6.805217 -25.953158 -5.863646 -0.347221 0.937368 0.027899 0.834695 0.295355 0.464811 -0.427459 -0.184680 0.884970
0.060743 -6.845280 -11.658994 -0.482123 -0.332360 0.943112 0.008711 0.768777 0.265549 0.581778 -0.546369 -0.200057 0.813301
-0.887153 -16.379179 -141.883358 343.551360 0.519922 0.820909 -0.236198 -0.480480 0.052425 -0.875437 0.706272 -0.568648 -0.421687
-2.336985 -12.127245 -118.701202 277.869157 0.507524 0.840354 -0.190331 -0.603923 0.189382 -0.774216 0.614570 -0.507878 -0.603625
-3.148743 -17.535904 -122.207419 357.401753 0.470704 0.850957 -0.233043 -0.492302 0.034125 -0.869755 0.732172 -0.524125 -0.434991
2.327872 -29.798854 -19.809583 651.587469 0.141888 0.989309 -0.033687 -0.406313 0.027174 -0.913330 0.902650 -0.143278 -0.405825
2.044545 -33.531226 -47.207395 337.794765 0.156641 0.987584 0.011892 -0.065242 0.022361 -0.997619 0.985498 -0.155493 -0.067935
3.217275 -49.564384 -30.060765 1538.852376 0.090304 0.995748 -0.018211 -0.344613 0.014086 -0.938639 0.934391 -0.091039 -0.344420
2.247050 -30.190477 -51.862729 985.396501 0.116343 0.991593 -0.056637 -0.645147 0.032093 -0.763384 0.755149 -0.125354 -0.643457
2.035956 -25.116952 1.154700 433.130459 0.121207 0.987467 -0.101080 -0.650864 0.002177 -0.759191 0.749457 -0.157809 -0.642970
1.872119 -35.988492 -2.392438 1050.059346 0.204590 0.976601 -0.066282 -0.446906 0.032949 -0.893974 0.870872 -0.212520 -0.443190
-0.074636 -12.189534 -20.063232 56.814781 -0.131255 0.984441 -0.116825 -0.536942 -0.169659 -0.826383 0.833346 0.045739 -0.550856
0.012272 -12.356554 -13.113186 52.587376 -0.128033 0.987319 -0.093861 -0.454012 -0.142488 -0.879528 0.881749 0.069994 -0.466497
0.145044 -12.759317 -30.918594 -3.910190 -0.113237 0.987524 -0.109425 -0.352549 -0.142903 -0.924818 0.928917 0.066146 -0.364332
0.699529 -13.061746 -43.697811 -70.562149 -0.109796 0.988971 -0.099409 -0.161860 -0.116469 -0.979917 0.980687 0.091500 -0.172862
0.554639 -13.727285 -19.958465 -1.858125 -0.148736 0.979026 -0.139229 -0.347380 -0.183550 -0.919585 0.925854 0.088410 -0.367395
0.703277 -12.330341 -24.845153 -105.005118 -0.105883 0.992475 -0.061494 -0.111194 -0.073272 -0.991094 0.988142 0.098102 -0.118116
0.128626 -12.563719 -22.600036 72.296841 -0.139835 0.979974 -0.141762 -0.548729 -0.195868 -0.812731 0.824223 0.035859 -0.565129
0.642804 -9.214203 87.463194 -15.915588 -0.381195 0.908776 -0.169756 -0.498538 -0.047432 0.865569 -0.778557 -0.414580 -0.471140
-0.006303 -9.311292 3.897467 -14.830222 -0.383432 0.895285 -0.226813 -0.611802 -0.062248 0.788558 -0.691865 -0.441124 -0.571605
0.234767 -9.654472 39.565911 -18.936259 -0.376177 0.906426 -0.192046 -0.457227 -0.001327 0.889349 -0.805875 -0.422362 -0.414942
-0.138467 -17.251632 -51.299429 -303.160955 0.189324 0.946762 -0.260380 -0.810618 0.001053 -0.585574 0.554126 -0.321932 -0.767662
-0.052419 -19.523194 -32.073129 192.791588 0.139296 0.954798 -0.262599 0.960243 -0.065451 0.271384 0.241930 -0.289962 -0.925955
-0.447822 -17.916556 -40.484655 -284.481878 0.160124 0.952992 -0.257227 -0.896705 0.031497 -0.441506 0.412650 -0.301353 -0.859597
1.543594 -5.050261 -78.097954 90.980317 -0.251926 0.951637 -0.175841 0.340332 -0.082973 -0.936637 0.905929 0.295808 0.302970
1.955541 -3.727458 -24.075583 56.612585 -0.171054 0.920324 -0.351774 0.344121 -0.278745 -0.896595 0.923213 0.274418 0.269022
1.035401 -5.278671 -23.597665 96.887417 -0.249523 0.947035 -0.202144 0.381479 -0.095735 -0.919407 0.890063 0.306527 0.337386
-63.773190 -683.934833 -3089.131263 42276.706784 0.170845 -0.834111 0.524472 0.845433 -0.149273 -0.512798 0.506020 0.531015 0.679682
-70.935613 -278.942298 1241.289565 13468.038371 -0.459574 0.873961 -0.158063 0.549208 0.139792 -0.823911 0.697970 0.465458 0.544231
-28.174407 -65.761529 -805.043504 -1267.578663 0.030535 -0.645085 0.763500 0.996675 -0.038079 -0.072034 0.075541 0.763161 0.641778
-149.722933 -428.515244 -5051.566042 19513.675778 -0.281135 0.697295 0.659350 0.623271 0.655103 -0.427052 0.729723 -0.290895 0.618776
-18.876664 -173.833042 -1142.865082 -7259.184862 0.125283 -0.679702 0.722710 0.969532 0.238436 0.056177 -0.210504 0.693652 0.688865
51.741068 -111.567195 -1298.359480 3173.192870 0.623285 0.388276 0.678791 -0.463333 0.882618 -0.079422 -0.629951 -0.265004 0.730024
3.230406 -1.460472 14.818463 -19.146597 0.163468 0.971725 0.170380 0.024250 -0.176609 0.983982 -0.986251 0.156718 0.052434
2.732610 -1.275518 66.995624 -11.297578 0.253204 0.959091 0.126615 0.039987 -0.141144 0.989181 -0.966586 0.245402 0.074089
3.293549 -1.935072 24.250170 -10.958078 0.181671 0.976568 0.115370 0.069962 -0.129861 0.989061 -0.980867 0.171612 0.091915
2.353236 -1.622991 71.112714 -16.357539 0.271844 0.961399 0.042583 0.085903 -0.068316 0.993959 -0.958500 0.266544 0.101158
3.173374 -2.266523 -32.814794 1.765500 0.077245 0.982953 0.166844 0.055858 -0.171348 0.983626 -0.995446 0.066661 0.068142
-1.048561 -24.549416 33.900312 -114.371750 0.674371 -0.278593 0.683820 0.586606 -0.360326 -0.725299 -0.448461 -0.890253 0.079569
-0.717323 -27.215507 29.319599 -55.030901 0.676425 -0.264066 0.687545 0.647487 -0.231695 -0.726002 -0.351014 -0.936262 -0.014255
-0.656406 -25.297583 24.356074 -271.500941 0.670098 -0.266615 0.692737 0.469906 -0.570069 -0.673951 -0.574593 -0.777135 0.256718
-1.065084 -25.554508 -37.582387 -65.715495 -0.678417 0.287439 -0.676113 0.680739 -0.100171 -0.725645 -0.276306 -0.952546 -0.127713
-31.107946 -6696.155082 -5564.021269 422478.120594 -0.643929 0.419931 -0.639541 0.529362 0.848060 0.023853 0.552386 -0.323190 -0.768387
-6.802820 -155.601474 -133.459099 8255.117914 -0.650199 0.561252 -0.512092 0.619225 0.782010 0.070858 0.440230 -0.271028 -0.856003
-4.341675 -49.753238 -91.593582 2396.218652 -0.648032 0.463725 -0.604164 0.370462 0.885025 0.281939 0.665442 -0.041115 -0.745317
5.896607 -160.668013 -467.651334 10465.344348 -0.606903 0.461424 -0.647115 0.737050 0.631395 -0.241035 0.297366 -0.623240 -0.723288
-2.882330 -94.466401 -195.233718 4547.389843 -0.492887 0.476263 -0.728173 0.636882 0.767684 0.071011 0.592827 -0.428759 -0.681705
4.630304 -6.577262 -288.818546 -13.768127 -0.060839 -0.228088 0.971738 -0.588284 0.794677 0.149697 -0.806362 -0.562551 -0.182528
8.203702 -6.657747 -401.444149 -19.661651 -0.088882 -0.170473 0.981345 -0.683606 0.727007 0.064376 -0.724419 -0.665131 -0.181155
5.611802 -7.056517 -459.504000 -15.953928 -0.079497 -0.326106 0.941985 -0.669432 0.717647 0.191947 -0.738608 -0.615335 -0.275356
-0.870766 -15.841729 77.330425 -121.773488 0.229973 0.971955 0.049152 -0.916955 0.233326 -0.323655 0.326047 -0.029362 -0.944898
-1.537476 -16.198053 33.390745 -69.110677 0.218020 0.975896 -0.009769 -0.945717 0.208784 -0.249055 0.241012 -0.063538 -0.968440
-0.907145 -16.385865 50.036042 -8.064131 0.242642 0.969747 0.026756 -0.969654 0.243285 -0.024158 0.029936 0.020083 -0.999350
-28.586637 -159.670922 -29.570598 -6303.163493 0.981358 -0.078358 -0.175488 0.121781 -0.452858 0.883227 0.148679 0.888133 0.434873
-8.955328 -71.997180 -113.268500 -2765.468204 0.970648 -0.234213 -0.054648 -0.025346 -0.325577 0.945176 0.239165 0.916048 0.321957
-8.481954 -108.965806 -164.327977 -4911.715411 0.977083 -0.206909 0.049982 -0.104848 -0.263474 0.958952 0.185247 0.942216 0.279130
-12.119292 -121.815989 -347.443324 -5318.476358 0.961565 -0.161511 0.222052 -0.272491 -0.461797 0.844093 0.033787 0.872157 0.488058
-14.392070 -255.725738 -200.415632 -12861.758895 0.994120 0.096774 0.048587 0.055543 -0.840874 0.538374 -0.092956 0.532509 0.841304
-7.072912 -9.830350 53.761713 110.822380 -0.190573 0.981207 0.030258 -0.203168 -0.009267 -0.979100 0.960419 0.192737 -0.201116
-6.109428 -9.077298 -42.309683 94.404962 -0.326414 0.914860 -0.237667 -0.135469 -0.294121 -0.946119 0.935469 0.276630 -0.219940
-5.524346 -7.768863 -29.738269 57.399431 -0.426090 0.724686 -0.541551 -0.101247 -0.633048 -0.767463 0.898997 0.272178 -0.343108
-8.972689 -10.720491 111.041749 -52.867763 -0.173934 0.984714 -0.009240 0.544888 0.088422 -0.833834 0.820271 0.150066 0.551939
-9.498979 -10.066773 83.047422 90.199750 -0.453474 0.723437 0.520576 0.410631 0.687984 -0.598382 0.791040 0.057586 0.609048
-7.071391 -11.017651 -164.099219 -87.151696 0.020131 0.991974 0.124826 0.565308 0.091684 -0.819769 0.824634 -0.087068 0.558926
-8.711168 -9.613190 22.491499 -5.799215 0.931409 0.189510 0.310746 -0.315322 -0.006295 0.948964 -0.181794 0.981859 -0.053893
-8.844623 -9.767850 19.162676 22.376419 0.948258 0.313319 -0.051363 0.050642 0.010446 0.998662 -0.313436 0.949591 0.005961
-8.114364 -9.400402 -8.121545 19.703276 0.949088 0.228465 0.216876 -0.182026 -0.164148 0.969496 -0.257096 0.959614 0.114204
-4.003168 -7.796271 -138.537548 27.229209 0.093021 0.900121 -0.425594 -0.546621 -0.311101 -0.777445 0.832197 -0.304957 -0.463086
-3.579107 -7.290741 -138.109810 76.783933 0.160452 0.937056 -0.310131 -0.639771 -0.140531 -0.755608 0.751630 -0.319652 -0.576953
-4.757514 -8.279473 40.771409 63.945671 -0.097320 0.877955 -0.468747 -0.573398 -0.434422 -0.694617 0.813476 -0.201178 -0.545695
1.923514 -9.084029 94.083795 -184.146884 0.429063 0.512462 0.743833 0.748406 0.259396 -0.610411 -0.505760 0.818594 -0.272233
1.440387 -6.389471 64.722005 -100.577334 0.431127 0.524975 0.733847 0.675757 0.351076 -0.648150 -0.597898 0.775337 -0.203397
2.704459 -8.090549 98.336153 -190.072648 0.447831 0.548973 0.705745 0.699503 0.276519 -0.658964 -0.556905 0.788775 -0.260174
2.859265 -6.183468 101.963366 -105.774538 0.475939 0.569408 0.670266 0.646024 0.290790 -0.705758 -0.596771 0.768906 -0.229452
1.846510 -5.064758 69.010830 -61.330703 0.472458 0.570739 0.671596 0.614320 0.333144 -0.715280 -0.631976 0.750515 -0.193220
0.805290 -4.810306 20.813160 -54.152954 0.409324 0.526322 0.745278 0.628306 0.429694 -0.648533 -0.661579 0.733722 -0.154807
0.830824 -7.922243 40.739197 -14.074739 0.072361 0.997009 0.027161 0.464529 -0.057788 0.883670 -0.882597 0.051326 0.467321
1.694423 -7.718423 83.040864 84.327035 0.040440 0.999156 -0.007192 0.427197 -0.010783 0.904094 -0.903254 0.039634 0.427273
0.723869 -7.894030 22.896001 41.673121 0.058702 0.998198 0.012419 0.392480 -0.034516 0.919113 -0.917885 0.049079 0.393799
0.401819 -8.283820 14.277056 -8.415634 0.084890 0.995702 0.037024 0.443582 -0.071039 0.893414 -0.892204 0.059419 0.447706
0.355230 -8.060164 22.386509 -48.890866 0.093202 0.994658 0.044367 0.532628 -0.087458 0.841818 -0.841202 0.054828 0.537934
-0.038870 -9.134639 -5.636554 10.469837 0.177573 0.974023 0.140522 0.942088 -0.209528 0.261855 -0.284496 -0.085886 0.954822
-0.092665 -9.283262 -35.384890 13.930664 0.156933 0.974964 0.157536 0.957520 -0.189278 0.217553 -0.241925 -0.116702 0.963251
0.109283 -8.754713 -4.699612 -4.242563 0.185729 0.972954 0.137352 0.966771 -0.205933 0.151477 -0.175665 -0.104655 0.978871
0.377968 -9.043452 18.809404 9.482589 -0.163158 -0.976110 -0.143488 0.983078 -0.173124 0.059874 -0.083285 -0.131291 0.987839
0.151261 -8.773659 1.651739 17.273801 -0.198526 -0.970488 -0.136900 0.978582 -0.204035 0.027317 -0.054443 -0.128544 0.990208
-1.067089 -11.898288 16.472993 340.255309 0.272650 0.962022 -0.013224 0.804360 -0.235465 -0.545491 0.527889 -0.138091 0.838012
-0.547058 -9.148661 13.154576 238.291056 0.317690 0.946446 -0.057550 0.757429 -0.289820 -0.585069 0.570416 -0.142281 0.808939
-0.585847 -15.771897 -19.739466 -57.687728 0.077166 0.960503 -0.267356 0.990322 -0.104868 -0.090916 -0.115362 -0.257753 -0.959299
-0.773287 -15.656075 -4.567284 -142.639098 0.112649 0.961919 -0.249044 0.993634 -0.109351 0.027081 -0.001184 -0.250509 -0.968114
-0.483223 -18.124958 -8.597577 -232.978033 0.139917 0.957268 -0.253104 0.983576 -0.104932 0.146858 0.114023 -0.269495 -0.956228
-1.379711 -14.337428 41.133121 44.445244 0.352285 0.934092 -0.058028 -0.144387 0.115506 0.982757 -0.924688 0.337832 -0.175561
-0.453000 -14.999740 29.325359 33.180712 0.356658 0.932512 -0.056711 -0.152388 0.117959 0.981256 -0.921723 0.341330 -0.184175
-0.204166 -15.248625 20.871343 37.627593 0.352901 0.934900 -0.037719 -0.368740 0.176014 0.912716 -0.859937 0.308190 -0.406851
1.542947 -6.782194 51.654712 47.172296 0.264799 0.954493 0.137201 0.523258 -0.022714 -0.851871 0.809989 -0.297366 0.505461
-0.532243 -9.760974 36.458803 26.422430 0.082787 0.996563 -0.002902 0.248270 -0.017804 0.968527 -0.965147 0.080902 0.248891
-0.399404 -9.222593 27.414538 -9.604191 0.089650 0.995023 0.043490 0.394222 -0.075551 0.915905 -0.914632 0.064966 0.399033
-0.058035 -9.115448 27.632445 1.635106 0.080050 0.996553 0.021789 0.308487 -0.045554 0.950137 -0.947854 0.069337 0.311070
0.007617 -9.143940 28.847195 23.530639 0.078343 0.996448 -0.030894 0.164124 0.017675 0.986281 -0.983324 0.082338 0.162157
0.153329 -8.937685 16.936209 -3.545073 0.082056 0.996420 0.020360 0.305118 -0.044564 0.951271 -0.948773 0.071845 0.307682
-0.689574 -9.003722 -0.138138 -70.813909 0.208781 0.970202 0.122955 -0.169044 0.159635 -0.972595 0.963242 -0.182274 -0.197335
-0.812947 -9.052377 24.646624 -41.241955 0.165852 0.978008 0.126465 -0.300144 0.172219 -0.938219 0.939365 -0.117648 -0.322106
-0.359543 -8.295616 12.137454 -47.786832 0.199035 0.958332 0.204904 -0.121842 0.231664 -0.965135 0.972389 -0.167130 -0.162874
0.125047 -7.956955 13.501573 -25.157013 0.213730 0.949866 0.228196 0.002608 0.233038 -0.972464 0.976889 -0.208440 -0.047330
-0.353689 -8.386583 3.738678 -55.242756 0.213249 0.963248 0.163336 -0.055002 0.178753 -0.982355 0.975448 -0.200503 -0.091099
0.434314 -35.098063 -14.200618 216.974612 -0.382866 0.918047 0.102968 -0.875625 -0.325113 -0.357187 0.294438 0.226916 -0.928340
0.731220 -40.400082 3.057274 678.371509 -0.381476 0.917934 0.108967 -0.811446 -0.276073 -0.515110 0.442754 0.284923 -0.850169
-0.924314 -26.699829 -16.415205 435.066707 -0.351158 0.868388 0.350129 0.873788 0.438294 -0.210698 0.336427 -0.231950 0.912697
-4.269139 -10.636138 2.049414 -118.328303 0.160166 0.913776 0.373309 0.963041 -0.061685 -0.262196 -0.216561 0.401507 -0.889884
-4.063418 -9.682448 5.334595 -92.284450 0.187919 0.933070 0.306703 0.938829 -0.078889 -0.335225 -0.288593 0.350937 -0.890818
-3.846907 -8.441352 13.339892 -106.527447 0.127980 0.906993 0.401229 0.913328 0.049913 -0.404155 -0.386592 0.418178 -0.821994
-4.005693 -9.179661 -5.383796 -120.379752 0.079312 0.884532 0.459688 0.939141 0.088322 -0.331984 -0.334251 0.458042 -0.823696
0.669247 -39.246058 3.347336 -628.340081 -0.408803 0.904750 0.119612 0.883660 0.359659 0.299650 0.228089 0.228194 -0.946521
0.797044 -46.673748 30.621152 498.679793 -0.375390 0.910831 0.171664 -0.747843 -0.188231 -0.636632 0.547552 0.367363 -0.751819
-0.406534 -4.722753 3.063796 54.082919 -0.155863 0.914364 -0.373692 -0.592382 -0.389260 -0.705379 0.790437 -0.111426 -0.602324
-0.345092 -5.360983 23.417326 27.293775 -0.185873 0.904416 -0.384035 -0.512285 -0.422721 -0.747577 0.838460 -0.057781 -0.541891
-0.486591 -5.224198 2.680024 47.440812 -0.170064 0.902484 -0.395728 -0.528261 -0.422494 -0.736505 0.831876 -0.083795 -0.548598
-0.206959 -4.989024 20.329205 32.665141 -0.152461 0.925397 -0.346980 -0.579602 -0.368092 -0.727028 0.800511 -0.090266 -0.592482
-0.324286 -4.520495 -11.924356 63.245220 -0.139738 0.915742 -0.376682 -0.597810 -0.381283 -0.705157 0.789365 -0.126647 -0.600719
-0.297714 -3.863274 -14.830158 46.121933 -0.101389 0.937399 -0.333171 -0.655091 -0.314949 -0.686777 0.748717 -0.148626 -0.646014
-0.375550 -4.205928 -1.467720 39.756652 -0.108340 0.939661 -0.324500 -0.652864 -0.313415 -0.689593 0.749687 -0.137144 -0.647426
3.046224 -7.386746 -61.033336 4.396813 0.075615 0.996657 -0.030953 -0.849987 0.080655 0.520593 -0.521349 0.013055 -0.853244
2.076642 -7.575526 -147.832578 -4.841607 0.024015 0.995348 -0.093306 -0.879814 0.065362 0.470802 -0.474711 -0.070785 -0.877291
3.004763 -7.427898 -63.069961 -2.585671 0.051209 0.998428 -0.022771 -0.914726 0.056043 0.400168 -0.400816 -0.000337 -0.916159
4.360610 0.310554 322.571351 -5.226674 0.241999 0.105766 0.964495 -0.050076 0.994078 -0.096446 -0.968983 -0.024958 0.245862
3.396452 -18.990552 -24.602855 -76.561144 -0.166942 0.985221 0.038339 -0.978519 -0.170326 0.116142 -0.120956 0.018127 -0.992492
-2.011338 -66.112989 108.016128 -2927.579531 0.809885 -0.008135 -0.586532 -0.536331 0.394679 -0.746042 -0.237561 -0.918783 -0.315282
-3.463869 -37.946845 132.110059 -111.888025 0.795629 -0.008415 -0.605726 -0.384950 0.765039 -0.516265 -0.467748 -0.643929 -0.605447
-5.173107 -5.857544 67.711045 -103.281851 0.942807 -0.064530 0.327034 0.050651 0.997424 0.050789 -0.329469 -0.031320 0.943647
-3.997029 -5.094087 -146.324324 124.893391 0.387280 0.873846 0.293950 0.837841 -0.466632 0.283332 -0.384755 -0.136555 0.912862
-2.471283 -4.065466 -98.661735 110.933257 0.110968 0.964063 0.241388 0.933875 -0.184234 0.306490 -0.339948 -0.191416 0.920758
64.532712 -14.021644 -3041.998910 -159.312280 0.521860 -0.309286 -0.794987 0.506389 0.862300 -0.003060 0.686463 -0.400976 0.606619
37.515676 -12.905946 -2038.092989 -64.057472 0.657235 -0.558957 -0.505577 0.574298 0.805823 -0.144333 0.488081 -0.195491 0.850623
31.866873 -10.791731 -1775.965528 162.058586 0.642576 -0.397215 -0.655222 0.348738 0.913043 -0.211507 0.682260 -0.092592 0.725223
-1.845999 -7.771039 -49.383158 -70.661119 -0.447079 -0.357917 0.819766 0.622922 0.533124 0.572492 -0.641942 0.766599 -0.015394
-1.540598 -6.610904 -41.028611 5.834388 -0.461072 -0.354917 0.813294 0.568895 0.585162 0.577879 -0.681008 0.729122 -0.067892
-0.865619 -6.287273 -48.413773 9.527288 -0.465484 -0.328705 0.821753 0.552249 0.617684 0.559900 -0.691626 0.714436 -0.105995
-0.019478 -7.024306 22.493388 -40.812447 -0.349523 0.936659 -0.022457 0.762892 0.298431 0.573528 -0.543902 -0.183329 0.818878
-0.156011 -6.927786 22.956572 -47.075396 -0.339095 0.940682 -0.011487 0.762799 0.282077 0.581868 -0.550593 -0.188546 0.813202
-0.083068 -6.908334 10.374028 -17.667205 -0.354841 0.934641 -0.023124 0.828986 0.325972 0.454450 -0.432285 -0.142088 0.890472
-0.042264 -6.802415 -3.268566 -37.468723 -0.343417 0.939178 0.003194 0.778777 0.282861 0.559907 -0.524949 -0.194769 0.828549
-0.275702 -7.415480 7.607867 9.889893 -0.368227 0.929252 -0.030005 0.879896 0.358731 0.311602 -0.300320 -0.088339 0.949739
-0.182282 -7.178710 -0.748011 42.864578 -0.367484 0.929839 -0.018858 0.885570 0.356039 0.298331 -0.284114 -0.092932 0.954276
-0.148085 -6.810232 -14.348258 10.703878 -0.348696 0.937056 0.018375 0.858944 0.311662 0.406302 -0.375001 -0.157459 0.913554
-0.104089 -7.614694 15.145099 18.652829 -0.345842 0.937876 -0.027958 0.715211 0.282787 0.639144 -0.607344 -0.201047 0.768579
-0.143808 -8.238982 7.747279 50.513219 -0.377582 0.924096 -0.058977 0.611531 0.296681 0.733491 -0.695314 -0.240886 0.677135
-0.051331 -7.925651 -1.219038 55.825171 -0.373430 0.926336 -0.049520 0.609675 0.285309 0.739523 -0.699175 -0.245969 0.671307
0.068253 -7.181264 -4.448440 29.343159 -0.347118 0.937708 -0.014580 0.661659 0.255890 0.704789 -0.664618 -0.234998 0.709267
-0.282165 -12.050859 -130.337626 296.819106 0.541482 0.816792 -0.199117 -0.586341 0.197169 -0.785703 0.602496 -0.542195 -0.585682
-1.532482 -9.187465 -119.572999 219.004713 0.553239 0.819044 -0.151963 -0.657316 0.317159 -0.683627 0.511724 -0.478097 -0.713836
0.690262 -16.735525 -106.407483 390.804770 0.524987 0.821719 -0.221737 -0.467518 0.060716 -0.881896 0.711208 -0.566650 -0.416043
1.315229 -11.733444 -47.337331 240.104401 0.485958 0.854853 -0.181856 -0.581932 0.161243 -0.797092 0.652073 -0.493181 -0.575823
0.142265 -8.773981 -85.438932 172.281470 0.529618 0.831183 -0.169233 -0.651324 0.270683 -0.708878 0.543399 -0.485660 -0.684728
2.228906 -48.106429 -78.490371 436.766903 0.123580 0.991726 0.034747 0.158266 0.014870 -0.987285 0.979633 -0.127508 0.155119
-0.305039 -11.473209 5.340550 69.413912 -0.138257 0.985561 -0.097749 -0.597415 -0.161710 -0.785458 0.789924 0.050198 -0.611146
-0.130752 -12.034231 3.841356 50.693690 -0.121844 0.989926 -0.072115 -0.463762 -0.121018 -0.877656 0.877541 0.073493 -0.473835
-0.112408 -13.302118 -24.141582 -112.742885 0.219657 0.955857 -0.195163 -0.654380 -0.004012 -0.756155 0.723559 -0.293806 -0.624612
-0.454377 -10.038876 -41.399373 37.997605 0.243907 0.955844 -0.163925 -0.581359 0.008818 -0.813599 0.776228 -0.293742 -0.557840
-0.253475 -13.477449 -25.897396 166.855897 0.279614 0.953758 -0.110282 -0.510899 0.050554 -0.858153 0.812895 -0.296294 -0.501409
0.022030 -12.954578 2.660309 -62.186763 0.217850 0.960545 -0.172899 -0.638949 0.006452 -0.769222 0.737757 -0.278049 -0.615145
2.635954 -3.740745 -49.042666 65.871649 -0.225740 0.928067 -0.296196 0.284133 -0.228102 -0.931256 0.931831 0.294381 0.212203
2.994818 -2.721294 -31.808112 35.129053 -0.090422 0.875169 -0.475292 0.298482 -0.431493 -0.851306 0.950122 0.218843 0.222206
3.077521 -2.629891 38.536402 17.639855 -0.077078 0.858771 -0.506528 0.350983 -0.452148 -0.819984 0.933204 0.240986 0.266563
2.280118 -3.162153 72.250401 30.335689 -0.135730 0.882572 -0.450161 0.401413 -0.366413 -0.839410 0.905784 0.294634 0.304543
-25.328452 -46.884758 -757.271249 -193.280595 -0.150533 -0.467346 0.871164 0.912024 -0.405716 -0.060057 0.381513 0.785482 0.487305
-24.237086 -108.886123 787.797872 4377.238929 0.639594 -0.164198 -0.750972 -0.381554 0.780274 -0.495569 0.667335 0.603499 0.436408
-92.977092 -176.255096 -3230.300982 7263.039599 -0.378954 0.790540 0.481083 0.362439 0.605113 -0.708855 0.851488 0.094260 0.515833
2.628605 -0.830822 50.805319 -36.139420 0.244636 0.960201 0.134784 -0.000692 -0.138835 0.990315 -0.969615 0.242360 0.033299
1.795614 -1.008078 58.765364 -9.172072 0.286280 0.945510 0.155094 0.014013 -0.165983 0.986029 -0.958044 0.280107 0.060767
1.834360 -1.199456 70.363785 -2.425330 0.290618 0.952516 0.090852 0.048985 -0.109636 0.992764 -0.955585 0.284064 0.078521
-6.194136 -56.221352 -35.735094 2754.358090 -0.735377 0.468263 -0.489847 0.355274 0.881953 0.309741 0.577062 0.053747 -0.814930
-0.534644 -1.842909 -27.602104 -20.416589 -0.090679 0.665834 -0.740569 -0.314848 0.686324 0.655614 0.944801 0.292617 0.147401
0.102217 -2.354075 -35.977317 19.202873 -0.089442 0.686776 -0.721346 0.311724 -0.668560 -0.675171 0.945954 0.285249 0.154287
0.099135 -1.854817 -44.261252 -39.226164 -0.031211 0.560246 -0.827738 -0.269458 0.792763 0.546734 0.962506 0.240105 0.126220
2.735638 -3.332541 -49.962676 -21.424095 0.184319 0.977281 -0.104630 0.293073 -0.156260 -0.943234 0.938155 -0.143192 0.315216
2.955160 -3.147900 -52.024916 10.506406 0.222500 0.950060 -0.218814 0.301588 -0.280504 -0.911242 0.927113 -0.136760 0.348939
3.001412 -2.634949 -20.577183 -4.267256 0.167160 0.957295 -0.235890 0.296056 -0.276952 -0.914138 0.940430 -0.082971 0.329708
2.814973 -2.944719 -14.825598 -38.632273 0.129764 0.986377 -0.101106 0.282252 -0.134495 -0.949866 0.950524 -0.094721 0.295860
-3.890511 -13.911413 -116.414931 -480.519936 0.944814 -0.304259 0.121458 -0.180713 -0.174798 0.967878 0.273255 0.936414 0.220136
-9.654683 -18.352065 -125.515488 -873.258492 0.908461 -0.189573 -0.372506 0.320544 -0.255957 0.911996 0.268236 0.947918 0.171761
1.490545 -31.147934 -66.786357 -361.621212 -0.834217 0.503168 -0.225619 0.345657 0.795931 0.497006 0.429655 0.336624 -0.837903
