15147
30283
-4.853454 -6.921660 47.049170 -90.253474 -0.155466 0.474666 0.866327 0.216746 0.872010 -0.438884 -0.963769 0.119541 -0.238450
-6.609466 -8.322896 64.338403 95.980775 -0.037006 0.764557 0.643493 -0.375790 -0.607317 0.699963 -0.925966 0.215915 -0.309787
-6.275096 -8.376148 -25.187007 199.070169 0.031197 0.966055 0.256444 -0.305056 -0.235125 0.922853 -0.951823 0.107020 -0.287366
-4.893603 -7.039257 6.524944 -66.363880 -0.126440 0.369115 0.920743 0.262777 0.907496 -0.327719 -0.956536 0.200513 -0.211738
-4.685645 -6.062907 36.084528 -107.250528 -0.153591 0.637789 0.754742 0.150799 0.769987 -0.619984 -0.976560 0.018590 -0.214441
-3.585134 -5.835897 -11.443334 -67.095075 -0.166416 0.271669 0.947893 0.114090 0.960147 -0.255150 -0.979433 0.065684 -0.190778
8.744770 -13.987833 0.616546 13.677338 -0.196362 0.937139 -0.288466 0.937416 0.265700 0.225068 -0.287566 0.226217 0.930662
8.079631 -14.016400 46.852805 -96.499816 -0.148826 0.897576 -0.414980 0.843254 0.334388 0.420842 -0.516502 0.287301 0.806650
7.320873 -13.825626 -74.878427 48.065015 0.135234 -0.877126 0.460827 0.945857 0.252794 0.203591 -0.295069 0.408344 0.863822
8.526288 -12.925100 -60.630519 131.071614 0.179454 -0.919486 0.349773 0.980832 0.194671 0.008527 -0.075931 0.341538 0.936796
-4.052513 -26.358680 -89.592272 1193.412066 -0.230331 0.604202 0.762816 -0.154336 0.751289 -0.641674 -0.960796 -0.265527 -0.079795
-2.383743 -5.022827 -244.711361 160.114423 -0.142272 0.180444 0.973241 -0.283604 0.934589 -0.214736 -0.948329 -0.306566 -0.081791
2.307129 -7.632309 109.656372 267.462579 -0.063169 0.240516 0.968588 -0.277556 0.928004 -0.248539 -0.958630 -0.284538 0.008136
-1.066216 -5.468519 -1.522882 -52.617160 -0.193025 -0.716443 -0.670411 0.877058 -0.432309 0.209469 -0.439897 -0.547557 0.711809
-0.789870 -6.394947 -34.909194 -41.696923 -0.103517 -0.767548 -0.632577 0.942821 -0.278304 0.183398 -0.316815 -0.577422 0.752470
-1.126785 -6.695140 25.634602 -25.712840 -0.170455 -0.728602 -0.663389 0.929233 -0.342843 0.137782 -0.327827 -0.592957 0.735480
-1.506900 -5.801249 43.216948 -51.954487 -0.267237 -0.671151 -0.691478 0.851323 -0.500631 0.156901 -0.451479 -0.546741 0.705153
-1.470208 -4.267532 -19.259113 -80.046819 0.290599 0.663570 0.689367 0.796620 -0.566882 0.209858 -0.530046 -0.488179 0.693349
1.107225 -11.041934 -25.695565 -96.179718 -0.547100 -0.745756 0.380170 0.642933 -0.083546 0.761352 -0.536022 0.660960 0.525179
0.355895 -11.304819 15.042076 23.307150 -0.513397 -0.777661 0.362859 0.776264 -0.240590 0.582692 -0.365837 0.580827 0.727189
1.173088 -11.246652 26.434542 -120.426784 -0.455903 -0.795842 0.398482 0.696517 -0.040296 0.716408 -0.554090 0.604162 0.572688
-0.919238 -8.364852 -7.702789 73.664438 -0.207742 0.937162 0.280303 0.294983 -0.213195 0.931414 -0.932646 -0.276178 0.232157
-1.082776 -8.548324 -4.418341 79.606575 -0.186402 0.941799 0.279765 0.254733 -0.228689 0.939581 -0.948876 -0.246405 0.197280
-0.989568 -8.556108 -7.534613 64.475231 -0.201393 0.942344 0.267261 0.155564 -0.238618 0.958573 -0.967078 -0.234626 0.098539
-0.825435 -8.862372 -19.826473 86.331822 -0.230094 0.932952 0.276870 0.212839 -0.229372 0.949783 -0.949609 -0.277468 0.145791
0.681821 -9.699170 -12.107467 -242.654793 -0.326506 0.921951 0.208329 0.715375 0.096985 0.691977 -0.617764 -0.374968 0.691207
0.628600 -12.272548 -27.945407 -232.844444 -0.312858 0.924514 0.217703 0.802468 0.134674 0.581298 -0.508099 -0.356564 0.784027
0.674650 -12.814086 11.780904 -197.246992 -0.292434 0.933754 0.206364 0.844484 0.150906 0.513881 -0.448696 -0.324548 0.832671
0.693391 -11.302237 21.827140 -176.500748 -0.299658 0.932144 0.203258 0.794578 0.125918 0.593962 -0.528064 -0.339489 0.778393
0.841215 -6.401375 -21.076021 -213.932429 -0.328227 0.915051 0.234412 0.629474 0.026857 0.776557 -0.704294 -0.402444 0.584816
0.850394 -6.574960 -35.125458 -195.790094 -0.308338 0.921287 0.236977 0.633785 0.013180 0.773397 -0.709397 -0.388660 0.587962
0.680804 -8.465118 10.483661 -209.725156 -0.339653 0.921141 0.190090 0.671526 0.095989 0.734738 -0.658551 -0.377206 0.651173
2.098307 -14.762863 27.664427 -33.470613 -0.366866 0.920524 0.134334 -0.723882 -0.191783 -0.662732 0.584298 0.340375 -0.736709
1.098942 -14.295012 37.054797 -59.684689 -0.360014 0.910089 0.205248 -0.689567 -0.111393 -0.715604 0.628400 0.399160 -0.667671
1.951931 -14.662751 21.672711 67.307498 -0.359527 0.915716 0.179458 -0.834329 -0.229329 -0.501302 0.417895 0.329958 -0.846458
1.201930 -14.461556 37.426348 44.423160 -0.341359 0.910040 0.235163 -0.836978 -0.180452 -0.516628 0.427716 0.373182 -0.823282
1.801021 -13.872567 42.562024 -124.579541 -0.351404 0.905685 0.237171 0.909058 0.269494 0.317784 0.223895 0.327273 -0.918021
-0.664273 -7.636049 13.208733 -227.654373 -0.365846 0.922434 0.123579 0.924311 0.344625 0.163960 0.108654 0.174209 -0.978696
-0.700256 -5.660703 10.565223 -143.709419 -0.398464 0.910848 0.107621 0.915895 0.388935 0.099331 0.048617 0.138150 -0.989217
-0.712089 -6.220060 0.668758 -133.623652 -0.375562 0.919374 0.117072 0.922763 0.359158 0.139690 0.086381 0.160492 -0.983250
-0.623081 -6.262158 -11.705336 -109.347084 -0.322914 0.939100 0.117550 0.939966 0.303735 0.155594 0.110414 0.160737 -0.980802
-0.505227 -8.459999 4.961127 -186.224309 -0.308201 0.939824 0.147452 0.928996 0.263950 0.259416 0.204886 0.216934 -0.954443
181.867369 -3.312269 -6000.681627 -408.421886 0.255758 0.213259 -0.942925 0.948408 -0.244399 0.201970 -0.187379 -0.945933 -0.264764
94.356577 -5.027311 -3368.599856 -168.220345 0.261230 0.009519 -0.965230 0.881723 -0.409305 0.234593 -0.392840 -0.912348 -0.115316
72.100539 -10.982749 -3419.195737 146.637899 0.372502 -0.551352 -0.746494 0.703334 -0.357055 0.614681 -0.605445 -0.754005 0.254781
121.762802 -20.482197 -5293.244627 591.956903 0.425934 -0.635369 -0.644116 0.702101 -0.216906 0.678238 -0.570644 -0.741119 0.353706
207.784159 1.206857 -1117.525482 -181.371775 0.483121 0.322014 -0.814188 0.875549 -0.180744 0.448047 -0.002882 -0.929322 -0.369260
-0.777021 -12.819676 0.105084 -202.555022 -0.095745 0.983161 0.155654 0.987748 0.113199 -0.107423 -0.123234 0.143461 -0.981953
-0.725117 -11.651202 -14.150531 277.173574 -0.108900 0.984778 0.135474 -0.955212 -0.141393 0.259960 -0.275158 0.101097 -0.956069
-0.773442 -10.253243 -1.629199 202.340942 -0.126038 0.979311 0.158315 -0.930933 -0.171899 0.322202 -0.342750 0.106771 -0.933339
-0.551767 -13.788670 -16.570633 -212.761400 -0.087635 0.987644 0.129918 0.993473 0.096213 -0.061278 -0.073020 0.123700 -0.989629
-0.702265 -15.043408 -11.025228 -61.671286 -0.076094 0.986042 0.148091 0.987906 0.054433 0.145184 0.135096 0.157348 -0.978259
-0.504330 -7.375820 6.638036 -46.410807 -0.131416 0.981276 0.140807 -0.524689 -0.189363 0.829966 -0.841089 -0.035191 -0.539750
-0.737255 -7.594721 7.291568 -22.814111 -0.122059 0.979584 0.159737 -0.392875 -0.195481 0.898575 -0.911455 -0.046923 -0.408714
-0.366158 -6.979135 11.469677 -43.805366 -0.072146 0.995137 0.067068 -0.529164 -0.095189 0.843163 -0.845447 -0.025341 -0.533458
0.337204 -6.548738 21.618785 -26.242193 -0.052390 0.997841 0.039601 -0.625325 -0.063698 0.777760 -0.778604 -0.015983 -0.627312
-0.521915 -14.181764 30.653060 -264.786293 0.316382 0.821604 0.474204 -0.698945 -0.136086 0.702109 -0.641388 0.553577 -0.531201
-1.033004 -21.202896 10.033883 -487.333394 0.287069 0.831357 0.475853 -0.533507 -0.273823 0.800244 -0.795589 0.483597 -0.364929
-0.442148 -16.699814 44.659797 -436.159143 0.315154 0.824342 0.470253 -0.631332 -0.187858 0.752416 -0.708589 0.534013 -0.461229
-1.113875 -16.695416 1.393907 -303.653343 0.258153 0.831029 0.492695 -0.608669 -0.256136 0.750944 -0.750253 0.493746 -0.439699
0.779013 -11.275150 79.479155 -206.302039 0.378320 0.818136 0.433045 -0.713058 -0.040743 0.699920 -0.590273 0.573579 -0.567965
-2.997969 -21.183475 129.866306 -54.960385 -0.083357 0.952051 0.294364 0.565797 0.288379 -0.772471 0.820321 -0.102159 0.562706
-3.877508 -21.349226 134.194350 250.807467 -0.078177 0.941082 0.329019 0.235270 0.338123 -0.911219 0.968781 -0.006172 0.247842
-1.516418 -21.163228 80.583133 210.074595 -0.099430 0.940587 0.324669 0.289994 0.339513 -0.894782 0.951849 -0.005184 0.306522
1.329855 -2.431970 1.955690 11.923234 -0.229709 0.948610 0.217655 -0.148017 -0.255083 0.955523 -0.961938 -0.187276 -0.199005
1.412962 -2.759128 -7.324830 29.883563 -0.248930 0.908622 0.335321 -0.163041 -0.380592 0.910257 -0.954700 -0.171919 -0.242883
1.327205 -2.078960 -1.675379 15.785494 -0.211762 0.936549 0.279343 -0.154729 -0.314348 0.936613 -0.964995 -0.155117 -0.211479
1.663041 -58.577048 -72.395492 1013.385894 0.362384 0.811466 0.458476 -0.306087 -0.361013 0.880898 -0.880334 0.459557 -0.117554
0.855219 -68.474836 39.765410 2851.302037 0.360166 0.766833 0.531269 0.208447 -0.621242 0.755386 -0.909302 0.161323 0.383594
1.052714 -49.352552 -72.497327 1385.590607 0.321507 0.830336 0.455166 0.043641 -0.493170 0.868838 -0.945901 0.259473 0.194794
0.584394 -46.453310 -29.927641 44.387796 0.337053 0.822575 0.458003 -0.322381 -0.356224 0.877026 -0.884571 0.443255 -0.145116
0.345210 -3.954224 25.554126 3.259404 -0.132861 0.822945 0.552367 0.429487 -0.454463 0.780388 -0.893246 -0.340917 0.293064
0.024575 -3.745857 6.930722 -10.560790 -0.156089 0.841261 0.517607 0.438135 -0.410687 0.799608 -0.885254 -0.351592 0.304482
0.411380 -3.956657 23.314672 -6.639443 -0.140863 0.837126 0.528562 0.496795 -0.402034 0.769131 -0.856360 -0.370929 0.359248
0.725526 -16.209863 24.351871 -188.587034 -0.106714 0.906666 0.408129 0.656538 0.372517 -0.655888 0.746706 -0.197959 0.635014
0.663160 -13.897752 17.690173 -114.111956 -0.081351 0.915669 0.393615 0.792585 0.298884 -0.531487 0.604311 -0.268737 0.750059
0.171964 -13.892756 -1.980619 -77.830119 -0.104228 0.906828 0.408412 0.796415 0.322065 -0.511857 0.595701 -0.271915 0.755780
0.117327 -12.950658 -4.893361 -19.762841 -0.094172 0.909625 0.404615 0.872792 0.270947 -0.405984 0.478922 -0.314912 0.819429
0.176828 -13.342043 -16.674654 10.060460 -0.103503 0.908263 0.405396 0.910547 0.250538 -0.328840 0.400240 -0.335096 0.852947
-0.412160 -6.830726 -9.671058 25.507288 -0.174575 0.979689 0.098657 -0.954021 -0.143501 -0.263156 0.243654 0.140061 -0.959696
-0.577992 -7.021507 -10.849561 17.476668 -0.150535 0.982562 0.109140 -0.918211 -0.098049 -0.383763 0.366370 0.157984 -0.916959
-0.363550 -7.261448 -11.254199 17.215943 -0.132643 0.986036 0.100687 -0.926344 -0.087194 -0.366448 0.352551 0.141878 -0.924975
-0.884621 -4.583639 -4.550761 -41.787001 -0.008961 -0.931799 -0.362863 0.971521 0.077815 -0.223813 0.236785 -0.354534 0.904565
-0.444238 -4.050542 -10.558608 -39.205727 -0.060132 -0.933008 -0.354796 0.983593 0.005181 -0.180328 0.170085 -0.359819 0.917388
-1.116016 -4.841659 -12.986528 -44.439341 -0.164384 -0.932105 -0.322736 0.952605 -0.065109 -0.297161 0.255972 -0.356288 0.898631
-1.459585 -5.242289 5.095715 -33.935261 0.023229 0.934377 0.355528 0.938810 0.101857 -0.329032 0.343653 -0.341417 0.874836
-0.943051 -4.848763 -4.629969 -33.765755 0.148410 -0.911843 -0.382775 0.948754 0.240482 -0.205022 0.278998 -0.332732 0.900805
2.229533 -129.911277 -0.282879 -5388.693921 -0.153562 0.934356 0.321555 0.706266 0.331374 -0.625603 0.691091 -0.131035 0.710791
1.856583 -59.858628 -42.304811 -2004.950762 -0.177276 0.887808 0.424699 0.883232 0.333880 -0.329280 0.434136 -0.316735 0.843330
3.445094 -126.633121 -73.845943 -5188.072714 -0.138944 0.905658 0.400597 0.767010 0.354296 -0.534949 0.626411 -0.232934 0.743876
1.642255 -56.220098 -61.846532 -1606.017293 -0.128621 0.937656 0.322891 0.396970 0.347052 -0.849688 0.908775 -0.018891 0.416859
-3.098756 -104.463385 70.226191 4191.518761 0.946097 0.149283 0.287427 0.263710 0.160159 -0.951213 0.188034 -0.975738 -0.112159
-4.974045 -93.421029 150.233271 4139.606791 0.946259 0.112214 0.303317 0.287980 0.134446 -0.948152 0.147176 -0.984547 -0.094905
-2.874611 -20.187793 65.429214 779.275181 0.928692 0.112666 0.353324 0.289448 0.375408 -0.880505 0.231844 -0.919986 -0.316028
-1.459856 -15.083276 53.486052 650.225311 0.930945 0.146059 0.334676 0.248901 0.416805 -0.874255 0.267187 -0.897185 -0.351669
2.831494 -90.353233 -1.273701 3787.633737 0.980767 0.122799 0.151712 0.110085 0.293832 -0.949497 0.161176 -0.947936 -0.274662
1.258301 -17.704490 -34.168504 376.004883 0.984721 0.092294 0.147669 0.096104 0.419137 -0.902823 0.145218 -0.903220 -0.403863
1.194575 -61.009963 -29.991909 2321.208397 0.973017 0.100793 0.207555 0.178405 0.241801 -0.953784 0.146322 -0.965077 -0.217294
8.682955 -13.259477 -82.594636 -221.303582 -0.511484 0.854651 0.089190 -0.840534 -0.519185 0.154757 -0.178570 -0.004189 -0.983918
9.863709 -15.384684 111.406407 344.193131 -0.488139 0.872161 -0.032492 0.872693 0.487280 -0.031064 -0.011260 -0.043519 -0.998989
10.123856 -10.464798 6.963798 136.834398 -0.559180 0.817645 0.137019 0.826774 0.562207 0.019194 -0.061340 0.124017 -0.990382
12.207832 -9.679673 -202.184909 -90.568653 -0.549610 0.794448 0.258421 -0.810434 -0.582110 0.065913 -0.202794 0.173207 -0.963781
-2.442060 -5.583702 17.018909 -9.313060 -0.162476 0.857685 0.487829 0.930708 -0.030979 0.364449 0.327695 0.513241 -0.793221
-1.622724 -5.668901 -87.910355 -12.811824 -0.100706 0.894990 0.434569 0.914835 -0.088388 0.394036 0.391069 0.437241 -0.809868
-2.065783 -5.495003 -63.717016 -0.842788 -0.122582 0.886644 0.445910 0.947352 -0.029378 0.318844 0.295801 0.461519 -0.836363
-0.254281 -5.699384 -165.843388 -13.136817 -0.111047 0.914532 0.388972 0.925912 -0.046984 0.374805 0.361047 0.401775 -0.841559
-2.391432 -5.432298 40.442244 1.632027 -0.171269 0.853297 0.492494 0.960517 0.033368 0.276214 0.219259 0.520356 -0.825321
-0.471918 -5.551633 -131.809891 0.380231 -0.146813 0.911175 0.384976 0.954997 0.029159 0.295179 0.257734 0.410987 -0.874450
-1.765412 -5.374638 -21.051227 6.375341 -0.146836 0.880969 0.449813 0.971488 0.042862 0.233183 0.186147 0.471228 -0.862145
-0.414218 -5.584401 -16.230804 -32.839918 0.028450 0.780876 0.624038 -0.816888 0.377958 -0.435707 0.576094 0.497373 -0.648642
-0.503817 -6.019194 6.963086 -42.075399 -0.047389 0.799734 0.598481 -0.840290 0.292027 -0.456764 0.540062 0.524544 -0.658169
-0.698887 -6.374947 -15.835586 34.758171 0.029663 0.777822 0.627784 0.876678 -0.321949 0.357470 0.480163 0.539761 -0.691449
4.620235 -7.216882 -103.327818 5.077865 -0.040818 -0.802453 -0.595318 0.873781 0.260306 -0.410788 0.484603 -0.536945 0.690543
2.809525 -7.397066 -100.085271 -0.903413 0.021645 -0.838564 -0.544374 0.886508 0.267830 -0.377322 0.462208 -0.474424 0.749190
3.789289 -7.260790 96.670787 53.957103 -0.001427 0.832601 0.553871 0.769899 0.354376 -0.530729 0.638164 -0.425667 0.641525
3.448776 -7.480709 -109.960924 -26.666692 -0.004407 -0.823500 -0.567300 0.944399 0.183089 -0.273111 0.328773 -0.536961 0.776905
5.563248 -7.105443 76.304325 38.979619 0.089091 0.771805 0.629587 0.761910 0.354319 -0.542173 0.641527 -0.527991 0.556480
6.246918 -6.742560 -48.958979 13.304634 -0.094871 -0.724052 -0.683190 0.870273 0.272894 -0.410066 0.483347 -0.633465 0.604233
5.968081 -6.466259 -95.296400 -46.528285 -0.016431 -0.752731 -0.658124 0.944258 0.204766 -0.257776 0.328797 -0.625674 0.707407
-0.759970 -8.441390 -11.532501 64.486028 -0.173794 0.944809 0.277727 0.968641 0.113155 0.221201 0.177567 0.307461 -0.934846
-0.633184 -8.854914 -23.711749 36.090143 -0.179121 0.951696 0.249379 0.975154 0.138161 0.173164 0.130344 0.274201 -0.952798
-0.713042 -8.582713 -19.417603 75.669413 -0.191084 0.947332 0.257000 0.977898 0.161091 0.133285 0.084865 0.276789 -0.957176
-0.945673 -8.146473 -0.363261 63.912668 -0.207858 0.931384 0.298863 0.974005 0.168950 0.150897 0.090050 0.322459 -0.942290
-0.874840 -7.855003 -3.841452 26.588075 -0.159473 0.938857 0.305149 0.967505 0.087198 0.237341 0.196221 0.333083 -0.922254
0.461960 -13.197886 31.343129 -61.798496 -0.159518 0.916152 0.367723 -0.891801 -0.293482 0.344324 -0.423373 0.273010 -0.863841
1.076716 -11.820448 12.036242 -51.522037 -0.147795 0.933611 0.326385 -0.911529 -0.256635 0.321332 -0.383761 0.250018 -0.888942
0.790288 -11.332938 25.410295 84.893388 -0.119949 0.935098 0.333472 0.969210 0.183055 -0.164687 -0.215043 0.303450 -0.928264
1.311277 -10.925127 14.334334 -27.208023 -0.116746 0.944205 0.307972 -0.948732 -0.197737 0.246593 -0.293732 0.263394 -0.918883
0.138639 -12.582150 48.052540 104.243532 -0.141122 0.914915 0.378173 0.945823 0.237430 -0.221463 -0.292409 0.326432 -0.898854
0.535054 -10.140191 36.263078 181.959094 -0.100061 0.932396 0.347312 0.993957 0.109508 -0.007627 -0.045145 0.344450 -0.937719
1.252501 -9.864981 8.213041 64.182032 -0.135923 0.945734 0.295148 0.987812 0.152175 -0.032700 -0.075839 0.287106 -0.954892
0.939726 -9.603909 21.974680 116.866608 -0.115070 0.941571 0.316548 0.993294 0.112667 0.025951 -0.011230 0.317412 -0.948221
-0.715732 -10.759079 -11.464420 -12.970517 -0.179168 0.962100 0.205578 -0.895518 -0.072964 -0.439003 0.407365 0.262754 -0.874651
-0.993931 -10.215099 -12.917759 36.181143 -0.185807 0.957358 0.221228 -0.862584 -0.051104 -0.503326 0.470557 0.284349 -0.835297
-0.807186 -10.571473 -18.283746 16.062365 -0.148282 0.965689 0.213209 -0.813580 0.003448 -0.581443 0.562228 0.259680 -0.785153
-1.095805 -10.408014 -8.956507 31.709430 -0.170290 0.956164 0.238227 -0.752033 0.030113 -0.658437 0.636747 0.291280 -0.713939
-0.607952 -11.326509 -11.172299 4.601965 -0.154461 0.965266 0.210723 -0.848152 -0.020156 -0.529369 0.506734 0.260492 -0.821805
-0.874163 -10.568963 -13.863733 25.238932 -0.140803 0.963550 0.227478 -0.733703 0.052713 -0.677422 0.664721 0.262285 -0.699538
-0.718345 -11.496661 -25.034403 38.328932 -0.117899 0.967879 0.222058 -0.716878 0.071783 -0.693494 0.687158 0.240951 -0.685388
2.321913 -5.464251 59.087142 -8.160940 -0.392310 0.495701 0.774837 0.107504 0.861304 -0.496587 -0.913529 -0.111518 -0.391188
1.600419 -5.298399 55.495511 -5.501447 -0.348017 0.583452 0.733804 0.111396 0.802924 -0.585580 -0.930847 -0.122049 -0.344425
3.410033 -5.557570 98.955813 15.387036 -0.375395 0.534153 0.757469 0.038980 0.825613 -0.562889 -0.926045 -0.181780 -0.330752
4.118719 -5.756208 84.846977 17.078406 -0.424304 0.464304 0.777424 0.041239 0.867556 -0.495626 -0.904580 -0.178236 -0.387255
3.440210 -5.558191 72.723140 16.517017 -0.459500 0.364495 0.809940 0.091242 0.926459 -0.365168 -0.883479 -0.093894 -0.458966
2.995520 -5.152809 78.039540 -139.283947 -0.600571 0.020824 0.799300 0.701492 0.493439 0.514225 -0.383698 0.869531 -0.310954
3.120603 -2.997373 76.423430 -40.620080 -0.574175 0.036296 0.817928 0.719047 0.500098 0.482570 -0.391528 0.865208 -0.313242
5.881547 -3.933850 205.578354 -55.160864 -0.614992 0.044532 0.787275 0.696119 0.499655 0.515522 -0.370409 0.865079 -0.338284
-0.828430 -15.640266 -14.528406 187.908512 -0.281347 0.937778 0.203509 0.946983 0.305616 -0.099107 -0.155136 0.164836 -0.974044
-1.038433 -12.986282 -26.584164 131.964352 -0.263794 0.942968 0.203035 0.964082 0.250992 0.086887 0.030971 0.218663 -0.975309
-0.833856 -12.886841 2.572703 105.165333 -0.250731 0.943045 0.218634 0.967035 0.233623 0.101306 0.044459 0.236827 -0.970534
-0.717048 -15.478417 9.444656 178.231531 -0.266900 0.939227 0.215909 0.954003 0.289232 -0.078882 -0.136536 0.184924 -0.973222
0.798892 -10.523087 0.889775 -23.107931 0.159130 -0.860571 -0.483834 0.979425 0.075999 0.186952 -0.124114 -0.503629 0.854958
1.018408 -11.266464 -0.210594 -20.582542 0.121307 -0.865703 -0.485636 0.989811 0.142244 -0.006322 0.074552 -0.479921 0.874138
0.924751 -10.641282 1.484991 -29.310650 0.120347 -0.853581 -0.506870 0.992369 0.117241 0.038184 0.026833 -0.507597 0.861177
0.790775 -19.677801 -28.414690 160.688959 -0.272939 0.844242 0.461259 0.485657 -0.292968 0.823594 -0.830447 -0.448804 0.330050
1.089149 -20.009921 0.169477 89.572996 -0.228595 0.846470 0.480866 0.469600 -0.336802 0.816113 -0.852772 -0.412374 0.320511
0.811247 -19.836327 17.979647 90.670828 -0.208092 0.856735 0.471914 0.650888 -0.238846 0.720623 -0.730098 -0.457119 0.507936
0.437462 -20.384502 33.413879 61.603474 -0.193307 0.846239 0.496500 0.680681 -0.248783 0.689044 -0.706616 -0.471155 0.527927
0.640914 -18.882741 16.401808 138.228779 -0.215051 0.847566 0.485165 0.740210 -0.182604 0.647105 -0.637057 -0.498285 0.588108
0.458962 -19.026449 56.445806 41.118585 -0.163935 0.847247 0.505270 0.835690 -0.152882 0.527494 -0.524164 -0.508724 0.682973
-6.410116 -9.876157 32.707369 -128.312334 -0.360193 0.238724 0.901816 0.791737 0.589487 0.160180 -0.493370 0.771697 -0.401335
-6.749476 -10.883495 -15.466924 -79.656064 -0.370517 0.344377 0.862625 0.862038 0.473303 0.181313 -0.345843 0.810795 -0.472233
-6.520298 -8.905362 -29.306863 -146.400449 -0.410562 0.360727 0.837445 0.752803 0.652327 0.088078 -0.514516 0.666593 -0.539377
-6.023754 -7.421585 -56.134461 -134.560624 0.569340 -0.008576 -0.822057 0.527170 0.771101 0.357063 -0.630827 0.636655 -0.443540
-5.409990 -7.694122 98.884523 -125.151403 -0.453984 -0.010410 0.890949 0.624639 0.709349 0.326573 -0.635394 0.704780 -0.315530
-11.432452 -27.835323 -335.715895 1241.431414 0.865154 -0.181986 0.467323 0.393310 -0.331932 -0.857396 -0.311153 -0.925582 0.215596
4.272033 -29.685465 395.732979 1177.951067 0.660780 -0.504368 -0.555861 0.689462 0.115158 0.715108 -0.296666 -0.855775 0.423837
-15.447083 -25.075940 890.091854 -989.375587 0.900987 -0.323843 -0.288702 -0.390477 -0.315295 -0.864937 -0.189078 -0.892029 0.410530
-11.552813 -146.790298 73.784839 6063.077159 0.710319 0.150259 0.687655 0.635411 -0.557181 -0.534604 -0.302819 -0.816683 0.491253
-5.353906 -30.877508 44.528772 1626.115662 0.771205 0.208932 0.601324 0.616875 -0.478521 -0.624886 -0.157188 -0.852857 0.497923
-5.442021 -14.234099 65.639640 -182.198792 0.080229 0.928251 0.363198 -0.900658 0.223620 -0.372571 0.427058 0.297226 -0.853978
-17.770278 -20.823967 86.443736 -105.549952 0.172935 0.966308 0.190637 -0.894402 0.235127 -0.380474 0.412479 0.104709 -0.904929
-0.738832 -85.627936 -60.765343 2290.866726 -0.499117 -0.660601 -0.560793 -0.418727 0.750460 -0.511349 0.758650 -0.020404 -0.651179
-10.070613 -75.559839 -131.267808 -1422.355183 0.294040 0.826330 0.480333 0.941488 -0.337028 0.003460 0.164745 0.451210 -0.877079
0.048533 -6.199295 -57.054033 -17.828116 0.169631 0.942773 0.287061 -0.177319 0.315726 -0.932135 0.969424 -0.107218 -0.220729
0.802514 -5.872892 -35.252501 -17.900392 0.134379 0.945401 0.296915 -0.163989 0.316718 -0.934236 0.977266 -0.076851 -0.197596
0.408507 -6.300781 -48.695001 0.697172 0.163198 0.934397 0.316653 -0.310691 0.353301 -0.882411 0.936396 -0.045626 -0.347967
0.347595 -5.658562 -40.189982 -38.904668 0.146245 0.952584 0.266825 -0.033832 0.274383 -0.961025 0.988670 -0.131518 -0.072355
-0.191283 -6.082647 -30.008599 -44.214976 0.144141 0.947067 0.286857 -0.072284 0.299187 -0.951453 0.986913 -0.116408 -0.111583
4.531514 -5.798825 92.413685 3.916103 -0.332142 0.877633 0.345604 -0.086648 0.336466 -0.937701 0.939241 0.341396 0.035709
3.886390 -5.637704 78.286819 -4.036148 -0.348959 0.875209 0.335016 0.009288 0.360701 -0.932635 0.937092 0.322340 0.133999
2.773454 -5.549863 119.881110 -0.387239 -0.402503 0.852568 0.333345 -0.060079 0.338757 -0.938954 0.913445 0.397958 0.085129
0.866354 -5.399414 112.735350 -11.996319 -0.442807 0.853155 0.275768 0.026709 0.319980 -0.947048 0.896219 0.411994 0.164476
0.044833 -5.354119 107.478381 5.165549 -0.438693 0.853763 0.280423 -0.092544 0.267473 -0.959111 0.893859 0.446707 0.038328
2.014196 -5.457621 146.145462 3.409255 -0.423155 0.833645 0.354930 -0.168650 0.312415 -0.934855 0.890223 0.455448 -0.008394
3.950995 -5.627434 130.068454 4.701656 -0.373442 0.852650 0.365416 -0.155554 0.330778 -0.930800 0.914518 0.404442 -0.009107
2.779599 1.026031 -54.274419 -80.382724 0.407733 0.875276 -0.260088 0.502236 -0.452859 -0.736667 0.762570 -0.169738 0.624241
2.908591 0.943234 -42.325679 -80.290468 0.307689 0.932896 -0.187168 0.544028 -0.333874 -0.769780 0.780616 -0.135028 0.610251
2.360379 -0.659501 -13.843053 -116.356745 0.149796 0.984632 0.089786 0.606954 -0.019892 -0.794488 0.780492 -0.173507 0.600606
0.916978 -21.756132 -25.484021 261.668061 -0.084425 0.953369 0.289757 -0.197681 0.268990 -0.942638 0.976624 0.136862 -0.165754
0.448474 -34.901500 -60.457588 915.936611 -0.076205 0.936670 0.341821 0.028905 0.344749 -0.938250 0.996673 0.061619 0.053346
0.489070 -38.847895 -58.123250 1153.603625 -0.085573 0.930007 0.357442 -0.005592 0.358304 -0.933588 0.996316 0.081889 0.025460
93.627914 -890.029857 -1576.609352 40243.089161 -0.181814 0.791218 0.583882 0.139136 0.608504 -0.781258 0.973440 0.060804 0.220721
1.369941 -55.034584 -58.171692 1986.438489 -0.090663 0.930449 0.355027 -0.109915 0.344968 -0.932156 0.989797 0.123535 -0.070994
1.355797 -20.728141 -10.711594 236.729905 -0.087513 0.951537 0.294819 -0.227587 0.269029 -0.935857 0.969817 0.148997 -0.193013
-3.152763 -110.344865 -24.562698 4379.041402 0.565966 0.063480 0.821981 0.280793 0.922578 -0.264586 -0.775137 0.380553 0.504323
-3.273325 -64.433591 8.372974 -2280.562962 0.610578 0.140476 0.779398 -0.535106 -0.652331 0.536774 -0.583829 0.744803 0.323130
-1.802785 -65.081341 -144.426159 2518.723657 0.505777 0.193881 0.840595 0.566302 0.660444 -0.493067 -0.650762 0.725413 0.224242
-1.868004 -116.723705 -164.357091 4130.942230 0.474904 0.041191 0.879073 0.119293 0.986671 -0.110679 -0.871915 0.157430 0.463660
-7.832070 -62.219583 236.169281 -2420.400934 -0.528742 0.270064 -0.804672 0.734015 0.621531 -0.273717 0.426207 -0.735368 -0.526860
-4.879630 -36.639342 177.863275 -495.043794 -0.568632 0.269845 -0.777072 0.452916 0.891284 -0.021921 0.686677 -0.364414 -0.629030
-9.858060 -36.763362 293.492807 -541.510919 -0.501919 0.230425 -0.833655 0.479049 0.876575 -0.046133 0.720131 -0.422517 -0.550355
-16.461932 -37.601799 410.289612 -499.565018 -0.386762 0.101019 -0.916630 0.483968 0.868332 -0.108508 0.784978 -0.485587 -0.384728
-15.853338 -61.720695 466.601413 -2230.397075 -0.467512 0.212170 -0.858147 0.756859 0.597635 -0.264570 0.456725 -0.773186 -0.439984
-7.785255 -12.146514 -14.816269 261.523161 0.255621 0.966755 -0.006514 -0.401759 0.112353 0.908827 -0.879345 0.229698 -0.417123
-7.024461 -9.708559 87.709680 73.025736 -0.005813 0.790068 0.612992 -0.504082 -0.531735 0.680558 -0.863636 0.305042 -0.401350
-5.366134 -8.679807 -6.602834 -79.967631 -0.077195 0.578714 0.811869 0.434253 0.752518 -0.495117 -0.897477 0.314336 -0.309398
-0.763459 -3.846203 -28.957446 -22.294673 -0.070582 0.795664 0.601612 0.790024 -0.323626 0.520700 -0.608999 -0.512040 0.605751
-0.297875 -4.199308 -31.709217 -25.251779 -0.101642 0.794300 0.598963 0.770822 -0.317732 0.552159 -0.628890 -0.517817 0.579969
-0.429895 -4.309283 -28.729929 -14.581388 -0.035931 0.771838 0.634803 0.830252 -0.330497 0.448835 -0.556229 -0.543173 0.628945
-0.508327 -11.108464 30.914680 120.187648 -0.474673 -0.792378 0.383174 0.866512 -0.344331 0.361375 -0.154407 0.503560 0.850050
0.073909 -11.583415 20.828301 19.456090 -0.432872 -0.802432 0.410762 0.828746 -0.174956 0.531573 -0.354686 0.570520 0.740746
-0.492063 -10.625065 6.978148 112.376264 -0.538400 -0.762206 0.359398 0.831108 -0.409822 0.375906 -0.139229 0.501086 0.854124
-0.757878 -7.968132 6.547174 -18.915837 -0.203335 0.955995 0.211491 -0.436894 -0.281896 0.854200 -0.876230 -0.081290 -0.474988
-0.753784 -8.779238 -8.423093 0.022273 -0.228014 0.950560 0.210820 -0.302907 -0.275032 0.912472 -0.925341 -0.144198 -0.350642
-0.798516 -8.395520 7.727415 -1.739435 -0.186947 0.960588 0.205721 -0.334613 -0.259156 0.906020 -0.923626 -0.100541 -0.369874
-0.701660 -8.080792 -2.857267 -26.994139 -0.230830 0.951359 0.204044 -0.457928 -0.291252 0.839925 -0.858498 -0.100443 -0.502884
-0.658886 -7.668558 8.777120 -36.154732 -0.169488 0.968117 0.184455 -0.517219 -0.246693 0.819529 -0.838903 -0.043497 -0.542540
-0.601646 -7.898866 5.948220 -58.522526 -0.190889 0.963273 0.188855 -0.571852 -0.265501 0.776205 -0.797839 -0.040172 -0.601531
2.443410 -14.663911 40.096028 -145.060450 -0.375492 0.921796 0.096429 -0.596249 -0.160598 -0.786572 0.709573 0.352847 -0.609923
2.720428 -15.049460 25.700436 31.647270 -0.356238 0.929909 0.091453 -0.782588 -0.243452 -0.572963 0.510539 0.275682 -0.814463
-0.862129 -8.818952 15.609669 -262.641218 -0.320639 0.940078 0.115951 0.939618 0.300221 0.164270 0.119616 0.161621 -0.979577
-0.770538 -6.360151 17.733277 -176.040875 -0.354003 0.929401 0.104384 0.934142 0.345959 0.087701 0.045396 0.128556 -0.990663
-0.777563 -4.100092 -3.732632 -26.061380 -0.359148 0.929296 0.086153 0.933078 0.355615 0.053880 0.019434 0.099738 -0.994824
0.170220 -4.905256 0.335956 -33.821102 -0.046606 0.825442 0.562559 0.603993 0.471847 -0.642303 0.795626 -0.309847 0.520552
0.022238 -4.968235 -6.528167 7.352298 -0.001563 0.859812 0.510608 0.510212 0.439833 -0.739074 0.860047 -0.259363 0.439374
-0.038698 -4.612420 -11.184859 -1.545403 -0.029349 0.830300 0.556544 0.540529 0.481536 -0.689892 0.840813 -0.280581 0.462934
0.263913 -4.338787 5.608299 -39.457606 -0.096846 0.777927 0.620847 0.634272 0.528948 -0.563838 0.767020 -0.339180 0.544644
-0.256493 -3.877341 -20.252588 62.380616 -0.001808 0.852398 0.522891 0.465490 0.463504 -0.753978 0.885051 -0.242037 0.397620
-0.089136 -4.411650 -4.592123 -9.169333 -0.061285 0.803356 0.592337 0.547567 0.523238 -0.652987 0.834515 -0.284326 0.471958
6.649207 -3.857473 356.227272 16.872457 0.499343 0.862053 0.086728 -0.033296 -0.080934 0.996163 -0.865765 0.500315 0.011711
3.219363 -3.369729 243.923080 30.113648 0.502867 0.850913 0.151894 -0.112805 -0.109621 0.987552 -0.856971 0.513742 -0.040862
2.269233 -3.272400 200.876349 -1.953471 0.511722 0.855501 0.079105 -0.040469 -0.067970 0.996866 -0.858197 0.513320 0.000161
-0.616170 -8.630749 -10.751905 144.642319 -0.147396 0.977768 0.149146 -0.905106 -0.194144 0.378273 -0.398819 0.079237 -0.913600
-0.436688 -11.702075 -19.413024 295.215460 -0.105751 0.986648 0.123869 -0.951821 -0.136493 0.274602 -0.287843 0.088862 -0.953546
-0.123542 -7.658138 21.214052 -1.951085 -0.173280 0.918365 0.355781 0.732912 0.361550 -0.576299 0.657886 -0.160895 0.735730
0.122450 -7.430304 20.170948 -1.637341 -0.198500 0.904751 0.376861 0.775423 0.380141 -0.504194 0.599430 -0.192144 0.777022
-0.076783 -7.738004 15.768770 -10.017967 -0.199843 0.903767 0.378507 0.816407 0.367190 -0.445702 0.541795 -0.219945 0.811223
-0.938969 -21.458965 -2.206058 470.925740 0.243404 0.874528 0.419470 0.875984 -0.383885 0.292037 -0.416422 -0.296366 0.859511
-1.084825 -25.405105 0.123854 438.228683 0.255299 0.866350 0.429256 0.708544 -0.469723 0.526618 -0.657867 -0.169701 0.733766
-1.246623 -23.658448 -20.022291 424.009139 0.226196 0.870721 0.436671 0.818590 -0.412896 0.399283 -0.527964 -0.267138 0.806159
-0.925325 -27.921436 33.606780 731.385319 0.287890 0.876339 0.386197 0.824295 -0.432041 0.365894 -0.487501 -0.213003 0.846743
-0.917808 -17.606994 2.024070 236.531385 -0.234341 -0.883961 -0.404595 0.939434 -0.312978 0.139676 -0.250097 -0.347358 0.903766
-0.709672 -18.455225 -30.079144 419.260531 -0.268166 -0.885840 -0.378648 0.929704 -0.340968 0.139255 -0.252464 -0.314687 0.915005
0.152667 -20.423415 18.146022 -220.644445 -0.084409 0.938993 0.333419 0.732626 0.285284 -0.617958 0.675377 -0.192110 0.712011
-0.081759 -18.063989 26.546129 -350.636257 -0.076054 0.945481 0.316672 0.909244 0.196116 -0.367170 0.409257 -0.260007 0.874588
-0.519918 -19.081723 25.779601 -362.076009 -0.079844 0.935922 0.343037 0.836646 0.250004 -0.487362 0.541893 -0.248088 0.802997
1.816042 -4.693967 3.393414 53.117442 -0.179381 0.868097 0.462850 -0.290376 -0.496240 0.818185 -0.939949 -0.012366 -0.341090
1.729714 -3.442967 -10.656021 53.322488 -0.214710 0.858590 0.465535 -0.206287 -0.505765 0.837644 -0.954644 -0.083817 -0.285708
1.743094 -4.187887 -20.834278 51.873711 -0.231722 0.861227 0.452319 -0.256581 -0.502619 0.825554 -0.938334 -0.075242 -0.337443
1.503897 -3.423598 -19.135650 44.312554 -0.252000 0.871382 0.420938 -0.201611 -0.472705 0.857848 -0.946493 -0.131312 -0.294802
1.720809 -4.991958 -21.701800 35.862309 -0.224281 0.869657 0.439767 -0.345263 -0.492902 0.798649 -0.911313 -0.027286 -0.410809
1.554072 -4.345750 -25.474251 42.516448 -0.262744 0.865200 0.427076 -0.280019 -0.491954 0.824361 -0.923339 -0.097006 -0.371531
0.083432 -44.630583 29.669634 1000.707709 0.366753 0.765607 0.528525 -0.056484 -0.548739 0.834084 -0.928602 0.335755 0.158007
0.069372 -55.565564 117.007346 1957.762267 0.383722 0.763990 0.518726 0.512397 -0.643471 0.568677 -0.768249 -0.047580 0.638381
0.303211 -51.169440 33.903856 2135.804543 0.335432 0.801954 0.494324 0.523156 -0.594947 0.610201 -0.783450 -0.053927 0.619111
-0.668283 -39.917915 51.219363 832.027747 0.356242 0.765481 0.535846 0.311160 -0.637924 0.704438 -0.881062 0.084216 0.465443
70.815658 -964.035931 3454.374269 -41467.277168 0.240562 -0.107605 -0.964651 0.955807 -0.146787 0.254730 -0.169009 -0.983298 0.067538
-3.246688 -43.346111 74.233060 -1921.336887 0.187002 -0.694050 -0.695215 0.909096 -0.145910 0.390198 -0.372256 -0.704985 0.603673
14.857284 -8.183470 1039.850610 -163.054102 0.930279 -0.338851 0.140577 -0.122787 -0.648694 -0.751079 -0.345695 -0.681451 0.645073
40.870683 -83.763036 2548.643290 1535.321413 0.685041 -0.676035 -0.271470 -0.650601 -0.400060 -0.645499 -0.327776 -0.618812 0.713887
1.606098 -53.342266 127.911839 -1108.540866 -0.435658 -0.662139 -0.609733 0.847002 -0.072325 -0.526647 0.304615 -0.745883 0.592341
-8.331600 -69.231989 107.646482 2358.031054 -0.566433 -0.577185 -0.588226 0.041276 0.693008 -0.719747 0.823073 -0.431968 -0.368719
-10.782623 -41.269276 -87.674602 1511.950527 0.493685 0.839825 0.225764 -0.650310 0.528877 -0.545331 0.577384 -0.122405 -0.807245
53.407633 -227.741170 1865.001733 -37986.605878 -0.566960 0.812066 0.138225 -0.586963 -0.515993 0.623880 -0.577954 -0.272582 -0.769200
-7.053297 -90.424634 -108.174100 -4203.406768 0.360472 -0.730239 -0.580354 0.704676 -0.194453 0.682364 -0.611140 -0.654935 0.444487
1.597328 -13.261239 26.661265 -48.178498 -0.014707 0.948105 0.317617 0.652808 0.249714 -0.715182 0.757381 -0.196825 0.622603
-0.096007 -12.836233 -17.469797 -19.799518 -0.085639 0.912189 0.400720 0.887179 0.252850 -0.385980 0.453409 -0.322455 0.830929
-0.553840 -7.436041 -14.370672 6.575173 -0.115772 0.986553 0.115368 -0.862960 -0.042389 -0.503491 0.491831 0.157848 -0.856263
-0.532589 -4.197734 -14.880781 -39.350314 -0.223991 -0.924552 -0.308271 0.959268 -0.153281 -0.237296 0.172140 -0.348867 0.921227
2.152172 -12.828856 2.466189 -42.216518 0.950613 0.060500 0.304424 0.217042 0.571557 -0.791338 0.221872 -0.818329 -0.530198
1.873877 -14.120745 32.785469 351.775037 0.960194 0.134064 0.245061 0.150977 0.489047 -0.859092 0.235020 -0.861893 -0.449340
2.544846 -9.804213 17.030498 -122.127335 0.929888 0.062879 0.362428 0.263881 0.572401 -0.776353 0.256270 -0.817559 -0.515677
2.799942 -15.153177 -2.297108 -329.758031 0.918292 0.023582 0.395202 0.267199 0.699675 -0.662616 0.292139 -0.714072 -0.636205
7.163875 -17.778340 63.919860 -272.326804 -0.430222 0.897829 -0.093872 -0.869154 -0.383885 0.311776 -0.243885 -0.215722 -0.945507
10.339451 -19.338227 197.828667 516.285760 -0.409781 0.897537 -0.162812 0.911282 0.394865 -0.116822 -0.040563 -0.196239 -0.979717
13.127891 -16.457751 234.553030 -459.467632 -0.439400 0.880607 -0.177366 -0.885880 -0.457507 -0.076837 0.148809 -0.123363 -0.981141
-2.018575 -5.869946 -82.432577 -26.824975 -0.083356 0.885058 0.457957 0.893059 -0.137557 0.428396 0.442150 0.444692 -0.778943
0.179329 -6.018671 -164.896371 17.198807 -0.091435 0.913381 0.396704 -0.875673 0.115942 -0.468780 0.474169 0.390246 -0.789222
-1.936616 -5.736532 -40.987427 -38.613457 0.063014 0.723994 0.686922 -0.796992 0.450780 -0.401996 0.600693 0.522140 -0.605423
-1.905236 -5.200684 -66.021388 -20.277917 0.066799 0.734756 0.675035 -0.750524 0.482798 -0.451242 0.657459 0.476487 -0.583702
-1.332540 -5.219392 -40.489104 -27.490523 0.048712 0.747271 0.662731 -0.758939 0.459052 -0.461826 0.649338 0.480476 -0.589495
-1.391382 -5.835434 -33.533215 -41.286697 0.079303 0.725488 0.683651 -0.811790 0.445023 -0.378090 0.578540 0.524997 -0.624235
2.349384 -7.351998 45.085646 35.212884 -0.046601 0.831522 0.553534 0.830928 0.339829 -0.440539 0.554425 -0.439418 0.706771
1.751523 -7.645603 -26.144871 -10.457623 0.058657 -0.821224 -0.567584 0.908137 0.279996 -0.311269 0.414543 -0.497186 0.762208
2.019713 -7.778294 -73.018880 -21.600784 0.047736 -0.841381 -0.538329 0.947841 0.208198 -0.241354 0.315149 -0.498729 0.807434
-0.384852 -8.309559 -10.630392 24.231460 -0.157158 0.950749 0.267165 0.952453 0.074415 0.295457 0.261025 0.300895 -0.917239
-0.218498 -7.254632 -14.221001 -66.019462 -0.129468 0.955256 0.265940 -0.889804 0.006434 -0.456298 0.437593 0.295710 -0.849157
-0.081397 -7.677072 -12.914318 -43.391338 -0.147561 0.955895 0.253950 -0.913857 -0.033570 -0.404647 0.378275 0.291783 -0.878505
0.057510 -6.749155 -10.017224 -74.855798 -0.123673 0.956908 0.262740 -0.831981 0.044319 -0.553031 0.540844 0.286990 -0.790648
-0.183699 -8.732316 -4.519526 23.805056 -0.169451 0.950068 0.262023 0.960412 0.099536 0.260194 0.221122 0.295741 -0.929324
-0.095032 -8.666383 -9.426867 -44.060143 -0.166213 0.955763 0.242674 -0.941909 -0.081045 -0.325943 0.291857 0.282752 -0.913713
0.066532 -7.514702 -10.791248 -71.983327 -0.147561 0.957484 0.247890 -0.874333 -0.009119 -0.485240 0.462349 0.288341 -0.838506
0.883783 -12.838218 22.395370 -124.631571 -0.195833 0.911566 0.361520 -0.842005 -0.345277 0.414501 -0.502670 0.223229 -0.835160
1.293612 -11.590526 14.336654 -62.566160 -0.167151 0.933283 0.317874 -0.880024 -0.286599 0.378706 -0.444542 0.216436 -0.869217
-1.264183 -10.398298 -4.268749 33.361012 -0.206548 0.948165 0.241499 -0.817618 -0.031685 -0.574889 0.537437 0.316196 -0.781781
-1.185163 -10.467620 -10.532351 -2.633691 -0.217390 0.949382 0.226748 -0.897676 -0.103234 -0.428393 0.383301 0.296675 -0.874680
-0.893083 -10.522646 -4.923648 -32.116078 -0.205691 0.954053 0.217886 -0.911710 -0.105907 -0.396949 0.355635 0.280298 -0.891604
0.951499 -5.187992 42.742626 -4.154976 -0.310066 0.668638 0.675857 0.092012 0.728661 -0.678665 -0.946252 -0.148244 -0.287456
0.438575 -5.540364 32.581679 -20.823367 -0.315193 0.665597 0.676487 0.201745 0.743521 -0.637554 -0.927336 -0.064474 -0.368633
0.054915 -5.572701 24.187981 17.821992 -0.289035 0.727129 0.622689 -0.202838 -0.682199 0.702468 -0.935583 -0.076733 -0.344669
-0.454492 -6.358576 10.150863 55.382256 -0.288958 0.754507 0.589255 -0.305854 -0.656012 0.690001 -0.907170 -0.019155 -0.420329
-0.242870 -6.221924 26.085594 -54.350958 -0.297402 0.703223 0.645778 0.310898 0.710848 -0.630903 -0.902715 0.013139 -0.430038
0.834782 -0.513836 43.024062 80.582417 0.262635 0.921033 0.287611 -0.451732 -0.146023 0.880122 -0.852620 0.361074 -0.377710
1.525604 -2.052128 70.644406 77.443827 0.272528 0.923617 0.269557 -0.480071 -0.112261 0.870017 -0.833823 0.366510 -0.412807
0.353106 -1.442921 47.315846 73.341318 0.227300 0.906813 0.355000 -0.480973 -0.212438 0.850609 -0.846758 0.364089 -0.387865
-2.653627 -22.248949 12.653128 -73.638548 0.032152 -0.827761 -0.560160 0.985207 0.120636 -0.121718 0.168328 -0.547959 0.819394
-2.992948 -22.716641 18.847862 -110.491805 -0.014163 -0.854770 -0.518813 0.985774 0.074971 -0.150429 0.167478 -0.513563 0.841549
-3.161093 -20.498650 21.448245 -412.491067 -0.000863 -0.850167 -0.526513 0.985045 -0.091440 0.146034 -0.172298 -0.518512 0.837531
-0.583599 -11.794313 -12.837712 -68.917521 -0.193617 0.963289 0.185977 -0.915340 -0.109147 -0.387607 0.353079 0.245279 -0.902870
0.494957 -12.141023 -16.911952 -47.195474 0.226828 -0.879805 -0.417723 0.936725 0.079654 0.340883 -0.266637 -0.468613 0.842203
0.744027 -12.392795 -4.401130 -3.764761 0.170909 -0.874870 -0.453202 0.984029 0.128324 0.123372 -0.049777 -0.467049 0.882829
0.588443 -10.984490 7.172229 -43.559702 0.206841 -0.862506 -0.461845 0.946924 0.057756 0.316225 -0.246072 -0.502741 0.828674
2.074702 -19.350527 -36.528089 -89.439768 -0.273292 0.839223 0.470124 0.198332 -0.429068 0.881229 -0.941263 -0.334073 0.049184
2.062534 -19.785997 -4.801019 -233.401175 -0.217685 0.829826 0.513812 0.234042 -0.466696 0.852889 -0.947543 -0.305915 0.092621
0.173815 -21.859493 27.186331 -85.315926 -0.172879 0.830345 0.529754 0.535935 -0.371956 0.757906 -0.826369 -0.414940 0.380708
