15238
30458
-4.350399 -5.638636 58.097758 -59.933741 0.506258 0.764898 0.398288 0.848497 -0.359258 -0.388570 -0.154128 0.534663 -0.830891
-4.818397 -6.905141 45.668138 -59.721744 0.649314 0.681757 0.337044 0.759969 -0.564770 -0.321686 -0.028959 0.465018 -0.884828
-5.079647 -7.967559 -27.124118 165.672143 0.982029 0.185427 -0.035166 -0.145360 0.861948 0.485711 -0.120376 0.471870 -0.873412
-3.785358 -6.028919 -7.222381 -40.548928 0.372742 0.790568 0.485866 0.926030 -0.283380 -0.249326 -0.059425 0.542861 -0.837718
-3.932419 -5.565593 -25.647370 110.952680 0.907515 0.419416 0.022518 -0.352908 0.732342 0.582350 -0.227757 0.536438 -0.812626
-3.194663 -4.413727 6.427483 -49.314856 0.535354 0.761306 0.365799 0.804777 -0.328316 -0.494513 -0.256378 0.559126 -0.788447
-3.177489 -5.110291 1.097472 -34.952005 0.204344 0.815857 0.540945 0.962907 -0.068048 -0.261111 -0.176219 0.574236 -0.799500
1.953299 -0.680777 -27.572509 -35.576718 0.555419 0.732345 -0.393931 0.199935 0.342218 0.918103 -0.807178 0.588692 -0.043653
2.048687 -0.641013 -222.752081 -87.866866 -0.254323 -0.247914 0.934804 0.504112 0.790905 0.346900 -0.825343 0.559470 -0.076169
-0.123433 -2.795912 -77.977113 115.103126 0.470484 0.723797 -0.504740 0.309978 0.399981 0.862513 -0.826171 0.562257 0.036176
2.579110 -3.348252 -46.945662 71.402457 0.556721 0.755566 -0.345226 0.167286 0.305099 0.937513 -0.813681 0.579685 -0.043459
-3.649246 -7.339172 -7.868057 -48.577901 0.672165 0.737652 0.063746 0.305898 -0.355080 0.883371 -0.674255 0.574272 0.464319
-3.677921 -7.810507 -1.351886 -41.002689 0.709250 0.699897 0.084313 0.380973 -0.481173 0.789514 -0.593148 0.527842 0.607914
-3.861322 -7.214392 2.346401 -39.048569 0.720066 0.693758 0.014289 0.344485 -0.375272 0.860524 -0.602358 0.614712 0.509210
-3.894167 -7.597294 2.681997 -24.250464 0.761195 0.647477 0.036827 0.400864 -0.514387 0.758099 -0.509795 0.562298 0.651099
-3.859411 -7.153177 -3.316129 -30.910675 0.772085 0.635059 -0.024188 0.359481 -0.405028 0.840670 -0.524078 0.657764 0.541007
-3.810196 -6.568237 -2.132560 -27.234287 0.737233 0.674337 -0.041913 0.318666 -0.292346 0.901657 -0.595768 0.678088 0.430416
2.864844 -7.639080 120.811844 90.130696 0.425739 0.651799 0.627618 -0.532333 -0.380461 0.756222 -0.731688 0.656055 -0.184997
9.541221 -8.342415 329.411465 -164.424283 0.259507 0.553612 0.791309 0.535197 0.599606 -0.595009 -0.803878 0.577915 -0.140690
3.346051 -9.516979 144.106884 -31.714286 0.315768 0.621091 0.717312 0.671201 0.388133 -0.631539 -0.670656 0.680880 -0.294317
-0.018844 -9.174333 64.391108 -72.974755 0.896899 -0.442230 0.002094 0.083535 0.174065 0.981185 0.434274 0.879849 -0.193061
0.178806 -9.541414 30.343378 -18.338407 0.913716 -0.406246 -0.009352 0.001042 -0.020673 0.999786 0.406352 0.913530 0.018466
0.869338 -8.794683 39.831745 -87.198128 0.906751 -0.418439 -0.052074 0.135984 0.173284 0.975439 0.399138 0.891561 -0.214026
-0.715743 -9.851815 53.792268 6.122502 0.905634 -0.422853 0.031961 -0.047478 -0.026211 0.998528 0.421393 0.905819 0.043814
0.617115 -7.274901 60.977055 -92.744724 0.887563 -0.455342 -0.069968 0.236973 0.321014 0.916948 0.395065 0.830430 -0.392824
-1.249159 -9.686542 62.635791 -63.021376 0.913245 -0.406616 0.025449 0.047236 0.167719 0.984703 0.404664 0.898072 -0.172375
-0.623981 -8.429465 63.566182 -108.534424 0.904282 -0.426756 -0.012368 0.162336 0.316901 0.934463 0.394868 0.847026 -0.355846
-0.694796 -5.168743 1.778081 27.308416 0.803580 0.592128 0.060370 -0.173077 0.135421 0.975554 -0.569477 0.794384 -0.211305
-0.633805 -5.386373 -0.888318 19.538864 0.804284 0.593453 0.030673 -0.168475 0.178222 0.969460 -0.569862 0.784889 -0.243323
-0.618176 -5.218976 5.543509 32.944997 0.800975 0.595562 0.061188 -0.102012 0.035056 0.994165 -0.589942 0.802544 -0.088834
-0.794367 -6.019818 1.377972 -2.133400 0.806432 0.589667 0.044284 -0.249963 0.272065 0.929247 -0.535898 0.760443 -0.366797
-0.605618 -5.120984 7.551531 41.439173 0.806631 0.585353 0.081900 -0.117426 0.022905 0.992817 -0.579273 0.810455 -0.087211
-0.724576 -5.661743 2.378672 13.107116 0.808731 0.583393 0.074882 -0.240111 0.211238 0.947484 -0.536937 0.784239 -0.310914
-0.593669 -4.986713 6.765084 49.925706 0.809871 0.578207 0.098926 -0.162319 0.058832 0.984983 -0.563704 0.813766 -0.141500
-4.276021 -6.240821 12.801973 55.911286 0.159305 0.855886 0.492018 0.947122 0.008114 -0.320772 -0.278537 0.517101 -0.809335
-4.300389 -5.312013 20.840445 59.525089 0.001570 0.854487 0.519470 0.988296 0.077915 -0.131151 -0.152541 0.513596 -0.844364
-4.334589 -5.760355 -16.153913 46.490442 0.022233 0.894852 0.445808 0.967932 0.092341 -0.233624 -0.250226 0.436706 -0.864103
0.664495 -10.186063 10.040037 175.483045 0.786249 0.611422 -0.089312 0.545650 -0.619185 0.564691 -0.289964 0.492721 0.820456
0.359107 -10.529090 -2.629070 38.571688 0.764026 0.636707 -0.104252 0.464373 -0.430505 0.773966 -0.447909 0.639742 0.624586
0.502186 -11.004961 -6.454494 141.234567 0.765087 0.633645 -0.114612 0.545049 -0.542488 0.639240 -0.342876 0.551544 0.760418
0.813582 -9.953357 12.692686 124.416791 0.786028 0.615035 -0.062392 0.501226 -0.574976 0.646665 -0.361847 0.539569 0.760218
1.065617 -9.598596 8.804453 93.826098 0.807045 0.589843 -0.027631 0.519871 -0.687557 0.506951 -0.280024 0.423497 0.861532
2.216109 -13.745047 5.232297 117.595090 -0.770430 -0.533255 0.349395 -0.056218 0.602741 0.795954 -0.635041 0.593585 -0.494348
1.728936 -10.678031 21.607854 101.144623 0.798923 0.511300 -0.316694 0.079203 0.432536 0.898131 -0.596196 0.742620 -0.305067
2.036553 -11.621859 -1.444769 123.036685 0.767182 0.524006 -0.369933 0.060941 0.514578 0.855275 -0.638529 0.678695 -0.362841
1.846994 -14.770419 36.340581 224.310431 -0.728255 -0.549663 0.409286 -0.020752 0.614644 0.788531 -0.684992 0.565758 -0.459024
2.497767 -16.388787 50.408690 129.909563 -0.720087 -0.568563 0.397757 -0.222190 0.731985 0.644072 -0.657348 0.375411 -0.653422
0.703130 -4.322342 -11.886091 14.909023 0.915726 0.400774 -0.028759 -0.346364 0.751073 -0.562068 0.203662 -0.524661 -0.826591
0.435552 -4.556573 1.030566 -2.766032 0.897836 0.438354 -0.041669 -0.399172 0.770314 -0.497270 0.185882 -0.463101 -0.866594
0.437777 -4.425747 0.914062 14.727715 0.909907 0.413534 -0.032531 -0.363239 0.756457 -0.543903 0.200314 -0.506718 -0.838517
0.313737 -4.716510 -2.397232 26.472779 0.910490 0.410659 -0.048647 -0.352568 0.709400 -0.610285 0.216109 -0.572810 -0.790687
0.640822 -4.609082 -15.164339 20.584313 0.918160 0.394534 -0.036415 -0.328036 0.705412 -0.628320 0.222206 -0.588844 -0.777102
1.516824 -2.768980 70.351552 22.240521 0.596091 0.728915 0.336689 0.802603 -0.529212 -0.275250 -0.022454 0.434301 -0.900488
2.442871 -2.895874 44.493055 27.008016 0.563555 0.779838 0.272505 0.824278 -0.509083 -0.247789 -0.054508 0.364263 -0.929700
1.823680 -1.847380 57.206795 37.210476 0.516745 0.792465 0.323996 0.855998 -0.485121 -0.178677 0.015582 0.369670 -0.929032
-0.825755 -2.272942 8.137248 8.319403 0.881655 0.294037 0.369089 -0.470691 0.603782 0.643348 0.033681 0.740938 -0.670728
-0.857927 -1.474694 18.653123 9.881957 0.355371 0.578069 0.734539 0.934718 -0.222801 -0.276878 0.003601 0.784981 -0.619509
-0.818121 -1.577822 12.058677 31.490536 0.934636 0.197998 0.295385 -0.353152 0.614213 0.705710 0.041700 0.763897 -0.643989
0.867021 -7.014569 -18.411245 95.080310 0.782540 0.556145 -0.279883 -0.600470 0.555376 -0.575320 0.164520 -0.618272 -0.768552
1.347164 -7.227520 -19.339398 105.897658 0.782556 0.558811 -0.274474 -0.598921 0.555330 -0.576977 0.169998 -0.615905 -0.769261
1.276253 -5.822616 -3.910114 53.817878 0.739239 0.599931 -0.305954 -0.662639 0.566932 -0.489385 0.120142 -0.564510 -0.816636
-0.482678 -7.349441 14.886439 11.678377 0.862890 0.500873 0.067430 0.470666 -0.747814 -0.468240 0.184104 -0.435776 0.881025
-0.482452 -7.403140 -0.123138 -0.764441 0.871667 0.482742 0.084602 0.446220 -0.710319 -0.544366 0.202693 -0.512257 0.834571
-0.422348 -7.267134 15.035366 -2.459425 0.871886 0.487418 0.047314 0.418335 -0.691098 -0.589389 0.254580 -0.533673 0.806463
1.643801 -5.094021 -37.513271 -14.826410 -0.963076 -0.243074 0.115754 -0.250246 0.966792 -0.051863 -0.099303 -0.078915 -0.991923
1.046573 -5.208669 -37.316008 -11.517743 -0.952339 -0.288345 0.099537 -0.285258 0.957428 0.044277 -0.108067 0.013773 -0.994048
1.212186 -5.284652 -32.238590 -7.310919 -0.964048 -0.236866 0.120437 -0.226755 0.969609 0.091877 -0.138539 0.061264 -0.988460
0.428189 -5.653637 -21.422160 -12.033630 -0.936478 -0.335643 0.101743 -0.317115 0.934245 0.163170 -0.149820 0.120540 -0.981338
0.486531 -5.535998 22.801639 -9.466639 0.951022 0.287939 -0.112466 -0.259308 0.941144 0.216813 -0.168276 0.177030 -0.969713
-1.049511 -23.149681 -8.268951 -155.916586 0.919266 0.354275 0.171578 -0.219192 0.098648 0.970682 -0.326962 0.929924 -0.168338
-0.975735 -21.541731 -4.893235 127.751073 0.923852 0.351393 0.151721 -0.070741 -0.232809 0.969946 -0.376155 0.906820 0.190224
-1.180873 -23.846809 14.333246 6.657591 0.935969 0.309122 0.168540 -0.158826 -0.056521 0.985687 -0.314224 0.949341 0.003805
-1.276846 -23.832984 22.077362 -217.880487 0.930513 0.315762 0.185578 -0.272695 0.259039 0.926572 -0.244505 0.912794 -0.327146
-1.138784 -28.089474 25.839471 -333.328125 0.939761 0.292819 0.176372 -0.247357 0.226406 0.942101 -0.235933 0.928976 -0.285199
-1.101843 -25.995111 5.218697 203.211834 0.942215 0.293746 0.161075 -0.108801 -0.186434 0.976425 -0.316850 0.937527 0.143701
1.282855 -1.888587 8.450806 8.490308 0.879761 0.456374 -0.133204 -0.279319 0.722906 0.631971 -0.384709 0.518777 -0.763459
1.482707 -2.439692 6.335888 11.202625 0.852432 0.504125 -0.138630 -0.320051 0.712798 0.624089 -0.413434 0.487625 -0.768957
1.448238 -2.387385 2.744307 20.811088 0.839101 0.537461 -0.083942 -0.384908 0.695663 0.606546 -0.384390 0.476643 -0.790604
1.505744 -2.110825 10.008062 4.737288 0.889120 0.408661 -0.206061 -0.191483 0.741093 0.643519 -0.415691 0.532708 -0.737172
1.277596 -1.771001 12.089784 -3.527515 0.910386 0.348809 -0.222553 -0.134997 0.758847 0.637124 -0.391118 0.549985 -0.737931
-0.281094 -16.798597 -18.127338 -77.714478 0.956478 0.224905 0.185924 0.262432 -0.384395 -0.885082 0.127591 -0.895354 0.426687
-0.298687 -15.652540 -8.844067 0.982490 0.953702 0.226543 0.197815 0.296394 -0.596392 -0.745968 0.051018 -0.770062 0.635926
-0.078461 -16.914170 12.783536 -108.451242 0.953242 0.236171 0.188557 0.271497 -0.395187 -0.877563 0.132739 -0.887722 0.440828
17.206082 -248.088450 -935.957102 -19126.960017 -0.623866 -0.057959 -0.779380 0.727929 0.319867 -0.606468 0.284448 -0.945688 -0.157364
-1.517063 -152.902517 76.231253 -4148.382572 -0.808119 -0.035416 -0.587954 0.274144 0.860872 -0.428654 0.521335 -0.507587 -0.685978
-7.730150 -204.428668 -265.946806 -8732.164498 0.710123 -0.150146 0.687882 0.696218 0.004175 -0.717818 -0.104905 -0.988655 -0.107500
11.609063 -169.658173 787.442755 -14185.336762 0.600369 0.084413 0.795255 0.566156 -0.747189 -0.348103 -0.564822 -0.659229 0.496380
0.821360 -12.821782 18.240493 -74.462643 0.873409 0.486963 0.004831 0.064886 -0.126199 0.989881 -0.482645 0.864257 0.141820
1.117499 -12.431503 12.509410 -88.400843 0.855447 0.517862 -0.005428 0.126084 -0.198088 0.972041 -0.502308 0.832214 0.234748
1.328090 -11.532955 14.306777 -53.366581 0.853221 0.521343 -0.014674 0.020158 -0.004850 0.999785 -0.521160 0.853333 0.014647
1.502420 -11.626464 16.334674 -78.123438 0.843158 0.537107 -0.024493 0.101446 -0.114185 0.988266 -0.528009 0.835750 0.150763
1.657053 -11.158107 9.930905 -30.238209 0.833322 0.551593 -0.036334 0.021027 0.034053 0.999199 -0.552389 0.833418 -0.016779
-2.567712 -4.416980 5.672609 -0.019312 0.883703 -0.058962 -0.464320 -0.090559 0.951749 -0.293212 0.459204 0.301160 0.835724
-2.319057 -4.446470 10.495144 -5.910786 0.860956 -0.018608 -0.508339 -0.098359 0.974381 -0.202254 0.499079 0.224131 0.837069
-2.266591 -4.652091 9.929016 8.502285 0.853438 -0.111309 -0.509169 -0.075245 0.940381 -0.331696 0.515734 0.321395 0.794181
-2.397628 -4.658219 4.085275 -0.768792 0.879783 -0.161701 -0.447029 -0.054929 0.899492 -0.433470 0.472192 0.405915 0.782476
-2.232327 -4.753122 7.118150 -4.291679 0.853377 -0.162438 -0.495340 -0.086325 0.893057 -0.441584 0.514097 0.419598 0.748092
-1.141772 -9.000608 11.929445 106.367951 0.824812 -0.242133 -0.510937 0.253258 -0.649724 0.716742 0.505515 0.720576 0.474578
-1.442929 -6.918056 24.451978 90.283758 0.805558 -0.228557 -0.546661 0.183603 -0.780909 0.597052 0.563353 0.581328 0.587104
-0.861630 -7.969433 22.770024 106.193646 0.792291 -0.225752 -0.566842 0.242819 -0.735628 0.632368 0.559744 0.638660 0.528015
-0.513681 -9.920836 22.359190 101.233425 0.799499 -0.235320 -0.552653 0.334227 -0.590199 0.734818 0.499093 0.772198 0.393214
-0.588000 -10.281701 5.635689 55.394747 0.831801 -0.242133 -0.499479 0.357640 -0.454382 0.815862 0.424501 0.857268 0.291359
0.169807 -2.558321 -17.964870 -11.300503 0.793529 0.607992 -0.025631 0.473785 -0.590838 0.653023 -0.381889 0.530336 0.756905
-0.343503 -2.749856 -29.134321 -11.421820 0.756246 0.650989 -0.065615 0.527081 -0.546727 0.650596 -0.387657 0.526595 0.756584
0.113190 -2.545127 -26.629092 3.311453 0.821605 0.569093 0.033129 0.393283 -0.607938 0.689740 -0.412666 0.553665 0.723299
0.050398 -4.705747 -2.425901 17.379418 0.685914 0.727567 0.012972 0.311465 -0.309652 0.898390 -0.657656 0.612178 0.439007
-0.090176 -5.440158 -2.817386 48.226327 0.683050 0.730354 0.005129 0.246138 -0.236796 0.939864 -0.687648 0.640711 0.341511
0.018175 -5.010183 -2.092427 45.980225 0.681380 0.731930 0.000118 0.277059 -0.258072 0.925547 -0.677466 0.630616 0.378633
-0.611483 -4.451879 9.792798 17.009214 0.823122 0.564159 -0.064769 0.314481 -0.357897 0.879210 -0.472834 0.744066 0.472011
-0.554917 -4.780843 9.106441 15.151023 0.826119 0.560443 -0.058583 0.255610 -0.280057 0.925328 -0.502187 0.779405 0.374615
-0.582972 -4.550796 1.357236 16.113862 0.817665 0.574764 -0.032721 0.260014 -0.317993 0.911742 -0.513632 0.754007 0.409459
0.653959 -25.922424 -10.066698 342.594843 0.686658 0.720707 0.095297 -0.451351 0.319876 0.833044 -0.569898 0.615029 -0.544937
0.548964 -21.188371 2.108582 262.867961 0.673923 0.732073 0.099482 -0.242694 0.092185 0.965713 -0.697801 0.674960 -0.239796
0.283897 -23.802544 -1.434840 305.201129 0.678547 0.730467 0.077412 -0.344752 0.223633 0.911666 -0.648630 0.645296 -0.403575
-0.002850 -19.917890 -5.245769 207.792461 0.660123 0.745925 0.088514 -0.120392 -0.011249 0.992663 -0.741447 0.665935 -0.082378
-0.506766 -19.820104 4.762603 667.662764 0.444335 -0.272524 0.853403 0.801095 -0.305546 -0.514673 0.401015 0.912344 0.082553
1.073554 -9.627297 1.906453 248.702314 0.611395 -0.254069 0.749429 0.682902 -0.309078 -0.661904 0.399801 0.916471 -0.015464
-2.579585 -30.120964 -52.821564 1129.781950 0.210729 -0.127386 0.969209 0.845794 -0.473352 -0.246110 0.490128 0.871614 0.007993
-3.706644 -85.003739 -93.628803 3091.709638 0.083460 -0.197729 0.976697 0.903971 -0.397448 -0.157707 0.419370 0.896068 0.145570
-2.867151 -5.540918 -11.252222 44.274745 0.836053 0.542581 0.081370 0.492209 -0.676235 -0.548121 0.242375 -0.498309 0.832431
-2.285919 -4.375918 -40.535135 19.084825 0.689533 0.681603 0.244869 0.661841 -0.455700 -0.595235 0.294127 -0.572498 0.765333
-3.154486 -5.072719 -22.581440 34.551493 0.852951 0.521980 0.003422 0.420165 -0.682659 -0.597862 0.309736 -0.511385 0.801592
-3.870620 -5.551474 -32.982390 34.142767 0.877342 0.465322 -0.117249 0.324877 -0.755795 -0.568533 0.353167 -0.460706 0.814262
-3.434014 -5.948055 -18.402973 46.249112 0.861854 0.506907 -0.015923 0.427771 -0.743455 -0.514088 0.272433 -0.436258 0.857589
1.349450 -4.925073 -103.013292 -26.769494 0.926305 0.335098 -0.172244 -0.373336 0.877945 -0.299720 -0.050785 -0.341937 -0.938349
-1.113807 -5.410353 -132.965260 -26.203395 0.943334 0.274852 -0.185951 -0.324718 0.880049 -0.346514 -0.068405 -0.387260 -0.919429
1.221497 -4.777506 -127.319835 -22.743068 0.899551 0.378716 -0.217673 -0.435592 0.814991 -0.382164 -0.032670 -0.438593 -0.898092
2.501586 -4.529211 -61.826008 -29.721063 0.908234 0.390854 -0.149478 -0.418280 0.837419 -0.351811 0.012331 -0.382051 -0.924059
2.593061 -4.478257 -30.366935 -27.003543 0.921230 0.379416 -0.085899 -0.387446 0.875026 -0.290197 0.034942 -0.300619 -0.953104
-1.772597 -9.407908 -23.872280 -179.235105 0.722669 0.671740 0.162834 -0.037553 -0.197077 0.979668 -0.690174 0.714091 0.117196
-1.046167 -9.081635 -44.297425 -163.513362 0.675108 0.712021 0.193017 -0.072172 -0.196639 0.977816 -0.734180 0.674062 0.081365
-1.552385 -11.232420 -44.284173 -198.733358 0.687272 0.698813 0.198287 0.032843 -0.302587 0.952556 -0.725657 0.648152 0.230911
-1.004244 -14.045499 -42.987912 -267.702536 0.666094 0.709643 0.229621 0.069723 -0.365750 0.928098 -0.742602 0.602190 0.293102
7.793432 -5.898851 -74.545627 24.159722 -0.051161 0.998687 -0.002479 -0.786575 -0.038765 0.616276 -0.615371 -0.033479 -0.787526
7.383932 -4.297248 -264.842717 90.145373 -0.327940 0.941437 -0.078427 -0.667570 -0.172198 0.724360 -0.668435 -0.289903 -0.684946
5.236020 -6.245176 -180.141201 1.929890 -0.220036 0.970525 -0.098310 -0.835487 -0.135475 0.532549 -0.503533 -0.199316 -0.840671
1.558802 -5.411629 -245.556405 17.148774 -0.399657 0.910314 -0.107713 -0.762352 -0.264827 0.590496 -0.509012 -0.318111 -0.799820
5.806012 -6.334170 -21.842423 -10.852294 -0.062694 0.997590 0.029710 -0.881007 -0.069305 0.468000 -0.468932 -0.003166 -0.883229
4.001838 -6.073352 -87.872752 -34.964374 -0.199106 0.977932 -0.063285 -0.917379 -0.163288 0.362976 -0.344633 -0.130327 -0.929647
1.939061 -6.556380 -202.803603 -25.201120 -0.294817 0.943331 -0.152349 -0.875412 -0.202721 0.438814 -0.383062 -0.262738 -0.885569
-0.564745 -7.605309 -3.298592 14.493413 0.838689 0.506288 -0.200681 -0.525004 0.849587 -0.050723 -0.144815 -0.147899 -0.978343
-0.563662 -7.956661 -3.110309 28.610204 -0.844148 -0.506618 0.175362 -0.505863 0.861022 0.052382 -0.177528 -0.044491 -0.983110
-0.576162 -7.537905 2.312752 -24.189471 0.838546 0.511974 -0.186343 -0.539933 0.826650 -0.158500 -0.072893 -0.233523 -0.969615
-0.634975 -7.978834 -2.771075 -22.271457 0.842915 0.499427 -0.200169 -0.537155 0.802532 -0.259628 -0.030977 -0.326366 -0.944736
-0.611962 -7.878982 3.370982 -32.991304 0.846651 0.502359 -0.175551 -0.531940 0.789684 -0.305678 0.014930 -0.352185 -0.935811
-1.761691 -10.777502 16.169666 -162.469779 0.723106 0.672575 -0.157354 0.201116 0.012930 0.979482 -0.660810 0.739916 0.125916
-1.512313 -12.204554 21.774706 -130.820217 0.744795 0.652938 -0.137669 0.304047 -0.148410 0.941026 -0.594001 0.742729 0.309059
-1.335149 -9.820295 33.166271 -145.413703 0.752501 0.636107 -0.170615 0.201731 0.023981 0.979147 -0.626934 0.771228 0.110277
-1.453846 -7.519269 23.445418 -144.549698 0.727089 0.652402 -0.213807 0.131568 0.173244 0.976051 -0.673819 0.737806 -0.040128
-1.677163 -8.323939 4.111080 -155.227159 0.692186 0.697526 -0.185299 0.111064 0.150741 0.982315 -0.713122 0.700525 -0.026871
0.515539 -10.422065 -21.198389 -34.059339 -0.695299 -0.579632 0.424954 0.705140 -0.664547 0.247296 0.139061 0.471597 0.870780
0.650889 -10.658360 -30.590826 16.902611 -0.705954 -0.559345 0.434468 0.707508 -0.585166 0.396250 0.032595 0.587124 0.808841
0.017945 -10.437778 19.614114 -6.621127 0.725810 0.541949 -0.423664 0.670697 -0.694380 0.260773 0.152858 0.473422 0.867471
-0.491390 -10.101489 14.076251 25.689326 0.737945 0.541637 -0.402574 0.616604 -0.783597 0.075997 0.274293 0.304311 0.912227
-0.120967 -10.205191 9.765722 5.586846 0.725121 0.553275 -0.409984 0.633127 -0.769805 0.080930 0.270831 0.318256 0.908495
-0.703640 -4.911944 11.660391 -66.773564 0.730485 0.615649 -0.295580 0.136271 0.292708 0.946442 -0.669195 0.731641 -0.129924
-0.460877 -5.689352 12.095826 -77.986276 0.744151 0.618856 -0.251507 0.160733 0.199563 0.966612 -0.648385 0.759732 -0.049034
-0.592535 -4.499571 4.496213 -39.687411 0.734837 0.627211 -0.258111 0.110078 0.265223 0.957883 -0.669252 0.732300 -0.125853
-0.425074 -5.072789 3.959400 -28.908651 0.745019 0.640211 -0.187287 0.079947 0.193048 0.977927 -0.662235 0.743547 -0.092641
-0.842226 -4.391598 -7.741209 17.316523 0.715109 0.668534 -0.204160 0.028448 0.263992 0.964105 -0.698434 0.695249 -0.169764
-0.683883 -4.712365 17.538662 36.135999 0.748676 0.650495 -0.127833 -0.012661 0.206823 0.978297 -0.662815 0.730808 -0.163079
3.747949 -1.108067 104.526036 -0.949599 -0.646608 0.759407 0.072106 0.728928 0.642975 -0.235049 0.224860 0.099424 0.969305
1.856551 -1.161366 94.888288 -0.845442 -0.621861 0.783047 0.011197 0.759415 0.606463 -0.235566 0.191250 0.137986 0.971794
2.360114 -1.184011 96.114581 -7.147165 -0.620862 0.783319 0.030677 0.752513 0.606497 -0.256680 0.219667 0.136278 0.966010
4.103107 -1.152029 81.979154 -2.823105 -0.642707 0.756201 0.122831 0.714495 0.649505 -0.260077 0.276450 0.079391 0.957743
11.038709 -6.992499 -200.078796 -24.776406 0.449983 0.819641 -0.354549 0.746974 -0.127864 0.652442 0.489434 -0.558427 -0.669787
10.778305 -5.974471 -32.416564 17.880449 0.304368 0.934726 -0.183431 -0.735998 0.108524 -0.668229 0.604704 -0.338392 -0.720988
10.485761 -5.380954 -65.733505 44.461979 0.364787 0.920998 -0.136721 -0.796063 0.232344 -0.558838 0.482922 -0.312695 -0.817929
11.369791 -6.058722 -193.465827 -43.868548 0.478924 0.826987 -0.294490 0.810083 -0.287089 0.511219 0.338227 -0.483396 -0.807422
0.504457 -12.650555 -20.973185 9.922225 0.740795 0.665626 0.090358 -0.061098 0.200726 -0.977740 0.668947 -0.718784 -0.189365
0.357927 -13.301802 -6.268953 -3.712317 0.730801 0.672386 0.117588 0.147481 0.012661 -0.988984 0.666467 -0.740093 0.089911
0.879362 -13.587524 -21.019082 0.366101 0.719628 0.683712 0.121133 0.095035 0.075828 -0.992582 0.687825 -0.725802 0.010409
1.347398 -13.448603 -38.993856 -8.404320 0.722929 0.685732 0.084536 -0.094739 0.219579 -0.970984 0.684397 -0.693943 -0.223705
0.422478 -12.496147 -20.761009 34.520365 0.716132 0.696181 0.049872 -0.241888 0.314575 -0.917896 0.654710 -0.645271 -0.393675
-0.157011 -10.605326 -30.440296 -28.350305 0.819101 0.573165 0.023589 0.062199 -0.047859 -0.996916 0.570268 -0.818041 0.074851
0.662596 -11.394307 -26.940661 -34.629764 0.814646 0.578834 0.036094 0.065818 -0.030440 -0.997367 0.576211 -0.814877 0.062895
0.326321 -10.998601 -22.938394 13.874917 0.812647 0.582689 -0.008833 -0.093496 0.115403 -0.988909 0.575207 -0.804460 -0.148261
0.858878 -14.126907 34.118715 208.242029 0.215885 0.292730 0.931506 0.964677 0.083562 -0.249832 -0.150972 0.952537 -0.264350
3.284367 -12.684839 109.445381 184.970979 0.326219 0.321573 0.888916 0.941028 -0.021232 -0.337663 -0.089710 0.946647 -0.309535
2.734323 -10.677277 121.742288 104.164633 0.269382 0.287414 0.919145 0.961566 -0.132939 -0.240245 0.053141 0.948536 -0.312179
0.140159 -11.022958 46.671162 126.458426 0.214951 0.261714 0.940905 0.976559 -0.068771 -0.203967 0.011326 0.962692 -0.270362
0.065301 -14.037805 36.647064 218.863151 0.216404 0.259639 0.941146 0.958720 0.125617 -0.255100 -0.184458 0.957501 -0.221737
-0.978029 -18.766559 11.275035 201.089581 -0.368905 -0.273830 -0.888215 -0.504909 0.861364 -0.055847 0.780369 0.427866 -0.456021
-0.930768 -15.978578 -13.217779 -192.865060 0.363902 0.271392 0.891023 0.702071 -0.708567 -0.070914 0.612104 0.651367 -0.448386
-1.305892 -19.917951 9.679395 349.082787 -0.344136 -0.275988 -0.897441 -0.649490 0.760216 0.015269 0.678036 0.588134 -0.440869
-1.381919 -16.913707 -1.090680 -253.774465 0.309387 0.249278 0.917682 0.697743 -0.715175 -0.040968 0.646091 0.652981 -0.395198
-1.461227 -18.971610 17.021211 224.144392 -0.345305 -0.260951 -0.901482 -0.513570 0.856518 -0.051217 0.785500 0.445289 -0.429776
-3.077735 -6.046545 45.257212 50.737484 0.310492 0.920771 0.236166 0.675593 -0.038978 -0.736244 0.668707 -0.388150 0.634169
-3.727722 -6.879001 34.032352 56.604767 0.450353 0.871298 0.194990 0.618335 -0.146817 -0.772080 0.644084 -0.468278 0.604874
-3.607073 -6.398706 28.862713 -10.318119 0.563368 0.826192 -0.004815 0.436153 -0.302346 -0.847560 0.701703 -0.475388 0.530678
-3.810612 -7.553607 0.525896 25.803198 0.605262 0.790995 0.089359 0.457715 -0.253983 -0.852050 0.651271 -0.556615 0.515777
0.063815 -18.949332 9.875926 71.891056 -0.275755 -0.103235 -0.955668 0.948953 0.129141 -0.287768 0.153124 -0.986238 0.062354
-0.325694 -19.735653 11.235203 43.033976 -0.261175 -0.114277 -0.958503 0.965191 -0.016594 -0.261019 0.013923 -0.993310 0.114633
-0.049550 -20.786822 15.174158 118.322933 -0.232991 -0.108142 -0.966447 0.959906 -0.184862 -0.210729 -0.155871 -0.976796 0.146878
-5.579371 -218.301423 -269.711703 5076.322584 -0.191439 -0.022194 0.981254 0.926640 -0.333656 0.173237 0.323556 0.942434 0.084441
-4.623051 -162.749964 -156.029797 5279.030445 -0.196386 -0.115449 0.973706 0.879168 -0.460437 0.122726 0.434161 0.880153 0.191922
-4.714060 -155.298605 88.262400 -5175.859831 0.071935 0.117807 -0.990428 -0.454889 0.887589 0.072536 0.887638 0.445317 0.117438
-3.506343 -181.430031 217.455144 -2639.145717 0.038911 0.144832 -0.988691 -0.626261 0.774538 0.088814 0.778642 0.615723 0.120840
2.464188 -4.780627 0.919530 5.077631 0.821335 0.564606 0.081421 0.368207 -0.415702 -0.831634 0.435699 -0.713030 0.549322
2.307521 -4.734331 -11.125343 5.510972 0.845263 0.527898 0.082785 0.370913 -0.468124 -0.802049 0.384647 -0.708649 0.591492
2.040433 -5.051708 16.416505 17.675434 0.783220 0.611502 0.112386 0.455173 -0.440809 -0.773631 0.423536 -0.657078 0.623591
2.141846 -5.073290 35.365232 16.487908 0.755554 0.647191 0.101399 0.430282 -0.373577 -0.821765 0.493958 -0.664518 0.560732
-0.245879 -13.007405 -3.298696 99.201683 0.736576 0.657562 0.158327 0.624757 -0.571804 -0.531713 0.259102 -0.490563 0.831994
-0.169231 -13.287772 11.680911 127.925207 0.761531 0.636954 0.119832 0.597819 -0.618888 -0.509500 0.250366 -0.459638 0.852086
-0.616024 -16.095929 6.451084 178.033698 0.758706 0.636727 0.137639 0.642916 -0.697828 -0.315744 0.104994 -0.328047 0.938809
-2.614485 -4.373775 1.180717 -23.269367 0.720317 0.685699 0.104695 0.642907 -0.603314 -0.471893 0.260413 -0.407221 0.875418
-2.406092 -4.683780 3.613533 -9.224290 0.781890 0.622488 0.034023 0.523301 -0.625684 -0.578511 0.338828 -0.470136 0.814964
-2.506990 -4.269926 8.642476 -24.830115 0.765490 0.643413 -0.006670 0.555715 -0.666308 -0.497207 0.324354 -0.376900 0.867606
4.272297 -48.308634 27.731386 1447.897792 0.916954 0.398992 -0.000819 -0.257896 0.594254 0.761808 -0.304443 0.698332 -0.647802
4.116808 -38.902000 -58.143282 970.675060 0.894181 0.435178 -0.105166 -0.232907 0.652771 0.720864 -0.382353 0.620089 -0.685052
4.375213 -36.767534 -8.798166 236.128523 0.895917 0.444202 0.004047 -0.417459 0.838795 0.349501 -0.151854 0.314814 -0.936927
2.526313 -11.551311 -10.780911 -111.770825 -0.408386 -0.485489 -0.772995 -0.046942 0.856880 -0.513374 0.911602 -0.173368 -0.372728
3.576007 -13.423936 -76.054180 -182.908064 -0.439547 -0.461513 -0.770586 -0.061589 0.871371 -0.486744 0.896105 -0.166488 -0.411433
3.738184 -10.068244 -49.181707 -47.650848 -0.422755 -0.549658 -0.720524 0.035283 0.784480 -0.619149 0.905557 -0.287170 -0.312249
5.221566 -13.953904 -102.248865 -186.600669 -0.479780 -0.498810 -0.721803 0.010433 0.819370 -0.573170 0.877327 -0.282526 -0.387913
-6.538030 -8.518294 40.177671 94.845454 0.954444 0.261593 0.143545 -0.296112 0.889682 0.347540 0.036795 0.374213 -0.926612
-4.981371 -7.929386 4.147954 -52.997699 0.692109 0.633744 0.345475 0.714307 -0.670135 -0.201704 0.103686 0.386376 -0.916495
-4.204324 -6.981432 -15.856040 -49.909248 0.530700 0.728927 0.432462 0.845776 -0.488544 -0.214446 0.054961 0.479572 -0.875779
3.175342 -2.897234 -215.914167 -67.425707 -0.097811 -0.000541 0.995205 0.596022 0.800796 0.059014 -0.796988 0.598937 -0.078004
1.723463 -2.283546 -235.346172 -96.787224 0.029758 0.172821 0.984504 0.572282 0.804587 -0.158537 -0.819517 0.568131 -0.074959
-3.460098 -8.158876 -16.763749 -19.330932 0.677152 0.720588 0.149059 0.442598 -0.560681 0.699816 -0.587854 0.407909 0.698597
-3.887722 -7.778668 9.508474 10.752531 0.761036 0.641067 0.099284 0.451208 -0.633063 0.629002 -0.466085 0.433895 0.771038
-0.795144 -4.057501 -21.655466 -34.265873 0.692777 0.611985 0.381490 -0.095934 -0.446091 0.889831 -0.714742 0.653053 0.250331
-1.201626 -3.279461 -16.638864 -32.254737 0.707124 0.609810 0.357919 -0.143851 -0.371534 0.917207 -0.692302 0.700067 0.174999
-0.683140 -3.563465 -29.927130 -21.451477 0.690626 0.651976 0.312990 -0.087378 -0.354385 0.931008 -0.717914 0.670327 0.187779
-0.839214 -2.963231 -25.941977 -13.925479 0.707306 0.678906 0.196991 -0.060041 -0.219964 0.973659 -0.704353 0.700502 0.114820
-0.100409 -3.984300 -36.902034 -18.497857 0.674923 0.664462 0.320889 -0.042747 -0.398935 0.915982 -0.736649 0.631934 0.240846
-0.109029 -3.558930 -31.898459 -12.906871 0.688382 0.681421 0.248588 -0.057398 -0.290466 0.955162 -0.723074 0.671785 0.160839
0.655358 -9.515235 -1.577545 -55.928872 0.932735 -0.348478 -0.092568 0.093218 -0.014943 0.995534 0.348304 0.937198 -0.018546
0.046023 -9.420732 -6.106920 31.123089 0.934013 -0.356953 -0.014305 -0.064789 -0.208636 0.975845 0.351315 0.910525 0.217995
-0.419914 -9.654013 30.118753 42.947021 0.913777 -0.404528 0.036995 -0.123187 -0.189172 0.974186 0.387087 0.894746 0.222694
-0.614163 -5.061080 -4.086695 66.006537 0.791530 0.610014 0.036907 -0.101622 0.071830 0.992226 -0.602621 0.789128 -0.118847
-0.629091 -6.239863 -7.719021 10.468363 0.804754 0.593576 0.006141 -0.230692 0.303201 0.924581 -0.546947 0.745477 -0.380936
-0.251542 -5.490442 -5.375903 25.629420 0.777142 0.604300 0.175703 -0.307637 0.608350 -0.731621 -0.549007 0.514521 0.658680
-0.373480 -5.415715 2.831496 6.443014 0.792894 0.579207 0.189307 0.242521 -0.584954 0.773959 -0.559019 0.567757 0.604277
-0.220700 -5.223697 -4.292960 15.940581 0.780314 0.597075 0.186041 0.264163 -0.584322 0.767324 -0.566857 0.549609 0.613680
-0.099619 -5.445204 -16.470978 -17.452670 0.759210 0.627243 0.173685 0.327022 -0.598365 0.731448 -0.562722 0.498524 0.659407
-0.199829 -5.095069 -11.464250 10.433238 0.769420 0.609279 0.191761 0.267703 -0.580172 0.769244 -0.579939 0.540536 0.609501
0.429768 -11.062140 -19.101501 -14.991792 0.745277 0.654816 -0.125615 0.445331 -0.348649 0.824696 -0.496228 0.670567 0.551450
0.207707 -10.340178 7.225188 -123.129107 0.759323 0.634455 -0.144553 0.327462 -0.180603 0.927443 -0.562315 0.751564 0.344896
0.119594 -10.444014 8.942587 -107.674348 0.763157 0.634166 -0.124193 0.346632 -0.239534 0.906901 -0.545378 0.735158 0.402624
0.566439 -10.038822 23.617969 -45.525842 0.787142 0.609456 -0.094717 0.391003 -0.374324 0.840832 -0.476995 0.698889 0.532945
1.441994 -8.726581 10.209656 94.164821 0.784371 0.504946 -0.360267 0.190377 0.356801 0.914576 -0.590355 0.785954 -0.183734
0.568292 -4.675659 -4.634492 -14.443990 0.892404 0.449029 -0.044580 -0.404590 0.752492 -0.519676 0.199804 -0.481797 -0.853200
0.268519 -5.293615 4.036602 -45.954084 0.852177 0.518333 -0.071585 -0.494374 0.752752 -0.434694 0.171431 -0.405826 -0.897729
-0.090954 -4.200206 34.731866 7.176030 0.604683 0.722870 0.334391 0.765196 -0.410774 -0.495721 -0.220983 0.555629 -0.801525
0.874379 -4.202470 49.366883 7.190963 0.626740 0.710528 0.319917 0.740889 -0.416171 -0.527147 -0.241412 0.567407 -0.787254
0.746446 -3.942128 57.812433 14.939201 0.625860 0.706031 0.331392 0.765405 -0.474364 -0.434895 -0.149849 0.525832 -0.837285
-0.599030 -7.518757 5.557404 12.847711 0.859151 0.504019 0.088455 0.490280 -0.761247 -0.424416 0.146578 -0.408005 0.901136
-0.578353 -7.865632 -10.437742 13.009456 0.864716 0.489084 0.114293 0.476380 -0.726538 -0.495181 0.159147 -0.482638 0.861239
-0.420094 -7.721828 -8.381893 1.777017 0.875650 0.472748 0.098728 0.412917 -0.626840 -0.660735 0.250474 -0.619339 0.744098
0.981177 -5.017585 31.304283 -29.357314 0.945577 0.312577 -0.090448 -0.318833 0.945543 -0.065526 -0.065041 -0.090798 -0.993743
0.316483 -5.604327 -15.763285 -15.634611 -0.922030 -0.375345 0.094747 -0.366998 0.925400 0.094590 -0.123183 0.052443 -0.990997
0.780455 -13.419768 -6.148546 -118.531773 0.919637 0.390975 0.037514 0.346057 -0.851733 0.393440 -0.185777 0.348840 0.918585
0.672022 -13.896184 -11.200224 -178.323434 0.908605 0.416413 0.032203 0.388217 -0.870481 0.302573 -0.154028 0.262418 0.952582
0.998857 -12.186101 -14.199940 -79.097244 0.916089 0.399224 0.037440 0.333083 -0.809638 0.483262 -0.223243 0.430240 0.874675
0.537266 -13.954093 -9.955384 -150.395375 0.904921 0.424751 0.026548 0.397094 -0.865144 0.306337 -0.153085 0.266668 0.951553
1.244909 -12.745971 -5.631124 29.624771 0.932408 0.360423 0.026667 0.282397 -0.772626 0.568595 -0.225538 0.522632 0.822185
1.335233 -11.807989 -31.897790 45.965452 0.909839 0.412383 0.046194 0.290805 -0.713062 0.637946 -0.296017 0.566995 0.768694
0.795228 -12.261358 -22.411461 -53.986515 0.903839 0.425807 0.041984 0.349454 -0.791248 0.501805 -0.246892 0.438880 0.863961
-0.234277 -16.139790 15.583713 -22.318638 0.953181 0.236474 0.188484 0.295844 -0.600129 -0.743183 0.062629 -0.764150 0.641991
-0.136033 -90.994562 38.203731 333.144825 0.888590 0.431501 0.155608 -0.435081 0.685399 0.583894 -0.145297 0.586545 -0.796777
15.545423 -548.620066 423.535169 10791.696313 0.915868 0.343094 0.208500 -0.388057 0.889671 0.240619 0.102941 0.301285 -0.947961
0.582916 -167.146105 50.352609 6447.206389 0.895731 0.411001 0.169543 -0.293437 0.260031 0.919934 -0.334007 0.873763 -0.353521
-12.977661 -58.604438 114.348716 1909.609111 0.840462 0.489548 0.232306 -0.299024 0.061489 0.952262 -0.451894 0.869805 -0.198066
0.622679 -13.044748 15.366500 -38.131026 0.875013 0.483989 0.010355 0.183002 -0.350506 0.918507 -0.448177 0.801811 0.395268
0.893775 -12.526712 7.795309 -29.394612 0.853534 0.521003 0.005974 0.246201 -0.413391 0.876637 -0.459200 0.746769 0.481115
1.297768 -12.455037 14.523870 -59.942213 0.842347 0.538836 -0.010345 0.199924 -0.294595 0.934475 -0.500481 0.789221 0.355878
-1.111680 -6.081874 25.570226 -64.261301 0.781835 -0.212651 -0.586101 -0.175655 0.826835 -0.534312 0.598231 0.520696 0.609095
0.423704 -5.731315 -48.880729 3.761949 0.887385 0.099409 0.450183 -0.110993 0.993821 -0.000670 -0.447468 -0.049373 0.892936
-0.443549 -5.823440 -45.241132 9.256245 0.899776 0.027246 0.435500 -0.034414 0.999371 0.008579 -0.434992 -0.022707 0.900148
-0.079153 -5.577666 -33.152319 4.524613 0.896855 0.070731 0.436632 -0.037870 0.995786 -0.083524 -0.440700 0.058374 0.895754
-0.748921 -5.532975 -30.441489 16.736605 0.906900 0.011915 0.421178 0.035572 0.993866 -0.104711 -0.419842 0.109944 0.900913
0.630219 -5.532737 -23.377279 -6.137466 0.894098 0.156972 0.419462 -0.137787 0.987552 -0.075866 -0.426149 0.010036 0.904597
0.011733 -4.836052 -7.819118 18.112886 0.681122 0.731807 0.023080 0.301983 -0.309505 0.901672 -0.666993 0.607178 0.431804
-0.494263 -4.884064 3.211904 28.733181 0.822644 0.563255 -0.077470 0.281837 -0.285648 0.915955 -0.493787 0.775338 0.393732
-0.533145 -5.140531 -2.036954 11.578333 0.821967 0.567626 -0.046596 0.193604 -0.201536 0.960157 -0.535619 0.798238 0.275551
-0.481039 -4.956777 1.339947 -4.579226 0.826757 0.562455 -0.010783 0.130754 -0.173483 0.976118 -0.547152 0.808423 0.216972
1.005806 -21.497992 -19.676391 350.522567 0.665523 0.736988 0.118016 -0.344348 0.162897 0.924602 -0.662196 0.655983 -0.362192
0.254709 -17.430241 -14.796228 111.950055 0.649874 0.751511 0.113560 -0.039010 -0.116235 0.992455 -0.759040 0.649401 0.046222
1.264235 -9.977035 5.430686 221.610840 0.641422 -0.262956 0.720716 0.687292 -0.220472 -0.692114 0.340893 0.939280 0.039312
1.899320 -6.247989 -4.536252 38.397561 0.730322 -0.228842 0.643632 -0.600528 0.233982 0.764604 0.325571 0.944925 -0.033456
-1.007028 -5.713685 -28.486697 -85.272211 0.832179 0.532485 0.154721 -0.000333 0.279503 -0.960145 0.554507 -0.798961 -0.232774
-0.787981 -6.172406 -48.436680 -141.971896 0.812075 0.579196 0.071178 -0.010877 0.136975 -0.990515 0.583451 -0.803598 -0.117534
0.114904 -5.674525 -49.325034 23.544085 0.783082 0.597687 -0.171909 -0.189959 -0.033342 -0.981226 0.592198 -0.801036 -0.087427
-1.319901 -5.394851 -90.185217 -41.348961 0.705012 0.642956 0.299275 0.609402 -0.333379 -0.719366 0.362749 -0.689541 0.626855
-1.939623 -4.904025 -111.429246 -23.842243 0.664438 0.688623 0.290381 0.621249 -0.292953 -0.726793 0.415418 -0.663308 0.622455
-1.901928 -4.563344 82.495306 -20.695656 -0.651308 -0.701088 -0.290299 0.670670 -0.352899 -0.652429 0.354964 -0.619627 0.700045
-1.137447 -4.627942 83.098299 -14.874740 -0.577592 -0.711171 -0.400779 0.755859 -0.280484 -0.591612 0.308325 -0.644643 0.699551
-4.592859 -6.443236 -10.409075 1.318795 0.878174 0.395927 -0.268426 0.453707 -0.867200 0.205219 0.151527 0.302005 0.941187
-4.443959 -6.335420 -7.862672 10.869057 0.882412 0.431214 -0.188157 0.468145 -0.844529 0.260022 0.046779 0.317531 0.947093
-4.446981 -6.521698 -3.597508 -10.972375 0.901545 0.402710 -0.158243 0.426081 -0.889934 0.162705 0.075303 0.214110 0.973903
-1.349818 -3.745597 25.662449 27.437926 0.729465 0.682774 -0.041227 -0.568058 0.571124 -0.592560 0.381039 -0.455672 -0.804470
-0.762035 -3.622905 36.252958 24.375769 0.689797 0.722334 -0.049119 -0.603695 0.536397 -0.589772 0.399665 -0.436476 -0.806075
-1.349046 -4.155969 33.600123 19.586525 0.724578 0.688832 -0.022289 -0.530708 0.537032 -0.655703 0.439699 -0.486937 -0.754690
-1.067198 -3.080180 24.836911 33.863756 0.721546 0.691010 -0.043310 -0.604766 0.598565 -0.525336 0.337089 -0.405246 -0.849792
-1.080709 -4.065974 -20.305223 26.794538 0.776250 0.628674 -0.046958 -0.507500 0.578964 -0.638157 0.374006 -0.519200 -0.768473
-0.844159 -3.492129 -17.041128 32.306235 0.777060 0.627761 -0.045751 -0.536690 0.622844 -0.569236 0.328848 -0.466885 -0.820900
-2.930613 -10.026685 -10.572180 -245.186983 0.806646 0.580154 0.112891 0.041565 -0.246215 0.968324 -0.589572 0.776402 0.222722
-2.414135 -9.362901 -15.491190 -167.196709 0.761601 0.631627 0.144953 -0.007141 -0.215483 0.976481 -0.648007 0.744724 0.159602
-2.640307 -13.921441 -12.048734 -279.556824 0.768482 0.618807 0.162830 0.106791 -0.374936 0.920879 -0.630898 0.690290 0.354214
-2.919810 -16.084915 -7.979126 -387.821433 0.814126 0.566116 0.129273 0.149500 -0.419456 0.895381 -0.561113 0.709627 0.426124
10.245593 -4.786518 -38.642644 95.995617 -0.020484 0.998655 0.047631 -0.634715 -0.049799 0.771140 -0.772474 0.014437 -0.634882
13.646152 -1.651396 -273.823315 149.522924 -0.366571 0.928864 0.053271 -0.501615 -0.245533 0.829515 -0.783587 -0.277354 -0.555938
-0.560852 -8.072699 -5.275436 18.902375 -0.845644 -0.499246 0.188782 -0.487020 0.866460 0.109814 -0.218397 0.000923 -0.975860
-0.527999 -8.302409 -3.037751 -29.309103 -0.844073 -0.504272 0.182346 -0.477325 0.861528 0.173004 -0.244337 0.058990 -0.967894
-0.486100 -8.264962 -1.589187 -6.712715 -0.843021 -0.508345 0.175790 -0.489377 0.860510 0.141535 -0.223218 0.033289 -0.974200
-0.553251 -7.997146 1.679970 24.035222 -0.845520 -0.508395 0.163186 -0.506934 0.860313 0.053658 -0.167670 -0.037356 -0.985135
-0.821144 -14.073479 -23.821367 97.098877 0.699003 0.706920 -0.107977 0.591269 -0.486389 0.643294 -0.402239 0.513508 0.757967
-1.458755 -13.558010 17.488369 -30.643531 0.741066 0.660037 -0.123173 0.445026 -0.345479 0.826194 -0.502765 0.667080 0.549756
-1.343440 -13.913655 -25.701429 -15.684109 0.690483 0.714463 -0.113032 0.486763 -0.343351 0.803226 -0.535065 0.609634 0.584852
-0.426628 -14.238981 -60.929443 -25.516049 0.625025 0.771402 -0.119511 0.526412 -0.303475 0.794225 -0.576398 0.559322 0.595755
1.469886 -10.828829 -43.555800 70.626874 -0.678387 -0.585783 0.443451 0.730268 -0.471386 0.494473 -0.080617 0.659282 0.747561
0.713382 -11.248040 34.843558 47.218259 0.720425 0.544811 -0.429150 0.684431 -0.458585 0.566792 -0.111992 0.702055 0.703262
-0.816707 -6.866477 26.243755 -109.823169 0.748477 0.619060 -0.237794 0.166948 0.171133 0.971000 -0.641803 0.766471 -0.024739
-0.174330 -6.320611 3.666829 -67.649475 0.751064 0.625444 -0.211477 0.175041 0.120214 0.977195 -0.636603 0.770953 0.019190
0.180212 -13.236706 2.582980 2.684499 0.730862 0.672487 0.116625 0.254160 -0.109574 -0.960935 0.633438 -0.731953 0.251002
0.188907 -14.098511 3.310922 38.483972 0.719147 0.683022 0.127707 0.298674 -0.137904 -0.944339 0.627393 -0.717261 0.303174
