11502
22990
-6.749558 -9.862376 -100.208805 240.663220 0.892668 0.243437 0.379318 0.443872 -0.620917 -0.646096 -0.078241 -0.745118 0.662327
-9.556484 -12.219865 -17.366709 267.762136 0.852583 0.370760 0.368293 0.519909 -0.673091 -0.525969 -0.052886 -0.639911 0.766627
-7.070538 -14.107783 -133.883808 398.671619 0.780787 0.378477 0.497118 0.610511 -0.631328 -0.478228 -0.132846 -0.676890 0.723997
-7.136047 -9.763891 56.346599 135.508943 0.933494 -0.244903 -0.261937 -0.358151 -0.672981 -0.647166 0.017786 -0.697939 0.715936
-3.571600 -12.811297 -234.008387 392.993677 0.820225 0.216442 0.529512 0.537113 -0.609893 -0.582701 -0.196825 -0.762354 0.616504
-4.709405 -8.704143 -153.568272 214.445152 0.868093 0.190525 0.458382 0.480424 -0.554854 -0.679213 -0.124928 -0.809838 0.573197
-5.982861 -8.154133 17.180817 100.878726 0.887649 -0.312607 -0.338165 -0.459638 -0.555946 -0.692573 -0.028502 -0.770196 0.637171
8.263578 -12.234416 -55.560087 133.956889 -0.727521 -0.317603 -0.608147 -0.110581 0.929093 -0.352929 0.677116 -0.189513 -0.711055
7.883845 -13.490386 6.306763 107.181606 -0.806121 -0.240042 -0.540878 -0.083076 0.950885 -0.298187 0.585890 -0.195441 -0.786470
9.122035 -13.969159 -12.573139 184.054202 -0.767163 -0.316157 -0.558127 -0.048300 0.896100 -0.441216 0.639631 -0.311526 -0.702725
9.148533 -14.373031 -41.363570 213.426002 -0.706720 -0.374485 -0.600256 -0.028444 0.862780 -0.504778 0.706921 -0.339663 -0.620396
-0.407681 -3.472195 22.984851 -54.590486 0.796107 0.599750 -0.080709 0.474204 -0.701117 -0.532509 0.375959 -0.385662 0.842568
-0.550613 -3.499271 53.730779 -9.038095 0.787666 0.611646 -0.073965 0.463520 -0.667396 -0.582865 0.405871 -0.424819 0.809195
-0.320717 -3.674796 12.180579 -29.231671 0.745073 0.666840 -0.013811 0.542311 -0.617729 -0.569482 0.388285 -0.416816 0.821888
-0.480951 -3.544452 -16.546180 -48.686198 0.756579 0.653657 -0.017935 0.548322 -0.649125 -0.527237 0.356274 -0.389062 0.849529
0.876518 -1.377087 159.676341 -46.802505 -0.379798 0.860516 0.339507 0.925066 0.354319 0.136790 -0.002584 0.366019 -0.930604
-0.294272 -2.239761 -16.947223 97.841203 0.838067 -0.513356 -0.184686 0.545557 0.790593 0.278084 -0.003255 0.333810 -0.942635
0.317167 -1.046694 144.058704 45.471060 -0.463280 0.825280 0.322932 0.886142 0.426819 0.180492 0.011122 0.369782 -0.929052
2.254771 -0.979046 141.785598 -2.126040 -0.138382 0.933471 0.330882 0.990379 0.130423 0.046253 0.000021 0.334099 -0.942538
2.145675 -0.986171 209.068590 81.717996 -0.186223 0.915724 0.356050 0.982451 0.169682 0.077442 0.010500 0.364223 -0.931253
-0.161317 -0.740363 95.662780 101.150791 -0.606477 0.743613 0.281469 0.794857 0.558270 0.237774 0.019677 0.367932 -0.929644
26.829253 -10.927602 3082.826045 -59.639691 0.909551 0.415578 0.003618 0.308969 -0.681995 0.662889 -0.277949 0.601813 0.748709
23.628531 -10.798069 1939.246124 -17.611527 0.798783 0.599693 0.048112 0.509639 -0.716988 0.475600 -0.319709 0.355382 0.878345
52.001050 -10.982539 4799.345390 -53.078630 0.784606 0.617274 0.058023 0.446570 -0.627574 0.637751 -0.430081 0.474472 0.768054
0.025679 -9.009886 -14.220620 15.319441 0.995745 -0.069052 -0.061017 -0.040232 0.269938 -0.962037 -0.082902 -0.960398 -0.266012
0.029354 -9.892869 -16.019745 112.681154 0.996423 -0.083442 -0.013387 -0.001526 0.140621 -0.990062 -0.084496 -0.986541 -0.139991
0.377170 -9.506928 -25.047039 9.621553 0.996238 -0.067143 -0.054784 -0.036273 0.251037 -0.967298 -0.078700 -0.965646 -0.247657
-0.191318 -9.496460 -10.673082 98.463663 0.996440 -0.079517 -0.028022 -0.015396 0.155163 -0.987769 -0.082893 -0.984683 -0.153387
0.243457 -9.666158 -20.507074 -77.638588 0.993223 -0.038280 -0.109735 -0.087776 0.371786 -0.924159 -0.076175 -0.927529 -0.365906
-0.048306 -9.088373 -7.687056 -59.319630 0.993298 -0.040134 -0.108386 -0.084225 0.390832 -0.916601 -0.079148 -0.919587 -0.384832
-0.133431 -8.641088 -7.328286 19.799893 0.995466 -0.066578 -0.067930 -0.046067 0.287358 -0.956715 -0.083216 -0.955507 -0.282988
1.727289 -29.361725 -112.866775 615.062332 0.828872 0.085233 0.552908 0.426669 -0.735546 -0.526237 -0.361836 -0.672092 0.646040
2.906729 -26.909831 -38.196974 221.454520 0.854551 0.105315 0.508577 0.345638 -0.846212 -0.405537 -0.387655 -0.522335 0.759532
2.167425 -24.037340 -27.227855 376.474858 0.861269 0.124906 0.492559 0.445315 -0.652429 -0.613214 -0.244766 -0.747486 0.617539
1.098195 -11.044363 50.766725 190.934146 0.956699 -0.087024 0.277767 -0.217628 -0.847560 0.484025 -0.193303 0.523516 0.829798
0.018690 -13.801836 56.607629 284.021780 0.967683 -0.078810 0.239537 -0.213715 -0.760505 0.613154 -0.133846 0.644531 0.752771
0.026114 -11.143872 38.281298 235.223686 0.966523 -0.065875 0.247981 -0.177738 -0.868932 0.461916 -0.185050 0.490528 0.851551
0.503377 -16.837889 -22.100443 -440.780218 0.963818 0.031700 0.264671 -0.064689 -0.935407 0.347604 -0.258594 0.352148 0.899511
0.622436 -21.823685 -23.276446 596.580732 0.957515 -0.026037 0.287206 0.066474 0.989024 -0.131957 -0.280617 0.145443 0.948736
0.108034 -16.176742 -21.427743 -473.238765 0.959670 0.009631 0.280963 -0.081118 -0.947419 0.309545 -0.269171 0.319852 0.908428
1.052770 -27.972801 -8.411929 -122.516201 -0.972645 -0.229425 0.036412 -0.227749 0.972680 0.044994 -0.045740 0.035471 -0.998323
0.896718 -26.486209 11.598740 -350.947787 0.970482 0.238541 -0.035547 -0.239732 0.938042 -0.250212 0.026341 -0.251348 -0.967538
1.079831 -27.310089 -16.739385 -505.523645 0.971535 0.227838 -0.064877 -0.236779 0.925372 -0.296011 0.007407 -0.302946 -0.952979
0.322358 -29.765225 -8.832211 -394.659282 -0.973164 -0.218032 0.073585 -0.217746 0.975932 0.011976 -0.074425 -0.004368 -0.997217
-5.990145 -95.108377 52.041302 -2698.076195 0.623491 0.076545 -0.778075 -0.076263 0.996404 0.036913 0.778103 0.036323 0.627086
-6.902128 -105.202745 420.448197 -4210.314383 0.627571 0.090280 -0.773307 0.166297 0.954788 0.246424 0.760592 -0.283247 0.584184
-11.708287 -138.459707 57.698141 -2237.883028 0.626950 0.087472 -0.774133 -0.362929 0.912059 -0.190870 0.689359 0.400621 0.603562
-9.410032 -172.260296 184.971129 -5849.306280 -0.616499 -0.188265 0.764516 0.704616 -0.565215 0.429009 0.351348 0.803174 0.481109
2.131977 -19.850141 24.916262 -133.189416 0.992381 0.123075 -0.005683 0.002497 -0.066206 -0.997803 0.123181 -0.990187 0.066009
2.160699 -19.507829 -7.739218 42.303068 0.994931 0.099385 0.015304 0.042205 -0.274592 -0.960634 0.091270 -0.956411 0.277395
1.658108 -20.175385 11.209875 -225.172582 0.991608 0.127985 -0.018286 -0.003948 -0.111402 -0.993768 0.129224 -0.985500 0.109961
2.423868 -19.575419 -4.482245 -91.082217 0.996426 0.073069 0.042385 0.058910 -0.241474 -0.968618 0.060542 -0.967652 0.244915
1.433822 -20.508574 19.610763 -169.993468 0.989774 0.138971 -0.032172 -0.049625 0.124006 -0.991040 0.133736 -0.982502 -0.129634
1.589667 -20.297510 31.655111 -103.274331 0.990440 0.137175 -0.014559 -0.038983 0.177095 -0.983421 0.132323 -0.974587 -0.180750
1.829371 -20.243567 16.487078 -155.185671 0.995902 0.085555 0.029329 0.031033 -0.018661 -0.999344 0.084952 -0.996159 0.021240
-5.591881 -11.381015 -13.549700 193.856624 0.801922 0.579528 0.145148 -0.244006 0.539481 -0.805867 0.545327 -0.610825 -0.574030
-4.612830 -8.894714 24.822122 140.148478 0.772774 0.624796 0.111586 -0.374528 0.590852 -0.714579 0.512396 -0.510416 -0.690598
-4.842615 -10.481303 55.403333 179.442253 0.641894 0.766788 -0.002882 -0.465899 0.387023 -0.795708 0.609024 -0.512102 -0.605674
-5.254585 -10.950921 6.724320 157.012678 0.873666 0.425701 0.235555 -0.116412 0.653004 -0.748355 0.472393 -0.626391 -0.620064
-6.101708 -13.067258 44.268237 213.249707 0.690624 0.721585 0.048514 -0.314194 0.359779 -0.878545 0.651399 -0.591501 -0.475190
-6.258995 -14.179508 -30.072414 185.550304 0.866628 0.450111 0.215305 -0.033837 0.483536 -0.874670 0.497806 -0.750728 -0.434276
-6.488031 -13.604188 -19.290913 203.074327 0.790282 0.599038 0.128871 -0.178193 0.425912 -0.887044 0.586261 -0.678050 -0.443335
1.578011 0.031418 -48.528183 292.577645 0.919210 -0.375497 -0.118556 0.390659 0.831872 0.394176 0.049388 0.408645 -0.911356
1.172747 -3.267301 -13.464780 223.997859 0.997088 -0.075753 0.008763 0.068004 0.935272 0.347335 0.034508 0.345728 -0.937700
1.609278 -0.539154 -30.910687 233.867855 0.923941 -0.375500 -0.073019 0.374531 0.849135 0.372419 0.077840 0.371441 -0.925188
2.967786 1.167831 131.635358 51.535640 -0.362215 0.891295 0.272751 0.925247 0.308411 0.220909 0.112775 0.332379 -0.936379
1.714821 -1.100903 -23.644563 207.250395 0.939983 -0.340592 -0.020707 0.324680 0.874104 0.361283 0.104950 0.346323 -0.932226
2.430645 0.934765 86.939036 58.324061 -0.590096 0.782712 0.197859 0.799016 0.531120 0.281930 0.115583 0.324459 -0.938812
4.331272 -5.676492 136.605098 -55.163761 0.887302 0.416126 0.198830 0.398264 -0.473980 -0.785321 0.232551 -0.776004 0.586291
3.740400 -4.835763 78.846873 -20.942669 0.854716 0.445640 0.266205 0.483079 -0.495166 -0.722112 0.189986 -0.745799 0.638506
2.706461 -6.128812 139.058258 -49.937585 0.872039 0.457837 0.173014 0.407598 -0.483645 -0.774565 0.270947 -0.745971 0.608370
2.747759 -6.938822 145.468438 -64.016571 0.896774 0.427304 0.114927 0.316105 -0.436902 -0.842136 0.309636 -0.791535 0.526876
4.445377 -6.414267 144.663879 -62.657032 0.910498 0.387641 0.143973 0.314539 -0.423218 -0.849678 0.268438 -0.818915 0.507267
-5.620857 -8.056162 -26.526224 -105.796989 0.974879 0.077930 -0.208659 0.222729 -0.333468 0.916073 -0.001809 0.939535 0.342449
-3.581187 -6.666491 -32.796103 -86.891473 0.925847 0.140265 -0.350903 0.372501 -0.182350 0.909940 -0.063645 0.973177 0.221077
-3.967985 -7.149630 -55.897328 -106.040249 0.995187 0.069471 0.069109 -0.050314 -0.242927 0.968739 -0.084088 0.967554 0.238263
-4.535035 -7.528429 -29.221309 -72.107089 0.822528 0.133295 -0.552883 0.568530 -0.218169 0.793206 0.014891 0.966765 0.255233
-5.491593 -8.518858 -5.457165 -31.659432 0.740834 0.152738 -0.654092 0.661444 -0.335322 0.670859 0.116866 0.929640 0.349445
-6.322784 -9.301915 -1.078012 -51.790370 0.894564 0.079971 -0.439727 0.421537 -0.477939 0.770637 0.148534 0.874745 0.461258
1.303798 -3.581531 309.863748 88.150149 0.757371 -0.012075 -0.652873 0.648149 0.135355 0.749388 -0.079321 0.990724 -0.110341
-0.893974 -3.905083 130.344619 -156.375626 0.987053 0.069636 -0.144490 0.140686 0.056769 0.988425 -0.077033 0.995956 -0.046237
0.947781 -1.414814 -242.888551 41.190957 -0.471260 0.015033 0.881866 0.874947 0.134111 0.465277 -0.111274 0.990852 -0.076354
0.020434 -3.933896 -39.722146 123.714900 -0.616136 0.002851 0.787635 0.778420 0.154767 0.608367 -0.120166 0.987947 -0.097577
0.211354 -4.725319 -191.682825 -378.342506 0.492005 0.142150 0.858909 0.842958 0.168815 -0.510807 -0.217608 0.975343 -0.036769
-4.261406 -9.089356 -236.670954 64.458898 0.834829 0.508486 0.210954 -0.362280 0.795977 -0.484948 -0.414504 0.328424 0.848719
-5.532957 -9.995343 -1.459726 -111.864957 0.803672 0.595061 -0.003680 0.511064 -0.687035 0.516522 -0.304834 0.416996 0.856266
-4.244210 -8.481635 -106.544257 -88.277314 0.900828 0.375815 0.217420 0.181700 -0.781122 0.597355 -0.394326 0.498609 0.771943
-5.902366 -10.269385 -11.034188 -55.078853 0.730736 0.682501 -0.014762 0.631443 -0.667535 0.394559 -0.259433 0.297640 0.918752
-1.425892 -7.782656 -310.464859 38.849483 0.878302 0.296600 0.374985 -0.058501 0.845090 -0.531413 -0.474513 0.444804 0.759596
-1.442289 -8.976085 -13.141527 -65.908570 0.977535 0.041551 -0.206639 0.210681 -0.221833 0.952052 0.006280 0.974199 0.225603
-1.753337 -9.900248 -15.044969 -68.443406 0.980425 0.014702 -0.196343 0.186838 -0.384073 0.904201 0.062117 0.923186 0.379301
-1.672481 -8.970843 -44.181258 -56.656253 0.968733 0.030592 -0.246212 0.245440 -0.263226 0.932990 0.036267 0.964249 0.262505
0.721824 -9.838533 46.271117 -39.718966 0.995760 0.079047 -0.047051 -0.083741 0.567207 -0.819307 0.038076 -0.819773 -0.571421
0.110285 -10.290412 18.004503 -34.475392 0.999361 0.035261 0.005793 -0.017414 0.622146 -0.782707 0.031203 -0.782107 -0.622363
2.215198 -10.515643 79.915307 -32.301217 0.992745 0.104095 -0.060173 -0.116554 0.710281 -0.694202 0.029523 -0.696179 -0.717261
5.594346 -9.995904 189.120165 -29.779506 0.990928 0.100077 -0.089698 -0.133229 0.643934 -0.753392 0.017637 -0.758508 -0.651425
7.558472 -10.117174 209.545509 -41.403738 0.989884 0.091049 -0.108811 -0.139086 0.774182 -0.617492 -0.028017 -0.626380 -0.779014
3.745129 -10.770952 104.116101 -22.033692 0.991294 0.111905 -0.069386 -0.131665 0.837559 -0.530245 0.001222 -0.534764 -0.845001
2.079868 -13.756243 9.295246 -134.290952 0.974688 0.143423 0.171503 -0.206544 0.284038 0.936302 -0.085574 0.948025 -0.306472
1.694987 -15.194462 12.834098 -202.451340 0.962644 0.126559 0.239374 -0.265370 0.265269 0.926936 -0.053814 0.955832 -0.288944
1.452164 -15.096204 37.194468 64.220269 0.966650 0.121686 0.225345 -0.230342 0.028510 0.972692 -0.111938 0.992159 -0.055588
2.467249 -13.940871 2.002174 -321.026876 0.976266 0.129295 0.173746 -0.215015 0.482490 0.849100 -0.025954 0.866306 -0.498839
1.670618 -13.993906 19.654859 76.146030 0.973537 0.151113 0.171438 -0.180548 0.048677 0.982361 -0.140103 0.987317 -0.074672
2.674626 -12.871764 -8.140171 -237.500938 0.982737 0.149553 0.108916 -0.169322 0.489795 0.855237 -0.074557 0.858915 -0.506663
2.139568 -12.585948 -8.402607 -58.795791 0.979151 0.170299 0.110734 -0.156862 0.287535 0.944838 -0.129065 0.942508 -0.308253
0.340304 -19.697487 -2.395085 -197.880814 0.959490 0.251150 0.127681 -0.275097 0.932977 0.232111 0.060828 0.257833 -0.964273
0.361685 -21.612384 0.269716 -193.409649 0.949530 0.275849 0.149336 -0.305190 0.922422 0.236636 0.072475 0.270268 -0.960053
0.123282 -21.034787 -1.361742 -167.869653 0.949490 0.279748 0.142158 -0.313779 0.851165 0.420786 0.003286 0.444138 -0.895952
0.006579 -19.132025 -3.604214 -162.927245 0.959375 0.252957 0.124954 -0.282044 0.871139 0.401955 0.007175 0.420868 -0.907093
0.206049 -17.868884 -6.084978 -163.787002 0.968135 0.224073 0.111830 -0.244692 0.941437 0.231995 0.053297 0.251966 -0.966267
1.035038 -3.851261 -98.243895 41.437892 -0.287055 0.952190 -0.104568 -0.805489 -0.299017 -0.511640 0.518446 0.062640 -0.852813
-0.570469 -4.595228 -68.764233 71.837258 -0.432908 0.879493 -0.197694 -0.717832 -0.468995 -0.514548 0.545259 0.080841 -0.834360
0.591796 -4.368111 -81.192408 63.647438 -0.312534 0.942636 -0.117303 -0.772422 -0.324070 -0.546208 0.552890 0.080102 -0.829395
2.319803 -3.700324 -113.628451 36.259678 -0.190956 0.981510 -0.013159 -0.827476 -0.168171 -0.535726 0.528034 0.091411 -0.844289
1.395103 -4.209059 -60.615490 59.711493 -0.217714 0.975942 -0.011765 -0.796894 -0.184706 -0.575190 0.563524 0.115852 -0.817936
0.251513 -5.087259 -65.016638 77.063296 -0.352860 0.924145 -0.146443 -0.707021 -0.365859 -0.605202 0.612872 0.110013 -0.782487
-1.552368 -3.773458 -34.153585 120.244718 0.985331 0.094216 0.142292 0.119214 -0.976623 -0.178874 -0.122113 -0.193213 0.973528
-1.982754 -3.903781 -19.208109 107.265614 0.977941 0.174102 0.115408 0.191526 -0.967890 -0.162807 -0.083357 -0.181320 0.979885
-1.345803 -4.734426 -33.056676 -123.970232 0.983959 0.108698 0.141457 -0.124212 0.986589 0.105895 -0.128049 -0.121767 0.984264
-0.978247 -4.149871 -57.893217 121.534971 0.982507 0.064794 0.174589 0.093319 -0.982617 -0.160486 -0.161155 -0.173971 0.971475
-0.462699 -5.333223 -56.237450 -112.164508 0.984591 0.051397 0.167150 -0.067528 0.993439 0.092301 -0.161310 -0.102166 0.981601
-0.511576 -6.324089 -40.993869 -72.369384 0.982390 0.108349 0.152218 -0.106983 0.994113 -0.017161 -0.153181 0.000574 0.988198
0.078327 -4.223502 25.703615 -51.896315 0.998330 0.050134 0.028689 -0.039803 0.237140 0.970660 -0.041859 0.970181 -0.238739
-0.076420 -5.357624 21.761565 -71.929050 0.998081 0.048727 0.038205 -0.045567 0.160257 0.986023 -0.041923 0.985872 -0.162170
0.155933 -4.558075 4.827663 -56.390606 0.998344 0.057182 0.006244 -0.018543 0.217174 0.975957 -0.054451 0.974457 -0.217875
-0.449955 -5.105752 31.067511 -70.142744 0.998407 0.047374 0.030655 -0.039256 0.192876 0.980438 -0.040535 0.980079 -0.194429
0.279059 -3.761087 9.801256 -25.229808 0.996871 0.067289 0.041471 -0.058367 0.272875 0.960277 -0.053299 0.959693 -0.275949
0.066089 -3.590532 26.863054 -17.018351 0.998622 0.050112 0.015568 -0.029399 0.288539 0.957017 -0.043466 0.956156 -0.289615
-0.456582 -4.124541 33.109405 -44.358974 0.999084 0.035804 -0.023429 0.013062 0.266212 0.963826 -0.040746 0.963249 -0.265500
-0.227842 -10.389094 212.355152 -32.616041 0.728072 -0.655519 0.200511 0.653784 0.751960 0.084398 -0.206101 0.069643 0.976049
2.943491 -11.526704 175.834603 81.067308 0.871700 -0.444027 0.207314 0.428653 0.895923 0.116524 -0.237477 -0.012708 0.971310
4.836100 -6.555467 322.583427 -228.548486 0.701216 -0.693091 0.167096 0.641386 0.715602 0.276656 -0.311322 -0.086823 0.946330
-0.126471 -8.463116 -390.099644 -16.364243 -0.258859 0.952992 -0.157473 0.946222 0.282941 0.156869 -0.194051 0.108398 0.974984
-2.190916 -29.020600 -24.148145 450.131062 0.935621 -0.091206 -0.341019 0.268645 0.810666 0.520242 -0.229004 0.578362 -0.782978
-2.947655 -27.027318 -43.871141 357.696289 0.950481 -0.089960 -0.297478 0.220988 0.868656 0.443397 -0.218518 0.487179 -0.845521
-2.627834 -30.350000 52.167093 -101.916785 -0.938352 0.097383 0.331681 0.135291 0.986419 0.093129 -0.318107 0.132261 -0.938784
0.671968 -8.252554 238.582961 -22.241332 0.986839 -0.156183 -0.041902 0.031622 -0.067734 0.997202 0.158584 0.985403 0.061904
-0.905384 -7.680480 177.758226 -15.643234 0.989858 -0.141075 -0.016688 0.025540 0.061169 0.997801 0.139744 0.988107 -0.064151
-1.121536 -8.059290 137.845279 -27.934685 0.986091 -0.123561 -0.111165 0.103278 -0.068524 0.992289 0.130226 0.989968 0.054809
5.413805 -61.127176 -177.327041 352.561438 0.871748 -0.113685 -0.476582 -0.384490 0.444167 -0.809248 -0.303682 -0.888702 -0.343492
1.354185 -75.323627 -128.744902 -1283.833046 0.866686 -0.140277 -0.478724 -0.452469 0.183051 -0.872791 -0.210064 -0.973044 -0.095177
30.288065 -581.589029 210.602124 34341.729807 0.929698 -0.082351 -0.358998 -0.357066 0.037605 -0.933322 -0.090360 -0.995894 -0.005556
6.511847 -59.650599 -188.690879 -731.233839 0.875626 -0.045153 -0.480874 -0.438823 0.341561 -0.831126 -0.201776 -0.938774 -0.279266
2.005702 -7.987245 -21.296727 -16.293484 0.962601 0.269497 -0.027755 -0.024763 0.189540 0.981561 -0.269788 0.944164 -0.189125
1.307985 -8.130969 -21.102473 -8.158543 0.958168 0.284092 -0.034741 -0.015714 0.173418 0.984723 -0.285776 0.942984 -0.170627
1.958189 -7.971397 -39.377807 -0.435886 0.956335 0.291812 -0.016403 -0.074740 0.298426 0.951502 -0.282555 0.908729 -0.307205
-0.022421 -1.060420 -31.866722 -7.822312 -0.930091 0.240078 -0.278016 0.157175 0.944181 0.289516 0.332003 0.225579 -0.915908
-0.642332 -1.363009 1.296310 -18.130451 -0.645965 0.761568 -0.052374 -0.688225 -0.610690 -0.391668 0.330266 0.216958 -0.918615
0.061094 -1.482151 -42.881617 -21.664644 -0.930781 0.211699 -0.298045 0.119593 0.946737 0.298975 0.345463 0.242637 -0.906522
10.502966 -10.997642 792.897545 -83.413380 0.970540 -0.017351 0.240315 0.210077 -0.427470 -0.879282 -0.117984 -0.903863 0.411232
12.154343 -10.654602 705.872241 -56.481676 0.978710 -0.092956 0.182991 0.105916 -0.534940 -0.838225 -0.175807 -0.839761 0.513706
5.441212 -10.313540 356.601970 -56.315568 0.974529 0.001036 0.224258 0.192735 -0.515126 -0.835164 -0.114656 -0.857114 0.502205
5.063399 -10.775953 442.437758 -38.358135 0.958855 0.045795 0.280180 0.276026 -0.381175 -0.882335 -0.066391 -0.923368 0.378132
15.272903 -10.716877 1285.572839 -28.496002 0.966270 0.006667 0.257445 0.249801 -0.267361 -0.930654 -0.062626 -0.963573 0.260008
-44.804577 -94.002811 1912.135398 4394.170330 0.482243 0.187690 -0.855695 -0.271385 0.960735 0.057785 0.832941 0.204356 0.514244
-91.660692 -243.660247 3828.378455 -12627.289298 0.623490 -0.092136 -0.776384 -0.553571 -0.753272 -0.355162 0.552105 -0.651224 0.520661
-24.207725 -52.425251 1346.148853 2582.635508 0.423712 0.132676 -0.896028 -0.222558 0.974139 0.038999 0.878030 0.182894 0.442282
139.081916 -165.154632 -1063.712053 -7327.879685 0.671565 -0.579854 0.461269 -0.516544 0.079932 0.852522 0.531208 0.810790 0.245840
-8.732810 -60.230197 -29.249909 -630.890988 0.258758 0.640580 -0.722981 -0.550647 0.712769 0.434452 0.793620 0.285689 0.537168
-53.266841 -176.157125 3328.134917 8826.392526 0.296736 -0.161495 -0.941205 0.178688 0.977579 -0.111401 0.938093 -0.135125 0.318940
-1.962605 -94.121866 94.592632 -4655.180655 0.386571 0.015731 -0.922126 0.756155 -0.577838 0.307135 -0.528008 -0.816000 -0.235271
0.345471 -89.129222 -31.049178 -1667.354123 0.380696 -0.087794 -0.920523 0.919857 -0.065795 0.386695 -0.094515 -0.993963 0.055710
-3.146288 -101.020603 214.586399 -68.566217 0.319839 0.065435 -0.945210 0.947062 0.007263 0.320968 0.027867 -0.997830 -0.059648
-0.975786 -9.271180 12.464839 4.977790 0.986433 0.156917 -0.048236 0.159005 -0.840185 0.518465 -0.040829 0.519101 0.853737
-0.909385 -8.397627 24.730081 60.533201 0.992362 0.106565 -0.062144 0.121300 -0.934629 0.334299 0.022457 0.339283 0.940416
-0.492936 -8.853559 32.751180 27.895232 0.982769 0.161639 -0.089657 0.184829 -0.854288 0.485830 -0.001936 0.494030 0.869443
-8.515229 -14.150574 -82.580469 179.889574 0.812326 0.412267 0.412508 0.558791 -0.752699 -0.348134 -0.166970 -0.513304 0.841808
-9.949311 -13.613096 71.570255 184.270274 0.929490 0.298707 0.216386 0.367335 -0.802731 -0.469775 -0.033374 -0.516137 0.855856
-7.997058 -11.313446 -4.168655 136.059830 0.978537 -0.132537 -0.157793 -0.199736 -0.798403 -0.568030 0.050698 -0.587356 0.807739
-9.017562 -13.256884 -55.968839 57.775777 0.987028 0.074567 -0.142183 -0.079537 0.996393 -0.029590 0.139463 0.040515 0.989398
-9.451040 -13.541194 45.135334 -18.025679 0.996018 0.081192 -0.036826 0.075357 -0.987434 -0.138905 0.047641 -0.135577 0.989621
-8.922750 -13.512520 -75.176296 19.474028 0.981083 0.134360 -0.139370 -0.118007 0.985779 0.119644 0.153463 -0.100934 0.982986
-9.329056 -13.465957 -37.359480 30.202266 0.953657 0.084074 -0.288911 -0.089421 0.995980 -0.005333 0.287301 0.030920 0.957341
-8.963354 -13.406711 -40.658862 6.595921 0.958972 0.034166 -0.281434 0.004535 0.990736 0.135727 0.283464 -0.131435 0.949933
-0.897418 -3.698204 36.636770 -35.122944 0.849279 0.508655 -0.141406 0.356904 -0.750524 -0.556178 0.389031 -0.421882 0.818945
-1.121146 -3.649378 36.230967 25.564784 0.828367 0.547821 -0.117049 0.376007 -0.698625 -0.608721 0.415243 -0.460234 0.784703
-0.064473 -2.584301 56.090785 11.126954 -0.630985 0.728083 0.267869 0.775686 0.586299 0.233590 0.013022 0.355174 -0.934709
-0.920574 -4.163359 -48.275086 48.228827 0.901881 -0.408967 -0.139128 0.431825 0.862274 0.264597 -0.011755 0.298714 -0.954270
-0.294080 -4.466091 -24.311097 18.808183 0.942231 -0.316019 -0.111050 0.333453 0.916377 0.221502 -0.031765 0.245736 -0.968816
61.476041 -11.659359 600.235410 12.782221 0.721274 0.648372 0.243675 0.315783 -0.620926 0.717448 -0.616477 0.440529 0.652603
218.440452 -24.610364 -13861.397937 963.019087 0.394312 0.754422 0.524753 0.234734 -0.634760 0.736193 -0.888492 0.167113 0.427382
90.500769 -10.508641 10615.111860 -117.578387 0.880164 0.471885 0.051338 0.195000 -0.458069 0.867265 -0.432766 0.753324 0.495193
-0.291440 -11.099499 -11.452571 127.195831 0.997136 -0.075396 0.005959 0.002891 -0.040748 -0.999165 -0.075576 -0.996321 0.040414
2.628550 -12.523710 -48.083374 47.540050 0.988571 0.051758 -0.141595 -0.129735 0.770472 -0.624132 -0.076791 -0.635369 -0.768381
3.236863 -13.667343 -40.118811 -191.735545 0.990518 0.086642 -0.106619 -0.131503 0.822559 -0.553266 -0.039764 -0.562040 -0.826153
2.548253 -13.390966 -41.138736 -138.623714 0.985428 0.070689 -0.154710 -0.142739 0.838339 -0.526131 -0.092507 -0.540547 -0.836213
1.832414 -8.845384 -227.123870 -11.310009 0.997136 0.045145 0.060673 0.024829 0.562380 -0.826506 0.071434 -0.825645 -0.559649
2.132856 -8.801641 -128.507035 -17.011990 0.994235 0.066777 0.083885 0.020345 0.650663 -0.759094 0.105271 -0.756425 -0.645553
-0.189449 -9.053827 -216.372371 -14.415826 0.998217 0.044957 0.039259 0.006415 0.573133 -0.819437 0.059340 -0.818228 -0.571823
-2.111729 -21.919225 89.561437 -969.024645 0.966517 -0.114083 0.229848 -0.256566 -0.444829 0.858080 -0.004351 0.888320 0.459204
-0.964280 -31.307331 -10.605001 -1137.785721 0.989610 0.005022 0.143687 -0.102136 -0.678824 0.727163 -0.101190 0.734284 0.671259
-1.066701 -36.103085 57.119159 -1525.551133 0.981197 -0.061480 0.182955 -0.179305 -0.641156 0.746169 -0.071428 0.764944 0.640124
-1.877849 -30.178553 -54.877925 596.123342 0.967114 0.187258 0.172121 0.250887 -0.813554 -0.524582 -0.041797 -0.550513 0.833780
-0.047463 -28.225202 -151.944803 402.368441 0.954147 0.218974 0.204095 0.295960 -0.792266 -0.533593 -0.044854 -0.569530 0.820746
-1.437489 -26.225826 -49.128870 318.108160 0.966449 0.217015 0.137408 0.244637 -0.614631 -0.749921 0.078289 -0.758375 0.647099
-1.925883 -26.088101 27.485254 595.816240 0.971557 0.209997 0.109445 0.212418 -0.568561 -0.794743 0.104667 -0.795387 0.596996
-1.658625 -28.390622 103.263769 981.551897 0.974028 0.211245 0.081512 0.210039 -0.708499 -0.673731 0.084572 -0.673353 0.734468
-1.882098 -26.509718 69.066354 431.262715 0.972201 0.212938 0.097375 0.233157 -0.842204 -0.486139 0.021508 -0.495329 0.868439
3.216200 -112.817381 368.647545 6645.242541 0.989837 0.140154 -0.024068 -0.030640 0.375470 0.926328 -0.138865 0.916176 -0.375948
2.829455 -72.288382 445.395785 2874.242968 0.996138 0.062878 -0.061285 0.009188 0.619495 0.784947 -0.087322 0.782478 -0.616525
-15.215638 -1108.803794 459.068544 86987.477905 0.995780 -0.036300 -0.084291 0.079377 0.801650 0.592500 -0.046064 0.596690 -0.801148
-1.868902 -111.226928 142.305005 6624.928520 0.975829 0.197833 -0.092842 -0.031851 0.549051 0.835182 -0.216202 0.812037 -0.542081
-3.677320 -104.433461 -9.914043 6341.647621 0.952159 0.305511 -0.007496 -0.004811 0.039511 0.999208 -0.305565 0.951368 -0.039090
1.740061 -21.498433 20.005272 -61.470030 0.990121 0.139175 -0.017076 0.022967 -0.281101 -0.959403 0.138325 -0.949533 0.281521
-3.764739 -7.122890 -46.996784 86.348900 -0.784808 -0.607038 -0.124826 -0.405710 0.655501 -0.636960 0.468482 -0.449248 -0.760724
-3.266187 -7.039614 45.811169 89.985972 0.683907 0.728541 0.038732 -0.526260 0.529395 -0.665426 0.505294 -0.434706 -0.745459
-4.526094 -9.059954 39.279226 78.819836 0.835940 0.529908 0.142839 -0.322880 0.685306 -0.652767 0.443795 -0.499554 -0.743971
-3.575955 -8.347008 60.980263 146.149642 0.574807 0.815748 -0.064444 -0.595667 0.363130 -0.716462 0.561050 -0.450214 -0.694644
1.151637 -3.024988 -15.619979 298.471842 0.999493 -0.031555 0.004317 0.027685 0.927820 0.372000 0.015744 0.371692 -0.928223
3.831295 -4.049124 67.747560 -25.586389 0.821497 0.470132 0.322675 0.554603 -0.527263 -0.643747 0.132511 -0.707792 0.693881
2.906384 -5.169090 130.113861 -37.208828 0.835192 0.492661 0.244417 0.504658 -0.509917 -0.696638 0.218574 -0.705174 0.674504
-3.139109 -5.855274 -83.013004 -78.520194 0.994505 0.098653 0.035039 -0.019717 -0.152206 0.988152 -0.102817 0.983413 0.149424
-4.017392 -6.291087 -36.415597 -86.487706 0.846750 0.128754 -0.516175 0.530024 -0.120819 0.839332 -0.045703 0.984289 0.170546
0.873761 -6.964158 196.711666 240.405099 0.884323 0.069882 -0.461616 0.454196 0.100096 0.885261 -0.108070 0.992521 -0.056777
-0.889913 -8.605130 -194.426938 361.011033 0.931383 0.353454 -0.087157 0.036285 0.148090 0.988308 -0.362229 0.923655 -0.125104
-1.391024 -5.258624 54.223818 84.200473 0.951027 0.209565 -0.227224 0.188528 0.189295 0.963652 -0.244960 0.959296 -0.140516
-1.622258 -5.177336 163.400481 70.586483 0.872471 0.078560 -0.482311 0.465309 0.167943 0.869070 -0.149275 0.982661 -0.109971
-5.141007 -10.264715 117.627611 -84.260784 0.814946 0.565125 -0.128436 0.535237 -0.648954 0.540722 -0.222226 0.509403 0.831339
-5.992945 -10.761983 149.467936 19.665681 0.740911 0.648194 -0.175771 0.660480 -0.655807 0.365627 -0.121725 0.386990 0.914014
-0.537146 -9.586393 1.521973 -50.715206 0.999443 0.004409 0.033064 0.027216 0.465330 -0.884719 0.019286 -0.885126 -0.464951
-0.418360 -10.078163 -3.127774 -47.240959 0.997667 -0.026522 0.062912 0.067708 0.502825 -0.861732 0.008779 -0.863981 -0.503448
-0.065316 -10.726797 9.918907 -36.279899 0.998895 -0.003134 0.046884 0.037463 0.655377 -0.754372 0.028362 -0.755296 -0.654770
1.087841 -16.053259 21.405351 115.783391 0.953643 0.117570 0.277023 -0.276594 -0.020279 0.960773 -0.118576 0.992857 -0.013180
0.355810 -23.328758 -0.798463 -83.556842 0.941183 0.295387 0.164078 -0.330048 0.907717 0.259071 0.072410 0.297987 -0.951820
0.516937 -22.604869 -0.093596 -98.316436 -0.953584 -0.257969 -0.155339 -0.271003 0.960087 0.069209 0.131285 0.108094 -0.985434
0.295144 -25.664948 -7.784836 -3.859695 -0.947838 -0.268043 -0.172502 -0.284882 0.955116 0.081215 0.142990 0.126122 -0.981655
0.717925 -20.464680 -0.233875 11.726419 -0.969785 -0.198777 -0.141435 -0.185623 0.977424 -0.100927 0.158304 -0.071624 -0.984789
0.552091 -23.751687 -6.383643 52.615108 -0.964160 -0.209876 -0.162319 -0.195035 0.975405 -0.102694 0.179880 -0.067355 -0.981380
-0.414557 -4.223043 -80.905274 49.607496 -0.416373 0.889106 -0.190063 -0.746517 -0.453647 -0.486741 0.518986 0.060781 -0.852619
-1.611463 -4.955991 -61.688030 72.213941 -0.575772 0.765138 -0.288186 -0.615329 -0.637611 -0.463490 0.538384 0.089535 -0.837930
-1.567837 -5.897139 -59.583912 75.272539 -0.526684 0.806614 -0.268289 -0.602487 -0.576860 -0.551581 0.599678 0.128868 -0.789797
-0.548602 -6.320743 23.313236 -70.069564 0.996129 0.058674 0.065462 -0.070194 0.082598 0.994108 -0.052921 0.994854 -0.086397
63.083925 -8.934567 7156.910068 207.641229 0.144763 -0.951877 -0.270136 0.960631 0.069777 0.268921 -0.237131 -0.298431 0.924504
-2.052308 -25.939782 22.576787 621.790669 0.949309 -0.118599 -0.291112 0.296630 0.644472 0.704746 -0.104031 0.755374 -0.646983
-2.338646 -27.081582 -5.845178 616.123828 0.952891 -0.122520 -0.277466 0.292167 0.616474 0.731162 -0.081469 0.777784 -0.623229
-3.005479 -28.405073 -50.323392 517.549904 0.963589 -0.063175 -0.259816 0.187486 0.852431 0.488068 -0.190642 0.519009 -0.833238
4.361307 -8.649789 -10.578039 7.421044 0.999396 -0.021028 0.027655 -0.028852 -0.058946 0.997844 0.019352 0.998040 0.059517
2.700080 -8.504256 170.539654 -8.446968 0.991940 -0.126671 -0.003051 -0.005450 -0.066708 0.997758 0.126591 0.989699 0.066860
4.538819 -8.629058 43.396421 -4.616081 0.997935 -0.064029 0.005162 -0.017553 -0.194512 0.980743 0.061792 0.978808 0.195234
4.357963 -8.668879 -155.694230 2.420332 0.996633 0.066692 0.047687 -0.035232 -0.176812 0.983614 -0.074030 0.981983 0.173867
4.407790 -8.500975 111.322385 -18.037304 0.994547 -0.103165 -0.015245 -0.016859 -0.303319 0.952740 0.102914 0.947288 0.303404
4.878659 -8.415327 -89.392978 0.693419 0.998904 0.009849 0.045755 -0.040471 -0.309233 0.950125 -0.023506 0.950935 0.308495
0.885771 -51.574724 66.021603 930.479508 0.886105 -0.088117 -0.455031 -0.463477 -0.174040 -0.868849 0.002633 -0.980788 0.195058
2.382725 -84.544586 126.579034 3031.380142 0.852897 -0.131514 -0.505243 -0.514004 -0.041972 -0.856761 -0.091470 -0.990425 0.103396
1.061929 -62.425581 120.116061 -1202.859093 0.870616 -0.072265 -0.486627 -0.471533 0.159519 -0.867300 -0.140302 -0.984546 -0.104804
1.183298 -55.235012 -62.334046 1484.908293 0.898871 -0.081736 -0.430523 -0.423901 -0.411219 -0.806974 0.111081 -0.907864 0.404281
0.802169 -63.516272 -149.472889 901.776022 0.896620 -0.110711 -0.428738 -0.439554 -0.105475 -0.892002 -0.053533 -0.988240 0.143234
0.683438 -66.840285 -127.500703 -501.382431 0.896326 -0.060973 -0.439184 -0.421788 -0.422685 -0.802142 0.136728 -0.904223 0.404581
1.593029 -53.290694 -96.271440 -1228.258813 0.887145 0.170747 -0.428741 0.350645 -0.853404 0.385681 0.300036 0.492491 0.816964
-4.708852 -140.000481 -161.088379 -6735.489082 0.874017 0.128472 -0.468604 0.444642 -0.600355 0.664731 0.195929 0.789347 0.581844
2.175666 -95.230130 325.200335 -4438.517717 0.803173 0.299088 -0.515227 0.583937 -0.566575 0.581387 0.118029 0.767815 0.629706
1.493163 -8.018334 -10.179579 -0.336650 0.960032 0.276871 -0.041001 0.026262 0.056737 0.998044 -0.278656 0.959231 -0.047199
1.068097 -8.062270 -15.024632 6.466712 0.956739 0.287563 -0.044258 0.030132 0.053369 0.998120 -0.289384 0.956274 -0.042396
-1.829414 -6.982054 46.614468 16.755498 0.911560 0.111267 0.395826 -0.379068 0.600323 0.704216 0.159267 0.791979 -0.589409
-0.582027 -7.196258 129.886327 17.516177 0.926517 0.030192 0.375038 -0.310766 0.623330 0.717554 0.212108 0.781375 -0.586909
-0.412054 -7.261542 112.029551 -5.179072 0.914633 0.072266 0.397773 -0.329129 0.704465 0.628811 0.234776 0.706050 -0.668112
-0.373409 -6.982898 99.618042 -32.323939 0.898511 0.105679 0.426041 -0.343788 0.772900 0.533325 0.272926 0.625666 -0.730790
-1.375918 -7.163806 56.242442 -6.067218 0.885329 0.156670 0.437776 -0.412544 0.698979 0.584154 0.214477 0.697770 -0.683459
1.257261 -6.986158 151.023559 -38.189065 0.921068 0.040922 0.387246 -0.267138 0.789956 0.551912 0.283322 0.611796 -0.738535
5.561949 -9.582910 255.386858 -38.084608 0.983525 -0.073646 0.165091 0.081818 -0.633008 -0.769809 -0.161197 -0.770634 0.616554
-106.403776 -485.404805 4811.191475 30280.365573 0.528041 -0.346567 -0.775283 0.757559 0.604795 0.245614 0.383766 -0.717017 0.581902
-50.143898 -143.985667 1948.945197 -8584.240998 0.194060 -0.394848 -0.898018 0.836572 -0.411481 0.361705 -0.512335 -0.821449 0.250466
-50.312036 -468.068059 1415.508757 -14362.625954 0.149131 -0.260965 -0.953760 0.973951 -0.127860 0.187273 -0.170820 -0.956843 0.235099
-19.739537 -177.736836 1164.537278 6533.557640 0.262840 -0.073118 -0.962065 0.781814 0.600463 0.167959 0.565404 -0.796302 0.214990
1.493350 -46.056062 -61.425691 564.610921 0.366334 -0.104924 -0.924549 0.930152 0.014775 0.366877 -0.024834 -0.994370 0.103008
1.356817 -85.985812 -125.167439 2804.491422 0.375269 -0.125301 -0.918408 0.889767 0.326390 0.319036 0.259784 -0.936893 0.233973
1.988633 -70.917366 -55.633385 -2830.502130 0.400309 -0.110985 -0.909635 0.838659 -0.355694 0.412472 -0.369329 -0.927989 -0.049309
1.161367 -46.934032 69.532330 -1559.515357 0.327018 -0.016538 -0.944874 0.728662 -0.632257 0.263254 -0.601756 -0.774582 -0.194708
-4.553705 -13.258310 -301.440581 181.850375 0.824984 0.196667 0.529834 0.461817 -0.774989 -0.431413 -0.325770 -0.600595 0.730177
-9.043280 -13.356537 19.144581 -60.134497 0.999553 0.029201 -0.006361 0.029663 -0.995311 0.092070 0.003643 0.092217 0.995732
-9.727674 -12.863271 80.956537 55.620895 0.986250 -0.149979 0.069405 0.148098 0.988470 0.031527 -0.073333 -0.020814 0.997090
-0.188682 -2.973214 18.596703 25.842799 0.824975 0.553936 -0.112118 -0.438227 0.752238 0.492031 0.356894 -0.356780 0.863328
-0.381693 -3.142894 49.578241 51.921883 0.843772 0.515093 -0.150758 -0.382095 0.773782 0.505238 0.376898 -0.368702 0.849710
-0.401583 -3.268901 -27.696076 -7.564292 0.805211 0.589975 -0.059704 0.489761 -0.718425 -0.493963 0.334319 -0.368504 0.867431
-0.609801 -2.955249 30.222521 43.570674 0.886757 0.419425 -0.194278 -0.294157 0.836260 0.462754 0.356557 -0.353202 0.864936
-0.347267 -3.016462 27.237023 -5.488024 0.871477 0.459924 -0.170289 -0.346984 0.823593 0.448662 0.346599 -0.331911 0.877328
-0.115139 -3.068751 0.560333 32.960973 0.845732 0.519174 -0.123274 0.413940 -0.784105 -0.462421 0.336737 -0.340056 0.878049
2.797404 -1.364001 110.856032 -71.761951 -0.147653 0.937480 0.315165 0.989022 0.141820 0.041499 -0.005792 0.317833 -0.948129
3.937527 -1.158224 -37.307536 -32.389067 -0.067629 0.978222 0.196235 0.997705 0.066971 0.009996 -0.003363 0.196460 -0.980506
3.976905 -0.871795 -12.477312 17.899358 -0.092540 0.969623 0.226421 0.995691 0.091472 0.015229 -0.005945 0.226855 -0.973910
-4.472990 -10.518516 44.812057 -25.443657 0.587891 0.781501 -0.208903 -0.630959 0.604599 0.486159 -0.506236 0.153999 -0.848534
-2.228896 -9.623381 140.389707 -36.380794 0.471640 0.881764 -0.006972 -0.713502 0.386262 0.584565 -0.518141 0.270730 -0.811317
-4.489638 -10.077550 66.879127 -51.663121 0.607333 0.778636 -0.157711 -0.676986 0.611121 0.410148 -0.415737 0.142328 -0.898279
-1.437271 -9.273481 120.928874 41.540530 0.468091 0.883303 -0.025816 -0.635497 0.356783 0.684726 -0.614031 0.304108 -0.728344
-5.238183 -10.376715 -54.152728 -40.482459 -0.682374 -0.677287 0.275041 -0.622419 0.735634 0.267278 -0.383354 0.011193 -0.923534
-4.911923 -10.825542 16.949190 -14.358203 -0.640935 -0.691370 0.333483 -0.600892 0.722248 0.342471 -0.477632 0.019115 -0.878352
-3.984554 -10.520065 -22.361492 29.203848 0.588733 0.756410 -0.285023 -0.544235 0.631638 0.552125 -0.597664 0.169935 -0.783531
0.784258 -10.384044 -32.924233 -97.550023 0.993926 -0.030277 -0.105807 -0.088371 0.353442 -0.931273 -0.065593 -0.934966 -0.348619
0.514420 -14.176130 -20.807694 -85.479213 0.968017 0.115545 0.222694 -0.003261 -0.881765 0.471678 -0.250864 0.457318 0.853187
0.813198 -19.368535 -9.741406 -500.114792 0.971943 0.036858 0.232309 -0.050036 -0.932643 0.357315 -0.229832 0.358914 0.904632
0.847093 -26.445369 -179.148706 17.157388 0.956195 0.224346 0.188045 0.289544 -0.630300 -0.720337 0.043080 -0.743230 0.667647
97.888362 9.704343 4222.663352 388.856558 -0.884348 0.319573 0.340295 0.346209 0.937968 0.018866 -0.313157 0.134498 -0.940129
13.124993 6.023401 1175.643192 123.350090 -0.940893 0.188028 0.281720 0.152154 0.977750 -0.144413 -0.302605 -0.093012 -0.948567
2.438511 -8.928979 183.461328 308.912708 0.567283 0.820949 -0.065059 -0.804138 0.569239 0.171259 -0.177629 0.044836 -0.983076
3.478525 -4.061080 61.191920 719.543526 -0.910981 -0.400200 0.099764 -0.378051 0.906917 0.185954 -0.164896 0.131685 -0.977481
30.131385 -0.161653 2691.581747 -453.923356 0.264980 0.884880 0.383110 0.904946 -0.091020 -0.415679 -0.332955 0.456840 -0.824887
7.345135 -140.899771 824.105574 -1053.683882 0.991108 0.120046 -0.057385 -0.098405 0.951608 0.291135 -0.089558 0.282899 -0.954959
41.820780 -757.725023 240.587935 50824.181353 0.906421 0.093088 -0.411991 0.235973 0.697386 0.676735 -0.350312 0.710625 -0.610159
-2.670612 -6.594314 56.029947 8.843898 0.632079 0.774765 -0.014668 -0.621016 0.495143 -0.607596 0.463481 -0.393158 -0.794111
1.706018 0.527441 -136.826153 231.632426 0.818133 -0.525814 -0.232761 0.574629 0.732500 0.365029 0.021440 0.432393 -0.901430
1.108424 -2.858522 -16.104627 346.922544 1.000000 -0.000714 0.000218 0.000573 0.921228 0.389022 0.000479 0.389022 -0.921228
3.711249 1.301999 237.390899 73.069981 -0.270722 0.896288 0.351251 0.957763 0.214028 0.192048 0.096953 0.388407 -0.916373
4.798304 1.203357 249.055545 -6.045295 -0.242529 0.903518 0.353319 0.969925 0.218090 0.108081 0.020598 0.368906 -0.929239
2.122991 0.864434 306.463900 82.554486 -0.599121 0.720649 0.348883 0.800659 0.539363 0.260833 -0.000206 0.435606 -0.900137
4.125751 -3.608531 88.455138 -24.021472 0.815301 0.464528 0.345685 0.573052 -0.561691 -0.596754 0.083041 -0.684630 0.724145
3.236363 -4.152034 121.249113 -36.176750 0.803940 0.514925 0.297545 0.571885 -0.532085 -0.624366 0.163182 -0.672114 0.722242
4.566389 -3.497519 -17.273870 -9.277258 0.833020 0.399166 0.383073 0.552104 -0.555362 -0.621896 0.035495 -0.729547 0.683009
-3.353339 -9.585461 -97.824971 -222.991554 0.926726 0.027668 0.374717 -0.354393 -0.266975 0.896175 -0.124835 0.963306 0.237607
-1.134844 -6.980951 -253.447336 -47.137590 0.881866 0.202644 0.425733 -0.088114 -0.816193 0.571020 -0.463194 0.541076 0.701917
0.447406 -6.984914 -322.942855 34.030084 0.868232 0.223048 0.443196 0.048708 0.850624 -0.523513 -0.493762 0.476118 0.727675
4.480421 -14.906960 -212.722269 438.619896 -0.542819 0.742513 -0.392457 -0.075654 -0.508625 -0.857658 0.836435 0.435862 -0.332266
7.946254 -16.157358 -232.194702 322.486719 -0.595640 0.651329 -0.470090 0.075914 -0.536968 -0.840180 0.799656 0.536131 -0.270394
5.456026 -12.190933 -183.462849 -337.431532 -0.607102 0.625402 -0.490204 0.084641 0.664286 0.742671 0.790103 0.409385 -0.456224
7.594154 -17.798870 -290.540172 159.203515 -0.532699 0.745468 -0.400635 0.191021 -0.355266 -0.915039 0.824465 0.563970 -0.046850
2.168279 -9.119674 101.772140 -45.605822 0.993056 0.094318 -0.070318 -0.108112 0.495939 -0.861601 0.046391 -0.863220 -0.502692
