11137
22246
-3.608768 -4.747988 -5.358884 -45.357943 -0.376493 0.759913 -0.529893 0.550178 -0.276786 -0.787841 0.745357 0.588152 0.313879
-4.075383 -5.564802 -15.233462 -28.560717 -0.209242 0.722012 -0.659483 0.454059 -0.525560 -0.719456 0.866053 0.449984 0.217867
-4.007697 -6.173417 7.048181 -67.767985 -0.530296 0.827214 -0.185748 0.273804 -0.040251 -0.960943 0.802382 0.560443 0.205150
-3.192868 -4.667241 0.535883 26.914175 0.013318 0.540772 -0.841064 -0.608909 0.671576 0.422156 0.793129 0.506508 0.338225
-2.582116 -5.937736 29.029182 -76.537872 -0.607082 0.732215 -0.308728 0.406084 -0.048086 -0.912570 0.683043 0.679374 0.268148
-2.672473 -4.000669 -24.741735 -42.396245 0.543914 -0.721505 0.428473 0.557215 -0.071242 -0.827306 0.627430 0.688735 0.363284
-2.826813 -3.885777 -4.477643 24.113077 0.027454 0.498807 -0.866278 -0.716398 0.614200 0.330956 0.697152 0.611514 0.374206
-2.039007 -3.944254 40.456830 -7.120855 -0.632147 0.167788 -0.756464 -0.316306 0.835346 0.449609 0.707348 0.523492 -0.474989
-1.379218 -4.000602 -52.819919 -0.575252 0.697956 -0.241942 0.674034 -0.340992 0.715383 0.609879 0.629747 0.655509 -0.416805
-2.494817 -4.162504 17.714567 -7.994117 -0.541090 0.163146 -0.824988 -0.399502 0.813374 0.422873 0.740013 0.558397 -0.374931
-2.751889 -3.929152 6.873694 -15.554210 -0.482309 0.071238 -0.873100 -0.332037 0.907449 0.257462 0.810635 0.414078 -0.414017
-2.437066 -3.707055 27.524813 -12.343179 -0.577858 0.085916 -0.811602 -0.271526 0.917555 0.290458 0.769645 0.388215 -0.506889
-1.435609 -3.699911 50.264606 -7.318318 -0.679533 0.188734 -0.708953 -0.216309 0.871844 0.439430 0.701031 0.451960 -0.551623
0.504828 -3.429443 8.126114 -12.946746 0.617626 -0.370926 0.693507 0.685785 0.685681 -0.244008 -0.385016 0.626302 0.677870
1.710923 -3.320346 52.029319 12.728810 0.705702 -0.313988 0.635135 -0.652200 -0.638114 0.409201 -0.276804 0.703009 0.655101
-0.060243 -3.973997 3.471335 -15.465132 0.506838 -0.482895 0.714092 0.779540 0.610385 -0.140527 -0.368011 0.627888 0.685802
-0.030270 -3.486048 -3.115746 -10.875570 0.528879 -0.460790 0.712713 0.715731 0.693452 -0.082781 -0.456088 0.553893 0.696554
-0.097541 -3.396417 -8.795126 -7.568198 0.562458 -0.646028 0.516032 0.564026 0.756141 0.331853 -0.604579 0.104402 0.789674
-0.375169 -3.609035 -11.449960 -6.717527 0.561427 -0.640262 0.524275 0.627363 0.742457 0.234892 -0.539644 0.197036 0.818512
0.300948 -3.535297 -24.459429 -4.834049 0.593589 -0.583662 0.554067 0.574520 0.789444 0.216111 -0.563541 0.190041 0.803931
-0.498566 -3.626555 -7.646029 -6.029219 -0.527974 0.711013 -0.464441 0.672495 0.684002 0.282651 -0.518647 0.163102 0.839287
0.643934 -3.303599 -24.205707 -7.718058 0.601180 -0.573331 0.556664 0.495501 0.813967 0.303211 -0.626946 0.093543 0.773427
0.392867 -3.044686 -16.431845 -9.899969 0.586974 -0.606890 0.535860 0.449364 0.794785 0.407908 -0.673449 0.001365 0.739233
-0.073228 -3.246614 -2.563263 -10.650486 0.540151 -0.688920 0.483349 0.540276 0.724229 0.428479 -0.645242 0.029699 0.763400
-0.140647 -3.492824 -8.388227 -7.637577 -0.519106 0.729491 -0.445389 0.631362 0.678526 0.375479 -0.576116 0.086289 0.812800
-0.029824 -4.998912 5.103034 -6.406656 -0.540145 0.717470 -0.439864 -0.493000 0.153837 0.856321 -0.682052 -0.679391 -0.270618
0.073288 -5.153993 5.598270 -7.942303 -0.529173 0.717792 -0.452494 -0.507124 0.160013 0.846889 -0.680295 -0.677622 -0.279335
0.078624 -4.879531 6.640261 5.378121 -0.545037 0.724587 -0.421792 0.596508 -0.018391 -0.802396 -0.589163 -0.688938 -0.422198
0.306384 -5.055945 4.021147 6.163039 -0.542435 0.707575 -0.452882 0.618652 -0.028272 -0.785156 -0.568361 -0.706072 -0.422407
0.269465 -4.799973 6.164905 4.210272 -0.555720 0.719300 -0.416873 0.686837 0.114691 -0.717706 -0.468434 -0.685167 -0.557778
0.079151 -4.584638 7.069697 7.163492 -0.559198 0.723864 -0.404127 0.672354 0.110798 -0.731890 -0.485013 -0.680988 -0.548651
0.768994 -7.527635 -4.141764 -35.937794 0.759198 -0.509120 0.405481 -0.649088 -0.546312 0.529365 0.047991 0.665086 0.745223
0.841598 -7.768294 4.408040 -24.316893 0.759846 -0.537992 0.364964 -0.649911 -0.614968 0.446576 0.015813 0.576523 0.816928
0.837275 -8.316543 0.667508 8.420247 0.760678 -0.521046 0.387143 -0.629132 -0.738668 0.241996 -0.159879 0.427645 0.889696
0.327531 -3.577979 0.577485 -12.189315 -0.629231 0.651667 -0.423555 0.715420 0.698592 0.012007 0.303716 -0.295464 -0.905791
0.408723 -3.307539 6.597598 0.384877 -0.592387 0.703412 -0.392797 0.777166 0.627426 -0.048483 0.212348 -0.333989 -0.918346
0.450368 -3.484855 -0.997757 -6.088282 -0.609015 0.665928 -0.430860 0.763428 0.639491 -0.090713 0.215123 -0.384177 -0.897848
0.111596 -4.493690 -3.009605 -27.091232 -0.685765 0.571813 -0.450285 0.602279 0.793193 0.090024 0.408640 -0.209463 -0.888335
0.151819 -4.041129 -0.948217 -20.029582 -0.662832 0.611504 -0.432108 0.638080 0.763268 0.101366 0.391800 -0.208531 -0.896107
0.290861 -3.932569 -3.130840 -19.623000 -0.648601 0.616724 -0.446059 0.693911 0.719932 -0.013613 0.312737 -0.318354 -0.894900
-0.202977 -3.154797 -0.005868 2.149953 0.539430 -0.599637 0.591144 0.795609 0.133083 -0.591012 0.275721 0.789129 0.548865
-0.190266 -3.141809 5.099420 -6.137412 0.516990 -0.608710 0.601825 0.779495 0.044267 -0.624842 0.353706 0.792157 0.497372
-0.198637 -3.134680 3.460429 -2.462980 0.533594 -0.596150 0.599902 0.798809 0.122245 -0.589033 0.277817 0.793512 0.541439
-0.103885 -1.543967 -15.704983 -14.555433 -0.583197 0.605864 -0.541119 0.343500 -0.419717 -0.840146 0.736131 0.675846 -0.036663
-0.572770 -1.403241 -16.298138 -19.274731 -0.620297 0.639815 -0.453726 0.288572 -0.351738 -0.890509 0.729354 0.683313 -0.033549
-0.195086 -1.022635 -16.775921 -8.736447 -0.583060 0.610526 -0.536003 0.358017 -0.399153 -0.844098 0.729291 0.684058 -0.014151
0.722725 -5.763243 15.520800 9.688297 -0.543564 0.831511 -0.114574 -0.347210 -0.347019 -0.871219 0.764188 0.433783 -0.477336
-0.516723 -6.142957 30.564854 36.343153 -0.590055 0.782591 -0.198460 -0.131322 -0.335571 -0.932817 0.796611 0.524351 -0.300777
-0.366942 -4.079209 7.062336 12.340630 -0.433319 0.874943 0.216124 -0.515626 -0.043999 -0.855683 0.739165 0.482223 -0.470209
2.997694 -3.733296 -86.687604 9.774923 -0.247403 0.909953 0.332832 -0.745327 0.040758 -0.665452 0.619096 0.412704 -0.668129
-1.227100 -4.472676 13.601847 14.375372 -0.432856 0.883473 0.179193 -0.370594 0.006809 -0.928770 0.821764 0.468432 -0.324463
-0.310888 -3.951803 -52.897183 -3.883428 -0.126037 0.786613 0.604446 -0.609521 0.419324 -0.672794 0.782687 0.453219 -0.426607
1.863350 -3.670050 -69.546027 24.265614 -0.055836 0.682725 0.728539 -0.750264 0.452755 -0.481784 0.658776 0.573498 -0.486944
0.506303 -12.473216 -1.046788 -12.582376 -0.410302 0.761055 -0.502441 0.899022 0.245119 -0.362872 -0.153008 -0.600592 -0.784779
0.209973 -13.032407 -17.207906 0.924288 -0.368367 0.756010 -0.541068 0.927535 0.259343 -0.269111 -0.063128 -0.600991 -0.796759
1.124735 -12.472012 -4.896223 23.963301 -0.417460 0.760849 -0.496825 0.890664 0.450981 -0.057742 0.180126 -0.466609 -0.865928
0.797324 -1.247213 -4.060567 4.998874 -0.592965 0.799285 -0.097648 -0.095769 -0.190410 -0.977022 0.799512 0.569989 -0.189454
0.847114 -1.493921 -8.410207 5.878128 -0.587444 0.804857 -0.084345 -0.060219 -0.147410 -0.987241 0.807021 0.574870 -0.135062
1.044262 -1.379473 -8.333690 2.626343 -0.616804 0.777862 -0.120350 -0.066937 -0.204183 -0.976641 0.784265 0.594340 -0.178009
0.878789 -1.220241 -4.625117 3.094159 -0.617942 0.769580 -0.160917 -0.082292 -0.266856 -0.960217 0.781906 0.580116 -0.228232
0.723524 -1.044156 -1.311519 3.764323 -0.592786 0.788944 -0.161781 -0.093519 -0.266953 -0.959161 0.799912 0.553447 -0.232028
0.441698 -22.299921 -7.035430 69.088571 -0.139176 -0.743158 0.654481 0.989806 -0.084217 0.114856 -0.030238 0.663794 0.747304
0.060544 -24.295087 -9.778471 -201.299404 -0.072873 -0.736834 0.672135 0.979479 0.074101 0.187429 -0.187910 0.672001 0.716313
0.464092 -24.852543 -4.681298 -147.212594 -0.071840 -0.731954 0.677557 0.969768 -0.210094 -0.124138 0.233214 0.648155 0.724918
20.139052 -219.715830 124.946313 45983.154468 -0.217566 0.641432 -0.735683 0.952536 0.303971 -0.016669 0.212934 -0.704391 -0.677120
22.597053 -782.225780 787.541444 70219.510163 -0.125343 0.692711 -0.710240 0.942109 0.307515 0.133662 0.310998 -0.652370 -0.691154
60.039720 -562.373707 3932.775872 78420.461505 -0.012098 0.735788 -0.677103 0.939258 0.240641 0.244716 0.342998 -0.633014 -0.694007
-1.385085 -2.960774 9.230575 -5.569130 0.519066 -0.819812 -0.241825 0.785013 0.345326 0.514300 -0.338121 -0.456792 0.822810
-1.276548 -2.677815 6.234132 -11.394315 0.552802 -0.809260 -0.198764 0.710681 0.333293 0.619555 -0.435135 -0.483750 0.759371
-1.025879 -2.815495 11.319583 -11.495406 0.492644 -0.815604 -0.303466 0.779730 0.258855 0.570101 -0.386423 -0.517478 0.763474
2.712366 0.500742 16.404754 0.590397 0.216301 0.849434 0.481328 0.555161 -0.512548 0.655050 -0.803125 -0.125527 0.582437
2.690816 0.531674 -69.089616 -0.709912 0.005742 0.776156 0.630515 0.535980 -0.534694 0.653321 -0.844211 -0.334192 0.419075
2.251164 0.502723 5.588367 0.399599 0.180315 0.851457 0.492450 0.574797 -0.497489 0.649702 -0.798182 -0.165908 0.579120
1.952178 0.465325 72.076122 1.140780 0.311179 0.891498 0.329241 0.582499 -0.452656 0.675128 -0.750908 0.018303 0.660153
1.959245 0.453804 56.971951 1.507689 0.221261 0.931395 0.289046 0.617618 -0.363207 0.697588 -0.754713 -0.024171 0.655610
0.797607 -8.719220 6.235490 -121.957622 -0.833960 -0.461406 0.302680 -0.151400 0.718775 0.678557 -0.530649 0.520064 -0.669287
0.731430 -13.502451 -3.897530 -263.202827 0.826796 0.510397 -0.236438 -0.169786 0.627171 0.760151 -0.536266 0.588346 -0.605201
0.359808 -13.454852 14.559705 -210.627761 -0.801800 -0.531253 0.273656 -0.155084 0.627221 0.763245 -0.577119 0.569530 -0.585295
0.469482 -7.602483 15.094985 -55.772787 -0.809455 -0.458141 0.367273 -0.117740 0.739420 0.662868 -0.575256 0.493319 -0.652469
4.948171 -6.998164 -52.723053 -30.262655 0.750353 -0.516676 0.412330 0.516902 0.069795 -0.853195 -0.412046 -0.853332 -0.319442
5.888183 -6.998508 -42.681090 -11.236443 0.777629 -0.401678 0.483682 0.490839 -0.092899 -0.866284 -0.392901 -0.911057 -0.124918
6.270150 -7.514869 -51.186519 11.803917 0.841740 -0.320793 0.434242 0.505552 0.186103 -0.842486 -0.189450 -0.928686 -0.318828
4.463200 -6.108354 -37.660630 -10.580049 0.674916 -0.562264 0.477857 0.506784 -0.117500 -0.854028 -0.536337 -0.818568 -0.205643
4.892856 -7.210031 -54.393627 -15.393286 0.792893 -0.487327 0.365831 0.538817 0.280305 -0.794421 -0.284599 -0.827007 -0.484833
3.268518 -6.331766 -28.043658 -20.317048 0.737138 -0.577012 0.351688 0.580035 0.273280 -0.767384 -0.346680 -0.769659 -0.536132
3.231119 -6.212547 -37.302161 -37.587095 0.647952 -0.635325 0.420144 0.552614 0.012502 -0.833344 -0.524191 -0.772144 -0.359190
0.353823 -1.195204 12.813510 5.540936 -0.580521 -0.553372 -0.597306 0.045252 0.710510 -0.702230 0.812987 -0.434689 -0.387425
0.041840 -1.278258 5.542326 1.781436 -0.543518 -0.263405 -0.796998 0.199703 0.881648 -0.427570 0.815296 -0.391555 -0.426589
0.369646 -1.239991 9.615800 -0.664647 -0.577445 -0.383427 -0.720792 0.185937 0.797896 -0.573402 0.794975 -0.465130 -0.389448
0.561990 -1.557386 -12.097424 -3.011495 -0.472283 -0.110380 -0.874509 0.320897 0.902514 -0.287217 0.820959 -0.416275 -0.390821
0.792504 -1.491325 -10.894430 -5.219037 -0.511702 -0.222276 -0.829912 0.323319 0.845129 -0.425702 0.796006 -0.486159 -0.360588
0.605686 -0.711363 29.636105 -6.154461 0.254534 0.896689 0.362162 0.589843 -0.440722 0.676646 -0.766353 -0.041389 0.641085
0.596967 -1.087555 22.804845 -5.780025 0.220706 0.920377 0.322792 0.633132 -0.386941 0.670388 -0.741911 -0.056411 0.668121
1.466412 -0.944036 30.430580 -6.274282 0.302743 0.843954 0.442819 0.588437 -0.531008 0.609732 -0.749726 -0.075979 0.657372
0.628561 -3.850219 -5.510366 -3.905124 -0.349101 0.670540 -0.654603 -0.132195 0.656326 0.742805 -0.927714 -0.345849 0.140482
0.395603 -4.022209 9.145257 -1.973832 0.388545 -0.662235 0.640685 -0.091582 0.664119 0.741997 -0.916867 -0.346974 0.197391
0.422643 -3.736609 -6.283004 -0.749290 -0.372973 0.688325 -0.622173 -0.226196 0.582874 0.780444 -0.899848 -0.431818 0.061700
0.635907 -4.036920 6.823174 -5.374178 0.355595 -0.648575 0.672981 0.006532 0.721749 0.692124 -0.934617 -0.241720 0.260886
0.582194 -3.675766 -4.569521 0.962918 -0.343908 0.684471 -0.642827 -0.259341 0.588720 0.765605 -0.902479 -0.430009 0.024954
-0.430624 -10.356880 -18.626067 -135.526831 0.911343 -0.339509 0.232783 0.391252 0.890186 -0.233431 0.127968 -0.303812 -0.944099
-1.166413 -11.407549 34.798652 -76.873517 -0.913538 0.346737 -0.212653 0.332876 0.937756 0.099034 0.233756 0.019684 -0.972096
-1.133995 -9.963196 -25.766582 -157.091083 0.894363 -0.385068 0.227679 0.436729 0.861803 -0.257999 0.096867 -0.330179 -0.938935
-1.075195 -6.608474 -8.782913 -110.510004 0.854645 -0.410966 0.317315 0.513298 0.760741 -0.397238 0.078143 -0.502374 -0.861112
-0.540917 -6.956257 -19.277838 -108.094300 0.898707 -0.363214 0.245766 0.434124 0.816223 -0.381204 0.062142 -0.449284 -0.891225
-1.726998 -9.132403 -2.291341 -125.442824 0.813269 -0.444523 0.375491 0.548469 0.801139 -0.239496 0.194359 -0.400720 -0.895348
35.896460 -5.061435 776.594952 76.845338 0.580928 -0.348052 0.735787 0.800820 0.406142 -0.440155 -0.145638 0.844931 0.514666
26.694092 -4.977564 673.322360 0.945354 0.541020 -0.488185 0.684816 0.833707 0.418393 -0.360388 -0.110587 0.765913 0.633362
16.231929 -3.338306 404.136148 -4.732204 0.628030 -0.368247 0.685545 0.735889 0.567527 -0.369298 -0.253072 0.736415 0.627413
17.144513 -2.520443 285.242875 21.573202 0.566343 -0.173113 0.805784 0.735214 0.547940 -0.399025 -0.372445 0.818409 0.437597
1.872990 -4.037730 -6.022463 3.075321 0.058041 -0.542854 0.837819 0.075640 0.839213 0.538517 -0.995445 0.032116 0.089770
1.951429 -3.977043 6.941617 -2.249628 0.156770 -0.587833 0.793647 0.055432 0.807554 0.587183 -0.986078 -0.048060 0.159185
1.527478 -4.016880 -4.746332 3.995711 0.081922 -0.545728 0.833949 -0.046919 0.833722 0.550188 -0.995534 -0.084200 0.042696
-0.470963 -3.273987 -2.142250 9.750979 0.424231 -0.533365 0.731813 0.904872 0.218319 -0.365436 0.035142 0.817226 0.575244
-0.470854 -3.129286 -0.452251 -6.005033 0.502407 -0.531412 0.682048 0.856649 0.198992 -0.475978 0.117219 0.823410 0.555208
-0.499468 -3.404972 -1.127573 -5.872503 0.492274 -0.510076 0.705329 0.866281 0.207973 -0.454207 0.084991 0.834607 0.544249
-0.395366 -3.664804 -1.477900 5.159531 0.476332 -0.503764 0.720645 0.879094 0.256667 -0.401641 0.017366 0.824830 0.565115
-0.278483 -5.416472 -3.786169 -1.181906 0.349824 -0.567262 0.745545 0.288968 0.822362 0.490121 -0.891135 0.043983 0.451602
-0.209004 -5.571835 -3.140781 -1.119418 0.352207 -0.549857 0.757369 0.469458 0.803850 0.365286 -0.809666 0.226897 0.541256
-0.240921 -5.688502 -0.971209 -1.162451 0.343617 -0.569345 0.746842 0.322488 0.818443 0.475555 -0.882003 0.077439 0.464838
-0.248175 -5.522193 -2.160188 -1.470234 0.340873 -0.587861 0.733639 0.146609 0.804069 0.576177 -0.928607 -0.088845 0.360271
0.172127 -8.420965 12.743525 7.927030 0.521627 -0.620185 0.585898 0.837248 0.504167 -0.211733 -0.164077 0.600988 0.782236
0.521385 -8.100428 5.541807 -17.184019 0.463631 -0.629158 0.623864 0.783744 0.619632 0.042442 -0.413269 0.469273 0.780379
0.404009 -7.679628 -0.589227 4.250060 0.478771 -0.598268 0.642537 0.849635 0.500077 -0.167461 -0.221131 0.626097 0.747732
-0.888704 -13.155202 2.819137 10.975023 -0.711207 0.480787 -0.512864 -0.052563 0.691142 0.720805 0.701015 0.539599 -0.466273
-0.370453 -12.336906 16.088426 -14.239133 -0.745496 0.446947 -0.494443 0.009304 0.748744 0.662793 0.666445 0.489510 -0.562344
-0.632705 -12.460552 -5.185971 25.564863 0.713356 -0.494692 0.496391 -0.212615 0.522161 0.825920 0.667771 0.694715 -0.267307
-0.704707 -12.648556 -0.706979 71.757140 0.691644 -0.499306 0.521845 -0.304237 0.453886 0.837513 0.655033 0.738025 -0.162020
-0.803720 -13.317246 -3.992664 23.139202 -0.681134 0.497644 -0.537036 -0.091933 0.669560 0.737047 0.726364 0.551399 -0.410310
-0.847325 -13.130092 -4.695284 -28.957667 -0.685871 0.483442 -0.543934 0.129658 0.816669 0.562353 0.716079 0.315176 -0.622812
-1.338874 -3.815717 0.104521 -11.511755 -0.675236 -0.347459 -0.650637 0.727003 -0.462505 -0.507499 -0.124588 -0.815697 0.564904
-1.327464 -3.515664 1.778814 -2.650012 0.738449 0.339004 0.582897 0.653613 -0.572376 -0.495152 -0.165778 -0.746634 0.644248
-1.476795 -3.360036 4.443346 -0.921857 0.700934 0.329584 0.632507 0.679265 -0.578875 -0.451112 -0.217463 -0.745840 0.629629
-1.444480 -3.585898 -2.641864 -6.315824 -0.616415 -0.348719 -0.705994 0.768212 -0.463162 -0.441964 -0.172869 -0.814786 0.553390
-1.226513 -4.495812 0.880199 -25.164614 -0.584798 -0.359250 -0.727290 0.808326 -0.333217 -0.485361 -0.067980 -0.871726 0.485256
-0.958769 -7.214738 -19.431237 8.516315 -0.282976 0.607618 -0.742109 0.958604 0.204733 -0.197898 0.031687 -0.767388 -0.640399
-1.400266 -6.956772 -22.921692 -14.681919 -0.328730 0.615893 -0.715969 0.936126 0.112223 -0.333277 -0.124915 -0.779796 -0.613445
-2.490003 -16.943267 2.409282 -332.611569 -0.650394 0.443167 -0.616920 0.753087 0.482306 -0.447483 0.099235 -0.755635 -0.647432
1.271407 -21.368884 -11.999726 -483.566177 0.786149 -0.214016 0.579799 0.526782 0.722654 -0.447518 0.323218 -0.657243 -0.680853
-3.000675 -8.924446 1.212234 -20.899505 -0.405718 0.529431 -0.745048 0.873227 0.465275 -0.144894 0.269941 -0.709381 -0.651083
-39.213137 -230.261688 -778.169963 5369.908669 0.214515 0.748919 -0.626980 0.839109 0.187223 0.510729 0.499880 -0.635663 -0.588262
-15.206656 -184.851546 -273.530945 76.963915 0.204414 0.579869 -0.788648 0.033912 0.800982 0.597728 0.978297 -0.148929 0.144067
-4.287772 -231.605847 -486.710177 -164.899618 0.257293 0.644704 -0.719831 0.950723 -0.035531 0.307999 0.172991 -0.763606 -0.622077
1.992437 -130.412532 600.432965 4563.195902 -0.353462 -0.610646 0.708644 -0.574947 0.739382 0.350358 -0.737903 -0.283594 -0.612432
-106.274839 -173.668869 -1830.683441 5356.404025 0.128661 0.898911 -0.418813 -0.737322 0.369132 0.565772 -0.663177 -0.236007 -0.710280
1.533225 -3.145821 22.678088 -3.183376 0.752860 -0.501701 0.426026 0.186200 -0.458487 -0.868976 -0.631294 -0.733543 0.251760
1.723415 -2.970582 -12.455816 6.098702 -0.728912 0.542563 -0.417508 -0.077618 0.540424 0.837805 -0.680193 -0.643093 0.351809
1.167950 -2.956916 27.291247 -6.378428 0.785872 -0.494257 0.371639 0.073895 -0.521615 -0.849975 -0.613958 -0.695434 0.373400
0.769061 -3.041166 29.708018 -3.449354 0.788380 -0.478522 0.386618 0.155525 -0.453009 -0.877835 -0.595205 -0.752197 0.282721
0.154866 -2.928067 21.044237 -3.933540 0.795595 -0.509132 0.328349 0.056726 -0.476997 -0.877072 -0.603167 -0.716421 0.350616
0.700350 -2.673673 26.465904 -7.811068 0.798626 -0.500600 0.334062 -0.009178 -0.565144 -0.824941 -0.601758 -0.655753 0.455932
-1.877260 -4.032707 3.899119 -7.923877 0.179322 -0.268291 0.946501 -0.319447 0.894084 0.313955 -0.930482 -0.358656 0.074624
-1.854685 -4.292256 -1.518692 -9.398863 0.091934 -0.222157 0.970667 -0.260277 0.935545 0.238770 -0.961147 -0.274593 0.028187
-1.802462 -3.958475 1.818825 -10.976759 0.110414 -0.274487 0.955231 -0.407582 0.864068 0.295404 -0.906469 -0.421951 -0.016471
-1.714650 -3.675638 5.686787 -9.627047 0.229050 -0.342748 0.911076 -0.438203 0.799451 0.410921 -0.869203 -0.493357 0.032921
-1.725718 -3.753665 2.425528 -7.183614 0.276002 -0.342383 0.898107 -0.345680 0.836519 0.425137 -0.896844 -0.427796 0.112527
-0.769672 -7.299139 8.862618 -17.942543 0.787755 -0.574455 0.222361 0.507370 0.809801 0.294616 -0.349311 -0.119266 0.929385
-0.575114 -7.774854 7.339940 -5.501580 0.780168 -0.581498 0.230646 0.594050 0.804222 0.018188 -0.196067 0.122825 0.972868
-0.901827 -7.343387 4.884621 -2.363644 0.757788 -0.599710 0.257109 0.592337 0.797524 0.114416 -0.273667 0.065592 0.959585
-1.022482 -6.960274 8.465794 -15.213469 0.774500 -0.583226 0.244943 0.503297 0.802714 0.319911 -0.383200 -0.124492 0.915237
1.870437 -10.610214 -1.019661 -29.026124 -0.442049 0.654212 -0.613677 0.885890 0.211110 -0.413076 -0.140686 -0.726250 -0.672881
2.917472 -14.062740 10.195948 -168.791381 -0.420566 0.689783 -0.589341 0.906395 0.347841 -0.239698 0.039657 -0.634985 -0.771506
1.753251 -11.639124 -1.767396 -47.736544 -0.516711 0.665730 -0.538343 0.832954 0.245489 -0.495906 -0.197982 -0.704655 -0.681370
-2.889511 -45.646374 -87.439375 -901.142204 -0.735987 0.588657 -0.334375 -0.004090 0.490034 0.871694 -0.676984 -0.642923 0.358251
-1.355779 -27.220733 44.559057 507.186707 0.709743 -0.500407 0.495840 0.374667 -0.327918 -0.867234 -0.596565 -0.801288 0.045252
0.900341 -61.714730 22.912490 1286.418030 0.725295 -0.546852 0.418210 0.258078 -0.347201 -0.901580 -0.638234 -0.761843 0.110693
2.003201 -65.683242 -83.616107 -1364.590679 -0.701278 0.673321 -0.234199 0.196942 0.498718 0.844094 -0.685145 -0.545821 0.482345
-0.493857 -33.202942 35.752476 -48.996974 0.699881 -0.623573 0.348314 0.466317 0.768303 0.438474 -0.541031 -0.144455 0.828504
-5.002655 -33.280540 129.723010 -86.252631 0.708816 -0.626167 0.324799 0.477210 0.764757 0.432918 -0.519471 -0.151861 0.840885
-5.058151 -6.233536 -20.664515 -33.291002 -0.407577 0.883067 -0.232538 0.193982 -0.165111 -0.967010 0.892330 0.439239 0.104003
-4.491221 -6.015211 -32.362864 -7.858338 -0.226200 0.749563 -0.622085 0.235732 -0.577530 -0.781594 0.945127 0.323442 0.046058
-3.512160 -5.302672 6.431404 24.783025 0.017709 0.620931 -0.783666 -0.458169 0.701693 0.545626 0.888688 0.349389 0.296918
-3.709855 -5.906828 0.135353 -15.662226 -0.122473 0.700997 -0.702570 0.317773 -0.642934 -0.696890 0.940224 0.308608 0.144016
-2.159797 -4.113338 -27.356534 7.894223 0.605748 -0.234136 0.760427 -0.457165 0.679793 0.573482 0.651206 0.695026 -0.304744
0.341844 -3.736628 -55.032022 3.141447 0.740796 -0.294072 0.603939 -0.298009 0.661882 0.687825 0.602007 0.689517 -0.402683
-0.646709 -3.818700 -60.554678 8.121680 0.744784 -0.294532 0.598788 -0.354538 0.585545 0.728999 0.565331 0.755240 -0.331682
0.085842 -5.511186 3.271424 -4.510189 -0.513505 0.693314 -0.505597 -0.365609 0.356277 0.859882 -0.776301 -0.626404 -0.070532
0.197387 -5.287857 3.880453 -8.353147 -0.523410 0.703880 -0.480202 -0.506420 0.196254 0.839657 -0.685259 -0.682669 -0.253738
-0.001699 -5.403094 2.520840 -6.871754 -0.526276 0.702885 -0.478526 -0.376935 0.311605 0.872251 -0.762203 -0.639418 -0.100952
-0.077022 -5.192614 2.623029 -4.779722 -0.534556 0.709369 -0.459397 -0.380877 0.283039 0.880239 -0.754442 -0.645511 -0.118882
-0.143318 -5.248857 1.366001 -0.593203 -0.527964 0.700033 -0.480841 -0.217716 0.435699 0.873365 -0.820886 -0.565792 0.077626
-0.113285 -5.522643 2.240806 -2.290232 -0.516621 0.693834 -0.501694 -0.222390 0.457097 0.861165 -0.826828 -0.556468 0.081844
0.135668 -7.223827 -17.780490 103.050844 0.867738 -0.456045 0.197618 -0.271525 -0.101940 0.957017 0.416298 0.884099 0.212285
-0.743694 -10.661873 -19.770174 150.997663 0.869420 -0.447335 0.209761 -0.229087 0.011168 0.973342 0.437753 0.894297 0.092769
-0.125075 -10.969249 -23.972727 135.479338 0.885027 -0.433132 0.170659 -0.135343 0.111363 0.984520 0.445432 0.894424 -0.039938
0.765289 -9.606736 -16.078678 123.129653 0.863915 -0.470563 0.179501 -0.198455 0.009507 0.980064 0.462889 0.882315 0.085172
0.535812 -5.593047 -10.213063 54.136838 0.843862 -0.491963 0.214171 -0.328842 -0.158785 0.930940 0.423981 0.856014 0.295771
0.442569 -3.337607 7.709593 6.955945 -0.569137 0.724516 -0.388793 0.809706 0.576103 -0.111725 0.143038 -0.378394 -0.914526
0.554404 -3.433630 9.688441 5.940896 -0.578941 0.715806 -0.390447 0.808247 0.566965 -0.159021 0.107542 -0.407641 -0.906787
2.619367 -3.937008 15.093534 6.861538 0.334887 -0.699953 0.630806 0.227269 0.709699 0.666840 -0.914439 -0.079954 0.396747
2.567359 -4.020010 8.026823 8.736740 -0.212976 0.740826 -0.637039 0.277180 0.671022 0.687678 -0.936916 0.030116 0.348254
2.249600 -3.842015 -10.439466 5.081289 -0.307673 0.717582 -0.624831 0.348055 0.696051 0.627989 -0.885548 0.024260 0.463915
1.915120 -3.850111 22.180718 2.381274 0.420959 -0.665017 0.616884 0.280746 0.742204 0.608535 -0.862540 -0.082981 0.499139
0.472549 -2.399002 1.381562 -23.277788 -0.605094 0.546122 -0.579320 0.319175 -0.500218 -0.804928 0.729375 0.671962 -0.128371
0.256446 -2.994296 -1.799669 -18.956475 -0.603409 0.566263 -0.561465 0.227658 -0.552461 -0.801847 0.764244 0.611664 -0.204446
0.289376 -2.608222 -8.583369 -24.539600 -0.594113 0.587828 -0.549080 0.283774 -0.485554 -0.826867 0.752664 0.647067 -0.121663
2.500259 -4.330472 -22.163719 -1.782869 -0.500331 0.865530 -0.022951 -0.760135 -0.451789 -0.466992 0.414565 0.216204 -0.883963
2.747511 -4.669957 -26.551348 2.960000 -0.454452 0.886554 0.086573 -0.791730 -0.357473 -0.495356 0.408213 0.293658 -0.864365
4.133032 -3.834079 -56.387042 19.556920 -0.394426 0.918477 0.028761 -0.874194 -0.365395 -0.319800 0.283220 0.151280 -0.947048
3.624292 -3.620568 -40.651301 13.436877 -0.452681 0.890099 -0.052945 -0.840264 -0.445700 -0.308721 0.298390 0.095264 -0.949678
0.105021 -7.227811 15.768462 24.176766 -0.588907 0.743796 -0.316160 -0.050752 -0.424451 -0.904027 0.806606 0.516342 -0.287711
-0.751864 -7.638980 15.287221 39.709943 -0.582650 0.712790 -0.390447 0.183073 -0.352962 -0.917552 0.791835 0.606093 -0.075160
1.686872 -11.690213 4.013341 -99.795958 -0.393715 0.784293 -0.479450 -0.782942 -0.559407 -0.272151 0.481654 -0.268232 -0.834303
2.530648 -9.685233 7.581359 -116.737956 -0.330426 0.815391 -0.475348 -0.628773 -0.565773 -0.533427 0.703891 -0.122628 -0.699642
2.111997 -10.499730 39.322574 -86.562274 -0.471589 0.791526 -0.388704 -0.629613 -0.610860 -0.480039 0.617407 -0.018352 -0.786430
0.980518 -1.710340 -13.478645 6.368338 -0.585786 0.804978 -0.094160 -0.009640 -0.123092 -0.992348 0.810409 0.580396 -0.079866
0.542402 -1.821751 -9.408184 11.070727 -0.571368 0.813796 -0.106178 -0.011799 -0.137508 -0.990430 0.820609 0.564648 -0.088170
0.255287 -1.847156 -4.191363 13.093704 -0.565667 0.811073 -0.148935 0.002218 -0.179110 -0.983827 0.824631 0.556849 -0.099517
0.146753 -2.423334 -8.960634 16.206706 -0.551825 0.808593 -0.204122 0.107063 -0.174049 -0.978900 0.827059 0.562036 -0.009474
0.753462 -2.132378 -15.200387 12.223217 -0.563054 0.813358 -0.146350 0.072706 -0.127649 -0.989151 0.823216 0.567586 -0.012737
-0.773571 -2.319356 9.953648 -16.421566 0.457723 -0.822810 -0.336857 0.756224 0.161049 0.634183 -0.467562 -0.545019 0.695945
3.048906 0.422529 -15.875242 -0.998289 0.178815 0.813301 0.553685 0.515544 -0.556765 0.651328 -0.837998 -0.168981 0.518850
1.431651 -3.260046 -25.912328 9.380364 -0.501468 0.781371 -0.371468 0.488815 -0.098381 -0.866823 0.713856 0.616263 0.332611
1.335348 -3.509304 -31.052835 5.923734 -0.483315 0.782605 -0.392348 0.592114 -0.037884 -0.804963 0.644832 0.621365 0.445081
1.895090 -3.262148 23.919400 7.771743 0.520939 -0.756861 0.394694 0.552710 -0.053281 -0.831669 0.650487 0.651400 0.390569
1.688674 -2.884539 3.574829 -7.992146 0.577628 -0.711206 0.400664 -0.472391 0.109056 0.874616 0.665727 0.694473 0.272974
1.569009 -2.788908 -20.835671 10.391822 -0.543352 0.776344 -0.319466 0.366009 -0.123402 -0.922393 0.755518 0.618111 0.217098
1.002056 -3.183978 -27.827158 9.662235 -0.506443 0.798829 -0.324636 0.405374 -0.111718 -0.907299 0.761044 0.591094 0.267245
4.303704 -46.038856 34.752720 671.782010 -0.367969 0.545303 -0.753156 0.068521 0.823686 0.562891 0.927310 0.155519 -0.340456
2.673549 -30.679284 16.604363 -377.979979 -0.346865 0.540395 -0.766588 0.594348 0.758922 0.266061 0.725559 -0.363333 -0.584426
3.259622 -60.376156 4.775535 -954.233548 -0.194778 0.657672 -0.727688 0.394678 0.731737 0.555689 0.897937 -0.178967 -0.402095
4.734068 -33.195778 11.824878 125.760811 0.001749 0.690851 -0.722995 0.117228 0.717869 0.686237 0.993103 -0.085955 -0.079732
6.947825 -44.226458 96.953600 -714.434871 -0.273456 0.666042 -0.693981 0.212973 -0.661649 -0.718932 0.938011 0.344396 -0.039083
3.545048 -29.686927 10.084853 441.836707 -0.083177 0.655753 -0.750379 -0.640423 -0.612084 -0.463908 0.763505 -0.441974 -0.470871
0.839317 -10.745215 1.800642 -185.735967 0.844109 0.477144 -0.244568 -0.177116 0.678672 0.712765 -0.506073 0.558335 -0.657383
0.778405 -16.495234 -3.496975 -332.592266 0.830721 0.503797 -0.236834 -0.132904 0.592615 0.794446 -0.540591 0.628487 -0.559255
6.919123 -7.743622 -8.708780 -11.440860 0.860353 -0.148148 0.487693 0.479442 -0.089528 -0.872995 -0.172995 -0.984904 0.005998
5.454470 -6.448156 -33.447360 7.927878 0.712326 -0.471263 0.520098 0.442373 -0.273840 -0.854001 -0.544883 -0.838405 -0.013411
6.540691 -6.980076 -16.729332 -23.499195 0.818681 -0.265173 0.509358 0.433580 -0.296149 -0.851061 -0.376524 -0.917594 0.127477
-0.089110 -1.045050 -0.937507 0.708756 -0.526862 -0.310255 -0.791302 0.163959 0.876412 -0.452792 0.833987 -0.368300 -0.410879
-0.116308 -1.332991 4.785650 2.664957 -0.478145 -0.066194 -0.875783 0.230731 0.952664 -0.197976 0.847432 -0.296732 -0.440239
0.115330 -0.850625 -12.761073 3.466325 0.566889 0.653934 0.501006 -0.059188 0.638928 -0.766986 0.821665 -0.405143 -0.400906
-0.095690 -1.161955 -5.582153 -0.686714 -0.423830 0.026315 -0.905359 0.277815 0.955173 -0.102292 0.862083 -0.294876 -0.412141
-0.289389 -0.857609 -10.372532 -7.433591 -0.476661 -0.125957 -0.870017 0.256368 0.926744 -0.274627 0.840874 -0.353949 -0.409452
1.129321 -0.428862 26.782438 -2.757213 0.313913 0.817975 0.482054 0.502833 -0.573897 0.646375 -0.805368 -0.039487 0.591458
-0.005308 -0.365066 33.157161 -1.287082 0.220773 0.925402 0.308042 0.582114 -0.378436 0.719673 -0.782561 -0.020431 0.622238
0.911327 -0.534975 32.968342 -4.135950 0.298085 0.858266 0.417762 0.544151 -0.512369 0.664363 -0.784248 -0.029289 0.619756
0.227040 -3.840464 -8.498869 -6.815063 -0.394885 0.685021 -0.612219 -0.218515 0.577223 0.786807 -0.892366 -0.444477 0.078250
0.097102 -4.084601 -5.770336 -7.612088 -0.387143 0.677368 -0.625534 -0.160372 0.618628 0.769143 -0.907965 -0.398086 0.130867
0.329431 -4.200324 14.406504 -6.533800 0.396635 -0.639484 0.658590 0.028252 0.725600 0.687536 -0.917541 -0.254095 0.305866
0.189230 -4.206196 11.367241 -2.206279 0.397624 -0.649778 0.647831 -0.025548 0.697931 0.715709 -0.917193 -0.301134 0.260913
-0.242749 -11.839865 22.525985 -77.907628 -0.919376 0.322493 -0.225268 0.294783 0.943983 0.148321 0.260482 0.069958 -0.962941
-0.730711 -12.312775 27.946267 4.467708 -0.915393 0.326361 -0.235679 0.211070 0.887627 0.409350 0.342791 0.324971 -0.881413
-1.362615 -12.251396 -33.681403 18.079125 0.910138 -0.338928 0.238280 0.205996 0.869196 0.449514 0.359465 0.360035 -0.860906
10.735557 -4.174762 298.344280 -6.451792 0.560501 -0.443024 0.699691 0.799179 0.510881 -0.316723 -0.217143 0.736702 0.640405
2.265329 -4.101584 1.300367 -0.967791 0.097405 -0.563835 0.820123 0.215545 0.816435 0.535700 -0.971624 0.124594 0.201056
2.274102 -4.121855 18.355188 -8.126610 0.199098 -0.609948 0.767022 0.210195 0.791055 0.574499 -0.957172 0.046843 0.285706
1.748136 -3.961077 10.992789 -8.768352 0.234789 -0.624341 0.745032 0.114160 0.778864 0.616716 -0.965319 -0.059746 0.254143
1.460361 -3.848192 10.764846 -4.359505 0.249755 -0.620316 0.743525 0.004546 0.768602 0.639711 -0.968298 -0.156391 0.194783
1.250431 -3.235363 47.004821 27.726350 0.696470 -0.496287 0.518293 -0.685879 -0.248075 0.684126 0.210948 0.831960 0.513170
-0.413893 -3.419536 1.449043 -15.505500 0.553985 -0.506979 0.660358 0.813559 0.161322 -0.558656 0.176696 0.846727 0.501828
2.175242 -3.340017 76.266385 13.240948 0.713595 -0.479236 0.510994 -0.686439 -0.332610 0.646662 0.139942 0.812221 0.566315
-0.149216 -4.500098 0.564968 -5.821949 0.364707 -0.661651 0.655139 -0.112501 0.667135 0.736393 -0.924301 -0.342271 0.168873
-0.266480 -4.544914 -0.608844 -1.598986 0.368311 -0.645040 0.669530 -0.012259 0.716723 0.697250 -0.929622 -0.265013 0.256069
-0.301543 -4.894177 -1.896289 -4.937100 0.357800 -0.623811 0.694866 0.041170 0.753943 0.655648 -0.932890 -0.205983 0.295444
-0.251466 -4.979889 -0.558894 -4.171598 0.362194 -0.623229 0.693110 -0.024379 0.737009 0.675443 -0.931784 -0.261539 0.251746
0.238737 -8.499335 13.052145 -29.659306 0.517672 -0.618549 0.591111 0.783943 0.619661 -0.038122 -0.342708 0.483132 0.805689
0.569867 -7.630151 9.560785 -34.748054 0.483724 -0.629974 0.607572 0.711134 0.687571 0.146747 -0.510196 0.361079 0.780591
0.632229 -11.122484 34.967342 -30.976640 -0.774872 0.401622 -0.488133 0.067582 0.820427 0.567744 0.628496 0.406940 -0.662868
0.302516 -11.628971 29.188757 -4.351525 -0.768182 0.393620 -0.504936 0.186777 0.892150 0.411318 0.612381 0.221657 -0.758853
0.947793 -12.027123 32.807344 34.213240 -0.752295 0.381507 -0.537126 0.361982 0.920545 0.146850 0.550473 -0.083955 -0.830621
1.511664 -10.473350 45.896682 29.823722 -0.777202 0.345532 -0.525894 0.184102 0.924039 0.335049 0.601717 0.163583 -0.781778
-0.138673 -12.087323 16.912956 -12.187310 -0.739823 0.416063 -0.528728 0.352392 0.909073 0.222276 0.573133 -0.021875 -0.819170
-0.555329 -2.958686 10.016878 -9.400193 0.732238 0.443434 0.516908 0.628958 -0.731419 -0.263512 -0.261226 -0.518066 0.814474
-0.889710 -2.827775 7.291191 -14.929502 0.754162 0.383562 0.533029 0.565729 -0.791641 -0.230770 -0.333453 -0.475588 0.814018
-1.087839 -3.138516 4.441419 -7.919083 0.762502 0.355031 0.540873 0.582707 -0.740126 -0.335657 -0.281146 -0.571110 0.771227
-1.219993 -2.828926 6.878250 -11.006945 0.801252 0.269204 0.534344 0.483042 -0.818052 -0.312188 -0.353079 -0.508253 0.785503
-1.376509 -3.182789 6.127490 -4.695018 0.767538 0.309259 0.561466 0.583451 -0.699808 -0.412134 -0.265462 -0.643916 0.717566
-1.835140 -8.359094 -34.818715 54.154823 -0.382741 0.628125 -0.677472 0.868659 -0.004997 -0.495386 -0.314550 -0.778096 -0.543714
-2.613267 -6.837862 -22.460109 -1.889974 -0.220247 0.675222 -0.703965 0.931004 -0.069838 -0.358267 -0.291073 -0.734301 -0.613253
-0.793314 -8.203376 -20.127929 29.157804 -0.368706 0.600716 -0.709364 0.909869 0.077045 -0.407678 -0.190246 -0.795742 -0.574980
-61.609925 -212.480843 1214.898481 -5171.808958 -0.296868 -0.461404 0.836048 0.922639 -0.364308 0.126558 0.246185 0.808941 0.533861
-20.882871 -131.008652 -619.578709 -186.056205 0.290346 0.583860 -0.758160 -0.618246 0.719187 0.317082 0.730391 0.376666 0.569782
317.589159 25.012201 79265.127111 -0.155802 0.278254 -0.564207 -0.777332 -0.124473 0.781288 -0.611634 0.952408 0.266947 0.147168
1.818296 -2.959793 12.978103 7.291123 -0.636963 0.614174 -0.465905 -0.052588 0.568344 0.821109 -0.769098 -0.547517 0.329716
1.920556 -2.672174 5.211580 10.145492 0.710294 -0.562047 0.423775 -0.002370 0.600121 0.799906 -0.703901 -0.569172 0.424931
1.826022 -3.204650 5.836462 3.266312 -0.662012 0.590257 -0.461884 -0.162144 0.488877 0.857151 -0.731744 -0.642336 0.227936
2.979779 -12.660437 22.074831 -113.078905 -0.311932 0.666219 -0.677386 0.949860 0.234854 -0.206422 0.021564 -0.707811 -0.706073
4.728055 -37.931310 57.605513 -705.993090 -0.340840 0.700504 -0.626995 0.880387 0.471771 0.048495 0.329769 -0.535469 -0.777512
7.102133 -28.843795 71.824505 -510.212302 -0.235126 0.580363 -0.779676 0.927138 0.374720 -0.000668 0.291773 -0.723024 -0.626183
1.412173 -8.520535 7.398816 -1.662366 -0.347917 0.616104 -0.706661 0.917540 0.068957 -0.391620 -0.192549 -0.784641 -0.589291
2.917892 -11.088740 11.000901 -124.283459 -0.157869 0.533264 -0.831087 0.987082 0.061937 -0.147760 -0.027320 -0.843678 -0.536154
-4.106890 -5.851512 -0.478797 -1.895489 -0.510276 0.801794 -0.311039 0.146115 -0.275584 -0.950107 0.847507 0.530265 -0.023470
-2.151568 -5.610128 54.529638 -23.458796 -0.634556 0.666292 -0.391655 0.287188 -0.267192 -0.919854 0.717539 0.696177 0.021803
-1.222591 -2.401859 -22.159700 -6.649034 0.182999 -0.548992 0.815549 0.871908 -0.292616 -0.392621 0.454188 0.782933 0.425122
-0.541787 -1.873819 -10.895895 -21.123748 0.143408 -0.544229 0.826589 0.906719 -0.262460 -0.330115 0.396604 0.796825 0.455824
-1.013486 -1.826052 -27.031644 -23.000753 -0.116720 -0.437869 0.891430 0.917859 -0.390399 -0.071583 0.379357 0.809851 0.447470
-2.612142 -4.364776 -11.609532 -8.380569 -0.403013 0.167152 -0.899800 -0.467739 0.807455 0.359494 0.786639 0.565753 -0.247232
-2.780347 -4.136421 -13.666924 -21.841981 -0.377031 0.098646 -0.920932 -0.361315 0.899869 0.244312 0.852818 0.424860 -0.303637
0.647376 -3.014295 9.334657 15.229357 0.668061 -0.303463 0.679415 -0.596951 -0.763671 0.245879 -0.444234 0.569840 0.691331
1.223845 -3.424781 -25.371503 -5.068491 0.636505 -0.542412 0.548316 0.518040 0.827351 0.217082 -0.571398 0.145876 0.807604
1.243619 -3.099603 -22.884712 -10.717037 0.626106 -0.552516 0.550197 0.425536 0.833396 0.352661 -0.653383 0.013326 0.756910
-0.207870 -4.988721 1.753468 -2.019147 -0.551080 0.706255 -0.444426 -0.402564 0.241506 0.882959 -0.730926 -0.665491 -0.151224
-0.208762 -5.035279 0.082633 -2.041428 -0.544285 0.695686 -0.468802 -0.270993 0.383062 0.883078 -0.793925 -0.607688 0.019969
-1.070273 -12.532704 -23.939978 119.808057 0.867376 -0.462945 0.182594 -0.032313 0.313746 0.948957 0.496603 0.829003 -0.257177
0.658160 -3.757106 2.529636 13.354138 -0.582274 0.697928 -0.416958 0.812370 0.519541 -0.264824 0.031799 -0.492924 -0.869491
0.606620 -3.536131 -0.919140 6.402601 -0.589815 0.682331 -0.431906 0.798819 0.571367 -0.188222 0.118347 -0.456031 -0.882060
28.903033 -0.950367 694.602917 -46.454560 0.269110 -0.527992 0.805484 0.923801 -0.094988 -0.370903 0.272345 0.843921 0.462197
28.850927 -1.465298 685.383701 -18.149400 0.089207 -0.427744 0.899487 0.963983 -0.190103 -0.186005 0.250558 0.883683 0.395379
168.416506 -0.380518 4588.123383 84.787957 0.087909 -0.478783 0.873521 0.937237 -0.257293 -0.235345 0.337430 0.839385 0.426114
22.866439 -2.228613 532.287114 -41.854380 0.354208 -0.582573 0.731537 0.864842 -0.093548 -0.493252 0.355789 0.807377 0.470698
137.756741 -2.490180 3047.235751 -28.753902 0.353914 -0.512739 0.782204 0.887799 -0.078908 -0.453416 0.294206 0.854911 0.427283
2.683131 -6.215020 -49.272365 -20.954521 -0.413858 0.903937 -0.107790 -0.532116 -0.336280 -0.777025 0.738630 0.264221 -0.620172
3.172123 -8.300578 17.400866 -23.706932 -0.316516 0.847779 -0.425546 -0.527611 -0.530154 -0.663749 0.788317 -0.014435 -0.615100
3.827639 -9.513938 26.206441 82.203873 -0.305937 0.876470 -0.371757 -0.410908 -0.473798 -0.778890 0.858811 0.085534 -0.505102
2.990580 -9.830244 64.304075 -44.336376 -0.472711 0.816651 -0.331097 -0.460861 -0.549354 -0.697007 0.751101 0.176893 -0.636048
3.271247 -9.125438 -34.869431 113.520855 -0.071738 0.874556 -0.479589 -0.515794 -0.444073 -0.732636 0.853704 -0.194812 -0.482948
3.068898 -7.422294 -15.824431 -19.852941 -0.166339 0.859542 -0.483238 -0.576899 -0.482272 -0.659243 0.799699 -0.169122 -0.576090
1.150009 -1.520222 -9.011270 1.789416 -0.620139 0.778168 -0.099404 -0.040851 -0.158572 -0.986502 0.783427 0.607708 -0.130126
-0.020988 -20.739710 -3.329616 24.026650 -0.144641 -0.754004 0.640747 0.804749 0.287134 0.519550 -0.575723 0.590789 0.565253
0.046872 -17.367973 -4.656723 -49.313137 -0.099442 -0.732532 0.673430 0.942377 0.147931 0.300069 -0.319431 0.664465 0.675611
2.846095 0.470264 76.363168 -1.118432 0.323551 0.874562 0.361187 0.548882 -0.484407 0.681233 -0.770742 0.022165 0.636762
1.073568 -6.498287 3.302472 61.983966 -0.839359 -0.355977 0.410800 -0.079107 0.827683 0.555592 -0.537791 0.433843 -0.722884
0.912745 -8.533092 11.860855 113.531112 -0.798777 -0.372317 0.472584 -0.072688 0.839479 0.538509 -0.597220 0.395797 -0.697619
5.421189 -7.249395 -59.292811 1.324052 0.854027 -0.352341 0.382744 0.506763 0.397137 -0.765163 -0.117596 -0.847430 -0.517719
6.483479 -7.500119 -37.329258 41.013178 0.883314 -0.150792 0.443867 0.465946 0.386397 -0.795985 0.051481 -0.909923 -0.411571
6.692112 -8.021746 19.416716 46.712092 0.875442 0.025173 0.482667 0.468609 0.200327 -0.860392 0.118350 -0.979406 -0.163578
0.039485 -1.520543 3.557801 2.915568 -0.495883 -0.102577 -0.862309 0.244780 0.936222 -0.252134 0.833176 -0.336105 -0.439148
1.444611 -1.291796 31.778175 -5.336405 0.299217 0.864758 0.403316 0.632761 -0.496201 0.594473 -0.714200 -0.077326 0.695657
-0.264707 -1.480766 6.897608 1.026277 -0.035428 0.997257 0.064993 0.648324 -0.026557 0.760901 -0.760540 -0.069094 0.645605
