13526
27041
-7.507452 -10.045904 -118.289930 -124.047988 0.985611 -0.072243 0.152814 0.131105 0.897362 -0.421370 0.106688 -0.435342 -0.893921
-6.569679 -11.358352 49.663220 -303.467320 0.806770 -0.404203 0.430978 0.564629 0.742333 -0.360743 0.174116 -0.534380 -0.827117
-6.372991 -8.048047 -74.258562 -104.237993 0.981255 0.192303 0.012557 -0.147828 0.792918 -0.591124 0.123632 -0.578187 -0.806483
-5.168865 -7.683342 45.786197 -194.419737 0.913320 -0.163580 0.372945 0.364038 0.738436 -0.567616 0.182545 -0.654181 -0.733978
-5.503651 -8.997195 18.528778 -95.745539 0.967656 0.246921 -0.051698 -0.241161 0.845233 -0.476888 0.074057 -0.473931 -0.877442
-4.529549 -6.373615 -30.729418 -66.993320 0.851833 0.466586 -0.238072 -0.499056 0.584829 -0.639467 0.159135 -0.663530 -0.731029
-4.918435 -7.483625 6.994158 -75.303075 0.851045 0.450404 -0.269923 -0.520749 0.657969 -0.543965 0.067403 -0.603501 -0.794508
-6.604694 -8.633423 -49.788200 -43.243428 -0.345879 -0.121360 0.930397 -0.522036 0.848841 -0.083347 -0.779645 -0.514529 -0.356951
-7.178754 -8.572515 -25.343577 -10.934278 -0.314129 0.022558 0.949112 -0.594427 0.774833 -0.215154 -0.740257 -0.631764 -0.229989
-7.734007 -8.956849 -31.181770 -36.381759 -0.206558 -0.005625 0.978418 -0.494242 0.863625 -0.099377 -0.844428 -0.504103 -0.181169
-7.137694 -10.383429 27.062346 11.642560 -0.873522 -0.133188 0.468210 -0.056507 0.983083 0.174227 -0.483495 0.125734 -0.866270
-7.053481 -10.166561 -10.151994 24.972857 -0.934642 -0.126549 0.332309 -0.008111 0.941874 0.335867 -0.355497 0.311220 -0.881342
-7.089511 -10.446755 -20.852736 25.478834 -0.947948 -0.095661 0.303716 -0.038885 0.981445 0.187759 -0.316042 0.166175 -0.934079
1.362783 -4.793188 -133.483587 28.696721 -0.865532 -0.425026 -0.264967 -0.381236 0.902178 -0.201826 0.324829 -0.073672 -0.942899
-0.424480 -4.596920 -141.651666 47.106053 -0.828704 -0.493061 -0.264840 -0.467611 0.869975 -0.156473 0.307555 -0.005828 -0.951513
1.796309 -2.903629 -84.217431 89.434444 -0.823422 -0.524462 -0.216602 -0.517140 0.850728 -0.093953 0.233544 0.034651 -0.971729
3.124589 -3.936802 -62.302898 35.504553 -0.903517 -0.382845 -0.192580 -0.353483 0.919829 -0.170188 0.242296 -0.085694 -0.966410
-0.425277 -7.535568 99.523023 -5.270411 0.842766 -0.424187 -0.331377 0.475168 0.875509 0.087743 0.252905 -0.231406 0.939410
1.166872 -7.424773 162.646400 2.546035 0.859945 -0.362893 -0.358893 0.373743 0.926608 -0.041408 0.347580 -0.098525 0.932460
-0.146060 -7.772717 164.351106 13.264587 0.834240 -0.424422 -0.352008 0.426381 0.901325 -0.076244 0.349633 -0.086484 0.932887
0.767236 -7.572610 164.792966 17.525037 0.845504 -0.406432 -0.346318 0.354751 0.912306 -0.204571 0.399092 0.050109 0.915541
-1.823007 -7.788381 89.533089 -3.647184 0.817534 -0.489775 -0.302917 0.508901 0.860635 -0.018067 0.269550 -0.139384 0.952846
-1.297481 -7.767329 108.337875 24.954017 0.825675 -0.476416 -0.302139 0.447550 0.879220 -0.163315 0.343453 -0.000377 0.939170
-1.434414 -5.927209 -65.781580 78.404770 0.961695 -0.073477 0.264092 0.147677 0.950523 -0.273308 0.230944 -0.301839 -0.924964
-1.336994 -4.789634 40.999220 140.553592 -0.959670 0.034218 -0.279037 0.076548 0.986867 -0.142248 0.270505 -0.157871 -0.949686
-1.968556 -5.763283 11.840365 87.884612 -0.955220 -0.049860 -0.291666 0.039206 0.955684 -0.291773 0.293289 -0.290143 -0.910933
-1.979711 -6.684887 -54.170976 -6.947876 0.956744 -0.052292 0.286192 0.174498 0.890268 -0.420682 0.232789 -0.452425 -0.860884
-2.411772 -6.490771 -1.121419 -10.572038 0.948292 0.005556 0.317351 0.142318 0.886258 -0.440785 0.283705 -0.463158 -0.839641
0.034056 -9.863320 26.640656 -16.484424 0.991594 -0.112972 0.063081 -0.128001 -0.927738 0.350598 -0.018915 0.355725 0.934399
0.465188 -10.175943 20.847638 15.011842 0.992955 -0.093917 0.072251 -0.115123 -0.909022 0.400532 -0.028061 0.406028 0.913430
0.232161 -9.789676 20.604665 37.607266 0.990452 -0.116003 0.074483 -0.137546 -0.867803 0.477492 -0.009246 0.483178 0.875474
0.673718 -10.292515 9.431170 41.815120 0.992240 -0.088166 0.087678 -0.122100 -0.824152 0.553050 -0.023500 0.559464 0.828522
0.419136 -9.958561 12.694990 26.942992 0.989658 -0.114138 0.086890 -0.143429 -0.777268 0.612604 0.002384 0.618730 0.785600
-0.050464 -9.820285 18.153901 28.557726 0.984389 -0.146139 0.098086 -0.176000 -0.813410 0.554426 0.001239 0.563035 0.826432
2.143193 -13.597425 -17.733798 -187.216505 0.755259 -0.177159 0.631029 0.631600 0.453952 -0.628497 0.175113 -0.873236 -0.454746
2.901737 -18.536935 33.288596 -325.202898 0.749388 -0.138840 0.647411 0.573724 0.624268 -0.530217 0.330543 -0.768773 -0.547475
3.127318 -18.342839 -15.107989 -285.793772 0.773935 -0.156801 0.613545 0.557571 0.628065 -0.542816 0.300232 -0.762200 -0.573509
0.079338 -13.302602 55.119828 -303.526571 0.836623 -0.266685 0.478477 -0.342155 0.427715 0.836654 0.427775 0.863677 -0.266589
1.250855 -14.216770 49.084498 -252.131968 0.817556 -0.235292 0.525586 -0.418500 0.384169 0.822965 0.395551 0.892777 -0.215610
-0.037030 -9.665117 46.654138 -233.195461 0.817163 -0.213835 0.535274 -0.327717 0.591586 0.736632 0.474178 0.777368 -0.413345
-1.018982 -9.188100 32.287941 -230.826079 0.847652 -0.240008 0.473162 -0.281811 0.551940 0.784822 0.449521 0.798598 -0.400216
-1.120561 -5.876678 28.348764 -89.084309 0.799874 -0.139384 0.583758 -0.358333 0.669355 0.650815 0.481455 0.729750 -0.485454
-0.555620 -6.541861 38.670696 -93.588479 0.780245 -0.126771 0.612492 -0.377789 0.684922 0.623023 0.498491 0.717503 -0.486514
0.374394 -7.754321 55.093931 -113.369237 0.778226 -0.134459 0.613420 -0.366887 0.695418 0.617889 0.509664 0.705914 -0.491862
-0.982073 -3.498542 33.788420 1.082295 0.961907 0.066191 0.265244 0.262348 0.049323 -0.963712 0.076871 -0.996587 -0.030079
-0.331266 -3.864415 34.926843 3.477769 0.945004 0.077813 0.317667 0.306897 0.124767 -0.943529 0.113053 -0.989130 -0.094025
-0.370689 -4.101543 39.025302 13.194856 0.981458 0.086844 0.170875 0.169145 0.026967 -0.985222 0.090169 -0.995857 -0.011778
-0.151009 -6.495885 -17.952500 -40.331964 0.997776 -0.045587 0.048632 0.060576 0.315657 -0.946938 -0.027817 -0.947778 -0.317717
-0.284770 -6.242109 -9.258440 -12.893721 0.995023 -0.049604 0.086422 0.097210 0.292608 -0.951278 -0.021899 -0.954945 -0.295974
-0.020682 -5.958557 -5.733754 12.400548 0.998114 -0.042216 0.044561 0.054241 0.266725 -0.962245 -0.028737 -0.962848 -0.268511
-0.257072 -5.706835 -2.822022 53.319289 0.992192 -0.048808 0.114775 0.122903 0.226006 -0.966342 -0.021226 -0.972902 -0.230240
0.555214 -14.357108 18.070024 -66.735051 0.961065 -0.080959 0.264195 0.070991 -0.851682 -0.519229 -0.267047 -0.517768 0.812774
0.348766 -15.213746 -0.699435 -45.167857 0.953173 -0.120499 0.277382 0.042313 -0.855035 -0.516841 -0.299450 -0.504376 0.809898
0.331185 -14.150616 14.499370 31.135957 0.959624 -0.115675 0.256400 -0.019671 -0.936895 -0.349058 -0.280597 -0.329920 0.901342
0.339949 -14.164123 11.207994 7.465044 0.962505 -0.087754 0.256678 0.018454 -0.922854 -0.384707 -0.270636 -0.375019 0.886632
0.458528 -14.795876 9.415358 -92.327078 0.959131 -0.073745 0.273185 0.102771 -0.808729 -0.579134 -0.263641 -0.583541 0.768098
-1.150331 -23.719008 18.608209 -73.615268 0.966506 -0.147206 0.210232 0.026650 -0.757160 -0.652685 -0.255258 -0.636427 0.727877
-1.183906 -25.442938 15.835094 41.449621 0.965252 -0.196320 0.172475 -0.126240 -0.928197 -0.350020 -0.228806 -0.316085 0.920727
-1.362558 -20.316489 26.812066 -61.868116 0.969760 -0.156730 0.187086 -0.062655 -0.900740 -0.429816 -0.235881 -0.405096 0.883322
-1.357290 -18.716004 27.735216 -59.305242 0.968029 -0.138293 0.209272 0.034686 -0.752475 -0.657707 -0.248428 -0.643938 0.723621
-1.247232 -18.393355 5.426943 47.913111 0.957613 -0.190229 0.216311 -0.066951 -0.877347 -0.475164 -0.280169 -0.440541 0.852895
-1.072886 -22.178397 3.041084 -253.889321 0.956178 -0.216665 0.196925 0.167305 0.956298 0.239798 -0.240275 -0.196343 0.950641
0.892753 -3.382861 -13.267495 41.345244 0.773101 -0.449514 0.447494 0.630812 0.618600 -0.468413 0.066262 -0.644415 -0.761799
0.654461 -3.174838 13.929886 50.354503 0.799557 -0.423680 0.425680 0.594410 0.659656 -0.459925 0.085941 -0.620765 -0.779272
0.330246 -4.139942 -7.937919 63.919193 0.826963 -0.404330 0.390705 0.561377 0.632614 -0.533531 0.031443 -0.660543 -0.750130
0.816013 -4.282707 -44.088381 45.078071 0.814931 -0.424718 0.394337 0.579469 0.585198 -0.567238 -0.010151 -0.690766 -0.723007
1.529314 -3.395879 -62.007765 24.948080 0.771128 -0.457508 0.442773 0.635857 0.588734 -0.499076 0.032344 -0.666392 -0.744899
3.569885 -63.593920 161.491332 -1112.278053 0.967363 -0.154044 0.201196 0.144357 0.987578 0.062054 -0.208256 -0.030985 0.977583
5.984041 -60.943771 251.237815 -852.600585 0.969372 -0.226991 0.093772 -0.244501 -0.855897 0.455697 0.023180 0.464668 0.885182
3.824665 -69.894818 109.504622 770.367351 0.959266 -0.255225 0.121113 -0.273721 -0.945763 0.174952 -0.069892 0.200977 0.977100
2.773499 -71.692381 73.614301 -890.423567 0.964886 -0.195813 0.175079 0.157596 0.964802 0.210523 -0.210139 -0.175539 0.961783
3.954135 -6.343274 50.565565 6.118498 0.964262 -0.097857 0.246215 0.238384 -0.085143 -0.967432 -0.115634 -0.991552 0.058773
2.998776 -6.501718 85.291656 10.287079 0.971425 -0.062805 0.228887 0.211415 -0.209342 -0.954714 -0.107877 -0.975823 0.190083
2.943639 -6.200607 160.997555 18.684291 0.970841 -0.005809 0.239654 0.237529 -0.111664 -0.964941 -0.032366 -0.993729 0.107028
3.424059 -6.109647 129.482559 8.563989 0.963477 -0.030813 0.266011 0.265585 -0.017242 -0.963933 -0.034288 -0.999376 0.008428
5.103235 -2.438953 13.507568 -5.076124 0.064475 0.991361 -0.114220 0.925695 -0.016664 0.377903 -0.372735 0.130099 0.918773
4.370159 -2.380211 -104.943581 5.180158 -0.025632 0.999558 0.015039 0.942899 0.019175 0.332527 -0.332092 -0.022704 0.942974
5.058963 -2.300417 -93.720191 -11.158816 -0.013640 0.999900 -0.003852 0.913546 0.014028 0.406494 -0.406508 -0.002026 0.913645
4.877457 -2.529392 12.337534 6.976361 0.070911 0.990178 -0.120500 0.942700 -0.027042 0.332543 -0.326018 0.137176 0.935358
1.312091 -6.014622 9.260948 -32.152794 0.944454 -0.224209 0.240287 -0.072346 0.571371 0.817497 0.320583 0.789472 -0.523413
1.011558 -5.735819 -25.496584 -7.486397 0.957904 -0.160400 0.238099 -0.094662 0.606508 0.789422 0.271032 0.778730 -0.565793
1.082293 -5.692408 -23.261723 18.868210 0.955301 -0.183139 0.232077 -0.056324 0.657888 0.751007 0.290219 0.730509 -0.618166
-0.478806 -13.714484 46.400101 -48.017374 0.984033 0.014401 0.177403 0.046059 -0.983373 -0.175661 -0.171924 -0.181027 0.968334
-0.000119 -13.884401 26.207495 10.041719 0.982529 -0.015678 0.185447 0.011962 0.999705 0.021139 -0.185724 -0.018551 0.982427
-0.534472 -13.084633 44.542704 1.400407 0.981912 -0.036706 0.185744 0.045669 0.997978 -0.044208 -0.183745 0.051891 0.981603
-0.999344 -12.722819 26.998574 41.921162 0.978504 -0.003996 0.206187 -0.023704 0.991006 0.131698 -0.204859 -0.133755 0.969609
3.083897 -22.094580 0.512559 -13.764829 0.978181 0.022434 0.206538 0.204050 0.083114 -0.975426 0.039049 -0.996288 -0.076723
2.576532 -19.299840 -6.197819 232.269080 0.977621 -0.011178 0.210076 0.206964 -0.127933 -0.969948 -0.037717 -0.991720 0.122756
2.594006 -19.218777 26.722594 225.618017 0.972135 0.053819 0.228161 0.231874 -0.077615 -0.969644 0.034477 -0.995530 0.087931
-1.941881 -20.302686 -58.731218 -769.739678 0.323780 -0.042871 -0.945161 -0.048227 0.996926 -0.061740 0.944902 0.065572 0.320718
-2.836305 -11.952770 -33.549512 -459.700739 0.247451 -0.037978 -0.968156 -0.000276 0.999229 -0.039267 0.968900 0.009984 0.247250
-2.903074 -39.524011 -44.997339 -1638.293558 0.306796 -0.147180 -0.940327 -0.111424 0.975624 -0.189058 0.945231 0.162777 0.282918
-1.141984 -128.304083 9.661162 -5066.935452 0.410721 -0.209602 -0.887342 -0.197974 0.929496 -0.311195 0.890008 0.303485 0.340268
-2.220528 -50.263726 -109.716218 -1778.898767 0.373880 -0.127635 -0.918653 -0.428484 0.854678 -0.293134 0.822566 0.503225 0.264857
-1.534989 -18.724344 91.003194 -222.503238 0.130449 -0.307325 -0.942621 0.007519 0.951024 -0.309024 0.991426 0.033225 0.126371
-0.185758 -21.877328 105.247051 -248.680913 0.076075 -0.270654 -0.959666 -0.172070 0.944452 -0.280004 0.982143 0.186431 0.025278
-2.632884 -29.064396 143.573932 -847.980561 0.066919 -0.175539 -0.982195 -0.231032 0.954923 -0.186405 0.970642 0.239393 0.023347
-5.295647 -27.992165 92.510077 -807.424706 0.167051 -0.166741 -0.971747 -0.053670 0.982597 -0.177829 0.984486 0.081860 0.155195
-6.360344 -35.912187 149.124662 -1165.415251 0.115942 -0.076537 -0.990303 -0.330708 0.937165 -0.111148 0.936584 0.340387 0.083345
-0.683455 -5.144609 9.228347 -17.242473 0.961444 -0.045679 0.271182 0.235043 -0.375427 -0.896554 -0.142763 -0.925726 0.350216
-0.765505 -5.273420 -4.117388 -8.919055 0.967626 -0.045460 0.248259 0.224536 -0.294122 -0.929019 -0.115251 -0.954686 0.274393
-0.965912 -5.180685 -15.638437 0.891391 0.972762 -0.063958 0.222810 0.181556 -0.387401 -0.903857 -0.144126 -0.919690 0.365237
-0.669803 -5.414502 15.930050 -7.328449 0.964721 -0.035429 0.260879 0.242961 -0.261861 -0.934023 -0.101405 -0.964455 0.244015
-3.803188 -6.689110 33.223448 -161.471995 0.923804 -0.347034 0.161720 0.040491 0.508580 0.860062 0.380719 0.787981 -0.483880
-3.734824 -5.683559 -124.591987 113.342315 0.750057 0.180841 0.636169 -0.590744 0.615697 0.521478 0.297382 0.766951 -0.568639
-3.594636 -7.042109 -13.421140 -176.246556 0.936435 -0.350807 -0.004911 0.170397 0.442529 0.880416 0.306683 0.825290 -0.474176
-3.490928 -8.765081 20.571880 -67.665702 0.905735 -0.421756 -0.042039 0.182483 0.298514 0.936797 0.382550 0.856161 -0.347338
-3.487249 -9.077657 -8.135981 -16.606672 0.941646 -0.335743 -0.024091 0.121149 0.271268 0.954849 0.314049 0.902048 -0.296113
-3.091747 -7.920779 -24.657416 -141.952953 0.956652 -0.291231 0.000653 0.128451 0.423954 0.896528 0.261374 0.857582 -0.442986
-2.550849 -7.248422 -200.908082 30.546687 -0.803738 0.493007 -0.333090 0.280436 0.807646 0.518713 0.524748 0.323499 -0.787393
-2.741336 -6.995634 -167.095464 40.011300 -0.831596 0.432357 -0.348590 0.162600 0.789694 0.591561 0.531045 0.435259 -0.727008
0.273431 -6.615536 -221.573604 34.415294 -0.814959 0.402506 -0.416930 0.145704 0.838645 0.524828 0.560903 0.366965 -0.742108
-0.373545 -1.794288 -15.712041 -68.434737 0.844433 -0.514273 0.149850 0.506250 0.857626 0.090491 -0.175052 -0.000553 0.984559
-0.054883 -1.621173 -21.912638 -0.953798 -0.516336 0.853059 -0.075419 0.833958 0.520883 0.182194 -0.194707 -0.031178 0.980366
1.114944 -1.105054 -115.999179 14.388487 -0.105099 0.993608 0.041190 0.977516 0.095606 0.187943 -0.182803 -0.060017 0.981316
-0.238377 -2.745268 -3.605781 -30.355822 0.846543 -0.507164 0.161711 0.506989 0.860752 0.045479 -0.162258 0.043486 0.985790
-0.438390 -0.909259 -30.560873 -32.152128 -0.599782 0.796842 -0.072839 0.780070 0.602564 0.168543 -0.178193 -0.044269 0.982999
-0.136602 -2.707851 -32.222278 -58.451290 0.935558 -0.298400 0.188917 0.306323 0.951831 -0.013531 -0.175779 0.070529 0.981900
-0.075611 -3.056731 -12.008104 -25.372575 0.911936 -0.372273 0.172586 0.380833 0.924465 -0.018202 -0.152774 0.082326 0.984826
5.897660 -7.541077 26.526543 34.770194 0.944517 0.105975 -0.310896 -0.027982 0.969042 0.245306 0.327267 -0.222997 0.918242
5.884578 -7.424641 -23.502979 54.070755 0.975302 0.050724 -0.214974 -0.028048 0.993836 0.107252 0.219089 -0.098573 0.970713
4.690214 -7.385077 151.777556 34.278705 0.907531 0.105683 -0.406470 -0.070299 0.992393 0.101068 0.414059 -0.063148 0.908057
5.553595 -7.633402 -78.919321 -80.843931 0.990546 0.033764 -0.132963 0.007012 -0.980432 -0.196731 0.137004 -0.193939 0.971400
6.630445 -7.567347 -96.975221 -10.632007 0.985222 0.051162 -0.163464 -0.013398 -0.928404 -0.371331 0.170759 -0.368033 0.913998
-0.493657 -10.414026 -7.475816 -14.017738 -0.920422 0.040017 -0.388872 0.064542 0.996651 -0.050204 0.385561 -0.071307 -0.919923
-0.531888 -9.606049 -50.425952 25.487697 -0.909624 0.019676 -0.414966 0.089150 0.984852 -0.148724 0.405754 -0.172277 -0.897599
-0.507759 -10.266074 -13.958798 -19.782010 -0.921329 0.023190 -0.388092 0.024662 0.999695 0.001190 0.388001 -0.008474 -0.921620
-0.461181 -9.336367 1.620349 48.312193 -0.931831 0.003725 -0.362873 0.030988 0.997112 -0.069340 0.361567 -0.075858 -0.929255
-0.707645 -10.210563 4.466225 -21.267130 -0.938197 0.013477 -0.345840 0.016566 0.999845 -0.005978 0.345706 -0.011338 -0.938274
-0.751788 -10.637562 -5.196545 -83.751812 -0.929967 0.029656 -0.366444 -0.003093 0.996075 0.088460 0.367629 0.083398 -0.926226
1.039429 -10.066947 5.311783 35.261505 0.927743 -0.096845 0.360437 -0.248985 0.558828 0.791023 0.278029 0.823609 -0.494336
1.128004 -9.108295 -0.127614 19.864346 0.925819 -0.065474 0.372252 -0.313421 0.417468 0.852929 0.211248 0.906330 -0.365979
1.108943 -9.248922 -4.296849 21.642651 0.937500 -0.093803 0.335104 -0.220441 0.585031 0.780477 0.269257 0.805568 -0.527788
0.866413 -8.250858 -9.365198 -35.713258 0.922721 -0.035561 0.383824 -0.324358 0.466376 0.822973 0.208273 0.883871 -0.418801
1.059095 -9.813748 4.043404 91.815935 0.946782 -0.118992 0.299074 -0.146012 0.669283 0.728519 0.286854 0.733417 -0.616291
1.133618 -9.945892 3.377729 67.128439 0.944364 -0.127959 0.302990 -0.142499 0.671086 0.727556 0.296430 0.730254 -0.615515
0.779616 -8.065310 -2.738411 15.972776 0.945113 -0.098728 0.311471 -0.195168 0.593946 0.780473 0.262052 0.798424 -0.542078
1.063014 -10.210977 -8.436714 43.439882 0.944894 -0.104382 0.310290 -0.157119 0.686926 0.709540 0.287210 0.719192 -0.632671
-0.829297 -12.485125 49.706879 -19.352576 0.891180 -0.100100 0.442469 -0.394595 0.310164 0.864924 0.223817 0.945398 -0.236913
-0.814121 -12.054209 52.978415 -26.328357 0.904300 -0.106665 0.413358 -0.404019 0.098899 0.909389 0.137881 0.989364 -0.046340
-0.705975 -13.047182 21.630136 -29.970697 0.910747 -0.089887 0.403062 -0.401006 0.040679 0.915172 0.098658 0.995121 -0.001003
-0.692978 -12.928670 -2.547091 -1.074351 0.897110 -0.062876 0.437310 -0.401306 0.298032 0.866101 0.184790 0.952483 -0.242135
-0.596533 -13.021157 -20.653341 -22.866784 0.909445 -0.071941 0.409554 -0.401550 0.103911 0.909923 0.108018 0.991981 -0.065614
-0.577256 -13.544769 -5.457249 -32.987321 0.924945 -0.079213 0.371754 -0.379725 -0.149136 0.912999 0.016880 0.985639 0.168022
-1.939857 -13.040033 -57.027347 -155.029311 0.957377 0.197282 0.210970 0.043921 0.622478 -0.781404 0.285481 -0.757365 -0.587281
-0.900115 -13.473210 -38.258535 -92.001569 0.959948 0.176931 0.217244 0.029997 0.706020 -0.707556 0.278567 -0.685734 -0.672436
-2.138076 -16.129071 -60.239961 1.856761 0.954227 0.190959 0.230184 -0.027400 0.822217 -0.568515 0.297824 -0.536185 -0.789814
-2.944523 -15.371030 -56.097218 -85.707501 0.941927 0.191010 0.276202 0.060209 0.713094 -0.698478 0.330375 -0.674546 -0.660182
-2.094474 -12.172992 -19.601803 -298.135130 0.936859 0.219712 0.272070 0.132477 0.497033 -0.857559 0.323644 -0.839455 -0.436543
0.264526 -5.933888 10.775540 -23.845553 0.949579 0.147548 -0.276640 0.312385 -0.520519 0.794654 0.026747 0.841005 0.540366
-0.115533 -5.642810 39.282711 -13.788217 0.929954 0.150307 -0.335549 0.364789 -0.491312 0.790912 0.045979 0.857916 0.511728
0.101617 -6.017399 44.572308 -34.034223 0.908052 0.180357 -0.378039 0.409177 -0.574889 0.708574 0.089534 0.798106 0.595827
0.219286 -8.576027 8.606283 -66.381534 0.941660 0.079860 0.326955 0.171119 0.722915 -0.669412 0.289819 -0.686307 -0.667074
0.004456 -9.535879 -9.304438 -37.290692 0.937261 0.025236 0.347714 0.193019 0.793002 -0.577834 0.290320 -0.608697 -0.738379
0.110259 -8.656490 -23.565083 -78.856908 0.951362 0.051313 0.303771 0.206027 0.627126 -0.751176 0.229048 -0.777226 -0.586053
-0.136813 -9.413062 -25.819494 -84.146185 0.941944 0.024506 0.334874 0.228926 0.682719 -0.693893 0.245630 -0.730270 -0.637473
0.039796 -8.564189 -22.295441 -104.052234 0.947284 0.051139 0.316288 0.231817 0.572044 -0.786782 0.221166 -0.818627 -0.530033
0.297584 -7.588354 -25.583134 -67.935681 0.960240 0.083424 0.266418 0.193189 0.490347 -0.849846 0.201535 -0.867525 -0.454735
0.097202 -7.821131 17.421255 27.507686 0.952149 0.234623 0.195867 0.270065 -0.345821 -0.898595 0.143096 -0.908493 0.392637
0.362375 -7.727761 20.301601 12.953191 0.952437 0.234093 0.195099 0.253687 -0.254373 -0.933240 0.168837 -0.938347 0.301661
0.237334 -8.156765 12.753591 33.349575 0.959692 0.221053 0.173572 0.249497 -0.385736 -0.888233 0.129393 -0.895736 0.425340
-0.784246 -8.209464 -1.380904 71.986475 0.980781 0.002394 0.195096 -0.117942 0.803826 0.583054 0.155428 0.594859 -0.788660
-0.726546 -7.386009 8.501069 -18.767334 0.976415 -0.005647 0.215826 -0.132589 0.773259 0.620074 0.170391 0.634066 -0.754273
-0.723750 -8.544714 2.768601 107.306372 0.974194 0.014159 0.225270 -0.146276 0.799693 0.582317 0.171902 0.600242 -0.781127
-0.456737 -23.243918 0.398017 -183.970633 0.967741 0.246438 -0.052399 0.120151 -0.634218 -0.763761 0.221452 -0.732827 0.643369
-0.370193 -23.259806 -6.253817 -157.996164 0.965435 0.254142 -0.057853 0.101005 -0.569412 -0.815823 0.240277 -0.781781 0.575400
-0.300441 -20.824872 -12.084915 -180.574570 0.968922 0.241948 -0.051498 0.157474 -0.763851 -0.625886 0.190768 -0.598325 0.778212
-0.578396 -21.625601 3.717392 -140.026568 0.970020 0.238465 -0.046858 0.181799 -0.839975 -0.511264 0.161278 -0.487417 0.858146
-0.862152 -22.063582 35.472626 -274.128558 0.964526 0.256329 -0.063130 0.138169 -0.693945 -0.706646 0.224942 -0.672856 0.704745
-0.713184 -24.831439 32.569004 -252.009430 0.957961 0.280547 -0.060040 0.066525 -0.420779 -0.904721 0.279080 -0.862693 0.421753
-18.390935 -568.513705 -892.213543 -17035.740249 0.988200 -0.078506 -0.131517 -0.127136 0.058432 -0.990163 -0.085419 -0.995200 -0.047762
-13.807832 -516.759026 156.978109 22361.230574 -0.983600 0.110821 0.142302 0.108260 0.993792 -0.025636 -0.144260 -0.009810 -0.989491
-108.769622 -583.295785 -4652.306519 -4107.231240 0.989828 0.043405 -0.135488 -0.111309 0.829382 -0.547482 -0.088608 -0.556994 -0.825776
-34.166875 -317.681971 -1878.574772 5313.713448 0.953142 -0.112996 -0.280629 -0.194629 -0.939202 -0.282878 0.231604 -0.324241 0.917184
9.931390 -268.539576 -711.604217 -9122.105893 0.967082 -0.063605 -0.246386 -0.117171 -0.970809 -0.209287 0.225882 -0.231267 0.946305
-19.840571 -509.158324 -743.768886 -51465.039000 0.985767 0.021543 -0.166728 -0.139633 -0.447386 -0.883373 0.093622 -0.894081 0.438011
-2.292912 -496.603257 -246.872029 -30544.299598 0.965477 -0.095142 0.242493 -0.221763 -0.788588 0.573541 -0.136659 0.607517 0.782463
-1.535492 -542.629531 -149.645840 30757.588271 0.971209 -0.035545 0.235564 0.152668 -0.666219 -0.729962 -0.182883 -0.744909 0.641611
9.238128 -646.315557 -203.776160 -41756.685291 0.947668 -0.214480 0.236483 -0.300880 -0.847695 0.436904 -0.106758 0.485193 0.867865
27.117626 -1694.697240 -2614.692230 44217.661676 0.948852 -0.127033 0.289038 0.141319 -0.647768 -0.748616 -0.282328 -0.751172 0.596683
-1.820966 -778.549065 67.048285 74849.244786 0.958807 -0.235502 0.158833 -0.272155 -0.921772 0.276168 -0.081370 0.308019 0.947894
0.009261 -14.541356 -20.293209 -104.192271 0.993961 0.043340 0.100808 -0.011895 -0.870722 0.491632 -0.109083 0.489862 0.864948
0.487471 -13.887987 -7.273252 46.522554 0.994475 0.031322 0.100193 -0.042298 -0.753979 0.655536 -0.096076 0.656152 0.748488
0.226168 -14.682317 1.182017 -75.688883 0.995183 0.021091 0.095742 -0.035825 -0.830811 0.555401 -0.091257 0.556155 0.826053
0.423892 -15.003015 -8.853056 18.941669 0.994578 0.058099 0.086253 -0.007784 -0.785475 0.618845 -0.103704 0.616161 0.780763
-1.993786 -5.392279 -22.156735 29.540040 0.860143 -0.127749 0.493796 -0.327758 -0.880220 0.343201 -0.390806 0.457047 0.798986
-1.737512 -5.755040 -13.158081 14.871059 0.845775 -0.149378 0.512201 -0.396289 -0.818666 0.415620 -0.357237 0.554501 0.751605
-1.672229 -5.176482 -8.206518 33.069070 0.839504 -0.142418 0.524357 -0.347037 -0.883098 0.315759 -0.418089 0.447052 0.790788
-1.945639 -4.512845 -20.410928 -45.694308 0.860761 -0.099846 0.499121 0.259930 0.929302 -0.262364 -0.437638 0.355569 0.825859
-2.330152 -4.885669 -19.322182 -46.206322 0.888958 -0.087736 0.449506 0.238862 0.926238 -0.291595 -0.390766 0.366586 0.844344
0.687450 -33.883733 38.621187 681.632066 0.940936 0.081736 0.328571 0.300158 -0.650394 -0.697777 -0.156667 -0.755186 0.636513
1.147213 -32.243019 26.327795 1048.833306 0.935664 0.142555 0.322818 0.351331 -0.290310 -0.890105 0.033172 -0.946255 0.321717
0.829593 -30.552021 -0.355111 844.289440 0.924964 0.114134 0.362513 0.377154 -0.393304 -0.838491 -0.046877 -0.912297 0.406838
-2.649171 -112.395942 -28.458425 -4496.576728 -0.533578 0.270687 0.801263 0.310925 0.943836 -0.111800 -0.786524 0.189479 -0.587774
-0.832513 -11.306015 0.616531 -282.887681 -0.618292 -0.038835 0.784988 0.178604 0.965705 0.188452 -0.765386 0.256721 -0.590152
-2.847553 -75.987403 -126.590401 -3194.292552 -0.449931 0.347288 0.822771 0.381931 0.907617 -0.174243 -0.807273 0.235845 -0.541005
6.081591 -275.270964 90.692650 10460.971108 0.519254 0.020060 -0.854384 0.249172 0.952736 0.173805 0.817489 -0.303138 0.489714
-0.055096 -19.963745 -55.297657 598.270513 0.413637 -0.180511 -0.892368 0.185681 0.976273 -0.111416 0.891306 -0.119610 0.437340
0.753687 -24.762817 -78.623309 697.795722 0.451846 -0.176041 -0.874554 0.363707 0.931513 0.000406 0.814587 -0.318265 0.484928
-1.266405 -19.236854 -43.850530 866.135220 0.395019 -0.241123 -0.886464 0.143951 0.969267 -0.199500 0.907325 -0.048801 0.417589
-8.174205 -12.749264 22.930874 -286.361485 0.750495 -0.545667 0.372834 0.632671 0.756269 -0.166686 0.191008 -0.360978 -0.912804
-4.680833 -12.023509 219.378611 -167.837538 0.799859 -0.301043 0.519230 0.463583 0.859348 -0.215898 0.381204 -0.413394 -0.826915
-3.403115 -11.002540 190.344611 -305.866082 0.825566 -0.223512 0.518153 0.475932 0.769136 -0.426520 0.303198 -0.598726 -0.741349
-3.929721 -8.937939 -17.175972 -37.244062 -0.467514 -0.394830 0.790911 -0.380354 0.897501 0.223211 -0.797974 -0.196471 -0.569769
-4.509692 -8.541199 -33.443382 -41.589353 -0.443173 -0.385131 0.809489 -0.495265 0.857870 0.137005 -0.747202 -0.340195 -0.570927
-4.431742 -8.862770 -3.195387 -25.501859 -0.401836 -0.365777 0.839485 -0.360306 0.905965 0.222276 -0.841848 -0.213153 -0.495841
-3.969018 -8.660354 -18.425151 -40.547087 -0.508651 -0.442893 0.738323 -0.515839 0.843358 0.150524 -0.689336 -0.304292 -0.657436
-4.102947 -8.868706 14.539449 -3.405828 -0.393834 -0.372080 0.840506 -0.227553 0.925411 0.303043 -0.890570 -0.071911 -0.449126
-4.170809 -9.162267 -39.558247 -35.006111 -0.528887 -0.420101 0.737423 -0.376540 0.894846 0.239725 -0.760589 -0.150881 -0.631458
-3.888272 -9.110189 2.144725 -9.465995 -0.482165 -0.370166 0.794036 -0.225973 0.928230 0.295507 -0.846435 -0.036947 -0.531208
-6.598899 -10.354415 28.565345 20.811208 -0.806713 -0.174533 0.564582 -0.017647 0.962079 0.272199 -0.590680 0.209623 -0.779201
-5.817576 -9.876927 40.031027 45.781567 -0.715317 -0.215181 0.664845 0.044157 0.935589 0.350319 -0.697404 0.279947 -0.659741
-6.658020 -9.983768 42.037764 38.615108 -0.811027 -0.156396 0.563716 0.106304 0.908161 0.404899 -0.575269 0.388310 -0.719917
-0.896725 -3.343827 -136.575550 87.584259 -0.733881 -0.632305 -0.248212 -0.634626 0.768522 -0.081385 0.242217 0.097795 -0.965281
-0.677344 -4.584047 42.585033 132.805962 -0.959085 0.104255 -0.263223 0.142551 0.981105 -0.130816 0.244611 -0.162987 -0.955825
-0.917714 -3.227294 36.171323 96.176186 -0.958393 0.063076 -0.278395 0.084394 0.994294 -0.065253 0.272690 -0.086033 -0.958248
-0.136875 -10.208021 17.412741 -33.755899 0.993530 -0.089880 0.069424 -0.095199 -0.992435 0.077529 -0.061930 0.083637 0.994570
-0.170982 -9.833687 23.310508 -52.738043 0.991512 -0.113003 0.064297 -0.124991 -0.964619 0.232136 -0.035790 0.238202 0.970556
-0.481147 -10.079279 8.298797 -26.622516 0.989368 -0.114034 0.090264 -0.124564 -0.984780 0.121210 -0.075068 0.131165 0.988514
-0.523963 -10.296673 -8.900303 3.857624 0.989808 -0.089159 0.111048 0.082063 0.994378 0.066916 -0.116390 -0.057121 0.991560
-0.772956 -10.217796 7.395742 -16.406402 0.989610 -0.103640 0.099650 0.100090 0.994174 0.040004 -0.103215 -0.029615 0.994218
-0.711176 -9.842315 9.766510 -23.879871 0.987105 -0.120732 0.105105 -0.135122 -0.980492 0.142748 -0.085820 0.155110 0.984163
2.013518 -14.912471 29.441037 -290.556706 0.720273 -0.146938 0.677950 0.648494 0.489625 -0.582857 0.246297 -0.859463 -0.447953
2.364247 -20.934022 78.610040 -387.229097 0.702853 -0.099433 0.704352 0.558399 0.690536 -0.459728 0.440668 -0.716431 -0.540868
3.920897 -6.739339 14.813829 -13.403214 0.959285 -0.233563 -0.158812 0.244949 0.967913 0.056085 0.140617 -0.092702 0.985715
2.948152 -6.438925 -52.151109 5.725412 0.979121 -0.196567 -0.051800 -0.203102 -0.956557 -0.209160 0.008436 -0.215314 0.976508
3.466195 -6.448038 -53.758148 2.334931 0.982838 -0.179866 -0.040965 -0.182520 -0.980376 -0.074487 0.026763 -0.080686 0.996380
4.028939 -7.124978 -38.218968 -55.078778 0.978752 -0.192227 -0.071360 0.193094 0.981165 0.005389 0.068980 -0.019054 0.997436
3.100891 -7.032106 -76.179326 -23.766140 0.990487 -0.133755 0.032332 0.133664 0.991014 0.004946 -0.032703 -0.000577 0.999465
-0.255847 -1.369585 -41.252177 3.737227 0.999766 0.021634 0.000610 -0.021454 0.994371 -0.103758 0.002851 -0.103721 -0.994602
-0.871435 -1.646610 -28.799214 -20.083413 0.999064 -0.038228 0.020266 0.040206 0.993297 -0.108369 0.015987 -0.109083 -0.993904
-0.773371 -1.937411 -20.135772 54.842771 0.984204 0.176684 0.011176 -0.174697 0.979487 -0.100431 0.028691 -0.096892 -0.994881
0.058408 -1.517250 -44.638420 -72.148902 0.965711 -0.258114 0.027922 0.259620 0.960084 -0.104099 -0.000062 -0.107778 -0.994175
0.644534 -0.805316 -48.868008 -6.729735 0.999317 -0.036641 0.004810 0.036943 0.993824 -0.104636 0.000946 -0.104742 -0.994499
-0.909315 -3.311290 -14.540056 -19.053350 0.856977 0.017161 0.515068 0.512311 0.080076 -0.855058 0.055918 -0.996641 -0.059832
0.164634 -3.493931 -64.403385 -18.181256 0.781990 -0.008530 0.623233 0.620390 0.107018 -0.776958 0.060070 -0.994220 -0.088979
-0.033599 -3.636652 -17.881331 -8.826432 0.829345 0.018056 0.558445 0.548274 0.166209 -0.819616 0.107618 -0.985925 -0.127945
-0.631749 -7.077394 -5.684530 -33.774530 0.997410 -0.037644 0.061288 0.071925 0.520993 -0.850525 -0.000086 -0.852731 -0.522351
-0.388139 -6.535254 -17.349389 -68.380546 0.998006 -0.038818 0.049774 0.060406 0.358542 -0.931557 -0.018315 -0.932706 -0.360172
-0.144397 -6.932018 -14.261635 -79.146300 0.999364 -0.031480 0.016726 0.027997 0.402651 -0.914925 -0.022067 -0.914812 -0.403276
-0.657254 -6.543973 -36.423838 -88.335456 0.993205 -0.079870 0.084647 0.106391 0.328306 -0.938560 -0.047172 -0.941188 -0.334573
-0.502612 -7.449497 14.475644 1.212136 0.999502 -0.002816 0.031429 0.027311 0.576118 -0.816910 0.015807 -0.817362 -0.575908
-0.767552 -6.720808 -18.109285 -67.739628 0.992516 -0.071533 0.098968 0.120377 0.436988 -0.891376 -0.020515 -0.896618 -0.442329
-0.798452 -7.838278 5.220460 6.435887 0.991211 -0.054943 0.120342 0.129367 0.592761 -0.794920 0.027659 -0.803502 -0.594659
-0.849264 -7.423107 3.218749 26.607925 0.996028 -0.060365 0.065450 0.089037 0.675281 -0.732166 -0.000000 -0.735086 -0.677974
-1.010860 -7.842174 -1.232649 -20.154121 0.994185 -0.059652 0.089656 0.107111 0.633805 -0.766041 0.011129 -0.771189 -0.636509
0.088476 -15.109444 -45.614366 8.730937 0.936534 -0.152287 0.315772 0.021341 -0.874289 -0.484936 -0.349926 -0.460898 0.815552
-0.012981 -15.819039 -11.371492 -53.124505 0.944503 -0.172310 0.279683 0.084673 0.950320 0.299538 -0.317402 -0.259233 0.912170
-0.878784 -20.732250 -2.913896 -29.799710 0.970774 -0.154477 0.183668 -0.030764 -0.839090 -0.543123 -0.238014 -0.521599 0.819319
-0.984304 -24.053890 32.975644 149.610957 0.975668 -0.174666 0.132526 -0.109046 -0.910961 -0.397818 -0.190211 -0.373687 0.907843
-1.093783 -30.052481 19.004399 -394.281730 0.952943 -0.273383 0.131003 0.256983 0.957729 0.129289 -0.160811 -0.089539 0.982915
-1.126495 -26.352235 -0.531190 -219.233460 0.951605 -0.252506 0.175181 0.249628 0.967570 0.038650 -0.179259 0.006951 0.983777
1.778826 -2.534105 -29.551387 16.879332 0.759873 -0.447607 0.471424 0.637579 0.654645 -0.406120 0.126833 -0.609170 -0.782832
2.274573 -2.780047 -39.168321 3.998702 0.772051 -0.411285 0.484543 0.620743 0.651626 -0.435960 0.136437 -0.637360 -0.758391
1.986438 -2.501998 -42.453299 4.622930 0.780248 -0.408670 0.473499 0.605482 0.683360 -0.407935 0.156859 -0.604986 -0.780633
2.004103 -2.905531 -61.062099 17.602742 0.766156 -0.447942 0.460818 0.637446 0.620799 -0.456367 0.081649 -0.643395 -0.761168
7.067437 -88.921908 199.100969 -804.524479 0.968709 0.007725 0.248080 -0.078358 -0.938879 0.335211 -0.235507 0.344161 0.908895
7.995291 -67.487879 47.420874 -1986.427159 0.960440 -0.181652 0.211085 -0.277779 -0.570909 0.772594 0.019833 0.800666 0.598783
6.832047 -63.606435 220.249146 -1703.358648 0.951594 -0.286415 0.111511 -0.257009 -0.542524 0.799759 0.168566 0.789705 0.589874
-2.604129 -14.871518 -35.493972 -65.433164 0.939917 0.029107 0.340159 0.326604 0.213502 -0.920732 0.099424 -0.976509 -0.191168
-1.080532 -14.334070 -34.558682 -93.139452 0.965932 0.041658 0.255421 0.248072 0.132128 -0.959689 0.073727 -0.990357 -0.117293
-2.631902 -14.789916 -64.670781 111.316653 0.964945 0.020665 0.261636 0.232623 0.394238 -0.889080 0.121519 -0.918776 -0.375611
-5.924782 -17.033613 35.760232 -117.330860 0.814505 -0.137474 0.563634 0.553769 0.473897 -0.684662 0.172981 -0.869783 -0.462120
-6.560583 -14.313711 -28.074998 146.323787 0.876995 -0.126773 0.463474 0.455703 0.525296 -0.718609 0.152361 -0.841423 -0.518453
-6.965085 -14.097302 -274.628169 183.428720 0.985203 0.039692 0.166731 0.114544 0.571163 -0.812805 0.127492 -0.819876 -0.558165
5.345913 -1.484362 -76.671533 -18.546178 0.029904 0.999488 -0.011386 0.866175 -0.020228 0.499332 -0.498846 0.024794 0.866336
5.620366 -1.440083 31.339078 -19.715676 0.085433 0.986128 -0.142312 0.862000 -0.001526 0.506905 -0.499657 0.165980 0.850173
5.198113 -1.887697 -3.990531 -8.952379 0.063600 0.992093 -0.108193 0.885602 -0.006128 0.464404 -0.460069 0.125352 0.878990
4.975130 -2.100506 -97.771536 -6.401311 -0.023082 0.999706 0.007362 0.898230 0.017505 0.439177 -0.438920 -0.016750 0.898370
4.360884 -1.826291 -98.652782 -11.036589 -0.009070 0.999066 0.042251 0.881931 -0.011922 0.471228 -0.471292 -0.041537 0.880999
-0.346773 -7.244760 13.477216 -27.514894 0.920432 -0.244357 0.305114 -0.189001 0.405046 0.894548 0.342174 0.881038 -0.326633
-0.190157 -6.789353 3.016899 -31.910681 0.920655 -0.229712 0.315636 -0.157537 0.521160 0.838793 0.357178 0.821964 -0.443621
-0.442780 -7.085768 -0.839294 -33.444998 0.923781 -0.218609 0.314387 -0.197468 0.431467 0.880251 0.328078 0.875241 -0.355413
-0.597705 -7.270804 2.658024 -13.942125 0.926387 -0.212540 0.310858 -0.235124 0.318349 0.918352 0.294148 0.923840 -0.244941
-0.365001 -7.520385 11.883931 -1.596394 0.926373 -0.244298 0.286622 -0.227529 0.243416 0.942857 0.300107 0.938652 -0.169909
1.743610 -25.344962 70.867012 -291.335765 0.950836 0.164978 0.262093 0.229890 0.191067 -0.954277 0.207512 -0.967613 -0.143747
0.748900 -23.664572 73.050300 -434.200543 0.935517 0.190797 0.297329 0.256349 0.212498 -0.942937 0.243092 -0.958353 -0.149885
1.984253 -33.393257 113.375286 -883.212911 0.938551 0.157187 0.307269 0.210784 0.443911 -0.870926 0.273299 -0.882176 -0.383500
2.924838 -36.045370 110.108686 -932.062648 0.950811 0.144254 0.274133 0.185409 0.443917 -0.876676 0.248156 -0.884380 -0.395335
3.871696 -42.280815 83.360182 -1809.752370 0.957581 0.151713 0.244993 0.191332 0.300995 -0.934235 0.215477 -0.941480 -0.259199
-2.114887 -5.470029 -12.041823 -55.751860 0.211329 0.296476 -0.931366 -0.050824 0.954931 0.292445 0.976093 -0.014467 0.216873
-2.726059 -9.909579 10.879547 -315.685332 0.181307 0.034766 -0.982812 0.025142 0.998884 0.039973 0.983105 -0.031957 0.180231
-1.915635 -6.503418 -35.696110 -126.996064 0.267794 0.204862 -0.941445 -0.078087 0.978534 0.190721 0.960307 0.022440 0.278042
-0.904745 -5.359193 0.521971 -6.443353 0.979947 -0.045263 0.194049 0.166786 -0.346523 -0.923095 -0.109024 -0.936949 0.332025
-3.640144 -9.190598 -65.486691 228.405169 0.837412 -0.088029 0.539436 -0.369128 0.636783 0.676943 0.403094 0.766001 -0.500756
-1.204696 -13.576780 -105.243534 536.171942 0.778993 0.119238 0.615591 -0.534129 0.640436 0.551859 0.328444 0.758699 -0.562583
7.040902 -10.441420 182.926136 37.603110 -0.599397 0.700699 0.386968 0.737318 0.295131 0.607668 0.311586 0.649553 -0.693538
3.449492 -10.609733 99.281214 -218.614255 -0.649326 0.674577 0.351170 0.757910 0.535837 0.372090 0.062833 0.507763 -0.859202
4.688729 -9.931800 32.785151 -107.075928 -0.497946 0.817502 0.289378 0.839070 0.369863 0.398953 0.219115 0.441465 -0.870113
3.012675 -11.138261 -113.299252 -79.343468 0.749601 -0.582995 -0.313394 0.640427 0.519241 0.565900 0.167190 0.624905 -0.762589
7.796549 -10.447986 115.034074 16.799504 -0.420736 0.823501 0.380563 0.824990 0.172840 0.538069 0.377324 0.540345 -0.752099
10.877652 -8.196564 120.656452 189.594877 -0.327004 0.821997 0.466251 0.779306 -0.044524 0.625060 0.534556 0.567749 -0.626028
7.160963 -9.985868 -284.575109 112.567916 0.715577 -0.582561 -0.385451 0.627268 0.293077 0.721554 0.307382 0.758108 -0.575142
15.594634 -9.169683 491.504031 280.799569 -0.561707 0.664489 0.492890 0.655150 -0.006563 0.755470 0.505237 0.747269 -0.431653
0.512897 -2.025744 -47.858941 13.815218 -0.367353 0.929279 -0.038631 0.902411 0.366173 0.227093 -0.225178 -0.048562 0.973107
1.949814 -1.622949 -100.298533 19.885993 -0.082242 0.995959 0.036084 0.973325 0.072487 0.217679 -0.214184 -0.053023 0.975353
-0.542073 -2.864350 9.767747 -18.951604 0.706607 -0.695614 0.129722 0.680210 0.718255 0.146369 -0.194990 -0.015187 0.980688
-0.423427 -9.707597 -8.084878 -3.687354 -0.908009 0.066442 -0.413648 0.001111 0.987723 0.156213 0.418949 0.141383 -0.896935
-0.616375 -10.188681 5.595979 -30.952362 -0.920513 0.053828 -0.386987 0.026869 0.996841 0.074742 0.389788 0.058403 -0.919051
-0.558833 -9.947593 0.420172 12.437924 -0.913252 0.052119 -0.404048 -0.058157 0.964947 0.255921 0.403224 0.257219 -0.878208
-0.353719 -10.288880 6.230041 1.471544 -0.916975 0.060051 -0.394399 0.064915 0.997890 0.001011 0.393628 -0.024675 -0.918939
-0.527695 -9.740436 -8.832571 45.568218 -0.908050 0.064901 -0.413804 -0.088893 0.935559 0.341800 0.409321 0.347155 -0.843765
-0.198112 -9.792276 -28.581496 -51.986698 -0.901505 0.079349 -0.425431 0.054039 0.995993 0.071257 0.429381 0.041249 -0.902181
-0.205998 -9.406795 -28.803026 -24.893196 -0.900103 0.085523 -0.427200 -0.017180 0.972814 0.230948 0.435338 0.215216 -0.874164
0.979312 -9.505571 27.305951 53.474125 0.917984 -0.108881 0.381380 -0.315312 0.382951 0.868289 0.240590 0.917329 -0.317212
1.147008 -8.877891 16.804568 11.865054 0.923757 -0.071186 0.376305 -0.353125 0.222010 0.908853 0.148241 0.972442 -0.179946
1.133700 -9.531151 -15.843470 -32.874389 0.926769 -0.006788 0.375571 -0.360777 0.262306 0.895006 0.104590 0.964961 -0.240648
0.075538 -13.049107 -44.220468 -118.976325 0.966956 0.110429 0.229785 0.078662 0.728110 -0.680932 0.242503 -0.676506 -0.695364
-0.189590 -11.396504 -31.956322 -162.364583 0.962234 0.139610 0.233696 0.113692 0.573918 -0.810982 0.247344 -0.806925 -0.536371
0.210527 -11.985269 -13.317508 -109.679983 0.954656 0.116737 0.273870 0.114086 0.706243 -0.698717 0.274985 -0.698279 -0.660901
-0.338670 -8.752173 7.352445 -120.418247 0.949709 0.165835 0.265614 0.171040 0.435794 -0.883645 0.262293 -0.884637 -0.385513
-0.046473 -10.257363 -13.409210 -120.201967 0.955229 0.135461 0.263037 0.146226 0.556717 -0.817731 0.257208 -0.819583 -0.511984
-0.570135 -8.771018 -31.903233 -155.703396 0.958824 0.155786 0.237461 0.155909 0.410133 -0.898601 0.237380 -0.898622 -0.368956
-0.219841 -7.061210 -14.032698 68.357632 0.998419 0.047041 -0.030769 0.049295 -0.469717 0.881440 -0.027011 0.881563 0.471293
0.038451 -6.475005 -12.422344 28.493371 0.983273 0.107843 -0.146779 0.181415 -0.508169 0.841934 -0.016208 0.854479 0.519234
0.192866 -6.888648 -10.242745 55.210052 0.994166 0.061482 -0.088621 0.107838 -0.550019 0.828161 -0.002174 0.832886 0.553440
