18281
36549
-3.459117 -5.127706 -20.901893 -43.402732 0.805162 0.022333 0.592635 0.413623 0.694984 -0.588144 0.425007 -0.718678 -0.550337
-3.607599 -5.797253 -6.788310 -43.135968 0.764539 -0.059306 0.641843 0.437713 0.778729 -0.449432 0.473168 -0.624551 -0.621328
-5.315854 -6.657175 61.187700 -90.552995 -0.419125 0.430489 -0.799384 0.764707 0.642009 -0.055205 0.489447 -0.634432 -0.598279
-3.051365 -4.954731 28.451143 -31.760549 0.877412 0.096694 0.469891 0.265299 0.718278 -0.643190 0.399705 -0.689005 -0.604573
-4.814149 -6.258919 4.801009 -136.130231 -0.196834 0.502240 -0.842028 0.874247 0.478653 0.081135 0.443788 -0.720171 -0.533297
-3.386120 -4.488538 18.580592 -51.033483 -0.622615 0.155042 -0.767015 0.674978 0.602328 -0.426152 0.395924 -0.783047 -0.479668
-2.701596 -4.269649 15.301775 -24.066529 0.890057 0.182691 0.417639 0.228561 0.613841 -0.755618 0.394408 -0.767999 -0.504598
3.772970 -7.763325 -1.466218 34.670867 0.050552 0.316916 -0.947105 0.829320 -0.541719 -0.137003 -0.556483 -0.778527 -0.290210
3.611167 -7.551951 1.558637 8.087545 -0.021801 0.289058 -0.957063 0.830692 -0.527435 -0.178222 -0.556305 -0.798911 -0.228620
3.325067 -7.462602 0.748499 -1.685186 0.062026 0.291125 -0.954672 0.885324 -0.457679 -0.082047 -0.460819 -0.840105 -0.286128
4.213425 -8.208141 -1.386606 33.700247 -0.035137 0.328933 -0.943699 0.724672 -0.641868 -0.250710 -0.688197 -0.692682 -0.215816
3.719641 -8.308652 -6.907556 44.439620 0.113259 0.340106 -0.933542 0.887956 -0.456196 -0.058472 -0.445764 -0.822322 -0.353668
4.118329 -9.017293 1.692505 37.125645 0.076257 0.373611 -0.924446 0.760531 -0.621371 -0.188389 -0.644808 -0.688704 -0.331526
-0.824000 -5.120232 -50.976537 1.782393 -0.405111 0.225367 -0.886056 0.913539 0.061084 -0.402139 -0.036505 -0.972357 -0.230627
-3.644360 -8.460957 235.326116 0.387247 -0.340924 0.450493 -0.825122 0.932444 0.050324 -0.357792 -0.119659 -0.891361 -0.437216
-1.614024 -6.225440 37.451296 -103.177256 -0.558218 0.271283 -0.784090 0.801887 -0.066211 -0.593796 -0.213002 -0.960220 -0.180578
-0.835102 -5.142185 -28.100837 102.653802 -0.212647 0.251064 -0.944324 0.966578 0.195688 -0.165631 0.143209 -0.947984 -0.284285
-0.220872 -4.278241 -108.277519 -29.041377 -0.671632 0.185069 -0.717398 0.732296 0.018814 -0.680727 -0.112484 -0.982546 -0.148161
-1.526805 -4.353750 -89.496241 15.967967 -0.220910 0.232156 -0.947260 0.974344 0.095391 -0.203848 0.043036 -0.967990 -0.247273
5.098517 -3.202827 40.953270 34.132062 -0.249456 0.638532 -0.728045 0.923775 0.382467 0.018923 0.290536 -0.667829 -0.685269
3.799969 -2.728476 107.896118 17.314423 -0.361476 0.720334 -0.591991 0.909582 0.411989 -0.054092 0.204930 -0.558017 -0.804127
3.802178 -2.997565 60.862699 17.605619 -0.237614 0.701837 -0.671539 0.952217 0.304873 -0.018299 0.191891 -0.643799 -0.740744
2.596969 -2.490880 56.267511 1.720696 -0.318120 0.739596 -0.593125 0.939663 0.329012 -0.093723 0.125828 -0.587153 -0.799637
4.771044 -3.720970 27.086698 29.383566 -0.139209 0.636489 -0.758619 0.964142 0.261909 0.042822 0.225945 -0.725455 -0.650126
3.527874 -3.721249 37.989265 10.299433 -0.066250 0.683129 -0.727286 0.992833 0.117788 0.020197 0.099463 -0.720736 -0.686037
6.815217 -3.769425 -53.262056 -32.532612 -0.306355 0.429434 -0.849549 0.829171 0.558750 -0.016567 0.467570 -0.709496 -0.527250
6.172510 -3.043135 122.248192 -21.685973 -0.439116 0.616264 -0.653755 0.828879 0.558614 -0.030165 0.346607 -0.555130 -0.756105
6.883837 -2.944157 7.710322 16.366047 -0.300817 0.535454 -0.789176 0.856493 0.515629 0.023377 0.419439 -0.668891 -0.613722
6.766229 -3.750045 -107.541408 28.217050 -0.175491 0.419714 -0.890530 0.871943 0.486239 0.057340 0.457077 -0.766428 -0.451297
-1.356445 -3.702487 26.115173 -0.853524 0.728429 -0.315777 0.608010 0.326887 -0.619734 -0.713495 -0.602109 -0.718481 0.348209
-1.395833 -4.028601 14.883183 -12.334972 0.706003 -0.315438 0.634081 0.400670 -0.560365 -0.724883 -0.583972 -0.765827 0.269233
-1.202580 -3.972180 33.510466 -10.658766 0.747551 -0.308513 0.588207 0.349817 -0.569933 -0.743509 -0.564620 -0.761575 0.318130
-0.652175 -4.450327 -16.375463 12.769959 0.529642 -0.201312 0.823986 0.117534 0.979475 0.163752 -0.840039 0.010117 0.542432
-0.266529 -4.602504 -23.446109 10.278811 0.508299 -0.263399 0.819910 0.083516 0.962666 0.257485 -0.857122 -0.062404 0.511320
-0.804508 -4.698682 -19.775007 11.061934 0.524695 -0.238059 0.817327 0.029131 0.964562 0.262242 -0.850792 -0.113788 0.513036
-1.101109 -4.652006 -15.197745 11.995458 0.536782 -0.190196 0.822004 0.021326 0.977008 0.212135 -0.843452 -0.096340 0.528496
-0.524695 -7.070867 -12.222235 36.610900 -0.405664 -0.214688 -0.888452 0.661077 0.602340 -0.447396 0.631200 -0.768828 -0.102422
-0.585150 -7.230568 0.652624 41.273969 -0.417310 -0.188208 -0.889061 0.718230 0.531082 -0.449551 0.556774 -0.826153 -0.086450
-0.578238 -7.152609 -2.184290 17.958978 -0.418515 -0.198657 -0.886217 0.638107 0.630037 -0.442576 0.646270 -0.750726 -0.136916
-0.592949 -7.285237 8.736381 26.633955 -0.422680 -0.163947 -0.891327 0.689096 0.580650 -0.433582 0.588633 -0.797476 -0.132454
-0.544084 -6.945415 11.674418 -9.769765 -0.413209 -0.170624 -0.894509 0.622830 0.663655 -0.414300 0.664335 -0.728319 -0.167958
1.340332 -9.307303 -24.480721 -121.926566 0.386049 0.048192 0.921219 0.121188 0.987330 -0.102436 -0.914483 0.151186 0.375318
1.229652 -8.135389 -26.433259 -95.150016 0.389226 0.060048 0.919183 -0.049666 0.997790 -0.044151 -0.919802 -0.028468 0.391348
0.997676 -8.839716 -14.917789 -100.856149 0.377929 0.078053 0.922539 -0.036903 0.996918 -0.069229 -0.925099 -0.007881 0.379644
1.873651 -7.608253 -15.832104 -32.005844 0.187184 0.127804 0.973975 0.971377 0.123536 -0.202895 -0.146252 0.984076 -0.101022
2.133124 -8.613908 -8.608487 -75.849822 0.232604 0.131625 0.963624 0.972162 -0.060226 -0.226438 0.028230 0.989468 -0.141970
2.517365 -7.393936 -6.705671 -76.817733 0.160671 0.076798 0.984016 0.980178 0.104665 -0.168213 -0.115911 0.991538 -0.058459
0.341208 -14.300640 -4.783774 87.835567 -0.466537 -0.194010 -0.862962 0.566790 0.683437 -0.460069 0.679038 -0.703757 -0.208886
0.483671 -15.029119 2.483647 99.067979 -0.493293 -0.166183 -0.853841 0.542649 0.708371 -0.451378 0.679848 -0.685998 -0.259256
0.307650 -15.876748 -0.628448 -25.615087 -0.491596 -0.196646 -0.848330 0.729674 0.438690 -0.524526 0.475300 -0.876859 -0.072171
-0.139861 -7.221127 29.572784 59.612432 -0.405682 -0.001604 -0.914013 -0.032047 0.999409 0.012470 0.913452 0.034350 -0.405494
-0.457506 -8.356568 38.755039 59.592019 -0.409030 0.001968 -0.912519 0.068418 0.997249 -0.028517 0.909952 -0.074097 -0.408039
0.192177 -8.777729 12.882523 71.458369 -0.390439 -0.054992 -0.918985 0.131768 0.984599 -0.114902 0.911150 -0.165955 -0.377180
0.175442 -7.343249 -12.334046 72.964251 -0.355281 -0.044961 -0.933678 -0.025271 0.998939 -0.038488 0.934418 0.009921 -0.356041
-0.062183 -5.756149 9.510062 44.375807 -0.388065 -0.006820 -0.921607 -0.144221 0.988103 0.053416 0.910278 0.153644 -0.384431
-0.317210 -5.453233 35.730540 57.018523 -0.414243 0.023721 -0.909857 -0.171560 0.979706 0.103650 0.893851 0.199032 -0.401767
-0.427772 -4.135015 77.061674 29.954380 0.165354 0.954793 -0.247037 0.966679 -0.107275 0.232430 0.195422 -0.277239 -0.940717
0.358294 -4.209058 71.226534 40.525062 0.088897 0.961705 -0.259268 0.987479 -0.051037 0.149268 0.130320 -0.269291 -0.954201
1.475153 -3.095318 56.458270 11.121215 0.289273 0.924340 -0.248832 0.938168 -0.222121 0.265526 0.190165 -0.310256 -0.931439
1.760801 -3.301772 55.191560 28.995970 0.183890 0.941025 -0.284001 0.974159 -0.135924 0.180388 0.131147 -0.309834 -0.941703
2.566668 -2.364908 32.511900 12.364651 0.289990 0.903133 -0.316634 0.946459 -0.221598 0.234754 0.141848 -0.367758 -0.919039
2.497714 -2.224107 14.615547 6.596992 0.404559 0.864417 -0.298523 0.894170 -0.305426 0.327375 0.191812 -0.399373 -0.896499
-0.285523 -8.293004 -14.000597 -133.949701 -0.408340 -0.007514 -0.912799 0.112232 0.991966 -0.058373 0.905904 -0.126281 -0.404216
-0.433688 -8.496708 -14.744076 -155.754197 -0.410917 -0.004987 -0.911659 0.103339 0.993285 -0.052013 0.905797 -0.115583 -0.407642
-0.316137 -10.195642 -11.529590 -155.823924 -0.403224 0.031922 -0.914544 -0.060023 0.996317 0.061241 0.913131 0.079587 -0.399823
0.183153 -5.582320 8.191698 -2.610314 0.321134 -0.106832 0.940989 0.728016 -0.607640 -0.317438 0.605694 0.786995 -0.117359
0.184236 -5.653257 8.534678 0.790604 0.322313 -0.109742 0.940251 0.788179 -0.519011 -0.330760 0.524298 0.847694 -0.080788
0.317112 -5.754556 11.963186 2.511865 0.327147 -0.112653 0.938234 0.732868 -0.596546 -0.327166 0.596556 0.794633 -0.112598
0.256670 -5.662065 12.791340 1.005547 0.321147 -0.117872 0.939665 0.655841 -0.688103 -0.310461 0.683181 0.715975 -0.143677
0.019153 -5.668643 -0.178730 1.985306 0.331967 -0.093418 0.938654 0.688913 -0.655727 -0.308903 0.644357 0.749197 -0.153322
1.542521 -2.922960 16.539172 -55.831406 0.301909 0.579766 -0.756784 0.801755 0.275079 0.530585 0.515790 -0.766944 -0.381782
1.022888 -3.487873 -42.304007 -62.681016 0.380025 0.534172 -0.755143 0.776753 0.258978 0.574096 0.502231 -0.804730 -0.316501
1.676286 -3.929314 4.536778 -61.265063 0.284893 0.551257 -0.784189 0.768936 0.357041 0.530339 0.572340 -0.754081 -0.322163
1.367993 -3.100446 33.058185 -42.907520 0.237761 0.569396 -0.786929 0.799209 0.345756 0.491648 0.552028 -0.745816 -0.372859
1.477729 -4.215936 31.642213 -44.172005 0.196293 0.551674 -0.810632 0.749388 0.448756 0.486863 0.632365 -0.703046 -0.325330
-1.527781 -9.885038 6.037415 -20.363360 0.517951 -0.049548 0.853974 0.846464 -0.114321 -0.520028 0.123393 0.992208 -0.017272
-1.267074 -10.764240 31.813211 -21.680821 0.487692 -0.118454 0.864942 0.833166 -0.232765 -0.501652 0.260751 0.965292 -0.014826
-1.451908 -10.425455 -0.405324 -21.445090 0.496394 -0.023781 0.867772 0.826612 -0.292378 -0.480862 0.265153 0.956007 -0.125477
-1.779626 -9.702023 -19.263945 -14.175865 0.525039 0.014852 0.850948 0.847922 -0.095159 -0.521511 0.073230 0.995351 -0.062556
1.068759 -11.500618 9.194126 112.851415 0.516716 -0.300771 0.801587 0.739057 -0.315946 -0.594957 0.432204 0.899842 0.059033
1.230185 -12.766899 8.953355 94.968096 0.543733 -0.318019 0.776671 0.802376 -0.074343 -0.592170 0.246061 0.945165 0.214748
1.150103 -13.475432 1.395659 69.725034 0.529814 -0.284198 0.799080 0.794954 -0.161914 -0.584664 0.295542 0.944995 0.140139
0.937736 -12.643187 1.822531 58.520103 0.490819 -0.249580 0.834749 0.726791 -0.411091 -0.550253 0.480490 0.876763 -0.020379
0.626741 -19.054694 57.022779 -165.567342 -0.533416 0.485704 -0.692502 0.699865 -0.206352 -0.683818 -0.475032 -0.849418 -0.229856
-0.557731 -16.028350 -58.239206 316.907635 0.518776 -0.497543 0.695214 -0.466357 0.516852 0.717896 -0.716507 -0.696645 0.036097
0.562577 -15.618974 46.071947 -229.816748 -0.490122 0.465119 -0.737187 0.606062 -0.426002 -0.671723 -0.626474 -0.776007 -0.073098
1.421767 -17.888224 33.100375 -145.464575 -0.472832 0.436996 -0.765156 0.779595 -0.197254 -0.594410 -0.410685 -0.877568 -0.247412
-1.235596 -7.460422 0.172718 82.158772 0.126433 0.760997 -0.636316 -0.434942 0.619044 0.653919 -0.891538 -0.194084 -0.409257
-0.777194 -8.800073 6.469459 70.176611 0.115191 0.783170 -0.611045 -0.599031 0.545469 0.586196 -0.792397 -0.298510 -0.531976
-1.224637 -7.188972 -2.559071 92.162920 0.073536 0.789489 -0.609344 -0.421828 0.578274 0.698327 -0.903689 -0.205686 -0.375553
-0.774239 -8.777457 6.016924 63.723637 0.163783 0.754645 -0.635363 -0.584765 0.592976 0.553560 -0.794496 -0.280875 -0.538409
-1.514329 -5.423239 -1.146175 63.166681 0.120512 0.747947 -0.652727 -0.273783 0.657060 0.702364 -0.954211 -0.094062 -0.283959
-1.390951 -5.887392 6.947081 72.106842 0.162845 0.735047 -0.658170 -0.298782 0.672491 0.677115 -0.940325 -0.086384 -0.329131
-1.094889 -7.352957 11.507259 90.670194 0.189690 0.735562 -0.650359 -0.402547 0.662418 0.631790 -0.895530 -0.141955 -0.421752
-1.727442 -41.741742 109.816148 -1090.590139 -0.997974 0.059535 -0.022430 0.059458 0.998223 0.004065 0.022632 0.002723 -0.999740
-6.328525 -144.708183 -141.764962 -5063.719307 0.975928 -0.217024 -0.021550 0.217819 0.965002 0.146037 0.010898 0.147215 -0.989044
-4.109343 -48.698264 -55.742759 -1578.942602 0.963495 -0.249854 0.096185 0.266643 0.927833 -0.260822 0.024076 -0.276947 -0.960583
1.589325 -44.964063 -124.996210 -1207.878858 0.999295 0.014490 0.034638 -0.011077 0.995244 -0.096784 0.035876 -0.096332 -0.994702
0.553234 -68.278998 -114.875553 -2188.696269 0.999788 -0.016294 0.012601 0.011622 0.951326 0.307966 0.017006 0.307754 -0.951314
0.116635 -26.299651 -74.974932 -693.883144 0.997193 -0.042408 0.061705 0.059970 0.945816 -0.319118 0.044828 -0.321923 -0.945704
0.138892 -3.774028 -8.636104 8.372851 -0.667560 -0.058351 -0.742266 0.730117 -0.246684 -0.637241 -0.145922 -0.967338 0.207280
0.251677 -3.869619 -14.955159 1.782501 -0.675519 -0.057235 -0.735118 0.709983 -0.319553 -0.627543 -0.198991 -0.945838 0.256500
0.166099 -3.790494 -8.973833 0.394094 -0.684504 -0.051171 -0.727211 0.695841 -0.343329 -0.630817 -0.217393 -0.937820 0.270617
0.095841 -3.800666 6.625455 -2.350549 0.692089 0.047378 0.720256 0.670570 -0.411463 -0.617280 -0.267113 -0.910194 0.316539
0.075136 -3.691160 1.534562 7.296015 -0.680080 -0.044227 -0.731803 0.709085 -0.293264 -0.641244 -0.186251 -0.955008 0.230804
-1.796702 -3.909841 4.205881 5.122954 -0.137998 0.928920 -0.343606 -0.119672 0.328744 0.936806 -0.983176 -0.170398 -0.065799
-1.649968 -4.038394 11.395328 30.771517 -0.093417 0.896678 -0.432716 -0.193544 0.409970 0.891328 -0.976634 -0.167014 -0.135249
-1.617426 -4.211577 2.905167 26.372055 -0.169530 0.923071 -0.345254 -0.177456 0.316007 0.932013 -0.969417 -0.219271 -0.110232
-1.747820 -4.092945 0.905236 10.004012 -0.196247 0.939944 -0.279270 -0.084974 0.267434 0.959822 -0.976866 -0.212093 -0.027388
-1.559957 -4.446536 -4.540923 22.821531 -0.229726 0.927006 -0.296455 -0.165106 0.263067 0.950545 -0.959149 -0.267312 -0.092621
-1.404892 -4.926029 -1.659488 23.982068 -0.194083 0.912421 -0.360304 -0.302088 0.293850 0.906860 -0.933314 -0.284849 -0.218600
-2.100539 -4.200562 9.516436 16.086879 0.532594 -0.464447 0.707553 0.615032 0.786689 0.053442 -0.581445 0.406705 0.704636
-2.186814 -3.693159 5.420032 18.325714 0.407471 -0.538450 0.737589 0.710486 0.694352 0.114388 -0.573739 0.477437 0.665490
-2.253167 -4.254791 8.316734 12.773155 0.550523 -0.379820 0.743411 0.532612 0.845525 0.037573 -0.642844 0.375264 0.667778
1.310441 -11.136213 25.852453 373.029514 0.536040 0.006682 0.844166 0.036398 0.998856 -0.031020 -0.843408 0.047354 0.535184
1.252188 -10.550270 4.679036 223.720037 0.552872 0.044218 0.832092 0.102476 0.987403 -0.120560 -0.826941 0.151924 0.541376
0.857552 -12.001658 -31.540430 347.742037 0.513027 -0.018208 0.858180 -0.020292 0.999238 0.033331 -0.858133 -0.034514 0.512266
0.916714 -25.195721 -34.903639 277.939906 -0.577582 0.798510 0.169649 -0.378586 -0.077895 -0.922283 0.723237 0.596920 -0.347295
0.657740 -21.736091 -17.136247 146.938149 -0.580019 0.792739 0.187465 -0.300362 0.005791 -0.953808 0.757206 0.609534 -0.234750
1.027832 -23.308097 -13.183150 -105.043206 -0.583216 0.784597 0.210397 -0.078414 0.203422 -0.975946 0.808523 0.585686 0.057115
0.378669 -29.476137 -34.806726 -137.266539 -0.581651 0.792683 0.182581 -0.145778 0.119242 -0.982105 0.800269 0.597858 -0.046198
0.722209 -26.877760 -4.506098 -617.928451 -0.580337 0.782130 0.226895 0.204990 0.409936 -0.888781 0.788155 0.469281 0.398230
1.186660 -21.109873 16.122681 -387.026109 -0.600530 0.765178 0.232094 0.172574 0.407449 -0.896774 0.780758 0.498486 0.376735
2.674417 -13.726534 -34.833531 -56.655666 -0.169035 -0.209611 -0.963063 0.808723 0.529029 -0.257090 0.563377 -0.822308 0.080093
2.656012 -13.177477 -44.849462 -61.602677 -0.143656 -0.219430 -0.964994 0.862928 0.449595 -0.230696 0.484478 -0.865861 0.124765
2.398332 -14.305363 -34.374176 -12.845323 -0.150375 -0.215521 -0.964851 0.765102 0.592704 -0.251637 0.626104 -0.776049 0.075768
-3.726085 -5.733266 -13.184176 9.545203 0.972864 -0.194186 0.125806 0.023721 0.624571 0.780608 0.230158 0.756441 -0.612229
-3.783901 -5.789123 -0.831258 9.182818 0.977570 -0.210590 0.003022 0.140950 0.664826 0.733580 0.156493 0.716700 -0.679596
-3.448783 -5.489877 -3.899626 7.843748 0.970055 -0.237082 -0.052769 0.180098 0.556344 0.811200 0.162964 0.796413 -0.582383
-4.151460 -6.080242 -15.652903 13.791280 0.976739 -0.143927 0.158955 0.000585 0.743065 0.669219 0.214432 0.653559 -0.725865
-3.424730 -5.406485 -10.861120 10.545325 0.967952 -0.250233 0.021270 0.108874 0.494448 0.862361 0.226308 0.832409 -0.505846
-3.844514 -5.760276 -19.812270 14.917894 0.946152 -0.168913 0.276162 -0.128484 0.587072 0.799273 0.297134 0.791716 -0.533757
-4.149573 -6.082766 -19.190312 13.480347 0.944560 -0.115704 0.307278 -0.134988 0.716262 0.684651 0.299308 0.688172 -0.660934
-5.541479 -5.704578 -14.674204 13.118258 -0.425524 0.285612 0.858694 0.643193 0.762943 0.064969 -0.636579 0.579952 -0.508354
-4.826865 -5.370925 3.667014 -1.577287 0.777836 0.179364 -0.602328 0.262998 0.777555 0.571174 -0.570791 0.602691 -0.557638
-5.291143 -5.579466 -3.273802 -0.220168 -0.606520 0.157769 0.779257 0.478459 0.855205 0.199254 -0.634988 0.493694 -0.594185
-5.698251 -6.237460 -23.513238 32.040753 -0.288768 0.520725 0.803405 0.636250 0.731419 -0.245380 -0.715401 0.440308 -0.542522
-5.590654 -5.932872 -13.822485 14.776638 -0.535472 0.302491 0.788524 0.490280 0.871564 -0.001406 -0.687674 0.385845 -0.615003
-4.650705 -5.775970 0.713047 18.661237 -0.760815 -0.099454 0.641302 0.194221 0.908001 0.371231 -0.619224 0.406993 -0.671505
0.293801 -1.611807 7.716938 18.882245 -0.803983 -0.446427 -0.392828 -0.293125 0.872293 -0.391386 0.517387 -0.199520 -0.832168
-0.072332 -1.553446 16.654593 23.510995 -0.839606 -0.326416 -0.434182 -0.187724 0.924424 -0.331964 0.509726 -0.197213 -0.837428
0.261467 -1.884212 10.792094 14.755746 -0.822112 -0.391536 -0.413317 -0.225350 0.890475 -0.395313 0.522828 -0.231850 -0.820303
0.506528 -1.761108 -2.655413 0.129509 -0.784382 -0.489570 -0.380876 -0.293883 0.834068 -0.466866 0.546240 -0.254268 -0.798104
0.392077 -1.731345 -10.689398 15.708115 -0.778125 -0.482967 -0.401578 -0.316633 0.853778 -0.413288 0.542463 -0.194437 -0.817269
-1.915217 -3.855491 15.426687 12.069906 0.825225 0.001000 0.564803 -0.547556 0.246657 0.799589 0.138513 0.969102 -0.204095
-1.571084 -3.812372 19.927203 5.632278 0.825815 -0.036389 0.562766 -0.534879 0.265678 0.802072 0.178701 0.963375 -0.199937
-1.791615 -4.254194 16.579083 18.627706 0.841456 -0.030642 0.539456 -0.500310 0.332874 0.799302 0.204063 0.942473 -0.264769
-1.783102 -3.447856 17.453999 16.731512 0.798858 -0.007982 0.601466 -0.592684 0.160302 0.789322 0.102717 0.987036 -0.123327
-1.993931 -3.536946 10.487952 14.518407 0.784239 0.036651 0.619375 -0.617541 0.142800 0.773467 0.060098 0.989073 -0.134623
-0.235901 -4.095991 -2.799296 23.035065 0.715093 0.035781 0.698113 -0.469834 -0.714866 0.517902 -0.517588 0.698345 0.494385
-0.119091 -3.795364 12.295892 13.824587 0.667354 -0.045403 0.743356 -0.541138 -0.715333 0.442119 -0.511673 0.697307 0.501949
-0.534999 -4.391112 -4.161778 16.455137 0.733068 0.052060 0.678160 -0.487737 -0.654692 0.577486 -0.474050 0.754101 0.454542
-0.001190 -3.509441 -0.150019 26.433399 0.684131 -0.010845 0.729278 -0.472225 -0.768608 0.431561 -0.555849 0.639628 0.530950
-0.049580 -4.731450 -0.016500 1.457684 0.788818 -0.190217 0.584451 -0.553449 0.193750 0.810034 0.267320 0.962434 -0.047558
-0.151417 -4.818139 7.044325 7.537365 0.797667 -0.196700 0.570120 -0.541151 0.183878 0.820576 0.266240 0.963067 -0.040229
-0.052556 -4.864879 4.637787 -16.578683 0.781897 -0.196415 0.591657 -0.580248 0.117692 0.805891 0.227922 0.973432 0.021946
-0.102549 -4.747573 -3.316308 -9.534140 0.781834 -0.186252 0.595017 -0.580910 0.129006 0.803679 0.226447 0.973996 0.007334
-0.140583 -4.590475 -11.722429 6.156630 0.790394 -0.180997 0.585250 -0.547583 0.219573 0.807429 0.274647 0.958659 -0.074438
1.492998 -5.650442 -1.007340 -8.824608 0.772365 0.101539 0.627010 0.077303 0.964775 -0.251461 -0.630457 0.242689 0.737310
1.027975 -6.114201 -7.262218 67.514969 0.779226 0.039475 0.625499 0.087656 0.981341 -0.171131 -0.620583 0.188178 0.761226
1.022904 -5.974186 9.999705 74.014126 0.779098 0.115591 0.616154 0.020814 0.977543 -0.209706 -0.626557 0.176206 0.759195
1.478867 -5.975219 15.937520 8.613352 0.763239 0.169693 0.623435 -0.005741 0.966638 -0.256081 -0.646091 0.191872 0.738750
1.927509 -8.059079 -60.295190 -49.834850 0.469687 0.217940 0.855510 -0.197413 0.970439 -0.138836 -0.860478 -0.103680 0.498827
2.828856 -8.300273 -54.619246 2.311767 0.497718 0.262084 0.826794 -0.267477 0.953173 -0.141128 -0.825065 -0.150906 0.544513
2.143731 -8.140370 -47.758332 -15.695004 0.476524 0.232888 0.847755 -0.322345 0.943405 -0.077973 -0.817936 -0.236113 0.524625
0.449669 -15.327803 -5.903653 83.296302 -0.544205 0.025133 -0.838576 -0.029333 0.998370 0.048958 0.838439 0.051242 -0.542581
0.200440 -16.591692 -22.258833 51.304510 -0.537182 0.041654 -0.842437 -0.020182 0.997859 0.062208 0.843225 0.050419 -0.535191
0.510951 -15.875071 -17.521782 7.126229 -0.534930 0.006860 -0.844869 0.179343 0.978102 -0.105610 0.825643 -0.208015 -0.524446
0.396283 -15.701443 14.052860 6.683495 -0.562792 0.014917 -0.826464 0.110773 0.992180 -0.057525 0.819142 -0.123924 -0.560044
0.477257 -14.457831 3.431877 -99.862798 -0.557040 -0.011649 -0.830404 0.355074 0.900562 -0.250819 0.750752 -0.434572 -0.497513
0.584992 -14.301773 -4.727567 -123.629043 -0.560976 -0.015306 -0.827690 0.413839 0.860746 -0.296401 0.716968 -0.508804 -0.476524
-0.254723 -5.905353 -105.636424 63.112813 0.555589 0.776783 -0.296528 0.809603 -0.586642 -0.019853 -0.189377 -0.229040 -0.954818
-2.113520 -6.755344 -89.440573 -61.382573 0.606641 0.746039 -0.274612 -0.768349 0.638883 0.038308 -0.204025 -0.187759 -0.960792
-1.542051 -5.130571 -98.077310 53.726777 0.450641 0.846951 -0.282130 0.891027 -0.446110 0.084005 -0.054713 -0.289242 -0.955691
0.855410 -4.287272 -117.588555 41.541586 0.399335 0.866400 -0.299803 0.914381 -0.400144 0.061574 -0.066616 -0.298723 -0.952012
2.337264 -4.721888 -112.564487 58.463307 0.507518 0.817625 -0.271874 0.848592 -0.529003 -0.006805 -0.149386 -0.227257 -0.962309
1.461614 -6.770024 -102.483298 -79.013092 0.590328 0.757251 -0.279433 -0.762895 0.636524 0.113265 -0.263636 -0.146315 -0.953461
0.660825 -4.273114 0.648003 -1.808097 0.808768 -0.095191 0.580374 -0.392649 0.647288 0.653334 0.437860 0.756278 -0.486129
0.398466 -4.398467 -14.016002 -16.734204 0.840629 -0.095622 0.533103 -0.366443 0.624390 0.689824 0.398827 0.775238 -0.489840
0.594098 -4.091421 -21.988767 14.568826 0.843853 -0.101060 0.526971 -0.329865 0.676893 0.658032 0.423204 0.729111 -0.537862
0.833300 -4.137920 4.591881 18.064661 0.800530 -0.099362 0.590998 -0.375189 0.685893 0.623525 0.467316 0.720887 -0.511799
-0.749584 -4.817646 4.094856 47.389224 0.932554 0.310282 -0.184574 -0.061528 -0.367175 -0.928115 0.355748 -0.876874 0.323319
-0.621464 -5.453556 15.158596 66.883840 0.915851 0.311079 -0.253862 -0.117284 -0.397418 -0.910112 0.384006 -0.863301 0.327492
-0.951920 -7.266145 6.518428 164.872699 0.922568 0.269879 -0.275742 -0.123535 -0.470431 -0.873747 0.365523 -0.840155 0.400665
-0.533298 -5.011167 3.314769 -32.383208 0.929700 0.343531 -0.132830 -0.026979 -0.296154 -0.954759 0.367327 -0.891224 0.266066
-0.963847 -5.732370 -5.422383 86.448758 0.940547 0.281401 -0.190223 -0.059962 -0.413681 -0.908445 0.334329 -0.865842 0.372213
-0.550233 -4.867317 -6.715907 -25.344997 0.937936 0.338001 -0.077659 0.029933 -0.301985 -0.952843 0.345513 -0.891381 0.293360
-0.497042 -4.120485 -5.658730 9.133926 0.765722 -0.195048 0.612883 -0.565800 0.248850 0.786094 0.305842 0.948699 -0.080192
-0.511551 -4.180238 -10.570352 -8.642336 0.788342 -0.199235 0.582084 -0.488678 0.372021 0.789173 0.373779 0.906590 -0.195918
-0.368216 -4.349972 -10.122987 6.543356 0.782146 -0.194971 0.591806 -0.549346 0.232453 0.802611 0.294053 0.952865 -0.074706
0.225574 -3.640075 -3.430594 11.211014 0.596106 -0.195648 0.778704 0.643707 0.696136 -0.317861 -0.479895 0.690736 0.540911
0.484774 -3.355175 -11.438383 1.646937 0.520304 -0.270715 0.809936 0.736418 0.622454 -0.265026 -0.432402 0.734346 0.523225
0.250566 -3.323140 -7.706993 10.167317 0.560379 -0.237473 0.793462 0.666384 0.698182 -0.261675 -0.491840 0.675388 0.549495
0.518567 -3.111853 -1.784409 -5.709011 0.485312 -0.329038 0.810066 0.762065 0.613383 -0.207407 -0.428636 0.717980 0.548431
0.048292 -3.777985 -4.229616 -18.082864 0.625590 -0.160399 0.763485 -0.578520 -0.751946 0.316057 -0.523405 0.639413 0.563203
-0.004546 -3.714826 -5.980847 -22.357660 0.625510 -0.158078 0.764034 -0.556090 -0.777210 0.294463 -0.547267 0.609061 0.574059
0.086490 -3.178672 -2.766412 19.181162 0.579877 -0.224221 0.783242 0.621309 0.743576 -0.247124 -0.526989 0.629936 0.570493
0.334323 -2.918064 -3.081913 3.038549 0.504560 -0.309041 0.806171 0.717784 0.669050 -0.192764 -0.479797 0.675918 0.559401
-0.024675 -9.766894 3.454525 14.598311 0.918812 0.306137 -0.249128 0.323905 -0.224149 0.919154 -0.225545 0.925223 0.305109
0.069555 -10.277168 -3.824972 47.229188 0.935556 0.297828 -0.189823 0.202647 -0.012482 0.979172 -0.289255 0.954538 0.072031
-0.065016 -9.054673 6.132326 8.227806 0.934077 0.286083 -0.213673 0.269334 -0.171612 0.947633 -0.234433 0.942712 0.237350
-0.202571 -9.467795 13.255444 -23.700524 0.916568 0.293206 -0.271906 0.363471 -0.327398 0.872181 -0.166707 0.898243 0.406654
-0.138849 -10.013175 14.479538 -17.087583 0.903443 0.309182 -0.296981 0.407882 -0.406617 0.817493 -0.131996 0.859691 0.493465
-3.298008 -13.465149 -8.209331 -47.032412 0.838112 0.454103 0.302256 0.205523 0.250398 -0.946077 0.505301 -0.855039 -0.116533
-2.110792 -12.187545 -7.160075 -74.094958 0.885576 0.448933 0.119222 0.122227 0.022401 -0.992249 0.448124 -0.893285 0.035034
-2.955773 -13.043562 -20.423858 -33.466539 0.882135 0.431397 0.189037 0.047814 0.317259 -0.947133 0.468564 -0.844537 -0.259238
-2.025975 -12.524995 -15.103471 -69.143045 0.903183 0.419645 0.090323 0.001177 0.207997 -0.978129 0.429253 -0.883536 -0.187366
-3.955696 -13.537976 -20.481360 6.064818 0.843101 0.428054 0.325499 0.108408 0.457574 -0.882538 0.526714 -0.779356 -0.339377
-3.066094 -14.226215 -36.763863 -74.317475 0.897273 0.423608 0.124330 -0.083933 0.440170 -0.893983 0.433424 -0.791711 -0.430508
-4.401799 -14.284879 -45.524173 -28.583176 0.868459 0.432016 0.243190 -0.034077 0.541399 -0.840075 0.494589 -0.721283 -0.484904
0.686354 -22.534028 -7.477138 -93.562768 0.641801 0.477795 0.599836 0.749468 -0.556490 -0.358632 0.162450 0.679728 -0.715248
0.948279 -20.782544 -2.128102 -234.517872 0.624225 0.499957 0.600321 0.769255 -0.259236 -0.583990 -0.136345 0.826341 -0.546416
0.691988 -20.737753 -11.779493 -126.302695 0.616237 0.522824 0.588988 0.785141 -0.349251 -0.511446 -0.061692 0.777611 -0.625712
4.888787 -434.959535 -449.280670 24674.219109 -0.580773 -0.288223 -0.761335 -0.191797 0.957344 -0.216118 0.791149 0.020506 -0.611279
-3.760372 -39.417138 92.857974 -1166.700105 0.507817 0.429738 0.746624 0.791690 -0.574495 -0.207803 0.339631 0.696621 -0.631958
6.329767 -154.686486 -351.759864 6498.382986 -0.594419 -0.333630 -0.731681 -0.391554 0.914810 -0.099034 0.702390 0.227625 -0.674414
1.091866 -72.844643 16.803324 -1937.204097 0.636596 0.128508 0.760415 0.469523 0.717631 -0.514348 0.611796 -0.684464 -0.396503
0.996895 -0.870042 -89.071598 5.709423 0.258592 0.827223 -0.498830 -0.730668 -0.170281 -0.661157 0.631866 -0.535449 -0.560393
0.771463 -1.703971 -54.171602 -71.187304 -0.171751 0.604934 -0.777532 0.731252 0.607158 0.310853 0.660131 -0.515182 -0.546639
1.794101 -0.097682 -58.431226 25.101147 0.100249 0.805303 -0.584326 -0.760259 -0.316850 -0.567108 0.641838 -0.501092 -0.580475
1.775452 -1.404996 -40.375627 -62.776781 -0.276898 0.545830 -0.790820 0.679849 0.692899 0.240201 0.679068 -0.471127 -0.562945
3.183771 -0.256483 -97.707588 -24.063354 0.396464 0.874446 -0.279572 -0.643927 0.047819 -0.763591 0.654350 -0.482760 -0.582038
1.981260 -0.015043 -14.194491 66.346946 -0.211279 0.660261 -0.720705 -0.734087 -0.594029 -0.329007 0.645351 -0.459548 -0.610195
2.352974 0.791604 -44.931809 -8.080951 0.281248 0.905750 -0.317045 -0.701723 -0.031248 -0.711764 0.654587 -0.422660 -0.626797
3.073473 0.365390 -59.040911 -19.180271 0.349202 0.896240 -0.273519 -0.660810 0.028580 -0.750009 0.664371 -0.442648 -0.602224
1.311640 -4.972613 93.160797 -5.237059 0.605963 -0.148235 0.781559 0.793945 0.173955 -0.582573 -0.049598 0.973533 0.223100
2.530932 -4.825992 71.577074 5.296991 0.603408 -0.101284 0.790974 0.797394 0.086403 -0.597241 -0.007852 0.991098 0.132900
0.804743 -5.011043 95.325142 8.243211 0.623455 -0.153461 0.766651 0.779140 0.040233 -0.625558 0.065155 0.987335 0.144651
2.755684 -4.746972 54.145912 -4.664466 0.578194 -0.080756 0.811893 0.805614 0.214015 -0.552435 -0.129145 0.973487 0.188800
5.745808 -4.373631 -230.859805 -2.866134 0.450974 0.890499 0.060279 0.844110 -0.447475 0.295370 -0.290001 0.082322 0.953479
9.768176 -4.594677 -373.349852 20.489022 0.411504 0.908876 0.067885 0.895605 -0.417056 0.154775 -0.168983 0.002892 0.985615
5.740933 -4.677614 -289.253346 -6.283327 0.480729 0.862923 0.155766 0.840036 -0.504156 0.200418 -0.251476 -0.034503 0.967248
-0.135830 -10.672269 10.995358 24.262275 0.679005 -0.174731 0.713037 0.728993 0.275217 -0.626757 -0.086726 0.945370 0.314251
-0.055642 -11.450097 8.279475 17.400871 0.686443 -0.171550 0.706658 0.711819 0.357223 -0.604736 -0.148692 0.918130 0.367326
-0.061369 -11.022607 12.991970 39.411526 0.668379 -0.184470 0.720583 0.742396 0.105509 -0.661602 0.046018 0.977158 0.207470
-0.013202 -10.673309 4.798818 16.040980 0.699020 -0.155399 0.698013 -0.673281 -0.471930 0.569188 -0.240962 0.867833 0.434516
-0.119146 -10.349233 1.627281 21.583850 0.666700 -0.167010 0.726374 0.744217 0.096028 -0.660999 0.040641 0.981268 0.188313
0.253911 -24.832889 -3.149026 -176.158192 0.684518 0.015116 0.728839 -0.269510 0.934199 0.233745 -0.677347 -0.356432 0.643550
0.333860 -21.790445 -1.517645 -38.328944 0.694778 0.051130 0.717405 -0.288427 0.933557 0.212794 -0.658858 -0.354764 0.663362
0.421231 -21.969093 3.483647 372.161560 0.699531 0.064599 0.711676 0.512461 -0.739437 -0.436596 -0.498036 -0.670119 0.550364
0.525449 -23.570826 4.422033 451.306947 0.694739 0.048402 0.717631 0.512147 -0.733831 -0.446315 -0.505018 -0.677605 0.534611
0.455849 -27.077601 7.645378 -359.321828 0.691995 0.021080 0.721594 -0.304979 0.914529 0.265752 -0.654317 -0.403970 0.639279
1.108442 -10.807640 15.424105 39.962008 0.734333 0.095082 0.672097 0.676968 -0.175078 -0.714886 -0.049697 -0.979953 0.192933
0.910862 -12.684606 15.063209 145.852658 0.716203 0.095672 0.691304 0.680331 -0.316530 -0.661029 -0.155577 -0.943746 0.291788
0.762359 -14.143954 -3.723495 195.859015 -0.696649 -0.110725 -0.708816 0.697893 -0.333501 -0.633816 -0.166212 -0.936225 0.309608
-1.742661 -49.650256 -105.934297 780.984919 0.447560 -0.019359 0.894044 0.343438 0.926817 -0.151858 -0.825676 0.375014 0.421455
0.126623 -71.588941 -69.693250 2564.070825 0.451855 0.039613 0.891211 0.649313 0.670451 -0.359010 -0.611735 0.740896 0.277226
1.434632 -46.994236 -42.515373 201.984801 0.486261 -0.028813 0.873339 0.201650 0.976179 -0.080069 -0.850228 0.215044 0.480488
-1.092275 -63.300722 -104.040944 -2060.783269 0.449380 0.019755 0.893122 -0.171577 0.983051 0.064586 -0.876709 -0.182263 0.445153
-5.991856 -58.680635 -71.600002 -1715.260749 -0.450792 0.723935 0.522211 0.369735 0.683914 -0.628934 0.812455 0.090438 0.575967
-2.446325 -423.621770 -86.207147 -16469.133155 0.591333 -0.394547 -0.703319 -0.017083 0.865817 -0.500069 0.806246 0.307723 0.505246
-7.591648 -33.280939 -67.547610 -1027.362035 0.582309 -0.420617 -0.695699 0.254738 0.907060 -0.335186 0.772027 0.017961 0.635336
-4.827936 -6.984211 45.116247 -42.201672 -0.598193 0.307075 -0.740183 0.576657 0.806331 -0.131519 0.556446 -0.505505 -0.659418
-3.515738 -6.344365 19.078312 -37.068036 0.758132 -0.112579 0.642309 0.413443 0.844690 -0.339947 0.504282 -0.523283 -0.686932
-3.355162 -5.626019 26.584726 -38.033055 0.850335 0.014852 0.526032 0.305392 0.800132 -0.516260 0.428563 -0.599640 -0.675844
2.873710 -7.709623 -10.838124 -31.612554 -0.018484 0.242500 -0.969975 0.909625 -0.398617 -0.116990 -0.415018 -0.884476 -0.213217
3.288669 -6.889048 -4.687268 -34.815579 -0.118357 0.225309 -0.967071 0.833011 -0.507548 -0.220199 -0.540448 -0.831644 -0.127613
4.124155 -7.056559 5.926520 29.909870 -0.130427 0.278176 -0.951634 0.758320 -0.590339 -0.276497 -0.638702 -0.757706 -0.133950
-5.619393 -18.898773 292.486594 -1110.228337 -0.011000 0.376803 -0.926228 0.859687 -0.469521 -0.201217 -0.510702 -0.798480 -0.318769
-3.579312 -12.201780 281.675872 315.900862 -0.455691 0.412646 -0.788714 0.890038 0.197928 -0.410678 -0.013356 -0.889128 -0.457465
-1.891116 -8.473296 128.571302 318.226342 -0.236599 0.358444 -0.903072 0.938187 0.325962 -0.116419 0.252638 -0.874795 -0.413410
5.295743 -2.773231 104.205301 17.190586 -0.364229 0.673116 -0.643624 0.879899 0.475159 -0.001007 0.305146 -0.566691 -0.765341
3.311362 -2.505503 128.134379 4.044433 -0.442524 0.731742 -0.518389 0.876598 0.474858 -0.078015 0.189074 -0.488942 -0.851579
2.234085 -2.498408 82.983741 -3.500710 -0.405231 0.734805 -0.543920 0.903456 0.412882 -0.115311 0.139843 -0.538135 -0.831176
6.693521 -4.030392 52.590176 -47.786388 -0.440296 0.475521 -0.761590 0.773820 0.631160 -0.053284 0.455347 -0.612794 -0.645865
3.932538 -2.619429 191.422064 -16.346024 -0.508300 0.692763 -0.511576 0.814643 0.579434 -0.024770 0.279265 -0.429343 -0.858881
4.388084 -2.522091 153.949497 1.471360 -0.447383 0.732478 -0.513152 0.860603 0.508703 -0.024174 0.243335 -0.452435 -0.857957
5.730987 -3.244707 199.045433 -39.031616 -0.554421 0.605608 -0.570839 0.760584 0.647142 -0.052151 0.337831 -0.463084 -0.819404
-1.547496 -3.822557 3.091882 -3.092889 0.654153 -0.300408 0.694147 0.401496 -0.639855 -0.655276 -0.641003 -0.707347 0.297950
-1.253409 -4.071465 -17.856378 -6.810035 0.631007 -0.313225 0.709732 0.484785 -0.555030 -0.675962 -0.605652 -0.770604 0.198381
0.334156 -3.209272 11.648655 30.460654 0.686467 0.063964 0.724342 -0.048947 0.997929 -0.041735 -0.725511 -0.006804 0.688177
0.435992 -2.726875 10.505680 16.432963 0.680888 0.141259 0.718636 -0.049624 0.987867 -0.147163 -0.730704 0.064540 0.679637
0.371673 -3.029103 6.227911 21.993126 0.687659 0.100928 0.718984 -0.035309 0.993768 -0.105731 -0.725174 0.047321 0.686937
0.482773 -2.747318 -2.748955 7.590671 0.674692 0.183825 0.714842 -0.043439 0.976701 -0.210164 -0.736820 0.110744 0.666957
0.281565 -3.509635 -0.749606 14.453828 0.681735 0.016616 0.731410 -0.061059 0.997546 0.034250 -0.729047 -0.068009 0.681077
0.417558 -3.134698 2.507119 22.626350 0.695225 0.114799 0.709566 -0.007925 0.988328 -0.152134 -0.718749 0.100144 0.688020
0.304338 -3.500140 3.350148 20.115233 0.695141 0.028993 0.718289 -0.016027 0.999563 -0.024836 -0.718695 0.005752 0.695301
-0.089352 -7.297637 -1.662036 -21.230425 -0.411268 -0.217222 -0.885253 0.474866 0.777928 -0.411498 0.778049 -0.589613 -0.216785
-0.207376 -7.165275 -6.050920 -14.928173 -0.417065 -0.228398 -0.879711 0.553194 0.704181 -0.445091 0.721133 -0.672283 -0.167341
-0.217354 -7.094317 -8.852773 4.686577 -0.399763 -0.206422 -0.893073 0.400518 0.837043 -0.372753 0.824485 -0.506705 -0.251943
-0.061925 -7.253893 1.695309 -8.521220 -0.422533 -0.228210 -0.877147 0.588906 0.666524 -0.457095 0.688953 -0.709694 -0.147234
-0.103491 -7.468090 -2.766879 1.169411 -0.395380 -0.191899 -0.898248 0.314726 0.890429 -0.328760 0.862915 -0.412687 -0.291662
-0.000574 -7.331332 -1.224986 -19.535162 -0.416038 -0.231633 -0.879351 0.584452 0.672721 -0.453720 0.696655 -0.702704 -0.144500
-0.073762 -7.741079 7.725787 3.595956 -0.410365 -0.191139 -0.891665 0.343560 0.873337 -0.345324 0.844729 -0.448049 -0.292719
-0.041145 -7.794955 0.639750 -18.853881 -0.404364 -0.216826 -0.888525 0.509542 0.753349 -0.415730 0.759511 -0.620847 -0.194145
1.111773 -10.376569 18.331446 -80.606662 0.369918 0.115068 0.921911 0.169875 0.967195 -0.188882 -0.913402 0.226480 0.338236
0.994054 -10.521126 7.668637 -64.276986 0.372582 0.077638 0.924746 0.284071 0.939116 -0.193298 -0.883451 0.334713 0.327843
0.882087 -9.417766 8.745219 -116.239788 0.376022 0.100133 0.921185 0.047754 0.990729 -0.127185 -0.925380 0.091815 0.367754
0.990843 -9.573922 14.360083 -27.374908 0.354809 0.118774 0.927364 -0.036550 0.992902 -0.113184 -0.934224 0.006264 0.356632
-0.210744 -9.014343 -16.586831 -5.897340 0.268081 0.156152 0.950657 0.335648 0.909812 -0.244094 -0.903035 0.384523 0.191492
0.156888 -10.043982 -17.685944 -38.595629 0.287685 0.170464 0.942433 0.397201 0.874177 -0.279367 -0.871475 0.454705 0.183779
0.222034 -9.630869 -16.526399 2.264643 0.272464 0.143354 0.951427 0.224672 0.952023 -0.207784 -0.935567 0.270372 0.227184
-0.316123 -9.594578 -14.149386 -49.019549 0.283492 0.176859 0.942525 0.461491 0.836395 -0.295752 -0.840630 0.518810 0.155493
-0.190136 -8.997705 -23.264691 30.563172 0.251840 0.138516 0.957805 0.169371 0.968121 -0.184542 -0.952833 0.208700 0.220351
-0.478252 -8.707347 -17.971801 5.504376 0.270140 0.145871 0.951707 0.292967 0.929133 -0.225569 -0.917167 0.339754 0.208261
-0.467852 -9.096870 -11.054334 -24.106381 0.285946 0.159007 0.944961 0.441585 0.853321 -0.277211 -0.850434 0.496548 0.173788
0.289686 -15.956225 3.681236 -92.759590 -0.519506 -0.183736 -0.834479 0.794316 0.256092 -0.550889 0.314922 -0.949030 0.012903
0.726610 -17.451963 -25.335822 -15.639350 -0.507215 -0.200890 -0.838079 0.684342 0.497202 -0.533353 0.523840 -0.844058 -0.114711
0.720190 -18.123334 -27.064149 -110.590993 -0.527352 -0.206595 -0.824147 0.790051 0.237642 -0.565106 0.312600 -0.949129 0.037900
0.138991 -15.121168 -7.696137 -72.691550 -0.543578 -0.202153 -0.814652 0.826679 0.039124 -0.561312 0.145343 -0.978572 0.145849
0.126122 -14.272092 15.697821 -52.083847 -0.541651 -0.186162 -0.819730 0.832224 0.018591 -0.554128 0.118398 -0.982343 0.144859
-0.100331 -9.547772 20.516719 70.316750 -0.389272 -0.034219 -0.920487 0.228744 0.964415 -0.132587 0.892269 -0.262169 -0.367592
-1.364978 -5.213685 66.342856 52.737342 -0.047414 0.954818 -0.293384 0.992383 0.078461 0.094973 0.113702 -0.286647 -0.951265
-0.541757 -5.328430 63.418404 50.261471 -0.077085 0.958844 -0.273268 0.996634 0.081772 0.005787 0.027895 -0.271902 -0.961921
0.804174 -4.888744 50.655407 62.832110 -0.030181 0.954873 -0.295478 0.999378 0.034223 0.008519 0.018247 -0.295037 -0.955312
-0.390652 -6.245547 -11.000996 -19.245857 -0.425739 -0.075076 -0.901726 0.141572 0.978752 -0.148330 0.893702 -0.190809 -0.406064
-0.546036 -6.197784 -9.279369 -96.280248 -0.422076 -0.035515 -0.905865 0.147461 0.983235 -0.107256 0.894487 -0.178850 -0.409762
0.097992 -5.676822 2.416625 10.096650 0.332217 -0.103799 0.937474 0.840774 -0.417868 -0.344217 0.427470 0.902558 -0.051551
-0.031818 -5.753146 5.879694 2.449897 0.322154 -0.102657 0.941105 0.819895 -0.466724 -0.331573 0.473274 0.878425 -0.066189
-0.315930 -5.718583 13.043232 3.578585 0.324249 -0.112092 0.939307 0.823451 -0.455288 -0.338587 0.465609 0.883260 -0.055324
-0.122545 -5.692989 16.808102 1.543711 0.311271 -0.117779 0.942994 0.869435 -0.365307 -0.332616 0.383658 0.923406 -0.011308
-0.204997 -5.785347 8.461157 0.804494 0.319421 -0.101926 0.942115 0.749104 -0.581727 -0.316918 0.580356 0.806973 -0.109462
-0.608924 -2.532681 -82.100189 -51.852760 0.467901 0.518073 -0.716009 0.760266 0.177141 0.624993 0.450626 -0.836793 -0.310989
-0.121292 -4.098177 -104.857781 -72.948528 0.411015 0.485737 -0.771444 0.769287 0.269250 0.579397 0.489146 -0.831603 -0.263006
-0.443877 -10.774622 27.843395 -24.382406 0.483151 -0.131079 0.865669 0.836851 -0.221518 -0.500609 0.257381 0.966306 0.002667
-0.825518 -11.243708 31.404005 -10.437917 0.468584 -0.120128 0.875213 0.761333 -0.447619 -0.469051 0.448109 0.886119 -0.118290
-0.462782 -13.499627 -60.757929 76.483456 -0.285491 0.133171 -0.949084 -0.215349 0.956061 0.198929 0.933873 0.261177 -0.244269
0.305156 -12.337403 -47.999731 85.709189 -0.302317 0.140585 -0.942783 -0.410812 0.873278 0.261953 0.860138 0.466499 -0.206253
