10857
21706
-3.377748 -4.430589 -6.604304 28.243876 0.861855 -0.497540 -0.098288 -0.220576 -0.193225 -0.956039 -0.456675 -0.845647 0.276278
-3.910072 -5.771627 -3.970466 54.464508 0.867756 -0.329426 0.372126 0.179854 -0.489858 -0.853049 -0.463305 -0.807167 0.365829
-2.594961 -4.312166 -17.478941 35.425381 0.841650 -0.521788 0.139152 0.019125 -0.228716 -0.973305 -0.539685 -0.821843 0.182519
-3.705499 -5.268579 7.790317 29.236193 0.864767 -0.474066 -0.165650 -0.338218 -0.305998 -0.889929 -0.371197 -0.825607 0.424954
-2.738867 -3.656071 -11.489694 17.663087 0.747158 -0.523438 -0.409594 -0.437130 0.077224 -0.896077 -0.500671 -0.848557 0.171112
-3.420494 -4.823958 -13.588514 21.880086 0.774668 -0.467450 -0.425887 -0.534144 -0.123188 -0.836370 -0.338497 -0.875394 0.345116
-3.037216 -4.080341 -1.516782 -12.202435 0.613550 -0.423130 -0.666722 0.687050 -0.130154 0.714858 -0.389254 -0.896672 0.210856
-1.560678 -4.072474 -11.198539 -26.798971 -0.687683 0.691295 0.221820 0.004421 -0.301539 0.953443 -0.725998 -0.656647 -0.204307
-0.746527 -3.412066 -16.748230 -27.110733 -0.694122 0.714808 0.085116 -0.208538 -0.312841 0.926630 -0.688990 -0.625444 -0.366214
-0.978784 -4.551755 -20.263158 -39.552650 -0.708808 0.618487 0.339213 0.068756 -0.418014 0.905835 -0.702043 -0.665386 -0.253767
0.331863 -3.853184 -28.127852 -42.841037 -0.715432 0.641061 0.277846 -0.094674 -0.482952 0.870514 -0.692238 -0.596489 -0.406210
-1.297065 -4.857119 13.244004 14.983255 0.679496 -0.593801 -0.430912 -0.255074 0.359494 -0.897609 -0.687911 -0.719836 -0.092812
-0.782603 -5.170259 18.905714 6.701510 0.708232 -0.548070 -0.445002 -0.280033 0.360534 -0.889717 -0.648066 -0.754741 -0.101864
-0.402114 -5.004199 -17.181597 -38.374049 -0.713688 0.578272 0.395286 0.119716 -0.455318 0.882243 -0.690158 -0.676968 -0.255727
4.670732 -5.461649 156.292063 -120.296848 0.728514 -0.654054 0.203671 -0.644736 -0.554188 0.526489 0.231480 0.514868 0.825426
6.578420 -3.912449 178.788321 -41.121817 0.689660 -0.694852 0.203836 -0.662348 -0.491536 0.565409 0.292683 0.524950 0.799227
2.335042 -5.683332 107.081165 47.523556 0.640561 -0.729814 0.238858 0.724092 0.470482 -0.504320 0.255681 0.496003 0.829824
5.402291 -4.064499 160.708960 -5.577088 0.642548 -0.739284 0.201472 0.699408 0.458463 -0.548307 0.312987 0.493225 0.811646
-0.581409 -6.218071 29.020254 70.392048 0.686462 -0.705083 0.177841 -0.659396 -0.500485 0.560991 0.306538 0.502367 0.808494
0.089862 -4.640615 -4.866945 6.462476 -0.721962 0.691847 -0.010890 -0.649485 -0.683017 -0.334152 0.238620 0.234172 -0.942456
0.393226 -4.716266 8.076410 -4.416311 0.741209 -0.670825 0.024557 0.582874 0.661314 0.472145 0.332966 0.335645 -0.881179
0.249827 -4.568187 5.005995 -4.145574 0.750049 -0.661289 0.011118 0.625484 0.714700 0.313008 0.214935 0.227817 -0.949686
1.498048 -7.080352 -2.514556 -137.574414 -0.669888 0.703065 -0.238641 0.018789 -0.305263 -0.952083 0.742224 0.642273 -0.191282
1.396483 -8.910515 -5.470908 -117.343793 -0.663134 0.720205 -0.203855 -0.122413 -0.373037 -0.919706 0.738422 0.584934 -0.335537
1.285241 -8.230651 -6.959959 -139.755879 -0.625799 0.747887 -0.221451 0.004950 -0.280104 -0.959957 0.779969 0.601836 -0.171586
1.459730 -6.198372 -5.804557 -110.491650 -0.626946 0.725802 -0.283110 0.142021 -0.250831 -0.957556 0.766008 0.640543 -0.054179
1.589333 -4.986062 3.989368 -73.184897 -0.676635 0.667222 -0.311417 0.139621 -0.299000 -0.943983 0.722960 0.682213 -0.109155
-0.771346 -7.816038 5.721571 -16.188556 -0.707210 0.705827 0.040770 0.700166 0.707205 -0.098126 -0.098093 -0.040850 -0.994338
-0.682563 -7.460975 5.495492 18.747514 -0.689993 0.722657 0.040946 -0.675250 -0.663037 0.323140 -0.260668 -0.195315 -0.945465
-0.534872 -8.165780 3.869964 -22.752195 -0.711286 0.699574 0.068326 0.692276 0.714054 -0.104307 -0.121759 -0.026891 -0.992195
-0.573448 -8.418124 -4.211352 -2.857205 0.728869 -0.681700 -0.063515 0.683402 0.718796 0.127645 0.041361 0.136443 -0.989784
-0.823030 -7.992931 -5.337332 1.529068 0.724162 -0.688856 -0.032680 0.686115 0.714881 0.134875 0.069547 0.120093 -0.990324
-0.342161 -1.361900 -3.554592 -4.496285 0.965745 -0.084143 0.245472 0.127868 -0.668840 -0.732327 -0.225802 -0.738629 0.635170
-0.461860 -1.009920 -0.270687 -5.334200 0.973400 -0.090351 0.210545 0.091951 -0.687648 -0.720198 -0.209852 -0.720401 0.661049
-0.411885 -1.024888 -6.811130 -8.784508 0.898898 0.098090 0.427036 0.360976 -0.718208 -0.594872 -0.248350 -0.688880 0.681004
-0.035712 -3.298896 -4.813077 -9.216234 0.755100 -0.651967 -0.069014 0.573195 0.605415 0.552196 0.318231 0.456522 -0.830853
0.128704 -3.040551 -7.761251 -6.258263 0.754757 -0.652302 -0.069593 0.598095 0.640666 0.481486 0.269489 0.405029 -0.873686
0.140777 -3.231669 -2.430816 -14.633775 0.775978 -0.629096 -0.045783 0.541622 0.627361 0.559521 0.323270 0.458973 -0.827551
0.034944 -3.654495 -1.655036 -11.638150 0.778523 -0.626139 -0.043025 0.496104 0.571953 0.653261 0.384424 0.529924 -0.755909
-0.111447 -3.581772 -9.214492 -16.476572 0.777468 -0.625156 -0.068724 0.516961 0.573004 0.635938 0.358181 0.529949 -0.768674
-0.602833 -191.185593 95.765918 -4594.210160 0.960021 -0.212199 0.182570 0.078670 -0.421394 -0.903459 -0.268647 -0.881702 0.387853
1.599115 -16.896255 52.567985 -216.241497 0.962650 -0.231392 0.140577 -0.022383 -0.585457 -0.810395 -0.269821 -0.776980 0.568769
1.812310 -21.124695 61.493793 -397.613051 0.967484 -0.211585 0.138587 -0.054448 -0.709298 -0.702803 -0.247002 -0.672405 0.697755
0.301200 -26.243172 40.439189 -483.280669 0.956748 -0.254152 0.141565 -0.026865 -0.561718 -0.826893 -0.289676 -0.787325 0.544250
-0.664431 -26.179669 4.954832 -407.133109 0.946024 -0.284059 0.156043 0.096993 -0.211259 -0.972606 -0.309242 -0.935244 0.172304
-0.479598 -1.752892 5.007697 38.394678 -0.605658 0.786642 0.119888 0.501365 0.260256 0.825167 -0.617910 -0.559876 0.552020
-0.332462 -1.585631 14.897340 0.752620 -0.735252 0.657113 -0.166153 0.270921 0.509625 0.816630 -0.621294 -0.555414 0.552728
0.036942 -1.928710 14.752367 16.195955 -0.671373 0.740117 -0.038531 0.359632 0.370805 0.856253 -0.648015 -0.561008 0.515118
1.815105 -51.116561 -39.461439 -410.766132 0.972754 -0.230741 0.022530 -0.191243 -0.853557 -0.484630 -0.131055 -0.467118 0.874429
1.834605 -71.854505 -36.737385 -1673.250315 0.964308 -0.253384 0.076859 -0.257969 -0.964471 0.056983 -0.059689 0.074776 0.995412
2.347992 -121.554256 -88.684024 -3884.359782 0.944232 -0.328583 -0.021401 -0.327023 -0.943374 0.055691 0.038488 0.045587 0.998219
0.543280 -38.552191 -16.140211 -474.130418 0.969179 -0.226840 0.096101 -0.186503 -0.930454 -0.315391 -0.160961 -0.287748 0.944083
1.793238 -42.340330 -18.785376 -723.056396 0.963213 -0.263259 -0.053993 -0.266178 -0.906918 -0.326570 -0.037005 -0.328928 0.943630
1.078919 -54.363435 -42.476624 -832.541259 0.956484 -0.288580 0.043129 -0.162470 -0.649512 -0.742791 -0.242368 -0.703460 0.668133
-3.874092 -5.269558 22.056935 2.363573 0.525234 0.128749 0.841162 -0.211358 0.977250 -0.017604 -0.824292 -0.168540 0.540497
-4.601345 -5.885534 -7.150751 15.528140 0.541391 -0.372603 0.753699 0.016070 0.900860 0.433811 -0.840617 -0.222750 0.493705
-4.365631 -5.981548 60.580171 8.849542 0.603854 -0.098647 0.790968 -0.147570 0.961323 0.232553 -0.783316 -0.257151 0.565941
-2.590967 -5.549741 -64.005725 4.581303 0.435240 -0.131589 0.890646 -0.091982 0.977586 0.189383 -0.895604 -0.164350 0.413380
-3.794523 -5.283254 80.993312 6.502002 0.575410 0.173796 0.799186 -0.249047 0.967989 -0.031193 -0.779024 -0.181086 0.600274
-1.584594 -4.789503 123.068157 -25.165519 0.422158 0.629258 0.652546 -0.405018 0.774920 -0.485242 -0.811013 -0.059444 0.582000
-2.996401 -3.281229 17.360354 -30.370466 -0.574765 -0.176581 0.799040 0.650479 -0.691037 0.315190 0.496509 0.700919 0.512046
-2.278159 -3.045658 -29.341127 -25.839781 0.715071 0.155816 -0.681465 0.565925 -0.701300 0.433483 0.410368 0.695629 0.589659
-2.620955 -3.855439 18.969025 -19.027903 -0.593171 -0.257742 0.762704 0.613778 -0.757843 0.221248 0.520985 0.599368 0.607727
-2.980640 -4.352822 -14.527118 4.320131 0.504589 0.277231 -0.817639 -0.565108 0.822040 -0.070021 0.652720 0.497386 0.571458
-3.268406 -4.075362 -12.225017 16.554439 0.494227 0.172526 -0.852041 -0.608235 0.768892 -0.197117 0.621120 0.615662 0.484944
-0.536000 -4.351952 13.647972 86.583914 0.895783 -0.161566 -0.414089 0.266353 -0.550708 0.791061 0.355851 0.818912 0.450281
-2.806171 -7.491695 -17.980036 172.175437 0.947063 -0.319421 0.032291 -0.188308 -0.471212 0.861684 0.260024 0.822149 0.506417
-1.519434 -6.063653 3.608895 138.240308 0.941924 -0.334633 -0.028266 -0.138244 -0.463079 0.875469 0.306050 0.820718 0.482446
-0.323750 -1.380137 29.291788 21.565538 -0.281172 0.958895 0.038237 0.931544 0.263144 0.250959 -0.230581 -0.106182 0.967242
-1.033234 -1.823072 0.029523 25.228449 -0.516046 0.856260 0.022709 0.825965 0.490416 0.277981 -0.226887 -0.162208 0.960318
-0.709251 -1.187588 6.029758 20.472581 -0.318889 0.945379 0.067593 0.927831 0.296818 0.225894 -0.193492 -0.134750 0.971804
-0.205624 -6.208763 -2.072637 -17.409964 0.872090 -0.488081 0.035162 -0.488934 -0.866158 0.103505 0.020063 0.107458 0.994007
-0.063838 -5.709967 -1.704676 -29.272319 0.879572 -0.474077 0.040058 -0.460148 -0.826281 0.324844 0.120902 0.304157 0.944919
-0.089593 -6.454146 -2.131772 -15.680678 0.866646 -0.496993 0.043838 -0.498923 -0.863354 0.075473 -0.000338 0.087280 0.996184
2.633012 -10.283051 -10.055821 -78.655970 -0.458613 0.859402 -0.226059 0.814268 0.304534 -0.494193 -0.355867 -0.410716 -0.839447
2.035178 -10.147062 17.058516 58.593846 -0.451323 0.888025 -0.087860 -0.813278 -0.368806 0.450068 -0.367268 -0.274581 -0.888662
2.011384 -9.257275 1.476961 86.104895 -0.453356 0.874404 -0.172873 -0.721030 -0.245751 0.647860 -0.524008 -0.418358 -0.741885
2.083214 -8.952811 -4.307849 71.309784 -0.452017 0.849776 -0.271221 -0.730530 -0.178184 0.659225 -0.511866 -0.496116 -0.701329
1.599235 -7.515355 5.253477 59.233329 -0.430037 0.877485 -0.212341 -0.625906 -0.120275 0.770568 -0.650623 -0.464279 -0.600945
1.064221 -7.324699 15.988007 60.955526 -0.416824 0.899955 -0.127826 -0.620836 -0.179145 0.763197 -0.663943 -0.397478 -0.633396
-0.846866 -8.192373 2.074237 59.201598 -0.564939 0.801734 -0.195106 -0.461435 -0.110945 0.880210 -0.684048 -0.587294 -0.432625
-0.763921 -7.840120 -2.838993 51.806771 -0.572832 0.776925 -0.261250 -0.494389 -0.073263 0.866148 -0.653792 -0.625316 -0.426070
-0.653362 -6.547233 2.004321 72.716835 -0.551277 0.803932 -0.223130 -0.307613 0.052746 0.950048 -0.775544 -0.592377 -0.218223
-0.580020 -7.212694 5.736013 80.525545 -0.548428 0.823905 -0.142854 -0.278560 -0.018931 0.960232 -0.788436 -0.566412 -0.239889
-0.475350 -5.319904 3.541240 54.647137 -0.547737 0.809824 -0.210164 -0.154702 0.148833 0.976686 -0.822223 -0.567480 -0.043760
-0.388178 -5.110992 -1.950299 52.337570 -0.554870 0.781365 -0.285636 -0.198657 0.208964 0.957533 -0.807870 -0.588050 -0.039276
0.246690 -2.290288 -11.172113 -4.306839 0.891994 -0.411071 0.188063 0.031593 0.471697 0.881194 0.450943 0.780078 -0.433738
0.131052 -2.349518 -11.480369 -7.408863 0.893930 -0.400852 0.200519 0.065469 0.559360 0.826335 0.443400 0.725558 -0.526272
0.370906 -2.265309 4.930774 -1.873211 0.877112 -0.425583 0.222606 0.037622 0.522944 0.851537 0.478810 0.738518 -0.474692
0.216225 -2.278297 14.429663 6.173834 0.854644 -0.469443 0.221825 0.083185 0.545513 0.833964 0.512507 0.694290 -0.505270
0.252857 -2.268685 10.464016 3.776712 0.860454 -0.454778 0.229774 0.030307 0.495837 0.867887 0.508626 0.739813 -0.440427
0.766200 -8.501455 3.838717 -97.591950 -0.598964 0.786063 -0.152798 -0.157854 0.071167 0.984895 -0.785063 -0.614036 -0.081456
1.222350 -8.158525 8.122622 -1.726687 -0.638349 0.765744 -0.078403 -0.202807 -0.069057 0.976781 -0.742549 -0.639428 -0.199381
0.795145 -7.272773 7.466076 53.630720 -0.598908 0.798426 -0.061842 -0.157466 -0.041697 0.986644 -0.785184 -0.600647 -0.150698
-0.354599 -8.267493 -5.843307 -7.416353 0.738326 -0.643726 0.201224 -0.129521 0.157471 0.978993 0.661890 0.748879 -0.032889
-0.644902 -7.822082 -6.232374 -3.802596 0.719157 -0.666118 0.197738 -0.098178 0.184312 0.977952 0.687877 0.722714 -0.067151
-0.343143 -7.757660 -7.191000 -15.773541 0.745206 -0.644606 0.170736 0.024789 0.282641 0.958905 0.666374 0.710350 -0.226605
-4.731336 -10.972949 -84.957424 -40.243065 -0.565521 0.792132 0.229593 0.823031 0.524167 0.218788 0.052964 0.312691 -0.948377
-4.438642 -9.787547 48.113682 40.376536 0.725523 -0.648319 -0.230864 0.681887 0.722539 0.113872 -0.092983 0.240040 -0.966300
-8.699074 -17.049219 -40.555589 -317.836502 0.973092 0.218633 0.072739 -0.228311 0.872321 0.432355 -0.031076 0.437328 -0.898765
-9.567187 -16.294740 -74.035329 3.671378 -0.868158 0.393816 0.302011 0.439018 0.893196 0.097286 -0.231442 0.217048 -0.948327
-6.866803 -12.447059 -115.790993 -100.367617 -0.580954 0.757404 0.298045 0.794064 0.446985 0.411906 0.178758 0.475966 -0.861105
-12.706868 -13.276679 -85.372825 230.316768 0.611572 0.566574 0.552245 0.774914 -0.569785 -0.273593 0.159650 0.595264 -0.787510
-9.561149 -22.699637 102.792093 -422.669458 0.992088 0.031725 -0.121473 0.022614 0.906563 0.421464 -0.123494 0.420876 -0.898673
-11.709422 -14.780298 -143.934728 -227.095803 0.890461 0.293203 0.348011 -0.452407 0.652851 0.607547 0.049065 0.698439 -0.713986
-3.791415 -321.167538 121.545821 -6861.655113 0.900575 0.364576 0.236746 -0.423013 0.609554 0.670450 -0.100121 0.703937 -0.703170
-2.924117 -17.679763 -20.814837 -116.917832 -0.558498 0.800680 0.216776 0.591191 0.567526 -0.573069 0.581870 0.191902 0.790317
-1.138630 -14.681146 -11.048956 -63.296676 -0.453393 0.881298 0.133227 0.681037 0.438966 -0.586086 0.574998 0.174994 0.799221
-2.375361 -18.385407 -27.183436 -161.595958 -0.471218 0.860344 0.194325 0.447215 0.422952 -0.788106 0.760232 0.284464 0.584061
0.091595 -1.588606 12.740424 -7.229518 0.439701 -0.676104 -0.591225 0.862102 0.133105 0.488941 -0.251880 -0.724684 0.641397
-0.689380 -1.949815 16.548709 -0.311567 0.554120 -0.654293 -0.514637 0.799144 0.245025 0.548937 -0.233067 -0.715446 0.658647
-0.105605 -1.697621 22.993511 -10.007790 0.352359 -0.666103 -0.657381 0.887082 0.013894 0.461402 -0.298208 -0.745730 0.595784
0.410811 -1.271474 15.177135 -15.499950 0.301541 -0.680678 -0.667646 0.902333 -0.022476 0.430452 -0.308005 -0.732238 0.607421
0.293759 -1.171483 2.135267 -16.624422 0.296554 -0.710875 -0.637740 0.907707 0.002234 0.419600 -0.296858 -0.703315 0.645928
-0.265805 -2.974082 -21.719782 13.809707 0.117927 0.582365 0.804329 0.894016 -0.414828 0.169274 0.432237 0.699120 -0.569563
-0.403493 -2.589550 -19.716967 11.716945 0.147346 0.570270 0.808134 0.847987 -0.493406 0.193566 0.509124 0.656766 -0.556283
0.307191 -2.723742 -13.996378 11.508721 0.244581 0.505922 0.827178 0.845778 -0.528495 0.073160 0.474173 0.681716 -0.557157
0.574206 -3.084318 -18.628674 12.189250 0.242945 0.519164 0.819418 0.889606 -0.456035 0.025178 0.386755 0.722842 -0.572643
-0.021061 -3.252985 -24.361929 12.843978 0.107683 0.584048 0.804545 0.933409 -0.337999 0.120435 0.342275 0.738001 -0.581552
-0.323388 -5.620036 -21.739424 -11.559409 -0.656015 -0.375602 0.654651 0.328310 0.639005 0.695619 -0.679601 0.671265 -0.295882
-0.042971 -8.519886 -18.775925 175.655351 -0.682893 -0.373492 0.627822 0.282410 0.657628 0.698405 -0.673722 0.654239 -0.343612
-0.762742 -4.711414 19.558867 28.889842 0.703012 0.468115 -0.535391 0.237689 0.554875 0.797256 -0.670282 0.687737 -0.278818
0.559548 -8.028963 -16.831584 23.801549 -0.639246 -0.343321 0.688110 0.312848 0.701310 0.640539 -0.702489 0.624736 -0.340902
-1.371446 -20.486607 -13.110299 -571.814230 -0.598970 -0.317936 0.734950 0.413718 0.662954 0.623963 -0.685619 0.677797 -0.265553
-0.574109 -29.560746 -13.701458 -616.477862 -0.590928 -0.298255 0.749565 0.421897 0.677701 0.602266 -0.687610 0.672135 -0.274639
-4.422365 -6.125123 28.850366 32.239819 0.926024 -0.358861 0.117039 -0.110604 -0.554425 -0.824852 -0.360896 -0.750888 0.553102
-3.704405 -5.725871 -3.872861 15.426340 0.871907 -0.421299 0.249572 -0.072253 -0.614782 -0.785381 -0.484312 -0.666746 0.566472
-2.574388 -5.675350 -37.564654 24.646410 0.801445 -0.437515 0.407757 0.086773 -0.589512 -0.803085 -0.591740 -0.679011 0.434498
-2.293387 -5.873602 -35.372473 83.015874 0.791225 -0.432897 0.431929 0.237298 -0.433624 -0.869287 -0.563607 -0.790298 0.240368
-2.990688 -5.529824 3.596398 -17.782220 0.558838 -0.020651 -0.829019 0.675389 0.591414 0.440544 0.481196 -0.806103 0.344452
-2.998210 -5.637516 -4.169775 -9.290035 0.483645 0.055181 -0.873523 0.583962 0.723068 0.369000 0.651978 -0.688570 0.317484
-3.002669 -5.724307 6.853660 15.298461 0.574350 0.001629 -0.818608 -0.571976 -0.714599 -0.402731 0.585632 -0.699533 0.409498
-0.939769 -3.185023 4.131970 -15.647675 -0.620154 0.778258 -0.098607 -0.322435 -0.138283 0.936437 -0.715154 -0.612529 -0.336694
-0.136914 -2.805160 5.412372 -14.263738 -0.584492 0.784868 -0.205793 -0.455821 -0.107791 0.883520 -0.671265 -0.610215 -0.420762
0.231915 -2.724006 -18.294249 -18.199775 -0.668750 0.740903 -0.061944 -0.388814 -0.277499 0.878531 -0.633717 -0.611602 -0.473651
0.709182 -6.612824 33.047932 -49.375322 0.782422 0.382263 0.491621 0.500383 0.084044 -0.861716 0.370720 -0.920224 0.125521
-0.088413 -7.275580 20.624342 7.116668 0.801469 0.364101 0.474425 0.335452 0.383046 -0.860667 0.495096 -0.848944 -0.184861
0.737148 -6.906225 6.464898 -29.712084 0.791990 0.291933 0.536216 0.466487 0.277260 -0.839950 0.393880 -0.915370 -0.083404
-0.400172 -7.258815 34.629842 -27.440524 0.796049 0.395680 0.457978 0.434928 0.152227 -0.887505 0.420885 -0.905684 0.050912
1.020911 -5.154090 38.890269 -59.167824 0.744594 0.394962 0.538130 0.614199 -0.089661 -0.784041 0.261417 -0.914312 0.309346
0.104060 -6.089039 34.728001 -60.240779 0.774447 0.389840 0.498254 0.566230 -0.075862 -0.820749 0.282163 -0.917752 0.279490
0.165364 -4.822710 -6.370752 4.985370 -0.720671 0.693035 -0.018324 -0.599386 -0.636134 -0.485871 0.348382 0.339170 -0.873838
0.259541 -4.923568 -7.378180 1.742412 -0.731034 0.681550 -0.032830 -0.521128 -0.588730 -0.617918 0.440470 0.434610 -0.785557
-0.023638 -4.947108 2.862762 -9.965400 0.715052 -0.699069 0.001718 0.625449 0.640843 0.445123 0.312273 0.317212 -0.895468
0.025580 -5.102654 -5.276372 5.562489 -0.727456 0.685677 -0.025601 -0.536695 -0.591851 -0.601391 0.427512 0.423745 -0.798545
1.239378 -9.567338 -4.629328 -8.294847 -0.663794 0.724808 -0.184473 -0.297037 -0.481847 -0.824374 0.686401 0.492420 -0.535142
1.357755 -9.169912 -5.894375 -40.177885 -0.694644 0.695254 -0.184638 -0.269228 -0.489288 -0.829526 0.667073 0.526515 -0.527063
1.117038 -9.427357 -3.137522 -57.186859 -0.636308 0.747875 -0.189195 -0.174933 -0.378747 -0.908817 0.751339 0.545192 -0.371828
1.237748 -8.980912 -7.364324 67.226071 -0.688307 0.703981 -0.175053 -0.422610 -0.585273 -0.691995 0.589605 0.402326 -0.700357
0.955414 -9.607955 -0.306175 37.013461 -0.640803 0.747619 -0.174463 -0.349680 -0.486551 -0.800620 0.683444 0.452033 -0.573211
1.083694 -8.947680 -3.528918 76.964643 -0.660358 0.729652 -0.177580 -0.450673 -0.574220 -0.683495 0.600683 0.371321 -0.708025
-0.575562 -7.158585 4.822162 -1.708144 -0.674749 0.737204 0.035262 -0.623478 -0.594923 0.507289 -0.394954 -0.320308 -0.861054
-0.781784 -7.109908 5.454482 -0.920338 -0.671312 0.741156 -0.005391 -0.640785 -0.576713 0.506751 -0.372472 -0.343642 -0.862076
-0.631673 -7.690654 4.772957 -33.621196 -0.660183 0.750998 -0.012685 -0.559465 -0.480403 0.675434 -0.501156 -0.453007 -0.737311
-0.945367 -7.103171 -4.023043 2.758468 0.666028 -0.743555 0.059437 0.664756 0.555517 -0.499500 -0.338387 -0.372192 -0.864273
-0.760599 -7.690816 -3.941355 31.407216 0.659138 -0.749715 0.058865 0.580418 0.457397 -0.673723 -0.478176 -0.478243 -0.736636
-0.316453 -7.392315 -10.978674 -8.386016 -0.557625 0.790705 -0.252666 -0.421004 -0.531725 -0.734864 0.715409 0.303405 -0.629393
-0.712156 -7.442100 -8.230196 7.086802 -0.573306 0.790964 -0.213766 -0.320592 -0.456653 -0.829873 0.754016 0.407240 -0.515379
-0.280154 -7.706242 -10.559391 18.742505 -0.550493 0.801651 -0.233050 -0.310090 -0.455529 -0.834469 0.775114 0.387103 -0.499349
1.778384 -2.076203 38.648493 1.961619 0.880270 0.049720 0.471860 0.464314 -0.294950 -0.835115 -0.097653 -0.954218 0.282721
0.713014 -1.958617 15.614297 10.847023 0.900572 0.034813 0.433311 0.424090 -0.289309 -0.858165 -0.095486 -0.956603 0.275307
1.231687 -1.794936 4.231980 5.444095 0.775540 0.072494 0.627122 0.627350 -0.199427 -0.752769 -0.070494 -0.977227 0.200143
1.693684 -1.651818 17.892209 -4.831815 -0.632313 -0.150207 -0.760011 0.774532 -0.143729 -0.615988 -0.016710 -0.978151 0.207222
1.755928 -1.811842 -12.767587 -5.460418 0.717334 0.101097 0.689356 0.696364 -0.136077 -0.704670 -0.022565 -0.985526 0.168013
1.548840 -2.119477 -7.513122 -6.505709 0.742955 0.049516 0.667508 0.667152 -0.135378 -0.732517 -0.054094 -0.989556 0.133614
1.734921 -2.481929 10.606985 -5.389553 0.723405 0.014138 0.690279 0.683925 -0.151528 -0.713642 -0.094507 -0.988352 0.119285
70.117841 -6.545463 1892.991454 -136.053544 0.851303 0.067399 0.520328 -0.084949 0.996336 0.009927 -0.517752 -0.052652 0.853909
3.132227 -15.738230 4.670345 -177.358612 0.660598 -0.580948 0.475509 0.199799 0.746592 0.634571 -0.723665 -0.324190 0.609270
3.213431 -12.491888 2.776260 -108.688590 0.667252 -0.542678 0.510171 0.172206 0.778790 0.603185 -0.724651 -0.314622 0.613101
5.483620 -7.365553 118.809759 -56.119491 0.695716 -0.227404 0.681371 -0.059030 0.927258 0.369740 -0.715887 -0.297456 0.631685
0.334350 -3.107503 -9.775596 -6.900878 0.776373 -0.628185 -0.051276 0.571168 0.666837 0.478640 0.266481 0.400890 -0.876513
0.324033 -3.001593 -10.426991 4.942991 0.752004 -0.654848 -0.075259 0.620196 0.664255 0.417279 0.223263 0.360471 -0.905657
3.202250 -11.488639 61.954972 -116.294556 0.944506 -0.250383 0.212644 -0.059103 -0.766290 -0.639770 -0.323135 -0.591699 0.738564
3.514068 -44.912395 -36.385849 -1113.129429 0.982427 -0.186516 -0.007046 -0.172920 -0.923729 0.341794 0.070259 0.334569 0.939748
0.596106 -52.039430 -68.735319 -752.038581 0.970681 -0.201744 0.130685 -0.235387 -0.907952 0.346722 -0.048707 0.367318 0.928819
2.420940 -27.761760 -29.966594 -107.477697 0.983812 -0.167022 0.064937 -0.178058 -0.870230 0.459343 0.020210 0.463470 0.885882
-0.779796 -162.348570 20.079942 -4668.382651 0.960317 -0.256631 0.109230 -0.270053 -0.953459 0.134115 -0.069728 0.158291 0.984927
-20.968714 -256.477887 431.020228 2880.029557 0.960363 -0.185791 0.207807 -0.277757 -0.574908 0.769631 0.023521 0.796846 0.603725
-70.331904 -3096.391983 932.122346 74596.338940 0.895035 -0.439672 -0.074833 0.016867 -0.134298 0.990797 0.445676 0.888061 0.112785
37.307513 -1149.081909 961.042107 -56939.971645 -0.749215 0.623819 0.222547 0.387188 0.685130 -0.616995 -0.537367 -0.376094 -0.754845
-5.747892 -1199.168079 -284.217156 -29396.566728 0.707184 -0.516932 0.482361 0.533833 0.837718 0.115110 -0.463587 0.176096 0.868376
-178.066561 -5338.138114 14572.136904 -161947.691142 0.644368 0.015222 0.764564 0.384566 0.857731 -0.341185 -0.660984 0.513874 0.546840
-12.380532 -286.422788 229.823917 6399.385869 0.855985 -0.516272 0.027430 -0.493173 -0.831307 -0.256337 -0.155142 -0.205893 0.966198
-0.323024 -2.547266 -18.819930 -18.357970 -0.508086 0.852837 -0.120494 -0.497744 -0.404904 -0.767009 0.702922 0.329731 -0.630220
-0.703874 -3.164288 -11.645547 -12.263956 -0.480671 0.874080 -0.070278 -0.598304 -0.385495 -0.702443 0.641083 0.295597 -0.708262
-0.725587 -2.681040 -10.020863 -18.181797 -0.499765 0.863731 -0.064840 -0.531053 -0.364690 -0.764842 0.684264 0.347808 -0.640946
-4.533029 -6.006554 -7.226213 86.090081 0.583611 -0.195215 0.788219 -0.129889 0.935733 0.327921 -0.801578 -0.293759 0.520748
-2.197839 -2.459726 -39.660576 20.503802 0.772334 -0.568553 0.283281 -0.513717 -0.296750 0.805006 0.373625 0.767259 0.521265
-1.775530 -2.259080 -33.312998 -8.564019 0.946503 -0.249673 -0.204440 0.011314 -0.607473 0.794260 0.322497 0.754082 0.572150
0.933419 -3.524932 6.286810 -70.941971 0.968334 -0.211421 0.132783 -0.247099 -0.887587 0.388757 -0.035665 0.409257 0.911722
0.812841 -5.257794 10.536347 -54.207951 0.983731 -0.142519 0.109369 -0.166002 -0.953879 0.250116 -0.068678 0.264203 0.962019
2.445431 -3.848260 42.544601 -78.283362 0.992607 -0.083655 0.087937 -0.111792 -0.912275 0.394026 -0.047260 0.400944 0.914883
2.924710 -1.442233 44.917616 -72.616858 0.992350 -0.097340 0.075941 -0.122152 -0.863408 0.489496 -0.017920 0.495027 0.868693
-1.542683 -3.842392 -18.096042 -6.458972 0.723748 -0.655823 0.214673 0.416637 0.663282 0.621668 -0.550093 -0.360491 0.753289
-1.128495 -3.499659 36.632003 -4.126419 -0.688803 0.672681 -0.270278 0.406468 0.667066 0.624345 -0.600279 -0.320192 0.732900
-1.021828 -3.313249 -14.826442 -37.286629 0.750977 -0.607845 0.257988 0.276474 0.644240 0.713104 -0.599662 -0.464198 0.651863
-1.284854 -3.522083 39.206820 19.426233 -0.666069 0.708393 -0.233521 0.519784 0.665365 0.535830 -0.534955 -0.235519 0.811390
-1.286883 -3.626757 7.865117 -38.590641 0.783637 -0.597971 0.168354 0.314870 0.615943 0.722129 -0.535509 -0.512878 0.670959
-1.670185 -3.876774 19.810057 -1.414603 0.768807 -0.627454 0.123439 0.441250 0.660224 0.607786 -0.462855 -0.412802 0.784448
-1.698647 -3.833485 -19.781931 24.287716 0.718626 -0.669910 0.186543 0.508616 0.689275 0.515954 -0.474222 -0.275899 0.836058
0.467789 -4.275755 7.785537 6.134230 0.915323 -0.350096 -0.199038 0.239879 0.076976 0.967746 0.323483 0.933546 -0.154438
0.148875 -4.391298 9.221160 5.116760 0.910937 -0.371259 -0.179891 0.220349 0.069214 0.972962 0.348770 0.925946 -0.144856
0.279459 -4.086319 6.340665 1.463776 0.920143 -0.350992 -0.173611 0.159555 -0.068824 0.984787 0.357601 0.933846 0.007325
0.242627 -4.735689 9.397397 10.919137 0.904068 -0.372193 -0.210080 0.302930 0.211297 0.929294 0.301488 0.903784 -0.303775
0.651771 -4.653451 7.924378 13.364165 0.910999 -0.344772 -0.226303 0.313096 0.221036 0.923642 0.268425 0.912291 -0.309311
2.796585 -10.212599 -1.557242 14.307119 -0.444766 0.879358 -0.170039 0.891480 0.416355 -0.178636 -0.086289 -0.231037 -0.969111
1.785397 -10.119145 44.617519 -27.927142 -0.479349 0.874365 0.075566 -0.859223 -0.485095 0.162539 -0.178775 -0.012985 -0.983804
-0.605827 -8.639206 -9.716880 -19.067168 -0.586909 0.749309 -0.306714 0.645566 0.204454 -0.735828 -0.488654 -0.629868 -0.603724
-0.381180 -7.652427 12.446854 -51.177402 0.581159 -0.744187 0.329302 0.523863 0.032453 -0.851184 -0.622753 -0.667183 -0.408712
-0.276242 -2.398548 -24.341868 -5.748010 0.897392 -0.414725 0.150635 0.083461 0.494777 0.865003 0.433269 0.763675 -0.478622
-0.306319 -2.418510 -25.451540 -7.069452 0.905933 -0.375001 0.196620 0.076695 0.602009 0.794798 0.416417 0.704954 -0.574140
1.595205 -10.159538 11.544254 -89.362954 -0.663107 0.738944 -0.119375 -0.251384 -0.069630 0.965380 -0.705050 -0.670159 -0.231931
1.159665 -10.557548 5.753656 -138.748837 -0.636005 0.754030 -0.164124 -0.170033 0.070525 0.982912 -0.752719 -0.653043 -0.083356
0.732226 -11.495438 3.747111 -212.706593 -0.586515 0.773520 -0.240139 -0.096049 0.227972 0.968919 -0.804223 -0.591350 0.059413
1.097426 -13.937363 5.380384 -205.128729 -0.631053 0.737400 -0.240859 -0.073447 0.252300 0.964858 -0.772255 -0.626567 0.105055
1.848765 -17.521223 18.802823 -285.765281 -0.654667 0.723137 -0.220189 -0.218700 0.097637 0.970895 -0.723589 -0.683769 -0.094231
-0.675157 -8.105844 -5.794496 1.003780 0.711093 -0.665900 0.225661 -0.266018 0.042284 0.963040 0.650831 0.744842 0.147073
-0.984424 -7.645451 5.836627 6.216542 -0.687292 0.691771 -0.221547 0.132473 -0.180514 -0.974610 0.714200 0.699190 -0.032425
-2.175908 -11.303621 -24.017041 -54.294909 -0.573228 0.799954 0.177435 -0.805684 -0.589711 0.055798 -0.149272 0.110972 -0.982549
-2.391310 -9.293153 -14.201270 -55.235751 -0.659822 0.711320 0.242194 -0.723157 -0.688684 0.052520 -0.204154 0.140490 -0.968805
-0.046665 -2.199020 -19.218416 -0.602208 0.744664 -0.618359 0.251213 -0.667438 -0.690819 0.278022 -0.001625 0.374702 0.927144
-0.436859 -2.010171 -11.126267 -1.727782 0.726662 -0.644870 0.236864 -0.685987 -0.662430 0.301013 0.037208 0.381220 0.923735
-0.207966 -2.343463 -13.517265 6.967364 0.860458 -0.479779 0.171533 -0.505707 -0.763054 0.402503 0.062223 0.433083 0.899204
-0.252599 -2.028503 1.665133 4.412821 0.591964 -0.761165 0.264965 0.805928 0.555904 -0.203596 0.007675 0.334064 0.942519
0.033924 -2.181577 -8.343807 -1.066696 0.630067 -0.727789 0.270811 0.775008 0.611246 -0.160440 -0.048765 0.310968 0.949168
-14.991177 -649.035399 -178.032434 -48351.515358 0.369465 -0.760706 -0.533687 0.921246 0.224660 0.317543 -0.121659 -0.608978 0.783802
-50.730504 -2025.533389 -606.240296 -167953.487613 -0.545495 0.702562 0.456993 -0.127738 -0.608586 0.783139 -0.828323 -0.368822 -0.421724
-124.819918 -409.834868 2755.325408 -6312.237314 -0.482346 0.758869 0.437562 0.048188 -0.475768 0.878250 -0.874654 -0.444705 -0.192916
87.373367 -126.360491 -84228.859821 -2859.829021 0.767950 0.630298 0.113922 0.531824 -0.528350 -0.661823 0.356955 -0.568833 0.740954
40.719626 -1067.350639 -895.115939 -11811.478907 -0.404388 0.772396 0.489771 0.183323 0.593097 -0.783983 0.896026 0.227247 0.381439
-0.611424 -1.812160 13.289108 8.811127 0.684375 -0.594944 -0.421512 0.708684 0.406822 0.576423 -0.171459 -0.693208 0.700046
-1.084972 -2.088820 14.801234 -4.559257 0.760932 -0.559863 -0.327926 -0.620520 -0.480274 -0.619913 -0.189572 -0.675196 0.712862
-2.109421 -3.113894 -5.096042 0.255817 0.774581 -0.629937 0.056598 0.285644 0.428260 0.857322 0.564297 0.647899 -0.511660
-1.992068 -3.232862 -14.630739 -2.297316 -0.718631 0.678965 -0.150253 -0.272214 -0.473493 -0.837678 0.639898 0.561080 -0.525090
-2.198078 -2.975977 -11.106345 -9.946150 0.796257 -0.586021 0.150178 0.264790 0.560816 0.784456 0.543930 0.584864 -0.601726
-0.013785 -2.233398 -10.556261 8.981716 0.238460 0.501524 0.831631 0.787280 -0.601221 0.136830 0.568618 0.622098 -0.538208
0.691422 -13.880467 -22.314791 213.332147 -0.692507 -0.306432 0.653095 0.179196 0.803862 0.567182 -0.698801 0.509809 -0.501769
-4.461646 -6.093056 50.333677 7.340481 0.900706 -0.430542 0.057988 -0.259850 -0.640898 -0.722307 -0.348148 -0.635518 0.689137
-3.950030 -6.039646 -1.075128 18.048987 0.890816 -0.435461 -0.129694 -0.361746 -0.507008 -0.782357 -0.274930 -0.743853 0.609177
-4.322071 -6.417634 29.628887 3.107745 0.908793 -0.415567 -0.037411 -0.330363 -0.661887 -0.672879 -0.254864 -0.623867 0.738806
-0.841724 -3.326747 28.558129 -13.441202 -0.565903 0.810824 -0.149392 -0.303447 -0.036355 0.952154 -0.766599 -0.584160 -0.266615
-1.236604 -3.854572 24.184974 -24.266092 -0.614028 0.786307 0.068487 -0.083609 -0.151082 0.984979 -0.784843 -0.599079 -0.158511
-2.090397 -4.483476 -18.462044 -15.322572 -0.674601 0.658305 0.333989 0.201635 -0.270913 0.941249 -0.710111 -0.702311 -0.050021
-1.696225 -4.758323 13.913603 1.539729 0.669658 -0.597272 -0.441389 -0.337150 0.285068 -0.897255 -0.661731 -0.749668 0.010472
-0.083459 -6.953011 1.361396 29.576689 0.808071 0.313630 0.498655 0.260088 0.569572 -0.779706 0.528559 -0.759752 -0.378684
-0.177118 -7.077602 1.330019 32.730077 0.830995 0.350791 0.431732 0.189549 0.551102 -0.812624 0.522990 -0.757121 -0.391471
-0.413981 -7.064868 5.911375 35.411252 0.839779 0.359698 0.406680 0.155125 0.558859 -0.814625 0.520296 -0.747191 -0.413520
-0.643743 -7.541294 24.919458 22.198906 0.820323 0.380332 0.427104 0.271641 0.398074 -0.876212 0.503270 -0.834796 -0.223236
0.619970 -4.772765 8.186952 -2.359742 0.759198 -0.650235 0.028516 0.497302 0.607787 0.619101 0.419892 0.455839 -0.784794
-0.468973 -7.648326 3.497690 21.284843 -0.695188 0.715708 0.066899 -0.663355 -0.674606 0.323830 -0.276899 -0.180745 -0.943747
-1.299550 -7.528312 -2.418393 -8.498153 -0.641738 0.756223 -0.127667 -0.475680 -0.523058 -0.707205 0.601582 0.393112 -0.695387
-1.245817 -7.326246 -2.360230 -4.043211 -0.638373 0.760542 -0.118555 -0.353547 -0.426529 -0.832513 0.683728 0.489540 -0.541172
-1.103113 -7.522078 -6.102307 -10.601807 -0.602964 0.776580 -0.182640 -0.458036 -0.524439 -0.717751 0.653175 0.349122 -0.671920
-1.289132 -7.255029 0.881591 -10.804295 -0.679732 0.730355 -0.067420 -0.368751 -0.419750 -0.829357 0.634025 0.538879 -0.554637
-1.125905 -7.795660 -5.373824 -8.383515 -0.611160 0.769123 -0.186907 -0.574555 -0.593512 -0.563587 0.544399 0.237054 -0.804634
-1.302975 -7.711597 -1.574769 -2.652119 -0.649890 0.748375 -0.132583 -0.583066 -0.602825 -0.544642 0.487521 0.276653 -0.828122
-1.308861 -7.457183 0.533524 -7.515523 -0.679733 0.729211 -0.078832 -0.484151 -0.526824 -0.698609 0.550964 0.436701 -0.711148
1.127209 -2.098909 35.674615 1.130155 0.928899 0.049497 0.367011 0.358587 -0.367832 -0.857971 -0.092532 -0.928574 0.359428
5.388474 -13.579916 87.839746 84.227932 0.751694 -0.512293 0.415345 0.448901 0.858810 0.246846 -0.483161 0.000896 0.875531
1.247077 -19.508167 10.417099 -222.003592 0.674812 -0.652394 0.344979 0.292531 0.665629 0.686559 -0.677536 -0.362381 0.640020
0.386132 -3.240924 -11.193944 -15.367929 0.803070 -0.595215 -0.028225 0.509079 0.660695 0.551652 0.309703 0.457384 -0.833597
0.255037 -3.606804 -2.410991 -12.614111 0.798320 -0.602119 -0.011713 0.466925 0.606555 0.643484 0.380349 0.519175 -0.765370
-0.686550 -23.847070 -11.465875 349.967421 0.930328 -0.300848 0.209714 0.363434 0.679874 -0.636935 -0.049041 -0.668776 -0.741845
-0.049339 -21.957556 8.645496 158.770555 0.920863 -0.300612 0.248284 0.345652 0.334831 -0.876592 -0.180380 -0.893040 -0.412241
-0.552595 -29.950451 -8.612766 441.122675 0.941863 -0.291999 0.166228 0.312452 0.579222 -0.752911 -0.123566 -0.761077 -0.636784
0.118670 -17.907254 15.367941 139.899152 0.902231 -0.283725 0.324778 0.426255 0.472364 -0.771478 -0.065474 -0.834489 -0.547121
2.853933 -149.437901 -79.483875 3192.112945 0.940049 -0.292728 0.174979 0.338836 0.859881 -0.381830 0.038689 -0.418229 -0.907517
-0.220120 -17.530741 15.146753 282.349924 0.890538 -0.314367 0.328810 0.450099 0.713741 -0.536642 0.065982 -0.625897 -0.777110
-0.901299 -15.690005 -12.678104 262.881087 0.930259 -0.305097 0.203797 0.357979 0.876500 -0.321869 0.080427 -0.372376 -0.924590
3.147956 -86.607234 -16.284601 -1818.096870 0.967452 -0.236946 -0.088843 -0.249179 -0.953204 -0.171206 0.044118 -0.187772 0.981221
2.860499 -38.371210 -15.481980 -604.945493 0.939603 -0.330621 -0.088522 -0.264258 -0.865136 0.426271 0.217517 0.377133 0.900254
-0.073505 -2.873807 -18.996179 -14.360218 -0.507746 0.851758 -0.129237 -0.546253 -0.434304 -0.716231 0.666184 0.293068 -0.685792
0.503216 -2.187652 -23.268225 -20.110961 -0.542681 0.817461 -0.193014 -0.428445 -0.467060 -0.773492 0.722449 0.337064 -0.603702
0.772378 -2.676398 -24.731516 -13.196598 -0.545789 0.816855 -0.186711 -0.489970 -0.491884 -0.719708 0.679738 0.301326 -0.668699
0.260506 -3.139511 -26.557930 -9.400005 -0.516699 0.838189 -0.174531 -0.554760 -0.483038 -0.677433 0.652122 0.253206 -0.714579
-0.214284 -3.238411 -14.974745 -11.095174 -0.506565 0.854214 -0.117092 -0.604762 -0.448817 -0.657895 0.614536 0.262454 -0.743951
-3.850988 -5.788694 37.916524 31.253127 0.584168 0.172242 0.793146 -0.307535 0.951329 0.019912 -0.751113 -0.255552 0.608706
5.592171 -59.398480 -49.706812 -1233.595690 0.794628 -0.581574 -0.174179 -0.451288 -0.373947 -0.810249 -0.406086 -0.722451 0.559606
3.086567 -30.240639 -29.656760 367.317407 0.787671 -0.608392 -0.097127 -0.146086 -0.031280 -0.988777 -0.598526 -0.793020 0.113515
3.580706 -47.113922 -26.918905 -983.529972 0.788641 -0.613509 -0.040656 -0.407977 -0.472676 -0.781109 -0.460000 -0.632601 0.623069
-2.543053 -4.637910 1.541403 5.597358 0.599601 0.313113 -0.736505 -0.408277 0.911200 0.054998 0.688324 0.267721 0.674193
-2.632138 -4.588568 3.755212 8.747249 0.696041 0.266453 -0.666731 -0.393476 0.918292 -0.043786 0.600586 0.292819 0.744011
-2.580132 -4.702266 4.322496 4.624313 0.625925 0.303859 -0.718253 -0.318035 0.940368 0.120672 0.712090 0.152898 0.685238
-2.563512 -4.345215 -2.464967 9.636636 0.651626 0.274873 -0.706985 -0.476982 0.873190 -0.100140 0.589807 0.402473 0.700103
-2.665966 -4.695416 -2.489990 1.335248 0.536611 0.336976 -0.773626 -0.308547 0.931671 0.191800 0.785397 0.135778 0.603918
-2.728688 -4.643652 -5.604648 0.336836 0.542098 0.303126 -0.783738 -0.394046 0.915468 0.081520 0.742198 0.264637 0.615719
0.273628 -4.764152 7.822229 -47.109979 0.975054 -0.192427 0.110645 -0.212674 -0.952622 0.217442 -0.063562 0.235549 0.969782
0.479585 -5.911277 5.302225 13.612279 0.987684 -0.105581 0.115471 0.109849 0.993458 -0.031221 -0.111419 0.043521 0.992820
-0.514264 -2.995039 -26.044798 -14.619715 0.743634 -0.566275 0.355445 0.234832 0.718986 0.654151 -0.625989 -0.402979 0.667642
-0.504594 -3.383820 -34.838882 8.011106 0.707049 -0.631371 0.318514 0.363207 0.710689 0.602497 -0.606764 -0.310309 0.731810
-0.206488 -3.095128 34.848966 11.672595 -0.645401 0.728858 -0.228524 0.516342 0.636764 0.572645 -0.562893 -0.251589 0.787308
0.078794 -4.189907 6.351981 3.804797 0.918651 -0.364516 -0.152346 0.133601 -0.076265 0.988096 0.371795 0.928069 0.021362
-0.082853 -4.537434 5.898635 6.875152 0.910728 -0.371609 -0.180224 0.212486 0.047405 0.976013 0.354152 0.927178 -0.122135
-0.078135 -4.862187 8.003725 8.395627 0.900538 -0.381075 -0.209314 0.299175 0.193805 0.934309 0.315475 0.904003 -0.288537
3.195368 -9.187868 23.669524 -102.217620 -0.468815 0.883287 0.004125 -0.865529 -0.458448 -0.201705 0.176272 0.098133 -0.979438
0.399576 -10.017230 40.751215 -2.783471 -0.555730 0.819404 0.140506 -0.789257 -0.573098 0.220527 -0.261225 -0.011658 -0.965208
0.169416 -9.920923 40.121750 75.924337 -0.504240 0.857715 0.100334 -0.741721 -0.489665 0.458343 -0.442258 -0.156695 -0.883094
1.284108 -10.108803 48.532771 73.326262 -0.565813 0.812294 0.141540 0.823130 0.566479 0.039493 -0.048100 0.138852 -0.989144
2.234201 -9.387532 51.604089 99.308169 -0.539095 0.831593 0.133529 0.840083 0.519558 0.155950 0.060311 0.196248 -0.978698
-0.736677 -8.970992 6.216581 65.277009 -0.558363 0.819670 -0.127956 -0.460447 -0.177897 0.869679 -0.690086 -0.544513 -0.476746
-0.404046 -9.007983 7.007138 75.588481 -0.544047 0.834693 -0.085444 -0.411496 -0.176683 0.894122 -0.731221 -0.521604 -0.439597
-0.372723 -5.482685 4.693395 53.376541 -0.541058 0.825655 -0.159846 -0.139189 0.099533 0.985251 -0.829387 -0.555326 -0.061069
-0.294848 -7.340565 6.121824 86.396891 -0.537325 0.837872 -0.096186 -0.248257 -0.048139 0.967497 -0.806009 -0.543739 -0.233874
-0.173801 -2.412565 -20.939617 1.863995 0.892035 -0.428577 0.143510 0.043272 0.397050 0.916776 0.449890 0.811587 -0.372728
0.212663 -2.430858 -9.781264 -3.928349 0.882584 -0.424278 0.202569 -0.016651 0.402378 0.915322 0.469860 0.811221 -0.348068
1.583388 -9.751642 15.830012 -59.818832 -0.647699 0.757225 -0.084240 -0.350221 -0.197710 0.915563 -0.676632 -0.622512 -0.393252
-0.373777 -8.499260 -4.757830 -5.489787 0.728399 -0.644688 0.231976 -0.278382 0.030894 0.959973 0.626050 0.763822 0.156966
-0.137190 -8.814145 -2.977179 -17.103667 0.736661 -0.641297 0.214637 -0.134108 0.172551 0.975828 0.662832 0.747639 -0.041109
-3.462788 -11.618763 -39.009524 -83.300642 -0.497041 0.835678 0.233651 0.830100 0.379494 0.408556 0.252752 0.397023 -0.882320
-12.116228 -18.364047 -193.103436 -255.285388 -0.424178 0.772857 0.471980 0.812650 0.094884 0.574975 0.399590 0.627447 -0.668310
-5.130496 -13.895651 -94.176589 -121.313974 -0.448835 0.851111 0.272319 0.763000 0.206373 0.612570 0.465165 0.482722 -0.742024
-0.441218 -1.751111 -0.946505 1.919867 0.800530 -0.575518 0.167124 -0.592396 -0.717743 0.365940 0.090653 0.391950 0.915509
-0.470165 -1.808065 9.626833 11.054333 0.568801 -0.783496 0.250200 0.820166 0.517545 -0.243875 0.061585 0.343922 0.936977
-1.072168 -15.724367 -12.067873 -94.953096 -0.411111 0.901709 0.133819 0.642736 0.390824 -0.658898 0.646435 0.184870 0.740233
-3.750919 -20.900853 -10.399331 424.036671 0.614528 -0.523160 0.590474 -0.398836 0.439752 0.804704 0.680651 0.730015 -0.061585
-2.651739 -8.545430 -75.891665 -8.367188 0.726625 -0.580820 -0.366967 0.231768 -0.295593 0.926773 0.646761 0.758468 0.080170
-2.612870 -7.883116 -13.249682 5.096040 0.728572 -0.680769 -0.075738 -0.021148 -0.132875 0.990907 0.684643 0.720345 0.111206
