11755
23485
-8.308331 -10.835929 41.942756 139.059808 -0.219362 0.957644 0.186543 -0.926442 -0.144505 -0.347597 0.305918 0.249071 -0.918900
-6.998808 -10.954997 -82.113243 314.423749 0.144232 0.973466 0.177656 -0.969850 0.174705 -0.169912 0.196441 0.147793 -0.969313
-6.243425 -8.614780 52.624516 -133.402193 -0.586524 0.808021 0.055602 0.794179 0.560286 0.235285 0.158962 0.182158 -0.970335
-5.454119 -7.888669 -60.242801 185.021468 -0.161530 0.985152 0.058168 -0.983550 -0.155879 -0.091272 0.080850 0.071954 -0.994126
-6.706470 -9.877530 48.621330 -93.880465 -0.643853 0.759159 0.095553 0.726450 0.567291 0.387881 0.240257 0.319153 -0.916743
-4.650968 -7.148467 -5.042610 -105.062018 0.798828 -0.601417 -0.013054 0.597657 0.790992 0.130911 0.068407 0.112377 -0.991308
-5.107272 -8.271565 3.748929 -88.321610 0.833632 -0.550596 -0.043609 0.540885 0.797841 0.266259 0.111808 0.245550 -0.962915
-6.434097 -9.159572 -7.568979 28.592244 0.196695 0.966036 -0.167587 0.141548 0.141157 0.979816 -0.970193 0.216446 0.108976
-6.114106 -9.396752 -17.525456 31.366451 0.100592 0.978885 -0.177949 0.126114 0.164868 0.978220 -0.986903 0.120843 0.106866
-6.318471 -9.118013 -13.778923 25.047791 0.108551 0.977774 -0.179372 0.273417 0.144113 0.951039 -0.955751 0.152280 0.251696
-6.666820 -9.117267 -17.903713 21.442484 0.239290 0.954567 -0.177603 0.230263 0.121908 0.965462 -0.943249 0.271921 0.190630
-2.566794 -4.729632 -17.472705 78.723224 -0.293662 -0.817821 0.494905 0.827118 0.042154 0.560446 -0.479206 0.573926 0.664056
-2.326311 -4.182322 -21.051321 59.467977 -0.545893 -0.767926 0.335097 0.702162 -0.201092 0.683031 -0.457132 0.608154 0.648983
-2.864390 -5.207555 -0.726706 24.098271 -0.332600 -0.797937 0.502667 0.772610 0.075097 0.630424 -0.540788 0.598044 0.591516
-2.845476 -5.905116 6.649907 20.892790 0.129599 0.799191 -0.586940 0.792935 0.271882 0.545284 -0.595364 0.536073 0.598470
7.988709 -1.633831 -325.080328 118.739462 -0.272871 -0.472447 -0.838054 0.961400 -0.165949 -0.219480 -0.035382 -0.865595 0.499494
2.751620 -3.668754 -85.915957 128.995652 -0.110254 -0.466981 -0.877367 0.988982 -0.139283 -0.050146 -0.098785 -0.873229 0.477193
2.416532 -4.431671 59.480591 151.461869 0.268187 -0.528521 -0.805445 0.953759 0.027882 0.299275 -0.135716 -0.848462 0.511560
9.511628 -3.214966 -501.959999 156.642150 -0.523293 -0.359770 -0.772483 0.848664 -0.301967 -0.434263 -0.077029 -0.882826 0.463341
5.393610 -1.864132 -155.010724 141.075123 0.107058 -0.601104 -0.791967 0.991912 0.009947 0.126538 -0.068185 -0.799109 0.597307
24.686274 0.574695 -1130.102566 63.544465 -0.513810 -0.439722 -0.736643 0.857463 -0.290755 -0.424522 -0.027511 -0.849768 0.526438
20.170651 -0.684475 -750.344513 171.355034 -0.605579 -0.261507 -0.751590 0.793327 -0.272565 -0.544372 -0.062500 -0.925917 0.372520
0.244275 -9.275509 41.232256 50.185054 -0.603184 0.740519 0.296313 0.668862 0.672004 -0.317858 0.434503 -0.006465 0.900647
0.699626 -8.090486 36.609280 35.716599 -0.604497 0.728887 0.321414 0.612613 0.683265 -0.397307 0.509203 0.043269 0.859558
1.008626 -9.042075 -25.623543 66.817457 0.620567 -0.703792 -0.345793 0.658732 0.707116 -0.257019 0.425404 -0.068287 0.902423
0.772096 -10.441542 -29.180962 77.732057 0.638566 -0.698633 -0.322716 0.703456 0.699953 -0.123349 0.312062 -0.148250 0.938424
1.275150 -9.592982 -17.908379 73.142179 0.635976 -0.685491 -0.354453 0.686038 0.712542 -0.147093 0.353393 -0.149621 0.923432
0.973012 -22.985562 -21.947445 -412.918277 0.215899 0.894695 -0.391034 -0.199101 -0.351725 -0.914685 0.955901 -0.275335 -0.102198
0.469412 -22.144929 -29.945678 -508.688092 0.244322 0.881373 -0.404336 -0.115537 -0.387544 -0.914582 0.962787 -0.270169 -0.007146
0.843549 -17.979215 -29.016999 -282.969927 0.220756 0.914383 -0.339367 0.090478 -0.365650 -0.926344 0.971123 -0.173791 0.163451
-0.833513 -19.449241 -67.077276 -57.996533 0.357378 0.865055 -0.352081 -0.811028 0.474388 0.342330 -0.463158 -0.163207 -0.871119
-1.744820 -18.027701 46.679615 -39.582529 0.330901 0.892866 -0.305441 -0.747454 0.445568 0.492729 -0.576036 -0.065258 -0.814815
-2.309333 -17.845754 54.900081 -23.287468 0.363466 0.881498 -0.301420 -0.868437 0.437708 0.232872 -0.337210 -0.177123 -0.924617
-2.019319 -20.083261 -85.977759 -25.689555 0.397957 0.840646 -0.367349 0.886883 -0.454955 -0.080345 -0.234669 -0.293821 -0.926606
-1.187367 -29.983632 19.795143 -343.585901 0.652750 -0.167090 -0.738917 0.710253 -0.204339 0.673636 -0.263547 -0.964534 -0.014706
-0.933882 -37.109316 43.942855 -569.721578 0.643306 -0.142508 -0.752230 0.763529 0.047030 0.644059 -0.056406 -0.988676 0.139063
-1.135359 -33.791426 9.350714 -457.286795 0.615797 -0.179369 -0.767216 0.786185 0.075566 0.613354 -0.052041 -0.980875 0.187550
-1.543376 -28.241996 14.081690 -379.683849 0.645047 -0.192246 -0.739565 0.692471 -0.262172 0.672123 -0.323106 -0.945678 -0.035989
1.238822 -79.425638 4142.534636 3915.826378 0.882697 0.349021 -0.314691 -0.050721 0.736480 0.674555 -0.467198 0.579466 -0.667792
-1.548617 -127.197845 73.767435 -6282.025629 -0.845133 0.155699 0.511378 0.273376 0.947967 0.163170 -0.459364 0.277699 -0.843723
-4.807638 -62.093740 200.601076 -2751.589240 -0.770205 0.196893 0.606645 0.308636 0.947433 0.084349 -0.558147 0.252198 -0.790486
3.441762 -5.892135 -32.983603 33.515919 -0.180266 0.908287 -0.377517 0.172003 0.406999 0.897088 -0.968462 -0.096781 0.229596
3.380679 -5.359773 -5.399624 16.486706 -0.197875 0.887939 -0.415222 0.255263 0.455660 0.852769 -0.946407 -0.062751 0.316822
3.053885 -5.651432 -28.114194 39.672284 -0.235358 0.884381 -0.403084 0.231138 0.453768 0.860622 -0.944024 -0.109386 0.311212
-0.225110 -3.607208 -54.339426 -3.686748 0.389959 -0.135537 0.910803 0.222469 0.973675 0.049643 -0.893554 0.183267 0.409846
0.549669 -3.556028 -117.982244 24.771179 0.345770 -0.206276 0.915365 0.226374 0.965060 0.131964 -0.910603 0.161586 0.380385
-1.347383 -3.745340 -105.144373 -37.472562 0.277809 -0.406091 0.870582 0.321722 0.893251 0.314001 -0.905161 0.192853 0.378802
-1.271029 -3.918302 -53.169793 -57.215413 0.289798 -0.399202 0.869859 0.364503 0.886402 0.285358 -0.884960 0.234370 0.402387
-3.807275 -4.342125 23.754679 -43.894998 -0.326755 0.780652 0.532742 -0.190058 -0.606443 0.772078 -0.925802 -0.151029 -0.346527
-3.651540 -4.681459 -11.388110 28.071711 -0.449410 0.594652 0.666648 0.055353 0.763357 -0.643601 -0.891609 -0.252340 -0.375976
-3.919583 -5.009807 -12.574977 24.060541 -0.388481 0.644311 0.658745 0.024170 0.721775 -0.691705 -0.921139 -0.252793 -0.295970
-3.661549 -4.031578 30.846234 -38.767806 -0.337561 0.840584 0.423641 -0.283224 -0.519901 0.805907 -0.897684 -0.152057 -0.413572
-3.879766 -4.575240 33.796162 -39.184555 -0.223904 0.919239 0.323832 -0.218556 -0.371164 0.902481 -0.949790 -0.131293 -0.284010
-3.047973 -4.154603 71.278628 -19.751427 -0.052433 0.993936 -0.096655 -0.343122 0.072965 0.936452 -0.937826 -0.082265 -0.337216
-3.192595 -3.973589 84.348282 -0.813051 -0.020564 0.984559 -0.173839 -0.406976 0.150575 0.900943 -0.913208 -0.089275 -0.397595
0.984051 -58.185328 17.139635 1089.829228 0.012964 0.931763 -0.362835 0.711413 0.246396 0.658165 -0.702655 0.266658 0.659674
0.006829 -50.031377 -90.409789 256.853564 -0.032658 0.947286 -0.318721 0.654622 0.261244 0.709381 -0.755250 0.185475 0.628646
9.590306 -393.829171 -406.561472 -21232.259983 -0.037150 0.948996 -0.313091 0.143226 0.315129 0.938179 -0.988993 0.009990 0.147628
2.932090 -136.590279 26.717503 -5288.004120 0.041980 0.934867 -0.352506 0.190160 0.338892 0.921407 -0.980855 0.105713 0.163548
2.424469 -39.574612 -47.215893 -764.734866 -0.027171 0.931880 -0.361746 -0.258093 0.343071 0.903156 -0.965738 -0.117904 -0.231190
-7.449928 -61.799666 -7.799716 -2312.094753 0.923802 -0.005588 -0.382830 -0.382070 0.051185 -0.922715 -0.024751 -0.998674 -0.045150
-1.345178 -158.364864 521.319822 -6515.643831 0.991705 0.095872 -0.085613 -0.087714 0.017913 -0.995985 0.093954 -0.995232 -0.026174
2.456844 -299.455419 -537.920256 -15094.097613 0.913573 0.025304 -0.405888 -0.401190 -0.107299 -0.909689 0.066570 -0.993905 0.087873
-2.321607 -4.798162 87.498379 158.841132 0.294798 -0.924065 -0.243308 0.954343 0.297565 0.026175 0.048213 -0.239916 0.969596
-0.370465 -5.407901 159.522229 130.817705 0.173943 -0.947953 -0.266699 0.983668 0.179983 0.001825 0.046271 -0.262661 0.963778
-1.920613 -7.059165 134.185248 -115.385657 0.253585 -0.925074 -0.282722 0.964606 0.263686 0.002407 0.072323 -0.273326 0.959199
-3.277412 -6.245300 17.574106 -22.335993 0.441622 -0.877904 -0.185080 0.895158 0.445054 0.024889 0.060520 -0.176667 0.982408
-2.656688 -5.737927 44.826935 137.835238 0.451237 -0.874568 -0.177528 0.892356 0.440134 0.099914 -0.009245 -0.203503 0.979031
2.138477 -2.564636 -77.869264 -33.343042 -0.618633 -0.037737 -0.784773 -0.318624 0.925073 0.206686 0.718172 0.377911 -0.584304
1.593082 -3.118384 -87.166416 -24.283102 -0.610281 0.084465 -0.787669 -0.271446 0.911809 0.308092 0.744227 0.401832 -0.533532
2.649847 -3.395922 -82.287012 -38.737473 -0.645872 0.044981 -0.762119 -0.297034 0.904802 0.305129 0.703292 0.423449 -0.571026
2.235597 -3.143366 -88.701206 -6.810106 -0.618594 0.086591 -0.780925 -0.311663 0.885330 0.345046 0.721254 0.456829 -0.520672
2.890570 -3.506291 -8.923068 -45.763609 -0.697781 -0.073006 -0.712581 -0.328028 0.916921 0.227273 0.636789 0.392333 -0.663758
2.659708 -4.894967 9.193351 -72.066019 -0.750195 0.055470 -0.658886 -0.271001 0.883143 0.382906 0.603131 0.465812 -0.647497
2.776935 -3.553032 -67.201909 -21.950825 -0.659053 0.059340 -0.749752 -0.334287 0.869888 0.362695 0.673722 0.489668 -0.553465
-2.153660 -5.061852 -5.916141 32.369172 -0.434947 -0.815713 0.381358 0.815693 -0.177537 0.550569 -0.381401 0.550539 0.742590
-1.746957 -4.460101 -13.305880 31.229177 -0.604484 -0.753906 0.257341 0.736768 -0.406247 0.540496 -0.302939 0.516322 0.801024
-2.396780 -4.281244 19.589245 16.599762 -0.611691 -0.738677 0.283178 0.716685 -0.365875 0.593715 -0.334957 0.566120 0.753202
-2.176859 -5.340781 -12.970242 38.535690 -0.401833 -0.844813 0.353299 0.840797 -0.187552 0.507824 -0.362754 0.501113 0.785681
-2.435393 -4.722791 11.285134 24.327250 -0.409201 -0.800670 0.437588 0.813766 -0.103315 0.571936 -0.412722 0.590131 0.693834
-2.301686 -5.643983 -11.629222 20.384879 -0.311338 -0.848708 0.427509 0.833962 -0.028334 0.551094 -0.455604 0.528103 0.716612
-2.238264 -5.287760 -8.810306 20.238410 -0.340989 -0.823544 0.453323 0.821309 -0.026374 0.569873 -0.457360 0.566639 0.685378
1.778982 -5.338370 -0.278848 137.151640 -0.196502 0.971510 -0.132499 -0.044627 -0.143855 -0.988592 0.979487 0.188347 -0.071623
1.106039 -6.609562 3.417694 142.768300 -0.170862 0.968997 -0.178471 0.040017 -0.174160 -0.983904 0.984482 0.175254 0.009019
0.824435 -7.501184 -20.594979 116.338343 -0.178428 0.981070 -0.075268 0.096706 -0.058640 -0.993584 0.979189 0.184562 0.084413
0.369682 -9.160540 -37.100959 89.599637 -0.186544 0.980530 -0.061337 0.227665 -0.017589 -0.973581 0.955704 0.195580 0.219952
0.474782 -8.984921 -37.015644 102.346173 -0.189813 0.981755 -0.011361 0.189208 0.025222 -0.981613 0.963417 0.188473 0.190543
1.264105 -7.477972 -21.144361 115.176503 -0.208086 0.978054 0.010530 0.055775 0.022614 -0.998187 0.976519 0.207121 0.059256
-0.709523 -11.144691 6.005681 -11.014549 -0.126069 0.981973 0.140842 -0.103807 0.128137 -0.986309 0.986575 0.138963 -0.085782
-0.741212 -11.157825 13.660923 -11.644654 -0.115001 0.981963 0.150078 -0.109122 0.137678 -0.984448 0.987354 0.129589 -0.091321
-0.607979 -11.324624 7.477068 -2.476887 -0.113093 0.983991 0.137741 -0.317922 0.095505 -0.943294 0.941348 0.150471 -0.302031
-0.845139 -11.230240 10.808044 -9.539940 -0.116671 0.982433 0.145648 0.096954 0.157215 -0.982794 0.988427 0.100543 0.113593
-0.694383 -11.028376 7.350454 7.228977 -0.137233 0.980410 0.141293 -0.281409 0.098176 -0.954552 0.949724 0.170757 -0.262424
-0.690300 -11.281029 2.311347 2.150258 -0.145714 0.979485 0.139198 -0.150900 0.117049 -0.981595 0.977751 0.164037 -0.130749
-0.781945 -11.346878 -2.809288 -22.145719 -0.125277 0.981594 0.144151 0.116938 0.158892 -0.980346 0.985206 0.105958 0.134691
-2.690131 -15.592419 81.881381 254.062063 0.095996 0.995170 0.020552 0.699941 -0.052808 -0.712246 0.707720 -0.082758 0.701629
-0.401120 -18.432448 96.208838 179.136120 0.035616 0.998485 0.041935 0.855939 -0.008818 -0.517001 0.515849 -0.054307 0.854957
-1.702603 -15.058476 126.321836 115.866502 0.242757 0.969344 -0.037972 0.835344 -0.228780 -0.499860 0.493223 -0.089625 0.865273
-4.516297 -15.434509 90.810796 256.752963 0.273391 0.961372 -0.031958 0.657509 -0.211023 -0.723292 0.702096 -0.176729 0.689803
0.992090 -28.419502 -19.816252 453.375151 0.931342 0.188482 -0.311571 0.234004 0.345790 0.908664 -0.279005 0.919186 -0.277943
0.501453 -24.435721 -37.021317 381.922952 0.907662 0.206836 -0.365197 0.232685 0.476176 0.848006 -0.349296 0.854678 -0.384079
0.579917 -29.507934 -36.221407 315.494509 0.910768 0.178102 -0.372533 0.148576 0.700417 0.698098 -0.385261 0.691155 -0.611456
1.207976 -33.470919 16.046508 597.913720 0.934347 0.123810 -0.334166 0.189835 0.620665 0.760748 -0.301593 0.774239 -0.556413
1.287521 -30.762094 0.408844 471.561655 0.940246 0.167511 -0.296443 0.228624 0.334593 0.914209 -0.252328 0.927355 -0.276303
1.017075 -24.708482 -7.671410 181.548098 0.951021 0.195471 -0.239478 0.238634 0.028213 0.970700 -0.196500 0.980304 0.019815
0.976486 -22.245993 -14.907114 119.610012 0.944921 0.220394 -0.241971 0.233942 0.062236 0.970256 -0.228898 0.973423 -0.007249
0.634012 -6.380517 -4.015365 52.129899 0.082932 0.970906 -0.224643 0.814105 0.064006 0.577180 -0.574766 0.230750 0.785111
0.703170 -6.533621 -9.703603 19.430945 0.037197 0.966336 -0.254581 0.732986 0.146774 0.664220 -0.679225 0.211312 0.702851
0.706104 -6.698588 -11.685340 18.201597 0.056684 0.966496 -0.250343 0.760467 0.120672 0.638066 -0.646898 0.226546 0.728148
0.498005 -5.257515 -9.567625 38.196612 0.135260 0.974323 -0.179997 0.860709 -0.025555 0.508456 -0.490801 0.223699 0.842065
0.399635 -5.895051 -2.878587 57.116558 0.072238 0.971999 -0.223605 0.816505 0.071121 0.572941 -0.572801 0.223963 0.788504
0.716302 -6.451654 -6.606224 49.234861 0.097323 0.968691 -0.228398 0.836542 0.044707 0.546076 -0.539190 0.244210 0.806000
0.726505 -5.625614 -4.093454 30.862822 0.157922 0.969762 -0.186072 0.871954 -0.048518 0.487178 -0.463419 0.239182 0.853250
0.355156 -15.399794 -56.333849 22.087632 0.050686 0.874761 -0.481896 0.525017 -0.433803 -0.732238 0.849581 0.215889 0.481252
-0.062740 -14.798834 -59.916055 17.401943 0.071682 0.857802 -0.508957 0.336824 -0.501112 -0.797142 0.938835 0.114288 0.324850
-0.657433 -14.866287 -72.504330 -7.807226 0.063881 0.867688 -0.492987 0.566339 -0.438264 -0.697986 0.821693 0.234609 0.519403
1.779394 -6.200727 -21.085781 22.614105 0.172820 0.961166 -0.215158 0.941331 -0.096887 0.323279 -0.289879 0.258404 0.921519
1.275364 -6.765600 -7.403060 25.858797 0.109601 0.957456 -0.266956 0.909072 0.012055 0.416465 -0.401965 0.288327 0.869075
1.784629 -6.685492 3.176292 31.084510 -0.117153 -0.951271 0.285234 0.959173 -0.033937 0.280776 -0.257415 0.306483 0.916409
2.293014 -6.067600 30.051064 8.310180 -0.193449 -0.961125 0.197019 0.964809 -0.149905 0.216037 -0.178104 0.231877 0.956301
70.130059 -30.992584 -3480.968740 165.036365 -0.006180 0.838904 -0.544244 -0.378265 -0.505775 -0.775311 0.925677 -0.201077 -0.320453
43.349577 -35.796682 -2266.823646 -596.139459 -0.183110 0.939026 -0.291035 -0.235489 -0.329318 -0.914382 0.954471 0.098897 -0.281432
28.960572 -34.782123 -502.125383 586.744175 -0.454913 0.844920 -0.281360 -0.520142 -0.508546 -0.686173 0.722846 0.165802 -0.670823
182.235763 -55.337253 -8891.782759 -494.656404 0.795477 -0.514616 -0.319979 0.605481 0.653463 0.454289 0.024690 0.555118 -0.831405
47.844770 -56.063936 -1670.367955 2511.502908 -0.475373 0.824991 -0.305632 -0.788873 -0.553497 -0.267059 0.389487 -0.114152 -0.913930
210.697719 -70.911684 -9563.230268 2070.384142 -0.003866 0.623842 -0.781541 -0.641517 -0.601076 -0.476617 0.767099 -0.499529 -0.402529
1.291549 -43.830753 -41.088731 -700.925000 -0.701784 0.462122 0.542165 0.268201 0.876446 -0.399889 -0.659976 -0.135227 -0.739017
2.529766 -36.480531 -105.139636 -474.891514 -0.691017 0.469202 0.549859 0.198519 0.854631 -0.479787 -0.695043 -0.222383 -0.683711
1.389838 -34.870875 -74.808746 255.521108 -0.722147 0.430946 0.541100 0.007678 0.787176 -0.616680 -0.691697 -0.441179 -0.571766
0.986771 -29.805085 -26.267509 -166.323518 -0.730675 0.431926 0.528730 0.126382 0.846625 -0.516966 -0.670926 -0.310912 -0.673195
0.866250 -54.277019 25.911528 -2284.726425 -0.712669 0.467434 0.523076 0.349663 0.883122 -0.312780 -0.608144 -0.040009 -0.792818
1.235195 -98.050719 -29.311054 -4248.609043 -0.666243 0.516369 0.538037 0.534137 0.833907 -0.138910 -0.520402 0.194838 -0.831397
0.235198 -4.671220 -3.979679 31.957634 0.111525 0.978996 -0.170672 0.848120 -0.004256 0.529787 -0.517933 0.203835 0.830781
0.273519 -4.613454 11.447802 33.466883 0.098670 0.976773 -0.190209 0.828550 0.025226 0.559346 -0.551152 0.212789 0.806816
0.204338 -5.027825 -14.993932 38.086318 0.045426 0.976402 -0.211130 0.802063 0.090342 0.590367 -0.595510 0.196157 0.779032
1.370749 -5.834071 -102.079260 -63.624393 -0.502642 -0.845471 0.180360 0.856187 -0.515711 -0.031394 0.119556 0.138643 0.983099
0.984828 -5.272538 -131.493418 -58.339954 -0.607254 -0.773349 0.182136 0.793143 -0.603498 0.081940 0.046551 0.194218 0.979853
-1.041940 -5.523588 15.115246 -58.060817 -0.303964 -0.939634 0.157142 0.952624 -0.301624 0.039119 0.010640 0.161588 0.986801
-1.797146 -5.405003 -3.868550 23.827662 0.409933 0.911330 -0.037841 0.869090 -0.377668 0.319453 -0.276836 0.163841 0.946846
-1.824502 -5.077881 -10.682660 24.173508 0.406348 0.911921 -0.057281 0.894534 -0.384255 0.228381 -0.186255 0.144042 0.971885
-1.958867 -5.528905 -21.062018 27.198464 0.443461 0.894831 -0.051178 0.854008 -0.404518 0.327163 -0.272053 0.188791 0.943581
-1.682197 -4.859706 11.446084 25.762901 0.346979 0.936939 -0.041837 0.918033 -0.330174 0.219545 -0.191887 0.114585 0.974705
-1.970897 -5.762672 -14.708723 19.226840 0.447213 0.894062 -0.025569 0.814564 -0.395307 0.424520 -0.369439 0.210678 0.905058
-1.882990 -5.343528 14.188038 22.521223 0.350414 0.936084 -0.030944 0.891579 -0.323269 0.317150 -0.286876 0.138723 0.947870
0.625670 -53.053233 -5.863708 408.860014 -0.032277 0.975872 -0.215943 0.909593 0.118227 0.398326 -0.414246 0.183564 0.891462
0.027634 -67.007625 59.127550 -1368.229126 0.064422 0.972877 -0.222171 0.850342 0.063000 0.522445 -0.522272 0.222578 0.823220
2.203056 -95.201272 -195.523148 3708.598511 -0.015309 -0.959323 0.281895 0.991751 -0.050451 -0.117830 0.127259 0.277766 0.952182
-6.840902 -11.905816 -85.936810 149.409138 0.023051 0.982606 0.184267 -0.915749 0.094699 -0.390430 0.401089 0.159742 -0.902003
-4.834186 -11.936669 -167.892852 237.097670 0.111012 0.990436 0.081936 -0.944852 0.130743 -0.300267 0.308107 0.044084 -0.950330
-3.900303 -11.417515 -156.931012 340.410647 0.090056 0.995683 0.022485 -0.987562 0.092198 -0.127362 0.128886 0.010736 -0.991601
-6.779193 -8.911247 -47.850495 -56.145740 0.260223 0.944640 -0.199847 -0.391486 0.292425 0.872483 -0.882623 0.148803 -0.445909
-6.467600 -9.419356 -29.572913 -31.610315 0.182949 0.964703 -0.189414 -0.251213 0.232142 0.939682 -0.950485 0.124331 -0.284816
-7.264441 -9.309867 -53.505767 -25.433262 0.309680 0.928932 -0.202940 -0.245030 0.284188 0.926929 -0.918727 0.237325 -0.315624
-8.069430 -9.165055 -50.066145 -12.452041 0.482354 0.832472 -0.272626 -0.176412 0.397165 0.900633 -0.858029 0.386329 -0.338432
-7.508700 -8.899351 -63.192420 -45.691810 0.405090 0.874310 -0.267366 -0.324006 0.410738 0.852241 -0.854940 0.258606 -0.449668
-7.550040 -9.410100 -51.670802 11.235511 0.374918 0.912105 -0.165832 -0.133141 0.230002 0.964040 -0.917447 0.339357 -0.207671
-5.575415 -62.439300 251.105149 -4403.949248 0.715629 -0.690149 0.107558 0.197786 0.052540 -0.978836 -0.669892 -0.721757 -0.174101
-3.355345 -18.904989 334.773611 -943.801860 0.715597 -0.671621 0.191953 0.513717 0.319817 -0.796123 -0.473303 -0.668313 -0.573883
-1.783628 -12.264884 358.928074 -125.334355 0.680688 -0.658616 0.320764 0.672713 0.388608 -0.629635 -0.290036 -0.644367 -0.707581
-1.382963 -3.176276 57.854603 54.172187 0.782761 0.616793 -0.082776 0.476149 -0.507935 0.717833 -0.400709 0.601305 0.691277
-1.674969 -3.743597 45.367425 54.158602 0.800340 0.597465 -0.049923 0.415783 -0.493113 0.764176 -0.431950 0.632357 0.643073
-1.943354 -3.139333 49.243982 76.648231 0.649985 0.726550 -0.222812 0.645628 -0.373287 0.666199 -0.400853 0.576873 0.711712
0.426576 -7.618402 34.996779 -10.832507 -0.587572 0.748294 0.307921 0.555592 0.649743 -0.518798 0.588283 0.133752 0.797517
1.100748 -7.313440 42.013458 12.867932 -0.612612 0.715621 0.335550 0.563149 0.693087 -0.449993 0.554590 0.086706 0.827594
-0.048302 -8.491782 47.554898 12.255139 -0.584183 0.761151 0.281744 0.604677 0.639718 -0.474476 0.541384 0.106817 0.833963
5.684373 -12.283334 198.820471 -69.039459 0.716403 -0.648702 -0.256812 -0.244211 0.111649 -0.963273 -0.653550 -0.752808 0.078434
6.230694 -12.670571 -150.815033 8.971563 -0.665866 0.713702 0.217376 0.055934 -0.242786 0.968466 -0.743972 -0.657027 -0.121743
11.331285 -13.105603 -347.215148 85.002944 -0.632052 0.744572 0.214763 0.229181 -0.085137 0.969653 -0.740261 -0.662091 0.116831
3.263483 -12.122476 91.542042 23.212524 0.725829 -0.639074 -0.254472 -0.055610 0.314213 -0.947722 -0.685623 -0.702036 -0.192526
10.574214 -12.409679 362.988577 -64.272591 0.658331 -0.706319 -0.260219 -0.388685 -0.022935 -0.921085 -0.644612 -0.707522 0.289634
5.490894 -11.864490 179.766464 -42.483661 0.726443 -0.621579 -0.293121 -0.401566 -0.037799 -0.915050 -0.557696 -0.782439 0.277064
3.168313 -11.600627 97.477395 -76.756060 0.739075 -0.607699 -0.290638 -0.333891 0.044243 -0.941573 -0.585051 -0.792934 0.170207
2.640711 -11.936372 84.265123 -31.351280 0.739689 -0.610957 -0.282121 -0.201578 0.198823 -0.959081 -0.642049 -0.766291 -0.023912
0.756755 -34.166169 -25.722681 13.111911 0.108626 0.882721 -0.457170 -0.629583 -0.294812 -0.718827 0.769302 -0.365909 -0.523722
0.951586 -33.554952 -4.519101 -576.112611 0.126665 0.895711 -0.426213 -0.206892 -0.396368 -0.894476 0.970130 -0.201478 -0.135110
0.801273 -46.897258 -32.249418 -1054.655206 0.073592 0.886527 -0.456786 -0.354853 -0.404775 -0.842755 0.932021 -0.224112 -0.284798
0.966491 -41.959154 -27.270390 249.004337 0.071142 0.884637 -0.460822 -0.762007 -0.249916 -0.597401 0.643649 -0.393650 -0.656319
0.686401 -36.284640 -33.304199 -606.872311 0.079667 0.862453 -0.499828 0.897402 0.156238 0.412625 0.433962 -0.481419 -0.761520
0.766304 -32.084693 -1.557724 356.499483 0.111047 0.878458 -0.464737 -0.838111 -0.168525 -0.518814 0.534076 -0.447114 -0.717531
1.770869 -4.619795 -242.865403 -8.048821 0.518226 0.797474 -0.308993 0.799527 -0.323469 0.506087 0.303642 -0.509316 -0.805232
-1.458391 -5.930427 -75.023824 -41.655352 0.279800 0.882107 -0.378944 0.869593 -0.065592 0.489393 0.406842 -0.466459 -0.785427
-0.117031 -5.523033 -173.187617 -72.128700 0.247886 0.854978 -0.455594 0.879563 -0.001485 0.475780 0.406105 -0.518663 -0.752375
1.229240 -5.502739 -174.131764 39.412905 0.147919 0.852006 -0.502200 -0.845943 -0.154060 -0.510536 0.512349 -0.500350 -0.697960
2.511409 -4.446887 -228.255987 -74.583651 0.289788 0.851791 -0.436434 0.863034 -0.035428 0.503902 0.413757 -0.522682 -0.745391
2.967511 -3.940876 -267.749970 -25.770337 0.442648 0.825531 -0.350087 0.823062 -0.219116 0.523983 0.355854 -0.520083 -0.776454
-1.084002 -18.466278 28.258800 58.916198 0.289100 0.909151 -0.299777 -0.556030 0.414383 0.720497 -0.779263 0.041610 -0.625314
-0.563934 -17.838628 22.042321 -45.995662 0.262373 0.924374 -0.276936 -0.704114 0.379635 0.600084 -0.659837 -0.037548 -0.750470
-0.087845 -19.359698 -58.434263 99.008231 0.304533 0.892052 -0.333919 -0.636444 0.451394 0.625446 -0.708660 -0.022052 -0.705206
0.288204 -47.836375 3.547950 -1046.694640 0.658274 -0.155882 -0.736462 0.729454 -0.109555 0.675199 -0.185934 -0.981682 0.041592
-0.130722 -48.139646 1.024881 -405.626024 0.634448 -0.162948 -0.755595 0.748400 0.373982 0.547755 0.193323 -0.913009 0.359222
-0.733382 -33.351013 44.067575 589.784352 0.676540 -0.143591 -0.722271 -0.657995 0.322531 -0.680453 -0.330662 -0.935604 -0.123723
1.019042 -112.961455 715.690182 -5302.270029 -0.576488 0.253398 0.776821 0.779282 0.456406 0.429434 -0.245728 0.852926 -0.460581
2.476143 -155.258886 -192.479838 -11068.546149 -0.874356 -0.211324 0.436856 -0.319159 0.928538 -0.189618 -0.365567 -0.305220 -0.879319
1.289300 -192.065559 -1031.268230 -12597.007831 -0.983447 0.174769 -0.047822 0.172738 0.983994 0.043782 0.054708 0.034797 -0.997896
3.083007 -6.942847 -58.617491 22.444676 -0.206582 0.926472 -0.314602 -0.097731 0.300391 0.948796 -0.973536 -0.226751 -0.028490
3.402324 -6.431338 -51.196908 28.206535 -0.195789 0.914388 -0.354347 0.038114 0.368163 0.928980 -0.979905 -0.168379 0.106933
2.542523 -6.901652 -57.882133 41.032911 -0.249450 0.913410 -0.321647 0.021245 0.337229 0.941183 -0.968155 -0.227945 0.103527
0.470971 -4.816335 -14.246180 -34.923768 0.508631 0.446813 0.735971 -0.067016 0.872753 -0.483540 -0.858373 0.196621 0.473853
1.434633 -4.200168 52.123128 -9.807034 0.521707 0.187719 0.832216 0.017438 0.972941 -0.230393 -0.852946 0.134710 0.504317
-0.050857 -3.749170 23.362921 -19.230200 0.499237 0.158146 0.851911 0.089847 0.968454 -0.232433 -0.861795 0.192580 0.469279
-1.750593 -11.524603 -1.348571 11.280893 0.169650 0.919633 -0.354252 0.982033 -0.187896 -0.017482 -0.082640 -0.344922 -0.934986
-1.395233 -13.232390 9.836073 -91.121285 0.202271 0.923595 -0.325667 0.977852 -0.172210 0.118951 0.053779 -0.342515 -0.937972
-1.429678 -11.658237 -2.528998 -73.255462 0.177600 0.917109 -0.356889 0.982877 -0.147205 0.110835 0.049112 -0.370462 -0.927548
-0.545000 -33.539514 31.592384 -419.591571 0.041781 0.922506 -0.383714 0.173331 0.371534 0.912096 -0.983977 0.104618 0.144375
-0.212558 -28.903850 16.117742 -372.546428 0.010919 0.909522 -0.415512 -0.213285 0.408092 0.887677 -0.976929 -0.078930 -0.198444
-0.576752 -35.258299 11.904691 -723.308236 0.007090 0.928200 -0.372014 -0.065052 0.371664 0.926085 -0.997857 -0.017635 -0.063016
-14.531158 -135.544341 308.367771 -5941.897423 0.941928 0.086773 -0.324409 -0.335733 0.222198 -0.915375 0.007347 -0.971133 -0.238427
-5.435563 -192.804648 373.686141 -8220.294865 0.990055 0.126032 -0.062514 -0.087920 0.207395 -0.974298 0.109827 -0.970105 -0.216413
1.375674 -5.137391 131.365131 41.512866 0.003600 -0.975114 -0.221673 0.991322 0.032610 -0.127350 0.131410 -0.219291 0.966769
1.044012 -2.465854 -62.215288 -30.258906 -0.643255 0.165503 -0.747551 -0.157614 0.926823 0.340817 0.749254 0.337056 -0.570098
1.222507 -2.935096 2.461048 -5.018202 -0.663358 0.317796 -0.677467 -0.073362 0.873358 0.481522 0.744697 0.369122 -0.556035
1.908367 -3.066952 0.124530 11.204230 -0.657562 0.230780 -0.717184 -0.194982 0.867369 0.457880 0.727732 0.440922 -0.525351
-1.753660 -4.551384 -20.924396 47.406917 -0.549292 -0.792981 0.263553 0.787587 -0.385885 0.480416 -0.279259 0.471460 0.836505
-1.374783 -3.811166 14.397364 31.620737 0.752028 0.643327 -0.143473 0.614173 -0.604919 0.506817 -0.239259 0.469258 0.850030
1.652565 -5.196259 12.549060 143.167257 -0.157692 0.946460 -0.281684 -0.042099 -0.291437 -0.955663 0.986591 0.138842 -0.085802
-0.814277 -10.926436 4.687271 12.780689 -0.101149 0.984673 0.142084 -0.291452 0.107222 -0.950557 0.951223 0.137559 -0.276139
-0.904538 -10.775709 2.156451 18.253815 -0.093366 0.985109 0.144372 -0.123935 0.132379 -0.983420 0.987888 0.109711 -0.109730
-0.848481 -11.098343 6.812515 -18.197900 -0.096692 0.984960 0.143190 0.067521 0.150024 -0.986374 0.993021 0.085707 0.081011
-1.357860 -17.172230 46.730461 172.360753 -0.044189 0.993079 0.108821 0.675999 0.109926 -0.728658 0.735577 -0.041364 0.676177
0.031927 -19.652229 31.904620 244.252326 -0.099681 0.987166 0.124770 0.837549 0.150942 -0.525098 0.537192 -0.052159 0.841846
1.146385 -19.520226 -20.491123 158.300662 -0.063954 0.991064 0.117056 0.957419 0.094023 -0.272963 0.281530 -0.094614 0.954876
0.458448 -25.530272 -39.064118 294.867092 0.899736 0.171832 -0.401184 0.149927 0.741597 0.653877 -0.409874 0.648465 -0.641480
0.483133 -21.677532 -13.151375 346.744046 0.908977 0.192393 -0.369791 0.230403 0.507399 0.830338 -0.347383 0.839959 -0.416886
0.630243 -19.246134 -21.655962 153.581554 0.922372 0.222684 -0.315662 0.244554 0.295945 0.923369 -0.299038 0.928886 -0.218513
0.858038 -5.137559 -10.754241 -105.249757 0.007303 0.957279 -0.289072 0.638746 0.217954 0.737903 -0.769383 0.190032 0.609866
1.211010 -5.428363 20.158066 2.355392 0.135392 0.912511 -0.385997 0.488660 -0.400404 -0.775169 0.861905 0.083669 0.500119
1.556288 -5.556297 4.405764 8.954956 0.128931 0.940587 -0.314122 0.537836 -0.332456 -0.774729 0.833132 0.069060 0.548746
1.492748 -5.684622 27.353825 6.941346 0.130289 0.909195 -0.395461 0.582336 -0.392987 -0.711650 0.802440 0.137571 0.580659
2.134355 -5.816625 12.478106 11.487193 0.118379 0.939477 -0.321511 0.635994 -0.320393 -0.702040 0.762560 0.121372 0.635429
2.358263 -5.915625 28.852176 21.428265 0.121136 0.923900 -0.362952 0.662106 -0.347626 -0.663907 0.739555 0.159889 0.653830
-2.138236 -14.255549 -75.054461 -1.858190 0.080055 0.825388 -0.558861 0.259887 -0.558552 -0.787704 0.962315 0.082181 0.259223
-0.917130 -14.887020 -75.468869 27.553455 0.095634 0.834998 -0.541878 0.129336 -0.550182 -0.824968 0.986978 -0.008811 0.160611
-2.238606 -14.190987 -56.415750 23.916194 0.045314 0.801092 -0.596824 0.048413 -0.598497 -0.799661 0.997799 -0.007342 0.065904
-3.226383 -14.416015 -44.001633 -7.254255 0.012558 0.785576 -0.618637 0.263893 -0.599355 -0.755734 0.964470 0.153763 0.214835
0.867098 -7.169920 9.392675 13.007961 0.080651 0.955684 -0.283132 0.832408 0.091668 0.546529 -0.548263 0.279759 0.788126
0.733391 -7.086047 23.568209 -3.980928 0.058150 0.941168 -0.332899 0.846688 0.130173 0.515921 -0.528902 0.311863 0.789306
1.102919 -7.166904 16.138973 32.053610 0.063469 0.941473 -0.331060 0.916687 0.076145 0.392284 -0.394534 0.328376 0.858203
1.874892 -26.579232 -120.825047 188.342798 0.747962 -0.621152 -0.233931 0.124489 -0.214905 0.968668 0.651963 0.753649 0.083414
7.108435 -44.910315 -395.092777 1498.332913 0.707123 -0.700141 0.098892 -0.180124 -0.043118 0.982698 0.683764 0.712701 0.156602
-0.291687 -22.448405 102.193609 -336.022063 -0.697581 0.701259 0.147024 0.174845 0.365598 -0.914203 0.694845 0.612024 0.377646
-1.762788 -21.879156 115.106460 -481.641265 -0.659115 0.752042 0.000900 0.368824 0.324292 -0.871093 0.655390 0.573819 0.491116
-0.608370 -24.308848 18.528790 -421.082177 -0.676313 0.650284 0.346022 0.064212 0.520005 -0.851746 0.733811 0.553828 0.393442
-2.941516 -20.100304 -42.638302 -353.817862 -0.656988 0.696726 0.287993 0.328481 0.608383 -0.722475 0.678577 0.380057 0.628561
12.324686 -611.403947 88.063247 -35576.820185 -0.675852 0.470887 0.567000 0.252866 0.870747 -0.421733 -0.692302 -0.141654 -0.707567
3.666776 -38.758368 -162.145186 -178.930297 -0.699138 0.472177 0.536894 0.020861 0.764066 -0.644801 -0.714682 -0.439605 -0.544038
-23.254953 -2116.211950 -745.641682 -1069.027356 -0.508092 0.514473 0.690768 -0.387995 0.579305 -0.716845 -0.768962 -0.632237 -0.094727
-64.206072 -643.033211 -2657.894314 14474.745485 0.379905 -0.426327 -0.820925 0.882441 0.433200 0.183401 0.277436 -0.794092 0.540784
-11.517398 -954.686853 -6469.444196 712032.864650 0.501012 -0.420443 -0.756448 0.755477 0.638865 0.145280 0.422187 -0.644266 0.637715
-26.846683 -1083.117260 -1108.273618 -337971.949522 0.341759 -0.588506 -0.732709 -0.037805 0.770413 -0.636423 0.939027 0.245203 0.241047
0.334745 -4.324101 21.659245 0.355708 0.152805 0.975333 -0.159299 0.867495 -0.055165 0.494378 -0.473396 0.213734 0.854526
0.477258 -4.160800 27.144151 5.052222 0.155932 0.976045 -0.151725 0.834627 -0.048042 0.548717 -0.528284 0.212196 0.822125
0.276995 -4.279090 21.948298 28.454918 0.114447 0.973619 -0.197405 0.803663 0.026071 0.594514 -0.583976 0.226688 0.779477
-1.068477 -4.878448 -62.067674 -50.503490 -0.489784 -0.851442 0.187508 0.871288 -0.470336 0.140148 -0.031136 0.232015 0.972214
-2.210516 -5.254194 -34.438753 25.616370 0.417472 0.905573 -0.075199 0.891411 -0.392067 0.227311 -0.176364 0.161929 0.970914
-1.623700 -4.558495 -2.403689 21.376568 0.347353 0.935849 -0.059435 0.929768 -0.335465 0.151640 -0.121974 0.107933 0.986647
0.841805 -43.754804 -22.736900 -1266.773838 0.939423 0.150440 -0.307980 0.008531 0.887991 0.459781 -0.342653 0.434557 -0.832916
1.296170 -37.984008 17.763287 -1217.555435 -0.932980 -0.092172 0.347927 -0.064834 0.993880 0.089442 -0.354041 0.060890 -0.933245
1.866109 -107.771144 23.463133 -4534.052223 -0.936878 -0.157601 0.312125 -0.049850 0.943745 0.326894 -0.346085 0.290700 -0.892031
3.744099 -186.561714 -17.148866 8459.724017 0.124497 -0.968549 0.215436 0.975257 0.079472 -0.206297 0.182688 0.235788 0.954478
2.862865 -161.340691 -92.359533 8122.343447 -0.207633 0.971667 -0.112922 0.888025 0.138818 -0.438339 0.410244 0.191291 0.891688
-0.662323 -23.877182 -71.203008 1069.175733 -0.028777 0.982181 -0.185721 0.935719 -0.038879 -0.350596 0.351570 0.183872 0.917927
2.470045 -124.336890 91.501961 5921.231500 0.210386 -0.966040 0.150016 0.961833 0.177074 -0.208619 0.174971 0.188181 0.966423
1.121438 -45.702385 -33.250478 1160.103088 -0.149267 0.970110 -0.191324 0.929261 0.203755 0.308152 -0.337925 0.131793 0.931900
1.322071 -59.395375 15.955937 1999.172817 -0.100078 0.965597 -0.240013 0.963165 0.154529 0.220076 -0.249594 0.209147 0.945495
-9.568053 -11.980326 48.254732 82.291024 -0.056400 0.951362 0.302868 -0.862023 0.106647 -0.495523 0.503722 0.289026 -0.814081
-8.860559 -11.206220 71.682372 90.209461 -0.375871 0.903728 0.204931 -0.845653 -0.244083 -0.474652 0.378936 0.351709 -0.855984
-6.002910 -9.527014 -20.716014 -21.074368 0.057828 0.979697 -0.191963 -0.204438 0.199830 0.958266 -0.977170 0.016170 -0.211843
-6.022830 -9.633981 -23.509784 13.630643 0.069967 0.982715 -0.171391 -0.012720 0.172677 0.984896 -0.997468 0.066730 -0.024582
-6.210243 -9.541850 -14.988400 8.330642 0.150922 0.969304 -0.194096 -0.111153 0.211739 0.970985 -0.982277 0.124968 -0.139696
-2.775720 -5.550017 -18.875132 -43.073044 -0.094979 0.649352 -0.754533 0.651803 0.613457 0.445895 -0.752417 0.449457 0.481516
-2.423332 -5.442617 -8.675633 -61.867691 0.130661 -0.652570 0.746378 0.585591 0.658277 0.473028 -0.800007 0.375265 0.468150
-2.756306 -6.297632 7.719602 -33.685533 -0.005895 0.759556 -0.650416 0.702427 0.466082 0.537925 -0.711731 0.453699 0.536280
-2.795979 -6.477880 20.404758 -55.328971 -0.040850 0.785034 -0.618104 0.650288 0.490559 0.580067 -0.758589 0.378250 0.530538
-2.772214 -5.862449 -7.094034 -15.276818 0.013356 0.734817 -0.678134 0.735511 0.452218 0.504503 -0.677381 0.505513 0.534426
-3.057606 -6.667476 18.852984 4.285280 0.062409 0.824650 -0.562189 0.762984 0.323705 0.559527 -0.643398 0.463861 0.608993
3.788615 -4.402205 -67.628215 172.547983 0.474812 -0.625672 -0.618941 0.866834 0.210882 0.451805 -0.152158 -0.751042 0.642483
11.904566 0.440151 -685.895101 -21.594788 -0.241857 -0.658324 -0.712821 0.966204 -0.230922 -0.114561 -0.089188 -0.716439 0.691926
0.989645 -7.229286 36.831992 -7.621635 -0.600266 0.728824 0.329389 0.514481 0.667185 -0.538678 0.612365 0.153885 0.775454
0.260693 -7.754775 23.698719 -42.015560 -0.561023 0.774479 0.292293 0.496371 0.597311 -0.629948 0.662472 0.208330 0.719534
0.781189 -7.116318 34.549061 -27.165568 -0.585817 0.746530 0.315454 0.451542 0.623876 -0.637879 0.673000 0.231240 0.702567
1.346494 -6.878721 9.641738 3.933755 -0.586917 0.707583 0.393515 0.464619 0.692387 -0.552023 0.663067 0.141157 0.735131
10.837421 -13.270254 -315.466521 20.629189 -0.609912 0.776103 0.160223 0.044275 -0.168494 0.984708 -0.791232 -0.607679 -0.068405
6.613121 -12.829905 -137.505980 -25.462027 -0.612457 0.774764 0.156963 -0.142127 -0.303248 0.942253 -0.777622 -0.554781 -0.295841
3.737526 -12.564958 -95.602362 -57.935502 -0.691044 0.690317 0.214289 -0.130449 -0.410706 0.902388 -0.710944 -0.595636 -0.373868
0.750973 -39.591561 -61.034021 -1022.819035 0.118152 0.882757 -0.454731 0.064385 -0.463786 -0.883605 0.990906 -0.075122 0.111634
1.159579 -29.183844 -6.973458 -495.010625 0.139949 0.921278 -0.362852 0.165737 -0.383084 -0.908723 0.976189 -0.067037 0.206302
1.201834 -29.422620 -9.612896 -478.582698 0.174952 0.918787 -0.353868 0.067733 -0.369791 -0.926643 0.982244 -0.138150 0.126928
-1.125290 -5.271600 -155.367342 -41.595105 0.461416 0.831194 -0.310180 0.842632 -0.301188 0.446382 0.277608 -0.467336 -0.839364
-0.192425 -17.577835 11.739724 68.841897 0.241627 0.933736 -0.264111 -0.472859 0.350972 0.808222 -0.847361 0.070401 -0.526330
0.396109 -17.959606 22.793418 -100.996869 0.248255 0.930940 -0.267806 -0.608841 0.364981 0.704345 -0.753447 0.011806 -0.657403
-1.861559 -3.707871 140.425178 37.513132 0.836016 -0.200036 0.510943 0.365711 0.897334 -0.247076 -0.409062 0.393417 0.823341
1.548911 -3.188653 148.653392 -42.885390 0.894011 -0.033824 0.446767 -0.218375 -0.903585 0.368574 -0.391225 0.427072 0.815201
-0.530639 -2.984162 164.078396 -29.746218 0.903069 -0.026197 0.428696 -0.217905 -0.888081 0.404758 -0.370113 0.458939 0.807707
-3.161248 -3.782650 31.793391 106.119710 0.370802 -0.720503 0.585987 0.829731 0.540455 0.139480 -0.417195 0.434492 0.798226
-4.600364 -6.758597 -50.034539 -50.059639 -0.410244 0.707802 0.575080 0.255399 -0.516186 0.817510 -0.875484 -0.482253 -0.030990
-4.331255 -6.129766 -46.936690 -18.500782 -0.409693 0.696190 0.589466 0.167959 -0.577570 0.798876 -0.896628 -0.426300 -0.119695
-3.797313 -6.367676 -39.434923 -42.860267 -0.463584 0.646912 0.605470 0.217128 -0.579558 0.785473 -0.859037 -0.495597 -0.128211
-4.872165 -6.557300 -23.075295 -34.963665 -0.343434 0.795373 0.499434 0.208589 -0.453900 0.866294 -0.915720 -0.401691 0.010022
-3.914560 -6.876557 -47.828353 -68.678351 -0.451297 0.652879 0.608343 0.295288 -0.534052 0.792208 -0.842102 -0.537157 -0.048229
-0.063185 -28.600421 -16.775295 -228.200047 -0.033720 0.910587 -0.411939 -0.005421 0.412001 0.911167 -0.999417 -0.032958 0.008956
0.140804 -26.456272 -9.424455 -204.431370 -0.020565 0.890323 -0.454864 -0.384487 0.412929 0.825626 -0.922901 -0.191868 -0.333826
0.083494 -24.121150 -3.241856 -197.119693 -0.007705 0.884406 -0.466656 -0.518527 0.395493 0.758100 -0.855027 -0.247815 -0.455541
-0.515839 -7.828460 221.879951 -251.905080 0.127389 -0.934620 -0.332052 0.986805 0.153161 -0.052521 0.099945 -0.320979 0.941798
-3.999183 -20.502186 221.825195 -1019.474629 0.395474 -0.839075 -0.373568 0.913730 0.318119 0.252781 -0.093263 -0.441309 0.892496
-1.318579 -12.384446 319.121047 -544.881670 0.326534 -0.825267 -0.460771 0.943340 0.314995 0.104342 0.059030 -0.468735 0.881364
0.826151 -1.821087 -40.277728 -23.855043 -0.662203 0.122121 -0.739306 -0.169121 0.936815 0.306229 0.729990 0.327818 -0.599708
1.672313 -1.746972 -81.613955 -11.676926 -0.589004 -0.189337 -0.785637 -0.390309 0.917911 0.071405 0.707625 0.348699 -0.614553
2.624977 -2.610506 -35.941861 -10.990122 -0.622745 -0.243939 -0.743427 -0.428899 0.901111 0.063596 0.654396 0.358459 -0.665787
-3.292185 -3.942537 -33.411042 1.337210 0.883258 0.468752 0.011238 0.339672 -0.656190 0.673823 -0.323230 0.591342 0.738807
-3.184728 -4.208508 56.536418 19.406946 -0.492725 -0.770261 0.404871 0.785136 -0.192900 0.588515 -0.375210 0.607855 0.699807
-0.106710 -9.890327 -24.965843 46.832886 -0.200373 0.979529 -0.019331 0.366574 0.056660 -0.928662 0.908556 0.193165 0.370423
-0.548474 -10.999433 -8.427795 -14.970675 -0.115827 0.984572 0.131153 -0.431736 0.069011 -0.899356 0.894532 0.160794 -0.417082
-0.504706 -11.149182 0.992059 -0.736257 -0.143988 0.980187 0.136019 -0.366517 0.074852 -0.927395 0.919202 0.183387 -0.348478
25.338676 -15.553575 -1195.197148 -335.613975 0.021673 0.921321 0.388197 0.904688 -0.183338 0.384613 -0.425523 -0.342862 0.837482
111.953824 -34.806463 4166.071005 -803.423797 0.268594 -0.824544 -0.497980 0.812138 -0.084145 0.577366 -0.517966 -0.559506 0.647043
