19544
39064
-4.188449 -8.132662 -16.426769 -124.289225 -0.537904 0.821755 0.188092 0.842828 0.519644 0.140040 0.017338 0.233858 -0.972116
-5.331435 -9.535665 -9.384825 -97.206158 -0.328085 0.917108 0.226437 0.937164 0.285883 0.199985 0.118673 0.277820 -0.953275
-6.049794 -9.186669 111.885833 -158.418824 -0.247480 0.944647 0.215398 0.967547 0.229236 0.106323 0.051061 0.234720 -0.970721
-4.512885 -8.390229 -42.779867 -81.512913 -0.573543 0.785795 0.231461 0.817568 0.531398 0.221809 0.051299 0.316452 -0.947220
-5.704142 -6.980425 77.396440 -162.011326 -0.425039 0.884722 0.191333 0.902787 0.429684 0.018653 -0.065710 0.180662 -0.981348
-4.048186 -7.460008 -7.920898 -102.962062 0.732375 -0.650802 -0.200209 0.679786 0.715678 0.160300 -0.038962 0.253499 -0.966551
-4.975238 -7.568155 90.526276 -101.251389 -0.888691 -0.314536 0.333608 -0.252288 0.943001 0.217027 -0.382855 0.108705 -0.917390
-5.555367 -8.231179 25.142906 -65.897790 -0.933902 -0.112412 0.339397 -0.043720 0.978068 0.203646 -0.354845 0.175348 -0.918334
-4.735536 -6.529883 35.114944 -212.329662 -0.932880 -0.182876 0.310310 -0.152862 0.981099 0.118646 -0.326142 0.063248 -0.943203
-5.336611 -7.792440 53.430880 26.088341 -0.904084 -0.186362 0.384580 -0.083678 0.959684 0.268335 -0.419083 0.210416 -0.883229
-2.998493 -6.010042 304.514736 -184.397423 -0.765215 -0.567978 0.303064 -0.513741 0.822453 0.244217 -0.387965 0.031182 -0.921146
-4.739031 -7.217294 108.784734 -23.659113 -0.798389 -0.503550 0.330169 -0.406646 0.855293 0.321112 -0.444087 0.122110 -0.887623
-65.470818 -193.635665 -1733.309231 -19021.524191 0.273706 0.960548 0.049328 -0.162830 0.096822 -0.981892 0.947930 -0.260718 -0.182907
-116.115672 -153.812147 -10011.097221 -2472.038454 0.640628 0.715886 -0.277673 -0.558315 0.186025 -0.808504 0.527143 -0.672979 -0.518863
-57.644588 -109.432602 -2417.915968 4956.620755 0.225327 0.963951 -0.141511 -0.735182 0.072915 -0.673937 0.639324 -0.255893 -0.725109
1.107391 -1.464699 129.807173 0.370880 -0.067921 0.993758 -0.088496 -0.754002 0.006958 0.656836 -0.653352 -0.111339 -0.748823
1.068195 -1.728241 133.255457 -48.443584 -0.046452 0.992893 -0.109570 -0.753302 0.037218 0.656621 -0.656033 -0.113040 -0.746219
2.306048 -1.510972 57.010435 -4.731718 -0.043298 0.985002 -0.167021 -0.754386 0.077370 0.651855 -0.655001 -0.154222 -0.739722
2.263514 -1.892270 55.967075 52.517982 -0.072552 0.987222 -0.141877 -0.754986 0.038591 0.654604 -0.651715 -0.154609 -0.742539
0.996167 -1.963337 131.080591 56.973442 -0.067075 0.993843 -0.088187 -0.756356 0.006995 0.654123 -0.650712 -0.110576 -0.751230
-0.751152 -7.078015 -45.022904 163.009138 -0.153449 0.536253 -0.829991 0.099083 0.844056 0.527022 0.983176 -0.001367 -0.182653
-1.125953 -6.134929 55.560372 99.928974 -0.177828 0.475600 -0.861500 0.071480 0.879383 0.470718 0.981462 0.022127 -0.190375
-1.358078 -6.938194 28.116374 89.589832 -0.151344 0.580524 -0.800054 0.182617 0.811866 0.554549 0.971466 -0.062176 -0.228884
-1.275471 -8.614486 -14.999510 147.916188 -0.122232 0.665862 -0.735994 0.247244 0.738605 0.627162 0.961213 -0.105311 -0.254912
26.018206 -10.066045 2093.586410 -20.773657 0.636492 0.765865 0.091266 -0.489460 0.492533 -0.719612 0.596077 -0.413356 -0.688353
18.543030 -9.754216 562.482346 -0.785917 0.722840 0.690483 0.027123 -0.566180 0.614301 -0.549613 0.396160 -0.381925 -0.834979
26.149310 -10.168257 -235.286197 -30.713131 0.783020 0.616127 -0.085254 -0.487941 0.523459 -0.698501 0.385738 -0.588539 -0.710512
36.225060 -10.553477 -294.320249 2.870776 0.726041 0.687156 -0.026101 -0.411125 0.403338 -0.817493 0.551218 -0.604264 -0.575347
0.352951 -12.699719 -13.987199 -2.884225 -0.045378 0.998962 0.003866 -0.736116 -0.036054 0.675895 -0.675333 -0.027825 -0.736988
0.282521 -11.821181 -13.830593 62.143876 -0.047997 0.998840 0.003953 -0.534465 -0.029025 0.844692 -0.843827 -0.038430 -0.535238
0.025223 -12.580082 -11.783867 11.275798 -0.043250 0.999064 -0.001136 -0.712210 -0.030035 0.701324 -0.700633 -0.031142 -0.712842
0.152786 -12.843682 -15.142238 -24.468492 -0.037960 0.999199 -0.012689 -0.870823 -0.026849 0.490863 -0.490129 -0.029683 -0.871144
-0.201889 -12.728253 -14.080391 -9.039348 -0.029704 0.999435 -0.015701 -0.852405 -0.017124 0.522601 -0.522037 -0.028907 -0.852433
-0.294638 -12.329804 -9.382193 29.894131 -0.034581 0.999401 0.000935 -0.685283 -0.024393 0.727868 -0.727455 -0.024529 -0.685716
0.188930 -9.024365 9.215588 31.257218 0.013630 0.999874 -0.008129 -0.481991 0.013692 0.876069 -0.876070 0.008023 -0.482117
-0.083565 -11.519272 18.579763 197.343575 0.004243 0.999305 0.037022 -0.588127 -0.027449 0.808303 -0.808757 0.025203 -0.587602
-0.282586 -8.387029 10.751208 56.537062 0.021520 0.999595 -0.018595 -0.495449 0.026818 0.868223 -0.868370 0.009471 -0.495826
0.505416 -11.019037 6.440455 113.266101 -0.018071 0.999010 0.040656 -0.597943 -0.043388 0.800363 -0.801335 0.009846 -0.598135
0.070859 -8.882160 17.742632 -124.588368 0.082752 0.992098 -0.094304 -0.399410 0.119713 0.908923 -0.913030 0.037549 -0.406161
0.622913 -9.816351 1.229628 24.696396 -0.000966 0.999826 -0.018642 -0.456383 0.016147 0.889637 -0.889783 -0.009367 -0.456288
0.467711 -9.654429 22.564472 -83.870029 0.066305 0.995359 -0.069744 -0.343713 0.088404 0.934905 -0.936731 0.038017 -0.347979
0.326794 -6.934440 -8.096621 -20.504652 0.089620 -0.993558 0.069353 0.994158 0.093445 0.054021 -0.060153 0.064106 0.996128
0.446685 -7.076248 -11.237686 -7.762718 0.094865 -0.993178 0.067809 0.994305 0.097855 0.042222 -0.048569 0.063417 0.996805
0.507213 -7.002977 3.128228 -39.441527 -0.087955 0.994010 -0.064873 0.982201 0.097392 0.160609 -0.165965 0.049592 0.984884
-1.304943 -1.854506 25.911729 -2.481135 -0.100352 0.992304 0.072544 0.994913 0.099431 0.016203 0.008865 0.073801 -0.997234
-1.051052 -2.199161 28.941191 -71.445672 0.139451 0.987080 0.078911 0.990218 -0.139376 -0.006490 0.004593 0.079044 -0.996861
-1.584642 -2.508838 13.002779 -76.191129 0.145265 0.988065 0.051238 0.989351 -0.145538 0.001619 0.009057 0.050457 -0.998685
-3.647087 -20.064641 13.213117 508.341077 -0.012776 0.987776 -0.155359 0.209884 -0.149261 -0.966266 0.977643 0.044952 0.205412
-3.099732 -22.935230 -5.473205 250.531368 0.002267 0.987633 -0.156764 0.431976 -0.142350 -0.890580 0.901882 0.065700 0.426957
-3.080777 -21.354455 -0.625582 140.370701 0.049997 0.982157 -0.181297 0.387532 -0.186379 -0.902819 0.920499 0.025120 0.389936
26.172017 1.828446 -115.140489 165.473794 0.997833 0.004853 0.065611 0.064645 -0.257610 -0.964084 -0.012223 -0.966237 0.257365
17.120170 -0.075349 191.803762 197.498916 0.997810 0.023249 -0.061919 -0.049955 -0.348649 -0.935921 0.043347 -0.936965 0.346724
31.231694 0.189226 961.892790 86.656352 0.887663 0.454357 -0.074930 0.086926 -0.325120 -0.941669 0.452216 -0.829371 0.328093
0.472525 -14.258623 -16.717169 163.458805 0.065777 0.970014 -0.233978 0.759448 0.103430 0.642294 -0.647234 0.219943 0.729872
0.582030 -14.354457 10.504971 107.772556 0.086829 0.963785 -0.252150 0.719314 0.114459 0.685191 -0.689237 0.240870 0.683325
0.553639 -13.613977 3.180003 -8.131751 0.082430 0.965871 -0.245558 0.817344 0.075461 0.571187 -0.570223 0.247788 0.783228
0.209468 -13.343940 -29.505063 9.914904 0.053144 0.971207 -0.232236 0.842602 0.081197 0.532381 -0.535909 0.223975 0.814025
0.212282 -14.016608 -36.577070 145.378392 0.041561 0.971399 -0.233788 0.787102 0.112294 0.606514 -0.615421 0.209223 0.759923
3.197679 -23.896935 12.119333 -387.216659 0.025612 0.908919 -0.416185 -0.535440 -0.339095 -0.773510 0.844185 -0.242653 -0.477987
2.328367 -23.718526 8.674029 -288.497643 0.059919 0.932184 -0.356991 -0.514767 -0.277555 -0.811159 0.855234 -0.232371 -0.463227
3.998316 -24.259662 -65.815824 -48.456893 0.057014 0.919548 -0.388819 -0.684556 -0.247481 -0.685665 0.726727 -0.305261 -0.615372
5.792505 -23.971591 -174.030716 397.962780 0.056586 0.875480 -0.479930 -0.853716 -0.206808 -0.477911 0.517655 -0.436767 -0.735709
4.102243 -24.720374 -42.535201 -196.284613 0.014373 0.885843 -0.463762 -0.683356 -0.329887 -0.651306 0.729944 -0.326276 -0.600605
-1.338879 -14.878974 1.083981 -174.112510 0.212943 0.953564 0.213006 0.425124 -0.286712 0.858525 -0.879730 0.092263 0.466436
-1.286676 -13.226219 0.895301 -94.281229 0.217605 0.963265 0.157383 0.315567 -0.222021 0.922564 -0.923615 0.151090 0.352287
-1.325060 -14.474025 -1.186994 -65.125437 0.191387 0.968903 0.156837 0.278501 -0.206831 0.937901 -0.941174 0.135823 0.309425
2.337326 -0.866436 -17.021948 41.604701 0.214027 -0.933390 0.288056 0.976016 0.216358 -0.024118 -0.039811 0.286309 0.957310
2.612238 -1.246382 37.813509 46.812810 0.307076 -0.931226 0.196272 0.951383 0.305577 -0.038651 -0.023984 0.198598 0.979788
2.631810 -1.234964 0.822669 17.400043 0.238536 -0.936732 0.256191 0.969300 0.245857 -0.003556 -0.059656 0.249174 0.966620
1.907001 -0.953036 -54.282205 5.853445 0.143279 -0.936286 0.320687 0.987453 0.156982 0.017149 -0.066398 0.314206 0.947030
-0.601894 -22.827589 17.273181 1.155828 0.288790 0.934483 0.208187 0.304793 0.116400 -0.945279 0.907580 -0.336441 0.251208
-0.517716 -22.576024 30.259429 77.963099 0.280927 0.933448 0.223060 0.070315 0.211776 -0.974785 0.957150 -0.289528 0.006142
-0.701889 -23.379012 -15.328860 22.480256 0.298162 0.931901 0.206541 0.217685 0.144294 -0.965294 0.929362 -0.332775 0.159838
-1.005395 -24.011577 -53.418370 90.534528 0.305585 0.933382 0.188190 0.110950 0.161393 -0.980634 0.945679 -0.320546 0.054239
-1.309629 -23.454176 -62.796042 -131.961036 0.305216 0.932560 0.192809 0.378790 0.066872 -0.923064 0.873705 -0.354768 0.332834
-1.737614 -10.659502 126.783075 429.115520 0.025152 0.961586 0.273350 -0.003538 -0.273349 0.961908 -0.999677 0.025162 0.003473
-1.568504 -7.258453 102.276464 286.268341 0.030213 0.965148 0.259954 0.049261 -0.261195 0.964028 -0.998329 0.016320 0.055436
-0.474339 -11.287198 78.565063 478.739440 0.026613 0.969213 0.244782 -0.018278 -0.244356 0.969513 -0.999479 0.030276 -0.011213
-0.706173 -14.485131 101.466838 424.450931 0.028287 0.963195 0.267310 -0.140912 -0.260904 0.955025 -0.989618 0.064682 -0.128346
1.664064 -35.928914 -176.593087 597.327999 0.020265 0.989728 0.141523 0.867145 -0.087856 0.490246 -0.497644 -0.112786 0.860018
3.036252 -36.854007 -188.670774 118.390147 -0.035603 0.997588 0.059591 0.839013 -0.002558 0.544105 -0.542945 -0.069370 0.836898
4.876036 -35.160682 -177.113985 564.272254 -0.009382 0.997365 0.071945 0.953432 -0.012768 0.301336 -0.301461 -0.071422 0.950800
4.262455 -33.474932 -79.482725 576.412976 0.064089 0.989733 0.127752 0.962846 -0.094978 0.252796 -0.262334 -0.106804 0.959048
1.244300 -35.488116 93.369364 1264.993338 0.137548 0.973233 0.184115 0.902441 -0.199753 0.381706 -0.408266 -0.113651 0.905761
-0.921216 -37.834548 50.483196 1072.057268 0.097254 0.978989 0.179229 0.788486 -0.185677 0.586357 -0.607316 -0.084294 0.789976
0.389854 -15.892374 22.711991 -78.859337 0.006159 0.988460 0.151357 0.104132 -0.151171 0.983008 -0.994544 -0.009706 0.103861
1.238541 -18.453649 106.038581 -511.896944 -0.005517 0.998696 0.050744 0.198410 -0.048642 0.978911 -0.980104 -0.015468 0.197883
1.102202 -19.790959 14.787089 -578.115473 -0.014370 0.996343 0.084232 0.200008 -0.079674 0.976549 -0.979689 -0.030880 0.198132
-0.293715 -17.768481 -64.963901 -238.637006 -0.002408 0.981294 0.192499 0.090919 -0.191487 0.977275 -0.995855 -0.019855 0.088758
-0.850164 -16.544731 -67.443626 163.101051 0.006619 0.969708 0.244176 -0.030494 -0.243872 0.969328 -0.999513 0.013862 -0.027957
-7.943720 -221.264780 -350.746387 -4038.084302 -0.148240 0.974086 0.170825 0.983519 0.127131 0.128559 0.103510 0.187068 -0.976878
-14.275400 -252.810010 -798.943633 8251.558080 -0.189139 0.974867 0.117735 0.981844 0.185989 0.037288 0.014454 0.122650 -0.992345
-13.901071 -213.685482 -1545.855238 -10154.681851 -0.231728 0.957321 0.172740 -0.955866 -0.257050 0.142288 -0.180618 0.132144 -0.974636
-69.220554 -1171.322111 2829.667709 282160.648049 -0.017036 0.916216 -0.400322 0.996515 0.048259 0.068043 0.081661 -0.397767 -0.913845
-80.242417 -1145.974196 3386.736747 -48700.759672 -0.047023 0.998535 0.026776 -0.993426 -0.049549 0.103195 -0.104370 0.021747 -0.994301
11.832550 -221.888158 -468.575452 -245314.899841 0.216966 0.972317 0.086744 -0.386877 0.167232 -0.906841 0.896243 -0.163195 -0.412450
-184.544909 -524.806215 7317.916589 156662.609266 0.893593 0.438881 0.094214 0.105410 -0.001151 -0.994428 0.436327 -0.898545 0.047291
1641.348557 -4615.541959 229720.433480 3199360.944472 0.859522 -0.322150 0.396789 0.436635 0.059312 -0.897682 -0.265654 -0.944829 -0.191642
4.919381 -6.384495 -38.886279 -0.462573 -0.096374 0.979140 -0.178877 0.384442 0.202385 0.900691 -0.918105 -0.018035 0.395927
4.227271 -6.331990 -95.776688 -16.442311 -0.147782 0.977748 -0.148892 0.273492 0.185075 0.943901 -0.950454 -0.098771 0.294757
4.685175 -6.349646 -20.830878 -12.732812 -0.080106 0.977055 -0.197348 0.262606 0.211676 0.941399 -0.961572 -0.023587 0.273537
6.740990 -5.338345 -191.459715 -33.609790 0.017639 0.980878 -0.193825 -0.512015 0.175369 0.840884 -0.858795 -0.084409 -0.505317
4.582115 -4.605765 -396.072746 -37.365422 -0.045355 0.970566 -0.236525 -0.578539 0.167501 0.798271 -0.814393 -0.173044 -0.553913
6.582544 -4.653474 -164.260045 -41.121771 0.056117 0.974215 -0.218531 -0.591964 0.208721 0.778469 -0.804008 -0.085677 -0.588413
2.470999 -9.577275 -146.057987 -41.818220 0.917782 0.289422 0.271866 -0.250795 0.953312 -0.168222 -0.307860 0.086209 0.947518
1.399130 -9.764964 -102.728879 40.450064 0.898967 0.376059 0.224586 -0.307671 0.907076 -0.287318 -0.311765 0.189190 0.931134
3.532442 -10.839668 -130.713185 -148.427699 0.885420 0.418486 0.202241 -0.392704 0.906317 -0.156116 -0.248627 0.058808 0.966812
-23.763256 -27.699092 -604.924279 -531.790913 0.920649 0.142666 0.363388 0.215097 0.591423 -0.777144 0.325788 -0.793641 -0.513806
-24.757537 -28.866862 133.975077 -1174.748880 -0.634051 -0.040169 -0.772247 0.677593 0.452356 -0.579864 0.372623 -0.890933 -0.259598
-18.239938 -25.411978 -921.001340 -312.957398 0.955864 0.242597 -0.165744 -0.220587 0.219924 -0.950250 0.194077 -0.944870 -0.263731
-25.045147 -30.060321 -105.389066 -673.197942 0.638799 0.091278 0.763940 0.544195 0.648293 -0.532511 0.543863 -0.755900 -0.364456
6.815015 -5.779052 245.708247 -36.494751 0.243014 0.966320 -0.084674 -0.543154 0.207877 0.813493 -0.803697 0.151699 -0.575377
7.390580 -4.826249 111.514363 -40.491751 0.176304 0.969921 -0.167840 -0.603278 0.241204 0.760182 -0.777800 0.032769 -0.627657
6.467086 -5.117503 208.248020 -41.353665 0.269601 0.955968 -0.115930 -0.615898 0.263722 0.742375 -0.740260 0.128744 -0.659878
-123.722699 -157.929770 -7664.914667 7132.380021 0.817446 -0.385082 -0.428362 0.564275 0.684688 0.461299 -0.115656 0.618801 -0.776987
-160.759544 -395.220385 4240.413328 51934.846133 -0.451984 0.796455 0.401709 0.823652 0.199717 0.530764 0.342501 0.570765 -0.746271
-320.402870 -588.485633 -14905.568365 57557.409943 -0.312947 0.920126 0.235443 -0.862723 -0.379065 0.334693 -0.397208 0.098381 -0.912440
-184.003405 -258.695806 13986.155996 12449.503645 -0.569870 0.103755 0.815158 0.731723 0.515490 0.445928 -0.373939 0.850591 -0.369683
-9.436221 -149.568778 235.000433 -1201.284189 0.489288 0.246313 0.836616 0.696358 -0.687872 -0.204739 0.525055 0.682761 -0.508090
20.733400 -7.335402 -2048.222634 -1816.566308 0.788696 0.421677 0.447378 -0.608975 0.635639 0.474459 0.084302 0.646646 -0.758117
221.732707 -1456.074497 -22914.275578 98272.120939 -0.513379 0.123456 -0.849236 -0.145254 0.962818 0.227777 0.845780 0.240290 -0.476358
-0.753594 -27.722547 7.434458 1185.741666 0.089680 0.233847 0.968129 0.911510 0.372468 -0.174403 -0.401381 0.898100 -0.179751
-4.402595 -83.600242 27.288349 3822.942568 0.012054 0.100658 0.994848 0.813418 0.577655 -0.068303 -0.581555 0.810051 -0.074914
-0.006496 -19.679590 59.943472 675.807292 0.199471 0.313335 0.928457 0.850642 0.414980 -0.322800 -0.486435 0.854174 -0.183759
1.170872 -15.595803 48.077724 338.529148 0.281558 0.415812 0.864769 0.758856 0.455067 -0.465887 -0.587250 0.787410 -0.187414
2.818522 -10.283900 11.589521 170.116997 0.360086 0.505674 0.783985 0.783821 0.291745 -0.548188 -0.505928 0.811898 -0.291304
-1.589036 -49.321491 -94.094626 1912.559719 0.150780 0.026286 0.988218 -0.279529 0.959985 0.017115 -0.948224 -0.278816 0.152094
0.192555 -50.494489 -103.178787 2129.686748 0.116628 0.039732 0.992381 -0.265366 0.964119 -0.007413 -0.957068 -0.262479 0.122987
-1.151360 -50.022987 -130.617899 -936.042071 0.133294 0.024930 0.990763 -0.643446 0.762520 0.067381 -0.753797 -0.646484 0.117680
-3.684400 -49.129842 -147.049309 -1122.963698 0.171881 0.015310 0.984999 -0.671316 0.733590 0.105742 -0.720966 -0.679420 0.136368
-4.544050 -47.231833 -164.141267 1470.099179 0.172051 0.014794 0.984977 -0.335828 0.940870 0.044529 -0.926077 -0.338444 0.166846
-3.818672 -9.179177 -18.928365 34.376139 0.105099 -0.961226 -0.254950 0.981391 0.058823 0.182786 -0.160702 -0.269416 0.949521
-3.470988 -9.557602 9.529734 25.174194 0.080758 -0.945325 -0.315972 0.983748 0.024590 0.177863 -0.160368 -0.325201 0.931948
-3.936460 -8.808590 -28.736752 47.728027 0.040540 -0.960402 -0.275652 0.997991 0.025475 0.058015 -0.048696 -0.277450 0.959505
-3.418453 -9.492009 -8.735742 -12.238563 0.131131 -0.949356 -0.285532 0.950497 0.038553 0.308332 -0.281709 -0.311829 0.907415
-3.852653 -8.325203 -5.072895 71.164454 0.052305 -0.972034 -0.228940 0.998095 0.043376 0.043866 -0.032709 -0.230798 0.972452
-3.816316 -9.198290 0.893561 -13.577536 -0.135650 0.963326 0.231519 0.949504 0.059674 0.308028 -0.282916 -0.261612 0.922777
-3.884891 -8.823709 24.538761 51.369697 0.100351 -0.972083 -0.212095 0.984613 0.066374 0.161652 -0.143062 -0.225053 0.963786
-0.011403 -3.398825 17.566907 -24.387134 0.161206 0.986919 0.002090 -0.686865 0.113715 -0.717834 0.708681 -0.114284 -0.696211
0.239470 -3.860464 -2.250797 -24.660595 0.198780 0.979665 0.027242 -0.694365 0.160398 -0.701519 0.691624 -0.120532 -0.712130
0.127563 -3.352172 3.163584 3.204823 0.082526 0.992889 -0.085793 -0.665863 -0.009117 -0.746018 0.741495 -0.118692 -0.660376
0.256702 -4.121998 22.102852 -34.414511 0.233621 0.968859 0.082062 -0.720606 0.229185 -0.654371 0.652800 -0.093741 -0.751708
0.108420 -3.041676 -0.089478 17.629748 0.027596 0.988310 -0.149937 -0.667593 -0.093419 -0.738643 0.744015 -0.120481 -0.657211
-0.243817 -2.934353 9.445885 -15.747456 0.107319 0.991882 -0.068216 -0.687878 0.024537 -0.725411 0.717848 -0.124775 -0.684927
-0.216079 -3.708697 45.854827 -46.933453 0.221947 0.971843 0.079130 -0.700479 0.215373 -0.680400 0.678284 -0.095584 -0.728557
-0.367914 -7.853220 -52.382403 -35.676131 0.212410 0.975813 -0.051688 0.401569 -0.135389 -0.905766 0.890856 -0.171637 0.420615
-0.199952 -7.570471 -65.513017 -35.646541 0.228197 0.971575 -0.063001 0.492074 -0.170926 -0.853609 0.840113 -0.163790 0.517091
-0.193369 -7.508268 -35.106820 -27.924820 0.233503 0.968869 -0.082276 0.501719 -0.192533 -0.843332 0.832919 -0.155641 0.531057
-0.298741 -7.699483 -4.695787 -24.933802 0.219443 0.973820 -0.059331 0.411170 -0.147460 -0.899553 0.884751 -0.173005 0.432764
-1.372844 -2.992845 -38.942190 -25.343607 0.972604 -0.214269 0.090166 -0.229642 -0.945854 0.229400 -0.036130 0.243821 0.969147
-2.335825 -3.043525 -41.284666 -15.282040 0.819620 -0.553236 0.148841 -0.572899 -0.792935 0.207464 -0.003245 0.255312 0.966853
-1.466454 -2.357544 -34.554066 -37.506365 0.928798 -0.346292 0.131967 -0.369897 -0.887997 0.273198 -0.022580 0.302560 0.952863
-0.786498 -2.285767 -17.598875 -42.606092 0.983474 -0.157135 0.089928 -0.176353 -0.943822 0.279464 -0.040963 0.290705 0.955936
-0.553754 -2.836123 -24.494211 -22.457769 0.995480 -0.065786 0.068492 -0.079558 -0.971530 0.223161 -0.051861 0.227602 0.972372
1.381248 -4.788460 -14.703905 25.470389 0.116409 0.990656 -0.071061 -0.294063 -0.033962 -0.955183 0.948671 -0.132088 -0.287361
1.603124 -4.333212 -33.600131 13.418990 0.113893 0.983878 -0.137889 -0.400044 -0.081626 -0.912854 0.909392 -0.159129 -0.384298
0.874814 -4.442343 -74.683238 15.187456 0.136658 0.980486 -0.141323 -0.320251 -0.091273 -0.942926 0.937424 -0.174117 -0.301528
0.159455 -4.036002 -72.381812 -0.402005 0.097924 0.955889 -0.276923 -0.373869 -0.222544 -0.900387 0.922298 -0.191702 -0.335585
-0.142386 -4.292531 -92.078906 14.734296 0.143366 0.977766 -0.153037 -0.279389 -0.108358 -0.954044 0.949415 -0.179534 -0.257642
3.005125 -10.499916 44.135468 -145.713308 0.142989 -0.967815 -0.207093 0.985779 0.120602 0.117023 -0.088280 -0.220881 0.971297
3.590677 -9.132589 -68.572323 -104.558886 -0.179260 0.972005 0.151894 0.963295 0.142059 0.227776 -0.199821 -0.187150 0.961793
3.918020 -10.869138 64.632819 -195.470307 0.164870 -0.975449 -0.146003 0.981365 0.147423 0.123245 -0.098695 -0.163601 0.981577
0.056363 -20.316170 -5.791758 -308.587619 0.199636 0.963695 -0.177304 -0.047045 -0.171311 -0.984093 0.978740 -0.204802 -0.011137
-0.106725 -19.083746 -2.465675 -238.971449 0.194871 0.961405 -0.194233 -0.066302 -0.184664 -0.980563 0.978585 -0.203962 -0.027758
-0.057642 -17.399440 -4.246762 -231.663365 0.205607 0.966908 -0.151047 0.198781 -0.192390 -0.960975 0.958234 -0.167558 0.231760
-0.711714 -2.891751 -47.406305 60.763105 0.854581 -0.352800 0.381082 -0.496833 -0.769015 0.402210 -0.151158 0.533055 0.832468
0.577129 -2.225357 -76.259521 -17.407793 0.956326 -0.129398 0.262100 -0.244820 -0.844480 0.476358 -0.159698 0.519721 0.839277
-0.703498 -2.598177 -53.736381 4.525747 0.844055 -0.368994 0.389121 -0.512368 -0.769077 0.382098 -0.158272 0.521885 0.838204
-1.634123 -3.418630 -36.814482 -65.734987 0.693418 -0.552052 0.463044 0.708979 0.637389 -0.301801 -0.128530 0.537563 0.833371
-1.440001 -3.677645 -44.703207 86.581667 0.736140 -0.508684 0.446473 -0.666622 -0.659046 0.348243 -0.117100 0.553984 0.824251
3.483075 -4.294495 35.044067 -71.117541 0.975578 -0.190174 0.109912 0.096986 0.821925 0.561277 0.197080 0.536910 -0.820297
3.835560 -3.330119 103.277835 -40.774440 0.959274 -0.129079 0.251263 -0.016115 0.863038 0.504882 0.282019 0.488369 -0.825809
2.593360 -4.040539 128.283260 -48.602827 0.946012 -0.215004 0.242556 0.043148 0.825204 0.563185 0.321246 0.522314 -0.789930
0.071553 -16.895492 -1.923629 32.174976 0.246579 -0.966574 0.070242 0.966667 0.240150 -0.088789 0.068952 0.089794 0.993571
-0.077071 -17.091338 -9.328554 27.795282 -0.267600 0.961227 -0.066585 0.958438 0.272645 0.084035 -0.098931 0.041330 0.994236
0.146711 -17.565644 2.254647 -23.324264 0.254950 -0.964096 0.074289 0.964546 0.248145 -0.089856 0.068195 0.094564 0.993180
-0.287775 -17.266865 -4.834911 67.624873 -0.238533 0.968956 -0.065010 0.963988 0.244353 0.104972 -0.117599 0.037630 0.992348
0.182438 -16.853299 9.554780 45.675991 -0.225580 0.970854 -0.080971 0.944669 0.197663 -0.261782 0.238147 0.135543 0.961724
-0.072664 -16.318015 3.276429 90.428834 0.216228 -0.973999 0.067613 0.974901 0.211628 -0.069144 0.053037 0.080867 0.995313
0.311258 -15.798176 7.563690 109.618388 -0.209791 0.974677 -0.077410 0.949098 0.183981 -0.255665 0.234949 0.127106 0.963661
0.076435 -13.543261 -36.485938 60.761569 -0.088806 -0.902485 0.421466 0.925258 0.081925 0.370385 -0.368796 0.422857 0.827757
0.049380 -13.388895 -32.814148 1.367276 -0.056569 -0.903392 0.425068 0.973026 0.045488 0.226168 -0.223654 0.426396 0.876451
1.732191 -13.445028 -72.596631 6.083682 -0.040458 -0.887656 0.458726 0.918684 0.147489 0.366424 -0.392916 0.436250 0.809508
-0.004653 -15.386816 45.039428 54.791966 0.150220 0.928922 -0.338434 0.111198 0.324272 0.939406 -0.982379 0.178751 0.054582
-1.051524 -15.170526 17.549309 53.366661 0.127274 0.952556 -0.276475 0.151266 0.256840 0.954543 -0.980265 0.163310 0.111400
-0.686878 -14.527110 29.485029 68.181362 0.144948 0.934457 -0.325239 0.294221 0.273134 0.915878 -0.944682 0.228447 0.235346
0.486710 -14.645848 60.797492 59.875030 0.135422 0.902770 -0.408250 0.298191 0.355805 0.885712 -0.944851 0.241681 0.221014
-0.905159 -13.966348 25.546137 42.331445 0.134565 0.927851 -0.347829 0.452450 0.254761 0.854626 -0.881579 0.272378 0.385524
-1.521485 -13.865078 15.000342 62.047534 0.134495 0.950479 -0.280179 0.459208 0.190770 0.867603 -0.878088 0.245348 0.410810
1.470883 -11.415226 148.234428 -794.218373 -0.438952 0.891932 -0.108526 0.690903 0.257838 -0.675406 0.574434 0.371451 0.729417
2.925463 -11.760725 168.721488 -637.791776 -0.468067 0.882623 -0.043471 0.629052 0.298238 -0.717878 0.620651 0.363360 0.694811
2.755452 -6.258461 95.936612 -289.528608 -0.415734 0.905128 -0.088930 0.691519 0.251074 -0.677321 0.590734 0.343082 0.730293
1.847232 -6.699066 97.127269 -185.603970 -0.394600 0.903379 -0.167922 0.715593 0.187497 -0.672883 0.576384 0.385684 0.720438
0.478534 -11.856877 51.557925 -616.142652 -0.411848 0.901817 -0.130797 0.697318 0.219493 -0.682327 0.586625 0.372222 0.719251
0.275490 -20.293545 -6.668188 88.666464 -0.158393 0.980588 -0.115582 0.879081 0.086749 -0.468713 0.449587 0.175847 0.875756
0.688256 -19.525152 -26.494488 184.453556 -0.157214 0.980655 -0.116615 0.863191 0.079086 -0.498645 0.479776 0.179055 0.858926
0.434035 -17.942760 -12.552047 373.796406 -0.175143 0.979023 -0.104112 0.761316 0.067621 -0.644845 0.624278 0.192202 0.757189
0.091399 -19.091128 0.385004 273.921616 -0.168771 0.978796 -0.116084 0.805568 0.069111 -0.588459 0.567959 0.192828 0.800150
-0.969977 -21.620042 17.489231 3.981554 -0.444625 0.882693 -0.152187 0.104521 0.219873 0.969913 -0.889598 -0.415341 0.190021
-0.993456 -21.660991 6.914263 2.079843 -0.461209 0.874838 -0.148134 -0.063314 0.134077 0.988946 -0.885030 -0.465490 0.006448
-1.167690 -22.033434 8.443305 -7.149397 -0.461432 0.876860 -0.134894 0.154819 0.229303 0.960964 -0.873562 -0.422536 0.241563
-2.678300 -10.011937 -104.367043 85.976015 0.758658 -0.625467 -0.182286 0.433485 0.693504 -0.575451 0.486342 0.357552 0.797263
-3.539366 -10.710187 71.102195 152.730145 -0.650139 0.749898 0.122362 0.544406 0.572084 -0.613467 0.530039 0.332224 0.780183
-3.478068 -8.876997 92.511827 186.259717 -0.700614 0.699303 0.141831 0.436252 0.577095 -0.690396 0.564646 0.421826 0.709393
-2.351073 -8.893938 74.732562 142.935269 -0.749139 0.641663 0.164498 0.396149 0.633010 -0.665104 0.530902 0.433090 0.728407
-4.807509 -7.953205 83.687776 192.553894 -0.598151 0.799640 0.052832 0.492253 0.418640 -0.763170 0.632379 0.430484 0.644035
-4.076449 -7.382582 88.011076 181.126060 -0.668314 0.738887 0.086032 0.429285 0.477541 -0.766596 0.607512 0.475394 0.636341
-2.885001 -7.653055 69.429688 202.923026 -0.724182 0.678068 0.125638 0.380704 0.545008 -0.747015 0.575000 0.493143 0.652828
-7.426862 -32.756638 -134.159748 1633.038106 -0.321987 0.692723 0.645336 0.412235 -0.511044 0.754252 -0.852283 -0.508890 0.121016
-7.920552 -30.830390 -59.342431 1437.130072 -0.242864 0.725269 0.644206 0.430106 -0.514737 0.741657 -0.869498 -0.457198 0.186931
-7.674961 -49.686780 -183.539357 2064.711332 -0.314550 0.760926 0.567494 0.161138 -0.546359 0.821904 -0.935464 -0.349975 -0.049243
-6.449587 -7.099672 383.565730 -553.431477 0.278970 0.312780 0.907934 -0.661653 0.747839 -0.054329 -0.695982 -0.585581 0.415577
-2.534731 -5.856483 668.965438 -614.045410 0.336242 0.305384 0.890888 -0.632481 0.774118 -0.026644 -0.697789 -0.554511 0.453440
-7.083090 -16.795407 85.690137 1143.487031 -0.157652 0.715584 0.680504 0.618525 -0.465638 0.632936 -0.769787 -0.520693 0.369198
14.576895 -168.602232 851.612552 -4568.611244 -0.351139 0.895321 0.274048 0.755972 0.098397 0.647166 -0.552456 -0.434418 0.711388
1655.543138 -14936.939464 156447.586489 4897904.479016 -0.493078 0.869192 0.037137 0.845875 0.468996 0.254044 -0.203396 -0.156677 0.966479
94.364415 -421.741916 -4691.310041 35742.139884 0.241926 -0.952922 -0.182786 0.964347 0.256964 -0.063278 0.107269 -0.160961 0.981114
1055.981812 -1597.782194 64690.443643 -187822.181842 -0.311014 0.920210 0.237662 0.326067 -0.131573 0.936146 -0.892721 -0.368648 0.259129
0.243506 -13.124739 -16.748698 74.576779 -0.112761 0.990142 -0.083086 0.884255 0.061860 -0.462889 0.453186 0.125665 0.882514
0.066652 -14.130613 -31.824207 146.826923 -0.145001 0.987553 -0.060944 0.924273 0.113212 -0.364559 0.353121 0.109190 0.929184
0.310159 -13.019712 -17.749283 40.605310 -0.139158 0.987383 -0.075560 0.873345 0.086401 -0.479378 0.466801 0.132699 0.874350
-3.393067 -6.947720 -32.716717 5.490215 -0.086872 -0.924634 0.370818 0.988684 -0.125715 -0.081849 0.122298 0.359511 0.925092
-3.496176 -6.498090 -24.761192 -64.203965 -0.029211 -0.934845 0.353851 0.999572 -0.027789 0.009102 0.001325 0.353966 0.935257
-3.600096 -7.105400 -10.059623 -0.070740 -0.048197 -0.948863 0.311988 0.991613 -0.082954 -0.099107 0.119919 0.304595 0.944903
-3.176556 -6.365392 -45.442461 -41.816823 -0.025866 -0.914292 0.404229 0.999595 -0.028454 -0.000395 0.011863 0.404055 0.914658
-3.016837 -6.613520 -42.101688 7.063786 -0.115809 -0.900611 0.418912 0.985445 -0.157017 -0.065139 0.124441 0.405272 0.905687
-0.545585 -4.546283 -43.533107 -54.562689 -0.091533 -0.922677 0.374550 0.979718 -0.150771 -0.131989 0.178254 0.354872 0.917764
-0.720418 -3.754682 -33.447796 -68.715343 -0.043976 -0.931193 0.361863 0.994219 -0.076307 -0.075541 0.097956 0.356449 0.929165
-1.220648 -4.884617 -28.114728 -54.084332 -0.126736 -0.923826 0.361225 0.972578 -0.187324 -0.137848 0.195014 0.333849 0.922233
0.240427 -3.402855 -49.078271 -66.813105 -0.015285 -0.930046 0.367126 0.995823 -0.047215 -0.078152 0.090018 0.364398 0.926882
-1.097743 -5.456456 -32.548304 -31.503890 -0.139644 -0.916246 0.375490 0.947668 -0.233610 -0.217603 0.287096 0.325453 0.900920
-0.578097 -5.212555 -52.686659 -30.075314 -0.088111 -0.919021 0.384235 0.960006 -0.181256 -0.213389 0.265754 0.350066 0.898236
0.342473 -4.281190 -66.753216 -56.321250 -0.033589 -0.927473 0.372377 0.985857 -0.091955 -0.140105 0.164186 0.362405 0.917445
-381.599933 -3039.995479 18139.196105 338321.949978 0.806600 0.506384 0.304913 -0.564690 0.507666 0.650693 -0.174707 0.697030 -0.695433
-223.809993 -649.167875 -20926.439503 82087.898826 0.768619 -0.363014 -0.526731 0.626859 0.263214 0.733326 0.127565 0.893834 -0.429870
-307.998108 -954.564824 56236.961975 -148297.998682 0.105773 0.638813 0.762056 0.905612 -0.378407 0.191510 0.410706 0.669870 -0.618542
0.972378 -8.178301 -80.472492 -232.390989 0.704186 -0.412444 -0.577938 0.604192 -0.079442 0.792869 0.372926 0.907513 -0.193254
2.521767 -8.624458 -12.792729 -186.512040 0.741445 -0.471204 -0.477731 0.500805 -0.085259 0.861351 0.446603 0.877894 -0.172766
-0.901885 -17.474451 71.047558 -699.977331 -0.589828 0.337358 0.733684 0.711670 -0.212193 0.669701 0.381612 0.917150 -0.114930
-3.371536 -25.657065 -75.923602 -1154.616103 -0.347788 0.259816 0.900855 0.879244 -0.243232 0.409595 0.325536 0.934523 -0.143848
-2.333711 -12.203082 -4.744122 -483.869824 -0.345191 0.320198 0.882223 0.885209 -0.201259 0.419405 0.311848 0.925726 -0.213969
0.357726 -69.816238 -47.462489 3062.794476 0.637046 -0.138545 -0.758273 0.265115 0.963082 0.046765 0.723800 -0.230821 0.650258
0.436318 -75.847888 -63.044158 2330.494540 0.630213 -0.148609 -0.762067 -0.564982 -0.761017 -0.318824 0.532566 -0.631482 0.563564
-0.698733 -76.045856 -43.743648 2880.901344 0.635716 -0.158350 -0.755506 0.283364 0.958276 0.037586 0.718032 -0.237978 0.654062
-9.083901 -11.748504 127.676776 -198.205814 0.202227 0.919810 0.336233 0.953232 -0.263616 0.147835 0.224617 0.290612 -0.930103
-5.933675 -10.465514 -10.218209 -77.046289 -0.261330 0.928723 0.263020 0.939797 0.182649 0.288825 0.220198 0.322664 -0.920544
-5.193296 -9.623083 -59.894408 -71.242036 -0.447566 0.853004 0.268458 0.880510 0.367936 0.298874 0.156165 0.370146 -0.915754
-5.500924 -8.143050 54.919929 77.036205 -0.914300 0.015616 0.404737 0.138245 0.951282 0.275591 -0.380715 0.307926 -0.871916
-85.832109 -156.391266 -7313.198347 -15010.313380 0.649587 0.760224 0.009818 0.002026 0.011183 -0.999935 0.760284 -0.649565 -0.005724
-27.554800 -132.239301 -6187.283163 -7820.124588 0.763560 0.589405 -0.263775 -0.338741 0.017836 -0.940711 0.549755 -0.807641 -0.213275
9.247716 -7.325058 -711.715219 -230.582437 -0.674832 0.178892 0.715960 -0.027750 0.963336 -0.266858 -0.737449 -0.199952 -0.645126
-7.863735 -16.435778 98.546957 1703.036022 -0.111566 0.982252 0.150780 -0.345605 -0.180607 0.920836 -0.931724 -0.050624 -0.359621
12.564458 -8.875159 -986.907574 -368.041839 -0.627900 0.013290 0.778181 -0.187168 0.967933 -0.167553 -0.755454 -0.250857 -0.605277
0.859491 -2.556882 135.960934 -64.225811 -0.015277 0.989392 -0.144467 -0.729036 0.087861 0.678813 -0.684305 -0.115692 -0.719960
-0.466003 -2.452310 124.524613 -64.772801 -0.148462 0.988863 -0.010405 -0.717231 -0.100425 0.689561 -0.680837 -0.109837 -0.724153
-0.792839 -3.493305 135.564631 -58.106388 -0.086791 0.993778 -0.069801 -0.685564 -0.008742 0.727960 -0.722821 -0.111033 -0.682057
-1.052174 -2.500701 48.357899 -64.093471 -0.302781 0.945383 0.120723 -0.665521 -0.300399 0.683259 -0.682207 -0.126534 -0.720127
-1.277241 -3.422701 50.339517 -58.635950 -0.202288 0.978937 0.027617 -0.663536 -0.157745 0.731325 -0.720278 -0.129613 -0.681469
-0.189793 -5.809997 -19.276158 128.309971 -0.171889 0.428222 -0.887175 0.002400 0.900759 0.434313 0.985113 0.072525 -0.155859
-1.013583 -5.226062 113.588919 61.148199 -0.193677 0.404117 -0.893968 -0.002978 0.910975 0.412450 0.981061 0.082544 -0.175232
-2.439695 -5.861571 171.235192 39.587440 -0.183202 0.561060 -0.807247 0.078087 0.826856 0.556967 0.979969 0.039002 -0.195293
14.471696 -9.722467 1451.967842 3.928926 0.606408 0.783380 0.136330 -0.596145 0.561364 -0.574005 0.526195 -0.266809 -0.807423
11.488536 -9.227997 686.786356 43.334031 0.681182 0.724915 0.102412 -0.649314 0.662824 -0.372902 0.338203 -0.187516 -0.922202
13.803776 -9.278130 262.027885 36.964055 0.772010 0.635449 -0.014275 -0.601642 0.723324 -0.338865 0.205006 -0.270196 -0.940727
0.624773 -11.896012 -12.430152 54.719611 -0.043050 0.999058 0.005398 -0.559432 -0.028583 0.828383 -0.827757 -0.032642 -0.560136
0.658668 -10.780087 -18.029125 106.823036 -0.049211 0.998788 -0.000922 -0.336778 -0.015724 0.941453 -0.940297 -0.046640 -0.337144
1.518325 -19.605955 49.538633 208.756272 0.275776 0.896166 -0.347612 -0.801932 0.413887 0.430816 -0.529955 -0.159953 -0.832805
0.594928 -15.878402 33.862305 181.310188 0.279884 0.887928 -0.365032 -0.604367 0.458391 0.651627 -0.745926 -0.038233 -0.664931
1.782105 -18.720166 26.876144 235.179208 0.294166 0.862593 -0.411581 -0.737704 0.478719 0.476047 -0.607666 -0.163588 -0.777162
2.463593 -22.708668 26.812547 -149.911416 0.263386 0.869469 -0.417912 0.913014 -0.364557 -0.183042 -0.311502 -0.333349 -0.889857
1.654049 -19.864210 -21.150672 239.699583 0.266872 0.833338 -0.484073 -0.804049 0.469440 0.364871 -0.531304 -0.291845 -0.795325
1.099866 -15.262867 -6.223991 221.257246 0.302846 0.833523 -0.462086 -0.617450 0.540937 0.571089 -0.725975 -0.112363 -0.678479
0.297638 -5.945542 0.509146 49.508577 0.130666 -0.989152 0.067114 0.989945 0.126472 -0.063351 0.054176 0.074717 0.995732
0.553554 -3.387412 -16.645644 181.461944 -0.257979 0.964880 -0.049535 0.954434 0.246555 -0.168129 0.150011 0.090652 0.984520
0.474669 -3.328731 -6.281515 226.231400 -0.220952 0.973960 -0.050810 0.959971 0.207992 -0.187602 0.172149 0.090228 0.980930
2.639359 -10.243929 -223.380749 235.748968 0.177713 0.916088 -0.359446 -0.884565 0.308764 0.349583 -0.431233 -0.255828 -0.865211
2.140130 -8.394744 -174.352584 74.641795 0.195981 0.903241 -0.381769 -0.845847 0.352679 0.400200 -0.496119 -0.244487 -0.833122
0.755664 -9.268592 -86.735723 68.350552 0.140839 0.928354 -0.343982 -0.875794 0.278849 0.393989 -0.461681 -0.245769 -0.852320
2.863188 -21.940241 44.221910 -638.863815 -0.002240 0.895483 -0.445089 0.977572 -0.091770 -0.189555 -0.210589 -0.435531 -0.875194
2.855534 -34.186288 94.207049 -1228.295879 -0.039150 0.898580 -0.437059 0.999230 0.034114 -0.019371 -0.002496 -0.437481 -0.899224
2.053309 -21.941968 59.351133 -591.673049 -0.009636 0.912209 -0.409612 0.980782 -0.071207 -0.181649 -0.194869 -0.403490 -0.893992
6.367632 -33.359076 180.202668 -1267.316612 0.036214 0.879377 -0.474747 0.999116 -0.041997 -0.001577 -0.021325 -0.474270 -0.880121
4.532766 -20.497993 63.267490 -615.805539 0.083357 0.861645 -0.500619 0.970771 -0.183675 -0.154493 -0.225069 -0.473108 -0.851770
28.686071 0.657328 -825.580787 76.867326 0.907234 -0.372040 0.196244 0.064478 -0.338033 -0.938923 -0.415654 -0.864477 0.282687
19.497305 -0.625467 -569.690674 115.143268 0.924844 -0.354181 0.138635 -0.005088 -0.375985 -0.926612 -0.380313 -0.856266 0.349530
11.945417 -3.361934 51.921260 112.821446 0.999797 0.013505 0.014985 0.019349 -0.431932 -0.901699 0.005705 -0.901805 0.432106
17.127717 -2.843939 551.983948 147.706602 0.924400 0.364965 -0.110839 0.058717 -0.423291 -0.904089 0.376878 -0.829232 0.412720
0.657850 -14.093904 29.099928 -65.313888 0.101625 0.958572 -0.266106 0.786332 0.086455 0.611725 -0.609389 0.271414 0.744970
0.456660 -14.407456 22.613580 21.180438 0.090639 0.958918 -0.268813 0.675399 0.139175 0.724201 -0.731861 0.247197 0.635038
1.353834 -21.834546 85.230177 -288.627879 0.034127 0.932995 -0.358269 -0.353911 -0.323967 -0.877378 0.934656 -0.156738 -0.319141
0.213577 -24.735952 63.045792 -211.055131 0.071234 0.964788 -0.253198 -0.349036 -0.213684 -0.912421 0.934398 -0.153371 -0.321524
-7.937240 -16.991503 -37.957536 457.337903 0.174217 0.983503 -0.048686 0.844546 -0.174660 -0.506197 0.506350 -0.047070 0.861042
-6.879525 -14.848001 -24.613655 74.506452 0.108739 0.994027 -0.009302 0.793248 -0.092408 -0.601845 0.599110 -0.058065 0.798558
-6.592466 -16.081589 180.794859 278.558924 0.143597 0.975722 -0.165364 0.804730 -0.212383 -0.554349 0.576011 0.053471 0.815691
-6.813247 -15.600777 -149.635942 205.289796 0.071153 0.990528 0.117437 0.858988 -0.001002 -0.511994 0.507027 -0.137307 0.850923
-7.054071 -18.059463 268.953249 641.431437 0.174062 0.962169 -0.209600 0.849161 -0.254436 -0.462804 0.498626 0.097428 0.861324
-8.558779 -19.019683 -239.247653 461.623369 0.201924 0.975866 0.083136 0.903678 -0.152912 -0.399980 0.377615 -0.155894 0.912745
-10.807850 -22.222041 -207.359296 776.702589 0.272407 0.962135 -0.009523 0.895961 -0.257255 -0.362042 0.350783 -0.090091 0.932113
-9.152574 -21.133730 200.303703 758.219642 0.211581 0.968406 -0.131997 0.885990 -0.247061 -0.392406 0.412620 0.033922 0.910272
2.353615 -0.529957 20.607118 82.636050 0.300057 -0.925871 0.229625 0.953907 0.292544 -0.066928 -0.005208 0.239123 0.970975
2.181366 -1.162348 43.893601 73.873406 0.393912 -0.908908 0.136815 0.918968 0.386507 -0.078162 0.018162 0.156518 0.987508
2.021941 -2.113822 55.283838 25.459148 0.296525 -0.947015 0.123434 0.954910 0.296011 -0.022912 -0.014840 0.124662 0.992088
-1.556201 -6.054451 100.439778 65.048739 0.023203 0.992340 0.121337 0.087162 -0.122915 0.988582 -0.995924 0.012362 0.089347
-2.895931 -5.011106 67.608151 160.437359 0.027792 0.937277 0.347475 0.092155 -0.348531 0.932756 -0.995357 -0.006099 0.096061
-0.429483 -7.691561 67.151033 276.486675 0.026724 0.983387 0.179541 0.051289 -0.180718 0.982197 -0.998326 0.017040 0.055267
-2.821345 -6.442370 158.267707 -312.011443 -0.020255 0.995909 -0.088060 0.122704 0.089888 0.988364 -0.992237 -0.009214 0.124022
-1.353865 -8.003241 136.134420 -403.257175 0.002952 0.998167 -0.060455 0.122288 0.059641 0.990701 -0.992490 0.010317 0.121888
-0.481450 -7.114308 88.847156 -14.259523 0.021897 0.997550 0.066446 0.089340 -0.068148 0.993667 -0.995761 0.015822 0.090613
-17.670816 -495.621014 62.282733 -83827.390171 -0.322657 0.929617 0.178058 -0.820701 -0.368490 0.436653 -0.471533 0.005244 -0.881833
-63.919194 -648.238463 -697.558193 26336.647689 -0.097034 0.989310 0.108856 -0.832401 -0.140624 0.536035 -0.545612 0.038598 -0.837148
-28.785203 -473.697727 848.122582 69824.666244 -0.237440 0.959034 0.154519 0.968428 0.221260 0.114857 0.075963 0.176912 -0.981291
-32.330347 -472.729588 -414.934587 12477.342311 -0.052436 0.977810 0.202827 -0.855057 0.060960 -0.514938 0.515876 0.200430 -0.832886
-38.246926 -714.180067 1932.938787 -82618.083256 0.007300 0.999969 -0.002944 -0.202071 -0.001408 -0.979370 0.979344 -0.007744 -0.202054
1.882700 -6.107561 -48.073932 -5.672189 -0.097111 0.963634 -0.248957 -0.308235 0.208722 0.928131 -0.946341 -0.166868 -0.276756
