14419
28827
-4.306314 -5.958039 24.780593 -104.287581 -0.341926 0.939411 0.024351 0.871465 0.307286 0.382261 -0.351617 -0.151926 0.923734
-4.558022 -6.567411 36.055873 -56.319665 -0.084419 -0.965363 -0.246876 0.975822 -0.130225 0.175536 -0.201606 -0.226088 0.953016
-4.972598 -7.699069 3.466824 -132.198405 -0.433496 0.898631 0.067400 0.874326 0.401297 0.272972 -0.218254 -0.177262 0.959658
-3.980854 -5.502565 -18.129295 -43.107560 0.442206 0.823656 0.355027 0.843558 -0.516418 0.147382 -0.304735 -0.234313 0.923165
-2.975342 -7.898139 82.572122 -132.281283 -0.440308 0.893159 -0.091625 0.853474 0.448047 0.266151 -0.278767 -0.038989 0.959567
-2.534643 -6.015348 58.299900 -140.032397 -0.336093 0.938124 -0.083455 0.836801 0.338103 0.430640 -0.432210 -0.074900 0.898657
-3.012016 -4.192672 7.152471 -44.328178 0.101540 0.981812 0.160419 0.889832 -0.161740 0.426661 -0.444847 -0.099423 0.890071
-3.492007 -4.557388 -24.175565 -37.712287 0.567299 0.725217 0.390168 0.716642 -0.668165 0.199950 -0.405704 -0.166180 0.898771
-2.159574 -7.140866 388.880184 -96.737783 0.064684 0.924350 -0.376022 0.934574 -0.188213 -0.301905 0.349838 0.331892 0.876048
-3.292836 -6.648262 -477.969443 -64.453142 -0.162875 -0.881443 0.443317 0.944046 -0.269830 -0.189657 0.286792 0.387621 0.876071
-5.668634 -7.301967 86.166232 -3.357920 0.011464 0.993718 -0.111328 0.917829 -0.054639 -0.393197 0.396810 0.097672 0.912689
4.742984 -8.082108 -626.034005 -161.966033 -0.026953 -0.881473 0.471464 0.978246 -0.120304 -0.169002 0.205690 0.456652 0.865540
-3.556898 -8.035501 144.255821 0.656453 -0.058216 0.995446 -0.075482 0.846736 0.009184 -0.531933 0.528818 0.094881 0.843415
-6.001972 -6.621658 -16.403375 -2.108593 -0.390532 0.267799 -0.880777 0.894982 -0.113647 -0.431384 -0.215622 -0.956749 -0.195292
-6.320826 -6.558675 -21.659083 9.332733 -0.200184 0.257624 -0.945281 0.927545 -0.260926 -0.267540 -0.315573 -0.930348 -0.186724
-6.145964 -6.545666 -7.128932 -10.284426 -0.235063 0.413749 -0.879521 0.924077 -0.185439 -0.334207 -0.301376 -0.891305 -0.338746
-5.949832 -6.528833 5.197150 0.302352 0.189524 0.390848 -0.900732 0.965087 -0.243072 0.097591 -0.180799 -0.887781 -0.423270
-6.120771 -6.633613 -20.624775 14.592325 -0.084491 0.310839 -0.946700 0.992041 -0.062776 -0.109150 -0.093358 -0.948387 -0.303061
-5.973259 -6.497287 23.344706 -22.701063 0.085179 0.532202 -0.842322 0.953832 -0.287924 -0.085463 -0.288008 -0.796154 -0.532156
-6.007258 -6.427980 30.900952 6.250022 -0.400486 0.622298 -0.672574 0.801427 -0.117952 -0.586347 -0.444214 -0.773843 -0.451488
-0.039255 -4.113970 -40.304873 7.890308 -0.156539 0.986465 -0.048811 0.305017 0.095289 0.947568 -0.939393 -0.133443 0.315805
-0.590818 -4.213354 -35.598251 4.869716 -0.151434 0.987217 -0.049695 0.212688 0.081640 0.973703 -0.965314 -0.136882 0.222333
0.333911 -4.290124 -33.820763 2.381586 -0.155521 0.985803 -0.063295 0.194556 0.093387 0.976436 -0.968484 -0.139542 0.206318
0.353058 -4.814528 -42.945474 5.442987 -0.242941 0.968169 0.060237 -0.752361 -0.227258 0.618310 -0.612317 -0.104893 -0.783623
0.951692 -4.603305 -58.332148 7.936913 -0.219132 0.975360 0.025593 -0.696680 -0.174778 0.695766 -0.683095 -0.134634 -0.717813
-0.223154 -4.917861 -45.950716 3.370666 -0.240986 0.969299 0.048837 -0.668607 -0.202282 0.715574 -0.703484 -0.139790 -0.696827
-0.700861 -4.980201 -33.431837 0.372636 -0.258122 0.962500 0.083462 -0.754954 -0.254858 0.604229 -0.602841 -0.092955 -0.792428
-0.100562 -4.809645 -28.684686 -3.662761 -0.259524 0.961836 0.086711 -0.825935 -0.267589 0.496214 -0.500479 -0.057162 -0.863859
0.924699 -4.670843 -40.164788 4.362452 -0.237274 0.969528 0.060965 -0.809884 -0.232080 0.538728 -0.536460 -0.078452 -0.840271
0.153805 -4.085130 -14.818113 -18.367508 -0.240861 0.965860 0.095399 -0.948614 -0.255059 0.187288 -0.205227 0.045386 -0.977662
-0.164602 -4.389447 -17.176362 -20.237641 -0.248751 0.964157 0.092326 -0.925823 -0.264696 0.269794 -0.284562 0.018366 -0.958482
-0.101247 -4.008840 -5.400076 -17.537270 -0.182224 0.979653 0.084104 -0.955581 -0.196598 0.219579 -0.231646 0.040355 -0.971963
0.219449 -4.534484 -20.788960 -17.362644 -0.275180 0.955851 0.103081 -0.909561 -0.293573 0.294130 -0.311406 0.012820 -0.950190
0.130988 -3.557068 -8.281213 -19.731346 -0.162663 0.983653 0.077245 -0.978312 -0.170964 0.116948 -0.128243 0.056546 -0.990129
0.627405 -4.071321 -10.732534 -16.513703 -0.223452 0.968238 0.112178 -0.964350 -0.236346 0.119038 -0.141770 0.081579 -0.986532
0.559450 -4.336943 -15.673093 -13.948269 -0.266452 0.957265 0.112458 -0.931257 -0.285768 0.226046 -0.248523 0.044497 -0.967603
0.390697 -3.668523 -16.060014 -20.942642 -0.203995 0.975020 0.087875 -0.972458 -0.212157 0.096509 -0.112741 0.065768 -0.991445
-0.494610 -6.077382 -1.323390 -21.441187 -0.147130 0.989064 -0.010264 0.523045 0.086606 0.847893 -0.839510 -0.119382 0.530067
-0.642856 -6.573370 -9.279806 -24.193837 -0.146274 0.988768 -0.030696 0.569288 0.109514 0.814811 -0.809021 -0.101711 0.578913
-0.612585 -5.642789 -9.156003 -14.258516 -0.130727 0.991402 -0.005625 0.470968 0.067093 0.879595 -0.872410 -0.112338 0.475689
-0.184876 -6.275811 -12.686448 -33.393827 -0.208362 0.975064 -0.076387 0.314459 -0.007167 -0.949244 0.926121 0.221807 0.305124
-0.338966 -5.538814 -3.050636 -22.410476 -0.213842 0.972012 -0.097286 0.444817 0.008223 -0.895584 0.869718 0.234788 0.434125
-0.226054 -5.787382 -9.527078 -11.474409 -0.208648 0.975681 -0.067180 0.368229 0.014738 -0.929618 0.906020 0.218701 0.362349
-0.322751 -5.273328 -3.832746 -1.509740 -0.213038 0.973553 -0.082514 0.511196 0.039093 -0.858575 0.832643 0.225090 0.506005
-0.426786 -8.414388 4.561076 19.865441 -0.043683 0.998986 -0.010856 0.099211 0.015150 0.994951 -0.994107 -0.042385 0.099772
-0.460233 -8.963341 5.763437 52.534318 -0.040253 0.998967 0.021079 -0.107268 -0.025295 0.993908 -0.993415 -0.037747 -0.108176
-0.652008 -8.026332 10.941200 29.375011 -0.044733 0.998987 -0.004930 0.025844 0.006091 0.999647 -0.998665 -0.044590 0.026090
-0.284272 -8.500207 8.282993 32.901908 -0.029077 0.999566 -0.004743 0.015997 0.005210 0.999858 -0.999449 -0.028997 0.016142
-0.606691 -8.087321 3.232930 -22.633297 -0.057348 0.997880 -0.030760 0.209559 0.042156 0.976887 -0.976113 -0.049577 0.211532
-0.283712 -8.532280 8.954359 -28.063433 -0.031138 0.998941 -0.033863 0.166594 0.038592 0.985270 -0.985534 -0.025038 0.167619
-0.437787 -8.958141 2.608218 -54.092577 -0.052538 0.997430 -0.048714 0.251991 0.060444 0.965840 -0.966302 -0.038468 0.254519
-1.096374 -3.821729 -15.302500 -12.575466 0.899335 -0.395727 -0.186000 0.257711 0.823346 -0.505655 -0.353244 -0.406819 -0.842447
-1.346765 -3.778041 -7.735803 5.878114 0.933423 -0.305337 -0.188391 0.209217 0.889806 -0.405554 -0.291461 -0.339139 -0.894447
-1.521499 -3.937630 -11.217507 -0.568476 0.923889 -0.337001 -0.181270 0.200208 0.829404 -0.521542 -0.326106 -0.445555 -0.833748
-0.942327 -3.949756 -9.579589 -6.945696 0.906764 -0.378837 -0.185098 0.276914 0.866121 -0.416117 -0.317958 -0.326064 -0.890273
-0.605655 -4.039879 23.485382 -28.740459 -0.876280 0.438417 0.199809 0.297014 0.818090 -0.492454 -0.379362 -0.372181 -0.847093
-0.048788 -4.076553 11.358843 35.049457 -0.066863 0.996738 0.045205 0.966963 0.053563 0.249225 -0.245991 -0.060376 0.967390
-0.193459 -4.120796 16.510754 21.834075 0.021798 0.997654 0.064902 0.951280 -0.040668 0.305636 -0.307558 -0.055077 0.949934
-0.513658 -3.369551 16.479980 37.207016 -0.031728 0.998470 0.045278 0.983519 0.023121 0.179321 -0.177999 -0.050221 0.982748
-0.247872 -3.827434 69.796202 -16.500222 0.020787 0.971213 -0.237305 0.561882 0.184977 0.806270 -0.826956 0.150097 0.541862
-1.573562 -4.323746 74.349855 -27.522631 0.103153 0.988707 -0.108710 0.600378 0.025248 0.799318 -0.793036 0.147719 0.590993
-0.011308 -4.113054 85.392055 -14.109783 0.083451 0.979115 -0.185389 0.643460 0.089111 0.760275 -0.760917 0.182736 0.622586
1.610801 -3.159575 52.401485 -23.632463 0.978721 -0.033220 0.202489 0.117743 -0.717267 -0.686779 -0.168053 -0.696006 0.698093
2.226059 -2.217682 0.850088 -12.440476 0.949048 -0.062445 0.308882 0.170086 -0.723644 -0.668888 -0.265289 -0.687343 0.676152
1.941423 -2.279871 8.837985 -3.595585 0.922585 0.073117 0.378802 0.298745 -0.756672 -0.581549 -0.244108 -0.649694 0.719937
1.710730 -1.711806 -40.847991 -1.190827 0.867341 0.086364 0.490164 0.367415 -0.775444 -0.513510 -0.335746 -0.625482 0.704306
1.960267 -2.200078 10.282061 2.585508 0.856378 0.216072 0.468966 0.441509 -0.777367 -0.448073 -0.267743 -0.590773 0.761118
0.762422 -17.365858 -42.142770 -109.876946 -0.324484 0.945134 -0.037852 -0.640366 -0.248951 -0.726605 0.696162 0.211532 -0.686012
0.549787 -16.048935 -46.284634 -47.505960 -0.312889 0.949208 -0.033236 -0.421552 -0.170144 -0.890699 0.851114 0.264680 -0.453376
1.083143 -16.077057 -9.787051 -1.380517 -0.358526 0.933498 -0.006287 -0.513954 -0.203006 -0.833451 0.779301 0.295583 -0.552558
0.995842 -17.015605 -5.732915 -54.091860 -0.362386 0.931912 -0.014715 -0.705769 -0.284691 -0.648723 0.608742 0.224703 -0.760882
-0.621018 -182.354764 4.595959 -7270.934991 -0.449365 0.881127 0.147264 -0.277151 0.019208 -0.960634 0.849269 0.472490 -0.235574
8.922470 -1014.339655 245.984305 -73773.750273 -0.377638 0.900025 0.217587 -0.738278 -0.150837 -0.657414 0.558869 0.408905 -0.721431
-4.742007 -69.902333 -157.418279 -2245.659008 -0.474922 0.873257 0.108959 -0.062447 0.090059 -0.993977 0.877810 0.478865 -0.011761
-3.058318 -166.283057 5.712711 4084.519563 -0.445184 0.887926 0.115751 -0.816867 -0.349761 -0.458689 0.366797 0.298755 -0.881025
11.243468 -232.924862 389.353385 -8828.387265 -0.524083 0.759887 0.384589 0.055983 0.481332 -0.874749 0.849825 0.436911 0.294799
-322.162439 -522.676834 -9668.526645 -30392.391987 0.555900 0.824054 0.109133 0.545462 -0.460690 0.700169 -0.627253 0.329696 0.705588
-80.162838 -343.470920 -2615.972679 10044.138405 -0.546938 -0.158312 0.822068 0.811436 -0.341856 0.474031 0.205984 0.926322 0.315434
-62.965860 -366.411880 -1728.597525 -6001.694647 0.000886 0.170165 0.985415 0.417099 0.895543 -0.155020 -0.908861 0.411153 -0.070182
3.288505 -1.444990 -9.960999 8.645204 0.995790 0.084719 0.035009 -0.069849 0.948585 -0.308718 0.059363 -0.304973 -0.950509
2.371262 -1.872060 -23.210291 13.720300 0.995924 0.089202 -0.013387 -0.088247 0.932850 -0.349289 0.018669 -0.349047 -0.936919
2.604650 -1.811357 29.872221 12.289767 0.985838 0.061426 0.156045 -0.006026 0.942878 -0.333083 0.167591 -0.327426 -0.929895
-4.156322 -6.313645 -55.220359 -22.842746 0.817157 -0.518164 0.252509 0.543616 0.838442 -0.038686 -0.191668 0.168881 0.966821
-4.868902 -6.058393 31.689321 -18.393910 0.921366 -0.385475 0.049946 -0.387486 -0.900748 0.196235 0.030655 0.200157 0.979284
-4.121811 -6.580462 -38.055384 -25.586296 0.900694 -0.381721 0.207460 -0.427648 -0.863168 0.268438 -0.076604 0.330500 0.940692
-13.240876 -91.408636 624.203001 1964.696302 0.666343 0.035830 -0.744784 -0.394881 0.864235 -0.311715 0.632501 0.501810 0.590025
9.967546 -86.593197 -609.264383 2664.447555 -0.450913 -0.689450 -0.566866 0.803233 -0.036494 -0.594546 0.389222 -0.723414 0.570244
7.828418 -487.314781 -702.759705 27161.790449 0.871684 -0.112121 0.477070 0.207851 0.966167 -0.152709 -0.443807 0.232273 0.865497
-6.380995 -56.935366 -57.614881 572.487618 -0.257134 -0.404473 -0.877658 0.960443 -0.207440 -0.185788 -0.106915 -0.890713 0.441814
-0.208199 -29.822548 150.198071 -757.242123 0.810580 -0.080235 0.580106 -0.567933 -0.349368 0.745248 -0.142875 0.933544 0.328759
-11.014037 -28.690800 -163.093768 -1125.343719 -0.050201 -0.367342 0.928730 0.980138 0.160511 0.116468 -0.191855 0.916131 0.351989
-38.962323 -45.861328 -1172.252481 1243.165919 0.004925 0.979763 -0.200099 -0.730870 0.140097 0.667983 -0.682499 -0.142956 -0.716770
-23.485262 -32.398074 60.885406 -659.066724 -0.719971 0.604020 0.341763 0.562584 0.796315 -0.222218 -0.406375 0.032280 -0.913136
-14.931209 -67.634824 -404.488653 1885.709670 -0.253193 0.961615 -0.105783 -0.883141 -0.185115 0.431039 -0.394912 -0.202557 -0.896111
-9.500020 -48.305544 -369.307374 1524.745175 -0.213908 0.950754 -0.224299 -0.733360 -0.004615 0.679824 -0.645311 -0.309912 -0.698233
-12.523431 -13.265923 -487.498985 257.825347 -0.048739 0.906958 -0.418393 -0.648031 0.290044 0.704223 -0.760053 -0.305455 -0.573600
-4.597341 -7.108745 20.944639 -16.461308 0.201541 0.956728 0.209886 0.585603 0.054070 -0.808793 0.785143 -0.285915 0.549366
-4.375498 -6.903670 23.456413 2.135383 0.203431 0.956828 0.207595 0.423962 0.105033 -0.899569 0.882537 -0.271013 0.384292
-5.256092 -7.010226 -34.638837 -16.220165 0.177149 0.979152 0.099399 0.467902 0.005062 -0.883766 0.865844 -0.203067 0.457250
-6.507823 -7.491369 -18.700145 -99.022531 0.409033 0.637268 -0.653132 -0.179862 0.758008 0.626955 0.894618 -0.138972 0.424671
-6.109588 -6.708474 -9.510139 -42.285657 -0.300413 0.730999 0.612693 0.514285 0.665130 -0.541400 0.803283 -0.152455 0.575755
-5.272503 -6.866592 -34.742411 -15.087807 0.142834 0.973163 0.180424 0.645372 0.046634 -0.762444 0.750396 -0.225343 0.621391
-5.480433 -5.510547 19.276288 0.251600 0.522518 0.849416 -0.073948 -0.703118 0.380211 -0.600887 0.482287 -0.365968 -0.795906
-5.076152 -5.759068 -29.570814 10.472378 -0.810755 -0.197838 -0.550941 0.101075 0.879713 -0.464638 0.576593 -0.432395 -0.693235
-5.591005 -5.800758 29.934926 10.429848 0.855046 0.086367 0.511309 0.188679 0.866628 -0.461906 0.483008 -0.491424 -0.724711
-4.939234 -5.347910 -24.523775 16.348209 -0.793941 -0.415476 -0.443889 -0.185512 0.860813 -0.473905 0.579002 -0.293905 -0.760511
-5.699035 -5.967407 23.108209 15.771904 -0.053644 0.864017 -0.500596 0.929574 0.226310 0.290992 0.364712 -0.449731 -0.815308
-4.943815 -5.361540 27.752457 -22.950222 -0.170793 0.918300 -0.357148 -0.863709 -0.313971 -0.394245 0.474170 -0.241137 -0.846768
-5.195579 -5.897775 25.219589 -23.803844 -0.188204 0.888287 -0.418959 -0.909846 -0.318317 -0.266185 0.369810 -0.331091 -0.868112
1.826410 -4.811247 -6.766982 -88.278951 0.847672 0.515841 0.123936 0.372828 -0.413027 -0.830908 0.377427 -0.750544 0.542431
1.563665 -3.337791 18.421692 -52.436255 0.846974 0.531135 0.023045 0.316848 -0.469506 -0.824119 0.426899 -0.705309 0.565948
1.468363 -5.421087 22.573469 -115.043939 0.815674 0.571549 0.089492 0.367569 -0.392560 -0.843083 0.446732 -0.720575 0.530285
1.220421 -7.801950 6.200254 -114.683383 0.812999 0.559790 0.160212 0.355161 -0.258720 -0.898290 0.461403 -0.787210 0.409155
1.417114 -6.529871 -34.802257 -96.792615 0.847496 0.488372 0.207951 0.405299 -0.342408 -0.847638 0.342758 -0.802652 0.488126
1.681538 -4.042534 -33.660563 -59.092440 0.895276 0.432962 0.105003 0.341541 -0.515668 -0.785771 0.286062 -0.739345 0.609539
-0.864452 -4.108422 -10.892935 12.237792 0.735567 0.593611 -0.326447 -0.671289 0.573819 -0.469151 0.091172 -0.564232 -0.820567
-1.173382 -4.324888 -3.017238 8.989375 0.702924 0.637185 -0.316059 -0.695117 0.521268 -0.495067 0.150697 -0.567693 -0.809330
-1.083272 -4.454860 -20.622473 -6.968120 0.723041 0.604121 -0.335036 -0.665015 0.477424 -0.574300 0.186992 -0.638047 -0.746947
-0.799625 -4.325545 -23.428515 -8.024895 0.732688 0.583034 -0.351055 -0.663119 0.495551 -0.560983 0.153106 -0.643817 -0.749706
-0.875527 -4.849983 -25.428855 10.581576 0.727951 0.592117 -0.345665 -0.647328 0.427403 -0.631104 0.225949 -0.683172 -0.694423
-1.332304 -4.181036 24.181323 -26.258253 -0.234371 0.970274 -0.060320 0.966328 0.225740 -0.123495 0.106208 0.087233 0.990510
-0.615978 -3.744071 -39.952724 -15.647141 0.254436 -0.961484 0.103973 0.960406 0.238595 -0.143850 0.113502 0.136457 0.984122
-1.051126 -3.083532 -19.576708 -56.661823 0.307855 -0.949934 0.053397 0.951372 0.307988 -0.005932 -0.010811 0.052627 0.998556
-1.268308 -3.375739 -2.884843 -76.765623 -0.201326 0.979475 -0.009849 0.979154 0.201516 0.025483 -0.026944 0.004513 0.999627
-1.542754 -4.505956 -5.667415 -28.409156 -0.142150 0.989844 0.001592 0.981086 0.141105 -0.132515 0.131394 0.017275 0.991180
-0.057523 -5.878207 -5.900662 8.153527 0.087865 0.978715 0.185466 -0.502253 -0.117260 0.856733 -0.860245 0.168428 -0.481259
-0.295310 -5.479297 -2.044310 16.325796 0.104757 0.981057 0.162953 -0.364623 -0.114556 0.924082 -0.925244 0.156220 -0.345715
-0.227918 -5.864213 0.480327 3.662333 0.110184 0.981986 0.153501 -0.480290 -0.082607 0.873211 -0.870162 0.169939 -0.462536
1.257622 -6.890149 3.829495 30.515537 0.054489 0.996144 0.068767 -0.983836 0.041795 0.174127 -0.170581 0.077143 -0.982319
1.535789 -7.074869 2.902339 -52.346618 0.024846 0.993967 0.106825 0.996574 -0.016195 -0.081104 -0.078885 0.108474 -0.990964
1.063446 -6.780993 3.239060 -19.666039 0.008527 0.992822 0.119297 -0.978717 -0.016176 0.204576 -0.205037 0.118503 -0.971554
1.315893 -7.326546 -1.546790 -2.103614 -0.022943 0.989483 0.142815 -0.989336 -0.043024 0.139150 -0.143831 0.138100 -0.979919
1.011915 -7.645481 -4.515768 -48.136723 -0.043847 0.988846 0.142342 -0.953739 -0.083849 0.288705 -0.297420 0.123098 -0.946778
0.735867 -7.506560 -7.323231 -75.062237 -0.019439 0.993233 0.114502 -0.944363 -0.055849 0.324129 -0.328330 0.101831 -0.939058
0.629123 -4.163147 3.715956 6.560140 0.209959 0.968606 0.133116 0.533630 -0.227611 0.814514 -0.819241 0.099980 0.564666
0.473237 -4.276033 15.170985 13.276074 0.233222 0.966372 0.108319 0.554533 -0.223673 0.801539 -0.798812 0.126870 0.588050
0.618222 -4.074708 2.469213 0.652615 0.217021 0.966909 0.134121 0.631112 -0.243796 0.736384 -0.744715 0.075165 0.663137
0.024801 -3.782994 2.800580 24.619090 -0.187005 0.964377 0.187102 0.966814 0.146928 0.209004 0.174068 0.219977 -0.959849
0.170230 -3.847750 -1.141195 -19.899338 -0.220414 0.960086 0.172202 -0.943618 -0.165177 -0.286884 0.246989 0.225726 -0.942361
0.108698 -3.325968 4.447840 -13.589132 -0.279216 0.945290 0.168719 -0.925452 -0.218058 -0.309822 0.256081 0.242648 -0.935705
0.037248 -3.265672 2.292667 15.958519 -0.265390 0.948169 0.174765 0.941325 0.215616 0.259647 0.208507 0.233419 -0.949758
-0.107182 -12.207873 10.606233 47.123256 0.088032 0.995802 0.025084 0.552633 -0.027872 -0.832958 0.828762 -0.087189 0.552767
-0.651021 -13.902569 -6.552048 112.604240 0.107218 0.994013 0.021011 0.730397 -0.064411 -0.679979 0.674555 -0.088252 0.732930
-0.215905 -12.127476 -7.922034 73.449634 0.074194 0.994786 0.069970 0.572923 0.014909 -0.819473 0.816244 -0.100887 0.568830
0.217356 -10.917661 -2.430463 -15.315071 0.039564 0.993167 0.109788 0.367692 0.087694 -0.925804 0.929106 -0.076997 0.361710
0.129375 -11.156286 3.293160 0.557221 0.058914 0.994191 0.090079 0.403206 0.058849 -0.913215 0.913211 -0.090122 0.397397
0.291700 -13.649325 8.275500 -1.504691 0.139453 0.973803 0.179611 0.989659 -0.130912 -0.058619 -0.033571 0.185928 -0.981990
0.505523 -14.609978 12.602030 0.905201 0.144078 0.973636 0.176848 -0.955769 0.090609 0.279815 -0.256414 0.209341 -0.943625
0.553712 -14.456095 10.480007 -48.697269 0.115321 0.979341 0.166112 0.992742 -0.107883 -0.053155 -0.034136 0.171036 -0.984673
-1.777609 -8.083092 4.657824 5.342245 -0.129254 0.990184 -0.053189 -0.990109 -0.131824 -0.048021 0.054561 -0.046456 -0.997429
-1.607985 -8.748936 8.005472 14.276631 -0.123189 0.992339 -0.009330 -0.975670 -0.122827 -0.181609 0.181364 0.013269 -0.983327
-1.765898 -8.383580 4.317357 27.094360 -0.118537 0.990819 -0.065015 -0.964955 -0.130385 -0.227730 0.234117 -0.035742 -0.971551
0.736259 -8.641060 -4.109608 23.393622 -0.008582 0.986135 0.165725 -0.495552 -0.148143 0.855851 -0.868536 0.074781 -0.489953
0.681299 -7.558331 -0.292799 23.708691 0.030977 0.987024 0.157557 -0.338796 -0.137932 0.930694 -0.940350 0.082210 -0.330127
0.588912 -7.972043 -4.178492 35.797788 0.008353 0.993960 0.109427 -0.270381 -0.103110 0.957216 -0.962717 0.037582 -0.267886
0.520897 -8.918949 0.988529 38.045725 0.013067 0.995421 0.094687 -0.320988 -0.085508 0.943215 -0.946993 0.042718 -0.318401
0.694822 -8.709581 -0.958193 15.642608 -0.008778 0.990160 0.139663 -0.447326 -0.128802 0.885048 -0.894328 0.054706 -0.444055
0.237556 -14.552622 -32.573233 -48.283126 0.049561 0.993456 0.102900 -0.532768 -0.060848 0.844071 -0.844809 0.096654 -0.526266
0.547458 -13.696148 -33.398478 -35.451174 0.041557 0.993499 0.105982 -0.311995 -0.087866 0.946012 -0.949175 0.072380 -0.306315
-0.232032 -14.985420 -51.860925 -89.363562 0.033962 0.996250 0.079573 -0.263478 -0.067877 0.962274 -0.964067 0.053647 -0.260185
0.963608 -13.737138 -7.872467 -6.101547 0.077738 0.988218 0.131838 -0.467513 -0.080663 0.880298 -0.880561 0.130068 -0.455735
1.125176 -14.862651 -19.814962 53.602059 0.075502 0.989644 0.122086 -0.652230 -0.043597 0.756766 -0.754251 0.136765 -0.642184
0.563679 -14.783112 -32.328468 72.675937 0.061915 0.993483 0.095703 -0.725182 -0.021104 0.688234 -0.685768 0.112014 -0.719149
-0.439011 -13.975162 -50.656815 58.115532 0.046461 0.994647 0.092298 -0.655456 -0.039370 0.754206 -0.753803 0.095538 -0.650118
-0.276374 -20.066612 6.860719 91.374743 0.358221 0.863964 0.353897 0.154971 -0.428817 0.890000 -0.920685 0.263973 0.287501
0.134808 -21.453297 13.075833 185.686007 0.386177 0.846399 0.366710 0.181150 -0.459397 0.869563 -0.904462 0.269376 0.330733
-0.318233 -19.116972 23.801106 93.976898 0.390351 0.843294 0.369434 -0.007458 -0.398359 0.917199 -0.920636 0.360785 0.149210
-3.992193 -5.546987 15.496939 -54.953850 0.634145 0.728953 -0.257852 0.578517 -0.668563 -0.467270 0.513008 -0.147146 0.845678
-2.890311 -4.798666 -89.579845 0.363549 0.891233 -0.129612 -0.434631 0.191307 0.976306 0.101139 0.411223 -0.173286 0.894912
-4.407854 -5.710118 28.062564 -86.785753 0.550178 0.828931 -0.100887 0.667440 -0.509132 -0.543422 0.501824 -0.231643 0.833375
-4.008762 -7.407511 30.355764 -66.918528 0.440469 0.890730 -0.112192 0.623692 -0.393489 -0.675408 0.645752 -0.227523 0.728861
-4.425761 -7.472915 40.110483 -72.149254 0.463734 0.885398 -0.031960 0.629010 -0.354424 -0.691903 0.623937 -0.300756 0.721283
1.294971 -60.150869 186.034529 -1172.187363 0.074920 -0.470243 -0.879351 0.810828 -0.484590 0.328222 -0.580469 -0.737594 0.344981
4.428493 -59.161327 165.434926 -152.069154 0.046363 -0.542803 -0.838580 0.972569 -0.167037 0.161892 -0.227949 -0.823082 0.520168
-1.891006 -113.032500 121.425219 3515.089085 -0.053961 -0.478594 -0.876377 0.995361 -0.095793 -0.008974 -0.079656 -0.872795 0.481543
-6.039462 -81.441793 77.043872 -628.042284 -0.003644 -0.466117 -0.884716 0.850506 -0.466770 0.242417 -0.525953 -0.751572 0.398136
28.966429 -500.885187 476.522134 -20105.747730 -0.173730 0.683695 0.708787 0.394154 -0.611296 0.686265 -0.902475 -0.398596 0.163280
4.234118 -790.081909 -604.956107 -109824.633338 -0.106319 0.958363 0.265021 0.924162 -0.003108 0.381989 -0.366907 -0.285535 0.885352
160.791194 -1188.998763 -11097.237689 54426.505944 0.007697 0.987558 0.157065 0.915723 0.056142 -0.397869 0.401737 -0.146890 0.903898
-14.346314 -931.822143 -89.409538 40454.483712 -0.188186 0.946459 0.262300 0.392859 0.317316 -0.863118 0.900138 0.059379 0.431539
-32.365474 -707.712395 -1320.768952 -174001.065008 -0.185938 0.951941 0.243383 0.889429 0.268331 -0.370020 0.417544 -0.147671 0.896577
-70.546387 -546.886246 -2800.321934 255919.391950 -0.084377 0.953592 0.289039 0.353897 -0.242483 0.903305 -0.931471 -0.178508 0.317013
6.647377 -3.161410 168.349154 -64.003589 -0.048548 -0.926351 -0.373520 0.998006 -0.029883 -0.055604 0.040347 -0.375474 0.925954
7.282510 -4.394716 125.614666 -56.175978 -0.151400 -0.959507 -0.237538 0.979919 -0.114146 -0.163491 0.129757 -0.257521 0.957521
4.140129 -2.630114 141.519326 -44.129244 -0.194901 -0.883605 -0.425742 0.977311 -0.138254 -0.160466 0.082928 -0.447358 0.890502
4.208345 -2.046042 126.642747 -21.929255 -0.001285 -0.887732 -0.460358 0.998670 0.022591 -0.046351 0.051548 -0.459805 0.886522
2.433144 -1.624372 69.384274 -9.706967 -0.982599 -0.051694 0.178403 -0.078368 0.986195 -0.145871 -0.168399 -0.157313 -0.973085
3.126793 -1.770721 69.254347 -9.052374 -0.987580 -0.050760 0.148693 -0.068694 0.990626 -0.118074 -0.141305 -0.126822 -0.981809
1.229124 -1.928150 66.634271 -7.817425 -0.979843 0.008432 0.199593 -0.013554 0.994001 -0.108531 -0.199311 -0.109049 -0.973850
-0.973933 -3.309491 20.381919 -20.134655 -0.207560 0.951188 -0.228385 -0.532857 -0.305729 -0.789046 0.820355 0.042077 -0.570304
-1.366145 -3.689343 24.373033 -22.494224 -0.232360 0.930413 -0.283443 -0.557654 -0.366204 -0.744928 0.796889 0.015028 -0.603939
-1.028617 -3.802925 16.947590 -24.063163 -0.235190 0.938058 -0.254427 -0.591952 -0.345865 -0.727991 0.770895 0.020608 -0.636629
-0.645671 -3.372328 8.401705 -21.212149 -0.189243 0.964811 -0.182555 -0.570660 -0.259358 -0.779154 0.799083 0.043272 -0.599661
0.306394 -5.385445 -16.048464 1.343870 -0.053944 0.986371 0.155442 -0.969559 -0.014505 -0.244428 0.238842 0.163895 -0.957127
0.115553 -5.510732 -13.861334 13.104337 -0.024916 0.986650 0.160936 0.987293 -0.000988 0.158907 0.156944 0.162850 -0.974088
0.033991 -5.541734 -10.587283 1.406082 -0.053223 0.986185 0.156864 -0.967625 -0.012122 -0.252100 0.246716 0.165203 -0.954903
0.143419 -5.339986 -8.900544 0.380876 -0.084737 0.984794 0.151659 -0.933479 -0.025229 -0.357745 0.348479 0.171884 -0.921422
-17.343594 -388.327073 -362.430088 13757.905954 0.230356 -0.220602 -0.947771 -0.617252 0.719826 -0.317569 0.752287 0.658168 0.029650
-55.819674 -106.067809 -123.201810 -2555.972011 -0.309691 0.092847 0.946293 0.840508 -0.438585 0.318103 0.444565 0.893881 0.057787
-8.425856 -216.771660 29.251219 9308.640043 0.284235 -0.052219 -0.957331 -0.358074 0.920480 -0.156522 0.889378 0.387284 0.242935
-0.201091 -56.737878 -113.037454 1359.474035 -0.115476 0.968784 -0.219371 -0.888153 -0.001805 0.459545 -0.444803 -0.247902 -0.860636
6.605463 -141.525139 -481.082479 4550.221866 -0.058955 0.908836 -0.412967 -0.521275 0.324778 0.789171 -0.851350 -0.261795 -0.454606
-7.200749 -114.436193 -174.086718 4551.551051 -0.100521 0.972126 -0.211816 -0.802731 0.046535 0.594522 -0.587808 -0.229794 -0.775678
0.532107 -2.221688 -5.560847 -29.315682 0.209045 0.963720 0.165963 0.937720 -0.149395 -0.313628 0.277456 -0.221190 0.934930
0.479676 -2.467533 -5.668167 -32.535487 0.169633 0.966769 0.191264 0.950077 -0.108853 -0.292413 0.261876 -0.231319 0.936970
0.877197 -1.844101 -13.283085 -17.887492 0.340567 0.931856 0.125133 0.908572 -0.291936 -0.298782 0.241891 -0.215448 0.946082
0.988114 -1.623560 -12.334315 -12.650604 0.402489 0.912457 0.073650 0.875785 -0.360393 -0.321119 0.266464 -0.193748 0.944171
-6.223882 -8.215254 25.716724 -95.061938 0.459188 -0.871951 -0.169844 0.886033 0.435779 0.158248 -0.063970 -0.223153 0.972682
-4.877711 -7.492337 14.508245 -37.624401 -0.069678 -0.954801 -0.288964 0.997036 -0.076127 0.011126 -0.032622 -0.287333 0.957275
-3.814435 -6.371391 -19.922359 -45.705147 -0.284694 -0.898767 -0.333417 0.940534 -0.329124 0.084103 -0.185324 -0.289646 0.939021
-5.089789 -7.015768 128.466717 64.795590 -0.208225 0.973460 -0.094967 0.946092 0.175835 -0.272016 0.248098 0.146488 0.957595
0.926752 -4.026847 -1.492425 11.090715 -0.100459 0.993206 -0.058731 0.365580 0.091748 0.926247 -0.925343 -0.071579 0.372313
0.821468 -3.802630 1.027897 13.487168 -0.102604 0.993147 -0.055957 0.442744 0.095971 0.891498 -0.890758 -0.066697 0.449556
0.413941 -3.906338 -23.722714 13.643122 -0.140608 0.988679 -0.052384 0.402175 0.105384 0.909478 -0.904701 -0.106812 0.412439
1.079791 -4.601500 -57.887960 -1.390169 -0.199602 0.979838 0.008760 -0.639584 -0.137051 0.756406 -0.742356 -0.145377 -0.654044
1.953857 -4.515622 -64.647540 1.884504 -0.180372 0.983596 -0.001944 -0.670619 -0.121533 0.731778 -0.719539 -0.133296 -0.681540
-0.398601 -4.393944 -3.509702 -17.843392 -0.196975 0.976057 0.092265 -0.926057 -0.216128 0.309367 -0.321900 0.024505 -0.946456
-0.191910 -4.669112 -20.742663 -15.850673 -0.266590 0.958810 0.098048 -0.887356 -0.283878 0.363335 -0.376202 -0.009858 -0.926485
-0.798089 -6.618253 -14.613964 -21.124182 -0.143446 0.989003 -0.036001 0.555350 0.110551 0.824236 -0.819152 -0.098240 0.565101
-0.310493 -5.776255 0.435942 -30.607707 -0.214192 0.967765 -0.132490 0.423808 -0.030132 -0.905251 0.880062 0.250048 0.403692
-0.355544 -5.197379 1.717293 -10.108438 -0.234354 0.967610 -0.093855 0.543418 0.050337 -0.837952 0.806086 0.247380 0.537613
-0.162223 -6.752201 -2.604498 -40.481224 -0.211945 0.971944 -0.102000 0.286191 -0.038067 -0.957416 0.934438 0.232111 0.270094
-0.247418 -6.480403 4.185837 -58.568214 -0.216916 0.965619 -0.143273 0.378177 -0.052183 -0.924261 0.899961 0.254670 0.353856
-0.400044 -5.089512 1.365010 -34.233376 -0.231359 0.963942 -0.131487 0.511926 0.005696 -0.859010 0.827288 0.266051 0.494785
-0.696931 -8.634496 11.320536 44.987906 -0.045788 0.998903 0.009770 -0.135034 -0.015880 0.990714 -0.989782 -0.044043 -0.135613
-0.213590 -9.526299 8.808865 48.668453 -0.023959 0.999479 0.021633 -0.136012 -0.024697 0.990399 -0.990417 -0.020787 -0.136533
-0.368886 -10.262597 5.317486 52.780150 -0.043647 0.997751 0.050864 -0.326515 -0.062364 0.943132 -0.944184 -0.024557 -0.328503
-1.587410 -4.253371 -12.994075 11.520872 0.925520 -0.325158 -0.194128 0.151979 0.788440 -0.596041 -0.346866 -0.522144 -0.779134
-1.849469 -4.151088 -8.657685 9.161194 0.937715 -0.320252 -0.134648 0.188243 0.794138 -0.577849 -0.291986 -0.516511 -0.804960
-1.614978 -4.680307 -7.877963 24.261475 0.931763 -0.325355 -0.161124 0.140107 0.731631 -0.667147 -0.334943 -0.599049 -0.727292
-0.981024 -1.502523 33.144880 5.872234 0.166045 -0.984984 -0.047275 0.985164 0.163585 0.051886 -0.043373 -0.055189 0.997533
-0.980959 -2.254751 6.120246 86.397330 -0.153133 -0.987922 -0.023666 0.988115 -0.153399 0.009866 -0.013377 -0.021874 0.999671
-0.746027 -1.946895 16.126315 70.218471 -0.034887 -0.998762 -0.035466 0.999382 -0.034708 -0.005651 0.004413 -0.035641 0.999355
-0.309381 -1.482027 -6.321285 17.540803 -0.029853 0.999456 0.014025 0.999178 0.029454 0.027839 -0.027410 -0.014845 0.999514
-0.624726 -1.556891 -20.185372 -23.108844 -0.104576 0.993809 0.037523 0.990430 0.100655 0.094435 -0.090074 -0.047040 0.994824
-0.286249 -2.169422 15.609417 95.046461 0.126348 -0.991547 -0.029503 0.991955 0.126522 -0.004092 0.007790 -0.028749 0.999556
-1.741719 -4.040160 49.372088 -24.598548 0.094600 0.993497 -0.063353 0.530382 0.003557 0.847751 -0.842464 0.113799 0.526597
-2.638195 -5.077922 -6.890774 -51.346887 0.274624 0.928096 0.251434 0.564533 -0.367300 0.739184 -0.778385 0.061055 0.624811
-0.168555 -11.576439 2.685560 -26.891639 -0.071909 0.992612 0.097726 -0.758953 -0.118028 0.640359 -0.647162 0.028122 -0.761833
-0.357279 -10.636337 7.554295 -24.498363 -0.066501 0.993850 0.088541 -0.709512 -0.109493 0.696135 -0.701549 0.016527 -0.712430
-0.232129 -11.087599 5.516733 20.550529 -0.054867 0.995507 0.077169 -0.547198 -0.094625 0.831637 -0.835203 -0.003403 -0.549931
-0.128484 -11.378436 -0.326195 29.078949 -0.053072 0.995708 0.075819 -0.552610 -0.092525 0.828288 -0.831748 -0.002060 -0.555149
-0.122145 -12.128756 -0.875175 -8.376038 -0.060217 0.994093 0.090291 -0.700420 -0.106529 0.705736 -0.711186 0.020744 -0.702698
2.275126 -1.945232 -24.686482 -11.685913 0.941494 -0.188809 0.279176 0.079105 -0.681408 -0.727616 -0.327614 -0.707131 0.626606
1.892395 -1.710973 -39.459952 -5.048643 0.924211 -0.141614 0.354654 0.151692 -0.716150 -0.681262 -0.350462 -0.683428 0.640393
-0.489532 -15.430843 -68.675479 -61.078099 -0.299826 0.952981 -0.043952 -0.555150 -0.211758 -0.804342 0.775830 0.216763 -0.592538
1.650680 -0.319103 -38.841400 8.637385 0.071066 0.975014 -0.210468 0.994835 -0.053952 0.085975 0.072472 -0.215491 -0.973813
1.262963 -0.444916 -41.856109 -1.762518 -0.070840 0.969243 -0.235689 0.993788 0.088912 0.066940 0.085837 -0.229482 -0.969520
1.853795 -0.240265 -41.572592 -7.837282 -0.088051 0.972701 -0.214710 0.992941 0.102902 0.058980 0.079464 -0.208001 -0.974895
1.986182 0.162817 -22.888801 18.325511 0.046968 0.986275 -0.158292 0.994531 -0.031372 0.099624 0.093290 -0.162105 -0.982354
2.020973 -256.086338 73.461129 -10804.592930 -0.406646 0.889172 0.209789 -0.535886 -0.046176 -0.843026 0.739908 0.455237 -0.495273
-7.523968 -176.211908 -352.548030 -1956.518813 -0.302546 0.457458 0.836181 0.819404 -0.323298 0.473346 0.486871 0.828379 -0.277030
-43.559723 -166.067262 1364.782628 -1358.331705 0.540197 -0.346562 -0.766865 0.499166 -0.601691 0.623540 0.677511 0.719627 0.152040
88.091739 -2213.497390 -3965.256887 174963.491323 0.382581 -0.364645 -0.848920 0.202476 0.929577 -0.308041 0.901463 -0.054035 0.429471
1.631027 -1.841948 -49.202216 14.418737 0.973584 0.174077 -0.147756 -0.214612 0.918579 -0.331894 -0.077950 -0.354837 -0.931673
1.476725 -2.214235 -42.843085 17.839951 0.973269 0.185100 -0.135962 -0.223509 0.899549 -0.375307 -0.052835 -0.395663 -0.916875
2.669009 -1.590311 -55.132524 8.510293 0.990746 0.102209 -0.089308 -0.125683 0.939277 -0.319314 -0.051249 -0.327584 -0.943431
1.827479 -2.274110 -23.238634 14.722506 0.995651 0.091757 -0.016109 -0.090323 0.908439 -0.408142 0.022816 -0.407822 -0.912776
-0.054067 -3.017848 4.775893 22.451572 0.011962 0.999202 -0.038115 -0.669618 0.036314 0.741818 -0.742610 -0.016648 -0.669518
0.125954 -2.638539 12.343246 19.961112 0.027234 0.998745 -0.042024 -0.618196 0.049864 0.784441 -0.785552 -0.004616 -0.618778
0.387319 -2.442844 8.437392 19.137205 -0.053945 0.997889 0.036161 -0.611060 -0.061632 0.789181 -0.789744 -0.020476 -0.613095
0.687869 -2.054190 7.760860 15.961295 -0.092995 0.992633 0.077660 -0.570048 -0.117029 0.813234 -0.816332 -0.031357 -0.576731
0.424832 -2.384064 2.044390 18.049838 -0.139258 0.983079 0.119007 -0.599211 -0.179334 0.780247 -0.788386 -0.037345 -0.614046
0.052304 -2.893015 2.512363 22.393265 -0.072467 0.996258 0.047096 -0.658669 -0.083263 0.747812 -0.748935 -0.023171 -0.662238
-0.553742 -7.097704 -0.869940 -9.249329 -0.200849 0.971873 0.122972 0.977442 0.207187 -0.040995 -0.065320 0.111964 -0.991563
-0.526295 -7.255622 0.242000 -3.147214 -0.224089 0.965006 0.136191 0.973985 0.216921 0.065565 0.033728 0.147340 -0.988511
-0.485992 -7.151422 -1.286126 1.096469 -0.244224 0.961869 0.123133 0.960702 0.222718 0.165677 0.131936 0.158757 -0.978463
-4.526993 -5.800012 -52.788061 36.898513 -0.542830 0.839838 0.002821 0.838890 0.542371 -0.045800 0.039994 0.022495 0.998947
-4.089941 -5.112965 69.549848 -11.144717 0.964716 -0.235133 -0.118467 0.217874 0.965559 -0.142222 0.147828 0.111393 0.982720
-3.849701 -5.989400 78.146952 -7.086178 0.997195 -0.028914 -0.069030 -0.001015 -0.927496 0.373833 0.074835 0.372714 0.924924
-3.153891 -5.726984 113.523939 19.680090 0.966468 0.159897 -0.200932 0.207416 -0.947403 0.243736 0.151391 0.277239 0.948799
-24.309942 -35.166304 -678.164317 563.689071 -0.156559 0.986959 0.037431 -0.981581 -0.159684 0.104884 -0.109493 0.020321 -0.993780
-24.215966 -33.528928 -406.992270 -414.706367 -0.127488 0.907123 0.401092 0.983178 0.168908 -0.069504 -0.130796 0.385484 -0.913397
2.491556 -15.512373 44.364156 -17.358642 -0.252681 0.869696 -0.424007 0.881596 0.387518 0.269477 -0.398674 0.305711 0.864639
2.703237 -14.485629 -8.544668 89.108194 0.267930 -0.894515 0.357849 0.950864 0.305330 0.051298 -0.155149 0.326521 0.932369
2.591586 -15.001496 6.029065 -78.057451 -0.275923 0.893017 -0.355510 0.829024 0.408279 0.382136 -0.486401 0.189286 0.852986
-4.646560 -6.913925 21.844961 -4.109177 0.275263 0.909451 0.311655 0.526043 0.128857 -0.840639 0.804679 -0.395341 0.442941
-4.580340 -5.556903 -21.653067 9.991641 -0.745056 -0.280840 -0.604997 0.037185 0.888139 -0.458069 0.665965 -0.363783 -0.651270
1.023554 -2.632047 33.257867 -32.854051 0.827423 0.561314 -0.017263 0.306908 -0.477723 -0.823158 0.470296 -0.675802 0.567550
1.231016 -4.936904 13.906191 -106.049118 0.814496 0.579959 -0.015629 0.311509 -0.459894 -0.831541 0.489447 -0.672418 0.555244
1.494997 -1.944905 28.025812 0.377414 0.860109 0.505710 -0.066856 0.246567 -0.526890 -0.813383 0.446562 -0.683113 0.577874
-1.027262 -4.121763 0.015786 -26.058608 0.704101 0.639029 -0.309651 0.706085 -0.583749 0.400850 0.075396 -0.500879 -0.862227
-1.431280 -4.275138 1.079571 -12.718085 0.685205 0.667037 -0.292498 0.710452 -0.523624 0.470187 0.160473 -0.529980 -0.832688
0.348272 -3.369411 34.234031 -3.950333 -0.184550 0.976608 -0.110351 0.968803 0.161870 -0.187665 0.165413 0.141542 0.976015
-0.015004 -3.687151 44.672868 6.376237 -0.125704 0.981934 -0.141439 0.961833 0.085698 -0.259873 0.243057 0.168708 0.955228
0.853558 -3.091630 27.124318 3.371792 -0.045648 0.989997 -0.133497 0.963015 0.008087 -0.269325 0.265552 0.140854 0.953752
0.692136 -3.271267 44.179256 7.057504 0.008670 0.985186 -0.171273 0.946541 -0.063319 -0.316307 0.322466 0.159374 0.933068
-0.227325 -3.706873 51.178778 13.788983 -0.031015 0.984846 -0.170638 0.942911 -0.027808 -0.331883 0.331598 0.171190 0.927759
-0.134154 -5.293291 -14.417583 21.333859 0.063143 0.979219 0.192724 -0.348093 -0.159373 0.923813 -0.935331 0.125418 -0.330797
-0.408544 -5.033234 -2.801108 27.205263 0.100688 0.980707 0.167556 -0.249106 -0.138198 0.958565 -0.963228 0.138256 -0.230385
-0.583943 -4.976360 2.809807 24.992826 0.125398 0.985127 0.117471 -0.196234 -0.091437 0.976284 -0.972506 0.145476 -0.181850
-0.485527 -5.288147 1.733191 24.858321 0.137819 0.984838 0.105355 -0.231565 -0.071383 0.970197 -0.963008 0.158108 -0.218217
2.193116 -7.250550 15.474289 68.064813 0.120910 0.989213 -0.082689 -0.953042 0.138980 0.269064 -0.277654 -0.046274 -0.959566
1.660656 -6.784496 18.329643 47.735632 0.120792 0.992485 -0.019556 -0.961825 0.121888 0.245021 -0.245564 0.010787 -0.969320
1.657207 -6.724608 27.760719 -36.091493 0.163438 0.986094 -0.030112 -0.932290 0.164360 0.322214 -0.322682 0.024588 -0.946188
1.756691 -7.762024 45.478952 -107.064759 0.188232 0.981440 -0.036658 -0.899160 0.187226 0.395547 -0.395069 0.041493 -0.917714
2.404726 -7.022886 32.557221 14.240860 0.170444 0.981606 -0.086016 -0.912753 0.190170 0.361549 -0.371257 -0.016888 -0.928377
1.888075 -14.353489 -16.821109 13.695811 0.052688 0.975880 -0.211855 0.976865 -0.094400 -0.191892 0.207263 0.196844 0.958277
1.946767 -15.343954 15.570994 91.440631 0.052555 0.947938 -0.314087 0.932343 -0.159249 -0.324618 0.357736 0.275777 0.892173
1.698462 -13.576119 -22.925906 109.028703 0.083320 0.973343 -0.213683 0.873394 -0.174575 -0.454649 0.479834 0.148749 0.864658
0.229283 -5.299163 -13.154214 -22.820785 0.022315 0.999214 0.032758 0.495804 -0.039514 0.867535 -0.868147 0.003117 0.496297
0.165301 -4.922506 -16.323888 -9.984938 0.031081 0.997344 0.065878 0.396053 -0.072804 0.915337 -0.917701 0.002358 0.397264
0.562606 -4.720335 -14.642548 -2.339325 0.059756 0.993109 0.100819 0.370934 -0.115859 0.921404 -0.926735 0.017662 0.375301
0.498779 -4.870444 -10.855806 -20.359415 0.046575 0.996743 0.065827 0.487586 -0.080199 0.869384 -0.871832 0.008395 0.489733
0.906022 -4.720436 -2.876699 11.802418 0.106063 0.986476 0.124962 0.278981 -0.150145 0.948486 -0.954421 0.065737 0.291133
0.786315 -4.509947 -9.680112 2.175936 0.086668 0.989726 0.113713 0.399788 -0.139101 0.905991 -0.912501 0.033059 0.407736
-0.004577 -4.173920 4.100137 -6.024249 -0.086571 0.973646 0.210997 0.996233 0.083538 0.023261 0.005021 0.212215 -0.977210
0.040538 -3.294536 3.447494 -63.497994 -0.034864 0.977876 0.206258 0.993137 0.056956 -0.102155 -0.111643 0.201281 -0.973151
0.047052 -4.450219 -0.735067 -6.221715 -0.085093 0.976421 0.198395 0.995540 0.075182 0.056982 0.040723 0.202359 -0.978464
-0.462717 -13.585300 1.883317 103.131634 0.139181 0.989938 -0.025520 0.709422 -0.117655 -0.694894 0.690905 -0.078611 0.718659
-0.986991 -15.392637 -12.921016 130.025635 0.117883 0.993024 -0.002457 0.876113 -0.105168 -0.470496 0.467472 -0.053310 0.882399
0.076192 -13.580210 -4.721452 -5.848335 0.117660 0.978737 0.168015 -0.976045 0.145158 -0.162068 0.183011 0.144921 -0.972371
0.067650 -12.991350 -6.370766 -10.307648 0.087874 0.984805 0.149792 -0.897310 0.143556 -0.417405 0.432566 0.097731 -0.896290
0.026831 -13.141970 -0.486022 -49.038968 0.107923 0.980078 0.166733 -0.950135 0.151038 -0.272819 0.292567 0.128976 -0.947507
0.709817 -8.057199 -1.001192 28.172306 0.011259 0.981914 0.188994 -0.499587 -0.158202 0.851695 -0.866191 0.104008 -0.488770
0.446090 -14.466847 -40.634056 -56.311167 0.025028 0.997091 0.071997 -0.049756 -0.070688 0.996257 -0.998448 0.028517 -0.047842
