15627
31233
-6.277874 -8.306604 85.791686 99.278775 -0.477519 0.878505 -0.014301 -0.873094 -0.476275 -0.104249 0.098394 0.037295 -0.994448
-7.038488 -9.579733 93.271778 49.662513 -0.461548 0.887111 -0.002614 -0.865269 -0.450830 -0.219232 0.195662 0.098924 -0.975669
-6.924677 -12.338020 -71.804699 357.149705 0.420566 0.901153 0.105110 -0.895030 0.431062 -0.114483 0.148476 0.045929 -0.987849
-4.965007 -8.912368 -11.317888 -113.883149 -0.717426 0.696571 -0.009435 0.685205 0.708033 0.170831 0.125676 0.116093 -0.985255
-5.569068 -8.014209 -61.656553 154.178632 0.058139 0.998277 -0.007941 -0.998112 0.057968 -0.020310 0.019815 -0.009107 -0.999762
-4.873914 -8.056118 11.732413 -122.298101 0.720759 -0.693181 -0.002623 0.691988 0.719285 0.061494 0.040740 0.046137 -0.998104
-4.956471 -9.074144 -22.764001 -53.925306 -0.091562 0.983231 -0.157711 -0.187174 0.138561 0.972505 -0.978050 -0.118564 -0.171348
-5.154887 -9.754711 -29.220719 -47.587366 -0.071656 0.983443 -0.166446 -0.052469 0.162928 0.985242 -0.996048 -0.079332 -0.039926
-5.186282 -9.157269 -16.423064 -55.513106 0.013022 0.982016 -0.188349 -0.214059 0.186735 0.958806 -0.976734 -0.027833 -0.212641
-1.619073 -21.664375 -35.692789 -202.597687 -0.450509 0.013280 -0.892673 0.014763 0.999863 0.007424 0.892650 -0.009834 -0.450643
-1.635479 -22.999404 -42.156947 -81.923618 -0.445366 0.017939 -0.895169 -0.196522 0.973460 0.117283 0.873515 0.228154 -0.430021
-0.750343 -21.790397 -36.495256 -136.253005 -0.430184 0.027578 -0.902320 0.007464 0.999608 0.026993 0.902711 0.004878 -0.430221
-0.667499 -19.523662 -33.661942 -300.167185 -0.433231 0.020164 -0.901057 0.200719 0.976801 -0.074648 0.878648 -0.213199 -0.427228
-1.444729 -18.844199 -30.427889 -319.194377 -0.456491 -0.003985 -0.889719 0.195110 0.975201 -0.104474 0.868071 -0.221285 -0.444393
9.988180 -10.737380 -367.437507 -162.684638 -0.701013 0.577406 -0.418549 0.591171 0.798761 0.111792 0.398870 -0.169067 -0.901288
11.631148 -10.957115 471.596094 -2.551096 -0.764698 0.561652 -0.315887 0.508925 0.827090 0.238575 0.395263 0.021675 -0.918312
9.130547 -10.587435 456.511683 -39.567965 -0.814036 0.529178 -0.239408 0.480153 0.845050 0.235251 0.326802 0.076550 -0.941988
7.357490 -7.893910 -194.236697 -209.912192 -0.635510 0.661555 -0.398086 0.715217 0.698637 0.019240 0.290846 -0.272491 -0.917146
2.019744 -9.867966 -613.645899 -227.940267 -0.658369 0.569825 -0.491781 0.677792 0.732953 -0.058121 0.327334 -0.371590 -0.868777
9.208579 -8.982141 137.807297 -186.707914 -0.758656 0.585163 -0.286401 0.576449 0.807760 0.123409 0.303558 -0.071470 -0.950129
-0.914184 -9.859035 -17.817106 72.609414 -0.338289 0.767618 0.544356 -0.187647 -0.621868 0.760308 -0.922144 -0.155057 -0.354412
-0.891060 -11.307395 -14.369193 54.302615 -0.325482 0.792399 0.515913 -0.413195 -0.609964 0.676175 -0.850489 -0.006910 -0.525948
-0.572828 -10.431528 -5.794900 78.410297 -0.345128 0.773203 0.532019 -0.205312 -0.615316 0.761073 -0.915824 -0.153438 -0.371111
-0.549413 -9.061561 -9.738322 75.077975 -0.353834 0.738943 0.573380 0.010587 -0.609836 0.792457 -0.935248 -0.286469 -0.207958
-0.875998 -8.507077 -15.162123 68.020409 -0.339267 0.733111 0.589446 0.026486 -0.618917 0.785010 -0.940317 -0.281940 -0.190561
-6.274527 -17.857775 -110.984522 -228.849174 0.323818 0.385979 -0.863807 0.929788 -0.298729 0.215070 -0.175032 -0.872801 -0.455612
-8.221849 -17.073875 -150.295948 -188.490649 0.325848 0.463023 -0.824277 0.908189 -0.395567 0.136816 -0.262708 -0.793181 -0.549407
-6.924684 -18.326128 -92.387161 -124.969128 0.365564 0.445838 -0.817063 0.930786 -0.173937 0.321534 0.001235 -0.878051 -0.478565
-5.403347 -18.298912 -87.791653 -106.398828 0.358633 0.374495 -0.855065 0.927951 -0.043486 0.370157 0.101439 -0.926209 -0.363108
-3.985194 -18.108717 -102.349756 -210.939357 0.314971 0.303485 -0.899272 0.945866 -0.178536 0.271039 -0.078297 -0.935960 -0.343290
1.676981 -20.720268 58.949532 -508.899757 0.099337 0.138724 -0.985336 0.124336 0.980743 0.150613 0.987255 -0.137474 0.080176
1.155183 -22.786928 63.663826 -238.130215 0.111792 0.097134 -0.988973 -0.134176 0.987573 0.081830 0.984632 0.123549 0.123436
0.347208 -19.284783 45.351459 -389.215108 0.085203 0.170838 -0.981608 0.113796 0.977076 0.179926 0.989844 -0.127033 0.063809
0.852990 -14.793198 39.053353 -368.151560 0.089918 0.178771 -0.979773 0.309764 0.929946 0.198108 0.946552 -0.321312 0.028242
-0.085811 -14.911909 31.459873 -380.317579 0.092071 0.214506 -0.972373 0.327967 0.915501 0.233014 0.940192 -0.340360 0.013941
-0.668989 -18.711840 30.181341 -325.806697 0.099856 0.216299 -0.971207 0.098182 0.969180 0.225942 0.990146 -0.117916 0.075541
-1.072242 -4.782829 -95.500711 2.733444 -0.396396 0.866378 -0.303742 0.694993 0.499352 0.517332 -0.599879 0.006030 0.800068
-0.604764 -3.533237 -66.388072 41.587510 -0.425031 0.837984 -0.342245 0.732730 0.540511 0.413467 -0.531466 0.075037 0.843750
-2.071871 -4.415353 -79.190340 29.707720 -0.455636 0.805742 -0.378385 0.701492 0.586690 0.404603 -0.548000 0.081082 0.832539
-2.148935 -5.327163 -123.760248 6.274598 -0.356062 0.897724 -0.259443 0.675265 0.439099 0.592629 -0.645939 -0.035820 0.762549
-0.899882 -5.136377 -107.811958 10.415746 -0.356173 0.903000 -0.240275 0.653012 0.424464 0.627221 -0.668368 -0.066497 0.740852
-2.692889 -5.234859 -87.945785 18.389122 -0.373412 0.861570 -0.343891 0.700862 0.504878 0.503875 -0.607747 0.052867 0.792369
-2.388638 -16.449005 71.326905 -224.756535 -0.163776 0.970115 0.179037 -0.477718 -0.236781 0.846002 -0.863112 -0.053025 -0.502221
-0.154764 -16.455312 29.158613 -102.448930 -0.247361 0.911435 0.328784 -0.341660 -0.399582 0.850648 -0.906687 -0.098085 -0.410242
-1.620442 -13.627762 43.065770 -52.911509 -0.229297 0.933460 0.275817 -0.559244 -0.358270 0.747588 -0.796661 -0.017171 -0.604182
0.089629 -15.289192 22.672535 -489.704198 -0.501483 -0.020658 -0.864921 0.470844 0.832185 -0.292872 0.725824 -0.554113 -0.407600
-0.073889 -18.980001 35.888453 -196.814408 -0.500678 0.001272 -0.865633 0.301671 0.937565 -0.173108 0.811367 -0.347807 -0.469802
0.033627 -17.719986 31.031359 -469.620966 -0.508757 -0.031222 -0.860344 0.454586 0.838925 -0.299260 0.731107 -0.543351 -0.412616
0.310701 -13.004076 10.949919 -529.427264 -0.519306 -0.077597 -0.851058 0.567759 0.712993 -0.411449 0.638725 -0.696865 -0.326205
0.522241 -18.025425 -28.887094 -577.066787 -0.496505 -0.076645 -0.864644 0.506800 0.783096 -0.360436 0.704725 -0.617160 -0.349967
0.384901 -19.867967 -27.033732 -36.180095 -0.480884 -0.064605 -0.874401 0.295921 0.926805 -0.231221 0.825337 -0.369944 -0.426567
4.359474 -4.600161 -10.565174 -71.686063 0.573933 0.537668 0.617668 0.539133 0.319648 -0.779205 0.616390 -0.780217 0.106418
3.738943 -4.128795 10.570842 -75.833565 0.584715 0.551769 0.594693 0.581857 0.225571 -0.781384 0.565289 -0.802913 0.189156
3.658377 -4.005340 13.731033 -74.217853 -0.441445 -0.564140 -0.697762 0.641981 0.344717 -0.684858 0.626886 -0.750278 0.209993
0.385261 -13.937639 27.372851 -32.607870 0.406386 0.042853 0.912696 0.409341 0.884510 -0.223792 -0.816878 0.464550 0.341911
0.870223 -13.547151 28.959161 -70.581538 0.405170 0.096145 0.909172 0.338550 0.907980 -0.246893 -0.849247 0.407833 0.335337
0.897727 -14.883535 27.248825 -135.629737 0.406331 0.069446 0.911083 0.505562 0.813488 -0.287481 -0.761119 0.577421 0.295437
-192.598440 -1476.440847 -9667.556845 51614.889027 -0.872353 0.383226 0.303543 0.326778 0.918900 -0.220993 -0.363616 -0.093593 -0.926835
-0.492578 -2967.173870 3660.279030 4350535.360659 -0.717718 0.636091 0.283318 -0.181568 -0.563749 0.805742 -0.672246 -0.526853 -0.520107
-6.318095 -44.791354 562.389028 -2253.891153 0.879353 0.471592 -0.065872 0.439008 -0.749355 0.495721 -0.184416 0.464832 0.865980
3.348257 -49.104023 9383.484747 -14012.716600 -0.903695 -0.153794 0.399602 -0.154974 0.987476 0.029577 -0.399146 -0.035199 -0.916211
59.051937 -232.785524 -8784.279772 -15455.187816 0.754968 0.371861 0.540133 -0.622905 0.664121 0.413440 0.204972 0.648585 -0.733024
79.789641 -34.681807 -12779.591317 -2716.509779 0.855126 0.495913 0.151093 -0.518344 0.822866 0.232834 0.008864 0.277420 -0.960708
-24.963655 -87.904733 643.712823 -6092.454334 0.945979 0.132289 0.296011 -0.257761 0.860665 0.439106 0.196677 0.491686 -0.848271
-14.718194 -21.791353 -10.189903 57.528553 -0.090523 0.803512 -0.588366 -0.636733 0.407568 0.654568 -0.765752 -0.433885 -0.474728
-14.459071 -21.456282 122.077772 -281.791535 -0.044236 0.833918 -0.550112 -0.780044 0.315199 0.540537 -0.624159 -0.453023 -0.636550
-13.510474 -21.088241 -148.436140 367.785261 -0.203662 0.759977 -0.617217 0.832983 -0.196762 -0.517131 -0.514452 -0.619451 -0.592974
-13.814948 -20.855283 -223.568653 23.894520 -0.267507 0.699038 -0.663164 -0.630539 0.393427 0.669056 -0.728602 -0.597127 -0.335526
0.982648 -6.919787 11.546859 -5.050118 -0.448676 0.864722 0.225713 -0.599965 -0.478633 0.641055 -0.662368 -0.152206 -0.733554
-0.116891 -6.902207 60.824554 6.732408 -0.431940 0.877935 0.206537 -0.523054 -0.430402 0.735641 -0.734740 -0.209723 -0.645116
2.678627 -6.653515 135.011420 -11.103783 -0.354187 0.926398 0.127822 -0.668329 -0.346353 0.658313 -0.654132 -0.147739 -0.741812
-0.757955 -7.105058 5.943636 4.024490 -0.517724 0.787393 0.334626 -0.420369 -0.574772 0.702087 -0.745152 -0.222821 -0.628569
3.816645 -6.251265 89.219497 -31.174211 -0.346597 0.928242 0.135048 -0.748694 -0.360494 0.556329 -0.565091 -0.091712 -0.819915
2.470028 -6.730365 -19.548780 -28.822086 -0.444730 0.862588 0.241157 -0.677887 -0.500142 0.538820 -0.585393 -0.076153 -0.807166
0.649714 -7.493070 -22.696225 -8.085671 -0.526407 0.776782 0.345696 -0.501383 -0.611976 0.611638 -0.686667 -0.148644 -0.711613
0.106480 -14.740172 11.104127 -200.569341 0.451026 0.246543 0.857783 0.785477 0.346709 -0.512658 -0.423794 0.904991 -0.037279
-0.234980 -12.617127 -13.543143 -170.535025 0.431003 0.246108 0.868140 0.711059 0.499691 -0.494675 -0.555546 0.830505 0.040371
0.086639 -14.074759 5.522661 -161.249935 0.473028 0.259297 0.842027 0.770775 0.341168 -0.538062 -0.426791 0.903532 -0.038478
0.534378 -15.490062 33.194071 -84.206384 0.492058 0.248704 0.834281 0.840289 0.114843 -0.529836 -0.227584 0.961747 -0.152474
0.841541 -14.978815 27.207853 -66.536084 0.519326 0.251906 0.816605 0.823480 0.107916 -0.556988 -0.228434 0.961716 -0.151396
0.188826 -13.536225 -14.906647 -111.628793 0.501500 0.277830 0.819334 0.753473 0.325159 -0.571446 -0.425178 0.903926 -0.046270
1.249013 -5.782138 -35.254640 48.848171 -0.232077 0.894354 -0.382455 0.076002 0.408661 0.909516 -0.969724 -0.182010 0.162814
1.149274 -5.201618 -29.655452 39.325151 -0.234393 0.888138 -0.395311 0.159988 0.436336 0.885446 -0.958887 -0.144298 0.244365
0.802728 -5.879180 -28.108165 49.501208 -0.244526 0.893506 -0.376634 0.084719 0.406628 0.909657 -0.965935 -0.190527 0.175128
0.446176 -6.029365 -20.073916 41.711526 -0.253388 0.894504 -0.368316 0.085551 0.399971 0.912526 -0.963574 -0.199713 0.177873
0.446846 -6.586333 -15.021917 32.474608 -0.245358 0.904349 -0.349218 -0.025580 0.354064 0.934871 -0.969095 -0.238311 0.063739
0.615661 -4.182958 91.877988 62.274888 0.940757 0.272705 0.201517 0.068472 -0.734840 0.674776 -0.332097 0.621001 0.709978
0.183476 -4.890516 80.904406 70.262032 0.935526 0.314231 0.161399 0.104606 -0.682819 0.723060 -0.337414 0.659558 0.671666
-0.844772 -5.065919 33.385555 42.536024 0.913610 0.393979 0.100485 0.187335 -0.627228 0.755970 -0.360863 0.671837 0.646848
1.179117 -3.515817 128.642914 -177.384691 0.871326 -0.198919 0.448577 -0.358193 -0.882647 0.304357 -0.335393 0.425871 0.840325
3.190522 -2.969060 196.184751 -201.366269 0.907175 -0.089136 0.411202 -0.259415 -0.887937 0.379832 -0.331265 0.451246 0.828638
2.050767 -2.395897 156.779515 -119.487255 0.898670 -0.148131 0.412856 -0.307083 -0.884568 0.351054 -0.313197 0.442263 0.840423
-2.919785 -6.194475 31.838810 8.138176 -0.632753 0.760614 -0.145225 0.432694 0.502830 0.748290 -0.642184 -0.410645 0.647280
-2.334729 -6.049190 28.826913 17.290218 -0.627982 0.743264 -0.230644 0.403893 0.564606 0.719785 -0.665213 -0.358857 0.654762
-2.518708 -6.288603 29.783229 -4.635301 -0.640863 0.745620 -0.182607 0.332167 0.483798 0.809694 -0.692069 -0.458247 0.557718
-3.127803 -6.332208 31.640364 -12.033622 -0.647321 0.757876 -0.081233 0.374375 0.408965 0.832220 -0.663942 -0.508302 0.548462
-0.707000 -8.154425 36.021708 -78.787720 0.196156 0.679508 0.706960 0.973736 -0.049998 -0.222121 -0.115587 0.731963 -0.671469
0.542333 -6.875497 114.876177 -88.069850 0.212544 0.652008 0.727813 0.968094 -0.039325 -0.247484 -0.132740 0.757192 -0.639563
0.712105 -8.227245 69.314297 -97.084592 0.372380 0.640683 0.671460 0.927634 -0.279381 -0.247875 0.028784 0.715173 -0.698355
-0.167934 -7.312207 93.729038 4.970391 -0.034398 0.646575 0.762074 0.966268 0.216251 -0.139861 -0.255230 0.731557 -0.632204
-0.090654 -9.137926 27.221284 -43.927950 0.327178 0.670538 0.665833 0.941284 -0.293372 -0.167085 0.083300 0.681404 -0.727151
-1.199028 -9.401494 3.358382 -49.846781 0.143319 0.706068 0.693490 0.985756 -0.039533 -0.163469 -0.088005 0.707040 -0.701676
-1.226503 -8.598559 28.231337 -7.640985 -0.019995 0.673412 0.738997 0.963847 0.209416 -0.164752 -0.265704 0.708986 -0.653253
1.698583 -21.496120 -41.696304 -345.452532 -0.084886 0.318374 -0.944157 0.715635 -0.639851 -0.280102 -0.693297 -0.699449 -0.173525
1.970262 -26.093583 -33.345014 -593.245022 -0.071456 0.332678 -0.940329 0.863462 -0.451311 -0.225283 -0.499328 -0.828036 -0.255006
2.129778 -20.837525 27.318646 352.784250 0.069203 -0.355333 0.932175 -0.689298 0.658455 0.302167 -0.721165 -0.663457 -0.199364
1.212840 -25.422157 -22.619297 -479.769506 -0.055947 0.302335 -0.951558 0.886283 -0.423816 -0.186766 -0.459752 -0.853799 -0.244243
0.792260 -21.650456 -24.329566 -317.148365 -0.065885 0.291746 -0.954224 0.736734 -0.630736 -0.243710 -0.672965 -0.719067 -0.173383
0.183519 -16.215543 35.770611 -322.067651 0.014332 0.953269 -0.301784 -0.574326 0.254909 0.777928 -0.818501 -0.162173 -0.551140
-0.591112 -21.164221 103.121048 -680.679568 0.034437 0.977975 -0.205863 -0.708270 0.169209 0.685363 -0.705101 -0.122205 -0.698497
-2.266706 -59.907738 29.520790 -2606.074367 -0.080984 0.996643 -0.012016 -0.559454 -0.035476 0.828102 -0.824896 -0.073785 -0.560448
-1.074778 -35.635679 29.401600 -1437.969274 -0.035405 0.997913 -0.054008 -0.460755 0.031656 0.886962 -0.886821 -0.056288 -0.458673
0.490706 -13.352403 9.440653 -265.779603 0.015379 0.949804 -0.312466 -0.430497 0.288345 0.855295 -0.902461 -0.121362 -0.413322
2.643052 -9.794942 -2.411755 92.288741 0.060543 0.830528 -0.553677 -0.464309 0.514462 0.720934 -0.883602 -0.213429 -0.416768
0.991133 -73.540882 -18.173081 3208.985750 -0.042581 0.984500 0.170139 0.947812 -0.014052 0.318519 -0.315973 -0.174822 0.932522
0.915048 -30.892947 29.958348 1199.374780 0.034597 -0.984035 -0.174581 0.991993 0.012583 0.125661 -0.121458 -0.177531 0.976591
-0.843931 -33.659765 80.605582 476.228171 0.087299 -0.980605 -0.175478 0.992412 0.070299 0.100874 -0.086582 -0.182953 0.979302
-2.734501 -37.905754 -127.953295 1308.683155 -0.051498 0.983921 0.171016 0.981103 0.017864 0.192660 -0.186508 -0.177706 0.966248
-3.777272 -26.962471 117.960448 -365.334611 0.177015 -0.969120 -0.171676 0.983284 0.166582 0.073500 -0.042632 -0.181817 0.982408
-6.173507 -8.183876 -1.237569 64.871826 0.846132 -0.073097 -0.527937 -0.182832 0.890635 -0.416343 0.500633 0.448805 0.740230
-5.842503 -7.827271 -14.034963 -42.611617 0.861019 -0.068755 -0.503904 0.224754 -0.837373 0.498290 0.456216 0.542291 0.705541
-6.456855 -7.787248 -76.522871 -31.519900 0.914993 -0.198305 -0.351374 -0.004146 -0.875453 0.483285 0.403449 0.440745 0.801856
-6.587028 -7.744917 -17.609128 3.509065 0.885882 -0.082839 -0.456454 -0.087793 0.936212 -0.340295 0.455528 0.341534 0.822100
-6.095159 -7.073100 -20.141229 -12.096330 -0.503602 0.860849 -0.072962 0.775742 0.413404 -0.476783 0.380275 0.296709 0.875988
-6.443554 -7.855687 -45.507445 -6.022453 0.884288 -0.437781 -0.162426 -0.310187 -0.810752 0.496453 0.349025 0.388625 0.852732
0.479180 -3.246323 17.758512 -4.657193 -0.001220 0.978141 -0.207938 -0.006005 -0.207941 -0.978123 0.999981 -0.000056 -0.006127
0.037614 -3.431632 21.712905 -26.048170 0.003556 0.995882 -0.090589 -0.062624 -0.090190 -0.993954 0.998031 -0.009208 -0.062046
0.638057 -3.770874 11.671873 -25.064087 0.013299 0.995793 -0.090665 -0.024221 -0.090326 -0.995618 0.999618 -0.015436 -0.022917
-0.383531 -2.892680 42.129614 -8.371992 -0.010171 0.975389 -0.220256 -0.043752 -0.220491 -0.974407 0.998991 0.000274 -0.044918
1.063752 -3.680881 10.415641 -11.012088 0.012206 0.984657 -0.174073 0.038224 -0.174419 -0.983929 0.999195 -0.005356 0.039766
0.965524 -3.395101 21.227797 9.076210 -0.001938 0.961512 -0.274757 0.051997 -0.274289 -0.960241 0.998645 0.016147 0.049464
0.059214 -3.000957 37.315700 9.993376 -0.011035 0.947301 -0.320155 0.008679 -0.320072 -0.947353 0.999901 0.013233 0.004689
13.370333 -8.717328 -576.163276 -194.325491 0.695457 -0.135084 0.705756 -0.441148 0.695024 0.567740 0.567211 0.706182 -0.423767
11.314975 -13.180766 -623.782524 -297.574804 0.690834 -0.105362 0.715295 -0.544918 0.574356 0.610885 0.475198 0.811797 -0.339371
6.574643 -13.634020 -190.338209 -439.787632 0.786873 -0.179791 0.590345 -0.376541 0.618028 0.690115 0.488926 0.765321 -0.418610
9.750329 -8.087609 -77.270969 -262.780586 0.783959 -0.203991 0.586341 -0.281408 0.725102 0.628519 0.553369 0.657735 -0.511046
2.019522 -4.858639 -100.478604 -47.477139 0.778537 0.381545 0.498301 0.496831 0.110428 -0.860793 0.383458 -0.917730 0.103591
2.196072 -4.875044 -93.345635 2.815732 0.778660 0.389815 0.491664 0.438643 0.222102 -0.870783 0.448644 -0.893709 -0.001952
-0.067002 -4.707535 -77.382489 -15.490096 0.811948 0.402200 0.423054 0.410957 0.120836 -0.903611 0.414553 -0.907543 0.067175
-0.590324 -7.095416 6.519666 17.330869 0.684453 0.486487 -0.543005 -0.494494 0.857075 0.144561 0.535723 0.169567 0.827193
-0.656453 -6.927063 -1.043885 0.641802 0.683303 0.510008 -0.522484 -0.504780 0.847012 0.166637 0.527536 0.149876 0.836207
-0.542558 -7.413483 -0.979742 34.507390 0.675588 0.524664 -0.517984 -0.446636 0.850218 0.278651 0.586598 0.043097 0.808731
-0.449833 -7.833360 6.771790 42.662478 0.664901 0.520607 -0.535608 -0.443452 0.852162 0.277795 0.601047 0.052810 0.797467
-8.078814 -23.247754 -20.005623 -6.527674 0.829776 0.557130 0.032836 0.197063 -0.347531 0.916727 -0.522148 0.754207 0.398162
-8.795857 -19.157361 -71.716692 205.290345 0.803633 0.523861 0.282387 -0.073120 -0.383991 0.920437 -0.590616 0.760342 0.270283
-2.780029 -17.786906 23.669977 -334.311991 0.642515 0.677772 -0.357491 0.594764 -0.146953 0.790355 -0.483146 0.720438 0.497534
-2.309205 -21.926746 -17.197386 -353.097554 -0.597852 -0.689616 0.408660 0.720703 -0.239228 0.650659 -0.350942 0.683520 0.640032
-2.548330 -16.790634 -20.938292 -230.932137 -0.563303 -0.713267 0.417061 0.701485 -0.146133 0.697541 -0.436587 0.685489 0.582663
-2.158878 -19.500064 -21.187560 -166.742375 -0.530827 -0.717799 0.450541 0.803592 -0.257454 0.536616 -0.269189 0.646902 0.713481
-0.124218 -13.230762 -209.882728 -173.911943 0.297041 0.943175 0.148952 -0.565351 0.048005 0.823452 -0.769509 0.328809 -0.547485
-2.734460 -13.753256 -79.646655 -246.575494 0.222028 0.917896 0.328893 -0.497767 -0.183341 0.847711 -0.838410 0.351927 -0.416192
-1.920600 -11.279943 -63.802070 -137.631764 0.325575 0.932913 0.153864 -0.608128 0.082003 0.789592 -0.724004 0.350640 -0.594029
-0.576304 -7.079551 35.656558 -102.233505 -0.151095 0.917983 -0.366711 0.679082 0.365971 0.636328 -0.718344 0.152881 0.678682
-1.201602 -6.852479 38.238497 -122.065425 -0.143255 0.932584 -0.331308 0.667569 0.338191 0.663308 -0.730636 0.126149 0.671012
-0.817431 -8.273001 46.703997 1.559149 -0.155392 0.913365 -0.376321 0.773184 0.349559 0.529145 -0.614849 0.208741 0.760518
-0.487194 -3.433048 24.869921 -305.462223 -0.177401 0.908295 -0.378851 0.556751 0.410059 0.722413 -0.811516 0.082769 0.578439
-0.263116 -8.422755 27.519207 17.845475 -0.152915 0.912714 -0.378907 0.786643 0.344496 0.512362 -0.598172 0.219716 0.770659
0.156167 -4.188785 19.422764 -253.284156 -0.226378 0.863472 -0.450743 0.561689 0.493789 0.663836 -0.795776 0.102899 0.596785
-0.059655 -7.601363 19.454060 -61.717398 -0.178158 0.901772 -0.393786 0.694935 0.398632 0.598463 -0.696653 0.167035 0.697692
12.771091 -4.465527 -256.189676 -95.328468 -0.122848 0.937447 -0.325733 -0.193277 -0.344534 -0.918662 0.973423 0.049899 -0.223512
9.735292 -3.248907 848.579069 -77.725792 -0.246766 0.916628 -0.314485 -0.125071 -0.351931 -0.927633 0.960970 0.189575 -0.201488
8.059432 -4.683384 612.922777 -92.176109 -0.263992 0.917828 -0.296479 -0.202035 -0.353185 -0.913478 0.943128 0.181252 -0.278672
-0.422128 -12.294270 40.583746 93.011768 -0.852488 -0.074710 0.517380 -0.112207 0.992817 -0.041521 -0.510562 -0.093450 -0.854748
-0.134980 -14.392948 60.489299 236.904373 -0.846600 -0.106296 0.521507 -0.226892 0.958436 -0.172978 -0.481444 -0.264769 -0.835530
0.866720 -12.045893 66.819699 205.637278 -0.844527 -0.132822 0.518780 -0.193590 0.978960 -0.064506 -0.499297 -0.154908 -0.852471
-0.581988 -16.698013 18.472656 125.686318 0.981931 -0.046479 0.183444 -0.139890 0.474564 0.869034 0.127448 0.878993 -0.459487
-1.625798 -19.233898 15.623316 172.939408 0.965835 0.003738 0.259130 -0.197026 0.660146 0.724837 0.168354 0.751128 -0.638329
-1.257319 -18.384264 1.374885 196.219063 0.981109 -0.031872 0.190813 -0.126675 0.639637 0.758167 0.146215 0.768016 -0.623516
-1.462417 -20.853405 -198.632553 -250.110507 0.994139 -0.108101 0.001599 -0.022683 -0.223015 -0.974551 -0.105706 -0.968803 0.224160
-2.979657 -20.063061 -104.369671 -357.858477 0.997735 -0.053609 -0.040625 -0.053236 -0.260206 -0.964084 -0.041113 -0.964064 0.262471
-2.133259 -18.697448 -185.532227 -141.723710 0.996374 -0.076207 0.037842 0.000386 -0.440697 -0.897656 -0.085085 -0.894415 0.439070
1.437181 -7.308665 97.833348 -101.226019 0.984317 -0.142876 -0.103472 -0.020146 -0.673750 0.738685 0.175254 0.725015 0.666062
-0.003136 -7.401029 155.820356 -94.343679 0.978581 -0.177404 -0.104441 -0.047026 -0.686548 0.725562 0.200421 0.705109 0.680185
1.108647 -7.664922 85.272164 -68.321566 0.986418 -0.119783 -0.112387 -0.012791 -0.738178 0.674485 0.163753 0.663886 0.729685
0.507409 -6.573690 163.573738 -36.517072 0.978146 -0.184212 -0.096414 -0.042317 -0.630385 0.775128 0.203566 0.754109 0.624404
2.468629 -7.512950 10.045235 -83.146050 0.993484 -0.064683 -0.093840 0.022660 -0.694812 0.718835 0.111697 0.716277 0.688818
2.022922 -6.655972 98.715778 -57.921049 0.984558 -0.139258 -0.106076 -0.002914 -0.618907 0.785459 0.175033 0.773021 0.609756
-1.455517 -13.864270 -12.636954 119.207934 0.902612 0.025830 -0.429680 0.322683 -0.701264 0.635692 0.284899 0.712433 0.641305
-1.525827 -14.227393 -17.343037 239.049022 0.902130 0.072764 -0.425285 0.344485 -0.714960 0.608409 0.259792 0.695368 0.670053
-1.340506 -14.730515 -11.142686 -156.212643 0.875950 0.087624 -0.474377 0.362299 -0.768780 0.526989 0.318515 0.633482 0.705159
-1.565653 -14.890996 4.804881 -128.837242 0.878312 0.039974 -0.476415 0.337291 -0.758039 0.558221 0.338827 0.650983 0.679277
-5.825720 -75.655292 -66.003953 2207.765152 0.965100 0.130379 -0.227118 -0.121833 -0.544162 -0.830087 0.231815 -0.828788 0.509287
-6.665456 -71.368655 60.813551 3483.609947 0.941676 0.236563 -0.239340 -0.213952 -0.128105 -0.968408 0.259750 -0.963134 0.070020
-8.070197 -133.653307 85.861929 5138.546457 0.951785 0.176409 -0.250967 -0.090890 -0.619207 -0.779950 0.292991 -0.765155 0.573318
3.073609 -9.111465 133.814224 -218.137744 0.105845 0.984495 0.139879 0.034648 0.136932 -0.989974 0.993779 -0.109631 0.019617
1.714390 -9.381774 106.803196 -163.512383 0.107279 0.976803 0.185328 -0.057692 0.192205 -0.979657 0.992554 -0.094404 -0.076974
3.727981 -11.145035 105.847135 -148.985608 0.147264 0.964621 0.218679 -0.088037 0.232995 -0.968485 0.985171 -0.123371 -0.119234
4.329107 -7.632342 136.991294 -245.570804 0.126512 0.984072 0.124885 0.097230 0.112989 -0.988828 0.987189 -0.137241 0.081386
6.546253 -7.305331 -218.951798 51.866664 -0.502263 0.861761 -0.071420 0.453547 0.192219 -0.870257 0.736225 0.469490 0.487393
7.613493 -7.917418 -168.478914 32.481694 -0.531052 0.843043 -0.085215 0.549267 0.265919 -0.792208 0.645205 0.467509 0.604272
7.739990 -7.689949 108.050655 19.730636 -0.637155 0.760916 -0.122642 0.505289 0.292236 -0.811961 0.581994 0.579315 0.570682
11.589587 -6.667287 5.440099 55.328615 -0.578939 0.804463 -0.132924 0.341540 0.091229 -0.935429 0.740391 0.586955 0.327573
9.717375 -6.747751 -512.290604 53.129663 -0.447658 0.890963 -0.076075 0.361656 0.102589 -0.926650 0.817806 0.442336 0.368147
-0.447246 -0.736486 -6.099666 5.531335 0.648047 0.630723 0.426877 -0.554690 0.774952 -0.302932 -0.521875 -0.040470 0.852061
-0.482266 -1.516584 -11.327994 53.045538 0.706142 0.531625 0.467695 -0.467661 0.846119 -0.255686 -0.531655 -0.038172 0.846101
-0.665467 -0.769773 30.190655 -14.693861 -0.297444 0.942136 -0.154621 0.798121 0.334245 0.501281 -0.523956 -0.025697 0.851358
16.583239 -4.350879 -684.475722 -40.397466 -0.850603 -0.291258 -0.437771 0.014381 0.819370 -0.573085 0.525612 -0.493764 -0.692770
18.525819 -4.522190 -736.212200 -27.142477 0.944446 0.244749 0.219362 -0.095905 0.843608 -0.528326 0.314363 -0.477937 -0.820215
13.534507 -4.580570 -528.198987 24.806598 0.925281 0.251510 0.283897 -0.035524 0.802691 -0.595337 0.377615 -0.540769 -0.751649
1.716300 -100.815968 34.562041 -5446.034922 0.988535 0.114218 0.098755 0.012303 -0.712799 0.701260 -0.150488 0.692005 0.706032
0.348364 -130.961133 77.389849 -7785.568010 0.979390 0.196171 0.048081 0.164418 -0.912605 0.374323 -0.117310 0.358703 0.926051
4.722079 -130.734802 -187.985891 -6616.438086 0.966170 0.113193 0.231740 -0.078696 -0.726299 0.682859 -0.245608 0.677995 0.692820
0.601439 -18.127539 76.127355 256.919806 0.965995 0.254573 0.045240 0.143580 -0.382631 -0.912676 0.215033 -0.888136 0.406172
-1.077179 -20.776626 78.078861 -297.980155 0.967097 0.244379 -0.070732 0.008437 -0.308680 -0.951129 0.254269 -0.919237 0.300585
0.833853 -16.159617 70.830769 -279.760062 0.969166 0.236162 -0.070321 -0.001197 -0.280869 -0.959745 0.246407 -0.930236 0.271926
-8.867595 -11.109889 -55.933642 255.753915 0.267683 0.948460 0.169619 -0.921415 0.303455 -0.242710 0.281673 0.091320 -0.955155
-7.938255 -10.470392 92.936191 74.253399 -0.373752 0.924967 0.068884 -0.874124 -0.326423 -0.359660 0.310189 0.194637 -0.930537
-5.736762 -9.889238 -4.261904 27.168431 -0.658165 0.752873 0.000838 -0.712383 -0.622407 -0.324221 0.243576 0.213988 -0.945981
-0.057773 -8.426889 121.472165 -95.853741 0.350304 0.880171 -0.320291 0.930092 -0.286535 0.229840 0.110524 -0.378415 -0.919014
2.156631 -8.344617 145.462336 -212.606481 0.410373 0.851203 -0.327180 0.907120 -0.344281 0.242083 0.093421 -0.396136 -0.913427
1.247843 -10.902063 88.875954 -313.167613 0.403822 0.858001 -0.317429 0.898279 -0.306161 0.315214 0.173270 -0.412430 -0.894359
0.961617 -7.308455 137.517207 63.459677 0.321806 0.888656 -0.326698 0.945267 -0.281885 0.164354 0.053962 -0.361707 -0.930729
-0.283633 -9.953970 75.834565 -192.295005 0.340764 0.880139 -0.330507 0.926240 -0.254047 0.278459 0.161118 -0.401018 -0.901790
-0.316807 -7.747960 68.796067 83.159678 0.296811 0.892029 -0.340863 0.954585 -0.267474 0.131246 0.025903 -0.364338 -0.930906
-1.009519 -8.877479 64.553771 -25.201060 0.248122 0.902343 -0.352437 0.964142 -0.194665 0.180374 0.094152 -0.384554 -0.918288
-4.908851 -9.742101 -11.954683 -48.139968 -0.156608 0.973892 -0.164341 -0.033037 0.161136 0.986379 -0.987108 -0.159904 -0.006939
-5.087802 -10.201837 -23.426767 -7.997219 -0.154442 0.975616 -0.155953 0.113858 0.174370 0.978075 -0.981419 -0.133299 0.138012
-5.370772 -10.018271 -33.828349 -20.130186 -0.062732 0.981716 -0.179716 0.094209 0.185092 0.978195 -0.993574 -0.044434 0.104098
-1.301222 -23.115320 -45.817536 21.494091 -0.432886 0.009852 -0.901395 -0.411348 0.887604 0.207247 0.802124 0.460502 -0.380179
-2.297912 -23.494401 -53.231652 -16.237115 -0.469291 0.001913 -0.883042 -0.392511 0.895326 0.210539 0.791013 0.445408 -0.419417
-1.310608 -22.096086 -55.529980 139.816778 -0.431316 -0.000063 -0.902201 -0.595319 0.751416 0.284552 0.677910 0.659829 -0.324135
-2.500614 -22.673137 -59.722007 129.088666 -0.474519 -0.011055 -0.880176 -0.576122 0.759902 0.301053 0.665519 0.649944 -0.366957
-3.595819 -23.530475 -66.669379 -54.451887 -0.515375 -0.021208 -0.856702 -0.378108 0.902753 0.205114 0.769040 0.429637 -0.473275
-2.179697 -4.580411 25.886210 -62.226362 0.864239 0.501648 -0.037948 0.245108 -0.353996 0.902557 -0.439332 0.789326 0.428896
-1.828753 -4.610651 21.220346 -33.067890 0.875081 0.483454 -0.022485 0.210824 -0.338960 0.916875 -0.435645 0.807080 0.398541
-2.198110 -4.525741 40.740880 1.542380 0.855088 0.513127 -0.074325 0.256944 -0.294869 0.920344 -0.450337 0.806072 0.383984
-1.606112 -5.362920 42.108429 68.942157 0.873148 0.483575 -0.061380 0.222847 -0.284005 0.932567 -0.433534 0.827947 0.355742
-2.111034 -4.616620 15.975384 -39.295744 0.845476 0.531499 -0.051762 0.249191 -0.306945 0.918525 -0.472307 0.789490 0.391960
-2.161949 -4.705999 -3.105773 69.822893 0.842429 0.537020 -0.043855 0.227956 -0.281478 0.932098 -0.488211 0.795223 0.359542
-2.491448 -4.924626 50.256617 97.864680 0.848324 0.520122 -0.099093 0.265377 -0.255723 0.929613 -0.458172 0.814911 0.354964
12.558029 -9.280021 1677.710351 249.032197 -0.821044 0.559258 -0.114536 0.489473 0.792916 0.362904 0.293774 0.241898 -0.924761
16.381716 -8.903551 345.259042 267.980238 -0.722599 0.626433 -0.292288 0.517111 0.770452 0.372826 0.458744 0.118258 -0.880664
25.940452 -5.106228 -4730.399680 480.131862 0.790922 -0.598758 -0.126219 0.566236 0.637940 0.521929 0.231988 0.484275 -0.843599
8.767114 -6.751496 -2338.365118 378.550302 0.839507 -0.535546 -0.091756 0.508245 0.714276 0.481141 0.192134 0.450556 -0.871828
8.052965 -10.041391 693.888944 -110.126323 -0.848548 0.499825 -0.173610 0.459676 0.858865 0.225938 0.262038 0.111915 -0.958546
3.637732 -10.189058 733.705703 -95.965019 -0.909690 0.383265 -0.159915 0.326364 0.897895 0.295418 0.256810 0.216548 -0.941889
-0.806607 -12.337252 -9.956983 33.348664 -0.314668 0.808071 0.498002 -0.614574 -0.573280 0.541894 -0.723383 0.135543 -0.677012
-1.173216 -12.055203 -22.960359 42.838423 -0.297764 0.812368 0.501393 -0.602309 -0.567355 0.561544 -0.740649 0.134786 -0.658234
-0.988281 -12.436643 -18.148748 20.889563 -0.288135 0.820105 0.494374 -0.775295 -0.502808 0.382232 -0.562046 0.273151 -0.780700
-1.616936 -11.674963 -34.607844 41.607069 -0.276787 0.819344 0.502061 -0.593691 -0.556637 0.581107 -0.755592 0.137226 -0.640507
-1.332730 -12.379128 -20.304880 31.191787 -0.252924 0.825616 0.504369 -0.770482 -0.487181 0.411111 -0.585139 0.284627 -0.759342
-8.641121 -18.298360 -143.873806 -95.028508 0.391899 0.507726 -0.767222 0.919437 -0.245522 0.307171 -0.032411 -0.825792 -0.563042
-9.648693 -17.043761 -165.089542 -268.374876 0.343348 0.575355 -0.742347 0.881879 -0.469412 0.044066 -0.323113 -0.669790 -0.668565
-1.478039 -3.370674 48.613117 62.230811 0.582895 -0.686748 0.434293 0.648277 0.715281 0.260978 -0.489868 0.129419 0.862137
0.249159 -18.143471 -27.595784 -315.892709 -0.437490 -0.000330 -0.899223 0.322687 0.933337 -0.157336 0.839330 -0.359001 -0.408219
0.781222 -20.283668 -10.169817 79.423028 -0.448037 0.004934 -0.894001 0.037300 0.999217 -0.013179 0.893236 -0.039251 -0.447870
0.405481 -20.152337 28.245509 206.914227 -0.483762 -0.002965 -0.875194 0.091504 0.994342 -0.053947 0.870403 -0.106181 -0.480754
3.558819 -4.607549 -57.875566 -51.495266 0.690367 0.456892 0.560930 0.529257 0.209651 -0.822152 0.493234 -0.864463 0.097077
2.986009 -4.760250 -43.652285 -75.188878 0.722752 0.472546 0.504311 0.535798 0.077778 -0.840756 0.436521 -0.877867 0.196975
3.054478 -4.027187 67.442977 7.472003 0.638999 0.608258 0.470854 0.519924 0.109584 -0.847154 0.566886 -0.786139 0.246224
0.292387 -12.918428 26.340077 18.115075 0.403279 0.053079 0.913536 0.268772 0.947413 -0.173696 -0.874716 0.315581 0.367806
0.721229 -12.254092 34.588290 6.708051 0.402420 0.092776 0.910742 0.204329 0.960651 -0.188145 -0.892361 0.261804 0.367629
1.420905 -12.960400 45.052124 -69.065265 0.410531 0.131047 0.902381 0.285711 0.921299 -0.263776 -0.865929 0.366109 0.340780
101.022582 -59.819866 -12854.617172 -1864.598623 0.728371 0.645028 0.231115 -0.654836 0.754589 -0.042261 -0.201657 -0.120561 0.972008
-5.374130 -168.572137 2327.185715 16062.368590 0.371396 -0.876383 -0.306622 0.928118 0.359579 0.096439 0.025737 -0.320399 0.946933
43.495503 -19.060589 4696.434485 151.520322 -0.596225 -0.797132 -0.095375 0.787244 -0.557234 -0.264076 0.157358 -0.232532 0.959775
1793.145424 -1464596.147394 51941.141600 -3765703316.868875 -0.607391 0.768955 0.199458 -0.011321 -0.259433 0.965695 -0.794322 -0.584297 -0.166283
2.058293 -6.813881 177.807198 5.625300 -0.349788 0.929498 0.116970 -0.580912 -0.313155 0.751315 -0.734976 -0.194852 -0.649495
-1.579503 -6.781504 35.484791 7.454791 -0.482380 0.829415 0.281744 -0.369799 -0.484394 0.792850 -0.794077 -0.278266 -0.540379
-0.116128 -11.274496 -40.237193 -106.147255 0.399095 0.220264 0.890060 0.654636 0.611235 -0.444796 -0.642008 0.760181 0.099747
-1.031638 -10.995390 -32.408658 -74.667652 0.429243 0.246810 0.868813 0.615389 0.624177 -0.481352 -0.661095 0.741275 0.116039
147.811950 -108.473621 -7816.727626 -5596.694949 -0.308717 -0.169680 -0.935897 0.083077 0.975388 -0.204244 0.947519 -0.140805 -0.287022
-0.984623 -14.373217 -0.560008 -179.006341 -0.527779 -0.368263 -0.765397 0.116570 0.861191 -0.494734 0.841345 -0.350332 -0.411589
4.547842 -43.294617 1115.873709 964.029394 0.055905 0.947566 -0.314633 -0.711776 -0.183167 -0.678104 0.700178 -0.261857 -0.664215
6.530211 -49.302949 -727.609796 2250.230537 0.312507 0.715318 -0.625028 -0.033663 -0.649230 -0.759847 0.949319 -0.258497 0.178809
1.490322 -5.182235 -16.433742 36.878198 -0.200321 0.899523 -0.388241 0.150444 0.419815 0.895054 -0.968111 -0.120889 0.219425
1.282994 -4.861988 -11.120378 11.803641 -0.201877 0.897722 -0.391588 0.221676 0.431326 0.874539 -0.953995 -0.089744 0.286078
0.991957 -4.876999 -21.412011 17.097469 -0.235334 0.880929 -0.410588 0.230767 0.461018 0.856860 -0.944121 -0.106898 0.311783
6.163028 -2.028188 274.238436 -106.909072 -0.442372 0.895745 0.044126 -0.676354 -0.365525 0.639482 -0.588942 -0.253044 -0.767539
9.630672 -1.389666 334.237977 -148.231533 -0.505882 0.862544 -0.010085 -0.680194 -0.391689 0.619609 -0.530490 -0.320308 -0.784846
5.727923 -0.237193 265.754128 -113.566263 -0.424298 0.904335 0.046361 -0.688248 -0.355339 0.632494 -0.588461 -0.236458 -0.773176
8.418458 -4.262514 226.227957 -139.340608 -0.470022 0.878718 -0.083271 -0.692355 -0.308525 0.652270 -0.547470 -0.364234 -0.753399
3.101872 -0.979908 213.197344 -85.624492 -0.344900 0.938003 0.034549 -0.715747 -0.286633 0.636826 -0.607248 -0.194913 -0.770233
4.853310 -3.871206 233.357494 -88.499702 -0.435771 0.898894 0.045750 -0.647145 -0.348243 0.678181 -0.625545 -0.265925 -0.733469
3.389302 -2.382883 228.256157 -72.005546 -0.422810 0.900243 0.103893 -0.652722 -0.382057 0.654207 -0.628638 -0.208792 -0.749146
-2.716853 -5.526105 32.184773 40.229882 -0.616274 0.763333 -0.193725 0.501235 0.569917 0.651121 -0.607429 -0.304167 0.733834
-2.211057 -5.321451 27.612838 46.336247 -0.621200 0.734547 -0.273040 0.471881 0.628791 0.618021 -0.625651 -0.255072 0.737224
-1.938279 -5.928231 20.954490 24.969575 -0.621244 0.726529 -0.293619 0.392608 0.612856 0.685760 -0.678170 -0.310746 0.665974
1.738928 -7.322693 137.161696 -130.134332 0.376022 0.624321 0.684712 0.926518 -0.242873 -0.287362 -0.013108 0.742453 -0.669770
2.170260 -5.748675 184.547766 28.715424 -0.078508 0.627135 0.774944 0.968060 0.233625 -0.090991 -0.238110 0.743049 -0.625446
2.212784 -26.103058 -18.783612 -663.602914 -0.064039 0.376831 -0.924066 0.836052 -0.485338 -0.255860 -0.544900 -0.788952 -0.283970
2.129105 -32.501422 -27.718894 -696.008452 -0.052017 0.346399 -0.936644 0.969114 -0.208895 -0.131076 -0.241065 -0.914533 -0.324834
1.538695 -30.952913 -18.607995 -540.704145 -0.036639 0.314745 -0.948469 0.981937 -0.164958 -0.092672 -0.185626 -0.934732 -0.303015
0.754960 -333.840852 1686.765488 12486.916628 0.166407 0.845379 0.507585 -0.247521 0.534093 -0.808380 0.954485 -0.008882 -0.298126
325.442424 -313.768541 -14516.832390 14106.019558 -0.818227 0.573908 -0.033673 0.574232 0.818692 0.000056 0.027600 -0.019290 -0.999433
19.091206 -13.559221 455.792993 1328.512755 0.991677 -0.007593 -0.128528 -0.127756 -0.181975 -0.974969 0.015986 -0.983274 0.181430
-5.462816 -7.692450 22.796770 37.197500 0.769612 -0.000940 -0.638511 -0.339631 0.846198 -0.410610 0.540693 0.532869 0.650924
-5.113265 -7.491103 19.930631 -1.894372 0.763815 0.005747 -0.645410 0.406105 -0.781496 0.473648 0.501663 0.623883 0.599252
-5.602334 -7.464465 21.541474 7.948983 0.871825 -0.107627 -0.477847 0.223863 -0.780161 0.584153 0.435668 0.616251 0.656070
0.338351 -4.091324 13.519821 -41.676242 0.018361 0.999823 -0.004192 -0.086002 -0.002598 -0.996292 0.996126 -0.018654 -0.085940
-0.262582 -3.956121 25.065305 -56.447494 0.012628 0.999667 0.022483 -0.112722 0.023765 -0.993342 0.993546 -0.010010 -0.112985
-0.759738 -3.266509 47.719610 -38.054925 0.000399 0.998471 -0.055268 -0.092373 -0.054995 -0.994205 0.995724 -0.005502 -0.092209
-1.895173 -5.896341 -46.694996 6.121823 0.415599 -0.374144 0.829032 0.858099 0.463496 -0.220993 -0.301570 0.803236 0.513680
-1.546336 -5.498004 -33.899827 -18.452485 0.418999 -0.371291 0.828603 0.832656 0.521060 -0.187565 -0.362110 0.768530 0.527482
-1.244304 -5.363125 35.023995 -16.052003 0.382326 -0.441583 0.811684 0.861636 0.487680 -0.140541 -0.333781 0.753109 0.566936
-1.885125 -6.496973 -41.040687 -58.317260 0.499883 -0.309286 0.808986 0.813135 0.489208 -0.315416 -0.298209 0.815486 0.496039
-2.082904 -5.818871 -31.991911 14.164137 0.391443 -0.421686 0.817895 0.881138 0.427989 -0.201051 -0.265270 0.799379 0.539097
-2.389797 -6.563430 -72.145533 -55.225951 0.509928 -0.328011 0.795225 0.824497 0.449997 -0.343085 -0.245314 0.830609 0.499910
-1.896673 -10.508685 -13.262540 107.516411 0.789300 0.483984 -0.377844 0.583699 -0.400489 0.706332 -0.190531 0.778054 0.598606
-1.967728 -9.418835 18.031728 84.476539 0.746797 0.520003 -0.414598 0.632108 -0.361217 0.685538 -0.206722 0.774028 0.598454
-1.307053 -8.499293 -14.410720 45.628616 0.723063 0.529600 -0.443513 0.687647 -0.490739 0.535086 -0.065733 0.691881 0.719013
-2.241041 -11.605815 12.945287 124.123183 0.796700 0.495807 -0.345608 0.502289 -0.225161 0.834870 -0.336117 0.838736 0.428424
-1.768084 -9.473751 -26.894896 74.531142 0.773770 0.472952 -0.421423 0.632340 -0.537014 0.558356 -0.037766 0.698522 0.714592
-2.272563 -11.728845 -25.781073 119.514358 0.829832 0.428640 -0.357277 0.531156 -0.410513 0.741183 -0.171033 0.804827 0.568331
-2.146856 -12.390881 -12.568362 107.869030 0.822482 0.460399 -0.334000 0.467691 -0.213219 0.857789 -0.323710 0.861725 0.390693
-0.816414 -6.848422 7.064761 -10.518174 0.687331 0.480058 -0.545088 -0.554365 0.831605 0.033364 0.469314 0.279245 0.837715
-0.695822 -6.837651 -6.834182 -20.643103 0.683195 0.519887 -0.512799 -0.573103 0.816927 0.064681 0.452547 0.249697 0.856068
-0.529308 -6.939584 -7.525222 -7.743260 0.690625 0.524613 -0.497814 -0.506031 0.842304 0.185624 0.516691 0.123712 0.847187
-1.329821 -9.674957 -41.830683 -85.269459 0.477303 0.878709 -0.007231 -0.655943 0.361751 0.662477 -0.584740 0.311459 -0.749047
-0.887732 -8.857535 -93.869809 -26.517930 0.609674 0.777971 -0.151852 -0.630452 0.592052 0.502000 -0.480446 0.210321 -0.851432
-1.181569 -10.087727 74.319392 -88.255647 0.592965 0.801948 -0.072608 -0.663512 0.537705 0.520216 -0.456228 0.260294 -0.850942
-1.131972 -3.249550 25.870192 -287.988649 -0.085021 0.964448 -0.250221 0.579072 0.252193 0.775290 -0.810831 0.078980 0.579927
12.894088 -2.956810 -357.247216 -70.564544 -0.085282 0.944423 -0.317479 -0.130405 -0.326479 -0.936166 0.987786 0.038438 -0.151000
13.727852 -2.067735 -174.087627 -41.204117 -0.180189 0.922892 -0.340297 -0.089250 -0.359873 -0.928723 0.979575 0.136974 -0.147213
