15367
30720
-7.037006 -8.853036 41.547645 219.600507 0.059210 0.979553 0.192274 -0.608230 0.188131 -0.771144 0.791549 0.071287 -0.606933
-7.419681 -10.082361 113.915741 129.397882 -0.192936 0.979612 -0.056008 -0.454958 -0.139887 -0.879457 0.869361 0.144198 -0.472671
-7.523928 -12.965131 -62.120944 377.252148 0.247030 0.826970 0.505071 -0.444115 0.559881 -0.699496 0.861242 0.051513 -0.505577
-5.030649 -7.614974 -29.134503 102.944309 -0.371657 0.854321 -0.363327 -0.489703 -0.512892 -0.705076 0.788709 0.084124 -0.608984
-6.195778 -11.157756 -107.538219 453.286106 0.308165 0.863426 0.399413 -0.541451 0.504396 -0.672618 0.782218 0.008985 -0.622940
-5.485623 -8.282760 -74.159122 271.090412 0.218953 0.938694 0.266297 -0.630215 0.344406 -0.695855 0.744909 0.015465 -0.666987
-4.959265 -6.660543 -80.652458 134.055911 0.081986 0.991717 0.098874 -0.683993 0.128145 -0.718145 0.724866 0.008751 -0.688834
0.000525 -2.033781 272.070686 -83.759354 0.856835 -0.501406 0.120110 0.506632 0.775542 -0.376641 -0.095700 -0.383570 -0.918540
5.013814 -2.383492 569.592801 -208.523895 0.998827 -0.033115 -0.035333 0.018143 0.932396 -0.360983 -0.044898 -0.359919 -0.931903
0.657301 -0.626672 -194.190848 253.292009 0.140654 0.913491 -0.381774 0.984092 -0.171265 -0.047233 -0.108531 -0.369057 -0.923048
-1.896999 -8.743143 354.460509 -125.235880 -0.796353 0.590529 0.130761 0.555143 0.799458 -0.229528 -0.240080 -0.110194 -0.964478
2.707511 -6.578703 200.943419 -211.600417 0.981782 -0.180038 -0.060750 0.151669 0.935129 -0.320205 -0.114458 -0.305157 -0.945398
5.456443 -6.468279 677.886248 -38.188892 0.951852 -0.295273 0.082410 0.306552 0.918382 -0.250200 0.001807 -0.263416 -0.964681
-1.619145 -5.881919 0.702540 -66.105893 -0.356257 0.934164 0.020445 -0.861287 -0.336791 0.380468 -0.362305 -0.117935 -0.924568
-1.786806 -4.578864 -10.755432 -76.438991 -0.339769 0.940498 -0.004632 -0.895015 -0.321817 0.308839 -0.288971 -0.109079 -0.951103
-1.362387 -5.601131 -14.734912 -73.089314 -0.296871 0.954390 -0.031748 -0.884575 -0.262326 0.385632 -0.359715 -0.142567 -0.922106
-1.178575 -6.456983 25.879939 -59.883949 -0.270357 0.962570 -0.019128 -0.861660 -0.233057 0.450806 -0.429474 -0.138361 -0.892417
0.254110 -11.900083 128.935333 143.633663 0.092564 0.445813 0.890328 0.947478 -0.314352 0.058900 0.306134 0.838113 -0.451495
-0.053305 -12.857984 86.957588 -1.272641 0.092520 0.464941 0.880494 0.995460 -0.063047 -0.071309 0.022358 0.883094 -0.468663
1.240619 -12.063357 55.288495 115.922352 0.140672 0.486402 0.862337 0.965294 -0.260964 -0.010270 0.220043 0.833853 -0.506231
-0.860749 -12.924348 122.128872 51.364381 0.071036 0.465935 0.881963 0.986166 -0.165564 0.008038 0.149767 0.869191 -0.471250
1.410282 -9.955316 101.308243 174.927551 0.154046 0.446698 0.881323 0.892163 -0.446222 0.070226 0.424636 0.775466 -0.467266
-1.596061 -12.252028 104.880198 143.780005 0.100395 0.487179 0.867512 0.931465 -0.352485 0.090152 0.349706 0.799006 -0.489178
-0.279612 -9.850476 118.475176 160.480168 0.158178 0.433233 0.887293 0.864445 -0.495036 0.087603 0.477195 0.753159 -0.452810
-0.781932 -7.079485 -7.668506 123.468208 -0.060245 0.997497 -0.037005 -0.994966 -0.062983 -0.077944 0.080079 -0.032123 -0.996271
-0.924106 -7.095267 4.996666 124.611941 -0.045769 0.998730 -0.021076 -0.995613 -0.047329 -0.080714 0.081609 -0.017289 -0.996514
-0.860977 -7.469765 -18.355734 61.705815 -0.047752 0.998588 -0.023296 -0.970091 -0.051921 -0.237123 0.237997 -0.011276 -0.971200
-1.137207 -8.819296 -13.465321 8.070076 -0.051649 0.998591 -0.012152 -0.914597 -0.052184 -0.400985 0.401055 0.009596 -0.916004
-0.850168 -8.409537 -28.581912 -49.670710 -0.043383 0.998627 -0.029376 -0.927766 -0.051177 -0.369635 0.370631 -0.011218 -0.928712
-0.546069 -7.143493 -1.717790 87.872207 -0.177016 0.983273 -0.042893 -0.781349 -0.113897 0.613614 -0.598464 -0.142134 -0.788441
-0.433795 -7.477762 -15.254848 -9.791726 -0.187768 0.980966 -0.049496 -0.754474 -0.111783 0.646741 -0.628898 -0.158780 -0.761102
-0.560589 -7.450004 -10.215898 10.196526 -0.194200 0.980753 -0.020263 -0.774426 -0.140601 0.616843 -0.602121 -0.135483 -0.786825
-0.355949 -7.334291 -2.044820 -0.933029 -0.181897 0.981569 -0.058621 -0.746566 -0.099058 0.657896 -0.639963 -0.163434 -0.750824
-0.501212 -6.834603 15.497551 122.716066 -0.174939 0.983594 -0.044042 -0.761175 -0.106736 0.639704 -0.624508 -0.145433 -0.767359
0.327181 -11.818503 -24.312902 -278.398287 0.158742 0.982362 -0.098826 -0.966651 0.175012 0.186967 -0.200965 -0.065851 -0.977383
0.356710 -14.209979 -7.517194 -201.546547 0.151683 0.985355 -0.077894 -0.912811 0.169874 0.371376 -0.379169 -0.014771 -0.925210
0.305984 -11.969407 31.840850 -229.587759 0.158332 0.985340 -0.063525 -0.956693 0.169009 0.237010 -0.244272 -0.023248 -0.969428
0.644973 -9.015693 12.182334 -209.508699 0.186638 0.978858 -0.083690 -0.979247 0.192208 0.064278 -0.079005 -0.069956 -0.994417
3.784344 -5.945216 86.191377 87.206579 0.729869 0.572270 0.373895 -0.268423 -0.263102 0.926675 -0.628681 0.776714 0.038419
2.220459 -4.835873 45.448621 47.050571 0.727465 0.498358 0.471629 -0.301717 -0.385002 0.872204 -0.616248 0.776797 0.129713
2.453431 -3.897371 25.938868 64.247962 0.723658 0.586924 0.363098 -0.196324 -0.329311 0.923586 -0.661646 0.739645 0.123081
-0.033556 -16.781783 0.296018 87.822631 0.066695 0.982381 0.174586 0.992724 -0.082915 0.087318 0.100256 0.167492 -0.980763
0.353059 -15.273047 25.372956 -79.910583 0.056038 0.981699 0.182007 -0.983219 0.085958 -0.160909 0.173609 0.169936 -0.970042
-0.187408 -17.039305 17.351045 56.713623 0.095053 0.978129 0.185011 -0.950351 0.144484 -0.275603 0.296306 0.149629 -0.943300
-0.898108 -20.490773 39.049402 190.304606 0.117278 0.973524 0.196206 -0.888607 0.191086 -0.416969 0.443422 0.125449 -0.887491
-0.446500 -19.167574 1.396958 1.063699 0.121029 0.975705 0.182626 -0.964112 0.159339 -0.212364 0.236304 0.150369 -0.959974
0.963789 -11.624486 -10.045934 95.507860 -0.000129 0.981742 -0.190218 -0.969422 -0.046802 -0.240895 0.245400 -0.184370 -0.951728
0.940114 -10.655638 -1.840468 -15.327755 0.031709 0.983584 -0.177645 0.989119 -0.005334 0.147023 0.143662 -0.180374 -0.973050
0.671117 -12.317801 -7.870850 94.117119 0.024525 0.980404 -0.195466 -0.973713 -0.020864 -0.226820 0.226453 -0.195891 -0.954120
0.991889 -11.937455 -17.380500 24.708892 0.006325 0.980233 -0.197743 -0.910553 -0.076094 -0.406330 0.413345 -0.182626 -0.892073
1.136064 -16.082385 -30.668102 -26.481512 0.089730 0.995830 -0.016448 -0.926843 0.089536 0.364616 -0.364568 0.017473 -0.931013
1.496420 -15.596203 -44.447244 -89.837148 0.112150 0.992915 -0.039282 -0.986719 0.115950 0.113756 -0.117505 -0.026002 -0.992732
1.768900 -15.924952 -25.327986 -65.678618 0.086098 0.996287 0.000643 -0.975557 0.084175 0.202984 -0.202176 0.018104 -0.979182
2.047141 -15.421610 -33.593703 78.468170 0.096007 0.995162 -0.020865 0.995370 -0.095889 0.006585 0.004553 -0.021400 -0.999761
1.484631 -16.664486 -17.632152 -62.983451 0.059135 0.997310 0.043320 -0.916725 0.037078 0.397795 -0.395119 0.063237 -0.916451
1.958542 -16.260038 -2.046087 -102.659985 0.063634 0.996897 0.046337 -0.983947 0.054915 0.169801 -0.166729 0.056398 -0.984388
-1.027855 -25.512345 16.341486 -469.929078 -0.009202 0.967416 0.253027 -0.705850 0.172950 -0.686923 0.708301 0.184920 -0.681259
-0.502531 -27.706064 -18.484908 -393.257988 0.006706 0.974290 0.225199 -0.819354 0.134454 -0.557298 0.573248 0.180780 -0.799190
-0.881474 -31.988005 32.155049 -602.064120 0.009555 0.966436 0.256729 -0.889757 0.125382 -0.438876 0.456335 0.224233 -0.861091
-0.489775 -30.564536 17.045013 385.990719 0.004662 -0.878400 -0.477904 0.921637 0.189217 -0.338794 0.388024 -0.438875 0.810448
-0.764442 -33.822541 29.042971 92.434281 0.024628 -0.873569 -0.486078 0.999462 0.010989 0.030889 -0.021642 -0.486577 0.873370
-0.104601 -38.443528 49.400401 509.086030 0.023440 -0.856439 -0.515716 0.995040 0.069869 -0.070803 0.096671 -0.511498 0.853829
0.146510 -30.212036 50.835268 515.809022 0.004283 -0.860810 -0.508908 0.916265 0.207225 -0.342807 0.400550 -0.464826 0.789618
0.225667 -28.264836 -34.850062 506.650611 0.008833 0.870431 0.492210 0.782220 0.300627 -0.545670 0.622940 -0.389837 0.678213
-1.496031 -9.671281 5.665421 -61.501218 0.010945 0.471799 0.881638 0.846030 0.465621 -0.259675 -0.533023 0.748734 -0.394060
-1.829083 -10.186565 20.651596 -83.449053 -0.016861 0.492448 0.870179 0.843375 0.474476 -0.252172 -0.537061 0.729635 -0.423318
-1.765647 -8.420462 0.858723 -91.913110 -0.032428 0.492738 0.869574 0.750525 0.586567 -0.304386 -0.660046 0.642766 -0.388833
-1.530729 -7.064024 -16.863885 -129.475820 -0.038363 0.475361 0.878954 0.649751 0.680133 -0.339474 -0.759179 0.558078 -0.334958
-1.875655 -8.464491 -8.314657 -87.846232 -0.004305 0.463429 0.886123 0.756189 0.581345 -0.300361 -0.654339 0.668784 -0.352943
-1.442500 -7.042377 -4.127921 -113.860949 -0.049336 0.508053 0.859912 0.646588 0.672445 -0.360197 -0.761242 0.538238 -0.361677
0.062516 -36.778215 121.390785 905.996420 0.018464 -0.846114 -0.532683 0.887683 0.259036 -0.380684 0.460086 -0.465824 0.755863
2.121978 -6.244964 -19.114698 4.340782 0.107660 0.991436 -0.073917 -0.981148 0.117956 0.153082 -0.160490 -0.056043 -0.985445
1.524690 -6.041388 -27.301568 5.536666 0.105985 0.990486 -0.087779 0.993023 -0.110018 -0.042435 -0.051688 -0.082669 -0.995236
2.198409 -6.221703 -15.862499 8.995863 0.139760 0.988058 -0.064868 -0.983386 0.146166 0.107646 -0.115842 -0.048746 -0.992071
1.848397 -6.089922 -29.280443 19.387021 0.160496 0.984625 -0.068961 0.987021 -0.160488 0.005692 -0.005462 -0.068980 -0.997603
2.559260 -6.282409 -12.858149 -3.067031 0.141308 0.988097 -0.060793 -0.972714 0.149998 0.177000 -0.184012 -0.034123 -0.982332
-0.756391 -3.432249 76.729379 20.545413 0.430647 -0.411772 0.803111 0.348899 0.896628 0.272633 -0.832354 0.162795 0.529797
-1.975363 -4.156494 73.120353 33.950708 0.320289 -0.650181 0.688970 0.411147 0.750622 0.517227 -0.853448 0.117606 0.507736
-0.761286 -3.627491 71.592868 1.921552 0.427899 -0.454609 0.781174 0.320845 0.884408 0.338940 -0.844962 0.105603 0.524297
0.665036 -3.299133 104.845809 -15.281452 0.488037 -0.272427 0.829219 0.249787 0.953900 0.166377 -0.836317 0.125930 0.533587
-0.408242 -4.588474 -8.518568 -26.643529 0.152023 0.975311 -0.160182 -0.486289 0.214901 0.846960 -0.860472 0.050863 -0.506953
-0.699922 -4.886418 -18.748748 -30.995432 0.197136 0.953849 -0.226514 -0.458678 0.293937 0.838579 -0.866460 0.061417 -0.495455
-0.242321 -4.145115 -13.394560 -40.400333 0.164832 0.971093 -0.172651 -0.536363 0.235152 0.810567 -0.827735 0.041004 -0.559619
0.211399 -7.033636 -55.791305 -82.455863 -0.235344 0.971902 -0.004315 -0.957900 -0.232700 -0.168163 0.164442 0.035443 -0.985750
-0.179225 -6.833951 -17.350862 -14.036611 -0.185142 0.982376 0.025674 0.982186 0.184125 0.037530 0.032142 0.032165 -0.998966
0.027392 -7.974379 -38.244685 -48.408965 -0.211422 0.977314 0.012590 -0.957925 -0.204635 -0.201254 0.194112 0.054610 -0.979458
2.075787 -18.318682 -45.494490 101.363522 -0.008396 0.996673 0.081071 0.773659 0.057840 -0.630957 0.633547 -0.057424 0.771570
1.890619 -19.438274 -18.646350 249.668772 -0.023911 0.998981 0.038277 0.901942 0.038071 -0.430176 0.431195 -0.024238 0.901933
2.649895 -18.590989 -22.352181 -84.455544 -0.089660 0.995599 0.027271 0.785228 0.087506 -0.612993 0.612681 0.033547 0.789618
2.490437 -19.760799 -29.858368 -173.692351 -0.045281 0.998062 0.042690 0.646839 0.061859 -0.760114 0.761281 0.006805 0.648386
2.882228 -24.287016 -56.834601 -504.309051 -0.049970 0.998726 -0.007048 0.641619 0.026693 -0.766559 0.765394 0.042827 0.642135
-3.922547 -258.786678 110.576626 16661.723238 -0.839978 0.082240 0.536352 0.105385 0.994352 0.012576 -0.532288 0.067087 -0.843901
-4.274367 -174.705795 -24.832367 8811.782750 0.857319 -0.168282 -0.486503 0.358126 0.873852 0.328828 -0.369796 0.456140 -0.809437
308.323898 -7175.279139 5287.617602 578260.456552 -0.860308 0.288186 0.420497 0.224534 0.954764 -0.194963 -0.457661 -0.073313 -0.886099
-3.352555 -99.896525 93.855227 4198.027919 -0.786229 0.097861 0.610137 0.310039 0.916578 0.252508 -0.534527 0.387695 -0.750981
4.262446 -281.252955 424.177404 -19530.954070 0.871781 -0.288938 -0.395617 0.006461 0.814264 -0.580459 -0.489853 -0.503477 -0.711727
-2.819162 -114.259528 167.843908 4663.587351 -0.744557 0.169186 0.645763 -0.025650 0.959386 -0.280927 -0.667065 -0.225731 -0.709978
-5.218366 -8.723515 -18.403431 26.265873 0.939694 -0.341909 0.008545 -0.252425 -0.676469 0.691861 0.230773 0.652295 0.721980
-5.530785 -8.730216 -0.223795 38.312767 0.907846 -0.418757 -0.021391 -0.302775 -0.689987 0.657454 0.290073 0.590390 0.753191
-5.943183 -9.242351 2.535749 45.194027 0.885880 -0.463692 0.014393 -0.319039 -0.586412 0.744537 0.336796 0.664162 0.667426
-5.500680 -9.215775 -37.325599 30.447567 0.917801 -0.389517 0.076931 -0.292863 -0.533319 0.793601 0.268092 0.750898 0.603555
-5.078645 -8.881083 -51.116230 5.344091 0.943349 -0.312754 0.110800 -0.271244 -0.534582 0.800405 0.191099 0.785116 0.589131
-4.882728 -8.496745 -39.383809 8.321304 0.962108 -0.266141 0.059303 -0.221146 -0.634405 0.740692 0.159507 0.725741 0.669222
-4.852076 -8.435025 -44.699655 22.987043 0.971990 -0.228507 0.054950 -0.205342 -0.711970 0.671516 0.114323 0.663991 0.738950
9.086770 -16.849828 -930.309470 -435.424158 0.904760 0.160483 0.394530 0.424920 -0.403573 -0.810291 -0.029184 -0.900763 0.433329
13.925725 -11.286440 -910.622826 -216.146423 0.896936 0.231731 0.376573 0.441623 -0.511494 -0.737118 -0.021801 -0.827451 0.561115
15.398774 -17.120268 -570.184297 -434.446281 0.879096 0.373994 0.295497 0.446296 -0.428177 -0.785802 0.167360 -0.822674 0.543321
6.547999 -22.778307 -725.277067 -472.518347 0.914889 0.224487 0.335535 0.382592 -0.216864 -0.898106 0.128848 -0.950040 0.284293
12.105036 -23.078568 -126.071257 -685.972404 0.794471 0.582522 0.171710 0.393934 -0.279126 -0.875731 0.462203 -0.763385 0.451233
-1.336458 -3.969062 0.399210 63.211447 -0.301925 0.806396 0.508494 -0.141030 0.489737 -0.860388 0.942842 0.331486 0.034138
-1.098621 -5.675608 -3.193928 125.718925 -0.271676 0.790005 0.549622 -0.099252 0.545057 -0.832503 0.957257 0.280722 0.069669
-1.270562 -4.216849 -12.329928 63.788385 -0.286244 0.841848 0.457554 -0.134976 0.437345 -0.889107 0.948602 0.316260 0.011558
-1.076443 -8.492552 -21.775022 -63.849845 -0.064290 0.984082 0.165679 0.931650 -0.000310 0.363356 -0.357624 -0.177715 0.916800
-2.971326 -5.735984 340.692267 -16.278249 0.793372 0.512671 0.328221 -0.537809 0.842903 -0.016605 -0.285172 -0.163346 0.944455
-1.514870 -8.524731 -3.805028 -92.063971 -0.079778 0.987616 0.135090 0.909657 0.016712 0.415025 -0.407628 -0.155995 0.899725
-0.587273 -7.373210 -39.433078 -60.273370 -0.009007 0.980996 0.193816 0.882001 -0.083533 0.463785 -0.471161 -0.175123 0.864488
-0.161069 -7.452505 -77.086594 -53.361995 0.009449 0.971958 0.234963 0.902742 -0.109353 0.416051 -0.430078 -0.208180 0.878461
-1.165751 -7.552252 16.444282 103.806838 -0.116101 0.987149 -0.109807 0.347560 -0.063188 -0.935526 0.930442 0.146780 0.335758
-1.244670 -7.188529 -0.461869 111.039466 -0.099156 0.976212 -0.192815 0.341463 -0.148624 -0.928070 0.934650 0.157863 0.318604
-1.459377 -8.582204 3.728186 102.383357 -0.118709 0.984190 -0.131443 0.433080 -0.067803 -0.898802 0.893504 0.163621 0.418184
-1.588591 -9.077462 -10.752795 67.978600 -0.100269 0.993123 -0.060442 0.480866 -0.004812 -0.876781 0.871042 0.116978 0.477076
-0.612325 -7.958345 27.319750 29.029196 0.172722 0.984463 -0.031631 -0.973854 0.165874 -0.155222 0.147563 -0.057614 -0.987373
-0.678582 -7.738074 11.764316 23.125716 0.179328 0.982511 -0.050131 -0.980829 0.174606 -0.086527 0.076261 -0.064687 -0.994987
-0.206891 -7.837629 21.805062 10.933895 0.134059 0.990229 -0.038393 0.990915 -0.133529 0.016062 0.010778 -0.040197 -0.999134
-0.487303 -7.929229 3.396701 38.136724 0.187259 0.980431 -0.060738 0.982152 -0.187981 -0.006350 -0.017643 -0.058465 -0.998134
-0.392004 -8.025103 29.670815 40.686054 0.161366 0.986598 -0.024196 -0.973426 0.155080 -0.168497 0.162486 -0.050742 -0.985405
1.471074 -0.864747 -30.012912 30.594071 0.000293 0.757155 -0.653235 -0.032709 -0.652878 -0.756757 0.999465 -0.021588 -0.024574
0.919330 -0.788642 -56.620741 9.798380 0.015984 0.661454 -0.749816 0.030282 0.749247 0.661598 0.999414 -0.033281 -0.008054
0.710169 -0.643675 -58.990091 24.271716 0.033693 0.802951 -0.595092 -0.024724 -0.594578 -0.803658 0.999126 -0.041791 0.000181
1.192014 -1.187011 -22.753501 40.766925 0.017905 0.825802 -0.563677 -0.012750 -0.563532 -0.825996 0.999758 -0.021976 -0.000439
-0.293263 -4.991043 -35.456780 -38.178378 -0.058045 -0.324881 0.943972 0.679748 0.679652 0.275710 -0.731145 0.657667 0.181387
0.211987 -3.940900 -30.104469 -6.845952 -0.007566 -0.270702 0.962633 0.694562 0.691129 0.199811 -0.719393 0.670120 0.182791
0.749832 -4.154112 -59.701308 -45.274902 0.072007 -0.179918 0.981043 0.619361 0.779040 0.097412 -0.781797 0.600605 0.167531
0.026193 -4.654205 -46.084796 2.801099 -0.144835 -0.383828 0.911975 0.732178 0.578383 0.359707 -0.665536 0.719826 0.197260
0.087389 -4.615361 -55.217405 -64.481284 0.010356 -0.250094 0.968166 0.607490 0.770631 0.192569 -0.794260 0.586157 0.159910
-0.686255 -5.304943 -17.801756 -70.222268 -0.058826 -0.365210 0.929065 0.631777 0.706961 0.317905 -0.772915 0.605663 0.189143
-3.273874 -23.248456 -6.602176 -674.538767 -0.134621 0.990105 0.039606 -0.817630 -0.133573 0.560036 -0.559785 -0.043010 -0.827521
-3.662897 -14.533525 -19.626676 -482.426869 -0.112982 0.991291 0.067656 -0.928139 -0.129600 0.348944 -0.354674 0.023370 -0.934698
-3.284592 -14.016460 5.256195 -498.731325 -0.111648 0.993728 0.006356 -0.945622 -0.108205 0.306744 -0.305507 -0.028237 -0.951771
0.243096 -24.103659 -10.421632 -525.886069 -0.340886 0.905433 -0.252957 -0.889399 -0.397780 -0.225255 0.304574 -0.148193 -0.940890
-0.283713 -21.502424 -7.202113 -339.640093 -0.309007 0.917427 -0.250685 -0.886753 -0.373202 -0.272743 0.343778 -0.138016 -0.928853
0.094635 -18.693787 -7.677208 -406.177823 -0.347694 0.899442 -0.264789 -0.782501 -0.433942 -0.446526 0.516527 -0.051943 -0.854694
0.210856 -22.308843 -21.539681 -394.816028 -0.343291 0.901487 -0.263577 -0.857821 -0.415219 -0.302881 0.382485 -0.122125 -0.915855
0.284842 -23.438438 9.679021 275.905457 -0.333324 0.911926 -0.239345 0.932509 0.356310 0.058913 0.139005 -0.203554 -0.969146
0.151346 -18.657191 11.167984 -393.505871 -0.358046 0.899675 -0.249774 -0.787004 -0.434738 -0.437752 0.502421 -0.039838 -0.863705
-0.123579 -13.401002 -2.140734 -55.269813 -0.163087 0.977190 -0.136020 -0.954344 -0.121276 0.272984 -0.250261 -0.174330 -0.952354
-0.042405 -12.471103 32.097634 -58.779997 -0.141058 0.984155 -0.107429 -0.977483 -0.121250 0.172699 -0.156937 -0.129371 -0.979099
-0.459359 -14.027232 -15.575390 -90.597450 -0.080207 0.985326 -0.150661 0.992563 0.065065 -0.102884 -0.091572 -0.157793 -0.983217
-0.025805 -15.009451 -29.833065 -62.931130 -0.174349 0.974329 -0.142425 -0.933977 -0.117815 0.337351 -0.311912 -0.191838 -0.930542
-2.795105 -5.975041 -77.503279 -55.221809 -0.050055 0.996709 0.063758 0.421914 -0.036760 0.905891 -0.905253 -0.072245 0.418685
-2.275694 -5.481014 -123.209540 -63.835703 -0.034784 0.977518 0.207964 0.342855 -0.183790 0.921234 -0.938744 -0.103346 0.328754
-1.977858 -5.578643 -93.088029 -35.186855 -0.078436 0.990680 0.111364 0.466933 -0.062190 0.882103 -0.880807 -0.121188 0.457703
-3.202473 -5.955510 -53.551669 -58.666240 0.007310 0.996126 0.087638 0.371376 -0.084077 0.924668 -0.928454 -0.025788 0.370551
-3.142730 -6.372757 -40.141854 1.138430 -0.078100 0.994296 -0.072639 0.501133 0.102142 0.859321 -0.861839 -0.030711 0.506251
3.933215 -36.950074 -167.756666 433.153744 -0.438250 0.869369 -0.228327 0.872955 0.351126 -0.338615 -0.214210 -0.347718 -0.912802
4.733520 -41.910180 -116.912739 -841.302757 -0.414863 0.885247 -0.210302 -0.738166 -0.192321 0.646625 -0.531977 -0.423498 -0.733246
2.618028 -39.770806 -124.185958 867.046536 -0.448974 0.855825 -0.256878 0.782880 0.238187 -0.574774 -0.430721 -0.459163 -0.776948
2.911033 -44.275457 -131.980114 -845.472787 -0.458997 0.860327 -0.221717 -0.537196 -0.069981 0.840549 -0.707632 -0.504915 -0.494286
-0.935217 -40.643461 -15.599017 585.077908 -0.289441 0.955893 -0.049915 0.926822 0.266843 -0.264187 0.239215 0.122729 0.963179
-1.110990 -50.075406 -101.520726 1299.006584 -0.328970 0.942886 -0.052400 0.938550 0.332584 0.092257 -0.104415 0.018830 0.994355
0.454380 -39.799204 -141.063387 1208.217765 -0.251158 0.967568 0.027042 0.965705 0.252379 -0.060983 0.065830 -0.010798 0.997772
-0.395127 -29.196099 -47.459475 257.334162 -0.298377 0.954438 -0.004382 0.892759 0.277465 -0.354958 0.337569 0.109823 0.934872
5.150426 -6.346543 -59.872521 -32.431616 0.044308 0.998378 0.035755 0.981292 -0.050206 0.185864 -0.187357 -0.026851 0.981925
5.142707 -6.169219 31.433974 -23.515759 0.055817 0.997186 -0.050041 0.970291 -0.042358 0.238204 -0.235415 0.061850 0.969925
5.065391 -6.465282 34.515954 -39.604309 0.062826 0.995804 -0.066539 0.988196 -0.052735 0.143829 -0.139717 0.074789 0.987363
4.715509 -6.668110 -12.649084 -25.267835 0.053546 0.998503 -0.011159 0.997080 -0.052854 0.055119 -0.054447 0.014077 0.998417
-1.593116 -9.213105 -18.981264 -87.859267 0.546848 -0.439279 0.712735 0.817628 0.463346 -0.341754 -0.180118 0.769640 0.612546
-1.530017 -9.209943 -13.075902 -81.636940 0.488795 -0.448728 0.748147 0.853891 0.421793 -0.304896 -0.178748 0.787867 0.589334
-2.032950 -7.453123 -6.070582 -56.505801 0.498324 -0.446339 0.743273 0.815435 0.532512 -0.226928 -0.294515 0.719174 0.629324
-2.531927 -4.105668 -87.417969 41.528347 0.183972 0.697148 0.692920 -0.025068 0.708051 -0.705716 -0.982612 0.112462 0.147738
-2.507458 -3.730155 -87.760238 26.302612 0.203794 0.568411 0.797105 0.059824 0.805440 -0.589650 -0.977184 0.167853 0.130140
-1.113214 -3.522462 -60.736017 -2.300096 0.175264 0.456695 0.872188 0.035962 0.882340 -0.469237 -0.983864 0.113606 0.138218
-3.602085 -4.784094 -27.110192 -113.455015 0.203997 0.939631 0.274735 0.117503 -0.302109 0.946004 -0.971894 0.160700 0.172039
-3.446604 -4.944119 -46.703652 -94.095777 0.149694 0.944958 0.290940 0.153508 -0.312899 0.937299 -0.976743 0.095647 0.191898
-2.147697 -6.430296 12.482578 -9.468390 0.279285 0.958960 0.048941 0.678151 -0.233074 0.696985 -0.679787 0.161468 0.715414
-1.973220 -6.326376 8.037702 14.784699 0.256839 0.965385 0.045452 0.745375 -0.227803 0.626515 -0.615182 0.127035 0.778083
-1.925780 -6.408836 9.868549 6.029739 0.333816 0.940339 0.065807 0.697912 -0.293474 0.653293 -0.633629 0.172151 0.754240
-1.654847 -6.157607 14.056422 38.419831 0.271438 0.961551 0.041733 0.795895 -0.248633 0.552027 -0.541178 0.116626 0.832781
-2.233081 -6.131504 14.656036 -19.321119 0.325196 0.943789 0.059240 0.611104 -0.257546 0.748479 -0.721664 0.207200 0.660507
-1.978452 -6.274373 3.147587 -17.909339 0.383918 0.920000 0.078781 0.626495 -0.322210 0.709707 -0.678315 0.223114 0.700078
-1.806584 -6.478324 10.843387 15.353887 0.391857 0.916571 0.079665 0.697771 -0.352514 0.623578 -0.599637 0.188765 0.777691
-1.681920 -6.341604 10.752388 29.517127 0.348334 0.934832 0.068936 0.752001 -0.322596 0.574827 -0.559605 0.148392 0.815366
-1.776841 -9.584286 117.484017 -492.894801 0.913808 -0.378222 0.147995 -0.395677 -0.911247 0.114318 -0.091622 0.163023 0.982359
-3.965715 -5.938066 142.969003 422.012711 0.903861 -0.385811 0.184894 0.402593 0.913246 -0.062455 -0.144758 0.130888 0.980772
-2.020674 -74.017978 76.218495 -3917.205757 0.990452 -0.006731 0.137693 -0.029252 -0.986324 0.162203 -0.134718 0.164682 0.977103
0.516961 -81.469563 60.926410 -4608.088245 0.982766 -0.132459 0.128944 -0.150597 -0.978208 0.142930 -0.107201 0.159885 0.981297
0.673571 -124.375222 -0.639515 7117.150727 0.990693 -0.029964 0.132778 0.022555 0.998122 0.056959 -0.134236 -0.053434 0.989508
-9.083559 -13.231648 7.394433 280.772500 0.123351 0.844416 0.521293 -0.368237 0.526748 -0.766119 0.921513 0.097458 -0.375920
-8.427516 -11.584276 166.840817 81.956376 -0.144731 0.986326 0.078828 -0.295617 0.032925 -0.954739 0.944279 0.161484 -0.286810
-6.317017 -10.855096 -6.767194 91.217937 -0.261670 0.958493 -0.113224 -0.313269 -0.195306 -0.929365 0.912903 0.207718 -0.351371
-5.728604 -8.932451 -34.808141 92.739856 -0.397897 0.861484 -0.315474 -0.378919 -0.467485 -0.798673 0.835523 0.198251 -0.512443
2.090365 -4.287216 464.271458 -123.997669 0.979703 -0.199280 0.021684 0.195436 0.925502 -0.324423 -0.044582 -0.322076 -0.945664
0.205921 -3.656329 -56.551061 -158.174847 0.952298 0.144776 -0.268641 -0.231910 0.915519 -0.328698 -0.198358 -0.375319 -0.905422
-5.119906 -9.606819 8.133500 -61.021604 0.110031 0.984748 -0.134775 -0.789052 0.168999 0.590624 -0.604392 -0.041357 -0.795613
-5.128295 -8.770501 25.947264 -51.439545 0.121013 0.972635 -0.198333 -0.845746 0.205627 0.492373 -0.519683 -0.108156 -0.847486
-5.261615 -9.737703 21.531312 -76.820864 0.060880 0.977088 -0.203943 -0.784462 0.173175 0.595508 -0.617182 -0.123731 -0.777031
-5.017278 -10.496651 -16.602626 -83.072357 -0.019269 0.973170 -0.229278 -0.742890 0.139540 0.654709 -0.669137 -0.182944 -0.720269
-5.094632 -10.554267 8.379937 -62.304544 0.009297 0.988507 -0.150891 -0.698981 0.114333 0.705942 -0.715080 -0.098907 -0.692010
-0.777685 -5.772913 -53.752153 -56.511996 -0.230933 0.967728 -0.100859 -0.895517 -0.170874 0.410915 -0.380420 -0.185215 -0.906077
0.096804 -5.787286 -64.635804 -28.896332 -0.193804 0.971847 -0.133990 -0.896898 -0.120181 0.425595 -0.397510 -0.202657 -0.894939
-0.415151 -6.372886 -69.526133 -32.465436 -0.213022 0.968431 -0.129472 -0.855481 -0.120858 0.503533 -0.471990 -0.218025 -0.854220
-0.669455 -5.103335 -53.931374 -35.949021 -0.206613 0.972117 -0.110900 -0.925242 -0.157264 0.345246 -0.318179 -0.173942 -0.931937
0.659391 -12.782632 5.507106 3.486959 0.148715 0.513563 0.845066 0.988631 -0.058045 -0.138705 -0.022182 0.856087 -0.516356
-0.108809 -12.506800 22.186244 -74.114884 0.097194 0.493060 0.864549 0.978700 0.110478 -0.173034 -0.180830 0.862952 -0.471820
-0.835669 -12.470441 70.227236 -100.694486 0.057729 0.477990 0.876466 0.970572 0.178722 -0.161395 -0.233789 0.859991 -0.453606
-1.325459 -13.089636 101.893786 -65.960533 0.053663 0.483986 0.873429 0.994959 0.048289 -0.087888 -0.084714 0.873742 -0.478955
-0.877819 -7.175602 4.362443 17.780721 -0.078447 0.996710 -0.020386 -0.996248 -0.079127 -0.035051 0.036549 -0.017560 -0.999178
-0.993162 -7.037099 14.571954 119.801888 -0.080827 0.996727 -0.001570 -0.992870 -0.080653 -0.087777 0.087616 0.005535 -0.996139
-0.218446 -7.723765 -16.294701 -71.650358 -0.194172 0.979955 -0.044556 -0.730646 -0.114167 0.673143 -0.654564 -0.163260 -0.738168
-0.228948 -6.963399 -16.855224 -106.966703 -0.187510 0.980169 -0.064101 -0.722109 -0.093315 0.685456 -0.665881 -0.174818 -0.725287
0.338290 -14.067425 13.529368 -140.352531 0.128597 0.989652 -0.063652 -0.887796 0.143488 0.437298 -0.441906 -0.000275 -0.897061
3.520484 -15.207400 -6.712863 188.130615 0.276312 0.959941 -0.046540 0.789153 -0.254258 -0.559097 0.548533 -0.117757 0.827795
3.949877 -15.605948 -19.080858 139.991935 0.281539 0.956843 -0.072026 0.837252 -0.281633 -0.468713 0.468770 -0.071657 0.880409
3.534875 -13.428167 -44.482146 166.454070 0.270534 0.960032 -0.071764 0.714062 -0.250099 -0.653885 0.645698 -0.125654 0.753183
2.950566 -12.162322 -18.665868 185.767972 0.277482 0.959803 -0.042216 0.640163 -0.217481 -0.736813 0.716376 -0.177428 0.674778
2.478543 -12.663368 -33.415380 165.912061 0.288734 0.957342 0.011332 0.702153 -0.203692 -0.682269 0.650856 -0.204951 0.731014
0.445187 -16.028853 17.200244 170.445502 0.037191 0.984323 0.172411 0.999248 -0.034736 -0.017235 -0.010976 0.172923 -0.984874
1.003371 -14.535322 36.368279 171.751487 0.042104 0.985050 0.167045 0.996219 -0.054109 0.067976 0.075998 0.163551 -0.983603
0.963170 -9.653120 -13.183982 -25.196623 0.024871 0.985414 -0.168348 0.986034 0.003559 0.166508 0.164678 -0.170138 -0.971563
0.783814 -15.576457 -32.787240 22.355715 0.132440 0.990192 -0.044495 -0.957087 0.139429 0.254056 -0.257769 -0.008939 -0.966165
1.795735 -15.057831 -47.118458 -89.080460 0.120701 0.991402 -0.050539 -0.988355 0.115266 -0.099336 0.092657 -0.061941 -0.993770
-0.329918 -26.829636 -59.446229 -271.013598 0.026185 0.979365 0.200397 -0.739159 0.153932 -0.655705 0.673022 0.130956 -0.727937
-0.501029 -28.747282 -55.297220 -241.065234 0.021449 0.978705 0.204149 -0.902012 0.107009 -0.418239 0.431179 0.175174 -0.885098
-0.723501 -22.487330 -25.046972 -274.535710 0.011283 0.974217 0.225330 -0.622036 0.183273 -0.761237 0.782907 0.131574 -0.608066
-1.357075 -33.566753 16.648732 -67.879223 0.027289 -0.885290 -0.464239 0.978239 -0.071904 0.194621 -0.205677 -0.459447 0.864063
-1.120758 -32.995068 24.218281 -128.545370 0.032344 -0.881876 -0.470371 0.926871 -0.149630 0.344269 -0.373985 -0.447108 0.812545
-1.455465 -11.318818 50.177643 -113.873272 0.024015 0.480448 0.876694 0.905359 0.361453 -0.222884 -0.423968 0.799075 -0.426298
0.352253 -34.793334 10.822298 469.284209 0.047595 -0.864519 -0.500342 0.974461 0.150240 -0.166897 0.219457 -0.479620 0.849590
0.659042 -36.594672 -0.000324 757.093518 -0.063906 0.863351 0.500540 0.877953 0.287100 -0.383109 0.474463 -0.414968 0.776329
0.496444 -38.662669 -6.531069 806.059159 -0.033505 0.873800 0.485129 0.902840 0.234656 -0.360301 0.428670 -0.425922 0.796764
-0.130459 -18.275892 26.589304 268.485108 -0.053975 0.982686 0.177244 -0.866780 -0.134236 0.480284 -0.495761 0.127709 -0.859018
-0.288672 -24.551146 58.104114 302.688044 -0.106942 0.968350 0.225524 -0.912054 -0.185856 0.365535 -0.395881 0.166599 -0.903063
-0.069650 -17.418058 8.419948 112.572126 -0.131685 0.972357 0.192825 -0.948825 -0.179961 0.259511 -0.287038 0.148783 -0.946294
1.468132 -6.194204 -55.893789 2.346261 0.051713 0.991495 -0.119432 -0.986495 0.069327 0.148394 -0.155412 -0.110146 -0.981690
0.917108 -5.979611 -56.551677 24.131974 0.067969 0.989445 -0.127983 0.997299 -0.070962 -0.018967 -0.027848 -0.126348 -0.991595
0.752819 -5.590474 -23.534842 30.572179 0.101909 0.990018 -0.097355 0.992495 -0.094537 0.077560 0.067582 -0.104528 -0.992223
1.290040 -5.796702 -27.973584 23.831586 0.131819 0.987850 -0.082322 0.990159 -0.127279 0.058186 0.047001 -0.089182 -0.994906
-2.027185 -4.962099 30.375000 51.906418 0.644834 0.625609 0.439093 0.005522 -0.578284 0.815817 -0.764303 0.523642 0.376352
-1.490655 -4.004938 36.660233 -72.777952 0.648900 0.597032 0.471680 -0.046360 0.649791 -0.758698 -0.759460 0.470452 0.449327
-1.166037 -4.367967 48.445099 -65.168765 0.660035 0.467675 0.587906 0.102516 0.719193 -0.687206 -0.744207 0.513850 0.426748
-2.434132 -4.051423 -51.612345 55.739680 -0.254508 0.709156 -0.657513 0.475459 0.683811 0.553481 -0.842119 0.171755 0.511210
-3.131636 -5.270210 -22.823493 93.094540 -0.098718 0.902396 -0.419448 0.471373 0.413622 0.778925 -0.876391 0.120823 0.466197
-0.370350 -3.077364 113.542429 39.726363 0.484403 -0.271032 0.831802 0.334800 0.935851 0.109963 -0.808247 0.225221 0.544071
-3.182565 -5.223498 -5.370000 117.167532 0.026293 0.943973 -0.328973 0.514565 0.269361 0.814044 -0.857048 0.190682 0.478653
-2.477228 -3.799632 -51.227346 59.447301 -0.239008 0.706202 -0.666449 0.507555 0.675975 0.534272 -0.827806 0.210564 0.520000
-1.301759 -3.919283 26.362465 -56.176675 -0.218082 0.912472 0.346174 -0.570957 -0.406963 0.713014 -0.791485 0.042155 -0.609733
-1.585819 -4.800332 -4.650927 -25.359176 -0.312648 0.851405 0.421142 -0.453731 -0.523379 0.721251 -0.834493 -0.034412 -0.549943
-1.643794 -4.663118 25.862758 -40.200726 -0.213114 0.907678 0.361529 -0.487708 -0.419462 0.765633 -0.846595 0.013153 -0.532075
-1.227040 -4.494768 -28.358890 -49.156891 -0.339400 0.846717 0.409729 -0.506673 -0.531556 0.678771 -0.792521 -0.022776 -0.609419
-0.954805 -3.623167 50.185469 -42.922874 -0.101543 0.965125 0.241292 -0.594789 -0.253319 0.762926 -0.797443 0.066048 -0.599769
-0.680381 -3.197457 53.005115 -37.266542 -0.068190 0.978676 0.193762 -0.657732 -0.190130 0.728861 -0.750159 0.077742 -0.656672
-0.967670 -3.562285 6.996195 -65.060799 -0.208262 0.933476 0.291975 -0.630989 -0.356321 0.689121 -0.747315 0.040715 -0.663221
0.064938 -8.420077 -10.274398 -43.294915 -0.207179 0.977515 0.039262 -0.928404 -0.183800 -0.322931 0.308453 0.103356 -0.945608
-0.576641 -9.481697 -33.079573 -103.075712 -0.153269 0.987340 0.040850 -0.944169 -0.134117 -0.300928 0.291640 0.084692 -0.952771
-0.345376 -8.158038 -19.709869 -73.915590 -0.166830 0.984395 0.055991 -0.903805 -0.129981 -0.407728 0.394087 0.118626 -0.911385
-3.426295 -523.314599 -523.979228 25179.478597 0.776298 -0.247406 -0.579786 0.547371 0.720742 0.425341 -0.312644 0.647550 -0.694934
1.260619 -13.161712 -2.943808 19.512931 -0.005606 0.988530 -0.150921 -0.716418 -0.109264 -0.689062 0.697649 -0.104259 -0.708813
1.239903 -12.533559 -12.319532 -73.002644 -0.018628 0.982042 -0.187740 -0.797977 -0.127737 -0.588996 0.602401 -0.138840 -0.786026
1.414873 -12.425395 12.580044 13.004195 -0.007384 0.985633 -0.168741 -0.704428 -0.124895 -0.698700 0.709737 -0.113707 -0.695230
0.534824 -5.732242 88.369718 -8.856432 -0.273984 0.934059 -0.229056 -0.605009 -0.352537 -0.713921 0.747594 0.057022 -0.661703
0.510146 -5.536058 96.077431 -23.504914 -0.272646 0.937326 -0.216987 -0.565470 -0.338582 -0.752068 0.778401 0.082349 -0.622343
-0.625097 -5.802976 25.246735 -7.875778 -0.274616 0.923867 -0.266563 -0.595584 -0.381070 -0.707153 0.754895 0.035435 -0.654888
-5.803420 -8.693866 -13.688641 37.350890 0.863850 -0.503647 -0.010159 -0.380035 -0.664803 0.643125 0.330662 0.551703 0.765694
5.309123 -8.174861 -897.513385 -91.232645 0.897858 0.168799 0.406642 0.421540 -0.596195 -0.683269 -0.127102 -0.784894 0.606454
16.298868 -7.714174 -863.401612 -60.871097 0.871598 0.329864 0.362637 0.490191 -0.578354 -0.652089 0.005368 -0.746121 0.665789
-0.795395 -5.298658 27.801421 111.218510 -0.295211 0.723952 0.623493 -0.130864 0.615789 -0.776968 0.946428 0.310962 0.087048
-0.841642 -7.547682 11.105607 170.652400 -0.279556 0.763608 0.582023 -0.036277 0.597359 -0.801153 0.959444 0.245081 0.139294
-0.992477 -8.334439 -12.183988 149.660184 -0.254137 0.800916 0.542170 0.016399 0.564062 -0.825570 0.967029 0.200917 0.156483
-1.072802 -6.558052 -5.920554 113.483781 -0.249734 0.811706 0.527983 -0.071398 0.528339 -0.846026 0.965679 0.248979 0.073990
-0.596577 -5.581920 23.827963 117.875025 -0.101162 0.973311 -0.205990 0.226931 -0.179019 -0.957316 0.968643 0.143589 0.202764
-0.376106 -4.840935 -2.911720 105.209685 -0.048739 0.945068 -0.323220 0.225822 -0.304799 -0.925258 0.972949 0.118087 0.198562
-0.822473 -5.966897 1.436746 94.018754 -0.055791 0.947135 -0.315947 0.309224 -0.284491 -0.907439 0.949351 0.148325 0.277005
-1.388137 -7.542708 -2.605088 96.449291 -0.089990 0.967484 -0.236383 0.407250 -0.180850 -0.895232 0.908873 0.176829 0.377733
2.016887 -6.275737 -175.258788 30.128871 0.109093 0.993783 -0.022221 0.681674 -0.091063 -0.725967 0.723477 -0.064050 0.687370
-0.286331 -5.996963 -177.367912 22.035588 0.119899 0.992671 -0.015146 0.671435 -0.092318 -0.735291 0.731300 -0.077991 0.677583
1.630787 -6.538350 -159.615755 12.603895 0.088831 0.995972 -0.012189 0.746382 -0.074663 -0.661316 0.659563 -0.049648 0.750008
1.122543 -5.523211 -171.085456 45.323948 0.136715 0.990192 -0.028774 0.599468 -0.105822 -0.793372 0.788636 -0.091217 0.608057
3.683983 -6.785153 -74.644401 37.362144 0.042324 0.995085 -0.089527 0.725546 -0.092216 -0.681967 0.686871 0.036092 0.725883
3.430531 -6.099310 -119.358083 43.838617 0.091446 0.992036 -0.086618 0.636092 -0.125116 -0.761402 0.766175 -0.014530 0.642467
2.512083 -11.542451 -22.594684 -243.283167 0.061187 0.997255 -0.041685 0.262595 0.024209 0.964602 -0.962964 0.069968 0.260393
2.587896 -13.077447 -22.812627 -205.218983 0.047062 0.998891 0.001507 0.413410 -0.020851 0.910306 -0.909328 0.042217 0.413933
2.137177 -11.280415 -16.490032 -165.184909 0.019252 0.999561 0.022541 0.291779 -0.027180 0.956099 -0.956292 0.011830 0.292174
1.798819 -9.924797 -20.880963 -85.055675 0.028764 0.999572 0.005247 0.170942 -0.010090 0.985229 -0.984861 0.027442 0.171159
-0.787951 -8.396627 -2.868655 68.518325 0.199399 0.978270 -0.056815 -0.961578 0.184173 -0.203587 0.188699 -0.095227 -0.977407
-0.839256 -7.977546 -16.109188 -34.086222 0.197491 0.977712 -0.071255 0.976709 -0.190026 0.099652 0.083891 -0.089276 -0.992468
-0.646017 -8.755314 19.301595 60.520787 0.192707 0.980927 -0.025417 -0.944977 0.178542 -0.274120 0.264353 -0.076844 -0.961360
-0.815101 -8.480158 -14.771720 68.320739 0.200798 0.977331 -0.067109 -0.958843 0.182037 -0.217905 0.200749 -0.108102 -0.973660
-0.633675 -9.697557 -1.512361 118.873721 0.198923 0.978953 -0.045618 -0.924635 0.172052 -0.339778 0.324778 -0.109770 -0.939399
1.238045 -3.378037 -59.212047 -2.162738 0.173863 -0.079491 0.981556 0.619865 0.783338 -0.046358 -0.765205 0.616493 0.185467
0.600507 -17.414922 2.799690 104.790782 -0.090327 0.994161 -0.059033 0.927185 0.062308 -0.369386 0.363551 0.088100 0.927399
0.488485 -17.644770 1.453795 -103.732828 -0.094314 0.993281 -0.067064 0.991730 0.087850 -0.093559 0.087039 0.075333 0.993352
0.699596 -17.145702 -17.894559 20.126957 -0.098098 0.992759 -0.069333 0.943393 0.070587 -0.324079 0.316838 0.097199 0.943486
0.629582 -17.838000 6.412406 -163.231944 0.092810 -0.994784 0.042315 0.995217 0.091381 -0.034543 0.030496 0.045319 0.998507
0.524790 -16.874966 -1.957066 151.870258 -0.104057 0.990351 -0.091529 0.851989 0.041282 -0.521930 0.513115 0.132292 0.848063
0.669994 -16.353282 13.750429 272.699147 -0.093270 0.993945 -0.058090 0.818174 0.043268 -0.573340 0.567355 0.101004 0.817255
0.975838 -17.254840 35.235734 256.629188 -0.094739 0.992775 -0.073637 0.877875 0.048436 -0.476435 0.469426 0.109781 0.876121
0.715220 -17.795124 22.493372 45.735627 -0.094520 0.993572 -0.062290 0.969324 0.077592 -0.233216 0.226884 0.082423 0.970428
0.112544 -18.417250 0.871537 -376.858428 -0.295848 0.921493 -0.251644 -0.791857 -0.383925 -0.474936 0.534263 -0.058757 -0.843274
-0.018026 -11.813141 21.833887 -92.606714 -0.186799 0.978066 -0.092154 -0.964387 -0.164686 0.206970 -0.187254 -0.127534 -0.973998
-0.249534 -11.817696 26.672842 -119.538785 -0.076883 0.992239 -0.097724 0.996411 0.072984 -0.042871 -0.035406 -0.100669 -0.994290
-2.468091 -4.944258 -103.647828 -43.179256 0.067844 0.920571 0.384637 0.252959 -0.388799 0.885916 -0.965095 -0.037194 0.259245
0.958484 -31.303008 83.303347 454.526436 0.366896 -0.929203 0.044376 0.929292 0.363919 -0.063078 0.042463 0.064382 0.997021
1.236924 -40.609501 -18.727952 214.259260 0.360294 -0.928398 0.090916 0.925178 0.343169 -0.162110 0.119303 0.142521 0.982575
1.080890 -30.274503 -23.998317 84.510479 -0.329871 0.941822 -0.064478 0.880654 0.282405 -0.380388 0.340049 0.182262 0.922577
1.277408 -39.979810 -49.676711 337.959652 -0.381735 0.918613 -0.102117 0.885551 0.395147 0.244250 -0.264722 -0.002809 0.964321
0.807640 -28.208743 -41.515828 151.670809 -0.336974 0.940437 -0.045016 0.890540 0.302847 -0.339444 0.305593 0.154473 0.939548
0.682364 -27.252146 -35.861610 89.061480 -0.339658 0.939020 -0.053617 0.927144 0.324682 -0.187045 0.158230 0.113242 0.980887
0.541993 -28.068058 -39.790194 201.444597 -0.377756 0.924724 -0.046760 0.919160 0.380611 0.101391 -0.111556 0.004679 0.993747
0.969784 -32.633039 -83.380442 229.149325 -0.406499 0.912271 -0.050205 0.847024 0.396885 0.353599 -0.342504 -0.101213 0.934049
-1.346937 -48.575195 -23.939798 1570.649373 0.332599 -0.937642 0.101027 0.942862 0.328372 -0.056414 0.019721 0.114018 0.993283
-0.638149 -3.250502 -83.016249 9.856413 0.161262 0.287930 0.943976 0.137625 0.940589 -0.310407 -0.977269 0.179971 0.112055
-1.787252 -3.122453 -105.205099 26.986601 0.164802 0.256137 0.952488 0.198360 0.937355 -0.286388 -0.966175 0.236133 0.103671
-3.428151 -4.175443 2.414131 -113.600640 0.248548 0.958199 0.141700 0.105791 -0.172269 0.979353 -0.962825 0.228426 0.144186
-2.380041 -6.447911 -0.654736 1.871692 0.189281 0.981335 0.033970 0.724284 -0.162893 0.669984 -0.663012 0.102211 0.741598
-2.005416 -6.176291 2.395183 23.588105 0.172062 0.984726 0.026621 0.805288 -0.156170 0.571947 -0.567368 0.076973 0.819859
