19235
38454
-5.397903 -7.823889 95.420729 117.782054 -0.565950 0.804941 -0.178243 -0.615704 -0.556443 -0.557925 0.548278 0.206013 -0.810524
-5.939103 -9.320394 65.713879 105.812798 -0.471403 0.877664 -0.086520 -0.615808 -0.397801 -0.680099 0.631316 0.267321 -0.727997
-7.183933 -9.963947 29.724176 295.050059 0.035791 0.960777 0.275004 -0.800055 0.192446 -0.568223 0.598859 0.199681 -0.775562
-4.725266 -8.095165 -25.300537 94.539755 -0.651830 0.730498 -0.203693 -0.515397 -0.623747 -0.587627 0.556313 0.278050 -0.783073
-5.465496 -7.330942 -70.739875 239.623997 0.011697 0.986669 0.162321 -0.862172 0.092175 -0.498160 0.506481 0.134122 -0.851756
-4.401867 -6.787152 63.585998 -85.216229 -0.697051 0.664914 -0.268344 0.518662 0.725983 0.451596 0.495085 0.175606 -0.850913
9.180393 -23.747779 -94.531925 -450.422271 -0.270301 0.961816 -0.042977 0.097125 -0.017170 -0.995124 0.957864 0.273157 0.088775
33.981758 -297.302374 -481.224774 21700.581812 -0.221194 0.971897 0.080558 -0.617004 -0.075496 -0.783330 0.755234 0.222973 -0.616364
13.043005 -36.542144 -1123.680331 1920.056195 0.125824 0.992034 -0.006060 -0.389570 0.043791 -0.919955 0.912362 -0.118113 -0.391976
2.880473 -15.319790 -814.962877 -275.358421 0.043643 0.999008 0.008880 0.121586 0.003511 -0.992575 0.991621 -0.044399 0.121312
-2.524330 -7.382224 -7.076246 24.557329 0.060224 0.994642 0.084023 -0.741322 -0.011801 0.671045 -0.668442 0.102702 -0.736640
-3.317731 -7.702545 24.285311 17.216046 0.068928 0.994070 0.084106 -0.823448 0.009098 0.567319 -0.563190 0.108361 -0.819192
-2.383331 -7.456259 -36.817852 10.728688 0.116522 0.993157 -0.007851 -0.766922 0.094997 0.634671 -0.631074 0.067932 -0.772743
-1.429313 -7.155517 -67.037080 39.811878 0.126650 0.991507 -0.029554 -0.685437 0.109013 0.719926 -0.717033 0.070921 -0.693422
-1.856755 -6.986207 -24.417596 38.210173 0.075533 0.995710 0.053451 -0.651948 0.008754 0.758214 -0.754493 0.092118 -0.649812
-2.204526 -7.126657 10.153273 47.548463 0.039142 0.990439 0.132284 -0.687665 -0.069349 0.722708 -0.724972 0.119255 -0.678376
-0.845622 -9.711289 -3.731325 -27.018476 0.098176 0.994184 0.044278 0.090168 0.035423 -0.995296 0.991076 -0.101707 0.086166
-0.885277 -9.872611 -8.504711 61.515746 0.096841 0.994657 0.035768 -0.072241 0.042866 -0.996466 0.992675 -0.093915 -0.076006
-0.986253 -9.632265 5.431938 3.695475 0.071010 0.995507 0.062635 0.010734 0.062027 -0.998017 0.997418 -0.071542 0.006281
-0.828805 -9.295994 -1.108339 -84.646525 0.073068 0.994840 0.070385 0.203791 0.054191 -0.977513 0.976284 -0.085769 0.198780
-0.643317 -9.200852 -11.072759 -87.171137 0.089137 0.993287 0.073723 0.267898 0.047380 -0.962282 0.959315 -0.105525 0.261876
-0.645200 -9.490760 18.579983 -76.543663 0.084927 0.994927 0.053921 0.276117 0.028497 -0.960702 0.957365 -0.096478 0.272296
-0.779834 -9.539730 10.980930 -63.274981 0.106393 0.993875 0.029884 0.159781 0.012575 -0.987072 0.981402 -0.109792 0.157465
-0.871939 -10.172135 -7.581719 78.370049 0.120364 0.992430 0.024414 -0.049036 0.030506 -0.998331 0.991518 -0.118966 -0.052337
-0.614439 -7.767312 29.478705 -7.113344 -0.057695 0.994574 0.086572 0.860994 0.005677 0.508584 -0.505333 -0.103881 0.856649
-0.346928 -7.298685 87.271484 -27.356519 -0.072991 0.996809 0.032316 0.870615 0.047877 0.489629 -0.486520 -0.063873 0.871332
-0.370499 -8.061096 42.619378 95.515365 -0.074189 0.995137 0.064800 0.840028 0.027342 0.541854 -0.537447 -0.094633 0.837971
-0.592316 -8.476342 -1.406443 60.201936 -0.075970 0.991531 0.105333 0.815612 0.001025 0.578598 -0.573590 -0.129867 0.808782
-1.025795 -7.645494 -27.529354 23.139388 -0.039259 0.987925 0.149876 0.916252 -0.024252 0.399868 -0.398675 -0.153023 0.904236
-1.278143 -7.304100 -20.340800 -9.933206 -0.026890 0.990859 0.132192 0.912716 -0.029599 0.407522 -0.407710 -0.131612 0.903577
-0.803151 -8.207212 -13.784584 12.718579 -0.047568 0.989842 0.133976 0.847312 -0.031043 0.530188 -0.528961 -0.138739 0.837229
0.344268 -7.584808 -22.346993 130.069121 0.034084 0.985106 -0.168537 0.994010 -0.050935 -0.096693 -0.103837 -0.164232 -0.980941
0.222669 -8.499019 -16.946342 -134.226473 -0.008256 0.987540 -0.157150 -0.979222 0.023861 0.201384 -0.202624 -0.155547 -0.966824
0.115927 -6.911142 -8.868627 106.684367 0.048077 0.984661 -0.167725 0.993992 -0.063694 -0.089006 -0.098324 -0.162439 -0.981808
-4.806762 -20.348660 79.226513 276.453849 0.283179 0.954796 0.090410 -0.102008 0.123719 -0.987060 0.953627 -0.270292 -0.132431
-6.169627 -22.406168 -59.062115 -115.019299 0.399985 0.913707 0.071773 0.027206 0.066439 -0.997420 0.916118 -0.400905 -0.001716
-4.724320 -21.831714 61.046300 245.257161 0.298862 0.952280 0.062002 -0.256610 0.142773 -0.955912 0.919148 -0.269775 -0.287034
-4.106104 -21.099127 201.862675 -82.686104 0.134211 0.986172 0.097220 0.013514 0.096277 -0.995263 0.990861 -0.134889 0.000406
-0.623276 -12.529060 -51.127286 180.083415 0.387118 0.913870 -0.122401 -0.733423 0.224754 -0.641542 0.558775 -0.338124 -0.757260
-0.886807 -12.592391 -15.161934 144.592614 0.392749 0.915569 -0.086493 -0.700945 0.237139 -0.672637 0.595335 -0.324805 -0.734900
-0.630974 -16.096845 -7.792561 224.905255 0.394786 0.914820 -0.085136 -0.588619 0.180685 -0.787960 0.705459 -0.361188 -0.609812
-0.909011 -11.155966 -22.452960 122.194726 0.370011 0.922164 -0.112719 -0.811985 0.262053 -0.521544 0.451411 -0.284504 -0.845746
-0.702830 -13.500642 -13.465221 159.597376 0.391129 0.913228 -0.114160 -0.712927 0.222199 -0.665103 0.582025 -0.341529 -0.737974
-0.863493 -11.176982 -38.786297 106.442581 0.373259 0.917076 -0.140177 -0.817731 0.253862 -0.516595 0.438171 -0.307451 -0.844677
0.515333 -1.082900 105.026463 108.323727 -0.038431 0.992602 -0.115175 -0.229928 -0.120951 -0.965662 0.972449 0.010629 -0.232875
1.602864 -1.752196 75.063014 84.665814 0.002446 0.999164 -0.040807 -0.215555 -0.039321 -0.975700 0.976489 -0.011183 -0.215278
0.780180 -2.487370 105.875830 131.382608 -0.053244 0.988036 -0.144744 -0.198600 -0.152531 -0.968139 0.978633 0.022801 -0.204345
1.838716 -3.372825 58.687610 102.966478 -0.003905 0.996713 -0.080916 -0.176346 -0.080335 -0.981045 0.984321 -0.010438 -0.176080
-0.179024 -8.600757 -5.207419 -49.993236 -0.113656 0.991696 0.060181 0.626524 0.024530 0.779016 -0.771070 -0.126245 0.624110
0.047729 -9.450932 -10.393778 86.904373 -0.120340 0.989950 0.074273 0.553858 0.004861 0.832597 -0.823869 -0.141332 0.548877
-0.139280 -9.071097 15.241279 -5.167929 -0.089119 0.993416 0.071994 0.575953 -0.007572 0.817448 -0.812610 -0.114315 0.571486
-0.240482 -8.396495 19.790816 -66.564406 -0.096815 0.993536 0.059276 0.661375 0.019713 0.749796 -0.743781 -0.111795 0.659008
-0.125022 -8.405572 9.937980 -78.089870 -0.083678 0.993213 0.080789 0.617010 -0.012022 0.786863 -0.782494 -0.115691 0.611816
-0.061416 -9.075501 23.240982 57.599097 -0.079495 0.993916 0.076239 0.556338 -0.019225 0.830733 -0.827145 -0.108454 0.551425
-0.297090 -5.792664 26.195376 35.902016 0.068647 0.993566 0.090081 0.982141 -0.083159 0.168768 -0.175174 -0.076887 0.981531
-0.314570 -6.405388 50.841746 -5.200860 0.130434 0.986552 0.098502 0.982025 -0.142226 0.124095 -0.136436 -0.080546 0.987369
-0.072652 -5.879189 35.789730 -12.316529 0.157706 0.982407 0.100031 0.979192 -0.168678 0.112828 -0.127716 -0.080156 0.988566
-0.675979 -6.349725 29.069726 22.973881 0.036212 0.995284 0.089995 0.978822 -0.053481 0.197602 -0.201483 -0.080933 0.976143
-0.606166 -5.241834 -31.901176 34.903001 0.007394 0.996762 0.080070 0.979538 -0.023324 0.199903 -0.201124 -0.076953 0.976539
41.888031 -21.417100 2747.757057 464.364617 -0.084808 0.881725 0.464078 0.549768 0.429851 -0.716229 0.831001 -0.194393 0.521199
9.199290 -26.897473 387.402495 770.220379 0.082589 0.981812 0.170949 0.385802 0.126662 -0.913845 0.918877 -0.141426 0.368324
8.787498 -20.098566 297.147717 496.584432 0.129472 0.953364 0.272644 0.259736 0.232751 -0.937211 0.956961 -0.192158 0.217488
6.154834 -13.858476 129.770386 88.161354 0.187586 0.905790 0.379942 0.161713 0.353051 -0.921523 0.968845 -0.234306 0.080250
32.800387 -10.768824 2223.485353 258.814794 -0.053712 0.700460 0.711668 0.426871 0.660400 -0.617781 0.902716 -0.270608 0.334478
1.139610 -21.922618 -0.378105 -113.138146 -0.498576 0.829404 0.252014 0.609062 0.542048 -0.578988 0.616819 0.135178 0.775411
1.039508 -20.892247 -36.288532 -199.905997 -0.456439 0.853388 0.251778 0.530609 0.488224 -0.692886 0.714225 0.182664 0.675660
0.841063 -19.380534 -31.155093 -77.969644 -0.485095 0.828773 0.278961 0.650146 0.555154 -0.518761 0.584801 0.070283 0.808126
0.689097 -21.381764 -24.584027 76.809686 -0.510861 0.810891 0.285442 0.732440 0.584396 -0.349303 0.450058 -0.030623 0.892474
0.901072 -22.136336 -2.347337 56.712191 -0.533245 0.801119 0.271769 0.710189 0.598487 -0.370735 0.459653 0.004685 0.888086
1.181976 -24.181697 -1.333585 -88.876842 -0.527499 0.814180 0.242603 0.650479 0.570757 -0.501113 0.546463 0.106529 0.830680
0.402819 -18.589233 -144.466898 -45.084521 0.148512 0.939847 0.307624 -0.454135 0.341149 -0.823030 0.878468 0.017473 -0.477482
3.625096 -20.275136 -251.625912 -221.119491 0.139725 0.936653 0.321182 -0.367622 0.350251 -0.861498 0.919419 -0.002299 -0.393273
1.559557 -21.301054 -113.354787 -259.874893 0.084721 0.951844 0.294644 -0.601097 0.284662 -0.746759 0.794673 0.113844 -0.596268
32.520741 -3.882862 -1457.114867 -43.836295 -0.715171 0.264179 0.647102 -0.225306 0.789266 -0.571223 -0.661641 -0.554318 -0.504939
21.433370 -2.405810 1214.804433 -242.490042 -0.285498 0.339670 0.896167 -0.352090 0.832522 -0.427714 -0.891361 -0.437643 -0.118089
47.640374 -55.766620 -2574.146997 3683.704397 -0.702012 0.581404 0.411277 0.094760 0.648625 -0.755186 -0.705833 -0.491177 -0.510436
52.736607 -17.293176 3103.180551 83.542046 0.038051 0.706384 0.706805 0.450765 -0.643399 0.618748 -0.891831 -0.295059 0.342895
1.813640 -36.496166 -10.279861 -366.430733 -0.565656 0.818187 0.102973 -0.807463 -0.574892 0.132297 -0.167443 0.008312 -0.985847
1.821032 -43.060903 9.594731 -164.074382 -0.565077 0.813392 0.138136 -0.652090 -0.542890 0.529197 -0.505437 -0.208960 -0.837179
1.718486 -39.661241 -62.396786 -507.113900 -0.583504 0.806466 0.095586 -0.703798 -0.560893 0.435966 -0.405206 -0.187115 -0.894872
1.294203 -32.284908 -55.688226 -172.966815 -0.572786 0.817316 0.062540 -0.763807 -0.559862 0.321176 -0.297516 -0.136197 -0.944952
1.860694 -33.406741 -77.706668 -342.608942 -0.559980 0.825599 0.069344 -0.821650 -0.564143 0.081447 -0.106362 0.011368 -0.994262
-19.322405 -1293.768819 2176.703749 129582.626034 -0.239661 0.967715 -0.078042 0.958648 0.223173 -0.176600 0.153481 0.117139 0.981184
-148.046731 -1945.126662 8345.886280 193972.586644 -0.306756 0.947341 -0.091903 0.072446 0.119518 0.990185 -0.949027 -0.297087 0.105294
-307.792291 -5975.914109 11827.270186 1215818.773165 -0.473516 0.880727 -0.010082 0.880706 0.473596 0.007965 -0.011790 0.005108 0.999917
0.190329 -5.839535 4.262319 -17.145038 0.000871 0.988526 -0.151047 -0.954295 -0.044321 -0.295562 0.298866 -0.144401 -0.943307
0.114013 -5.887890 2.375091 -5.077782 0.024449 0.989781 -0.140487 -0.937711 -0.026010 -0.346441 0.346555 -0.140206 -0.927492
0.311756 -5.999720 -15.775279 -20.008316 0.024486 0.988311 -0.150474 -0.957711 -0.019975 -0.287039 0.286690 -0.151139 -0.946026
-2.251203 -5.582802 50.457715 69.220501 -0.256679 0.722862 0.641550 -0.805102 -0.527163 0.271863 -0.534721 0.446732 -0.717289
-3.105484 -7.115476 47.617627 -112.934309 -0.223079 0.736021 0.639147 0.866577 0.449998 -0.215744 -0.446407 0.505742 -0.738204
-3.061946 -6.466370 27.166038 116.811325 -0.086079 0.826991 0.555587 -0.872774 -0.331531 0.358263 -0.480474 0.454063 -0.750314
-2.947245 -5.963302 33.364267 78.456836 -0.072690 0.850798 0.520441 -0.847454 -0.327827 0.417554 -0.525869 0.410698 -0.744842
-3.557537 -7.380174 3.059510 118.579038 0.070447 0.897510 0.435331 -0.899504 -0.131492 0.416656 -0.431195 0.420934 -0.798051
-17.167079 -21.412198 -1002.689468 -44.886733 0.907689 0.271226 0.320215 0.225733 0.327688 -0.917423 0.353760 -0.905018 -0.236214
-21.245859 -22.723147 173.963545 -801.080780 0.073956 0.374185 -0.924400 0.809846 0.518390 0.274629 0.581962 -0.768932 -0.264694
-21.771587 -23.975128 -1066.008603 134.830634 0.891688 0.431408 -0.137039 -0.120847 -0.064870 -0.990549 0.436220 -0.899822 0.005709
-4.985504 -21.241305 -958.681035 118.807971 0.945636 0.322518 0.041884 0.010490 0.098469 -0.995085 0.325057 -0.941428 -0.089733
-1.663839 -5.210486 77.104024 33.288063 -0.083506 0.429515 0.899190 -0.080287 0.896509 -0.435691 -0.993268 -0.108576 -0.040379
-1.118434 -4.961732 85.999269 18.781294 -0.059741 0.319632 0.945656 -0.035714 0.946058 -0.322024 -0.997575 -0.053011 -0.045103
-2.962157 -4.943235 67.868969 -6.890280 -0.093781 0.567242 0.818194 -0.012595 0.821074 -0.570682 -0.995513 -0.063824 -0.069856
-3.488967 -5.431294 23.272834 40.852684 -0.126105 0.808021 0.575499 -0.044931 -0.584187 0.810374 -0.990999 -0.076335 -0.109974
-2.758937 -5.388807 60.979153 17.944462 -0.114590 0.616383 0.779064 -0.064025 0.778017 -0.624972 -0.991348 -0.121495 -0.049689
-1.687370 -16.351545 -18.485737 -76.045153 -0.357260 -0.929595 0.090654 0.930766 -0.346264 0.117366 -0.077713 0.126308 0.988942
-1.752912 -15.350159 6.280796 -125.034932 0.356268 0.930103 -0.089336 0.897363 -0.313940 0.310130 -0.260407 0.190657 0.946487
-1.964168 -15.851478 -3.904842 -111.827402 0.343018 0.936923 -0.067190 0.887619 -0.299899 0.349560 -0.307361 0.179544 0.934501
-1.930604 -14.303134 9.245005 -84.237692 0.358004 0.928400 -0.099533 0.838172 -0.272564 0.472415 -0.411461 0.252552 0.875738
-1.890153 -14.203536 13.174390 -87.410194 0.351740 0.932110 -0.086316 0.818502 -0.261499 0.511540 -0.454240 0.250579 0.854913
-2.109582 -14.905539 7.525954 -64.764213 0.329755 0.941983 -0.062681 0.805892 -0.246287 0.538406 -0.491732 0.228056 0.840351
0.183895 -7.255032 -44.776902 -22.331676 -0.132427 0.985668 -0.104504 -0.790347 -0.168632 -0.588994 0.598176 -0.004596 -0.801352
-0.279837 -6.848338 -28.576192 -3.273299 -0.081599 0.994945 -0.058527 -0.871430 -0.099721 -0.480277 0.483686 -0.011812 -0.875162
-0.027911 -7.771392 -28.471571 -43.229564 -0.102559 0.992651 -0.064234 -0.803019 -0.120731 -0.583597 0.587063 0.008273 -0.809499
8.117252 0.953645 -54.317889 -42.093738 -0.172827 0.081783 0.981551 -0.021969 0.995979 -0.086853 -0.984707 -0.036574 -0.170336
8.657806 1.121225 401.799958 -18.398660 0.052886 0.062389 0.996650 -0.009805 0.998031 -0.061955 -0.998552 -0.006495 0.053393
8.258694 0.999256 -82.702522 19.857659 -0.181492 0.075970 0.980454 0.021583 0.997079 -0.073263 -0.983155 0.007865 -0.182602
6.760440 0.851903 421.176818 -35.198668 0.090303 0.059136 0.994157 -0.031026 0.997918 -0.056542 -0.995431 -0.025739 0.091949
7.721818 1.001373 -443.119666 5.492169 -0.402061 0.102047 0.909908 0.025027 0.994623 -0.100489 -0.915271 -0.017631 -0.402453
7.396499 0.763063 -417.457687 -30.016958 -0.393148 0.061125 0.917441 -0.016733 0.997147 -0.073606 -0.919323 -0.044290 -0.391004
7.741513 0.721190 -23.068871 -39.712286 -0.165149 0.038676 0.985510 -0.038436 0.998219 -0.045615 -0.985519 -0.045413 -0.163368
-35.671482 -320.465044 -1051.881873 -17493.538543 0.998436 -0.043126 0.035585 0.052768 0.516394 -0.854724 -0.018485 -0.855265 -0.517862
-13.539649 -60.261552 -186.282965 -2526.736552 0.998646 0.004802 0.051805 0.050125 0.178007 -0.982752 0.013941 -0.984017 -0.177525
5.861480 -1130.190008 6.127727 -67936.728149 0.996993 -0.016384 -0.075738 -0.050128 0.608973 -0.791606 -0.059092 -0.793022 -0.606320
2.670862 -10.471810 -160.067530 -38.699491 0.042066 0.999077 0.008691 -0.973189 0.039004 0.226677 -0.226129 0.017993 -0.973931
3.468890 -11.301461 -79.399952 94.882372 -0.129245 0.987206 0.093377 0.991437 0.130418 -0.006547 -0.018641 0.091731 -0.995609
3.070020 -7.636753 -30.224316 79.339020 -0.111566 0.985663 0.126577 -0.976890 -0.132147 0.167997 -0.182315 0.104909 -0.977627
2.499558 -11.747716 2.374771 142.992563 0.980326 -0.061146 -0.187675 -0.195116 -0.156472 -0.968218 -0.029837 -0.985788 0.165324
1.846269 -13.929618 46.340399 179.054472 0.977326 -0.009974 -0.211506 -0.210782 -0.140800 -0.967340 0.020132 -0.989988 0.139710
2.169523 -16.869235 -11.819013 -475.968021 0.948363 -0.085054 -0.305571 -0.308658 -0.025558 -0.950830 -0.073062 -0.996049 0.050490
2.538786 -16.938623 58.337774 389.751698 0.991751 -0.016394 -0.127126 -0.125776 -0.315586 -0.940524 0.024700 -0.948755 0.315045
2.921513 -12.449483 12.710225 320.343073 0.991282 -0.070178 -0.111516 -0.125260 -0.239373 -0.962814 -0.040874 -0.968388 0.246076
-0.962343 -9.240637 8.290003 24.372374 0.023662 0.999649 -0.011942 -0.669860 0.006987 -0.742454 0.742110 -0.025568 -0.669790
-1.081978 -10.399619 -4.635496 134.800329 0.060176 0.998174 0.005292 -0.602910 0.040571 -0.796777 0.795537 -0.044756 -0.604250
-1.105961 -9.573947 7.395763 28.966441 0.056978 0.998372 0.002439 -0.638502 0.038317 -0.768666 0.767508 -0.042240 -0.639646
-1.127841 -8.894920 4.036687 -82.527993 0.040847 0.998990 -0.018724 -0.686822 0.014463 -0.726682 0.725677 -0.042543 -0.686719
1.471663 -8.961853 -492.302202 40.172052 0.527613 0.156189 -0.835003 0.413013 0.811790 0.412817 0.742324 -0.562675 0.363803
10.181436 -7.638647 -692.368280 -108.702626 0.531816 0.177862 -0.827972 0.539963 0.681963 0.493321 0.652389 -0.709430 0.266640
0.428759 -7.049493 -482.771954 -56.069807 0.399594 -0.035404 -0.916008 0.634218 0.732176 0.248368 0.661886 -0.680195 0.315027
-2.215774 -5.061324 -43.838227 -59.324176 -0.275926 0.958429 0.072656 0.899434 0.284118 -0.332108 0.338945 0.026288 0.940439
-1.095511 -5.685010 -50.544239 -69.541855 -0.100520 0.994924 0.004757 0.939996 0.096536 -0.327244 0.326042 0.028423 0.944928
-1.915535 -6.862600 -155.088972 -178.100843 0.063890 0.996804 -0.047955 0.923376 -0.077274 -0.376040 0.378544 0.020256 0.925362
8.336918 -16.752753 -375.272483 -532.947697 0.824122 0.552347 0.125446 0.382455 -0.379284 -0.842539 0.417794 -0.742332 0.523823
10.410884 -21.966965 -65.898223 -424.549706 0.747537 0.663077 0.038959 0.215128 -0.186204 -0.958670 0.628418 -0.725022 0.281841
4.039652 -19.019389 -639.733040 -374.928453 0.907524 0.406943 0.103913 0.239119 -0.297218 -0.924383 0.345286 -0.863747 0.367040
-0.560201 -2.940795 -104.339374 58.907025 0.075313 0.730037 -0.679245 0.492711 -0.619460 -0.611151 0.866928 0.288644 0.406351
-0.899514 -3.443651 -81.688973 -46.169467 0.131140 0.653605 -0.745387 -0.533070 0.680422 0.502853 0.835846 0.331399 0.437648
-0.004681 -3.212237 -82.418228 68.048474 0.045027 0.748902 -0.661150 0.516979 -0.583776 -0.626050 0.854813 0.313612 0.413452
0.493227 -3.051116 -9.890562 48.824750 -0.001980 0.770184 -0.637819 0.528432 -0.540687 -0.654536 0.848973 0.338340 0.405919
0.409838 -2.557253 -28.022676 36.663441 -0.012331 0.789382 -0.613779 0.495066 -0.528493 -0.689641 0.868768 0.312365 0.384279
1.254441 -3.865480 146.268155 -20.382523 -0.147689 0.872036 -0.466628 0.429692 -0.368375 -0.824418 0.890816 0.322264 0.320302
-0.583592 -3.200649 -9.479288 -15.318313 -0.148527 0.920006 -0.362670 0.390342 -0.282417 -0.876284 0.908610 0.271718 0.317170
0.871451 -3.422017 78.266704 48.778340 -0.201524 0.926681 -0.317254 0.309614 -0.247024 -0.918215 0.929262 0.283268 0.237132
4.018383 -4.430862 247.463088 7.572010 -0.201600 0.895439 -0.396921 0.371212 -0.305160 -0.876972 0.906399 0.324139 0.270878
5.390514 -4.692420 356.549618 -70.520337 -0.182715 0.865660 -0.466099 0.477534 -0.336263 -0.811720 0.859405 0.370891 0.351942
1.674396 -3.904557 252.675856 -34.906712 -0.130474 0.815700 -0.563568 0.509032 -0.432675 -0.744096 0.850801 0.383960 0.358765
0.900060 -5.662710 118.979621 25.788570 0.627702 0.413718 -0.659415 0.535127 0.385877 0.751491 -0.565358 0.824583 -0.020824
-0.188753 -5.933355 75.878647 31.549912 0.567918 0.376738 -0.731804 0.541833 0.498158 0.676946 -0.619585 0.780966 -0.078784
-0.775801 -6.212607 -69.808173 36.019871 -0.582177 -0.400847 0.707384 0.584069 0.399072 0.706828 -0.565627 0.824659 0.001792
1.389379 -5.271145 123.630910 30.969903 0.610265 0.397430 -0.685293 0.506402 0.469527 0.723257 -0.609208 0.788412 -0.085277
43.846295 -0.752192 1101.707554 10.354254 0.058082 0.449965 -0.891155 0.784094 0.531963 0.319705 0.617918 -0.717319 -0.321918
34.297096 -5.957714 1428.351884 85.171828 -0.015502 0.741092 -0.671224 -0.673949 -0.503640 -0.540499 0.738615 -0.443992 -0.507266
55.559454 -6.384402 2726.888329 -44.051488 -0.114843 0.824643 -0.553873 -0.701815 -0.461953 -0.542269 0.703041 -0.326441 -0.631799
240.069251 -0.414029 13021.320485 -309.310342 -0.143000 0.597291 -0.789173 0.808061 0.530870 0.255370 0.571479 -0.601182 -0.558563
1.511011 -4.527370 9.328537 -1.014485 0.053333 0.991589 0.117929 0.974595 -0.025962 -0.222465 0.217533 -0.126798 0.967782
1.570631 -4.350343 8.184485 11.258983 0.085763 0.989187 0.118974 0.956802 -0.048476 -0.286672 0.277805 -0.138420 0.950613
1.327083 -4.469270 -15.491917 -3.865468 0.069622 0.988835 0.131751 0.978184 -0.041758 -0.203499 0.195725 -0.143045 0.970170
0.859215 -4.539248 34.192104 15.386492 -0.037562 -0.988354 -0.147461 0.989649 -0.016339 -0.142579 0.138510 -0.151290 0.978737
1.327871 -4.749888 -1.369667 6.689193 0.030145 0.991532 0.126313 0.986705 -0.009328 -0.162256 0.159704 -0.129525 0.978631
-0.912334 -10.382368 3.140725 103.628535 -0.179913 0.983374 0.024628 0.434334 0.056950 0.898950 -0.882601 -0.172430 0.437359
-0.993234 -11.307661 -14.889508 59.610975 -0.215024 0.976608 -0.001545 0.313779 0.070583 0.946869 -0.924829 -0.203115 0.321616
-0.959349 -10.308622 -17.963000 91.636880 -0.199072 0.979420 0.033265 0.469538 0.065531 0.880477 -0.860177 -0.190898 0.472921
-0.849012 -9.586391 -3.919919 58.344867 -0.166713 0.984481 0.054812 0.533045 0.043221 0.844982 -0.829500 -0.170086 0.531978
-0.840367 -9.484753 22.463171 58.221847 -0.144972 0.988121 0.050999 0.502837 0.029186 0.863888 -0.852137 -0.150884 0.501095
-0.834222 -10.023215 28.483122 66.873864 -0.147324 0.988970 0.015300 0.403751 0.046010 0.913711 -0.902929 -0.140789 0.406076
4.165454 -14.941833 63.334141 35.299453 0.422095 0.906531 0.006041 0.063568 -0.036245 0.997319 -0.904320 0.420579 0.072925
4.676101 -14.718999 5.514783 38.671654 0.352898 0.935622 -0.008579 0.210094 -0.070302 0.975150 -0.911769 0.345931 0.221378
5.351026 -14.827389 -23.076135 0.849581 0.326696 0.945004 -0.015414 0.019651 0.009514 0.999762 -0.944925 0.326921 0.015462
3.457704 -14.456171 85.089957 30.294090 0.436299 0.899801 0.001259 0.245687 -0.120476 0.961833 -0.865610 0.419338 0.273633
5.380888 -14.483181 3.442902 -61.696799 0.387436 0.921827 -0.011365 -0.129803 0.066752 0.989290 -0.912713 0.381811 -0.145518
4.020495 -14.956084 148.604226 2.498127 0.495016 0.868461 0.027100 -0.104959 0.028807 0.994059 -0.862521 0.494919 -0.105413
2.631960 -14.800415 143.347182 67.354197 0.513474 0.857662 0.027574 0.084104 -0.082279 0.993054 -0.853974 0.507589 0.114380
0.397889 -21.243285 -17.142845 -84.998348 0.303358 0.950140 -0.072160 -0.943881 0.289250 -0.159445 0.130623 -0.116479 -0.984566
0.858138 -23.050764 -17.819617 -37.734007 0.306652 0.949825 -0.061630 -0.949142 0.310002 0.055025 -0.071370 -0.041622 -0.996581
0.685915 -21.768373 -33.110011 -49.978039 0.282269 0.955522 -0.085446 -0.951318 0.290288 0.103570 -0.123768 -0.052052 -0.990945
0.954010 -22.951295 -17.082613 16.374398 0.283770 0.957091 -0.058748 -0.902037 0.287225 0.322227 -0.325275 0.038446 -0.944838
0.916043 -21.420484 -41.352731 52.303539 0.251595 0.964270 -0.082971 -0.899543 0.264613 0.347565 -0.357101 0.012810 -0.933978
2.231689 -6.260221 86.110546 -6.211220 -0.030241 0.927691 -0.372122 -0.293736 -0.364102 -0.883826 0.955408 -0.082578 -0.283507
3.275367 -6.351073 103.091138 -24.184117 -0.018626 0.878721 -0.476971 -0.229382 -0.468086 -0.853393 0.973158 -0.093513 -0.210281
1.563639 -5.995358 69.162348 -0.589062 -0.040991 0.910998 -0.410368 -0.196215 -0.410055 -0.890704 0.979704 -0.044009 -0.195560
0.872485 -5.977285 64.891424 6.170776 -0.051095 0.942577 -0.330056 -0.227319 -0.332789 -0.915193 0.972479 -0.028266 -0.231269
1.319127 -4.773225 -73.696465 -20.535240 -0.493460 -0.296382 0.817713 0.509287 0.663665 0.547883 -0.705070 0.686809 -0.176549
0.582072 -5.580685 78.050299 1.215298 0.548681 0.348675 -0.759852 0.509733 0.580883 0.634624 -0.662663 0.735528 -0.140988
1.680027 -4.526200 75.728165 5.528905 0.571485 0.396057 -0.718710 0.482513 0.546244 0.684689 -0.663766 0.738077 -0.121068
1.900224 -3.404325 -24.998546 -7.272884 -0.482999 -0.336229 0.808494 0.500672 0.651457 0.570027 -0.718359 0.680112 -0.146312
0.518669 -2.621559 -131.826500 43.794061 0.624211 -0.500078 -0.600236 0.052572 0.793441 -0.606372 0.779485 0.346949 0.521564
-0.699180 -2.986113 53.704291 42.047150 -0.573260 0.702882 0.421105 0.225189 0.629295 -0.743826 0.787822 0.331578 0.519031
-0.876414 -2.003826 -82.129234 31.326251 0.604596 -0.612573 -0.509134 0.122163 0.702938 -0.700681 0.787108 0.361432 0.499828
0.701868 -1.836056 -161.048530 19.405292 0.606354 -0.267495 -0.748853 -0.154851 0.883975 -0.441146 0.779972 0.383451 0.494580
0.206799 -8.216897 23.148012 87.005308 0.045196 0.998663 -0.025103 -0.700854 0.013791 -0.713172 0.711872 -0.049826 -0.700540
0.765060 -6.814163 26.293739 45.058562 -0.019534 0.995563 -0.092042 -0.788602 -0.071932 -0.610683 0.614594 -0.060655 -0.786508
0.773596 -7.063505 18.594718 54.311987 0.001146 0.996006 -0.089281 -0.727193 -0.060456 -0.683766 0.686433 -0.065709 -0.724219
-1.642825 -5.503716 -74.400001 -46.074660 -0.088951 0.993214 0.074919 0.367132 -0.037227 0.929424 -0.925906 -0.110179 0.361329
-0.625006 -5.625063 -48.196600 -49.029417 -0.076548 0.988973 0.126781 0.361171 -0.091016 0.928047 -0.929352 -0.116830 0.350221
-1.259273 -6.403529 -54.332254 -68.326250 -0.072515 0.988609 0.131883 0.445134 -0.086251 0.891301 -0.892523 -0.123338 0.433809
0.215899 -11.300085 -11.597585 330.004379 0.401673 0.912321 0.079559 -0.380334 0.245217 -0.891748 0.833069 -0.327932 -0.445484
0.500793 -15.966134 -12.408521 542.839992 0.411638 0.902750 0.124888 -0.244150 0.241265 -0.939245 0.878034 -0.356138 -0.319720
0.436178 -12.097792 -26.500642 395.739521 0.397754 0.915243 0.064210 -0.388401 0.231371 -0.891971 0.831226 -0.329846 -0.447510
0.333955 -10.037946 -30.873367 2.402915 0.375822 0.926667 0.006782 -0.447892 0.188046 -0.874089 0.811265 -0.325464 -0.485718
0.504011 -12.230438 -29.619485 103.254894 0.379789 0.924410 0.035031 -0.429946 0.209918 -0.878112 0.819089 -0.318435 -0.477170
-0.418522 -8.685954 55.289450 -2.198313 0.569652 0.587561 -0.574690 -0.103241 0.744850 0.659196 0.815376 -0.316181 0.484965
3.870586 -6.765744 236.860858 -36.123956 0.535669 0.555611 -0.635890 0.039180 0.735877 0.675980 0.843519 -0.387016 0.372418
4.212556 -7.435354 423.137077 -57.189381 0.523036 0.147274 -0.839490 0.282863 0.899138 0.333973 0.804004 -0.412141 0.428623
-1.907917 -8.387385 25.942219 57.560304 0.590028 0.412408 -0.694109 -0.036835 0.872557 0.487122 0.806542 -0.261848 0.530024
-0.932819 -17.179014 11.197505 -276.515212 -0.193565 0.919850 -0.341186 -0.653547 -0.380264 -0.654427 0.731716 -0.096307 -0.674772
-1.122712 -18.435645 -19.756803 -238.017349 -0.168570 0.915385 -0.365588 -0.714181 -0.369055 -0.594763 0.679359 -0.160837 -0.715962
-1.076581 -19.445488 -3.869591 -194.288976 -0.179614 0.921308 -0.344864 -0.797383 -0.341657 -0.497445 0.576125 -0.185641 -0.796001
-0.651398 -19.824838 25.837416 -237.539928 -0.194579 0.922677 -0.332875 -0.783420 -0.350395 -0.513300 0.590248 -0.160904 -0.791023
-1.062447 -21.453377 -5.581984 -121.028309 -0.173883 0.923504 -0.341915 -0.908520 -0.284399 -0.306119 0.379942 -0.257408 -0.888473
-3.455354 -23.170119 293.920127 151.373139 0.164988 0.974547 -0.151777 -0.053733 0.162539 0.985238 -0.984831 0.154397 -0.079182
-3.786308 -22.364699 258.684935 -263.574223 0.129186 0.986789 -0.097766 -0.430351 0.144615 0.891002 -0.893369 0.073031 -0.443348
-5.200428 -22.093161 290.836293 -96.456183 0.116413 0.978374 -0.170974 -0.237735 0.194589 0.951639 -0.964329 0.070137 -0.255247
-2.929608 -5.257658 51.273547 -9.172886 0.135593 0.972002 -0.191901 0.829785 -0.005578 0.558056 -0.541361 0.234905 0.807309
-3.250532 -5.251215 -41.886771 -23.776392 0.037189 0.987071 -0.155912 0.848561 0.051210 0.526614 -0.527790 0.151885 0.835685
-3.233532 -5.640817 7.925422 -21.781063 0.024008 0.975527 -0.218564 0.873728 0.085770 0.478794 -0.485823 0.202461 0.850286
-2.299272 -5.795495 108.288442 -17.864920 0.125275 0.962413 -0.240974 0.867045 0.011853 0.498090 -0.482224 0.271333 0.832970
-3.113878 -13.091707 -43.671759 8.961116 0.327732 0.944753 -0.005697 0.891422 -0.311218 -0.329408 0.312982 -0.102880 0.944170
-3.695677 -12.899636 -38.032684 8.133179 0.331843 0.942495 -0.039794 0.918770 -0.332478 -0.212884 0.213873 -0.034082 0.976267
-3.264399 -13.203484 -51.042954 -5.767658 0.304757 0.952297 0.015934 0.946258 -0.300839 -0.118709 0.108252 -0.051256 0.992801
0.066803 -37.720173 8.164246 -81.449625 -0.302990 0.884524 -0.354703 -0.727027 0.026098 0.686113 -0.616140 -0.465764 -0.635165
-0.094073 -37.887250 18.236096 -111.914754 -0.308976 0.882654 -0.354198 -0.659720 0.069349 0.748305 -0.685058 -0.464880 -0.560877
0.094664 -39.638454 37.934171 393.120652 -0.303633 0.893233 -0.331576 -0.422757 0.185571 0.887040 -0.853864 -0.409511 -0.321274
0.192126 -35.654257 18.841676 443.488226 -0.304549 0.881904 -0.359854 0.865783 0.098810 -0.490567 -0.397076 -0.460957 -0.793630
-0.045695 -37.977121 -66.216544 297.399963 -0.342002 0.872516 -0.348927 -0.444771 0.176791 0.878022 -0.827776 -0.455478 -0.327607
-0.309328 -32.763852 -30.412782 206.197589 -0.319172 0.882621 -0.345123 -0.577215 0.107780 0.809449 -0.751633 -0.457564 -0.475061
-0.053428 -30.870709 -21.809996 119.225846 -0.295835 0.874250 -0.384927 0.840353 0.046592 -0.540033 -0.454189 -0.483235 -0.748462
-0.547879 -50.019857 -101.076750 2600.680299 -0.176455 0.983641 -0.036250 0.934331 0.178968 0.308214 -0.309660 -0.020517 0.950626
1.077488 -37.102630 -110.548346 919.973071 -0.142456 0.989792 0.004239 0.819870 0.115599 0.560759 -0.554545 -0.083359 0.827968
0.316171 -26.068247 -57.964587 561.176725 -0.170062 0.984519 -0.042430 0.953389 0.175271 0.245619 -0.249254 -0.001318 0.968437
-1.097562 -26.460024 -81.273401 592.588092 -0.214651 0.974687 -0.062532 0.972571 0.219181 0.077876 -0.089610 0.044101 0.995000
-0.107787 -21.179222 88.144001 230.185714 0.251397 -0.965426 0.068935 0.967884 0.250714 -0.018523 0.000599 0.071378 0.997449
-0.894690 -4.266834 -170.116716 93.015773 0.065624 0.775571 0.627840 0.048025 0.626012 -0.778333 0.996688 -0.081230 -0.003835
-1.380640 -3.183726 180.206177 63.953226 -0.068777 -0.544539 -0.835911 0.005152 0.837690 -0.546122 0.997619 -0.041867 -0.054809
-2.771358 -4.254693 133.764558 76.220574 -0.017630 -0.701500 -0.712451 0.036977 0.711617 -0.701594 0.999161 -0.038714 0.013393
1.079084 -2.342826 165.282506 109.796979 -0.072971 -0.625701 -0.776642 -0.002601 0.778835 -0.627224 0.997331 -0.043749 -0.058460
1.254678 -4.174975 -134.366067 118.130097 0.052098 0.832004 0.552318 0.048571 0.550303 -0.833551 0.997460 -0.070253 0.011742
-0.353213 -3.662879 -8.073028 32.289265 0.214215 0.972433 0.092122 0.730799 -0.222131 0.645439 -0.648109 0.070940 0.758237
-0.429669 -3.623881 -26.312382 6.488363 0.188097 0.979594 0.070822 0.753859 -0.190220 0.628899 -0.629537 0.064904 0.774255
-0.611861 -3.848566 -22.178349 40.221335 0.248519 0.961566 0.116746 0.717639 -0.263731 0.644547 -0.650564 0.076400 0.755599
-0.648498 -3.958138 -11.407418 30.228148 0.260011 0.956206 0.134404 0.675712 -0.279612 0.682078 -0.689789 0.086529 0.718822
0.083331 -10.817803 -14.182290 42.399226 -0.171984 0.976307 -0.131327 -0.658849 -0.014889 0.752128 -0.732352 -0.215879 -0.645799
-0.232271 -10.578725 -29.811242 12.847727 -0.157022 0.975393 -0.154764 -0.705389 -0.001089 0.708819 -0.691209 -0.220469 -0.688203
0.179305 -10.666289 -21.044951 -40.829957 -0.159529 0.975872 -0.149077 -0.794846 -0.037414 0.605656 -0.585466 -0.215113 -0.781637
-0.080558 -10.563410 -20.537533 42.387174 -0.160657 0.976896 -0.140936 -0.588176 0.019910 0.808488 -0.792615 -0.212784 -0.571388
-0.088345 -10.411291 -2.977134 31.219393 -0.171924 0.976209 -0.132129 -0.546522 0.017074 0.837270 -0.819607 -0.216158 -0.530585
1075.013881 321.253174 528174.268540 -13971.226054 0.346530 0.936392 0.055556 0.889339 -0.346798 0.298006 -0.298317 0.053860 0.952946
0.821833 -285.355527 157.496892 18701.060505 0.811071 -0.487510 0.323261 -0.537407 -0.402798 0.740910 0.230992 0.774654 0.588689
-24.778764 -338.726323 -711.326906 20945.712071 0.785215 -0.432970 0.442690 -0.611179 -0.427046 0.666402 0.099483 0.793832 0.599945
-57.232560 -352.615483 -3646.900707 12788.256070 0.725258 -0.367450 0.582221 -0.399060 0.464755 0.790414 0.561028 0.805595 -0.190433
-72.720570 -3562.188057 -7499.644944 -270142.702627 0.982798 -0.184484 0.008619 -0.183380 -0.969249 0.164101 0.021920 0.162858 0.986406
2.846236 -17.641043 111.379202 -763.635090 0.747518 0.001541 -0.664240 0.592803 -0.452691 0.666074 0.299670 0.891666 0.339308
-30.159326 -131.317615 -2427.060470 -6730.786923 0.329720 -0.099545 0.938816 0.854531 -0.391260 -0.341604 0.401326 0.914881 -0.043942
-1.519818 -4.852277 -40.072722 206.734084 0.981835 -0.116213 0.149985 0.162721 0.109170 -0.980614 -0.097586 -0.987206 -0.126097
-0.424367 -3.580441 24.339778 31.924520 0.901529 -0.055412 -0.429156 -0.419693 0.129536 -0.898375 -0.105372 -0.990025 -0.093525
-2.473706 -8.355116 -33.118116 491.574856 0.979965 -0.083711 0.180725 0.186827 0.071876 -0.979760 -0.069026 -0.993895 -0.086075
-3.082612 -14.575387 9.372482 789.427705 0.984691 -0.036367 0.170473 0.171405 0.024254 -0.984902 -0.031683 -0.999044 -0.030116
-3.407755 -80.913358 -41.735365 4842.569218 0.922245 -0.056664 0.382430 0.382630 -0.007709 -0.923870 -0.055299 -0.998364 -0.014572
-2.925606 -18.574591 -82.014303 1070.490301 0.903340 -0.113097 0.413746 0.420545 0.043802 -0.906214 -0.084367 -0.992618 -0.087130
-12.362502 -41.446003 283.401598 -1021.479482 0.985806 -0.102224 0.133181 0.167887 0.604769 -0.778504 0.000963 -0.789813 -0.613347
-7.859194 -39.106908 165.658065 -915.313972 0.977153 -0.000371 0.212536 0.168180 0.612776 -0.772153 0.129950 -0.790256 -0.598839
-11.568436 -48.113441 259.860314 -1804.770188 0.978866 -0.072997 0.191032 0.203733 0.267100 -0.941887 -0.017730 -0.960900 -0.276327
-18.913194 -58.148429 573.883661 -2228.651209 0.980709 -0.173474 0.090087 0.142576 0.319555 -0.936780 -0.133720 -0.931553 -0.338124
-1.190746 -8.077771 -29.708752 83.286450 -0.168747 0.984306 0.051630 0.771229 0.164473 -0.614942 0.613783 0.063951 0.786880
-1.080839 -8.066160 16.050271 23.649836 -0.179117 0.983056 0.038968 0.761871 0.163658 -0.626712 0.622471 0.082566 0.778276
-1.022597 -8.387013 -3.041846 33.999909 -0.192678 0.979831 0.052980 0.720389 0.177907 -0.670364 0.666269 0.090998 0.740138
-1.024791 -8.429112 -57.498997 41.471088 -0.182009 0.981902 0.052355 0.714835 0.168689 -0.678641 0.675191 0.086094 0.732601
-7.969504 -11.200853 176.117006 149.371566 -0.192604 0.965288 0.176419 -0.697551 -0.008235 -0.716488 0.690164 0.261059 -0.674924
-6.922939 -11.179352 91.257949 110.218672 -0.348957 0.934730 0.067150 -0.604178 -0.169621 -0.778587 0.716378 0.312263 -0.623934
-5.587936 -9.886145 -39.092564 109.986561 -0.511310 0.855958 -0.076791 -0.553134 -0.396165 -0.732868 0.657727 0.332247 -0.676023
-12.981575 -237.326518 -101.478790 19394.006059 0.177924 0.972193 -0.152263 -0.612389 0.230510 0.756204 -0.770275 0.041302 -0.636373
-10.978490 -154.561612 -513.972541 14304.346322 -0.071540 0.962939 -0.260058 -0.569195 0.174693 0.803430 -0.819084 -0.205501 -0.535602
4.239451 -10.749633 -291.197669 -101.629415 -0.872473 0.433879 0.224808 0.354892 0.878852 -0.318859 -0.335919 -0.198413 -0.920755
0.504018 -12.856591 -71.519789 518.608618 -0.587263 0.795470 0.149498 -0.727968 -0.599835 0.332057 -0.353815 -0.086175 -0.931337
2.010273 -6.297903 -223.430265 52.191395 0.380087 0.914906 -0.135946 -0.542328 0.101375 -0.834028 0.749276 -0.390730 -0.534710
4.116568 -5.856001 -77.914235 74.488742 0.285751 0.950142 -0.124806 -0.517557 0.043404 -0.854547 0.806524 -0.308782 -0.504155
3.564413 -5.621183 -83.314800 35.966870 0.326214 0.940635 -0.093758 -0.548703 0.107654 -0.829057 0.769746 -0.321896 -0.551247
2.060313 -5.534080 -130.042577 0.430538 0.378740 0.922235 -0.077715 -0.574534 0.168452 -0.800958 0.725580 -0.348005 -0.593655
-3.198514 -7.615348 62.727146 -7.506188 0.091111 0.987487 0.128720 -0.941727 0.043408 0.333564 -0.323803 0.151611 -0.933898
-3.412042 -7.857801 25.723609 -3.229418 0.062264 0.993057 0.099803 -0.899608 0.012535 0.436517 -0.432236 0.116963 -0.894143
-2.568152 -7.576986 79.271457 -12.119592 0.080564 0.984457 0.156058 -0.915480 0.011160 0.402210 -0.394216 0.175272 -0.902149
-1.643200 -7.334401 123.999255 -13.998942 0.146875 0.974212 0.171287 -0.945626 0.087486 0.313270 -0.290206 0.207985 -0.934089
-0.840561 -7.331151 130.146939 -25.673743 0.141954 0.973103 0.181438 -0.924292 0.064697 0.376164 -0.354308 0.221100 -0.908615
-1.074996 -10.669179 9.245700 -18.238183 0.074378 0.996561 0.036536 -0.144225 0.047002 -0.988428 0.986746 -0.068248 -0.147225
0.293231 -9.360577 -31.715847 -11.324414 -0.051148 0.987189 -0.151134 -0.921028 0.011883 0.389315 -0.386124 -0.159112 -0.908621
0.814975 -9.234932 -17.468069 -94.403129 -0.012722 0.990761 -0.135019 -0.965759 0.022818 0.258434 -0.259128 -0.133684 -0.956547
0.395894 -9.708041 -31.746340 48.461125 -0.085313 0.987219 -0.134612 -0.853364 -0.002663 0.521309 -0.514288 -0.159347 -0.842684
-0.020517 -9.541362 -18.114123 25.248910 -0.073911 0.988699 -0.130431 -0.869479 0.000167 0.493970 -0.488409 -0.149916 -0.859640
0.827192 -9.786235 -41.989343 38.015804 -0.060626 0.987912 -0.142668 -0.876898 0.015567 0.480424 -0.476837 -0.154231 -0.865355
-5.950394 -22.946634 3.497948 24.091789 0.386417 0.920959 0.050168 -0.258139 0.160209 -0.952732 0.885464 -0.355201 -0.299643
-6.363253 -21.209075 -20.332423 -204.178935 0.431715 0.898651 0.077774 0.158742 0.009184 -0.987277 0.887932 -0.438568 0.138688
-6.441064 -23.081022 -10.992683 32.462684 0.435034 0.897886 0.067417 -0.108982 0.126830 -0.985919 0.893794 -0.421562 -0.153029
-6.063985 -21.307139 27.749084 -268.739966 0.368010 0.925321 0.091376 0.336402 -0.040883 -0.940831 0.866835 -0.376974 0.326325
-5.322518 -20.608340 47.615520 -310.251583 0.312962 0.941810 0.122674 0.378556 -0.005235 -0.925564 0.871063 -0.336105 0.358166
-0.824856 -15.506346 -29.964442 168.416837 0.401867 0.912989 -0.070379 -0.565339 0.186912 -0.803403 0.720344 -0.362649 -0.591262
-1.272666 -11.050697 -13.931044 145.312874 0.398576 0.914643 -0.067563 -0.785202 0.302245 -0.540469 0.473915 -0.268468 -0.838647
-1.068452 -12.326990 2.394901 301.778377 0.312328 0.946650 0.079401 0.745989 -0.192655 -0.637483 0.588176 -0.258336 0.766362
-1.270569 -11.128501 7.355356 327.075359 0.329806 0.942480 0.054405 0.695867 -0.203755 -0.688661 0.637963 -0.264983 0.723040
-1.520228 -14.721829 1.630999 203.295696 0.320135 0.945316 0.062380 0.844489 -0.254907 -0.471021 0.429363 -0.203470 0.879913
-0.990043 -8.605841 9.225600 212.347162 0.334591 0.940648 0.056833 0.630163 -0.178494 -0.755668 0.700673 -0.288654 0.652484
-1.077145 -14.768716 -36.173425 186.043278 0.310986 0.944255 0.108028 0.857736 -0.229885 -0.459828 0.409361 -0.235660 0.881413
-0.773194 -13.314054 -49.952241 305.487310 0.318022 0.939616 0.126425 0.780710 -0.183882 -0.597227 0.537917 -0.288632 0.792046
-0.828788 -10.023800 -31.427418 283.634592 0.332035 0.938453 0.095177 0.655626 -0.157062 -0.738570 0.678164 -0.307632 0.667425
0.919860 -0.543497 41.398304 20.925088 0.061907 0.966472 0.249196 -0.223922 0.256759 -0.940177 0.972639 -0.002403 -0.232310
1.895795 -1.180760 32.279034 42.522929 0.061277 0.994142 0.089030 -0.224969 0.100659 -0.969153 0.972437 -0.039358 -0.229819
1.746136 -0.651699 18.445304 -15.112661 0.078086 0.947524 0.310001 -0.212493 0.319624 -0.923411 0.974038 -0.006232 -0.226301
1.406207 -0.610471 -34.655172 8.103122 0.120599 0.802379 0.584503 -0.181979 0.596692 -0.781564 0.975879 0.012111 -0.217976
0.347642 -8.824251 -2.570117 67.584303 -0.131477 0.990113 0.048886 0.586212 0.037886 0.809271 -0.799418 -0.135058 0.585397
1.206272 -9.189517 40.237650 139.122590 -0.154946 0.987872 0.009991 0.505495 0.070589 0.859937 -0.848803 -0.138294 0.510302
