18020
36021
-3.011539 -5.521380 -5.347805 -52.336828 0.405985 0.112251 0.906960 0.685009 -0.694301 -0.220701 0.604929 0.710877 -0.358769
-3.445694 -6.574368 15.671121 36.545135 -0.531057 0.035219 -0.846604 -0.513854 0.781060 0.354823 0.673745 0.623462 -0.396690
-4.066715 -6.311219 52.214593 70.945894 0.589666 -0.080430 0.803632 -0.521077 0.722346 0.454636 0.617067 0.686838 -0.384033
-3.172396 -5.711937 26.224021 33.765040 -0.338487 -0.111557 -0.934335 -0.656791 0.739064 0.149698 0.673834 0.664334 -0.323433
-4.046486 -4.846772 9.013807 83.395507 0.608398 -0.061362 0.791257 -0.596439 0.622371 0.506868 0.523557 0.780314 -0.342050
-3.118588 -5.070664 -2.540809 -42.882803 0.204707 0.227111 0.952111 0.776210 -0.630258 -0.016549 0.596317 0.742426 -0.305304
3.811029 -0.502834 4.452015 -91.806992 0.849045 0.149393 0.506759 -0.469304 -0.227269 0.853289 -0.242646 0.962305 0.122851
3.619145 -3.614052 19.431688 -97.086256 0.775460 0.025502 0.630882 -0.601111 -0.275924 0.750021 -0.193203 0.960841 0.198639
3.391738 -3.409356 -7.908038 46.449720 0.636788 0.051341 0.769328 0.703443 0.369860 -0.606936 -0.315705 0.927668 0.199407
5.127550 -2.527893 147.581897 35.407275 0.927555 0.112714 0.356283 -0.337928 -0.153995 0.928488 -0.159519 0.981622 0.104750
3.077000 1.295565 122.742091 22.299794 0.950938 0.309180 0.011199 0.011856 -0.072589 0.997291 -0.309155 0.948229 0.072693
6.648090 -0.452468 319.677165 47.698528 0.971674 0.234520 0.029159 -0.017002 -0.053694 0.998413 -0.235713 0.970627 0.048186
-7.161944 -50.570794 574.016993 3737.139435 0.907726 -0.417382 0.042741 -0.304359 -0.584936 0.751808 0.288790 0.695444 0.657996
1.701126 -10.003278 -78.079962 -163.566329 0.338442 -0.255856 0.905536 0.940750 0.113638 -0.319495 -0.021158 0.960013 0.279156
1.454453 -12.688922 237.920563 -522.101386 0.623476 -0.319569 0.713550 0.780047 0.192446 -0.595391 0.052949 0.927815 0.369264
-8.623594 -30.980633 839.499587 -559.295903 0.650335 -0.573292 0.498398 -0.438131 0.252902 0.862602 0.620568 0.779344 0.086706
-20.860524 -456.824401 378.487424 29522.272749 0.902680 -0.401235 -0.155496 -0.245427 -0.776871 0.579859 0.353460 0.485265 0.799740
-11.674793 -136.342068 510.298873 9201.230299 0.924568 -0.239142 0.296622 -0.365072 -0.778865 0.509992 -0.109068 0.579811 0.807418
3.017864 -8.900125 -61.874691 57.548450 0.975392 -0.121871 0.183735 -0.014559 0.795921 0.605225 0.219998 0.593006 -0.774561
1.866619 -7.783058 -8.971611 102.304819 0.967495 -0.214146 0.134514 0.039333 0.652864 0.756453 0.249811 0.726574 -0.640066
2.123152 -10.011779 -2.140689 181.644259 0.976403 -0.178678 0.121292 0.039860 0.701104 0.711944 0.212247 0.690309 -0.691682
2.646310 -11.045351 -5.945804 126.531513 0.982993 -0.102727 0.152224 -0.003198 0.819210 0.573485 0.183616 0.564219 -0.804949
4.643698 -9.535865 -102.498990 47.165120 0.973087 -0.011219 0.230163 -0.078603 0.922750 0.377297 0.216616 0.385235 -0.897035
6.472609 -7.193123 -172.599713 37.576392 0.961282 -0.034171 0.273438 -0.104281 0.873378 0.475748 0.255072 0.485843 -0.836000
-0.815776 -2.891407 1.383662 -6.542696 -0.577414 0.782124 -0.234254 0.041119 -0.258696 -0.965083 0.815415 0.566885 -0.117214
-0.416457 -3.018295 -8.645193 -10.097023 -0.568235 0.699477 -0.433406 0.104296 -0.461232 -0.881128 0.816230 0.545890 -0.189136
-1.060918 -2.566164 46.745970 1.654045 -0.606380 0.722042 -0.333104 0.068285 -0.370075 -0.926489 0.792238 0.584550 -0.175102
1.249920 -3.343387 -135.302974 -25.552941 -0.518097 0.739860 -0.429164 0.121688 -0.432893 -0.893194 0.846621 0.514986 -0.134248
-0.913376 -2.510437 39.488787 15.822724 -0.615717 0.761148 -0.203830 0.024960 -0.239708 -0.970524 0.787572 0.602656 -0.128594
-1.273985 -2.689997 24.815221 0.055556 -0.590583 0.798392 -0.117397 0.019906 -0.131020 -0.991180 0.806731 0.587711 -0.061485
-0.272011 -2.614519 -54.192629 -2.310159 -0.537477 0.806366 -0.246762 0.112054 -0.221734 -0.968647 0.835800 0.548277 -0.028820
1.437577 -2.928966 -140.988772 -23.203420 -0.512649 0.794839 -0.324688 0.124661 -0.305249 -0.944078 0.849500 0.524456 -0.057400
1.447516 -9.914069 58.639410 102.682258 0.733388 -0.562289 -0.382064 0.192904 0.711045 -0.676168 0.651867 0.422192 0.629940
2.785578 -9.453919 90.696593 88.595633 0.749553 -0.531750 -0.394223 0.148917 0.715748 -0.682297 0.644976 0.452711 0.615678
1.843026 -7.680571 48.482684 100.904234 0.728862 -0.586151 -0.353817 0.097384 0.600278 -0.793841 0.677699 0.544145 0.494601
0.860594 -9.652330 31.633978 104.810381 0.717101 -0.590861 -0.369661 0.202824 0.684341 -0.700385 0.666805 0.427271 0.610583
-1.731324 -5.919839 45.988237 17.177407 0.779616 -0.175160 0.601263 -0.384718 0.623617 0.680510 0.494156 0.761853 -0.418795
-1.577749 -6.061340 41.176642 -1.005529 0.776428 -0.165640 0.608048 -0.327529 0.718241 0.613885 0.538409 0.675791 -0.503411
-2.157820 -5.888556 10.321039 15.835932 0.785708 -0.074442 0.614102 -0.435865 0.637824 0.634982 0.438958 0.766576 -0.468697
-0.831563 -5.594167 51.857867 -9.088548 0.780670 -0.262551 0.567117 -0.250346 0.700092 0.668729 0.572609 0.664032 -0.480812
-2.227676 -5.418281 18.170953 37.086117 0.810804 -0.118325 0.573233 -0.438815 0.525227 0.729094 0.387347 0.842696 -0.373933
-0.861840 -5.676925 49.816679 10.136498 0.766889 -0.215828 0.604401 -0.370524 0.620053 0.691554 0.524017 0.754290 -0.395542
-1.658963 -5.382282 47.794855 39.122699 0.779448 -0.172529 0.602241 -0.449336 0.515900 0.729346 0.436529 0.839095 -0.324594
-0.794619 -13.171620 -24.068453 -52.613971 0.859346 -0.351047 0.371874 0.477337 0.289682 -0.829598 -0.183503 -0.890421 -0.416505
-0.924179 -12.721491 -23.050428 38.732584 0.867500 -0.345509 0.357865 0.492917 0.500313 -0.711842 -0.066903 -0.793921 -0.604329
-1.184382 -12.743620 -0.071920 -16.663609 0.857227 -0.288875 0.426279 0.511366 0.380209 -0.770679 -0.060555 -0.878631 -0.473646
-0.026153 -13.261838 -35.288394 -56.241202 0.876228 -0.362132 0.317939 0.435922 0.314400 -0.843282 -0.205420 -0.877504 -0.433347
-1.057674 -12.438575 1.352619 -43.990014 0.845069 -0.292133 0.447790 0.506277 0.167993 -0.845850 -0.171876 -0.941508 -0.289866
-0.550939 -12.134024 -25.225479 -62.152137 0.847414 -0.359810 0.390418 0.447300 0.087674 -0.890076 -0.286029 -0.928897 -0.235239
0.262001 -12.123972 -39.170637 -84.878704 0.870613 -0.373772 0.319886 0.387813 0.121327 -0.913718 -0.302712 -0.919551 -0.250583
-1.048888 -8.360540 -10.126474 -26.828201 0.748106 -0.278366 0.602369 0.335125 -0.625000 -0.705030 -0.572737 -0.729306 0.374279
-0.624981 -8.682143 -15.367397 -26.193709 0.727762 -0.323287 0.604853 0.302061 -0.640692 -0.705885 -0.615728 -0.696419 0.368619
-1.031588 -8.912852 -10.085196 -46.509454 0.751035 -0.296052 0.590170 0.394459 -0.515606 -0.760627 -0.529480 -0.804055 0.270457
-0.918124 -8.293344 -10.754027 -6.062668 0.740754 -0.272960 0.613821 0.256448 -0.729629 -0.633937 -0.620901 -0.627004 0.470475
-1.350934 -8.718781 -3.694085 -35.649358 0.772886 -0.233706 0.589939 0.423358 -0.502612 -0.753757 -0.472668 -0.832324 0.289521
-1.307730 -8.361272 -5.566230 -17.826161 0.767448 -0.225825 0.600023 0.355124 -0.629472 -0.691124 -0.533770 -0.743484 0.402891
1.629924 -3.203499 20.382640 -6.360594 0.821896 -0.027927 0.568952 -0.566018 0.072371 0.821210 0.064109 0.996987 -0.043674
1.921168 -3.372825 7.879694 -12.014664 0.860361 0.006122 0.509648 -0.507227 0.108349 0.854974 0.049986 0.994094 -0.096325
2.006686 -3.325041 38.431284 -15.120926 0.799198 -0.040343 0.599713 -0.588472 0.150677 0.794354 0.122409 0.987760 -0.096680
1.279731 -3.228510 33.299728 -4.904876 0.744409 -0.062149 0.664825 -0.657105 0.108671 0.745924 0.118606 0.992133 -0.040057
1.045799 -3.225658 13.704834 -0.253759 0.764303 -0.043967 0.643357 -0.643002 0.023675 0.765499 0.048888 0.998752 0.010176
-1.729551 -3.949240 60.465218 44.700602 0.930088 0.200994 0.307471 0.082263 0.701798 -0.707610 0.358008 -0.683433 -0.636199
-1.864794 -3.513772 80.376095 14.005819 0.923531 0.334884 0.186931 -0.063639 0.614456 -0.786380 0.378207 -0.714350 -0.588781
-2.301785 -4.865743 19.247557 159.535651 0.835342 -0.063456 0.546056 0.427816 0.698824 -0.573252 0.345221 -0.712473 -0.610905
-0.023670 -7.210634 -1.678319 -43.361670 -0.857276 0.122338 -0.500112 0.040388 0.984345 0.171560 0.513271 0.126876 -0.848796
0.021870 -6.768402 -2.182391 -41.972689 -0.854450 0.149362 -0.497601 0.053463 0.977977 0.201751 0.516776 0.145783 -0.843617
0.201404 -5.986782 -7.106167 -54.414162 -0.844823 0.194280 -0.498527 0.203628 0.978379 0.036207 0.494783 -0.070925 -0.866118
-0.110446 -7.856453 -0.653782 -11.958920 -0.856787 0.088631 -0.507997 -0.114661 0.927714 0.355245 0.502762 0.362617 -0.784691
0.030041 -6.398460 -4.910237 -55.825833 -0.853462 0.159653 -0.496099 0.182519 0.983199 0.002414 0.488150 -0.088487 -0.868263
-0.037711 -8.205003 2.678016 -14.471994 -0.860699 0.077855 -0.503126 -0.110508 0.936108 0.333901 0.496976 0.342988 -0.797104
-0.064793 -7.626507 1.945034 -47.373094 -0.864003 0.107400 -0.491898 0.037993 0.988106 0.149008 0.502051 0.110055 -0.857807
-0.474170 -13.643900 -13.782298 -64.118792 0.504143 -0.637735 0.582352 0.450865 0.769482 0.452347 -0.736587 0.034515 0.675462
-0.561684 -12.931467 -14.285762 -86.899219 0.495664 -0.660126 0.564403 0.263443 0.733506 0.626552 -0.827596 -0.161871 0.537478
-0.646265 -12.574072 -20.698477 -100.315479 0.503691 -0.642889 0.577052 0.336266 0.761198 0.554529 -0.795752 -0.085268 0.599590
3.649092 -14.001821 -117.206736 167.000474 0.952171 -0.089794 0.292074 -0.045556 0.903451 0.426265 0.302150 0.419182 -0.856149
3.797765 -12.448991 -158.675941 190.629425 0.959846 -0.087537 0.266520 -0.079145 0.826971 0.556646 0.269131 0.555388 -0.786837
2.053992 -14.260662 -94.818987 100.510946 0.953373 -0.053473 0.297021 -0.068500 0.920152 0.385524 0.293919 0.387894 -0.873584
-1.701488 -4.233193 10.586311 6.785225 0.814226 -0.507944 -0.281123 -0.579075 -0.676109 -0.455575 -0.041337 -0.533732 0.844643
-1.503129 -3.936796 26.940667 13.319765 0.801646 -0.506588 -0.317383 -0.593248 -0.608773 -0.526737 -0.073625 -0.610543 0.788553
-1.388404 -4.178076 9.248597 16.479900 0.764220 -0.542215 -0.349243 -0.644239 -0.616251 -0.452979 -0.030390 -0.571172 0.820268
-0.917084 -3.643806 24.820439 28.979749 0.747651 -0.540736 -0.385517 -0.658504 -0.528502 -0.535778 -0.085968 -0.654440 0.751211
-1.597854 -4.184686 1.416662 1.179728 0.816381 -0.500328 -0.288432 -0.577511 -0.705865 -0.410166 -0.001624 -0.501424 0.865200
-0.834338 -4.082838 8.378780 38.799373 0.732342 -0.557135 -0.391506 -0.678276 -0.546063 -0.491688 -0.060149 -0.625633 0.777796
-0.999590 -4.369705 12.856583 11.600173 0.727477 -0.556529 -0.401314 -0.685930 -0.604068 -0.405711 0.016631 -0.570419 0.821186
1.562287 -4.418492 -97.083317 52.411047 0.032623 0.240534 0.970092 0.735381 -0.663101 0.139685 0.676868 0.708830 -0.198517
3.143918 -3.722512 87.019956 -73.557584 0.038785 -0.246753 -0.968302 -0.709867 0.675197 -0.200494 0.703267 0.695142 -0.148974
3.092113 -4.891015 -79.539132 99.198853 0.006577 0.198876 0.980003 0.765725 -0.631303 0.122974 0.643135 0.749603 -0.156436
-0.925189 -26.876204 11.584364 -337.359680 0.528047 -0.617868 0.582586 0.765620 0.049562 -0.641382 0.367415 0.784718 0.499223
-1.299122 -21.818860 28.118154 -372.337420 0.552957 -0.621379 0.555092 0.810944 0.248373 -0.529793 0.191333 0.743101 0.641243
-0.648979 -25.803574 31.329081 -635.265802 0.541442 -0.643891 0.540596 0.756259 0.092087 -0.647760 0.367305 0.759555 0.536808
-1.339415 -24.274492 26.136490 -301.175548 0.532697 -0.625757 0.569791 0.833764 0.272559 -0.480155 0.145158 0.730849 0.666925
-0.046388 -31.689534 1.665815 -637.823755 0.532861 -0.647934 0.544280 0.625394 -0.131745 -0.769107 0.570037 0.750217 0.335012
-0.471309 -34.411288 -21.287077 -608.747748 0.497200 -0.584529 0.641185 0.762466 -0.058302 -0.644397 0.414051 0.809276 0.416695
-0.273065 -31.789387 -16.507869 -408.599239 0.525319 -0.611974 0.591209 0.613070 -0.209609 -0.761715 0.590072 0.762596 0.265071
8.665414 0.670961 -154.613885 -201.352689 0.982576 -0.158857 -0.096478 0.057572 0.753706 -0.654686 -0.176718 -0.637724 -0.749719
7.651652 -3.003901 -99.843847 -371.612400 0.942608 -0.330122 0.050097 0.282978 0.710169 -0.644658 -0.177238 -0.621836 -0.762828
7.419422 -0.836162 -171.371129 -269.299073 0.949579 -0.297549 -0.098816 0.158595 0.727732 -0.667273 -0.270458 -0.617957 -0.738229
0.369339 -11.308210 -4.018335 117.511937 0.684506 -0.376803 0.624076 0.542077 0.835482 -0.090122 -0.487446 0.399986 0.776149
0.619166 -13.802531 35.451613 237.944803 0.723478 -0.323692 0.609757 0.411735 0.911291 -0.004762 -0.554125 0.254503 0.792574
0.418435 -12.601790 8.508436 102.986854 0.682312 -0.386750 0.620383 0.538568 0.839767 -0.068815 -0.494363 0.381072 0.781274
0.029519 -12.616784 -14.384874 -65.538077 0.611974 -0.471915 0.634652 0.672129 0.733252 -0.102880 -0.416809 0.489528 0.765919
0.229433 -11.213906 -5.090587 -51.607885 0.635860 -0.445593 0.630182 0.640096 0.760666 -0.108006 -0.431231 0.472054 0.768899
0.228377 -16.096171 -36.945836 196.375594 0.660118 -0.390983 0.641386 0.535213 0.843933 -0.036391 -0.527059 0.367301 0.766354
-17.833615 -579.090059 520.506019 -72839.793162 0.440580 -0.258192 0.859783 0.767921 0.604448 -0.211991 -0.464959 0.753644 0.464579
-88.566739 -2775.470482 -2413.229247 129397.501711 -0.507196 0.336537 -0.793407 0.514495 -0.620328 -0.592021 -0.691409 -0.708474 0.141482
1.793850 -224.241892 146.166029 22884.987711 0.443834 -0.426360 0.788181 -0.062847 0.862583 0.501997 -0.893903 -0.272338 0.356048
1.103003 -4.313247 -25.328037 0.704103 0.730627 -0.059867 0.680147 -0.639513 -0.408960 0.650981 -0.239180 0.910587 0.337083
0.845005 -4.217715 -20.259113 -5.811974 0.749970 -0.057583 0.658961 -0.643230 -0.295826 0.706217 -0.154272 0.953505 0.258900
1.439267 -4.367406 -18.195323 1.322930 0.770150 -0.068502 0.634174 -0.601019 -0.410939 0.685497 -0.213649 0.909086 0.357655
1.583333 -4.415285 -8.234114 0.530490 0.805499 -0.082029 0.586892 -0.564827 -0.405897 0.718483 -0.179281 0.910230 0.373282
1.936995 -4.415705 -5.292117 2.681914 0.796291 -0.087590 0.598539 -0.551326 -0.512245 0.658517 -0.248919 0.854361 0.456186
-2.263313 -4.655628 -15.143420 -16.459539 0.680725 -0.068912 0.729291 -0.336921 0.854562 0.395233 -0.650460 -0.514758 0.558504
-2.047708 -4.227782 -25.207640 -49.909325 0.621497 0.010120 0.783351 -0.478229 0.796897 0.369124 -0.620515 -0.604030 0.500108
-2.363922 -4.804664 2.896989 -18.187571 0.726511 -0.052106 0.685176 -0.333285 0.845264 0.417671 -0.600918 -0.531802 0.596728
-2.413918 -5.028334 6.233523 17.341154 0.735018 -0.137273 0.664007 -0.189071 0.898955 0.395136 -0.651154 -0.415977 0.634793
0.202423 -2.379550 15.015785 7.372547 0.666757 -0.416377 0.618114 0.584742 0.806488 -0.087489 -0.462073 0.419771 0.781205
0.433690 -2.105189 13.595934 9.103414 0.701470 -0.343589 0.624408 0.518414 0.847196 -0.116213 -0.489067 0.405222 0.772405
0.588729 -2.175802 11.785937 -12.882755 0.723850 -0.302046 0.620330 0.501256 0.848035 -0.171987 -0.474114 0.435437 0.765252
0.240238 -2.573181 16.273015 18.770535 0.715488 -0.347922 0.605828 -0.540677 -0.824931 0.164793 -0.442431 0.445464 0.778342
-1.474563 -10.681319 -2.817891 -34.086270 0.814026 -0.253264 0.522703 0.570947 0.183621 -0.800189 -0.106680 -0.949811 -0.294073
-1.423695 -10.457647 8.605385 -46.038145 0.821768 -0.177706 0.541404 0.568400 0.188553 -0.800855 -0.040233 -0.965851 -0.255955
-1.442306 -10.201181 -1.243419 -20.702455 0.800876 -0.248306 0.544923 0.562862 0.001517 -0.826549 -0.204411 -0.968680 -0.140977
0.148765 -3.977750 38.980308 -14.773012 0.883860 0.091623 0.458691 -0.218331 0.948059 0.231333 -0.413671 -0.304613 0.857955
-0.577015 -4.146966 20.321465 -10.959688 0.863853 0.154639 0.479421 -0.265050 0.948856 0.171528 -0.428377 -0.275245 0.860659
0.012422 -3.550877 40.648911 -21.491825 0.884953 0.103256 0.454089 -0.258554 0.919947 0.294697 -0.387309 -0.378200 0.840807
173.079224 -295.193170 -16843.860561 -20057.161495 -0.038882 0.979505 -0.197629 0.995024 0.019795 -0.097654 -0.091740 -0.200443 -0.975401
-6.165503 -180.445060 -162.779361 4730.550464 0.445842 0.849528 -0.282006 -0.706282 0.527421 0.472221 -0.549901 0.011360 -0.835153
15.804448 -229.644449 -1740.692674 -7451.771626 0.284284 0.887215 -0.363363 0.926099 -0.352172 -0.135338 -0.248040 -0.298036 -0.921765
-6.248193 -229.692151 -568.399232 7466.720061 0.479845 0.827581 -0.291306 -0.663910 0.559569 0.496091 -0.573561 0.044646 -0.817945
35.707229 -177.431210 -2710.228904 7624.783577 0.358862 0.855145 -0.374093 0.894753 -0.201049 0.398743 0.265772 -0.477815 -0.837292
-21.348329 -27.811092 -112.687356 480.704667 0.058909 -0.276920 0.959085 -0.501538 0.822486 0.268285 -0.863127 -0.496822 -0.090434
-21.841537 -34.483654 -422.355312 753.125342 -0.236223 -0.271542 0.932987 -0.380978 0.909165 0.168149 -0.893898 -0.315727 -0.318217
-20.380192 -26.975895 149.543321 86.117411 0.063631 0.182543 -0.981137 0.776489 -0.626640 -0.066229 -0.626910 -0.757628 -0.181617
-15.902573 -30.093119 -253.010453 559.598744 -0.372774 -0.290915 0.881140 -0.551808 0.832935 0.041553 -0.746021 -0.470730 -0.471026
-0.988668 -7.281321 -39.204690 23.023726 0.233923 -0.023182 0.971979 0.924735 -0.303416 -0.229790 0.300241 0.952576 -0.049538
-1.144976 -7.392714 -23.057320 45.809518 0.180544 -0.037066 0.982868 0.926230 -0.329792 -0.182577 0.330909 0.943326 -0.025210
-1.153336 -6.832305 -26.253492 44.748962 0.183492 -0.036382 0.982348 0.892132 -0.413513 -0.181956 0.412834 0.909771 -0.043419
21.083242 -27.817867 -455.888691 -2595.719911 -0.533083 0.136514 -0.834977 0.754048 0.524243 -0.395704 0.383712 -0.840555 -0.382403
41.323609 -229.166261 -1781.425352 -13999.156489 0.811773 -0.251638 0.526975 0.543727 0.654894 -0.524857 0.213039 -0.712595 -0.668448
15.696121 0.523661 -470.616209 -177.537301 -0.399514 0.383319 -0.832740 0.760751 0.645487 -0.067852 0.511514 -0.660615 -0.549492
-53.683361 -1306.965682 -6965.247617 -68115.666497 -0.431103 0.076564 -0.899049 0.763649 0.561693 -0.318343 0.480616 -0.823795 -0.300615
9.386010 1.383435 -119.972597 84.348739 -0.131105 0.564093 -0.815236 0.801129 0.544672 0.248042 0.583955 -0.620590 -0.523321
11.675351 3.593858 239.651691 -275.653881 -0.384981 0.670112 -0.634618 -0.723601 -0.645975 -0.243142 0.572879 -0.365605 -0.733582
4.932946 -5.418641 44.961852 -37.370838 0.957492 0.126260 0.259361 0.239279 -0.849805 -0.469657 -0.161108 -0.511752 0.843892
3.785467 -4.218507 91.006538 -27.907885 0.941549 0.255449 0.219616 0.333764 -0.795772 -0.505319 -0.045680 -0.549083 0.834519
4.933247 -5.646109 43.429960 -51.721037 0.908505 0.259791 0.327302 0.404229 -0.744890 -0.530790 -0.105910 -0.614531 0.781751
2.970545 -3.603345 -69.048051 -16.479386 -0.757038 0.309168 -0.575595 0.294997 0.947793 0.121098 0.582984 -0.078124 -0.808719
3.015037 -3.808617 -67.602832 -12.224614 -0.740270 0.343513 -0.577927 0.277428 0.939093 0.202826 0.612400 -0.010187 -0.790482
3.549186 -3.856128 -29.912598 -5.531874 -0.808156 0.301710 -0.505820 0.266306 0.953209 0.143087 0.525323 -0.019066 -0.850689
3.416696 -3.559603 -28.377995 -13.657905 -0.815477 0.283815 -0.504427 0.292783 0.954069 0.063481 0.499275 -0.095920 -0.861118
2.885570 -3.351196 -62.515714 -13.619068 -0.768588 0.290447 -0.570012 0.310577 0.948360 0.064460 0.559299 -0.127489 -0.819104
-0.186301 -9.290406 -49.614854 36.601866 0.026372 -0.510223 -0.859638 0.394208 0.795558 -0.460095 0.918643 -0.326743 0.222114
0.396390 -9.078743 -47.883810 49.167365 0.014038 -0.524345 -0.851390 0.360455 0.796877 -0.484829 0.932671 -0.300082 0.200189
-0.225406 -9.418783 -31.545020 -32.780563 0.018223 -0.514663 -0.857199 0.616716 0.680604 -0.395524 0.786975 -0.521441 0.329804
0.607040 -7.973146 -29.437385 97.373442 0.006886 -0.541765 -0.840502 0.127604 0.834126 -0.536610 0.991801 -0.103557 0.074875
-0.526046 -9.482676 -33.467964 -49.129361 0.020385 -0.485118 -0.874211 0.649927 0.670864 -0.357121 0.759723 -0.560894 0.328967
-0.329102 -8.676874 -26.904304 91.741546 0.008067 -0.516577 -0.856203 0.151915 0.846925 -0.509548 0.988361 -0.125960 0.085308
-0.759113 -9.464475 -26.491815 19.921646 0.010011 -0.477364 -0.878649 0.426685 0.796720 -0.427991 0.904345 -0.370622 0.211660
3.524146 -4.199239 93.593134 9.805595 -0.045197 0.818185 0.573176 0.294346 -0.537384 0.790303 -0.954630 -0.204431 0.216541
4.346362 -4.780717 116.230757 20.938353 -0.019050 0.835198 0.549619 0.207074 -0.534503 0.819406 -0.978140 -0.129422 0.162765
1.453222 -4.538316 95.468129 14.476970 0.044804 0.730246 0.681714 0.347901 -0.651087 0.674574 -0.936460 -0.206945 0.283225
0.282316 -5.780784 -3.864365 19.932564 0.740610 -0.255265 0.621559 0.671380 0.318683 -0.669096 0.027284 -0.912842 -0.407400
0.144779 -5.421007 -1.526312 15.258168 0.747140 -0.262420 0.610670 0.664633 0.304203 -0.682439 0.006682 -0.915749 -0.401695
0.178145 -5.843771 -2.315853 19.208196 0.709666 -0.263808 0.653283 0.698516 0.142474 -0.701268 -0.091924 -0.953995 -0.285383
0.430112 -6.158227 7.927317 16.172786 -0.702094 0.261788 -0.662217 0.706580 0.140718 -0.693500 -0.088365 -0.954812 -0.283772
0.318083 -6.505559 10.063009 5.460395 -0.674439 0.274772 -0.685297 0.703733 -0.041562 -0.709247 -0.223364 -0.960611 -0.165335
0.041269 -6.291500 3.650032 14.474964 -0.686461 0.271378 -0.674630 0.694643 -0.029627 -0.718744 -0.215038 -0.962017 -0.168173
-0.137384 -14.740828 -5.589546 124.179839 0.889823 -0.105604 0.443917 -0.142204 0.860224 0.489687 0.433581 0.498862 -0.750430
-0.300073 -14.327306 -3.716166 126.884837 0.883786 -0.109342 0.454937 -0.145551 0.859821 0.489410 0.444677 0.498750 -0.743983
-0.209805 -15.828132 7.303486 -23.575140 -0.891969 0.123839 -0.434805 0.025967 0.974198 0.224197 0.451351 0.188686 -0.872170
0.012821 -16.444295 5.842607 -15.244669 -0.889670 0.132981 -0.436811 0.030744 0.971925 0.233272 0.455568 0.194105 -0.868781
-0.088843 -15.752951 5.124261 -104.005301 -0.883489 0.162353 -0.439419 0.204319 0.977648 -0.049588 0.421546 -0.133592 -0.896913
-0.283496 -15.216097 6.301978 -118.994839 -0.885781 0.151985 -0.438511 0.201537 0.977086 -0.068449 0.418060 -0.149007 -0.896115
0.719195 -6.861453 -9.988406 6.854968 0.618532 -0.231645 0.750839 -0.157419 0.899654 0.407237 -0.769830 -0.370085 0.520000
0.990567 -6.592243 -1.654220 26.828435 0.648377 -0.205047 0.733187 -0.182608 0.893048 0.411241 -0.739095 -0.400525 0.541588
0.734987 -7.225223 -11.471150 70.233244 0.617234 -0.229715 0.752498 -0.240843 0.855349 0.458664 -0.749011 -0.464337 0.472625
0.919927 -6.883813 -1.053474 -53.673112 0.650634 -0.218854 0.727172 -0.103010 0.923285 0.370046 -0.752373 -0.315670 0.578176
0.367945 -7.251763 -18.006050 53.224973 0.591370 -0.242811 0.768976 -0.223986 0.866609 0.445892 -0.774669 -0.435927 0.458100
0.415597 -7.069634 -16.007954 -1.948948 0.593879 -0.236525 0.769001 -0.136506 0.912330 0.386030 -0.792889 -0.334229 0.509527
0.729853 -7.252895 -9.224698 -62.542963 0.622135 -0.230660 0.748160 -0.078603 0.932384 0.352819 -0.778954 -0.278309 0.561938
-0.654635 -13.463448 -6.964543 -82.692080 0.626329 -0.028915 0.779023 -0.112017 0.985603 0.126644 -0.771469 -0.166584 0.614072
-0.557258 -12.481706 -1.366777 -61.368313 0.640288 -0.036609 0.767262 -0.227308 0.945096 0.234786 -0.733732 -0.324735 0.596812
-1.020390 -14.499463 -4.196999 -127.585676 0.649905 -0.070389 0.756749 -0.046773 0.990110 0.132265 -0.758575 -0.121355 0.640185
-0.250259 -12.072449 -6.178498 -51.674396 0.613014 -0.008377 0.790028 -0.281347 0.932080 0.228191 -0.738281 -0.362156 0.569021
-0.953855 -14.785874 -15.434257 -94.771295 0.621853 -0.042279 0.781992 0.062032 0.998063 0.004633 -0.780673 0.045627 0.623272
-0.556614 -14.230841 -13.163724 -87.829109 0.605325 -0.016980 0.795797 0.009509 0.999855 0.014101 -0.795922 -0.000969 0.605399
-0.350992 -12.929852 -10.735451 -73.056865 0.604501 -0.002203 0.796602 -0.160833 0.979065 0.124755 -0.780200 -0.203534 0.591491
3.428549 -4.048600 -70.323677 43.749038 0.987218 -0.057700 0.148564 0.147162 0.687901 -0.710729 0.061189 -0.723508 -0.687599
1.851853 -4.505331 -5.484465 -4.453822 0.904144 -0.309610 0.294390 0.427039 0.675422 -0.601202 0.012699 -0.669289 -0.742894
3.357963 -5.061716 -79.442457 102.740644 0.991428 -0.076749 0.105738 0.129718 0.675013 -0.726314 0.015631 -0.733804 -0.679182
4.448716 -4.888216 27.537709 131.624650 0.988134 0.108774 0.108441 0.011750 0.650421 -0.759483 0.153144 -0.751746 -0.641425
2.969977 -4.766208 25.250365 5.252096 0.746484 -0.039034 0.664258 0.603310 0.460790 -0.650914 0.280676 -0.886650 -0.367522
2.112065 -4.771038 53.359880 4.745107 0.742291 0.022476 0.669701 0.582796 0.471572 -0.661792 0.330687 -0.881541 -0.336945
2.519851 -4.634426 22.335515 9.300786 0.748449 -0.024467 0.662741 0.552849 0.574985 -0.603118 0.366310 -0.817798 -0.443873
2.797798 -4.628314 0.218793 8.713204 0.746403 -0.092881 0.658981 0.584702 0.564416 -0.582717 0.317816 -0.820249 -0.475589
3.225848 -4.771794 -0.053964 5.529956 0.742848 -0.111118 0.660174 0.630099 0.449199 -0.633400 0.226167 -0.886495 -0.403702
0.027121 -14.071934 -18.756264 103.149419 0.499491 0.055815 0.864519 0.836897 -0.288953 -0.464876 0.223859 0.955715 -0.191041
-0.115942 -14.100770 -21.391228 92.441575 0.542626 0.046763 0.838672 0.800343 -0.331856 -0.499323 0.254968 0.942170 -0.217500
0.437160 -12.316054 -12.686802 137.373944 0.494522 0.060095 0.867085 0.775131 -0.481818 -0.408685 0.393218 0.874208 -0.284851
0.488855 -12.330449 -1.938550 130.917369 0.456217 0.057784 0.887990 0.817102 -0.422419 -0.392309 0.352435 0.904557 -0.239930
0.177851 -14.263512 -4.317755 129.543883 0.461298 0.050910 0.885783 0.867724 -0.234158 -0.438435 0.185093 0.970865 -0.152193
-0.566752 -12.223756 -15.937621 127.183845 0.822819 0.017792 0.568025 -0.565239 0.129277 0.814734 0.058937 0.991449 -0.116428
-0.842224 -11.525015 -1.771653 150.966334 0.806948 0.005827 0.590593 -0.587636 0.108338 0.801839 0.059312 0.994097 -0.090847
-0.882564 -13.124334 -6.006156 105.470863 0.830363 0.012873 0.557074 -0.532026 0.315542 0.785736 0.165665 0.948824 -0.268863
-1.150357 -14.118088 3.767417 39.071326 0.827405 0.008158 0.561546 -0.488147 0.504857 0.711922 0.277692 0.863165 -0.421704
-0.855251 -14.411102 -20.853417 27.725310 0.853823 0.014440 0.520363 -0.448986 0.526291 0.722101 0.263435 0.850182 -0.455843
-0.419593 -5.645908 6.014899 8.397223 0.037686 -0.499756 -0.865346 0.931587 -0.295749 0.211372 -0.361559 -0.814111 0.454421
-0.322663 -6.700631 -4.129390 16.429789 -0.024347 -0.473545 -0.880433 0.926044 -0.342478 0.158594 -0.376630 -0.811458 0.446862
-0.477812 -5.820902 -12.243892 -5.116642 -0.061799 -0.466066 -0.882589 0.953903 -0.287777 0.085173 -0.293685 -0.836640 0.462366
-0.383328 -5.327711 -2.881015 -12.954355 -0.038511 -0.473396 -0.880007 0.953595 -0.280587 0.109209 -0.298618 -0.834965 0.462234
-0.233187 -5.197557 -16.859884 18.291897 -0.095754 -0.468622 -0.878194 0.972860 -0.230764 0.017064 -0.210653 -0.852726 0.478000
0.036228 -16.627170 26.839868 134.021036 0.336031 0.037617 0.941099 0.820357 0.479193 -0.312072 -0.462707 0.876903 0.130164
-0.046577 -16.893880 4.885198 166.515491 0.307603 0.052248 0.950079 0.801968 0.523128 -0.288418 -0.512082 0.850651 0.119014
-0.066339 -19.461599 24.501426 133.824974 0.331884 0.039497 0.942493 0.712792 0.643936 -0.277984 -0.617884 0.764060 0.185558
0.203349 -18.780128 17.098621 121.371724 0.339895 0.056226 0.938781 0.784408 0.533730 -0.315969 -0.518822 0.843783 0.137308
-4.921284 -48.706271 205.704876 2909.806365 0.727727 -0.238230 0.643164 0.622096 -0.165598 -0.765228 -0.288807 -0.956987 -0.027692
-2.575462 -29.785344 -98.430588 1492.186864 -0.663938 0.223080 -0.713738 0.688298 -0.190764 -0.699896 -0.292289 -0.955952 -0.026890
-5.780401 -88.269035 206.279919 3692.093840 0.669528 -0.119043 0.733185 0.589411 -0.515542 -0.621942 -0.452026 -0.848555 0.275004
-5.800215 -18.510870 199.459973 1353.299028 0.810645 -0.310449 0.496464 0.544828 0.089290 -0.833780 -0.214517 -0.946387 -0.241524
6.092606 -427.409428 463.840305 24133.711504 0.718625 -0.269963 0.640857 0.546448 -0.350739 -0.760510 -0.430084 -0.896717 0.104529
18.052822 -81.319914 -2299.287852 1765.342661 0.932695 -0.294413 0.208328 0.279605 0.225388 -0.933285 -0.227817 -0.928720 -0.292538
13.743809 -239.848001 538.162439 12905.382140 -0.333102 0.325725 -0.884843 0.926305 -0.062198 -0.371606 -0.176077 -0.943416 -0.281002
-3.024941 -149.482392 -281.910922 17684.163382 0.827929 -0.363521 0.427067 0.471823 0.863124 -0.180000 0.303178 -0.350527 -0.886123
38.015652 -26.557739 1464.923001 814.128169 0.692972 0.187434 -0.696174 0.710451 -0.341831 0.615151 -0.122673 -0.920880 -0.370042
-1.119496 -89.354689 -247.711426 2114.877074 -0.522992 0.233408 -0.819756 0.678693 -0.467772 -0.566184 -0.515611 -0.852473 0.086228
3.233275 -5.192368 -84.217648 1.169451 0.719455 -0.169924 0.673432 0.669215 0.429042 -0.606692 0.185839 -0.887158 -0.422392
1.510104 -5.161485 -121.176239 3.433024 0.716070 -0.228519 0.659562 0.684482 0.415122 -0.599298 0.136848 -0.880598 -0.453673
3.026272 -5.188592 -86.747177 -4.290024 0.719141 -0.182674 0.670423 0.690166 0.299789 -0.658633 0.080671 -0.936353 -0.341666
3.869155 -5.128494 -14.731241 -3.737258 0.711767 -0.099771 0.695294 0.686124 0.310707 -0.657795 0.150404 -0.945255 -0.289606
2.988183 -5.188936 -93.110580 -6.272953 0.727719 -0.190883 0.658779 0.685406 0.166866 -0.708783 -0.025367 -0.967326 -0.252263
3.838231 -5.067136 -11.840804 -8.208444 0.729776 -0.096391 0.676857 0.681928 0.173581 -0.710524 0.049001 -0.980091 -0.192407
-0.649580 -2.432816 22.884061 3.335327 -0.394556 0.909481 0.131036 0.714198 0.213811 0.666488 -0.578141 -0.356552 0.733909
-0.856795 -2.622668 23.131520 -3.190316 -0.485744 0.873807 0.022676 0.614872 0.323135 0.719386 -0.621277 -0.363381 0.694240
-1.693459 -2.815864 46.064292 6.026910 -0.532975 0.846130 0.001291 0.613970 0.385687 0.688685 -0.582219 -0.367844 0.725060
-0.960912 -2.415154 41.438781 10.256053 -0.345611 0.921121 0.179137 0.769475 0.168927 0.615932 -0.537087 -0.350714 0.767162
-2.680799 -3.530172 -20.742235 64.661826 0.805427 -0.415635 0.422533 0.130176 0.819548 0.558028 -0.578222 -0.394447 0.714192
-2.183694 -2.711269 44.566741 21.669879 -0.648704 0.755733 -0.089724 0.540012 0.540165 0.645452 -0.536255 -0.370255 0.758513
-83.920306 -338.891616 5384.561771 15453.326676 -0.656626 -0.046488 0.752782 0.695800 0.347814 0.628401 -0.291042 0.936410 -0.196037
-12.079731 -227.688732 3199.429132 19320.997010 -0.485796 -0.147246 0.861580 0.860393 0.093147 0.501046 -0.154031 0.984704 0.081439
-81.926532 -293.013350 5750.816250 11064.609045 -0.336896 -0.084287 0.937762 0.899309 -0.323758 0.293981 0.278829 0.942378 0.184872
-113.170157 -322.485237 7584.359206 -15194.264741 -0.393085 0.196236 0.898318 0.915557 -0.006876 0.402130 0.085089 0.980533 -0.176962
-190.780637 -1076.079544 14584.064726 -153665.508096 -0.527005 0.277545 0.803265 0.789983 0.508480 0.342601 -0.313357 0.815118 -0.487228
-19.714245 -28.775028 96.922609 517.851477 0.323263 -0.589851 0.739985 0.753392 0.633600 0.175930 -0.572627 0.500627 0.649208
-22.396687 -27.973802 212.883145 14.945966 0.289705 -0.445889 0.846909 0.356365 0.871485 0.336925 -0.888299 0.204199 0.411372
-20.045553 -29.518805 420.359708 315.185365 0.605078 -0.318028 0.729889 0.324272 0.935712 0.138888 -0.727137 0.152645 0.669307
-15.289989 -19.863616 -440.106775 -408.981455 -0.462575 -0.658634 0.593485 -0.280212 0.743707 0.606944 -0.841134 0.114456 -0.528578
-8.800014 -16.631363 -248.616710 43.538030 -0.627231 -0.179161 0.757946 -0.023823 0.977140 0.211259 -0.778469 0.114452 -0.617161
-16.820719 -28.964132 -433.372004 641.942825 -0.516527 -0.027611 0.855826 -0.037349 0.999255 0.009696 -0.855456 -0.026956 -0.517174
-1.201997 -4.317159 11.768523 -3.343613 -0.121450 -0.482811 -0.867262 0.972474 -0.232921 -0.006515 -0.198858 -0.844181 0.497810
-1.384829 -3.967881 15.582266 -18.443471 -0.056535 -0.516524 -0.854405 0.972823 -0.220965 0.069212 -0.224544 -0.827271 0.514978
-1.012454 -3.963657 7.865509 -27.051809 -0.017632 -0.516687 -0.855993 0.958161 -0.253353 0.133190 -0.285686 -0.817830 0.499537
-5.705137 -7.757044 -92.618537 53.960305 -0.660514 0.279350 -0.696911 -0.253034 0.791086 0.556917 0.706892 0.544193 -0.451838
-3.814981 -7.195953 20.995384 36.562789 -0.561436 0.108806 -0.820336 -0.393728 0.836799 0.380456 0.727852 0.536591 -0.426969
-3.543946 -6.568963 38.484466 39.267643 -0.441214 0.015876 -0.897261 -0.509945 0.818294 0.265237 0.738435 0.574581 -0.352947
3.879574 -4.878842 27.417373 -13.730884 0.685638 -0.025310 0.727503 -0.673534 -0.401171 0.620817 -0.276140 0.915653 0.292105
2.983161 -5.379630 13.525402 -26.425092 0.793308 -0.028789 0.608139 -0.584070 -0.317904 0.746860 -0.171828 0.947686 0.269010
3.468072 -4.691734 68.132460 -1.322018 0.867766 -0.003250 0.496963 -0.487397 -0.200930 0.849748 -0.097093 0.979600 0.175945
-1.515520 -15.699607 481.968593 -741.199872 0.822183 -0.443118 0.357296 -0.201761 0.360077 0.910844 0.532266 0.820969 -0.206646
1.608746 -8.653031 -69.131772 -302.742830 0.884623 -0.229411 0.405971 -0.348097 0.254409 0.902278 0.310275 0.939493 -0.145198
-0.252673 -4.865512 27.059775 -235.838064 0.945075 -0.326316 -0.018723 0.106188 0.252356 0.961790 0.309122 0.910953 -0.273146
-0.306601 -17.408139 103.969169 -1286.843144 0.916991 -0.397730 0.030635 0.152234 0.419898 0.894712 0.368717 0.815780 -0.445591
-2.854855 -28.921055 341.098136 -1822.114057 0.847359 -0.323343 0.421227 -0.232810 0.486732 0.841957 0.477266 0.811505 -0.337159
-0.245509 -2.699142 14.216790 -7.838163 -0.574114 0.617562 -0.537598 0.159113 -0.559920 -0.813125 0.803167 0.552365 -0.223196
1.538272 -3.508057 -96.837207 11.160053 -0.518211 0.611857 -0.597568 -0.142600 0.627109 0.765767 0.843281 0.482042 -0.237723
3.482004 -7.626209 86.172551 96.539651 0.761532 -0.544503 -0.351547 0.059600 0.598939 -0.798574 0.645381 0.587187 0.488564
4.406108 -9.485780 90.579575 79.581061 0.801583 -0.476308 -0.361380 0.120637 0.720850 -0.682512 0.585586 0.503494 0.635281
-0.563161 -4.893722 -51.261970 -47.862245 -0.788691 0.296338 -0.538657 -0.141793 0.764863 0.628394 0.598215 0.571986 -0.561222
-1.211464 -11.898400 -0.135669 75.581075 0.865841 -0.284436 0.411601 0.496594 0.588780 -0.637756 0.060942 -0.756594 -0.651039
-0.951648 -11.409150 -17.169120 143.575124 0.878148 -0.322866 0.353007 0.471254 0.710796 -0.522195 0.082317 -0.624921 -0.776336
-0.231958 -12.793657 -28.549300 23.167673 0.882834 -0.349497 0.313777 0.460174 0.509859 -0.726832 -0.094043 -0.786064 -0.610950
-0.585169 -9.368004 -15.657590 -44.341025 0.737205 -0.347695 0.579341 0.372411 -0.506341 -0.777772 -0.563772 -0.789131 0.243792
-0.130295 -9.360331 -12.620922 -19.911360 0.730651 -0.332533 0.596298 0.297581 -0.630949 -0.716484 -0.614488 -0.700947 0.362048
-0.461506 -8.732847 -13.738661 -5.924981 0.719179 -0.303471 0.625050 -0.225384 0.749048 0.623000 -0.657255 -0.588925 0.470302
1.716134 -3.694396 -47.351345 -2.947796 0.886051 0.069450 0.458356 -0.463587 0.132254 0.876125 -0.000227 0.988780 -0.149380
1.333144 -3.577139 -29.049131 8.973994 0.909302 0.053001 0.412747 -0.415541 0.062629 0.907416 -0.022244 0.996629 -0.078973
2.442282 -3.476458 13.485966 -23.122730 0.840066 0.003319 0.542475 -0.533847 0.182795 0.825587 0.096421 0.983146 -0.155331
0.435511 -3.873079 -92.345177 13.021815 0.919179 0.094847 0.382248 -0.389513 0.075472 0.917923 -0.058214 0.992627 -0.106317
0.979072 -4.073152 -124.794309 6.122134 0.880917 0.121645 0.457371 -0.472728 0.179857 0.862658 -0.022676 0.976142 -0.215944
2.332991 -3.826908 -60.741761 -3.816506 0.857903 0.078334 0.507806 -0.512337 0.205249 0.833897 0.038904 0.975570 -0.216217
0.528015 -4.001710 -102.540958 17.353881 0.905182 0.100126 0.413063 -0.423215 0.122746 0.897676 -0.039179 0.987374 -0.153482
-0.493594 -3.493549 88.825229 -5.713926 0.888208 0.458901 0.022269 -0.262616 0.546873 -0.794961 0.376987 -0.700243 -0.606251
-1.320393 -7.608457 118.788344 -245.009817 0.613800 0.664462 -0.426309 0.686691 -0.182945 0.703553 0.389493 -0.724584 -0.568571
-0.554616 -3.723441 67.209502 -33.008255 0.920839 0.369841 0.123590 -0.158425 0.644433 -0.748069 0.356311 -0.669271 -0.652011
599.164962 -371.931806 26961.280129 -17004.327004 0.702587 -0.184611 0.687234 0.602915 0.667411 -0.437099 0.377974 -0.721444 -0.580219
30.724607 -22.098904 -1477.438731 -705.372992 -0.619394 0.312926 -0.720020 0.696032 0.643132 -0.319249 0.363167 -0.698898 -0.616159
-0.165216 -7.507340 0.791948 -16.432616 -0.858155 0.108263 -0.501845 -0.104245 0.920403 0.376817 0.502695 0.375682 -0.778563
0.035081 -22.647676 -24.869220 303.586230 -0.912154 0.117951 -0.392509 -0.044859 0.923207 0.381676 0.407386 0.365755 -0.836815
-0.313341 -20.404664 -36.682734 -207.557746 -0.909581 0.111627 -0.400252 0.097470 0.993683 0.055629 0.403933 0.011587 -0.914715
-0.264985 -21.110081 2.719020 206.113149 -0.918722 0.139728 -0.369359 -0.009745 0.927005 0.374924 0.394785 0.348050 -0.850298
0.458631 -21.889820 -43.689368 -177.189320 -0.915332 0.092797 -0.391863 0.074649 0.995322 0.061334 0.395722 0.026889 -0.917977
1.003450 -23.709088 -50.568429 390.795647 -0.909803 0.100427 -0.402707 -0.073947 0.915536 0.395380 0.408400 0.389496 -0.825532
-0.500546 -13.393045 -23.376207 -5.056338 0.542566 -0.589461 0.598463 0.679901 0.726559 0.099233 -0.493313 0.353055 0.794981
-0.305686 -15.608001 -17.054281 -36.675971 0.563748 -0.571128 0.596659 0.734454 0.677111 -0.045804 -0.377844 0.464041 0.801187
-0.313208 -14.719684 -4.060888 -15.688421 0.535565 -0.608284 0.585800 0.648583 0.740521 0.175979 -0.540842 0.285692 0.791119
-0.585825 -13.849586 -13.822154 -120.787094 0.588405 -0.571819 0.571666 0.714626 0.698536 -0.036828 -0.378271 0.430198 0.819659
-0.574664 -13.088568 -27.768235 15.121086 0.514732 -0.611125 0.601313 0.592071 0.760640 0.266231 -0.620083 0.218983 0.753355
-0.694022 -12.764859 -13.377283 -3.579151 0.564882 -0.596904 0.569750 0.656511 0.743391 0.127919 -0.499902 0.301788 0.811802
-0.838267 -12.301176 -10.648613 -18.426420 0.534865 -0.632299 0.560462 0.442994 0.774693 0.451228 -0.719497 0.006935 0.694461
-1.060479 -12.053985 -0.854293 58.212438 0.562595 -0.623045 0.543417 0.549027 0.773001 0.317867 -0.618107 0.119520 0.776955
-0.788593 -12.431060 -12.808726 38.603099 0.544793 -0.618897 0.565833 0.571463 0.767823 0.289616 -0.613702 0.165572 0.771982
-3.313177 -8.869037 -40.420820 -69.870490 -0.529227 0.848449 -0.007333 0.785811 0.486860 -0.381404 0.320031 0.207612 0.924379
-2.117612 -7.367234 -44.676269 -74.623460 -0.457386 0.889263 0.003063 0.872219 0.449285 -0.193331 0.173298 0.085755 0.981129
-2.587542 -8.944997 -54.673541 -67.393994 -0.423552 0.905782 0.012758 0.829752 0.393574 -0.395741 0.363476 0.157031 0.918274
-2.711903 -7.352980 -29.990735 -74.247530 -0.580968 0.813567 -0.024174 0.801315 0.566505 -0.192267 0.142727 0.131073 0.981045
-3.758427 -9.946226 -55.001662 -43.682804 -0.482786 0.875725 0.004829 0.704824 0.391829 -0.591348 0.519751 0.282091 0.806402
-4.470508 -9.989004 -32.211197 -48.334181 -0.597253 0.802043 -0.004007 0.653704 0.483883 -0.581832 0.464716 0.350120 0.813299
-3.930680 -8.966610 5.865973 -68.467427 0.663539 -0.747548 0.029797 0.697155 0.603376 -0.387184 0.271460 0.277685 0.921521
-0.658844 -20.881818 38.745479 -381.260375 0.541454 -0.644164 0.540260 0.823184 0.275599 -0.496401 0.170868 0.713511 0.679489
-1.210905 -18.067055 27.645965 -133.378508 0.564276 -0.617245 0.548271 0.825076 0.398279 -0.400779 0.029014 0.678515 0.734013
11.433533 3.517998 95.145323 38.559251 0.887561 0.384652 -0.253530 -0.460388 0.760496 -0.457919 -0.016669 -0.523153 -0.852076
12.423189 4.664882 47.956609 8.369864 0.855071 0.453256 -0.251818 -0.517296 0.712485 -0.474099 0.035472 -0.535653 -0.843693
11.806567 4.216631 -109.181312 -34.408696 0.911672 0.309305 -0.270527 -0.408755 0.750089 -0.519890 -0.042115 -0.584548 -0.810265
0.413771 -14.593183 6.430814 320.680872 0.730981 -0.308513 0.608676 0.393640 0.919239 -0.006812 -0.557417 0.244579 0.793390
-17.047543 -451.831897 -669.873552 33578.034138 -0.557497 0.394525 -0.730443 0.825686 0.354915 -0.438495 0.086248 -0.847576 -0.523618
-4.460060 -284.696547 -342.351289 -7081.702872 -0.555315 0.340415 -0.758777 0.651768 0.744847 -0.142835 0.516550 -0.573865 -0.635496
-57.294918 -403.531519 1717.145982 273.979248 0.596369 -0.403489 0.693931 0.603431 0.795441 -0.056081 -0.529353 0.452184 0.717854
