10695
21359
-3.783545 -4.880495 10.086818 41.900999 0.748286 0.444746 0.492208 -0.645679 0.658528 0.386575 0.152205 0.607077 -0.779931
-4.497342 -6.092333 3.553265 62.169283 0.915550 0.145938 0.374794 -0.311098 0.847575 0.429924 0.254924 0.510214 -0.821398
-2.993148 -6.524704 -33.779715 92.995549 0.961596 0.156464 0.225506 -0.251767 0.830013 0.497686 0.109303 0.535348 -0.837530
-3.873476 -5.292272 10.130378 -32.256240 0.509825 0.590344 0.625757 0.811360 -0.571749 -0.121649 0.285961 0.569734 -0.770473
-2.696673 -4.901064 -29.398860 67.762594 0.911185 0.302719 0.279468 -0.411022 0.714552 0.566106 0.028324 0.630695 -0.775514
-2.896552 -3.869451 -0.142041 -20.377114 0.420696 0.664839 0.617255 0.905098 -0.353897 -0.235699 0.061743 0.657834 -0.750628
-3.275615 -4.538961 0.940978 -21.672294 0.229294 0.700585 0.675725 0.953534 -0.301070 -0.011416 0.195442 0.646945 -0.737065
-1.198774 -4.234703 -68.079866 -6.731184 0.561912 0.808356 0.175545 0.789421 -0.460638 -0.405743 -0.247122 0.366571 -0.896971
0.394711 -3.940108 -53.642580 -7.183613 0.597885 0.784611 0.164069 0.770119 -0.505474 -0.389117 -0.222372 0.359000 -0.906460
0.362870 -3.787076 -64.819500 -12.766155 0.632615 0.764179 0.125813 0.701081 -0.496040 -0.512279 -0.329065 0.412281 -0.849554
-1.028816 -4.005412 -57.722463 -15.548888 0.611388 0.774959 0.160135 0.705317 -0.441907 -0.554298 -0.358794 0.451837 -0.816768
-2.301006 -4.461848 -34.606732 -11.406877 0.473606 0.822851 0.314028 0.849679 -0.333026 -0.408826 -0.231824 0.460446 -0.856882
1.327202 -0.262505 67.462358 12.413577 0.892335 -0.451297 -0.008298 -0.394912 -0.771680 -0.498552 -0.218592 -0.448153 0.866820
2.659500 -0.027710 60.946265 10.033734 0.794382 -0.606483 -0.033711 -0.537701 -0.676304 -0.503479 -0.282552 -0.418081 0.863349
2.168615 -0.211522 2.918650 -9.441813 0.758402 -0.647089 0.078109 0.534093 0.685668 0.494575 -0.373591 -0.333369 0.865618
1.747214 -0.350676 49.500764 8.042115 0.820460 -0.571700 0.002140 -0.498249 -0.716875 -0.487688 -0.280345 -0.399062 0.873016
0.393328 -2.788519 0.442562 8.043562 0.562574 0.716520 0.412443 0.593534 -0.697315 0.401832 -0.575523 -0.018739 0.817571
0.319163 -3.100547 -0.043716 -15.759352 0.577218 0.701208 0.418482 -0.516741 0.710470 -0.477715 -0.632296 0.059499 0.772439
0.308150 -2.705556 3.962873 7.542627 0.572858 0.721570 0.388807 0.588589 -0.692265 0.417532 -0.570436 0.010339 0.821277
0.368642 -3.002002 -4.342873 -12.556773 0.563456 0.697331 0.442997 -0.559512 0.716627 -0.416404 -0.607835 -0.013237 0.793953
0.291597 -2.728673 6.232681 -7.028873 0.583569 0.713912 0.387009 0.623140 -0.699271 0.350309 -0.520715 -0.036731 0.852940
0.417299 -2.722674 1.048956 2.981906 0.545549 0.736147 0.400579 0.647258 -0.673718 0.356596 -0.532384 -0.064737 0.844024
-0.388107 -3.840002 0.762665 11.800207 0.674711 0.712842 0.191366 0.180303 -0.410606 0.893808 -0.715721 0.568558 0.405568
-0.470592 -4.106663 0.764698 22.532649 0.674041 0.715781 0.182554 0.127132 -0.355851 0.925855 -0.727672 0.600856 0.330857
-0.318663 -3.846628 -2.230697 14.654049 0.654673 0.735599 0.174061 0.207104 -0.396002 0.894589 -0.726987 0.549615 0.411598
-0.478331 -4.036645 -1.496502 11.456943 0.681059 0.702480 0.206591 0.129414 -0.393179 0.910309 -0.720701 0.593238 0.358689
-0.365979 -3.863715 -1.757907 2.791106 0.676025 0.709949 0.197390 0.226982 -0.455475 0.860826 -0.701049 0.537136 0.469058
0.632193 -8.658628 6.599795 -53.427595 0.745839 0.648152 -0.153697 0.489428 -0.376692 0.786488 -0.451867 0.661817 0.598175
0.781180 -7.523743 4.516250 -62.820103 0.757083 0.635573 -0.151235 0.334664 -0.178474 0.925282 -0.561093 0.751129 0.347822
0.393755 -8.111684 8.082928 -57.275282 0.762922 0.626822 -0.158251 0.403918 -0.271034 0.873722 -0.504777 0.730503 0.459963
0.125917 -8.783712 13.614421 -37.410102 0.763451 0.619857 -0.181439 0.546838 -0.470881 0.692271 -0.343673 0.627733 0.698456
-0.090728 -8.100771 20.503148 -47.587026 0.782480 0.597395 -0.175626 0.431731 -0.317257 0.844368 -0.448702 0.736524 0.506161
0.076549 -7.189062 21.821278 -17.221275 0.792580 0.589028 -0.157681 0.307283 -0.162467 0.937647 -0.526682 0.791613 0.309767
0.747783 -3.560945 -6.118042 -5.467860 0.768206 0.477393 0.426563 -0.505509 0.861167 -0.053405 -0.392837 -0.174606 0.902880
0.951503 -3.697734 -4.686671 -1.470406 0.774363 0.471435 0.422033 -0.438491 0.880686 -0.179216 -0.456167 -0.046280 0.888690
0.843302 -3.704599 5.473688 -7.042554 0.805461 0.441379 0.395496 -0.429255 0.894606 -0.124179 -0.408623 -0.069748 0.910034
0.784279 -3.715807 -8.841301 4.922619 0.739504 0.506857 0.442977 -0.488987 0.856740 -0.163976 -0.462629 -0.095349 0.881410
0.717955 -3.378608 3.594876 -10.454669 0.795745 0.460502 0.393355 -0.492494 0.870031 -0.022249 -0.352477 -0.176021 0.919117
0.660518 -2.935817 -0.340719 -13.215440 0.756371 0.513929 0.404698 -0.578718 0.814129 0.047742 -0.304940 -0.270317 0.913203
-0.780716 -4.154878 -11.116561 -48.960343 0.828396 0.556317 -0.065361 -0.461078 0.610972 -0.643522 0.318069 -0.563227 -0.762632
-0.703521 -3.905224 -3.402057 -6.223756 0.791746 0.600542 -0.111748 -0.522776 0.571523 -0.632509 0.315981 -0.559205 -0.766450
-0.834498 -5.418440 -10.443598 -59.459711 0.833188 0.545814 -0.088800 -0.494046 0.662575 -0.562950 0.248429 -0.512914 -0.821707
-1.248595 -7.537964 -4.773881 11.625775 0.708064 0.691847 0.141395 0.693492 -0.643552 -0.323899 0.133094 -0.327397 0.935466
-1.386951 -7.681446 3.420020 3.875317 0.697364 0.711942 0.082597 0.654452 -0.585554 -0.478351 0.292193 -0.387641 0.874276
-1.439118 -7.992036 -1.092153 10.974215 0.705851 0.702769 0.088823 0.698081 -0.668835 -0.255620 0.120234 -0.242435 0.962688
-1.403854 -8.050132 -2.736840 -4.217177 0.712944 0.695555 0.088967 -0.697669 0.716355 -0.009725 -0.070496 -0.055136 0.995987
-1.315073 -7.717622 -6.143476 19.513032 0.715258 0.686599 0.130335 0.698834 -0.701056 -0.141956 0.006095 -0.192618 0.981255
-1.452208 -7.878923 -0.359096 13.466796 0.710156 0.702227 0.050556 0.700835 -0.698245 -0.145889 0.067147 -0.139036 0.988008
4.101309 -1.141236 117.852674 10.531020 0.702174 0.616164 0.356782 -0.473407 0.029740 0.880341 -0.531824 0.787056 -0.312580
5.124593 -1.432820 173.147411 3.226975 0.715379 0.585289 0.381666 -0.474165 0.005437 0.880419 -0.513225 0.810806 -0.281414
12.388369 -1.039788 289.315160 28.624585 0.652602 0.613538 0.444613 -0.504658 -0.085740 0.859051 -0.565182 0.784996 -0.253673
12.701031 -1.513162 354.223877 18.269002 0.733292 0.558961 0.387099 -0.451765 -0.024930 0.891789 -0.508125 0.828819 -0.234238
-0.263492 -11.608637 7.230092 99.179731 0.783134 0.325754 0.529703 0.023318 0.835832 -0.548490 -0.621416 0.441893 0.646972
-0.048119 -10.425536 21.666230 7.762037 0.800038 0.273450 0.534008 -0.211911 -0.703915 0.677936 -0.561278 0.655537 0.505211
-0.732251 -9.767767 15.893452 -19.004021 0.779328 0.295578 0.552524 0.121318 0.793901 -0.595821 -0.614760 0.531371 0.582850
66.061896 -17.991120 -2521.703419 -417.481426 -0.456956 0.872502 -0.173007 -0.873441 -0.476922 -0.098212 0.168201 -0.106233 -0.980012
87.979817 -6.404538 -2931.369794 -129.031328 -0.589752 0.727097 -0.351457 -0.742744 -0.659199 -0.117418 0.317055 -0.191795 -0.928812
1.961177 -10.618848 -14.614778 95.932689 -0.959828 -0.217362 -0.177440 -0.232372 0.970214 0.068470 0.157272 0.106951 -0.981747
-1.994164 -42.564740 -15.924973 999.390323 0.718797 0.073103 0.691366 0.694959 -0.048278 -0.717427 0.019069 -0.996155 0.085506
0.449959 -37.832845 10.666260 915.340688 0.791729 0.098299 0.602912 0.608760 -0.044938 -0.792081 0.050767 -0.994142 0.095419
-0.599115 -16.058098 -0.257926 473.606365 0.786599 0.055951 0.614924 0.608240 0.101289 -0.787264 0.106333 -0.993282 -0.045642
-3.118464 -38.427505 90.288108 950.764309 -0.633675 -0.026870 -0.773132 0.772210 0.037898 -0.634236 0.046342 -0.998920 -0.003266
0.394920 -3.239080 9.515924 -9.977454 0.788244 0.559001 0.257274 -0.426964 0.195748 0.882828 -0.443140 0.805730 -0.392970
0.656626 -3.261644 2.357199 -7.588001 0.769204 0.581968 0.263892 -0.432764 0.170597 0.885218 -0.470150 0.795116 -0.383079
0.546987 -2.966867 2.620375 -12.750247 0.775769 0.575426 0.258974 -0.470270 0.253564 0.845311 -0.420747 0.777554 -0.467313
-1.590188 -3.225480 15.021564 -29.982075 0.654371 0.741325 0.149116 0.559168 -0.607138 0.564548 -0.509048 0.286043 0.811819
-1.746747 -3.219433 8.379763 23.191748 0.677578 0.681987 0.275285 -0.479883 0.693626 -0.537210 -0.557316 0.231897 0.797260
-1.844440 -3.757918 4.920963 21.183053 0.708001 0.645186 0.287175 -0.494402 0.743195 -0.450808 -0.504282 0.177193 0.845164
-1.761095 -3.858242 8.528511 21.792574 0.712982 0.670626 0.204737 -0.549138 0.715610 -0.431683 -0.436010 0.195354 0.878483
-0.171419 -0.684253 10.416917 1.163161 0.984305 0.174690 -0.025030 0.170949 -0.979061 -0.110525 0.043813 -0.104512 0.993558
-0.028734 -0.936103 16.573721 12.512096 0.843736 0.536685 0.008886 0.535161 -0.839833 -0.091011 0.041382 -0.081545 0.995810
-0.668693 -1.049928 14.938897 4.506892 0.979522 0.200066 -0.022610 0.196295 -0.973921 -0.113782 0.044784 -0.107014 0.993248
-0.326181 -0.931615 5.736225 -9.314114 0.936863 -0.339962 -0.081930 -0.347297 -0.931933 -0.104337 0.040883 -0.126203 0.991162
2.155389 -26.342520 -21.716127 -397.840012 -0.580348 0.104815 -0.807595 -0.023465 0.989119 0.145236 0.814031 0.103238 -0.571573
2.127422 -32.425515 -9.908533 2.950063 -0.541634 0.194303 -0.817850 -0.113409 0.947134 0.300125 0.832929 0.255309 -0.490964
3.690221 -24.283989 -40.471390 -92.335861 -0.609455 0.078289 -0.788946 -0.372254 0.850343 0.371945 0.699994 0.520372 -0.489102
0.307023 -36.102226 25.248581 -395.399976 -0.551091 0.208052 -0.808092 0.250940 0.964912 0.077295 0.795819 -0.160186 -0.583963
35.290600 -198.359121 -478.654043 -7076.383743 -0.632858 0.151621 -0.759277 -0.037137 0.973566 0.225366 0.773377 0.170822 -0.610498
2.701726 -29.505671 -52.936348 -694.653691 -0.577481 0.094369 -0.810932 0.171214 0.985207 -0.007275 0.798249 -0.143043 -0.585096
-2.846102 -3.381992 23.977647 -30.998401 0.227599 -0.153697 -0.961549 0.843603 0.524317 0.115873 0.486347 -0.837537 0.248993
-3.337858 -3.721170 11.893965 -19.999312 0.542069 -0.034618 -0.839621 0.673161 0.615960 0.409204 0.503007 -0.787016 0.357196
-2.768043 -3.450672 -36.047580 19.562220 0.873168 0.457490 0.168169 0.303459 -0.240242 -0.922061 0.381432 -0.856147 0.348600
-3.015001 -4.178603 15.791462 -12.810842 0.301357 -0.119675 -0.945971 0.729598 0.667678 0.147959 0.613897 -0.734768 0.288525
-2.185935 -2.537252 -36.867685 9.916142 0.754605 0.430429 0.495280 0.546711 0.004996 -0.837306 0.362875 -0.902611 0.231550
-2.005175 -2.816189 34.331873 -31.353292 -0.059927 -0.224987 -0.972517 0.899487 0.410269 -0.150340 0.432818 -0.883776 0.177786
0.231244 -4.570556 -6.477488 -16.131881 0.827086 0.310379 0.468609 0.561981 -0.441391 -0.699536 0.010281 -0.841926 0.539496
0.248879 -4.729578 4.228502 -12.638406 0.813571 0.333303 0.476457 0.577696 -0.370178 -0.727486 0.066099 -0.867109 0.493714
0.419347 -5.108587 -1.064776 -20.834596 0.823678 0.308506 0.475792 0.560273 -0.313359 -0.766746 0.087452 -0.898126 0.430955
0.124323 -4.710947 -12.145870 -15.410176 0.843499 0.284675 0.455488 0.536533 -0.406566 -0.739484 0.025327 -0.868138 0.495676
-0.221564 -4.032524 -21.411386 -16.206996 0.850123 0.269245 0.452545 0.522563 -0.537349 -0.661954 -0.064947 -0.799226 0.597511
0.124707 -3.974300 -3.677507 -15.519073 0.827322 0.318981 0.462373 0.557848 -0.563137 -0.609658 -0.065910 -0.762318 0.643838
-0.252719 -4.435827 -1.417970 -11.486132 -0.587260 -0.528322 -0.613190 -0.024964 0.769050 -0.638702 0.809013 -0.359776 -0.464821
-0.274211 -4.451625 -5.158457 -10.701095 -0.592804 -0.517972 -0.616675 0.037810 0.746981 -0.663769 0.804459 -0.416802 -0.423229
-0.338846 -4.735933 -5.623034 -11.321367 -0.588458 -0.549934 -0.592697 -0.119800 0.784271 -0.608743 0.799603 -0.287215 -0.527392
-0.193162 -4.945803 -5.868562 -14.751186 -0.575954 -0.555825 -0.599446 -0.195239 0.805590 -0.559380 0.793826 -0.205142 -0.572501
-0.332171 -5.202077 -6.702755 -18.711112 -0.584542 -0.571528 -0.575905 -0.252512 0.802694 -0.540295 0.771070 -0.170402 -0.613526
-0.549309 -5.272571 -5.082359 -18.280197 -0.600389 -0.570620 -0.560291 -0.227409 0.793516 -0.564462 0.766693 -0.211481 -0.606183
-0.418024 -5.456984 11.448173 -20.153789 -0.721399 -0.496155 -0.483129 0.106896 0.609499 -0.785547 0.684220 -0.618338 -0.386655
-0.179655 -5.765017 8.065885 -23.431377 -0.725370 -0.498496 -0.474699 0.094662 0.610820 -0.786090 0.681819 -0.615143 -0.395882
-0.349157 -6.063383 5.560925 -20.307311 -0.714796 -0.524416 -0.462661 -0.037180 0.689135 -0.723678 0.698344 -0.500080 -0.512089
-0.172060 -4.950567 -8.795909 -23.553063 0.724318 0.481696 0.493287 0.233636 0.501650 -0.832923 0.648673 -0.718551 -0.250812
-0.586098 -5.807022 7.666453 -19.843309 -0.707331 -0.528748 -0.469157 -0.033581 0.688083 -0.724854 0.706084 -0.496957 -0.504458
-0.405096 -4.740970 -11.146985 -22.000643 0.715849 0.472287 0.514301 0.261063 0.502108 -0.824460 0.647616 -0.724453 -0.236137
2.525267 -8.244572 3.734164 -53.500123 0.571423 0.771645 0.279357 0.790970 -0.608589 0.063130 -0.218728 -0.184888 0.958110
2.140850 -8.233301 19.884723 -41.039663 0.598073 0.786080 0.156165 0.778539 -0.616095 0.119600 -0.190227 -0.050051 0.980463
1.950586 -9.016632 -23.701368 -32.622955 -0.607845 -0.778829 -0.154759 0.793561 -0.588938 -0.153014 0.028028 -0.215820 0.976031
2.464251 -7.521935 -5.630812 -27.411603 0.540771 0.791432 0.284959 0.749250 -0.607181 0.264491 -0.382349 -0.070477 0.921327
2.345167 -8.807598 -3.535369 -22.063605 -0.602112 -0.747564 -0.280374 0.797524 -0.546584 -0.255344 0.037638 -0.377351 0.925305
2.555264 -7.043699 -6.626277 -44.270323 0.544586 0.762556 0.349191 0.759760 -0.624878 0.179701 -0.355234 -0.167439 0.919659
0.687859 -3.855839 -2.990383 7.066382 0.414871 0.678449 0.606291 0.702048 0.185191 -0.687628 -0.578800 0.710922 -0.399474
0.549246 -3.919611 1.762586 -5.565902 0.445644 0.671689 0.591806 0.751433 0.078643 -0.655106 -0.486569 0.736647 -0.469683
0.643890 -3.953368 3.752378 3.278052 0.457746 0.659584 0.596169 0.686752 0.163557 -0.708252 -0.564660 0.733620 -0.378103
0.444493 -4.152489 7.887907 -3.173318 0.510996 0.643351 0.570072 0.671594 0.115124 -0.731921 -0.536511 0.756865 -0.373243
0.626809 -4.191509 4.990359 8.212241 0.468624 0.647170 0.601301 0.605553 0.260255 -0.752045 -0.643193 0.716546 -0.269934
-1.628336 -6.719067 38.700396 50.402659 -0.559327 0.796305 0.230329 -0.151478 0.174995 -0.972847 0.814989 0.579030 -0.022743
0.008107 -6.081444 71.849669 59.605362 -0.626630 0.757349 0.183731 -0.169183 0.097935 -0.980707 0.760731 0.645625 -0.066762
-0.419245 -7.455478 53.125920 43.543656 -0.590752 0.778254 0.212917 0.006877 0.268733 -0.963190 0.806824 0.567542 0.164107
1.858485 -6.941131 66.188677 73.779233 -0.589796 0.790839 0.163448 -0.058595 0.159957 -0.985383 0.805424 0.590752 0.048003
-1.862306 -7.870004 27.538873 22.222149 -0.508885 0.821884 0.256012 0.066985 0.334305 -0.940082 0.858224 0.461244 0.225176
-0.033224 -5.583060 3.758177 -34.027324 0.612502 0.631422 0.475550 0.716917 -0.190321 -0.670677 -0.332973 0.751721 -0.569249
0.184560 -4.761717 4.786645 -19.108557 0.561024 0.641661 0.522994 0.700041 -0.030562 -0.713448 -0.441809 0.766379 -0.466335
0.142191 -4.861059 4.171073 -25.244420 0.568867 0.643135 0.512609 0.730709 -0.109199 -0.673900 -0.377432 0.757927 -0.532064
-8.577573 -25.323182 -20.411301 387.174838 -0.558559 0.527093 -0.640457 0.470951 0.837134 0.278230 0.682801 -0.146216 -0.715824
-16.493546 -54.598696 -302.706446 1232.466588 -0.677116 0.457599 -0.576296 0.462378 0.873806 0.150563 0.572469 -0.164518 -0.803252
-10.493652 -46.532833 -22.311459 1118.588749 -0.679324 0.392201 -0.620240 0.217850 0.914878 0.339910 0.700757 0.095790 -0.706940
-2.453853 -5.766965 6.010267 -18.883252 0.290587 -0.734386 -0.613381 0.873631 0.465108 -0.142983 0.390293 -0.494319 0.776737
-2.191874 -6.450294 14.743933 -23.267569 0.215533 -0.706100 -0.674513 0.865926 0.457478 -0.202204 0.451351 -0.540497 0.710032
-2.312732 -6.469117 -10.427652 -35.132270 -0.188932 0.764086 0.616829 0.819717 0.468587 -0.329378 0.540711 -0.443395 0.714865
-6.824545 -111.789695 -1.354397 2361.263195 -0.006594 0.548791 0.835934 0.807105 0.496453 -0.319556 -0.590371 0.672579 -0.446205
-3.513351 -182.824167 36.439616 -4816.397386 0.104797 0.702261 0.704164 -0.082486 -0.699485 0.709871 -0.991067 0.132477 0.015377
100.103416 -2148.814190 -1925.256670 -128503.853186 0.013974 0.635900 0.771645 -0.122707 0.766978 -0.629832 -0.992345 -0.085885 0.088747
-3.673469 -139.819832 -66.817823 -3368.014863 -0.055181 0.617095 0.784951 -0.754370 -0.540792 0.372116 -0.654126 0.571610 -0.495359
-7.962956 -123.946499 -6.302224 1697.846672 -0.335190 0.490539 0.804375 0.904481 -0.071462 0.420485 0.263746 0.868484 -0.419730
0.234733 -2.897589 -3.361867 -0.669119 0.816935 0.357876 0.452262 0.543380 -0.740413 -0.395634 -0.193273 -0.568958 0.799332
0.216717 -2.888254 -6.741296 -14.014850 0.835298 0.310463 0.453752 0.509260 -0.747933 -0.425735 -0.207201 -0.586693 0.782853
0.110811 -2.718672 -2.311139 2.781830 0.808939 0.366839 0.459399 0.542271 -0.767419 -0.342067 -0.227067 -0.525830 0.819721
0.078149 -2.768940 -3.318227 -11.573155 0.828177 0.320191 0.460001 0.511399 -0.767546 -0.386450 -0.229334 -0.555293 0.799410
0.078609 -3.089351 0.937318 13.924348 0.765710 0.438278 0.470744 0.600499 -0.749329 -0.279120 -0.230410 -0.496406 0.836954
0.053298 -2.603301 -0.982678 3.200751 0.803311 0.368875 0.467571 0.536459 -0.789150 -0.299089 -0.258658 -0.491094 0.831819
-9.133012 -318.985030 157.077011 -7766.907363 -0.265769 -0.076525 0.960995 0.005273 0.996714 0.080828 -0.964022 0.026549 -0.264493
-3.102453 -102.736013 -12.609859 -2587.009986 -0.129920 0.110868 0.985307 0.577533 0.816217 -0.015690 -0.805963 0.567009 -0.170073
-6.340377 -299.397168 5.587486 5391.953891 -0.338880 -0.084010 0.937071 0.716590 0.622344 0.314940 -0.609638 0.778223 -0.150699
9.833829 -4424.485585 3541.237877 -183178.942154 -0.230816 0.110989 0.966646 0.547902 0.835816 0.034861 -0.804069 0.537674 -0.253731
15.841574 -1716.575331 1314.234383 59071.142190 -0.391129 -0.007661 0.920304 0.913640 0.117169 0.389272 -0.110813 0.993082 -0.038829
-0.117983 -1.120723 -14.606029 -12.077018 -0.660539 -0.673719 -0.331347 -0.397071 0.688036 -0.607406 0.637199 -0.269647 -0.721989
0.133078 -1.647827 -6.810856 -19.973340 -0.700658 -0.611587 -0.367478 -0.357443 0.746621 -0.561063 0.617506 -0.261761 -0.741733
0.168738 -1.220476 6.283642 -6.108328 0.662297 0.682403 0.309338 -0.403302 0.672649 -0.620396 0.631435 -0.286129 -0.720708
-3.547757 -6.514758 -29.464266 32.802517 0.954669 0.135843 0.264867 -0.219687 0.921948 0.318983 0.200862 0.362711 -0.909998
-4.439972 -6.049308 19.364532 28.252382 0.680270 0.454542 0.575000 -0.627858 0.766147 0.137159 0.378190 0.454323 -0.806575
-5.071460 -6.542626 16.581623 33.478671 0.907121 0.081258 0.412952 -0.220912 0.927083 0.302846 0.358232 0.365944 -0.858927
3.332758 -6.231377 15.611787 35.240943 -0.327190 0.792565 0.514575 0.944958 0.274903 0.177432 -0.000832 0.544306 -0.838887
2.780314 -6.136381 -26.996224 46.073947 -0.440802 0.820892 0.363084 0.891953 0.355273 0.279644 0.100564 0.447122 -0.888802
2.384364 -5.600518 6.379806 65.830953 -0.312419 0.824257 0.472223 0.924514 0.149575 0.350572 0.218329 0.546102 -0.808767
1.527630 -5.418079 -34.262723 56.957379 -0.379128 0.853683 0.357054 0.873283 0.202487 0.443143 0.306005 0.479818 -0.822275
1.954177 -5.367044 41.188528 62.320428 -0.219891 0.778739 0.587548 0.957566 0.057266 0.282469 0.186323 0.624728 -0.758286
1.570478 -3.983003 35.045674 49.984148 -0.300213 0.789656 0.535085 0.894755 0.038713 0.444876 0.330584 0.612327 -0.718171
1.744088 -4.531990 -4.401380 52.696313 -0.330510 0.839143 0.431975 0.873130 0.098079 0.477518 0.358338 0.534996 -0.765097
-0.290101 -6.811389 18.170323 -40.816295 0.767240 0.625783 -0.140495 -0.061055 -0.146798 -0.987280 0.638448 -0.766059 0.074422
4.312604 -15.170530 159.898371 -264.599959 0.758235 0.614917 0.216695 0.131053 0.181834 -0.974557 0.638674 -0.767342 -0.057286
10.852952 -13.185532 232.886584 -159.383399 0.837381 0.520272 0.167661 0.136620 0.097786 -0.985785 0.529271 -0.848384 -0.010804
-0.677122 -8.465499 24.374095 -140.662192 0.771934 0.630573 0.080591 0.048648 0.067806 -0.996512 0.633838 -0.773162 -0.021665
-1.372079 -5.261005 19.235520 -44.684962 0.762814 0.646501 -0.012300 0.017071 -0.039151 -0.999087 0.646392 -0.761908 0.040901
-1.449890 -4.849164 29.607231 6.090823 0.748447 0.628509 -0.211668 -0.090034 -0.219917 -0.971355 0.657054 -0.746065 0.108010
0.245045 -2.838933 4.709652 18.514815 0.578233 0.720172 0.383405 0.557598 -0.691886 0.458669 -0.595593 0.051432 0.801638
0.172779 -3.535312 3.387994 11.329411 0.593280 0.696589 0.403462 0.408374 -0.692357 0.594872 -0.693721 0.188162 0.695231
0.153257 -3.212601 3.289577 18.917364 0.582814 0.711856 0.391904 0.491918 -0.692942 0.527113 -0.646796 0.114424 0.754031
0.231923 -3.429714 -0.116865 -8.325615 0.594358 0.675284 0.436727 -0.392953 0.717677 -0.574915 -0.701660 0.170092 0.691912
0.322880 -3.209936 -1.003575 -8.448494 0.591055 0.671756 0.446539 -0.454359 0.734670 -0.503803 -0.666492 0.094886 0.739449
-0.404723 -4.357446 -2.844941 25.886163 0.651586 0.741623 0.159469 0.128077 -0.314758 0.940491 -0.747684 0.592387 0.300077
-0.580227 -4.356040 1.422364 10.616778 0.689530 0.703721 0.171246 0.026151 -0.260481 0.965125 -0.723785 0.661004 0.198013
0.928327 -6.720382 -0.276889 -25.331914 0.749396 0.637465 -0.179007 0.271478 -0.049236 0.961185 -0.603908 0.768904 0.209955
0.813193 -6.791284 2.202950 -8.352706 0.763517 0.625262 -0.161521 0.262201 -0.071577 0.962355 -0.590163 0.777126 0.218594
-0.194550 -10.142880 13.772996 11.393582 0.649728 0.760137 0.006694 -0.373678 0.327045 -0.867990 0.661981 -0.561456 -0.496536
0.156566 -9.092424 13.180734 70.119267 0.648715 0.761031 -0.000288 -0.574229 0.489233 -0.656439 0.499430 -0.426007 -0.754379
0.589834 -9.585989 18.574173 42.339156 0.626595 0.778774 -0.029832 -0.493495 0.366854 -0.788594 0.603193 -0.508851 -0.614190
-0.446972 -9.388259 17.773795 67.895576 0.656298 0.753423 0.040334 -0.544689 0.510108 -0.665660 0.522098 -0.414902 -0.745164
0.223537 -9.930201 15.608102 -4.075143 0.635335 0.771616 -0.030955 -0.299985 0.209668 -0.930617 0.711589 -0.600539 -0.364683
-0.727888 -10.341866 11.895224 -24.950263 0.664226 0.746688 0.035513 -0.164648 0.192474 -0.967391 0.729174 -0.636719 -0.250787
-0.658424 -10.229588 15.999410 12.496311 0.659150 0.750780 0.043021 -0.355101 0.361171 -0.862240 0.662891 -0.553069 -0.504669
-0.374943 -10.234231 8.529949 -34.991773 0.660152 0.751129 -0.002005 -0.142249 0.122398 -0.982234 0.737540 -0.648709 -0.187649
-0.299446 -3.220147 -19.018639 -10.853460 0.546630 0.695750 0.465970 -0.599847 0.713621 -0.361841 -0.584277 -0.081718 0.807430
0.257068 -2.931003 -8.713676 11.265805 0.535513 0.721100 0.439590 0.639679 -0.686186 0.346351 -0.551394 -0.095721 0.828735
0.109813 -2.920868 -14.090951 9.061647 0.502350 0.751203 0.428180 0.694396 -0.645563 0.317903 -0.515227 -0.137628 0.845931
-0.379229 -3.104200 -24.562917 10.681266 0.495714 0.744949 0.446451 0.707439 -0.644545 0.289987 -0.503783 -0.172086 0.846516
-0.715249 -4.496126 4.638291 -59.271415 0.817605 0.575775 -0.002337 -0.463195 0.655319 -0.596664 0.342013 -0.488918 -0.802488
-0.616835 -4.880599 18.039843 -46.724025 0.816802 0.573828 0.059629 -0.449979 0.698352 -0.556617 0.361045 -0.427815 -0.828626
-0.710458 -4.211257 10.470037 -22.513779 0.796069 0.605103 0.011177 -0.459380 0.616174 -0.639765 0.394011 -0.504163 -0.768489
-1.252992 -7.151202 -5.357110 -4.097300 0.713177 0.684626 0.150549 0.658249 -0.580231 -0.479625 0.241011 -0.441157 0.864462
6.474948 0.619496 -14.734378 -79.851640 -0.198541 0.874969 -0.441601 0.406615 0.483499 0.775172 -0.891765 0.025658 0.451770
3.755148 -1.831359 25.850066 -79.398153 0.602687 -0.534572 0.592453 0.245806 0.830710 0.499499 -0.759175 -0.155413 0.632060
9.841188 -9.238808 -101.818260 94.252758 0.655735 0.331724 0.678212 -0.511229 0.856118 0.075546 -0.555569 -0.396260 0.730973
-3.916981 -184.598594 132.346000 5051.996917 -0.438266 -0.259340 -0.860619 0.817744 -0.512496 -0.261997 -0.373117 -0.818591 0.436683
-3.640010 -113.226920 -69.850814 3042.853343 -0.602020 -0.239852 -0.761606 0.672233 -0.666973 -0.321325 -0.430900 -0.705421 0.562767
0.056273 -31.948729 48.067386 828.224349 0.844461 0.115335 0.523053 0.532350 -0.073022 -0.843369 0.059075 -0.990639 0.123063
-1.274332 -2.515012 28.238146 -14.529502 0.490179 0.871280 -0.024410 0.661900 -0.353870 0.660806 -0.567109 0.340070 0.750160
0.699290 -0.815626 22.573373 11.664757 0.790190 0.612666 0.015493 0.611828 -0.787138 -0.077972 0.035575 -0.071092 0.996835
0.556949 -1.455416 26.478598 21.229698 0.760373 0.649425 0.008905 0.648817 -0.758896 -0.055792 0.029475 -0.048200 0.998403
0.978474 -18.418146 -37.260676 -287.290558 -0.668465 -0.558556 -0.491090 -0.170784 0.757929 -0.629584 0.723870 -0.336985 -0.602042
0.263632 -19.807783 -8.836882 -366.017314 -0.727071 -0.476853 -0.493942 -0.081626 0.774378 -0.627436 0.681693 -0.415872 -0.601951
1.785557 -25.575492 1.018023 -442.815365 -0.743724 -0.454746 -0.489981 -0.285094 0.878736 -0.382812 0.604646 -0.145016 -0.783182
0.006354 -14.300589 11.046096 -186.851167 -0.772102 -0.392533 -0.499776 -0.086844 0.844226 -0.528905 0.629537 -0.364966 -0.685918
3.330869 -33.241836 -37.667283 -632.005768 -0.715969 -0.519795 -0.466049 -0.368178 0.848317 -0.380531 0.593155 -0.100860 -0.798746
3.168911 -36.760265 14.420437 -563.821007 -0.755832 -0.464860 -0.461110 -0.537264 0.842846 0.030960 0.374253 0.271138 -0.886803
2.434075 -43.373493 45.411047 -849.993542 -0.760003 -0.323951 -0.563429 -0.266560 0.946020 -0.184367 0.592741 0.010067 -0.805330
1.139411 -49.225713 2.478844 -437.438601 -0.463694 0.260379 -0.846871 0.291470 0.947468 0.131717 0.836680 -0.185761 -0.515228
1.706117 -33.821027 -2.396516 374.517345 -0.497839 0.213918 -0.840473 -0.130803 0.939497 0.316600 0.857349 0.267553 -0.439737
-2.801985 -4.806511 -2.606171 -7.770243 0.185070 -0.112054 -0.976316 0.478092 0.878251 -0.010172 0.858590 -0.464886 0.216110
-2.775050 -4.692081 0.350336 -7.032181 0.108268 -0.123102 -0.986470 0.593681 0.803932 -0.035164 0.797383 -0.581842 0.160124
-3.078694 -4.886417 -7.195093 -8.896740 0.044057 -0.158543 -0.986369 0.477423 0.870631 -0.118615 0.877569 -0.465689 0.114049
-2.867001 -4.807072 6.646547 -4.305440 0.245701 -0.123664 -0.961425 0.541103 0.840414 0.030185 0.804262 -0.527647 0.273406
-2.936379 -4.948049 -5.685917 -8.346679 0.165031 -0.135377 -0.976953 0.370882 0.926352 -0.065714 0.913899 -0.351490 0.203086
-2.923512 -4.947551 2.058961 -3.546974 0.271433 -0.148335 -0.950958 0.389326 0.920528 -0.032462 0.880198 -0.361422 0.307613
0.064089 -4.300553 13.427496 -8.454193 0.814282 0.359214 0.455971 0.579975 -0.471073 -0.664620 0.023945 -0.805640 0.591922
0.148161 -4.709386 7.830565 -8.587459 0.799226 0.357450 0.483184 0.590279 -0.315443 -0.743012 0.113173 -0.879048 0.463106
0.378349 -5.047938 6.772067 -11.589654 0.800564 0.336333 0.495960 0.576577 -0.206838 -0.790428 0.163263 -0.918748 0.359510
-0.191680 -4.267021 -1.797193 -1.374555 -0.590971 -0.502447 -0.631111 0.081840 0.740964 -0.666539 0.802531 -0.445555 -0.396768
-0.268357 -4.231491 -2.188083 1.425306 -0.601270 -0.486797 -0.633643 0.143402 0.714384 -0.684902 0.786072 -0.502677 -0.359731
-0.397945 -4.538456 -4.398239 -8.025498 -0.609595 -0.515264 -0.602409 0.064869 0.724960 -0.685729 0.790054 -0.457095 -0.408508
-0.187626 -6.303081 4.006047 -16.132881 -0.725700 -0.520478 -0.449958 -0.033073 0.679632 -0.732807 0.687216 -0.516917 -0.510423
-0.044417 -5.637071 -3.455869 -31.083572 0.724503 0.500343 0.474081 0.164479 0.542432 -0.823841 0.669359 -0.674852 -0.310697
1.511283 -8.475685 -28.139047 -16.750419 -0.624134 -0.777396 -0.078184 0.781238 -0.622368 -0.048221 -0.011172 -0.091176 0.995772
2.323664 -7.647462 10.391707 -17.812980 0.580154 0.798202 0.162156 0.724849 -0.596762 0.344193 -0.371504 0.082147 0.924790
1.678321 -8.054436 34.278855 -32.692892 0.636085 0.768859 0.065204 0.745458 -0.634139 0.205329 -0.199217 0.082000 0.976519
0.599130 -3.787658 -3.004530 3.247388 0.398165 0.688400 0.606275 0.736820 0.153676 -0.658392 -0.546407 0.708864 -0.446039
0.435988 -3.788239 0.541665 -3.361344 0.422206 0.683121 0.595892 0.793111 0.039972 -0.607764 -0.438996 0.729210 -0.524914
0.295161 -4.213968 -0.110441 -14.791863 0.490757 0.672264 0.554273 0.784516 -0.064175 -0.616779 -0.379068 0.737525 -0.558896
0.319548 -4.340960 2.933388 -17.848311 0.513860 0.658807 0.549473 0.759167 -0.050929 -0.648900 -0.399516 0.750586 -0.526315
-1.092971 -4.990660 53.815102 45.691986 -0.611298 0.783399 0.112255 -0.241400 -0.049495 -0.969163 0.753685 0.619546 -0.219369
0.845219 -4.068534 77.849823 31.822140 -0.656150 0.753003 0.049536 -0.202295 -0.112275 -0.972867 0.727010 0.648368 -0.225998
1.943002 -4.968125 85.201208 61.808072 -0.625717 0.768717 0.132487 -0.185206 0.018583 -0.982524 0.757745 0.639319 -0.130743
-2.695506 -18.413429 -39.553874 -129.207569 0.294056 -0.643141 -0.707037 0.912243 0.409593 0.006823 0.285209 -0.646995 0.707144
-5.835915 -32.483857 -53.567594 -680.448650 0.147559 -0.747266 -0.647935 0.884997 0.392251 -0.250838 0.441596 -0.536407 0.719208
-5.001764 -23.192813 63.519628 -213.816573 -0.146308 0.786318 0.600248 0.825010 0.431801 -0.364562 0.545850 -0.441872 0.711897
-0.517841 -17.945880 -12.428442 -81.519684 0.350879 -0.638939 -0.684574 0.884485 0.466214 0.018208 0.307524 -0.611884 0.728716
-2.925578 -27.709797 57.909715 655.624726 0.667075 0.665529 0.334787 -0.615160 0.238587 0.751435 -0.420226 0.707211 -0.568562
18.977251 -351.284962 -298.776624 11394.528704 0.718454 0.626725 0.301727 -0.694703 0.624833 0.356330 -0.034792 0.465618 -0.884302
-2.155643 -49.720085 -1.356720 -1322.209757 0.553403 0.789434 0.265593 0.825010 -0.475711 -0.305054 -0.114475 0.387935 -0.914550
-3.147972 -65.558265 22.203167 281.302794 0.615941 0.733353 0.287768 -0.684316 0.679035 -0.265749 0.390292 0.033239 -0.920091
0.352564 -3.104170 -12.145530 -12.950488 0.841040 0.295585 0.453080 0.511423 -0.707456 -0.487804 -0.176346 -0.641978 0.746167
0.219909 -3.246874 -9.598847 -20.330356 0.838182 0.298268 0.456604 0.518030 -0.697238 -0.495484 -0.170575 -0.651840 0.738924
-0.201304 -6.600153 3.379865 13.168102 -0.713910 -0.559958 -0.420451 -0.371948 0.811974 -0.449836 0.593285 -0.164756 -0.787952
-0.105612 -6.751528 -0.328843 9.987199 -0.711826 -0.554827 -0.430663 -0.259881 0.777712 -0.572386 0.652507 -0.295518 -0.697785
0.000303 -6.598644 3.615867 18.235444 -0.715788 -0.553641 -0.425593 -0.388527 0.822153 -0.416067 0.580254 -0.132462 -0.803592
-0.131946 -6.431804 6.457764 1.948964 -0.716579 -0.568267 -0.404460 -0.484596 0.822668 -0.297295 0.501679 -0.017036 -0.864886
-0.286161 -6.172071 5.448166 0.331592 -0.714214 -0.566534 -0.411019 -0.443720 0.820635 -0.360098 0.541305 -0.074809 -0.837492
-0.307365 -6.447385 4.066993 12.643107 -0.713610 -0.556996 -0.424871 -0.348247 0.808296 -0.474743 0.607852 -0.190822 -0.770781
-1.893468 -69.654133 -35.548511 -1678.032969 -0.266760 0.088531 0.959688 -0.047790 0.993332 -0.104919 -0.962577 -0.073852 -0.260750
17.849296 -217.421490 259.146058 -7152.627973 -0.149860 -0.121292 0.981239 0.412476 0.894286 0.173539 -0.898558 0.430744 -0.083988
-1.498393 -6.039103 -87.495614 8.589229 0.946241 0.305556 0.106128 -0.323377 0.901123 0.288798 0.007391 0.307592 -0.951490
-1.316522 -6.207313 -65.915156 93.068834 0.933403 0.325679 0.150640 -0.355995 0.787808 0.502619 -0.045017 0.522773 -0.851282
-1.570688 -3.732304 21.784501 -8.195464 0.508720 0.696734 0.505732 0.765632 -0.097488 -0.635848 -0.393714 0.710674 -0.583036
-0.923541 -3.364272 30.721417 -0.670098 0.412002 0.663915 0.624077 0.829773 0.009606 -0.558018 -0.376471 0.747747 -0.546941
-1.454272 -4.111829 12.220949 -32.724697 0.608310 0.658608 0.442938 0.732959 -0.252032 -0.631863 -0.304515 0.709024 -0.636046
-0.368334 -2.952623 40.705345 -13.839236 0.355083 0.641274 0.680209 0.874850 0.028497 -0.483556 -0.329476 0.766783 -0.550899
3.789010 -5.539920 -45.486683 -37.749093 -0.495741 0.777945 0.386060 0.854402 0.516562 0.056221 -0.155687 0.357722 -0.920759
1.519546 -5.332032 -79.377393 10.170105 -0.642273 0.738755 0.204270 0.764125 0.596288 0.246078 0.059988 0.314137 -0.947481
0.462700 -5.118671 -61.455116 30.853190 -0.547755 0.802619 0.236148 0.801696 0.422814 0.422507 0.239266 0.420750 -0.875055
63.515342 -22.366988 1556.010304 -422.462210 0.723725 0.346453 0.596818 0.401489 0.492020 -0.772479 0.561274 -0.798678 -0.216990
13.675756 -13.048275 372.180654 -289.472065 0.750710 0.417781 0.511755 0.176179 0.619985 -0.764578 0.636707 -0.664137 -0.391824
10.224761 -18.436737 303.937023 -402.748925 0.761524 0.527060 0.377212 0.167298 0.402426 -0.900036 0.626173 -0.748506 -0.218281
0.153686 -2.579506 6.437056 8.392958 0.583297 0.723383 0.369433 0.583324 -0.689566 0.429223 -0.565241 0.034865 0.824189
0.197550 -2.645277 6.498775 -4.797202 0.594028 0.710375 0.377489 0.596006 -0.703808 0.386563 -0.540285 0.004644 0.841469
-0.172884 -3.751005 -5.891954 3.538020 0.637134 0.755432 0.152914 0.284417 -0.414830 0.864305 -0.716357 0.507186 0.479160
-0.235082 -3.674547 -2.546656 0.267158 0.648576 0.741939 0.169930 0.293500 -0.449768 0.843544 -0.702287 0.497228 0.509467
-0.261972 -4.141924 -5.652013 19.223587 0.636500 0.757323 0.146045 0.201330 -0.345933 0.916404 -0.744536 0.553888 0.372658
0.515678 -9.351439 15.983134 -0.064671 0.752880 0.628248 -0.196152 0.620088 -0.577207 0.531340 -0.220593 0.521667 0.824137
0.071184 -9.130444 13.927165 13.422045 0.750009 0.632510 -0.193437 0.640842 -0.622502 0.449235 -0.163730 0.460893 0.872221
-0.371979 -9.133349 14.974860 3.961412 0.755339 0.629502 -0.182184 0.632142 -0.626581 0.455842 -0.172800 0.459482 0.871216
-0.434621 -8.493528 14.898494 -41.748392 0.771201 0.613983 -0.168146 0.528966 -0.471102 0.705874 -0.354181 0.633315 0.688090
0.767737 -8.237327 19.278567 64.604235 0.624138 0.781036 -0.020843 -0.626572 0.484410 -0.610536 0.466754 -0.394119 -0.791714
0.665577 -7.361344 13.396121 78.831589 0.638421 0.769461 -0.018675 -0.695648 0.566456 -0.441816 0.329382 -0.295056 -0.896911
0.073746 -7.585091 12.025757 80.711069 0.653587 0.756845 0.003238 -0.675817 0.585529 -0.447691 0.340729 -0.290417 -0.894182
0.171530 -3.108129 -10.295512 -10.071641 0.565157 0.683513 0.461961 -0.548875 0.729577 -0.407988 -0.615901 -0.022982 0.787489
-1.239929 -8.217888 -11.478419 -12.562372 0.708298 0.687555 0.159946 -0.689886 0.722222 -0.049533 -0.149573 -0.075260 0.985882
-1.332415 -8.195060 -4.882200 4.647835 0.708269 0.697125 0.111229 -0.659742 0.709711 -0.247083 -0.251188 0.101619 0.962589
-1.412487 -7.997918 -1.190667 9.900670 0.718139 0.693904 0.052664 -0.661532 0.704203 -0.257824 -0.215991 0.150315 0.964756
-1.455472 -7.996186 0.134298 -4.893893 0.720372 0.692680 0.035471 -0.689147 0.720601 -0.076235 -0.078366 0.030473 0.996459
9.058593 -2.534902 223.293319 -35.427736 -0.368225 0.929669 -0.011180 0.207477 0.093888 0.973724 -0.906291 -0.356230 0.227457
7.898291 -2.297602 62.731755 -28.094458 -0.707136 0.707053 -0.005858 0.129922 0.138073 0.981864 -0.695039 -0.693550 0.189498
12.365677 -1.246109 194.486940 -29.101526 -0.632923 0.765811 -0.113759 0.017948 0.161408 0.986725 -0.774006 -0.622479 0.115903
10.566499 -1.531583 115.974176 28.647883 0.920642 -0.387369 0.048612 -0.004529 -0.135105 -0.990821 -0.390381 -0.911972 0.126138
45.283932 -3.832802 1220.747243 58.081986 -0.326779 0.882404 -0.338494 0.022890 0.365441 0.930553 -0.944824 -0.296337 0.139617
-0.996955 -11.815190 -12.304923 -91.249765 0.567314 0.222066 0.792995 0.463205 0.710131 -0.530241 -0.680879 0.668132 0.300005
-1.412100 -8.948685 -14.649011 39.616322 0.578368 0.187658 0.793899 0.369429 0.807423 -0.459989 -0.727333 0.559332 0.397662
-1.502594 -9.480360 -10.886966 -89.954674 0.607115 0.224513 0.762237 0.382990 0.757802 -0.528255 -0.696225 0.612641 0.374087
-0.888811 -11.089556 -10.106904 70.179200 0.539881 0.162117 0.825982 0.360682 0.842073 -0.401026 -0.760550 0.514423 0.396147
-0.860305 -19.289864 -14.644424 364.485215 0.584696 0.233964 0.776783 -0.522333 -0.624062 0.581133 -0.620724 0.745525 0.242679
-0.922364 -21.420657 -10.501869 -347.156773 0.547457 0.230486 0.804467 0.624682 0.527110 -0.576131 -0.556833 0.817943 0.144589
-0.731047 -12.124225 -0.961215 -72.899926 0.554912 0.207043 0.805733 0.459553 0.731055 -0.504350 -0.693458 0.650147 0.310524
1.578038 -3.309819 28.782388 -61.558090 0.563760 -0.585779 0.582269 0.410814 0.810462 0.417593 -0.716524 0.003782 0.697552
1.315892 -3.392517 58.066828 -87.405925 0.722284 -0.380486 0.577525 0.245523 0.921738 0.300197 -0.646548 -0.075032 0.759175
1.632772 -3.191600 44.127499 -109.443021 0.813032 -0.144823 0.563919 0.028336 0.977264 0.210122 -0.581529 -0.154857 0.798651
29.537431 -33.267270 -929.928801 -582.366549 0.991803 0.122706 -0.035640 -0.047313 0.093566 -0.994488 0.118695 -0.988023 -0.098605
5.085055 -122.161327 138.336037 3644.937867 0.848541 0.087165 0.521901 0.518544 0.059332 -0.852990 0.105316 -0.994425 -0.005146
0.291532 -2.818395 88.316594 -11.794975 0.333152 -0.228184 -0.914845 0.913879 -0.160620 0.372863 -0.232023 -0.960278 0.155022
4.527329 -32.424065 210.253535 1061.427950 -0.035773 -0.020313 -0.999153 0.983050 0.179179 -0.038839 0.179816 -0.983607 0.013559
-2.359834 -334.023490 86.928034 -12276.450700 0.657911 0.173946 -0.732732 -0.534561 0.793203 -0.291674 -0.530469 -0.583585 -0.614842
0.269722 -18.242964 99.807438 112.196701 -0.387529 -0.037120 -0.921110 0.916424 0.092810 -0.389298 0.099939 -0.994992 -0.001949
2.666501 -25.176834 116.089303 412.926610 -0.311135 0.029201 -0.949917 0.945158 0.114004 -0.306072 0.099357 -0.993051 -0.063071
-1.459111 -3.260369 10.683325 -25.399788 0.623233 0.778794 0.071135 0.643028 -0.562097 0.520156 -0.445080 0.278437 0.851104
-1.107994 -2.572260 17.923453 -20.593740 0.461393 0.884450 -0.069748 0.718543 -0.326414 0.614125 -0.520396 0.333470 0.786120
1.368276 -1.071752 29.093403 17.006282 0.755203 0.654544 0.035219 0.655234 -0.752315 -0.068491 0.018335 -0.074801 0.997030
1.503689 -1.769689 28.532166 22.867791 0.743798 0.666818 0.046028 0.668246 -0.743356 -0.029490 -0.014551 -0.052693 0.998505
0.739421 -2.278361 29.547471 -24.607082 0.734655 0.678384 0.008781 -0.678324 0.734708 -0.009017 -0.012568 0.000669 0.999921
-0.416437 -10.277137 8.616913 -167.093959 -0.750407 -0.454332 -0.480074 0.092089 0.647364 -0.756597 0.654530 -0.611965 -0.443947
-3.181323 -4.829701 -6.094130 -8.618924 -0.091262 -0.230320 -0.968826 0.554954 0.796048 -0.241522 0.826860 -0.559696 0.055168
-2.656955 -4.483678 -4.014746 -9.230414 -0.018458 -0.165300 -0.986071 0.675985 0.724607 -0.134123 0.736684 -0.669044 0.098365
-0.009738 -4.458622 6.042396 -3.121310 0.801840 0.359802 0.477069 0.593333 -0.384864 -0.706991 0.070770 -0.849955 0.522081
-0.046526 -4.103402 5.170598 -10.397563 0.812372 0.349042 0.467141 0.582657 -0.518416 -0.625904 -0.023707 -0.780650 0.624518
0.065229 -3.748179 9.404343 -15.981094 0.826362 0.344785 0.445251 0.557858 -0.609225 -0.563595 -0.076938 -0.714121 0.695782
0.175507 -3.826881 6.877706 -12.278303 0.821905 0.337695 0.458732 0.565273 -0.582896 -0.583695 -0.070282 -0.739050 0.669974
-0.265485 -4.730414 5.921847 -15.625360 -0.598397 -0.540211 -0.591687 -0.156231 0.803000 -0.575137 0.785820 -0.251720 -0.564910
-0.295952 -4.291017 6.144346 -9.541202 -0.602714 -0.519967 -0.605286 -0.016478 0.766492 -0.642042 0.797787 -0.376993 -0.470543
-0.320308 -5.436317 3.206037 -22.197993 -0.587487 -0.563555 -0.580744 -0.321893 0.821171 -0.471235 0.742458 -0.089907 -0.663833
-0.333661 -4.483501 10.063947 -9.330095 -0.604123 -0.523558 -0.600768 -0.111571 0.802035 -0.586764 0.789042 -0.287450 -0.542942
-0.494226 -5.053483 12.609145 -12.675705 -0.602551 -0.539949 -0.587697 -0.259943 0.829012 -0.495145 0.754561 -0.145582 -0.639878
-0.514276 -6.227688 5.866733 -6.176493 -0.699408 -0.552257 -0.453697 -0.206264 0.763741 -0.611682 0.684313 -0.334234 -0.648077
-0.287709 -6.309998 7.302884 3.956101 -0.720401 -0.540003 -0.435223 -0.203260 0.764352 -0.611925 0.663104 -0.352368 -0.660401
