16728
33438
-5.528695 -6.902625 -18.701650 -98.633061 -0.089576 0.931193 -0.353350 0.854270 0.254231 0.453420 -0.512054 0.261240 0.818263
-4.983616 -7.733271 -29.299505 -41.357574 0.223960 0.965075 -0.135909 0.894258 -0.148047 0.422357 -0.387485 0.216129 0.896183
-6.792817 -8.834590 -13.751443 -160.892712 -0.436663 0.792671 -0.425439 0.813499 0.549833 0.189480 -0.384116 0.263356 0.884929
-4.067661 -6.627557 -8.672673 -69.954611 0.410202 0.911667 0.024451 0.755981 -0.354904 0.550033 -0.510124 0.207140 0.834785
-5.324538 -10.386912 -41.253914 -272.370265 0.533232 -0.637602 0.555993 0.699082 0.702216 0.134825 -0.476391 0.316792 0.820180
-3.978796 -7.920714 72.766021 -224.201299 -0.370592 0.714307 -0.593655 0.704572 0.632668 0.321417 -0.605178 0.299158 0.737743
-4.240897 -5.567830 -49.448741 -86.033368 0.395899 0.918268 -0.006888 0.694251 -0.294391 0.656771 -0.601065 0.264797 0.754058
7.212234 -10.089401 69.410116 32.469213 -0.223267 0.621050 -0.751298 -0.478288 0.601793 0.639598 -0.849348 -0.502138 -0.162680
6.138278 -8.493872 26.521415 91.113542 -0.154368 0.707369 -0.689783 -0.414367 0.587433 0.695142 -0.896923 -0.393131 -0.202430
5.807821 -8.843151 -35.170527 61.051719 0.206786 -0.615088 0.760859 -0.342095 0.683125 0.645221 -0.916630 -0.393709 -0.069158
6.957936 -10.063973 -70.235256 32.971879 0.267644 -0.515597 0.813957 -0.320761 0.748911 0.579866 -0.908559 -0.416284 0.035058
8.430757 -11.035056 -77.108928 -7.681218 0.328432 -0.489544 0.807762 -0.476732 0.652359 0.589198 -0.815389 -0.578597 -0.019126
-6.503845 -7.144159 62.588679 14.923317 -0.493134 0.459258 -0.738851 0.694593 -0.303504 -0.652248 -0.523794 -0.834846 -0.169329
-5.607500 -7.116631 10.422979 2.212057 -0.391033 0.490521 -0.778770 0.699786 -0.391151 -0.597747 -0.597823 -0.778711 -0.190306
-5.692630 -7.081237 8.231744 -0.243587 -0.352579 0.429087 -0.831608 0.815592 -0.294801 -0.497898 -0.458801 -0.853801 -0.246019
-6.665610 -7.032764 82.391173 -5.542493 -0.192911 0.313611 -0.929749 0.898983 -0.323228 -0.295555 -0.393210 -0.892845 -0.219577
-7.043602 -7.223245 44.316844 -81.387962 0.549311 -0.131807 -0.825157 0.717551 -0.431648 0.546627 -0.428226 -0.892360 -0.142531
-0.121600 -3.398384 -16.445334 -44.146777 0.282810 0.688556 -0.667764 0.381586 0.557956 0.736938 -0.880006 0.463223 0.104948
-0.071229 -4.790660 -3.881854 -88.227381 0.391464 0.779496 -0.489022 0.327947 0.378357 0.865619 -0.859772 0.499232 0.107520
-0.687964 -5.108733 -28.055747 -83.578024 0.412249 0.818526 -0.400084 0.361261 0.256276 0.896556 -0.836386 0.514139 0.190052
0.351864 -3.552583 -18.460347 -31.393027 -0.272634 -0.623793 0.732498 0.362904 0.638428 0.678756 -0.891050 0.450879 0.052319
-0.753588 -3.520167 -18.217927 -44.095998 0.302705 0.698245 -0.648709 0.411595 0.518128 0.749755 -0.859627 0.493960 0.130554
0.092877 -2.804009 -5.907582 -14.925429 -0.149004 -0.500531 0.852799 0.457767 0.729532 0.508165 -0.876497 0.466102 0.120424
0.650811 -2.747777 3.882847 -11.937498 -0.149547 -0.501855 0.851925 0.404005 0.755392 0.515909 -0.902450 0.421335 0.089785
0.221382 -5.600592 -47.533698 21.327984 0.230673 0.841826 -0.487975 -0.204884 0.532278 0.821403 -0.951216 0.089497 -0.295259
0.546318 -6.073618 -39.657471 9.301259 0.246575 0.812026 -0.528975 -0.312787 0.583300 0.749617 -0.917259 0.019380 -0.397819
0.757353 -5.898324 -9.956018 7.619266 0.278107 0.831649 -0.480641 -0.222646 0.542566 0.809970 -0.934390 0.118246 -0.336054
0.128738 -4.039499 -14.728498 1.900540 -0.013535 0.989393 0.144632 0.250401 -0.136683 0.958445 -0.968048 -0.049188 0.245895
0.450295 -4.136485 -26.637157 -45.240226 -0.020001 0.988090 0.152572 0.127069 -0.148852 0.980661 -0.991692 -0.039001 0.122579
0.485733 -3.982057 -10.808843 6.394849 0.002347 0.983954 0.178404 0.274510 -0.172185 0.946043 -0.961582 -0.046753 0.270509
0.059647 -4.185595 -18.662504 -53.986668 -0.017315 0.990798 0.134239 0.109496 -0.131573 0.985241 -0.993836 -0.031758 0.106210
0.132824 -4.491516 -10.179774 52.481869 -0.014065 0.990752 0.134955 0.392237 -0.118684 0.912176 -0.919757 -0.065764 0.386940
-0.255795 -4.568486 -18.628562 38.046441 -0.029502 0.993547 0.109515 0.364966 -0.091291 0.926534 -0.930553 -0.067304 0.359918
-0.259157 -4.079997 -15.655242 -4.916077 -0.016971 0.992640 0.119910 0.230002 -0.112836 0.966627 -0.973042 -0.043984 0.226394
-2.497849 -4.942895 71.585213 -40.489559 0.053962 -0.635489 0.770222 0.867354 0.412017 0.279176 -0.494758 0.652991 0.573427
-2.768700 -4.231115 47.702273 -52.931956 0.096067 -0.588153 0.803023 0.805850 0.519513 0.284099 -0.584275 0.619824 0.523871
-2.170823 -4.434838 122.369606 -51.922520 0.033953 -0.693063 0.720077 0.825787 0.425297 0.370403 -0.562959 0.582054 0.586762
-1.526859 -5.078016 109.879747 -38.668276 0.029081 -0.705248 0.708364 0.875195 0.360320 0.322805 -0.482896 0.610569 0.627707
-2.198834 -5.589403 103.545145 -23.837543 0.022144 -0.687957 0.725414 0.918057 0.301273 0.257692 -0.395829 0.660265 0.638255
-0.321934 -5.686652 9.515195 -97.571787 0.076337 0.986680 -0.143647 0.031571 0.141603 0.989420 -0.996582 0.080064 0.020341
-0.151289 -4.537069 10.264164 -15.908992 0.080910 0.984490 -0.155672 -0.000619 0.156234 0.987720 -0.996721 0.079820 -0.013251
-0.272103 -4.004105 11.805502 -12.052364 0.077064 0.991031 -0.109169 -0.015156 0.110647 0.993744 -0.996911 0.074928 -0.023547
-0.103710 -3.793252 10.978970 22.652239 0.079292 0.990646 -0.111053 -0.089042 0.117997 0.989014 -0.992867 0.068532 -0.097565
-0.168971 -3.797655 14.402924 19.432034 0.082489 0.991785 -0.097765 -0.106306 0.106296 0.988636 -0.990906 0.071159 -0.114200
-2.632187 -15.472656 -43.235594 239.383956 0.244483 -0.410010 0.878703 0.861724 -0.323626 -0.390766 0.444589 0.852735 0.274194
-3.314523 -14.445432 -39.616352 235.090986 0.230815 -0.454782 0.860173 0.798170 -0.417089 -0.434697 0.556461 0.786899 0.266723
-2.309848 -11.739386 -54.326331 182.458430 0.265470 -0.399195 0.877593 0.755372 -0.479523 -0.446621 0.599115 0.781473 0.174242
-1.464008 -13.179009 -66.601104 210.773095 0.252476 -0.345910 0.903660 0.799512 -0.451457 -0.396190 0.545010 0.822516 0.162577
-1.442682 -16.397502 -64.611183 239.398782 0.254224 -0.344082 0.903868 0.898890 -0.260805 -0.352106 0.356887 0.901991 0.242989
-2.271161 -16.977669 -33.933512 161.240165 0.228442 -0.418186 0.879167 0.952476 -0.090908 -0.290732 0.201503 0.903801 0.377545
-0.435454 -11.960864 14.857633 -23.508582 -0.105429 -0.546360 0.830888 0.372678 0.752941 0.542393 -0.921952 0.366838 0.124235
-0.278794 -11.719253 12.006328 -100.623166 -0.087557 -0.533962 0.840962 0.476159 0.719084 0.506152 -0.874989 0.444749 0.191290
-0.416792 -13.285418 15.332303 -114.246783 -0.078138 -0.510267 0.856459 0.572702 0.680216 0.457514 -0.816031 0.526245 0.239080
2.857333 -11.257044 15.664598 -99.366051 0.196368 -0.590626 0.782688 -0.348167 0.704214 0.618759 -0.916635 -0.394010 -0.067351
3.218544 -11.112571 52.984569 -86.359177 0.251639 -0.507087 0.824343 -0.492009 0.666451 0.560152 -0.833429 -0.546540 -0.081787
4.397785 -10.244440 -22.141766 -68.017858 -0.203995 0.610669 -0.765160 -0.529425 0.588625 0.610925 -0.823465 -0.529721 -0.203227
0.119959 -3.952384 31.302617 21.353603 0.249123 0.831251 -0.496950 0.930721 -0.347359 -0.114454 -0.267760 -0.434009 -0.860198
0.814514 -3.750776 35.396005 33.821396 0.299284 0.814320 -0.497305 0.924935 -0.375611 -0.058413 -0.234360 -0.442492 -0.865607
0.395300 -3.637189 41.031143 27.143392 0.338532 0.802676 -0.491027 0.923917 -0.382409 0.011862 -0.178252 -0.457684 -0.871064
-1.987646 -8.308138 -203.650941 70.731480 0.850646 -0.402148 0.338642 -0.525737 -0.649159 0.549721 0.001237 0.645655 0.763628
4.230155 -7.926335 -478.630137 47.945141 0.814445 -0.313716 0.488120 -0.554139 -0.670005 0.493987 -0.172072 0.672812 0.719525
-1.819306 -7.154049 -227.855902 82.124286 0.864743 -0.355639 0.354599 -0.489507 -0.754692 0.436832 -0.112259 0.551327 0.826702
-5.090900 -6.913773 42.025702 -46.651504 0.699755 -0.650661 0.294930 0.709915 0.587251 -0.388789 0.079772 0.481432 0.872846
3.948063 -6.562214 -442.950819 109.560528 0.808187 -0.348072 0.475057 -0.535279 -0.770522 0.346081 -0.245581 0.533986 0.809042
-0.778349 -16.176258 17.831821 171.656538 -0.036250 0.955701 -0.292097 0.553186 -0.224233 -0.802312 0.832269 0.190668 0.520552
-0.998986 -13.382012 21.986938 220.345391 -0.037395 0.952985 -0.300701 0.350752 -0.269249 -0.896927 0.935721 0.139013 0.324193
-0.554540 -15.386401 5.942084 185.811298 -0.053758 0.965580 -0.254492 0.531671 -0.188053 -0.825810 0.845243 0.179700 0.503262
-0.367412 -17.008208 -0.366368 77.050450 -0.051374 0.966393 -0.251885 0.733982 -0.134497 -0.665719 0.677223 0.219080 0.702405
-0.390962 -17.439052 -3.462231 -17.891836 -0.007264 0.960688 -0.277535 0.762540 -0.174225 -0.623040 0.646901 0.216157 0.731297
-1.752386 -9.597229 34.927419 7.874256 0.037035 0.622305 -0.781899 0.904405 -0.353686 -0.238657 -0.425064 -0.698315 -0.575914
-1.603487 -9.668113 21.201055 18.459937 0.046251 0.642853 -0.764592 0.925991 -0.314699 -0.208578 -0.374701 -0.698359 -0.609831
-1.839332 -9.546423 38.484058 -2.082889 0.054381 0.624710 -0.778961 0.967478 -0.225972 -0.113683 -0.247042 -0.747445 -0.616682
-0.543814 -5.483510 95.446617 -15.625348 0.037367 -0.697671 0.715443 0.916730 0.308902 0.253349 -0.397756 0.646401 0.651119
0.464545 -5.337561 21.987578 -13.718097 0.004113 -0.669209 0.743063 0.928637 0.278212 0.245420 -0.370966 0.689026 0.622597
-0.955776 -5.606572 75.588267 8.584247 0.045201 -0.694721 0.717858 0.957941 0.233987 0.166127 -0.283382 0.680156 0.676079
-0.837024 -14.407729 -13.115351 35.101668 0.192927 0.046859 0.980094 0.883557 0.426117 -0.194297 -0.426739 0.903454 0.040807
-0.927144 -14.206823 -13.875342 24.506421 0.192217 0.058174 0.979627 0.726146 0.663054 -0.181855 -0.660124 0.746308 0.085208
-0.979692 -13.663854 -10.778566 69.503029 0.213500 0.042413 0.976022 0.806713 0.555848 -0.200619 -0.551028 0.830201 0.084458
-1.002670 -14.349114 -7.750053 -41.828818 0.191088 0.018072 0.981407 0.944695 0.268099 -0.188877 -0.266527 0.963222 0.034158
-0.739623 -14.844039 0.527986 -34.562365 0.182943 0.021888 0.982880 0.967712 0.172318 -0.183958 -0.173394 0.984798 0.010343
-0.960359 -13.498138 6.178034 36.900883 0.220054 0.010356 0.975433 0.878125 0.433369 -0.202703 -0.424821 0.901157 0.086270
-0.822870 -2.800502 -25.382988 37.471091 -0.810145 0.459895 0.363541 0.114286 0.732138 -0.671501 -0.574981 -0.502465 -0.645698
-1.284473 -3.603652 -5.392483 33.465174 -0.777127 0.579133 0.246333 0.199058 0.597507 -0.776764 -0.597035 -0.554609 -0.579619
-1.087969 -3.456269 -1.655263 -34.153775 -0.754076 0.620477 0.215357 -0.270222 -0.591953 0.759323 -0.598623 -0.514393 -0.614044
-0.837159 -2.694238 -32.445115 30.643243 -0.819447 0.287718 0.495706 -0.075316 0.803319 -0.590767 -0.568184 -0.521437 -0.636608
-0.661484 -2.807048 -13.660821 35.010357 -0.798925 0.467186 0.378756 0.135076 0.753051 -0.643948 -0.586066 -0.463305 -0.664737
0.012418 -2.211469 -66.797977 19.497477 -0.808393 0.159377 0.566657 -0.157621 0.868887 -0.469244 -0.567148 -0.468651 -0.677281
0.640154 -32.591623 -45.091914 -845.150691 0.199580 0.030253 0.979414 0.248728 0.965222 -0.080499 -0.947788 0.259674 0.185114
1.295870 -38.568243 -19.141964 -434.129836 0.181743 0.010699 0.983288 0.557492 0.822594 -0.111993 -0.810045 0.568529 0.143536
1.363256 -43.018996 -18.833374 -1061.587686 0.173523 -0.048297 0.983645 0.157560 0.987293 0.020681 -0.972144 0.151394 0.178928
0.926580 -36.545291 21.165067 -817.762780 0.240057 0.012270 0.970681 0.529622 0.836339 -0.141551 -0.813556 0.548075 0.194270
0.878935 -26.204383 -18.158012 -468.136665 0.204211 0.012242 0.978850 -0.051946 0.998649 -0.001653 -0.977548 -0.050509 0.204571
1.192945 -35.764877 37.987881 -912.537233 0.288586 0.057746 0.955711 0.208943 0.970323 -0.121721 -0.934377 0.234816 0.267956
-34.189902 -247.658892 445.538028 8613.898212 0.079734 -0.855108 0.512282 0.988111 0.000030 -0.153744 0.131452 0.518449 0.844944
-0.657914 -23.852204 215.459356 -782.668127 0.358314 0.647027 0.673028 -0.287618 0.762336 -0.579759 -0.888193 0.014161 0.459252
-2.694030 -7.071260 202.509508 81.101069 0.518876 0.602681 0.606253 -0.008684 0.712873 -0.701240 -0.854805 0.358592 0.375126
-0.906406 -208.120426 153.974855 -13006.512133 0.331108 0.549496 0.767086 -0.645739 0.724720 -0.240418 -0.688032 -0.415733 0.594792
0.204704 -68.898244 -47.538999 -1680.577372 0.191465 -0.244403 0.950583 0.796535 0.604571 -0.004997 -0.573474 0.758130 0.310430
4.174474 -16.108256 -141.223121 1075.833078 0.104237 -0.148761 0.983364 0.804812 -0.568279 -0.171278 0.584305 0.809277 0.060489
1.452567 -22.955806 -253.891784 -707.278362 0.410090 -0.198111 -0.890269 -0.186639 0.937238 -0.294536 0.892744 0.286945 0.347376
2541.146447 -452.506091 -89611.485158 33363.548606 0.270476 0.906714 -0.323593 0.397308 -0.411292 -0.820357 0.876920 -0.093320 0.471490
-34.335389 -159.361256 1010.486431 -464.482962 0.062348 0.717928 -0.693319 0.717999 -0.514781 -0.468485 0.693246 0.468594 0.547567
-12.669939 -384.602889 759.953466 30217.368316 -0.114187 0.709841 -0.695045 0.189005 -0.671321 -0.716663 0.975315 0.213200 0.057508
-5.901233 -140.294334 -520.826879 -4357.494565 0.168004 -0.694647 0.699457 0.845390 -0.263429 -0.464674 0.507042 0.669380 0.542991
2.062590 -2.750363 25.118590 -48.696774 -0.640056 -0.124059 0.758246 -0.405762 0.892612 -0.196471 -0.652446 -0.433420 -0.621661
1.493389 -2.023362 13.976652 -3.265889 -0.611839 -0.175629 0.771238 -0.459234 0.872748 -0.165574 -0.644017 -0.455483 -0.614636
2.102530 -2.037682 -39.840881 -20.452429 -0.677867 -0.143239 0.721096 -0.406410 0.890353 -0.205186 -0.612639 -0.432150 -0.661755
1.868079 -2.717143 -70.994684 -43.352843 -0.729977 -0.079301 0.678855 -0.335383 0.907002 -0.254687 -0.595527 -0.413592 -0.688687
2.589628 -3.617953 -42.331634 -69.162114 -0.708544 -0.081382 0.700958 -0.317789 0.923699 -0.213986 -0.630059 -0.374375 -0.680344
1.223837 -0.313807 17.637974 32.463360 0.466842 0.619800 -0.630799 0.884063 -0.309200 0.350468 0.022177 -0.721279 -0.692290
0.938506 0.310930 31.028877 27.649668 0.230680 0.662016 -0.713107 0.973026 -0.154870 0.170986 0.002757 -0.733315 -0.679884
0.802845 0.109502 3.955146 31.677496 0.627438 0.548238 -0.552952 0.778347 -0.421242 0.465544 0.022302 -0.722489 -0.691023
0.153280 -7.152921 27.680379 58.317780 -0.110867 0.980621 0.161525 -0.968864 -0.142848 0.202231 -0.221386 0.134075 -0.965926
-0.090083 -7.590237 45.575893 2.510015 -0.159255 0.969416 0.186734 0.986864 0.151122 0.057101 0.027135 0.193375 -0.980750
0.041056 -7.150361 32.807366 -48.740396 -0.095672 0.981103 0.168178 0.984042 0.118683 -0.132570 -0.150025 0.152811 -0.976802
0.333853 -7.086560 13.573091 105.120321 -0.078647 0.986285 0.145111 -0.944151 -0.120415 0.306722 -0.319989 0.112884 -0.940672
0.284382 -6.206772 -13.249176 46.038447 -0.066804 0.990924 0.116648 -0.922138 -0.105965 0.372065 -0.381049 0.082710 -0.920848
0.164938 -6.533539 -11.602156 36.044444 -0.059649 0.993812 0.093703 -0.927907 -0.089809 0.361832 -0.368008 0.065365 -0.927522
-0.513883 -2.701784 14.482605 -31.633522 -0.165155 0.985712 0.033096 -0.363605 -0.092046 0.926995 -0.916796 -0.141064 -0.373612
-0.554631 -3.380877 -7.803146 -49.873336 -0.154772 0.986968 -0.044042 -0.367201 -0.016083 0.930002 -0.917174 -0.160111 -0.364905
-0.428674 -2.858016 1.865747 5.987558 -0.216002 0.963267 0.159562 -0.346187 -0.228359 0.909949 -0.912961 -0.141313 -0.382796
-0.562243 -2.953066 36.751611 42.814128 -0.221777 0.941467 0.253879 -0.313179 -0.315341 0.895812 -0.923436 -0.119161 -0.364783
0.715445 -14.323053 -35.189907 52.253374 -0.165556 -0.572848 0.802768 0.215619 0.773282 0.596275 -0.962341 0.271809 -0.004505
0.954683 -14.573266 -27.976874 39.095924 -0.152374 -0.598252 0.786687 -0.023147 0.797924 0.602313 -0.988052 0.073567 -0.135431
0.579112 -15.644283 -11.136414 3.697959 -0.153427 -0.565214 0.810552 0.160551 0.795106 0.584833 -0.975030 0.219864 -0.031245
0.614425 -15.938487 -10.583505 -60.616032 -0.165626 -0.555259 0.815019 0.373714 0.729458 0.572912 -0.912637 0.399473 0.086691
0.330082 -18.309476 -6.195573 -197.772799 -0.153003 -0.544617 0.824611 0.378921 0.738326 0.557937 -0.912693 0.397828 0.093401
0.044461 -15.374104 -10.698118 -21.418473 -0.174327 -0.549054 0.817404 0.130079 0.809999 0.571822 -0.976058 0.206011 -0.069784
3.825963 -10.051745 -29.111889 118.359653 0.179133 -0.555841 0.811759 -0.476656 0.672764 0.565851 -0.860646 -0.488292 -0.144431
3.345559 -9.873969 -36.894599 -216.511090 0.088796 -0.605036 0.791231 -0.543110 0.636481 0.547653 -0.834953 -0.478355 -0.272084
3.911929 -9.183440 79.470173 -330.151832 -0.154319 0.653484 -0.741042 -0.485868 0.602879 0.632826 -0.860301 -0.457706 -0.224472
2.737714 -30.519435 -21.810690 1380.417102 0.165757 -0.599309 0.783169 -0.425638 0.672899 0.605012 -0.889582 -0.433632 -0.143551
3.652095 -12.717454 -15.396291 196.727713 0.264387 -0.585468 0.766372 -0.396963 0.658147 0.639736 -0.878931 -0.473359 -0.058403
3.258080 -37.093819 22.375870 1386.865915 0.254903 -0.545917 0.798122 -0.401755 0.690982 0.600946 -0.879555 -0.473833 -0.043191
0.106043 -16.739311 38.503299 -83.270825 0.296739 0.516227 0.803402 0.770936 -0.625984 0.117479 0.563563 0.584512 -0.583732
-0.148769 -17.232937 39.494523 -120.992634 0.323872 0.470328 0.820913 0.813484 -0.581460 0.012197 0.483065 0.663849 -0.570923
0.573719 -16.286277 51.731904 -232.799772 0.300716 0.489078 0.818763 0.875800 -0.481471 -0.034065 0.377550 0.727316 -0.573121
-2.731908 -13.782298 -0.374070 -1.619117 0.275313 -0.907375 0.317604 0.881034 0.105946 -0.461036 0.384684 0.406750 0.828597
-2.797705 -14.022317 14.625841 89.355790 0.209238 -0.927095 0.310989 0.949280 0.116243 -0.292155 0.234705 0.356345 0.904396
-2.246152 -13.420281 -3.242869 -20.916657 -0.231763 0.933752 -0.272751 0.892575 0.092644 -0.441279 0.386776 0.345723 0.854915
2.116739 -1.906341 -3.707329 18.037654 0.998633 -0.000674 0.052272 0.037654 0.702897 -0.710294 0.036263 -0.711292 -0.701961
1.019064 -1.499885 -72.932749 16.054690 0.996279 -0.081633 -0.027649 0.039497 0.717553 -0.695383 -0.076606 -0.691703 -0.718107
1.687366 -2.063071 -62.562097 15.738048 0.993786 -0.109096 0.022080 0.090576 0.677328 -0.730084 -0.064694 -0.727547 -0.683001
13.205469 -10.622470 249.050006 -74.191748 -0.030825 0.605907 -0.794938 0.439920 0.722366 0.533534 0.897508 -0.333263 -0.288818
16.452989 -12.324994 348.525589 -102.799261 0.195506 0.564332 -0.802064 0.540696 0.620290 0.568233 0.818184 -0.544766 -0.183862
15.986721 -11.517031 367.105061 28.718617 0.119004 0.523963 -0.843387 0.304141 0.789354 0.533309 0.945165 -0.319975 -0.065423
14.610542 -12.540669 -20.004277 18.888975 0.547189 0.320326 -0.773289 0.427032 0.687749 0.587065 0.719881 -0.651454 0.239539
10.716468 -9.966354 182.176363 51.835248 -0.026828 0.571708 -0.820018 0.213986 0.804583 0.553946 0.976468 -0.160611 -0.143922
16.230738 -11.336864 209.659678 114.813495 0.450079 0.344151 -0.824008 0.181231 0.868347 0.461659 0.874405 -0.357118 0.328454
14.466644 -9.852499 336.129914 60.168739 0.155680 0.445660 -0.881562 0.138721 0.873735 0.466201 0.978019 -0.194869 0.074201
10.391871 -9.837165 138.311715 78.966587 0.042522 0.517965 -0.854344 0.072905 0.851230 0.519705 0.996432 -0.084385 -0.001566
-2.990986 -6.501098 2.606611 -43.327162 -0.067230 0.930759 -0.359399 -0.872495 -0.229575 -0.431333 0.483976 -0.284575 -0.827517
-2.980296 -5.533142 -6.942549 -51.154708 -0.059631 0.912045 -0.405732 -0.807119 -0.283218 -0.518021 0.587369 -0.296584 -0.753017
-3.073707 -6.354712 -5.078906 -45.578967 -0.051800 0.901591 -0.429478 -0.862300 -0.257308 -0.436155 0.503742 -0.347746 -0.790770
-3.257449 -7.818711 47.379944 -71.435122 0.722189 0.325514 -0.610314 0.578149 -0.768453 0.274270 0.379719 0.550927 0.743164
-3.760227 -7.923244 31.229016 -56.049760 0.746311 0.361523 -0.558857 0.542795 -0.816516 0.196660 0.385218 0.450114 0.805608
-3.216227 -8.935481 26.432043 26.790544 0.693797 0.373953 -0.615472 -0.523610 0.848686 -0.074594 0.494448 0.374021 0.784621
-2.651803 -8.566504 36.214355 -54.452721 0.644510 0.368918 -0.669707 0.616462 -0.768875 0.169723 0.452307 0.522237 0.722971
-2.920923 -9.127398 22.709218 22.445274 0.637502 0.388846 -0.665124 -0.533932 0.845345 -0.017551 0.555434 0.366320 0.746527
1.815289 0.189580 -133.455554 10.608762 0.910014 0.140486 -0.390050 -0.352151 0.758431 -0.548426 -0.218780 -0.636432 -0.739655
0.618421 -2.200913 -5.917736 -114.786274 0.241402 0.686544 -0.685844 0.956394 -0.288061 0.048274 -0.164423 -0.667591 -0.726145
0.644105 -1.024471 -9.290066 -124.681735 0.474537 0.607953 -0.636559 0.858757 -0.478530 0.183154 -0.193264 -0.633562 -0.749165
2.807928 0.074618 -155.116393 10.025077 0.969254 0.014984 -0.245606 -0.163906 0.783778 -0.599021 -0.183525 -0.620860 -0.762136
0.874796 -0.437285 -77.536643 50.758253 0.841518 0.306616 -0.444786 -0.509429 0.724415 -0.464440 -0.179805 -0.617421 -0.765808
0.379686 -2.420883 17.214622 -99.861199 0.298393 0.700111 -0.648696 0.943903 -0.317192 0.091853 -0.141454 -0.639714 -0.755484
3.546364 -6.276253 84.978233 -55.824741 0.185310 0.909736 -0.371539 0.708670 -0.385645 -0.590817 0.680770 0.153815 0.716166
4.706427 -4.766810 125.153367 -94.497323 0.159984 0.906904 -0.389783 0.813783 -0.344671 -0.467931 0.558715 0.242338 0.793164
2.488909 -5.714534 104.924975 -43.337861 0.220655 0.845475 -0.486295 0.687116 -0.488605 -0.537715 0.692231 0.215491 0.688753
1.153888 -6.535296 45.181534 -4.680963 0.233973 0.855296 -0.462303 0.560985 -0.507127 -0.654307 0.794073 0.106255 0.598463
-0.023963 -5.992148 -14.854852 52.362458 0.454125 0.843378 0.287200 -0.372336 -0.113202 0.921168 -0.809405 0.525261 -0.262612
0.058078 -6.036006 3.460597 72.676423 0.466534 0.838124 0.282656 -0.404507 -0.082017 0.910850 -0.786588 0.539279 -0.300763
0.862741 -5.505557 -38.961886 58.114367 0.463227 0.863244 0.200577 -0.290238 -0.066075 0.954671 -0.837367 0.500444 -0.219938
0.903896 -4.711825 -52.502572 -15.157733 0.435748 0.872694 0.220294 -0.289271 -0.095983 0.952423 -0.852318 0.478741 -0.210621
4.707048 -3.776473 -188.699847 -25.419017 0.469240 0.883041 -0.007264 -0.134162 0.079418 0.987772 -0.872820 0.462527 -0.155737
4.265440 -4.623438 -139.392271 44.270913 0.528139 0.849149 0.003824 -0.138344 0.081600 0.987017 -0.837813 0.521811 -0.160571
-0.052471 -6.159592 -13.295266 -9.507002 0.271774 0.845983 0.458749 -0.598169 0.521920 -0.608107 0.753879 0.109142 -0.647885
-0.244935 -6.322984 -5.928063 -15.217763 0.250683 0.856725 0.450756 -0.535831 0.510588 -0.672447 0.806252 0.072958 -0.587056
0.007795 -5.729796 -8.701732 -14.275518 0.229475 0.880261 0.415310 -0.510918 0.472123 -0.718375 0.828435 0.047341 -0.558081
-0.112424 -5.923820 -7.475611 -11.927026 0.258183 0.855514 0.448817 -0.600216 0.506074 -0.619379 0.757022 0.109474 -0.644153
-0.196102 -10.781755 41.161881 24.206880 -0.263516 -0.407614 -0.874306 -0.640864 0.751396 -0.157155 0.721008 0.518898 -0.459229
-0.459330 -12.607132 -8.436662 86.723154 -0.238058 -0.436336 -0.867721 -0.594937 0.771689 -0.224825 0.767710 0.462718 -0.443299
-0.642649 -11.972421 33.062535 -30.211913 -0.247898 -0.415942 -0.874951 -0.735381 0.668739 -0.109557 0.630683 0.616263 -0.471655
-0.925446 -10.625865 64.381352 26.075292 -0.252016 -0.402436 -0.880075 -0.666370 0.731636 -0.143738 0.701740 0.550231 -0.452556
-1.481780 -10.694878 -78.593551 91.477506 0.267563 0.411569 0.871218 0.762770 -0.642928 0.069466 0.588721 0.645953 -0.485956
0.038586 -14.941230 18.033980 -101.143853 -0.553149 -0.309214 -0.773571 -0.225519 0.949474 -0.218267 0.801977 0.053721 -0.594934
0.054084 -13.785885 -2.135620 -45.992832 -0.533008 -0.292571 -0.793918 -0.137305 0.955786 -0.260040 0.834895 -0.029594 -0.549613
0.107826 -15.175480 -14.901748 -151.393345 -0.514515 -0.311345 -0.798961 -0.280325 0.941630 -0.186418 0.810366 0.128054 -0.571760
-0.041303 -13.048445 4.865972 -115.524222 -0.536301 -0.331829 -0.776061 -0.279060 0.937476 -0.208001 0.796559 0.105016 -0.595370
-0.058361 -12.560150 11.535019 -43.530055 -0.547600 -0.294897 -0.783052 -0.159812 0.955469 -0.248070 0.821337 -0.010702 -0.570343
0.100470 -14.428825 25.373136 -157.536166 -0.553322 -0.354056 -0.753976 -0.363774 0.917000 -0.163646 0.749335 0.183728 -0.636192
-0.520503 -3.925196 37.122951 -15.559271 0.164732 -0.822823 0.543899 0.976303 0.057564 -0.208611 0.140341 0.565375 0.812807
-0.320852 -4.194459 35.459638 -3.241656 0.203055 -0.817707 0.538632 0.948164 0.026874 -0.316644 0.244447 0.575007 0.780777
-0.931336 -3.991735 29.651705 -19.985217 0.168789 -0.810541 0.560833 0.974073 0.050213 -0.220590 0.150636 0.583525 0.798002
-1.081586 -4.448880 31.488192 -3.623600 0.148107 -0.809820 0.567676 0.955129 -0.031747 -0.294482 0.256499 0.585819 0.768781
-1.367683 -4.270075 20.154956 -31.678482 0.127096 -0.795950 0.591870 0.977358 -0.001276 -0.211590 0.169170 0.605361 0.777766
-1.312853 -3.360180 12.065346 -47.004411 0.192731 -0.785455 0.588146 0.977966 0.104747 -0.180585 0.080235 0.609991 0.788336
-0.474539 -9.451774 -35.137030 -55.945420 0.167212 0.400993 0.900691 0.808729 0.466736 -0.357933 -0.563913 0.788265 -0.246251
0.631346 -9.611843 -26.943317 26.926200 0.255871 0.461766 0.849295 0.681284 0.537156 -0.497308 -0.685844 0.705858 -0.177151
0.002892 -9.458652 -24.755465 58.951902 0.151210 0.394090 0.906548 0.719387 0.585104 -0.374346 -0.677951 0.708764 -0.195030
0.429227 -9.677140 -32.390005 -86.067370 0.233159 0.438986 0.867714 0.797308 0.424546 -0.429023 -0.556720 0.791866 -0.251020
-1.231259 -9.951652 -50.834631 -29.590742 0.090277 0.337445 0.937006 0.791142 0.547185 -0.273282 -0.604934 0.765976 -0.217569
-1.759145 -10.991401 -55.751048 -105.179898 0.120389 0.365936 0.922820 0.884788 0.381986 -0.266901 -0.450173 0.848633 -0.277789
-0.614242 -11.320406 -19.296323 -170.056358 0.202525 0.384989 0.900426 0.867701 0.355691 -0.347244 -0.453959 0.851626 -0.262019
0.800742 -4.899868 17.721518 3.838178 0.186238 0.980230 -0.066811 -0.124406 -0.043927 -0.991259 0.974597 -0.192922 -0.113766
1.134101 -5.520152 27.324091 29.943995 0.175869 0.983607 -0.039843 -0.010091 -0.038670 -0.999201 0.984362 -0.176130 -0.003125
0.718576 -5.029247 15.523044 33.056713 0.180977 0.977726 -0.106297 -0.136736 -0.082018 -0.987206 0.973936 -0.193196 -0.118847
0.452217 -5.152452 -0.054963 19.604388 0.226934 0.973904 -0.003550 -0.131326 0.026989 -0.990972 0.965015 -0.225351 -0.134023
0.311758 -4.664607 15.931472 -2.571376 0.186091 0.982416 -0.015115 -0.199313 0.022681 -0.979673 0.962104 -0.185321 -0.200029
0.383378 -1.847983 27.586579 30.680777 0.019765 0.587143 -0.809242 -0.683897 0.598359 0.417434 0.729311 0.545188 0.413372
0.098467 -2.401772 33.655679 31.071344 0.085608 0.523732 -0.847571 -0.648020 0.675443 0.351918 0.756797 0.519116 0.397212
0.210600 -2.508349 11.076856 31.973868 0.085252 0.539884 -0.837411 -0.633158 0.678303 0.372848 0.769314 0.498427 0.399659
0.129664 -1.837981 31.391129 28.664606 0.060275 0.550611 -0.832583 -0.692224 0.624002 0.362557 0.719161 0.554481 0.418758
1.107934 -21.126741 8.962947 -52.252873 0.126507 0.739440 0.661230 0.434659 -0.640506 0.633106 -0.891665 -0.207317 0.402433
0.964322 -19.854976 -7.503236 -48.172137 0.126148 0.686705 0.715907 -0.090669 0.726633 -0.681017 -0.987859 0.020998 0.153926
1.080776 -18.664361 23.127140 70.184981 0.174825 0.713188 0.678822 0.264987 -0.698083 0.665178 -0.948271 -0.063589 0.311027
0.883643 -24.461543 -29.547780 -293.055416 0.095170 0.713305 0.694362 0.248491 -0.692469 0.677302 -0.963947 -0.108084 0.243152
0.943731 -29.783844 -27.099851 -414.676914 0.031123 0.754578 0.655471 0.614849 -0.531486 0.582652 -0.788031 -0.384882 0.480493
9.803615 -16.336495 639.085572 -321.956630 0.133919 -0.508907 -0.850341 0.840319 -0.396518 0.369646 -0.525291 -0.764060 0.374543
40.882303 -12.542096 2139.749855 -12.658927 0.073361 -0.378511 -0.922685 0.768037 -0.568737 0.294377 -0.636190 -0.730252 0.248987
1151.623671 -357.966563 59994.997549 -11128.694306 0.150999 -0.641890 -0.751782 0.881365 -0.256972 0.396435 -0.447654 -0.722456 0.526937
117.761203 -35.800019 -6193.696503 712.417346 -0.221442 0.239994 0.945180 0.774337 -0.545882 0.320023 0.592761 0.802755 -0.064955
108.845264 -56.453295 -5229.020380 -1307.876339 -0.319980 0.059267 0.945569 0.769357 -0.566188 0.295838 0.552903 0.822142 0.135571
-0.517807 -13.429236 12.296591 60.380723 0.534706 0.672461 -0.511747 0.791595 -0.186649 0.581842 0.295749 -0.716211 -0.632119
-0.394280 -13.567353 1.659141 50.394732 0.555216 0.659902 -0.506226 0.783403 -0.210536 0.584768 0.279310 -0.721252 -0.633862
-0.253096 -12.620190 1.905043 22.684444 0.537777 0.660213 -0.524323 0.712631 -0.023647 0.701141 0.450503 -0.750706 -0.483205
-0.338913 -11.911088 0.193650 64.060326 0.519493 0.658539 -0.544475 0.726841 -0.005546 0.686784 0.449254 -0.752526 -0.481534
5.542894 -91.658314 -587.238730 -3432.649541 -0.418111 0.408670 0.811278 0.867598 0.444293 0.223331 -0.269176 0.797240 -0.540326
-12.179557 -498.944993 2112.931713 10397.021963 -0.515250 -0.676021 0.526795 0.850393 -0.326864 0.412300 -0.106533 0.660420 0.743300
2.422349 -5.693197 41.340766 -66.833255 0.783998 0.620125 0.028155 -0.180211 0.183962 0.966272 -0.594030 0.762629 -0.255979
2.629280 -15.386973 -132.067335 -458.009711 0.716286 0.565441 -0.408914 0.059708 0.534186 0.843256 -0.695248 0.628427 -0.348868
15.620853 -13.844478 380.465584 -242.549192 -0.659978 -0.455591 0.597383 0.251628 0.615176 0.747155 -0.707893 0.643424 -0.291363
-10.115113 -99.111395 1216.871781 -4137.355507 0.039918 0.355912 0.933667 0.483372 0.810921 -0.329787 -0.874505 0.464473 -0.139667
0.441401 -3.968455 22.123160 -25.318788 -0.240769 0.653301 -0.717794 0.851775 0.496771 0.166426 0.465306 -0.571329 -0.676073
0.805239 -4.281196 22.702661 16.951364 -0.258364 0.637419 -0.725910 -0.802830 -0.559616 -0.205656 0.537320 -0.529648 -0.656323
0.129967 -4.585465 28.316440 24.650682 -0.248741 0.660299 -0.708614 -0.796645 -0.555590 -0.238067 0.550894 -0.505297 -0.664222
-0.060800 -4.394096 23.735015 -31.524871 -0.225492 0.683524 -0.694225 0.829206 0.508726 0.231549 0.511440 -0.523443 -0.681496
0.105759 -3.581220 24.394269 -36.643107 -0.228642 0.673017 -0.703400 0.881228 0.450142 0.144253 0.413714 -0.586874 -0.696003
0.928055 -12.523567 -10.450434 78.208867 0.445365 0.626593 -0.639556 -0.234253 -0.607882 -0.758687 0.864162 -0.487711 0.123948
0.835595 -11.483293 5.510645 83.796951 0.417490 0.643906 -0.641161 -0.377914 -0.518639 -0.766938 0.826367 -0.562493 -0.026814
0.643073 -11.522426 -18.406103 68.238199 0.464845 0.636438 -0.615521 -0.420514 -0.453083 -0.786055 0.779158 -0.624229 -0.057018
0.663641 -10.546683 -6.607721 51.330870 0.444568 0.649334 -0.617029 -0.531248 -0.363486 -0.765280 0.721204 -0.668014 -0.183363
0.410319 -10.852747 -20.495526 -13.100775 0.482858 0.639560 -0.598173 0.578332 0.280022 0.766238 0.657557 -0.715926 -0.234667
0.376306 -10.910956 -14.349130 -39.337155 0.488063 0.640977 -0.592404 0.527443 0.324184 0.785308 0.695413 -0.695739 -0.179856
0.474128 -10.520255 7.373530 43.573355 0.397863 0.642355 -0.655046 -0.413041 -0.512126 -0.753077 0.819209 -0.570182 -0.061563
0.072549 -10.465331 18.328589 40.239661 0.392097 0.641673 -0.659178 -0.374453 -0.543181 -0.751491 0.840265 -0.541489 -0.027297
0.296369 -10.071571 -0.547398 23.432928 0.400579 0.655710 -0.639985 -0.528579 -0.405155 -0.745958 0.748425 -0.637098 -0.184298
-1.128949 -3.240197 11.327836 -12.524142 -0.218163 0.697775 -0.682286 -0.631784 -0.633835 -0.446209 0.743810 -0.333712 -0.579123
-1.261379 -3.692500 12.817962 14.317026 -0.269676 0.636324 -0.722749 0.681953 0.656111 0.323201 0.679864 -0.405721 -0.610881
-1.082307 -3.243019 -3.510202 -15.345881 -0.245037 0.672768 -0.698098 -0.641755 -0.652275 -0.403347 0.726710 -0.349173 -0.591583
0.328875 -7.240879 -4.603051 8.576393 0.433608 0.801950 0.410926 -0.410536 -0.230137 0.882325 -0.802150 0.551283 -0.229440
0.194077 -7.705369 -9.765318 17.020938 0.396254 0.799699 0.451070 -0.535647 -0.197660 0.820983 -0.745698 0.566932 -0.350033
0.165281 -7.374807 -7.162188 15.926643 0.419132 0.795062 0.438412 -0.525526 -0.181315 0.831232 -0.740372 0.578793 -0.341831
0.376208 -6.960267 11.567283 8.749773 0.462772 0.796286 0.389577 -0.384636 -0.215580 0.897541 -0.798685 0.565203 -0.206516
-1.824116 -11.766823 18.325367 -13.587167 0.341008 0.600398 0.723351 0.506204 0.531109 -0.679471 0.792131 -0.597868 0.122812
-2.042290 -11.340084 -18.107745 -23.247638 -0.365919 -0.611625 -0.701440 0.651586 0.369780 -0.662343 0.664484 -0.699413 0.263217
-2.061372 -11.453506 45.651005 -0.767389 0.338811 0.586059 0.736031 0.504476 0.547178 -0.667907 0.794173 -0.597604 0.110263
1.073073 -5.834776 17.861717 -12.016249 -0.350056 0.005486 -0.936713 0.257699 0.961961 -0.090670 0.900584 -0.273130 -0.338154
1.280892 -7.687607 42.867896 27.849539 -0.353936 0.010345 -0.935212 0.172688 0.983469 -0.054476 0.919189 -0.180781 -0.349872
1.441492 -7.221898 81.930346 17.223431 -0.437954 -0.191500 -0.878365 0.273183 0.902498 -0.332970 0.856486 -0.385779 -0.342938
-7.391267 -32.546637 131.091463 -962.945939 -0.059928 0.988619 -0.137987 -0.732698 0.050314 0.678692 -0.677911 -0.141775 -0.721344
-3.413270 -25.367996 67.136146 -483.444233 0.032635 0.994160 -0.102863 -0.637864 0.099950 0.763635 -0.769457 -0.040691 -0.637401
-4.307763 -25.655279 64.379989 -633.077477 0.063321 0.977399 -0.201697 -0.864942 0.154569 0.477477 -0.497862 -0.144222 -0.855181
-8.060003 -24.681638 178.353351 -582.854797 -0.030858 0.974885 -0.220562 -0.895041 0.071274 0.440252 -0.444915 -0.210997 -0.870362
-0.122025 -9.342669 18.033259 2.401516 0.136096 0.987532 0.079109 0.435872 0.012022 -0.899928 0.889659 -0.156958 0.428802
-0.074166 -9.178202 -2.253675 16.758549 0.147297 0.982600 0.113145 0.316153 0.061618 -0.946705 0.937204 -0.175218 0.301575
-0.146108 -9.276143 6.243256 18.796739 0.140238 0.984432 0.105962 0.268290 0.065234 -0.961127 0.953076 -0.163215 0.254965
-7.107800 -8.723024 -55.517146 -58.012718 -0.181601 0.944352 -0.274262 0.949839 0.240660 0.199721 -0.254610 0.224235 0.940687
-5.178415 -8.293539 -21.733858 -26.316110 0.170715 0.981375 -0.088087 0.955489 -0.143052 0.258024 -0.240617 0.128214 0.962115
-4.142833 -7.412563 11.737893 -33.376140 0.340671 0.940179 0.002468 0.852521 -0.310013 0.420833 -0.396423 0.141262 0.907135
4.883724 -7.884632 -9.501207 51.476120 0.155000 -0.655367 0.739236 -0.286042 0.686455 0.668550 -0.945598 -0.315078 -0.081062
5.210330 -7.440160 -0.054829 101.812499 -0.085753 0.762043 -0.641823 -0.332266 0.585444 0.739496 -0.939279 -0.276670 -0.202998
6.508653 -8.726915 20.916970 126.923430 -0.071355 0.806944 -0.586302 -0.475724 0.489107 0.731068 -0.876695 -0.331084 -0.348982
-4.988607 -7.018038 10.457475 4.907689 -0.265908 0.505945 -0.820556 0.829959 -0.312836 -0.461846 -0.490369 -0.803836 -0.336728
-0.066512 -6.837777 1.908318 -71.393569 0.447026 0.823124 -0.350193 0.391216 0.172160 0.904052 -0.804436 0.541136 0.245060
0.113954 -4.905267 26.890476 -83.044861 0.368532 0.729014 -0.576821 0.316187 0.485202 0.815233 -0.874191 0.482823 0.051692
0.062811 -6.193186 14.652263 -102.059845 0.420347 0.793926 -0.439306 0.325834 0.319787 0.889701 -0.846841 0.517124 0.124266
0.375938 -6.334334 32.007552 -0.721497 0.309652 0.806611 -0.503482 -0.331825 0.587887 0.737754 -0.891071 0.061378 -0.449694
0.461492 -5.874519 -50.373518 -4.762745 0.257529 0.780384 -0.569806 -0.387896 0.623589 0.678729 -0.884994 -0.046233 -0.463300
0.478497 -6.036582 -9.094563 -3.464782 0.287418 0.776801 -0.560331 -0.432763 0.627217 0.647545 -0.854463 -0.056375 -0.516444
0.734781 -4.195175 -30.859980 -49.484765 -0.013419 0.983925 0.178076 0.144543 -0.174313 0.974024 -0.989408 -0.038810 0.139880
0.701528 -4.585194 -26.863108 -3.197356 -0.015459 0.988026 0.153509 0.097178 -0.151316 0.983697 -0.995147 -0.030124 0.093675
0.366268 -4.478701 -18.087881 -2.976217 -0.010987 0.991292 0.131223 0.079163 -0.129957 0.988354 -0.996801 -0.021247 0.077046
-1.554655 -3.281858 -68.490998 -51.936089 -0.075271 0.634690 -0.769092 0.765807 0.530773 0.363069 -0.638650 0.561648 0.526002
-0.095526 -7.542535 25.857794 -13.178447 0.095866 0.973451 -0.207853 0.329007 0.166090 0.929607 -0.939449 0.157502 0.304349
-0.171538 -8.403116 16.544758 -2.749941 0.083328 0.971713 -0.220975 0.474440 0.156318 0.866298 -0.876335 0.177026 0.447994
-0.154121 -7.616598 12.990363 -52.224170 0.090420 0.971495 -0.219139 0.303506 0.182693 0.935151 -0.948530 0.151066 0.278335
-0.294752 -8.409218 5.552097 43.156400 0.069887 0.981015 -0.180900 0.457942 0.129555 0.879491 -0.886231 0.144307 0.440194
-0.112252 -6.689796 12.147385 -125.409370 0.089290 0.979385 -0.181197 0.117810 0.170262 0.978331 -0.989014 0.108702 0.100179
-0.274452 -7.094770 10.941478 -25.212208 0.077241 0.980719 -0.179511 0.281269 0.151301 0.947626 -0.956515 0.123687 0.264159
-2.735435 -9.683870 50.880602 -175.106894 -0.259274 0.443229 -0.858094 -0.663800 0.563583 0.491674 0.701532 0.697081 0.148093
-0.255038 -11.820054 5.641166 -137.730419 -0.066000 -0.503386 0.861538 0.571502 0.688701 0.446180 -0.817942 0.521818 0.242232
-0.256425 -14.539189 13.252150 -209.781289 -0.055615 -0.489493 0.870232 0.665126 0.631872 0.397926 -0.744657 0.600945 0.290433
-0.099670 -3.707850 63.438369 18.492467 0.382606 0.790783 -0.477780 0.915214 -0.395181 0.078831 -0.126472 -0.467433 -0.874935
-0.289860 -3.646559 78.454928 6.995874 0.456200 0.764437 -0.455542 0.887739 -0.426422 0.173449 -0.061662 -0.483530 -0.873153
-1.410838 -4.241361 61.817388 16.364960 0.276179 0.820900 -0.499848 0.946748 -0.321926 -0.005596 -0.165508 -0.471685 -0.866095
1.423189 -12.006495 -7.595924 -16.060716 0.011124 -0.885186 0.465105 0.972050 0.118658 0.202581 -0.234510 0.449852 0.861765
2.964318 -10.621697 19.899397 1.480064 0.158166 -0.866573 0.473323 0.987368 0.134261 -0.084131 0.009357 0.480651 0.876862
3.232728 -13.270111 41.344564 -63.727837 0.007125 -0.916428 0.400136 0.999963 0.004597 -0.007276 0.004829 0.400173 0.916427
0.924900 -9.175972 -14.221853 80.821445 0.216794 -0.827508 0.517911 0.963934 0.265351 0.020477 -0.154374 0.494793 0.855189
1.751744 -12.304503 -8.504022 -78.495283 -0.073139 -0.908569 0.411283 0.955103 0.054906 0.291142 -0.287104 0.414111 0.863761
1.113485 -11.711524 29.196587 -29.480687 0.084989 0.895885 -0.436082 0.892356 0.126265 0.433311 -0.443258 0.425967 0.788717
0.468997 -11.726141 30.025820 -0.032056 0.045217 0.885361 -0.462700 0.897486 0.167408 0.408035 -0.438718 0.433717 0.787030
-0.213296 -11.640055 -36.689887 45.761855 0.048271 -0.864882 0.499648 0.912418 0.241714 0.330254 -0.406403 0.439947 0.800802
-1.707319 -7.793834 1.352140 164.078072 0.037344 0.894351 -0.445805 0.018372 -0.446655 -0.894518 0.999134 -0.025215 0.033111
-1.465766 -10.183280 22.802481 190.996851 -0.012087 0.931850 -0.362643 0.160988 -0.356124 -0.920466 0.986882 0.069506 0.145712
-1.629050 -11.771611 -2.015718 260.946316 0.061656 0.921534 -0.383370 0.105245 -0.387962 -0.915647 0.992533 -0.016107 0.120907
-1.558153 -16.174792 9.329035 289.882394 0.062910 0.929548 -0.363294 0.309659 -0.364230 -0.878321 0.948764 0.057242 0.310757
-1.880284 -11.830776 4.654106 329.194128 0.099394 0.911772 -0.398488 0.005338 -0.400954 -0.916083 0.995034 -0.088926 0.044719
-1.299583 -9.360232 -20.103262 7.940639 0.047124 0.654705 -0.754414 0.914301 -0.332435 -0.231387 -0.402284 -0.678858 -0.614263
-1.423949 -9.309054 -31.052694 0.332337 0.038520 0.626849 -0.778188 0.900914 -0.358684 -0.244333 -0.432284 -0.691669 -0.578554
-1.336043 -9.700397 -6.172626 17.359992 0.053635 0.663116 -0.746593 0.828881 -0.446503 -0.337033 -0.556848 -0.600760 -0.573592
-1.499632 -9.425516 -25.848276 -12.700615 0.033717 0.636451 -0.770580 0.974430 -0.192311 -0.116200 -0.222147 -0.746958 -0.626661
-1.020362 -9.506822 24.357453 26.003859 0.045665 0.690639 -0.721757 0.894049 -0.350568 -0.278887 -0.445635 -0.632551 -0.633474
-1.416705 -9.019699 -11.352768 13.865201 0.047348 0.669424 -0.741370 0.955994 -0.245508 -0.160628 -0.289540 -0.701140 -0.651590
1.678829 -4.200582 -21.482533 63.811858 -0.211076 0.960194 -0.182962 0.860139 0.271374 0.431877 -0.464337 0.066214 0.883180
2.962464 -2.946219 -23.863893 47.226962 -0.285138 0.931732 -0.224881 0.877578 0.348127 0.329642 -0.385425 0.103358 0.916932
1.711557 -4.851723 4.058358 76.733099 -0.079649 0.992687 -0.090712 0.877693 0.112980 0.465715 -0.472558 0.042523 0.880273
