17032
34041
-7.038546 -8.658982 7.699649 212.920150 0.131192 0.973830 0.185590 -0.628070 0.226491 -0.744466 0.767018 0.018895 -0.641347
-5.516612 -9.022961 13.956792 103.302931 -0.290674 0.915995 -0.276519 -0.494453 -0.391219 -0.776185 0.819161 0.088891 -0.566634
-7.909677 -10.309233 167.833874 146.267123 -0.068036 0.997335 0.026334 -0.520029 -0.012924 -0.854051 0.851435 0.071801 -0.519523
-4.998699 -7.392308 13.820474 97.760762 -0.437833 0.788490 -0.431956 -0.506898 -0.613306 -0.605731 0.742534 0.046252 -0.668209
-7.921480 -13.677180 -41.410214 421.575502 0.308311 0.795233 0.522062 -0.416941 0.606239 -0.677226 0.855046 0.008873 -0.518475
-4.920694 -12.859920 -180.327600 478.729367 0.391403 0.841763 0.371806 -0.513783 0.535100 -0.670593 0.763433 -0.071445 -0.641923
-4.841259 -8.062453 -109.649038 293.499004 0.269080 0.939591 0.211577 -0.663786 0.340093 -0.666127 0.697842 -0.038800 -0.715200
-4.278972 -6.169991 29.322218 123.730601 -0.331453 0.872805 -0.358259 -0.634318 -0.487246 -0.600193 0.698412 -0.028314 -0.715136
6.792310 -11.373688 13.046396 -46.964928 0.405004 0.905354 0.127693 -0.778433 0.268177 0.567560 -0.479598 0.329265 -0.813370
7.396782 -10.740430 48.136583 -105.155524 0.278193 0.957510 0.076050 -0.799110 0.186786 0.571431 -0.532946 0.219740 -0.817119
6.024589 -9.932411 36.490960 11.109724 0.348469 0.935886 0.051834 -0.837063 0.285837 0.466500 -0.421775 0.205949 -0.883001
-8.083455 -8.954301 -75.928384 -10.452473 0.667883 0.673685 0.316355 0.678870 -0.377200 -0.629964 -0.305069 0.635506 -0.709271
-7.812594 -8.526580 -70.160701 -32.786710 0.795046 0.582626 0.168669 -0.563658 0.606973 0.560244 -0.224035 0.540491 -0.810973
-7.373984 -9.014037 -44.258522 6.555584 0.631258 0.731431 0.257919 0.696131 -0.387737 -0.604203 -0.341927 0.560954 -0.753934
-7.603523 -9.287473 -45.683020 -4.809530 0.606533 0.735711 0.301408 0.675504 -0.276929 -0.683378 -0.419300 0.618094 -0.664942
-8.249877 -9.202739 -84.819804 5.653785 0.625786 0.681895 0.378695 0.689785 -0.257158 -0.676806 -0.364126 0.684754 -0.631287
6.902562 -12.287719 226.917926 125.852524 -0.754600 0.506497 -0.417181 0.461763 0.861588 0.210809 0.466213 -0.033562 -0.884036
6.608702 -11.968861 26.969994 113.789693 -0.722486 0.414230 -0.553559 0.386764 0.905802 0.173023 0.573086 -0.089090 -0.814639
5.309618 -11.415666 41.803423 230.703305 -0.711461 0.511660 -0.481692 0.371439 0.855692 0.360312 0.596538 0.077429 -0.798841
12.579062 -12.028304 215.908541 -103.653666 -0.792384 0.350946 -0.498964 0.451744 0.887251 -0.093348 0.409946 -0.299371 -0.861581
3.854554 -10.905663 158.679586 255.808736 -0.731181 0.557848 -0.392657 0.389709 0.813992 0.430747 0.559912 0.161932 -0.812574
2.967607 -12.097956 182.731962 238.804757 -0.700946 0.641310 -0.312084 0.532130 0.761602 0.369864 0.474882 0.093185 -0.875102
4.710840 -13.644293 281.805006 13.438185 -0.672860 0.681952 -0.286707 0.677317 0.723762 0.131949 0.297490 -0.105408 -0.948888
3.014188 -1.804402 154.214335 11.862859 0.537965 -0.042693 0.841886 0.295200 0.945017 -0.140710 -0.789589 0.324222 0.520989
2.075245 -1.847349 148.348008 6.983404 0.565967 0.010714 0.824358 0.279854 0.938047 -0.204327 -0.775476 0.346343 0.527905
0.390990 -2.095443 136.915535 7.679935 0.568337 -0.014613 0.822666 0.275354 0.945570 -0.173431 -0.775354 0.325091 0.541426
0.705942 -2.214348 138.359371 9.021729 0.536698 -0.109254 0.836671 0.304635 0.949790 -0.071388 -0.786862 0.293194 0.543033
-1.871190 -2.537589 136.539865 14.887541 0.513513 -0.157568 0.843491 0.336182 0.941356 -0.028816 -0.789485 0.298364 0.536370
-1.926315 -2.486483 105.754251 -30.999023 0.624589 0.398271 0.671765 0.016048 0.853459 -0.520913 -0.780789 0.336137 0.526669
1.012718 -8.246007 252.105093 26.350304 0.466801 -0.712253 -0.524207 0.577251 -0.203665 0.790760 -0.669984 -0.671727 0.316077
4.287285 -7.972253 284.003238 -11.598285 0.512166 -0.732650 -0.448230 0.605039 -0.062638 0.793728 -0.609601 -0.677717 0.411201
0.603707 -7.678570 246.533129 12.794893 0.431230 -0.696206 -0.573880 0.673952 -0.174328 0.717913 -0.599858 -0.696353 0.394034
-0.818367 -9.993480 7.432701 57.740732 0.062025 0.998075 0.000099 -0.460414 0.028700 -0.887240 0.885535 -0.054986 -0.461307
-0.649034 -9.786957 22.963057 -0.684335 0.036828 0.999050 0.023284 -0.371733 0.035323 -0.927667 0.927609 -0.025508 -0.372681
-0.715265 -9.471772 8.993309 -11.733582 0.057291 0.998352 0.003351 -0.293238 0.020035 -0.955830 0.954321 -0.053778 -0.293903
-0.691341 -10.540543 -6.755476 -18.814078 0.049963 0.998738 -0.005120 -0.522550 0.021772 -0.852330 0.851143 -0.045261 -0.522979
-0.587776 -9.292958 -18.535109 30.220689 -0.026627 0.981733 0.188392 0.961175 -0.026635 0.274650 -0.274651 -0.188390 0.942908
-0.494537 -9.094304 -7.678968 22.974131 -0.018817 0.981814 0.188913 0.981511 -0.017857 0.190570 -0.190477 -0.189006 0.963325
-0.694134 -8.891005 18.850253 20.866920 0.014868 -0.983366 -0.181025 0.988887 -0.012323 0.148161 -0.147927 -0.181216 0.972254
-0.852898 -9.034245 -21.813579 20.497014 -0.025612 0.984849 0.171511 0.960389 -0.023382 0.277679 -0.277482 -0.171830 0.945240
-0.923228 -8.423566 26.214230 30.850153 0.016330 -0.983793 -0.178562 0.998914 0.008259 0.045850 -0.043632 -0.179117 0.982860
-0.993466 -8.934193 -20.407987 37.893004 -0.021875 0.985231 0.169826 0.983812 -0.009008 0.178978 -0.177865 -0.170992 0.969085
0.928601 -15.077097 16.373432 51.276217 0.018676 0.997762 -0.064210 -0.538907 -0.044048 -0.841213 0.842158 -0.050314 -0.536878
1.158361 -14.990274 13.359324 84.691407 -0.005847 0.996351 -0.085145 -0.716823 -0.063544 -0.694354 0.697231 -0.056974 -0.714579
1.466607 -13.600716 17.437270 67.450410 -0.001926 0.993609 -0.112862 -0.679601 -0.084094 -0.728746 0.733580 -0.075297 -0.675419
1.211045 -13.923280 28.210787 34.801195 0.020046 0.996612 -0.079762 -0.509294 -0.058473 -0.858604 0.860359 -0.057834 -0.506397
0.760857 -15.116733 21.369807 42.371542 0.042608 0.998310 -0.039509 -0.345528 -0.022381 -0.938141 0.937441 -0.053624 -0.343991
0.397967 -15.993154 27.520113 30.467925 0.034292 0.999401 -0.004667 -0.345669 0.007479 -0.938327 0.937730 -0.033790 -0.345719
-2.087461 -12.365453 10.426925 -30.316882 0.082946 0.988390 -0.127296 0.555183 0.060247 0.829543 -0.827582 0.139480 0.543740
-2.396242 -12.338289 14.168034 -26.010320 0.047808 0.991352 -0.122210 0.593873 0.070165 0.801493 -0.803137 0.110895 0.585383
-1.937136 -12.840332 21.024835 -33.160880 0.083349 0.987328 -0.135040 0.707060 0.036899 0.706190 -0.702224 0.154341 0.695025
-2.617200 -12.116734 13.434547 -10.049606 0.048440 0.992383 -0.113270 0.437026 0.080914 0.895802 -0.898144 0.092895 0.429777
-2.213473 -12.462006 13.265342 -15.436599 0.112579 0.987426 -0.110979 0.414339 0.054865 0.908467 -0.903133 0.148257 0.402952
1.648335 -0.310310 -5.574083 -23.613346 0.193202 0.947782 0.253735 -0.617223 0.318431 -0.719470 0.762698 0.017608 -0.646515
1.785785 -1.210614 16.996851 19.875121 0.102794 0.988529 0.110649 -0.641750 0.150899 -0.751922 0.759993 -0.006284 -0.649900
1.463609 -1.028515 30.881501 50.352417 0.012350 0.999239 0.037007 -0.643994 0.036260 -0.764170 0.764931 0.014395 -0.643952
1.792123 -0.190408 -58.692397 -23.426878 0.349669 0.811228 0.468658 -0.538787 0.583361 -0.607782 0.766447 0.039984 -0.641062
2.067281 -0.415570 -39.720736 -45.059496 0.264750 0.897380 0.353012 -0.587247 0.440400 -0.679109 0.764885 0.027511 -0.643579
1.545857 -4.147964 -185.854221 -47.033925 0.163120 0.985098 -0.054529 -0.939758 0.138308 -0.312611 0.300411 -0.102237 -0.948315
1.699427 -3.421563 -170.652660 -53.714828 0.197320 0.979850 -0.030972 -0.913178 0.172218 -0.369388 0.356611 -0.101170 -0.928759
3.503496 -4.273995 -137.908906 -49.145473 0.199018 0.979875 0.015420 -0.928250 0.193531 -0.317643 0.314234 -0.048903 -0.948085
3.215685 -4.766289 -159.539940 -47.766886 0.170638 0.985191 -0.016764 -0.950748 0.160157 -0.265381 0.258766 -0.061223 -0.963998
1.750318 -4.790166 -181.491983 -40.947815 0.139774 0.988112 -0.064012 -0.962224 0.120290 -0.244245 0.233642 -0.095733 -0.967598
0.662771 -3.242441 23.472258 36.797549 0.280925 0.729787 0.623291 -0.475769 0.669923 -0.569953 0.833501 0.136429 -0.535409
0.074111 -3.294161 24.534076 -18.542687 0.136560 0.877537 0.459653 -0.569480 0.449208 -0.688407 0.810582 0.167755 -0.561083
0.863967 -2.579191 38.731266 16.767728 0.261985 0.756353 0.599412 -0.506815 0.636392 -0.581501 0.821281 0.151446 -0.550056
5.543906 -21.358865 203.077345 -761.148353 -0.063459 0.894239 0.443068 -0.419885 0.378832 -0.824732 0.905356 0.238375 -0.351438
6.559301 -16.675173 -5.650010 -378.522411 0.134932 0.921486 0.364222 -0.408130 0.386640 -0.827006 0.902897 0.037060 -0.428256
6.367202 -12.502124 67.384865 -264.351603 0.034724 0.919657 0.391184 -0.289121 0.383927 -0.876932 0.956663 0.082649 -0.279224
5.003717 -10.718736 108.651045 5.742537 -0.053260 0.917812 0.393426 -0.217574 0.373853 -0.901607 0.974590 0.133619 -0.179781
5.456965 -13.425902 219.328419 -373.031682 -0.094355 0.884354 0.457181 -0.272861 0.418671 -0.866176 0.957415 0.206475 -0.201802
-2.841276 -8.164363 -34.395963 61.434779 -0.685203 -0.409581 -0.602280 -0.250653 0.909000 -0.333004 0.683864 -0.077212 -0.725512
0.892901 -8.525763 -203.581150 12.642772 -0.712488 -0.203390 -0.671560 0.010464 0.953883 -0.299996 0.701606 -0.220771 -0.677502
-1.978753 -9.398967 12.086494 0.528583 -0.609038 -0.657259 -0.443942 -0.389408 0.735410 -0.554556 0.690966 -0.164871 -0.703835
-0.419074 -7.924788 -192.525646 74.839159 -0.700680 -0.038015 -0.712462 0.041614 0.994702 -0.094001 0.712261 -0.095513 -0.695386
-3.851219 -9.580257 -26.836524 -44.234665 0.524666 0.742846 0.415819 -0.568832 0.669311 -0.477967 0.633368 -0.014242 -0.773719
-4.972603 -7.893124 24.425690 -35.305925 -0.577314 -0.622462 -0.528441 -0.502462 0.780963 -0.370983 0.643616 0.051348 -0.763624
-3.056377 -6.904493 -162.070808 69.998279 -0.708317 0.033099 -0.705118 0.008269 0.999221 0.038598 0.705846 0.021509 -0.708039
0.655799 -29.262575 -9.295068 505.435854 -0.190279 0.848089 0.494509 0.765888 0.443361 -0.465668 0.614174 -0.290131 0.733903
0.665506 -30.461042 -9.255826 381.282529 -0.164815 0.852002 0.496919 0.722299 0.447337 -0.527422 0.671655 -0.271997 0.689128
0.553788 -32.566438 -35.144681 534.709589 -0.180974 0.840004 0.511509 0.892154 0.359096 -0.274064 0.413895 -0.406746 0.814400
0.937246 -25.550724 1.392874 126.313448 -0.154245 0.864517 0.478351 0.569382 0.473444 -0.672052 0.807473 -0.168704 0.565267
0.236187 -39.006324 3.892533 1052.446307 0.226034 -0.843335 -0.487539 0.915209 0.355262 -0.190213 0.333617 -0.403205 0.852130
0.806691 -27.305534 -16.722851 92.370233 -0.175985 0.853245 0.490920 0.642563 0.477374 -0.599355 0.745749 -0.209970 0.632274
0.401210 -31.240166 -8.580333 427.957870 -0.201919 0.845178 0.494877 0.819134 0.422719 -0.387721 0.536887 -0.327083 0.777669
0.389037 -17.942579 -1.931693 11.075148 -0.304759 0.926934 0.218897 0.950077 0.312012 0.001509 -0.066900 0.208429 -0.975747
0.346498 -20.677988 10.516578 140.479836 -0.248393 0.942487 0.223651 -0.942844 -0.288189 0.167307 -0.222138 0.169311 -0.960202
0.340615 -22.549802 -10.270386 -177.404063 -0.358432 0.911584 0.201351 0.931319 0.334236 0.144675 0.064585 0.239378 -0.968776
0.048570 -17.290953 15.570073 106.505624 -0.199398 0.955995 0.215205 -0.924867 -0.256175 0.281060 -0.323822 0.142994 -0.935250
-0.464525 -18.715571 44.733488 35.076038 -0.412337 0.891036 0.189826 0.896524 0.359829 0.258393 0.161932 0.276729 -0.947206
-0.002925 -16.303991 16.923064 41.062778 -0.294637 0.929825 0.220488 0.952839 0.303412 -0.006251 -0.072711 0.208248 -0.975370
2.200302 -14.588630 18.027123 -75.279387 0.025778 0.996794 0.075740 -0.996763 0.031401 -0.074007 0.076148 0.073588 -0.994377
2.015859 -15.453281 7.635079 -126.606389 0.028495 0.998370 0.049441 -0.993707 0.022933 0.109634 -0.108322 0.052254 -0.992742
2.462876 -14.507419 -3.681633 -63.778483 0.041154 0.998600 0.033221 -0.993019 0.044558 -0.109218 0.110546 0.028495 -0.993462
5.883879 -4.513077 1.994700 -146.282160 -0.072742 -0.126664 0.989275 -0.281636 0.954142 0.101457 -0.956760 -0.271236 -0.105079
3.748109 -5.076905 80.424841 12.887037 -0.057017 -0.240027 0.969090 -0.137508 0.963306 0.230504 -0.988858 -0.120115 -0.087931
2.443069 -6.338150 10.711471 -87.495537 -0.039787 0.076462 0.996278 -0.136645 0.987284 -0.081229 -0.989821 -0.139368 -0.028833
2.821123 -6.908404 50.459069 -233.844709 -0.006532 0.277607 0.960673 -0.229618 0.934607 -0.271636 -0.973259 -0.222362 0.057638
-3.735010 -6.084392 -8.220151 20.652358 0.052969 0.991427 0.119443 0.124218 -0.125224 0.984322 -0.990840 0.037302 0.129786
-3.694550 -6.222368 -18.561461 17.710339 0.020657 0.965358 0.260109 0.146543 -0.260278 0.954348 -0.988989 -0.018403 0.146843
-3.776859 -5.515126 -7.618244 37.639636 0.083767 0.919968 0.382939 0.223635 -0.391843 0.892439 -0.971067 -0.010882 0.238560
-3.348103 -5.145170 55.247868 -9.115300 0.224545 0.646864 0.728798 -0.272996 0.759706 -0.590186 -0.935443 -0.066435 0.347180
-3.579397 -4.755486 38.905956 21.516313 0.237040 0.719755 0.652507 0.210863 -0.693754 0.688652 -0.948340 0.025649 0.316218
-2.451813 -12.581727 -1.877019 -29.321382 0.054953 0.996491 -0.063129 -0.815524 0.081273 0.572988 -0.576109 -0.019996 -0.817128
-2.297601 -12.875090 -3.004869 -4.903349 0.015172 0.997987 -0.061576 -0.691223 0.054967 0.720548 -0.722482 -0.031630 -0.690666
-2.458234 -12.988075 -3.400843 -29.511257 0.063233 0.996424 -0.056051 -0.685172 0.084179 0.723501 -0.725632 0.007344 -0.688044
0.542198 -13.564631 -112.119453 -249.647692 0.249957 -0.964201 0.088538 0.965447 0.241226 -0.098598 0.073710 0.110124 0.991181
-0.377209 -11.079196 -120.952658 -354.264067 0.227782 -0.968785 0.097830 0.973686 0.225891 -0.030137 0.007098 0.102120 0.994747
-0.835637 -14.941258 -165.167109 -532.316237 0.289621 -0.950879 0.109311 0.949644 0.271206 -0.156917 0.119563 0.149253 0.981544
-1.755077 -13.898885 94.459784 -467.220996 -0.259937 0.963276 -0.067318 0.958088 0.248586 -0.142381 0.120418 0.101506 0.987520
2.220579 -5.902940 -57.996576 -98.068057 -0.661298 0.489770 0.568164 0.726690 0.230448 0.647159 0.186027 0.840844 -0.508306
2.230823 -7.606655 -32.533092 70.058046 -0.621479 0.505806 0.598268 0.771216 0.260664 0.580758 0.137805 0.822322 -0.552083
1.634112 -9.005828 29.336946 -215.131696 0.738490 -0.494344 -0.458537 0.642322 0.308947 0.701409 0.205074 0.812512 -0.545682
2.647613 -6.640880 -41.710864 119.816697 -0.592447 0.477383 0.648932 0.793725 0.208037 0.571595 0.137868 0.853713 -0.502162
-5.639429 -48.735703 171.325237 -1523.089391 0.762930 -0.036486 -0.645451 -0.513105 0.573180 -0.638896 -0.393270 -0.818617 -0.418575
-1.915432 -58.646460 147.956995 -2534.714606 0.807824 0.005379 -0.589399 -0.539031 0.411300 -0.735036 -0.238466 -0.911484 -0.335158
-5.739550 -67.976407 187.183225 -3131.071501 0.785178 -0.026775 -0.618691 -0.604026 0.187197 -0.774667 -0.136559 -0.981957 -0.130811
-12.927443 -69.598817 399.587463 -2633.993376 0.696428 -0.034531 -0.716795 -0.669940 0.326750 -0.666645 -0.257232 -0.944480 -0.204424
-3.998525 -12.402436 101.325172 217.654180 0.367310 -0.745385 -0.556313 0.837793 0.524929 -0.150175 0.403963 -0.410915 0.817290
-5.783849 -14.356257 -110.365947 223.701836 0.502768 -0.673329 -0.542082 0.800947 0.598735 -0.000839 0.325128 -0.433757 0.840325
-4.282629 -11.764140 -28.738824 290.854749 -0.256230 0.798590 0.544611 0.813324 0.482586 -0.324984 0.522350 -0.359675 0.773165
-5.839846 -8.450906 78.628019 1.670650 0.947158 -0.138971 0.289099 -0.320731 -0.423614 0.847161 -0.004736 0.895119 0.445802
-5.455535 -8.663849 63.779430 30.228398 0.938289 -0.176328 0.297527 -0.339210 -0.301401 0.891119 0.067454 0.937052 0.342613
-6.200369 -8.937889 92.951463 38.095452 0.960820 -0.106922 0.255719 -0.275781 -0.276448 0.920609 0.027740 0.955063 0.295103
7.252911 -12.135650 -68.184781 -75.596982 0.313623 0.942445 -0.115926 0.291932 0.020472 0.956220 -0.903558 0.333735 0.268709
6.907060 -13.884820 -48.030586 -75.192279 0.216982 0.974338 -0.059875 0.210937 0.013089 0.977412 -0.953113 0.224711 0.202684
7.409242 -11.876987 -61.522181 -66.752930 0.331914 0.942835 -0.029914 0.086852 0.001032 0.996221 -0.939303 0.333257 0.081545
7.432095 -9.908241 -23.770559 -38.743518 0.424819 0.903231 -0.060850 0.151632 -0.004728 0.988426 -0.892489 0.429129 0.138967
35.678986 -8.208271 -1977.618889 -357.808617 0.534730 -0.497583 -0.682990 0.576555 0.805727 -0.135603 0.617777 -0.321270 0.717730
21.128580 -8.109481 -924.764341 -181.881868 0.422749 -0.267398 -0.865899 0.379815 0.919792 -0.098607 0.822814 -0.287196 0.490403
32.750345 -6.090466 -1243.197590 -241.313438 0.385917 0.124962 -0.914031 0.515354 0.792571 0.325947 0.765166 -0.596837 0.241467
175.435268 -20.428815 -9686.263260 -129.867849 0.567584 -0.438216 -0.697004 0.658555 0.749728 0.064910 0.494119 -0.495857 0.714124
152.170627 -78.346292 -6477.747894 5052.621999 0.435052 0.435507 -0.788076 0.521309 0.591799 0.614825 0.734143 -0.678312 0.030429
48.177480 -5.738961 3319.823565 -117.578617 -0.290399 0.242157 -0.925758 0.498835 0.863906 0.069500 0.816598 -0.441618 -0.371673
18.995523 -4.965540 791.905829 -274.050919 0.017135 0.114707 -0.993252 0.492842 0.863364 0.108209 0.869950 -0.491371 -0.041739
-3.667162 -7.512763 -71.354109 29.180265 0.028661 -0.990305 0.135921 0.997969 0.020609 -0.060284 0.056898 0.137373 0.988884
-3.760879 -7.714564 -53.396190 27.780456 -0.077220 0.996523 -0.031291 0.995762 0.075513 -0.052496 0.049951 0.035212 0.998131
-3.706602 -7.321501 24.128925 20.874570 -0.013044 0.994475 -0.104159 0.987791 -0.003356 -0.155748 0.155237 0.104919 0.982290
-4.195963 -7.767091 27.178409 19.080574 0.080871 -0.994321 0.069171 0.995760 0.083651 0.038278 -0.043847 0.065783 0.996870
-3.817305 -7.709636 -85.487735 14.272935 0.055794 -0.987046 0.150424 0.997185 0.062646 0.041202 -0.050091 0.147701 0.987763
-0.333456 -7.667223 -18.711487 -14.529739 0.000806 -0.991203 -0.132347 0.999999 0.000647 0.001245 -0.001149 -0.132348 0.991203
-0.450237 -7.803801 16.984290 17.939053 0.033160 -0.988861 -0.145103 0.999225 0.029723 0.025792 -0.021192 -0.145846 0.989080
-0.110830 -7.859377 22.379567 47.260272 0.016651 -0.986702 -0.161684 0.995045 0.000501 0.099420 -0.098017 -0.162538 0.981822
-0.130776 -7.772245 -11.232202 35.112106 0.006633 -0.989434 -0.144832 0.995660 -0.006910 0.092804 -0.092824 -0.144819 0.985095
2.481729 -12.697612 -2.175979 -217.762564 0.074838 0.996479 -0.037813 0.362541 0.008136 0.931932 -0.928958 0.083453 0.360655
2.613947 -13.450607 17.118818 -232.217844 0.118454 0.989435 -0.083588 0.359284 0.035769 0.932543 -0.925680 0.140495 0.351251
2.801506 -14.182326 33.810793 -109.464607 0.110919 0.992373 -0.053781 0.498713 -0.008771 0.866723 -0.859641 0.122957 0.495882
2.794459 -13.504598 -6.825432 -24.330373 0.074488 0.997217 -0.003218 0.584077 -0.041012 0.810661 -0.808273 0.062264 0.585506
2.802307 -14.065237 23.804402 109.038827 0.112699 0.993160 -0.030526 0.661019 -0.052001 0.748565 -0.741858 0.104541 0.662358
1.122223 -15.013087 30.444018 -62.341596 0.332854 0.936155 -0.113231 0.794667 -0.213829 0.568139 -0.507654 0.279088 0.815106
1.271844 -15.556872 19.658006 -77.588855 0.331939 0.937783 -0.101878 0.886301 -0.273083 0.374027 -0.322935 0.214449 0.921805
1.391055 -14.494868 15.447890 -15.390902 0.311002 0.945529 -0.096189 0.818262 -0.214903 0.533164 -0.483450 0.244523 0.840526
0.814667 -15.442469 15.264030 -75.919740 0.336329 0.935097 -0.111699 0.863659 -0.258976 0.432463 -0.375468 0.241920 0.894706
-1.213002 -12.743155 20.110945 -86.000470 0.236877 0.968645 -0.074935 0.670777 -0.218855 -0.708633 0.702814 -0.117594 0.701586
-1.137618 -12.163619 6.300855 -132.669891 0.252859 0.963119 -0.091999 0.777892 -0.258923 -0.572576 0.575280 -0.073216 0.814673
-1.572673 -11.868141 24.491793 -99.224434 0.235084 0.968878 -0.077524 0.808498 -0.239193 -0.537696 0.539506 -0.063726 0.839567
-1.685125 -12.122955 46.596475 -120.111669 0.223980 0.972502 -0.063820 0.760783 -0.215395 -0.612221 0.609132 -0.088573 0.788107
-1.743255 -11.597203 15.413268 -69.876725 0.235849 0.971163 -0.034902 0.834696 -0.220839 -0.504493 0.497652 -0.089851 0.862710
-5.070035 -5.662273 10.377334 96.353683 -0.154574 -0.161590 -0.974677 -0.169227 0.976285 -0.135019 0.973380 0.144071 -0.178254
-4.180845 -4.741264 87.720426 -9.714151 -0.258424 0.946941 -0.191102 -0.113826 -0.226291 -0.967386 0.959302 0.228244 -0.166266
-4.936691 -5.849958 -62.757311 98.559400 0.049312 -0.671766 -0.739120 -0.203103 0.717814 -0.665952 0.977915 0.182957 -0.101041
0.190310 -15.735315 -11.841300 401.310136 0.312598 0.949623 0.022340 -0.596893 0.214673 -0.773068 0.738919 -0.228325 -0.633930
0.501083 -18.178116 -21.979547 494.386048 0.309457 0.950470 0.029038 -0.543804 0.201939 -0.814554 0.780073 -0.236278 -0.579361
0.201164 -13.870428 -15.459204 314.089561 0.285537 0.958367 -0.000753 -0.687299 0.204227 -0.697073 0.667899 -0.199558 -0.716999
0.156658 -4.890515 1.225026 68.392476 -0.106221 0.993423 0.042754 0.098142 0.053262 -0.993746 0.989487 0.101361 0.103154
0.023897 -4.378723 -1.764467 74.862177 -0.099668 0.994867 -0.017478 0.094116 -0.008061 -0.995529 0.990560 0.100867 0.092829
-0.071608 -5.985516 -17.418733 73.186515 -0.099861 0.990377 0.095821 0.171110 0.111961 -0.978870 0.980178 0.081355 0.180644
0.395676 -3.436241 8.106477 68.701470 -0.093040 0.987232 -0.129289 0.029735 -0.127039 -0.991452 0.995218 0.096089 0.017536
0.038167 -6.475520 3.898388 47.323395 -0.118714 0.984961 0.125533 0.197284 0.147304 -0.969217 0.973132 0.090294 0.211804
0.291515 -4.027115 13.082692 85.411142 -0.103188 0.993698 -0.043781 0.017757 -0.042168 -0.998953 0.994503 0.103857 0.013293
0.110769 -5.294348 17.205765 71.631636 -0.115957 0.990511 0.073767 0.093818 0.084859 -0.991966 0.988814 0.108104 0.102768
-1.253792 -27.004322 -3.988988 140.013327 -0.454672 0.850619 -0.264046 0.821744 0.286288 -0.492724 -0.343528 -0.441006 -0.829158
-0.961222 -24.451371 11.583621 15.178923 -0.432252 0.868668 -0.242023 -0.774332 -0.220008 0.593302 -0.462135 -0.443862 -0.767736
-0.835588 -24.049337 -0.311953 141.076304 -0.435244 0.861565 -0.261282 0.872737 0.332479 -0.357475 -0.221117 -0.383619 -0.896629
-3.706199 -4.147830 -3.437826 -41.136028 0.600151 0.040565 0.798857 0.302324 0.913128 -0.273492 -0.740553 0.405650 0.535751
-3.135625 -4.817885 15.298222 -71.678624 0.494332 -0.321150 0.807774 0.521287 0.853143 0.020177 -0.695626 0.411108 0.589147
-3.510053 -5.020996 7.565542 -94.525549 0.427880 -0.354194 0.831544 0.569990 0.819750 0.055876 -0.701449 0.450063 0.552641
-3.891261 -4.757952 14.482722 -112.527522 0.300601 -0.446425 0.842819 0.615061 0.766122 0.186432 -0.728930 0.462343 0.504876
0.948660 -40.186210 -18.524271 -886.793180 -0.422342 0.904631 -0.057185 0.581682 0.222102 -0.782507 0.695179 0.363749 0.620010
0.691024 -48.434556 -18.185492 -938.936715 -0.430032 0.897570 -0.097164 0.379690 0.082162 -0.921458 0.819090 0.433148 0.376130
0.843988 -41.030853 19.640049 -830.222368 -0.445676 0.889707 -0.098971 0.379015 0.087378 -0.921256 0.811000 0.448093 0.376155
0.913936 -37.504397 1.036910 -799.754195 -0.429630 0.900684 -0.064705 0.604725 0.233761 -0.761357 0.670616 0.366231 0.645096
0.971669 -31.459973 -18.128174 -193.503250 -0.429586 0.902395 -0.033734 0.755851 0.338881 -0.560223 0.494111 0.266162 0.827655
-6.172664 -617.262375 -2470.143215 -45898.017038 -0.478872 0.877569 0.023565 0.141827 0.103827 -0.984431 0.866353 0.468074 0.174182
2.594881 -95.513990 -335.351410 -4703.068768 -0.453965 0.885849 0.095853 0.042700 0.129082 -0.990714 0.889996 0.445657 0.096425
5.879070 -77.810497 -332.257756 -2207.172817 -0.469644 0.882762 0.012888 -0.280477 -0.135345 -0.950271 0.837118 0.449904 -0.311158
-148.898046 -293.737783 9297.157078 -33310.436827 -0.496394 0.466133 -0.732334 0.867849 0.246267 -0.431499 -0.020786 -0.849749 -0.526778
-184.052021 -1037.044205 -7505.364707 -58344.620671 0.722523 -0.186299 -0.665773 -0.691335 -0.200397 -0.694188 0.004093 -0.961839 0.273586
-90.043760 -730.592455 3862.411334 -114690.340858 -0.451402 0.890119 0.062647 0.147769 0.005331 0.989008 -0.880000 -0.455697 0.133939
-29.644199 -352.832660 2002.347943 79004.789759 -0.350658 0.930477 -0.106075 -0.848173 -0.267519 0.457204 -0.397041 -0.250292 -0.883013
4.021098 -7.560308 -117.775910 -22.489653 0.002199 0.999916 -0.012762 0.989344 -0.004034 -0.145542 0.145581 0.012305 0.989270
1.914980 -7.549977 -198.536540 -10.505276 -0.000602 0.998345 0.057497 0.991263 0.008180 -0.131648 0.131901 -0.056916 0.989628
3.302993 -7.521955 168.808829 -17.739263 -0.006147 -0.999478 -0.031704 0.999760 -0.005475 -0.021227 0.021042 -0.031827 0.999272
4.474974 -7.315482 9.054888 -26.812097 -0.005522 -0.996512 0.083269 0.999526 -0.008021 -0.029710 0.030274 0.083065 0.996084
2.516325 -7.490994 -205.767342 7.733503 0.014963 0.997973 0.061862 0.995788 -0.020470 0.089372 -0.090457 -0.060264 0.994075
4.189322 -7.247951 -120.720756 -2.884198 0.026049 0.999652 -0.004273 0.996993 -0.025667 0.073121 -0.072986 0.006165 0.997314
-1.507528 -9.816504 -12.283328 -130.686702 0.533996 -0.440913 0.721418 0.836251 0.401202 -0.373792 -0.124625 0.802890 0.582955
-1.747799 -8.708515 -0.554872 -72.403930 0.578673 -0.440521 0.686352 0.792168 0.503714 -0.344590 -0.193926 0.743111 0.640452
-1.842169 -9.883492 -9.991621 -103.055183 0.571015 -0.462457 0.678288 0.811866 0.440615 -0.383056 -0.121717 0.769410 0.627051
-1.142197 -5.703774 50.648649 -43.930487 0.413535 0.910421 -0.011096 0.573174 -0.250842 0.780096 -0.707433 0.328957 0.625561
-0.997347 -5.166895 51.237683 -48.393530 0.390672 0.919740 -0.038115 0.538500 -0.194762 0.819808 -0.746587 0.340801 0.571369
-1.654580 -5.709488 18.923122 -47.008092 0.412745 0.910256 0.032793 0.548237 -0.277020 0.789111 -0.727377 0.307724 0.613375
-0.106609 -5.126925 83.881126 -43.791116 0.382582 0.920220 -0.082618 0.565727 -0.162623 0.808398 -0.730468 0.356018 0.582810
-2.855622 -6.112830 -47.052681 15.445127 0.342882 -0.687502 0.640135 0.063109 0.696764 0.714519 -0.937256 -0.204597 0.282295
-2.598627 -5.546772 -65.038083 16.161516 0.305270 -0.611845 0.729696 0.078107 0.779779 0.621163 -0.949057 -0.132628 0.285832
-1.464401 -6.074577 -91.375195 42.554375 0.308922 -0.502126 0.807736 -0.066719 0.835742 0.545053 -0.948744 -0.222270 0.224677
-1.975847 -6.676852 -73.734363 32.777711 0.346760 -0.594413 0.725555 -0.092490 0.748111 0.657096 -0.933383 -0.294961 0.204438
-3.169762 -6.871194 23.523365 9.876387 -0.395876 0.732202 -0.554222 0.061743 0.623385 0.779473 -0.916226 -0.274355 0.291992
-2.457384 -6.437579 -9.438464 -206.596404 0.931775 -0.062590 -0.357601 -0.356091 0.034206 -0.933825 -0.070680 -0.997453 -0.009584
-3.073649 -15.815291 37.551860 -752.787856 0.976838 -0.094875 -0.191798 -0.187561 0.051801 -0.980886 -0.102997 -0.994141 -0.032806
-3.935017 -22.958202 81.363302 -1052.458765 0.997612 -0.066389 -0.019041 -0.015558 0.052588 -0.998495 -0.067290 -0.996407 -0.051429
-7.100700 -31.932947 -187.510375 -1557.180569 0.307721 -0.006407 -0.951455 0.950474 -0.043825 0.307699 -0.043669 -0.999019 -0.007396
-4.958161 -26.947422 -60.134734 -1175.453201 0.998292 -0.047238 -0.034363 -0.031344 0.063238 -0.997506 -0.049293 -0.996880 -0.061649
-1.394224 -8.236531 0.176519 -22.436967 -0.026834 0.996610 0.077769 0.214393 0.081725 -0.973323 0.976379 0.009445 0.215859
-1.269897 -7.691299 0.036811 54.746040 -0.044275 0.998161 0.041408 0.064781 0.044230 -0.996919 0.996917 0.041456 0.066620
-1.342695 -8.092514 5.917593 -25.493227 -0.052645 0.994949 0.085464 0.237064 0.095588 -0.966780 0.970067 0.030636 0.240898
-1.148251 -7.555910 31.949682 29.061457 -0.090794 0.993255 0.072121 0.166623 0.086550 -0.982215 0.981832 0.077162 0.173358
-1.304690 -8.345916 -8.263587 -77.689814 -0.039061 0.992711 0.114018 0.342106 0.120495 -0.931904 0.938849 -0.002605 0.344319
-1.124187 -8.268554 13.674587 -6.185439 -0.073474 0.992059 0.102083 0.325104 0.120594 -0.937958 0.942820 0.035727 0.331383
-6.848207 -10.763081 97.258469 97.891005 -0.189658 0.977419 -0.093180 -0.410533 -0.165151 -0.896765 0.891904 0.131825 -0.432585
-5.599053 -9.660333 -60.690173 93.511684 -0.309108 0.922977 -0.229270 -0.413247 -0.347482 -0.841714 0.856551 0.165436 -0.488827
-5.019406 -8.194179 -46.186641 84.329348 -0.441898 0.813778 -0.377482 -0.444574 -0.564152 -0.695763 0.779153 0.139638 -0.611082
1.771489 -9.103845 51.918622 3.100098 0.484658 0.861599 0.150842 -0.550133 0.434325 -0.713243 0.680044 -0.262696 -0.684493
2.278680 -9.485276 124.787704 172.466648 0.523398 0.830659 0.189897 -0.482583 0.472646 -0.737373 0.702260 -0.294299 -0.648244
2.101666 -10.871255 39.045035 176.040794 0.503177 0.846904 0.171947 -0.452513 0.427723 -0.782486 0.736237 -0.315921 -0.598456
2.603762 -8.186836 124.383145 -23.769948 0.501903 0.852291 0.147287 -0.566500 0.452610 -0.688638 0.653583 -0.262191 -0.709989
2.912104 -9.981570 -80.691723 81.540750 0.471621 0.871968 0.131322 -0.525614 0.397560 -0.752115 0.708028 -0.285688 -0.645816
2.163453 -9.293657 -80.290863 2.264814 0.478571 0.871049 0.110649 -0.627326 0.427363 -0.651017 0.614355 -0.242145 -0.750955
1.753451 -9.057611 32.334602 -98.001025 0.479651 0.870253 0.112223 -0.649611 0.438161 -0.621306 0.589865 -0.225109 -0.775490
-7.045798 -8.695082 -48.515394 53.755388 0.624186 0.753133 0.207806 0.730866 -0.468884 -0.495966 -0.276091 0.461453 -0.843110
-7.275960 -8.118317 -60.392216 -38.244894 0.804627 0.578644 0.133217 -0.569637 0.688908 0.448240 -0.167597 0.436552 -0.883931
4.093986 -10.179241 -69.327160 223.182301 -0.684873 0.438366 -0.582052 0.287066 0.896515 0.337423 0.669733 0.064005 -0.739839
3.888414 -10.486521 -159.812761 131.020624 -0.687300 0.291441 -0.665343 0.252141 0.954746 0.157747 0.681208 -0.059341 -0.729681
7.469099 -11.490700 -277.591512 -30.090140 -0.714809 0.231937 -0.659738 0.356582 0.932428 -0.058543 0.601580 -0.277098 -0.749212
4.440006 -1.599872 159.659337 8.975136 0.513595 -0.012051 0.857948 0.303582 0.937777 -0.168562 -0.802532 0.347030 0.485296
2.590032 -1.747565 139.788560 -12.990224 0.559620 0.045929 0.827475 0.278619 0.929920 -0.240044 -0.780511 0.364883 0.507606
0.475525 -1.971717 118.503735 -2.643172 0.607090 0.147922 0.780744 0.208904 0.918251 -0.336414 -0.766682 0.367334 0.526560
-2.681476 -8.392460 -9.139006 10.288959 0.094385 -0.665732 -0.740197 0.785217 -0.407279 0.466431 -0.611985 -0.625240 0.484304
-0.797165 -7.802365 -106.191833 12.452499 -0.105513 -0.578881 -0.808557 0.815158 -0.516046 0.263086 -0.569548 -0.631343 0.526329
-2.847862 -8.651595 51.980751 -27.049900 0.028575 0.630926 0.775317 0.724190 -0.547703 0.419011 -0.689008 -0.549503 0.472561
-3.496246 -8.558480 19.607969 11.935767 -0.080255 0.665745 0.741851 0.701058 -0.491364 0.516797 -0.708574 -0.561557 0.427291
-0.631706 -9.520569 23.777096 -57.792873 0.034920 0.999198 0.019610 -0.179765 0.025582 -0.983377 0.983090 -0.030814 -0.180515
-0.498333 -9.162534 -1.039548 -39.524841 0.048549 0.997714 0.047004 -0.195098 0.055625 -0.979205 0.979581 -0.038369 -0.197353
-0.440339 -9.337715 2.136671 29.456856 -0.028931 0.982302 0.185054 0.948418 -0.031495 0.315454 -0.315699 -0.184635 0.930722
-0.406747 -9.124714 -8.062605 20.835002 0.017887 -0.982168 -0.187153 0.983008 -0.016927 0.182780 -0.182688 -0.187242 0.965176
1.501394 -13.136972 -5.762063 90.842242 -0.047821 0.989241 -0.138259 -0.845549 -0.113780 -0.521634 0.531753 -0.091960 -0.841892
1.422859 -13.151688 14.734603 29.626461 -0.030775 0.989827 -0.138909 -0.799594 -0.107770 -0.590792 0.599752 -0.092890 -0.794776
-2.423302 -12.622611 22.455905 -42.808017 0.034850 0.991469 -0.125597 0.705174 0.064657 0.706080 -0.708177 0.113175 0.696905
-2.721038 -12.118623 44.254241 -33.225851 0.037435 0.991975 -0.120767 0.564157 0.078772 0.821901 -0.824818 0.098899 0.556681
0.189109 -14.572288 -41.615748 311.666206 0.215009 0.965050 0.149831 0.812736 -0.091744 -0.575364 0.541509 -0.245481 0.804057
1.551062 -14.724648 -45.986965 272.552663 0.250834 0.961146 0.115238 0.804521 -0.140779 -0.576998 0.538356 -0.237443 0.808575
0.495182 -10.941124 -44.222461 259.326172 0.257767 0.960325 0.106456 0.698460 -0.109072 -0.707289 0.667616 -0.256671 0.698863
-0.721094 -9.191682 -41.865916 258.297331 0.239714 0.962154 0.129602 0.688832 -0.074488 -0.721084 0.684141 -0.262127 0.680618
1.051167 -8.643356 -36.288446 157.503016 0.321650 0.946523 0.025185 0.555851 -0.167224 -0.814289 0.766532 -0.275916 0.579914
-0.086357 -7.291458 -50.034882 160.936511 0.329571 0.943644 0.030298 0.573467 -0.174586 -0.800410 0.750013 -0.281167 0.598687
2.017874 -2.267982 9.594209 59.396210 0.035899 0.999296 0.010918 -0.631582 0.031153 -0.774683 0.774477 -0.020915 -0.632256
1.947516 -1.818535 14.210367 20.411510 0.139069 0.984691 0.105087 -0.639886 0.170343 -0.749353 0.755782 -0.036968 -0.653779
1.851230 -1.437662 12.821285 -15.890038 0.216495 0.951191 0.219921 -0.629040 0.308178 -0.713677 0.746618 -0.016168 -0.665056
4.971779 -134.737381 -6.149125 -8023.374070 -0.925874 -0.316304 0.206663 -0.270539 0.936815 0.221781 -0.263755 0.149431 -0.952945
-2.064255 -54.156888 -66.915409 -3124.883905 -0.961545 -0.168542 0.216853 -0.154307 0.984688 0.081106 -0.227202 0.044525 -0.972829
-5.783313 -105.628797 -165.886479 -5487.935983 -0.953388 -0.164019 0.253277 -0.101099 0.964483 0.244031 -0.284307 0.207050 -0.936109
-0.599387 -31.091391 -146.944883 -1772.957436 -0.937295 -0.291033 0.191774 -0.274198 0.955391 0.109739 -0.215157 0.050273 -0.975285
21.809012 -4299.580013 818.926152 -1042681.759893 0.969924 -0.105968 -0.219133 0.233317 0.148189 0.961043 0.069367 0.983265 -0.168456
3.130949 -33.085446 -127.249853 -1581.154183 -0.876915 -0.427089 0.220489 -0.401256 0.903039 0.153343 -0.264602 0.045996 -0.963260
-0.215712 -9.689183 4.366841 -125.269881 0.091419 0.995033 -0.039398 0.424122 -0.074702 -0.902519 0.900979 -0.065797 0.428844
-0.295862 -9.441407 3.099953 -118.233444 0.100466 0.993678 -0.050102 0.430099 -0.088783 -0.898405 0.897174 -0.068710 0.436300
-0.458006 -8.251843 14.873303 -68.800031 0.086124 0.995471 -0.040260 0.517707 -0.079243 -0.851880 0.851212 -0.052524 0.522187
-0.322468 -8.603990 -3.833482 -73.026652 0.092637 0.995607 -0.013584 0.506116 -0.058832 -0.860456 0.857476 -0.072835 0.509343
3.310763 -3.583231 -123.079212 -46.560379 0.229397 0.972530 0.039527 -0.901490 0.227602 -0.368122 0.367007 -0.048813 -0.928937
0.207501 -3.756228 33.017425 31.365148 0.213788 0.800149 0.560408 -0.498704 0.582680 -0.641700 0.839994 0.142290 -0.523607
-0.285823 -3.954518 26.724041 -15.529029 0.111114 0.894855 0.432307 -0.563147 0.415114 -0.714524 0.818852 0.164059 -0.550060
-0.587741 -4.533159 16.093223 -93.064833 -0.007271 0.957682 0.287738 -0.606130 0.224638 -0.762984 0.795333 0.179954 -0.578846
-0.227539 -4.116537 29.297279 -90.602575 -0.009530 0.954592 0.297763 -0.618695 0.228307 -0.751726 0.785574 0.191388 -0.588425
0.383342 -3.231201 36.984700 -54.677968 0.034782 0.938943 0.342310 -0.623595 0.288049 -0.726744 0.780974 0.188185 -0.595539
9.598143 -38.425120 -1115.117402 -2245.902236 0.964995 -0.215989 -0.148772 -0.018341 -0.621438 0.783249 0.261626 0.753102 0.603646
9.570572 -207.787553 -2291.571041 13682.268725 0.967728 -0.075788 0.240331 -0.212043 -0.760220 0.614087 -0.136164 0.645229 0.751757
8.564130 -32.359766 -888.913679 978.905729 0.847956 -0.518350 -0.110830 -0.429551 -0.794479 0.429289 0.310574 0.316411 0.896341
6.722121 -19.288477 -127.843974 -523.717996 0.228720 0.918970 0.321220 -0.510468 0.394180 -0.764228 0.828921 -0.010822 -0.559261
5.580999 -14.691549 -211.436988 -126.175939 0.280086 0.925401 0.255313 -0.409601 0.355736 -0.840047 0.868205 -0.130709 -0.478682
6.151831 -26.558051 83.747318 -740.345779 0.084361 0.914560 0.395555 -0.617615 0.359511 -0.699503 0.781943 0.185290 -0.595174
2.114066 -8.946946 -124.766806 -14.664974 -0.652983 -0.533510 -0.537569 -0.146476 0.785340 -0.601486 0.743073 -0.314019 -0.590960
6.919011 -9.759946 -491.661558 -48.891308 -0.668208 0.012840 -0.743864 0.279207 0.931097 -0.234737 0.689596 -0.364545 -0.625751
2.804770 -9.790202 -292.199639 62.318719 -0.686464 0.105460 -0.719476 0.198399 0.979051 -0.045788 0.699575 -0.174175 -0.693006
1.056405 -25.969898 24.779376 95.556261 -0.155371 0.871585 0.464973 0.509518 0.473954 -0.718164 0.846316 -0.125330 0.517727
-0.147561 -26.210591 -24.179713 -222.101027 -0.286387 0.935928 0.204991 0.950916 0.303831 -0.058700 -0.117222 0.178118 -0.977002
0.157936 -26.177760 64.190032 -46.004914 -0.174453 0.966214 0.189727 -0.900579 -0.234476 0.366030 -0.398149 0.107009 -0.911058
0.250862 -19.767997 14.081862 58.926464 -0.144423 0.972959 0.180256 -0.884931 -0.208508 0.416439 -0.442762 0.099371 -0.891116
1.482106 -16.116152 20.658673 182.000873 -0.008076 0.992915 0.118554 0.997651 0.016066 -0.066597 -0.068029 0.117738 -0.990712
1.776487 -15.117690 31.034838 -80.320241 0.009505 0.993152 0.116438 -0.992092 0.023940 -0.123210 0.125153 0.114346 -0.985526
1.228373 -16.030841 35.219918 184.181843 -0.010383 0.989715 0.142673 0.999585 0.006440 0.028070 0.026863 0.142906 -0.989372
0.843355 -17.246965 14.186998 -114.849187 -0.024381 0.991213 0.130009 -0.966255 -0.056723 0.251263 -0.256430 0.119496 -0.959148
1.339081 -16.720985 35.085879 -146.154028 -0.007106 0.992282 0.123799 -0.964525 -0.039473 0.261025 -0.263897 0.117552 -0.957361
-1.920871 -10.637820 75.089296 -32.193072 0.002714 0.721997 0.691891 -0.096260 -0.688492 0.718828 -0.995352 0.068553 -0.067631
-2.545364 -11.800179 14.333486 -48.992240 -0.025144 0.867717 0.496423 -0.109250 -0.495991 0.861428 -0.993696 0.032574 -0.107269
-0.563447 -10.638754 96.139754 129.156312 -0.001367 0.759491 0.650516 0.092849 -0.647610 0.756294 -0.995679 -0.061434 0.069632
0.148524 -9.323074 127.629219 -132.085236 0.010155 0.556373 0.830871 -0.079761 0.828717 -0.553956 -0.996762 -0.060645 0.052792
-1.002239 -9.987158 62.138726 32.516551 -0.002659 0.582646 0.812721 0.105759 0.808330 -0.579152 -0.994388 0.084412 -0.063769
-3.452421 -6.501471 -6.053636 14.613531 0.020049 0.988188 0.151929 0.064572 -0.152923 0.986126 -0.997712 0.009961 0.066875
-3.431227 -6.681856 -22.775280 10.186049 -0.032173 0.958551 0.283098 0.118232 -0.277606 0.953392 -0.992465 -0.064144 0.104400
-1.899141 -11.109078 -9.779803 -36.095596 0.059623 0.993936 -0.092392 -0.973052 0.078524 0.216803 -0.222743 -0.076976 -0.971833
-2.154470 -11.977285 -2.901506 -51.118153 0.059325 0.995586 -0.072723 -0.912509 0.083623 0.400418 -0.404732 -0.042606 -0.913442
-2.204017 -10.936718 -14.002390 -27.995918 0.092654 0.993459 -0.066736 -0.950250 0.108244 0.292075 -0.297389 -0.036354 -0.954064
-1.958040 -10.529199 -14.959104 -63.152137 0.093283 0.992680 -0.076706 -0.989417 0.101024 0.104153 -0.111140 -0.066179 -0.991599
2.100046 -6.234188 126.108648 34.423781 0.407426 0.188851 0.893498 -0.359948 0.932391 -0.032938 -0.839310 -0.308194 0.447857
2.607712 -6.072022 122.286260 49.179178 0.407519 0.110930 0.906434 -0.274981 0.961431 0.005967 -0.870812 -0.251684 0.422305
1.131124 -5.982501 135.653071 47.338801 0.386186 0.225479 0.894438 -0.288398 0.950566 -0.115108 -0.876177 -0.213501 0.432124
1.292373 -15.913691 -9.859747 136.750052 -0.186216 0.982509 -0.000402 0.972286 0.184220 -0.143956 0.141364 0.027198 0.989584
1.736120 -16.282523 90.255665 -336.910519 -0.289261 0.954657 -0.070416 0.920249 0.257073 -0.295051 0.263571 0.150147 0.952883
1.606508 -9.755993 -0.440169 -190.842210 -0.672736 0.516179 0.530081 0.728490 0.336865 0.596510 0.129340 0.787452 -0.602653
0.084281 -18.128177 -5.424968 757.365600 0.784959 -0.353139 -0.509051 0.616830 0.368581 0.695463 0.057969 0.859907 -0.507148
2.249110 -8.818872 -12.271075 94.855747 -0.582347 0.511277 0.632034 0.809370 0.291865 0.509641 0.076099 0.808338 -0.583779
-19.357789 -39.712306 -527.227237 -266.377216 -0.540194 0.251747 0.803003 -0.412624 0.752396 -0.513461 -0.733438 -0.608707 -0.302563
-14.416333 -41.444850 492.314509 -533.978654 0.677319 -0.086679 -0.730565 -0.459496 0.725680 -0.512106 -0.574545 -0.682551 -0.451688
-22.578999 -58.350163 748.760803 2272.430021 0.607983 -0.138604 -0.781758 0.685210 -0.405778 0.604840 -0.401053 -0.903401 -0.151733
-26.722847 -44.804431 685.113655 1127.246210 0.454865 -0.416665 -0.787076 0.544599 -0.569142 0.616027 -0.704635 -0.708850 -0.031968
-0.651816 -4.165942 -8.226424 50.900666 -0.189539 0.948294 -0.254584 -0.853241 -0.287375 -0.435196 0.485855 -0.134735 -0.863592
