15278
30545
-9.402571 -12.485343 11.983979 335.735823 0.534268 -0.246899 0.808455 0.429712 0.902929 -0.008225 -0.727946 0.351797 0.588501
-8.842634 -12.787275 -170.637864 166.676618 0.224372 -0.663748 0.713510 0.549577 0.690821 0.469820 -0.804750 0.286714 0.519781
-12.748645 -15.807189 -178.119752 465.575403 0.509186 0.004094 0.860647 0.183775 0.976409 -0.113372 -0.840807 0.215892 0.496421
-8.198500 -12.346848 3.807965 169.736318 -0.077969 0.771307 -0.631669 0.592060 0.545592 0.593122 -0.802113 0.327741 0.499200
-9.664776 -18.980724 135.138933 666.269522 0.655274 0.114580 0.746650 0.111247 0.963014 -0.245416 -0.747154 0.243878 0.618291
-5.023382 -16.759915 320.824494 710.840508 0.683306 -0.183425 0.706717 0.365998 0.923587 -0.114161 -0.631774 0.336664 0.698225
-7.027351 -9.965762 125.479213 328.092515 0.599656 -0.304491 0.740066 0.509726 0.858249 -0.059902 -0.616921 0.413152 0.669861
-7.105940 -9.544149 24.484852 140.740483 0.066926 0.855053 -0.514204 0.734489 0.306591 0.605416 -0.675312 0.418195 0.607508
12.566071 -19.112536 32.133689 344.744992 0.950670 0.162132 0.264460 -0.269307 0.008279 0.963019 -0.153946 0.986734 -0.051534
13.127687 -21.028968 98.342398 7.653346 0.956883 0.066226 0.282822 -0.290436 0.202740 0.935170 -0.004593 0.976991 -0.213233
12.463516 -18.409629 188.605140 215.179561 0.952735 -0.014996 0.303433 -0.303652 -0.015457 0.952658 0.009596 0.999768 0.019280
12.602688 -16.115619 139.002844 463.882750 0.952178 0.104724 0.287037 -0.263314 -0.195295 0.944736 -0.154993 0.975137 0.158381
0.093412 -7.458437 863.490248 119.570057 -0.671127 -0.446712 0.591639 0.712843 -0.608007 0.349545 0.203575 0.656335 0.726486
19.395295 -9.706281 -2172.781141 258.314360 0.744993 0.425913 -0.513404 0.646943 -0.648950 0.400410 0.162634 0.630446 0.759005
2.509778 -5.114709 -825.215544 253.158233 0.737850 0.391572 -0.549772 0.628263 -0.696148 0.347366 0.246704 0.601705 0.759663
26.096639 -8.090940 -2184.607657 363.665909 0.822395 0.332268 -0.461805 0.538114 -0.717775 0.441850 0.184660 0.611880 0.769093
19.029270 -18.105754 -1873.586153 1089.323549 0.606867 -0.539664 0.583503 0.544625 -0.252342 -0.799817 -0.578875 -0.803172 -0.140776
11.896380 -11.690767 -1069.189359 483.881262 0.645334 -0.580817 0.496181 0.520975 -0.140411 -0.841944 -0.558685 -0.801833 -0.211979
4.816349 -17.475426 -601.572236 974.508680 0.675930 -0.575051 0.460906 0.446889 -0.177480 -0.876807 -0.586011 -0.798635 -0.137020
4.306359 -29.548974 -543.075412 2041.636233 0.666780 -0.553749 0.498765 0.402373 -0.295830 -0.866360 -0.627296 -0.778362 -0.025560
-1.114589 -29.348841 -108.407009 1483.602003 0.710927 -0.554905 0.432046 0.335163 -0.272749 -0.901817 -0.618263 -0.785932 0.007921
-1.053993 -17.692883 -80.674122 682.577662 0.752519 -0.584596 0.303251 0.300500 -0.104941 -0.947991 -0.586016 -0.804509 -0.096701
19.579137 -13.698785 -1429.952933 40.759357 0.854825 0.199408 0.479072 0.423137 -0.802276 -0.421080 -0.300381 -0.562663 0.770183
28.076791 -14.105416 -388.836860 25.208205 0.867086 0.259975 0.424940 0.471887 -0.702002 -0.533401 -0.159638 -0.663029 0.731375
25.160712 -13.848573 -2408.512790 23.740667 0.864010 0.094371 0.494551 0.415585 -0.688171 -0.594735 -0.284210 -0.719385 0.633806
12.161899 -13.689690 -1437.844786 34.376669 0.870911 0.060907 0.487651 0.336426 -0.797215 -0.501264 -0.358233 -0.600615 0.714794
10.060322 -13.467077 -865.421792 -8.658344 0.860854 0.162070 0.482352 0.329591 -0.899798 -0.285891 -0.387685 -0.405090 0.828011
0.445634 -16.591213 31.984689 -17.244318 0.723479 -0.557325 0.407391 -0.684138 -0.499855 0.531130 0.092376 0.662974 0.742922
0.085302 -16.776932 25.124427 33.859498 0.734858 -0.549772 0.397159 -0.675388 -0.646665 0.354508 -0.061930 0.528749 0.846516
0.619465 -16.919664 38.885950 37.777161 0.728436 -0.553389 0.403908 -0.679869 -0.656691 0.326398 -0.084618 0.512364 0.854589
-0.133008 -21.340831 -53.217471 -287.569012 0.845272 -0.260014 0.466807 -0.532057 -0.490175 0.690394 -0.049305 0.831938 0.552674
0.644846 -25.627085 -58.765769 -304.499911 0.833860 -0.272774 0.479866 -0.511256 -0.709390 0.485163 -0.208072 0.649892 0.730990
-1.032158 -21.620813 -20.163642 -281.843774 0.816108 -0.308851 0.488446 -0.576417 -0.495545 0.649752 -0.041370 0.811817 0.582445
-1.627734 -18.127905 -24.200525 -191.082602 0.820394 -0.302283 0.485365 -0.560989 -0.261225 0.785527 0.110662 0.916726 0.383885
-0.860364 -17.735783 -48.779660 -210.721084 0.847605 -0.258841 0.463215 -0.521714 -0.247172 0.816530 0.096858 0.933760 0.344545
-2.691282 -7.017553 -141.677273 -13.538812 0.440769 0.190070 0.877266 0.063263 0.968316 -0.241582 -0.895389 0.161980 0.414779
-1.467464 -5.764202 -198.125717 -64.014154 0.408106 0.444545 0.797389 -0.125019 0.892420 -0.433540 -0.904334 0.077242 0.419779
-3.997402 -7.353726 -163.541961 -5.857628 0.466983 0.281828 0.838153 -0.024618 0.951627 -0.306267 -0.883923 0.122388 0.451332
-4.662239 -7.963343 -163.749163 47.125766 0.475373 0.119513 0.871629 0.125366 0.971418 -0.201568 -0.870807 0.205093 0.446803
-1.239363 -8.328452 -140.130900 174.000717 0.593689 -0.447397 0.668857 0.709658 0.682956 -0.173077 -0.379366 0.577413 0.722963
-0.831037 -6.310428 -137.345395 190.996588 0.575857 -0.464921 0.672486 0.758360 0.611055 -0.226941 -0.305416 0.640672 0.704458
0.113104 -7.994392 -85.029900 156.629265 0.574236 -0.472152 0.668824 0.728363 0.667654 -0.154028 -0.373818 0.575595 0.727290
-0.275168 -9.318936 -81.522356 95.374102 0.594561 -0.448282 0.667488 0.660451 0.745760 -0.087443 -0.458587 0.492833 0.739469
-1.612463 -9.798996 -142.226976 117.774368 0.610230 -0.426041 0.667914 0.642472 0.759412 -0.102580 -0.463518 0.491713 0.737136
-0.387537 -40.627796 -6.153083 1305.431426 0.719957 -0.436864 0.539269 0.320684 0.898505 0.299750 -0.615486 -0.042872 0.786981
0.068157 -37.989314 52.056572 902.416616 0.729995 -0.395708 0.557245 0.263761 0.915288 0.304431 -0.630505 -0.075254 0.772528
0.955525 -31.215038 26.349246 720.612516 0.725131 -0.377334 0.576024 0.387735 0.915027 0.111300 -0.569075 0.142637 0.809820
-1.619925 -41.838011 -3.175135 783.365477 0.731054 -0.449797 0.513071 0.160211 0.844087 0.511713 -0.663244 -0.291891 0.689135
-1.077758 -46.337548 -104.472476 1264.447336 0.707258 -0.491581 0.508069 0.211196 0.832771 0.511750 -0.674672 -0.254637 0.692804
2.991075 -7.048167 -86.266946 19.744974 -0.452077 0.549742 -0.702431 0.047351 0.801178 0.596550 0.890721 0.236426 -0.388225
2.089831 -7.319705 -65.009358 51.416841 -0.451049 0.541151 -0.709725 0.114250 0.823678 0.555429 0.885156 0.169439 -0.433346
2.012147 -6.930896 -73.284986 2.400576 -0.417074 0.608217 -0.675367 0.089049 0.766853 0.635615 0.904500 0.204957 -0.373996
2.828073 -7.562568 -54.183216 58.226490 -0.490544 0.471487 -0.732848 0.072245 0.860094 0.504994 0.868416 0.194778 -0.455977
2.756016 -7.024330 -103.413344 -24.807784 -0.414842 0.604064 -0.680450 0.013648 0.751882 0.659156 0.909791 0.264159 -0.320157
3.866753 -7.127181 -110.973298 -11.321185 -0.453457 0.557214 -0.695622 -0.020204 0.773850 0.633047 0.891049 0.301114 -0.339650
3.771359 -7.374265 -59.895194 28.136375 -0.496996 0.484011 -0.720228 0.006634 0.832087 0.554606 0.867727 0.270859 -0.416755
-0.696240 -31.464380 -16.951344 553.500515 0.528337 -0.280984 0.801192 0.830502 -0.025053 -0.556451 0.176426 0.959385 0.220121
-0.463228 -33.885556 -9.626552 84.864661 0.517638 -0.285929 0.806409 0.854783 0.214010 -0.472807 -0.037391 0.934047 0.355187
-0.851875 -32.451347 37.169829 410.638237 0.509988 -0.296829 0.807344 0.850132 0.030882 -0.525663 0.131100 0.954431 0.268094
-1.113885 -29.327163 21.450258 641.647474 0.511001 -0.292587 0.808252 0.794725 -0.197495 -0.573941 0.327553 0.935622 0.131606
-0.882921 -29.549499 -27.442430 928.705822 0.522348 -0.276350 0.806711 0.768194 -0.258180 -0.585851 0.370177 0.925729 0.077430
3.005857 -29.780190 31.306226 -719.722616 0.687208 -0.251347 0.681594 -0.658085 0.181992 0.730618 0.307684 0.950633 0.040341
2.751987 -27.471923 115.039706 -578.914692 0.666462 -0.311703 0.677252 -0.656544 0.185026 0.731242 0.353239 0.931991 0.081334
2.525357 -32.113192 55.724061 -256.965175 0.732916 -0.253422 0.631356 -0.666835 -0.083753 0.740484 0.134777 0.963723 0.230375
0.301752 -21.526294 372.004833 185.765933 0.867108 -0.258524 0.425780 0.290032 0.956969 -0.009604 -0.404975 0.131817 0.904776
0.021613 -23.105473 300.400372 275.417878 0.836844 -0.335698 0.432433 0.278453 0.941119 0.191728 -0.471334 -0.040035 0.881046
3.890706 -19.380293 630.123547 91.582151 0.879433 -0.227472 0.418155 0.249921 0.968265 0.001110 -0.405138 0.103529 0.908375
3.694789 -20.438010 628.527191 37.353407 0.892789 -0.168949 0.417594 0.270039 0.942704 -0.195930 -0.360565 0.287690 0.887258
8.891739 -18.642339 658.299253 -170.305987 0.867640 -0.125654 0.481053 0.223312 0.962942 -0.151243 -0.444222 0.238650 0.863547
8.440049 -16.962972 840.026585 19.729738 0.878039 -0.182272 0.442520 0.192721 0.981014 0.021684 -0.438071 0.066243 0.896496
-5.164038 -6.236744 8.979186 -92.737299 -0.667900 -0.531972 -0.520494 -0.583983 0.808144 -0.076597 0.461382 0.252800 -0.850423
-4.696128 -6.973251 6.873104 -39.698047 -0.648579 -0.556556 -0.519221 -0.639260 0.768574 -0.025316 0.413149 0.315498 -0.854265
-4.474548 -6.829597 58.192297 -58.289134 0.483299 0.674763 0.557779 -0.735386 0.658600 -0.159541 0.475005 0.333077 -0.814512
-4.686616 -6.070287 77.139297 -73.566932 0.339143 0.797432 0.499083 -0.776870 0.536593 -0.329456 0.530523 0.275990 -0.801483
11.260923 -92.488880 -171.996623 5609.468550 0.779790 -0.102836 0.617538 0.573634 -0.277712 -0.770597 -0.250742 -0.955145 0.157567
6.185153 -24.160099 -768.035691 1966.438956 0.748213 -0.195425 0.634024 0.656235 0.077353 -0.750581 -0.097639 -0.977663 -0.186121
-24.944000 -110.003845 2917.307507 8116.664773 -0.678721 0.227607 -0.698235 0.690364 -0.126524 -0.712313 -0.250471 -0.965498 -0.071258
17.663661 -213.393057 -1422.583875 -15873.158183 0.584859 -0.282237 0.760448 -0.409826 0.706227 0.577309 -0.699987 -0.649296 0.297376
-1.862699 -13.400993 -29.400116 -272.052810 -0.160603 -0.616690 0.770649 0.901213 0.226792 0.369296 -0.402519 0.753829 0.519346
-2.218524 -10.839375 1.703881 -233.493937 -0.150056 -0.624940 0.766115 0.846355 0.319342 0.426267 -0.511044 0.712370 0.481003
-2.045697 -12.478588 21.259270 -199.796221 -0.135251 -0.639585 0.756729 0.890281 0.256758 0.376132 -0.434864 0.724574 0.534684
-1.751207 -14.594436 -8.984707 -160.946321 -0.132253 -0.636393 0.759943 0.952274 0.131212 0.275605 -0.275107 0.760123 0.588667
-1.548116 -15.662728 -28.598473 -237.194390 -0.149200 -0.614863 0.774392 0.956818 0.107816 0.269953 -0.249476 0.781229 0.572226
5.484971 -8.572248 -121.069329 -70.175361 -0.676000 0.529315 -0.512689 0.191024 0.797825 0.571827 0.711712 0.288619 -0.640441
4.633652 -8.405343 146.596078 -51.006938 -0.762275 0.491256 -0.421432 0.187843 0.790990 0.582280 0.619397 0.364694 -0.695231
5.424811 -8.132683 28.732525 -30.498276 -0.716505 0.512785 -0.472940 0.242384 0.818736 0.520501 0.654118 0.258309 -0.710919
5.014683 -8.337196 -190.534959 -72.847614 -0.639775 0.533245 -0.553478 0.204966 0.812446 0.545821 0.740727 0.235759 -0.629080
4.709770 -7.289131 225.860142 -48.057057 -0.774947 0.508272 -0.375655 0.317582 0.827033 0.463851 0.546442 0.240158 -0.802325
5.622135 -7.024536 57.086939 -42.855797 -0.722664 0.512947 -0.463294 0.308341 0.839127 0.448098 0.618614 0.180972 -0.764569
5.212970 -7.938513 -152.064014 -39.787153 -0.648750 0.529584 -0.546502 0.262784 0.829858 0.492219 0.714190 0.175715 -0.677537
1.365861 -4.115962 43.513577 -24.622360 0.628108 -0.452197 0.633244 -0.360931 0.551653 0.751936 0.689354 0.700855 -0.183286
1.543783 -3.779654 -2.487762 -12.793974 0.637600 -0.402888 0.656619 -0.379004 0.578007 0.722678 0.670689 0.709640 -0.215841
1.170073 -4.115569 -33.885034 43.962057 -0.648499 0.481565 -0.589528 -0.297178 0.552836 0.778497 0.700810 0.680050 -0.215403
0.446492 -4.608080 -71.048919 -34.402986 -0.647784 0.535601 -0.541763 0.253462 -0.519105 -0.816264 0.718424 0.666079 -0.200513
0.448177 -4.725714 -88.237747 -30.698652 -0.611978 0.482850 -0.626370 -0.357589 0.537483 0.763703 0.705417 0.691352 -0.156266
-83.020749 -163.064605 4748.138650 -9390.044561 0.799249 -0.254550 -0.544431 0.043772 0.928125 -0.369687 0.599403 0.271641 0.752945
-240.998490 -408.054494 -16786.758825 25231.054319 -0.257240 0.921139 -0.292115 0.633735 -0.067399 -0.770608 0.729525 0.383355 0.566420
-41.775221 -731.473239 -9111.037317 -108709.485967 -0.636965 -0.159093 0.754298 0.760995 -0.286058 0.582286 0.123135 0.944913 0.303278
-7.437997 -35.873614 -246.543041 1383.185024 0.571016 -0.283339 -0.770493 0.560135 0.820610 0.113350 0.600158 -0.496305 0.627290
-5.754619 -47.985503 -269.513940 -2629.597733 0.650214 -0.269112 -0.710493 -0.628781 -0.715516 -0.304420 0.426446 -0.644683 0.634451
-11.987032 -53.908284 -308.561915 -2772.985926 0.620382 -0.163133 -0.767146 -0.599169 -0.729738 -0.329363 0.506086 -0.663981 0.550460
-16.019920 -61.885823 -450.943825 2897.843626 0.588731 -0.114986 -0.800109 0.513307 0.817820 0.260167 0.624430 -0.563869 0.540499
-4.202885 -5.211572 -284.125790 243.239639 0.309445 0.509036 -0.803197 0.950514 -0.140968 0.276861 0.027707 -0.849123 -0.527467
-1.850209 -6.113465 -354.510544 85.443075 0.123917 0.499905 -0.857169 0.992278 -0.057778 0.109752 0.005340 -0.864151 -0.503205
-5.046772 -7.340792 -165.087852 157.295798 0.517587 0.477848 -0.709764 0.855211 -0.314908 0.411640 -0.026809 -0.820057 -0.571653
-5.318016 -6.179070 149.395755 -223.656549 0.995891 0.085505 -0.029841 -0.073606 0.572256 -0.816765 0.052761 -0.815606 -0.576198
-6.291344 -8.083281 60.296518 -193.357230 0.951881 0.229616 -0.202974 -0.302914 0.604362 -0.736878 0.046529 -0.762905 -0.644835
-4.341264 -8.257638 15.656153 -240.640060 -0.229246 0.587120 -0.776361 0.690445 0.660292 0.295466 0.686099 -0.468300 -0.556743
-3.383930 -4.765314 -60.287907 -474.712568 -0.274758 0.460229 -0.844214 0.688897 0.706737 0.161074 0.670768 -0.537320 -0.511232
1.096391 -4.659081 -548.990285 -85.545314 0.586717 0.783402 -0.205046 -0.556569 0.206185 -0.804810 0.588213 -0.586318 -0.556990
-3.989722 -7.021611 -23.413376 124.003381 -0.164456 0.641874 -0.748967 -0.754671 -0.570814 -0.323486 0.635158 -0.512025 -0.578277
-4.957492 -10.307527 -64.459501 -130.349314 -0.369973 0.497669 -0.784503 0.609163 0.767514 0.199608 0.701456 -0.404041 -0.587121
-2.581977 -6.328513 -137.980299 95.491686 0.569793 -0.549922 0.610673 -0.221357 0.612933 0.758495 -0.791415 -0.567362 0.227516
-1.228440 -6.491690 149.770747 84.554509 -0.569005 0.603395 -0.558702 -0.194025 0.561718 0.804256 -0.799117 -0.566028 0.202547
-2.840400 -7.372824 165.242153 56.365926 -0.566068 0.566278 -0.599080 -0.295042 0.539411 0.788661 -0.769752 -0.623189 0.138268
-1.099133 -5.010219 -131.011282 119.485529 0.572607 -0.597195 0.561676 -0.122519 0.615084 0.778884 -0.810624 -0.514810 0.279034
-3.387728 -7.331186 -61.985901 65.496045 0.574002 -0.497788 0.650175 -0.329722 0.586287 0.739967 -0.749537 -0.639119 0.172399
-2.760456 -6.225522 -13.278134 107.643443 0.578060 -0.467977 0.668464 -0.267207 0.665475 0.696953 -0.771004 -0.581499 0.259637
-2.278187 -4.779145 -103.850049 128.042076 0.572817 -0.517870 0.635367 -0.172026 0.681923 0.710907 -0.801428 -0.516519 0.301530
0.765440 -17.189904 -102.577598 -308.290034 0.263703 0.923525 -0.278500 -0.773967 0.374893 0.510324 -0.575704 -0.080976 -0.813639
0.190662 -17.430571 -2.155146 -467.086887 0.221050 0.953441 -0.205153 -0.870006 0.287839 0.400299 -0.440712 -0.089998 -0.893126
-0.821653 -15.451298 -40.785615 -384.695178 0.261283 0.937244 -0.230878 -0.887363 0.327360 0.324688 -0.379892 -0.120037 -0.917210
0.159962 -8.496407 -47.121289 54.514004 -0.512853 0.532755 -0.673167 0.698818 0.714533 0.033098 0.498633 -0.453447 -0.738749
2.468642 -7.535831 -154.879207 81.257630 -0.590537 0.448299 -0.671040 0.588415 0.808256 0.022144 0.552299 -0.381773 -0.741090
1.477331 -8.272051 -159.841700 39.089743 -0.579398 0.457126 -0.674784 0.649644 0.758985 -0.043645 0.492199 -0.463658 -0.736723
-0.552280 -13.459442 -24.342415 97.284929 -0.509388 0.508510 -0.694220 0.356747 0.858927 0.367391 0.783107 -0.060516 -0.618936
-0.808169 -13.346799 -8.789539 57.305237 -0.514079 0.533122 -0.671940 0.362272 0.845033 0.393293 0.777484 -0.041241 -0.627549
-0.287469 -13.550771 -27.741612 -19.804470 -0.501941 0.521323 -0.690129 0.249833 0.851306 0.461369 0.828033 0.059163 -0.557549
0.143984 -13.373169 -39.515239 -8.961273 -0.506202 0.496088 -0.705447 0.257666 0.867626 0.425245 0.823023 0.033490 -0.567019
0.372213 -14.054003 -29.872034 -126.206826 -0.510840 0.502297 -0.697668 0.148134 0.850840 0.504111 0.846817 0.154172 -0.509051
0.033963 -14.070655 -23.264099 -88.495018 -0.503509 0.531044 -0.681521 0.127642 0.825872 0.549220 0.854509 0.189547 -0.483618
2.873175 -8.674054 -62.184123 17.310908 -0.507397 0.268879 -0.818689 0.836996 0.379695 -0.394041 0.204903 -0.885175 -0.417707
4.144310 -8.291232 -146.766068 30.791993 -0.516083 0.294503 -0.804318 0.834474 0.384639 -0.394596 0.193163 -0.874826 -0.444260
3.059328 -8.776700 -69.505288 27.886580 -0.487997 0.292715 -0.822300 0.867800 0.263858 -0.421074 0.093716 -0.919074 -0.382780
3.700012 -8.291202 -130.283368 8.750839 -0.537111 0.269974 -0.799140 0.792548 0.485839 -0.368549 0.288755 -0.831309 -0.474917
2.506587 -9.021426 -22.848502 12.408431 -0.477558 0.270309 -0.835985 0.873399 0.249438 -0.418277 0.095463 -0.929900 -0.355209
2.631429 -8.670073 -45.098348 10.004263 -0.537162 0.244794 -0.807176 0.786671 0.490651 -0.374715 0.304314 -0.836264 -0.456131
2.271603 -9.088937 -39.502173 2.652850 -0.502411 0.245123 -0.829155 0.838609 0.371639 -0.398271 0.210520 -0.895433 -0.392278
15.823919 -8.280740 404.596689 -102.997889 -0.312710 0.694393 -0.648098 0.186109 -0.624299 -0.758692 0.931438 0.357868 -0.065992
139.897123 0.785249 5128.275684 28.065585 -0.328072 0.936405 -0.124558 0.182644 -0.066490 -0.980928 0.926828 0.344565 0.149215
18.967056 -9.232038 662.631599 -1.131583 -0.428323 0.655729 -0.621739 0.260660 -0.569143 -0.779829 0.865214 0.496081 -0.072855
38.536641 -1.535475 1394.306034 -51.120858 -0.178642 0.949168 -0.259166 0.218366 -0.218587 -0.951071 0.959377 0.226495 0.168217
12.872007 -7.302210 226.128774 54.640208 -0.208685 0.685358 -0.697664 -0.075653 0.699920 0.710203 0.975052 0.200989 -0.094214
0.341903 -7.109738 370.784230 -60.154685 0.675961 -0.447484 0.585521 0.299294 -0.559356 -0.773010 -0.673424 -0.697767 0.244174
4.060482 -7.014189 429.948361 62.933155 0.679277 -0.493262 0.543392 -0.255960 0.534704 0.805342 -0.687799 -0.686137 0.236957
1.046716 -5.864159 325.981796 106.266935 0.676627 -0.477982 0.560098 -0.202690 0.610370 0.765744 -0.707879 -0.631650 0.316111
-0.949955 -19.411981 -42.421031 -460.507579 0.186211 -0.725847 0.662172 0.946970 0.312218 0.075942 -0.261865 0.612916 0.745494
-1.637359 -20.125779 79.505113 -321.426333 0.191502 -0.754009 0.628329 0.962843 0.268523 0.028779 -0.190421 0.599471 0.777415
-0.893606 -22.278803 -33.034188 -412.666401 0.186191 -0.730163 0.657415 0.978505 0.198189 -0.057008 -0.088667 0.653898 0.751369
-0.523878 -22.831092 -146.359358 -590.409687 0.174107 -0.693190 0.699410 0.971668 0.236223 -0.007760 -0.159838 0.680945 0.714679
-0.492108 -38.484388 -169.970000 2513.353159 0.228682 -0.638718 0.734672 0.447434 0.739197 0.503379 -0.864585 0.213604 0.454826
1.666031 -19.133512 189.495089 1012.650193 -0.165911 0.687095 -0.707371 0.616915 0.631933 0.469124 -0.769344 0.358555 0.528723
2.551647 -25.803796 256.104174 1136.417132 -0.159401 0.690325 -0.705721 0.480410 0.678750 0.555432 -0.862437 0.250499 0.439833
-1.013500 -33.891957 -213.378559 2383.191044 0.224671 -0.640232 0.734593 0.465504 0.732800 0.496297 -0.856054 0.230452 0.462669
-2.104948 -49.110492 -161.210913 2755.286589 0.254414 -0.642224 0.723065 0.140344 0.764269 0.629441 -0.956858 -0.058660 0.284573
-0.047616 -5.666426 105.231615 1.820004 0.701139 -0.375308 0.606257 0.445775 -0.432879 -0.783518 -0.556496 -0.819610 0.136206
-0.983917 -5.290129 60.845170 28.650941 0.715261 -0.412414 0.564195 0.433658 -0.371163 -0.821084 -0.548035 -0.831957 0.086632
-0.516298 -5.835529 131.500764 -14.277683 0.625180 -0.314689 0.714228 0.590289 -0.408028 -0.696471 -0.510597 -0.857020 0.069333
-0.411457 -5.487272 -2.820386 21.195436 0.763500 -0.484445 0.427061 0.277268 -0.351342 -0.894249 -0.583259 -0.801169 0.133928
0.440249 -5.603777 37.812282 -16.545198 0.743648 -0.442697 0.501005 0.304600 -0.442734 -0.843330 -0.595152 -0.779747 0.194393
11.889143 -15.264754 826.876951 -68.612721 0.133588 0.837615 0.529675 0.769179 -0.424647 0.477534 -0.624915 -0.343622 0.701003
19.908494 -13.077261 1455.145728 -96.228123 -0.051125 0.969264 0.240651 0.845455 -0.086259 0.527035 -0.531594 -0.230404 0.815059
34.422224 -13.281741 -2068.539302 499.162571 -0.049237 -0.867009 -0.495854 0.908346 -0.245305 0.338723 -0.415311 -0.433729 0.799622
13.663033 -19.223455 465.051441 -323.169358 0.260389 0.648280 0.715493 0.695484 -0.639958 0.326734 -0.669701 -0.412536 0.617507
4.354180 -14.156286 702.160767 177.237300 0.276844 0.678456 0.680481 -0.545145 0.694060 -0.470210 -0.791312 -0.240786 0.562003
26.167651 -15.268700 1217.553229 393.921867 0.024475 -0.763136 -0.645775 0.894011 -0.272369 0.355752 -0.447376 -0.586037 0.675585
1.295816 -64.220045 -275.950990 -2299.024423 -0.437448 0.439414 -0.784573 0.897589 0.266263 -0.351336 0.054521 -0.857916 -0.510889
-0.764525 -44.386462 -167.952037 -1091.050648 -0.433074 0.457586 -0.776571 0.863649 -0.035936 -0.502811 -0.257986 -0.888439 -0.379631
-0.905051 -50.220321 -198.463252 -1407.548593 -0.387894 0.474419 -0.790231 0.881799 -0.058531 -0.467980 -0.268271 -0.878351 -0.395639
0.596581 -79.943279 -37.164061 -3776.338721 -0.354292 0.539102 -0.764098 0.929980 0.117451 -0.348342 -0.098048 -0.834011 -0.542966
-357.662289 -1370.342541 28226.866157 53112.840854 -0.198793 -0.704733 -0.681053 0.910311 -0.390217 0.138072 -0.363062 -0.592522 0.719099
-65.985720 -681.857267 -3650.164918 -76968.265824 0.101895 -0.180230 0.978333 0.078855 0.981820 0.172659 -0.991665 0.059553 0.114255
-396.805699 -892.916999 8257.183237 68389.974294 -0.437681 0.316126 -0.841724 0.699259 -0.468817 -0.539674 -0.565219 -0.824788 -0.015861
-52.058340 -369.537803 3520.238078 -13329.740989 0.276154 -0.164154 -0.946991 0.928382 0.300509 0.218636 0.248690 -0.939546 0.235385
6.111231 -8.488488 386.995358 -36.628874 0.641245 -0.492844 0.588141 0.424903 -0.410172 -0.806980 -0.638954 -0.767374 0.053610
8.059707 -8.689278 -73.371049 53.225898 -0.577623 0.576885 -0.577543 -0.398722 0.417980 0.816280 -0.712301 -0.701781 0.011418
6.570521 -7.980864 355.796977 -51.545819 0.643132 -0.520443 0.561712 0.324102 -0.479597 -0.815441 -0.693786 -0.706489 0.139767
6.766884 -7.156568 -285.699374 58.026782 -0.632652 0.557653 -0.537377 -0.240978 0.517692 0.820929 -0.735990 -0.648858 0.193137
-4.042934 -7.991095 38.068560 54.738135 -0.656770 0.514631 -0.551187 0.618141 0.786062 -0.002621 0.431919 -0.342433 -0.834377
-3.583725 -8.430691 -34.135474 -8.428012 0.667647 -0.492104 0.558643 0.652119 0.748566 -0.119957 0.359149 -0.444391 -0.820688
-3.626792 -7.865063 58.389362 55.591627 -0.730800 0.462113 -0.502378 0.562941 0.824265 -0.060699 0.386043 -0.327168 -0.862515
-4.246624 -8.303928 -7.051071 33.839631 -0.560008 0.566447 -0.604590 0.687368 0.725058 0.042632 0.462512 -0.391701 -0.795395
-4.093497 -6.992019 53.307869 105.995691 -0.696667 0.509762 -0.504775 0.553430 0.829604 0.073983 0.456476 -0.227816 -0.860075
-4.411320 -7.234771 34.390572 99.591550 -0.581839 0.604885 -0.543670 0.638774 0.753644 0.154882 0.503420 -0.257166 -0.824884
19.047817 -10.753546 -1985.363898 119.984296 0.656453 -0.643200 0.394162 0.670003 0.257016 -0.696447 0.346649 0.721275 0.599665
11.571976 -10.281026 -1054.348007 -127.392743 0.676852 -0.606006 0.417885 -0.657021 -0.241340 0.714197 0.331956 0.757965 0.561510
16.925443 -9.279715 -1777.526032 -191.511855 0.679551 -0.624582 0.384848 -0.607230 -0.184490 0.772810 0.411682 0.758855 0.504635
12.741002 -11.316501 -1084.708919 36.734167 0.651515 -0.625940 0.428634 0.717075 0.323664 -0.617289 0.247653 0.709536 0.659718
21.113712 -11.701174 -1879.504993 10.340853 0.615231 -0.680081 0.398724 0.739811 0.323341 -0.590026 0.272342 0.657983 0.702061
1.868806 -14.335126 -56.137887 210.047668 -0.654096 0.371334 -0.658991 0.666241 0.695348 -0.269470 0.358165 -0.615306 -0.702222
1.216734 -28.047363 73.833958 -2217.057570 0.698806 -0.312146 0.643611 0.631559 0.691709 -0.350247 0.335863 -0.651232 -0.680509
3.288696 -23.871960 105.165463 -1487.859782 0.717029 -0.346259 0.604958 0.621912 0.709746 -0.330887 0.314794 -0.613486 -0.724251
3.671928 -160.881843 -189.633346 -14300.307655 -0.621061 0.449622 -0.641968 0.721874 0.647166 -0.245102 0.305257 -0.615643 -0.726500
7.684252 -155.825451 243.449042 -12644.003036 0.726834 -0.406342 0.553714 0.644302 0.682635 -0.344796 0.237879 -0.607368 -0.757969
3.538863 -16.768676 87.774464 232.222317 0.721777 -0.384214 0.575688 0.610498 0.745292 -0.268013 0.326081 -0.544903 -0.772497
2.927150 -11.426129 36.408872 766.511355 0.677883 -0.387339 0.624855 0.636669 0.734289 -0.235524 0.367596 -0.557484 -0.744369
5.283271 -48.785514 63.157908 1594.341003 0.604424 -0.370101 0.705476 0.676421 0.706229 -0.209035 -0.420863 0.603544 0.677206
4.481678 -36.485662 19.113966 1595.344148 0.594655 -0.389536 0.703312 0.775102 0.510119 -0.372821 -0.213545 0.766838 0.605275
4.810335 -41.305268 69.196701 2023.328362 0.637752 -0.397192 0.659932 0.685734 0.682974 -0.251627 -0.350772 0.613013 0.707936
5.448925 -48.038134 92.303087 560.675078 0.653370 -0.380556 0.654435 0.479706 0.876882 0.030984 -0.585653 0.293693 0.755483
5.385704 -51.673027 51.712196 706.535233 0.610581 -0.357252 0.706797 0.500037 0.865985 0.005746 -0.614128 0.349917 0.707393
4.726875 -42.019399 -215.770522 -1203.157736 -0.345593 -0.259700 0.901733 0.296764 0.881375 0.367573 -0.890223 0.394632 -0.227527
2.484476 -43.232342 -62.972576 -1734.059088 -0.329881 -0.238472 0.913405 0.218569 0.921982 0.319649 -0.918371 0.305089 -0.252022
2.804587 -41.436091 -57.517901 -526.900701 -0.338272 -0.231846 0.912042 0.577240 0.714307 0.395676 -0.743213 0.660313 -0.107799
5.353068 -43.130521 -190.074234 396.902199 -0.321860 -0.227738 0.918989 0.669263 0.631842 0.390977 -0.669697 0.740885 -0.050948
7.670605 -43.674400 -354.360937 -681.042493 -0.302156 -0.287286 0.908938 0.360299 0.848357 0.387911 -0.882545 0.444699 -0.152827
-9.257389 -14.738483 -84.054339 190.081792 0.250431 -0.631031 0.734223 0.417904 0.754556 0.505967 -0.873293 0.180125 0.452674
-1.955624 -8.666065 591.306750 -157.450225 0.189263 -0.837441 0.512711 0.874145 -0.094143 -0.476453 0.447269 0.538359 0.714227
0.743862 -3.786825 376.648317 -280.379950 -0.059515 -0.789043 0.611449 0.929163 -0.267666 -0.254971 0.364847 0.552962 0.749080
2.718178 -8.706460 469.849243 -156.527864 0.170783 -0.814172 0.554939 0.866075 -0.144522 -0.478568 0.469838 0.562350 0.680452
-3.580520 -7.492997 406.556487 -167.546284 0.118290 -0.796688 0.592702 0.930392 -0.119634 -0.346493 0.346954 0.592432 0.727081
-5.263355 -9.491135 301.819212 -51.608055 0.354762 -0.788444 0.502494 0.837643 0.029283 -0.545432 0.415328 0.614410 0.670823
17.257163 -11.457086 1339.413225 180.490102 -0.678130 -0.388777 0.623692 0.706391 -0.579025 0.407114 0.202857 0.716647 0.667283
1.120537 -18.834053 -83.442106 6.406359 -0.155194 -0.632890 0.758528 0.987740 -0.086303 0.130082 -0.016864 0.769416 0.638525
-0.758835 -16.662750 -56.213010 19.642953 -0.098377 -0.608863 0.787152 0.994990 -0.046033 0.088747 -0.017800 0.791939 0.610341
1.351672 -15.441692 -60.866999 424.681171 -0.006035 -0.642729 0.766070 0.964477 -0.206066 -0.165290 0.264098 0.737859 0.621141
5.132127 -20.255842 -321.149291 260.556941 -0.171431 -0.620413 0.765310 0.973016 -0.228394 0.032806 0.154439 0.750283 0.642825
35.976764 -12.502804 3198.248989 581.647170 -0.597340 0.493820 -0.631923 0.612869 -0.227145 -0.756833 -0.517277 -0.839373 -0.166964
21.849094 -143.186444 610.146785 -14283.808690 0.861459 -0.466128 -0.201526 -0.047475 0.321180 -0.945828 -0.505603 -0.824359 -0.254554
11.462099 -61.635158 666.806482 -5188.992766 0.825733 -0.487482 -0.283772 -0.095362 0.375197 -0.922027 -0.555942 -0.788409 -0.263325
39.477396 -14.058939 -1915.417848 10.310766 0.869535 0.154445 0.469102 0.464945 -0.576300 -0.672090 -0.166542 -0.802512 0.572921
39.426797 -14.366892 1927.857615 -39.177255 0.857161 0.393051 0.332845 0.513570 -0.603320 -0.610123 0.038997 -0.693913 0.719002
0.082504 -10.378273 19.855578 -11.350876 0.665627 -0.561102 0.492041 -0.444340 0.231742 0.865366 0.599585 0.794645 0.095066
0.076293 -11.115986 21.830664 -122.784205 0.683427 -0.571888 0.453732 -0.492131 0.098147 0.864971 0.539198 0.814439 0.214367
0.490934 -10.894747 33.096277 -1.271434 0.669436 -0.558004 0.490395 -0.455937 0.212557 0.864258 0.586496 0.802154 0.112121
-0.207217 -10.722165 17.106160 -104.405628 0.676064 -0.569266 0.467839 -0.495458 0.118755 0.860476 0.545398 0.813531 0.201762
0.307042 -11.202928 23.037188 96.877734 0.654087 -0.532153 0.537572 -0.411326 0.346196 0.843184 0.634808 0.772633 -0.007554
-0.034662 -10.643422 11.259377 73.893793 0.655626 -0.539011 0.528792 -0.388551 0.359644 0.848342 0.647443 0.761658 -0.026359
-0.145933 -10.064379 14.313676 -15.249246 0.662664 -0.561393 0.495696 -0.435453 0.249676 0.864895 0.609309 0.788987 0.079009
1.299494 -27.555744 -69.151314 -127.078973 0.822347 -0.287004 0.491298 -0.435185 -0.873516 0.218138 -0.366550 0.393191 0.843233
3.260054 -28.393335 -126.894620 -189.032063 0.850348 -0.251549 0.462204 -0.408404 -0.869365 0.278227 -0.331836 0.425356 0.841996
-0.340053 -25.883750 -30.518154 -345.988166 0.808434 -0.309343 0.500740 -0.549108 -0.702715 0.452406 -0.211929 0.640702 0.737962
3.716906 -26.799659 -130.510660 -264.349540 0.841678 -0.282374 0.460264 0.299727 0.953317 0.036756 -0.449156 0.107017 0.887021
0.319298 -27.295265 -45.342909 125.491440 0.795201 -0.317676 0.516467 0.464119 0.867019 -0.181302 -0.390191 0.383874 0.836894
1.787565 -26.088164 -61.090013 -362.174820 0.817709 -0.305855 0.487652 0.300815 0.949331 0.091004 -0.490778 0.072278 0.868282
-0.594801 -5.529271 -149.560874 -90.505002 0.413063 0.347050 0.841983 -0.041625 0.930771 -0.363226 -0.909750 0.114988 0.398913
0.976828 -3.957797 -248.548479 -28.471295 0.354292 0.618357 0.701507 -0.220113 0.784234 -0.580110 -0.908861 0.051117 0.413956
1.048432 -4.151080 -351.490418 26.142486 0.306402 0.720399 0.622208 0.307769 -0.693512 0.651398 -0.900775 0.008094 0.434210
0.483687 -6.058576 -84.972695 178.204856 0.557045 -0.489489 0.670896 0.775389 0.595877 -0.209052 -0.297443 0.636656 0.711475
-0.483852 -4.168523 -132.040063 154.629609 0.550210 -0.484418 0.680153 0.794088 0.555452 -0.246773 -0.258251 0.675878 0.690286
1.102473 -32.234873 56.609468 597.862517 0.740511 -0.345702 0.576310 0.338313 0.932722 0.124793 -0.580679 0.102563 0.807647
-0.926088 -38.745744 57.776848 85.495926 0.740598 -0.408077 0.533842 0.103675 0.854351 0.509250 -0.663902 -0.321803 0.675038
0.564705 -37.157183 76.231275 291.361530 0.749740 -0.356270 0.557639 0.215355 0.928187 0.303466 -0.625709 -0.107430 0.772623
1.951641 -8.077806 -42.017500 67.498501 -0.484889 0.468110 -0.738753 0.152828 0.877054 0.455434 0.861119 0.107933 -0.496814
-0.236888 -33.181763 1.271985 -416.916452 0.519580 -0.288879 0.804106 0.818458 0.438444 -0.371340 -0.245283 0.851068 0.464242
-0.884617 -36.483264 -59.462570 -294.285688 0.512402 -0.244879 0.823091 0.829169 0.390467 -0.400018 -0.223434 0.887451 0.403123
-0.616539 -33.665451 49.490490 -8.453050 0.515959 -0.295321 0.804097 0.852081 0.273373 -0.446347 -0.088003 0.915452 0.392687
-0.571980 -32.527419 -29.338349 -523.800940 0.508029 -0.268316 0.818482 0.765642 0.575988 -0.286410 -0.394588 0.772169 0.498052
-0.289539 -30.619017 42.338733 -433.430474 0.522758 -0.302835 0.796878 0.738241 0.628262 -0.245535 -0.426292 0.716643 0.551994
-0.420941 -33.190295 60.833317 -302.362088 0.514870 -0.302166 0.802250 0.804303 0.494108 -0.330082 -0.296659 0.815201 0.497434
3.050675 -23.467692 96.225771 -674.345214 0.633391 -0.297744 0.714258 -0.612684 0.370858 0.697913 0.472687 0.879666 -0.052475
2.067738 -23.053210 87.065320 -509.566285 0.627307 -0.333683 0.703663 -0.609069 0.352852 0.710303 0.485305 0.874157 -0.018111
1.686694 -25.535142 75.109288 291.210707 0.655623 -0.328254 0.680006 0.668695 -0.165889 -0.724795 0.350722 0.929909 0.110741
-4.768385 -6.818005 41.712136 -43.087496 -0.833900 -0.316230 -0.452338 -0.388916 0.918210 0.075058 0.391606 0.238513 -0.888682
-4.329020 -7.469583 -23.926651 -17.854928 0.702373 0.511932 0.494569 -0.621434 0.779837 0.075328 0.347121 0.360250 -0.865868
-4.360981 -11.307627 610.621811 1198.477769 -0.294732 0.230799 -0.927289 0.946419 -0.063545 -0.316628 -0.132002 -0.970924 -0.199704
5.759827 -9.839165 17.121372 1108.250845 0.902242 -0.100707 0.419305 0.431167 0.194045 -0.881159 -0.007375 -0.975810 -0.218497
0.913621 -7.475662 -573.989200 860.891695 0.885556 -0.248426 0.392524 0.434376 0.143350 -0.889252 -0.164645 -0.957985 -0.234855
41.330208 -1582.074239 2138.672642 -283429.158004 -0.440723 0.524820 -0.728236 0.581425 0.784993 0.213848 0.683892 -0.329167 -0.651107
10.660415 -192.306362 -232.331872 -9918.812730 -0.497390 0.387338 -0.776256 0.858963 0.345303 -0.378085 0.121597 -0.854831 -0.504459
8.772653 -284.998346 829.960005 7298.762020 -0.422499 0.521361 -0.741402 0.080318 0.836315 0.542334 0.902798 0.169587 -0.395217
-2.210269 -9.799019 23.810077 -180.607352 -0.099048 -0.632124 0.768511 0.817576 0.388551 0.424968 -0.567238 0.670408 0.478324
-2.294050 -8.667426 2.832147 -171.332393 -0.120460 -0.603715 0.788047 0.800561 0.410333 0.436726 -0.587020 0.683487 0.433882
4.570051 -8.877439 -22.135685 -19.335418 -0.709216 0.514606 -0.481864 0.096878 0.748159 0.656409 0.698303 0.418854 -0.580461
2.657588 -8.576333 166.796375 -22.328387 -0.780999 0.487200 -0.390739 0.123606 0.733858 0.667963 0.612179 0.473380 -0.633363
1.343391 -4.138261 -42.307494 -59.445286 0.641749 -0.345782 0.684538 -0.425361 0.582230 0.692875 0.638143 0.735828 -0.226564
1.129832 -3.890436 -48.198486 27.697018 0.620493 -0.310865 0.719966 -0.440577 0.621308 0.647972 0.648753 0.719263 -0.248557
0.629781 -4.517326 -55.927039 20.851701 0.607572 -0.258366 0.751068 -0.491286 0.620772 0.610967 0.624095 0.740196 -0.250232
0.604006 -4.978887 -61.194892 -82.808460 0.651651 -0.310236 0.692174 -0.452014 0.573979 0.682812 0.609126 0.757827 -0.233803
2.744949 -7.550024 231.589753 -59.832181 -0.784225 0.513575 -0.348183 0.312792 0.811861 0.492994 0.535866 0.277709 -0.797324
0.323503 -8.099661 126.179187 -38.950801 -0.771202 0.547686 -0.324481 0.294758 0.759001 0.580548 0.564239 0.352076 -0.746777
0.408596 -7.696406 147.768889 -55.024782 -0.772888 0.549536 -0.317261 0.347695 0.785010 0.512707 0.530803 0.285955 -0.797795
-7.511304 -43.996495 -127.479416 2815.433549 0.520178 0.703996 0.483534 0.583641 0.120319 -0.803049 -0.623521 0.699938 -0.348293
-7.803514 -86.497675 -3806.924268 -5300.285477 0.353650 0.712134 -0.606463 0.439410 0.445885 0.779811 -0.825743 0.542266 0.155232
-17.818578 -70.779168 -540.530861 -4560.060617 0.698589 0.546189 -0.462224 0.125657 0.542305 0.830732 -0.704403 0.638422 -0.310216
-4.647896 -23.802567 -44.599787 -1446.163956 -0.641053 -0.212090 0.737610 0.362693 0.763263 0.534680 -0.676391 0.610285 -0.412369
-8.446855 -32.983921 -242.086516 -1613.801997 -0.545300 -0.062744 0.835889 0.606037 0.659414 0.444851 -0.579109 0.749157 -0.321553
0.089172 -32.879028 -3.526375 -1074.250288 -0.185360 0.284834 0.940484 0.945832 -0.207882 0.249373 0.266540 0.935764 -0.230872
3.688449 -16.374757 -40.348630 317.598414 0.151912 0.125759 0.980361 0.969193 -0.213509 -0.122793 0.193874 0.968813 -0.154319
-0.129513 -51.618680 -113.592135 -2259.087911 -0.165700 0.298399 0.939948 0.975610 -0.089545 0.200414 0.143971 0.950231 -0.276284
3.207872 -13.070007 -5.746350 336.629549 0.161426 0.059041 0.985117 0.932981 -0.334518 -0.132834 0.321697 0.940538 -0.109084
-1.797198 -74.853481 -155.644189 -3963.148447 -0.290117 0.401164 0.868850 0.906721 -0.175157 0.383636 0.306086 0.899104 -0.312928
-0.608086 -58.256673 -6.001827 -3207.544474 -0.330546 0.357905 0.873295 0.881429 -0.213702 0.421207 0.337376 0.908975 -0.244829
-0.555215 -24.399519 77.898591 -927.863318 -0.215855 0.271955 0.937788 0.907417 -0.298778 0.295509 0.360556 0.914753 -0.182283
4.886430 1.786461 -178.042545 185.133950 -0.624628 -0.442159 -0.643689 -0.317743 0.896852 -0.307726 0.713358 0.012313 -0.700692
6.197187 2.025837 -395.479722 114.240289 -0.488270 -0.645717 -0.587062 -0.443029 0.762977 -0.470734 0.751876 0.030240 -0.658611
5.332982 2.664769 -47.391011 33.690583 0.535940 0.781257 0.320008 -0.553560 0.611374 -0.565503 0.637448 -0.125932 -0.760133
-1.913834 -4.389634 -406.485045 214.282511 0.190695 0.498981 -0.845372 0.979763 -0.043388 0.195400 0.060822 -0.865526 -0.497157
-0.266396 -4.525283 -385.819540 149.431709 0.093001 0.494908 -0.863954 0.994904 -0.012246 0.100083 0.038951 -0.868859 -0.493525
-0.607972 -5.592233 -321.551374 82.400865 -0.048966 0.492414 -0.868983 0.998780 0.029641 -0.039484 0.006315 -0.869856 -0.493265
-1.301435 -7.439103 166.313972 48.307203 -0.566071 0.607655 -0.557064 -0.277717 0.495682 0.822905 -0.776168 -0.620528 0.111835
0.138722 -6.660756 94.387717 77.042710 -0.577705 0.613579 -0.538310 -0.195412 0.536353 0.821060 -0.792509 -0.579523 0.189953
0.153205 -5.287297 88.866213 111.186076 -0.578924 0.615684 -0.534584 -0.116923 0.586165 0.801711 -0.806955 -0.526635 0.267357
-5.191648 -34.935729 -92.730356 608.427765 -0.461039 0.440707 -0.770208 -0.475452 0.610179 0.633740 0.749259 0.658376 -0.071782
-5.397211 -33.847283 76.268407 -1035.213501 0.475732 -0.369553 0.798192 0.598622 -0.528851 -0.601638 0.644462 0.764033 -0.030368
-5.374751 -28.930105 19.785196 -1239.234105 0.464631 -0.409610 0.785072 0.703200 -0.368148 -0.608258 0.538171 0.834678 0.116985
-4.365317 -36.732098 -38.375509 103.649954 -0.481377 0.376508 -0.791529 -0.371709 0.730129 0.573362 0.793794 0.570221 -0.211516
-4.878972 -30.153807 27.282642 -862.803891 0.445365 -0.478975 0.756460 0.627248 -0.435987 -0.645350 0.638913 0.761904 0.106263
-4.467711 -34.084781 -15.954877 222.841597 -0.450386 0.482626 -0.751149 -0.367522 0.666510 0.648608 0.813683 0.568188 -0.122811
-4.060221 -37.384834 -41.697518 -425.164804 -0.475663 0.434540 -0.764800 -0.160029 0.812200 0.561001 0.864948 0.389237 -0.316795
0.709885 -6.331164 -11.561930 69.211530 -0.505662 0.253190 -0.824743 0.513201 0.856713 -0.051646 0.693492 -0.449374 -0.563144
0.630368 -6.085105 15.769045 51.617154 -0.539581 0.230081 -0.809886 0.500915 0.860892 -0.089160 0.676710 -0.453793 -0.579772
0.439347 -7.146543 -8.656655 97.964735 -0.503691 0.266684 -0.821690 0.577684 0.811190 -0.090840 0.642321 -0.520433 -0.562648
0.822160 -5.628398 42.876468 4.735434 -0.555251 0.219164 -0.802287 0.438158 0.897012 -0.058203 0.706905 -0.383845 -0.594095
0.452778 -6.959254 -36.345084 59.883468 -0.480680 0.286035 -0.828933 0.581293 0.811696 -0.056993 0.656540 -0.509249 -0.556436
0.857474 -5.866956 9.359272 43.208704 -0.523106 0.229732 -0.820721 0.429959 0.902595 -0.021394 0.735864 -0.364068 -0.570928
0.323889 -6.636794 -58.568287 85.102759 -0.467509 0.287806 -0.835825 0.513800 0.857873 0.008009 0.719336 -0.425702 -0.548938
-0.999621 -13.660959 -4.977419 66.700927 -0.529505 0.512325 -0.676127 0.480143 0.838076 0.259018 0.699347 -0.187487 -0.689755
-1.018511 -13.210405 4.660608 34.066504 -0.537425 0.529080 -0.656696 0.484880 0.830984 0.272684 0.689976 -0.171872 -0.703132
-0.857841 -13.120706 -0.320380 25.604624 -0.520005 0.555305 -0.649024 0.371475 0.831239 0.413578 0.769156 -0.026034 -0.638531
-1.268136 -17.126439 54.802538 -148.362779 -0.826564 0.434424 -0.357866 0.283532 0.870631 0.402010 0.486212 0.230820 -0.842805
-0.289846 -17.463244 32.061158 -45.506370 -0.815663 0.451270 -0.362007 0.275624 0.853281 0.442655 0.508650 0.261280 -0.820370
0.022150 -16.703862 49.780464 49.561762 -0.824701 0.444729 -0.349405 0.177024 0.789733 0.587354 0.537150 0.422539 -0.730021
1.900762 -18.058704 -32.325865 79.368088 0.747392 -0.553677 0.367216 0.663954 0.642323 -0.382865 0.023888 -0.529965 -0.847683
