12062
24110
-9.278768 -11.539491 136.899403 -183.712221 0.327132 0.930593 0.164258 0.937303 -0.341645 0.068860 0.120199 0.131434 -0.984011
-7.032527 -11.882487 -31.881991 -307.470311 0.501603 0.864060 0.042357 0.864809 -0.499569 -0.050370 -0.022363 0.061896 -0.997832
-6.862853 -8.838050 28.115637 -145.249436 -0.095068 0.988773 0.115281 0.993807 0.100964 -0.046418 -0.057536 0.110154 -0.992248
-5.204841 -9.291303 -57.962083 269.251172 0.305256 0.951531 -0.037517 -0.931056 0.306494 0.197978 -0.199881 0.025503 -0.979488
-7.353603 -11.033134 51.999875 95.003841 -0.087249 0.983817 0.156501 -0.979870 -0.056437 -0.191492 0.179560 0.170058 -0.968937
-6.156584 -9.562255 -41.266694 -107.499112 -0.364932 0.913948 0.177551 0.930082 0.349246 0.113907 0.042096 0.206705 -0.977497
-4.338893 -6.563344 -42.327673 106.370809 -0.259041 0.963494 0.067656 -0.943652 -0.267399 0.194985 -0.205958 0.013334 -0.978470
-4.874857 -7.295477 -2.754772 70.683327 -0.651993 0.734756 0.187188 -0.743478 -0.667977 0.032358 -0.148813 0.118073 -0.981791
-5.665219 -8.208514 4.901631 -73.149501 -0.588046 0.778745 0.218536 0.804405 0.591294 0.057475 -0.084461 0.209589 -0.974135
-6.285978 -9.681593 -17.709626 20.217755 0.291107 0.922151 -0.254745 0.429954 0.111766 0.895906 -0.854632 0.370333 0.363946
-6.165218 -9.654302 -22.260697 3.063681 0.268828 0.923690 -0.272998 0.292869 0.191624 0.936754 -0.917583 0.331778 0.219007
-5.833618 -9.681521 -30.845989 15.923775 0.165799 0.962558 -0.214460 0.432296 0.124521 0.893093 -0.886358 0.240784 0.395464
-5.908593 -9.413791 -19.212851 24.807583 0.195489 0.961929 -0.190987 0.565506 0.048540 0.823314 -0.801241 0.268953 0.534488
-6.303327 -9.378346 -17.143399 20.264087 0.306292 0.918137 -0.251416 0.557178 0.041232 0.829369 -0.771840 0.394113 0.498937
0.020920 -2.154150 130.936868 2.866271 0.992783 0.080604 -0.088797 0.100094 -0.964761 0.243345 0.066053 0.250477 0.965867
0.298297 -2.204880 146.090509 -10.995768 0.992837 -0.109590 -0.047597 -0.097737 -0.974071 0.204044 0.068724 0.197930 0.977804
2.479524 -1.840620 141.551368 -2.744191 0.998113 -0.051735 -0.033088 -0.042926 -0.973051 0.226558 0.043917 0.224710 0.973435
-2.093520 -2.429424 152.238416 2.004799 0.994882 0.062869 -0.079102 0.077806 -0.976128 0.202782 0.064465 0.207899 0.976024
2.686501 -1.812321 141.546515 -2.970824 0.999293 -0.018946 -0.032483 -0.010110 -0.967354 0.253228 0.036220 0.252721 0.966861
-2.019506 -2.817484 -59.777929 89.257101 -0.655624 -0.720676 0.225352 0.753074 -0.645859 0.125485 0.055112 0.251978 0.966162
-1.439029 -2.749825 87.231435 57.420823 0.810506 0.546505 -0.210744 0.582731 -0.788719 0.195822 0.059200 0.281522 0.957727
-0.173501 -2.442350 103.148198 25.705244 0.949968 0.278917 -0.140591 0.307664 -0.913226 0.267135 0.053883 0.297025 0.953348
2.142763 -1.983375 130.804806 2.665978 0.998774 0.027490 -0.041166 0.037864 -0.959945 0.277620 0.031885 0.278838 0.959809
-1.631099 -8.131961 101.248283 -51.937547 -0.036401 0.995012 0.092878 0.999051 0.034008 0.027215 0.023921 0.093781 -0.995305
-0.216160 -7.723415 106.230552 -10.979638 0.013839 0.992170 0.124127 0.995155 -0.025752 0.094890 0.097343 0.122213 -0.987719
-1.809618 -8.638307 111.370639 -17.510746 0.069203 0.992555 0.100225 -0.990710 0.080167 -0.109850 0.117067 0.091692 -0.988882
-4.180924 -9.611828 143.908060 -69.362754 0.058296 0.996101 0.066219 0.997691 -0.060447 0.030952 0.034834 0.064261 -0.997325
-4.155430 -8.374883 152.208994 171.434817 -0.116163 0.991181 0.063771 -0.991136 -0.119846 0.057335 -0.064472 0.056546 -0.996316
-0.218838 -9.189522 -10.874046 26.950161 0.339683 0.940540 -0.000506 0.457915 -0.165849 -0.873389 0.821541 -0.296444 0.487023
-0.117133 -9.513965 -4.480787 22.352744 0.327272 0.944905 0.006902 0.606531 -0.204463 -0.768319 0.724578 -0.255636 0.640030
0.090891 -9.404636 -11.676403 27.433154 0.345215 0.938523 0.001162 0.484624 -0.177198 -0.856587 0.803720 -0.296270 0.516002
-0.281476 -9.296566 -3.708899 16.589045 0.302541 0.952785 0.025863 0.591786 -0.166502 -0.788712 0.747167 -0.253924 0.614219
0.131110 -9.124173 -15.681410 26.186212 0.353961 0.935174 -0.012694 0.338694 -0.140823 -0.930298 0.871778 -0.324990 0.366584
-0.298333 -8.919686 -15.384252 26.124213 0.350668 0.936382 -0.014877 0.306003 -0.129580 -0.943171 0.885096 -0.326188 0.331975
-0.566521 -8.997233 -11.492247 22.914930 0.320662 0.947096 0.013629 0.433916 -0.134092 -0.890919 0.841958 -0.291598 0.453958
2.990828 -9.755337 57.226970 -49.359115 0.406000 0.854742 -0.323389 0.764702 -0.511508 -0.391907 0.500395 0.088182 0.861295
2.417823 -10.296217 64.767520 136.797760 0.351530 0.875046 -0.332748 0.828540 -0.456267 -0.324565 0.435831 0.161600 0.885402
1.600628 -11.089757 51.149084 72.669710 0.297536 0.892088 -0.340076 0.781615 -0.432159 -0.449797 0.548225 0.131977 0.825852
2.399398 -11.451076 64.021341 -59.021471 0.323741 0.879997 -0.347559 0.696995 -0.470233 -0.541368 0.639836 0.066984 0.765587
1.002053 -11.914569 51.298216 -41.242792 0.229088 0.912280 -0.339506 0.715276 -0.394333 -0.576959 0.660227 0.110666 0.742869
0.126927 -12.657240 26.834604 147.863026 0.236852 0.921805 -0.306882 0.871585 -0.341156 -0.352068 0.429232 0.184086 0.884235
0.242809 -12.119767 38.390454 33.356286 0.208230 0.923319 -0.322680 0.814611 -0.346315 -0.465269 0.541340 0.165976 0.824259
0.130136 -13.708984 -18.181200 230.690425 0.327631 0.941579 -0.078012 -0.596829 0.142247 -0.789658 0.732429 -0.305277 -0.608567
-0.255268 -13.381192 -16.842968 264.361137 0.321411 0.942600 -0.090557 -0.623848 0.138832 -0.769116 0.712397 -0.303696 -0.632661
0.055506 -16.425055 -14.473536 345.671466 0.340225 0.937693 -0.070566 -0.441078 0.092861 -0.892652 0.830480 -0.334828 -0.445189
0.865165 -6.722876 -14.174791 1.553941 -0.008075 0.994153 0.107680 0.968406 -0.019066 0.248648 -0.249247 -0.106286 0.962590
1.084048 -6.687821 -16.422546 -13.324726 0.043325 0.991988 0.118667 0.934414 -0.082268 0.346558 -0.353544 -0.095870 0.930492
1.138789 -6.237961 -21.997451 2.347585 0.016451 0.994551 0.102949 0.966688 -0.042124 0.252468 -0.255429 -0.095366 0.962113
1.026224 -5.269794 -16.326148 62.036039 -0.059217 0.994338 0.088239 0.987459 0.045389 0.151207 -0.146346 -0.096087 0.984556
1.206080 -4.676304 -18.168871 52.140741 -0.040655 0.996519 0.072783 0.985334 0.027903 0.168340 -0.165724 -0.078560 0.983038
1.261830 -5.571999 -13.888925 2.057611 0.040389 0.995359 0.087341 0.964955 -0.061539 0.255098 -0.259289 -0.073977 0.962962
3.962206 -4.385664 55.662765 10.004738 -0.004541 0.979480 -0.201491 -0.385471 0.184206 0.904146 -0.922709 -0.081775 -0.376724
5.106016 -3.605227 170.871973 16.189210 0.084326 0.963403 -0.254448 -0.335908 0.267895 0.902994 -0.938112 -0.009325 -0.346205
9.159172 -3.417200 340.199846 106.612071 -0.171880 0.982015 0.078128 -0.277031 -0.124291 0.952788 -0.945363 -0.142121 -0.293411
5.661992 -4.428426 91.520923 138.100637 -0.229693 0.969173 0.089138 -0.334673 -0.164654 0.927838 -0.913912 -0.183286 -0.362176
1.605460 -1.723210 -9.059795 -13.874888 0.418015 0.905384 -0.074454 -0.875591 0.423385 0.232561 -0.242080 0.032023 -0.969728
1.607520 -1.314879 -6.410658 -19.569001 0.382335 0.921382 -0.069815 -0.899570 0.388420 0.199758 -0.211171 0.013571 -0.977355
1.618421 -1.568016 -5.975712 -23.582902 0.402268 0.914728 -0.038110 -0.890129 0.400508 0.217402 -0.214127 0.053531 -0.975338
1.552443 -1.717927 -1.901230 -11.687261 0.390889 0.915058 -0.099373 -0.890412 0.403279 0.211028 -0.233178 -0.005994 -0.972416
1.425772 -2.287762 -3.350439 -28.122027 0.350143 0.936581 -0.014711 -0.903156 0.341729 0.259866 -0.248412 0.077704 -0.965533
1.300872 -2.321482 -7.602338 -21.435462 0.415396 0.907168 -0.067026 -0.866929 0.417129 0.272833 -0.275464 0.055227 -0.959724
1.503280 -1.993442 -3.702929 -12.948747 0.457483 0.881857 -0.114177 -0.848262 0.471319 0.241473 -0.266759 0.013618 -0.963667
-1.739809 -24.443867 148.195852 -244.184972 0.150744 0.988300 0.023217 0.699985 -0.090125 -0.708448 0.698067 -0.123046 0.705381
0.306861 -25.780407 123.342699 -262.104158 0.155898 0.987750 0.006837 0.380959 -0.053739 -0.923029 0.911354 -0.146503 0.384670
0.849589 -24.423402 62.269798 -139.454511 0.199531 0.979222 0.036223 0.674633 -0.110468 -0.729840 0.710674 -0.170063 0.682657
-2.318912 -24.601156 126.025550 -216.167684 0.147317 0.985893 0.079450 0.425873 0.009274 -0.904735 0.892709 -0.167119 0.418499
-0.098522 -24.769343 116.376561 36.268282 0.173523 0.984697 0.016180 0.819963 -0.135355 -0.556184 0.545482 -0.109777 0.830902
-4.610721 -22.318572 138.383614 -248.801977 0.175037 0.977401 0.118528 0.715677 -0.043634 -0.697068 0.676143 -0.206840 0.707141
-3.409272 -24.359631 176.517815 64.248924 0.152559 0.987000 0.050562 0.822726 -0.098488 -0.559842 0.547584 -0.127008 0.827055
-1.483277 -25.633195 132.944037 69.043356 0.159701 0.986907 0.022592 0.849127 -0.125662 -0.513022 0.503466 -0.101113 0.858078
-1.406818 -3.337044 -50.736554 174.548243 0.591158 0.806548 0.003450 -0.789579 0.579582 -0.201618 0.164614 -0.116464 -0.979458
-1.471045 -1.610961 -25.971324 -24.859689 -0.969390 -0.149268 -0.194939 -0.128254 0.984890 -0.116369 0.209364 -0.087806 -0.973888
0.213381 -1.598284 58.576427 102.345204 -0.942301 -0.309409 -0.127807 -0.303351 0.950665 -0.064909 0.141585 -0.022394 -0.989673
0.329666 -1.626504 285.309591 100.175484 -0.959756 -0.265141 -0.092570 -0.263018 0.964169 -0.034645 0.098439 -0.008903 -0.995103
-1.217110 -2.893261 139.227027 293.457917 -0.763016 -0.643793 -0.057772 -0.640172 0.765021 -0.070165 0.089368 -0.016553 -0.995861
-1.199645 -3.661230 -79.872993 234.582190 0.611281 0.790969 0.026536 -0.778342 0.606916 -0.160738 0.143244 -0.077602 -0.986640
0.858555 -1.365009 -128.081650 67.316986 -0.965275 0.045462 -0.257249 0.045783 0.998940 0.004745 0.257192 -0.007198 -0.966334
-94.804772 -359.687285 -8028.750171 40637.493323 0.116588 -0.720817 -0.683249 0.979149 -0.031807 0.200636 -0.166354 -0.692395 0.702079
-8.648497 -1485.337263 587.472613 -395433.261374 -0.086829 0.855836 0.509907 0.576352 -0.374331 0.726426 -0.812576 -0.356961 0.460760
-52.976676 -294.007244 2847.385186 13508.943569 -0.073314 0.898514 0.432779 0.493847 0.409716 -0.766973 0.866452 -0.157497 0.473767
2.340832 -2.343777 -41.649022 75.962836 -0.137706 0.989757 -0.037651 0.979974 0.141668 0.139934 -0.143835 0.017627 0.989445
1.725378 -2.273650 -9.802927 135.740419 -0.127350 0.991667 -0.019461 0.984916 0.128751 0.115600 -0.117142 0.004446 0.993105
1.534037 -3.648770 -0.942003 37.441492 -0.029455 0.999565 -0.001708 0.980863 0.029233 0.192492 -0.192458 -0.003995 0.981297
0.861208 -9.384776 -9.760673 10.106516 0.317519 0.948252 -0.000576 0.274089 -0.092360 -0.957259 0.907776 -0.303790 0.289232
1.118051 -9.381596 0.011896 27.731299 0.286726 0.957995 -0.005878 0.163648 -0.055024 -0.984983 0.943932 -0.281459 0.172551
0.954382 -9.041850 -9.739261 24.502897 0.322854 0.946382 -0.011261 0.127570 -0.055304 -0.990287 0.937812 -0.318282 0.138585
2.558035 -40.334940 -1.402926 1361.782206 0.119928 0.967303 -0.223476 0.443170 -0.253590 -0.859821 0.888379 -0.004079 0.459092
0.983099 -32.778901 46.793034 1154.049262 0.080955 0.954468 -0.287119 0.430218 -0.293310 -0.853746 0.899088 0.054409 0.434374
0.902304 -13.704625 -35.614885 251.252437 0.115822 0.976864 -0.179786 0.427922 -0.212419 -0.878499 0.896364 -0.024816 0.442625
2.365445 -30.815995 -6.955440 1153.095261 0.123098 0.978546 -0.165214 0.431083 -0.202679 -0.879255 0.893876 -0.037013 0.446784
0.519116 -9.650720 30.548538 -140.643932 0.060779 0.996812 -0.051682 0.486759 -0.074804 -0.870327 0.871419 -0.027741 0.489754
-0.678437 -14.875897 70.221950 -398.097186 0.021067 0.993793 0.109231 0.417211 0.090549 -0.904287 0.908565 -0.064623 0.412714
-6.324698 -10.575326 75.988449 114.628898 0.325494 0.863932 0.384286 0.089100 0.376585 -0.922087 0.941337 -0.334373 -0.045600
-4.497744 -9.956445 2.026085 104.498066 0.237782 0.818799 0.522520 0.242257 0.470956 -0.848240 0.940623 -0.328281 0.086375
-6.649942 -11.677026 77.851555 106.505791 0.265678 0.743182 0.614081 0.332565 0.527223 -0.781944 0.904884 -0.411967 0.107085
-5.738593 -9.053752 20.961190 -126.661939 0.150762 0.685108 0.712669 0.579384 0.522882 -0.625227 0.800990 -0.507169 0.318110
-8.440114 -10.518836 174.553650 -93.847498 0.199686 0.640610 0.741447 0.556296 0.548799 -0.623983 0.806635 -0.537064 0.246781
-11.861292 -15.250476 312.027192 71.897562 0.332291 0.838755 0.431362 0.141594 0.407805 -0.902023 0.932488 -0.360813 -0.016747
2.188511 -11.500193 -159.741106 154.752668 -0.377448 -0.593557 -0.710790 -0.415059 0.794586 -0.443125 0.827804 0.127763 -0.546276
3.804876 -12.897382 -236.651080 -54.502908 -0.333120 -0.643605 -0.689059 -0.168995 0.759720 -0.627906 0.927616 -0.092720 -0.361845
0.509631 -11.884258 81.615165 -14.932702 0.332338 0.709668 0.621227 -0.288531 0.703586 -0.649397 0.897943 -0.036576 -0.438590
0.015446 -11.103813 -55.556636 135.447977 -0.348807 -0.684131 -0.640545 -0.474650 0.718288 -0.508695 0.808110 0.126598 -0.575266
0.360100 -9.957645 -73.053888 198.858329 -0.355417 -0.651242 -0.670494 -0.581196 0.715774 -0.387141 0.732045 0.252092 -0.632898
1.168133 -9.740414 -104.591319 211.741487 -0.379304 -0.593415 -0.709920 -0.568455 0.754834 -0.327238 0.730060 0.279435 -0.623641
2.389703 -6.846850 123.721204 22.747821 -0.165619 0.986052 -0.016485 0.775492 0.119890 -0.619870 0.609248 0.115447 0.784531
0.643242 -7.234170 134.793127 31.861078 -0.220111 0.975436 -0.008681 0.772453 0.168858 -0.612212 0.595708 0.141461 0.790646
2.104244 -6.847275 136.672436 -7.720159 -0.162208 0.985990 -0.038884 0.733948 0.094217 -0.672639 0.659552 0.137646 0.738948
4.115033 -6.417743 60.665838 -1.940279 -0.052258 0.998601 0.008088 0.732345 0.043828 -0.679522 0.678926 0.029588 0.733611
3.543199 -6.577869 95.211828 30.393511 -0.094710 0.995505 0.000421 0.794715 0.075862 -0.602224 0.599549 0.056702 0.798327
-0.545025 -10.674568 -9.080367 47.799873 0.045297 0.990425 -0.130411 -0.989325 0.026375 -0.143319 0.138507 -0.135510 -0.981047
-0.727405 -10.358521 -2.976647 48.865581 0.017703 0.993861 -0.109214 -0.980501 -0.004125 -0.196473 0.195717 -0.110562 -0.974408
-0.811316 -11.525207 -11.956490 16.058026 0.073263 0.988906 -0.129220 -0.914077 0.014763 -0.405272 0.398868 -0.147808 -0.905018
-0.558029 -9.156208 -4.019277 -74.005292 -0.025312 0.993864 -0.107677 0.998900 0.020890 -0.041991 -0.039484 -0.108621 -0.993299
-0.658982 -11.746351 -8.324172 11.172903 0.097203 0.986193 -0.134071 -0.919085 0.037257 -0.392295 0.381884 -0.161354 -0.910016
-0.463094 -11.174509 -4.048710 -29.511963 0.076777 0.988224 -0.132354 0.987074 -0.056607 0.149933 0.140675 -0.142155 -0.979797
-0.250017 -10.074024 -2.731857 -62.649506 0.028041 0.991773 -0.124904 0.995892 -0.038481 -0.081971 -0.086103 -0.122092 -0.988777
-0.271324 -9.251221 -7.102918 -77.002069 -0.011756 0.992363 -0.122791 0.993643 -0.002156 -0.112560 -0.111966 -0.123334 -0.986029
2.018644 -12.790384 11.613036 87.659474 0.015269 0.974512 -0.223814 0.859260 -0.127254 -0.495458 0.511311 0.184749 0.839303
1.862453 -13.269087 12.941458 100.215324 0.016895 0.968397 -0.248841 0.933219 -0.104610 -0.343743 0.358911 0.226416 0.905494
1.543652 -13.591708 19.309023 -27.526624 0.033015 0.958336 -0.283730 0.857453 -0.173013 -0.484603 0.513502 0.227286 0.827440
-0.298544 -20.696488 15.266674 -85.945407 0.089901 0.976009 -0.198305 -0.791831 -0.050725 -0.608630 0.604087 -0.211741 -0.768274
-0.624311 -20.743661 4.040412 -88.686621 0.131860 0.972246 -0.193264 -0.784740 -0.016734 -0.619599 0.605636 -0.233362 -0.760754
0.031864 -19.703992 17.727900 241.025495 0.105524 0.975051 -0.195296 -0.954641 0.044341 -0.294438 0.278433 -0.217508 -0.935503
0.548137 -19.846414 31.673361 215.390853 0.069099 0.977220 -0.200664 -0.955597 0.007078 -0.294591 0.286460 -0.212110 -0.934318
0.147826 -20.822136 28.743717 -95.658917 0.046129 0.976359 -0.211177 -0.789431 -0.093907 -0.606614 0.612104 -0.194692 -0.766436
0.154120 -13.151921 -14.592388 63.928641 0.043046 0.986137 -0.160250 -0.979414 0.073316 0.188079 -0.197220 -0.148855 -0.968993
0.091578 -12.604468 -12.574760 41.848769 0.074248 0.984833 -0.156815 -0.983245 0.098547 0.153356 -0.166483 -0.142801 -0.975649
0.563057 -13.717310 -16.925242 27.252617 0.079367 0.983804 -0.160719 0.994842 -0.067955 0.075307 0.063166 -0.165867 -0.984123
0.586196 -14.618008 -7.908151 -36.015410 0.030824 0.990000 -0.137660 0.999319 -0.033318 -0.015852 -0.020280 -0.137078 -0.990353
0.934046 -14.596335 1.911197 -57.128703 0.081001 0.990458 -0.111496 -0.956958 0.046004 -0.286558 0.278694 -0.129908 -0.951553
0.849876 -13.450798 -13.935119 -60.928780 0.123328 0.982276 -0.141156 -0.942988 0.071690 -0.325013 0.309133 -0.173191 -0.935116
3.658251 -8.271423 -110.406705 221.866855 -0.527253 -0.459357 -0.714840 -0.531006 0.834897 -0.144846 0.663353 0.303214 -0.684123
2.337118 -5.308495 -103.973172 113.167975 -0.528793 -0.448488 -0.720581 -0.580485 0.810482 -0.078457 0.619205 0.376798 -0.688918
3.718295 -7.637633 -32.672551 180.559073 -0.598888 -0.442018 -0.667798 -0.512957 0.852094 -0.103979 0.614987 0.280279 -0.737045
-0.278769 -17.706960 -1.039014 60.486527 0.173364 -0.978916 -0.108021 0.977868 0.158051 0.137089 -0.117126 -0.129397 0.984651
-0.428742 -18.862131 -9.643380 154.875224 -0.181329 0.976588 0.115738 0.944541 0.140185 0.296968 -0.273790 -0.163169 0.947847
0.095933 -18.222391 27.295569 -49.115502 0.168788 -0.978042 -0.122250 0.979954 0.153200 0.127356 -0.105831 -0.141295 0.984294
-0.622563 -19.613019 -6.937202 262.518944 -0.176176 0.978131 0.110550 0.938995 0.133294 0.317050 -0.295381 -0.159663 0.941944
-0.226372 -16.905298 -10.842497 19.070684 0.158360 -0.982576 -0.097293 0.985688 0.163088 -0.042677 0.057801 -0.089142 0.994340
-0.400441 -17.732312 1.812435 114.443001 0.160086 -0.980452 -0.114398 0.978796 0.142665 0.146988 -0.127794 -0.135503 0.982501
-0.184248 -16.301889 -7.049584 55.309768 0.147410 -0.983506 -0.104816 0.987765 0.151839 -0.035577 0.050905 -0.098289 0.993855
-0.369945 -16.497318 -5.587312 -177.141304 0.254117 0.960713 -0.111601 -0.018858 -0.110446 -0.993703 0.966990 -0.254621 0.009949
-0.503346 -18.693026 -11.514793 -242.273799 0.246685 0.955587 -0.161245 -0.274076 -0.090800 -0.957412 0.929532 -0.280372 -0.239504
-0.558049 -15.406213 -10.202824 -148.010967 0.251919 0.960876 -0.115128 -0.018287 -0.114217 -0.993287 0.967575 -0.252334 0.011202
0.029081 -30.836730 -40.704796 159.547284 -0.091267 0.968224 0.232838 -0.700998 0.103604 -0.705598 0.707299 0.227616 -0.669267
0.262500 -31.597334 -16.204227 154.771840 -0.138965 0.959735 0.244125 -0.755706 0.056543 -0.652466 0.639998 0.275157 -0.717420
-0.065375 -28.472242 -11.006105 246.407779 -0.151809 0.959544 0.237127 -0.889034 -0.027717 -0.457001 0.431940 0.280191 -0.857275
-0.087588 -27.580045 -34.545104 228.805664 -0.101324 0.970317 0.219587 -0.793444 0.054334 -0.606214 0.600150 0.235653 -0.764387
-0.094397 -27.190341 -36.057181 -2.017066 -0.091825 0.966643 0.239100 -0.558461 0.148807 -0.816075 0.824433 0.208464 -0.526168
-0.074150 -29.351138 -14.053637 400.777035 -0.119600 0.965077 0.233073 -0.921294 -0.020389 -0.388331 0.370017 0.261174 -0.891558
-0.351460 -42.524685 37.925499 506.527158 0.228828 -0.853899 -0.467434 0.946128 0.308083 -0.099632 0.229084 -0.419454 0.878396
0.192228 -77.293931 -2.636182 2385.628913 -0.197005 0.850547 0.487606 0.894669 0.359362 -0.265378 0.400943 -0.383965 0.831754
-0.120715 -44.919361 -11.044730 819.500972 -0.165636 0.876917 0.451199 0.786440 0.393509 -0.476091 0.595043 -0.275983 0.754822
-0.697281 -37.088465 -29.566865 402.085981 -0.188989 0.868978 0.457341 0.823233 0.394098 -0.408624 0.535322 -0.299273 0.789852
2.649071 -27.982865 262.841448 -170.917665 0.036183 0.856946 0.514135 0.318950 -0.497468 0.806720 -0.947081 -0.134794 0.291323
25.445206 -198.736659 1246.934661 -12295.463044 0.120907 0.984073 0.130313 -0.958150 0.081378 0.274457 -0.259481 0.158043 -0.952729
4.143900 -632.608864 87.334538 -25977.538656 0.029216 0.986743 0.159639 -0.768400 -0.079974 0.634953 -0.639303 0.141217 -0.755877
-13.097362 -354.795617 732.938478 -11349.427975 -0.030792 0.957406 0.287098 0.845018 -0.128477 0.519074 -0.533851 -0.258587 0.805069
47.941163 5.911191 -2877.415426 147.382399 0.887089 -0.080761 -0.454479 -0.259910 -0.901057 -0.347194 0.381472 -0.426115 0.820308
2.826785 -185.063851 -453.069012 -8072.626528 -0.154216 0.680786 0.716064 0.644343 -0.480121 0.595236 -0.749025 -0.553186 0.364618
35.970343 -868.136177 552.803246 36197.143371 0.091198 0.968673 0.230989 0.833014 0.052898 -0.550718 0.545684 -0.242641 0.802094
-3.230816 -5.410392 33.705606 -125.300538 0.065109 0.977555 -0.200369 0.932802 0.011702 0.360198 -0.354458 0.210357 0.911103
-3.737078 -5.503060 11.738442 -150.073657 0.176158 0.982399 -0.062125 0.910289 -0.138559 0.390097 -0.374623 0.125270 0.918676
-3.832118 -6.485324 33.276465 -70.282579 0.090138 0.988288 -0.123134 0.958595 -0.052559 0.279881 -0.270131 0.143263 0.952106
-1.361455 -5.944955 -27.929935 31.594864 0.293150 0.918599 -0.265028 0.821029 -0.383915 -0.422517 0.489872 0.093735 0.866741
-1.429519 -5.561767 -41.243932 45.662095 0.298236 0.912768 -0.279124 0.764056 -0.403567 -0.503340 0.572078 0.063152 0.817765
-1.528013 -6.121109 -21.381569 17.103109 0.294010 0.905695 -0.305411 0.843081 -0.396280 -0.363559 0.450302 0.150596 0.880085
-1.474661 -6.268956 1.634541 -0.761254 0.287040 0.909315 -0.301254 0.888399 -0.370322 -0.271309 0.358266 0.189757 0.914132
-1.460541 -6.259204 -10.537278 20.030319 0.285298 0.923339 -0.257003 0.868882 -0.362347 -0.337266 0.404535 0.127084 0.905649
-0.479616 -3.154921 25.296020 16.041726 -0.186817 0.968994 0.161713 0.657828 0.245647 -0.711983 0.729631 0.026631 0.683322
-0.844785 -3.527019 17.870745 23.581188 -0.250334 0.934677 0.252413 0.616963 0.354930 -0.702411 0.746117 0.020108 0.665512
-0.346433 -3.175772 26.208778 -1.847320 -0.144555 0.982071 0.120998 0.628177 0.185561 -0.755620 0.764525 0.033221 0.643738
35.354657 -363.482691 -1572.956519 -120321.713169 0.378629 -0.271666 -0.884781 -0.559574 0.694264 -0.452630 0.737236 0.666479 0.110851
-113.770022 -403.807333 3167.308106 -2067.537986 -0.090964 0.337342 0.936977 0.977635 -0.148899 0.148520 0.189617 0.929532 -0.316253
-28.993531 -110.627999 1011.559403 1677.328217 -0.064175 -0.007600 0.997910 0.739755 -0.671535 0.042459 0.669809 0.740934 0.048718
-20.552894 -869.404687 -2118.789302 23781.064601 0.120887 -0.246628 -0.961541 0.152755 0.961729 -0.227472 0.980843 -0.119382 0.153934
-105.508219 -439.315959 21752.570576 -21472.599995 0.838780 -0.161240 0.520047 0.476489 0.679544 -0.557833 0.263450 -0.715696 -0.646817
-22.859570 -106.136732 778.497425 3134.202581 -0.346890 0.525839 0.776634 0.856161 -0.160568 0.491127 0.382956 0.835291 -0.394504
-2.435428 -33.989618 195.331654 -1284.841204 0.230924 0.963797 -0.133304 -0.053573 0.149394 0.987325 -0.971496 0.220856 -0.086133
-15.898960 -47.509243 458.487078 -1999.816032 0.214746 0.963152 0.161936 -0.127270 -0.136794 0.982390 -0.968342 0.231574 -0.093205
80.232313 -1011.070677 1276.309847 -51983.914398 0.137281 0.827328 -0.544685 0.384090 0.462407 0.799159 -0.913033 0.318917 0.254289
48.790002 -727.721659 -62.924560 -29534.151793 0.148230 0.986870 -0.064155 0.170226 0.038442 0.984655 -0.974192 0.156877 0.162292
-8.341567 -12.924569 3.159282 197.469211 0.498261 0.856999 0.131490 -0.841874 0.514474 -0.162986 0.207327 0.029488 -0.977827
-3.765083 -10.791777 -242.205274 -81.112495 0.319004 0.939770 -0.122757 0.944023 -0.303591 0.129047 0.084007 -0.157052 -0.984011
-3.629680 -11.927563 -214.348408 395.376988 0.407907 0.906851 -0.105987 -0.904832 0.417029 0.085819 -0.122025 -0.060894 -0.990657
-5.966007 -9.414095 -31.232433 -26.163548 0.246679 0.926630 -0.283736 0.145309 0.254106 0.956198 -0.958141 0.277103 0.071965
-6.589279 -9.466717 -23.190137 -20.904372 0.358683 0.875174 -0.324679 0.140371 0.293299 0.945659 -0.922845 0.384767 0.017648
-5.745526 -9.607864 -38.919850 -8.077442 0.157461 0.957917 -0.240002 0.288217 0.187874 0.938954 -0.944530 0.217021 0.246505
-6.302317 -8.990412 -25.210081 -42.477453 0.337038 0.884607 -0.322297 -0.001199 0.342729 0.939434 -0.941490 0.316238 -0.116573
-5.662978 -9.039198 -29.176076 -39.601680 0.232489 0.939180 -0.252763 -0.000919 0.260096 0.965582 -0.972599 0.224255 -0.061332
-5.495368 -9.501286 -36.988310 -30.687319 0.142066 0.966182 -0.215195 0.155845 0.192857 0.968772 -0.977512 0.171167 0.123176
2.734086 -1.996529 154.443931 -9.898114 0.993260 -0.113192 -0.024947 -0.106262 -0.975218 0.194057 0.046294 0.190098 0.980673
0.341660 -2.595002 152.552370 -22.062047 0.967236 -0.252246 -0.028752 -0.245315 -0.957761 0.150045 0.065386 0.138076 0.988261
-1.736367 -2.684437 143.915261 -29.877471 0.919722 -0.392526 0.005790 -0.387708 -0.905922 0.170259 0.061586 0.158836 0.985382
-0.602593 -7.646093 105.371699 -19.745157 0.095285 0.986860 0.130491 -0.973767 0.119617 -0.193572 0.206638 0.108623 -0.972369
0.036653 -9.717165 -6.303488 29.985927 0.331668 0.943328 0.011355 0.625454 -0.210863 -0.751228 0.706260 -0.256260 0.659945
-0.054295 -9.765117 2.338149 11.051199 0.311132 0.950298 0.011410 0.743056 -0.235760 -0.626327 0.592507 -0.203348 0.779477
0.026803 -9.496740 4.780405 6.578695 0.287406 0.957416 0.027416 0.733358 -0.201554 -0.649278 0.616103 -0.206712 0.760057
3.072822 -8.773880 27.207719 -13.038025 0.450101 0.855226 -0.256901 0.822917 -0.508955 -0.252533 0.346724 0.097743 0.932861
2.640293 -10.492215 41.260484 232.297154 0.367576 0.890929 -0.266709 0.881751 -0.425037 -0.204593 0.295639 0.159968 0.941811
0.759070 -6.994188 -12.066916 -25.577700 0.002690 0.993114 0.117120 0.934303 -0.044246 0.353723 -0.356470 -0.108474 0.927989
1.109209 -6.491899 -13.668525 -33.044692 0.032894 0.992059 0.121397 0.889760 -0.084391 0.448559 -0.455242 -0.093259 0.885470
1.407928 -6.355305 -14.995326 -9.866441 0.084627 0.988157 0.128002 0.887889 -0.133086 0.440388 -0.452208 -0.076382 0.888636
4.013177 -4.113300 -16.325375 -46.619096 -0.365894 0.930418 -0.021053 -0.903051 -0.360418 -0.233662 0.224991 0.066484 -0.972090
3.325638 -2.960924 34.122451 -35.434250 -0.426166 0.904121 0.030795 -0.873657 -0.402496 -0.273349 0.234746 0.143396 -0.961422
3.161659 -4.107805 77.227026 -44.109032 -0.345782 0.932793 0.101645 -0.923000 -0.318644 -0.215724 0.168837 0.168412 -0.971149
2.998956 -2.466557 -25.524864 -94.760274 -0.475593 0.875375 -0.086777 -0.812878 -0.475045 -0.336989 0.336214 0.089730 -0.937501
1.459404 -1.548350 4.104963 -5.451850 0.267332 0.960780 -0.073720 -0.941180 0.276754 0.193874 -0.206673 -0.017555 -0.978253
1.629367 -25.397421 20.476584 -56.634014 0.239446 0.970842 0.011483 0.362152 -0.078335 -0.928822 0.900840 -0.226561 0.370349
1.644137 -28.821213 34.685567 -60.791183 0.194614 0.980034 -0.040728 0.004965 -0.042506 -0.999084 0.980867 -0.194234 0.013138
-0.325688 -26.790833 137.175606 -119.177630 0.135407 0.990790 -0.000273 0.126717 -0.017591 -0.991783 0.982653 -0.134260 0.127932
-0.903758 -2.791504 -11.744489 -134.717023 -0.333944 0.923603 -0.188252 -0.919916 -0.362888 -0.148550 0.205516 -0.123569 -0.970821
-1.392799 -2.739748 -2.567041 -183.271154 -0.389317 0.900806 -0.192304 -0.886863 -0.422979 -0.185910 0.248810 -0.098169 -0.963565
-0.702974 -3.127331 -55.995331 103.921065 0.374814 0.924662 -0.067190 -0.900066 0.345554 -0.265468 0.222250 -0.159976 -0.961776
-0.659519 -2.521607 -63.776355 4.481552 0.119309 0.987366 -0.104274 -0.968195 0.092440 -0.232492 0.219916 -0.128696 -0.966993
1.208710 -6.525462 -26.604024 -14.191320 -0.133476 0.982283 0.131544 0.085304 -0.120852 0.988999 -0.987374 -0.143228 0.067662
1.084979 -6.400507 -29.181006 -6.760056 -0.130051 0.984267 0.119606 -0.032851 -0.124842 0.991633 -0.990963 -0.125034 -0.048570
2.032023 -6.501000 -66.329709 -14.991582 -0.125847 0.987921 0.090414 0.086521 -0.079862 0.993044 -0.988270 -0.132794 0.075426
3.142248 -0.831822 -60.557288 115.096281 -0.219059 0.971504 -0.090512 0.968098 0.227979 0.103985 -0.121656 0.064846 0.990452
3.155908 -0.171722 7.819066 99.755235 0.109109 -0.974990 0.193625 0.985501 0.131563 0.107143 -0.129937 0.179127 0.975208
2.908926 0.341695 -48.656741 142.841219 -0.144577 0.982691 -0.115830 0.984227 0.154881 0.085497 -0.101957 0.101642 0.989583
-0.487193 -0.742336 -6.801265 -22.796068 0.968892 0.218936 0.115390 0.172071 -0.931064 0.321732 -0.177875 0.291868 0.939773
-0.499482 -0.944825 1.258647 -17.693579 0.858952 0.512044 0.003541 0.478034 -0.804341 0.352873 -0.183534 0.301408 0.935665
-0.420700 -1.287062 -2.597843 -50.234835 0.983573 0.019338 0.179472 -0.034565 -0.955671 0.292400 -0.177171 0.293800 0.939304
0.030964 -0.680887 -13.957022 8.098558 -0.292091 -0.926836 0.235920 0.937014 -0.227926 0.264680 -0.191542 0.298370 0.935033
-0.609725 -0.837446 -1.462476 -27.051641 0.819182 -0.486827 0.303217 -0.547884 -0.820577 0.162714 -0.169600 0.299420 0.938927
0.044591 -0.669191 -30.690670 -5.222112 -0.098661 -0.954490 0.281453 0.981581 -0.046846 0.185215 -0.163601 0.294542 0.941530
0.097992 -0.557544 -22.600072 0.497170 -0.167261 -0.950047 0.263504 0.969512 -0.109948 0.218993 -0.179082 0.292100 0.939472
1.707566 -162.608160 293.892428 7423.570425 0.182454 0.908743 -0.375363 0.680895 -0.392192 -0.618521 0.709290 0.142731 0.690315
2.888772 -143.996887 -9.179230 5603.423790 0.196583 0.951697 -0.235855 0.724419 -0.303080 -0.619160 0.660736 0.049142 0.749008
1.732969 -60.617252 -159.784502 99.853016 -0.109941 -0.944228 0.310397 0.990269 -0.130864 -0.047339 0.085319 0.302173 0.949427
-3.737658 -9.089284 16.146007 56.851518 0.187060 0.893292 0.408703 0.196677 0.373567 -0.906513 0.962459 -0.249955 0.105810
-4.195862 -10.118675 27.922669 -37.307228 0.158668 0.893404 0.420301 0.350849 0.346891 -0.869811 0.922892 -0.285473 0.258410
-8.634154 -9.367717 7.597916 17.888203 -0.195603 -0.623498 0.756961 0.980251 -0.147223 0.132037 0.029117 0.767838 0.639982
-8.482959 -9.563787 33.181846 -12.563551 -0.200348 -0.694633 0.690902 0.953041 0.025284 0.301784 -0.227098 0.718920 0.656948
-8.326827 -9.489133 36.406703 -7.480476 -0.224417 -0.747155 0.625616 0.968516 -0.100009 0.227982 -0.107771 0.657082 0.746075
2.463748 -11.163013 160.233902 -159.290377 0.317898 0.744724 0.586794 -0.088341 0.639472 -0.763722 0.944001 -0.190947 -0.269076
11.674612 -8.445142 -600.611177 -264.891759 -0.271622 -0.560756 -0.782160 0.117810 0.787230 -0.605302 0.955166 -0.256559 -0.147766
9.779011 -10.795741 -437.523578 -224.287961 -0.352812 -0.514051 -0.781841 0.057875 0.821985 -0.566561 0.933903 -0.245139 -0.260255
-1.059770 -7.511285 122.544750 15.009021 -0.233442 0.972060 0.024590 0.778573 0.202006 -0.594153 0.582520 0.119556 0.803976
-0.465445 -7.564297 88.962665 9.119669 -0.236904 0.970706 0.040070 0.843180 0.225919 -0.487861 0.482623 0.081790 0.872001
-1.651880 -7.589412 63.624049 -19.700859 -0.204358 0.976867 0.063001 0.862030 0.210083 -0.461269 0.463833 0.039955 0.885021
-0.965420 -7.429378 43.972159 -24.566134 -0.195936 0.978263 0.067907 0.914367 0.207282 -0.347803 0.354318 0.006055 0.935105
0.469243 -7.490936 59.727002 8.255171 -0.214105 0.975322 0.053905 0.900420 0.218454 -0.376193 0.378685 0.032007 0.924972
-0.655895 -9.034395 2.097164 -71.065493 -0.060990 0.993708 -0.093944 0.998074 0.061787 0.005595 0.011365 -0.093422 -0.995562
1.526445 -13.355868 6.120713 -296.376184 0.062360 0.985645 -0.156895 0.758762 -0.148943 -0.634111 0.648376 0.079503 0.757158
1.228384 -14.697087 3.983133 -308.175974 0.082337 0.971160 -0.223760 0.725876 -0.212283 -0.654248 0.682880 0.108553 0.722421
0.925576 -14.248864 2.869485 -136.593304 0.087614 0.975756 -0.200557 0.562762 -0.214608 -0.798274 0.821963 0.042926 0.567922
1.262803 -13.147091 10.763600 -146.777376 0.068719 0.987607 -0.141106 0.603922 -0.153762 -0.782072 0.794076 0.031474 0.607003
1.914776 -12.053945 4.206633 -240.906045 0.046335 0.995709 -0.080106 0.774288 -0.086466 -0.626899 0.631135 0.032978 0.774972
-0.767429 -20.983243 0.031914 -92.888672 0.161203 0.968170 -0.191470 -0.776905 0.004844 -0.629600 0.608632 -0.250247 -0.752957
-0.928761 -20.266024 -2.738949 -263.595623 0.165109 0.969217 -0.182643 -0.518741 -0.072163 -0.851881 0.838837 -0.235397 -0.490857
-0.374446 -19.648173 9.278602 241.652384 0.139096 0.971545 -0.191709 -0.947988 0.074667 -0.309425 0.286306 -0.224777 -0.931399
-0.801375 -20.638200 -6.193425 -267.753377 0.196301 0.962609 -0.186680 -0.521479 -0.058739 -0.851240 0.830377 -0.264449 -0.490450
-0.572819 -19.801461 5.891282 245.686846 0.163513 0.967658 -0.192100 -0.942138 0.095404 -0.321363 0.292642 -0.233532 -0.927267
-0.702607 -21.410241 -4.727696 -82.687329 0.186439 0.961544 -0.201678 -0.778074 0.019171 -0.627880 0.599867 -0.273981 -0.751727
-0.154887 -11.740763 -8.081937 105.326372 0.046548 0.988142 -0.146316 -0.915153 0.100898 0.390274 -0.400409 -0.115735 -0.908998
-0.180945 -11.222575 -0.334453 94.887435 0.062033 0.988381 -0.138765 -0.922073 0.109967 0.371064 -0.382012 -0.104934 -0.918181
-0.052277 -12.002284 -9.111609 31.359227 0.090206 0.983679 -0.155687 -0.984622 0.111568 0.134429 -0.149604 -0.141167 -0.978617
3.146417 -5.591722 -58.964728 107.788766 -0.604685 -0.416688 -0.678769 -0.552183 0.833489 -0.019753 0.573977 0.362860 -0.734086
2.295302 -4.024572 -91.133155 65.088066 -0.591895 -0.382154 -0.709661 -0.562697 0.826304 0.024352 0.577090 0.413738 -0.704122
1.179026 -3.469407 -121.120469 61.972259 -0.534921 -0.410674 -0.738381 -0.588548 0.808132 -0.023094 0.606193 0.422220 -0.673988
-0.038090 -3.545809 -72.241381 57.337597 -0.449952 -0.528990 -0.719523 -0.657471 0.741472 -0.133979 0.604380 0.412781 -0.681423
0.122042 -19.351857 -45.207855 -66.869426 -0.183893 0.973687 0.134597 0.946080 0.138178 0.292985 -0.266677 -0.181217 0.946596
-0.360667 -21.240633 -15.292995 198.473950 -0.179383 0.975602 0.126577 0.885738 0.104172 0.452345 -0.428123 -0.193257 0.882815
-0.786179 -21.132583 -13.227078 327.638120 -0.181731 0.976553 0.115405 0.872037 0.105810 0.477865 -0.454450 -0.187480 0.870819
0.662716 -32.345854 -15.211012 264.898912 -0.161947 0.955327 0.247232 -0.864986 -0.016844 -0.501513 0.474944 0.295071 -0.829072
0.268009 -28.765592 -29.455168 279.201958 -0.170421 0.961108 0.217320 -0.935120 -0.088216 -0.343174 0.310656 0.261705 -0.913785
0.547757 -21.331101 -60.164322 279.645968 -0.081400 0.990002 0.115199 0.888850 0.124397 -0.440989 0.450910 -0.066498 0.890089
0.738397 -20.543704 31.522374 277.432752 -0.126118 0.988175 0.087205 0.854731 0.152863 -0.496052 0.503517 -0.011975 0.863902
0.767489 -22.285504 38.967416 245.711504 -0.103513 0.993031 0.056337 0.946899 0.115723 -0.299984 0.304413 -0.022293 0.952279
0.004495 -22.132746 1.254131 298.277957 -0.099121 0.990194 0.098446 0.972785 0.117248 -0.199855 0.209437 -0.075957 0.974867
0.142103 -19.726351 -16.905094 278.352581 -0.094870 0.988129 0.120832 0.882636 0.139628 -0.448840 0.460384 -0.064069 0.885405
-1.649045 -6.542976 -37.955228 66.486826 0.754237 -0.653207 -0.066685 0.560884 0.693756 -0.451786 0.341373 0.303351 0.889631
-1.629255 -5.817070 34.702856 69.004874 -0.740709 0.670090 0.048261 0.548519 0.644674 -0.532468 0.387914 0.367932 0.845073
-1.194429 -6.157892 -2.254321 37.281386 0.781283 -0.620469 -0.067934 0.526329 0.713398 -0.462645 0.335521 0.325701 0.883937
-1.394919 -5.666815 -14.647452 29.730680 0.780448 -0.620356 -0.077835 0.481676 0.675958 -0.557735 0.398608 0.397792 0.826362
-1.323922 -7.537706 -37.281473 30.554158 0.811739 -0.577475 -0.087197 0.525715 0.787538 -0.321570 0.254370 0.215190 0.942862
-1.402044 -5.937017 33.430658 28.386741 0.794522 -0.599229 -0.098278 0.464747 0.704236 -0.536714 0.390826 0.380756 0.838021
66.250214 -1064.080387 -828.524275 -99554.458038 0.105039 0.973205 0.204545 -0.551129 0.228176 -0.802616 0.827782 0.028425 -0.560329
3.879955 -31.868025 -50.231398 3871.374499 0.211527 0.973234 0.089845 -0.183812 0.129898 -0.974341 0.959932 -0.189585 -0.206369
-1.770182 -5.808502 -29.004275 33.203634 0.271945 0.910009 -0.312937 0.796032 -0.395453 -0.458203 0.540720 0.124502 0.831938
-1.149208 -4.200760 1.283720 45.350520 -0.354470 0.852388 0.384430 0.606382 0.522503 -0.599409 0.711795 -0.020639 0.702084
-1.070492 -4.190667 7.443125 25.140888 -0.285777 0.900967 0.326482 0.607180 0.433814 -0.665685 0.741393 -0.007996 0.671023
606.720445 -953.035420 22073.896129 59204.334590 0.014975 -0.500166 -0.865800 -0.619844 0.674800 -0.400548 0.784583 0.542659 -0.299919
-35.935116 -58.921060 -679.621904 2312.939304 0.009375 0.517825 0.855435 0.037304 0.854696 -0.517786 -0.999260 0.036765 -0.011304
-21.160046 -51.219844 398.296487 -2108.513850 0.095971 0.889241 0.447259 -0.244966 -0.414413 0.876501 -0.964770 0.193682 -0.178062
-27.578448 -107.094754 -309.142575 4511.935150 -0.170587 0.388318 0.905599 0.101086 0.921118 -0.375931 -0.980144 0.027414 -0.196384
-35.722823 -59.218442 -609.831393 1752.632533 -0.104821 0.551375 0.827646 -0.361676 0.754107 -0.548190 -0.926392 -0.356801 0.120373
-9.870328 -12.173481 172.341743 75.517580 0.274753 0.932302 0.235212 -0.900894 0.335095 -0.275865 0.336008 0.136106 -0.931973
-6.691858 -11.270281 -79.606582 58.028335 -0.163393 0.969678 0.181732 -0.949793 -0.104791 -0.294807 0.266824 0.220778 -0.938116
-8.094689 -11.775184 87.308680 5.981122 -0.051737 0.982042 0.181428 -0.906609 0.029998 -0.420905 0.418789 0.186261 -0.888776
4.849351 -1.691773 181.834573 1.141794 0.996084 -0.088236 0.005611 -0.087357 -0.972401 0.216345 0.013633 0.215987 0.976301
4.934816 -1.664831 176.603853 -0.385049 0.998076 -0.060846 0.011944 -0.061926 -0.968322 0.241905 0.003154 0.242179 0.970226
-2.549527 -8.573142 114.555522 -58.076200 0.183023 0.976091 0.117255 -0.956962 0.204207 -0.206210 0.225224 0.074467 -0.971457
-4.363107 -10.001289 145.993091 -47.896586 0.175993 0.981320 0.077698 -0.974874 0.184697 -0.124530 0.136554 0.053830 -0.989169
0.342744 -9.637319 -13.523842 25.359239 0.334095 0.942421 0.014918 0.516887 -0.169958 -0.839013 0.788168 -0.288021 0.543907
0.467587 -9.346819 -13.815552 22.145343 0.338887 0.940827 0.000149 0.375343 -0.135054 -0.916994 0.862713 -0.310813 0.398901
2.932832 -8.453944 -8.416842 143.864603 0.443334 0.878368 -0.178672 0.866357 -0.471035 -0.165985 0.229956 0.081207 0.969807
2.673480 -11.404055 5.954347 352.083500 0.355244 0.917211 -0.180348 0.920698 -0.376676 -0.102131 0.161608 0.129764 0.978286
2.262769 -13.486205 -43.184542 345.274973 -0.308396 -0.913611 0.264965 0.932408 -0.345498 -0.106052 0.188435 0.214350 0.958408
1.397242 -17.737357 -30.596006 308.648499 0.323023 0.946358 -0.007931 -0.205326 0.061899 -0.976734 0.923849 -0.317136 -0.214307
1.168550 -15.671033 -27.392546 286.247949 0.334555 0.942170 -0.019740 -0.393434 0.120609 -0.911407 0.856319 -0.312682 -0.411032
0.871197 -17.550356 -23.155779 244.518431 0.331519 0.942762 -0.035977 -0.218537 0.039639 -0.975023 0.917789 -0.331101 -0.219170
0.847979 -5.756751 -12.446152 77.653740 -0.057735 0.993198 0.101116 0.989566 0.043541 0.137346 -0.132009 -0.107991 0.985348
1.141195 -2.835180 17.830219 212.507605 0.158030 -0.984118 -0.080858 0.986757 0.154358 0.049846 -0.036573 -0.087664 0.995478
1.243858 -2.706134 17.117511 187.482379 0.146488 -0.987447 -0.059069 0.987234 0.142159 0.071827 -0.062528 -0.068837 0.995667
2.234454 -2.744811 94.883339 54.058589 -0.407850 0.905033 0.120719 0.889267 0.363760 0.277276 0.207031 0.220439 -0.953176
2.549169 -1.364812 36.718079 -80.773805 -0.453706 0.890163 0.041969 -0.846142 -0.415535 -0.333727 0.279632 0.186926 -0.941735
1.380212 -2.452003 10.957721 -40.285526 0.308988 0.950242 0.039574 -0.925831 0.291008 0.241144 -0.217629 0.111149 -0.969682
-1.197925 -7.826004 87.490337 -3.311711 0.106894 0.993944 0.025475 -0.992973 0.105411 0.053783 -0.050772 0.031045 -0.998228
-2.037811 -7.547609 65.396082 70.317078 0.092366 0.995557 -0.018313 -0.977639 0.094162 0.188031 -0.188920 -0.000536 -0.981992
-1.095246 -7.409721 91.644450 67.239232 0.082544 0.996243 0.026203 -0.978450 0.076020 0.191983 -0.189270 0.041485 -0.981048
1.827384 -24.889540 -10.779116 -46.817348 0.261618 0.962890 0.066319 0.672497 -0.132568 -0.728130 0.692318 -0.235091 0.682223
1.885455 -24.180655 30.458201 -30.376314 0.227766 0.972085 0.056337 0.814007 -0.158339 -0.558857 0.534336 -0.173148 0.827348
1.292760 -24.587072 48.144313 23.034164 0.206896 0.977329 0.044970 0.837525 -0.153167 -0.524492 0.505713 -0.146178 0.850227
