19128
38218
-3.977520 -7.380522 -2.755923 -86.198711 0.678982 -0.265132 -0.684609 -0.608074 -0.725617 -0.322063 0.411375 -0.634968 0.653901
-5.368453 -8.817879 -26.271462 -52.006677 0.810573 -0.068192 -0.581653 -0.457179 -0.694395 -0.555700 0.366003 -0.716355 0.594035
-6.239280 -7.961005 -77.361018 -159.663949 0.896700 0.220792 -0.383641 -0.097346 -0.747127 -0.657514 0.431803 -0.626939 0.648456
-4.272208 -8.319510 43.125513 -59.710584 0.726899 -0.265720 -0.633254 -0.623047 -0.643007 -0.445370 0.288843 -0.718286 0.632957
-3.434550 -5.956826 -3.884679 -124.868865 0.627334 -0.329793 -0.705471 -0.612551 -0.768352 -0.185518 0.480868 -0.548518 0.684028
-3.196252 -6.661554 39.521638 83.974002 0.601580 -0.399040 -0.692003 0.690333 0.695578 0.199027 0.401922 -0.597443 0.693917
-4.842835 -5.495526 34.210355 0.657567 0.350060 0.935636 -0.045196 0.800628 -0.323897 -0.504069 0.486264 -0.140269 0.862480
-5.100495 -5.550609 32.156002 37.170167 0.682499 0.671065 -0.289599 -0.577340 0.737965 0.349408 0.448189 -0.071273 0.891093
-5.179723 -5.889017 20.505241 40.196524 -0.308127 0.907443 0.285666 0.855435 0.395669 -0.334182 0.416281 -0.141398 0.898174
-4.979346 -6.156128 9.099171 9.524698 -0.060203 0.969093 0.239237 0.895488 0.158321 -0.415976 0.440996 -0.189190 0.877342
6.960802 -18.771637 253.341165 -180.064915 0.154995 0.985163 -0.073696 -0.333534 -0.018035 -0.942566 0.929910 -0.170673 -0.325790
0.971629 -17.964224 599.062802 -79.573156 0.046952 0.996464 0.069673 -0.438543 0.083232 -0.894848 0.897483 -0.011460 -0.440900
6.769652 -18.436102 478.161369 150.742226 0.096856 0.994634 0.036372 -0.599931 0.087502 -0.795253 0.794168 -0.055204 -0.605186
-0.730304 -16.571355 570.242288 -216.454411 0.035445 0.997926 0.053725 -0.232354 0.060515 -0.970747 0.971985 -0.021925 -0.234017
10.732460 -20.600071 29.165406 209.741577 0.277308 0.950677 -0.138972 -0.568896 0.045910 -0.821127 0.774247 -0.306766 -0.553567
10.086504 -21.504742 -178.083232 -57.805508 0.379418 0.894905 -0.234921 -0.407593 -0.066272 -0.910756 0.830608 -0.441309 -0.339612
-1.124766 -6.825110 240.856814 60.921229 0.356293 0.545576 -0.758553 -0.047015 0.821269 0.568600 0.933191 -0.166925 0.318263
-1.300785 -6.354430 237.763149 69.748477 0.355933 0.622395 -0.697091 -0.174417 0.777079 0.604754 0.918091 -0.093667 0.385144
-4.382003 -7.675766 200.090307 96.561525 0.365698 0.272824 -0.889849 0.105458 0.937770 0.330857 0.924740 -0.214835 0.314169
1.494457 -5.850940 176.999256 53.312335 0.363263 0.633122 -0.683517 -0.147723 0.763494 0.628693 0.919901 -0.127410 0.370876
-1.456281 -7.114084 249.494433 35.771887 0.339144 0.460811 -0.820143 0.076131 0.855508 0.512163 0.937649 -0.236135 0.255059
1.567089 -6.172575 191.582666 23.505718 0.363726 0.593075 -0.718307 -0.052828 0.783017 0.619753 0.930007 -0.187473 0.316135
-1.835097 -18.716143 31.134195 -22.116166 0.474468 0.857480 -0.199017 -0.761246 0.513216 0.396376 -0.442023 0.036566 -0.896258
-2.016006 -16.898975 43.585961 -221.299549 0.470139 0.861185 -0.193207 -0.837610 0.504350 0.209857 -0.278170 -0.063171 -0.958452
-2.460972 -18.049221 19.581357 -64.513893 0.469309 0.845622 -0.254308 -0.774380 0.532528 0.341686 -0.424363 -0.036575 -0.904753
-1.278515 -17.585540 44.137464 -215.807201 0.483275 0.861886 -0.153618 -0.827674 0.506987 0.240666 -0.285309 -0.010838 -0.958374
-2.100579 -19.357143 6.043569 53.908339 0.468199 0.845001 -0.258385 -0.675667 0.530806 0.511584 -0.569442 0.064941 -0.819463
-1.189413 -19.177907 33.756280 -48.182622 0.488572 0.857447 -0.161499 -0.746517 0.506608 0.431347 -0.451674 0.090182 -0.887614
-1.632827 -19.523743 17.944149 45.263778 0.472881 0.857082 -0.204435 -0.656038 0.497361 0.567668 -0.588216 0.134323 -0.797471
2.559163 -4.569436 -19.268717 -45.967239 -0.535888 -0.345960 0.770153 0.793507 0.105207 0.599398 -0.288393 0.932332 0.218142
2.737752 -3.908691 26.301766 -35.926921 -0.524097 -0.362987 0.770430 0.770086 0.184355 0.610721 -0.363716 0.913375 0.182912
2.029639 -4.632894 -77.072584 -60.668529 -0.580539 -0.306323 0.754414 0.763880 0.115873 0.634871 -0.281891 0.944849 0.166725
1.961648 -5.452914 -80.506186 -58.107464 -0.586993 -0.313952 0.746239 0.782737 0.015355 0.622163 -0.206788 0.949315 0.236728
1.140517 -5.726903 -116.489271 -64.006470 -0.640215 -0.283806 0.713848 0.744416 0.000214 0.667716 -0.189655 0.958882 0.211133
0.181398 -10.107417 6.875763 -49.562250 0.757328 -0.486863 -0.435223 0.365579 -0.236162 0.900322 0.541117 0.840947 0.000865
0.330043 -10.197237 8.118265 -44.618697 0.756036 -0.493727 -0.429702 0.452073 -0.080863 0.888308 0.473328 0.865849 -0.162065
-0.071523 -10.078579 4.526787 -29.666392 0.767247 -0.489872 -0.413954 0.352702 -0.216797 0.910275 0.535662 0.844408 -0.006442
0.612640 -10.069289 14.371187 -78.023298 0.746435 -0.487129 -0.453366 0.463098 -0.109004 0.879579 0.477886 0.866501 -0.144224
-0.162172 -10.059072 3.540439 13.464161 0.764283 -0.484281 -0.425844 0.251591 -0.384101 0.888352 0.593779 0.786091 0.171721
0.064213 -10.398174 10.476809 19.381853 0.753139 -0.481640 -0.448113 0.262527 -0.404537 0.876031 0.603210 0.777414 0.178229
0.504282 -10.211748 18.223148 -63.498590 0.747531 -0.481828 -0.457208 0.375024 -0.261963 0.889231 0.548228 0.836192 0.015128
-1.097927 -11.924172 -16.948197 40.988375 0.571469 0.769910 -0.284010 0.596264 -0.627353 -0.500896 0.563820 -0.116902 0.817583
-1.541347 -11.874251 -9.975609 26.484407 0.553536 0.765727 -0.327505 0.600841 -0.639484 -0.479635 0.576704 -0.068717 0.814058
-1.201571 -12.624428 -18.070651 37.108391 0.548055 0.788467 -0.279204 0.726953 -0.614105 -0.307269 0.413732 0.034568 0.909742
-0.589472 -12.711525 -27.379409 73.540336 0.581834 0.777040 -0.240162 0.653446 -0.622435 -0.430794 0.484229 -0.093718 0.869907
-0.490238 -13.241337 -31.229382 39.263486 0.556724 0.796428 -0.236138 0.768703 -0.601677 -0.216981 0.314888 0.060721 0.947184
-1.232363 -12.932436 -18.213916 -15.469974 0.525947 0.801957 -0.283275 0.818657 -0.567647 -0.087047 0.230609 0.186123 0.955080
14.697834 -9.537175 117.776438 168.645265 0.879919 0.422554 -0.217235 0.138460 0.209319 0.967995 -0.454502 0.881835 -0.125677
14.007596 -11.358381 -172.849297 164.713914 0.743615 0.629984 -0.223956 0.010577 0.323832 0.946056 -0.668524 0.705870 -0.234143
11.756806 -12.277441 220.181929 317.770652 0.894338 0.383877 -0.229776 0.106187 0.316783 0.942535 -0.434607 0.867345 -0.242549
2.484431 -2.710569 -53.083551 -64.852582 0.620850 0.650310 -0.437770 0.099869 -0.619493 -0.778624 0.777542 -0.439689 0.449558
2.022331 -4.119079 -63.268862 -81.941326 0.628917 0.637427 -0.445140 0.043935 -0.600771 -0.798213 0.776230 -0.482452 0.405841
0.725287 -2.982780 -162.656231 68.662385 0.661845 0.617717 -0.424720 -0.082568 0.623187 0.777702 0.745080 -0.479650 0.463456
2.496440 -3.894310 29.695429 -73.391600 0.580056 0.650689 -0.490039 0.038469 -0.622799 -0.781436 0.813668 -0.434425 0.386290
1.077517 -2.047242 -160.951641 36.504927 0.659372 0.623779 -0.419677 -0.116885 0.636484 0.762382 0.742675 -0.453639 0.492590
2.758118 -2.641096 41.583605 -56.003825 0.569842 0.670061 -0.475708 0.100758 -0.631498 -0.768803 0.815554 -0.390165 0.427368
2.404492 -1.915304 -59.778740 -34.259659 0.614318 0.659731 -0.432860 0.135912 -0.628850 -0.765556 0.777265 -0.411464 0.475979
0.134376 -3.372182 -7.353789 22.629471 0.557966 0.698800 -0.447608 0.332059 -0.682315 -0.651293 0.760533 -0.214767 0.612751
0.439063 -3.884853 -2.139375 -33.983626 0.573673 0.667027 -0.475367 -0.355798 0.725684 0.588890 0.737771 -0.168696 0.653632
0.117695 -3.401259 -0.048678 -19.736415 0.576995 0.646687 -0.498871 -0.298800 0.735596 0.607962 0.760129 -0.201728 0.617665
-0.202613 -3.108480 -2.488435 -7.518452 0.577344 0.634725 -0.513613 -0.245642 0.734923 0.632098 0.778675 -0.238773 0.580218
-0.236354 -2.977972 -4.207900 15.377615 0.546463 0.715827 -0.434707 0.299677 -0.651830 -0.696643 0.782031 -0.250418 0.570718
-0.045111 -20.548754 39.062202 -202.079856 0.827793 -0.539782 0.152949 0.560924 0.801665 -0.206634 0.011077 -0.256843 -0.966390
0.298093 -18.650622 27.656693 -252.582192 0.833416 -0.535017 0.138475 0.539658 0.733862 -0.412572 -0.119111 -0.418573 -0.900338
-0.013974 -20.075885 16.619312 -251.102469 0.838184 -0.530791 0.125333 0.543849 0.796202 -0.265124 -0.040935 -0.290384 -0.956034
0.266619 -20.928916 7.995863 -237.951147 0.814503 -0.565889 0.127886 0.577902 0.771948 -0.264814 -0.051134 -0.289597 -0.955782
-0.239656 -22.263074 21.088445 -264.785988 0.830172 -0.542219 0.129667 0.550285 0.834262 -0.034539 0.089448 -0.100027 -0.990956
-0.167499 -23.245464 -35.211297 -183.192315 -0.816991 0.557108 -0.148848 0.563358 0.826213 0.000206 0.123095 -0.083687 -0.988860
-13.976276 -20.445450 1210.518558 732.905059 -0.538626 -0.826263 0.164837 0.841544 -0.518058 0.153035 -0.041052 0.221147 0.974376
191.989394 -234.613904 26985.698852 -14553.547298 -0.468255 -0.835415 -0.287782 0.859443 -0.506249 0.071199 -0.205170 -0.213993 0.955046
-9.825405 -49.048697 1133.894063 2199.841873 0.721882 -0.691983 0.006779 0.691923 0.721911 0.009321 -0.011343 -0.002038 0.999934
-16.652978 -30.946950 1093.332326 1580.989191 0.660258 -0.738213 0.138204 0.724686 0.577892 -0.375328 0.197205 0.347968 0.916531
2.191985 -33.263065 1868.006567 633.228551 -0.406582 -0.812106 0.418538 0.913270 -0.373845 0.161794 0.025075 0.448021 0.893671
-1.408509 -37.904085 2504.371065 -2039.565132 -0.442796 -0.861454 0.248655 0.861208 -0.331452 0.385306 -0.249506 0.384755 0.888656
198.255145 -318.632790 -15674.416181 -30816.729306 0.401418 0.907894 -0.120799 0.852511 -0.322163 0.411627 -0.334797 0.268217 0.903311
-1.304965 -50.460757 2217.204834 -2773.378429 -0.368220 -0.925945 0.083904 0.918913 -0.348716 0.184382 -0.141469 0.144994 0.979267
11.139947 -74.990219 -1713.466823 -3849.837310 0.140314 0.974048 -0.177600 0.952030 -0.181996 -0.246002 0.271940 0.134563 0.952859
7.474685 -6.290782 -353.999772 12.050452 0.874777 0.484485 -0.006178 0.421576 -0.767351 -0.483162 0.238826 -0.420055 0.875509
7.651559 -6.406801 -343.330306 0.963186 0.869126 0.493309 -0.035591 0.449079 -0.817256 -0.361139 0.207240 -0.297892 0.931833
11.140458 -6.020478 -387.940904 15.898230 0.833202 0.549574 -0.061184 0.458006 -0.747875 -0.480534 0.309846 -0.372359 0.874839
12.314678 -5.671152 -511.877518 26.180248 0.840085 0.542169 -0.017607 0.430810 -0.686556 -0.585699 0.329636 -0.484452 0.810337
7.319882 -5.989594 -350.672656 22.470143 0.874135 0.485043 0.024931 0.403866 -0.697410 -0.592040 0.269778 -0.527592 0.805523
-2.357009 -13.757065 42.141279 -87.841343 0.281336 0.889384 -0.360341 0.912275 -0.364366 -0.187063 0.297667 0.276103 0.913872
-3.050598 -13.948970 28.741437 20.636445 0.291541 0.906343 -0.305853 0.835607 -0.396934 -0.379742 0.465580 0.144863 0.873070
-2.318905 -14.191108 40.074707 43.774452 0.270770 0.896094 -0.351708 0.812717 -0.408605 -0.415370 0.515921 0.173370 0.838909
4.458081 -34.388379 145.225256 637.417854 0.772081 -0.629172 0.089627 0.168344 0.338464 0.925798 0.612822 0.699703 -0.367239
4.587995 -35.136760 205.453339 -66.024910 0.766782 -0.631698 0.114035 0.332919 0.543247 0.770745 0.548827 0.553029 -0.626856
2.858472 -34.457983 116.381389 619.703666 0.753674 -0.648548 0.106585 0.163028 0.341572 0.925608 0.636708 0.680231 -0.363166
3.057990 -31.422959 114.325221 1001.319704 0.752714 -0.651506 0.094671 -0.007080 0.135782 0.990713 0.658310 0.746394 -0.097592
2.693406 -37.267144 -268.630134 0.165010 0.904874 -0.399470 -0.147062 0.174800 0.033692 0.984027 0.388134 0.916127 -0.100315
3.568407 -35.570633 -108.547959 -56.642908 0.885932 -0.433480 -0.164986 0.080311 -0.206971 0.975045 0.456810 0.877074 0.148549
1.864939 -37.835926 -302.423196 429.329510 0.916555 -0.378695 -0.128518 0.099523 -0.095259 0.990465 0.387326 0.920606 0.049621
4.080362 -36.023145 -88.056530 -155.858928 0.872312 -0.458157 -0.170776 0.112786 -0.151308 0.982031 0.475764 0.875898 0.080314
-0.917081 -42.036862 -239.915753 518.236486 0.926107 -0.367633 -0.084692 0.143570 0.135841 0.980273 0.348876 0.919996 -0.178584
3.993603 -35.787571 -87.094481 48.071722 0.876333 -0.461173 -0.139139 0.210847 0.107523 0.971588 0.433109 0.880772 -0.191463
3.933798 -37.636798 -349.587577 237.820652 0.898354 -0.410433 -0.156540 0.276696 0.251940 0.927343 0.341174 0.876396 -0.339897
1.356999 -37.504459 -320.001831 254.731902 0.917672 -0.376004 -0.128447 0.228647 0.235336 0.944636 0.324959 0.896235 -0.301934
-11.439520 -43.367452 -54.321362 2667.742566 -0.325057 0.935920 0.135615 0.756483 0.171277 0.631187 -0.567513 -0.307762 0.763683
-8.878353 -14.825798 -7.331586 -61.241673 0.396820 0.727817 0.559300 0.781837 -0.587243 0.209470 -0.480901 -0.354159 0.802063
-4.942166 -16.387199 149.717835 679.648531 -0.086748 0.963668 0.252625 0.810766 -0.079064 0.580006 -0.578907 -0.255135 0.774450
-113.365822 -2121.126652 4977.040264 -385094.664977 -0.564577 0.785472 0.253547 0.150430 0.399965 -0.904101 0.811556 0.472294 0.343970
1217.430313 -43709.715760 -116063.009230 12591150.521544 -0.560500 0.739484 0.372832 0.749624 0.644380 -0.151124 0.352000 -0.194779 0.915509
-93.591396 -417.008112 3898.595727 52885.373852 0.024482 0.997304 0.069178 -0.206513 0.072751 -0.975735 0.978137 -0.009602 -0.207738
-72.502166 -318.266343 3070.794188 -13293.170397 -0.664732 0.745996 0.040252 -0.520743 -0.424037 -0.740958 0.535684 0.513500 -0.670344
0.493941 -5.607171 67.016591 -32.549507 0.531524 0.613631 -0.583900 -0.168920 -0.598703 -0.782956 0.830029 -0.514793 0.214571
0.197811 -5.683407 43.109040 9.305610 0.551187 0.619790 -0.558617 -0.255777 -0.511756 -0.820173 0.794211 -0.594950 0.123545
1.369417 -5.725691 51.544853 -41.558127 0.565351 0.639934 -0.520444 -0.132830 -0.552089 -0.823137 0.814085 -0.534492 0.227122
1.719623 -4.993891 71.036420 -62.354390 0.548337 0.637636 -0.541060 -0.054367 -0.618452 -0.783940 0.834488 -0.459279 0.304454
2.057922 -5.186827 17.858051 -70.566790 0.591189 0.643185 -0.486630 -0.035796 -0.581841 -0.812514 0.805738 -0.497769 0.320955
1.647770 -5.895242 28.256424 -34.295769 0.592994 0.653427 -0.470522 -0.121701 -0.504904 -0.854553 0.795957 -0.564008 0.219882
-0.894905 -21.034494 -185.241588 190.343034 0.761103 0.506300 -0.405440 -0.537203 0.141733 -0.831460 0.363504 -0.850630 -0.379859
-0.421873 -21.619992 125.608760 216.495334 0.757148 0.510310 -0.407813 -0.539793 0.137161 -0.830548 0.367901 -0.848982 -0.379313
-0.870911 -19.265508 145.475086 696.242919 0.765087 0.507704 -0.396079 -0.608002 0.367000 -0.704020 0.212073 -0.779454 -0.589472
-1.308176 -20.648340 -218.860621 666.315165 0.778433 0.495462 -0.385435 -0.586212 0.354186 -0.728634 0.224495 -0.793139 -0.566156
-499.449961 -3052.941478 30091.583656 -727801.447798 0.137271 0.960531 -0.241944 -0.276797 -0.197328 -0.940449 0.951073 -0.196065 -0.238785
-248.388934 -536.952507 19350.400251 -86282.449984 0.214673 0.975209 -0.053685 -0.028394 -0.048712 -0.998409 0.976273 -0.215856 -0.017233
-339.980175 -529.406440 -15990.174941 -74638.352532 0.549702 0.662233 -0.509190 -0.370328 -0.353189 -0.859136 0.748789 -0.660836 -0.051094
-176.368922 -302.485343 754.576857 3549.120206 0.511071 0.776777 -0.368001 0.699811 -0.127445 0.702867 0.499071 -0.616746 -0.608730
-3.271364 -35.827507 65.525244 -1665.914878 -0.401480 0.854813 0.328798 -0.595701 0.028964 -0.802684 0.695668 0.518127 -0.497584
-2.381918 -35.432719 97.113663 1347.205392 -0.474383 0.793612 0.380974 0.793633 0.198279 0.575180 0.380930 0.575209 -0.723897
-2.109081 -26.681179 90.156237 -1222.042866 -0.452588 0.809805 0.373336 -0.646103 -0.009251 -0.763194 0.614585 0.586626 -0.527405
-13.471221 -35.649816 -397.407177 1068.961120 -0.238147 0.760564 0.604010 0.840828 -0.149811 0.520159 0.486102 0.631742 -0.603827
-10.598283 -36.218426 -228.427542 1343.374995 -0.297512 0.822812 0.484218 0.793124 -0.069320 0.605102 0.531451 0.564070 -0.631969
-13.767143 -39.001517 -274.632635 46.970596 -0.284156 0.768261 0.573612 0.928190 0.070514 0.365365 0.240248 0.636241 -0.733129
8.226332 -6.133024 253.684977 -25.872829 0.478274 0.869552 -0.123020 -0.868127 0.489287 0.083391 -0.132705 -0.066913 -0.988894
6.063923 -5.009780 653.881646 -3.084008 0.434131 0.893882 0.111825 0.897991 -0.419526 -0.132701 -0.071706 0.158027 -0.984828
6.583152 -5.592310 327.689712 -9.036287 0.547518 0.832263 -0.086957 -0.804874 0.552209 0.217354 -0.228914 0.049016 -0.972212
6.051855 -5.233514 684.091336 30.278771 0.361444 0.922660 0.134377 0.930457 -0.366213 0.011772 0.060072 0.120777 -0.990860
7.768975 -7.337143 -166.860874 -61.323652 0.548605 0.770995 -0.323418 -0.770723 0.616284 0.161802 -0.324066 -0.160501 -0.932320
10.258923 -5.617130 522.312029 -9.250988 0.364683 0.931028 -0.013888 -0.930477 0.363828 -0.042911 0.034898 -0.028571 -0.998982
9.234065 -8.196018 -203.106746 102.185437 0.534557 0.753026 -0.383667 0.799751 -0.597484 -0.058404 -0.273214 -0.275618 -0.921623
11.313490 -7.053202 -79.532837 71.126189 0.461252 0.831284 -0.310184 0.879298 -0.475022 0.034494 -0.118670 -0.288655 -0.950050
10.810012 -5.672554 143.185665 146.099892 -0.208876 -0.613280 0.761747 0.353601 0.678866 0.643512 -0.911777 0.403769 0.075057
11.491629 -7.319320 -31.112322 129.506788 -0.359856 -0.558304 0.747529 0.343416 0.665697 0.662505 -0.867507 0.495120 -0.047825
10.924899 -5.238995 -119.152149 36.842862 0.270819 0.665674 -0.695367 0.362942 0.598442 0.714241 -0.891588 0.445808 0.079532
9.683290 -3.828501 -250.884206 43.562620 0.129603 0.707453 -0.694775 0.352852 0.621914 0.699084 -0.926660 0.335757 0.169024
9.166685 -5.014184 209.943692 136.082985 -0.080895 -0.614677 0.784620 0.340506 0.722796 0.601350 -0.936756 0.315814 0.150831
-0.241579 -5.876474 25.620199 -63.768143 0.786338 0.555976 -0.269376 -0.593203 0.801283 -0.077823 -0.172579 -0.220990 -0.959885
-0.022814 -6.031108 38.351321 -60.525099 0.772131 0.578410 -0.263164 -0.608911 0.791901 -0.046039 -0.181771 -0.195791 -0.963652
-0.314127 -4.952636 33.852793 -52.000621 0.804771 0.533069 -0.261113 -0.581519 0.796278 -0.166664 -0.119075 -0.285968 -0.950812
-0.361225 -6.756375 -22.546233 -51.563442 -0.757900 -0.590987 0.276265 -0.604866 0.795230 0.041780 -0.244385 -0.135438 -0.960173
-0.674324 -4.992154 22.313132 -53.802838 0.831563 0.489120 -0.263180 -0.541756 0.818752 -0.190122 -0.122487 -0.300678 -0.945827
-0.799696 -6.116262 26.495804 -58.793643 0.789544 0.547262 -0.277712 -0.585256 0.807608 -0.072419 -0.184650 -0.219711 -0.957931
-0.584827 -7.512162 22.633166 31.632735 -0.701918 -0.642692 0.307016 -0.529268 0.759096 0.379009 -0.476641 0.103540 -0.872980
-0.723633 -7.840550 19.781955 51.707245 -0.718662 -0.610237 0.333371 -0.494053 0.785471 0.372756 -0.489322 0.103183 -0.865978
-0.395712 -7.013488 21.640982 44.061946 -0.689965 -0.657318 0.303117 -0.483596 0.730189 0.482658 -0.538593 0.186430 -0.821682
-1.023023 -8.091352 8.317470 18.148558 -0.735076 -0.595539 0.324031 -0.536566 0.803158 0.258909 -0.414439 0.016453 -0.909929
-0.403559 -7.044209 -20.522668 54.163142 -0.698788 -0.666684 0.259283 -0.525095 0.724216 0.446975 -0.485768 0.176192 -0.856146
-0.619888 -7.463925 -16.803887 22.066252 -0.712192 -0.648649 0.268397 -0.567510 0.757055 0.323727 -0.413177 0.078238 -0.907284
-0.773691 -7.821950 27.052803 4.782928 -0.714397 -0.625813 0.313041 -0.567977 0.779908 0.262953 -0.408703 0.010053 -0.912612
-0.299470 -8.202604 8.696973 -75.706176 0.771892 0.411696 -0.484447 -0.627984 0.612513 -0.480067 -0.099088 -0.674785 -0.731332
-0.334907 -7.821800 1.007310 -63.631077 0.727417 0.435881 -0.529973 -0.677016 0.581788 -0.450745 -0.111861 -0.686680 -0.718302
-0.668191 -8.826614 2.915534 -5.009376 0.779139 0.386018 -0.493895 -0.579636 0.743651 -0.333176 -0.238673 -0.545870 -0.803157
-0.740147 -9.045144 14.327289 -6.484876 0.806239 0.383912 -0.450100 -0.548946 0.769123 -0.327274 -0.220537 -0.510942 -0.830844
-0.796585 -8.571209 10.367001 49.410608 0.812702 0.348432 -0.467022 -0.469149 0.866635 -0.169832 -0.345563 -0.357126 -0.867783
-0.950142 -8.325098 -21.566746 45.682743 0.785180 0.354833 -0.507530 -0.500708 0.846021 -0.183141 -0.364396 -0.397923 -0.841946
-0.567578 -7.068796 5.723318 3.099931 0.772011 0.448565 -0.450320 -0.142397 0.812536 0.565250 0.619453 -0.372255 0.691161
-0.384029 -7.150129 -1.100180 3.942860 0.773995 0.429927 -0.464859 -0.145131 0.835062 0.530668 0.616334 -0.343269 0.708730
-0.706130 -6.801179 3.498081 34.473987 0.779073 0.430855 -0.455421 -0.228381 0.871556 0.433858 0.583855 -0.233997 0.777405
-0.643424 -6.742898 4.334687 33.861900 0.778215 0.449418 -0.438640 -0.223558 0.850973 0.475255 0.586859 -0.271789 0.762711
-0.698485 -7.165709 14.458606 9.858047 0.769596 0.463241 -0.439465 -0.134878 0.790650 0.597227 0.624123 -0.400350 0.670962
-1.025356 -21.103000 61.464365 65.346911 0.041868 0.994191 -0.099155 0.946436 -0.071266 -0.314929 0.320166 0.080658 0.943922
-4.705267 -19.898821 114.689200 412.705941 0.011574 0.993608 -0.112293 0.827936 -0.072494 -0.556118 0.560704 0.086535 0.823482
-1.072606 -20.086443 78.626343 464.512209 -0.171186 0.985113 0.015770 0.824645 0.152023 -0.544840 0.539126 0.080264 0.838392
-5.679608 -16.735981 182.964064 470.297090 -0.102672 0.994308 -0.028461 0.698378 0.051681 -0.713861 0.708327 0.093170 0.699709
-2.800685 -16.004174 110.930700 438.412078 -0.221442 0.973097 0.063608 0.677048 0.200360 -0.708139 0.701833 0.113746 0.703202
0.653741 -17.383655 65.645763 405.835372 -0.322821 0.929606 0.177817 0.662532 0.356122 -0.658960 0.675898 0.094916 0.730857
-0.174140 -15.987309 11.343137 244.790623 -0.273141 0.924530 0.265779 0.572487 0.378257 -0.727447 0.773080 0.046541 0.632599
-0.078140 -13.299948 10.356631 270.035443 -0.275859 0.922347 0.270514 0.391879 0.364903 -0.844557 0.877686 0.126970 0.462110
0.195721 -15.952163 7.017566 245.219185 -0.269880 0.925029 0.267368 0.591151 0.378355 -0.712312 0.760070 0.034184 0.648942
-0.457367 -12.744218 15.538025 260.710745 -0.281906 0.917228 0.281463 0.363549 0.373605 -0.853377 0.887897 0.138247 0.438779
-0.648208 -15.312309 17.371097 208.012211 -0.274125 0.920766 0.277571 0.557465 0.387328 -0.734309 0.783638 0.046556 0.619471
-3.439605 -10.896448 -167.471767 150.980220 0.200356 -0.380313 -0.902895 0.979719 0.075129 0.185758 -0.002812 -0.921801 0.387652
-5.322003 -11.360196 -202.475005 132.864552 0.221794 -0.335533 -0.915546 0.975057 0.068139 0.211239 -0.008493 -0.939561 0.342277
-4.006842 -8.064190 -188.925989 125.388352 0.013463 -0.402030 -0.915527 0.982627 0.174818 -0.062317 0.185104 -0.898783 0.397399
-1.746279 -7.142001 -154.425236 121.485004 -0.021788 -0.429106 -0.902991 0.982645 0.157231 -0.098427 0.184213 -0.889464 0.418233
-1.839289 -10.355126 -104.337399 161.353753 0.165299 -0.398047 -0.902349 0.986159 0.078684 0.145942 0.012909 -0.913984 0.405544
-1.498724 -4.151793 12.967923 -28.935809 0.644152 0.679838 -0.350554 -0.431666 -0.055248 -0.900340 0.631453 -0.731278 -0.257875
-1.641998 -3.776403 -0.427185 -72.685174 0.697413 0.682072 -0.219984 -0.267261 -0.037286 -0.962903 0.664971 -0.730333 -0.156288
-1.737412 -4.395611 -5.840686 -62.864257 0.707068 0.650098 -0.278257 -0.345919 -0.025221 -0.937925 0.616762 -0.759431 -0.207049
-1.144473 -3.417469 29.273000 -17.211022 0.634035 0.712522 -0.300520 -0.364805 -0.067063 -0.928666 0.681848 -0.698438 -0.217412
-1.511920 -4.941672 -2.301943 -15.062008 0.677052 0.645802 -0.352902 -0.470759 0.011463 -0.882187 0.565673 -0.763419 -0.311779
-0.892280 -3.816888 67.171056 -19.370475 0.540308 0.703019 -0.462419 -0.539438 -0.132378 -0.831554 0.645812 -0.698742 -0.307711
-1.086891 -4.758058 36.728392 -3.442114 0.591619 0.681281 -0.431095 -0.559168 -0.038459 -0.828162 0.580791 -0.731011 -0.358198
-1.091852 -18.730434 -7.808410 321.045970 -0.462990 -0.453943 0.761299 0.886353 -0.241313 0.395153 0.004334 0.857732 0.514080
-1.147821 -20.214101 -15.948923 191.861508 -0.477157 -0.437710 0.762057 0.861725 -0.062841 0.503469 -0.172485 0.896917 0.407171
-1.536113 -19.635567 -12.149164 378.970986 -0.466263 -0.470140 0.749378 0.877633 -0.139376 0.458623 -0.111171 0.871517 0.477596
-1.199035 -5.116702 18.877729 16.449594 0.829170 0.343147 -0.441280 -0.235768 0.930443 0.280518 0.506844 -0.128558 0.852398
-3.127616 -5.166600 144.944391 30.457493 0.824347 0.333321 -0.457547 -0.205141 0.929225 0.307341 0.527608 -0.159493 0.834381
-0.388621 -6.092009 -47.356303 35.278007 0.804965 0.441638 -0.396217 -0.260039 0.862843 0.433453 0.533302 -0.245883 0.809402
0.255234 -13.443696 6.600808 -50.728406 -0.451082 -0.512342 0.730774 -0.301517 0.858151 0.415530 -0.840008 -0.032903 -0.541576
0.359380 -13.779290 14.302017 10.206345 -0.438745 -0.524880 0.729386 -0.449751 0.830967 0.327442 -0.777964 -0.184378 -0.600647
0.285096 -13.439597 -7.568879 54.733406 -0.456586 -0.532525 0.712704 -0.410249 0.836849 0.362463 -0.789446 -0.126891 -0.600561
-7.390429 -19.118148 456.940325 1626.016412 0.388453 0.779113 0.492024 -0.765312 0.570178 -0.298655 0.513227 0.260538 -0.817751
1135.052093 -57.994530 168193.506785 4819.175192 -0.648871 0.735585 -0.194631 -0.526143 -0.618536 -0.583598 0.549672 0.276276 -0.788373
222.535739 -32.544846 24237.604473 793.083405 0.026978 0.732412 -0.680328 -0.312707 -0.640235 -0.701650 0.949467 -0.231672 -0.211758
42.493703 -16.796066 -2998.778200 -77.834815 0.620532 -0.762924 -0.181350 0.751439 0.512376 0.415705 -0.224231 -0.394232 0.891236
37.835991 -17.678134 5215.824617 732.753355 -0.396292 0.885937 -0.240973 -0.577982 -0.444657 -0.684263 0.713365 0.131890 -0.688270
27.392285 -25.834149 3690.074335 231.477817 -0.255035 0.922270 -0.290473 -0.490661 -0.382294 -0.783009 0.833192 0.057171 -0.550021
35.583908 -15.100635 -2013.662776 164.841337 0.726409 -0.610016 -0.316560 -0.686755 -0.626594 -0.368439 -0.026399 -0.485037 0.874095
209.289095 -7.313929 1797.914182 -3.732354 0.556482 0.290613 -0.778378 0.252078 0.833623 0.491456 0.791697 -0.469699 0.390639
1.405568 -18.845387 -52.196747 -231.462479 -0.263752 -0.605361 0.750981 0.815464 -0.555787 -0.161617 0.515222 0.569771 0.640240
0.580430 -14.281109 -52.724479 -129.509578 -0.246042 -0.586157 0.771935 0.805779 -0.566324 -0.173200 0.538688 0.579394 0.611652
0.985099 -20.236134 73.796249 -521.763123 0.117351 0.692576 -0.711735 0.775359 -0.511711 -0.370095 0.620522 0.508419 0.597045
1.271121 -14.928310 -64.553708 194.020695 -0.383752 -0.480774 0.788410 0.801689 -0.597174 0.026057 0.458290 0.642059 0.614598
2.917141 -24.858645 71.465570 -610.869129 0.196707 0.681218 -0.705159 0.754647 -0.564354 -0.334682 0.625950 0.466312 0.625092
2.308998 -23.491685 -1.686115 -315.708806 -0.332854 -0.609012 0.719939 0.808656 -0.577073 -0.114287 0.485060 0.544142 0.684562
1.815451 -18.645289 -46.211422 63.942894 -0.399581 -0.515142 0.758264 0.825590 -0.561734 0.053434 0.398417 0.647366 0.649755
3.464366 -6.722596 60.208970 -3.302728 -0.639221 -0.607436 0.471611 -0.447950 0.792586 0.413701 -0.625090 0.053189 -0.778739
2.986172 -6.628642 70.281107 7.098410 -0.620744 -0.635205 0.459556 -0.384090 0.757384 0.528058 -0.683485 0.151278 -0.714117
2.172640 -6.490932 119.205947 6.390779 -0.609120 -0.599171 0.519583 -0.426419 0.799822 0.422434 -0.668685 0.035753 -0.742686
3.518778 -6.995038 -12.182961 -2.472585 -0.661709 -0.623874 0.415839 -0.452868 0.774600 0.441481 -0.597537 0.103812 -0.795093
3.421203 -6.687252 83.471089 -0.767229 -0.639506 -0.586733 0.496766 -0.501094 0.808171 0.309459 -0.583041 -0.051025 -0.810839
3.895232 -6.881435 -14.788126 -8.789994 -0.672327 -0.603470 0.428720 -0.514547 0.797340 0.315421 -0.532183 -0.008531 -0.846586
-7.824999 -9.165329 61.718904 184.572648 0.180205 -0.005510 -0.983614 0.935543 0.309797 0.169663 0.303786 -0.950787 0.060982
-7.137195 -8.932422 81.222409 176.335534 0.297147 0.132180 -0.945638 0.893984 0.309376 0.324160 0.335405 -0.941708 -0.026237
-5.661047 -7.092348 203.970143 61.205752 0.853639 0.442957 0.274024 0.268671 0.076243 -0.960210 0.446224 -0.893295 0.053926
-5.626954 -7.567078 207.857378 69.407930 0.788191 0.437563 0.432775 0.446465 0.077460 -0.891442 0.423585 -0.895845 0.134304
-7.922597 -9.288623 -21.668755 167.452801 0.027554 -0.159672 -0.986786 0.963602 0.266846 -0.016272 0.265918 -0.950420 0.161213
-0.921315 -50.828294 -412.366982 -310.964530 0.690099 -0.454414 0.563268 -0.654269 -0.724408 0.217177 -0.309348 0.518402 0.797222
2.410276 -51.311132 -660.283357 -901.262412 0.714744 -0.386031 0.583199 -0.648872 -0.677168 0.346999 -0.260971 0.626437 0.734487
8.679113 -48.825998 -737.056163 -451.497685 0.748863 -0.379476 0.543326 0.470407 0.881853 -0.032445 -0.466821 0.279881 0.838895
2.695411 -48.877881 -610.905390 -910.436106 0.678954 -0.452669 0.578024 0.472215 0.872097 0.128298 -0.562170 0.185843 0.805870
9.252027 -46.223230 -753.659299 -1442.134857 0.733408 -0.414031 0.539157 0.247364 0.901295 0.355638 -0.633185 -0.127460 0.763434
14.104533 -45.127269 -596.624096 -770.317725 0.821926 -0.372985 0.430487 0.317528 0.927487 0.197343 -0.472877 -0.025509 0.880759
2.442749 -156.477332 -158.562820 -4307.000208 0.860468 -0.499318 0.101372 -0.267716 -0.612371 -0.743861 -0.433501 -0.612930 0.660601
0.570041 -133.848419 -117.012834 1759.755496 0.852764 -0.513062 0.097780 -0.091028 -0.330343 -0.939461 -0.514303 -0.792238 0.328408
-0.459685 -171.935926 -393.630174 -603.164169 0.852056 -0.507168 0.129544 -0.333539 -0.716770 -0.612366 -0.403426 -0.478562 0.779889
1.548221 -113.186241 72.886726 1199.801034 0.884825 -0.463275 0.049598 -0.105140 -0.302241 -0.947415 -0.453905 -0.833082 0.316140
0.686743 -336.906483 -1214.768737 36605.514492 0.776746 -0.629555 0.018084 -0.585723 -0.732624 -0.346686 -0.231506 -0.258695 0.937807
5.196678 -130.819584 -81.696440 1830.292616 0.870613 -0.491933 0.005918 -0.376050 -0.673184 -0.636718 -0.317207 -0.552109 0.771074
-8.977912 -662.725906 165.773791 -101757.022810 -0.829703 0.484950 -0.276437 0.496795 0.867333 0.030463 0.254536 -0.112058 -0.960549
28.417442 -503.483892 -4231.910363 110593.484565 0.945011 -0.300161 0.129835 0.314769 0.942530 -0.112060 0.088737 -0.146766 -0.985183
32.995468 -855.877306 -2625.359521 -135378.966523 0.928654 -0.301010 0.216782 0.366563 0.655089 -0.660674 -0.056857 -0.693002 -0.718690
-6.597576 -188.978375 1601.728296 -2705.386493 0.953131 -0.224706 0.202603 0.296688 0.825401 -0.480302 0.059302 -0.517900 -0.853383
-5.138763 -250.292452 -1062.774318 -15729.483518 -0.868397 0.420123 -0.263407 0.414739 0.906540 0.078587 0.271805 -0.041001 -0.961478
3.655624 -24.400969 194.540656 1031.616504 0.800965 -0.571361 -0.178888 0.056001 -0.225982 0.972520 0.596086 0.788973 0.149007
7.076972 -28.040603 261.881191 1268.106633 0.843638 -0.501246 -0.192423 0.112988 -0.184621 0.976293 0.524889 0.845380 0.099118
4.187662 -30.791796 204.874946 838.039466 0.796747 -0.580810 -0.166896 0.207368 0.003363 0.978257 0.567621 0.814032 -0.123121
1.780386 -26.910634 112.836739 947.427728 0.789880 -0.592374 -0.158690 0.109182 -0.118792 0.986898 0.603464 0.796857 0.029155
1.373446 -21.920644 83.375894 558.131917 0.794121 -0.586500 -0.159338 0.006177 -0.254372 0.967087 0.607728 0.768968 0.198379
-0.578453 -80.689088 -378.876875 5446.131471 0.750140 -0.516211 -0.413299 0.145455 -0.480888 0.864633 0.645083 0.708712 0.285648
3.916311 -413.075556 -298.253956 33249.198179 0.751656 -0.559446 -0.349333 0.147805 -0.373300 0.915861 0.642781 0.740045 0.197904
0.648126 -46.256190 -106.707824 -3191.687635 0.732764 -0.524616 -0.433400 -0.010419 0.628176 -0.778002 0.680403 0.574607 0.454838
-1.722323 -80.386990 -532.251293 -6773.522336 0.739135 -0.565182 -0.366399 0.057722 0.595125 -0.801558 0.671079 0.571310 0.472501
-1.727257 -4.677849 -54.269391 -16.196640 0.466295 0.038717 -0.883782 0.748378 0.515439 0.417435 0.471698 -0.856051 0.211372
-1.285203 -4.551133 -58.688962 5.486717 0.416789 -0.012823 -0.908913 0.749219 0.571059 0.335504 0.514740 -0.820809 0.247618
-0.589127 -4.351022 -46.800482 0.949728 0.447957 0.002800 -0.894051 0.751616 0.540348 0.378284 0.484157 -0.841437 0.239948
-2.557294 -5.346938 83.053562 -102.792012 0.933205 0.203328 -0.296289 -0.309883 0.872812 -0.377057 -0.181938 -0.443687 -0.877520
-2.123651 -5.486923 -6.234668 -103.816199 0.900505 0.287995 -0.325806 -0.395020 0.855013 -0.336024 -0.181795 -0.431291 -0.883707
-2.175865 -3.877552 52.219232 -80.451930 0.940434 0.203386 -0.272430 -0.307940 0.849163 -0.429063 -0.144072 -0.487397 -0.861213
-3.309947 -6.267012 -7.104828 -40.129875 0.770020 0.089514 -0.631710 0.484008 0.563146 0.669778 -0.415700 0.821495 -0.390308
-3.664218 -6.638399 -5.843429 -11.626756 0.762452 0.114454 -0.636842 0.535504 0.440825 0.720353 -0.363184 0.890266 -0.274817
-3.490028 -6.910410 7.573146 -4.066910 0.741050 0.019001 -0.671181 0.608899 0.402286 0.683673 -0.282998 0.915317 -0.286544
1.576678 -17.086327 -1.314820 -279.639419 -0.043623 0.912525 0.406688 -0.894820 -0.216720 0.390295 -0.444291 0.346887 -0.825999
1.370717 -16.696727 35.068134 -183.234307 -0.018947 0.881821 0.471203 -0.867804 -0.248562 0.430270 -0.496545 0.400759 -0.769958
1.134511 -17.554357 5.602307 -200.536600 -0.028272 0.916775 0.398402 -0.739397 -0.287389 0.608851 -0.672676 0.277364 -0.685986
0.935203 -17.917750 -37.740848 -302.943336 -0.054945 0.937024 0.344917 -0.863877 -0.217833 0.454165 -0.500697 0.273012 -0.821442
1.482631 -15.631030 -49.825822 -27.366879 -0.055596 0.936239 0.346936 -0.932987 -0.172463 0.315898 -0.355590 0.306125 -0.883088
-48.391918 -187.005841 -3892.741733 -13357.003348 0.904178 0.398119 -0.154800 -0.426785 0.857069 -0.288595 -0.017779 -0.327008 -0.944854
-39.069239 -276.845894 -2594.950667 2408.920688 0.836036 0.509903 -0.202591 -0.505805 0.573168 -0.644701 0.212616 -0.641465 -0.737100
-27.841051 -244.730114 -1369.284105 -19803.129208 0.823930 0.479954 -0.301303 -0.551730 0.558027 -0.619838 0.129359 -0.676941 -0.724580
-60.150132 -642.063582 -5235.538475 112275.426429 0.905076 0.425107 -0.011010 -0.405676 0.855363 -0.322149 0.127530 -0.296036 -0.946625
-289.187332 -328.313671 -32949.444673 9609.778627 0.956966 0.290164 0.004497 -0.290085 0.956045 0.042751 -0.008105 0.042216 -0.999076
3.670019 -33.744168 -5.245378 -244.183879 0.182158 0.907157 0.379322 -0.187334 0.410728 -0.892305 0.965259 -0.091481 -0.244759
3.551957 -32.101868 15.133156 -393.890922 0.081522 0.902331 0.423264 -0.099839 0.429935 -0.897323 0.991658 -0.030894 -0.125137
4.082389 -34.470109 36.110284 339.305161 0.089300 0.898089 0.430652 -0.425870 0.425291 -0.798600 0.900366 0.112087 -0.420448
1.460337 -32.694364 52.978935 2201.917420 0.243159 -0.792933 -0.558686 0.943477 0.327079 -0.053584 0.225223 -0.514078 0.827646
2.191182 -7.781675 -12.688945 637.683082 0.280393 -0.790240 -0.544885 0.923039 0.377746 -0.072853 0.263399 -0.482523 0.835340
0.763701 -25.890832 73.003966 1546.628589 0.209337 -0.774292 -0.597202 0.934016 0.339125 -0.112287 0.289469 -0.534290 0.794192
-1.922776 -6.838130 3.385810 -67.729756 -0.666867 -0.461701 0.584911 0.728390 -0.238207 0.642421 -0.157276 0.854453 0.495151
-2.496310 -10.582576 -12.612342 -478.924498 0.725410 0.432746 -0.535267 0.676542 -0.305040 0.670255 -0.126772 0.848340 0.514050
-1.755223 -7.501399 -22.768999 -53.659232 -0.650689 -0.447600 0.613399 0.746485 -0.229019 0.624748 -0.139157 0.864410 0.483147
-7.985359 -10.474165 -92.267942 -124.089430 0.938595 0.234003 -0.253538 -0.075186 -0.578465 -0.812234 0.336728 -0.781422 0.525351
-5.583002 -9.368724 -21.674209 -52.293172 0.844977 -0.063920 -0.530969 -0.451030 -0.618672 -0.643286 0.287377 -0.783045 0.551593
-3.256104 -5.858805 106.355957 -32.233312 0.729026 0.589004 -0.348706 -0.450496 0.796430 0.403427 0.515340 -0.137018 0.845962
-3.742041 -5.761398 60.709284 33.692000 0.792256 0.448884 -0.413321 -0.363412 0.891240 0.271334 0.490166 -0.064760 0.869220
-4.377056 -5.509310 -2.395868 42.178195 0.812746 0.391161 -0.431782 -0.346266 0.920321 0.181960 0.468554 0.001624 0.883433
-4.732988 -5.425261 3.700585 19.076529 0.785283 0.484905 -0.384965 -0.435836 0.874566 0.212557 0.439747 0.000864 0.898121
-4.876813 -5.458167 53.249375 -1.798923 0.869353 0.304352 -0.389352 -0.275134 0.952540 0.130265 0.410520 -0.006122 0.911831
-4.291072 -6.834011 206.076014 125.557761 0.410328 0.399165 -0.819938 -0.091485 0.912598 0.398491 0.907338 -0.088500 0.410982
-1.191365 -5.512721 246.233593 -56.388862 0.335200 0.707410 -0.622264 0.305599 -0.706401 -0.638441 0.891207 -0.023842 0.452969
1.524780 -5.363925 171.464376 68.774028 0.354664 0.683925 -0.637543 -0.237220 0.725378 0.646184 0.904401 -0.077940 0.419506
1.226989 -5.302521 198.687277 -27.855532 0.334688 0.719547 -0.608470 0.293765 -0.693201 -0.658160 0.895369 -0.041531 0.443384
-2.626644 -15.768780 23.243612 -297.287217 0.457971 0.852002 -0.253684 -0.849810 0.503356 0.156385 -0.260934 -0.143963 -0.954562
-2.139115 -14.276919 49.274073 386.403583 0.459865 0.866551 -0.193943 0.880333 -0.473511 -0.028293 -0.116352 -0.157723 -0.980605
-1.348407 -15.069904 51.326933 -372.511844 0.476688 0.866027 -0.150881 -0.870417 0.489017 0.056892 -0.123053 -0.104209 -0.986914
-2.074913 -4.222429 -27.531812 -83.712553 0.368353 0.859986 -0.353185 0.085919 0.346781 0.934002 -0.925707 0.374388 -0.053849
-2.387084 -4.351338 -16.954514 -110.051509 0.398985 0.827118 -0.395836 0.084504 0.396681 0.914059 -0.913055 0.398146 -0.088375
-1.646612 -2.797354 -58.503008 -91.850267 0.348126 0.936439 0.043485 -0.137941 0.005288 0.990426 -0.927244 0.350791 -0.131014
-2.474754 -5.440877 -17.614524 -49.493844 0.366109 0.773461 -0.517419 0.231974 0.462613 0.855673 -0.901195 0.433298 0.010056
-1.336477 -2.871310 -57.063473 -73.277055 0.333875 0.942448 0.017853 -0.100240 0.016666 0.994824 -0.937272 0.333937 -0.100035
-2.185483 -5.055242 -25.577776 -29.917282 0.330560 0.793927 -0.510304 0.243117 0.450821 0.858868 -0.911934 0.407971 0.043993
-1.761011 -4.011170 -37.486474 -57.427528 0.342368 0.882595 -0.322195 0.096690 0.308002 0.946460 -0.934577 0.355191 -0.020112
0.806172 -10.041163 15.637741 35.509751 0.745472 -0.487504 -0.454546 0.514382 -0.012921 0.857464 0.423890 0.873025 -0.241131
-1.236079 -11.609019 -8.815984 -12.010504 0.568350 0.754154 -0.328982 0.460482 -0.622906 -0.632412 0.681861 -0.207941 0.701303
-1.521064 -11.794967 -2.971736 -6.297798 0.561330 0.731468 -0.387121 0.433470 -0.658333 -0.615388 0.704991 -0.177630 0.686612
0.705768 -4.450458 9.749088 -34.772549 0.585421 0.637799 -0.500495 -0.396651 0.763732 0.509295 0.707071 -0.099630 0.700089
0.947050 -4.490631 15.924053 -30.987082 0.567225 0.680275 -0.464200 -0.424293 0.724475 0.543241 0.705855 -0.111183 0.699577
0.307591 -3.856355 4.838357 -32.670878 0.584608 0.633650 -0.506677 -0.335945 0.757519 0.559737 0.738495 -0.157011 0.655723
1.425189 -4.990366 37.525933 -25.093705 0.574025 0.655931 -0.490153 -0.476524 0.754387 0.451469 0.665897 -0.025585 0.745604
0.960201 -4.982919 25.675263 -28.180505 0.593126 0.614527 -0.520152 -0.449010 0.788744 0.419848 0.668275 -0.015469 0.743754
0.412997 -4.400550 7.782293 -34.020538 0.595750 0.611244 -0.521021 -0.380815 0.786123 0.486817 0.707150 -0.091609 0.701103
0.650936 -18.035997 12.089235 -267.187575 0.818335 -0.560619 0.126628 0.537672 0.668899 -0.513305 -0.203067 -0.488140 -0.848813
-5.836554 -174.295480 -2100.297539 12194.862574 -0.282560 0.947008 0.152763 0.845825 0.170849 0.505363 -0.452483 -0.272006 0.849277
10.599915 -6.197913 -322.368631 -8.307161 0.827814 0.549234 -0.114307 -0.480919 0.799669 0.359509 0.288863 -0.242634 0.926114
5.887522 -35.959757 131.185767 -140.023991 0.818369 -0.572853 0.045951 0.333186 0.538090 0.774239 0.468251 0.618303 -0.631223
5.866122 -32.198841 203.341539 -1118.236165 0.814307 -0.577335 0.059905 0.484587 0.733019 0.477345 0.319500 0.359675 -0.876672
3.737341 -32.745466 -212.914369 -576.506413 -0.762485 0.634237 -0.127907 0.457296 0.668132 0.586924 0.457708 0.389030 -0.799475
1.932468 -34.505800 -173.368786 450.572175 0.907332 -0.401464 -0.124798 -0.008397 -0.314090 0.949356 0.420330 0.860333 0.288355
3.679278 -33.491551 -34.998501 560.834904 0.882252 -0.442529 -0.160623 -0.059796 -0.443758 0.894150 0.466965 0.779261 0.417967
4.388286 -34.876803 3.485564 148.712396 0.871591 -0.456665 -0.178287 0.006529 -0.352833 0.935663 0.490190 0.816680 0.304545
0.800667 -64.610141 -46.918296 3153.905338 0.834669 -0.525545 0.164714 -0.332269 -0.241994 0.911612 0.439233 0.815623 0.376607
0.328180 -111.135899 -198.429381 6641.395720 0.825657 -0.521751 0.214631 -0.198431 0.087563 0.976196 0.528125 0.848592 0.031235
