17930
35841
-2.836551 -4.374476 -4.601740 -31.767132 0.648677 0.739070 0.181642 -0.584957 0.636850 -0.502243 0.486871 -0.219541 -0.845434
-3.270209 -5.030810 3.800521 -28.376241 -0.768861 -0.578254 -0.272901 -0.476035 0.802600 -0.359476 0.426899 -0.146477 -0.892357
-4.277561 -5.205673 25.057479 -57.717896 -0.871267 -0.184699 -0.454730 -0.081319 0.968010 -0.237370 0.484025 -0.169835 -0.858415
-2.826659 -4.297775 14.570602 -23.164117 0.594815 0.802074 0.053593 -0.694506 0.546325 -0.468178 0.404792 -0.241259 -0.882008
-3.683697 -4.470364 -21.617165 -57.863116 -0.814267 0.036914 -0.579315 0.181215 0.964266 -0.193266 0.551480 -0.262351 -0.791860
-2.777289 -3.991529 -5.926712 -21.968729 0.531650 0.846216 0.035608 -0.690259 0.457263 -0.560761 0.490807 -0.273550 -0.827212
4.599178 -6.626505 42.972317 39.691712 0.712818 0.578998 0.395792 0.615102 -0.244974 -0.749425 0.336957 -0.777656 0.530765
3.779984 -5.990031 77.277370 43.948740 0.647293 0.683171 0.338068 0.565558 -0.133098 -0.813898 0.511035 -0.718027 0.472526
4.814145 -5.470388 10.031045 35.812605 0.725345 0.529400 0.440011 0.566086 -0.095021 -0.818851 0.391690 -0.843034 0.368609
5.046529 -6.040611 -19.046504 59.878614 0.755993 0.420431 0.501710 0.597893 -0.131517 -0.790713 0.266457 -0.897742 0.350798
4.466283 -4.882782 -19.017199 28.596210 0.754300 0.386989 0.530350 0.583221 -0.024037 -0.811958 0.301471 -0.921771 0.243831
2.974555 -19.395934 -46.774758 678.901232 0.483066 0.711623 0.510138 0.004627 0.580543 -0.814217 0.875572 -0.395681 -0.277147
0.426973 -8.932538 -9.313456 262.130980 0.498523 0.863008 -0.081801 -0.416542 0.155720 -0.895681 0.760242 -0.480591 -0.437109
0.291296 -4.958440 -45.154749 49.963292 0.584258 0.807101 0.085030 -0.200346 0.244968 -0.948605 0.786450 -0.537195 -0.304824
1.420716 -4.102367 -42.728885 -12.175151 0.536002 0.763449 0.360343 0.082913 0.377168 -0.922426 0.840135 -0.524300 -0.138863
-0.438341 -1.618488 -22.479997 2.597373 -0.973544 0.010358 -0.228263 0.032543 0.995074 -0.093642 0.226169 -0.098593 -0.969086
-0.787034 -1.855984 -21.331298 -8.092639 -0.963529 -0.170908 -0.205916 -0.153766 0.983367 -0.096675 0.219014 -0.061486 -0.973783
-0.120161 -1.325558 -12.129408 -8.996791 -0.967504 -0.150656 -0.203073 -0.128792 0.984750 -0.116962 0.217597 -0.087007 -0.972153
-0.853693 -2.071192 -24.011446 15.713760 -0.952132 0.189468 -0.239887 0.208833 0.976240 -0.057823 0.223232 -0.105152 -0.969077
0.021771 -1.391827 -8.637285 8.000253 -0.975581 0.017429 -0.218946 0.040517 0.994019 -0.101412 0.215869 -0.107807 -0.970453
-0.342433 -1.794809 -19.131597 21.750152 -0.955209 0.169840 -0.242344 0.193658 0.977969 -0.077928 0.223769 -0.121370 -0.967056
-0.823095 -3.818510 8.839646 -11.463666 0.880219 0.431606 0.197310 0.252730 -0.074416 -0.964671 0.401675 -0.898987 0.174582
-0.969965 -3.498413 15.029065 -10.405078 0.882231 0.430520 0.190580 0.291007 -0.180422 -0.939555 0.370112 -0.884365 0.284458
-0.981011 -3.816910 3.607671 -7.068712 0.890213 0.401836 0.214589 0.242237 -0.018624 -0.970038 0.385800 -0.915522 0.113919
-0.899351 -4.035245 2.553501 -5.638788 0.879489 0.413187 0.236168 0.210882 0.106521 -0.971690 0.426647 -0.904395 -0.006550
-0.794527 -4.149000 9.853994 -11.706436 0.861766 0.447076 0.239756 0.239741 0.057604 -0.969127 0.447084 -0.892639 0.057541
0.398255 -0.552456 3.111030 5.473931 -0.790026 -0.151524 -0.594053 0.043656 0.952612 -0.301040 0.611516 -0.263763 -0.745974
0.239980 -0.789577 -4.376418 -19.565706 -0.630905 0.400544 -0.664472 0.462933 0.881617 0.091892 0.622617 -0.249631 -0.741642
0.247094 -0.909975 6.942068 -5.431779 -0.791805 0.059579 -0.607862 0.203599 0.964056 -0.170717 0.575841 -0.258934 -0.775474
0.432713 -1.041674 10.620706 9.002665 -0.811042 -0.317715 -0.491191 -0.092853 0.898932 -0.428136 0.577572 -0.301628 -0.758572
0.236160 -8.115137 0.241981 73.075063 -0.540157 -0.518637 -0.662756 0.745439 0.070636 -0.662820 0.390578 -0.852071 0.348458
0.309117 -7.794147 11.277858 50.712675 -0.570293 -0.498430 -0.652942 0.750523 0.006925 -0.660808 0.333888 -0.866902 0.370134
0.240198 -6.848948 8.360911 64.573007 -0.544973 -0.513097 -0.663126 0.670259 0.208569 -0.712216 0.503744 -0.832604 0.230243
-0.063382 -10.162288 4.976423 56.318183 0.720872 0.406368 0.561435 -0.599558 -0.040719 0.799295 -0.347669 0.912802 -0.214288
0.121612 -10.624446 1.722526 72.436408 0.700503 0.416230 0.579696 -0.615173 -0.059560 0.786139 -0.361742 0.907306 -0.214332
-0.101786 -10.662333 3.116306 39.527033 0.701909 0.414656 0.579124 -0.681084 0.152791 0.716087 -0.208444 0.897059 -0.389661
-0.370409 -10.124083 6.983571 19.224061 0.710140 0.413253 0.570020 -0.678031 0.183300 0.711811 -0.189674 0.891977 -0.410367
-0.425294 -9.819562 9.594343 36.002764 0.726716 0.404785 0.555008 -0.602449 -0.012647 0.798057 -0.330060 0.914325 -0.234671
35.400548 -2.908875 -4034.323743 -2.674368 0.573369 0.363756 0.734119 0.765667 0.080956 -0.638123 -0.291552 0.927970 -0.232098
57.865560 -2.303704 -6000.269895 -13.246344 0.648168 0.243687 0.721453 0.728187 0.078797 -0.680833 -0.222758 0.966648 -0.126376
39.949211 -1.368485 -4694.884903 -70.818826 0.617583 0.395775 0.679671 0.696871 0.125289 -0.706168 -0.364639 0.909761 -0.198428
69.305460 -2.230480 -2565.419583 28.329291 0.070107 0.990787 0.115873 0.691527 0.035446 -0.721481 0.718941 -0.130710 0.682671
41.418713 -1.022407 -872.136584 15.535666 0.102576 0.987358 0.120837 0.733640 0.006943 -0.679503 0.671751 -0.158352 0.723654
80.411168 -0.002242 -2888.371653 -69.706237 -0.607351 0.789683 -0.086748 0.612020 0.395475 -0.684859 0.506515 0.469041 0.723494
0.520783 -1.751922 -1.687866 -7.085691 0.771488 0.475727 0.422482 0.603490 -0.336842 -0.722729 0.201512 -0.812540 0.546966
0.410623 -1.920366 7.431302 -8.120264 0.756195 0.509340 0.410782 0.607224 -0.312309 -0.730576 0.243821 -0.801895 0.545450
0.467134 -2.092894 -3.044249 -11.983970 0.772659 0.468244 0.428655 0.592484 -0.289445 -0.751787 0.227947 -0.834847 0.501070
1.013230 -8.678340 7.331577 37.761760 0.684474 0.383456 0.620046 0.414444 0.495040 -0.763657 0.599776 -0.779677 -0.179921
0.655061 -8.733059 11.689066 12.290496 0.675138 0.388104 0.627347 0.532302 0.332474 -0.778535 0.510729 -0.859556 -0.017877
0.639292 -8.607394 15.382256 20.778683 0.638644 0.398973 0.657992 0.439993 0.512180 -0.737616 0.631300 -0.760586 -0.151555
0.887054 -9.077695 2.656106 27.728022 0.720827 0.365360 0.588999 0.507944 0.299736 -0.807559 0.471594 -0.881289 -0.030475
1.160032 -8.202028 -6.213362 27.129933 -0.675877 -0.387677 -0.626815 0.291893 0.640132 -0.710654 0.676749 -0.663278 -0.319490
1.303177 -7.977820 -2.467881 32.305432 0.719649 0.355322 0.596534 0.287512 0.629528 -0.721825 0.632015 -0.690971 -0.350879
1.179077 -8.627538 -4.345040 48.503623 0.731923 0.346220 0.586874 0.399556 0.479599 -0.781242 0.551946 -0.806298 -0.212695
-0.571756 -14.277771 5.299405 66.203712 0.974647 0.215694 0.059500 0.199984 -0.959023 0.200700 -0.100352 0.183713 0.977844
-0.481038 -14.507365 4.690814 17.934157 0.980772 0.183477 0.066501 0.140173 -0.899377 0.414092 -0.135786 0.396808 0.907803
-0.613687 -13.351851 -3.850569 63.245358 0.971611 0.215632 0.097344 0.186492 -0.951234 0.245713 -0.145581 0.220584 0.964442
-0.600455 -12.212540 -1.111602 -76.025890 0.965102 0.248435 0.082814 -0.246003 0.968502 -0.038545 -0.089781 0.016828 0.995819
-0.780264 -12.362761 -14.102439 -77.615943 0.961623 0.242776 0.127834 -0.228841 0.966708 -0.114485 -0.151372 0.080838 0.985166
-0.677876 -13.869037 -3.524783 57.531929 0.973203 0.195890 0.120432 0.141278 -0.922588 0.358987 -0.181431 0.332353 0.925540
1.329698 -10.133001 -4.872016 56.860984 0.700570 0.285784 0.653857 -0.696463 0.074325 0.713733 -0.155376 0.955407 -0.251107
0.843643 -9.989014 -20.973457 -11.847820 0.746166 0.299866 0.594404 -0.610249 -0.048852 0.790702 -0.266142 0.952730 -0.146541
1.143854 -10.942784 -16.591080 29.557202 0.732543 0.308966 0.606565 -0.658244 0.094420 0.746860 -0.173482 0.946375 -0.272541
1.759731 -10.912355 -2.966369 -64.301394 0.692150 0.299248 0.656795 0.720508 -0.233034 -0.653118 -0.042389 0.925281 -0.376905
-0.232754 -15.144768 9.660422 -44.621479 0.986721 0.145001 0.073191 0.041275 -0.659663 0.750427 -0.157094 0.737441 0.656888
-0.098374 -14.567216 5.622219 -46.948852 0.986078 0.139154 0.091031 -0.015253 -0.469437 0.882834 -0.165583 0.871932 0.460778
-0.274203 -14.977182 0.948212 -27.351862 0.984637 0.143137 0.100006 0.012826 -0.630477 0.776102 -0.174140 0.762896 0.622627
-1.226843 -4.673734 -18.530432 -53.687752 0.674643 -0.518937 0.524939 0.361770 -0.387437 -0.847948 -0.643412 -0.761969 0.073646
-1.537843 -3.889435 -4.536329 -35.900686 0.695829 -0.473735 0.539811 0.333817 -0.452162 -0.827113 -0.635915 -0.755728 0.156487
-1.415080 -3.803801 -9.159818 -34.317024 0.683577 -0.496923 0.534594 0.319523 -0.454787 -0.831309 -0.656223 -0.739078 0.152103
0.938801 -10.707857 -17.127235 -99.460533 0.885284 0.363112 0.290556 0.216865 0.230353 -0.948634 0.411391 -0.902822 -0.125181
0.763729 -9.764770 -7.143051 -121.109500 0.894685 0.354667 0.271570 0.200009 0.225542 -0.953482 0.399419 -0.907382 -0.130852
0.917449 -8.951973 -7.581990 -67.030552 0.868570 0.356624 0.344102 0.309405 0.152153 -0.938679 0.387111 -0.921775 -0.021814
-15.837675 -234.683374 455.391915 2971.017667 -0.640650 -0.665976 -0.382157 0.646241 -0.198892 -0.736759 0.414656 -0.718970 0.557801
-4.502267 -202.815329 -189.608699 -6949.764882 0.704291 0.608912 0.364968 -0.585218 0.789005 -0.187060 -0.401865 -0.081841 0.912034
0.043625 -140.414009 -60.478831 -855.194295 0.682022 0.640038 0.353832 -0.595987 0.766820 -0.238300 -0.423847 -0.048354 0.904442
0.995072 -3.390214 7.836690 2.844432 0.640724 0.533078 0.552540 0.338225 0.450097 -0.826448 0.689258 -0.716408 -0.108087
1.211053 -3.461254 8.987992 -0.299766 0.644089 0.545234 0.536535 0.407005 0.349609 -0.843872 0.647685 -0.761901 -0.003266
0.823810 -3.335760 10.849574 3.970673 0.635150 0.570749 0.520414 0.308615 0.430123 -0.848381 0.708055 -0.699457 -0.097051
1.246180 -3.491301 1.663102 0.084349 0.651470 0.501803 0.569017 0.430146 0.373511 -0.821866 0.624949 -0.780181 -0.027482
0.659329 -3.145929 7.132526 8.012427 0.635512 0.550786 0.541073 0.242284 0.523127 -0.817090 0.733092 -0.650364 -0.199007
0.802588 -3.207355 -4.714221 6.192411 -0.640526 -0.515720 -0.568999 0.270478 0.541958 -0.795690 0.718726 -0.663562 -0.207647
1.031909 -3.428001 3.181240 2.521152 0.647508 0.494261 0.580033 0.360110 0.472342 -0.804496 0.671606 -0.729793 -0.127857
-1.612120 -3.443740 21.119938 -6.591514 0.604652 0.681415 0.412394 0.733716 -0.677997 0.044509 -0.309931 -0.275668 0.909917
-1.295854 -3.144321 27.785620 -11.157489 0.510098 0.777704 0.367390 0.776247 -0.600223 0.192802 -0.370459 -0.186838 0.909864
-1.818118 -3.493795 11.685164 11.917041 0.573436 0.680824 0.455687 -0.723421 0.681849 -0.108372 -0.384492 -0.267509 0.883519
-2.019189 -3.814006 2.026392 -1.114325 -0.664239 -0.562632 -0.492170 0.669484 -0.740647 -0.056861 -0.332533 -0.367270 0.868640
-1.905947 -3.780712 6.679463 -3.072710 0.693512 0.568792 0.442174 0.672585 -0.731122 -0.114412 -0.258206 -0.376745 0.889602
0.207138 -3.908946 31.889666 12.715854 0.987271 0.158788 -0.009091 0.134484 -0.863944 -0.485299 0.084914 -0.477899 0.874301
-0.520145 -3.939960 38.730418 13.788637 0.990139 0.137392 -0.027348 0.106111 -0.863021 -0.493898 0.091459 -0.486126 0.869089
-0.242707 -3.440703 28.763361 17.328318 0.990961 0.131129 -0.028302 0.088871 -0.799757 -0.593710 0.100487 -0.585828 0.804181
0.132028 -4.328228 50.515252 12.128514 0.986027 0.164758 -0.024598 0.144368 -0.918833 -0.367292 0.083116 -0.358608 0.929781
0.801434 -4.243153 36.638652 10.300104 0.975789 0.218673 0.004355 0.206820 -0.916057 -0.343606 0.071148 -0.336188 0.939104
1.036280 -3.418437 -2.758099 -20.052474 -0.670964 -0.556510 -0.490003 -0.465993 0.830505 -0.305141 0.576765 0.023600 -0.816569
0.972554 -3.416371 -1.480323 0.379937 -0.677964 -0.515161 -0.524379 -0.489999 0.848462 -0.200033 0.547965 0.121330 -0.827655
1.077547 -3.662891 -3.777367 -1.618339 -0.684066 -0.536133 -0.494585 -0.502692 0.837830 -0.212934 0.528540 0.102963 -0.842641
13.931392 -406.269176 876.634934 -25881.233879 -0.664974 0.515328 0.540598 -0.275197 0.503831 -0.818792 0.694317 0.693247 0.193218
-22.978144 -157.324255 908.932271 217.754900 -0.662799 0.594516 0.455245 -0.220592 0.425961 -0.877437 0.715568 0.681988 0.151181
-5.210342 -211.591521 -927.556171 6449.300150 0.771154 -0.558260 -0.306050 0.373793 0.007876 0.927479 0.515363 0.829629 -0.214748
11.139993 -155.351516 -999.983884 3080.602664 0.814743 -0.476197 -0.330804 0.375005 -0.002372 0.927020 0.442229 0.879336 -0.176644
-16.800137 -21.154268 102.164346 262.814561 0.753870 0.560529 -0.342764 0.654611 -0.596126 0.464885 -0.056251 0.574840 0.816330
-16.931523 -28.216262 229.467986 361.474888 0.768190 0.369480 -0.522846 0.619990 -0.633006 0.463591 0.159677 0.680285 0.715343
-16.518883 -21.660451 -91.911088 -131.036942 -0.648023 -0.623052 0.438034 0.691213 -0.239598 0.681775 -0.319829 0.744580 0.585927
-3.473534 -5.663734 14.394220 -6.518698 0.688361 0.638305 0.344566 -0.608280 0.249179 0.753595 -0.395165 0.728338 -0.559793
-3.572114 -5.553227 8.399148 20.823142 0.692876 0.690447 0.207861 -0.501081 0.253765 0.827358 -0.518499 0.677411 -0.521797
-3.223257 -5.595640 16.354116 24.888239 0.728514 0.610522 0.310693 -0.502847 0.168601 0.847773 -0.465201 0.773846 -0.429827
-4.251994 -5.929507 -12.244698 2.563065 0.608079 0.593884 0.526822 0.702102 -0.092578 -0.706032 -0.370529 0.799207 -0.473262
0.090736 -2.067486 -9.287630 -3.022430 0.839955 0.531913 0.107442 0.022616 -0.232134 0.972421 -0.542185 0.814360 0.207012
-0.397998 -2.497179 11.748869 4.483981 0.819809 0.454453 0.348405 -0.210296 -0.326977 0.921337 -0.532625 0.828588 0.172488
-0.411149 -2.042452 26.767731 11.096221 0.864863 0.500974 0.032204 0.071522 -0.186461 0.979856 -0.496887 0.845137 0.197094
-0.018273 -1.814854 29.197013 16.156281 0.850519 0.520828 -0.073183 0.183452 -0.163372 0.969358 -0.492912 0.837883 0.234497
0.052723 -1.012075 -20.140413 15.111255 0.504378 0.673619 0.540222 0.862442 -0.362297 -0.353460 -0.042377 0.644188 -0.763693
-0.464476 -0.886858 -23.660294 13.466465 0.543328 0.655217 0.524868 0.838720 -0.396344 -0.373444 -0.036658 0.643120 -0.764888
0.100302 -0.771066 -19.557506 2.345832 0.581688 0.634135 0.509423 0.812805 -0.428963 -0.394129 -0.031407 0.643322 -0.764951
0.459589 -0.881180 -12.463846 3.525374 0.545637 0.644521 0.535606 0.837493 -0.396669 -0.375846 -0.029782 0.653641 -0.756219
0.489759 -0.991687 -9.637538 -11.308319 0.637366 0.589503 0.496237 0.770391 -0.473954 -0.426456 -0.016204 0.654105 -0.756230
0.150537 -0.939644 -18.002774 -12.326009 0.680860 0.571198 0.458435 0.732085 -0.512017 -0.449322 -0.021926 0.641539 -0.766777
2.699111 -8.697383 -21.406754 -65.927787 -0.264931 0.964078 -0.019090 -0.578755 -0.143146 0.802840 -0.771268 -0.223746 -0.595889
1.694155 -8.037014 15.234848 55.921270 -0.218144 0.975785 0.016048 -0.247038 -0.071120 0.966392 -0.944132 -0.206848 -0.256571
2.389113 -7.893403 7.609536 2.670688 -0.246100 0.962892 -0.110784 -0.470934 -0.018890 0.881966 -0.847145 -0.269224 -0.458108
-0.437493 -3.483358 5.877229 -6.785012 0.704411 0.601826 0.376311 -0.392835 0.772126 -0.499501 -0.591173 0.204026 0.780313
-0.443371 -3.727284 -3.106492 -14.034207 0.645489 0.688752 0.330097 -0.472782 0.699758 -0.535552 -0.599851 0.189629 0.777316
-0.063297 -3.188181 8.106840 -12.048097 0.720462 0.566588 0.399891 -0.416725 0.814619 -0.403406 -0.554324 0.123994 0.823013
0.508606 -3.112962 23.208032 -10.607891 0.755701 0.491964 0.432306 -0.343933 0.859858 -0.377299 -0.557339 0.136441 0.818998
0.261062 -2.693909 9.171956 -17.416208 0.732345 0.541781 0.412487 -0.440948 0.838926 -0.319011 -0.518880 0.051741 0.853280
0.750184 -2.717357 21.364247 -19.956598 0.764863 0.468095 0.442574 -0.370690 0.881693 -0.291903 -0.526853 0.059208 0.847892
-0.387861 -5.390171 0.388112 -17.233620 0.835348 0.546378 0.060537 0.309725 -0.558771 0.769315 -0.454162 0.623896 0.635996
-0.271183 -4.710509 -1.306755 -10.521348 0.847794 0.516333 0.121015 0.181354 -0.496702 0.848762 -0.498353 0.697629 0.514741
-0.315336 -5.108644 -3.689962 -14.211408 0.830434 0.550557 0.085245 0.303843 -0.575824 0.759016 -0.466968 0.604412 0.645467
1.955377 -8.700057 3.833584 65.637403 -0.438605 -0.459849 -0.772117 0.565671 0.526344 -0.634806 0.698314 -0.715193 0.029266
1.559026 -7.084256 -6.072109 44.421703 -0.391572 -0.508162 -0.767101 0.451122 0.620582 -0.641379 0.801973 -0.597202 -0.013759
1.624424 -7.215298 -1.185987 56.713172 -0.426940 -0.449115 -0.784868 0.416288 0.672894 -0.611487 0.802762 -0.587800 -0.100324
-0.389661 -7.903179 -14.720751 -60.428911 0.720505 0.649203 0.243739 -0.294396 0.604605 -0.740124 0.627856 -0.461507 -0.626744
-0.386093 -8.868363 10.732458 -40.988266 -0.709178 -0.653527 -0.264517 -0.422571 0.694334 -0.582524 0.564358 -0.301336 -0.768568
-0.735745 -7.659109 -15.635548 -58.891892 0.694752 0.678710 0.238059 -0.282455 0.561849 -0.777525 0.661467 -0.472946 -0.582051
-0.625218 -6.202038 -15.945473 -60.213610 0.698893 0.672718 0.242897 -0.133047 0.455962 -0.879998 0.702743 -0.582708 -0.408172
-1.950935 -2.569370 -27.707996 -3.515233 0.772457 0.592610 0.228307 -0.629027 0.763423 0.146663 0.087381 0.256902 -0.962479
-2.494928 -2.663986 -23.730521 5.568840 0.516519 0.801567 0.301162 0.845928 -0.532187 -0.034383 0.132714 0.272521 -0.952953
-2.021002 -2.447160 -20.567692 0.670018 0.603662 0.756359 0.252018 0.786153 -0.617278 -0.030500 0.132497 0.216537 -0.967242
-1.532265 -2.340943 -20.737305 1.762862 0.757431 0.622152 0.198056 -0.646514 0.757040 0.094394 0.091209 0.199543 -0.975635
1.467006 -17.718266 -43.157747 -176.511388 0.241809 0.895576 -0.373459 0.821989 -0.393584 -0.411613 0.515618 0.207447 0.831326
1.329563 -17.373331 -55.123545 -270.140478 0.220703 0.909559 -0.352127 0.893186 -0.333510 -0.301647 0.391803 0.247940 0.886011
4.388178 -18.082704 -114.219792 -122.161294 0.166479 0.914932 -0.367673 0.766118 -0.354763 -0.535916 0.620764 0.192463 0.760007
1.811830 -17.338203 -38.644728 -19.900461 0.246191 0.884841 -0.395532 0.700233 -0.444537 -0.558624 0.670122 0.139436 0.729036
-1.603335 -3.768367 -140.714658 -24.643122 0.761864 -0.642531 -0.081965 0.577187 0.615997 0.536100 0.293970 0.455744 -0.840166
-0.565869 -2.511361 -23.347839 -13.374634 0.789468 -0.613758 0.006442 0.529178 0.685916 0.499489 0.310984 0.390922 -0.866296
0.496411 -3.525861 74.205319 -42.072633 -0.557348 0.808790 0.187673 0.756700 0.401781 0.515730 0.341714 0.429454 -0.835943
-1.981476 -4.716851 203.361948 -50.397982 -0.630336 0.744352 0.220492 0.701291 0.424147 0.572966 0.332968 0.515791 -0.789362
2.559782 -3.567911 60.263334 40.287772 -0.414246 0.883450 0.218899 -0.820644 -0.258526 -0.509615 0.393628 0.390744 -0.832091
0.201321 -4.551152 145.653740 -47.658455 -0.520079 0.812372 0.263762 0.758216 0.296945 0.580458 0.393225 0.501872 -0.770388
-1.251506 -12.603935 -14.314412 32.710979 0.246107 0.801695 0.544716 0.582940 -0.571425 0.577628 -0.774347 -0.175379 0.607972
-1.874663 -13.122829 -17.282495 48.119149 0.263893 0.817581 0.511782 0.564144 -0.561201 0.605636 -0.782369 -0.128896 0.609331
-1.254090 -13.148286 -11.347574 1.732214 0.252525 0.793650 0.553490 0.378972 -0.607454 0.698126 -0.890287 -0.033464 0.454169
-3.462637 -15.346060 -29.106340 28.180496 -0.165890 0.968772 0.184284 -0.750206 -0.245267 0.614031 -0.640055 0.036390 -0.767467
-3.214105 -11.458176 -2.055370 11.133854 -0.226213 0.952145 0.205544 -0.834483 -0.298278 0.463323 -0.502460 0.066713 -0.862023
-1.971648 -10.742869 -0.764109 -16.885603 0.029123 0.998674 0.042442 -0.706037 -0.009505 0.708111 -0.707576 0.050588 -0.704825
-1.796121 -13.340054 -11.902504 -11.852621 0.091865 0.995630 -0.016801 -0.547176 0.064569 0.834523 -0.831961 0.067470 -0.550716
-0.823568 -10.153658 6.313474 -33.768968 0.199836 0.970785 -0.132826 -0.494044 0.216897 0.841948 -0.846160 0.102630 -0.522954
-1.215681 -8.869170 5.973952 -19.200361 0.161510 0.981858 -0.099343 -0.649392 0.181538 0.738467 -0.743105 0.054758 -0.666931
-8.467935 -8.943193 -103.569153 -155.449969 0.604791 -0.777352 0.173067 0.652661 0.359270 -0.667052 0.456356 0.516381 0.724631
-6.906825 -14.278325 -92.995547 309.474622 0.725131 -0.670638 0.156299 -0.508528 -0.368477 0.778219 0.464311 0.643793 0.608232
-6.786480 -8.279744 -34.264450 133.235147 0.704671 -0.691354 0.159589 -0.589131 -0.444751 0.674626 0.395428 0.569409 0.720701
-9.685824 -17.544595 -155.151435 445.017210 0.604581 -0.764343 0.224191 -0.599536 -0.251347 0.759856 0.524441 0.593805 0.610211
-4.594182 -8.149329 88.429206 -82.311044 -0.391024 -0.683785 0.616066 0.821379 -0.561258 -0.101615 0.415255 0.466290 0.781112
-4.900323 -11.372755 -121.623528 -211.160602 0.354472 0.724869 -0.590690 0.774289 -0.581704 -0.249193 0.524239 0.369033 0.767455
-10.232359 -14.957058 5.641559 -374.946206 -0.362636 0.877962 -0.312533 0.770026 0.093382 -0.631141 0.524933 0.469533 0.709918
3.207241 -8.946031 -11.922300 -103.342219 -0.249038 0.967142 0.051149 -0.642171 -0.204431 0.738799 -0.724980 -0.151142 -0.671982
1.625634 -8.632843 25.704050 -12.159516 -0.215554 0.968572 0.124113 -0.383452 -0.200849 0.901457 -0.898054 -0.146721 -0.414695
2.523663 -8.960776 70.826768 -93.441359 -0.200947 0.961346 0.188241 -0.612337 -0.273261 0.741870 -0.764633 -0.033810 -0.643579
-0.867010 -3.894112 61.718564 -19.906645 0.930109 -0.367088 0.011982 0.362199 0.911337 -0.195644 -0.060899 -0.186310 -0.980602
-1.515376 -4.220670 45.094814 3.945104 0.957171 -0.288466 -0.024739 0.282783 0.949795 -0.133878 -0.062116 -0.121148 -0.990689
0.076400 -3.824010 47.991785 -22.974541 0.948966 -0.315319 -0.006157 0.312959 0.943920 -0.105222 -0.038990 -0.097925 -0.994430
0.811715 -3.369814 71.597305 -26.264959 0.905903 -0.422963 0.021012 0.420170 0.891511 -0.169305 -0.052877 -0.162203 -0.985340
1.017433 -3.387517 53.218487 -30.168679 0.918770 -0.394439 -0.016729 0.391842 0.916252 -0.083316 -0.048191 -0.069993 -0.996383
0.444615 -3.907327 -24.304791 -24.338138 -0.957778 0.285461 0.034243 0.285656 0.958332 0.000832 -0.032579 0.010579 -0.999413
-0.138246 -15.086704 -15.209909 -211.683391 0.455495 0.792005 0.406512 -0.203062 0.537028 -0.818759 0.866770 -0.290393 -0.405440
0.326929 -11.840562 -21.686971 -47.958619 0.454995 0.802086 0.386831 -0.060774 0.461357 -0.885131 0.888418 -0.379220 -0.258661
0.453085 -14.945372 -20.251353 -205.959712 0.456087 0.789053 0.411558 -0.219990 0.548069 -0.806985 0.862316 -0.277516 -0.423551
2.082204 -12.757001 16.697906 108.573468 0.429550 0.788463 0.440243 -0.279262 -0.347632 0.895078 -0.858778 0.507424 -0.070862
2.241440 -10.976548 66.036080 84.029986 0.481937 0.753480 0.447220 -0.361096 -0.294253 0.884887 -0.798340 0.587949 -0.130267
2.143631 -9.895105 49.042122 40.899634 0.503287 0.772988 0.386252 -0.197193 -0.332457 0.922273 -0.841319 0.540334 0.014893
2.546444 -10.373962 39.000047 5.103414 0.490041 0.801835 0.341938 -0.037930 -0.372280 0.927345 -0.870874 0.467407 0.152018
1.648256 -8.476554 37.293369 -12.240442 0.536541 0.788819 0.299812 -0.040766 -0.330638 0.942877 -0.842889 0.518115 0.145244
1.002247 -239.273462 10.334363 -7574.687548 0.523476 0.789149 0.321275 -0.122890 0.443051 -0.888034 0.843132 -0.425383 -0.328905
3.330493 -306.085460 162.422101 -7965.720975 0.219860 0.870450 0.440430 -0.280979 0.488849 -0.825880 0.934191 -0.057826 -0.352056
5.824213 -292.857075 118.856307 -7326.015870 0.296430 0.872415 0.388615 0.953458 -0.246812 -0.173209 -0.055195 0.421872 -0.904974
29.776128 -228.771294 -632.346547 13361.711192 -0.267220 -0.847054 -0.459447 0.884692 -0.026651 -0.465413 0.381986 -0.530838 0.756504
7.932681 -179.161352 314.482171 -4444.394264 0.354471 0.899624 0.255005 0.933220 -0.323229 -0.156919 -0.058743 0.293600 -0.954122
22.392693 -3.526119 -1118.807994 -38.776047 0.081666 0.422963 -0.902459 0.586967 0.711384 0.386526 0.805481 -0.561280 -0.190170
-26.435249 -386.079887 -919.600457 -12087.996822 0.578554 0.549731 0.602554 0.560638 0.268542 -0.783307 0.592419 -0.791000 0.152835
8.424951 -146.735688 91.403257 -7074.947108 0.532582 0.820835 0.206364 -0.554317 0.522530 -0.647839 0.639601 -0.230637 -0.733293
16.457944 -66.773246 -553.945646 -1767.358346 -0.125502 -0.619003 -0.775297 0.985644 0.011167 -0.168468 0.112940 -0.785310 0.608715
1.139735 -3.882827 -15.232836 13.448921 0.656973 0.640094 0.398329 -0.293124 0.703648 -0.647270 -0.694597 0.308479 0.649905
1.184161 -3.664133 -2.177193 13.023622 0.718379 0.560344 0.412245 -0.238418 0.755030 -0.610808 -0.653520 0.340505 0.675994
0.804384 -3.892194 -6.163947 4.742704 0.669854 0.639634 0.377046 -0.379244 0.731318 -0.566876 -0.638333 0.236732 0.732454
0.656963 -4.010880 -10.086214 -4.720239 0.633467 0.688751 0.352620 -0.435019 0.693886 -0.573831 -0.639905 0.210106 0.739173
2.564600 -1.344474 -42.309943 6.041814 -0.619899 0.780890 0.077045 0.495076 0.313044 0.810496 -0.608789 -0.540569 0.580656
2.760868 -1.373727 -47.904983 -4.066906 -0.629328 0.772604 0.083843 0.508903 0.328167 0.795817 -0.587337 -0.543498 0.599705
1.864894 -1.336594 50.942685 3.626617 0.603894 -0.777234 -0.176689 -0.551403 -0.247305 -0.796740 -0.575557 -0.578574 0.577916
1.422004 -1.535229 16.098261 14.603041 0.731670 -0.272360 0.624883 0.318814 0.946995 0.039459 -0.602509 0.170351 0.779720
0.607801 -1.818401 38.658973 10.558267 0.696381 -0.468273 0.543850 0.459375 0.873061 0.163521 -0.551387 0.135958 0.823096
0.874752 -1.932616 30.752963 9.994478 0.701655 -0.413616 0.580174 0.399360 0.902632 0.160520 -0.590077 0.119068 0.798518
1.042536 -1.617282 -27.069231 11.631934 0.705135 -0.093900 0.702828 0.181202 0.982144 -0.050580 -0.685529 0.163020 0.709559
1.859941 -1.234283 -20.895506 17.187853 0.714478 -0.167736 0.679254 0.266576 0.962871 -0.042628 -0.646883 0.211529 0.732665
-16.193062 -42.599587 -481.952107 -1703.474545 0.153546 0.832294 -0.532645 0.521123 -0.526188 -0.671980 0.839556 0.174394 0.514522
-16.488281 -32.548778 -181.568551 1040.203193 -0.032020 0.590217 -0.806609 -0.485162 0.696390 0.528827 0.873838 0.408269 0.264053
-17.051541 -37.632821 -202.780843 -1327.192622 -0.059671 0.843699 -0.533489 0.711822 -0.338717 -0.615289 0.699820 0.416464 0.580353
-1.955001 -3.918083 1.946442 -3.353847 0.586585 0.808851 0.040980 0.677122 -0.517557 0.523106 -0.444325 0.279097 0.851282
-2.051919 -4.163634 -4.022438 -5.739031 0.545233 0.836875 -0.048597 0.743244 -0.455792 0.489736 -0.387697 0.303140 0.870516
-1.832437 -3.860412 0.026516 -6.145281 0.629039 0.776393 0.039046 0.592272 -0.511185 0.622820 -0.503512 0.368652 0.781391
-2.051820 -4.161933 -1.374955 -5.492113 0.472848 0.880211 -0.040541 0.824426 -0.425702 0.372960 -0.311025 0.209776 0.926961
-1.783607 -3.675961 4.250434 -4.507571 0.660033 0.737523 0.142887 0.511054 -0.580221 0.634166 -0.550618 0.345548 0.759879
-1.966421 -3.703424 4.689950 -0.939548 0.621641 0.770229 0.142515 0.601167 -0.585770 0.543572 -0.502156 0.252232 0.827175
-1.993876 -3.862798 2.306139 -2.838487 0.497062 0.867154 0.031197 0.781089 -0.462808 0.419176 -0.377928 0.183989 0.907369
0.333488 -13.561790 -0.331013 354.306448 -0.506667 -0.538329 -0.673417 0.721118 0.163486 -0.673247 0.472522 -0.826725 0.305366
0.300167 -17.021746 0.136966 212.116336 -0.512089 -0.533162 -0.673427 0.812162 -0.045372 -0.581665 0.279566 -0.844796 0.456249
0.324949 -14.887959 1.608330 184.695119 -0.501036 -0.539642 -0.676572 0.783418 0.049362 -0.619532 0.367722 -0.840446 0.398033
0.316542 -12.946365 1.032339 279.952013 -0.502140 -0.544151 -0.672127 0.682732 0.227591 -0.694319 0.530785 -0.807528 0.257227
0.375531 -10.359112 -1.831007 310.882802 -0.526512 -0.549965 -0.648324 0.605928 0.292170 -0.739925 0.596353 -0.782416 0.179408
0.080261 -297.424515 -438.124771 -8478.890079 0.335808 0.395534 -0.854860 0.858804 0.244212 0.450351 0.386896 -0.885389 -0.257678
-2.261191 -127.183863 -51.262939 3360.374345 0.521480 0.463234 -0.716570 0.246503 0.722202 0.646266 0.816881 -0.513652 0.262425
-3.533788 -143.765314 52.760481 3412.095194 0.541231 0.476081 -0.693121 0.679169 0.238498 0.694153 0.495781 -0.846443 -0.194257
0.474025 -10.724010 36.255935 -84.344869 0.787505 0.580448 0.207161 -0.089255 0.440002 -0.893550 0.609810 -0.685185 -0.398312
1.699322 -15.997003 30.885225 -251.114329 0.800982 0.584130 0.131227 -0.236747 0.510365 -0.826728 0.549890 -0.631126 -0.547083
0.676579 -10.038290 15.374226 -106.016144 0.800204 0.595041 0.074834 -0.156641 0.327819 -0.931664 0.578910 -0.733800 -0.355530
-0.022815 -7.408687 37.569396 -25.343187 0.779717 0.591440 0.205526 0.029180 0.293567 -0.955493 0.625452 -0.751011 -0.211641
0.384906 -9.116036 -23.335051 -110.738934 0.813023 0.573552 -0.100155 -0.253384 0.193674 -0.947780 0.524204 -0.795945 -0.302791
-0.290007 -6.212408 -7.257765 -56.973514 0.812258 0.579890 0.062962 -0.044681 0.169479 -0.984520 0.581584 -0.796872 -0.163571
0.429433 -13.359408 44.012393 27.808517 0.270826 0.268020 -0.924564 0.102238 0.947017 0.304476 0.957184 -0.176986 0.229076
-0.146708 -14.964304 53.850470 -128.387418 0.256713 0.255084 -0.932218 0.297699 0.896776 0.327366 0.919497 -0.361559 0.154276
-0.224256 -14.574992 39.042314 -193.900038 0.251138 0.225800 -0.941246 0.465809 0.824216 0.322009 0.848499 -0.519310 0.101812
-4.951529 -6.676242 23.213012 -72.062554 -0.917407 0.028272 -0.396945 0.044502 0.998505 -0.031734 0.395454 -0.046778 -0.917294
-3.315342 -5.670995 3.593892 -27.616922 -0.784353 -0.555739 -0.275582 -0.501676 0.829601 -0.245119 0.364845 -0.054007 -0.929501
-2.910589 -5.099971 -20.074985 -31.944629 -0.734723 -0.655212 -0.175726 -0.581816 0.741840 -0.333412 0.348816 -0.142725 -0.926260
3.173303 -6.579353 98.872019 30.209249 0.640380 0.704304 0.306382 0.634621 -0.260508 -0.727593 0.432632 -0.660372 0.613790
1.524043 -5.951097 97.253041 56.370424 0.600431 0.738530 0.306685 0.576006 -0.133392 -0.806488 0.554707 -0.660893 0.505491
-1.259670 -33.556525 197.783391 1271.106022 0.432943 0.807607 0.400415 -0.308196 0.550052 -0.776181 0.847098 -0.212636 -0.487042
1.299315 -18.803811 -34.033294 758.494302 0.477152 0.875022 -0.081622 -0.532628 0.214063 -0.818831 0.699023 -0.434181 -0.568201
2.535495 -4.129140 -63.852668 124.751236 0.255279 0.823909 -0.505971 -0.631512 -0.254181 -0.732519 0.732137 -0.506524 -0.455421
1.444099 -2.918821 -114.336445 70.349198 0.421820 0.793547 -0.438578 -0.583115 -0.132974 -0.801433 0.694294 -0.593802 -0.406638
-7.470759 -20.228240 -409.707429 2307.596310 -0.331655 0.146175 -0.932008 0.072464 0.988952 0.129320 0.940614 -0.024647 -0.338583
6.955867 -0.410867 -365.120754 -715.529461 0.115563 0.828078 -0.548572 -0.355330 -0.481263 -0.801328 0.927570 -0.287528 -0.238625
15.486648 7.018569 -1411.321992 771.803035 -0.150448 0.457570 -0.876353 0.275598 0.870714 0.407312 0.949427 -0.180242 -0.257103
-0.139600 -1.425178 -7.657422 -8.690595 -0.934550 -0.304796 -0.183620 -0.290225 0.951479 -0.102261 0.205879 -0.042277 -0.977664
-0.005024 -1.633845 -5.079805 4.477541 -0.893330 -0.412966 -0.177258 -0.407679 0.910662 -0.067026 0.189102 0.012388 -0.981879
-0.010155 -1.932378 -1.444708 7.009171 -0.919225 -0.352549 -0.175314 -0.348396 0.935734 -0.054975 0.183429 0.010544 -0.982976
-0.213135 -2.318308 6.936233 -5.092064 -0.982217 -0.059694 -0.178007 -0.042829 0.994350 -0.097128 0.182799 -0.087776 -0.979224
-0.108489 -2.177765 7.571786 9.197750 -0.971280 -0.177667 -0.158272 -0.173184 0.984002 -0.041795 0.163166 -0.013184 -0.986511
-1.162402 -3.600662 9.176902 -5.918864 0.891107 0.397426 0.219045 0.288542 -0.123673 -0.949446 0.350245 -0.909262 0.224881
-1.257454 -3.242230 18.538060 -7.568724 0.875720 0.431051 0.217508 0.348281 -0.251966 -0.902891 0.334387 -0.866434 0.370779
0.299412 -0.393904 1.786305 5.073157 -0.759076 -0.317541 -0.568306 -0.088506 0.915203 -0.393153 0.644958 -0.248134 -0.722813
0.098549 -0.514889 15.628410 -8.880863 -0.687893 -0.619554 -0.378096 -0.349954 0.739492 -0.575051 0.635874 -0.263257 -0.725507
-0.219054 -0.926265 -18.562361 -29.497671 -0.442032 0.618557 -0.649612 0.617713 0.735032 0.279568 0.650414 -0.277696 -0.706998
0.805307 -2.446323 -4.341928 -38.169598 -0.547016 0.530354 -0.647687 0.525264 0.819896 0.227744 0.651821 -0.215627 -0.727073
0.286634 -4.517188 6.536535 34.933945 0.538132 0.560498 0.629488 0.527381 0.358676 -0.770209 0.657483 -0.746454 0.102581
0.115519 -4.853242 -3.680653 -43.149510 0.568073 0.544769 0.616863 0.487806 0.380799 -0.785517 0.662826 -0.747141 0.049420
0.292471 -4.103877 2.170948 14.514950 0.555015 0.532021 0.639462 0.542297 0.351502 -0.763125 0.630771 -0.770325 0.093424
0.369766 -4.601140 2.449225 -17.483558 0.565861 0.588789 0.577174 0.444461 0.371777 -0.815007 0.694447 -0.717712 0.051320
0.283267 -4.970335 1.256930 37.198381 -0.536007 -0.546600 -0.643371 0.558576 0.341803 -0.755754 0.633001 -0.764460 0.122109
0.205938 -10.933568 0.132984 75.915834 0.677248 0.429352 0.597488 -0.638078 -0.061576 0.767506 -0.366321 0.901036 -0.232258
0.290722 -10.358938 -0.322385 59.986751 0.688066 0.431174 0.583656 -0.545080 -0.223841 0.807950 -0.479013 0.874062 -0.081007
0.278773 -10.673006 -0.623128 45.663167 0.665437 0.442671 0.601030 -0.582225 -0.196075 0.789030 -0.467128 0.874984 -0.127258
0.329601 -10.768841 -1.709648 17.130528 0.673435 0.450776 0.585907 -0.483584 -0.330843 0.810364 -0.559136 0.829062 0.004813
0.379473 -10.085839 -0.574075 26.900934 0.700586 0.438222 0.563153 -0.441075 -0.354431 0.824519 -0.560921 0.826039 0.055020
1.748015 -3.703164 -35.688573 -2.214716 0.711237 0.424907 0.559997 0.700591 -0.363229 -0.614196 0.057569 -0.829167 0.556028
2.217134 -3.659328 13.023212 -4.988313 -0.683067 -0.491189 -0.540512 0.708702 -0.266895 -0.653076 0.176524 -0.829157 0.530414
1.704004 -3.751971 36.842271 -2.655426 -0.699603 -0.426586 -0.573220 0.701653 -0.258516 -0.663967 0.135052 -0.866714 0.480174
134.544374 -1.219239 -4264.358150 46.019376 0.720561 -0.489669 0.490934 -0.603375 -0.093930 0.791906 0.341658 0.866834 0.363136
6682.685647 -77.367406 -719304.831898 49.644901 0.757146 -0.385013 0.527726 -0.605451 -0.110278 0.788206 0.245273 0.916299 0.316602
77.849347 -1.821583 -72.556366 73.014004 0.718511 -0.279464 0.636901 -0.671799 -0.041763 0.739556 0.180081 0.959247 0.217751
670.972121 -13.013143 -68119.782519 372.405801 0.797475 -0.532810 0.283101 -0.457915 -0.228957 0.859006 0.392869 0.814673 0.426570
264.095114 -2.826560 -17301.253695 116.521593 0.780105 -0.570702 0.256389 -0.417606 -0.169825 0.892617 0.465877 0.803404 0.370810
57.642017 -3.119092 -2318.053253 -115.871281 0.877625 -0.001652 0.479345 -0.475645 -0.127063 0.870412 -0.059469 0.991893 0.112300
574.002250 -17.192446 -35890.853269 -273.282026 -0.581139 0.813775 -0.006947 0.494883 0.346607 -0.796840 0.646040 0.466513 0.604151
181.110198 -0.982662 -9086.860619 -12.338136 0.718154 -0.472950 0.510464 -0.654117 -0.208482 0.727094 0.237457 0.856069 0.459087
0.259350 -2.484807 -10.026931 -14.889754 0.755232 0.446064 0.480263 0.615924 -0.232348 -0.752763 0.224192 -0.864316 0.450218
-0.112187 -2.945579 -9.024483 -13.466288 0.727960 0.453447 0.514257 0.632505 -0.154686 -0.758953 0.264596 -0.877758 0.399413
-0.008279 -2.456407 -11.736890 -10.672156 0.769643 0.429267 0.472630 0.609187 -0.272095 -0.744886 0.191155 -0.861217 0.470920
0.329757 -8.463941 12.942307 -20.165782 0.644908 0.390325 0.657069 0.564136 0.336895 -0.753825 0.515600 -0.856824 0.002930
0.376685 -8.407532 8.699495 -22.685717 0.690302 0.381987 0.614466 0.611362 0.146236 -0.777722 0.386937 -0.912525 0.132585
0.560188 -8.916938 6.346645 -5.347003 0.720006 0.375429 0.583647 0.592656 0.104897 -0.798596 0.361039 -0.920896 0.146974
-0.471146 -15.955352 12.473505 24.247729 0.981361 0.187665 0.041377 0.155855 -0.903198 0.399927 -0.112424 0.386024 0.915612
-0.393075 -15.234761 16.404478 6.886841 0.986585 0.155116 0.050885 0.099046 -0.816533 0.568739 -0.129770 0.556069 0.820943
0.970607 -9.021276 -3.612056 -5.717397 0.740115 0.272386 0.614846 -0.625192 -0.058092 0.778306 -0.247718 0.960433 -0.127299
0.995724 -9.720802 -8.617909 -57.167465 0.779528 0.291620 0.554341 -0.523630 -0.182259 0.832222 -0.343726 0.939010 -0.010625
0.670809 -10.545137 -30.565808 -51.013189 0.771850 0.320833 0.548920 -0.513705 -0.194029 0.835739 -0.374639 0.927049 -0.015052
0.095785 -15.767283 13.826461 -91.474448 0.986445 0.146469 0.073983 0.012956 -0.518970 0.854694 -0.163581 0.842150 0.513833
0.183091 -14.421250 9.273457 -105.327123 0.985959 0.142638 0.086824 -0.039465 -0.306175 0.951157 -0.162254 0.941228 0.296247
0.045805 -13.877819 2.239806 -49.106396 0.985038 0.139678 0.100945 -0.061771 -0.260660 0.963452 -0.160886 0.955273 0.248132
-1.476990 -5.111290 -9.806607 -54.362921 0.724186 -0.504277 0.470382 0.342890 -0.328494 -0.880067 -0.598315 -0.798622 0.064979
-1.578080 -3.905268 -1.160329 -30.381164 0.713420 -0.462216 0.526678 0.326765 -0.445444 -0.833549 -0.619885 -0.766770 0.166753
-1.482792 -3.318224 -2.403062 -9.288015 0.670301 -0.431871 0.603477 0.336710 -0.547687 -0.765941 -0.661304 -0.716607 0.221700
0.193580 -13.025624 2.530035 -21.191658 0.913077 0.389406 0.121046 0.202390 -0.175050 -0.963533 0.354017 -0.904279 0.238646
0.214420 -12.463215 0.571108 -11.272569 0.910125 0.391765 0.134881 0.154747 -0.019422 -0.987763 0.384351 -0.919860 0.078300
0.374832 -12.695979 7.803940 56.885914 0.907983 0.398985 0.127976 0.198573 -0.140794 -0.969920 0.368965 -0.906084 0.207066
0.359767 -13.358012 12.820699 22.681967 0.910361 0.401289 0.101041 0.243831 -0.322893 -0.914487 0.334348 -0.857150 0.391796
0.131690 -12.443293 5.292870 -21.342799 0.914358 0.389827 0.109478 0.259336 -0.356173 -0.897711 0.310959 -0.849221 0.426765
10.930763 2.799924 60.091737 -33.729392 0.104865 -0.472054 0.875310 0.975439 0.220263 0.001926 -0.193708 0.853610 0.483558
10.517448 2.527489 -49.193143 70.230552 0.031997 -0.430035 0.902245 0.992354 0.121330 0.022637 -0.119205 0.894622 0.430629
11.114701 3.250113 -150.532464 -6.582004 0.008036 -0.389845 0.920846 0.983226 0.170882 0.063763 -0.182213 0.904887 0.384679
-5.660878 -13.379228 -107.795336 239.029177 0.844418 0.487743 -0.221505 -0.069938 -0.309582 -0.948297 0.531099 -0.816251 0.227305
-9.308052 -23.078574 -126.810083 559.070809 0.792182 0.412027 -0.450202 -0.309163 -0.365090 -0.878139 0.526181 -0.834831 0.161835
10.993328 -177.016911 -254.635434 -8532.474545 0.434500 0.130939 -0.891103 0.754932 0.486641 0.439611 0.491210 -0.863733 0.112595
-0.190729 -36.755551 -245.776382 1208.512479 0.875619 0.431106 -0.217805 -0.039227 -0.385977 -0.921674 0.481407 -0.815579 0.321058
-1.508316 -33.512861 6.491319 -1247.129209 0.557611 0.294404 -0.776142 0.641786 0.440109 0.628025 0.526480 -0.848310 0.056465
-8.753511 -14.626860 -141.962256 -173.712974 0.438076 0.240213 -0.866249 0.710348 0.498050 0.497345 0.550904 -0.833213 0.047549
-6.730555 -19.043913 -7.113702 -942.001717 0.706350 0.630729 0.321327 0.503730 -0.128960 -0.854181 0.497318 -0.765213 0.408808
-2.073747 -22.932254 102.170723 754.920606 0.603516 0.785220 0.138556 0.253083 -0.023860 -0.967150 0.756120 -0.618757 0.213126
-71.438792 -622.160401 1743.108297 -144606.097722 -0.688141 -0.640395 -0.341112 0.710707 -0.689598 -0.139107 -0.146147 -0.338156 0.929673
-13.894234 -155.969194 -390.180051 -705.483346 0.736099 0.568850 0.366835 -0.030451 0.569236 -0.821610 -0.676188 0.593616 0.436336
1.010847 -3.421801 12.915234 0.331576 0.637949 0.585927 0.499710 0.376936 0.328269 -0.866117 0.671521 -0.740898 0.011438
1.493101 -3.502525 0.292951 -1.220913 0.655857 0.507783 0.558577 0.494549 0.270018 -0.826143 0.570327 -0.818075 0.074030
-1.561051 -3.119178 17.255709 -25.281484 0.489298 0.767432 0.414290 0.747917 -0.613578 0.253264 -0.448562 -0.185933 0.874198
-0.587633 -3.454525 28.561966 19.593469 0.991454 0.127413 -0.028032 0.085953 -0.799600 -0.594350 0.098142 -0.586861 0.803718
-0.823807 -4.344853 36.967521 11.344701 0.987843 0.154516 -0.017084 0.137157 -0.918009 -0.372086 0.073176 -0.365219 0.928041
-1.279355 -4.160805 20.225567 7.275612 0.982058 0.185500 0.033923 0.182270 -0.887602 -0.423014 0.048359 -0.421608 0.905488
-0.952826 -3.838467 22.195233 15.020600 0.986883 0.161021 0.011567 0.142941 -0.838274 -0.526179 0.075029 -0.520930 0.850295
-0.820972 -7.977113 -5.314508 -1.566120 -0.629013 -0.617002 -0.472918 0.770029 -0.410958 -0.488027 0.106764 -0.671135 0.733607
