17956
35891
-6.115462 -7.901024 81.034615 111.367833 -0.414652 0.894633 -0.166419 -0.660343 -0.421656 -0.621413 0.626108 0.147776 -0.765605
-6.843372 -9.399021 68.847349 109.831416 -0.305532 0.951568 -0.034191 -0.638929 -0.231508 -0.733603 0.705989 0.202294 -0.678717
-7.214938 -10.793227 -53.275839 359.548009 0.270694 0.876006 0.399172 -0.699429 0.463881 -0.543703 0.661455 0.132015 -0.738274
-4.998432 -8.061146 -22.008276 95.016105 -0.557036 0.799469 -0.224858 -0.536414 -0.553051 -0.637491 0.634012 0.234488 -0.736915
-5.364906 -6.770106 47.450222 116.907029 -0.321732 0.938730 -0.123592 -0.764064 -0.334498 -0.551650 0.559191 0.083052 -0.824868
-4.061738 -7.010434 -1.093596 88.174028 -0.602941 0.739851 -0.298468 -0.550065 -0.656506 -0.516168 0.577833 0.147042 -0.802800
6.265292 -11.943318 -100.878678 141.357741 0.306699 0.950013 0.058396 -0.926233 0.283770 0.248129 -0.219155 0.130189 -0.966965
8.686380 -12.307302 -155.789080 -18.686591 0.352805 0.921225 0.163927 0.903589 -0.289930 -0.315385 -0.243013 0.259392 -0.934698
7.074261 -10.347242 -70.922380 118.832386 0.261962 0.961194 0.086502 -0.895170 0.208515 0.393945 -0.360620 0.180633 -0.915055
5.146650 -10.119709 -37.838108 142.565659 0.229051 0.973402 0.005024 -0.929967 0.217299 0.296550 -0.287571 0.072597 -0.955004
4.712452 -11.934092 -49.310038 169.217609 0.299481 0.953868 0.021141 -0.941775 0.291989 0.166738 -0.152873 0.069845 -0.985775
-0.275656 -2.590673 -58.568039 -6.577906 -0.235556 0.828631 0.507824 -0.241685 0.456166 -0.856447 0.941330 0.324474 -0.092815
0.236880 -2.215218 -16.052101 3.173602 -0.269762 0.849621 0.453180 -0.222909 0.402744 -0.887755 0.936771 0.340500 -0.080744
0.160131 -2.758416 -20.145835 -40.342262 -0.232773 0.787069 0.571261 -0.284861 0.506454 -0.813854 0.929877 0.352173 -0.106317
-0.562098 -3.297479 -72.466771 -48.171788 -0.180653 0.738851 0.649203 -0.314559 0.581992 -0.749892 0.931889 0.339683 -0.127274
-2.439759 -4.677729 -20.337111 -47.534795 -0.577268 -0.103147 0.810014 0.167103 0.956073 0.240834 -0.799273 0.274382 -0.534674
-1.582415 -4.051843 15.246350 -36.992257 -0.584137 -0.299468 0.754389 -0.005607 0.930912 0.365200 -0.811636 0.209097 -0.545459
-2.589999 -4.784326 32.016131 -37.683608 -0.566590 -0.492789 0.660405 -0.053514 0.821777 0.567291 -0.822260 0.286081 -0.491981
-3.315634 -5.014236 -15.255794 -41.677937 -0.571265 -0.146463 0.807592 0.201624 0.928757 0.311060 -0.795615 0.340528 -0.501036
-2.191746 -5.520526 -24.959140 -39.268075 0.489498 0.764089 -0.420190 -0.215962 0.573082 0.790530 -0.844839 0.296218 -0.445537
-2.781344 -5.366233 -73.040177 -31.584941 0.511246 0.724209 -0.462762 -0.146873 0.604151 0.783218 -0.846792 0.332450 -0.415236
-3.483873 -5.057059 68.585112 -25.294255 -0.564339 -0.548525 0.616962 -0.020647 0.756485 0.653685 -0.825285 0.356162 -0.438239
-0.787730 -6.818835 -36.915908 -86.069222 -0.164943 0.985203 0.046574 0.986126 0.163834 0.026732 0.018706 0.050337 -0.998557
-1.328344 -7.541504 -4.869197 -70.914939 -0.228498 0.970113 0.081671 0.969409 0.219001 0.110837 0.089639 0.104499 -0.990477
-1.371869 -8.159251 -6.342461 127.765695 -0.136784 0.988026 0.071376 -0.984788 -0.127833 -0.117693 0.107160 0.086388 -0.990482
-1.690079 -8.640418 23.816597 75.125950 -0.172601 0.979677 0.102189 -0.963796 -0.146569 -0.222744 0.203239 0.136936 -0.969506
2.246202 -7.386165 76.051064 -0.704931 -0.011875 0.998578 -0.051969 0.059039 0.052582 0.996870 -0.998185 -0.008770 0.059580
3.213358 -7.421956 132.270600 -21.116539 -0.020982 0.999005 -0.039365 -0.044349 0.038405 0.998278 -0.998796 -0.022692 -0.043499
2.132495 -7.433464 92.702021 8.475222 0.002403 0.998284 -0.058506 -0.057999 0.058547 0.996598 -0.998314 -0.000998 -0.058040
1.396817 -7.530687 36.726727 -13.250729 0.006064 0.997695 -0.067593 -0.047355 0.067805 0.996574 -0.998860 0.002842 -0.047657
-0.918909 -9.595063 6.408425 44.366318 0.174525 0.983290 -0.051790 -0.696632 0.086132 -0.712240 0.695877 -0.160382 -0.700023
-0.942017 -8.243990 19.268014 32.119516 0.152641 0.986368 -0.061479 -0.798076 0.086334 -0.596340 0.582903 -0.140091 -0.800374
-0.968075 -9.077286 -3.522172 42.015072 0.169024 0.984711 -0.042143 -0.720030 0.094168 -0.687524 0.673044 -0.146552 -0.724938
-0.959616 -10.047184 -18.781123 64.405637 0.195506 0.979827 -0.041432 -0.614206 0.089399 -0.784066 0.764545 -0.178738 -0.619293
-1.050863 -9.977977 -19.570161 102.708132 0.175285 0.983521 -0.044297 -0.652600 0.082383 -0.753211 0.737149 -0.160935 -0.656286
-1.036197 -9.082864 2.538220 51.611405 0.158873 0.986862 -0.029387 -0.705562 0.092666 -0.702563 0.690609 -0.132352 -0.711014
-1.306379 -4.521810 53.997019 -147.298971 0.448863 0.893569 0.007468 0.768035 -0.381505 -0.514370 0.456776 -0.236617 0.857536
-1.513189 -6.721048 91.741477 -379.860666 0.369636 0.927890 0.048876 0.808377 -0.295200 -0.509296 0.458143 -0.227764 0.859202
-0.817342 -7.526197 102.508494 -268.994986 0.260969 0.959629 0.104916 0.840937 -0.172621 -0.512861 0.474046 -0.222069 0.852036
-0.784350 -4.652665 52.598712 -27.098804 0.334413 0.939570 0.073319 0.820437 -0.251962 -0.513223 0.463735 -0.231783 0.855118
-1.054982 -3.426499 56.338012 82.319185 0.452725 0.891650 -0.000783 0.759324 -0.385998 -0.523863 0.467405 -0.236571 0.851802
-0.008175 -21.044677 -3.924235 -255.863729 0.105066 0.957482 -0.268680 0.976439 -0.048117 0.210360 0.188488 -0.284452 -0.939978
-0.094651 -18.909684 12.555316 -58.069845 0.089169 0.960915 -0.262091 0.995995 -0.087735 0.017193 -0.006474 -0.262575 -0.964890
-0.225034 -21.108220 3.116692 -279.693622 0.104745 0.961177 -0.255281 0.979218 -0.054855 0.195249 0.173666 -0.270427 -0.946948
0.265457 -26.378111 -18.174693 634.996236 0.125735 0.958303 -0.256605 -0.910618 0.008848 -0.413155 0.393657 -0.285617 -0.873760
-0.308582 -14.619157 9.066447 28.976516 0.346812 0.936444 0.052851 -0.494368 0.134623 0.858765 -0.797070 0.323958 -0.509637
-0.484156 -15.098518 17.963263 59.640455 0.341025 0.937292 0.072008 -0.666381 0.187005 0.721779 -0.663053 0.294129 -0.688367
-0.883455 -14.217344 58.099118 44.481004 0.367843 0.927182 0.070881 -0.504928 0.135149 0.852515 -0.780858 0.349382 -0.517874
-0.698542 -14.611773 39.098782 -40.899812 0.364191 0.930356 0.042463 -0.325213 0.084317 0.941874 -0.872698 0.356832 -0.333272
-1.124591 -13.558461 48.078582 43.429257 0.356160 0.933485 0.041894 -0.321223 0.080211 0.943600 -0.877477 0.349530 -0.328425
0.747592 -7.810165 24.048242 8.841418 -0.080194 0.995123 -0.057446 -0.706820 -0.016135 0.707209 -0.702833 -0.097318 -0.704667
0.758560 -7.905545 12.680693 27.190715 -0.130561 0.991081 -0.026682 -0.709908 -0.074666 0.700326 -0.692088 -0.110377 -0.713324
0.257918 -8.446867 22.768252 73.318082 -0.071206 0.995205 -0.067061 -0.766380 -0.011554 0.642284 -0.638429 -0.097128 -0.763528
-0.109933 -8.644949 24.141620 81.818846 -0.025120 0.995718 -0.088960 -0.770548 0.037408 0.636283 -0.636886 -0.084531 -0.766309
0.263540 -8.265153 21.015410 59.184874 -0.045800 0.995315 -0.085155 -0.736327 0.023970 0.676201 -0.675074 -0.093672 -0.731779
-6.022901 -9.093799 186.313169 92.263651 0.033947 0.987915 0.151233 -0.048581 0.152772 -0.987067 0.998242 -0.026161 -0.053180
-6.364013 -9.033960 -25.477672 278.813123 0.212657 0.833065 0.510667 -0.125251 0.541549 -0.831286 0.969066 -0.112818 -0.219506
-4.769050 -6.662266 117.912397 219.386657 0.068052 0.991319 0.112498 -0.241628 0.125779 -0.962183 0.967980 -0.038296 -0.248090
-4.541692 -7.112809 260.553606 253.482170 -0.333283 -0.591661 -0.734070 -0.100780 0.796480 -0.596207 0.937425 -0.124726 -0.325081
-2.773228 -4.674615 286.054857 154.105314 -0.354818 -0.410329 -0.840080 -0.061803 0.906872 -0.416850 0.932890 -0.095987 -0.347134
203.990563 -2.111238 2734.679407 149.908168 -0.223350 -0.056586 -0.973095 0.840264 0.494808 -0.221635 0.494036 -0.867158 -0.062968
636.008103 8.948750 979.587187 93.027739 -0.016794 -0.020744 -0.999644 0.957691 0.286954 -0.022044 0.287309 -0.957720 0.015048
90.011817 -21.917242 -4764.171891 -1588.570535 0.193647 -0.891438 -0.409681 0.947368 0.278424 -0.158033 0.254942 -0.357516 0.898436
269.289189 -52.271236 20223.032756 -1733.892787 -0.189392 0.678437 0.709827 0.796253 0.529124 -0.293273 0.574553 -0.509658 0.640419
-1.041498 -8.480703 1.991441 30.732614 0.083741 0.996240 -0.022206 -0.702139 0.043178 -0.710729 0.707098 -0.075109 -0.703115
-1.227265 -9.041845 -3.536523 117.386924 0.114615 0.993330 -0.012619 -0.649097 0.065268 -0.757901 0.752022 -0.095058 -0.652248
-1.137683 -8.506229 4.951311 35.808260 0.095636 0.994856 -0.033389 -0.708962 0.044531 -0.703840 0.698733 -0.090984 -0.709574
-1.082019 -8.888466 7.514204 109.257665 0.095223 0.995441 0.005489 -0.634236 0.064918 -0.770409 0.767253 -0.069879 -0.637527
-1.015825 -25.377437 -22.711342 -460.639907 -0.407432 0.893333 0.189617 0.891924 0.344659 0.292714 0.196138 0.288385 -0.937211
-0.867631 -26.765341 -29.453628 59.667827 -0.404922 0.895944 0.182546 -0.777528 -0.232344 -0.584352 0.481133 0.378551 -0.790702
-0.799512 -26.225986 -21.700413 350.480674 -0.411297 0.895449 0.170309 -0.838826 -0.298728 -0.455119 0.356660 0.330049 -0.873992
-0.969885 -23.619008 -3.433347 -585.091521 -0.416821 0.889945 0.185091 0.905861 0.389807 0.165729 0.075340 0.236746 -0.968646
-1.229672 -21.052338 -19.672633 -439.096904 -0.415649 0.887457 0.199139 0.907399 0.419576 0.024121 -0.062148 0.190725 -0.979674
1.313319 -23.983696 -36.746354 -85.784784 0.088437 -0.979901 -0.178812 0.987802 0.109375 -0.110835 0.128165 -0.166829 0.977621
1.572895 -21.341942 34.251820 -123.272410 0.060511 -0.976455 -0.207060 0.989362 0.086166 -0.117214 0.132296 -0.197764 0.971281
0.987598 -20.608096 -29.383570 -29.653280 0.145443 -0.968782 -0.200771 0.985208 0.123232 0.119072 -0.090613 -0.215119 0.972375
-0.134357 -23.269703 -94.310638 -22.185706 0.165797 -0.970894 -0.172848 0.975947 0.136380 0.170081 -0.141558 -0.196889 0.970153
-6.353894 -8.911867 -64.436440 -190.354934 -0.129288 0.771451 0.623015 -0.420969 0.526160 -0.738878 0.897814 0.357798 -0.256731
-5.675639 -8.030067 -55.750256 -174.060566 -0.042149 0.792569 0.608324 -0.377865 0.550996 -0.744058 0.924901 0.261226 -0.276259
-5.788467 -10.403796 -93.623825 -167.112889 -0.085562 0.831237 0.549295 -0.497801 0.441905 -0.746267 0.863060 0.337292 -0.375980
0.019155 -47.396533 -39.029313 -764.610320 -0.659068 0.690289 0.298547 0.245589 -0.177667 0.952954 -0.710856 -0.701381 0.052432
0.048486 -46.886822 -46.056978 -1331.153983 -0.664322 0.697182 0.269469 -0.085474 -0.429014 0.899245 -0.742543 -0.574356 -0.344595
0.305253 -48.159991 -31.099700 -1286.897151 -0.655274 0.702863 0.276766 -0.069044 -0.420582 0.904624 -0.752229 -0.573667 -0.324125
0.769639 -57.701891 -100.330603 -1523.870488 -0.655293 0.690154 0.307048 0.113425 -0.311974 0.943296 -0.746810 -0.652962 -0.126154
0.367230 -50.756170 -222.597777 -2025.458228 0.721535 -0.604751 0.337140 -0.138252 0.351285 0.926005 0.678435 0.714755 -0.169856
-1.882851 -47.582558 -269.223814 -2127.735220 0.743900 -0.540126 0.393544 -0.211775 0.368007 0.905385 0.633849 0.756858 -0.159375
-2.016822 -25.628558 269.997283 1062.921767 -0.736104 0.566994 -0.369687 0.019436 -0.528242 -0.848871 0.676589 0.632043 -0.377821
1.562352 -16.097409 -7.623662 2.288926 -0.090401 0.989691 0.111080 0.994925 0.084801 0.054153 0.044175 0.115412 -0.992335
2.025697 -16.234774 -8.159764 -85.428524 -0.087503 0.989476 0.115239 -0.970097 -0.058350 -0.235600 0.226396 0.132409 -0.964994
1.559990 -16.721595 -19.076999 28.036339 -0.124283 0.985770 0.113185 0.992245 0.123252 0.016084 0.001905 0.114306 -0.993444
1.036756 -15.532543 -22.040949 26.240706 -0.124295 0.986955 0.102321 -0.977831 -0.139350 0.156298 -0.168517 0.080625 -0.982396
1.028110 -16.189842 7.765367 97.486952 -0.151101 0.978150 0.142798 -0.945614 -0.185124 0.267476 -0.288067 0.094616 -0.952925
-2.694249 -5.648434 43.863593 -104.456218 0.245392 0.960033 -0.134605 -0.497254 0.243844 0.832634 -0.832179 0.137389 -0.537217
-2.989508 -7.016250 19.871054 -70.579492 0.206129 0.975557 -0.076153 -0.410063 0.156780 0.898481 -0.888459 0.153975 -0.432357
-2.699375 -6.685654 16.125854 -78.816406 0.282637 0.946363 -0.156567 -0.403149 0.265302 0.875834 -0.870395 0.184423 -0.456510
-2.050297 -5.036235 41.755989 -111.519860 0.363684 0.887693 -0.282374 -0.447319 0.432319 0.782947 -0.817092 0.158434 -0.554309
-1.522528 -3.975640 70.880392 -98.354277 0.444516 0.800928 -0.401148 -0.429711 0.583595 0.689032 -0.785973 0.133908 -0.603585
-2.176416 -4.317626 85.843871 -88.181755 0.350142 0.894155 -0.279082 -0.511475 0.432113 0.742746 -0.784725 0.117323 -0.608639
1.114202 -3.553868 12.569233 9.446386 0.097602 0.980488 -0.170635 -0.018810 0.173241 0.984700 -0.995048 0.092899 -0.035352
1.556080 -1.901705 -9.011766 66.457109 0.092703 0.933996 -0.345047 0.067476 0.339850 0.938056 -0.993405 0.110243 0.031517
1.312313 -2.788844 16.498270 65.037570 0.077060 0.969764 -0.231559 0.039708 0.229080 0.972597 -0.996235 0.084143 0.020854
1.135685 -4.156169 15.291859 1.722459 0.069727 0.992368 -0.101704 -0.038093 0.104527 0.993792 -0.996839 0.065420 -0.045090
0.876315 -4.188932 39.277266 19.115306 0.084115 0.995890 -0.033572 -0.095682 0.041608 0.994542 -0.991852 0.080444 -0.098789
0.761941 -3.826024 9.065912 25.425749 0.099692 0.992352 -0.072798 -0.093025 0.082137 0.992270 -0.990660 0.092149 -0.100502
-0.805595 -5.464585 -2.513638 -42.058256 0.372841 0.910332 -0.179679 -0.683490 0.400402 0.610344 -0.627559 0.104753 -0.771490
-1.267922 -5.893904 -24.334333 -31.642286 0.416391 0.883075 -0.216328 -0.622834 0.450391 0.639708 -0.662342 0.131632 -0.737548
-0.912670 -5.272497 -36.143336 -35.292861 0.390871 0.898323 -0.200588 -0.694911 0.430910 0.575686 -0.603588 0.085628 -0.792685
-0.449454 -4.799853 -18.679541 -40.365194 0.336819 0.927086 -0.164513 -0.743935 0.369128 0.557050 -0.577160 0.065238 -0.814021
-0.562149 -5.148363 -6.101898 -45.391507 0.310044 0.938795 -0.150124 -0.724972 0.335611 0.601482 -0.615051 0.077650 -0.784654
-0.774656 -10.504437 -0.903952 31.995460 -0.000943 0.999593 0.028528 0.012776 -0.028514 0.999512 -0.999918 -0.001307 0.012744
-0.633705 -10.269575 -7.103423 48.223846 -0.018641 0.999198 0.035447 0.091056 -0.033609 0.995278 -0.995671 -0.021781 0.090357
-0.675295 -10.217894 -1.937801 24.356284 -0.003005 0.998616 0.052507 0.154708 -0.051410 0.986622 -0.987956 -0.011088 0.154339
0.428025 -35.321996 60.687544 761.931179 0.085325 0.993264 -0.078401 0.815703 -0.024452 0.577953 -0.572143 0.113266 0.812295
0.294839 -35.360903 -7.294559 266.290902 0.069499 0.995824 -0.059198 0.659416 -0.001331 0.751777 -0.748559 0.091284 0.656754
-0.351073 -39.651526 43.862498 423.158046 0.094436 0.987439 -0.126672 0.525141 0.058689 0.848989 -0.845759 0.146696 0.513003
1.124431 -31.469776 -17.746897 646.449183 0.068981 0.997277 -0.026062 0.912886 -0.052565 0.404816 -0.402344 0.051716 0.914027
0.810586 -27.435428 38.073936 653.548792 0.098258 0.994501 -0.036246 0.948398 -0.082545 0.306150 -0.301474 0.064457 0.951293
0.662823 -27.196984 44.831127 649.209393 0.099401 0.994544 -0.031657 0.916912 -0.079191 0.391154 -0.386512 0.067908 0.919781
-0.989721 -5.447798 -1.468328 59.432869 -0.106880 0.903153 -0.415801 -0.484146 -0.412543 -0.771629 0.868435 -0.118836 -0.481351
-0.855066 -4.862001 -4.252908 64.879527 -0.070380 0.925694 -0.371668 -0.531379 -0.350118 -0.771398 0.844206 -0.143206 -0.516535
-0.817435 -4.609129 -9.766028 63.831915 -0.096912 0.911026 -0.400800 -0.551546 -0.384367 -0.740310 0.828496 -0.149314 -0.539722
6.816405 -7.852062 288.669084 63.335192 0.419392 0.885424 -0.200335 0.640780 -0.445053 -0.625563 0.643048 -0.133986 0.754014
9.482843 -7.259865 334.171806 50.263110 0.498947 0.853670 -0.149332 0.646332 -0.481338 -0.592089 0.577327 -0.198903 0.791916
5.778925 -8.791895 199.466322 146.327816 0.395383 0.903933 -0.163024 0.720846 -0.415366 -0.554844 0.569256 -0.101861 0.815826
4.030351 -8.827627 65.167699 125.053676 0.383361 0.905936 -0.179761 0.689456 -0.410209 -0.596975 0.614561 -0.104920 0.781861
-2.868302 -7.186853 -158.580202 27.430897 -0.001353 0.783548 0.621329 0.347040 0.583082 -0.734560 0.937849 -0.214632 0.272712
-4.483747 -7.080793 65.033117 44.960249 0.141435 -0.597863 -0.789022 0.216246 0.796445 -0.564725 0.966040 -0.090751 0.241931
-5.091986 -7.990647 94.691765 66.868303 0.174108 -0.621570 -0.763765 0.277993 0.775088 -0.567413 0.944672 -0.113531 0.307741
-0.700585 -6.025606 -21.695268 -31.660792 -0.220231 0.964218 -0.147584 0.948961 0.246803 0.196373 -0.225771 0.096804 0.969359
-0.430974 -5.515032 -34.596409 -42.335385 -0.192494 0.973453 -0.123834 0.937615 0.219687 0.269472 -0.289523 0.064237 0.955013
-0.398048 -5.783909 -10.399374 -38.823634 -0.196237 0.971533 -0.132717 0.952875 0.220876 0.207951 -0.231345 0.085655 0.969094
-0.631110 -6.352040 -31.994621 -16.320425 -0.232942 0.963746 -0.130124 0.963655 0.246746 0.102399 -0.130794 0.101541 0.986196
-0.632808 -6.509398 -6.976839 -24.480802 0.183766 -0.972965 0.139890 0.976054 0.197468 0.091240 -0.116397 0.119774 0.985954
41.471789 -2.066691 1511.324872 19.985559 -0.162989 0.580169 -0.798022 0.715013 0.626796 0.309651 0.679847 -0.520126 -0.516989
27.898060 -7.019499 1154.005691 66.117539 -0.123384 0.776783 -0.617563 -0.672091 -0.523274 -0.523906 0.730116 -0.350417 -0.586633
34.558747 -6.851461 1905.744186 -93.426996 -0.243781 0.841319 -0.482444 -0.690364 -0.499920 -0.522951 0.681152 -0.205577 -0.702688
119.455651 -7.113465 6401.531220 -432.806090 -0.378863 0.664642 -0.643983 -0.699760 -0.661122 -0.270654 0.605640 -0.348093 -0.715564
45.844294 1.807237 -85.972124 0.365724 0.017742 0.315823 -0.948652 0.853928 0.488752 0.178684 0.520088 -0.813251 -0.261019
-0.535460 -6.806049 -34.814649 35.378213 -0.324982 0.944537 -0.047288 0.788249 0.298158 0.538299 -0.522543 -0.137663 0.841426
-0.638218 -6.767417 -1.265729 75.322266 -0.311440 0.947510 -0.072315 0.846053 0.311130 0.432888 -0.432665 -0.073637 0.898543
-0.437126 -6.748577 -7.794731 -37.512990 -0.338559 0.937038 -0.085660 0.726423 0.318150 0.609172 -0.598070 -0.144015 0.788398
-0.577159 -6.648925 6.604820 38.069822 -0.332268 0.937852 -0.100156 0.795587 0.335723 0.504313 -0.506596 -0.087884 0.857693
-0.305972 -6.919305 -24.203935 -70.357876 -0.325424 0.944269 -0.049556 0.704279 0.277020 0.653644 -0.630944 -0.177811 0.755178
-0.098240 -7.177167 -13.007454 -55.165565 -0.318322 0.945971 -0.061729 0.662387 0.268533 0.699381 -0.678170 -0.181739 0.712079
-0.227878 -7.089488 -19.365959 -47.760316 -0.362146 0.926541 -0.101849 0.648508 0.328934 0.686469 -0.669543 -0.182552 0.719991
-0.520786 -7.172394 18.709747 -64.715755 -0.343540 0.930922 -0.123957 0.690993 0.339944 0.637940 -0.636010 -0.133505 0.760045
0.800255 -11.773884 -50.517789 2.923340 -0.286710 0.950910 -0.116483 -0.680301 -0.116478 0.723618 -0.674527 -0.286712 -0.680301
0.754764 -11.379102 -22.774708 -35.901501 -0.268106 0.953562 -0.137257 -0.753852 -0.118941 0.646189 -0.599856 -0.276719 -0.750733
1.064689 -11.725254 -44.699567 -35.324459 -0.270538 0.953338 -0.133996 -0.802555 -0.146463 0.578320 -0.531709 -0.263997 -0.804730
1.283937 -12.124626 -22.042255 -21.597891 -0.271983 0.958134 -0.089463 -0.715368 -0.139132 0.684757 -0.643642 -0.250241 -0.723260
1.275461 -10.932621 -46.754566 -51.321402 -0.248966 0.956407 -0.152645 -0.893618 -0.166071 0.416973 -0.373446 -0.240219 -0.896009
1.294135 -11.926060 -10.261668 -61.897203 -0.255330 0.961069 -0.105608 -0.840165 -0.166492 0.516143 -0.478466 -0.220515 -0.849967
3.925568 -18.584227 -25.664970 205.142044 0.405756 0.903983 -0.134818 0.913160 -0.407208 0.017885 -0.038732 -0.130368 -0.990709
4.423958 -18.578950 -51.153717 33.209677 0.397624 0.903370 -0.160678 -0.872812 0.426406 0.237439 -0.283010 -0.045831 -0.958021
2.924232 -18.465756 -65.222896 192.028255 0.355857 0.916700 -0.181735 0.932462 -0.361250 0.003660 -0.062296 -0.170764 -0.983341
2.666957 -15.936489 -76.307199 255.862821 0.384629 0.909867 -0.155570 0.904492 -0.337852 0.260289 0.184269 -0.240826 -0.952915
0.874638 -15.680660 -95.298597 267.158348 0.329701 0.919797 -0.212769 0.935190 -0.287327 0.207034 0.129295 -0.267238 -0.954917
1.374794 -18.228512 -104.093443 228.555630 0.300948 0.926228 -0.227006 0.950993 -0.309212 -0.000890 -0.071018 -0.215613 -0.973893
-0.035111 -19.858680 -25.288715 -127.269020 0.306600 0.926203 0.219419 0.853495 -0.165471 -0.494130 0.421357 -0.338774 0.841243
-0.135443 -20.329706 10.951291 -211.219247 -0.272494 -0.937452 -0.216633 0.931493 -0.200646 -0.303417 0.240972 -0.284472 0.927905
0.156469 -23.241589 -0.614563 -107.660690 0.296356 0.936318 0.188367 0.776153 -0.121175 -0.618792 0.556560 -0.329584 0.762637
0.121262 -21.704262 -31.422849 -154.645781 0.338084 0.920389 0.196428 0.729577 -0.124475 -0.672475 0.594488 -0.370662 0.713578
0.311242 -25.772107 -31.375645 -164.162269 0.349254 0.920974 0.172710 0.574999 -0.065112 -0.815559 0.739863 -0.384146 0.552300
0.428074 -25.670576 -9.209356 -102.081089 0.315227 0.934164 0.167239 0.613000 -0.065900 -0.787330 0.724475 -0.350705 0.593416
0.435712 -25.879184 -23.870200 -192.501786 0.298514 0.934269 0.195014 0.764373 -0.111677 -0.635030 0.571510 -0.338628 0.747467
-2.866919 -4.059367 -56.774729 -5.088319 -0.080741 -0.616244 0.783405 0.092536 0.777942 0.621484 -0.992430 0.122672 -0.005787
-3.371012 -4.764945 10.136087 -41.040893 0.081483 0.936565 -0.340891 0.108400 0.331672 0.937146 -0.990762 0.113314 0.074498
-3.124919 -4.235409 21.844092 -38.132920 0.142573 0.928623 -0.342539 0.113630 0.328430 0.937668 -0.983240 0.172609 0.058694
-3.064040 -5.058244 21.497592 -38.225893 0.169644 0.983637 -0.060656 0.144872 0.035988 0.988796 -0.974799 0.176531 0.136396
2.348984 -5.965745 46.266009 4.462444 0.158642 0.977272 -0.140611 0.965712 -0.183228 -0.183921 0.205505 0.106612 0.972832
2.349631 -5.882539 -2.570187 -1.654934 0.141210 0.985171 -0.097455 0.953771 -0.161764 -0.253285 0.265293 0.057183 0.962471
2.823482 -5.917228 -14.123968 9.301134 0.126878 0.988684 -0.080037 0.978247 -0.138072 -0.154821 0.164120 0.058653 0.984695
0.262490 -17.857478 -18.430655 70.358719 -0.004560 0.987384 -0.158277 0.234863 0.154908 0.959605 -0.972018 0.032798 0.232607
0.209219 -17.592666 16.333126 31.270041 0.032381 0.991160 -0.128658 0.434004 0.102012 0.895117 -0.900329 0.084822 0.426864
0.153412 -16.610653 8.939743 49.908901 0.021287 0.991664 -0.127083 0.401694 0.107917 0.909393 -0.915526 0.070407 0.396048
0.300771 -15.342006 -0.117132 60.178293 0.017224 0.994648 -0.101880 0.447030 0.083483 0.890615 -0.894353 0.060884 0.443200
0.004287 -17.104790 8.946338 107.386617 0.011275 0.988781 -0.148943 0.224473 0.142648 0.963983 -0.974415 0.044302 0.220347
0.922558 -10.574109 -1.086313 -12.504166 -0.025747 0.993875 0.107466 0.897830 0.070263 -0.434701 0.439590 -0.085294 0.894140
0.791503 -10.496480 4.220707 -89.869754 -0.075365 0.990606 0.114102 0.878885 0.120044 -0.461683 0.471043 -0.065488 0.879676
1.147787 -11.150195 -12.899742 -88.217972 -0.065834 0.989930 0.125316 0.828028 0.124279 -0.546740 0.556809 -0.067771 0.827872
0.977371 -11.156293 2.866998 -52.611885 -0.037544 0.993462 0.107813 0.879469 0.084076 -0.468471 0.474473 -0.077230 0.876876
-1.311350 -8.705099 -18.092363 50.952063 -0.092562 0.979379 -0.179581 0.091687 -0.171206 -0.980960 0.991477 0.107265 0.073949
-1.109266 -8.682194 -3.017898 48.888072 -0.090287 0.983235 -0.158422 0.062739 -0.153141 -0.986211 0.993938 0.098982 0.047860
-1.007274 -8.082389 7.414980 102.635128 -0.106174 0.972336 -0.208062 -0.067138 -0.215777 -0.974132 0.992078 0.089459 -0.088191
-1.228297 -9.549666 -18.070185 -31.689102 -0.081699 0.985155 -0.150982 0.247346 -0.126708 -0.960607 0.965477 0.115825 0.233322
-1.383237 -21.888001 7.101958 271.099650 -0.198294 0.932939 -0.300507 -0.366072 0.213914 0.905666 -0.909214 -0.289595 -0.299105
-1.251148 -21.964047 -0.124559 170.583217 -0.184997 0.934037 -0.305534 -0.509939 0.174532 0.842318 -0.840082 -0.311631 -0.444014
-1.398566 -25.138138 5.834292 240.781710 -0.201891 0.925362 -0.320852 -0.617491 0.134021 0.775076 -0.760227 -0.354604 -0.544345
-1.268959 -26.519976 14.631587 172.788475 -0.193753 0.918171 -0.345576 -0.797010 0.058078 0.601167 -0.572044 -0.391905 -0.720539
-1.368914 -25.053017 11.560486 205.693306 -0.212716 0.920065 -0.328987 -0.593479 0.145816 0.791530 -0.776231 -0.363618 -0.515022
-1.314744 -23.096380 19.152358 253.083267 -0.215282 0.931754 -0.292385 -0.347060 0.206859 0.914745 -0.912799 -0.298403 -0.278842
-0.068784 -13.017019 -34.540517 59.037486 0.010460 0.989866 -0.141615 0.993583 0.005662 0.112965 0.112622 -0.141888 -0.983455
0.102759 -14.911390 -57.681655 101.512688 0.047166 0.988352 -0.144691 0.993184 -0.030945 0.112375 0.106589 -0.149005 -0.983075
0.396207 -15.545298 -45.345691 238.533599 -0.015731 0.987763 -0.155166 0.999592 0.011834 -0.026005 -0.023851 -0.155512 -0.987546
-3.516426 -13.425402 -38.392294 -10.333318 0.291215 0.956657 -0.001081 0.945401 -0.287961 -0.152626 0.146322 -0.043425 0.988283
-4.083634 -13.127396 -25.090112 -1.072295 0.308329 0.949534 -0.057611 0.945055 -0.312666 -0.095449 0.108645 0.025016 0.993766
-3.727522 -12.948495 -56.716555 -27.243580 0.279467 0.960049 0.014282 0.957793 -0.279792 0.065943 -0.067304 0.004749 0.997721
-3.746516 -13.085514 -25.299199 -4.626250 0.316761 0.946827 -0.056412 0.903403 -0.319286 -0.286216 0.289008 -0.039700 0.956503
-3.096841 -13.360558 -45.995861 1.210494 0.292461 0.956261 0.005638 0.899161 -0.272981 -0.342040 0.325541 -0.105103 0.939668
3.149263 -4.995161 -127.892519 -60.564239 0.069926 0.995000 0.071317 0.145659 -0.080910 0.986021 -0.986861 0.058561 0.150589
1.825334 -4.595926 -94.541233 -58.944313 0.044793 0.997518 0.054335 0.109878 -0.058979 0.992194 -0.992935 0.038474 0.112247
3.489029 -4.110498 -86.909532 -76.822146 0.098880 0.992337 0.074090 0.073937 -0.081576 0.993921 -0.992349 0.092801 0.081437
4.279946 -5.028217 -73.594914 -47.410664 0.139824 0.988476 0.058012 0.173394 -0.082125 0.981422 -0.974876 0.127167 0.182879
4.091907 -4.126672 -1.714785 -77.862358 0.210770 0.975028 0.069969 0.086803 -0.089962 0.992155 -0.973674 0.203043 0.103596
4.197154 -3.100047 -27.479229 -79.494492 0.182422 0.979581 0.084514 0.024640 -0.090484 0.995593 -0.982912 0.179536 0.040643
3.630691 -2.994017 -96.274841 -72.960087 0.096928 0.988761 0.113826 -0.003818 -0.113994 0.993474 -0.995284 0.096730 0.007274
-1.545693 -5.855883 -3.844588 22.457316 0.357497 0.907080 0.222265 0.457226 -0.377514 0.805250 -0.814334 0.186250 0.549701
-1.677201 -5.983495 -2.302312 7.709724 0.380926 0.898553 0.217939 0.379143 -0.366783 0.849542 -0.843295 0.240983 0.480397
-1.721808 -6.048997 4.205913 14.713460 0.342579 0.915972 0.208888 0.394000 -0.341919 0.853144 -0.852879 0.209968 0.478028
-1.502795 -5.782372 5.194479 19.668849 0.316327 0.928910 0.192517 0.485968 -0.332961 0.808067 -0.814722 0.162056 0.556745
-0.395604 -8.638302 9.005335 54.022084 -0.215203 0.976494 -0.012141 0.482059 0.117033 0.868287 -0.849298 -0.181005 0.495914
-0.621190 -9.099707 14.415765 52.106658 -0.215549 0.976454 -0.008784 0.507569 0.119720 0.853253 -0.834214 -0.179459 0.521423
-0.388614 -8.069076 16.272202 28.948922 -0.183091 0.982670 0.028935 0.577843 0.083759 0.811838 -0.795346 -0.165360 0.583165
-0.048221 -7.630306 16.214842 36.803092 -0.181409 0.983112 0.024126 0.562409 0.083591 0.822623 -0.806714 -0.162800 0.568075
-0.204987 -8.301797 4.242147 76.438280 -0.206098 0.978521 -0.004571 0.472877 0.103685 0.875007 -0.856686 -0.178175 0.484089
0.397632 -8.466471 -47.411027 10.146981 -0.180102 0.983637 -0.004621 0.855996 0.154413 -0.493383 0.484597 0.092814 0.869800
0.403209 -7.712867 -48.474404 -33.183582 -0.172135 0.984906 -0.018138 0.914115 0.152847 -0.375541 0.367100 0.081224 0.926628
0.729809 -8.189135 -31.010840 26.638230 -0.213934 0.976827 -0.006433 0.847053 0.182224 -0.499295 0.486553 0.112266 0.866408
1.320953 -8.585794 -86.596095 12.420283 -0.226734 0.973439 0.031764 0.787385 0.202399 -0.582288 0.573251 0.107014 0.812362
0.817852 -70.668440 -66.182602 -3364.903257 0.191333 0.981101 -0.028837 -0.975012 0.193361 0.109376 -0.112885 -0.007189 -0.993582
0.718190 -68.964883 -40.621921 -3018.786417 0.167424 0.985054 0.040477 -0.971680 0.157928 0.175777 -0.166757 0.068760 -0.983598
-0.026447 -65.743618 -32.621739 -2589.610269 0.143073 0.988257 0.053642 -0.838851 0.092324 0.536475 -0.525223 0.121753 -0.842209
0.400205 -48.147467 -92.738049 -2160.767325 0.177286 0.983763 -0.027928 -0.942525 0.177884 0.282850 -0.283226 0.023822 -0.958757
0.923857 -29.570534 -53.457515 1188.793479 0.218330 0.975392 -0.030709 0.975824 -0.218531 -0.003323 -0.009953 -0.029241 -0.999523
3.844338 -17.628644 29.039726 -443.614135 0.950018 -0.066673 0.304993 0.300414 0.461068 -0.834965 0.084953 -0.884856 -0.458053
2.412083 -21.447800 74.211162 -356.212011 0.937071 -0.012548 0.348914 0.284121 0.608210 -0.741185 0.202912 -0.793677 -0.573501
3.196051 -23.217539 11.412928 -471.153245 0.938827 -0.129208 0.319233 0.324426 0.642828 -0.693917 0.115552 -0.755035 -0.645422
3.819968 -20.233739 -34.546481 -567.472126 0.948933 -0.161415 0.271056 0.315476 0.482429 -0.817152 -0.001135 -0.860934 -0.508715
-0.870294 -5.842619 6.423062 -47.325993 -0.084572 0.994709 -0.058320 0.955874 0.097518 0.277118 -0.281339 0.032310 0.959064
-0.821977 -5.898023 18.658100 -36.207032 -0.060405 0.995627 -0.071256 0.962457 0.077021 0.260276 -0.264626 0.052859 0.962901
-0.960505 -5.148108 8.658998 -10.925204 -0.144642 0.985546 -0.088195 0.930162 0.165827 0.327567 -0.337457 0.034656 0.940703
-9.195887 -12.137077 36.329010 307.886584 0.182000 0.857217 0.481722 -0.621562 0.479906 -0.619153 0.761930 0.186734 -0.620156
-8.406756 -11.165382 123.832095 108.941251 -0.151642 0.969270 0.193700 -0.596764 0.066442 -0.799661 0.787957 0.236856 -0.568351
-5.879557 -9.745318 -2.991667 100.502500 -0.420052 0.902904 -0.091214 -0.543793 -0.330897 -0.771230 0.726529 0.274356 -0.629987
11.096737 -13.844629 -160.607569 59.692971 0.410127 0.853090 0.322542 0.902775 -0.329480 -0.276478 -0.129589 0.404574 -0.905277
9.029564 -13.703335 -172.721864 -58.900767 0.405420 0.889410 0.211149 0.911655 -0.376400 -0.164951 -0.067233 0.259370 -0.963435
11.878072 -13.346419 -225.973302 72.222415 0.458392 0.821186 0.339899 0.887462 -0.443512 -0.125330 0.047830 0.359097 -0.932074
10.068636 -12.837921 -235.459166 -86.649478 0.455766 0.859776 0.230352 0.888588 -0.454568 -0.061480 0.051851 0.232708 -0.971163
7.004070 -13.872441 -111.817365 -124.047740 0.401937 0.905678 0.134883 0.914783 -0.403642 -0.015684 0.040240 0.129692 -0.990737
-0.770810 -2.261245 22.724079 4.964527 -0.329478 0.919886 0.212731 -0.124347 0.181072 -0.975577 0.935939 0.347884 -0.054726
-1.088350 -2.614436 1.907753 -31.562629 -0.342156 0.932546 -0.115269 -0.040045 -0.137033 -0.989757 0.938790 0.334035 -0.084230
-1.014296 -2.368219 5.299522 -31.784229 -0.348223 0.937332 -0.012224 -0.074264 -0.040584 -0.996412 0.934466 0.346065 -0.083742
-1.240430 -3.009444 -11.171847 -38.320603 -0.351278 0.896659 -0.269454 -0.027618 -0.297594 -0.954293 0.935864 0.327781 -0.129302
-0.625180 -2.090287 33.351399 -20.914434 -0.329116 0.902592 0.277506 -0.159539 0.236505 -0.958443 0.930715 0.359712 -0.066162
-1.099175 -2.452552 6.854784 -36.228160 -0.355568 0.934632 0.005892 -0.102269 -0.032639 -0.994221 0.929038 0.354116 -0.107189
-1.125644 -3.919663 29.848931 -38.928758 -0.564879 -0.048451 0.823750 0.113887 0.984144 0.135982 -0.817277 0.170627 -0.550404
-0.436435 -3.422467 11.137492 -33.952175 -0.574642 -0.340456 0.744229 -0.093114 0.930658 0.353845 -0.813091 0.134036 -0.566496
-1.988531 -4.647156 -4.911940 -48.430674 -0.547995 0.094302 0.831149 0.259968 0.963620 0.062071 -0.795058 0.250087 -0.552575
-1.561362 -7.670071 -21.899895 46.720141 -0.262406 0.961179 0.085314 -0.954228 -0.245324 -0.171073 0.143502 0.126299 -0.981558
-1.797207 -8.536073 10.683222 57.521406 -0.202691 0.973903 0.102124 -0.950993 -0.170902 -0.257692 0.233514 0.149351 -0.960815
0.149893 -8.803122 7.544089 -35.823389 0.032871 0.998407 0.045866 0.287656 -0.053400 0.956244 -0.957170 0.018239 0.288953
-0.006187 -8.779666 7.389990 11.656476 0.035196 0.997622 0.059259 0.459238 -0.068809 0.885644 -0.887616 0.003958 0.460567
0.619153 -8.398171 17.957374 -62.893106 0.015533 0.999199 0.036885 0.290483 -0.039808 0.956052 -0.956754 0.004135 0.290868
0.361216 -8.409641 7.035776 -18.517849 0.023913 0.999449 0.023002 0.225632 -0.027811 0.973816 -0.973919 0.018096 0.226173
-1.075486 -9.585344 32.711375 27.269939 0.167913 0.983253 -0.070850 -0.703966 0.069285 -0.706846 0.690100 -0.168565 -0.703810
-1.080121 -8.498056 5.999943 19.961987 0.167796 0.981782 -0.089156 -0.788471 0.079370 -0.609929 0.591741 -0.172641 -0.787425
-0.981731 -7.722122 11.139676 93.553578 0.142431 0.985428 -0.092981 -0.889429 0.086202 -0.448872 0.434316 -0.146633 -0.888746
-0.903472 -7.628383 6.641118 66.548229 0.117992 0.989113 -0.087935 -0.901917 0.069695 -0.426249 0.415480 -0.129604 -0.900322
-2.551390 -9.984472 58.501537 -403.787034 0.367359 0.926080 0.086160 0.777893 -0.255148 -0.574267 0.509833 -0.277986 0.814121
-1.723575 -10.948330 130.396590 -395.158911 0.255587 0.961535 0.100626 0.804415 -0.153772 -0.573822 0.536276 -0.227606 0.812775
-0.482927 -18.733257 -19.078227 -256.604186 0.262820 0.955928 -0.130870 0.084352 -0.157884 -0.983848 0.961151 -0.247536 0.122130
-0.352843 -20.663521 -14.172057 -12.024062 0.260070 0.955171 -0.141467 -0.198399 -0.090523 -0.975932 0.944988 -0.281877 -0.165962
-0.570892 -20.457288 -35.908576 -13.298867 0.274306 0.951951 -0.136181 -0.199553 -0.082181 -0.976435 0.940710 -0.295017 -0.167422
-0.513092 -20.571958 -26.358572 171.746543 0.265581 0.952136 -0.151337 -0.459153 -0.013112 -0.888260 0.847729 -0.305392 -0.433694
-0.658705 -18.974530 -23.265596 -288.519107 0.263466 0.956484 -0.125395 0.088362 -0.153369 -0.984210 0.960613 -0.248226 0.124924
-0.720100 -20.001195 -30.665528 -4.860474 0.263846 0.955540 -0.131637 -0.209318 -0.076500 -0.974851 0.941579 -0.284764 -0.179828
-0.660472 -20.349263 -33.910276 206.308397 0.261591 0.954245 -0.144869 -0.459513 -0.008864 -0.888127 0.848775 -0.298895 -0.436169
0.071237 -15.170382 0.749226 64.927959 0.329797 0.941506 0.069289 -0.768852 0.225278 0.598428 -0.547815 0.250633 -0.798174
-0.459796 -15.022856 29.677879 9.197871 0.326317 0.941061 0.089007 -0.816039 0.232933 0.528983 -0.477073 0.245249 -0.843952
1.382476 -7.368453 -9.973003 4.203514 -0.208866 0.977570 0.027042 -0.599469 -0.149831 0.786249 -0.772665 -0.148010 -0.617318
0.426228 -7.986480 -35.343661 37.189268 -0.181890 0.983253 -0.011373 -0.720850 -0.125464 0.681641 -0.668798 -0.132182 -0.731599
-7.501010 -10.115379 147.732960 81.434470 0.124372 0.954286 0.271790 -0.026509 0.277014 -0.960500 0.991881 -0.112255 -0.059750
-6.941265 -9.712643 -79.277937 99.023516 0.249211 0.727382 0.639382 0.091350 0.639613 -0.763250 0.964131 -0.248618 -0.092952
-4.387404 -9.205932 308.735988 202.528075 -0.375372 -0.578995 -0.723782 0.022747 0.774895 -0.631680 0.926595 -0.253579 -0.277704
-1.135683 -9.017306 0.956199 34.797140 0.120535 0.992514 0.019659 -0.501442 0.077964 -0.861671 0.856754 -0.094004 -0.507086
-1.104784 -8.611119 17.023829 39.766187 0.088349 0.995692 0.028140 -0.511877 0.069618 -0.856233 0.854504 -0.061243 -0.515822
-1.121196 -9.489773 16.658089 -64.626550 0.113648 0.991892 0.056870 -0.354830 0.093988 -0.930194 0.927998 -0.085535 -0.362635
-0.949463 -27.189379 -49.757147 -272.920677 -0.403179 0.899627 0.167683 -0.573780 -0.105768 -0.812151 0.712898 0.423656 -0.558832
-1.063867 -28.129181 1.643733 -132.804266 -0.425958 0.882528 0.199258 -0.680664 -0.167502 -0.713190 0.596034 0.439417 -0.672054
-1.066084 -26.729392 9.225618 -339.516903 -0.442495 0.877330 0.185715 -0.454808 -0.041068 -0.889642 0.772883 0.478126 -0.417189
-1.190287 -29.854092 19.065826 223.622832 -0.434641 0.872184 0.224460 -0.782703 -0.242535 -0.573196 0.445492 0.424820 -0.788076
-1.315480 -30.697866 20.550850 -349.109434 -0.443680 0.872166 0.206093 -0.552370 -0.085044 -0.829250 0.705717 0.481761 -0.519491
-1.277346 -18.343800 -16.144722 21.324122 -0.574645 0.792918 0.202645 -0.373474 -0.474394 0.797162 -0.728218 -0.382402 -0.568742
-1.292364 -19.468790 -3.878061 -2.720150 -0.573153 0.800021 0.177378 -0.478130 -0.502286 0.720486 -0.665498 -0.328139 -0.670400
-1.278465 -20.574517 -4.730870 -143.743523 -0.579814 0.785163 0.217567 -0.264915 -0.434206 0.860979 -0.770477 -0.441571 -0.459760
-1.349675 -17.778544 5.948561 55.801565 -0.550312 0.810272 0.201533 -0.536516 -0.528101 0.658225 -0.639771 -0.254103 -0.725345
-1.126566 -19.165823 -11.414854 -156.868589 -0.573212 0.783651 0.239412 -0.207604 -0.421536 0.882728 -0.792671 -0.456287 -0.404319
-1.130583 -18.052820 -7.338555 10.388365 -0.560836 0.797393 0.222771 -0.372730 -0.483436 0.792062 -0.739281 -0.361183 -0.568341
-4.737059 -6.676291 -83.422381 48.264539 -0.210919 -0.094130 -0.972961 -0.193649 0.979649 -0.052798 0.958130 0.177276 -0.224855
-4.572156 -6.011776 -169.956185 -7.344702 -0.234718 0.233808 -0.943526 -0.180048 0.943390 0.278564 0.955244 0.235264 -0.179334
-2.157255 -6.225420 -201.913898 2.550538 -0.202399 0.386647 -0.899744 -0.193494 0.884858 0.423777 0.959997 0.259867 -0.104281
-2.066058 -6.676188 -193.724311 41.287900 -0.204726 0.313393 -0.927293 -0.112541 0.933539 0.340351 0.972328 0.174037 -0.155850
-0.205725 -35.923922 3.298963 -778.274466 -0.641070 0.724103 0.254370 -0.108774 -0.413812 0.903841 -0.759735 -0.551756 -0.344046
0.000192 -34.325133 -33.907602 -597.373379 -0.650853 0.725163 0.224785 -0.337610 -0.541645 0.769832 -0.680007 -0.425158 -0.597354
-3.630675 -40.620805 57.021256 1701.449116 -0.710861 0.537718 -0.453361 0.135260 -0.528040 -0.838378 0.690204 0.657292 -0.302631
-3.205472 -7.673449 4.123354 -30.272806 0.222870 0.971299 -0.083105 -0.290109 0.147470 0.945563 -0.930680 0.186628 -0.314649
1.801481 -0.564510 -13.105245 154.250262 0.058994 0.878729 -0.473662 0.124238 0.464336 0.876902 -0.990497 0.110579 0.081779
2.259746 0.367002 -68.054998 116.729549 0.041263 0.713014 -0.699935 0.150790 0.688064 0.709810 -0.987704 0.134832 0.079124
-1.507546 -6.243558 -30.813710 -12.718340 0.442489 0.867440 -0.227492 -0.533303 0.458482 0.710903 -0.720966 0.193244 -0.665481
-1.333230 -6.242796 -16.755793 -17.514506 0.420542 0.878463 -0.226819 -0.549263 0.445493 0.706998 -0.722118 0.172739 -0.669856
-1.778160 -6.079862 -35.303652 -21.584096 0.448537 0.868477 -0.211096 -0.591415 0.465489 0.658444 -0.670106 0.170491 -0.722420
-1.519495 -6.382728 -6.202608 -2.466679 0.434521 0.874676 -0.214789 -0.466399 0.422534 0.777134 -0.770496 0.237503 -0.591547
-1.550780 -6.193632 -2.258345 -13.682299 0.458083 0.869274 -0.185804 -0.531407 0.435362 0.726682 -0.712577 0.234143 -0.661370
-1.427503 -6.258949 -9.624730 7.590883 0.440663 0.878563 -0.184234 -0.471129 0.401049 0.785619 -0.764103 0.259396 -0.590644
-0.119962 -8.185393 -0.286495 3.430837 -0.092872 0.993795 -0.061201 -0.759524 -0.110455 -0.641032 0.643815 0.013051 -0.765070
0.307125 -7.539917 1.757568 -66.437739 -0.124400 0.987945 -0.092133 -0.645853 -0.151114 -0.748357 0.753258 0.033591 -0.656867
0.184984 -7.513557 -10.351984 50.735697 -0.113391 0.988971 -0.095286 -0.746171 -0.148090 -0.649075 0.656027 0.002500 -0.754733
0.081593 -7.290503 8.238244 -30.730350 -0.124706 0.987065 -0.100756 -0.661413 -0.158396 -0.733106 0.739582 0.024781 -0.672610
-0.065658 -8.021689 -14.831286 44.348871 -0.079099 0.994356 -0.070709 -0.804816 -0.105555 -0.584063 0.588230 -0.010709 -0.808623
-0.175139 -7.721183 1.292281 65.863396 -0.103320 0.990665 -0.088926 -0.798310 -0.135924 -0.586708 0.593318 -0.010372 -0.804901
0.747479 -27.892932 -35.208887 213.376710 0.084832 0.996340 -0.010539 0.768254 -0.058670 0.637450 -0.634499 0.062173 0.770419
-0.039605 -18.013855 -5.128145 -65.025600 0.076291 0.959757 -0.270272 -0.964429 0.139834 0.224327 -0.253092 -0.243544 -0.936286
-0.111230 -17.477405 -28.434297 65.447128 0.079726 0.957540 -0.277058 0.988838 -0.111068 -0.099315 -0.125870 -0.266048 -0.955707
-0.041618 -18.382890 -21.453994 -57.196978 0.070826 0.959683 -0.272016 -0.940227 0.155296 0.303077 -0.333101 -0.234291 -0.913319
5.848227 -9.926051 -30.368159 74.782921 -0.470928 0.876921 0.096102 0.858041 0.430015 0.280806 0.204919 0.214699 -0.954941
4.764420 -11.175191 -65.884784 -219.607064 -0.412745 0.908079 0.070956 -0.894093 -0.389049 -0.221897 0.173895 0.155028 -0.972485
