19067
38122
-8.548692 -12.255953 123.550853 317.092616 0.287662 0.953323 -0.091793 0.252934 0.016820 0.967337 -0.923729 0.301484 0.236289
-8.240090 -13.486705 29.042066 257.565071 0.304596 0.944752 -0.121096 0.160052 0.074562 0.984289 -0.938938 0.319192 0.128498
-12.148310 -16.040946 170.801864 485.784281 0.142635 0.748477 -0.647640 0.246433 0.606869 0.755633 -0.958606 0.267380 0.097889
-7.154476 -12.048627 -22.080004 197.650180 0.395624 0.909300 0.129056 0.122070 -0.191337 0.973904 -0.910264 0.369546 0.186696
-9.040840 -15.906700 228.391491 983.144081 0.055998 -0.581572 0.811565 0.384111 0.762830 0.520144 -0.921587 0.282604 0.266105
-7.415803 -9.832330 -10.794993 398.714930 0.163503 0.923397 -0.347281 0.404109 0.258443 0.877441 -0.899979 0.283804 0.330897
-5.603997 -9.989334 -99.081777 183.659220 0.368401 0.917230 0.151559 0.237633 -0.250516 0.938494 -0.898783 0.309727 0.310255
12.628930 -14.237673 276.323250 -436.279267 -0.109855 -0.950854 0.289498 0.967952 -0.168521 -0.186200 0.225835 0.259765 0.938893
10.198617 -14.194380 -415.787764 -285.502215 0.143375 0.972424 -0.183941 0.969914 -0.175015 -0.169226 0.196752 0.154144 0.968260
11.314209 -11.942779 173.199314 10.669027 -0.099485 -0.944197 0.313997 0.977952 -0.151009 -0.144241 0.183608 0.292725 0.938403
12.860559 -13.419192 24.065172 -224.728753 -0.061409 -0.918615 0.390352 0.972062 -0.143811 -0.185509 0.226548 0.368054 0.901783
10.457977 -11.352550 46.585149 125.915919 -0.096564 -0.936397 0.337396 0.992110 -0.117783 -0.042946 0.079954 0.330587 0.940383
10.880486 -12.199019 -62.547321 69.333083 -0.019961 -0.896979 0.441622 0.988591 -0.083666 -0.125250 0.149296 0.434084 0.888416
15.350732 0.082762 -1902.136555 180.040377 0.712056 -0.591746 0.377905 0.624228 0.779940 0.045093 -0.321427 0.203790 0.924746
12.018734 -2.637550 -1227.598215 -50.796107 0.836494 -0.469691 0.282257 0.488246 0.872690 0.005242 -0.248785 0.133426 0.959324
15.961742 -6.637903 -687.078769 284.880520 0.681281 -0.701267 0.209954 0.697534 0.708907 0.104390 -0.222043 0.075332 0.972122
15.723806 -4.852926 1589.597446 239.709555 -0.563765 0.704931 -0.430396 0.744112 0.659638 0.105706 -0.358421 0.260670 0.896429
5.297439 -8.627666 -212.633339 -6.457732 0.078252 0.992238 -0.096647 -0.029044 0.099172 0.994646 -0.996510 0.075026 -0.036579
3.307679 -9.568755 -372.669244 -62.519039 0.035252 0.993421 -0.108954 0.004620 0.108859 0.994046 -0.999368 0.035545 0.000752
3.512217 -8.354330 -273.188853 -30.140518 0.050227 0.997962 -0.039350 -0.082432 0.043408 0.995651 -0.995330 0.046765 -0.084445
5.905169 -7.739126 -193.379506 -16.342934 0.084358 0.995457 -0.044146 -0.086233 0.051431 0.994947 -0.992697 0.080124 -0.090180
6.696959 -7.777421 -110.534804 -68.541464 0.131680 0.985243 -0.109342 -0.021083 0.113061 0.993364 -0.991068 0.128501 -0.035660
2.251522 -11.065607 -279.644391 226.881559 0.414169 -0.082300 0.906472 0.615676 -0.708170 -0.345599 0.670379 0.701229 -0.242632
0.478696 -10.602296 184.501055 -133.078176 -0.399295 0.053309 -0.915272 -0.607430 0.732379 0.307653 0.686726 0.678807 -0.260053
1.811324 -8.897957 177.073309 -22.809678 -0.406834 0.075681 -0.910362 -0.558505 0.768003 0.313438 0.722882 0.635958 -0.270182
0.275581 -9.326904 158.925985 36.886917 -0.382315 0.033491 -0.923425 -0.555131 0.790572 0.258507 0.738692 0.611452 -0.283655
3.878485 -9.447850 237.452480 -140.273233 -0.417277 0.131783 -0.899173 -0.568041 0.734504 0.371258 0.709372 0.665685 -0.231634
2.758820 -7.407252 50.619069 -70.878863 -0.377709 0.121687 -0.917893 -0.505177 0.803699 0.314426 0.775971 0.582461 -0.242091
1.504191 -8.447944 154.195547 -28.296140 -0.369958 0.014930 -0.928929 -0.505657 0.835563 0.214814 0.779386 0.549191 -0.301574
-3.472655 -11.024338 197.021972 89.709534 0.181822 0.183168 -0.966121 0.458740 0.853232 0.248099 0.869769 -0.488308 0.071110
-5.019924 -11.681793 168.936833 23.878220 0.252287 0.257496 -0.932763 0.438311 0.828975 0.347396 0.862690 -0.496484 0.096277
-3.943940 -12.213420 202.081090 127.237261 0.207810 0.169170 -0.963430 0.551514 0.793187 0.258237 0.807866 -0.585009 0.071532
-0.337925 -10.730130 307.003680 133.366561 0.064353 0.013176 -0.997840 0.555244 0.830371 0.046774 0.829194 -0.557055 0.046121
-9.190444 -12.238130 -30.278959 -184.510361 0.305876 0.879903 0.363607 0.049435 -0.396074 0.916887 -0.950787 0.262479 0.164647
-9.269970 -10.852443 23.776746 -215.152869 0.274524 0.801814 0.530783 -0.111771 -0.521641 0.845812 -0.955062 0.291522 0.053584
-8.546889 -11.475897 -138.039067 -120.058048 0.210084 0.927767 0.308406 0.051926 -0.325588 0.944085 -0.976304 0.182322 0.116576
0.807673 -16.596903 55.121625 129.533262 0.161716 0.779116 -0.605661 -0.733708 -0.315508 -0.601771 0.659940 -0.541694 -0.520621
1.157370 -16.737808 -67.972013 203.298079 0.184262 0.767033 -0.614580 -0.777915 -0.268372 -0.568176 0.600746 -0.582784 -0.547236
1.113516 -16.337894 41.568295 -208.526371 0.161705 0.773175 -0.613230 0.819942 0.240520 0.519467 0.549133 -0.586814 -0.595065
1.025429 -16.840136 -76.534456 6.296413 0.196303 0.772043 -0.604495 -0.669779 -0.344680 -0.657718 0.716144 -0.533990 -0.449436
0.392155 -16.797325 -41.411153 -124.349243 0.181432 0.771873 -0.609340 -0.564082 -0.425871 -0.707422 0.805540 -0.472066 -0.358133
6.026217 -25.223690 -36.816220 380.969586 -0.259282 0.710126 -0.654595 0.902952 0.418741 0.096608 0.342710 -0.566019 -0.749782
6.035313 -26.682666 -74.384415 142.756171 -0.247429 0.712586 -0.656505 0.961288 0.265341 -0.074291 0.121259 -0.649473 -0.750654
5.709382 -27.347864 -242.930575 143.320367 -0.222318 0.685390 -0.693409 0.964920 0.256549 -0.055786 0.139658 -0.681486 -0.718382
5.914453 -25.623774 -236.571095 461.750559 -0.231228 0.667591 -0.707712 0.883229 0.449076 0.135043 0.407970 -0.593846 -0.693475
4.846620 -27.594177 -299.669471 451.205187 -0.190078 0.640603 -0.743975 0.916530 0.387413 0.099419 0.351914 -0.662978 -0.660770
-0.271802 -29.284506 -91.253843 941.390260 -0.080096 0.891237 -0.446410 0.863051 0.286081 0.416295 -0.498727 0.351931 0.792096
-0.203344 -34.457583 46.895497 641.124687 -0.087326 0.866219 -0.491975 0.659201 0.420517 0.623394 -0.746879 0.269871 0.607734
-0.281570 -31.407563 51.278560 864.953577 -0.054232 0.877108 -0.477222 0.855795 0.287066 0.430358 -0.514464 0.385065 0.766193
-0.620836 -32.909345 -213.139207 467.619051 -0.141055 0.873721 -0.465527 0.643950 0.438133 0.627190 -0.751952 0.211308 0.624434
-0.316018 -26.013812 -6.259999 665.475744 0.027999 -0.891106 0.452931 0.947521 0.168016 0.271984 -0.318466 0.421546 0.849045
-0.543040 -27.690732 -127.859451 780.962176 -0.105866 0.879571 -0.463840 0.821686 0.340085 0.457357 -0.560023 0.332712 0.758734
-0.433030 -23.809906 37.366337 742.845451 0.055413 -0.887836 0.456812 0.937628 0.203529 0.281832 -0.343195 0.412703 0.843738
-0.559709 -24.069195 64.673051 647.913725 0.029936 -0.897622 0.439748 0.951427 0.160455 0.262756 -0.306415 0.410522 0.858825
-0.048486 -19.733094 1.959023 -197.790670 -0.001583 0.803966 -0.594673 0.995502 0.057601 0.075224 0.094731 -0.591879 -0.800441
-0.636900 -18.046930 0.506212 -309.064994 -0.070692 0.800720 -0.594853 0.990892 -0.012150 -0.134111 -0.114613 -0.598916 -0.792568
-0.516746 -17.883817 -9.954578 -218.844776 -0.037950 0.801944 -0.596193 0.998037 0.000672 -0.062626 -0.049822 -0.597399 -0.800395
0.050992 -18.599142 36.354781 -181.609940 0.017485 0.806611 -0.590824 0.996579 0.033681 0.075475 0.080778 -0.590122 -0.803263
1.302597 -6.134207 -51.723770 5.118698 0.246914 0.959390 -0.136400 0.082111 -0.160966 -0.983538 0.965552 -0.231649 0.118521
0.209181 -6.229441 -80.368421 38.126026 0.251345 0.965539 -0.067527 0.058217 -0.084722 -0.994702 0.966145 -0.246082 0.077505
0.859229 -7.143774 -107.771018 -37.806746 0.259973 0.958654 -0.115744 0.119244 -0.150821 -0.981343 0.958225 -0.241321 0.153523
-0.326353 -7.760309 -186.171382 -32.675800 0.272476 0.956001 -0.108715 0.119584 -0.145763 -0.982066 0.954702 -0.254589 0.154039
0.003505 -7.918195 -143.586255 71.063579 0.278259 0.939029 -0.201982 0.141234 -0.248002 -0.958409 0.950066 -0.238159 0.201632
-0.091446 -23.867709 -111.309639 268.657398 -0.009767 -0.717567 0.696421 0.859680 0.349697 0.372373 -0.510739 0.602336 0.613463
1.052942 -22.883525 -69.270442 312.282860 -0.014833 -0.741243 0.671073 0.869850 0.321408 0.374242 -0.493092 0.589284 0.640003
-0.116988 -26.598578 115.856599 619.593006 -0.001569 0.717198 -0.696867 0.764995 0.449668 0.461065 -0.644034 0.532377 0.549359
-1.179346 -26.618184 117.166127 533.673881 -0.019410 0.714228 -0.699644 0.754032 0.469982 0.458860 -0.656550 0.518648 0.547673
3.182031 -12.046620 53.741353 -132.819209 -0.338463 0.756484 -0.559619 -0.600644 0.284112 0.747333 -0.724340 -0.589077 -0.358217
2.042449 -10.749491 -18.889980 207.229086 -0.334606 0.740254 -0.583149 -0.679236 0.239487 0.693747 -0.653205 -0.628227 -0.422674
3.059302 -12.191400 -87.547332 263.274206 -0.301586 0.733283 -0.609378 -0.689667 0.273536 0.670475 -0.658335 -0.622474 -0.423227
4.714773 -16.836636 122.991219 -529.568597 -0.315201 0.762578 -0.564910 -0.516487 0.361539 0.776229 -0.796172 -0.536437 -0.279904
3.832809 -15.448615 -150.696068 -537.080565 -0.411032 0.719544 -0.559740 -0.553465 0.290926 0.780409 -0.724382 -0.630570 -0.278662
-0.929311 -10.634322 88.117905 42.638582 -0.113624 0.767669 -0.630693 0.979428 -0.020003 -0.200798 -0.166762 -0.640534 -0.749604
-1.597762 -11.035561 84.773857 -68.661401 -0.002661 0.766958 -0.641692 0.998551 -0.032455 -0.042932 -0.053753 -0.640876 -0.765760
-1.665916 -11.429418 52.839654 -28.027151 -0.033003 0.757956 -0.651471 0.990598 -0.061779 -0.122059 -0.132762 -0.649374 -0.748791
-1.031236 -11.112968 47.602882 -23.836026 -0.081341 0.754131 -0.651668 0.958127 -0.120941 -0.259549 -0.274547 -0.645492 -0.712716
-0.354144 -10.923533 64.152336 33.586858 -0.139051 0.761896 -0.632597 0.940059 -0.099301 -0.326233 -0.311373 -0.640042 -0.702419
0.357774 -11.412616 -367.108676 334.452595 -0.307889 -0.790600 0.529297 0.849824 0.021616 0.526624 -0.427790 0.611951 0.665215
-0.085579 -12.014579 -266.675828 158.714360 -0.307535 -0.796235 0.520991 0.790458 0.091027 0.605715 -0.529716 0.598101 0.601396
-0.216133 -12.605298 -204.916879 518.584791 -0.245770 -0.809342 0.533444 0.883850 0.038850 0.466154 -0.398002 0.586052 0.705789
3.796347 -20.896282 185.754609 -112.962867 -0.291903 0.745115 -0.599664 -0.738415 -0.574052 -0.353847 0.607895 -0.339512 -0.717771
4.996887 -23.261958 237.162494 -396.617377 -0.284003 0.757976 -0.587210 -0.846630 -0.485712 -0.217490 0.450067 -0.435382 -0.779668
5.342393 -22.033505 48.704938 -336.728747 -0.272596 0.689014 -0.671529 -0.780854 -0.566203 -0.263972 0.562102 -0.452408 -0.692364
3.476689 -21.609290 254.432699 -193.034767 -0.279234 0.784085 -0.554291 -0.798325 -0.510337 -0.319739 0.533579 -0.353223 -0.768458
-1.614563 -53.212980 -195.286393 1814.338758 -0.382257 -0.521043 0.763147 0.918649 -0.303490 0.252938 0.099816 0.797752 0.594667
-2.263952 -50.179642 -116.391636 1053.839582 -0.374998 -0.548541 0.747315 0.926146 -0.186570 0.327789 -0.040379 0.815043 0.577992
-2.061349 -44.392413 -86.330737 1997.745931 -0.363250 -0.550187 0.751893 0.886324 -0.452825 0.096848 0.287192 0.701601 0.652133
-1.157451 -45.225207 -74.355835 2339.386422 -0.382410 -0.530981 0.756189 0.826855 -0.561920 0.023577 0.412399 0.634275 0.653928
-1.790901 -36.996506 -73.940249 18.043792 0.369328 0.428296 -0.824717 0.905197 -0.366608 0.214981 -0.210273 -0.825930 -0.523091
-1.595152 -34.531097 -60.491803 -366.798834 0.363564 0.438166 -0.822090 0.827625 -0.557007 0.069132 -0.427619 -0.705517 -0.565144
-1.977101 -35.856817 49.429819 -299.405898 0.376011 0.471468 -0.797705 0.856682 -0.504971 0.105358 -0.353145 -0.722995 -0.593773
-16.923151 -653.127902 -1060.912412 60919.495276 0.331135 0.625525 -0.706447 -0.455532 0.761636 0.460870 0.826341 0.169199 0.537151
-2.189355 -117.826621 392.189319 -5477.598505 0.189787 0.767347 -0.612502 0.135131 -0.638318 -0.757819 0.972482 -0.061056 0.224837
0.599048 -78.494153 203.154534 -4777.223516 0.206788 0.827857 -0.521432 0.614683 -0.524566 -0.589063 0.761186 0.198705 0.617343
1.155484 -56.274898 150.571716 -3385.913826 0.248660 0.794406 -0.554155 0.706047 -0.540325 -0.457763 0.663073 0.277432 0.695245
0.546260 -57.562586 104.879408 -4742.627969 0.235630 0.808928 -0.538622 0.801232 -0.475359 -0.363403 0.550006 0.345932 0.760148
-1.265520 -66.275583 108.838504 -4202.896243 0.244369 0.795013 -0.555192 0.772394 -0.505741 -0.384231 0.586252 0.334933 0.737651
2.148870 -10.060816 91.900512 -14.651384 -0.092557 -0.915905 0.390579 0.978677 -0.011443 0.205087 -0.183371 0.401232 0.897434
1.986862 -9.404858 90.136965 67.574616 -0.078436 -0.914208 0.397581 0.970751 0.020735 0.239192 -0.226915 0.404713 0.885842
2.974644 -10.004365 88.948663 -17.589570 -0.046038 -0.904931 0.423061 0.980641 0.039749 0.191738 -0.190326 0.423698 0.885582
3.133149 -10.073580 93.174239 -107.035157 -0.045283 -0.906736 0.419261 0.987245 0.023505 0.157463 -0.152632 0.421044 0.894106
-1.466888 -8.577341 79.002563 -177.199298 -0.315375 -0.009977 -0.948915 -0.299213 0.949984 0.089456 0.900561 0.312140 -0.302587
0.274741 -7.957919 160.521694 -184.350433 -0.302696 -0.112844 -0.946383 -0.326485 0.945166 -0.008274 0.895423 0.306476 -0.322940
-1.435344 -9.217139 75.235696 -113.558307 -0.320618 -0.014409 -0.947099 -0.371138 0.921845 0.111615 0.871471 0.387290 -0.300908
-3.914561 -8.367829 -199.454671 185.978787 0.221721 0.972597 -0.069957 -0.011722 -0.069079 -0.997542 0.975040 -0.221996 0.003915
-4.124112 -7.622065 -171.837691 187.063736 0.194985 0.980494 0.024764 -0.061014 0.037325 -0.997439 0.978907 -0.192974 -0.067102
-5.144325 -9.712808 -36.565833 195.230805 0.154753 0.947483 -0.279869 -0.017508 -0.280607 -0.959663 0.987798 -0.153411 0.026837
2.612583 -4.689907 252.189767 163.282440 -0.211581 0.870018 -0.445311 0.077855 -0.439175 -0.895022 0.974255 0.224039 -0.025185
2.720279 -3.109202 237.096822 112.234731 -0.204971 0.868345 -0.451623 0.050234 -0.451479 -0.890867 0.977478 0.205289 -0.048920
4.805257 -4.315021 273.026972 159.031143 -0.182401 0.885798 -0.426723 0.069313 -0.421339 -0.904250 0.980778 0.194514 -0.015455
4.542516 -6.104492 284.377495 192.916775 -0.186920 0.878291 -0.440074 0.116505 -0.424989 -0.897670 0.975442 0.219063 0.022886
2.339897 -6.493067 276.386075 186.182525 -0.215591 0.873299 -0.436885 0.129956 -0.417766 -0.899212 0.967798 0.250638 0.023424
-0.316582 -12.743785 32.733410 497.345394 -0.003016 -0.923653 0.383218 0.997597 -0.029305 -0.062781 0.069218 0.382108 0.921522
-0.104552 -11.423126 36.349958 365.552864 0.001607 -0.924477 0.381234 0.994378 -0.038888 -0.098492 0.105879 0.379249 0.919217
-0.322357 -11.448892 15.304949 321.864695 -0.020056 -0.921235 0.388490 0.993163 -0.063052 -0.098245 0.115002 0.383863 0.916201
-1.242168 -27.786263 -48.191978 188.717795 0.084500 0.727435 -0.680953 0.991997 0.002928 0.126225 0.093814 -0.686170 -0.721367
-2.397673 -28.643150 -192.139553 56.506776 0.072514 0.709342 -0.701125 0.997210 -0.039078 0.063600 0.017715 -0.703781 -0.710196
-1.406179 -28.343157 -115.875833 153.700582 0.103699 0.720384 -0.685779 0.953705 0.123681 0.274135 0.282300 -0.682459 -0.674208
-0.248372 -27.079963 -31.960804 135.233656 0.089409 0.715574 -0.692791 0.974520 0.080813 0.209239 0.205713 -0.693846 -0.690116
-0.184593 -26.389395 -40.957427 162.837589 0.111031 0.717998 -0.687132 0.902122 0.217261 0.372791 0.416951 -0.661268 -0.623599
2.902007 -9.443453 44.465110 -31.197666 -0.007955 -0.881435 0.472239 0.939314 0.155385 0.305850 -0.342965 0.446014 0.826708
3.365019 -9.834860 52.463263 -27.278682 -0.014919 -0.886643 0.462214 0.970253 0.098875 0.220983 -0.241634 0.451762 0.858792
2.547275 -9.412229 82.463132 -44.232093 -0.025682 -0.897350 0.440571 0.938982 0.129565 0.318632 -0.343007 0.421872 0.839268
2.180087 -8.871729 -36.342224 -42.656945 0.008284 0.884507 -0.466454 0.899678 0.197017 0.389569 -0.436476 0.422885 0.794139
2.592346 -9.155304 27.782422 -41.673958 0.004168 -0.870567 0.492033 0.914464 0.202421 0.350402 -0.404646 0.448485 0.796946
0.490386 -13.101891 176.854039 563.355654 0.153532 0.879732 -0.449999 0.944254 0.003599 0.329200 0.291227 -0.475456 -0.830138
2.408147 -17.570192 64.848646 126.367683 0.230487 0.837954 -0.494681 0.949022 -0.081243 0.304560 0.215018 -0.539660 -0.813962
2.915729 -31.560603 -21.193092 -2521.995338 0.013467 0.842027 -0.539268 0.966170 0.127958 0.223925 0.257555 -0.524040 -0.811818
2.486390 -11.531988 -63.391035 -434.371048 -0.071740 0.860771 -0.503911 0.955441 0.204337 0.213022 0.286331 -0.466175 -0.837076
0.796367 -9.093087 -56.508478 751.079896 -0.027223 0.864217 -0.502383 0.956156 0.169110 0.239097 0.291590 -0.473847 -0.830930
-1.250056 -14.005479 180.869051 1298.093129 0.155501 0.882169 -0.444520 0.945154 -0.002023 0.326618 0.287233 -0.470929 -0.834100
-10.532101 -163.488794 25.520716 -1169.585987 0.994231 0.055961 -0.091502 -0.100760 0.779742 -0.617940 -0.036768 -0.623595 -0.780882
-18.232967 -245.966417 -242.479974 1516.835594 0.989927 0.022684 -0.139751 -0.075093 0.920922 -0.382444 -0.120024 -0.389086 -0.913349
-8.035647 -130.447403 283.868471 1190.987504 0.989535 0.091193 -0.111827 -0.105733 0.985613 -0.131865 -0.098193 -0.142309 -0.984940
-7.212792 -158.458837 -183.394645 3028.789663 0.992298 0.031591 -0.119779 -0.071157 0.936856 -0.342399 -0.101398 -0.348285 -0.931888
-3.753047 -152.246440 -345.404488 10293.227037 -0.980213 -0.117320 0.159430 -0.088501 0.980192 0.177174 -0.177058 0.159559 -0.971180
1.353401 -96.483479 -144.713626 6944.731836 0.944404 -0.191482 -0.267276 -0.292493 -0.860568 -0.416979 0.150165 -0.471972 0.868730
0.573760 -72.884174 -200.905216 2429.795684 0.936342 -0.224216 -0.270169 0.222998 0.974168 -0.035614 0.271175 -0.026901 0.962154
1.485534 -82.424589 -52.140770 2763.294068 0.921795 -0.200073 -0.332060 0.203083 0.978816 -0.026001 0.330228 -0.043468 0.942900
3.203140 -163.827608 73.504054 14437.145109 0.934510 -0.161280 -0.317301 -0.315427 -0.788281 -0.528318 0.164915 -0.593803 0.787528
-1.009339 -7.749168 113.020166 20.011009 0.385279 0.635852 -0.668770 -0.738311 0.647156 0.189960 0.553585 0.420573 0.718792
-0.081587 -6.828017 6.462193 131.298385 0.429325 0.615074 -0.661335 -0.734004 0.664280 0.141314 0.526230 0.424753 0.736659
-0.903318 -7.483718 122.740649 53.463237 0.241276 0.730480 -0.638893 0.829703 -0.496749 -0.254624 0.503367 0.468657 0.725935
4.309507 -13.707854 -541.758008 -991.442958 -0.181894 0.778038 -0.601308 0.889567 -0.130387 -0.437800 -0.419028 -0.614537 -0.668401
5.166458 -18.739062 8.876655 -14.849346 -0.123961 0.830320 -0.543325 0.962539 -0.032450 -0.269196 -0.241149 -0.556341 -0.795193
6.002950 -13.619867 465.556747 -657.706540 0.046514 0.866438 -0.497112 0.925942 -0.224115 -0.303981 -0.374791 -0.446158 -0.812696
2.541056 -20.668236 -1470.423992 -170.367313 -0.299913 0.686422 -0.662478 0.932333 0.063856 -0.355917 -0.202006 -0.724395 -0.659125
9.463561 -4.516183 321.862183 1638.512984 0.137752 0.800956 -0.582661 -0.814944 0.425997 0.392928 -0.562930 -0.420710 -0.711416
8.811817 -7.083926 -1529.149214 1395.924252 0.013702 0.632669 -0.774301 -0.777243 0.493906 0.389808 -0.629052 -0.596479 -0.498505
-6.357404 -13.000903 26.978263 -40.471492 0.874591 0.315948 0.367787 -0.460167 0.779869 0.424324 0.152761 0.540353 -0.827455
-6.097516 -13.843669 12.966719 -102.406607 0.827415 0.377600 0.415694 -0.555603 0.658201 0.508013 0.081785 0.651299 -0.754401
-6.991925 -13.147505 3.223107 -70.392176 0.842582 0.296834 0.449383 -0.507641 0.716409 0.478600 0.179877 0.631385 -0.754319
-6.556733 -13.815516 -39.969522 -106.673528 0.856958 0.391345 0.335368 -0.511487 0.725680 0.460185 0.063279 0.565895 -0.822045
-6.628116 -12.815471 -77.386593 -8.169652 0.901046 0.308728 0.304637 -0.402672 0.856433 0.323075 0.161159 0.413774 -0.896002
-7.264635 -13.297783 24.381499 -22.437732 0.903723 0.326900 0.276443 -0.414350 0.830306 0.372701 0.107696 0.451363 -0.885818
0.152477 -11.282698 742.912016 -90.152141 0.046546 -0.612311 0.789246 -0.529086 0.655061 0.539410 -0.847291 -0.442687 -0.293474
5.067422 -9.829073 -527.968143 -104.655964 -0.060896 0.695330 -0.716106 -0.589061 0.554144 0.588159 -0.805791 -0.457647 -0.375847
4.929554 -10.396501 -517.312109 -67.673829 -0.023960 0.662477 -0.748699 -0.500921 0.640162 0.582470 -0.865162 -0.388995 -0.316510
7.641690 -9.198233 -13.337021 -80.255888 0.056238 0.736009 -0.674631 -0.554422 0.584968 0.591971 -0.830333 -0.340739 -0.440957
-1.756621 -19.863957 -56.515794 1019.713894 0.149956 -0.834724 0.529857 0.941059 0.284844 0.182406 -0.303185 0.471274 0.828239
-2.081566 -13.415181 -61.006914 442.860387 0.154696 -0.838944 0.521768 0.929582 0.302456 0.210709 -0.334585 0.452430 0.826656
-2.056293 -11.711352 -116.106457 263.920759 0.315093 -0.759845 0.568640 0.917501 0.397112 0.022239 -0.242712 0.514720 0.822286
-2.499483 -13.623186 -69.616965 116.471988 0.217941 0.945333 -0.242586 -0.801732 0.315154 0.507843 -0.556532 -0.083809 -0.826588
-2.415777 -14.882932 18.471169 34.477975 0.283127 0.921188 -0.266929 -0.851035 0.369639 0.372970 -0.442243 -0.121568 -0.888618
-1.921942 -13.933735 5.550377 168.762202 0.247261 0.933851 -0.258427 -0.764201 0.351918 0.540509 -0.595700 -0.063843 -0.800666
-2.856059 -14.287038 -86.078716 -3.863738 0.293773 0.916453 -0.271684 -0.865716 0.375592 0.330857 -0.405257 -0.138005 -0.903727
-1.610134 -11.877310 1.533306 197.685711 0.189479 0.961536 -0.198861 -0.709025 0.274095 0.649735 -0.679251 -0.017886 -0.733688
-1.919347 -12.384480 10.528561 213.679486 0.179520 0.968217 -0.174153 -0.756114 0.249050 0.605198 -0.629336 -0.023034 -0.776792
-2.269556 -13.155869 -23.983538 68.036057 0.228806 0.948859 -0.217518 -0.830079 0.306898 0.465599 -0.508544 -0.074026 -0.857848
7.356207 -8.840535 228.124383 71.851923 -0.121193 -0.651170 0.749192 -0.148887 0.758142 0.634865 -0.981400 -0.034604 -0.188832
7.841355 -9.326495 63.101176 28.418330 -0.153550 -0.680129 0.716831 -0.283428 0.725267 0.627421 -0.946621 -0.106829 -0.304132
7.962051 -8.812526 -156.117573 96.454722 -0.229116 -0.671731 0.704474 -0.176987 0.740410 0.648435 -0.957174 0.023884 -0.288527
4.874597 -9.657559 449.436170 57.329106 -0.042653 -0.615723 0.786807 -0.206706 0.775923 0.596000 -0.977473 -0.137217 -0.160370
0.439608 -16.168073 -35.624136 -168.136288 -0.003496 0.817687 -0.575653 0.916830 -0.227219 -0.328321 -0.399263 -0.528923 -0.748886
-0.069351 -18.899483 -22.124840 163.515275 -0.004026 0.818800 -0.574065 0.893549 -0.254783 -0.369669 -0.448947 -0.514444 -0.730612
-0.079740 -16.403199 -8.653371 -212.311014 0.001952 0.820820 -0.571184 0.923177 -0.221027 -0.314471 -0.384371 -0.526690 -0.758193
-0.457001 -18.391998 -11.529713 185.820620 0.004826 0.820249 -0.571986 0.906922 -0.244558 -0.343052 -0.421272 -0.517091 -0.745082
-0.407782 -16.914861 20.325107 -317.212327 0.042469 0.822595 -0.567040 0.934574 -0.233363 -0.268540 -0.353226 -0.518536 -0.778686
2.431376 -14.446800 68.523430 315.896410 0.189020 0.879784 -0.436179 0.258618 -0.473106 -0.842192 0.947306 -0.046387 0.316955
2.384021 -15.322844 15.972923 341.995695 0.210450 0.875186 -0.435615 0.276890 -0.480710 -0.832016 0.937573 -0.054480 0.343496
2.190227 -16.245825 35.487956 451.781004 0.180904 0.877753 -0.443647 0.345823 -0.479054 -0.806792 0.920696 0.007472 0.390210
2.488570 -14.577822 -1.396553 166.253281 0.178525 0.890229 -0.419071 0.243642 -0.452645 -0.857759 0.953293 -0.051028 0.297705
-2.087646 -20.573673 61.887349 0.747792 -0.047535 0.860449 -0.507314 -0.795779 0.274346 0.539879 -0.603718 -0.429373 -0.671686
-2.075959 -20.311303 -47.984151 19.753785 -0.075111 0.863113 -0.499395 -0.804087 0.243764 0.542239 -0.589748 -0.442285 -0.675708
-2.852794 -18.556842 143.121032 43.567489 -0.071597 0.872366 -0.483583 0.910023 -0.141346 -0.389717 -0.408328 -0.467974 -0.783753
-2.252214 -18.005708 194.413049 -11.895912 -0.041516 0.861568 -0.505942 0.889644 -0.198604 -0.411206 -0.454764 -0.467180 -0.758243
-2.651542 -18.506575 114.621372 156.348589 -0.057542 0.855808 -0.514083 0.969050 -0.075945 -0.234894 -0.240067 -0.511688 -0.824950
-2.851651 -18.237459 48.990015 74.624842 -0.059532 0.863899 -0.500135 0.979121 -0.047020 -0.197766 -0.194366 -0.501466 -0.843062
-2.405665 -18.111081 6.691971 -477.934410 -0.071614 0.855504 -0.512821 0.718138 0.401032 0.568727 -0.692206 0.327547 0.643090
-2.404049 -17.313810 -1.972060 -627.832017 -0.064537 0.873209 -0.483054 0.661591 0.399830 0.634377 -0.747083 0.278643 0.603510
-3.167988 -21.941583 -95.169286 -321.369050 -0.065875 0.891044 -0.449111 0.825453 0.301538 0.477181 -0.560614 0.339286 0.755379
-1.565503 -14.299413 -1.798074 -570.722290 -0.082003 0.855244 -0.511696 0.550383 0.466895 0.692161 -0.830875 0.224870 0.508999
-2.693836 -21.954028 -20.960981 -247.576567 -0.053624 0.866903 -0.495584 0.849755 0.300272 0.433305 -0.524444 0.397889 0.752757
-2.276068 -19.983593 129.116813 -281.637630 -0.050345 0.828142 -0.558253 0.807553 0.362641 0.465134 -0.587642 0.427402 0.687025
-1.532811 -15.750946 122.551739 -564.638378 -0.076377 0.816544 -0.572208 0.645622 0.477832 0.595692 -0.759828 0.323933 0.563674
-0.830784 -3.316830 116.816301 -89.661527 -0.308004 0.865116 0.395864 -0.029686 0.407151 -0.912878 0.950922 0.292922 0.099722
1.177487 -2.814660 -232.313717 -52.701124 0.273468 -0.664847 -0.695121 -0.134549 0.689123 -0.712043 0.952424 0.288249 0.098999
1.339867 -2.585887 -265.223297 -11.300326 0.278492 -0.647575 -0.709288 -0.119481 0.709408 -0.694597 0.952978 0.278186 0.120192
-1.204295 -3.905239 93.292418 -130.826033 -0.309853 0.885623 0.345922 -0.036767 0.352395 -0.935129 0.950073 0.302471 0.076629
-1.595526 -3.789483 110.799175 -145.498322 -0.306610 0.937346 0.165447 0.051790 0.189990 -0.980419 0.950425 0.292038 0.106798
-2.160559 -5.119262 20.978600 -190.835949 -0.291601 0.955469 -0.045259 0.073653 -0.024747 -0.996977 0.953700 0.294052 0.063157
5.777662 -10.160514 -101.261485 399.019351 -0.574766 -0.016025 0.818161 0.134595 0.984340 0.113834 -0.807173 0.175548 -0.563608
4.679372 -6.861514 -146.533480 205.097105 -0.576726 0.051594 0.815307 0.233430 0.966802 0.103942 -0.782877 0.250264 -0.569624
5.117432 -8.393558 123.343292 247.734181 -0.519568 0.015112 0.854295 0.204900 0.972872 0.107407 -0.829497 0.230851 -0.508570
5.510517 -11.564709 187.053427 399.894679 -0.515229 -0.022040 0.856769 0.113167 0.989167 0.093500 -0.849548 0.145132 -0.507154
1.761677 -15.982971 33.198664 -113.964266 0.224723 0.916420 -0.331171 0.897591 -0.326958 -0.295683 0.379249 0.230809 0.896045
1.415103 -15.636071 -12.332957 -66.298603 0.220725 0.924144 -0.311831 0.918948 -0.304183 -0.251015 0.326827 0.231151 0.916380
1.892700 -15.255114 26.597414 -24.909742 0.207818 0.920125 -0.331935 0.934980 -0.286575 -0.209014 0.287443 0.266916 0.919854
1.719572 -15.426918 18.105277 -70.998525 -0.196574 -0.923835 0.328461 0.955666 -0.255429 -0.146486 0.219227 0.285104 0.933089
1.890863 -16.268141 -38.605474 -90.678806 0.218674 0.921268 -0.321633 0.911674 -0.310401 -0.269260 0.347896 0.234344 0.907773
1.555549 -28.705181 -6.270530 -932.716249 0.352081 0.928476 -0.118198 0.474378 -0.068155 0.877679 -0.806848 0.365085 0.464445
0.876985 -28.598237 72.744773 -821.223810 0.380212 0.917775 -0.114575 0.532266 -0.115812 0.838618 -0.756394 0.379837 0.532534
0.586491 -35.504324 29.721257 -968.309020 0.363549 0.921835 -0.134362 0.663978 -0.155242 0.731460 -0.653426 0.355135 0.668516
-3.771731 -38.801107 115.760135 147.606077 -0.266977 -0.940971 0.208078 0.934904 -0.200500 0.292839 -0.233833 0.272714 0.933246
-2.717482 -38.662773 102.739946 -16.165576 -0.302291 -0.934601 0.187458 0.917622 -0.232081 0.322659 -0.258052 0.269552 0.927767
-4.335419 -36.699649 127.142221 525.864074 -0.300606 -0.932012 0.202460 0.951979 -0.306133 0.004206 0.058060 0.194002 0.979281
-5.159005 -36.088921 51.439769 551.222979 -0.246166 -0.935034 0.255173 0.967429 -0.253071 0.005948 0.059015 0.248326 0.966877
-4.148208 -37.503198 30.741550 166.624138 -0.228945 -0.939008 0.256608 0.953202 -0.162784 0.254769 -0.197459 0.302927 0.932333
2.255676 -4.541234 -0.623803 91.010040 -0.110002 0.987160 0.115819 -0.506363 -0.155929 0.848105 -0.855275 -0.034646 -0.517014
3.298413 -4.169665 75.062282 40.633078 -0.126860 0.987665 0.091780 -0.490480 -0.142885 0.859659 -0.862170 -0.064040 -0.502556
2.926706 -4.399721 94.305713 63.238275 -0.131674 0.980799 0.143861 -0.509599 -0.191453 0.838841 -0.850277 -0.037142 -0.525024
2.642719 -4.847318 94.578195 86.361524 -0.130593 0.980205 0.148809 -0.529678 -0.195857 0.825276 -0.838085 -0.028954 -0.544770
7.268251 -312.352194 1224.663961 -28271.754396 0.888108 0.327138 -0.322869 0.106780 0.536383 0.837193 -0.447059 0.777994 -0.441434
-1.021195 -127.483584 1366.032874 -96.706229 0.917295 0.264546 -0.297633 0.289945 0.068607 0.954581 -0.272950 0.961930 0.013771
8.378635 -116.022576 723.311228 -883.825231 0.853707 0.389459 -0.345696 0.318759 0.134133 0.938297 -0.411797 0.911224 0.009633
13.349120 -126.389859 177.970202 -7823.989114 0.793211 0.494245 -0.355722 0.040909 0.539590 0.840934 -0.607572 0.681590 -0.407789
-0.371413 -13.876449 19.875190 178.549494 0.054701 0.817712 -0.573022 0.986431 -0.133222 -0.095945 -0.154794 -0.559999 -0.813904
-0.355796 -14.451601 15.771980 77.650824 0.036471 0.816073 -0.576796 0.979504 -0.143604 -0.141242 -0.198094 -0.559823 -0.804585
1.495837 -6.191291 57.497959 138.235641 -0.005482 0.950481 -0.310734 -0.760057 0.197971 0.618967 -0.649833 -0.239569 -0.721335
0.390619 -6.981234 142.632978 124.707513 0.010566 0.952315 -0.304935 -0.782509 0.197733 0.590408 -0.622550 -0.232376 -0.747284
0.720938 -5.283610 98.694069 163.823972 0.006227 0.951486 -0.307628 -0.735443 0.212801 0.643304 -0.677558 -0.222237 -0.701089
-0.524189 -6.623269 220.020035 138.756819 0.020071 0.954584 -0.297266 -0.768712 0.204847 0.605904 -0.639280 -0.216351 -0.737912
-0.975086 -5.304549 184.393609 179.993423 0.023776 0.949480 -0.312926 -0.731448 0.229896 0.641975 -0.681483 -0.213626 -0.699961
21.839914 -1544.363037 2446.602624 -193347.350348 0.924404 0.134198 0.357026 0.286219 0.374632 -0.881889 0.252102 -0.917410 -0.307902
21.887311 -1560.754088 -3753.858472 -172694.251631 0.992425 0.079707 -0.093485 -0.102718 0.120930 -0.987332 0.067392 -0.989456 -0.128201
-13.569837 -307.804100 -423.132755 -25448.271942 0.995871 0.089717 -0.013864 -0.065997 0.610616 -0.789172 0.062337 -0.786828 -0.614016
-8.914614 -153.119277 257.853911 -12765.860155 0.953338 0.085014 0.289689 0.301754 -0.237922 -0.923221 0.009564 -0.967557 0.252473
-6.540138 -118.042989 230.393062 -9702.674532 0.949745 0.135951 0.281962 0.297759 -0.114498 -0.947750 0.096564 -0.984077 0.149225
-1.476585 -26.107210 101.314496 172.355480 0.075673 0.930672 -0.357943 0.119383 0.347934 0.929887 -0.989960 0.113099 0.084777
-2.669455 -26.455676 13.330716 -312.096890 0.028490 0.953069 -0.301410 0.278455 0.282030 0.918108 -0.960026 0.110087 0.257352
-1.110476 -24.090367 -89.165901 -734.060478 0.014404 0.948990 -0.314977 0.142748 0.309831 0.940015 -0.989654 0.058503 0.131003
-1.730684 -6.613857 83.576555 13.920872 0.396756 0.889575 -0.226364 -0.800365 0.214514 -0.559821 0.449445 -0.403286 -0.797094
-2.284574 -7.487822 81.940753 18.968870 0.401501 0.882251 -0.245825 -0.806319 0.213220 -0.551713 0.434334 -0.419727 -0.796984
-1.885971 -7.066012 105.666369 -47.740975 0.311395 0.906749 -0.284323 -0.851054 0.132992 -0.507957 0.422777 -0.400149 -0.813105
-2.028484 -6.943292 70.446890 80.910185 0.527883 0.838598 -0.134510 -0.694999 0.335484 -0.635946 0.488177 -0.429189 -0.759921
-1.397099 -5.799690 43.624625 66.329324 0.489421 0.858672 -0.152150 -0.726452 0.304934 -0.615860 0.482426 -0.411944 -0.773025
-8.922244 -15.673088 -11.128473 203.012171 0.284663 0.926941 -0.244433 0.083234 0.230120 0.969596 -0.955007 0.296353 0.011647
-8.480558 -13.686364 -101.438797 221.893645 0.395112 0.918633 -0.000689 0.047493 -0.019678 0.998678 -0.917404 0.394622 0.051404
11.048352 -16.795648 -401.972328 -468.010164 0.134734 0.966127 -0.220102 0.943623 -0.192883 -0.269021 0.302362 0.171447 0.937648
5.763070 -16.551778 -569.348958 -345.915056 0.169122 0.980932 -0.095762 0.948278 -0.188431 -0.255465 0.268638 0.047604 0.962064
11.907379 -7.742175 -539.310391 373.374747 0.977758 -0.171864 0.120214 -0.184464 -0.977433 0.102947 -0.099808 0.122833 0.987396
18.328066 -5.800732 -2367.914617 -689.026003 0.950345 0.011589 0.310982 0.024365 0.993468 -0.111480 -0.310242 0.113522 0.943855
3.719485 -12.838524 -172.202201 -730.379778 0.956590 0.258379 0.134816 -0.231391 0.954590 -0.187661 -0.177182 0.148319 0.972938
9.785098 -6.145636 -1834.593685 -515.822273 0.937373 0.201796 0.283918 -0.157376 0.972510 -0.171628 -0.310747 0.116198 0.943363
0.325293 -9.042114 -448.996387 -53.176872 0.008991 0.999420 -0.032859 -0.077628 0.033459 0.996421 -0.996942 0.006408 -0.077884
0.816835 -13.079436 -152.108181 367.046747 0.379188 -0.047686 0.924090 0.677318 -0.666114 -0.312302 0.630442 0.744324 -0.220284
-0.555765 -10.750990 -70.497608 180.383656 0.362694 -0.042465 0.930940 0.646862 -0.707634 -0.284296 0.670838 0.705302 -0.229186
-0.658492 -9.941672 78.196560 -30.282849 -0.369293 0.047356 -0.928106 -0.597905 0.752442 0.276299 0.711430 0.656954 -0.249557
-5.332162 -11.288106 44.628411 36.202405 0.326932 0.338030 -0.882526 0.295499 0.850453 0.435213 0.897661 -0.403070 0.178153
-4.338308 -10.536436 126.126636 -22.639609 0.235501 0.292281 -0.926882 0.367321 0.856197 0.363320 0.899786 -0.426026 0.094274
-4.987456 -10.499263 -22.869591 -8.825521 0.322157 0.418116 -0.849349 0.217765 0.840393 0.496305 0.921300 -0.344846 0.179687
-5.637222 -11.896046 6.956770 41.692737 0.381866 0.487928 -0.784923 0.115485 0.817437 0.564323 0.916974 -0.306143 0.255802
-6.259860 -12.764270 52.090474 54.842697 0.409750 0.397027 -0.821264 0.203504 0.837837 0.506572 0.889208 -0.374698 0.262507
-8.975504 -11.276063 123.136851 -255.442628 0.384090 0.854833 0.348905 -0.040977 -0.361736 0.931380 -0.922386 0.372031 0.103911
-8.743050 -9.206523 148.481972 -166.391781 0.372306 0.909562 0.184620 -0.067065 -0.172035 0.982805 -0.925684 0.378286 0.003050
-9.066260 -9.625910 -35.328017 141.747763 0.047744 0.318471 0.946729 0.278180 0.906073 -0.318823 -0.959342 0.278583 -0.045333
1.558992 -16.369154 -64.554598 -100.487873 0.175891 0.764989 -0.619559 0.850429 0.198911 0.487036 0.495815 -0.612557 -0.615582
1.261229 -16.968886 -107.648011 168.227369 0.198314 0.773598 -0.601846 -0.765999 -0.260760 -0.587579 0.611487 -0.577538 -0.540863
5.472372 -25.926494 281.327023 247.627277 -0.266515 0.772832 -0.575934 0.945647 0.325192 -0.001234 0.186336 -0.544960 -0.817495
5.664936 -26.360273 -5.456199 -70.669195 -0.248005 0.739697 -0.625573 0.967074 0.150967 -0.204884 -0.057112 -0.655788 -0.752782
-0.212406 -31.586875 115.166017 441.034544 -0.065609 0.870388 -0.487976 0.731832 0.374407 0.569422 -0.678320 0.319757 0.661542
-0.229822 -34.648111 101.729811 398.947849 -0.088389 0.865453 -0.493132 0.579445 0.447358 0.681259 -0.810204 0.225527 0.541024
-0.244233 -20.535967 49.533340 -293.556593 -0.046505 0.810375 -0.584063 0.998911 0.035521 -0.030253 -0.003770 -0.584834 -0.811144
-0.474233 -17.331746 24.834120 -446.481637 -0.098410 0.806787 -0.582589 0.973680 -0.042877 -0.223850 -0.205579 -0.589284 -0.781333
1.028170 -22.425799 -80.865325 -202.820894 -0.046347 -0.741790 0.669029 0.936680 0.200452 0.287140 -0.347106 0.639974 0.685529
2.229716 -21.165000 -105.576007 -125.492252 -0.044524 -0.753424 0.656026 0.929218 0.209901 0.304130 -0.366839 0.623133 0.690749
2.086854 -20.806860 -103.689772 287.655583 -0.028140 -0.748361 0.662695 0.879511 0.296524 0.372202 -0.475046 0.593321 0.649847
1.748615 -14.534979 -131.628637 -596.900028 -0.250516 0.705789 -0.662649 0.772174 -0.267189 -0.576505 -0.583943 -0.656104 -0.478056
-2.144612 -12.372449 17.305362 -154.514989 0.060868 0.749736 -0.658932 0.998121 -0.050383 0.034874 -0.007052 -0.659817 -0.751394
-2.145825 -11.757878 86.168283 -189.675478 0.079427 0.760611 -0.644330 0.996769 -0.052842 0.060493 0.011964 -0.647053 -0.762351
-0.189822 -8.644202 40.270455 -187.629301 -0.244537 -0.828414 0.503917 0.915902 -0.026736 0.400510 -0.318316 0.559478 0.765284
-0.595316 -10.237925 18.335682 140.313951 -0.230515 -0.828867 0.509748 0.904052 0.011345 0.427272 -0.359934 0.559331 0.746724
-0.952699 -10.662487 -19.283317 170.956825 -0.160965 -0.815518 0.555896 0.928260 0.066254 0.365983 -0.335296 0.574927 0.746348
-0.236629 -8.938582 2.636543 -172.748625 -0.180118 -0.827287 0.532122 0.938891 0.016726 0.343809 -0.293329 0.561531 0.773719
-0.801036 -11.923145 -61.070369 467.919805 -0.141063 -0.811788 0.566659 0.924294 0.097058 0.369135 -0.354658 0.575830 0.736639
-0.415014 -10.601415 -31.037272 171.339616 -0.135601 -0.816212 0.561614 0.936553 0.079336 0.341431 -0.323236 0.572280 0.753667
-1.211455 -12.914484 -31.842370 483.517908 -0.164847 -0.815751 0.554414 0.908350 0.093481 0.407630 -0.384352 0.570798 0.725578
3.949600 -24.158123 315.840880 371.019912 -0.264391 0.810393 -0.522838 0.893591 0.409769 0.183263 0.362758 -0.418750 -0.832499
-0.814692 -19.337161 30.182543 -191.655343 0.173286 0.653057 -0.737217 -0.585142 0.670371 0.456302 0.792200 0.352306 0.498297
-1.344818 -25.807491 87.784245 -1270.747675 0.220026 0.586128 -0.779771 -0.655947 0.680554 0.326464 0.722026 0.439658 0.534209
-1.986659 -18.183040 -52.582592 -234.462750 0.186845 0.664581 -0.723479 -0.589554 0.664946 0.458555 0.785821 0.340851 0.516048
-0.599787 -20.545718 179.632691 -514.020482 0.177119 0.588031 -0.789208 -0.640779 0.677543 0.361023 0.747015 0.441763 0.496803
-1.571897 -20.023678 -3.960936 -700.500559 0.123988 0.719355 -0.683488 0.543176 -0.625642 -0.559939 0.830414 0.301829 0.468308
-1.101399 -22.605397 35.785518 -649.106252 0.122783 0.711389 -0.691990 0.500823 -0.646384 -0.575642 0.856797 0.275885 0.435645
-0.357584 -20.898681 144.848949 -326.582580 0.128211 0.658710 -0.741393 0.592389 -0.650413 -0.475434 0.795385 0.378237 0.473603
-1.590149 -39.633994 63.812968 -235.785682 0.382970 0.473564 -0.793140 0.901464 -0.379096 0.208926 -0.201736 -0.794999 -0.572083
-1.088959 -36.758174 63.003411 -280.822483 0.390477 0.471789 -0.790533 0.847939 -0.518711 0.109267 -0.358507 -0.712990 -0.602593
-0.755830 -38.767050 83.558330 -112.974457 0.397553 0.480700 -0.781587 0.909432 -0.319679 0.265969 -0.122006 -0.816537 -0.564253
3.352180 -6.865871 -59.013283 215.901003 0.108423 0.917755 -0.382061 0.271598 0.342357 0.899459 -0.956284 0.201289 0.212141
3.129663 -8.104770 -52.888751 186.863563 0.089669 0.913293 -0.397309 0.222880 0.370399 0.901737 -0.970713 0.169410 0.170342
3.418831 -8.650680 -17.878298 211.544285 0.128192 0.905720 -0.404026 0.209056 0.373556 0.903743 -0.969465 0.200316 0.141459
2.880955 -6.989597 -37.386018 142.423418 0.059742 0.914773 -0.399527 0.267412 0.370946 0.889320 -0.961728 0.159968 0.222460
3.430044 -6.996302 -9.329108 220.578723 0.150040 0.915200 -0.374028 0.269284 0.326179 0.906142 -0.951301 0.236677 0.197509
3.157525 -4.966534 -21.280897 176.516456 0.138626 0.919734 -0.367249 0.312163 0.311345 0.897563 -0.939860 0.239067 0.243946
2.968666 -5.591665 -50.331623 153.502455 0.088894 0.913871 -0.396153 0.308797 0.352845 0.883258 -0.946965 0.200847 0.250835
-5.727467 -164.408460 184.717569 -1167.802909 0.136053 0.735534 -0.663686 -0.398241 -0.572803 -0.716450 0.907135 -0.361782 -0.214989
-3.965518 -137.096112 263.388358 2482.846622 0.150248 0.762566 -0.629221 -0.428911 -0.523155 -0.736440 0.890764 -0.380528 -0.248470
-11.207094 -641.690181 872.153815 -62750.044375 0.220833 0.714384 -0.663994 0.064774 -0.690042 -0.720865 0.973158 -0.116182 0.198657
1.044247 -9.595276 84.933873 -9.237773 -0.114135 -0.920238 0.374348 0.959012 -0.003682 0.283341 -0.259362 0.391343 0.882939
2.249399 -6.302619 228.573337 -169.968796 -0.250427 -0.252625 -0.934594 -0.296346 0.939020 -0.174415 0.921665 0.233285 -0.310021
2.448422 -6.867889 255.323526 -139.858100 -0.258617 -0.234431 -0.937102 -0.342668 0.929279 -0.137906 0.903159 0.285450 -0.320659
-5.829233 -10.944032 41.442721 -110.060196 0.154637 0.866906 -0.473879 0.239268 -0.498231 -0.833377 0.958560 -0.015487 0.284468
-5.342198 -11.306327 98.925127 -100.770928 0.098436 0.872409 -0.478762 0.210788 -0.488460 -0.846744 0.972563 0.017568 0.231976
