12990
25964
-7.683713 -9.977165 58.784200 -148.830327 -0.012711 0.959987 0.279756 0.994341 -0.017374 0.104800 0.105468 0.279505 -0.954334
-5.832163 -9.178403 -96.999386 -252.556195 0.306612 0.935212 0.177112 0.950776 -0.292146 -0.103326 -0.044889 0.200075 -0.978752
-5.882434 -7.901502 23.226699 -107.012280 -0.572777 0.788284 0.224799 0.819357 0.558638 0.128753 -0.024088 0.257938 -0.965861
-4.913308 -6.362401 3.030997 -88.074567 -0.520152 0.827651 0.210800 0.846646 0.532156 -0.000259 -0.112393 0.178338 -0.977529
-6.259443 -9.358923 3.520130 -98.884835 -0.496555 0.832133 0.246959 0.861978 0.439258 0.253074 0.102113 0.338538 -0.935396
-4.578327 -7.223241 9.734739 -56.902443 0.838356 -0.492141 -0.234428 0.534642 0.826246 0.177414 -0.106382 0.274071 -0.955807
-5.279310 -8.192560 6.553494 -78.592409 0.755423 -0.604555 -0.252685 0.654489 0.714624 0.246893 -0.031314 0.351888 -0.935518
-6.975725 -10.054662 20.942722 -51.008916 -0.636128 0.646665 0.420909 0.744880 0.372415 0.553589 0.201234 0.665680 -0.718592
-7.012296 -10.504261 -32.781626 -46.049331 -0.469763 0.772059 0.428074 0.818341 0.198962 0.539196 0.331121 0.603605 -0.725272
-6.684894 -10.101453 -26.054448 -52.644459 -0.532656 0.756914 0.378628 0.817536 0.344465 0.461497 0.218890 0.555361 -0.802285
-7.301369 -10.673669 -1.352272 -36.742371 -0.511541 0.707552 0.487540 0.776941 0.138531 0.614143 0.366998 0.692949 -0.620591
-5.267896 -10.071733 -7.492215 53.184154 -0.161074 0.980254 0.114703 0.483806 -0.022874 0.874876 -0.860225 -0.196414 0.470569
-4.368942 -10.378095 -52.440066 66.453309 -0.282807 0.949653 0.134828 0.526805 0.036316 0.849210 -0.801559 -0.311191 0.510553
-5.170298 -9.634635 -15.602381 50.751802 -0.139941 0.976635 0.163099 0.619957 -0.042014 0.783510 -0.772056 -0.210759 0.599592
-5.465965 -9.727038 2.224930 38.136341 -0.047964 0.988944 0.140316 0.557859 -0.090004 0.825041 -0.828549 -0.117848 0.547375
-5.530255 -9.955146 3.493595 18.199389 -0.059988 0.996400 0.059902 0.404167 -0.030626 0.914172 -0.912716 -0.079050 0.400875
-1.087392 -7.041926 111.889815 85.726200 -0.573779 -0.620379 -0.534703 0.776598 -0.204748 -0.595797 0.260141 -0.757105 0.599265
-0.225323 -5.880004 16.109930 105.656287 0.782077 0.547201 0.298206 0.536158 -0.346928 -0.769529 0.317631 -0.761717 0.564711
-2.376190 -7.579154 22.767810 40.602269 0.769832 0.561035 0.304300 0.596234 -0.462036 -0.656527 0.227737 -0.686850 0.690198
-1.991169 -8.025006 103.221258 58.101032 -0.543920 -0.634777 -0.548825 0.824078 -0.280723 -0.492026 0.158259 -0.719897 0.675797
-3.458039 -8.410525 9.508670 7.087797 -0.667923 -0.621608 -0.409246 0.736761 -0.474566 -0.481633 0.105173 -0.623211 0.774950
-2.957160 -8.117000 49.825544 -29.098414 0.800614 0.554476 0.227100 0.576318 -0.608909 -0.545058 0.163938 -0.567262 0.807055
-1.147492 -7.744661 122.103167 -5.269005 0.878044 0.467755 0.101213 0.406175 -0.616503 -0.674497 0.253101 -0.633348 0.731307
-0.535811 -5.537844 -49.472313 61.930973 -0.312902 0.940936 -0.129348 -0.802906 -0.189298 0.565250 -0.507379 -0.280722 -0.814716
-0.660433 -6.150636 -51.177415 33.338739 -0.298496 0.943236 -0.145620 -0.860175 -0.199767 0.469247 -0.413521 -0.265327 -0.870977
0.475228 -5.371334 -65.242696 64.759943 -0.253088 0.950905 -0.178119 -0.822358 -0.114477 0.557335 -0.509582 -0.287533 -0.810957
0.140487 -4.617731 -62.664072 76.379445 -0.287684 0.944238 -0.160162 -0.771755 -0.129529 0.622588 -0.567126 -0.302715 -0.765985
-0.619518 -4.544455 -35.099162 73.293468 -0.334396 0.937391 -0.097354 -0.740483 -0.197434 0.642421 -0.582979 -0.286912 -0.760143
-1.101305 -5.465236 -20.078754 68.029009 -0.359534 0.931162 -0.060603 -0.769430 -0.259091 0.583823 -0.527932 -0.256534 -0.809616
0.200319 -11.291769 13.717891 -24.070019 -0.151312 -0.904519 -0.398686 0.974624 -0.069209 -0.212879 0.164960 -0.420780 0.892038
-0.085874 -11.332460 16.893087 10.455545 -0.150308 -0.902441 -0.403741 0.988612 -0.140209 -0.054653 -0.007287 -0.407358 0.913239
0.426229 -11.266862 24.467958 24.669757 -0.135299 -0.903057 -0.407655 0.989497 -0.102025 -0.102399 0.050881 -0.417228 0.907376
0.810765 -11.162852 37.871788 -0.367152 -0.123630 -0.901692 -0.414327 0.979719 -0.044560 -0.195361 0.157693 -0.430076 0.888914
0.529601 -11.264110 16.307469 -42.375340 -0.139291 -0.906315 -0.398987 0.950838 -0.009869 -0.309532 0.276596 -0.422487 0.863134
0.172595 -11.365387 17.574791 -18.719398 -0.166123 -0.901383 -0.399891 0.921039 0.003034 -0.389459 0.352265 -0.433013 0.829704
1.308829 -15.142958 25.849578 109.817678 0.276711 0.857579 -0.433576 -0.689805 0.491393 0.531698 -0.669029 -0.151957 -0.727536
1.823655 -18.346979 44.751708 248.222751 0.269851 0.861519 -0.430076 -0.783350 0.456152 0.422242 -0.559949 -0.222958 -0.797964
1.040979 -15.940786 49.318676 153.264747 0.269220 0.875308 -0.401693 -0.708929 0.462429 0.532521 -0.651875 -0.141406 -0.745026
1.368155 -14.556872 16.107561 156.249430 0.282058 0.841967 -0.459930 -0.626078 0.524784 0.576740 -0.726959 -0.125278 -0.675156
0.039474 -5.937005 26.297826 -5.013359 0.085759 0.937534 0.337157 -0.153465 -0.321935 0.934241 -0.984426 0.131862 -0.116270
0.110586 -5.968691 7.257123 -29.278252 0.073469 0.943589 0.322867 -0.096140 -0.315533 0.944032 -0.992653 0.100397 -0.067535
0.362695 -5.820889 10.290675 4.449015 0.070005 0.942433 0.326985 -0.177861 -0.310745 0.933704 -0.981562 0.123522 -0.145868
0.085275 -6.014849 13.589680 -26.452583 0.065803 0.936306 0.344965 -0.065997 -0.340873 0.937790 -0.995648 0.084476 -0.039363
0.660098 -9.029413 19.061555 3.352440 0.034896 0.999079 -0.024968 -0.351093 0.035647 0.935662 -0.935690 0.023885 -0.352014
0.290657 -8.650215 -0.147758 17.757147 -0.000222 0.999911 0.013304 -0.464875 -0.011882 0.885297 -0.885376 0.005988 -0.464836
0.164257 -8.021120 11.938632 -59.300414 0.046055 0.997103 -0.060544 -0.382567 0.073593 0.920992 -0.922779 0.019254 -0.384848
-1.514219 -28.311711 20.638568 -358.527501 -0.301405 -0.908223 -0.290320 0.898203 -0.168266 -0.406101 0.319980 -0.383167 0.866485
-1.398550 -24.399608 -1.151517 -233.097062 -0.260128 -0.923621 -0.281529 0.963238 -0.227955 -0.142156 0.067122 -0.308158 0.948964
-1.473874 -27.772866 13.173590 -427.571614 -0.267273 -0.914528 -0.303651 0.963619 -0.253038 -0.086084 0.001891 -0.315612 0.948886
-1.359304 -32.311284 17.316967 -369.172254 -0.301632 -0.907159 -0.293395 0.888211 -0.155512 -0.432315 0.346552 -0.390997 0.852656
0.961606 -17.177386 -12.283868 -21.778517 0.086894 0.973855 -0.209893 0.534209 0.132287 0.834937 -0.840874 0.184678 0.508748
0.383227 -18.068583 22.491677 -243.716356 0.088739 0.970740 -0.223136 0.688992 0.101957 0.717562 -0.719316 0.217415 0.659784
0.490083 -18.901478 -2.608254 -225.982402 0.075772 0.971112 -0.226274 0.706996 0.107699 0.698969 -0.703146 0.212937 0.678412
0.383346 -20.846488 4.389926 -274.125040 0.072698 0.969246 -0.235113 0.860260 0.058341 0.506506 -0.504646 0.239080 0.829562
0.541210 -17.921331 -16.757219 -144.455730 0.062939 0.971029 -0.230522 0.657288 0.133482 0.741725 -0.751007 0.198203 0.629844
0.455972 -21.134136 16.683207 -291.478941 0.082596 0.965417 -0.247281 0.824048 0.073384 0.561747 -0.560467 0.250169 0.789488
-0.212103 -39.337254 -2.642132 265.850630 0.287283 0.896743 0.336631 0.732571 0.020720 -0.680375 0.617097 -0.442067 0.650975
-0.099056 -49.162332 42.450686 -310.825855 -0.288758 -0.881024 -0.374721 0.880578 -0.090784 -0.465124 0.375767 -0.464279 0.802025
0.157743 -50.912174 -29.204032 823.232156 0.321313 0.875408 0.361135 0.587811 0.114620 -0.800838 0.742453 -0.469599 0.477745
0.503327 -60.548190 10.837611 479.041689 0.291416 0.896030 0.334974 0.800645 -0.036833 -0.598006 0.523493 -0.442463 0.728135
2.711213 -141.606957 53.029815 7053.524802 0.307829 0.893834 0.326041 0.391977 0.193107 -0.899480 0.866946 -0.404686 0.290919
-0.971056 -9.071452 -29.937563 164.194475 -0.399580 0.885003 0.238968 -0.274871 -0.364359 0.889769 -0.874518 -0.289849 -0.388853
-0.828102 -10.547742 -31.646475 171.893519 -0.409207 0.859431 0.306476 -0.245942 -0.427345 0.869993 -0.878671 -0.280632 -0.386243
-1.233364 -11.047945 -24.534879 58.668013 -0.433824 0.822285 0.368300 -0.372887 -0.535976 0.757420 -0.820215 -0.191253 -0.539138
-1.408437 -9.890941 -2.798992 85.416511 -0.425769 0.843112 0.328455 -0.398656 -0.500662 0.768382 -0.812277 -0.196213 -0.549278
5.100755 -2.301926 63.675173 -23.881498 0.993218 -0.032687 -0.111574 0.009495 -0.933657 0.358043 0.115875 0.356674 0.927015
5.096810 -2.467629 -25.622594 -23.080155 0.999711 0.023630 -0.004344 0.023754 -0.944963 0.326314 -0.003606 0.326323 0.945251
5.007006 -2.174832 -52.308257 -15.850551 0.998799 0.035164 0.034117 0.020675 -0.933805 0.357185 -0.044419 0.356051 0.933410
5.637087 -1.866857 14.881459 -10.312841 0.998122 -0.001405 -0.061246 0.021903 -0.925476 0.378173 0.057213 0.378805 0.923707
-0.579861 -7.079707 -32.478308 -27.217294 0.310424 0.692409 0.651311 0.716399 -0.620758 0.318483 -0.624828 -0.367734 0.688740
-0.030354 -6.747638 -46.628558 8.441035 0.263773 0.714933 0.647530 0.719219 -0.593106 0.361868 -0.642765 -0.370265 0.670639
0.165782 -7.145570 -71.377617 -15.196135 0.257066 0.704507 0.661503 0.780992 -0.554607 0.287161 -0.569182 -0.442810 0.692785
5.541846 -54.908970 -12.801853 -1776.758482 -0.092179 0.995740 -0.001999 -0.697974 -0.066045 -0.713071 0.710165 0.064335 -0.701089
4.404587 -39.113868 -9.649050 -835.806156 -0.076472 0.993006 -0.089954 -0.740641 -0.116974 -0.661641 0.667535 -0.016026 -0.744406
3.990596 -34.365082 0.933842 -707.981031 -0.078933 0.995850 -0.045294 -0.468561 -0.077166 -0.880055 0.879898 0.048242 -0.472707
5.679805 -48.690947 -73.471190 -590.031278 -0.074900 0.994161 -0.077675 -0.940497 -0.096317 -0.325866 0.331445 -0.048646 -0.942220
6.560215 -50.260537 -50.099397 -291.114325 -0.077194 0.996249 0.039104 -0.956470 -0.062927 -0.284964 0.281435 0.059399 -0.957740
5.146472 -48.606167 0.398735 -994.347152 -0.079942 0.975742 0.203804 -0.767618 0.070171 -0.637054 0.635902 0.207371 -0.743388
-5.014555 -29.477676 199.699612 -273.056746 0.089086 0.130269 -0.987468 0.759380 0.632651 0.151969 0.644520 -0.763402 -0.042564
-2.523412 -27.351869 163.169836 464.688906 0.044679 0.137798 -0.989452 0.550499 0.823100 0.139489 0.833639 -0.550925 -0.039082
-5.394517 -33.228972 191.175519 1031.975758 0.067022 0.098705 -0.992857 0.362426 0.924716 0.116396 0.929600 -0.367638 0.026203
-5.418985 -26.324337 146.556122 1068.592736 0.166584 0.164184 -0.972262 0.002599 0.985963 0.166943 0.986024 -0.030336 0.163819
-9.660192 -40.554950 240.592632 1476.456209 0.158319 0.000548 -0.987388 0.226165 0.973394 0.036803 0.961137 -0.229139 0.153983
-7.563154 -32.787708 241.235031 458.285966 0.101205 0.070543 -0.992361 0.594894 0.795214 0.117199 0.797407 -0.602211 0.038514
-3.746748 -7.483672 -86.050983 -192.826122 -0.014337 0.999610 0.023950 0.505858 0.027913 -0.862165 0.862498 0.000246 0.506061
-4.477211 -10.268476 -132.079053 -311.332578 0.066280 0.981682 -0.178627 0.415441 -0.189916 -0.889573 0.907202 0.015248 0.420419
-6.127979 -8.431914 -19.449097 -181.080234 -0.092733 0.993964 -0.058610 0.412257 -0.015252 -0.910940 0.906336 0.108637 0.408354
-4.120053 -6.261326 19.755633 -75.532030 -0.305630 0.828269 0.469638 0.396131 0.559136 -0.728318 0.865835 0.036558 0.498992
-6.242223 -8.354410 45.844616 -71.189354 -0.338345 0.862627 0.376029 0.203378 0.457185 -0.865805 0.918782 0.216465 0.330126
-4.668979 -7.091601 -47.878306 -55.253881 0.409022 -0.687838 -0.599650 0.205484 0.709681 -0.673891 0.889088 0.152418 0.431615
9.170110 -9.310989 -104.967513 -93.459307 0.154845 -0.860541 0.485276 0.984717 0.094798 -0.146104 0.079725 0.500483 0.862068
10.513650 -10.391071 -26.565627 71.111742 0.068061 -0.944146 0.322422 0.992265 0.030432 -0.120347 0.103813 0.328119 0.938915
9.209959 -9.193764 -29.271059 -60.058011 0.024137 -0.917258 0.397562 0.995280 0.059441 0.076716 -0.094000 0.393834 0.914363
7.256185 -6.358007 -137.435354 -65.441329 0.032949 -0.818942 0.572929 0.996366 0.071961 0.045560 -0.078539 0.569346 0.818338
6.565492 -6.899270 -153.508916 -147.113432 0.222668 -0.763933 0.605661 0.974879 0.170944 -0.142793 0.005550 0.622241 0.782806
8.347500 -9.556262 -195.938449 -204.511957 0.333221 -0.725233 0.602496 0.932758 0.160328 -0.322889 0.137573 0.669576 0.729891
1.582428 -7.637988 42.234470 -258.527610 0.904491 -0.426485 -0.002591 0.300068 0.632044 0.714479 0.303077 0.647017 -0.699652
0.476861 -12.256814 57.166032 -344.152079 0.891365 -0.452661 -0.023800 0.281167 0.510954 0.812324 0.355547 0.730769 -0.582720
1.386088 -10.313927 19.905535 -308.249335 0.896530 -0.431175 -0.101599 0.350382 0.549884 0.758195 0.271048 0.715343 -0.644063
0.354436 -13.443877 19.673281 -168.682814 0.884399 -0.453060 -0.112139 0.281129 0.325312 0.902850 0.372565 0.830005 -0.415074
1.101424 -12.062758 -46.971234 -212.832823 0.896590 -0.400024 -0.190018 0.372122 0.447876 0.812977 0.240106 0.799617 -0.550419
-0.788701 -8.137601 -17.401971 -33.343893 0.145274 0.988946 -0.029678 0.478133 -0.096435 -0.872977 0.866190 -0.112631 0.486857
-1.816832 -8.977563 -26.839450 -24.573901 0.075388 0.994043 0.078710 0.385984 0.043691 -0.921470 0.919420 -0.099849 0.380391
-1.444320 -8.622170 -17.417395 -59.481997 0.072737 0.996676 0.036703 0.511946 -0.005729 -0.858998 0.855932 -0.081271 0.510661
-1.197563 -8.437183 -19.807997 -7.782850 0.124856 0.991950 0.021123 0.336323 -0.022284 -0.941483 0.933433 -0.124654 0.336398
-0.493044 -7.618221 -18.433656 -46.640546 0.142891 0.988415 -0.051160 0.594555 -0.127047 -0.793954 0.791256 -0.083031 0.605821
-0.768979 -7.935682 -19.647904 -15.712605 0.160425 0.986557 -0.031134 0.370302 -0.089394 -0.924600 0.914954 -0.136800 0.379665
-0.804058 -9.826929 -11.742281 -38.071482 -0.144638 0.986730 0.073784 0.985734 0.137203 0.097486 0.086069 0.086831 -0.992498
-0.923307 -10.169316 21.630787 -11.690778 -0.171421 0.979105 0.109396 -0.960885 -0.141640 -0.237987 0.217519 0.145913 -0.965088
-1.176539 -10.892333 -0.651018 10.575012 -0.112480 0.990339 0.081102 -0.959894 -0.087200 -0.266459 0.256813 0.107821 -0.960428
-0.591537 -9.279925 29.556233 -68.691757 -0.192135 0.974137 0.118919 0.981190 0.188377 0.042183 0.018691 0.124787 -0.992007
-0.966231 -10.081823 8.825091 -51.343062 -0.112854 0.989934 0.085410 0.992743 0.108744 0.051345 0.041540 0.090585 -0.995022
-0.487724 -9.142128 2.462623 101.245184 -0.176406 0.980893 0.082036 -0.976682 -0.184789 0.109291 -0.122362 0.060843 -0.990619
1.017112 -7.443246 -28.543796 -29.447253 -0.326317 0.934819 0.140107 -0.256932 -0.230357 0.938574 -0.909672 -0.270275 -0.315354
1.308586 -6.950674 -29.222489 -27.365096 -0.329597 0.930963 0.157080 -0.339532 -0.272125 0.900370 -0.880956 -0.243425 -0.405783
1.433066 -7.220798 -19.502358 -31.003633 -0.314462 0.934832 0.164933 -0.276770 -0.256488 0.926074 -0.908026 -0.245567 -0.339389
-0.403136 -8.361444 -7.517912 -9.984725 -0.165792 0.985785 0.027205 -0.388909 -0.090709 0.916800 -0.906236 -0.141418 -0.398419
-0.072045 -9.139646 -5.382459 -57.121418 -0.164704 0.985588 0.038579 -0.241044 -0.078147 0.967363 -0.956436 -0.150030 -0.250441
-0.063537 -8.280209 -14.530117 -32.283596 -0.187176 0.979558 0.073699 -0.271744 -0.123730 0.954383 -0.943992 -0.158611 -0.289348
-0.308539 -7.760678 -5.304025 -12.900647 -0.181387 0.980887 0.070424 -0.382867 -0.136399 0.913678 -0.905821 -0.138766 -0.400290
-0.863646 -18.436624 -10.629745 -228.659042 0.106498 0.938681 -0.327928 -0.645956 -0.185412 -0.740516 0.755909 -0.290691 -0.586600
-1.029808 -16.485897 -11.971972 -156.820032 0.121275 0.938633 -0.322893 -0.485384 -0.227673 -0.844137 0.865849 -0.259100 -0.427987
-0.762598 -19.112818 20.766671 -175.308175 0.099955 0.942423 -0.319135 -0.712133 -0.156242 -0.684438 0.694893 -0.295680 -0.655513
3.916123 -15.799183 -114.333185 267.969573 -0.255071 0.946266 -0.198797 0.659960 0.320637 0.679444 -0.706676 -0.042108 0.706283
4.567725 -16.133343 -78.016450 258.844676 -0.223519 0.924987 -0.307310 0.611291 0.378606 0.694968 -0.759185 0.032517 0.650062
5.284203 -12.546073 -46.153702 48.574293 -0.213867 0.937209 -0.275500 0.722260 0.341595 0.601376 -0.657725 0.070368 0.749964
4.186770 -6.407116 -72.135213 -23.088108 0.028649 0.995332 -0.092161 0.485369 -0.094452 -0.869192 0.873840 0.019831 0.485810
3.297035 -6.512802 -55.716923 -16.222197 0.063382 0.996719 -0.050329 0.467556 -0.074210 -0.880843 0.881688 -0.032297 0.470726
3.787090 -6.241808 -68.628998 -15.382256 0.065377 0.995107 -0.074084 0.571742 -0.098203 -0.814535 0.817825 -0.010895 0.575364
4.564136 -6.035186 -47.224418 -15.364452 0.005810 0.992480 -0.122273 0.573285 -0.103492 -0.812794 0.819336 0.065374 0.569575
4.294349 -5.927294 -61.133630 -11.481929 0.050305 0.991712 -0.118219 0.664623 -0.121595 -0.737218 0.745483 0.041485 0.665232
3.238377 -6.318380 -74.912057 -4.906867 0.114546 0.990710 -0.073307 0.654624 -0.130780 -0.744556 0.747226 -0.037298 0.663523
1.001697 -11.839496 -8.296861 -62.796174 0.047251 0.994318 0.095384 -0.513782 0.106084 -0.851337 0.856619 0.008780 -0.515875
0.883120 -11.460504 -10.450105 -24.077272 0.042832 0.996717 0.068707 -0.382427 0.079889 -0.920526 0.922993 -0.013153 -0.384593
0.879326 -10.782215 4.067780 -28.581679 0.037127 0.996558 0.074117 -0.352609 0.082462 -0.932130 0.935034 -0.008473 -0.354456
1.737716 -4.027304 -0.306619 72.756970 -0.244952 0.954022 0.172747 -0.903132 -0.159719 -0.398550 0.352634 0.253639 -0.900731
1.461622 -3.702065 -31.879267 75.312050 -0.272214 0.956835 0.101813 -0.884257 -0.207024 -0.418605 0.379458 0.203979 -0.902444
1.290668 -5.490682 -26.896955 73.023600 -0.140419 0.967591 0.209881 -0.879928 -0.024782 -0.474461 0.453883 0.251304 -0.854890
1.062734 -6.948942 -55.645806 68.921750 -0.060207 0.970951 0.231581 -0.825014 0.082194 -0.559103 0.561896 0.224719 -0.796099
1.339411 -6.974219 7.717821 41.499521 -0.093917 0.955634 0.279182 -0.831377 0.078992 -0.550065 0.547715 0.283767 -0.787074
1.537547 -4.754312 29.324498 84.276550 -0.220588 0.950040 0.220827 -0.909875 -0.118870 -0.397490 0.351381 0.288606 -0.890639
1.234611 -5.972477 25.790507 66.481907 -0.152217 0.951591 0.267028 -0.889103 -0.013842 -0.457499 0.431656 0.307054 -0.848169
3.379654 -32.505697 2.358838 -254.001416 -0.364638 0.916021 -0.167166 -0.182424 -0.246324 -0.951864 0.913105 0.316591 -0.256923
3.720861 -30.308022 -145.446987 332.673130 -0.289632 0.925080 -0.245644 -0.502155 -0.365351 -0.783810 0.814833 0.103665 -0.570351
2.936226 -27.168305 -56.931159 -101.777279 -0.312656 0.927116 -0.206645 -0.233635 -0.285929 -0.929333 0.920685 0.242282 -0.306004
2.828920 -26.300516 -32.688294 -399.400507 -0.315826 0.935869 -0.156215 0.080920 -0.137475 -0.987194 0.945360 0.324422 0.032313
2.319689 -23.091385 -1.199814 -109.504676 -0.310353 0.935273 -0.170135 -0.124120 -0.217308 -0.968180 0.942484 0.279360 -0.183528
-1.417204 -17.453741 23.958334 -122.101575 -0.338490 0.925672 -0.168983 0.543620 0.045792 -0.838081 0.768051 0.375545 0.518714
-1.312869 -21.905309 27.779381 -383.267250 -0.340126 0.921382 -0.188066 0.439921 -0.020856 -0.897794 0.831134 0.388097 0.398242
-1.194665 -17.712809 22.147548 -72.654935 -0.367181 0.914980 -0.167302 0.605965 0.098847 -0.789326 0.705681 0.391205 0.590740
-1.244493 -123.490631 -15.004745 5777.958391 0.269679 -0.908289 0.319820 0.938524 0.173586 -0.298398 0.215515 0.380630 0.899263
3.589270 -208.507901 -217.488575 10529.972699 -0.404102 0.904504 -0.136288 0.651741 0.180168 -0.736731 0.641822 0.386539 0.662309
-5.392781 -171.075375 -4.730336 8107.959841 -0.310233 0.908401 -0.280291 0.812993 0.100694 -0.573501 0.492745 0.405793 0.769762
-5.853620 -135.580548 42.831171 4888.801309 0.394223 -0.852892 0.342290 0.917704 0.385222 -0.097073 -0.049065 0.352390 0.934566
3.471408 -7.481075 -54.296506 7.183186 -0.108319 0.992864 -0.049880 0.140607 -0.034370 -0.989469 0.984122 0.114192 0.135881
3.533397 -7.295884 -107.639793 15.989771 -0.071071 0.995247 -0.066578 0.020060 -0.065308 -0.997664 0.997270 0.072240 0.015323
2.133856 -7.424778 -172.093824 22.210048 -0.017920 0.998045 -0.059874 0.103151 -0.057719 -0.992990 0.994504 0.023970 0.101915
-0.448493 -6.269306 -60.762712 25.593866 -0.363137 0.694293 0.621360 0.627609 0.675168 -0.387628 0.688650 -0.249209 0.680923
-1.445184 -6.141345 50.847786 42.156832 0.398799 -0.683405 -0.611488 0.580266 0.704395 -0.408802 0.710106 -0.191796 0.677468
-1.237549 -6.860130 -70.371065 31.894307 -0.382712 0.684864 0.620074 0.671106 0.667358 -0.322879 0.634940 -0.292565 0.715022
0.010582 -6.966018 -71.636185 17.656997 -0.347054 0.705276 0.618174 0.720387 0.622520 -0.305797 0.600497 -0.339196 0.724120
0.737685 -8.536663 -19.729645 -36.898144 -0.305860 0.933030 0.189484 0.092369 -0.169002 0.981278 -0.947585 -0.317636 0.034492
0.970221 -8.970625 -17.616886 -37.650895 -0.286999 0.932093 0.220983 0.140950 -0.187087 0.972179 -0.947505 -0.310162 0.077685
0.529019 -9.311257 -22.730518 -40.953722 -0.298593 0.928719 0.219826 0.264963 -0.140611 0.953951 -0.916862 -0.343089 0.204091
1.205704 -8.226659 -13.415953 -33.912205 -0.295364 0.935237 0.195169 -0.028800 -0.212907 0.976648 -0.954951 -0.282846 -0.089820
0.845220 -8.030076 -20.253468 -18.012994 -0.315005 0.936051 0.156782 -0.035936 -0.176837 0.983584 -0.948410 -0.304199 -0.089343
3.316083 -3.285352 11.769078 -43.887452 -0.089071 0.983797 -0.155593 -0.930364 -0.137957 -0.339691 0.355652 -0.114501 -0.927578
2.860887 -2.808179 32.752633 -42.780298 -0.105587 0.990632 -0.086597 -0.933275 -0.128783 -0.335280 0.343292 -0.045418 -0.938130
3.126638 -4.205869 3.757624 -59.871018 -0.021307 0.992677 -0.118905 -0.957674 -0.054414 -0.282666 0.287066 -0.107849 -0.951820
7.193494 -98.790123 -39.705533 -4037.500873 0.097235 0.993019 0.066768 -0.812386 0.117945 -0.571068 0.574956 -0.001286 -0.818183
5.092910 -60.515491 -44.988538 -1881.247795 0.085343 0.996333 -0.006116 -0.567329 0.043548 -0.822339 0.819057 -0.073650 -0.568965
5.681974 -64.660054 -27.051226 -2640.386616 0.068581 0.993120 0.094912 -0.512545 0.116695 -0.850694 0.855917 -0.009695 -0.517022
6.932656 -57.941595 -67.838087 -305.328531 0.003352 0.990913 0.134461 -0.955620 0.042784 -0.291479 0.294584 0.127517 -0.947080
6.088492 -54.884423 -4.220331 334.409907 0.052297 0.997458 0.048402 -0.994622 0.056365 -0.086896 0.089403 0.043597 -0.995041
7.804995 -84.181200 -192.567323 -3275.958089 -0.042197 0.989981 0.134749 -0.610368 0.081232 -0.787942 0.790993 0.115495 -0.600825
-10.465012 -39.258712 -272.403872 1140.463899 -0.308093 0.095280 0.946573 -0.399434 0.890072 -0.219601 -0.863442 -0.445751 -0.236166
-7.515733 -41.671599 -210.574736 1755.837799 -0.303108 0.038840 0.952164 -0.072729 0.995312 -0.063752 -0.950177 -0.088574 -0.298862
-5.354803 -34.950439 -163.001444 959.634312 -0.375447 -0.007483 0.926814 -0.418284 0.893712 -0.162228 -0.827090 -0.448579 -0.338671
-7.249485 -35.712144 205.928596 652.932564 0.318244 0.016440 -0.947866 0.775037 -0.580294 0.250152 -0.545929 -0.814241 -0.197417
-14.392662 -40.904109 394.933439 858.262240 0.237372 -0.110397 -0.965125 0.787732 -0.559506 0.257742 -0.568447 -0.821441 -0.045848
-6.806248 -12.116711 -76.280217 -277.745946 0.389823 0.887395 0.246107 0.909348 -0.413116 0.049214 0.145343 0.204612 -0.967992
-4.069998 -12.218703 -206.672301 -339.292951 0.366119 0.925156 0.100217 0.930026 -0.367452 -0.005493 0.031743 0.095215 -0.994950
-2.311318 -10.610008 -193.755182 314.196136 0.240186 0.969717 0.044275 -0.966529 0.234661 0.103715 -0.090184 0.067704 -0.993621
-4.009354 -6.956944 -107.760119 -173.922880 0.128332 0.984446 0.119992 0.982638 -0.109874 -0.149501 -0.133991 0.137094 -0.981454
-4.646952 -9.702722 -39.380611 57.704417 -0.220141 0.957179 0.188007 0.669912 0.008253 0.742395 -0.709053 -0.289380 0.643042
-3.621484 -10.306169 -77.332018 72.145893 -0.311959 0.929880 0.194947 0.651520 0.060027 0.756253 -0.691522 -0.362932 0.624562
-2.390126 -11.093136 -120.678050 57.228820 -0.387486 0.908832 0.154526 0.488361 0.060196 0.870563 -0.781894 -0.412796 0.467164
-0.737941 -3.097402 -22.538622 -2.318905 0.280576 0.940924 0.189575 0.943771 -0.234466 -0.233072 -0.174854 0.244310 -0.953802
-0.708573 -2.871721 -54.722754 -9.824049 0.291900 0.940338 0.174813 0.933465 -0.240258 -0.266307 -0.208418 0.240917 -0.947903
-0.684222 -3.263043 -34.297311 4.063751 0.400634 0.904858 0.143958 0.884662 -0.341130 -0.317809 -0.238464 0.254679 -0.937162
-0.358685 -2.956822 -45.493676 1.478716 0.382586 0.912450 0.145132 0.889467 -0.321250 -0.325032 -0.249952 0.253443 -0.934500
0.077741 -3.391551 57.430538 8.425678 0.346629 0.915924 0.202317 0.921532 -0.292284 -0.255633 -0.175006 0.275052 -0.945367
0.159508 -3.628144 75.410687 6.813694 0.462902 0.870233 0.168569 0.851641 -0.383891 -0.356840 -0.245822 0.308742 -0.918831
-0.919789 -3.643191 -42.836236 -35.941353 0.533804 0.841533 0.082921 -0.794727 0.465764 0.389195 -0.288899 0.273653 -0.917416
-0.765195 -3.294811 -63.141428 -27.077207 0.490051 0.866579 0.094290 -0.823058 0.424367 0.377476 -0.287099 0.262588 -0.921207
4.292603 -3.850156 207.896491 131.252549 0.855314 0.500008 0.135754 0.338234 -0.340380 -0.877348 0.392473 -0.796325 0.460252
6.830553 -5.418705 466.007273 104.582289 0.899221 0.427013 -0.095187 0.146730 -0.499334 -0.853894 0.412154 -0.753873 0.511668
1.035653 -5.515440 169.258864 102.669429 -0.575857 -0.599184 -0.556208 0.750056 -0.116520 -0.651029 0.325277 -0.792087 0.516521
-1.191296 -5.669304 -32.570486 65.484026 -0.264527 0.951897 -0.154656 0.945535 0.224454 -0.235763 -0.189709 -0.208598 -0.959426
-0.880483 -6.248203 -41.898248 -9.372493 -0.278909 0.948343 -0.151182 -0.909239 -0.210122 0.359351 -0.309022 -0.237687 -0.920875
-1.598040 -6.097104 -17.519281 -44.538822 -0.322853 0.941810 -0.093599 -0.913570 -0.284269 0.290827 -0.247297 -0.179404 -0.952186
-1.758801 -6.404518 -7.140573 -4.818014 -0.359534 0.931754 -0.050698 -0.868516 -0.314277 0.383289 -0.341198 -0.181838 -0.922236
-1.906792 -5.967810 -7.184608 -35.880972 -0.372869 0.927245 -0.034434 -0.892117 -0.348045 0.288085 -0.255141 -0.138137 -0.956986
-1.940624 -4.986821 -9.286780 -73.869639 -0.377022 0.924334 -0.058826 -0.916016 -0.362727 0.171300 -0.137001 -0.118469 -0.983461
-1.619438 -5.273172 -13.658844 76.624709 -0.321825 0.940924 -0.105315 0.935018 0.298356 -0.191636 -0.148894 -0.160145 -0.975799
-0.204201 -11.246982 23.265221 25.205878 -0.139176 -0.901636 -0.409491 0.975732 -0.195449 0.098722 -0.169046 -0.385814 0.906957
-0.482893 -11.149975 9.795083 22.038203 -0.156497 -0.906755 -0.391541 0.981161 -0.188193 0.043662 -0.113276 -0.377332 0.919124
-0.721242 -10.925212 15.548528 -3.969114 -0.160272 -0.906987 -0.389471 0.973310 -0.210874 0.090548 -0.164256 -0.364564 0.916577
-0.576347 -11.043230 16.034583 -17.565237 -0.141239 -0.907999 -0.394449 0.944228 -0.243279 0.221919 -0.297464 -0.341106 0.891718
0.380331 -13.656745 25.748390 109.115782 0.263993 0.876504 -0.402553 -0.585523 0.477292 0.655252 -0.766466 -0.062722 -0.639215
0.398326 -15.790606 27.471577 120.393993 0.251253 0.888810 -0.383262 -0.708084 0.438744 0.553282 -0.659916 -0.132368 -0.739588
-0.278305 -13.694533 20.515278 112.670727 0.239336 0.888544 -0.391418 -0.530958 0.457290 0.713421 -0.812897 -0.037080 -0.581226
0.036569 -12.185835 35.240023 109.315047 0.265254 0.876471 -0.401795 -0.409964 0.479702 0.775768 -0.872680 0.041054 -0.486564
-0.885959 -7.618219 -9.884306 61.608776 0.199629 0.977666 0.065707 -0.294629 0.123843 -0.947553 0.934528 -0.169800 -0.312772
-0.649479 -8.743199 -4.868349 110.858120 0.194416 0.979169 0.058566 -0.170045 0.092443 -0.981091 0.966068 -0.180781 -0.184475
-0.815821 -7.323605 -1.918119 97.776121 0.220721 0.973929 0.052387 -0.296702 0.118214 -0.947625 0.929113 -0.193618 -0.315059
-1.806325 -4.149820 -10.080330 86.947445 -0.347213 0.931952 -0.104444 0.935209 0.335853 -0.112193 -0.069481 -0.136632 -0.988182
-1.949167 -3.209311 -4.086287 53.446853 -0.400117 0.910741 -0.102258 0.916371 0.395985 -0.058826 -0.013082 -0.117243 -0.993017
-1.715043 -3.580555 -10.989392 59.538166 -0.279549 0.949010 -0.145713 0.959789 0.272161 -0.068796 -0.025630 -0.159086 -0.986932
-1.975993 -3.596479 -5.971946 80.947458 -0.446186 0.892970 -0.059343 0.894014 0.441727 -0.074942 -0.040708 -0.086491 -0.995421
-1.411151 -4.550771 -23.974527 84.264286 -0.257527 0.953819 -0.154629 0.961745 0.237547 -0.136445 -0.093412 -0.183851 -0.978505
-1.357607 -3.196102 46.123454 27.514642 -0.072513 0.936471 -0.343166 -0.119201 0.333469 0.935195 -0.990219 -0.108719 -0.087447
-0.661451 -3.451801 58.850372 28.258366 -0.048381 0.882207 -0.468369 -0.184873 0.452907 0.872180 -0.981571 -0.128786 -0.141184
-1.539586 -3.680423 0.071518 -0.810759 -0.128253 0.980276 -0.150365 -0.112057 0.136322 0.984307 -0.985390 -0.143090 -0.092363
0.012715 -7.354852 13.153037 71.196557 0.077500 0.942075 0.326327 -0.484355 -0.250513 0.838238 -0.871432 0.223022 -0.436884
0.376236 -6.339658 3.045242 26.333148 0.055041 0.939060 0.339317 -0.405074 -0.289610 0.867203 -0.912625 0.185180 -0.364449
0.154237 -7.327904 11.905046 75.614242 0.055767 0.937060 0.344686 -0.478067 -0.278017 0.833162 -0.876551 0.211246 -0.432474
-0.231071 -24.761783 -36.952620 364.501372 0.220542 0.974874 0.031329 -0.528727 0.146480 -0.836057 0.819639 -0.167822 -0.547748
-1.857859 -27.645032 -65.359603 262.984656 0.233649 0.970109 0.065544 -0.262491 0.127840 -0.956428 0.936219 -0.206264 -0.284515
-0.204949 -28.150859 -40.241675 483.302598 0.269138 0.953806 0.133488 -0.426540 0.242313 -0.871406 0.863498 -0.177590 -0.472052
-1.846370 -29.623789 -92.871023 22.046983 0.262140 0.954856 0.139759 -0.030275 0.152890 -0.987779 0.964555 -0.254705 -0.068986
1.547169 -23.263626 2.573772 640.740095 0.253849 0.960192 0.116584 -0.731426 0.269430 -0.626437 0.632911 -0.073748 -0.770704
0.936838 -21.870303 63.098094 489.759653 0.248498 0.945212 0.211714 -0.657907 0.325120 -0.679305 0.710920 -0.029518 -0.702654
-0.568200 -28.931679 -47.014397 165.035710 0.274987 0.944243 0.181073 -0.094113 0.213865 -0.972319 0.956831 -0.250334 -0.147676
0.176245 -25.514590 30.262132 426.718180 0.253664 0.944188 0.210153 -0.406619 0.301216 -0.862514 0.877676 -0.133337 -0.460332
0.572994 -16.466632 35.359105 8.373523 0.128136 0.968231 -0.214734 0.550085 0.110775 0.827729 -0.825220 0.224184 0.518415
-0.086909 -16.055718 33.317465 -180.610822 0.113672 0.969986 -0.214953 0.686209 0.079807 0.723013 -0.718468 0.229689 0.656542
0.091590 -19.748087 9.662373 -328.312539 0.069529 0.970873 -0.229284 0.834063 0.069514 0.547273 -0.547271 0.229288 0.804936
-5.320838 -12.603952 46.237856 146.574302 0.743042 0.668844 -0.023176 0.099123 -0.075740 0.992189 -0.661864 0.739535 0.122576
-3.984337 -10.438966 46.020959 138.159813 0.767195 0.640136 0.040466 0.169297 -0.262945 0.949841 -0.618668 0.721863 0.310103
-3.959170 -12.291315 63.466848 136.088689 0.805093 0.585106 0.097344 0.007215 -0.173763 0.984761 -0.593105 0.792122 0.144117
-4.829372 -10.857959 19.691135 142.322643 0.666598 0.731719 -0.142251 0.312559 -0.101125 0.944500 -0.676723 0.674063 0.296115
-5.271637 -14.298200 71.078072 118.569884 0.787441 0.613137 0.063243 -0.108367 0.036706 0.993433 -0.606789 0.789124 -0.095348
-6.504488 -14.344985 40.027123 118.228177 0.715709 0.694552 -0.073200 -0.018880 0.124014 0.992101 -0.698144 0.708673 -0.101871
-5.950217 -13.053108 -0.824134 134.868375 0.634437 0.751207 -0.182148 0.190378 0.076530 0.978723 -0.749164 0.655615 0.094460
-0.276296 -8.313121 -46.916213 188.060615 -0.377311 0.916131 0.135424 -0.177510 -0.215066 0.960332 -0.908915 -0.338305 -0.243769
0.133619 -9.524606 -5.591021 -31.257020 -0.163610 -0.924818 -0.343430 0.986469 -0.157081 -0.046954 -0.010523 -0.346465 0.938004
0.366011 -9.055869 -2.328537 -54.864776 -0.127422 -0.932719 -0.337341 0.988287 -0.148192 0.036438 -0.083978 -0.328746 0.940677
0.275925 -8.970502 -12.437690 -58.746277 -0.117505 -0.934956 -0.334738 0.976297 -0.170454 0.133381 -0.181763 -0.311131 0.932824
4.063204 -52.137713 -116.524062 -1433.884675 -0.074761 0.974967 -0.209403 -0.595753 -0.212065 -0.774666 0.799681 -0.066838 -0.596694
4.731114 -50.597437 -110.967810 -793.253706 -0.080824 0.980576 -0.178713 -0.910805 -0.145487 -0.386351 0.404847 -0.131547 -0.904873
-2.568963 -27.163792 177.292721 -584.629997 0.042507 0.165539 -0.985287 0.846062 0.518552 0.123623 0.531387 -0.838869 -0.118014
-0.624662 -24.379773 129.557034 -157.359647 0.019686 0.141884 -0.989688 0.752600 0.649545 0.108090 0.658183 -0.746967 -0.093995
-5.769662 -9.368832 -545.571674 7.756146 0.226338 0.971951 0.063895 -0.261962 0.123921 -0.957089 0.938161 -0.199887 -0.282662
-7.276230 -9.046690 -100.373320 139.851887 -0.063373 0.955522 -0.288031 -0.122931 -0.293887 -0.947902 0.990390 0.024663 -0.136088
-5.070398 -9.073738 -396.260684 237.646432 0.209134 0.977537 -0.026142 -0.164950 0.008915 -0.986262 0.963875 -0.210573 -0.163109
-3.491835 -9.716525 -268.226237 138.173228 0.130604 0.983034 -0.128789 0.001128 -0.130049 -0.991507 0.991434 -0.129350 0.018094
0.516295 -7.984745 -481.604340 463.328497 0.301565 0.951765 0.056592 -0.243825 0.134364 -0.960466 0.921742 -0.275845 -0.272584
2.215314 -8.837254 -1065.697140 -54.914934 0.470568 0.858436 0.204093 -0.172011 0.316112 -0.932998 0.865435 -0.403933 -0.296412
10.211736 -11.234367 38.485801 13.233509 0.019585 -0.974721 0.222564 0.994922 0.040981 0.091925 -0.098722 0.219634 0.970575
10.310330 -11.755948 5.886500 161.943808 0.034457 -0.985545 0.165871 0.990556 0.011640 -0.136611 0.132706 0.169012 0.976639
1.804659 -9.373721 -10.731515 -313.804079 0.916688 -0.395748 0.055373 0.227588 0.630949 0.741692 0.328461 0.667298 -0.668451
-0.485014 -14.078753 48.197069 -113.312590 0.890321 -0.454865 -0.020625 0.156471 0.263098 0.951996 0.427603 0.850810 -0.305415
0.351032 -13.539029 10.985569 -311.650586 0.908477 -0.414711 0.051814 0.162867 0.465472 0.869948 0.384895 0.781889 -0.490414
-2.557042 -9.952932 -20.930269 -99.162871 -0.007870 0.980468 0.196524 0.466608 0.177423 -0.866486 0.884429 -0.084880 0.458891
-3.139163 -9.799851 -41.587950 -40.032365 0.011486 0.961150 0.275788 0.287184 0.261016 -0.921627 0.957807 -0.089788 0.273029
-1.087925 -11.132726 26.203330 48.731701 -0.148213 0.981978 0.117271 -0.934376 -0.100197 -0.341909 0.323997 0.160251 -0.932387
-0.740921 -10.644175 11.321707 30.561359 -0.173016 0.977742 0.118683 -0.939128 -0.127455 -0.319052 0.296824 0.166659 -0.940277
-0.674454 -9.498169 8.712253 -50.348377 -0.205220 0.971957 0.114819 0.972779 0.189665 0.133149 0.107638 0.139018 -0.984423
1.179440 -6.613888 -32.856565 -29.919467 -0.347136 0.923251 0.164633 -0.428293 -0.312246 0.847978 -0.834303 -0.223853 -0.503814
1.542697 -6.721151 -13.991270 -27.947541 -0.320617 0.930387 0.177722 -0.382583 -0.298840 0.874257 -0.866507 -0.212308 -0.451763
0.881475 -12.077718 7.626792 -96.491102 -0.149903 0.974359 0.167789 0.162323 -0.143150 0.976299 -0.975285 -0.173586 0.136702
0.718923 -10.415116 -1.379048 -78.499705 -0.175905 0.972434 0.153067 0.045322 -0.147326 0.988049 -0.983363 -0.180740 0.018157
0.351767 -10.699499 7.627056 -84.263440 -0.155867 0.983518 0.091644 -0.052443 -0.100886 0.993515 -0.986385 -0.150050 -0.067304
0.154820 -9.754421 7.409761 -101.859727 -0.142602 0.989593 0.019259 -0.201227 -0.048038 0.978366 -0.969109 -0.135642 -0.205983
0.437133 -11.836086 4.371096 -120.929886 -0.146389 0.987070 0.065285 -0.021043 -0.069089 0.997389 -0.989003 -0.144633 -0.030885
0.671257 -12.397298 11.039706 -102.432222 -0.142507 0.982105 0.123131 0.105015 -0.108696 0.988513 -0.984207 -0.153801 0.087646
-1.227901 -13.917766 -28.814651 -103.412789 0.137816 0.942373 -0.304861 -0.235149 -0.267867 -0.934319 0.962139 -0.200452 -0.184682
-1.039231 -14.312264 6.276781 -124.261577 0.125359 0.943887 -0.305552 -0.353440 -0.245287 -0.902726 0.927020 -0.221159 -0.302858
-0.927865 -17.392886 15.324247 -214.249820 0.118349 0.941393 -0.315868 -0.558840 -0.199797 -0.804847 0.820787 -0.271773 -0.502443
2.576015 -18.554612 -111.867160 333.289801 -0.259006 0.939333 -0.224877 0.471515 0.326159 0.819325 -0.842965 -0.106177 0.527387
0.639442 -18.422112 -51.981832 214.405679 -0.221959 0.967976 -0.117287 0.422897 0.203953 0.882928 -0.878574 -0.146373 0.454623
0.573080 -18.257004 -93.699826 -2.430681 -0.257215 0.943486 -0.208984 0.156888 0.254162 0.954352 -0.953534 -0.212686 0.213396
3.637226 -6.703357 -71.264497 -13.980676 0.037484 0.996168 -0.079023 0.368860 -0.087287 -0.925377 0.928729 -0.005538 0.370718
2.930587 -6.706955 -41.303040 -10.921992 0.056243 0.997549 -0.041632 0.359177 -0.059122 -0.931395 0.931573 -0.037431 0.361622
2.505711 -6.699140 -22.312424 -9.058003 0.077899 0.996808 -0.017458 0.424183 -0.048986 -0.904251 0.902220 -0.063034 0.426645
1.161455 -13.033935 17.040540 -29.507968 -0.003592 0.994519 0.104498 -0.803475 0.059341 -0.592374 0.595328 0.086089 -0.798858
1.245752 -12.452566 -4.061580 -1.160807 0.017104 0.996876 0.077107 -0.800584 0.059853 -0.596223 0.598976 0.051533 -0.799107
1.188532 -12.051380 1.480961 0.972203 0.032088 0.993862 0.105873 -0.696037 0.098240 -0.711253 0.717288 0.050869 -0.694917
2.045469 -2.838343 4.985220 45.498613 -0.374722 0.923486 0.082206 -0.867414 -0.317894 -0.382800 0.327378 0.214750 -0.920166
2.044315 -2.615969 -18.335908 49.846166 -0.429349 0.903111 -0.006994 -0.832341 -0.398686 -0.385043 0.350525 0.159496 -0.922872
1.699583 -2.836468 -10.056889 54.282489 -0.402762 0.915302 0.002304 -0.835055 -0.366418 -0.410392 0.374789 0.167214 -0.911906
3.697116 -34.398382 -6.832201 577.096467 -0.397832 0.900497 -0.175597 -0.560114 -0.389976 -0.730884 0.726637 0.192415 -0.659526
3.689874 -27.293901 -134.753773 561.641947 -0.329960 0.890788 -0.312448 -0.753417 -0.447923 -0.481381 0.568761 -0.076567 -0.818931
-1.458518 -20.437646 26.842074 -329.937745 -0.318914 0.927349 -0.195749 0.386374 -0.061387 -0.920297 0.865453 0.369128 0.338726
-1.658117 -4.480383 -3.139456 43.966528 -0.369548 0.782304 0.501433 0.493915 0.622460 -0.607117 0.787072 -0.023307 0.616421
-1.631899 -5.363928 -28.800979 44.592478 -0.393934 0.717286 0.574731 0.525358 0.688799 -0.499554 0.754198 -0.105149 0.648174
-1.200089 -4.821149 -31.935339 44.916905 -0.381439 0.714902 0.586021 0.470158 0.695867 -0.542882 0.795899 -0.068446 0.601548
-1.306548 -4.054375 -10.145312 47.436811 -0.355318 0.783401 0.509934 0.449005 0.621516 -0.641959 0.819844 -0.000864 0.572587
-1.030004 -4.269706 -24.154110 49.481755 -0.349748 0.754333 0.555570 0.421747 0.656309 -0.625610 0.836544 -0.015504 0.547681
0.823501 -9.737291 -16.560282 -40.865384 -0.272628 0.929064 0.250027 0.283046 -0.170922 0.943753 -0.919543 -0.328063 0.216370
-7.332534 -19.398982 -301.562837 846.836209 -0.260263 -0.073699 0.962721 0.102682 0.989316 0.103494 -0.960062 0.125790 -0.249915
-2.848793 -17.538423 -60.092883 695.418787 -0.266566 -0.172487 0.948257 0.009920 0.983313 0.181653 -0.963766 0.057829 -0.260406
-8.022402 -11.069056 94.075951 -99.017638 -0.182570 0.928235 0.324112 0.951467 0.083736 0.296141 0.247748 0.362448 -0.898472
-9.319514 -12.165157 10.324756 180.908473 0.359508 0.858490 0.365717 -0.883246 0.439502 -0.163445 0.301049 0.264258 -0.916263
-5.729088 -10.099107 -55.422874 -47.304656 0.785659 -0.348873 -0.510909 0.587950 0.164098 0.792077 0.192495 0.922692 -0.334045
-5.471536 -9.602405 -54.807549 -72.607889 0.807223 -0.326132 -0.491965 0.583305 0.313311 0.749395 0.090264 0.891894 -0.443146
-4.935735 -9.923815 -47.473324 -35.663638 0.827400 -0.239073 -0.508186 0.552243 0.181740 0.813633 0.102160 0.953842 -0.282398
-5.482025 -10.459357 -64.078036 -18.751381 0.784254 -0.295189 -0.545719 0.573068 0.007550 0.819473 0.237780 0.955409 -0.175084
-6.360897 -10.680900 -39.367283 -18.245214 0.725785 -0.428547 -0.538129 0.602466 0.018364 0.797933 0.332070 0.903333 -0.271513
-4.881231 -9.066503 -24.466678 22.056262 -0.106044 0.973248 0.203820 0.732060 -0.062305 0.678385 -0.672936 -0.221148 0.705869
-5.398631 -9.336849 -10.670322 20.980534 -0.017792 0.984658 0.173585 0.672956 -0.116608 0.730433 -0.739468 -0.129810 0.660557
-0.462050 -2.822058 -14.518140 6.202049 0.286671 0.939306 0.188477 0.947274 -0.248517 -0.202263 -0.143147 0.236523 -0.961023
12.749405 -4.060087 519.505582 85.011371 0.923741 0.362022 -0.125073 0.064975 -0.469925 -0.880312 0.377467 -0.805053 0.457611
12.979781 -5.894964 553.811585 61.702225 0.938294 0.307289 -0.158672 0.038571 -0.548926 -0.834981 0.343680 -0.777338 0.526906
