10602
21181
-4.873396 -6.833195 18.315435 53.487944 0.326748 0.691079 0.644706 -0.020803 0.687242 -0.726131 0.944883 -0.223850 -0.238931
-4.727291 -7.382805 27.602296 113.727168 -0.401353 -0.120125 -0.908012 0.150291 0.969288 -0.194662 0.903509 -0.214595 -0.370973
-4.418463 -5.591030 12.830284 55.866070 0.353502 0.705704 0.614018 -0.191200 0.697052 -0.691058 0.915685 -0.126890 -0.381339
-3.272670 -5.706412 40.398421 91.287967 -0.504150 -0.254275 -0.825335 -0.049631 0.962624 -0.266255 0.862189 -0.093271 -0.497927
-4.215643 -6.204603 2.476613 40.369040 0.202510 0.889683 0.409212 -0.146787 0.440727 -0.885558 0.968217 -0.119268 -0.219845
-3.398228 -4.449240 7.351947 35.716656 0.290707 0.864151 0.410771 -0.390145 0.499059 -0.773775 0.873657 -0.064682 -0.482224
-3.627007 -5.254815 5.747297 32.111237 0.147937 0.964010 0.220906 -0.323691 0.258257 -0.910235 0.934526 -0.063153 -0.350247
-0.734827 -3.845148 48.019036 -10.216705 0.296347 0.836138 0.461574 -0.743489 0.505320 -0.438036 0.599501 0.213365 -0.771410
-1.796133 -4.283595 19.163063 19.869133 0.459081 0.722940 0.516336 -0.619580 0.677069 -0.397112 0.636683 0.137605 -0.758749
-1.582566 -4.054234 36.367774 11.969437 0.478677 0.712745 0.512701 -0.678450 0.670924 -0.299277 0.557292 0.204585 -0.804718
-1.064197 -3.720246 30.166334 26.707827 0.362144 0.778826 0.512134 -0.659363 0.602398 -0.449841 0.658856 0.174776 -0.731684
-0.652429 -3.754943 31.089472 7.247753 0.464760 0.743790 0.480390 -0.746484 0.620928 -0.239188 0.476193 0.247438 -0.843809
0.074673 -5.772291 29.134968 -107.966358 0.379637 0.801091 0.462741 -0.701743 0.575296 -0.420228 0.602854 0.165191 -0.780563
0.338295 -3.848658 71.243221 -38.775874 0.146199 0.905564 0.398220 -0.750187 0.363894 -0.552087 0.644860 0.218025 -0.732544
-2.295733 -5.166787 13.865687 45.660253 0.380880 0.759586 0.527219 -0.767607 0.577641 -0.277686 0.515470 0.298932 -0.803076
-1.391466 -4.060647 36.341948 24.014783 -0.672577 -0.518623 -0.527893 -0.620956 0.783555 0.021350 0.402560 0.342158 -0.849042
-1.742994 -4.872177 17.844064 47.950850 0.370950 0.739825 0.561298 -0.811085 0.552465 -0.192154 0.452258 0.383981 -0.804998
-1.973727 -6.040770 32.640893 27.888735 0.212546 0.818152 0.534276 -0.770106 0.476806 -0.423783 0.601465 0.321376 -0.731408
-0.535372 -8.626651 14.987343 -47.460683 0.002696 -0.399562 0.916702 0.908314 -0.382463 -0.169375 0.418280 0.833110 0.361896
-0.330197 -8.444256 -5.560646 -59.869356 0.066388 -0.409708 0.909798 0.923495 -0.320033 -0.211508 0.377822 0.854235 0.357117
-0.126172 -8.782583 10.729839 -11.810110 0.040079 -0.416070 0.908449 0.801859 -0.529066 -0.277689 0.596168 0.739577 0.312425
-0.060570 -8.654270 -10.124273 -19.639927 0.137526 -0.436680 0.889043 0.830851 -0.437785 -0.343556 0.539234 0.785910 0.302609
-0.856469 -9.003992 31.296187 -11.540093 -0.002509 -0.397426 0.917631 0.790475 -0.562831 -0.241601 0.612489 0.724758 0.315567
0.481779 -8.489126 -15.039576 -54.938014 -0.078116 0.446228 -0.891503 -0.663588 0.644085 0.380532 0.744008 0.621317 0.245798
0.820774 -5.971795 21.203812 11.388411 0.395287 0.462421 0.793672 -0.260615 0.884994 -0.385830 -0.880811 -0.054329 0.470340
0.185369 -6.226077 6.041715 4.673940 0.406094 0.427737 0.807545 -0.375990 0.883635 -0.278965 -0.832898 -0.190343 0.519663
0.648886 -6.125383 13.147908 8.280787 0.374654 0.459918 0.805052 -0.408766 0.861289 -0.301815 -0.832193 -0.216002 0.510684
0.081527 -5.049785 -3.077338 11.532367 0.563646 0.555929 0.610939 0.823257 -0.317668 -0.470463 -0.067468 0.768134 -0.636725
0.049462 -5.346719 -2.198072 -31.413421 0.612204 0.536510 0.580830 0.790525 -0.430758 -0.435337 0.016634 0.725676 -0.687836
0.187147 -5.161273 -6.133349 9.673322 0.584672 0.543403 0.602389 0.810764 -0.365147 -0.457526 -0.028660 0.755898 -0.654062
0.113044 -4.841275 -0.136068 2.629462 0.573910 0.554371 0.602744 0.816440 -0.330110 -0.473766 -0.063670 0.764003 -0.642064
0.165580 -5.528568 -3.818176 39.134722 0.526796 0.555557 0.643306 0.837902 -0.212224 -0.502873 -0.142849 0.803939 -0.577301
0.120882 -5.186707 0.851505 30.424886 0.533514 0.557974 0.635632 0.831857 -0.210307 -0.513600 -0.152898 0.802768 -0.576356
2.980591 -5.029202 -31.771425 5.726933 -0.442760 0.009933 -0.896585 0.678548 0.657357 -0.327803 0.586120 -0.753514 -0.297791
2.542217 -4.947918 -29.002488 5.044045 -0.412282 0.050765 -0.909641 0.610818 0.756204 -0.234643 0.675962 -0.652364 -0.342777
3.932984 -5.326666 -56.884059 7.673166 -0.385832 0.141659 -0.911628 0.703262 0.684725 -0.191244 0.597123 -0.714902 -0.363812
4.619809 -5.166415 -68.771993 4.355898 -0.411426 0.084536 -0.907514 0.754024 0.590929 -0.286794 0.512032 -0.802282 -0.306866
5.221271 -4.869202 -32.101962 -28.267241 -0.364927 0.260299 -0.893908 0.818192 0.547826 -0.174495 0.444285 -0.795067 -0.412892
3.762098 -5.664018 -24.319425 7.016128 -0.384548 0.278719 -0.880022 0.691000 0.719035 -0.074218 0.612080 -0.636635 -0.469098
-0.294536 -9.286738 7.430781 68.557830 -0.591626 -0.336804 -0.732490 0.654769 0.329361 -0.680293 0.470379 -0.882091 0.025671
-0.077932 -9.828854 6.362738 51.933110 -0.596428 -0.341590 -0.726354 0.640748 0.342414 -0.687164 0.483442 -0.875254 0.014647
-0.213585 -9.611420 -4.431662 -82.844461 0.648561 0.381201 0.658829 0.520931 0.408797 -0.749344 0.554978 -0.829199 -0.066551
-0.375013 -7.523323 -2.405062 5.289204 0.615758 0.366977 0.697258 0.589297 0.372931 -0.716695 0.523040 -0.852203 -0.013376
-0.171595 -11.787104 -1.017640 -37.190673 0.479812 0.574136 0.663437 0.608174 0.327374 -0.723153 -0.632380 0.750462 -0.192097
-0.117255 -13.097707 -6.241119 -28.867253 0.463630 0.592011 0.659220 0.547979 0.393068 -0.738388 -0.696252 0.703577 -0.142171
-0.089801 -11.395568 -9.416796 44.200924 0.441720 0.575154 0.688535 -0.449218 -0.522536 0.724679 -0.776587 0.629407 -0.027555
-0.246063 -10.816983 -0.101934 26.972029 0.459668 0.547884 0.698949 -0.446373 -0.537855 0.715167 -0.767761 0.640731 0.002674
-0.628003 -23.043791 -0.410267 -353.160954 0.379048 0.333444 0.863214 0.890213 -0.386101 -0.241760 0.252674 0.860082 -0.443187
-0.558122 -22.764532 12.390539 52.285821 -0.389376 -0.333409 -0.858618 -0.682756 0.730181 0.026088 0.618248 0.596384 -0.511952
-0.392433 -21.404234 -9.618420 -48.842202 0.376888 0.344339 0.859876 0.775147 -0.625439 -0.089293 0.507053 0.700183 -0.502634
-0.586224 -20.438309 -4.216925 -210.353861 0.360790 0.348197 0.865210 0.920448 -0.282490 -0.270139 0.150351 0.893845 -0.422417
-0.836694 -19.498896 1.834018 -260.576359 0.362752 0.330960 0.871135 0.930724 -0.082014 -0.356407 -0.046511 0.940074 -0.337784
-0.807371 -19.972192 -1.250752 -251.520535 0.368381 0.304324 0.878454 0.929653 -0.127048 -0.345838 0.006359 0.944058 -0.329718
-0.707330 -20.016127 7.731181 164.726963 -0.273098 -0.138613 -0.951948 0.958525 -0.123079 -0.257063 -0.081532 -0.982669 0.166476
-0.660401 -21.103280 -9.691826 68.439265 -0.277634 -0.186899 -0.942331 0.921723 -0.328343 -0.206439 -0.270824 -0.925883 0.263428
-0.782340 -21.732130 8.894585 37.937146 -0.252357 -0.149444 -0.956024 0.850622 -0.505228 -0.145558 -0.461257 -0.849948 0.254618
-0.692879 -26.718414 4.801588 340.809895 -0.259245 -0.135045 -0.956324 0.935428 -0.281518 -0.213827 -0.240346 -0.950005 0.199307
-0.674765 -24.101708 23.400984 383.108121 -0.267779 -0.121829 -0.955747 0.949030 0.137808 -0.283463 0.166243 -0.982938 0.078717
11.668568 3.706957 -406.622301 306.515375 0.168132 0.876923 0.450264 0.279750 -0.480432 0.831219 -0.945236 0.013793 0.326095
4.073793 -2.212555 -158.503124 -187.304246 0.192797 0.145696 0.970362 0.275375 0.941140 -0.196022 -0.941806 0.305006 0.141328
1.986357 -5.441660 -51.720022 -162.463213 0.365469 0.256540 0.894773 0.272413 0.889705 -0.366354 -0.890069 0.377639 0.255275
-18.025039 -199.586359 357.281594 -5148.382531 0.548253 -0.407213 -0.730477 0.621417 -0.386191 0.681687 -0.559695 -0.827668 0.041319
-12.414450 -142.337998 99.274330 -2975.125719 0.245845 -0.398853 -0.883446 0.960053 0.225846 0.165200 0.133633 -0.888769 0.438443
-4.242866 -129.845108 24.168513 -4028.503517 0.390668 -0.364044 -0.845489 0.876470 -0.133657 0.462532 -0.281387 -0.921742 0.266858
-0.494075 -3.391655 1.670842 -16.646316 0.698110 0.397628 0.595428 -0.583990 -0.164917 0.794832 -0.414244 0.902604 -0.117081
-0.690010 -3.495574 3.520852 17.867581 0.621826 0.392048 0.677961 0.644439 0.235748 -0.727407 -0.445007 0.889225 -0.106057
-0.838707 -3.842320 9.313497 -13.985358 0.697738 0.397729 0.595796 -0.533699 -0.266164 0.802697 -0.477836 0.878048 -0.026555
-0.374466 -3.081905 -0.408654 19.202174 0.606795 0.393845 0.690424 0.693199 0.162822 -0.702114 -0.388940 0.904641 -0.174213
-0.186098 -2.587411 15.231470 -11.974754 0.493928 0.359697 0.791614 0.855040 -0.035570 -0.517340 -0.157929 0.932391 -0.325125
-0.496557 -2.667740 11.507570 -10.438709 0.458583 0.369426 0.808224 0.871780 -0.010636 -0.489782 -0.172342 0.929199 -0.326935
-0.541938 -2.469913 16.189674 4.780742 0.366909 0.348150 0.862653 0.905387 0.079344 -0.417107 -0.213662 0.934075 -0.286098
0.043561 -321.963200 -27.708130 -12862.282520 -0.628630 0.456292 0.629780 0.616635 0.785898 0.046106 -0.473905 0.417328 -0.775404
-0.161913 -105.922744 45.477277 -3470.162597 -0.801944 0.202370 0.562079 0.225913 0.973737 -0.028261 -0.553037 0.104317 -0.826600
0.219317 -161.456050 24.662302 -4657.370083 -0.780316 0.222097 0.584619 0.026180 0.945596 -0.324289 -0.624837 -0.237742 -0.743678
0.111395 -72.883119 23.993218 -2061.102967 -0.752596 0.270916 0.600170 0.317291 0.947854 -0.029986 -0.576997 0.167861 -0.799310
-0.445438 -1.700182 8.572542 8.184795 0.259045 0.748881 0.609978 0.269775 0.550302 -0.790183 0.927425 -0.369250 0.059476
-0.760206 -2.045234 -2.586553 13.779304 -0.180693 -0.555509 -0.811640 0.362372 0.729571 -0.580012 0.914351 -0.398919 0.069473
-0.426165 -1.811579 10.470138 0.314568 0.264442 0.753261 0.602219 0.239327 0.553658 -0.797612 0.934234 -0.355050 0.033865
-0.740014 -1.746670 -3.327260 6.181079 -0.197428 -0.641539 -0.741249 0.371083 0.650959 -0.662231 0.907369 -0.405808 0.109546
-0.121352 -1.652683 8.743004 0.765296 0.291808 0.823813 0.485984 0.197649 0.445195 -0.873348 0.935833 -0.350904 0.032914
-0.276715 -1.649497 10.629946 7.765198 0.284816 0.816210 0.502674 0.246046 0.444577 -0.861286 0.926467 -0.368989 0.074203
362.971006 -346.625105 10928.858464 -8132.723591 0.550364 0.370318 0.748307 0.740766 -0.630054 -0.233020 0.385182 0.682566 -0.621078
-26.782391 -167.376141 -68.393081 2984.693187 0.754152 -0.003534 0.656691 -0.466057 0.701619 0.539001 0.462651 0.712544 -0.527480
24.777591 -424.907983 1828.545388 -26277.030918 0.711276 -0.279277 -0.645051 0.052967 0.936369 -0.346999 0.700914 0.212645 0.680809
38.927548 -31.531675 -1010.966842 389.313179 -0.573576 -0.616416 -0.539483 -0.547536 0.778349 -0.307208 0.609274 0.119179 -0.783952
8.808560 -15.384459 170.664736 98.330396 0.937218 0.057248 0.344014 0.233557 -0.835584 -0.497242 -0.258987 -0.546371 0.796495
-1.649490 -2.960052 10.680352 -35.705990 0.821194 0.319836 0.472594 -0.127161 -0.704784 0.697933 -0.556301 0.633234 0.538093
-1.182867 -1.947859 21.649639 -28.858608 0.800932 0.596600 0.050755 0.254825 -0.416350 0.872764 -0.541823 0.686091 0.485497
-1.493644 -1.893822 24.015130 -31.557928 0.796233 0.596188 0.102823 0.200852 -0.420816 0.884631 -0.570676 0.683720 0.454813
-1.914569 -3.118254 11.155209 -50.651232 0.768728 0.302601 0.563462 -0.212351 -0.710260 0.671147 -0.603294 0.635581 0.481739
-1.847533 -3.800680 12.164544 28.666035 0.774148 0.220768 0.593259 0.209185 0.795334 -0.568934 -0.597442 0.564540 0.569525
-1.756244 -3.638123 8.594246 10.541854 0.795896 0.166184 0.582180 0.198399 0.836905 -0.510126 -0.572004 0.521510 0.633118
-1.746734 -3.188914 1.228770 -12.281502 0.839650 0.311444 0.444961 -0.062493 -0.758415 0.648769 -0.539521 0.572546 0.617340
0.852182 -8.416668 1.441554 4.976267 0.629695 0.185761 0.754306 0.629496 0.446964 -0.635576 0.455213 -0.875052 -0.164516
0.538727 -8.601789 -4.198030 11.235645 0.649599 0.169933 0.741042 0.611111 0.463141 -0.641907 0.452288 -0.869841 -0.197008
0.667157 -8.270794 4.144952 5.856050 -0.633298 -0.164225 -0.756283 0.708651 0.269702 -0.651977 0.311042 -0.948837 -0.054424
-0.179572 -15.033766 -10.280764 28.235740 0.731020 0.110549 0.673341 0.495835 0.591870 -0.635482 0.468783 -0.798416 -0.377855
-0.165845 -14.213651 -5.991848 116.181184 0.724309 0.143544 0.674367 0.357032 0.758650 -0.544957 0.589834 -0.635488 -0.498248
-0.311229 -15.138643 0.648280 -21.739141 0.719356 0.138981 0.680596 0.543280 0.497987 -0.675911 0.432867 -0.855975 -0.282724
-0.173430 -14.965196 -6.202694 -87.019882 0.712581 0.109108 0.693054 0.644932 0.287031 -0.708291 0.276208 -0.951687 -0.134165
-0.349772 -14.776933 2.928818 -113.469342 0.696549 0.144467 0.702815 0.674766 0.201135 -0.710095 0.243947 -0.968852 -0.042619
-0.116355 -5.817599 -6.724043 -87.834772 -0.666455 -0.251736 -0.701759 0.741550 -0.126518 -0.658860 0.077073 -0.959491 0.270994
0.111982 -7.850385 3.860151 -115.956749 -0.617525 -0.238742 -0.749443 0.776658 -0.034432 -0.628981 0.124360 -0.970472 0.206684
0.217860 -5.492532 6.288803 -7.931778 -0.650066 -0.220595 -0.727153 0.759140 -0.146391 -0.634252 0.033464 -0.964317 0.262627
0.439454 -6.379038 -1.151018 63.780263 -0.691795 -0.215162 -0.689294 0.720876 -0.261220 -0.641952 -0.041934 -0.940994 0.335815
0.317303 -6.152198 5.203476 76.357876 -0.697447 -0.217796 -0.682739 0.716320 -0.240172 -0.655136 -0.021289 -0.945982 0.323518
0.708759 -14.148412 -2.832385 -58.339025 0.511307 0.494392 0.702952 -0.602040 0.789767 -0.117542 -0.613280 -0.363105 0.701457
0.562984 -14.240820 -8.247928 -45.022558 0.513641 0.475072 0.714479 -0.618312 0.782284 -0.075650 -0.594864 -0.402913 0.695556
0.490059 -14.852496 3.355637 -55.898600 0.518529 0.505683 0.689502 -0.418321 0.853313 -0.311231 -0.745745 -0.127050 0.654005
0.327248 -15.927219 -0.858731 -11.935313 0.510194 0.514054 0.689529 -0.165113 0.845352 -0.508053 -0.844062 0.145355 0.516170
0.445243 -15.724609 1.495927 -10.836373 0.521920 0.510605 0.683287 -0.152930 0.844079 -0.513948 -0.839173 0.163745 0.518629
0.564890 -14.624795 3.098714 -72.275955 0.515418 0.510226 0.688487 -0.403887 0.853232 -0.329956 -0.755791 -0.108006 0.645844
2.491782 -3.879416 24.449155 -30.668816 0.554285 0.832004 -0.023187 -0.369375 0.220923 -0.902638 0.745876 -0.508883 -0.429775
2.226072 -2.945878 26.520817 -39.073070 0.553188 0.826793 -0.101958 -0.312020 0.092157 -0.945595 0.772416 -0.554905 -0.308956
1.931122 -3.307961 32.119132 -32.261532 0.549396 0.835553 -0.003800 -0.281058 0.180516 -0.942561 0.786874 -0.518908 -0.334013
2.677798 -60.505838 98.445013 -1296.211141 -0.368594 -0.594407 -0.714716 0.744580 0.271526 -0.609815 0.556542 -0.756938 0.342501
1.455141 -35.302004 21.580960 -629.830817 -0.232252 -0.544680 -0.805843 0.889886 0.215451 -0.402100 0.392635 -0.810496 0.434664
7.363771 -386.905808 -321.609346 -16562.740896 0.326049 0.593811 0.735582 0.492755 0.557290 -0.668297 0.806774 -0.580359 0.110899
-3.677195 -5.639611 -12.177141 30.251731 -0.092680 0.146587 -0.984847 0.672400 0.738715 0.046675 0.734363 -0.657885 -0.167029
-3.458772 -5.265054 -23.435705 55.605296 0.002272 0.156625 -0.987655 0.562224 0.816577 0.130788 0.826982 -0.555581 -0.086203
-3.303657 -5.986130 -30.811210 33.623446 -0.059566 -0.003194 -0.998219 0.703584 0.709232 -0.044254 0.708111 -0.704968 -0.039999
-0.513403 -14.169183 -11.637293 -115.509006 0.712114 0.119138 0.691881 0.657127 0.233802 -0.716603 0.247138 -0.964957 -0.088205
-0.594251 -13.256409 -3.082079 -135.188224 0.707429 0.162891 0.687758 0.647753 0.239893 -0.723096 0.282774 -0.957036 -0.064194
-0.631132 -11.819433 9.547668 -102.400425 -0.694177 -0.142134 -0.705632 0.706902 0.050161 -0.705531 0.135675 -0.988576 0.065654
0.702627 -36.508362 -11.341547 -769.112208 0.557022 0.256648 0.789847 -0.013303 0.953688 -0.300503 -0.830391 0.156879 0.534640
0.786184 -48.734561 -0.426922 -836.222881 0.613146 0.263388 0.744768 0.416317 0.693498 -0.587998 -0.671366 0.670588 0.315562
4.606820 -185.249674 -81.839492 -5351.173343 0.609331 0.388738 0.691085 0.033980 0.857971 -0.512573 -0.792188 0.335809 0.509579
0.955048 -63.274508 -40.833873 -1604.158704 0.598011 0.283991 0.749488 -0.121013 0.956393 -0.265835 -0.792300 0.068275 0.606300
1.456147 -51.498959 -14.190823 -1297.404671 0.569902 0.228750 0.789231 -0.150078 0.973291 -0.173727 -0.807891 -0.019439 0.589011
1.993049 -99.056312 -49.002509 -2981.124396 0.616354 0.289352 0.732382 0.251614 0.808927 -0.531345 -0.746189 0.511774 0.425780
-12.906695 -59.544901 378.406139 -1686.075506 0.758808 0.119839 0.640195 -0.649607 0.210384 0.730582 0.047135 0.970246 -0.237489
-12.675370 -62.600109 286.548523 -1709.802134 0.736357 0.243515 0.631251 -0.567465 -0.285804 0.772204 -0.368458 0.926831 0.072268
21.020286 -613.572918 -301.277779 -20817.103783 0.842349 0.142406 0.519778 -0.514580 -0.074126 0.854233 -0.160177 0.987029 -0.010839
-6.177296 -35.863953 227.277237 994.296261 0.661744 0.093504 0.743876 0.696711 -0.443179 -0.564080 0.276927 0.891543 -0.358416
-52.547358 -111.093936 610.047092 3093.955216 0.138624 0.416074 0.898702 0.973171 -0.225496 -0.045713 0.183633 0.880928 -0.436171
-5.755574 -7.604332 -33.398084 51.739985 -0.337163 -0.380840 -0.860978 0.198954 0.865049 -0.460552 0.920184 -0.326576 -0.215892
-4.625219 -7.360501 11.139772 27.528749 -0.426800 -0.284603 -0.858396 0.284847 0.858569 -0.426288 0.858315 -0.426451 -0.285369
-3.098756 -7.155804 76.624149 28.595474 -0.518351 -0.123008 -0.846275 0.285202 0.908078 -0.306681 0.806208 -0.400328 -0.435621
-2.114328 -7.470279 83.951037 120.819575 -0.568709 -0.123314 -0.813243 0.106925 0.969226 -0.221739 0.815560 -0.213061 -0.538022
-0.362874 -2.695137 4.291223 10.908050 -0.513647 -0.605099 -0.608295 -0.600337 0.759977 -0.249057 0.612995 0.237255 -0.753623
-0.230949 -2.720134 4.120019 1.650373 -0.567345 -0.522749 -0.636281 -0.592062 0.795976 -0.126034 0.572348 0.305213 -0.761093
-0.175938 -3.069018 -4.893630 11.190203 -0.496501 -0.608407 -0.619134 -0.596083 0.757466 -0.266326 0.631008 0.236824 -0.738744
-0.104555 -2.344655 8.666256 -3.559255 -0.604665 -0.480193 -0.635448 -0.535813 0.835543 -0.121542 0.589308 0.266990 -0.762517
-0.216578 -3.174848 -3.835558 15.774630 -0.453970 -0.665329 -0.592663 -0.578838 0.725895 -0.371516 0.677391 0.174399 -0.714651
-0.302659 -2.556785 4.459558 14.869215 -0.508720 -0.617674 -0.599736 -0.589878 0.757476 -0.279774 0.627094 0.211445 -0.749696
-0.821364 -7.342519 -1.115329 -46.099200 0.013202 -0.406521 0.913546 0.973644 -0.202817 -0.104323 0.227692 0.890846 0.393129
-0.541267 -8.075324 -18.969779 -70.479941 0.139330 -0.431705 0.891189 0.940926 -0.222767 -0.255018 0.308620 0.874074 0.375164
-0.986738 -6.887707 -8.691021 -50.363399 0.078470 -0.431938 0.898483 0.981843 -0.122648 -0.144712 0.172704 0.893525 0.414471
1.128437 -5.525897 31.823535 1.703165 0.404326 0.494773 0.769234 -0.029865 0.847740 -0.529570 -0.914127 0.191146 0.357539
0.643120 -5.872981 14.839914 3.919138 0.411582 0.468890 0.781500 -0.059553 0.869502 -0.490326 -0.909425 0.155269 0.385795
0.783425 -5.746739 25.568976 9.791794 0.406642 0.466251 0.785654 -0.127862 0.880547 -0.456386 -0.904596 0.085131 0.417683
0.043313 -5.268400 -2.041687 -28.927371 0.597592 0.550069 0.583359 0.801574 -0.427126 -0.418380 0.019030 0.717626 -0.696168
-0.016059 -6.037683 2.967629 -44.430067 0.615673 0.526555 0.586248 0.774230 -0.542691 -0.325659 0.146674 0.654390 -0.741795
1.622104 -4.776684 -22.837937 -6.606220 -0.431923 -0.080834 -0.898281 0.599742 0.718124 -0.352997 0.673611 -0.691204 -0.261695
1.152473 -4.819746 -17.860451 -9.444046 -0.419234 -0.048249 -0.906595 0.526616 0.800505 -0.286124 0.739539 -0.597381 -0.310190
1.480978 -4.465525 -32.279556 -11.753605 0.482581 0.594049 0.643600 0.693711 0.189343 -0.694921 -0.534678 0.781828 -0.320725
1.275727 -4.648837 -27.800303 -3.542743 0.469074 0.583650 0.662814 0.769281 0.098611 -0.631254 -0.433793 0.805995 -0.402736
2.076599 -4.514993 -40.422305 -10.510498 0.497844 0.571958 0.651932 0.739637 0.112517 -0.663534 -0.452867 0.812529 -0.367025
0.654961 -4.691565 -11.587977 -6.070474 0.460497 0.596946 0.656961 0.724968 0.174146 -0.666404 -0.512214 0.783153 -0.352573
2.223142 -4.323021 -39.010179 -16.521427 0.504864 0.568985 0.649129 0.665896 0.221792 -0.712314 -0.549267 0.791874 -0.266909
1.634625 -4.176977 -32.366414 -14.532825 0.497427 0.597520 0.628917 0.607972 0.277028 -0.744060 -0.618818 0.752480 -0.225474
0.753501 -4.421581 -16.925294 -12.674952 0.474549 0.612356 0.632316 0.628677 0.267004 -0.730393 -0.616091 0.744130 -0.258268
0.024387 -10.349879 -7.948607 -83.406578 0.643118 0.373678 0.668404 0.521831 0.424955 -0.739666 0.560439 -0.824486 -0.078300
0.109598 -11.093248 11.936691 23.916566 -0.594818 -0.336621 -0.729985 0.654346 0.324721 -0.682925 0.466928 -0.883879 0.027117
-0.078506 -13.941440 -0.699564 -17.274462 0.489588 0.586695 0.645052 0.616635 0.290080 -0.731857 -0.616494 0.756070 -0.219757
-0.032874 -12.846156 -2.190324 54.399598 0.471944 0.577406 0.666236 -0.421742 -0.515756 0.745741 -0.774211 0.632928 -0.000109
-0.161650 -12.625370 -9.660791 -3.124699 0.477664 0.602529 0.639371 0.700847 0.177510 -0.690872 -0.529765 0.778106 -0.337491
-0.140248 -13.061772 -3.501500 29.876848 0.489104 0.603250 0.629973 0.735018 0.103798 -0.670055 -0.469601 0.790769 -0.392632
-0.740033 -23.086695 16.571163 -227.928557 -0.396625 -0.322193 -0.859582 -0.478600 0.871626 -0.105874 0.783346 0.369404 -0.499910
-0.563134 -22.950833 14.927633 -188.715872 -0.382834 -0.315066 -0.868430 -0.321279 0.926774 -0.194603 0.866151 0.204508 -0.456025
-0.322655 -21.469029 4.247568 -135.443349 -0.361631 -0.332278 -0.871099 -0.542725 0.834735 -0.093098 0.758071 0.439101 -0.482202
-9.765763 -168.661963 -218.883881 -3264.818857 0.212694 -0.520890 -0.826701 0.867489 0.490040 -0.085577 0.449693 -0.698953 0.556095
-6.380295 -172.068645 96.526124 1316.162443 0.074372 -0.537904 -0.839719 0.554664 0.722096 -0.413432 0.828744 -0.435014 0.352059
-1.070977 -3.489184 -1.586813 -22.286240 -0.461466 -0.680232 -0.569503 -0.184873 0.701582 -0.688189 0.867681 -0.212290 -0.449513
-1.068286 -2.623225 3.655216 -29.823617 0.453888 0.688131 0.566092 -0.060380 0.657595 -0.750948 0.889010 -0.306666 -0.340025
-1.150478 -2.972738 2.889667 -33.811332 0.477390 0.682482 0.553460 -0.108563 0.670853 -0.733601 0.871959 -0.290129 -0.394351
-0.922918 -3.189866 5.551087 -28.061237 0.431672 0.698766 0.570425 -0.137771 0.676034 -0.723877 0.891448 -0.233889 -0.388094
-1.160808 -3.896615 6.191570 15.415980 0.588851 0.383420 0.711508 0.623779 0.344201 -0.701730 -0.513959 0.857038 -0.036487
-0.891444 -3.465313 4.620700 19.177563 0.506120 0.366107 0.780902 0.740021 0.280684 -0.611216 -0.442957 0.887233 -0.128867
-0.695747 -2.599833 4.339279 5.721423 0.336264 0.383497 0.860149 0.917116 0.074259 -0.391643 -0.214068 0.920552 -0.326741
-0.862208 -3.005226 1.973344 -7.171846 0.365942 0.399702 0.840431 0.909505 0.037755 -0.413975 -0.197198 0.915867 -0.349715
-0.911594 -3.133425 -7.821033 15.892824 0.146247 0.384373 0.911520 0.950041 0.202265 -0.237719 -0.275742 0.900748 -0.335589
-0.742581 -2.680246 -2.907181 19.863740 0.184916 0.360617 0.914200 0.949567 0.174142 -0.260763 -0.253236 0.916313 -0.310228
-10.404266 -171.205548 228.795226 -6575.746982 -0.694007 0.718984 0.037647 0.705206 0.668312 0.236734 0.145048 0.190844 -0.970845
-8.288171 -80.399605 -151.510077 -2242.656889 -0.675658 0.659244 -0.329975 0.737084 0.595660 -0.319212 -0.013886 -0.458897 -0.888381
-25.430485 -343.705150 -401.661733 8540.850631 -0.411353 0.909261 -0.063503 -0.887331 -0.383553 0.255989 -0.208404 -0.161650 -0.964592
-0.432152 -202.646445 27.465531 -5986.513092 -0.799804 0.278889 0.531541 0.050122 0.913451 -0.403851 -0.598166 -0.296359 -0.744560
-2.062770 -3.667065 -45.819220 -47.721063 0.496450 0.367289 0.786534 -0.626712 0.778594 0.031992 -0.600641 -0.508813 0.616717
-1.960767 -2.729115 53.391005 -17.406574 -0.162450 -0.640279 -0.750768 0.816123 -0.514831 0.262473 -0.554575 -0.570080 0.606181
-2.991280 -3.241304 47.010167 -51.244961 0.385910 -0.844978 -0.370252 0.756479 0.060128 0.651248 -0.528028 -0.531411 0.662412
-3.145029 -3.710033 -52.920165 -34.601621 0.775443 -0.067020 0.627851 -0.237936 0.890035 0.388875 -0.584872 -0.450939 0.674225
-0.775877 -2.101513 -9.730725 5.894088 -0.219506 -0.621093 -0.752370 0.305970 0.688446 -0.657590 0.926391 -0.374547 0.038918
-0.990609 -2.683669 -3.643197 22.894560 -0.123507 -0.382157 -0.915807 0.415623 0.818107 -0.397440 0.901112 -0.429717 0.057791
-0.919233 -2.569658 4.303135 23.511230 -0.058110 -0.347086 -0.936031 0.464601 0.820488 -0.333085 0.883611 -0.454237 0.113577
-0.926940 -2.885926 2.299429 28.940149 -0.070215 -0.316829 -0.945880 0.460354 0.830916 -0.312495 0.884954 -0.457381 0.087510
4.098449 -33.420744 275.744094 264.926965 0.715903 -0.001111 0.698199 -0.579609 0.556598 0.595191 0.389277 0.830781 -0.397827
-20.602665 -46.877553 -164.313985 258.084506 0.839656 -0.109953 0.531872 -0.282866 0.747459 0.601076 0.463642 0.655146 -0.596507
-4.960851 -33.351189 -78.490615 404.967542 -0.669690 0.006396 -0.742614 -0.240474 0.944220 0.224992 0.702629 0.329254 -0.630796
0.697191 -7.827607 8.074177 -14.161531 -0.627817 -0.151293 -0.763515 0.765344 0.058653 -0.640943 0.141753 -0.986747 0.078968
0.608196 -7.416574 14.100237 -33.501869 -0.637874 -0.146502 -0.756078 0.769800 -0.150471 -0.620295 -0.022893 -0.977699 0.208759
0.725839 -7.770623 2.703207 -28.324636 -0.617035 -0.182189 -0.765555 0.774500 0.031667 -0.631781 0.139346 -0.982753 0.121566
-0.268659 -11.866647 8.789929 169.537803 -0.738659 -0.161375 -0.654477 0.114922 0.926559 -0.358165 0.664210 -0.339776 -0.665866
-0.394554 -13.732034 5.561409 144.628454 -0.723211 -0.143748 -0.675501 0.317131 0.799759 -0.509720 0.613509 -0.582857 -0.532807
-0.088702 -13.967235 -13.096408 105.744044 0.743220 0.124384 0.657383 0.346679 0.768771 -0.537406 0.572222 -0.627312 -0.528245
-0.183635 -12.244571 4.274284 152.767116 -0.741187 -0.161436 -0.651598 0.153233 0.904341 -0.398356 0.653575 -0.395103 -0.645548
-0.155670 -7.775244 -13.569496 -177.217495 -0.628443 -0.267412 -0.730445 0.766532 -0.053255 -0.639994 0.132242 -0.962109 0.238448
-0.663318 -12.313723 -22.494795 -201.058001 -0.657075 -0.301001 -0.691122 0.690696 0.126877 -0.711928 0.301978 -0.945146 0.124533
3.515287 -4.661711 -9.096705 -22.747367 0.617419 0.781016 -0.093854 -0.482132 0.281442 -0.829662 0.621564 -0.557499 -0.550321
3.012121 -5.173379 -82.632485 -5.131663 0.655701 0.700546 -0.281589 -0.606009 0.265863 -0.749714 0.450345 -0.662233 -0.598863
2.599165 -4.859623 -60.351242 -38.709581 0.642785 0.717549 -0.268237 -0.509331 0.138771 -0.849308 0.572197 -0.682544 -0.454669
0.872612 -5.119646 -109.382772 -36.775412 0.642256 0.673357 -0.366194 -0.563807 0.091367 -0.820837 0.519258 -0.733650 -0.438324
2.399146 -3.651149 -8.700414 -41.798501 0.612958 0.766258 -0.192695 -0.399033 0.089720 -0.912536 0.681950 -0.636238 -0.360757
1.068593 -4.033795 -62.176090 -43.577173 0.632741 0.695031 -0.341425 -0.478142 0.003849 -0.878274 0.609114 -0.718969 -0.334759
0.933639 -13.878797 14.154190 -11.896412 -0.517359 -0.471299 -0.714294 0.743759 -0.660479 -0.102908 -0.423276 -0.584503 0.692238
0.034792 -3.546727 15.842580 -4.917579 0.564998 0.740484 0.363951 -0.014887 0.450181 -0.892813 0.824958 -0.499020 -0.265375
-0.579569 -4.097319 8.881673 15.230643 0.534384 0.593382 0.601940 0.247176 0.571314 -0.782627 0.808293 -0.567008 -0.158631
-0.550281 -4.374568 11.869681 7.231022 0.558520 0.640488 0.527097 0.112968 0.570792 -0.813286 0.821762 -0.513782 -0.246444
0.383880 -3.943185 20.528333 -2.878302 0.561683 0.763788 0.318026 -0.135720 0.464243 -0.875248 0.816145 -0.448449 -0.364419
-0.835206 -11.592896 1.424870 -3.952465 -0.467268 -0.640794 -0.609134 -0.218355 0.751275 -0.622822 0.856727 -0.158017 -0.490967
-0.728075 -12.806130 -1.258459 -100.615843 -0.460447 -0.679681 -0.570983 -0.446620 0.733263 -0.512695 0.767150 0.018943 -0.641188
-0.545071 -11.344047 -10.190141 -93.904478 -0.432684 -0.684055 -0.587242 -0.366090 0.728566 -0.578939 0.823870 -0.035514 -0.565665
-29.799248 -332.949879 924.291090 17345.924666 0.328822 0.484917 0.810390 0.874462 -0.480394 -0.067364 0.356641 0.730806 -0.582006
-57.636758 -230.532118 -1799.789808 8411.177883 -0.316126 -0.335813 -0.887296 0.420234 0.788938 -0.448308 0.850569 -0.514594 -0.108284
-30.787510 -2701.063600 25781.088442 -80011.133858 -0.005156 0.762142 -0.647389 -0.384856 -0.599044 -0.702162 0.922962 -0.245531 -0.296404
-141.517491 -508.944667 3729.801583 23034.187577 0.029478 0.646085 0.762696 0.943622 0.233701 -0.234440 -0.329711 0.726607 -0.602771
-0.567497 -14.068150 -7.202439 -62.610691 0.715246 0.139711 0.684765 0.558192 0.475376 -0.680029 0.420528 -0.868619 -0.262025
-0.540528 -13.634595 -1.509494 -22.990974 0.712366 0.165735 0.681958 0.505821 0.552350 -0.662612 0.486498 -0.816971 -0.309643
-5.403440 -7.693368 -16.434501 29.034456 -0.302086 -0.632384 -0.713327 0.199015 0.689961 -0.695950 0.932275 -0.352200 -0.082574
-6.430430 -7.972397 -50.969846 8.140865 -0.304677 -0.394270 -0.867019 0.381609 0.783509 -0.490395 0.872666 -0.480275 -0.088260
-0.113977 -3.019567 -2.935237 7.797436 -0.537286 -0.551009 -0.638524 -0.611495 0.775913 -0.155025 0.580859 0.307162 -0.753826
-0.003370 -2.893218 5.737039 -9.967589 -0.616873 -0.442666 -0.650780 -0.583219 0.812315 0.000290 0.528510 0.379726 -0.759266
-0.079508 -2.916518 2.110468 -2.620848 -0.580998 -0.493703 -0.647069 -0.617763 0.785113 -0.044344 0.529916 0.373972 -0.761140
-0.006139 -2.617138 7.830983 -12.905297 -0.628126 -0.434481 -0.645511 -0.542304 0.839356 -0.037256 0.558000 0.326662 -0.762842
-1.009059 -7.466696 13.785224 -44.949337 -0.039595 -0.389189 0.920307 0.976649 -0.209713 -0.046667 0.211162 0.896969 0.388404
-1.074584 -8.742564 35.875078 -43.658817 -0.037313 -0.389683 0.920193 0.910866 -0.392001 -0.129069 0.411012 0.833356 0.369576
0.459217 -5.723036 4.852070 5.076073 0.411780 0.491262 0.767528 0.079681 0.819614 -0.567349 -0.907793 0.294781 0.298356
0.895170 -5.513363 17.493648 1.525569 0.406291 0.497468 0.766455 0.064172 0.821201 -0.567019 -0.911488 0.279560 0.301723
0.270207 -6.009074 3.359229 -0.373483 0.412287 0.453827 0.789975 -0.026093 0.872626 -0.487691 -0.910680 0.180456 0.371614
0.875261 -5.395025 11.841211 13.493027 0.400072 0.513401 0.759185 0.210168 0.754898 -0.621256 -0.892060 0.408103 0.194113
0.189360 -6.209832 1.750203 6.755521 0.415518 0.468964 0.779370 0.084945 0.833090 -0.546576 -0.905610 0.293316 0.306328
0.487857 -5.631110 1.754077 21.318553 0.413227 0.516120 0.750242 0.215479 0.745057 -0.631236 -0.884767 0.422505 0.196665
0.400594 -5.420805 -8.063799 46.012162 0.544636 0.544906 0.637534 0.835237 -0.283677 -0.471069 -0.075834 0.789053 -0.609626
0.631889 -4.984471 -20.937741 -16.038270 -0.437459 -0.167033 -0.883589 0.483520 0.784771 -0.387740 0.758181 -0.596854 -0.262541
0.251184 -4.937405 -14.528890 -9.230918 -0.438400 -0.132406 -0.888974 0.366200 0.876953 -0.311208 0.820794 -0.461976 -0.335969
1.821633 -4.607262 -44.330925 -0.741501 0.488220 0.573775 0.657589 0.790133 0.029346 -0.612233 -0.370582 0.818487 -0.439031
1.077177 -4.667056 -24.331194 4.965640 0.461845 0.578274 0.672531 0.825522 -0.002961 -0.564362 -0.324365 0.815837 -0.478745
0.626190 -4.769092 -10.147956 0.151308 0.442343 0.591671 0.673987 0.802346 0.074704 -0.592166 -0.400717 0.802711 -0.441680
-0.286447 -8.496565 -2.730879 -116.074766 0.664462 0.394172 0.634916 0.489601 0.412264 -0.768329 0.564607 -0.821381 -0.080947
-0.341769 -8.635769 0.169477 -119.380995 0.657955 0.406751 0.633757 0.482464 0.418490 -0.769477 0.578207 -0.812046 -0.079105
-0.775821 -11.821376 -14.885182 75.302219 -0.257737 -0.237321 -0.936617 0.546163 0.763859 -0.343840 0.797043 -0.600166 -0.067259
-1.044982 -12.013652 -10.430044 -68.619915 -0.294625 -0.308337 -0.904502 0.334742 0.853245 -0.399900 0.895067 -0.420595 -0.148174
-0.693852 -11.150665 -15.659087 -32.878760 -0.274342 -0.288305 -0.917397 0.406379 0.829871 -0.382324 0.871546 -0.477698 -0.110508
-0.878557 -11.391260 -2.755323 2.671099 -0.293712 -0.241338 -0.924927 0.482586 0.797803 -0.361414 0.825133 -0.552508 -0.117858
-0.203082 -11.958071 -15.555509 102.935364 -0.247642 -0.211617 -0.945459 0.601902 0.731086 -0.321290 0.759202 -0.648638 -0.053675
-0.465539 -15.147516 -13.568390 204.310006 -0.249523 -0.200321 -0.947423 0.743511 0.587202 -0.319976 0.620426 -0.784261 0.002420
-0.749687 -12.790654 -2.447847 112.862999 -0.273688 -0.197443 -0.941335 0.666661 0.666524 -0.333630 0.693295 -0.718861 -0.050792
-4.224403 -10.163365 -13.714311 -31.538675 0.448627 -0.107098 0.887279 0.772982 -0.451821 -0.445372 0.448590 0.885657 -0.119914
-3.792147 -9.033034 -2.690394 -71.273133 0.366917 -0.159995 0.916392 0.904287 -0.169782 -0.391713 0.218259 0.972407 0.082385
-4.300747 -9.795670 -2.733258 -40.693169 0.295637 -0.186173 0.936984 0.843981 -0.408601 -0.347479 0.447544 0.893524 0.036329
-3.785931 -9.217861 -5.132310 -54.608365 0.492268 -0.084368 0.866345 0.833507 -0.241171 -0.497095 0.250876 0.966808 -0.048399
-4.079425 -10.061836 -11.778828 18.364481 0.523193 -0.054063 0.850498 0.632108 -0.644735 -0.429832 0.571584 0.762492 -0.303147
-3.798021 -9.733137 -11.390775 -29.645168 0.551151 -0.023367 0.834078 0.754817 -0.412098 -0.510321 0.355647 0.910840 -0.209490
30.880076 -654.134706 2313.053941 6827.709485 -0.322009 0.731932 0.600488 -0.584233 -0.652724 0.482310 -0.744971 0.195516 -0.637802
-29.874231 -401.182498 -489.056103 -10182.524168 0.129425 -0.495513 -0.858904 0.726507 -0.542129 0.422236 -0.674860 -0.678648 0.289829
-1.237087 -2.415102 -0.985429 -26.851603 -0.491876 -0.644265 -0.585646 -0.020429 0.680997 -0.732001 0.870426 -0.348090 -0.348128
-1.208502 -2.122474 -4.163029 -12.101971 -0.458517 -0.619625 -0.637045 0.034899 0.703732 -0.709608 0.888000 -0.347600 -0.301049
12.859476 -502.441026 218.688417 -15235.619656 -0.772551 0.338763 0.537034 0.114394 0.906203 -0.407075 -0.624564 -0.253053 -0.738840
0.267879 -51.363471 -9.793116 -1152.475251 -0.696796 0.326920 0.638435 0.453909 0.890169 0.039578 -0.555376 0.317369 -0.768658
-1.201160 -2.622763 15.741209 -28.344562 -0.225054 -0.623347 -0.748859 0.810652 -0.546183 0.211015 -0.540549 -0.559574 0.628238
-1.971939 -3.260864 30.786441 -25.806812 -0.005625 -0.722071 -0.691796 0.878185 -0.334455 0.341951 -0.478288 -0.605601 0.635994
-1.148504 -2.032563 -29.357375 -3.000924 0.393234 0.438293 0.808249 -0.706377 0.706729 -0.039571 -0.588557 -0.555368 0.587510
-0.552097 -2.071159 16.079320 -9.873259 0.276295 0.778296 0.563840 0.190722 0.530607 -0.825882 0.941959 -0.335724 0.001834
-1.228257 -2.515012 -17.603383 8.030451 -0.196736 -0.522835 -0.829420 0.336307 0.758645 -0.557992 0.920974 -0.388717 0.026580
-1.835730 -1.926751 -58.290550 8.944244 -0.313250 -0.689513 0.653029 0.723519 0.272133 0.634400 -0.615138 0.671205 0.413630
0.632879 -6.716604 12.541635 -40.231431 -0.642126 -0.159783 -0.749762 0.745899 -0.355970 -0.562956 -0.176942 -0.920736 0.347760
0.724691 -7.209471 3.269126 -30.970719 -0.643431 -0.179757 -0.744100 0.762379 -0.238227 -0.601686 -0.069107 -0.954429 0.290326
-0.409335 -11.383359 0.573973 193.132061 -0.721749 -0.165913 -0.671975 0.139524 0.916042 -0.376032 0.677946 -0.365158 -0.638004
-0.525780 -13.577285 -1.377768 109.577358 0.711525 0.158413 0.684571 0.358057 0.756534 -0.547221 0.604589 -0.634477 -0.481572
-0.905990 -10.142471 23.063727 -205.686154 0.706868 0.287061 0.646478 0.684285 -0.046050 -0.727759 0.179141 -0.956805 0.228983
-0.663393 -6.971067 15.196183 -139.443818 0.747767 0.263104 0.609607 0.658183 -0.172867 -0.732743 0.087407 -0.949154 0.302435
4.480305 -5.324494 -14.465414 -4.899271 0.619962 0.774912 -0.123120 -0.587566 0.354509 -0.727385 0.520013 -0.523292 -0.675094
-0.535836 -5.121571 -116.537823 -0.694661 0.563152 0.675040 -0.476635 0.715308 -0.109414 0.690190 0.413755 -0.729623 -0.544478
1.703303 -2.215118 -11.619824 -38.498594 0.595484 0.781196 -0.187436 -0.314828 0.012270 -0.949069 0.739109 -0.624165 -0.253249
0.891645 -2.531814 -52.741551 -39.114774 0.629862 0.709673 -0.315655 -0.390823 -0.061625 -0.918401 0.671216 -0.701831 -0.238541
1.003127 -10.913360 -4.987700 -207.610202 -0.501227 -0.641717 -0.580492 -0.187950 0.735565 -0.650860 0.844657 -0.217125 -0.489296
1.556221 -8.803016 29.495375 -71.313870 0.449728 0.698508 0.556624 -0.139258 0.670420 -0.728796 0.882242 -0.250246 -0.398780
0.643361 -11.799472 -9.770541 -146.857816 -0.454662 -0.682640 -0.572088 -0.292039 0.721067 -0.628312 0.841425 -0.118598 -0.527200
-0.240786 -15.710790 6.719680 9.481858 0.450616 0.669639 0.590363 -0.314614 -0.499758 0.807007 -0.835442 0.549387 0.014521
-0.522820 -15.224878 -10.517941 -37.043403 0.436390 0.670285 0.600235 -0.338699 -0.495661 0.799752 -0.833575 0.552302 -0.010723
-0.367209 -17.189848 -1.199373 110.872558 0.458126 0.647087 0.609425 -0.546562 -0.335614 0.767224 -0.700992 0.684574 -0.199920
-0.296625 -17.128755 -1.534033 29.520616 0.438640 0.680353 0.587124 -0.542219 -0.320644 0.776651 -0.716654 0.659020 -0.228253
-0.055347 -32.052436 8.815627 -373.509111 -0.327830 -0.583453 -0.743041 0.944053 -0.172405 -0.281141 0.035929 -0.793636 0.607330
-0.492827 -26.831914 -11.252617 -193.858350 -0.261700 -0.561575 -0.784950 0.961729 -0.083317 -0.261030 0.081189 -0.823220 0.561887
1.260955 -21.370643 -11.059166 -259.056169 0.603524 0.266823 0.751375 -0.201460 0.962800 -0.180085 -0.771475 -0.042686 0.634827
0.886676 -20.070529 -16.412183 -224.953729 0.541320 0.256254 0.800816 -0.245205 0.959138 -0.141168 -0.804269 -0.119947 0.582035
1.101600 -17.113065 -5.558890 -114.054104 0.550860 0.304917 0.776903 -0.346691 0.930358 -0.119325 -0.759183 -0.203614 0.618210
1.023441 -15.682583 16.044927 -58.034954 0.593309 0.309083 0.743271 -0.328571 0.935913 -0.126913 -0.734864 -0.168919 0.656842
0.045666 -35.670524 50.295501 -1011.732711 0.703195 0.167978 0.690869 -0.685045 0.420206 0.595098 0.190344 0.891746 -0.410559
1.889022 -73.942850 21.082273 -1985.990084 0.721205 0.199444 0.663389 -0.678052 0.007208 0.734979 -0.141806 0.979883 -0.140432
1.239796 -45.757694 23.315551 432.533844 0.699171 0.193745 0.688203 -0.459578 -0.615573 0.640201 -0.547675 0.763893 0.341350
0.795089 -3.529124 4.852079 12.984706 -0.582902 -0.389066 -0.713339 0.773701 0.002419 -0.633546 0.248217 -0.921207 0.299611
0.564577 -3.087735 -1.956873 15.233447 -0.565195 -0.380492 -0.731970 0.761940 0.099353 -0.639981 0.316231 -0.919432 0.233759
0.695466 -3.486771 2.252506 15.015984 -0.541959 -0.378409 -0.750392 0.807885 0.011397 -0.589230 0.231522 -0.925568 0.299534
-4.732247 -7.013838 -1.580871 41.086521 0.228031 0.779107 0.583947 0.050328 0.589514 -0.806189 0.972352 -0.213225 -0.095217
0.044787 -5.403534 -40.841258 -36.999506 0.587919 0.723160 0.362478 -0.720503 0.671847 -0.171749 0.367732 0.160192 -0.916031
0.333068 -3.300324 -21.861063 9.992942 -0.495087 -0.582794 -0.644391 -0.575786 0.775497 -0.258989 0.650660 0.242810 -0.719503
0.386484 -3.469467 -20.720098 8.441569 -0.460830 -0.623139 -0.631929 -0.533653 0.763497 -0.363714 0.709120 0.169620 -0.684382
0.451357 -8.662227 5.237240 -67.087508 -0.162813 0.463046 -0.871252 -0.661106 0.604295 0.444709 0.732414 0.648395 0.207736
0.179826 -6.141981 4.808315 8.500736 0.415472 0.424513 0.804470 -0.138600 0.903634 -0.405261 -0.898984 0.056875 0.434272
0.063003 -5.895215 -1.723280 28.761114 0.492836 0.561721 0.664517 0.820420 -0.045567 -0.569943 -0.289869 0.826071 -0.483304
0.018199 -5.558980 3.118092 27.026711 0.510778 0.555508 0.656137 0.812761 -0.063251 -0.579154 -0.280223 0.829102 -0.483803
-0.066708 -6.280867 2.149738 15.585772 0.472330 0.552493 0.686772 0.771958 0.116770 -0.624856 -0.425423 0.825298 -0.371347
0.134199 -4.888305 3.191811 24.616547 0.552573 0.552633 0.623907 0.818703 -0.219637 -0.530551 -0.156167 0.803963 -0.573808
-0.098782 -5.960548 -0.808637 16.135076 0.481825 0.563799 0.670802 0.758613 0.114763 -0.641355 -0.438579 0.817900 -0.372410
0.054870 -5.310787 4.135305 24.838040 0.522546 0.555879 0.646486 0.808668 -0.082846 -0.582402 -0.270186 0.827125 -0.492812
-0.366904 -14.540909 -0.681268 -8.172791 -0.657243 -0.444887 -0.608365 -0.106839 0.854038 -0.509121 0.746068 -0.269619 -0.608842
