14140
28267
-3.273642 -4.268748 -10.231384 31.732845 -0.461238 -0.858150 -0.225474 0.880744 -0.412034 -0.233490 0.107466 -0.306280 0.945856
-3.410539 -4.831238 -9.316954 25.191570 -0.387037 -0.893034 -0.229548 0.922057 -0.373898 -0.100053 0.003523 -0.250381 0.968141
-3.615738 -5.628500 10.726882 75.785449 0.257408 -0.905275 -0.337963 0.964835 0.260056 0.038271 0.053244 -0.335930 0.940381
-2.918577 -4.532157 3.422690 23.414278 -0.652011 -0.752400 -0.093684 0.754471 -0.631570 -0.178584 0.075198 -0.187120 0.979455
-2.938691 -3.815627 5.834115 42.831623 -0.257010 -0.906674 -0.334496 0.951503 -0.176849 -0.251727 0.169079 -0.382971 0.908155
-2.522768 -3.767549 0.789834 16.275397 0.796022 0.604160 0.036595 0.577574 -0.740131 -0.344405 0.180990 -0.295290 0.938108
-3.866855 -5.721388 -0.076611 3.283734 -0.621007 -0.773690 0.125518 0.747865 -0.536949 0.390363 -0.234623 0.336289 0.912065
-3.691280 -5.332305 10.614235 13.990154 0.719599 0.664267 -0.202302 0.692832 -0.667335 0.273218 -0.046487 0.336769 0.940439
-3.753983 -5.597242 -10.834754 3.782307 -0.677382 -0.690593 0.253446 0.717710 -0.544834 0.433645 -0.161386 0.475645 0.864706
-3.637631 -5.370549 0.840919 15.404946 -0.645429 -0.760180 0.074479 0.759040 -0.627440 0.173718 -0.085326 0.168655 0.981975
-3.884350 -5.716512 -8.300457 -1.660877 -0.652256 -0.718800 0.240602 0.705355 -0.459339 0.539891 -0.277555 0.521857 0.806616
-3.797370 -5.691253 -9.867647 -7.506902 0.498783 0.865587 -0.044428 0.786775 -0.430674 0.442159 -0.363594 0.255496 0.895835
-3.654483 -5.606815 -8.667221 8.046139 0.515742 0.856645 -0.012990 0.825711 -0.492960 0.274212 -0.228499 0.152148 0.961582
-3.937057 -5.675284 -5.461860 -5.312893 0.557202 0.823113 -0.109591 0.717551 -0.410861 0.562418 -0.417907 0.392018 0.819558
0.111105 -5.935960 -59.643746 -3.221533 0.566552 0.777146 0.273977 -0.325294 0.516411 -0.792151 0.757102 -0.359671 -0.545374
1.293800 -6.212319 -60.832439 -4.375977 0.545889 0.793497 0.269012 -0.347519 0.506582 -0.789053 0.762388 -0.337249 -0.552293
-0.094341 -5.956983 -52.543629 15.947484 0.526730 0.815351 0.240329 -0.515045 0.531051 -0.672840 0.676228 -0.230625 -0.699663
0.052079 -1.376703 17.145964 -14.310686 -0.086559 -0.838949 -0.537283 0.996021 -0.061403 -0.064585 0.021193 -0.540735 0.840926
-0.317316 -1.053627 2.321966 -12.757122 -0.210304 -0.839215 -0.501489 0.977546 -0.187461 -0.096237 -0.013246 -0.510467 0.859795
-0.021625 -1.058910 24.110682 -8.914100 0.014639 -0.838265 -0.545067 0.999844 0.006880 0.016272 -0.009890 -0.545220 0.838235
0.827093 -1.528469 26.736206 -13.758618 0.006930 -0.838301 -0.545163 0.999395 0.024391 -0.024802 0.034088 -0.544662 0.837963
0.376430 -1.787670 31.069609 -17.102013 -0.079132 -0.824545 -0.560236 0.995030 -0.031261 -0.094536 0.060436 -0.564933 0.822921
-0.278917 -1.884188 8.785928 -15.547782 -0.173511 -0.842005 -0.510804 0.982398 -0.111537 -0.149846 0.069198 -0.527813 0.846537
2.329362 -6.652501 -63.804126 56.467785 0.733675 -0.669070 0.118602 -0.638249 -0.618666 0.458138 0.233151 0.411823 0.880933
2.262897 -7.468090 -60.136054 34.037068 0.747890 -0.657625 0.090501 -0.558115 -0.549112 0.622080 0.359400 0.515757 0.777706
4.215506 -6.952418 -78.647606 54.042454 0.727800 -0.685231 0.027666 -0.624869 -0.645986 0.438454 0.282570 0.336395 0.898328
3.501087 -5.332997 -66.272837 52.634706 0.715125 -0.689249 0.116330 -0.686807 -0.661911 0.300282 0.129969 0.294635 0.946730
4.454383 -4.978635 51.499325 -35.743839 -0.651987 0.757849 0.024022 0.730719 0.636472 -0.246888 0.202394 0.143414 0.968746
5.368824 -6.239319 37.892782 -35.001344 -0.650583 0.744340 0.150664 0.649765 0.648266 -0.396935 0.393125 0.160343 0.905397
5.441410 -7.342504 45.141171 -45.621980 -0.669924 0.724425 0.162515 0.551269 0.631990 -0.544694 0.497298 0.275314 0.822738
-0.130366 -3.314429 -1.420679 -9.281249 0.340155 0.839630 0.423459 0.500322 0.219694 -0.837504 0.796224 -0.496746 0.345355
-0.332823 -3.551284 -5.199619 -19.131803 0.342275 0.826339 0.447226 0.594660 0.178012 -0.784023 0.727480 -0.534299 0.430462
-0.213939 -3.294416 -4.779406 -5.031761 0.351619 0.823346 0.445494 0.478216 0.251128 -0.841572 0.804782 -0.508955 0.305436
-0.171632 -3.781432 -0.064126 13.548787 0.325569 0.836188 0.441355 0.369653 0.317071 -0.873397 0.870265 -0.447499 0.205871
0.061396 -4.103606 0.317346 -1.049594 0.282017 0.784122 0.552828 0.052153 0.562836 -0.824922 0.957991 -0.261473 -0.117835
0.023307 -3.823841 1.406201 3.430011 0.277572 0.780608 0.560004 0.128926 0.547370 -0.826901 0.952015 -0.301724 -0.051294
0.023716 -4.091853 -0.681506 -4.927297 0.288637 0.782239 0.552079 0.089684 0.551996 -0.829010 0.953229 -0.288795 -0.089172
0.083533 -3.920682 1.567620 -5.238017 0.290128 0.786780 0.544796 0.078597 0.547769 -0.832930 0.953755 -0.284475 -0.097085
0.007605 -4.334734 -0.682077 -5.892783 0.286554 0.792474 0.538398 -0.052847 0.574183 -0.817019 0.956606 -0.205667 -0.206414
0.224355 -12.049160 3.474186 -15.731896 0.294699 0.830148 0.473294 -0.769088 0.500005 -0.398120 0.567148 0.246679 -0.785807
0.197821 -13.034841 1.072343 7.989140 0.254605 0.848632 0.463681 0.897496 -0.385909 0.213482 0.360106 0.361798 -0.859899
0.379949 -11.625402 3.664851 16.192666 0.233896 0.856263 0.460550 0.929459 -0.335923 0.152519 0.285306 0.392389 -0.874432
-0.045780 -13.526827 0.775432 -19.161274 0.314540 0.804371 0.504035 -0.672099 0.563686 -0.480147 0.670334 0.187736 -0.717919
0.268007 -11.275826 3.281984 7.465214 0.308219 0.821177 0.480281 -0.663184 0.547433 -0.510395 0.682047 0.161202 -0.713321
0.119319 -11.941319 8.022529 -5.258406 0.323635 0.797229 0.509595 -0.527586 0.599131 -0.602242 0.785438 0.073949 -0.614507
0.336184 -6.951850 1.359928 -4.146665 0.095891 0.793759 0.600626 0.558455 -0.542394 0.627644 -0.823974 -0.275237 0.495290
0.219524 -6.333564 -6.462330 -19.509962 0.056778 0.785189 0.616648 0.408641 -0.581815 0.703210 -0.910928 -0.212061 0.353894
0.231113 -6.326992 -1.176528 -29.567488 0.064120 0.812204 0.579839 0.326662 -0.566107 0.756845 -0.942964 -0.140883 0.301615
0.362589 -7.356277 7.359641 14.260308 0.110956 0.812858 0.571796 0.621829 -0.505595 0.598082 -0.775253 -0.289198 0.561558
0.491913 -7.289049 6.140376 20.572790 0.131590 0.792482 0.595530 0.731717 -0.482950 0.480988 -0.668785 -0.372466 0.643425
0.312382 -6.887083 6.122142 -26.881506 0.093969 0.824312 0.558283 0.426116 -0.540105 0.725749 -0.899775 -0.169695 0.402005
0.455385 -6.923689 -0.396794 15.199963 0.118792 0.771480 0.625066 0.735786 -0.491102 0.466303 -0.666714 -0.404521 0.625983
1.541155 -5.336868 4.294019 -31.186757 -0.008376 0.773075 0.634260 0.089978 -0.631126 0.770444 -0.995909 -0.063523 0.064273
1.439132 -4.976911 -4.885275 6.898114 -0.028945 0.774544 0.631858 -0.025457 -0.632489 0.774151 -0.999257 -0.006322 -0.038025
1.298201 -5.127200 -2.795101 9.046356 0.000886 0.779725 0.626122 -0.027894 -0.625859 0.779437 -0.999610 0.018156 -0.021195
1.268453 -4.718640 0.571376 5.779991 0.019953 0.777904 0.628066 0.034925 -0.628350 0.777147 -0.999191 -0.006429 0.039706
0.646269 -6.776941 4.812029 7.174937 0.158855 0.773118 0.614047 0.808911 -0.458506 0.368017 -0.566064 -0.438247 0.698220
0.551815 -7.520107 -2.997273 20.661664 0.137683 0.767934 0.625556 0.856052 -0.409944 0.314834 -0.498215 -0.492162 0.713834
-0.125267 -5.643435 -11.402239 -11.959037 -0.285194 0.911960 0.294945 0.864278 0.111657 0.490465 -0.414352 -0.394792 0.820031
-1.191029 -6.088046 17.657813 -15.856126 0.219565 -0.920718 -0.322598 0.938335 0.108784 0.328167 -0.267056 -0.374759 0.887827
-1.174860 -5.373059 18.368303 -30.261084 0.328453 -0.911256 -0.248459 0.872026 0.191497 0.450444 -0.362890 -0.364612 0.857536
-0.424063 -4.563132 -2.443890 -18.928745 -0.546297 0.831494 0.100882 0.679199 0.369283 0.634286 -0.490152 -0.415027 0.766488
-1.366903 -4.390669 -11.097997 -19.481986 -0.578428 0.812899 0.067940 0.713727 0.464009 0.524680 -0.394987 -0.351980 0.848584
-0.893445 -22.399742 11.270936 342.713035 0.287611 0.946042 -0.149280 0.683269 -0.311900 -0.660198 0.671136 -0.087882 0.736107
-0.648119 -17.605085 3.467498 266.579720 0.263095 0.953994 -0.143790 0.458142 -0.254705 -0.851605 0.849051 -0.158177 0.504076
-0.418745 -20.081920 7.367621 216.242616 0.261677 0.954805 -0.140968 0.767172 -0.294393 -0.569895 0.585638 -0.040981 0.809536
-0.556780 -19.764565 13.981837 56.112373 0.268048 0.953060 -0.140810 0.921966 -0.296169 -0.249523 0.279514 0.062938 0.958077
1.450302 -9.715298 -63.796202 25.304639 -0.154230 0.944725 0.289322 0.771044 -0.068022 0.633138 -0.617822 -0.320729 0.717934
2.195597 -8.673669 -64.638911 72.629947 -0.117131 0.953627 0.277263 0.658360 -0.134461 0.740596 -0.743534 -0.269286 0.612080
3.291061 -8.028685 -82.921042 -16.878025 -0.167711 0.963462 0.208840 0.751868 -0.012010 0.659204 -0.637626 -0.267576 0.722382
2.230380 -1.887204 7.548732 -86.896165 -0.454842 0.879146 0.142197 -0.750021 -0.464238 0.471117 -0.480194 -0.107633 -0.870533
2.227540 -1.906725 -66.440241 -72.356559 -0.617383 0.782476 0.081057 -0.672272 -0.578308 0.462180 -0.408520 -0.230850 -0.883074
1.478228 -1.323038 2.823448 22.492631 -0.527985 0.812882 0.245877 -0.625629 -0.568084 0.534668 -0.574301 -0.128469 -0.808501
0.788306 -1.938934 72.214112 6.509142 -0.295668 0.923225 0.245431 -0.721744 -0.384198 0.575741 -0.625833 0.006911 -0.779927
-0.185854 -20.216897 -2.926427 685.984460 -0.026172 0.999629 -0.007513 -0.705448 -0.013144 0.708640 -0.708278 -0.023847 -0.705530
-0.645675 -11.309863 -49.548625 374.615326 -0.109923 0.991755 -0.065874 -0.744397 -0.038227 0.666643 -0.658628 -0.122316 -0.742461
7.833224 -1097.040068 307.249871 -172826.908441 0.347261 0.904379 0.248010 0.871784 -0.408782 0.269980 -0.345546 -0.122458 0.930377
-42.043903 -2330.414260 -908.601259 24128.590639 0.234218 0.959127 0.158799 -0.365152 -0.064593 0.928704 -0.901003 0.275505 -0.335099
57.523257 -2462.392189 2562.870812 271562.421124 0.369921 0.917160 0.148239 -0.403836 0.015037 0.914708 -0.836705 0.398234 -0.375945
-26.512447 -3345.988499 -485.213348 42624.046244 0.389785 0.904893 0.170988 -0.852284 0.424798 -0.305219 0.348826 0.026761 -0.936805
-110.334357 -2482.378684 2553.897768 -52525.581489 0.362292 0.891166 0.273071 0.843579 -0.438104 0.310547 -0.396382 -0.117848 0.910491
-62.742190 -4870.339772 590.762610 -75332.046635 0.384102 0.909976 0.156236 -0.833647 0.414542 -0.364949 0.396861 -0.009932 -0.917825
-53.124517 -284.110317 1097.645822 28372.836142 0.365728 0.926986 0.083302 0.930716 -0.363937 -0.036300 -0.003332 0.090807 -0.995863
-116.400738 -285.074343 -23051.162389 5650.457144 0.438600 -0.200753 0.875973 0.190667 0.973327 0.127597 -0.878223 0.111055 0.465178
1.457017 -2.999960 -46.387955 14.047167 -0.257870 -0.537953 -0.802564 0.267742 0.758339 -0.594337 0.928341 -0.368142 -0.051521
-0.279739 -2.980208 -5.489047 22.291444 -0.325308 -0.667560 -0.669730 0.081634 0.685783 -0.723213 0.942078 -0.289940 -0.168595
1.062380 -2.775062 -51.563020 16.171059 -0.240798 -0.445178 -0.862457 0.211395 0.843215 -0.494268 0.947274 -0.301338 -0.108936
1.180754 -0.726325 -11.128139 4.840052 0.612859 -0.461627 0.641331 0.313846 0.887053 0.338583 -0.725193 -0.006225 0.688517
1.094702 -0.978028 -26.282204 -0.066252 0.517053 -0.553238 0.653134 0.346749 0.833015 0.431104 -0.782574 0.003570 0.622548
0.530126 -1.077173 22.650417 -6.118352 -0.399310 0.740984 -0.539902 0.494699 0.669943 0.553579 -0.771896 0.046039 0.634079
0.269716 -4.856404 -6.446479 -5.662181 0.089144 0.930731 0.354674 0.937757 0.041574 -0.344796 -0.335657 0.363334 -0.869093
0.076143 -4.904469 -6.536642 -14.117150 0.103232 0.931178 0.349644 0.973611 -0.022668 -0.227087 -0.203532 0.363860 -0.908945
0.319714 -4.926139 -4.995496 -6.648117 0.121598 0.927767 0.352793 0.944209 0.001483 -0.329342 -0.306076 0.373158 -0.875826
0.410473 -4.658761 -4.273244 -2.042603 0.099268 0.927760 0.359733 -0.897970 -0.072235 0.434088 -0.428715 0.366120 -0.825930
1.214524 -20.793360 20.688082 130.032856 -0.310090 -0.741259 -0.595297 0.846186 -0.500626 0.182598 -0.433374 -0.447111 0.782482
0.926042 -18.252948 14.639433 208.530927 -0.336838 -0.725441 -0.600230 0.939114 -0.304795 -0.158636 -0.067866 -0.617119 0.783938
0.719493 -17.043456 4.837289 66.175604 -0.328437 -0.741338 -0.585275 0.895709 -0.441091 0.056065 -0.299722 -0.505823 0.808894
0.988487 -17.833868 -7.634834 58.163129 0.295154 0.760270 0.578682 0.773845 -0.545460 0.321928 -0.560400 -0.352792 0.749326
-0.382668 -82.571543 -62.898337 2044.976183 -0.629482 -0.376239 0.679851 0.336965 0.656213 0.675158 -0.700148 0.654086 -0.286295
-1.629626 -39.422043 2.313774 71.680651 -0.603768 -0.356166 0.713169 0.024712 0.885845 0.463323 -0.796777 0.297363 -0.526043
4.574922 -155.496824 627.013929 3290.873899 -0.416964 -0.093474 0.904104 0.525885 0.786491 0.323848 -0.741341 0.610487 -0.278782
0.386463 -65.481007 9.486674 1470.876370 -0.468975 -0.361741 0.805733 0.708409 0.390758 0.587762 -0.527465 0.846435 0.073005
0.779791 -5.712716 8.165646 -22.259170 0.524886 0.300249 -0.796458 0.786625 -0.528548 0.319153 -0.325141 -0.794033 -0.513610
1.120346 -5.134364 1.430303 43.528440 0.543195 0.250878 -0.801249 0.742357 -0.589327 0.318747 -0.392231 -0.767955 -0.506360
0.881301 -7.318254 4.518319 -101.833198 0.415231 0.322862 -0.850496 0.851214 -0.467741 0.238019 -0.320965 -0.822787 -0.469045
0.972293 -7.700942 10.679728 125.621304 0.612850 0.286350 -0.736491 0.704227 -0.620696 0.344674 -0.358439 -0.729891 -0.582049
-0.124421 -2.187021 -0.280891 -5.098262 -0.229249 -0.816719 -0.529543 0.957702 -0.092046 -0.272643 0.173930 -0.569647 0.803275
-0.113042 -2.107018 3.577326 -6.354719 -0.169170 -0.815306 -0.553766 0.974527 -0.054434 -0.217566 0.147239 -0.576466 0.803746
-0.064525 -2.371088 2.561081 -9.290825 -0.203504 -0.815792 -0.541359 0.954177 -0.041353 -0.296372 0.219391 -0.576866 0.786825
-1.466754 -2.671210 -28.755143 -3.788283 0.208127 0.964157 0.164573 -0.920813 0.136404 0.365374 -0.329829 0.227585 -0.916197
-2.338507 -10.645648 -28.049701 257.711846 0.236461 0.966429 0.100505 0.966161 -0.222895 -0.129813 -0.103053 0.127800 -0.986432
-2.065057 -5.293708 15.238119 122.709359 0.326583 0.913433 0.242865 0.918635 -0.246301 -0.308943 -0.222381 0.323999 -0.919549
-0.750446 -2.308937 41.915075 -27.508337 -0.901276 -0.357968 0.244051 -0.252166 0.891491 0.376374 -0.352299 0.277675 -0.893746
-1.317743 -1.896453 -8.156087 47.145465 0.461049 0.883613 0.081626 -0.841585 0.406237 0.355957 -0.281368 0.232809 -0.930931
4.018357 -2.353770 79.179382 2.788486 0.672862 0.456775 0.581904 -0.028272 0.801908 -0.596779 -0.739227 0.385098 0.552487
4.243812 -2.803955 60.424204 24.696781 0.587021 0.563303 0.581460 -0.099183 0.762862 -0.638909 -0.803473 0.317382 0.503686
4.788195 -2.956604 -11.257756 4.469588 0.404806 0.569925 0.715065 -0.066860 0.798357 -0.598461 -0.911955 0.194451 0.361285
3.271531 -2.175299 106.495456 12.122302 0.735460 0.455470 0.501643 -0.065137 0.784456 -0.616755 -0.674430 0.420923 0.606604
2.356669 -1.825823 80.910942 3.799079 0.756966 0.366417 0.541056 0.016268 0.817170 -0.576168 -0.653252 0.444941 0.612608
0.230266 -3.325489 26.554913 -21.860538 0.823754 0.126912 0.552561 0.296854 0.733794 -0.611085 0.483019 -0.667413 -0.566791
-0.589232 -4.002308 -26.261222 -6.273427 -0.810089 -0.117601 -0.574391 0.231086 0.836330 -0.497142 0.538845 -0.535464 -0.650326
2.370049 -3.645142 90.656974 -11.741504 0.675000 -0.038816 0.736796 0.494269 0.765206 -0.412502 0.547789 -0.642614 -0.535700
1.804472 -3.902059 -80.116678 4.766265 -0.663905 0.105560 -0.740329 0.443106 0.853010 -0.275738 0.602401 -0.511108 -0.613092
3.834969 -2.697958 100.222988 -28.717056 0.682242 -0.019996 0.730853 0.553551 0.667158 -0.498479 0.477627 -0.744648 -0.466232
6.449068 -3.267972 -145.611126 -14.477127 -0.605668 0.135010 -0.784180 0.622378 0.694422 -0.361142 0.495794 -0.706789 -0.504616
5.503274 -3.819041 133.201114 1.087947 0.602371 -0.189604 0.775370 0.578528 0.772969 -0.260432 0.549958 -0.605450 -0.575305
2.253042 -1.094458 12.128611 14.065703 0.658364 0.259573 0.706526 -0.154267 0.965262 -0.210880 -0.736721 0.029842 0.675538
1.893565 -1.560329 23.837407 11.212026 0.708445 0.323535 0.627241 -0.203949 0.944669 -0.256914 -0.675656 0.054084 0.735231
2.478466 -1.829986 10.682355 19.087259 0.688493 0.176816 0.703359 -0.143005 0.983882 -0.107354 -0.711004 -0.026671 0.702681
2.056238 -2.038921 19.455713 11.209040 0.720805 0.266805 0.639731 -0.211112 0.963603 -0.164012 -0.660206 -0.016834 0.750896
2.099120 -1.191316 -11.895944 18.803867 0.611848 0.151230 0.776384 -0.097867 0.988484 -0.115419 -0.784898 -0.005363 0.619602
2.414439 -1.946102 -19.750041 24.601427 0.603666 0.058620 0.795079 -0.091362 0.995809 -0.004052 -0.791985 -0.070194 0.606492
2.722645 -2.374828 23.675237 15.001126 0.720741 0.187285 0.667426 -0.194101 0.978822 -0.065058 -0.665475 -0.082658 0.741829
3.200244 -2.623056 0.334438 20.693709 0.665156 0.120064 0.736989 -0.174040 0.984733 -0.003348 -0.726139 -0.126039 0.675897
0.244131 -4.357773 -3.490837 -23.588793 0.174791 0.915703 0.361850 -0.665517 -0.160966 0.728819 -0.725628 0.368209 -0.581280
0.141560 -4.123818 -1.069273 -25.861132 0.177160 0.921303 0.346144 -0.688451 -0.135328 0.712546 -0.703314 0.364538 -0.610297
0.176107 -3.866212 1.037652 -4.736172 0.213468 0.919736 0.329420 -0.742553 -0.066372 0.666490 -0.634859 0.386886 -0.668785
0.266140 -4.027622 -2.810735 -7.686576 0.214495 0.916470 0.337748 -0.723215 -0.083389 0.685570 -0.656469 0.391316 -0.644918
0.269421 -3.913907 -2.653384 12.306754 0.256100 0.918865 0.300165 -0.778414 0.011924 0.627639 -0.573136 0.394391 -0.718311
0.117715 -3.538168 0.924248 6.989183 0.233642 0.924351 0.301640 -0.774891 -0.010377 0.632010 -0.587329 0.381402 -0.713847
0.146214 -3.914850 -0.493083 15.628340 0.274487 0.920493 0.278119 -0.801801 0.059431 0.594629 -0.530823 0.386214 -0.754365
1.450814 -6.481875 -24.197081 -26.162548 0.072013 -0.640698 -0.764409 -0.212848 0.738872 -0.639346 0.974428 0.208744 -0.083163
2.133645 -6.595075 -34.876512 -38.604367 0.038533 -0.638039 -0.769040 -0.359051 0.709372 -0.606526 0.932522 0.299496 -0.201755
2.526886 -5.974345 -29.933008 -17.967631 -0.003135 -0.613688 -0.789542 -0.190777 0.775412 -0.601947 0.981628 0.148740 -0.119508
2.259659 -6.462411 -27.517867 11.625178 0.030316 -0.604310 -0.796172 -0.051241 0.794551 -0.605031 0.998226 0.059139 -0.006878
1.333541 -7.017358 -24.739086 -3.356322 0.108627 -0.645343 -0.756130 -0.022010 0.758883 -0.650855 0.993839 0.087343 0.068231
0.549044 -6.840217 -16.581070 -10.960224 0.123017 -0.671979 -0.730281 -0.217705 0.699673 -0.680487 0.968231 0.242698 -0.060221
-0.065010 -10.829446 -0.641902 -33.082273 -0.011330 0.898165 0.439512 0.945174 0.153081 -0.288464 -0.326370 0.412147 -0.850657
-0.094268 -10.252141 3.031010 -60.601532 0.016013 0.890943 0.453832 0.972728 0.091161 -0.213284 -0.231396 0.444871 -0.865185
0.016653 -11.544795 2.245497 -53.149945 0.014585 0.893376 0.449074 0.998947 0.006516 -0.045406 -0.043491 0.449263 -0.892340
0.052163 -10.209238 -3.671863 -46.710411 -0.020794 0.900822 0.433691 0.976517 0.111337 -0.184439 -0.214432 0.419671 -0.881983
-0.453628 -1.797805 8.953698 17.682460 0.183275 0.964983 0.187666 0.681134 -0.262301 0.683560 -0.708848 -0.002546 0.705356
0.184437 -1.924481 20.930336 12.520277 0.168807 0.977175 0.128967 0.670235 -0.209739 0.711896 -0.722696 0.033734 0.690342
-0.168435 -2.394959 16.393292 10.052493 0.161747 0.976295 0.143824 0.612040 -0.213572 0.761442 -0.774109 0.035135 0.632077
-0.585189 -2.372317 9.302662 10.350882 0.164579 0.970968 0.173592 0.617180 -0.238655 0.749755 -0.769417 0.016257 0.638540
-0.405107 -2.782418 12.557174 4.725878 0.147419 0.979218 0.139280 0.520817 -0.196567 0.830729 -0.840843 0.049926 0.538971
0.351461 -11.236118 -0.566650 11.281700 0.303263 0.806492 0.507545 -0.832262 0.483569 -0.271111 0.464082 0.340192 -0.817862
0.301885 -10.639875 -3.377179 -50.904345 0.296212 0.820566 0.488804 0.939133 -0.343471 0.007484 0.174031 0.456835 -0.872361
0.241334 -11.137237 -2.531210 -28.922997 0.312819 0.813122 0.490894 0.882901 -0.439485 0.165344 0.350185 0.381688 -0.855386
0.220685 -10.418120 -3.668558 6.054276 0.329433 0.807260 0.489698 -0.824389 0.498763 -0.267615 0.460279 0.315541 -0.829806
0.372813 -11.612624 -3.959276 -12.081857 0.327971 0.805799 0.493074 -0.693696 0.559728 -0.453310 0.641264 0.193371 -0.742555
-0.495135 -7.960238 0.882944 -52.910885 -0.044462 0.807901 0.587639 -0.330286 -0.567031 0.754578 -0.942833 0.160539 -0.292049
-0.630960 -7.064960 -9.365015 -34.604749 -0.062859 0.815992 0.574636 -0.429238 -0.541906 0.722560 -0.901001 0.201236 -0.384318
-0.589913 -6.741455 -0.149035 -16.211591 -0.028055 0.830737 0.555957 -0.533014 -0.482943 0.694739 -0.845641 0.276842 -0.456344
-0.394212 -6.856217 4.446639 -33.962659 -0.043508 0.826788 0.560829 -0.444741 -0.518698 0.730176 -0.894602 0.217655 -0.390274
-0.359089 -6.100242 -5.663206 17.549773 -0.046403 0.857545 0.512312 -0.561759 -0.446485 0.696475 -0.825998 0.255478 -0.502452
-1.101659 -7.821467 6.678900 16.847218 0.037332 0.813833 0.579898 0.335679 0.536370 -0.774355 0.941236 -0.223568 0.253164
-1.221130 -7.801057 -2.630812 18.768021 0.109762 0.811067 0.574562 0.200479 0.548110 -0.812025 0.973530 -0.204317 0.102440
-1.107899 -7.297463 3.333290 16.861288 0.054908 0.827910 0.558167 0.121763 0.549286 -0.826715 0.991039 -0.113357 0.070649
-1.233388 -7.282579 -2.371456 15.308363 0.111111 0.827137 0.550907 -0.021415 0.556203 -0.830771 0.993577 -0.080510 -0.079513
-0.697627 -11.132468 2.636957 75.728407 -0.140607 -0.784098 -0.604500 0.990023 -0.117042 -0.078464 -0.009228 -0.609501 0.792732
-0.587302 -11.312215 0.771077 63.819197 -0.115769 -0.785405 -0.608060 0.992822 -0.110015 -0.046921 -0.030043 -0.609127 0.792503
-0.515948 -9.667838 6.381094 70.913799 -0.152155 -0.782795 -0.603391 0.955049 0.040705 -0.293639 0.254420 -0.620947 0.741414
-0.897875 -11.870355 -5.032314 24.120472 -0.136784 -0.786593 -0.602131 0.933918 -0.305064 0.186366 -0.330283 -0.536849 0.776342
-0.524582 -9.944371 -0.612461 96.768570 -0.166419 -0.797652 -0.579703 0.977287 -0.055201 -0.204602 0.131201 -0.600586 0.788722
-0.813107 -11.499781 0.589163 67.099591 -0.155605 -0.786965 -0.597053 0.970948 -0.233081 0.054169 -0.181791 -0.571279 0.800370
0.726141 -3.070060 39.059492 0.093245 0.197446 0.729886 0.654432 0.967279 -0.036552 -0.251068 -0.159330 0.682591 -0.713220
-0.331546 -2.894231 33.684655 -3.737537 0.116932 0.739292 0.663155 0.988341 -0.021064 -0.150790 -0.097509 0.673056 -0.733135
-0.710087 -2.757465 23.036697 1.617731 0.216032 0.749813 0.625388 0.952593 -0.021318 -0.303501 -0.214237 0.661306 -0.718872
0.107144 -2.995171 39.084663 2.279932 0.274329 0.724063 0.632833 0.922670 -0.012754 -0.385379 -0.270967 0.689616 -0.671570
-0.872777 -2.878691 23.342313 6.852151 0.320309 0.743679 0.586808 0.894589 -0.033689 -0.445618 -0.311628 0.667688 -0.676078
-1.281642 -2.642441 4.710299 6.354217 0.317827 0.789846 0.524528 0.895436 -0.068155 -0.439942 -0.311737 0.609507 -0.728918
3.051438 -21.833238 -14.183321 -236.004356 0.578262 0.742757 0.337529 0.516860 -0.013419 -0.855965 0.631244 -0.669427 0.391661
3.706922 -38.215327 -6.061260 -675.766125 0.510939 0.794923 0.327168 0.252951 0.224713 -0.941021 0.821558 -0.563562 0.086261
3.004982 -41.449532 -58.147483 -832.067444 0.629870 0.710142 0.314583 0.229183 0.217061 -0.948873 0.742118 -0.669764 0.026033
2.239300 -20.045078 -40.641219 -219.094392 0.648548 0.687782 0.326102 0.441337 0.009278 -0.897294 0.620168 -0.725858 0.297526
2.303544 -17.611314 38.291749 22.464314 -0.623940 -0.698151 -0.351119 0.639213 -0.197469 -0.743245 0.449562 -0.688179 0.569476
0.573137 -14.912889 3.463991 -126.114680 0.158785 0.821589 0.547520 0.681123 -0.492613 0.541667 -0.714744 -0.286920 0.637823
0.534618 -14.736176 3.603605 -112.740594 0.174867 0.817561 0.548649 0.686161 -0.500823 0.527598 -0.706120 -0.284202 0.648556
0.267414 -14.103668 1.016201 16.173876 -0.149829 -0.810999 -0.565537 0.896376 -0.352785 0.268425 -0.417206 -0.466716 0.779818
-0.816532 -2.978662 1.713707 4.825973 -0.183159 0.823180 0.537426 0.930594 -0.031062 0.364733 0.316934 0.566930 -0.760357
-0.841920 -3.022138 -0.464794 -2.239576 -0.156471 0.836936 0.524457 0.961861 0.008500 0.273405 0.224365 0.547235 -0.806346
-0.781194 -3.002368 -1.397743 -2.918131 -0.193586 0.822211 0.535251 0.961722 0.051184 0.269204 0.193946 0.566876 -0.800647
-0.738757 -2.981889 4.667159 1.792499 -0.191549 0.801684 0.566226 0.944308 -0.006739 0.328993 0.267564 0.597710 -0.755746
-0.674044 -2.879791 8.260980 9.532620 -0.170785 0.794667 0.582526 0.913480 -0.093894 0.395902 0.369306 0.599740 -0.709877
-0.714743 -2.658307 9.970443 10.714677 -0.160644 0.800575 0.577298 0.884352 -0.142991 0.444382 0.438310 0.581922 -0.685019
3.716506 -38.710326 -9.466790 -666.113992 0.298626 0.929990 0.214340 0.384282 -0.322748 0.864963 -0.873585 0.175933 0.453759
3.165337 -29.405136 13.366892 113.908824 0.342581 0.917127 0.203757 0.787441 -0.398596 0.470169 -0.512421 0.000624 0.858734
3.026492 -37.253028 -2.264098 -459.920278 0.210403 0.924496 0.317863 0.652412 -0.374930 0.658625 -0.728072 -0.068801 0.682039
-0.645201 -11.636130 -10.523756 -125.455554 0.756028 0.069777 -0.650809 -0.476505 -0.622995 -0.620339 0.448736 -0.779108 0.437753
-1.227268 -14.182276 -21.437212 -203.161389 0.766281 0.044832 -0.640939 -0.453930 -0.668212 -0.589441 0.454709 -0.742619 0.491688
-1.017554 -9.989499 5.924325 195.276774 0.692204 0.029337 -0.721106 0.385070 0.830051 0.403406 0.610389 -0.556916 0.563267
-0.780635 -13.084232 -25.277839 25.262003 0.786275 0.042675 -0.616401 -0.579827 -0.293715 -0.759955 0.213477 -0.954940 0.206197
-0.154097 -11.712298 -23.974149 -1.163595 0.805889 0.049380 -0.590004 -0.528349 -0.389731 -0.754293 0.267189 -0.919604 0.287990
-4.109543 -5.657291 -22.711004 24.525952 -0.086942 -0.968119 -0.234919 0.989903 -0.110456 0.088839 -0.111954 -0.224823 0.967947
-3.422616 -5.259323 -5.467989 22.632424 -0.443455 -0.878025 -0.180054 0.892313 -0.451403 0.003566 -0.084408 -0.159083 0.983650
-3.378840 -5.459332 14.733758 10.457540 0.757621 0.576409 -0.306207 0.650322 -0.626676 0.429369 -0.055600 0.524432 0.849635
-3.246822 -5.083138 17.003968 15.692675 0.790385 0.539997 -0.289301 0.610365 -0.734543 0.296481 0.052406 0.410913 0.910167
-3.326081 -4.901100 18.242954 10.690876 0.791884 0.555920 -0.252732 0.604612 -0.771890 0.196546 0.085818 0.308446 0.947363
1.418620 -6.323727 -48.422482 14.165657 0.480678 0.843780 0.238713 -0.562361 0.505494 -0.654389 0.672829 -0.180308 -0.717489
0.974394 -7.215530 -29.660169 42.301041 0.709125 -0.691337 0.138542 -0.627580 -0.529312 0.570940 0.321380 0.491814 0.809218
-0.274679 -3.464006 -1.194568 -7.321942 0.334888 0.822511 0.459702 0.554977 0.222094 -0.801670 0.761479 -0.523594 0.382098
-0.285045 -3.435182 -0.028460 0.661840 0.330687 0.829641 0.449825 0.622401 0.166568 -0.764769 0.709410 -0.532871 0.461288
0.078396 -3.734002 -5.115556 -12.307478 0.298066 0.764558 0.571496 0.211588 0.530896 -0.820598 0.930799 -0.365514 0.003529
0.046193 -3.504621 -1.970032 -16.068717 0.281643 0.767904 0.575327 0.249054 0.520544 -0.816705 0.926633 -0.373306 0.044642
0.035355 -3.563430 2.589255 -12.329843 0.285177 0.790631 0.541827 0.230555 0.492118 -0.839443 0.930333 -0.364310 0.041943
0.021783 -3.543284 -3.593319 -21.377576 0.279410 0.747574 0.602547 0.346971 0.506523 -0.789333 0.895288 -0.429614 0.117859
-0.018732 -3.281871 -1.722319 -27.926900 0.284609 0.774991 0.564257 0.350202 0.463866 -0.813749 0.892388 -0.429204 0.139383
1.218010 -6.209964 -7.047986 61.205830 -0.002688 0.869212 0.494432 -0.859631 0.250603 -0.445233 0.510908 0.426225 -0.746528
1.350660 -7.016885 -4.765436 76.216007 -0.010922 0.847443 0.530775 -0.837680 0.282111 -0.467660 0.546052 0.449727 -0.706805
1.420239 -5.636882 -8.098410 -46.593358 -0.060685 0.861150 0.504716 0.899506 -0.172004 0.401627 0.432674 0.478367 -0.764171
1.205070 -5.315291 -14.219340 2.337936 -0.068914 0.891668 0.447413 0.911048 -0.126491 0.392417 0.406499 0.434658 -0.803636
0.991601 -4.876637 -5.960586 31.820302 0.017529 0.890444 0.454755 -0.873385 0.235041 -0.426562 0.486716 0.389699 -0.781820
0.301199 -10.968871 -7.426961 22.934607 0.217520 0.881970 0.418107 0.959931 -0.270847 0.071932 0.176685 0.385707 -0.905545
0.407281 -11.950727 9.857851 7.380378 0.181713 0.860751 0.475487 0.982338 -0.136942 -0.127513 -0.044643 0.490259 -0.870433
0.381468 -11.387145 -2.918928 -5.209518 0.163881 0.892223 0.420810 0.964954 -0.056362 -0.256294 -0.204953 0.448064 -0.870191
0.178137 -10.620653 -24.547561 19.179499 0.163461 0.918713 0.359508 0.981385 -0.114184 -0.154420 -0.100818 0.378058 -0.920276
0.213552 -9.598149 -17.124396 23.069743 0.204706 0.904812 0.373378 0.968832 -0.241660 0.054452 0.139499 0.350594 -0.926080
0.171810 -9.524842 -14.725053 -22.944878 0.259235 0.882845 0.391640 -0.884829 0.379636 -0.270098 0.387136 0.276516 -0.879582
0.109873 -5.724541 -3.937124 -27.891452 0.056700 0.806473 0.588545 0.229307 -0.584254 0.778502 -0.971701 -0.090816 0.218057
2.143751 -4.328297 44.222822 -25.450072 0.316086 0.885500 0.340556 0.947811 -0.278937 -0.154429 -0.041754 0.371596 -0.927455
1.766107 -4.114015 44.997939 -10.335368 0.271157 0.890426 0.365534 0.956847 -0.208133 -0.202793 -0.104492 0.404748 -0.908438
3.425618 -3.950634 59.166777 -24.367102 0.307775 0.901998 0.302776 0.945340 -0.253868 -0.204652 -0.107731 0.349213 -0.930830
0.389494 -7.851241 4.240298 11.923488 0.111383 0.804635 0.583229 0.724957 -0.467207 0.506118 -0.679729 -0.366443 0.635365
-0.758139 -6.792206 17.788181 -19.881916 0.125881 -0.916453 -0.379827 0.966154 0.026352 0.256617 -0.225168 -0.399274 0.888752
-1.527913 -6.531213 16.786594 -21.050328 0.150977 -0.927299 -0.342522 0.982838 0.103655 0.152596 -0.105998 -0.359682 0.927035
-0.364213 -6.225244 0.746307 -16.833602 0.158662 0.987110 0.020992 0.003603 0.020682 -0.999780 0.987326 -0.158702 0.000275
-0.100477 -7.617425 10.664195 92.850977 0.123918 0.991323 -0.043845 0.117660 -0.058553 -0.991326 0.985292 -0.117684 0.123895
-0.505079 -6.076450 -1.927565 70.512301 0.171926 0.984003 -0.046693 0.041649 -0.054617 -0.997638 0.984229 -0.169575 0.050373
-0.067180 -6.517387 9.623266 -4.687694 0.123800 0.992060 0.022155 0.056305 0.015268 -0.998297 0.990708 -0.124837 0.053968
-0.576427 -5.787997 -0.841390 -44.786885 0.160429 0.986220 0.040416 0.001811 0.040652 -0.999172 0.987046 -0.160369 -0.004736
-0.683908 -8.212790 6.263599 -104.676713 0.149076 0.985140 0.085292 -0.115892 0.103068 -0.987900 0.982011 -0.137388 -0.129535
-0.166554 -7.656622 5.407532 -79.344043 0.138499 0.985993 0.092934 -0.076325 0.104186 -0.991625 0.987417 -0.130246 -0.089686
1.272371 -9.508065 -43.859125 69.839305 -0.060008 0.946172 0.318053 0.490664 -0.249517 0.834859 -0.869280 -0.206155 0.449280
0.150056 -11.011610 -25.434619 15.316502 -0.028343 0.944495 0.327299 0.281901 -0.306588 0.909140 -0.959025 -0.118034 0.257565
1.245867 -10.111109 -42.109431 59.179601 -0.035988 0.943736 0.328737 0.302495 -0.303232 0.903630 -0.952471 -0.131961 0.274562
1.956654 -10.015046 -47.029558 103.257805 -0.066414 0.953133 0.295172 0.451368 -0.235128 0.860803 -0.889863 -0.190401 0.414598
-0.909130 -1510.723784 719.782310 -39875.254675 0.259736 0.896401 0.359170 0.822252 -0.400333 0.404518 -0.506398 -0.190261 0.841048
-0.970959 -54.578233 -83.547836 1756.610663 0.136528 0.986335 -0.092208 -0.453501 0.144983 0.879384 -0.880737 0.078244 -0.467098
118.722107 -246.045879 -179.531089 16265.493411 0.169905 0.982664 -0.074188 -0.965810 0.151086 -0.210676 0.195815 -0.107447 -0.974737
-0.534540 -2.678642 -11.689970 17.809512 0.352700 0.771996 0.528796 -0.024516 0.572542 -0.819509 0.935415 -0.276076 -0.220862
-0.742321 -2.485313 0.892887 9.000268 -0.330986 -0.682861 -0.651267 -0.004347 0.691264 -0.722589 0.943626 -0.236336 -0.231767
1.530056 -0.829744 6.935782 2.944934 0.712889 -0.345966 0.609998 0.212598 0.935523 0.282133 -0.668275 -0.071446 0.740475
2.022046 -0.925475 -25.216285 -4.483038 0.592217 -0.425127 0.684505 0.229461 0.903299 0.362490 -0.772416 -0.057605 0.632499
0.203242 -4.983789 -2.705890 -16.479932 0.138948 0.923725 0.356968 0.973951 -0.062239 -0.218051 -0.179201 0.377967 -0.908311
-0.064548 -5.147303 -4.585753 -3.335871 0.133920 0.926171 0.352524 0.990988 -0.124124 -0.050361 -0.002886 0.356091 -0.934447
1.503390 -26.412796 24.621203 474.913633 -0.331796 -0.729652 -0.597929 0.918872 -0.393431 -0.029786 -0.213510 -0.559303 0.800996
-0.619545 -23.904799 -22.800082 -116.646968 -0.673633 -0.341466 0.655454 -0.219460 0.939285 0.263784 -0.705731 0.033848 -0.707671
-1.464991 -46.745129 15.456460 -1017.600446 -0.558008 -0.403037 0.725388 -0.465286 0.875760 0.128662 -0.687121 -0.265719 -0.676209
-0.816439 -31.129121 -15.747287 133.626053 -0.658567 -0.385994 0.645987 0.073504 0.821328 0.565700 -0.748924 0.420034 -0.512527
0.881789 -6.933820 -1.396496 -48.864756 0.448674 0.260242 -0.854965 0.803108 -0.537090 0.257976 -0.392057 -0.802377 -0.449981
1.243266 -8.540850 -1.719116 134.691450 0.575821 0.247509 -0.779211 0.664062 -0.697550 0.269158 -0.476920 -0.672431 -0.566025
1.160826 -7.152239 -8.983005 83.035507 0.534969 0.198154 -0.821306 0.686215 -0.668999 0.285568 -0.492866 -0.716363 -0.493870
-0.492110 -2.723194 0.059622 10.976359 -0.539947 -0.676434 -0.500894 0.810504 -0.578359 -0.092649 -0.227025 -0.456002 0.860536
-0.364879 -2.429355 1.916670 15.388129 -0.504840 -0.693580 -0.513890 0.846044 -0.515708 -0.135112 -0.171306 -0.502984 0.847149
-0.406612 -2.300332 2.528036 15.076808 -0.530229 -0.680929 -0.505167 0.835729 -0.520154 -0.176059 -0.142881 -0.515534 0.844873
5.394741 -7.500695 58.411869 52.058124 0.182882 0.238286 0.953821 0.980060 -0.120863 -0.157719 0.077700 0.963645 -0.255638
6.532291 -7.369178 47.298021 20.132352 0.143537 0.371781 0.917157 0.989155 -0.024730 -0.144780 -0.031145 0.927991 -0.371298
5.663905 -6.244741 42.076673 44.770861 0.138872 0.385884 0.912035 0.968445 -0.245378 -0.043641 0.206953 0.889316 -0.407783
4.181918 -6.029151 47.894583 64.810704 0.160918 0.227445 0.960403 0.939177 -0.334421 -0.078163 0.303401 0.914566 -0.267426
3.495553 -7.117731 47.251026 71.130208 0.238476 0.109921 0.964908 0.950652 -0.229476 -0.208811 0.198470 0.967088 -0.159221
4.205449 -7.745174 51.931613 33.269388 0.242533 0.096819 0.965300 0.969816 0.001649 -0.243833 -0.025200 0.995301 -0.093497
4.820109 -3.555827 -23.088312 16.001771 0.312111 0.640687 0.701503 -0.178567 0.764790 -0.619040 -0.933113 0.067944 0.353105
3.961259 -2.990915 56.475068 18.594935 0.550254 0.638034 0.538640 -0.237812 0.738113 -0.631375 -0.800416 0.219322 0.557882
2.661783 -2.322154 92.793290 12.884804 0.696333 0.543136 0.469173 -0.165268 0.757474 -0.631601 -0.698432 0.362265 0.617217
-0.691409 -3.927798 -10.983111 -22.754594 0.885716 0.315459 0.340576 0.023753 0.701884 -0.711895 0.463619 -0.638627 -0.614177
-1.217060 -4.301091 -10.211048 -15.472696 0.882658 0.347840 0.316105 -0.074943 0.768090 -0.635941 0.464003 -0.537629 -0.704029
-1.661083 -4.453271 -8.585845 0.694873 -0.853581 -0.273051 -0.443669 -0.013585 0.863014 -0.504997 0.520782 -0.425028 -0.740362
-1.534874 -4.378726 -16.244876 6.063167 -0.824093 -0.212196 -0.525207 0.056474 0.891788 -0.448916 0.563632 -0.399609 -0.722933
-0.453845 -3.969597 -37.043127 11.378493 -0.768699 -0.045426 -0.637996 0.217897 0.919210 -0.327985 0.601351 -0.391139 -0.696697
2.098231 -1.032147 18.864338 4.790175 0.652668 0.399690 0.643640 -0.232388 0.914188 -0.332047 -0.721124 0.067142 0.689544
1.507488 -1.469250 25.101975 -0.324481 0.669394 0.497172 0.552024 -0.298301 0.860404 -0.413185 -0.680388 0.111914 0.724257
0.979548 -1.958666 22.332494 -0.591319 0.677078 0.534643 0.505689 -0.337753 0.836276 -0.431932 -0.653825 0.121654 0.746802
1.219880 -2.188991 23.478534 5.759665 0.722474 0.393578 0.568443 -0.285022 0.918595 -0.273762 -0.629916 0.035767 0.775839
0.114359 -4.745903 -1.554477 -39.907056 0.164961 0.918489 0.359397 -0.616660 -0.188338 0.764368 -0.769752 0.347717 -0.535327
0.114613 -4.248567 2.083405 -33.063561 0.180389 0.919241 0.349936 -0.666074 -0.147619 0.731132 -0.723744 0.364972 -0.585654
2.765387 -6.089476 -21.502895 -40.938578 -0.080015 -0.647984 -0.757439 -0.345343 0.730835 -0.588743 0.935059 0.214468 -0.282254
-0.220282 -9.487313 -7.063987 15.783366 -0.022915 0.895754 0.443960 -0.901965 -0.210060 0.377272 -0.431201 0.391791 -0.812752
-0.244933 -9.338034 -3.668022 31.150566 -0.008897 0.895790 0.444389 -0.892742 -0.207320 0.400037 -0.450480 0.393166 -0.801554
-0.144138 -1.437962 13.353270 23.031700 0.189777 0.966166 0.174668 0.716420 -0.257914 0.648246 -0.671362 -0.002113 0.741126
0.443679 -1.209459 23.003711 22.204418 0.136632 0.982943 0.123108 0.733288 -0.183911 0.654573 -0.666049 -0.000838 0.745908
-0.123081 -9.468927 2.023662 183.994193 -0.217754 -0.803771 -0.553656 0.937225 -0.013888 -0.348450 0.272385 -0.594776 0.756338
0.011782 -11.315279 2.403761 172.232622 -0.209317 -0.799792 -0.562600 0.969740 -0.095846 -0.224539 0.125661 -0.592576 0.795653
-0.116404 -14.845438 -6.231556 234.573702 -0.204757 -0.818731 -0.536427 0.978681 -0.180253 -0.098452 -0.016087 -0.545149 0.838185
0.187886 -14.153569 2.665485 185.059741 -0.187467 -0.807251 -0.559645 0.971625 -0.236050 0.015016 -0.144226 -0.540950 0.828597
-0.391882 -11.241978 -10.475946 136.381851 -0.200694 -0.817365 -0.540034 0.977185 -0.127917 -0.169546 0.069502 -0.561740 0.824389
-0.251836 -9.825753 -10.561755 165.814672 -0.220601 -0.822980 -0.523488 0.935272 -0.026188 -0.352960 0.276769 -0.567467 0.775487
-0.321393 -12.458389 -5.936261 105.578436 -0.196306 -0.807709 -0.555941 0.962784 -0.266194 0.046781 -0.185773 -0.526067 0.829905
-0.560588 -8.504480 -5.126968 -54.768542 -0.065358 0.804115 0.590871 -0.182035 -0.591809 0.785255 -0.981118 0.056236 -0.185057
-0.982020 -9.800435 -12.015696 7.195614 0.234526 0.743250 0.626560 0.485159 0.469036 -0.737988 0.842389 -0.477058 0.250593
-0.588202 -9.715870 -11.829489 20.253145 0.245248 0.752977 0.610638 0.272791 0.550825 -0.788782 0.930289 -0.360024 0.070316
-0.977486 -9.055119 -9.529950 28.396759 0.229110 0.771831 0.593115 0.185794 0.563446 -0.804991 0.955505 -0.294629 0.014310
-1.203448 -7.954915 -1.382605 20.083104 0.160412 0.805028 0.571137 0.029664 0.574437 -0.818011 0.986604 -0.148161 -0.068266
-1.224252 -8.555065 -2.421727 15.785885 0.163721 0.788327 0.593073 0.289619 0.536284 -0.792793 0.943036 -0.301562 0.140514
-0.296533 -10.284219 3.631762 67.475822 -0.130508 -0.783752 -0.607207 0.962296 0.047286 -0.267862 0.238650 -0.619271 0.748031
-0.729176 -11.282942 0.292467 13.765775 -0.097081 -0.781998 -0.615674 0.949892 -0.257470 0.177243 -0.297121 -0.567616 0.767809
-0.165856 -11.409216 16.377734 -8.973279 -0.101801 -0.757132 -0.645281 0.952211 -0.261934 0.157114 -0.287977 -0.598449 0.747615
0.018703 -2.981024 34.013543 -2.256803 0.072170 0.741176 0.667421 0.997342 -0.060359 -0.040816 0.010033 0.668592 -0.743562
0.782166 -3.100969 39.029453 -4.224842 0.128968 0.728876 0.672389 0.990464 -0.061544 -0.123261 -0.048461 0.681873 -0.729863
0.884973 -3.067340 33.983258 2.179465 0.087706 0.737934 0.669150 0.993851 -0.110401 -0.008515 0.067591 0.665782 -0.743079
0.099441 -2.972590 27.680875 -0.014006 0.012208 0.747250 0.664431 0.993234 -0.085804 0.078250 0.115483 0.658980 -0.743242
-0.769565 -2.898291 -0.165803 -6.736790 -0.140524 0.837088 0.528712 0.983657 0.057325 0.170681 0.112567 0.544056 -0.831463
-0.283329 -4.259260 0.191163 12.004229 -0.016802 -0.759573 -0.650205 0.974718 -0.157352 0.158632 -0.222804 -0.631102 0.743013
-0.316657 -5.423299 0.146548 68.394359 0.009789 -0.768241 -0.640086 0.961039 -0.169605 0.218260 -0.276239 -0.617284 0.736649
-0.229714 -5.880324 0.051120 76.599765 0.026987 -0.760105 -0.649240 0.954026 -0.174360 0.243790 -0.298507 -0.625971 0.720454
-1.715595 -13.875848 -16.972800 301.373192 0.716177 0.078021 -0.693544 0.291099 0.869772 0.398444 0.634312 -0.487247 0.600199
-2.366327 -18.026941 -31.269606 -311.124457 0.774064 0.132897 -0.619002 -0.387391 -0.673899 -0.629117 0.500753 -0.726773 0.470158
-2.062023 -15.142555 -40.531559 26.224576 0.777366 0.045115 -0.627429 -0.586310 -0.309412 -0.748669 0.227910 -0.949857 0.214075
-0.170016 -1.436269 -3.501907 -8.390603 0.126909 0.919778 0.371353 0.051740 -0.380009 0.923534 -0.990564 0.097991 0.095816
