18006
35992
-4.539468 -7.444915 3.895058 79.453264 0.960256 0.139495 -0.241763 0.017594 0.834189 0.551199 -0.278566 0.533545 -0.798580
-5.830080 -8.594325 17.453762 72.279410 0.911781 -0.147707 -0.383194 0.294151 0.886024 0.358381 -0.286583 0.439482 -0.851308
-7.577546 -9.046336 109.158546 184.692483 0.738244 -0.422369 -0.525928 0.605110 0.759208 0.239677 -0.298057 0.495184 -0.816061
-4.686502 -7.171503 -48.652947 58.350581 0.972498 0.198990 -0.121037 -0.107805 0.845230 0.523415 -0.206459 0.495972 -0.843437
-6.001324 -6.884047 78.749002 112.473275 0.952357 0.092805 -0.290524 0.111303 0.781120 0.614381 -0.283951 0.617446 -0.733575
-4.083319 -6.706195 -13.286905 63.032118 0.947262 0.313985 -0.064092 -0.207056 0.752328 0.625405 -0.244586 0.579152 -0.777664
5.103489 -1.221244 -49.341262 -102.684268 0.738760 0.031451 -0.673235 0.673956 -0.028286 0.738230 -0.004175 0.999105 0.042093
5.236663 -4.606298 -69.672094 -58.571729 0.893997 0.063976 -0.443482 0.448071 -0.130229 0.884462 0.001170 0.989418 0.145090
3.117803 2.165782 -76.275965 -393.008055 0.950010 0.133821 -0.282086 0.292064 -0.061544 0.954417 -0.110360 0.989093 0.097551
14.633162 1.203675 -938.301414 37.302217 0.124638 -0.003890 0.992195 0.986989 0.102857 -0.123581 -0.101573 0.994689 0.016659
7.091914 -2.782579 -129.490325 67.211194 -0.529358 0.038214 0.847538 0.848227 0.043940 0.527807 -0.017071 0.998303 -0.055675
0.680023 -41.292194 988.859475 -2399.465880 0.793281 -0.471981 -0.384630 0.608761 0.603665 0.514781 0.010780 0.642513 -0.766199
-4.631166 -44.169095 -920.029983 -3989.781527 -0.422793 0.562896 0.710207 0.843601 0.530743 0.081547 -0.331035 0.633609 -0.699254
-12.953813 -48.620841 -2035.346802 -3378.230259 -0.677709 0.599459 0.425863 0.734078 0.585325 0.344274 -0.042890 0.545934 -0.836730
2.975648 -4.750810 239.758861 16.373320 0.866565 -0.472771 -0.159855 0.487757 0.870107 0.070760 -0.105638 0.139288 -0.984601
-0.082268 -4.119957 25.721350 -5.092101 0.837449 -0.505293 -0.208228 0.525590 0.849057 0.053460 -0.149784 0.154213 -0.976618
-0.590699 -4.176584 15.149213 21.210088 0.738299 -0.633566 -0.231319 0.665122 0.740818 0.093819 -0.111925 0.223122 -0.968344
2.705048 -4.294149 227.674661 60.874991 0.772146 -0.612201 -0.170295 0.633978 0.760384 0.141024 -0.043155 0.216854 -0.975250
-1.900582 -5.368937 -57.586912 20.369908 0.919381 -0.211191 -0.331868 0.184699 -0.513120 0.838209 0.347310 0.831929 0.432747
-2.029090 -4.759909 -63.813589 27.536191 0.897021 -0.145637 -0.417305 0.236995 -0.638465 0.732254 0.373078 0.755746 0.538201
-2.400511 -5.192925 -24.778337 19.135381 0.867762 -0.194986 -0.457132 0.255028 -0.614769 0.746338 0.426555 0.764225 0.483746
-2.304812 -8.123036 -63.711481 -5.798509 -0.818710 0.084976 0.567885 0.315875 0.892550 0.321834 -0.479518 0.442870 -0.757581
-1.657553 -7.064523 -57.531393 -78.649398 -0.828602 0.042779 0.558201 0.211311 0.947221 0.241081 -0.518426 0.317714 -0.793909
-2.530120 -7.683063 8.887646 -15.807119 -0.812172 -0.062599 0.580050 0.198848 0.904995 0.376089 -0.548486 0.420791 -0.722564
-3.060641 -7.879407 0.158914 21.575459 0.792950 -0.020511 -0.608941 0.338491 0.845839 0.412286 -0.506610 0.533044 -0.677651
-0.384664 -10.963976 14.696833 281.261336 -0.485158 -0.138514 0.863386 0.873105 -0.130999 0.469603 0.048056 0.981658 0.184492
-1.306173 -18.174044 34.809526 505.511495 -0.420983 -0.149856 0.894604 0.899597 0.057352 0.432939 -0.116186 0.987043 0.110665
-0.037053 -13.578039 47.892506 325.534690 -0.401432 -0.173013 0.899399 0.915039 -0.033482 0.401972 -0.039433 0.984350 0.171755
-1.569299 -16.498197 -22.240531 463.322264 -0.520823 -0.106955 0.846938 0.852987 -0.025671 0.521301 -0.034014 0.993932 0.104601
0.444611 -8.503042 17.010830 121.686203 -0.476063 -0.124424 0.870564 0.874536 -0.171069 0.453786 0.092464 0.977371 0.190253
0.344075 -18.321076 -0.435062 -204.794399 0.658124 -0.033844 -0.752148 -0.639578 0.501965 -0.582212 -0.397256 -0.864226 -0.308710
0.453649 -18.028409 1.948449 110.113883 0.658997 -0.016184 -0.751971 0.694199 -0.371722 0.616369 -0.289499 -0.928203 -0.233729
0.436465 -18.068715 -2.678539 -112.157968 0.654104 -0.020950 -0.756114 -0.626517 0.545089 -0.557094 -0.423821 -0.838116 -0.343419
2.444718 -4.810339 1.926352 -23.466675 0.688148 0.038581 -0.724544 0.596942 0.537538 0.595578 -0.412448 0.842356 -0.346875
2.044798 -4.503930 25.455411 -16.864724 0.757774 0.053672 -0.650306 0.546101 0.493315 0.677063 -0.357145 0.868193 -0.344511
1.849907 -4.689519 3.639577 1.976815 0.668823 0.024297 -0.743024 0.649052 0.468267 0.599548 -0.362501 0.883253 -0.297418
1.606392 -4.976275 43.178247 5.819010 -0.593451 -0.014966 0.804731 0.696074 0.492438 0.522480 -0.404100 0.870219 -0.281821
5.623897 -9.584328 76.842949 39.406770 -0.235493 0.564504 0.791125 0.959087 0.003361 0.283092 0.157147 0.825424 -0.542200
4.743896 -10.243643 74.758881 60.417157 -0.264205 0.491140 0.830046 0.954498 0.009735 0.298058 0.138308 0.871026 -0.471364
5.218066 -9.831063 82.834238 54.552291 -0.284505 0.525156 0.802040 0.958234 0.130430 0.254509 0.029047 0.840951 -0.540330
5.105630 -10.315274 98.116929 -59.754318 -0.215252 0.520344 0.826383 0.945835 -0.099506 0.309022 0.243028 0.848139 -0.470741
6.063390 -8.965330 59.081628 45.103857 -0.277583 0.600055 0.750254 0.959180 0.129175 0.251569 0.054041 0.789460 -0.611418
5.684780 -10.061612 54.883349 -76.503039 -0.197029 0.591920 0.781544 0.944176 -0.100121 0.313858 0.264028 0.799754 -0.539150
6.045778 -9.032197 14.984486 13.674311 -0.226584 0.639890 0.734303 0.958028 0.010482 0.286485 0.175622 0.768395 -0.615407
177.890256 -1.438171 8003.415492 85.444537 0.125782 0.944102 0.304714 0.725616 -0.297008 0.620700 -0.676506 -0.143032 0.722414
379.733700 -4.085136 33950.368713 -154.642197 0.164975 0.968278 0.187674 0.652660 -0.249836 0.715273 -0.739471 -0.004485 0.673173
399.173376 -11.726750 -25421.371891 -486.667178 -0.628335 -0.767933 0.124397 0.658296 -0.439649 0.611028 -0.414537 0.465820 0.781774
0.104283 -3.818401 -147.039786 -39.583187 0.831654 0.052950 -0.552763 0.502717 0.351005 0.789981 -0.235852 0.934875 -0.265296
0.143199 -2.959288 -126.012313 -43.716990 0.833662 0.048609 -0.550132 0.483381 0.417564 0.769404 -0.267116 0.907347 -0.324610
1.883551 -3.720207 -150.194248 -40.185568 0.791858 0.007700 -0.610656 0.569323 0.352507 0.742704 -0.220979 0.935777 -0.274752
1.899661 -4.482568 -182.961908 -33.413959 0.798845 0.028557 -0.600859 0.572691 0.269503 0.774205 -0.184042 0.962576 -0.198937
3.420219 -4.459013 -104.546887 -31.924429 0.782522 -0.038351 -0.621441 0.606615 0.271835 0.747077 -0.140278 0.961579 -0.235981
3.084014 -3.760674 -74.368676 -35.878290 0.763894 -0.068760 -0.641669 0.620408 0.351964 0.700868 -0.177653 0.933485 -0.311522
0.757807 -15.475990 -23.350255 -102.983956 0.906645 -0.408128 0.106897 0.355707 0.603218 -0.713863 -0.226865 -0.685244 -0.692079
0.598181 -15.651557 -19.941216 93.957643 0.895205 -0.426053 0.130714 0.350080 0.490792 -0.797852 -0.275774 -0.760001 -0.588512
0.896845 -16.396154 -10.837707 -23.786870 0.900483 -0.411411 0.140965 0.372942 0.563783 -0.736928 -0.223706 -0.716163 -0.661110
0.373571 -14.858323 -23.717703 49.843809 0.899623 -0.424165 0.103740 0.340129 0.531685 -0.775644 -0.273844 -0.733072 -0.622587
1.053831 -16.749018 -11.746731 -155.567006 0.911804 -0.392695 0.120018 0.374090 0.673879 -0.637137 -0.169323 -0.625842 -0.761349
0.894524 -16.288556 -27.224373 -177.809527 0.916673 -0.389458 0.089629 0.360431 0.708804 -0.606372 -0.172626 -0.588150 -0.790114
0.444914 -14.950553 -26.374124 -116.242383 0.910089 -0.405378 0.086061 0.348721 0.636927 -0.687545 -0.223901 -0.655738 -0.721024
2.322175 -16.461665 -37.162784 -175.856503 0.759336 -0.195147 -0.620747 -0.491478 0.453198 -0.743680 -0.426449 -0.869787 -0.248219
1.972988 -16.280387 -15.753604 15.102573 0.815853 -0.226820 -0.531918 -0.461097 0.299929 -0.835124 -0.348960 -0.926604 -0.140111
3.012575 -18.315882 -18.276365 -186.715497 0.801151 -0.197242 -0.565025 -0.439610 0.446669 -0.779250 -0.406080 -0.872687 -0.271139
-2.619927 -5.449881 -8.748381 -28.079679 -0.198709 0.729524 0.654454 0.059576 0.675527 -0.734925 0.978246 0.107046 0.177696
-2.444559 -5.650987 -47.287211 40.624943 -0.166573 0.735731 0.656471 0.131099 0.676387 -0.724786 0.977275 0.034667 0.209122
-2.534081 -5.517894 -22.795242 -38.467809 -0.171923 0.766526 0.618774 0.067547 0.635821 -0.768875 0.982792 0.090391 0.161089
16.937397 4.224542 224.496182 -175.699318 0.114910 -0.490406 -0.863885 0.827368 -0.434054 0.356454 -0.549780 -0.755711 0.355869
17.484668 5.590446 498.490446 -61.697944 0.127643 -0.438165 -0.889786 0.855122 -0.405875 0.322539 -0.502468 -0.802045 0.322878
17.880378 4.889710 -161.371737 43.291617 0.131251 -0.567378 -0.812930 0.857555 -0.346431 0.380244 -0.497366 -0.747039 0.441088
-697.679844 -1753.393487 29148.312783 96253.329437 0.980883 0.187924 -0.050534 -0.182021 0.977853 0.103306 -0.068829 0.092133 -0.993365
-16.244587 -710.554023 420.806930 148176.685797 0.961516 0.232259 -0.146775 -0.019261 0.589882 0.807260 -0.274073 0.773366 -0.571655
-6.916777 -418.330330 408.176800 -42171.609770 0.985876 0.015510 -0.166759 -0.080439 0.917187 -0.390252 -0.146896 -0.398154 -0.905480
1.104624 -5.460611 -21.765983 -13.097942 0.848670 0.041729 -0.527275 0.523366 0.077878 0.848542 -0.076472 0.996089 -0.044253
1.283382 -5.647330 -27.127497 -3.155105 0.860978 0.048269 -0.506347 0.508241 -0.042056 0.860188 -0.020225 0.997949 0.060741
0.677241 -5.300347 -23.284442 -16.333679 0.860250 0.059494 -0.506389 0.500377 0.092270 0.860877 -0.097942 0.993955 -0.049606
0.625202 -4.928606 -19.126956 -26.888373 0.844150 0.051152 -0.533662 0.514578 0.201955 0.833321 -0.150401 0.978058 -0.144159
0.914944 -5.132637 -14.989751 -24.845105 0.833254 0.031425 -0.551996 0.537192 0.190205 0.821734 -0.130815 0.981241 -0.141608
-0.478716 -2.485470 -31.806147 -15.876622 0.533382 0.845042 -0.037520 0.656492 -0.441526 -0.611615 0.533406 -0.301593 0.790266
-1.243061 -3.364140 -23.158176 -40.252840 0.724916 0.642209 -0.249129 -0.447933 0.714241 0.537787 0.523310 -0.278258 0.805431
-0.713477 -2.472084 -4.729147 -41.160563 0.720028 0.656361 -0.225277 -0.467441 0.698677 0.541618 0.512892 -0.284677 0.809877
-1.280380 -3.184819 -33.710996 -2.387060 0.655616 0.733202 -0.180506 0.522581 -0.613132 -0.592434 0.545048 -0.294080 0.785136
0.295536 -1.642134 -76.856274 -39.079554 0.350602 0.929176 0.117092 0.782808 -0.222124 -0.581267 0.514091 -0.295454 0.805244
1.348093 -2.224780 -100.934327 -36.225230 0.284406 0.944603 0.163825 0.791781 -0.135083 -0.595681 0.540552 -0.299129 0.786337
1.175285 -2.559897 -90.659130 -28.926291 0.335213 0.931860 0.138813 0.756687 -0.178510 -0.628935 0.561300 -0.315865 0.764965
-0.234361 -2.622372 -52.901831 -14.260363 0.495719 0.868479 0.002775 0.665821 -0.377989 -0.643278 0.557625 -0.320732 0.765627
1.485796 -5.762481 9.824535 34.858036 0.838546 -0.465633 -0.282889 0.264590 0.801918 -0.535648 0.476269 0.374316 0.795648
0.627214 -5.193542 23.586244 16.197835 0.843552 -0.430210 -0.321465 0.165087 0.777316 -0.607064 0.511045 0.459020 0.726728
1.353574 -6.041339 30.995211 13.983137 0.841212 -0.400008 -0.363807 0.178823 0.840791 -0.510972 0.510279 0.364779 0.778814
2.613890 -6.484578 25.005890 14.638413 0.839257 -0.424015 -0.340381 0.290185 0.878683 -0.379089 0.459827 0.219379 0.860484
-0.412023 -14.682372 0.998812 -356.241450 -0.670540 -0.169095 0.722346 0.095229 0.946004 0.309850 -0.735737 0.276555 -0.618231
-0.401938 -10.283804 -2.939590 -232.527738 -0.673028 -0.146917 0.724878 -0.036031 0.985422 0.166269 -0.738739 0.085786 -0.668510
-0.425709 -10.483152 4.009701 -238.443869 -0.661550 -0.143356 0.736071 -0.026479 0.985411 0.168118 -0.749433 0.091728 -0.655695
-10.683357 -465.918075 -1408.628470 -28423.363817 -0.246740 0.949784 -0.192431 -0.935550 -0.285242 -0.208285 0.252716 -0.128636 -0.958951
-35.473233 -484.404271 -2108.318033 34573.221445 -0.178616 0.955304 -0.235563 0.975719 0.202820 0.082681 0.126763 -0.215075 -0.968336
-511.454849 -3768.156715 2217.145760 203964.702592 -0.477859 0.793482 -0.376878 -0.518753 -0.601136 -0.607890 0.708905 0.094979 -0.698880
31.862348 -411.720843 -5333.235756 40751.786708 -0.240405 0.918070 -0.315204 0.922350 0.114876 -0.368883 -0.302451 -0.379410 -0.874398
21.299270 -225.657493 202.211943 -12925.893400 -0.054960 0.985966 0.157642 -0.667191 0.081197 -0.740448 0.742856 0.145873 -0.653365
7.207406 -24.256641 -19.400682 -367.295507 0.046255 0.994193 0.097161 -0.951274 0.073523 -0.299454 0.304859 0.078576 -0.949151
84.597555 -767.271481 -8283.004752 -74727.436751 -0.107114 0.971978 -0.209249 -0.952316 -0.039824 0.302505 -0.285695 -0.231673 -0.929896
-31.684719 -38.198095 368.186643 111.732060 0.835567 -0.466182 -0.290692 -0.541368 -0.788752 -0.291190 0.093537 -0.400680 0.911431
-27.011184 -36.792940 -514.972378 -511.820935 0.403972 -0.905494 -0.129954 0.912011 0.409695 -0.019623 0.071010 -0.110592 0.991326
-31.396377 -45.817161 805.461537 -1588.487802 -0.503326 0.863613 -0.028905 0.812178 0.484240 0.325391 -0.295008 -0.140302 0.945138
-31.154062 -43.965111 -436.057760 -732.001033 0.935421 -0.317029 0.156459 -0.199290 -0.838395 -0.507323 -0.292011 -0.443381 0.847433
-5.072985 -35.098917 -212.469991 793.572875 0.344474 -0.604565 0.718219 -0.168735 0.712712 0.680859 -0.923508 -0.355727 0.143499
-8.003271 -47.492502 -163.921612 1785.646629 0.457495 -0.526815 0.716354 0.182617 0.844098 0.504132 -0.870258 -0.099820 0.482376
-3.828588 -35.864379 -142.166644 1349.904988 0.339504 -0.603980 0.721073 0.074165 0.781408 0.619598 -0.937676 -0.156878 0.310085
3.219472 -9.980887 -329.809868 129.933429 0.544650 -0.260823 -0.797074 0.720192 -0.341546 0.603879 -0.429743 -0.902949 0.001820
-0.078039 -7.458898 -52.219878 99.697326 0.617077 -0.187711 -0.764187 0.735711 -0.206928 0.644911 -0.279188 -0.960180 0.010411
3.423801 -10.154566 26.530019 -48.357438 0.658460 -0.165320 -0.734234 -0.652542 0.360676 -0.666409 -0.374991 -0.917923 -0.129612
-5.590037 -8.776276 0.956940 64.078384 0.564066 -0.315862 -0.762929 0.328055 0.933621 -0.143985 0.757766 -0.169066 0.630244
-5.356219 -8.427102 6.761797 49.274234 0.642464 -0.315262 -0.698463 0.219166 0.948976 -0.226741 0.734307 -0.007406 0.678777
-5.289061 -8.773066 7.622757 62.212482 0.647158 -0.328191 -0.688097 0.326698 0.934904 -0.138646 0.688807 -0.135074 0.712250
1.015866 -4.703128 84.230727 86.634076 0.945789 -0.291670 -0.142868 -0.069230 0.248730 -0.966095 -0.317316 -0.923614 -0.215054
0.494338 -3.383591 72.098742 80.995663 0.949503 -0.293176 -0.111770 -0.020702 0.296915 -0.954679 -0.313075 -0.908785 -0.275853
1.707855 -3.153233 108.861019 89.534659 0.947600 -0.292334 -0.128820 -0.033833 0.309140 -0.950414 -0.317662 -0.904971 -0.283051
1.764032 -6.258478 121.170393 105.314315 0.939927 -0.290242 -0.179712 -0.128875 0.185793 -0.974101 -0.316114 -0.938744 -0.137227
0.273550 -5.988710 34.943290 85.887843 0.935398 -0.295956 -0.193496 -0.146984 0.172261 -0.974024 -0.321600 -0.939540 -0.117631
2.636589 -4.693646 164.693018 97.952034 0.945117 -0.299415 -0.130781 -0.051867 0.257706 -0.964830 -0.322588 -0.918661 -0.228033
-0.515262 -7.096153 -46.053424 -15.457276 0.707433 -0.435006 -0.557054 -0.704722 -0.374018 -0.602892 -0.053913 -0.819073 0.571150
0.366215 -7.695246 -34.127567 -42.653530 0.751399 -0.408191 -0.518439 -0.652490 -0.342636 -0.675912 -0.098265 -0.846157 0.523797
0.129600 -8.056441 -11.272110 44.682638 0.634654 -0.463010 -0.618737 0.763128 0.249237 0.596252 -0.121858 -0.850590 0.511515
-0.906074 -7.385381 -20.141448 16.954356 0.576278 -0.490277 -0.653859 0.815356 0.290421 0.500849 -0.055660 -0.821757 0.567114
-1.861311 -6.707512 -7.813906 32.108009 0.576460 -0.490451 -0.653569 0.816210 0.383457 0.432159 0.038663 -0.782572 0.621359
-1.317276 -6.871737 -60.069032 -6.890865 0.744580 -0.409371 -0.527272 -0.667420 -0.471065 -0.576757 0.012272 -0.781354 0.623968
-0.697953 -7.470896 -16.581659 -12.310299 0.965410 -0.060835 -0.253540 -0.140011 0.699356 -0.700927 -0.219956 -0.712180 -0.666648
-0.431059 -7.598615 -2.769640 -15.023243 0.967336 -0.060480 -0.246178 -0.139304 0.684524 -0.715556 -0.211791 -0.726477 -0.653740
-0.653690 -8.305212 -10.333077 -33.866671 0.962873 -0.035879 -0.267561 -0.124769 0.819771 -0.558934 -0.239393 -0.571566 -0.784859
-0.890334 -8.070013 -23.628531 -23.906415 0.963147 -0.047696 -0.264714 -0.108894 0.830752 -0.545888 -0.245948 -0.554595 -0.794942
-0.875464 -8.785474 -15.099060 -35.374245 0.963066 -0.022588 -0.268315 -0.083144 0.922834 -0.376116 -0.256106 -0.384534 -0.886873
-0.666125 -9.237267 -2.410528 -52.421766 0.961133 -0.004811 -0.276044 -0.106299 0.916319 -0.386084 -0.254801 -0.400421 -0.880193
-0.240882 -6.801926 -1.188702 10.281642 0.944297 -0.128843 -0.302824 -0.320152 -0.146603 -0.935954 -0.076196 -0.980769 0.179686
-0.173803 -6.781397 0.966591 2.375955 0.950484 -0.120459 -0.286477 -0.304027 -0.169397 -0.937482 -0.064400 -0.978159 0.197632
-0.183509 -7.050806 4.274202 7.478108 0.951877 -0.112133 -0.285230 -0.306160 -0.305388 -0.901667 -0.014001 -0.945603 0.325023
-0.262035 -7.266746 3.245212 19.624282 0.950273 -0.116678 -0.288733 -0.310350 -0.278119 -0.909028 -0.025762 -0.953434 0.300500
1.176204 -12.930206 42.963499 -49.402620 0.768380 0.222352 -0.600126 -0.268217 -0.739505 -0.617408 0.581078 -0.635368 0.508582
0.249740 -12.987829 33.988201 -90.893850 0.751614 0.214612 -0.623713 -0.299269 -0.731705 -0.612410 0.587804 -0.646954 0.485733
0.918283 -13.280721 38.127620 -94.434785 0.763796 0.220599 -0.606590 -0.373672 -0.615155 -0.694229 0.526293 -0.756915 0.387421
0.740573 -13.969516 31.568227 -73.407319 0.760079 0.212209 -0.614205 -0.484253 -0.445318 -0.753121 0.433335 -0.869862 0.235714
1.536357 -13.329449 40.824484 -89.016838 0.774944 0.212358 -0.595286 -0.449827 -0.476312 -0.755501 0.443978 -0.853248 0.273591
4.440396 -6.552565 143.030500 -16.457518 0.942402 0.254098 -0.217515 0.054469 0.525038 0.849334 -0.330018 0.812262 -0.480956
7.385753 -6.915741 207.362600 -12.680729 0.921776 0.337566 -0.190730 -0.017374 0.527392 0.849445 -0.387333 0.779684 -0.492002
3.405092 -6.311165 94.681332 -6.869824 0.940744 0.299730 -0.158628 -0.060765 0.609183 0.790698 -0.333629 0.734205 -0.591298
0.219294 -5.245167 -11.775007 41.286924 0.900630 -0.142997 -0.410387 0.186382 0.980156 0.067502 0.392590 -0.137283 0.909410
0.469414 -5.015107 -15.604751 36.590638 0.895786 -0.156232 -0.416123 0.205027 0.975881 0.074968 0.394374 -0.152472 0.906213
0.159084 -5.942011 -8.951538 13.535682 0.907741 -0.099552 -0.407548 0.186058 0.966208 0.178394 0.376017 -0.237763 0.895589
0.688414 -2.748616 -23.204356 130.921334 0.864371 -0.291455 -0.409777 0.289280 0.954763 -0.068878 0.411315 -0.059004 0.909582
0.020819 -6.113145 -6.232926 7.905115 0.907599 -0.100015 -0.407751 0.184056 0.967692 0.172324 0.377342 -0.231450 0.896685
0.083048 -5.395583 -5.528076 47.595193 0.903564 -0.125084 -0.409789 0.164674 0.984357 0.062634 0.395544 -0.124075 0.910028
0.410753 -2.744699 -14.939312 143.713017 0.873743 -0.270241 -0.404405 0.262068 0.962002 -0.076638 0.409749 -0.039020 0.911363
-1.432621 -4.271686 39.969411 -65.642870 -0.336527 0.731833 0.592596 -0.747816 -0.590147 0.304134 -0.572294 0.340803 -0.745877
0.488020 -2.424941 160.165804 -144.951328 0.074515 0.906092 0.416468 -0.882253 -0.134772 0.451072 -0.464840 0.401042 -0.789360
-0.872754 -4.426849 77.389380 -160.025597 -0.379695 0.706225 0.597560 -0.766234 -0.602021 0.224626 -0.518380 0.372581 -0.769718
1.444553 -1.732863 101.812170 86.455311 0.946915 -0.268152 -0.177334 -0.071781 0.361331 -0.929670 -0.313369 -0.893048 -0.322902
1.136280 -2.169232 12.143459 47.221426 0.778953 0.197703 -0.595101 -0.431407 0.857688 -0.279748 -0.455104 -0.474641 -0.753390
0.770491 -1.979123 41.649021 44.255396 0.787127 0.215716 -0.577839 -0.432295 0.861180 -0.267376 -0.439946 -0.460256 -0.771111
1.082308 -1.701047 -5.695918 13.836141 -0.783765 -0.171347 0.596952 -0.404731 0.869973 -0.281675 -0.471068 -0.462372 -0.751204
1.074896 -1.874855 23.733082 17.543900 -0.773194 -0.150473 0.616059 -0.402567 0.867075 -0.293464 -0.490010 -0.474910 -0.730993
0.986159 -1.787880 0.793959 -29.060324 -0.813914 -0.080965 0.575317 -0.321765 0.887326 -0.330334 -0.483748 -0.453980 -0.748258
0.862595 -1.937736 28.987765 -25.177682 -0.801092 -0.065975 0.594894 -0.323829 0.883652 -0.338073 -0.503375 -0.463472 -0.729251
0.203861 -18.819427 32.328895 282.313780 0.807051 0.317248 -0.498018 0.540543 -0.057478 0.839350 -0.237657 0.946599 0.217875
-0.001186 -18.262862 23.344436 246.874619 0.789961 0.326755 -0.518837 0.574348 -0.098072 0.812715 -0.214675 0.940007 0.265144
0.512094 -16.830153 25.398324 212.986288 0.801995 0.327743 -0.499387 0.580343 -0.229562 0.781347 -0.141441 0.916453 0.374311
0.624907 -18.007755 18.722226 263.017818 0.813996 0.334424 -0.474943 0.548388 -0.172847 0.818165 -0.191522 0.926436 0.324091
0.687270 -15.782543 25.847531 96.896179 0.795335 0.333393 -0.506252 0.603876 -0.363190 0.709526 -0.052685 0.870024 0.490186
0.848834 -16.748314 10.519738 172.079138 0.807349 0.344513 -0.479059 0.581705 -0.328429 0.744147 -0.099031 0.879457 0.465562
-104.706423 -1131.126515 4677.098103 40724.071259 0.887857 -0.330189 0.320445 -0.081261 -0.798016 -0.597132 -0.452886 -0.504128 0.735356
-9.971818 -591.609198 -4599.566403 2280.469948 0.655469 -0.558001 -0.508915 -0.498080 0.187134 -0.846698 -0.567694 -0.808465 0.155269
-65.158266 -538.824442 1941.949201 3356.287967 0.908633 -0.342166 0.239391 -0.143159 -0.793754 -0.591152 -0.392289 -0.502869 0.770215
-2.422946 -247.272967 1787.934293 -16200.630195 0.927235 -0.323936 0.187886 -0.345680 -0.933350 0.096764 -0.144018 0.154671 0.977413
2.832459 -2.469806 7.683853 35.789589 -0.730447 -0.494904 0.470656 -0.510565 0.853405 0.104989 -0.453620 -0.163611 -0.876048
3.280869 -2.370317 -9.955991 22.296569 -0.692904 -0.497930 0.521487 -0.514797 0.848044 0.125720 -0.504844 -0.181348 -0.843946
2.953579 -2.832693 -30.845747 34.020871 -0.688519 -0.538464 0.485797 -0.565734 0.817906 0.104764 -0.453748 -0.202700 -0.867770
-3.776461 -12.616349 48.297033 -39.582905 0.433090 0.867029 0.246361 -0.211779 0.363556 -0.907181 0.876118 -0.340717 -0.341070
-4.319178 -13.008959 84.379014 -7.325207 0.422839 0.857069 0.294347 -0.391120 0.465605 -0.793875 0.817455 -0.220556 -0.532093
-3.079368 -12.653962 62.347041 -46.081509 0.409266 0.855655 0.316790 -0.183893 0.417429 -0.889908 0.893692 -0.305953 -0.328188
0.912345 -27.647964 -44.541502 107.411117 0.704318 0.549761 -0.449108 -0.387750 0.827869 0.405318 0.594631 -0.111331 0.796254
1.184508 -26.481284 -6.357971 187.005690 0.676438 0.538995 -0.501913 -0.426342 0.842259 0.329898 0.600554 -0.009169 0.799532
0.933776 -26.524789 -26.765388 -181.804960 0.687566 0.565741 -0.455182 -0.254013 0.774659 0.579121 0.680243 -0.282562 0.676334
0.810678 -28.603888 -23.688244 -345.967871 0.698109 0.558016 -0.448622 -0.258031 0.780549 0.569354 0.667880 -0.281712 0.688894
0.848855 -25.773397 -14.357338 -616.185935 0.682973 0.577233 -0.447603 -0.088490 0.673655 0.733729 0.725063 -0.461509 0.511168
0.857331 -24.095435 5.085547 -432.443205 0.665635 0.589272 -0.457918 -0.086449 0.670357 0.736986 0.741254 -0.450977 0.497155
7.816390 -0.019613 137.940239 -252.751316 -0.222537 0.157044 0.962193 0.941183 0.292010 0.170017 -0.254269 0.943434 -0.212790
9.090200 1.964133 195.626085 -279.535872 -0.046226 0.156520 0.986592 0.966307 0.257355 0.004447 -0.253209 0.953556 -0.163143
10.263842 1.417845 189.050287 -264.291149 -0.278035 0.170482 0.945321 0.928746 0.298931 0.219250 -0.245208 0.938923 -0.241448
6.166409 -0.668427 188.191165 -140.463120 0.047584 0.158839 0.986157 0.968547 0.234068 -0.084435 -0.244239 0.959157 -0.142705
5.881557 -2.756970 330.080067 -376.556639 -0.552016 0.098104 0.828042 0.798870 0.346772 0.491484 -0.238925 0.932805 -0.269796
5.337577 -2.608326 -186.642809 -261.821564 -0.343354 0.165433 0.924522 0.911143 0.297504 0.285150 -0.227875 0.940278 -0.252882
6.072304 -2.182123 21.049237 -253.731033 -0.099167 0.186477 0.977442 0.967710 0.246835 0.051088 -0.231740 0.950946 -0.204934
-7.526065 -15.708338 -90.070396 564.625575 0.592904 0.484886 -0.642923 0.726799 0.021557 0.686512 0.346739 -0.874312 -0.339633
20.124585 -16.955757 1507.514348 -477.339779 -0.478532 0.240140 -0.844595 0.808619 0.495448 -0.317280 0.342261 -0.834784 -0.431270
-8.372967 -18.037400 -5.253607 -1555.290218 -0.453403 0.059903 -0.889290 0.804118 0.457876 -0.379136 0.384473 -0.886996 -0.255771
4.362858 -26.576176 847.527682 -1065.003274 0.738646 0.340408 0.581829 0.419313 0.443792 -0.791976 0.527806 -0.828958 -0.185068
-8.614020 -16.983829 75.377970 -928.389934 -0.505876 -0.107193 -0.855920 0.722257 0.489877 -0.488227 0.471631 -0.865176 -0.170396
0.262541 -28.643913 4.315514 225.900982 0.822639 0.394222 -0.409700 -0.000629 0.721218 0.692708 -0.568564 0.569591 -0.593550
0.277243 -27.344580 -36.242354 394.829104 0.806514 0.408952 -0.426957 0.176560 0.522610 0.834089 -0.564235 0.748089 -0.349288
0.211839 -30.641810 40.236154 282.077415 -0.801458 -0.416568 0.429111 -0.008836 0.725685 0.687970 -0.597986 0.547587 -0.585287
-0.217390 -17.145889 25.150042 -115.897266 0.684171 0.440712 -0.581104 0.606329 -0.786503 0.117382 0.405308 0.432650 0.805319
0.340690 -19.286676 43.354142 163.894323 0.660424 0.456793 -0.595970 -0.562161 0.826956 0.010879 0.497811 0.327846 0.802933
0.334399 -17.541890 39.331304 -94.255517 0.686661 0.423507 -0.590879 0.612358 -0.775008 0.156142 0.391809 0.469046 0.791506
0.483501 -4.996017 77.390060 -25.950728 -0.685598 0.142733 0.713851 0.113436 0.989559 -0.088913 -0.719088 0.020018 -0.694631
1.468106 -4.303373 54.208067 -25.547548 -0.705108 0.118339 0.699156 0.098391 0.992766 -0.068806 -0.702241 0.020275 -0.711650
0.585354 -4.777113 66.030347 -6.408655 -0.668398 0.252303 0.699705 0.248770 0.962367 -0.109376 -0.700969 0.100958 -0.706010
1.515784 -4.092057 62.943463 -15.469861 -0.703876 -0.004792 0.710307 -0.038794 0.998744 -0.031705 -0.709263 -0.049872 -0.703178
0.467392 -4.744867 84.894758 -21.797979 -0.690073 0.000744 0.723740 -0.047267 0.997818 -0.046094 -0.722195 -0.066017 -0.688532
-0.578375 -3.055064 22.930732 -4.055691 0.946892 0.040452 -0.318996 -0.310632 -0.141249 -0.939977 0.083082 -0.989147 0.121182
-0.368284 -3.346240 21.995857 -19.640200 0.939812 0.037481 -0.339630 -0.335764 -0.083052 -0.938278 0.063375 -0.995840 0.065468
-0.068319 -3.062067 18.216400 -5.738447 0.903364 0.026630 -0.428047 -0.421943 -0.123527 -0.898168 0.076794 -0.991984 0.100353
-93.200128 -839.227820 -6638.694145 84618.147868 -0.576653 0.525673 -0.625411 0.748212 0.647226 -0.145871 0.328101 -0.552057 -0.766539
-44.450205 -418.684055 2739.660725 -27328.174523 0.712491 -0.399817 0.576631 0.701532 0.388921 -0.597155 -0.014489 -0.829992 -0.557587
-151.075191 -404.939131 13108.807963 -2019.738653 0.753779 -0.434639 0.492855 0.656298 0.460249 -0.597866 -0.033020 -0.774119 -0.632179
-63.722553 -505.329753 -4893.017103 -32025.887684 -0.844807 0.025690 -0.534453 0.090397 0.991342 -0.095239 0.527379 -0.128771 -0.839815
-41.576578 -289.498367 -813.010923 -180.397281 -0.842649 0.039210 -0.537034 0.089331 0.993704 -0.067615 0.531002 -0.104950 -0.840846
-124.783590 -668.351488 -9773.442053 72790.328096 -0.607597 0.512662 -0.606633 0.731100 0.659456 -0.174959 0.310353 -0.549814 -0.775491
2.626900 -31.572417 -16.122215 207.092476 0.897079 -0.074978 -0.435462 0.236642 0.913780 0.330161 -0.373162 0.399229 -0.837476
2.980276 -31.794065 -11.145471 645.107203 0.916950 -0.096741 -0.387097 0.313917 0.773759 0.550230 -0.246290 0.626050 -0.739867
2.604475 -28.192088 -16.025246 701.685132 0.899147 -0.043661 -0.435463 0.320815 0.742540 0.587972 -0.297678 0.668377 -0.681660
-16.891454 -31.599611 354.063663 -1253.900139 0.908839 -0.317128 -0.271001 0.136546 -0.387700 0.911616 0.394167 0.865516 0.309054
-5.086546 -30.744995 334.154225 -1576.039447 0.735565 -0.202262 -0.646556 0.532065 -0.418291 0.736166 0.419347 0.885507 0.200064
-13.101899 -17.775092 -613.386238 829.432360 0.569185 -0.341825 0.747786 0.741507 -0.179543 -0.646477 0.355242 0.922453 0.151273
-20.568516 -36.406825 -246.557592 -1426.775942 0.791485 -0.462865 0.399133 -0.513343 -0.149024 0.845145 0.331708 0.873812 0.355559
-8.271205 -11.203255 -62.476695 198.369296 -0.628231 0.613057 0.479048 0.702108 0.712006 0.009575 -0.335215 0.342359 -0.877737
-5.927370 -9.455005 28.601786 76.398372 0.914998 -0.155740 -0.372188 0.263426 0.929334 0.258738 -0.305590 0.334789 -0.891365
-4.817312 -8.577339 -63.426417 84.239078 0.966355 -0.005892 -0.257144 0.105308 0.921168 0.374645 -0.234665 0.389120 -0.890796
5.258104 -6.033874 -162.267813 -30.716059 0.912292 0.110122 -0.394458 0.408882 -0.190272 0.892531 -0.023233 0.975535 0.218611
6.336469 -6.528552 -37.643935 -29.854796 0.891631 0.001537 -0.452761 0.441693 -0.222730 0.869079 0.099508 0.974879 0.199272
3.336308 -4.611729 -210.050666 -86.633035 0.914040 0.180967 -0.363017 0.388778 -0.135620 0.911295 -0.115682 0.974093 0.194318
2.499468 -6.153695 -287.024470 -30.292125 0.909077 0.202519 -0.364095 0.402928 -0.205103 0.891954 -0.105960 0.957559 0.268055
4.343977 -11.976870 462.940259 -413.640506 -0.589769 0.246357 0.769078 0.789425 0.376623 0.484730 -0.170235 0.893008 -0.416601
0.203521 -4.800913 224.760072 -209.011832 -0.114116 0.426875 0.897081 0.965069 0.261990 -0.001903 -0.235839 0.865528 -0.441861
0.299988 -13.042973 -54.347153 -531.795354 -0.399267 0.440017 0.804345 0.900442 0.353350 0.253669 -0.172597 0.825547 -0.537291
0.340333 -4.059055 31.827718 -221.975899 0.251982 0.575380 0.778102 0.920428 0.105814 -0.376320 -0.298861 0.811012 -0.502933
4.337828 -3.916066 -118.495170 -4.577729 -0.589104 0.729237 0.348095 0.802916 0.479743 0.353797 0.091006 0.487914 -0.868135
6.095979 -5.060702 -40.834510 -22.833442 -0.504272 0.701161 0.504066 0.863544 0.409949 0.293654 -0.000743 0.583366 -0.812209
5.521240 -4.042830 -217.169273 -51.632962 -0.663080 0.685447 0.300811 0.748431 0.599963 0.282659 0.013272 0.412562 -0.910833
4.186125 -4.816413 -104.536464 -16.937721 -0.441641 0.766980 0.465505 0.886860 0.294683 0.355867 0.135767 0.570003 -0.810348
3.896477 -3.599071 247.447482 -10.393669 0.707334 -0.680967 -0.189639 0.698191 0.631094 0.338009 0.110493 0.371489 -0.921839
2.982287 -3.379952 -94.515084 13.157684 -0.618618 0.730538 0.289182 0.773261 0.500880 0.388827 0.139208 0.464149 -0.874750
3.004803 -4.101531 -81.175931 -18.965384 -0.485827 0.777944 0.398467 0.859092 0.341010 0.381671 0.161037 0.527746 -0.833997
-1.477748 -3.527589 66.776305 -39.282585 -0.574002 0.767272 0.286035 0.808340 0.586735 0.048258 -0.130800 0.258913 -0.957003
-0.578087 -3.043238 51.107661 -55.920830 -0.587487 0.755736 0.289346 0.800003 0.596243 0.067010 -0.121878 0.270845 -0.954876
-1.129315 -3.491802 60.457888 -45.808737 -0.512616 0.807175 0.292734 0.853305 0.516789 0.069274 -0.095365 0.285303 -0.953681
1.528433 -12.866661 -77.949891 158.705336 -0.112222 0.810752 0.574532 -0.788475 0.279221 -0.548035 0.604742 0.514505 -0.607924
2.377532 -12.845387 -102.551891 123.343054 -0.100361 0.792853 0.601092 -0.782905 0.309890 -0.539470 0.613993 0.524740 -0.589628
2.156062 -10.408686 -60.878628 -165.824414 -0.125536 0.802424 0.583400 0.885142 -0.174997 0.431160 0.448067 0.570519 -0.688291
1.358222 -10.245430 -23.050371 -177.058820 -0.151327 0.818825 0.553738 0.882586 -0.140339 0.448718 0.445132 0.556624 -0.701446
0.795898 -12.918387 -28.337046 181.700261 -0.135466 0.821736 0.553534 -0.791313 0.246462 -0.559536 0.596215 0.513816 -0.616863
-1.197027 -7.702768 -83.571265 -22.955755 -0.819869 0.164898 0.548292 0.356441 0.896423 0.263393 -0.448068 0.411382 -0.793725
-0.636569 -6.354727 -82.904951 -97.422073 -0.784217 0.250162 0.567822 0.373296 0.921203 0.109708 -0.495634 0.298001 -0.815808
-0.434999 -3.661648 -71.400214 -286.109135 -0.805835 0.172345 0.566504 0.253439 0.965034 0.066920 -0.535163 0.197501 -0.821337
-0.870306 -4.219876 3.443922 -243.432533 -0.837902 -0.154230 0.523578 -0.017853 0.966479 0.256125 -0.545529 0.205260 -0.812568
-1.346445 -16.472103 9.283576 31.602138 0.642508 -0.016789 -0.766095 0.733236 -0.276947 0.621020 -0.222594 -0.960739 -0.165631
-1.222760 -17.372416 -9.678434 28.448814 0.625100 -0.050994 -0.778877 0.740861 -0.275363 0.612618 -0.245714 -0.959987 -0.134350
-1.241711 -15.570882 7.654177 -121.060988 0.622439 -0.011441 -0.782585 0.676533 -0.494898 0.545325 -0.393539 -0.868876 -0.300304
-1.137408 -16.805244 -6.878119 79.545023 0.643053 -0.051092 -0.764115 0.762026 -0.056519 0.645075 -0.076145 -0.997093 0.002589
-0.967868 -14.981248 24.446951 -20.972646 0.643410 0.034459 -0.764746 0.716148 -0.380055 0.585398 -0.270474 -0.924322 -0.269209
-0.908888 -15.160418 25.240459 61.098782 0.671761 0.024925 -0.740348 0.733411 -0.162883 0.659983 -0.104140 -0.986331 -0.127698
-1.238895 -15.907318 10.067749 65.940632 0.667550 -0.021400 -0.744257 0.742116 -0.061880 0.667409 -0.060337 -0.997854 -0.025427
-1.338617 -10.867452 -17.535638 -51.274110 0.788548 -0.007215 -0.614931 -0.469887 -0.652150 -0.594901 0.396735 -0.758056 0.517641
-0.784624 -11.276432 -27.309553 -47.122214 0.795385 -0.054460 -0.603653 -0.476205 -0.672280 -0.566806 0.374956 -0.738291 0.560655
-1.330860 -11.626121 -17.806561 -89.738111 0.781596 -0.025218 -0.623275 -0.532546 -0.547259 -0.645680 0.324810 -0.836583 0.441165
-1.147388 -10.800401 -18.457692 -3.814616 0.796929 -0.001214 -0.604072 -0.398661 -0.752360 -0.524427 0.453843 -0.658751 0.600061
-1.743327 -11.400867 -5.816751 -69.237465 0.774908 0.040645 -0.630766 -0.519417 -0.527699 -0.672116 0.360173 -0.848459 0.387806
-1.647758 -10.890476 -7.833924 -34.464647 0.781828 0.049877 -0.621496 -0.447322 -0.649512 -0.614847 0.434336 -0.758713 0.485496
2.616212 -4.657147 56.607443 -34.654467 0.778996 0.048649 -0.625139 0.496191 0.561710 0.662025 -0.383354 0.825903 -0.413430
1.692513 -4.465943 50.431635 -19.075512 0.824087 0.065292 -0.562688 0.457577 0.508829 0.729189 -0.333922 0.858388 -0.389443
1.279846 -4.457237 23.192391 2.016574 0.808254 0.069494 -0.584719 0.502535 0.436139 0.746486 -0.306895 0.897192 -0.317588
4.612027 -10.662379 39.154956 -26.519897 -0.261557 0.474160 0.840690 0.934968 -0.091779 0.342654 0.239630 0.875642 -0.419319
0.060147 -8.019813 -3.280884 -67.051430 -0.611269 0.039322 0.790445 0.097700 0.994875 0.026061 -0.785369 0.093157 -0.611978
-0.001834 -7.734236 0.686915 -61.969414 -0.598408 0.082995 0.796881 0.153333 0.988099 0.012234 -0.786382 0.129509 -0.604012
0.369723 -6.647742 -3.113949 -50.165257 -0.604825 0.105353 0.789359 0.012467 0.992342 -0.122892 -0.796261 -0.064487 -0.601507
-0.348841 -9.159883 3.239009 -65.382206 -0.610158 0.019349 0.792043 0.259776 0.949322 0.176930 -0.748481 0.313709 -0.584263
0.486690 -6.827269 -8.454148 -62.002624 -0.617729 0.077236 0.782589 -0.037455 0.991146 -0.127384 -0.785499 -0.108001 -0.609366
-0.321924 -9.501490 -1.046802 -62.212760 -0.617057 -0.023712 0.786561 0.210886 0.958001 0.194321 -0.758135 0.285781 -0.586141
0.104360 -8.311025 -5.139125 -72.652564 -0.620121 -0.000291 0.784506 0.045605 0.998296 0.036419 -0.783180 0.058361 -0.619051
0.048892 -13.503136 -18.174181 134.724092 0.814439 -0.084390 -0.574080 0.542593 -0.239843 0.805027 0.205625 0.967137 0.149548
0.202463 -13.271395 -26.622969 31.113393 0.846851 -0.099220 -0.522492 0.452640 -0.381321 0.806047 0.279213 0.919103 0.278011
-0.271211 -12.078342 -2.377008 64.332198 0.837818 -0.109739 -0.534807 0.466949 -0.363523 0.806107 0.282876 0.925099 0.253324
0.735487 -16.950530 -6.488176 231.697820 0.890701 -0.423958 0.164046 0.363753 0.448264 -0.816543 -0.272644 -0.786969 -0.553485
1.640982 -14.995919 44.213724 289.948378 0.921627 -0.370509 0.115443 0.347995 0.657360 -0.668415 -0.171767 -0.656202 -0.734775
2.007257 -12.188724 62.658628 243.113775 0.913365 -0.383429 0.136914 0.391875 0.736699 -0.551098 -0.110443 -0.557007 -0.823132
2.639884 -14.578028 47.479778 303.160275 0.929595 -0.364611 0.053961 0.317710 0.718437 -0.618796 -0.186852 -0.592374 -0.783696
-1.940621 -7.603141 -70.832546 -129.412908 -0.125615 0.801157 0.585122 -0.046718 0.584363 -0.810147 0.990978 0.129103 0.035976
-2.287018 -8.144716 -39.360316 -150.401105 -0.166909 0.807740 0.565418 -0.082755 0.559963 -0.824375 0.982493 0.184386 0.026618
-2.383135 -6.446145 -23.425211 -104.961576 -0.167381 0.787314 0.593398 0.005511 0.602627 -0.798004 0.985877 0.130300 0.105207
14.485637 5.193441 828.880556 -172.443748 0.176947 -0.345902 -0.921434 0.836239 -0.440875 0.326089 -0.519032 -0.828240 0.211245
14.235726 5.720284 787.050798 46.956384 0.154577 -0.328509 -0.931766 0.876348 -0.389888 0.282845 -0.456201 -0.860273 0.227620
-12.811716 -315.931784 -623.488709 4247.334807 0.960287 0.248838 0.126207 -0.130455 0.000588 0.991454 -0.246637 0.968545 -0.033027
-0.053516 -561.694190 702.838515 -72796.252423 0.961165 0.182877 0.206681 -0.048080 -0.626500 0.777937 -0.271752 0.757664 0.593377
-4.561576 -471.167788 983.935876 36412.103853 0.965272 0.143567 0.218263 -0.200466 -0.128690 0.971212 -0.167522 0.981238 0.095440
0.735749 -5.535206 -29.329928 -6.865653 0.875105 0.066760 -0.479305 0.481761 -0.026458 0.875903 -0.045794 0.997418 0.055316
-2.051072 -4.023790 -36.760023 -53.849472 0.776688 0.516392 -0.360687 -0.315227 0.814416 0.487195 0.545332 -0.264701 0.795328
0.890858 -5.058882 -5.358720 28.028944 0.834541 -0.495064 -0.241772 0.261888 0.742539 -0.616483 0.484723 0.451163 0.749330
0.405697 -4.379747 1.446451 -23.234032 0.849835 -0.436176 -0.295855 -0.143680 -0.731813 0.666188 0.507086 0.523642 0.684590
0.080263 -4.515500 23.799696 -5.802272 0.845658 -0.355447 -0.398146 -0.014348 -0.760846 0.648774 0.533532 0.542928 0.648515
0.457129 -3.650160 -56.085194 -33.545007 -0.486739 0.397490 0.777874 0.841622 0.451923 0.295697 -0.234003 0.798603 -0.554505
-0.487166 -4.555332 -37.634796 -48.868199 -0.524793 0.369002 0.767092 0.827397 0.432871 0.357821 -0.200015 0.822472 -0.532479
0.347416 -4.435221 -65.843671 -31.849984 -0.547952 0.373584 0.748454 0.821130 0.410997 0.396013 -0.159668 0.831575 -0.531968
-76.814194 -1041.100076 683.705789 126313.178536 -0.434776 0.848192 -0.302556 -0.589680 -0.522073 -0.616212 0.680622 0.089503 -0.727147
-92.517642 -216.034147 -492.901968 33974.019343 0.092554 0.995554 -0.017496 -0.986884 0.094054 0.131202 -0.132264 -0.005123 -0.991201
-70.647963 -637.322192 -11558.978635 144360.725772 -0.459378 0.880391 -0.117826 -0.814776 -0.470483 -0.338801 0.353713 0.059636 -0.933451
46.381398 -4663.388332 -36326.131923 -744611.643813 -0.080525 0.979650 -0.183854 -0.784258 0.051572 0.618287 -0.615187 -0.193976 -0.764146
13.198359 -323.841609 -6815.870593 -50022.732479 -0.254807 0.931832 -0.258383 -0.700245 0.006467 0.713874 -0.666881 -0.362831 -0.650863
-18.194662 -46.567712 597.725390 1177.342789 0.687054 -0.052355 -0.724718 0.293195 0.932572 0.210586 0.664826 -0.357168 0.656077
-29.269116 -40.458688 857.766311 590.031074 0.784335 -0.216840 -0.581205 0.406528 0.887360 0.217546 0.468565 -0.406905 0.784139
-17.965547 -43.018647 562.075746 230.879207 0.725700 -0.008777 -0.687955 -0.505475 -0.685148 -0.524468 0.466748 -0.728351 0.501648
-8.546982 -51.542776 328.338979 146.285118 0.625299 0.074336 -0.776837 -0.500410 -0.725661 -0.472235 0.598824 -0.684025 0.416557
-20.554770 -42.990936 574.304408 1041.492633 0.827502 0.075870 -0.556313 -0.507763 -0.321735 -0.799164 0.239618 -0.943785 0.227712
-9.097965 -52.613921 340.860096 -1723.902257 0.660805 0.122135 -0.740554 0.675632 0.332933 0.657782 0.326893 -0.935007 0.137486
-22.015075 -44.922282 686.081465 -1839.561827 -0.313152 0.912131 -0.264485 0.799607 0.403489 0.444775 -0.512410 0.072202 0.855700
-15.396225 -44.105993 691.897694 -1954.614807 -0.431709 0.768380 -0.472460 0.588282 0.636902 0.498278 -0.683778 0.062829 0.726981
-31.382941 -33.873296 983.287601 -693.797048 -0.569559 0.772051 -0.282028 0.595696 0.624140 0.505565 -0.566347 -0.119946 0.815392
4.584372 -11.324379 279.657943 -64.097860 0.745653 -0.138015 -0.651884 -0.503908 0.523310 -0.687185 -0.435979 -0.840892 -0.320660
7.717689 -8.398248 323.811823 189.529965 0.781061 -0.216238 -0.585820 -0.338977 0.641058 -0.688577 -0.524441 -0.736401 -0.427406
6.881733 -11.020575 -358.813410 78.901956 0.599590 -0.294712 -0.744068 -0.486470 0.604036 -0.631258 -0.635483 -0.740463 -0.218805
