16011
32002
-9.698964 -12.449281 -116.833140 160.530076 -0.444097 0.249467 -0.860548 0.879369 -0.062718 -0.471992 -0.171718 -0.966350 -0.191521
-10.084544 -12.653367 -78.984680 297.902285 -0.050991 0.259248 -0.964464 0.990008 -0.114005 -0.082986 -0.131468 -0.959059 -0.250844
-6.832048 -10.565155 -37.812289 169.216166 -0.656716 0.240751 -0.714677 0.752810 0.153081 -0.640189 -0.044723 -0.958439 -0.281771
-8.603718 -12.131826 62.198983 468.718860 0.183599 0.303905 -0.934844 0.982199 -0.095134 0.161972 -0.039711 -0.947941 -0.315961
-7.144747 -11.509382 -37.228339 160.527788 0.710719 -0.187760 0.677956 0.697675 0.064618 -0.713495 -0.090158 -0.980087 -0.176921
-6.933398 -8.735423 -59.122347 163.443211 -0.414154 0.307061 -0.856849 0.909897 0.164246 -0.380935 0.023764 -0.937409 -0.347417
-5.400000 -8.960710 -54.463417 123.804253 0.793651 -0.159058 0.587213 0.605868 0.294167 -0.739182 0.055166 -0.942426 -0.329834
-5.855930 -10.361726 -67.186915 177.960642 0.797329 -0.138125 0.587527 0.603496 0.194910 -0.773177 0.007720 -0.971047 -0.238765
3.591559 -21.516831 -141.046117 794.150096 0.277880 0.706137 -0.651270 0.906794 -0.416571 -0.064759 -0.317029 -0.572572 -0.756078
5.464806 -15.578932 -238.548338 584.183486 0.348233 0.681992 -0.643133 0.924697 -0.362512 0.116274 -0.153845 -0.635194 -0.756875
7.107116 -23.973432 -293.426154 903.166715 0.324703 0.716392 -0.617535 0.894677 -0.444427 -0.045147 -0.306792 -0.537835 -0.785246
5.870583 -25.271731 -255.881970 -462.545919 0.274201 0.741569 -0.612282 -0.784248 0.540914 0.303918 -0.556568 -0.396846 -0.729894
2.983999 -21.452788 -70.990753 -479.903945 0.225832 0.728666 -0.646565 -0.831917 0.489588 0.261185 -0.506868 -0.478904 -0.716754
-2.353077 -7.313490 539.250019 -62.385142 -0.661290 -0.375079 -0.649624 0.107753 0.809536 -0.577097 0.742351 -0.451627 -0.494922
1.455804 -8.974783 782.686752 22.418316 -0.744895 -0.370024 -0.555170 0.074228 0.780983 -0.620125 0.663039 -0.503137 -0.554285
-1.336650 -7.756270 643.384868 40.298092 -0.696230 -0.480822 -0.532986 -0.052986 0.774907 -0.629851 0.715860 -0.410280 -0.564990
-6.652283 -8.501500 -80.904725 -114.354262 -0.367412 0.343093 -0.864463 0.450599 0.878766 0.157258 0.813615 -0.331748 -0.477467
1.094934 -9.189585 19.549437 -236.533714 0.712844 -0.461602 0.527994 0.571354 -0.054352 -0.818902 -0.406704 -0.885421 -0.224994
0.696806 -5.853801 42.830337 -168.554548 0.772633 -0.450511 0.447301 0.463683 -0.080799 -0.882309 -0.433631 -0.889107 -0.146466
0.656751 -8.073146 25.635224 -196.355686 0.709210 -0.441706 0.549470 0.594104 -0.045156 -0.803120 -0.379555 -0.896023 -0.230394
0.790186 -11.063039 -1.706848 -273.038023 0.664477 -0.459160 0.589612 0.661376 -0.006007 -0.750031 -0.347926 -0.888333 -0.299686
0.613561 -11.206776 16.661779 -253.343291 -0.646496 0.453778 -0.613293 0.697575 0.026089 -0.716037 -0.308921 -0.890733 -0.333411
-0.153345 -6.771570 50.146994 -156.333783 0.692002 -0.424040 0.584229 0.609091 -0.091432 -0.787813 -0.387482 -0.901016 -0.195008
0.324567 -9.083846 40.050212 -180.719275 0.670266 -0.425986 0.607684 0.667746 -0.011117 -0.744306 -0.323820 -0.904661 -0.276999
10.279148 -15.819561 8.461052 -406.317847 0.563571 -0.435462 -0.701969 0.825220 0.335276 0.454535 0.037420 -0.835441 0.548304
6.132244 -18.525450 148.634680 -390.231666 0.575526 -0.367313 -0.730651 0.789224 0.483529 0.378583 0.214232 -0.794531 0.568176
7.003141 -17.825626 -20.442237 -465.846748 0.680557 -0.250575 -0.688516 0.707148 0.470607 0.527704 0.191791 -0.846015 0.497468
-1.165183 -8.659577 24.900051 49.436899 0.002847 0.370210 -0.928944 0.539979 0.781304 0.313027 0.841673 -0.502502 -0.197681
-1.115957 -8.279137 2.183399 116.748472 0.021913 0.345684 -0.938095 0.489273 0.814568 0.311594 0.871855 -0.465813 -0.151284
-1.075096 -8.766460 30.615742 -29.807905 0.044805 0.391276 -0.919182 0.622015 0.709064 0.332153 0.781723 -0.586627 -0.211610
-0.944457 -8.996499 36.716126 -32.797652 0.014356 0.394930 -0.918599 0.644482 0.698745 0.310481 0.764485 -0.596477 -0.244494
-1.254938 -8.980644 39.023500 -25.684037 0.069696 0.409470 -0.909657 0.690346 0.638457 0.340286 0.720115 -0.651695 -0.238178
-0.891284 -9.194359 32.959876 -37.868268 0.054416 0.408540 -0.911117 0.695260 0.639430 0.328241 0.716695 -0.651325 -0.249246
-1.297593 -7.281727 11.690771 75.060573 -0.447554 0.559227 -0.697825 0.877730 0.125374 -0.462463 -0.171133 -0.819479 -0.546962
-1.591334 -8.030237 12.387207 30.517080 -0.420834 0.564862 -0.709809 0.860623 0.001266 -0.509241 -0.286752 -0.825184 -0.486666
-0.796257 -7.583400 54.453313 70.222656 -0.403025 0.581020 -0.707097 0.891302 0.073817 -0.447361 -0.207730 -0.810535 -0.547614
-1.877404 -7.913171 -1.464997 22.495534 -0.467648 0.550466 -0.691587 0.835126 0.018810 -0.549737 -0.289602 -0.834646 -0.468505
-0.292196 -6.507856 63.013354 107.217097 -0.392621 0.586157 -0.708709 0.913023 0.155725 -0.377013 -0.110626 -0.795091 -0.596316
-1.569406 -7.551440 19.598828 50.561619 -0.502084 0.546648 -0.670141 0.841253 0.129053 -0.525014 -0.200514 -0.827358 -0.524664
-1.238698 -6.527015 16.351727 88.111664 -0.488426 0.549084 -0.678194 0.866831 0.216048 -0.449363 -0.100216 -0.807360 -0.581487
-0.680613 -5.818087 47.976067 92.809754 -0.426995 0.573780 -0.698893 0.901618 0.211185 -0.377472 -0.068990 -0.791314 -0.607505
0.828516 -10.545650 55.460669 -195.980544 -0.101971 0.434857 -0.894708 0.273901 0.876905 0.394987 0.956337 -0.204784 -0.208526
0.458859 -9.574506 28.178695 23.612929 -0.101490 0.498092 -0.861164 0.362886 0.824525 0.434133 0.926290 -0.268444 -0.264432
0.914070 -10.123610 53.431036 -5.808983 -0.087132 0.492587 -0.865890 0.367201 0.823874 0.431735 0.926051 -0.280338 -0.252664
1.584743 -11.275013 99.750947 -151.270539 -0.095535 0.458195 -0.883703 0.330776 0.851929 0.405961 0.938861 -0.253525 -0.232949
1.597994 -10.172436 103.271028 26.318186 -0.082114 0.514845 -0.853341 0.405349 0.799466 0.443335 0.910467 -0.309497 -0.274339
1.938509 -23.477873 -255.016986 871.738089 -0.460470 -0.579125 0.672742 -0.411809 0.810747 0.416056 -0.786372 -0.085460 -0.611813
1.012616 -29.050889 -224.788747 761.932059 -0.453313 -0.570081 0.685212 -0.593737 0.766485 0.244901 -0.664818 -0.295819 -0.685936
-0.918933 -22.623273 -279.652440 669.582201 -0.459367 -0.584595 0.668753 -0.428494 0.805339 0.409660 -0.778059 -0.098372 -0.620442
0.169516 -16.366376 -295.445188 590.395613 -0.472538 -0.600703 0.644875 -0.282020 0.796314 0.535116 -0.834969 0.070995 -0.545698
-0.215128 -17.651722 16.078997 -161.826092 -0.034518 0.470305 -0.881829 0.690266 0.649305 0.319274 0.722732 -0.597675 -0.347048
-0.131861 -21.136335 6.566611 -360.246614 -0.053932 0.443566 -0.894617 0.568597 0.750128 0.337648 0.820846 -0.490467 -0.292667
-0.202141 -20.400786 26.491817 -376.628661 -0.066025 0.444594 -0.893296 0.529334 0.774500 0.346345 0.845841 -0.449984 -0.286474
-0.184940 -23.388745 30.213859 -339.851117 -0.079046 0.432263 -0.898276 0.342316 0.858073 0.382794 0.936254 -0.277236 -0.215797
-0.170615 -22.670875 -0.772751 -329.149887 -0.059851 0.423102 -0.904103 0.334008 0.862007 0.381291 0.940668 -0.279157 -0.192911
-2.038683 -12.622326 93.502680 290.575864 -0.154710 -0.255226 0.954424 -0.154595 0.960409 0.231766 -0.975789 -0.111693 -0.188042
-1.286692 -13.455669 100.024267 293.093604 -0.119964 -0.291790 0.948930 -0.206998 0.942176 0.263544 -0.970959 -0.164810 -0.173427
-1.634012 -10.455845 113.107703 319.351560 -0.141695 -0.282302 0.948803 -0.018845 0.959070 0.282542 -0.989731 0.022155 -0.141216
-4.368768 -7.150879 51.680909 -109.040216 0.230729 -0.525427 0.818957 0.741531 -0.450000 -0.497627 0.629997 0.722099 0.285792
-4.940761 -7.437905 68.895221 -92.255733 0.168425 -0.443297 0.880410 0.777572 -0.489189 -0.395064 0.605818 0.751120 0.262304
-4.458955 -6.154445 89.767027 -78.505125 -0.116952 -0.318056 0.940831 0.830355 -0.551010 -0.083055 0.544824 0.771510 0.328541
-4.398018 -8.398140 -56.168247 -40.635039 -0.308946 0.557263 -0.770720 0.651547 -0.466330 -0.598351 0.692849 0.687018 0.219012
-3.762285 -7.539006 -58.679402 -78.074925 -0.297970 0.613541 -0.731287 0.658930 -0.422090 -0.622616 0.690670 0.667388 0.278511
-1.893632 -2.510839 -30.324478 -54.039434 -0.225287 0.386603 -0.894306 0.764204 -0.499253 -0.408336 -0.604349 -0.775425 -0.182968
-1.286818 -2.521227 -50.527573 -154.305101 -0.424794 0.480965 -0.766957 0.687735 -0.379474 -0.618886 -0.588703 -0.790362 -0.169578
-1.137460 -2.028083 -70.868355 -3.338714 0.026282 0.181731 -0.982997 0.802333 -0.590399 -0.087698 -0.596298 -0.786386 -0.161326
-0.213623 -1.845787 -75.505752 87.407529 0.038546 0.170480 -0.984607 0.813259 -0.577890 -0.068221 -0.580624 -0.798110 -0.160919
-1.173900 -2.412062 -54.105361 82.000974 0.033505 0.194314 -0.980367 0.801708 -0.590943 -0.089729 -0.596777 -0.782961 -0.175583
-0.720297 -13.960957 -0.893345 138.064956 0.213408 0.744654 0.632414 -0.597619 -0.412586 0.687477 -0.772857 0.524656 -0.356970
-1.221659 -15.134555 25.311013 -89.337391 0.158864 0.703732 0.692476 -0.532959 -0.529287 0.660159 -0.831094 0.473937 -0.290976
-0.949372 -14.019882 -0.857567 -182.398243 0.173871 0.709628 0.682786 -0.511030 -0.527664 0.678542 -0.841794 0.466903 -0.270896
0.130792 -13.678009 24.243171 581.670819 -0.162374 -0.451993 0.877118 -0.317697 0.865528 0.387208 -0.934186 -0.215786 -0.284136
0.678733 -12.267989 59.752038 584.319228 -0.148956 -0.461182 0.874713 -0.272714 0.869435 0.411958 -0.950494 -0.177182 -0.255279
0.360522 -8.556157 51.499390 405.149692 -0.143661 -0.487862 0.861018 -0.243744 0.860684 0.447004 -0.959141 -0.145651 -0.242560
3.010174 -22.251804 38.407887 -216.117471 -0.247562 -0.564021 -0.787778 0.933019 0.080359 -0.350739 0.261129 -0.821841 0.506349
2.146424 -22.344922 92.566652 -15.609627 -0.246690 -0.522814 -0.815971 0.861401 0.267467 -0.431798 0.443995 -0.809399 0.384371
2.376606 -22.330506 60.747780 -214.046553 -0.236553 -0.523787 -0.818346 0.947752 0.061142 -0.313093 0.214030 -0.849652 0.481957
1.721685 -23.644059 93.937388 -125.989222 -0.218313 -0.479701 -0.849839 0.967654 0.006415 -0.252199 0.126432 -0.877408 0.462785
2.736335 -22.482824 54.236928 -78.039847 -0.232427 -0.516711 -0.824007 0.972610 -0.125894 -0.195399 -0.002773 -0.846853 0.531819
3.167874 -22.323260 55.280591 -108.110189 -0.246261 -0.539604 -0.805098 0.966851 -0.078925 -0.242839 0.067495 -0.838212 0.541152
-0.935807 -40.569056 -43.954135 -118.064215 -0.475975 -0.352245 0.805836 0.318459 0.785071 0.531269 -0.819776 0.509497 -0.261498
-1.532484 -39.372780 -42.405587 94.522009 -0.469342 -0.361954 0.805424 0.286277 0.800489 0.526558 -0.835323 0.477710 -0.272083
-1.528442 -37.413878 -49.588940 516.052014 -0.464774 -0.340214 0.817459 0.572442 0.588882 0.570551 -0.675497 0.733125 -0.078944
-1.242977 -33.185880 -99.188681 804.384202 -0.454793 -0.299215 0.838829 0.776109 0.328822 0.538080 -0.436827 0.895738 0.082677
-0.878060 -40.045558 -54.781325 568.095436 -0.468422 -0.323676 0.822079 0.609359 0.555387 0.565886 -0.639736 0.766015 -0.062921
-15.678552 -44.207729 818.924776 1593.560744 0.378828 0.892200 0.245905 -0.550550 0.003680 0.834794 -0.743898 0.451626 -0.492594
-12.016077 -41.906558 611.369722 311.770967 0.345386 0.841818 0.414789 0.847540 -0.090015 -0.523043 -0.402970 0.532202 -0.744564
-15.265179 -42.971802 374.942411 -777.964775 0.362933 0.912427 0.189096 -0.831830 0.225796 0.507026 -0.419927 0.341312 -0.840933
-0.388400 -14.441085 72.694862 171.941051 -0.280898 0.729164 0.624032 0.758019 0.567358 -0.321732 0.588645 -0.382654 0.712090
1.931520 -17.550604 -172.503277 186.146332 0.296585 -0.747300 -0.594626 0.867836 0.470787 -0.158809 0.398621 -0.468938 0.788162
-0.608933 -15.321354 148.761820 197.260314 -0.225364 0.779576 0.584357 0.772182 0.508660 -0.380789 0.594093 -0.365413 0.716608
-1.580423 -12.168674 -5.962243 167.653755 -0.206485 0.770531 0.603030 0.660506 0.564464 -0.495088 0.721870 -0.296077 0.625494
3.409009 -79.302936 -176.926005 545.083033 0.416415 0.287049 -0.862671 0.741062 -0.656859 0.139148 -0.526711 -0.697237 -0.486247
2.265568 -67.597537 191.002812 1424.467790 -0.370018 -0.263203 0.890961 -0.427587 0.899662 0.088196 -0.824777 -0.348329 -0.445433
1.310345 -69.441026 -191.170022 1357.425077 0.376421 0.258723 -0.889590 0.733784 -0.669441 0.115798 -0.565569 -0.696355 -0.441839
2.502942 -70.679187 -156.910496 1255.308988 0.409895 0.273095 -0.870290 0.875346 -0.386007 0.291148 -0.256427 -0.881146 -0.397275
28.430125 -352.594832 3193.648612 49529.294486 0.194027 0.215443 -0.957046 0.926585 -0.360642 0.106666 -0.322171 -0.907481 -0.269601
14.016985 -1695.175913 1901.491367 362296.905354 0.226574 0.138676 -0.964071 0.969182 -0.130367 0.209023 -0.096697 -0.981720 -0.163940
4.177763 -500.302912 -718.377105 -111839.522424 -0.197823 -0.211838 0.957074 -0.404067 0.907180 0.117276 -0.893082 -0.363522 -0.265058
1.526213 -19.761812 84.731657 217.796551 0.208405 0.642021 0.737819 0.548369 0.547950 -0.631698 0.809851 -0.536245 0.237869
2.054627 -19.368913 106.413957 261.816977 0.192172 0.626063 0.755721 0.512538 0.592674 -0.621323 0.836884 -0.506737 0.206986
2.151118 -21.075354 105.523913 180.984834 0.196381 0.647634 0.736210 0.689876 0.442295 -0.573102 0.696782 -0.620440 0.359929
2.056918 -20.947515 -85.001805 -5.812497 -0.217070 -0.653142 -0.725455 0.787657 0.321795 -0.525400 0.576609 -0.685458 0.444600
1.398699 -20.640784 36.065633 130.571931 0.223422 0.645883 0.730012 0.664827 0.446716 -0.598707 0.712803 -0.619096 0.329594
2.713762 -21.993475 -75.523793 -23.146409 -0.219145 -0.629465 -0.745486 0.835328 0.273783 -0.476728 0.504185 -0.727198 0.465812
-1.024898 -10.263510 146.632121 170.199294 -0.089602 0.934716 0.343916 -0.432403 0.274557 -0.858863 0.897217 0.225667 -0.379573
0.250598 -9.552192 153.150339 158.231134 -0.153978 0.967726 0.199491 -0.399112 0.123779 -0.908509 0.903881 0.219510 -0.367172
-2.106865 -11.167781 100.172422 145.651381 -0.057123 0.913344 0.403162 -0.288168 0.371550 -0.882559 0.955874 0.166593 -0.241973
-3.036109 -11.887326 40.745639 149.342891 0.040084 0.847087 0.529941 -0.307095 0.515141 -0.800201 0.950834 0.130667 -0.280785
-1.598142 -10.777968 80.741013 171.813390 0.007207 0.880469 0.474049 -0.461648 0.423449 -0.779469 0.887034 0.213226 -0.409519
0.020180 -6.081019 -150.254366 5.557438 0.735484 -0.122657 -0.666348 0.562062 -0.438738 0.701138 0.378351 0.890205 0.253744
0.622092 -6.446548 -188.692277 -5.404892 0.763232 -0.132707 -0.632350 0.558577 -0.356393 0.748983 0.324761 0.924864 0.197883
1.585758 -5.873857 -120.139049 7.765267 0.783177 -0.172200 -0.597479 0.501784 -0.392441 0.770845 0.367215 0.903514 0.220944
0.947074 -5.397622 -76.032170 29.673721 0.752862 -0.163990 -0.637422 0.497022 -0.493229 0.713929 0.431472 0.854302 0.289826
1.859605 -4.997830 18.330230 23.178372 0.782806 -0.274082 -0.558653 0.421076 -0.427692 0.799859 0.458158 0.861370 0.219390
6.123210 -4.320206 -140.592404 -21.235161 0.185178 0.491678 -0.850859 0.979852 -0.026453 0.197966 0.074827 -0.870375 -0.486670
5.894663 -4.975719 -149.577050 -32.342925 0.122608 0.476391 -0.870643 0.982519 0.065563 0.174237 0.140087 -0.876786 -0.460024
6.062804 -4.134296 -14.799416 -27.998016 0.127928 0.551600 -0.824240 0.982801 0.041091 0.180037 0.133178 -0.833096 -0.536856
6.484316 -3.940776 -74.529683 10.227326 0.191853 0.558822 -0.806790 0.976979 -0.030594 0.211132 0.093303 -0.828723 -0.551827
-6.279213 -384.557333 5670.019645 -5448.924614 0.759647 0.408832 0.505760 0.391289 0.333847 -0.857577 0.519451 -0.849354 -0.093635
62.581445 -756.279564 4624.596041 -10347.430403 0.552538 0.638064 0.536261 0.248964 0.487674 -0.836774 0.795436 -0.595860 -0.110603
-46.493238 -90.373153 2618.035765 -6708.383214 0.988237 0.030250 -0.149907 -0.086934 -0.695331 -0.713412 0.125815 -0.718053 0.684522
-73.905907 -309.341581 3667.297255 -14788.163593 0.499099 0.866511 -0.007697 -0.775064 0.442419 -0.451154 0.387525 -0.231136 -0.892413
-112.921624 -632.368808 -4214.306477 7458.533894 -0.058395 -0.234150 -0.970445 0.870110 -0.488486 0.065505 -0.489387 -0.840568 0.232261
1.298099 -16.058002 39.958019 94.948925 -0.099310 0.087211 -0.991227 0.761424 0.647967 -0.019276 0.640602 -0.756659 -0.130754
-0.101723 -19.662548 14.554125 -607.716003 -0.211951 -0.120264 -0.969852 0.648647 0.724979 -0.231654 0.730982 -0.678191 -0.075651
1.680739 -14.033785 -40.323297 130.648443 -0.091095 0.087720 -0.991971 0.694925 0.719083 -0.000228 0.713289 -0.689366 -0.126463
2.621547 -15.565820 -42.425799 274.135294 -0.022531 0.148189 -0.988702 0.808310 0.584674 0.069212 0.588326 -0.797619 -0.132956
-0.473598 -4.558794 32.305150 -188.472848 -0.059503 0.518057 -0.853274 0.758407 -0.532332 -0.376087 -0.649060 -0.669507 -0.361223
-0.698947 -3.776814 27.539989 -31.839151 -0.111581 0.548896 -0.828410 0.741624 -0.508883 -0.437072 -0.661471 -0.663138 -0.350293
-0.629818 -3.058822 57.739482 8.309595 -0.193443 0.643760 -0.740373 -0.713035 0.426098 0.556796 -0.673915 -0.635620 -0.376598
-0.279160 -4.187432 46.476820 -156.319987 -0.246471 0.643860 -0.724359 -0.692617 0.405771 0.596348 -0.677889 -0.648686 -0.345937
-0.837551 -3.975223 -22.662621 237.386395 -0.283145 0.658267 -0.697505 0.709204 -0.345887 -0.614323 -0.645646 -0.668615 -0.368909
-3.831576 -6.903526 -329.007800 -185.858856 -0.302241 -0.677987 0.670063 0.701942 0.317285 0.637658 -0.644924 0.663072 0.380011
-4.096143 -5.184193 301.358136 -257.914684 0.222141 0.659983 -0.717688 0.671074 0.430499 0.603598 -0.707328 0.615706 0.347266
-6.071174 -6.961072 -103.222441 -215.591978 0.696558 0.687882 0.204024 0.185914 -0.447680 0.874654 -0.692996 0.571316 0.439722
-6.760621 -7.725268 -165.070025 -78.680772 -0.350897 -0.756483 0.551910 0.705194 0.174299 0.687257 -0.616095 0.630360 0.472306
-5.559394 -11.430885 -19.704207 -84.875764 0.129945 -0.305373 0.943325 0.981415 -0.095875 -0.166228 0.141202 0.947394 0.287239
-5.918990 -11.266799 -1.034265 -122.473671 0.062078 -0.377746 0.923826 0.992478 -0.074493 -0.097151 0.105517 0.922908 0.370280
-6.060741 -12.110295 -51.193735 -64.335016 0.086083 -0.342147 0.935695 0.963716 -0.209588 -0.165298 0.252667 0.915974 0.311691
-6.453978 -12.338589 -45.365282 -37.869552 0.035769 -0.380538 0.924073 0.935479 -0.312541 -0.164917 0.351568 0.870350 0.344806
-6.051305 -12.218236 -102.644236 26.524659 0.116807 -0.310142 0.943487 0.896140 -0.376602 -0.234742 0.428122 0.872916 0.233941
-5.446183 -12.245589 -60.321661 -14.339174 0.136460 -0.283117 0.949328 0.942563 -0.257820 -0.212377 0.304884 0.923782 0.231673
-0.274514 -7.640421 -12.092329 -95.063557 0.054716 -0.327468 0.943277 0.511417 0.820564 0.255202 -0.857589 0.468444 0.212371
0.325766 -8.190658 -44.152318 -88.759972 0.011544 -0.386068 0.922398 0.574043 0.757867 0.310019 -0.818744 0.525917 0.230369
0.152445 -6.980323 -68.041618 -74.455841 0.011985 -0.375488 0.926750 0.502137 0.803740 0.319155 -0.864705 0.461530 0.198179
3.126384 -19.760593 321.438852 -284.190558 0.987862 0.033263 -0.151729 -0.060766 -0.816204 -0.574559 0.142954 -0.576805 0.804276
3.460377 -19.634889 437.003806 120.913858 0.983456 0.064597 -0.169238 -0.099998 -0.585412 -0.804545 0.151045 -0.808158 0.569268
7.333284 -19.214818 508.558072 4.043569 0.981533 -0.007534 -0.191146 -0.141015 -0.703690 -0.696373 0.129261 -0.710467 0.691757
4.793209 -18.520561 210.291777 -292.573813 0.986679 -0.055307 -0.152988 -0.122800 -0.870031 -0.477459 0.106698 -0.489885 0.865233
-2.835447 -16.287398 -7.520405 231.310847 0.922480 0.385921 -0.009787 0.307757 -0.750476 -0.584869 0.233058 -0.536518 0.811069
-2.606055 -15.477527 -10.890965 -145.391597 0.923348 0.383829 0.010167 0.361726 -0.860688 -0.358289 0.128771 -0.334503 0.933555
-2.584049 -16.359477 43.940042 203.918346 0.915492 0.401779 0.021156 0.341873 -0.749115 -0.567405 0.212123 -0.526688 0.823167
-2.374484 -16.189258 37.535810 174.733086 0.912511 0.408388 0.023284 0.311425 -0.656695 -0.686852 0.265212 -0.634012 0.726424
-0.088059 -10.447104 -8.680067 62.614685 0.817127 0.568265 0.096845 0.217476 -0.459475 0.861154 -0.533861 0.682611 0.499033
0.271883 -10.710592 -29.809830 -32.952883 0.804067 0.588081 0.087395 0.239566 -0.455009 0.857656 -0.544137 0.668676 0.506742
0.142599 -11.539625 -21.327070 -92.704615 0.807179 0.585506 0.075133 0.273922 -0.484256 0.830941 -0.522904 0.650138 0.551264
-0.129516 -11.547841 -26.427659 -46.160427 0.816767 0.565732 0.113309 0.228143 -0.497056 0.837189 -0.529946 0.657938 0.535047
-10.273581 -253.251106 -629.059716 14821.625164 -0.409886 0.513497 0.753866 0.078285 0.843238 -0.531809 -0.908771 -0.158965 -0.385830
-20.492302 -576.886626 908.131697 57321.210103 0.313333 -0.545243 -0.777517 0.676154 -0.446808 0.585814 -0.666812 -0.709276 0.228669
-51.898254 -648.138147 -2912.485317 41652.615549 -0.453508 0.561636 0.692023 -0.014547 0.771693 -0.635829 -0.891134 -0.298420 -0.341799
-12.889659 -99.972297 -1462.273740 5487.519406 -0.465411 0.378741 0.799968 0.440556 0.883032 -0.161758 -0.767661 0.277146 -0.577829
28.047420 -626.319512 1573.503168 -35831.371856 -0.253458 0.738265 0.625079 -0.552350 -0.640934 0.533022 -0.794146 0.210164 -0.570231
-2.516014 -24.507546 -46.100376 -236.685099 0.597054 0.720696 -0.352312 0.759826 -0.367205 0.536494 0.257278 -0.588011 -0.766845
-2.743532 -24.429780 15.785110 18.695925 0.566636 0.759334 -0.319898 0.704865 -0.245644 0.665451 0.426719 -0.602553 -0.674419
-2.990427 -24.646374 -66.877771 118.319927 0.601802 0.720392 -0.344775 0.653192 -0.195574 0.731499 0.459536 -0.665422 -0.588251
-2.444311 -23.342943 32.954336 -205.801498 0.552736 0.775821 -0.304276 0.786422 -0.364791 0.498466 0.275723 -0.514810 -0.811756
-2.420651 -25.182884 -93.175738 131.188305 0.625983 0.691354 -0.360798 0.646216 -0.200891 0.736238 0.436520 -0.694026 -0.572519
-2.194128 -21.049902 -16.721037 -479.318922 0.579105 0.742830 -0.335918 0.812932 -0.495090 0.306637 0.061469 -0.450654 -0.890580
-2.148544 -21.867738 -63.942125 -506.707784 0.604830 0.710815 -0.359057 0.794102 -0.504449 0.339018 0.059853 -0.490176 -0.869566
-1.987717 -24.762223 -58.562179 -290.179973 0.623537 0.696116 -0.355842 0.746431 -0.394746 0.535740 0.232470 -0.599665 -0.765741
-0.186955 -9.418256 130.621482 -37.434132 0.878268 0.456390 -0.142664 -0.262903 0.211677 -0.941316 0.399409 -0.864234 -0.305896
4.683760 -10.315716 472.855382 32.621581 0.887398 0.456113 -0.066975 -0.241049 0.335241 -0.910774 0.392963 -0.824363 -0.407438
7.181357 -10.529231 639.047274 -8.873040 0.863360 0.485289 -0.138222 -0.253670 0.180635 -0.950275 0.436190 -0.855492 -0.279056
-0.559013 -9.733801 76.045720 2.528783 0.903855 0.422604 -0.066720 -0.232987 0.355394 -0.905214 0.358836 -0.833727 -0.419686
-0.285121 -9.385181 130.781274 -68.742187 0.845941 0.465487 -0.260202 -0.315202 0.042872 -0.948056 0.430152 -0.884016 -0.182989
-1.458663 -8.834130 -41.783313 -75.753824 0.905679 0.408776 -0.112465 -0.225504 0.239834 -0.944260 0.359018 -0.880558 -0.309393
-1.870828 -8.678363 -54.958886 -112.899527 0.885379 0.425260 -0.187770 -0.257299 0.111883 -0.959833 0.387170 -0.898129 -0.208478
1.166722 -17.819627 77.229023 68.464147 0.913829 -0.403172 -0.048667 -0.287114 -0.556673 -0.779539 -0.287197 -0.726338 0.624460
0.967554 -19.023680 65.580805 260.240789 0.914948 -0.399961 -0.053867 -0.330839 -0.666904 -0.667671 -0.231118 -0.628705 0.742505
0.155652 -18.270905 82.605292 67.246486 0.909291 -0.406972 -0.086968 -0.319491 -0.548747 -0.772530 -0.266674 -0.730240 0.628995
1.891487 -18.741282 52.708593 288.317473 0.907850 -0.418115 -0.031428 -0.326441 -0.657775 -0.678800 -0.263144 -0.626508 0.733651
1.789327 -17.465414 80.148177 -127.180699 0.909509 -0.414031 -0.037030 -0.235594 -0.440033 -0.866526 -0.342475 -0.796837 0.497757
2.145779 -17.590624 59.380774 80.953074 0.908808 -0.416532 -0.023842 -0.279287 -0.564919 -0.776444 -0.309946 -0.712297 0.629735
0.650284 -24.051592 5.430218 -21.881366 0.949119 -0.289637 -0.123627 -0.037305 -0.493210 0.869110 0.312701 0.820277 0.478920
0.784112 -25.721800 -13.846079 209.243823 0.953962 -0.271992 -0.126400 0.051323 -0.267184 0.962278 0.295504 0.924464 0.240924
0.794045 -25.004025 24.108001 21.987628 0.948690 -0.291161 -0.123336 0.018115 -0.339363 0.940481 0.315687 0.894460 0.316676
0.486279 -24.560089 20.851857 -83.944034 0.947780 -0.300369 -0.107200 -0.087817 -0.568923 0.817689 0.306597 0.765575 0.565591
0.490169 -23.700037 38.060176 -62.449127 0.943126 -0.311792 -0.115324 -0.127864 -0.660445 0.739907 0.306862 0.683080 0.662750
0.370366 -23.968143 -18.823364 24.261300 0.949244 -0.295302 -0.108320 -0.121561 -0.662032 0.739551 0.290103 0.688847 0.664327
-2.832385 -17.608176 -56.735347 120.862424 0.783600 -0.611169 -0.111555 -0.242828 -0.136023 -0.960485 -0.571844 -0.779725 0.254996
-1.831995 -17.797556 -50.524150 118.234222 0.773838 -0.628638 -0.077386 -0.196510 -0.122139 -0.972865 -0.602128 -0.768047 0.218050
-1.921278 -16.214411 -64.980406 150.062169 0.776907 -0.618148 -0.119619 -0.140856 0.014530 -0.989923 -0.613658 -0.785927 0.075782
-1.171042 -26.529612 -33.888422 396.119755 0.569516 0.755411 0.324045 -0.476973 -0.017355 0.878747 -0.669439 0.655021 -0.350427
-1.259316 -27.471550 -6.718567 390.510652 0.585814 0.738258 0.334360 -0.538375 0.046113 0.841443 -0.605784 0.672940 -0.424473
-1.074624 -29.702884 -27.786788 -424.687671 0.572154 0.758763 0.311318 0.631790 -0.165724 -0.757217 -0.522955 0.629932 -0.574198
-0.948806 -27.984528 -2.086840 317.468015 0.571258 0.755455 0.320862 -0.506425 0.016782 0.862121 -0.645909 0.654986 -0.392167
-3.662390 -10.907390 64.032146 142.750217 0.908307 -0.394295 -0.139674 0.380037 0.917373 -0.118314 0.174784 0.054385 0.983104
-3.912320 -12.723545 -15.354182 209.917085 0.852310 -0.516959 -0.079499 0.516237 0.855885 -0.030982 0.084059 -0.014634 0.996353
-3.884045 -12.698621 52.995527 228.567887 0.859002 -0.491461 -0.143465 0.497897 0.867172 0.010551 0.119224 -0.080494 0.989599
-3.867841 -11.419553 -6.038657 117.026211 0.897718 -0.432973 -0.081468 0.418956 0.896161 -0.146189 0.136304 0.097105 0.985896
1.843999 -38.139633 84.753635 302.324912 -0.496273 -0.699997 -0.513534 0.859762 -0.478377 -0.178787 -0.120513 -0.530245 0.839236
1.983207 -38.961625 58.894820 359.024700 -0.498814 -0.719554 -0.483142 0.859451 -0.482644 -0.168516 -0.111929 -0.499295 0.859172
1.651960 -39.835810 64.371587 -745.592097 -0.505068 -0.701664 -0.502567 0.855632 -0.330734 -0.398133 0.113139 -0.631096 0.767409
1.531191 -37.366379 58.293068 -404.144411 -0.489954 -0.697567 -0.522824 0.868235 -0.336687 -0.364431 0.078187 -0.632489 0.770613
1.225670 -41.582650 38.943610 245.186978 -0.487794 -0.699330 -0.522489 0.869753 -0.440586 -0.222292 -0.074746 -0.562869 0.823159
1.365778 -41.737682 21.065588 527.856699 -0.469799 -0.729545 -0.497044 0.811922 -0.578105 0.081106 -0.346514 -0.365457 0.863927
1.290372 -16.385736 233.402796 29.192461 0.271237 0.960008 0.069397 0.941628 -0.249723 -0.225777 0.199418 -0.126585 0.971704
2.651813 -17.052667 302.950552 143.229068 0.207680 0.974975 0.079332 0.913285 -0.164209 -0.372754 0.350399 -0.149866 0.924533
3.330752 -21.225696 -257.594274 215.330396 -0.366744 -0.925924 -0.090352 0.924641 -0.352064 -0.145227 0.102660 -0.136805 0.985264
2.199745 -20.849486 -34.776480 122.755653 0.853701 -0.518281 0.050784 0.511069 0.852544 0.109438 -0.100015 -0.067473 0.992695
2.464435 -21.337018 41.406093 -205.534048 0.867822 -0.496804 0.008355 -0.495842 -0.866980 -0.049858 -0.032013 -0.039125 0.998721
2.735403 -21.619204 26.781436 79.942666 0.866527 -0.499018 0.010544 -0.466638 -0.817435 -0.337710 -0.177143 -0.287715 0.941191
-3.012888 -7.425900 -2.015417 25.621177 -0.374334 0.926413 -0.040409 0.810628 0.305766 -0.499389 0.450285 0.219695 0.865435
-3.271851 -6.840927 -75.639140 50.743057 -0.353858 0.934570 -0.036929 0.763719 0.265925 -0.588233 0.539924 0.236355 0.807848
-3.691298 -7.116585 -122.871821 4.939353 -0.419807 0.907446 -0.017444 0.788213 0.354983 -0.502700 0.449981 0.224787 0.864285
-3.449956 -7.300938 -51.056604 -4.674209 -0.542069 0.839668 0.033448 0.759391 0.506511 -0.408377 0.359843 0.195968 0.912200
-2.892531 -8.060327 26.245197 25.250357 -0.459327 0.888261 0.003156 0.810980 0.420809 -0.406487 0.362395 0.184152 0.913651
-3.927787 -7.795293 48.689385 17.209018 -0.073490 -0.709003 0.701365 0.928468 -0.305373 -0.211412 0.364070 0.635659 0.680729
-3.400028 -7.285668 49.443113 -49.799413 -0.169333 -0.700239 0.693535 0.950979 -0.300859 -0.071577 0.258777 0.647417 0.716858
-3.373440 -7.413703 62.660645 0.775585 -0.102066 -0.742269 0.662283 0.927157 -0.312249 -0.207074 0.360502 0.592906 0.720070
-3.715494 -7.534722 59.978502 48.882209 -0.032831 -0.740579 0.671167 0.895715 -0.319728 -0.308980 0.443415 0.591030 0.673845
-4.125527 -7.485223 49.060322 76.832916 -0.013553 -0.708683 0.705397 0.872905 -0.352472 -0.337343 0.487702 0.611172 0.623390
-0.605595 -5.182676 63.493739 -153.912094 0.754325 -0.012487 0.656382 -0.499026 -0.660560 0.560922 -0.426576 0.750669 0.504508
-0.281750 -5.326217 -12.448782 -157.123292 0.700109 -0.063232 0.711231 -0.567134 -0.654427 0.500084 -0.433827 0.753476 0.494031
-1.137094 -3.851818 30.469949 -44.454811 0.709377 -0.064044 0.701914 -0.575872 -0.626863 0.524799 -0.406394 0.776493 0.481563
-1.887055 -4.398093 58.293267 -43.271992 0.845462 0.130994 0.517721 -0.334734 -0.625387 0.704872 -0.416110 0.769241 0.484893
-1.833363 -3.673643 77.390574 40.848261 0.858230 0.116680 0.499827 -0.342807 -0.594463 0.727390 -0.382000 0.795613 0.470187
-1.260249 -3.282322 15.645909 6.169540 0.728309 -0.052921 0.683202 -0.571898 -0.596177 0.563476 -0.377489 0.801107 0.464467
-1.227752 -3.487488 -24.457463 20.371330 0.549373 -0.204823 0.810085 0.739024 0.571509 -0.356681 -0.389914 0.794623 0.465341
-1.111801 -12.954817 1.878551 16.005317 0.868936 0.360160 0.339464 0.487474 -0.741377 -0.461226 -0.085556 -0.566255 0.819778
-1.174161 -13.966221 9.270300 80.434581 0.869612 0.371152 0.325608 0.482830 -0.777110 -0.403702 -0.103198 -0.508277 0.854988
-0.958999 -14.464300 2.361485 188.067525 0.865362 0.370293 0.337686 0.481261 -0.801967 -0.353887 -0.139771 -0.468756 0.872200
-0.924609 -13.470380 -29.008150 119.395147 0.860656 0.358430 0.361663 0.491493 -0.770399 -0.406103 -0.133065 -0.527269 0.839214
1.422309 -23.948646 68.932152 -782.141745 0.372060 0.801628 -0.467936 0.741906 0.046126 0.668915 0.557805 -0.596041 -0.577571
-0.150296 -47.423597 141.361744 2136.730769 0.394789 0.810340 -0.433002 -0.591563 -0.136407 -0.794636 0.702990 -0.569862 -0.425515
-0.073247 -35.102437 28.269502 1817.374080 0.447550 0.817132 -0.363311 -0.613742 -0.014815 -0.789368 0.650400 -0.576261 -0.494877
1.591289 -54.414070 -62.101508 1275.979383 -0.526937 0.317592 -0.788336 0.849650 0.174146 -0.497763 -0.020800 -0.932099 -0.361606
2.236653 -50.601120 -294.250948 735.774147 -0.517870 0.323364 -0.791989 0.779377 -0.203336 -0.592643 -0.352679 -0.924170 -0.146721
1.014350 -49.523227 -170.081623 678.631994 -0.514470 0.295505 -0.804983 0.806055 -0.153631 -0.571553 -0.292567 -0.942907 -0.159155
2.454248 -52.839902 21.095971 1071.651301 -0.494093 0.290710 -0.819366 0.869344 0.176773 -0.461511 0.010676 -0.940340 -0.340069
1.875991 -44.745843 97.850153 264.840050 -0.555686 0.297822 -0.776219 0.790847 0.477356 -0.383005 0.256466 -0.826700 -0.500791
1.906647 -38.256425 12.856766 816.660930 -0.526496 0.335013 -0.781389 0.838767 0.354758 -0.413057 0.138824 -0.872876 -0.467777
-11.251527 -15.499121 59.079113 383.177858 0.250063 0.127870 -0.959749 0.926516 -0.319419 0.198847 -0.281135 -0.938947 -0.198348
-9.286462 -17.431798 56.085489 743.347082 0.308089 0.224092 -0.924588 0.934673 -0.252514 0.250248 -0.177393 -0.941286 -0.287250
5.768605 -9.602693 -311.503885 178.066352 0.371295 0.660138 -0.652961 0.926262 -0.312301 0.210968 -0.064652 -0.683144 -0.727416
7.970321 -12.189376 -219.854157 544.750748 0.394212 0.710522 -0.582885 0.917124 -0.344861 0.199885 -0.058991 -0.613375 -0.787586
9.528836 -21.925866 -342.325272 1024.968252 0.370934 0.707376 -0.601687 0.905070 -0.420474 0.063634 -0.207981 -0.568173 -0.796193
-0.516750 -10.712034 280.243660 202.104509 -0.608857 -0.074929 -0.789733 0.362304 0.859370 -0.360859 0.705712 -0.505835 -0.496087
-1.301385 -9.899740 -87.838666 119.263375 -0.659004 -0.423221 -0.621771 0.058001 0.795612 -0.603023 0.749900 -0.433457 -0.499764
3.954336 -8.067806 895.150960 116.684480 -0.722461 -0.613410 -0.319028 -0.237827 0.653731 -0.718383 0.649221 -0.443130 -0.618181
1.233193 -7.682313 31.712555 -238.647265 0.766538 -0.473328 0.434028 0.450982 -0.084410 -0.888533 -0.457204 -0.876833 -0.148758
0.924796 -4.721719 56.321670 -137.043314 0.842259 -0.471120 0.262003 0.272957 -0.046399 -0.960907 -0.464859 -0.880848 -0.089516
0.131954 -3.298851 60.173271 -125.465024 0.838327 -0.455268 0.299898 0.304123 -0.066007 -0.950343 -0.452456 -0.887904 -0.083122
-0.235731 -4.133301 54.248832 -136.239620 0.763935 -0.435754 0.475944 0.473858 -0.121834 -0.872133 -0.438021 -0.891782 -0.113413
-2.796482 -8.305931 -59.533217 151.198243 0.821051 0.063694 -0.567290 -0.077757 0.996972 -0.000601 0.565534 0.044605 0.823518
-3.275902 -6.601626 -72.747403 50.940649 0.800169 0.121298 -0.587382 -0.140838 0.989953 0.012573 0.583005 0.072665 0.809212
-2.966458 -6.753088 -42.903207 -30.556451 0.806475 0.108676 -0.581195 -0.153800 0.987684 -0.028731 0.570914 0.112558 0.813257
-3.425926 -8.609450 -76.122807 245.210718 0.803826 0.036358 -0.593752 -0.036527 0.999264 0.011739 0.593741 0.012251 0.804563
-2.036566 -6.745624 -26.791042 -5.199726 0.824653 0.071687 -0.561078 -0.116455 0.992203 -0.044391 0.553521 0.101948 0.826572
-1.501955 -7.784207 -55.162785 109.521860 0.827204 0.122375 -0.548414 -0.115821 0.992172 0.046698 0.549835 0.024889 0.834902
-1.728528 -10.788110 -79.872545 326.238065 0.831156 0.075015 -0.550956 -0.044797 0.996671 0.068120 0.554232 -0.031937 0.831750
-2.543815 -12.693703 -105.638744 379.898546 0.821172 0.013240 -0.570527 0.028473 0.997535 0.064130 0.569970 -0.068907 0.818771
-0.815923 -8.103726 75.699571 34.103757 -0.374945 0.593445 -0.712207 0.881301 -0.010178 -0.472446 -0.287620 -0.804810 -0.519188
-1.522231 -7.997827 36.266166 -20.761896 -0.395865 0.576013 -0.715192 0.835998 -0.096222 -0.540230 -0.379997 -0.811757 -0.443455
-2.021126 -7.766121 3.716500 -36.703903 -0.437093 0.557806 -0.705551 0.809313 -0.098303 -0.579093 -0.392379 -0.824129 -0.408472
0.218506 -9.446632 -9.969298 154.973158 -0.097928 0.497785 -0.861754 0.389106 0.816138 0.427218 0.915973 -0.293477 -0.273614
0.118157 -10.446426 37.288872 207.704844 -0.103575 0.518323 -0.848889 0.433672 0.791613 0.430438 0.895098 -0.323557 -0.306773
0.409645 -8.760262 -20.741068 5.128691 -0.100403 0.473401 -0.875106 0.319928 0.848200 0.422140 0.942107 -0.237586 -0.236616
0.506877 -9.336195 9.343888 -127.211323 -0.108021 0.449791 -0.886578 0.274840 0.870550 0.408173 0.955403 -0.199575 -0.217658
-4.637153 -17.170858 -158.934738 666.710108 -0.398405 -0.582740 0.708299 -0.252988 0.812093 0.525834 -0.881629 0.030304 -0.470969
-4.850232 -12.311359 -164.584963 587.401135 -0.387293 -0.601771 0.698481 -0.109230 0.782221 0.613351 -0.915463 0.161251 -0.368680
-2.899313 -11.745641 -243.486038 529.723493 -0.417266 -0.639130 0.646067 -0.152405 0.750058 0.643572 -0.895914 0.170077 -0.410381
-0.148944 -18.956111 -2.950321 -7.869819 -0.007357 0.477758 -0.878460 0.727478 0.605294 0.323102 0.686091 -0.636684 -0.352012
-0.070228 -19.838221 -2.212750 -21.014327 -0.024885 0.461631 -0.886723 0.667173 0.668232 0.329160 0.744487 -0.583406 -0.324616
0.079887 -21.627775 10.055099 -346.448703 -0.058041 0.444930 -0.893683 0.538710 0.767629 0.347186 0.840490 -0.461285 -0.284242
0.012274 -23.772624 6.407088 -355.126428 -0.068663 0.426348 -0.901949 0.352870 0.856020 0.377774 0.933150 -0.292332 -0.209222
-1.845201 -19.909470 35.329673 273.370044 -0.183832 -0.317891 0.930135 -0.418236 0.881629 0.218653 -0.889542 -0.348820 -0.295025
-1.510826 -23.520231 30.826819 193.430845 -0.169431 -0.355116 0.919340 -0.624788 0.760124 0.178469 -0.762190 -0.544154 -0.350661
-1.498049 -20.349826 34.613407 236.747795 -0.152756 -0.340754 0.927660 -0.503913 0.834339 0.223496 -0.850140 -0.433319 -0.299160
-2.111669 -24.226896 35.172659 350.530236 -0.199370 -0.346474 0.916628 -0.532939 0.823310 0.195285 -0.822331 -0.449572 -0.348793
-1.680153 -19.313675 -55.418303 554.952339 -0.238419 -0.324253 0.915432 -0.279572 0.925629 0.255052 -0.930052 -0.195120 -0.311339
-4.908104 -6.938547 100.584010 -47.107442 -0.163847 -0.225796 0.960297 0.842440 -0.538518 0.017116 0.513273 0.811797 0.278454
-5.338087 -7.844824 16.084330 -69.255232 0.105038 -0.319857 0.941625 0.812889 -0.517829 -0.266577 0.572868 0.793438 0.205617
-5.103255 -8.572437 27.304110 -16.679553 0.252280 -0.432173 0.865784 0.711772 -0.523257 -0.468596 0.655542 0.734458 0.175601
-1.975997 -3.918404 -18.817383 -146.474852 -0.449771 0.520865 -0.725538 0.680767 -0.325922 -0.655997 -0.578155 -0.788970 -0.207998
2.940078 -22.348378 87.462188 -7.003337 -0.250367 -0.549577 -0.797046 0.829212 0.303213 -0.469541 0.499723 -0.778478 0.379802
2.254532 -21.559807 95.508572 156.384647 -0.256041 -0.540683 -0.801314 0.726116 0.439635 -0.528655 0.638121 -0.717205 0.280035
-2.807484 -22.431921 22.496183 341.077250 -0.455170 -0.350971 0.818315 0.884224 -0.070075 0.461776 -0.104727 0.933760 0.342233
-2.253238 -26.963952 -35.826982 678.098044 -0.433548 -0.321837 0.841699 0.863555 0.118526 0.490126 -0.257504 0.939347 0.226537
-2.377239 -26.952901 17.367842 555.728117 -0.445907 -0.369126 0.815422 0.839572 0.143335 0.523998 -0.310300 0.918260 0.245993
-1.248199 -38.421823 38.613662 327.276554 -0.420044 -0.405829 0.811706 0.252511 0.806850 0.534071 -0.871666 0.429298 -0.236436
-1.178693 -35.942539 105.098884 441.681596 -0.413388 -0.427677 0.803867 0.526034 0.608437 0.594216 -0.743235 0.668504 -0.026548
-1.261651 -36.473684 77.323143 163.084251 -0.420901 -0.418621 0.804736 0.253696 0.797419 0.547505 -0.870908 0.434603 -0.229432
-1.333429 -36.809899 70.105075 26.204769 -0.421373 -0.407435 0.810211 -0.019871 0.897331 0.440912 -0.906670 0.169689 -0.386207
-2.049448 -7.056669 40.514991 128.331591 -0.180591 0.897710 0.401875 -0.014803 0.406066 -0.913724 0.983447 0.170959 0.060043
-2.416916 -8.371885 -0.817314 89.339361 -0.168589 0.843249 0.510401 0.057339 0.525325 -0.848967 0.984017 0.113860 0.136915
-1.933695 -7.806079 -13.186457 124.858126 -0.143854 0.864332 0.481910 -0.021065 0.484190 -0.874709 0.989375 0.135982 0.051445
-2.422129 -7.120508 34.576602 96.816179 -0.203240 0.919497 0.336481 0.055473 0.353915 -0.933631 0.977556 0.171086 0.122937
-1.425092 -5.746155 64.701472 135.173337 -0.183966 0.952427 0.242980 -0.058320 0.236187 -0.969956 0.981201 0.192610 -0.012095
-1.253134 -5.526924 89.367243 95.761074 -0.203764 0.972435 0.113357 0.007465 0.117326 -0.993065 0.978992 0.201504 0.031166
2.547484 -77.706181 41.963444 3566.548504 -0.418601 -0.313916 0.852191 -0.392319 0.908793 0.142057 -0.819060 -0.274866 -0.503577
2.199848 -64.228483 76.686376 2800.310990 -0.369971 -0.306096 0.877170 -0.071462 0.950743 0.301629 -0.926291 0.048910 -0.373622
1.177374 -67.478657 107.085784 2768.900027 -0.358131 -0.276481 0.891796 -0.052842 0.959621 0.276288 -0.932175 0.051823 -0.358280
1.759722 -17.611741 -140.162038 143.767593 -0.187936 -0.632461 -0.751447 0.341186 0.675397 -0.653782 0.921017 -0.379253 0.088856
2.226745 -17.484926 -99.483435 142.416911 -0.200089 -0.608529 -0.767891 0.369502 0.679003 -0.634369 0.907432 -0.410667 0.088992
2.489590 -19.360858 38.773293 322.438101 -0.245547 -0.571800 -0.782785 0.470472 0.635734 -0.611963 0.847563 -0.518543 0.112913
-0.837966 -9.857493 101.159562 161.545374 -0.123796 0.952025 0.279864 -0.291180 0.234766 -0.927415 0.948625 0.196301 -0.248147
5.128263 -4.985628 -114.037867 -40.525501 0.150590 0.447465 -0.881532 0.984331 0.014881 0.175704 0.091739 -0.894178 -0.438212
4.561029 -5.697953 -134.559657 -52.457240 0.083503 0.431032 -0.898464 0.984925 0.101368 0.140169 0.151493 -0.896625 -0.416070
3.388547 -269.465328 5412.938875 -17069.901759 0.785566 0.497264 0.368259 0.364215 0.109539 -0.924851 0.500234 -0.860656 0.095061
-63.745798 -325.651675 2933.404580 -23008.216694 -0.254589 0.883441 -0.393340 -0.792656 -0.423636 -0.438440 0.553969 -0.200161 -0.808118
8.911762 0.742228 -539.429609 15.461591 0.865794 -0.367687 -0.339422 0.138697 -0.475395 0.868771 0.480795 0.799253 0.360597
