13510
27003
-3.855946 -5.278308 15.296599 57.653809 -0.421483 0.093449 0.902009 0.039512 0.995624 -0.084685 -0.905975 -0.000054 -0.423331
-4.427404 -6.502001 14.335109 59.023926 -0.481495 0.187204 0.856223 -0.004551 0.976375 -0.216034 -0.876437 -0.107916 -0.469267
-2.772826 -7.272940 39.373297 99.764841 -0.366448 0.184392 0.911984 0.007502 0.980720 -0.195275 -0.930408 -0.064717 -0.360766
-3.948288 -4.700560 -13.058041 26.314470 -0.371644 -0.675938 0.636388 -0.339718 0.736958 0.584366 -0.863986 0.000984 -0.503515
-3.389164 -5.000477 32.792471 65.849945 -0.345625 0.120408 0.930615 0.108977 0.990173 -0.087641 -0.932023 0.071125 -0.355351
-3.382328 -4.100893 1.735396 23.513551 0.335303 0.768425 -0.545064 -0.298022 0.635360 0.712391 -0.893731 0.076426 -0.442046
-4.404003 -6.288112 23.863006 13.748366 0.586065 0.751789 -0.302226 -0.755845 0.641639 0.130376 -0.291936 -0.152027 -0.944278
-3.970638 -6.014035 24.523900 12.697221 0.480274 0.846548 -0.229550 -0.781828 0.531808 0.325463 -0.397596 -0.023157 -0.917268
-3.715668 -6.238423 15.859224 22.087072 0.558992 0.813507 -0.160421 -0.801702 0.579648 0.145882 -0.211664 -0.047064 -0.976209
-4.293294 -6.488434 19.210807 -9.982535 0.629440 0.719785 -0.292771 0.760518 -0.647953 0.042060 -0.159428 -0.249131 -0.955257
-4.663239 -6.538694 15.169147 7.074757 0.642767 0.626952 -0.440206 0.722529 -0.687105 0.076409 -0.254564 -0.367175 -0.894640
-3.273905 -6.123143 0.029487 37.357715 -0.285362 -0.282425 0.915863 0.856406 -0.504147 0.111373 0.430275 0.816132 0.385735
-2.900035 -6.297160 8.199812 47.686763 -0.263804 -0.386573 0.883724 0.867949 -0.494819 0.042643 0.420799 0.778277 0.466061
-3.089265 -5.519304 5.500972 22.600739 -0.339432 -0.276044 0.899214 0.773984 -0.625223 0.100228 0.534542 0.729998 0.425874
-3.225348 -5.431605 7.966682 23.495116 -0.315639 -0.170936 0.933356 0.774414 -0.614813 0.149291 0.548320 0.769926 0.326434
-3.244191 -5.931065 6.616565 28.378841 -0.266816 -0.191472 0.944536 0.857051 -0.495367 0.141685 0.440763 0.847319 0.296273
1.582421 -3.291053 21.754142 28.024072 0.018553 -0.304657 0.952282 0.259622 0.921243 0.289669 -0.965532 0.241859 0.096187
2.094631 -3.163315 -21.498097 14.931658 -0.080746 -0.308375 0.947832 0.249895 0.914302 0.318755 -0.964900 0.262596 0.003235
1.852569 -3.067804 -2.796550 -3.339130 -0.002722 -0.249107 0.968472 0.282201 0.928921 0.239727 -0.959352 0.273956 0.067770
1.383333 -3.197643 48.640213 3.773371 0.093289 -0.223479 0.970234 0.294945 0.936947 0.187452 -0.950949 0.268678 0.153321
1.044612 -3.050872 32.306331 -15.733199 0.075026 -0.193296 0.978268 0.359830 0.920183 0.154223 -0.929996 0.340440 0.138592
1.415526 -2.842480 -0.486100 -13.906195 0.011441 -0.213051 0.976974 0.346163 0.917468 0.196021 -0.938105 0.335949 0.084247
0.556063 -5.834005 -24.876453 72.816654 -0.090522 0.724935 0.682843 0.868556 -0.277999 0.410277 0.487254 0.630227 -0.604481
1.260082 -5.281830 -44.675815 58.107952 -0.024297 0.716330 0.697339 0.830943 -0.373358 0.412477 0.555827 0.589471 -0.586158
1.722640 -7.187268 -48.008035 70.429348 -0.044975 0.720070 0.692443 0.922446 -0.236155 0.305491 0.383498 0.652480 -0.653604
-0.028920 -2.203125 5.110628 -1.878075 -0.667888 0.149709 0.729049 -0.137637 0.937819 -0.318671 -0.731424 -0.313181 -0.605753
-0.082814 -2.024562 3.477322 14.682265 -0.655410 0.074592 0.751581 -0.139985 0.965873 -0.217932 -0.742188 -0.248045 -0.622600
-0.178428 -1.823151 6.248582 -0.098179 -0.658295 0.068926 0.749597 -0.155548 0.961852 -0.225045 -0.736513 -0.264745 -0.622461
-0.192039 -1.646996 7.982829 -15.554674 -0.678358 0.219568 0.701156 -0.108100 0.914091 -0.390834 -0.726735 -0.340921 -0.596346
-0.429658 -1.537449 3.227484 -9.173035 -0.664678 0.023508 0.746760 -0.208389 0.954006 -0.215515 -0.717480 -0.298865 -0.629208
-0.094852 -5.739359 0.771158 -25.147595 0.059723 0.174736 -0.982802 0.996210 0.051937 0.069772 0.063235 -0.983245 -0.170972
0.009946 -5.685895 7.830844 -14.158721 0.104154 0.195499 -0.975157 0.991114 0.061167 0.118121 0.082740 -0.978795 -0.187391
0.055140 -6.670796 3.238739 -20.656010 0.113027 0.191583 -0.974947 0.964709 0.213710 0.153835 0.237828 -0.957927 -0.160667
-0.120477 -6.529674 -1.004327 -47.170199 0.058104 0.165701 -0.984463 0.992654 0.095238 0.074617 0.106123 -0.981567 -0.158950
-0.083087 -7.552648 1.980758 -26.161403 0.103523 0.186099 -0.977062 0.952494 0.264336 0.151267 0.286423 -0.946305 -0.149893
0.170649 -7.181722 3.561134 -10.731765 0.159126 0.203876 -0.965978 0.894873 0.383483 0.228349 0.416991 -0.900764 -0.121421
0.315709 -6.554601 5.875187 -14.832482 0.176986 0.200805 -0.963511 0.912019 0.334564 0.237253 0.369998 -0.920730 -0.123925
0.343206 -11.413828 -4.078939 -14.344415 0.170505 0.153348 -0.973351 0.985325 -0.034461 0.167174 -0.007907 -0.987571 -0.156973
0.404673 -11.003741 -3.720875 -9.487205 0.174017 0.168985 -0.970135 0.972527 0.125200 0.196254 0.154625 -0.977634 -0.142556
0.612799 -10.311924 -7.859561 -35.705177 0.205761 0.166427 -0.964347 0.977878 -0.072878 0.196071 -0.037648 -0.983357 -0.177741
0.492266 -10.324161 -7.241051 -82.132214 0.192523 0.147301 -0.970174 0.954584 -0.257210 0.150378 -0.227387 -0.955063 -0.190130
0.211253 -11.025078 -3.685239 -75.884455 0.168439 0.144049 -0.975130 0.961671 -0.241165 0.130489 -0.216370 -0.959734 -0.179150
1.956928 -2.074538 48.939390 -20.580012 -0.597743 0.796643 0.089794 -0.148994 -0.000337 -0.988838 0.787721 0.604450 -0.118897
1.647834 -2.530617 48.713839 -32.080476 -0.605720 0.793221 0.062489 -0.165835 -0.049044 -0.984933 0.778205 0.606956 -0.161251
1.987079 -2.245243 3.624322 -18.759275 -0.491185 0.853430 0.174342 -0.242862 0.058036 -0.968323 0.836514 0.517967 -0.178759
0.227379 -10.836549 26.093108 -54.059885 -0.325450 -0.024820 0.945233 0.871253 -0.396316 0.289572 0.367424 0.917779 0.150605
0.088522 -8.536253 3.182395 -73.131925 -0.274019 -0.005594 0.961708 0.902676 -0.346493 0.255183 0.331798 0.938036 0.099995
0.249627 -9.179664 20.093846 -37.525622 -0.287762 -0.032038 0.957166 0.931162 -0.243014 0.271810 0.223897 0.969494 0.099763
0.789262 -10.997163 19.175983 7.023989 -0.313989 -0.003815 0.949419 0.938653 -0.151468 0.309820 0.142625 0.988455 0.051140
0.572478 -11.759693 9.281068 -84.076667 -0.324237 0.038639 0.945186 0.857597 -0.409689 0.310939 0.399246 0.911407 0.099700
2.756875 -18.845203 106.549676 53.887108 0.070591 -0.003238 -0.997500 0.892544 -0.446308 0.064613 -0.445401 -0.894874 -0.028615
2.696167 -20.445704 69.804819 -313.526252 0.075370 -0.036823 -0.996476 0.706954 -0.702783 0.079442 -0.703232 -0.710450 -0.026937
11.115997 -15.152758 443.750249 12.045226 0.271007 -0.116872 -0.955456 0.863553 -0.408986 0.294967 -0.425242 -0.905025 -0.009913
28.954359 -14.710196 1121.993517 287.135988 0.357650 -0.004432 -0.933845 0.931159 -0.074245 0.356974 -0.070915 -0.997230 -0.022427
-1.429642 -10.982921 -29.818998 -163.423494 -0.314397 0.092784 0.944746 0.757762 -0.574927 0.308635 0.571797 0.812927 0.110447
-1.801579 -14.169309 52.519332 192.557362 0.270371 -0.100318 -0.957515 -0.613172 0.748814 -0.251592 0.742240 0.655145 0.140945
-0.652817 -11.908155 -31.205375 -155.676244 -0.252148 0.049331 0.966430 0.713723 -0.664929 0.220156 0.653469 0.745275 0.132452
-0.525095 -8.603297 -16.049008 -101.545365 -0.309780 0.048516 0.949570 0.831488 -0.470558 0.295300 0.461154 0.881034 0.105429
-0.857335 -7.095934 -12.388507 -86.838868 -0.314367 0.047484 0.948113 0.850485 -0.429600 0.303512 0.421721 0.901770 0.094667
-2.161962 -8.835154 12.141403 -38.450194 -0.072531 0.077219 0.994372 0.527514 0.849102 -0.027460 -0.846444 0.522554 -0.102320
-1.852892 -8.060148 18.609392 -45.849721 -0.038778 0.071252 0.996704 0.342463 0.937994 -0.053731 -0.938731 0.339250 -0.060775
-1.622141 -8.955658 15.766063 -58.017970 -0.021455 0.028067 0.999376 0.469018 0.883066 -0.014731 -0.882928 0.468409 -0.032111
-2.312404 -7.983048 14.015019 -42.139233 -0.072745 0.116907 0.990475 0.372647 0.924367 -0.081735 -0.925118 0.363152 -0.110808
-0.128346 -19.634348 23.075614 29.196798 -0.615049 -0.195491 0.763870 0.760211 -0.404142 0.508673 0.209271 0.893562 0.397182
-0.369267 -25.787443 13.074028 -199.178388 0.651277 0.109777 -0.750857 0.604782 -0.672738 0.426219 0.458342 0.731691 0.504530
-0.308806 -21.671348 -18.778106 -126.143935 0.669971 0.137810 -0.729484 0.580667 -0.709522 0.399255 0.462564 0.691077 0.555381
-0.248016 -15.106504 23.365868 7.442259 -0.627876 -0.181601 0.756830 0.702407 -0.551068 0.450497 0.335254 0.814460 0.473561
-0.956759 -2.910498 -5.602176 -24.239424 -0.362518 -0.701726 0.613320 -0.426555 0.710041 0.560262 -0.828632 -0.058510 -0.556727
-1.139413 -2.743441 -10.090750 -22.727603 -0.364132 -0.668580 0.648390 -0.434693 0.737707 0.516557 -0.823681 -0.093756 -0.559249
-1.164934 -3.513668 6.626131 -29.136095 0.323483 0.728363 -0.604025 -0.383972 0.684469 0.619732 -0.864826 -0.031457 -0.501085
-0.939060 -3.474187 4.612815 -30.111485 0.350870 0.731809 -0.584248 -0.381004 0.681502 0.624813 -0.855410 -0.003373 -0.517941
0.912944 -0.109128 -6.898818 -61.684982 0.072171 0.669338 -0.739444 -0.316251 0.718479 0.619494 0.945926 0.189140 0.263533
1.197682 0.682369 -9.710556 48.790351 -0.045366 0.800051 -0.598214 0.314490 -0.556944 -0.768707 0.948176 0.223005 0.226341
1.651607 0.681050 -63.732307 5.777383 -0.208226 0.977678 0.028051 0.230692 0.076963 -0.969978 0.950486 0.195504 0.241568
0.198752 -2.402980 32.824972 -25.804961 -0.091334 0.166506 -0.981801 -0.471967 0.860919 0.189911 0.876872 0.480723 -0.000046
-0.022373 -2.963985 32.374694 -15.504298 -0.115609 0.205551 -0.971794 -0.546195 0.804008 0.235039 0.829642 0.557961 0.019321
-0.494195 -2.784796 12.731670 -23.507942 -0.111373 0.258049 -0.959691 -0.494564 0.823228 0.278750 0.861976 0.505674 0.035937
-4.446643 -6.385726 -78.056614 42.038091 -0.361624 0.668380 0.649997 0.301175 -0.576055 0.759904 -0.882339 -0.470562 -0.007016
-5.249902 -7.208130 -79.105193 -112.740916 -0.283501 0.526086 0.801786 -0.327910 0.732511 -0.596576 -0.901167 -0.432044 -0.035159
-4.501195 -6.786745 -54.781681 -21.959296 -0.392376 0.583047 0.711405 -0.218796 0.692067 -0.687875 -0.893403 -0.425558 -0.143982
-5.406686 -6.408285 -28.349241 -80.428325 -0.154962 0.483474 0.861533 -0.422633 0.755795 -0.500154 -0.892955 -0.441618 0.087213
-4.164603 -6.341187 32.912339 28.574204 -0.412730 0.699036 0.583954 0.250148 -0.529467 0.810611 -0.875831 -0.480639 -0.043664
-4.818414 -5.951879 -105.280534 0.340960 -0.287503 0.629199 0.722116 0.417224 -0.596378 0.685753 -0.862129 -0.498440 0.091056
-4.015387 -5.977473 -43.542584 39.725095 -0.409237 0.717273 0.563955 0.346359 -0.449698 0.823291 -0.844133 -0.532252 0.064401
0.146381 -12.750732 3.060364 -253.719690 0.986541 -0.093231 -0.134329 0.163509 0.567944 0.806663 -0.001085 0.817770 -0.575544
-0.710936 -42.750283 -77.951517 -1047.546525 0.977448 0.035129 0.208236 -0.200013 0.470391 0.859493 0.067759 0.881759 -0.466808
0.318121 -13.583075 5.798209 -231.805507 0.977277 -0.090287 -0.191778 0.211417 0.480388 0.851193 -0.015276 0.872396 -0.488560
0.594280 -10.095974 14.950345 -62.428999 0.957210 -0.095393 -0.273221 0.289392 0.319504 0.902313 -0.001221 0.942771 -0.333439
1.934555 -7.763666 11.697647 29.629730 0.907261 -0.091633 -0.410465 0.400233 0.487925 0.775721 -0.129195 0.868063 -0.479349
-4.938503 -5.092237 -3.367608 -14.025703 -0.297431 -0.304619 -0.904844 -0.068946 0.952113 -0.297870 0.952251 -0.026210 -0.304190
-4.737676 -5.074842 -21.922387 0.281099 0.251113 0.940634 0.228362 -0.366908 0.310814 -0.876797 0.895724 -0.136387 -0.423176
-5.041069 -5.385687 -6.074642 -13.537207 -0.384891 -0.088262 -0.918732 -0.108266 0.992862 -0.050027 0.916590 0.080213 -0.391700
-4.767072 -5.509707 -11.625343 -5.002101 -0.229233 -0.111935 -0.966914 -0.213120 0.975035 -0.062349 0.949754 0.191776 -0.247365
-5.130500 -5.609088 -7.291855 -10.319213 -0.473092 -0.062751 -0.878775 -0.200589 0.978935 0.038085 0.857874 0.194291 -0.475713
-4.885472 -5.651406 -13.910768 0.656367 -0.310011 -0.074595 -0.947802 -0.324642 0.945303 0.031787 0.893589 0.317551 -0.317271
0.133130 -2.015923 12.768139 11.955298 0.377347 0.185831 -0.907236 0.862618 -0.426923 0.271341 -0.336896 -0.884988 -0.321399
0.680211 -2.331658 17.120923 12.891134 0.395232 0.171546 -0.902421 0.847516 -0.446986 0.286216 -0.354270 -0.877938 -0.322051
0.339252 -1.907328 11.780106 2.572546 0.309548 0.216259 -0.925966 0.904661 -0.366897 0.216737 -0.292863 -0.904775 -0.309213
0.368292 -2.514962 19.805850 17.156788 0.470289 0.142595 -0.870916 0.790843 -0.506061 0.344193 -0.391656 -0.850629 -0.350765
0.185810 -1.777500 2.157476 -2.511277 0.234547 0.245485 -0.940598 0.925250 -0.353151 0.138552 -0.298161 -0.902785 -0.309966
-0.044027 -1.772270 2.004589 6.358633 0.298622 0.211201 -0.930709 0.892255 -0.407859 0.193731 -0.338681 -0.888282 -0.310241
-0.059262 -2.241260 14.354803 18.355228 0.461173 0.141541 -0.875949 0.802639 -0.487400 0.343820 -0.378272 -0.861631 -0.338382
-0.099092 -1.593866 4.931553 15.634482 0.373419 0.129157 -0.918628 -0.438609 0.897163 -0.052153 0.817423 0.422393 0.391667
-0.202681 -1.426109 3.638027 12.194056 0.472491 -0.074392 -0.878190 -0.355922 0.895457 -0.267351 0.806270 0.438888 0.396618
-0.279489 -0.573287 0.523750 8.281536 0.567689 -0.263321 -0.779995 -0.262992 0.839812 -0.474923 0.780106 0.474740 0.407500
-0.014964 -2.048220 -2.815402 2.330505 0.450098 -0.017860 -0.892801 -0.325436 0.927760 -0.182626 0.831567 0.372749 0.411771
-0.226525 -0.594365 3.151862 45.682991 0.175920 0.442304 -0.879443 -0.610484 0.749853 0.255010 0.772244 0.492025 0.401933
-0.073259 -1.891605 14.052212 17.367821 0.297358 0.232301 -0.926075 -0.480714 0.874465 0.065000 0.824919 0.425849 0.371699
0.262593 -2.210864 11.387629 0.615274 0.392673 0.054891 -0.918039 -0.331392 0.939605 -0.085566 0.857897 0.337830 0.387148
-0.497613 -6.660016 -2.115672 7.920495 -0.372799 -0.378434 0.847236 -0.541266 0.830313 0.132708 -0.753692 -0.409107 -0.514373
-0.588270 -6.711059 6.134258 12.536199 0.395602 0.369897 -0.840640 0.710543 -0.703211 0.024954 -0.581917 -0.607183 -0.541019
-0.614901 -6.964444 -4.421805 7.372380 -0.362139 -0.363496 0.858328 -0.553383 0.824834 0.115832 -0.750082 -0.433036 -0.499856
-0.450530 -6.572412 -3.810462 26.116093 -0.351408 -0.383625 0.854017 -0.327475 0.904938 0.271750 -0.877082 -0.184174 -0.443630
-0.619128 -7.045494 0.952376 11.569978 -0.331599 -0.324488 0.885861 -0.484149 0.864444 0.135414 -0.809717 -0.383986 -0.443749
-0.769095 -7.192936 3.728788 -5.394893 -0.328993 -0.300781 0.895151 -0.681397 0.731900 -0.004506 -0.653806 -0.611436 -0.445741
-0.121384 -4.969796 -4.620360 25.523908 0.425979 0.176972 -0.887256 0.861053 0.221734 0.457626 0.277722 -0.958913 -0.057928
-0.275712 -4.787195 -6.186344 19.685755 0.444120 0.182348 -0.877215 0.851457 0.218857 0.476573 0.278887 -0.958567 -0.058063
-0.104376 -4.419211 -5.529919 9.240505 0.461118 0.183644 -0.868127 0.793852 0.351728 0.496071 0.396446 -0.917912 0.016402
0.019474 -4.581636 -3.014135 10.675902 0.450915 0.187409 -0.872670 0.802798 0.342174 0.488295 0.390115 -0.920758 0.003840
-0.119956 -4.282009 -3.866493 -3.288069 0.480313 0.200164 -0.853952 0.718049 0.469380 0.513895 0.503691 -0.860010 0.081722
-0.024874 -4.396960 -2.123538 -5.472309 0.480289 0.208989 -0.851848 0.725300 0.451492 0.519706 0.493216 -0.867455 0.065267
1.236376 -9.450161 20.525412 27.248574 -0.245556 0.158783 -0.956290 0.587662 0.808937 -0.016584 0.770945 -0.566047 -0.291950
0.639139 -9.422911 14.892078 -11.639511 -0.284396 0.142669 -0.948032 0.631091 0.772257 -0.073102 0.721695 -0.619084 -0.309663
0.823161 -9.195580 7.796986 -45.191045 -0.224868 0.138641 -0.964476 0.772727 0.628348 -0.089838 0.593571 -0.765478 -0.248427
0.864272 -9.276974 20.289708 38.635961 -0.295033 0.142847 -0.944749 0.433428 0.901188 0.000906 0.851525 -0.409213 -0.327794
1.159593 -9.193357 10.673389 10.609378 -0.164340 0.156237 -0.973952 0.721167 0.692681 -0.010570 0.672986 -0.704119 -0.226508
1.780086 -9.147664 25.882388 68.221288 -0.185472 0.187001 -0.964692 0.539203 0.840094 0.059180 0.821499 -0.509189 -0.256646
1.692950 -8.912068 29.779274 53.363358 -0.254646 0.173455 -0.951351 0.404775 0.912572 0.058039 0.878244 -0.370304 -0.302593
95.041801 -3.779269 -15846.314549 38.226890 -0.137832 -0.299602 0.944056 0.868702 0.421286 0.260528 -0.475772 0.856012 0.202198
1208.346374 -17.701518 -205224.564533 -35.149043 -0.031570 -0.492918 0.869503 0.865419 0.421752 0.270511 -0.500054 0.761024 0.413266
89.277565 -4.159023 -12419.065949 10.837263 -0.148133 -0.386664 0.910246 0.820445 0.465868 0.331415 -0.552201 0.795901 0.248226
140.537212 -3.814586 -24761.126056 79.172421 -0.070703 -0.345425 0.935779 0.897282 0.387798 0.210942 -0.435759 0.854572 0.282525
53.205381 -3.657557 -7534.423486 18.987093 -0.166801 -0.317495 0.933474 0.829458 0.466676 0.306941 -0.533083 0.825476 0.185507
39.338197 -3.293847 -6127.969752 35.962487 -0.113906 -0.293346 0.949196 0.877917 0.417522 0.234386 -0.465067 0.860014 0.209975
76.100302 -3.044668 -13680.866006 25.440942 -0.089104 -0.261172 0.961171 0.900788 0.390656 0.189656 -0.425020 0.882710 0.200451
-2.501812 -3.011689 22.196489 -17.313526 0.034328 0.792519 -0.608880 -0.597675 0.504570 0.623052 -0.801004 -0.342524 -0.490990
-1.721809 -2.732960 25.373340 -11.273856 0.101038 0.793130 -0.600614 -0.637811 0.514959 0.572725 -0.763537 -0.325211 -0.557897
-2.788918 -2.968642 -1.228835 -19.922435 -0.441749 0.896474 -0.034544 -0.449366 -0.187776 0.873390 -0.776485 -0.401342 -0.485794
-2.706683 -3.058673 -0.582634 13.020374 -0.545828 0.355232 0.758869 -0.133345 0.857314 -0.497224 -0.827219 -0.372590 -0.420578
55.830919 -0.404295 -1297.879984 -23.472717 0.085502 -0.863704 0.496694 0.990919 0.125638 0.047893 -0.103769 0.488089 0.866603
101.741046 -0.221451 -1956.703869 -7.963354 0.140368 -0.756177 0.639134 0.989327 0.132608 -0.060386 -0.039092 0.640790 0.766721
54.416695 -1.021812 -914.660418 -79.300094 0.159388 -0.868468 0.469425 0.977621 0.204988 0.047301 -0.137306 0.451380 0.881705
-0.441407 -4.384458 1.415520 4.388576 -0.310096 -0.493164 0.812791 0.893002 0.142219 0.426990 -0.326171 0.858232 0.396295
-0.362765 -4.375674 -1.195603 -7.482239 -0.360208 -0.487783 0.795184 0.904791 0.024891 0.425128 -0.227163 0.872610 0.432376
-0.509591 -4.357693 -1.598118 7.813819 -0.324964 -0.469826 0.820769 0.876576 0.176125 0.447877 -0.354982 0.865011 0.354604
-0.339757 -4.531604 2.363512 -8.212797 -0.342139 -0.509601 0.789460 0.915485 0.008530 0.402262 -0.211727 0.860368 0.463614
-0.488107 -4.614647 3.683739 14.252110 -0.280975 -0.493880 0.822882 0.853149 0.264149 0.449847 -0.439534 0.828437 0.347134
-0.392823 -4.585753 4.813485 5.257376 -0.294149 -0.509856 0.808408 0.896152 0.146901 0.418725 -0.332245 0.847625 0.413697
0.133701 -3.614502 -17.405703 -37.040832 0.393766 0.402649 -0.826331 0.719866 -0.694096 0.004818 -0.571613 -0.596744 -0.563165
0.111413 -3.308519 16.490756 -36.146465 0.341153 0.502994 -0.794111 0.759863 -0.644887 -0.082035 -0.553375 -0.575428 -0.602211
-0.312142 -4.643527 -3.714460 -34.987222 0.426479 0.390126 -0.816037 0.787380 -0.604138 0.122680 -0.445139 -0.694851 -0.564830
0.020241 -4.866244 -21.155696 -31.432573 0.459488 0.328608 -0.825159 0.764805 -0.618761 0.179467 -0.451602 -0.713549 -0.535634
-0.385781 -5.467944 -5.825199 -15.392004 0.455035 0.356736 -0.815894 0.845492 -0.460612 0.270147 -0.279439 -0.812758 -0.511212
-0.601886 -5.444533 -1.509688 -21.427754 0.428701 0.385087 -0.817266 0.854011 -0.467867 0.227522 -0.294756 -0.795493 -0.529443
-0.687018 -13.036209 -5.213310 -22.166965 0.218570 -0.354793 0.909038 -0.174698 0.902285 0.394161 -0.960056 -0.244959 0.135231
-0.785672 -13.184503 -5.612873 -42.423399 0.234153 -0.342537 0.909857 -0.107749 0.920966 0.374449 -0.966210 -0.185715 0.178739
-0.649812 -14.158389 -3.851037 -11.980727 0.217201 -0.350358 0.911084 0.072463 0.936578 0.342886 -0.973434 -0.008455 0.228814
-0.642330 -14.007812 2.891012 7.885386 0.210555 -0.357961 0.909687 0.027022 0.932324 0.360614 -0.977209 -0.051347 0.205978
-0.627858 -14.916778 -5.468068 -48.165868 0.209277 -0.359819 0.909249 0.301578 0.908263 0.290016 -0.930190 0.213515 0.298592
-0.596030 -14.586589 0.779547 -8.727724 0.208667 -0.357660 0.910240 0.256795 0.918108 0.301883 -0.943671 0.170752 0.283424
-1.901549 -3.146552 -1.545075 -20.561513 0.185317 0.644792 -0.741553 -0.215909 0.762901 0.609398 0.958666 0.047176 0.280595
-1.708933 -2.383392 9.690623 -35.945886 0.161032 0.620840 -0.767220 -0.113880 0.783861 0.610404 0.980357 -0.010924 0.196928
-1.476681 -2.396710 33.680993 -25.921761 0.148145 0.153614 -0.976962 -0.038477 0.988010 0.149517 0.988217 0.015441 0.152280
-1.943034 -3.152145 13.559378 -27.558491 0.142384 0.415974 -0.898160 -0.163141 0.904858 0.393214 0.976274 0.090539 0.196700
-2.215446 -3.619944 0.300953 -6.233230 0.151971 0.621686 -0.768382 -0.290097 0.771228 0.566613 0.944854 0.136796 0.297554
0.182313 -22.711312 -4.531909 365.875049 0.105754 -0.461145 0.881000 0.347117 0.847356 0.401867 -0.931840 0.263311 0.249682
-0.004380 -24.178340 -6.069027 232.075612 0.091629 -0.459043 0.883676 0.312990 0.855712 0.412062 -0.945326 0.238825 0.222084
0.280958 -20.399231 12.018894 190.647753 0.119992 -0.460683 0.879416 0.580135 0.751375 0.314451 -0.805633 0.472449 0.357418
0.546099 -23.016256 -29.295726 292.416657 0.047168 -0.430595 0.901312 0.509531 0.786469 0.349064 -0.859159 0.442782 0.256497
0.379472 -17.828624 -7.928204 90.815078 0.081737 -0.418697 0.904440 0.703232 0.667282 0.245355 -0.706246 0.615977 0.348983
-0.842763 -67.147992 -86.734883 1922.937194 -0.178317 -0.148182 0.972751 0.694220 0.681654 0.231097 -0.697324 0.716512 -0.018680
-3.104451 -46.235773 -74.389410 1251.074300 -0.034521 -0.124778 0.991584 0.635999 0.762598 0.118105 -0.770917 0.634724 0.053033
-3.220878 -35.694112 -74.041985 1267.856527 0.033624 -0.099134 0.994506 0.677158 0.734118 0.050283 -0.735069 0.671747 0.091813
0.978030 -3.840514 -8.877430 -9.052740 0.368955 0.212225 -0.904894 0.894552 0.183184 0.407700 0.252286 -0.959898 -0.122260
0.809423 -3.772451 0.825474 -10.401896 0.389994 0.201997 -0.898388 0.888737 0.172712 0.424638 0.240938 -0.964037 -0.112165
1.043820 -4.096583 -8.065107 -7.757046 0.390962 0.208595 -0.896458 0.846559 0.300758 0.439183 0.361228 -0.930609 -0.059003
0.782334 -3.501840 3.363572 -10.577479 0.361220 0.210040 -0.908517 0.922464 0.061929 0.381083 0.136306 -0.975729 -0.171385
0.897915 -3.577516 -6.192931 -8.897162 0.341550 0.222398 -0.913172 0.928126 0.073260 0.364985 0.148071 -0.972200 -0.181392
-0.393219 -10.407798 1.723671 91.625760 0.335515 0.909537 -0.245299 0.412064 -0.375858 -0.830020 0.847132 -0.177406 0.500894
-0.188304 -8.653791 -1.820229 59.566208 0.362970 0.888369 -0.281163 0.338989 -0.406959 -0.848216 0.867951 -0.212566 0.448861
-0.323084 -10.428426 1.751196 103.509692 0.357442 0.890791 -0.280582 0.501761 -0.436555 -0.746764 0.787700 -0.126140 0.603007
-1.873569 -3.956624 6.991300 5.982623 0.151132 0.860050 -0.487313 0.545313 -0.483716 -0.684582 0.824495 0.162276 0.542101
-1.989337 -3.627904 7.778378 5.340266 0.089401 0.868687 -0.487227 0.494416 -0.463365 -0.735423 0.864616 0.175145 0.470918
-1.059703 -3.739227 27.631212 11.901941 -0.114718 0.955053 -0.273337 0.621052 -0.145802 -0.770089 0.775329 0.258099 0.576411
-0.982422 -4.014148 28.846809 9.175438 -0.048620 0.946511 -0.318989 0.690664 -0.198850 -0.695300 0.721540 0.254119 0.644052
-1.910965 -4.332051 5.252164 7.371135 0.197631 0.862316 -0.466210 0.596205 -0.483251 -0.641099 0.778127 0.151256 0.609623
-89.724997 -150.789673 1834.571813 819.522888 0.204178 0.610880 0.764942 -0.584381 0.702959 -0.405397 -0.785372 -0.364245 0.500516
-129.173346 -197.646959 3709.513905 -1207.910766 -0.021324 0.823956 0.566253 -0.031121 -0.566654 0.823368 -0.999288 0.000065 -0.037726
-175.317563 -311.568300 -4824.545500 14805.151261 -0.615295 0.583399 0.530149 0.077986 0.714275 -0.695507 -0.784430 -0.386597 -0.484987
-56.361590 -205.764136 1685.182013 7325.848194 0.467764 0.841990 0.268791 0.374505 -0.464276 0.802617 -0.800589 0.274772 0.532501
-101.717516 -302.756946 3855.309933 -16089.685895 0.734854 -0.429183 0.525158 0.328694 -0.451937 -0.829285 -0.593254 -0.782020 0.191038
976.190688 -1252.089404 -58184.904169 418793.676531 0.982426 -0.070591 0.172786 0.064368 -0.740802 -0.668633 -0.175200 -0.668004 0.723239
-66.285082 -391.641258 1731.871929 12310.536293 0.572525 0.731439 0.370422 0.712136 -0.667525 0.217424 -0.406299 -0.139310 0.903058
-2.462519 -12.181024 -21.329896 -329.593365 0.948627 0.242381 0.203368 0.276151 -0.947992 -0.158280 -0.154427 -0.206309 0.966224
-2.757319 -25.342122 18.727186 -749.568508 0.824247 0.513076 0.239521 0.550080 -0.825878 -0.123846 -0.134273 -0.233836 0.962960
-1.948656 -4.726938 9.206415 -134.434020 0.924833 0.350088 0.148734 0.364467 -0.927499 -0.083129 -0.108848 -0.131090 0.985377
-4.217066 -13.145250 22.182353 -342.584698 0.927258 0.270448 0.258941 0.332193 -0.913288 -0.235697 -0.172744 -0.304570 0.936695
-5.179825 -11.931556 60.864124 -235.475368 0.982227 -0.051377 0.180526 -0.000830 -0.962986 -0.269549 -0.187693 -0.264608 0.945914
0.284334 -51.178936 -58.297172 -1216.214232 0.771570 0.621464 0.135876 0.617858 -0.681252 -0.392616 0.151431 -0.386883 0.909610
-0.202828 -38.482664 -43.254140 -774.412859 0.778528 0.596843 0.194097 0.621215 -0.776854 -0.102906 -0.089367 -0.200691 0.975570
1.434764 -47.430692 -6.542759 -1208.711882 0.740593 0.645228 0.187626 0.664059 -0.745459 -0.057595 -0.102705 -0.167249 0.980551
-5.217502 -6.764620 -1.964397 41.633142 -0.530777 0.091554 0.842552 -0.148654 0.968679 -0.198905 -0.834373 -0.230823 -0.500543
-4.364655 -7.087166 6.377661 35.969532 -0.477440 0.218038 0.851182 -0.176319 0.925244 -0.335909 -0.860792 -0.310456 -0.403304
-4.311758 -5.535215 -2.121798 36.428642 -0.428397 -0.548998 0.717689 -0.364246 0.831794 0.418860 -0.826923 -0.081977 -0.556308
-3.355515 -5.739461 14.146470 13.836480 0.487398 0.865447 -0.115952 -0.807151 0.497208 0.318264 -0.333093 0.061530 -0.940884
-2.552025 -5.446681 10.877636 37.372673 -0.303780 -0.390239 0.869156 0.800406 -0.599363 0.010645 0.516786 0.698911 0.494424
-1.891338 -6.338169 37.425998 43.091557 -0.289326 -0.473865 0.831710 0.873971 -0.485195 0.027589 0.390468 0.734873 0.554524
2.235541 -5.886445 -45.269510 65.302730 -0.022318 0.653401 0.756683 0.857640 -0.376439 0.350353 0.513765 0.656781 -0.551982
3.231972 -6.609174 -35.305914 80.562656 -0.028831 0.583904 0.811310 0.878207 -0.372854 0.299554 0.477411 0.721135 -0.502039
2.710193 -7.911526 -49.011986 72.192785 -0.041866 0.674874 0.736745 0.944480 -0.213788 0.249505 0.325892 0.706286 -0.628454
2.824643 -4.754217 -42.744093 50.458878 0.023626 0.546019 0.837439 0.793334 -0.519962 0.316639 0.608328 0.656888 -0.445460
1.763473 -3.916230 -34.965622 -39.595017 0.010793 0.623452 0.781787 -0.774311 0.499916 -0.387978 0.632713 0.601159 -0.488141
-0.036044 -2.314803 -0.681143 19.869882 -0.661689 0.111873 0.741386 -0.124733 0.958602 -0.255975 -0.739331 -0.261851 -0.620342
-0.212760 -5.025336 4.318301 -12.802330 0.065869 0.184785 -0.980569 0.995551 -0.078520 0.052078 -0.067371 -0.979637 -0.189135
0.587642 -9.774508 -7.015244 -31.117747 0.224543 0.191583 -0.955446 0.967647 0.071938 0.241835 0.115064 -0.978837 -0.169231
0.345598 -10.858455 -2.635132 -92.378508 0.175837 0.185720 -0.966742 0.949655 0.226674 0.216276 0.259302 -0.956100 -0.136512
8.345859 -5.411418 282.208468 7.960003 -0.060929 0.794671 0.603975 0.757552 -0.357185 0.546383 -0.649925 -0.490833 0.580242
3.609598 -6.070481 317.453874 31.413548 0.081321 0.810033 0.580719 0.659835 -0.480437 0.577752 -0.746997 -0.336195 0.573558
3.765440 -3.966676 -3.759368 36.403444 -0.324757 0.851188 0.412324 0.721790 -0.058671 0.689620 -0.611188 -0.521571 0.595326
11.167695 -3.875048 8.038720 -25.476408 0.342392 -0.827784 -0.444457 0.768653 -0.025250 0.639168 -0.540315 -0.560479 0.627633
17.649743 -5.669925 -484.665815 -19.952738 0.143389 -0.769337 -0.622543 0.845561 -0.231636 0.481011 -0.514263 -0.595369 0.617308
2.165568 -2.054760 -45.599706 -17.361730 -0.370112 0.895919 0.245654 -0.260494 0.153736 -0.953157 0.891717 0.416767 -0.176482
1.521629 -2.047968 -51.832356 -18.982293 -0.303187 0.896011 0.324410 -0.270874 0.245357 -0.930821 0.913622 0.370087 -0.168317
2.612421 -1.630034 -52.371617 -14.380779 -0.365800 0.902647 0.226757 -0.204490 0.159738 -0.965747 0.907951 0.399639 -0.126150
0.117500 -8.132308 -2.796286 -42.976650 -0.255301 0.000510 0.966861 0.940480 -0.231874 0.248458 0.224317 0.972746 0.058718
0.160189 -8.910207 -1.524135 -17.183763 0.279024 0.345009 -0.896167 -0.298099 0.918246 0.260695 0.912843 0.194406 0.359059
-0.066635 -8.661388 -4.465747 -23.404134 0.286511 0.360285 -0.887753 -0.460457 0.864351 0.202180 0.840173 0.350845 0.413542
0.040576 -9.406712 -0.671600 -36.475780 0.260101 0.383484 -0.886165 -0.463088 0.854860 0.234015 0.847288 0.349505 0.399937
5.247576 -16.716343 97.273043 -268.875724 0.142744 -0.166582 -0.975641 0.697354 -0.682585 0.218574 -0.702369 -0.711567 0.018731
-1.837194 -14.387328 87.757537 62.520140 0.208033 -0.079597 -0.974878 -0.372251 0.915239 -0.154163 0.904517 0.394970 0.160770
-2.648270 -14.177036 44.719607 94.463712 0.314999 -0.081450 -0.945591 -0.430860 0.875457 -0.218939 0.845657 0.476383 0.240675
-2.669586 -14.421269 64.136237 -63.859336 0.261515 -0.062983 -0.963142 -0.163304 0.980595 -0.108465 0.951284 0.185650 0.246155
-3.307388 -14.294264 -0.703043 -81.571950 0.384109 -0.069012 -0.920705 -0.124947 0.984144 -0.125894 0.914794 0.163396 0.369396
-0.523043 -11.865029 -10.216392 249.207604 -0.435382 0.010367 0.900186 0.898999 -0.047598 0.435356 0.047360 0.998813 0.011404
-0.536564 -7.736127 -16.607918 51.129493 -0.440658 0.034563 0.897009 0.883286 -0.161504 0.440139 0.160083 0.986267 0.040639
-0.536177 -9.633371 -7.115202 204.748040 -0.444045 0.028930 0.895538 0.887597 -0.122398 0.444061 0.122459 0.992059 0.028673
-1.332313 -8.174482 22.644190 -55.092124 -0.002619 0.026741 0.999639 0.323944 0.945760 -0.024451 -0.946073 0.323763 -0.011139
-0.101180 -23.178726 5.426904 -87.569291 0.664040 0.093255 -0.741859 0.616622 -0.629463 0.472814 0.422880 0.771414 0.475492
0.179256 -37.456772 -36.414156 584.166722 0.722058 -0.049839 -0.690035 -0.322045 0.858537 -0.399000 0.612307 0.510324 0.603863
-1.565866 -3.100114 -18.678729 -20.933020 -0.324999 -0.695580 0.640737 -0.419417 0.713256 0.561565 -0.847623 -0.086228 -0.523546
2.027759 -4.274244 -7.514612 -2.877168 -0.116758 -0.178046 0.977071 0.912691 -0.407160 0.034870 0.391616 0.895835 0.210040
1.508737 -4.068752 -26.535809 1.245176 -0.053915 -0.149421 0.987303 0.859858 -0.509641 -0.030175 0.507679 0.847313 0.155959
1.660429 -4.262836 21.009643 8.931310 -0.147514 -0.267911 0.952084 0.844314 -0.535480 -0.019864 0.515143 0.800928 0.305192
0.998916 -2.825069 42.729957 -18.101879 -0.071210 0.157398 -0.984964 -0.538857 0.824905 0.170778 0.839382 0.542916 0.026073
0.988005 -2.245068 38.231084 -25.347101 -0.069839 0.151858 -0.985932 -0.466339 0.868730 0.166840 0.881845 0.471430 0.010146
1.758687 -2.659803 32.663303 -19.512505 -0.024067 0.156819 -0.987334 -0.520097 0.841479 0.146330 0.853768 0.517032 0.061310
1.763399 -3.143551 34.340991 -14.931506 -0.024329 0.159892 -0.986835 -0.587838 0.796152 0.143489 0.808613 0.583589 0.074621
0.121953 -3.329695 32.030588 -12.573110 -0.104324 0.201129 -0.973994 -0.609500 0.760947 0.222418 0.785892 0.616852 0.043204
1.027781 -3.259934 45.790612 -13.365088 -0.066288 0.160615 -0.984789 -0.606913 0.776904 0.167563 0.791999 0.608788 0.045980
-5.521198 -7.459071 12.744617 -147.538587 -0.124753 0.507421 0.852620 -0.379813 0.769455 -0.513499 -0.916613 -0.387897 0.096733
-1.210073 -8.663610 -11.508163 185.306434 0.158872 -0.100097 -0.982212 0.984976 -0.052144 0.164633 -0.067696 -0.993610 0.090309
-2.658065 -5.448699 -8.429659 -7.058873 0.507676 -0.106417 -0.854951 0.861123 0.031498 0.507420 -0.027068 -0.993823 0.107629
-2.598985 -8.638949 20.002339 148.788702 0.261083 -0.112782 -0.958705 0.962689 -0.042806 0.267203 -0.071174 -0.992697 0.097398
-1.339061 -11.883001 24.247661 230.908634 0.154051 -0.114120 -0.981450 0.958165 -0.225248 0.176588 -0.241222 -0.967595 0.074646
-4.461296 -4.965674 -23.937196 -2.307087 0.235955 0.970944 0.039922 -0.280458 0.107375 -0.953842 0.930413 -0.213868 -0.297644
0.548897 -2.027273 11.484770 3.433287 0.337443 0.194143 -0.921108 0.893617 -0.373686 0.248610 -0.295939 -0.907010 -0.299587
0.915739 -2.233100 17.168348 7.123110 0.346255 0.177092 -0.921274 0.884085 -0.390124 0.257286 -0.313848 -0.903572 -0.291647
1.466299 -2.752088 18.655967 13.121786 0.364878 0.147802 -0.919249 0.843027 -0.471511 0.258811 -0.395183 -0.869386 -0.296644
1.322617 -2.923098 22.239999 16.475915 0.418909 0.141654 -0.896911 0.801610 -0.521683 0.292006 -0.426540 -0.841297 -0.332089
0.796162 -2.726321 20.659404 15.486976 0.459910 0.136285 -0.877444 0.787602 -0.518957 0.332215 -0.410080 -0.843866 -0.346012
-0.081229 -0.837825 -14.626281 -11.512065 0.618058 -0.509272 -0.598870 -0.085344 0.713824 -0.695106 0.781486 0.480726 0.397721
-0.219789 -1.540511 5.383707 5.285039 0.545134 -0.285082 -0.788389 -0.255982 0.838894 -0.480344 0.798312 0.463665 0.384334
-0.362182 -1.942403 -8.545828 5.317096 0.495795 -0.132066 -0.858339 -0.306599 0.898106 -0.315283 0.812517 0.419482 0.404785
-0.457802 -6.395046 -0.700338 13.992142 0.405285 0.357382 -0.841441 0.702208 -0.711049 0.036222 -0.585361 -0.605547 -0.539134
-0.445370 -6.193189 6.376576 24.817977 0.423866 0.344962 -0.837459 0.824205 -0.530276 0.198729 -0.375531 -0.774473 -0.509086
-0.664977 -6.464505 7.206632 25.682306 0.389599 0.343035 -0.854716 0.837413 -0.518226 0.173725 -0.383342 -0.783434 -0.489163
0.194380 -9.332724 12.302125 13.952439 -0.304391 0.125799 -0.944204 0.471340 0.881275 -0.034536 0.827759 -0.455554 -0.327546
679.732034 -3.731424 -65573.114145 72.292916 -0.366872 0.922264 -0.121797 0.898375 0.385233 0.210993 -0.241512 0.032012 0.969870
-0.420929 -2.183054 35.124169 -1.010540 0.054340 0.888242 -0.456150 -0.623575 0.386979 0.679265 -0.779872 -0.247533 -0.574915
-1.252248 -2.740770 32.394055 -11.212315 0.120829 0.819326 -0.560451 -0.604074 0.508705 0.613444 -0.787715 -0.264432 -0.556400
255.697050 -13.621929 -7576.536486 -354.995049 -0.096815 -0.716825 0.690499 0.979603 0.054106 0.193519 -0.176080 0.695151 0.696966
16.118353 -3.320061 -363.597042 -6.141911 -0.213435 -0.638393 0.739527 0.972996 -0.070809 0.219692 -0.087884 0.766447 0.636267
-0.285316 -4.845722 0.292578 -13.085230 -0.378026 -0.502999 0.777231 0.923429 -0.144882 0.355370 -0.066144 0.852057 0.519254
0.546459 -2.302559 -4.225465 22.322884 -0.245502 -0.560883 0.790658 -0.735107 0.639408 0.225335 -0.631939 -0.525898 -0.569285
0.809468 -2.139119 40.406498 10.186138 0.184119 0.641610 -0.744605 -0.786090 0.550895 0.280317 -0.590054 -0.533715 -0.605793
0.377920 -3.109240 32.571172 -37.530847 0.277106 0.563718 -0.778097 0.784892 -0.599907 -0.155097 -0.554217 -0.567744 -0.608695
-0.869047 -11.824456 -9.997124 -19.803362 0.228800 -0.346358 0.909773 -0.339274 0.847597 0.408012 -0.912438 -0.402015 0.076420
-1.080116 -11.938646 -2.108989 -59.742628 0.275231 -0.306904 0.911075 -0.282760 0.879917 0.381828 -0.918855 -0.362707 0.155400
-0.299430 -9.870825 -2.888047 -47.547871 0.317055 0.917348 -0.240725 0.669412 -0.036655 0.741986 -0.671836 0.396395 0.625706
-0.881607 -8.833152 3.334705 27.031717 0.219114 0.898507 -0.380360 0.580884 0.193088 0.790753 -0.783940 0.394210 0.479621
-0.905572 -11.569529 -1.767398 -2.677689 0.205350 0.911204 -0.357125 0.653739 0.143844 0.742923 -0.728325 0.386026 0.566151
-1.780813 -2.681376 4.881936 22.599894 0.172516 0.845367 -0.505562 0.195389 -0.532428 -0.823616 0.965433 -0.043306 0.257028
-1.795210 -2.016335 16.361025 67.864946 0.156743 0.758231 -0.632864 0.060506 -0.646953 -0.760125 0.985784 -0.080852 0.147282
-0.777298 -1.852874 59.663753 -9.806949 0.101292 -0.278706 -0.955020 0.081648 0.959048 -0.271221 0.991501 -0.050503 0.119900
-1.430230 -1.818332 53.890916 -20.261515 0.127479 0.136654 -0.982382 0.044660 0.988668 0.143323 0.990835 -0.062144 0.119932
0.519627 -79.067315 -43.477249 -3039.054334 0.220057 -0.381774 0.897677 0.916517 0.396022 -0.056251 -0.334025 0.835114 0.437049
0.411465 -36.418624 -39.370290 -734.213112 0.249929 -0.394104 0.884431 0.946006 0.294114 -0.136271 -0.206418 0.870735 0.446333
0.463869 -22.977074 -20.764532 -2.261746 0.101847 -0.405934 0.908210 0.848388 0.512189 0.133790 -0.519485 0.756888 0.396554
0.833310 -4.042227 0.622477 -7.935136 0.415938 0.199784 -0.887176 0.838985 0.292084 0.459119 0.350854 -0.935293 -0.046127
0.800816 -3.649604 0.406361 -12.199414 0.398095 0.184145 -0.898672 0.889099 0.163774 0.427413 0.225885 -0.969159 -0.098525
0.849667 -3.379741 6.060254 -11.152844 0.361294 0.191876 -0.912497 0.924342 0.055087 0.377568 0.122712 -0.979872 -0.157456
0.082554 -8.227985 10.194679 65.159081 0.349343 0.881985 -0.316324 0.352071 -0.436414 -0.828003 0.868335 -0.177888 0.462980
0.296339 -7.314294 10.517377 25.516865 0.358148 0.873108 -0.330774 0.203288 -0.418698 -0.885080 0.911265 -0.249748 0.327448
-3.178751 -7.973770 -32.716379 -23.487424 -0.142555 0.927065 -0.346740 0.989723 0.137501 -0.039274 0.011267 -0.348775 -0.937139
-2.648217 -7.894487 -32.361232 -25.760027 -0.136256 0.910462 -0.390505 0.990640 0.121987 -0.061244 -0.008124 -0.395195 -0.918561
-2.763664 -6.986889 -35.286360 -42.976670 -0.161964 0.914958 -0.369620 0.965082 0.068722 -0.252774 -0.205877 -0.397654 -0.894140
-2.137888 -3.806525 -3.400243 1.293654 0.302165 0.506026 -0.807857 -0.126156 0.861246 0.492281 0.944871 -0.046835 0.324077
-2.073618 -3.664409 1.387716 3.050514 0.251967 0.397812 -0.882189 -0.075456 0.916902 0.391914 0.964790 -0.032183 0.261046
-2.268107 -3.577344 -4.151751 5.785893 0.238894 0.635101 -0.734559 -0.287238 0.768827 0.571314 0.927591 0.074509 0.366093
-1.865355 -3.711036 3.003335 -4.492197 0.259996 0.356014 -0.897583 0.057664 0.922167 0.382468 0.963886 -0.151199 0.219231
-2.179056 -3.854673 -3.730913 0.720984 0.273744 0.697093 -0.662665 -0.341053 0.714565 0.610802 0.899303 0.058801 0.433354
-1.924505 -3.819088 -2.554717 -4.312468 0.324771 0.466714 -0.822619 0.004379 0.869015 0.494766 0.945783 -0.164287 0.280187
-2.097308 -3.998718 -5.157119 -1.059793 0.347031 0.595171 -0.724804 -0.188595 0.801332 0.567714 0.918695 -0.060320 0.390334
-1.140565 -3.482136 27.275859 13.011774 -0.164966 0.960583 -0.223755 0.540476 -0.101727 -0.835187 0.825028 0.258712 0.502391
-101.454245 -161.349316 3259.642088 2396.063841 0.431936 0.841416 -0.324732 -0.478798 0.519050 0.708054 -0.764320 0.150353 -0.627064
-369.173048 -2142.421366 -20615.570616 93285.694563 -0.491161 -0.349300 0.797966 0.372433 0.743912 0.554877 -0.787435 0.569723 -0.235290
-0.204812 -61.754841 99.276297 -2981.896727 0.736739 0.656140 0.163387 0.668026 -0.743696 -0.025661 -0.104673 -0.128052 0.986228
-1.684587 -35.142020 14.726993 -1125.460845 0.787462 0.593152 0.167554 0.615299 -0.772473 -0.157140 -0.036223 -0.226838 0.973259
-2.553284 -30.119642 1.508065 -656.737636 0.833692 0.514908 0.199567 0.548454 -0.729849 -0.408067 0.064463 -0.449655 0.890873
-3.945289 -31.203664 -102.932011 -687.599348 0.938818 0.253063 0.233625 0.326383 -0.870299 -0.368854 -0.109980 -0.422538 0.899648
-1.489281 -58.718005 -48.432294 -1576.249350 0.737992 0.649830 0.181903 0.672098 -0.683678 -0.284375 0.060432 -0.332124 0.941298
-2.454436 -25.992574 -32.635133 -313.263722 0.744920 0.650328 0.148891 0.666566 -0.734864 -0.125161 -0.028019 -0.192480 0.980901
-1.659750 -17.557754 -23.291738 -72.945131 0.817310 0.549446 0.173530 -0.559562 0.828708 0.011551 -0.137459 -0.106542 0.984761
-5.540925 -7.061514 -36.085453 16.153968 -0.577630 0.089148 0.811416 -0.292011 0.905675 -0.307381 -0.762282 -0.414495 -0.497112
-4.381997 -6.195242 -0.989206 38.116380 -0.479179 -0.368746 0.796501 -0.388370 0.902876 0.184347 -0.787119 -0.221002 -0.575849
-4.550600 -6.634371 -17.051466 19.324685 -0.488034 -0.219887 0.844673 -0.399704 0.916612 0.007674 -0.775925 -0.333874 -0.535228
-3.194050 -5.945594 3.648592 20.988259 0.537200 0.843003 -0.027604 -0.830476 0.534370 0.157348 -0.147395 0.061603 -0.987157
-3.214595 -6.208070 8.000600 -16.954762 0.554273 0.831955 -0.025132 0.832285 -0.554317 0.005838 -0.009074 -0.024153 -0.999667
