10552
21085
-14.447877 -22.024047 40.050101 -734.878912 0.966506 0.095245 0.238316 -0.102897 -0.706875 0.699814 -0.235113 0.700896 0.673399
-9.706469 -20.223758 430.894233 -846.472668 0.985958 -0.027823 0.164658 -0.147085 -0.611577 0.777393 -0.079072 0.790696 0.607082
-13.560235 -16.884218 -24.104116 -516.981034 0.850966 -0.161669 0.499719 -0.489865 -0.587484 0.644123 -0.189442 0.792922 0.579126
-12.038899 -14.505581 161.298034 -494.895381 0.907278 -0.160240 0.388805 -0.413882 -0.503998 0.758082 -0.074482 0.848711 0.523586
-15.378050 -19.713101 -154.809653 -359.096351 0.804452 -0.167581 0.569889 -0.503298 -0.701862 0.504064 -0.315512 0.692319 0.648958
-12.440179 -17.643751 12.370057 381.859932 0.494767 -0.357182 0.792229 0.811661 0.515658 -0.274415 -0.310503 0.778793 0.545041
-10.881913 -15.102846 -29.567206 232.292607 0.293778 -0.445880 0.845509 0.935770 0.314613 -0.159229 -0.195011 0.837980 0.509667
-0.324957 -8.816890 -38.635371 119.963314 0.629885 -0.482305 0.608791 0.707907 0.034016 -0.705486 0.319551 0.875343 0.362854
-0.469167 -7.728439 23.848709 -88.337161 0.672877 -0.491190 0.553145 -0.638621 -0.008308 0.769477 0.373363 0.871013 0.319274
-0.054815 -8.420963 -46.809782 -74.060891 0.691192 -0.475761 0.543971 -0.621730 -0.007779 0.783193 0.368381 0.879540 0.301172
0.891118 -8.959631 -99.807082 -73.212831 0.699660 -0.476359 0.532502 -0.608683 -0.007123 0.793382 0.374141 0.879222 0.294936
0.855534 -9.516019 -135.375042 93.598521 0.663009 -0.471902 0.581143 0.687821 0.077574 -0.721723 0.295501 0.878231 0.376017
-2.286807 -41.396734 -214.583377 -819.414861 0.972808 -0.201161 0.114799 -0.173991 -0.307547 0.935490 0.152878 0.930026 0.334184
-0.247846 -42.791803 -154.341591 -611.621272 0.965070 -0.202535 0.166189 -0.194901 -0.131110 0.972020 0.175079 0.970459 0.166005
-1.927590 -52.227827 -291.208185 -1354.348183 0.964770 -0.203089 0.167253 -0.244880 -0.460746 0.853081 0.096190 0.863984 0.494246
-3.409245 -48.918660 -230.975681 -1184.274136 0.964715 -0.234589 0.119553 -0.231297 -0.538112 0.810516 0.125805 0.809570 0.573385
-1.682081 -20.275096 -47.211817 108.753695 0.845764 -0.452600 0.282552 -0.504931 -0.507820 0.697971 0.172416 0.732989 0.658028
-1.318202 -19.882912 -43.686204 181.245980 0.850913 -0.448744 0.273085 -0.520937 -0.653937 0.548626 0.067613 0.609093 0.790211
-1.796783 -20.092981 13.900828 104.840278 0.827971 -0.488993 0.274498 -0.530736 -0.525276 0.665135 0.181059 0.696398 0.694440
-1.398397 -19.797204 10.169233 61.286264 0.830009 -0.488493 0.269183 -0.548133 -0.625176 0.555612 0.103126 0.608711 0.786661
-1.836912 -20.755295 34.619619 78.432092 0.807159 -0.518557 0.282123 -0.553902 -0.499973 0.665747 0.204174 0.693632 0.690787
3.136902 -21.543739 57.192350 -338.728294 0.888187 -0.357180 0.289043 0.445284 0.513938 -0.733205 -0.113336 -0.779929 -0.615520
2.179955 -22.515899 130.663202 163.247778 0.898033 -0.339894 0.279300 0.412243 0.428507 -0.804013 -0.153597 -0.837170 -0.524932
1.887292 -21.732491 33.198085 -26.427762 0.863030 -0.364174 0.350080 0.492702 0.453930 -0.742423 -0.111459 -0.813219 -0.571184
3.205865 -24.204634 79.489298 -610.254925 0.864899 -0.357021 0.352826 0.501191 0.575703 -0.646044 -0.027528 -0.735596 -0.676861
2.160691 -22.597846 93.137996 -102.194869 0.845154 -0.341149 0.411501 0.533055 0.480900 -0.696123 -0.039591 -0.807684 -0.588285
0.833072 -22.753078 23.998964 451.532858 0.849118 -0.347950 0.397402 0.506029 0.320167 -0.800892 -0.151436 -0.881149 -0.447932
-2.843339 -34.514789 122.447936 -224.870701 0.881886 -0.345048 0.321277 -0.079289 -0.780285 -0.620377 -0.464748 -0.521629 0.715481
-3.723853 -34.196625 41.075329 -41.857749 0.848210 -0.400912 0.346134 -0.067651 -0.730154 -0.679926 -0.525322 -0.553304 0.646446
-3.294261 -34.791460 103.954758 217.368166 0.873923 -0.336822 0.350443 0.084875 -0.604156 -0.792333 -0.478597 -0.722181 0.499398
-3.269090 -31.673860 31.253229 598.388634 0.845710 -0.406301 0.345969 0.216690 0.853921 0.473142 -0.487668 -0.325173 0.810211
-1.507688 -38.144185 134.360606 -77.712750 0.895732 -0.302203 0.326093 0.032889 -0.686413 -0.726468 -0.443376 -0.661446 0.604903
-1.753583 -34.742721 136.070750 627.957507 0.897886 -0.320585 0.301704 0.136305 0.854111 0.501912 -0.418594 -0.409536 0.810592
-2.068461 -31.350534 184.958235 578.651076 0.892551 -0.344751 0.290687 0.189974 0.872086 0.450971 -0.408977 -0.347292 0.843876
-2.605196 -31.275882 75.885952 515.270031 0.869676 -0.369187 0.327665 0.185227 0.859364 0.476639 -0.457553 -0.353829 0.815751
2.487864 -6.078518 39.939525 11.450921 0.609326 0.707490 -0.358022 -0.732456 0.675156 0.087598 -0.303696 -0.208860 -0.929595
4.312756 -6.159976 -73.823755 59.048318 0.594883 0.705221 -0.385717 0.759208 -0.650583 -0.018576 -0.264041 -0.281789 -0.922430
3.707469 -6.268507 154.756736 -54.045981 0.512989 0.812816 -0.275995 -0.833952 0.548100 0.064116 -0.203387 -0.197275 -0.959018
1.408071 -5.930137 121.769658 30.422392 0.394353 0.888873 -0.233218 -0.872074 0.442009 0.210036 -0.289780 -0.120555 -0.949471
0.282727 -4.384296 120.230234 161.125663 0.611068 0.716505 -0.336477 -0.709163 0.684380 0.169446 -0.351687 -0.135075 -0.926321
3.540766 -10.722442 -110.013949 52.125743 -0.784246 0.377005 -0.492773 0.431435 0.902137 0.003570 0.445895 -0.209800 -0.870151
1.930713 -11.367634 -86.689645 103.449466 -0.768124 0.396248 -0.502965 0.481357 0.875342 -0.045509 0.422234 -0.277062 -0.863108
2.880839 -10.753315 -156.338173 -15.356773 -0.737105 0.434882 -0.517256 0.459631 0.883738 0.088015 0.495395 -0.172871 -0.851293
2.857190 -11.452585 -85.460664 121.065229 -0.811710 0.332605 -0.480104 0.430055 0.896561 -0.105976 0.395195 -0.292493 -0.870787
4.491391 -10.829077 -137.728787 -13.249510 -0.776794 0.394868 -0.490582 0.397333 0.911686 0.104671 0.488588 -0.113617 -0.865085
3.821860 -11.148794 -80.527577 59.109155 -0.821099 0.326979 -0.467847 0.385046 0.922372 -0.031131 0.421350 -0.205704 -0.883261
-4.317914 -41.543400 -295.618017 1016.122842 -0.913511 -0.056319 -0.402898 0.075637 0.949589 -0.304235 0.399722 -0.308396 -0.863200
-2.663160 -49.874741 185.107643 562.357682 0.907583 0.083888 0.411408 0.170025 0.822478 -0.542790 0.383907 -0.562577 -0.732204
-4.716223 -43.802022 299.661252 -402.091258 0.917138 0.075225 0.391406 0.181554 0.795381 -0.578280 0.354818 -0.601424 -0.715817
-5.880913 -43.655176 221.836776 347.390381 0.937561 0.007865 0.347733 0.169689 0.862354 -0.477022 0.303621 -0.506244 -0.807175
-5.733126 -47.924354 296.709835 -161.217767 0.927516 0.036906 0.371958 0.264396 0.638631 -0.722665 0.264214 -0.768628 -0.582583
3.585300 -12.805504 -401.284255 -37.300499 0.923802 -0.276747 0.264577 0.081385 0.817181 0.570606 0.374121 0.505595 -0.777437
3.953043 -12.419431 -592.483366 -18.518218 0.923393 -0.325340 0.203713 0.199839 0.860555 0.468518 0.327734 0.391917 -0.859646
5.743022 -13.109869 -391.714894 -16.962295 0.908361 -0.340932 0.242169 0.202788 0.865559 0.457914 0.365729 0.366842 -0.855377
3.426277 -12.442539 520.708917 13.408733 -0.905509 0.385029 -0.178343 0.300236 0.878367 0.371926 0.299853 0.283237 -0.910969
4.781886 -13.661219 -12.009779 -47.343679 -0.875711 0.340020 -0.342807 0.107657 0.829616 0.547857 0.470680 0.442859 -0.763110
5.702523 -13.285964 103.763939 9.029738 -0.873371 0.404078 -0.271926 0.303107 0.887943 0.345952 0.381247 0.219722 -0.897983
6.545900 -13.706783 -270.552917 -32.734943 -0.848863 0.394897 -0.351410 0.225006 0.871469 0.435791 0.478335 0.290858 -0.828612
2.139326 -116.368669 -211.633613 1293.444618 -0.857502 -0.090373 -0.506481 -0.162488 0.981636 0.099946 0.488147 0.168000 -0.856439
1.970246 -105.529204 -41.073032 -527.229680 0.856293 -0.005101 0.516466 -0.248494 0.872543 0.420617 0.452784 0.488510 -0.745885
1.247882 -82.974151 -29.623338 1583.924841 0.875195 0.012786 0.483601 -0.281294 0.826739 0.487213 0.393583 0.562440 -0.727154
78.691015 -668.146234 -2373.642481 -29756.486724 0.807904 -0.475002 0.348804 0.224288 0.795176 0.563374 -0.544964 -0.376920 0.748963
25.357891 -1053.571290 -1343.208726 226354.995584 0.874171 -0.362425 0.323222 -0.485573 -0.643311 0.591920 0.006594 0.674388 0.738348
-10.061847 -879.856991 -1050.881304 -32320.245424 0.869789 -0.470591 0.148361 -0.482208 -0.746942 0.457769 0.104605 0.469703 0.876605
-10.611361 -68.715932 -81.935553 -93.178701 0.986365 0.078133 0.144840 0.163138 -0.348372 -0.923051 0.021663 -0.934094 0.356368
28.461337 -366.980369 -2242.433399 -20311.259306 0.762320 -0.375283 0.527285 0.628922 0.237298 -0.740369 -0.152725 -0.896020 -0.416921
6.366594 2.281029 165.967696 -6.383126 0.769443 0.598332 -0.223507 -0.607896 0.578627 -0.543740 0.196010 -0.554247 -0.808944
7.921485 1.908266 170.927287 44.901874 0.678056 0.666643 -0.309560 0.706509 -0.474995 0.524618 0.202694 -0.574428 -0.793062
6.614562 2.298198 -676.378939 -78.201708 0.706332 0.526882 -0.472748 -0.705219 0.465894 -0.534425 0.061328 -0.710872 -0.700643
7.261352 1.420022 -595.062290 67.166246 0.658066 0.563344 -0.499592 0.747110 -0.405977 0.526316 0.093675 -0.719601 -0.688040
6.126053 2.828959 -464.056845 67.706540 0.673346 0.574303 -0.465598 0.735593 -0.457183 0.499887 0.074223 -0.679088 -0.730295
1.746876 -28.393701 49.451512 -1217.849764 0.366166 0.621679 0.692415 0.785776 0.192026 -0.587947 -0.498476 0.759369 -0.418187
1.858020 -28.546105 -44.844694 2149.755157 0.413519 0.603151 0.682064 0.753513 0.193804 -0.628218 -0.511097 0.773724 -0.374341
-1.390003 -33.524158 -209.143740 -1948.835615 0.312582 0.618427 0.720999 0.775079 0.272742 -0.569969 -0.549131 0.736994 -0.394076
-5.314108 -68.673472 -152.827424 -5353.048064 0.184248 0.639240 0.746609 0.814342 0.326064 -0.480136 -0.550364 0.696459 -0.460483
-14.300241 -74.981470 -628.809028 -5043.798244 0.095695 0.575435 0.812229 0.777639 0.466154 -0.421873 -0.621385 0.671993 -0.402873
5.848163 2.383436 205.426575 112.621382 0.816841 0.547588 -0.181435 -0.551138 0.647932 -0.525767 0.170346 -0.529463 -0.831054
5.095935 1.304447 422.434393 259.592446 0.916393 0.392445 0.078805 -0.295052 0.795308 -0.529555 0.270496 -0.462029 -0.844607
5.838543 1.728441 666.817919 70.915131 0.788712 0.613215 -0.043591 -0.533324 0.647239 -0.544653 0.305776 -0.452823 -0.837528
-14.677315 -20.046002 -18.672004 -9.144321 0.651669 -0.257414 0.713488 0.118792 0.963681 0.239180 -0.749143 -0.071109 0.658580
-15.736946 -19.734660 -146.109565 60.659204 0.731058 -0.351352 0.584898 0.121095 0.910428 0.395546 -0.671484 -0.218339 0.708123
-15.259613 -19.734861 -79.762819 -41.777809 0.742538 -0.305551 0.596050 0.183681 0.948663 0.257486 -0.644126 -0.081710 0.760543
-7.181974 -19.815308 -208.039577 569.639572 -0.156788 0.827965 -0.538415 0.632147 0.502987 0.589402 -0.758820 0.247946 0.602258
-4.977783 -20.920464 -194.672782 524.321559 -0.235423 0.815127 -0.529287 0.642079 0.539269 0.544907 -0.729596 0.211561 0.650332
-5.917723 -15.985402 -274.095520 493.539775 -0.097074 0.877773 -0.469138 0.760478 0.369499 0.533988 -0.642067 0.304933 0.703396
-8.390154 -16.460349 -215.652590 591.380277 -0.002511 0.880808 -0.473466 0.721653 0.329355 0.608886 -0.692251 0.340150 0.636464
-9.721211 -22.532336 -244.144613 620.917464 -0.104107 0.824348 -0.556427 0.539010 0.516946 0.665008 -0.835841 0.230688 0.498150
5.557828 -13.448057 337.261622 -615.775410 -0.295153 0.951498 0.086811 -0.790524 -0.294224 0.537125 -0.536615 -0.089908 -0.839024
1.095589 -9.981129 182.033427 -192.460777 -0.072190 0.997012 -0.027490 -0.881094 -0.050832 0.470201 -0.467399 -0.058165 -0.882131
3.269982 -16.023083 418.250622 -546.159477 -0.121759 0.992290 0.023135 -0.820934 -0.113779 0.559573 -0.557891 -0.049141 -0.828458
1.409747 -6.843490 140.745677 -315.508669 -0.273164 0.961179 0.038941 -0.845468 -0.259196 0.466906 -0.458874 -0.094618 -0.883449
9.335339 -23.315885 802.513734 -1114.047433 -0.199267 0.976206 0.085530 -0.732252 -0.206334 0.649025 -0.651230 -0.066699 -0.755944
7.292932 -11.505352 346.277848 -530.247835 -0.499517 0.859345 0.109582 -0.717856 -0.481405 0.502923 -0.484938 -0.172555 -0.857356
4.252636 -3.167618 58.061269 157.043850 0.451194 -0.704106 0.548323 0.830619 0.556006 0.030487 -0.326337 0.441692 0.835711
5.493565 -2.495833 -24.827895 101.435237 0.382207 -0.731215 0.565015 0.863012 0.501034 0.064625 -0.330346 0.462914 0.822546
4.852502 -1.974269 167.346059 95.027777 0.338852 -0.797284 0.499517 0.889574 0.444367 0.105807 -0.306327 0.408505 0.859818
3.810316 -2.479261 153.592465 127.104437 0.455645 -0.755027 0.471511 0.837666 0.542894 0.059854 -0.301171 0.367696 0.879827
3.852347 -3.663232 20.281499 118.312247 0.484250 -0.697297 0.528468 0.799400 0.598119 0.056688 -0.355615 0.395007 0.847058
3.223301 -4.827984 20.457379 152.776858 0.574041 -0.580334 0.577658 0.727009 0.685812 -0.033468 -0.376743 0.439174 0.815592
2.273227 -26.891140 98.778435 -217.123764 0.857759 -0.485398 0.169228 -0.027865 -0.372625 -0.927564 -0.513296 -0.790911 0.333148
1.372047 -25.744416 62.711335 -794.578623 0.836182 -0.533815 0.125861 -0.203341 -0.514873 -0.832801 -0.509364 -0.670781 0.539075
0.983805 -24.295173 -12.972551 -650.100449 0.853417 -0.479601 0.204114 -0.117338 -0.558325 -0.821282 -0.507850 -0.676946 0.532760
-1.095347 -36.318843 -66.869718 1088.568187 0.820287 -0.571827 0.011961 -0.568719 -0.817693 -0.089091 -0.060725 -0.066277 0.995952
0.059157 -37.146779 -165.464366 313.974393 0.806124 -0.588493 0.061965 -0.584774 -0.776220 0.235630 0.090569 0.226183 0.969865
-0.296386 -35.924424 -128.471053 -1109.924991 0.787039 -0.615110 0.047006 0.612913 0.788327 0.053654 -0.070059 -0.013417 0.997453
-0.479339 -21.772520 -10.988105 -364.808814 0.842458 -0.388640 0.373127 -0.442473 -0.103974 0.890734 0.307379 0.915505 0.259557
-0.033414 -22.869711 93.244411 -274.368781 0.821279 -0.426997 0.378384 -0.485467 -0.174629 0.856637 0.299705 0.887231 0.350712
-0.754062 -19.741880 11.016102 -335.185820 0.819700 -0.409851 0.400142 -0.422527 0.039008 0.905511 0.386733 0.911318 0.141198
-0.660844 -18.808775 -55.088311 -386.327838 0.836705 -0.380106 0.394264 -0.399944 0.067709 0.914035 0.374125 0.922461 0.095368
-0.596314 -21.293701 -6.541610 -358.160471 0.846863 -0.390598 0.360911 -0.437688 -0.126420 0.890195 0.302082 0.911839 0.278021
1.187393 -12.075583 -242.498267 30.224727 0.729841 -0.508642 0.456745 0.056488 0.710717 0.701207 -0.681279 -0.485968 0.547442
3.518989 -12.051429 -86.351151 28.432830 0.774380 -0.455495 0.439159 -0.008742 0.686311 0.727256 -0.632661 -0.567011 0.527483
2.605144 -12.933403 -259.535900 108.086974 0.730755 -0.511249 0.452351 -0.023849 0.643126 0.765389 -0.682223 -0.570100 0.457775
2.717656 -11.324524 -95.297100 33.529040 0.766093 -0.472449 0.435768 0.087161 0.748099 0.657838 -0.636792 -0.465983 0.614293
-0.927532 -7.761371 -39.831283 119.974079 0.787908 -0.334429 0.517066 0.365670 -0.421505 -0.829831 -0.495465 -0.842906 0.209817
-0.670539 -9.044043 -13.814980 128.328445 0.797247 -0.339940 0.498836 0.303056 -0.489281 -0.817778 -0.522067 -0.803147 0.287057
-0.552097 -7.743222 -65.541409 108.531197 0.794545 -0.361663 0.487748 0.333197 -0.411838 -0.848156 -0.507620 -0.836415 0.206719
-1.071953 -6.970183 -62.167656 68.547846 0.784781 -0.340248 0.518026 0.399517 -0.361272 -0.842537 -0.473819 -0.868167 0.147585
1.621660 -12.634214 -720.785723 353.070813 0.988702 -0.116414 -0.094426 -0.040898 0.396535 -0.917108 -0.144208 -0.910608 -0.387294
2.900494 -10.362939 -782.379087 359.820432 0.979751 -0.087711 -0.179988 -0.115257 0.487999 -0.865201 -0.163721 -0.868426 -0.468008
-1.917766 -9.302586 -497.430050 253.204710 0.991621 -0.107231 -0.072036 -0.010986 0.485619 -0.874102 -0.128712 -0.867569 -0.480372
-2.921111 -12.065880 -308.625136 313.575206 0.983493 -0.138365 0.116608 0.160583 0.370381 -0.914894 -0.083400 -0.918517 -0.386486
2.821894 -14.718993 -689.723951 298.784657 0.991728 -0.126948 -0.018962 0.012947 0.245915 -0.969205 -0.127702 -0.960942 -0.245524
-10.697274 -42.379175 343.225033 703.498423 -0.398685 0.720301 -0.567641 0.566093 -0.293676 -0.770255 0.721518 0.628427 0.290673
-38.570274 -63.937089 1235.823485 3219.557157 -0.616890 0.781175 -0.095978 0.328044 0.144353 -0.933568 0.715426 0.607394 0.345309
-8.849328 -49.010791 118.291625 159.406790 -0.290845 0.671542 -0.681498 0.421813 -0.549331 -0.721325 0.858768 0.497259 0.123495
-4.245087 -37.076956 41.663546 314.337995 -0.274423 0.609771 -0.743553 0.527543 -0.551025 -0.646583 0.803984 0.569693 0.170467
-5.191175 -41.529825 -113.313001 1269.822474 0.351766 -0.652048 0.671635 0.690465 -0.303736 -0.656507 0.632074 0.694678 0.343373
-2.401377 -12.271828 -19.493860 -79.728364 0.292900 0.641678 -0.708843 0.890531 -0.452972 -0.042077 -0.348086 -0.618923 -0.704110
-2.726636 -12.531122 107.022719 -93.873770 0.286057 0.647005 -0.706793 0.889976 -0.452767 -0.054271 -0.355126 -0.613504 -0.705336
-3.293818 -12.383020 27.852575 36.695605 0.250902 0.662961 -0.705359 0.850555 -0.498884 -0.166348 -0.462174 -0.558209 -0.689055
-130.531410 -2853.983594 -6222.103526 197877.233672 -0.330113 0.939609 -0.090340 -0.934873 -0.338675 -0.106353 0.130527 -0.049348 -0.990216
-66.244423 -560.705243 -3870.550265 30901.277702 -0.231868 0.943987 -0.234791 -0.055718 0.228084 0.972046 -0.971150 -0.238468 0.000288
-170.171686 -355.275024 -13289.145035 847003.564742 -0.468349 0.881830 -0.055001 -0.824705 -0.413975 0.385340 -0.317035 -0.225833 -0.921134
-253.063254 -2047.083681 -17968.841352 -43593.627817 -0.492953 0.841744 -0.220147 0.060869 -0.219041 -0.973815 0.867924 0.493445 -0.056741
0.366330 -3.743045 34.170994 633.754404 0.814183 -0.266199 0.515989 0.462804 0.834189 -0.299903 0.350599 -0.482978 -0.802380
0.201448 -9.949711 32.766744 140.941498 0.803860 -0.289225 0.519768 0.539160 0.723366 -0.431333 0.251230 -0.626969 -0.737423
0.075951 -6.752856 68.253185 386.041925 0.780560 -0.315398 0.539677 0.538005 0.778542 -0.323146 0.318242 -0.542583 -0.777384
-1.211196 -10.818163 -140.196513 22.289614 0.866688 -0.491709 0.084108 0.310348 0.399466 -0.862619 -0.390559 -0.773724 -0.498814
-1.141975 -10.494370 -169.542285 78.159898 0.868912 -0.489531 0.073158 0.344852 0.492709 -0.798946 -0.355063 -0.719442 -0.596937
-2.481456 -10.874619 -45.722244 -13.501073 0.888973 -0.453749 0.061966 0.272119 0.414537 -0.868395 -0.368346 -0.788841 -0.491986
6.601395 -95.925481 396.345816 -959.435710 0.911242 -0.404489 0.077625 -0.392445 -0.795506 0.461690 0.124998 0.451175 0.883638
6.789747 -84.169676 104.245933 -3679.641201 0.905921 -0.412321 0.096431 -0.321029 -0.520260 0.791372 0.276130 0.747878 0.603681
5.131609 -117.706187 139.132427 -5385.040786 0.930635 -0.364139 0.036342 -0.310520 -0.733225 0.604945 0.193637 0.574268 0.795438
-0.771926 -26.209603 108.558485 1066.238151 0.892855 -0.435785 0.113586 0.243057 0.678637 0.693091 0.379122 0.591222 -0.711845
1.162954 -59.779000 233.425302 4321.461254 0.883061 -0.463959 0.070327 0.270688 0.626055 0.731289 0.383317 0.626736 -0.678432
2.433377 -86.604075 -116.815468 5576.780700 0.883054 -0.468943 0.017537 0.341930 0.668575 0.660373 0.321402 0.577148 -0.750733
1.393929 -63.240644 32.033456 4379.514394 0.872696 -0.484769 0.058311 0.320872 0.659422 0.679856 0.368025 0.574597 -0.731024
-0.793030 -22.880284 -105.415657 241.117490 0.917259 -0.364855 0.159737 0.171055 0.723055 0.669276 0.359688 0.586576 -0.725640
-1.469821 -25.497348 -235.025481 -1215.965043 0.920824 -0.191502 0.339722 -0.093267 0.737707 0.668647 0.378663 0.647391 -0.661437
-7.913390 -18.634791 705.686536 -137.162658 0.957123 -0.187451 0.220857 -0.283372 -0.764120 0.579501 -0.060133 0.617238 0.784475
-4.234685 -18.734633 781.810961 -508.954578 0.946724 -0.267914 0.178705 -0.314077 -0.645434 0.696255 0.071194 0.715289 0.695193
-7.599958 -17.352810 490.649328 -914.829056 0.968442 -0.148057 0.200497 -0.248801 -0.526645 0.812861 0.014759 0.837093 0.546862
-11.100912 -12.838217 116.462741 203.499617 0.168348 0.040792 0.984883 0.980684 -0.107878 -0.163162 0.099592 0.993327 -0.058165
-9.699140 -12.219542 321.918235 -25.427067 0.825462 -0.127510 0.549867 -0.521036 0.202553 0.829152 0.217103 0.970934 -0.100762
-12.864193 -13.607060 108.423392 215.840556 -0.101776 0.204136 0.973637 0.991932 -0.053539 0.114914 0.075586 0.977477 -0.197040
-11.481699 -12.505597 221.628578 53.572031 0.871253 -0.099341 0.480676 -0.440462 0.273900 0.854969 0.216590 0.956614 -0.194880
-13.884111 -15.501546 78.107413 171.332910 -0.358590 0.272597 0.892807 0.931776 0.162529 0.324618 -0.056617 0.948301 -0.312281
-12.382598 -15.374331 91.466722 134.739564 -0.117498 0.170995 0.978241 0.987577 0.123615 0.097012 -0.104337 0.977487 -0.183395
-13.724981 -15.201137 144.234291 186.262747 0.887658 -0.227850 -0.400185 0.455263 0.303472 0.837042 0.069275 0.925197 -0.373111
-12.470500 -13.458750 139.355530 153.590098 0.977264 -0.202273 -0.063564 0.119817 0.279525 0.952633 0.174925 0.938590 -0.297406
-0.156772 -6.768437 52.993225 -84.107832 0.699127 -0.496529 0.514471 -0.607729 -0.033594 0.793434 0.376680 0.867370 0.325241
-0.108732 -6.974425 62.964947 6.261461 0.737431 -0.494105 0.460496 -0.537566 -0.016581 0.843059 0.408924 0.869244 0.277841
-0.394705 -8.444518 2.220289 153.876552 0.609819 -0.492793 0.620706 0.727762 0.038069 -0.684772 0.313821 0.869313 0.381851
-3.780201 -39.880238 50.767369 -1943.709393 0.957617 -0.191275 0.215369 0.094303 -0.498301 -0.861861 -0.272171 -0.845642 0.459143
-4.823981 -51.256752 15.253486 -2263.609973 0.935625 -0.236888 0.261705 0.194929 -0.271370 -0.942529 -0.294293 -0.932868 0.207724
-4.000287 -50.113017 -64.433877 -1840.292983 0.950916 -0.211431 0.225955 0.189088 -0.181004 -0.965134 -0.244958 -0.960486 0.132141
-3.839931 -52.775004 -52.803593 -431.872477 0.940989 -0.239377 0.239247 0.283133 0.169531 -0.943978 -0.185407 -0.956011 -0.227302
-3.541560 -45.745561 139.484500 -1694.061945 0.966223 -0.139005 0.217006 0.174910 -0.264689 -0.948339 -0.189263 -0.954263 0.231435
-2.988857 -48.649495 46.874847 -828.458028 0.960844 -0.151643 0.231912 0.241516 0.048066 -0.969206 -0.135826 -0.987266 -0.082808
-1.307388 -20.009830 -32.142154 160.165796 0.859536 -0.433273 0.271059 -0.500904 -0.608898 0.615092 0.101455 0.664468 0.740398
-1.583100 -20.280774 -69.683724 167.496105 0.851946 -0.437621 0.287535 -0.492847 -0.484648 0.722647 0.176892 0.757367 0.628574
4.183194 -21.879253 139.630075 -89.172498 0.918972 -0.352000 0.177725 0.330985 0.443589 -0.832873 -0.214334 -0.824212 -0.524152
2.323892 -24.949225 242.635750 649.904701 0.930442 -0.310949 0.193878 0.289764 0.300462 -0.908713 -0.224311 -0.901684 -0.369664
4.203552 -25.069131 49.867308 -586.582991 0.891032 -0.383089 0.243525 0.429077 0.535666 -0.727293 -0.148170 -0.752532 -0.641671
-3.526113 -31.366933 9.228972 635.216247 0.831261 -0.444498 0.333807 0.257984 0.840397 0.476631 -0.492392 -0.310088 0.813262
2.091383 -35.982132 -192.752452 373.805048 0.850564 -0.450673 0.270987 -0.512436 -0.594577 0.619587 0.118108 0.665862 0.736667
0.646856 -35.373085 -115.561833 163.570161 0.835511 -0.457081 0.304956 -0.528394 -0.516109 0.674115 0.150734 0.724368 0.672734
0.470354 -37.538468 -156.677612 -553.070857 0.853769 -0.436820 0.283316 -0.444857 -0.329291 0.832868 0.270520 0.837112 0.475461
1.460615 -33.508748 -108.869775 899.674029 0.832648 -0.466510 0.298439 -0.553756 -0.708358 0.437702 -0.007209 0.529714 0.848145
3.785249 -6.599767 -275.943846 88.278328 0.661543 0.594202 -0.457476 0.684733 -0.727378 0.045403 -0.305780 -0.343285 -0.888062
5.258007 -5.461789 -90.011559 69.350543 0.578372 0.719689 -0.384101 0.786307 -0.617223 0.027516 -0.217273 -0.317936 -0.922881
-5.892334 -14.218560 124.441482 346.000396 0.570657 -0.589590 0.571607 0.663355 -0.079339 -0.744087 0.484057 0.803796 0.345832
-5.432115 -15.364414 -254.274263 297.335608 0.499504 -0.485115 0.717746 0.759806 -0.152678 -0.631969 0.416162 0.861018 0.292330
-7.385437 -16.058587 -274.654243 251.472079 0.456476 -0.512812 0.727086 0.816125 -0.084137 -0.571717 0.354358 0.854368 0.380112
1.404178 -12.335119 78.313552 150.933543 0.792693 -0.351274 0.498242 0.487424 0.856071 -0.171929 0.366136 -0.379142 -0.849821
-2.397374 -48.242163 -120.357330 1811.750647 -0.913942 -0.043374 -0.403519 0.006355 0.992621 -0.121089 0.405794 -0.113233 -0.906923
-1.661207 -42.863004 37.779834 498.909584 -0.919240 -0.018505 -0.393263 0.119535 0.938622 -0.323575 0.375113 -0.344451 -0.860607
-1.470360 -46.803756 -50.751934 239.638182 0.923503 0.027464 0.382606 0.237389 0.742566 -0.626292 0.301311 -0.669210 -0.679242
-1.916944 -61.261128 78.977573 205.641607 0.933932 0.043752 0.354762 0.286523 0.501765 -0.816172 0.213717 -0.863897 -0.456078
3.270545 -123.995719 -249.564187 6505.611283 -0.883113 0.014155 -0.468947 -0.076415 0.981858 0.173540 0.462895 0.189090 -0.866010
3.251095 -108.012958 126.842124 4865.949923 0.873157 0.000443 0.487438 -0.293771 0.798458 0.525513 0.388966 0.602051 -0.697309
6.853252 -106.775946 391.373334 4455.976006 0.884844 -0.074003 0.459973 -0.200154 0.831162 0.518756 0.420701 0.551083 -0.720637
1.983619 -109.951872 48.995386 2891.165925 0.882589 -0.033619 0.468943 -0.374388 0.553067 0.744279 0.284379 0.832458 -0.475544
8.235182 -151.322317 -336.885817 7251.698487 -0.903517 0.051271 -0.425475 0.026710 0.997625 0.063496 0.427720 0.046005 -0.902740
7.150489 -114.747655 366.724070 6937.155155 0.892317 -0.148485 0.426290 -0.108260 0.846400 0.521428 0.438236 0.511429 -0.739182
0.838339 -92.979655 38.075196 1793.291023 0.895569 -0.117855 0.429030 -0.282118 0.595223 0.752409 0.344043 0.794871 -0.499814
-10.119641 -131.578726 -590.538690 7768.055509 0.726616 -0.218272 0.651449 -0.503336 0.476265 0.720988 0.467635 0.851780 -0.236198
-13.743715 -2384.316441 1017.889552 134583.355457 0.650163 -0.592830 0.475228 -0.344232 0.327761 0.879816 0.677342 0.735612 -0.009027
37.162641 -683.534941 17.043910 -59347.656537 -0.742386 0.461349 -0.485820 0.398149 0.886998 0.233904 0.538832 -0.019782 -0.842181
316.519089 -3569.283234 17067.222569 235699.045041 -0.685770 0.404518 -0.605049 0.553387 0.829766 -0.072459 0.472738 -0.384516 -0.792884
-80.923209 -634.679480 -4954.435038 143395.581368 0.676224 -0.670148 0.305979 -0.359976 0.061801 0.930912 0.642758 0.739650 0.199446
0.197653 -10.115144 59.570873 -139.327304 -0.671566 0.530059 -0.517722 0.582246 0.809666 0.073695 0.458245 -0.251951 -0.852369
0.151218 -11.425710 3.077866 -157.569119 -0.668411 0.514696 -0.536950 0.514703 0.841217 0.165635 0.536943 -0.165658 -0.827194
0.206264 -11.046895 17.224206 -126.108402 -0.666108 0.526371 -0.528426 0.520800 0.835409 0.175666 0.533917 -0.158192 -0.830607
8.253469 1.150247 398.962729 64.546615 0.613586 0.734888 -0.288881 0.742284 -0.412037 0.528432 0.269309 -0.538670 -0.798315
7.120624 1.401770 904.699445 -0.600361 0.685312 0.719334 -0.113606 -0.650416 0.534403 -0.539789 0.327577 -0.443815 -0.834099
-0.749908 -1.434657 -102.902909 6.440545 0.971235 -0.235632 -0.034356 0.187458 0.845555 -0.499897 -0.146842 -0.479077 -0.865403
-0.602152 -1.559670 -118.450765 -29.583160 0.961816 -0.273069 -0.018545 0.229107 0.840337 -0.491267 -0.149734 -0.468260 -0.870811
-1.095489 -2.751200 31.092210 -155.066795 0.633237 0.624350 -0.457383 0.761259 -0.609063 0.222546 -0.139628 -0.489111 -0.860973
-1.685473 -2.164059 62.730854 -151.832129 0.515334 0.700997 -0.492984 0.844233 -0.514139 0.151430 -0.147311 -0.494231 -0.856759
0.669334 -1.682570 -177.835718 34.621549 0.881968 -0.460434 0.100663 0.444942 0.742977 -0.500012 -0.155432 -0.485784 -0.860148
2.620581 -25.201304 -16.750983 810.956355 0.444278 0.602780 0.662777 0.778010 0.107218 -0.619035 -0.444204 0.790671 -0.421334
3.471540 -68.189518 40.339781 4308.477941 0.373395 0.550198 0.746899 0.709026 0.349929 -0.612235 -0.598212 0.758176 -0.259443
-0.342142 -3.046685 -168.714363 -71.125240 0.008102 0.993057 -0.117351 -0.920003 0.053387 0.388259 -0.391828 -0.104817 -0.914048
2.686469 -5.413237 399.481571 -238.888027 -0.645172 0.736511 0.203235 -0.633749 -0.664448 0.396069 -0.426749 -0.126733 -0.895447
0.059848 -3.611732 79.563554 -290.498295 -0.915437 0.096443 0.390734 0.048613 0.990252 -0.130525 -0.399514 -0.100493 -0.911203
-2.197128 -21.545325 -169.998492 456.920740 -0.283731 0.793818 -0.537912 0.689897 0.558597 0.460447 -0.665987 0.240461 0.706144
-4.965660 -24.782181 -126.094102 347.003610 -0.314267 0.752725 -0.578482 0.471271 0.652669 0.593234 -0.824099 0.086188 0.559850
-3.128051 -17.712606 -333.943414 432.738724 -0.188178 0.852807 -0.487143 0.770850 0.435600 0.464804 -0.608588 0.288049 0.739357
-1.991555 -25.987905 -127.330549 311.196324 -0.370947 0.710301 -0.598223 0.542095 0.688661 0.481539 -0.754010 0.145668 0.640507
1.104335 -23.430646 -196.703728 319.983657 -0.316777 0.750297 -0.580265 0.742665 0.576746 0.340312 -0.590000 0.323139 0.739919
-0.401313 -16.808909 -297.060628 302.905903 -0.163261 0.871694 -0.462056 0.849261 0.362521 0.383842 -0.502098 0.329740 0.799481
-0.306215 -14.721555 221.950042 -304.961416 -0.008579 0.997334 -0.072463 -0.838643 0.032291 0.543723 -0.544614 -0.065435 -0.836130
-1.007356 -11.183613 196.664866 -109.783025 0.056929 0.992733 -0.106022 -0.894441 0.097892 0.436341 -0.443548 -0.069990 -0.893513
0.629997 -6.491298 18.642795 -30.249369 0.115050 0.984839 -0.129832 -0.914927 0.155959 0.372271 -0.386875 -0.075957 -0.918998
0.502600 -8.267395 148.524156 -84.440488 0.181168 0.971708 -0.151530 -0.923764 0.221002 0.312760 -0.337400 -0.083316 -0.937667
0.596483 -20.621500 111.745403 -671.922798 0.804334 -0.591707 0.054122 -0.376489 -0.578001 -0.723997 -0.459676 -0.561959 0.687677
-0.352926 -18.693161 22.489312 -833.228606 0.827279 -0.547788 0.124650 -0.335223 -0.659385 -0.672931 -0.450817 -0.514916 0.729127
-0.922523 -15.045484 51.117920 -362.445547 0.792450 -0.605918 0.069899 -0.437654 -0.644690 -0.626764 -0.424831 -0.466088 0.776068
1.931584 -26.375048 146.284650 -761.372373 0.818676 -0.572137 0.049289 -0.267294 -0.455623 -0.849094 -0.508255 -0.681958 0.525937
1.875628 -25.152401 116.499632 -827.383743 0.803798 -0.594665 0.016807 -0.318206 -0.453641 -0.832439 -0.502647 -0.663764 0.553862
-0.388591 -17.715628 101.639300 -52.415203 0.732252 -0.680505 -0.026836 -0.549508 -0.567097 -0.613549 -0.402305 -0.464019 0.789200
1.155357 -19.987231 113.553224 -433.520742 0.773253 -0.634058 0.007068 -0.427454 -0.529462 -0.732771 -0.468361 -0.563597 0.680438
-1.328994 -38.419782 -3.197310 -681.713020 0.844275 -0.534010 -0.045082 -0.464734 -0.771441 0.434628 0.266874 0.345994 0.899481
-1.480395 -38.263413 47.064865 -287.594580 0.832037 -0.553397 -0.038289 -0.516367 -0.797882 0.311044 0.202681 0.239029 0.949624
-1.504231 -39.474365 21.468590 -752.382407 0.845833 -0.532582 -0.030377 0.531685 0.846295 -0.033085 0.043329 0.011833 0.998991
-2.015035 -35.115843 46.374373 1053.975922 0.848939 -0.527734 -0.028297 -0.514195 -0.812420 -0.274914 -0.122092 -0.247935 0.961052
-1.463737 -37.024645 10.633064 968.491933 0.854719 -0.516527 -0.051533 -0.517399 -0.839713 -0.164866 -0.041885 -0.167577 0.984969
-1.519086 -40.089389 -6.699792 -523.925796 0.850212 -0.523508 -0.055485 0.517020 0.850197 -0.099273 0.099143 0.055716 0.993512
-0.405779 -21.674019 54.546523 -361.447486 0.804454 -0.420645 0.419419 -0.461753 0.001352 0.887008 0.373683 0.907224 0.193146
0.403299 -25.152795 103.133933 -270.497396 0.815968 -0.429000 0.387500 -0.522119 -0.259132 0.812553 0.248171 0.865338 0.435432
-0.410345 -21.745028 -40.307514 -378.707732 0.798971 -0.396170 0.452433 -0.499012 -0.016899 0.866430 0.335608 0.918022 0.211196
-0.595194 -18.262005 34.214491 -341.721531 0.786702 -0.419024 0.453342 -0.423602 0.167783 0.890174 0.449067 0.892338 0.045504
4.587895 -13.085389 -107.088018 -121.084672 0.777549 -0.447587 0.441682 0.084191 -0.621972 -0.778500 -0.623161 -0.642508 0.445932
3.823221 -11.473454 43.859581 69.149603 0.815153 -0.398055 0.420807 0.016074 0.741739 0.670496 -0.579023 -0.539792 0.611029
4.617791 -12.581490 46.996550 -73.691793 0.820382 -0.376445 0.430421 0.081717 -0.667819 -0.739825 -0.565947 -0.642111 0.517104
-0.437267 -7.526743 10.454180 71.022380 0.807647 -0.358278 0.468340 0.343756 -0.359246 -0.867625 -0.479100 -0.861730 0.166983
-0.771317 -7.482751 66.065246 68.991868 0.821098 -0.366526 0.437557 0.340441 -0.300823 -0.890845 -0.458145 -0.880434 0.122225
-0.452599 -6.772092 -33.496398 19.401757 0.822486 -0.384776 0.418884 0.333551 -0.270240 -0.903169 -0.460717 -0.882563 0.093926
3.163351 -32.588107 106.810283 444.717990 0.433684 -0.483977 0.760056 -0.101690 0.811831 0.574969 -0.895309 -0.326645 0.302862
2.408222 -31.760869 261.696815 413.799259 0.477847 -0.483852 0.733178 -0.076004 0.808731 0.583248 -0.875149 -0.334428 0.349675
1.928339 -31.242145 194.365550 195.932074 0.459699 -0.465293 0.756426 -0.349346 0.688343 0.635720 -0.816477 -0.556494 0.153882
2.970832 -32.124005 84.798912 296.193085 0.409191 -0.481038 0.775349 -0.356405 0.697979 0.621129 -0.839963 -0.530498 0.114162
-0.330150 -27.504400 188.604276 -329.670916 0.461895 -0.472240 0.750762 -0.520242 0.541304 0.660559 -0.718333 -0.695686 0.004347
1.202973 -30.496124 -167.369991 422.137968 -0.440804 0.453316 -0.774724 0.627272 -0.461794 -0.627117 -0.642045 -0.762398 -0.080792
2.135332 -32.103305 -76.605136 403.787942 -0.396080 0.466738 -0.790744 0.638821 -0.478523 -0.602431 -0.659567 -0.743755 -0.108628
-20.375464 -59.552400 753.053038 1729.932942 -0.211484 0.595302 -0.775171 -0.460950 0.638617 0.616192 0.861858 0.487630 0.139347
12.186073 -11.577499 485.340630 1204.849311 0.810477 -0.333131 -0.481821 0.373245 -0.340247 0.863088 0.451460 0.879349 0.151423
22.531288 -277.633480 920.553866 24210.603589 0.866681 -0.493055 -0.075900 0.097577 0.018341 0.995059 0.489227 0.869805 -0.064007
-6.017028 -27.590684 228.979636 2510.180378 0.450307 -0.353530 0.819902 0.713898 -0.408955 -0.568423 0.536258 0.841292 0.068229
-7.968801 -38.980941 765.559153 3802.845550 0.075056 -0.108101 0.991303 0.824554 -0.552327 -0.122661 0.560783 0.826589 0.047680
0.367455 -9.620032 1.132892 319.966360 0.800821 -0.304523 0.515705 0.529567 0.762224 -0.372255 0.279723 -0.571210 -0.771670
0.301216 -11.969250 -1.117752 -10.443615 0.809040 -0.297798 0.506726 0.555240 0.670015 -0.492736 0.192778 -0.679997 -0.707418
0.518372 -3.668846 4.140364 796.801036 0.819933 -0.264840 0.507513 0.449500 0.846832 -0.284298 0.354484 -0.461232 -0.813391
0.523783 -12.321541 8.182001 19.437636 0.795262 -0.310855 0.520507 0.571592 0.670625 -0.472805 0.202091 -0.673521 -0.711005
0.699185 -5.095186 31.796660 729.756048 0.838112 -0.228790 0.495199 0.423584 0.844963 -0.326517 0.343721 -0.483417 -0.805086
1.625962 -10.750527 -336.012396 55.123993 0.838002 -0.531655 0.122868 0.393064 0.431959 -0.811734 -0.378488 -0.728529 -0.570957
1.441606 -10.016127 -304.651436 95.149909 0.844005 -0.523566 0.116338 0.417186 0.504555 -0.755897 -0.337063 -0.686515 -0.644271
0.194280 -9.178200 -225.221295 135.656798 0.857535 -0.505517 0.095321 0.411496 0.562877 -0.716827 -0.308714 -0.653928 -0.690705
12.279679 -151.840123 478.289325 -3269.499001 0.890599 -0.422520 0.168253 -0.431220 -0.666978 0.607611 0.144507 0.613692 0.776209
-18.420708 -21.563547 -373.509101 -197.633426 0.909438 0.073905 0.409220 -0.168823 -0.833714 0.525756 -0.380028 0.547228 0.745735
-12.963460 -19.439241 66.338251 353.181074 0.629374 -0.256157 0.733670 0.658507 0.677098 -0.328491 -0.412622 0.689871 0.594829
-15.253507 -20.945923 -108.452312 -122.351123 0.742580 -0.204911 0.637641 -0.498805 -0.804539 0.322351 -0.446954 0.557430 0.699646
2.212305 -9.610477 -219.291949 -76.947425 0.708261 -0.466174 0.530140 -0.631167 -0.081773 0.771324 0.316220 0.880906 0.352151
1.806791 -10.297186 -167.434969 44.818427 0.645373 -0.467900 0.603790 0.739698 0.185546 -0.646854 0.190632 0.864085 0.465851
0.021887 -9.594228 -69.517509 98.855101 0.605100 -0.479117 0.635847 0.757802 0.101725 -0.644506 0.244113 0.871836 0.424630
3.296022 -10.148051 -235.562405 -62.291088 0.702710 -0.464980 0.538509 -0.667302 -0.168194 0.725547 0.246790 0.869198 0.428474
-4.896229 -39.517432 102.129794 -1908.185142 0.945948 -0.228595 0.230060 0.061215 -0.570763 -0.818830 -0.318490 -0.788653 0.525918
-5.519198 -54.165299 96.907120 -3401.152016 0.922410 -0.260209 0.285396 0.150436 -0.438524 -0.886039 -0.355709 -0.860225 0.365354
-5.507210 -58.117352 88.057603 -2255.269983 0.926951 -0.237120 0.290751 0.289340 -0.041535 -0.956325 -0.238840 -0.970592 -0.030107
-1.037864 -18.726099 -65.327009 227.328399 0.862503 -0.424118 0.276066 -0.505604 -0.745152 0.434871 -0.021275 0.514658 0.857131
-0.901009 -18.842106 -7.641069 111.858532 0.853890 -0.450354 0.260869 -0.520287 -0.751296 0.406024 -0.013135 0.482427 0.875838
4.359626 -23.524082 183.948037 500.069332 0.931801 -0.340295 0.126277 0.241924 0.322906 -0.914989 -0.270591 -0.883137 -0.383209
1.197530 -31.884636 283.429308 977.940097 0.933935 -0.305191 0.186073 0.218717 0.076195 -0.972809 -0.282715 -0.949238 -0.137912
0.054801 -31.992427 256.732093 1084.929973 0.925906 -0.306927 0.220215 0.262950 0.105127 -0.959065 -0.271212 -0.945909 -0.178045
3.650100 -29.287487 255.429351 1119.956463 0.937725 -0.314821 0.146833 0.205046 0.160431 -0.965515 -0.280408 -0.935494 -0.214993
-1.930482 -35.746772 177.573461 302.933328 0.894653 -0.285664 0.343500 0.170035 -0.493283 -0.853089 -0.413139 -0.821625 0.392744
5.925402 -28.807158 -56.087080 901.042033 0.824700 -0.551918 0.123522 -0.563215 -0.821351 0.090393 -0.051565 0.144116 0.988216
5.682698 -24.062686 -122.315826 -865.876350 0.819074 -0.546353 0.174976 0.554032 0.832474 0.005896 -0.148885 0.092113 0.984555
5.749015 -31.886373 -177.971877 1366.419819 0.845061 -0.502701 0.182109 -0.533036 -0.818713 0.213499 -0.041769 0.277491 0.959820
5.297450 -24.588260 -98.408120 -863.594074 0.828769 -0.521012 0.204177 0.534932 0.844749 -0.015729 -0.164283 0.122256 0.978808
4.202592 -5.632644 142.246306 30.043198 0.892250 0.413266 -0.181936 0.237091 -0.085870 0.967685 -0.384288 0.906553 0.174599
4.494929 -6.033040 105.887683 22.853796 0.788573 0.500387 -0.357443 0.424790 -0.022965 0.905001 -0.444642 0.865497 0.230669
5.492189 -6.114600 50.538291 75.106749 0.820614 0.500175 -0.276436 0.339384 -0.037346 0.939906 -0.459794 0.865118 0.200398
1.379442 -10.726835 -161.225842 -49.943823 -0.698291 0.469563 -0.540278 0.492810 0.862780 0.112912 0.519160 -0.187409 -0.833877
2.479059 -10.974666 -190.418841 -90.865221 -0.704377 0.462253 -0.538679 0.431898 0.881346 0.191554 0.563309 -0.097728 -0.820446
3.963904 -11.176347 -193.649518 -83.569679 -0.730610 0.437815 -0.523953 0.397234 0.896683 0.195358 0.555350 -0.065401 -0.829041
-3.625630 -36.783045 -184.466937 1437.457198 -0.928708 -0.036712 -0.368991 -0.053457 0.997947 0.035258 0.366939 0.052470 -0.928764
-5.094016 -39.913078 -94.975024 1631.967410 -0.951916 0.011486 -0.306145 0.053473 0.990187 -0.129116 0.301657 -0.139278 -0.943189
4.970223 -12.986950 -409.343185 4.111634 0.926498 -0.240872 0.289104 -0.020269 0.735225 0.677520 0.375752 0.633581 -0.676303
1.678927 -12.608042 -505.224498 -21.563197 0.936244 -0.196652 0.291163 -0.048633 0.748185 0.661706 0.347969 0.633678 -0.690920
5.895408 -13.597108 -97.153412 -2.690590 0.884403 -0.311076 0.347942 0.009935 0.757876 0.652323 0.466619 0.573459 -0.673358
-0.707340 -11.752621 -423.016846 -43.128892 0.935522 -0.225820 0.271669 0.028757 0.815144 0.578544 0.352096 0.533429 -0.769079
0.632771 -90.917069 -101.112639 62.628977 0.869333 -0.015360 0.493988 -0.404628 0.551813 0.729232 0.283790 0.833827 -0.473494
1.035655 -9.878338 0.014434 81.100191 0.746899 -0.475239 0.465069 -0.356503 0.304192 0.883387 0.561291 0.825600 -0.057776
1.123970 -9.170005 -7.065991 60.917771 0.743663 -0.493191 0.451362 -0.405256 0.204414 0.891057 0.531726 0.845563 0.047854
0.954982 -9.200733 -13.106900 65.303978 0.755608 -0.478004 0.447849 -0.408332 0.190867 0.892656 0.512173 0.857369 0.050964
1.102030 -9.909912 13.938030 122.430413 0.765199 -0.470056 0.439907 -0.366008 0.244505 0.897917 0.529631 0.848095 -0.015051
8.643051 1.015921 -367.822486 22.290609 0.655064 0.623573 -0.426670 0.738060 -0.407215 0.537999 0.161735 -0.667332 -0.726987
-0.168668 -12.803730 -39.091150 -130.279813 -0.728660 0.548105 -0.410652 0.124497 0.695616 0.707545 0.673465 0.464435 -0.575105
-0.223379 -14.614314 -26.269742 -324.160604 -0.727905 0.569507 -0.381859 0.074151 0.619022 0.781865 0.681657 0.540808 -0.492819
