10575
21132
-6.416627 -8.444813 6.879547 131.170324 -0.227316 0.972865 0.043148 -0.750248 -0.146708 -0.644674 0.620850 0.178916 -0.763239
-8.349155 -10.744615 66.960704 135.144229 -0.153691 0.968646 0.195202 -0.650622 0.049478 -0.757788 0.743687 0.243468 -0.622618
-6.968376 -11.127638 -29.836777 228.783646 0.107302 0.941667 0.318981 -0.698908 0.299626 -0.649424 0.707117 0.153254 -0.690289
-6.784284 -9.384381 9.523216 104.769451 -0.491773 0.865059 -0.099156 -0.557504 -0.400296 -0.727291 0.668842 0.302383 -0.679129
-4.256317 -10.148808 -127.945767 263.222778 0.157242 0.967919 0.195978 -0.767449 0.244659 -0.592591 0.621528 0.057223 -0.781299
-4.601488 -7.399281 -87.325951 155.280370 -0.009302 0.996481 0.083301 -0.845254 0.036674 -0.533105 0.534284 0.075369 -0.841938
-5.008380 -6.628972 12.642026 75.652114 -0.639439 0.711809 -0.290596 -0.551466 -0.687992 -0.471755 0.535727 0.141405 -0.832467
-5.698682 -7.860383 19.170432 -70.308483 -0.672756 0.684332 -0.281228 0.460883 0.684974 0.564267 0.578780 0.250001 -0.776218
-0.400987 -6.323814 -30.666423 35.556399 -0.120358 0.968884 -0.216282 0.992582 0.121219 -0.009331 0.017177 -0.215801 -0.976286
-0.476332 -5.511039 -30.650713 30.931305 -0.095673 0.974745 -0.201789 0.985046 0.121892 0.121767 0.143288 -0.187121 -0.971830
-0.073256 -6.132960 -26.138812 32.869045 -0.109038 0.971961 -0.208330 0.993800 0.111170 -0.001485 0.021717 -0.207201 -0.978057
-0.072501 -6.559140 -21.035550 22.072358 -0.101440 0.973666 -0.204168 0.990402 0.079471 -0.113085 -0.093881 -0.213680 -0.972382
1.631600 -7.073129 108.670010 -10.908664 0.163486 0.979343 0.118996 -0.921583 0.108559 0.372693 -0.352076 0.170594 -0.920293
0.372258 -7.342272 109.762786 -1.025637 0.134310 0.979945 0.147204 -0.859856 0.041413 0.508854 -0.492553 0.194918 -0.848174
2.420767 -6.943840 108.878350 16.304676 0.152958 0.982205 0.108984 -0.857983 0.077265 0.507834 -0.490376 0.171184 -0.854533
3.043363 -6.612285 98.117592 3.185350 0.134019 0.987473 0.083279 -0.791137 0.056007 0.609069 -0.596776 0.147512 -0.788733
3.551790 -6.724539 50.116861 33.242325 0.127133 0.991595 0.023994 -0.838336 0.094492 0.536902 -0.530122 0.088373 -0.843303
3.335735 -6.786099 36.640940 9.856981 0.129713 0.991502 0.009874 -0.904744 0.114276 0.410340 -0.405725 0.062160 -0.911879
-0.958706 -10.968858 -0.704946 -10.191638 0.224463 0.974478 0.002802 -0.161380 0.040008 -0.986081 0.961027 -0.220887 -0.166242
-1.046921 -10.807808 23.538646 -46.904735 0.205312 0.978444 -0.022216 -0.242385 0.028842 -0.969751 0.948207 -0.204486 -0.243082
-1.151685 -10.902931 15.504435 2.432996 0.194251 0.980915 -0.008560 -0.389457 0.069110 -0.918448 0.900328 -0.181743 -0.395449
-0.956518 -10.543992 -12.644677 0.517982 0.226780 0.973851 0.013572 -0.227826 0.066591 -0.971422 0.946924 -0.217207 -0.236971
-1.255329 -10.488840 13.922478 48.939460 0.199096 0.979236 -0.038179 -0.602806 0.091658 -0.792605 0.772648 -0.180819 -0.608538
-1.122013 -10.070742 -0.897236 37.392207 0.190731 0.980975 -0.036197 -0.616305 0.090965 -0.782236 0.764061 -0.171505 -0.621930
2.048544 -12.829317 -15.998666 227.562857 0.155584 0.985249 0.071257 0.042349 -0.078722 0.995997 -0.986915 0.151943 0.053972
2.126355 -14.140214 -20.025405 122.406889 0.155554 0.986294 0.055012 -0.207582 -0.021809 0.977975 -0.965771 0.163547 -0.201345
2.284237 -13.952687 -27.042388 245.251026 0.193390 0.977205 0.087586 0.001199 -0.089506 0.995986 -0.981121 0.192509 0.018482
2.086243 -11.283716 -26.284263 162.915546 0.180144 0.976960 0.114441 0.145684 -0.141560 0.979151 -0.972792 0.159716 0.167829
-0.886259 -12.936009 -1.258710 96.376190 0.136343 0.973001 -0.186226 0.978924 -0.103474 0.176071 0.152047 -0.206307 -0.966602
-0.982952 -12.937650 -18.237130 132.498769 0.128403 0.971935 -0.197119 0.991698 -0.124443 0.032398 0.006958 -0.199642 -0.979844
-1.229194 -12.909611 -21.195567 91.322192 0.149824 0.971257 -0.184965 0.980441 -0.121799 0.154595 0.127623 -0.204509 -0.970509
-0.987383 -12.676207 -9.694440 14.172133 0.182833 0.967438 -0.175032 -0.930813 0.113026 -0.347580 0.316479 -0.226472 -0.921169
-1.198403 -12.178393 -32.520090 -36.800054 0.192465 0.964307 -0.181851 -0.927183 0.118008 -0.355535 0.321385 -0.237037 -0.916802
-1.586488 -11.541380 -11.022359 19.071954 0.201270 0.973964 -0.104333 -0.917054 0.149927 -0.369506 0.344243 -0.170050 -0.923353
-1.870733 -11.435243 -0.146835 -10.646007 0.223374 0.973746 -0.043838 -0.934396 0.201110 -0.294040 0.277505 -0.106643 -0.954787
-1.703881 -11.828853 -2.946311 66.841365 0.234190 0.970791 -0.052153 -0.888046 0.191781 -0.417846 0.395639 -0.144169 -0.907020
-1.496791 -12.921742 -11.981678 134.881201 0.214742 0.972797 -0.086907 -0.842237 0.139397 -0.520773 0.494492 -0.185028 -0.849260
0.260506 -3.241976 10.156107 -24.214212 0.234257 0.325474 0.916074 0.589383 0.701834 -0.400072 -0.773144 0.633638 -0.027419
0.664060 -3.379245 37.991297 -25.595526 0.125006 0.182812 0.975168 0.539979 0.812025 -0.221447 -0.832344 0.554252 0.002793
0.605296 -2.827025 16.199282 13.695366 -0.075178 0.006828 0.997147 0.576833 0.815982 0.037902 -0.813395 0.578037 -0.065282
-0.308026 -2.090680 -28.291584 31.585555 0.079714 0.199012 0.976750 0.629583 0.749640 -0.204120 -0.772833 0.631216 -0.065538
1.874365 -6.390595 -54.930395 3.253337 0.025369 0.985173 -0.169678 0.996542 -0.038355 -0.073702 -0.079117 -0.167222 -0.982740
1.934644 -6.265137 -49.002178 -1.823781 0.066428 0.988893 -0.132956 0.996487 -0.058938 0.059503 0.051006 -0.136441 -0.989334
2.883946 -6.500909 -66.385757 10.548977 0.073130 0.988046 -0.135710 0.991458 -0.086759 -0.097389 -0.107999 -0.127429 -0.985950
2.409568 -6.540504 -64.994880 -17.505085 0.027043 0.986666 -0.160495 -0.982623 0.055732 0.177046 -0.183630 -0.152918 -0.971028
3.481100 -6.535001 -20.786472 -24.134729 0.116289 0.991576 -0.057049 -0.982643 0.123219 0.138669 -0.144530 -0.039933 -0.988694
3.372717 -6.721476 -63.966220 -21.156251 0.063717 0.989386 -0.130595 -0.970704 0.091822 0.222043 -0.231678 -0.112621 -0.966251
1.349500 -37.401039 126.083740 -1168.415859 -0.515337 0.812608 0.272205 -0.024130 0.303745 -0.952448 0.856648 0.497400 0.136923
4.936290 -41.291771 240.091454 -1756.703381 -0.522522 0.797021 0.302867 0.090902 0.405267 -0.909668 0.847766 0.447790 0.284212
1.949162 -20.147934 153.845528 -457.731782 -0.535555 0.802581 0.262765 0.221588 0.433795 -0.873339 0.814911 0.409495 0.410163
-0.312441 -22.901505 59.925728 -595.926409 -0.527497 0.824532 0.204679 0.169535 0.338243 -0.925662 0.832469 0.453583 0.318209
-0.820574 -37.356467 17.879830 -993.211362 -0.494098 0.841371 0.219004 -0.180436 0.147178 -0.972513 0.850476 0.520033 -0.079094
2.396131 -1.657261 -51.799678 62.518236 0.132407 0.970829 -0.199898 -0.004309 0.202236 0.979327 -0.991186 0.128809 -0.030961
2.101350 -3.007470 -51.173947 49.197998 0.118695 0.985511 -0.121157 -0.076711 0.130757 0.988442 -0.989963 0.108029 -0.091120
2.652329 -1.765283 -41.930415 53.067016 0.177855 0.973684 -0.142502 -0.040807 0.151984 0.987540 -0.983210 0.169824 -0.066764
2.525514 -0.366336 -22.806088 67.094923 0.195177 0.961521 -0.193349 0.011951 0.194795 0.980771 -0.980695 0.193735 -0.026528
0.416477 -51.699173 -15.394376 -26.050421 -0.621730 0.763437 0.174973 -0.550697 -0.584951 0.595454 -0.556942 -0.273854 -0.784104
0.570162 -81.741366 -68.925397 -1322.960999 -0.653075 0.724287 0.221137 -0.464061 -0.613514 0.638942 -0.598448 -0.314656 -0.736784
0.264027 -51.309375 -44.676076 -814.072527 -0.652228 0.722590 0.229046 -0.307094 -0.528138 0.791684 -0.693031 -0.446020 -0.566370
2.086135 -141.115421 9.044025 -4553.705628 -0.652134 0.726416 0.216890 -0.127402 -0.387040 0.913219 -0.747322 -0.567909 -0.344949
0.553664 -67.722001 -0.574168 -2265.783355 -0.649792 0.716665 0.253300 -0.057102 -0.378323 0.923911 -0.757964 -0.585886 -0.286754
-0.457710 -50.036627 -19.371769 -680.090343 -0.633552 0.744878 0.209212 -0.265502 -0.463295 0.845498 -0.726719 -0.480120 -0.491288
-5.427993 -164.909084 133.038110 6437.619262 -0.969269 0.102547 0.223609 0.121437 0.989956 0.072391 -0.213939 0.097321 -0.971987
-13.989280 -557.955964 -279.036248 26729.237417 -0.980345 -0.083282 0.178851 -0.056347 0.986969 0.150724 -0.189073 0.137684 -0.972263
0.516532 -470.106494 -187.323510 -27368.749087 0.965734 -0.152602 -0.209931 -0.010720 0.784728 -0.619747 -0.259313 -0.600761 -0.756203
-0.692684 -222.936481 -63.560741 -12044.026874 0.963794 -0.219267 -0.151733 0.077958 0.775886 -0.626038 -0.254997 -0.591543 -0.764888
-1.624724 -231.307872 63.944841 8860.728068 -0.967413 0.071904 0.242777 0.106164 0.985667 0.131109 -0.229870 0.152610 -0.961181
-2.456130 -62.248944 -76.244028 1942.082638 0.951981 -0.194444 -0.236480 0.297792 0.767412 0.567802 -0.071072 0.610959 -0.788465
-0.192235 -3.483087 -26.982806 -64.225674 0.154216 0.987863 -0.018541 0.062875 -0.028539 -0.997613 0.986035 -0.152682 0.066513
-0.572697 -3.471364 -34.854270 -35.017547 0.150446 0.984339 -0.091880 0.048977 -0.100245 -0.993757 0.987404 -0.145007 0.063292
-0.216429 -3.207244 -26.388364 49.883329 0.167521 0.978302 -0.121906 0.058048 -0.133227 -0.989384 0.984158 -0.158666 0.079107
-0.633828 -3.826339 -37.066681 54.125411 0.158066 0.971936 -0.174228 0.070017 -0.187034 -0.979855 0.984943 -0.142683 0.097616
-0.188914 -4.876666 -1.071945 115.831774 0.135262 0.979959 -0.146235 0.112373 -0.161812 -0.980403 0.984417 -0.116178 0.132008
-0.551958 -4.060493 13.390699 137.168358 0.132037 0.979096 -0.154719 0.034364 -0.160513 -0.986435 0.990649 -0.124929 0.054839
-0.309661 -4.383651 -24.858360 86.987585 0.138631 0.985567 -0.097152 0.141117 -0.116757 -0.983084 0.980238 -0.122576 0.155266
-2.835497 -12.412508 -29.875195 58.421927 0.366086 0.921046 -0.132871 0.675101 -0.361132 -0.643290 0.640483 -0.145798 0.754005
-2.474702 -10.958061 -28.270481 73.160273 0.443843 0.847840 -0.290121 0.475711 -0.497301 -0.725528 0.759409 -0.184007 0.624051
-3.795901 -11.880534 -16.324742 94.485628 0.405219 0.877960 -0.254917 0.641044 -0.471670 -0.605467 0.651813 -0.081934 0.753941
-3.202925 -9.447830 -38.820698 89.069830 0.502371 0.741374 -0.444959 0.375068 -0.650522 -0.660413 0.779069 -0.164883 0.604869
-3.552923 -13.263523 -16.827776 41.694660 0.344591 0.929487 -0.131570 0.809571 -0.365191 -0.459598 0.475239 -0.051859 0.878327
-0.376968 -8.123176 -66.611349 -63.448713 -0.524964 -0.426169 0.736745 0.649544 0.358768 0.670357 -0.550006 0.830461 0.088475
1.682034 -8.282731 -104.266976 -94.363867 -0.571469 -0.456708 0.681793 0.606977 0.323891 0.725723 -0.552270 0.828560 0.092117
1.124108 -5.958499 79.618790 -32.979094 0.578728 0.460285 -0.673210 0.526708 0.419273 0.739452 -0.622617 0.782526 -0.000209
0.956915 -4.514472 47.985873 -29.342940 0.536653 0.429562 -0.726278 0.486328 0.545922 0.682242 -0.689556 0.719337 -0.084063
0.093870 -5.140294 -50.119327 -28.388409 -0.498859 -0.384053 0.776944 0.501914 0.602809 0.620245 -0.706556 0.699374 -0.107955
-1.673319 -6.636563 61.909656 77.190802 0.100177 0.992819 -0.065379 0.239968 -0.087879 -0.966795 0.965598 -0.081162 0.247048
-2.021797 -7.153117 38.635819 -29.708057 0.136466 0.988287 -0.068306 0.383325 -0.116259 -0.916267 0.913476 -0.098856 0.394701
-2.174320 -6.618691 14.205892 16.224735 0.147862 0.988232 0.039167 0.315231 -0.009555 -0.948967 0.937425 -0.152663 0.312934
-2.031748 -6.623522 -13.951870 -58.140550 0.202858 0.979083 -0.015637 0.459325 -0.109248 -0.881524 0.864794 -0.171641 0.471879
0.853974 -12.916716 1.532418 177.611457 0.257112 0.965840 0.032352 0.960474 -0.259093 0.101786 -0.106692 -0.004903 0.994280
1.342301 -14.462241 -6.693483 -21.930737 0.218905 0.975080 0.036040 0.898088 -0.215786 0.383243 -0.381470 0.051526 0.922944
1.398557 -14.762293 6.128334 5.367595 0.283612 0.958759 0.018575 0.885278 -0.269222 0.379212 -0.368574 0.091105 0.925123
2.300821 -15.895916 14.544183 -78.116180 0.317113 0.948279 -0.014363 0.756804 -0.243897 0.606434 -0.571565 0.203178 0.795004
1.421445 -14.617390 11.891956 83.101315 0.348095 0.937458 0.001651 0.880583 -0.327580 0.342440 -0.321564 0.117748 0.939538
0.897420 -13.056459 -20.572191 210.841725 0.312987 0.948900 0.040358 0.944951 -0.315391 0.087156 -0.095431 -0.010857 0.995377
-0.747295 -18.811584 2.560872 317.244458 0.352724 0.924491 0.144577 0.084888 0.122256 -0.988862 0.931869 -0.361068 0.035356
-0.655477 -14.832521 8.449631 342.398034 0.349326 0.928223 0.127960 -0.140160 0.186791 -0.972350 0.926459 -0.321732 -0.195351
-0.888980 -18.668174 7.920374 270.740645 0.344522 0.931112 0.119730 0.120210 0.082733 -0.989295 0.931050 -0.355226 0.083426
-1.017893 -19.884423 -13.938372 150.830066 0.362765 0.922123 0.134501 0.294025 0.023700 -0.955504 0.884280 -0.386170 0.262530
0.410355 -13.610085 -20.272180 -20.040597 0.065780 0.997809 -0.007026 -0.121109 0.000995 -0.992639 0.990457 -0.066146 -0.120909
0.644151 -14.621926 -9.110242 -7.405436 0.038712 0.998402 -0.041168 -0.107052 -0.036818 -0.993571 0.993499 -0.042871 -0.105456
0.257965 -13.686858 -17.110657 68.987363 0.055378 0.997211 -0.050039 -0.320625 -0.029701 -0.946741 0.945586 -0.068473 -0.318086
0.777020 -13.682340 -0.908293 -76.028068 0.039048 0.999237 0.000776 0.095121 -0.002944 -0.995461 0.994700 -0.038945 0.095163
0.040164 -12.923840 -4.227184 59.408015 0.044822 0.998779 -0.020768 -0.389228 -0.001686 -0.921140 0.920050 -0.049371 -0.388677
0.670862 -12.943330 -26.031740 -74.035878 0.075841 0.996378 0.038468 0.140556 0.027511 -0.989690 0.987164 -0.080466 0.137960
-0.199577 -3.619982 5.808175 -24.643478 -0.050164 0.995166 -0.084433 0.889098 0.083007 0.450126 -0.454959 0.052489 0.888964
-0.197381 -4.332695 3.024475 -45.626027 -0.073300 0.993196 -0.090487 0.916398 0.102874 0.386823 -0.393500 0.054568 0.917704
-0.237740 -4.079037 -4.139870 -35.326763 -0.061852 0.993952 -0.090737 0.896955 0.095229 0.431743 -0.437773 0.054683 0.897421
-0.397125 -3.746335 13.506900 -33.655385 -0.083848 0.991306 -0.101404 0.890370 0.120225 0.439075 -0.447449 0.053471 0.892710
-0.286421 -3.463306 0.538868 -13.600992 -0.009674 0.997936 -0.063484 0.867519 0.039950 0.495797 -0.497310 0.050277 0.866115
-0.421761 -3.296057 10.192272 -13.259309 -0.065362 0.993705 -0.090981 0.865519 0.101831 0.490415 -0.496593 0.046692 0.866727
-3.000411 -26.893297 -25.351245 252.864648 -0.037378 0.979669 -0.197106 -0.948447 0.027342 0.315755 -0.314725 -0.198747 -0.928142
-3.140229 -25.027173 10.732659 296.792616 -0.017698 0.988867 -0.147745 -0.913813 0.043969 0.403748 -0.405750 -0.142157 -0.902861
-2.305869 -26.728953 24.550928 -227.404934 0.016100 0.990419 -0.137153 0.999725 -0.018287 -0.014698 -0.017065 -0.136879 -0.990441
-2.250876 -27.911996 -25.072512 -177.057357 -0.042044 0.975897 -0.214145 0.998708 0.047171 0.018888 0.028534 -0.213074 -0.976619
-2.010345 -28.839520 -44.114923 -264.114395 -0.096384 0.960659 -0.260468 0.991812 0.070668 -0.106371 -0.083780 -0.268588 -0.959605
-3.123961 -5.570522 15.174932 -36.993006 0.032364 -0.448200 0.893347 0.596738 0.725687 0.342465 -0.801783 0.522011 0.290945
-3.483031 -5.003520 11.854833 -52.011976 -0.077003 -0.483167 0.872135 0.552437 0.707506 0.440737 -0.829990 0.515738 0.212439
-2.934312 -4.922986 19.302031 -46.814720 0.119153 -0.345686 0.930754 0.490142 0.835723 0.247645 -0.863460 0.426694 0.269014
-2.678272 -5.685475 17.276536 -27.360318 0.106679 -0.457354 0.882863 0.593483 0.741696 0.312512 -0.797745 0.490626 0.350555
-1.084123 -47.670038 364.769707 -2009.380419 0.623064 -0.528226 -0.576861 0.406882 0.848757 -0.337726 0.668010 -0.024289 0.743756
-2.031680 -70.921477 -1611.720239 -3021.905490 0.444052 0.739116 -0.506483 0.417635 -0.670847 -0.612818 0.792716 -0.060598 0.606572
-91.087198 -1489.210454 -3919.015491 -88414.336458 0.749403 0.619298 -0.234235 -0.020904 -0.331461 -0.943237 0.661785 -0.711761 0.235452
-3.098028 -265.350131 826.571658 -7014.977180 0.801478 -0.441199 -0.403704 0.480747 0.876851 -0.003860 0.355691 -0.190986 0.914882
21.837438 -197.628584 -638.405233 -37651.780256 0.934667 -0.240362 -0.261961 -0.253379 0.066515 -0.965078 -0.249392 -0.968402 -0.001267
-0.468228 -5.849389 69.909509 -6.441591 0.382670 0.922343 0.053362 0.431847 -0.229632 0.872225 -0.816744 0.310730 0.486185
-0.286787 -5.851676 105.674553 3.979471 0.374936 0.927017 -0.007905 0.527909 -0.206490 0.823816 -0.762060 0.313052 0.566802
1.329773 -5.933008 116.195054 -10.639234 0.356092 0.933995 -0.029198 0.447277 -0.142927 0.882901 -0.820452 0.327454 0.468650
-1.277852 -5.772288 30.892808 7.405937 0.375246 0.923571 0.078783 0.500266 -0.273342 0.821595 -0.780336 0.268888 0.564602
0.077621 -5.696348 79.262569 -20.704469 0.384974 0.922236 0.035704 0.340389 -0.177836 0.923315 -0.857864 0.343299 0.382381
-1.169573 -5.832768 26.564542 -7.073367 0.388151 0.913149 0.124494 0.377153 -0.280646 0.882606 -0.840889 0.295631 0.453329
-26.489485 -309.643858 -94.425051 -13210.242843 0.570130 -0.399910 -0.717652 0.817945 0.358102 0.450255 0.076931 -0.843703 0.531269
-31.151586 -270.996614 -1463.757325 -11716.734938 0.951365 -0.172836 -0.255016 0.215101 0.965274 0.148247 0.220538 -0.195891 0.955505
93.545377 -8027.799347 -1715.963244 608846.510830 0.964060 -0.265402 -0.012252 -0.257426 -0.921692 -0.290198 -0.065726 -0.282923 0.956888
-32.296800 -87.384204 -495.094992 2710.050537 0.947680 0.019854 -0.318604 -0.303519 -0.253138 -0.918584 0.098888 -0.967226 0.233868
-35.484067 -134.216792 832.016367 4650.259386 0.917550 -0.110259 -0.382029 -0.380549 -0.522017 -0.763335 0.115261 -0.845778 0.520936
-13.453419 -319.884767 127.434492 -15525.048950 0.995160 0.011088 -0.097645 0.028871 -0.982756 0.182639 0.093936 0.184574 0.978319
-0.200003 -65.659941 87.682283 2122.964210 0.859908 -0.067830 0.505922 0.456584 -0.340942 -0.821760 -0.228230 -0.937634 0.262208
-0.170114 -39.947486 76.900731 -720.064095 0.855040 -0.080871 0.512217 0.237550 -0.816944 -0.525522 -0.460952 -0.571019 0.679309
-2.268597 -35.267868 120.103918 -260.106939 0.857507 -0.054411 0.511588 0.301357 -0.752817 -0.585192 -0.416973 -0.655977 0.629149
-6.653712 -35.347414 250.089513 -98.413525 0.839340 -0.067642 0.539382 0.327631 -0.728821 -0.601230 -0.433781 -0.681355 0.589567
-4.251836 -67.093326 167.567600 2365.329835 0.843785 -0.047949 0.534535 0.495609 -0.312517 -0.810373 -0.205908 -0.948701 0.239933
-7.446559 -10.772466 27.969904 47.950349 -0.051277 0.984833 0.165757 -0.532544 0.113444 -0.838765 0.844848 0.131282 -0.518650
-9.079903 -11.390486 102.221173 47.510304 -0.231174 0.964364 0.128685 -0.460447 0.008071 -0.887651 0.857057 0.264455 -0.442173
-7.418800 -10.995944 16.265931 85.977410 -0.376243 0.925903 0.033847 -0.496675 -0.170717 -0.850982 0.782148 0.336986 -0.524104
-4.676461 -10.287786 -19.560727 -30.067997 0.968906 -0.206516 0.136278 -0.095205 0.197204 0.975729 0.228378 0.958364 -0.171411
-5.094095 -10.287146 1.139924 16.101923 0.979706 -0.186221 0.074150 -0.082225 -0.036008 0.995963 0.182799 0.981848 0.050590
-5.152578 -10.439489 -34.208774 -15.120351 0.953372 -0.282563 0.106020 -0.080225 0.101378 0.991608 0.290939 0.953877 -0.073982
-1.439905 -3.358292 -15.523971 -46.527581 -0.365199 0.857541 -0.362289 -0.027953 -0.399096 -0.916483 0.930510 0.324572 -0.169721
-1.249012 -5.317170 -6.531395 -87.824893 -0.355529 0.806802 -0.471879 -0.052511 -0.521309 -0.851751 0.933189 0.278043 -0.227707
-1.209215 -4.721287 8.507181 -86.370560 -0.393032 0.744820 -0.539230 -0.021939 -0.593852 -0.804275 0.919263 0.304275 -0.249743
-0.797915 -7.592275 14.791024 -140.456317 -0.378508 0.766303 -0.519144 -0.130517 -0.599458 -0.789693 0.916350 0.231148 -0.326915
-1.543035 -2.905049 -6.122122 -42.368498 -0.405128 0.796150 -0.449462 -0.000058 -0.491635 -0.870801 0.914260 0.352760 -0.199221
-0.167180 -6.920332 49.262530 -136.169699 -0.412880 0.687201 -0.597733 -0.060608 -0.675559 -0.734811 0.908766 0.267161 -0.320575
-0.893071 -3.933582 56.250613 77.535492 -0.426663 0.613122 -0.664861 -0.072700 0.709503 0.700943 0.901484 0.347402 -0.258144
-1.408010 -7.582139 58.405303 3.527679 0.098187 0.987321 0.124726 -0.838992 0.014721 0.543944 -0.535211 0.158053 -0.829800
-0.294425 -7.313612 81.138449 -6.982886 0.087081 0.982533 0.164455 -0.786887 -0.033397 0.616193 -0.610922 0.183066 -0.770234
-1.366595 -7.401616 18.199842 15.132748 0.057742 0.990676 0.123395 -0.728139 -0.042768 0.684094 -0.682993 0.129350 -0.718881
-0.916368 -10.738961 10.319436 -15.612238 0.227001 0.973796 -0.013881 -0.113161 0.012218 -0.993502 0.967298 -0.227097 -0.112969
2.353529 -15.321248 -18.903986 67.717795 0.204917 0.977811 0.043519 -0.291245 0.018466 0.956470 -0.934444 0.208672 -0.288567
2.089657 -14.440271 -13.058785 -86.107210 0.171787 0.984835 0.024270 -0.476950 0.061588 0.876770 -0.861979 0.162194 -0.480297
1.940353 -13.894958 7.989257 -17.341957 0.145343 0.988549 0.040574 -0.353093 0.013518 0.935491 -0.924230 0.150293 -0.351014
-0.847760 -13.978253 -29.126833 118.459767 0.113989 0.966239 -0.231058 0.991272 -0.126121 -0.038386 -0.066231 -0.224666 -0.972182
-0.672385 -12.890224 -12.150635 99.834572 0.131045 0.967453 -0.216476 0.982501 -0.097584 0.158649 0.132361 -0.233478 -0.963311
-0.696583 -14.656395 -28.809697 102.868780 0.133277 0.960743 -0.243332 0.986155 -0.104113 0.129068 0.098667 -0.257165 -0.961317
-0.759484 -16.064916 -8.040429 -92.119686 0.077837 0.976398 -0.201467 -0.967381 0.122833 0.221553 -0.241070 -0.177650 -0.954110
-1.136883 -15.207550 -16.285599 -45.807099 0.079951 0.978707 -0.189051 -0.925245 0.143425 0.351213 -0.370849 -0.146839 -0.917011
1.365946 -3.101192 11.918994 -13.855925 -0.080928 0.002666 0.996716 0.525875 0.849600 0.040425 -0.846703 0.527420 -0.070158
1.461887 -2.953067 30.849513 -27.413694 0.002211 0.049930 0.998750 0.484271 0.873773 -0.044754 -0.874915 0.483764 -0.022248
16.195467 -20.957481 684.543929 258.922222 -0.131698 0.882794 0.450921 0.401948 0.463367 -0.789765 0.906142 -0.077236 0.415862
12.548117 -23.928409 583.902166 278.903976 -0.135729 0.948987 0.284606 0.533284 0.312078 -0.786267 0.834977 -0.045057 0.548438
6.200677 -25.110275 167.486684 397.671335 -0.038044 0.967870 0.248555 0.242520 0.250241 -0.937317 0.969400 -0.024621 0.244248
44.164711 -24.955284 2263.334309 -255.106358 -0.301255 0.912365 0.277193 0.734559 0.407404 -0.542627 0.608004 -0.040145 0.792919
80.389152 -23.285994 3286.024016 -311.237748 -0.199808 0.646976 0.735866 0.738134 0.593288 -0.321198 0.644388 -0.478990 0.596099
111.475280 -17.945771 -6653.768433 514.667073 0.309018 -0.105404 -0.945197 0.324789 0.945786 0.000715 0.893879 -0.307211 0.326500
0.879811 -6.035203 -43.014044 -12.581067 0.019315 0.984413 -0.174806 -0.984249 -0.012009 -0.176381 0.175731 -0.175460 -0.968676
1.202026 -6.140336 -35.739033 -3.757281 0.063683 0.988368 -0.138103 -0.974696 0.031888 -0.221248 0.214271 -0.148698 -0.965389
1.072310 -6.156943 -38.757543 -2.040173 0.002054 0.984520 -0.175263 0.998956 0.005979 0.045295 0.045642 -0.175173 -0.983479
1.243032 -52.092616 55.026906 -1618.269389 -0.438445 0.839214 0.321691 0.881498 0.331727 0.336033 0.175290 0.430902 -0.885210
-0.033455 -40.399640 90.634138 -174.089974 -0.488223 0.816303 0.308686 0.727955 0.185816 0.659965 0.481373 0.546920 -0.684952
-1.001372 -42.615095 39.000028 -1308.329564 -0.471906 0.839815 0.268356 0.868501 0.390440 0.305390 0.151694 0.377183 -0.913631
-0.627378 -52.462407 57.856743 -2019.850433 -0.528609 0.801580 0.279361 0.834097 0.551600 -0.004442 -0.157657 0.230666 -0.960176
1.635766 -43.915513 33.926752 -1287.134469 -0.387938 0.870833 0.301918 0.916132 0.328420 0.229876 0.101028 0.365775 -0.925204
2.777268 -40.888173 83.108644 -320.834817 -0.384857 0.854042 0.349997 -0.752244 -0.070516 -0.655100 0.534803 0.515403 -0.669586
-0.274093 -43.826193 13.935358 1529.594821 -0.468773 0.839779 0.273904 -0.844331 -0.517104 0.140389 -0.259532 0.165455 -0.951456
0.468896 -1.594530 59.363607 31.609218 0.383578 0.917441 0.105691 -0.127574 -0.060709 0.989969 -0.914655 0.393214 -0.093755
0.415791 -0.958959 48.438643 11.230475 0.372633 0.924989 0.074436 -0.100243 -0.039621 0.994174 -0.922549 0.377924 -0.077960
1.603131 -1.435778 65.343640 30.071644 0.383140 0.923627 -0.010842 -0.086437 0.047537 0.995123 -0.919637 0.380334 -0.098049
-0.517014 -1.422806 31.032007 20.628125 0.315690 0.856144 0.409094 -0.214128 -0.355740 0.909724 -0.924386 0.374789 -0.071021
1.463980 -2.158308 73.126100 47.012386 0.392228 0.919808 0.010517 -0.115559 0.037928 0.992576 -0.912581 0.390531 -0.121169
0.359808 -2.442401 64.108175 52.032348 0.395010 0.917130 0.053297 -0.130412 -0.001447 0.991459 -0.909373 0.398587 -0.119033
-0.640093 -2.169356 45.031617 44.702434 0.367318 0.912505 0.180032 -0.158580 -0.129286 0.978845 -0.916477 0.388097 -0.097216
1.569202 -231.234164 -99.381545 11090.688354 -0.713720 0.658159 0.239647 0.569121 0.744361 -0.349324 -0.408294 -0.112931 -0.905838
13.674486 -178.535948 -893.033011 6570.054989 -0.693550 0.631484 0.346722 0.253204 0.664253 -0.703318 -0.674445 -0.399995 -0.620587
0.759685 -57.406659 -29.061544 -1288.576989 -0.620754 0.765361 0.169964 -0.690401 -0.636366 0.344072 -0.371498 -0.096240 -0.923432
-0.580148 -115.291723 -284.261775 -1199.318675 -0.652960 0.738390 0.168592 -0.700859 -0.673447 0.235085 -0.287122 -0.035342 -0.957242
0.341100 -5.108145 -0.119603 39.354120 0.015169 0.966798 -0.255093 -0.495036 0.228922 0.838173 -0.868740 -0.113566 -0.482072
0.155696 -5.944901 -14.261642 57.912268 -0.015778 0.971825 -0.235175 -0.581097 0.182493 0.793109 -0.813681 -0.149173 -0.561846
0.339644 -5.643133 -6.041228 55.366268 0.021902 0.964716 -0.262380 -0.570742 0.227540 0.788973 -0.820837 -0.132471 -0.555588
1.995646 -2.468622 84.940816 -19.656616 0.033256 -0.127681 0.991258 0.110593 0.986185 0.123318 -0.993309 0.105526 0.046917
3.067531 -2.174977 81.203499 -27.184144 -0.010830 -0.014775 0.999832 0.065756 0.997716 0.015456 -0.997777 0.065912 -0.009833
3.548497 -2.518078 16.078719 -14.390423 -0.081734 0.006715 0.996632 0.134271 0.990935 0.004334 -0.987568 0.134173 -0.081894
-0.276901 -5.469490 39.703686 41.701402 0.411026 0.907181 -0.089895 -0.294916 0.225629 0.928502 -0.862602 0.355127 -0.360281
0.493361 -4.435990 71.798706 51.502687 0.413376 0.909911 -0.034387 -0.213668 0.133642 0.967722 -0.885136 0.392686 -0.249663
1.242040 -5.182369 89.586324 44.230456 0.415405 0.909321 -0.023969 -0.289144 0.156982 0.944326 -0.862458 0.385348 -0.328136
-6.535517 -165.395375 -19.681778 6279.677116 -0.998434 0.035357 0.043357 0.035769 0.999322 0.008756 -0.043018 0.010293 -0.999021
-1.444620 -237.521005 -41.769658 -13270.894584 0.989641 -0.019299 -0.142263 -0.069968 0.800444 -0.595310 -0.125362 -0.599097 -0.790801
4.255273 -10.808024 -185.643455 106.205325 0.608856 -0.653828 -0.449225 0.484374 0.754879 -0.442199 0.628233 0.051642 0.776310
6.627670 -9.730577 -391.400705 -134.292851 0.641095 -0.670326 -0.373712 0.648891 0.733457 -0.202441 0.409803 -0.112714 0.905183
2.694378 -10.608733 189.325762 28.828479 -0.546153 0.743786 0.385355 0.620253 0.668256 -0.410756 0.563030 -0.014682 0.826306
0.325278 -10.292871 60.355068 145.081450 -0.519453 0.767223 0.376215 0.480400 0.626317 -0.613957 0.706671 0.138188 0.693916
1.608514 -9.410674 -86.622037 186.267646 0.569889 -0.683762 -0.455737 0.337946 0.700564 -0.628493 0.749012 0.204156 0.630318
4.158330 -10.608811 -170.863600 -194.999724 -0.579115 -0.479722 0.659161 0.633077 0.244802 0.734360 -0.513653 0.842579 0.161932
1.121939 -11.744570 -100.579484 -202.377694 -0.504709 -0.437082 0.744465 0.718365 0.265617 0.642961 -0.478769 0.859306 0.179925
7.652403 -13.608261 -262.978194 -245.551365 -0.580363 -0.507680 0.636742 0.694177 0.100407 0.712767 -0.425790 0.855675 0.294147
7.203698 -10.185473 182.908762 -177.805059 0.593991 0.589048 -0.547903 0.546113 0.204847 0.812280 -0.590708 0.781703 0.200009
-1.267450 -6.791154 47.048920 6.773539 0.101433 0.988720 -0.110203 0.357601 -0.139607 -0.923381 0.928350 -0.054253 0.367728
-1.898261 -6.574401 41.955578 -70.279161 0.138240 0.986533 -0.087426 0.489087 -0.144759 -0.860139 0.861211 -0.076147 0.502512
0.737387 -12.953031 9.834723 145.427361 0.198109 0.979811 0.026876 0.973210 -0.199891 0.113602 -0.116681 -0.003650 0.993163
-0.695899 -10.161252 11.076787 223.387083 0.344146 0.931525 0.117581 -0.336634 0.239322 -0.910715 0.876494 -0.273837 -0.395945
-0.364924 -9.754359 11.563166 245.924193 0.345684 0.928823 0.133382 -0.344208 0.257753 -0.902820 0.872939 -0.266179 -0.408810
-0.742997 -14.783426 9.619187 353.238070 0.351141 0.924600 0.147697 -0.158003 0.213992 -0.963972 0.922895 -0.315154 -0.221231
0.166509 -14.525536 -3.243916 92.779746 0.033232 0.995653 -0.087005 -0.375595 -0.068231 -0.924269 0.926188 -0.063394 -0.371695
0.818826 -14.718466 26.102084 -67.713147 -0.015203 0.999833 -0.010091 0.177955 -0.007226 -0.984012 0.983921 0.016756 0.177816
0.424483 -15.587558 45.778103 24.198938 -0.036103 0.997674 -0.057822 -0.143354 -0.062431 -0.987700 0.989013 0.027370 -0.145274
-0.323237 -4.685447 12.828243 -49.588006 -0.075896 0.991761 -0.103203 0.928555 0.108014 0.355131 -0.363352 0.068876 0.929102
0.340764 -15.553336 -36.237681 -12.088558 0.132594 0.987588 0.084191 0.958194 -0.149447 0.243986 -0.253539 -0.048321 0.966117
-0.427177 -14.451009 -36.187156 -62.742605 0.126195 0.988928 0.078082 0.900133 -0.147235 0.409979 -0.416936 -0.018547 0.908747
0.202744 -15.457157 -26.011938 -28.126427 0.092139 0.993455 0.067505 0.864716 -0.113445 0.489282 -0.493738 -0.013290 0.869509
0.877775 -16.720377 -37.454533 -20.475854 0.093007 0.992869 0.074569 0.934113 -0.112937 0.338641 -0.344648 -0.038159 0.937956
-1.783570 -27.073673 85.014952 307.469280 0.069625 0.993508 -0.089966 -0.973504 0.087360 0.211327 -0.217814 -0.072868 -0.973266
-2.472994 -25.295898 99.709317 114.436951 0.044139 0.996330 -0.073332 -0.867996 0.074587 0.490938 -0.494606 -0.041983 -0.868103
-3.291892 -4.153161 15.066872 -22.739859 0.230140 -0.004982 0.973145 0.394981 0.914394 -0.088728 -0.889396 0.404794 0.212406
-3.848132 -4.249539 -0.973053 -1.792637 0.370310 0.824563 -0.427745 0.313620 0.322462 0.893118 -0.874364 0.464880 0.139188
-3.508585 -5.135576 6.493677 -37.374746 0.307655 0.624666 -0.717733 0.488793 0.543421 0.682477 -0.816351 0.560790 0.138147
-3.220542 -6.025957 -0.100305 -28.620010 -0.216870 -0.530757 0.819307 0.650814 0.546944 0.526587 -0.727605 0.647417 0.226808
-2.579417 -23.749713 129.176149 -465.007804 -0.031594 0.995125 -0.093427 0.912945 -0.009318 -0.407977 0.406858 0.098183 0.908200
-6.092493 -32.380002 -52.919591 308.593552 -0.246780 0.963071 0.107672 0.618039 0.241992 -0.747976 0.746410 0.118040 0.654934
-3.520167 -17.739365 -97.539916 184.089633 0.043760 0.985626 -0.163173 0.693843 -0.147497 -0.704859 0.718795 0.082372 0.690325
-6.653297 -14.562839 -269.121951 -104.129430 0.154302 0.937506 -0.311887 0.803842 -0.302663 -0.512087 0.574481 0.171692 0.800308
-3.797859 -21.223284 -9.724257 -377.327569 0.099173 0.971096 -0.217112 0.904915 -0.178765 -0.386229 0.413877 0.158165 0.896487
2.223331 -7.193350 -137.027473 14.828765 0.072669 0.997183 -0.018585 0.994821 -0.073799 -0.069885 0.071060 0.013410 0.997382
3.414951 -7.545950 18.389048 7.145459 -0.058618 -0.991858 0.113053 0.998017 -0.060826 -0.016182 0.022927 0.111881 0.993457
3.037365 -7.189210 -47.919785 20.658337 0.070933 0.992007 -0.104354 0.979064 -0.089252 -0.182942 0.190794 0.089193 0.977570
1.314152 -6.096125 126.935632 4.818034 0.310835 0.946580 -0.085833 0.615705 -0.131738 0.776886 -0.724078 0.294331 0.623763
-4.337993 -10.101261 -180.948526 44.415882 0.135574 0.982859 0.124933 -0.594440 0.181572 -0.783372 0.792629 -0.031940 -0.608867
-6.858583 -7.044158 -49.663755 46.266924 0.615096 0.780079 0.114606 0.766259 -0.557188 -0.319982 -0.185753 0.284637 -0.940466
-6.287704 -6.821895 31.353667 -50.498765 0.814035 -0.550449 -0.185344 0.578814 0.795286 0.180261 -0.048177 0.254019 -0.965999
-5.819331 -6.522819 -56.197196 6.426321 -0.101373 0.979903 0.171795 0.985754 0.122233 -0.115531 -0.134208 0.157636 -0.978335
-6.613638 -7.674776 24.446419 -44.139652 0.973314 -0.162911 -0.161616 0.213487 0.901125 0.377355 -0.084161 0.401788 -0.911857
-7.228912 -7.729622 14.762093 -46.505406 0.971116 0.177750 -0.159180 -0.091597 0.893721 0.439173 -0.220325 0.411908 -0.884188
-6.990575 -7.998824 -46.459234 -43.611473 0.558505 0.823747 0.097530 -0.751036 0.452251 0.481054 -0.352159 0.341920 -0.871249
-1.355195 -3.643802 -4.896348 -48.048947 -0.342805 0.882033 -0.323267 -0.026858 -0.353180 -0.935170 0.939022 0.311899 -0.144761
-1.408734 -4.863668 0.787084 -68.766373 -0.330118 0.843983 -0.422747 -0.041796 -0.460484 -0.886684 0.943014 0.275041 -0.187289
-1.238053 -6.902841 2.592649 -106.257330 -0.329476 0.812470 -0.480976 -0.128696 -0.543311 -0.829609 0.935352 0.211437 -0.283569
-0.790084 -7.456074 112.421991 -4.969321 0.142128 0.979964 0.139539 -0.905589 0.071817 0.418032 -0.399634 0.185779 -0.897652
-1.318857 -7.563753 -31.956150 11.983864 0.074901 0.996140 0.045780 -0.797250 0.032244 0.602788 -0.598984 0.081647 -0.796587
-1.652502 -7.738537 -30.136082 1.690245 0.078084 0.995939 0.044808 -0.875057 0.046933 0.481740 -0.477681 0.076826 -0.875168
-1.711144 -7.692958 50.293437 -4.713107 0.098177 0.988915 0.111394 -0.905583 0.042364 0.422049 -0.412651 0.142312 -0.899703
-0.682084 -10.457855 -3.225680 -35.237886 0.234967 0.971705 0.024069 0.074101 0.006783 -0.997228 0.969175 -0.236100 0.070411
-0.696891 -10.193137 -13.651642 -9.695524 0.233169 0.971755 0.036400 -0.043064 0.047714 -0.997932 0.971482 -0.231119 -0.052973
2.321961 -15.069027 5.246581 180.011569 0.266933 0.960172 0.082558 -0.059344 -0.069127 0.995841 -0.961886 0.270722 -0.038528
2.292458 -12.474954 -25.564652 172.622486 0.233567 0.963714 0.129235 0.175763 -0.172567 0.969189 -0.956323 0.203656 0.209691
-1.853515 -11.749414 -3.852111 -25.734605 0.202118 0.974684 -0.095603 -0.964629 0.181258 -0.191406 0.169232 -0.130908 -0.976844
-2.146437 -11.883182 1.094622 52.738661 0.210377 0.975735 -0.060679 0.976199 -0.206320 0.066842 0.052701 -0.073297 -0.995917
0.455628 -2.576589 27.354701 9.872278 -0.322342 -0.253023 0.912181 0.534861 0.746376 0.396038 -0.781038 0.615550 -0.105256
0.432336 -1.567548 36.862885 -74.651041 0.616189 0.686245 -0.386497 0.207422 0.332008 0.920188 -0.759794 0.647178 -0.062237
1.695932 -27.142219 56.682715 123.788513 0.001249 0.991713 0.128467 0.546834 0.106881 -0.830391 0.837240 -0.071287 0.542169
25.252844 -22.871544 1200.963409 -308.060326 -0.221634 0.944915 0.240859 0.791013 0.318659 -0.522259 0.570242 -0.074773 0.818066
0.634108 -5.877663 -21.648472 -12.673668 0.057905 0.989238 -0.134368 -0.937725 0.007717 -0.347293 0.342519 -0.146111 -0.928080
1.282241 -6.124053 -35.595844 -3.132917 0.100265 0.989005 -0.108701 -0.952212 0.063702 -0.298722 0.288513 -0.133458 -0.948129
0.636837 -5.891023 -11.980947 -10.894160 0.032118 0.988202 -0.149752 -0.955086 -0.013815 -0.296007 0.294583 -0.152533 -0.943374
-1.367710 -38.344360 0.642196 472.060399 -0.458779 0.859945 0.223645 -0.765557 -0.254783 -0.590769 0.451048 0.442245 -0.775226
-1.192225 -40.683007 28.542972 -584.803547 -0.473149 0.847020 0.242252 -0.523369 -0.049053 -0.850693 0.708671 0.529292 -0.466514
1.655655 -0.871518 55.340437 9.844924 0.369431 0.927817 -0.051733 -0.064878 0.081288 0.994577 -0.926991 0.364071 -0.090225
0.980197 -0.713424 52.065683 -3.719790 0.375466 0.926821 0.005390 -0.069136 0.022208 0.997360 -0.924254 0.374847 -0.072415
-0.070941 -0.747376 32.860025 2.501986 0.339488 0.905085 0.256064 -0.145564 -0.218399 0.964942 -0.929279 0.364860 -0.057604
-0.508440 -1.060807 0.186917 16.277276 0.173273 0.574548 0.799919 0.321618 0.734668 -0.597348 -0.930880 0.360773 -0.057487
3.745698 -86.660543 45.118317 -1994.120797 -0.522718 0.834440 0.174575 -0.551021 -0.486955 0.677680 -0.650493 -0.258041 -0.714334
0.300382 -5.525895 13.202442 -18.169561 0.014402 0.990093 -0.139670 -0.926666 -0.039256 -0.373830 0.375610 -0.134812 -0.916920
0.379311 -4.955476 9.844358 -11.494337 0.053511 0.989411 -0.134913 -0.876176 -0.018289 -0.481644 0.479012 -0.143981 -0.865920
0.231924 -5.110948 12.805089 -21.392560 0.041680 0.991185 -0.125761 -0.878776 -0.023525 -0.476654 0.475411 -0.130383 -0.870049
3.594131 -2.458901 -20.344478 -34.349590 -0.155834 0.029298 0.987349 0.069750 0.997391 -0.018587 -0.985318 0.065971 -0.157471
0.914515 -6.829675 6.843934 -18.371822 0.134065 0.985194 0.106859 0.856561 -0.060979 -0.512431 0.498327 -0.160230 0.852054
0.495068 -7.294875 24.321575 -44.664286 0.169840 0.983666 0.059631 0.836571 -0.111931 -0.536303 0.520869 -0.140971 0.841916
0.434738 -7.613592 20.004845 -74.169053 0.177150 0.982811 0.051960 0.779944 -0.107992 -0.616461 0.600254 -0.149732 0.785669
4.570689 0.440808 -287.617146 -14.655116 -0.350078 0.009823 0.936669 -0.070638 0.996821 -0.036854 -0.934053 -0.079067 -0.348272
5.906604 0.469151 -290.135437 -16.145853 -0.313225 0.025917 0.949325 -0.072693 0.996041 -0.051177 -0.946893 -0.085039 -0.310100
5.049699 0.536011 -9.197980 -18.323069 -0.116040 0.093672 0.988818 -0.066261 0.992595 -0.101805 -0.991032 -0.077333 -0.108974
-2.559463 -4.146234 -92.122675 30.920378 -0.122779 0.987566 0.098172 0.980085 0.136213 -0.144495 0.156071 -0.078476 0.984623
-1.355803 -3.471203 -38.969265 -75.777397 -0.301069 0.947888 0.104243 0.942501 0.312413 -0.118704 0.145085 -0.062511 0.987443
-2.043302 -3.955349 -59.420842 -58.109678 -0.345527 0.932047 0.109082 0.918403 0.359743 -0.164683 0.192734 -0.043278 0.980296
2.024894 -9.364109 165.305858 -140.924515 -0.453268 0.830303 0.324260 0.806207 0.537049 -0.248212 0.380235 -0.148914 0.912823
11.604109 -6.657474 -346.390789 -411.504554 0.671705 -0.562162 -0.482479 0.677853 0.729146 0.094135 0.298879 -0.390280 0.870834
9.031632 -7.550070 -471.061815 -279.635916 0.580407 -0.762010 -0.287174 0.791968 0.610276 -0.018710 0.189513 -0.216573 0.957696
-1.675621 -5.287253 -55.687092 -59.975006 0.295603 0.951042 -0.090212 0.526136 -0.240895 -0.815567 0.797370 -0.193620 0.571587
-1.963008 -5.534366 7.286769 -79.851782 0.200473 0.975329 -0.092432 0.562372 -0.191818 -0.804328 0.802215 -0.109265 0.586952
-1.763338 -3.992364 -29.904892 -68.731745 0.316158 0.930198 -0.186485 0.592109 -0.347055 -0.727296 0.741250 -0.119521 0.660503
-1.031968 -4.176425 -92.605898 -44.133826 0.405949 0.889995 -0.207639 0.520817 -0.411992 -0.747672 0.750970 -0.195375 0.630772
-0.229754 -4.691945 -86.060960 -28.985331 0.381841 0.912879 -0.144390 0.481071 -0.329708 -0.812320 0.789157 -0.240715 0.565055
-1.341786 -5.782867 -73.464897 -40.442540 0.283910 0.958615 0.021253 0.454754 -0.115103 -0.883148 0.844153 -0.260400 0.468613
2.188961 -16.432332 51.261019 -67.067304 0.385809 0.922004 -0.032571 0.743521 -0.289834 0.602638 -0.546194 0.256720 0.797350
2.884672 -16.595607 38.461789 -9.887646 0.358280 0.933178 -0.028539 0.587202 -0.201471 0.783967 -0.725830 0.297638 0.620147
-0.555645 -21.608814 -37.564690 18.107713 0.199672 0.972987 -0.115874 -0.961279 0.217432 0.169307 -0.189929 -0.077582 -0.978728
-0.369860 -22.144877 -24.580506 140.415655 0.237321 0.966470 -0.098051 0.963187 -0.220983 0.153095 0.126294 -0.130774 -0.983335
0.366784 -24.329877 -31.394934 29.965089 0.230447 0.967317 -0.105793 -0.961812 0.242928 0.126112 -0.147691 -0.072691 -0.986359
-1.070554 -20.901715 -47.462807 113.400054 0.237498 0.964601 -0.114627 0.965295 -0.221164 0.138893 0.108625 -0.143635 -0.983651
-0.073769 -22.569923 -39.588121 245.249650 0.185080 0.977299 -0.103110 -0.844010 0.211823 0.492725 -0.503381 0.004168 -0.864054
-0.943774 -19.816618 -37.391735 132.110728 0.173326 0.980029 -0.097478 -0.888059 0.198314 0.414757 -0.425805 -0.014678 -0.904696
-1.444196 -20.100300 -29.330978 85.645632 0.207178 0.975305 -0.076537 -0.957402 0.218215 0.189113 -0.201144 -0.034096 -0.978968
-0.073184 -12.303776 -24.423735 75.534549 0.053968 0.997156 -0.052608 -0.488647 -0.019572 -0.872262 0.870811 -0.072780 -0.486201
0.018815 -12.764593 -23.835031 67.006544 0.053236 0.995070 -0.083678 -0.463004 -0.049649 -0.884965 0.884756 -0.085855 -0.458078
-0.565436 -4.067241 -18.276340 -26.393693 -0.042749 0.996356 -0.073812 0.884667 0.072080 0.460619 -0.464260 0.045608 0.884524
2.508963 -16.057321 48.852836 -325.152712 -0.042146 0.972324 -0.229804 -0.276821 -0.232368 -0.932403 0.959997 -0.024318 -0.278953
3.262190 -20.232030 22.600918 -459.491724 0.076879 0.981835 -0.173463 -0.176691 -0.157808 -0.971533 0.981259 -0.105340 -0.161349
