19856
39697
-3.972187 -5.643553 42.312910 60.896717 0.903895 -0.342307 -0.256513 0.420336 0.821989 0.384256 -0.079317 0.455149 -0.886876
-3.597491 -6.489339 -16.093132 55.797717 0.882583 -0.386967 -0.267029 0.452212 0.854108 0.256913 -0.128655 0.347501 -0.928812
-5.310083 -7.307390 -102.490192 71.483391 -0.674463 0.650607 0.349013 0.718467 0.687228 0.107342 -0.170014 0.323153 -0.930950
-3.102466 -5.357569 -17.419119 46.687122 0.974797 -0.177252 -0.135472 0.218200 0.884002 0.413435 -0.046475 0.432575 -0.900399
-4.846457 -7.337171 23.229592 176.876528 -0.229830 0.856762 0.461668 0.967333 0.253244 0.011594 -0.106981 0.449251 -0.886977
-3.820092 -4.967762 12.705804 90.621086 -0.528636 0.701283 0.478274 0.847589 0.466766 0.252431 -0.046216 0.538824 -0.841150
-2.789472 -4.464308 -1.591265 51.118745 0.981928 -0.133601 -0.134047 0.184610 0.832135 0.522945 -0.041679 0.538241 -0.841760
2.877392 -4.742309 -415.785686 14.183948 0.886240 -0.269401 0.376832 -0.232632 0.444629 0.864978 0.400577 0.854241 -0.331377
-1.115549 -3.677412 -188.016963 -7.758547 0.871428 -0.384778 0.304235 -0.122301 0.430205 0.894408 0.475032 0.816621 -0.327834
2.814130 -4.257791 -310.243680 6.026270 0.896002 -0.381878 0.226605 -0.035685 0.446739 0.893952 0.442614 0.809069 -0.386652
4.728716 -5.232387 -375.682042 57.158141 0.896069 -0.443914 -0.001090 0.182502 0.366152 0.912483 0.404665 0.817847 -0.409112
4.832222 -6.078816 -263.358495 55.725880 0.886324 -0.413033 0.209366 -0.044136 0.374722 0.926086 0.460958 0.830053 -0.313895
-6.422023 -7.707252 -45.428892 -133.680081 -0.025434 0.877121 -0.479596 -0.711762 0.320986 0.624790 -0.701960 -0.357249 -0.616138
-5.679245 -7.598271 119.158069 -12.376772 -0.574243 0.669014 0.471873 0.311796 0.711660 -0.629542 -0.756986 -0.214382 -0.617262
-6.569848 -7.278872 -94.034489 -54.178169 -0.702201 0.563030 0.435788 0.258810 0.772063 -0.580462 -0.663273 -0.294814 -0.687861
-0.961088 -1.374256 21.680434 26.676063 0.005284 0.687958 0.725732 0.988738 -0.112140 0.099104 0.149563 0.717035 -0.680802
-0.752119 -1.148004 23.485538 4.297761 -0.288471 0.683967 0.670055 0.944548 0.088616 0.316189 0.156885 0.724111 -0.671603
-0.889662 -1.014547 27.394319 -6.501231 0.840320 -0.476463 -0.258545 0.512515 0.542906 0.665268 0.176610 0.691547 -0.700409
0.134274 -1.500738 67.612984 16.181604 -0.184346 0.670730 0.718427 0.973889 0.026115 0.225516 0.132498 0.741242 -0.658031
-1.055668 -1.278410 -16.663776 28.642686 -0.251717 0.719327 0.647462 0.953415 0.069389 0.293573 0.166248 0.691197 -0.703283
-0.382917 -1.962968 53.001881 26.227801 -0.100123 0.672169 0.733597 0.989784 -0.007934 0.142357 0.101508 0.740355 -0.664507
-1.279315 -1.995262 21.644544 35.320113 -0.112686 0.703012 0.702194 0.986074 -0.007872 0.166123 0.122315 0.711134 -0.692335
-1.870618 -5.411242 -28.305382 -4.830038 -0.473430 0.794183 0.380969 0.302912 0.552925 -0.776221 0.827109 0.252086 0.502339
-1.602125 -5.284510 -11.558343 -13.935812 -0.491785 0.780043 0.386887 0.407649 0.598892 -0.689312 0.769396 0.181279 0.612509
-1.364923 -5.316422 -15.983252 -3.928623 -0.456157 0.812380 0.363263 0.370758 0.544584 -0.752308 0.808987 0.208488 0.549612
-0.941473 -5.229076 -25.309488 -13.575478 -0.440707 0.810927 0.384934 0.450239 0.570673 -0.686744 0.776571 0.129341 0.616611
-0.049012 -5.746699 -22.352067 -29.377282 0.636493 -0.724055 -0.265745 -0.597000 -0.244352 -0.764123 -0.488332 -0.645008 0.587789
0.184219 -6.141515 8.563535 -28.571996 0.652037 -0.715154 -0.251800 -0.604696 -0.290177 -0.741714 -0.457373 -0.635887 0.621657
-0.107766 -5.954421 -34.276787 70.296522 0.606644 -0.731250 -0.311860 -0.534882 -0.085236 -0.840616 -0.588119 -0.676763 0.442841
0.299373 -6.572157 24.549737 100.408802 0.652291 -0.713555 -0.255649 0.675804 0.394772 0.622450 -0.343229 -0.578787 0.739729
0.053249 -6.238066 141.914117 56.804166 0.778884 -0.627080 0.010507 -0.269199 -0.349404 -0.897468 -0.566456 -0.696195 0.440955
1.136182 -6.142257 33.041766 -69.007845 0.692895 -0.698904 -0.177284 -0.602134 -0.425613 -0.675491 -0.396649 -0.574793 0.715739
3.840274 -4.868881 143.322467 -24.625120 0.618070 -0.730396 -0.290707 -0.610759 -0.213333 -0.762536 -0.494937 -0.648853 0.577951
-0.945410 -9.423094 -25.693510 -82.867475 0.701406 -0.540933 -0.464135 0.340416 -0.317875 0.884914 0.626216 0.778683 0.038817
-1.129728 -9.481640 -19.077166 -14.521306 0.702959 -0.552020 -0.448466 0.200339 -0.451334 0.869576 0.682431 0.701122 0.206678
-1.258540 -9.217841 -10.867411 -53.454125 0.678142 -0.558361 -0.477866 0.326901 -0.353183 0.876583 0.658224 0.750663 0.056980
-1.007882 -8.633193 -17.457678 -58.585747 0.690846 -0.540175 -0.480566 0.402952 -0.264212 0.876254 0.600302 0.799001 -0.035134
1.109957 -11.086142 37.785083 -137.680064 -0.363378 0.735414 0.571947 0.292194 -0.492974 0.819511 -0.884635 -0.464913 0.035748
1.526030 -10.970356 28.125202 -133.604090 -0.382630 0.704201 0.598077 0.259118 -0.539564 0.801080 -0.886821 -0.461490 -0.023982
0.835256 -8.804403 33.173871 -137.302293 -0.378682 0.719481 0.582192 0.132531 -0.580402 0.803473 -0.915989 -0.381419 -0.124434
0.469289 -4.885292 -13.350537 4.160209 -0.754375 0.558665 0.344691 0.012633 0.537346 -0.843267 0.656323 0.631785 0.412418
0.285522 -4.848308 3.213126 6.079623 -0.756137 0.556935 0.343629 -0.001094 0.524017 -0.851707 0.654413 0.644383 0.395619
0.338302 -4.956339 7.984207 5.952632 0.755350 -0.551226 -0.354395 0.064403 0.600621 -0.796936 0.652149 0.579142 0.489180
0.324630 -4.721105 -1.793598 -7.288208 0.757956 -0.557116 -0.339299 0.064318 -0.453789 0.888785 0.649127 0.695483 0.308120
2.780513 -3.023761 -29.891743 -27.343515 -0.853630 0.360355 0.376112 0.419936 0.903314 0.087624 -0.308172 0.232741 -0.922422
3.232920 -3.391665 -27.041334 -30.100411 -0.836217 0.391482 0.384036 0.460550 0.881492 0.104239 -0.297717 0.264034 -0.917415
3.305700 -3.384371 6.693285 -13.072226 -0.830472 0.326836 0.451103 0.417891 0.900992 0.116537 -0.368352 0.285293 -0.884830
3.043954 -2.681887 14.472506 -36.028472 -0.850432 0.257266 0.458889 0.325066 0.942802 0.073864 -0.413639 0.211986 -0.885418
2.814852 -3.489005 42.951196 -2.143818 -0.821022 0.256539 0.510010 0.362028 0.924711 0.117662 -0.441427 0.281241 -0.852083
1.131616 -12.246196 -9.532240 92.940171 -0.535074 0.717695 0.445657 0.840749 0.400751 0.364060 0.082686 0.569485 -0.817833
1.479902 -10.876437 0.864782 91.559431 -0.561149 0.692001 0.454143 0.786661 0.275222 0.552646 0.257441 0.667373 -0.698811
1.542862 -11.045239 -9.230183 85.578397 -0.571328 0.677381 0.463400 0.808929 0.369399 0.457359 0.138627 0.636160 -0.759001
1.309912 -12.957643 -12.927801 86.029596 -0.546059 0.698342 0.462751 0.835656 0.493055 0.242024 -0.059146 0.518860 -0.852811
0.807384 -14.904577 -6.659041 97.190968 -0.504220 0.747573 0.432316 0.856226 0.497946 0.137574 -0.112424 0.439527 -0.891166
1.001018 -12.563728 -6.961480 113.911271 -0.518424 0.741780 0.425440 0.849422 0.389355 0.356209 0.098581 0.546045 -0.831935
0.905971 -13.575736 -6.309406 71.401033 -0.527294 0.717809 0.454656 0.841776 0.514140 0.164540 -0.115649 0.469479 -0.875337
0.604018 -4.833153 -15.878289 -6.370525 -0.421391 0.831601 0.361758 -0.714256 -0.550138 0.432650 -0.558810 0.076073 -0.825799
1.365003 -4.764083 -47.674594 20.267401 -0.372356 0.872884 0.315316 -0.697721 -0.487313 0.525083 -0.611994 0.024485 -0.790483
0.836618 -4.770335 -18.765030 29.062734 -0.427116 0.830305 0.358001 -0.641301 -0.557292 0.527407 -0.637420 0.004323 -0.770504
0.100289 -5.446874 -4.737708 15.563485 -0.493058 0.770506 0.403999 -0.675267 -0.631727 0.380703 -0.548551 0.085098 -0.831775
0.052021 -5.449028 5.273992 -2.436179 -0.494163 0.769007 0.405501 -0.714542 -0.624957 0.314417 -0.495209 0.134374 -0.858319
0.215595 -5.020394 -18.874831 -21.314809 -0.422516 0.831299 0.361139 -0.770188 -0.539356 0.340449 -0.477797 0.134300 -0.868143
0.538737 -20.997591 -4.541417 -70.088158 -0.535467 0.813839 0.225702 0.686777 0.264057 0.677209 0.491541 0.517630 -0.700319
0.513068 -22.814553 3.931801 -62.913610 -0.521869 0.828377 0.203579 0.763398 0.347051 0.544774 0.380626 0.439713 -0.813496
0.334949 -21.387325 0.411929 -37.196530 -0.549085 0.812553 0.195607 -0.567134 -0.190337 -0.801330 0.613892 0.550934 -0.565338
0.498448 -20.561624 8.196448 -137.225509 -0.507891 0.823156 0.253889 0.838666 0.405215 0.363922 0.196684 0.397761 -0.896159
0.605531 -20.369212 17.211385 -146.405882 -0.539390 0.799751 0.263545 0.765979 0.336006 0.548066 0.349764 0.497491 -0.793831
-0.221307 -13.667199 45.031397 115.175744 -0.435162 0.723596 0.535764 -0.071183 -0.620848 0.780693 -0.897534 -0.301590 -0.321677
-0.103820 -11.193852 28.613990 121.808141 -0.453742 0.741391 0.494427 0.055156 -0.530401 0.845951 -0.889424 -0.411114 -0.199773
0.577935 -13.354466 30.465385 76.686560 -0.453931 0.733072 0.506510 0.104070 -0.520941 0.847225 -0.884939 -0.437294 -0.160180
-0.423529 -16.940178 -7.414747 -527.707007 -0.445996 0.865395 0.228427 0.147757 0.322904 -0.934827 0.882754 0.383177 0.271882
-0.729173 -23.442019 -16.665633 -515.603036 -0.445405 0.876630 0.182026 -0.123759 0.141073 -0.982233 0.886734 0.460019 -0.045657
-0.780762 -17.619110 -4.279165 -453.095912 -0.443059 0.863144 0.242242 0.104641 0.318155 -0.942246 0.890364 0.392122 0.231282
-0.236584 -10.256807 -19.952434 -241.050143 -0.425887 0.856380 0.291947 0.224008 0.412429 -0.883019 0.876608 0.310668 0.367484
-0.003275 -10.936502 4.117354 -323.379234 -0.444924 0.855558 0.264694 0.259800 0.406154 -0.876095 0.857057 0.321028 0.402982
-3.270806 -9.745695 -0.213231 -37.050853 -0.299834 0.793235 0.529978 -0.469596 0.360851 -0.805771 0.830409 0.490473 -0.264305
-3.449984 -10.057965 10.956764 -4.018163 -0.271171 0.812138 0.516622 -0.629884 0.256120 -0.733245 0.727814 0.524247 -0.442100
-3.216268 -9.887790 2.632372 -10.390784 -0.320542 0.780941 0.536082 -0.592493 0.276266 -0.756723 0.739057 0.560186 -0.374147
0.933378 -31.451936 47.655742 -505.508157 -0.537412 0.832068 0.137300 -0.501030 -0.184065 -0.845629 0.678349 0.523243 -0.515810
0.612950 -37.094491 32.467647 -813.428830 -0.527743 0.839089 0.131974 -0.707677 -0.348418 -0.614652 0.469766 0.417773 -0.777680
2.741224 -143.083580 100.011843 -5334.006256 -0.469473 0.860917 0.196002 -0.621916 -0.164855 -0.765535 0.626750 0.481295 -0.612813
1.164900 -44.462621 33.257161 -1044.692326 -0.509618 0.844551 0.164387 -0.326730 -0.013212 -0.945025 0.795950 0.535312 -0.282673
0.705199 -29.140876 7.601350 -439.628041 -0.535206 0.836322 0.118833 -0.357764 -0.096984 -0.928762 0.765219 0.539593 -0.351112
3.685413 -1.409310 56.897568 -2.283675 0.661101 0.733100 -0.159717 0.604801 -0.646666 -0.464800 0.444029 -0.210682 0.870891
3.701948 -1.225472 -57.857528 -15.843476 0.712596 0.701347 -0.017905 0.621190 -0.642604 -0.448534 0.326083 -0.308501 0.893586
3.552774 -0.989494 44.911611 -25.156983 0.658556 0.738229 -0.146018 0.637099 -0.650212 -0.413920 0.400511 -0.179562 0.898526
4.095663 -1.667815 -58.021902 -14.377813 0.724102 0.688369 -0.042712 0.592870 -0.652896 -0.471415 0.352394 -0.316030 0.880876
2.647676 -1.265155 118.795835 -5.366847 0.604281 0.755666 -0.252614 0.615676 -0.644094 -0.453966 0.505754 -0.118795 0.854459
3.994386 -1.728121 71.628026 -16.129795 0.647560 0.744289 -0.163398 0.609231 -0.634483 -0.475678 0.457716 -0.208483 0.864310
3.104904 -1.556820 132.754878 -6.143884 0.594643 0.762774 -0.254119 0.606454 -0.633057 -0.481096 0.527839 -0.131969 0.839029
0.324240 -5.608573 -1.981474 25.527377 0.748376 -0.559992 -0.355448 0.187741 0.692827 -0.696236 0.636150 0.454314 0.623628
0.088246 -5.547897 -10.858028 20.402035 0.752089 -0.551874 -0.360275 0.154710 0.679208 -0.717455 0.640646 0.483852 0.596205
0.145254 -5.745706 -19.132592 15.385047 0.758983 -0.548099 -0.351471 0.245889 0.741111 -0.624735 0.602895 0.387740 0.697262
0.009561 -5.934854 -15.438702 2.937397 0.743322 -0.571963 -0.346887 0.342121 0.770670 -0.537607 0.574826 0.280938 0.768537
0.238598 -5.762162 -25.173460 2.251485 0.751519 -0.569216 -0.333484 0.341680 0.768256 -0.541328 0.564334 0.292874 0.771850
-0.918662 -10.825569 88.386653 -286.184142 0.814907 -0.544601 -0.198333 -0.276944 -0.065274 -0.958666 -0.509145 -0.836151 0.204017
0.121863 -11.482958 89.874676 -283.898207 0.824786 -0.536527 -0.178511 -0.223984 -0.020129 -0.974385 -0.519191 -0.843643 0.136776
0.488228 -8.418012 69.915110 -254.041634 0.818757 -0.548790 -0.168717 -0.298600 -0.156030 -0.941537 -0.490381 -0.821270 0.291620
0.035563 -6.870492 62.260395 -180.719425 0.790488 -0.562266 -0.242872 -0.391134 -0.158277 -0.906622 -0.471321 -0.811669 0.345037
-1.214703 -6.854789 57.821648 -275.353663 0.761772 -0.560987 -0.324033 -0.449808 -0.098038 -0.887728 -0.466236 -0.821999 0.327019
-2.194971 -10.307066 33.247939 -258.824692 0.758124 -0.591138 -0.275325 -0.331524 0.014191 -0.943340 -0.561551 -0.806446 0.185218
1.938484 -31.090084 -0.042797 276.289934 -0.531547 0.501498 -0.682611 0.713738 -0.168769 -0.679776 -0.456110 -0.848538 -0.268229
2.153644 -27.638891 19.885837 -50.965782 -0.588268 0.516091 -0.622568 0.776099 0.144030 -0.613943 -0.227182 -0.844337 -0.485266
2.355461 -24.364444 15.079452 -67.723212 -0.566901 0.553426 -0.610199 0.755153 0.053118 -0.653393 -0.329192 -0.831203 -0.448034
6.316087 -13.478019 -55.713238 -272.667918 -0.592906 0.775284 -0.217711 -0.331245 -0.481232 -0.811599 0.733989 0.409086 -0.542134
5.349160 -8.971868 -125.324742 -57.623893 -0.462370 0.844808 -0.269283 -0.228001 -0.406762 -0.884624 0.856872 0.347627 -0.380692
5.011006 -8.878137 -0.746565 -55.134942 -0.615649 0.774866 -0.143387 -0.268560 -0.377378 -0.886263 0.740846 0.507118 -0.440430
6.680855 -13.495164 120.908910 -283.961810 -0.722563 0.690471 -0.033937 -0.381548 -0.439257 -0.813311 0.576475 0.574720 -0.580839
3.953563 -8.378283 59.705221 57.223597 -0.661402 0.746762 -0.069952 -0.239098 -0.298324 -0.924032 0.710901 0.594431 -0.375861
5.108705 -8.795586 -118.287257 110.159942 0.723587 -0.689855 -0.022827 0.318672 0.304553 0.897605 0.612266 0.656770 -0.440209
-0.518937 -5.127803 30.641760 73.773138 0.665232 -0.668452 -0.332624 0.554855 0.144495 0.819302 0.499601 0.729584 -0.467017
-0.490872 -4.948730 24.159159 28.273972 0.668152 -0.668310 -0.327009 0.531234 0.120789 0.838571 0.520926 0.734011 -0.435734
-0.491866 -5.225165 22.244591 80.757417 0.667268 -0.669931 -0.325494 0.553417 0.153469 0.818644 0.498481 0.726389 -0.473155
-4.494059 -6.005365 -25.441070 4.374126 0.779933 0.256590 0.570848 0.552472 0.146309 -0.820590 0.294076 -0.955382 0.027647
-4.271926 -5.901442 -60.561488 2.167141 0.830751 0.154916 0.534653 0.529965 0.073672 -0.844813 0.170264 -0.985177 0.020897
-4.236552 -5.928304 -52.517139 15.760104 0.793693 0.157252 0.587642 0.552947 0.216183 -0.804683 0.253576 -0.963606 -0.084631
-4.522602 -5.984737 -29.144815 -15.503882 0.838963 0.231233 0.492617 0.513791 -0.038266 -0.857062 0.179331 -0.972145 0.150910
-4.491963 -5.929407 -18.922274 9.208579 0.719087 0.243814 0.650745 0.577878 0.310306 -0.754829 0.385968 -0.918839 -0.082242
-4.778695 -5.989994 1.817730 -27.232693 0.781017 0.331143 0.529487 0.553404 0.025926 -0.832509 0.289407 -0.943224 0.163008
-5.434166 -6.120192 -10.026059 18.495006 0.708734 0.367436 0.602235 0.540078 0.266631 -0.798263 0.453885 -0.891010 0.009473
-5.441256 -6.138301 -13.330877 -0.129708 0.738274 0.373055 0.561944 0.554082 0.139665 -0.820663 0.384636 -0.917237 0.103592
5.745139 -8.754392 -64.434621 -24.000103 0.279378 -0.649000 -0.707635 0.870808 -0.139232 0.471495 -0.404526 -0.747939 0.526256
4.888676 -7.779060 -82.299956 97.247911 0.327424 -0.721496 -0.610113 0.924301 0.110552 0.365302 -0.196115 -0.683537 0.703077
6.822223 -9.129453 -124.357163 120.718015 0.346256 -0.630810 -0.694395 0.921901 0.091672 0.376423 -0.173795 -0.770503 0.613287
3.092615 -24.638236 428.928108 1153.788934 0.896888 -0.441793 0.020278 -0.194604 -0.435410 -0.878947 -0.397142 -0.784370 0.476489
-2.072769 -25.043275 -34.795303 1267.261555 0.661742 -0.736447 -0.140512 -0.419880 -0.208768 -0.883242 -0.621127 -0.643476 0.447370
-6.698861 -491.490443 145.334805 26545.528574 0.787222 -0.591849 -0.173194 -0.239484 -0.034604 -0.970283 -0.568268 -0.805306 0.168979
-2.635312 -93.819674 265.612795 4351.553623 0.735380 -0.660364 -0.152105 -0.347414 -0.174672 -0.921300 -0.581825 -0.730349 0.357870
0.350246 -1.925473 14.366293 -14.596926 -0.959795 0.134623 0.246315 0.117628 0.989623 -0.082526 -0.254869 -0.050234 -0.965670
0.307482 -1.565219 11.750223 -18.898267 -0.954648 0.166879 0.246574 0.134755 0.980655 -0.141973 -0.265496 -0.102308 -0.958668
0.339536 -1.667383 0.341482 -24.904979 -0.958748 0.170535 0.227419 0.142393 0.980561 -0.134998 -0.246020 -0.097046 -0.964394
-0.643890 -4.291150 -11.464984 -8.644176 0.763305 -0.614223 -0.200239 -0.297424 -0.058958 -0.952923 -0.573502 -0.786927 0.227687
-0.485990 -3.741764 -24.532191 -17.470543 0.734141 -0.636286 -0.237016 -0.382600 -0.099276 -0.918565 -0.560940 -0.765039 0.316326
-0.124127 -3.829286 -14.891102 -26.335762 0.725483 -0.636698 -0.261324 -0.389817 -0.067216 -0.918436 -0.567201 -0.768178 0.296960
-0.616303 -4.495993 114.281626 0.203992 -0.554250 0.675940 0.485708 0.179763 -0.472558 0.862771 -0.812706 -0.565503 -0.140407
1.467628 -4.571091 106.091004 -14.339423 -0.568421 0.644684 0.511156 0.166124 -0.518555 0.838751 -0.805792 -0.561679 -0.187660
0.151820 -4.401177 131.486123 6.354771 -0.527862 0.663905 0.529710 0.131128 -0.552497 0.823136 -0.839147 -0.503962 -0.204585
-1.232964 -4.352390 62.776286 3.047065 -0.575816 0.641007 0.507490 0.114235 -0.551554 0.826280 -0.809560 -0.533758 -0.244368
-0.747179 -15.159792 24.695720 171.597972 -0.416016 0.653012 0.632856 0.686191 0.682100 -0.252747 -0.596718 0.329113 -0.731856
-0.422658 -13.043863 0.459466 -155.131127 -0.431208 0.655056 0.620453 -0.758389 -0.635683 0.144063 -0.488780 0.408423 -0.770898
-0.959774 -15.726579 -4.324335 184.384625 -0.450239 0.647699 0.614630 0.647553 0.710793 -0.274679 -0.614784 0.274335 -0.739447
-0.269921 -11.659559 7.377199 180.698720 -0.393899 0.681408 0.616869 0.829067 0.553158 -0.081634 -0.396852 0.479270 -0.782821
-0.693809 -14.432881 31.144623 128.204490 -0.392354 0.654047 0.646746 0.684655 0.677211 -0.269504 -0.614252 0.337057 -0.713503
0.076628 -9.413691 20.849712 -206.271153 -0.576844 0.549814 0.604115 0.816341 0.361801 0.450209 0.028962 0.752864 -0.657538
0.241951 -11.183430 22.944950 -130.299341 -0.591749 0.545215 0.593779 0.785377 0.223897 0.577108 0.181703 0.807843 -0.560690
-0.077491 -10.211426 -9.170263 -153.788277 -0.580057 0.574238 0.577740 0.798181 0.259101 0.543851 0.162607 0.776606 -0.608640
-0.161656 -9.053180 -8.636519 -155.235919 -0.562910 0.580439 0.588407 0.825468 0.358930 0.435629 0.041659 0.730931 -0.681179
0.951294 -2.083468 47.620869 14.339603 0.648489 0.649116 -0.397631 -0.202410 0.650592 0.731957 0.733820 -0.394181 0.553289
2.204471 -1.908062 65.369276 -11.415292 0.631117 0.728110 -0.267484 0.301231 -0.547826 -0.780479 0.714808 -0.411999 0.565071
2.323864 -1.712080 71.461785 -5.885118 0.625687 0.727648 -0.281148 0.315588 -0.565718 -0.761819 0.713386 -0.387934 0.583599
1.056056 -2.413832 49.185606 -21.247170 0.652597 0.667276 -0.358970 0.191118 -0.603403 -0.774195 0.733206 -0.436632 0.521308
1.427848 -1.695658 61.648056 -9.612665 0.630908 0.686761 -0.360991 0.272812 -0.631936 -0.725418 0.726311 -0.359189 0.586050
0.241527 -2.108564 35.620899 14.606686 0.662513 0.569010 -0.487138 -0.136435 0.731130 0.668457 0.736520 -0.376399 0.562016
0.064876 -2.695990 27.642928 24.697838 0.671800 0.540725 -0.506262 -0.056159 0.718675 0.693075 0.738601 -0.437176 0.513172
2.747000 -6.261536 -29.786827 -99.975570 -0.011510 0.972315 -0.233392 -0.868941 0.105768 0.483482 -0.494782 -0.208369 -0.843666
1.797823 -4.965624 -62.482375 -80.206331 -0.078880 0.960428 -0.267124 -0.895133 0.049700 0.443020 -0.438765 -0.274057 -0.855791
2.142945 -4.678377 -37.687188 -74.285203 0.015697 0.965758 -0.258970 -0.918463 0.116295 0.378022 -0.395194 -0.231921 -0.888839
2.028782 -5.670219 31.703388 -73.711098 0.078458 0.977364 -0.196479 -0.904035 0.152824 0.399205 -0.420196 -0.146303 -0.895562
2.368426 -4.255728 -5.572210 -51.055037 0.108321 0.964487 -0.240898 -0.936956 0.180034 0.299501 -0.332235 -0.193268 -0.923183
0.009337 -7.346522 17.414529 36.236562 -0.464575 0.633997 0.618238 0.885388 0.345214 0.311311 -0.016055 0.692008 -0.721712
0.228543 -6.377718 -9.988756 56.831777 -0.518837 0.629735 0.578137 0.839449 0.247416 0.483849 0.161656 0.736355 -0.656999
-0.078333 -7.002910 -1.826686 36.401872 -0.484180 0.643690 0.592649 0.874948 0.360832 0.322903 -0.005998 0.674880 -0.737903
0.228465 -6.817589 19.436551 56.829303 -0.499558 0.623138 0.601781 0.854655 0.241098 0.459821 0.141444 0.744023 -0.653011
-0.342142 -7.714476 -15.897399 4.950769 -0.447560 0.665591 0.597226 0.875679 0.461610 0.141782 -0.181317 0.586434 -0.789443
-0.152027 -7.823576 3.277727 3.873068 -0.426117 0.660046 0.618679 0.883965 0.449249 0.129546 -0.192434 0.602092 -0.774890
-0.017824 -7.842444 33.359652 30.085735 -0.439125 0.638002 0.632553 0.896282 0.359703 0.259406 -0.062030 0.680857 -0.729784
-2.354602 -3.342023 -26.017578 13.924887 0.809188 -0.519563 -0.274352 -0.585252 -0.671496 -0.454503 -0.051917 -0.528343 0.847442
-2.098278 -3.433197 -25.751911 16.538505 0.586997 -0.709875 -0.389246 0.803645 0.452761 0.386216 -0.097929 -0.539523 0.836257
-2.050252 -2.934675 65.615294 19.504175 0.233316 -0.780457 -0.580044 0.970751 0.152212 0.185671 -0.056618 -0.606398 0.793143
-2.352434 -3.428920 -3.995018 24.136566 0.892988 -0.380337 -0.240659 -0.450041 -0.747413 -0.488710 -0.006003 -0.544718 0.838598
-1.027510 -8.535458 42.957930 23.442641 -0.359908 0.724010 0.588451 0.156683 -0.574856 0.803113 -0.919737 -0.381247 -0.093455
-0.878820 -9.012477 -18.028639 38.085157 -0.397702 0.697651 0.595916 0.152131 -0.590359 0.792674 -0.904814 -0.405905 -0.128653
-0.885591 -10.575517 17.634347 -88.189818 -0.393797 0.678904 0.619688 0.015913 0.679096 -0.733877 -0.919060 -0.279137 -0.278229
-0.024253 -16.166100 -10.385165 0.639936 0.805873 -0.587826 -0.070912 -0.185310 -0.136655 -0.973132 -0.562342 -0.797362 0.219057
-0.452996 -15.361978 -10.041618 -0.691322 0.806728 -0.585415 -0.080499 -0.264555 -0.235992 -0.935050 -0.528395 -0.775627 0.345256
-0.303130 -15.445955 -17.161090 21.730998 0.812201 -0.581193 -0.050450 -0.310738 -0.357811 -0.880575 -0.493732 -0.730880 0.471213
0.201389 -17.854682 -15.280620 -17.135541 0.815956 -0.576483 -0.043396 -0.240025 -0.269530 -0.932599 -0.525931 -0.771376 0.358295
-0.032289 -17.253444 -25.882041 -36.935778 0.819199 -0.573112 -0.021328 -0.375740 -0.508240 -0.774927 -0.433280 -0.642834 0.631691
-0.563058 -15.277230 -20.370514 -23.024311 0.820206 -0.571364 -0.028391 -0.413627 -0.558025 -0.719389 -0.395190 -0.601790 0.694027
-1.181043 -14.016591 4.088432 120.974705 0.904855 -0.377095 -0.197575 -0.425610 -0.811833 -0.399729 0.009662 -0.445786 0.895087
-1.168057 -13.764301 -20.801458 147.632449 0.917060 -0.376271 -0.131985 -0.390822 -0.782499 -0.484719 -0.079108 -0.496099 0.864654
-0.997752 -12.953369 12.452540 242.962391 0.913485 -0.359537 -0.190471 -0.398284 -0.694488 -0.599213 -0.083160 -0.623233 0.777602
1.215542 -0.633400 52.764077 7.646787 0.403308 -0.594742 -0.695431 0.748185 0.651877 -0.123592 0.526841 -0.470466 0.707884
0.390333 -0.766394 35.216541 -2.883836 0.444603 -0.548519 -0.708135 0.723051 0.686408 -0.077722 0.528701 -0.477462 0.701787
1.136580 -0.873743 -52.782471 -3.871860 -0.359538 0.629887 0.688459 0.777712 0.609982 -0.151938 0.515651 -0.480795 0.709183
2.144091 -0.900674 -48.756527 1.888358 -0.322310 0.690202 0.647872 0.805178 0.559782 -0.195788 0.497800 -0.458547 0.736158
2.184965 -0.676521 -55.216456 22.103283 -0.330076 0.678937 0.655816 0.791436 0.577700 -0.199732 0.514470 -0.453109 0.728020
-2.985763 -6.388359 26.619371 41.386974 -0.757766 -0.061945 0.649580 -0.128098 0.990235 -0.055002 -0.639829 -0.124889 -0.758301
-2.531472 -5.535988 -33.225538 -23.759558 -0.652215 -0.518417 0.553046 -0.431496 0.853748 0.291422 -0.623240 -0.048567 -0.780521
-3.493286 -6.290226 20.088260 52.198896 -0.784353 -0.083075 0.614727 -0.172319 0.981168 -0.087271 -0.595900 -0.174381 -0.783897
6.897431 -255.347353 478.469442 -11237.005687 0.784139 -0.599785 0.159326 0.598239 0.798841 0.062956 -0.165036 0.045948 0.985217
2.311320 -384.723128 191.490309 16647.237563 -0.724723 0.662608 -0.189015 0.222770 0.484903 0.845720 -0.652035 -0.570806 0.499030
77.229294 -446.592618 4217.695946 -9642.932344 0.852002 -0.475711 0.218614 0.473244 0.878379 0.067015 -0.223906 0.046361 0.973508
-0.570660 -3.459727 13.247046 -0.062198 0.638432 -0.648497 -0.414556 0.664326 0.736281 -0.128690 0.388684 -0.193241 0.900879
-0.761781 -3.660296 -26.423882 7.109135 0.667856 -0.639703 -0.380458 0.639208 0.754832 -0.147111 0.381289 -0.144943 0.913023
-0.381980 -3.705362 3.374051 -25.401400 -0.595811 0.702858 0.388587 0.737385 0.670466 -0.082094 0.318235 -0.237626 0.917748
-0.544568 -2.863425 0.647471 62.288553 0.724319 -0.545902 -0.421133 0.520137 0.833592 -0.185961 0.452570 -0.084352 0.887730
-0.156490 -3.300721 -32.082357 -17.948305 -0.562521 0.710716 0.422436 0.747756 0.655326 -0.106815 0.352748 -0.255794 0.900077
-0.314269 -2.883947 29.478765 21.199923 0.662211 -0.606074 -0.440627 0.606258 0.778947 -0.160291 0.440373 -0.160987 0.883264
-1.175729 -4.248155 -15.747370 -39.481877 0.981932 0.188266 0.019100 0.086298 -0.355692 -0.930610 0.168409 -0.915445 0.365513
-0.984618 -3.702029 -9.866428 -18.104479 0.989529 0.138502 -0.040605 0.021699 -0.420892 -0.906851 0.142691 -0.896475 0.419491
-1.055338 -4.311126 -13.272688 -42.793339 0.986695 0.161657 0.017342 0.072162 -0.339852 -0.937706 0.145693 -0.926481 0.346996
-0.512082 -4.074625 -25.617948 27.852045 0.548976 -0.766495 -0.333334 0.829656 0.451292 0.328644 -0.101473 -0.456970 0.883675
-0.341701 -3.856280 -23.120018 8.237705 0.578870 -0.749215 -0.321850 0.813987 0.507542 0.282538 -0.048329 -0.425534 0.903651
0.133872 -4.088900 -22.585090 20.571647 0.521849 -0.782548 -0.339548 0.849195 0.438828 0.293765 -0.080881 -0.441644 0.893537
-3.814657 -6.902649 -90.331972 -69.371671 -0.184943 0.977447 -0.101952 -0.775251 -0.081349 0.626393 -0.603972 -0.194886 -0.772811
-4.345970 -6.883979 -43.257364 -37.249329 -0.103375 0.992957 -0.057881 -0.740630 -0.038001 0.670838 -0.663913 -0.112217 -0.739342
-4.030310 -6.215782 -60.545182 -84.855887 -0.113853 0.989974 -0.083605 -0.841046 -0.051246 0.538531 -0.528847 -0.131629 -0.838448
0.328217 -3.190232 30.254771 -9.312865 0.782502 0.589436 -0.200637 -0.486782 0.780048 0.393152 0.388245 -0.209976 0.897316
0.961856 -3.375735 31.337194 -9.226226 0.745836 0.642516 -0.175789 -0.556909 0.746235 0.364671 0.365487 -0.174086 0.914392
0.537504 -3.586905 36.353294 -22.865397 0.792546 0.571068 -0.213899 -0.495728 0.807617 0.319389 0.355141 -0.147095 0.923167
-0.194224 -5.383930 -6.652040 -37.836464 0.441279 -0.780267 -0.443233 0.689057 -0.021791 0.724379 -0.574868 -0.625066 0.528033
-0.153605 -5.376608 -12.088533 -22.945385 0.430484 -0.790161 -0.436268 0.698190 -0.014812 0.715760 -0.572027 -0.612721 0.545306
-0.184088 -5.230293 -5.982188 0.365700 0.468986 -0.780898 -0.412614 0.643469 -0.017903 0.765263 -0.604979 -0.624402 0.494088
2.047743 -4.262072 -30.183526 -10.311513 -0.895114 0.023899 0.445196 0.163411 0.946656 0.277739 -0.414810 0.321358 -0.851271
0.870089 -4.169667 -24.516675 -5.093690 -0.883089 0.141490 0.447363 0.238975 0.956148 0.169326 -0.403788 0.256438 -0.878177
1.815000 -4.506393 -36.490877 -18.243009 -0.887075 0.123685 0.444746 0.260696 0.929323 0.261528 -0.380966 0.347939 -0.856623
-1.073934 -1.788030 28.210323 -16.967550 0.694258 -0.255880 -0.672704 -0.517667 -0.826886 -0.219727 0.500026 -0.500784 0.706534
-0.801257 -1.575508 24.149084 15.211230 0.676836 -0.273467 -0.683453 0.536264 0.819204 0.203288 0.504295 -0.504104 0.701117
-0.949819 -1.547053 29.422729 -4.678035 0.814517 0.008873 -0.580072 0.277026 0.872572 0.402336 0.509725 -0.488405 0.708267
-8.281531 -96.056798 57.307418 -2912.005943 0.678178 -0.050406 0.733167 0.717023 0.264077 -0.645090 -0.161096 0.963184 0.215233
-2.197043 -37.188042 50.620587 1326.680775 0.644484 0.063771 0.761954 -0.528252 -0.683323 0.504002 -0.552801 0.727325 0.406704
-2.770097 -43.028149 14.936758 -1571.916603 0.613938 0.007652 0.789317 0.649404 0.563548 -0.510576 -0.448725 0.826048 0.341014
-1.881763 -48.323360 -74.292058 -1348.891273 0.653717 0.021430 0.756436 0.745027 0.156963 -0.648304 -0.132625 0.987372 0.086643
1.427097 -3.938523 -66.305374 73.068626 0.357964 -0.521786 -0.774339 -0.508456 0.586629 -0.630348 0.783156 0.619360 -0.055313
0.031096 -2.703900 -67.482849 -60.176664 0.396035 -0.543033 -0.740453 -0.436093 0.598410 -0.672108 0.808071 0.589085 0.000178
0.987600 -2.574225 -107.012895 -51.044408 0.373311 -0.452251 -0.810005 -0.537356 0.606328 -0.586187 0.756232 0.654091 -0.016671
-3.843765 -7.710366 7.130392 47.870094 -0.808334 0.507964 0.297605 0.547674 0.834273 0.063583 -0.215986 0.214387 -0.952569
-3.658478 -6.995954 -52.224925 46.348581 0.858529 -0.453915 -0.238513 0.490874 0.862012 0.126405 -0.148224 0.225602 -0.962878
-3.525515 -6.049596 -39.286883 46.766032 0.939745 -0.291956 -0.177880 0.333050 0.899269 0.283536 -0.077181 0.325695 -0.942319
-0.309903 -4.103514 -242.468018 -3.856637 0.816996 -0.284239 0.501723 -0.358841 0.430477 0.828205 0.451389 0.856678 -0.249701
-3.267064 -4.005566 5.692371 -41.129309 0.731901 -0.603940 -0.315558 0.410178 0.020685 0.911771 0.544128 0.796761 -0.262862
-5.047727 -7.162523 113.023786 -58.771478 -0.355364 0.930941 0.084061 -0.443316 -0.247030 0.861654 -0.822914 -0.268935 -0.500486
-2.936353 -10.884213 394.612933 -129.397685 -0.454346 0.693400 0.559255 0.250623 0.701933 -0.666692 -0.854844 -0.162746 -0.492703
-4.722589 -8.774445 332.780506 48.313951 -0.515375 0.516678 0.683690 0.276963 0.855414 -0.437675 -0.810975 -0.036210 -0.583959
1.426366 -8.538247 -112.608188 -37.514516 0.841941 -0.425180 -0.332199 0.172245 0.795254 -0.581294 0.511338 0.432196 0.742792
0.336808 -7.881117 -96.188402 -42.507418 0.825561 -0.471925 -0.309412 0.299027 0.830833 -0.469360 0.478573 0.294963 0.827022
-1.125361 -7.706281 -66.744659 -55.143088 0.821699 -0.449097 -0.350889 0.224999 0.821293 -0.524265 0.523628 0.351838 0.775902
-1.302506 -7.059014 -48.031814 -43.902416 0.809843 -0.482770 -0.333298 0.319252 0.839324 -0.440016 0.492171 0.249938 0.833846
-0.868149 -1.231578 8.850131 -26.480899 0.901485 -0.397665 -0.170845 0.395270 0.595636 0.699271 0.176314 0.697912 -0.694142
-0.545433 -1.374828 37.156208 -22.637319 -0.588542 0.603101 0.538412 0.792036 0.296535 0.533616 0.162166 0.740497 -0.652201
0.384024 -1.436393 80.793133 -4.192898 -0.348016 0.651096 0.674507 0.924659 0.119772 0.361469 0.154564 0.749486 -0.643724
-2.672470 -5.251090 -26.121673 13.809811 -0.523614 0.713892 0.464959 -0.150384 0.459737 -0.875229 0.838578 0.528204 0.133367
-2.521141 -4.996551 -21.184178 12.681398 -0.522729 0.689164 0.501804 -0.274751 0.421028 -0.864435 0.807011 0.589737 0.030735
-2.792742 -5.298763 1.605644 19.453890 -0.565900 0.699115 0.437031 -0.160683 0.426388 -0.890154 0.808665 0.573961 0.128957
-2.717903 -5.458463 -0.000193 0.604367 -0.560093 0.714615 0.419071 -0.035370 0.484773 -0.873925 0.827674 0.504302 0.246242
-2.373660 -5.351439 -33.015201 1.497590 -0.502065 0.746745 0.436237 -0.015733 0.496450 -0.867923 0.864687 0.442617 0.237502
-0.705139 -5.068129 1.661815 38.809659 0.657732 -0.650721 -0.379408 0.633920 0.206123 0.745426 0.406859 0.730805 -0.548078
-0.617988 -5.006410 -10.814388 16.654482 0.670166 -0.630460 -0.391661 0.641605 0.226816 0.732733 0.373124 0.742344 -0.556510
-0.729536 -5.147514 -7.526888 74.132291 0.667420 -0.634278 -0.390183 0.577365 0.109826 0.809066 0.470320 0.765265 -0.439510
-0.704031 -5.894216 5.139134 -40.199774 -0.651259 0.657480 0.378921 0.704979 0.339408 0.622742 0.280832 0.672698 -0.684552
-0.690029 -5.206619 14.144245 75.943968 0.656066 -0.656906 -0.371553 0.573670 0.114175 0.811090 0.490388 0.745277 -0.451753
-0.657817 -5.044863 15.573084 15.836564 0.654703 -0.666067 -0.357378 0.641957 0.240345 0.728097 0.399068 0.706108 -0.584941
0.238698 -6.267824 -37.865467 118.542888 0.615995 -0.753834 -0.228659 -0.515137 -0.165873 -0.840904 -0.595974 -0.635784 0.490505
0.323007 -6.108930 -0.092044 -10.144939 0.639314 -0.721386 -0.266235 -0.628682 -0.291005 -0.721163 -0.442761 -0.628426 0.639565
0.211979 -6.663832 60.135084 137.490230 0.631989 -0.704322 -0.323295 0.724877 0.389680 0.568069 -0.274122 -0.593363 0.756821
0.128006 -8.186209 8.386034 -39.250943 -0.672246 0.498956 0.546926 0.733715 0.350503 0.582073 0.098730 0.792584 -0.601716
0.148357 -8.818646 5.471295 -98.783197 -0.664703 0.511225 0.544810 0.747107 0.454805 0.484750 0.000034 0.729247 -0.684251
0.329225 -8.885741 7.000795 -93.290972 -0.677055 0.505769 0.534598 0.735882 0.473842 0.483685 -0.008682 0.720882 -0.693003
-0.022187 -8.831770 7.839522 -121.174999 -0.659933 0.508657 0.552953 0.751300 0.452741 0.480182 -0.006097 0.732321 -0.680932
0.442898 -8.461486 -5.031738 56.552807 0.684809 -0.653032 -0.323398 0.725205 0.567161 0.390393 -0.071520 -0.501874 0.861979
0.101110 -9.891560 21.412067 54.844746 0.679428 -0.645441 -0.348974 0.710251 0.459147 0.533599 -0.184176 -0.610401 0.770383
0.323619 -9.505997 12.513781 41.193088 0.680657 -0.651914 -0.334237 0.705060 0.458996 0.540568 -0.198990 -0.603598 0.772057
-0.052660 -10.711046 32.431600 34.356666 0.666637 -0.646174 -0.371556 0.680959 0.325240 0.656135 -0.303133 -0.690419 0.656835
0.482712 -8.357563 0.707649 48.075994 0.693523 -0.655539 -0.298822 0.715389 0.577627 0.393148 -0.085117 -0.486431 0.869563
0.558893 -8.927067 1.035901 29.676119 0.686237 -0.662410 -0.300485 0.705880 0.506781 0.494880 -0.175533 -0.551711 0.815354
0.559219 -9.593858 2.578459 27.792326 0.666075 -0.669659 -0.328483 0.685051 0.375031 0.624545 -0.295041 -0.641021 0.708549
0.141887 -10.369607 15.098403 38.832282 0.661084 -0.661559 -0.353988 0.673392 0.315049 0.668796 -0.330924 -0.680503 0.653762
-0.740862 -9.609506 -26.341337 -39.940105 0.729198 -0.531157 -0.431442 0.208150 -0.428443 0.879267 0.651877 0.730965 0.201859
-0.880963 -10.087844 -15.238992 -34.972680 0.724389 -0.552527 -0.412280 -0.038749 0.564456 -0.824553 0.688301 0.613273 0.387476
-1.256637 -9.695574 -19.912368 -47.749652 0.712300 -0.550902 -0.434898 -0.055250 0.573690 -0.817207 0.699698 0.606124 0.378202
-1.122910 -2.717835 -10.380617 -45.188696 -0.823983 0.466792 0.321181 0.508246 0.859468 0.054776 -0.250476 0.208373 -0.945432
-0.930817 -3.383064 21.705939 -26.622317 0.819620 -0.485163 -0.304695 0.536122 0.837026 0.109363 -0.201979 0.252989 -0.946151
-0.497762 -2.361542 -33.007871 -45.697421 -0.827092 0.477142 0.297075 0.506027 0.862182 0.024062 -0.244652 0.170229 -0.954551
-1.258108 -3.720375 4.129129 -27.477038 0.808020 -0.479446 -0.342396 0.545182 0.828787 0.126051 -0.223338 0.288520 -0.931062
-0.972304 -1.993709 -4.953406 -63.910771 -0.828184 0.463784 0.314668 0.484699 0.874580 -0.013337 -0.281388 0.141473 -0.949108
-1.215665 -2.812191 0.695644 -48.766953 -0.837089 0.420357 0.350116 0.473877 0.876939 0.080115 -0.273354 0.232976 -0.933274
-1.093726 -1.958963 10.008124 -53.657745 -0.886308 0.317578 0.337050 0.353718 0.934010 0.050089 -0.298901 0.163615 -0.940153
2.363003 -3.115521 -52.276359 -28.304578 -0.844009 0.423379 0.329240 0.477523 0.872688 0.101918 -0.244175 0.243239 -0.938730
0.705693 -8.822797 -19.529525 49.952829 0.721616 -0.637803 -0.269216 0.479066 0.740782 -0.470890 0.499766 0.210830 0.840110
0.546106 -9.142619 -16.317315 24.196973 0.708766 -0.653960 -0.264551 0.561324 0.749949 -0.349988 0.427278 0.099561 0.898622
0.300597 -8.654355 -16.239529 39.751285 0.722873 -0.637813 -0.265799 0.482105 0.741118 -0.467247 0.495004 0.209617 0.843227
0.611456 -7.999254 -15.655449 55.776224 0.728499 -0.624318 -0.281987 0.386533 0.714458 -0.583217 0.565581 0.315876 0.761801
0.032820 -20.612113 -5.645849 -159.743089 -0.552772 0.813708 0.179783 -0.329563 -0.015308 -0.944009 0.765396 0.581072 -0.276630
0.282500 -20.717688 16.578822 -194.268851 -0.569367 0.801866 0.181198 -0.415300 -0.090338 -0.905188 0.709470 0.590636 -0.384450
-0.123475 -19.954151 3.875224 -176.374354 -0.559907 0.811704 0.166255 -0.223602 0.045182 -0.973633 0.797813 0.582319 -0.156201
-0.213683 -18.405924 0.585684 -112.977769 -0.562532 0.811938 0.155932 -0.056297 0.150548 -0.986998 0.824857 0.563997 0.038978
-0.061014 -19.376999 -10.019148 -166.766868 -0.548201 0.814487 0.189967 -0.180239 0.106749 -0.977813 0.816695 0.570277 -0.088283
-0.386768 -10.542370 5.353851 125.708068 -0.470664 0.756487 0.454096 0.042410 -0.494674 0.868043 -0.881292 -0.427815 -0.200743
0.030650 -10.348541 7.759532 41.184739 -0.474845 0.774148 0.418590 0.127623 -0.410033 0.903098 -0.870767 -0.482253 -0.095904
0.397196 -10.862849 34.277930 29.237415 -0.458547 0.766161 0.450258 0.162156 -0.426022 0.890062 -0.873750 -0.481148 -0.071114
-0.859588 -22.207824 6.982739 -456.632886 -0.471203 0.848710 0.240123 -0.168547 0.180582 -0.969011 0.865771 0.497073 -0.057957
-1.019508 -23.337845 -15.925197 -238.343642 -0.453495 0.868278 0.201086 -0.387250 0.011248 -0.921906 0.802733 0.495951 -0.331139
-0.773587 -3.640689 24.800395 26.558704 0.053764 0.997334 -0.049329 0.415848 -0.067276 -0.906942 0.907844 -0.028247 0.418357
-0.545723 -4.159097 23.755906 36.760663 0.030266 0.999038 -0.031736 0.474374 -0.042304 -0.879306 0.879803 -0.011558 0.475198
-1.005174 -4.006106 24.206870 29.103196 0.051318 0.998526 -0.017661 0.471614 -0.039819 -0.880906 0.880310 -0.036877 0.472962
-0.459853 -3.581053 13.562567 4.073219 0.042346 0.998277 -0.040627 0.408242 -0.054403 -0.911251 0.911891 -0.022002 0.409842
-0.888908 -3.701063 13.453116 -9.908618 0.096300 0.988627 -0.115511 0.359219 -0.142749 -0.922271 0.928272 -0.047321 0.368880
0.679911 -34.194863 5.463868 136.986801 -0.521155 0.845625 0.115394 0.842320 0.487851 0.229127 0.137461 0.216609 -0.966532
0.716319 -37.271179 -25.289834 -504.380661 -0.503928 0.859944 0.080954 -0.810866 -0.438704 -0.387344 0.297579 0.260837 -0.918374
0.989548 -37.579120 -34.039724 385.727690 -0.512289 0.855383 0.076679 -0.850193 -0.517740 0.095485 -0.121376 0.016276 -0.992473
0.604140 -38.948365 -20.587848 -215.876160 -0.496961 0.862252 0.097732 0.867292 0.497274 0.022864 -0.028886 0.096125 -0.994950
-2.811181 -63.796587 2.523815 889.209701 0.415497 -0.773505 -0.478594 0.879665 0.475569 -0.004926 0.231414 -0.418956 0.878023
-2.597395 -67.003189 53.411771 -2278.207073 0.447502 -0.754829 -0.479557 0.849162 0.190477 0.492588 -0.280475 -0.627655 0.726211
-0.011078 -46.894286 138.341470 -99.220805 0.463328 -0.697465 -0.546690 0.875465 0.455917 0.160314 0.137432 -0.552886 0.821845
0.927377 -4.647461 -1.422507 9.625141 0.589297 -0.698074 -0.406720 0.589634 0.715765 -0.374183 0.552323 -0.019311 0.833406
1.374461 -4.476852 -0.611699 15.537094 0.592551 -0.689774 -0.416047 0.517458 0.721771 -0.459657 0.617350 0.057083 0.784615
1.050838 -4.681680 -4.104560 3.396950 -0.540528 0.739806 0.400646 0.592605 0.672818 -0.442872 0.597200 0.001960 0.802090
1.234786 -4.286326 -9.476594 18.963770 0.654099 -0.627193 -0.422827 0.468523 0.774791 -0.424483 0.593835 0.079549 0.800644
0.776683 -4.682648 0.640053 -4.038661 -0.545700 0.738476 0.396061 0.649995 0.671321 -0.356138 0.528884 -0.063093 0.846346
0.611086 -4.727531 0.567019 14.327971 -0.575037 0.711756 0.403405 0.646873 0.697436 -0.308444 0.500886 -0.083585 0.861468
0.664323 -4.905642 -4.907964 14.041218 0.621122 -0.673885 -0.400107 0.612629 0.735883 -0.288379 0.488766 -0.065999 0.869915
0.822366 -4.530614 -7.290277 17.496746 0.651853 -0.640165 -0.406541 0.535979 0.768167 -0.350208 0.536482 0.010386 0.843848
0.606877 -4.953520 3.217506 16.949666 0.592673 -0.693561 -0.409527 0.636620 0.714849 -0.289319 0.493410 -0.089242 0.865206
0.923086 -1.580379 -78.017392 8.394951 0.832623 0.549606 0.068346 0.443702 -0.588094 -0.676220 0.331461 -0.593362 0.733522
-0.051074 -1.851963 -62.034092 15.082308 0.876267 0.481685 -0.011650 0.353319 -0.658810 -0.664180 0.327601 -0.577883 0.747482
1.450733 -1.747144 -83.215688 20.624789 0.850416 0.525215 0.030683 0.413315 -0.630870 -0.656638 0.325519 -0.571098 0.753581
