18044
36050
-3.762515 -6.477702 7.286025 67.533336 0.907455 -0.363273 -0.211089 0.238343 0.858843 -0.453410 -0.346004 -0.361138 -0.865945
-4.734392 -7.685015 13.987521 52.125905 0.821279 -0.563543 -0.088993 0.414920 0.697032 -0.584797 -0.391589 -0.443357 -0.806283
-5.058202 -7.433843 -66.609488 103.791637 -0.758340 0.649300 0.057704 0.529551 0.665256 -0.526317 -0.380126 -0.368571 -0.848328
-4.091975 -7.190111 -39.005311 53.180441 0.919603 -0.357091 -0.163755 0.210993 0.800567 -0.560869 -0.331378 -0.481225 -0.811548
-4.917839 -5.736437 7.219209 -109.522544 -0.655869 0.754218 0.031493 -0.677138 -0.606255 0.417059 -0.333646 -0.252211 -0.908334
-3.714192 -5.928801 -2.542435 46.649202 0.951915 -0.113730 -0.284471 0.003380 0.932385 -0.361452 -0.306345 -0.343110 -0.887935
0.301021 -6.630358 69.424229 310.718346 -0.140907 0.988013 0.063046 -0.960172 -0.151900 0.234513 -0.241279 0.027490 -0.970066
1.278691 -6.801189 250.051812 151.198371 -0.319111 0.937401 0.139456 -0.935933 -0.334846 0.109126 -0.148992 0.095698 -0.984197
-0.950232 -4.784710 167.484184 128.209247 -0.003833 0.996895 0.078650 -0.979860 -0.019447 0.198736 -0.199648 0.076304 -0.976892
-0.849571 -1.975363 143.576154 145.918796 -0.027664 0.995742 0.087933 -0.968979 -0.048324 0.242372 -0.245589 0.078500 -0.966190
-2.224167 -2.797785 156.778390 77.939098 -0.330693 0.935678 0.123078 -0.909243 -0.350822 0.224054 -0.252821 0.037815 -0.966774
-2.586301 -4.557431 132.001759 113.201996 0.185839 0.982580 0.000038 -0.963088 0.182144 0.198205 -0.194746 0.036871 -0.980161
2.537881 -9.074626 111.810531 -25.213665 -0.195871 0.963492 0.182534 -0.681032 -0.267581 0.681613 -0.705571 -0.009196 -0.708580
1.348292 -8.783290 -18.669169 -146.461164 -0.147703 0.983631 0.103219 -0.777450 -0.179982 0.602642 -0.611355 -0.008764 -0.791308
2.194002 -10.267822 7.873533 -129.845805 -0.181412 0.965845 0.185020 -0.653311 -0.258990 0.711413 -0.735034 -0.008183 -0.677981
4.494493 -9.309473 168.507592 -16.688341 -0.259729 0.913477 0.313209 -0.494379 -0.404393 0.769452 -0.829536 -0.045005 -0.556636
-1.219792 -2.990475 60.063304 -3.659080 -0.351129 0.845286 -0.402741 0.914525 0.217327 -0.341195 -0.200880 -0.488120 -0.849344
-0.475674 -2.655192 42.712101 -24.132618 -0.345684 0.848856 -0.399933 0.921628 0.227034 -0.314733 -0.176365 -0.477388 -0.860812
-1.066943 -2.964722 51.272027 -21.095645 -0.221257 0.870592 -0.439450 0.963415 0.125242 -0.236950 -0.151250 -0.475799 -0.866452
5.663089 -6.837081 -46.913765 25.864125 0.137096 0.982789 -0.123816 -0.950240 0.095187 -0.296620 0.279729 -0.158320 -0.946935
4.674291 -6.105734 -77.473095 44.173668 0.157117 0.967043 -0.200354 -0.950188 0.092729 -0.297564 0.269179 -0.237127 -0.933442
5.129066 -7.902325 -85.170232 112.526145 0.238140 0.962016 -0.133470 -0.900202 0.167042 -0.402162 0.364591 -0.215921 -0.905788
5.616418 -5.489926 -43.005947 7.397860 0.037703 0.980315 -0.193808 0.981165 0.000454 0.193169 0.189454 -0.197440 -0.961834
5.820052 -8.457122 -34.262875 98.004077 0.186909 0.980969 -0.052589 -0.906955 0.151742 -0.392948 0.377489 -0.121141 -0.918056
6.038529 -6.569327 -6.758087 -14.127752 0.052522 0.993656 -0.099441 -0.981508 0.033010 -0.188551 0.184072 -0.107505 -0.977016
5.746693 -7.584196 12.643074 2.923227 0.113107 0.993183 -0.028174 -0.950420 0.099883 -0.294491 0.289670 -0.060087 -0.955239
-1.254515 -3.927986 -68.798480 -71.018315 -0.561589 0.821059 0.102373 -0.813246 -0.570530 0.114571 -0.152476 0.018913 -0.988126
-1.552831 -5.176856 -70.594525 -69.081130 -0.554767 0.825882 0.100762 -0.799476 -0.562686 0.210290 -0.230372 -0.036105 -0.972433
-2.036227 -4.092184 -32.800498 -69.227961 -0.447484 0.884940 0.128995 -0.874873 -0.463085 0.141946 -0.185349 0.049336 -0.981433
-1.679440 -2.806772 -30.094662 -54.525811 -0.391485 0.912390 0.119516 -0.911288 -0.402433 0.087185 -0.127644 0.074782 -0.988997
-1.034572 -10.635475 -16.790641 -177.270384 -0.483691 0.861314 0.155503 0.520463 0.140209 0.842295 -0.703677 -0.488344 0.516100
-1.185675 -12.486558 -16.452759 -109.665444 -0.506092 0.852751 0.129179 0.629130 0.262548 0.731617 -0.589972 -0.451536 0.669364
-1.260239 -11.640830 -6.559543 -201.843607 -0.476111 0.872504 0.109800 0.502147 0.167240 0.848457 -0.721919 -0.459095 0.517750
-0.784389 -11.239832 -19.576310 -125.067634 -0.511072 0.842212 0.171708 0.610907 0.215389 0.761840 -0.604647 -0.494253 0.624592
-0.906745 -8.410833 -15.611284 -200.117810 -0.457192 0.870601 0.181741 0.406707 0.022932 0.913271 -0.790926 -0.491456 0.364564
-0.621309 -9.003331 -18.812821 -179.237422 -0.482274 0.850833 0.208557 0.501137 0.072687 0.862310 -0.718522 -0.520385 0.461438
-0.153049 -12.366085 -17.644963 53.709529 0.645633 -0.763493 0.015408 0.753784 0.633931 -0.173033 0.122341 0.123330 0.984796
-0.753619 -11.531087 -22.714460 54.382598 0.654279 -0.756109 0.014741 0.744983 0.641054 -0.184528 0.130073 0.131715 0.982717
-0.110075 -11.532541 15.758323 50.875519 -0.666221 0.745748 -0.003179 0.701293 0.625045 -0.342793 0.253650 0.230605 0.939406
-0.818115 -12.252547 -23.914228 41.488980 0.630840 -0.775656 0.019961 0.775872 0.630861 -0.006019 -0.007924 0.019284 0.999783
0.324674 -12.671845 7.930077 32.374211 -0.663865 0.747634 0.018070 0.706102 0.634582 -0.314206 0.246378 0.195831 0.949183
0.355263 -13.307187 9.386597 40.756571 -0.640534 0.767899 0.006830 0.758714 0.634196 -0.148821 0.118611 0.090143 0.988841
-0.139539 -12.895484 -18.715950 43.459614 0.622594 -0.782284 0.020223 0.782444 0.622721 -0.000018 -0.012580 0.015835 0.999795
0.878175 -3.523829 9.800610 -6.959111 -0.561114 0.769241 0.305645 0.819547 0.464481 0.335558 0.116159 0.438777 -0.891057
0.514389 -3.374457 9.230643 0.817565 -0.548737 0.776051 0.310858 0.818701 0.423611 0.387662 0.169163 0.467225 -0.867805
0.752156 -3.399084 -1.049330 1.199176 -0.443004 0.820046 0.362315 0.889978 0.353526 0.288025 0.108106 0.450049 -0.886436
-1.157329 -78.302567 50.566403 4139.026167 -0.535900 -0.465830 -0.704140 -0.443606 0.864968 -0.234612 0.718349 0.186632 -0.670182
0.642904 -61.854901 40.537847 3722.731797 -0.471358 -0.572976 -0.670463 -0.632944 0.749170 -0.195258 0.614169 0.332329 -0.715789
-3.359956 -47.725750 87.734116 2513.406313 -0.544022 -0.452696 -0.706475 -0.571629 0.816314 -0.082896 0.614232 0.358745 -0.702867
-3.229027 -69.161892 67.421547 3985.966032 -0.556981 -0.362410 -0.747282 -0.502369 0.863516 -0.044343 0.661360 0.350713 -0.663026
-4.862524 -60.010030 0.794561 3181.450215 -0.554798 -0.341321 -0.758749 -0.560140 0.827558 0.037301 0.615177 0.445700 -0.650315
-0.065182 -7.611166 -3.371945 70.081545 -0.527374 0.822687 0.212279 0.089965 -0.194372 0.976794 -0.844857 -0.534234 -0.028494
-0.034274 -8.746646 2.919939 63.672505 -0.525403 0.815353 0.243208 -0.071936 -0.327384 0.942149 -0.847807 -0.477513 -0.230661
0.089113 -7.322018 -7.634399 71.227262 -0.535225 0.824133 0.185307 0.064942 -0.178578 0.981780 -0.842209 -0.537508 -0.042058
18.016466 -8.108656 -2632.788585 81.884159 -0.441318 0.892043 0.097458 0.214029 -0.000835 0.976827 -0.871453 -0.451950 0.190555
55.738444 -6.327171 -7860.776722 32.031127 -0.507944 0.858653 0.068622 0.313341 0.109976 0.943251 -0.802378 -0.500621 0.324913
11.982480 -8.755931 -2283.542333 277.551191 -0.449546 0.817819 0.359278 0.460843 -0.132211 0.877579 -0.765201 -0.560082 0.317451
-2.213432 -9.494352 41.956513 57.368183 -0.255615 0.940107 0.225521 -0.941296 -0.295217 0.163737 -0.220508 0.170429 -0.960380
-0.770019 -9.042673 20.428652 4.679782 -0.168315 0.967282 0.189832 -0.912681 -0.225679 0.340708 -0.372401 0.115910 -0.920805
-1.235662 -9.735022 27.659885 46.118561 -0.335272 0.906429 0.256864 -0.905297 -0.385443 0.178525 -0.260826 0.172684 -0.949816
-2.158772 -10.805514 33.491787 -77.387022 -0.389498 0.881988 0.265309 0.916100 0.400748 0.012678 -0.095141 0.247988 -0.964080
-2.919758 -10.621843 33.939970 -68.791299 -0.345404 0.910430 0.227624 0.937786 0.344002 0.047121 -0.035403 0.229739 -0.972608
0.131101 -17.682369 6.351881 -56.289914 -0.718404 0.665041 -0.204000 -0.170605 -0.452750 -0.875164 0.674381 0.593918 -0.438717
0.013964 -17.346246 -1.807082 11.745123 -0.709894 0.667625 -0.224337 -0.027920 -0.344946 -0.938207 0.703755 0.659765 -0.263515
-0.039289 -18.768438 -6.347737 -48.788422 -0.711430 0.673902 -0.199306 -0.133225 -0.407795 -0.903302 0.690013 0.616084 -0.379898
0.132528 -19.136598 2.387349 -58.015945 -0.711748 0.679332 -0.178672 -0.293755 -0.518910 -0.802770 0.638062 0.518884 -0.568891
-0.684858 -17.549588 -6.446193 231.800023 0.657016 -0.667064 0.351219 0.670047 0.303201 -0.677574 0.345495 0.680510 0.646172
-0.737082 -19.968233 -6.084687 296.913545 0.628262 -0.684353 0.370066 0.747112 0.397991 -0.532379 0.217052 0.610954 0.761330
-0.819221 -16.950139 -11.629800 192.631289 0.655732 -0.674023 0.340161 0.681074 0.333658 -0.651776 0.325814 0.659065 0.677849
-0.473736 -21.095042 -7.017512 422.294554 0.632433 -0.676960 0.376501 0.733876 0.368084 -0.570912 0.247900 0.637369 0.729594
-0.733182 -15.396517 -13.970796 -15.335837 0.680626 -0.661607 0.314681 -0.592650 -0.244691 0.767394 0.430714 0.708804 0.558644
-0.536673 -15.648014 -8.519116 -18.784623 0.677592 -0.657127 0.330232 -0.585311 -0.209977 0.783148 0.445287 0.723943 0.526903
-0.365750 -18.116640 -11.122794 288.314465 0.652820 -0.663236 0.365984 0.661695 0.264080 -0.701727 0.368762 0.700271 0.611257
5.160985 -13.282135 202.037978 -323.590219 -0.442956 0.857066 0.263113 -0.439172 -0.463281 0.769739 -0.781613 -0.225409 -0.581612
6.161279 -10.735273 224.549968 -302.272948 -0.396136 0.894614 0.206743 -0.606240 -0.423941 0.672865 -0.689601 -0.141209 -0.710289
3.686482 -14.235679 180.684013 -277.194084 -0.441676 0.843413 0.305905 -0.420615 -0.495831 0.759760 -0.792468 -0.206899 -0.573748
3.595688 -16.281325 128.557289 -193.113070 -0.469694 0.830694 0.298889 -0.251901 -0.450589 0.856456 -0.846128 -0.326982 -0.420891
-2.362879 -10.371763 -60.589041 -78.297539 -0.069826 0.712148 -0.698549 -0.392222 -0.663459 -0.637169 0.917217 -0.229495 -0.325646
-1.704452 -8.718676 -33.562950 73.323184 -0.072612 0.682747 -0.727038 0.212382 0.722827 0.657582 0.974485 -0.106661 -0.197489
-1.566509 -10.381812 -55.340818 -72.168626 -0.043439 0.695384 -0.717324 -0.419584 -0.664309 -0.618582 0.906677 -0.274107 -0.320629
-2.218165 -11.146302 -50.971934 -45.679483 -0.058338 0.719217 -0.692332 -0.604542 -0.577342 -0.548821 0.794434 -0.386527 -0.468478
-3.324244 -11.291491 -65.504785 -46.344716 -0.086065 0.743262 -0.663441 -0.587250 -0.575779 -0.568873 0.804817 -0.340646 -0.486035
-0.464284 -144.195720 -130.567651 -7350.848071 0.595380 -0.801811 0.051208 0.803412 0.593580 -0.046805 0.007133 0.069007 0.997591
-4.399467 -101.902046 -308.426887 -4708.551628 -0.523265 0.851000 -0.044628 0.842203 0.524422 0.125206 -0.129955 -0.027930 0.991126
0.267604 -147.876317 48.023447 -8882.984929 -0.549671 0.833110 -0.061558 0.722284 0.510986 0.466046 -0.419722 -0.211710 0.882617
50.678327 -1368.581472 3352.038972 220451.058200 0.943280 -0.330723 0.029081 -0.030750 0.000187 0.999527 0.330572 0.943728 0.009994
-8.162022 -233.022661 -168.145069 -1639.609359 0.903318 -0.422437 0.074587 -0.114309 -0.069458 0.991014 0.413460 0.903727 0.111031
-7.300116 -197.409656 -102.861795 8369.826103 0.892359 -0.447456 -0.058982 0.242245 0.364591 0.899106 0.380806 0.816613 -0.433740
-174.189054 -736.054220 12846.110687 -59818.011607 0.372408 0.597248 0.710357 -0.543966 -0.479683 0.688480 -0.751940 0.642806 -0.146245
-81.022694 -558.921295 -2470.742919 31622.439603 -0.062742 0.984045 0.166489 0.128676 -0.157450 0.979108 -0.989700 -0.082854 0.116744
-64.272440 -1158.613623 1648.290547 59541.750637 0.852787 -0.440513 0.280540 -0.515894 -0.626933 0.583787 0.081286 0.642575 0.761899
0.039667 -2.458579 6.392064 -3.413162 -0.639693 0.733568 0.229501 0.761876 0.644644 0.063078 -0.101675 0.215202 -0.971262
0.224352 -2.734821 6.852928 -18.280673 -0.563494 0.793403 0.230186 0.823995 0.559758 0.087765 -0.059215 0.239127 -0.969181
-0.101807 -2.816251 14.466694 3.115220 -0.686637 0.688508 0.233422 0.719142 0.690334 0.079207 -0.106605 0.222250 -0.969144
-0.181529 -2.969432 -7.327866 24.568314 0.778754 -0.586723 -0.222032 0.611556 0.788902 0.060282 -0.139792 0.182730 -0.973174
-0.113895 -2.562979 -2.757979 22.702926 0.737455 -0.638010 -0.221595 0.662616 0.746976 0.054474 -0.130771 0.187004 -0.973616
0.587450 -4.130649 -52.933788 -67.598135 0.515146 0.770033 -0.376396 0.411732 -0.607487 -0.679291 0.751732 -0.194960 0.629991
1.005721 -3.433392 -59.044814 -54.002862 0.530561 0.750745 -0.393557 0.427095 -0.637818 -0.640920 0.732185 -0.171961 0.659040
1.950818 -3.395286 -76.135225 50.694652 0.553863 0.688604 -0.468038 -0.365568 0.706176 0.606363 0.748061 -0.164742 0.642856
2.877329 -6.846093 26.032025 25.997830 -0.346233 -0.311251 0.885011 0.736190 -0.674876 0.050663 0.581504 0.669077 0.462805
5.293877 -6.408502 141.963753 75.058091 -0.554670 -0.056096 0.830177 0.601067 -0.716941 0.353149 0.575378 0.694873 0.431383
3.175321 -4.819172 -84.933475 -74.189141 0.519974 0.080599 -0.850371 -0.564610 0.779473 -0.271362 0.640970 0.621229 0.450812
1.144219 -5.886745 -34.658054 -48.071296 0.314504 0.361111 -0.877888 -0.685704 0.725951 0.052959 0.656428 0.585315 0.475929
1.334949 -4.639417 -104.169491 -48.403695 0.400085 0.260049 -0.878810 -0.604820 0.795357 -0.039995 0.688567 0.547523 0.475494
-2.032724 -5.850789 -35.138923 26.509115 0.540142 -0.613681 0.575884 0.572017 -0.234207 -0.786094 0.617286 0.754018 0.224531
-1.672408 -5.369072 -28.923554 -32.497304 0.554433 -0.605231 0.571226 -0.499721 0.306757 0.810049 0.665494 0.734572 0.132370
-1.429765 -6.047975 -30.051064 25.089829 0.543618 -0.588449 0.598504 0.600655 -0.225316 -0.767102 0.586253 0.776505 0.230969
-0.447251 -11.096699 -22.471568 62.895400 -0.412035 0.891051 0.190410 -0.476141 -0.032388 -0.878772 0.776864 0.452747 -0.437611
-1.101837 -11.399549 -16.951689 13.457928 -0.442372 0.874427 0.199209 -0.303809 0.062878 -0.950656 0.843805 0.481065 -0.237844
-0.491099 -11.781310 -21.002020 0.335964 -0.407611 0.888299 0.211608 -0.275153 0.101484 -0.956029 0.870715 0.447913 -0.203052
-6.148921 -8.537653 -25.458242 -14.515307 0.948019 -0.300585 0.104448 0.126322 0.054226 -0.990506 -0.292067 -0.952212 -0.089378
-5.639020 -8.090602 -39.350359 -34.175925 0.895231 -0.439364 0.074300 0.103594 0.043038 -0.993688 -0.433393 -0.897278 -0.084044
-6.081254 -8.838848 -13.592544 -24.623672 0.941863 -0.306110 0.138532 0.200748 0.182060 -0.962577 -0.269433 -0.934426 -0.232926
-5.597088 -7.908106 -48.340000 0.566978 0.902688 -0.428196 -0.042470 -0.062023 -0.031811 -0.997568 -0.425803 -0.903126 0.055274
-6.169370 -8.234960 -9.917171 -13.316850 0.961104 -0.275791 0.014815 -0.006775 -0.077166 -0.996995 -0.276105 -0.958115 0.076033
-54.234925 -580.717529 4531.728475 -57679.109620 0.355692 0.259085 0.897975 0.902590 0.154090 -0.401979 -0.242516 0.953484 -0.179039
-35.892549 -280.456652 2419.848393 -7790.868076 0.204348 0.133715 0.969723 0.730057 0.639114 -0.241971 -0.652119 0.757399 0.032982
30.377720 -1509.603249 1377.911671 -204068.558514 0.410695 0.219705 0.884907 0.880151 0.157852 -0.447679 -0.238042 0.962711 -0.128544
-67.738677 -524.380514 2391.745861 -95620.800666 0.098797 0.186045 0.977561 0.746441 0.635796 -0.196441 -0.658077 0.749100 -0.076057
-14.701635 -1087.377045 4297.722049 -135850.637681 0.578821 0.075747 0.811929 0.765759 -0.392764 -0.509265 0.280321 0.916515 -0.285344
-93.892958 -2564.621569 -7578.700606 -564240.063549 0.227343 0.423180 0.877060 0.933728 0.161021 -0.319724 -0.276526 0.891623 -0.358529
-18.617941 -31.777989 -198.139454 -620.111788 0.906075 0.321772 0.274757 -0.269563 0.939509 -0.211328 -0.326136 0.117414 0.938003
-21.963578 -31.537635 -114.035848 772.219712 0.989177 0.050502 0.137761 0.071451 -0.985849 -0.151643 -0.128154 -0.159845 0.978788
-23.813898 -29.698725 -60.363812 150.577854 0.995977 -0.003497 0.089536 -0.030589 -0.952479 0.303066 -0.084222 0.304586 0.948754
-16.503058 -37.462048 -185.047064 1312.914832 0.874825 0.285067 0.391686 0.395082 -0.887728 -0.236326 -0.280342 -0.361492 0.889231
-20.610978 -34.639368 -191.061667 -683.259057 0.945593 0.130305 0.298118 -0.077590 -0.799542 0.595578 -0.315964 0.586305 0.745931
-15.582388 -39.122910 -283.739727 -1380.674773 0.777952 0.404557 0.480755 -0.438345 0.897627 -0.046033 -0.450161 -0.174925 0.875646
-14.631814 -30.147123 -310.382873 17.715299 0.757805 0.398200 0.516883 -0.185761 0.891065 -0.414120 -0.625479 0.217805 0.749224
-16.443812 -33.005272 -222.893493 -741.110390 0.862598 0.344121 0.370817 0.052443 -0.789877 0.611018 -0.503164 0.507616 0.699393
15.373218 -3.654703 1132.513336 297.018810 -0.297595 0.866992 -0.399703 0.173562 0.460828 0.870353 -0.938783 -0.189639 0.287617
-0.445390 -6.260269 1387.571715 272.239377 -0.153268 0.902660 -0.402136 0.178116 0.425514 0.887250 -0.972000 -0.064361 0.225996
4.894883 -3.099938 1337.334553 -393.130602 -0.136188 0.965711 -0.221032 0.122785 0.237844 0.963511 -0.983045 -0.104079 0.150966
12.878015 0.513346 530.709157 -362.927586 -0.426153 0.834572 -0.349117 -0.041522 0.367462 0.929111 -0.903697 -0.410440 0.121942
5.221416 -7.116746 108.023653 211.454732 0.336797 -0.524264 -0.782122 0.558584 0.779943 -0.282266 0.757992 -0.341814 0.555527
7.465840 -9.027972 124.188000 119.911515 0.339079 -0.630893 -0.697853 0.657155 0.689655 -0.304177 0.673181 -0.355457 0.648442
5.360977 -6.483735 125.165610 172.192164 0.311111 -0.615764 -0.723909 0.544169 0.739903 -0.395504 0.779160 -0.270883 0.565272
6.550846 -9.902218 147.599754 165.022459 0.334060 -0.484759 -0.808339 0.668502 0.726434 -0.159370 0.664461 -0.487137 0.566735
4.190343 -5.556780 85.936006 153.997590 0.318279 -0.536415 -0.781638 0.511353 0.791424 -0.334911 0.798259 -0.293097 0.526191
3.885074 -6.963700 75.265935 194.973973 0.350056 -0.418944 -0.837823 0.540103 0.821039 -0.184888 0.765343 -0.387789 0.513682
3.469417 -5.132408 74.129324 142.925373 0.326396 -0.468153 -0.821157 0.497372 0.823805 -0.271966 0.803795 -0.319652 0.501733
-1.672010 -3.796983 -43.345289 -34.250925 -0.619483 0.752281 0.224307 0.190235 -0.133357 0.972639 -0.761611 -0.645204 0.060498
-0.978572 -3.914086 -52.143027 -30.680801 -0.621043 0.723113 0.302346 0.251837 -0.181196 0.950656 -0.742215 -0.666540 0.069576
-1.865177 -4.435132 -50.945374 -21.584894 -0.621398 0.743447 0.247289 0.283126 -0.081222 0.955637 -0.730551 -0.663845 0.160019
-0.840967 -3.031813 -46.213923 -41.995648 -0.620293 0.729208 0.288949 0.174227 -0.231089 0.957206 -0.764775 -0.644091 -0.016295
-2.086329 -4.398102 -11.311768 -25.010808 -0.609689 0.776709 0.158121 0.221971 -0.024199 0.974753 -0.760926 -0.629395 0.157653
-1.752223 -3.709653 -1.638927 -37.959775 -0.604363 0.788527 0.113884 0.115981 -0.054343 0.991764 -0.788222 -0.612594 0.058612
-1.437829 -2.877191 -31.745893 -44.161718 -0.618109 0.768227 0.166640 0.086296 -0.144391 0.985751 -0.781342 -0.623681 -0.022955
-0.153873 -16.278080 -43.194690 -173.820578 -0.585125 0.808668 -0.060705 0.605593 0.385946 -0.695919 0.539338 0.443962 0.715550
-0.776991 -21.761290 -100.870108 -389.103226 -0.555179 0.826388 -0.094126 0.507000 0.246536 -0.825936 0.659338 0.506264 0.555850
-1.075451 -17.703505 -46.584141 -248.748888 -0.599051 0.798751 -0.055988 0.517805 0.333112 -0.787981 0.610751 0.501031 0.613149
-0.640155 -14.647382 -15.057832 -152.191142 -0.614658 0.786802 -0.056012 0.576427 0.399568 -0.712795 0.538448 0.470412 0.699132
-0.449939 -13.891034 -5.113526 -129.048039 -0.635506 0.770801 -0.044699 0.616650 0.471870 -0.630144 0.464623 0.428024 0.775191
0.230180 -12.729125 -15.698428 -95.276889 0.625537 -0.776449 0.076351 0.692406 0.507387 -0.512965 0.359552 0.373745 0.855007
50.120069 -7.269379 -683.997293 -0.867500 0.628093 -0.115191 -0.769565 0.542875 0.773405 0.327310 -0.557482 0.623359 -0.548305
32.748494 -6.760295 1222.258271 18.001015 -0.442125 -0.148524 0.884571 0.451187 0.815516 0.362441 -0.775213 0.559351 -0.293548
26.603417 -7.280287 214.841183 40.957113 -0.598742 0.071139 0.797776 0.428351 0.870075 0.243897 -0.676774 0.487760 -0.551423
33.248442 -7.259076 -513.673741 24.260799 -0.708645 0.268480 0.652488 0.508054 0.835872 0.207842 -0.489595 0.478786 -0.728739
0.145345 -9.901241 13.735560 -5.117285 -0.366946 0.923400 0.112622 0.084826 -0.087348 0.992560 -0.926367 -0.373769 0.046277
0.531992 -9.900491 14.929805 -12.512801 -0.374346 0.921611 0.102461 0.051530 -0.089649 0.994639 -0.925856 -0.377620 0.013931
0.272954 -9.988621 19.496898 -27.709026 -0.360025 0.924725 0.123554 -0.159546 -0.191510 0.968436 -0.919199 -0.328949 -0.216484
-0.083772 -9.938626 14.459856 -18.362774 -0.360865 0.923069 0.133116 -0.124616 -0.189178 0.974003 -0.924255 -0.334895 -0.183297
-0.162571 -9.785034 7.441257 10.706719 -0.374437 0.919761 0.117626 0.121872 -0.076937 0.989559 -0.919208 -0.384863 0.083285
1.063777 -13.300560 -12.424008 138.893359 -0.335923 0.802936 0.492392 0.353065 -0.377309 0.856144 -0.873213 -0.461445 0.156742
0.876010 -14.748568 -24.211511 139.657745 -0.388454 0.806758 0.445247 0.266909 -0.363968 0.892349 -0.881965 -0.465477 0.073946
1.672173 -17.762439 -11.022308 171.927826 -0.331254 0.821949 0.463326 0.051459 -0.474581 0.878706 -0.942137 -0.314918 -0.114910
1.100740 -15.158031 13.322849 175.624397 -0.275624 0.819675 0.502159 0.219986 -0.454745 0.863026 -0.935755 -0.348339 0.054978
0.665090 -10.879733 5.374441 123.547937 -0.302722 0.811292 0.500165 0.464488 -0.332663 0.820723 -0.832232 -0.480772 0.276131
0.373244 -4.596122 -7.107484 27.517741 0.575448 -0.814743 0.071088 0.783566 0.524348 -0.333292 0.234272 0.247494 0.940140
0.184953 -4.634573 -19.897423 15.471268 0.587102 -0.806208 0.073072 0.785775 0.545861 -0.290850 0.194598 0.228177 0.953974
0.106610 -4.340073 -25.031340 -3.139910 0.618901 -0.782320 0.070265 0.745615 0.557011 -0.365783 0.247020 0.278774 0.928044
-0.482217 -4.345581 -33.433255 4.040258 0.658589 -0.750422 0.055927 0.722042 0.609251 -0.327824 0.211933 0.256283 0.943082
-0.774896 -4.290979 -38.480544 16.996822 0.705504 -0.708102 0.029251 -0.661682 -0.643348 0.385072 0.253851 0.291025 0.922423
1.466309 -10.637713 9.256552 9.124781 -0.515242 0.842340 0.158081 -0.267708 -0.333400 0.903978 -0.814161 -0.423448 -0.397283
1.553729 -11.087284 6.532722 21.231522 -0.521372 0.848268 0.092807 -0.293012 -0.280110 0.914157 -0.801446 -0.449422 -0.394594
2.190107 -12.799463 -19.604600 133.740946 -0.524703 0.839962 0.138389 -0.387025 -0.380169 0.840050 -0.758220 -0.387216 -0.524562
2.485642 -12.277238 -20.495334 130.245732 -0.525660 0.820115 0.226039 -0.339047 -0.445668 0.828509 -0.780211 -0.358876 -0.512328
1.063558 -10.247179 11.578088 -1.729273 -0.519807 0.814606 0.257329 -0.210293 -0.413967 0.885668 -0.827996 -0.406262 -0.386489
0.639586 -3.145568 7.531406 -29.908774 -0.578863 0.795648 0.178498 0.173872 -0.093430 0.980326 -0.796672 -0.598510 0.084258
0.310408 -2.671642 5.014019 -18.276967 -0.573863 0.808974 0.127445 0.104053 -0.082333 0.991158 -0.812314 -0.582050 0.036928
0.486902 -3.109300 5.094930 -24.610399 -0.577499 0.805577 0.132445 0.152031 -0.053276 0.986939 -0.802111 -0.590092 0.091706
-0.966179 -18.350310 11.593645 -32.697941 0.949543 -0.306330 -0.067308 0.210667 0.463954 0.860445 0.232352 0.831209 -0.505077
-1.057538 -18.546248 1.937882 -18.823498 0.956105 -0.283923 -0.072470 0.193007 0.424106 0.884807 0.220482 0.859955 -0.460288
-0.972402 -17.633549 8.356763 23.385926 0.951816 -0.301407 -0.056578 0.138087 0.256492 0.956632 0.273823 0.918350 -0.285753
-1.042145 -18.496471 5.770815 -9.154200 0.953097 -0.292007 -0.079611 0.249065 0.607242 0.754470 0.171968 0.738911 -0.651489
-0.747546 -17.542595 15.920480 -8.743928 0.945647 -0.321138 -0.051201 0.153845 0.303080 0.940465 0.286501 0.897225 -0.336012
-0.676953 -18.139361 16.065867 -41.577672 0.942560 -0.327470 -0.065912 0.232598 0.501800 0.833123 0.239748 0.800600 -0.549146
-0.822852 -18.066378 10.017639 -1.663183 0.945522 -0.316358 -0.076848 0.271946 0.637723 0.720663 0.178980 0.702301 -0.689013
1.175306 -14.729884 19.466443 -60.824376 0.738709 -0.661848 -0.127537 -0.162798 -0.358813 0.919103 0.654069 0.658187 0.372806
1.357445 -14.146047 5.108017 -38.760198 0.759566 -0.633231 -0.148586 -0.138710 -0.380889 0.914157 0.635468 0.673752 0.377146
1.447784 -13.872862 18.907506 -137.146458 0.743891 -0.651402 -0.149336 -0.026567 -0.252104 0.967335 0.667772 0.715625 0.204844
-4.079672 -8.309720 -9.035021 46.394544 0.541825 -0.781581 -0.309122 0.826426 0.428414 0.365351 -0.153119 -0.453423 0.878045
-4.181491 -8.129382 10.809162 48.389817 0.540698 -0.749820 -0.381334 0.838926 0.447206 0.310179 -0.062043 -0.487623 0.870847
-4.102305 -7.261835 -8.417364 59.361033 0.487331 -0.815961 -0.310992 0.872105 0.436828 0.220485 -0.044057 -0.378667 0.924484
0.554724 -16.435888 -9.352418 -199.887002 0.973192 -0.209053 -0.095882 0.224040 0.955926 0.189764 -0.051985 0.206159 -0.977137
0.322029 -16.280455 7.212512 -204.022041 0.972322 -0.217362 -0.085692 0.227542 0.964214 0.136077 -0.053048 0.151809 -0.986985
0.584326 -15.164108 1.048172 -139.626190 -0.973539 0.209745 0.090710 0.212512 0.976913 0.021898 -0.084023 0.040596 -0.995637
0.635081 -15.471994 -11.702902 -166.192368 0.975673 -0.204444 -0.079149 0.210239 0.974887 0.073457 -0.062143 0.088310 -0.994153
0.707984 -15.043688 5.590025 -27.388254 -0.975219 0.208925 0.072795 0.203351 0.976065 -0.077106 -0.087162 -0.060392 -0.994362
0.658273 -14.715802 -7.027149 -67.188888 -0.971486 0.221770 0.083866 0.209874 0.968913 -0.131000 -0.110311 -0.109664 -0.987829
3.058529 -0.636321 -101.720536 -284.626335 0.963533 0.254011 0.084155 -0.264956 0.949651 0.167217 0.037443 0.183417 -0.982322
1.165254 -6.062257 110.435429 -574.173814 0.950343 -0.307000 -0.050985 0.310847 0.928574 0.202792 0.014914 0.208571 -0.977894
3.400537 0.126828 -67.679756 -409.997878 0.999984 0.002351 -0.005171 -0.001417 0.984819 0.173576 -0.005501 0.173566 -0.984807
0.058356 -5.702322 33.578464 -392.745148 0.991660 -0.128692 0.006970 0.123966 0.967244 0.221520 0.035249 0.218808 -0.975131
5.106466 2.549664 -263.263383 -264.118055 0.841742 0.527585 0.114561 -0.539353 0.831141 0.135291 0.023839 0.175669 -0.984161
5.258851 1.621839 -186.132139 264.029702 0.698333 0.684231 0.210143 0.710220 -0.698879 -0.084591 0.088985 0.208320 -0.974004
2.926265 -2.471076 -110.108899 -342.723611 0.886288 0.435850 0.156616 -0.457774 0.875724 0.153461 0.070266 0.207706 -0.975664
0.226789 -11.644816 5.236206 -72.796570 0.844022 -0.524408 0.112354 0.502831 0.846633 0.174279 -0.186516 -0.090601 0.978265
0.421620 -14.423676 46.874910 -145.021169 0.814020 -0.573545 0.091748 0.569610 0.819171 0.067112 -0.113649 -0.002370 0.993518
0.215126 -13.151004 28.684174 -232.255982 0.796874 -0.597307 0.090645 0.594952 0.801940 0.054083 -0.104996 0.010832 0.994414
0.068614 -17.081571 72.063983 303.794920 0.766280 -0.638137 0.074805 -0.642462 -0.759650 0.100869 0.007543 0.125353 0.992083
-6.552469 -65.773886 35.213173 -2654.590545 0.914363 0.010164 0.404768 0.398899 -0.194033 -0.896232 -0.069429 -0.980942 0.181471
-8.685120 -38.300399 16.300642 -1754.910346 0.880793 -0.117061 0.458802 0.351799 -0.486757 -0.799566 -0.316923 -0.865659 0.387550
-134.370160 -1569.867926 4723.327290 -95639.713291 0.915917 -0.179682 0.358903 0.210363 -0.546638 -0.810515 -0.341825 -0.817864 0.462876
-0.323671 -1.917170 8.827734 17.453049 0.727586 -0.646734 0.228809 0.568418 0.381605 -0.728888 -0.384082 -0.660388 -0.645266
-0.161410 -1.449195 10.905369 45.352188 0.673580 -0.676213 0.298372 0.652107 0.353687 -0.670568 -0.347917 -0.646252 -0.679200
-0.289070 -2.040709 -24.861089 32.010609 0.720286 -0.655771 0.226169 0.578700 0.388286 -0.717175 -0.382485 -0.647456 -0.659171
-2.774863 -8.767690 -39.734013 83.013252 0.778080 -0.627222 -0.034399 -0.628048 -0.775714 -0.061836 -0.012101 -0.069717 0.997493
-2.046100 -8.870371 -77.178277 -12.731726 0.766584 -0.641824 0.020257 0.640434 0.766463 0.048764 -0.046824 -0.024409 0.998605
-2.589330 -8.060886 -31.874161 125.303875 0.756232 -0.653515 -0.032126 -0.648482 -0.742063 -0.169747 -0.087093 -0.149201 0.984964
2.422135 -1.863104 121.641200 -2.629398 0.774162 0.349669 -0.527640 -0.504286 0.844519 -0.180230 -0.382581 -0.405609 -0.830128
0.710828 -2.563733 90.024963 6.122015 0.886237 0.132741 -0.443807 -0.301274 0.892926 -0.334541 -0.351879 -0.430190 -0.831335
0.427585 -2.672180 116.443731 8.145033 0.846894 0.250305 -0.469167 -0.395004 0.886802 -0.239906 -0.356008 -0.388498 -0.849899
-4.441152 -223.237004 702.519543 -1030.460591 0.852411 0.447209 0.270924 -0.322451 0.041719 0.945666 -0.411608 0.893456 -0.179765
-7.908924 -292.866821 2672.235154 5697.777781 0.945798 0.312503 0.088361 -0.251328 0.532025 0.808569 -0.205670 0.786950 -0.581729
-107.418070 -351.214575 3673.296856 -15538.616292 0.879267 0.474205 0.044930 -0.137796 0.162935 0.976967 -0.455962 0.865206 -0.208607
-27.815905 -332.825728 871.940882 -9409.342372 0.819777 0.446919 0.358092 -0.190951 -0.376192 0.906652 -0.539911 0.811630 0.223054
-15.627886 -321.114658 -760.682291 -7972.826099 0.755308 0.409587 0.511613 -0.306765 -0.468894 0.828272 -0.579141 0.782545 0.228512
3.014301 -4.948430 -1.425859 -101.371564 0.942006 -0.334841 0.022472 -0.279429 -0.819674 -0.500054 -0.185859 -0.464775 0.865703
2.805661 -6.221435 -55.395115 -54.040458 0.798857 -0.601434 0.010259 -0.525138 -0.705631 -0.475727 -0.293357 -0.374650 0.879533
1.984724 -3.822199 25.289082 -54.933096 0.807337 -0.584491 -0.081106 -0.558300 -0.712086 -0.425717 -0.191073 -0.388978 0.901214
0.220430 -10.568357 -39.228574 90.093549 0.778162 0.570228 0.263257 -0.166157 -0.217314 0.961856 -0.605686 0.792221 0.074358
0.263839 -11.035222 -47.556058 195.238692 0.758463 0.570329 0.315370 -0.244027 -0.200172 0.948885 -0.604305 0.796653 0.012648
0.882342 -10.107500 -23.625765 -223.674583 0.794643 0.562324 0.228768 -0.150976 -0.181943 0.971650 -0.588004 0.806653 0.059683
-6.950280 -9.016236 -97.137593 83.087897 -0.598538 0.784380 -0.162787 0.660932 0.368685 -0.653636 -0.452683 -0.498817 -0.739094
-5.084474 -8.207080 6.515116 58.435561 0.810751 -0.584224 -0.036943 0.416466 0.619994 -0.664953 -0.411386 -0.523726 -0.745971
4.736135 -6.815544 18.385613 35.183025 0.698911 -0.695189 -0.168036 0.578480 0.411315 0.704401 0.420576 0.589519 -0.689625
4.673163 -6.144157 20.687344 -6.489900 0.758803 -0.626777 -0.177111 0.562034 0.492692 0.664359 0.329144 0.603660 -0.726126
3.955792 -6.859024 -30.598786 13.417388 -0.655687 0.733002 0.181058 0.658859 0.438355 0.611351 0.368754 0.520147 -0.770368
5.325356 -5.992878 -9.819872 0.417152 0.777598 -0.598610 -0.192373 0.519852 0.439973 0.732241 0.353688 0.669395 -0.653311
3.364054 -7.703832 -19.753735 51.310541 -0.578724 0.795704 0.178702 0.690534 0.361541 0.626459 0.433867 0.485946 -0.758693
5.490780 -6.698433 -34.988702 -8.852704 0.728216 -0.659330 -0.187044 0.515376 0.346924 0.783601 0.451762 0.667029 -0.592439
4.305375 -7.080141 -13.478235 55.407037 -0.607443 0.778762 0.156662 0.609175 0.330108 0.721064 0.509822 0.533440 -0.674924
6.227422 -3.262746 -136.129302 -29.824805 -0.318127 0.871031 -0.374299 0.947379 0.277249 -0.160016 -0.035605 -0.405509 -0.913398
7.041336 -4.257220 12.595252 -41.863518 -0.195883 0.951956 -0.235393 0.979380 0.177808 -0.095916 -0.049453 -0.249328 -0.967156
8.161683 -3.777325 11.425927 -54.105462 -0.231414 0.951422 -0.203085 0.965307 0.198605 -0.169525 -0.120956 -0.235270 -0.964374
7.462488 -5.514207 54.368308 -58.996132 -0.110080 0.988284 -0.105718 0.991160 0.101225 -0.085768 -0.074062 -0.114225 -0.990690
6.503350 -2.798405 -238.629932 -28.077051 -0.353590 0.830310 -0.430767 0.932013 0.273567 -0.237726 -0.079542 -0.485538 -0.870590
9.282973 -3.300364 17.204690 -74.686476 -0.284503 0.944507 -0.164208 0.930379 0.230717 -0.284893 -0.231198 -0.233829 -0.944389
8.167390 -4.725571 116.672434 92.287233 -0.159665 0.986162 -0.044628 -0.968930 -0.147904 0.198242 -0.188898 -0.074894 -0.979137
0.046808 -2.962862 10.618084 -19.572515 -0.651942 0.713002 -0.258070 0.696150 0.427891 -0.576441 -0.300577 -0.555461 -0.775317
-0.277175 -3.150557 19.444481 6.164099 -0.533943 0.781137 -0.323619 0.807710 0.358050 -0.468406 -0.250018 -0.511492 -0.822111
1.364311 -3.736897 -102.165903 1.597490 -0.589753 0.732184 -0.340730 0.762666 0.366205 -0.533136 -0.265577 -0.574282 -0.774383
1.441446 -3.304227 94.862331 -53.650248 0.693825 -0.678358 0.241739 0.637926 0.423191 -0.643398 -0.334152 -0.600617 -0.726362
1.344808 -3.940991 -160.803615 32.391107 -0.416594 0.782078 -0.463470 0.894736 0.262481 -0.361320 -0.160928 -0.565206 -0.809101
4.797179 -4.471490 -268.583016 46.524217 -0.541026 0.736896 -0.405309 0.819828 0.354643 -0.449566 -0.187544 -0.575510 -0.795999
4.138155 -4.123493 -214.251420 -49.864624 -0.643032 0.709707 -0.287795 0.690238 0.374270 -0.619269 -0.331786 -0.596857 -0.730534
3.962830 -7.267166 -85.409532 115.069476 0.266300 0.943581 -0.196821 -0.896827 0.167717 -0.409357 0.353251 -0.285526 -0.890892
3.502106 -5.296010 -65.044160 -59.883555 0.146048 0.954360 -0.260513 0.954642 -0.066890 0.290144 0.259476 -0.291072 -0.920842
4.548711 -4.685561 -45.502630 -7.075422 0.025954 0.966141 -0.256705 0.979779 0.026377 0.198335 0.198391 -0.256661 -0.945921
-0.396037 -4.994001 -69.821583 -63.829444 -0.591640 0.801592 0.086098 -0.777338 -0.595516 0.202747 -0.213793 -0.053026 -0.975439
-0.657263 -5.889416 -71.755713 -44.127140 -0.574765 0.814913 0.074578 -0.760312 -0.565501 0.319584 -0.302607 -0.126983 -0.944619
-1.778043 -6.113661 -70.968449 -51.827328 -0.549445 0.829923 0.096628 -0.771059 -0.548193 0.323963 -0.321835 -0.103494 -0.941122
-0.789823 -12.535958 -18.855132 -36.258958 -0.537431 0.831058 0.143215 0.707755 0.352154 0.612431 -0.458531 -0.430501 0.777443
-1.326300 -11.668082 14.303404 40.257693 -0.645740 0.762537 0.039458 0.762989 0.646391 -0.005177 0.029453 -0.026763 0.999208
0.740480 -3.833227 35.081929 15.808993 -0.357293 0.828175 0.431819 0.933756 0.306340 0.185081 0.020996 0.469342 -0.882767
0.937601 -3.587745 0.668401 4.479973 -0.379022 0.835683 0.397463 0.923442 0.313721 0.220985 0.059981 0.450792 -0.890612
0.534957 -3.655277 20.587184 2.373753 -0.355327 0.830468 0.429028 0.931891 0.278908 0.231925 0.072947 0.482217 -0.873010
-0.249091 -3.960209 60.846387 16.152647 -0.418929 0.798628 0.432078 0.906573 0.341032 0.248641 0.051219 0.495874 -0.866883
0.494359 -3.600297 4.089361 0.877229 -0.349825 0.835287 0.424168 0.928615 0.249406 0.274720 0.123679 0.489992 -0.862908
-0.261884 -3.852513 29.891032 17.883644 -0.469956 0.786221 0.401246 0.876546 0.362142 0.317048 0.103961 0.500709 -0.859350
11.511694 -329.483883 471.886065 22655.880476 -0.535506 -0.375364 -0.756529 -0.331935 0.917253 -0.220152 0.776565 0.133226 -0.615790
1.968724 -72.522242 48.483445 4214.769777 -0.417561 -0.626586 -0.658052 -0.580349 0.741158 -0.337461 0.699169 0.240989 -0.673117
-2.266146 -12.373823 31.950420 -15.669635 -0.491575 0.825829 0.276336 0.833414 0.354115 0.424291 0.252537 0.438873 -0.862331
-1.944807 -12.041732 34.506867 -74.779195 -0.471527 0.834155 0.286090 0.880461 0.427107 0.205836 0.049508 0.348948 -0.935833
-1.484793 -12.597470 41.187454 -37.285430 -0.521532 0.796526 0.305861 0.829752 0.389954 0.399309 0.198788 0.462041 -0.864292
1.713089 -9.839279 -24.178810 -75.583252 -0.122688 0.980082 0.156163 -0.851925 -0.184720 0.490003 -0.509089 0.072922 -0.857619
0.563882 -8.626097 -24.718325 -57.960197 0.083755 0.994614 0.061057 -0.881274 0.045333 0.470427 -0.465126 0.093208 -0.880324
6.775215 -11.399805 -223.747879 -153.195557 0.113199 0.993273 0.024381 -0.786809 0.074631 0.612668 -0.606727 0.088536 -0.789964
-1.091272 -8.409685 -23.178643 -74.514526 0.261058 0.964679 -0.035247 -0.878154 0.252489 0.406318 -0.400866 0.075120 -0.913051
5.917192 -10.527868 -189.986478 -125.112755 0.287872 0.956715 -0.042740 -0.787661 0.261918 0.557664 -0.544719 0.126871 -0.828966
0.314385 -17.793874 15.332691 61.769720 -0.719999 0.657714 -0.221391 -0.068473 -0.384791 -0.920461 0.690589 0.647571 -0.322085
0.304659 -17.282335 -14.081487 -20.707861 0.716294 -0.655466 0.239346 -0.072390 0.271351 0.959754 0.694033 0.704793 -0.146918
-0.087453 -16.590217 7.451573 11.013266 0.701218 -0.669161 0.246002 -0.115017 0.234352 0.965324 0.703608 0.705197 -0.087367
-0.412127 -23.726630 -2.468035 326.943515 0.610238 -0.692717 0.384386 0.789093 0.488431 -0.372516 0.070302 0.530639 0.844677
-1.284388 -7.018832 -2.293097 70.461913 -0.079222 0.650424 -0.755428 0.046739 0.759400 0.648943 0.995761 0.016102 -0.090561
-1.515302 -6.965778 6.761286 74.566652 -0.110843 0.677267 -0.727340 0.033245 0.733967 0.678371 0.993282 0.051013 -0.103871
-1.241517 -8.765623 -22.929326 62.536925 -0.054877 0.675761 -0.735075 0.245845 0.722666 0.645999 0.967755 -0.145264 -0.205790
-1.033708 -5.468273 -8.797973 77.812351 -0.079480 0.643824 -0.761035 -0.100524 0.754381 0.648694 0.991755 0.128061 0.004762
-1.207105 -7.101654 12.661739 68.734071 -0.061865 0.660989 -0.747841 0.066824 0.750339 0.657668 0.995845 -0.009288 -0.090590
-1.275326 -5.657407 -11.103967 84.503916 -0.052781 0.633962 -0.771561 -0.101016 0.765285 0.635716 0.993484 0.111494 0.023648
107.192069 -3181.483789 -5130.856503 -234349.743095 -0.676146 0.731728 -0.086022 0.668004 0.658101 0.347382 -0.310800 -0.177418 0.933770
0.140484 -138.262929 -32.706681 -9676.592621 -0.457529 0.889195 -0.000519 0.702780 0.361968 0.612438 -0.544764 -0.279843 0.790519
-1.110411 -473.002072 -373.208519 -34215.272613 -0.654446 0.752465 0.074142 0.704819 0.642613 -0.300465 0.273734 0.144381 0.950907
-0.332572 -20.587186 -114.630103 -408.887773 0.741678 -0.670703 -0.008496 0.209606 0.219717 0.952780 0.637165 0.708436 -0.303543
-0.814691 -16.812865 -61.197832 -35.054306 0.729946 -0.680964 0.058873 0.276950 0.373415 0.885359 0.624882 0.629959 -0.461166
0.445135 -17.527010 -49.490243 -197.171608 0.713111 -0.699849 -0.041029 0.250930 0.200162 0.947085 0.654604 0.685672 -0.318351
-157.417988 -1769.193722 -5889.556240 111975.601189 -0.550558 0.832962 -0.055317 0.551271 0.412531 0.725202 -0.626886 -0.368771 0.686310
0.038104 -2.964198 16.447086 -10.202006 -0.602693 0.761647 0.238025 0.795764 0.595846 0.108295 -0.059343 0.254680 -0.965203
-0.288567 -4.034668 -29.574368 -58.827612 0.452731 0.841412 -0.295061 0.488577 -0.510913 -0.707291 0.745873 -0.176053 0.642401
0.762501 -3.087680 -55.216891 -40.777745 0.519345 0.767562 -0.375672 0.459081 -0.621378 -0.634928 0.720781 -0.157283 0.675083
5.672742 -6.271644 23.061468 -111.743917 -0.407847 -0.226311 0.884558 0.770579 -0.604982 0.200511 0.489764 0.763400 0.421131
6.777102 -7.018135 77.898801 26.770849 -0.583838 0.024487 0.811501 0.600119 -0.660184 0.451679 0.546800 0.750704 0.370746
-5.699602 -8.809320 -25.131444 -58.601962 0.894421 -0.431950 0.115889 0.201106 0.157008 -0.966905 -0.399459 -0.888126 -0.227299
-5.257352 -8.272915 -28.984115 -50.813934 0.849882 -0.526444 0.023604 0.113151 0.138557 -0.983869 -0.514681 -0.838844 -0.177325
-5.093058 -7.381312 -29.201489 -53.211425 0.838806 -0.544213 -0.015368 0.013167 0.048498 -0.998737 -0.544271 -0.837544 -0.047846
-5.174009 -7.358258 -44.706218 -16.074696 0.845328 -0.532479 -0.043429 -0.065792 -0.023086 -0.997566 -0.530181 -0.846128 0.054548
-401.874895 -1975.818391 23848.262084 -234265.299559 0.228921 0.356684 0.905744 0.364011 0.831584 -0.419481 -0.902824 0.425729 0.060529
-13.504771 -21.102447 136.533410 651.531961 0.950497 -0.302652 0.070402 -0.222476 -0.821007 -0.525787 -0.216931 -0.484096 0.847698
-1.107090 -6.550387 -11.360087 -70.094539 0.974208 -0.217436 -0.060341 0.202933 0.961150 -0.187109 -0.098681 -0.170038 -0.980484
-1.247271 -5.491993 -25.570416 -67.497001 0.967372 -0.249662 -0.043131 0.228369 0.932946 -0.278315 -0.109724 -0.259384 -0.959521
-1.079802 -5.813194 -8.070263 -67.817417 0.969229 -0.238496 -0.060956 0.215279 0.941317 -0.259956 -0.119377 -0.238834 -0.963695
14.594461 -34.092330 537.386330 2959.568314 -0.571119 0.814664 -0.100730 0.429202 0.400962 0.809330 -0.699721 -0.418990 0.578652
13.659538 -2.022462 -25.119991 169.619049 -0.671494 0.679353 -0.295933 0.059332 0.447374 0.892377 -0.738631 -0.581667 0.340716
15.746730 -18.855453 584.206215 -2450.731388 0.875060 -0.480344 0.059500 -0.253724 -0.559920 -0.788742 -0.412183 -0.675100 0.611838
