18701
37379
-6.464601 -10.975054 -33.783350 -213.736073 0.621000 0.703632 0.345341 -0.300498 0.620653 -0.724218 0.723920 -0.345965 -0.596866
-7.929129 -12.868483 22.230608 -133.806353 -0.688623 -0.507346 -0.518072 -0.202520 0.820598 -0.534419 0.696265 -0.263093 -0.667831
-8.935793 -12.598874 188.690674 -301.625574 -0.684740 -0.376928 -0.623744 -0.034436 0.871643 -0.488930 0.727973 -0.313311 -0.609829
-6.282199 -11.532802 83.410216 -153.524215 0.644441 0.709189 0.285913 -0.377272 0.620128 -0.687828 0.665103 -0.335397 -0.667193
-8.760750 -9.707333 -96.673055 -295.602221 -0.616116 -0.150108 -0.773219 0.235142 0.901854 -0.362446 0.751737 -0.405125 -0.520350
-6.346361 -10.183485 -25.807692 -190.187422 0.573289 0.808511 0.132853 -0.421153 0.429860 -0.798656 0.702830 -0.401909 -0.586941
-6.984600 -7.275821 3.801578 -70.083929 0.466394 0.265355 -0.843839 0.758972 0.369943 0.535820 0.454355 -0.890353 -0.028858
1.782929 -7.906056 988.897315 -90.808078 0.803059 0.483875 0.347795 0.294382 0.185314 -0.937549 0.518108 -0.855292 -0.006374
-6.266030 -6.936271 159.449071 48.676954 0.847483 0.475250 0.236452 0.230365 0.072028 -0.970435 0.478231 -0.876897 0.048438
-3.470077 -8.382106 264.918907 -158.082683 0.766712 0.387547 0.511819 0.420897 0.298550 -0.856571 0.484765 -0.872167 -0.065784
-7.493140 -8.154193 -32.984806 -18.684712 -0.547795 -0.178641 -0.817318 0.719640 0.397608 -0.569233 0.426660 -0.899998 -0.089251
-1.525411 -3.427073 -76.994222 120.789795 0.614573 0.530178 0.584133 0.499297 0.311852 -0.808363 0.610739 -0.788454 0.073060
-1.506254 -2.615607 -83.373614 108.258060 0.700619 0.591087 0.399685 0.339463 0.216577 -0.915346 0.627612 -0.776988 0.048914
-1.083384 -3.131784 -108.208917 89.255742 -0.483324 -0.494556 -0.722366 0.617788 0.391953 -0.681697 0.620270 -0.775750 0.116090
-0.954425 -4.429251 -170.025372 93.936585 -0.459775 -0.481321 -0.746282 0.665286 0.369955 -0.648481 0.588219 -0.794646 0.150120
0.913137 -3.024973 -421.075859 76.159348 -0.247561 -0.376754 -0.892620 0.739088 0.522271 -0.425419 0.626468 -0.765042 0.149161
1.538616 -4.121713 -483.816009 96.321448 -0.311177 -0.430876 -0.847062 0.740613 0.448591 -0.500258 0.595534 -0.783014 0.179521
-0.149115 -9.853838 254.871017 8.019862 -0.349401 -0.226202 -0.909259 0.689881 -0.718762 -0.086290 -0.634022 -0.657430 0.407188
-0.010045 -9.774558 -209.648980 -22.665473 0.377123 0.202548 0.903744 -0.596421 0.799643 0.069664 -0.708562 -0.565284 0.422367
2.456103 -9.373906 289.149670 0.824724 -0.324251 -0.263054 -0.908661 0.701597 -0.711185 -0.044476 -0.634526 -0.651935 0.415160
2.364964 -9.427578 303.426132 -4.564641 -0.302307 -0.278752 -0.911541 0.780417 -0.621466 -0.068775 -0.547321 -0.732173 0.405416
4.703435 -8.947307 270.037369 -14.790918 -0.320345 -0.313606 -0.893885 0.706734 -0.707461 -0.005074 -0.630797 -0.633365 0.448268
4.699342 -9.104901 270.517510 -18.432735 -0.305765 -0.321041 -0.896348 0.778247 -0.626615 -0.041047 -0.548488 -0.710131 0.441446
6.904079 -11.383289 -162.330159 -38.305905 0.754177 0.041988 0.655327 -0.506810 -0.597362 0.621532 -0.417564 0.800872 0.429237
5.687147 -12.503861 -138.097494 29.900004 0.757662 0.078750 0.647878 -0.352584 -0.785975 0.507865 -0.549211 0.613222 0.567738
3.597555 -12.784295 -124.967543 47.886266 0.702799 0.114011 0.702193 -0.445922 -0.698479 0.559715 -0.554280 0.706491 0.440050
7.930314 -10.883577 -117.488572 2.231144 0.812764 -0.021257 0.582205 -0.428224 -0.699379 0.572270 -0.395018 0.714435 0.577533
2.874487 -12.382960 -108.592757 -23.295406 0.705817 0.101966 0.701017 -0.575645 -0.494188 0.651468 -0.412862 0.863354 0.290111
5.986446 -11.004356 -206.250901 -51.233197 0.703616 0.086356 0.705314 -0.619788 -0.410892 0.668604 -0.347546 0.907585 0.235588
12.375858 -8.003865 -306.851705 115.474729 0.664157 -0.099471 0.740946 0.717008 0.365343 -0.593653 -0.211648 0.925543 0.313967
10.522312 -7.812515 -171.889499 -148.766976 0.745808 -0.164995 0.645405 -0.634227 -0.472239 0.612165 -0.203781 0.865891 0.456844
1.510387 -15.777290 14.464609 -135.007309 0.693769 0.120068 0.710119 -0.594216 -0.461690 0.658597 -0.406931 0.878878 0.248960
1.588618 -15.389383 1.155157 80.009432 0.668709 0.116747 0.734302 0.674172 0.321288 -0.665031 -0.313563 0.939758 0.136140
1.238309 -15.042640 24.527373 -143.872444 0.689244 0.083253 0.719730 -0.633955 -0.411639 0.654717 -0.350776 0.907536 0.230941
0.945739 -15.469091 31.867499 -53.474017 0.703701 0.092458 0.704455 -0.538931 -0.576639 0.614037 -0.462989 0.811751 0.355953
-2.660914 -23.634957 5.281514 -174.528386 0.335377 0.241259 0.910668 0.941399 -0.048964 -0.333723 -0.035923 0.969225 -0.243542
-2.370375 -23.912632 12.199611 -30.279282 0.325066 0.234046 0.916272 0.925020 -0.280163 -0.256607 0.196648 0.930984 -0.307568
-2.567842 -23.604647 -22.284173 -230.328488 0.312701 0.295950 0.902569 0.948596 -0.048452 -0.312760 -0.048830 0.953974 -0.295888
-2.803910 -21.929361 -23.006885 -202.956010 0.318355 0.293724 0.901319 0.912076 0.164256 -0.375683 -0.258394 0.941672 -0.215607
-2.149028 -21.819617 -43.632988 -228.773485 0.278475 0.348707 0.894905 0.929673 0.136097 -0.342325 -0.241165 0.927298 -0.286284
-1.860869 -23.129059 -52.516460 -205.082943 0.279423 0.354521 0.892322 0.959396 -0.065815 -0.274278 -0.038509 0.932729 -0.358516
1.950141 -17.290979 51.621281 513.737203 -0.221810 -0.287510 -0.931739 -0.514986 0.845946 -0.138438 0.828003 0.449125 -0.335703
2.679307 -18.674605 31.405534 531.282071 -0.189857 -0.249154 -0.949672 -0.504728 0.854433 -0.123263 0.842143 0.455924 -0.287975
2.205649 -12.944203 44.747378 88.856999 -0.187928 -0.330937 -0.924750 -0.600149 0.784006 -0.158607 0.777498 0.525182 -0.345949
1.196940 -12.127054 49.114036 53.269036 -0.209622 -0.361649 -0.908443 -0.589795 0.787798 -0.177526 0.779872 0.498582 -0.378438
1.343520 -12.821129 70.748483 -264.984271 -0.206123 -0.391048 -0.896992 -0.659271 0.732894 -0.168013 0.723101 0.556730 -0.408873
2.558679 -12.924583 71.557181 -147.648199 -0.181236 -0.375820 -0.908797 -0.698125 0.700030 -0.150264 0.692658 0.607221 -0.389240
3.804662 -8.791900 -184.706391 -31.156743 -0.463815 -0.507448 -0.726203 0.746869 -0.664855 -0.012434 -0.476510 -0.548146 0.687367
3.616992 -8.445859 176.476877 50.433690 0.466509 0.516414 0.718113 -0.688368 0.721792 -0.071874 -0.555445 -0.460796 0.692205
2.218088 -8.932860 -113.027715 -23.648458 -0.492083 -0.502413 -0.710940 0.735800 -0.676478 -0.031230 -0.465245 -0.538477 0.702559
2.242680 -8.989862 -111.415903 8.810228 -0.490341 -0.494966 -0.717338 0.788555 -0.602474 -0.123313 -0.371142 -0.626126 0.685726
1.067985 -9.104765 -58.337035 15.367722 -0.518967 -0.480747 -0.706793 0.774511 -0.614310 -0.150848 -0.361670 -0.625704 0.691151
1.037026 -9.123404 -78.299111 -12.953022 -0.516985 -0.491480 -0.700838 0.726205 -0.685264 -0.055139 -0.453159 -0.537458 0.711186
5.310885 -7.713184 -604.260300 -30.573749 -0.249918 -0.648956 -0.718608 0.959653 -0.067235 -0.273030 0.128869 -0.757849 0.639576
6.282132 -7.435442 -387.102296 250.277698 -0.091827 -0.644271 -0.759264 0.992689 0.000756 -0.120700 0.078337 -0.764797 0.639491
3.999143 -9.046221 -145.281982 -97.464252 -0.364843 -0.645384 -0.671095 0.923505 -0.159149 -0.349014 0.118444 -0.747095 0.654080
3.183592 -13.683359 611.013659 -486.322153 -0.628164 -0.567534 -0.532273 0.762663 -0.313601 -0.565685 0.154124 -0.761288 0.629830
1.117255 -13.253151 146.909631 -565.508008 -0.638832 -0.569200 -0.517595 0.746447 -0.295651 -0.596161 0.186308 -0.767204 0.613749
1.384543 -10.517357 -318.634339 -357.865244 -0.502135 -0.618581 -0.604333 0.845290 -0.203517 -0.494029 0.182605 -0.758906 0.625073
3.820500 -8.497866 -102.454421 -14.536576 -0.345277 -0.462936 -0.816379 0.938491 -0.166264 -0.302641 0.004369 -0.870659 0.491868
4.478658 -8.495431 -112.187487 -3.843114 -0.363635 -0.464406 -0.807525 0.925883 -0.275587 -0.258442 -0.102521 -0.841652 0.530199
2.875459 -8.433766 -141.519200 -14.929877 -0.392116 -0.491447 -0.777640 0.919779 -0.194897 -0.340619 0.015836 -0.848820 0.528445
4.957099 -8.571745 -24.403761 -3.136036 -0.317976 -0.424974 -0.847519 0.941421 -0.247431 -0.229137 -0.112325 -0.870732 0.478757
2.319962 -8.431058 -118.546696 -7.699181 -0.371429 -0.487101 -0.790426 0.920472 -0.081744 -0.382164 0.121540 -0.869512 0.478724
3.109882 -8.537966 -93.372923 -8.900538 -0.325029 -0.460050 -0.826263 0.938864 -0.052077 -0.340327 0.113539 -0.886364 0.448851
4.219854 -8.600409 -32.598422 -12.879962 -0.300004 -0.425395 -0.853836 0.953936 -0.135460 -0.267687 -0.001788 -0.894813 0.446438
1.552681 -26.797536 40.292152 311.752253 -0.644101 0.084898 -0.760214 -0.239238 0.921608 0.305619 0.726567 0.378722 -0.573298
1.332602 -24.873981 30.856881 290.820771 -0.650556 0.111556 -0.751220 -0.336015 0.844791 0.416440 0.681080 0.523339 -0.512100
1.247611 -28.554319 50.003150 520.985326 -0.663581 0.087484 -0.742972 -0.271269 0.897409 0.347951 0.697190 0.432439 -0.571772
1.553377 -23.852267 -13.528519 316.045790 -0.625057 0.103372 -0.773704 -0.321069 0.869415 0.375544 0.711490 0.483148 -0.510244
1.374165 -31.214286 77.689770 509.229589 -0.665344 0.066664 -0.743555 -0.158201 0.960794 0.227702 0.729582 0.269131 -0.628712
2.493952 -24.178695 -29.628805 337.272093 0.240737 0.195848 0.950626 0.737905 0.599321 -0.310339 -0.630509 0.776182 -0.000238
3.166785 -24.010214 4.951732 -76.299736 0.255286 0.194776 0.947044 0.814903 0.483803 -0.319168 -0.520349 0.853228 -0.035216
3.212572 -23.933228 31.978670 73.107672 0.237002 0.156801 0.958772 0.761745 0.582524 -0.283567 -0.602971 0.797546 0.018617
2.587176 -24.397862 -18.843418 327.437895 0.218086 0.163042 0.962214 0.669183 0.692684 -0.269042 -0.710375 0.702572 0.041960
3.495935 -4.846717 55.072849 101.532175 -0.226704 0.056019 -0.972351 0.699486 0.704065 -0.122523 0.677735 -0.707923 -0.198799
4.304079 -3.963915 37.346263 62.051403 -0.210123 0.043310 -0.976715 0.663243 0.740297 -0.109858 0.718302 -0.670883 -0.184279
2.711182 -4.682373 -62.759363 119.267161 -0.267480 0.015491 -0.963439 0.662650 0.728851 -0.172252 0.699535 -0.684497 -0.205218
5.120309 -4.263648 182.299768 48.208329 -0.186974 0.057205 -0.980698 0.688532 0.719688 -0.089291 0.700689 -0.691937 -0.173951
1.595307 -6.148065 -14.468432 148.856360 -0.320838 0.002802 -0.947130 0.697398 0.677325 -0.234238 0.640859 -0.735678 -0.219266
2.483426 -6.225011 109.867169 94.663426 -0.273468 0.051369 -0.960508 0.743500 0.644833 -0.177197 0.610265 -0.762596 -0.214534
4.519983 -5.068934 205.323414 56.155715 -0.202237 0.073604 -0.976567 0.731045 0.674883 -0.100526 0.651669 -0.734245 -0.190294
1.466256 -44.368917 -2.428268 578.592420 0.702906 0.017603 0.711065 0.534462 -0.672709 -0.511676 -0.469333 -0.739698 0.482260
0.887914 -44.179192 -51.647688 1874.836672 0.686761 0.021822 0.726556 0.638830 -0.494981 -0.588973 -0.346779 -0.868630 0.353874
0.603491 -48.948977 -72.223226 -94.322948 0.682338 0.025797 0.730582 0.487249 -0.761073 -0.428200 -0.544980 -0.648153 0.531878
1.177724 -55.970028 -26.725490 1073.529905 0.672569 0.060803 0.737532 -0.323822 0.920322 0.219426 -0.665425 -0.386408 0.638670
3.156664 -52.071817 148.354531 965.769539 0.717813 -0.000638 0.696235 -0.242422 0.937194 0.250794 -0.652668 -0.348807 0.672576
14.859779 -34.773651 -90.187359 -3528.755555 0.332817 -0.145654 0.931675 0.938675 0.145594 -0.312556 -0.090121 0.978564 0.185178
13.899813 -49.691293 481.511050 -5661.653740 0.238886 -0.197046 0.950845 0.970320 0.010530 -0.241597 0.037593 0.980338 0.193713
13.328508 -28.221787 478.710934 -2828.442091 0.270942 -0.222986 0.936412 0.956686 0.170011 -0.236324 -0.106503 0.959882 0.259391
7.393532 -106.720057 202.162187 -8929.213527 0.626863 0.082383 0.774762 0.714243 -0.458056 -0.529190 0.311288 0.885098 -0.345980
9.336759 -147.881719 484.964366 9547.561896 0.631648 0.142114 0.762118 -0.572349 0.748557 0.334781 0.522912 0.647662 -0.554164
10.234410 -97.873255 16.024265 -2569.962651 0.586645 0.058514 0.807728 0.595287 -0.707383 -0.381106 0.549073 0.704404 -0.449815
-948.454604 -79428.506100 -766971.853529 40586628.459894 0.929718 -0.271886 -0.248402 -0.127562 -0.870497 0.475356 0.345475 0.410260 0.843998
-147.125904 -1136.283034 -12001.002326 107978.965285 0.401315 -0.362916 0.840975 0.821503 -0.263431 -0.505704 0.405067 0.893810 0.192418
-121.874378 -1378.068747 -7867.713828 -50584.920973 0.737436 0.283278 0.613141 0.132311 0.829619 -0.542427 -0.662331 0.481130 0.574310
1.713204 -9.053560 -62.036232 13.865409 0.434508 0.203799 0.877308 -0.234919 0.965991 -0.108050 -0.869492 -0.159148 0.467607
2.837597 -8.740175 -102.113886 -45.817828 0.412028 0.265847 0.871527 -0.371041 0.922547 -0.105994 -0.832203 -0.279699 0.478755
1.894162 -9.197435 -111.200994 -14.211647 0.416068 0.207209 0.885411 -0.331609 0.941214 -0.064440 -0.846713 -0.266798 0.460321
0.658172 -9.184223 -70.618134 54.461331 0.438087 0.169536 0.882801 -0.198113 0.976117 -0.089144 -0.876830 -0.135841 0.461212
0.808981 -8.682947 -35.813240 74.905028 0.446009 0.182010 0.876327 -0.113860 0.982688 -0.146151 -0.887757 -0.034594 0.459012
11.884482 -13.133345 -445.891443 -176.771153 0.033425 0.985824 0.164422 0.671325 -0.144022 0.727036 -0.740409 -0.086080 0.666622
14.164954 -10.965374 -976.228097 -36.522492 -0.184450 0.973460 -0.135477 0.608557 0.221358 0.762009 -0.771775 -0.058107 0.633236
23.380635 -10.844821 -2129.536271 290.111171 -0.229125 0.970177 -0.079109 0.709798 0.222139 0.668461 -0.666099 -0.097010 0.739528
0.020352 -18.060387 87.118229 -195.210596 -0.278693 0.720088 -0.635456 0.820473 -0.165380 -0.547242 -0.499154 -0.673886 -0.544722
-1.296333 -15.306479 33.410889 195.630687 -0.320832 0.722487 -0.612437 -0.676640 0.277621 0.681972 -0.662741 -0.633198 -0.399794
-0.667876 -15.154383 39.315516 196.434289 -0.264120 0.720901 -0.640736 -0.702360 0.311531 0.640030 -0.661007 -0.619072 -0.424051
-1.987457 -7.797599 52.819596 -2.081265 0.846576 -0.221777 0.483863 -0.090428 0.835917 0.541355 -0.524530 -0.502053 0.687612
-1.742996 -8.204236 -5.761480 -92.949389 0.837813 -0.203412 0.506648 -0.082633 0.870064 0.485963 -0.539667 -0.449012 0.712143
-2.435172 -7.743085 53.321651 5.481174 0.839869 -0.223668 0.494563 -0.078691 0.851351 0.518661 -0.537054 -0.474525 0.697423
-2.681560 -7.088337 71.621149 80.114996 0.827788 -0.165915 0.535947 -0.162911 0.843030 0.512601 -0.536868 -0.511637 0.670820
-2.036018 -6.622450 62.582362 8.213837 0.839537 -0.167088 0.516971 0.181725 -0.810367 -0.557029 -0.512009 -0.561593 0.649969
-171.083044 -356.975992 -17905.248330 8523.195629 0.912637 -0.114477 -0.392414 -0.347644 0.287623 -0.892422 -0.215029 -0.950878 -0.222698
-65.929342 -388.810289 -12647.192979 -26964.940526 0.895534 -0.331057 -0.297354 -0.204612 0.287048 -0.935808 -0.395161 -0.898891 -0.189323
-180.881406 -473.893531 -18719.427928 56707.264095 0.942140 -0.334189 -0.026257 0.190287 0.597649 -0.778849 -0.275975 -0.728789 -0.626661
-97.545866 -39777.294435 -252500.515630 11954997.902385 0.891072 0.170531 -0.420606 -0.452477 0.261462 -0.852585 0.035420 -0.950030 -0.310143
-416.684838 -2119.616633 -28074.813516 117607.025065 0.848363 -0.529195 -0.015245 0.478532 0.778827 -0.405507 -0.226465 -0.336722 -0.913965
-315.273262 -798.525064 -28296.827733 113729.728075 0.878042 -0.468104 0.099602 0.467605 0.794797 -0.386838 -0.101917 -0.386235 -0.916753
-469.217464 -1601.807851 81044.885546 -210239.334584 -0.427323 0.608604 -0.668578 0.903008 0.250994 -0.348682 -0.044400 -0.752731 -0.656830
-4.010727 -126.525783 -13.989800 1894.496747 0.894635 -0.356927 -0.268758 -0.439972 -0.599029 -0.669021 -0.077798 -0.716776 0.692950
-2.770612 -119.595775 -50.111678 5537.076303 0.875829 -0.416326 -0.244122 -0.454118 -0.539647 -0.708913 -0.163400 -0.731747 0.661700
-3.314377 -278.854977 -50.902263 20988.329043 0.875769 -0.385168 -0.290989 -0.358549 -0.115397 -0.926351 -0.323222 -0.915603 0.239162
-1.339983 -8.027120 -78.466603 604.945484 0.904309 -0.104077 -0.413997 -0.073466 0.917409 -0.391106 0.420509 0.384095 0.821975
0.685272 -4.431326 -8.497250 56.311435 0.892138 -0.013915 -0.451548 -0.171568 0.914204 -0.367145 0.417916 0.405015 0.813209
-0.083362 -9.001862 -74.974829 637.522962 0.904046 -0.250323 -0.346466 0.069086 0.885488 -0.459498 0.421815 0.391472 0.817816
-1.964869 -27.884447 -138.926941 2408.681798 0.898202 -0.290422 -0.329983 0.127587 0.890594 -0.436536 0.420661 0.349995 0.836987
15.131139 -12.300550 2797.012314 449.451299 0.786704 0.573461 0.228559 0.068635 -0.449193 0.890794 -0.613503 0.685104 0.392742
8.339934 -13.656455 1894.766735 306.920518 0.762219 0.433186 0.481011 -0.206926 -0.541038 0.815144 -0.613354 0.720852 0.322752
6.188331 -10.255059 1649.326292 221.771739 0.765232 0.521949 0.376815 -0.060561 -0.524376 0.849331 -0.640900 0.672755 0.369659
-1.629885 -3.070375 238.172302 71.951112 0.684627 0.208690 0.698380 -0.605696 -0.370128 0.704370 -0.405485 0.905237 0.126997
-0.499072 -2.712500 264.005899 162.314526 0.896087 0.400744 0.190870 -0.124560 -0.185704 0.974679 -0.426042 0.897172 0.116491
0.030203 -4.765966 465.272433 218.719969 0.919103 0.358167 0.164213 -0.122148 -0.137230 0.982979 -0.374606 0.923517 0.082379
-1.474655 -4.742684 449.799371 217.374261 0.902959 0.357171 0.238943 -0.185546 -0.177484 0.966474 -0.387605 0.917021 0.093989
-3.701765 -4.950679 391.385001 107.255482 0.592501 0.194446 0.781750 0.679391 0.400835 -0.614621 -0.432864 0.895277 0.105390
-9.351350 -13.705296 -181.192970 119.790647 -0.393197 0.501061 -0.770930 -0.032339 0.830410 0.556213 0.918885 0.243633 -0.310311
-6.747540 -12.162295 -527.161321 120.033081 -0.260824 0.230791 -0.937393 -0.211352 0.933796 0.288712 0.941967 0.273423 -0.194779
-9.291339 -13.760922 -288.188335 43.542843 -0.335776 0.559411 -0.757835 0.063562 0.816168 0.574308 0.939795 0.144669 -0.309607
-7.109134 -11.794678 -505.485577 225.697450 -0.270803 0.135133 -0.953103 -0.357648 0.905104 0.229946 0.893730 0.403145 -0.196775
-9.715616 -14.010242 -57.787618 -119.354771 -0.402077 0.649901 -0.644952 0.203891 0.750265 0.628913 0.892616 0.121372 -0.434173
-9.948674 -14.407877 179.120045 -15.296105 -0.512313 0.537919 -0.669461 0.061330 0.800458 0.596243 0.856606 0.264404 -0.443076
-10.083911 -13.816719 -17.266125 238.697826 -0.453356 0.449651 -0.769599 -0.120984 0.824394 0.552936 0.883081 0.343786 -0.319343
37.061927 -6.719893 -4566.694389 1000.716958 -0.172114 0.065453 0.982900 0.956678 0.248966 0.150943 -0.234829 0.966298 -0.105468
76.732462 -0.174742 -9134.239417 1160.540580 -0.501272 -0.168710 0.848683 0.844005 0.120874 0.522537 -0.190741 0.978226 0.081801
19.524671 -11.567723 -2296.182262 719.186739 -0.022177 0.024396 0.999456 0.937875 0.346754 0.012347 -0.346264 0.937639 -0.030570
8.483325 -13.965005 -1120.973283 205.596807 0.289211 0.202469 0.935609 0.880434 0.327390 -0.343004 -0.375757 0.922942 -0.083575
5.777697 -16.658696 -712.300238 -385.718561 0.261529 0.132090 0.956114 0.838681 0.459190 -0.292846 -0.477720 0.878463 0.009310
-1.434299 -10.245989 441.691274 33.955545 0.479626 0.301420 0.824078 0.875297 -0.098241 -0.473503 -0.061765 0.948417 -0.310951
-4.700050 -10.245526 240.501150 36.031261 0.485458 0.350242 0.801037 0.869521 -0.098155 -0.484045 -0.090907 0.931502 -0.352193
-2.062630 -10.627735 409.893575 21.091459 0.483873 0.305808 0.819968 0.855110 0.034091 -0.517325 -0.186156 0.951483 -0.245004
2.013349 -10.503635 514.915843 8.286499 0.475980 0.288593 0.830757 0.862432 0.031794 -0.505173 -0.172202 0.956924 -0.233758
1.739825 -10.695823 509.317340 7.221268 0.471442 0.282796 0.835326 0.833530 0.166488 -0.526792 -0.288047 0.944621 -0.157229
-2.367126 -10.884633 385.385812 16.536771 0.474584 0.307764 0.824652 0.826011 0.167956 -0.538048 -0.304098 0.936521 -0.174507
0.824369 -17.850509 41.420837 242.091638 -0.525236 -0.303466 -0.795006 -0.596191 0.797857 0.089331 0.607192 0.520896 -0.599987
-0.085371 -19.489490 70.323283 417.549839 -0.528986 -0.333802 -0.780224 -0.620320 0.779500 0.087080 0.579117 0.530053 -0.619409
0.486422 -20.702341 67.343666 238.324580 -0.531913 -0.337562 -0.776609 -0.435813 0.895453 -0.090723 0.726041 0.290200 -0.623417
0.483278 -15.318354 -30.292384 -250.619785 0.526387 0.284962 0.801070 0.716927 -0.655263 -0.238002 0.457090 0.699591 -0.549219
1.305666 -18.654960 31.582983 115.611859 -0.518382 -0.305368 -0.798768 -0.426557 0.901903 -0.067971 0.741168 0.305486 -0.597787
1.446466 -16.710270 7.942098 72.890466 -0.510460 -0.274161 -0.815026 -0.581454 0.808331 0.092262 0.633516 0.520996 -0.572032
1.006174 -15.275299 -16.481138 -129.684356 0.507515 0.275303 0.816478 0.713885 -0.664962 -0.219530 0.482490 0.694286 -0.534013
1.025174 -24.212218 -3.568529 166.331091 0.423860 0.350532 0.835147 -0.357827 0.911870 -0.201127 -0.832047 -0.213588 0.511935
1.051780 -27.320322 -5.062984 198.890653 0.402834 0.381045 0.832184 -0.529361 0.838717 -0.127790 -0.746661 -0.389047 0.539574
0.818248 -28.729366 -9.530875 192.361125 0.404620 0.332023 0.852082 -0.356129 0.915414 -0.187590 -0.842292 -0.227548 0.488637
0.865409 -24.267980 -4.834689 45.593959 0.430503 0.309212 0.847971 -0.189818 0.949493 -0.249864 -0.882404 -0.053393 0.467453
0.898674 -21.460541 2.112566 -11.505577 0.450289 0.325720 0.831352 -0.198392 0.944311 -0.262520 -0.870563 -0.046724 0.489833
2.505494 -2.321045 92.503245 47.787601 -0.455795 -0.462448 -0.760522 -0.293261 0.884752 -0.362232 0.840387 0.057928 -0.538883
2.628428 -2.014289 78.981269 6.700216 -0.408353 -0.576414 -0.707810 -0.373667 0.813018 -0.446514 0.832839 0.082150 -0.547385
1.886521 -1.468361 24.114766 2.709771 -0.390637 -0.636408 -0.665123 -0.401666 0.767960 -0.498901 0.828292 0.072268 -0.555617
-1.008271 -6.355979 22.734792 -6.227406 0.043749 0.997193 -0.060759 -0.860410 0.006701 -0.509558 0.507721 -0.074570 -0.858288
3.163230 -4.104658 -414.684544 185.233488 0.450193 0.890507 0.065747 -0.798287 0.434374 -0.417202 0.400080 -0.135337 -0.906432
-0.151662 -5.536733 144.290611 -47.416350 -0.089502 0.992794 -0.079681 -0.880146 -0.116285 -0.460241 0.466190 -0.028938 -0.884211
1.140405 -20.161006 16.882392 -105.591600 0.369789 0.505834 0.779351 0.835499 0.185903 -0.517090 -0.406445 0.842361 -0.353879
1.388270 -21.784718 22.678177 -98.280771 0.378323 0.507875 0.773909 0.888114 0.036590 -0.458164 -0.261008 0.860653 -0.437208
0.732186 -20.885619 -2.620934 -175.488574 0.356126 0.500590 0.789040 0.828998 0.220402 -0.513990 -0.431204 0.837158 -0.336497
2.212280 -21.275792 71.959621 -267.154282 0.397979 0.512725 0.760740 0.875115 0.036662 -0.482524 -0.275292 0.857770 -0.434103
0.603579 -20.147043 -13.961409 -25.840091 0.346485 0.503809 0.791280 0.754797 0.351124 -0.554070 -0.556983 0.789233 -0.258615
0.740409 -20.171195 13.905310 92.699089 0.369871 0.509261 0.777077 0.763934 0.309318 -0.566327 -0.528772 0.803104 -0.274635
1.699145 -19.544009 79.243840 -193.234615 0.411088 0.506782 0.757745 0.816917 0.164076 -0.552924 -0.404540 0.846316 -0.346550
-0.440314 -26.031952 -11.508056 -220.800055 0.392056 0.689581 0.608909 0.758685 -0.616708 0.209922 -0.520278 -0.379670 0.764959
-0.637701 -26.552960 -36.534913 -171.171259 0.400408 0.683781 0.610014 0.725202 -0.643400 0.245189 -0.560139 -0.344208 0.753502
-0.411369 -24.095743 -23.923104 373.138178 0.405874 0.669903 0.621688 -0.614633 0.703506 -0.356799 -0.676382 -0.237295 0.697279
-0.368108 -23.567091 -3.137016 361.548847 0.403085 0.671664 0.621603 -0.653804 0.686620 -0.317952 -0.640362 -0.278245 0.715902
-0.690221 -25.989306 34.956912 -347.790189 0.391535 0.691565 0.606991 0.785927 -0.594411 0.170275 -0.478558 -0.410382 0.776253
6.582939 -22.352996 736.338767 -687.145600 0.052315 0.748236 0.661367 -0.348899 0.634234 -0.689940 0.935699 0.194656 -0.294238
7.680565 -27.045544 492.186717 -717.618734 0.111315 0.747072 0.655357 -0.508806 0.609311 -0.608159 0.853654 0.265752 -0.447940
8.768170 -21.843836 600.567268 -900.424930 0.104606 0.764066 0.636601 -0.306008 0.633786 -0.710404 0.946265 0.120492 -0.300108
7.048771 -17.604802 746.817032 -553.572975 0.058922 0.740789 0.669149 -0.170166 0.667956 -0.724485 0.983652 0.071179 -0.165415
4.086090 -19.400297 672.242063 -366.707591 0.029545 0.714326 0.699189 -0.209141 0.688430 -0.694496 0.977439 0.125710 -0.169735
3.140463 -4.472169 -211.801468 -90.280521 -0.013190 0.458327 0.888686 0.907155 -0.368351 0.203436 0.420589 0.808859 -0.410916
4.329683 -3.722518 -300.891235 -162.634517 0.031279 0.443604 0.895677 0.924869 -0.352636 0.142353 0.378996 0.823931 -0.421306
1.443074 -4.265776 -187.835305 -147.490634 -0.059033 0.493480 0.867752 0.917564 -0.315553 0.241873 0.393181 0.810496 -0.434171
-6.479060 -9.937750 -117.545554 267.509709 0.159211 0.688540 0.707505 -0.720828 -0.408607 0.559863 -0.674580 0.599126 -0.431265
-6.117049 -11.239734 -80.532697 328.108072 0.099712 0.688447 0.718399 -0.772303 -0.401687 0.492133 -0.627379 0.603894 -0.491637
-5.548996 -8.813555 -94.134737 247.872369 0.229744 0.769563 0.595811 -0.679605 -0.311364 0.664221 -0.696674 0.557516 -0.451465
-5.461836 -8.760311 -146.883163 -69.051182 0.403026 0.821481 0.403410 -0.554060 -0.131825 0.821973 -0.728415 0.554789 -0.402021
-4.382420 -7.612893 -134.712530 72.291543 0.376909 0.848518 0.371425 -0.575320 -0.099805 0.811817 -0.725911 0.519669 -0.450552
-4.679277 -8.637411 -90.841793 324.401401 0.234392 0.816324 0.527898 -0.680142 -0.250290 0.689030 -0.694599 0.520549 -0.496550
1.010001 -12.270634 -187.815811 -706.308678 0.293734 0.674992 0.676836 -0.643803 -0.383689 0.662042 -0.706567 0.630213 -0.321860
2.031951 -14.995715 -340.588954 -1042.254192 0.293622 0.687243 0.664442 -0.587623 -0.418479 0.692514 -0.753980 0.593778 -0.280965
0.269369 -19.282565 -224.621454 -1299.522554 0.322527 0.715560 0.619637 -0.556985 -0.385822 0.735465 -0.765339 0.582336 -0.274119
-12.108408 -72.334992 277.931640 -4524.385668 0.929841 0.186832 0.317000 0.364098 -0.591679 -0.719269 -0.053180 -0.784225 0.618193
-12.014116 -128.489876 817.838197 -10254.298907 0.838051 0.375829 0.395504 0.544348 -0.527037 -0.652624 0.036829 -0.762223 0.646265
-10.722714 -45.200963 113.788418 -2763.648779 0.958792 0.169978 0.227653 0.270553 -0.790818 -0.549006 -0.086713 -0.587975 0.804218
-10.486676 -40.137033 -29.324571 -2623.843438 0.964460 0.065022 0.256105 0.197902 -0.819983 -0.537088 -0.175079 -0.568683 0.803708
-10.346440 -50.430328 -156.717766 -2555.980503 0.953107 0.036925 0.300374 0.248118 -0.663626 -0.705718 -0.173278 -0.747153 0.641668
-10.003987 -70.202419 -110.185278 -3190.959080 0.934494 0.079736 0.346935 0.350567 -0.375455 -0.857984 -0.061846 -0.923404 0.378813
16.010614 -19.549430 -782.971762 -672.403692 -0.578849 -0.577112 -0.576087 0.815406 -0.403745 -0.414852 0.006824 -0.709882 0.704288
16.410240 -15.099365 -343.884130 -514.975909 -0.554163 -0.501670 -0.664252 0.829338 -0.401222 -0.388870 -0.071428 -0.766386 0.638397
16.618550 -19.508278 -845.146514 498.649021 -0.502741 -0.613144 -0.609349 0.861634 -0.412164 -0.296155 -0.069566 -0.673925 0.735518
11.505802 -23.117989 -676.257659 212.416358 -0.548013 -0.652069 -0.523916 0.836446 -0.431928 -0.337337 -0.006327 -0.623092 0.782123
11.695217 -23.713919 -647.611496 -544.759236 -0.598556 -0.624267 -0.502017 0.796244 -0.394863 -0.458344 0.087901 -0.674072 0.733417
-5.726257 -229.746284 54.763984 25064.828758 0.583021 0.281763 0.762035 0.743581 0.192886 -0.640221 -0.327376 0.939896 -0.097057
-9.606696 -253.372799 839.257571 19037.280341 0.545992 0.234529 0.804294 0.836280 -0.210197 -0.506412 0.050292 0.949112 -0.310898
-10.303679 -195.250394 37.526990 19756.239785 0.586572 0.286263 0.757619 0.809328 -0.172130 -0.561569 -0.030347 0.942563 -0.332647
8.566956 -3.827186 -118.894507 31.943094 0.022141 0.298608 0.954119 0.935235 -0.343476 0.085794 0.353336 0.890426 -0.286873
8.290030 -3.281303 -371.964284 -79.384414 0.075520 0.351307 0.933210 0.931227 -0.359473 0.059964 0.356529 0.864502 -0.354294
7.709254 -4.616634 2.231663 -108.517436 0.140331 0.208969 0.967801 0.913092 -0.405274 -0.044891 0.382844 0.889991 -0.247681
7.269867 -4.195637 -280.704175 -138.055853 0.158183 0.277147 0.947717 0.909209 -0.415235 -0.030325 0.385121 0.866470 -0.317667
5.796877 -6.215837 -13.512622 -238.042442 0.283712 0.123292 0.950950 0.859632 -0.472132 -0.195255 0.424901 0.872863 -0.239936
-0.540326 -18.913664 80.359044 -55.965092 0.298437 0.395332 0.868705 0.895383 0.199203 -0.398255 -0.330492 0.896678 -0.294524
0.320927 -19.797803 57.323284 -77.605234 0.304451 0.392771 0.867779 0.886832 0.215594 -0.408716 -0.347620 0.894008 -0.282684
-0.271502 -19.755815 63.184931 -14.677315 0.269283 0.393462 0.879019 0.944258 0.071610 -0.321323 -0.189374 0.916548 -0.352247
9.824579 1.017603 -833.636835 4.155509 -0.217955 0.882349 -0.417081 0.434410 0.470395 0.768125 -0.873947 0.013767 0.485826
8.651180 1.249668 -748.266411 -4.957877 -0.212914 0.868817 -0.447017 0.410035 0.494723 0.766238 -0.886870 0.020150 0.461579
3.364714 0.666808 -656.344437 -10.238468 -0.321163 0.761136 -0.563495 0.384017 0.648570 0.657182 -0.865671 0.005329 0.500586
-3.779392 -12.931403 289.472576 -86.822432 -0.181199 0.940856 -0.286282 -0.176408 -0.317475 -0.931713 0.967495 0.118323 -0.223501
-0.282296 -12.700864 402.165819 48.320400 -0.196091 0.941462 -0.274221 -0.082431 -0.294487 -0.952094 0.977115 0.164093 -0.135352
-6.430220 -12.795936 347.129415 -132.603721 -0.176844 0.909833 -0.375406 -0.127362 -0.399365 -0.907902 0.975964 0.112745 -0.186504
-337.328618 -597.348634 -33925.870635 93295.418766 -0.196715 0.558757 -0.805664 -0.196254 0.782650 0.590714 0.960618 0.274317 -0.044300
-236.130000 -383.935325 -5333.671616 9844.982210 -0.257065 0.858264 -0.444186 -0.340657 -0.510606 -0.789452 0.904362 0.051625 -0.423633
-236.109233 -410.294181 11311.492503 31031.028832 -0.240314 0.571954 0.784295 -0.668824 0.488012 -0.560820 0.703508 0.659328 -0.265261
-213.878107 -335.005715 -19404.690451 49715.281322 0.737947 -0.639285 -0.216213 -0.009486 -0.330176 0.943872 0.674792 0.694477 0.249717
-374.400337 -491.821781 -36909.447699 -26961.766175 0.596908 -0.356498 -0.718756 -0.114101 0.849033 -0.515872 0.794155 0.389939 0.466117
-6.192537 -13.702893 -385.754007 746.504652 -0.250694 0.964380 -0.084396 -0.948919 -0.227547 0.218577 -0.191588 -0.134881 -0.972163
5.928501 -137.355403 742.721763 -10003.186446 -0.885940 0.303108 0.351050 0.320167 0.947309 -0.009937 -0.335565 0.103591 -0.936304
-6.902180 -11.399886 517.156742 -1004.100856 -0.882358 0.435835 0.177462 0.387557 0.886936 -0.251286 -0.266916 -0.152948 -0.951505
9.588395 -15.567238 -1507.304677 -703.616814 -0.751726 0.646807 -0.128643 0.650198 0.759518 0.019359 0.110228 -0.069091 -0.991502
-1.488943 -6.333767 83.443432 211.583669 0.163440 0.976939 -0.137398 -0.965765 0.186877 0.179932 -0.201459 -0.103287 -0.974036
-10.718916 -40.112027 154.448102 -2555.098062 -0.949354 0.212602 0.231358 0.171953 0.967814 -0.183760 -0.262980 -0.134671 -0.955356
-26.575349 -110.404755 1809.759995 -7466.996008 -0.968342 -0.025693 0.248300 -0.072936 0.980405 -0.182994 -0.238733 -0.195311 -0.951241
-4.011731 -7.578141 -380.521485 -242.675110 0.554138 0.807480 -0.202252 -0.806029 0.581188 0.111969 -0.207959 -0.100975 -0.972912
9.935407 -60.333961 6622.084897 -4129.643877 0.950364 -0.267110 0.159561 0.305112 0.900527 -0.309771 0.060946 -0.343079 -0.937327
3.101231 -16.570474 95.750019 -422.621921 -0.781539 -0.600233 0.170049 -0.515871 0.775070 0.364888 -0.350818 0.197451 -0.915391
-0.207453 -27.169319 19.732012 -1343.620684 -0.885873 -0.372731 0.276225 -0.321270 0.922412 0.214341 -0.334685 0.101136 -0.936887
3.611676 -13.132303 -10.761309 -227.567248 -0.770141 -0.628651 0.108078 -0.585053 0.763665 0.273001 -0.254158 0.147018 -0.955923
-2.014694 -39.159230 79.475258 -2078.213999 -0.874290 -0.311295 0.372442 -0.203886 0.931824 0.300225 -0.440509 0.186548 -0.878153
3.710770 -13.900995 -35.406440 -57.472828 -0.796140 -0.601999 0.061307 -0.548233 0.760477 0.348016 -0.256128 0.243459 -0.935482
-0.644942 -27.507042 194.506036 -1047.589733 -0.846140 -0.430775 0.313815 -0.275049 0.857294 0.435195 -0.456503 0.281921 -0.843875
3.636362 -15.784999 62.528415 -195.127716 -0.792545 -0.601216 0.102040 -0.499406 0.735928 0.457169 -0.349952 0.311368 -0.883507
1.711758 -90.083966 -87.815658 2223.643841 0.790335 0.349795 -0.503004 0.607317 -0.338943 0.718529 -0.080848 0.873362 0.480315
1.702149 -88.554498 -61.364415 -6162.625915 0.788548 0.350214 -0.505512 0.517159 0.067170 0.853250 -0.332776 0.934258 0.128150
1.800242 -80.056602 38.989937 1789.448346 0.797118 0.299731 -0.524181 0.603104 -0.352829 0.715386 -0.029477 0.886382 0.462015
2.124126 -85.809829 -34.526138 6623.328668 0.791247 0.312037 -0.525891 0.583163 -0.643805 0.495415 0.183983 0.698676 0.691377
1.693955 -101.607641 -77.323302 8665.665365 0.792449 0.341281 -0.505522 0.584450 -0.661961 0.469283 0.174479 0.667335 0.724031
-12.064595 -15.898455 173.896015 -409.558797 -0.714756 -0.028134 -0.698808 0.104751 0.983613 -0.146742 0.691485 -0.178086 -0.700096
-8.739875 -14.464735 16.872510 -163.558664 -0.717552 -0.440490 -0.539525 -0.225485 0.879815 -0.418428 0.658996 -0.178589 -0.730637
-7.028973 -13.278368 -122.849749 -160.290172 -0.695068 -0.609700 -0.380982 -0.355710 0.752154 -0.554738 0.624781 -0.250062 -0.739674
5.312117 -8.228590 1735.296672 -60.980732 0.818951 0.551182 0.159743 0.158667 0.050031 -0.986064 0.551492 -0.832884 0.046482
13.633320 -11.015473 2729.351344 -265.926616 0.753211 0.531303 0.387802 0.329714 0.205194 -0.921512 0.569176 -0.821957 0.020623
3.762758 -9.842621 1263.480251 -270.716977 0.694113 0.398074 0.599787 0.478731 0.366984 -0.797584 0.537609 -0.840750 -0.064158
-91.789385 -730.603867 28190.418011 -90006.278294 -0.543204 0.317078 -0.777426 0.610519 -0.486469 -0.624992 -0.576364 -0.814131 0.070669
-24.301211 -263.388258 593.915138 -40261.373008 -0.273048 -0.041727 -0.961095 0.941829 0.191919 -0.275907 0.195966 -0.980523 -0.013103
-77.994852 -766.286499 -2260.668436 -129928.080981 -0.344313 -0.232976 -0.909489 0.781869 -0.607428 -0.140399 -0.519740 -0.759442 0.391302
-10.295205 -62.802961 -2823.200600 -9193.716501 0.713911 0.066693 0.697053 0.688136 -0.251082 -0.680755 -0.129616 -0.965665 0.225144
-4.203747 -125.202209 2425.361119 -19229.218688 -0.507564 0.101734 -0.855587 0.831371 -0.202957 -0.517331 -0.226277 -0.973889 0.018435
-2.083332 -10.188190 -148.131445 -7.112058 0.415853 0.189890 0.889386 -0.576024 0.811775 0.096014 -0.703749 -0.552235 0.446960
-1.689143 -10.018513 -113.091901 6.892162 0.432373 0.167350 0.886029 -0.470444 0.880154 0.063332 -0.769244 -0.444210 0.459284
3.046795 -12.800549 -124.221147 -43.657605 0.687177 0.134675 0.713898 0.312914 0.831975 -0.458152 -0.655647 0.538220 0.529572
4.576224 -12.278682 -127.711512 -50.148834 0.739953 0.102022 0.664877 0.195542 0.913120 -0.357736 -0.643609 0.394720 0.655716
6.760205 -11.896016 -88.176033 -1.061152 0.811245 0.025309 0.584158 -0.313834 -0.824110 0.471541 -0.493345 0.565864 0.660613
1.630434 -16.292170 -5.640425 -92.906184 0.664870 0.148927 0.731962 -0.645544 -0.378435 0.663370 -0.375794 0.913569 0.155471
1.455282 -15.903380 -16.984818 -11.960023 0.635466 0.148135 0.757786 0.720211 0.240085 -0.650889 -0.278352 0.959383 0.045877
1.572441 -14.969042 -10.624591 -27.970959 0.641165 0.118601 0.758183 0.736293 0.183384 -0.651339 -0.216288 0.975861 0.030254
-2.005130 -24.411687 48.668960 -86.192891 0.345649 0.167289 0.923332 0.924912 -0.226753 -0.305157 0.158319 0.959478 -0.233104
-1.789238 -23.107215 47.183374 276.511992 0.329443 0.168955 0.928936 0.856770 -0.466921 -0.218926 0.396751 0.868008 -0.298580
-2.016600 -21.939833 11.147818 350.685247 0.311094 0.239537 0.919697 0.840476 -0.521079 -0.148581 0.443644 0.819206 -0.363430
2.214271 -24.404420 47.356553 732.925736 -0.216504 -0.236168 -0.947286 -0.312384 0.936046 -0.161970 0.924955 0.260850 -0.276433
3.103642 -25.714405 42.414772 689.275702 -0.169214 -0.212270 -0.962449 -0.280619 0.946489 -0.159413 0.944786 0.243106 -0.219726
3.591052 -20.244986 14.905289 595.122738 -0.143219 -0.224278 -0.963944 -0.499210 0.857372 -0.125312 0.854563 0.463263 -0.234754
5.214472 -8.371121 183.721622 48.696677 0.434709 0.495132 0.752245 -0.695775 0.714983 -0.068529 -0.571773 -0.493603 0.655310
4.742548 -7.912066 150.824267 50.100069 0.438428 0.498081 0.748128 -0.632392 0.762437 -0.137004 -0.638640 -0.413044 0.649257
3.317774 -7.963904 151.924886 58.664735 0.463485 0.525598 0.713392 -0.628321 0.762628 -0.153658 -0.624815 -0.377021 0.683711
7.368946 -6.311617 -214.032316 88.212532 -0.066606 -0.588643 -0.805644 0.995225 0.018543 -0.095828 0.071348 -0.808180 0.584598
5.610437 -8.685318 -22.148282 13.156344 -0.334886 -0.425526 -0.840702 0.916324 -0.354961 -0.185344 -0.219548 -0.832424 0.508791
-1.450768 -31.508396 -18.968142 0.647117 0.635396 -0.100337 0.765640 0.712684 0.457876 -0.531443 -0.297245 0.883336 0.362441
-1.490531 -30.439936 -21.154940 215.908205 0.646853 -0.089885 0.757299 -0.608558 -0.659310 0.441551 -0.459606 0.746479 0.481177
-1.614616 -32.172090 -5.209622 -37.786281 0.648181 -0.115884 0.752617 0.689536 0.508697 -0.515527 -0.323112 0.853111 0.409634
-1.269442 -29.878924 -28.375252 -192.628682 0.635609 -0.077182 0.768143 0.637157 0.614279 -0.465502 -0.435926 0.785305 0.439619
-1.473902 -32.383716 -7.449212 52.101606 0.634779 -0.120136 0.763297 0.758723 0.283907 -0.586290 -0.146271 0.951296 0.271368
-1.384419 -31.711658 -11.388429 72.631692 0.625239 -0.104733 0.773374 0.772221 0.226403 -0.593646 -0.112919 0.968387 0.222433
-1.262124 -31.046441 -22.829175 -6.299842 0.627317 -0.086927 0.773897 0.732449 0.403452 -0.548402 -0.264560 0.910862 0.316762
1.180988 -24.728131 -215.397216 86.483318 0.251057 0.253422 0.934210 0.779336 0.519502 -0.350361 -0.574113 0.816024 -0.067077
5.440151 -3.763335 154.746768 6.424177 -0.191276 0.014221 -0.981433 0.650909 0.750243 -0.115987 0.734664 -0.661010 -0.152760
1.412643 -40.716434 -35.065918 1077.690614 0.697284 0.013269 0.716672 0.606316 -0.544215 -0.579837 -0.382330 -0.838841 0.387518
1.447159 -36.706171 -12.908239 1549.947254 0.690066 0.039653 0.722659 0.686155 -0.353457 -0.635814 -0.230217 -0.934610 0.271116
0.748572 -38.423881 104.027089 2431.521340 -0.675353 -0.015583 -0.737330 0.709147 -0.288249 -0.643447 -0.202507 -0.957429 0.205721
19.312012 -53.536260 -848.012236 -4308.619420 0.326957 -0.104103 0.939288 0.936342 -0.098845 -0.336887 0.127915 0.989642 0.065158
23.914916 -71.973018 -393.675895 -8075.423019 0.196984 -0.159406 0.967361 0.923796 -0.300253 -0.237590 0.328326 0.940446 0.088114
11.952408 -47.936551 -892.238464 -4382.302260 0.429496 -0.017869 0.902892 0.903063 0.004863 -0.429481 0.003284 0.999829 0.018225
19.496345 -65.127074 -1445.471067 -4753.118989 0.414869 -0.014831 0.909760 0.885337 -0.224092 -0.407384 0.209912 0.974455 -0.079838
26.703017 -83.044303 -2130.215193 -6613.156428 0.340361 -0.061132 0.938305 0.860055 -0.383117 -0.336938 0.380079 0.921675 -0.077821
187.084713 -169.112178 -18296.609699 15325.495122 0.895941 -0.419970 -0.144622 -0.432909 -0.898499 -0.072724 0.099401 -0.127765 0.986811
52.946363 -28.007737 -9937.392300 1433.011607 0.814079 -0.510892 -0.276162 -0.561182 -0.569601 -0.600524 -0.149501 -0.643851 0.750403
118.481045 -971.259920 -27096.214028 -128312.563469 -0.241786 -0.679387 -0.692801 0.871100 -0.466512 0.153467 -0.427463 -0.566392 0.704610
20.946899 -75.296179 10882.512695 6002.572051 0.809361 -0.114429 -0.576056 -0.515451 -0.608523 -0.603332 0.281505 -0.785242 0.551498
43.639886 -363.492035 -6099.494798 -35258.538349 0.794413 0.035142 0.606361 -0.117578 0.988338 0.096763 -0.595889 -0.148165 0.789280
31.018659 -347.323127 -2214.945744 27032.654342 0.864018 0.017310 0.503163 0.207217 0.898606 -0.386741 -0.458840 0.438415 0.772825
21.511462 -1043.051200 -2761.845727 -53004.555850 0.469444 -0.166670 -0.867089 -0.346475 0.868487 -0.354522 0.812143 0.466853 0.349959
-55.626274 -327.006912 -1427.007707 381551.362798 -0.013186 0.651228 0.758767 0.665371 0.572154 -0.479500 0.746396 -0.498539 0.440853
72.951319 -132.832801 3946.474571 -13661.430606 0.938766 0.062307 -0.338876 0.303361 -0.615804 0.727158 0.163374 0.785432 0.596997
-8875.818089 -40301.755252 1328127.027901 -3613211.291602 0.984923 -0.099143 -0.141768 0.171025 0.434695 0.884190 0.026036 0.895104 -0.445096
3.403675 -8.666545 -153.757565 -45.471280 0.386835 0.277886 0.879283 -0.463802 0.882764 -0.074940 -0.797023 -0.378824 0.470368
