17841
35656
-9.908639 -13.958288 -74.767767 300.381817 0.471421 0.799247 0.372781 -0.723027 0.592298 -0.355550 0.504970 0.101917 -0.857099
-8.326207 -15.124477 -19.079594 442.156878 0.478551 0.840717 0.253347 -0.783312 0.539128 -0.309456 0.396751 0.050359 -0.916544
-9.640478 -12.381030 -24.629220 318.651740 0.225214 0.949498 0.218479 -0.906965 0.286229 -0.309012 0.355941 0.128559 -0.925623
-6.876880 -11.605478 -219.434336 -228.071776 0.308366 0.947228 0.087572 -0.706199 0.289629 -0.646063 0.637333 -0.137381 -0.758244
-10.363914 -12.112349 10.908253 153.775324 0.040187 0.955646 0.291762 -0.879389 0.172465 -0.443769 0.474405 0.238739 -0.847316
-9.928964 -11.697680 -85.011376 -103.159822 0.449688 0.769606 0.453307 -0.572672 0.637903 -0.514905 0.685439 0.028050 -0.727589
-10.751318 -12.944201 49.159563 241.749906 -0.485143 -0.681559 -0.547826 -0.634870 0.705351 -0.315311 0.601313 0.194828 -0.774897
9.193930 -11.034629 -76.569217 -96.715744 0.417852 0.828255 -0.373354 -0.425672 0.541534 0.724944 -0.802622 0.143994 -0.578846
7.693835 -9.644372 6.280682 -10.959979 0.280566 0.893745 -0.350002 -0.408373 0.441149 0.799136 -0.868628 0.081279 -0.488753
7.484646 -9.894498 -62.138241 -56.798512 0.371442 0.828038 -0.419981 -0.519889 0.560272 0.644833 -0.769250 0.021175 -0.638597
10.058106 -12.020599 -38.291713 -71.705168 0.369570 0.871112 -0.323392 -0.319526 0.445947 0.836083 -0.872537 0.205659 -0.443151
9.327154 -11.331747 -110.884333 -75.178009 0.494221 0.777578 -0.388739 -0.524873 0.623363 0.579592 -0.693004 0.082408 -0.716209
10.229502 -12.749918 -140.957814 -159.423660 0.510342 0.783539 -0.354426 -0.419834 0.586689 0.692485 -0.750527 0.204604 -0.628369
10.893390 -13.770671 -112.712611 -102.114758 0.470688 0.821466 -0.321941 -0.297280 0.491211 0.818741 -0.830709 0.289665 -0.475413
-0.667814 -2.299107 26.559335 75.448328 -0.734841 0.657030 -0.168288 0.506242 0.696462 0.508586 0.451363 0.288535 -0.844405
-1.043978 -2.021942 13.266905 9.642051 -0.318388 0.935765 0.151569 -0.825056 -0.194808 -0.530408 0.466810 0.293928 -0.834083
-0.960810 -2.835790 21.630901 -61.775028 -0.633359 0.768323 -0.092396 -0.627684 -0.579883 -0.519374 0.452626 0.270955 -0.849537
-0.487453 -3.483571 26.435472 80.620466 -0.728100 0.664331 -0.168921 0.532094 0.703112 0.471710 0.432141 0.253570 -0.865422
0.017774 -3.234262 23.615994 83.491374 -0.798540 0.553042 -0.237651 0.409233 0.788320 0.459435 0.441432 0.269623 -0.855828
13.643583 -3.770900 390.659068 32.391205 0.629335 0.134721 0.765368 0.658224 -0.615966 -0.432812 0.413132 0.776167 -0.476326
15.296229 -5.099987 581.365054 88.854207 0.572608 0.124805 0.810274 0.707453 -0.574661 -0.411432 0.414284 0.808819 -0.417349
17.691397 -3.724665 348.119212 33.639134 0.646812 0.285066 0.707370 0.707369 -0.570935 -0.416728 0.285067 0.769916 -0.570935
16.604085 -2.703692 113.297911 14.791756 0.681701 0.367085 0.632877 0.697715 -0.586498 -0.411357 0.220178 0.721990 -0.655936
0.625741 -8.431422 -89.129911 6.628420 -0.511817 0.816234 0.267965 -0.473881 -0.528407 0.704431 -0.716575 -0.233556 -0.657245
1.629143 -7.882561 -63.532162 42.894975 -0.461056 0.857844 0.227004 -0.448589 -0.446042 0.774477 -0.765634 -0.255246 -0.590470
0.952694 -7.746333 -75.850211 78.226856 -0.500966 0.821401 0.272641 -0.369019 -0.487677 0.791199 -0.782853 -0.295754 -0.547422
-0.417646 -8.140070 -55.761607 38.304221 -0.517328 0.790901 0.326876 -0.407870 -0.563653 0.718288 -0.752339 -0.238267 -0.614178
7.813942 -6.602930 -187.116745 167.052434 0.231239 -0.909713 -0.344893 0.971771 0.233024 0.036899 0.046801 -0.343690 0.937916
5.368187 -7.746276 -458.952784 -49.508365 0.140561 -0.973775 -0.178899 0.989575 0.132455 0.056539 -0.031360 -0.184981 0.982242
7.969011 -7.154349 -244.625965 -42.633331 0.207859 -0.911344 -0.355312 0.975331 0.220702 0.004491 0.074325 -0.347480 0.934737
9.679117 -7.098348 165.358872 90.713413 0.237837 -0.809103 -0.537388 0.957044 0.289670 -0.012565 0.165832 -0.511315 0.843242
9.910417 -7.245565 124.449677 215.861331 0.244848 -0.808588 -0.535009 0.964198 0.261029 0.046761 0.101843 -0.527304 0.843551
0.211328 -9.103412 39.689849 22.687215 -0.052478 0.967689 0.246624 0.261029 0.251671 -0.931947 0.963903 -0.015469 0.265802
0.301537 -10.510406 50.487210 41.549756 -0.075363 0.968447 0.237550 0.444881 0.245859 -0.861182 0.892413 -0.040780 0.449373
-0.383704 -9.553352 63.966445 22.389587 -0.061935 0.980706 0.185419 0.297073 0.195469 -0.934633 0.952844 0.002804 0.303448
-0.465299 -8.677193 25.623643 17.998544 -0.034829 0.982267 0.184223 0.153002 0.187403 -0.970294 0.987612 0.005608 0.156816
-2.145107 -5.055243 90.944475 -58.167983 0.214351 0.976540 -0.020569 -0.050647 -0.009918 -0.998667 0.975443 -0.215107 -0.047332
-2.502401 -8.265599 72.845485 -287.677351 0.209372 0.977589 0.021984 -0.066618 0.036691 -0.997104 0.975564 -0.207301 -0.072807
-1.576322 -5.141644 30.018792 -60.844333 0.206576 0.977875 -0.032964 -0.053862 -0.022274 -0.998300 0.976947 -0.208001 -0.048069
-2.466482 -7.465985 -39.757721 -258.031456 0.220758 0.968098 0.118539 -0.021141 0.126259 -0.991772 0.975099 -0.216436 -0.048340
-1.946255 -4.329836 44.036648 145.102207 0.205200 0.975139 -0.083645 -0.037051 -0.077663 -0.996291 0.978018 -0.207539 -0.020193
-1.749614 -4.923950 -14.203484 9.845841 0.187784 0.981618 -0.034111 -0.034423 -0.028130 -0.999011 0.981607 -0.188773 -0.028507
4.186523 -18.322616 3.515134 37.910659 0.362210 0.825056 -0.433689 0.449831 -0.562243 -0.693927 0.816368 -0.056260 0.574785
4.247909 -17.723781 73.978988 -154.606923 0.344240 0.811441 -0.472296 0.660123 -0.566890 -0.492821 0.667635 0.142125 0.730797
4.147358 -17.757169 86.342819 -68.615418 0.298374 0.817726 -0.492237 0.535818 -0.570302 -0.622619 0.789855 0.077976 0.608316
3.938967 -17.024798 38.077097 224.747414 0.312264 0.833422 -0.455959 0.235078 -0.532821 -0.812921 0.920451 -0.146660 0.362300
0.979762 -5.092563 6.962457 -12.985733 0.087271 0.955396 0.282138 -0.301780 0.295265 -0.906503 0.949375 0.006033 -0.314088
0.993886 -5.125485 12.766261 -14.030677 0.074716 0.968856 0.236084 -0.392122 0.246219 -0.886350 0.916874 0.026349 -0.398306
1.007965 -5.014275 19.900539 6.045562 0.093235 0.959943 0.264227 -0.310040 0.280180 -0.908501 0.946141 -0.002783 -0.323744
-1.416176 -4.765285 -36.463735 6.676918 0.178268 0.897850 -0.402599 0.957879 -0.251965 -0.137774 -0.225141 -0.361081 -0.904949
-1.439468 -4.856929 -73.238473 0.611881 0.137395 0.897186 -0.419739 0.976034 -0.194827 -0.096951 -0.168759 -0.396359 -0.902452
-0.921775 -4.658252 -14.544799 18.332251 0.240630 0.872636 -0.424975 0.945552 -0.309612 -0.100361 -0.219156 -0.377686 -0.899624
4.800715 -22.895279 192.377007 -399.354853 -0.215622 0.575570 -0.788814 0.754693 -0.414379 -0.508653 -0.619633 -0.704989 -0.345029
7.450109 -25.098313 167.200812 -742.594938 -0.225228 0.537970 -0.812318 0.714872 -0.475235 -0.512942 -0.661989 -0.696232 -0.277544
6.668420 -23.373579 244.470390 159.496128 -0.232858 0.560985 -0.794401 0.895520 -0.194849 -0.400096 -0.379236 -0.804568 -0.457001
5.191172 -21.510738 -160.949695 760.580513 0.206374 -0.573129 0.793053 -0.557624 0.597115 0.576636 -0.804030 -0.561228 -0.196362
3.766922 -20.492969 166.886995 218.090654 -0.246688 0.607655 -0.754917 0.895621 -0.154582 -0.417094 -0.370146 -0.779012 -0.506095
2.459901 -21.113370 215.443405 433.063439 -0.170944 0.644057 -0.745634 -0.675682 0.474158 0.564471 -0.717100 -0.600304 -0.354123
-3.364668 -11.943257 -66.344635 27.060186 0.063821 0.954173 -0.292370 0.750618 0.147166 0.644139 -0.657647 0.260568 0.706827
-3.067669 -12.144213 -68.226492 -45.483082 0.068354 0.957435 -0.280437 0.640635 0.173361 0.748019 -0.764797 0.230788 0.601517
-2.826577 -11.997017 -99.048727 21.721744 0.033328 0.966367 -0.254998 0.737640 0.148371 0.658691 -0.674372 0.210049 0.707886
-3.271412 -12.243712 -99.863931 106.323515 0.058526 0.964092 -0.259040 0.819082 0.101962 0.564543 -0.570683 0.245215 0.783703
4.022536 -9.322946 134.476061 3.510091 0.167887 -0.682374 -0.711463 0.984148 0.074171 0.161096 -0.057157 -0.727231 0.684009
2.878438 -8.371586 177.560571 77.539764 0.147557 -0.643158 -0.751382 0.987386 0.139886 0.074166 0.057408 -0.752847 0.655687
1.869166 -8.933873 193.094837 53.729292 0.148743 -0.618623 -0.771480 0.987813 0.056783 0.144920 -0.045844 -0.783633 0.619530
3.588127 -17.208739 -365.499655 -372.072432 0.635600 0.771324 0.032722 0.683493 -0.542505 -0.488391 0.358956 -0.332786 0.872011
-1.112420 -19.431254 -41.869539 -423.216967 0.575419 0.816882 0.039967 0.685514 -0.455076 -0.568310 0.446054 -0.354414 0.821843
-1.369955 -14.870313 -51.109388 -315.814513 0.563716 0.823898 0.058457 0.770915 -0.499417 -0.395313 0.296503 -0.267909 0.916684
-6.346749 -17.723885 126.607336 78.078764 -0.065396 -0.212004 0.975078 -0.503939 0.850420 0.151103 -0.861260 -0.481498 -0.162451
-9.367100 -18.886257 190.097921 88.123056 -0.067429 -0.259915 0.963274 -0.701062 0.699300 0.139614 -0.709906 -0.665901 -0.229369
-5.709151 -17.964049 130.908954 -14.511073 -0.046911 -0.139948 0.989047 -0.617551 0.782307 0.081404 -0.785131 -0.606968 -0.123124
-6.066969 -18.386598 -128.442151 -8.390940 0.052422 0.132734 -0.989764 0.771703 -0.634444 -0.044211 -0.633818 -0.761487 -0.135690
-4.025590 -18.626324 152.781106 11.254968 0.000660 -0.127524 0.991835 -0.447072 0.887157 0.114363 -0.894498 -0.443497 -0.056427
-3.321883 -19.448357 125.201619 41.915206 -0.012547 -0.047614 0.998787 -0.652271 0.757471 0.027916 -0.757882 -0.651130 -0.040561
-0.284202 -6.368473 191.209950 -2.832741 -0.218064 0.975926 -0.004033 -0.306846 -0.064639 0.949562 -0.926442 -0.208302 -0.313554
-0.323090 -6.260404 133.994675 -1.896314 -0.282984 0.954911 0.089812 -0.397149 -0.201896 0.895272 -0.873037 -0.217679 -0.436375
-1.328192 -6.165940 144.654855 8.735291 -0.272693 0.957068 0.098287 -0.290057 -0.179187 0.940085 -0.917336 -0.227846 -0.326467
1.328009 -6.402123 166.407611 3.927164 -0.242504 0.969932 0.020574 -0.404948 -0.120471 0.906368 -0.881595 -0.211466 -0.421987
1.798409 -6.735960 150.901589 -9.172018 -0.229646 0.971081 -0.065298 -0.360675 -0.022596 0.932418 -0.903978 -0.237677 -0.355433
-5.837228 -24.306277 -245.040380 1326.542273 0.589059 0.807068 -0.040626 -0.295225 0.261732 0.918879 -0.752231 0.529280 -0.392442
-5.286420 -12.407528 -261.214259 261.299016 0.549504 0.832984 -0.064676 -0.261555 0.245029 0.933569 -0.793495 0.496083 -0.352515
-5.655793 -10.056142 -61.056944 -23.677202 0.448100 0.845303 0.290980 -0.455328 -0.064305 0.887999 -0.769339 0.530404 -0.356074
-8.477871 -19.580720 -185.571802 927.914946 0.644658 0.761660 -0.065499 -0.264721 0.302790 0.915555 -0.717174 0.572881 -0.396823
-5.359359 -9.938187 -17.833243 39.107111 0.347186 0.756663 0.554006 -0.545725 -0.317414 0.775521 -0.762657 0.571585 -0.302728
-6.873202 -352.031587 -120.646108 -12174.357958 -0.217249 -0.726470 -0.651954 0.952759 -0.303055 0.020208 -0.212259 -0.616765 0.757989
-8.836471 -248.626737 -217.006546 -10645.219226 -0.224702 -0.731320 -0.643957 0.956570 -0.291491 -0.002749 -0.185697 -0.616607 0.765057
-5.384688 -215.574731 -252.104469 8670.624049 -0.204416 -0.738245 -0.642813 0.842532 0.201626 -0.499487 0.498352 -0.643693 0.580779
-3.048123 -213.135816 315.787696 3118.487156 -0.219443 -0.647191 -0.730061 0.743144 0.373955 -0.554883 0.632125 -0.664305 0.398895
0.565365 -7.632264 3.446282 -55.115647 -0.151482 0.968254 -0.198838 0.591233 0.249963 0.766787 -0.792147 0.001405 0.610328
0.628150 -7.670453 17.067906 -33.526771 -0.144074 0.971334 -0.189084 0.648582 0.237003 0.723306 -0.747385 0.018427 0.664135
0.550349 -7.023908 14.292798 -68.720268 -0.153024 0.966754 -0.204868 0.538734 0.255404 0.802829 -0.828462 -0.012483 0.559906
0.495707 -7.822668 4.617530 -7.092774 -0.150867 0.969065 -0.195325 0.675013 0.245338 0.695821 -0.722217 0.026871 0.691145
0.609007 -6.939729 -4.599626 -67.913671 -0.162968 0.963244 -0.213545 0.501743 0.267273 0.822690 -0.849527 -0.026927 0.526858
0.469545 -7.676085 -8.344260 -40.089443 -0.159654 0.967210 -0.197522 0.600113 0.253965 0.758529 -0.783821 -0.002567 0.620982
3.867306 -2.843954 -64.371325 -9.882097 0.743931 0.224353 0.629470 0.159838 0.854879 -0.493594 -0.648860 0.467812 0.600110
3.157508 -3.202189 -72.238158 -27.682201 0.745338 0.246575 0.619412 0.174706 0.824385 -0.538394 -0.643388 0.509501 0.571367
3.699751 -3.309589 53.123358 -29.606063 0.825924 0.244472 0.508019 0.104796 0.818816 -0.564409 -0.553957 0.519397 0.650660
-1.614817 -9.605398 9.370252 -92.630985 0.099652 0.034947 0.994408 -0.372298 0.928101 0.004692 -0.922748 -0.370684 0.105498
-0.988684 -9.731755 11.349966 -77.378910 0.083540 0.067995 0.994182 -0.486025 0.873740 -0.018917 -0.869943 -0.481617 0.106040
0.120351 -8.827323 63.400572 -38.885086 0.201352 -0.122053 0.971885 -0.491261 0.845813 0.207998 -0.847419 -0.519330 0.110346
-1.042097 -9.152065 40.594974 -97.384808 0.168778 -0.080156 0.982389 -0.368688 0.919201 0.138342 -0.914102 -0.385544 0.125588
-0.980934 -4.316073 3.538564 79.769536 -0.328791 0.896937 -0.295637 0.747684 0.438461 0.498720 -0.576945 0.057068 0.814787
-0.809377 -5.698586 2.519895 65.442474 -0.232314 0.941964 -0.242352 0.748819 0.332229 0.573493 -0.620726 0.048247 0.782542
-1.020022 -5.618125 -1.669181 -2.618411 -0.208313 0.957168 -0.201084 0.715651 0.289305 0.635725 -0.666671 0.011477 0.745264
-1.176213 -4.477349 15.683111 26.294466 -0.274664 0.930622 -0.241874 0.727147 0.365620 0.581016 -0.629140 0.016294 0.777121
-1.016316 -2.348905 -5.139908 126.044151 -0.505930 0.771689 -0.385398 0.656907 0.634267 0.407650 -0.559024 0.046928 0.827823
-3.281723 -6.803426 41.194593 10.211500 -0.438783 0.888766 -0.132530 0.561678 0.386392 0.731587 -0.701418 -0.246568 0.668743
-2.799026 -6.384736 21.126634 33.841277 -0.445070 0.872346 -0.202298 0.562844 0.448214 0.694486 -0.696505 -0.195233 0.690481
-2.674745 -6.908019 15.503646 15.269865 -0.471984 0.860131 -0.193406 0.461286 0.427895 0.777252 -0.751296 -0.277635 0.598726
-2.363166 -6.600996 9.831954 39.258349 -0.468817 0.841859 -0.267365 0.495000 0.501095 0.709844 -0.731564 -0.200441 0.651642
0.973365 -8.431275 -24.452534 -25.706203 0.031261 0.929820 0.366683 0.612179 0.272189 -0.742395 0.790101 -0.247684 0.560708
1.123706 -8.974748 -14.794828 -7.674126 0.034589 0.937886 0.345216 0.499505 0.282961 -0.818797 0.865620 -0.200758 0.458691
0.784962 -8.913604 3.805136 4.770861 0.034161 0.938197 0.344411 0.486073 0.285512 -0.825964 0.873250 -0.195625 0.446279
0.985834 -8.830608 5.774167 6.724114 0.037578 0.943508 0.329211 0.378020 0.291541 -0.878695 0.925035 -0.157468 0.345709
0.767897 -8.707201 3.910665 9.866066 0.052169 0.944817 0.323418 0.372791 0.282022 -0.884020 0.926448 -0.166686 0.337506
-1.660934 -6.420239 6.923307 31.653951 -0.350988 0.838775 -0.416249 0.437409 0.539915 0.719142 -0.827937 -0.070339 0.556392
-0.974215 -6.145987 59.506633 36.730953 -0.274157 0.885026 -0.376253 0.492614 0.465256 0.735438 -0.825936 -0.016278 0.563529
-1.456641 -6.547731 48.743927 16.983328 -0.298302 0.866769 -0.399660 0.399112 0.493633 0.772681 -0.867021 -0.070983 0.493189
1.574943 -90.885699 -150.893689 3115.175910 -0.242807 0.691502 0.680346 -0.482219 0.522506 -0.703173 0.841730 0.498811 -0.206587
2.193766 -154.569749 -68.220222 7267.696922 0.338475 -0.604689 -0.720962 -0.347918 0.631467 -0.692967 0.874293 0.485388 0.003354
1.353827 -84.134294 203.079698 -4454.670042 -0.343018 0.662002 0.666402 0.841201 -0.099206 0.531544 0.417994 0.742907 -0.522848
-7.684795 -72.949906 774.915466 -3279.206301 -0.312142 0.752708 0.579653 0.856875 -0.040438 0.513937 0.410284 0.657112 -0.632354
-7.532010 -28.137700 103.529426 -754.837989 0.387240 -0.696227 -0.604411 0.900618 0.145351 0.409585 -0.197313 -0.702951 0.683321
-6.597991 -29.938607 232.838367 1209.056590 0.055030 -0.690102 -0.721617 0.948394 -0.189908 0.253938 -0.312284 -0.698351 0.644037
-3.114832 -24.659370 112.714341 364.862816 0.115968 -0.685462 -0.718814 0.961418 -0.104289 0.254558 -0.249455 -0.720601 0.646921
-2.956100 -26.258370 75.425785 -727.109023 0.249377 -0.662395 -0.706431 0.961296 0.081087 0.263315 -0.117136 -0.744754 0.656979
-4.411081 -30.848716 102.730419 -902.295366 0.297048 -0.661045 -0.689044 0.948394 0.120396 0.293350 -0.110960 -0.740624 0.662694
-0.114738 -5.845882 68.920639 -65.506489 -0.029587 0.969419 0.243621 -0.629564 -0.207383 0.748760 -0.776385 0.131221 -0.616447
0.211493 -6.748332 64.175919 63.347738 0.004749 0.978669 0.205390 -0.658393 -0.151532 0.737263 -0.752659 0.138728 -0.643629
-0.613439 -7.190190 51.081634 40.682965 0.031323 0.986305 0.161927 -0.663766 -0.100598 0.741144 -0.747284 0.130697 -0.651525
-3.131772 -10.023409 -85.706022 249.377565 -0.006108 0.891408 0.453160 0.211532 0.444065 -0.870667 0.977352 -0.090540 0.191274
-2.834203 -7.437662 -126.734753 161.819883 0.026157 0.966191 0.256499 0.166969 0.248760 -0.954065 0.985615 -0.067783 0.154817
-2.892002 -8.888768 -83.047738 108.473814 -0.050906 0.903728 0.425070 0.245491 0.423886 -0.871811 0.968061 -0.059970 0.243436
-6.082083 -8.446213 101.800580 -8.722829 0.786492 0.142538 -0.600927 0.606080 -0.365191 0.706614 0.118734 0.919956 0.373609
-5.506199 -8.406556 59.319094 -23.054933 0.793313 0.095032 -0.601351 0.594802 -0.331678 0.732257 0.129868 0.938594 0.319650
-6.061929 -8.363360 109.588721 -12.017915 0.788031 0.130149 -0.601721 0.613421 -0.248833 0.749531 0.052177 0.959762 0.275925
-8.664302 -9.828528 7.016007 183.479972 0.280447 -0.109613 0.953590 0.887003 0.409276 -0.213819 -0.366844 0.905803 0.212007
-8.122650 -8.886574 -34.395892 56.621707 0.161425 -0.215724 0.963019 0.941271 0.326895 -0.084552 -0.296566 0.920110 0.255823
-8.045736 -9.083400 -29.646988 71.223454 -0.088242 -0.227467 0.969779 0.946319 0.284780 0.152904 -0.310955 0.931214 0.190127
3.808564 -4.927150 9.332214 -47.130057 0.017782 0.989033 -0.146622 -0.207465 -0.139804 -0.968201 0.978081 -0.047635 -0.202704
3.919653 -5.744508 -1.891491 -48.246730 0.038608 0.992928 -0.112269 -0.297494 -0.095836 -0.949901 0.953943 -0.070073 -0.291690
3.267590 -5.646534 -118.918954 -44.688344 0.104881 0.982630 -0.153098 -0.251480 -0.122738 -0.960048 0.962163 -0.139192 -0.234239
2.725015 -4.985524 -105.737134 -50.701548 0.101023 0.977171 -0.186900 -0.154654 -0.170153 -0.973206 0.982790 -0.127221 -0.133934
3.520396 -4.474722 18.463569 -32.009819 0.002921 0.986867 -0.161508 -0.143697 -0.159418 -0.976697 0.989617 -0.026061 -0.141344
-0.041917 -22.226758 -127.127172 625.300177 0.956480 -0.056085 0.286358 0.275434 -0.150495 -0.949467 -0.096346 -0.987019 0.128498
-1.045274 -21.677883 -66.227277 528.048446 0.963614 -0.019845 0.266561 0.258451 -0.185272 -0.948091 -0.068201 -0.982487 0.173401
-0.646327 -23.875567 -90.844403 222.239803 0.955870 -0.035119 0.291684 0.247029 -0.441337 -0.862670 -0.159027 -0.896654 0.413185
0.824509 -24.562046 -92.937674 233.286421 0.954307 -0.018042 0.298281 0.257563 -0.456468 -0.851645 -0.151521 -0.889557 0.430964
-0.532029 -25.559284 -80.491334 -250.749043 0.954860 -0.024064 0.296079 0.191933 -0.710749 -0.676755 -0.226724 -0.703034 0.674047
-1.326258 -23.641109 -30.680472 -134.887740 0.960318 0.009435 0.278746 0.222895 -0.626712 -0.746692 -0.167649 -0.779194 0.603946
0.348370 -8.609552 52.157463 78.672063 0.782346 0.256367 -0.567636 -0.334391 0.941764 -0.035538 0.525469 0.217616 0.822512
0.824240 -8.799935 28.033287 53.918018 0.801539 0.253563 -0.541518 -0.331821 0.942013 -0.050057 0.497424 0.219810 0.839198
0.781065 -9.400720 56.355940 -72.789650 0.777546 0.284440 -0.560817 -0.377545 0.924379 -0.054614 0.502873 0.254198 0.826137
0.292663 -9.896531 62.073554 -125.237414 0.772684 0.272850 -0.573160 -0.373097 0.925698 -0.062303 0.513574 0.261985 0.817071
-0.444464 -9.065495 47.058229 41.181189 0.786644 0.252566 -0.563384 -0.354505 0.931859 -0.077235 0.505487 0.260479 0.822577
0.717520 -11.414379 28.197009 -35.084629 0.773180 0.463088 -0.433293 -0.609982 0.356078 -0.707905 0.173536 -0.811639 -0.557788
0.330477 -10.712368 37.932844 -40.435851 0.749758 0.480307 -0.455156 -0.598483 0.198789 -0.776080 0.282276 -0.854276 -0.436500
0.367968 -10.659263 -13.893600 -17.985565 0.782367 0.444917 -0.435833 -0.592540 0.316191 -0.740891 0.191828 -0.837897 -0.511009
0.114068 -10.099757 -20.964528 -7.466631 0.787837 0.450975 -0.419445 -0.564332 0.255839 -0.784905 0.246662 -0.855084 -0.456059
0.393023 -10.889459 -34.073318 -15.207008 0.808213 0.425770 -0.406831 -0.576711 0.432480 -0.693084 0.119148 -0.794783 -0.595082
0.737257 -11.315207 0.712671 -20.182348 0.799932 0.435092 -0.413285 -0.592299 0.461825 -0.660227 0.096395 -0.772925 -0.627133
0.636189 -28.044662 -2.308048 -353.956460 -0.813204 -0.425799 0.396729 -0.498645 0.861281 -0.097717 -0.300087 -0.277291 -0.912720
0.764511 -24.299528 -45.357456 20.906276 -0.782294 -0.502722 0.367814 -0.517219 0.853289 0.066201 -0.347133 -0.138452 -0.927540
0.709801 -26.818945 -88.050058 468.982949 -0.816364 -0.468929 0.337128 -0.379345 0.875533 0.299231 -0.435485 0.116393 -0.892640
0.309597 -29.932512 29.315613 604.246079 -0.806655 -0.424368 0.411363 -0.307353 0.895704 0.321323 -0.504819 0.132764 -0.852955
-0.785290 -25.124234 -20.552061 675.634510 -0.850215 -0.365487 0.378885 -0.113752 0.830261 0.545644 -0.514000 0.420815 -0.747475
-0.981135 -23.136032 -131.656275 610.710036 -0.848927 -0.428454 0.309433 -0.222476 0.820785 0.526133 -0.479402 0.377808 -0.792108
8.159717 0.266674 -120.584880 -102.659359 0.321554 0.821223 0.471376 0.293609 0.386804 -0.874172 0.900220 -0.419494 0.116740
7.640707 -1.772915 -13.903828 -239.790936 0.226474 0.839667 0.493628 0.339744 0.406867 -0.847958 0.912843 -0.359748 0.193127
8.532417 -0.836869 55.184512 -105.225030 0.329651 0.809799 0.485340 0.286265 0.404138 -0.868749 0.899657 -0.425320 0.098593
7.533968 -0.670615 14.162812 -235.985157 0.157263 0.892366 0.423026 0.340818 0.352997 -0.871342 0.926882 -0.281205 0.248621
8.565418 -0.738356 14.457364 86.114921 0.464493 0.791637 0.396935 0.186162 0.350920 -0.917714 0.865789 -0.500165 -0.015627
7.546222 -0.493922 -257.559637 115.958457 0.451808 0.805746 0.382940 0.196215 0.328987 -0.923725 0.870270 -0.492485 0.009460
8.774608 0.633278 -223.467129 88.061882 0.329348 0.838879 0.433372 0.227472 0.374968 -0.898697 0.916399 -0.394564 0.067326
8.663470 0.865867 -20.858606 -77.169142 0.182465 0.894735 0.407621 0.278258 0.350639 -0.894217 0.943016 -0.276587 0.184988
-0.386293 -8.254478 -36.518150 -64.834525 0.886943 0.322240 -0.330898 -0.363497 0.044993 -0.930508 0.284959 -0.945588 -0.157039
-0.189831 -8.350504 -13.335425 153.133124 0.855040 0.345004 -0.387141 -0.405669 -0.020018 -0.913801 0.323015 -0.938388 -0.122842
-0.183472 -7.838725 12.308937 168.869399 0.844501 0.348367 -0.406766 -0.436295 0.007042 -0.899776 0.310588 -0.937332 -0.157938
-0.612667 -10.106940 29.497617 -101.450409 -0.917442 -0.037442 0.396104 0.050109 0.976762 0.208389 -0.394701 0.211033 -0.894246
-0.954370 -9.912533 15.370484 -80.721565 -0.922633 -0.040877 0.383507 0.027751 0.984754 0.171726 -0.384679 0.169083 -0.907432
-0.726465 -9.412871 35.743055 -55.133272 -0.917412 -0.064224 0.392721 -0.022862 0.993767 0.109110 -0.397280 0.091120 -0.913162
8.264638 -1.680150 -478.485636 53.487660 -0.125007 0.857528 -0.499018 0.033749 -0.498997 -0.865946 0.991582 0.125091 -0.033437
10.600583 -2.844725 -459.557944 78.630227 -0.203254 0.859824 -0.468392 0.040842 -0.470516 -0.881446 0.978274 0.198288 -0.060517
7.242220 -2.234932 14.182048 25.578357 -0.332173 0.729816 -0.597520 0.066210 -0.613886 -0.786613 0.940892 0.300854 -0.155595
6.242189 -1.197777 -456.656045 24.108238 -0.106757 0.828128 -0.550279 0.009824 -0.552537 -0.833431 0.994237 0.094380 -0.050852
16.226087 -16.834902 -650.012791 218.148270 0.973034 -0.149909 -0.175306 -0.014094 0.719951 -0.693882 -0.230231 -0.677641 -0.698424
20.438852 -17.443890 712.517606 201.267268 0.974665 0.096511 0.201779 0.063247 0.746385 -0.662502 0.214543 -0.658479 -0.721371
27.345672 -15.618774 -888.347759 389.113854 0.968303 -0.141685 -0.205707 0.048069 0.913861 -0.403172 -0.245111 -0.380504 -0.891705
24.124671 -15.116673 -1401.150398 30.639035 0.858451 -0.255505 -0.444724 -0.078025 0.791936 -0.605599 -0.506926 -0.554576 -0.659902
-1.323370 -21.378630 -16.110350 188.777726 0.701833 0.028552 -0.711769 0.205754 0.948482 0.240929 0.681979 -0.315541 0.659801
-1.374476 -23.388635 6.628932 134.904926 0.686176 0.050613 -0.725672 0.353445 0.848711 0.393402 0.635797 -0.526429 0.564477
-1.457834 -22.830522 -10.810139 188.640038 0.686599 0.008555 -0.726986 0.170504 0.970149 0.172449 0.706761 -0.242358 0.664644
0.816695 -8.657100 -37.416257 -23.426808 0.973194 0.216768 0.076841 0.115468 -0.749482 0.651877 -0.198897 0.625531 0.754421
0.180485 -9.300494 -46.356537 5.240069 0.976762 0.183681 0.110441 0.090649 -0.820984 0.563709 -0.194213 0.540598 0.818556
-0.518923 -8.734509 -52.290139 -65.321015 0.975964 0.180756 0.121748 0.040940 -0.700764 0.712217 -0.214054 0.690114 0.691320
0.220134 -8.270340 -44.816646 -103.255574 0.975851 0.193191 0.101942 0.046173 -0.638575 0.768174 -0.213501 0.744916 0.632074
1.257230 -7.974038 -34.054461 -83.220295 0.975577 0.201117 0.088322 0.067302 -0.656439 0.751371 -0.209091 0.727077 0.653942
1.363284 -8.292834 -37.947938 14.725529 0.973448 0.216164 0.075319 0.115958 -0.749351 0.651941 -0.197367 0.625896 0.754520
1.302154 -8.814140 -38.983314 29.746455 0.962252 0.267381 0.050772 0.196717 -0.812225 0.549175 -0.188077 0.518457 0.834164
0.376772 -33.848382 -16.656512 -523.373884 -0.716062 0.027225 0.697506 -0.242421 0.927345 -0.285067 -0.654589 -0.373216 -0.657436
0.559426 -39.403969 -48.391618 -1047.872170 -0.716449 0.025285 0.697182 -0.325931 0.871444 -0.366543 -0.616823 -0.489842 -0.616104
0.732356 -29.817748 20.653386 -431.569290 0.705309 0.033481 -0.708109 -0.496427 0.736401 -0.459645 -0.506063 -0.675716 -0.536011
0.940025 -28.877149 29.790753 -229.955294 -0.707650 -0.025148 0.706116 -0.411239 0.827313 -0.382668 -0.574555 -0.561178 -0.595790
0.902385 -30.442857 39.031651 -214.896020 -0.719355 0.033711 0.693824 -0.137673 0.972089 -0.189970 -0.680863 -0.232176 -0.694636
94.100626 -20.585417 6905.848432 -890.001275 0.581987 -0.297071 0.756994 0.799192 0.036920 -0.599941 0.150277 0.954141 0.258904
-10.741356 -26.468142 216.005301 -776.592446 0.386117 -0.424704 0.818865 0.850700 -0.179306 -0.494125 0.356684 0.887398 0.292062
13.880549 -107.374248 -406.246166 5268.672071 0.174085 0.472704 -0.863855 -0.721916 0.657890 0.214518 0.669726 0.586286 0.455781
-3.768359 -151.310312 -1011.745712 -4806.529986 0.701574 0.258515 -0.664051 0.638859 -0.640998 0.425417 0.315679 0.722697 0.614862
16.678124 -614.453743 -1426.023565 -47208.933765 0.527808 0.247501 -0.812503 0.182258 0.901316 0.392951 0.829579 -0.355488 0.430613
107.110988 -2265.834050 -3151.995272 -311474.086427 -0.337557 -0.056627 -0.939600 -0.236309 0.971320 0.026357 0.911161 0.230933 -0.341257
40.877614 -303.294671 -1768.537767 -24505.254304 -0.129827 -0.026921 -0.991171 0.492293 0.865969 -0.088003 0.860693 -0.499372 -0.099173
842.702589 -2279.673190 -56788.649179 284406.204394 0.005732 0.006056 -0.999965 -0.561100 0.827746 0.001796 0.827728 0.561070 0.008143
3.800328 -7.883982 95.994664 -263.050032 -0.000732 0.981175 0.193122 0.181736 0.190036 -0.964810 0.983347 -0.034391 0.178454
4.912471 -4.194868 89.061691 -262.794961 0.018143 0.985398 0.169298 0.290550 0.156823 -0.943921 0.956688 -0.066315 0.283463
2.937410 -5.434564 88.630719 -245.239354 -0.019891 0.996698 0.078729 0.228895 0.081193 -0.970059 0.973248 0.001275 0.229754
2.167884 -8.307993 94.328300 -221.345701 -0.035109 0.985485 0.166091 0.124313 0.169209 -0.977709 0.991622 0.013679 0.128449
3.158067 -10.712076 83.329133 -145.320023 0.001447 0.965689 0.259698 -0.016845 0.259685 -0.965546 0.999857 0.002977 -0.016643
-0.415388 -6.535982 -93.507125 60.865712 0.420482 -0.836717 0.350857 0.898539 0.437639 -0.033173 -0.125793 0.329207 0.935841
-0.924510 -6.646750 -103.395134 51.834980 0.448433 -0.824808 0.344384 0.890008 0.447577 -0.086948 -0.082423 0.345495 0.934794
0.706446 -5.939965 -110.960161 42.506891 0.315351 -0.877751 0.360704 0.947246 0.314084 -0.063841 -0.057255 0.361808 0.930493
0.582651 -6.115464 -112.887049 54.250281 0.322159 -0.873407 0.365205 0.939397 0.342711 -0.009061 -0.117245 0.345992 0.930883
-1.025300 -3.986641 -33.186703 20.161846 0.573920 0.730085 0.370933 0.449065 -0.659363 0.602976 -0.684804 0.179487 0.706277
-1.444174 -3.829398 -28.584373 -28.489037 0.572186 0.754966 0.320360 0.430997 -0.609142 0.665723 -0.697743 0.242843 0.673930
-0.542087 -3.273777 -57.539173 56.553229 0.616852 0.630605 0.470990 -0.287472 0.737569 -0.611026 -0.732703 0.241516 0.636251
-0.154082 -3.296988 -50.921270 -16.873061 0.644518 0.563151 0.517162 -0.285147 0.804635 -0.520821 -0.709428 0.188211 0.679183
-2.423051 -5.613968 -5.951853 94.127501 0.903633 0.234968 -0.358103 -0.206867 0.971532 0.115463 0.375039 -0.030257 0.926515
-2.264982 -5.329048 33.616444 103.252741 0.861762 0.315324 -0.397414 -0.296304 0.948711 0.110232 0.411790 0.022762 0.910995
-2.117650 -4.397662 -13.368234 103.538518 0.926552 0.089100 -0.365463 -0.100512 0.994860 -0.012279 0.362490 0.048110 0.930745
-2.105922 -4.689940 -55.628842 77.848130 0.945546 0.036847 -0.323395 -0.036323 0.999311 0.007658 0.323454 0.004506 0.946233
-1.714099 -3.671174 -43.549700 58.192953 0.941151 -0.156781 -0.299425 0.132801 0.986190 -0.098956 0.310805 0.053369 0.948974
-1.475753 -3.310435 -41.767996 74.433376 0.927171 -0.194468 -0.320213 0.151202 0.976261 -0.155087 0.342771 0.095375 0.934565
-0.568451 -7.776840 -5.306623 -4.276086 0.870505 0.384638 -0.307042 -0.474446 0.489969 -0.731322 0.130853 -0.782294 -0.609010
-0.495389 -8.390652 -20.151328 -93.348710 0.861023 0.386324 -0.330745 -0.473206 0.370325 -0.799335 0.186320 -0.844756 -0.501669
-0.608595 -7.719822 -9.201578 -15.404890 0.876248 0.374305 -0.303455 -0.465564 0.495250 -0.733469 0.124255 -0.783979 -0.608225
-0.617825 -8.174829 -0.351672 96.656983 0.883776 0.369118 -0.287562 -0.462862 0.599621 -0.652851 0.068551 -0.710075 -0.700781
-0.583102 -8.350647 6.735501 83.653440 0.877963 0.381850 -0.288741 -0.472569 0.594837 -0.650268 0.076551 -0.707361 -0.702695
-0.820695 -17.372982 -2.082254 -304.558439 0.533061 0.690363 -0.489127 0.048827 -0.602250 -0.796813 0.844667 -0.400867 0.354744
-0.478939 -17.254284 78.087923 -88.072681 0.471500 0.702547 -0.533025 -0.162034 -0.525121 -0.835460 0.866852 -0.480287 0.133758
-0.849836 -15.779009 19.391007 -173.304929 0.508837 0.693944 -0.509438 0.090604 -0.631659 -0.769934 0.856082 -0.345613 0.384285
-1.044639 -15.016429 -13.449974 -111.663759 0.539520 0.694963 -0.475336 0.148354 -0.634182 -0.758818 0.828800 -0.338879 0.445255
-1.228734 -13.791991 -22.158190 33.267620 0.539816 0.689815 -0.482445 0.182244 -0.655301 -0.733054 0.821819 -0.307792 0.479456
4.976182 -5.428590 346.451388 81.000193 -0.566937 0.419256 -0.709089 -0.193140 0.769148 0.609187 0.800799 0.482324 -0.355083
4.518612 -6.312368 342.440895 -5.755338 -0.625218 0.539380 -0.564067 -0.144848 0.629994 0.762973 0.766891 0.558728 -0.315755
4.169593 -5.520784 6.669545 -115.925943 -0.540083 0.467332 -0.699936 -0.095305 0.792351 0.602575 0.836198 0.392148 -0.383396
4.922380 -4.496936 -52.409041 -178.429095 -0.487805 0.462739 -0.740215 -0.052397 0.830895 0.553957 0.871379 0.309008 -0.381068
-15.980277 -140.441098 -8732.229034 -4159.925597 0.859487 -0.087140 -0.503675 0.263566 -0.768721 0.582753 0.437966 0.633621 0.637738
3.821609 -95.144248 -830.966750 3755.191724 0.052143 -0.430428 -0.901117 -0.492080 0.774120 -0.398241 0.868987 0.464187 -0.171440
-287.618791 -938.144736 -9799.977313 -68027.823379 0.020208 0.998910 0.042086 0.932098 -0.003597 -0.362189 0.361643 -0.046547 0.931154
-9.842891 -86.645260 -598.453558 -3294.802315 -0.068837 -0.307636 -0.949011 0.854178 0.473278 -0.215378 0.515404 -0.825450 0.230197
-59.110122 -349.554983 -11583.814423 -15994.183619 0.793515 -0.379528 -0.475702 0.164137 0.886205 -0.433242 0.585997 0.265704 0.765512
1.873526 -40.230455 77.300773 225.982368 -0.627754 0.759997 0.168312 0.765876 0.564385 0.308063 0.139134 0.322294 -0.936359
2.084778 -49.342391 190.516934 -114.795724 -0.639847 0.741898 0.200455 0.756985 0.653428 -0.002106 -0.132545 0.150393 -0.979701
2.229871 -42.274738 20.379301 209.452684 -0.622272 0.767295 0.155036 0.754953 0.535891 0.377977 0.206938 0.352250 -0.912741
-1.315127 -4.390966 118.539224 33.167340 -0.593720 -0.469872 0.653236 -0.377386 0.879582 0.289680 -0.710687 -0.074534 -0.699548
-0.983049 -5.054215 103.004238 -19.591946 -0.532769 -0.557280 0.636865 -0.482070 0.818378 0.312836 -0.695533 -0.140344 -0.704654
-0.827139 -8.423952 34.752499 -354.303389 -0.518291 -0.643887 0.562836 -0.521504 0.759563 0.388713 -0.677797 -0.092055 -0.729464
-1.146522 -18.744584 11.736511 -852.992341 0.486834 0.711346 -0.506932 -0.564581 0.699084 0.438783 -0.666514 -0.072590 -0.741950
-2.419921 -5.517854 71.715737 163.269613 0.334470 0.865347 -0.373235 -0.632844 0.499702 0.591444 -0.698311 -0.038379 -0.714765
-7.694797 -11.509281 -50.761450 339.240378 0.291757 0.949295 0.117117 -0.932972 0.309427 -0.183895 0.210810 0.055614 -0.975944
-4.279143 -13.582626 -162.200020 386.569988 0.225654 0.974082 -0.015646 -0.939939 0.213466 -0.266358 0.256115 -0.074811 -0.963747
-5.065843 -13.835141 -249.685568 37.142395 0.319246 0.947625 0.009387 -0.809763 0.277920 -0.516763 0.492306 -0.157373 -0.856077
10.144815 -11.947449 -53.481919 -105.599744 0.269856 0.922062 -0.277451 -0.274722 0.349891 0.895603 -0.922879 0.165462 -0.347731
8.219132 -9.817208 -43.087592 -130.003388 0.133168 0.951291 -0.278051 -0.330079 0.307103 0.892600 -0.934513 0.027087 -0.354898
0.025991 -8.587655 -132.246840 197.221078 0.750342 -0.660648 -0.023033 0.569674 0.663907 -0.484458 -0.335348 -0.350388 -0.874512
-0.217235 -13.032042 -61.309508 559.322471 -0.639684 0.743704 -0.194187 0.732709 0.513665 -0.446414 -0.232253 -0.427847 -0.873502
0.865792 -10.053812 -97.041600 388.337759 0.805014 -0.590649 -0.055545 0.524884 0.752746 -0.397330 -0.276494 -0.290701 -0.915993
-0.481793 -4.977213 164.142859 94.164396 -0.861877 0.476284 0.174133 0.369476 0.824965 -0.427692 -0.347357 -0.304280 -0.886993
-0.455425 -2.427642 39.340659 59.711380 0.083266 0.917992 0.387759 -0.866012 0.259174 -0.427612 0.493041 0.300199 -0.816573
-0.309674 -1.619620 48.408815 58.756733 0.198197 0.875213 0.441271 -0.861155 0.370499 -0.348056 0.468114 0.311019 -0.827126
0.084225 -2.403364 28.185503 52.135557 0.190503 0.880493 0.434098 -0.850565 0.368830 -0.374838 0.490150 0.297821 -0.819180
-0.236464 -1.101891 58.538662 23.095836 0.469695 0.705718 0.530424 -0.757007 0.631088 -0.169314 0.454232 0.322009 -0.830652
0.199499 -1.818215 25.921078 46.044061 0.281104 0.840498 0.463188 -0.841995 0.447584 -0.301185 0.460461 0.305338 -0.833513
8.893150 -7.315947 508.723909 154.593509 0.466256 0.056518 0.882843 0.762896 -0.530933 -0.368918 0.447880 0.845527 -0.290668
14.356451 -7.395099 557.403601 151.565363 0.509188 0.175481 0.842575 0.796462 -0.467074 -0.384045 0.326152 0.866630 -0.377593
8.698714 -5.595681 540.227315 97.451799 0.530382 -0.007341 0.847727 0.661207 -0.622240 -0.419073 0.530566 0.782792 -0.325171
2.511389 -6.958387 -17.563089 128.748444 -0.379378 0.904825 0.193297 -0.374224 -0.341122 0.862318 -0.846185 -0.254808 -0.468021
2.302764 -7.842096 -6.057368 50.140772 -0.388785 0.895454 0.216816 -0.476243 -0.396774 0.784705 -0.788694 -0.201824 -0.580714
1.675975 -8.637704 -17.145657 -10.722100 -0.415340 0.878031 0.237809 -0.575329 -0.456049 0.678982 -0.704620 -0.145190 -0.694572
2.386929 -8.035460 -21.382654 41.386640 -0.366397 0.906681 0.209003 -0.551411 -0.392516 0.736123 -0.749466 -0.154466 -0.643771
2.807753 -7.249914 -19.539893 82.043680 -0.349398 0.919304 0.181112 -0.449060 -0.333945 0.828750 -0.822354 -0.208234 -0.529502
6.385635 -7.758630 -511.327655 -291.234738 0.168419 -0.965594 -0.198149 0.985619 0.167784 0.020114 0.013824 -0.198687 0.979965
2.244037 -8.300472 -347.132023 -280.365679 0.027095 -0.986449 -0.161818 0.999549 0.024642 0.017146 -0.012926 -0.162209 0.986672
-1.751086 -11.247167 -9.920815 340.421982 -0.089011 0.993303 0.073664 -0.929305 -0.109434 0.352726 -0.358425 0.037060 -0.932823
-1.755297 -10.115934 4.153049 153.783782 -0.093988 0.991822 0.086346 -0.902535 -0.121492 0.413122 -0.420234 0.039102 -0.906573
-1.695116 -10.815313 68.808887 288.610165 -0.051485 0.992793 0.108218 -0.929172 -0.087338 0.359182 -0.366045 0.082060 -0.926972
-1.739716 -10.412282 -34.982660 158.519176 -0.105190 0.993133 0.051203 -0.909379 -0.116900 0.399204 -0.402448 0.004571 -0.915431
-1.861399 -11.423313 -68.408770 225.567733 -0.089359 0.995913 0.013117 -0.949646 -0.089164 0.300369 -0.300311 -0.014384 -0.953733
-3.134502 -6.561442 94.890332 -206.317157 0.221403 0.963602 -0.149838 -0.075025 -0.136365 -0.987814 0.972292 -0.229947 -0.042102
-3.942328 -11.695521 120.603611 -364.004272 0.203784 0.974602 -0.092863 -0.159196 -0.060603 -0.985385 0.965986 -0.215589 -0.142803
-3.104729 -12.382027 -32.193932 -385.393668 0.238225 0.966594 0.094577 -0.143633 0.131373 -0.980872 0.960530 -0.220084 -0.170132
0.101411 -7.404406 27.215402 -29.624833 -0.054800 0.984406 0.167157 -0.139724 0.158201 -0.977471 0.988673 0.076921 -0.128876
0.592432 -6.833048 25.551127 -5.692076 -0.046452 0.977199 0.207182 -0.129073 0.199795 -0.971299 0.990547 0.071860 -0.116849
0.629101 -7.095581 28.692991 31.858025 -0.042730 0.968375 0.245813 -0.044089 0.243970 -0.968780 0.998113 0.052234 -0.032269
0.123727 -7.558120 45.979429 35.354645 -0.057380 0.977509 0.202939 -0.048180 0.200326 -0.978544 0.997189 0.065926 -0.035602
-1.581410 -4.091127 59.085561 51.372458 0.281218 0.863953 -0.417733 -0.874641 0.409865 0.258871 -0.394867 -0.292567 -0.870910
-1.270828 -3.506107 91.437838 74.022205 0.265368 0.878212 -0.397898 -0.863183 0.400260 0.307746 -0.429529 -0.261793 -0.864274
-0.808661 -4.171732 62.174365 43.067627 0.267401 0.877342 -0.398457 -0.889599 0.383678 0.247800 -0.370284 -0.288205 -0.883078
-1.993868 -3.397368 44.413744 34.277602 0.036797 0.939922 -0.339401 -0.891003 0.184647 0.414753 -0.452504 -0.287146 -0.844267
-2.021122 -3.991541 -12.779534 29.842929 0.089025 0.902614 -0.421145 -0.912801 0.243137 0.328145 -0.398584 -0.355208 -0.845552
6.197084 -18.646029 -67.227056 836.180910 0.239799 -0.479940 0.843892 -0.535200 0.659880 0.527370 -0.809973 -0.578114 -0.098626
1.539693 -6.142834 74.657940 6.966810 0.176996 0.984059 0.017304 0.083247 0.002551 -0.996526 0.980685 -0.177822 0.081469
1.870016 -5.585487 53.251069 -30.324911 0.191046 0.980865 0.037494 0.136865 0.011206 -0.990526 0.971992 -0.194368 0.132105
1.295819 -5.962719 78.589300 -14.924242 0.156414 0.985650 0.063473 0.168198 0.036744 -0.985068 0.973265 -0.164755 0.160037
2.079749 -5.679615 19.407844 -19.494833 0.222165 0.974918 -0.013324 0.040439 -0.022868 -0.998920 0.974170 -0.221387 0.044505
0.954211 -6.511791 83.236185 55.105799 0.155771 0.987194 0.034395 0.044985 0.027694 -0.998604 0.986768 -0.157101 0.040095
1.557959 -6.201320 62.912428 11.948004 0.181274 0.983394 -0.008691 -0.011328 -0.006749 -0.999913 0.983367 -0.181356 -0.009917
5.506952 -16.135855 -179.005428 115.867884 -0.131853 -0.250673 -0.959050 -0.384355 0.904737 -0.183635 0.913721 0.344403 -0.215640
9.476414 -18.796712 -424.780733 348.606316 -0.167560 -0.178373 -0.969591 -0.197761 0.969587 -0.144196 0.965823 0.167586 -0.197740
4.658080 -20.041608 -234.866422 281.577977 -0.081318 -0.233129 -0.969040 -0.241413 0.947915 -0.207789 0.967009 0.217042 -0.133363
8.185731 -14.574501 -185.128421 63.928249 -0.273804 -0.207441 -0.939148 -0.337809 0.934994 -0.108036 0.900509 0.287672 -0.326080
3.300647 -17.718268 -70.607518 63.213296 -0.081649 -0.276703 -0.957480 -0.434377 0.874526 -0.215689 0.897023 0.398296 -0.191598
-2.863941 -12.388705 -74.729545 -2.515091 0.054104 0.957433 -0.283540 0.573613 0.202627 0.793669 -0.817337 0.205583 0.538233
-3.111476 -12.611988 10.693612 28.013654 0.103567 0.933268 -0.343926 0.570495 0.227511 0.789160 -0.814745 0.277940 0.508862
-2.789184 -13.025628 -0.370276 35.952199 0.101899 0.929967 -0.353239 0.397785 0.287372 0.871312 -0.911802 0.229299 0.340644
-2.798231 -12.641739 -64.919387 58.810328 0.047283 0.950035 -0.308540 0.470580 0.251275 0.845822 -0.881089 0.185186 0.435187
