16168
32318
-4.912860 -6.324504 -28.494657 86.364033 0.444515 -0.321874 -0.835944 0.808432 0.546081 0.219621 0.385803 -0.773429 0.502955
-4.999656 -6.962282 -52.492799 56.904173 0.269311 -0.465085 -0.843307 0.925055 0.368471 0.092206 0.267851 -0.804938 0.529463
-5.999318 -8.670381 -9.052209 -140.229453 0.756603 -0.168858 -0.631695 -0.616575 -0.505864 -0.603271 0.217685 -0.845924 0.486852
-4.036213 -6.041131 -0.214927 51.895529 -0.011534 -0.599397 -0.800369 0.938463 0.269824 -0.215596 0.345187 -0.753603 0.559400
-3.635201 -8.914995 63.086972 -205.410620 0.689529 -0.049273 -0.722580 -0.600831 -0.596008 -0.532707 0.404416 -0.801465 0.440569
-3.793613 -6.099137 42.491809 128.724585 0.605458 -0.088134 -0.790982 0.617484 0.679052 0.396991 0.502130 -0.728780 0.465558
-3.622903 -5.111675 -15.371443 51.623116 -0.057574 -0.592447 -0.803549 0.881472 0.347720 -0.319527 0.468713 -0.726703 0.502206
-3.733770 -7.058323 17.545172 -20.648230 0.389447 -0.083912 -0.917219 -0.575948 0.754939 -0.313610 0.718760 0.650404 0.245680
-3.780957 -7.004733 -17.945278 0.187858 -0.408252 0.104901 0.906822 0.667323 -0.643544 0.374875 0.622905 0.758186 0.192726
-4.004582 -7.011667 -9.921304 8.885456 -0.434031 0.023506 0.900591 0.631204 -0.705339 0.322612 0.642806 0.708480 0.291302
-1.287564 -17.582224 -20.000620 82.263732 0.583055 -0.366084 -0.725279 -0.542356 0.489287 -0.682970 -0.604894 -0.791568 -0.086733
-0.916741 -17.777382 -18.444353 -30.993782 0.577239 -0.391508 -0.716601 0.607058 -0.381193 0.697260 -0.546146 -0.837504 0.017628
-0.840982 -16.842069 29.880558 109.867515 -0.559377 0.398968 0.726582 -0.413443 0.625442 -0.661731 -0.718445 -0.670557 -0.184907
-1.099538 -15.931167 14.700522 116.062685 -0.578223 0.357127 0.733565 -0.363852 0.691876 -0.623633 -0.730253 -0.627509 -0.270117
-0.682695 -14.473425 25.789049 157.741852 -0.554547 0.389151 0.735553 -0.199399 0.796025 -0.571475 -0.807909 -0.463578 -0.363837
-0.473565 -15.613113 21.064873 172.203504 -0.552915 0.410809 0.724928 -0.254473 0.745194 -0.616384 -0.793428 -0.525283 -0.307490
-0.131418 -5.258450 -21.232410 20.096776 0.224817 -0.182593 -0.957140 -0.218317 0.947874 -0.232105 0.949629 0.261141 0.173235
-0.049791 -5.146230 -3.327332 20.765926 0.216934 -0.187304 -0.958049 -0.265349 0.933153 -0.242520 0.939431 0.306828 0.152731
0.007148 -5.502204 -11.979223 19.784311 0.224092 -0.199898 -0.953847 -0.164598 0.956915 -0.239211 0.960568 0.210607 0.181534
-0.249594 -4.981456 -17.693126 8.880282 0.222148 -0.180347 -0.958189 -0.296220 0.923808 -0.242552 0.928926 0.337717 0.151799
-0.363285 -5.229043 -14.750284 16.327985 0.215211 -0.192844 -0.957338 -0.203029 0.950053 -0.237018 0.955229 0.245376 0.165309
1.974243 -3.832857 -73.153109 -3.417040 0.108710 -0.279473 -0.953980 0.983314 -0.110579 0.144447 -0.145859 -0.953765 0.262788
3.062645 -3.946149 -53.457436 -2.064486 0.138254 -0.211824 -0.967479 0.980361 -0.109444 0.164057 -0.140636 -0.971160 0.192533
2.628606 -3.608183 -56.884275 -17.038949 0.107913 -0.238281 -0.965182 0.967775 -0.197010 0.156840 -0.227523 -0.951004 0.209342
1.302780 -3.613465 -75.724780 -16.984274 0.081415 -0.294636 -0.952135 0.970984 -0.192078 0.142464 -0.224859 -0.936107 0.270449
2.106896 -3.177942 -72.880234 -26.785546 0.086275 -0.267483 -0.959692 0.950138 -0.267643 0.160013 -0.299656 -0.925646 0.231055
0.193908 -5.935506 9.385325 -67.731034 0.260372 -0.096959 -0.960628 0.027857 0.995285 -0.092907 0.965106 -0.002570 0.261845
0.385195 -6.711641 22.152169 -41.669184 0.258845 -0.141269 -0.955533 -0.082595 0.982387 -0.167613 0.962381 0.122308 0.242618
0.174943 -6.627541 16.520272 -29.307317 0.254752 -0.144456 -0.956156 -0.126735 0.975263 -0.181109 0.958666 0.167316 0.230142
0.543529 -6.141217 15.606445 -61.483382 0.267660 -0.086831 -0.959593 0.077944 0.994618 -0.068259 0.960355 -0.056525 0.272988
1.082064 -6.217710 1.286244 -63.163121 0.480555 0.047374 -0.875684 0.410184 0.870438 0.272189 0.775123 -0.489994 0.398861
1.042787 -5.930006 25.173972 11.612006 0.524764 0.151929 -0.837580 0.431508 0.800680 0.415586 0.733773 -0.579507 0.354610
1.196333 -6.657905 10.798506 -0.669521 0.513135 0.093273 -0.853225 0.415666 0.842723 0.342110 0.750942 -0.530205 0.393660
1.077698 -7.909104 16.400019 92.347456 0.577913 0.199045 -0.791453 0.452216 0.729194 0.513592 0.679350 -0.654719 0.331400
1.223553 -7.514082 2.122453 -69.194122 0.482593 0.037514 -0.875041 0.347655 0.908799 0.230696 0.803890 -0.415544 0.425539
1.221645 -7.514266 1.724170 -37.974549 0.505924 0.034429 -0.861890 0.354383 0.902684 0.244079 0.786418 -0.428925 0.444489
1.167706 -7.347447 -18.554645 44.347741 0.571738 0.084903 -0.816032 0.411899 0.830492 0.374997 0.709546 -0.550522 0.439852
-0.127212 -13.166997 10.358307 104.546081 0.252797 0.031912 -0.966993 0.715808 0.666250 0.209118 0.650932 -0.745046 0.145583
0.022043 -14.607501 7.799934 92.816226 0.278626 0.045488 -0.959322 0.843834 0.465376 0.267150 0.458598 -0.883943 0.091281
-0.047819 -14.760814 20.781921 123.642144 0.257303 0.046330 -0.965219 0.741759 0.630719 0.228009 0.619346 -0.774627 0.127920
-0.193238 -12.192478 4.946990 85.131376 0.229870 0.004868 -0.973209 0.577512 0.804213 0.140430 0.783352 -0.594321 0.182053
-0.153656 -11.998356 -9.552779 126.485824 0.256744 -0.001231 -0.966479 0.629053 0.759401 0.166140 0.733740 -0.650621 0.195747
0.369931 -9.804540 -42.451140 134.030670 -0.606229 0.115510 0.786856 0.775012 0.307801 0.551919 -0.178443 0.944413 -0.276120
-0.652787 -11.831259 -20.783472 104.310537 -0.569925 0.118025 0.813176 0.729979 0.527071 0.435116 -0.377247 0.841586 -0.386546
-0.597910 -10.298122 -4.614047 133.175345 -0.529707 0.128163 0.838442 0.812290 0.361167 0.457978 -0.244122 0.923652 -0.295418
0.661807 -11.906247 -60.924462 133.871164 -0.631073 0.116372 0.766945 0.700585 0.509994 0.499086 -0.333058 0.852270 -0.403372
1.463314 -9.538782 -68.439424 117.337269 -0.646530 0.097400 0.756645 0.731152 0.362207 0.578121 -0.217753 0.926995 -0.305392
0.633878 -2.900297 6.579114 -6.693516 -0.048456 0.110376 0.992708 0.842771 -0.528911 0.099945 0.536086 0.841469 -0.067392
0.329237 -3.242974 -7.552684 -24.570032 -0.130284 0.196006 0.971909 0.803603 -0.553288 0.219305 0.580731 0.809601 -0.085427
0.449771 -2.983897 6.485629 7.043410 -0.085172 0.123370 0.988699 0.817391 -0.558778 0.140139 0.569752 0.820090 -0.053250
0.643355 -2.902629 22.385170 12.105185 -0.045445 0.083864 0.995440 0.854805 -0.512399 0.082193 0.516956 0.854643 -0.048401
1.750710 -11.672798 -1.423441 40.157369 0.503878 -0.242028 -0.829174 0.858929 0.038856 0.510618 -0.091365 -0.969491 0.227464
2.139027 -14.408463 -45.134170 133.021300 0.518925 -0.280977 -0.807322 0.798622 -0.177429 0.575084 -0.304827 -0.943171 0.132322
1.567264 -12.829309 -7.476350 53.095329 0.494193 -0.285044 -0.821294 0.848754 -0.046236 0.526763 -0.188124 -0.957399 0.219083
1.666545 -11.399849 -0.081750 39.139856 0.468688 -0.274264 -0.839709 0.882945 0.174709 0.435758 0.027192 -0.945651 0.324044
-2.715676 -5.332939 -10.062475 58.333909 0.049724 -0.163719 -0.985253 0.875453 0.481967 -0.035906 0.480738 -0.860758 0.167294
-2.171858 -5.946951 -46.611025 55.364980 -0.049055 -0.299464 -0.952846 0.881467 0.435643 -0.182295 0.469691 -0.848844 0.242597
-3.175981 -6.476868 -59.311814 36.862399 -0.139973 -0.301215 -0.943227 0.924129 0.302294 -0.233675 0.355518 -0.904372 0.236049
-0.329219 -9.227986 3.722305 18.162986 0.232603 -0.030645 -0.972089 0.550320 0.828253 0.105571 0.801900 -0.559516 0.209519
-0.288374 -9.028548 -6.209430 -26.735930 0.227336 -0.068018 -0.971438 0.459722 0.886897 0.045485 0.858472 -0.456932 0.232893
-0.375273 -9.372614 -2.105446 41.228181 0.252627 -0.027424 -0.967175 0.570178 0.811815 0.125912 0.781714 -0.583271 0.220723
-0.368236 -10.887484 7.209626 125.535961 0.263006 0.018025 -0.964626 0.638427 0.746366 0.188014 0.723352 -0.665292 0.184791
1.002827 -6.701663 8.408323 2.683926 -0.467969 0.207653 0.859002 0.544475 0.833361 0.095165 -0.696098 0.512239 -0.503049
1.027995 -6.994654 1.436155 3.810735 -0.467204 0.198685 0.861536 0.483767 0.873069 0.060998 -0.740061 0.445281 -0.504019
0.937453 -6.772249 -5.546567 4.334747 -0.498557 0.209191 0.841237 0.468309 0.881639 0.058305 -0.729471 0.423027 -0.537513
1.029941 -6.755964 4.464928 -7.076321 -0.479345 0.180614 0.858840 0.332994 0.942847 -0.012427 -0.811999 0.280033 -0.512092
0.915034 -6.872279 -0.484137 -7.546525 -0.476141 0.223851 0.850400 0.596831 0.792481 0.125562 -0.645819 0.567331 -0.510934
0.704041 -6.721529 -16.087862 1.154604 -0.515163 0.233768 0.824597 0.587404 0.796906 0.141060 -0.624151 0.557040 -0.547852
0.706493 -6.492728 -10.080022 -0.596056 -0.526528 0.210447 0.823699 0.487525 0.868484 0.089748 -0.696483 0.448828 -0.559880
1.006346 -6.632991 -16.513008 0.692726 -0.526462 0.193906 0.827791 0.317697 0.947981 -0.020010 -0.788610 0.252452 -0.560680
0.960920 -6.552087 -17.538056 -1.312764 -0.534152 0.201306 0.821071 0.385500 0.922379 0.024645 -0.752377 0.329687 -0.570294
-0.538002 -19.693128 1.453539 30.914586 -0.469956 0.729729 0.496626 0.835534 0.549196 -0.016310 -0.284647 0.407283 -0.867811
-0.415388 -18.051376 1.618999 114.637882 -0.461723 0.728899 0.505488 0.887001 0.383527 0.257171 -0.006417 0.567110 -0.823617
-0.797449 -19.999011 11.656587 111.955011 -0.463948 0.718668 0.517947 0.884880 0.403489 0.232773 -0.041699 0.566316 -0.823133
-0.924896 -20.951756 19.042134 43.649755 -0.466852 0.719779 0.513778 -0.794185 -0.596802 0.114443 -0.388998 0.354607 -0.850256
-0.639889 -19.690847 -6.222285 47.499366 -0.490139 0.721121 0.489640 -0.683092 -0.666715 0.298121 -0.541432 0.188349 -0.819375
-0.258103 -19.488140 15.323463 32.691161 -0.464929 0.715925 0.520857 -0.722917 -0.646612 0.243483 -0.511108 0.263334 -0.818183
-0.772654 -4.259086 -20.548787 -22.677546 -0.718270 0.692588 0.066411 0.293737 0.388380 -0.873430 0.630719 0.607851 0.482400
-0.662829 -4.433030 -16.351732 -2.354741 -0.703611 0.710585 -0.000566 0.272717 0.269305 -0.923634 0.656169 0.650034 0.383274
-0.950856 -4.060835 12.917657 -2.874609 0.716547 -0.697496 0.007760 -0.302644 -0.300849 0.904376 0.628464 0.650377 0.426665
-1.276422 -3.923092 -0.067641 -22.112797 0.716327 -0.690158 0.102747 -0.345124 -0.222464 0.911811 0.606437 0.688615 0.397547
-1.322712 -4.150745 7.572388 0.159349 0.726603 -0.686504 0.027581 -0.344845 -0.329678 0.878860 0.594248 0.648093 0.476282
0.617892 -31.455386 16.347605 205.097369 0.344393 -0.714680 -0.608790 0.936380 0.214714 0.277651 -0.067716 -0.665680 0.743158
0.642896 -28.963104 -13.460879 260.856177 0.327708 -0.731406 -0.598041 0.935832 0.338204 0.099182 0.129718 -0.592168 0.795305
0.741065 -28.830825 -20.844479 -101.538784 0.350902 -0.739882 -0.573971 0.889437 0.071646 0.451408 -0.292866 -0.668911 0.683219
0.499282 -31.072726 -1.663888 -240.400682 0.356127 -0.733838 -0.578494 0.789336 -0.095094 0.606553 -0.500123 -0.672636 0.545379
0.758088 -28.207771 -13.584882 -386.304725 0.374459 -0.733334 -0.567453 0.675134 -0.203858 0.708968 -0.635590 -0.648586 0.418762
0.175981 -14.474180 -3.350384 23.148849 0.209960 -0.726069 -0.654783 0.876477 0.436543 -0.203022 0.433249 -0.531276 0.728039
0.427211 -20.955778 20.813607 216.964539 0.136527 -0.741009 -0.657469 0.949399 0.287369 -0.126735 0.282848 -0.606898 0.742746
0.605716 -18.449514 -17.358709 79.292844 0.072349 -0.748777 -0.658862 0.984648 0.158835 -0.072387 0.158852 -0.643510 0.748773
0.042871 -16.748766 -11.788947 115.357942 -0.248679 0.705220 0.663946 0.799540 0.536375 -0.270254 0.546713 -0.463645 0.697236
-0.078453 -14.618563 -28.969189 7.136252 0.075315 -0.777546 -0.624300 0.980381 0.172107 -0.096082 0.182155 -0.604816 0.775253
-0.048932 -14.867561 9.038033 28.150202 0.309871 -0.653150 -0.690924 0.659553 0.671080 -0.338589 0.684814 -0.350782 0.638734
-0.148153 -12.268408 18.001429 84.229508 -0.303624 0.692860 0.654031 0.708605 0.623088 -0.331120 0.636939 -0.362914 0.680149
-0.267481 -12.042319 -27.079601 -10.316588 0.219841 -0.745264 -0.629485 0.891159 0.415933 -0.181206 0.396870 -0.521135 0.755588
0.443545 -2.704688 6.465019 20.965968 -0.131841 0.128596 0.982894 0.779286 -0.599370 0.182947 0.612643 0.790075 -0.021192
0.457934 -2.909020 11.496390 -1.725492 -0.154209 0.129445 0.979522 0.760939 -0.616803 0.201308 0.630231 0.776400 -0.003383
0.140993 -3.250087 8.547680 29.747896 -0.221360 0.174004 0.959543 0.776973 -0.563157 0.281365 0.589332 0.807822 -0.010536
0.203461 -3.007893 2.232414 39.620540 -0.152934 0.151951 0.976485 0.791223 -0.573192 0.213114 0.592096 0.805209 -0.032566
0.429049 -2.878308 -0.185708 18.087079 -0.108371 0.136252 0.984729 0.787958 -0.592181 0.168653 0.606117 0.794202 -0.043186
0.044154 -1.242985 -36.692726 9.732142 0.276642 -0.529953 -0.801635 0.815137 -0.312386 0.487817 -0.508940 -0.788394 0.345565
0.320666 -1.422441 -47.216252 -19.229444 0.370150 -0.569959 -0.733577 0.774936 -0.246043 0.582184 -0.512312 -0.783970 0.350609
2.153631 -1.312478 -95.646776 5.748240 0.256544 -0.539442 -0.801990 0.822731 -0.313587 0.474106 -0.507246 -0.781451 0.363367
1.490197 -1.578938 -78.571362 37.685176 0.141178 -0.469626 -0.871505 0.855913 -0.384467 0.345829 -0.497475 -0.794756 0.347681
-0.090605 -1.697662 -23.960716 25.280712 0.139882 -0.445037 -0.884520 0.836793 -0.424432 0.345883 -0.529349 -0.788543 0.313034
-0.663322 -1.274794 -17.235328 16.602428 0.207109 -0.480453 -0.852215 0.824812 -0.382699 0.416204 -0.526109 -0.789117 0.317023
1.019606 -5.637489 -15.211247 -49.941813 -0.549311 0.156906 0.820754 0.029962 0.985279 -0.168306 -0.835080 -0.067861 -0.545926
1.066644 -5.888684 -7.307992 -49.300551 -0.529588 0.160350 0.832961 0.068700 0.986852 -0.146296 -0.845468 -0.020252 -0.533641
1.137238 -5.409915 -11.476565 -32.051570 -0.537062 0.160646 0.828105 0.007642 0.982585 -0.185658 -0.843508 -0.093381 -0.528936
1.064896 -5.148690 -15.784364 -15.016309 -0.550992 0.155158 0.819960 -0.012629 0.980901 -0.194099 -0.834415 -0.117302 -0.538509
1.531150 -1.965228 -25.977536 2.000818 0.802835 -0.035498 -0.595144 -0.573416 -0.319307 -0.754478 0.163251 -0.946986 0.276706
1.373587 -2.124104 -29.480999 13.636956 0.819798 -0.048306 -0.570612 -0.548321 -0.353586 -0.757840 0.165152 -0.934154 0.316357
1.848029 -2.007108 -31.596509 7.589779 0.804544 -0.013966 -0.593729 -0.560848 -0.346695 -0.751832 0.195343 -0.937874 0.286764
-3.361880 -224.729131 -112.369955 9729.505218 -0.025547 0.995245 0.093994 0.760594 -0.041665 0.647889 -0.648725 -0.088043 0.755913
-4.124101 -169.576553 -17.395149 8118.084712 0.031993 0.999032 -0.030186 0.369301 0.016249 0.929168 -0.928759 0.040875 0.368423
-5.825283 -904.282223 845.904783 54479.023423 -0.085533 0.981496 -0.171320 0.186063 0.184660 0.965029 -0.978808 -0.050666 0.198415
-4.233999 -115.507092 -116.001111 1340.706636 -0.005600 0.999724 -0.022816 -0.152618 0.021695 0.988047 -0.988269 -0.009015 -0.152455
-22.017828 -31.326391 -351.341198 547.148588 0.294998 0.855626 0.425299 0.945318 -0.326150 0.000458 0.139103 0.401908 -0.905053
-19.581910 -27.639380 -293.661749 -358.868332 0.439916 0.813851 0.379631 0.841018 -0.225130 -0.491940 -0.314900 0.535689 -0.783502
-24.424581 -30.063722 277.521370 -171.778020 -0.160433 0.671966 0.722996 0.986641 0.130168 0.097956 -0.028288 0.729053 -0.683873
-24.193858 -30.113030 -128.079273 -111.555771 -0.255778 0.837282 0.483255 0.888684 0.006866 0.458468 0.380549 0.546728 -0.745836
7.771055 -8.366703 -38.105248 -2.845007 -0.287553 -0.113747 0.950986 0.847019 0.433279 0.307941 -0.447070 0.894053 -0.028245
8.685667 -9.786376 -30.162861 27.402254 -0.233058 -0.229237 0.945058 0.770935 0.548797 0.323236 -0.592743 0.803910 0.048825
7.585207 -8.700835 -52.565289 20.283580 -0.335126 -0.104218 0.936392 0.739006 0.587419 0.329862 -0.584432 0.802544 -0.119842
6.484529 -8.021776 -56.685694 -12.748833 -0.379098 0.001620 0.925355 0.767645 0.558957 0.313509 -0.516726 0.829195 -0.213144
6.874536 -8.382566 -85.020634 -67.807109 -0.361030 0.065348 0.930262 0.860995 0.406575 0.305587 -0.358252 0.911277 -0.203051
7.121036 -8.208000 -63.874135 13.078616 -0.310878 -0.045493 0.949360 0.925114 0.214609 0.313222 -0.217990 0.975640 -0.024631
7.672738 -7.432986 20.537334 53.530437 -0.202370 -0.254780 0.945586 0.938640 0.224904 0.261482 -0.279287 0.940482 0.193632
-3.609553 -6.754031 -15.891166 18.101208 -0.451552 0.248161 0.857040 0.887422 0.025171 0.460271 0.092649 0.968392 -0.231589
-3.815199 -6.717938 -1.494083 20.870217 -0.499712 0.135290 0.855561 0.866175 0.084102 0.492612 -0.005309 0.987230 -0.159211
-3.868694 -6.461498 -5.466027 16.565210 -0.484673 0.151813 0.861420 0.866968 -0.047236 0.496119 0.116008 0.987280 -0.108723
-3.689970 -6.549039 -16.121563 6.687469 -0.437559 0.248559 0.864153 0.864387 -0.148513 0.480395 0.247745 0.957164 -0.149868
-3.935123 -6.337731 -4.038741 3.717110 -0.466386 0.138293 0.873704 0.856465 -0.176448 0.485113 0.221252 0.974547 -0.036150
-0.809046 -7.737629 5.178088 42.120124 -0.510452 0.697994 0.502239 0.098690 -0.532650 0.840562 -0.854224 -0.478632 -0.203007
-0.808351 -6.653303 0.025274 78.264320 -0.501655 0.712899 0.490018 0.255872 -0.418825 0.871272 -0.826361 -0.562460 -0.027695
-0.452077 -7.656139 8.892854 79.906911 -0.503995 0.725424 0.468774 0.151490 -0.460088 0.874854 -0.850317 -0.511937 -0.121988
-0.545430 -8.269816 1.955193 22.400027 -0.505087 0.688490 0.520450 0.008572 -0.598992 0.800709 -0.863026 -0.408889 -0.296641
0.995427 -29.595673 21.550396 1615.822533 0.563337 0.797233 -0.216959 0.369821 -0.478119 -0.796640 0.738839 -0.368541 0.564175
-0.347532 -108.608463 38.933071 4015.895549 0.543602 0.803818 -0.241606 0.404735 -0.503208 -0.763525 0.735313 -0.317268 0.598878
10.986749 -119.012539 480.774809 6370.097016 0.555947 0.811193 -0.181351 0.352992 -0.427930 -0.832029 0.752542 -0.398549 0.524251
-0.201114 -5.153602 20.877771 25.310488 -0.282120 0.411247 0.866767 -0.042460 0.897229 -0.439520 -0.958439 -0.160800 -0.235665
-0.395474 -5.377088 11.676572 35.053449 -0.304578 0.394326 0.867029 -0.006805 0.909355 -0.415966 -0.952463 -0.132594 -0.274286
-0.431843 -5.318491 20.279572 28.506868 -0.284550 0.368045 0.885197 -0.141834 0.897044 -0.418563 -0.948111 -0.244653 -0.203053
-0.366934 -5.419563 16.813025 7.985730 -0.281822 0.361042 0.888946 -0.234902 0.872341 -0.428769 -0.930267 -0.329652 -0.161036
-0.630214 -6.205538 9.845108 8.836111 -0.293288 0.324889 0.899127 -0.301255 0.861165 -0.409439 -0.907319 -0.390950 -0.154695
0.770427 -3.383360 -14.552339 -7.627741 -0.508866 0.227932 0.830122 0.078102 0.972557 -0.219164 -0.857295 -0.046691 -0.512703
0.388479 -3.401696 -26.480362 -13.477119 -0.521530 0.257272 0.813522 0.138797 0.966339 -0.216620 -0.841868 -0.000059 -0.539683
0.752632 -3.761237 -6.484422 -17.668167 -0.489209 0.298171 0.819615 0.174785 0.954199 -0.242806 -0.854474 0.024473 -0.518918
0.969419 -3.569726 9.132552 -7.907951 -0.478958 0.252681 0.840685 0.080394 0.966279 -0.244627 -0.874149 -0.049580 -0.483121
2.487016 -7.278199 -26.669418 -75.054675 -0.204571 0.147807 0.967628 0.772104 -0.583255 0.252328 0.601670 0.798728 0.005195
1.880221 -8.410778 -13.033923 -97.466849 -0.246753 0.271201 0.930356 0.725849 -0.584363 0.362856 0.642072 0.764834 -0.052657
1.239173 -9.411808 15.111124 152.214967 0.232660 -0.198105 -0.952168 -0.653879 0.692870 -0.303930 0.719939 0.693315 0.031667
2.420566 -7.682791 -45.291135 -112.927725 -0.174735 0.093138 0.980200 0.738503 -0.646027 0.193034 0.651215 0.757611 0.044101
1.512047 -10.122921 46.399663 175.856131 0.181962 -0.090577 -0.979125 -0.634782 0.749643 -0.187317 0.750961 0.655615 0.078910
0.571015 -10.990553 -15.083683 117.765570 0.276593 -0.231233 -0.932753 -0.481199 0.806843 -0.342712 0.831831 0.543632 0.111898
0.261302 -12.042943 5.669904 145.213431 0.235769 -0.157697 -0.958929 -0.462063 0.849883 -0.253371 0.854933 0.502822 0.127510
0.105163 -9.522257 32.318292 -76.751171 -0.337203 -0.204903 0.918863 0.340035 0.883629 0.321831 -0.877878 0.420968 -0.228288
0.675810 -10.066834 8.111311 -76.730421 -0.379454 -0.194676 0.904498 0.371378 0.863351 0.341620 -0.847404 0.465539 -0.255303
0.268570 -10.661846 26.549983 -46.865457 -0.362169 -0.222147 0.905254 0.535566 0.745276 0.397155 -0.762891 0.628660 -0.150942
-0.219361 -9.849628 27.557130 -70.617812 -0.343692 -0.210113 0.915275 0.437326 0.826699 0.353998 -0.831037 0.521940 -0.192242
-0.351272 -8.825747 25.258714 -59.404703 -0.340130 -0.185890 0.921822 0.327378 0.895539 0.301385 -0.881553 0.404294 -0.243743
-0.059048 -8.130029 34.021354 -67.505775 -0.319715 -0.184125 0.929452 0.189634 0.948656 0.253161 -0.928343 0.257195 -0.268383
-0.072757 -14.070689 0.856847 -58.345056 -0.551637 0.124164 0.824791 0.771038 0.453055 0.447483 -0.318114 0.882794 -0.345657
-0.013487 -13.902892 12.109359 -35.300604 -0.536604 0.118570 0.835463 0.795608 0.401006 0.454094 -0.281183 0.908370 -0.309517
0.023812 -14.364752 0.426887 6.539082 -0.533611 0.130234 0.835642 0.838688 0.208729 0.503025 -0.108912 0.969263 -0.220606
-0.037018 -14.654543 -12.064152 -36.757214 -0.555046 0.140965 0.819789 0.793151 0.386682 0.470520 -0.250671 0.911376 -0.326432
-1.598906 -9.322351 35.954483 -5.915280 -0.500033 -0.187680 0.845425 0.852579 -0.277928 0.442566 0.151906 0.942089 0.298985
-1.771067 -9.564627 43.851253 41.017407 -0.473368 -0.205579 0.856539 0.880727 -0.093265 0.464351 -0.015575 0.974186 0.225208
-1.198651 -9.479890 22.520299 21.109318 -0.476398 -0.199884 0.856207 0.874801 -0.205376 0.438798 0.088135 0.958054 0.272700
-0.999892 -9.582550 19.590012 -47.434107 -0.512098 -0.183338 0.839132 0.820766 -0.392419 0.415152 0.253179 0.901329 0.351435
-1.465162 -9.545389 22.447036 -45.118758 -0.526501 -0.154401 0.836036 0.782160 -0.473372 0.405148 0.333201 0.867225 0.369998
1.934924 -4.784126 -24.204007 4.764280 -0.465060 0.357076 0.810071 0.755966 0.636360 0.153494 -0.460688 0.683771 -0.565883
2.594055 -4.572620 -50.277696 6.726438 -0.476825 0.326445 0.816132 0.769393 0.603987 0.207928 -0.425056 0.727071 -0.539161
2.597702 -4.744068 -49.959771 12.122895 -0.464475 0.329025 0.822196 0.726863 0.672005 0.141698 -0.505898 0.663439 -0.551286
1.839705 -4.887067 -12.371948 9.559208 -0.445283 0.363702 0.818195 0.712247 0.697636 0.077512 -0.542611 0.617272 -0.569692
1.462258 -4.998537 -1.966371 4.398119 -0.451181 0.380588 0.807210 0.738085 0.667584 0.097788 -0.501664 0.639909 -0.582108
1.350798 -4.941740 -20.747971 0.633949 -0.487546 0.365433 0.792943 0.772670 0.603478 0.196965 -0.406546 0.708713 -0.576582
-0.825323 -5.757126 20.318752 8.445559 -0.111465 0.334686 0.935714 0.044839 0.942317 -0.331706 -0.992756 0.004983 -0.120042
-0.369283 -5.425501 50.644725 2.742810 -0.096839 0.285850 0.953369 0.141532 0.952092 -0.271091 -0.985186 0.108680 -0.132656
-1.060105 -5.498010 3.962716 10.103134 -0.126694 0.378153 0.917033 0.184927 0.917279 -0.352705 -0.974551 0.124899 -0.186145
-0.751414 -5.129146 17.096930 2.282600 -0.225348 0.407387 0.885016 -0.055204 0.901583 -0.429070 -0.972713 -0.145547 -0.180681
-0.475672 -5.486574 24.960341 33.879883 -0.223458 0.434406 0.872558 -0.085888 0.882937 -0.461568 -0.970922 -0.178083 -0.159989
-0.236663 -5.016154 25.808789 -12.347497 -0.216540 0.438811 0.872098 -0.022593 0.890801 -0.453832 -0.976012 -0.117976 -0.182979
-0.777017 -4.856381 4.487529 -32.799060 -0.248247 0.383158 0.889699 -0.015043 0.916814 -0.399032 -0.968580 -0.112442 -0.221832
2.486248 -14.809196 60.942142 -257.817711 0.369068 0.046892 -0.928219 0.929377 -0.011320 0.368957 0.006793 -0.998836 -0.047758
3.515447 -11.361292 61.984161 -177.390617 0.271017 0.028743 -0.962145 0.943526 -0.205800 0.259624 -0.190547 -0.978172 -0.082895
2.980551 -13.339121 31.325707 -266.694243 0.317354 -0.015050 -0.948188 0.947808 -0.027406 0.317661 -0.030767 -0.999511 0.005567
39.124753 -0.562131 2034.879746 54.174766 0.754218 -0.440898 0.486584 0.581156 0.103294 -0.807210 -0.305636 -0.891594 -0.334137
6.304146 -6.938968 -178.901977 -80.619962 0.032455 0.235076 -0.971435 0.944876 -0.324060 -0.046851 -0.325817 -0.916365 -0.232635
51.006654 -5.790850 -1983.045632 -87.511691 -0.477179 0.223357 -0.849948 0.878802 0.124061 -0.460776 0.002528 -0.966809 -0.255486
2.989269 -44.689122 -31.182950 -38.701320 -0.123739 0.384106 0.914960 0.842732 -0.446142 0.301264 0.523919 0.808344 -0.268494
2.553765 -59.716357 7.543965 320.991133 -0.201597 0.364000 0.909320 0.918689 -0.251673 0.304418 0.339660 0.896752 -0.283666
0.950619 -41.697374 -11.471609 -9.829288 -0.173604 0.386161 0.905948 0.976443 -0.052202 0.209365 0.128141 0.920953 -0.368001
3.134808 -134.681490 -54.020971 -5739.377703 0.206226 -0.374941 -0.903820 -0.646206 0.641413 -0.413530 0.734771 0.669334 -0.110013
2.616432 -4.737612 2.215075 -10.644869 -0.356698 0.128570 0.925330 0.300445 0.953653 -0.016689 -0.884590 0.272058 -0.378794
2.148597 -4.773452 37.186328 -8.852220 -0.296553 0.070782 0.952390 0.286436 0.957930 0.017996 -0.911049 0.278135 -0.304351
2.222226 -4.609031 14.802688 -3.702309 -0.331018 0.102400 0.938052 0.213455 0.976452 -0.031269 -0.919165 0.189882 -0.345082
-2.468879 -5.323703 7.520944 68.536063 0.039941 -0.116258 0.992416 0.815414 0.577827 0.034873 -0.577499 0.807837 0.117877
-2.094896 -4.737154 13.714016 58.376154 0.253179 -0.022134 0.967166 0.792904 0.577523 -0.194345 -0.554260 0.816074 0.163767
-1.778529 -4.085536 18.551423 30.879310 0.259085 -0.005694 0.965838 0.819759 0.530099 -0.216774 -0.510755 0.847917 0.142008
-2.023030 -4.331403 24.184713 18.113433 0.149493 -0.042160 0.987864 0.854624 0.507965 -0.107651 -0.497261 0.860345 0.111968
-2.557683 -5.124762 16.076568 66.141539 -0.093537 -0.159259 0.982796 0.824325 0.541185 0.166152 -0.558335 0.825685 0.080661
-2.875205 -6.444115 9.024831 78.991191 -0.151638 -0.186711 0.970641 0.745647 0.623023 0.236332 -0.648858 0.759593 0.044747
0.441462 -5.722524 22.787174 -0.919932 -0.262488 0.408929 0.874001 0.946053 -0.069245 0.316526 0.189956 0.909935 -0.368692
-0.143715 -6.061034 21.473706 -7.913572 -0.249368 0.398931 0.882423 0.941427 -0.113732 0.317458 0.227003 0.909901 -0.347204
-0.004140 -5.861513 19.840904 11.250960 -0.283303 0.401956 0.870730 0.948121 -0.019168 0.317332 0.144244 0.915458 -0.375672
-0.679878 -2.838670 3.426539 -20.801913 -0.319757 0.230329 0.919078 0.808694 0.571799 0.138055 -0.493730 0.787397 -0.369102
-0.943568 -3.237576 2.529218 -25.565533 -0.308976 0.239484 0.920425 0.838439 0.525422 0.144746 -0.448947 0.816443 -0.363135
-0.962581 -3.058701 9.729741 -22.007966 -0.218251 0.307524 0.926173 0.851982 0.522866 0.027157 -0.475912 0.795010 -0.376121
1.810596 -14.046211 35.821059 25.494804 -0.397364 0.151625 0.905048 0.282044 0.958696 -0.036781 -0.873243 0.240648 -0.423716
1.103126 -13.959830 31.747494 -140.355642 -0.379808 0.155630 0.911880 0.416144 0.909117 0.018170 -0.826178 0.386375 -0.410055
1.266559 -13.390324 31.391718 -38.374227 -0.356389 0.205454 0.911469 0.300163 0.948990 -0.096546 -0.884810 0.239181 -0.399879
2.366455 -15.596307 21.898509 232.882648 -0.379772 0.230042 0.896021 0.165707 0.969838 -0.178760 -0.910118 0.080588 -0.406437
2.173168 -13.988814 -19.807248 118.068917 -0.354195 0.318923 0.879110 0.180232 0.945708 -0.270467 -0.917640 0.062645 -0.392445
0.501456 -12.934688 8.122859 -94.823480 -0.310863 0.279732 0.908358 0.354154 0.920975 -0.162417 -0.882009 0.271209 -0.385365
-1.277252 -4.306485 10.757416 -59.118618 -0.009303 0.985067 -0.171920 -0.906573 -0.080856 -0.414232 0.421947 -0.152004 -0.893787
-1.433163 -5.038672 -5.385292 -121.447328 0.022860 0.978984 -0.202654 -0.925246 -0.056063 -0.375201 0.378677 -0.196082 -0.904519
-2.169013 -15.687995 -11.014139 -475.814457 0.314494 0.946526 -0.071992 -0.872606 0.258409 -0.414467 0.373700 -0.193168 -0.907212
-1.438984 -4.993685 -8.636143 -111.187696 0.097314 0.988135 -0.118823 -0.883130 0.030681 -0.468123 0.458924 -0.150491 -0.875638
-0.028130 -3.725206 9.858115 80.104782 0.106359 0.993938 -0.027840 -0.834792 0.074048 -0.545564 0.540195 -0.081266 -0.837607
0.305387 -7.924420 47.210894 260.627418 0.189321 0.978683 0.079610 -0.791111 0.200056 -0.578032 0.581636 -0.046453 -0.812122
-0.596348 -5.282942 39.007975 135.239901 0.078018 0.996838 -0.015043 -0.854484 0.059088 -0.516107 0.513586 -0.053119 -0.856392
-0.212907 -2.459929 25.771276 11.856469 0.812835 -0.244334 0.528773 -0.527716 0.075429 0.846065 0.246607 0.966753 0.067628
0.284982 -2.539275 17.457549 13.670353 0.857464 -0.248700 0.450448 -0.448454 0.068006 0.891215 0.252278 0.966190 0.053218
0.216411 -2.822998 26.179676 15.187540 0.825541 -0.250125 0.505886 -0.485724 0.141474 0.862588 0.287325 0.957822 0.004699
-5.245784 -8.000092 -49.750114 37.173124 0.324607 -0.475059 -0.817893 0.939407 0.262678 0.220262 0.110205 -0.839833 0.531541
-4.265085 -7.143872 19.025698 48.946569 0.137710 -0.561249 -0.816110 0.973646 0.227939 0.007536 0.181793 -0.795640 0.577847
3.277015 -0.765293 -287.710400 93.369810 0.136210 0.909628 -0.392459 0.018648 -0.398435 -0.917007 0.990504 -0.117587 0.071234
4.063574 -0.549010 -220.754753 19.141405 0.156660 0.614252 -0.773403 0.011779 0.781854 0.623350 0.987582 -0.106764 0.115250
1.215525 -1.014972 101.632074 -142.487389 0.056847 -0.191579 -0.979830 0.052340 0.980639 -0.188701 0.997010 -0.040558 0.065773
-3.562441 -7.122364 21.599017 -10.892205 0.360175 -0.165306 -0.918122 -0.607599 0.705234 -0.365334 0.707883 0.689434 0.153568
-3.698407 -7.069112 -19.120966 -16.292999 -0.383674 0.182801 0.905195 0.722952 -0.550422 0.417585 0.574574 0.814629 0.079027
-3.858441 -6.905016 -10.362108 -29.373551 -0.429868 0.097293 0.897635 0.755032 -0.506439 0.416469 0.495117 0.856769 0.144243
-1.457752 -17.223104 -26.188015 13.248671 0.600793 -0.378115 -0.704327 0.691320 -0.196657 0.695272 -0.401403 -0.904630 0.143249
-0.057286 -5.694283 -22.125872 0.788954 0.233707 -0.230206 -0.944662 -0.025696 0.969766 -0.242681 0.971967 0.080990 0.220725
0.138757 -5.888513 5.027010 19.753646 0.202597 -0.230101 -0.951844 -0.081884 0.964617 -0.250617 0.975833 0.128715 0.176587
0.077380 -5.979386 0.219405 3.793794 0.199486 -0.271522 -0.941531 0.065873 0.962386 -0.263580 0.977684 -0.009441 0.209869
-0.205223 -1.635460 61.941009 -20.402714 0.718549 0.148213 -0.679500 -0.575137 -0.422697 -0.700389 0.391029 -0.894069 0.218486
0.952069 -1.624504 76.359671 -5.763013 0.665154 0.104991 -0.739288 -0.632445 -0.447131 -0.632525 0.396968 -0.888285 0.231010
0.009503 -1.457582 66.640753 -1.204972 0.614114 0.074308 -0.785711 0.676658 0.462825 0.572649 0.406199 -0.883330 0.233946
3.162705 -4.248260 -42.027120 -0.512908 0.185330 -0.178924 -0.966250 0.981790 -0.008039 0.189799 -0.041727 -0.983830 0.174176
3.482767 -4.216281 5.746688 -8.603805 0.161178 -0.101338 -0.981709 0.978688 -0.111840 0.172227 -0.127248 -0.988546 0.081152
2.200115 -4.105996 -75.354785 -4.982303 0.135607 -0.267139 -0.954069 0.988025 -0.035073 0.150253 -0.073600 -0.963020 0.259184
0.255261 -7.234682 24.123177 4.132025 0.259679 -0.181282 -0.948527 -0.262809 0.931883 -0.250050 0.929246 0.314214 0.194348
0.725143 -6.854489 15.570615 -47.598034 0.276113 -0.130831 -0.952179 -0.042541 0.988057 -0.148097 0.960183 0.081398 0.267249
0.551162 -7.392623 22.115993 0.585694 0.268288 -0.172827 -0.947709 -0.216003 0.947934 -0.234016 0.938810 0.267491 0.216988
0.771694 -5.179647 4.421310 2.228688 0.522305 0.127539 -0.843167 0.429349 0.814957 0.389235 0.736788 -0.565313 0.370898
0.889521 -6.491038 26.402496 99.438898 0.560735 0.218333 -0.798691 0.437595 0.740745 0.509713 0.702913 -0.635317 0.319820
0.120202 -16.800251 19.635054 101.041449 0.279420 0.059387 -0.958331 0.885298 0.370459 0.281083 0.371715 -0.926948 0.050939
0.054130 -15.950887 1.394595 70.721997 0.304546 0.045095 -0.951430 0.925084 0.223917 0.306726 0.226873 -0.973564 0.026477
0.094632 -12.935261 -62.775295 -87.370452 -0.641859 0.103867 0.759755 0.273713 0.956550 0.100468 -0.716308 0.272442 -0.642400
-0.724531 -13.124838 -46.131639 -33.905927 -0.603377 0.118406 0.788617 0.367846 0.918748 0.143497 -0.707549 0.376672 -0.597907
0.088737 -13.724449 -73.364533 35.252819 -0.638546 0.128589 0.758764 0.483619 0.833990 0.265656 -0.598642 0.536587 -0.594730
-0.165731 -13.051371 -62.347848 76.811291 -0.614001 0.136609 0.777394 0.627354 0.682154 0.375623 -0.478989 0.718334 -0.504545
0.937860 -13.469454 86.068503 107.990136 0.649641 -0.116663 -0.751237 0.599335 0.686533 0.411667 -0.467722 0.717678 -0.515920
-0.510272 -4.184545 -26.304989 -28.953044 -0.215349 0.272311 0.937801 0.771424 -0.541400 0.334351 0.598773 0.795445 -0.093477
0.015828 -3.759431 -11.190531 -33.208317 -0.175786 0.236520 0.955593 0.793710 -0.540175 0.279706 0.582343 0.807632 -0.092773
-0.215204 -3.750316 -35.004098 -34.288895 -0.123429 0.224334 0.966664 0.844029 -0.488575 0.221154 0.521901 0.843190 -0.129040
-0.113680 -4.159199 -7.993853 -9.668763 -0.245582 0.275460 0.929414 0.700985 -0.611774 0.366541 0.669559 0.741522 -0.042853
-0.890258 -4.205085 -44.842772 -38.166595 -0.181760 0.255081 0.949683 0.827154 -0.482606 0.287935 0.531770 0.837869 -0.123273
-0.730521 -4.532420 -29.409229 10.262215 -0.271235 0.311069 0.910861 0.664969 -0.623623 0.410987 0.695880 0.717168 -0.037703
-1.237553 -4.592757 -34.254536 -16.661515 -0.260370 0.281261 0.923634 0.755801 -0.535911 0.376251 0.600810 0.796048 -0.073042
1.276837 -15.623547 -11.881421 184.560090 0.516898 -0.287957 -0.806162 0.780315 -0.228773 0.582041 -0.352031 -0.929916 0.106445
5.117852 -15.761207 -142.020961 251.272763 0.624138 -0.293965 -0.723903 0.650380 -0.317954 0.689863 -0.432963 -0.901382 -0.007258
2.223152 -18.679412 -73.838269 294.148101 0.520527 -0.292188 -0.802295 0.704915 -0.383165 0.596892 -0.481816 -0.876248 0.006519
1.009280 -7.159109 -4.490110 -11.242664 -0.464298 0.227627 0.855928 0.606828 0.785688 0.120226 -0.645126 0.575222 -0.502924
1.013028 -7.348863 3.885542 -7.051113 -0.443957 0.211980 0.870613 0.585959 0.803755 0.103101 -0.677904 0.555915 -0.481044
0.963126 -7.074386 3.989098 -7.818760 -0.461779 0.181335 0.868261 0.459495 0.886199 0.059298 -0.758700 0.426344 -0.492550
0.917719 -6.848941 7.245099 -7.442548 -0.469088 0.164735 0.867651 0.341965 0.939690 0.006468 -0.814258 0.299740 -0.497131
-0.564154 -17.563033 10.100875 181.631508 -0.453565 0.723513 0.520391 0.857428 0.194982 0.476234 0.243095 0.662201 -0.708798
-0.194335 -16.713365 12.369024 145.261692 -0.443126 0.717483 0.537455 0.868133 0.193930 0.456877 0.223573 0.669036 -0.708806
-0.334283 -15.681628 10.549919 112.353240 -0.428098 0.729734 0.533123 0.775182 -0.006743 0.631702 0.464570 0.683698 -0.562790
-0.630828 -15.851230 19.073729 123.642188 -0.437615 0.728467 0.527094 0.767520 -0.002744 0.641019 0.468408 0.685075 -0.557913
-0.864372 -12.902240 -6.850993 -2.093815 0.416374 -0.688144 -0.594215 0.168413 0.700627 -0.693367 0.893460 0.188626 0.407615
-0.820226 -11.316331 5.088447 36.868516 0.433901 -0.645430 -0.628609 0.242807 0.755666 -0.608288 0.867626 0.111306 0.484599
-0.802053 -15.903384 5.246552 157.473555 0.425594 -0.629429 -0.650145 0.356017 0.776987 -0.519175 0.831938 -0.010505 0.554769
-0.567651 -4.283202 9.336675 -18.336058 0.677914 -0.726022 0.115432 -0.285866 -0.115680 0.951262 0.677284 0.677872 0.285966
-0.335259 -5.037404 -14.154714 -11.260846 -0.690423 0.722388 -0.038354 0.259850 0.198174 -0.945095 0.675125 0.662482 0.324536
-0.223073 -4.487382 -12.949134 -0.032221 -0.644574 0.733743 -0.214815 0.313814 -0.002298 -0.949482 0.697169 0.679424 0.228778
-0.184605 -3.728389 10.299307 -0.162777 -0.597842 0.713526 -0.365329 0.399774 -0.129635 -0.907401 0.694813 0.688531 0.207748
0.694119 -31.816442 29.191242 314.599776 0.307935 -0.710934 -0.632257 0.899239 0.434520 -0.050624 0.310719 -0.552961 0.773103
0.820619 -27.190256 2.550694 340.486260 -0.297206 0.732235 0.612781 0.820275 0.524282 -0.228642 0.488690 -0.434695 0.756453
0.939462 -30.512534 -2.211412 383.573533 0.317189 -0.717546 -0.620095 0.863307 0.489112 -0.124382 0.392546 -0.495880 0.774604
1.041005 -31.457438 -32.484492 708.046768 -0.000097 -0.748782 -0.662816 0.998947 -0.030488 0.034296 -0.045888 -0.662115 0.747996
1.171114 -48.010231 34.192817 1382.060690 0.089867 -0.735151 -0.671921 0.989625 0.141848 -0.022838 0.112100 -0.662897 0.740271
-0.141198 -30.890790 36.451981 675.277462 0.204007 -0.735616 -0.645949 0.862898 0.446758 -0.236249 0.462371 -0.509192 0.725904
-2.512394 -4.198063 -16.003166 9.289710 0.973509 -0.114150 -0.198114 0.069544 -0.677588 0.732146 0.217814 0.726528 0.651700
-2.860407 -4.105486 -14.321447 -1.924573 0.962047 -0.248661 -0.112395 -0.071962 -0.628483 0.774487 0.263223 0.737005 0.622525
-3.008136 -3.977974 -17.289081 -9.304780 0.952953 -0.120428 -0.278167 0.152211 -0.603479 0.782716 0.262129 0.788232 0.556757
-2.171949 -4.263819 -9.695910 14.772622 0.980407 -0.066034 -0.185585 0.083192 -0.715191 0.693960 0.178553 0.695803 0.695685
-2.277771 -4.302460 -2.883582 2.226784 0.970700 -0.211946 -0.113225 -0.083141 -0.738331 0.669295 0.225452 0.640271 0.734319
0.507709 -1.933365 -57.329097 26.850751 0.807824 -0.589423 -0.000730 -0.065039 -0.087907 -0.994003 -0.585824 -0.803028 0.109349
1.830435 -1.199324 -65.439597 7.521170 0.811088 -0.504641 0.295758 0.199145 -0.237184 -0.950834 -0.549979 -0.830109 0.091880
2.120488 -1.401972 -104.580677 -1.349780 0.776466 -0.526304 0.346561 0.249592 -0.248126 -0.936022 -0.578623 -0.813288 0.061300
1.977758 -2.223816 -32.898147 8.883466 0.786508 -0.030634 -0.616819 -0.576436 -0.394867 -0.715404 0.221646 -0.918227 0.328225
1.339222 -2.604876 -39.067712 16.277326 0.800993 -0.076316 -0.593790 -0.566163 -0.418965 -0.709879 0.194602 -0.904790 0.378795
-0.458642 -61.155115 -75.798527 -2337.719694 0.567036 -0.016178 -0.823534 -0.330711 0.911212 -0.245608 0.754388 0.411620 0.511339
-8.225115 -41.687762 -329.901804 -1258.175016 0.540267 0.007032 -0.841465 -0.399646 0.882140 -0.249223 0.740537 0.470935 0.479401
13.115773 -677.830851 -1056.622102 28150.336841 -0.528939 -0.032611 0.848033 0.599423 -0.721728 0.346121 0.600762 0.691408 0.401298
0.679748 -58.473525 -138.310025 -1961.061146 0.430522 0.110697 -0.895766 -0.588320 0.787066 -0.185493 0.684493 0.606856 0.403974
-1.318936 -47.265721 103.340866 859.327503 -0.400382 -0.044275 0.915278 0.884236 -0.280772 0.373221 0.240460 0.958753 0.151565
-7.698437 -39.623779 237.741512 394.688798 -0.452103 -0.013377 0.891865 0.871617 -0.218984 0.438555 0.189438 0.975637 0.110663
8.559064 -9.907524 32.385651 75.679513 -0.090439 -0.379061 0.920942 0.819905 0.496572 0.284907 -0.565311 0.780851 0.265884
9.342135 -10.809158 -33.427653 28.878705 -0.175967 -0.332064 0.926698 0.659742 0.658897 0.361378 -0.730600 0.674973 0.103132
0.501582 -6.953026 72.675953 117.006289 -0.474023 0.796492 0.375369 0.212226 -0.310390 0.926617 -0.854554 -0.518901 0.021904
0.192928 -4.569058 55.679076 77.178473 -0.492730 0.808572 0.321603 0.280484 -0.202280 0.938303 -0.823739 -0.552535 0.127122
1.638238 -6.517520 83.491078 119.913558 -0.516796 0.809762 0.277860 0.190489 -0.207661 0.959474 -0.834647 -0.548782 0.046932
-0.903772 -9.695342 44.846109 -4.232549 0.609866 0.086967 0.787718 0.000850 0.993888 -0.110387 -0.792504 0.067991 0.606065
-0.144956 -9.422816 61.937153 -38.029615 0.643345 0.063769 0.762916 -0.050411 0.997891 -0.040899 -0.763915 -0.012148 0.645203
-0.664366 -9.720756 42.187541 42.627404 0.623624 0.062280 0.779240 0.153664 0.967607 -0.200312 -0.766473 0.244661 0.593852
-0.642603 -9.094732 44.025195 -84.051580 0.609903 0.068498 0.789510 -0.183841 0.981309 0.056881 -0.770857 -0.179836 0.611096
-1.675146 -9.822764 38.969289 48.412136 0.584856 0.110318 0.803601 0.131660 0.964660 -0.228249 -0.800381 0.239294 0.549662
-1.764708 -9.766832 37.633338 -28.792535 0.572397 0.098872 0.813993 -0.077601 0.994780 -0.066263 -0.816296 -0.025238 0.577082
-0.286891 -5.312282 13.215135 -9.305255 -0.295929 0.433279 0.851291 0.053809 0.897354 -0.438019 -0.953693 -0.083815 -0.288867
-0.389937 -5.414144 4.114233 -3.135571 -0.318841 0.419541 0.849897 0.062019 0.904011 -0.422987 -0.945777 -0.082156 -0.314255
-0.668743 -5.560777 6.455491 48.224314 -0.321966 0.361760 0.874910 -0.015643 0.921960 -0.386970 -0.946622 -0.138277 -0.291181
2.795789 -7.318529 -23.592239 5.239435 -0.228787 0.210228 0.950505 0.806496 -0.505885 0.306013 0.545179 0.836591 -0.053809
2.167870 -7.260708 -20.625276 -68.304095 -0.242161 0.305552 0.920867 0.771182 -0.515326 0.373788 0.588758 0.800673 -0.110844
