13196
26370
-7.639790 -10.487202 -87.416851 -127.152379 0.924852 -0.115308 -0.362426 0.043891 -0.914207 0.402863 0.377786 0.388496 0.840446
-9.400899 -12.410422 -183.635006 151.794805 0.907471 0.064457 -0.415140 -0.165756 0.962929 -0.212822 0.386033 0.261942 0.884514
-8.382255 -13.877921 84.762498 390.766878 0.696406 0.440004 -0.566935 -0.566382 0.822123 -0.057667 0.440716 0.361262 0.821742
-7.078086 -11.843813 21.128060 106.161897 0.935331 -0.225482 -0.272607 0.134383 0.939257 -0.315812 0.327258 0.258755 0.908817
-5.875458 -9.492913 88.959103 -192.973735 0.838635 0.085744 -0.537903 0.335043 -0.859819 0.385301 0.429462 0.503348 0.749802
-6.021481 -8.909755 15.300052 -77.861407 0.880223 -0.464960 -0.094978 -0.321444 -0.731390 0.601450 0.349116 0.498880 0.793245
-6.635791 -10.224422 33.240828 -78.671625 0.911516 -0.383039 -0.149733 -0.274602 -0.837882 0.471749 0.306157 0.388890 0.868926
-9.444395 -12.347879 40.861035 89.845008 0.437736 -0.404997 0.802723 0.446195 0.872958 0.197116 -0.780575 0.271887 0.562832
-7.972277 -12.327473 121.805546 83.810243 0.568556 -0.467568 0.676849 0.488605 0.853859 0.179416 -0.661822 0.228703 0.713923
-8.940398 -11.672092 89.707815 119.392358 0.516915 -0.401989 0.755780 0.545905 0.834861 0.070679 -0.659383 0.376049 0.651000
-8.779952 -12.551164 110.477026 27.066864 0.497054 -0.440521 0.747582 0.369582 0.886972 0.276930 -0.785078 0.138643 0.603681
-10.552001 -11.916503 77.224500 83.115089 0.347806 -0.445984 0.824699 0.546692 0.811074 0.208056 -0.761682 0.378493 0.525913
-11.100769 -12.398105 92.735938 20.077882 0.351316 -0.369588 0.860222 0.375983 0.897140 0.231897 -0.857446 0.241959 0.454138
-10.757809 -12.522627 34.489241 -0.222331 0.381962 -0.325486 0.864965 0.252018 0.937141 0.241357 -0.889152 0.125798 0.439981
-0.454259 -3.523164 82.494006 1.846664 0.556255 0.632140 -0.539425 -0.402155 0.772816 0.490944 0.727222 -0.056158 0.684101
-0.719781 -3.438412 50.830913 -42.261177 0.610167 0.530139 -0.588769 -0.271843 0.838115 0.472932 0.744176 -0.128515 0.655505
-0.105895 -3.261302 60.626797 0.894700 0.575453 0.611752 -0.542784 -0.354901 0.784729 0.508179 0.736817 -0.099798 0.668686
-3.436251 -4.607847 -128.666492 35.019552 0.462467 0.700688 0.543286 -0.429182 -0.359267 0.828692 -0.775840 0.616411 -0.134573
-4.507981 -5.128318 -125.943657 38.214532 0.554029 0.713928 0.428203 -0.406903 -0.216506 0.887443 -0.726279 0.665906 -0.170549
-2.283213 -5.216791 -114.194916 41.407006 0.477426 0.723293 0.498910 -0.449078 -0.287183 0.846082 -0.755244 0.627991 -0.187707
-2.367994 -7.175703 -23.637889 -10.710334 0.493770 -0.173534 -0.852102 0.087126 0.984828 -0.150077 0.865217 -0.000137 0.501398
-2.757426 -6.963572 -14.700766 -57.585527 0.480927 -0.109535 -0.869892 0.165872 0.985615 -0.032404 0.860927 -0.128707 0.492177
-2.768097 -7.441131 -25.698934 -5.765556 0.471938 -0.137914 -0.870778 0.075599 0.990382 -0.115885 0.878384 -0.011139 0.477825
0.699797 -13.973865 -55.877710 -107.608077 -0.921784 0.387536 0.011440 0.387162 0.921653 -0.025704 -0.020505 -0.019265 -0.999604
1.204032 -14.302749 47.643659 -92.104347 0.908205 -0.417436 -0.030183 0.418380 0.907428 0.039144 -0.011049 0.048179 -0.998778
1.566336 -13.932068 46.186048 -117.658598 0.915680 -0.400617 -0.032195 0.393316 0.909698 -0.133234 -0.082664 -0.109337 -0.990562
0.343863 -14.753042 26.787653 -39.980051 0.915745 -0.400585 -0.030713 0.398720 0.896768 0.191912 0.049334 0.187988 -0.980931
1.137161 -13.019636 53.507966 -91.788110 0.933215 -0.358850 -0.018336 0.345935 0.911084 -0.224178 -0.097151 -0.202863 -0.974376
0.548003 -12.825426 53.156119 -158.628085 0.937651 -0.347540 -0.005245 0.342764 0.927058 -0.151908 -0.057656 -0.140639 -0.988381
-0.126683 -14.407382 38.937431 -18.495139 0.925522 -0.378603 -0.008332 0.372979 0.907524 0.193100 0.065547 0.181826 -0.981144
0.108164 -13.427385 29.045824 -105.587664 0.933426 -0.358547 -0.012637 0.358751 0.933158 0.022657 -0.003669 0.025682 -0.999663
-0.546577 -27.710540 -30.802916 85.980673 0.585897 -0.097433 -0.804507 0.290481 0.952028 0.096249 0.756535 -0.290085 0.586093
-0.557879 -25.980970 -9.092709 -371.297570 0.565883 -0.081079 -0.820489 0.491700 0.832005 0.256904 0.661821 -0.548812 0.510684
-0.572599 -27.986783 41.247174 138.641132 0.529420 -0.075212 -0.845019 0.277731 0.956540 0.088866 0.801611 -0.281735 0.527300
-0.786196 -26.180938 22.163727 -491.253503 0.566861 -0.074872 -0.820404 0.528599 0.796881 0.292512 0.631864 -0.599478 0.491298
-0.520911 -27.759908 12.889330 445.363799 0.560521 -0.095163 -0.822654 0.093106 0.994319 -0.051582 0.822890 -0.047681 0.566197
-0.857382 -26.283145 -13.129674 393.575977 0.578077 -0.093113 -0.810652 0.029128 0.995190 -0.093537 0.815462 0.030459 0.578009
-0.992692 -27.437856 24.474188 216.432188 0.563050 -0.085798 -0.821957 0.234704 0.970244 0.059499 0.792394 -0.226417 0.566433
-1.142743 -7.342683 29.583212 5.143362 0.040159 0.997512 0.057934 0.405231 -0.069258 0.911587 -0.913332 0.013132 0.407004
-0.795520 -7.637492 53.223877 -85.079788 0.079452 0.992234 0.095698 0.458182 -0.121610 0.880500 -0.885300 0.026111 0.464286
-0.095563 -7.302775 143.177747 41.606456 0.085797 0.993344 0.076850 0.414867 -0.105749 0.903716 -0.905828 0.045654 0.421178
0.771238 -7.923598 169.681675 110.326391 0.098312 0.991525 0.084925 0.348188 -0.114216 0.930441 -0.932255 0.061903 0.356466
-1.072221 -7.410238 27.055914 85.176931 0.046822 0.995432 0.083201 0.332968 -0.094082 0.938233 -0.941775 0.016227 0.335853
2.735513 -7.654961 238.697980 53.075714 0.072534 0.996453 0.042661 0.430163 -0.069846 0.900045 -0.899833 0.046933 0.433703
3.326935 -4.876246 83.842157 -98.439238 0.387563 -0.165341 -0.906894 0.313997 0.948632 -0.038764 0.866718 -0.269738 0.419572
3.476173 -2.253803 79.941847 -188.719919 0.370047 -0.218277 -0.903006 0.402028 0.913903 -0.056163 0.837520 -0.342251 0.425941
3.262512 -2.914192 -49.097243 -171.672892 0.471074 -0.171201 -0.865321 0.352064 0.935954 0.006485 0.808790 -0.307703 0.501176
2.848012 -3.178955 170.153761 -175.631732 0.305406 -0.235612 -0.922613 0.405323 0.908912 -0.097942 0.861650 -0.344044 0.373086
3.525505 -5.074283 -59.879321 -97.602176 0.485081 -0.143035 -0.862692 0.270529 0.962683 -0.007498 0.831571 -0.229746 0.505674
-2.384324 -4.889599 21.217221 30.297379 -0.180176 0.237353 0.954568 0.637927 0.766883 -0.070276 -0.748722 0.596283 -0.289588
-1.964043 -5.863154 -32.983040 -132.091974 -0.381336 0.020999 0.924198 0.580131 0.783811 0.221560 -0.719744 0.620644 -0.311078
-2.650214 -4.898052 -57.679640 36.038223 -0.425730 -0.033298 0.904237 0.534894 0.796760 0.281177 -0.729823 0.603377 -0.321395
-2.960241 -4.706266 101.889332 82.333661 -0.157189 0.250414 0.955293 0.616206 0.780785 -0.103276 -0.771740 0.572423 -0.277038
2.784928 -8.251743 -89.479152 -18.283258 -0.428940 -0.181165 0.884980 0.833352 -0.457444 0.310272 0.348619 0.870588 0.347191
3.399348 -8.119976 -86.011600 2.213756 -0.423073 -0.189755 0.886004 0.868639 -0.363177 0.336999 0.257829 0.912193 0.318479
2.021497 -8.359789 -102.548491 -10.770401 -0.453102 -0.130512 0.881853 0.831330 -0.419012 0.365130 0.321853 0.898552 0.298354
3.617915 -8.118813 -31.814373 -10.443159 -0.402994 -0.239977 0.883180 0.873791 -0.387888 0.293313 0.272187 0.889918 0.366007
1.699658 -8.415196 -93.555797 -25.625198 -0.449284 -0.142344 0.881976 0.791589 -0.521090 0.319141 0.414162 0.841548 0.346796
2.214944 -8.116674 -93.056514 -15.694356 -0.416738 -0.181514 0.890720 0.792445 -0.552624 0.258143 0.445376 0.813425 0.374139
3.004354 -8.207005 -32.959656 -8.752323 -0.411374 -0.238231 0.879782 0.832669 -0.490816 0.256440 0.370719 0.838061 0.400276
0.514532 -28.896357 54.593110 281.345689 0.789384 0.405193 -0.461185 -0.384137 -0.259977 -0.885918 0.478865 -0.876488 0.049572
-0.691900 -26.757513 63.494797 -124.082458 0.814318 0.407430 -0.413385 -0.453351 0.001740 -0.891331 0.362435 -0.913235 -0.186126
0.551450 -27.738354 87.392719 108.771171 0.806897 0.429178 -0.405862 -0.446074 -0.007678 -0.894963 0.387215 -0.903187 -0.185250
1.188279 -32.258842 95.184399 386.844722 0.772757 0.394801 -0.496969 -0.276364 -0.495576 -0.823424 0.571375 -0.773651 0.273851
0.021765 -32.442825 74.322055 526.395912 0.773149 0.376124 -0.510659 -0.277750 -0.523054 -0.805773 0.570172 -0.764817 0.299930
-6.033639 -98.101889 357.253925 -4698.483503 -0.730814 -0.447111 0.515754 -0.412567 0.891300 0.188076 -0.543782 -0.075335 -0.835838
0.614633 -158.045102 276.550496 -9955.084428 -0.762410 -0.329252 0.557068 -0.367400 0.928915 0.046202 -0.532681 -0.169442 -0.829181
-1.255871 -82.839809 405.092582 -1984.790368 -0.725797 -0.428935 0.537805 -0.121366 0.849377 0.513644 -0.677118 0.307530 -0.668533
-5.338532 -100.201693 179.800348 -1197.969152 -0.735819 -0.519057 0.434914 -0.152496 0.752758 0.640390 -0.659784 0.404889 -0.633048
-7.056191 -121.819160 75.273475 -7614.077563 -0.793752 -0.487173 0.364170 -0.444519 0.873298 0.199381 -0.415162 -0.003622 -0.909740
5.019947 -3.702474 -252.852521 0.258165 -0.249132 0.845738 0.471869 -0.280570 -0.529365 0.800658 -0.926938 -0.067077 -0.369171
3.036841 -4.135376 -337.663053 18.229766 -0.306753 0.844066 0.439836 -0.233598 -0.514746 0.824905 -0.922678 -0.150297 -0.355072
0.624484 -4.462712 -271.334288 -24.637482 -0.324816 0.776203 0.540374 -0.273868 -0.624069 0.731803 -0.905257 -0.089710 -0.415284
2.541079 -3.968799 -251.503199 -19.313718 -0.315279 0.766917 0.558961 -0.298378 -0.639239 0.708762 -0.900871 -0.056676 -0.430370
3.479057 -8.879160 326.670962 -18.518417 -0.428397 -0.539285 0.725016 0.837835 0.063414 0.542229 -0.338392 0.839732 0.424665
2.939773 -8.554191 313.613179 -39.282874 -0.388221 -0.533456 0.751471 0.813119 0.185497 0.551750 -0.433730 0.825237 0.361749
4.941395 -9.142633 145.204163 -33.570664 -0.426269 -0.459908 0.778960 0.825542 0.154271 0.542845 -0.369830 0.874462 0.313913
5.056594 -9.478673 168.851278 5.424291 -0.480869 -0.456351 0.748671 0.853728 -0.049137 0.518396 -0.199783 0.888442 0.413228
2.299745 -8.785292 277.189223 7.920914 -0.483057 -0.533541 0.694255 0.848213 -0.088432 0.522220 -0.217232 0.841138 0.495274
649.024734 -28676.732770 36474.230487 -1791985.801400 -0.742497 0.300105 -0.598861 -0.043527 0.870519 0.490207 0.668434 0.390044 -0.633295
0.416874 -67.496227 -77.646470 1224.791403 0.761498 -0.149066 0.630793 -0.454165 0.571628 0.683356 0.462444 0.806858 -0.367593
0.223687 -124.495813 -145.181503 6250.426154 0.745926 -0.155303 0.647669 -0.572214 0.348195 0.742517 0.340830 0.924468 -0.170862
1.266563 -9.181513 -155.351202 177.177771 0.597293 0.344679 -0.724180 -0.434503 -0.619888 -0.653411 0.674128 -0.704937 0.220491
-2.707893 -8.146169 -266.708837 149.776370 0.617728 0.313835 -0.721054 -0.503463 -0.546537 -0.669195 0.604100 -0.776405 0.179607
-1.200960 -9.072138 -343.815873 108.861084 0.636046 0.319439 -0.702427 -0.398436 -0.643603 -0.653470 0.660828 -0.695510 0.282086
-7.604618 -11.459978 106.667054 -60.212173 0.585883 -0.432366 0.685420 0.007131 0.848502 0.529144 -0.810364 -0.305129 0.500207
-9.624896 -11.423849 90.565966 -56.324574 0.413323 -0.409027 0.813549 -0.028062 0.887290 0.460358 -0.910152 -0.213106 0.355259
-7.911002 -10.926761 197.684154 8.840811 0.567122 -0.462996 0.681181 -0.064279 0.799640 0.597029 -0.821122 -0.382374 0.423733
0.492657 -0.733387 24.357459 -4.266264 -0.117450 0.790884 0.600590 0.742419 0.471593 -0.475829 0.659560 -0.390004 0.642556
0.836662 -1.107233 -9.388980 29.485822 -0.087071 0.800041 0.593593 0.745878 0.447339 -0.493511 0.660367 -0.399778 0.635684
1.278419 -1.089109 -92.913047 -14.363696 0.300413 0.922684 0.241675 0.693425 -0.037298 -0.719562 0.654915 -0.383749 0.651017
0.403366 -1.413196 -77.855580 -60.111383 0.428769 0.898430 0.094769 0.612908 -0.212220 -0.761122 0.663702 -0.384430 0.641648
3.374148 -2.187442 -154.280755 -50.031338 0.415618 0.907007 0.067830 0.628730 -0.232612 -0.742018 0.657237 -0.351042 0.666939
2.117116 -2.565600 -120.030319 -81.568449 0.503064 0.863956 -0.022510 0.543719 -0.336627 -0.768799 0.671786 -0.374516 0.639094
-2.542762 -4.972281 18.826858 2.874363 0.029187 -0.531305 0.846678 -0.196288 0.827500 0.526037 -0.980112 -0.181546 -0.080136
-1.910818 -4.861857 -42.961064 36.115770 -0.104023 0.752257 -0.650607 -0.256357 0.611772 0.748342 -0.960968 -0.244633 -0.129208
-2.390767 -4.314877 -8.936519 43.710348 -0.132246 0.774871 -0.618132 -0.192598 0.591636 0.782862 -0.972326 -0.222581 -0.070997
-2.568430 -5.436433 45.611792 8.314497 0.013694 -0.576449 0.817018 -0.243750 0.790521 0.561839 -0.969741 -0.206843 -0.129684
-2.856401 -4.520864 -25.132247 -50.491706 0.032000 -0.401269 0.915401 -0.168488 0.900597 0.400670 -0.985184 -0.167056 -0.038790
-2.632856 -5.433355 14.702460 -47.983517 -0.020621 -0.293153 0.955843 -0.124945 0.949307 0.288453 -0.991949 -0.113480 -0.056203
-2.864029 -5.842173 38.804217 -18.681204 -0.042021 -0.352653 0.934810 -0.151470 0.927071 0.342924 -0.987568 -0.127186 -0.092373
-2.918066 -11.589981 -24.632753 206.519098 0.397751 0.225969 -0.889231 0.894639 0.119452 0.430525 0.203506 -0.966783 -0.154649
-2.625116 -10.678860 -44.249604 186.405348 0.385884 0.167719 -0.907173 0.902783 0.133799 0.408754 0.189935 -0.976713 -0.099783
-2.886313 -12.162826 -29.639583 109.415835 0.427483 0.190519 -0.883720 0.901106 -0.011329 0.433450 0.072569 -0.981618 -0.176521
-3.290625 -12.820517 20.458406 45.422690 0.452763 0.261843 -0.852317 0.890775 -0.090971 0.445246 0.039048 -0.960813 -0.274432
-0.820388 -9.432742 12.421716 -49.285950 -0.444948 -0.316397 0.837803 -0.327780 0.928134 0.176430 -0.833416 -0.196113 -0.516680
-1.238240 -9.944404 -8.916966 -35.985680 -0.434890 -0.382280 0.815311 -0.382027 0.898221 0.217380 -0.815430 -0.216935 -0.536669
-0.930478 -10.037145 62.514206 -211.054604 -0.401334 -0.351789 0.845680 -0.495234 0.860045 0.122742 -0.770503 -0.369549 -0.519383
0.428856 -9.842089 71.316821 90.658234 -0.436258 -0.260554 0.861273 -0.162567 0.964231 0.209356 -0.885015 -0.048682 -0.463011
0.281861 -9.253541 98.566097 -64.561803 -0.415792 -0.276139 0.866525 -0.334580 0.932416 0.136592 -0.845679 -0.233128 -0.480081
1.899820 -13.304290 -8.307994 -48.768814 -0.309172 -0.578247 0.755012 -0.723892 0.657971 0.207497 -0.616761 -0.482395 -0.622014
1.989283 -14.132620 35.370169 -89.653197 -0.257681 -0.582295 0.771060 -0.764454 0.610919 0.205885 -0.590941 -0.536387 -0.602560
1.772998 -12.973627 24.097986 -47.889366 0.269738 0.635951 -0.723054 0.828636 -0.535797 -0.162126 -0.490514 -0.555417 -0.671497
0.117387 -21.558250 -29.468397 -501.300596 -0.201357 0.779992 -0.592510 -0.347498 -0.622437 -0.701297 0.915806 -0.064685 -0.396377
0.557579 -23.785688 -43.787738 -450.276585 -0.217998 0.760850 -0.611216 -0.451313 -0.633883 -0.628100 0.865329 -0.138925 -0.481566
-0.202259 -24.555582 35.128121 -223.762023 -0.239680 0.783914 -0.572742 -0.605722 -0.581779 -0.542802 0.758719 -0.216823 -0.614274
-0.611260 -24.016441 -5.281075 -189.733069 -0.199060 0.787352 -0.583483 -0.602891 -0.567784 -0.560485 0.772591 -0.240207 -0.587711
0.762644 -8.923073 35.909485 -4.531063 0.428778 0.479418 -0.765707 0.861631 -0.471789 0.187100 -0.271553 -0.739982 -0.615375
0.140081 -9.198269 3.494173 -26.064965 0.368638 0.510705 -0.776715 0.854375 -0.515367 0.066632 -0.366264 -0.688169 -0.626318
0.357843 -8.840168 28.885347 -16.630223 0.422208 0.476893 -0.770917 0.834843 -0.535951 0.125676 -0.353239 -0.696656 -0.624414
0.843440 -8.787776 25.808171 0.822198 0.475918 0.435643 -0.764014 0.826041 -0.519633 0.218260 -0.301923 -0.734981 -0.607162
0.159007 -8.965376 30.188728 17.061704 0.458754 0.445108 -0.769041 0.793134 -0.595323 0.128563 -0.400603 -0.668932 -0.626137
-0.530069 -9.693431 87.053228 164.391483 -0.391417 0.711122 -0.584036 0.300727 -0.500976 -0.811533 0.869687 0.493284 0.017763
0.935004 -9.563861 62.717842 -15.334371 -0.405428 0.745524 -0.528982 0.213036 -0.485684 -0.847778 0.888957 0.456405 -0.038087
1.095859 -10.873024 77.591168 191.686154 -0.391661 0.713332 -0.581171 0.305827 -0.494795 -0.813417 0.867797 0.496321 0.024364
-1.356142 -12.586458 -14.610959 -24.011221 -0.349094 -0.363525 0.863703 0.782885 0.393397 0.482007 -0.515000 0.844445 0.147266
-1.338926 -12.820365 -18.848829 -23.821973 -0.323581 -0.365661 0.872689 0.843012 0.307421 0.441388 -0.429681 0.878513 0.208781
-0.985412 -12.767601 -16.678015 -57.388827 -0.355351 -0.357226 0.863780 0.856517 0.245604 0.453935 -0.374305 0.901148 0.218695
-0.964838 -12.932380 -22.279324 -28.651499 -0.328419 -0.357921 0.874090 0.900100 0.161900 0.404486 -0.286289 0.919609 0.268993
-3.227014 -13.387162 103.761184 307.668718 0.003709 -0.389022 -0.921221 0.513642 0.791157 -0.332029 0.857997 -0.471946 0.202752
-3.751523 -15.478718 86.450120 194.725892 0.049555 -0.332329 -0.941861 0.656016 0.721909 -0.220205 0.753118 -0.606964 0.253788
-2.334984 -16.266637 97.166131 183.134341 0.060116 -0.247316 -0.967068 0.631128 0.760008 -0.155129 0.773346 -0.601018 0.201777
16.131937 -22.180531 -1344.107620 239.564450 -0.166653 0.525570 0.834268 0.787659 -0.438016 0.433283 0.593144 0.729327 -0.340974
-0.831874 -26.032088 -376.763769 -341.282032 0.059396 0.335557 0.940146 0.832533 -0.536301 0.138819 0.550782 0.774457 -0.311216
142.194663 -25.576567 -9694.553860 346.340610 -0.148262 0.669261 0.728085 -0.642174 0.494736 -0.585532 0.752084 0.554370 -0.356432
-2.201409 -27.541797 235.131576 418.562032 -0.081794 -0.289801 -0.953586 -0.671607 0.722956 -0.162104 0.736378 0.627176 -0.253766
111.984923 -35.764929 -7794.907661 -1354.045301 -0.113460 0.654416 0.747574 -0.490952 0.617221 -0.614820 0.863767 0.436780 -0.251258
15.422488 -30.060615 1740.691862 -644.844204 -0.328246 -0.383628 -0.863183 -0.375606 0.891474 -0.253368 0.866704 0.241049 -0.436715
-1.001456 -27.329908 440.631777 105.867919 -0.185596 -0.270447 -0.944676 -0.479461 0.864091 -0.153179 0.857713 0.424505 -0.290041
0.420790 -7.691679 206.811799 30.658305 -0.244961 -0.288216 0.925703 -0.446313 0.881133 0.156235 -0.860697 -0.374882 -0.344477
-0.603345 -7.444793 193.905366 -11.440564 -0.203423 -0.385046 0.900199 -0.387516 0.876007 0.287130 -0.899139 -0.290433 -0.327411
-2.098260 -7.201084 140.343855 19.112206 -0.260724 -0.326731 0.908444 -0.469538 0.865113 0.176389 -0.843538 -0.380560 -0.378969
-3.471653 -7.057467 33.692538 37.229254 -0.368788 -0.270048 0.889421 -0.523767 0.850867 0.041168 -0.767896 -0.450667 -0.455231
-2.253014 -7.627126 130.151496 39.029883 -0.316232 -0.242565 0.917148 -0.537744 0.842281 0.037350 -0.781556 -0.481379 -0.396794
-1.106937 -34.395084 -217.206178 917.795603 0.942204 0.216706 0.255519 -0.231624 0.972360 0.029434 -0.242078 -0.086917 0.966356
0.060539 -30.641765 -401.252440 733.648764 0.945800 0.209659 0.248002 -0.178161 0.973478 -0.143521 -0.271516 0.091558 0.958069
14.087782 -29.575100 -1308.035611 770.561243 0.923972 0.137271 0.356976 -0.062960 0.975228 -0.212051 -0.377241 0.173454 0.909727
74.817070 -46.438383 -5181.732300 1444.943314 0.948694 -0.030361 0.314734 0.003370 0.996294 0.085952 -0.316178 -0.080482 0.945280
-6.324986 -95.139822 421.915821 5711.464424 0.851459 -0.524386 -0.005987 -0.320826 -0.511833 -0.796930 -0.414835 -0.680474 0.604042
-5.070507 -22.619159 -123.276804 247.738803 0.897560 -0.152962 0.413507 0.279774 -0.527265 -0.802321 -0.340752 -0.835820 0.430457
-6.538207 -37.523032 -102.661742 736.920288 0.911994 -0.328061 0.246259 -0.072503 -0.719795 -0.690390 -0.403746 -0.611777 0.680234
24.406061 -42.665884 -2690.171196 -2494.065466 0.494708 -0.823624 -0.277323 0.801572 0.309143 0.511775 -0.335778 -0.475473 0.813129
0.659382 -7.204258 18.676238 27.133306 0.454668 0.348894 -0.819482 0.883835 -0.063052 0.463529 0.110053 -0.935039 -0.337032
0.800166 -7.471715 18.718300 25.845180 0.473122 0.350536 -0.808258 0.880089 -0.146416 0.451670 0.039985 -0.925034 -0.377775
1.040566 -7.492316 40.650535 12.624340 0.429486 0.349701 -0.832617 0.902301 -0.128057 0.411647 0.037331 -0.928068 -0.370534
0.710623 -7.184008 -18.780543 42.447795 0.492892 0.347826 -0.797542 0.864334 -0.090469 0.494715 0.099922 -0.933184 -0.345230
0.793056 -7.054129 30.656961 28.534091 0.410831 0.345179 -0.843842 0.901585 -0.016248 0.432297 0.135509 -0.938396 -0.317884
0.436918 -6.640970 12.944500 32.619948 0.432470 0.345030 -0.833021 0.880108 0.039202 0.473152 0.195908 -0.937773 -0.286710
1.548018 -20.181736 -19.844759 -167.333473 0.275038 -0.169835 -0.946314 0.887042 -0.334808 0.317899 -0.370824 -0.926855 0.058565
1.137361 -18.292794 57.737647 -199.713308 0.304584 -0.118140 -0.945130 0.821804 -0.469047 0.323470 -0.481525 -0.875236 -0.045776
1.481316 -18.987120 -0.290275 -114.055407 0.304150 -0.161879 -0.938770 0.743779 -0.575380 0.340192 -0.595219 -0.801706 -0.054600
0.427108 -37.452302 44.705661 -1082.555999 0.046390 0.802594 -0.594719 -0.119319 0.595550 0.794407 -0.991772 -0.034108 -0.123392
0.462393 -41.722723 15.519107 -1088.849213 0.045169 0.794645 -0.605391 -0.204695 0.600514 0.772970 -0.977783 -0.089006 -0.189785
6.859541 -392.662402 -368.997402 -24090.502161 -0.049926 -0.693940 0.718300 0.028239 0.717929 0.695544 -0.998354 0.055010 -0.016247
1.697043 -22.270717 -16.323547 -90.205460 0.540667 -0.000327 -0.841237 0.552909 -0.753528 0.355650 -0.634012 -0.657415 -0.407227
3.440900 -21.170498 -17.839294 -24.505041 0.517603 0.089393 -0.850938 0.726485 -0.571300 0.381885 -0.452003 -0.815859 -0.360650
6.180053 -22.592467 -88.999186 -522.180305 0.451502 0.202720 -0.868936 0.775064 -0.571587 0.269377 -0.442065 -0.795106 -0.415194
4.294360 -16.269503 -48.569351 -469.541066 0.456138 0.211211 -0.864482 0.646878 -0.745811 0.159103 -0.611136 -0.631788 -0.476821
0.371519 -16.624656 -8.537323 -73.974537 -0.566475 0.035291 0.823323 -0.441618 0.830511 -0.339448 -0.695758 -0.555883 -0.454878
-11.782678 -14.316380 -96.198228 348.872432 0.685964 0.583535 -0.434673 -0.590086 0.795647 0.136908 0.425737 0.162581 0.890121
-9.264908 -13.544001 -198.456837 110.949765 0.931003 0.015743 -0.364671 -0.058130 0.992714 -0.105550 0.360352 0.119466 0.925135
-7.731400 -11.556384 117.999198 87.509853 0.601580 -0.451874 0.658720 0.575390 0.817128 0.035063 -0.554102 0.357927 0.751571
-7.282352 -12.579666 133.095842 38.246680 0.633847 -0.455495 0.625110 0.407686 0.883567 0.230439 -0.657290 0.108786 0.745745
-7.070115 -12.090070 90.056760 89.883825 0.637903 -0.466348 0.612861 0.508722 0.852627 0.119286 -0.578171 0.235682 0.781135
-7.860938 -12.651409 182.365717 -14.346057 0.599033 -0.431730 0.674365 0.319245 0.901134 0.293324 -0.734331 0.039577 0.677637
-0.088997 -2.988879 -46.125165 -72.546187 0.660822 0.421039 -0.621321 -0.139253 0.882236 0.449742 0.737511 -0.210678 0.641632
0.011267 -4.007868 -49.555748 -76.920501 0.640081 0.474864 -0.603988 -0.208370 0.863957 0.458433 0.739513 -0.167581 0.651949
1.796843 -4.798605 -186.523790 -89.899916 0.647786 0.512456 -0.563704 -0.257392 0.843652 0.471169 0.717024 -0.160123 0.678408
2.450925 -4.237235 -162.798068 -148.674076 0.678889 0.414375 -0.606138 -0.122670 0.877937 0.462794 0.723921 -0.239831 0.646853
-2.455146 -4.394306 50.359113 -101.315953 -0.159966 -0.248520 0.955326 0.570629 0.766420 0.294928 -0.805477 0.592316 0.019212
-3.073218 -4.631411 49.415908 -93.680517 -0.162437 -0.194966 0.967265 0.596835 0.761212 0.253662 -0.785750 0.618502 -0.007287
-2.752017 -3.438114 -22.538627 -39.273438 0.191774 0.316837 0.928890 0.539745 0.756429 -0.369445 -0.819694 0.572214 -0.025948
-2.449456 -5.587266 39.886762 -72.706484 -0.193338 -0.289990 0.937297 0.625016 0.699992 0.345494 -0.756291 0.652623 0.045913
-2.251148 -3.128567 43.066161 -77.614559 -0.014713 -0.032262 0.999371 0.550420 0.834153 0.035032 -0.834758 0.550589 0.005485
-1.607659 -5.295623 52.560365 -76.583847 -0.193374 -0.342706 0.919325 0.598755 0.701070 0.387289 -0.777238 0.625342 0.069629
-1.665388 -3.886160 66.165057 -103.042766 -0.156960 -0.292282 0.943363 0.539597 0.774645 0.329788 -0.827163 0.560800 0.036126
-0.375996 -5.750145 112.318739 131.415510 0.362807 0.078125 -0.928584 -0.226219 0.974055 -0.006435 0.903989 0.212398 0.371068
-0.434174 -4.480953 107.860788 93.527107 0.354109 0.127892 -0.926418 -0.302985 0.952865 0.015732 0.884764 0.275120 0.376167
-1.453543 -6.260797 51.208432 112.085282 0.420333 -0.024040 -0.907051 -0.150505 0.983954 -0.095822 0.894801 0.176793 0.409971
-1.795914 -5.846928 25.720794 104.088820 0.451556 -0.101531 -0.886447 -0.142303 0.972592 -0.183886 0.880822 0.209179 0.424732
1.618143 -14.659791 37.490231 -59.262045 0.902040 -0.429384 -0.044190 0.431224 0.900969 0.047965 -0.019219 0.062323 -0.997871
1.013068 -14.669700 41.044528 34.869895 0.903823 -0.426636 -0.032947 0.420605 0.871603 0.251794 0.078708 0.241434 -0.967220
-0.567218 -28.137185 -5.927482 -576.182605 0.543074 -0.085417 -0.835329 0.543638 0.793938 0.272252 0.639944 -0.601969 0.477603
-0.637613 -24.544561 6.160907 -723.407314 0.558747 -0.080813 -0.825391 0.685223 0.605638 0.404564 0.467195 -0.791626 0.393774
-2.073046 -19.837520 -4.519600 239.737890 0.631163 -0.068918 -0.772582 0.747819 -0.210352 0.629697 -0.205911 -0.975194 -0.081228
-1.516237 -16.764873 10.124834 487.616743 0.633375 -0.057721 -0.771689 0.771686 0.121541 0.624282 0.057758 -0.990907 0.121524
-1.628053 -17.401497 11.879432 389.084749 0.603875 -0.064062 -0.794500 0.795786 -0.008305 0.605522 -0.045389 -0.997911 0.045964
-0.783808 -13.847980 -19.811635 500.575331 0.578300 -0.086627 -0.811212 0.807559 0.201970 0.554127 0.115838 -0.975553 0.186756
-1.439898 -19.487645 -67.570948 185.386448 0.574202 -0.123942 -0.809278 0.783528 -0.203481 0.587094 -0.237438 -0.971202 -0.019727
-1.010141 -16.573908 -99.671503 359.121784 0.557267 -0.135536 -0.819197 0.828028 0.017253 0.560421 -0.061823 -0.990622 0.121842
-1.237378 -7.764333 -33.536220 -95.337967 0.008367 0.998233 0.058828 0.437224 -0.056561 0.897572 -0.899314 -0.018211 0.436925
-1.018638 -8.634828 -19.975425 -170.478026 0.042998 0.994339 0.097162 0.509943 -0.105473 0.853718 -0.859133 -0.012839 0.511591
-0.318505 -8.756720 21.729476 -155.963837 0.094006 0.986106 0.136956 0.534528 -0.166048 0.828679 -0.839907 0.004694 0.542711
2.505338 0.201883 -2.875939 -225.067003 0.457043 -0.166323 -0.873755 0.387659 0.921396 0.027384 0.800520 -0.351235 0.485594
2.304976 -0.086413 100.447646 -202.071442 0.183484 -0.479972 -0.857881 0.534969 0.780904 -0.322485 0.824707 -0.399769 0.400053
-1.836855 -8.051675 -59.782838 -264.121678 -0.459224 -0.049337 0.886949 0.580661 0.738947 0.341745 -0.672270 0.671954 -0.310694
-1.461542 -8.525356 7.298434 -267.552725 -0.414916 -0.054999 0.908196 0.589351 0.744224 0.314318 -0.693189 0.665661 -0.276377
-1.811691 -10.399006 -48.701202 -243.052848 -0.504331 -0.086317 0.859186 0.633072 0.639714 0.435874 -0.587256 0.763751 -0.267982
-1.360667 -8.154006 -24.145617 -210.323213 -0.465444 -0.055770 0.883318 0.607535 0.705628 0.364678 -0.643633 0.706384 -0.294548
-1.436597 -10.688677 23.219871 -252.335211 -0.469041 -0.105892 0.876805 0.636214 0.648074 0.418607 -0.612562 0.754179 -0.236603
3.144952 -8.181670 -104.748700 2.469518 -0.441367 -0.151784 0.884396 0.876739 -0.282856 0.389001 0.191112 0.947077 0.257918
4.022722 -8.109421 -59.269589 19.767280 -0.408742 -0.225733 0.884293 0.893252 -0.297655 0.336901 0.187164 0.927602 0.323301
-1.835460 -25.272842 72.292770 -150.904804 0.812902 0.402162 -0.421256 -0.458147 -0.004997 -0.888862 0.359571 -0.915555 -0.180187
-1.347164 -30.195774 39.338373 -446.143719 0.832407 0.396423 -0.387230 -0.509987 0.274601 -0.815173 0.216819 -0.876039 -0.430750
-1.154632 -14.827274 -54.222057 90.409870 -0.571673 0.699397 -0.428991 -0.744442 -0.661970 -0.087188 0.344958 -0.269516 -0.899091
-1.698489 -16.366356 -18.455776 -304.034885 -0.665412 0.620307 -0.415267 0.663075 0.746684 0.052870 0.342869 -0.240173 -0.908162
-1.885386 -17.791181 -62.413317 -516.049584 -0.642982 0.630801 -0.434355 0.649180 0.749801 0.127924 0.406374 -0.199721 -0.891612
2.384106 -94.710974 303.081100 -4332.350476 -0.793248 -0.326278 0.514101 -0.301667 0.943999 0.133650 -0.528918 -0.049069 -0.847253
-0.735132 -109.365173 -433.805840 -7793.835240 0.764451 0.340437 -0.547465 -0.501067 0.848085 -0.172288 -0.405644 -0.406022 -0.818901
19.914413 -444.879646 145.976559 3297.137465 0.199159 0.497884 -0.844066 0.395905 0.747023 0.534056 0.896435 -0.440532 -0.048338
47.486330 -471.798857 4827.922052 21168.893277 0.523015 0.728626 -0.442221 0.846579 -0.504232 0.170452 -0.098786 -0.463524 -0.880561
-20.339510 -1678.450698 225.786300 -122695.249716 0.721681 0.276052 -0.634800 -0.594818 0.716367 -0.364705 -0.354072 -0.640791 -0.681189
0.137020 -1.727027 6.218100 16.187286 0.125307 0.203084 0.971110 0.464713 0.852791 -0.238305 -0.876550 0.481149 0.012486
-0.038727 -1.366978 18.665995 14.931477 0.064395 0.094353 0.993454 0.485453 0.866826 -0.113793 -0.871888 0.489602 0.010016
-0.362309 -2.065734 -14.093880 -48.637824 0.275671 0.465736 0.840889 0.409744 0.734398 -0.541082 -0.869549 0.493710 0.011620
-0.195008 -2.328913 8.540698 -28.419396 0.241267 0.396551 0.885741 0.416951 0.781813 -0.463595 -0.876323 0.481161 0.023284
0.215901 -1.927698 17.871879 11.026676 0.114305 0.172795 0.978303 0.441491 0.873336 -0.205838 -0.889955 0.455440 0.023539
0.901314 -1.653795 44.196159 25.652827 0.027710 0.017816 0.999457 0.461861 0.886491 -0.028608 -0.886519 0.462403 0.016336
1.329628 -138.832772 89.030283 -8370.340966 -0.726194 0.197236 -0.658590 -0.099556 0.917696 0.384608 0.680243 0.344867 -0.646789
0.664182 -59.297797 -46.278002 -661.101575 0.759974 -0.145825 0.633383 -0.333799 0.748601 0.572865 0.557689 0.646786 -0.520242
-5.869325 -11.576397 6.302100 -89.742322 0.691182 -0.396564 0.604156 -0.005023 0.833337 0.552743 -0.722663 -0.385080 0.573996
-6.740531 -11.102083 28.432924 -9.174144 0.633065 -0.409251 0.657071 -0.077883 0.810841 0.580062 -0.770171 -0.418391 0.481441
-6.159914 -10.974501 33.775915 -14.098479 0.690642 -0.340221 0.638172 -0.165179 0.784898 0.597202 -0.704081 -0.517865 0.485886
-6.560541 -11.477000 40.861096 -74.786657 0.639387 -0.442043 0.629112 0.054397 0.842169 0.536462 -0.766958 -0.308785 0.562518
-6.087761 -11.270014 14.586417 -38.332148 0.741980 -0.309262 0.594830 -0.129119 0.804717 0.579446 -0.657871 -0.506742 0.557152
-6.072080 -11.848596 22.755302 -69.398581 0.760625 -0.350238 0.546610 0.001612 0.843002 0.537907 -0.649190 -0.408265 0.641773
0.390234 -1.593302 -7.072718 -30.129178 0.402181 -0.511106 -0.759619 0.620250 0.762380 -0.184572 0.673455 -0.396922 0.623628
0.250889 -2.041581 43.096649 19.924711 0.334760 -0.555543 -0.761123 0.651244 0.720176 -0.239223 0.681041 -0.415594 0.602880
-1.751721 -5.233240 -74.001146 -25.914929 -0.072484 0.716843 -0.693457 -0.350234 0.632713 0.690659 -0.933853 -0.292934 -0.205201
-0.877219 -4.921669 -37.218246 -10.913248 -0.141139 0.827523 -0.543402 -0.339300 0.475217 0.811815 -0.930030 -0.298955 -0.213707
-2.540356 -9.189854 -64.866162 250.355866 0.356040 0.185672 -0.915839 0.874772 0.278458 0.396528 0.328647 -0.942331 -0.063279
-1.871439 -7.822023 6.537276 199.326877 0.223650 0.157233 -0.961903 0.916192 0.302785 0.262515 0.332526 -0.939999 -0.076338
-2.057385 -9.660946 -15.506842 136.630054 0.335831 0.147803 -0.930254 0.928376 0.114956 0.353417 0.159174 -0.982313 -0.098611
-1.296344 -10.543987 2.580695 -44.272749 -0.396164 -0.440085 0.805841 -0.398937 0.872982 0.280629 -0.826985 -0.210304 -0.521410
-1.633368 -10.574522 -26.090265 -27.124268 -0.396644 -0.477201 0.784189 -0.523443 0.819346 0.233836 -0.754109 -0.317729 -0.574776
-0.576497 -10.012883 13.702300 50.532066 -0.412002 -0.385282 0.825719 -0.222766 0.921297 0.318728 -0.883532 -0.052626 -0.465404
2.194370 -14.334118 42.538778 -67.483610 -0.291798 -0.536563 0.791804 -0.615592 0.738942 0.273882 -0.732052 -0.407510 -0.545926
2.085652 -15.601103 30.527399 -127.459324 -0.233874 -0.581485 0.779216 -0.711546 0.648527 0.270396 -0.662574 -0.491210 -0.565427
1.769808 -14.632485 -46.600405 153.387142 0.201222 0.611061 -0.765581 0.821479 -0.530988 -0.207903 -0.533556 -0.587074 -0.608820
0.989573 -20.586106 -60.112907 -553.167580 -0.208247 0.768347 -0.605207 -0.241426 -0.640007 -0.729455 0.947812 0.005794 -0.318779
1.519781 -23.083044 -69.096839 -605.571114 -0.241596 0.746545 -0.619921 -0.275209 -0.665329 -0.693972 0.930533 -0.002947 -0.366196
0.860268 -25.328615 -107.333383 -254.454132 -0.211935 0.733486 -0.645818 -0.585366 -0.624448 -0.517118 0.782579 -0.268445 -0.561701
0.438541 -9.547513 18.050384 -10.733283 0.378284 0.511994 -0.771209 0.884060 -0.446849 0.136982 -0.274480 -0.733613 -0.621670
-0.600805 -7.624968 82.402468 66.884274 0.268870 0.866037 0.421532 0.226118 0.368662 -0.901642 0.936258 -0.337741 0.096705
-4.388357 -8.561655 77.903236 55.533615 0.295100 0.906583 0.301700 0.329362 0.199888 -0.922803 0.896904 -0.371688 0.239607
-4.413128 -10.750192 83.333324 248.648860 -0.115430 -0.644231 -0.756070 0.433492 0.652180 -0.621890 0.893734 -0.399535 0.203988
-6.037473 -11.425707 -94.580639 294.403773 0.050639 0.644105 0.763259 0.530818 0.629997 -0.566865 0.845972 -0.433857 0.310001
0.792208 -27.496184 -265.725912 9.506458 -0.099534 0.380761 0.919301 0.929157 -0.295011 0.222790 0.356034 0.876350 -0.324423
-3.913764 -22.932675 -42.946204 -359.822680 0.053607 0.277613 0.959196 0.833060 -0.542069 0.110329 0.550579 0.793154 -0.260327
-3.194544 -21.978855 -48.863733 -158.655168 -0.037760 0.329246 0.943489 0.939099 -0.311031 0.146124 0.341565 0.891547 -0.297450
1.595229 -7.765974 198.742374 -6.523882 -0.231026 -0.349344 0.908067 -0.370245 0.894663 0.249992 -0.899748 -0.278453 -0.336033
0.789703 -7.843563 176.271528 -32.490946 -0.187639 -0.426733 0.884698 -0.290777 0.884457 0.364945 -0.938211 -0.188772 -0.290042
-3.296780 -18.041521 -102.959215 -67.329423 0.876521 -0.137010 0.461453 0.309118 -0.574642 -0.757781 -0.368994 -0.806855 0.461334
-1.350837 -19.987679 -152.946073 157.135710 0.861307 -0.084290 0.501044 0.443624 -0.355970 -0.822486 -0.247684 -0.930688 0.269207
0.962697 -7.576735 -11.681970 21.254940 0.499845 0.352771 -0.791017 0.866113 -0.202058 0.457187 0.001451 -0.913633 -0.406537
0.116483 -18.977689 -12.776463 -35.325158 0.339575 -0.247230 -0.907505 0.656271 -0.628893 0.416895 -0.673793 -0.737137 -0.051306
0.370060 -18.225351 42.714461 -9.464519 -0.332508 0.227027 0.915367 -0.589104 0.707946 -0.389576 -0.736475 -0.668783 -0.101655
-0.326223 -19.408234 11.932771 -160.683868 -0.358853 0.249987 0.899295 -0.467656 0.785661 -0.405011 -0.807789 -0.565900 -0.165029
-1.371564 -22.025642 -94.275976 100.033154 0.023720 0.744598 -0.667092 -0.531364 0.574609 0.622476 -0.846811 -0.339703 -0.409282
0.121067 -22.792042 -63.131246 88.073069 0.010649 0.742810 -0.669418 -0.525862 0.573567 0.628085 -0.850503 -0.345333 -0.396723
-0.433055 -29.091975 -50.833648 -238.805711 0.013372 0.797844 -0.602716 -0.225309 0.589673 0.775578 -0.974196 -0.125427 -0.187646
-0.562981 -23.491265 -136.070097 -231.739341 0.031236 0.705925 -0.707598 -0.739766 0.492396 0.458576 -0.672139 -0.509133 -0.537600
-1.467233 -19.616550 -63.421478 271.239374 0.015790 0.769930 -0.637933 -0.444647 0.576861 0.685216 -0.895567 -0.272835 -0.351456
-1.330624 -21.332437 -68.838793 -241.845591 0.083097 0.714571 -0.694610 -0.740193 0.510951 0.437085 -0.667240 -0.477825 -0.571379
4.937995 -21.632318 45.848916 -131.720895 0.493022 0.145993 -0.857680 0.844067 -0.319240 0.430856 -0.210904 -0.936361 -0.280620
3.434224 -23.154836 55.814603 228.895174 0.518261 0.041951 -0.854193 0.754723 -0.492204 0.433737 -0.402242 -0.869468 -0.286752
4.136580 -21.941275 121.354691 95.059600 0.507501 0.051687 -0.860099 0.831322 -0.291879 0.472980 -0.226598 -0.955058 -0.191098
-8.240439 -14.171396 132.282151 185.718016 0.660594 0.492768 -0.566388 -0.492373 0.853892 0.168634 0.566731 0.167475 0.806702
-4.145110 -14.759999 410.297998 435.339801 0.660632 0.283380 -0.695170 -0.457558 0.886128 -0.073603 0.595152 0.366706 0.715067
-5.006898 -12.630078 266.571549 413.924779 0.684443 0.302260 -0.663458 -0.541363 0.820227 -0.184805 0.488327 0.485660 0.725032
-10.036043 -11.232962 66.978915 61.872262 0.454067 -0.344271 0.821766 0.598319 0.801242 0.005072 -0.660180 0.489375 0.569802
-1.612456 -7.105133 -22.497576 983.985421 -0.326887 -0.395189 0.858470 0.774622 -0.632413 0.003834 0.541393 0.666242 0.512850
-6.359275 -7.839987 587.125108 439.357968 0.846570 -0.437600 -0.303027 0.016364 -0.547636 0.836557 0.532026 0.713163 0.456451
-7.231031 -33.487160 128.660143 -2809.935013 0.580536 0.106134 -0.807288 -0.529810 0.802108 -0.275543 0.618288 0.587672 0.521883
-0.482937 -2.895937 28.352765 -34.224171 0.606541 0.569110 -0.555177 -0.276575 0.805712 0.523769 0.745395 -0.164139 0.646100
-3.039474 -5.856038 40.921927 -65.018810 -0.217316 -0.256179 0.941884 0.652564 0.679475 0.335370 -0.725902 0.687522 0.019512
-2.272242 -6.744659 -29.143952 -42.257736 0.516616 -0.116955 -0.848192 0.171989 0.984611 -0.031011 0.838766 -0.129859 0.528780
-2.752136 -6.051255 -3.817900 -83.690846 0.499029 -0.058448 -0.864612 0.219846 0.973621 0.061071 0.838235 -0.220558 0.498714
-2.803221 -5.829768 0.846148 -91.433315 0.468442 -0.042320 -0.882480 0.250125 0.964339 0.086527 0.847349 -0.261263 0.462322
-2.605808 -7.060197 9.234754 -81.928401 0.438286 -0.054199 -0.897200 0.179358 0.983379 0.028212 0.880759 -0.173285 0.440722
1.658954 -13.360695 29.773495 -17.757061 0.929560 -0.365793 -0.045973 0.339631 0.898166 -0.279193 -0.143419 -0.243913 -0.959134
1.402943 -12.124329 46.645340 -4.946738 0.949698 -0.312207 -0.024510 0.280250 0.882194 -0.378410 -0.139765 -0.352506 -0.925314
0.909960 -11.852685 61.545810 -46.836064 0.948625 -0.316252 -0.009773 0.301673 0.913345 -0.273487 -0.095417 -0.256489 -0.961826
-0.816393 -29.852369 -3.294589 388.351378 0.544043 -0.096063 -0.833540 0.175424 0.984492 0.001037 0.820514 -0.146787 0.552458
-0.782262 -27.761200 49.374517 495.348734 0.530241 -0.098488 -0.842107 0.049578 0.995132 -0.085167 0.846396 0.003410 0.532543
-1.867672 -19.366502 17.432276 415.566647 0.668820 -0.042993 -0.742180 0.740424 -0.051088 0.670196 -0.066730 -0.997768 -0.002336
-1.458749 -15.821033 11.988331 484.292167 0.658592 -0.051822 -0.750714 0.744959 0.185789 0.640718 0.106271 -0.981222 0.160964
-1.011634 -12.121716 -20.498057 322.147861 0.619839 -0.072831 -0.781342 0.760725 0.300154 0.575505 0.192608 -0.951106 0.241452
-0.579107 -11.740410 7.224828 371.942496 0.598044 -0.062102 -0.799054 0.773091 0.307627 0.554703 0.211363 -0.949478 0.231985
-0.678856 -7.957032 92.602430 83.141335 0.083846 0.986743 0.138951 0.252974 -0.155952 0.954821 -0.963833 0.044907 0.262696
-1.602175 -7.738103 -1.038526 44.719408 0.049832 0.986488 0.156069 0.209604 -0.163113 0.964085 -0.976516 0.015329 0.214900
1.600432 -8.908117 264.633717 98.278366 0.115128 0.978179 0.172952 0.209897 -0.194133 0.958256 -0.970922 0.074020 0.227667
-0.453895 -8.476469 105.728075 -8.560392 0.090420 0.960952 0.261526 0.084653 -0.269067 0.959394 -0.992299 0.064610 0.105677
2.090204 -1.181676 -98.319175 -177.994676 0.538462 -0.122658 -0.833675 0.341930 0.936041 0.083131 0.770157 -0.329822 0.545963
-1.801352 -5.448769 -6.179562 -51.676248 -0.180376 0.213235 0.960206 0.624047 0.779388 -0.055853 -0.760283 0.589139 -0.273652
-1.082272 -7.591408 35.153175 -219.845220 -0.321256 0.022039 0.946736 0.594587 0.782803 0.183538 -0.737062 0.621880 -0.264584
1.701177 -8.217433 -101.447391 -1.243880 -0.476410 -0.099004 0.873632 0.843600 -0.331448 0.422471 0.247737 0.938265 0.241425
1.017559 -8.278881 -64.912290 -1.742031 -0.475954 -0.101411 0.873604 0.811604 -0.433278 0.391879 0.338773 0.895537 0.288526
1.108239 -8.138328 -52.394200 -0.279528 -0.458699 -0.129379 0.879123 0.781991 -0.528625 0.330222 0.422002 0.838938 0.343653
-2.271630 -27.705644 67.639726 -428.900758 0.837979 0.390653 -0.381027 -0.485270 0.214074 -0.847753 0.249609 -0.895300 -0.368962
-0.940894 -15.604669 -44.053008 191.177879 -0.574249 0.707571 -0.411803 0.769957 0.637715 0.022052 0.278216 -0.304407 -0.911006
-2.058136 -18.931101 -1.056082 -166.256393 -0.680930 0.611545 -0.402923 0.656907 0.753245 0.033096 0.323739 -0.242147 -0.914635
-15.377231 -588.029136 -45.419938 24842.036006 0.899216 0.133308 -0.416702 -0.387226 -0.200808 -0.899851 0.203634 -0.970518 0.128949
-7.805792 -678.512550 166.768860 47077.913030 0.973007 0.072461 -0.219104 -0.117383 0.972831 -0.199553 -0.198691 -0.219886 -0.955077
