15288
30559
-6.039514 -8.645680 -10.331960 -203.760314 -0.480007 0.877258 -0.003405 -0.483917 -0.268017 -0.833062 0.731722 0.398228 -0.553170
-6.845286 -9.643521 -100.952262 -120.129123 -0.556382 0.784056 -0.275128 -0.434431 -0.556733 -0.708038 0.708314 0.274416 -0.650374
-7.595432 -12.464070 16.474431 -347.937578 -0.195963 0.943877 0.265883 -0.716735 0.047182 -0.695748 0.669246 0.326909 -0.667264
-4.950541 -7.678636 -19.857889 91.243330 -0.645815 0.535468 -0.544241 0.095419 0.763846 0.638306 0.757508 0.360296 -0.544397
-4.937250 -11.833017 139.926130 -392.804302 -0.364387 0.884425 0.291574 -0.648515 -0.016298 -0.761028 0.668320 0.466398 -0.579501
-3.807268 -9.184675 128.228331 -304.259140 -0.492503 0.846311 0.202975 -0.515074 -0.095447 -0.851815 0.701527 0.524068 -0.482921
-5.147005 -6.611028 -22.887436 -122.751465 -0.616702 0.753010 -0.229466 -0.255945 -0.467464 -0.846150 0.744427 0.463091 -0.481015
-0.410543 -4.306904 -9.589923 -149.078349 -0.483150 -0.119958 0.867281 0.751485 -0.565106 0.340478 0.449262 0.816251 0.363178
-0.400717 -4.695064 -176.745287 112.960184 0.887083 -0.200101 -0.415984 0.268764 -0.508775 0.817872 0.375299 0.837322 0.397546
2.041942 -1.795241 322.332428 -93.487919 0.646683 -0.115700 -0.753932 0.602023 -0.529518 0.597644 0.468369 0.840371 0.272777
2.411800 -3.797990 -427.776758 -162.968264 -0.216432 -0.168205 0.961699 0.840962 -0.532488 0.096125 0.495924 0.829556 0.256702
-4.790618 -9.201702 -6.265237 -17.194931 0.648695 -0.749111 0.134267 0.753789 0.608118 -0.248989 0.104870 0.262727 0.959154
-4.700666 -9.352781 -12.477090 12.596673 0.683428 -0.713983 0.152167 0.703125 0.587736 -0.400228 0.196322 0.380519 0.903694
-4.272497 -9.429700 -37.477660 -10.326195 0.663353 -0.712555 0.228535 0.746750 0.610656 -0.263560 0.048245 0.345492 0.937181
-5.023705 -9.098136 -15.592536 -17.169077 0.667030 -0.743251 0.051460 0.719093 0.624204 -0.305410 0.194874 0.240722 0.950829
-4.791966 -8.888799 -6.529678 -28.456045 0.617654 -0.770106 0.159498 0.786424 0.606448 -0.117298 -0.006395 0.197883 0.980205
-5.148230 -8.876248 -0.817767 -21.624761 0.624440 -0.778919 0.057960 0.778689 0.615025 -0.124048 0.060976 0.122593 0.990582
-0.353899 -9.927089 -62.923509 -170.998003 -0.913474 0.334497 -0.231682 0.234834 0.898383 0.371163 0.332292 0.284641 -0.899200
-1.193288 -6.940464 -44.681352 -131.358432 -0.909713 0.336781 -0.242899 0.283181 0.931011 0.230274 0.303694 0.140699 -0.942324
-1.195077 -8.465601 -21.759230 -150.296837 -0.912896 0.350944 -0.208469 0.274404 0.905715 0.323084 0.302197 0.237737 -0.923124
-1.082093 -10.428955 14.334963 -104.735946 0.907401 -0.382628 0.173840 0.252622 0.827160 0.501984 0.335866 0.411585 -0.847226
-1.369422 -7.522163 24.123028 -120.281099 -0.918804 0.361448 -0.158602 0.311044 0.910393 0.272829 0.243003 0.201344 -0.948899
-1.308824 -9.184575 -16.561667 -118.383633 0.916276 -0.365782 0.163225 0.279503 0.875773 0.393572 0.286909 0.314999 -0.904687
-0.683211 -17.168406 -154.084363 -595.322391 -0.607146 0.731336 0.310681 0.390830 -0.065569 0.918125 -0.691828 -0.678859 0.246018
-12.448371 -73.070091 587.461324 -3351.414661 -0.285438 0.041499 -0.957498 0.684355 -0.690600 -0.233943 -0.670957 -0.722045 0.168723
-20.004565 -69.109032 -764.157306 -3162.886708 0.588046 -0.174161 0.789854 0.518827 -0.667942 -0.533546 -0.620500 -0.723548 0.302421
-13.671425 -124.379021 814.290626 -5825.438209 -0.523408 0.198395 -0.828664 0.650550 -0.535035 -0.539002 -0.550299 -0.821205 0.150976
-1.022337 -9.772177 10.075463 22.792961 -0.568976 0.770599 -0.287131 0.815944 0.572522 -0.080340 0.102478 -0.279994 -0.954516
-0.953607 -10.306012 15.004015 -17.871099 -0.587776 0.768702 -0.252222 0.806088 0.582989 -0.101714 0.068855 -0.263099 -0.962309
-1.111321 -10.706890 19.728238 -7.360007 -0.594551 0.758354 -0.267223 0.787140 0.616774 -0.000979 0.164073 -0.210924 -0.963634
-1.122308 -10.301835 2.591878 -18.988745 -0.580531 0.755418 -0.303854 0.795765 0.605414 -0.015224 0.172457 -0.250635 -0.952597
-0.372240 -6.186684 18.899800 18.500040 0.654754 -0.659131 0.369924 -0.458906 0.042222 0.887481 0.600586 0.750842 0.274834
-0.623045 -6.283168 -6.363073 -50.235065 0.660641 -0.649472 0.376483 -0.377461 0.146117 0.914425 0.648904 0.746215 0.148620
-0.586916 -5.966744 11.377973 7.565744 0.669977 -0.656158 0.347257 -0.442840 0.022194 0.896326 0.595839 0.754297 0.275704
-0.370888 -6.457654 24.687591 59.988164 0.674986 -0.661547 0.326725 -0.495054 -0.077716 0.865380 0.547098 0.745866 0.379959
-0.039083 -6.195336 27.957438 88.868440 0.654828 -0.669985 0.349744 -0.517711 -0.060502 0.853414 0.550614 0.739905 0.386477
1.186685 -13.265903 46.463800 -0.309936 -0.628264 0.698027 0.343573 -0.124572 0.345657 -0.930056 0.767962 0.627120 0.130209
2.651013 -13.616390 14.315058 -122.464972 -0.638512 0.729926 0.243947 0.113538 0.402846 -0.908198 0.761191 0.552198 0.340097
0.732726 -12.846468 -8.369038 35.743866 -0.642181 0.742628 0.190019 -0.061271 0.197367 -0.978413 0.764100 0.639961 0.081244
-0.396367 -12.487677 35.545750 130.917774 -0.631169 0.705968 0.321302 -0.269587 0.188747 -0.944297 0.727289 0.682630 -0.071189
-0.425108 -20.806105 27.227072 -112.061684 -0.474107 0.421368 0.773092 0.775804 0.615132 0.140498 -0.416353 0.666379 -0.618538
-0.451492 -18.864319 8.230585 -377.414376 -0.470989 0.443837 0.762350 0.613772 0.785603 -0.078179 -0.633603 0.431088 -0.642425
-0.112254 -20.149305 11.632944 -320.823710 -0.471475 0.439664 0.764465 0.670863 0.741472 -0.012693 -0.572410 0.506868 -0.644540
-0.260287 -20.972710 5.948534 196.036070 -0.496890 0.429677 0.753975 0.863523 0.331092 0.380402 -0.086185 0.840093 -0.535553
-0.409505 -20.101733 48.057286 195.723686 -0.485534 0.401501 0.776565 0.859279 0.382694 0.339389 -0.160921 0.832071 -0.530812
-0.442117 -8.911859 -10.425504 61.734016 -0.621597 0.763869 -0.173556 -0.485087 -0.201395 0.850959 -0.615067 -0.613144 -0.495729
-0.166798 -8.115352 16.359327 -53.835242 0.617187 -0.760556 0.201581 0.469139 0.150039 -0.870286 -0.631656 -0.631698 -0.449409
-0.349972 -7.914876 -22.024909 46.263196 -0.613920 0.761829 -0.206686 -0.409525 -0.083547 0.908465 -0.674827 -0.642368 -0.363279
-0.596987 -8.480416 -11.908068 38.305140 -0.611779 0.769341 -0.183959 -0.443729 -0.141247 0.884960 -0.654852 -0.623028 -0.427791
0.803073 -4.371562 23.632908 36.190815 0.705215 -0.653528 -0.274905 0.531059 0.743796 -0.405887 0.469732 0.140247 0.871598
0.562496 -5.099769 2.385756 51.740979 0.670330 -0.699555 -0.247548 0.586535 0.703838 -0.400736 0.454571 0.123430 0.882117
0.565412 -5.143305 -9.402390 55.847655 -0.651794 0.721865 0.232541 0.632866 0.686670 -0.357723 0.417907 0.085994 0.904411
0.653692 -4.499405 14.444055 51.185323 0.706408 -0.658257 -0.260164 0.553687 0.742887 -0.376230 0.440929 0.121723 0.889250
-0.754185 -15.829341 27.289844 118.755072 -0.386531 0.659475 0.644738 -0.094573 0.667045 -0.738990 -0.917415 -0.346617 -0.195465
-0.294954 -17.754103 8.237966 -3.387675 -0.394291 0.664080 0.635242 0.248571 -0.588409 0.769407 -0.884730 -0.461273 -0.066934
-0.348856 -15.565466 13.742114 234.050881 -0.382247 0.662071 0.644631 0.009333 0.700338 -0.713750 -0.924013 -0.266813 -0.273882
0.405333 -11.445228 -27.078017 -50.556530 -0.687988 0.708990 -0.154941 -0.695151 -0.705125 -0.139866 0.208417 -0.011481 -0.977973
0.342853 -12.146335 -4.188849 62.094587 -0.666503 0.734049 -0.130179 0.745159 0.661260 -0.086450 0.022624 -0.154623 -0.987714
0.095130 -12.254634 -32.270912 63.054908 -0.659614 0.733940 -0.161991 0.745733 0.665967 -0.019232 0.093765 -0.133488 -0.986605
0.632654 -11.021349 12.413310 -37.143619 -0.698443 0.707701 -0.106474 -0.701272 -0.706467 -0.095511 0.142814 -0.007959 -0.989718
0.217803 -11.132211 -29.813927 -48.464035 -0.685389 0.711408 -0.155374 -0.697093 -0.702698 -0.142397 0.210483 -0.010713 -0.977539
0.256535 -11.536935 -30.611730 -3.664376 -0.703665 0.692159 -0.160538 0.643768 0.716677 0.268210 0.300698 0.085381 -0.949890
0.693042 -10.915839 7.642852 -7.583085 -0.715130 0.689386 -0.115477 0.646876 0.715312 0.264348 0.264840 0.114344 -0.957489
0.543949 -11.443677 -17.558813 -28.761805 -0.714935 0.682520 -0.151769 0.618532 0.718592 0.317874 0.326016 0.133385 -0.935907
-1.015123 -22.077783 9.371062 -223.664336 -0.470501 0.786745 -0.399577 -0.027883 0.439348 0.897884 -0.881959 -0.433597 0.184777
-1.054509 -19.091502 9.935307 -276.367200 -0.469978 0.789904 -0.393919 -0.281548 0.288812 0.915051 -0.836571 -0.540961 -0.086661
-1.223385 -19.261253 -9.196910 -286.479517 -0.488786 0.769497 -0.411052 -0.279337 0.308321 0.909345 -0.826474 -0.559297 -0.064246
-0.959682 -21.379208 -34.533985 -229.909420 -0.517754 0.761132 -0.390651 -0.122468 0.385978 0.914343 -0.846718 -0.521247 0.106628
-1.058671 -23.130461 -11.094090 -104.912888 -0.494710 0.776794 -0.389684 0.126567 0.508017 0.851998 -0.859792 -0.372170 0.349638
-1.076474 -24.852956 11.873256 -96.965319 -0.467337 0.790871 -0.395118 0.297982 0.561685 0.771827 -0.832348 -0.242965 0.498162
-0.905900 -25.307980 -4.814698 -219.973609 -0.473883 0.793951 -0.380889 0.206672 0.520735 0.828325 -0.855991 -0.313810 0.410855
-3.408131 -10.903930 -84.751844 -119.342555 0.240463 0.918326 -0.314413 -0.136090 -0.288821 -0.947661 0.961071 -0.270665 -0.055524
-2.490054 -9.975045 -54.698377 -121.888354 0.258375 0.905083 -0.337738 -0.031906 -0.341424 -0.939368 0.965518 -0.253485 0.059338
-2.712145 -12.183298 -72.700484 -108.526706 0.273393 0.897728 -0.345458 -0.255853 -0.278336 -0.925780 0.927251 -0.341489 -0.153591
-4.166953 -12.452370 -87.694968 -107.042301 0.228443 0.929325 -0.290119 -0.310500 -0.212888 -0.926428 0.922715 -0.301718 -0.239923
0.068221 -20.565773 -4.245438 -79.490592 -0.679445 0.668306 -0.302856 -0.233390 -0.588180 -0.774321 0.695617 0.455425 -0.555612
-0.073768 -16.511303 -32.359778 -129.462135 -0.681672 0.660388 -0.314978 -0.215879 -0.592871 -0.775822 0.699085 0.460859 -0.546707
0.176118 -19.133476 -26.922701 66.638373 -0.663716 0.717207 -0.212356 -0.164067 -0.416583 -0.894170 0.729769 0.558634 -0.394163
-2.715335 -5.993383 -2.987227 -21.852502 0.413916 0.906459 -0.083703 0.316467 -0.229501 -0.920423 0.853535 -0.354488 0.381858
-2.819547 -5.794600 10.086072 -17.915568 0.405198 0.913757 0.029364 0.375292 -0.136961 -0.916732 0.833649 -0.382478 0.398422
-2.405729 -6.943431 2.494391 -74.542088 0.411331 0.911128 -0.025550 0.250043 -0.139750 -0.958096 0.876519 -0.387706 0.285305
-2.795372 -5.627444 -17.750276 15.520088 0.361875 -0.724886 0.586162 0.824174 -0.045061 -0.564540 0.435641 0.687393 0.581126
-2.601777 -5.189806 -12.658403 16.989029 0.335879 -0.716258 0.611686 0.787456 -0.142795 -0.599602 0.516816 0.683069 0.516060
-2.438215 -5.406822 -6.148606 22.370435 0.349751 -0.693261 0.630130 0.818334 -0.101365 -0.565734 0.456075 0.713522 0.531866
-1.228672 -5.378317 -4.004968 -27.912439 -0.624444 0.750066 -0.217878 0.128557 -0.176445 -0.975879 0.770417 0.637392 -0.013754
-0.870512 -5.494584 -18.235612 -28.642426 -0.606210 0.773824 -0.183592 0.069802 -0.178186 -0.981518 0.792236 0.607821 -0.054004
-1.189126 -5.756524 -12.321334 -36.156769 -0.620824 0.750610 -0.226192 0.068781 -0.235263 -0.969495 0.780927 0.617443 -0.094429
-1.208013 -5.632952 12.818929 -46.354019 -0.639713 0.728051 -0.246393 0.119923 -0.222099 -0.967621 0.759201 0.648548 -0.054769
-1.241613 -5.202215 8.960798 5.267348 -0.633183 0.728369 -0.261837 0.177684 -0.192468 -0.965083 0.753331 0.657598 0.007552
-1.327384 -4.712042 -16.353876 -19.627113 -0.586988 0.743855 -0.319570 0.281298 -0.182744 -0.942059 0.759155 0.642872 0.101976
1.399398 -32.333097 44.236654 -459.087779 -0.577039 0.472760 0.665976 0.612810 0.789676 -0.029598 -0.539897 0.391038 -0.745386
1.987043 -36.199428 34.163180 -755.526980 -0.582466 0.495367 0.644473 0.533052 0.831343 -0.157238 -0.613668 0.251952 -0.748286
1.294770 -35.368051 51.428476 69.252229 -0.601847 0.450140 0.659662 0.729400 0.646192 0.224524 -0.325201 0.616287 -0.717241
2.170882 -40.218732 37.707955 -517.389905 -0.631542 0.480858 0.608220 0.617931 0.785972 0.020237 -0.468312 0.388618 -0.793511
-4.004278 -123.596023 89.980305 -5306.288714 -0.330340 0.513972 -0.791649 0.049130 0.846960 0.529381 0.942583 0.135982 -0.305036
1.083676 -72.871422 -199.962654 3633.877822 -0.315920 0.743103 -0.589909 -0.389609 -0.668517 -0.633474 0.865101 -0.029707 -0.500717
-4.466774 -94.125818 -26.872378 -4302.317631 -0.324444 0.540021 -0.776604 -0.060656 0.807450 0.586810 0.943958 0.237493 -0.229217
0.461039 -40.560818 -4.755320 1874.339038 -0.354043 0.731026 -0.583313 -0.354287 -0.682061 -0.639744 0.865525 0.019836 -0.500472
-4.262245 -190.940178 -88.995324 -9790.420413 -0.287981 0.579505 -0.762392 -0.466403 0.610440 0.640180 0.836382 0.539942 0.094488
-2.305240 -115.584113 -56.822587 4270.411812 -0.324433 0.693369 -0.643414 0.319614 -0.559846 -0.764474 0.890275 0.453665 0.039978
-2.139555 -64.209292 22.317343 -2482.698457 -0.374058 0.643458 -0.667864 0.135679 0.750363 0.646952 0.917427 0.151383 -0.367983
0.078955 -9.594127 -18.478260 -147.926711 0.475151 -0.514872 -0.713540 0.733885 -0.215485 0.644188 -0.485432 -0.829743 0.275469
0.910634 -9.249946 -61.584710 -141.008218 0.406046 -0.498192 -0.766114 0.751770 -0.294549 0.589985 -0.519584 -0.815503 0.254925
-0.298858 -7.086419 -71.961573 159.693900 0.451544 -0.546816 -0.705054 0.704919 -0.265799 0.657602 -0.546989 -0.793942 0.265441
-1.048653 -8.475998 16.422819 259.591708 0.589350 -0.560094 -0.582204 0.620422 -0.147792 0.770217 -0.517439 -0.815140 0.260393
-6.508220 -8.335412 58.229859 2.835190 -0.058355 -0.135959 -0.988994 0.996800 -0.062155 -0.050271 -0.054637 -0.988763 0.139151
-5.661640 -8.218489 55.910704 15.753193 0.016323 -0.040442 -0.999049 0.997258 0.072789 0.013347 0.072180 -0.996527 0.041519
-6.662214 -8.309197 48.714688 16.713498 -0.030855 -0.177331 -0.983667 0.996793 0.067239 -0.043388 0.073835 -0.981852 0.174688
-6.462511 -8.175807 50.927758 2.249753 0.081254 -0.126542 -0.988628 0.973441 0.223080 0.051452 0.214032 -0.966552 0.141307
-7.671738 -8.471300 57.286654 13.097167 0.026562 -0.277674 -0.960308 0.999646 0.008770 0.025114 0.001449 -0.960635 0.277809
-7.720883 -8.379931 63.448829 23.069388 0.000820 -0.273133 -0.961976 0.986002 0.160612 -0.044762 0.166731 -0.948474 0.269442
-0.705100 -2.502344 78.451364 79.961739 -0.422720 0.783646 -0.455199 -0.414813 0.279269 0.865990 -0.805753 -0.554894 -0.207014
-0.801980 -1.830848 7.370160 -118.704000 -0.571334 0.753897 0.324373 0.022986 -0.380377 0.924546 -0.820396 -0.535680 -0.199993
-0.101687 -1.416879 -0.647306 41.131079 0.217084 -0.539563 0.813478 -0.541225 0.627001 0.560308 -0.812373 -0.561908 -0.155913
-0.111313 -3.250483 -50.663363 92.097761 -0.499002 0.753452 -0.428144 -0.389564 0.246288 0.887458 -0.774104 -0.609633 -0.170620
-0.454659 -3.967103 -14.632932 30.668096 -0.526262 0.785294 -0.326132 -0.405732 0.105159 0.907922 -0.747282 -0.610127 -0.263277
-1.002633 -3.574139 95.598591 31.726513 -0.403701 0.786114 -0.468028 -0.472653 0.258805 0.842389 -0.783342 -0.561288 -0.267079
-2.202437 -3.003022 138.292751 59.570751 -0.435359 0.805312 -0.402411 -0.414455 0.217520 0.883693 -0.799181 -0.551505 -0.239066
-3.679936 -11.120246 47.822652 58.937458 -0.717727 0.410145 0.562716 0.129787 0.872757 -0.470585 -0.684122 -0.264719 -0.679633
-4.560657 -10.490018 20.932869 104.329645 -0.784243 0.333412 0.523258 0.073624 0.887397 -0.455089 -0.616070 -0.318376 -0.720482
-4.177904 -11.735044 17.603219 53.472560 -0.733880 0.430010 0.525843 0.038616 0.799278 -0.599719 -0.678181 -0.419816 -0.603179
-3.380628 -11.938893 47.792013 52.951185 -0.669792 0.481320 0.565428 0.119402 0.821374 -0.557753 -0.732886 -0.306065 -0.607621
-1.979186 -6.469857 12.413872 40.233397 0.541015 -0.681401 -0.492946 0.514356 -0.195651 0.834960 0.665388 0.705276 -0.244633
-1.419446 -8.461084 -14.378719 190.388926 -0.510150 0.682170 0.523824 0.552447 -0.206895 0.807463 0.659204 0.701312 -0.271316
-1.194588 -8.946397 -4.611715 237.026429 0.589356 -0.670858 -0.450121 0.531342 -0.097819 0.841491 0.608551 0.735106 -0.298805
-1.650459 -6.643064 -12.143207 57.257338 0.611246 -0.670270 -0.420852 0.484416 -0.103668 0.868674 0.625875 0.734841 -0.261323
-2.188949 -7.009582 -26.681672 -146.864820 0.667273 -0.681480 -0.300551 0.358590 -0.059739 0.931582 0.652809 0.729394 -0.204510
-1.433706 -9.917971 -28.213915 39.028066 -0.606163 0.765628 0.215359 -0.418818 -0.537467 0.731929 -0.676134 -0.353472 -0.646452
-1.253165 -10.479997 -24.225948 -28.624249 -0.613774 0.758537 0.218869 -0.561042 -0.614125 0.555052 -0.555440 -0.217881 -0.802505
-1.214074 -10.016858 -14.238504 -0.381959 -0.612934 0.760324 0.214987 -0.475461 -0.572230 0.668199 -0.631070 -0.307343 -0.712244
-1.375078 -10.658673 -14.711786 -45.437074 -0.585790 0.779827 0.220725 -0.560619 -0.586566 0.584506 -0.585283 -0.218655 -0.780790
-1.265082 -9.353957 -13.310430 100.703465 -0.601972 0.771639 0.205435 -0.322320 -0.470186 0.821605 -0.730575 -0.428367 -0.531753
-1.408515 -9.453103 -9.813745 79.785623 -0.588523 0.779990 0.212736 -0.272293 -0.438985 0.856241 -0.761247 -0.445991 -0.470739
-1.370753 -9.889032 -0.489308 107.455271 -0.571459 0.785427 0.237779 -0.294229 -0.466589 0.834101 -0.766071 -0.406693 -0.497732
-1.366650 -9.993704 3.527373 35.427114 -0.572077 0.783236 0.243454 -0.426649 -0.537674 0.727240 -0.700499 -0.312167 -0.641758
1.341695 -13.624570 -14.101443 30.208384 0.478272 -0.772855 -0.417074 0.676276 0.021134 0.736345 -0.560273 -0.634231 0.532771
1.457599 -13.027030 -6.029829 104.862469 0.511562 -0.777544 -0.365692 0.698046 0.127903 0.704538 -0.501036 -0.615684 0.608191
1.991165 -13.724069 -9.872023 169.925992 0.491412 -0.764306 -0.417553 0.789646 0.188762 0.583806 -0.367388 -0.616608 0.696291
1.563726 -13.831542 -16.364184 8.335101 0.459930 -0.762105 -0.455697 0.695572 -0.009781 0.718390 -0.551946 -0.647379 0.525601
2.088509 -14.366650 3.812797 102.253694 0.459902 -0.732786 -0.501513 0.805401 0.106406 0.583101 -0.373924 -0.672088 0.639123
-0.547739 -19.986039 3.513024 166.245689 -0.292311 0.792115 0.535825 -0.433565 -0.609175 0.664023 -0.852394 0.038214 -0.521502
-0.302021 -20.448010 50.974402 97.015218 -0.257528 0.788802 0.558096 -0.490545 -0.604340 0.627805 -0.832493 0.112093 -0.542577
-0.473529 -19.273474 20.592360 -149.530472 -0.282144 0.781497 0.556469 -0.688927 -0.568711 0.449385 -0.667663 0.256576 -0.698853
-0.508085 -19.499582 40.208111 230.157310 -0.266626 0.800158 0.537270 -0.274767 -0.597422 0.753386 -0.923804 -0.053248 -0.379145
-0.769766 -19.267218 -10.284947 224.482021 -0.308500 0.791168 0.528092 -0.310808 -0.608538 0.730123 -0.899014 -0.061108 -0.433635
-0.605487 -18.066412 -4.473029 223.780864 -0.295329 0.797139 0.526640 -0.193452 -0.589703 0.784109 -0.935605 -0.129691 -0.328365
-0.629290 -7.416819 20.881423 34.141470 0.631721 -0.740043 -0.230793 0.614358 0.296384 0.731246 0.472750 0.603733 -0.641883
-0.203310 -7.044619 28.012967 -11.004917 0.656056 -0.727540 -0.200687 0.531183 0.256226 0.807585 0.536129 0.636422 -0.554556
-0.027153 -6.967784 37.063411 20.477814 0.649957 -0.733472 -0.198933 0.581340 0.311250 0.751776 0.489489 0.604270 -0.628696
1.452472 -1.304749 -25.500952 -3.936013 -0.701599 0.638718 0.315909 0.443715 0.738496 -0.507681 -0.557563 -0.216014 -0.801537
1.134360 -1.043566 -15.233057 33.689328 -0.777201 0.488298 0.396893 0.301277 0.842503 -0.446566 -0.552441 -0.227497 -0.801907
1.117416 -0.492850 -6.638018 -0.985031 -0.736551 0.592250 0.326698 0.399897 0.770853 -0.495850 -0.545504 -0.234574 -0.804612
1.554904 -17.215788 2.356977 21.692517 -0.493958 0.730801 0.471100 0.853837 0.305368 0.421559 0.164216 0.610475 -0.774824
1.284264 -17.035873 -0.090461 -29.864167 -0.482844 0.741752 0.465474 0.870001 0.345744 0.351509 0.099797 0.574687 -0.812266
1.534414 -22.972192 39.742370 371.779793 -0.430162 0.769055 0.472774 0.902732 0.363030 0.230831 0.005890 0.526083 -0.850413
0.868420 -13.828139 -41.448631 70.550253 -0.608509 0.758901 0.231919 -0.633045 -0.640469 0.434803 -0.478509 -0.117767 -0.870150
1.232246 -13.362183 -55.725828 74.593420 -0.599150 0.769659 0.220556 -0.665182 -0.631839 0.397886 -0.445592 -0.091683 -0.890529
1.335862 -13.133491 -54.549007 79.930852 -0.576649 0.792533 0.198413 -0.573200 -0.565517 0.592986 -0.582167 -0.228214 -0.780385
0.808556 -13.768029 -50.911208 90.827358 -0.590908 0.781236 0.201241 -0.527286 -0.562803 0.636571 -0.610572 -0.270043 -0.744499
1.260489 -12.156429 -38.495949 31.171371 -0.542119 0.822722 0.170984 -0.461572 -0.461585 0.757556 -0.702181 -0.331764 -0.629979
-0.808919 -6.465950 -42.724621 35.748496 -0.645803 0.761619 0.053617 0.453023 0.325712 0.829869 -0.614580 -0.560221 0.555377
-0.781002 -6.491315 -16.452546 105.530388 -0.649725 0.758561 0.049423 0.430825 0.313886 0.846088 -0.626296 -0.571018 0.530747
-0.843619 -5.991307 -22.692501 -32.044731 -0.649994 0.758806 0.041497 0.445048 0.335830 0.830151 -0.615987 -0.558061 0.555992
-1.363762 -16.626753 -22.811370 -76.434222 -0.723100 0.666673 -0.180759 0.203944 0.456078 0.866256 -0.659950 -0.589525 0.465753
-1.504265 -17.747024 6.290476 -47.375086 -0.689704 0.699111 -0.188551 0.174430 0.413143 0.893805 -0.702768 -0.583572 0.406892
-1.314095 -16.918058 -16.717913 34.083725 -0.710504 0.687781 -0.148798 0.069431 0.278940 0.957795 -0.700259 -0.670186 0.245941
-1.328692 -17.441302 -9.249071 -26.068385 -0.714903 0.664082 -0.218882 0.319269 0.588521 0.742772 -0.622078 -0.461128 0.632756
-1.213015 -15.912934 18.978068 -86.136255 0.732174 -0.668633 0.129815 -0.114084 -0.308285 -0.944428 -0.671496 -0.676676 0.301999
-1.214000 -15.920275 -29.508540 -74.933569 -0.745243 0.643646 -0.174166 0.218810 0.482799 0.847955 -0.629869 -0.593823 0.500639
-1.186571 -16.951014 -27.706042 -91.371963 -0.736173 0.643769 -0.208833 0.325271 0.607134 0.724974 -0.593505 -0.465779 0.656355
-4.606508 -11.304109 2.686243 -62.080524 0.777082 -0.358322 -0.517445 -0.492676 0.165319 -0.854365 -0.391682 -0.918844 0.048071
-4.672590 -11.580424 -7.328500 -54.413611 0.732042 -0.431115 -0.527497 -0.489676 0.205344 -0.847379 -0.473637 -0.878620 0.060786
-4.950671 -12.160957 -5.850678 -34.161315 0.799641 -0.342904 -0.492941 -0.405880 0.296334 -0.864551 -0.442533 -0.891405 -0.097783
-4.588229 -11.033690 1.156745 -80.671044 0.829684 -0.295768 -0.473440 -0.474534 0.073001 -0.877205 -0.294011 -0.952466 0.079784
0.618465 -26.547955 -1.717111 -338.198066 0.801806 -0.519009 0.296203 -0.207167 0.223513 0.952431 0.560525 0.825028 -0.071693
0.496772 -30.631066 -29.922856 -628.101024 0.792465 -0.515655 0.325729 -0.296029 0.141745 0.944603 0.533259 0.844990 0.040321
0.310812 -28.308671 -21.246508 -236.032616 0.797268 -0.509808 0.323202 -0.410970 -0.066272 0.909237 0.442117 0.857732 0.262352
0.159637 -26.670934 -0.132112 -220.591819 0.800256 -0.529597 0.281278 -0.318262 0.022446 0.947737 0.508233 0.847952 0.150588
1.180053 -52.846483 -46.141878 -2213.334760 -0.696564 0.712256 -0.086540 0.128014 0.242052 0.961781 -0.705982 -0.658864 0.259784
0.114962 -18.031951 -53.992432 -275.322131 -0.696891 0.704866 -0.132313 -0.057467 0.129015 0.989976 -0.714871 -0.697509 0.049403
0.805917 -20.821018 -49.489326 -290.843429 -0.684797 0.702793 -0.192702 -0.167587 0.105470 0.980199 -0.709202 -0.703532 -0.045554
0.771908 -3.934944 44.653986 59.556950 -0.512470 0.805689 0.297051 -0.416596 -0.535764 0.734442 -0.750881 -0.252629 -0.610210
1.263156 -4.007587 20.935623 58.535485 -0.544926 0.784267 0.296615 -0.408912 -0.557399 0.722563 -0.732015 -0.272454 -0.624438
0.876881 -4.756475 43.649449 40.328990 -0.527588 0.790966 0.309876 -0.467745 -0.574979 0.671278 -0.709130 -0.209216 -0.673323
-2.392459 -6.144406 0.712053 -7.528780 0.958936 0.145066 -0.243718 -0.150992 -0.466297 -0.871647 0.240091 -0.872653 0.425245
-2.588155 -5.787969 13.997279 8.536858 0.925885 0.142669 -0.349832 -0.222904 -0.541339 -0.810720 0.305042 -0.828612 0.469416
-2.740192 -5.721072 -15.778398 -0.444965 0.963610 0.147635 -0.222844 -0.103315 -0.563172 -0.819855 0.246539 -0.813044 0.527426
-2.662191 -5.752926 21.911325 19.728537 0.535802 -0.778669 -0.326481 0.831132 0.554529 0.041434 0.148780 -0.293549 0.944295
-2.742977 -6.004803 18.976483 -3.489863 0.603232 -0.750842 -0.268974 0.796459 0.584863 0.153583 0.041996 -0.306873 0.950823
-2.298188 -5.912469 23.638098 -2.632389 0.494320 -0.802755 -0.333516 0.867712 0.478703 0.133864 0.052195 -0.355568 0.933192
-2.310603 -13.020029 -0.356209 -97.858633 -0.485289 0.793987 0.366169 0.392759 0.572113 -0.720019 0.781175 0.205600 0.589486
-2.193665 -12.810315 1.783727 -78.913320 -0.454107 0.808507 0.374304 0.351826 0.548705 -0.758381 0.818539 0.212696 0.533624
-2.431469 -13.743698 -5.100531 -86.826523 -0.470651 0.796975 0.378575 0.216743 0.520353 -0.825987 0.855284 0.306698 0.417644
-2.238582 -11.963202 6.812903 -46.179967 -0.452906 0.814676 0.362187 0.487725 0.566460 -0.664264 0.746325 0.124201 0.653891
-2.177457 -11.746402 2.777876 -48.484119 -0.479799 0.801276 0.357421 0.519188 0.587687 -0.620538 0.707274 0.112165 0.697985
-40.639261 -1250.948832 3138.516021 -110391.226961 0.157395 -0.191198 0.968850 -0.687528 0.683044 0.246488 -0.708895 -0.704908 -0.023946
-24.753071 -272.260862 57.173167 15500.122086 0.012143 0.644773 -0.764278 0.972921 -0.184054 -0.139816 -0.230818 -0.741884 -0.629548
-15.865932 -119.104875 26.623401 5606.284472 -0.344049 -0.142290 0.928108 0.254777 0.937220 0.238133 -0.903725 0.318390 -0.286197
-18.873929 -45.210378 463.968410 1374.792228 0.794577 -0.560288 -0.233933 -0.606738 -0.718292 -0.340479 -0.022734 -0.412473 0.910686
-29.397855 -44.746406 366.325796 1333.682489 0.967135 -0.252966 0.025665 -0.223693 -0.894494 -0.387095 -0.120879 -0.368632 0.921683
-17.392185 -40.840584 817.978860 -1445.730963 0.638275 -0.659252 -0.397482 0.740870 0.385818 0.549778 -0.209086 -0.645392 0.734678
-9.939997 -119.278140 519.663142 -4377.617443 0.417153 -0.785693 -0.456804 0.908588 0.372273 0.189420 0.021230 -0.494064 0.869166
-4.234398 -41.155090 272.858606 -2070.591268 0.584387 -0.669101 -0.459126 0.789604 0.338395 0.511873 -0.187129 -0.661659 0.726078
-3.334187 -13.709804 307.313999 -438.582545 0.577436 -0.671966 -0.463713 0.770717 0.261247 0.581158 -0.269375 -0.692973 0.668749
7.668678 -13.343586 151.126710 -131.238528 0.870736 -0.326705 0.367536 0.354662 -0.100505 -0.929577 -0.340637 -0.939767 -0.028356
7.261326 -13.414105 27.433795 -133.017978 0.819232 -0.502455 0.276403 0.235826 -0.144169 -0.961042 -0.522729 -0.852499 -0.000384
6.561047 -11.324601 100.256303 -126.001014 0.882360 -0.335416 0.330055 0.249015 -0.262325 -0.932297 -0.399289 -0.904810 0.147941
-9.145168 -11.872963 -46.230028 -202.788416 -0.186920 0.974365 0.125193 -0.767292 -0.065225 -0.637972 0.613452 0.215310 -0.759815
-6.762992 -10.890722 -66.541464 -80.069856 -0.540813 0.776637 -0.323041 -0.540967 -0.615230 -0.573451 0.644108 0.135375 -0.752860
-5.532983 -9.282108 25.739693 95.819280 -0.607535 0.638170 -0.472906 0.307107 0.737805 0.601107 0.732521 0.219960 -0.644228
11.906523 -12.680156 -266.450009 -169.567346 0.194571 0.833726 0.516763 0.384675 0.419772 -0.822081 0.902312 -0.358739 0.239038
13.296147 -11.700847 -134.286090 -155.620844 0.014653 0.863060 0.504889 0.465527 0.440989 -0.767341 0.884912 -0.246284 0.395316
14.833533 -13.313847 -53.522150 -108.914505 0.004085 0.863673 0.504036 0.286145 0.481954 -0.828155 0.958178 -0.147611 0.245167
13.635417 -14.410795 -239.857546 -41.535623 0.207704 0.839612 0.501907 0.133166 0.484050 -0.864848 0.969085 -0.246470 0.011269
-3.988800 -9.715450 -27.969459 8.399582 0.695217 -0.677671 0.239654 0.704954 0.577688 -0.411481 0.140403 0.455014 0.879346
-4.870879 -9.085372 -19.011817 -13.654223 0.697939 -0.713399 0.062795 -0.648138 -0.591920 0.479111 0.304628 0.375090 0.875505
-0.079551 -8.168205 -101.035047 -177.913142 -0.911106 0.309167 -0.272585 0.242788 0.936985 0.251223 0.333078 0.162710 -0.928754
-0.592628 -5.096978 -58.156991 -96.639712 -0.917492 0.295042 -0.266757 0.262181 0.952937 0.152224 0.299115 0.069726 -0.951666
-3.478387 -7.108770 11.752538 -197.154542 -0.589362 0.698958 0.405105 0.373073 -0.209303 0.903886 -0.716568 -0.683849 0.137407
-11.378145 -110.999264 472.005623 -5070.050218 -0.299252 0.065763 -0.951905 0.765463 -0.579055 -0.280644 -0.569661 -0.812632 0.122944
3.705723 -142.140659 -17.508853 -7481.195424 -0.064728 -0.116781 -0.991046 0.725325 -0.687584 0.033649 -0.685357 -0.716652 0.129210
-0.877934 -9.732205 0.442393 -46.354518 -0.596168 0.766157 -0.239975 0.800300 0.543251 -0.253768 -0.064060 -0.343340 -0.937024
-0.876423 -9.483185 12.078179 -97.365142 -0.574126 0.778591 -0.253329 0.809708 0.494016 -0.316734 -0.121457 -0.386968 -0.914059
-0.654522 -8.569432 5.215545 -81.875700 -0.562677 0.786533 -0.254481 0.793159 0.426881 -0.434363 -0.233008 -0.446250 -0.864042
-0.911023 -9.528899 -10.612383 -32.955186 -0.622433 0.750076 -0.223522 0.778345 0.563219 -0.277423 -0.082197 -0.346655 -0.934384
-1.019264 -10.288592 -9.241960 -3.398319 -0.615747 0.752975 -0.232131 0.786133 0.607032 -0.116223 0.053398 -0.254050 -0.965716
-0.663342 -8.995796 -12.568042 -84.940714 -0.603057 0.761051 -0.239007 0.766193 0.469254 -0.439033 -0.221971 -0.447887 -0.866098
-0.525103 -6.538948 11.644730 -25.556812 0.626328 -0.650318 0.429884 -0.366985 0.240551 0.898586 0.687776 0.720570 0.087994
-0.250002 -6.841740 23.230436 -50.574553 0.618498 -0.664361 0.419625 -0.367596 0.227356 0.901766 0.694502 0.711993 0.103598
-0.453976 -6.537965 -34.150382 -22.793273 -0.608644 0.673494 -0.419473 0.322390 -0.273150 -0.906341 0.724994 0.686873 0.050877
-0.766415 -6.470437 13.021467 82.989940 0.616827 -0.642791 0.454251 -0.363005 0.279759 0.888798 0.698393 0.713130 0.060773
2.400050 -12.604099 -28.604730 -103.417369 -0.660880 0.748749 0.051119 0.185924 0.229334 -0.955426 0.727097 0.621918 0.290773
-0.259215 -16.152290 17.430552 -389.862636 -0.456511 0.446938 0.769314 0.494949 0.846099 -0.197844 -0.739340 0.290453 -0.607465
-0.515919 -14.381582 26.746074 -371.783479 -0.452562 0.449477 0.770167 0.456581 0.858674 -0.232837 -0.765978 0.246271 -0.593826
0.100101 -1.804336 78.810288 -20.086624 -0.650791 -0.727424 -0.217543 0.698099 -0.460621 -0.548167 0.298545 -0.508608 0.807582
-0.096665 -1.808994 -95.111301 0.152337 0.681615 0.702924 0.203223 0.676211 -0.499028 -0.541949 0.279535 -0.506822 0.815470
1.999121 -1.522106 -115.023278 1.164883 0.804147 0.589926 0.073035 0.519204 -0.637234 -0.569527 0.289438 -0.495903 0.818722
-1.395490 -2.849491 33.187936 -63.144717 -0.098597 -0.855169 -0.508885 0.939610 0.088414 -0.330628 0.327736 -0.510753 0.794809
1.724403 -1.612831 -107.643031 -19.333327 0.776203 0.622938 0.097253 0.552464 -0.597685 -0.580996 0.303797 -0.504699 0.808075
-0.909483 -2.573588 28.595388 -48.900478 -0.316088 -0.848993 -0.423438 0.888170 -0.107896 -0.446669 0.333531 -0.517271 0.788155
0.197848 -1.981565 70.891806 -30.056002 -0.626370 -0.742557 -0.237213 0.712988 -0.422715 -0.559429 0.315134 -0.519539 0.794210
-0.453398 -8.666217 16.056036 10.425989 -0.421338 0.554629 0.717538 0.321559 0.831155 -0.453631 -0.847982 0.039599 -0.528543
-0.734889 -7.965845 8.499010 27.300989 -0.431854 0.543797 0.719574 0.315498 0.838480 -0.444310 -0.844963 0.035147 -0.533668
-0.589030 -10.257957 14.940392 270.122693 -0.397003 0.621108 0.675732 0.312367 0.783722 -0.536849 -0.863027 -0.002054 -0.505153
-0.303303 -11.352659 22.446852 281.904900 -0.380092 0.622714 0.683927 0.300401 0.782447 -0.545469 -0.874808 -0.001876 -0.484466
-0.018627 -13.015104 -28.001495 80.556958 -0.636734 0.753227 -0.164983 0.769252 0.605772 -0.203203 -0.053116 -0.256299 -0.965137
0.466909 -11.405669 1.850532 45.661161 -0.687947 0.716271 -0.116983 0.724614 0.686935 -0.055263 0.040776 -0.122785 -0.991595
0.253401 -12.135387 16.213011 66.272294 -0.668750 0.736025 -0.105075 0.738584 0.641468 -0.207392 -0.085243 -0.216301 -0.972598
-0.233396 -6.616235 -8.463871 45.236110 -0.620557 0.666765 -0.412715 0.320775 -0.264418 -0.909498 0.715551 0.696784 0.049795
0.014011 -5.947850 -39.479302 -21.469386 -0.611497 0.690881 -0.385689 0.261782 -0.283344 -0.922598 0.746688 0.665131 0.007596
-0.195804 -6.786117 -14.206034 -86.763519 0.625105 -0.652021 0.429084 -0.394792 0.210110 0.894423 0.673338 0.728507 0.126072
-1.062148 -17.328585 30.634157 -149.936341 -0.458488 0.805358 -0.375749 -0.438443 0.162787 0.883894 -0.773018 -0.569999 -0.278468
-1.309266 -16.418084 -4.458603 -227.554095 -0.484243 0.771997 -0.411740 -0.470306 0.167153 0.866529 -0.737781 -0.613255 -0.282132
-0.770040 -19.950142 53.635048 -171.248936 -0.434226 0.819904 -0.373103 -0.332567 0.239014 0.912289 -0.837166 -0.520221 -0.168887
-1.832237 -8.135568 -7.052243 -90.369138 0.249588 0.893916 -0.372318 0.083120 -0.402844 -0.911487 0.964778 -0.196549 0.174847
-2.415407 -7.972864 -37.585121 -105.398638 0.209353 0.928688 -0.306122 0.132229 -0.337070 -0.932148 0.968859 -0.154669 0.193366
-1.598410 -6.563122 -0.772549 -89.569997 0.222400 0.911227 -0.346704 0.232702 -0.394945 -0.888745 0.946778 -0.116979 0.299880
-2.116923 -6.388529 -26.593729 -86.561131 0.168037 0.960605 -0.221364 0.265184 -0.260329 -0.928389 0.949442 -0.097302 0.298482
-3.297309 -7.907528 -34.183807 -102.610698 0.138841 0.979987 -0.142648 0.164566 -0.164872 -0.972489 0.976546 -0.111546 0.184163
0.791601 -35.481101 -17.749191 -22.118929 -0.620620 0.709607 -0.333600 -0.728831 -0.678969 -0.088352 0.289199 -0.188305 -0.938565
0.323830 -36.707647 -52.276731 -49.053951 -0.600049 0.710931 -0.366767 0.791516 0.594087 -0.143397 0.115947 -0.376347 -0.919195
0.494178 -37.464649 -13.334828 475.377622 -0.631897 0.696394 -0.340208 0.653023 0.714797 0.250251 0.417453 -0.064031 -0.906440
0.915340 -32.952554 12.497422 -52.101306 -0.640000 0.705872 -0.303554 0.635008 0.708325 0.308286 0.432625 0.004544 -0.901562
1.222311 -32.085361 -1.739025 -230.389245 -0.613824 0.724602 -0.313326 0.773209 0.631897 -0.053429 0.159275 -0.275062 -0.948141
-15.490687 -30.283887 457.515379 -1206.788578 0.795726 -0.536185 0.281647 0.064457 0.537358 0.840887 0.602217 0.650962 -0.462151
-8.621802 -25.288066 332.661101 667.038281 -0.429007 0.828366 0.360226 0.721070 0.073855 0.688915 0.544069 0.555297 -0.628994
19.295106 -116.998588 474.548459 5441.851616 -0.446272 0.769791 0.456358 0.734909 0.024267 0.677731 0.510637 0.637834 -0.576556
-6.462466 -14.216445 -66.303410 -47.061203 0.823652 -0.567053 0.006940 0.244790 0.366547 0.897620 0.511542 0.737628 -0.440716
-3.999245 -7.900770 -40.770176 35.323490 0.132067 -0.801886 0.582699 0.990976 0.120407 -0.058903 -0.022927 0.585219 0.810551
-3.862261 -7.373340 -30.988217 25.004991 0.233037 -0.791835 0.564528 0.966499 0.124369 -0.224525 0.107577 0.597938 0.794290
-3.384180 -8.018864 -45.735772 31.026794 0.189088 -0.751860 0.631627 0.981182 0.119067 -0.152002 0.039078 0.648483 0.760225
-3.542761 -7.251828 -49.014184 43.727416 0.253750 -0.755004 0.604632 0.945866 0.062912 -0.318400 0.202355 0.652696 0.730097
-3.595311 -8.609377 -70.374646 31.746845 0.105992 -0.770659 0.628372 0.986559 0.160538 0.030479 -0.124366 0.616695 0.777316
-3.077776 -7.438227 -27.794047 54.189019 0.251608 -0.723758 0.642548 0.949698 0.056727 -0.307985 0.186457 0.687718 0.701625
-2.818587 -8.195017 -20.387715 49.835052 0.207999 -0.720169 0.661885 0.975940 0.107559 -0.189661 0.065397 0.685410 0.725215
-2.581972 -8.573060 -44.557761 11.018116 0.185851 -0.733755 0.653501 0.977506 0.205559 -0.047193 -0.099705 0.647572 0.755453
-0.493424 -5.431108 1.119045 6.892198 0.693479 -0.619667 0.367559 -0.281508 0.236560 0.929942 0.663204 0.748366 0.010392
-0.554279 -5.537148 -3.915932 -2.766146 0.701336 -0.618714 0.354007 -0.217970 0.286695 0.932896 0.678688 0.731436 -0.066208
-0.338303 -5.420744 -9.981509 10.216857 0.710651 -0.616962 0.338132 -0.287667 0.183787 0.939931 0.642045 0.765233 0.046871
-0.379847 -5.626358 -8.829396 1.811836 0.699319 -0.617824 0.359509 -0.338229 0.157076 0.927862 0.629725 0.770468 0.099120
-0.794386 -5.832581 -32.380818 -13.974574 -0.603173 0.773480 -0.194709 -0.012354 -0.253145 -0.967349 0.797515 0.581073 -0.162246
-0.616583 -5.621043 -25.191366 -16.226696 -0.589850 0.792855 -0.153162 0.005177 -0.185954 -0.982545 0.807496 0.580347 -0.105580
2.954197 -27.439173 -48.363459 -485.524070 -0.691458 0.566673 0.448072 0.024102 0.637991 -0.769667 -0.722015 -0.521393 -0.454801
3.440449 -28.586594 2.532540 -673.928929 -0.658633 0.551311 0.512112 0.087720 0.732195 -0.675423 -0.747334 -0.399933 -0.530609
3.010613 -20.631579 -1.622421 304.655614 -0.653872 0.587869 0.476300 0.073511 -0.577183 0.813299 -0.753026 -0.566807 -0.334189
6.334868 -132.117698 -3.158308 -6136.966280 -0.678787 0.505115 0.533016 0.188273 0.821295 -0.538542 -0.709789 -0.265203 -0.652584
1.120505 -20.260051 103.796895 -326.831339 0.747712 -0.543908 -0.380908 -0.116323 0.457476 -0.881581 -0.653755 -0.703477 -0.278791
1.689928 -26.146408 -127.020043 -424.419553 -0.750751 0.573563 0.327716 0.135832 0.619535 -0.773128 -0.646469 -0.535912 -0.543025
5.824680 -55.016790 -176.219762 -1663.404232 -0.712606 0.596395 0.369467 0.347990 0.757761 -0.551998 -0.609176 -0.264786 -0.747524
-9.603696 -282.677819 262.352098 -13618.984383 -0.349607 0.312405 -0.883277 -0.116204 0.921030 0.371752 0.929662 0.232607 -0.285696
-4.014767 -44.062314 9.507224 -2063.262922 -0.442933 0.472684 -0.761827 0.301293 0.878786 0.370078 0.844413 -0.065613 -0.531659
1.505332 -52.199038 43.351641 -2374.238383 0.465017 -0.454601 -0.759669 0.743670 -0.264979 0.613792 -0.480327 -0.850367 0.214854
0.842195 -12.444225 -17.335019 -386.395346 0.425185 -0.484774 -0.764337 0.710119 -0.344938 0.613799 -0.561203 -0.803748 0.197585
2.157025 -56.205610 4.437841 -2415.936660 0.471703 -0.492628 -0.731309 0.742093 -0.226145 0.630996 -0.476228 -0.840343 0.258903
-5.477711 -8.055627 51.516909 1.497985 -0.021261 -0.008141 -0.999741 0.996193 -0.084733 -0.020496 -0.084544 -0.996370 0.009912
-5.438335 -8.032720 46.034490 1.743298 0.037694 -0.003186 -0.999284 0.973901 0.224096 0.036022 0.223821 -0.974562 0.011550
-5.046443 -7.902251 32.454983 21.542849 0.022088 0.026044 -0.999417 0.990931 0.131963 0.025340 0.132546 -0.990912 -0.022893
-0.919744 -2.171082 7.679056 -200.399151 -0.545085 0.634088 0.548466 0.134158 -0.579797 0.803640 -0.827577 -0.511633 -0.230971
-3.676332 -9.754057 39.695501 115.297196 -0.756403 0.308155 0.576970 0.139231 0.937712 -0.318294 -0.639116 -0.160427 -0.752193
-5.292183 -9.137036 34.075786 146.294104 -0.838519 0.221639 0.497757 0.044554 0.938361 -0.342773 -0.543048 -0.265245 -0.796708
-5.257577 -11.073782 39.735137 89.253514 -0.819450 0.319335 0.475949 0.010471 0.838610 -0.544631 -0.573055 -0.441314 -0.690543
-4.280227 -8.390108 44.589658 103.824065 -0.810709 0.142248 0.567905 0.029615 0.978755 -0.202882 -0.584699 -0.147660 -0.797699
-1.361235 -5.837286 50.868869 -2.556275 0.214237 -0.522593 -0.825227 -0.583463 0.609092 -0.537194 0.783373 0.596576 -0.174424
-1.665821 -6.546793 -30.467095 -87.940110 -0.374549 0.642740 0.668281 -0.571744 0.407309 -0.712185 0.729946 0.648834 -0.214926
-2.712549 -6.025447 -56.670931 23.125820 -0.367360 0.665954 0.649271 -0.517350 0.433807 -0.737672 0.772913 0.606892 -0.185168
9.900553 -483.077162 -14.167985 22427.086166 -0.170698 -0.020514 -0.985110 -0.537268 0.840016 0.075604 0.825957 0.542173 -0.154411
-3.591470 -9.323917 18.340732 325.569396 -0.536662 0.799615 0.269462 -0.259092 0.147761 -0.954483 0.803035 0.582051 -0.127876
-0.927878 -10.466907 -20.947528 -21.556468 -0.636843 0.739673 0.217519 -0.561827 -0.638428 0.526080 -0.527997 -0.212823 -0.822147
-1.179221 -10.433927 -8.533155 -14.472790 -0.598941 0.763541 0.241403 -0.621459 -0.633306 0.461208 -0.505033 -0.126214 -0.853822
-0.988368 -10.200971 -12.008285 9.758456 -0.625566 0.746032 0.228260 -0.615216 -0.651635 0.443713 -0.479766 -0.137142 -0.866612
-0.671169 -6.547878 1.323539 21.118294 -0.624332 0.780819 0.023037 0.439427 0.326672 0.836773 -0.645843 -0.532548 0.547065
-0.710505 -6.591511 -12.606550 89.063834 -0.629375 0.775825 0.044524 0.411395 0.284034 0.866071 -0.659273 -0.563401 0.497935
0.799608 -12.885482 4.276941 -100.548091 -0.491456 0.776401 0.394553 0.541841 -0.082093 0.836462 -0.681820 -0.624870 0.380341
1.088509 -12.769999 3.949743 -4.339594 0.522966 -0.779790 -0.344143 0.600376 0.050406 0.798128 -0.605025 -0.624009 0.494528
