15860
31707
-6.292548 -8.183575 65.548864 102.446229 -0.213202 0.963710 -0.160649 -0.254463 -0.213527 -0.943215 0.943289 0.160216 -0.290753
-6.271422 -9.250100 42.612865 102.848904 -0.205097 0.978013 -0.037753 -0.164735 -0.072518 -0.983668 0.964778 0.195529 -0.175986
-8.526517 -10.719512 76.182663 233.973834 -0.042681 0.845102 0.532898 -0.224756 0.511591 -0.829313 0.973480 0.155168 -0.168107
-5.160308 -8.141257 -54.041282 75.499716 -0.302214 0.908701 -0.287973 -0.165269 -0.347473 -0.923011 0.938804 0.231354 -0.255191
-7.120915 -10.300843 -34.255949 332.515826 0.094520 0.774900 0.624976 -0.308023 0.619745 -0.721829 0.946672 0.124280 -0.297266
-5.531485 -7.032729 50.191283 97.582434 -0.200122 0.962812 -0.181504 -0.356130 -0.244062 -0.902001 0.912756 0.115871 -0.391728
-4.759896 -7.219190 -31.513411 44.366677 -0.352834 0.796902 -0.490362 -0.195175 -0.575220 -0.794373 0.915104 0.184576 -0.358493
-4.743980 -8.635144 9.943628 -50.648702 0.170548 0.984755 0.034213 -0.961437 0.158706 0.224612 -0.215758 0.071201 -0.973847
-4.792029 -9.611669 24.838595 -65.345602 0.127564 0.991168 0.036244 -0.928014 0.106380 0.357033 -0.350024 0.079180 -0.933388
-4.761550 -9.069490 -8.384288 -52.536194 0.134442 0.984569 0.112019 -0.952287 0.097115 0.289340 -0.273997 0.145573 -0.950649
-4.812404 -9.943352 -10.141434 -40.973200 0.103973 0.990108 0.094211 -0.890076 0.050362 0.453022 -0.443796 0.130957 -0.886507
-0.750606 -23.132818 21.356664 -204.576308 -0.045660 0.976247 0.211797 0.578116 0.198730 -0.791384 0.814676 -0.086308 0.573458
-0.555675 -24.876500 22.753421 61.591367 -0.050571 0.975912 0.212224 0.304876 0.217438 -0.927239 0.951048 -0.017810 0.308528
-0.239634 -23.684454 38.590142 -174.921363 -0.071814 0.978274 0.194483 0.549696 0.201520 -0.810694 0.832272 -0.048687 0.552225
-0.497681 -21.380869 47.493799 -346.332483 -0.068410 0.979578 0.189070 0.735921 0.177505 -0.653385 0.673603 -0.094443 0.733035
0.313098 -25.028380 28.876735 69.165383 -0.057850 0.979401 0.193462 0.331682 0.201634 -0.921591 0.941616 -0.010853 0.336514
0.120025 -23.673941 6.940921 -322.266162 -0.039860 0.977095 0.209035 0.653245 0.183785 -0.734503 0.756097 -0.107274 0.645608
-0.267750 -20.519958 21.303682 -428.520136 -0.056190 0.979801 0.191916 0.809443 0.157236 -0.565755 0.584504 -0.123556 0.801929
-0.307890 -7.590580 -37.499547 57.466674 -0.075384 0.975013 -0.208967 -0.874840 0.035896 0.483081 -0.478511 -0.219229 -0.850274
-0.085838 -7.816600 -18.966975 28.148233 -0.063196 0.978584 -0.195907 -0.916431 0.020825 0.399651 -0.395171 -0.204792 -0.895489
0.210507 -7.157407 6.613352 32.955921 -0.017300 0.978093 -0.207447 -0.865629 0.089183 0.492679 -0.500387 -0.188095 -0.845123
0.158483 -6.620514 -15.402723 48.302576 -0.033960 0.977249 -0.209360 -0.820324 0.092404 0.564384 -0.570890 -0.190910 -0.798523
0.290482 -6.462918 11.378247 34.134816 -0.018004 0.978786 -0.204094 -0.803800 0.107231 0.585156 -0.594628 -0.174586 -0.784817
0.202901 -5.149536 -58.313353 -29.449476 0.128578 0.966256 -0.223199 -0.224009 -0.190951 -0.955697 0.966068 -0.172881 -0.191898
-0.239731 -5.808541 -86.165441 -19.994648 0.155070 0.969843 -0.188039 -0.291584 -0.136929 -0.946694 0.943892 -0.201633 -0.261557
-1.000180 -5.182714 -88.240696 -76.299805 0.122598 0.947957 -0.293848 -0.193927 -0.267492 -0.943843 0.973325 -0.172698 -0.151041
-0.466674 -4.108651 -34.549422 -88.111391 0.100262 0.960438 -0.259820 -0.122302 -0.247259 -0.961200 0.987416 -0.128148 -0.092673
-1.018260 -3.570371 -17.078103 -132.675863 0.080852 0.904951 -0.417764 -0.063198 -0.413638 -0.908245 0.994721 -0.099836 -0.023748
-0.729502 -10.996331 5.448328 70.586400 0.084004 0.996194 0.023247 0.410874 -0.055882 0.909978 -0.907814 0.066891 0.414005
-0.381748 -10.442927 -6.366508 41.500561 0.053583 0.998352 0.020550 0.498239 -0.044565 0.865894 -0.865382 0.036158 0.499806
-0.315447 -10.394611 3.266089 24.718214 0.089029 0.994728 0.050889 0.557379 -0.092098 0.825134 -0.825471 0.045096 0.562640
-0.094255 -10.143779 7.684308 -8.581995 0.074443 0.996783 0.029685 0.616930 -0.069421 0.783950 -0.783489 0.040046 0.620114
-0.626383 -10.172199 -7.926841 55.077331 0.097555 0.993529 0.058168 0.486077 -0.098567 0.868340 -0.868454 0.056437 0.492547
-0.369072 -9.925904 -23.231792 2.245546 0.103106 0.990828 0.087347 0.601338 -0.132043 0.788009 -0.792314 0.028723 0.609437
0.025704 -10.273161 -2.729036 -15.586816 0.101550 0.992449 0.068795 0.693644 -0.120207 0.710217 -0.713124 0.024403 0.700613
1.930080 -23.017778 -112.153788 -130.359427 0.576208 0.815081 -0.060225 -0.331480 0.165707 -0.928796 0.747064 -0.555143 -0.365664
2.835950 -22.695016 -125.014117 265.641088 0.581076 0.810502 -0.073731 -0.499422 0.283581 -0.818633 0.642595 -0.512511 -0.569565
0.932701 -22.973596 -99.871962 184.446066 0.583441 0.810498 -0.051858 -0.522428 0.325651 -0.788049 0.621824 -0.486872 -0.613425
-0.165083 -23.844387 -124.488757 -160.182312 0.585907 0.808251 -0.058679 -0.309877 0.156548 -0.937800 0.748792 -0.567647 -0.342181
0.623823 -21.720308 7.135073 -17.208365 0.192947 0.980495 0.037419 0.979843 -0.190526 -0.060058 0.051757 -0.048253 0.997493
0.641327 -22.445013 4.203462 33.408213 0.190227 0.981234 0.031516 0.979596 -0.187593 -0.072116 0.064850 -0.044591 0.996898
0.528182 -21.315672 -6.049508 -28.039916 0.212230 0.976114 0.046464 0.935204 -0.189083 -0.299401 0.283464 -0.106995 0.952995
0.659467 -22.140211 9.215548 17.953841 0.171642 0.984893 0.022898 0.966260 -0.172834 0.190973 -0.192045 0.010653 0.981328
0.792258 -21.010623 26.853792 -36.289871 0.175390 0.984095 0.028215 0.979734 -0.177286 0.093224 -0.096743 -0.011292 0.995245
-1.603598 -11.949383 -1.068243 142.475352 0.270522 0.961265 -0.052788 -0.958126 0.263481 -0.112130 0.093878 -0.080911 -0.992290
-1.766659 -11.051035 9.083833 -48.951682 0.291380 0.956084 -0.031654 0.956606 -0.291161 0.011401 0.001684 -0.033603 -0.999434
-1.396607 -12.146605 18.370223 161.754793 0.304610 0.952429 -0.009525 -0.949200 0.302719 -0.085907 0.078937 -0.035209 -0.996258
-1.304995 -13.304966 17.808539 159.118729 0.278094 0.960050 -0.031093 -0.930797 0.261343 -0.255571 0.237235 -0.100014 -0.966290
-0.179369 -7.411439 -28.623850 -84.510606 -0.010815 0.999617 -0.025459 -0.888945 0.002048 0.458009 -0.457886 -0.027585 -0.888583
-0.025441 -7.721298 7.127556 -93.258910 -0.007387 0.999930 -0.009196 -0.869776 -0.001888 0.493443 -0.493391 -0.011643 -0.869730
-0.048130 -7.667991 -30.917160 -68.086680 -0.045858 0.998924 -0.006872 -0.812496 -0.033296 0.582015 -0.581160 -0.032273 -0.813149
1.739420 -22.616431 4.764102 328.275751 0.048181 0.994363 0.094449 -0.024629 0.095713 -0.995104 0.998535 -0.045619 -0.029102
0.892815 -29.464060 14.912627 580.206237 0.064705 0.994113 0.086911 0.239545 0.069074 -0.968425 0.968727 -0.083481 0.233665
1.207696 -25.797662 -15.093388 497.207208 0.023844 0.990281 0.137018 0.073559 0.134948 -0.988118 0.997006 -0.033640 0.069626
2.051786 -19.926122 -0.790761 323.294063 0.024300 0.992790 0.117376 -0.198102 0.119865 -0.972825 0.979880 -0.000388 -0.199586
2.312582 -17.155933 -1.991364 134.502325 0.057128 0.996194 0.065834 -0.274652 0.079079 -0.958286 0.959845 -0.036663 -0.278125
0.181574 -18.262280 2.072048 105.467863 0.006849 0.986819 -0.161681 -0.094207 0.161602 0.982349 -0.995529 -0.008503 -0.094072
0.022455 -18.424397 -3.493745 50.560791 0.014846 0.984818 -0.172956 -0.305168 0.169184 0.937150 -0.952183 -0.038868 -0.303046
-0.008996 -19.200338 -12.848335 47.703054 0.000493 0.981111 -0.193443 -0.306204 0.184300 0.933955 -0.951966 -0.058772 -0.300511
3.546496 -12.804290 14.259008 -194.376310 0.450322 0.892445 0.027424 0.812639 -0.422391 0.401502 -0.369902 0.158519 0.915448
3.094859 -11.073355 49.728963 -60.894682 0.475372 0.879757 0.007092 0.758256 -0.413781 0.503818 -0.446172 0.234123 0.863781
2.198904 -12.062911 50.005059 -107.901385 0.446476 0.892607 -0.062540 0.817921 -0.378777 0.433051 -0.362856 0.244500 0.899197
3.356053 -14.480321 -3.132461 -219.846476 0.430338 0.902582 -0.012443 0.871614 -0.411909 0.265743 -0.234729 0.125205 0.963964
2.465018 -13.754120 -91.434115 -201.244648 -0.421257 -0.897082 0.133367 0.881482 -0.370383 0.292927 -0.213383 0.240958 0.946788
1.208077 -12.525889 69.686393 -49.589348 0.399767 0.904113 -0.150883 0.849298 -0.303436 0.431994 -0.344788 0.300842 0.889166
3.472107 -20.371585 -78.404835 -69.783767 0.014566 0.986019 0.165993 0.938817 0.043646 -0.341640 0.344109 -0.160813 0.925056
2.901264 -23.451770 -31.519107 135.735244 -0.081091 0.985007 0.152269 0.960446 0.118056 -0.252205 0.266400 -0.125794 0.955619
5.084668 -20.831143 -58.458517 177.539383 -0.041230 0.983496 0.176170 0.833599 0.131065 -0.536596 0.550830 -0.124731 0.825245
1.962532 -21.719331 -13.821811 30.787111 0.045585 -0.988020 -0.147441 0.993325 0.060487 -0.098219 0.105961 -0.141980 0.984182
1.877064 -20.282324 57.796270 -52.347512 0.001397 -0.982654 -0.185443 0.994556 0.020687 -0.102127 0.104192 -0.184291 0.977333
-3.745325 -7.236259 21.076584 107.837058 0.009853 0.901209 0.433273 -0.895949 -0.184455 0.404043 -0.444047 0.392172 -0.805620
-4.157440 -7.876298 18.793402 89.061561 0.099455 0.939583 0.327554 -0.904300 -0.051995 0.423719 -0.415150 0.338348 -0.844494
-3.746283 -6.824920 40.228008 55.569340 -0.064095 0.894741 0.441961 -0.859984 -0.274202 0.430397 -0.506281 0.352493 -0.787038
-4.287044 -8.871663 10.840383 -107.685689 0.094477 0.923752 0.371155 0.943142 0.036293 -0.330404 -0.318681 0.381268 -0.867800
-3.002282 -6.134930 55.217780 42.662895 -0.200891 0.804547 0.558880 -0.820948 -0.449549 0.352066 -0.534497 0.388085 -0.750802
-3.221236 -6.711285 30.911150 107.609574 -0.147557 0.821068 0.551430 -0.870921 -0.372099 0.320998 -0.468747 0.432886 -0.769991
-4.159482 -8.738335 0.874077 -125.293371 -0.008394 0.886358 0.462925 0.944024 0.159693 -0.288646 -0.329769 0.434589 -0.838084
-1.033076 -45.425413 69.014887 1061.176640 -0.664527 0.746942 0.021922 -0.597254 -0.513266 -0.616316 0.449101 0.422652 -0.787194
-1.434722 -373.609406 -464.845014 25417.445193 -0.708249 0.704747 -0.041413 -0.358664 -0.409733 -0.838737 0.608065 0.579181 -0.542960
0.074436 -65.517159 -2.777897 2493.005691 -0.649431 0.759638 0.034502 -0.439565 -0.337996 -0.832191 0.620502 0.555616 -0.553415
-0.545379 -42.342406 -39.924309 747.128362 -0.637094 0.769789 -0.039185 -0.529741 -0.474220 -0.703199 0.559898 0.427246 -0.709912
-0.016958 -52.925945 -85.303737 1168.870712 -0.636412 0.769983 -0.045890 -0.273849 -0.281160 -0.919758 0.721101 0.572778 -0.389793
0.813855 -43.236679 11.002415 799.264573 -0.653377 0.730864 -0.197323 -0.174002 -0.398660 -0.900441 0.736765 0.553992 -0.387647
3.056887 -62.630436 -90.080391 1430.722172 -0.619023 0.757571 -0.207114 0.153367 -0.142034 -0.977908 0.770253 0.637112 0.028264
3.484097 -55.405534 89.755906 1634.420207 -0.660996 0.681307 -0.314494 0.225457 -0.219428 -0.949221 0.715719 0.698336 0.008564
2.106542 -8.000158 -249.044280 6.358032 -0.458115 0.804281 0.378502 0.331903 -0.240243 0.912208 -0.824604 -0.543522 0.156885
-0.781413 -7.671118 -138.636255 1.234785 -0.364603 0.767440 0.527353 0.455182 -0.347169 0.819928 -0.812326 -0.538990 0.222746
-1.329622 -7.918105 -110.604075 -15.533643 -0.369079 0.790092 0.489423 0.323543 -0.384438 0.864597 -0.871264 -0.477454 0.113741
-0.034036 -8.035472 -191.325819 18.359618 -0.433939 0.805022 0.404520 0.259301 -0.318403 0.911802 -0.862821 -0.500559 0.070576
1.591925 -22.840282 -109.041685 -136.772006 0.021602 0.963050 -0.268456 0.973860 -0.081001 -0.212217 -0.226121 -0.256854 -0.939625
1.785737 -20.855830 -58.191245 -87.641313 0.010741 0.974755 -0.223018 -0.889186 0.111335 0.443793 -0.457419 -0.193538 -0.867935
0.711909 -19.724583 -74.550478 -51.965281 0.018942 0.961667 -0.273565 -0.905210 0.132676 0.403722 -0.424542 -0.239986 -0.873024
0.367912 -20.670438 -75.003035 -122.944159 0.029636 0.960300 -0.277391 0.968088 -0.096665 -0.231216 -0.248850 -0.261687 -0.932520
-0.001493 -18.274777 -24.149750 -45.544675 0.021376 0.966260 -0.256681 -0.817901 0.164550 0.551327 -0.574962 -0.198154 -0.793822
-0.141114 -19.031363 -39.459531 47.823305 0.032315 0.963203 -0.266824 -0.922958 0.131203 0.361849 -0.383543 -0.234574 -0.893236
4.975655 -41.581456 88.569529 -1151.428644 -0.713889 0.631001 0.303643 0.083329 0.507084 -0.857859 0.695283 0.587114 0.414582
5.427139 -38.543980 -152.018945 -554.614669 0.739044 -0.590394 -0.324422 0.326265 -0.107641 0.939130 0.589378 0.799905 -0.113073
7.814872 -39.292752 74.219518 -413.271008 -0.612392 0.738935 0.280982 -0.131618 0.255165 -0.957898 0.779521 0.623591 0.059004
-2.960379 -14.066695 55.761969 414.818388 0.907296 -0.204393 -0.367474 0.186129 0.978851 -0.084893 0.377054 0.008626 0.926151
-2.607667 -10.931424 -50.581217 -65.289644 0.782606 -0.559363 -0.273204 0.478607 0.821286 -0.310525 0.398075 0.112261 0.910458
-3.576644 -11.723055 -19.847467 430.778953 0.948553 -0.036312 -0.314528 0.033873 0.999339 -0.013219 0.314800 0.001884 0.949156
0.382205 -2.523752 -21.963632 31.331570 -0.036602 0.977138 -0.209432 -0.664123 -0.180383 -0.725537 0.746727 -0.112532 -0.655542
0.464253 -3.037788 -12.263577 70.126703 -0.099681 0.960029 -0.261551 -0.635251 -0.263719 -0.725884 0.765846 -0.093794 -0.636147
0.814985 -2.180686 -26.722004 39.535537 -0.016730 0.985263 -0.170226 -0.670534 -0.137346 -0.729054 0.741690 -0.101945 -0.662951
-6.258936 -9.720934 -19.533351 -37.367661 -0.311286 0.941696 -0.127708 0.919027 0.264106 -0.292639 0.241849 0.208461 0.947657
-6.975074 -10.224012 18.206504 -34.590671 -0.137753 0.988769 -0.057966 0.952243 0.116109 -0.282404 0.272502 0.094100 0.957543
-7.165768 -10.233377 15.268266 20.499939 -0.138146 0.984038 -0.112184 0.895590 0.075752 -0.438383 0.422887 0.161032 0.891760
-6.706876 -9.907601 -21.567622 5.726810 -0.267952 0.944125 -0.191910 0.882838 0.160862 -0.441272 0.385745 0.287665 0.876613
-6.436434 -9.334057 -11.713663 -33.703630 0.426030 -0.881088 0.205383 0.876350 0.345506 -0.335614 0.224745 0.322968 0.919337
-5.982028 -8.929256 -32.543167 -44.136246 0.557764 -0.810308 0.179721 0.822877 0.511554 -0.247358 0.108499 0.285855 0.952111
-1.495556 -3.952921 119.055469 -15.968619 -0.547749 0.836612 -0.007157 0.657102 0.435482 0.615283 -0.517870 -0.332318 0.788274
-1.479387 -3.988699 120.094529 73.379899 -0.669309 0.728440 -0.146287 0.563809 0.626190 0.538522 -0.483884 -0.277960 0.829816
-0.894047 -6.274892 60.450341 204.609580 -0.630479 0.770961 -0.090079 0.620310 0.570208 0.538588 -0.466595 -0.283692 0.837740
-1.199124 -5.100629 2.438931 42.431245 -0.506741 0.855590 0.105729 0.678087 0.319837 0.661742 -0.532364 -0.407025 0.742239
2.945755 -3.713999 -54.534819 28.046162 0.174466 0.401084 -0.899274 -0.737633 0.658223 0.150467 0.652272 0.637083 0.410690
1.782090 -4.121503 -30.053523 -5.182114 0.163299 0.394774 -0.904150 -0.674152 0.713766 0.189889 0.720314 0.578526 0.382694
4.323290 -3.586781 159.503638 4.080389 -0.011327 0.566052 -0.824292 -0.710262 0.575694 0.405097 0.703846 0.590052 0.395525
6.586996 -3.652492 -344.465819 -28.168512 0.062237 -0.567333 0.821133 0.762420 -0.503909 -0.405945 0.644082 0.651313 0.401184
14.128057 -4.208838 746.507588 6.841542 -0.168608 0.636555 -0.752575 0.714335 -0.447186 -0.538285 0.679189 0.628350 0.379314
5.801416 -3.821335 280.192055 5.947251 -0.108301 0.641956 -0.759055 0.665719 -0.520229 -0.534958 0.738301 0.563254 0.371021
13.364398 -21.689922 483.762056 -653.059661 -0.338509 -0.004171 -0.940954 0.831894 -0.468642 -0.297198 -0.439731 -0.883378 0.162109
23.798293 -26.240329 965.834419 197.730209 -0.325326 0.029196 -0.945151 0.944555 -0.036990 -0.326263 -0.044487 -0.998889 -0.015543
12.696093 -26.455840 583.869164 -389.352327 -0.430969 0.210849 -0.877388 0.848010 -0.237734 -0.473669 -0.308457 -0.948170 -0.076346
24.624187 -30.798220 1200.750099 704.581005 -0.414603 0.270132 -0.868984 0.908233 0.182349 -0.376644 0.056715 -0.945398 -0.320945
7.369631 -22.750152 277.162145 -752.186711 -0.438525 0.168138 -0.882851 0.685827 -0.572243 -0.449643 -0.580807 -0.802663 0.135629
8.688997 -28.272362 383.972171 133.894889 -0.509394 0.322709 -0.797732 0.837339 -0.027899 -0.545972 -0.198446 -0.946087 -0.256006
5.000487 -28.331327 230.506618 -675.167129 -0.528434 0.305755 -0.792005 0.672518 -0.418610 -0.610316 -0.518148 -0.855149 0.015582
-2.570101 -3.278426 16.582705 -45.963867 0.104644 0.898210 -0.426930 0.198302 0.401821 0.893989 -0.974539 0.178212 0.136068
-2.229741 -3.363543 13.315907 -67.231528 0.200731 0.974688 -0.098442 0.177972 0.062533 0.982047 -0.963345 0.214647 0.160914
-2.092895 -2.571358 -27.657329 -4.063281 -0.062082 -0.677449 0.732946 0.230040 0.704878 0.670991 -0.971199 0.210264 0.112080
-2.505868 -4.269086 15.761141 -66.328550 0.176325 0.983013 -0.050936 0.211146 0.012770 0.977371 -0.961419 0.183090 0.205308
-1.997832 -3.015664 -47.413936 11.061264 0.022472 -0.420543 0.906994 0.187852 0.892840 0.409327 -0.981940 0.161182 0.099063
-2.645173 -3.571796 -58.972817 6.755322 0.008785 -0.617275 0.786699 0.160291 0.777425 0.608208 -0.987031 0.120758 0.105774
-0.095204 -5.573966 -29.309718 -0.640297 -0.242155 0.886991 -0.393203 -0.620742 -0.453102 -0.639826 0.745681 -0.089141 -0.660313
-0.256251 -5.731565 -35.114392 0.656201 -0.218736 0.899202 -0.378934 -0.699054 -0.415342 -0.582077 0.680792 -0.137574 -0.719441
-0.435457 -5.852856 -19.118224 -12.343254 -0.219704 0.905317 -0.363498 -0.677142 -0.409743 -0.611220 0.702289 -0.111852 -0.703050
-0.150382 -5.771932 -22.826829 17.797676 -0.239314 0.891222 -0.385294 -0.541622 -0.451883 -0.708835 0.805838 -0.039050 -0.590848
0.061394 -5.716591 -35.585561 4.748800 -0.231884 0.894511 -0.382203 -0.563401 -0.443803 -0.696863 0.792975 -0.053742 -0.606879
-0.305435 -5.638191 -14.877385 -10.047480 -0.244498 0.890926 -0.382715 -0.588799 -0.450008 -0.671422 0.770413 -0.061181 -0.634603
-0.056835 -16.831336 4.392470 -261.055994 -0.105274 0.949078 -0.296932 -0.847766 -0.241733 -0.472079 0.519818 -0.202031 -0.830044
0.039411 -19.747421 6.281410 -166.023740 -0.122542 0.945663 -0.301172 -0.957156 -0.192832 -0.216030 0.262367 -0.261796 -0.928777
-0.256213 -18.721693 -7.869228 -235.217892 -0.117004 0.945380 -0.304248 -0.923108 -0.216521 -0.317791 0.366309 -0.243670 -0.898021
-0.417150 -18.423530 -33.287788 -199.959189 -0.118428 0.943577 -0.309253 -0.931597 -0.213373 -0.294279 0.343661 -0.253248 -0.904302
-0.350751 -15.866707 -10.943416 -267.367215 -0.101956 0.948527 -0.299836 -0.830471 -0.247088 -0.499265 0.547652 -0.198102 -0.812916
2.084021 -10.376970 -10.037664 -126.589769 -0.275866 0.955853 -0.101207 0.806958 0.287517 0.515900 -0.522224 -0.060650 0.850649
1.908773 -10.532283 -29.478200 -41.957124 -0.314027 0.946137 -0.078821 0.779376 0.304306 0.547696 -0.542181 -0.110560 0.832956
2.172154 -10.438920 -28.849303 -10.341247 -0.312128 0.944536 -0.102114 0.739663 0.309056 0.597816 -0.596218 -0.111065 0.795103
-1.497210 -6.731934 26.386340 -20.923276 0.255794 -0.073996 0.963895 0.474332 0.878404 -0.058443 -0.842365 0.472156 0.259789
-1.356849 -6.643219 27.532579 4.777250 0.270624 -0.079378 0.959407 0.406522 0.912802 -0.039147 -0.872641 0.400614 0.279295
-1.233208 -7.100208 22.228154 -54.729969 0.275549 -0.081120 0.957858 0.496655 0.865152 -0.069606 -0.823047 0.494905 0.278681
-1.397338 -6.941627 7.880425 -60.090266 0.219226 -0.085448 0.971925 0.555050 0.830177 -0.052211 -0.802408 0.550913 0.229424
-1.766800 -6.893106 11.978902 -18.138773 0.191781 -0.095114 0.976818 0.520710 0.853519 -0.019124 -0.831914 0.512307 0.213216
2.627648 -16.870308 7.179361 0.280670 0.557638 -0.544433 0.626604 0.734046 -0.029030 -0.678479 0.387577 0.838302 0.383451
2.493302 -17.422227 -20.846504 -66.567474 0.569966 -0.519932 0.636246 0.634262 -0.213859 -0.742951 0.522351 0.827003 0.207881
2.504758 -17.030400 28.840581 -20.434303 0.526310 -0.576422 0.625089 0.622663 -0.239352 -0.744985 0.579041 0.781312 0.232943
2.170760 -16.585331 45.155829 -11.899894 0.518127 -0.596815 0.612663 0.739821 -0.046723 -0.671179 0.429195 0.801017 0.417328
2.057338 -16.720993 47.491035 31.097249 0.531252 -0.584792 0.613017 0.815623 0.157279 -0.556796 0.229195 0.795790 0.560524
2.676602 -17.083772 24.343848 73.360334 0.560753 -0.538729 0.628750 0.806437 0.183254 -0.562208 0.187657 0.822307 0.537211
-2.675558 -12.061001 2.487809 -51.848463 -0.018451 0.994746 -0.100694 0.090175 0.101957 0.990693 -0.995755 -0.009199 0.091583
-2.789659 -12.235542 -3.148061 -78.765484 -0.059702 0.993393 -0.098015 0.185995 0.107541 0.976648 -0.980735 -0.040077 0.191187
-2.726179 -12.741090 -6.490129 -75.393945 -0.026795 0.992651 -0.118009 0.252220 0.120945 0.960082 -0.967299 0.004038 0.253608
-19.680957 -33.173778 -70.467066 1516.219264 -0.317832 -0.339479 -0.885289 0.444901 0.771133 -0.455430 0.837285 -0.538617 -0.094057
-16.408301 -24.189316 844.866960 -200.586528 0.426243 0.904581 -0.007092 -0.199515 0.086359 -0.976082 0.882332 -0.417463 -0.217287
-21.914493 -31.265087 629.618187 -462.268296 0.404771 0.880516 0.246683 0.174551 0.190409 -0.966062 0.897604 -0.434093 0.076623
-21.441037 -37.668983 1051.216961 1773.003132 -0.534470 0.164133 -0.829097 0.511740 0.843557 -0.162893 0.672654 -0.511343 -0.534850
-26.383048 -37.691902 630.976899 339.670358 0.354195 0.681894 0.639974 0.574335 0.381459 -0.724312 0.738028 -0.624107 0.256524
-20.744062 -65.326901 1332.752746 -2930.694298 0.726439 0.635855 -0.260719 -0.200986 -0.166218 -0.965389 0.657184 -0.753697 -0.007051
-14.181742 -28.975550 -8.513290 891.690747 0.005759 0.719219 0.694759 0.559794 0.573386 -0.598213 0.828612 -0.392367 0.399312
-14.751183 -31.898565 20.617327 655.120551 0.053810 -0.663885 -0.745896 0.833113 0.441641 -0.332980 0.550479 -0.603498 0.576856
-16.956952 -31.901070 248.212543 925.656810 0.015908 0.608018 0.793764 0.693867 0.564884 -0.446604 0.719927 -0.557871 0.412897
2.922223 -48.196086 34.024523 1440.932488 0.067312 0.873489 -0.482169 -0.363846 -0.428495 -0.827048 0.929024 -0.231105 -0.288973
2.133779 -49.514061 119.962158 1594.515429 -0.001012 0.881187 -0.472768 -0.457744 -0.420738 -0.783230 0.889083 -0.215614 -0.403784
3.418906 -43.001606 122.155408 1417.582371 0.000424 0.873920 -0.486069 -0.680709 -0.355820 -0.640334 0.732554 -0.331143 -0.594734
2.171593 -35.200479 106.815174 807.403922 -0.018539 0.881089 -0.472586 -0.734526 -0.332681 -0.591435 0.678327 -0.336163 -0.653351
-1.038519 -3.280122 -54.967421 32.610889 -0.196508 0.495697 0.845972 0.250738 0.859512 -0.445388 -0.947900 0.124595 -0.293191
-0.186334 -3.288989 -80.059892 19.479747 -0.248440 0.397099 0.883510 0.215480 0.911909 -0.349271 -0.944376 0.103605 -0.312122
-1.054481 -3.631159 -38.612241 -3.733289 -0.192183 0.554922 0.809399 0.181807 0.830629 -0.526309 -0.964371 0.046007 -0.260521
0.401623 -3.223096 -80.244763 -9.109887 -0.256718 0.362352 0.895990 0.158244 0.930307 -0.330890 -0.953444 0.056840 -0.296166
-2.588420 -5.835241 17.610887 -37.711978 0.146801 0.989021 0.016926 0.331867 -0.065364 0.941059 -0.931833 0.132532 0.337819
-2.833086 -6.160604 34.636877 -10.421180 0.099475 0.994894 -0.017032 0.406238 -0.024981 0.913426 -0.908337 0.097782 0.406648
-2.336580 -6.168584 24.709769 1.343834 0.151031 0.987994 0.032516 0.444515 -0.097258 0.890476 -0.882948 0.120036 0.453867
-2.205513 -5.944590 21.416020 -25.357440 0.198350 0.978574 0.055227 0.366397 -0.126292 0.921848 -0.909071 0.162613 0.383596
0.223346 -8.296917 -401.819264 26.163526 0.313568 0.199557 -0.928360 0.283011 0.913595 0.291974 0.906410 -0.354290 0.229997
5.138546 -8.888326 -456.409426 10.342530 0.318026 0.268309 -0.909324 0.371381 0.847216 0.379869 0.872316 -0.458514 0.169792
-1.606144 -9.012866 -423.426053 6.043559 0.276659 0.143753 -0.950155 0.429880 0.865786 0.256158 0.859455 -0.479321 0.177731
-5.086533 -8.794322 -282.680121 -11.095525 0.170635 0.018887 -0.985153 0.368457 0.926059 0.081573 0.913851 -0.376905 0.151059
-4.792782 -7.998801 -252.071773 66.910828 0.201944 0.069351 -0.976939 0.214443 0.970155 0.113197 0.955632 -0.232357 0.181045
12.985361 -866.613508 1159.969702 -33001.069161 -0.513908 0.062129 -0.855592 -0.001415 0.997311 0.073269 0.857844 0.038864 -0.512439
-32.244154 -391.983538 5551.802334 -16057.816254 -0.812936 -0.057204 -0.579537 0.228192 0.884292 -0.407376 0.535784 -0.463416 -0.705820
-34.656601 -102.756773 -4488.839310 -4957.200185 0.161638 0.625772 0.763075 0.859182 -0.469623 0.203126 0.485468 0.622787 -0.613561
1.092379 -37.330111 29.300329 1987.499392 0.933870 -0.038833 0.355497 0.102931 0.981207 -0.163213 -0.342478 0.189011 0.920317
0.870624 -66.277395 2.927034 2945.802845 0.928798 0.068216 0.364254 -0.103890 0.991428 0.079234 -0.355726 -0.111435 0.927923
2.704573 -90.622731 -0.366415 4804.955657 0.922892 0.023713 0.384328 -0.036468 0.998998 0.025933 -0.383328 -0.037950 0.922832
-34.750236 -65.083692 1170.836344 1637.332968 0.901451 -0.094056 0.422540 0.410111 -0.126849 -0.903171 -0.138547 -0.987453 0.075774
-29.944530 -54.310741 874.810527 -1518.563000 0.957687 -0.246266 -0.148959 -0.089034 0.238680 -0.967008 -0.273695 -0.939353 -0.206655
-23.307770 -58.430661 742.816738 -1732.552671 0.999600 -0.026594 -0.009647 -0.005084 0.166574 -0.986016 -0.027829 -0.985670 -0.166372
-15.325180 -42.771201 506.760265 681.459245 0.946660 0.032517 0.320588 0.321902 -0.050360 -0.945433 0.014597 -0.998202 0.058141
-7.138569 -10.667621 90.847328 80.387672 -0.196579 0.974412 0.108983 -0.043539 0.102367 -0.993793 0.979521 0.200104 -0.022302
-5.741915 -9.492249 -47.548092 98.830858 -0.262038 0.960155 -0.097147 -0.084888 -0.123206 -0.988744 0.961317 0.250842 -0.113790
5.446994 -12.737191 -40.890843 68.049399 0.414302 0.724113 0.551375 0.822270 -0.557500 0.114305 0.390161 0.406022 -0.826390
4.999866 -11.729329 -77.966335 11.738484 0.407687 0.723254 0.557400 -0.744261 0.616859 -0.256047 0.529024 0.310464 -0.789775
5.828828 -12.217601 -55.027233 -78.821134 0.401336 0.677616 0.616252 -0.786911 0.599398 -0.146606 0.468723 0.426097 -0.773783
4.264875 -12.258916 -49.551822 34.387093 0.410635 0.769382 0.489316 -0.795988 0.564234 -0.219187 0.444727 0.299484 -0.844113
-5.452327 -9.705247 -31.632931 5.019139 0.204276 0.958239 0.200125 -0.802582 0.046893 0.594696 -0.560476 0.282099 -0.778644
-5.330905 -9.679168 -29.155977 40.284559 0.141890 0.974442 0.174158 -0.716618 -0.020255 0.697171 -0.682880 0.223726 -0.695429
-5.748664 -9.505605 -15.275602 47.734054 0.218652 0.941732 0.255602 -0.708795 -0.026756 0.704907 -0.670672 0.335299 -0.661644
-5.553944 -9.062450 -14.926260 50.090932 0.132670 0.960366 0.245146 -0.586539 -0.123306 0.800480 -0.798981 0.249987 -0.546933
-5.956310 -8.986249 -14.524901 38.913151 0.231744 0.920952 0.313275 -0.626022 -0.105303 0.772663 -0.744574 0.375177 -0.552133
-1.367463 -24.467856 28.668700 -55.677053 -0.033072 0.974094 0.223711 0.374260 0.219618 -0.900943 0.926734 -0.053930 0.371828
-0.997205 -24.437306 24.366383 148.670830 -0.038696 0.975303 0.217454 0.065739 0.219630 -0.973366 0.997086 0.023370 0.072615
-0.281351 -8.453980 -48.922109 54.990174 -0.121135 0.970346 -0.209178 -0.923764 -0.033073 0.381532 -0.363300 -0.239448 -0.900377
-0.510727 -8.351985 -39.871041 13.836421 -0.135765 0.970837 -0.197597 -0.957943 -0.077740 0.276228 -0.252811 -0.226788 -0.940560
0.763373 -5.212353 -44.101506 12.969889 0.144909 0.981891 -0.122028 -0.313040 -0.071499 -0.947045 0.938620 -0.175435 -0.297011
-0.092929 -5.635453 -87.763033 24.059314 0.198588 0.977437 -0.071969 -0.382492 0.009684 -0.923908 0.902365 -0.211005 -0.375785
-2.097556 -9.582769 -3.607292 46.196965 -0.030744 0.994519 0.099934 -0.961331 -0.002046 -0.275388 0.273674 0.104536 -0.956125
-1.993373 -10.054769 -3.832542 19.271749 0.025514 0.996224 0.082989 -0.941976 0.051754 -0.331667 0.334710 0.069711 -0.939739
-1.769495 -9.796814 -12.184746 60.108963 -0.011384 0.997446 0.070514 -0.977881 0.003623 -0.209129 0.208851 0.071335 -0.975342
-0.631966 -10.945410 -20.655393 80.158852 0.038671 0.999063 0.019444 0.375029 -0.032547 0.926442 -0.926206 0.028535 0.375936
-0.395377 -11.289108 -21.761120 62.918447 0.031968 0.999476 -0.005172 0.388918 -0.007672 0.921240 -0.920718 0.031462 0.388959
-0.024341 -10.563364 -17.776851 9.552065 0.039120 0.999225 0.004456 0.541728 -0.024956 0.840183 -0.839643 0.030454 0.542284
1.318566 -19.047336 58.760291 -16.403659 -0.328053 -0.936008 -0.127556 0.944616 -0.326324 -0.034827 -0.009027 -0.131916 0.991220
2.491708 -18.021689 -46.833890 -216.192591 0.364152 0.924542 0.112323 0.901779 -0.380164 0.205595 -0.232782 -0.026423 0.972170
2.616893 -18.606621 39.712387 -44.226123 -0.359431 -0.928697 -0.091275 0.933106 -0.356519 -0.046985 0.011094 -0.102057 0.994717
0.854638 -18.763811 -109.482356 -222.961863 0.304748 0.936705 0.172373 0.910045 -0.339767 0.237438 -0.280976 -0.084508 0.955987
1.422644 -18.106875 -24.038241 214.029866 0.330704 0.938240 0.101688 0.910354 -0.288745 -0.296449 0.248778 -0.190609 0.949620
0.092818 -17.979868 -103.148141 245.957210 0.316507 0.934251 0.164312 0.912103 -0.252152 -0.323246 0.260561 -0.252179 0.931941
-0.100573 -19.411274 110.726862 43.450052 -0.293427 -0.939798 -0.175159 0.955783 -0.284663 -0.073799 0.019494 -0.189068 0.981770
0.671251 -25.499517 -20.828553 271.468571 0.168647 0.985145 0.032379 0.982938 -0.165640 -0.079980 0.073428 -0.045315 0.996270
0.718785 -22.369021 -25.056361 201.830127 0.186345 0.981014 0.053723 0.916404 -0.153837 -0.369511 0.354231 -0.118089 0.927672
0.541432 -23.783494 1.454910 91.786933 0.172472 0.984808 0.020152 0.974159 -0.173564 0.144532 -0.145834 0.005297 0.989295
1.115952 -7.855322 -32.783525 16.204211 -0.124229 0.989555 0.073125 -0.557022 -0.130537 0.820175 -0.821154 -0.061158 -0.567421
1.742592 -7.285452 -12.019930 -10.941374 -0.206915 0.961601 0.180302 -0.453726 -0.257590 0.853100 -0.866786 -0.094711 -0.489603
0.934136 -7.149103 -5.815397 -45.046482 -0.166504 0.974754 0.148766 -0.564614 -0.217940 0.796061 -0.808386 -0.048552 -0.586648
2.025612 -7.534641 17.481373 21.476066 -0.115386 0.986775 0.113848 -0.414989 -0.152020 0.897036 -0.902480 -0.056260 -0.427042
0.321905 -7.735643 -9.694978 46.408740 -0.098934 0.991638 0.082867 -0.629433 -0.126861 0.766629 -0.770731 -0.023686 -0.636720
0.224274 -27.851111 -20.011822 217.335610 0.057359 0.989145 0.135285 0.431815 0.097597 -0.896666 0.900137 -0.109850 0.421530
0.000985 -28.560143 -4.695907 276.906814 0.093268 0.990924 0.096799 0.532116 0.032563 -0.846045 0.841519 -0.130417 0.524249
-0.775248 -14.428260 -10.218533 52.726274 0.021276 0.991646 -0.127223 -0.357717 0.126378 0.925239 -0.933588 -0.025824 -0.357418
-0.729562 -14.833561 -38.738070 51.500493 -0.012432 0.992660 -0.120301 -0.220680 0.114620 0.968588 -0.975267 -0.038590 -0.217636
-0.890447 -13.873693 -6.725133 25.445637 0.023162 0.994176 -0.105254 -0.195001 0.107753 0.974866 -0.980529 0.002055 -0.196361
-0.745676 -13.875927 -27.379369 50.488384 -0.006285 0.996199 -0.086875 -0.024517 0.086697 0.995933 -0.999680 -0.008390 -0.023879
-1.220660 -14.225884 -12.760690 45.452620 0.042855 0.991894 -0.119627 -0.284964 0.126899 0.950101 -0.957580 0.006627 -0.288092
3.622408 -12.395002 55.556517 -136.949953 0.468961 0.881612 0.053261 0.723583 -0.418080 0.549215 -0.506462 0.219021 0.833982
2.152891 -30.518682 67.574563 64.730647 -0.192030 0.924631 0.328910 -0.881358 -0.015069 -0.472209 0.431662 0.380565 -0.817825
2.989216 -26.770958 6.342569 -332.781153 -0.115524 0.945238 0.305252 0.950264 0.015688 0.311050 0.289228 0.326004 -0.900038
3.779848 -28.882025 -96.419914 -92.833624 -0.073073 0.944758 0.319519 -0.768835 0.150704 -0.621435 0.635258 0.291068 -0.715351
1.175341 -27.318519 140.647598 -538.784556 -0.209617 0.919199 0.333369 0.976872 0.182155 0.111984 0.042211 0.349133 -0.936122
5.221657 -32.464937 -26.265860 -479.904704 -0.168219 0.933763 0.315896 -0.640466 0.140074 -0.755104 0.749337 0.329343 -0.574480
2.729678 -33.804752 139.077594 -243.824004 -0.338969 0.885641 0.317395 -0.763259 -0.061639 -0.643145 0.550032 0.460261 -0.696868
0.273696 -29.046803 145.409060 -422.658778 -0.319951 0.884297 0.340075 0.933467 0.232820 0.272827 0.162084 0.404740 -0.899953
-4.187932 -7.312220 57.176816 24.170710 -0.049789 0.917697 0.394148 -0.863832 -0.237651 0.444204 -0.501314 0.318361 -0.804568
-4.268594 -8.088877 16.666113 63.425914 0.093601 0.960669 0.261445 -0.910347 -0.023744 0.413163 -0.403121 0.276678 -0.872320
-4.333423 -9.291264 -1.527941 -91.074259 0.112437 0.955225 0.273686 0.953161 -0.025851 -0.301357 -0.280789 0.294750 -0.913389
-0.696221 -51.409509 75.333755 1438.549036 -0.667329 0.743741 0.038996 -0.608055 -0.513854 -0.605164 0.430047 0.427555 -0.795145
0.663871 -49.424337 -83.377725 1106.066703 -0.632140 0.763528 -0.131998 -0.224752 -0.343705 -0.911786 0.741543 0.546710 -0.388874
3.171461 -66.645264 -151.729510 1946.391821 -0.627233 0.772534 -0.098846 0.073833 -0.067364 -0.994993 0.775324 0.631390 0.014786
0.105441 -2.898153 -17.615198 -6.798187 0.037960 0.990580 -0.131566 -0.688847 -0.069440 -0.721573 0.723912 -0.118019 -0.679723
0.238914 -3.154683 -13.382572 -30.928325 0.104199 0.993011 -0.055422 -0.713617 0.035834 -0.699619 0.692743 -0.112449 -0.712364
-0.180268 -3.377306 -19.273195 1.597832 0.033831 0.989896 -0.137702 -0.704560 -0.074098 -0.705766 0.708838 -0.120896 -0.694934
-0.286038 -3.489200 -26.535335 34.925914 -0.069287 0.964126 -0.256244 -0.663118 -0.236411 -0.710200 0.745301 -0.120712 -0.655710
0.023000 -2.965068 -21.933419 28.499675 -0.053010 0.970684 -0.234441 -0.659548 -0.210311 -0.721641 0.749791 -0.116371 -0.651361
-3.698874 -5.511405 21.894483 6.372174 0.088947 0.633063 0.768973 -0.650356 -0.547830 0.526231 -0.754404 0.546913 -0.362988
-3.185651 -5.628045 25.467866 -24.682414 0.135574 0.618330 0.774137 -0.707763 -0.486332 0.512400 -0.693319 0.617373 -0.371697
-3.455698 -5.399145 11.184884 10.736922 -0.043173 0.552185 0.832603 0.722516 0.592830 -0.355701 -0.690005 0.586212 -0.424557
-3.033572 -5.421131 7.594290 17.375225 0.027683 0.570861 0.820580 0.774091 0.507147 -0.378927 -0.632469 0.645693 -0.427859
-1.560104 -9.803681 46.283810 -167.191876 0.192521 0.465588 0.863808 0.882419 0.302939 -0.359952 -0.429270 0.831538 -0.352522
-1.440268 -7.908503 41.698161 -99.909530 0.254019 0.474881 0.842592 0.805183 0.378835 -0.456251 -0.535868 0.794337 -0.286135
-0.876311 -10.475531 41.679992 -171.412476 0.235163 0.468504 0.851588 0.880877 0.267576 -0.390459 -0.410796 0.841966 -0.349771
-1.033086 -12.577763 33.770317 -204.638354 0.178615 0.470785 0.863978 0.942891 0.169023 -0.287031 -0.281162 0.865906 -0.413709
-3.151456 -7.268902 4.554638 3.170187 -0.260604 0.837739 0.479873 0.150794 -0.455628 0.877305 -0.953597 -0.300991 0.007587
-2.990062 -7.729637 12.032432 16.262904 -0.303048 0.832597 0.463621 0.122614 -0.448388 0.885389 -0.945054 -0.325162 -0.033795
-2.643206 -7.649276 -19.704461 -20.180241 -0.295524 0.802589 0.518185 0.244158 -0.460946 0.853180 -0.923608 -0.378654 0.059738
-0.669447 -6.258932 20.562347 50.494846 0.166246 0.986048 -0.008413 -0.937156 0.160646 0.309728 -0.306759 0.043607 -0.950788
-0.384762 -6.499035 41.354213 51.704178 0.187105 0.982275 0.011272 -0.944279 0.176681 0.277705 -0.270791 0.062604 -0.960600
-0.524427 -6.952602 30.206211 43.476573 0.179935 0.983672 0.003660 -0.963578 0.175508 0.201779 -0.197842 0.039833 -0.979424
2.784345 -20.429268 -70.177804 -218.486925 0.000469 0.979421 -0.201825 -0.932434 0.073356 0.353817 -0.361341 -0.188023 -0.913280
2.149280 -21.001012 -34.916630 -166.111795 0.010928 0.983383 -0.181216 -0.784831 0.120733 0.607836 -0.619614 -0.135581 -0.773108
1.450888 -21.003471 -55.175156 11.078257 0.002555 0.975076 -0.221855 -0.670194 0.166328 0.723308 -0.742181 -0.146838 -0.653915
2.824893 -22.714305 -82.724540 -97.115860 0.005866 0.972848 -0.231370 0.978888 -0.052860 -0.197445 -0.204315 -0.225327 -0.952619
-0.614220 -17.732142 -49.686933 -310.658482 0.742993 -0.601353 -0.293830 0.441377 0.770256 -0.460318 0.503137 0.212323 0.837718
-2.323795 -16.411195 44.721177 306.096656 0.866652 -0.321507 -0.381506 0.261754 0.943991 -0.200914 0.424734 0.074262 0.902267
-0.298953 -12.646252 46.109257 -239.734007 -0.596060 0.777734 0.199605 0.636050 0.609070 -0.473787 0.490054 0.155447 0.857720
-1.065624 -22.665730 57.973582 -59.625582 0.819920 -0.422924 -0.385832 0.283376 0.885440 -0.368367 0.497422 0.192696 0.845837
1.559290 -33.688740 -36.650891 -1193.489787 0.741178 -0.608368 -0.283801 0.324460 0.694743 -0.641917 0.587691 0.383693 0.712319
2.030236 -17.784587 97.345768 -394.899153 -0.646828 0.726215 0.232862 0.497174 0.633075 -0.593325 0.578300 0.268007 0.770546
-0.059376 -4.338215 -4.178761 68.211854 -0.156463 0.930055 -0.332442 -0.568052 -0.360085 -0.740037 0.807983 -0.073056 -0.584660
0.216196 -4.124639 -10.450265 73.898549 -0.121709 0.949669 -0.288644 -0.584733 -0.303587 -0.752278 0.802044 -0.077220 -0.592252
0.013568 -3.494907 -17.774643 56.785323 -0.130712 0.939735 -0.315933 -0.617377 -0.326492 -0.715715 0.775732 -0.101497 -0.622847
-9.313760 -10.891560 66.674421 -38.285050 0.413279 0.874596 -0.253539 0.807733 -0.480649 -0.341386 0.420439 0.063704 0.905082
2.161634 -4.187730 -68.838849 32.867664 0.209209 0.320105 -0.923994 -0.702963 0.706075 0.085447 0.679761 0.631657 0.372739
1.706792 -4.003022 -26.291638 -16.452452 0.211343 0.280765 -0.936219 -0.638974 0.764514 0.085029 0.739625 0.580249 0.340976
16.553734 -19.804487 -7.156993 -308.404007 -0.299215 -0.386566 -0.872374 0.927128 -0.333960 -0.170010 -0.225618 -0.859672 0.458323
25.948543 -24.345370 210.989702 440.220572 -0.271595 -0.295060 -0.916066 0.950012 0.070105 -0.304239 0.153989 -0.952904 0.261270
-1.942914 -3.639946 28.327414 -68.973985 0.255768 0.966679 0.010697 0.174189 -0.056966 0.983063 -0.950916 0.249572 0.182955
-1.844923 -2.653916 34.316034 -56.099802 0.240962 0.960880 -0.136555 0.163376 0.098534 0.981631 -0.956685 0.258845 0.133242
-2.099805 -4.454528 13.764457 -65.907718 0.227460 0.973252 0.032277 0.215409 -0.082613 0.973023 -0.949664 0.214371 0.228438
-0.557658 -6.286362 -34.157113 -37.540445 -0.194450 0.912080 -0.360970 -0.735242 -0.379115 -0.561863 0.649313 -0.156146 -0.744319
-0.097833 -7.760789 -1.729818 19.682380 -0.245140 0.969477 -0.004604 0.801874 0.205425 0.561069 -0.544889 -0.133849 0.827756
-0.348977 -8.376866 23.618410 27.483285 -0.263584 0.963737 -0.041640 0.744742 0.230744 0.626193 -0.613093 -0.134044 0.778556
-0.204952 -7.875348 17.726048 27.492281 -0.239637 0.970690 -0.018321 0.833621 0.215397 0.508606 -0.497645 -0.106608 0.860804
-0.018331 -14.581838 19.463746 144.087485 -0.157973 0.968762 -0.191166 0.970266 0.116335 -0.212252 -0.183382 -0.219012 -0.958334
-0.242393 -13.109943 16.129066 223.739218 -0.101139 0.974411 -0.200735 0.994468 0.104770 0.007524 0.028363 -0.198863 -0.979617
-0.729604 -15.887574 45.674193 174.715250 -0.148310 0.971489 -0.184967 0.971803 0.108499 -0.209349 -0.183312 -0.210800 -0.960188
0.100206 -12.026760 -0.900466 185.534579 -0.108144 0.972017 -0.208539 0.993779 0.111318 0.003510 0.026626 -0.206862 -0.978008
-0.096128 -16.137040 33.400951 -25.446671 -0.190835 0.966370 -0.172370 -0.891505 -0.097127 0.442476 -0.410853 -0.238109 -0.880059
0.384854 -14.951703 21.167097 -39.026265 -0.203163 0.964565 -0.168342 -0.899463 -0.115915 0.421343 -0.386900 -0.237019 -0.891140
0.311686 -13.452783 7.570854 115.552976 -0.165275 0.966836 -0.194711 0.967585 0.120731 -0.221817 -0.190953 -0.225060 -0.955450
0.143743 -19.480370 -8.102906 -254.163538 -0.113569 0.945611 -0.304832 -0.923925 -0.213338 -0.317569 0.365328 -0.245575 -0.897902
0.234164 -21.400132 -40.468584 114.401135 -0.115998 0.938974 -0.323840 0.985676 0.149009 0.078986 0.122421 -0.310039 -0.942809
-1.269150 -6.655689 11.670896 40.117535 0.279038 -0.088459 0.956197 0.355472 0.934527 -0.017279 -0.892064 0.344722 0.292213
-1.275203 -6.589091 5.853344 -5.960803 0.280115 -0.087234 0.955995 0.441099 0.896202 -0.047468 -0.852624 0.434984 0.289519
-0.807811 -5.289299 -36.196707 48.632253 -0.015884 0.996584 -0.081042 0.181481 -0.076832 -0.980388 0.983266 0.030280 0.179641
-0.646534 -4.797301 -39.101392 78.034236 0.011848 0.984017 -0.177682 0.093329 -0.178008 -0.979593 0.995565 0.004976 0.093946
-1.287765 -4.294462 -28.241799 64.552537 -0.020395 0.986883 -0.160141 0.079500 -0.158067 -0.984223 0.996626 0.032805 0.075233
-1.143783 -3.760890 -38.145428 57.396730 0.009366 0.976538 -0.215143 0.014212 -0.215260 -0.976453 0.999855 -0.006088 0.015895
