10608
21196
-8.269748 -10.561485 56.957752 92.771362 -0.010927 0.979613 0.200599 -0.942857 0.056718 -0.328335 0.333019 0.192724 -0.923015
-6.891746 -11.166631 -33.108207 224.147009 0.371993 0.903941 0.210978 -0.903197 0.404920 -0.142388 0.214140 0.137587 -0.967065
-6.228016 -8.904407 6.282483 -86.800581 -0.248103 0.960822 0.123557 0.957371 0.223713 0.182739 0.147938 0.163628 -0.975367
-4.917790 -9.577897 -77.720342 -191.092078 0.272691 0.956811 0.100758 0.960894 -0.276097 0.021290 0.048189 0.091012 -0.994683
-6.508424 -9.957869 -7.011804 65.758190 -0.370244 0.916413 0.152007 -0.883130 -0.296493 -0.363558 0.288100 0.268847 -0.919086
-5.091845 -7.293518 -30.682875 -68.035057 -0.275834 0.955898 0.100871 0.961203 0.274529 0.026869 -0.002008 0.104369 -0.994537
-5.198001 -7.939252 -39.473284 -84.980081 -0.538989 0.832364 0.129081 0.841025 0.523338 0.137091 0.046557 0.182450 -0.982112
-5.801858 -8.874952 -33.219318 -77.459817 -0.556296 0.819273 0.139022 0.817073 0.508791 0.271152 0.151415 0.264432 -0.952444
-8.341900 -10.789790 69.637302 -38.555861 -0.219703 0.935214 0.277680 -0.527198 0.125677 -0.840398 0.820849 0.331030 -0.465431
-8.392104 -10.795900 84.438153 -40.665066 -0.161260 0.951484 0.262057 -0.649275 0.097696 -0.754253 0.743262 0.291778 -0.602020
-7.413783 -10.808712 27.785451 -18.252316 -0.291673 0.910456 0.293251 -0.682220 0.016879 -0.730952 0.670450 0.413261 -0.616208
-7.007827 -10.692000 4.922076 1.138197 -0.442905 0.848514 0.289583 -0.714564 -0.138995 -0.685623 0.541511 0.510591 -0.667879
-7.425539 -10.857387 8.485277 -4.323125 -0.371353 0.879857 0.296560 -0.600073 0.016302 -0.799779 0.708526 0.474958 -0.521925
-3.835529 -8.171289 -40.802248 20.288711 -0.349408 0.891146 -0.289436 0.936956 0.330602 -0.113203 -0.005193 -0.310743 -0.950480
-3.424487 -7.822213 -105.931098 -29.299263 -0.282766 0.879216 -0.383436 0.954359 0.217818 -0.204338 -0.096138 -0.423715 -0.900679
-3.784248 -8.044744 -7.600546 -31.271368 -0.321088 0.913268 -0.250687 0.934116 0.261810 -0.242657 -0.155978 -0.312085 -0.937163
-4.046641 -8.269667 50.502227 59.411922 -0.408189 0.897362 -0.167700 0.912622 0.405631 -0.050834 0.022407 -0.173797 -0.984527
1.061734 -2.866163 66.427423 31.713251 0.872504 -0.334863 0.355814 -0.408890 -0.899059 0.156533 -0.267481 0.282064 0.921354
-0.369183 -3.102495 51.926436 -21.751660 0.748211 -0.547252 0.375093 0.597710 0.801380 -0.023078 -0.287962 0.241464 0.926700
0.715526 -2.242355 59.424656 -43.316833 0.810038 -0.455206 0.369631 0.505459 0.861589 -0.046642 -0.297238 0.224614 0.928007
1.696341 -2.266791 46.265131 -42.296033 0.884410 -0.279225 0.373967 0.353257 0.924158 -0.145403 -0.305004 0.260703 0.915973
-4.429823 -6.493448 -30.551906 9.771641 0.070726 -0.734084 -0.675365 0.996260 0.085683 0.011198 0.049647 -0.673631 0.737398
-3.111363 -5.692002 -78.156171 -11.209508 -0.323665 -0.770860 -0.548649 0.934239 -0.168566 -0.314299 0.149796 -0.614297 0.774726
-4.000849 -6.018327 -18.931273 23.694402 0.038079 -0.782272 -0.621772 0.999116 0.040908 0.009720 0.017832 -0.621592 0.783138
-4.360498 -6.823651 -4.319365 23.762856 0.279395 -0.707902 -0.648702 0.955304 0.136963 0.261985 -0.096612 -0.692904 0.714528
-4.365891 -7.076173 -3.608721 8.676990 0.205218 -0.653031 -0.728997 0.975411 0.075301 0.207132 -0.080369 -0.753578 0.652427
-4.616606 -6.944330 -4.189550 -5.902017 0.085869 -0.657578 -0.748477 0.995283 0.090665 0.034529 0.045155 -0.747911 0.662261
-0.590328 -7.386742 7.298466 -63.872214 0.073676 -0.580232 -0.811112 0.863194 -0.370233 0.343254 -0.499467 -0.725437 0.473576
-0.288029 -6.533110 -2.907623 -34.496076 0.098190 -0.592962 -0.799222 0.815031 -0.412913 0.406482 -0.571037 -0.691303 0.442738
-0.479303 -7.189663 -15.530682 -78.117414 0.062470 -0.585721 -0.808102 0.858694 -0.381122 0.342622 -0.508667 -0.715316 0.479147
-0.655780 -6.790195 34.238126 -16.671420 0.088859 -0.563990 -0.820987 0.813809 -0.434135 0.386318 -0.574298 -0.702455 0.420403
-0.628806 -8.327131 -10.807182 -99.016027 0.045798 -0.581899 -0.811970 0.913837 -0.303907 0.269339 -0.403491 -0.754343 0.517843
-0.725483 -8.373979 4.745268 -68.324715 0.067197 -0.586011 -0.807512 0.926863 -0.262933 0.267940 -0.369337 -0.766457 0.525484
-0.847954 -7.598199 33.120891 -37.798943 0.087044 -0.568481 -0.818078 0.877061 -0.345702 0.333548 -0.472427 -0.746538 0.468501
-0.476440 -19.627270 -1.290021 286.416201 -0.058025 0.131943 -0.989558 0.897351 0.441274 0.006219 0.437487 -0.887619 -0.144004
-0.517054 -21.665264 -10.682129 16.678684 -0.072299 0.118872 -0.990274 0.987830 0.145627 -0.054639 0.137715 -0.982172 -0.127954
-0.550876 -19.089938 -12.978540 304.892946 -0.053567 0.122752 -0.990991 0.888823 0.458168 0.008708 0.455109 -0.880349 -0.133648
-0.481755 -16.458798 -4.309915 388.440861 -0.038077 0.140328 -0.989373 0.741274 0.667929 0.066207 0.670122 -0.730875 -0.129455
0.261585 -6.643521 -36.951641 -11.470467 -0.283336 0.900608 -0.329586 -0.128693 0.304855 0.943664 -0.950347 -0.309790 -0.029526
0.427678 -6.621737 -39.081724 20.064940 -0.289973 0.895432 -0.337812 0.019349 0.358391 0.933371 -0.956839 -0.264116 0.121249
-0.138975 -6.751202 -27.663181 -9.308212 -0.282387 0.905895 -0.315614 -0.083752 0.304467 0.948834 -0.955638 -0.294371 0.010107
-0.135950 -6.484716 -26.391339 -23.694674 -0.284326 0.906372 -0.312486 -0.220863 0.255248 0.941312 -0.932941 -0.336656 -0.127610
-0.481272 -6.880449 -5.037358 -1.757687 -0.260967 0.918628 -0.296680 -0.031196 0.299144 0.953698 -0.964843 -0.258139 0.049409
-0.453160 -6.720253 -10.179218 -21.981707 -0.268297 0.916268 -0.297439 -0.148374 0.265771 0.952550 -0.951841 -0.299699 -0.064645
-0.467593 -12.733527 -9.379404 -88.459991 0.047175 0.240365 -0.969536 0.536270 0.812782 0.227596 0.842727 -0.530670 -0.090558
-0.475412 -13.503549 -18.776650 -333.566257 0.088314 0.284949 -0.954466 0.461238 0.837595 0.292735 0.882871 -0.466088 -0.057458
-0.312054 -17.281221 -10.022631 -357.466281 0.088778 0.311636 -0.946045 0.348351 0.880101 0.322603 0.933150 -0.358196 -0.030425
-0.068900 -15.045647 -1.936061 -326.319210 0.087179 0.300623 -0.949750 0.437075 0.845176 0.307642 0.895190 -0.441932 -0.057713
-0.639384 -18.371537 5.920488 -291.913044 -0.130780 0.160228 -0.978378 0.874506 -0.446258 -0.189979 -0.467049 -0.880443 -0.081759
-0.627281 -15.188148 4.464888 -125.021200 -0.160266 0.183768 -0.969817 0.737919 -0.630251 -0.241369 -0.655584 -0.754329 -0.034598
-0.726034 -17.975099 8.927947 -326.220154 -0.126470 0.179349 -0.975623 0.856760 -0.475958 -0.198557 -0.499967 -0.860986 -0.093464
-0.623778 -17.752686 10.255135 -251.109002 -0.113361 0.185884 -0.976010 0.899831 -0.397291 -0.180179 -0.421253 -0.898669 -0.122227
-0.752734 -20.565801 12.261778 -266.509216 -0.094989 0.174597 -0.980047 0.973164 -0.190995 -0.128348 -0.209594 -0.965938 -0.151768
0.165169 -34.717910 -27.019610 -101.092654 -0.222900 -0.381433 0.897120 0.951219 -0.286464 0.114544 0.213302 0.878890 0.426679
0.047194 -35.305246 -18.710309 167.668110 -0.184917 -0.402555 0.896524 0.825583 -0.558510 -0.080496 0.533121 0.725270 0.435621
0.623325 -36.442849 -27.968668 44.316021 -0.194983 -0.396080 0.897275 0.823070 -0.563618 -0.069937 0.533421 0.724883 0.435898
0.833231 -48.953224 -39.218333 -650.999220 -0.187999 -0.383958 0.904009 0.935078 -0.351555 0.045145 0.300475 0.853806 0.425123
0.352505 -44.491382 -37.007153 -734.178656 -0.216843 -0.367776 0.904279 0.969001 0.031251 0.245073 -0.118391 0.929389 0.349599
-0.399604 -31.911527 -30.226554 -218.302821 -0.242696 -0.382712 0.891420 0.954869 0.067963 0.289148 -0.171244 0.921364 0.348946
-6.478180 -16.177722 -37.229752 897.407205 0.939732 0.215511 -0.265440 -0.331879 0.761629 -0.556577 -0.082218 -0.611127 -0.787251
-5.475495 -65.148791 -224.380733 2911.515382 0.969574 0.183042 -0.162550 -0.244799 0.723456 -0.645512 0.000558 -0.665663 -0.746252
-4.062522 -58.271973 -126.204471 2307.635027 0.894220 0.218131 -0.390882 -0.445719 0.514448 -0.732583 -0.041289 -0.829314 -0.557255
-2.305014 -4.624035 -49.369649 37.697145 -0.378526 0.851715 -0.362354 0.853237 0.472823 0.220057 -0.358755 0.225877 0.905690
-1.514112 -3.817386 -53.630518 6.755330 -0.617499 0.684465 -0.387561 0.730787 0.681480 0.039191 -0.290940 0.259024 0.921011
-2.512676 -4.504618 -35.516129 30.158176 -0.390007 0.826273 -0.406407 0.863450 0.481506 0.150352 -0.319919 0.292274 0.901237
-2.934698 -5.154547 -23.417616 35.402396 -0.230389 0.895133 -0.381652 0.883717 0.356660 0.303047 -0.407387 0.267454 0.873215
-2.632769 -5.209934 -36.243129 29.290154 -0.195630 0.923388 -0.330277 0.862584 0.322246 0.390008 -0.466560 0.208594 0.859541
1.926491 -63.677785 0.580056 -2077.398823 -0.225730 0.237667 -0.944754 0.890169 -0.343674 -0.299144 -0.395784 -0.908517 -0.133986
1.770942 -55.460210 -30.209520 -969.491062 -0.157713 0.251003 -0.955052 0.980849 0.151755 -0.122089 0.114289 -0.956017 -0.270130
2.569640 -57.041237 10.801072 -1482.082874 -0.222276 0.261947 -0.939136 0.973128 0.000209 -0.230263 -0.060121 -0.965082 -0.254954
0.591324 -14.743843 17.886239 283.001621 -0.433329 0.653888 -0.620206 -0.416426 0.465033 0.781238 -0.799259 -0.596803 -0.070784
-2.663002 -9.693026 -50.497650 57.428740 -0.463741 0.736638 -0.492249 -0.146873 0.483997 0.862656 -0.873712 -0.472347 0.116257
-0.859408 -10.029897 -5.124858 66.421227 0.372473 -0.462976 0.804312 -0.422819 0.686841 0.591163 -0.826129 -0.560270 0.060075
0.611328 -15.023484 -3.007064 214.561444 -0.402310 0.543916 -0.736412 -0.549592 0.499825 0.669421 -0.732185 -0.674041 -0.097847
5.777664 -179.491697 249.620353 -6721.036798 -0.497133 0.689353 -0.526926 0.556474 -0.212637 -0.803195 -0.665729 -0.692515 -0.277899
11.273647 -9.448143 57.472541 50.344031 0.486325 0.627333 -0.608229 0.135308 0.633625 0.761716 0.863238 -0.452739 0.223265
11.986428 -9.077388 63.979775 53.214752 0.433258 0.684068 -0.586804 0.014369 -0.656246 -0.754410 0.901156 -0.318422 0.294153
14.690251 -10.212189 202.287765 10.037411 0.269408 0.707504 -0.653344 -0.121524 -0.648028 -0.751858 0.955328 -0.281954 0.088605
15.897625 -10.793792 -137.107605 33.636340 0.161511 0.692880 -0.702732 -0.199956 -0.674335 -0.710838 0.966402 -0.255323 -0.029633
13.489986 -11.666348 147.026289 -127.846964 0.309441 0.701575 -0.641903 -0.247902 -0.592174 -0.766730 0.918037 -0.396386 0.009321
2.245662 -13.407124 22.514812 29.744760 0.889560 -0.366002 0.273358 -0.225401 0.168818 0.959529 0.397337 0.915174 -0.067677
2.923240 -13.654538 3.810324 -7.834884 0.942189 -0.318269 0.104804 -0.031075 0.228431 0.973064 0.333637 0.920067 -0.205336
5.860174 -13.746740 -35.086315 -246.296813 0.898829 -0.315779 0.303956 -0.115944 0.497483 0.859691 0.422685 0.807957 -0.410539
-2.242994 -7.049384 25.458807 -51.560141 -0.606387 0.723041 -0.330917 0.746876 0.660717 0.075034 -0.272894 0.201654 0.940672
-2.322190 -7.015111 9.760203 -55.199663 -0.624283 0.725240 -0.290339 0.742119 0.666651 0.069539 -0.243988 0.172054 0.954394
-1.823795 -7.302733 -53.541619 -1.308292 0.582712 -0.735274 0.346150 0.802263 0.588427 -0.100631 -0.129692 0.336342 0.932767
-2.421179 -5.834792 7.404629 -74.743445 -0.565967 0.766773 -0.302886 0.733024 0.636164 0.240772 -0.377303 0.085753 0.922111
-1.554752 -7.299628 -52.978482 -25.101287 0.550382 -0.750627 0.365567 0.801929 0.597125 0.018740 -0.232356 0.282844 0.930597
-1.856564 -6.582725 23.209634 -53.960690 -0.492842 0.798053 -0.346725 0.793307 0.575819 0.197731 -0.357451 0.177609 0.916888
0.439926 -12.085987 37.090921 -15.489406 0.966203 -0.126112 -0.224829 0.170641 -0.340828 0.924509 0.193220 0.931629 0.307789
-0.317421 -12.014535 25.701484 17.134155 0.970298 -0.130918 -0.203427 0.126371 -0.442750 0.887695 0.206283 0.887036 0.413055
0.212616 -11.246716 21.230104 43.539527 0.968925 -0.113766 -0.219638 0.114907 -0.579307 0.806969 0.219044 0.807131 0.548233
0.746667 -11.073577 29.869172 16.092135 0.965750 -0.107009 -0.236381 0.136251 -0.566157 0.812959 0.220823 0.817322 0.532186
0.975849 -11.827373 28.110097 -17.943716 0.963235 -0.100200 -0.249275 0.190167 -0.401121 0.896069 0.189775 0.910529 0.367319
0.668077 -10.378356 28.309360 111.557327 0.965395 -0.101953 -0.240036 0.086346 -0.743544 0.663088 0.246081 0.660869 0.709011
-0.029093 -10.120954 14.891127 131.279207 0.969457 -0.106453 -0.220953 0.060429 -0.769444 0.635849 0.237699 0.629780 0.739511
-0.678312 -13.839809 -27.911534 31.942711 0.998812 -0.041199 -0.026014 -0.048721 -0.851291 -0.522427 0.000622 -0.523074 0.852287
-0.436147 -14.131492 -27.905098 10.994754 0.999693 -0.022154 -0.011095 -0.024602 -0.940619 -0.338573 0.002935 -0.338742 0.940875
-0.031957 -14.684142 -31.509536 26.111942 0.999053 -0.042277 -0.010312 -0.041634 -0.859683 -0.509129 -0.012660 -0.509076 0.860628
-0.328603 -14.417244 -23.433953 13.723212 0.996635 -0.065957 -0.048663 -0.081422 -0.728318 -0.680384 -0.009434 -0.682057 0.731238
0.315439 -12.555892 73.005951 196.503619 -0.956548 0.057195 0.285911 0.077178 0.995264 0.059109 -0.281176 0.078607 -0.956431
1.765737 -12.447064 84.994598 205.244683 -0.956541 0.095208 0.275619 0.107126 0.993838 0.028478 -0.271209 0.056766 -0.960845
1.059867 -9.867821 73.498411 132.356541 -0.956500 0.091141 0.277131 0.144611 0.973149 0.179076 -0.253368 0.211362 -0.943997
-0.287463 -9.875016 53.728429 182.937721 -0.959922 0.056161 0.274581 0.120453 0.967289 0.223257 -0.253061 0.247384 -0.935287
-0.963758 -13.312887 42.364519 209.175313 -0.964155 0.003512 0.265318 0.020478 0.997915 0.061207 -0.264550 0.064446 -0.962216
1.716596 -1.922100 137.288496 7.349448 -0.968099 0.095777 -0.231539 0.103702 0.994359 -0.022273 0.228100 -0.045574 -0.972571
-0.732810 -2.764118 129.503194 11.767410 -0.951836 0.185899 -0.243824 0.185775 0.982306 0.023716 0.243919 -0.022722 -0.969529
0.913647 -1.925525 178.864844 3.977689 -0.976427 -0.105923 -0.188069 -0.083555 0.988866 -0.123138 0.199018 -0.104521 -0.974406
2.515432 -1.492949 161.108836 -7.178262 -0.955513 -0.227324 -0.187934 -0.188142 0.960465 -0.205204 0.227152 -0.160716 -0.960506
3.184500 -1.496878 115.545620 13.150839 -0.961226 -0.085217 -0.262265 -0.054826 0.991125 -0.121101 0.270258 -0.102026 -0.957367
0.576934 -16.903271 1.504117 -32.685748 0.994180 -0.045200 -0.097793 0.085737 -0.217693 0.972244 0.065234 0.974970 0.212550
0.473351 -17.438614 5.136132 -30.193167 0.993831 -0.048313 -0.099824 0.065315 -0.472464 0.878926 0.089627 0.880025 0.466395
0.573173 -17.300305 27.606125 -7.625512 0.993911 -0.038249 -0.103337 0.091299 -0.239216 0.966665 0.061694 0.970213 0.234267
-0.475921 -15.263649 20.895662 107.755908 0.926951 0.191147 -0.322839 -0.099403 -0.704612 -0.702596 0.361775 -0.683363 0.634140
-0.583999 -16.626123 22.275437 125.964943 0.917409 0.165368 -0.361959 -0.044321 -0.861450 -0.505904 0.395471 -0.480163 0.782973
-0.878414 -14.709707 22.279675 66.332525 0.928687 0.187025 -0.320254 -0.068284 -0.762540 -0.643328 0.364524 -0.619318 0.695390
-0.766720 -13.952239 29.694332 18.372892 0.931063 0.233404 -0.280437 -0.110754 -0.551551 -0.826756 0.347643 -0.800821 0.487679
0.957877 -16.163668 72.382674 -68.613157 -0.943223 -0.012179 0.331936 -0.013845 0.999901 -0.002654 -0.331871 -0.007099 -0.943298
-0.342203 -17.130671 55.702504 -132.778199 -0.946004 0.017351 0.323692 0.016062 0.999849 -0.006654 -0.323758 -0.001095 -0.946139
0.782671 -17.617830 58.701791 218.330633 -0.945989 -0.027530 0.323028 -0.082813 0.983853 -0.158667 -0.313444 -0.176848 -0.932994
2.378561 -15.871431 86.621152 -42.334169 -0.953693 -0.039907 0.298122 -0.032433 0.999024 0.029979 -0.299027 0.018922 -0.954057
0.541641 -25.267515 54.013748 -681.458609 -0.945766 -0.005561 0.324800 0.051272 0.984765 0.166159 -0.320776 0.173801 -0.931072
1.846338 -18.272560 53.297606 321.700943 -0.959540 -0.039539 0.278781 -0.081913 0.986468 -0.142028 -0.269393 -0.159117 -0.949794
-1.309551 -23.190600 14.050479 -252.138297 0.932643 0.049262 -0.357422 -0.133093 -0.873798 -0.467721 0.335356 -0.483787 0.808385
-1.151290 -22.164785 -14.548981 -56.876069 0.943798 0.004141 -0.330498 -0.107638 -0.941562 -0.319179 0.312506 -0.336815 0.888198
-1.065200 -23.235658 -19.132535 -213.675303 0.949160 0.020656 -0.314117 -0.160176 -0.827324 -0.538404 0.270998 -0.561346 0.781954
1.792320 -10.095268 -39.332797 -36.695630 0.991404 0.058114 -0.117222 -0.058418 0.998292 0.000848 0.117071 0.006007 0.993105
2.739064 -9.563658 -41.884606 25.147376 0.970654 0.181662 -0.157575 -0.177901 0.983323 0.037775 0.161809 -0.008634 0.986784
3.340309 -10.427682 -72.562584 -45.040446 0.979225 0.173194 -0.105463 0.153490 -0.972951 -0.172645 0.132511 -0.152871 0.979322
-0.000504 -4.600322 15.482240 28.418650 -0.059794 -0.958936 0.277247 0.990639 -0.022861 0.134583 -0.122718 0.282699 0.951326
0.156955 -4.127875 -6.633604 21.964914 -0.123309 -0.953242 0.275906 0.986617 -0.087870 0.137354 -0.106688 0.289150 0.951320
-0.153636 -4.588619 5.838671 43.033434 -0.030044 -0.957136 0.288077 0.981335 0.026523 0.190469 -0.189946 0.288422 0.938474
-0.220667 -6.471442 6.117164 -10.029276 0.959698 0.033189 -0.279066 0.119665 -0.946743 0.298929 0.254283 0.320276 0.912559
-0.049286 -6.670048 -8.334086 -28.874280 0.962976 0.021355 -0.268741 0.103412 -0.949862 0.295075 0.248965 0.311941 0.916902
-0.300176 -6.871805 5.299103 16.448145 0.963804 -0.008420 -0.266477 0.101972 -0.911862 0.397631 0.246338 0.410411 0.877998
0.766407 -25.595762 -1.003639 333.888157 0.922124 0.068344 -0.380811 -0.030205 0.993987 0.105251 0.385714 -0.085552 0.918643
0.927170 -25.168127 -7.043982 -19.172713 0.920214 0.070638 -0.384990 -0.134833 0.980588 -0.142364 0.367460 0.182915 0.911875
0.570852 -24.846362 20.281201 -37.676329 0.914493 0.055087 -0.400833 -0.126110 0.980144 -0.153017 0.384445 0.190483 0.903282
0.373653 -25.350608 35.653143 344.275878 0.910603 0.083703 -0.404717 -0.049374 0.994295 0.094550 0.410322 -0.066115 0.909541
0.011031 -137.885481 -3.982964 -5139.825498 0.203050 -0.978804 0.026726 0.979085 0.203313 0.007489 -0.012764 0.024647 0.999615
-0.686722 -52.609355 12.680795 -1758.754401 -0.136504 0.988889 -0.058871 0.983415 0.142433 0.112288 -0.119425 0.042567 0.991930
0.778505 -29.010869 21.632536 -716.133519 0.101836 0.986375 -0.129201 0.958510 -0.062530 0.278115 -0.266247 0.152163 0.951819
-0.238376 -67.135964 -67.625778 -2349.280006 -0.089850 0.995952 -0.002529 0.980395 0.087999 -0.176299 0.175362 0.018320 0.984333
2.466963 -16.716216 23.656936 0.352108 -0.300727 -0.944890 0.129408 0.949226 -0.283402 0.136578 -0.092377 0.163911 0.982140
-0.984842 -35.308992 -83.195225 -1364.375307 0.163016 -0.981590 0.099531 0.984020 0.154433 -0.088626 0.071624 0.112388 0.991080
0.964482 -227.681718 -133.754269 -9229.707670 -0.156327 0.983917 0.086422 0.916433 0.177125 -0.358855 0.368391 -0.023101 0.929384
2.252670 -140.460628 73.406017 -6107.763372 -0.309799 0.950103 0.036466 0.880766 0.301215 -0.365405 0.358156 0.081084 0.930134
-8.629351 -11.012454 36.753694 86.308612 0.334179 0.899448 0.281635 -0.836202 0.420804 -0.351697 0.434846 0.117974 -0.892744
-5.320257 -10.856716 -118.127954 93.927252 0.349017 0.928745 0.124977 -0.877516 0.370702 -0.304213 0.328865 0.003494 -0.944370
-3.663214 -11.147668 -153.646698 198.421129 0.353652 0.934767 0.033766 -0.921847 0.354427 -0.156777 0.158517 -0.024318 -0.987057
-8.844064 -10.849864 58.787120 -44.380526 -0.094407 0.980928 0.169904 -0.531748 0.094595 -0.841603 0.841624 0.169799 -0.512676
-8.821743 -11.268808 59.549319 -12.572783 -0.036668 0.981885 0.185894 -0.696228 0.108343 -0.709597 0.716884 0.155444 -0.679643
-1.659715 -6.819301 -97.168052 -45.364478 -0.170817 0.880915 -0.441374 0.967643 0.065551 -0.243659 -0.185711 -0.468714 -0.863608
-2.978550 -7.170866 -87.532094 -76.536985 -0.199561 0.902199 -0.382377 0.944597 0.073344 -0.319932 -0.260597 -0.425038 -0.866851
2.040522 -14.428333 -6.671651 326.285398 -0.380165 0.682240 -0.624518 0.010385 0.678320 0.734693 -0.924860 -0.272819 0.264959
2.422437 -17.990434 14.698953 313.178940 -0.412202 0.688281 -0.596957 -0.150635 0.594709 0.789703 -0.898553 -0.415440 0.141461
2.255502 -15.715808 -72.954036 114.912153 -0.426286 0.699904 -0.573075 -0.236056 0.525499 0.817391 -0.873246 -0.483720 0.058797
2.886345 -16.681045 -95.133394 522.347131 0.349894 -0.685390 0.638604 0.130372 0.710687 0.691323 -0.927673 -0.158633 0.338021
1.756917 -12.725035 -32.391340 172.726104 -0.373430 0.709863 -0.597197 -0.075646 0.618323 0.782275 -0.924569 -0.337300 0.177202
1.264126 -10.385002 4.263333 202.235749 0.345131 -0.643448 0.683271 0.094360 0.748104 0.656839 -0.933799 -0.162222 0.318910
-0.573857 -5.317995 -149.235083 -15.584370 -0.548670 -0.743525 -0.382271 0.805602 -0.347939 -0.479525 0.223532 -0.571059 0.789889
1.576900 -5.597691 -202.175318 -11.220770 -0.589141 -0.743651 -0.316062 0.734578 -0.329967 -0.592889 0.336613 -0.581468 0.740667
2.554858 -5.235176 -130.740955 -9.147484 -0.648309 -0.689751 -0.322397 0.722805 -0.424495 -0.545305 0.239269 -0.586556 0.773759
-2.368834 -5.307269 -95.039612 -12.383488 -0.393383 -0.778990 -0.488286 0.911625 -0.261692 -0.316951 0.119121 -0.569817 0.813092
0.296933 -5.143582 -155.035747 -7.038117 -0.579246 -0.731945 -0.358789 0.799105 -0.422972 -0.427230 0.160951 -0.534182 0.829906
-0.572295 -6.343224 11.821009 2.807962 0.094457 -0.582269 -0.807491 0.763188 -0.478471 0.434292 -0.639236 -0.657289 0.399185
-0.386378 -6.586076 -15.815656 -31.997725 0.070205 -0.586131 -0.807169 0.803325 -0.446495 0.394095 -0.591388 -0.676087 0.439508
-0.310558 -21.969994 -16.283499 158.925719 -0.066127 0.109458 -0.991789 0.964140 0.263041 -0.035253 0.257022 -0.958555 -0.122927
-0.435734 -22.888264 -15.238678 -171.173029 -0.090515 0.109415 -0.989866 0.991336 -0.085102 -0.100057 -0.095188 -0.990346 -0.100764
-0.208793 -19.484772 -10.524104 348.840375 -0.045999 0.120470 -0.991651 0.826961 0.561466 0.029850 0.560374 -0.818683 -0.125451
0.285340 -22.368901 -29.604663 298.151647 -0.061767 0.100994 -0.992968 0.923058 0.384223 -0.018339 0.379669 -0.917700 -0.116956
0.081433 -24.028737 -17.000753 -39.106821 -0.082749 0.109553 -0.990530 0.996272 0.033425 -0.079532 0.024395 -0.993419 -0.111911
0.953028 -6.324344 -13.563460 30.653415 -0.251475 0.899655 -0.356906 0.080751 0.386973 0.918548 -0.964489 -0.202171 0.169962
0.704235 -6.046820 -34.959913 38.786124 -0.287532 0.890804 -0.351843 0.164039 0.407731 0.898247 -0.943619 -0.200559 0.263362
0.874894 -6.600718 -24.646029 1.684027 -0.258230 0.901348 -0.347691 -0.088929 0.336192 0.937585 -0.961982 -0.273032 0.006659
-0.457938 -10.185360 -9.448314 -56.405402 0.046553 0.245184 -0.968358 0.559651 0.796577 0.228595 0.827420 -0.552584 -0.100134
-0.522722 -9.299861 -9.753197 -85.024904 0.046777 0.260079 -0.964454 0.562642 0.790923 0.240573 0.825376 -0.553895 -0.109335
-0.589203 -16.261289 -3.463361 -191.077312 -0.155568 0.165128 -0.973926 0.761651 -0.607777 -0.224709 -0.629036 -0.776749 -0.031219
-0.614526 -14.168119 4.807698 31.043436 0.184791 -0.196893 0.962853 -0.617622 0.738817 0.269614 -0.764457 -0.644502 0.014921
0.661024 -35.224503 7.126896 -132.423877 0.178351 0.436054 -0.882070 -0.601412 0.757814 0.253025 0.778777 0.485360 0.397405
-0.070593 -33.639113 50.229879 -309.732390 0.127527 0.415892 -0.900428 -0.575823 0.770223 0.274200 0.807568 0.483519 0.337704
-0.001802 -1.045734 12.041344 253.151215 -0.361880 0.871941 -0.329790 0.884350 0.433008 0.174440 -0.294903 0.228523 0.927798
-0.453604 -1.671039 10.300816 222.815823 -0.441901 0.824954 -0.352385 0.839129 0.519014 0.162750 -0.317154 0.223777 0.921595
2.189796 -0.466327 230.456959 34.548585 0.945482 0.172769 0.276069 -0.092116 0.954941 -0.282140 -0.312375 0.241328 0.918794
-0.111320 -3.322732 73.989281 19.888207 0.827960 -0.426724 0.363851 -0.500964 -0.854408 0.137918 -0.252025 0.296467 0.921190
-1.527021 -3.572747 59.885195 20.273885 0.672294 -0.616372 0.410008 0.699414 0.710340 -0.078970 -0.242570 0.339856 0.908657
-2.033054 -5.365586 -48.510445 -28.175619 -0.621180 0.781524 -0.057933 0.080541 0.137201 0.987263 -0.779518 -0.608602 0.148171
-1.134492 -4.704698 -40.754952 -40.885097 -0.634409 0.772779 0.018356 0.131056 0.084127 0.987799 -0.761806 -0.629075 0.154648
-1.852877 -5.606371 -31.052681 -41.219463 -0.635051 0.755825 -0.159494 0.095105 0.281403 0.954865 -0.766593 -0.591219 0.250588
2.158750 -52.680760 -17.558051 642.011815 -0.215548 0.295870 -0.930591 0.882567 0.466841 -0.055997 0.417870 -0.833379 -0.361752
1.592890 -81.607613 -31.371585 2441.074593 -0.190149 0.250398 -0.949286 0.745814 0.665639 0.026187 0.638439 -0.703012 -0.313321
-2.436873 -8.034539 -37.253852 44.336687 0.314423 -0.264215 0.911773 -0.300838 0.883243 0.359691 -0.900353 -0.387391 0.198226
-5.257044 -8.067046 -116.042915 -163.038061 -0.398590 0.868532 -0.294583 0.038317 0.336691 0.940835 -0.916329 -0.363719 0.167481
14.406235 -10.191264 14.178295 78.970645 0.359718 0.728092 -0.583511 0.205137 -0.671784 -0.711776 0.910232 -0.136340 0.391011
9.388079 -7.923001 -319.350501 60.112781 0.661571 0.652427 -0.369679 0.216711 -0.638290 -0.738662 0.717886 -0.408564 0.563663
12.618777 -9.818351 -187.874147 61.438916 0.485321 0.764886 -0.423572 0.394801 -0.623961 -0.674392 0.780125 -0.160070 0.604800
17.639605 -12.075585 -103.446980 29.800808 0.296841 0.752795 -0.587525 0.428206 -0.654864 -0.622729 0.853537 0.066731 0.516742
-1.653670 -6.280351 0.807719 -63.528464 0.601991 -0.405966 0.687603 0.793172 0.403349 -0.456275 -0.092112 0.820061 0.564814
-1.166662 -4.946834 -15.385193 -58.197304 0.531633 -0.399664 0.746750 0.826880 0.435825 -0.355424 -0.183402 0.806427 0.562173
-1.409413 -4.573024 -3.046057 -36.212431 0.580689 -0.402301 0.707781 0.789264 0.491391 -0.368235 -0.199656 0.772456 0.602867
-1.002256 -7.040218 -25.832997 -122.435190 0.548709 -0.391592 0.738630 0.829808 0.362556 -0.424230 -0.101670 0.845700 0.523885
-1.956567 -5.220580 -9.187353 -32.046019 0.595411 -0.435418 0.675201 0.797181 0.424720 -0.429087 -0.099939 0.793741 0.599990
-1.345599 -9.742421 -1.284838 -187.342414 0.684497 -0.375777 0.624704 0.728959 0.342160 -0.592912 0.009054 0.861231 0.508134
-1.883986 -7.226489 4.532408 -90.523346 0.699015 -0.394763 0.596272 0.715022 0.372998 -0.591283 0.011009 0.839664 0.542995
-2.375956 -7.601268 -14.230319 -39.558113 0.651489 -0.711009 0.264628 0.747260 0.661635 -0.061983 -0.131016 0.238127 0.962357
-2.131263 -7.034611 -40.862602 -54.680078 -0.633084 0.748178 -0.198583 0.755284 0.653231 0.053249 -0.169560 0.116275 0.978637
-2.222522 -5.915280 -17.412917 -70.229931 -0.599795 0.764961 -0.234692 0.739328 0.641996 0.203064 -0.306007 0.051718 0.950623
-0.041159 -12.210478 29.218666 -27.867997 0.971754 -0.128804 -0.197749 0.170535 -0.195969 0.965668 0.163134 0.972114 0.168469
-0.577698 -12.044120 33.276819 -8.896600 0.971236 -0.141322 -0.191649 0.143067 -0.297053 0.944082 0.190349 0.944345 0.268290
-0.655170 -11.518810 16.944981 32.888250 0.973146 -0.117310 -0.198053 0.112862 -0.506718 0.854692 0.200621 0.854093 0.479871
2.337506 -9.605270 57.065192 97.547394 -0.964716 0.112349 0.238120 0.150247 0.977588 0.147469 -0.216215 0.178042 -0.959975
2.728927 -12.090717 44.152962 180.486521 -0.973266 0.100392 0.206578 0.107172 0.994000 0.021869 -0.203143 0.043424 -0.978186
-1.766978 -3.129943 103.609813 11.921715 -0.794566 0.559238 -0.236468 0.520127 0.827841 0.210111 0.313260 0.043954 -0.948650
-3.184381 -3.595336 36.374771 80.881849 -0.876668 -0.388361 -0.283951 -0.361249 0.921190 -0.144596 0.317728 -0.024186 -0.947873
0.317802 -2.369063 90.470678 -1.691051 -0.891359 0.382800 -0.242781 0.363163 0.923584 0.122907 0.271278 0.021385 -0.962264
0.725475 -17.929014 25.507976 -58.363379 0.993945 -0.030693 -0.105504 0.079409 -0.462988 0.882800 0.075943 0.885833 0.457747
0.361165 -18.622982 13.603670 -99.665207 0.994080 -0.020744 -0.106652 0.064942 -0.673517 0.736314 0.087106 0.738881 0.668182
0.224449 -18.422068 1.169566 -67.325656 0.993915 -0.033638 -0.104893 0.052816 -0.690115 0.721769 0.096667 0.722917 0.684139
-0.297073 -18.250584 -0.861488 -37.654522 0.926361 0.121564 -0.356479 0.007769 0.940111 0.340779 0.376556 -0.318454 0.869938
-0.717859 -16.729723 26.153260 -11.366668 0.914835 0.119855 -0.385631 -0.033713 0.974274 0.222829 0.402417 -0.190851 0.895341
-0.279851 -16.970743 14.814231 152.962179 0.921126 0.181709 -0.344251 -0.088666 -0.763175 -0.640080 0.379032 -0.620118 0.686869
-0.997025 -17.371607 44.433835 68.940601 -0.948727 0.014133 0.315780 -0.033818 0.988728 -0.145853 -0.314281 -0.149054 -0.937555
-1.250243 -18.621036 42.568635 -180.676481 -0.943421 0.053282 0.327288 0.087148 0.992150 0.089687 -0.319940 0.113135 -0.940659
-1.063050 -16.691014 4.685606 -106.349903 -0.952523 0.055035 0.299453 0.057907 0.998322 0.000719 -0.298911 0.018025 -0.954111
-1.419116 -23.992881 -16.345653 -358.215898 0.949909 -0.066135 -0.305448 0.181245 0.912789 0.366014 -0.254603 0.403041 -0.879053
-1.138685 -18.790188 -8.365058 -198.511734 -0.955074 0.068415 0.288362 0.132803 0.968631 0.210043 -0.264947 0.238902 -0.934200
-1.163288 -21.811308 3.356003 75.186497 0.931144 0.008313 -0.364556 0.071512 0.976164 0.204914 0.357570 -0.216875 0.908355
-0.550151 -7.234896 -150.652940 -14.611620 0.905230 0.418434 0.073973 -0.424080 0.900598 0.095291 0.026747 0.117631 -0.992697
2.110126 -5.958543 -145.036417 4.117223 0.902242 0.419426 0.100204 -0.429185 0.895987 0.114049 0.041947 0.145906 -0.988409
0.835117 -6.799574 -228.858905 -37.595601 0.955499 0.294533 0.016470 -0.290032 0.927771 0.234780 -0.053870 0.229109 -0.971909
0.857629 -6.978378 104.791276 36.677544 -0.834818 -0.540064 -0.106822 -0.540221 0.840989 -0.029973 0.106024 0.032686 -0.993826
-1.968406 -8.017194 -144.525463 -69.216923 0.974829 0.220026 0.036023 -0.222239 0.945982 0.236069 -0.017864 0.238132 -0.971068
-1.376588 -7.983825 78.472079 0.331238 -0.894144 -0.429947 -0.125105 -0.430453 0.902284 -0.024360 0.123354 0.032070 -0.991844
-0.293248 -4.331108 -2.517255 7.629065 0.022636 -0.947703 0.318349 0.959164 0.110389 0.260420 -0.281943 0.299454 0.911502
-0.438381 -3.356852 2.653628 -37.247516 -0.100583 0.929888 -0.353824 0.922150 0.220645 0.317735 -0.373528 0.294320 0.879689
-0.359818 -3.731065 -6.105065 -60.964565 -0.218435 0.897440 -0.383259 0.872960 0.355236 0.334286 -0.436149 0.261550 0.861026
-0.109786 -4.011397 -32.696269 11.207370 -0.083375 -0.944907 0.316544 0.964069 0.003919 0.265623 -0.252229 0.327317 0.910628
1.062851 -21.442140 20.087159 62.826669 0.926701 0.128949 -0.352983 -0.108069 0.991053 0.078326 0.359925 -0.034438 0.932345
1.493829 -22.253608 8.140181 13.416430 0.924873 0.147288 -0.350594 -0.222912 0.956924 -0.186031 0.308092 0.250207 0.917865
1.002954 -28.727684 -20.021702 196.642711 0.931523 0.111076 -0.346305 -0.127354 0.991554 -0.024533 0.340655 0.066957 0.937801
0.950221 -23.160108 18.784808 -39.262764 0.921674 0.149975 -0.357806 -0.143832 0.988628 0.043887 0.360319 0.011015 0.932764
0.776180 -53.235724 -91.172447 1916.409029 0.933535 0.095313 -0.345584 -0.004530 0.967067 0.254483 0.358458 -0.236004 0.903222
0.917359 -40.800807 34.143810 998.666753 0.917753 0.101180 -0.384047 0.019419 0.954414 0.297853 0.396677 -0.280813 0.873952
3.424461 -4.323829 -208.507601 -50.389324 0.034461 0.940539 -0.337933 -0.374597 -0.301327 -0.876857 0.926547 -0.156806 -0.341939
1.349734 -3.673839 -143.360465 -49.711899 0.076323 0.965476 -0.249059 -0.313624 -0.213864 -0.925150 0.946475 -0.148722 -0.286473
4.669530 -3.293095 -293.798135 -45.830475 0.045275 0.926661 -0.373161 -0.301278 -0.343485 -0.889522 0.952461 -0.152699 -0.263631
-9.021129 -10.882532 113.641269 30.134649 -0.142698 0.981995 0.123790 -0.833228 -0.051683 -0.550509 0.534199 0.181702 -0.825600
-7.589032 -10.776598 35.267817 50.634232 -0.231597 0.952968 0.195485 -0.864938 -0.109743 -0.489734 0.445248 0.282503 -0.849674
1.356205 -12.516957 20.676959 -218.682849 -0.683340 0.728518 -0.048046 -0.719482 -0.683124 -0.125251 0.124069 0.051021 -0.990961
0.970544 -12.532610 25.437587 -252.291949 -0.666740 0.744694 -0.029794 -0.740195 -0.666319 -0.090167 0.086999 0.038064 -0.995481
1.836029 -13.505475 48.808456 127.466278 -0.680853 0.732157 -0.019622 0.728659 0.674402 -0.119325 -0.074132 -0.095541 -0.992661
0.968209 -9.858907 10.899265 -188.822578 -0.709920 0.702421 -0.051174 -0.671287 -0.696851 -0.252532 0.213044 0.144925 -0.966234
1.807605 -12.755534 29.104312 137.880997 -0.719847 0.691177 -0.063991 0.691031 0.722284 0.027965 0.065548 -0.024089 -0.997559
1.207009 -10.090135 -19.089145 136.798650 -0.721650 0.685272 -0.098102 0.647650 0.718382 0.253923 0.244481 0.119708 -0.962237
2.325493 -17.780360 -75.993686 -156.693942 -0.455291 0.685860 -0.567720 -0.466169 0.359621 0.808307 -0.758549 -0.632668 -0.155994
2.657209 -19.449300 70.155080 65.005116 -0.412849 0.709489 -0.571123 -0.343714 0.459329 0.819071 -0.843455 -0.534456 -0.054228
3.321686 -21.721548 147.798840 540.238280 -0.368871 0.715911 -0.592794 -0.078230 0.611593 0.787295 -0.926182 -0.336785 0.169593
3.368943 -5.767023 -218.899342 -10.216478 -0.619381 -0.731798 -0.284322 0.666842 -0.299243 -0.682478 0.414355 -0.612312 0.673339
4.030687 -5.446940 98.873299 2.224485 0.689148 0.637005 0.345399 0.662581 -0.360975 -0.656265 0.293363 -0.681118 0.670832
-0.290445 -6.145775 11.134939 7.322270 -0.104006 0.602750 0.791123 0.746249 -0.478551 0.462711 -0.657492 -0.638499 0.400029
-0.477121 -6.303344 -3.555454 18.345292 -0.115157 0.595795 0.794838 0.680257 -0.535793 0.500176 -0.723871 -0.598293 0.343593
-0.798822 -6.323465 -24.756730 -28.631568 -0.085629 0.562457 0.822380 -0.681470 0.569073 -0.460168 -0.726820 -0.599831 0.334568
-0.980531 -6.600961 -36.656224 16.239826 -0.056601 0.541119 0.839039 0.742656 -0.538852 0.397619 -0.667277 -0.645623 0.371365
-0.528679 -21.245962 -12.099649 -176.754311 -0.098942 0.120637 -0.987754 0.980258 -0.158944 -0.117603 -0.171185 -0.979890 -0.102529
-0.685868 -21.348942 -11.984144 -178.507181 -0.090182 0.122519 -0.988360 0.990589 -0.091559 -0.101735 -0.102958 -0.988234 -0.113109
0.973760 -5.639687 2.168157 35.581073 -0.246602 0.896240 -0.368703 0.209601 0.420772 0.882620 -0.946179 -0.140375 0.291616
0.754182 -5.289386 -16.102086 35.430831 -0.273808 0.885670 -0.374989 0.287939 0.447492 0.846665 -0.917671 -0.123850 0.377546
0.452924 -5.758630 -36.840430 40.625333 -0.295193 0.887012 -0.355064 0.239405 0.428438 0.871278 -0.924957 -0.172191 0.338828
-0.613971 -11.731602 -6.567412 246.959788 -0.008557 0.188377 -0.982060 0.621977 0.770001 0.142281 0.782989 -0.609601 -0.123755
-0.638425 -10.682569 4.153947 186.025863 -0.015873 0.208048 -0.977990 0.605266 0.780543 0.156221 0.795865 -0.589465 -0.138314
-0.743689 -10.463541 1.498282 -67.522083 0.008071 0.246919 -0.969003 0.565185 0.798280 0.208123 0.824925 -0.549345 -0.133112
-0.497507 -19.936671 -3.729406 -168.735054 -0.089971 0.155334 -0.983756 0.990321 -0.090860 -0.104919 -0.105682 -0.983675 -0.145656
0.832097 -49.258997 23.128629 16.138096 0.185035 0.439059 -0.879198 -0.692080 0.693383 0.200611 0.697701 0.571356 0.432164
0.136299 -21.971438 35.290068 16.569294 0.728755 -0.286750 0.621845 0.148605 0.952685 0.265156 -0.668456 -0.100824 0.736886
-0.369077 -24.378884 53.922285 89.322564 0.729594 -0.288099 0.620235 -0.014286 0.900316 0.435001 -0.683731 -0.326235 0.652750
0.509431 -24.031071 20.999883 87.174467 0.723427 -0.294205 0.624577 -0.029098 0.890862 0.453341 -0.689787 -0.346134 0.635913
0.827981 -21.848824 19.411071 9.416096 0.730450 -0.297088 0.614964 0.172962 0.951547 0.254249 -0.660702 -0.079351 0.746443
0.886140 -22.875431 21.902745 86.542683 0.728641 -0.285883 0.622377 -0.016404 0.901173 0.433150 -0.684700 -0.325820 0.651942
-0.756979 -5.630048 -11.364793 3.197714 -0.266614 0.910316 -0.316610 -0.578058 0.111826 0.808297 -0.771211 -0.398522 -0.496401
-0.703959 -5.634838 -6.134955 2.813763 -0.271394 0.914152 -0.301117 -0.485807 0.139970 0.862786 -0.830865 -0.380440 -0.406114
-0.858365 -5.627244 16.583599 1.762125 -0.253110 0.923359 -0.288691 -0.552864 0.106824 0.826396 -0.793899 -0.368776 -0.483454
-0.887459 -5.563668 13.445419 0.426351 -0.248111 0.919481 -0.304950 -0.631499 0.085198 0.770681 -0.734608 -0.383790 -0.559514
-0.786546 -5.574207 -9.178150 -2.966157 -0.260499 0.907907 -0.328398 -0.664000 0.078452 0.743606 -0.700888 -0.411765 -0.582413
-1.311583 -5.309233 -15.952449 -48.838904 -0.648286 0.753455 -0.109683 0.138033 0.257970 0.956242 -0.748780 -0.604778 0.271240
-0.279005 -3.926820 -38.212088 -28.388273 -0.614905 0.768179 0.178305 0.208133 -0.059999 0.976258 -0.760639 -0.637417 0.122990
-0.680816 -4.320310 -25.673825 -57.998062 -0.637770 0.768710 0.048316 0.178736 0.086690 0.980071 -0.749201 -0.633696 0.192685
-2.389618 -14.600365 1.770652 -105.324368 0.057388 -0.173832 0.983102 -0.249092 0.951089 0.182712 -0.966778 -0.255368 0.011281
-2.843721 -15.438820 0.856620 -105.735266 0.018151 -0.142423 0.989639 -0.200133 0.969253 0.143160 -0.979601 -0.200658 -0.010911
-2.181775 -14.079808 3.160920 -100.749558 0.043280 -0.168823 0.984696 -0.427902 0.887508 0.170968 -0.902789 -0.428752 -0.033828
-2.764904 -15.403875 7.054542 -56.978730 0.056084 -0.165970 0.984535 -0.016625 0.985795 0.167129 -0.998288 -0.025741 0.052528
5.912524 -118.143670 -55.234224 -5352.231412 -0.141852 0.311496 -0.939600 0.989718 0.062222 -0.128791 0.018346 -0.948208 -0.317119
2.610372 -183.438497 65.780343 10358.587246 -0.274155 0.286625 -0.917979 0.736420 0.676468 -0.008715 0.618485 -0.678408 -0.396534
3.697686 -72.185789 11.527962 383.257223 -0.277432 0.354204 -0.893068 0.849138 0.525251 -0.055464 0.449439 -0.773726 -0.446489
2.784620 -99.512815 -15.382381 -4402.626767 -0.310285 0.375887 -0.873174 0.938128 -0.027479 -0.345197 -0.153749 -0.926258 -0.344103
-0.888784 -10.806903 31.137348 -47.064592 0.282874 -0.195529 0.939016 -0.367350 0.882268 0.294374 -0.886023 -0.428218 0.177743
9.272759 -7.365400 -416.281698 -0.845705 0.758808 0.490010 -0.429069 -0.001002 0.659651 0.751571 0.651313 -0.569868 0.501040
-1.003093 -3.549388 -22.068452 30.106845 0.710649 -0.262062 0.652918 -0.651707 -0.594837 0.470581 -0.265058 0.759929 0.593508
-0.331771 -5.766545 -55.872570 -154.566769 0.447472 -0.390461 0.804555 0.875261 0.375854 -0.304389 -0.183543 0.840401 0.509939
-0.927804 -3.927152 -20.524665 -71.672918 0.571059 -0.334997 0.749445 0.784932 0.490134 -0.379013 -0.240360 0.804702 0.542845
-2.851268 -7.919489 -52.390986 4.262576 0.667260 -0.688597 0.283900 0.744601 0.626045 -0.231597 -0.018257 0.365927 0.930464
-1.517665 -7.364135 -97.634473 47.628518 0.573928 -0.728176 0.374655 0.818123 0.489853 -0.301197 0.035799 0.479379 0.876878
-0.753246 -7.128247 -59.326978 33.908779 0.469839 -0.787277 0.399307 0.874597 0.476498 -0.089614 -0.119718 0.391337 0.912427
-0.223059 -6.770155 -89.747282 46.594096 0.453362 -0.785578 0.421105 0.891311 0.396736 -0.219468 0.005341 0.474834 0.880059
1.298800 -11.570874 51.542332 -14.111932 0.957080 -0.103414 -0.270746 0.198837 -0.445359 0.872994 0.210859 0.889360 0.405682
1.360819 -10.960077 42.540436 46.307089 0.959198 -0.083603 -0.270091 0.161901 -0.620743 0.767115 0.231790 0.779544 0.581880
0.643034 -14.580245 -10.451844 -9.930362 0.999730 -0.007094 -0.022139 -0.008519 -0.997853 -0.064933 0.021631 -0.065104 0.997644
1.117556 -15.182844 -14.561467 4.157774 0.999503 -0.009483 -0.030066 -0.014057 -0.987693 -0.155771 0.028219 -0.156117 0.987335
0.816261 -14.720739 -19.512549 -7.807406 0.999586 -0.015945 -0.023944 -0.022047 -0.959287 -0.281570 0.018479 -0.281981 0.959242
1.830939 -8.191160 -51.880512 39.907446 0.968463 -0.095221 -0.230246 0.164319 0.938739 0.302933 -0.187295 0.331213 -0.924780
0.631350 -7.845441 -52.679911 124.388577 0.958335 -0.102823 -0.266498 0.188190 0.929141 0.318247 -0.214891 0.355140 -0.909779
-2.825641 -4.889672 -55.623964 88.341280 0.569171 0.818398 0.079184 -0.749444 0.555994 -0.359451 0.338200 -0.145245 -0.929798
-3.759916 -5.778550 9.110866 99.020320 0.525708 0.831417 0.179935 -0.745654 0.552192 -0.372940 0.409427 -0.061888 -0.910241
0.995245 -17.524848 35.250338 26.871960 0.995542 -0.015329 -0.093060 0.086401 -0.247406 0.965052 0.037817 0.968791 0.244978
0.725180 -18.294891 29.191974 58.370509 0.997838 -0.020387 -0.062481 0.062643 0.007420 0.998008 0.019883 0.999765 -0.008681
-0.470824 -17.168534 13.205330 126.583759 0.919930 0.094377 -0.380554 -0.104150 0.994548 -0.005119 0.377996 0.044343 0.924744
-0.025239 -19.041570 2.212168 33.946703 0.918220 0.137710 -0.371359 -0.057254 -0.881612 -0.468490 0.391910 -0.451439 0.801629
