18764
37500
-5.547290 -10.159987 12.843359 194.758833 0.872697 -0.067642 -0.483554 -0.456297 -0.465433 -0.758397 0.173762 -0.882495 0.437046
-7.127254 -12.101339 27.862964 142.025203 0.946558 0.023519 -0.321676 -0.254261 -0.559216 -0.789069 0.198444 -0.828689 0.523350
-8.884359 -11.059890 113.158412 351.164757 0.964190 0.234009 0.124811 0.211036 -0.391933 -0.895462 0.160629 -0.889735 0.427282
-5.994083 -11.528782 -89.880506 116.516182 0.863604 -0.024517 -0.503574 -0.418785 -0.591031 -0.689421 0.280726 -0.806276 0.520684
-4.854084 -8.274589 6.951950 248.359556 0.835020 -0.097202 -0.541566 -0.536663 -0.361020 -0.762664 0.121384 -0.927478 0.353624
-4.205502 -9.146248 -120.035059 206.686312 0.785204 -0.102443 -0.610704 -0.589592 -0.425173 -0.686738 0.189304 -0.899296 0.394247
-2.662020 -6.206411 -444.934200 38.193431 0.619640 0.361096 -0.696890 0.782812 -0.219809 0.582142 0.057027 -0.906252 -0.418873
3.665503 -7.455314 -1316.055888 60.405987 0.744413 0.229780 -0.626937 -0.667686 0.265600 -0.695451 -0.006713 -0.936300 -0.351137
7.696289 -9.772274 -1902.509169 73.513263 0.555781 0.278324 -0.783354 0.830068 -0.237671 0.504480 -0.045771 -0.930617 -0.363120
-3.421282 -6.411524 -737.442954 51.110684 0.500662 0.347985 -0.792618 0.865042 -0.235238 0.443131 -0.032251 -0.907507 -0.418797
-6.557789 -8.914349 103.038423 43.561501 0.895733 -0.189950 0.401973 0.442747 0.463429 -0.767599 0.040481 -0.865536 -0.499208
-4.467709 -14.501673 -119.463358 207.828125 0.983205 -0.136864 -0.120730 -0.166082 -0.396739 -0.902782 -0.075660 -0.907671 0.412806
-4.573816 -15.500030 -94.547634 -15.850187 0.978188 -0.132175 -0.160244 -0.206237 -0.525890 -0.825171 -0.024796 -0.840220 0.541678
-4.186943 -15.007230 -176.088806 71.930123 0.974998 -0.180991 -0.128920 -0.202952 -0.489040 -0.848322 -0.090492 -0.853277 0.513546
-7.858279 -37.357783 1921.740971 -2996.655590 0.934264 0.303009 0.187982 0.250524 -0.182618 -0.950731 0.253751 -0.935327 0.246524
2.836976 -204.564328 -499.502864 -21265.550294 0.867352 -0.082532 0.490804 0.431862 -0.365356 -0.824627 -0.247376 -0.927202 0.281250
-15.989808 -108.268708 -718.573115 -9782.876242 0.903982 -0.027168 0.426706 0.403668 -0.274765 -0.872672 -0.140953 -0.961128 0.237415
-13.505389 -59.145881 1873.491585 -749.581463 0.857836 0.465392 0.218009 0.147335 0.183693 -0.971879 0.492352 -0.865833 -0.089010
20.320962 -65.859583 357.957771 -5832.161853 0.351153 -0.915521 0.196248 0.914324 0.290125 -0.282558 0.201751 0.278656 0.938961
325.435415 -80.195829 -137178.102498 11634.148088 -0.233888 0.037818 -0.971528 0.505309 0.858416 -0.088234 0.830638 -0.511558 -0.219883
7.867635 -339.434009 -10300.784796 22907.147890 0.314612 0.698911 -0.642295 -0.487736 -0.461470 -0.741053 0.814330 -0.546414 -0.195701
-1.842922 -87.334111 -13.053834 -8162.372503 0.041790 0.890139 -0.453769 0.974962 0.062950 0.213275 0.218409 -0.451320 -0.865221
2.569443 -86.067034 -338.106904 -6866.368990 0.100248 0.967402 -0.232559 0.972548 -0.144609 -0.182313 0.210000 0.207898 0.955342
-0.426174 -119.843216 -495.107111 -10820.939794 0.147008 0.963697 -0.222882 0.953157 -0.198237 -0.228458 0.264348 0.178856 0.947698
-15.938563 -2231.692831 -4478.201276 -287090.717437 0.402318 0.867434 -0.292743 -0.064577 -0.292078 -0.954212 0.913219 -0.402802 0.061492
-3.009815 -318.602172 735.670651 -33673.878511 0.061828 0.895820 -0.440095 0.991998 -0.006521 0.126088 0.110082 -0.444369 -0.889055
-8.345706 -314.237430 -394.218691 41287.011767 0.265492 0.810624 -0.521921 -0.691085 -0.217457 -0.689286 0.672247 -0.543692 -0.502477
-1.585946 -9.032863 -191.628997 -16.432588 -0.966409 0.228667 -0.117323 0.230167 0.973151 0.000785 0.114353 -0.026245 -0.993093
-1.512091 -8.966605 -156.342601 -20.460014 -0.976507 0.178951 -0.120043 0.165261 0.979437 0.115723 0.138283 0.093166 -0.986001
0.706236 -8.576984 -233.125356 -6.163023 -0.951672 0.279513 -0.127249 0.280021 0.959888 0.014255 0.126129 -0.022066 -0.991768
0.698276 -8.536297 243.334180 -6.444028 0.940942 -0.313902 0.126857 0.327028 0.939649 -0.100558 0.087636 -0.136105 -0.986811
3.065504 -8.176964 -261.800805 12.247638 -0.938540 0.326623 -0.111622 0.325069 0.945136 0.032363 0.116069 -0.005911 -0.993224
3.068116 -8.252636 253.903364 5.728224 0.932225 -0.344533 0.110694 0.353890 0.931866 -0.079920 0.075617 -0.113677 -0.990636
1.545313 -11.837689 86.021481 5.612625 0.841841 0.494838 -0.215498 0.052481 0.322331 0.945171 -0.537168 0.806993 -0.245381
1.221807 -11.721127 90.421912 -9.243267 0.843730 0.493478 -0.211185 -0.060769 0.478725 0.875859 -0.533317 0.726155 -0.433903
0.021925 -12.233205 31.698431 2.662494 0.829398 0.524807 -0.191514 0.014480 0.322500 0.946459 -0.558471 0.787764 -0.259881
0.221909 -12.062946 29.875386 11.427809 0.827984 0.533076 -0.173988 0.113895 0.143935 0.983011 -0.549062 0.833734 -0.058461
-0.555832 -12.735578 2.717001 30.408060 0.815559 0.555169 -0.163250 0.096503 0.147677 0.984316 -0.570570 0.818522 -0.066864
-0.593155 -12.657414 -4.573682 -11.584524 0.810100 0.553782 -0.192521 -0.009653 0.340925 0.940041 -0.586213 0.759668 -0.281529
1.750267 -14.270320 13.709116 100.179398 0.798594 0.540569 -0.264637 0.450287 -0.244863 0.858652 -0.399361 0.804877 0.438957
1.545956 -13.592655 -1.262479 67.780301 0.794291 0.557168 -0.242209 0.446861 -0.265690 0.854239 -0.411602 0.786748 0.460012
1.580674 -15.398113 21.887738 139.839036 0.790297 0.533073 -0.302098 0.412913 -0.099076 0.905366 -0.452695 0.840248 0.298412
1.784905 -12.524956 13.592374 -17.105208 0.813215 0.540933 -0.214645 0.469930 -0.392803 0.790488 -0.343288 0.743705 0.573634
2.113140 -15.703389 -19.742798 150.169272 0.792989 0.536451 -0.288771 0.441281 -0.178960 0.879343 -0.420046 0.824739 0.378639
1.872506 -13.807064 -1.492429 27.692415 0.813140 0.530601 -0.239304 0.467105 -0.349535 0.812182 -0.347299 0.772197 0.532067
-2.641482 -19.724526 9.547244 -143.522655 0.845759 -0.440505 0.301076 -0.475948 -0.367795 0.798874 0.241174 0.818952 0.520723
-2.391202 -21.180185 1.865691 -246.432753 0.843820 -0.438132 0.309851 -0.519807 -0.523927 0.674760 0.133295 0.730439 0.669844
-2.491394 -19.492993 23.190918 -239.707880 0.821758 -0.490497 0.290046 -0.494292 -0.360309 0.791109 0.283531 0.793467 0.538535
-2.666100 -18.142895 19.898765 -100.398557 0.826068 -0.487769 0.282301 -0.426686 -0.214063 0.878702 0.368173 0.846321 0.384955
-2.165658 -17.738120 28.317250 -140.491984 0.795686 -0.536368 0.281411 -0.453023 -0.218591 0.864285 0.402061 0.815185 0.416917
-1.959948 -19.567146 35.875598 -273.786053 0.794864 -0.539700 0.277336 -0.516951 -0.362984 0.775245 0.317731 0.759583 0.567522
1.089120 -14.393328 38.307652 422.508628 0.797617 -0.513767 0.315991 0.433379 0.852529 0.292194 -0.419511 -0.096115 0.902647
1.652770 -15.343318 31.801395 398.158627 0.788853 -0.503746 0.352067 0.417159 0.859561 0.295183 -0.451321 -0.085988 0.888209
1.134447 -11.206270 38.205091 26.201743 0.773265 -0.556757 0.303453 0.501210 0.829824 0.245318 -0.388395 -0.037603 0.920725
0.289480 -10.741947 30.984440 3.882083 0.784540 -0.549758 0.286817 0.488855 0.832926 0.259335 -0.381469 -0.063247 0.922215
0.113608 -12.506943 42.385788 -317.727046 0.784361 -0.559751 0.267311 0.522957 0.828479 0.200346 -0.333606 -0.017351 0.942553
1.205914 -12.310982 52.163724 -248.935405 0.762817 -0.582250 0.281237 0.556784 0.812617 0.172175 -0.328787 0.025250 0.944067
5.753532 -7.869710 108.883968 -16.712818 -0.919004 0.383026 0.093393 0.365783 0.916761 -0.160477 -0.147086 -0.113317 -0.982611
4.530671 -7.649576 173.738720 -37.158501 -0.914310 0.375111 0.152736 0.325228 0.904737 -0.275096 -0.241378 -0.201849 -0.949207
5.440520 -7.664442 -103.455566 -37.059627 0.917089 -0.391285 -0.076439 0.355835 0.889811 -0.285690 -0.179803 -0.234804 -0.955269
5.825192 -7.884401 109.315121 17.251019 -0.918837 0.379153 0.109462 0.377799 0.925275 -0.033670 -0.114049 0.010417 -0.993421
4.738247 -7.904775 166.079344 -17.937458 -0.915009 0.367837 0.165693 0.345147 0.926392 -0.150572 -0.208882 -0.080587 -0.974615
5.957820 -7.908063 -29.601551 18.573012 -0.924744 0.379709 0.025876 0.378355 0.924544 -0.045445 -0.041179 -0.032235 -0.998632
5.840974 -7.896252 36.914778 -13.001343 0.922825 -0.385114 -0.009051 0.377966 0.909734 -0.171833 -0.074409 -0.155151 -0.985085
-4.500155 -6.861491 164.785643 71.703468 0.985140 0.129908 0.112353 0.154477 -0.384230 -0.910222 0.075076 -0.914052 0.398588
-2.924538 -6.884399 119.405071 47.312419 0.976735 0.175000 0.123952 0.188754 -0.427194 -0.884238 0.101790 -0.887063 0.450287
-4.362878 -7.318897 160.857151 42.464199 0.965713 0.177489 0.189463 0.250208 -0.441660 -0.861587 0.069244 -0.879451 0.470926
2.547810 -7.724747 197.286577 -17.757841 0.906689 -0.402765 0.125285 0.415952 0.804477 -0.424028 -0.069995 -0.436574 -0.896942
2.775357 -7.937281 221.747158 -29.287374 0.917085 -0.380627 0.118649 0.398182 0.859385 -0.320795 -0.020138 -0.341440 -0.939688
4.223634 -7.587535 143.617353 -18.585897 0.911493 -0.402847 0.083032 0.399712 0.819933 -0.409805 -0.097008 -0.406723 -0.908386
3.739043 -7.501915 118.024566 2.684689 0.901756 -0.422415 0.091658 0.407562 0.760293 -0.505814 -0.143977 -0.493478 -0.857759
5.006461 -7.478078 52.030166 -16.082920 0.914569 -0.403726 0.023838 0.379214 0.835569 -0.397519 -0.140570 -0.372599 -0.917284
4.450067 -7.348096 25.994383 3.653617 0.907048 -0.419898 0.030819 0.378755 0.781821 -0.495278 -0.183872 -0.460914 -0.868187
-1.588146 -30.018245 -1.686613 -146.236547 0.639460 0.648242 0.413369 0.129322 -0.620695 0.773313 -0.757870 0.441045 0.480741
-1.462268 -30.882402 -8.270888 74.019530 0.642466 0.634041 0.430382 -0.284369 0.718784 -0.634416 -0.711598 0.285204 0.642096
-1.562970 -29.100355 2.236636 171.135248 0.657005 0.633593 0.408540 -0.153226 0.642828 -0.750529 -0.738151 0.430502 0.519424
-3.369931 -22.394998 29.322898 -122.291962 0.860972 -0.468299 0.198554 -0.251537 -0.731269 -0.634015 -0.442105 -0.495925 0.747396
-2.571686 -21.176305 -33.462978 418.804510 0.847374 -0.490112 0.204321 0.346025 0.801546 0.487639 -0.402770 -0.342512 0.848800
-3.157644 -23.308515 -68.246898 -37.872643 0.817650 -0.546019 0.182513 -0.294448 -0.669035 -0.682417 -0.494720 -0.504238 0.707811
-2.363998 -19.831797 43.794362 407.912530 0.888725 -0.409595 0.205913 0.285814 0.846219 0.449693 -0.358439 -0.340800 0.869124
-4.412893 -24.068598 -5.217710 52.585004 0.828223 -0.526098 0.193048 -0.181169 -0.577349 -0.796145 -0.530306 -0.624411 0.573486
-2.820993 -22.027644 79.662314 -201.405820 0.897900 -0.391799 0.200671 -0.204801 -0.775335 -0.597421 -0.389656 -0.495327 0.776415
-4.015590 -23.802327 46.288144 -77.502127 0.867236 -0.449484 0.214162 -0.146102 -0.640935 -0.753563 -0.475979 -0.622227 0.621512
9.278307 -1.891044 -39.991592 97.688451 0.993836 -0.086717 0.069065 0.048114 -0.223871 -0.973430 -0.099875 -0.970753 0.218319
10.552230 -1.922145 -19.969137 -5.941765 0.985904 -0.060650 0.155932 0.139504 -0.216535 -0.966256 -0.092368 -0.974389 0.205021
10.140973 -2.598059 9.755649 93.505847 0.982561 -0.181197 0.041720 0.003308 -0.207307 -0.978270 -0.185909 -0.961349 0.203092
8.574685 -3.637347 3.883650 150.638217 0.978267 -0.193793 -0.073750 -0.117533 -0.225230 -0.967191 -0.170824 -0.954838 0.243111
7.969963 -3.011637 -36.295432 146.785584 0.994029 -0.102318 -0.037919 -0.062331 -0.247203 -0.966957 -0.089563 -0.963546 0.252105
-6.468908 -18.369130 -175.049023 172.637017 -0.692028 -0.434337 -0.576583 -0.000033 0.798754 -0.601658 0.721871 -0.416345 -0.552775
-8.356420 -19.172293 -144.912752 10.967706 -0.718106 -0.366161 -0.591819 0.219588 0.687738 -0.691952 0.660382 -0.626851 -0.413465
-7.935925 -18.460581 -136.540806 188.631598 -0.743542 -0.315422 -0.589622 0.064476 0.843832 -0.532720 0.665574 -0.434116 -0.607087
0.428059 -39.622218 24.433939 348.430582 0.699981 0.673237 0.238283 -0.255623 0.547738 -0.796643 0.666846 -0.496725 -0.555501
0.712621 -38.914039 54.271527 -356.471828 0.698769 0.662104 0.270813 0.014314 0.365559 -0.930678 0.715204 -0.654205 -0.245964
0.241468 -41.994041 38.497314 432.824439 0.689675 0.681324 0.245249 -0.240305 0.534840 -0.810062 0.683083 -0.499745 -0.532591
0.233406 -39.660731 -7.095762 699.290202 0.695757 0.684988 0.216133 -0.419536 0.631790 -0.651790 0.583020 -0.362812 -0.726950
0.357544 -38.196708 28.652391 576.071397 0.693899 0.684461 0.223647 -0.428218 0.641945 -0.636032 0.578908 -0.345572 -0.738543
158.635500 -2070.694069 14511.671124 -317684.656250 0.385512 0.838997 0.384011 -0.398762 -0.223818 0.889323 -0.832087 0.495974 -0.248275
12.004800 -127.589332 3232.260122 8882.687819 0.380947 0.783658 0.490673 0.742863 0.056545 -0.667051 -0.550485 0.618614 -0.560610
7.243440 -163.167670 2539.459470 12101.535229 0.516217 0.760812 0.393301 0.692986 -0.101191 -0.713814 -0.503280 0.641035 -0.579469
31.104287 -263.017204 2130.060679 26880.702000 0.452237 0.826796 0.334501 0.460634 -0.537669 0.706207 -0.763740 0.165290 0.624004
12.339856 -277.624526 -702.726692 27734.373194 0.122357 0.901097 0.415997 0.348082 -0.431484 0.832262 -0.929445 -0.042968 0.366451
38.633406 -694.557757 4919.995638 -69707.768743 0.598471 0.739076 0.309192 -0.315359 -0.137452 0.938965 -0.736465 0.659450 -0.150814
7.394668 -39.793218 -307.245532 -2327.383129 0.644487 0.660111 0.385863 -0.570314 0.751146 -0.332448 -0.509292 -0.005805 0.860574
6.177925 -32.059785 -189.964392 803.101623 0.588734 0.722604 0.362266 0.694001 -0.681639 0.231799 -0.414433 -0.114945 0.902792
4.921300 -45.694417 -221.796197 -1732.934031 0.610015 0.685074 0.398191 -0.571812 0.728470 -0.377310 -0.548555 0.002474 0.836111
7.593093 -51.891780 -198.294279 -2768.050923 0.667774 0.639537 0.380880 -0.410647 0.743291 -0.528099 -0.620844 0.196243 0.758974
5.519164 -52.938627 -314.165259 -1209.017750 0.591837 0.682460 0.428925 -0.307358 0.682994 -0.662609 -0.745157 0.260323 0.613981
2.296793 -48.999567 -255.733831 -1168.538797 0.558954 0.700734 0.443331 -0.472827 0.708558 -0.523813 -0.681179 0.083169 0.727378
1.805733 -41.004003 -231.767984 953.644478 0.563262 0.699063 0.440506 0.679875 -0.695083 0.233730 -0.469580 -0.167838 0.866790
-25.386524 -3002.409021 -5365.709508 884149.082230 0.062295 0.878347 0.473947 0.269955 -0.471998 0.839251 -0.960856 -0.075663 0.266517
-124.594144 -16768.864164 9397.430827 -4471972.940732 0.559314 0.821920 0.107772 -0.710001 0.407883 0.574047 -0.427863 0.397591 -0.811699
-108.479681 -3719.080821 -64517.930078 1261864.323528 -0.091830 0.646744 -0.757159 0.775869 -0.430148 -0.461520 -0.624175 -0.629838 -0.462287
-3.891306 -8.074521 87.944020 -132.559656 0.904492 -0.415604 -0.095745 0.379048 0.680459 0.627135 0.195490 0.603531 -0.773004
-4.606042 -8.460392 79.813971 -114.310589 0.949206 -0.308501 -0.061935 0.276551 0.724043 0.631887 0.150094 0.616919 -0.772582
-4.596767 -9.475929 58.733936 -96.325966 0.953248 -0.301865 -0.014018 0.223507 0.673064 0.705003 0.203380 0.675176 -0.709066
-4.044930 -9.444057 45.840238 -97.256156 0.924179 -0.380484 -0.033547 0.287845 0.636037 0.715963 0.251075 0.671334 -0.697332
-4.537339 -9.688489 42.136818 -12.041002 0.938442 -0.345204 -0.012700 0.221216 0.572329 0.789622 0.265312 0.743824 -0.613462
-4.975392 -9.651672 55.843409 -8.630795 0.961062 -0.276326 -0.002120 0.175375 0.603989 0.777458 0.213552 0.747557 -0.628931
-0.799397 -12.901692 5.798663 175.631793 -0.629814 -0.421374 -0.652517 -0.222481 0.902730 -0.368212 0.744202 -0.086733 -0.662300
-2.041752 -11.044935 -28.691876 166.439596 -0.625357 -0.283629 -0.726969 -0.220834 0.957848 -0.183740 0.748439 0.045637 -0.661631
-0.393897 -14.225658 94.561080 229.852873 -0.656976 -0.364403 -0.659995 -0.129247 0.916906 -0.377597 0.742750 -0.162770 -0.649483
-2.313682 -7.012539 -43.161316 80.167635 0.630750 0.742947 -0.224020 -0.669615 0.666999 0.326691 -0.392136 0.056053 -0.918198
-2.064892 -6.813501 -13.984185 -46.824107 -0.713158 -0.652933 0.255117 -0.569542 0.751858 0.332161 -0.408691 0.091584 -0.908066
-2.638216 -6.820210 -44.782881 60.537661 0.656330 0.722806 -0.216293 -0.641514 0.685529 0.344253 -0.397103 0.087189 -0.913623
-3.054517 -6.657291 -71.051894 168.027736 0.653542 0.727548 -0.208702 -0.658468 0.682486 0.317226 -0.373233 0.069897 -0.925101
-2.453661 -6.234724 -61.311086 67.640650 0.630126 0.741681 -0.229891 -0.692039 0.670691 0.266938 -0.352169 0.009111 -0.935892
-56.157078 -1600.638148 3946.690364 185784.782148 0.208502 0.851425 -0.481251 0.976131 -0.150578 0.156507 0.060788 -0.502396 -0.862498
-107.567852 -1854.826624 1888.054007 252512.721199 0.027424 0.872589 -0.487685 0.997515 0.007789 0.070029 0.064905 -0.488393 -0.870207
-64.946215 -379.423602 10785.100428 30750.260072 0.192620 0.838604 -0.509550 -0.802610 -0.164108 -0.573486 0.564549 -0.519435 -0.641461
-166.437883 -328.521752 15826.278036 2040.385534 0.155393 0.688613 -0.708283 0.851103 0.270649 0.449859 0.501475 -0.672727 -0.544024
-4.688965 -199.747838 -236.705695 4994.048838 0.102716 0.709766 -0.696908 0.994274 -0.094025 0.050784 -0.029482 -0.698134 -0.715360
-2.758507 -210.002967 -288.911463 -3709.683018 0.106127 0.690538 -0.715468 0.985949 -0.166426 -0.014379 -0.129002 -0.703889 -0.698498
0.498618 -182.410108 -137.013345 -16119.051137 0.000425 0.713849 -0.700299 0.858940 -0.358866 -0.365289 -0.512075 -0.601360 -0.613306
-3.053495 -173.961108 106.960412 11151.240574 0.089536 0.724068 -0.683893 0.940789 0.163924 0.296724 0.326955 -0.669966 -0.666518
-2.167686 -197.043503 -154.952885 -18157.356701 0.003511 0.716491 -0.697587 0.862093 -0.355667 -0.360966 -0.506738 -0.600118 -0.618931
1.686498 -1124.622357 -909.578003 77496.776222 -0.058683 0.634758 -0.770479 0.825606 0.464737 0.319992 0.561188 -0.617334 -0.551332
-5.536056 -196.082501 -320.226592 9813.664344 0.117998 0.682970 -0.720853 0.992886 -0.069477 0.096701 0.015961 -0.727135 -0.686309
0.362212 -138.084463 -54.547782 9122.903922 0.912130 -0.270566 0.307916 -0.197141 0.369044 0.908263 0.359380 0.889157 -0.283276
-1.896333 -101.107652 51.515141 -2774.153085 0.922789 -0.273515 0.271386 0.026546 0.747797 0.663396 0.384391 0.604970 -0.697320
-2.013737 -116.249925 65.924697 6748.873143 0.904312 -0.266349 0.333583 -0.238673 0.332413 0.912435 0.353914 0.904743 -0.237034
0.515800 -10.355761 54.201368 -40.584048 0.810948 0.475303 -0.341248 -0.346436 -0.079968 -0.934659 0.471536 -0.876180 -0.099812
1.023377 -10.769158 63.094192 25.632341 0.804643 0.464935 -0.369302 -0.457796 0.089706 -0.884520 0.378116 -0.880788 -0.285027
2.421537 -9.528982 179.684867 -91.713238 0.803717 0.504674 -0.315187 -0.301558 -0.111156 -0.946946 0.512934 -0.856124 -0.062851
1.165573 -7.712536 369.812810 -171.614649 0.956863 0.129321 -0.260173 -0.119186 -0.641950 -0.757426 0.264969 -0.755762 0.598845
-1.580773 -7.998718 247.985165 -13.008497 0.965600 0.094962 -0.242074 -0.126393 -0.642165 -0.756075 0.227250 -0.760662 0.608072
0.169142 -8.064510 389.834211 201.859864 0.961227 0.143177 -0.235675 -0.113870 -0.572290 -0.812107 0.251149 -0.807456 0.533797
-6.084204 -9.541592 -62.100343 135.426450 0.981750 0.087429 0.168888 -0.189327 0.365481 0.911361 -0.017954 0.926704 -0.375364
-5.946392 -10.786499 -19.227829 129.403634 0.982779 0.111335 0.147476 -0.183182 0.482178 0.856708 -0.024271 0.868970 -0.494269
-5.218663 -9.588501 -33.825693 167.388405 0.988910 0.117914 0.090294 -0.129472 0.386624 0.913104 -0.072758 0.914669 -0.397603
-10.316225 -17.368790 -191.553706 436.160224 0.453409 -0.847649 0.275522 0.891289 0.432915 -0.134865 -0.004960 0.306719 0.951787
-11.312512 -16.193083 85.107334 542.005702 0.482276 -0.863686 0.146478 0.860066 0.435061 -0.266475 0.166424 0.254496 0.952646
-11.374474 -16.351112 -87.163557 -358.704005 0.736489 -0.653719 0.173886 -0.663026 -0.646659 0.377132 0.134093 0.393044 0.909690
-15.183339 -518.790247 5769.142114 45804.338298 0.928155 0.065051 0.366466 -0.242714 -0.640664 0.728450 -0.282168 0.765061 0.578846
-7.803997 -129.847842 -1410.349493 17005.460113 0.902542 0.400274 -0.158739 0.393356 -0.616435 0.682113 -0.175180 0.678077 0.713809
-57.011863 -179.945327 -1357.938272 19102.138735 0.900429 0.434997 0.002073 0.279192 -0.581558 0.764096 -0.333585 0.687436 0.645099
1.081085 -2.332881 12.416618 81.196087 0.655314 -0.303130 -0.691864 0.723510 0.515049 0.459628 0.217017 -0.801771 0.556836
1.054389 -1.995183 -21.046870 47.923610 0.628137 -0.337187 -0.701248 0.746985 0.513632 0.422132 0.217846 -0.788979 0.574505
0.775365 -1.625528 59.431257 35.563339 0.629049 -0.306088 -0.714568 0.740686 0.515030 0.431426 0.235970 -0.800658 0.550695
0.492122 -1.948816 79.628178 -67.738008 0.697702 -0.245567 -0.672985 -0.676784 -0.533964 -0.506800 0.234897 -0.809060 0.538744
-0.853108 -7.665343 -33.209017 137.285937 -0.257278 0.872127 0.416175 -0.497401 0.249721 -0.830802 0.828493 0.420753 -0.369550
1.825261 -7.769493 -281.246000 257.778591 -0.299238 0.908251 0.292467 -0.474768 0.124151 -0.871310 0.827679 0.399583 -0.394058
0.034422 -5.601858 -261.923494 20.308394 -0.228448 0.897795 0.376532 -0.538485 0.205688 -0.817145 0.811077 0.389432 -0.436460
-1.374289 -6.359909 -64.584280 -93.254673 -0.146463 0.835588 0.529472 -0.580175 0.360961 -0.730140 0.801215 0.414125 -0.431920
0.125707 -3.927633 -199.780769 -149.589122 -0.113601 0.847867 0.517897 -0.601441 0.356219 -0.715106 0.790799 0.392721 -0.469475
-0.068126 -5.089958 -155.222231 -156.879444 -0.032052 0.785111 0.618525 -0.634803 0.462007 -0.619334 0.772009 0.412493 -0.483582
-2.756501 -9.917695 -103.172078 38.636945 0.957233 -0.203833 0.205323 0.021566 -0.657432 -0.753205 -0.288514 -0.725420 0.624920
-3.146236 -10.016594 270.750419 57.540398 0.934112 -0.349444 -0.072961 -0.275059 -0.574278 -0.771068 -0.227546 -0.740333 0.632558
-4.702689 -10.405436 26.671479 -20.427933 0.947982 -0.310804 0.068784 -0.177479 -0.695432 -0.696330 -0.264257 -0.647900 0.714418
-1.901479 -6.970150 140.130205 314.514078 0.964982 -0.240031 0.105803 -0.043259 -0.543440 -0.838332 -0.258723 -0.804399 0.534794
-0.458225 -7.667317 -366.910289 234.970276 0.922191 -0.090189 0.376072 0.249384 -0.604560 -0.756515 -0.295588 -0.791437 0.535028
-3.754703 -10.950158 -49.116322 -44.247628 0.929859 -0.352388 0.105760 -0.356199 -0.790277 0.498583 0.092114 0.501283 0.860366
-2.025137 -12.099326 -80.535551 134.404615 0.901371 -0.376086 0.214686 -0.428183 -0.699908 0.571654 0.064730 0.607197 0.791910
-3.124466 -12.036823 -74.658222 -151.007029 0.867656 -0.440938 0.229668 -0.496440 -0.743459 0.448125 0.026847 0.502835 0.863966
0.529958 -27.954439 -3.825926 -84.114481 0.903435 -0.397991 0.159402 0.392229 0.617161 -0.682106 -0.173095 -0.678761 -0.713668
0.528394 -25.368100 -4.025999 15.352064 0.895528 -0.410800 0.171091 0.368884 0.470236 -0.801750 -0.248906 -0.781102 -0.572647
0.605554 -28.534365 1.582561 -396.559048 0.901496 -0.394105 0.178848 0.394863 0.579815 -0.712670 -0.177168 -0.713089 -0.678318
0.637458 -31.428114 4.932017 -464.961311 0.908698 -0.379394 0.174149 0.406100 0.706759 -0.579288 -0.096697 -0.597120 -0.796302
0.633161 -29.247840 -4.325334 -185.924679 0.914604 -0.377031 0.146109 0.393074 0.744278 -0.539948 -0.094832 -0.551270 -0.828920
2.347530 -5.620083 -5.915712 -8.770637 0.859401 -0.491361 0.141398 0.471246 0.868485 0.153823 -0.198385 -0.065562 0.977929
1.187430 -5.754318 1.303438 -6.850290 0.810822 -0.569506 0.135022 0.559374 0.821904 0.107586 -0.172245 -0.011705 0.984985
1.932729 -5.285954 -0.348548 0.253894 0.905415 -0.405943 0.124234 0.394374 0.912604 0.107808 -0.157140 -0.048616 0.986379
3.060014 -5.309949 34.096521 -15.632400 0.927349 -0.355530 0.116711 0.335181 0.927889 0.163329 -0.166363 -0.112343 0.979644
2.345367 -5.220566 21.957057 -10.573181 0.956150 -0.274899 0.101036 0.263445 0.957987 0.113390 -0.127962 -0.081800 0.988400
1.470201 -5.230799 -21.808883 -1.043792 0.943771 -0.309627 0.115879 0.305969 0.950802 0.048571 -0.125216 -0.010385 0.992075
47.319907 -11.200361 961.231274 139.009355 -0.509980 0.846949 0.150323 0.624591 0.484763 -0.612283 0.591444 0.218362 0.776217
53.050469 -13.357409 1675.425762 -26.953572 -0.560800 0.825693 0.061104 0.566586 0.436537 -0.698867 0.603724 0.357304 0.712637
49.921832 -11.918651 -1825.336149 -119.454702 -0.324254 0.891781 0.315572 0.609311 0.452070 -0.651439 0.723602 0.018951 0.689957
52.977076 -11.563157 -4155.148463 -130.641192 -0.185062 0.843853 0.503651 0.621676 0.497448 -0.605033 0.761099 -0.201139 0.616662
0.515497 -6.997595 2.487235 -33.714147 0.881900 0.046882 -0.469100 0.354534 -0.721818 0.594378 0.310740 0.690493 0.653192
-0.219153 -9.925918 11.928994 -164.547717 0.880691 0.027899 -0.472870 0.324033 -0.763642 0.558438 0.345523 0.645037 0.681573
0.382357 -8.399581 -19.064259 -158.897184 0.869257 0.088141 -0.486440 0.386528 -0.734625 0.557605 0.308202 0.672724 0.672647
-9.205640 -82.281451 -300.524756 -5088.831437 0.909172 0.299742 0.289069 -0.400801 0.818223 0.412154 0.112983 0.490578 -0.864042
-6.496969 -158.884545 44.824705 -12078.784850 0.845095 0.363380 0.392135 -0.534210 0.545394 0.645882 -0.020833 0.755314 -0.655031
-11.710896 -85.245541 -241.591973 -5270.356091 0.835721 0.335643 0.434643 -0.513987 0.756764 0.403888 0.193360 0.560939 -0.804959
-15.634396 -37.735267 -417.449650 -1787.447952 0.868088 0.297144 0.397654 -0.404678 0.887550 0.220207 0.287505 0.352081 -0.890719
-4.565224 -6.790373 -35.531364 76.299091 0.928122 -0.246673 -0.278820 0.297908 0.042991 0.953626 0.223248 0.968145 -0.113387
-4.251803 -6.259204 -93.292301 87.034114 0.944842 -0.186117 -0.269507 0.277729 0.019113 0.960469 0.173608 0.982342 -0.069748
-4.550202 -5.264271 5.062379 128.547100 0.933384 -0.262220 -0.245020 0.245254 -0.032370 0.968918 0.262001 0.964465 -0.034097
-4.361202 -5.590416 72.798561 127.009884 0.946771 -0.315671 -0.063060 0.078348 0.035962 0.996277 0.312228 0.948187 -0.058780
-4.564466 -7.111934 19.336136 92.894768 0.933515 -0.296224 -0.201994 0.233577 0.075034 0.969439 0.272014 0.952167 -0.139236
-4.526988 -17.274625 -194.812149 111.049225 -0.658128 0.302812 0.689328 0.725296 0.500651 0.472540 -0.202022 0.810958 -0.549121
-7.906885 -17.028995 300.543962 196.858062 0.736555 -0.173710 -0.653690 0.601323 0.610656 0.515276 -0.309671 0.772608 -0.554238
-7.949796 -16.677839 -291.732934 99.173043 -0.679018 0.233932 0.695853 0.701325 0.486857 0.520686 -0.216975 0.841574 -0.494647
-0.217652 -39.132942 -13.304957 536.948636 -0.364712 0.925184 -0.104975 0.788369 0.366816 0.493882 -0.495439 -0.097366 0.863169
-0.354306 -35.839470 26.194408 402.544682 -0.352093 0.928499 -0.117985 0.745440 0.354413 0.564544 -0.565994 -0.110821 0.816927
-0.241107 -40.243293 12.022330 206.986473 -0.372308 0.920108 -0.121607 0.635456 0.348211 0.689162 -0.676449 -0.179305 0.714330
-0.580181 -42.213234 -29.224995 344.078471 -0.394956 0.912825 -0.103729 0.654462 0.358797 0.665540 -0.644740 -0.194972 0.739119
-2.829091 -50.113943 391.018714 178.713716 -0.227276 0.954120 -0.194937 0.622432 0.296275 0.724430 -0.748949 -0.043310 0.661211
-1.663654 -51.556159 242.703627 123.316018 -0.209004 0.963384 -0.167957 0.772696 0.267958 0.575447 -0.599382 0.009509 0.800407
0.584212 -49.322516 483.916428 -165.644849 -0.175642 0.966592 -0.186683 0.676897 0.256269 0.690026 -0.714815 0.005168 0.699295
0.165403 -46.826164 572.239040 -811.989054 -0.179747 0.963676 -0.197532 0.444841 0.258726 0.857425 -0.877386 -0.066249 0.475188
-5.196503 -49.660752 468.513239 -914.584135 -0.223735 0.945522 -0.236498 0.370635 0.306958 0.876588 -0.901428 -0.108469 0.419121
0.010277 -33.372214 -24.147642 1401.644811 -0.447691 0.880662 -0.154946 0.810410 0.326375 -0.486534 0.377901 0.343386 0.859812
1.190472 -24.940532 111.729154 793.739607 -0.433292 0.886286 -0.163572 0.752533 0.255912 -0.606797 0.495935 0.386014 0.777844
0.727061 -33.174115 -159.963087 1083.640420 0.441010 -0.878599 0.183231 0.835779 0.327629 -0.440606 0.327084 0.347452 0.878802
-1.668897 -49.154352 85.706998 2367.749528 0.479390 -0.863070 0.159043 0.858675 0.423850 -0.288148 0.181282 0.274702 0.944286
-0.463296 -52.021576 172.224304 2894.536498 0.506539 -0.852390 0.129808 0.832590 0.444431 -0.330568 0.224082 0.275522 0.934813
-9.359382 -336.781806 183.885226 36163.578535 -0.304010 0.871401 0.385018 0.428626 0.486043 -0.761605 0.850799 0.066507 0.521266
-22.329258 -374.207021 2836.383952 21032.488996 -0.279565 0.896881 0.342706 0.485798 0.440011 -0.755242 0.828157 0.044653 0.558714
-19.064659 -721.193666 1614.044522 -82985.483241 -0.268561 0.955852 0.119256 -0.030596 0.115277 -0.992862 0.962777 0.270292 0.001714
-21.946759 -500.533246 -1088.752927 -48452.104131 -0.254930 0.953233 0.162351 -0.052164 0.154096 -0.986678 0.965551 0.260003 -0.010441
0.169172 -7.372512 -60.417880 106.704477 0.216933 -0.246955 -0.944433 -0.512204 0.794801 -0.325480 0.831015 0.554350 0.045927
-0.219255 -7.517991 -145.221940 126.391682 0.206472 -0.196823 -0.958452 -0.535068 0.797403 -0.279017 0.819189 0.570446 0.059327
0.493471 -6.680685 -84.287314 37.998059 0.229115 -0.257510 -0.938720 -0.576002 0.741541 -0.344005 0.784684 0.619521 0.021572
0.910726 -6.474112 -1.719430 -2.893853 0.233413 -0.290517 -0.927965 -0.556984 0.742306 -0.372492 0.797049 0.603806 0.011451
0.525100 -6.448625 44.755059 18.840459 0.228418 -0.307304 -0.923791 -0.539865 0.749643 -0.382861 0.810167 0.586174 0.005330
-0.539792 -7.368271 115.385006 141.589142 0.240315 -0.355263 -0.903347 -0.487812 0.760371 -0.428806 0.839219 0.543713 0.009427
-0.920888 -9.285421 95.354671 196.942474 0.222456 -0.325062 -0.919156 -0.420543 0.818567 -0.391269 0.879578 0.473585 0.045393
-2.015333 -6.779933 -7.525462 19.844680 0.860333 -0.440021 0.257310 -0.036202 0.450773 0.891904 0.508445 0.776650 -0.371885
-2.032216 -6.805452 5.976709 -32.445895 0.862619 -0.477591 0.166720 0.095071 0.476772 0.873871 0.496840 0.737967 -0.456678
-2.241352 -7.366039 21.632196 12.068747 0.870727 -0.435814 0.227816 -0.014168 0.440836 0.897476 0.491562 0.784684 -0.377674
-2.651389 -7.760705 74.938419 3.055400 0.880438 -0.432031 0.195390 0.008565 0.426499 0.904447 0.474083 0.794637 -0.379207
-2.134527 -7.375509 52.782365 34.005880 0.868244 -0.393922 0.301626 -0.134968 0.397486 0.907628 0.477426 0.828752 -0.291948
4.270497 -0.997346 -418.431503 -66.493076 0.034192 0.660370 0.750162 0.995559 -0.088376 0.032420 0.087706 0.745722 -0.660459
0.844867 -1.497668 -238.253313 -83.019219 -0.365558 0.648796 0.667407 0.924751 0.171621 0.339678 0.105840 0.741357 -0.662712
3.914786 -1.339030 -371.132221 -35.025649 0.015985 0.647439 0.761950 0.993619 -0.095377 0.060199 0.111648 0.756126 -0.644832
-4.573767 -7.108856 -21.440080 -45.297121 0.889337 -0.139946 -0.435310 0.454941 0.366398 0.811653 -0.045910 0.919874 -0.389519
-4.395300 -6.000596 18.971033 -62.591242 0.708423 -0.307650 -0.635207 0.701794 0.402662 0.587664 -0.074979 0.862099 -0.501162
-4.644530 -7.050115 -7.306547 -37.666237 0.828104 -0.134949 -0.544088 0.548108 0.398469 0.735391 -0.117562 0.907200 -0.403941
-4.665819 -7.943447 -3.640869 -17.332907 0.911571 -0.054530 -0.407509 0.404973 0.290141 0.867073 -0.070953 0.955429 -0.286568
-4.903604 -7.724655 14.274090 -20.903103 0.801634 -0.096590 -0.589961 0.573293 0.403962 0.712847 -0.169468 0.909662 -0.379204
-4.484462 -6.912240 -36.263661 15.790392 -0.592880 0.284138 0.753498 0.777951 0.443831 0.444755 -0.208054 0.849870 -0.484184
-2.905195 -7.257439 -113.880087 51.473794 -0.337091 0.448233 0.827923 0.884375 0.452344 0.115180 -0.322879 0.771020 -0.548887
-3.013571 -6.670157 -132.319927 78.602245 -0.276866 0.503714 0.818302 0.932446 0.346568 0.102152 -0.232142 0.791304 -0.565639
-0.420315 -7.375510 -145.571478 79.286321 -0.160476 0.556366 0.815294 0.929945 0.362079 -0.064043 -0.330833 0.747901 -0.575494
0.078777 -7.100035 -162.102000 -8.631043 -0.162783 0.551680 0.818016 0.883639 0.450363 -0.127889 -0.438958 0.702013 -0.560798
-2.686298 -7.236185 -106.461569 -5.091162 -0.338867 0.415437 0.844145 0.842229 0.533823 0.075383 -0.419307 0.736509 -0.530788
1.634798 -26.920930 135.405887 396.415777 0.989196 0.086377 0.118446 0.111169 0.084692 -0.990186 0.095561 -0.992656 -0.074174
3.029281 -34.558552 73.329321 1028.094389 0.991491 0.027764 0.127179 0.129405 -0.104126 -0.986110 0.014136 -0.994176 0.106833
2.263879 -35.240395 56.374597 882.377028 0.993669 0.074018 0.084516 0.094521 -0.144187 -0.985026 0.060724 -0.986778 0.150271
-11.975450 -353.773466 1517.265181 25997.444641 0.470721 -0.294023 -0.831849 0.299234 0.940158 -0.162977 0.829988 -0.172201 0.530534
36.963338 -178.359862 2361.034156 10813.312746 0.206856 -0.461332 -0.862776 0.830410 0.549080 -0.094501 0.517330 -0.696910 0.496676
5.019352 -13.098771 -291.631008 511.923203 0.559014 -0.277742 -0.781257 0.306639 0.944678 -0.116429 0.770374 -0.174478 0.613255
-10.128985 -20.426316 614.942050 1180.659166 0.690982 -0.191824 -0.696956 0.251566 0.967692 -0.016930 0.677686 -0.163632 0.716914
2.290018 -8.942522 -22.427230 432.397067 0.650203 -0.192672 -0.734924 0.207830 0.975521 -0.071876 0.730782 -0.106005 0.674329
1.792389 -9.938411 -17.878801 419.726901 0.723908 0.109451 -0.681159 0.008330 0.985876 0.167267 0.689846 -0.126760 0.712772
0.758515 -63.518846 134.986274 3138.417274 0.716725 0.460773 -0.523444 -0.069255 0.793933 0.604049 0.693909 -0.396685 0.600942
-3.149386 -63.001242 133.243381 -1657.272865 0.657655 0.438308 -0.612679 -0.331283 -0.562167 -0.757773 0.676566 -0.701323 0.224508
1.900175 -54.941710 91.012507 2283.443209 0.736289 0.483464 -0.473435 0.003095 0.697244 0.716827 0.676660 -0.529257 0.511877
3.315700 -46.127594 85.289336 2272.566084 0.736680 0.505677 -0.448993 -0.276786 0.831262 0.482072 0.617003 -0.230858 0.752338
3.060139 -32.194429 96.439457 1685.674481 0.723137 0.477830 -0.498750 -0.289180 0.865203 0.409631 0.627254 -0.151991 0.763839
4.290126 -1.980510 293.738078 143.027731 -0.672694 0.479894 -0.563191 0.723772 0.584924 -0.366085 0.153742 -0.653885 -0.740808
2.950348 -3.128119 -297.649408 342.523740 0.777923 -0.405624 0.479900 0.615429 0.645978 -0.451619 0.126818 -0.646670 -0.752154
4.978376 -2.764760 271.733030 44.840630 -0.553516 0.517145 -0.652825 0.812571 0.507214 -0.287163 0.182617 -0.689416 -0.700968
5.004100 -3.327363 65.186480 -218.005646 -0.605707 0.431402 -0.668589 0.768579 0.534673 -0.351299 0.205926 -0.726648 -0.655422
-11.129458 -14.948898 88.775911 379.051260 0.907139 0.384865 0.170226 0.364404 -0.516047 -0.775181 0.210495 -0.765228 0.608373
-7.438833 -13.043946 10.813156 123.888937 0.951312 0.094917 -0.293251 -0.166296 -0.643003 -0.747591 0.259521 -0.759959 0.595912
7.604517 -12.287303 -1970.164659 145.259500 0.747402 0.192279 -0.635940 -0.661926 0.297579 -0.687968 -0.056961 -0.935134 -0.349685
3.419393 -11.374775 -1692.993409 64.542227 0.864259 0.175775 -0.471338 -0.502688 0.266363 -0.822408 0.019012 -0.947710 -0.318566
-2.657095 -15.725596 116.059057 -124.216829 0.995965 -0.038533 -0.081052 -0.088025 -0.595414 -0.798582 0.017488 -0.802494 0.596403
-2.911003 -13.451211 225.006516 -398.429120 0.977653 -0.106771 -0.181092 -0.204421 -0.683839 -0.700412 0.049054 -0.721778 0.690384
89.707429 -40.490165 7868.639809 -8280.273192 0.832547 -0.553529 0.021691 0.392297 0.561493 -0.728580 -0.391111 -0.615086 -0.684617
20.100039 -63.055058 -1511.593276 -6267.334519 -0.453508 0.789489 -0.413567 0.891252 0.401848 -0.210210 0.000232 -0.463924 -0.885875
65.992851 -409.074638 -4581.434089 -38750.951204 0.227972 -0.932028 0.281698 0.966785 0.182341 -0.179104 0.115565 0.313172 0.942639
-3.217407 -9.410544 103.053794 -12.614764 0.987675 -0.133225 0.082157 0.123003 0.985251 0.118956 0.096793 0.107384 -0.989495
-2.897003 -9.190844 81.384493 13.707183 0.991402 -0.089097 0.095831 0.063452 0.967847 0.243406 0.114437 0.235233 -0.965179
3.163517 -11.595153 132.636845 -7.649378 0.829283 0.501082 -0.247399 -0.033442 0.486415 0.873088 -0.557827 0.715764 -0.420133
2.843124 -11.122803 176.240737 -27.230507 0.856324 0.471522 -0.210657 -0.150273 0.617752 0.771881 -0.494093 0.629324 -0.599853
0.491079 -11.101258 42.588125 -42.567327 0.823904 0.515606 -0.235228 -0.172756 0.623803 0.762250 -0.539757 0.587384 -0.603028
1.581671 -11.988499 -18.222937 7.960781 0.805308 0.567240 -0.172390 0.471657 -0.436820 0.765982 -0.359192 0.698160 0.619317
-2.096169 -21.036164 -32.342094 -154.556564 0.866102 -0.368825 0.337396 -0.491460 -0.505022 0.709521 0.091297 0.780334 0.618663
-1.866004 -22.283369 -35.076792 -142.047792 0.859916 -0.374688 0.346631 -0.509934 -0.660690 0.550868 -0.022612 0.650460 0.759204
1.334450 -20.706730 34.005795 634.218666 0.805880 -0.481425 0.344655 0.307621 0.837827 0.451015 -0.505891 -0.257441 0.823285
1.597689 -22.059838 18.353816 571.573997 0.787924 -0.472641 0.394699 0.278884 0.845377 0.455589 -0.548999 -0.248895 0.797904
5.803305 -7.663027 21.892734 34.642702 0.926108 -0.375035 -0.040910 0.377042 0.923796 0.066636 -0.012801 0.077137 -0.996938
-3.185460 -6.417968 107.631257 56.874389 0.990014 0.132935 0.046905 0.094275 -0.376994 -0.921405 0.104804 -0.916626 0.385762
-1.911677 -6.458711 79.359019 56.790520 0.975220 0.189580 0.114039 0.183426 -0.404659 -0.895883 0.123695 -0.894601 0.429406
-4.552365 -6.542026 151.145199 43.121605 0.997223 0.057216 -0.047670 -0.025504 -0.339021 -0.940433 0.069969 -0.939037 0.336620
-3.314098 -6.044233 80.769897 21.968941 0.992563 0.070564 -0.099196 -0.069792 -0.337790 -0.938630 0.099740 -0.938573 0.330353
-2.289743 -5.891422 70.886977 63.791332 0.987678 0.152590 0.034767 0.088436 -0.360892 -0.928405 0.129118 -0.920040 0.369940
1.662321 -21.378054 -20.974798 182.020616 0.917039 -0.362077 0.167153 0.156109 -0.059774 -0.985929 -0.366974 -0.930230 -0.001709
0.929319 -27.009245 -44.386752 562.304007 0.909119 -0.368266 0.194636 0.109610 -0.239296 -0.964740 -0.401856 -0.898397 0.177183
1.556662 -22.998895 -20.793222 149.064367 0.921994 -0.333023 0.197541 0.177013 -0.091224 -0.979972 -0.344374 -0.938495 0.025159
1.975987 -20.479970 -25.482490 22.123373 0.929843 -0.337872 0.145718 0.190593 0.103508 -0.976197 -0.314747 -0.935483 -0.160643
2.261489 -18.720813 13.126270 73.846716 0.929345 -0.350749 0.115296 0.169562 0.128062 -0.977164 -0.327974 -0.927672 -0.178487
-1.453930 -26.853461 14.295679 -269.217563 0.673025 0.633119 0.382357 0.032088 -0.541473 0.840106 -0.738923 0.553143 0.384740
-1.173617 -24.442405 19.450508 -299.480361 0.687634 0.633430 0.354859 -0.070846 -0.427879 0.901055 -0.722593 0.644736 0.249349
-1.378485 -24.928912 22.539230 -301.562256 0.676127 0.642203 0.361147 -0.105529 -0.400703 0.910110 -0.729188 0.653462 0.203155
-1.579245 -22.749896 -140.418010 346.127925 0.806813 -0.560288 0.187431 0.390474 0.743770 0.542527 -0.443377 -0.364531 0.818862
-1.602224 -19.668088 -60.390244 537.513535 0.845527 -0.487036 0.218814 0.395326 0.846509 0.356567 -0.358889 -0.214985 0.908284
-1.810162 -17.546228 8.032486 520.187675 0.884355 -0.409881 0.223413 0.332367 0.888920 0.315203 -0.327792 -0.204497 0.922352
11.541230 -2.396096 92.963271 -105.707524 0.979518 -0.007358 0.201222 0.193969 -0.233724 -0.952759 -0.054041 -0.972275 0.227509
10.129702 -1.817908 119.715166 -100.613630 0.975655 0.095597 0.197380 0.215336 -0.246963 -0.944796 0.041574 -0.964298 0.261536
11.743373 -2.693940 12.362820 -21.548586 0.975615 -0.160684 0.149519 0.115200 -0.204977 -0.971964 -0.186827 -0.965487 0.181468
10.590641 -2.307266 214.915475 -92.960910 0.969636 0.142105 0.199027 0.227976 -0.230727 -0.945934 0.088501 -0.962586 0.256118
12.086488 -2.861742 221.665962 -56.261526 0.973947 0.049236 0.221368 0.226756 -0.198174 -0.953577 0.003081 -0.978929 0.204176
12.936687 -3.112712 129.321291 -82.935621 0.972182 -0.111416 0.206030 0.179911 -0.208033 -0.961434 -0.149980 -0.971756 0.182201
-6.926419 -16.418695 -60.171221 252.654542 -0.781458 -0.237847 -0.576847 -0.034411 0.939518 -0.340768 0.623009 -0.246446 -0.742378
-5.638300 -13.780751 -29.867485 222.041179 -0.812569 -0.146422 -0.564175 -0.073344 0.985925 -0.150244 0.578233 -0.080704 -0.811871
-4.447727 -13.351472 -141.099990 241.628351 -0.744655 -0.347433 -0.569894 -0.241714 0.936257 -0.254948 0.622144 -0.052097 -0.781167
0.285850 -41.036059 24.767099 -136.531461 0.698214 0.666906 0.260258 -0.051813 0.409667 -0.910762 0.714012 -0.622422 -0.320590
0.585962 -37.778432 60.745004 -609.021667 0.691676 0.663038 0.286296 0.143823 0.262020 -0.954285 0.707743 -0.701232 -0.085873
1.115027 -34.721713 96.136130 -715.045761 0.688868 0.652457 0.315849 0.307927 0.131068 -0.942339 0.656233 -0.746406 0.110620
