12125
24235
-4.936025 -7.625380 -14.121821 -46.406326 0.879209 -0.263581 -0.396883 0.061406 -0.763385 0.643018 0.472462 0.589719 0.654989
-5.328021 -8.117121 -37.083017 -135.332271 -0.601056 -0.187990 0.776782 0.605581 -0.741390 0.289159 0.521539 0.644206 0.559460
-4.621101 -6.700137 -17.758654 -57.411375 0.875588 -0.310544 -0.370011 0.076997 -0.666460 0.741554 0.476883 0.677785 0.559633
-4.505587 -6.208807 35.416452 -75.108419 0.743065 -0.090691 -0.663046 0.449373 -0.666561 0.594777 0.495902 0.739913 0.454544
-4.154867 -6.807028 17.727008 -42.899403 0.909380 -0.377213 -0.175322 -0.114818 -0.632737 0.765807 0.399805 0.676280 0.618709
-4.058168 -6.033137 -3.491343 -52.649805 0.897658 -0.413775 -0.151657 -0.095342 -0.518326 0.849852 0.430255 0.748417 0.504730
-5.540835 -8.851829 35.056471 -5.160630 0.932443 -0.085309 -0.351102 0.087401 0.996124 -0.009919 0.350588 -0.021438 0.936285
-5.441433 -8.833876 -8.312251 -18.743705 0.903823 -0.044763 -0.425559 0.012811 0.996898 -0.077652 0.427715 0.064732 0.901593
-5.538595 -8.767175 29.819892 10.714833 0.938987 -0.106106 -0.327176 0.027195 0.971152 -0.236904 0.342875 0.213552 0.914785
-5.435415 -8.162948 26.918168 -29.586507 0.956703 -0.202062 -0.209498 -0.089582 -0.889239 0.448586 0.276936 0.410397 0.868839
-5.839471 -8.584847 28.165981 18.929324 0.968115 -0.148809 -0.201517 0.095726 0.963150 -0.251354 0.231495 0.224049 0.946685
-5.917947 -8.984227 29.660540 5.458317 0.963508 -0.124582 -0.236922 0.112737 0.991628 -0.062959 0.242782 0.033952 0.969487
4.088573 -7.420279 112.600681 51.552004 0.060795 0.004780 -0.998139 -0.500336 0.865431 -0.026330 0.863694 0.501006 0.055005
2.072319 -8.561823 71.939458 69.155100 0.057759 -0.026839 -0.997970 -0.472492 0.879858 -0.051008 0.879440 0.474479 0.038138
3.396075 -8.789587 117.173633 9.673163 0.047985 -0.106366 -0.993168 -0.278270 0.953525 -0.115565 0.959304 0.281914 0.016157
2.302483 -7.697986 65.822365 62.826190 0.023251 0.044545 -0.998737 -0.625248 0.780164 0.020241 0.780080 0.623987 0.045991
5.921370 -6.674827 158.343681 -17.954915 0.079383 -0.025078 -0.996529 -0.360558 0.931277 -0.052157 0.929353 0.363447 0.064886
5.373145 -5.734767 58.771601 21.889769 0.145325 0.108034 -0.983468 -0.566515 0.824024 0.006806 0.811136 0.556160 0.180954
4.766442 -6.938028 131.842539 71.178835 0.013568 0.055851 -0.998347 -0.657988 0.752299 0.033144 0.752906 0.656450 0.046957
-1.193087 -3.898865 20.579287 8.192709 -0.028973 0.674631 0.737586 -0.098218 0.732404 -0.673749 -0.994743 -0.091965 0.045041
-1.041265 -4.011296 35.115085 18.426676 -0.047010 0.663097 0.747056 -0.031658 0.746518 -0.664612 -0.998393 -0.054894 -0.014102
-1.718496 -4.350182 19.633366 9.911875 -0.026549 0.492114 0.870126 -0.157101 0.857563 -0.489802 -0.987226 -0.149701 0.054544
-0.449046 -3.646417 37.769238 -13.879345 -0.026835 0.795998 0.604704 -0.004209 -0.605006 0.796210 -0.999631 -0.018822 -0.019586
-1.590332 -3.702377 8.572636 -1.595638 -0.009525 0.595706 0.803146 -0.195519 0.786570 -0.585730 -0.980654 -0.162609 0.108979
0.262481 -7.663015 9.101206 59.148153 0.772975 0.041805 -0.633058 0.367990 -0.842370 0.393695 0.516810 0.537275 0.666515
2.407929 -5.932374 -6.672665 -96.640895 0.760662 0.111317 -0.639533 -0.310433 0.927611 -0.207770 0.570109 0.356575 0.740155
1.195593 -7.537804 29.474744 -48.102062 0.802943 -0.042627 -0.594530 -0.273399 0.859988 -0.430899 0.529656 0.508531 0.678867
-0.323067 -8.395198 23.059215 7.952273 0.790198 -0.021698 -0.612468 0.402380 -0.735425 0.545198 0.462253 0.677259 0.572400
1.086419 -5.778567 8.820639 -20.986461 0.968407 -0.032555 -0.247241 -0.247657 -0.009378 -0.968802 -0.029221 -0.999426 0.017144
0.649116 -5.575213 19.621527 -25.615763 0.968849 0.004875 -0.247604 -0.246940 -0.056755 -0.967367 0.018769 -0.998376 0.053783
0.769675 -6.168402 18.798641 -19.152350 0.971346 -0.002914 -0.237650 -0.236472 0.088345 -0.967614 -0.023815 -0.996086 -0.085124
0.885253 -5.233795 12.228211 -19.044368 0.963770 -0.020544 -0.265942 -0.265070 -0.184985 -0.946318 0.029754 -0.982527 0.183729
1.143507 -6.345615 10.264243 -22.377709 0.970533 -0.031501 -0.238899 -0.233632 0.119742 -0.964924 -0.059002 -0.992305 -0.108854
1.044613 -5.492117 0.259354 -15.354767 0.959420 -0.066968 -0.273913 -0.280842 -0.139735 -0.949527 -0.025312 -0.987922 0.152872
1.293669 -6.273470 7.353755 -20.619794 0.967516 -0.055925 -0.246545 -0.239948 0.103937 -0.965206 -0.079604 -0.993010 -0.087142
1.159227 -5.864025 0.101687 -18.799308 0.961591 -0.072819 -0.264651 -0.265775 -0.006020 -0.964016 -0.068605 -0.997327 0.025142
0.558662 -18.566118 -16.447820 66.072072 -0.394164 0.146242 0.907330 0.042097 0.989095 -0.141133 -0.918076 -0.017433 -0.396022
0.201082 -23.299708 -0.663827 147.033878 -0.332498 0.194110 0.922912 0.203934 0.970235 -0.130592 -0.920791 0.144792 -0.362187
0.653939 -23.001832 -3.238340 84.688360 -0.330493 0.129446 0.934889 -0.199389 0.958617 -0.203217 -0.922507 -0.253568 -0.291007
0.184217 -17.875147 -22.687040 -18.870954 -0.359520 0.237285 0.902464 0.402363 0.912021 -0.079506 -0.841932 0.334534 -0.423365
0.708645 -19.414722 -18.482548 113.249178 -0.380688 0.078219 0.921389 -0.256462 0.948396 -0.186474 -0.888428 -0.307290 -0.340983
0.662263 -17.277666 -27.637804 106.680729 -0.403571 0.105915 0.908797 -0.141688 0.974060 -0.176441 -0.903911 -0.199972 -0.378095
0.408201 -16.466998 -30.850385 -35.597798 -0.385128 0.215341 0.897388 0.350672 0.933607 -0.073536 -0.853643 0.286368 -0.435072
0.474824 -15.180595 -16.335197 23.542079 -0.401539 0.155381 0.902565 0.085775 0.987551 -0.131851 -0.911816 0.024474 -0.409868
74.701078 -18.071762 3715.288650 220.700554 0.122469 0.992216 0.022556 -0.076263 0.032068 -0.996572 0.989538 -0.120328 -0.079597
3.247970 -38.112708 249.900635 -1241.749773 -0.328061 -0.345358 -0.879263 -0.124300 0.938464 -0.322234 0.936443 0.003580 -0.350802
19.152161 -16.577224 1408.344569 307.226042 -0.149340 0.875688 0.459204 -0.428021 0.361395 -0.828367 0.891345 0.320257 -0.320842
11.683205 -9.807105 929.879795 124.945377 -0.084018 0.995080 0.052498 -0.125664 0.041683 -0.991197 0.988509 0.089875 -0.121544
0.322512 -5.912359 -6.059655 -65.562563 0.913479 -0.227742 -0.337179 0.208893 -0.448641 0.868956 0.349170 0.864208 0.362250
0.270849 -7.207966 -12.164459 -41.386059 0.902222 -0.189121 -0.387593 0.226747 -0.556465 0.799333 0.366853 0.809061 0.459172
0.554338 -6.351626 -22.763960 -52.457010 0.927215 -0.222585 -0.301212 0.130804 -0.561144 0.817318 0.350946 0.797229 0.491186
0.259547 -2.785289 46.213177 -11.405134 -0.089296 0.194335 0.976862 0.994656 -0.033638 0.097614 0.051829 0.980358 -0.190293
-0.490340 -3.076684 7.710873 5.732139 -0.305327 0.212820 0.928161 0.952147 0.054061 0.300822 0.013844 0.975595 -0.219142
-0.074119 -2.535990 43.360956 -3.262009 -0.187791 0.191567 0.963347 0.981982 0.057679 0.179954 -0.021092 0.979783 -0.198947
1.023143 -2.437214 74.229400 -13.465777 -0.042175 0.189878 0.980901 0.999083 0.000783 0.042805 0.007360 0.981807 -0.189737
0.876961 -2.186700 75.319164 -0.342507 -0.093892 0.197459 0.975805 0.994281 0.068694 0.081769 -0.050886 0.977901 -0.202779
0.576982 -3.365201 -18.131732 23.224662 -0.107299 0.068038 0.991896 0.815791 -0.564242 0.126952 0.568306 0.822802 0.005038
0.496465 -3.527353 -9.006917 29.148400 -0.158548 0.100557 0.982217 0.832714 -0.520902 0.187744 0.530518 0.847673 -0.001147
0.148499 -3.141158 -4.034081 17.164683 -0.170910 0.112374 0.978857 0.801707 -0.561660 0.204459 0.572761 0.819701 0.005903
-1.248296 -17.652015 2.576522 -224.638843 0.898652 0.363547 -0.245475 -0.131548 -0.310500 -0.941427 0.418473 -0.878307 0.231208
-1.352419 -25.775329 7.418095 -544.585393 0.898764 0.378345 -0.221538 -0.201326 -0.092728 -0.975125 0.389476 -0.921009 0.007171
-0.691931 -24.845433 -2.265302 -385.243544 0.886627 0.375474 -0.270024 -0.264694 -0.066802 -0.962016 0.379250 -0.924423 -0.040157
-1.037939 -30.668162 -25.981064 -430.599286 0.890955 0.364207 -0.271204 -0.383323 0.283046 -0.879175 0.243438 -0.887264 -0.391790
-0.861169 -18.995715 20.719915 -188.820561 0.879214 0.375483 -0.293250 -0.137252 -0.389800 -0.910614 0.456229 -0.840873 0.291182
-0.643110 -24.701566 -9.045858 -211.190177 0.894172 0.374545 -0.245300 -0.360805 0.278405 -0.890118 0.265097 -0.884424 -0.384079
0.061752 -3.756545 -14.365178 -7.291003 -0.187285 0.239065 0.952771 0.963461 -0.144369 0.225610 0.191486 0.960211 -0.203292
-0.131494 -3.859592 -21.362256 4.312241 -0.303401 0.253215 0.918602 0.946191 -0.033823 0.321836 0.112563 0.966819 -0.229328
-0.250810 -3.477342 -11.139419 -4.046416 -0.194375 0.238099 0.951592 0.972146 -0.082755 0.219280 0.130959 0.967709 -0.215381
0.047178 -3.493136 -1.849510 -10.508076 -0.087721 0.220279 0.971485 0.978579 -0.163282 0.125385 0.186245 0.961674 -0.201237
0.543820 -3.761359 -5.237251 -6.297898 -0.101498 0.224003 0.969289 0.952986 -0.257728 0.159352 0.285509 0.939893 -0.187312
3.093152 -5.203992 -42.817867 9.982913 -0.290151 0.182553 0.939408 0.920325 0.322313 0.221623 -0.262326 0.928864 -0.261528
2.970267 -5.272366 -61.981292 10.282323 -0.345614 0.222491 0.911619 0.878658 0.417762 0.231159 -0.329409 0.880893 -0.339878
2.113632 -5.179646 -39.072409 9.015880 -0.374022 0.220298 0.900875 0.891148 0.354376 0.283325 -0.256833 0.908783 -0.328862
-1.760208 -3.860055 -66.034000 -30.951128 -0.482683 0.447196 0.753015 -0.079978 0.833708 -0.546383 -0.872135 -0.323955 -0.366651
-1.175148 -3.409938 -71.408883 14.601581 -0.491690 0.703968 0.512513 0.001058 -0.588091 0.808794 -0.870770 -0.398218 -0.288414
-2.619325 -4.244229 -66.479936 -51.697543 -0.437183 0.403822 0.803616 -0.161934 0.843583 -0.512001 -0.884674 -0.353971 -0.303408
-2.890277 -4.916256 -44.079454 -48.447175 -0.393105 0.179796 0.901744 -0.165861 0.950744 -0.261872 -0.904410 -0.252508 -0.343921
-2.561607 -4.754952 15.789010 15.416977 0.996515 0.078022 -0.029513 -0.018759 0.554335 0.832082 -0.081281 0.828629 -0.553866
-2.360057 -4.446298 17.460509 -5.670946 0.994022 0.095270 0.053334 -0.091669 0.462874 0.881672 -0.059310 0.881290 -0.468840
-2.238103 -4.461063 19.583650 12.847228 0.998400 0.046385 0.032332 -0.051895 0.524749 0.849674 -0.022446 0.849992 -0.526317
-2.137425 -5.028990 18.573565 39.275110 0.999668 -0.000088 -0.025767 0.020671 0.599755 0.799916 -0.015384 0.800183 -0.599558
-0.161309 -17.316442 35.203434 -2.755676 -0.229396 0.320233 0.919146 0.971603 0.019054 0.235850 0.058014 0.947147 -0.315510
0.148887 -15.293940 -20.549403 -26.408924 -0.213958 0.369883 0.904107 0.962337 -0.079096 0.260098 0.167717 0.925706 -0.339029
0.332236 -15.719984 -16.792314 -16.580281 -0.219996 0.371356 0.902051 0.972548 0.155393 0.173216 -0.075848 0.915395 -0.395347
6.521932 -5.395775 248.121429 17.858761 -0.200925 0.156316 -0.967054 0.903920 0.410073 -0.121523 0.377567 -0.898557 -0.223692
1.779881 -4.745913 352.383419 -4.288805 -0.367483 0.260121 -0.892913 0.854071 0.474414 -0.213292 0.368128 -0.840993 -0.396501
2.618196 -4.591074 358.826324 5.114907 -0.233103 0.312642 -0.920825 0.933606 0.336910 -0.121949 0.272109 -0.888114 -0.370419
1.332832 -8.646922 -63.209909 167.686010 0.513493 0.500926 -0.696705 -0.147315 0.851330 0.503524 0.845354 -0.155921 0.510946
0.335417 -7.882075 -18.562743 134.406988 0.491310 0.493291 -0.717829 -0.118218 0.854299 0.506159 0.862924 -0.163821 0.478042
0.345204 -5.985830 -27.149775 101.177029 0.500407 0.528326 -0.685904 -0.237204 0.845577 0.478262 0.832662 -0.076627 0.548454
1.046840 -5.712965 -50.915743 101.121458 0.496335 0.544694 -0.675988 -0.274927 0.837214 0.472744 0.823448 -0.048792 0.565290
0.576538 -3.619757 -37.171049 55.566493 0.476751 0.608325 -0.634547 -0.364915 0.793688 0.486721 0.799716 -0.000489 0.600378
1.931045 -11.812229 149.638306 -136.767219 -0.003848 0.980033 0.198800 0.894218 -0.085615 0.439369 -0.447616 -0.179461 0.876033
7.547296 -12.720798 302.920134 7.468571 0.093577 0.965487 0.243060 0.955582 -0.155626 0.250285 -0.279474 -0.208843 0.937165
1.971004 -10.921138 132.060253 -207.983652 0.054213 0.962074 0.267348 0.779044 -0.208235 0.591378 -0.624621 -0.176216 0.760787
-0.483998 -10.866029 39.752648 -186.661992 -0.107328 0.972815 0.205213 0.803459 -0.036707 0.594228 -0.585606 -0.228658 0.777677
-0.867042 -8.728970 69.072097 -149.172877 -0.030947 0.973867 0.225001 0.695655 -0.140654 0.704472 -0.717709 -0.178324 0.673123
-0.014258 -8.569019 76.635226 -161.513459 0.047460 0.959405 0.278011 0.656579 -0.239712 0.715152 -0.752763 -0.148595 0.641302
2.404238 -9.626603 126.074602 -181.358325 0.098583 0.932074 0.348597 0.666416 -0.321989 0.672467 -0.739034 -0.166017 0.652892
0.493511 -16.861632 -14.173433 -258.344319 0.734202 -0.259908 0.627212 -0.474647 0.464051 0.747908 0.485446 0.846820 -0.217343
0.559947 -14.935129 0.297505 -216.460163 0.729937 -0.291392 0.618290 -0.375540 0.584840 0.718980 0.571106 0.757002 -0.317467
0.365740 -14.567022 -22.841445 -146.745670 0.754895 -0.304872 0.580678 -0.279312 0.651633 0.705237 0.593396 0.694570 -0.406760
-0.886941 -8.664664 -1.190546 1.987117 -0.495322 -0.043621 0.867614 0.470459 0.826131 0.310121 -0.730290 0.561787 -0.388679
-0.833720 -8.499470 -3.077911 -1.136420 -0.476570 -0.034003 0.878479 0.608961 0.707937 0.357760 -0.634072 0.705457 -0.316675
-0.744897 -8.589625 -2.175636 -3.239769 -0.505719 -0.037926 0.861864 0.592265 0.711139 0.378819 -0.627272 0.702028 -0.337174
-0.615016 -8.448784 1.854715 0.625959 -0.478262 -0.036728 0.877449 0.703872 0.581470 0.407991 -0.525195 0.812738 -0.252244
0.843501 -10.597785 -0.137921 22.583257 -0.484939 -0.078270 0.871039 0.865485 0.100068 0.490839 -0.125582 0.991897 0.019215
0.807409 -9.977397 4.882213 -3.632332 -0.509390 -0.074539 0.857302 0.840983 0.168044 0.514304 -0.182400 0.982957 -0.022914
0.771964 -9.405468 4.172685 46.542795 -0.466564 -0.061525 0.882345 0.883528 -0.078860 0.461691 0.041176 0.994985 0.091152
0.898921 -8.701349 -0.471192 46.868873 -0.448908 -0.035756 0.892862 0.883868 -0.164668 0.437792 0.131372 0.985701 0.105524
0.912845 -8.388967 10.100516 59.605205 -0.443041 -0.047576 0.895238 0.870838 -0.260059 0.417146 0.212968 0.964420 0.156648
0.590169 -10.020209 4.357485 65.835552 -0.439647 -0.080918 0.894518 0.896489 -0.100442 0.431530 0.054929 0.991647 0.116702
0.724239 -8.766743 16.041815 57.646489 -0.438222 -0.077741 0.895499 0.878338 -0.248736 0.408231 0.191006 0.965447 0.177284
-1.811104 -20.439321 91.868791 -94.283410 -0.176677 -0.647429 -0.741365 0.269111 0.692740 -0.669097 0.946765 -0.317723 0.051839
7.679233 -21.298563 586.209481 43.737071 -0.280122 -0.614388 -0.737603 0.130295 0.736921 -0.663303 0.951081 -0.281912 -0.126376
0.139729 -20.572847 194.864595 26.855649 -0.209393 -0.634204 -0.744271 -0.121051 0.772102 -0.623863 0.970310 -0.040538 -0.238444
-4.863365 -19.705448 -70.938175 -115.309360 -0.117112 -0.617452 -0.777842 0.067432 0.776480 -0.626523 0.990827 -0.125825 -0.049299
-0.422040 -10.096268 -25.276643 -142.410141 -0.393116 0.908576 0.141241 0.794927 0.258627 0.548820 -0.462116 -0.328026 0.823922
-0.002973 -11.787430 -35.506472 -134.381077 -0.380497 0.914017 0.140692 0.870072 0.302268 0.389370 -0.313364 -0.270566 0.910273
-0.938796 -10.771440 -29.849973 -157.400250 -0.322973 0.932323 0.162675 0.802850 0.178890 0.568709 -0.501119 -0.314281 0.806292
-1.482486 -7.940963 -19.865708 -95.915179 -0.262234 0.944674 0.197037 0.720711 0.055942 0.690975 -0.641723 -0.323204 0.695507
-0.938595 -7.700692 -8.248007 -76.277148 -0.327829 0.932372 0.152348 0.738897 0.152560 0.656321 -0.588693 -0.327730 0.738941
0.319198 -23.416932 6.124408 1.963822 0.902207 0.390115 -0.183936 -0.039024 -0.350883 -0.935606 0.429534 -0.851288 0.301345
0.299713 -28.067461 35.192699 -206.056121 0.890280 0.430135 -0.149616 -0.073776 -0.187971 -0.979400 0.449398 -0.882978 0.135613
0.501310 -29.354717 30.128648 146.430208 0.888579 0.415433 -0.194532 0.048980 -0.507572 -0.860216 0.456102 -0.754842 0.471365
0.217162 -24.491613 -5.110869 -59.655704 0.910943 0.379742 -0.161179 -0.149740 -0.059690 -0.986922 0.384396 -0.923165 -0.002489
0.520516 -26.150766 -8.922677 142.428776 0.897133 0.383796 -0.218755 0.065862 -0.605857 -0.792843 0.436824 -0.696878 0.568811
-34.393701 -716.215324 -847.237089 79670.211476 0.976052 0.061967 0.208527 -0.216398 0.374612 0.901575 0.022249 0.925108 -0.379051
-842.064909 -3125.931175 64384.981696 298001.161096 -0.293159 -0.081735 -0.952563 -0.542425 0.834680 0.095316 0.787295 0.544636 -0.289029
-81.927325 -1558.227401 2243.555774 98240.171895 -0.758403 -0.636001 -0.142575 -0.531186 0.729871 -0.430268 0.377712 -0.250582 -0.891371
-1.776289 -3.704757 9.882873 5.132198 0.062350 0.168721 0.983690 -0.223109 0.963022 -0.151035 -0.972798 -0.210053 0.097687
-1.852345 -3.937680 11.048897 -3.420470 0.080978 0.097995 0.991887 -0.303258 0.950397 -0.069138 -0.949462 -0.295199 0.106679
-1.703008 -3.469710 5.792331 -12.588127 0.131131 0.098040 0.986505 -0.293238 0.954405 -0.055872 -0.947004 -0.281954 0.153901
-2.050390 -4.080268 9.356425 9.461524 0.017976 0.103393 0.994478 -0.267682 0.958828 -0.094848 -0.963340 -0.264499 0.044913
-1.608969 -3.445111 4.150450 -1.846190 0.085351 0.233378 0.968633 -0.207069 0.955109 -0.211873 -0.974596 -0.182490 0.129845
-1.910752 -3.468105 9.059134 30.649914 0.014169 0.158503 0.987257 -0.139412 0.978025 -0.155020 -0.990133 -0.135440 0.035955
-1.292948 -4.775018 5.210107 -0.923268 0.041524 -0.336379 0.940811 -0.443491 0.837573 0.319041 -0.895316 -0.430489 -0.114402
-1.397536 -4.633625 -5.188963 -12.161887 0.021068 -0.314681 0.948964 -0.538992 0.795852 0.275875 -0.842048 -0.517296 -0.152844
-1.177226 -4.771126 11.557088 4.219766 0.046587 -0.270354 0.961633 -0.416398 0.869795 0.264707 -0.907988 -0.412754 -0.072054
-1.102747 -4.724917 15.626100 11.851005 0.050830 -0.307176 0.950294 -0.321705 0.895771 0.306759 -0.945474 -0.321307 -0.053288
-1.266833 -4.798997 4.360919 3.788565 0.025242 -0.354124 0.934858 -0.378040 0.862330 0.336858 -0.925445 -0.361916 -0.112106
-0.766033 -12.371072 36.120595 35.226038 0.863449 -0.259936 0.432306 0.406994 -0.147320 -0.901473 -0.298012 -0.954322 0.021411
-0.238469 -13.097111 41.245179 -12.156580 0.873639 -0.276252 0.400549 0.273876 -0.401230 -0.874075 -0.402177 -0.873327 0.274871
-1.186388 -11.882500 28.053683 -4.660133 0.862515 -0.299193 0.408107 0.306018 -0.333907 -0.891549 -0.403015 -0.893862 0.196442
0.706134 -19.239292 -3.407474 275.753893 0.588986 -0.550753 0.591411 0.518910 -0.303287 -0.799218 -0.619539 -0.777617 -0.107160
0.725139 -18.232914 3.365513 208.357627 0.582198 -0.534194 0.612929 0.528979 -0.323620 -0.784507 -0.617435 -0.780965 -0.094167
0.985681 -16.933118 8.669366 117.647986 -0.572354 0.549436 -0.608713 0.683553 -0.090361 -0.724286 -0.452953 -0.830635 -0.323850
0.747501 -19.704621 10.840650 270.216725 -0.581314 0.557881 -0.592319 0.613473 -0.177717 -0.769459 -0.534532 -0.810670 -0.238935
-4.537377 -24.953547 38.034298 866.840497 -0.598511 0.009333 0.801060 0.414768 0.859091 0.299884 -0.685384 0.511738 -0.518047
-5.721640 -74.350608 52.896071 2456.377937 -0.559910 0.070195 0.825574 0.212104 0.975346 0.060921 -0.800945 0.209218 -0.560995
-4.071611 -55.892941 96.022025 1670.494207 -0.443466 0.164288 0.881106 0.523107 0.845700 0.105597 -0.727803 0.507741 -0.460979
-6.896852 -8.850275 -64.837340 69.059920 0.768631 0.068118 -0.636055 -0.366877 0.861475 -0.351088 0.524030 0.503211 0.687147
-7.292987 -9.839193 4.042636 180.022176 0.339849 0.570519 -0.747670 -0.729786 0.661428 0.172991 0.593225 0.486848 0.641142
-3.726094 -10.052132 -107.892133 -229.655326 -0.486318 -0.198690 0.850892 0.641870 -0.741972 0.193598 0.592872 0.640312 0.488368
-2.495933 -8.521733 -116.127358 -187.859602 -0.510734 -0.067272 0.857103 0.650189 -0.682484 0.333871 0.562499 0.727798 0.392307
-6.242531 -8.669634 -68.126167 -45.762615 0.852779 -0.049898 -0.519883 0.077670 0.996473 0.031764 0.516464 -0.067468 0.853647
-6.116963 -8.900726 -76.163455 -16.520608 0.864550 -0.066109 -0.498180 -0.012604 0.988146 -0.153001 0.502389 0.138556 0.853468
-5.365603 -8.626818 9.838877 -24.097292 0.881070 -0.078126 -0.466489 0.143660 0.983874 0.106558 0.450641 -0.160901 0.878085
1.075889 -10.621911 45.983460 112.427938 0.054469 -0.109390 -0.992505 -0.331163 0.935743 -0.121309 0.942000 0.335288 0.014743
0.468978 -9.926000 5.842354 151.765636 0.060203 -0.013742 -0.998092 -0.523020 0.851222 -0.043267 0.850192 0.524626 0.044059
-1.841096 -3.224991 -14.350595 -7.808631 -0.011061 0.678996 0.734059 -0.217129 0.714957 -0.664599 -0.976080 -0.166737 0.139521
-1.904401 -3.298830 -2.112889 -3.883047 0.066160 0.409883 0.909736 -0.273139 0.884348 -0.378580 -0.959697 -0.223437 0.170463
5.024565 -4.761522 -35.813503 -107.542901 0.803239 0.116052 -0.584242 -0.209942 0.973053 -0.095353 0.557432 0.199249 0.805959
2.883702 -6.447804 38.432162 -80.849702 0.819089 -0.045596 -0.571852 -0.171355 0.931882 -0.319741 0.547477 0.359885 0.755481
4.931921 -4.019749 -40.547336 -81.368193 0.680982 0.278353 -0.677336 -0.356367 0.933997 0.025542 0.639739 0.223986 0.735231
0.541299 -5.104257 17.108321 -34.837160 0.968231 0.003144 -0.250039 -0.245461 -0.178909 -0.952754 0.047730 -0.983861 0.172454
0.662657 -24.880245 11.338654 90.149513 -0.291702 0.216031 0.931794 0.136771 0.973571 -0.182900 -0.946680 0.074090 -0.313540
0.445346 -21.994895 -1.048259 -74.332120 -0.308655 0.263322 0.913999 0.427818 0.896665 -0.113855 -0.849531 0.355884 -0.389414
0.130182 -21.810816 -24.583181 50.561301 -0.334972 0.268621 0.903126 0.553821 0.831580 -0.041927 -0.762284 0.486126 -0.427323
92.203197 -21.874708 -3833.026195 430.498118 0.905429 -0.279646 -0.319368 -0.389192 -0.246469 -0.887571 -0.169492 -0.927928 0.331996
97.610883 -9.110351 -3304.668879 -77.702326 0.999364 -0.018009 0.030791 0.018952 -0.463238 -0.886032 -0.030220 -0.886051 0.462601
22.318461 -7.644133 385.458115 -47.589137 0.704095 0.666199 -0.245823 0.057678 -0.398688 -0.915271 0.707760 -0.630259 0.319139
87.955204 -13.562229 -3162.530753 -320.098360 0.981237 0.097631 0.166258 0.192740 -0.518927 -0.832806 -0.004968 -0.849225 0.528008
8.250765 -7.933677 -969.866088 201.703377 0.739423 -0.509798 -0.439727 -0.541999 -0.063319 -0.837991 -0.399363 -0.857961 0.323129
20.482469 -7.451170 147.607442 -93.889326 0.756007 0.636950 -0.150824 0.221688 -0.465957 -0.856585 0.615880 -0.614148 0.493472
104.157602 -11.728015 3737.354304 -86.874018 0.161345 0.868171 -0.469306 0.159403 -0.492217 -0.855753 0.973940 -0.063262 0.217806
323.782486 -21.262500 13316.879447 -205.434983 0.060236 0.895397 -0.441175 0.040002 -0.443788 -0.895238 0.997382 -0.036278 0.062549
-0.046794 -3.167107 16.212715 -8.373197 -0.108861 0.212255 0.971132 0.988316 -0.081734 0.128652 0.106681 0.973790 -0.200877
-0.441900 -3.430268 -14.661397 9.344081 -0.315358 0.242104 0.917570 0.946640 0.012510 0.322049 0.066491 0.970170 -0.233130
0.243719 -3.469813 4.246370 26.637218 -0.218459 0.139322 0.965849 0.827339 -0.498413 0.259026 0.517480 0.855672 -0.006384
0.594855 -3.866313 -10.536111 22.645029 -0.191412 0.124331 0.973603 0.864485 -0.448373 0.227217 0.464788 0.885157 -0.021659
0.935154 -4.287948 -30.210870 16.607961 -0.183951 0.128936 0.974442 0.892690 -0.393031 0.220524 0.411419 0.910441 -0.042801
0.727684 -4.294010 -12.194813 21.911556 -0.224546 0.149395 0.962944 0.894719 -0.359905 0.264474 0.386079 0.920950 -0.052851
0.425686 -3.941449 4.542506 22.318446 -0.252687 0.157591 0.954628 0.860054 -0.415399 0.296228 0.443234 0.895884 -0.030570
-1.700480 -18.125792 2.470452 -292.758321 0.912109 0.347115 -0.218099 -0.063116 -0.406768 -0.911349 0.405059 -0.845015 0.349108
-1.580216 -17.962677 13.246482 -283.764440 0.912244 0.361995 -0.191756 -0.087132 -0.285925 -0.954282 0.400273 -0.887247 0.229292
-1.374046 -25.309649 31.472977 -536.904391 0.909787 0.372235 -0.183653 -0.186312 -0.029158 -0.982058 0.370911 -0.927680 -0.042824
-1.575857 -31.099024 20.647026 -559.302556 0.892372 0.396311 -0.215893 -0.340473 0.277199 -0.898464 0.296226 -0.875270 -0.382298
-13.989689 -253.111719 -116.164148 7116.233723 0.977668 0.194453 -0.079704 -0.198905 0.978624 -0.052269 0.067837 0.066955 0.995447
-3.702914 -130.027905 -82.502876 -4771.973195 0.999692 0.015413 -0.019473 0.024666 -0.707409 0.706374 0.002889 0.706636 0.707571
0.883464 -18.628433 695.468345 -449.902551 0.742203 0.350957 -0.570933 0.670153 -0.395666 0.627968 0.005509 0.848692 0.528859
-6.146525 -354.094844 -97.217726 -15347.117822 0.920734 0.352146 -0.168051 0.384595 -0.891720 0.238582 0.065838 0.284302 0.956471
2.063710 -5.414703 -35.996457 16.920175 -0.406398 0.227542 0.884910 0.847877 0.454847 0.272433 -0.340508 0.861011 -0.377776
-2.511549 -3.736399 -78.131935 22.839382 -0.465951 0.657427 0.592182 0.082612 -0.634027 0.768886 -0.880946 -0.407184 -0.241114
-0.085037 -3.053974 -83.278453 -7.442380 -0.467810 0.863116 0.190222 -0.099719 -0.265395 0.958969 -0.878186 -0.429646 -0.210224
0.422098 -2.755797 -54.390032 -4.056664 -0.471671 0.825991 0.308652 -0.091413 -0.393953 0.914573 -0.877024 -0.403163 -0.261322
-2.613423 -4.369521 14.707827 5.258193 0.987956 0.149808 0.038733 -0.096690 0.402263 0.910404 -0.120805 0.903184 -0.411903
-2.244138 -4.193675 17.312497 5.679859 0.988202 0.112875 0.103521 -0.137492 0.356009 0.924313 -0.067478 0.927641 -0.367328
-2.809709 -4.558287 9.891607 2.130696 0.987688 0.152685 -0.034041 -0.046292 0.493136 0.868720 -0.149428 0.856448 -0.494133
8.439953 -8.478713 -14.046688 37.678600 0.034407 -0.389245 -0.920491 0.957889 0.275559 -0.080720 0.285070 -0.878951 0.382335
9.001944 -8.149806 -120.103803 68.215532 0.061750 -0.272941 -0.960047 0.943193 0.330572 -0.033316 0.326458 -0.903452 0.277849
9.121547 -9.712277 59.958418 66.186818 0.085949 -0.272898 -0.958196 0.989827 0.132837 0.050954 0.113379 -0.952828 0.281540
11.532871 -10.533583 229.685188 24.627453 0.003223 -0.420836 -0.907131 0.998020 0.058335 -0.023517 0.062814 -0.905259 0.420191
1.005935 -9.669337 -40.584828 168.842532 0.504797 0.475219 -0.720657 -0.019485 0.840890 0.540855 0.863018 -0.258979 0.433738
4.049958 -12.632833 191.731390 50.754120 -0.004114 0.987761 0.155922 0.983594 -0.024124 0.178775 -0.180348 -0.154099 0.971457
9.490403 -13.121733 -395.146144 169.602211 -0.018457 -0.986315 -0.163836 0.998544 -0.009877 -0.053034 0.050690 -0.164577 0.985061
13.072397 -13.516653 -293.126376 168.222006 -0.047697 -0.899688 -0.433919 0.998344 -0.056928 0.008295 -0.032166 -0.432805 0.900914
12.816321 -13.427121 -319.476323 46.642297 -0.112786 -0.879924 -0.461534 0.942076 -0.242361 0.231850 -0.315869 -0.408650 0.856290
-0.138784 -5.992616 10.553110 -10.423247 -0.389051 -0.271930 0.880167 -0.420236 0.902625 0.093116 -0.819781 -0.333650 -0.465442
-0.080934 -5.727853 5.846326 -7.880242 -0.404982 -0.251080 0.879175 -0.463414 0.885268 0.039354 -0.788186 -0.391484 -0.474871
0.227959 -5.583727 6.131349 -10.677172 -0.432126 -0.200374 0.879271 -0.333476 0.941397 0.050643 -0.837891 -0.271332 -0.473622
0.256588 -6.121154 20.224497 -14.019641 -0.398130 -0.224251 0.889496 -0.241536 0.961069 0.134187 -0.884959 -0.161422 -0.436795
0.460233 -9.685645 4.479047 14.342064 0.228934 0.344828 -0.910320 0.856475 0.373097 0.356721 0.462645 -0.861332 -0.209922
0.601107 -9.839620 10.823715 -22.307567 0.238039 0.361142 -0.901617 0.925325 0.197769 0.323514 0.295146 -0.911298 -0.287097
0.506887 -9.783055 -10.025057 0.193485 0.246673 0.324563 -0.913133 0.873961 0.332637 0.354323 0.418741 -0.885444 -0.201603
0.706943 -9.685479 0.963511 40.766618 0.228075 0.335966 -0.913843 0.730481 0.561496 0.388741 0.643723 -0.756207 -0.117354
0.409705 -9.506220 14.381365 39.324519 0.211437 0.347691 -0.913458 0.733130 0.561659 0.383482 0.646386 -0.750766 -0.136148
-0.611480 -16.646401 30.992016 91.196567 -0.758212 0.480548 -0.440668 0.445251 0.875347 0.188467 0.476305 -0.053310 -0.877663
-0.551318 -17.772770 5.497542 -11.028426 -0.732417 0.488505 -0.474265 0.538567 0.841839 0.035395 0.416546 -0.229499 -0.879670
-0.451192 -16.196711 3.638218 218.206190 -0.746015 0.478134 -0.463518 0.318565 0.867473 0.382107 0.584788 0.137397 -0.799465
-0.551727 -17.141683 -19.790355 -136.047738 0.737419 -0.502932 0.450858 0.616516 0.773850 -0.145137 0.275902 -0.384988 -0.880717
-0.612382 -14.109490 14.369275 234.824274 -0.756891 0.464351 -0.459884 0.225295 0.845937 0.483356 0.613480 0.262239 -0.744898
-0.591768 -15.423227 2.056809 114.808923 -0.745202 0.465563 -0.477415 0.384759 0.884935 0.262393 0.544642 0.011846 -0.838585
-0.606859 -16.315214 6.467760 -66.090481 -0.735266 0.485038 -0.473414 0.545694 0.837913 0.010960 0.401996 -0.250281 -0.880772
0.299333 -11.798770 1.459139 -61.295799 -0.747001 0.337561 -0.572750 -0.203704 0.703856 0.680508 0.632846 0.625012 -0.457018
0.278222 -4.359404 6.741762 -6.791059 0.597411 -0.060511 -0.799649 -0.550282 0.694414 -0.463658 -0.583344 -0.717027 -0.381552
0.484603 -5.087580 12.023958 46.632535 -0.550918 0.053172 0.832863 -0.481417 0.794941 -0.369196 -0.681708 -0.604352 -0.412350
0.310426 -4.719117 -0.373511 33.155736 0.532718 -0.005021 -0.846278 0.623873 -0.673350 0.396713 -0.571834 -0.739306 -0.355573
0.548917 -4.448128 -26.815621 18.803760 -0.680605 0.120229 0.722718 -0.379595 0.785850 -0.488208 -0.626645 -0.606617 -0.489215
0.238091 -4.334723 14.759793 46.134582 0.523800 0.027717 -0.851390 0.696023 -0.590144 0.409002 -0.491106 -0.806822 -0.328409
0.217839 -4.003627 12.528100 -12.749258 0.673163 -0.149562 -0.724212 -0.430411 0.717118 -0.548168 -0.601331 -0.680715 -0.418364
-0.017435 -3.942879 3.720087 -31.015087 0.623002 -0.110985 -0.774307 -0.543234 0.650847 -0.530372 -0.562819 -0.751053 -0.345188
-0.105988 -4.206565 7.638128 6.668876 0.559558 -0.020207 -0.828545 0.653547 -0.604024 0.456104 -0.509677 -0.796710 -0.324781
0.402920 -9.813448 -3.727959 -29.557143 0.225844 0.298870 -0.927184 0.493864 0.785274 0.373422 0.839698 -0.542238 0.029748
0.073082 -10.279526 -25.072755 -42.752510 0.252526 0.263518 -0.931015 0.467615 0.809137 0.355856 0.847093 -0.525220 0.081103
0.253973 -10.555875 -9.531789 -53.351584 0.222281 0.247697 -0.942994 0.318976 0.895490 0.310407 0.921328 -0.369790 0.120041
0.163398 -9.865032 -19.038585 -17.124437 0.269350 0.297891 -0.915812 0.627868 0.666745 0.401538 0.730228 -0.683163 -0.007449
0.360934 -10.259777 15.772154 -44.134470 0.179049 0.281998 -0.942560 0.285369 0.901969 0.324062 0.941545 -0.327000 0.081023
0.477313 -9.438311 9.011622 -31.007148 0.202613 0.319765 -0.925580 0.464940 0.800445 0.378311 0.861846 -0.506990 0.013509
0.685090 -9.667636 0.677357 4.673990 0.227841 0.326611 -0.917286 0.614772 0.682294 0.395640 0.755079 -0.654064 -0.045337
0.540387 -9.838419 -11.110722 7.146731 0.250424 0.314435 -0.915652 0.642872 0.653163 0.400117 0.723881 -0.688846 -0.038574
1.061637 -10.652320 -13.679812 -3.709044 -0.526618 -0.077768 0.846537 0.803213 0.280632 0.525447 -0.278428 0.956660 -0.085322
16.820250 -18.164342 624.145893 30.542476 0.224453 -0.380161 -0.897273 0.716686 0.688289 -0.112338 0.660290 -0.617848 0.426945
8.009959 -20.977554 336.971964 123.765743 -0.121563 -0.558307 -0.820680 0.431926 0.714671 -0.550169 0.893679 -0.421353 0.154269
0.390786 -18.745514 76.093337 -117.457707 -0.071592 -0.602073 -0.795225 0.609408 0.604756 -0.512730 0.789618 -0.521323 0.323613
1.364421 -15.856514 77.479023 -97.861469 -0.009437 -0.584243 -0.811524 0.788489 0.494765 -0.365366 0.614976 -0.643326 0.456000
-0.759804 -15.899119 3.752303 -51.110059 -0.003531 -0.573331 -0.819317 0.842345 0.439852 -0.311424 0.538927 -0.691247 0.481389
-2.989322 -19.040664 -9.822959 -125.722186 -0.118382 -0.624858 -0.771711 0.368035 0.694211 -0.618563 0.922245 -0.357244 0.147787
-1.730833 -18.611854 -2.136478 -202.817895 -0.044626 -0.595411 -0.802181 0.518094 0.672764 -0.528174 0.854159 -0.439175 0.278456
0.137882 -10.909558 -29.722637 -144.245395 -0.455867 0.882206 0.117892 0.816126 0.361471 0.450862 -0.355138 -0.301748 0.884774
0.782297 -11.880386 26.315142 -21.488368 0.434755 -0.893357 -0.113587 0.894853 0.414391 0.165886 -0.101125 -0.173764 0.979581
0.388911 -35.680558 29.376158 -830.586004 0.897908 0.416771 -0.141641 -0.005232 -0.311651 -0.950182 0.440152 -0.853917 0.277654
0.196104 -23.801506 20.782721 -30.492606 0.900922 0.412167 -0.135857 -0.193979 0.102413 -0.975645 0.388215 -0.905334 -0.172218
-0.537482 -43.841513 47.599767 -1050.047885 0.916093 0.391804 -0.085227 -0.148951 0.135189 -0.979560 0.372274 -0.910062 -0.182205
2.984959 -3869.119911 2511.889284 -412653.098905 0.659712 -0.058447 -0.749242 0.534115 -0.664886 0.522157 0.528679 0.744655 0.407416
-1.631782 -4.541770 -13.337365 -10.438963 0.008935 -0.270585 0.962655 -0.597555 0.770452 0.222107 -0.801778 -0.577224 -0.154805
-1.259962 -4.738970 8.693240 -1.550752 0.029617 -0.231650 0.972348 -0.503056 0.837145 0.214762 -0.863746 -0.495506 -0.091739
-1.281263 -12.059238 24.764139 -17.981981 0.862198 -0.321027 0.391863 0.184188 -0.521947 -0.832854 -0.471900 -0.790261 0.390893
0.562582 -17.091648 32.379574 122.558115 0.612252 -0.498291 0.613884 0.495008 -0.363856 -0.789035 -0.616534 -0.786966 -0.023886
0.645842 -29.346126 -0.152031 -644.172486 0.590082 -0.527355 0.611310 -0.296096 0.563064 0.771548 -0.751086 -0.636283 0.176106
0.141633 -15.922574 -7.320231 74.331420 -0.596251 0.525595 -0.606823 -0.337177 0.522028 0.783453 -0.728558 -0.671741 0.134041
0.121294 -14.202928 -33.615906 53.089081 -0.597257 0.469855 -0.650015 0.600297 -0.275603 -0.750790 -0.531909 -0.838617 -0.117447
-3.891196 -58.575563 41.483041 1726.597286 -0.488122 0.099899 0.867039 0.155731 0.987455 -0.026100 -0.858770 0.122285 -0.497555
-5.051838 -8.519966 -6.013529 -43.892431 0.889543 -0.172182 -0.423162 0.069540 -0.864433 0.497915 0.451527 0.472344 0.756977
-4.675462 -7.599042 26.033135 -38.119714 0.921418 -0.305087 -0.240647 -0.080332 -0.755493 0.650213 0.380178 0.579787 0.720633
-6.754300 -8.696360 -30.310932 -36.000618 0.753908 -0.314432 -0.576849 0.250308 0.949280 -0.190300 0.607428 -0.000921 0.794374
-7.851516 -8.987939 -151.735672 -8.996256 0.806080 0.041162 -0.590374 -0.148334 0.979787 -0.134219 0.572916 0.195764 0.795892
1.944752 -10.468628 104.475614 0.900169 0.016681 -0.196361 -0.980390 -0.097853 0.975499 -0.197047 0.995061 0.099221 -0.002942
4.401034 -8.380259 121.798597 2.819024 0.083395 -0.258133 -0.962503 -0.012125 0.965533 -0.259996 0.996443 0.033353 0.077391
5.124655 -6.764403 93.646604 -31.496420 0.145718 -0.117887 -0.982277 -0.179003 0.973346 -0.143370 0.972998 0.196722 0.120732
-0.770224 -6.693668 4.347742 19.516736 -0.562770 0.144917 0.813811 0.730179 0.548630 0.407240 -0.387465 0.823410 -0.414568
-0.803093 -5.862164 2.960403 51.357789 -0.588103 0.129134 0.798411 0.759830 0.426450 0.490711 -0.277115 0.895245 -0.348916
-0.705563 -6.047378 4.590293 33.535812 -0.581248 0.154839 0.798859 0.754805 0.469365 0.458219 -0.304006 0.869322 -0.389691
-0.826861 -6.255375 -14.100974 48.723313 -0.573005 0.138340 0.807791 0.760935 0.455865 0.461698 -0.304372 0.879232 -0.366480
-0.663939 -6.616968 9.410930 8.669084 -0.547057 0.172732 0.819080 0.716834 0.601973 0.351820 -0.432294 0.779610 -0.453134
-0.695277 -6.872325 2.164496 -6.499098 -0.527329 0.181990 0.829942 0.675099 0.682850 0.279208 -0.515913 0.707528 -0.482948
-0.925903 -7.163590 -17.084492 7.366683 -0.547831 0.173694 0.818359 0.703481 0.625055 0.338262 -0.452765 0.761011 -0.464615
1.742715 -5.050894 -2.080814 -75.500268 0.993474 -0.011164 -0.113511 -0.005863 0.988884 -0.148575 -0.113908 -0.148271 -0.982365
5.741723 0.915180 -343.249858 32.420370 0.484742 0.824404 -0.292205 0.872342 -0.479974 0.092976 -0.063601 -0.299972 -0.951826
1.372724 -4.746889 17.332888 -93.907167 0.992462 0.096798 -0.075156 -0.107501 0.982096 -0.154697 -0.058836 -0.161610 -0.985099
2.249217 -4.529265 -28.737538 -128.473178 0.983949 -0.039039 -0.174128 -0.015597 0.953230 -0.301844 -0.177768 -0.299715 -0.937320
0.420272 -6.572540 -32.000888 -13.796125 -0.999000 0.013468 0.042632 0.014237 0.999740 0.017790 -0.042382 0.018379 -0.998932
1.115699 -7.300504 -7.008577 -10.921239 -0.986002 0.132239 0.101548 0.135077 0.990600 0.021569 -0.097741 0.034984 -0.994597
1.936880 -6.773817 15.076263 -23.022212 -0.979102 0.137286 0.150042 0.110713 0.978678 -0.173011 -0.170594 -0.152784 -0.973424
0.342684 -25.757523 -1.270987 108.660174 -0.305231 0.197794 0.931510 0.013594 0.978997 -0.203423 -0.952181 -0.049428 -0.301509
0.811557 -23.386400 11.655592 77.003789 -0.284141 0.151980 0.946660 -0.202599 0.955544 -0.214217 -0.937133 -0.252660 -0.240718
0.383792 -23.765411 11.820187 63.460456 -0.285902 0.235367 0.928904 0.302014 0.942095 -0.145754 -0.909422 0.238870 -0.340431
0.551428 -24.208386 12.796181 -3.364830 -0.286584 0.277634 0.916945 0.507075 0.855999 -0.100698 -0.812862 0.436102 -0.386097
12.248186 -137.072078 1021.285030 3216.350678 0.368660 -0.480720 0.795612 0.924608 0.277900 -0.260521 -0.095863 0.831673 0.546928
2.350880 -40.574364 92.330519 513.178708 0.366264 -0.200217 0.908715 0.857875 -0.305603 -0.413106 0.360417 0.930871 0.059830
1.405748 -24.329261 46.071157 561.701888 0.333765 -0.344256 0.877547 0.736665 -0.485584 -0.470674 0.588155 0.803552 0.091531
-6.768250 -403.354015 -6.792831 16304.563597 0.550551 -0.482835 0.681002 0.725498 -0.126818 -0.676439 0.412972 0.866480 0.280476
-2.083263 -1756.472726 48.987669 -400889.981204 0.825309 -0.362353 0.433087 0.236664 0.918310 0.317329 -0.512693 -0.159399 0.843645
0.883371 -2.937203 47.508203 -17.541572 -0.066537 0.205603 0.976371 0.994915 -0.060478 0.080537 0.075608 0.976765 -0.200534
-5.383322 -141.784552 -26.630158 -6672.218359 0.991269 -0.086115 0.099850 -0.086385 0.147967 0.985212 0.099616 0.985236 -0.139236
1.373372 -5.264789 -24.341673 12.672852 -0.436830 0.229621 0.869743 0.860724 0.387666 0.329952 -0.261406 0.892742 -0.366985
1.166867 -5.001643 -22.585364 7.862904 -0.416154 0.230439 0.879610 0.896965 0.262791 0.355520 -0.149228 0.936930 -0.316058
-3.278526 -4.769300 -20.692635 -55.108031 -0.314792 0.198077 0.928263 -0.223181 0.935116 -0.275225 -0.922549 -0.293809 -0.250160
-1.823843 -3.362454 -101.059916 -2.191821 -0.472944 0.836391 0.277081 -0.013485 -0.321309 0.946878 -0.880989 -0.444084 -0.163240
-3.311299 -4.246322 -30.166034 -73.027568 -0.318937 0.309302 0.895886 -0.291700 0.867334 -0.403290 -0.901771 -0.389953 -0.186401
-2.629594 -4.068250 12.781193 31.396981 0.984287 0.169432 0.049711 -0.100417 0.305544 0.946868 -0.145241 0.936982 -0.317757
-2.967851 -4.294500 10.277902 18.375028 0.978535 0.201330 -0.044000 -0.039392 0.392302 0.918993 -0.202282 0.897533 -0.391812
-0.887855 -5.810766 14.645260 -18.501039 0.972255 -0.036704 -0.231028 -0.211083 0.288006 -0.934075 -0.100822 -0.956925 -0.272268
-0.968297 -6.042839 27.875687 -8.265434 0.984337 -0.032007 -0.173365 -0.145125 0.411213 -0.899913 -0.100094 -0.910977 -0.400127
-0.858653 -6.147417 24.117568 -9.449434 0.978721 -0.012310 -0.204827 -0.189457 0.329188 -0.925063 -0.078814 -0.944184 -0.319851
-0.885074 -5.816415 21.081315 -5.354415 0.967600 -0.009204 -0.252320 -0.245650 0.196673 -0.949197 -0.058361 -0.980426 -0.188040
-1.056080 -5.543904 7.860317 -1.782903 0.961189 -0.055386 -0.270274 -0.254022 0.204581 -0.945314 -0.107650 -0.977281 -0.182572
0.504488 -12.137386 52.952660 -91.295863 -0.141538 0.975327 0.169423 0.930173 0.072468 0.359898 -0.338740 -0.208532 0.917480
-0.212512 -5.939916 -0.338435 14.992689 -0.394240 -0.285503 0.873535 -0.520767 0.852584 0.043625 -0.757217 -0.437709 -0.484803
0.610905 -9.812075 -0.478779 -9.762699 0.244964 0.349124 -0.904492 0.942853 0.131566 0.306136 0.225880 -0.927795 -0.296943
0.443788 -9.597317 -20.552435 -15.893627 0.241286 0.312145 -0.918883 0.950389 0.115542 0.288809 0.196320 -0.942982 -0.268780
-0.335547 -18.015428 1.151821 88.301187 -0.736397 0.491620 -0.464790 0.482985 0.863085 0.147682 0.473756 -0.115734 -0.873018
-0.316601 -17.841780 -7.296272 -98.116411 0.731404 -0.498710 0.465120 0.618857 0.771911 -0.145498 0.286470 -0.394261 -0.873209
-0.470756 -16.997148 -16.691480 -174.743200 0.732975 -0.499101 0.462219 0.656447 0.697151 -0.288198 0.178396 -0.514664 -0.838627
1.209050 -16.824432 -18.194394 178.287108 0.691421 -0.345116 0.634691 -0.351767 0.606528 0.713011 0.631029 0.716254 -0.297965
1.257719 -15.348342 -18.237684 10.949770 0.673476 -0.314647 0.668900 -0.503790 0.466819 0.726826 0.540949 0.826485 -0.155876
1.006526 -17.532210 -14.266327 -110.619395 0.707905 -0.320472 0.629419 -0.472767 0.447076 0.759351 0.524749 0.835117 -0.164979
