19087
38160
-5.836651 -7.439246 -84.526150 -129.745265 -0.580405 0.754215 -0.307067 0.075605 -0.325543 -0.942500 0.810811 0.570247 -0.131924
-7.246878 -9.398790 -76.446411 -166.457313 -0.512713 0.837214 0.190257 -0.308572 0.027102 -0.950815 0.801192 0.546203 -0.244445
-5.578592 -10.279512 153.004572 -364.465010 -0.442986 0.666383 0.599748 -0.449709 0.413554 -0.791666 0.775581 0.620409 -0.116480
-5.559088 -8.731204 11.733547 -92.412936 -0.552838 0.747764 -0.367722 0.003707 -0.439079 -0.898441 0.833281 0.498055 -0.239968
-4.848488 -6.405857 -64.864601 -157.256137 -0.619137 0.784797 -0.027608 -0.024611 -0.054531 -0.998209 0.784897 0.617349 -0.053077
-3.600930 -6.208522 -5.268460 -95.904122 -0.535309 0.656925 -0.530936 0.280432 -0.454702 -0.845342 0.796745 0.601411 -0.059183
-4.740686 -7.339558 -1.629478 61.793118 -0.456408 0.577701 -0.676723 -0.280530 0.628339 0.725598 0.844390 0.521010 -0.124716
9.215235 -9.030174 7.324603 157.116704 -0.659625 0.741270 0.124149 0.706998 0.668014 -0.232187 0.255046 0.065383 0.964716
8.232572 -9.392812 -154.977988 154.719010 0.670056 -0.740976 0.044487 0.727674 0.643822 -0.236609 0.146680 0.190913 0.970586
8.002497 -8.307737 36.278515 -18.595959 -0.669779 0.740407 0.056515 0.697558 0.653455 -0.293953 0.254575 0.157461 0.954148
6.974548 -8.068070 -22.560744 -125.117638 -0.676074 0.720156 0.155885 0.644839 0.680637 -0.347729 0.356520 0.134569 0.924546
8.160820 -8.141422 -23.461162 -55.625426 -0.667155 0.721395 0.185725 0.670289 0.690131 -0.272822 0.324987 0.057525 0.943967
-6.723435 -29.668106 -482.723180 1643.240176 0.733371 -0.631712 0.251210 -0.615549 -0.460186 0.639788 0.288559 0.623834 0.726337
-3.406097 -27.045951 -147.455854 -1655.822526 0.655347 -0.694619 0.296690 0.694055 0.398810 -0.599365 0.298007 0.598711 0.743463
13.011344 -569.133261 -277.363405 -41167.522431 0.654212 -0.731956 0.190386 0.752988 0.653936 -0.073333 -0.070824 0.191334 0.978966
-16.588526 -189.615870 -254.529652 11834.538751 -0.640167 0.720384 -0.266896 0.175246 -0.201318 -0.963722 0.747981 0.663715 -0.002632
-21.970387 -144.479977 -863.298638 -12644.078962 0.807548 -0.584675 0.077601 0.581014 0.811228 0.065823 -0.101437 -0.008068 0.994809
-39.215779 -891.630297 -4861.856505 -71959.373915 0.800246 -0.496301 0.336587 -0.220382 0.278609 0.934777 0.557707 0.822230 -0.113580
1.862035 -6.465851 -253.063947 36.500797 0.816349 -0.553425 -0.165214 -0.047655 -0.349623 0.935678 0.575590 0.755966 0.311788
3.966206 -6.336176 -97.517090 65.711030 0.754456 -0.641669 -0.138050 -0.054322 -0.270653 0.961143 0.654099 0.717641 0.239052
4.036680 -5.576268 26.854126 -44.877931 -0.731798 0.657135 0.180678 0.078130 0.344253 -0.935620 0.677028 0.670569 0.303266
3.422533 -5.471960 -102.151921 7.487880 0.764679 -0.603930 -0.224800 -0.072906 -0.427683 0.900984 0.640274 0.672574 0.371071
-0.030017 -5.574397 16.797360 -59.776046 -0.372828 0.903471 0.211516 0.849167 0.424102 -0.314728 0.374052 -0.062273 0.925315
-0.215982 -6.026302 36.665054 -40.171668 -0.451324 0.865581 0.216973 0.790501 0.500619 -0.352829 0.414022 -0.012277 0.910184
0.504350 -5.166818 14.005426 -16.342465 -0.453122 0.857232 0.244610 0.818134 0.508868 -0.267788 0.354031 -0.078783 0.931909
0.113185 -5.288351 29.758782 -16.815180 -0.424322 0.876271 0.228255 0.846176 0.473460 -0.244588 0.322394 -0.089360 0.942378
-0.639464 -5.868439 16.797391 -43.043808 -0.333392 0.918807 0.211292 0.866754 0.386882 -0.314738 0.370929 -0.078207 0.925362
-0.721928 -6.336016 5.369067 -80.343238 -0.311166 0.929498 0.198012 0.845788 0.365864 -0.388311 0.433380 -0.046647 0.900003
5.840844 -9.913103 -89.950121 30.632472 -0.213305 0.366953 0.905454 0.961533 -0.085333 0.261098 0.173076 0.926317 -0.334636
6.050099 -9.591946 -236.158728 15.589976 -0.254939 0.475490 0.841971 0.959085 0.013459 0.282799 0.123136 0.879618 -0.459467
4.870547 -9.452139 -222.713633 36.785139 -0.213605 0.469412 0.856753 0.935203 -0.155290 0.318247 0.282434 0.869217 -0.405825
5.303115 -9.858072 -115.062426 37.139971 -0.176570 0.348679 0.920460 0.931541 -0.242823 0.270680 0.317890 0.905240 -0.281934
5.202791 -10.267143 147.299327 48.610522 -0.197451 0.232858 0.952255 0.947567 -0.203630 0.246274 0.251255 0.950953 -0.180441
0.477635 -4.561848 27.882513 2.905381 -0.642903 0.757586 0.112867 0.504693 0.529837 -0.681585 0.576160 0.381230 0.722982
0.559550 -4.802732 -7.995372 13.966914 -0.614175 0.782542 0.102067 0.525847 0.502245 -0.686466 0.588451 0.367939 0.719963
0.366567 -5.130586 -4.040470 38.028194 -0.602437 0.793225 0.088678 0.569669 0.505130 -0.648322 0.559059 0.340056 0.756185
0.052154 -4.800484 41.656644 23.460180 -0.634637 0.767044 0.094228 0.549988 0.533941 -0.642200 0.542908 0.355739 0.760724
0.202654 -4.385137 41.612005 -3.769175 -0.679237 0.717548 0.154150 0.450858 0.573690 -0.683818 0.579107 0.394975 0.713183
0.434111 -10.629319 20.654993 27.118039 -0.501194 0.798430 0.333638 0.240549 -0.241811 0.940034 -0.831228 -0.551396 0.070867
-0.024304 -10.372289 30.676788 -13.514693 -0.487070 0.800726 0.348713 0.309942 -0.214811 0.926171 -0.816516 -0.559191 0.143550
0.132693 -10.704174 20.623817 -51.680030 -0.501414 0.800705 0.327804 0.363627 -0.148765 0.919589 -0.785085 -0.580294 0.216565
0.306370 -10.701625 34.854715 62.599001 -0.483258 0.800261 0.355027 0.205492 -0.290509 0.934547 -0.851020 -0.524582 0.024056
0.608139 -10.421417 8.197008 48.708307 -0.520742 0.794156 0.313279 0.288070 -0.181982 0.940159 -0.803644 -0.579826 0.134007
0.689296 -11.099312 13.029274 90.814755 -0.508254 0.793224 0.335369 0.128422 -0.315256 0.940277 -0.851578 -0.520969 -0.058363
0.746466 -10.925909 -0.909291 96.125879 -0.526179 0.788256 0.319042 0.157638 -0.278261 0.947481 -0.835635 -0.548838 -0.022156
1.734571 -8.882075 -27.141982 79.280186 0.679520 -0.519494 -0.518052 0.307877 0.842857 -0.441367 0.665931 0.140422 0.732678
1.961616 -11.349630 -14.548866 187.588500 0.670876 -0.539277 -0.509024 0.411940 0.841776 -0.348883 0.616628 0.024370 0.786877
2.026236 -10.536695 -14.731348 238.394076 0.673689 -0.560905 -0.481174 0.399411 0.824168 -0.401520 0.621783 0.078314 0.779264
1.767926 -7.627614 -12.135338 141.020497 0.665089 -0.569811 -0.482671 0.346315 0.807994 -0.476668 0.661606 0.149870 0.734722
1.280721 -7.185488 -48.976073 -30.848838 0.705448 -0.437588 -0.557548 0.177037 0.870507 -0.459213 0.686296 0.225244 0.691566
1.487697 -9.532463 -18.019841 -102.711541 0.687853 -0.403440 -0.603402 0.130178 0.886393 -0.444253 0.714081 0.227031 0.662228
-0.190505 -14.312410 -6.532555 111.269049 -0.659327 0.714430 0.234259 0.640471 0.696888 -0.322713 0.393808 0.062738 0.917049
-0.338380 -16.059465 -30.418159 182.743120 -0.648324 0.722299 0.240750 0.708891 0.688026 -0.155221 0.277758 -0.070032 0.958095
-0.182774 -14.107621 -20.666617 165.896326 -0.654469 0.716545 0.241316 0.656502 0.696872 -0.288747 0.375066 0.030552 0.926494
-0.097728 -12.860049 -12.327824 46.040313 -0.668890 0.700651 0.248344 0.569369 0.697678 -0.434815 0.477918 0.149444 0.865599
-0.338885 -12.651789 -21.228488 79.651505 0.680079 -0.692668 -0.240217 0.564668 0.703862 -0.430962 0.467593 0.157445 0.869809
-0.259068 -14.296622 23.758334 173.336397 -0.659702 0.716429 0.226984 0.665601 0.697229 -0.266171 0.348953 0.024513 0.936820
2.159382 -11.229400 11.902958 144.036539 -0.633426 0.710146 0.307350 0.729004 0.680848 -0.070703 0.259468 -0.179275 0.948966
2.220869 -9.793449 -53.043700 225.606112 0.677157 -0.679223 -0.283044 0.655194 0.731637 -0.188223 0.334931 -0.057992 0.940456
2.133246 -10.468417 10.838573 206.201462 0.678641 -0.648053 -0.345649 0.621052 0.757562 -0.200981 0.392097 -0.078272 0.916588
1.817607 -10.339400 46.140685 216.329146 -0.650114 0.711118 0.267699 0.709348 0.694284 -0.121635 0.272356 -0.110815 0.955794
2.063199 -11.987493 42.770856 188.899063 0.641502 -0.675408 -0.363729 0.682285 0.719084 -0.131932 0.350660 -0.163532 0.922114
2.282239 -12.101680 30.196078 -112.943132 0.608280 -0.705693 -0.363307 0.779951 0.616329 0.108695 0.147211 -0.349479 0.925307
2.170202 -11.876751 -21.373745 -145.334841 0.603197 -0.740059 -0.297431 0.797416 0.567394 0.205406 0.016748 -0.361077 0.932386
2.777895 -8.810290 -53.651472 -19.583690 -0.671162 0.476537 0.567850 0.673906 0.711360 0.199544 -0.308855 0.516604 -0.798579
6.087581 -8.523782 -198.753832 -53.131766 -0.635828 0.480826 0.603762 0.655660 0.749203 0.093830 -0.407225 0.455523 -0.791623
2.575447 -8.111905 -55.043466 -49.610268 -0.689756 0.460866 0.558426 0.601426 0.794124 0.087481 -0.403142 0.396193 -0.824929
-0.601994 -3.833680 -70.138744 11.700934 0.050737 0.782277 0.620861 -0.314820 0.602495 -0.733409 0.947794 0.158248 -0.276845
0.301832 -3.768967 -152.478100 -1.787791 0.076979 0.816965 0.571527 -0.253319 0.570443 -0.781296 0.964315 0.084636 -0.250865
2.584528 -4.102252 -315.746366 -23.455145 0.053401 0.870913 0.488527 -0.313460 0.479116 -0.819872 0.948099 0.109352 -0.298582
1.405957 -5.876707 35.290143 -27.953125 -0.611185 0.718022 0.333012 0.688660 0.689808 -0.223411 0.390129 -0.092787 0.916073
1.397570 -5.323968 -22.130150 -23.558021 -0.582766 0.735250 0.346110 0.740762 0.655759 -0.145779 0.334149 -0.171430 0.926799
1.392636 -5.242514 12.449942 -28.161976 -0.577669 0.751443 0.318799 0.745157 0.644896 -0.169853 0.333227 -0.139436 0.932479
1.471585 -4.639921 -6.719062 -36.309939 -0.543465 0.775656 0.320942 0.796852 0.596925 -0.093311 0.263955 -0.205032 0.942491
1.297792 -5.799884 46.459549 -35.525738 -0.607678 0.728377 0.316536 0.690770 0.681418 -0.241881 0.391873 -0.071668 0.917224
1.305688 -4.716445 15.252478 -25.885329 -0.529850 0.798159 0.286707 0.802085 0.581435 -0.136354 0.275534 -0.157717 0.948265
-0.860506 -15.331500 2.725020 -45.757679 0.596633 -0.754721 -0.272809 0.796478 0.515266 0.316424 -0.098242 -0.406075 0.908543
-0.706791 -14.473445 -13.305307 -18.823382 0.570082 -0.773407 -0.277216 0.777430 0.398677 0.486476 -0.265724 -0.492847 0.828548
-1.014988 -14.924191 -9.938910 -3.850564 0.588285 -0.760387 -0.275195 0.794803 0.480981 0.370062 -0.149026 -0.436428 0.887311
-0.995882 -15.257376 -4.158270 -21.762652 0.617823 -0.740222 -0.265267 0.786003 0.590909 0.181730 0.022229 -0.320778 0.946894
-1.151338 -14.128887 -5.802907 -2.663598 0.590659 -0.749559 -0.298803 0.802890 0.508959 0.310368 -0.080561 -0.423228 0.902435
-1.088367 -14.495271 -8.110843 -13.508230 0.607352 -0.742487 -0.282554 0.794433 0.567736 0.215758 0.000218 -0.355511 0.934672
-1.339024 -13.899065 -22.870213 26.380487 0.579923 -0.760405 -0.292357 0.782987 0.421133 0.457798 -0.224991 -0.494400 0.839612
1.116214 -11.442478 -14.191607 42.510542 -0.543177 0.751605 0.374231 -0.301542 -0.590607 0.748502 -0.783602 -0.293723 -0.547444
1.027928 -11.002147 -6.176293 24.156499 -0.545059 0.738232 0.397396 -0.409369 -0.647993 0.642279 -0.731661 -0.187399 -0.655404
1.127814 -10.834129 3.751866 69.177138 -0.525089 0.755435 0.391918 -0.319658 -0.601862 0.731834 -0.788733 -0.258998 -0.557513
-1.420460 -17.774715 46.945857 14.672271 0.126064 -0.966136 -0.225143 0.961697 0.063334 0.266699 -0.243408 -0.250140 0.937114
-1.153352 -18.404186 -49.564957 -40.056509 -0.118439 0.966633 0.227143 0.903202 0.009835 0.429102 -0.412550 -0.255978 0.874230
-1.184129 -17.801503 28.114073 80.902571 0.139293 -0.963068 -0.230428 0.983949 0.108396 0.141756 -0.111543 -0.246475 0.962709
-1.433155 -18.018009 -12.825646 -63.522679 -0.106012 0.975587 0.192330 0.907013 0.015600 0.420814 -0.407541 -0.219057 0.886524
-1.596456 -17.956775 14.539216 -14.312693 -0.123154 0.979231 0.161058 0.963824 0.079366 0.254448 -0.236381 -0.186568 0.953581
-1.512694 -22.691592 -10.117924 245.039826 -0.049656 0.973647 0.222590 0.539531 -0.161400 0.826351 -0.840500 -0.161128 0.517298
-1.534147 -20.739916 7.450944 83.240508 -0.070882 0.982130 0.174344 0.718324 -0.071012 0.692075 -0.692088 -0.174291 0.700455
-1.417764 -22.979160 6.764801 153.328230 -0.045200 0.980538 0.191055 0.700038 -0.105349 0.706292 -0.712674 -0.165670 0.681652
-1.281370 -26.006564 11.294190 297.273750 -0.013600 0.971794 0.235437 0.477425 -0.200574 0.855474 -0.878567 -0.124038 0.461231
-1.454006 -25.395935 -23.638351 299.309920 -0.030638 0.965183 0.259774 0.305058 -0.238466 0.921994 -0.951841 -0.107494 0.287131
1.592893 -2.324932 17.274718 13.520475 0.489236 -0.525052 -0.696397 -0.395223 0.578321 -0.713683 0.777461 0.624392 0.075423
1.456037 -2.671229 25.513445 29.604206 0.465475 -0.507398 -0.725176 -0.386093 0.620870 -0.682241 0.796408 0.597551 0.093097
1.933471 -2.707609 42.352219 12.202832 0.501372 -0.518811 -0.692431 -0.367543 0.596784 -0.713275 0.783287 0.612114 0.108526
1.832094 -2.477264 27.006323 -4.571715 0.521570 -0.534326 -0.665177 -0.374978 0.556736 -0.741240 0.766391 0.636036 0.090016
1.535796 -2.211851 -3.068743 11.236782 -0.525381 0.556053 0.644034 -0.389123 0.516104 -0.763033 0.756675 0.651492 0.054778
-1.488300 -78.998667 -309.483093 -4056.754091 -0.461316 0.849101 0.257322 -0.414504 -0.462686 0.783651 -0.784458 -0.254850 -0.565400
30.721856 -552.319976 522.681154 -34313.434368 -0.499412 0.830966 0.245117 -0.121201 -0.347155 0.929943 -0.857845 -0.434716 -0.274088
3.120255 -157.414130 -128.900679 -7915.710291 -0.426444 0.826269 0.368001 -0.431498 -0.543407 0.720082 -0.794956 -0.148283 -0.588267
1.864335 -6.061871 83.062331 -40.280143 -0.598599 0.801039 0.004114 0.747185 0.556489 0.363367 -0.288781 -0.220585 0.931637
2.149058 -5.626004 82.215085 -23.757302 -0.614003 0.789213 0.011983 0.716161 0.550658 0.428822 -0.331834 -0.271880 0.903309
1.370760 -5.903166 54.987264 -35.286655 -0.614818 0.788609 -0.009786 0.713932 0.561785 0.417969 -0.335112 -0.249988 0.908409
1.709690 -5.355445 61.660343 -15.645470 -0.626801 0.779179 0.000045 0.682762 0.549212 0.481874 -0.375442 -0.302070 0.876240
1.108811 -6.513957 53.208399 -57.024115 -0.583448 0.812147 -0.002502 0.765357 0.550859 0.332841 -0.271694 -0.192280 0.942980
0.785491 -6.221169 36.454275 -33.177485 -0.603127 0.797357 -0.021449 0.722038 0.557188 0.410125 -0.338967 -0.231870 0.911777
1.168671 -5.559468 41.891454 -21.466091 -0.626161 0.779378 -0.022196 0.674925 0.556057 0.485053 -0.390382 -0.288741 0.874203
-2.859499 -5.209499 86.114453 -84.067049 -0.669897 0.664863 -0.330447 -0.009995 0.436958 0.899426 -0.742387 -0.605826 0.286071
-2.304011 -5.218022 116.454397 -68.334509 -0.643097 0.691352 -0.329332 0.050181 0.467179 0.882738 -0.764139 -0.551159 0.335134
-1.463928 -4.444740 -70.825546 -43.164833 0.639340 -0.567751 0.518559 -0.139954 0.577208 0.804515 -0.756080 -0.586933 0.289573
-0.619092 -3.696688 -50.761589 -13.791731 0.592221 -0.441193 0.674257 -0.292420 0.662058 0.690051 -0.750843 -0.605829 0.263071
-1.063240 -3.865185 -88.004280 -11.924657 0.586653 -0.407978 0.699566 -0.350439 0.650879 0.673460 -0.730090 -0.640242 0.238869
-2.102706 -7.904461 84.240489 49.769729 0.022325 0.932084 0.361554 0.897041 -0.178339 0.404368 -0.441384 -0.315301 0.840098
-2.952222 -8.097917 62.007103 47.542517 -0.045080 0.931127 0.361899 0.864034 -0.145488 0.481953 -0.501411 -0.334419 0.797966
-2.579734 -7.495075 52.956556 35.773622 -0.080313 0.932152 0.353048 0.907841 -0.077835 0.412028 -0.411552 -0.353603 0.839994
-3.268683 -7.850737 7.235789 24.279007 -0.134864 0.920548 0.366611 0.857867 -0.076679 0.508119 -0.495859 -0.383030 0.779366
-1.691885 -6.988015 -65.562872 43.811422 0.019803 -0.935294 -0.353317 0.946201 -0.096624 0.308815 -0.322972 -0.340425 0.883063
-2.689930 -7.312079 -20.576412 27.509019 0.182290 -0.922461 -0.340346 0.904665 0.021758 0.425567 -0.385163 -0.385476 0.838485
-2.026307 -6.705508 -48.715486 34.095033 0.114871 -0.933996 -0.338313 0.948357 0.001741 0.317200 -0.295674 -0.357279 0.885962
-0.889753 -6.849442 15.703411 101.174142 -0.620731 0.752459 0.220223 0.703696 0.658554 -0.266680 0.345695 0.010567 0.938288
-0.909415 -7.413104 16.204597 -61.953639 -0.623544 0.751898 0.214107 0.693564 0.658413 -0.292339 0.360780 0.033789 0.932039
-0.814491 -6.805436 17.296029 117.410218 -0.634439 0.741320 0.218935 0.697555 0.671120 -0.251026 0.333022 0.006541 0.942896
-2.390210 -14.550621 16.766638 37.013397 0.651124 -0.565476 -0.506235 0.748666 0.588079 0.306043 0.124646 -0.578273 0.806265
-2.669227 -14.502708 55.914563 -8.413809 0.668345 -0.557576 -0.492366 0.743368 0.476794 0.469118 -0.026812 -0.679542 0.733147
-2.423794 -14.660156 23.411448 -16.986889 0.672113 -0.549595 -0.496195 0.737921 0.441853 0.510135 -0.061122 -0.709021 0.702533
3.012878 -4.079800 55.847114 22.925776 0.530180 -0.615461 -0.583196 -0.105339 0.634683 -0.765559 0.841316 0.467317 0.271664
2.277417 -4.841989 90.127113 17.946452 0.488549 -0.627333 -0.606444 -0.087268 0.656419 -0.749332 0.868162 0.419008 0.265946
3.262098 -4.751907 -90.876315 28.508157 -0.518853 0.649291 0.556069 -0.029068 0.636701 -0.770562 0.854369 0.415973 0.311481
2.655244 -5.432456 -105.357732 34.145207 -0.492667 0.674160 0.550262 0.019043 0.640527 -0.767700 0.870010 0.367741 0.328404
4.051708 -4.309689 -40.812883 36.955682 -0.568120 0.653057 0.500756 -0.004551 0.605989 -0.795460 0.822933 0.454196 0.341302
3.928764 -5.147869 -96.936671 46.549686 -0.528291 0.692374 0.491455 0.067103 0.611056 -0.788738 0.846408 0.383705 0.369275
1.221469 -21.456515 -59.758690 533.726211 -0.514083 0.778802 0.359426 0.651620 0.627096 -0.426782 0.557773 -0.014808 0.829861
2.593738 -20.591988 -58.509259 179.163712 -0.517618 0.794212 0.318276 0.603581 0.602597 -0.522079 0.606434 0.078132 0.791286
2.328420 -15.840198 19.574667 90.929319 -0.469344 0.830626 0.299629 0.610357 0.550382 -0.569687 0.638107 0.084498 0.765297
0.373113 -20.340188 -18.080276 582.093552 -0.494295 0.794868 0.351934 0.652690 0.606758 -0.453697 0.574168 -0.005444 0.818720
0.335101 -19.933538 -87.709140 380.496631 -0.520519 0.762562 0.384133 0.745865 0.625067 -0.230169 0.415627 -0.166704 0.894128
-7.452690 -64.958434 34.616405 2840.697348 0.550017 0.767821 -0.328531 -0.136215 -0.305634 -0.942355 0.823970 -0.563062 0.063515
-3.323285 -40.828841 -56.759999 1733.088325 0.589242 0.797848 -0.127403 0.066686 -0.205173 -0.976451 0.805200 -0.566870 0.174101
-1.416226 -30.203898 -30.679670 1335.663765 0.515825 0.851300 -0.095986 -0.060290 -0.075692 -0.995307 0.854570 -0.519191 -0.012281
-2.548273 -13.739578 9.702529 -70.903058 0.390492 0.910564 -0.135605 -0.861656 0.413363 0.294413 -0.324137 -0.001879 -0.946008
0.328542 -13.721150 -171.758309 378.803510 -0.009160 0.999810 -0.017219 -0.973411 -0.004974 0.229011 -0.228882 -0.018859 -0.973271
-2.135423 -9.554673 -157.112049 207.797804 0.088803 0.993790 -0.067046 -0.937090 0.106172 0.332549 -0.337603 -0.033297 -0.940700
-1.165720 -16.919831 6.004767 -104.351192 0.330816 0.940879 -0.072853 -0.927234 0.338432 0.160314 -0.175492 -0.014517 -0.984374
-3.382849 -11.926939 52.694719 -541.158610 0.629421 0.731117 -0.263245 -0.661617 0.681893 0.311906 -0.407545 0.022153 -0.912916
-4.718984 -8.529805 1.092116 -26.138921 0.173586 0.522954 -0.834498 0.932720 0.184654 0.309735 0.316071 -0.832119 -0.455716
-5.602897 -8.239453 82.350698 -9.320812 0.205342 0.497412 -0.842862 0.949860 0.106204 0.294085 0.235797 -0.860989 -0.450663
-4.743076 -8.266440 -31.491136 23.541670 0.209908 0.515937 -0.830510 0.957109 0.065066 0.282326 0.199700 -0.854152 -0.480150
-4.076274 -8.684304 21.415022 -10.972090 0.180900 0.591373 -0.785845 0.950545 0.099985 0.294055 0.252468 -0.800176 -0.544039
-1.482413 -5.982708 53.069900 -88.541686 -0.218264 0.950947 0.219226 -0.824390 -0.299885 0.480052 -0.522247 0.075950 -0.849406
-1.780635 -5.939419 60.284706 -114.787841 -0.193945 0.963180 0.186199 -0.838994 -0.261217 0.477341 -0.508403 0.063643 -0.858764
-1.599316 -7.409009 53.062823 -81.492947 -0.236790 0.946707 0.218350 -0.766016 -0.320160 0.557420 -0.597620 0.035268 -0.801003
-0.996141 -6.936984 40.014643 -84.601310 -0.251570 0.937512 0.240382 -0.764679 -0.344783 0.544418 -0.593278 0.046856 -0.803633
-0.968450 -5.833723 24.308041 -84.224906 -0.240412 0.943459 0.228228 -0.817624 -0.323552 0.476241 -0.523157 0.072110 -0.849180
11.306779 -190.198291 357.794974 11924.456603 0.220313 0.856080 -0.467535 -0.756646 0.452480 0.471964 -0.615589 -0.249779 -0.747436
11.567348 -170.835021 872.038561 10783.396272 0.364390 0.824127 -0.433631 -0.819151 0.505147 0.271695 -0.442958 -0.256206 -0.859154
49.690130 -613.998925 3231.504752 41079.187269 0.307220 0.860957 -0.405423 -0.885333 0.414819 0.210025 -0.349000 -0.294411 -0.889675
3.079470 -7.123017 0.305289 -46.766613 -0.349673 0.924555 -0.151416 -0.038120 0.147444 0.988335 -0.936096 -0.351367 0.016313
3.918895 -7.005752 -10.836484 86.496165 -0.359969 0.923588 -0.131935 0.113194 0.183606 0.976461 -0.926072 -0.336562 0.170637
3.119190 -7.211604 -0.868490 -55.134495 -0.388249 0.920267 -0.048700 0.025818 0.063687 0.997636 -0.921193 -0.386074 0.048486
2.502843 -7.562520 -2.807561 6.256250 -0.389414 0.918479 -0.068941 -0.041679 0.057201 0.997492 -0.920119 -0.391311 -0.016007
2.642998 -1.483130 8.476115 6.911412 0.848607 -0.358806 0.388748 0.014097 0.749916 0.661383 0.528836 0.555774 -0.641441
2.368992 -1.167355 -75.561775 4.156955 0.874897 -0.280722 0.394652 -0.040280 0.769877 0.636920 0.482631 0.573136 -0.662256
2.166449 -1.405422 -23.097317 57.110291 0.861811 -0.400203 0.311641 0.085927 0.720707 0.687894 0.499899 0.566056 -0.655501
0.141781 -10.510189 -25.774145 44.854910 0.646497 -0.762468 -0.026173 0.761120 0.642242 0.090677 -0.052329 -0.078543 0.995536
-0.107602 -10.705775 -5.472021 26.951950 0.655897 -0.753596 -0.043505 0.742769 0.634057 0.215095 -0.134510 -0.173394 0.975624
0.027194 -10.369961 -4.274479 17.709031 0.661602 -0.748571 -0.043869 0.746811 0.652520 0.128419 -0.067505 -0.117724 0.990749
-1.119339 -18.227840 -77.162455 -179.953775 -0.625440 0.733133 0.267096 0.726377 0.422051 0.542448 0.284958 0.533281 -0.796499
-1.240098 -15.354712 -40.365738 -167.301348 -0.626359 0.711632 0.318206 0.772166 0.510401 0.378484 0.106929 0.482775 -0.869192
-2.583198 -19.797431 -58.208026 -227.411186 -0.678929 0.679813 0.277327 0.697235 0.478630 0.533645 0.230042 0.555669 -0.798945
-2.247085 -14.190096 40.855201 -54.906354 0.624442 -0.678468 -0.386980 0.777828 0.495058 0.387171 -0.071105 -0.542770 0.836866
-2.362848 -13.249197 3.292545 -54.372381 0.616874 -0.699853 -0.360099 0.741656 0.363727 0.563603 -0.263461 -0.614742 0.743425
-2.360435 -13.013953 17.541553 -48.287502 0.633993 -0.672402 -0.382005 0.748498 0.409346 0.521716 -0.194431 -0.616694 0.762814
-2.376079 -13.610923 1.248242 -60.005773 0.641982 -0.656909 -0.395386 0.761342 0.485204 0.430042 -0.090655 -0.577103 0.811624
-2.131289 -14.607133 10.752474 -57.885205 0.633674 -0.665965 -0.393633 0.771233 0.583615 0.254152 0.060474 -0.464633 0.883436
-2.135778 -15.156981 39.730887 -51.151309 0.627312 -0.679908 -0.379743 0.772658 0.604342 0.194345 0.097358 -0.415326 0.904447
0.409482 -5.407150 -114.471309 -42.496433 -0.256820 0.916859 0.305637 -0.733572 0.020963 -0.679289 0.629219 0.398661 -0.667198
-0.940275 -5.480317 -54.664755 -36.994133 -0.296971 0.904180 0.307030 -0.721671 -0.001968 -0.692233 0.625299 0.427148 -0.653105
0.122122 -4.967077 -99.873568 -62.895125 -0.277597 0.913967 0.295980 -0.679649 0.030910 -0.732886 0.678982 0.404609 -0.612597
-0.249624 -5.630966 -88.200358 -4.659615 -0.265572 0.909675 0.319317 -0.780998 -0.008802 -0.624472 0.565256 0.415228 -0.712791
1.614659 -5.447275 -140.529434 -30.850932 -0.243918 0.914285 0.323398 -0.772565 0.018383 -0.634669 0.586214 0.404653 -0.701861
-0.003193 -8.918687 -340.363718 -32.804605 0.778299 0.192778 0.597567 -0.609834 0.458691 0.646300 0.149507 0.867432 -0.474562
2.971793 -8.402160 -314.076687 -53.647644 0.814706 0.150511 0.560000 -0.547146 0.519377 0.656414 0.192053 0.841186 -0.505491
5.090252 -9.091959 -317.421036 -74.977365 0.833951 0.121144 0.538376 -0.532796 0.430835 0.728361 0.143715 0.894262 -0.423841
1.494005 -9.071128 -394.512240 -49.034097 0.788373 0.188982 0.585451 -0.609503 0.369119 0.701610 0.083509 0.909965 -0.406189
-1.004372 -8.274962 -19.483515 40.936902 -0.754291 0.637587 0.156615 0.286765 0.534538 -0.795006 0.590602 0.554754 0.586035
-0.044424 -8.149521 -47.685677 29.554254 -0.759399 0.625701 0.178360 0.247041 0.530903 -0.810625 0.601900 0.571525 0.557741
-0.844989 -7.563560 -14.409498 43.865135 -0.751314 0.645352 0.138019 0.224412 0.446506 -0.866182 0.620618 0.619801 0.480291
1.582113 -4.866513 -77.712118 -26.444873 -0.340730 0.881585 0.326667 0.911257 0.224184 0.345475 0.231332 0.415391 -0.879736
0.398698 -4.696229 -39.437333 -33.071246 -0.274694 0.895710 0.349639 0.934195 0.162525 0.317593 0.227646 0.413871 -0.881412
1.483406 -5.169288 -69.625806 -21.514192 -0.299745 0.890993 0.341005 0.908728 0.157826 0.386400 0.290460 0.425702 -0.856978
-2.461783 -13.353965 -46.911196 -5.675052 -0.693915 0.629931 0.348811 0.079902 -0.414067 0.906733 -0.715610 -0.657066 -0.236994
-2.740956 -13.150177 -15.170117 -19.532950 0.686725 -0.628868 -0.364602 -0.226010 0.292000 -0.929331 -0.690890 -0.720598 -0.058393
-2.506501 -12.945830 -27.972442 28.226100 -0.682636 0.639461 0.353693 0.189761 -0.312286 0.930843 -0.705691 -0.702543 -0.091833
-2.620439 -13.530411 18.846406 -23.191492 -0.695075 0.624446 0.356284 0.080667 -0.424701 0.901733 -0.714398 -0.655512 -0.244827
-2.463727 -13.193960 -14.680113 -28.850093 -0.698532 0.629070 0.341064 -0.038860 -0.509271 0.859728 -0.714523 -0.587294 -0.380188
-2.194154 -13.053383 -38.560758 -45.829423 -0.685258 0.646380 0.335582 -0.084546 -0.528260 0.844863 -0.723377 -0.550577 -0.416643
-0.888334 -31.460316 10.800509 -79.256065 -0.331786 0.906790 -0.260096 0.640980 0.418992 0.643110 -0.692144 -0.046659 0.720250
-1.324238 -29.098616 41.842817 -104.276915 -0.338953 0.899273 -0.276439 0.747085 0.435869 0.501878 -0.571817 0.036411 0.819573
-0.846314 -30.293842 11.310356 187.815056 -0.343438 0.896218 -0.280790 0.822442 0.431353 0.370842 -0.453475 0.103572 0.885231
-0.496520 -33.577889 25.456317 293.276057 -0.343728 0.891450 -0.295241 0.857148 0.426261 0.289134 -0.383599 0.153682 0.910623
-0.471941 -29.266855 10.586280 83.664725 -0.372524 0.882201 -0.288006 0.899756 0.419356 0.120748 -0.227301 0.214154 0.949986
7.452237 -13.030544 -193.413552 -372.053014 -0.540060 0.815933 -0.206368 -0.156940 -0.338533 -0.927775 0.826864 0.468667 -0.310880
5.173150 -19.222313 -246.813461 -588.780360 -0.457368 0.858188 -0.233084 -0.276480 -0.386341 -0.879943 0.845206 0.338015 -0.413972
4.728732 -12.902585 -221.069156 -347.146125 -0.424788 0.873449 -0.237996 -0.111340 -0.311304 -0.943765 0.898420 0.374402 -0.229488
3.022509 -10.876860 -176.599586 -144.398648 -0.393809 0.884148 -0.251387 -0.006557 -0.276183 -0.961083 0.919169 0.376835 -0.114561
5.311071 -10.194515 -155.132752 -19.377634 -0.474773 0.846832 -0.239720 -0.037044 -0.291362 -0.955895 0.879329 0.444953 -0.169700
-4.749862 -10.824784 41.767040 -100.317114 -0.743149 0.626032 0.236249 0.310624 0.635490 -0.706869 -0.592657 -0.451925 -0.666725
-4.408143 -11.729989 59.616766 -83.289075 -0.722788 0.648175 0.239680 0.392921 0.670757 -0.629045 -0.568499 -0.360491 -0.739497
-4.985423 -11.772609 -8.414569 -77.460630 -0.781268 0.600063 0.171885 0.374186 0.670645 -0.640484 -0.499605 -0.436073 -0.748489
-5.039283 -10.631074 -16.104169 -100.907334 -0.786988 0.583486 0.200487 0.275810 0.623398 -0.731644 -0.551887 -0.520499 -0.651538
0.097586 -37.930027 57.655686 101.110199 -0.303279 0.904259 -0.300561 0.772707 0.417952 0.477745 -0.557626 0.087356 0.825483
0.148704 -43.639670 -9.640727 -196.446847 -0.307704 0.917440 -0.252235 0.717154 0.397845 0.572197 -0.625307 0.004824 0.780364
-0.065050 -39.204860 37.849386 -392.026220 -0.291314 0.923002 -0.251403 0.503791 0.371428 0.779895 -0.813223 -0.100540 0.573202
0.157817 -42.373195 -53.327992 845.363047 0.304298 -0.907678 0.289002 0.931332 0.347206 0.109858 -0.200059 0.235727 0.951004
0.117275 -36.390636 90.572665 -272.310688 -0.287570 0.918125 -0.272672 0.519608 0.388714 0.760860 -0.804556 -0.077118 0.588848
-0.275336 -32.031973 3.299218 -137.835722 -0.331750 0.908703 -0.253379 0.635709 0.413790 0.651654 -0.697005 -0.055110 0.714945
0.019288 -33.574614 -13.928200 222.571544 -0.346835 0.899555 -0.265529 0.821604 0.427945 0.376603 -0.452407 0.087540 0.887505
-0.171593 -38.800448 55.544550 -1319.025489 -0.395677 0.898479 0.190200 -0.556498 -0.399312 0.728601 -0.730582 -0.182444 -0.658000
-1.195792 -27.535607 65.879426 -769.804609 -0.352299 0.929323 0.110657 -0.807110 -0.361547 0.466752 -0.473770 -0.075124 -0.877438
-1.242326 -32.493094 118.785082 -943.933265 -0.342931 0.932071 0.116804 -0.705165 -0.337584 0.623522 -0.620597 -0.131459 -0.773031
1.530315 -3.380060 -12.028707 -8.860414 -0.476777 0.793010 0.379233 0.584830 -0.035917 0.810361 -0.656245 -0.608149 0.446652
2.276511 -2.402616 22.429066 48.005788 -0.397534 0.784294 0.476287 0.679147 -0.097553 0.727491 -0.617030 -0.612672 0.493870
2.277309 -2.700547 43.349839 9.012621 -0.432592 0.782183 0.448389 0.643191 -0.080772 0.761433 -0.631798 -0.617790 0.468152
0.005461 -3.943113 -2.746827 -41.771492 -0.677465 0.629931 0.379775 -0.118796 -0.603234 0.788667 -0.725899 -0.489178 -0.483503
-0.216493 -4.579390 13.136626 47.829284 -0.683018 0.588055 0.433218 0.030550 0.615604 -0.787463 -0.729763 -0.524616 -0.438434
-0.334062 -4.733283 -8.182580 -49.296875 -0.682039 0.606658 0.408399 -0.041460 -0.589620 0.806616 -0.730140 -0.533211 -0.427296
-0.257693 -4.452429 -28.089362 -50.226900 -0.680071 0.641521 0.354901 -0.103021 -0.562896 0.820082 -0.725872 -0.521152 -0.448899
-0.466965 -8.943528 2.887419 -44.637515 -0.548199 0.767361 0.332618 -0.115239 -0.463214 0.878722 -0.828371 -0.443384 -0.342363
-0.710932 -9.475703 -5.414470 -57.432308 -0.541689 0.788241 0.291974 -0.043554 -0.373202 0.926727 -0.839450 -0.489281 -0.236490
-0.358316 -9.046553 -9.249608 -46.020402 -0.543769 0.777137 0.316817 -0.151600 -0.462255 0.873692 -0.825429 -0.427058 -0.369174
-0.601901 -9.224456 3.205855 -40.843440 -0.546860 0.782113 0.298735 -0.010641 -0.363280 0.931619 -0.837156 -0.506286 -0.206987
-0.060322 -8.231024 -9.028490 -5.117147 -0.555001 0.753770 0.351858 -0.195434 -0.529297 0.825621 -0.808566 -0.389456 -0.441073
-164.500859 -323.080523 21192.519086 -22002.405545 0.133491 -0.451942 0.882003 0.826690 -0.440064 -0.350610 0.546593 0.775946 0.314871
-15.870053 -492.312396 1094.630358 29575.437163 -0.467616 0.824521 -0.318592 -0.540289 -0.551871 -0.635237 0.699588 0.124915 -0.703543
-705.223510 -1280.380222 68903.913535 -132940.589983 0.637193 -0.046951 0.769273 0.650880 -0.501737 -0.569750 0.412723 0.863745 -0.289144
-24.368156 -108.111593 -1261.993863 7134.698394 0.734018 0.587712 -0.340313 0.319072 0.143914 0.936740 -0.599509 0.796168 0.081887
-4.462357 -55.509078 8.051239 -2728.673003 -0.471846 -0.727289 0.498409 0.778892 -0.078955 0.622168 -0.413145 0.681774 0.603734
-4.774207 -49.962143 42.207788 -1311.606294 -0.466880 -0.732134 0.495987 0.883052 -0.355948 0.305810 -0.047349 0.580759 0.812698
-6.278641 -86.647421 -210.447358 -4545.498858 -0.446256 -0.640211 0.625288 0.842752 -0.065600 0.534290 -0.301040 0.765393 0.568814
-3.159941 -41.021974 168.910721 -1143.625717 -0.451721 -0.808297 0.377631 0.855596 -0.272552 0.440080 -0.252791 0.521893 0.814693
-4.455435 -38.816140 -76.716971 -1835.519923 -0.527923 -0.653198 0.542798 0.640876 0.112990 0.759284 -0.557293 0.748710 0.358968
-4.013468 -30.462471 49.969817 -1532.101915 -0.523057 -0.729184 0.441251 0.585391 0.068922 0.807816 -0.619459 0.680838 0.390808
-3.651725 -38.683385 166.559324 -1859.340044 -0.463938 -0.796468 0.387814 0.703678 -0.065394 0.707503 -0.538143 0.601134 0.590796
-0.545067 -142.744725 -55.828259 7782.232901 0.289465 0.693473 -0.659776 0.069427 0.672259 0.737053 -0.954667 0.259158 -0.146450
0.964582 -64.480898 32.939765 299.928418 -0.286378 -0.652443 0.701645 -0.128994 0.751905 0.646529 -0.949394 0.094644 -0.299490
1.632281 -120.109471 -143.952829 6625.890550 0.276867 0.621701 -0.732689 0.405150 0.615879 0.675682 -0.871320 0.483923 0.081366
-0.454900 -125.650067 -23.507068 6430.363289 0.307816 0.626753 -0.715842 0.531721 0.510597 0.675694 -0.789001 0.588618 0.176088
-0.966440 -4.464714 -116.898979 -45.434369 0.885390 -0.440874 -0.147359 0.437270 0.682339 0.585840 0.157733 0.583132 -0.796917
0.839959 -4.270023 -116.687261 -39.302266 0.881601 -0.445187 -0.156807 0.441398 0.659956 0.607969 0.167175 0.605200 -0.778322
-0.649825 -5.022232 -112.938476 -53.818158 0.852401 -0.485192 -0.194941 0.490707 0.613494 0.618733 0.180609 0.623068 -0.761030
-6.179805 -10.385185 -34.232536 -100.467150 -0.556283 0.824337 -0.104967 -0.244954 -0.283367 -0.927201 0.794070 0.490074 -0.359556
-8.859302 -11.611872 -130.924521 -210.748860 -0.390712 0.833672 0.390302 -0.503899 0.161132 -0.848600 0.770344 0.528231 -0.357130
-7.693215 -14.534194 70.726906 -498.218325 -0.284228 0.680634 0.675242 -0.587231 0.433137 -0.683778 0.757875 0.590872 -0.276580
6.243994 -9.439217 -252.481863 151.648006 0.673934 -0.722988 0.151990 0.733918 0.631576 -0.249953 0.084720 0.280000 0.956254
7.045963 -11.195457 -254.787216 194.573119 0.668882 -0.731366 0.133046 0.743339 0.659661 -0.110884 -0.006668 0.173066 0.984888
-0.976338 -161.287054 -81.044476 -13659.343667 0.594761 -0.732643 0.330900 0.790466 0.607922 -0.074792 -0.146366 0.306048 0.940697
-1.965287 -30.559849 -325.734146 -2054.045925 0.659916 -0.605189 0.445260 0.739944 0.420665 -0.524904 0.130361 0.675860 0.725410
-2.784497 -57.806054 176.599710 -3382.449252 0.736078 -0.662431 0.139192 -0.273133 -0.102516 0.956498 0.619345 0.742075 0.256391
1.151294 -7.301044 -297.402558 47.067160 0.817376 -0.569696 -0.085698 -0.044766 -0.211111 0.976437 0.574363 0.794279 0.198059
4.040034 -6.853591 -111.643525 35.869093 0.752950 -0.650756 -0.097890 -0.020718 -0.172119 0.984858 0.657752 0.739521 0.143079
0.036679 -5.813382 3.164466 -24.624189 -0.495531 0.827336 0.264509 0.761913 0.560246 -0.324981 0.417058 -0.040495 0.907977
-0.534948 -7.061000 2.742484 -108.160701 -0.513039 0.813067 0.275161 0.726044 0.582048 -0.366168 0.457876 -0.011920 0.888936
-0.708308 -7.284147 26.832571 -97.529071 -0.447261 0.866639 0.221122 0.759795 0.498588 -0.417279 0.471879 0.018626 0.881467
6.735438 -9.607196 -269.397962 19.742552 -0.450830 0.504863 0.736116 0.876494 0.406390 0.258082 -0.168854 0.761552 -0.625721
8.196767 -9.745649 -304.707496 -28.625006 -0.354133 0.513179 0.781816 0.921050 0.336239 0.196496 -0.162039 0.789677 -0.591737
14.713412 -7.829133 -623.464204 -46.822020 -0.241295 0.554357 0.796533 0.928856 0.369655 0.024114 -0.281075 0.745683 -0.604114
91.291266 -3.905350 -5325.503216 169.541743 0.323545 0.615715 0.718480 0.838849 0.164665 -0.518862 -0.437780 0.770572 -0.463215
22.832007 -6.926888 -1396.523784 -19.129287 -0.275261 0.632303 0.724171 0.874159 0.478111 -0.085185 -0.400097 0.609592 -0.684339
9.004443 -9.392451 -371.700286 -9.127494 -0.471327 0.522906 0.710225 0.833844 0.526545 0.165693 -0.287324 0.670313 -0.684197
0.375455 -5.348606 -15.837483 35.826609 -0.590029 0.803294 0.081143 0.570647 0.486010 -0.661933 0.571164 0.344255 0.745158
0.499114 -4.801227 -26.777661 19.040471 -0.613405 0.780703 0.119323 0.479523 0.488213 -0.729182 0.627529 0.390066 0.673837
0.186972 -5.086119 -29.726380 22.625520 -0.598650 0.793042 0.112706 0.506435 0.483742 -0.713804 0.620597 0.370241 0.691217
0.384789 -4.683739 -34.966647 11.442603 -0.618486 0.773435 0.138833 0.430484 0.481303 -0.763565 0.657388 0.412488 0.630630
0.592565 -4.657438 -36.508255 -4.316417 -0.626564 0.765448 0.146650 0.399664 0.477106 -0.782713 0.669094 0.431809 0.604859
2.061321 -14.421458 -8.668786 173.399024 0.682231 -0.527057 -0.506727 0.540383 0.830338 -0.136108 0.492491 -0.180970 0.851294
2.287760 -13.808429 -44.329155 262.844075 0.699642 -0.538925 -0.469107 0.482061 0.840656 -0.246809 0.527369 -0.053460 0.847953
1.661195 -13.746532 48.538304 207.783369 0.654390 -0.522579 -0.546521 0.506320 0.839636 -0.196599 0.561618 -0.148061 0.814042
1.765081 -11.144740 26.401121 111.235718 0.643626 -0.532651 -0.549571 0.398230 0.846288 -0.353849 0.653573 0.008891 0.756811
-0.176036 -15.142497 2.262583 263.142043 -0.645180 0.730907 0.222525 0.682839 0.682275 -0.261211 0.342744 0.016579 0.939282
-0.295320 -15.888982 -25.950378 174.867626 -0.643225 0.728138 0.236807 0.729421 0.676768 -0.099653 0.232824 -0.108633 0.966433
-0.389123 -17.659297 47.949102 82.534359 0.647789 -0.721473 -0.244636 0.752179 0.656644 0.055194 0.120818 -0.219764 0.968043
-0.227531 -17.484866 12.085978 111.541949 0.641180 -0.732257 -0.229536 0.760425 0.646481 0.061772 0.103157 -0.214152 0.971338
1.878218 -8.237468 -77.352641 175.431647 0.708065 -0.655784 -0.261901 0.629871 0.754203 -0.185583 0.319229 -0.033559 0.947083
-0.640173 -5.877618 -43.396554 -15.906702 -0.544207 0.772854 0.326397 0.558325 0.624026 -0.546686 0.626189 0.115275 0.771103
-0.422111 -6.234558 -101.877218 -114.443233 -0.528596 0.779308 0.336551 0.643007 0.626424 -0.440607 0.554192 0.016498 0.832225
-0.263265 -5.704539 -56.330670 -21.457112 -0.527747 0.787532 0.318241 0.568374 0.605842 -0.556692 0.631216 0.112913 0.767344
-0.550060 -6.578317 -19.663136 69.564962 -0.563043 0.756665 0.332327 0.454776 0.619445 -0.639896 0.690045 0.209154 0.692887
-0.919171 -6.782851 -7.137402 81.676017 -0.572491 0.745943 0.340328 0.458313 0.635318 -0.621547 0.679855 0.199853 0.705589
4.773011 -3.758291 -474.054685 0.710986 0.106447 0.836775 0.537100 -0.246816 0.545500 -0.800945 0.963198 0.047307 -0.264596
-0.158077 -10.070969 84.935417 -123.987819 -0.662595 0.578069 0.476240 0.748070 0.542081 0.382805 -0.036873 0.609905 -0.791616
-0.282615 -8.474769 84.540124 -32.492656 -0.629692 0.607223 0.484529 0.772150 0.557696 0.304564 -0.085282 0.565910 -0.820044
0.262398 -10.112277 28.762773 -132.819939 -0.628554 0.624330 0.463823 0.777588 0.517181 0.357604 -0.016618 0.585437 -0.810548
0.011189 -9.891289 -25.795379 -111.258294 -0.588526 0.664572 0.460414 0.808086 0.501268 0.309399 -0.025173 0.554143 -0.832040
0.800392 -10.860752 34.006686 -179.606020 -0.618438 0.626954 0.473776 0.785372 0.472445 0.399984 0.026938 0.619455 -0.784570
0.732777 -12.039261 22.513195 -189.236752 -0.634918 0.627586 0.450571 0.765372 0.431474 0.477531 0.105282 0.648048 -0.754288
1.329321 -5.919837 -27.775569 -19.118495 -0.602837 0.712277 0.359511 0.692672 0.690841 -0.207230 0.395970 -0.124097 0.909839
0.929313 -5.658518 -55.564842 -18.889656 -0.579263 0.720950 0.380376 0.733047 0.664817 -0.143735 0.356506 -0.195573 0.913594
1.029904 -6.500201 28.115012 -43.130356 0.611362 -0.700057 -0.368994 0.639681 0.711685 -0.290367 0.465881 -0.058519 0.882910
0.962796 -6.246006 85.888692 -24.377983 0.598351 -0.696224 -0.396546 0.667245 0.706978 -0.234447 0.443577 -0.124312 0.887573
-0.533951 -15.347778 -18.590543 -69.879004 0.584522 -0.769108 -0.258471 0.783432 0.452101 0.426426 -0.211113 -0.451750 0.866806
-0.346401 -14.558821 -49.318462 -19.545485 0.544111 -0.796053 -0.265033 0.754273 0.325769 0.570041 -0.367444 -0.510073 0.777696
0.884576 -12.092054 -29.886676 7.213463 -0.574122 0.729709 0.371360 -0.364663 -0.633978 0.681977 -0.733079 -0.256117 -0.630079
0.747843 -11.184044 -22.767658 -70.446983 -0.578239 0.707546 0.406225 -0.509099 -0.701991 0.498023 -0.637540 -0.081168 -0.766129
-1.314579 -18.935615 -16.492751 -56.642191 -0.092449 0.974413 0.204874 0.809377 -0.046305 0.585462 -0.579968 -0.219946 0.784386
1.061284 -3.124279 -4.626660 57.103294 0.465917 -0.524321 -0.712747 -0.358119 0.624855 -0.693764 0.809118 0.578484 0.103361
1.225993 -3.438807 37.550804 51.928835 0.457798 -0.514079 -0.725358 -0.345193 0.649086 -0.677886 0.819306 0.560723 0.119694
0.736791 -4.256892 14.231256 66.393091 0.469298 -0.549931 -0.690895 -0.286208 0.645441 -0.708161 0.835371 0.530078 0.145510
1.728036 -3.072074 60.539041 37.227447 0.467098 -0.502486 -0.727549 -0.359684 0.643691 -0.675492 0.807742 0.577209 0.119930
1.684973 -3.808601 70.115468 44.627385 0.465951 -0.527221 -0.710582 -0.298125 0.662584 -0.687098 0.833073 0.531996 0.151554
1.127720 -4.152168 43.949667 58.380264 0.456702 -0.521973 -0.720394 -0.300977 0.671368 -0.677258 0.837160 0.526127 0.149514
8.886452 -81.005346 -469.188609 -3093.711870 -0.072492 0.870541 -0.486728 0.997223 0.054921 -0.050294 -0.017051 -0.489022 -0.872105
8.498593 -55.356981 -175.355963 2405.697751 -0.140473 0.946418 -0.290791 -0.919143 -0.015484 0.393619 -0.368025 -0.322572 -0.872069
