11903
23789
-6.694289 -9.164822 20.201870 103.470806 -0.285104 0.932328 -0.222440 -0.445206 -0.334329 -0.830672 0.848827 0.137796 -0.510397
-6.358393 -10.039454 -64.187324 246.879432 0.135737 0.945875 0.294783 -0.555953 0.318995 -0.767567 0.820056 0.059698 -0.569161
-5.758975 -7.506557 40.018304 86.519914 -0.369026 0.857519 -0.358442 -0.509289 -0.509177 -0.693804 0.777460 0.073481 -0.624625
-4.894286 -7.332480 -100.896917 157.725651 0.123790 0.984575 0.123643 -0.666018 0.174804 -0.725164 0.735592 -0.007419 -0.677384
-5.455029 -8.123242 -0.564361 71.301929 -0.509171 0.732491 -0.451887 -0.342960 -0.654237 -0.674057 0.789381 0.188231 -0.584334
-4.432497 -6.284011 3.056472 -75.230734 -0.511554 0.696794 -0.502783 0.477464 0.717000 0.507877 0.714381 0.019746 -0.699478
-4.683956 -7.295179 9.279076 -58.182425 -0.584221 0.600101 -0.546411 0.321356 0.789275 0.523236 0.745263 0.130093 -0.653957
-6.860392 -8.918099 -35.653514 46.551939 0.530817 0.825613 0.191300 0.783756 -0.392353 -0.481441 -0.322427 0.405490 -0.855347
-6.527495 -9.311143 -21.121722 -18.504641 0.485048 0.861440 0.150497 -0.735591 0.308854 0.602922 -0.472900 0.403151 -0.783476
-7.118488 -9.299780 -24.133496 15.565771 0.542021 0.802906 0.248104 0.737962 -0.313518 -0.597594 -0.402027 0.507000 -0.762447
-7.514357 -9.030139 -36.892005 28.717867 0.631035 0.725265 0.275293 0.726218 -0.427513 -0.538368 -0.272768 0.539652 -0.796476
-7.760616 -9.437509 -36.556155 5.505552 0.605575 0.728063 0.321253 0.689559 -0.278574 -0.668509 -0.397224 0.626355 -0.670740
-16.012881 -64.210186 -375.589160 -3149.293208 0.256923 0.931309 -0.258176 -0.698199 -0.005841 -0.715880 0.668213 -0.364184 -0.648738
-17.003603 -76.917722 -87.404804 -4202.675620 0.068106 0.961176 -0.267398 -0.733931 -0.133282 -0.666018 0.675800 -0.241612 -0.696360
-16.959272 -38.152843 -520.768544 -1626.666061 0.099973 0.938739 -0.329811 -0.854247 -0.088977 -0.512197 0.510164 -0.332946 -0.793019
-13.585483 -31.754086 -354.467823 -1401.503602 0.121842 0.977791 -0.170529 -0.845211 0.012139 -0.534295 0.520359 -0.209232 -0.827918
-0.099614 -7.267939 -22.815952 -11.360429 -0.139839 0.977435 -0.158323 -0.572990 0.050522 0.818004 -0.807544 -0.205107 -0.552995
-0.173447 -7.251647 -18.786439 -1.946133 -0.139293 0.976134 -0.166615 -0.472017 0.082462 0.877724 -0.870515 -0.200906 -0.449266
-0.297633 -7.439505 -27.233546 -1.858009 -0.145256 0.976476 -0.159362 -0.602805 0.040379 0.796867 -0.784555 -0.211814 -0.582759
-0.098874 -7.171594 -47.499006 -6.462737 -0.165088 0.973899 -0.155780 -0.676667 0.003069 0.736282 -0.717542 -0.226963 -0.658499
-0.223521 -7.261950 -41.408071 0.430216 -0.161479 0.973992 -0.158944 -0.692889 0.002791 0.721038 -0.702730 -0.226563 -0.674418
-0.498417 -7.533888 19.215599 7.386507 -0.135322 0.982514 -0.127887 -0.666369 0.005270 0.745603 -0.733239 -0.186116 -0.654004
-0.516621 -3.841007 -72.503259 59.574271 0.400821 0.912610 0.080527 -0.753286 0.378317 -0.537993 0.521443 -0.154979 -0.839094
0.773714 -3.320745 -104.828556 38.896911 0.478593 0.869139 0.124686 -0.719501 0.469597 -0.511660 0.503256 -0.155166 -0.850092
0.050261 -2.826008 -79.754794 44.473433 0.483421 0.863640 0.142931 -0.732577 0.488508 -0.474016 0.479202 -0.124441 -0.868838
-0.779179 -2.909691 -10.978203 58.999717 0.295644 0.952069 0.078479 -0.820766 0.295186 -0.489090 0.488814 -0.080184 -0.868695
-1.267874 -4.549576 11.668297 94.623157 0.202869 0.978728 0.030584 -0.817701 0.186510 -0.544591 0.538710 -0.085472 -0.838144
-1.369332 -5.168905 -47.690487 89.757718 0.273096 0.961962 0.006852 -0.773217 0.223738 -0.593360 0.572323 -0.156747 -0.804908
-0.376314 -4.809747 -86.357699 53.163961 0.328591 0.944389 -0.012568 -0.725784 0.243970 -0.643207 0.604372 -0.220474 -0.765589
-0.517115 -7.167352 -1.376366 -11.663347 -0.230003 0.972479 0.037202 -0.762370 -0.203807 0.614211 -0.604889 -0.112909 -0.788264
-0.355137 -7.280481 -5.768465 -24.425328 -0.232637 0.972049 0.031649 -0.683732 -0.186605 0.705471 -0.691658 -0.142479 -0.708032
-0.635200 -7.237180 1.300203 -37.568764 -0.236077 0.969426 0.066933 -0.742046 -0.224320 0.631702 -0.627403 -0.099463 -0.772316
-0.668530 -6.824375 14.361990 -6.846533 -0.216912 0.974380 0.059442 -0.811714 -0.213856 0.543494 -0.542282 -0.069641 -0.837306
-0.806521 -6.746228 5.175305 -9.834654 -0.210588 0.975248 0.067407 -0.804010 -0.212010 0.555535 -0.556076 -0.062793 -0.828756
-0.879471 -6.958434 -21.598311 -60.996310 -0.254260 0.963927 0.078713 -0.754349 -0.248593 0.607585 -0.605235 -0.095107 -0.790345
-0.673169 -7.146401 -19.552287 -38.908736 -0.271660 0.957493 0.096992 -0.656709 -0.258101 0.708602 -0.703516 -0.128804 -0.698910
1.059892 -11.490712 0.740034 -54.590720 -0.169620 0.984522 0.044102 0.715189 0.092182 0.692826 -0.678037 -0.149058 0.719755
1.059319 -11.728546 10.621377 -24.449494 -0.149669 0.988159 0.033765 0.825858 0.106164 0.553794 -0.543652 -0.110771 0.831969
1.034553 -11.472896 -1.570667 -11.613305 -0.162658 0.985067 0.056444 0.842839 0.108975 0.527017 -0.512996 -0.133297 0.847978
-0.075225 -20.827748 23.433157 -110.795059 0.000259 -0.992287 -0.123962 0.998387 -0.006781 0.056363 -0.056769 -0.123777 0.990685
0.153134 -21.572336 -7.200259 -66.019495 0.029450 0.992951 0.114810 0.985170 -0.009410 -0.171321 0.169033 -0.118153 0.978503
-0.437520 -20.997238 -31.335508 14.954109 0.031015 0.990823 0.131560 0.956891 0.008595 -0.290319 0.288786 -0.134893 0.947843
0.662857 -21.127090 13.273727 -64.427218 -0.005363 -0.993589 -0.112927 0.993838 -0.017798 0.109403 -0.110711 -0.111645 0.987562
-0.799633 -20.202976 44.359008 -110.401315 -0.007618 -0.989335 -0.145457 0.999961 -0.006903 -0.005422 0.004360 -0.145492 0.989350
-0.429631 -19.262281 -42.011863 -150.884237 -0.032693 0.989631 0.139861 0.947364 -0.013908 0.319857 -0.318486 -0.142956 0.937086
0.568556 -20.233937 -17.365443 -132.445316 -0.033798 0.992922 0.113856 0.932360 -0.009705 0.361402 -0.359949 -0.118370 0.925433
0.663659 -19.183003 48.631376 -145.362164 0.102105 0.994734 -0.008829 -0.331244 0.025629 -0.943197 0.938004 -0.099229 -0.332117
0.692136 -20.250661 28.475566 80.453357 0.161947 0.986751 0.009791 -0.553866 0.099104 -0.826687 0.816704 -0.128456 -0.562577
1.456182 -18.885548 22.513207 -273.513932 0.167394 0.985882 0.004101 -0.179817 0.034620 -0.983091 0.969353 -0.163826 -0.183073
6.756595 -9.718840 -134.406494 -51.906001 0.532476 0.807448 0.253961 -0.742791 0.589608 -0.317213 0.405871 0.019731 -0.913718
8.214016 -8.602843 -197.444235 -7.188090 0.446332 0.868900 0.214008 -0.695912 0.487375 -0.527421 0.562578 -0.086474 -0.822209
7.744148 -7.654542 -69.821890 -68.354544 0.435859 0.831307 0.344899 -0.717338 0.552311 -0.424710 0.543555 0.062295 -0.837058
-1.693378 -23.881053 -80.731824 729.543390 -0.001915 0.955861 0.293813 0.949764 0.093691 -0.298613 0.312960 -0.278482 0.908022
-1.338126 -15.844953 -64.991118 400.789648 0.038494 0.963935 0.263338 0.836091 0.113253 -0.536774 0.547239 -0.240837 0.801578
-2.195766 -15.769084 -84.577928 472.290966 0.010572 0.969885 0.243333 0.873476 0.109499 -0.474393 0.486752 -0.217561 0.846014
0.439937 -19.571950 -29.519056 -412.041387 0.144906 0.980736 -0.130992 -0.023415 -0.128953 -0.991374 0.989168 -0.146724 -0.004278
0.365682 -15.901792 -13.038070 -209.746589 0.127615 0.989778 -0.063677 0.205338 -0.089177 -0.974620 0.970335 -0.111301 0.214619
0.671396 -21.250324 -12.669344 -360.634447 0.124150 0.986203 -0.109500 -0.040749 -0.105194 -0.993617 0.991426 -0.127820 -0.027127
0.588140 -24.019304 -20.264415 -338.025482 0.117116 0.980571 -0.157366 -0.327479 -0.111463 -0.938261 0.937572 -0.161419 -0.308063
0.388885 -22.344796 -40.654634 -338.148037 0.156291 0.972329 -0.173634 -0.308178 -0.119014 -0.943855 0.938403 -0.201026 -0.281050
2.115066 -13.202751 78.101421 31.346753 -0.022384 0.911181 0.411397 -0.180962 0.401010 -0.898022 0.983235 0.094549 -0.155913
1.005353 -19.498205 92.639093 -467.439032 -0.075506 0.922591 0.378319 -0.300731 0.340667 -0.890790 0.950716 0.181032 -0.251729
2.870218 -17.758769 106.342253 -432.696110 -0.020583 0.921500 0.387832 -0.296808 0.364794 -0.882514 0.954715 0.133276 -0.266000
16.732614 -653.581422 -647.847830 30571.203150 0.325199 0.912672 -0.247539 0.926727 -0.359679 -0.108662 -0.188208 -0.194064 -0.962765
19.715808 -97.370905 314.560043 5960.215911 0.444089 0.895176 0.038029 0.844767 -0.404182 -0.350723 0.298588 -0.187877 0.935707
122.679850 -23378.362867 16377.558837 -2670152.562793 0.285897 0.950871 -0.118775 0.422319 -0.236289 -0.875108 0.860180 -0.200030 0.469125
44.581715 -400.149857 -6532.455658 -68856.290357 0.284610 0.927047 0.244090 0.221400 -0.311302 0.924161 -0.932727 0.208984 0.293848
-16.568515 -819.626653 1172.152259 6554.222345 0.142869 0.979977 -0.138688 -0.717030 0.199073 0.668011 -0.682244 -0.004005 -0.731114
1551.585440 -62.596785 739339.334311 3866.222218 0.345557 0.138061 0.928186 0.126211 0.973293 -0.191757 -0.929872 0.183411 0.318903
6.565651 -82.540968 -3910.991249 68355.802906 0.138882 0.950032 0.279555 0.888477 0.005150 -0.458892 0.437401 -0.312110 0.843367
2.996055 1.169099 129.145340 8.220031 0.469742 -0.060121 0.880754 0.099351 0.994940 0.014927 -0.877196 0.080492 0.473338
1.550305 0.738095 -86.374447 111.488857 -0.353665 0.718614 -0.598761 0.408425 0.694524 0.592305 -0.841493 0.035071 0.539129
1.753643 0.478970 75.519145 123.283842 0.330074 -0.694787 0.639000 0.416527 0.714675 0.561912 -0.847087 0.080688 0.525293
1.508169 -0.592809 -12.600827 146.896463 -0.122279 0.911689 -0.392263 0.477560 0.400515 0.782000 -0.870049 0.091707 0.484361
2.358297 1.124367 109.679078 29.207845 0.440515 -0.242271 0.864437 0.217300 0.963040 0.159171 -0.871050 0.117725 0.476879
-0.044357 -11.885408 -2.545747 42.245972 0.095659 0.985571 -0.139641 -0.368799 -0.095210 -0.924620 0.924574 -0.139948 -0.354370
0.373619 -11.977338 -45.610491 29.395135 0.124422 0.980814 -0.150078 -0.357856 -0.096717 -0.928755 0.925450 -0.169264 -0.338956
0.303298 -11.846648 -33.779638 1.063450 0.104983 0.979493 -0.171964 -0.493121 -0.098891 -0.864322 0.863603 -0.175538 -0.472627
-0.098323 -11.657659 0.299608 -11.292501 0.084881 0.983880 -0.157403 -0.515135 -0.091890 -0.852169 0.852896 -0.153416 -0.499032
-0.328208 -12.094327 1.730005 27.490116 0.099995 0.984677 -0.142872 -0.433103 -0.086199 -0.897213 0.895780 -0.151595 -0.417847
-0.310193 -8.653346 -10.850877 -33.374420 -0.182782 0.981997 0.047664 -0.949261 -0.163653 -0.268553 0.255918 0.094333 -0.962085
-0.630589 -8.740670 -42.425492 -61.658712 -0.141395 0.989195 0.038745 -0.942297 -0.122487 -0.311567 0.303455 0.080563 -0.949434
-0.283898 -8.005680 -12.058383 -47.684755 -0.188527 0.980543 0.054702 -0.902702 -0.151085 -0.402867 0.386764 0.125331 -0.913622
-8.374612 -76.922817 -21.291730 3319.998646 0.914254 0.049531 0.402101 -0.371898 0.496326 0.784444 0.160719 0.866722 -0.472189
-45.187011 -102.234194 -2716.893338 4113.132155 0.254025 -0.098645 -0.962154 -0.613590 0.752537 -0.239153 0.747648 0.651119 0.130636
-21.263958 -68.799036 -617.956527 3415.190239 0.873642 -0.407851 0.265344 -0.037428 0.487391 0.872381 0.485128 0.772080 -0.410541
-2.873624 -40.189342 230.813249 1381.002209 0.798451 -0.081728 0.596487 -0.462076 0.551938 0.694154 0.385956 0.829870 -0.402931
-34.450500 -517.175944 1899.167475 867.715100 -0.985772 0.091597 0.140941 0.076828 0.991298 -0.106890 -0.149505 -0.094541 -0.984231
-53.941174 -1002.424809 -3144.294563 67966.652036 -0.528333 0.031998 -0.848434 -0.128310 0.984803 0.117042 0.839286 0.170700 -0.516198
-12.890306 -59.468512 2.076967 2543.695106 0.928619 -0.002648 0.371026 -0.329719 0.452692 0.828466 0.170154 0.891663 -0.419505
-2.954927 -54.613340 154.446608 2709.543589 0.902984 -0.016215 0.429368 -0.397286 0.349108 0.848698 0.163658 0.936942 -0.308797
1.046210 -56.119335 68.047364 363.081857 0.859085 -0.314355 -0.403924 0.255260 0.947162 -0.194231 0.443639 0.063755 0.893935
0.983350 -38.471883 74.371598 -392.504218 0.840158 -0.252537 -0.479958 0.392132 0.894210 0.215918 0.374656 -0.369612 0.850306
0.789536 -48.407645 -63.108749 573.049312 0.883103 -0.283706 -0.373684 -0.384887 -0.893540 -0.231190 0.268312 -0.347991 0.898282
-0.654587 -6.179398 3.004270 -7.303559 -0.144473 0.989394 0.015045 -0.989139 -0.143987 -0.029514 0.027035 0.019146 -0.999451
-0.798699 -6.609639 6.410440 35.962825 -0.115404 0.993184 0.016384 -0.990853 -0.113940 -0.072311 0.069952 0.024579 -0.997248
-0.847293 -6.227617 -1.859168 -48.483596 -0.112602 0.993635 0.003202 -0.992759 -0.112366 -0.042474 0.041844 0.007961 -0.999092
-0.631920 -11.176575 -219.489099 -19.313406 0.320168 0.940662 0.112458 0.869225 -0.244476 -0.429744 0.376751 -0.235341 0.895920
0.552075 -9.348665 69.693567 113.750766 0.112907 0.992858 0.038539 0.874108 -0.080811 -0.478962 0.472427 -0.087765 0.876989
0.367906 -8.885238 -223.884440 319.712862 0.301831 0.944411 0.130332 0.760939 -0.156290 -0.629719 0.574344 -0.289243 0.765812
1.930069 -5.826584 80.588273 354.524341 -0.007814 0.992416 0.122680 0.726244 0.089967 -0.681525 0.687393 -0.083770 0.721439
-2.055868 -10.647783 -323.630723 13.315127 0.390507 0.917961 0.069649 0.818801 -0.311748 -0.482057 0.420796 -0.245276 0.873367
1.747287 -4.320879 -255.588270 451.887253 0.091198 0.945206 0.313479 0.642492 0.184662 -0.743709 0.760846 -0.269233 0.590447
15.673961 -12.047085 -144.476510 44.224562 0.493340 0.809630 -0.317987 0.740039 -0.582788 -0.335711 0.457120 0.069703 0.886670
14.946157 -9.688906 -202.800922 1.084158 0.385686 0.796704 -0.465305 0.653199 -0.591961 -0.472136 0.651595 0.121841 0.748718
13.638898 -10.538720 -48.792778 52.147408 0.463157 0.813330 -0.352109 0.601217 -0.580228 -0.549429 0.651170 -0.042778 0.757725
15.273982 -11.325508 -109.939962 55.453254 0.382986 0.743192 -0.548623 0.739112 -0.602787 -0.300601 0.554107 0.290368 0.780161
16.012406 -13.978332 -211.910886 92.738823 0.454843 0.792849 -0.405595 0.826673 -0.545280 -0.138853 0.331253 0.272138 0.903445
3.916744 -5.508440 77.647052 -20.618194 0.068796 0.983415 0.167817 0.252449 0.145580 -0.956596 0.965161 -0.108175 0.238247
3.610306 -5.144403 73.963147 -27.194445 0.091356 0.987055 0.131822 0.348603 0.092300 -0.932715 0.932808 -0.131163 0.335658
3.045405 -5.026453 87.913640 -24.813967 0.028057 0.985159 0.169334 0.305065 0.152880 -0.939980 0.951918 -0.078030 0.296248
3.103341 -5.291082 81.022276 -15.549601 0.006064 0.976719 0.214436 0.220549 0.207853 -0.952972 0.975357 -0.053072 0.214154
1.580933 -4.702907 60.568938 -22.785895 -0.017604 0.975497 0.219308 0.308834 0.213921 -0.926747 0.950953 -0.051415 0.305033
-1.857439 -6.174641 -53.367773 -34.172961 -0.256136 0.966147 -0.030883 0.954122 0.247564 -0.168413 0.155066 0.072603 0.985233
-1.924948 -6.508648 14.173538 -34.017768 -0.221012 0.969587 -0.105142 0.957962 0.195603 -0.209875 0.182926 0.147107 0.972058
-2.109791 -5.913811 -40.797633 -28.174698 -0.237464 0.969629 -0.058577 0.965701 0.229122 -0.122165 0.105034 0.085577 0.990780
-0.651304 -7.349775 -2.685778 -59.556901 0.127775 0.981266 -0.144191 -0.938123 0.072395 -0.338652 0.321869 -0.178540 -0.929798
-0.392835 -6.827769 -23.365348 -51.611273 0.087573 0.979445 -0.181708 -0.929662 0.014828 -0.368116 0.357855 -0.201163 -0.911851
-0.515608 -7.551027 -19.593873 -47.362941 0.118632 0.977771 -0.172890 -0.959986 0.068459 -0.271550 0.253678 -0.198187 -0.946768
-0.543630 -8.017677 15.743193 -43.101686 0.166284 0.977756 -0.127838 -0.962611 0.132842 -0.236079 0.213845 -0.162314 -0.963288
-0.317032 -7.642821 28.042301 -60.243633 0.149167 0.980829 -0.125392 -0.928767 0.095461 -0.358162 0.339325 -0.169885 -0.925201
-0.648004 -10.531858 0.474697 -39.416805 -0.068944 0.996684 0.043217 0.171400 -0.030842 0.984719 -0.982786 -0.075298 0.168706
-0.225613 -11.005897 -15.941156 -14.736742 -0.090168 0.994456 0.054101 0.075681 -0.047324 0.996008 -0.993047 -0.093903 0.070995
-0.396088 -11.230273 -11.493766 -57.134536 -0.078526 0.993940 0.076919 0.250818 -0.054978 0.966472 -0.964844 -0.095186 0.244981
-0.749160 -10.983685 4.115076 -34.523677 -0.055551 0.996553 0.061621 0.332692 -0.039715 0.942199 -0.941398 -0.072841 0.329339
-0.627113 -10.909921 2.810263 -10.960180 -0.055520 0.998107 0.026462 0.191462 -0.015368 0.981380 -0.979929 -0.059553 0.190246
-0.432112 -20.821497 2.684240 161.904527 0.332832 0.940842 0.063548 -0.102679 0.103149 -0.989352 0.937379 -0.322763 -0.130936
-0.368368 -20.873371 -0.035605 -108.110465 0.337210 0.938462 0.074685 0.168041 0.018057 -0.985615 0.926311 -0.344909 0.151611
-0.315050 -22.033785 -24.598405 -8.393904 0.363672 0.928852 0.070540 0.053726 0.054684 -0.997057 0.929976 -0.366392 0.030017
-0.286767 -21.751292 -22.940256 -204.130709 0.354007 0.930643 0.092647 0.343744 -0.037346 -0.938320 0.869781 -0.364018 0.333124
-0.361086 -20.645602 -17.824924 282.135792 0.350309 0.935189 0.052003 -0.244146 0.144774 -0.958871 0.904254 -0.323205 -0.279039
0.103377 -22.900524 -18.488267 195.678937 0.338491 0.938998 0.060883 -0.117320 0.106312 -0.987387 0.933627 -0.327079 -0.146149
-0.006867 -23.947581 -19.103782 -158.212901 0.343524 0.934749 0.090753 0.267665 -0.004824 -0.963500 0.900193 -0.355277 0.251856
0.743410 -18.879437 -13.833410 -86.851578 0.216434 0.973970 -0.067373 -0.844186 0.152036 -0.514037 0.490414 -0.168130 -0.855118
1.020858 -20.202634 -1.838956 -221.648934 0.172687 0.980483 -0.093978 -0.955567 0.143626 -0.257418 0.238896 -0.134255 -0.961719
0.885106 -20.138018 -41.903401 -237.009254 0.172542 0.976647 -0.128027 -0.960797 0.138237 -0.240333 0.217022 -0.164475 -0.962211
0.431579 -17.097737 -48.183951 -167.389752 0.210666 0.968960 -0.129370 -0.874146 0.127483 -0.468633 0.437594 -0.211813 -0.873869
-0.430495 -5.000501 -54.741357 -7.383663 -0.056954 0.987200 0.148968 0.588764 -0.087292 0.803578 -0.806296 -0.133474 0.576256
0.266680 -5.022462 -22.391601 -21.213945 -0.014595 0.982899 0.183565 0.618222 -0.135418 0.774250 -0.785868 -0.124784 0.605673
-0.593013 -5.345771 -48.268116 -1.874373 -0.059538 0.989541 0.131389 0.669451 -0.058054 0.740584 -0.740467 -0.132052 0.658993
-1.671686 -5.433317 -61.785014 8.503645 -0.112846 0.992254 0.051933 0.652790 0.034633 0.756747 -0.749087 -0.119297 0.651642
-1.466033 -5.281262 -71.058337 -3.138270 -0.100892 0.991967 0.076302 0.573363 -0.004703 0.819288 -0.813065 -0.126409 0.568283
0.142842 -3.647258 15.196057 54.001313 -0.033783 0.915281 -0.401397 0.155490 -0.391922 -0.906763 0.987260 0.093046 0.129077
0.510662 -3.655443 16.338047 53.331206 0.001339 0.879305 -0.476258 0.183993 -0.468344 -0.864176 0.982927 0.086471 0.162413
-0.429964 -5.122362 19.746326 93.560469 -0.054413 0.944720 -0.323332 0.231818 -0.303012 -0.924361 0.971236 0.125252 0.202515
-0.582909 -5.059567 19.861378 93.901184 -0.086833 0.971862 -0.218960 0.180538 -0.200800 -0.962853 0.979728 0.123138 0.158022
0.140340 -3.498567 19.761095 49.129898 -0.066695 0.954535 -0.290543 0.113778 -0.282016 -0.952639 0.991265 0.096594 0.089796
1.239982 -35.283970 1.544852 242.340601 -0.377442 0.893387 -0.243715 -0.824153 -0.444083 -0.351512 0.422266 -0.068183 -0.903904
1.042481 -36.558480 17.013909 383.357273 -0.396269 0.887377 -0.235655 -0.851012 -0.451328 -0.268479 0.344600 -0.094155 -0.934016
1.152315 -35.573423 17.090776 289.786776 -0.416838 0.872878 -0.253634 0.900393 0.434765 0.016477 0.124654 -0.221502 -0.967160
72.922168 -3982.025757 -46755.038971 46770.382285 -0.444119 0.247482 -0.861110 0.875920 0.322103 -0.359185 0.188474 -0.913785 -0.359826
-84.920099 -253.529520 2245.363516 -27250.372891 0.001682 0.997976 -0.063570 0.085157 -0.063482 -0.994343 0.996366 0.003741 0.085092
275.381113 -571.321347 208073.304424 20609.027129 0.835248 0.090314 0.542406 -0.303809 0.897985 0.318314 -0.458324 -0.430659 0.777478
-27.301530 -767.091571 275.468994 10899.714877 -0.486461 0.706177 -0.514460 0.853571 0.258455 -0.452346 -0.186471 -0.659177 -0.728501
-16.917614 -1458.613233 -335.922987 102945.479880 -0.379257 0.909545 -0.169979 0.883027 0.300888 -0.360181 -0.276456 -0.286697 -0.917266
-0.481491 -7.997373 -18.582237 14.947931 0.106507 0.977903 -0.179893 -0.964107 0.145822 0.221887 -0.243216 -0.149804 -0.958334
-0.823906 -7.685409 -11.254133 34.596392 0.130426 0.979043 -0.156411 -0.964751 0.161693 0.207630 -0.228570 -0.123817 -0.965622
-0.439208 -7.815944 -20.955603 -1.613220 0.113842 0.976713 -0.181854 0.989719 -0.127445 -0.064917 -0.086581 -0.172594 -0.981180
-0.951227 -4.193984 15.776395 42.633416 -0.053020 0.997422 -0.048364 0.952320 0.065076 0.298079 -0.300458 0.030254 0.953315
-0.601677 -3.629897 15.780005 28.159135 -0.037281 0.998475 -0.040707 0.969704 0.045988 0.239915 -0.241421 0.030530 0.969940
-0.616573 -4.071710 6.360595 35.783981 0.069137 0.997503 -0.014399 0.956110 -0.062134 0.286345 -0.284736 0.033564 0.958018
-1.142564 -4.154716 18.511812 39.863048 -0.182784 0.980633 -0.070353 0.942649 0.195132 0.270807 -0.279290 0.016819 0.960059
-1.289169 -4.907011 9.239517 40.090239 -0.008737 0.999175 -0.039655 0.924060 0.023223 0.381541 -0.382147 0.033310 0.923501
-1.451387 -4.838534 13.504106 46.925054 -0.150726 0.985963 -0.071818 0.921187 0.166443 0.351725 -0.358742 0.013144 0.933344
-19.410128 -56.826342 -295.632460 1881.676262 0.907741 -0.035236 -0.418048 -0.416828 -0.188670 -0.889190 0.047542 -0.981408 0.185951
-14.782303 -53.787515 10.056073 1805.227057 0.789473 -0.037591 -0.612634 -0.612436 -0.114406 -0.782198 0.040685 -0.992723 0.113343
-20.636666 -136.237128 209.117190 5557.685378 0.747806 -0.159415 -0.644494 -0.660312 -0.279614 -0.696997 0.069098 -0.946785 0.314361
-0.985437 -5.666629 -86.087297 22.120514 0.493614 0.861134 -0.121627 -0.798135 0.504103 0.329940 -0.345436 0.065788 -0.936134
-2.798542 -5.529518 18.428754 99.354927 0.115905 0.993260 0.001213 -0.951606 0.110694 0.286694 -0.284628 0.034383 -0.958021
-2.711346 -8.349695 92.059842 260.363734 -0.854173 -0.475807 0.209754 -0.438390 0.875880 0.201614 -0.279648 0.080259 -0.956742
-4.498457 -5.671626 222.344305 152.372543 -0.831596 -0.528103 0.171916 -0.504797 0.847801 0.162520 -0.231578 0.048369 -0.971613
-2.546682 -8.410575 124.598020 -24.179988 0.608065 0.791812 -0.057356 -0.737858 0.590334 0.327218 -0.292955 0.156649 -0.943207
-8.401872 -10.995025 58.616951 136.278695 -0.053428 0.979498 0.194238 -0.417049 0.154851 -0.895595 0.907312 0.128856 -0.400226
-7.043195 -12.170792 -44.338695 200.727649 0.138566 0.914942 0.379053 -0.366367 0.402950 -0.838694 0.920095 0.022658 -0.391039
-4.501247 -11.915457 -174.725797 269.806593 0.272077 0.909702 0.313715 -0.449733 0.408429 -0.794309 0.850714 -0.075026 -0.520247
-3.261240 -10.897702 -169.131821 315.289208 0.269991 0.942281 0.198017 -0.596630 0.325137 -0.733702 0.755737 -0.079950 -0.649977
-6.036293 -9.467584 -18.367348 -15.640517 0.373210 0.925048 0.070709 -0.737693 0.249674 0.627273 -0.562604 0.286266 -0.775583
-6.449564 -9.546831 -14.848596 6.428923 0.447254 0.883670 0.138170 -0.678310 0.234430 0.696376 -0.582975 0.405179 -0.704251
-6.180411 -8.979350 -21.560980 -44.255691 0.430030 0.895730 0.112876 -0.813247 0.330034 0.479277 -0.392050 0.297900 -0.870375
0.046251 -7.102002 -15.894950 6.001697 -0.125953 0.977197 -0.170942 -0.445256 0.098297 0.889991 -0.886500 -0.188210 -0.422722
-0.031219 -6.744557 -22.060442 28.236403 -0.134230 0.975410 -0.174808 -0.315809 0.125099 0.940540 -0.939280 -0.181455 -0.291251
1.628770 -2.791568 -91.366042 20.119929 0.478903 0.864684 0.151572 -0.731376 0.488490 -0.475886 0.485532 -0.117047 -0.866348
2.035439 -3.216784 -90.958964 33.525847 0.467725 0.871499 0.147390 -0.713307 0.470651 -0.519308 0.521946 -0.137759 -0.841781
0.834636 -12.488247 14.536689 -23.739713 -0.117096 0.992786 0.025773 0.891024 0.093562 0.444211 -0.438595 -0.074980 0.895552
0.936423 -11.863077 9.691929 -38.682850 -0.132382 0.991016 0.019060 0.784087 0.092938 0.613653 -0.606368 -0.096181 0.789346
0.616097 -13.343417 0.708498 -30.653351 -0.088095 0.995507 0.034727 0.932696 0.070196 0.353767 -0.349739 -0.063554 0.934689
0.684863 -12.696574 13.212848 -6.702994 -0.086618 0.995644 0.034490 0.960300 0.074228 0.268912 -0.265180 -0.056413 0.962547
0.749658 -12.559047 2.866576 -57.068912 -0.113297 0.993263 0.024351 0.853435 0.084740 0.514264 -0.508736 -0.079047 0.857286
0.007486 -20.061812 -7.583843 55.685901 0.049530 0.992155 0.114787 0.891006 0.008036 -0.453921 0.451282 -0.124759 0.883617
0.479551 -22.248426 -12.911557 -129.245056 0.037032 0.991996 0.120713 0.991221 -0.021121 -0.130516 0.126922 -0.124487 0.984070
0.427544 -20.818677 -5.780001 4.394345 0.058669 0.992223 0.109780 0.912016 -0.008557 -0.410065 0.405936 -0.124179 0.905425
2.389621 -17.928304 19.278921 -322.373201 0.226299 0.974056 0.001725 -0.038270 0.010661 -0.999211 0.973306 -0.226054 -0.039690
3.007688 -14.910864 -8.825209 -306.799032 0.271267 0.962328 -0.018403 0.211267 -0.078185 -0.974296 0.939032 -0.260406 0.224518
2.312555 -14.221598 14.742370 -300.770272 0.201582 0.979114 -0.026481 0.223836 -0.072371 -0.971936 0.953552 -0.189997 0.233750
3.087517 -16.784092 32.730178 -369.779870 0.272044 0.962239 -0.009405 0.060132 -0.026754 -0.997832 0.960404 -0.270889 0.065139
-0.682616 -16.596319 -35.360280 434.435894 0.001598 0.960463 0.278404 0.884939 0.128296 -0.447686 0.465704 -0.247085 0.849746
-0.526508 -11.712285 -27.875259 131.687617 0.038974 0.967069 0.251512 0.799330 0.120870 -0.588610 0.599627 -0.223981 0.768297
0.728415 -20.241278 -28.154179 -343.018474 0.122973 0.990165 -0.066712 0.206582 -0.091291 -0.974161 0.970671 -0.106014 0.215777
0.412821 -15.823487 -11.241132 56.574805 0.110806 0.993821 0.006537 0.342636 -0.032026 -0.938922 0.932911 -0.106278 0.344067
0.038756 -14.904953 -13.422701 93.245220 0.113503 0.993309 0.021300 0.348597 -0.019739 -0.937065 0.930375 -0.113785 0.348505
-0.030755 -17.889213 -3.254401 -130.240587 0.005638 0.974644 0.223691 -0.027859 -0.223455 0.974316 -0.999596 0.011725 -0.025892
0.196507 -15.809133 -4.198714 -52.202659 -0.001149 0.985665 0.168708 -0.133985 -0.167339 0.976753 -0.990983 0.021482 -0.132256
0.413604 -16.674467 1.604592 -5.603198 0.004109 0.983915 0.178589 -0.288767 -0.169815 0.942219 -0.957391 0.055442 -0.283424
0.700798 -13.170511 66.940860 -160.928139 -0.069899 0.917636 0.391226 -0.194979 0.372053 -0.907502 0.978314 0.139714 -0.152914
-0.225136 -20.702644 44.163643 -569.003932 -0.069287 0.936500 0.343755 -0.351786 0.299511 -0.886871 0.933513 0.182377 -0.308695
-2.529347 -8.415417 -3.719928 -99.166658 0.477926 0.520291 0.707732 0.642837 0.341912 -0.685461 -0.598621 0.782556 -0.171053
-2.475565 -8.610194 -9.714818 -111.181844 0.346969 0.522791 0.778654 0.706541 0.400283 -0.583587 -0.616776 0.752637 -0.230487
-2.915790 -6.977834 -0.826260 -46.003370 0.458770 0.533040 0.710914 0.577562 0.429117 -0.694465 -0.675242 0.729196 -0.110997
-2.740181 -6.887807 13.096575 29.581897 0.567900 0.516135 0.641166 -0.508792 -0.392192 0.766365 -0.647008 0.761439 -0.039879
71.404148 -1138.315726 -3064.012179 6514.761797 0.629977 0.734785 -0.251434 0.705195 -0.405616 0.581528 0.325313 -0.543660 -0.773696
2.126399 -304.123803 163.116344 14327.394155 0.231492 0.970800 0.062916 0.726294 -0.215491 0.652733 -0.647231 0.105407 0.754971
41.802658 -179.820284 -806.417409 -7885.365138 0.150890 0.968626 -0.197472 0.036099 0.194227 0.980292 -0.987891 0.155044 0.005659
11.069195 -38.701508 -204.070596 2951.714415 0.711599 0.698331 -0.077211 0.469187 -0.554128 -0.687609 0.522963 -0.453075 0.721964
1.043455 -1.534080 -14.750849 231.248431 -0.074909 0.987696 -0.137281 0.521837 0.156140 0.838634 -0.849750 0.008818 0.527112
1.027035 -1.973755 -22.565829 176.144566 -0.063082 0.990747 -0.120174 0.489200 0.135652 0.861558 -0.869888 0.004440 0.493230
-0.127726 -10.807986 -3.748455 -101.658974 0.111829 0.991361 -0.068536 0.282382 -0.097828 -0.954301 0.952762 -0.087365 0.290883
-0.120085 -10.580978 -0.242619 -86.315524 0.103023 0.992476 -0.066170 0.241369 -0.089480 -0.966299 0.964949 -0.083579 0.248771
-0.023173 -9.242427 5.751475 -103.559255 0.094678 0.994863 -0.035822 0.421523 -0.072662 -0.903902 0.901861 -0.070480 0.426238
87.656952 -920.205583 2771.637563 -38982.157813 0.314037 -0.139264 -0.939141 0.105438 0.988180 -0.111279 0.943538 -0.064075 0.325009
-5.413957 -66.219128 -1176.872676 -2135.449564 -0.572191 -0.371818 -0.730992 0.411016 0.641298 -0.647922 0.709693 -0.671184 -0.214122
1.724588 -44.281160 -76.727739 1437.147619 0.884865 -0.232659 -0.403589 -0.456299 -0.607389 -0.650285 0.093841 -0.759571 0.643619
0.346663 -29.710027 93.880932 310.782168 0.848853 -0.216724 -0.482162 0.254083 0.967100 0.012620 0.463564 -0.133221 0.875991
0.734916 -25.986181 64.743053 105.048955 0.869843 -0.142311 -0.472356 -0.330270 -0.879245 -0.343294 0.366462 -0.454617 0.811806
1.510446 -34.405745 51.002064 966.058597 0.857286 -0.150282 -0.492418 -0.458788 -0.656989 -0.598230 0.233610 -0.738770 0.632176
-0.868978 -6.710981 5.726325 88.828052 -0.105649 0.994278 0.015789 -0.984991 -0.102456 -0.138908 0.136495 0.030228 -0.990179
-0.840897 -6.485174 7.285107 64.145191 -0.115510 0.993258 0.009821 -0.990935 -0.114546 -0.070189 0.068591 0.017840 -0.997485
0.440222 -8.207071 155.573470 296.766759 -0.063669 0.994452 0.083736 0.815750 0.100195 -0.569661 0.574890 -0.032038 0.817603
-0.193384 -10.056413 162.561065 70.430786 -0.007293 0.999521 0.030090 0.915767 0.018763 -0.401272 0.401644 -0.024629 0.915465
3.517454 -5.804780 -30.260105 -31.230972 0.189985 0.966090 0.174857 0.293024 0.114187 -0.949262 0.937039 -0.231583 0.261394
3.574468 -5.250878 -14.527075 -25.399395 0.220026 0.969419 0.108698 0.380851 0.017218 -0.924476 0.898077 -0.244806 0.365415
3.261042 -4.599065 69.118834 -21.767181 0.131850 0.988022 0.080178 0.439012 0.014317 -0.898367 0.888754 -0.153649 0.431866
-1.774558 -6.691938 -40.030452 -48.646077 -0.282227 0.958799 -0.032428 0.932107 0.266059 -0.245740 0.226988 0.099581 0.968793
-1.484948 -7.071387 6.121683 -30.696222 -0.252794 0.963778 -0.085015 0.916253 0.210249 -0.340993 0.310767 0.164096 0.936214
-0.725680 -6.918454 87.065573 -23.341346 -0.174377 0.968051 -0.180194 0.953542 0.120356 -0.276175 0.245664 0.219981 0.944064
-0.990245 -6.521616 -105.472059 -24.764491 0.118177 -0.972085 0.202693 0.985736 0.090211 -0.142080 0.119829 0.216593 0.968880
-0.009395 -6.700209 -32.692539 -41.534147 0.055062 0.977077 -0.205644 -0.941762 -0.017608 -0.335820 0.331742 -0.212158 -0.919204
0.196388 -11.011739 -30.401469 -16.206927 -0.095025 0.991896 0.084333 0.120278 -0.072656 0.990078 -0.988182 -0.104225 0.112399
0.415876 -10.841559 -20.632305 49.755472 -0.081182 0.993883 0.074870 -0.032681 -0.077732 0.996438 -0.996163 -0.078446 -0.038792
0.004494 -10.934853 -8.819028 25.246500 -0.077599 0.996160 0.040549 -0.097226 -0.048039 0.994102 -0.992233 -0.073199 -0.100580
-0.335945 -21.455615 4.676999 -261.580579 0.320290 0.942573 0.094710 0.386390 -0.038703 -0.921523 0.864937 -0.331750 0.376597
0.021848 -14.082823 -20.257204 -161.116050 0.220512 0.971791 -0.083647 -0.803931 0.132518 -0.579771 0.552331 -0.195093 -0.810474
0.094039 -15.336663 -34.952118 -308.317696 0.173209 0.975990 -0.132071 -0.890629 0.097971 -0.444052 0.420451 -0.194540 -0.886214
0.040475 -5.585079 -29.028355 -27.174494 -0.012198 0.984874 0.172842 0.690534 -0.116721 0.713820 -0.723197 -0.128061 0.678665
0.295153 -5.618310 0.351974 -36.591553 0.007855 0.982448 0.186372 0.683740 -0.141277 0.715919 -0.729683 -0.121807 0.672849
-0.184490 -8.800103 18.962524 74.894380 0.182555 0.982866 -0.025463 -0.928527 0.163831 -0.333161 0.323281 -0.084463 -0.942526
-0.291922 -10.010495 40.880165 112.636480 0.210590 0.977528 0.009565 -0.871331 0.192130 -0.451518 0.443209 -0.086751 -0.892211
-0.488725 -10.273224 9.677034 110.262181 0.212770 0.976943 -0.017642 -0.900021 0.188924 -0.392773 0.380384 -0.099448 -0.919466
0.055903 -9.072924 24.979183 94.105805 0.175978 0.984324 -0.011730 -0.910574 0.158242 -0.381856 0.374014 -0.077879 -0.924147
1.318748 -12.893951 10.058681 -94.690775 0.181544 0.973989 0.135600 0.472149 0.034627 -0.880838 0.862622 -0.223934 0.453582
1.282340 -11.835864 -19.068956 -30.280219 0.230135 0.961672 0.149077 0.556839 -0.004496 -0.830608 0.798103 -0.274164 0.536532
1.125889 -10.739070 4.014232 -77.283126 0.207074 0.968523 0.138141 0.661281 -0.034505 -0.749344 0.720990 -0.246520 0.647612
1.056636 -11.426103 36.730817 -119.885241 0.145365 0.979707 0.137998 0.597231 0.024310 -0.801701 0.788786 -0.198956 0.581578
0.895261 -9.369154 5.432276 -34.125169 0.191153 0.971616 0.139366 0.718729 -0.041851 -0.694030 0.668498 -0.232832 0.706328
-0.710541 -17.530573 40.800509 11.172968 0.117252 0.993095 -0.003896 -0.719177 0.087616 0.689280 -0.684862 0.078018 -0.724484
-0.045425 -16.151540 30.839621 111.903085 0.085169 0.995941 0.029109 -0.581015 0.025910 0.813480 -0.809424 0.086196 -0.580863
-0.058328 -15.796610 32.390126 -25.046143 0.113938 0.993462 0.007115 -0.759136 0.082439 0.645691 -0.640883 0.078970 -0.763566
1.633964 -20.746425 -16.719119 -23.902863 -0.144226 0.981086 -0.129110 -0.558162 0.027080 0.829290 -0.817101 -0.191669 -0.543700
1.573688 -22.087358 -4.257220 -53.471158 -0.144115 0.981526 -0.125848 -0.296040 0.078588 0.951937 -0.944241 -0.174445 -0.279245
1.653614 -21.905750 -48.798617 -38.520336 -0.204170 0.967199 -0.151130 -0.455689 0.042735 0.889113 -0.866407 -0.250399 -0.432017
1.656989 -23.310058 -20.852533 10.049126 -0.172226 0.975311 -0.138228 -0.137207 0.115206 0.983820 -0.975455 -0.188405 -0.113978
1.506180 -20.105566 -26.801363 -143.286128 -0.169367 0.975828 -0.138112 -0.725904 -0.028729 0.687196 -0.666617 -0.216644 -0.713223
1.532281 -22.204843 -49.106818 62.694993 -0.207304 0.965982 -0.154611 -0.225028 0.106720 0.968490 -0.952044 -0.235564 -0.195250
1.177467 -21.211659 -36.997515 -180.191975 -0.200787 0.968806 -0.145256 -0.691552 -0.035154 0.721470 -0.693859 -0.245314 -0.677039
1.188548 -22.001780 -4.672753 -39.988846 -0.180504 0.973001 -0.143830 -0.441822 0.050437 0.895684 -0.878756 -0.225222 -0.420789
1.329269 -3.470204 42.906711 42.724603 0.011839 0.851516 -0.524195 0.208782 -0.514782 -0.831510 0.977891 0.099598 0.183876
1.391741 -2.976887 32.100482 28.395349 0.028542 0.842831 -0.537420 0.157107 -0.534740 -0.830284 0.987169 0.060734 0.147677
0.549766 -4.459836 42.288873 69.143372 -0.027766 0.898077 -0.438962 0.254690 -0.418283 -0.871879 0.966624 0.136008 0.217117
2.037272 -3.181438 54.575084 25.986529 0.036497 0.848155 -0.528490 0.193904 -0.524802 -0.828845 0.980341 0.072226 0.183614
1.924032 -3.887187 62.095713 34.570613 -0.000706 0.881592 -0.472012 0.274573 -0.453700 -0.847801 0.961566 0.130200 0.241741
-0.884628 -7.605692 -1.584376 -38.506846 0.109949 0.979433 0.169183 0.878291 -0.016053 -0.477857 0.465313 -0.201132 0.861992
-0.911391 -7.981649 -2.220037 -21.339465 0.125014 0.982250 0.139845 0.802178 -0.017123 -0.596839 0.583851 -0.186794 0.790080
-0.842620 -7.318670 -7.091570 -23.727911 0.092688 0.981516 0.167438 0.885491 -0.004357 -0.464637 0.455319 -0.191331 0.869527
-0.957303 -7.413261 -2.744604 -1.130471 0.092766 0.985510 0.142005 0.817402 0.006061 -0.576036 0.568550 -0.169512 0.804995
-0.724098 -7.066562 -2.093182 -38.820151 0.071710 0.980791 0.181404 0.939780 -0.005506 -0.341734 0.334171 -0.194986 0.922123
-10.235635 -59.208387 -98.894680 -2379.402027 0.899882 -0.296884 -0.319488 0.158551 -0.459734 0.873789 0.406293 0.836962 0.366635
-5.748253 -30.599758 -58.199169 -1374.143619 0.907957 -0.348509 -0.232716 0.109880 -0.337908 0.934743 0.404403 0.874277 0.268512
-10.264471 -56.884156 -100.677880 -2245.894580 0.938374 -0.302706 -0.166804 0.012773 -0.451917 0.891969 0.345386 0.839131 0.420200
-5.866096 -39.801901 -154.188242 -1807.508870 0.896789 -0.360227 -0.256917 0.149951 -0.298856 0.942444 0.416275 0.883698 0.213994
-0.949033 -6.181160 -64.415541 143.118045 0.134362 0.990931 0.001428 -0.914627 0.123461 0.384986 -0.381319 0.053034 -0.922921
-2.868985 -9.530525 40.383372 272.366617 -0.397720 0.912845 0.092375 -0.911207 -0.404760 0.076620 -0.107331 0.053699 -0.992772
-1.937836 -10.045438 -32.230656 302.486064 -0.212158 0.973498 0.085386 -0.953536 -0.225347 0.199970 -0.213912 0.038994 -0.976074
-7.080540 -10.609624 4.561249 90.361561 -0.279029 0.951730 -0.127877 -0.320242 -0.217767 -0.921967 0.905311 0.216304 -0.365548
-6.101299 -9.278159 -23.863008 82.492241 -0.420971 0.851007 -0.313960 -0.329300 -0.465891 -0.821284 0.845189 0.242350 -0.476363
-6.073185 -9.677043 -20.219672 1.892785 0.354346 0.931671 0.080177 -0.644385 0.181146 0.742936 -0.677648 0.314921 -0.664544
-6.441495 -9.578843 -10.953153 6.451892 0.429158 0.885630 0.177431 -0.610772 0.139826 0.779363 -0.665418 0.442840 -0.600926
0.362536 -7.114175 -4.900725 -0.798670 -0.128010 0.980030 -0.152167 -0.541922 0.059380 0.838329 -0.830623 -0.189777 -0.523498
0.277505 -7.128017 -14.042746 -10.780277 -0.146591 0.978849 -0.142711 -0.644880 0.014831 0.764140 -0.750094 -0.204047 -0.629066
0.551263 -2.376036 -112.865199 22.973986 0.468526 0.874425 0.125949 -0.759999 0.471626 -0.447181 0.450427 -0.113795 -0.885532
1.928610 -2.525995 -95.854581 2.248064 0.422990 0.895923 0.135655 -0.783591 0.436844 -0.441760 0.455043 -0.080562 -0.886818
2.730573 -3.029171 -36.987451 7.736127 0.437554 0.873932 0.211634 -0.714687 0.480833 -0.507959 0.545682 -0.071007 -0.834979
2.761131 -2.908551 -33.529365 0.849294 0.418545 0.881918 0.216888 -0.750171 0.470326 -0.464797 0.511921 -0.031835 -0.858442
1.106176 -11.203708 11.095365 -81.216049 -0.155718 0.987507 0.024113 0.692868 0.091793 0.715198 -0.704049 -0.128076 0.698506
1.137298 -11.118660 7.227864 -30.253376 -0.161504 0.986412 0.030143 0.606694 0.075150 0.791375 -0.778356 -0.146098 0.610588
1.035357 -10.873086 6.573139 -17.329655 -0.148113 0.988682 0.023895 0.577665 0.066878 0.813529 -0.802724 -0.134298 0.581033
1.057546 -11.567681 8.519481 -44.009380 -0.131909 0.991047 0.020658 0.638029 0.068936 0.766920 -0.758629 -0.114344 0.641410
-0.271214 -18.975550 -5.491741 190.354171 0.049281 0.992946 0.107844 0.793937 0.026568 -0.607420 0.606000 -0.115556 0.787027
-0.821847 -18.906809 -40.724941 125.931759 0.051903 0.990448 0.127742 0.850159 0.023291 -0.526011 0.523962 -0.135902 0.840829
-1.250616 -19.802257 -49.971118 45.774386 0.031159 0.990609 0.133129 0.944078 0.014573 -0.329399 0.328246 -0.135948 0.934758
-0.457481 -13.485798 29.855586 149.963578 0.210601 0.976430 0.047244 -0.965714 0.215308 -0.145047 0.151800 0.015077 -0.988296
-1.283523 -12.171279 28.492330 -65.505162 0.202855 0.978489 0.037535 0.979209 -0.202730 -0.007149 0.000615 0.038205 -0.999270
-0.822750 -12.097583 32.827550 -72.976640 0.217259 0.974644 0.053540 0.975289 -0.214494 -0.052949 -0.040123 0.063721 -0.997161
0.087578 -12.230170 31.115810 -111.362820 0.230178 0.971212 0.061370 0.973065 -0.228874 -0.027576 -0.012736 0.066064 -0.997734
-0.471228 -12.070268 51.783189 -22.879980 0.231425 0.969883 0.075961 -0.957577 0.213313 0.193764 -0.171724 0.117580 -0.978103
-3.680188 -20.001761 0.567897 579.261265 -0.054648 0.995993 0.070795 0.961548 0.071604 -0.265138 0.269145 -0.053584 0.961608
-3.627397 -12.901724 -3.110211 277.939364 0.041660 0.997382 0.059112 0.893816 -0.010765 -0.448304 0.446494 -0.071511 0.891924
-3.941891 -12.311942 2.356807 391.167397 -0.024696 0.999690 0.003015 0.910798 0.023743 -0.412168 0.412112 0.007433 0.911103
-0.159480 -12.417546 1.407926 115.671579 0.023351 0.970480 0.240048 0.805001 0.124129 -0.580142 0.592813 -0.206786 0.778339
-0.227890 -12.339241 -4.458707 -160.523362 0.079608 0.977821 0.193721 0.727058 0.075993 -0.682358 0.681946 -0.195168 0.704883
12.174155 -13.134000 809.604176 -491.258110 0.001085 0.999984 -0.005561 0.827883 -0.004018 -0.560886 0.560899 0.003995 0.827874
0.284046 -15.771597 106.247238 -532.027870 0.144901 0.989317 -0.015973 0.742563 -0.119401 -0.659047 0.653914 -0.083636 0.751932
4.497199 -23.366581 253.383770 -891.283534 0.097425 0.994714 0.032453 0.678126 -0.042479 -0.733717 0.728460 -0.093490 0.678680
0.792631 -23.494680 21.404387 -407.679887 0.057022 0.980252 0.189350 0.049740 -0.192213 0.980092 -0.997133 0.046469 0.059718
0.815826 -20.084823 -13.186327 -421.334384 0.026373 0.975516 0.218344 -0.280913 -0.202386 0.938151 -0.959371 0.086078 -0.268698
0.453945 -18.971809 12.762170 -455.236934 0.062122 0.977625 0.200975 -0.207098 -0.184355 0.960793 -0.976346 0.101308 -0.191012
-0.418344 -22.401681 59.954076 -458.168447 0.092680 0.974670 0.203539 0.047538 -0.208517 0.976863 -0.994560 0.080860 0.065659
