13677
27340
-6.835899 -9.400961 37.834607 -147.268076 0.141305 -0.338014 0.930473 0.347875 0.896915 0.272994 -0.926831 0.285113 0.244325
-7.343627 -10.955675 25.812930 -121.488739 0.202600 -0.232247 0.951323 0.437122 0.890762 0.124370 -0.876286 0.390646 0.281988
-8.401119 -11.979054 -19.663097 -291.496421 0.324098 0.348668 0.879427 0.218456 0.876895 -0.428172 -0.920455 0.330886 0.208031
-6.290341 -10.064704 -41.735173 -116.709584 0.169590 -0.494974 0.852197 0.461538 0.803923 0.375088 -0.870759 0.329710 0.364787
-6.517016 -8.337675 -3.514422 -163.924718 0.138165 -0.213799 0.967058 0.226216 0.957424 0.179349 -0.964229 0.193984 0.180648
-5.395189 -8.538706 -11.387096 -109.218550 0.092136 -0.608804 0.787952 0.341935 0.762543 0.549189 -0.935196 0.218828 0.278429
-7.797089 -10.213750 -74.025347 -69.399658 0.433697 -0.892784 -0.121833 0.871753 0.381535 0.307372 -0.227934 -0.239515 0.943758
-7.297352 -10.547247 101.279181 -32.929614 -0.381745 0.924095 0.017858 0.903729 0.369142 0.216814 -0.193764 -0.098906 0.976050
-7.657900 -9.908685 74.201440 -74.309607 -0.455409 0.888043 0.063100 0.812376 0.385517 0.437519 -0.364209 -0.250510 0.896993
-8.303750 -10.668492 -32.009697 6.522196 0.490569 -0.840549 -0.229823 0.871402 0.473342 0.128864 0.000469 -0.263485 0.964663
-8.209626 -10.217170 -3.382288 -116.074013 0.500754 -0.837938 -0.217040 0.819709 0.378510 0.429892 -0.278071 -0.393180 0.876405
-8.426726 -10.385849 20.408788 -55.480429 0.463813 -0.850564 -0.247827 0.875205 0.396502 0.277132 -0.137455 -0.345437 0.928321
-0.210004 -3.923179 16.775642 -43.903458 0.628417 -0.034888 0.777094 0.688918 0.488870 -0.535162 -0.361227 0.871659 0.331249
-0.677718 -3.966459 30.391973 -52.051121 0.562421 -0.075329 0.823412 0.733207 0.505770 -0.454538 -0.382217 0.859373 0.339688
-0.302924 -3.277844 22.122058 -61.558694 0.571005 -0.075152 0.817499 0.711226 0.542629 -0.446892 -0.410014 0.836604 0.363294
4.095700 -8.593003 139.649404 -5.610155 -0.410090 0.353389 -0.840799 0.887243 0.368101 -0.278029 0.211247 -0.860010 -0.464497
4.305550 -8.653180 237.488202 -36.975873 -0.451565 0.370020 -0.811895 0.849709 0.455928 -0.264808 0.272182 -0.809453 -0.520291
1.957140 -8.376432 220.570300 18.954806 -0.484777 0.377224 -0.789109 0.858584 0.377311 -0.347089 0.166809 -0.845777 -0.506790
5.819535 -8.667370 113.426463 -42.129750 -0.380546 0.321204 -0.867187 0.857888 0.472737 -0.201364 0.345272 -0.820578 -0.455455
1.832233 -8.241367 108.446294 35.188155 -0.470634 0.336281 -0.815732 0.876652 0.282917 -0.389151 0.099920 -0.898261 -0.427953
5.671912 -8.505121 -25.171152 -18.643836 -0.311679 0.242345 -0.918763 0.905229 0.369641 -0.209586 0.288820 -0.897014 -0.334587
0.906397 -0.889417 -11.507469 11.156663 0.428319 0.376070 0.821653 0.566375 0.596783 -0.568392 -0.704104 0.708817 0.042616
1.340496 -1.209174 21.792694 18.195141 0.476640 0.373203 0.795948 0.552063 0.577543 -0.601391 -0.684135 0.726060 0.069249
1.343124 -1.139449 6.019916 34.155191 0.373428 0.305840 0.875793 0.605917 0.634462 -0.479920 -0.702436 0.709873 0.051612
1.253117 -1.008907 -7.655461 24.826477 0.264236 0.250450 0.931372 0.646876 0.670249 -0.363755 -0.715354 0.698600 0.015093
0.736237 -0.579211 -15.197130 9.086329 0.285088 0.265022 0.921134 0.635920 0.666753 -0.388648 -0.717169 0.696566 0.021550
0.244058 -0.914750 3.681223 -26.894874 0.299710 0.274161 0.913789 0.621793 0.670305 -0.405049 -0.723565 0.689585 0.030425
-0.058664 -11.862385 19.664392 57.358251 -0.093654 0.045859 -0.994548 0.810035 0.584302 -0.049336 0.578854 -0.810239 -0.091870
0.102932 -11.688223 23.517522 -11.579841 -0.104248 0.045987 -0.993488 0.697258 0.715701 -0.040036 0.709199 -0.696891 -0.106675
-0.355915 -11.300152 21.714168 19.253151 -0.116123 0.031910 -0.992722 0.791691 0.606531 -0.073112 0.599784 -0.794419 -0.095695
-0.587493 -11.609601 18.705087 48.367982 -0.101117 0.036451 -0.994207 0.870616 0.486858 -0.070697 0.481460 -0.872720 -0.080965
-0.752671 -11.546416 19.129796 24.239991 -0.106683 0.025239 -0.993973 0.869223 0.487756 -0.080908 0.482774 -0.872615 -0.073973
-0.595107 -11.329703 10.192745 14.512926 -0.126223 0.001225 -0.992001 0.767411 0.633797 -0.096863 0.628608 -0.773499 -0.080939
2.544963 -18.221542 60.608443 -216.515176 0.026539 0.386340 0.921975 0.360870 0.856403 -0.369251 -0.932239 0.342512 -0.116690
3.338096 -22.165575 52.247412 -207.529391 0.002788 0.369531 0.929214 0.603890 0.740025 -0.296107 -0.797063 0.561969 -0.221093
1.946001 -18.483922 80.079485 -151.640201 0.057246 0.303670 0.951056 0.425504 0.854343 -0.298402 -0.903144 0.421761 -0.080305
3.192817 -22.531208 -24.087607 -375.945314 -0.037639 0.438447 0.897969 0.520402 0.775737 -0.356952 -0.853092 0.453869 -0.257366
1.982099 -16.604764 -7.544136 -282.025387 -0.001882 0.439633 0.898176 0.263904 0.866554 -0.423602 -0.964547 0.236235 -0.117651
-0.521945 -7.936753 27.356639 58.237938 0.042861 0.198133 0.979238 0.832529 -0.548932 0.074627 0.552321 0.812045 -0.188479
-0.371837 -8.115823 0.629656 11.719236 0.048565 0.206731 0.977192 0.823409 -0.562064 0.077986 0.565366 0.800841 -0.197520
-0.505763 -8.174742 -4.337975 -43.856121 0.036759 0.231814 0.972065 0.777705 -0.617485 0.117846 0.627554 0.751648 -0.202981
-0.332764 -8.998459 -22.054712 83.330133 0.041838 0.213434 0.976061 0.892956 -0.446222 0.059299 0.448196 0.869098 -0.209256
-0.451539 -7.420829 10.925231 -54.101702 0.000641 0.258233 0.966082 0.771488 -0.614791 0.163822 0.636243 0.745216 -0.199618
-0.358455 -10.169225 45.852855 134.383556 0.058928 0.159615 0.985419 0.911843 -0.410366 0.011942 0.406289 0.897843 -0.169726
-0.926103 -9.437992 71.649370 177.132037 0.079394 0.144650 0.986293 0.869895 -0.493232 0.002313 0.486805 0.857787 -0.164990
-0.724452 -7.392776 44.202030 117.346195 0.023641 0.214564 0.976424 0.800314 -0.589378 0.110136 0.599114 0.778842 -0.185653
5.215652 -9.145904 126.938385 -42.590261 0.173608 0.349373 0.920760 0.911754 -0.410417 -0.016181 0.372242 0.842316 -0.389794
25.414609 -7.933172 1103.289988 -25.104079 0.339927 0.186798 0.921714 0.769293 -0.618982 -0.158269 0.540960 0.762868 -0.354111
4.088201 -8.974461 133.646398 -42.320286 0.112339 0.327816 0.938039 0.890346 -0.452366 0.051461 0.441206 0.829398 -0.342688
19.103397 -7.505385 888.645103 -0.607446 0.425462 0.227240 0.875982 0.799591 -0.547726 -0.246272 0.423835 0.805207 -0.414736
2.185410 -8.448669 66.711246 -57.303445 0.109236 0.306014 0.945739 0.940775 -0.339029 0.001037 0.320951 0.889615 -0.324925
2.497513 -6.760344 -26.877697 -1.880556 -0.039200 0.135393 0.990016 -0.194309 0.970832 -0.140463 -0.980157 -0.197875 -0.011748
2.074558 -6.577394 -32.576205 12.317874 -0.035925 0.148106 0.988319 -0.073514 0.985886 -0.150413 -0.996647 -0.078059 -0.024530
2.325868 -6.745968 17.209386 7.231749 0.002809 0.184497 0.982829 -0.154775 0.971070 -0.181848 -0.987946 -0.151606 0.031283
14.388729 -23.709923 818.137999 179.374894 0.374748 -0.035643 0.926441 0.882871 -0.291326 -0.368332 0.283025 0.955959 -0.077706
3.424376 -30.209295 172.884461 -558.849457 0.231017 0.018585 0.972772 0.965473 0.119336 -0.231563 -0.120390 0.992680 0.009625
30.881172 -22.684863 1631.499789 -378.004317 0.554496 0.070261 0.829215 0.831055 0.005188 -0.556166 -0.043379 0.997515 -0.055514
50.063568 -21.814709 2632.454890 436.608577 0.524805 -0.114962 0.843424 0.746713 -0.413506 -0.520991 0.408655 0.903215 -0.131166
169.983264 -19.512231 8917.080142 233.231367 0.781576 0.016374 0.623595 -0.613137 0.204285 0.763106 0.114896 0.978775 -0.169703
-1.721125 -23.236343 15.707381 92.865320 -0.462854 0.418783 -0.781273 0.771557 -0.243598 -0.587673 -0.436424 -0.874803 -0.210365
-1.575111 -24.024872 15.680542 -21.368693 -0.510846 0.424820 -0.747371 0.841133 0.067424 -0.536609 -0.177572 -0.902764 -0.391773
-1.656171 -22.091026 -11.106203 12.452157 -0.489293 0.404683 -0.772543 0.838011 -0.027145 -0.544977 -0.241514 -0.914054 -0.325847
-1.643499 -23.694891 -32.242080 -136.824214 -0.528891 0.393166 -0.752127 0.848074 0.211087 -0.486017 -0.032321 -0.894909 -0.445076
-1.456502 -21.493477 4.477770 49.657100 -0.453355 0.396886 -0.798092 0.737579 -0.335683 -0.585913 -0.500447 -0.854282 -0.140551
-1.501454 -23.667902 -19.926315 -165.793420 -0.529291 0.391041 -0.752952 0.848045 0.216758 -0.483565 -0.025885 -0.894484 -0.446349
-1.511907 -21.646155 13.447602 -34.257353 -0.485063 0.415111 -0.769673 0.825029 -0.074542 -0.560152 -0.289898 -0.906712 -0.306321
1.620417 -2.051619 -1.625122 14.810371 0.333074 0.388766 0.859024 0.540904 0.667450 -0.511794 -0.772324 0.635115 0.012025
1.562620 -2.213837 -6.604080 15.818820 0.345769 0.402420 0.847645 0.513693 0.674781 -0.529897 -0.785215 0.618651 0.026598
1.714710 -2.470511 23.333201 18.274044 0.342991 0.413731 0.843317 0.508090 0.673394 -0.537015 -0.790064 0.612673 0.020756
1.686064 -2.247254 13.917511 12.281288 0.296218 0.370819 0.880198 0.566257 0.673949 -0.474495 -0.769160 0.638973 -0.010343
1.607925 -1.841544 -5.782301 18.234083 0.297998 0.344607 0.890193 0.584458 0.671457 -0.455582 -0.754722 0.656043 -0.001315
3.716559 -62.041493 -15.152748 1514.396451 0.550314 -0.435755 0.712230 0.589744 -0.400988 -0.701006 0.591063 0.805807 0.036315
8.314410 -172.890007 296.030714 11138.179458 0.573796 -0.483861 0.660785 0.637941 -0.241914 -0.731102 0.513604 0.841045 0.169865
2.114776 -93.415404 14.599393 4059.575707 0.503081 -0.426279 0.751795 0.786943 -0.133642 -0.602379 0.357253 0.894665 0.268225
0.790864 -6.549616 -20.534192 11.597877 -0.060053 -0.129600 0.989746 -0.467822 0.879552 0.086786 -0.881780 -0.457813 -0.113449
0.289240 -6.441856 -5.621583 1.836908 -0.058115 -0.128972 0.989944 -0.343683 0.933589 0.101454 -0.937286 -0.334331 -0.098581
0.804599 -6.464843 -38.301440 2.068634 -0.068258 -0.108034 0.991801 -0.407574 0.910399 0.071117 -0.910617 -0.399378 -0.106174
3.000928 -1.262671 52.537162 70.675169 0.238466 -0.018283 -0.970979 0.860396 0.467666 0.202501 0.450392 -0.883716 0.127253
2.567224 0.102565 37.792325 141.820471 0.313108 0.057636 -0.947967 0.812656 0.500289 0.298833 0.491481 -0.863938 0.109806
2.346850 -2.041297 54.701193 53.254670 0.195884 0.010145 -0.980575 0.873702 0.452247 0.179213 0.445280 -0.891835 0.079724
3.256235 -0.404750 57.809712 127.318221 0.290697 0.003680 -0.956808 0.831247 0.494250 0.254450 0.473839 -0.869312 0.140618
3.387767 -0.460223 35.154737 76.541898 0.192043 -0.128385 -0.972953 0.877398 0.466599 0.111613 0.439649 -0.875102 0.202252
2.737913 1.532414 3.362634 -28.939508 -0.164023 -0.270719 -0.948582 0.891543 0.370875 -0.260005 0.422193 -0.888349 0.180525
2.578939 2.083727 26.961145 -93.733445 0.695972 0.287904 -0.657825 -0.532811 -0.407098 -0.741879 0.481389 -0.866823 0.129930
2.775923 0.681836 37.282350 146.400565 0.186699 -0.085290 -0.978708 0.859409 0.496852 0.120643 0.475983 -0.863634 0.166061
-1.375563 -5.864357 -46.211629 41.867741 0.244566 -0.301537 -0.921555 0.957659 0.224019 0.180847 0.151913 -0.926764 0.343557
-1.784341 -6.012144 -27.313151 44.368935 0.264066 -0.270112 -0.925910 0.950424 0.236308 0.202120 0.164205 -0.933380 0.319122
-1.300087 -5.102066 -39.916489 68.237514 0.199946 -0.303307 -0.931679 0.950790 0.289759 0.109716 0.236684 -0.907769 0.346318
-0.389927 -5.502797 -67.799211 45.702113 0.187945 -0.331247 -0.924636 0.968051 0.221578 0.117391 0.165994 -0.917158 0.362308
-0.138590 -4.299951 -76.443822 71.274869 0.151502 -0.342294 -0.927298 0.951931 0.303194 0.043608 0.266224 -0.889330 0.371774
-6.744197 -10.401604 102.793010 70.595148 -0.374378 0.927267 0.004245 0.901723 0.365124 -0.231473 0.216187 0.082830 0.972832
-6.548738 -9.729484 97.283032 42.880513 -0.395550 0.916839 0.054278 0.827069 0.381272 -0.413024 0.399372 0.118480 0.909101
-6.050282 -9.622787 44.744297 33.591497 -0.365261 0.930856 -0.009541 0.851777 0.330060 -0.406862 0.375581 0.156738 0.913440
-7.015613 -9.998721 36.935012 64.815214 -0.380642 0.908044 0.174833 0.855906 0.417532 -0.305109 0.350051 -0.033503 0.936131
-5.869428 -9.879374 15.291084 74.308277 -0.335263 0.941968 -0.017157 0.904564 0.316753 -0.285361 0.263367 0.111191 0.958266
7.885633 -41.788696 -19.820011 -133.064222 0.416299 -0.584709 0.696284 0.888304 0.424898 -0.174294 -0.193938 0.691070 0.696283
9.101539 -44.843233 -65.900421 -1075.205399 0.371822 -0.529903 0.762202 0.782081 0.621142 0.050314 -0.500097 0.577396 0.645381
8.840624 -44.512433 -31.727502 456.373129 0.322733 -0.501677 0.802598 0.931203 0.320088 -0.174371 -0.169424 0.803657 0.570466
8.746384 -43.215679 105.793864 -1267.019830 0.467632 -0.633836 0.616094 0.704122 0.688469 0.173847 -0.534352 0.352509 0.768248
7.498366 -47.125623 -92.197528 1597.713274 0.397036 -0.581104 0.710409 0.885288 0.038273 -0.463466 0.242132 0.812929 0.529640
5.548545 -42.761718 36.459216 912.246877 0.456000 -0.672641 0.582767 0.854301 0.147279 -0.498475 0.249466 0.725164 0.641798
6.805725 -39.793438 128.084841 -506.972054 0.469711 -0.687493 0.553828 0.861113 0.495053 -0.115791 -0.194568 0.531297 0.824541
-1.463246 -11.470878 -47.179476 -407.378924 -0.001844 0.223797 -0.974634 -0.190074 0.956789 0.220060 0.981768 0.185659 0.040774
-0.567215 -7.792014 105.010433 -99.162905 -0.013222 -0.087054 -0.996116 -0.193731 0.977549 -0.082860 0.980965 0.191883 -0.029790
-1.728911 -10.514420 58.155779 -320.788715 -0.081252 0.186929 -0.979008 -0.284614 0.937004 0.202530 0.955193 0.295095 -0.022931
-1.382634 -15.432288 23.498941 -373.139796 -0.125482 0.331895 -0.934933 -0.459860 0.815572 0.351242 0.879081 0.474013 0.050286
-0.254168 -3.481476 3.006786 -156.395746 -0.115547 0.059813 0.991500 0.899549 0.429632 0.078913 -0.421260 0.901021 -0.103447
-0.604557 -2.870509 33.589472 -130.461420 -0.041649 0.073857 0.996399 0.892908 0.450221 0.003951 -0.448308 0.889857 -0.084699
-0.169955 -2.296431 -8.904118 24.650795 -0.021415 0.121472 0.992364 0.919211 0.392751 -0.028239 -0.393182 0.911587 -0.120069
12.176512 -15.437873 -210.015076 -166.871567 0.645403 -0.235404 -0.726663 0.284270 0.957016 -0.057546 0.708974 -0.169428 0.684580
13.967417 -16.547862 -69.128245 -64.026223 0.542714 -0.254172 -0.800536 0.174157 0.966452 -0.188783 0.821663 -0.036964 0.568773
12.742861 -15.197933 -87.162873 -146.448541 0.488905 -0.236292 -0.839725 0.357469 0.932349 -0.054230 0.795731 -0.273662 0.540297
12.237102 -16.924631 -269.217974 -97.879496 0.721070 -0.217787 -0.657744 0.142416 0.975631 -0.166917 0.678068 0.026686 0.734514
9.848580 -12.929976 -186.188957 -247.270511 0.646843 -0.249867 -0.720528 0.454710 0.884854 0.101356 0.612236 -0.393193 0.685978
9.104812 -14.923569 -281.310631 -236.148075 0.765872 -0.217487 -0.605094 0.291724 0.956161 0.025568 0.573007 -0.196102 0.795743
-0.053879 -4.132055 -103.192052 -87.658706 -0.040328 0.127859 0.990972 0.908322 -0.408545 0.089676 0.416322 0.903739 -0.099661
-1.099557 -3.448658 3.937540 -87.471931 -0.048106 0.078174 0.995778 0.923284 -0.376886 0.074191 0.381095 0.922955 -0.054047
-1.450926 -4.734565 18.723300 -76.605018 -0.049463 0.064607 0.996684 0.892112 -0.445849 0.073174 0.449098 0.892774 -0.035584
-0.541549 -5.136898 -111.307624 -60.710169 -0.022677 0.117015 0.992871 0.869513 -0.487815 0.077351 0.493389 0.865069 -0.090684
1.339733 -4.898752 -220.732472 -63.555408 -0.043592 0.159826 0.986182 0.875837 -0.468783 0.114687 0.480635 0.868734 -0.119547
1.626007 -3.791363 -186.651761 -81.080966 -0.094152 0.167495 0.981367 0.908321 -0.389071 0.153549 0.407540 0.905853 -0.115507
-2.490348 -3.002860 -21.414118 -44.082902 0.307928 -0.108656 -0.945185 0.819065 0.535727 0.205254 0.484058 -0.837371 0.253962
-1.819059 -3.167252 -48.455485 -60.497767 0.081723 -0.304309 -0.949061 0.862251 0.499159 -0.085804 0.499844 -0.811317 0.303183
-1.794893 -2.259867 -40.281296 -18.901350 0.464588 -0.065525 -0.883099 0.756544 0.547654 0.357373 0.460216 -0.834135 0.304006
-0.409396 -6.536349 -30.531852 8.743065 0.048590 0.066058 0.996632 0.997361 0.050690 -0.051985 -0.053953 0.996527 -0.063421
-0.913547 -6.474068 -36.692892 23.266657 0.153802 0.063685 0.986047 0.988095 -0.006343 -0.153712 -0.003535 0.997950 -0.063902
0.023342 -5.979507 -46.022686 47.104343 0.098005 0.079303 0.992021 0.992181 -0.085195 -0.091210 0.077282 0.993203 -0.087033
0.412458 -6.181656 -28.171444 55.291229 0.041517 0.067110 0.996881 0.996664 -0.072950 -0.036597 0.070267 0.995075 -0.069915
0.674066 -5.234273 -28.292594 75.944998 0.062776 0.067572 0.995737 0.984291 -0.169157 -0.050575 0.165019 0.983270 -0.077130
0.220263 -4.950161 -47.250715 79.901093 0.122178 0.077692 0.989463 0.973498 -0.203568 -0.104223 0.193326 0.975973 -0.100505
0.920318 -12.501132 61.318915 19.472645 -0.148163 0.341070 -0.928288 0.971911 0.223770 -0.072909 0.182856 -0.913016 -0.364644
0.676767 -12.573788 57.593555 -56.821775 -0.159903 0.336928 -0.927853 0.913200 0.407401 -0.009439 0.374828 -0.848825 -0.372827
0.347185 -11.927222 61.151697 -56.237892 -0.142167 0.355613 -0.923757 0.948283 0.316511 -0.024096 0.283810 -0.879409 -0.382219
1.556158 -20.823287 -36.152216 462.568826 -0.270155 0.437886 0.857480 0.876427 -0.256871 0.407300 0.398613 0.861553 -0.314380
2.052168 -23.844215 -29.937235 292.432848 -0.263487 0.428083 0.864476 0.961895 0.048754 0.269037 0.073024 0.902423 -0.424617
1.214394 -23.775979 -82.721246 259.119231 -0.274407 0.461619 0.843569 0.958711 0.063222 0.277266 0.074659 0.884823 -0.459908
-1.923096 -8.096782 -42.277769 229.134069 -0.247590 0.220846 0.943359 0.117928 0.973304 -0.196905 -0.961661 0.062497 -0.267024
-1.444357 -11.912532 -80.293795 328.651797 -0.270262 0.145063 0.951796 -0.038209 0.986189 -0.161155 -0.962028 -0.079921 -0.260987
-2.116630 -8.284178 -5.221686 237.408772 -0.202738 0.176147 0.963260 0.082792 0.983249 -0.162377 -0.975727 0.046830 -0.213925
-2.183914 -5.986700 22.565742 73.450967 -0.168167 0.332156 0.928112 0.194331 0.934215 -0.299128 -0.966414 0.130058 -0.221653
4.104650 -8.836818 10.277087 125.653245 -0.150307 0.506482 -0.849049 0.859221 0.491728 0.141222 0.489027 -0.708294 -0.509090
4.231967 -8.609930 -19.363904 62.437361 -0.167601 0.452240 -0.876007 0.918479 0.394482 0.027925 0.358197 -0.799914 -0.481489
3.816003 -8.333424 -18.064733 72.397480 -0.162683 0.430599 -0.887760 0.855060 0.510495 0.090920 0.492347 -0.744298 -0.451237
-0.029046 -6.838796 1.487427 61.806337 -0.012727 0.044357 0.998935 0.999831 -0.012665 0.013301 0.013242 0.998935 -0.044188
-0.141826 -7.232786 14.221089 17.283140 -0.067690 0.036611 0.997034 0.995634 0.066860 0.065140 -0.064277 0.997090 -0.040977
-0.140877 -6.799115 -16.254735 -10.744067 -0.055304 0.044694 0.997469 0.991135 0.123320 0.049427 -0.120799 0.991360 -0.051118
-0.429978 -5.836706 -27.454980 -93.839044 -0.082128 0.054890 0.995109 0.966297 0.248820 0.066026 -0.243979 0.966993 -0.073475
-0.701368 -6.044657 -23.417235 -45.723120 -0.001150 0.049781 0.998759 0.982963 0.183627 -0.008020 -0.183798 0.981735 -0.049144
1.984728 -35.986156 118.411796 1048.452594 -0.018602 0.163869 0.986307 0.943940 0.328069 -0.036703 -0.329591 0.930332 -0.160785
1.520012 -29.481265 -21.244696 755.023748 -0.029934 0.155265 0.987419 0.981251 0.192734 -0.000559 -0.190396 0.968889 -0.158123
0.885807 -33.635304 -2.598211 299.287482 -0.015839 0.154784 0.987821 0.836028 0.543964 -0.071830 -0.548458 0.824709 -0.138019
1.962424 -26.513433 -7.896820 591.724217 0.007026 0.166562 0.986006 0.999786 0.018018 -0.010168 -0.019459 0.985866 -0.166400
4.010626 -34.413237 282.098911 173.161337 -0.040980 0.170276 0.984544 0.707652 0.700583 -0.091711 -0.705371 0.692956 -0.149206
-1.320670 -9.195859 -13.815545 -19.065040 0.139522 -0.211419 0.967386 0.934804 -0.294112 -0.199100 0.326613 0.932095 0.156601
-1.551583 -9.307137 -12.693676 -8.415717 0.138986 -0.229193 0.963407 0.948355 -0.249314 -0.196125 0.285142 0.940911 0.182705
-1.103164 -8.523397 1.444435 22.043810 0.150763 -0.236512 0.959861 0.890733 -0.388656 -0.235671 0.428795 0.890510 0.152074
-1.054257 -9.445382 -18.246706 -35.558266 0.149642 -0.227343 0.962249 0.949256 -0.239243 -0.204146 0.276622 0.943969 0.180006
-1.317611 -26.088382 -15.508113 84.959424 0.144099 0.272125 -0.951411 0.852941 -0.521624 -0.020011 -0.501725 -0.808614 -0.307272
-1.391473 -27.805665 43.451938 96.264976 0.182925 0.301911 -0.935622 0.762180 -0.644670 -0.059010 -0.620984 -0.702318 -0.348037
-1.538931 -26.843001 44.790321 57.414997 0.157307 0.313904 -0.936333 0.904257 -0.426898 0.008801 -0.396956 -0.848070 -0.351004
-1.235750 -27.580156 5.118372 12.676874 -0.155582 -0.276232 0.948415 -0.659517 0.743825 0.108454 -0.735413 -0.608622 -0.297905
-1.386013 -24.298788 -7.550370 222.247695 0.126770 0.291531 -0.948124 0.979743 -0.186182 0.073750 -0.155023 -0.938268 -0.309228
-0.883722 -24.550031 -27.763758 119.041871 0.129959 0.267987 -0.954617 0.938309 -0.344399 0.031057 -0.320446 -0.899762 -0.296213
-0.952179 -26.663698 -38.257741 53.961272 0.133475 0.264511 -0.955101 0.777863 -0.625124 -0.064419 -0.614096 -0.734339 -0.289192
1.578082 -18.222853 47.559515 -99.682741 0.019547 0.021871 -0.999570 -0.152021 0.988201 0.018649 0.988184 0.151591 0.022641
0.863114 -18.201146 26.833431 177.457936 0.011198 0.021019 -0.999716 0.057388 0.998118 0.021628 0.998289 -0.057614 0.009970
1.514404 -17.676412 62.051729 -69.006401 0.032977 0.057996 -0.997772 -0.025393 0.998041 0.057172 0.999134 0.023451 0.034385
0.568042 -41.725674 19.923076 718.897905 -0.020343 0.317826 -0.947931 -0.229661 0.921288 0.313822 0.973058 0.224087 0.054250
-0.241817 -44.869596 -79.836539 1024.610367 0.018125 0.335697 -0.941796 -0.278759 0.906297 0.317679 0.960190 0.256776 0.110005
0.186638 -47.817269 -29.705778 -617.821838 -0.011854 0.293902 -0.955762 -0.504391 0.823557 0.259504 0.863394 0.485154 0.138479
0.809187 -32.831061 4.884180 342.805180 -0.025363 0.291173 -0.956334 -0.410960 0.869032 0.275492 0.911300 0.400003 0.097619
0.497681 -5.510944 55.911055 -53.979792 -0.349098 -0.083276 -0.933379 0.662051 0.682996 -0.308554 0.663189 -0.725660 -0.183300
0.114172 -5.243329 23.024434 -27.735677 -0.305527 -0.054557 -0.950619 0.726770 0.631661 -0.269834 0.615190 -0.773323 -0.153339
0.596975 -5.396030 19.960419 -6.564303 -0.299120 -0.065726 -0.951949 0.716621 0.643255 -0.269588 0.630065 -0.762826 -0.145310
0.860212 -6.000166 44.318399 -31.620050 -0.315172 -0.067151 -0.946656 0.648593 0.712951 -0.266510 0.692816 -0.697991 -0.181149
4.871349 -6.955910 21.699738 -12.132175 -0.131700 -0.011763 0.991220 0.766392 -0.635416 0.094287 0.628728 0.772080 0.092699
4.384176 -6.508509 -80.431395 -13.126563 -0.092257 0.058084 0.994040 0.798884 -0.591579 0.108712 0.594368 0.804152 0.008175
3.729563 -7.014114 -162.191100 -30.824697 -0.034806 0.075041 0.996573 0.735654 -0.673039 0.076372 0.676463 0.735791 -0.031778
5.003063 -6.839826 109.870669 -22.991603 -0.189424 -0.059734 0.980077 0.812204 -0.570429 0.122212 0.551764 0.819172 0.156569
4.678267 -7.316708 20.512596 -32.573018 -0.118511 -0.035044 0.992334 0.712352 -0.699220 0.060381 0.691744 0.714047 0.107829
4.508965 -7.444766 149.257361 -12.575859 -0.187331 -0.101729 0.977015 0.755870 -0.650151 0.077234 0.627350 0.752964 0.198687
-1.051207 -4.760560 9.992530 42.592911 -0.021707 0.559068 -0.828838 0.128023 0.823762 0.552291 0.991534 -0.094122 -0.089455
-0.797417 -5.413922 45.936608 36.511864 -0.022774 0.673672 -0.738679 0.237660 0.721338 0.650530 0.971081 -0.160739 -0.176533
-0.489106 -5.626517 19.788975 -15.165495 -0.054492 0.589325 -0.806056 0.249935 0.789608 0.560403 0.966728 -0.170924 -0.190320
-0.211315 -6.157142 64.557919 31.155953 -0.044591 0.676069 -0.735488 0.311533 0.708918 0.632758 0.949189 -0.200913 -0.242229
0.096368 -6.046341 26.528425 26.735501 -0.050804 0.633230 -0.772294 0.299253 0.747414 0.593144 0.952820 -0.200977 -0.227468
17.708150 -360.172982 -1985.499052 7516.287057 0.224966 0.971094 -0.079791 -0.200581 0.126291 0.971503 -0.953498 0.202551 -0.223194
-23.580911 -203.096221 -798.039307 7392.178003 0.287590 0.936092 0.202542 0.955809 -0.267045 -0.122949 -0.061004 0.228950 -0.971525
10.655716 -93.398956 1688.224386 -3780.001399 -0.561614 -0.577978 0.592057 -0.270896 0.804570 0.528472 -0.781796 0.136411 -0.608429
138.416158 -58.952564 1946.562690 -3075.507514 -0.932574 0.160586 -0.323291 0.109868 0.979378 0.169552 0.343852 0.122601 -0.930986
14.302870 -96.635775 -741.920049 -3973.654816 0.791786 -0.596912 -0.129505 0.608493 0.789269 0.082407 -0.053025 0.144051 -0.988149
-19.129546 -37.755209 -442.682103 842.783447 -0.637923 0.737725 0.220941 0.769582 0.600175 0.218023 0.028238 0.309114 -0.950606
-22.041595 -47.909034 452.429599 -1423.259473 0.691906 -0.617222 0.374570 -0.680740 -0.384865 0.623275 0.240541 0.686232 0.686458
0.208399 -116.345948 -323.330955 5273.792313 0.034769 -0.402984 -0.914547 0.636799 0.714211 -0.290499 0.770245 -0.572282 0.281452
2.317573 -57.473031 -361.048814 2872.421408 0.038119 -0.391605 -0.919343 0.403725 0.847617 -0.344313 0.914086 -0.358037 0.190411
2.374163 -205.120664 35.127327 10755.437924 0.054915 -0.327823 -0.943142 0.599879 0.765928 -0.231297 0.798204 -0.553070 0.238715
2.375161 -76.788147 -103.747684 1507.687578 -0.047575 -0.373795 -0.926290 0.981951 0.152445 -0.111951 0.183055 -0.914898 0.359796
-1.510830 -115.363495 -221.739587 5730.371260 -0.033162 -0.386302 -0.921776 0.929785 0.326378 -0.170230 0.366607 -0.862698 0.348354
-9.665972 -12.877424 66.353520 -166.202153 0.373850 0.104126 0.921626 0.428428 0.861926 -0.271170 -0.822609 0.496227 0.277621
-7.543560 -11.648826 -7.262520 -115.872426 0.238607 -0.296586 0.924718 0.541082 0.831323 0.127015 -0.806410 0.470041 0.358837
-6.289122 -10.158397 56.189113 -51.604342 -0.345097 0.938259 -0.024050 0.901203 0.338408 0.270764 -0.262185 -0.071766 0.962345
-6.685979 -9.775790 70.779170 -50.011829 -0.368667 0.928791 -0.037826 0.839817 0.350243 0.414774 -0.398487 -0.121147 0.909138
-6.022723 -10.663108 50.537530 -20.642073 -0.344586 0.937763 -0.043130 0.928577 0.347238 0.131037 -0.137858 -0.005104 0.990439
-7.471430 -10.699958 -61.295133 -18.320974 0.407442 -0.903168 -0.135198 0.913123 0.405181 0.045100 0.014046 -0.141828 0.989792
-7.109443 -10.733576 -130.874087 9.651051 0.368776 -0.929516 -0.002061 0.929514 0.368767 0.003746 -0.002722 -0.003297 0.999991
-0.147626 -2.719501 -28.408729 -13.610260 0.578341 -0.038784 0.814872 0.670774 0.591113 -0.447937 -0.464309 0.805656 0.367880
0.133161 -2.445426 -1.941175 -5.511833 0.588776 -0.048115 0.806863 0.661094 0.603026 -0.446447 -0.465079 0.796269 0.386855
0.013462 -2.667528 -21.837122 12.272963 0.618947 -0.005592 0.785413 0.621773 0.614472 -0.485616 -0.479899 0.788919 0.383803
-0.537703 -3.118867 -50.054334 -17.205980 0.621216 0.016066 0.783475 -0.614351 -0.610682 0.499640 -0.486482 0.791713 0.369495
1.906088 -8.774646 251.105355 -4.881663 -0.520056 0.369874 -0.769892 0.811249 0.495918 -0.309742 0.267238 -0.785658 -0.557966
3.935611 -8.390016 224.518188 -17.908543 -0.473735 0.352952 -0.806846 0.792197 0.571007 -0.215349 0.384707 -0.741199 -0.550113
1.110408 -1.511105 32.942225 19.924312 0.430494 0.303565 0.850014 0.589780 0.618284 -0.519504 -0.683253 0.724965 0.087131
0.429694 -11.908364 25.722313 -2.762837 -0.085834 0.058566 -0.994587 0.731784 0.681147 -0.023045 0.676110 -0.729800 -0.101323
0.687243 -11.820726 18.907259 -40.981936 -0.080743 0.050673 -0.995446 0.619746 0.784734 -0.010323 0.780637 -0.617758 -0.094766
0.412020 -11.629427 21.308160 -17.775676 -0.108790 0.040120 -0.993255 0.568781 0.821974 -0.029097 0.815263 -0.568110 -0.112242
0.070053 -11.377096 18.119519 -18.551645 -0.125962 0.015813 -0.991909 0.596545 0.800103 -0.063000 0.792633 -0.599654 -0.110216
0.553924 -15.541841 80.896753 -162.792110 0.062804 0.280942 0.957668 0.189379 0.938774 -0.287819 -0.979893 0.199438 0.005755
0.366918 -16.850334 31.260352 -41.149359 0.022923 0.253176 0.967149 0.394675 0.886535 -0.241428 -0.918535 0.387244 -0.079600
-0.497089 -14.703489 39.040702 -183.331934 0.020331 0.247803 0.968597 0.136240 0.959074 -0.248226 -0.990467 0.137008 -0.014262
-0.608233 -14.250363 45.936172 -199.440133 0.033573 0.259758 0.965090 -0.033105 0.965394 -0.258688 -0.998888 -0.023264 0.041010
0.122856 -13.634547 64.123138 -187.751259 0.048141 0.301387 0.952286 -0.019283 0.953494 -0.300795 -0.998654 -0.003883 0.051714
3.369133 -8.942847 107.967972 -2.520870 0.066631 0.335395 0.939718 0.825188 -0.547976 0.137068 0.560915 0.766311 -0.313276
353.867774 -30.681898 17538.460038 919.969068 0.232081 0.196526 0.952636 0.710929 -0.702697 -0.028232 0.663866 0.683809 -0.302799
28.781787 -9.032077 -1329.322438 -98.924266 -0.235178 -0.206818 -0.949693 -0.677122 0.735833 0.007434 0.697278 0.644807 -0.313093
0.500529 -8.844661 20.563715 125.473913 -0.102393 0.222212 0.969607 -0.107580 0.966539 -0.232870 -0.988910 -0.128155 -0.075062
0.413963 -10.329317 51.741855 175.868658 -0.076983 0.269589 0.959893 -0.208109 0.937200 -0.279906 -0.975071 -0.221310 -0.016044
0.727121 -9.565958 29.764984 123.521481 -0.114639 0.259310 0.958966 -0.208461 0.937558 -0.278441 -0.971289 -0.231827 -0.053424
0.605373 -8.838178 -4.450791 59.420960 -0.154758 0.232901 0.960108 -0.098721 0.963306 -0.249589 -0.983008 -0.133409 -0.126087
1.212492 -9.221829 4.916869 41.497515 -0.150737 0.240901 0.958773 -0.215063 0.938635 -0.269653 -0.964897 -0.246843 -0.089678
1.092187 -29.644801 29.599178 -501.683269 0.232800 0.002804 0.972521 0.951748 0.204942 -0.228418 -0.199951 0.978770 0.045042
1.755546 -26.758594 77.123135 -462.523795 0.219359 0.000833 0.975644 0.888657 0.412585 -0.200153 -0.402703 0.910919 0.089764
0.500008 -27.486202 72.119087 1.236629 0.200502 0.025439 0.979363 0.962666 -0.190682 -0.192131 0.181859 0.981322 -0.062721
-0.486130 -17.694790 23.787530 30.879779 0.129912 0.083934 -0.987967 0.868148 -0.490990 0.072443 -0.479001 -0.867112 -0.136653
-0.315514 -19.777410 -2.491896 91.062758 0.117588 0.079638 -0.989864 0.948670 -0.303702 0.088260 -0.293595 -0.949433 -0.111262
-0.312272 -18.010759 19.911635 92.859910 0.090241 0.092996 -0.991569 0.971100 -0.229108 0.066891 -0.220956 -0.968949 -0.110983
-0.420572 -17.321408 3.530482 67.046826 0.108628 0.065402 -0.991929 0.895860 -0.438919 0.069168 -0.430853 -0.896143 -0.106270
-1.435341 -25.999761 34.223496 51.545127 -0.487049 0.444872 -0.751580 0.791531 -0.138874 -0.595141 -0.369137 -0.884762 -0.284491
-1.273216 -31.808412 57.355006 -458.809393 -0.527278 0.476823 -0.703291 0.827854 0.101836 -0.551623 -0.191406 -0.873080 -0.448436
-1.532608 -28.298306 59.970357 -339.321841 -0.557722 0.454957 -0.694234 0.829772 0.284867 -0.479926 -0.020581 -0.843721 -0.536387
-1.602353 -27.109826 2.583184 -263.007070 -0.555793 0.404398 -0.726331 0.828093 0.346239 -0.440886 0.073191 -0.846511 -0.527316
1.169117 -2.746992 2.221205 40.155277 0.350260 0.399611 0.847130 0.493134 0.690251 -0.529502 -0.796327 0.603212 0.044705
1.179156 -2.378611 -7.616593 26.272680 0.336800 0.355109 0.872045 0.525204 0.697838 -0.487014 -0.781490 0.622028 0.048527
0.580753 -3.124164 10.659201 49.388936 0.316581 0.295392 0.901399 0.522119 0.739103 -0.425581 -0.791940 0.605368 0.079756
1.068885 -2.344383 29.216696 24.980299 0.315534 0.266210 0.910808 0.561950 0.721007 -0.405413 -0.764624 0.639750 0.077905
7.310443 -85.053011 142.316875 -4207.605809 -0.524240 0.443782 -0.726794 -0.449210 0.580956 0.678749 0.723452 0.682311 -0.105209
8.121371 -107.711363 -252.463322 4651.178206 0.417368 -0.459579 0.783959 0.581036 -0.528349 -0.619068 0.698714 0.713887 0.046516
6.403221 -102.367837 -5.411596 3580.803615 0.451375 -0.521715 0.723929 0.788921 -0.145775 -0.596954 0.416970 0.840573 0.345793
-0.874091 -41.965425 -17.198223 601.773480 0.362851 -0.352470 0.862615 -0.090516 0.907995 0.409087 -0.927440 -0.226518 0.297563
-0.431078 -38.444299 -69.026985 435.697541 0.363346 -0.345358 0.865279 -0.280397 0.845156 0.455070 -0.888458 -0.407969 0.210246
-1.652722 -40.481019 -16.267506 -470.090334 0.385272 -0.436356 0.813116 0.061624 0.891337 0.449134 -0.920743 -0.122932 0.370297
-0.676893 -38.419804 -63.129016 -421.091588 0.338369 -0.483867 0.807081 0.303192 0.867993 0.393272 -0.890832 0.111629 0.440406
0.404793 -6.337903 2.106762 9.346659 -0.054129 -0.149606 0.987263 -0.392594 0.912276 0.116718 -0.918118 -0.381276 -0.108115
0.186773 -6.258432 4.572339 4.361564 -0.058608 -0.129587 0.989834 -0.285326 0.952350 0.107786 -0.956637 -0.276108 -0.092790
0.132625 -6.249678 -5.966908 7.591940 -0.067482 -0.106404 0.992030 -0.225774 0.970133 0.088698 -0.971840 -0.217989 -0.089490
1.546013 -3.303794 25.936297 39.617957 0.088229 -0.013894 -0.996003 0.904536 0.419880 0.074270 0.417170 -0.907473 0.049613
1.896715 -0.996593 26.360172 107.446110 0.235130 0.055247 -0.970393 0.840534 0.489783 0.231549 0.488074 -0.870092 0.068725
0.956053 -4.701354 -4.773620 32.699617 -0.064148 -0.062867 -0.995958 0.942940 0.322930 -0.081117 0.326724 -0.944333 0.038565
1.475376 -4.131413 33.075254 36.390163 0.030742 -0.050012 -0.998275 0.936934 0.349322 0.011352 0.348152 -0.935667 0.057596
1.143571 -4.217735 0.385850 23.739562 0.014668 -0.022525 -0.999639 0.918094 0.396336 0.004541 0.396091 -0.917829 0.026493
1.369924 -2.653561 8.024818 96.292916 0.100301 0.013291 -0.994868 0.880814 0.463834 0.094999 0.462716 -0.885822 0.034816
2.713551 1.768753 20.657784 -75.456103 0.669801 0.361074 0.648839 0.644449 0.151383 -0.749513 0.368853 -0.920168 0.131297
2.801145 1.736114 82.086360 1.028880 0.893486 0.449025 0.007726 0.057868 -0.098053 -0.993497 0.445347 -0.888123 0.113594
3.069068 0.633076 23.421277 -124.536523 -0.313181 -0.283459 -0.906404 0.879520 0.273489 -0.389420 0.358276 -0.919160 0.163657
2.858582 0.523630 46.849901 -162.677618 -0.559126 -0.272677 -0.782959 0.772754 0.170753 -0.611306 0.300381 -0.946832 0.115240
3.080623 1.127894 -58.279106 -91.323697 0.765781 0.312431 0.562109 0.566196 0.086940 -0.819673 0.304961 -0.945954 0.110320
9.850816 -47.222538 -14.868510 -1052.106484 0.316484 -0.480138 0.818111 0.770347 0.633352 0.073699 -0.553538 0.606904 0.570318
10.621280 -42.680199 77.653882 -1525.179101 0.419559 -0.546151 0.725045 0.512781 0.801692 0.307158 -0.749017 0.242918 0.616412
-0.377439 -10.368487 6.157685 -1.209823 0.067061 -0.063858 -0.995703 -0.093171 0.993188 -0.069972 0.993389 0.097464 0.060654
0.671490 -11.987209 44.633096 370.899595 0.079069 -0.168931 -0.982451 -0.147471 0.972711 -0.179125 0.985901 0.159047 0.051999
-1.384625 -4.294715 68.605872 -78.502807 -0.117590 0.061826 0.991136 0.900285 -0.414591 0.132673 0.419119 0.907905 -0.006910
-2.824746 -4.507109 -17.272075 -69.842673 0.036674 -0.223277 -0.974065 0.835839 0.541114 -0.092565 0.547748 -0.810767 0.206468
-3.260939 -4.594786 -18.043938 -62.595302 0.159422 -0.071420 -0.984624 0.830312 0.549211 0.094600 0.534010 -0.832626 0.146857
-3.110529 -5.524928 -18.797348 -62.573688 0.005552 -0.173266 -0.984859 0.799941 0.591755 -0.099597 0.600052 -0.787277 0.141888
-2.691489 -5.546791 -19.130509 -66.711940 -0.035572 -0.260651 -0.964778 0.789332 0.584768 -0.187088 0.612936 -0.768185 0.184938
-2.418904 -5.061221 -21.682578 -66.043876 -0.035453 -0.313775 -0.948835 0.804565 0.554221 -0.213341 0.592806 -0.770963 0.232804
-1.189215 -6.423993 -34.256001 -33.087264 0.152216 0.062927 0.986342 0.981854 0.104583 -0.158195 -0.113109 0.992523 -0.045866
-1.487694 -6.342113 -24.957456 -15.394377 0.219862 0.031911 0.975009 0.971533 0.083227 -0.221802 -0.088225 0.996020 -0.012704
0.562138 -11.621531 9.132244 -61.612138 -0.015181 0.303241 -0.952793 0.841796 -0.510353 -0.175840 -0.539583 -0.804727 -0.247519
1.044710 -11.584052 19.434535 -66.187945 -0.027875 0.310983 -0.950007 0.806158 -0.554938 -0.205313 -0.591044 -0.771578 -0.235232
0.877236 -12.318032 18.519410 -38.592272 -0.052967 0.317343 -0.946830 0.889994 -0.415011 -0.188883 -0.452886 -0.852678 -0.260452
0.848457 -10.917344 12.514851 -49.927077 0.000247 0.294931 -0.955518 0.746099 -0.636272 -0.196199 -0.665835 -0.712863 -0.220205
0.282210 -11.963533 16.267921 -25.051049 -0.026300 0.322368 -0.946249 0.922872 -0.355977 -0.146924 -0.384207 -0.877131 -0.288142
0.115265 -11.464968 16.836372 -69.231529 0.008875 0.314808 -0.949114 0.877530 -0.457531 -0.143551 -0.479440 -0.831602 -0.280314
0.416827 -10.687021 13.909982 -62.661603 0.037848 0.294204 -0.954993 0.770504 -0.617136 -0.159584 -0.636310 -0.729786 -0.250042
2.634833 -10.904139 -43.227308 95.061526 -0.193053 0.399221 0.896300 0.228130 0.906713 -0.354722 -0.954299 0.135993 -0.266118
2.656121 -12.750495 -37.961340 195.449330 -0.212612 0.351678 0.911657 0.087821 0.936090 -0.340622 -0.973182 0.007643 -0.229909
1.913308 -10.235672 -28.086465 106.986804 -0.216567 0.353741 0.909926 0.170800 0.931400 -0.321437 -0.961211 0.085802 -0.262130
3.266371 -13.190821 -10.826416 202.308987 -0.149286 0.381938 0.912051 0.095793 0.923635 -0.371109 -0.984143 0.031966 -0.174473
1.716947 -8.919158 -28.286021 34.015738 -0.203943 0.417142 0.885664 0.317150 0.884041 -0.343347 -0.926187 0.210865 -0.312591
2.441397 -9.900496 -35.240144 -14.212894 -0.183749 0.417548 0.889882 0.376066 0.866285 -0.328823 -0.908191 0.274233 -0.316205
3.056151 -11.282983 -28.354000 115.119174 -0.148696 0.405821 0.901775 0.257832 0.896282 -0.360834 -0.954679 0.178852 -0.237907
-0.479445 -24.724930 52.827619 -173.089961 0.063034 0.128098 -0.989756 0.878481 -0.477741 -0.005884 -0.473601 -0.869111 -0.142646
0.197272 -25.389789 26.825929 -319.755672 0.066204 0.124311 -0.990032 0.852191 -0.523159 -0.008703 -0.519026 -0.843120 -0.140572
-0.132234 -26.250805 77.328338 69.149949 0.077658 0.148580 -0.985847 0.980201 -0.192032 0.048272 -0.182142 -0.970076 -0.160551
-0.342923 -22.976405 -46.390713 458.624478 -0.051433 -0.137644 0.989145 -0.694444 0.716728 0.063627 -0.717706 -0.683634 -0.132450
-0.895130 -26.351014 23.355506 76.733903 0.052478 0.086847 -0.994838 0.957792 -0.286326 0.025528 -0.282631 -0.954188 -0.098207
-1.189174 -24.546314 34.599087 -286.306335 0.035327 0.100568 -0.994303 0.792326 -0.609180 -0.033464 -0.609075 -0.786629 -0.101204
-0.393467 -6.960743 41.778494 75.533327 -0.027124 0.023978 0.999344 0.998251 -0.051883 0.028339 0.052528 0.998365 -0.022528
1.603411 -32.752535 29.620197 604.667783 -0.033182 0.101804 0.994251 0.977473 0.210771 0.011040 -0.208435 0.972220 -0.106504
-1.083799 -8.274125 15.573614 102.776007 0.109054 -0.221550 0.969032 0.790747 -0.571387 -0.219626 0.602351 0.790210 0.112878
-0.885460 -8.036785 26.262956 41.434110 0.103365 -0.226715 0.968461 0.753235 -0.618043 -0.225076 0.649578 0.752744 0.106886
-1.037338 -7.988809 -10.075728 23.003307 0.106024 -0.180921 0.977766 0.752347 -0.628355 -0.197848 0.650179 0.756596 0.069495
-0.886786 -7.803165 -14.875053 114.975431 0.126129 -0.184800 0.974649 0.774394 -0.595714 -0.213165 0.620005 0.781648 0.067971
-1.524021 -32.970927 28.600053 -109.414126 0.166505 0.327993 -0.929891 0.806118 -0.588371 -0.063189 -0.567847 -0.739080 -0.362368
-1.052753 -31.529070 -48.709556 214.503150 -0.197902 -0.313447 0.928755 -0.543056 0.823856 0.162329 -0.816042 -0.472241 -0.333262
-2.571658 -7.718273 2.135779 -24.286724 0.831139 -0.001608 -0.556063 0.252102 0.892410 0.374232 0.495634 -0.451223 0.742122
-2.342138 -8.992646 -11.027487 -91.465513 0.848851 0.033394 -0.527577 0.156052 0.937698 0.310434 0.505074 -0.345842 0.790755
-2.312779 -8.009952 -42.701049 -41.263900 0.855462 -0.044020 -0.515991 0.252866 0.905032 0.342017 0.451933 -0.423060 0.785352
-1.840093 -9.957336 -65.404768 -150.111409 0.873057 -0.010241 -0.487510 0.169682 0.943676 0.284050 0.457143 -0.330713 0.825621
-0.805754 -37.656769 -88.638529 379.619917 0.012419 0.315086 -0.948982 -0.446398 0.850978 0.276705 0.894748 0.420187 0.151222
-0.013283 -5.991263 41.319012 -67.745667 -0.328464 -0.057198 -0.942783 0.656905 0.703380 -0.271538 0.678666 -0.708509 -0.193462
0.060377 -4.864999 12.368251 -16.995269 -0.291958 -0.038575 -0.955653 0.757315 0.600942 -0.255622 0.584152 -0.798361 -0.146236
0.131673 -5.059412 7.781471 34.863292 -0.259795 -0.025317 -0.965332 0.788636 0.571333 -0.227226 0.557279 -0.820328 -0.128464
4.288499 -5.976473 -15.917146 -66.970476 -0.169918 0.020912 0.985236 0.864055 -0.477575 0.159155 0.473852 0.878342 0.063080
2.930522 -5.823154 -178.355984 -34.959610 -0.072764 0.134920 0.988181 0.837679 -0.529476 0.133973 0.541294 0.837527 -0.074493
-1.499753 -4.980345 32.873208 55.343014 0.003708 0.653760 -0.756693 0.203086 0.740437 0.640710 0.979154 -0.156050 -0.130024
-0.899198 -6.028057 68.986929 -49.116086 -0.010753 0.696776 -0.717208 -0.302597 -0.685888 -0.661811 0.953058 -0.209909 -0.218218
