18348
36679
-3.481089 -4.596900 36.406049 45.987975 0.798655 -0.438921 -0.411703 0.597678 0.658360 0.457541 -0.070225 0.611483 -0.788135
-4.472023 -5.732965 -41.103316 51.083891 -0.554609 0.661611 0.504659 0.818941 0.541467 0.190131 -0.147464 0.518734 -0.842122
-4.398769 -6.176762 2.969552 117.828222 -0.104343 0.789297 0.605081 0.985945 0.161913 -0.041185 -0.130478 0.592280 -0.795098
-3.183426 -4.841041 -0.284247 26.029397 0.883386 -0.357922 -0.302524 0.463286 0.764309 0.448551 -0.070676 0.536399 -0.841000
-3.489246 -5.581772 42.680594 137.106399 -0.023724 0.739231 0.673034 0.997813 0.059056 -0.029692 -0.061696 0.670857 -0.739016
-2.876006 -3.745391 33.880679 39.635249 0.835938 -0.384527 -0.391596 0.548243 0.617883 0.563604 -0.025240 0.685828 -0.727326
-2.304004 -4.094556 -7.066192 29.960038 0.941591 -0.240963 -0.235251 0.335151 0.738698 0.584807 -0.032863 0.629494 -0.776310
3.455743 -7.819432 25.134156 35.585332 -0.069099 0.612556 0.787401 0.798375 -0.439314 0.411825 0.598183 0.657098 -0.458693
4.580247 -7.614041 48.887525 8.080501 0.036548 0.651123 0.758091 -0.756180 0.513975 -0.404996 0.653342 0.558452 -0.511151
3.948934 -7.473835 23.251624 -27.436911 -0.039554 0.625655 0.779097 -0.684335 0.551183 -0.477371 0.728094 0.552045 -0.406356
3.311665 -7.366046 10.699877 -50.758410 -0.138417 0.601195 0.787023 -0.664175 0.533132 -0.524063 0.734651 0.595260 -0.325504
-4.706107 -17.125787 -292.255700 -665.826407 0.066693 0.677576 0.732423 -0.633721 0.595752 -0.493434 0.770681 0.431243 -0.469126
-0.254444 -7.216068 18.981890 35.404623 -0.437446 0.673027 0.596386 0.762712 -0.073627 0.642534 0.476353 0.735944 -0.481118
-1.984690 -7.523107 -139.351331 -84.053049 -0.213740 0.759071 0.614920 0.900329 -0.091216 0.425544 0.379108 0.644586 -0.663917
-3.516725 -22.899833 -203.850905 -763.023701 -0.554789 0.749834 0.360496 0.785000 0.328208 0.525409 0.275652 0.574480 -0.770706
-0.221425 -6.223247 33.986468 -230.282892 -0.296734 0.603291 0.740263 0.932005 0.014012 0.362174 0.208124 0.797398 -0.566428
1.857837 -32.322298 8.898424 -1229.535282 -0.318622 0.618847 0.717989 0.947330 0.182067 0.263471 0.032326 0.764120 -0.644263
6.321166 -3.439050 -28.301433 -31.037883 0.013089 0.956367 0.291874 0.998109 -0.030029 0.053634 0.060059 0.290620 -0.954952
6.274503 -4.647990 -19.833711 -4.379004 0.134760 0.896336 0.422400 0.966885 -0.212191 0.141801 0.216731 0.389304 -0.895249
6.771103 -4.153909 38.305824 -31.064096 0.010331 0.884054 0.467270 0.999252 -0.026548 0.028135 0.037278 0.466630 -0.883667
7.337524 -3.484983 -115.606318 35.971693 -0.260269 0.947080 0.187879 0.961012 0.272913 -0.044435 -0.093358 0.168989 -0.981186
8.043372 -3.859554 50.261339 16.178820 -0.189339 0.886251 0.422741 0.969743 0.236345 -0.061149 -0.154106 0.398372 -0.904185
7.924541 -4.639743 61.233756 70.821239 -0.237772 0.858645 0.454084 0.952779 0.297086 -0.062869 -0.188884 0.417693 -0.888738
6.658890 -3.964662 -126.081076 -44.234906 -0.357810 0.918294 0.169433 -0.918740 -0.378648 0.111995 -0.167000 0.115592 -0.979158
5.762029 -3.272156 -207.871424 -41.013734 -0.316035 0.948295 -0.029287 -0.947453 -0.313842 0.061937 -0.049543 -0.047322 -0.997650
3.952395 -9.315810 -60.018274 30.793147 0.435482 0.803098 0.406681 -0.455165 0.586205 -0.670216 0.776647 -0.106760 -0.620824
5.206939 -8.382686 -45.731334 64.972558 0.388017 0.808465 0.442523 -0.641966 0.581588 -0.499635 0.661304 0.090217 -0.744673
3.763180 -8.627663 -69.675517 58.892834 0.451803 0.821724 0.347338 -0.589369 0.567207 -0.575257 0.669715 -0.055193 -0.740564
0.040235 -2.776543 -9.369443 -11.762971 0.755601 -0.505013 -0.417167 0.321584 0.840831 -0.435416 0.570658 0.194847 0.797737
-0.135657 -3.024384 -19.874432 -26.277183 0.738780 -0.568556 -0.361866 0.343053 0.779419 -0.524234 0.580102 0.263154 0.770864
0.312359 -2.507494 -15.834449 -0.054766 0.770213 -0.471116 -0.429909 0.275195 0.853573 -0.442358 0.575361 0.222402 0.787082
-0.277856 -3.199619 -4.939610 -20.654870 0.701982 -0.625528 -0.340493 0.382768 0.734540 -0.560303 0.600592 0.262993 0.755066
0.216152 -2.559744 -5.774192 9.999038 0.770181 -0.435192 -0.466292 0.270828 0.885023 -0.378663 0.577471 0.165354 0.799491
0.199889 -2.678464 7.343769 0.224303 0.767259 -0.426346 -0.479106 0.287477 0.896419 -0.337328 0.573298 0.121086 0.810350
0.013694 -2.885005 -5.599823 -21.556707 0.753109 -0.513217 -0.411625 0.368848 0.847464 -0.381780 0.544773 0.135695 0.827532
-0.174999 -3.142179 -5.706578 -20.887910 0.722640 -0.586364 -0.366016 0.385523 0.781412 -0.490680 0.573727 0.213477 0.790737
-0.413283 -6.453466 1.359656 3.832266 -0.514775 0.680774 0.521108 0.653340 0.705076 -0.275709 -0.555116 0.198532 -0.807732
-0.363979 -6.631342 0.027238 -18.099602 -0.520478 0.671021 0.528046 0.687193 0.696238 -0.207409 -0.506822 0.254918 -0.823498
-0.440987 -6.628124 -1.815211 25.732104 -0.519010 0.680678 0.517016 -0.715373 -0.676958 0.173116 -0.467835 0.280011 -0.838287
-0.490498 -6.500793 6.266365 26.848398 -0.508880 0.690364 0.514237 -0.707536 -0.675694 0.206955 -0.490341 0.258526 -0.832304
-0.543084 -6.488738 2.430728 -4.715604 -0.518795 0.684604 0.512025 0.791974 0.610401 -0.013693 -0.321915 0.398407 -0.858861
2.390335 -8.919370 4.223798 59.796031 -0.418899 0.787608 0.451882 0.260064 0.580865 -0.771338 0.869995 0.205594 0.448153
2.674742 -9.423139 6.061836 23.632229 -0.368108 0.792835 0.485705 0.366027 0.603772 -0.708155 0.854705 0.082897 0.512452
2.530070 -9.124999 6.804657 -19.758035 -0.416801 0.799139 0.433191 0.449973 0.595462 -0.665544 0.789811 0.082475 0.607780
2.337008 -8.592682 10.624877 33.707526 -0.485487 0.781107 0.392651 0.314846 0.575210 -0.754988 0.815582 0.242912 0.525185
0.911217 -15.274125 1.862831 -145.200450 -0.371871 0.683658 0.627952 0.314082 0.729233 -0.607925 -0.873536 -0.028841 -0.485905
0.938286 -12.671379 4.573029 171.445393 -0.353960 0.722607 0.593760 -0.103321 -0.661187 0.743073 -0.929536 -0.201670 -0.308694
0.858566 -14.285840 17.686420 207.652142 -0.350131 0.719482 0.599795 -0.081605 -0.661322 0.745650 -0.933139 -0.212129 -0.290262
1.822945 -9.012303 -8.256019 -35.444692 -0.233496 0.747516 0.621851 -0.429310 0.494567 -0.755710 0.872452 0.443422 -0.205436
2.035491 -8.731078 -6.099553 -39.561241 -0.253087 0.750953 0.609931 -0.261298 0.553965 -0.790472 0.931488 0.359432 -0.056021
1.753945 -8.956220 6.679075 -57.510194 -0.288561 0.731444 0.617837 -0.423153 0.481421 -0.767578 0.858880 0.482933 -0.170593
1.920640 -8.957243 -16.723051 -34.724479 -0.191514 0.759645 0.621500 -0.253593 0.573422 -0.779024 0.948163 0.306802 -0.082822
-2.109174 -8.002249 -43.559289 28.501616 0.113457 0.974339 -0.194401 -0.829936 -0.014624 -0.557667 0.546199 -0.224612 -0.806980
-2.662092 -7.557074 -46.740318 52.123396 0.144597 0.978946 -0.144070 -0.911277 0.075012 -0.404904 0.385572 -0.189836 -0.902938
-3.210609 -8.190703 -35.059714 25.174719 0.070922 0.989925 -0.122554 -0.818322 -0.012511 -0.574623 0.570367 -0.141042 -0.809190
-2.620377 -8.276176 -38.746941 -16.548153 0.080714 0.979703 -0.183484 -0.715929 -0.071095 -0.694543 0.693491 -0.187421 -0.695660
-1.745392 -8.176569 -38.850423 -30.514796 0.113748 0.968070 -0.223386 -0.675157 -0.089629 -0.732209 0.728851 -0.234108 -0.643404
-0.433506 -4.391817 -1.461493 -33.079239 -0.311351 0.749902 0.583701 0.003210 -0.613398 0.789768 -0.950290 -0.247769 -0.188575
-0.377576 -4.619443 3.647917 -65.962435 -0.295737 0.774950 0.558563 -0.000318 -0.584797 0.811180 -0.955269 -0.239718 -0.173193
-0.370068 -4.648363 5.938507 46.598115 -0.294067 0.710621 0.639173 0.009269 -0.666590 0.745367 -0.955740 -0.225112 -0.189436
-0.330836 -3.931014 -8.751951 25.798285 -0.322846 0.695006 0.642447 0.023063 -0.672816 0.739450 -0.946170 -0.253545 -0.201187
-0.393317 -4.120589 -6.272709 -66.113876 -0.326912 0.756804 0.566018 0.004584 -0.597650 0.801744 -0.945044 -0.264694 -0.191910
-0.336700 -5.020984 -1.215171 -79.349580 -0.309296 0.677495 0.667335 -0.009091 0.699606 -0.714471 -0.950922 -0.227050 -0.210226
0.554154 -5.374032 8.263891 -5.314147 -0.474411 0.845132 0.246344 0.695729 0.188507 0.693128 -0.539347 -0.500216 0.677413
0.645159 -5.289415 8.055347 -0.761013 -0.463239 0.845339 0.266106 0.629467 0.102478 0.770240 -0.623844 -0.524310 0.579585
0.350810 -5.237778 4.315396 -5.601292 -0.456612 0.850911 0.259723 0.672176 0.138713 0.727281 -0.582825 -0.506665 0.635300
-0.612948 -4.283838 11.034462 -47.052926 -0.388919 0.797056 0.462000 0.390092 -0.311831 0.866366 -0.834608 -0.517168 0.189649
-0.606487 -4.107521 5.231697 -51.512557 -0.378917 0.792507 0.477864 0.397551 -0.326898 0.857374 -0.835688 -0.514849 0.191195
-0.603880 -4.024526 3.106806 -5.847779 -0.422035 0.814634 0.397817 0.318616 -0.277537 0.906343 -0.848746 -0.509259 0.142425
1.777916 -1.864112 -3.467633 11.915136 0.512588 0.858622 0.004613 -0.840110 0.502632 -0.203902 0.177393 -0.100643 -0.978980
1.508529 -1.727798 11.956496 7.347744 0.591738 0.803957 0.059159 -0.788732 0.592570 -0.163595 0.166579 -0.050145 -0.984752
1.538905 -2.304225 -15.659015 -19.713484 0.546432 0.836697 -0.036750 0.828355 -0.533475 0.170977 0.123450 -0.123869 -0.984589
-1.033370 -12.843276 28.338982 -80.444892 -0.376207 0.857775 0.350271 0.826299 0.481635 -0.291988 0.419163 -0.179580 0.889974
-1.097741 -12.979896 27.253541 15.869906 -0.361612 0.862584 0.353816 0.654399 0.505135 -0.562673 0.664077 -0.028067 0.747137
-0.690462 -12.618424 14.901484 -46.373448 -0.358760 0.867379 0.344884 0.707201 0.493727 -0.506063 0.609227 -0.062347 0.790541
0.759120 -5.467366 -36.269240 47.204141 -0.347593 0.903387 0.251140 -0.652199 -0.425374 0.627449 -0.673658 -0.054304 -0.737046
0.436824 -5.866293 -26.602540 -18.768487 -0.370044 0.887297 0.275265 -0.599969 -0.454470 0.658403 -0.709299 -0.078488 -0.700524
0.003902 -7.175272 -29.026162 86.817251 -0.423685 0.850875 0.310650 -0.640490 -0.523925 0.561494 -0.640518 -0.038928 -0.766956
-2.720665 -7.606683 2.706403 -39.607778 -0.219243 0.782219 0.583151 -0.497699 0.424418 -0.756416 0.839183 0.456072 -0.296259
-2.598519 -6.602999 1.718427 -36.894306 -0.215083 0.761066 0.611979 -0.339566 0.529264 -0.777544 0.915660 0.375044 -0.144596
-2.680000 -7.218459 -2.064728 -35.657916 -0.165759 0.820601 0.546935 -0.421161 0.442581 -0.791673 0.891711 0.361574 -0.272243
-2.790820 -7.992373 -3.655578 -27.257843 -0.166032 0.831462 0.530193 -0.597392 0.342961 -0.724915 0.784574 0.437092 -0.439766
-2.947450 -8.033682 6.021192 -30.729395 -0.134645 0.855047 0.500765 -0.532447 0.363778 -0.764307 0.835686 0.369541 -0.406286
-2.691921 -6.919042 5.899798 -39.925381 -0.126464 0.848912 0.513181 -0.318990 0.455054 -0.831367 0.939283 0.268838 -0.213247
3.164661 -22.292259 55.075813 119.655012 -0.451476 0.850395 0.270181 0.182540 -0.208368 0.960865 -0.873412 -0.483126 0.061158
2.251247 -20.881915 58.892623 117.217112 -0.387152 0.888403 0.246684 0.220015 -0.170804 0.960427 -0.895381 -0.426106 0.129335
3.685430 -24.344762 76.606915 -197.909896 -0.414182 0.874006 0.254098 0.457802 -0.041248 0.888097 -0.786684 -0.484160 0.383038
5.006594 -21.265726 100.928103 206.748537 -0.483867 0.823045 0.297437 0.288110 -0.171113 0.942185 -0.826357 -0.541587 0.154332
3.496586 -28.637620 68.516092 508.933103 -0.501689 0.799681 0.329878 0.021478 -0.369707 0.928900 -0.864782 -0.473104 -0.168302
-265.360829 -1300.198639 7388.398730 -1857.892845 0.524827 -0.617041 -0.586360 0.536997 -0.294469 0.790521 -0.660448 -0.729760 0.176804
-26.040707 -4827.989536 267.780895 61377.382140 -0.204524 0.776382 0.596155 0.593346 -0.386057 0.706329 -0.778531 -0.498187 0.381705
-249.674566 -4908.853408 -6267.899708 303409.133049 -0.409943 0.519765 0.749527 0.668225 0.730462 -0.141068 -0.620824 0.443023 -0.646768
0.788202 -3.984883 -2.112365 -1.961961 0.684349 -0.617291 -0.388095 0.202285 -0.350633 0.914405 0.700534 0.704278 0.115086
0.726335 -4.009586 7.245035 -2.682436 -0.693950 0.608440 0.385011 -0.127816 0.422130 -0.897479 0.708587 0.672017 0.215169
0.413209 -3.997479 -7.699873 -4.981773 0.707015 -0.605474 -0.365420 0.214276 -0.309019 0.926603 0.673955 0.733423 0.088743
0.722273 -3.896420 -7.877837 -11.594546 0.688074 -0.613169 -0.388044 0.279483 -0.269567 0.921533 0.669660 0.742534 0.014112
0.391264 -3.776245 -7.136172 -6.528259 0.705026 -0.609571 -0.362439 0.297521 -0.209685 0.931404 0.643755 0.764497 -0.033527
0.384834 -3.872359 -6.173936 -8.441437 0.723569 -0.594316 -0.351051 0.271805 -0.222171 0.936356 0.634485 0.772935 -0.000782
0.407419 -4.050641 -12.791292 -4.538738 0.728995 -0.582221 -0.359980 0.205836 -0.315098 0.926469 0.652838 0.749488 0.109863
-0.429301 -4.143580 21.670953 -5.594326 0.691342 -0.584026 -0.425394 0.011337 0.597454 -0.801823 0.722439 0.549511 0.419666
-0.480587 -3.988721 11.704288 -0.347058 0.694612 -0.600080 -0.396759 0.101800 0.627970 -0.771551 0.712145 0.495539 0.497284
-0.205339 -3.884377 14.932027 -6.504645 0.689324 -0.577555 -0.437337 0.044344 0.636185 -0.770261 0.723095 0.511566 0.464148
-0.288173 -3.663881 13.521772 -3.955273 0.681122 -0.612480 -0.401174 0.155640 0.656521 -0.738076 0.715436 0.440282 0.542498
0.596420 -7.550116 -13.654756 -59.953168 -0.302434 0.921460 0.243812 0.761410 0.387429 -0.519763 0.573401 -0.028447 0.818781
1.225902 -8.605034 1.264830 -6.785710 -0.420955 0.840411 0.341330 0.691206 0.540871 -0.479262 0.587393 -0.034182 0.808580
3.505306 -5.424372 -102.376816 -129.267641 -0.150496 0.961811 0.228628 0.890202 0.232428 -0.391814 0.429991 -0.144559 0.891185
0.150464 -3.868461 2.291625 8.306824 -0.561427 0.790670 -0.244216 0.468840 0.060731 -0.881193 0.681901 0.609224 0.404793
0.605793 -4.046033 17.209221 -29.587205 -0.614025 0.774246 -0.153350 0.486793 0.218547 -0.845736 0.621294 0.593953 0.511091
0.258365 -4.221434 -21.389902 11.042992 0.583093 -0.776137 0.240030 -0.547525 -0.157160 0.821898 0.600182 0.610666 0.516593
-0.072816 -3.751542 -0.950419 -4.491115 -0.411872 0.860090 0.301010 0.105763 -0.282977 0.953278 -0.905083 -0.424464 -0.025585
-0.218437 -3.946113 -2.045778 0.136159 -0.409201 0.851881 0.326884 0.195961 -0.267843 0.943324 -0.891153 -0.450066 0.057334
-0.051219 -3.872814 10.143989 -9.297737 -0.400907 0.867501 0.294475 0.156352 -0.251931 0.955031 -0.902678 -0.428921 0.034634
0.132571 -3.492659 11.551369 -8.753700 -0.402098 0.879146 0.255771 0.039730 -0.262333 0.964159 -0.914734 -0.397849 -0.070555
-0.685827 -8.197919 -11.211019 2.517429 -0.233112 0.665178 0.709364 0.759790 0.579866 -0.294064 0.606941 -0.470418 0.640570
-1.012274 -7.723128 -10.279218 3.825904 -0.282204 0.654887 0.701060 0.785333 0.577415 -0.223258 0.551011 -0.487561 0.677253
-0.582061 -8.084592 16.685087 -5.091473 0.251794 -0.640268 -0.725711 0.858339 0.494135 -0.138146 0.447050 -0.588122 0.673987
1.067557 -3.117287 2.428462 0.665450 -0.534803 0.638468 0.553484 0.612188 0.744264 -0.267014 -0.582418 0.196036 -0.788897
0.639938 -2.837418 15.241805 -5.010617 -0.492108 0.668457 0.557670 0.584756 0.728390 -0.357083 -0.644896 0.150378 -0.749331
1.042161 -3.116861 -0.130795 -9.605766 -0.507271 0.686781 0.520584 0.568025 0.720741 -0.397340 -0.648092 0.094146 -0.755720
1.179420 -3.389328 -3.113829 0.183298 -0.534232 0.668160 0.517841 0.608001 0.729306 -0.313764 -0.587309 0.147225 -0.795860
1.774021 -12.358243 -25.183837 -36.044224 -0.506753 0.703324 0.498534 0.772175 0.113166 0.625251 0.383337 0.701804 -0.600437
1.441058 -11.609286 -22.159443 -170.341988 -0.480433 0.720209 0.500484 0.762885 0.061663 0.643587 0.432656 0.691012 -0.579061
1.497000 -12.953775 -14.508981 -139.843849 -0.488708 0.710651 0.506103 0.694501 -0.034217 0.718677 0.528046 0.702712 -0.476826
-2.578529 -37.984002 26.947959 260.875116 0.778134 -0.160672 0.607201 0.288861 -0.766883 -0.573105 -0.557734 -0.621349 0.550325
-4.673880 -51.876381 19.021134 168.239973 0.750725 -0.193236 0.631721 0.295599 -0.756929 -0.582821 -0.590790 -0.624274 0.511125
-3.026820 -41.747110 32.506706 231.502020 0.780014 -0.187980 0.596860 0.450032 -0.494223 -0.743784 -0.434799 -0.848768 0.300903
-2.685397 -34.385949 37.128096 310.186415 0.775968 -0.166226 0.608476 -0.043492 0.948256 0.314513 -0.629272 -0.270515 0.728587
-0.609738 -28.781725 46.414948 192.180243 0.826974 -0.161035 0.538684 0.336101 -0.626476 -0.703253 -0.450721 -0.762624 0.463955
-1.364341 -29.971575 56.905887 -196.507176 0.824290 -0.121366 0.553007 -0.208351 0.843185 0.495609 -0.526437 -0.523745 0.669743
-10.246734 -29.192850 -206.094990 -745.409005 0.427058 -0.421471 0.799990 0.890380 0.350236 -0.290790 -0.157626 0.836479 0.524840
-10.204824 -26.516708 -196.206356 -362.022482 0.456125 -0.474292 0.752992 0.854544 -0.002747 -0.519371 0.248402 0.880363 0.404051
-6.486957 -29.193766 -136.923297 -648.792014 0.475563 -0.313625 0.821875 0.877705 0.106569 -0.467201 0.058939 0.943548 0.325951
-4.836547 -44.866842 -118.998460 -1312.659744 0.505434 -0.253483 0.824793 0.835182 0.383898 -0.393817 -0.216811 0.887901 0.405740
1.579624 -4.464556 -64.552564 -2.665972 -0.604504 0.767709 0.212599 0.580085 0.607144 -0.543026 0.545964 0.204936 0.812357
1.962809 -4.642212 -43.283692 20.302293 -0.633990 0.748331 0.195083 0.598099 0.634381 -0.489733 0.490239 0.193807 0.849767
2.474491 -4.634326 -33.970418 10.468911 -0.645078 0.752627 0.132012 0.589790 0.600265 -0.540212 0.485820 0.270620 0.831110
1.222417 -4.736688 -44.889474 16.717341 -0.618991 0.741397 0.259192 0.597007 0.658588 -0.458088 0.510326 0.128813 0.850279
2.265007 -4.189493 -51.704958 -9.151956 -0.612519 0.776836 0.146106 0.563856 0.558939 -0.607992 0.553974 0.290024 0.780384
-3.326268 -4.736648 -18.526348 -1.098519 0.889829 -0.074967 0.450094 0.449277 -0.028383 -0.892941 -0.079716 -0.996782 -0.008425
-3.455336 -4.740454 -12.633152 -4.147315 0.927409 -0.051154 0.370535 0.359219 -0.154371 -0.920397 -0.104282 -0.986688 0.124790
-3.302392 -4.668126 -13.162219 -3.806379 0.896624 -0.111116 0.428625 0.415303 -0.124731 -0.901091 -0.153588 -0.985949 0.065690
-3.159269 -4.738847 -6.584669 -4.510116 0.859783 -0.130525 0.493696 0.492454 -0.043916 -0.869230 -0.135138 -0.990472 -0.026519
-3.258935 -4.807139 -16.108712 1.412173 0.861495 -0.096167 0.498576 0.506034 0.081580 -0.858647 -0.041900 -0.992016 -0.118945
-3.473270 -4.887679 -23.034281 2.396137 0.878296 -0.027699 0.477314 0.477909 0.080307 -0.874731 0.014103 -0.996385 -0.083771
6.176131 -2.886890 85.432619 17.450428 0.742582 0.048568 -0.667992 -0.421251 0.809257 -0.409451 -0.520691 -0.585443 -0.621399
6.958323 -2.719524 -83.229772 23.303000 -0.779868 0.038263 0.624774 -0.304825 0.848563 -0.432462 -0.546707 -0.527710 -0.650103
7.888223 -3.394265 26.652647 29.682315 -0.642464 0.107649 0.758717 -0.352510 0.837595 -0.417338 -0.680424 -0.535580 -0.500178
6.820347 -4.129290 35.881384 6.803679 0.587049 0.006018 -0.809529 -0.550158 0.736544 -0.393484 -0.593886 -0.676363 -0.435698
4.984599 -2.913969 89.079966 8.948769 0.692219 0.203999 -0.692256 -0.592322 0.708590 -0.383478 -0.412296 -0.675488 -0.611332
8.149785 -2.899864 -44.301976 -5.302067 -0.754557 0.230738 0.614332 -0.108933 0.879119 -0.463987 -0.647130 -0.417026 -0.638210
6.910905 -2.631360 229.475283 -26.008706 0.914739 -0.137663 -0.379870 -0.077760 0.862611 -0.499855 -0.396491 -0.486776 -0.778360
7.705732 -3.342069 -111.616007 -46.435980 -0.805701 0.281513 0.521149 -0.029133 0.859942 -0.509560 -0.591606 -0.425736 -0.684654
6.141657 -2.968050 206.433940 -47.473856 0.921985 -0.209432 -0.325702 0.018775 0.864306 -0.502616 -0.386770 -0.457289 -0.800809
8.851507 -3.729603 107.048980 -36.161484 -0.602486 0.350507 0.717046 -0.061695 0.875268 -0.479688 -0.795741 -0.333243 -0.505712
8.045914 -4.466117 62.585038 -54.837035 -0.599670 0.382385 0.702977 0.016048 0.884020 -0.467173 -0.800086 -0.268869 -0.536257
7.019206 -3.735504 -125.753097 -30.759291 -0.811943 0.352803 0.465058 0.115665 0.878130 -0.464230 -0.572163 -0.323137 -0.753798
0.546040 -8.414795 38.214720 -110.844747 0.650406 0.358130 -0.669862 0.754180 -0.409507 0.513339 -0.090471 -0.839075 -0.536440
1.851293 -8.974520 84.085305 -87.753507 0.589938 0.380669 -0.712085 0.806755 -0.314426 0.500282 -0.033456 -0.869614 -0.492598
0.365217 -9.474192 33.695923 -40.279904 0.630108 0.354366 -0.690933 0.772712 -0.198275 0.602996 0.076687 -0.913845 -0.398757
0.143222 -3.025687 -4.861234 17.028997 -0.481429 0.811177 0.331990 0.838203 0.536816 -0.096141 0.256205 -0.231990 0.938371
-0.066423 -2.910482 -13.493916 19.485612 -0.453548 0.821129 0.346469 0.848565 0.516712 -0.113784 0.272456 -0.242395 0.931135
0.006919 -3.406568 13.319103 17.285618 0.466371 -0.813574 -0.347270 0.864033 0.503102 -0.018289 0.189591 -0.291523 0.937587
0.217202 -3.313111 0.973718 7.567443 0.482962 -0.810269 -0.331982 0.854074 0.519526 -0.025512 0.193145 -0.271216 0.942941
0.225722 -3.088286 6.855326 4.251620 -0.495274 0.807548 0.320265 0.831183 0.547708 -0.095663 0.252665 -0.218819 0.942485
-0.403860 -6.304191 -2.199552 -8.945111 -0.388321 0.721430 0.573364 -0.447476 -0.691532 0.567053 -0.805588 0.036368 -0.591359
-0.426282 -6.146065 -10.547565 11.822163 -0.401193 0.714121 0.573650 -0.250003 -0.687850 0.681441 -0.881216 -0.129975 -0.454493
-0.439190 -5.984336 -9.114847 -26.707472 -0.389090 0.730363 0.561408 -0.425281 -0.683016 0.593823 -0.817157 0.007706 -0.576364
-0.366164 -6.276513 -0.111556 0.981877 -0.372879 0.731233 0.571192 -0.516919 -0.674919 0.526573 -0.770555 0.098912 -0.629651
-0.242990 -6.138336 14.315870 -16.149981 -0.353347 0.730005 0.585012 -0.471867 -0.679051 0.562344 -0.807767 0.077345 -0.584406
1.916323 -7.564724 11.241570 -94.167069 0.491481 -0.583990 -0.646067 0.848670 0.487664 0.204800 0.195463 -0.648953 0.735292
1.780788 -6.666910 12.103421 -51.616684 0.486626 -0.587319 -0.646724 0.869120 0.400438 0.290311 0.088467 -0.703353 0.705314
1.982096 -7.387612 15.080546 -74.939982 0.514932 -0.602906 -0.609385 0.849491 0.454206 0.268445 0.114939 -0.655898 0.746047
1.715444 -6.754259 6.862626 20.830251 0.482795 -0.622451 -0.616006 0.875021 0.371244 0.310669 0.035312 -0.689008 0.723893
1.994777 -6.582583 1.367348 -49.710516 0.519826 -0.646058 -0.558919 0.852329 0.436342 0.288343 0.057593 -0.626271 0.777475
0.182782 -8.926731 5.066794 24.932635 0.339558 -0.516140 -0.786321 0.915929 0.371603 0.151607 0.213949 -0.771694 0.598928
0.549498 -8.860061 10.690935 25.535665 0.338295 -0.517889 -0.785715 0.897132 0.429555 0.103134 0.284096 -0.739780 0.609931
0.303409 -8.656971 15.755514 18.291754 0.319523 -0.512279 -0.797167 0.858216 0.513090 0.014269 0.401709 -0.688701 0.603590
0.526523 -8.962934 8.344353 18.659352 0.342137 -0.511786 -0.788046 0.936504 0.254292 0.241445 0.076825 -0.820616 0.566293
-0.055898 -8.770545 8.772727 28.697875 0.333184 -0.507025 -0.794931 0.880801 0.468201 0.070546 0.336419 -0.723681 0.602585
-0.119704 -8.934198 11.513627 14.438828 0.355897 -0.504495 -0.786652 0.928150 0.288970 0.234592 0.108969 -0.813622 0.571091
0.109221 -8.977708 -1.383978 14.017905 0.359837 -0.528901 -0.768623 0.933011 0.201441 0.298182 -0.002876 -0.824430 0.565956
0.452724 -12.054688 2.383589 -86.931695 -0.505571 0.559285 0.656962 0.776851 -0.036192 0.628643 0.375367 0.828185 -0.416184
0.517568 -12.381395 2.378082 -143.599474 -0.498751 0.576071 0.647603 0.727020 -0.128745 0.674438 0.471900 0.807197 -0.354604
0.378743 -15.134086 4.941394 -132.291961 -0.496899 0.558974 0.663807 0.631394 -0.291890 0.718430 0.595342 0.776111 -0.207893
0.425793 -12.816639 9.345673 -95.302044 -0.504893 0.538947 0.674255 0.765087 -0.082250 0.638653 0.399657 0.838314 -0.370814
0.328014 -16.911228 -5.283853 101.326214 -0.473019 0.603215 0.642172 -0.409967 0.494460 -0.766444 0.779859 0.625812 -0.013409
0.387953 -16.002687 9.422854 58.070824 -0.505092 0.575164 0.643481 -0.379183 0.521881 -0.764108 0.775308 0.629942 0.045506
0.439487 -14.966001 1.097677 78.151295 -0.497366 0.560801 0.661913 -0.475705 0.461748 -0.748661 0.725487 0.687234 -0.037118
1.409980 -5.572068 -10.237610 32.643001 -0.312115 0.613754 0.725183 0.925527 0.368722 0.086277 -0.214438 0.698105 -0.683130
1.303876 -7.929667 -12.585433 113.100866 -0.361321 0.588328 0.723407 0.884710 0.461347 0.066685 -0.294509 0.664100 -0.687194
1.084241 -6.186024 -15.885010 81.094191 -0.328750 0.625617 0.707479 0.906061 0.420254 0.049400 -0.266415 0.657259 -0.705006
1.463023 -7.247762 -1.183369 87.358701 -0.336039 0.562964 0.755082 0.892477 0.446486 0.064300 -0.300936 0.695501 -0.652469
1.114310 -4.722590 -13.085893 13.017265 -0.270946 0.656853 0.703656 0.936860 0.347844 0.036035 -0.221093 0.668991 -0.709626
1.531374 -4.527884 -25.705794 -22.234517 -0.250017 0.677170 0.692049 0.960968 0.260989 0.091792 -0.118458 0.687987 -0.715990
1.762955 -4.895124 -11.751648 -9.614382 -0.262403 0.638037 0.723915 0.962844 0.222756 0.152679 -0.063842 0.737081 -0.672782
1.548950 -5.714762 13.360085 36.486946 -0.303071 0.550470 0.777901 0.930167 0.348372 0.115874 -0.207214 0.758696 -0.617611
0.378263 -3.732489 -4.638727 8.224119 0.651689 -0.638443 -0.409502 0.592692 0.765544 -0.250318 0.473306 -0.079579 0.877296
0.331215 -4.059789 -0.881908 4.740202 0.638181 -0.657730 -0.400146 0.612879 0.748580 -0.252997 0.465945 -0.083784 0.880838
0.351960 -3.654264 4.968663 3.472996 -0.595369 0.707419 0.380912 0.604713 0.706698 -0.367288 0.529017 -0.011671 0.848531
0.482296 -4.058813 3.339403 12.316678 0.679072 -0.592023 -0.434016 0.598317 0.788932 -0.140007 0.425297 -0.164604 0.889960
0.520106 -3.192441 11.759550 -2.043315 -0.594315 0.709243 0.379163 0.610883 0.704754 -0.360755 0.523080 -0.017222 0.852110
0.439965 -3.337394 -15.602753 6.934785 0.660956 -0.632115 -0.404434 0.586302 0.771374 -0.247449 0.468387 -0.073568 0.880455
0.459731 -3.728659 -6.745098 21.296733 0.693491 -0.582903 -0.423431 0.573803 0.802271 -0.164652 0.435683 -0.128781 0.890840
0.231894 -3.837630 1.913403 -60.689301 -0.373187 0.664925 0.646998 0.432895 -0.492009 0.755334 -0.820569 -0.561963 0.104231
0.310797 -5.376316 -2.467228 -102.674917 -0.373086 0.632227 0.679041 0.499177 -0.480145 0.721307 -0.782068 -0.608070 0.136458
0.419802 -3.760975 12.193389 -83.218531 -0.389083 0.679858 0.621617 0.406264 -0.478987 0.778152 -0.826780 -0.555306 0.089836
0.315418 -5.374959 -4.322874 -72.473762 -0.367073 0.650374 0.665034 0.503247 -0.462425 0.730004 -0.782304 -0.602641 0.157555
0.241512 -4.465936 -4.454796 -30.292911 -0.389444 0.693725 0.605870 0.404801 -0.461951 0.789137 -0.827327 -0.552582 0.100917
0.081266 -11.785371 -7.656657 -65.618364 0.781399 -0.516673 -0.349950 0.438064 0.853550 -0.282050 0.444427 0.067093 0.893299
0.137033 -10.752833 -6.684918 -28.036517 0.777941 -0.519280 -0.353774 0.521150 0.847775 -0.098392 0.351014 -0.107826 0.930141
0.051946 -10.629300 -1.370690 -52.254354 0.771453 -0.526399 -0.357441 0.537392 0.839814 -0.076949 0.340690 -0.132723 0.930760
0.117679 -10.149408 0.791757 23.677855 0.757112 -0.539288 -0.368713 -0.604643 -0.792168 -0.082927 0.247361 -0.285724 0.925837
-0.166860 -11.651512 -7.024763 -80.534527 0.770844 -0.535176 -0.345522 0.467564 0.843710 -0.263701 0.432647 0.041719 0.900598
-0.086674 -10.621544 -3.103223 -73.663222 0.757383 -0.551305 -0.349906 0.565199 0.821850 -0.071499 0.326988 -0.143614 0.934052
0.130442 -9.825676 1.359689 36.904406 0.746507 -0.558812 -0.361187 -0.625139 -0.774943 -0.093090 0.227879 -0.295285 0.927835
0.873828 -7.493673 25.649679 -26.843407 -0.441244 0.659133 0.608973 0.616021 0.715938 -0.328558 -0.652550 0.230166 -0.721943
0.986764 -7.102871 17.743077 -14.966890 -0.415113 0.697094 0.584586 0.524064 0.708469 -0.472683 -0.743665 0.110143 -0.659417
1.066385 -7.591618 13.737538 -25.508922 -0.456491 0.669583 0.585897 0.568057 0.726164 -0.387293 -0.684782 0.156027 -0.711849
-0.466083 -14.216651 0.755920 -70.024506 0.857919 -0.433102 -0.276401 0.393413 0.207750 0.895581 0.330456 0.877076 -0.348621
-0.424465 -15.189817 -7.437099 -59.261316 0.875332 -0.406542 -0.261760 0.325730 0.095708 0.940606 0.357343 0.908605 -0.216199
-0.561062 -15.234055 6.358136 -45.032830 0.853082 -0.448086 -0.267338 0.267022 -0.065273 0.961477 0.448274 0.891605 -0.063966
-0.513182 -14.050746 -6.445405 -50.902104 0.858890 -0.426897 -0.282963 0.381162 0.163766 0.909888 0.342088 0.889348 -0.303373
1.060451 -10.854279 -7.574198 -28.521485 0.711054 -0.564808 -0.418801 -0.426286 0.127395 -0.895573 -0.559180 -0.815329 0.150185
1.151790 -10.082672 -11.420264 -57.963390 0.727051 -0.578750 -0.369385 -0.510352 -0.095663 -0.854628 -0.459280 -0.809874 0.364918
1.408079 -11.376794 -12.108854 -92.444711 0.729509 -0.556211 -0.398053 -0.472885 0.010313 -0.881064 -0.494163 -0.830977 0.255500
0.771468 -10.122037 -13.056912 -10.934338 0.691056 -0.610195 -0.387432 -0.481860 0.010601 -0.876184 -0.538750 -0.792180 0.286703
0.686020 -10.293574 -15.779658 3.246630 0.679905 -0.598843 -0.423220 -0.361108 0.228892 -0.903996 -0.638224 -0.767460 0.060623
0.500175 -2.060301 -30.003074 -14.445992 -0.215889 0.482917 0.848636 -0.545250 0.661372 -0.515063 -0.809997 -0.573915 0.120527
0.677243 -1.887621 -39.102843 -9.900168 -0.216718 0.476757 0.851901 -0.581355 0.638008 -0.504947 -0.784257 -0.604689 0.138897
-0.067955 -1.928936 -29.647965 -14.165218 -0.216596 0.482376 0.848764 -0.559952 0.650794 -0.512759 -0.799713 -0.586328 0.129148
-4.405269 -8.208714 4.485523 5.951898 0.875617 -0.008091 -0.482938 -0.407786 0.523466 -0.748127 -0.258855 -0.852008 -0.455056
-4.110208 -8.100125 -10.933175 -9.202648 0.825019 -0.074763 -0.560138 -0.498139 0.371826 -0.783328 -0.266838 -0.925287 -0.269521
-4.394793 -8.140747 -21.298880 9.867318 0.811103 -0.092460 -0.577550 -0.435147 0.564431 -0.701473 -0.390845 -0.820286 -0.417578
-4.674707 -7.703966 -5.779760 23.834169 0.852541 -0.011499 -0.522533 -0.372477 0.687976 -0.622857 -0.366653 -0.725643 -0.582244
-4.473819 -7.829834 21.601438 23.705055 0.895867 0.052138 -0.441253 -0.363194 0.658006 -0.659635 -0.255956 -0.751205 -0.608422
-3.933756 -8.221085 39.482295 11.691025 0.922337 0.086524 -0.376574 -0.362548 0.530824 -0.766019 -0.133616 -0.843054 -0.520967
0.752645 -19.628701 -1.907787 -214.055829 0.778279 -0.604012 -0.171611 -0.191800 0.031561 -0.980926 -0.597908 -0.796350 0.091286
0.584370 -26.478501 -5.537904 -388.552686 0.762532 -0.630007 -0.147093 -0.081730 0.131733 -0.987910 -0.641767 -0.765335 -0.048960
0.659683 -19.116315 -15.314550 -34.581511 0.771227 -0.620556 -0.141845 -0.277428 -0.127113 -0.952300 -0.572925 -0.773791 0.270193
-19.561923 -105.740842 -520.674324 2503.665703 -0.868231 0.377169 -0.322363 0.296690 0.915426 0.271976 0.397680 0.140496 -0.906704
57.413898 -2285.521303 587.562130 297461.167408 -0.813258 0.444438 -0.375615 0.427600 0.894238 0.132276 0.394678 -0.053038 -0.917288
-18.389508 -143.770974 474.556030 934.792213 0.815793 -0.462560 0.347160 0.566776 0.519965 -0.639063 -0.115094 -0.718105 -0.686352
-46.988536 -162.105582 1207.709406 6132.591089 0.710814 -0.626441 0.319867 0.258936 -0.189771 -0.947069 -0.653984 -0.756015 -0.027316
136.443707 -574.491568 -13381.842480 -239502.069972 0.916872 -0.385259 0.104505 0.389495 0.806098 -0.445533 -0.087405 -0.449201 -0.889145
2.682905 -3.972078 36.315242 6.393365 0.463758 -0.638510 -0.614193 0.864127 0.478952 0.154561 0.195480 -0.602419 0.773872
3.026766 -4.079764 -4.208234 3.763066 0.476246 -0.678000 -0.559916 0.861709 0.486636 0.143676 0.175063 -0.550910 0.815997
2.814878 -3.934359 6.840216 0.864921 0.456420 -0.665320 -0.590789 0.855390 0.510876 0.085514 0.244926 -0.544385 0.802282
3.596980 -1.752685 44.109570 1.802659 0.541599 0.736686 -0.404925 0.451512 -0.661236 -0.599085 0.709089 -0.141635 0.690747
2.727877 -1.699225 63.961635 0.556471 0.468528 0.764346 -0.443009 0.479007 -0.641134 -0.599582 0.742316 -0.068717 0.666517
2.798694 -1.640729 61.513487 9.947257 0.466064 0.765458 -0.443687 0.434197 -0.634825 -0.639117 0.770881 -0.105222 0.628229
-1.779608 -5.058009 -19.153569 0.872091 0.974106 -0.217741 -0.060874 0.216759 0.975969 -0.022376 0.064283 0.008602 0.997895
-2.034507 -4.842141 -4.033685 5.339687 0.966598 -0.230496 -0.112074 -0.241190 -0.965959 -0.093545 0.086697 -0.117452 0.989287
-2.166114 -4.882255 -6.643169 -3.950305 0.972806 -0.190175 -0.132223 0.190442 0.981640 -0.010744 0.131838 -0.014728 0.991162
-0.043358 -5.360446 -1.187419 22.060701 -0.406424 0.774136 0.485317 0.500000 -0.256134 0.827282 -0.764735 -0.578886 0.282969
-0.005131 -4.675528 2.958717 45.751173 -0.417438 0.786547 0.455070 0.606271 -0.131968 0.784232 -0.676890 -0.603264 0.421772
0.053381 -4.875868 6.007909 46.664867 -0.398719 0.785716 0.472941 0.604415 -0.162709 0.779877 -0.689714 -0.596805 0.410024
0.114936 -4.307781 2.674447 41.348889 -0.408705 0.785604 0.464528 0.657710 -0.099349 0.746691 -0.632755 -0.610701 0.476095
-1.604332 -107.163676 -3.375348 2682.939354 0.815855 -0.056273 0.575512 -0.529490 0.327335 0.782619 0.232425 0.943231 -0.237262
-3.624196 -109.939728 -8.255185 584.808068 -0.812645 0.147814 -0.563701 -0.189697 0.847519 0.495708 0.551020 0.509767 -0.660693
7.114777 -218.789089 291.724309 9510.017051 0.755731 -0.096456 0.647739 -0.600790 0.291503 0.744363 0.260616 0.951694 -0.162349
-3.755797 -83.676342 121.009832 -725.626533 -0.852181 0.063064 -0.519433 -0.201690 0.876409 0.437296 0.482814 0.477420 -0.734140
-2.117551 -58.221321 87.777663 1549.627913 0.726586 -0.052259 0.685085 -0.663608 -0.311749 0.680027 -0.178037 0.948726 0.261192
17.805145 -486.633500 239.799133 -16932.914397 0.573745 -0.007311 0.819001 0.778690 0.314841 -0.542695 -0.253888 0.949116 0.186331
-3.872981 -76.970339 -89.053450 1798.361351 0.845314 -0.001578 0.534268 -0.501455 0.342716 0.794411 0.184356 0.939438 -0.288912
-7.837763 -33.519929 -165.447445 860.613782 0.839262 0.143879 0.524345 0.403215 -0.811645 -0.422669 -0.364769 -0.566154 0.739197
-4.177984 -34.259768 -81.996759 855.517873 0.801487 0.137688 0.581945 0.433611 -0.803959 -0.406977 -0.411824 -0.578525 0.704066
-5.539941 -33.552298 -110.696594 978.760423 0.807896 0.137021 0.573174 0.541415 -0.556692 -0.630051 -0.232751 -0.819341 0.523935
-6.912221 -24.542201 -172.499592 172.428839 0.804386 0.161353 0.571776 -0.167915 0.984918 -0.041714 -0.569884 -0.062455 0.819348
-9.506535 -31.213828 -187.497490 853.037079 0.872881 0.189615 0.449583 0.469132 -0.579452 -0.666447 -0.134143 -0.792642 0.594747
-12.217158 -30.245991 -170.517208 719.494916 0.944024 0.162799 0.286905 0.289155 -0.826985 -0.482167 -0.158770 -0.538138 0.827768
-10.829483 -23.300836 -214.256596 18.604866 0.911358 0.140050 0.387058 -0.174818 0.983010 0.055939 -0.372647 -0.118645 0.920357
1.135558 -10.842035 26.060196 283.160507 0.685772 -0.233777 0.689250 -0.684534 -0.528881 0.501696 -0.247246 0.815864 0.522720
1.575354 -7.388228 10.763983 -133.922756 0.667147 -0.154847 0.728654 0.670791 0.550275 -0.497229 -0.323966 0.820500 0.470984
1.631518 -13.661913 22.704207 260.639097 0.715488 -0.201885 0.668819 -0.684504 -0.394085 0.613312 -0.139753 0.896627 0.420154
-0.653585 -5.736150 -5.195313 48.077055 -0.530235 0.672342 0.516533 -0.018166 -0.618095 0.785893 -0.847656 -0.407325 -0.339950
-0.532313 -5.563252 -3.513607 43.483586 -0.542024 0.672908 0.503393 -0.026993 -0.612651 0.789893 -0.839929 -0.414553 -0.350235
-0.538111 -5.735349 0.451494 14.574599 -0.534410 0.679712 0.502393 0.036404 -0.575327 0.817113 -0.844441 -0.454962 -0.282716
-4.845842 -8.264515 0.209732 126.457393 0.012444 0.851925 0.523516 0.968885 0.119159 -0.216939 -0.247198 0.509927 -0.823934
-4.667737 -6.615084 -43.029872 40.578736 -0.487121 0.724916 0.487041 0.836989 0.546720 0.023384 -0.249323 0.419039 -0.873066
-3.513521 -5.765340 -2.290183 35.052375 0.754939 -0.521361 -0.397806 0.633962 0.735420 0.239271 -0.167808 0.432828 -0.885720
5.420951 -7.331476 65.803326 26.194141 0.104827 0.685181 0.720790 -0.807938 0.481283 -0.340005 0.579869 0.546711 -0.604035
5.709321 -7.828396 41.164603 45.119609 0.147448 0.713504 0.684961 -0.721961 0.550994 -0.418541 0.676041 0.432802 -0.596365
4.263833 -7.378782 51.917787 13.829753 0.014704 0.653951 0.756394 0.847599 -0.409455 0.337524 0.530433 0.636156 -0.560309
-0.029106 -5.616335 -59.262199 57.452360 0.626604 -0.639165 -0.445910 0.566026 -0.020055 0.824143 0.535706 0.768808 -0.349217
1.156188 -5.013763 143.962653 8.590863 -0.585854 0.615886 0.526744 0.673207 0.007989 0.739411 0.451184 0.787795 -0.419299
-0.320110 -1.753027 3.969099 -11.437002 0.049004 0.998288 0.031924 -0.986597 0.053362 -0.154205 0.155645 0.023940 -0.987523
-0.132839 -1.511318 22.346400 -3.351857 0.383179 0.918736 0.095378 -0.909469 0.393309 -0.134809 0.161368 0.035088 -0.986270
0.131555 -1.299505 24.838661 -1.261457 0.329981 0.939542 0.091512 -0.924619 0.341225 -0.169248 0.190242 0.028766 -0.981316
0.773728 -1.410705 36.618070 2.621362 0.557995 0.819957 0.127719 -0.805683 0.572162 -0.153315 0.198787 0.017352 -0.979889
0.507389 -1.545901 -19.642641 -9.225565 0.038055 0.999198 0.012462 -0.978942 0.039781 -0.200227 0.200562 0.004580 -0.979670
0.672729 -1.171738 33.430783 -0.440791 0.405060 0.907424 0.111840 -0.885327 0.419828 -0.199850 0.228302 0.018064 -0.973423
7.181034 -3.755428 81.359340 -29.577825 -0.097000 0.863083 0.495659 0.989212 0.138529 -0.047631 -0.109773 0.485692 -0.867210
7.758657 -4.702637 175.861743 29.794741 -0.151999 0.776617 0.611361 0.969744 0.236731 -0.059621 -0.191031 0.583801 -0.789103
2.273789 -4.809925 -57.930064 67.137913 0.397676 0.891667 0.216295 -0.840775 0.448524 -0.303188 0.367357 0.061285 -0.928059
3.686254 -4.870727 -81.413503 59.833353 0.394618 0.879589 0.265706 -0.840203 0.462480 -0.283147 0.371936 0.111512 -0.921536
3.239934 -3.562344 -61.396070 31.789148 0.302534 0.929814 0.209569 -0.902774 0.350062 -0.249911 0.305733 0.113587 -0.945318
2.058484 -3.000272 -31.634843 36.608804 0.314436 0.934699 0.165733 -0.900765 0.348883 -0.258656 0.299587 0.067955 -0.951646
1.336733 -4.543818 -23.742841 73.350261 0.404285 0.896848 0.179492 -0.841061 0.441649 -0.312350 0.359404 0.024685 -0.932856
0.199178 -2.716110 -24.512210 -24.903689 0.756162 -0.518628 -0.399054 0.294043 0.814072 -0.500824 0.584600 0.261365 0.768069
-0.170635 -3.434835 -16.048278 -30.154620 0.728210 -0.579524 -0.365872 0.297312 0.748119 -0.593232 0.617508 0.323219 0.717087
-0.351926 -3.425590 -5.994305 -25.219427 0.693024 -0.643947 -0.324115 0.364413 0.700833 -0.613217 0.622030 0.306863 0.720357
-0.354189 -6.658946 2.113836 -28.832138 -0.525125 0.654545 0.543889 0.653973 0.719330 -0.234270 -0.544576 0.232668 -0.805793
-0.420260 -6.535197 -2.739985 -27.223116 -0.529652 0.661388 0.531069 0.731939 0.672775 -0.107880 -0.428641 0.331571 -0.840433
-0.295223 -6.341563 3.887770 3.333461 -0.513517 0.668370 0.538128 0.620930 0.722281 -0.304560 -0.592238 0.177743 -0.785914
2.591790 -9.087254 3.901638 47.913686 -0.320721 0.782358 0.533905 0.222713 0.610168 -0.760325 0.920618 0.124945 0.369934
2.707410 -9.403250 -0.466181 9.984798 -0.295043 0.784479 0.545475 0.397849 0.619909 -0.676334 0.868715 -0.017469 0.495004
2.475882 -8.897424 6.106453 55.907906 -0.378026 0.784910 0.490930 0.211127 0.589396 -0.779768 0.901400 0.191124 0.388523
1.321051 -9.571407 -34.271832 24.115889 -0.139897 0.726075 0.673234 0.575667 0.612844 -0.541322 0.805628 -0.311829 0.503712
1.907751 -9.350848 -40.834740 -40.879678 -0.142426 0.729544 0.668939 0.681253 0.562535 -0.468453 0.718059 -0.388997 0.577124
2.069737 -9.617177 -31.887964 21.104809 -0.167797 0.745215 0.645367 0.473910 0.635019 -0.610049 0.864438 -0.203482 0.459719
0.439345 -14.048641 6.434905 19.088257 0.327391 -0.791042 -0.516786 0.921979 0.147732 0.357954 -0.206810 -0.593656 0.777690
0.349597 -13.896941 -6.136634 -5.354320 0.297719 -0.811450 -0.502903 0.813944 -0.059516 0.577886 -0.498857 -0.581383 0.642756
0.391379 -12.668472 -1.254563 28.964258 0.308119 -0.807384 -0.503184 0.895087 0.066838 0.440853 -0.322306 -0.586229 0.743273
0.500713 -12.352213 7.911074 24.430072 0.342429 -0.793248 -0.503489 0.931763 0.217890 0.290417 -0.120668 -0.568579 0.813730
-3.776531 -7.202550 -45.848411 36.691723 0.149039 0.986219 -0.071827 -0.936705 0.117536 -0.329802 0.316815 -0.116434 -0.941314
-2.575149 -6.421739 -56.775102 45.067786 0.220539 0.965596 -0.137792 -0.945021 0.176561 -0.275246 0.241448 -0.190919 -0.951448
-1.407326 -6.298027 -56.526197 57.083614 0.237518 0.953605 -0.184996 -0.938684 0.176324 -0.296282 0.249917 -0.244025 -0.937013
-3.227103 -5.689531 -52.599812 48.428430 0.297548 0.952186 -0.069330 -0.948436 0.286504 -0.135588 0.109242 -0.106099 -0.988337
