10862
21709
-7.813124 -11.066249 -0.522393 130.530576 -0.040535 0.932050 0.360055 -0.240564 0.340648 -0.908894 0.969787 0.123458 -0.210409
-5.100388 -10.510585 -118.909316 217.722123 0.042784 0.957141 0.286444 -0.381390 0.280640 -0.880785 0.923424 0.071564 -0.377051
-7.252184 -9.447991 8.557726 155.878552 -0.129847 0.980125 0.149985 -0.397945 0.087035 -0.913271 0.908173 0.178272 -0.378735
-5.924201 -7.785748 -45.900313 152.986532 -0.045746 0.991624 0.120786 -0.519024 0.079717 -0.851034 0.853535 0.101622 -0.511030
-8.235591 -10.727400 73.917665 99.990021 -0.239809 0.970362 0.029815 -0.197433 -0.018677 -0.980138 0.950532 0.240933 -0.196060
-6.724619 -9.081328 12.142310 102.392474 -0.374809 0.873484 -0.310715 -0.220915 -0.409639 -0.885094 0.900397 0.263100 -0.346502
-6.041080 -7.655730 26.319268 73.222361 -0.432291 0.762111 -0.481986 -0.257378 -0.616557 -0.744053 0.864223 0.197595 -0.462682
3.052071 -4.301319 -14.571453 51.033719 0.225794 0.526711 0.819507 0.797423 -0.583150 0.155091 0.559583 0.618475 -0.551683
3.041712 -6.784486 5.420136 146.835901 0.151813 0.546820 0.823372 0.842729 -0.506904 0.181263 0.516488 0.666361 -0.537776
3.170799 -5.502264 -39.875487 97.842125 0.270047 0.570560 0.775588 0.815902 -0.563313 0.130316 0.511252 0.597612 -0.617642
2.879903 -5.585084 61.864690 96.783810 0.116622 0.476936 0.871167 0.801725 -0.562932 0.200861 0.586205 0.675011 -0.448022
2.746041 -4.130462 -43.831144 52.254320 0.275813 0.589096 0.759534 0.793577 -0.585423 0.165880 0.542368 0.556997 -0.628960
2.495863 -3.118641 42.059932 -19.800960 -0.268998 -0.538101 -0.798804 -0.765710 0.622572 -0.161532 0.584233 0.568200 -0.579500
2.716335 -3.856731 -12.378096 -37.339646 -0.233932 -0.438781 -0.867610 -0.742550 0.656676 -0.131892 0.627610 0.613391 -0.479434
-0.424590 -13.047768 81.151362 67.331969 -0.101411 0.525819 0.844530 0.979800 -0.094285 0.176358 0.172359 0.845355 -0.505635
-0.012055 -13.203987 43.528949 -7.777597 -0.080898 0.525261 0.847087 0.996580 0.028243 0.077662 0.016869 0.850472 -0.525749
0.860535 -12.326930 87.385108 117.884563 -0.080865 0.510913 0.855821 0.959887 -0.191359 0.204936 0.268473 0.838063 -0.474944
-0.056815 -11.313675 83.429030 161.667831 -0.058694 0.518099 0.853304 0.902737 -0.337364 0.266931 0.426171 0.785976 -0.447906
2.284069 -8.077744 56.487736 -28.038833 -0.095957 0.994835 0.033097 0.713690 0.045585 0.698976 -0.693857 -0.090693 0.714379
2.159173 -8.439622 34.853231 -38.797165 -0.084833 0.994744 0.057344 0.614548 0.006935 0.788849 -0.784305 -0.102161 0.611906
1.086333 -8.430786 -0.533727 1.138329 -0.067799 0.994528 0.079477 0.769482 0.001418 0.638667 -0.635060 -0.104457 0.765368
1.849845 -8.350224 59.860518 26.053362 -0.100443 0.994266 0.036698 0.830563 0.063484 0.553294 -0.547792 -0.086055 0.832177
0.915017 -8.848775 -24.615300 -63.345447 0.036769 0.985910 -0.163187 -0.884935 0.107986 0.453021 -0.464260 -0.127753 -0.876437
0.829723 -9.088624 -20.911306 -56.174540 -0.010022 0.990365 -0.138116 -0.785230 0.077725 0.614307 -0.619124 -0.114609 -0.776885
0.554963 -8.159946 -13.236425 -50.157279 0.041303 0.982486 -0.181703 -0.878783 0.122257 0.461296 -0.475431 -0.140625 -0.868441
1.574804 -10.596327 -16.419381 -55.550931 0.043279 0.992319 -0.115891 -0.801860 0.103696 0.588445 -0.595942 -0.067461 -0.800189
1.310843 -9.267675 -31.328707 -113.129958 0.068583 0.984311 -0.162567 -0.896760 0.132229 0.422300 -0.437170 -0.116821 -0.891760
1.461679 -10.577890 -1.923183 -78.465734 0.125462 0.982752 -0.135856 -0.913190 0.167915 0.371333 -0.387740 -0.077474 -0.918507
2.801987 -6.634639 -50.203433 -21.249309 -0.071902 0.986513 -0.147042 -0.846030 0.017758 0.532839 -0.528264 -0.162714 -0.833343
3.464519 -6.731056 -55.297917 6.374092 -0.051447 0.989717 -0.133464 -0.764277 0.047004 0.643173 -0.642833 -0.135093 -0.754000
2.427371 -6.735096 -53.664086 -4.938854 -0.109778 0.979621 -0.168200 -0.777360 0.020836 0.628711 -0.619403 -0.199771 -0.759231
1.513487 -6.985847 -32.091143 6.796661 -0.143262 0.972045 -0.186021 -0.741934 0.018911 0.670206 -0.654989 -0.234031 -0.718484
1.656072 -6.754034 -32.727833 -26.199916 -0.145389 0.973334 -0.177435 -0.820543 -0.018423 0.571287 -0.552784 -0.228652 -0.801341
1.890816 -6.611841 -31.826706 -20.113188 -0.126043 0.977344 -0.170033 -0.860699 -0.022514 0.508616 -0.493265 -0.210455 -0.844037
0.274211 -20.824070 -14.088717 87.294357 -0.099263 0.984798 -0.142547 0.027174 0.145884 0.988928 -0.994690 -0.094291 0.041242
0.503395 -20.726197 -20.323287 59.908027 -0.084398 0.993105 -0.081354 0.351257 0.106057 0.930253 -0.932467 -0.049935 0.357786
0.284203 -20.391355 17.485116 74.073021 -0.072085 0.992110 -0.102570 0.194327 0.114837 0.974192 -0.978285 -0.050293 0.201072
0.002497 -19.937302 1.297291 131.814748 -0.085073 0.986571 -0.139429 -0.119091 0.128865 0.984485 -0.989232 -0.100358 -0.106528
0.085960 -18.986758 0.181534 71.326097 -0.089306 0.983896 -0.154836 -0.087513 0.147104 0.985242 -0.992152 -0.101538 -0.072966
-0.758696 -32.521721 -10.025801 -475.701340 -0.127114 0.974831 0.183157 0.988748 0.139215 -0.054749 -0.078869 0.174137 -0.981558
-0.663479 -34.359759 3.438779 -257.223202 -0.116679 0.971455 0.206547 -0.913091 -0.023112 -0.407101 0.390707 0.236096 -0.889723
-0.520615 -31.699463 -23.574905 -148.474123 -0.109982 0.979122 0.170952 -0.959140 -0.059441 -0.276616 0.260679 0.194390 -0.945653
-0.705789 -30.461856 -4.828384 378.152452 -0.131118 0.971775 0.196117 -0.969119 -0.167317 0.181144 -0.208845 0.166310 -0.963704
-0.938658 -30.456399 -1.295646 641.947193 -0.119870 0.969688 0.212921 -0.873936 -0.204818 0.440778 -0.471027 0.133243 -0.871997
-0.960945 -6.219283 46.634068 -63.570096 -0.047137 0.709735 0.702890 -0.554712 -0.603794 0.572475 -0.830706 0.362917 -0.422160
-0.294741 -7.496521 77.953706 108.683245 -0.056711 0.671958 0.738414 0.459996 0.674012 -0.578024 -0.886108 0.306887 -0.347322
0.111100 -7.119393 -13.216839 96.704892 -0.144138 0.620104 0.771165 0.457895 0.732648 -0.503547 -0.877244 0.280532 -0.389544
-1.559504 -6.605879 84.953205 -69.271572 0.019463 0.772867 0.634270 -0.562139 -0.516163 0.646201 -0.826814 0.369125 -0.424412
-0.559985 -6.080853 -18.703166 -48.756961 -0.127346 0.664750 0.736132 -0.558691 -0.661310 0.500534 -0.819541 0.347529 -0.455605
-1.461832 -5.830755 30.816461 22.325313 -0.011052 0.749873 0.661489 -0.620364 -0.523969 0.583614 -0.784236 0.403914 -0.470985
-1.911926 -6.181810 57.979364 33.688090 0.084145 0.825056 0.558751 -0.617465 -0.396934 0.679103 -0.782085 0.402153 -0.476043
6.211597 -420.061141 723.192309 19381.420676 -0.386338 0.920737 0.054644 -0.296886 -0.180226 0.937751 -0.873270 -0.346066 -0.342982
4.371031 -265.346627 274.668315 -13826.919859 0.304817 -0.912723 -0.272073 0.894555 0.176322 0.410708 -0.326890 -0.368575 0.870227
16.678699 -245.258525 243.149419 -14615.017645 0.773443 -0.582622 -0.249674 -0.309340 -0.003142 -0.950946 -0.553258 -0.812737 0.182658
-5.341615 -154.285305 -125.440767 8196.726813 -0.224387 0.970399 -0.089310 -0.925552 -0.183539 0.331161 -0.304967 -0.156969 -0.939338
-5.207725 -63.974181 -395.990677 -2792.439020 -0.375852 0.849245 -0.370834 0.915628 0.278719 -0.289725 -0.142689 -0.448440 -0.882350
-1.822588 -406.815633 -270.966420 -19784.591313 0.698153 0.710012 0.092002 0.266701 -0.138661 -0.953753 0.664419 -0.690402 0.286167
0.754269 -5.679029 -8.868619 16.427547 -0.043330 0.984542 -0.169707 0.998681 0.047368 0.019818 0.027550 -0.168624 -0.985295
0.759789 -5.464954 -6.829348 28.333730 -0.000556 0.988932 -0.148367 0.989347 0.022142 0.143882 0.145575 -0.146706 -0.978410
1.230870 -5.899792 -24.420856 10.551235 -0.007320 0.989013 -0.147649 0.999959 0.008017 0.004125 0.005263 -0.147613 -0.989031
-22.795483 -532.924432 -3869.934048 -40118.220727 -0.846825 -0.066613 -0.527683 0.140114 0.929142 -0.342146 0.513084 -0.363674 -0.777487
-13.454815 -1133.381755 31.060267 -87270.680883 0.979819 -0.006268 -0.199788 -0.089487 0.879993 -0.466480 -0.178736 -0.474944 -0.861674
-8.776977 -185.021140 -974.287215 6345.314441 -0.972729 -0.032281 -0.229687 -0.008485 0.994558 -0.103843 0.231789 -0.099062 -0.967709
-21.870796 -93.303203 194.458618 -3634.697372 0.999053 0.018631 0.039319 0.024483 0.506306 -0.862006 0.035967 -0.862153 -0.505370
6.189102 -105.754119 -119.021562 -5169.156860 0.762919 -0.534165 -0.364172 0.534437 0.204138 0.820186 0.363773 0.820363 -0.441219
3.390749 -35.079732 -46.686315 -625.341159 0.783390 -0.527747 -0.328304 0.338072 -0.081428 0.937591 0.521544 0.845489 -0.114627
3.289700 -58.997862 -25.754076 -1828.737243 0.785646 -0.543674 -0.295261 0.325340 -0.042874 0.944625 0.526227 0.838200 -0.143195
5.055090 -49.537261 -202.497965 -1017.779542 0.794430 -0.494927 -0.352034 0.339932 -0.118000 0.933018 0.503316 0.860885 -0.074499
6.927504 -63.453623 -207.867067 -2514.819958 0.748143 -0.561129 -0.354143 0.586345 0.309229 0.748717 0.310615 0.767797 -0.560362
-2.052608 -5.481814 218.793734 -42.877339 -0.558122 -0.660265 -0.502543 0.774044 -0.632483 -0.028661 -0.298926 -0.404987 0.864077
3.588979 -6.205163 370.650301 -32.929742 -0.619210 -0.546502 -0.563839 0.726525 -0.671154 -0.147355 -0.297893 -0.500887 0.812633
-0.934086 -5.916655 -401.223124 -2.076698 0.687947 0.471808 0.551476 0.671207 -0.702640 -0.236173 -0.276061 -0.532630 0.800060
3.667705 -6.635348 -519.186025 2.714847 0.696311 0.437121 0.569277 0.679391 -0.657204 -0.326360 -0.231472 -0.614010 0.754594
-3.800866 -5.905957 -391.972471 9.665618 0.786606 0.391307 0.477629 0.585761 -0.717565 -0.376809 -0.195282 -0.576177 0.793653
-3.825925 -7.169590 -7.814861 96.085845 -0.102983 0.994683 0.000341 0.497742 0.051236 0.865811 -0.861190 -0.089333 0.500372
-4.313750 -7.540387 -18.165426 85.760707 0.010352 0.999025 0.042928 0.491720 -0.042466 0.869717 -0.870692 -0.012105 0.491680
-4.196135 -8.519292 -15.556024 68.419600 -0.069351 0.996764 0.040653 0.384271 -0.010915 0.923156 -0.920612 -0.079644 0.382270
-3.549067 -7.840323 -27.646615 96.041659 -0.175934 0.984282 -0.015356 0.418281 0.088867 0.903960 -0.891116 -0.152614 0.427341
-4.589757 -9.195284 -24.569701 28.252704 -0.053028 0.996842 0.059114 0.213831 -0.046490 0.975764 -0.975430 -0.064383 0.210691
-3.913176 -9.074358 -26.883069 37.809532 -0.138698 0.990193 0.016724 0.260328 0.020161 0.965310 -0.955506 -0.138241 0.260571
0.548729 -2.418672 18.985252 11.604114 -0.317731 0.807576 -0.496858 0.215432 -0.448821 -0.867265 0.923383 0.382596 0.031374
0.964623 -2.681283 31.863459 25.372795 -0.289824 0.775658 -0.560675 0.275932 -0.493224 -0.824979 0.916441 0.393807 0.071081
0.184657 -2.656003 -21.264683 6.520715 -0.253110 0.702656 -0.664989 0.327970 -0.584345 -0.742278 0.910149 0.405975 0.082546
0.806426 -3.019900 9.692788 30.615902 -0.232535 0.680616 -0.694758 0.369582 -0.598919 -0.710426 0.899631 0.421969 0.112274
0.182805 -2.750865 -14.877653 -25.324012 -0.216143 0.621023 -0.753401 -0.391161 0.651929 0.649601 0.894581 0.435108 0.102011
2.737257 -7.285939 5.889835 4.181050 -0.362156 0.931862 -0.021805 0.586655 0.246049 0.771554 -0.724347 -0.266632 0.635790
2.239018 -6.920785 20.131965 -5.106856 -0.265179 0.964199 -0.000879 0.652912 0.180239 0.735677 -0.709497 -0.194512 0.677332
1.452589 -7.160353 21.133493 4.735099 -0.297014 0.954708 -0.017773 0.733264 0.239965 0.636192 -0.611642 -0.175926 0.771326
1.990809 -7.014787 6.549062 24.257978 -0.408557 0.911022 -0.055865 0.659110 0.336817 0.672404 -0.631391 -0.237894 0.738073
0.491383 -7.730374 -2.120696 -20.307866 -0.196260 0.979760 0.039399 0.831941 0.145114 0.535553 -0.518996 -0.137886 0.843582
0.337886 -7.718888 18.957783 -14.778565 -0.257325 0.966298 -0.007291 0.837073 0.226669 0.497926 -0.482797 -0.122025 0.867189
0.997111 -6.913415 15.164596 31.479605 -0.395899 0.915857 -0.066861 0.760194 0.367713 0.535623 -0.515139 -0.161225 0.841806
-0.735659 -11.258159 -4.765130 -25.920520 0.242171 0.968590 0.056443 -0.082041 0.078410 -0.993540 0.966759 -0.235976 -0.098453
-0.494902 -11.252577 7.533912 -10.346581 0.224104 0.973689 0.041310 -0.051099 0.054070 -0.997229 0.973225 -0.221372 -0.061872
-0.778634 -11.229829 7.854561 -22.091101 0.226775 0.972034 0.061019 0.112979 0.035974 -0.992946 0.967372 -0.232069 0.101661
-0.435715 -11.064327 -1.939588 -49.821295 0.230674 0.970956 0.063519 0.163723 0.025618 -0.986174 0.959158 -0.237884 0.153058
-0.382622 -11.169996 -10.053953 9.944354 0.242698 0.967522 0.070698 -0.048231 0.084821 -0.995228 0.968902 -0.238130 -0.067250
-0.819193 -11.390200 13.337375 -18.608258 0.224427 0.972889 0.055852 0.318002 -0.018940 -0.947901 0.921144 -0.230495 0.313632
-0.869140 -11.063938 1.204945 -3.862531 0.235624 0.969873 0.061861 0.329574 -0.019862 -0.943921 0.914255 -0.242798 0.324325
1.952122 -12.361063 -37.870419 105.303308 -0.043430 0.996047 0.077487 0.802140 -0.011470 0.597026 -0.595555 -0.088084 0.798471
1.880228 -12.705248 -27.023349 47.411464 -0.048874 0.996572 0.066758 0.625839 -0.021535 0.779655 -0.778419 -0.079884 0.622641
2.857752 -13.069923 -45.133283 93.368545 -0.022935 0.998193 0.055546 0.735620 -0.020775 0.677076 -0.677006 -0.056390 0.733814
2.666304 -12.426126 -58.038092 42.407125 -0.019911 0.996681 0.078933 0.850496 -0.024619 0.525405 -0.525604 -0.077594 0.847183
-0.069651 -21.241438 -12.187118 14.167753 0.243935 0.954532 0.171359 0.920030 -0.283651 0.270346 -0.306661 -0.091709 0.947391
0.124403 -23.777812 -17.856718 140.461242 0.221185 0.962118 0.159392 0.789450 -0.272601 0.549961 -0.572578 -0.004189 0.819840
0.299354 -23.605787 -5.809914 160.879511 0.234253 0.960325 0.151333 0.774788 -0.278441 0.567605 -0.587222 0.015712 0.809273
0.211669 -22.710506 -16.744156 273.782086 0.249148 0.952341 0.175988 0.886810 -0.297375 0.353746 -0.389221 -0.067932 0.918636
0.351531 -27.166268 -19.978591 433.598837 0.223650 0.963030 0.150181 0.767196 -0.268976 0.582291 -0.601159 0.015011 0.798989
0.005793 -14.552803 70.935786 167.342211 0.077877 0.996379 -0.034109 -0.701621 0.030468 -0.711899 0.708282 -0.079372 -0.701453
0.315406 -13.462315 9.152879 113.425447 0.133763 0.988513 -0.070355 -0.726709 0.049572 -0.685155 0.673797 -0.142776 -0.724992
0.456912 -14.989111 44.106896 25.744970 0.108460 0.993763 -0.025899 -0.496934 0.031635 -0.867211 0.860983 -0.106928 -0.497266
-0.930093 -16.231673 12.829669 78.183615 0.372764 0.927563 0.025974 -0.717993 0.270585 0.641303 -0.587820 0.257704 -0.766848
-0.634871 -16.022404 39.441190 41.049434 0.436594 0.899113 0.031336 -0.619810 0.275358 0.734856 -0.652089 0.340256 -0.677499
-0.097828 -16.755040 46.901340 61.241921 0.427349 0.903011 0.044091 -0.782965 0.345273 0.517448 -0.452038 0.255652 -0.854578
-1.214826 -15.183014 -3.573862 3.363992 0.354387 0.934998 0.013762 -0.594334 0.213856 0.775263 -0.721926 0.282923 -0.631489
-0.998017 -17.596664 19.760692 22.273580 0.355606 0.934360 0.022723 -0.829185 0.304173 0.468968 -0.431273 0.185610 -0.882923
-1.624221 -17.400124 5.072699 58.428758 0.329313 0.943859 0.026137 -0.667044 0.212962 0.713932 -0.668285 0.252542 -0.699727
-13.778795 -19.320836 412.666763 -166.615988 -0.431309 0.819359 -0.377656 0.553477 0.570869 0.606442 -0.712486 -0.052540 0.699717
-18.022334 -18.350881 428.062294 -75.941672 -0.621426 0.699890 -0.352113 0.380282 0.662384 0.645471 -0.684992 -0.267211 0.677779
-16.698096 -18.536527 -27.314266 128.888332 0.860586 -0.020134 0.508906 -0.097195 0.974362 0.202910 -0.499944 -0.224084 0.836565
-13.661288 -17.983903 407.401081 -79.328441 -0.446730 0.802753 -0.394993 0.348406 0.562739 0.749625 -0.824042 -0.197262 0.531077
-10.561950 -19.235638 578.631710 -136.582430 -0.439839 0.745780 -0.500354 0.686693 0.638343 0.347811 -0.578787 0.190608 0.792890
-7.645891 -18.988896 300.141565 -78.035746 -0.347754 0.809275 -0.473436 0.604331 0.579536 0.546738 -0.716834 0.095981 0.690606
-7.627348 -18.170819 243.309794 -54.073418 -0.329079 0.847350 -0.416780 0.437305 0.527932 0.728046 -0.836942 -0.057324 0.544282
-6.480951 -12.691003 -77.568698 112.387921 -0.011386 0.676315 -0.736525 0.756587 -0.475771 -0.448573 0.653794 0.562353 0.506274
-7.160306 -12.482728 -53.716178 122.824897 -0.098426 0.609716 -0.786485 0.742887 -0.480840 -0.465737 0.662141 0.630111 0.405623
-6.965003 -13.845023 53.440324 68.175465 0.096923 -0.630624 0.770012 0.858341 -0.338683 -0.385416 0.503843 0.698289 0.508464
-6.042271 -14.104992 61.117074 46.181494 0.016053 -0.697095 0.716799 0.895716 -0.308556 -0.320134 0.444337 0.647188 0.619446
-3.822041 -74.829986 -90.120486 3857.123719 0.212844 0.858742 -0.466111 0.856678 0.065403 0.511688 0.469893 -0.508217 -0.721745
-5.926499 -17.918016 233.935403 1016.275963 0.121056 0.882744 -0.453992 0.920783 0.070991 0.383562 0.370816 -0.464461 -0.804221
-4.178211 -39.877458 -36.880443 1931.433340 0.422919 0.758536 -0.495744 0.887090 -0.234899 0.397358 0.184961 -0.607820 -0.772234
-1.793573 -68.221282 -255.750224 3075.694059 0.375134 0.735874 -0.563705 0.924663 -0.339937 0.171582 -0.065361 -0.585604 -0.807958
-3.376505 -530.791614 -347.564071 24148.811182 0.356083 0.838216 -0.413037 0.880473 -0.152903 0.448763 0.313006 -0.523465 -0.792472
1.715244 -6.826819 11.607899 20.248617 -0.097852 0.992254 -0.076534 0.603143 0.120299 0.788509 -0.791608 -0.030997 0.610242
1.301240 -6.995649 13.820184 -3.577485 -0.125595 0.982354 -0.138591 0.540443 0.184897 0.820814 -0.831954 -0.028189 0.554128
1.794204 -6.873817 18.154464 8.378761 -0.096313 0.986655 -0.131288 0.643086 0.162359 0.748385 -0.759713 0.012350 0.650141
2.193906 -6.498124 3.681867 14.369050 -0.076250 0.996660 -0.029230 0.700913 0.074428 0.709353 -0.709159 -0.033600 0.704247
1.910115 -6.417677 -2.284468 8.891107 -0.068619 0.997376 0.023093 0.641400 0.026375 0.766753 -0.764132 -0.067426 0.641526
1.230569 -6.628031 -6.706399 20.539985 -0.098326 0.995154 -0.000154 0.532830 0.052776 0.844575 -0.840490 -0.082961 0.535437
1.387791 -3.064726 0.138750 2.332492 0.408450 0.581354 0.703701 -0.258594 0.813057 -0.521601 -0.875384 0.031075 0.482428
1.946082 -3.683188 61.082141 47.658162 0.434915 0.622938 0.650228 -0.315664 0.781746 -0.537800 -0.843330 0.028643 0.536632
1.976494 -3.820690 -96.010480 32.618361 0.351451 0.528379 0.772851 -0.271151 0.847580 -0.456164 -0.896080 -0.049240 0.441154
0.727837 -3.118989 152.479529 13.187566 0.474788 0.666345 0.574943 -0.308107 0.737776 -0.600630 -0.824406 0.108028 0.555594
0.834468 -3.501793 -80.742889 -18.307159 0.390362 0.377567 0.839679 -0.145779 0.925882 -0.348557 -0.909047 0.013656 0.416471
0.553181 -3.112883 -19.726287 -27.692014 0.411924 0.511494 0.754117 -0.179042 0.856892 -0.483404 -0.893455 0.064107 0.444553
0.661324 -3.002210 95.801081 -21.126148 0.450300 0.648864 0.613357 -0.268677 0.753575 -0.599948 -0.851494 0.105361 0.513669
-1.526865 -5.679274 -8.839967 25.314651 0.399397 0.913572 0.076608 0.736787 -0.369586 0.566173 -0.545553 0.169684 0.820719
-1.429924 -5.472950 -9.152180 21.253281 0.365638 0.930159 0.033369 0.788988 -0.328765 0.519048 -0.493768 0.163456 0.854093
-1.023293 -5.720724 26.420611 13.553084 0.391508 0.920091 0.012433 0.724103 -0.316394 0.612838 -0.567800 0.230928 0.790111
3.700940 -57.072585 388.459306 -2681.100566 0.194463 0.113377 -0.974336 0.974222 0.093468 0.205317 0.114348 -0.989146 -0.092278
-35.798259 -202.527108 -3651.394220 -7962.191437 -0.490387 0.610999 -0.621450 0.740146 0.668454 0.073163 0.460114 -0.424086 -0.780030
53.794519 -106.004663 1772.798278 7357.076521 0.758294 -0.087877 -0.645962 -0.613525 -0.431198 -0.661555 0.220402 -0.897967 0.380890
-0.178131 -24.671183 92.102357 -108.268060 0.998216 0.052758 0.027942 -0.010866 0.620780 -0.783909 0.058703 -0.782208 -0.620246
-0.749147 -21.722514 40.005371 409.083549 0.999004 0.028463 -0.034373 -0.040834 0.893756 -0.446691 -0.018007 -0.447649 -0.894028
-0.223060 -22.306882 70.790797 152.207748 0.997625 -0.067760 0.012335 0.063339 0.832278 -0.550728 -0.027051 -0.550202 -0.834594
-3.856248 -9.484247 -225.147539 -53.639780 0.157778 0.974509 0.159495 -0.113702 0.178372 -0.977372 0.980907 -0.136073 -0.138946
-2.030981 -10.061200 -245.894741 80.952533 0.215451 0.961273 0.171859 -0.282047 0.229749 -0.931485 0.934896 -0.152217 -0.320624
-3.637792 -9.540913 -157.086988 286.156281 0.109937 0.964699 0.239311 -0.478067 0.262413 -0.838207 0.871416 0.022256 -0.490040
2.221789 -10.517766 4.279217 257.223118 0.138866 0.567893 0.811304 0.894113 -0.424116 0.143831 0.425768 0.705424 -0.566655
2.733672 -8.099947 -40.984927 200.186546 0.217810 0.584051 0.781948 0.856407 -0.498639 0.133892 0.468110 0.640502 -0.608794
2.631111 -8.327946 61.827598 184.329062 0.056640 0.511624 0.857341 0.860843 -0.459985 0.217628 0.505708 0.725710 -0.466481
-0.329467 -12.365614 4.441849 -89.672874 -0.060824 0.551327 0.832069 0.970974 0.225872 -0.078684 -0.231322 0.803132 -0.549063
0.318728 -13.104393 -34.260056 -14.972400 -0.012884 0.598482 0.801032 0.999877 0.014877 0.004967 -0.008945 0.800998 -0.598600
-0.579731 -12.777781 34.235810 -85.066972 -0.115391 0.540507 0.833389 0.972698 0.231557 -0.015500 -0.201355 0.808847 -0.552469
-1.111276 -13.709759 60.754880 -50.498454 -0.128047 0.550020 0.825277 0.990154 0.118356 0.074749 -0.056563 0.826723 -0.559759
3.497391 -8.070431 81.866765 -13.114810 -0.108717 0.992447 0.056823 0.317575 -0.019491 0.948033 -0.941980 -0.121112 0.313057
2.593377 -8.357421 81.776077 14.356911 -0.053862 0.997843 0.037524 0.517442 -0.004248 0.855708 -0.854021 -0.065507 0.516097
4.403607 -8.118543 73.520372 33.465293 -0.161429 0.983265 0.084443 0.500214 0.007762 0.865867 -0.850721 -0.182015 0.493096
2.317797 -8.119997 75.906282 21.994888 -0.037955 0.999035 0.022120 0.403808 -0.004914 0.914831 -0.914056 -0.043654 0.403232
5.063163 -7.998608 37.851094 -0.619034 -0.231734 0.963293 0.135521 0.397310 -0.033440 0.917075 -0.887944 -0.266362 0.374976
2.152283 -8.150547 64.885139 -36.651587 -0.055067 0.998443 0.008877 0.255972 0.005523 0.966668 -0.965115 -0.055503 0.255878
3.404650 -7.698492 71.386447 -13.204108 -0.137772 0.988645 0.059994 0.137404 -0.040908 0.989670 -0.980887 -0.144593 0.130207
2.256164 -8.054316 78.721520 -13.573950 -0.057850 0.998323 -0.002287 0.159112 0.011481 0.987194 -0.985564 -0.056745 0.159509
4.623437 -7.960287 49.702276 -48.666753 -0.212584 0.969005 0.125844 0.228389 -0.075946 0.970603 -0.950077 -0.235076 0.205166
-0.677931 -20.839867 -7.680698 -280.565387 0.160624 0.966060 -0.202305 -0.348940 -0.136150 -0.927202 0.923277 -0.219523 -0.315228
-0.695643 -21.297424 -6.432968 47.705777 0.149031 0.966047 -0.211050 -0.652955 -0.064141 -0.754676 0.742589 -0.250276 -0.621227
-0.722845 -20.882253 -10.271881 -132.813705 0.165175 0.964735 -0.204949 -0.473739 -0.104653 -0.874425 0.865037 -0.241525 -0.439746
-0.777197 -20.430537 -7.244193 163.615151 0.148082 0.965924 -0.212281 -0.753944 -0.028654 -0.656313 0.640031 -0.257237 -0.724009
-0.604803 -18.460039 -6.127347 -348.431487 0.158235 0.968695 -0.191288 -0.175575 -0.163038 -0.970872 0.971666 -0.187211 -0.144281
-0.752927 -20.211892 17.322543 4.572021 0.114734 0.977285 -0.178185 -0.551521 -0.086520 -0.829662 0.826233 -0.193463 -0.529067
-0.627552 -19.037363 13.866091 -253.390147 0.123535 0.976783 -0.175026 -0.276644 -0.135485 -0.951374 0.952999 -0.165948 -0.253484
-0.686423 -12.605227 -10.622071 250.408211 0.126289 0.991992 0.001398 0.384656 -0.047671 -0.921828 0.914380 -0.116955 0.387597
-1.037969 -11.819383 -4.847249 270.045667 0.100947 0.994552 -0.026014 0.391953 -0.063789 -0.917771 0.914430 -0.082450 0.396256
-0.776844 -14.558727 -16.441438 307.608568 0.109358 0.993164 0.040808 0.565442 -0.028392 -0.824299 0.817506 -0.113218 0.564682
-0.524086 -16.040106 -17.489271 286.395078 0.096645 0.994131 0.048613 0.620410 -0.021977 -0.783969 0.778300 -0.105927 0.618893
-0.946195 -18.095606 -22.607236 169.091341 0.084773 0.994750 0.057321 0.800941 -0.033810 -0.597787 0.592711 -0.096587 0.799603
0.805819 -22.255530 -37.687803 -124.888321 -0.009377 0.998105 0.060816 0.851580 -0.023909 0.523680 -0.524142 -0.056700 0.849742
0.735947 -19.705034 -1.578597 -77.636507 -0.026122 0.999586 0.012079 0.750047 0.011610 0.661283 -0.660869 -0.026334 0.750039
0.832217 -20.749316 -27.090223 -78.058192 -0.049594 0.998758 0.004865 0.634595 0.027749 0.772347 -0.771252 -0.041391 0.635183
-0.465461 -30.569104 -10.953922 -346.015553 -0.122929 0.975707 0.181338 -0.844054 -0.006685 -0.536217 0.521978 0.218976 -0.824371
-1.094792 -32.769891 -30.104474 -253.156276 -0.095491 0.974579 0.202675 -0.881477 0.011806 -0.472080 0.462472 0.223732 -0.857941
-0.626204 -33.596092 -27.641083 -545.132477 -0.108040 0.977748 0.179823 -0.681347 0.058895 -0.729587 0.723943 0.201347 -0.659823
-0.548747 -32.396035 32.358217 -413.781903 -0.134960 0.964460 0.227163 -0.709828 0.065849 -0.701290 0.691325 0.255893 -0.675714
0.342959 -7.889675 17.909059 42.121945 -0.140025 0.570568 0.809225 0.277412 0.807151 -0.521104 -0.950492 0.151521 -0.271303
-1.379069 -64.231243 -178.162409 2585.629369 -0.230890 -0.883602 -0.407355 0.972153 -0.192243 -0.134021 0.040110 -0.426955 0.903383
-16.346825 -50.961297 -55.887950 2229.409100 -0.134319 -0.531583 -0.836288 0.960408 -0.277705 0.022268 -0.244079 -0.800187 0.547838
-1.317201 -32.839501 -104.155725 1469.786838 -0.207565 -0.882063 -0.422944 0.976976 -0.165115 -0.135110 0.049341 -0.441250 0.896027
0.638883 -5.221262 -1.637041 24.938404 -0.011769 0.985090 -0.171637 0.987322 0.038621 0.153962 0.158296 -0.167649 -0.973055
0.562284 -4.961126 1.799779 -29.804588 0.006841 0.986822 -0.161668 -0.969023 -0.033371 -0.244704 0.246874 -0.158334 -0.956025
0.592396 -4.976255 -6.819137 -32.730236 0.018674 0.988843 -0.147788 -0.967407 -0.019465 -0.252479 0.252539 -0.147686 -0.956249
0.897872 -5.208714 -14.226211 -35.288293 0.042888 0.990990 -0.126880 -0.970236 0.011017 -0.241913 0.238335 -0.133479 -0.961967
-1.029954 -6.049537 30.267297 22.928882 0.323463 0.917374 -0.231942 -0.084865 0.272257 0.958475 -0.942427 0.290348 -0.165918
-0.608314 -5.465998 48.762764 41.084955 0.333230 0.925291 -0.181091 -0.001308 0.192522 0.981292 -0.942845 0.326759 -0.065365
-0.055364 -5.847343 86.570383 25.506728 0.360383 0.919604 -0.156374 -0.091818 0.201796 0.975114 -0.928274 0.337057 -0.157160
0.630069 -5.034142 85.256877 45.205223 0.355689 0.924318 -0.138281 0.019855 0.140450 0.989889 -0.934394 0.354838 -0.031604
1.396296 -5.583233 114.010155 23.679828 0.352212 0.929811 -0.106762 -0.058179 0.135603 0.989054 -0.934110 0.342145 -0.101856
-0.381357 -8.241022 -18.031450 -3.472509 -0.075515 0.997035 -0.014822 -0.971154 -0.076910 -0.225710 0.226181 0.002650 -0.974082
-0.609429 -8.211519 -14.105589 23.671234 -0.014157 0.999900 -0.000641 -0.998703 -0.014171 -0.048904 0.048908 0.000053 -0.998803
-0.680188 -8.824765 -12.079292 -20.001633 -0.052340 0.998551 0.012534 -0.968727 -0.047720 -0.243496 0.242545 0.024887 -0.969821
-0.335063 -7.669218 -6.927558 11.033763 -0.060449 0.998134 -0.008661 -0.993131 -0.061012 -0.099842 0.100184 -0.002566 -0.994966
-0.366296 -8.260629 -13.760361 -24.954080 -0.105334 0.994392 -0.009485 -0.930262 -0.101903 -0.352460 0.351449 0.028302 -0.935779
-0.045175 -7.829298 -9.431009 -22.956423 -0.133104 0.990899 -0.020042 -0.905261 -0.129783 -0.404548 0.403467 0.035704 -0.914297
-0.107031 -7.979617 -23.242429 5.537138 -0.110682 0.993314 -0.032822 -0.954827 -0.115442 -0.273822 0.275780 -0.001032 -0.961220
-35.408351 -160.809819 -1022.707762 6915.524449 0.956090 -0.143355 0.255618 0.054575 0.944034 0.325302 0.287945 0.297068 -0.910405
-19.100796 -229.930799 -935.548833 -6265.374854 -0.797892 -0.097732 -0.594824 0.042201 0.975292 -0.216852 0.601321 -0.198126 -0.774054
-20.860852 -208.025849 -193.669484 323.176207 -0.881108 -0.096133 -0.463041 -0.010399 0.982823 -0.184259 0.472801 -0.157537 -0.866972
-32.295715 -270.881419 -673.216276 -12762.013773 0.998029 0.036299 0.051182 0.007232 0.743699 -0.668476 0.062329 -0.667529 -0.741971
2.899212 -43.433422 13.559311 -74.319317 0.767221 -0.530171 -0.360959 0.175600 -0.367649 0.913235 0.616877 0.764038 0.188969
1.030509 -5.176668 -279.869692 -61.614087 0.469071 0.695755 0.543964 0.790866 -0.605049 0.091907 -0.393070 -0.387092 0.834060
5.754957 -7.135193 217.469139 -1.574713 -0.548499 -0.710997 -0.440036 0.801081 -0.597653 -0.032867 -0.239620 -0.370532 0.897378
8.404437 -7.674870 261.600747 37.204541 -0.643992 -0.645894 -0.409995 0.760885 -0.596485 -0.255461 -0.079555 -0.476473 0.875582
-3.184712 -6.080778 -26.370069 28.436360 -0.188826 0.970299 -0.151211 0.558268 0.232744 0.796346 -0.807887 -0.065955 0.585635
3.159620 -3.129732 136.381908 39.852966 -0.363698 0.879919 -0.305721 0.086812 -0.294752 -0.951622 0.927463 0.372643 -0.030813
3.963260 -3.621105 199.275819 -0.861880 -0.314028 0.737714 -0.597633 0.362736 -0.488496 -0.793596 0.877388 0.465994 0.114194
4.293251 -3.622771 209.636186 20.906674 -0.337849 0.817608 -0.466236 0.242872 -0.402854 -0.882452 0.909325 0.411371 0.062470
3.178165 -7.265177 39.056844 1.057525 -0.231134 0.972917 0.003188 0.539447 0.125427 0.832625 -0.809675 -0.194168 0.553827
2.151490 -7.010419 24.414738 -3.703900 -0.210818 0.977155 0.026920 0.646563 0.118734 0.753564 -0.733152 -0.176270 0.656823
-0.513955 -11.419277 8.197100 -35.141838 0.222418 0.974135 0.039901 -0.189693 0.083383 -0.978296 0.956319 -0.210022 -0.203333
-0.376428 -11.185197 -0.956039 -1.328966 0.209263 0.977420 0.029324 -0.251138 0.082702 -0.964412 0.945060 -0.194451 -0.262773
-0.472302 -11.325325 -4.343843 -1.591170 0.209667 0.977324 0.029629 -0.090456 0.049560 -0.994667 0.973580 -0.205869 -0.098796
-0.585856 -11.068022 4.665438 28.803368 0.197570 0.979949 0.025795 0.035184 0.019208 -0.999196 0.979657 -0.198318 0.030684
-2.838738 -15.259632 39.925541 298.045341 0.159490 0.967282 -0.197301 -0.828707 0.022573 -0.559228 0.536477 -0.252696 -0.805194
-2.005771 -15.794035 9.652831 117.400551 0.119630 0.974224 -0.191248 -0.729002 -0.044572 -0.683058 0.673976 -0.221135 -0.704880
-2.768376 -19.394421 43.222993 164.261160 0.164094 0.973258 -0.160752 -0.582617 -0.035879 -0.811955 0.796009 -0.226893 -0.561149
-4.182578 -19.022559 74.566251 289.152922 0.222970 0.958230 -0.179110 -0.681726 0.021942 -0.731278 0.696803 -0.285157 -0.658143
0.667341 -17.452137 53.612016 82.174658 0.463252 0.886115 -0.014074 -0.701214 0.376207 0.605613 -0.541937 0.270682 -0.795635
-18.891931 -20.489530 -136.459766 467.977846 0.563899 0.089346 0.820996 -0.371267 0.915433 0.155380 -0.737684 -0.392427 0.549384
-6.889270 -11.653101 24.319602 -177.649759 -0.187429 0.508706 -0.840291 -0.675985 0.553864 0.486085 0.712681 0.659131 0.240068
-6.867002 -10.241386 -46.200846 -177.414064 -0.020771 0.578783 -0.815217 -0.585263 0.654043 0.479265 0.810577 0.487071 0.325155
-6.264556 -8.323421 76.577769 -136.741638 0.031849 0.195976 -0.980091 -0.526978 0.836512 0.150142 0.849282 0.511705 0.129917
-5.557498 -9.619061 118.134582 -163.617615 -0.222852 0.320878 -0.920529 -0.645325 0.659204 0.386013 0.730680 0.680064 0.060166
1.044959 -6.951774 24.660553 -31.144621 -0.119351 0.977330 -0.174873 0.528730 0.211644 0.821980 -0.840357 -0.005643 0.542003
0.991485 -6.931486 -7.379522 -22.114704 -0.135233 0.982807 -0.125706 0.434654 0.172857 0.883853 -0.890387 -0.064887 0.450557
0.544451 -3.614092 212.867010 -47.907073 0.478262 0.707669 0.520068 0.375205 -0.700069 0.607556 -0.794032 0.095439 0.600337
-0.446557 -5.682274 54.614121 9.503895 0.345955 0.936424 -0.058531 0.772722 -0.248982 0.583874 -0.532181 0.247222 0.809731
-2.322263 -19.000301 -17.999806 584.692314 0.991156 0.070876 -0.112188 -0.084444 0.989028 -0.121211 -0.102366 -0.129612 -0.986267
-1.832449 -26.282602 87.929753 558.921912 0.998941 0.045828 -0.004127 -0.042960 0.896760 -0.440427 0.016483 -0.440137 -0.897779
-3.420643 -43.924867 20.768246 1746.263929 0.996180 -0.024282 -0.083877 0.013154 0.991327 -0.130758 -0.086325 -0.129155 -0.987860
-3.874963 -13.791200 47.153894 565.251569 -0.965157 -0.176603 0.193090 -0.165413 0.983538 0.072746 -0.202758 0.038272 -0.978481
-5.864545 -7.958561 80.286748 231.312101 -0.987797 -0.031460 0.152539 -0.027082 0.999162 0.030694 -0.153377 0.026189 -0.987821
-4.690821 -10.602562 -56.600149 262.525164 -0.980923 0.177721 0.078776 0.176386 0.984037 -0.023654 -0.081722 -0.009308 -0.996612
-8.941971 -11.517342 96.619312 48.803580 -0.156689 0.950329 0.268929 -0.065377 0.261715 -0.962928 0.985482 0.168462 -0.021122
-7.251152 -10.162880 -1.471894 106.128882 -0.380911 0.903879 -0.194702 -0.131450 -0.261378 -0.956244 0.915220 0.338650 -0.218377
-7.463184 -11.148546 -5.749882 50.011119 -0.358970 0.928171 -0.098178 -0.010890 -0.109347 -0.993944 0.933286 0.355727 -0.049360
-8.450782 -11.298312 91.409058 5.896251 -0.259726 0.965419 -0.022555 0.050561 -0.009730 -0.998674 0.964358 0.260522 0.046285
1.535124 -11.225919 -25.687602 271.102985 0.240104 0.583952 0.775468 0.898251 -0.436558 0.050622 0.368097 0.684410 -0.629354
0.727643 -12.927286 -17.612244 191.897683 0.172488 0.580264 0.795953 0.962911 -0.269546 -0.012165 0.207487 0.768530 -0.605236
1.791212 -11.383780 17.988402 222.200967 0.057699 0.556405 0.828905 0.930536 -0.330730 0.157230 0.361627 0.762254 -0.536838
-0.624706 -12.368947 -40.220545 -128.037090 0.024680 0.601976 0.798133 0.957545 0.215148 -0.191880 -0.287224 0.768984 -0.571109
-1.348825 -10.391674 -7.902873 -113.858566 -0.034845 0.563996 0.825042 0.892727 0.388666 -0.227986 -0.449249 0.728593 -0.517037
-1.055009 -11.105687 7.025393 -104.914586 -0.111347 0.546794 0.829830 0.911781 0.388354 -0.133553 -0.395294 0.741753 -0.541798
3.303817 -8.189642 78.052478 -16.260688 -0.102701 0.993814 0.042260 0.553016 0.021731 0.832887 -0.826816 -0.108909 0.551827
1.320988 -8.651677 38.959465 -1.849163 -0.025049 0.998666 0.045148 0.628630 -0.019380 0.777463 -0.777301 -0.047856 0.627306
1.720921 -8.520734 51.353102 17.190811 -0.041104 0.998889 0.023035 0.504580 0.000854 0.863365 -0.862386 -0.047111 0.504054
-0.338036 -10.790065 -7.343683 -63.495186 -0.064019 0.994401 -0.084068 -0.400284 0.051580 0.914938 -0.914152 -0.092225 -0.394741
-0.225629 -9.589720 3.382042 -52.872430 -0.031838 0.992607 -0.117126 -0.580682 0.077010 0.810480 -0.813508 -0.093817 -0.573936
-0.238417 -10.905868 -2.108258 -69.958124 -0.059988 0.994957 -0.080381 -0.455645 0.044354 0.889056 -0.888138 -0.089958 -0.450687
-0.244971 -9.246708 -1.862223 -56.458845 -0.031247 0.991360 -0.127394 -0.567190 0.087360 0.818941 -0.822994 -0.097845 -0.559559
-0.246016 -12.218792 3.685333 -60.101922 -0.066387 0.996257 -0.055355 -0.232434 0.038511 0.971849 -0.970344 -0.077385 -0.229008
-0.462171 -12.017199 -41.148069 -47.733457 -0.111241 0.992793 -0.044578 -0.155992 0.026857 0.987393 -0.981474 -0.116793 -0.151880
-0.410279 -11.071002 -10.367824 -57.227448 -0.067412 0.996284 -0.053600 -0.245060 0.035543 0.968856 -0.967161 -0.078448 -0.241753
-0.344932 -9.878735 -6.478700 -42.651617 -0.048616 0.994127 -0.096683 -0.400490 0.069274 0.913679 -0.915011 -0.083140 -0.394770
-0.515295 -21.476495 -17.781335 -84.357467 0.170884 0.960916 -0.217804 -0.522468 -0.099044 -0.846887 0.835359 -0.258515 -0.485123
-0.560910 -21.043017 -11.350631 92.782657 0.150754 0.964352 -0.217481 -0.750525 -0.031536 -0.660089 0.643417 -0.262736 -0.719016
-0.633296 -19.412790 -6.354774 278.531234 0.130026 0.965297 -0.226483 -0.895322 0.016163 -0.445126 0.426018 -0.260653 -0.866353
3.605041 -6.691516 -23.718333 30.314954 -0.033350 0.993842 -0.105672 -0.668501 0.056416 0.741568 -0.742963 -0.095373 -0.662503
3.721653 -6.824641 -8.347558 6.304608 0.015745 0.997841 -0.063754 -0.751298 0.053881 0.657759 -0.659775 -0.037542 -0.750525
-0.807266 -10.186342 -4.438357 22.905915 0.138204 0.985985 -0.093452 0.288119 -0.130302 -0.948688 0.947569 -0.104187 0.302090
-0.802936 -9.013667 2.200891 74.406631 0.117222 0.989989 -0.078622 0.301006 -0.110861 -0.947156 0.946390 -0.087362 0.310988
-0.863963 -8.982879 3.207074 97.319058 0.114144 0.987961 -0.104419 0.301704 -0.134614 -0.943851 0.946544 -0.076231 0.313437
-1.100908 -11.170898 -2.975829 209.747235 0.108066 0.990295 -0.087396 0.373748 -0.121931 -0.919481 0.921214 -0.066700 0.383297
-0.378390 -32.607450 -14.146585 -115.314630 -0.132696 0.973407 0.186736 0.989963 0.120919 0.073155 0.048630 0.194569 -0.979683
-0.823220 -30.888704 -1.526282 385.835440 -0.152065 0.967847 0.200373 -0.917142 -0.213743 0.336400 -0.368412 0.132616 -0.920155
-1.090145 -27.412182 0.259308 474.874096 -0.135567 0.969783 0.202835 -0.822673 -0.224267 0.522412 -0.552116 0.096045 -0.828217
0.023945 -15.026131 -25.661087 161.932747 0.135914 0.961897 0.237239 0.919189 -0.033093 -0.392424 0.369620 -0.271403 0.888663
-0.688604 -14.793512 -13.906672 -131.603598 0.197574 0.960291 0.196990 0.841688 -0.063167 -0.536256 0.502519 -0.271754 0.820746
-0.218627 -14.642742 22.257172 80.707547 0.116330 0.965334 0.233662 0.902232 -0.004345 -0.431229 0.415265 -0.260982 0.871460
-0.677436 -5.684656 -35.213445 -4.023252 -0.164464 0.620077 0.767109 0.598328 0.680997 -0.422192 -0.784191 0.389547 -0.483009
-0.946582 -5.874511 5.322184 30.932400 -0.119740 0.661380 0.740431 -0.631978 -0.625957 0.456926 -0.765680 0.413224 -0.492930
-3.596250 -29.119483 -71.745771 854.485138 -0.184597 0.982301 -0.031755 -0.979647 -0.181314 0.086120 -0.078838 -0.047006 -0.995779
-4.582799 -41.220114 -41.466857 1078.111278 -0.241394 0.970426 -0.001438 -0.938665 -0.233869 -0.253403 0.246245 0.059820 -0.967360
-15.703540 -85.988989 36.651130 -1156.171944 0.485538 0.865774 -0.121196 0.855480 -0.441997 0.269800 0.180017 -0.234679 -0.955259
-4.749760 -20.500313 342.397262 646.137778 -0.893624 -0.302191 0.331840 -0.296363 0.952554 0.069359 -0.337055 -0.036364 -0.940782
-5.921761 -18.424913 -19.259627 312.783000 -0.029371 0.999030 0.032804 -0.960714 -0.037275 0.275027 -0.275983 0.023437 -0.960877
-9.576506 -10.805443 127.615372 221.424825 -0.704706 0.704455 0.084451 -0.662090 -0.695722 0.278580 -0.255001 -0.140403 -0.956693
-0.929509 -8.818563 -21.367950 20.765173 -0.001175 0.999957 0.009202 -0.998806 -0.000724 -0.048837 0.048829 0.009249 -0.998764
-0.619355 -7.570634 -10.405688 27.573514 0.028810 0.999555 -0.007686 -0.995301 0.029397 0.092262 -0.092447 -0.004991 -0.995705
-8.782256 -130.546686 -248.765661 -5691.417612 0.768178 -0.380182 -0.515135 0.338053 -0.442441 0.830642 0.543712 0.812224 0.211352
-19.201891 -87.065836 -454.017653 -868.436352 0.994748 -0.087734 0.052710 -0.024907 0.292009 0.956091 0.099274 0.952383 -0.288290
-37.346319 -183.108345 -1542.276753 -9774.167602 0.800338 -0.199521 -0.565376 0.351943 -0.607088 0.712447 0.485381 0.769179 0.415656
-173.048540 -895.561426 -2446.520794 -36547.536587 -0.215079 0.096955 0.971772 0.949138 -0.213548 0.231376 0.229953 0.972109 -0.046094
43.319841 -1810.949742 3076.714988 -145769.772110 0.683650 0.127626 -0.718564 0.034280 0.977888 0.206300 0.729004 -0.165669 0.664159
-4.119442 -394.131486 -293.621101 -23932.874938 0.788523 -0.035331 -0.613990 0.172710 0.970895 0.165936 0.590257 -0.236886 0.771674
-17.667565 -148.161610 -710.234029 -5884.536848 0.812881 -0.215303 -0.541174 0.303588 -0.636328 0.709169 0.497051 0.740764 0.451895
2.666010 -62.617914 31.570152 1279.878422 0.802969 -0.471790 -0.364217 -0.008855 -0.620457 0.784190 0.595955 0.626456 0.502385
-2.631963 -4.697274 -132.286474 -52.822615 0.453697 0.770141 0.448376 0.823944 -0.554207 0.118197 -0.339522 -0.315811 0.885996
-4.157145 -6.485393 -55.399162 -93.410269 0.061455 -0.958177 -0.279499 0.973037 -0.004857 0.230597 -0.222310 -0.286135 0.932044
-3.045616 -6.312142 -26.816237 65.776192 -0.290475 0.936612 -0.195912 0.498428 0.322871 0.804565 -0.816820 -0.136057 0.560619
0.072033 -2.295524 -14.935321 1.254226 -0.306405 0.788961 -0.532594 0.203815 -0.492155 -0.846312 0.929825 0.367865 0.010003
0.455177 -2.461553 37.961268 18.617721 -0.349273 0.847685 -0.399297 0.116664 -0.383479 -0.916151 0.929730 0.366570 -0.035045
-0.136085 -11.260462 -38.511723 20.764546 0.290870 0.952942 0.085414 0.126312 0.050245 -0.990717 0.948388 -0.298959 0.105753
-0.338661 -11.191530 -24.313172 -14.597830 0.260997 0.961947 0.080856 0.290430 0.001632 -0.956895 0.920614 -0.273230 0.278953
2.185830 -11.919153 -2.776867 -17.191042 -0.010718 0.999571 0.027251 0.160586 -0.025178 0.986701 -0.986964 -0.014952 0.160248
2.579513 -12.098819 -44.388217 -48.071754 -0.021005 0.999645 0.016375 0.130855 -0.013489 0.991310 -0.991179 -0.022965 0.130525
2.803625 -12.273343 -34.845845 -123.621035 -0.012924 0.999898 0.006150 0.252372 -0.002689 0.967626 -0.967544 -0.014057 0.252312
