14783
29552
-5.135177 -7.691984 31.076564 -118.143232 -0.435868 0.888119 0.145821 0.898814 0.437889 0.019660 -0.046393 0.139636 -0.989116
-7.042764 -9.241399 110.411376 -121.353275 -0.163636 0.974294 0.154840 0.984260 0.150617 0.092450 0.066752 0.167531 -0.983604
-6.933965 -9.277787 -19.359685 -261.505303 0.347249 0.930463 0.116861 0.937627 -0.342291 -0.060762 -0.016536 0.130672 -0.991288
-5.425005 -9.022208 -5.738805 -100.003456 -0.459884 0.872240 0.166444 0.885353 0.435993 0.161432 0.068239 0.221602 -0.972747
-4.272183 -6.573957 -17.679379 108.998792 -0.064962 0.992927 0.099382 -0.989014 -0.077316 0.125991 -0.132783 0.090105 -0.987041
-3.995559 -6.616806 -32.719268 92.926790 -0.649300 0.741420 0.169427 -0.750420 -0.660774 0.015720 -0.123608 0.116934 -0.985417
-4.727441 -8.050961 -44.042068 -102.144460 -0.654294 0.731720 0.191010 0.754673 0.648021 0.102656 -0.048663 0.211318 -0.976205
2.976885 -10.797194 -53.662782 -71.184934 0.388572 0.754977 -0.528225 -0.385029 0.653865 0.651316 -0.837117 0.049702 -0.544762
4.147859 -11.760545 -62.904753 -151.053627 0.442922 0.719194 -0.535332 -0.278473 0.677920 0.680351 -0.852216 0.152267 -0.500542
3.349555 -12.051232 -29.654711 -95.124688 0.386721 0.770154 -0.507258 -0.255528 0.618005 0.743489 -0.886088 0.157904 -0.435791
-4.642383 -14.082023 -10.272630 -35.647353 0.190256 0.893217 -0.407389 -0.244826 0.445026 0.861401 -0.950717 0.064147 -0.303352
-4.662146 -13.190699 -22.288362 -83.746527 0.203833 0.875058 -0.439005 -0.451199 0.481923 0.751112 -0.868833 -0.044977 -0.493058
-4.290600 -14.234867 -33.159133 -87.350695 0.130923 0.891597 -0.433490 -0.351350 0.450602 0.820677 -0.927045 -0.044861 -0.372257
-4.421111 -14.614207 -32.264318 -0.137826 0.126224 0.904759 -0.406791 -0.099774 0.419571 0.902223 -0.986971 0.073295 -0.143231
-4.529431 -14.159855 -21.198676 11.525664 0.167203 0.909528 -0.380529 -0.048782 0.393121 0.918192 -0.984715 0.134962 -0.110099
-4.548094 -14.074873 29.454760 10.405920 0.257143 0.892702 -0.370082 -0.095186 0.404495 0.909573 -0.961674 0.198664 -0.188986
14.373709 -10.020404 1186.692197 37.903893 -0.012063 0.979150 -0.202782 -0.349171 -0.194156 -0.916724 0.936982 -0.059747 -0.344232
14.394349 -8.494374 864.032361 -164.005846 0.023309 0.972261 -0.232732 -0.357070 -0.209344 -0.910316 0.933787 -0.104321 -0.342286
43.274472 -13.986375 2641.415717 73.185602 -0.047047 0.976286 -0.211312 -0.291375 -0.215759 -0.931959 0.955451 -0.017725 -0.294616
47.751072 -26.835946 3035.830935 -176.605262 -0.066103 0.970441 -0.232111 -0.279730 -0.241315 -0.929257 0.957800 -0.003501 -0.287413
-2.159525 -10.428550 88.584365 223.397416 -0.074753 0.911676 -0.404054 -0.317572 -0.405856 -0.856988 0.945283 -0.064254 -0.319861
24.698211 -14.169079 2568.515814 -106.589068 -0.021818 0.983489 -0.179649 -0.321478 -0.177050 -0.930218 0.946666 -0.037457 -0.320032
-0.416163 -6.687746 23.603075 2.731556 -0.113241 0.864673 0.489405 -0.354275 -0.495336 0.793178 -0.928260 0.083564 -0.362424
-0.631203 -7.652369 34.491135 118.422693 -0.093194 0.882004 0.461936 -0.398483 -0.458217 0.794511 -0.912429 0.110030 -0.394167
-0.763077 -7.224379 29.003038 47.092436 -0.108046 0.880619 0.461343 -0.364740 -0.466812 0.805637 -0.924819 0.081225 -0.371634
-0.530628 -6.390099 29.485927 -56.818930 -0.115097 0.863961 0.490229 -0.322749 -0.499258 0.804098 -0.939460 0.065672 -0.336305
-1.029150 -6.951783 10.636223 -4.905936 -0.134659 0.881751 0.452086 -0.319585 -0.470508 0.822489 -0.937940 0.033725 -0.345153
-1.318793 -7.979577 26.040878 82.323189 -0.107565 0.905749 0.409937 -0.389401 -0.417768 0.820876 -0.914766 0.071332 -0.397637
-0.092589 -5.335941 10.805956 -12.064337 -0.369143 0.907145 -0.202041 -0.356426 0.062588 0.932225 -0.858309 -0.416137 -0.300226
-0.294613 -5.417701 19.969499 -12.298388 -0.355925 0.910646 -0.209860 -0.382981 0.062703 0.921626 -0.852433 -0.408403 -0.326443
-0.278145 -5.613247 2.110085 -9.020839 -0.378614 0.909188 -0.173286 -0.277604 0.067053 0.958353 -0.882943 -0.410950 -0.227007
-0.059302 -5.007066 21.056963 -23.130622 -0.349531 0.905901 -0.239105 -0.478462 0.046831 0.876859 -0.805545 -0.420892 -0.417070
6.962596 -15.562359 110.927927 131.870907 0.134019 0.871178 -0.472322 0.480415 0.359752 0.799863 -0.866741 0.334107 0.370313
10.431832 -14.001700 167.219411 4.255029 0.127950 0.891382 -0.434819 0.658886 0.251290 0.709030 -0.741282 0.377216 0.555166
9.141126 -13.439366 32.219905 51.051669 0.041372 0.954699 -0.294684 0.539654 0.226864 0.810744 -0.840870 0.192569 0.505822
-3.140657 -6.365697 27.803607 134.336144 0.125676 0.986785 0.102279 -0.209597 0.127180 -0.969481 0.969678 -0.100403 -0.222811
-2.632498 -6.913205 36.151113 14.027223 0.094395 0.971623 0.216883 -0.219505 0.232807 -0.947427 0.971034 -0.041825 -0.235252
-2.446880 -8.576844 42.348208 200.533144 0.072631 0.988044 0.135996 -0.149131 0.145582 -0.978042 0.986146 -0.050754 -0.157922
-2.760896 -8.790636 27.574265 251.026814 0.111486 0.993225 0.032776 -0.124130 0.046642 -0.991169 0.985983 -0.106433 -0.128489
6.371725 -1.165553 1.272164 6.547380 0.982060 0.188086 0.013470 0.153847 -0.840491 0.519526 -0.109037 0.508133 0.854349
5.596004 -1.343620 38.878715 40.325854 0.984258 0.173897 -0.031555 0.165168 -0.841515 0.514366 -0.062893 0.511481 0.856990
5.729190 -1.311062 148.724364 1.744325 0.988115 0.116013 -0.100845 0.151727 -0.841311 0.518821 0.024652 0.527956 0.848914
6.168253 -1.070258 21.861880 -26.456684 0.986498 0.163767 -0.001021 0.140113 -0.840750 0.522979 -0.084788 0.516061 0.852345
2.653985 -3.403359 -54.039230 -17.426079 0.675174 0.704452 -0.218834 -0.439997 0.622704 0.647026 -0.592067 0.340568 -0.730390
2.093069 -2.960477 2.063412 18.846755 0.623581 0.773632 -0.112430 -0.556121 0.540062 0.631714 -0.549433 0.331400 -0.767006
3.040556 -2.748715 61.613325 -11.634833 -0.747728 -0.624006 0.226980 -0.382723 0.684357 0.620627 -0.542610 0.377190 -0.750534
1.800457 -24.671573 -15.978338 -475.354562 -0.038375 0.846031 -0.531751 -0.465222 -0.486080 -0.739793 0.884362 -0.218993 -0.412246
2.013759 -19.622326 -21.183451 5.397407 0.006682 0.878382 -0.477913 -0.275289 -0.457841 -0.845339 0.961338 -0.137213 -0.238750
2.345925 -24.884580 -37.697372 -246.930087 -0.055173 0.859818 -0.507611 -0.365959 -0.490421 -0.790924 0.928994 -0.142127 -0.341716
2.129603 -33.599792 -58.398070 -709.221785 -0.099770 0.823459 -0.558535 -0.601578 -0.497044 -0.625341 0.792559 -0.273612 -0.544965
0.481280 -11.709249 34.835275 -70.637970 0.142367 -0.775275 -0.615369 0.846871 -0.226424 0.481188 -0.512388 -0.589644 0.624323
0.723856 -11.862008 25.687404 8.070216 0.131652 -0.780098 -0.611650 0.941363 -0.094976 0.323753 -0.310651 -0.618407 0.721851
0.343709 -11.785578 39.754571 1.458263 0.133263 -0.764519 -0.630676 0.931200 -0.121254 0.343750 -0.339275 -0.633095 0.695761
1.828221 -14.351729 -44.951970 -10.457776 -0.037946 0.938352 -0.343593 -0.304804 0.316586 0.898258 -0.951659 -0.138814 -0.274000
2.276998 -13.991409 -39.900664 -38.747489 -0.014935 0.947205 -0.320282 -0.152108 0.314437 0.937013 -0.988251 -0.062712 -0.139381
1.572117 -14.609948 -57.436813 -51.513193 -0.050417 0.935902 -0.348634 -0.107040 0.342004 0.933582 -0.992976 -0.084386 -0.082936
-2.027025 -32.567673 -13.587322 877.659365 0.717596 0.641329 0.271575 0.214796 -0.574724 0.789655 -0.662509 0.508320 0.550175
-1.612739 -31.758228 -9.592032 372.625411 0.696404 0.655155 0.292907 0.051228 -0.452488 0.890298 -0.715820 0.605001 0.348677
-2.259645 -34.634519 -6.978997 -1093.665375 0.699446 0.644686 0.308471 -0.300709 0.657026 -0.691297 -0.648343 0.390765 0.653417
-3.063271 -26.151657 -63.561929 -866.055626 0.705007 0.654054 0.274189 -0.427837 0.700577 -0.571092 -0.565616 0.285316 0.773740
12.810440 -20.636591 -679.635123 -284.089836 0.189302 0.785376 -0.589364 0.965129 -0.259344 -0.035600 -0.180807 -0.562073 -0.807083
7.105826 -20.281683 -680.785701 -94.138892 0.090541 0.729608 -0.677846 0.954087 -0.258685 -0.151000 -0.285519 -0.633052 -0.719530
4.484258 -21.354895 -436.466224 -70.273526 0.064277 0.774731 -0.629015 0.997734 -0.062449 0.025040 -0.019882 -0.629199 -0.776990
-2.026622 -12.997960 -80.456403 -113.426152 0.028975 0.891780 -0.451541 -0.615697 0.371787 0.694760 -0.787450 -0.257882 -0.559838
-2.365354 -14.512070 -76.913408 -119.009031 0.002036 0.897392 -0.441229 -0.423258 0.400531 0.812667 -0.906007 -0.185099 -0.380644
-3.469464 -13.516527 -66.734021 -112.784965 0.077813 0.882020 -0.464743 -0.518475 0.433961 0.736791 -0.851545 -0.183625 -0.491073
-4.123704 -12.926101 -70.052322 -99.685487 0.142113 0.866455 -0.478602 -0.536388 0.473776 0.698445 -0.831921 -0.157458 -0.532085
8.794876 -64.061772 -1134.720140 -3479.402262 0.739390 0.413028 -0.531705 -0.665679 0.330155 -0.669230 0.100866 -0.848767 -0.519058
9.264175 -35.898749 -212.429852 -2144.341477 0.784972 0.459681 -0.415346 -0.596249 0.378483 -0.707981 0.168244 -0.803395 -0.571183
17.995068 -83.416231 -1897.116722 3818.916476 0.679513 0.504640 -0.532541 0.732918 -0.434218 0.523722 0.033052 -0.746185 -0.664917
5.426655 -3.099322 -252.081117 111.796898 0.575052 0.576271 -0.580712 0.793299 -0.219265 0.567979 0.199980 -0.787296 -0.583244
-9.271637 -22.776909 -583.884661 232.092527 0.199548 0.598127 -0.776160 0.979792 -0.110690 0.166600 0.013735 -0.793720 -0.608128
-16.108962 -33.725495 -433.042333 -165.240345 0.002554 0.534104 -0.845415 0.983923 0.149630 0.097504 0.178576 -0.832072 -0.525135
2.048962 -6.623040 -292.510760 -206.421395 0.321440 0.584061 -0.745351 0.931109 -0.051667 0.361064 0.172374 -0.810064 -0.560432
-3.631610 -14.889112 -443.158524 -914.154162 -0.225194 0.431449 -0.873578 0.957583 0.263452 -0.116734 0.179782 -0.862812 -0.472476
29.082095 -601.366029 388.743008 -24184.617286 0.563951 -0.038859 0.824893 -0.563506 -0.748306 0.349999 -0.603672 0.662215 0.443905
131.770947 -581.342556 7930.073797 60606.930465 0.440381 -0.270525 0.856084 0.036127 0.958091 0.284176 -0.897084 -0.094218 0.431699
0.898806 -121.210381 -180.887141 -5555.914629 0.503328 0.038160 0.863252 0.762116 0.451220 -0.464306 -0.407235 0.891596 0.198029
-5.527810 -343.050025 -7.299995 -10974.185216 0.698645 0.019549 0.715201 0.705594 -0.184327 -0.684222 0.118455 0.982671 -0.142573
-0.674778 -6.143513 84.658927 -4.882227 -0.538388 0.841406 -0.046622 -0.794604 -0.488462 0.360567 -0.280611 -0.231171 -0.931567
-0.732212 -6.045130 74.455936 12.933064 -0.549943 0.834132 -0.042274 -0.749927 -0.470879 0.464631 -0.367658 -0.287222 -0.884495
0.387333 -6.034028 88.707529 6.197628 -0.493369 0.867286 -0.066348 -0.797371 -0.420481 0.432893 -0.347544 -0.266480 -0.899001
-1.265933 -6.007909 68.346893 19.087962 -0.546713 0.834761 -0.065408 0.815585 0.513212 -0.267275 -0.189542 -0.199468 -0.961398
-1.852421 -6.268317 34.151096 7.959349 -0.582534 0.808691 -0.081684 0.775912 0.523343 -0.352240 -0.242104 -0.268571 -0.932338
0.222122 -5.793606 113.582915 -21.913297 -0.508233 0.859947 -0.046808 -0.841687 -0.484463 0.238450 -0.182377 -0.160586 -0.970026
0.818408 -6.014123 107.735291 -10.127130 -0.492904 0.868305 -0.055617 -0.831074 -0.450916 0.325563 -0.257609 -0.206693 -0.943883
-0.942791 -3.864824 2.243810 35.308669 -0.374148 0.903626 -0.208505 0.900150 0.407941 0.152691 -0.223033 0.130557 0.966029
-0.350184 -3.381841 -49.179735 36.362140 -0.446305 0.875585 -0.184831 0.870246 0.472789 0.138355 -0.208528 0.099100 0.972983
-0.209823 -2.966994 -29.171271 28.559286 -0.513050 0.833501 -0.205075 0.840853 0.536037 0.075031 -0.172467 0.133944 0.975866
0.188615 -2.207869 38.844489 -27.763977 0.702289 -0.679908 0.210989 -0.699062 -0.714662 0.023882 -0.134548 0.164267 0.977197
-0.559798 -3.220937 0.734728 33.436647 0.505152 -0.831983 0.229402 0.847521 0.528394 0.050082 -0.162883 0.169124 0.972042
1.296467 -0.628060 31.179566 -40.286391 0.850606 -0.478351 0.218289 -0.503927 -0.860149 0.078749 -0.150091 0.176986 0.972702
1.221077 0.031217 -27.360163 -28.457438 0.915318 -0.328948 0.232350 -0.362934 -0.923813 0.121859 -0.174562 0.195867 0.964968
1.412308 -0.360948 37.400041 14.028370 0.985965 -0.052193 0.158582 -0.081893 -0.978947 0.186966 -0.145485 0.197329 0.969482
-0.588464 -0.918905 -17.921321 -4.788827 -0.540821 -0.836028 0.092573 0.808633 -0.486464 0.330856 -0.231571 0.253792 0.939130
-0.787387 -1.437208 30.091956 -53.681979 0.811611 0.582668 0.042256 0.536097 -0.771576 0.342447 -0.232136 0.255281 0.938587
-0.462738 -1.735028 22.405265 -73.548753 0.889683 0.447675 0.089729 0.398683 -0.857498 0.325190 -0.222521 0.253542 0.941382
-0.137438 -0.668058 10.282278 13.295155 -0.045340 -0.972219 0.229640 0.971925 0.010197 0.235069 -0.230880 0.233851 0.944462
0.097845 -0.745977 4.854522 5.942785 0.007265 0.968209 -0.250037 0.968797 0.055136 0.241647 -0.247751 0.243991 0.937597
-5.247353 -58.526011 76.395959 -3154.431576 0.310707 0.052127 -0.949075 0.935475 0.160101 0.315048 0.168370 -0.985723 0.000981
-9.646244 -104.153732 -145.107970 -6615.987997 0.182488 0.218341 -0.958658 0.971002 0.113137 0.210606 0.154444 -0.969292 -0.191363
23.519143 -388.424739 -562.074591 -24676.031637 0.343950 0.059199 -0.937120 0.906292 0.240139 0.347805 0.245628 -0.968932 0.028944
-2.441222 -11.581681 165.447474 283.972718 0.075437 0.857350 -0.509176 0.536887 -0.465219 -0.703792 0.840275 0.220278 0.495395
-2.901556 -9.145193 138.570150 89.791037 0.274061 0.615778 -0.738721 -0.402886 0.770991 0.493209 0.873255 0.162451 0.459387
-0.773723 -8.634954 -31.613651 138.690081 0.179403 0.833643 -0.522354 0.522425 -0.530645 -0.667449 0.833599 0.153148 0.530715
5.469704 -2.809385 7.920242 41.603702 0.079877 0.976046 0.202372 -0.929664 -0.000304 0.368409 -0.359646 0.217565 -0.907370
5.259611 -3.023605 -64.315600 47.168346 0.063953 0.975569 0.210177 -0.945035 -0.008468 0.326859 -0.320653 0.219529 -0.921406
4.861631 -3.081586 -22.390048 4.495678 0.021709 0.955639 0.293740 -0.945334 -0.076002 0.317125 -0.325382 0.284567 -0.901748
-6.762674 -10.520542 -40.800328 64.523588 -0.226495 0.958158 0.175023 -0.299399 0.102504 -0.948606 0.926855 0.267256 -0.263655
-6.675155 -10.133325 -26.745178 10.341071 -0.268633 0.943986 0.191642 -0.165737 0.150690 -0.974589 0.948877 0.293569 -0.115973
-8.211048 -10.154930 75.695706 35.170698 -0.208709 0.976725 -0.049492 -0.110475 -0.073829 -0.991133 0.971718 0.201390 -0.123313
-8.054224 -9.992530 85.943312 46.273578 -0.189449 0.969926 0.152815 -0.340281 0.081134 -0.936817 0.921042 0.229479 -0.314677
-9.655340 -10.493053 45.320982 221.891464 -0.284618 0.378357 -0.880817 -0.058134 0.910315 0.409813 0.956877 0.167845 -0.237097
-8.462184 -9.094736 21.109861 16.792217 -0.349605 -0.720166 0.599280 0.934769 -0.311207 0.171339 0.063108 0.620089 0.781989
-8.171705 -8.635824 82.068248 5.824721 0.885618 0.154987 -0.437790 0.390946 -0.757635 0.522638 0.250683 0.634010 0.731566
-8.415002 -8.861384 -34.920263 30.108556 -0.234327 -0.657995 0.715635 0.966011 -0.240246 0.095414 0.109146 0.713670 0.691927
-8.181327 -8.549266 -11.469168 55.586788 -0.679515 -0.520924 0.516621 0.701932 -0.666458 0.251247 0.213426 0.533359 0.818522
-8.265852 -9.305559 16.746727 -3.066430 -0.000642 -0.729810 0.683649 0.995257 0.066038 0.071431 -0.097278 0.680453 0.726307
-8.269614 -9.029199 53.610760 37.832324 -0.394902 -0.783557 0.479678 0.916443 -0.372725 0.145627 0.064681 0.497106 0.865276
-8.177003 -9.447142 28.194424 -12.762250 -0.226573 -0.803462 0.550557 0.968806 -0.127639 0.212424 -0.100402 0.581512 0.807318
-0.882026 -6.727167 78.185072 -133.603566 0.105928 0.993685 -0.036997 -0.432133 0.012493 -0.901723 0.895567 -0.111506 -0.430727
0.234778 -4.982068 68.097676 -104.349710 0.011978 0.979041 -0.203310 -0.343712 -0.186904 -0.920288 0.938999 -0.080903 -0.334269
-1.212819 -5.317982 31.645814 -73.051013 -0.008943 0.958652 -0.284439 -0.405915 -0.263440 -0.875118 0.913867 -0.107631 -0.391488
-2.235359 -6.565998 20.425770 -95.113811 0.089369 0.987013 -0.133490 -0.504954 -0.070625 -0.860252 0.858507 -0.144286 -0.492085
-1.802286 -8.453193 96.351600 -92.468460 0.191232 0.974505 0.117350 -0.560660 0.206582 -0.801863 0.805661 -0.087548 -0.585871
34.624901 -15.985001 1639.000290 228.611267 0.306340 0.923798 -0.229679 0.019404 -0.247289 -0.968748 0.951724 -0.292309 0.093680
7.617540 -12.544243 288.993077 -8.496942 0.288230 0.907618 -0.305209 0.246318 -0.378286 -0.892316 0.925338 -0.182014 0.332596
6.400466 -10.904777 213.407188 123.542443 0.171471 0.963584 -0.205194 0.091381 -0.222937 -0.970540 0.980942 -0.147668 0.126281
8.126733 -9.462648 263.465583 200.875585 0.179630 0.975476 -0.127200 -0.091937 -0.112090 -0.989436 0.979429 -0.189427 -0.069548
3.378005 -9.633693 109.850394 133.411135 0.093105 0.989020 -0.114761 0.084148 -0.122665 -0.988874 0.992094 -0.082413 0.094645
4.160579 -8.516140 138.970811 158.053236 0.073499 0.994803 -0.070458 -0.034660 -0.068059 -0.997079 0.996693 -0.075726 -0.029478
3.197654 -10.393381 70.298906 16.342067 0.121162 0.976297 -0.179345 0.252710 -0.205062 -0.945562 0.959926 -0.069244 0.271565
1.074940 -4.653156 -132.756727 -152.008416 -0.076350 0.947974 -0.309057 0.968571 0.144106 0.202740 0.236729 -0.283864 -0.929183
2.486701 -5.635155 -163.062032 53.275259 -0.028057 0.958652 -0.283194 -0.935098 -0.125296 -0.331500 0.353276 -0.255513 -0.899949
2.532300 -4.384111 -91.778701 118.618008 -0.088572 0.964192 -0.249976 -0.968564 -0.141939 -0.204296 0.232462 -0.224023 -0.946454
0.654068 -3.504611 -11.687950 -205.448251 -0.210774 0.927546 -0.308598 0.966071 0.245857 0.079134 0.149272 -0.281448 -0.947895
0.060814 -5.103595 -40.830453 -167.911901 -0.194534 0.929499 -0.313351 0.947790 0.260413 0.184063 0.252687 -0.261184 -0.931629
20.401969 -15.171376 797.786460 -276.423987 0.768905 -0.629955 -0.109277 -0.360883 -0.286529 -0.887505 -0.527777 -0.721843 0.447654
23.815977 -12.779088 1059.150926 -189.491522 0.810060 -0.521815 -0.267417 -0.483230 -0.335811 -0.808529 -0.332101 -0.784181 0.524183
10.965916 -15.555410 315.010386 -279.195651 0.755001 -0.559954 -0.341211 -0.475397 -0.109030 -0.872989 -0.451632 -0.821318 0.348518
8.190174 -16.832497 293.615566 -190.299765 0.728636 -0.631726 -0.264598 -0.322384 0.024514 -0.946291 -0.604283 -0.774804 0.185797
13.199325 -17.658801 -485.679491 272.302642 -0.689581 0.723863 0.022370 0.201288 0.161901 0.966060 -0.695673 -0.670679 0.257349
-0.362920 -20.632666 -48.573086 282.819475 0.181704 0.893920 -0.409744 -0.738856 -0.150853 -0.656761 0.648903 -0.422078 -0.633068
-0.551774 -19.907878 -45.388083 255.139768 0.171643 0.896724 -0.407953 -0.733345 -0.160211 -0.660709 0.657832 -0.412576 -0.630109
-0.459359 -20.473997 -49.098790 -86.212972 0.185910 0.898251 -0.398224 -0.508908 -0.258666 -0.821039 0.840506 -0.355299 -0.409038
-0.244751 -22.508219 -53.187936 -18.496473 0.200627 0.898404 -0.390664 -0.484981 -0.255398 -0.836400 0.851200 -0.357269 -0.384470
-0.475179 -20.616937 -44.042931 -286.159302 0.198692 0.906768 -0.371877 -0.239329 -0.323064 -0.915615 0.950391 -0.270927 -0.152826
-0.657801 -20.201695 -7.088500 -284.876822 0.157036 0.911259 -0.380719 -0.301283 -0.322922 -0.897190 0.940515 -0.255595 -0.223836
-0.513186 -8.413117 -10.967423 30.388916 -0.742771 0.544719 0.389323 0.209393 0.741292 -0.637683 -0.635960 -0.392131 -0.664671
-0.878629 -8.440511 1.570501 -39.018533 -0.720052 0.600396 0.347922 0.323433 0.733973 -0.597222 -0.613936 -0.317502 -0.722686
-0.431193 -8.645148 -2.398861 19.549453 -0.722593 0.601090 0.341396 0.259280 0.693478 -0.672207 -0.640807 -0.397215 -0.656952
7.952189 -7.870462 360.577048 21.716736 -0.841377 0.460439 0.282987 0.366075 0.870738 -0.328336 -0.397586 -0.172660 -0.901173
3.641119 -7.078215 230.709700 61.497542 -0.827020 0.459045 0.324525 0.398997 0.885957 -0.236393 -0.396030 -0.066017 -0.915861
2.908911 -7.170613 167.500588 43.532284 -0.797844 0.516649 0.310676 0.411046 0.843167 -0.346570 -0.441007 -0.148806 -0.885082
6.589198 -7.560661 264.348799 17.272464 -0.880019 0.387935 0.273994 0.354881 0.920506 -0.163489 -0.315636 -0.046638 -0.947733
5.147538 -7.719756 250.573953 4.478919 -0.787064 0.530088 0.315493 0.368078 0.813981 -0.449393 -0.495024 -0.237575 -0.835769
11.539055 -8.313822 460.009412 -14.663304 -0.844667 0.479279 0.238389 0.336036 0.821423 -0.460808 -0.416674 -0.309122 -0.854884
13.424280 -8.743808 -364.702023 -42.576864 0.918568 -0.373890 -0.128218 0.304080 0.875692 -0.375098 -0.252524 -0.305564 -0.918075
10.831797 -8.431813 328.509852 8.866070 -0.913362 0.367423 0.175414 0.322355 0.915767 -0.239705 -0.248711 -0.162392 -0.954867
1.258147 -6.265136 -152.436032 10.746389 0.701476 -0.500560 -0.507317 0.272818 -0.469015 0.839997 0.658408 0.727643 0.192441
1.734765 -6.637790 45.378813 -4.653239 -0.666255 0.601229 0.441167 -0.220189 0.406613 -0.886669 0.712475 0.687888 0.138524
1.061699 -6.875039 40.800119 104.882839 -0.666109 0.571195 0.479620 -0.221377 0.462659 -0.858451 0.712243 0.677999 0.181732
-0.936605 -11.604217 -23.700783 -0.957032 0.904153 -0.419829 0.079067 0.241104 0.348675 -0.905701 -0.352671 -0.837955 -0.416478
-0.937676 -11.074681 -25.499291 -113.512064 0.906310 -0.415151 0.079068 0.253508 0.384362 -0.887693 -0.338136 -0.824570 -0.453595
-1.622128 -13.544497 -9.419985 -224.789417 0.867048 -0.454541 0.204011 0.408490 0.414122 -0.813412 -0.285244 -0.788604 -0.544738
-2.714864 -18.215741 -11.173139 -255.971528 0.832668 -0.474849 0.284925 0.530628 0.536967 -0.655820 -0.158420 -0.697270 -0.699084
-2.090194 -16.232775 -6.827291 -119.731367 0.856930 -0.445705 0.258880 0.446337 0.390471 -0.805181 -0.257788 -0.805531 -0.533540
-1.229334 -12.929332 -5.148701 -19.727259 0.897466 -0.415651 0.147613 0.303250 0.338419 -0.890793 -0.320304 -0.844220 -0.429765
-2.862060 -13.922389 3.557635 -9.093768 -0.097176 -0.940612 0.325278 0.989770 -0.057029 0.130779 -0.104462 0.334659 0.936531
-2.659838 -13.808232 1.452995 35.621406 -0.092537 -0.938479 0.332706 0.988994 -0.125372 -0.078569 0.115448 0.321774 0.939752
-2.858470 -13.986709 -4.434032 8.335584 -0.116266 -0.918222 0.378618 0.992592 -0.120949 0.011479 0.035253 0.377148 0.925482
-2.443325 -14.084474 27.475111 8.637277 -0.087407 -0.957088 0.276303 0.991467 -0.110509 -0.069150 0.096717 0.267901 0.958580
-3.015610 -13.712383 -1.296639 -38.723809 -0.123617 -0.915176 0.383630 0.974176 -0.038309 0.222518 -0.188946 0.401230 0.896278
-2.595463 -13.705513 17.293569 5.072360 -0.063244 -0.958658 0.277445 0.993701 -0.034718 0.106555 -0.092517 0.282437 0.954814
2.404057 -15.904187 66.084758 137.031358 0.715866 -0.499019 -0.488381 -0.313958 0.394706 -0.863503 -0.623672 -0.771483 -0.125886
4.791528 -16.154245 99.898839 -103.353572 0.707398 -0.523595 -0.474801 -0.484488 0.129916 -0.865097 -0.514645 -0.842003 0.161773
2.303682 -15.248035 82.814722 11.052737 0.712775 -0.434977 -0.550224 -0.483336 0.263863 -0.834723 -0.508269 -0.860913 0.022165
-4.085052 -25.170919 5.425401 71.118448 0.811893 -0.425906 0.399291 0.573759 0.455769 -0.680497 -0.107843 -0.781588 -0.614403
-0.415462 -25.322671 290.076070 2000.146656 0.999535 0.027492 0.013154 -0.006848 0.623169 -0.782057 0.029698 -0.781604 -0.623068
-14.213933 -20.079941 -355.713020 305.310473 0.873100 -0.398449 0.280952 0.400410 0.257262 -0.879482 -0.278151 -0.880372 -0.384158
-3.431117 -23.219579 -34.012900 -198.994843 0.790063 -0.478856 0.382749 0.561800 0.315724 -0.764656 -0.245317 -0.819155 -0.518464
4.697311 -0.430614 152.845067 -23.222249 -0.036092 0.984988 -0.168810 -0.247646 -0.172467 -0.953376 0.968178 -0.007396 -0.250153
3.661514 -0.855619 184.357852 51.809516 -0.056964 0.996374 -0.063206 -0.261305 -0.075981 -0.962261 0.963574 0.038298 -0.264685
2.305172 -1.503706 157.034323 -33.086638 -0.129976 0.944743 -0.300942 -0.247156 -0.324807 -0.912916 0.960219 0.044278 -0.275716
4.027998 -1.547432 114.338364 -86.657760 -0.020550 0.969888 -0.242685 -0.236566 -0.240560 -0.941365 0.971398 -0.038066 -0.234386
2.393235 -2.302274 126.983671 -58.852422 -0.140412 0.891237 -0.431254 -0.249181 -0.453359 -0.855789 0.958224 0.012703 -0.285737
0.622447 -6.783234 35.947390 -10.417932 0.911055 0.240061 -0.335185 0.323944 -0.919709 0.221803 0.255026 0.310656 0.915672
0.856202 -8.178930 22.151206 -28.262012 0.940225 0.153733 -0.303879 0.230493 -0.944142 0.235517 0.250698 0.291481 0.923141
0.437015 -7.922781 31.988688 -21.484150 0.955840 0.080118 -0.282755 0.184928 -0.911733 0.366804 0.228409 0.402896 0.886287
18.005009 -560.477039 -674.255123 -40877.409978 -0.568226 0.662355 -0.488267 -0.245629 0.429788 0.868878 -0.785357 -0.613651 0.081523
10.371590 -221.369341 -122.804920 10735.055326 -0.527150 0.769630 -0.360254 0.719623 0.178840 -0.670939 -0.451947 -0.612932 -0.648119
21.120922 -518.990028 -624.486719 -34633.478763 -0.397378 0.763800 -0.508626 -0.288060 0.422424 0.859406 -0.871271 -0.488024 -0.052159
-20.925776 -406.162133 -2680.667651 -5395.646302 0.677085 -0.260820 0.688135 0.287100 0.954610 0.079331 -0.677592 0.143849 0.721233
2.356282 -3.428158 -43.030099 -20.029359 0.640941 0.631591 -0.436220 -0.691117 0.722117 0.030072 0.333995 0.282205 0.899338
1.926221 -4.099909 -113.141136 -13.811319 0.742933 0.568400 -0.353514 -0.609787 0.792533 -0.007229 0.276063 0.220939 0.935401
1.512236 -3.806317 -93.968571 12.178748 0.743144 0.543752 -0.389962 0.616919 -0.782466 0.084604 0.259128 0.303448 0.916936
1.851339 -3.487819 4.913183 30.064457 -0.619345 -0.629967 0.468565 0.717714 -0.696223 0.012624 0.318273 0.344114 0.883339
1.646785 -3.248751 89.929612 -31.803600 0.550524 0.653998 -0.518855 -0.742509 0.667676 0.053753 0.381581 0.355662 0.853171
2.273605 -3.243933 99.152687 4.275817 0.547356 0.656189 -0.519439 -0.727257 0.680068 0.092762 0.414123 0.326992 0.849458
-0.618500 -3.257481 3.747694 -5.111032 -0.584982 0.732449 0.348302 0.432161 0.644902 -0.630348 0.686318 0.218220 0.693792
-0.039464 -3.409268 6.536230 -18.968736 -0.594041 0.715569 0.367527 0.370801 0.649017 -0.664292 0.713878 0.258337 0.650876
-0.290033 -3.356636 9.158366 -10.366635 -0.540235 0.796461 0.271655 0.471994 0.554046 -0.685751 0.696683 0.242247 0.675240
-0.348830 -3.549400 -7.734767 -6.144327 -0.468699 0.865712 0.175681 0.538104 0.437529 -0.720425 0.700546 0.243128 0.670912
-0.754328 -3.449839 -3.483343 3.118401 -0.492140 0.843195 0.216381 0.558772 0.496584 -0.664213 0.667512 0.205978 0.715542
0.541104 -4.416856 -4.009572 -45.507055 0.635117 -0.639605 -0.433049 0.243168 0.697701 -0.673856 0.733141 0.322674 0.598654
0.299847 -3.894700 0.452917 -42.807063 -0.610971 0.680855 0.403921 0.307050 0.674088 -0.671808 0.729682 0.286431 0.620904
-0.082355 -3.867621 10.316501 -23.864365 0.642035 -0.601333 -0.475595 0.264641 0.756029 -0.598654 0.719553 0.258495 0.644534
-0.485707 -3.445441 0.486290 -2.621597 0.643543 -0.612398 -0.459152 0.311183 0.757397 -0.574034 0.699297 0.226535 0.677986
-0.437449 -3.880080 28.337455 20.843970 0.679344 -0.465426 -0.567336 0.189519 0.858178 -0.477088 0.708924 0.216586 0.671205
0.963959 -18.549741 100.027852 186.503863 -0.056978 0.960682 -0.271741 0.641426 -0.173352 -0.747343 0.765066 0.216883 0.606330
1.690403 -18.743860 44.117320 133.458222 -0.029711 0.973395 -0.227201 0.599384 -0.164551 -0.783366 0.799910 0.159455 0.578548
1.761645 -19.450403 24.527308 285.612996 0.001348 0.971464 -0.237182 0.773367 -0.151376 -0.615621 0.633957 0.182599 0.751503
1.597468 -20.887321 53.736384 -147.268863 -0.060913 0.978904 -0.195030 0.477080 -0.143076 -0.867136 0.876747 0.145865 0.458300
0.972508 -20.098729 99.325295 -80.252372 -0.088208 0.972209 -0.216863 0.474488 -0.150415 -0.867315 0.875831 0.179403 0.448034
1.576784 -10.786600 -73.982796 -171.349010 -0.450519 0.859562 0.241218 -0.297674 0.110101 -0.948298 0.841679 0.499030 -0.206266
0.509580 -21.249947 -30.514200 -715.518029 -0.358987 0.840905 0.404977 -0.452381 0.222761 -0.863556 0.816382 0.493210 -0.300442
0.894691 -12.501619 -40.850989 -215.221277 -0.448120 0.862193 0.236243 -0.257924 0.128331 -0.957604 0.855958 0.490055 -0.164873
0.506462 -15.972689 -1.005093 -322.319885 -0.407027 0.859702 0.308612 -0.313452 0.185886 -0.931233 0.857949 0.475772 -0.193815
1.974359 -10.045995 -45.305906 62.058686 -0.498341 0.855813 0.138709 -0.164582 0.063698 -0.984304 0.851216 0.513349 -0.109108
1.532996 -11.041110 -30.598110 -1.273007 -0.475629 0.870338 0.127627 -0.104201 0.088322 -0.990627 0.873452 0.484470 -0.048682
0.316828 -23.851906 75.616711 424.732818 0.772240 -0.382704 -0.507132 -0.578523 -0.093661 -0.810271 -0.262596 -0.919111 0.293732
-1.271259 -25.791770 84.911253 -251.120415 0.727005 -0.364252 -0.582052 -0.608818 0.050007 -0.791732 -0.317497 -0.929957 0.185407
0.460754 -22.184025 102.916350 -161.576216 0.713987 -0.343809 -0.609932 -0.611074 0.119246 -0.782540 -0.341776 -0.931438 0.124953
-8.419854 -12.182216 -37.757345 329.834018 0.528969 0.822830 0.207709 -0.831970 0.551080 -0.064315 0.167385 0.138787 -0.976074
-7.473184 -10.402644 122.103428 -83.221356 -0.202019 0.961056 0.188573 0.959330 0.155419 0.235649 0.197164 0.228509 -0.953368
-1.252019 -2.643650 -259.281796 -156.758621 -0.562744 0.266851 0.782374 -0.123447 0.908719 -0.398737 -0.817362 -0.320968 -0.478434
0.058015 -1.394043 -53.353575 -64.780963 0.018007 0.849943 -0.526567 -0.601475 0.429908 0.673355 -0.798688 -0.304592 -0.518961
0.473280 -3.025614 -217.030548 -219.475838 -0.366494 0.929997 -0.028047 -0.410690 -0.134649 0.901778 -0.834875 -0.342015 -0.431288
-0.276730 -4.932974 -418.464699 -104.247900 -0.579831 0.172533 0.796259 -0.111623 0.951282 -0.287407 -0.807054 -0.255529 -0.532324
-3.855452 -5.540126 -110.348904 -93.728409 -0.359642 0.919626 0.157939 -0.334398 -0.285049 0.898290 -0.871112 -0.270249 -0.410037
-4.673748 -5.564379 -71.933662 -50.353992 -0.364137 0.847557 0.386071 -0.316759 -0.502523 0.804447 -0.875824 -0.170638 -0.451459
-0.272805 -5.532469 -513.308768 -7.108101 -0.591415 0.226199 0.773991 -0.006411 0.958500 -0.285021 -0.806342 -0.173528 -0.565421
-4.282309 -11.681264 -63.649498 -95.206093 0.201113 0.853357 -0.480974 -0.609637 0.493365 0.620430 -0.766744 -0.168443 -0.619460
17.101619 -7.568990 912.101303 -213.976783 0.064880 0.980187 -0.187149 -0.375095 -0.149836 -0.914797 0.924713 -0.129551 -0.357942
5.836336 -11.527725 409.296451 -369.749154 0.066096 0.945964 -0.317465 -0.478556 -0.249128 -0.841973 0.875566 -0.207576 -0.436230
-1.007161 -12.763855 32.096264 -235.945356 -0.040338 0.850357 -0.524657 -0.568669 -0.451287 -0.687718 0.821577 -0.270615 -0.501776
-0.582499 -19.191344 22.700562 -450.615085 0.033360 0.883391 -0.467448 -0.697701 -0.314299 -0.643761 0.715612 -0.347615 -0.605858
1.361510 -22.309286 112.263820 -671.921289 0.045433 0.902780 -0.427697 -0.643346 -0.301091 -0.703882 0.764227 -0.307137 -0.567120
12.296342 -11.235568 842.199870 -428.801731 0.122930 0.979551 -0.159272 -0.450310 -0.087960 -0.888529 0.884369 -0.180949 -0.430289
-0.261197 -7.146274 11.725919 62.189609 -0.116700 0.866100 0.486058 -0.384944 -0.490591 0.781754 -0.915532 0.095874 -0.390652
-0.573261 -7.710497 26.904675 126.206408 -0.087486 0.883212 0.460741 -0.471809 -0.444086 0.761698 -0.877349 0.150744 -0.455559
-4.770622 -7.363210 64.349284 52.016999 0.727188 -0.675021 0.124675 0.681256 0.687419 -0.251685 -0.084189 -0.267958 -0.959745
-5.342909 -7.538617 29.463949 84.142829 -0.767014 0.641193 0.023693 0.620617 0.750761 -0.226258 -0.162863 -0.158839 -0.973779
-5.253341 -6.539440 -22.118059 55.091299 0.716858 -0.696208 0.037544 0.694095 0.707519 -0.132851 -0.065929 -0.121294 -0.990425
3.248488 -15.689354 -32.631547 136.867616 0.022185 0.931487 -0.363096 0.157752 0.355374 0.921316 -0.987230 0.077719 0.139060
1.638203 -14.511788 -43.425162 -3.220189 -0.020991 0.971848 -0.234671 -0.000936 0.234703 0.972067 -0.999779 -0.020624 0.004017
1.501752 -14.662939 -49.339396 -121.726106 0.014811 0.925512 -0.378429 -0.130269 0.377031 0.916994 -0.991368 -0.035716 -0.126150
0.025133 -13.284342 -44.316394 -228.979522 -0.013991 0.963519 -0.267275 -0.262733 0.254366 0.930736 -0.964767 -0.083243 -0.249590
2.557343 -15.704491 -21.058064 -38.227532 0.069545 0.876951 -0.475522 -0.027683 0.478189 0.877821 -0.997195 0.047884 -0.057533
0.257138 -13.332687 -59.840290 -240.313873 0.025524 0.916291 -0.399698 -0.377429 0.379069 0.844899 -0.925687 -0.129293 -0.355510
1.382065 -14.377761 -41.848715 -207.725204 0.070368 0.874769 -0.479403 -0.304862 0.476459 0.824649 -0.949794 -0.088123 -0.300211
-0.477509 -15.413648 -9.202911 -427.956505 -0.017267 0.765403 -0.643319 -0.749962 -0.435440 -0.497945 0.661255 -0.473867 -0.581543
-0.524091 -10.844435 2.981918 -362.166783 -0.011696 0.784232 -0.620358 -0.640825 -0.482129 -0.597407 0.767598 -0.390554 -0.508194
-0.600566 -10.622606 -21.348412 -263.740144 0.024822 0.787646 -0.615628 -0.618035 -0.471943 -0.628731 0.785759 -0.396086 -0.475078
-2.070913 -7.314965 55.884351 -46.190003 0.056251 0.954205 0.293818 -0.239962 0.298579 -0.923726 0.969151 0.018545 -0.245768
-2.704452 -7.970489 44.847460 -181.488489 0.098607 0.947456 0.304309 -0.265820 0.319765 -0.909445 0.958966 -0.008786 -0.283384
-2.269123 -8.996693 83.984634 -193.002751 0.038429 0.936424 0.348761 -0.332190 0.341140 -0.879360 0.942429 0.082062 -0.324180
-1.589543 -8.538212 26.160939 -55.490048 0.057420 0.940777 0.334127 -0.306152 0.335147 -0.891037 0.950249 0.051131 -0.307265
2.240951 -2.700751 163.643583 35.891618 0.949385 0.200908 -0.241462 0.306008 -0.765064 0.566600 0.070900 0.611811 0.787820
1.743176 -3.536612 143.228288 46.400510 0.934782 0.239178 -0.262633 0.352541 -0.715321 0.603350 0.043559 0.656590 0.752989
0.004430 -3.592724 102.956100 52.525202 0.881959 0.327981 -0.338491 0.468671 -0.686378 0.556086 0.049947 0.649087 0.759073
-0.499700 -4.418236 85.351041 58.869779 0.853945 0.370174 -0.365718 0.520234 -0.623031 0.584114 0.011630 0.689060 0.724611
-0.315796 -3.055595 99.268270 49.523033 0.857434 0.366265 -0.361464 0.510147 -0.697151 0.503716 0.067502 0.616304 0.784610
-1.668691 -4.218180 53.968699 60.117750 0.741951 0.499199 -0.447559 0.670389 -0.561649 0.484901 0.009309 0.659811 0.751374
2.363296 -3.847616 8.078043 5.932133 0.604047 0.782515 -0.150988 -0.544025 0.543324 0.639403 -0.582378 0.304089 -0.753901
2.497089 -4.060201 40.085988 17.918063 0.528749 0.847185 -0.051987 -0.663235 0.450610 0.597554 -0.529664 0.281476 -0.800142
1.429950 -11.876036 40.631184 -1.434015 0.139415 -0.791509 -0.595044 0.916924 -0.123720 0.379398 -0.373916 -0.598504 0.708505
-1.607531 -34.685471 41.971831 402.746442 0.690072 0.645616 0.327080 -0.043830 -0.413820 0.909303 -0.722413 0.641820 0.257268
31.487809 -20.563964 -1716.234352 -127.729224 0.153192 0.716569 -0.680486 0.871647 -0.422416 -0.248589 -0.465579 -0.555061 -0.689306
8.295161 -19.349907 -726.818775 -70.377712 0.059901 0.718518 -0.692924 0.834815 -0.416636 -0.359858 -0.547262 -0.556908 -0.624787
16.580457 -63.268526 -128.595927 -3555.578558 0.840377 0.476444 -0.258394 -0.508431 0.527794 -0.680391 0.187789 -0.703160 -0.685785
12.176455 -30.702519 406.359730 -2411.537125 0.849211 0.495859 -0.181563 -0.440861 0.476502 -0.760649 0.290659 -0.725996 -0.623255
-9.471733 -72.388512 445.957508 3152.356907 0.722770 -0.301758 0.621728 0.192241 0.951917 0.238533 -0.663813 -0.052883 0.746027
29.424300 -3.953144 132.329001 69.238569 -0.223378 0.772652 -0.594231 0.455996 0.621647 0.636886 -0.861493 0.128700 0.491188
-12.961857 -154.622130 -8.408498 -2080.356569 -0.622789 -0.534706 -0.571160 0.734611 -0.650838 -0.191717 -0.269221 -0.538980 0.798136
-0.729132 -4.110541 -49.766664 37.857107 -0.357559 0.918419 -0.169287 0.895327 0.388668 0.217547 -0.265596 0.073781 0.961257
0.131769 -3.381208 -84.452640 44.610110 -0.419897 0.892365 -0.165443 0.879861 0.444958 0.166905 -0.222555 0.075484 0.971993
1.253341 0.138239 -21.003323 -38.103795 0.934948 0.324775 0.142806 -0.283810 0.926183 -0.248268 -0.212896 0.191588 0.958107
0.885472 0.106102 -25.587925 -10.268423 -0.328974 0.902889 -0.276708 0.919180 0.373340 0.125398 -0.216527 0.213092 0.952737
0.958563 -0.323625 -9.974270 -66.581349 0.388923 0.919225 -0.061348 0.888933 -0.356951 0.287025 -0.241943 0.166165 0.955957
1.297957 -0.359589 -26.277115 21.896735 0.507049 -0.800640 0.319181 0.831256 0.552139 0.064469 -0.227848 0.232633 0.945498
0.996822 -0.360476 -16.483367 -3.574637 0.319019 -0.896687 0.306887 0.921167 0.369517 0.122102 -0.222887 0.243741 0.943881
1.172328 -0.565493 -17.022527 -27.149807 0.152907 -0.949705 0.273277 0.965126 0.202966 0.165336 -0.212486 0.238466 0.947620
1.369623 -0.728117 -12.737388 -49.556277 0.048770 0.981415 -0.185598 0.975873 -0.007227 0.218220 -0.212823 0.191763 0.958088
-4.111845 -5.545070 -11.312266 29.509984 0.182496 0.956741 0.226587 0.963593 -0.219843 0.152176 -0.195406 -0.190566 0.962030
-3.957170 -6.024924 30.844497 28.171854 -0.105564 -0.945832 -0.307014 0.972978 -0.161999 0.164530 -0.205353 -0.281350 0.937375
-3.765049 -5.431480 -7.244770 32.328861 -0.411826 -0.870126 -0.270704 0.905803 -0.423349 -0.017237 -0.099604 -0.252303 0.962508
-3.523211 -5.654864 2.683812 21.895487 -0.358768 -0.871250 -0.334976 0.930063 -0.364102 -0.049116 -0.079173 -0.329170 0.940946
-3.790857 -5.052951 -54.878815 17.873282 -0.558732 -0.807317 -0.189887 0.821457 -0.570224 0.007254 -0.114135 -0.151931 0.981779
-3.095480 -5.093336 -70.110593 14.144957 -0.703144 -0.685965 -0.187188 0.709818 -0.692638 -0.128101 -0.041781 -0.222943 0.973936
-2.563596 -5.178372 -57.545270 -9.650466 -0.691425 -0.688773 -0.217998 0.722442 -0.660423 -0.204742 -0.002950 -0.299055 0.954231
-0.852382 -9.190823 4.282776 194.828676 -0.038493 0.798818 -0.600340 -0.529545 -0.525795 -0.665674 0.847408 -0.292283 -0.443249
-1.043313 -10.009002 18.885947 276.909775 -0.017664 0.824101 -0.566167 -0.514656 -0.492972 -0.701504 0.857215 -0.278990 -0.432837
-0.778539 -7.761230 15.731385 43.095789 -0.034663 0.796235 -0.603993 -0.559155 -0.516364 -0.648625 0.828338 -0.315243 -0.463118
-0.590109 -8.220093 3.642057 -68.227249 -0.044897 0.784723 -0.618218 -0.562314 -0.531348 -0.633619 0.825704 -0.319186 -0.465117
-0.318406 -2.323379 16.524276 -68.255373 0.915041 0.386926 0.113969 0.343162 -0.895251 0.284191 -0.211992 0.220937 0.951970
-0.115356 -2.813584 0.962388 44.183571 0.940674 0.309177 0.139792 -0.272465 0.933811 -0.231860 -0.202225 0.180017 0.962652
-0.260775 -1.906737 3.271144 -76.761328 0.950065 0.272034 0.152882 0.220015 -0.931385 0.290027 -0.221290 0.241908 0.944728
-0.300892 -1.919408 -14.264395 -70.772980 0.962745 0.204088 0.177396 0.150384 -0.949317 0.276009 -0.224735 0.239049 0.944643
-0.435986 -1.147528 -4.615309 -49.060236 0.968259 0.162889 0.189584 0.105438 -0.953879 0.281066 -0.226622 0.252155 0.940776
-14.026625 -20.373513 -607.162837 -1575.730299 0.227052 0.081758 -0.970445 0.970274 0.066714 0.232633 0.083762 -0.994417 -0.064180
-21.115095 -38.624632 499.671083 1039.054091 0.627077 -0.245904 -0.739125 0.420795 0.905440 0.055768 0.655519 -0.345990 0.671256
-15.493718 -43.181085 390.093330 1621.310192 0.492632 -0.139730 -0.858947 0.245963 0.969137 -0.016588 0.834755 -0.203098 0.511796
-23.043936 -36.583250 421.621214 1254.165985 0.611949 -0.370499 -0.698748 0.248821 0.928815 -0.274575 0.750737 -0.005837 0.660575
6.079783 -2.802665 33.352048 48.027147 0.104088 0.982265 0.155949 -0.940446 0.046186 0.336790 -0.323614 0.181718 -0.928575
-6.695027 -10.368937 -37.174207 3.398389 -0.327469 0.890969 0.314544 -0.321014 0.208187 -0.923909 0.888658 0.403525 -0.217839
-7.410795 -8.449997 76.248548 22.476135 0.935517 -0.137005 -0.325634 0.054533 -0.854692 0.516264 0.349048 0.500732 0.792107
0.172595 -4.222654 2.931217 -53.161139 -0.117513 0.867453 -0.483442 -0.342421 -0.492354 -0.800210 0.932169 -0.071506 -0.354892
1.432869 -3.407115 69.833789 -77.837139 -0.085864 0.920491 -0.381213 -0.281760 -0.389441 -0.876896 0.955635 -0.032117 -0.292797
2.016313 -4.555865 85.245077 -148.529382 0.047203 0.986625 -0.156021 -0.282612 -0.136622 -0.949455 0.958072 -0.088910 -0.272383
33.213682 -17.996525 1778.500585 -50.568175 0.375844 0.829308 -0.413509 0.197199 -0.507580 -0.838734 0.905458 -0.233689 0.354310
9.042912 -12.219189 425.039997 -172.653340 0.345579 0.843678 -0.410831 0.384514 -0.526675 -0.758131 0.855993 -0.104024 0.506413
3.145292 -11.139931 52.508947 -120.256833 0.278183 0.910171 -0.306925 0.449475 -0.405744 -0.795829 0.848873 -0.083431 0.521971
3.545785 -5.587862 -61.649391 48.856339 -0.100201 0.975632 -0.195197 -0.945675 -0.154371 -0.286128 0.309288 -0.155922 -0.938099
