12660
25307
-8.280030 -10.271099 63.270897 164.259673 -0.125718 0.954250 0.271298 -0.293044 0.225545 -0.929115 0.947798 0.196308 -0.251282
-6.209516 -9.423174 -62.109684 224.408485 0.009601 0.952357 0.304834 -0.434022 0.278604 -0.856741 0.900851 0.124079 -0.416019
-5.980048 -8.156606 81.802388 94.660866 -0.309435 0.903549 -0.296393 -0.302785 -0.389088 -0.870019 0.901427 0.179471 -0.393978
-5.038214 -6.688032 17.274679 71.025500 -0.293411 0.907844 -0.299550 -0.414476 -0.403164 -0.815885 0.861464 0.115233 -0.494572
-6.427300 -9.105573 36.308842 97.329138 -0.342328 0.895009 -0.285954 -0.181753 -0.361673 -0.914417 0.921834 0.261058 -0.286481
-5.085348 -7.733317 -10.805401 68.278283 -0.435162 0.738472 -0.515066 -0.188678 -0.634165 -0.749823 0.880361 0.229113 -0.415298
-6.606075 -9.643219 -25.549973 -7.252580 0.391693 0.872922 0.290834 0.810947 -0.178199 -0.557324 -0.434674 0.454151 -0.777693
-7.147419 -9.488226 -25.248572 -10.608468 0.429629 0.814814 0.389226 0.844520 -0.209962 -0.492647 -0.319693 0.540365 -0.778333
-6.580890 -9.418302 -40.871955 26.320234 0.416216 0.868668 0.268664 0.860257 -0.280504 -0.425765 -0.294487 0.408330 -0.864028
-6.267478 -9.595839 -23.752914 -20.846358 0.366595 0.909620 0.195448 -0.838338 0.231854 0.493388 -0.403480 0.344725 -0.847566
-6.221529 -9.173157 -27.686995 38.915589 0.364222 0.908441 0.205129 0.896644 -0.282515 -0.340904 -0.251739 0.308092 -0.917446
-6.756282 -8.883380 -37.417892 48.343495 0.426145 0.852992 0.301338 0.895188 -0.349541 -0.276512 -0.130532 0.387589 -0.912544
-5.244655 -9.779354 -16.827943 72.144010 -0.035360 0.999297 -0.012459 -0.509642 -0.007307 0.860356 -0.859660 -0.036772 -0.509542
-5.585255 -9.496227 -11.966447 50.718426 0.062729 0.994391 0.085154 -0.526002 -0.039570 0.849562 -0.848167 0.098084 -0.520569
-5.463043 -9.952221 -18.592061 58.885863 0.025239 0.999667 0.005379 -0.621701 0.011482 0.783170 -0.782848 0.023110 -0.621784
2.090095 -11.194363 37.604275 194.470599 -0.089768 0.507806 0.856782 0.893980 -0.338120 0.294065 0.439023 0.792344 -0.423616
2.224090 -9.597771 79.832208 178.895756 -0.124709 0.472310 0.872566 0.833849 -0.426718 0.350153 0.537721 0.771255 -0.340620
1.233790 -12.073406 61.538433 128.515945 -0.177583 0.500871 0.847108 0.910253 -0.243568 0.334835 0.374038 0.830544 -0.412665
1.003828 -12.706689 4.401094 89.871489 -0.119352 0.543124 0.831126 0.966340 -0.128610 0.222813 0.227906 0.829744 -0.509493
1.153198 -12.635125 -16.218809 178.932678 0.006972 0.561147 0.827687 0.953001 -0.254435 0.164472 0.302886 0.787640 -0.536548
-0.521509 -6.649130 -16.070426 -23.467783 -0.081258 0.994283 -0.069265 -0.962155 -0.060117 0.265788 -0.260104 -0.088241 -0.961540
-0.534577 -6.488244 -3.640774 2.969428 -0.071517 0.994987 -0.069894 -0.978081 -0.056218 0.200492 -0.195558 -0.082701 -0.977199
-0.517262 -6.679599 4.893832 -32.493520 -0.079312 0.994937 -0.061727 -0.956394 -0.058486 0.286164 -0.281105 -0.081732 -0.956190
-0.478469 -6.817645 1.709695 -18.083182 -0.092241 0.994238 -0.054615 -0.910638 -0.062045 0.408520 -0.402777 -0.087417 -0.911114
-0.299053 -2.118295 20.899151 -47.585485 0.172560 -0.683072 -0.709673 -0.175963 0.687514 -0.704530 0.969154 0.246449 -0.001558
-0.038296 -2.880167 -11.727971 -24.332237 -0.196145 0.772880 0.603477 -0.184033 0.575480 -0.796840 0.963150 0.267356 -0.029358
-0.234686 -2.767443 -13.570605 -10.427045 -0.212224 0.816175 0.537420 -0.218755 0.496313 -0.840131 0.952422 0.295859 -0.073213
-0.709784 -2.173058 -23.352491 -30.729105 -0.222975 0.816614 0.532376 -0.190956 0.498956 -0.845328 0.955938 0.290147 -0.044682
2.014663 -14.111869 1.753454 -200.394308 0.105677 0.993975 -0.029099 -0.427680 0.071850 0.901070 -0.897732 0.082778 -0.432696
1.528050 -13.660074 7.958038 30.781968 0.119592 0.991695 -0.047323 -0.533564 0.104395 0.839292 -0.837262 0.075123 -0.541617
1.667552 -13.453631 13.185395 -138.221529 0.158418 0.986391 -0.044009 -0.488607 0.117047 0.864618 -0.858002 0.115468 -0.500499
1.019016 -13.591667 56.804616 32.713242 0.320890 0.932440 -0.166089 0.842572 -0.200957 0.499689 -0.432553 0.300287 0.850132
0.702264 -14.194781 44.683625 164.088750 0.331106 0.933099 -0.140338 0.733475 -0.160949 0.660387 -0.593619 0.321592 0.737696
0.024637 -14.176340 29.079308 120.738384 0.291860 0.940270 -0.175244 0.788889 -0.133053 0.599959 -0.540807 0.313352 0.780601
-0.367406 -14.761621 22.794191 131.348212 0.291890 0.943748 -0.155369 0.649021 -0.076118 0.756953 -0.702546 0.321785 0.634731
0.408521 -13.927171 45.783224 -28.584041 0.278023 0.940470 -0.195499 0.869117 -0.159615 0.468143 -0.409070 0.300066 0.861755
0.507164 -17.666992 -42.213481 203.767457 0.147772 0.988862 0.017758 0.551356 -0.067460 -0.831538 0.821079 -0.132669 0.555184
0.230405 -17.463045 -23.422758 342.009312 0.134567 0.990375 0.032402 0.573655 -0.051200 -0.817495 0.807968 -0.128595 0.575023
0.388023 -20.039726 -45.798156 326.395418 0.141290 0.988833 0.047406 0.712653 -0.068356 -0.698178 0.687141 -0.132430 0.714353
0.597831 -20.222429 -23.672307 299.695363 0.122741 0.991879 0.033338 0.735544 -0.068367 -0.674018 0.666265 -0.107251 0.737962
-3.095494 -4.383872 66.161336 3.856878 0.171122 0.545789 0.820263 -0.048042 0.836175 -0.546354 -0.984078 0.054086 0.169309
-2.377986 -4.043512 84.914189 19.416821 0.222773 0.365392 0.903804 0.045018 0.922257 -0.383948 -0.973830 0.126221 0.189005
-3.360763 -4.217032 47.204597 14.299330 0.181426 0.728839 0.660210 0.027980 -0.674906 0.737373 -0.983006 0.115306 0.142839
1.336085 -3.174844 -117.538681 -53.500660 0.180083 0.983587 -0.011303 -0.811372 0.142036 -0.567011 0.556099 -0.111280 -0.823633
0.658864 -2.345900 -96.084610 -26.309089 0.240922 0.969814 0.037641 -0.769278 0.214464 -0.601844 0.591749 -0.116041 -0.797726
1.867624 -2.984928 -86.434727 -26.925074 0.259220 0.960948 0.096867 -0.766445 0.265700 -0.584778 0.587679 -0.077343 -0.805389
1.153680 -2.522661 -103.001903 10.085142 0.346869 0.926274 0.147301 -0.706186 0.361284 -0.608913 0.617238 -0.107191 -0.779440
2.832948 -3.860544 -72.130338 -44.101966 0.200240 0.975855 0.087238 -0.813153 0.215201 -0.540806 0.546522 -0.037353 -0.836611
2.488590 -2.918440 -51.344583 -4.500195 0.296676 0.937560 0.181564 -0.730384 0.345251 -0.589356 0.615242 -0.042236 -0.787206
2.927381 -3.570987 -9.349517 -30.248757 0.233024 0.954989 0.183564 -0.767366 0.296523 -0.568528 0.597368 0.008380 -0.801923
-1.026896 -20.833071 12.118848 -46.542444 -0.181198 0.931561 0.315215 -0.140551 -0.341760 0.929218 -0.973351 -0.124069 -0.192859
-1.164750 -19.603059 -0.754573 -56.166374 -0.171183 0.945271 0.277774 -0.425894 -0.325230 0.844298 -0.888432 -0.026227 -0.458259
-1.205616 -20.630757 4.464919 8.922689 -0.184733 0.941798 0.280875 -0.370317 -0.331434 0.867765 -0.910351 -0.056292 -0.409991
-1.183740 -22.756517 -13.070590 -74.534520 -0.211733 0.923286 0.320486 -0.077092 -0.342677 0.936285 -0.974282 -0.173535 -0.143734
-1.152678 -23.345900 5.695382 -178.573312 -0.181885 0.927454 0.326720 0.139367 -0.304594 0.942231 -0.973393 -0.216912 0.073855
-6.274979 -12.500758 -52.585365 -173.311283 0.102788 0.849895 0.516829 -0.715586 0.424081 -0.555060 0.690921 0.312782 -0.651763
-6.673597 -14.312248 -42.272341 -139.964645 0.075579 0.825361 0.559524 -0.829999 0.363053 -0.423431 0.552620 0.432402 -0.712488
-6.944203 -12.434457 -30.970999 -187.494673 0.067741 0.782876 0.618479 -0.694544 0.482033 -0.534091 0.716254 0.393381 -0.576395
-6.272016 -8.645342 -19.612435 -176.116141 -0.142603 -0.603218 -0.784725 -0.520298 0.720134 -0.459017 0.841994 0.342833 -0.416546
-6.291700 -9.443203 -33.393250 -186.459720 0.133707 0.801030 0.583501 -0.551982 0.549197 -0.627454 0.823066 0.238187 -0.515586
86.030368 -1322.350099 517.390370 75295.373591 0.002542 0.991925 0.126799 0.831212 -0.072590 0.551197 -0.555950 -0.103995 0.824684
2.103448 -62.323206 440.619372 2532.058835 0.190413 0.977147 0.094484 0.698287 -0.202462 0.686589 -0.690027 0.064758 0.720880
-0.095049 -75.602513 337.581230 3322.611307 0.224318 0.959264 0.171737 0.483735 -0.262589 0.834894 -0.845980 0.104206 0.522933
-3.465546 -324.043827 361.571569 18805.682554 0.164844 0.964241 0.207520 0.570347 -0.264843 0.777536 -0.804693 0.009814 0.593610
-2.119929 -80.645035 31.480473 3776.843464 0.289371 0.864000 0.412029 0.883935 -0.406373 0.231345 -0.367319 -0.297262 0.881312
-28.588915 -311.841729 1497.523770 -736.389462 -0.466868 0.882933 0.049642 0.700503 0.403500 -0.588628 0.539750 0.240037 0.806878
-13.673854 -253.183685 325.742328 9974.858352 -0.348816 0.935087 -0.062765 -0.384626 -0.203905 -0.900270 0.854629 0.289887 -0.430784
-19.165581 -707.754051 -609.930352 27169.595831 -0.428457 0.895778 0.118348 0.346619 0.283905 -0.894009 0.834434 0.342023 0.432135
0.814065 -4.811897 -42.100383 35.355226 0.143003 -0.088308 0.985775 -0.027903 0.995256 0.093205 -0.989329 -0.040835 0.139861
0.723740 -4.279739 -20.264382 26.143015 0.168093 -0.016194 0.985638 0.027975 0.999541 0.011651 -0.985374 0.025615 0.168469
1.364914 -4.866107 13.673332 30.287498 0.183180 0.015682 0.982954 -0.065297 0.997859 -0.003751 -0.980909 -0.063497 0.183811
1.600305 -5.529569 -40.539120 43.251445 0.147727 -0.068271 0.986669 -0.127677 0.987951 0.087476 -0.980752 -0.138897 0.137231
3.701421 -49.003635 12.012555 -1722.056507 -0.128620 0.980903 -0.145898 0.550189 -0.051820 -0.833430 0.825075 0.187468 0.533017
3.151352 -32.059346 -15.169359 -957.429040 -0.052864 0.992421 -0.110930 0.660415 -0.048579 -0.749328 0.749037 0.112872 0.652842
2.945778 -26.345779 1.644591 -647.107400 -0.162382 0.979775 -0.116929 0.760479 0.048759 -0.647530 0.628732 0.194069 0.753016
4.851115 -60.197390 25.245674 -2108.401283 -0.222199 0.965130 -0.138391 0.537866 0.002949 -0.843025 0.813220 0.261755 0.519766
2.315448 -13.698753 8.453330 -177.767986 -0.677611 0.549170 0.489138 0.729203 0.415413 0.543779 0.095433 0.725151 -0.681944
1.740396 -14.092675 16.875611 187.895746 -0.677243 0.476334 0.560756 0.735714 0.429943 0.523330 0.008187 0.766978 -0.641622
2.331009 -13.499409 -14.597723 132.167660 -0.633265 0.564176 0.529793 0.773710 0.478016 0.415781 -0.018676 0.673205 -0.739220
27.039015 -471.846726 -408.550147 19387.250197 0.766040 -0.362337 -0.530937 0.620379 0.632969 0.463120 -0.168261 0.684151 -0.709666
2.800733 -16.328447 14.504995 -267.750807 -0.673288 0.589183 0.446707 0.733479 0.456055 0.504006 0.093228 0.666991 -0.739210
1.315544 -36.016020 44.560438 1589.324159 0.791148 -0.398315 -0.464145 0.593088 0.685029 0.423063 -0.149440 0.609984 -0.778195
3.250381 -12.750903 12.374146 -18.677214 -0.589834 0.620672 0.516587 0.805163 0.500912 0.317489 -0.061708 0.603203 -0.795197
-3.826993 -7.304078 -117.899306 -46.094398 -0.097671 0.991349 -0.087684 0.723149 0.131225 0.678112 -0.683751 -0.002823 0.729710
-3.340905 -7.843079 -1.019185 -42.335056 -0.023201 0.999710 0.006527 0.746506 0.012981 0.665252 -0.664974 -0.020306 0.746590
-3.181028 -7.415495 -138.784070 -5.490262 -0.079698 0.996811 -0.004041 0.796882 0.066147 0.600503 -0.598855 -0.044639 0.799612
-4.594568 -6.827961 -117.740854 -3.577083 0.012425 0.997453 -0.070243 0.794342 0.032822 0.606583 -0.607343 0.063333 0.791911
-5.366524 -6.777695 -96.988616 -6.269509 -0.092989 0.962293 -0.255627 0.730177 0.240451 0.639550 -0.676900 0.127182 0.725004
2.430042 -6.001317 -113.727186 17.905522 0.085811 0.945286 0.314755 0.171893 0.297136 -0.939235 0.981371 -0.134701 0.136991
3.542077 -5.549820 -49.458072 14.790339 0.021483 0.958665 0.283725 0.134994 0.278410 -0.950928 0.990614 -0.058730 0.123433
2.329675 -5.613627 -111.042592 0.236959 0.072388 0.939246 0.335525 0.091054 0.328779 -0.940007 0.993212 -0.098596 0.061722
6.472721 -3.109523 -51.154148 115.840034 -0.509437 0.732508 -0.451559 0.585656 -0.089325 -0.805623 -0.630461 -0.674872 -0.383492
3.220883 -4.873297 166.786485 117.603541 0.598366 -0.659253 0.455349 0.522912 -0.109272 -0.845354 -0.607059 -0.743939 -0.279347
8.404989 -2.629650 304.694511 136.984187 -0.240330 0.557538 -0.794602 0.800979 -0.348515 -0.486796 -0.548338 -0.753451 -0.362817
21.163030 0.660808 958.872522 65.079599 -0.023754 0.525130 -0.850690 0.835592 -0.456725 -0.305268 -0.548837 -0.718081 -0.427945
20.869321 -1.514012 873.343980 164.060907 0.023379 0.349200 -0.936757 0.861967 -0.481698 -0.158052 -0.506425 -0.803758 -0.312260
9.849890 -4.606007 576.426828 141.500332 -0.015356 0.407274 -0.913177 0.805346 -0.536244 -0.252705 -0.592606 -0.739304 -0.319762
-1.325217 -5.721340 -9.367125 -6.793096 -0.080789 0.985660 0.148149 0.252828 0.164038 -0.953504 0.964132 0.039576 0.262455
-0.870876 -5.685419 -29.726037 -13.574320 -0.025336 0.996141 0.084026 0.269826 0.087748 -0.958903 0.962576 0.001622 0.271008
-1.345668 -5.740444 -17.169403 19.929181 -0.045045 0.993614 0.103447 0.164827 0.109525 -0.980223 0.985293 0.027103 0.168708
-1.576388 -5.605018 -1.938984 31.630916 -0.085637 0.984778 0.151259 0.127581 0.161406 -0.978607 0.988124 0.064507 0.139461
-1.582798 -5.535498 2.707676 28.186628 -0.120224 0.977552 0.173029 0.138418 0.189097 -0.972154 0.983050 0.092926 0.158044
-1.407422 -5.611436 1.410572 -5.383400 -0.130201 0.972032 0.195451 0.260219 0.223719 -0.939274 0.956731 0.071434 0.282070
0.061074 -11.165743 -13.645383 43.426939 -0.276754 0.960139 -0.039238 -0.313491 -0.051613 0.948187 -0.908367 -0.274716 -0.315279
-0.054059 -11.116714 11.480381 21.101662 -0.258607 0.963927 -0.062991 -0.371075 -0.038924 0.927787 -0.891866 -0.263306 -0.367756
0.358351 -11.465062 -8.572134 -16.565272 -0.267532 0.962536 -0.044181 -0.486249 -0.095281 0.868610 -0.831859 -0.253864 -0.493522
0.490285 -11.515284 -29.172259 51.272547 -0.286941 0.957814 -0.016036 -0.309614 -0.076887 0.947749 -0.906534 -0.276913 -0.318614
0.910798 -11.785683 -31.797706 -15.314090 -0.282914 0.958827 -0.024691 -0.468064 -0.115547 0.876108 -0.837183 -0.259420 -0.481482
-0.207538 -20.504298 -10.751518 234.439809 0.518829 0.854878 -0.000109 -0.160826 0.097481 -0.982157 0.839614 -0.509589 -0.188063
-0.071864 -18.858631 -15.425793 389.252814 0.515216 0.856963 -0.012907 -0.350324 0.196827 -0.915714 0.782193 -0.476312 -0.401624
-0.206793 -17.692118 -11.210868 350.845593 0.514288 0.857327 -0.022340 -0.410709 0.223339 -0.883990 0.752878 -0.463801 -0.466972
-0.065735 -21.537554 -8.271486 132.069726 0.510802 0.859678 0.005894 -0.079456 0.054035 -0.995373 0.856018 -0.507971 -0.095908
-1.546972 -13.348057 -7.745759 -240.269216 0.425800 0.902217 -0.068546 -0.818199 0.351587 -0.454903 0.386321 -0.249782 -0.887899
-1.341509 -11.665393 3.331537 -265.399714 0.406559 0.908927 -0.092529 -0.779880 0.292502 -0.553380 0.475917 -0.297143 -0.827773
-1.629738 -15.123278 -1.225268 -203.726894 0.391284 0.915211 -0.096364 -0.880866 0.342159 -0.327111 0.266404 -0.212877 -0.940060
-1.074002 -9.366961 -10.752445 -218.719984 0.456260 0.888097 -0.055771 -0.679761 0.307410 -0.665901 0.574240 -0.341735 -0.743953
0.582352 -6.840183 -6.293777 2.601202 -0.116743 0.990380 -0.074285 0.261232 0.102783 0.959788 -0.958190 -0.092643 0.270718
0.682710 -6.572897 0.488628 -9.769993 -0.111265 0.988938 -0.098088 0.228683 0.121530 0.965885 -0.967122 -0.085038 0.239675
0.931916 -6.849764 -0.434642 -5.620870 -0.115800 0.986935 -0.112026 0.348364 0.145975 0.925923 -0.930179 -0.068196 0.360716
0.465914 -6.705824 -20.561763 17.783870 -0.118999 0.992710 -0.019152 0.308113 0.055258 0.949744 -0.943878 -0.107117 0.312442
0.321839 -6.547856 -14.275348 -17.295363 -0.128761 0.990664 -0.044787 0.156077 0.064845 0.985614 -0.979316 -0.119918 0.162969
0.861707 -6.688775 -17.422644 15.386386 -0.110105 0.992968 -0.043489 0.396552 0.084009 0.914160 -0.911385 -0.083408 0.403013
-0.648054 -9.849287 28.846879 32.248143 -0.195054 0.976786 -0.088564 -0.001255 0.090050 0.995936 -0.980792 -0.194372 0.016339
-0.905689 -10.140163 -15.692677 36.767048 -0.234458 0.968491 -0.083992 0.010098 0.088822 0.995996 -0.972074 -0.232671 0.030604
-0.886137 -9.805104 -10.459528 14.289410 -0.222221 0.972910 -0.063742 0.140185 0.096580 0.985404 -0.964866 -0.210041 0.157850
-0.587058 -9.461525 30.372384 24.881091 -0.189602 0.979915 -0.061788 0.151831 0.091433 0.984168 -0.970051 -0.177219 0.166117
-0.089352 -9.497499 53.494537 28.169095 -0.172764 0.982679 -0.067047 0.096252 0.084588 0.991756 -0.980249 -0.164887 0.109198
-0.038773 -9.832692 58.308838 19.732389 -0.163515 0.981559 -0.099024 -0.094462 0.084336 0.991950 -0.982008 -0.171553 -0.078929
3.222674 -4.948379 39.413929 -104.783837 0.345686 0.734526 0.583929 0.395575 -0.678369 0.619142 -0.850895 -0.016959 0.525062
1.341345 -4.761941 226.570677 -96.328580 0.408912 0.786777 0.462357 0.425611 -0.612595 0.666020 -0.807246 0.075559 0.585358
3.007442 -6.413267 186.968556 -123.580660 0.386934 0.776464 0.497378 0.488941 -0.630086 0.603265 -0.781805 -0.009765 0.623447
-0.198750 -5.480408 194.782333 -94.866251 0.359851 0.828837 0.428412 0.513352 -0.559308 0.650880 -0.779087 0.014294 0.626752
4.674195 -6.252901 9.698117 85.092273 0.307247 0.682781 0.662880 -0.482449 0.712180 -0.509944 -0.820270 -0.163126 0.548222
1.516164 -6.879476 213.509533 -97.987668 0.347113 0.834388 0.428147 0.598886 -0.548538 0.583474 -0.721698 -0.053880 0.690108
-12.508819 -32.217591 726.227566 -52.836274 -0.490665 0.687966 -0.534744 0.779942 0.073131 -0.621565 -0.388509 -0.722049 -0.572456
-20.382472 -45.976453 733.743012 -1461.645176 -0.600883 0.558841 -0.571521 0.632849 -0.104184 -0.767234 -0.488304 -0.822705 -0.291060
-9.325521 -149.436442 413.710379 -6963.858126 -0.518167 0.647443 -0.558857 0.530067 -0.269699 -0.803923 -0.671217 -0.712797 -0.203439
2.357640 -6.201773 154.254721 -1.592932 0.135166 0.969264 -0.205566 0.896544 -0.031317 0.441845 -0.421827 0.244021 0.873221
1.751777 -6.079380 159.509854 12.918582 0.210334 0.959370 -0.188068 0.833905 -0.075656 0.546698 -0.510257 0.271820 0.815936
0.230520 -5.717543 148.705021 0.700140 0.172034 0.961080 -0.216170 0.886739 -0.055503 0.458926 -0.429067 0.270638 0.861776
1.412176 -98.804797 37.346860 -4193.428867 0.542641 0.737252 -0.402492 -0.518505 0.670993 0.530020 -0.660828 0.078916 -0.746377
-0.303149 -129.079064 85.974020 -7030.320903 0.569797 0.738209 -0.361081 -0.757147 0.642399 0.118545 -0.319469 -0.205845 -0.924969
2.052499 -142.004485 16.513683 -7008.814390 -0.629103 -0.672342 0.390111 -0.572886 0.740238 0.351923 -0.525387 -0.002093 -0.850861
-56.863179 -3157.591075 -1281.768572 -232341.734837 -0.591836 -0.662536 0.459105 -0.212441 0.677638 0.704042 -0.777560 0.319145 -0.541800
3.067837 -39.816616 -8.116281 -962.484476 -0.543406 -0.757649 0.361494 0.833329 -0.434863 0.341258 -0.101354 0.486685 0.867678
3.512824 -23.595471 52.749078 -144.547416 -0.410238 -0.850584 0.328956 0.857733 -0.237315 0.456043 -0.309837 0.469242 0.826930
4.392860 -47.032710 -20.493713 1462.677576 -0.384065 -0.809670 0.443766 0.847950 -0.119130 0.516516 -0.365342 0.574667 0.732313
2.841083 -40.754914 -82.026823 -787.169934 -0.547220 -0.720192 0.426467 0.824541 -0.551404 0.126829 0.143814 0.421043 0.895567
6.890859 -139.735551 -136.682882 -6829.270156 -0.577518 -0.729407 0.366659 0.785851 -0.618369 0.007637 0.221160 0.292550 0.930324
2.864842 -50.900411 -70.036554 -1770.766178 -0.523960 -0.740813 0.420312 0.828831 -0.329775 0.451982 -0.196226 0.585188 0.786797
0.386110 -2.940837 -58.826418 -31.928119 -0.089481 0.447834 0.889628 0.042671 0.894115 -0.445801 -0.995074 -0.001929 -0.099116
-1.193842 -3.500530 -59.788930 -14.912922 -0.072709 0.588573 0.805168 0.062609 0.808406 -0.585287 -0.995386 0.007855 -0.095629
0.326011 -3.323642 -78.739398 -33.281300 -0.097959 0.397490 0.912363 0.084550 0.916781 -0.390337 -0.991592 0.038903 -0.123415
2.371502 -2.792615 -126.754019 -14.535246 -0.121230 0.261815 0.957474 0.086895 0.963684 -0.252511 -0.988814 0.052588 -0.139578
1.599182 -2.276129 -106.831805 -30.008682 -0.102197 0.332956 0.937388 0.026588 0.942899 -0.332015 -0.994409 -0.009007 -0.105214
-0.691858 -4.135008 -7.910278 27.107085 0.223401 0.974383 0.025863 0.878327 -0.212741 0.428115 -0.422651 0.072925 0.903354
-0.922815 -4.166588 -30.150493 15.041269 0.215982 0.976274 0.015489 0.895270 -0.204343 0.395897 -0.389670 0.071640 0.918164
-1.068775 -4.528545 -21.190127 27.108084 0.290927 0.955643 0.045913 0.842502 -0.278633 0.461036 -0.453379 0.095446 0.886193
-1.393835 -5.062966 -22.322293 26.447810 0.327859 0.942180 0.069315 0.787447 -0.313076 0.530953 -0.521955 0.119496 0.844562
-0.989485 -4.604194 -7.423196 29.622364 0.273243 0.960584 0.051143 0.823931 -0.261148 0.502930 -0.496463 0.095284 0.862813
-0.503369 -16.238697 53.123737 48.518448 0.463916 0.884155 0.055237 0.881554 -0.454599 -0.127291 -0.087434 0.107747 -0.990326
-1.435872 -16.773201 33.929411 -17.823976 0.445151 0.894920 0.030954 -0.885216 0.434585 0.165914 -0.135027 0.101258 -0.985654
-1.287015 -16.543035 29.661625 -2.777911 0.449274 0.892499 0.039985 -0.834048 0.402969 0.376802 -0.320182 0.202637 -0.925431
-0.551961 -12.314091 -75.528178 469.013607 0.831443 -0.554049 0.041611 -0.123877 -0.111849 0.985974 0.541624 0.824936 0.161630
-2.067374 -6.384386 -201.842164 19.115809 0.843952 -0.534941 0.039789 -0.134754 -0.139630 0.980992 0.519217 0.833272 0.189926
-3.661323 -7.609249 -155.172998 -79.069502 0.861071 -0.445136 -0.245787 0.144321 -0.249547 0.957548 0.487574 0.859989 0.150635
0.431829 -22.505512 -43.683007 691.970805 0.945915 -0.305975 0.107813 0.138164 0.079271 -0.987232 -0.293522 -0.948734 -0.117259
4.694873 -233.012129 -148.445321 10578.085582 0.907357 -0.295137 0.299327 0.285440 -0.090150 -0.954147 -0.308589 -0.951192 -0.002445
1.664330 -22.269130 -62.888759 800.989785 0.938277 -0.294998 0.180588 0.202964 0.046812 -0.978067 -0.280074 -0.954350 -0.103797
1.643501 -13.072325 -41.655314 186.359225 0.956031 -0.288424 0.053064 0.103182 0.161442 -0.981473 -0.274514 -0.943795 -0.184103
1.580390 -13.816254 -50.585100 -155.510974 0.947924 -0.309842 -0.073746 -0.007283 0.210397 -0.977589 -0.318414 -0.927217 -0.197184
-6.518590 -11.990443 -75.062626 301.177532 0.062292 0.871571 0.486297 -0.301153 0.480947 -0.823406 0.951539 0.095158 -0.292436
-3.109980 -11.001442 -213.228942 267.681451 0.171805 0.937014 0.304119 -0.352823 0.346757 -0.869066 0.919782 -0.042009 -0.390175
-4.213725 -8.675343 -123.349994 255.435302 0.106884 0.952129 0.286403 -0.494476 0.300807 -0.815480 0.862594 0.054458 -0.502956
-7.622583 -9.544972 -20.648066 -15.250256 0.415325 0.760204 0.499596 0.838648 -0.107235 -0.534014 -0.352385 0.640774 -0.682080
-7.894767 -9.320916 -41.695489 12.491738 0.477519 0.740331 0.473166 0.859110 -0.280564 -0.428035 -0.184134 0.610896 -0.770000
-5.322226 -9.226786 -30.178663 16.558913 -0.019373 0.997956 0.060904 -0.394039 -0.063606 0.916890 -0.918890 0.006236 -0.394466
-5.622936 -8.958090 -10.138328 5.653618 0.073188 0.986319 0.147713 -0.398539 -0.106847 0.910906 -0.914227 0.125536 -0.385266
-5.827606 -9.155247 -12.670919 40.178048 0.147344 0.974764 0.167706 -0.520115 -0.067861 0.851396 -0.841291 0.212674 -0.496990
0.555399 -10.556959 107.841411 181.253990 -0.173614 0.460000 0.870780 0.819170 -0.423345 0.386962 0.546643 0.780499 -0.303320
-0.611288 -6.253215 -13.394912 10.361374 -0.036632 0.996214 -0.078844 0.998613 0.039478 0.034844 0.037824 -0.077458 -0.996278
-0.571069 -6.121392 -9.519793 18.036574 -0.060919 0.995670 -0.070216 -0.992648 -0.053063 0.108785 -0.104588 -0.076327 -0.991582
-0.529913 -6.243554 -3.855335 -3.501528 -0.048581 0.997364 -0.053895 0.998558 0.047262 -0.025473 -0.022858 -0.055055 -0.998222
-0.587997 -6.602243 -5.873533 6.308489 -0.023619 0.998212 -0.054911 -0.993231 -0.029679 -0.112302 0.113731 -0.051887 -0.992156
-0.720251 -6.120526 -1.030583 -23.369668 -0.023033 0.998479 -0.050086 -0.996770 -0.026791 -0.075710 0.076937 -0.048180 -0.995871
-0.564320 -6.006103 8.835777 12.143103 -0.056889 0.997534 -0.041108 -0.997337 -0.054900 0.048010 -0.045635 -0.043730 -0.998001
0.097345 -2.142009 -5.419631 -57.209405 0.169641 -0.607969 -0.775626 -0.146235 0.762791 -0.629893 0.974596 0.220279 0.040494
-0.075054 -3.314046 12.666294 -14.933872 -0.215991 0.791460 0.571785 -0.181574 0.542835 -0.819976 0.959364 0.280929 -0.026461
1.954037 -12.712994 -4.169100 -153.886403 0.065965 0.997173 -0.035990 -0.485316 0.063578 0.872024 -0.871847 0.040057 -0.488137
1.446791 -12.819181 10.487822 236.657366 0.100622 0.992980 -0.062182 -0.596502 0.110230 0.795006 -0.796279 0.042904 -0.603406
0.793369 -14.249074 4.422702 223.928049 0.161591 0.983215 -0.084716 -0.657294 0.171262 0.733917 -0.736107 0.062911 -0.673935
1.807041 -11.692178 6.142207 68.165677 0.061020 0.997028 -0.047034 -0.540079 0.072608 0.838477 -0.839400 0.025762 -0.542904
-0.154325 -15.108668 7.697171 102.573379 0.300754 0.944925 -0.129089 0.567863 -0.068684 0.820253 -0.766211 0.319998 0.557245
0.311270 -14.869738 -17.182167 122.983310 0.140615 0.989971 -0.013608 0.396192 -0.068860 -0.915582 0.907336 -0.123353 0.401901
0.013530 -14.472192 -7.127737 384.353365 0.129799 0.991374 0.018136 0.441726 -0.041440 -0.896192 0.887711 -0.124336 0.443295
-1.676016 -4.270663 81.699297 18.481891 0.217357 0.274653 0.936654 -0.010454 0.960196 -0.279131 -0.976036 0.050880 0.211577
-0.788261 -3.993321 53.356334 24.357191 0.221729 0.198820 0.954624 0.070627 0.973147 -0.219082 -0.972547 0.115999 0.201733
6.308596 -12.129178 443.440764 198.501944 -0.616945 0.779058 0.111570 -0.753968 -0.625721 0.200014 -0.225634 -0.039278 -0.973420
33.407055 -4.956176 1171.645108 -56.568218 -0.310875 0.901337 -0.301577 -0.760966 -0.045927 0.647164 -0.569462 -0.430677 -0.700164
4.494702 -519.189531 -2394.812251 -47703.553518 0.885912 0.114431 -0.449518 0.340408 0.497909 0.797627 -0.315093 0.859646 -0.402150
94.470253 -16.796041 4476.650601 774.039719 0.378258 0.912004 -0.158648 -0.904805 0.400457 0.144780 -0.195572 -0.088781 -0.976662
-1.252148 -17.879141 0.146022 -113.081284 -0.143078 0.949900 0.277881 -0.650056 -0.301911 0.697336 -0.746295 0.080865 -0.660685
-0.886895 -18.591127 6.284578 -150.709377 -0.166858 0.935766 0.310644 -0.428202 -0.352573 0.832067 -0.888145 -0.005819 -0.459526
-0.541129 -20.834971 0.913418 -108.506172 -0.172773 0.931538 0.319980 -0.154973 -0.346528 0.925150 -0.972694 -0.110253 -0.204233
-0.870848 -18.239732 -6.850723 -250.418314 -0.158697 0.927401 0.338737 -0.461529 -0.372974 0.804911 -0.872815 0.028600 -0.487212
-0.847118 -17.014707 14.913886 -166.318689 -0.136971 0.934748 0.327849 -0.654241 -0.333876 0.678598 -0.743779 0.121544 -0.657282
-5.762554 -13.906660 -65.932936 -139.492224 0.149532 0.877557 0.455558 -0.814436 0.370569 -0.446511 0.560655 0.304255 -0.770127
-6.021560 -14.829204 -64.264597 40.986836 0.125631 0.863061 0.489227 0.924585 -0.280637 0.257652 0.359665 0.419963 -0.833230
7.518967 -206.877664 795.615224 12603.924184 0.242520 0.957044 0.158907 0.293116 -0.228426 0.928388 -0.924807 0.178574 0.335923
20.321650 -468.572340 184.161530 26105.291751 -0.000842 0.992157 0.124996 0.671831 -0.092024 0.734966 -0.740704 -0.084595 0.666484
145.762954 -1255.019004 2893.058273 320997.199820 -0.507796 0.843117 -0.176907 -0.234588 -0.332923 -0.913307 0.828922 0.422274 -0.366843
-25.456299 -434.057607 2078.487164 1939.779020 -0.575830 0.803525 -0.150887 0.816911 0.572888 -0.066750 0.032806 -0.161698 -0.986295
0.267021 -4.145366 45.681245 17.301936 -0.022633 0.965529 -0.259311 0.032163 0.259946 0.965087 -0.999226 -0.013503 0.036938
0.490570 -3.883978 30.787570 20.806054 -0.044410 0.943217 -0.329194 0.026991 0.330532 0.943409 -0.998649 -0.033012 0.040137
0.677843 -4.387337 30.610609 -15.331157 -0.038857 0.946454 -0.320493 -0.073347 0.317169 0.945529 -0.996549 -0.060247 -0.057096
0.958293 -5.417250 88.370126 36.921711 0.236802 0.189968 0.952805 -0.187348 0.971220 -0.147078 -0.953323 -0.143677 0.265577
-0.322961 -5.486019 92.950628 37.830809 0.211236 0.282074 0.935849 -0.233623 0.944273 -0.231880 -0.949105 -0.169655 0.265364
1.818386 -5.818902 84.832455 32.324066 0.229436 0.162400 0.959680 -0.277282 0.956031 -0.095491 -0.932992 -0.244193 0.264379
-0.975137 -13.350518 -44.594063 67.595448 -0.097915 0.991899 -0.080932 0.164865 0.096366 0.981597 -0.981444 -0.082770 0.172965
-0.519441 -14.334859 -51.542691 49.391255 -0.102260 0.993276 -0.054273 0.305995 0.083323 0.948380 -0.946525 -0.080374 0.312458
-1.289517 -12.471965 -44.481341 15.766656 -0.082298 0.994984 -0.056862 0.336194 0.081428 0.938266 -0.938190 -0.058100 0.341209
3.248181 -66.415412 9.415273 -2486.693012 -0.073739 0.983660 -0.164242 0.342863 -0.129646 -0.930396 0.936487 0.124919 0.327701
3.094048 -36.369147 -23.620674 -900.217815 0.002390 0.991401 -0.130838 0.369019 -0.122478 -0.921317 0.929419 0.046080 0.366138
2.621727 -24.714566 -24.168454 -380.306125 0.022666 0.997930 -0.060176 0.629821 -0.060998 -0.774342 0.776410 0.020349 0.629900
2.375808 -19.604523 -38.669863 -220.407531 -0.012974 0.999799 -0.015296 0.791922 0.000935 -0.610621 0.610484 0.020036 0.791775
-2.604972 -5.889434 -39.913640 -6.231906 -0.332936 0.915397 -0.226276 0.516793 0.377855 0.768213 -0.788720 -0.138828 0.598872
-3.001329 -7.193617 -9.632614 -94.034980 -0.164236 0.983336 -0.077952 0.632150 0.165587 0.756946 -0.757240 -0.075040 0.648812
-2.775488 -6.251897 -65.147274 -8.188316 -0.232798 0.955985 -0.178601 0.569553 0.282876 0.771745 -0.788299 -0.077938 0.610337
-3.358983 -5.887644 -32.579297 82.340565 -0.206719 0.964957 -0.161635 0.487684 0.244841 0.837984 -0.848193 -0.094401 0.521207
1.196869 -3.756874 -100.053450 95.418218 0.077430 0.887755 0.453757 -0.103493 0.459822 -0.881960 0.991612 -0.021329 -0.127480
-0.852732 -4.621603 -119.697749 61.280749 0.093399 0.871437 0.481533 -0.056926 0.487530 -0.871248 0.994000 -0.053962 -0.095142
1.483976 -5.114379 -108.342376 17.256391 0.073233 0.920898 0.382863 0.006540 0.383442 -0.923542 0.997293 -0.070138 -0.022058
1.703083 -7.338997 187.122318 62.460381 0.661674 -0.696057 0.278734 0.303334 -0.091467 -0.948484 -0.685694 -0.712137 -0.150616
0.169169 -6.591228 115.378097 105.292452 0.581187 -0.656155 0.481334 0.480149 -0.201055 -0.853835 -0.657022 -0.727350 -0.198202
0.374265 -4.531039 -38.978852 -60.215987 0.026373 0.999432 -0.020957 0.433478 -0.030324 -0.900654 0.900778 -0.014668 0.434032
-0.271011 -5.467257 -45.681211 -34.679759 0.014522 0.999780 0.015122 0.326294 0.009557 -0.945220 0.945157 -0.018661 0.326083
-0.103916 -4.638750 -43.279365 -59.242654 0.003770 0.999130 0.041532 0.436062 0.035733 -0.899207 0.899909 -0.021500 0.435548
-0.655081 -4.459275 -23.024495 -62.924276 -0.052246 0.992658 0.109088 0.466502 0.120846 -0.876226 0.882976 -0.005111 0.469390
0.184544 -3.702012 -37.085837 -63.031224 0.017608 0.999822 0.006791 0.503090 -0.002990 -0.864229 0.864054 -0.018634 0.503053
-0.259026 -10.895635 3.795862 31.395717 -0.268869 0.962027 -0.047047 -0.198633 -0.007586 0.980045 -0.942473 -0.272848 -0.193130
-0.224258 -11.006820 9.526277 27.265252 -0.253207 0.964588 -0.073862 -0.242414 0.010651 0.970115 -0.936548 -0.263545 -0.231133
0.021921 -11.007832 -5.857319 6.160742 -0.258630 0.961113 -0.096816 -0.431495 -0.025275 0.901761 -0.864247 -0.274998 -0.421252
-0.522256 -18.285134 -5.270801 415.757761 0.501973 0.864865 -0.005518 -0.381305 0.215576 -0.898962 0.776292 -0.453359 -0.437991
-0.392706 -16.302411 -6.614012 355.764090 0.503749 0.863709 -0.015596 -0.449612 0.246730 -0.858471 0.737622 -0.439466 -0.512624
-0.481410 -13.130121 -3.160006 326.320443 0.489966 0.870997 -0.036022 -0.580858 0.295383 -0.758520 0.650029 -0.392573 -0.650653
-0.563156 -13.806976 -8.078457 418.184903 0.503767 0.863691 -0.016023 -0.514767 0.285250 -0.808485 0.693710 -0.415536 -0.588299
-0.591834 -18.435619 -10.269322 388.237332 0.507123 0.861848 -0.006625 -0.306782 0.173321 -0.935866 0.805426 -0.476632 -0.352295
-1.690480 -14.666596 -3.256043 -180.054119 0.436622 0.899129 -0.030477 -0.860940 0.407768 -0.304150 0.261042 -0.159037 -0.952137
-1.717423 -16.280166 8.362850 -74.785268 0.438494 0.898734 0.000170 -0.896791 0.437558 -0.065641 0.059068 -0.028631 -0.997843
-1.162147 -14.211446 32.414945 -131.281635 0.456511 0.889147 0.031859 -0.853970 0.447937 -0.264741 0.249664 -0.093650 -0.963793
-0.909138 -12.165514 31.809213 -192.106231 0.462568 0.885981 0.032683 -0.777857 0.423253 -0.464538 0.425405 -0.189458 -0.884950
0.886513 -6.679186 5.653742 -26.153537 -0.118004 0.982512 -0.144032 0.303034 0.173756 0.937005 -0.945646 -0.066924 0.318238
0.753925 -6.076301 -8.259409 -19.310206 -0.115517 0.987058 -0.111231 0.219861 0.134611 0.966199 -0.968668 -0.087157 0.232566
0.850641 -6.407328 9.476727 -40.071719 -0.115661 0.978908 -0.168411 0.304038 0.196301 0.932216 -0.945613 -0.056617 0.320329
0.693233 -5.629192 -3.823967 -37.013460 -0.103152 0.987239 -0.121322 0.233386 0.142591 0.961873 -0.966897 -0.070904 0.245116
0.887941 -5.007687 -16.209449 -24.838081 -0.093436 0.995128 -0.031467 0.149250 0.045248 0.987764 -0.984375 -0.087596 0.152751
0.475562 -6.680549 2.719881 26.887115 -0.113964 0.978392 -0.172512 -0.812052 -0.191773 -0.551175 0.572349 -0.077275 -0.816361
0.163361 -7.752797 9.000018 97.268491 -0.054902 0.992464 -0.109550 -0.792644 -0.110041 -0.599672 0.607208 -0.053911 -0.792712
0.339116 -7.541511 -2.618190 71.748562 -0.067792 0.988452 -0.135526 -0.831342 -0.131067 -0.540085 0.551611 -0.076055 -0.830627
0.072035 -7.370840 34.001535 62.861377 -0.065037 0.993214 -0.096417 -0.752964 -0.112251 -0.648417 0.654840 -0.030428 -0.755155
0.603391 -6.067103 0.908911 -1.231305 -0.157883 0.962782 -0.219371 -0.814326 -0.252604 -0.522556 0.558521 -0.096137 -0.823900
0.378786 -6.590858 5.857703 24.984267 -0.106031 0.978957 -0.174356 -0.768062 -0.191996 -0.610916 0.631536 -0.069140 -0.772257
-0.867033 -10.387851 -29.512283 27.010356 -0.245408 0.963966 -0.102688 -0.159620 0.064301 0.985082 -0.956189 -0.258138 -0.138088
-0.820345 -10.326165 -21.723067 21.986920 -0.246818 0.965550 -0.082429 0.004401 0.086176 0.996270 -0.969052 -0.245534 0.025520
-0.906825 -9.966333 -18.135848 1.917449 -0.236861 0.968994 -0.070345 0.136184 0.104805 0.985124 -0.961952 -0.223757 0.156786
-0.549687 -8.225307 107.118826 -87.789029 0.160648 0.931422 0.326566 0.744794 -0.331506 0.579124 -0.647668 -0.150189 0.746974
2.950855 -8.488752 265.593061 -90.708534 0.319771 0.861880 0.393586 0.713971 -0.492270 0.497911 -0.622890 -0.121792 0.772771
-22.213688 -29.724693 -234.310299 -286.094585 0.908775 -0.135052 0.394828 0.416432 0.232958 -0.878815 -0.026707 -0.963063 -0.267947
-24.638919 -37.736211 -513.825355 -921.554350 0.738454 -0.293431 0.607110 0.568285 -0.213807 -0.794568 -0.362956 -0.931764 -0.008866
-20.696294 -34.446566 423.636520 -934.882338 -0.471700 0.385836 -0.792862 0.612210 -0.503817 -0.609400 -0.634585 -0.772852 0.001438
3.717136 -6.727753 43.103392 -5.898497 0.078897 0.989401 -0.121906 0.910202 -0.021621 0.413599 -0.406580 0.143591 0.902261
3.036810 -6.415656 125.249764 -4.419204 0.065763 0.977121 -0.202262 0.946105 0.003359 0.323842 -0.317112 0.212658 0.924239
3.753491 -7.028472 -1.209731 -6.521303 0.019686 0.995360 -0.094186 0.957461 0.008357 0.288441 -0.287890 0.095858 0.952854
3.387838 -6.546903 82.923251 5.213103 0.143377 0.980421 -0.134971 0.852770 -0.053182 0.519571 -0.502221 0.189594 0.843699
3.512120 -7.189692 -107.955910 2.482202 0.013594 0.999739 -0.018337 0.923066 -0.005498 0.384603 -0.384402 0.022155 0.922900
3.793336 -6.987936 -64.476127 -2.914246 0.061003 0.997444 -0.037203 0.863158 -0.034000 0.503788 -0.501235 0.062844 0.863026
3.003743 -46.858709 134.089692 1118.771064 0.482742 0.789128 -0.379786 0.853385 -0.521279 0.001604 -0.196709 -0.324878 -0.925073
1.576766 -38.041251 37.661925 498.531487 0.480209 0.806413 -0.345106 0.876941 -0.450057 0.168594 -0.019361 -0.383598 -0.923297
0.804009 -36.837338 15.864520 167.459076 0.487843 0.805303 -0.336892 0.868675 -0.485920 0.096362 -0.086102 -0.339659 -0.936599
1.272232 -71.320072 -65.665363 2675.872386 0.540012 0.765480 -0.349895 0.803756 -0.592368 -0.055468 -0.249727 -0.251276 -0.935145
0.362271 -6.987616 -53.382274 -27.985980 -0.085198 0.969618 0.229308 0.723554 -0.098013 0.683274 -0.684990 -0.224130 0.693220
1.065556 -6.767504 -44.974999 -24.218348 -0.071160 0.975670 0.207373 0.735816 -0.089016 0.671305 -0.673432 -0.200359 0.711580
0.843273 -7.121068 -39.131454 -11.503129 -0.099579 0.977983 0.183393 0.802901 -0.029892 0.595363 -0.587737 -0.206532 0.782247
1.025471 -6.390988 -35.363523 -41.071338 -0.050098 0.975140 0.215854 0.656284 -0.130772 0.743095 -0.752849 -0.178889 0.633417
0.217400 -7.583424 -48.244665 -0.922523 -0.112830 0.970932 0.211092 0.835637 -0.022215 0.548832 -0.537568 -0.238321 0.808841
-0.067835 -6.869256 -42.353980 -58.139222 -0.078295 0.967930 0.238707 0.650307 -0.131899 0.748134 -0.755626 -0.213808 0.619125
0.330586 -6.263413 -48.891513 -55.124771 -0.065099 0.966546 0.248095 0.591651 -0.162822 0.789581 -0.803562 -0.198186 0.561258
-2.486073 -3.956371 -90.061470 5.346675 -0.050654 0.680655 0.730851 0.096638 0.731697 -0.674745 -0.994030 0.036449 -0.102840
-0.957415 -3.418683 -81.389477 1.859775 -0.091422 0.421107 0.902392 0.133729 0.903170 -0.407922 -0.986792 0.083383 -0.138884
-0.493101 -3.770029 -11.318710 12.598453 0.169840 0.985463 0.004083 0.913148 -0.158932 0.375367 -0.370559 0.060024 0.926867
-0.919198 -15.532329 44.894036 -93.368093 0.455931 0.888896 0.044619 -0.884892 0.458108 -0.084280 0.095357 0.001057 -0.995443
0.669725 -7.560704 -59.398839 49.423320 -0.605757 0.786614 -0.119567 0.531716 0.512010 0.674628 -0.591892 -0.345085 0.728409
1.541828 -7.181031 -9.465451 43.895594 -0.537010 0.837854 -0.098084 0.564089 0.443109 0.696748 -0.627235 -0.318833 0.710579
0.975243 -6.830054 -2.614688 41.137467 -0.563384 0.815918 -0.129911 0.601011 0.512624 0.613190 -0.566908 -0.267384 0.779180
1.536584 -6.790636 16.850989 20.708647 -0.495098 0.864447 -0.087230 0.612624 0.418527 0.670468 -0.616092 -0.278509 0.736793
-7.438701 -10.685941 62.003594 90.537684 -0.266592 0.962562 -0.049016 -0.110726 -0.081108 -0.990536 0.957428 0.258641 -0.128203
-9.395695 -11.743807 107.332390 112.339028 -0.183325 0.911277 0.368737 -0.104208 0.354966 -0.929053 0.977513 0.208745 -0.029888
-7.514529 -11.031827 -14.855736 57.124108 -0.036995 0.912569 0.407246 -0.127952 0.399845 -0.907608 0.991090 0.085685 -0.101973
-6.310989 -9.555274 -10.805283 5.207046 0.361251 0.904723 0.225773 -0.772475 0.154747 0.615903 -0.522284 0.396899 -0.754778
-4.791778 -9.140255 -33.971131 20.824471 -0.093217 0.995632 -0.005161 -0.363140 -0.029172 0.931278 -0.927060 -0.088685 -0.364273
35.385725 -15.319745 -1453.686032 604.979574 -0.422489 0.507471 0.750984 -0.204740 0.753714 -0.624498 -0.882941 -0.417599 -0.214536
33.015203 -7.606928 -1670.350142 127.230394 -0.638722 -0.067338 0.766486 -0.298880 0.939652 -0.166509 -0.709017 -0.335440 -0.620302
11.019154 -2.980361 -488.458968 -138.014123 -0.528446 -0.074635 0.845680 -0.335890 0.933228 -0.127529 -0.779694 -0.351448 -0.518229
8.420101 -3.222175 -483.377807 -30.036917 -0.551149 -0.316240 0.772157 -0.355265 0.926265 0.125774 -0.754997 -0.205001 -0.622859
5.789177 -4.620126 -120.298196 -191.220596 -0.377979 0.236186 0.895181 -0.213241 0.918705 -0.332431 -0.900922 -0.316541 -0.296886
4.919729 -3.555484 -129.862615 -75.316907 -0.451257 -0.164230 0.877152 -0.280227 0.959279 0.035442 -0.847254 -0.229808 -0.478903
-0.596391 -6.349580 -4.499251 -6.581931 -0.053662 0.995428 -0.079016 0.996072 0.047779 -0.074551 -0.070435 -0.082706 -0.994082
-1.176908 -9.408032 -34.885717 -45.863411 -0.038220 0.999259 0.004638 -0.943191 -0.034542 -0.330450 0.330045 0.017005 -0.943812
-1.194861 -9.399732 -35.234417 12.387973 -0.015462 0.999880 0.000257 -0.990065 -0.015275 -0.139780 0.139759 0.002416 -0.990183
-1.435580 -9.681011 -31.485961 -11.990963 -0.024283 0.999313 0.027988 -0.973514 -0.017271 -0.227972 0.227332 0.032783 -0.973265
-0.821568 -9.170633 -20.737643 -6.941422 -0.042163 0.999090 -0.006371 -0.964295 -0.042361 -0.261421 0.261453 0.004878 -0.965204
-1.443490 -9.383863 -36.397762 -70.338152 -0.031516 0.999008 0.031457 -0.920164 -0.016712 -0.391175 0.390262 0.041274 -0.919778
-1.058501 -8.460268 -9.544999 -72.225245 -0.065767 0.997329 0.031785 -0.863008 -0.040862 -0.503534 0.500890 0.060547 -0.863390
-0.739299 -8.771742 -19.108736 -44.721719 -0.077756 0.996927 -0.009561 -0.904284 -0.074561 -0.420369 0.419790 0.024040 -0.907303
2.116412 -13.217089 -13.498802 -260.480096 0.043632 0.998825 -0.021104 -0.357307 0.035328 0.933319 -0.932967 0.033182 -0.358428
