16190
32354
-6.319702 -8.756741 -67.611781 230.786870 0.127818 0.956755 0.261310 -0.618539 0.282853 -0.733078 0.775288 0.067930 -0.627944
-7.958421 -10.194869 24.051864 188.056191 0.008709 0.965537 0.260119 -0.513175 0.227577 -0.827563 0.858240 0.126279 -0.497472
-5.815917 -13.666121 -102.957595 375.499839 0.259118 0.866068 0.427533 -0.476467 0.499662 -0.723407 0.840141 0.016258 -0.542124
-6.137922 -8.416003 41.596455 100.400628 -0.401946 0.851252 -0.337356 -0.421661 -0.499114 -0.757025 0.812798 0.162034 -0.559557
-3.301040 -11.216376 -163.485010 382.696850 0.284501 0.920489 0.267880 -0.596588 0.388722 -0.702124 0.750428 -0.039941 -0.659744
-3.818466 -7.546258 -102.434398 232.893090 0.206137 0.955475 0.211128 -0.672780 0.295064 -0.678457 0.710545 0.002188 -0.703648
-4.460081 -6.027371 -22.873077 81.795340 -0.247644 0.940476 -0.232761 -0.640182 -0.339168 -0.689299 0.727214 0.021692 -0.686068
-5.184996 -7.225788 48.119122 -92.885884 -0.557307 0.639309 -0.529805 0.343081 0.758371 0.554228 0.756112 0.127109 -0.641980
3.004638 -7.732632 117.960742 192.928231 0.554157 0.805937 0.208269 -0.490320 0.518224 -0.700735 0.672678 -0.286199 -0.682345
2.014966 -10.249939 48.492312 252.283906 0.537809 0.819738 0.196956 -0.435011 0.469940 -0.768064 0.722169 -0.327393 -0.609333
0.921678 -8.179952 92.917672 69.019715 0.489154 0.852927 0.182330 -0.527601 0.455819 -0.716845 0.694526 -0.254450 -0.672971
0.712192 -10.191914 61.178995 155.883197 0.470973 0.865524 0.170449 -0.469658 0.409581 -0.782090 0.746730 -0.288290 -0.599402
2.117325 -6.930917 135.389944 -71.896338 0.488902 0.855266 0.171740 -0.562963 0.459726 -0.686822 0.666369 -0.239106 -0.706244
0.402435 -9.201847 29.669095 15.259697 0.434015 0.892045 0.126045 -0.577183 0.382750 -0.721361 0.691730 -0.240330 -0.680992
0.250472 -8.408200 50.933802 -51.665720 0.449841 0.884168 0.126055 -0.624708 0.412371 -0.663092 0.638266 -0.219538 -0.737848
0.890110 -7.911444 90.022712 -111.574315 0.452186 0.882230 0.131142 -0.602751 0.410638 -0.684154 0.657433 -0.230319 -0.717450
-4.957029 -8.720877 -3.422467 -62.011834 0.100529 0.986057 -0.132613 -0.837855 0.155783 0.523192 -0.536556 -0.058515 -0.841834
-5.089618 -9.702901 1.738519 -57.924150 0.098142 0.989253 -0.108384 -0.764316 0.144675 0.628403 -0.637330 -0.021167 -0.770300
-5.087551 -8.831150 -19.714904 -44.701631 0.155881 0.985365 -0.068969 -0.840577 0.168998 0.514654 -0.518778 0.022251 -0.854619
0.523379 -5.564935 39.992167 -13.744352 -0.115124 0.989720 -0.084859 -0.951931 -0.085509 0.294135 -0.283855 -0.114642 -0.951989
0.593470 -5.824975 41.852490 -11.306651 -0.143568 0.985942 -0.085485 -0.907613 -0.096743 0.408510 -0.394497 -0.136236 -0.908742
0.601622 -5.304424 1.730676 -15.407473 -0.109904 0.987171 -0.115823 -0.958135 -0.074227 0.276528 -0.264383 -0.141365 -0.954001
0.600124 -5.234522 23.650485 -24.743329 -0.073609 0.991794 -0.104533 -0.985228 -0.056067 0.161808 -0.154619 -0.114899 -0.981270
0.479983 -5.546599 11.008857 -26.432706 -0.090300 0.990080 -0.107647 -0.978341 -0.067971 0.195524 -0.186267 -0.122972 -0.974773
-0.943922 -7.659936 141.978889 -5.296127 -0.178263 0.983824 -0.017654 -0.751145 -0.124470 0.648297 -0.635613 -0.128828 -0.761183
-0.959703 -8.060280 22.035103 3.387096 -0.239693 0.970841 -0.003796 -0.754660 -0.183857 0.629829 -0.610766 -0.153831 -0.776724
-1.224206 -7.206527 28.761672 -34.688076 -0.269775 0.962892 0.007793 -0.802305 -0.229244 0.551138 -0.532473 -0.142431 -0.834377
-1.990061 -7.802126 -35.304847 -4.454586 -0.354498 0.933675 0.050814 -0.778177 -0.324716 0.537587 -0.518431 -0.151031 -0.841676
-1.860997 -6.457195 3.093219 -73.060030 -0.377232 0.924101 0.061106 -0.819884 -0.363916 0.441990 -0.430681 -0.116633 -0.894936
2.470784 -7.740305 62.983729 0.516523 -0.183763 0.980266 0.072870 0.101532 -0.054807 0.993321 -0.977713 -0.189934 0.089457
2.901253 -7.734379 34.873707 -0.980020 -0.256982 0.956132 0.140609 0.095890 -0.119550 0.988187 -0.961647 -0.267430 0.060962
1.784813 -7.690764 40.883376 5.222702 -0.197137 0.977660 0.072924 -0.084475 -0.091047 0.992257 -0.976730 -0.189450 -0.100537
1.404920 -7.758495 24.860202 4.041783 -0.183981 0.982691 0.021653 -0.053426 -0.031994 0.998059 -0.981477 -0.182467 -0.058387
0.849679 -7.478756 -32.242263 38.485309 0.062911 0.980751 0.184853 0.800214 0.061116 -0.596592 0.596405 -0.185454 0.780966
0.940052 -8.017973 -16.276212 48.172849 0.040251 0.985574 0.164388 0.867243 0.047251 -0.495637 0.496255 -0.162514 0.852831
1.114681 -7.514338 -12.205178 48.659566 0.030760 0.987838 0.152417 0.798672 0.067395 -0.597981 0.600980 -0.140125 0.786885
2.482899 -16.464323 5.879377 41.353102 0.156051 0.987749 0.000076 0.255820 -0.040491 0.965876 -0.954046 0.150707 0.259005
2.292917 -16.267431 7.679262 -94.782284 0.156848 0.987622 -0.001153 0.065064 -0.009168 0.997839 -0.985477 0.156584 0.065697
1.995225 -16.533198 27.472762 -71.990281 0.218524 0.975316 -0.031717 0.209638 -0.015177 0.977661 -0.953047 0.220291 0.207780
2.196119 -15.877409 33.039210 129.119701 0.226936 0.973322 -0.033824 0.402798 -0.062181 0.913174 -0.886709 0.220857 0.406164
1.398803 -16.291828 44.342506 -68.338326 0.269065 0.960485 -0.071222 0.346000 -0.027384 0.937835 -0.898826 0.276982 0.339695
1.282417 -15.763960 39.932959 -131.274389 0.270082 0.961635 -0.048114 0.161846 0.003917 0.986808 -0.949137 0.274306 0.154579
-0.613390 -6.719526 -6.324944 81.473056 0.217433 0.975771 -0.024387 0.708264 -0.174917 -0.683935 0.671629 -0.131438 0.729136
-0.777766 -6.182965 4.723715 -90.814620 0.156272 0.987310 0.028245 0.694565 -0.089515 -0.713840 0.702253 -0.131172 0.699739
-0.765739 -7.033443 7.029849 23.835178 0.157703 0.987485 -0.001964 0.691431 -0.111843 -0.713732 0.705019 -0.111200 0.700416
4.524952 -7.807181 4.307711 -5.639420 -0.356271 0.895574 0.266492 0.250257 -0.183329 0.950664 -0.900245 -0.405386 0.158809
3.077567 -7.728419 3.568090 -0.224149 -0.321357 0.921741 0.217079 0.096897 -0.196028 0.975799 -0.941988 -0.334614 0.026319
4.064510 -7.782636 17.806531 -13.956163 -0.318179 0.930831 0.179764 0.240417 -0.104195 0.965061 -0.917040 -0.350281 0.190635
5.849229 -7.927497 74.703747 -9.120309 -0.319052 0.922510 0.217213 0.388906 -0.081567 0.917659 -0.864267 -0.377256 0.332746
5.078186 -8.126673 62.018436 -21.793827 -0.294232 0.939571 0.175027 0.414215 -0.039677 0.909314 -0.861309 -0.340048 0.377510
3.467235 -7.931653 55.393723 -16.368983 -0.241299 0.963579 0.115282 0.259198 -0.050485 0.964504 -0.935196 -0.262615 0.237576
3.720622 -9.565922 -165.404408 -133.644329 0.556907 0.816401 0.152788 -0.716242 0.565191 -0.409337 0.420537 -0.118530 -0.899499
1.699041 -9.917060 -84.937824 -107.888143 0.505846 0.855870 0.107737 -0.744297 0.496174 -0.447027 0.436053 -0.145938 -0.888009
2.902998 -8.732856 -155.118984 -41.792494 0.489071 0.866749 0.097750 -0.722177 0.465224 -0.511885 0.489152 -0.179756 -0.853474
5.134288 -8.149320 -239.786314 -100.679127 0.524357 0.836811 0.157473 -0.688381 0.525447 -0.500037 0.501180 -0.153796 -0.851567
6.273945 -8.858289 -198.220675 -137.180454 0.557628 0.799755 0.222359 -0.700394 0.597082 -0.391078 0.445533 -0.062337 -0.893092
1.072760 -14.555455 -66.623796 -91.727132 0.123018 0.985881 -0.113603 -0.976502 0.099841 -0.190984 0.176945 -0.134428 -0.974997
1.716219 -13.652087 -42.610279 -16.715912 0.111810 0.988722 -0.099638 -0.932064 0.069572 -0.355551 0.344609 -0.132623 -0.929331
1.980277 -14.223850 -34.068941 -46.246345 0.088135 0.992401 -0.085868 -0.982175 0.072211 -0.173544 0.166025 -0.099633 -0.981075
1.566298 -15.154791 -57.006683 115.317596 0.103311 0.990097 -0.095051 0.994590 -0.103874 -0.000976 -0.010840 -0.094436 -0.995472
0.527342 -15.542901 -78.314291 112.416004 0.137511 0.983359 -0.118725 0.990416 -0.138072 0.003528 -0.012923 -0.118072 -0.992921
-0.065956 -16.731623 -0.426099 147.422547 -0.116272 0.985575 -0.122979 -0.137731 0.106623 0.984714 -0.983621 -0.131432 -0.123347
0.122110 -15.477223 -2.455891 86.263227 -0.121521 0.988947 -0.084952 0.043920 0.090860 0.994895 -0.991617 -0.117170 0.054476
-0.210869 -15.295684 -8.732437 92.224079 -0.127018 0.987324 -0.095173 -0.139479 0.077218 0.987210 -0.982045 -0.138668 -0.127903
-0.326626 -16.370213 -3.685614 126.158303 -0.111872 0.985488 -0.127662 -0.323848 0.085298 0.942256 -0.939472 -0.146755 -0.309606
-0.555879 -14.290732 -18.752275 40.043152 -0.130891 0.988605 -0.074347 -0.146805 0.054838 0.987644 -0.980467 -0.140188 -0.137955
-0.610506 -15.155340 -13.183937 72.360011 -0.116671 0.987394 -0.106966 -0.330186 0.063013 0.941810 -0.936678 -0.145201 -0.318672
7.559007 -0.922806 506.235266 13.091690 0.508954 0.848862 -0.142822 -0.795355 0.527199 0.299119 -0.329206 0.038644 -0.943467
25.709583 0.341593 1773.287710 37.527783 0.089957 0.991609 -0.092836 -0.924231 0.117848 0.363192 -0.371085 -0.053130 -0.927078
6.490842 -1.580374 402.804125 75.138821 0.535109 0.833608 -0.136957 -0.780798 0.549928 0.296536 -0.322511 0.051743 -0.945150
4.579048 -43.727143 -259.072248 -5435.997503 -0.855826 -0.467569 0.221226 -0.427339 0.880093 0.206924 -0.291451 0.082552 -0.953017
4.100411 -1.793663 282.715533 30.604146 0.629593 0.760265 -0.160031 -0.720002 0.648343 0.247482 -0.291907 0.040590 -0.955585
1.986680 -1.895388 -264.199910 -127.788483 -0.702602 -0.695309 0.151314 -0.658412 0.715887 0.232378 -0.269898 0.063642 -0.960783
3.143774 -22.447836 -173.424952 -392.135020 0.322008 0.924582 0.203614 -0.883201 0.370829 -0.287129 0.340980 0.087374 -0.936001
3.936376 -23.803220 -154.041563 -499.906051 0.320906 0.920434 0.223206 -0.858628 0.382194 -0.341593 0.399722 0.082031 -0.912959
3.293777 -26.088491 -151.696561 181.160191 0.258282 0.946443 0.193744 0.961684 -0.270973 0.041679 0.091946 0.175555 -0.980166
4.640759 -19.338092 -241.485656 -502.108194 0.380650 0.896715 0.225850 -0.721982 0.440802 -0.533324 0.577795 -0.039950 -0.815204
1.928551 -22.951482 -99.397036 147.744422 0.245702 0.951285 0.186248 0.968262 -0.249936 -0.000771 0.045817 0.180526 -0.982503
0.601541 -20.278034 -52.873742 -267.991686 0.287513 0.936481 0.200847 -0.914594 0.330703 -0.232709 0.284348 0.116786 -0.951581
1.692180 -18.796692 -110.135153 -357.651780 0.357925 0.909372 0.211971 -0.772049 0.415899 -0.480592 0.525196 -0.008364 -0.850940
-6.893356 -88.999342 788.391476 -6485.551611 0.911912 -0.125103 -0.390853 0.025161 0.967655 -0.251020 0.409614 0.219074 0.885563
-11.588443 -41.430879 683.230487 -2677.615148 0.912114 -0.175843 -0.370306 0.082669 0.963670 -0.253981 0.401514 0.201047 0.893514
-2.779520 -47.893616 364.011264 -2941.176319 0.898388 -0.152492 -0.411881 0.051841 0.968053 -0.245330 0.436133 0.199049 0.877592
-0.225853 -47.456063 -45.472616 273.103872 -0.131369 0.951007 0.279869 -0.777201 0.076449 -0.624591 0.615387 0.299567 -0.729081
-1.353519 -74.054497 -44.642045 2598.966826 -0.157233 0.957342 0.242435 -0.929319 -0.060373 -0.364309 0.334132 0.282581 -0.899168
-0.915212 -39.715949 25.486110 642.737251 -0.135963 0.945987 0.294317 -0.913415 -0.004654 -0.407002 0.383649 0.324171 -0.864712
13.610990 -219.385680 241.306893 -13604.205719 0.078851 0.995606 -0.050513 -0.567629 0.086494 0.818729 -0.819500 0.035885 -0.571954
3.181933 -84.531874 -19.549795 -4075.503723 -0.079784 0.994716 0.064613 -0.549501 -0.097970 0.829729 -0.831675 -0.030694 -0.554414
-0.443344 -33.155925 -31.505883 -570.342686 -0.048147 0.994679 0.091077 -0.758311 -0.095748 0.644823 -0.650113 0.038018 -0.758886
-0.286578 -27.510090 22.471715 -414.704789 -0.006659 0.998146 0.060494 -0.756736 -0.044576 0.652199 -0.653687 0.041435 -0.755630
-0.943167 -126.106730 126.829406 -7743.010233 0.082253 0.995826 -0.039550 -0.607806 0.081574 0.789884 -0.789814 0.040931 -0.611979
-1.150283 -3.351801 24.353255 -33.110211 -0.403691 0.914686 -0.019567 -0.489451 -0.233986 -0.840052 0.772963 0.329545 -0.542152
-1.206893 -3.291996 30.017638 18.918328 -0.278085 0.942180 0.186990 -0.540661 0.007374 -0.841209 0.793949 0.335026 -0.507349
-1.544168 -3.805027 43.803558 -24.955999 -0.384492 0.923049 -0.012069 -0.498320 -0.218544 -0.838997 0.777073 0.316573 -0.544003
-1.311579 -4.172184 33.170257 -52.463496 -0.463966 0.874477 -0.141513 -0.465390 -0.376544 -0.801016 0.753756 0.305786 -0.581676
-1.108302 -3.838246 8.332772 -52.870046 -0.460758 0.880002 -0.115321 -0.470914 -0.352538 -0.808676 0.752291 0.318298 -0.576840
0.624847 -14.841246 -31.530686 120.555733 -0.019849 0.997637 0.065783 -0.413705 -0.068094 0.907861 -0.910194 0.009195 -0.414079
0.580272 -13.842591 24.436957 72.783415 0.012535 0.995734 0.091416 -0.221334 -0.086392 0.971364 -0.975117 0.032409 -0.219307
0.499555 -13.662402 13.642939 58.888226 0.008875 0.996895 0.078242 -0.377025 -0.069135 0.923619 -0.926160 0.037696 -0.375241
0.409823 -13.240797 24.427582 64.123048 -0.007286 0.995952 0.089592 -0.160681 -0.089596 0.982931 -0.986979 0.007234 -0.160684
0.399484 -13.253919 -24.851738 59.789638 -0.031519 0.995235 0.092269 -0.180645 -0.096467 0.978806 -0.983043 -0.014183 -0.182825
0.367272 -22.307105 -283.473512 49.967149 0.325993 0.934750 0.141321 0.342030 0.022744 -0.939414 0.881331 -0.354579 0.312298
-0.535474 -21.496782 -13.468076 -205.959589 0.312911 0.941297 0.126674 0.383925 -0.003367 -0.923358 0.868728 -0.337562 0.362441
-1.268161 -21.493741 -191.364898 -757.431541 0.314612 0.937018 0.151714 0.572540 -0.059842 -0.817690 0.757111 -0.344118 0.555307
1.102253 -22.792444 -313.803733 -330.159700 0.351930 0.914362 0.200220 0.451077 0.021756 -0.892220 0.820168 -0.404313 0.404790
-418.780093 -1910.384352 -38376.351700 -277078.065551 0.546161 0.752351 -0.368342 0.678492 -0.139426 0.721255 0.491281 -0.643838 -0.586613
-768.456166 -1613.023742 60532.346938 278192.039478 -0.055811 0.997573 -0.041640 -0.664103 -0.068232 -0.744521 0.745555 0.013899 -0.666299
-450.767626 -1749.049623 66781.651136 382915.821867 0.185993 0.474604 -0.860324 0.411373 0.757551 0.506842 0.892289 -0.448183 -0.054340
-200.108410 -609.064669 -14483.357835 -86845.512278 0.814102 0.386577 -0.433355 -0.218508 -0.487481 -0.845350 0.538045 -0.782892 0.312390
-598.858938 -2042.910045 -46527.861252 -599265.024558 0.458320 0.850674 -0.257482 0.560361 -0.501436 -0.659210 0.689883 -0.157846 0.706503
1.025270 -36.524168 16.981052 234.683605 0.871337 -0.264369 -0.413377 0.265086 0.962549 -0.056820 0.412917 -0.060071 0.908785
0.881523 -33.340986 62.895170 -8.100107 0.856193 -0.252762 -0.450605 0.317691 0.945352 0.073359 0.407438 -0.205962 0.889704
1.037858 -36.875400 -7.744094 148.990705 0.891341 -0.217603 -0.397694 -0.341117 -0.899737 -0.272235 0.298581 -0.378315 0.876201
1.105731 -32.642123 -42.580972 679.253594 0.908138 -0.201254 -0.367127 -0.385762 -0.743007 -0.546927 0.162707 -0.638309 0.752388
-0.146991 -37.559314 -74.492921 391.051526 0.920142 -0.198182 -0.337731 -0.349033 -0.806080 -0.477924 0.177522 -0.557637 0.810880
-1.929903 -3.014944 -1.950355 77.948588 0.003198 0.990916 0.134445 -0.368744 0.126140 -0.920933 0.929526 0.046630 -0.365797
-1.851110 -3.242708 -5.669654 74.052466 0.024950 0.995536 0.091029 -0.360569 0.093890 -0.927995 0.932399 0.009669 -0.361302
-1.871527 -2.661741 7.172771 -4.525040 -0.111882 0.979465 -0.167723 -0.367023 -0.197579 -0.908987 0.923459 0.040141 -0.381591
9.020395 -11.356297 -225.794091 -159.970082 -0.414416 -0.741333 0.527906 0.739967 0.063220 0.669666 -0.529819 0.668153 0.522363
11.214950 -13.978714 -257.533965 -103.372010 -0.423562 -0.703047 0.571245 0.846433 -0.082504 0.526065 -0.322719 0.706341 0.630028
12.032714 -13.048192 -45.271316 -56.798266 -0.390226 -0.828319 0.402010 0.817043 -0.110246 0.565938 -0.424457 0.549303 0.719793
-1.706364 -3.421107 84.651049 -211.262216 -0.230378 0.972148 0.043070 0.950758 0.215437 0.222813 -0.207328 -0.092280 0.973909
0.729087 -2.457467 -314.597937 35.135181 0.880216 -0.418671 0.223459 0.381582 0.904328 0.191273 -0.282161 -0.083094 0.955762
-2.214492 -2.904780 -199.685511 30.196941 0.905149 -0.383319 0.183771 0.347826 0.916367 0.198215 -0.244382 -0.115494 0.962777
-2.750512 -5.411011 11.038003 -111.334049 -0.203810 0.972249 0.114865 0.966557 0.181173 0.181506 -0.155658 -0.148016 0.976658
0.119681 -6.005073 86.539133 6.608146 0.085045 0.971268 -0.222274 0.695270 -0.217642 -0.685005 0.713699 0.096284 0.693803
-1.159443 -5.989608 109.949008 7.462180 0.076528 0.973464 -0.215665 0.683048 -0.208756 -0.699905 0.726353 0.093747 0.680898
0.030558 -5.658142 69.254382 24.491112 0.090830 0.970486 -0.223397 0.604112 -0.232031 -0.762371 0.791706 0.065711 0.607358
-1.191107 -6.210334 116.941441 3.027952 0.076516 0.973100 -0.217305 0.766044 -0.196878 -0.611895 0.638218 0.119645 0.760502
0.883435 -5.669677 42.999617 19.855694 0.096926 0.973223 -0.208427 0.620191 -0.222844 -0.752133 0.778440 0.056363 0.625184
1.118025 -6.003019 62.623450 4.573588 0.086945 0.975203 -0.203520 0.708524 -0.204145 -0.675513 0.700310 0.085466 0.708704
0.269498 -6.212784 102.215967 4.960166 0.082431 0.971462 -0.222411 0.775281 -0.202738 -0.598195 0.626215 0.123121 0.769868
-0.648415 -13.364456 -70.114019 -72.383107 0.531359 -0.439859 0.724004 0.820350 0.053914 -0.569314 0.211384 0.896447 0.389486
0.358283 -13.293101 -37.893770 -41.584625 0.504764 -0.465214 0.727179 0.820503 -0.003266 -0.571633 0.268307 0.885192 0.380060
-0.532639 -12.173957 22.790888 -124.473912 0.512738 -0.479882 0.711908 0.857649 0.248412 -0.450256 0.039223 0.841430 0.538940
-1.144701 -12.287306 -22.699387 -134.031886 0.545701 -0.461579 0.699397 0.837783 0.282387 -0.467309 0.018199 0.840953 0.540802
-1.147461 -13.478764 -74.957806 -102.975723 0.550889 -0.459643 0.696599 0.812841 0.106237 -0.572716 0.189240 0.881726 0.432142
-0.588425 -6.759713 20.720139 -46.952103 -0.099866 0.982280 -0.158594 0.665524 0.184431 0.723231 -0.739665 0.033322 0.672150
-0.008381 -7.192227 43.805554 -63.849721 -0.123351 0.971132 -0.204174 0.665288 0.233588 0.709104 -0.736327 0.048366 0.674895
-0.106377 -6.008976 26.365372 -64.759976 -0.067200 0.988243 -0.137335 0.590212 0.150353 0.793123 -0.804446 0.027759 0.593377
-0.030459 -5.670726 -15.854705 -45.868051 -0.020502 0.998413 -0.052457 0.598536 0.054284 0.799255 -0.800834 0.015011 0.598699
0.517751 -4.747285 -17.145792 -62.618840 0.001531 0.999687 -0.024979 0.526748 0.020427 0.849776 -0.850020 0.014459 0.526552
0.346754 -5.055908 30.175581 -72.139982 -0.035778 0.993666 -0.106529 0.518622 0.109581 0.847952 -0.854255 0.024910 0.519258
0.472489 -9.367898 -21.321924 11.269989 0.019516 0.987406 0.156998 0.961841 -0.061405 0.266630 -0.272913 -0.145804 0.950926
0.873328 -10.608606 -39.819186 34.567974 -0.012313 0.988144 0.153038 0.910999 -0.052010 0.409116 -0.412225 -0.144455 0.899558
1.017272 -9.679777 -29.922838 -23.199178 0.019242 0.988912 0.147248 0.957350 -0.060690 0.282483 -0.288288 -0.135532 0.947904
2.699284 -14.167061 11.593177 -151.005673 0.365777 0.928466 -0.064490 -0.928100 0.369056 0.049275 -0.069550 -0.041830 -0.996701
2.477790 -11.717766 -19.863592 98.001951 0.358261 0.922509 -0.143621 0.933236 -0.349429 0.083486 0.026831 -0.163942 -0.986105
2.568705 -12.055060 -0.939454 128.680130 0.370166 0.925665 -0.078233 0.923339 -0.357363 0.140488 0.102087 -0.124239 -0.986987
-0.721559 -14.051338 41.626012 172.306527 0.084516 0.991045 -0.103373 -0.835992 0.014074 -0.548561 0.542194 -0.132781 -0.829696
-1.254227 -13.884823 29.523345 219.716345 0.086342 0.987031 -0.135336 -0.872884 0.009467 -0.487837 0.480228 -0.160253 -0.862380
-0.755690 -11.120086 54.087068 252.037324 0.104162 0.991249 -0.081092 -0.947161 0.073997 -0.312105 0.303373 -0.109316 -0.946580
-0.262705 -11.890085 36.153057 190.439676 0.115937 0.990421 -0.075001 -0.905079 0.074239 -0.418713 0.409134 -0.116426 -0.905016
-0.551992 -8.362056 25.659046 151.900583 0.156675 0.982245 -0.103184 -0.969462 0.132991 -0.206048 0.188667 -0.132315 -0.973086
-0.775379 -7.588607 12.445649 -193.615857 0.187648 0.973343 -0.131874 0.973157 -0.166019 0.159381 0.133239 -0.158242 -0.978370
-3.302876 -10.536786 -48.038027 -119.231261 0.152243 0.988168 -0.018576 0.986326 -0.150706 0.066694 -0.063105 0.028476 0.997601
-2.150827 -11.221056 65.213366 -95.013631 -0.120551 -0.992377 -0.025598 0.992499 -0.121014 0.017382 -0.020347 -0.023311 0.999521
-3.042462 -11.327935 -54.722600 -104.977420 0.189126 0.981861 -0.013399 0.978698 -0.189592 -0.078778 0.079890 -0.001785 0.996802
-3.861067 -11.007438 49.489183 -100.643712 -0.202897 -0.977080 0.064397 0.977807 -0.205677 -0.039881 0.052212 0.054876 0.997127
-3.972330 -9.728687 -59.763012 -123.874252 0.232487 0.971114 -0.053730 0.968367 -0.225974 0.105837 -0.090639 0.076636 0.992931
-4.073617 -9.375807 -45.912162 -72.550528 0.159961 0.985859 -0.049941 0.972625 -0.148771 0.178513 -0.168559 0.077129 0.982669
-1.243439 -9.654520 -8.349202 -26.842545 0.077602 0.996984 0.000980 0.190591 -0.013870 -0.981572 0.978598 -0.076359 0.191092
-1.299371 -9.086204 -1.727880 -19.636837 0.032675 0.999458 0.004118 0.188827 -0.002127 -0.982008 0.981467 -0.032865 0.188794
-1.135302 -9.036569 -3.006066 -45.723691 0.056048 0.997476 0.043597 0.407316 0.017024 -0.913129 0.911566 -0.068937 0.405333
-1.106731 -9.537005 -5.111193 -53.431233 0.094526 0.995032 0.031257 0.408514 -0.010138 -0.912696 0.907844 -0.099042 0.407442
-1.028297 -24.048834 5.786265 -18.482540 -0.314580 0.911489 -0.265003 -0.551710 0.051610 0.832437 -0.772435 -0.408073 -0.486643
-0.774924 -23.928244 -14.634277 24.578088 -0.341102 0.900643 -0.269241 -0.536465 0.048689 0.842517 -0.771917 -0.431823 -0.466555
-1.116727 -22.904743 8.383761 28.122877 -0.319772 0.913994 -0.249720 -0.385854 0.115095 0.915352 -0.865369 -0.389059 -0.315864
-0.575566 -24.680223 -10.702189 1.878299 -0.327926 0.900249 -0.286387 -0.703605 -0.030450 0.709939 -0.630401 -0.434310 -0.643404
-1.205182 -22.725144 0.920683 137.741005 -0.317785 0.915256 -0.247628 -0.304430 0.148847 0.940833 -0.897962 -0.374368 -0.231330
-0.865985 -24.433497 -18.800229 -16.240984 -0.312890 0.905008 -0.288203 -0.722622 -0.029910 0.690596 -0.616374 -0.424342 -0.663337
-1.113801 -23.883520 -16.791930 17.807498 -0.314477 0.909220 -0.272807 -0.571713 0.048010 0.819048 -0.757792 -0.413539 -0.504715
0.074646 -11.741620 -13.991780 40.662803 -0.106578 0.989611 -0.096490 -0.942894 -0.069790 0.325700 -0.315582 -0.125693 -0.940537
0.610619 -13.033530 -31.284334 -56.098884 -0.068947 0.992207 -0.103790 -0.942648 -0.030736 0.332369 -0.326589 -0.120753 -0.937421
0.417209 -13.171192 -4.333408 -188.666146 -0.137020 0.987437 -0.078705 -0.906028 -0.092812 0.412916 -0.400424 -0.127887 -0.907362
-1.357965 -6.193145 54.504499 -90.245033 0.585202 -0.517352 0.624409 0.737758 0.659264 -0.145203 -0.336529 0.545636 0.767483
-1.834718 -7.635735 45.993774 -111.817453 0.590096 -0.520398 0.617230 0.768520 0.596282 -0.231999 -0.247311 0.611256 0.751800
-1.783753 -7.776957 22.777384 -96.607059 0.613835 -0.472481 0.632431 0.746531 0.607923 -0.270409 -0.256706 0.638116 0.725886
-1.683609 -6.416224 21.140635 -88.013246 0.593372 -0.480019 0.646136 0.722849 0.670922 -0.165388 -0.354117 0.565195 0.745088
-1.927875 -7.962838 -1.759347 -85.811019 0.607261 -0.447505 0.656485 0.749677 0.596360 -0.286947 -0.263092 0.666404 0.697631
-2.038180 -9.872426 -32.576488 -107.061440 0.599726 -0.457259 0.656691 0.787037 0.485331 -0.380825 -0.144577 0.745230 0.650945
-1.071150 -31.236626 -57.369117 662.830067 -0.204567 0.978694 -0.017627 0.947071 0.193341 -0.256274 0.247405 0.069119 0.966444
0.175703 -44.597552 -87.616662 1337.700462 -0.170962 0.985234 0.009238 0.980782 0.169280 0.097011 -0.094015 -0.025645 0.995240
-0.137011 -44.208848 -113.100611 1079.360138 -0.123156 0.991358 0.045193 0.987379 0.126977 -0.094652 0.099572 -0.032965 0.994484
-0.859632 -30.564507 -78.143922 208.457895 -0.214420 0.975016 0.058035 0.892272 0.219701 -0.394440 0.397335 0.032792 0.917087
5.891514 -6.145540 7.841332 36.689163 0.011678 0.989455 -0.144370 0.622428 -0.120191 -0.773393 0.782590 0.080828 0.617268
4.850055 -6.034373 -191.443261 34.708173 0.092291 0.993861 -0.061011 0.635738 -0.105973 -0.764596 0.766368 -0.031778 0.641616
5.809267 -6.649794 -49.233539 35.916102 0.026735 0.994450 -0.101761 0.707546 -0.090736 -0.700818 0.706161 0.053264 0.706045
5.065806 -5.284002 -147.759497 43.287342 0.087907 0.990589 -0.104905 0.551168 -0.136092 -0.823221 0.829751 -0.014546 0.557945
5.668397 -6.800562 134.048401 31.371538 -0.057993 0.981704 -0.181367 0.700196 -0.089497 -0.708319 0.711592 0.168070 0.682195
5.351509 -6.348660 173.968554 31.617422 -0.078635 0.972351 -0.219886 0.613520 -0.126649 -0.779457 0.785754 0.196197 0.586598
5.645561 -5.440221 48.097928 42.532392 0.002120 0.981919 -0.189291 0.536773 -0.160828 -0.828256 0.843724 0.099850 0.527409
-0.596293 -5.991130 66.119239 -2.264956 0.368375 0.925316 -0.089943 0.775704 -0.252597 0.578341 -0.512428 0.282815 0.810822
-0.605679 -5.922045 85.711644 7.055980 0.331586 0.935701 -0.120476 0.841219 -0.235434 0.486747 -0.427085 0.262745 0.865195
1.190046 -6.077667 134.957834 -6.120884 0.315149 0.938254 -0.142689 0.788535 -0.175209 0.589504 -0.528105 0.298297 0.795063
-1.643810 -5.823946 15.799646 16.496274 0.399200 0.915881 -0.042436 0.820218 -0.336054 0.462937 -0.409735 0.219612 0.885375
1.021534 -5.911447 108.254555 -15.583897 0.338177 0.933235 -0.121277 0.722419 -0.174847 0.668983 -0.603114 0.313848 0.733316
-0.564919 -5.982042 54.181511 -14.604342 0.392167 0.917755 -0.062690 0.707050 -0.257131 0.658760 -0.588461 0.302669 0.749737
-1.393586 -6.027450 15.988561 5.435399 0.423942 0.905570 -0.014690 0.759076 -0.346419 0.551178 -0.494042 0.244818 0.834258
-1.260180 -8.719532 -20.429584 -44.762342 -0.006234 0.999941 0.008848 0.805113 0.010267 -0.593033 0.593089 -0.003426 0.805130
-0.826243 -8.214477 -6.682813 -40.806947 0.006043 0.999935 0.009654 0.823498 0.000501 -0.567319 0.567287 -0.011378 0.823441
-1.033188 -8.922651 -14.210334 -15.986779 -0.037801 0.998620 0.036463 0.677767 0.052435 -0.733405 0.734304 0.003010 0.678814
-0.621567 -8.491272 -22.465171 22.475323 -0.056706 0.994866 0.083826 0.516751 0.101087 -0.850147 0.854256 0.004891 0.519830
-1.119841 -8.686122 -18.687920 40.242899 -0.067608 0.996523 0.048703 0.484279 0.075456 -0.871654 0.872298 0.035345 0.487696
1.823493 -24.957327 70.372188 669.220803 -0.048749 0.973176 0.224836 -0.963803 0.013242 -0.266287 0.262122 0.229679 -0.937305
1.995940 -17.714116 84.555038 -317.391884 -0.069379 0.973291 0.218839 0.995942 0.054971 0.071260 0.057327 0.222894 -0.973156
2.999863 -23.066995 8.282085 800.389675 -0.002999 0.988578 0.150681 -0.971582 0.032784 -0.234423 0.236686 0.147102 -0.960386
-0.056690 -18.904082 125.304857 -225.618654 -0.084848 0.961975 0.259626 0.993846 0.063084 0.091054 0.071213 0.265754 -0.961407
3.300758 -35.301273 -37.682966 1784.369539 0.027299 0.986246 0.163013 -0.884815 0.099721 -0.455147 0.465143 0.131811 -0.875367
0.297958 -24.858588 96.554407 457.127525 -0.119456 0.962858 0.242146 -0.949766 -0.039764 -0.310425 0.289267 0.267064 -0.919240
2.037946 -39.297431 42.919759 1752.090411 -0.055920 0.968842 0.241286 -0.875234 0.068724 -0.478792 0.480456 0.237956 -0.844120
1.747716 -14.248538 151.967188 -637.690918 -0.167491 0.025629 0.985540 0.911884 -0.375932 0.164749 0.374719 0.926293 0.039595
5.350680 -35.692019 -209.940894 1242.752232 0.666969 -0.092651 0.739303 -0.498634 0.681783 0.535290 0.553639 0.725663 -0.408530
-3.935275 -15.084779 165.669984 -775.878263 -0.214329 0.053862 0.975275 0.878800 -0.425195 0.216610 0.426349 0.903498 0.043798
-5.468523 -14.980842 -280.112009 -516.926962 0.342831 -0.257663 0.903370 0.835900 -0.355127 -0.418517 0.428647 0.898607 0.093631
-4.172881 -16.737239 46.993010 -735.344097 0.209535 -0.238564 0.948252 0.874141 -0.388849 -0.290987 0.438146 0.889878 0.127061
0.151812 -9.881195 32.937146 372.401956 0.839469 -0.514056 0.176177 -0.221664 -0.027927 0.974723 0.496142 0.857302 0.137392
3.863591 -10.421747 -63.582177 -228.282432 0.694156 -0.668495 0.266949 0.719625 0.635743 -0.279234 0.016955 0.385935 0.922370
2.626611 -11.908029 -57.025714 103.425690 0.742784 -0.604894 0.287011 -0.663148 -0.605623 0.439836 0.092234 0.517034 0.850981
5.758311 -12.306366 -77.854156 -198.655207 0.671431 -0.700472 0.241906 0.711798 0.518752 -0.473540 0.206213 0.490138 0.846901
6.217318 -10.532918 -64.185765 -233.106910 0.593417 -0.780131 0.198121 0.796841 0.534671 -0.281375 0.113580 0.324844 0.938923
3.996992 -8.152686 -49.545033 -199.341832 0.636038 -0.741852 0.212391 0.771657 0.611640 -0.174477 -0.000471 0.274867 0.961482
2.106922 -9.935209 9.595115 -58.982614 0.994808 -0.054533 0.085924 0.093469 0.155650 -0.983380 -0.040252 -0.986306 -0.159939
1.711846 -12.965130 -9.663568 468.321083 0.979048 -0.068597 0.191729 0.196490 0.071090 -0.977925 -0.053453 -0.995108 -0.083079
1.365567 -12.007879 42.688154 -100.963040 0.988943 -0.025712 0.146049 0.148150 0.127733 -0.980681 -0.006560 -0.991475 -0.130130
1.864157 -13.374680 77.136319 -362.425095 0.999505 0.024417 0.019847 0.013255 0.245311 -0.969354 0.028537 -0.969137 -0.244866
2.750020 -11.068303 49.464872 -263.597270 0.998533 -0.023398 -0.048828 -0.040631 0.272259 -0.961366 -0.035788 -0.961940 -0.270909
-9.049038 -11.515772 76.374480 90.003503 -0.071307 0.969850 0.233036 -0.377334 0.190040 -0.906369 0.923328 0.152563 -0.352406
-8.172515 -13.485503 -41.772731 257.583659 0.211837 0.778464 0.590863 -0.319321 0.626534 -0.710978 0.923666 0.038064 -0.381303
-6.821005 -9.818470 26.329523 78.332770 -0.333602 0.919906 -0.206112 -0.366670 -0.328037 -0.870600 0.868483 0.214859 -0.446736
3.631231 -11.880256 110.724783 486.125253 0.575995 0.793150 0.197844 -0.444348 0.506934 -0.738629 0.686138 -0.337535 -0.644426
3.079890 -15.055317 51.938080 468.983980 0.574169 0.805547 0.146372 -0.375112 0.417732 -0.827521 0.727751 -0.420231 -0.542019
2.395444 -12.999978 0.689184 295.767979 0.539865 0.831875 0.128568 -0.355521 0.363787 -0.860967 0.762988 -0.419097 -0.492145
3.280022 -11.484701 -47.712373 201.330909 0.482109 0.864497 0.142182 -0.380154 0.352633 -0.855063 0.789337 -0.358183 -0.498649
-5.827153 -9.727573 -10.996816 22.678931 0.238734 0.968563 0.069946 -0.551476 0.075937 0.830727 -0.799300 0.236897 -0.552268
-5.699739 -9.712468 -22.345297 -7.464590 0.249365 0.968085 0.025081 -0.665865 0.152597 0.730300 -0.703165 0.198812 -0.682666
-5.529127 -9.794626 -18.400807 8.001937 0.156929 0.987602 0.003927 -0.565680 0.086625 0.820062 -0.809555 0.130913 -0.572261
-5.559457 -9.726201 -12.235341 42.859553 0.137578 0.990206 0.023762 -0.430150 0.038121 0.901952 -0.892213 0.134310 -0.431182
-5.887395 -9.452557 -13.314358 28.633685 0.224898 0.969290 0.099483 -0.426959 0.006257 0.904249 -0.875858 0.245839 -0.415255
0.535826 -6.228947 28.715810 -19.753221 -0.165390 0.982758 -0.082662 -0.854415 -0.100919 0.509696 -0.492566 -0.154926 -0.856374
0.472901 -6.295874 17.894485 -15.383511 -0.162865 0.982824 -0.086784 -0.847499 -0.094316 0.522350 -0.505193 -0.158622 -0.848303
0.521850 -6.580004 18.674692 -25.377169 -0.171798 0.981142 -0.088580 -0.783493 -0.081574 0.616023 -0.597180 -0.175233 -0.782732
0.311437 -6.609002 -31.616812 -19.608507 -0.177301 0.979581 -0.094793 -0.772344 -0.078799 0.630298 -0.609958 -0.184965 -0.770545
0.342727 -6.371150 -17.375678 -10.076084 -0.170044 0.981392 -0.089187 -0.838012 -0.096393 0.537070 -0.518479 -0.166065 -0.838810
-0.699769 -7.847749 121.992840 -1.937741 -0.156102 0.986839 -0.042190 -0.714674 -0.083360 0.694473 -0.681816 -0.138561 -0.718281
-0.867732 -8.287765 -38.912345 0.519028 -0.238984 0.970556 -0.030118 -0.708130 -0.152975 0.689312 -0.664409 -0.186062 -0.723838
-1.865428 -8.754757 -114.490142 19.887489 -0.346992 0.937000 0.040336 -0.735337 -0.298504 0.608421 -0.582131 -0.181456 -0.792589
0.215222 -7.686656 -26.958048 18.654989 0.076024 0.981921 0.173353 0.843915 0.029233 -0.535680 0.531063 -0.187020 0.826436
-0.481404 -7.930924 -19.554583 6.890037 0.081680 0.983890 0.159025 0.894450 -0.001980 -0.447164 0.439645 -0.178764 0.880202
0.038358 -8.101656 -25.512283 7.532694 0.072128 0.982258 0.173111 0.912417 0.005122 -0.409231 0.402857 -0.187466 0.895859
2.404105 -14.924645 3.524802 -163.178994 0.115367 0.993215 0.014613 -0.090746 -0.004111 0.995866 -0.989169 0.116216 -0.089656
2.115534 -14.415520 4.718047 -135.893686 0.161807 0.986821 0.001454 -0.120911 0.018364 0.992494 -0.979387 0.160769 -0.122289
-0.864301 -5.519774 -9.218533 -30.540813 0.213598 0.976910 0.004733 0.684652 -0.146237 -0.714049 0.696870 -0.155759 0.700080
-0.632802 -6.895369 1.786584 169.225310 0.228835 0.972252 -0.048593 0.695088 -0.198140 -0.691081 0.681533 -0.124367 0.721142
-0.868348 -5.404262 14.107336 100.839495 0.252526 0.965822 -0.058465 0.635413 -0.211099 -0.742757 0.729713 -0.150416 0.667004
-1.203161 -5.773584 -14.536472 -144.949575 0.209545 0.975889 0.061086 0.660491 -0.095203 -0.744774 0.721001 -0.196410 0.664515
-1.001770 -7.100547 -15.360222 -261.433380 0.151494 0.983453 0.099345 0.690894 -0.033475 -0.722181 0.706906 -0.178042 0.684533
2.322812 -13.739706 -5.261088 38.940272 0.078022 0.994758 -0.066098 -0.940848 0.051542 -0.334885 0.329723 -0.088316 -0.939938
11.984038 -2.908196 795.922348 -391.092838 0.422585 0.894452 -0.146209 -0.845305 0.447163 0.292411 -0.326927 -0.000023 -0.945050
40.393430 -3.211302 2859.115148 -187.597219 0.144411 0.975127 -0.168146 -0.908659 0.197960 0.367629 -0.391771 -0.099697 -0.914645
604.616042 5.858953 46298.517594 461.401033 -0.311071 0.948209 -0.064303 -0.845784 -0.245341 0.473768 -0.433455 -0.201762 -0.878299
3.967529 -28.525603 -26.323051 337.831802 0.243756 0.930591 0.273100 0.953306 -0.281676 0.108937 0.178302 0.233793 -0.955798
5.584186 -25.799448 27.886654 -696.970822 0.267267 0.917180 0.295550 -0.831826 0.374423 -0.409723 0.486450 0.136340 -0.863005
5.980182 -19.525385 -199.918021 -636.171851 0.356340 0.900382 0.249670 -0.687245 0.433601 -0.582825 0.633022 -0.036100 -0.773292
-0.651010 -22.600754 19.857378 152.086157 0.022607 0.905944 0.422793 0.840581 0.211715 -0.498599 0.541215 -0.366664 0.756733
-0.890381 -24.578639 -20.447434 110.130372 -0.014603 -0.904421 -0.426391 0.943427 0.128813 -0.305537 0.331259 -0.406730 0.851374
-0.412530 -23.266207 -11.977378 174.191441 0.022102 0.888047 0.459221 0.868684 0.210309 -0.448507 0.494874 -0.408831 0.766784
-0.828087 -24.318679 -4.001936 139.934408 0.033025 0.905748 0.422529 0.883488 0.171202 -0.436050 0.467289 -0.387700 0.794563
19.557582 0.121221 -125.701065 251.812847 -0.403689 0.022018 -0.914631 0.827152 -0.418426 -0.375151 -0.390966 -0.907984 0.150702
56.145177 1.419696 2198.518703 228.603582 -0.016109 0.386761 -0.922039 0.837830 -0.498061 -0.223556 -0.545694 -0.776113 -0.316017
30.803570 -0.963934 1101.012302 203.926954 -0.151439 0.409626 -0.899596 0.814231 -0.464309 -0.348489 -0.560441 -0.785254 -0.263216
-14.794716 -43.351655 829.442356 -2405.273843 0.896585 -0.361451 -0.255906 0.282263 0.911646 -0.298714 0.341266 0.195590 0.919392
-7.375851 -69.354938 972.187789 -4919.811883 0.893075 -0.361220 -0.268212 0.268734 0.906404 -0.325904 0.360831 0.218980 0.906559
1.138392 -41.817289 -65.238838 -111.408513 -0.120948 0.949301 0.290172 -0.355902 0.231414 -0.905418 0.926664 0.212781 -0.309868
3.990318 -75.125836 -305.035515 -2009.958929 -0.160560 0.961965 0.221007 -0.206803 0.186155 -0.960510 0.965118 0.199925 -0.169048
0.680987 -49.047557 -81.276961 434.486723 -0.125276 0.949375 0.288085 -0.557768 0.172744 -0.811822 0.820488 0.262387 -0.507890
0.306633 -41.215899 16.261477 -290.957536 -0.130611 0.936720 0.324802 -0.554032 0.202722 -0.807435 0.822186 0.285411 -0.492495
1.208141 -40.223168 -65.117598 -210.439953 -0.096663 0.981746 0.163801 -0.174421 -0.178733 0.968314 -0.979915 -0.065030 -0.188514
-0.335773 -37.126130 -95.801140 -839.551627 -0.106003 0.986058 0.128267 -0.579960 -0.166090 0.797534 -0.807719 -0.010151 -0.589481
-0.856829 -38.463708 -55.519363 -977.224209 -0.093288 0.984390 0.149247 -0.796386 -0.163741 0.582201 -0.597550 0.064546 -0.799230
2.238753 -639.192828 -161.811863 43504.644456 -0.099505 0.994994 0.009223 0.924013 0.088960 0.371869 -0.369188 -0.045525 0.928239
-34.848686 -1671.884189 -615.816274 64612.102840 0.084068 -0.992667 -0.086866 0.993809 0.077170 0.079931 -0.072641 -0.093048 0.993008
13.381450 -317.227695 880.321294 -17011.991270 -0.009291 0.999491 0.030526 0.118148 -0.029216 0.992566 -0.992953 -0.012829 0.117816
-24.383578 -2373.398420 378.544319 52461.370974 -0.190043 0.978761 -0.076877 -0.070307 0.064535 0.995436 -0.979255 -0.194580 -0.056550
-1.662601 -3.854896 45.532223 26.963809 -0.247105 0.946428 0.207875 -0.543419 0.042265 -0.838397 0.802269 0.320136 -0.503863
0.197022 -13.791977 -11.067310 -33.819340 -0.001281 0.990402 0.138210 0.019180 -0.138160 0.990224 -0.999815 -0.003919 0.018819
0.257925 -13.922661 -38.820104 96.295835 -0.024102 0.995135 0.095532 -0.120249 -0.097752 0.987919 -0.992451 -0.012324 -0.122020
0.495546 -13.968371 -1.660585 81.451389 0.004781 0.992261 0.124075 -0.163793 -0.121623 0.978969 -0.986483 0.025003 -0.161944
0.193884 -13.069256 -35.157216 41.011940 -0.035396 0.996880 0.070554 -0.343260 -0.078431 0.935960 -0.938573 -0.008911 -0.344965
0.367092 -12.872319 -42.125246 81.029884 -0.039793 0.994306 0.098849 -0.163505 -0.104074 0.981038 -0.985740 -0.022876 -0.166716
-0.027650 -12.499455 -37.392154 62.540410 -0.036547 0.993769 0.105294 -0.283307 -0.111345 0.952544 -0.958333 -0.004983 -0.285611
0.154427 -12.489855 -33.722687 55.440496 -0.039411 0.993507 0.106728 -0.116700 -0.110656 0.986983 -0.992385 -0.026443 -0.120303
5.570189 -18.676223 56.224310 -454.773629 0.555893 0.830807 -0.027240 0.164893 -0.142330 -0.975988 0.814735 -0.538053 0.216114
4.873965 -19.220477 72.242389 49.395003 0.581627 0.812550 0.038370 -0.078953 0.103335 -0.991508 0.809615 -0.573658 -0.124256
9.492781 -22.565569 402.998619 -410.357635 0.562214 0.823421 0.076768 0.149211 -0.009696 -0.988758 0.813419 -0.567348 0.128315
9.669493 -20.395552 347.496806 -628.325292 0.573708 0.819049 -0.004341 0.313305 -0.224347 -0.922772 0.756769 -0.528041 0.385322
14.418394 -23.747815 485.276372 -675.577765 0.625797 0.775435 0.084138 0.330074 -0.165543 -0.929326 0.706703 -0.609341 0.359547
2.099761 -3.779502 2.383935 39.207975 0.134000 0.989424 -0.055540 -0.648808 0.045230 -0.759606 0.749060 -0.137822 -0.648007
2.190376 -3.405181 10.235644 23.095741 0.194800 0.980746 0.013815 -0.672647 0.143829 -0.725850 0.713862 -0.132103 -0.687714
1.940020 -4.297760 -5.428835 40.087630 0.155315 0.984087 -0.086311 -0.660821 0.038554 -0.749553 0.734298 -0.173452 -0.656293
2.073859 -2.861666 5.826037 23.466769 0.168672 0.985063 0.034659 -0.661964 0.139261 -0.736485 0.730311 -0.101281 -0.675565
2.099189 -3.361568 -5.138445 45.847129 0.105794 0.993719 -0.036467 -0.641732 0.040215 -0.765874 0.759597 -0.104426 -0.641955
-308.356047 -926.828572 30278.240650 84831.632809 -0.962239 0.036984 -0.269683 0.042820 0.998958 -0.015788 0.268818 -0.026739 -0.962820
-881.717626 -6677.897808 73447.937231 684476.261385 -0.777824 0.442730 -0.446072 -0.039839 0.673601 0.738021 0.627218 0.591821 -0.506305
1.159530 -18.450731 -36.197817 248.655037 -0.143273 0.980902 -0.131545 -0.651823 0.006492 0.758344 -0.744715 -0.194394 -0.638444
0.752339 -16.425027 -25.306063 245.325775 -0.139208 0.980961 -0.135410 -0.525205 0.042787 0.849900 -0.839513 -0.189430 -0.509249
0.444567 -17.310787 -19.600571 138.571816 -0.134450 0.976440 -0.168784 -0.674999 0.034454 0.737014 -0.725465 -0.213021 -0.654464
0.090461 -16.793423 -7.527327 68.397492 -0.123096 0.975031 -0.184831 -0.685718 0.051066 0.726074 -0.717383 -0.216119 -0.662310
0.158094 -17.387394 -12.080259 67.986088 -0.112953 0.973876 -0.196998 -0.804274 0.026804 0.593654 -0.583425 -0.225495 -0.780235
-0.297695 -23.483137 82.446860 206.964966 0.844970 -0.268833 -0.462335 0.255806 0.962335 -0.092052 0.469668 -0.040487 0.881914
0.241760 -25.661032 59.834808 95.795508 0.871757 -0.162924 -0.462055 0.288136 0.933244 0.214556 0.396254 -0.320175 0.860506
8.432147 -10.593798 106.790179 -168.677268 0.497085 0.823417 -0.273662 0.271384 -0.447100 -0.852322 0.824171 -0.349409 0.445709
12.017359 -14.389784 475.655475 -409.216911 0.554550 0.826961 -0.092789 0.391510 -0.357671 -0.847816 0.734299 -0.433829 0.522110
8.761118 -9.753509 374.181028 -37.892649 0.472164 0.834193 -0.284925 0.368063 -0.480264 -0.796164 0.800994 -0.271050 0.533799
16.336671 -10.416509 592.467254 -164.347016 0.586624 0.799105 -0.131543 0.458530 -0.461612 -0.759384 0.667549 -0.385157 0.637206
