10541
21071
-3.909245 -6.170204 -5.217808 -52.597563 -0.604384 0.556195 -0.570410 0.776975 0.253192 -0.576371 -0.176152 -0.791543 -0.585175
-2.853700 -5.588128 -28.739876 -71.704819 -0.648385 0.441926 -0.619918 0.729122 0.126182 -0.672651 -0.219039 -0.888132 -0.404033
-3.570514 -4.773808 3.612754 -40.223465 0.803623 -0.464671 0.371850 0.528251 0.269143 -0.805303 -0.274120 -0.843589 -0.461752
-2.860541 -4.026876 12.365997 -35.223044 0.798335 -0.407013 0.443848 0.533219 0.135201 -0.835104 -0.279890 -0.903361 -0.324963
-3.686824 -5.401738 -24.120766 -29.455830 0.873083 -0.443487 0.202596 0.425792 0.491077 -0.759964 -0.237544 -0.749775 -0.617584
-3.066046 -4.872254 2.391806 -33.188747 0.923026 -0.384734 0.001396 0.211520 0.504426 -0.837146 -0.321374 -0.773003 -0.546978
-2.950408 -4.121595 7.159775 -24.421938 0.934065 -0.297876 -0.196957 -0.035421 0.471537 -0.881135 -0.355341 -0.830014 -0.429895
-4.292353 -4.740690 -13.652603 4.614610 -0.078477 0.326738 0.941851 -0.186306 0.923314 -0.335830 -0.979353 -0.201827 -0.011585
-4.103380 -4.667791 -14.034876 2.911820 -0.150095 0.482490 0.862945 -0.317583 0.803047 -0.504238 -0.936276 -0.349740 0.032697
-4.367391 -4.852043 2.348284 -1.502542 0.195747 -0.022618 0.980394 -0.173334 0.983195 0.057291 -0.965214 -0.181150 0.188537
-4.423400 -4.932835 4.121601 -4.074875 0.167209 -0.245426 0.954886 0.018884 0.969141 0.245783 -0.985741 -0.023065 0.166684
-4.395762 -4.802516 -9.925905 -5.592484 -0.046791 0.080272 0.995674 -0.052314 0.995201 -0.082693 -0.997534 -0.055957 -0.042367
-0.680844 -3.434674 -1.336618 25.866860 0.922701 -0.230293 -0.309175 -0.153975 0.515090 -0.843193 -0.353434 -0.825620 -0.439815
-0.812169 -2.587845 -0.697232 19.188696 0.933938 -0.278414 -0.224154 -0.020028 0.585372 -0.810517 -0.356873 -0.761462 -0.541125
-0.945896 -3.815792 -7.587968 24.653983 0.932283 -0.238828 -0.271678 -0.128420 0.483608 -0.865813 -0.338166 -0.842072 -0.420190
-0.478844 -4.314950 -6.526057 33.335951 0.910841 -0.234671 -0.339555 -0.219158 0.422153 -0.879635 -0.349769 -0.875624 -0.333084
-0.367646 -3.482941 -10.399656 32.508523 0.883178 -0.219380 -0.414571 -0.253055 0.521333 -0.814969 -0.394917 -0.824672 -0.404915
-0.717384 -4.641649 -5.003384 27.211151 0.932892 -0.226554 -0.279975 -0.187931 0.356937 -0.915029 -0.307237 -0.906239 -0.290407
-0.368395 -3.865936 -18.201916 0.210162 0.822596 -0.334669 0.459708 0.424967 0.898985 -0.105967 -0.377807 0.282529 0.881725
-0.617921 -3.966371 -24.005709 0.091552 0.827452 -0.314334 0.465314 0.357187 0.934023 -0.004211 -0.433291 0.169689 0.885136
-0.863084 -3.943295 -7.888106 4.085383 0.841371 -0.330965 0.427267 0.417894 0.899718 -0.125984 -0.342723 0.284552 0.895305
-0.416541 -3.775652 -5.114288 -8.255940 0.842438 -0.326175 0.428846 -0.454127 -0.858175 0.239383 -0.289944 0.396416 0.871084
0.106090 -3.725983 -16.719623 -4.511705 0.823101 -0.335580 0.458139 -0.466322 -0.859813 0.208002 -0.324113 0.384847 0.864201
-0.741366 -2.500173 6.878199 54.064949 0.973253 -0.063585 0.220760 0.216814 0.571939 -0.791124 0.075958 -0.817828 -0.570427
-1.178254 -3.296548 -5.550985 29.535245 0.945982 -0.140021 0.292426 0.323814 0.453187 -0.830521 0.016233 -0.880350 -0.474048
-0.831454 -2.540798 -22.599170 43.195357 0.914563 -0.229166 0.333253 0.404443 0.518942 -0.753077 0.000359 -0.823518 -0.567289
-0.514947 -1.643387 -6.151591 42.504255 0.946832 -0.151071 0.284053 0.315517 0.608656 -0.728002 0.062911 -0.778919 -0.623961
-0.761433 -9.798536 0.204605 10.670765 0.845962 -0.191857 0.497534 -0.193308 0.759228 0.621454 0.496972 0.621904 -0.605190
-0.758741 -9.192377 0.030097 -40.998256 -0.842184 0.178781 -0.508689 -0.081031 0.890749 0.447213 0.533067 0.417855 -0.735688
-0.718650 -9.165852 -6.538773 -0.597498 0.869545 -0.173195 0.462489 -0.152683 0.796328 0.585277 0.469660 0.579539 -0.665999
-0.651016 -9.051205 -6.462151 17.385144 0.876307 -0.194282 0.440841 -0.224755 0.644514 0.730812 0.426112 0.739497 -0.521126
-0.667096 -9.478305 0.606073 28.383816 0.850576 -0.208885 0.482584 -0.282662 0.592242 0.754554 0.443422 0.778214 -0.444703
-0.066031 -7.471932 6.908375 24.250657 0.876806 -0.330198 0.349543 -0.367217 0.009470 0.930087 0.310423 0.943864 0.112951
-0.425087 -6.926978 9.140667 28.049620 0.879988 -0.334382 0.337357 -0.361035 -0.009329 0.932505 0.308666 0.942391 0.128933
-0.113199 -6.897171 6.627212 11.269685 0.891060 -0.327576 0.314175 -0.379445 -0.157791 0.911660 0.249064 0.931556 0.264898
0.136730 -7.620351 2.567623 9.619034 0.897217 -0.307171 0.317249 -0.373255 -0.143626 0.916544 0.235970 0.940754 0.243516
-0.327693 -6.458607 7.849065 -6.013455 0.904769 -0.319931 0.281134 -0.381020 -0.313079 0.869946 0.190306 0.894218 0.405165
-0.019772 -7.006887 4.769508 -10.868806 0.906546 -0.311329 0.285042 -0.378885 -0.302499 0.874609 0.186066 0.900871 0.392187
0.435658 -2.295138 -4.023971 -13.610934 0.860542 0.018076 0.509059 0.451781 -0.488712 -0.746361 -0.235292 -0.872258 0.428724
0.518608 -2.121149 -19.155235 -9.258490 0.797280 0.038922 0.602353 0.542031 -0.485282 -0.686079 -0.265608 -0.873491 0.408002
1.215959 -1.563502 -30.277136 -9.924782 0.872737 -0.052926 0.485314 0.377879 -0.556170 -0.740191 -0.309093 -0.829381 0.465391
1.196401 -1.982308 -24.862361 -15.106578 0.937160 -0.094169 0.335952 0.238761 -0.529021 -0.814328 -0.254410 -0.843368 0.473293
0.389194 -2.587092 -16.995164 -19.354076 0.949402 -0.109465 0.294368 0.212086 -0.467829 -0.857995 -0.231635 -0.877014 0.420942
-0.032490 -2.588851 -2.713536 -15.043349 0.902438 -0.022553 0.430230 0.376265 -0.445132 -0.812577 -0.209835 -0.895181 0.393218
-0.319834 -2.700033 11.820280 -11.996753 0.869768 0.028411 0.492643 0.461733 -0.399063 -0.792181 -0.174089 -0.916483 0.360211
0.308371 -1.912376 -9.162800 9.097898 0.855125 -0.348927 0.383421 0.273701 0.931977 0.237712 -0.440284 -0.098331 0.892458
0.400997 -1.990229 -2.606268 9.945077 0.869309 -0.345182 0.353768 0.261627 0.928598 0.263169 -0.419349 -0.136220 0.897547
0.207726 -2.340418 -8.655991 12.974152 0.862896 -0.311325 0.398104 0.204913 0.935601 0.287508 -0.461975 -0.166513 0.871121
0.451618 -1.707109 -1.458067 4.629099 0.873132 -0.343795 0.345608 0.284792 0.935137 0.210743 -0.395643 -0.085580 0.914408
-0.047034 -2.312100 -10.267434 9.246805 0.853241 -0.329969 0.403856 0.236184 0.934912 0.264871 -0.464969 -0.130614 0.875639
0.324727 -1.696433 -8.330350 3.255769 0.846235 -0.385355 0.367951 0.330931 0.921372 0.203858 -0.417577 -0.050746 0.907223
0.028887 -1.956841 -11.251178 5.661631 0.829257 -0.403378 0.386806 0.336873 0.913039 0.229949 -0.445925 -0.060382 0.893031
0.180937 -2.863131 2.609136 24.993589 0.884379 -0.344708 0.314722 0.326966 -0.023695 -0.944739 -0.333116 -0.938411 -0.091752
0.356625 -2.107500 1.298593 19.713586 0.874375 -0.348670 0.337487 0.376689 0.049282 -0.925028 -0.305897 -0.935949 -0.174431
0.208057 -3.090787 4.964848 23.856955 0.902017 -0.340427 0.265470 0.271986 -0.029393 -0.961852 -0.335243 -0.939811 -0.066078
0.055269 -3.765770 3.965993 20.531044 0.900521 -0.341214 0.269509 0.223405 -0.168671 -0.960021 -0.373031 -0.924728 0.075663
0.098687 -3.840136 4.517789 15.602106 0.908756 -0.340552 0.241222 0.179149 -0.203708 -0.962501 -0.376920 -0.917893 0.124111
0.168077 -3.289203 -0.917365 18.590847 0.901529 -0.363245 0.235157 0.226397 -0.067178 -0.971716 -0.368768 -0.929269 -0.021675
-1.729504 -12.676201 -5.665766 70.075096 0.735760 -0.468196 0.489336 -0.414971 0.259347 0.872089 0.535216 0.844708 0.003471
-1.420048 -15.481524 -10.821148 34.829870 0.742717 -0.417786 0.523284 -0.291336 0.502017 0.814311 0.602905 0.757254 -0.251140
-1.677542 -14.749726 -21.869924 34.049222 0.749655 -0.384593 0.538614 -0.524153 0.151874 0.837972 0.404080 0.910507 0.087733
1.005042 -2.523697 2.566627 -16.825940 0.936263 -0.237700 0.258670 0.331706 0.355699 -0.873756 -0.115683 -0.903868 -0.411874
1.197139 -2.898841 5.802570 -8.728505 0.918284 -0.228177 0.323560 0.394098 0.448398 -0.802263 -0.037974 -0.864219 -0.501680
1.034870 -2.987810 -1.459121 -1.837782 0.918739 -0.272244 0.286011 0.388896 0.498376 -0.774843 -0.068406 -0.823106 -0.563752
-14.295425 -223.081378 -234.268949 3250.329262 0.755364 -0.651994 -0.065794 0.470224 0.469353 0.747393 0.456415 0.595492 -0.661116
-60.752225 -369.309237 -1004.939990 -2524.155983 0.776040 -0.628042 -0.057669 0.512746 0.681518 -0.522135 -0.367225 -0.375629 -0.850911
-89.793709 -1975.764956 367.155545 -27261.433744 -0.646552 0.761702 0.042192 0.722242 0.593374 0.355349 0.245634 0.260225 -0.933781
0.055477 -7.554580 9.030077 16.309792 0.827528 -0.250691 0.502345 0.169702 0.964608 0.201823 -0.535161 -0.081765 0.840783
0.229474 -8.336763 5.491678 20.041978 0.816196 -0.281155 0.504753 0.247705 0.959534 0.133931 -0.521983 0.015716 0.852811
0.199423 -7.382494 5.725940 2.456755 0.815673 -0.297841 0.495952 0.334642 0.942218 0.015471 -0.471903 0.153347 0.868212
-0.068766 -7.546063 4.240181 6.792421 0.813939 -0.272342 0.513160 0.264244 0.960203 0.090470 -0.517377 0.061963 0.853512
-1.406002 -4.577902 -14.789699 -3.054252 0.966742 -0.193123 -0.167672 -0.157914 0.064968 -0.985313 -0.201179 -0.979021 -0.032310
-1.760833 -4.590481 -18.219320 10.269816 0.958916 -0.177926 -0.220958 -0.175124 0.241494 -0.954469 -0.223185 -0.953951 -0.200414
-2.053124 -4.177579 -17.157712 -14.329037 0.987333 -0.135667 -0.082264 -0.082215 0.005969 -0.996597 -0.135696 -0.990737 0.005260
-0.232539 -11.528849 2.960717 -57.826108 0.950177 -0.023842 0.310798 0.297819 -0.224908 -0.927750 -0.092020 -0.974088 0.206601
-0.273385 -10.165299 1.963421 -80.100536 0.956187 -0.043071 0.289572 0.228317 -0.509400 -0.829689 -0.183244 -0.859452 0.477247
-0.309314 -11.270764 1.457841 -67.532965 0.946827 -0.040735 0.319155 0.300644 -0.241293 -0.922708 -0.114596 -0.969597 0.216216
0.368789 -26.212869 13.280204 353.348380 0.921605 -0.245527 0.300602 -0.357139 -0.233191 0.904474 0.151975 0.940924 0.302598
-0.137313 -24.731426 -11.925051 271.896828 0.925537 -0.177158 0.334659 -0.377582 -0.365218 0.850910 0.028522 0.913910 0.404914
0.767804 -51.714727 8.276797 1299.991327 0.907758 -0.288507 0.304531 -0.419302 -0.602063 0.679490 0.012691 0.744503 0.667499
0.854134 -36.382270 20.642891 650.000928 0.912790 -0.298703 0.278552 -0.375735 -0.346757 0.859408 0.160118 0.889121 0.428750
0.982078 -27.039014 20.087079 479.134956 0.940140 -0.264053 0.215435 -0.339625 -0.778130 0.528364 -0.028120 0.569903 0.821231
-7.094886 -12.785843 -177.931165 -201.139783 0.827483 0.077763 0.556080 0.021344 0.985291 -0.169545 -0.561085 0.152165 0.813652
-4.966317 -58.569634 -12.359540 -1372.967921 0.142225 0.988472 0.051923 0.850891 -0.148893 0.503801 -0.505724 0.027473 0.862258
-10.090234 -78.935386 -75.271549 -1664.629827 -0.001977 0.989735 -0.142903 0.897590 0.064752 0.436050 -0.440827 0.127407 0.888504
-13.320205 -35.842754 -305.203690 -780.510376 0.808664 -0.204413 0.551614 0.314198 0.942819 -0.111230 -0.497336 0.263263 0.826650
-11.617874 -34.060744 99.270713 -628.442646 0.056031 -0.991187 0.120040 0.997301 0.049848 -0.053912 0.047453 0.122736 0.991304
-22.814222 -34.382559 333.400656 -720.024935 -0.001782 -0.943442 0.331532 0.961646 0.089319 0.259343 -0.274287 0.319279 0.907098
-3.999771 -5.726861 -1.669383 6.267497 -0.871096 -0.146073 -0.468887 -0.214053 0.972212 0.094790 0.442011 0.182938 -0.878157
-4.314361 -5.806692 -9.294025 38.646421 0.904368 0.104239 0.413827 -0.242589 0.923367 0.297562 0.351096 0.369496 -0.860351
-3.360709 -5.894843 -11.874526 37.308460 -0.822112 -0.126754 -0.555037 -0.300885 0.924362 0.234569 0.483322 0.359844 -0.798068
-4.641642 -5.480553 23.812909 -8.245203 -0.956056 -0.005399 -0.293133 -0.052521 0.986810 0.153123 0.288440 0.161790 -0.943730
-2.108101 -4.795342 -78.160996 -50.070546 -0.737005 0.264920 -0.621805 0.183867 0.963872 0.192726 0.650397 0.027710 -0.759089
-3.109520 -4.926696 -23.607793 -10.404879 -0.777230 0.500724 -0.381037 0.461631 0.865274 0.195440 0.427563 -0.023997 -0.903667
-4.501309 -4.948994 -11.863039 7.345879 0.220099 0.469387 0.855121 0.690850 0.543881 -0.476361 -0.688681 0.695607 -0.204569
-4.598505 -5.035579 2.553692 3.988622 0.514784 0.449984 0.729734 0.529978 0.502029 -0.683440 -0.673885 0.738567 0.019955
-4.461154 -4.803026 -8.767439 8.087812 0.288979 0.428991 0.855837 0.775610 0.419126 -0.471978 -0.561178 0.800187 -0.211611
-4.691085 -5.090761 1.912604 0.749855 0.384373 0.436450 0.813492 0.481292 0.657219 -0.580018 -0.787791 0.614470 0.042557
-4.534499 -5.069066 -10.867288 8.114810 0.111349 0.436547 0.892764 0.600382 0.686326 -0.410484 -0.791923 0.581707 -0.185673
-0.577421 -1.143228 7.791884 -15.981488 -0.946427 0.131635 -0.294870 0.178748 0.974043 -0.138889 0.268933 -0.184156 -0.945390
-0.339382 -1.325888 12.429436 -16.028879 -0.962066 0.060505 -0.266022 0.102305 0.983952 -0.146191 0.252907 -0.167861 -0.952817
-0.326637 -1.791486 -0.532730 -18.207082 -0.942202 0.132043 -0.307929 0.167181 0.981759 -0.090554 0.290355 -0.136800 -0.947090
-0.350750 -1.178576 -10.944678 -16.823525 -0.944718 0.067817 -0.320793 0.123990 0.979616 -0.158047 0.303536 -0.189085 -0.933870
-0.029943 -4.682118 -30.699227 3.931012 -0.709385 0.618547 0.337894 0.049445 0.521897 -0.851574 0.703084 0.587387 0.400810
1.053799 -4.610226 -31.619935 3.792326 -0.704315 0.660595 0.259913 0.132794 0.482272 -0.865898 0.697356 0.575350 0.427395
0.075064 -4.408000 -28.876239 10.629738 -0.706815 0.634376 0.313018 -0.058188 0.388853 -0.919460 0.705001 0.668102 0.237934
-0.774238 -4.480713 20.163920 -11.592622 0.717134 -0.585843 -0.377500 0.126725 -0.423015 0.897217 0.685317 0.691264 0.229118
-0.771730 -4.081068 22.231530 -14.115065 0.714068 -0.601286 -0.358554 0.220994 -0.292375 0.930419 0.664280 0.743621 0.075895
-0.000288 -4.049650 27.582695 -12.812047 0.705257 -0.643315 -0.297923 0.169367 -0.255178 0.951945 0.688424 0.721824 0.071010
0.398976 -2.207327 -13.503462 -0.507633 -0.830996 0.234741 -0.504323 0.102540 0.955707 0.275881 0.546746 0.177543 -0.818259
0.302062 -2.394734 -14.259397 -4.164511 -0.820500 0.350509 -0.451578 0.152794 0.895691 0.417602 0.550848 0.273644 -0.788470
0.632685 -2.403718 -8.271122 -1.384942 -0.836577 0.309336 -0.452162 0.166809 0.929976 0.327596 0.521837 0.198635 -0.829597
0.032081 -2.071447 -10.319071 1.102326 -0.832681 0.237147 -0.500404 0.064921 0.939234 0.337082 0.549934 0.248195 -0.797478
0.755648 -2.226925 -6.174642 -1.933612 -0.843676 0.218072 -0.490566 0.137005 0.970984 0.196011 0.519076 0.098159 -0.849073
0.139070 -2.026028 -4.518512 0.453232 -0.840620 0.089565 -0.534168 -0.016390 0.981575 0.190375 0.541377 0.168788 -0.823664
0.442591 -2.122212 -7.146012 -2.815084 -0.839521 0.103150 -0.533446 0.033449 0.989763 0.138745 0.542297 0.098637 -0.834377
0.340798 -13.971186 -4.756084 110.360594 -0.753031 0.079711 -0.653140 0.061452 0.996816 0.050803 0.655110 -0.001880 -0.755531
0.067996 -13.042351 -1.044439 89.860053 -0.752033 0.050646 -0.657177 0.045009 0.998662 0.025458 0.657587 -0.010433 -0.753307
0.174996 -11.798976 -4.131071 113.849427 -0.744167 0.098315 -0.660719 -0.127118 0.950192 0.284562 0.655787 0.295751 -0.694604
0.175066 -15.010331 -1.286295 50.390141 -0.756475 0.027651 -0.653438 0.240938 0.940620 -0.239128 0.608025 -0.338332 -0.718218
0.658025 -13.892014 -11.967397 152.232905 -0.740771 0.113526 -0.662096 -0.126189 0.944554 0.303140 0.659799 0.308106 -0.685372
0.481105 -15.953168 -4.509259 42.300653 -0.762156 0.067775 -0.643836 0.267955 0.938346 -0.218421 0.589337 -0.338990 -0.733326
0.673927 -19.284350 -19.237540 347.808585 -0.751780 0.074130 -0.655234 0.054972 0.997248 0.049752 0.657119 0.001383 -0.753786
1.824965 -4.442822 -7.176761 -6.255589 0.788038 -0.608704 -0.092060 -0.241205 -0.442867 0.863533 0.566407 0.658292 0.495818
1.730569 -4.532160 -14.606128 4.721229 -0.735083 0.653731 0.179691 0.195923 0.458561 -0.866797 0.649051 0.601961 0.465161
2.184511 -4.694245 -5.756968 0.751594 0.772189 -0.624491 -0.117196 -0.348667 -0.570659 0.743492 0.531183 0.533254 0.658396
2.007482 -4.706235 -18.281554 -2.446745 0.820952 -0.570742 -0.017060 -0.375442 -0.562063 0.736973 0.430210 0.598614 0.675707
1.573756 -4.392924 -12.500325 -8.598718 0.824889 -0.565037 -0.017054 -0.274014 -0.426052 0.862204 0.494443 0.706550 0.506274
0.001125 -5.231177 -0.763286 -25.208458 0.914857 -0.331383 0.230698 0.236017 -0.024703 -0.971435 -0.327616 -0.943173 -0.055613
-0.029253 -5.704399 -0.647745 -25.481955 0.906476 -0.331931 0.261006 0.265363 -0.033007 -0.963584 -0.328458 -0.942726 -0.058162
0.131752 -4.752067 -2.746198 -25.364054 0.921537 -0.339469 0.188493 0.122395 -0.206737 -0.970711 -0.368495 -0.917617 0.148967
-0.119475 -5.900790 -0.254114 -14.873025 0.897508 -0.335328 0.286418 0.357472 0.172854 -0.917788 -0.258252 -0.926108 -0.275008
-0.157710 -5.608199 0.674522 -17.940358 0.904914 -0.332643 0.265477 0.339352 0.187505 -0.921782 -0.256846 -0.924224 -0.282560
-0.640469 -6.951113 5.601337 18.775473 0.841592 -0.129437 0.524374 -0.539959 -0.224881 0.811094 -0.012936 0.965751 0.259149
-0.678031 -6.494607 6.161917 23.757363 0.853303 -0.125500 0.506087 -0.509713 -0.405254 0.758922 -0.109848 0.905549 0.409773
-0.336563 -6.841774 6.682443 29.694621 0.856355 -0.156437 0.492122 -0.513093 -0.365262 0.776737 -0.058243 0.917666 0.393060
-0.325068 -7.342027 6.511287 13.655917 0.841971 -0.165482 0.513517 -0.537229 -0.169479 0.826234 0.049696 0.971541 0.231599
-0.609703 -7.401076 5.502226 2.552470 0.832824 -0.129873 0.538087 -0.543864 -0.011044 0.839100 0.103034 0.991469 0.079831
-0.129984 -17.317989 -14.210326 -36.485830 0.951119 0.111363 0.288045 0.297909 -0.576635 -0.760751 -0.081377 -0.809377 0.581625
-0.344335 -19.161338 0.484026 -101.737154 0.948810 0.132869 0.286539 0.303429 -0.635324 -0.710136 -0.087690 -0.760729 0.643119
-0.013060 -19.670550 -19.806105 30.565367 0.936956 0.134379 0.322576 0.290551 -0.812444 -0.505485 -0.194148 -0.567342 0.800268
-0.005461 -21.159495 -36.127340 -148.691279 0.961203 0.041472 0.272705 0.244025 -0.588783 -0.770575 -0.128607 -0.807227 0.576060
0.186534 -15.866481 -17.240085 -53.889692 0.922537 0.183427 0.339528 -0.257449 0.947945 0.187401 -0.287480 -0.260296 0.921738
0.561715 -28.171337 -17.277167 -233.757626 0.923932 0.209968 0.319787 -0.268158 0.951637 0.149931 -0.272840 -0.224279 0.935552
0.245752 -24.209009 -24.113720 57.658191 0.955105 0.066857 0.288624 0.224887 -0.797823 -0.559378 -0.192873 -0.599173 0.777041
58.576969 -43.727134 -1828.895464 802.063682 0.306749 0.704381 0.640120 0.931349 -0.083501 -0.354424 -0.196199 0.704894 -0.681638
-3.401983 -5.370694 -57.987389 -32.949490 0.962014 -0.052225 -0.267957 0.201045 0.799548 0.565954 -0.184687 0.598327 -0.779676
5.915201 -297.762594 633.314762 7622.572519 -0.193214 0.667293 0.719298 0.364410 0.729477 -0.578851 -0.910974 0.150277 -0.384113
-6.887345 -18.843499 36.954592 -322.262173 0.940379 0.248608 0.232125 -0.320405 0.418462 0.849841 -0.114142 0.873547 -0.473168
-2.797392 -7.629069 -17.866909 -12.511002 0.943963 -0.122830 -0.306344 0.318812 0.579496 0.750029 -0.085400 0.805665 -0.586183
-4.321871 -17.205147 26.604135 -269.564653 0.978892 0.203877 0.014281 -0.111880 0.476080 0.872256 -0.171034 0.855442 -0.488841
-3.448182 -41.360665 -54.038406 -914.776465 0.869695 0.454432 0.192668 -0.482849 0.702295 0.523105 -0.102406 0.547972 -0.830205
0.326082 -25.901828 8.734621 -562.090217 -0.541702 0.737075 0.404078 -0.486791 -0.666987 0.564059 -0.685269 -0.108851 -0.720110
0.884369 -38.231246 7.972488 -724.478702 -0.528897 0.753308 0.390890 -0.196399 -0.556719 0.807150 -0.825649 -0.350129 -0.442396
1.273609 -79.598063 -3.357518 -1486.636638 -0.590194 0.696263 0.408520 -0.400452 -0.691919 0.600739 -0.700935 -0.190960 -0.687186
-2.389855 -5.477794 -43.534682 -15.888234 -0.698900 0.373773 -0.609780 0.715219 0.365630 -0.595631 0.000323 -0.852413 -0.522868
-1.579375 -5.608870 42.475611 -60.497831 0.741321 -0.283466 0.608350 0.662200 0.161385 -0.731742 -0.109246 -0.945305 -0.307349
-1.927716 -4.629390 23.208907 -49.385476 0.748234 -0.360263 0.557096 0.619011 0.076995 -0.781599 -0.238688 -0.929668 -0.280617
-4.188232 -4.655721 1.028125 -4.929491 0.142503 0.220099 0.965013 -0.367912 0.916886 -0.154793 -0.918876 -0.332981 0.211636
-3.854332 -4.478691 -14.494699 -9.533959 -0.201105 0.525310 0.826805 -0.457591 0.695918 -0.553452 -0.866122 -0.489640 0.100424
-0.895939 -2.157967 -4.573417 12.138770 0.930460 -0.352098 -0.101346 0.138663 0.594428 -0.792104 -0.339141 -0.722968 -0.601914
-1.116443 -3.023758 -7.810528 21.243263 0.941961 -0.248220 -0.226046 -0.043248 0.577985 -0.814901 -0.332926 -0.777381 -0.533704
-0.741144 -3.969035 -27.748286 0.377170 0.834975 -0.294509 0.464846 0.288410 0.953625 0.086128 -0.468654 0.062151 0.881192
-0.091110 -3.848282 -34.347987 -1.413693 0.825428 -0.277074 0.491833 0.263028 0.959675 0.099200 -0.499485 0.047484 0.865020
-0.989944 -4.015848 -8.449946 2.895540 0.851687 -0.307356 0.424454 0.347059 0.937682 -0.017396 -0.392656 0.162126 0.905282
-0.355598 -3.827372 -29.256869 -2.169585 0.837875 -0.262227 0.478751 0.191921 0.962576 0.191347 -0.511011 -0.068442 0.856845
-0.959843 -4.033320 -14.560278 0.012981 0.860753 -0.273831 0.429092 0.260278 0.961208 0.091292 -0.437446 0.033103 0.898635
-1.183304 -3.447619 -23.667084 9.957388 0.891143 -0.253331 0.376415 0.445873 0.335297 -0.829924 -0.084035 -0.907414 -0.411751
-1.491602 -4.011916 -13.767278 -9.279311 0.905996 -0.195077 0.375654 0.419265 0.291536 -0.859781 -0.058207 -0.936457 -0.345920
-0.687108 -8.020254 0.725100 -91.920814 -0.841119 0.153162 -0.518711 0.034460 0.972292 0.231214 0.539752 0.176604 -0.823091
-0.523462 -8.830092 -9.385102 -81.919183 -0.808806 0.181062 -0.559508 0.003024 0.952690 0.303928 0.588068 0.244127 -0.771089
-0.607835 -6.485592 0.283542 -99.522335 -0.835059 0.136492 -0.532959 0.116077 0.990639 0.071832 0.537775 -0.001880 -0.843086
-0.435476 -7.165119 -7.718850 -103.590631 -0.813351 0.157844 -0.559952 0.114997 0.987120 0.111220 0.570295 0.026068 -0.821026
0.023121 -8.847639 -16.955560 -69.828371 -0.785405 0.164456 -0.596735 -0.035294 0.950592 0.308429 0.617975 0.263303 -0.740796
0.078813 -9.508018 -18.516253 -3.448639 -0.779402 0.185999 -0.598278 -0.176699 0.850894 0.494729 0.601091 0.491308 -0.630323
-0.496299 -7.479616 10.032171 25.320317 0.868114 -0.336027 0.365326 -0.326979 0.166601 0.930230 0.373446 0.927001 -0.034755
-0.839248 -7.110429 5.793055 28.753591 0.897392 -0.287237 0.334937 -0.302050 0.153437 0.940863 0.321642 0.945491 -0.050933
0.776934 -3.308828 -9.500227 0.985849 0.878256 -0.182522 0.441987 0.206322 -0.689192 -0.694582 -0.431390 -0.701213 0.567629
0.771500 -3.187263 -1.912704 2.386798 0.891336 -0.175239 0.418105 0.244951 -0.589888 -0.769436 -0.381470 -0.788241 0.482863
0.566516 -3.292738 -10.156167 -0.012226 0.869191 -0.195374 0.454242 0.223034 -0.664974 -0.712787 -0.441319 -0.720860 0.534414
0.346549 -1.832228 6.485252 6.732292 0.888726 -0.332981 0.315102 0.269255 0.935426 0.229086 -0.371036 -0.118753 0.920994
0.317702 -1.886727 1.734093 17.773550 0.848662 -0.335774 0.408693 0.441536 0.024278 -0.896915 -0.291238 -0.941630 -0.168860
0.481382 -1.299706 1.301900 11.858888 0.825347 -0.334698 0.454729 0.499485 0.057271 -0.864427 -0.263279 -0.940583 -0.214445
0.462059 -1.480641 -4.840702 13.015566 0.841745 -0.370469 0.392705 0.449295 0.077401 -0.890024 -0.299331 -0.925614 -0.231602
-1.191140 -15.187278 -12.229087 2.253527 -0.691241 0.512154 -0.509789 -0.061598 0.661140 0.747730 0.719995 0.548263 -0.425459
-0.879475 -16.649665 10.098999 -33.843912 -0.749203 0.391417 -0.534310 -0.022501 0.791194 0.611151 0.661958 0.469899 -0.583958
-0.784455 -12.828623 -25.037173 -24.135759 0.785537 -0.331680 0.522417 -0.178426 0.686967 0.704443 0.592534 0.646579 -0.480458
-1.164797 -12.773630 -25.981352 52.552360 0.776776 -0.343896 0.527592 -0.425979 0.330125 0.842353 0.463854 0.879063 -0.109941
-0.987163 -11.713930 -29.195981 41.820455 0.789714 -0.334988 0.513941 -0.311721 0.502429 0.806471 0.528376 0.797088 -0.292352
1.259130 -2.865265 6.433911 8.855723 0.906674 -0.241577 0.345808 0.420504 0.582604 -0.695520 0.033448 -0.776024 -0.629816
1.201820 -2.791013 4.118647 0.042466 0.903519 -0.226648 0.363710 0.427998 0.520270 -0.739011 0.021732 -0.823377 -0.567079
1.167523 -2.727195 1.695359 -10.916114 0.913747 -0.214456 0.345072 0.404169 0.393258 -0.825830 -0.041402 -0.894067 -0.446015
0.254531 -41.017582 -1.492280 -563.420754 0.709531 -0.659988 0.246945 -0.687967 -0.572923 0.445489 0.152537 0.485978 0.860557
0.812508 -81.422913 8.423626 -1265.486270 0.613794 -0.717587 0.329130 0.626237 0.188701 -0.756452 0.480712 0.670419 0.565203
1.367886 -127.849325 53.054207 3503.592335 0.601355 -0.735148 0.312936 -0.560708 -0.109279 0.820771 0.569191 0.669041 0.477919
0.634723 -65.948751 3.004985 1410.898715 -0.609518 0.719256 -0.333405 0.284368 -0.194209 -0.938838 0.740015 0.667049 0.086160
-0.509413 -30.602560 18.668074 -311.808484 0.598979 -0.743326 0.297809 0.714377 0.328003 -0.618126 0.361787 0.582993 0.727482
-0.485794 -40.687802 -42.526644 -109.462218 -0.585568 0.761865 -0.276898 0.398520 -0.026894 -0.916765 0.705898 0.647177 0.287870
-77.101283 -426.152149 -1449.389182 1832.155721 0.784356 -0.619807 0.024998 0.534551 0.654922 -0.534164 -0.314707 -0.432338 -0.845011
-12.008814 -191.995158 -393.093647 -4717.391191 0.776143 -0.618624 -0.122089 -0.273313 -0.155563 -0.949263 -0.568245 -0.770132 0.289817
-1.931191 -4.317409 -7.542686 0.036815 0.988512 -0.110195 -0.103445 -0.086961 0.145122 -0.985585 -0.123619 -0.983258 -0.133872
-1.915076 -28.454489 -23.567007 -679.002929 0.253277 0.950057 0.182325 0.819921 -0.310842 0.480737 -0.513401 -0.027733 0.857700
-2.448336 -32.833669 -50.903531 -629.729156 0.281434 0.937722 0.203646 0.945226 -0.307480 0.109560 -0.165354 -0.161658 0.972895
-3.745647 -4.581473 -14.273361 15.151063 0.714440 0.587408 0.380168 -0.489257 0.807815 -0.328728 -0.500203 0.048856 0.864529
-3.412928 -5.422258 11.958636 54.714497 0.845586 0.057828 0.530698 -0.323936 0.845755 0.423985 0.424322 0.530428 -0.733892
-3.494990 -4.819011 -4.539928 26.243030 0.913567 -0.378730 0.148183 0.227343 0.777706 0.586079 0.337209 0.501734 -0.796588
-4.040329 -5.416600 -1.966871 7.817342 0.936795 -0.309992 0.162233 0.233053 0.898707 0.371500 0.260962 0.310211 -0.914149
-4.510076 -4.938912 5.403193 -7.621996 0.599221 0.385439 0.701691 -0.591234 -0.377908 0.712480 -0.539792 0.841797 -0.001435
-4.426690 -5.006557 11.691972 3.437465 0.626028 0.293128 0.722610 -0.471879 -0.595339 0.650309 -0.620822 0.748096 0.234377
-4.557441 -4.985239 12.987732 -4.528110 0.512737 0.254472 0.819966 0.445991 0.737143 -0.507653 -0.733616 0.625990 0.264469
-0.071437 -1.371024 12.045511 -16.250375 -0.966554 0.001447 -0.256461 0.043005 0.986740 -0.156510 0.252833 -0.162305 -0.953799
-0.038693 -0.976600 12.522729 -14.017474 -0.966331 0.016992 -0.256740 0.067544 0.979575 -0.189394 0.248278 -0.200358 -0.947742
-0.235401 -1.949557 13.649244 -16.223727 -0.963892 0.062479 -0.258859 0.086000 0.993034 -0.080549 0.252023 -0.099903 -0.962551
0.344612 -1.182355 6.218539 -13.358708 -0.963629 -0.002804 -0.267227 0.045546 0.983592 -0.174561 0.263332 -0.180383 -0.947691
0.163979 -1.604000 12.385415 -14.856506 -0.966248 0.006879 -0.257523 0.041008 0.991004 -0.127396 0.254330 -0.133656 -0.957837
1.900047 -4.691260 -22.576934 -3.405284 -0.721031 0.659644 0.212094 0.309123 0.580178 -0.753549 0.620126 0.477770 0.622237
1.080457 -4.719284 -33.316318 -4.437640 -0.706026 0.644239 0.294083 0.238837 0.607541 -0.757530 0.666697 0.464598 0.582807
0.530566 -2.695297 -7.257224 -7.125936 -0.830523 0.380091 -0.407140 0.183900 0.877106 0.443696 0.525749 0.293626 -0.798355
-0.148421 -2.309176 -10.869143 -8.813585 -0.815059 0.406203 -0.413131 0.170741 0.849796 0.498693 0.553648 0.335926 -0.761990
1.630843 -5.958238 11.891979 -29.177911 0.854129 -0.510321 0.100180 -0.486095 -0.714918 0.502597 0.184865 0.477980 0.858697
1.572217 -6.798694 17.768635 -39.017455 0.868499 -0.486620 0.094395 -0.484290 -0.792390 0.370920 0.105699 0.367858 0.923855
1.971466 -5.503410 16.138807 -33.033066 0.884674 -0.451360 0.116731 -0.438030 -0.718991 0.539613 0.159631 0.528513 0.833782
1.360689 -6.526886 4.595405 -22.958232 0.850292 -0.516529 0.100997 -0.516510 -0.782090 0.348644 0.101096 0.348616 0.931798
1.828288 -5.223035 13.748827 -24.713089 0.863854 -0.493515 0.100995 -0.437662 -0.636029 0.635546 0.249415 0.593220 0.765429
1.286664 -5.677347 5.464694 -36.298796 0.845148 -0.527055 0.089099 -0.464681 -0.642044 0.609796 0.264191 0.556770 0.787534
1.223114 -6.176243 3.972858 -35.840042 0.843617 -0.529614 0.088428 -0.507297 -0.732186 0.454482 0.175954 0.428268 0.886356
0.003176 -5.109742 -3.581237 -28.811556 0.914326 -0.341176 0.218191 0.141450 -0.235800 -0.961452 -0.379474 -0.909944 0.167339
-0.074495 -6.244401 1.250281 -9.471872 0.892995 -0.328590 0.307553 0.384090 0.200198 -0.901330 -0.234596 -0.923011 -0.304984
-0.012042 -6.387621 2.002044 -10.309594 0.899978 -0.318591 0.297556 0.357783 0.149840 -0.921705 -0.249061 -0.935974 -0.248839
-0.088843 -5.929970 -0.341618 -26.404701 0.905994 -0.328926 0.266423 0.258665 -0.068004 -0.963570 -0.335062 -0.941904 -0.023470
-0.937079 -6.212775 4.537262 3.464641 0.850145 -0.089123 0.518951 -0.486421 -0.510300 0.709217 -0.201613 0.855366 0.477180
-0.647656 -6.196132 7.042743 7.663604 0.867799 -0.122094 0.481683 -0.467619 -0.528565 0.708485 -0.168099 0.840066 0.515782
-0.336555 -6.520367 7.069775 17.815293 0.870061 -0.145076 0.471113 -0.473195 -0.513617 0.715741 -0.138135 0.845666 0.515527
-0.755013 -18.601849 3.402624 -99.789422 0.962420 0.110465 0.248084 0.270608 -0.313435 -0.910236 0.022791 -0.943163 0.331549
-0.446818 -19.795986 0.852686 -131.801965 0.948826 0.116822 0.293396 0.315769 -0.338357 -0.886456 0.004285 -0.933738 0.357931
-12.464540 -20.811201 -138.492072 -277.921686 0.991614 0.069713 -0.108823 0.086776 -0.983149 0.160899 0.095772 0.168993 0.980953
-9.314125 -12.774820 -94.709701 7.411944 0.926182 -0.373741 0.050049 0.371993 0.927333 0.040930 -0.061709 -0.019290 0.997908
-9.511738 -24.593885 -116.438326 -299.035304 0.996576 0.023076 0.079392 0.040380 -0.973791 -0.223834 -0.072146 -0.226273 0.971388
6.354343 -1.956377 -67.582052 33.876948 -0.129455 0.678492 0.723111 0.985295 0.170025 0.016859 -0.111509 0.714661 -0.690526
0.306243 -2.530921 3.863989 1.546337 0.883220 -0.341762 0.321126 -0.460503 -0.502596 0.731665 0.088659 0.794101 0.601285
0.493226 -2.219556 5.106021 3.914681 0.873236 -0.337609 0.351395 -0.481252 -0.484264 0.730674 0.076514 0.807161 0.585352
0.206414 -2.718053 0.762832 9.880078 0.931927 -0.277100 0.233941 -0.344412 -0.474300 0.810198 0.113548 0.835617 0.537449
0.290383 -3.025024 4.725630 9.447813 0.928584 -0.301741 0.216067 -0.344507 -0.484331 0.804201 0.138013 0.821204 0.553694
0.327956 -2.768133 3.053164 5.924824 0.894137 -0.340011 0.291396 -0.438079 -0.529376 0.726531 0.092771 0.777273 0.622287
1.942940 -2.014328 -10.155085 -15.353435 0.993040 0.068150 0.096054 -0.042198 0.967313 -0.250052 0.109955 -0.244258 -0.963456
1.542570 -2.396579 -31.170713 -13.393942 0.997747 0.065663 0.013782 -0.060183 0.966693 -0.248764 0.029657 -0.247374 -0.968466
1.758641 -1.755096 -15.208330 -5.232161 0.984621 0.168487 0.046182 -0.146164 0.939272 -0.310489 0.095691 -0.298964 -0.949454
1.109030 -2.506018 -24.214997 -13.931564 0.996738 0.080532 -0.005205 -0.078586 0.953950 -0.289489 0.018348 -0.288954 -0.957167
1.418445 -1.923406 -16.986057 -7.695675 0.985448 0.169675 -0.010120 -0.162241 0.921181 -0.353698 0.050691 -0.350193 -0.935305
1.862896 -1.458545 -7.605711 -2.040139 0.975655 0.213489 0.050204 -0.177303 0.902554 -0.392377 0.129080 -0.373923 -0.918433
1.833581 -1.505408 -3.026686 7.814622 0.962918 0.253111 0.093402 -0.208529 0.917896 -0.337614 0.171187 -0.305617 -0.936639
1.789670 -1.431721 4.489391 6.126446 0.961717 0.235610 0.139961 -0.182296 0.931348 -0.315213 0.204620 -0.277631 -0.938644
-2.495996 -166.007987 142.630001 -3826.660638 -0.524062 0.732448 0.434603 -0.570349 -0.680787 0.459599 -0.632504 0.007017 -0.774525
-0.651908 -4.023305 30.757220 36.691871 -0.575697 0.662465 0.479283 0.536959 0.748358 -0.389405 -0.616643 0.033176 -0.786544
-4.620259 -9.374862 5.690689 133.129615 -0.141287 0.965553 0.218509 -0.743711 -0.249206 0.620315 -0.653400 0.074865 -0.753302
-2.930590 -10.340153 17.285079 -107.144253 -0.331145 0.889876 0.313788 -0.658041 -0.456130 0.599105 -0.676258 0.008095 -0.736621
-4.555042 -6.126621 -32.486550 -9.689424 0.770479 -0.558635 0.307065 0.619592 0.543003 -0.566793 -0.149893 -0.626957 -0.764498
-3.746930 -5.665234 -6.209258 -21.857245 0.891919 -0.444402 0.083590 0.372524 0.617323 -0.692920 -0.256333 -0.649168 -0.716153
-4.167985 -4.978178 10.196700 -2.003921 0.386707 -0.134231 0.912381 -0.101979 0.977058 0.186970 -0.916547 -0.165347 0.364147
-4.260310 -5.081522 8.646899 2.125093 0.346238 -0.256028 0.902535 0.093829 0.966667 0.238225 -0.933443 0.002201 0.358720
-0.705933 -3.434318 -15.716041 24.618610 0.877447 -0.276178 0.392188 0.472999 0.362262 -0.803142 -0.079735 -0.890220 -0.448498
-0.471960 -2.402934 -12.544190 40.054350 0.887394 -0.257585 0.382337 0.460562 0.531959 -0.710565 0.020356 -0.806641 -0.590691
-0.701807 -8.444529 6.736723 -46.233447 -0.863175 0.149369 -0.482305 -0.065172 0.914287 0.399791 0.500681 0.376522 -0.779455
-0.893696 -7.591356 6.476106 18.142133 0.888400 -0.283024 0.361445 -0.263049 0.331426 0.906069 0.376232 0.900030 -0.219990
-1.058129 -7.275264 0.621169 12.384942 0.919190 -0.222939 0.324636 -0.237336 0.344224 0.908395 0.314264 0.912035 -0.263495
-1.029321 -6.863974 1.016406 19.465293 0.924461 -0.228646 0.305110 -0.271061 0.168643 0.947674 0.268137 0.958791 -0.093926
25.202734 -4.070995 -513.035051 -78.586747 0.932392 -0.321296 -0.165570 -0.327131 -0.555310 -0.764602 -0.153721 -0.767072 0.622873
129.875710 -23.757630 -2914.202249 -178.458534 0.966073 -0.151400 -0.209238 -0.258083 -0.596587 -0.759919 0.009777 -0.788139 0.615420
44.667094 -5.623298 -938.154815 -62.501211 0.865298 -0.207607 -0.456245 -0.475810 -0.626519 -0.617316 0.157687 -0.751248 0.640907
87.243720 -2.746952 450.562647 8.410058 0.451815 0.374430 -0.809731 0.420784 0.710904 0.563521 0.786641 -0.595330 0.163643
1.034159 -3.285841 -0.460333 -1.186720 0.899637 -0.170784 0.401852 0.183484 -0.687266 -0.702851 -0.396215 -0.706044 0.586954
0.734337 -2.993779 1.994792 7.802257 0.908130 -0.156182 0.388467 0.269033 -0.493252 -0.827238 -0.320812 -0.855751 0.405919
0.778282 -3.001041 3.618378 6.643934 0.895114 -0.154571 0.418185 0.300364 -0.484090 -0.821851 -0.329473 -0.861258 0.386888
0.697721 -3.010885 -3.214569 6.482009 0.881613 -0.177920 0.437153 0.307914 -0.485143 -0.818428 -0.357697 -0.856143 0.372924
0.812692 -3.148757 3.330159 2.344064 0.922230 -0.158827 0.352515 0.197095 -0.591264 -0.782024 -0.332636 -0.790684 0.513977
-0.136315 -2.762193 -7.859627 11.754061 0.870079 -0.273869 0.409826 0.138184 0.933624 0.330531 -0.473146 -0.230957 0.850172
-0.081207 -3.668124 0.723713 23.513537 0.879192 -0.346324 0.327233 0.288685 -0.159188 -0.944097 -0.379055 -0.924510 0.039978
-0.203454 -4.398405 2.906863 13.926953 0.892267 -0.328753 0.309486 0.194615 -0.338471 -0.920631 -0.407412 -0.881679 0.238027
-0.020707 -4.310657 3.382789 8.726964 0.902814 -0.334040 0.270822 0.140373 -0.366359 -0.919824 -0.406476 -0.868446 0.283864
1.698552 -10.229060 -21.059663 -119.731135 0.748204 -0.437431 0.498844 0.611732 0.745911 -0.263440 0.256856 -0.502266 -0.825684
2.424904 -8.150454 -20.355223 -43.588316 0.702464 -0.462812 0.540693 0.692010 0.621687 -0.366915 0.166329 -0.631910 -0.756984
2.058732 -11.329469 8.513278 -139.128236 0.704478 -0.299739 0.643326 0.594434 0.744429 -0.304094 0.387762 -0.596642 -0.702609
1.607297 -7.952627 29.965054 -29.953156 -0.697072 0.573428 -0.430430 0.710723 0.631878 -0.309197 0.094677 -0.521449 -0.848013
1.350258 -9.458755 -7.979868 -97.216363 0.681239 -0.544318 0.489521 0.676590 0.723484 -0.137103 0.279533 -0.424605 -0.861146
1.051401 -2.691654 -3.193664 14.517091 0.896804 -0.295818 0.328988 0.442039 0.630245 -0.638274 0.018530 -0.717832 -0.695969
0.481296 -2.997737 -24.032157 12.863840 0.872524 -0.395375 0.287019 0.480690 0.589613 -0.649071 -0.087396 -0.704298 -0.704504
0.399928 -50.023694 21.897997 -415.137196 0.652419 -0.708321 0.269501 0.724229 0.477956 -0.497042 0.223255 0.519460 0.824814
0.181064 -58.209952 30.502187 -1300.049242 0.680174 -0.709539 0.184168 -0.384033 -0.130903 0.913993 0.624406 0.692400 0.361523
796.434508 -5874.198381 -27840.311048 229254.052135 -0.488461 0.841468 0.230949 0.850091 0.518608 -0.091602 0.196852 -0.151584 0.968644
35.793548 -264.438329 -3241.773879 -11872.076545 0.803979 -0.591095 -0.065006 -0.593887 -0.792560 -0.138372 -0.030270 -0.149854 0.988245
-29.061049 -567.126794 -380.169108 -35132.001033 0.861267 -0.422134 -0.282882 -0.423931 -0.289948 -0.858028 -0.280182 -0.858914 0.428678
0.252819 -8.397335 -3.296746 21.170107 0.790018 -0.292106 0.539023 0.312356 0.948307 0.056101 -0.527547 0.124046 0.840421
0.277372 -7.986774 6.583624 13.105269 0.812208 -0.292756 0.504591 0.309812 0.949368 0.052123 -0.494302 0.113993 0.861784
0.335958 -8.500622 2.185567 31.511847 0.805706 -0.271326 0.526517 0.160280 0.955621 0.247183 -0.570218 -0.114767 0.813437
0.213438 -8.216364 2.179516 -13.186522 0.808704 -0.300582 0.505617 0.413444 0.901892 -0.125116 -0.418404 0.310226 0.853638
0.072687 -8.469774 -5.726495 -21.359031 0.782559 -0.313749 0.537738 0.438040 0.891248 -0.117463 -0.442404 0.327472 0.834889
0.163955 -10.213212 3.883584 -19.312350 0.975829 -0.172250 0.134487 0.183166 0.980336 -0.073429 -0.119194 0.096288 0.988191
0.283403 -12.187872 4.641389 72.436475 0.976493 -0.172749 0.128916 -0.199161 -0.951840 0.233098 -0.082440 0.253294 0.963870
0.103639 -11.474459 2.461605 75.480825 0.975256 -0.176917 0.132574 -0.209703 -0.930168 0.301352 -0.070002 0.321696 0.944252
2.589101 -163.689224 -83.072228 -3498.792918 0.204124 0.956875 0.206698 0.894201 -0.268183 0.358445 -0.398420 -0.111663 0.910381
-1.041235 -20.660497 31.549759 -189.696944 -0.253424 -0.945371 -0.205059 0.945402 -0.197139 -0.259522 0.204920 -0.259632 0.943715
-2.292627 -21.416407 -56.993537 186.880711 0.278836 0.938906 0.201755 0.862253 -0.152273 -0.483046 0.422813 -0.308655 0.852034
-3.523970 -19.332312 -69.197081 50.465423 0.259667 0.957592 0.124860 0.908611 -0.198471 -0.367471 0.327106 -0.208869 0.921616
-2.009894 -5.893747 31.533826 69.226701 0.785318 -0.061921 0.615988 -0.300286 0.832008 0.466467 0.541391 0.551297 -0.634797
-1.629553 -5.435154 -72.167547 6.622382 -0.754496 0.120609 -0.645128 -0.107721 0.946881 0.303005 0.647404 0.298109 -0.701426
-0.860944 -4.718107 -17.017632 5.761561 -0.731803 0.551626 0.400216 -0.050351 0.541877 -0.838948 0.679654 0.634096 0.368773
-1.394251 -4.458339 10.447040 -11.350486 0.736374 -0.517371 -0.435984 0.200839 -0.448198 0.871081 0.646079 0.729004 0.226133
-1.344370 -4.033269 12.931827 -16.259044 0.726926 -0.551737 -0.408858 0.272949 -0.314192 0.909276 0.630141 0.772574 0.077798
0.753358 -2.640811 0.124733 -3.009898 -0.849138 0.344555 -0.400308 0.194110 0.908453 0.370181 0.491209 0.236631 -0.838284
0.911019 -2.358184 0.942973 -3.722896 -0.857801 0.294419 -0.421302 0.207716 0.948339 0.239805 0.470141 0.118194 -0.874642
1.816503 -6.629362 4.586045 -63.606036 0.900433 -0.399556 0.171976 -0.433251 -0.788391 0.436729 0.038914 0.467754 0.883002
1.283424 -7.680186 8.036525 -34.498781 0.891260 -0.435377 0.126894 -0.451553 -0.877845 0.159649 -0.041886 0.199588 0.978984
1.233634 -6.975533 5.547485 -19.442389 0.865065 -0.492357 0.096160 -0.501533 -0.844496 0.187862 0.011288 0.210740 0.977477
0.402280 -10.738376 -8.942741 53.042388 -0.740615 0.137474 -0.657716 -0.248790 0.853173 0.458475 0.624174 0.503186 -0.597671
2.681618 -4.565820 -8.738896 -5.739081 0.764687 -0.622741 -0.165674 0.426517 0.681840 -0.594287 0.483050 0.383780 0.787004
2.574887 -4.666552 -23.198716 0.633878 0.813262 -0.579469 -0.053109 -0.447500 -0.681157 0.579456 0.371952 0.447483 0.813272
0.203251 -4.270338 -5.944443 -17.041846 0.922323 -0.358449 0.144340 0.010678 -0.349748 -0.936783 -0.386272 -0.865558 0.318753
-0.726547 -6.070877 7.119999 -9.782603 0.872808 -0.111369 0.475188 -0.431835 -0.629909 0.645549 -0.227431 0.768643 0.597883
