16340
32664
-4.844369 -6.729354 56.219513 69.172708 0.038053 0.986962 -0.156393 0.967614 -0.075478 -0.240886 0.249550 0.142161 0.957870
-4.228946 -7.244397 -7.445435 54.684716 -0.055982 -0.982085 0.179930 0.984687 -0.084107 -0.152700 0.165098 0.168627 0.971755
-6.294593 -8.611198 -99.771171 74.768175 0.364889 -0.923958 0.114705 0.928394 0.351775 -0.119746 0.070289 0.150186 0.986156
-4.039770 -6.419992 -12.966984 48.975412 0.226648 0.936789 -0.266564 0.947770 -0.275189 -0.161253 0.224416 0.216094 0.950232
-5.424111 -10.115066 -23.521706 226.007173 -0.691784 0.715771 0.095427 0.675764 0.688290 -0.263819 0.254515 0.118020 0.959840
-4.509738 -5.981230 -18.582388 85.239140 -0.222067 0.974486 -0.032617 0.902614 0.192808 -0.384855 0.368747 0.114904 0.922400
-3.772959 -5.730212 -15.623940 63.160210 0.302369 0.912021 -0.277112 0.896810 -0.370699 -0.241484 0.322963 0.175499 0.929997
5.040384 -9.334755 0.299527 -18.386228 -0.455219 0.855891 0.245409 -0.180878 0.180982 -0.966710 0.871814 0.484454 -0.072426
5.462146 -8.258517 40.873629 -94.282785 -0.372208 0.908695 0.189034 -0.180903 0.128736 -0.975039 0.910349 0.397114 -0.116469
4.447128 -7.712028 -9.901391 16.474394 -0.341331 0.909387 0.237713 -0.107861 0.213335 -0.971007 0.933734 0.357075 -0.025269
5.545566 -9.564448 29.260432 -109.188399 -0.378545 0.912074 0.157559 -0.255595 0.060600 -0.964883 0.889593 0.405523 -0.210181
4.546101 -5.091822 -879.578152 6.096316 0.316899 0.647038 -0.693482 -0.264393 0.762448 0.590567 0.910863 -0.003799 0.412691
6.005476 -4.490679 -911.699475 6.451289 0.375281 0.463523 -0.802690 -0.149290 0.884903 0.441201 0.914810 -0.045741 0.401287
-2.799578 -4.373642 -315.808104 20.881879 0.308426 0.428322 -0.849361 -0.144146 0.903624 0.403343 0.940264 -0.001970 0.340442
15.334274 -6.081735 -1299.013750 -29.418621 0.350762 0.549656 -0.758185 -0.216717 0.835291 0.505294 0.911043 -0.012926 0.412108
11.290072 -6.961899 -1143.453712 142.382454 0.242591 0.814963 -0.526293 0.348703 -0.579493 -0.736610 0.905293 0.004825 0.424760
-1.353576 -4.831772 56.977575 57.882439 0.146256 0.989225 0.006511 0.588646 -0.081737 -0.804248 0.795051 -0.121459 0.594258
-2.167263 -4.537458 -2.418700 35.776162 0.070569 0.981737 0.176673 0.641726 0.090916 -0.761526 0.763680 -0.167116 0.623590
-1.004314 -4.125880 -13.421616 27.813840 -0.013589 0.962797 0.269883 0.581605 0.227162 -0.781110 0.813358 -0.146351 0.563055
-0.478832 -4.033028 42.936303 41.281236 0.014333 0.981060 0.193171 0.541120 0.154846 -0.826566 0.840823 -0.116376 0.528652
-0.161753 -3.606874 19.491559 30.575162 -0.110276 0.914932 0.388250 0.503474 0.388228 -0.771876 0.856944 -0.110354 0.503457
-0.493530 -3.858331 -19.429458 22.103192 -0.149925 0.879140 0.452367 0.537762 0.456450 -0.708848 0.829659 -0.136992 0.541201
3.745542 -1.279163 -120.500021 -9.627508 0.994883 0.082394 -0.058471 -0.066015 0.968241 0.241144 -0.076483 0.236050 -0.968726
5.121731 -1.289814 -98.628964 -3.256291 0.997900 0.061132 0.021424 -0.064442 0.970473 0.232444 0.006581 0.233336 -0.972374
4.994942 -1.206246 -87.982850 -9.747768 0.998643 0.048220 0.019669 -0.051626 0.966246 0.252396 0.006835 0.253069 -0.967424
1.634340 -1.468554 -101.944945 7.735022 0.984763 0.149044 -0.089599 -0.124150 0.963315 0.237932 -0.121775 0.223183 -0.967140
3.804144 -1.348638 -130.457217 7.493293 0.993700 0.094074 -0.060919 -0.078139 0.971184 0.225159 -0.080345 0.218981 -0.972416
0.127962 -5.893928 -110.787353 4.900736 0.036591 0.999110 0.020981 -0.674832 0.040189 -0.736877 0.737064 -0.012805 -0.675702
0.475077 -5.799715 -103.868531 5.504953 0.038749 0.998817 0.029393 -0.762524 0.048566 -0.645134 0.645798 -0.002586 -0.763504
-1.349552 -5.956901 -52.229157 7.935034 -0.011780 0.999586 0.026249 -0.686183 0.011014 -0.727346 0.727334 0.026580 -0.685769
-1.657971 -6.024586 -53.957081 1.908357 -0.015077 0.999625 0.022858 -0.579145 0.009905 -0.815164 0.815085 0.025528 -0.578779
0.281419 -6.625952 4.569570 -6.620347 -0.019396 0.998197 0.056795 -0.682771 0.028273 -0.730085 0.730375 0.052939 -0.680992
-0.048206 -6.270071 5.483476 -14.803239 -0.038872 0.997583 0.057593 -0.498492 0.030592 -0.866354 0.866022 0.062386 -0.496098
0.043518 -6.348788 4.197015 -14.030737 -0.004149 0.997148 0.075355 -0.531847 0.061614 -0.844596 0.846830 0.043582 -0.530075
-0.700127 -11.362741 16.170181 125.176621 -0.038517 0.943308 0.329676 0.333552 -0.298861 0.894106 -0.941945 -0.144402 0.303131
-0.536899 -9.462449 15.198361 195.014280 -0.024575 0.929038 0.369168 0.524544 -0.302379 0.795877 -0.851028 -0.213203 0.479891
-0.438373 -9.965057 9.984355 128.458812 -0.024182 0.938712 0.343852 0.369889 -0.311142 0.875427 -0.928761 -0.148357 0.339696
-0.462948 -11.237476 12.955870 38.654105 -0.029803 0.951852 0.305104 0.159954 -0.296765 0.941459 -0.986675 -0.076861 0.143408
-0.166448 -10.019826 5.976961 44.962421 -0.030422 0.950647 0.308780 0.197060 -0.297156 0.934273 -0.979919 -0.089271 0.178295
-0.194324 -8.674955 0.245369 91.352640 -0.029824 0.934569 0.354530 0.380628 -0.317347 0.868569 -0.924247 -0.160848 0.346259
1.337180 -4.289755 4.328687 -20.355251 -0.142498 0.920006 0.365080 0.208040 -0.332766 0.919775 -0.967685 -0.207017 0.143980
2.091509 -4.243324 25.382791 38.426817 -0.178257 0.976904 0.117829 0.071572 -0.106557 0.991727 -0.981378 -0.185216 0.050925
1.757977 -4.686553 54.419246 4.566571 -0.113962 0.939886 0.321912 0.168530 -0.301038 0.938602 -0.979086 -0.161217 0.124092
1.427758 -5.133089 43.155447 -31.509869 -0.094508 0.893124 0.439769 0.297966 -0.396118 0.868508 -0.949887 -0.213117 0.228684
1.458078 -5.186055 14.928595 -45.189356 -0.113758 0.871997 0.476110 0.339348 -0.416296 0.843528 -0.933757 -0.257525 0.248553
9.092026 -5.890577 925.059613 -77.674572 -0.174782 0.852584 0.492495 0.406333 -0.393155 0.824817 -0.896853 -0.344280 0.277716
8.026471 -4.831883 931.154564 -69.609961 -0.138067 0.848645 0.510626 0.328274 -0.447210 0.832010 -0.934438 -0.282499 0.216843
2.573363 -5.940143 279.831431 -72.796518 -0.105076 0.802598 0.587194 0.404072 -0.505066 0.762650 -0.908672 -0.317405 0.271237
2.895283 -6.918410 270.574303 -59.744666 -0.132574 0.812245 0.568051 0.501631 -0.439310 0.745233 -0.854863 -0.383750 0.349207
8.759816 -6.792285 756.801164 -63.748380 -0.223720 0.846092 0.483815 0.495965 -0.328495 0.803809 -0.839028 -0.419784 0.346141
3.276576 -6.631018 -151.110163 119.581085 -0.370519 0.875763 0.309443 0.829607 0.461854 -0.313757 0.417694 -0.140464 0.897665
3.119063 -8.001705 -118.941708 134.081930 -0.398795 0.873638 0.278780 0.875326 0.453283 -0.168339 0.273434 -0.176891 0.945486
7.082810 -7.220865 -239.183755 233.694503 -0.358654 0.898661 0.252539 0.853918 0.425140 -0.300133 0.377082 -0.108003 0.919861
0.031769 -12.952478 -4.177099 -28.775217 -0.253453 0.954248 -0.158658 -0.747596 -0.297309 -0.593892 0.613890 0.031911 -0.788746
0.004575 -12.192856 -3.719341 -101.621521 -0.230838 0.963317 -0.136876 -0.628928 -0.255063 -0.734433 0.742404 0.083450 -0.664735
0.062458 -13.784103 -4.077329 -63.549431 -0.240011 0.959031 -0.150511 -0.724894 -0.280179 -0.629308 0.645696 0.041937 -0.762442
0.163221 -14.306640 -1.643868 6.725441 -0.263371 0.951326 -0.160043 -0.833000 -0.307941 -0.459656 0.486567 -0.012256 -0.873557
0.068665 -13.474624 -7.418520 -0.877189 -0.274157 0.945480 -0.175800 -0.833165 -0.324812 -0.447586 0.480286 -0.023761 -0.876790
-0.961400 -9.042095 -12.852584 -1.971529 -0.009584 0.998134 0.060299 -0.909811 -0.033725 0.413651 -0.414913 0.050896 -0.908436
-1.285905 -9.057482 -5.856384 2.137190 0.042040 0.994617 0.094709 -0.915658 0.000428 0.401958 -0.399754 0.103620 -0.910747
-0.882092 -9.502105 -11.975308 31.545772 0.011148 0.998345 0.056424 -0.963234 -0.004426 0.268629 -0.268434 0.057344 -0.961590
-0.483117 -9.575578 -16.753205 15.343655 -0.032844 0.998965 0.031469 -0.922811 -0.042403 0.382911 -0.383849 0.016463 -0.923249
-0.437010 -10.017745 -14.573682 38.536435 -0.004445 0.999627 0.026930 -0.973314 -0.010504 0.229236 -0.229433 0.025192 -0.972998
-0.748964 -12.717501 -24.998485 -26.118460 -0.153941 0.976709 0.149473 -0.132906 -0.170369 0.976376 -0.979101 -0.130439 -0.156037
-1.363824 -12.354193 -18.673061 -27.131728 -0.098362 0.981920 0.161734 -0.129672 -0.173783 0.976209 -0.986666 -0.075049 -0.144422
-0.781413 -12.224538 -24.921907 -22.098020 -0.148582 0.980867 0.125790 -0.315865 -0.167612 0.933882 -0.937098 -0.099025 -0.334726
-2.558380 -13.219392 -72.086527 -0.223105 -0.110467 0.773536 -0.624050 0.957444 -0.085629 -0.275624 -0.266642 -0.627941 -0.731158
-2.462008 -13.757819 -67.749390 86.851097 -0.142000 0.779266 -0.610394 0.889811 -0.169669 -0.423613 -0.433672 -0.603289 -0.669306
-4.087873 -12.948519 -93.065536 -44.553960 -0.093938 0.808907 -0.580383 0.924756 -0.145047 -0.351836 -0.368785 -0.569763 -0.734416
-4.816523 -14.041003 -111.944791 -136.428136 -0.128068 0.811912 -0.569559 0.969485 -0.018557 -0.244446 -0.209038 -0.583485 -0.784760
-2.963755 -14.077949 -82.062845 -62.369833 -0.144053 0.771298 -0.619958 0.985237 0.053221 -0.162716 -0.092508 -0.634245 -0.767578
42.934189 -8.085334 2067.725021 64.299610 -0.103432 0.986995 0.123058 -0.141796 -0.137090 0.980357 -0.984477 -0.083951 -0.154131
62.565671 -12.005749 3367.083850 -161.357963 -0.033629 0.994230 0.101859 -0.159952 -0.105957 0.981422 -0.986552 -0.016712 -0.162593
51.845312 -6.710353 2651.990335 -168.975487 0.031181 0.994986 -0.095026 -0.144239 0.098557 0.984623 -0.989051 0.016995 -0.146589
33.982702 -2.054805 1788.835969 -89.733228 0.013388 0.981749 -0.189707 -0.123942 0.189890 0.973951 -0.992199 -0.010473 -0.124223
39.940169 -1.801130 2010.412515 -158.259498 -0.087261 0.977566 -0.191702 -0.133229 0.179255 0.974740 -0.987236 -0.110597 -0.114598
-0.731243 -13.198407 -12.681417 70.942638 -0.131354 0.759642 -0.636939 0.986619 0.037573 -0.158656 -0.096590 -0.649256 -0.754412
-0.349059 -14.330918 -3.075867 123.416531 -0.145422 0.758105 -0.635712 0.969427 -0.019175 -0.244628 -0.197644 -0.651851 -0.732139
-0.693038 -14.002993 -11.470370 111.952785 -0.150006 0.763482 -0.628167 0.949356 -0.066187 -0.307151 -0.276081 -0.642429 -0.714887
5.749239 -38.294838 92.223531 -845.736032 -0.082571 0.852464 -0.516225 0.971702 -0.046163 -0.231657 -0.221310 -0.520744 -0.824528
5.836075 -63.071676 275.628259 -2167.878215 -0.125930 0.922912 -0.363834 0.991224 0.131921 -0.008446 0.040202 -0.361705 -0.931425
3.669821 -41.820348 285.792333 -1485.801890 -0.097187 0.928409 -0.358623 0.928709 -0.044960 -0.368073 -0.357846 -0.368828 -0.857853
3.903835 -32.549013 184.922165 1071.811374 -0.043337 0.847781 -0.528573 -0.747395 0.323574 0.580260 -0.662965 -0.420199 -0.619604
-75.622872 -422.960928 3038.407166 27487.144960 0.298722 0.838289 -0.456112 0.882978 -0.061436 0.465376 0.362098 -0.541754 -0.758543
159.116705 -1054.219369 -6995.926524 -967517.132714 0.380148 0.865272 -0.326791 0.130808 -0.400060 -0.907106 0.915629 -0.302087 0.265267
-54.983342 -325.672565 1936.782955 44840.397619 0.367267 0.601518 -0.709430 0.681037 0.345573 0.645576 0.633485 -0.720247 -0.282738
-148.185445 -614.666186 5120.276714 -64293.855133 0.087889 0.875084 -0.475924 -0.717193 0.387161 0.579431 -0.691310 -0.290404 -0.661631
-18.050164 -290.961733 776.290478 26608.020446 0.183274 0.832421 -0.522958 -0.249364 0.553935 0.794338 -0.950909 0.015175 -0.309098
2.376659 0.160481 285.887027 5.596465 -0.958540 0.137082 0.249817 0.117445 0.988813 -0.091958 -0.259628 -0.058806 -0.963917
0.043795 -2.322275 7.826532 163.597618 0.017840 0.997863 -0.062854 -0.980878 0.029653 0.192351 -0.193803 -0.058221 -0.979311
2.065797 0.191898 284.526382 0.542813 -0.964371 0.045609 0.260593 0.027263 0.996916 -0.073588 -0.263146 -0.063861 -0.962640
6.008025 0.317496 268.788654 3.789459 -0.974042 0.071027 0.214935 0.054426 0.995129 -0.082199 -0.219726 -0.068367 -0.973163
1.722510 0.285442 271.186931 -6.379145 -0.962118 -0.056129 0.266793 -0.072458 0.996028 -0.051754 -0.262829 -0.069125 -0.962363
5.481112 0.427077 262.253516 -9.424081 -0.974117 0.038765 0.222695 0.021813 0.996708 -0.078084 -0.224989 -0.071205 -0.971756
-1.916978 -3.378337 -59.281324 13.908594 0.152464 0.988293 -0.005684 -0.661741 0.097812 -0.743325 0.734067 -0.117091 -0.668906
-2.083649 -3.212140 -35.699314 7.717462 0.114675 0.993394 0.004323 -0.693459 0.083166 -0.715680 0.711312 -0.079073 -0.698415
-1.679479 -3.151780 40.022901 20.695133 0.282482 0.929292 0.237950 -0.599152 0.364639 -0.712780 0.749147 -0.058779 -0.659791
-0.990716 -3.674220 11.509262 27.811305 0.265391 0.945528 0.188531 -0.575784 0.312275 -0.755617 0.773330 -0.091981 -0.627296
3.661437 -1.924618 33.318450 -28.107728 -0.996005 0.043171 -0.078173 0.040602 0.998591 0.034156 0.079537 0.030845 -0.996355
2.237899 -1.541333 -94.090079 -28.851415 0.999530 0.019623 -0.023546 -0.019046 0.999518 0.024501 -0.024015 0.024041 -0.999422
3.271181 -1.230822 -111.720444 -36.497216 0.997434 -0.070961 -0.009472 0.070812 0.997373 -0.015241 -0.010528 -0.014532 -0.999839
-1.308574 -5.141763 4.847076 13.513315 0.221442 0.919930 0.323563 -0.917269 0.309125 -0.251116 0.331030 0.241187 -0.912276
-1.421660 -5.226020 4.136119 8.275378 0.208644 0.935916 0.283776 -0.910117 0.292023 -0.293957 0.357988 0.196937 -0.912721
-1.425802 -4.795178 7.022640 -25.965330 0.211728 0.926977 0.309652 0.950210 -0.269366 0.156661 0.228631 0.261065 -0.937856
-1.171465 -4.534645 12.064785 -30.164966 0.188566 0.921427 0.339728 0.960733 -0.244785 0.130663 0.203557 0.301750 -0.931403
-1.525890 -4.131359 11.731672 -38.950927 0.186550 0.936211 0.297841 0.974221 -0.215428 0.066965 0.126857 0.277670 -0.952264
-1.206329 -3.887518 13.482011 -41.795606 0.167666 0.929561 0.328335 0.979749 -0.194092 0.049188 0.109450 0.313439 -0.943280
178.403468 -3.010130 13221.133500 316.562461 -0.144116 0.989560 0.001484 0.095358 0.012395 0.995366 -0.984956 -0.143590 0.096149
66.608518 -3.596268 3872.654729 121.025153 -0.186668 0.982342 0.012589 0.077843 0.002016 0.996964 -0.979334 -0.187081 0.076844
62.054137 -2.402834 4261.953400 77.426753 -0.147647 0.988823 0.020697 0.112982 -0.003927 0.993589 -0.982566 -0.149039 0.111139
1.634610 -25.838298 -19.513834 48.020579 0.152326 0.982463 0.107533 0.791128 -0.055995 -0.609082 0.592379 -0.177852 0.785784
2.112817 -24.177311 -32.192174 292.531931 0.156802 0.984913 0.073207 0.540008 -0.023436 -0.841333 0.826925 -0.171455 0.535536
1.271908 -22.609136 -18.478881 166.596979 0.171085 0.980013 0.101514 0.572157 -0.014944 -0.820008 0.802101 -0.198373 0.563278
1.264158 -13.282888 -314.470039 -149.472849 0.253775 0.005752 -0.967246 0.964575 0.072993 0.253508 0.072061 -0.997316 0.012976
-3.191361 -28.569130 7.491667 1257.083117 -0.515630 -0.013359 -0.856707 0.856366 0.024196 -0.515802 0.027619 -0.999618 -0.001036
-5.265390 -7.656106 86.353250 310.009207 -0.412774 -0.011267 -0.910764 0.908069 0.072754 -0.412453 0.070909 -0.997286 -0.019800
-3.016818 -7.273532 -53.597594 363.797779 -0.526584 -0.160718 -0.834793 -0.398904 0.913864 0.075686 0.750723 0.372858 -0.545337
-4.765928 -30.602674 -88.395040 1378.468240 -0.605893 0.097357 -0.789567 -0.209901 0.937752 0.276701 0.767356 0.333382 -0.547741
-5.186865 -9.436990 -155.685126 443.205126 -0.613595 -0.056748 -0.787579 -0.346302 0.915714 0.203819 0.709631 0.397802 -0.581530
1.225019 -4.922927 230.403525 -31.562702 0.026411 0.857955 0.513045 -0.714397 0.375193 -0.590650 0.699242 0.350918 -0.622830
-0.765760 -6.933680 260.535557 -151.040572 -0.056503 0.870179 0.489486 -0.746043 0.289014 -0.599909 0.663497 0.399074 -0.632860
-8.916099 -11.465332 -176.114219 519.135123 -0.749751 0.288301 -0.595613 -0.058081 0.867954 0.493237 0.659166 0.404399 -0.634005
-5.875468 -20.663108 -149.871013 428.092201 -0.436087 0.026294 -0.899520 0.898731 0.063766 -0.433840 0.045951 -0.997618 -0.051439
-6.696248 -22.403851 -197.802219 -350.615741 -0.611807 0.023011 -0.790672 0.781518 0.171948 -0.599719 0.122155 -0.984837 -0.123183
-2.554372 -18.357095 -83.132261 -218.998802 -0.569681 -0.003755 -0.821857 0.813694 0.138086 -0.564654 0.115607 -0.990413 -0.075610
-2.571741 -20.135828 -75.056238 420.279493 -0.430478 -0.029142 -0.902131 0.902448 0.004530 -0.430775 0.016641 -0.999565 0.024349
-5.430268 -6.442104 30.200968 -5.069009 -0.685036 -0.365968 0.629915 0.085323 0.818409 0.568267 -0.723495 0.443030 -0.529414
-4.998084 -6.274195 17.994681 -3.974443 -0.625601 -0.449335 0.637747 -0.027153 0.829520 0.557816 -0.779670 0.331654 -0.531149
-4.935616 -6.339697 25.997419 -5.428882 -0.557679 -0.258460 0.788792 0.252824 0.852243 0.457998 -0.790617 0.454841 -0.409933
-5.199295 -6.303219 28.344129 -8.380932 -0.685142 -0.504225 0.525679 -0.157521 0.807166 0.568920 -0.711174 0.306985 -0.632450
-5.635557 -6.579144 35.276172 -2.156381 -0.651217 -0.187003 0.735490 0.336597 0.797444 0.500785 -0.680160 0.573684 -0.456365
-6.205018 -6.632668 36.077574 -4.319313 -0.771172 -0.187717 0.608322 0.217773 0.820111 0.529143 -0.598221 0.540537 -0.591567
-5.785634 -6.444379 41.191393 -9.136468 -0.758634 -0.414849 0.502370 -0.062797 0.814046 0.577395 -0.648484 0.406484 -0.643614
7.576196 -5.518602 24.569193 98.512392 0.948313 0.308181 0.075680 0.085845 -0.478724 0.873758 -0.305506 0.822099 0.480436
7.423951 -3.047984 -6.827295 31.057951 0.938064 0.323623 0.123709 0.068223 -0.522615 0.849835 -0.339679 0.788759 0.512325
6.439149 -5.720813 -102.901299 107.850553 0.899989 0.403671 0.164528 0.064543 -0.496674 0.865534 -0.431108 0.768352 0.473056
5.625165 -9.179244 -63.589328 162.351547 0.911744 0.395772 0.109948 0.048018 -0.368528 0.928375 -0.407944 0.841161 0.355008
3.040155 -1.185416 -135.510809 4.979839 -0.939322 0.042716 -0.340368 -0.046432 0.967254 0.249527 0.339881 0.250190 -0.906579
0.838432 -1.360926 -97.091569 26.319577 -0.933329 0.094076 -0.346478 -0.005695 0.961058 0.276288 0.358978 0.259841 -0.896447
3.017724 -1.040115 -128.649982 14.681909 -0.941631 0.046745 -0.333385 -0.047304 0.962115 0.268510 0.333306 0.268608 -0.903746
0.852519 -1.582064 -100.728258 25.116372 -0.930612 0.124211 -0.344287 0.029329 0.962937 0.268129 0.364831 0.239426 -0.899763
4.740711 -1.021034 -113.827548 -1.901165 -0.962398 0.018847 -0.270990 -0.052822 0.965564 0.254745 0.266460 0.259480 -0.928261
3.017487 -1.413198 -145.629873 9.793349 -0.936662 0.044717 -0.347368 -0.039961 0.971694 0.232840 0.347947 0.231974 -0.908362
4.723653 -1.150636 -122.063075 -4.548888 -0.959047 0.006967 -0.283160 -0.061320 0.970882 0.231576 0.276528 0.239456 -0.930695
-0.536408 -9.246610 -5.900815 -2.150129 0.026831 0.997049 -0.071928 0.996545 -0.021021 0.080346 -0.078597 0.073835 0.994168
-0.364244 -9.300775 -4.678238 -6.069309 0.014028 0.998027 -0.061203 0.997570 -0.009791 0.068983 -0.068247 0.062022 0.995739
-0.409040 -8.939852 -4.340311 9.851818 0.043865 0.995953 -0.078442 0.983415 -0.056878 -0.172223 0.175988 0.069586 0.981930
-0.474247 -8.655914 -4.260964 19.515915 0.063750 0.993495 -0.094355 0.983896 -0.078390 -0.160634 0.166986 0.082595 0.982494
-0.659729 -9.116111 6.807182 3.822098 -0.046841 -0.995131 0.086719 0.994868 -0.038682 0.093490 -0.089681 0.090653 0.991836
-2.803809 -16.151050 -5.302377 -251.155928 0.236754 0.960210 0.148137 0.745687 -0.277326 0.605839 -0.622815 0.032971 0.781674
-3.377014 -18.129696 -6.964002 -113.029003 0.214446 0.970067 0.113939 0.914277 -0.240408 0.326039 -0.343671 -0.034254 0.938465
-2.651020 -16.010836 18.562524 -268.808135 0.175983 0.984311 0.012754 0.738636 -0.140602 0.659278 -0.650728 0.106601 0.751791
-2.273600 -13.814971 11.180562 -310.363126 0.193637 0.976036 0.099292 0.496169 -0.184738 0.848344 -0.846357 0.115006 0.520051
-2.065935 -16.357217 36.744126 -174.659295 0.181019 0.977770 -0.105823 0.898580 -0.120698 0.421883 -0.399732 0.171459 0.900453
-1.460884 -14.748695 38.641150 -268.645991 0.130356 0.985205 -0.111261 0.700737 -0.012161 0.713316 -0.701410 0.170950 0.691954
-1.640218 -12.424764 30.259733 -265.018853 0.144143 0.989001 -0.033175 0.490928 -0.042361 0.870170 -0.859193 0.141715 0.491634
0.759200 -5.248765 -6.145193 -2.692972 0.293212 0.920589 -0.257958 0.417794 -0.366071 -0.831529 0.859927 -0.136041 0.491953
0.573668 -5.456654 0.144258 18.170235 0.252343 0.940156 -0.228977 0.528943 -0.332173 -0.780949 0.810273 -0.075951 0.581110
0.816519 -5.414862 2.758615 -0.320331 0.250474 0.933407 -0.256931 0.388802 -0.340033 -0.856277 0.886620 -0.114580 0.448080
0.672698 -5.644608 10.238583 2.031322 0.208032 0.948205 -0.240062 0.367817 -0.303254 -0.879061 0.906330 -0.094574 0.411852
0.946767 -5.721642 5.483187 -14.308234 0.233135 0.934562 -0.268779 0.241030 -0.323305 -0.915084 0.942100 -0.148555 0.300631
0.559991 -5.946966 65.970887 0.969592 0.181675 0.974845 -0.129115 0.378286 -0.190479 -0.905879 0.907686 -0.115733 0.403376
2.320657 -6.047763 133.692499 -0.792418 0.183871 0.975777 -0.118539 0.409166 -0.185630 -0.893378 0.893742 -0.115764 0.433387
0.696608 -5.820719 62.837422 -14.826866 0.195885 0.969994 -0.144014 0.506384 -0.225819 -0.832214 0.839764 -0.090092 0.535424
-0.420112 -5.787391 16.775095 -15.216878 0.213517 0.966981 -0.139132 0.478851 -0.227724 -0.847846 0.851535 -0.114406 0.511663
-1.811092 -6.723062 197.157103 98.318470 0.992063 0.031243 -0.121797 0.117562 -0.574090 0.810308 0.044606 0.818196 0.573207
-1.613703 -5.159693 191.453040 13.285708 0.967780 -0.191339 0.163677 -0.249970 -0.651958 0.715867 0.030263 0.733716 0.678782
0.261898 -5.654093 196.611300 77.472828 0.998057 -0.028668 -0.055324 0.026846 -0.603397 0.796989 0.056230 0.796925 0.601455
0.049719 -7.969491 213.756820 114.714582 0.978382 0.046523 -0.201503 0.200440 -0.453190 0.868587 0.050910 0.890199 0.452718
1.617912 -11.427878 31.241595 -52.082350 0.662048 0.472190 -0.582005 0.643626 0.039650 0.764312 -0.383977 0.880605 0.277664
1.503300 -12.443482 -28.424821 -116.120681 -0.656273 -0.479135 0.582868 0.700522 -0.099927 0.706600 -0.280313 0.872034 0.401224
2.013587 -11.458066 -13.799964 -49.684559 -0.633191 -0.519313 0.573919 0.646444 0.052955 0.761122 -0.425652 0.852942 0.302176
0.797898 -12.608992 37.851336 -140.854902 0.687933 0.443902 -0.574194 0.673810 -0.096659 0.732555 -0.269682 0.890847 0.365601
1.641044 -11.297488 23.252760 34.023368 0.665531 0.484055 -0.568119 0.568372 0.164664 0.806126 -0.483758 0.859405 0.165534
0.945495 -11.266635 33.857611 -63.982023 0.688878 0.448731 -0.569288 0.612355 0.060019 0.788301 -0.387903 0.891649 0.233437
-0.840883 -11.356680 -9.816446 -11.261433 -0.011909 0.985035 -0.171942 -0.718521 0.111156 0.686565 -0.695403 -0.131720 -0.706445
-0.502111 -11.963391 -7.237670 -20.304045 -0.031482 0.982372 -0.184269 -0.719740 0.105641 0.686159 -0.693529 -0.154227 -0.703727
-0.817419 -11.309217 -8.729955 4.729288 -0.028967 0.987891 -0.152422 -0.559490 0.110338 0.821460 -0.828331 -0.109073 -0.549519
-1.181242 -10.824135 -10.434782 6.843126 -0.002324 0.991351 -0.131220 -0.557219 0.107677 0.823354 -0.830362 -0.075032 -0.552150
-1.230513 -10.934495 -11.327349 -0.333559 0.011091 0.989449 -0.144455 -0.715931 0.108711 0.689655 -0.698083 -0.095771 -0.709583
-4.449127 -278.292152 -1435.584300 27539.181025 0.881289 0.209819 -0.423444 -0.165652 0.976336 0.139020 0.442593 -0.052373 0.895192
-0.405453 -146.446177 590.434781 2218.214759 0.631963 0.770457 -0.083781 0.695499 -0.611505 -0.377283 0.341913 -0.180159 0.922300
-25.383576 -755.674323 711.195348 61833.226911 0.772819 0.340386 -0.535620 -0.463976 0.878875 -0.110924 0.432987 0.334239 0.837142
-12.008631 -258.252949 -925.606387 27839.185701 0.810492 0.204646 -0.548838 -0.127705 0.976179 0.175401 0.571660 -0.072072 0.817319
-24.138361 -157.126104 292.789955 14160.507323 0.721277 0.150394 -0.676122 -0.041599 0.983786 0.174454 0.691396 -0.097704 0.715839
-14.887209 -57.520515 2072.455416 4961.806410 -0.432176 0.690747 0.579735 0.132132 0.684438 -0.716998 0.892057 0.233268 0.387067
1.232632 -5.227054 133.167044 -15.049562 0.247830 0.968599 -0.019883 -0.199220 0.071036 0.977377 -0.948099 0.238262 -0.210569
2.977758 -5.366799 143.601505 -15.504424 0.224731 0.974411 -0.004356 -0.227871 0.056900 0.972027 -0.947402 0.217453 -0.234827
0.933468 -4.931123 124.493329 -12.136000 0.231618 0.972456 0.026122 -0.320735 0.050986 0.945796 -0.918413 0.227441 -0.323710
2.828569 -5.639538 139.272646 -15.617040 0.234602 0.971233 -0.040851 -0.094124 0.064522 0.993467 -0.967524 0.229224 -0.106553
-0.607588 -5.050763 78.401002 -16.491384 0.243638 0.968009 -0.059987 -0.207487 0.112441 0.971754 -0.947412 0.224310 -0.228244
0.806308 -5.480818 113.017917 -17.157388 0.253899 0.964597 -0.071322 -0.080733 0.094616 0.992235 -0.963855 0.246170 -0.101898
-2.302121 -11.246633 -19.580398 -20.980935 0.707917 0.615142 -0.347065 0.217293 0.277871 0.935720 -0.672039 0.737827 -0.063044
-1.838966 -11.508273 -26.856172 -21.730778 0.668311 0.631971 -0.392393 0.273588 0.281707 0.919669 -0.691744 0.721979 -0.015368
-1.704631 -11.402873 -14.997727 -12.583811 0.714269 0.617816 -0.328821 0.346694 0.095791 0.933074 -0.607966 0.780467 0.145773
-2.038937 -11.214067 -13.387814 -9.158808 0.749893 0.597695 -0.283586 0.287237 0.091992 0.953432 -0.595950 0.796428 0.102696
-2.597142 -11.112408 -16.689316 -16.856238 0.743501 0.596439 -0.302436 0.164743 0.274952 0.947239 -0.648125 0.754097 -0.106168
-0.033941 -19.292294 -30.805818 335.622011 0.421931 0.905020 0.053977 0.555221 -0.210867 -0.804528 0.716731 -0.369425 0.591457
-0.230915 -17.935378 -14.570163 176.348702 0.417835 0.907892 0.033846 0.577004 -0.236407 -0.781779 0.701769 -0.346184 0.622637
-0.225248 -20.366468 -34.173580 354.397552 0.421258 0.904784 0.062516 0.667720 -0.262760 -0.696496 0.613752 -0.335148 0.714832
0.083307 -24.008252 -9.982132 455.146601 0.422940 0.904819 0.049248 0.718609 -0.301800 -0.626513 0.552017 -0.300367 0.777854
0.336882 -19.957331 -5.628421 270.437298 0.398753 0.915813 0.047788 0.534310 -0.189660 -0.823737 0.745325 -0.354001 0.564955
-3.391611 -79.746146 103.380109 2886.998379 0.184916 0.980802 -0.061922 0.916732 -0.194856 -0.348759 0.354130 -0.007726 0.935164
-1.784233 -57.921913 100.566183 2507.947559 -0.034676 0.999382 0.005689 0.582233 0.024828 -0.812643 0.812282 0.024867 0.582734
0.196647 -61.356557 30.876538 2492.078677 -0.005148 0.999736 0.022411 0.573003 0.021316 -0.819276 0.819537 -0.008624 0.572961
-5.113489 -59.061157 234.354060 2218.169257 0.128041 0.989947 -0.060094 0.742339 -0.135843 -0.656109 0.657677 -0.039399 0.752269
0.080671 -268.648082 -7.847508 13477.536652 0.246455 0.969024 -0.015863 0.914570 -0.237959 -0.327013 0.320659 -0.066086 0.944887
-2.783348 -209.416751 -29.048622 -7676.235542 0.027181 0.999404 0.021290 0.928020 -0.033144 0.371053 -0.371538 -0.009672 0.928367
104.761746 -947.319304 379.683555 -38829.884241 -0.227526 0.958485 -0.171865 0.892047 0.275935 0.357929 -0.390493 0.071873 0.917796
-4.692316 -113.308527 110.427208 5127.718535 0.236491 0.971600 -0.008083 0.965695 -0.235956 -0.108436 0.107264 -0.017838 0.994071
-35.541691 -505.573201 -997.329799 -16051.450346 0.669209 0.740615 -0.060405 0.381322 -0.272510 0.883364 -0.637771 0.614189 0.464779
-112.510219 -1313.493272 -3572.930134 44395.522354 0.544579 0.797914 0.258393 0.838245 -0.528060 -0.136011 0.027922 0.290665 -0.956417
-75.307808 -658.439155 -2527.697453 6582.101396 0.651188 0.739341 0.171257 0.750773 -0.594613 -0.287708 -0.110883 0.315927 -0.942282
-88.687769 -1396.126246 -2128.151789 -29652.415082 0.975088 0.033594 -0.219258 0.221659 -0.184887 0.957436 0.008374 0.982185 0.187728
186.023873 -1166.127880 16315.308183 114228.808092 0.150517 0.818062 -0.555085 0.845504 -0.397493 -0.356541 0.512315 0.415661 0.751504
-225.726963 -800.331460 -7642.550355 -67681.632212 0.718586 0.679751 -0.146878 -0.618724 0.721325 0.311240 0.317513 -0.132776 0.938912
0.848233 -5.672484 -1.013205 -3.210790 -0.194336 0.961630 -0.193654 -0.540167 0.059882 0.839425 -0.818812 -0.267736 -0.507803
0.972262 -5.528499 -3.729246 -8.606732 -0.182345 0.965195 -0.187479 -0.546686 0.058960 0.835259 -0.817242 -0.254798 -0.516908
0.939790 -5.687778 3.929925 -3.993689 -0.176356 0.963047 -0.203567 -0.433190 0.109770 0.894593 -0.883880 -0.245951 -0.397824
0.830164 -5.731991 0.400250 -1.385410 -0.190337 0.959758 -0.206485 -0.426240 0.108680 0.898058 -0.884359 -0.258946 -0.388402
0.577824 -5.787939 -19.472848 1.910809 -0.214271 0.956508 -0.197940 -0.530414 0.056225 0.845872 -0.820213 -0.286236 -0.495298
-1.526518 -5.067017 50.849435 -49.256177 0.950904 0.158988 -0.265528 -0.013184 0.877992 0.478493 -0.309206 0.451500 -0.836982
-2.230393 -5.337307 39.324809 -58.346492 0.936375 0.224007 -0.270229 -0.070054 0.873657 0.481473 -0.343941 0.431908 -0.833763
-1.930230 -6.023098 55.838441 -85.673624 0.948215 0.216350 -0.232551 -0.051908 0.827857 0.558533 -0.313358 0.517538 -0.796217
-1.389863 -5.701924 56.578783 -73.253594 0.955709 0.173490 -0.237741 -0.019278 0.842953 0.537642 -0.293680 0.509246 -0.808962
-194.663087 -297.493811 -11057.804896 -2304.698117 -0.462225 -0.348088 0.815587 0.884183 -0.110810 0.453808 -0.067590 0.930890 0.358992
-92.230232 -173.387279 3974.218259 5402.239266 0.745129 0.097710 -0.659724 0.593547 -0.548233 0.589188 0.304113 0.830598 0.466499
-61.668193 -5009.229871 -10090.698202 523478.274816 -0.045450 -0.217942 0.974903 0.997777 -0.057515 0.033658 0.048736 0.974265 0.220072
1.074841 -22.797935 23.007880 430.582789 -0.075306 0.910595 -0.406380 0.690406 -0.246441 -0.680151 0.719492 0.331787 0.610122
1.903047 -28.531738 -2.350810 549.778781 -0.045070 0.903744 -0.425694 0.873042 -0.171486 -0.456497 0.485557 0.392223 0.781278
1.465947 -22.651523 -33.523667 418.163003 -0.002104 0.894217 -0.447629 0.695752 -0.320215 -0.642956 0.718279 0.312792 0.621479
2.246078 -23.067750 -57.276173 486.673370 0.037427 0.854229 -0.518548 0.647533 -0.415961 -0.638497 0.761118 0.311880 0.568709
0.896319 -15.947053 -68.635291 188.162899 0.037500 0.888117 -0.458085 0.507776 -0.411752 -0.756719 0.860673 0.204228 0.466405
1.288518 -18.823329 -7.971014 -118.416666 0.145613 0.066486 -0.987105 0.519229 0.844152 0.133452 0.842139 -0.531966 0.088398
2.002502 -19.443022 26.300763 -396.328930 0.080985 0.118558 -0.989639 0.734374 0.664219 0.139669 0.673896 -0.738076 -0.033274
1.987624 -17.474105 1.752883 -169.430316 0.117961 0.015661 -0.992895 0.678774 0.728545 0.092133 0.724811 -0.684819 0.075310
0.665604 -10.553288 8.975714 -31.457432 -0.033415 -0.996421 0.077642 0.999326 -0.032128 0.017763 -0.015205 0.078183 0.996823
0.426724 -9.982259 11.640000 -32.015673 -0.016415 -0.998109 0.059244 0.999041 -0.013967 0.041494 -0.040588 0.059868 0.997381
0.743247 -10.008163 -9.332265 -22.268264 -0.007459 0.996079 -0.088155 0.967915 0.029335 0.249560 -0.251167 0.083465 0.964338
0.718495 -9.599741 -12.280861 6.686975 -0.038364 0.994901 -0.093277 0.887511 0.076820 0.454338 -0.459187 0.065354 0.885932
0.964984 -9.962982 -5.656721 -15.129686 -0.024086 0.991773 -0.125720 0.890195 0.078506 0.448764 -0.454942 0.101106 0.884763
-4.500699 -8.004500 -2.222026 39.269298 0.007419 -0.982910 0.183939 0.998134 -0.003868 -0.060931 0.060601 0.184048 0.981047
-4.031893 -7.284278 35.556450 53.764982 -0.098472 -0.961122 0.257970 0.988500 -0.124366 -0.086023 0.114761 0.246532 0.962316
2.956826 -7.198721 116.585532 135.563723 -0.599021 0.722463 0.345286 0.737513 0.665732 -0.113474 0.311849 -0.186679 0.931612
1.781777 -7.959067 74.669965 141.473323 -0.594726 0.742300 0.308693 0.769868 0.636454 -0.047228 0.231526 -0.209565 0.949988
1.056294 -6.410163 61.494830 44.263550 -0.539578 0.786561 0.300295 0.784871 0.598999 -0.158678 0.304686 -0.150074 0.940555
1.538956 -7.786353 -2.221185 109.998239 -0.518176 0.801228 0.299211 0.821836 0.563318 -0.085195 0.236811 -0.201756 0.950376
2.061487 -6.216100 123.960207 -16.108319 -0.559041 0.775410 0.293619 0.756105 0.622088 -0.203255 0.340263 -0.108379 0.934064
1.058339 -6.767824 -38.672528 55.844831 -0.417826 0.855827 0.304930 0.833704 0.494556 -0.245666 0.361053 -0.151575 0.920144
0.526718 -6.458080 39.408703 -40.563417 -0.460137 0.838477 0.291941 0.798182 0.534665 -0.277560 0.388818 -0.105307 0.915276
0.772528 -6.128050 98.112578 -68.241819 -0.511191 0.811545 0.282981 0.784714 0.575009 -0.231491 0.350582 -0.103723 0.930770
0.941051 -4.564035 -588.273037 8.021755 0.328160 0.386909 -0.861750 -0.067711 0.919557 0.387079 0.942192 -0.068674 0.327960
12.317986 -6.074651 -797.389389 -106.682458 0.361335 0.382105 -0.850549 -0.075154 0.921146 0.381893 0.929402 -0.074069 0.361559
-2.617068 -5.595694 75.782538 66.962462 0.266573 0.957456 -0.110531 0.639746 -0.261549 -0.722715 0.720877 -0.121945 0.682250
-3.003180 -4.998038 4.720468 49.848841 0.181205 0.980576 0.075075 0.680100 -0.069805 -0.729788 0.710372 -0.183299 0.679539
-2.477582 -4.758408 -98.739317 21.643462 -0.005352 0.943691 0.330784 0.701652 0.239234 -0.671157 0.712499 -0.228503 0.663424
-2.974690 -4.057095 -1.030168 -18.524551 -0.572682 0.770518 0.279889 0.784592 0.416213 0.459545 0.237595 0.482772 -0.842900
-2.566130 -3.943370 -23.321554 3.665646 -0.216705 0.887055 0.407642 0.950038 0.095536 0.297154 0.224647 0.451671 -0.863439
-2.312021 -3.895764 -12.139296 -10.083314 -0.474552 0.808610 0.347778 0.868094 0.364556 0.336916 0.145649 0.461788 -0.874950
-3.214851 -3.711759 -15.725398 6.510696 -0.276372 0.881742 0.382296 0.907778 0.108909 0.405066 0.315528 0.458989 -0.830525
-2.414827 -4.133652 -1.330324 -31.263633 -0.658011 0.698896 0.280295 0.736802 0.520770 0.431186 0.155385 0.490248 -0.857620
-3.261129 -4.149638 -13.161771 -33.469758 0.819747 -0.572204 -0.024438 0.468045 0.644714 0.604382 0.330075 0.506878 -0.796320
-2.836881 -4.367960 -8.185154 -28.434096 0.729239 -0.654770 -0.198713 0.638029 0.545731 0.543227 0.247245 0.522927 -0.815731
2.073775 -5.747741 -128.634866 -4.673521 0.053351 0.997635 0.043339 -0.745883 0.068669 -0.662528 0.663937 -0.003021 -0.747783
2.339273 -5.599904 -113.334487 0.243441 0.049864 0.996930 0.060364 -0.821274 0.075321 -0.565541 0.568351 0.021375 -0.822508
0.911796 -5.582705 -94.485349 11.964273 0.035780 0.998637 0.038000 -0.837164 0.050717 -0.544596 0.545781 0.012327 -0.837837
0.117781 -6.487290 -1.236175 -10.210833 -0.055538 0.998312 0.016967 -0.650607 -0.023293 -0.759057 0.757381 0.053195 -0.650803
-0.190408 -5.952486 -6.885573 -16.298746 -0.034633 0.998541 0.041428 -0.455203 0.021142 -0.890137 0.889714 0.049686 -0.453807
0.730288 -6.510503 5.356259 7.216672 -0.077843 0.996963 -0.002359 -0.805487 -0.064287 -0.589116 0.587478 0.043958 -0.808045
0.570398 -6.162369 -1.458906 3.129527 -0.132410 0.989032 -0.065443 -0.777014 -0.144565 -0.612658 0.615400 0.030272 -0.787634
-0.093312 -6.007961 -14.009243 -12.993640 -0.064439 0.997579 -0.026166 -0.615291 -0.060361 -0.785985 0.785662 0.034548 -0.617691
-0.663591 -8.914148 10.566701 213.074409 -0.059752 0.926251 0.372141 0.617771 -0.258522 0.742648 -0.784085 -0.274273 0.556763
-0.373044 -6.575595 12.965254 164.553009 0.005955 0.904298 0.426861 0.649503 -0.328067 0.685943 -0.760336 -0.273162 0.589298
10.186168 -5.394700 269.113563 54.934602 -0.224724 0.973960 -0.030019 -0.056995 0.017616 0.998219 -0.972754 -0.226035 -0.051552
7.579179 -5.560515 208.084345 56.594264 -0.238561 0.962366 -0.130159 -0.015350 0.130275 0.991359 -0.971006 -0.238497 0.016306
64.149589 -6.158048 2549.335800 157.566159 -0.280526 0.956665 0.078084 -0.032948 -0.090900 0.995315 -0.959281 -0.276639 -0.057020
61.954511 -4.853001 3061.414641 139.267297 -0.239999 0.969377 0.052041 0.032784 -0.045484 0.998427 -0.970219 -0.241328 0.020864
1.826352 -3.801910 31.550359 -0.429344 -0.241572 0.944588 -0.222255 0.001729 0.229457 0.973317 -0.970381 -0.234742 0.057064
7.804038 -3.202490 975.172861 -91.069602 -0.119652 0.876605 0.466098 0.246121 -0.428626 0.869312 -0.961825 -0.218732 0.164465
16.307581 -3.832983 1937.035202 -68.818661 -0.168654 0.872100 0.459344 0.276805 -0.405360 0.871242 -0.946010 -0.274087 0.173036
57.402144 -0.220491 6262.998753 -92.323835 -0.188842 0.960089 0.206320 0.165099 -0.176069 0.970434 -0.968029 -0.217322 0.125261
53.787628 -1.669615 6637.763870 -134.231071 -0.273092 0.912273 0.305251 0.204776 -0.254911 0.945033 -0.939940 -0.320589 0.117198
39.498069 -4.569425 4720.261206 33.698800 -0.269251 0.865741 0.421896 0.322391 -0.331776 0.886560 -0.907507 -0.374722 0.189776
8.408193 -6.437530 -65.466493 188.142770 0.376269 -0.912323 0.161518 0.916319 0.340645 -0.210527 0.137048 0.227217 0.964153
9.379878 -5.802383 -19.694357 189.557839 -0.422939 0.905167 -0.042369 0.875086 0.395851 -0.278435 0.235258 0.154837 0.959520
8.741267 -7.881171 -139.730844 254.280814 -0.353683 0.932622 0.071580 0.905788 0.360587 -0.222542 0.233359 0.013873 0.972292
7.188313 -6.214580 -145.838975 34.853341 0.301017 -0.927364 0.222225 0.952881 0.301665 -0.031861 -0.037490 0.221345 0.974475
8.420088 -7.854968 75.433487 -82.786828 0.314797 -0.947486 -0.056332 0.948948 0.312921 0.039723 -0.020010 -0.065961 0.997622
0.071370 -11.265086 -2.902255 -120.588184 -0.216671 0.969124 -0.117699 -0.502846 -0.214129 -0.837433 0.836779 0.122263 -0.533716
0.078162 -10.721033 3.874294 -89.084224 -0.216195 0.970725 -0.104654 -0.531633 -0.206947 -0.821303 0.818918 0.121924 -0.560811
0.191088 -10.206089 0.297327 -49.042227 -0.204473 0.973658 -0.100897 -0.397479 -0.176780 -0.900422 0.894540 0.144008 -0.423155
0.199630 -10.157953 12.093272 -60.437924 -0.216654 0.971530 -0.095865 -0.561038 -0.204268 -0.802191 0.798935 0.120014 -0.589321
0.166762 -10.161665 8.759996 -15.542431 -0.206721 0.974100 -0.091626 -0.432008 -0.174901 -0.884748 0.877859 0.143313 -0.456974
-1.514868 -11.086146 -8.596513 4.817738 0.053160 0.986915 0.152225 -0.857648 0.123205 -0.499260 0.511482 0.104014 -0.852975
-1.549281 -10.770039 -9.238479 1.305907 0.048863 0.987621 0.149054 -0.943953 0.094436 -0.316282 0.326443 0.125245 -0.936882
-1.710768 -10.919672 -4.914347 -0.742439 0.031881 0.977353 0.209201 -0.857545 0.134265 -0.496577 0.513419 0.163568 -0.842405
-1.217603 -11.034012 -11.889482 6.806485 0.056931 0.994046 0.092910 -0.943421 0.084014 -0.320779 0.326674 0.069390 -0.942586
-1.646922 -10.676257 -4.017002 -0.510810 0.033323 0.977732 0.207194 -0.731536 0.165114 -0.661507 0.680988 0.129527 -0.720749
-1.456767 -10.886998 -7.748027 4.739944 0.064911 0.985182 0.158752 -0.730537 0.155288 -0.664982 0.679781 0.072810 -0.729792
-1.193019 -11.377174 -10.547386 14.661131 0.075485 0.991620 0.104842 -0.857472 0.118218 -0.500766 0.508964 0.052099 -0.859210
-0.096625 -12.287764 -18.123581 -38.049175 -0.137414 0.984385 0.110016 -0.476646 -0.163080 0.863837 -0.868289 -0.066265 -0.491613
0.375713 -12.659474 -8.610766 -39.635900 -0.099877 0.989517 0.104311 -0.602562 -0.143576 0.785051 -0.791797 -0.015555 -0.610586
0.416730 -13.038816 -8.727106 -25.116383 -0.116723 0.985058 0.126636 -0.456670 -0.166461 0.873924 -0.881946 -0.044176 -0.469276
-2.280905 -15.538068 -61.097110 -171.587087 -0.177782 0.785791 -0.592391 -0.777580 0.256775 0.573965 -0.603128 -0.562672 -0.565365
-1.305456 -15.385086 -39.331746 138.283707 -0.178717 0.768813 -0.613992 0.824481 -0.223526 -0.519873 -0.536928 -0.599135 -0.593924
-1.161811 -17.136333 -40.986829 -177.808305 -0.198408 0.770018 -0.606388 -0.679395 0.337880 0.651352 -0.706439 -0.541210 -0.456109
-0.620827 -16.751692 -19.940039 -116.628641 -0.193444 0.760589 -0.619745 -0.728598 0.311671 0.609923 -0.657057 -0.569531 -0.493873
-0.682942 -15.286216 -13.405014 97.556894 -0.172023 0.763828 -0.622073 0.861220 -0.189958 -0.471399 -0.478235 -0.616832 -0.625147
1.892013 -11.751354 -72.964896 -502.358443 -0.115233 0.416687 0.901717 0.101274 0.907962 -0.406630 -0.988162 0.044463 -0.146826
85.181283 -19.947767 4544.496363 -766.123783 0.009856 0.992298 0.123480 -0.166621 -0.120130 0.978676 -0.985972 0.030220 -0.164153
-0.354921 -13.362907 -3.561855 59.995326 -0.122324 0.758025 -0.640652 0.992159 0.076714 -0.098671 -0.025648 -0.647698 -0.761465
-0.356832 -15.067645 -4.698851 59.652971 -0.143555 0.746504 -0.649711 0.982961 0.031394 -0.181116 -0.114807 -0.664640 -0.738290
-0.885967 -13.318186 -12.565957 -45.362527 -0.133723 0.757168 -0.639386 0.989103 0.142064 -0.038631 0.061584 -0.637585 -0.767915
-0.370464 -13.194059 -9.362893 -62.500221 -0.126602 0.752672 -0.646109 0.983640 0.179412 0.016264 0.128161 -0.633479 -0.763072
-0.302805 -13.478673 -8.174093 42.458215 -0.120443 0.744413 -0.656767 0.991446 0.123714 -0.041595 0.050288 -0.656158 -0.752946
