17233
34455
-4.812741 -8.013255 44.883475 104.208634 -0.264917 0.930364 -0.253462 -0.218752 -0.313985 -0.923884 0.939131 0.189307 -0.286699
-5.472566 -9.110965 24.977514 90.720815 -0.264332 0.948750 -0.173213 -0.129028 -0.212775 -0.968545 0.955762 0.233668 -0.178658
-7.141052 -9.927148 104.145410 208.507183 -0.129696 0.942715 0.307354 -0.264863 0.265771 -0.926938 0.955524 0.201627 -0.215221
-4.629372 -8.190909 -62.188309 85.019922 -0.332548 0.889689 -0.312834 -0.130372 -0.371896 -0.919074 0.934032 0.264851 -0.239664
-5.785266 -7.184686 42.898644 134.519590 -0.115023 0.988570 0.097462 -0.384456 0.046165 -0.921988 0.915950 0.143519 -0.374751
-4.417358 -7.156950 31.084859 72.717970 -0.340520 0.836189 -0.429923 -0.206094 -0.512510 -0.833582 0.917372 0.195246 -0.346854
2.182139 -9.060209 32.279214 97.781388 0.258410 0.821355 0.508527 -0.146892 0.553694 -0.819662 0.954802 -0.137110 -0.263730
2.663501 -8.128096 121.978793 30.285809 0.266603 0.790974 0.550711 -0.185710 0.602843 -0.775946 0.945746 -0.104597 -0.307611
3.191891 -10.194664 101.910563 181.982020 0.277610 0.791424 0.544592 -0.082721 0.584460 -0.807195 0.957126 -0.179036 -0.227719
2.083755 -8.660567 -33.596552 4.426788 0.272289 0.835858 0.476656 -0.269472 0.541792 -0.796144 0.923712 -0.088336 -0.372765
3.747188 -10.610737 -44.979742 118.067351 0.271262 0.851082 0.449529 -0.029981 0.474285 -0.879861 0.962038 -0.225196 -0.154172
3.558096 -9.408393 -135.912047 104.469017 0.257981 0.862977 0.434415 -0.162759 0.482028 -0.860905 0.952342 -0.151392 -0.264811
3.472465 -4.752884 -60.336917 -103.432169 -0.082236 0.547587 0.832698 -0.739799 0.526307 -0.419164 0.667783 0.650499 -0.361823
3.503273 -3.440149 -65.711411 -52.651168 -0.154068 0.530106 0.833817 -0.711181 0.526341 -0.466034 0.685919 0.664795 -0.295909
4.055268 -5.149830 -55.411855 117.335180 -0.170074 0.510029 0.843176 0.743639 -0.494999 0.449418 0.646587 0.703453 -0.295091
3.364311 -8.904408 -37.435479 218.556338 -0.215763 0.491142 0.843935 0.793375 -0.415653 0.444734 0.569212 0.765514 -0.299977
3.049214 -6.930100 -84.445359 185.436565 -0.094491 0.527502 0.844283 0.770945 -0.497792 0.397300 0.629854 0.688437 -0.359638
1.998452 -1.639593 165.621195 11.645632 0.072765 0.032220 0.996829 0.238728 0.969861 -0.048774 -0.968356 0.241520 0.062880
3.030346 -1.655449 183.984081 0.082034 0.054226 -0.019444 0.998339 0.211775 0.977289 0.007531 -0.975813 0.211015 0.057113
4.776682 -1.461368 189.677404 12.959388 0.020943 -0.004482 0.999771 0.237625 0.971357 -0.000623 -0.971131 0.237584 0.021408
3.554243 -1.542583 199.023711 6.362098 0.053402 0.025263 0.998253 0.252877 0.966752 -0.037993 -0.966024 0.254464 0.045238
1.119579 -1.742892 135.685503 -4.589188 0.098143 0.128796 0.986803 0.251640 0.956154 -0.149823 -0.962832 0.263023 0.061429
2.276840 -7.408420 -235.295454 18.716600 0.008626 0.996127 -0.087503 -0.774699 0.061987 0.629285 -0.632272 -0.062360 -0.772233
0.361497 -7.562273 -185.860992 3.053557 0.013457 0.996370 -0.084061 -0.725668 0.067569 0.684719 -0.687914 -0.051786 -0.723943
-0.035188 -7.720333 -159.695007 12.847199 -0.002598 0.998080 -0.061880 -0.818210 0.033454 0.573945 -0.574914 -0.052122 -0.816552
-2.213574 -7.738797 -51.669648 0.128291 -0.010103 0.999906 0.009275 -0.846279 -0.013491 0.532569 -0.532644 0.002468 -0.846336
-1.190952 -7.692895 -136.378060 2.281540 -0.023501 0.999027 -0.037317 -0.884099 -0.003343 0.467288 -0.466709 -0.043973 -0.883317
1.794081 -7.617382 -229.042610 1.101953 -0.015214 0.996890 -0.077324 -0.888171 0.022046 0.458984 -0.459261 -0.075660 -0.885073
2.881573 -7.394935 -188.268136 24.322231 0.008176 0.998010 -0.062524 -0.835625 0.041162 0.547756 -0.549239 -0.047768 -0.834299
0.138174 -1.118828 26.431650 56.851407 -0.447297 -0.255239 -0.857192 -0.094064 0.966524 -0.238710 0.889425 -0.026144 -0.456333
0.530931 -0.862494 -1.998658 36.641494 -0.317461 -0.671884 -0.669171 -0.303653 0.740544 -0.599491 0.898339 0.012881 -0.439114
-0.060870 -0.159047 -40.848538 7.353572 0.258005 0.831633 0.491753 -0.376091 0.555289 -0.741761 0.889938 -0.006434 -0.456037
-0.925447 -1.420865 62.465705 -20.758413 -0.436319 0.392272 -0.809783 0.200745 0.919721 0.337364 0.877113 -0.015362 -0.480039
-0.170266 -2.753538 116.830887 84.493990 -0.477647 -0.285390 -0.830907 -0.083540 0.956237 -0.280414 0.874571 -0.064525 -0.480585
-0.077721 -1.100163 75.250319 87.946069 -0.277065 0.823895 -0.494401 -0.384090 -0.566614 -0.728988 0.880744 0.012082 -0.473439
0.785168 -2.424952 -1.884872 72.557658 -0.415583 -0.348499 -0.840142 -0.112116 0.936268 -0.332914 0.902619 -0.044160 -0.428170
-0.162312 -6.238158 -10.529966 -38.872332 0.197994 0.963656 -0.179348 -0.833559 0.261799 0.486457 -0.515730 -0.053182 -0.855099
-0.225596 -5.950292 -5.458280 14.849376 0.196373 0.963657 -0.181114 -0.835178 0.261160 0.484018 -0.513728 -0.056215 -0.856110
-0.272777 -5.355270 -16.229498 -42.419583 0.200489 0.961462 -0.188135 -0.880700 0.260996 0.395283 -0.429152 -0.086441 -0.899086
-0.463687 -5.778290 -4.725824 -28.454818 0.192577 0.967093 -0.166269 -0.912517 0.238805 0.332093 -0.360871 -0.087770 -0.928477
-0.546900 -5.884846 -20.364086 6.196281 0.210284 0.960073 -0.184502 -0.911963 0.260637 0.316848 -0.352285 -0.101631 -0.930358
-0.197715 -5.769887 -15.783381 4.148365 0.205396 0.959885 -0.190872 -0.910805 0.258846 0.321609 -0.358114 -0.107790 -0.927435
-0.063107 -5.473263 -15.873634 -30.828090 0.209137 0.958820 -0.192162 -0.871309 0.271921 0.408509 -0.443939 -0.081998 -0.892297
-3.507503 -23.619428 31.334566 316.895248 0.403581 0.914766 -0.018058 -0.583010 0.241904 -0.775617 0.705140 -0.323552 -0.630946
-4.371748 -23.419106 -23.388469 83.045737 0.497005 0.867745 0.002142 -0.322436 0.186967 -0.927943 0.805618 -0.460501 -0.372716
-4.627045 -23.969787 -3.300745 282.437409 0.463749 0.885874 -0.012830 -0.537339 0.269721 -0.799073 0.704417 -0.377463 -0.601097
-3.496374 -20.419990 4.653336 188.270773 0.452569 0.891475 -0.021300 -0.659502 0.318537 -0.680875 0.600198 -0.322191 -0.732089
-2.008061 -18.751624 69.634552 330.512480 0.344163 0.938475 -0.028574 -0.776809 0.267518 -0.570090 0.527371 -0.218400 -0.821085
-1.741732 -20.707996 101.811540 285.913868 0.293205 0.955974 0.012033 -0.668155 0.213898 -0.712612 0.683812 -0.200901 -0.701455
-1.823618 -21.144577 154.301332 347.606746 0.303028 0.951689 0.049626 -0.557074 0.219148 -0.801026 0.773203 -0.215088 -0.596569
-2.535266 -20.486769 154.011893 -99.411527 0.291408 0.955310 0.049642 -0.339790 0.151880 -0.928157 0.894217 -0.253605 -0.368864
0.045149 -20.482245 -19.525723 -18.819585 0.279693 0.952991 0.116533 0.853156 -0.191034 -0.485419 0.440338 -0.235189 0.866481
0.025847 -20.450572 -22.385215 -80.942713 0.266521 0.955318 0.127801 0.942118 -0.230232 -0.243735 0.203420 -0.185364 0.961385
0.338969 -22.264145 -36.233858 -47.485090 0.283727 0.952146 0.113652 0.911938 -0.231289 -0.338932 0.296426 -0.199808 0.933921
0.473105 -21.038397 -33.237666 26.022301 0.302590 0.946164 0.114953 0.846423 -0.211307 -0.488792 0.438187 -0.245202 0.864794
0.099612 -20.764183 -33.950366 199.853245 0.297362 0.947711 0.115845 0.769353 -0.165994 -0.616880 0.565395 -0.272563 0.778485
8.018429 -7.968902 27.479214 -73.589914 -0.162530 0.971053 0.175043 0.191892 -0.142907 0.970956 -0.967864 -0.191398 0.163111
8.487473 -8.058485 1.501905 -39.674125 -0.205728 0.960335 0.188238 0.122907 -0.165474 0.978526 -0.970861 -0.224445 0.083989
7.514279 -8.000275 23.527112 -8.247832 -0.161469 0.971966 0.170908 0.110370 -0.154309 0.981839 -0.980687 -0.177399 0.082360
6.800910 -7.842918 132.531862 -38.290818 -0.015213 0.993459 0.113169 0.139667 -0.109961 0.984074 -0.990082 -0.030777 0.137081
5.301513 -14.180308 44.864717 156.879406 0.285849 0.560477 0.777275 0.904204 -0.426364 -0.025086 0.317342 0.709985 -0.628661
5.822947 -14.181781 -3.675398 125.545028 0.332338 0.649743 0.683656 0.896054 -0.443728 -0.013873 0.294343 0.617203 -0.729673
5.667737 -13.012992 43.868752 247.586034 0.289652 0.588946 0.754483 0.825494 -0.552674 0.114501 0.484418 0.589656 -0.646255
1.052381 -17.534501 -32.952309 -176.128627 -0.171787 0.970632 0.168413 0.983946 0.160660 0.077710 0.048370 0.179059 -0.982649
0.735008 -16.020902 -31.924264 -107.295199 -0.188316 0.971059 0.146904 0.975345 0.202439 -0.087868 -0.115064 0.126735 -0.985240
0.804070 -17.174633 -30.542762 -96.538762 -0.175937 0.972531 0.152412 0.976729 0.153168 0.150131 0.122662 0.175279 -0.976848
0.694355 -18.636468 -19.922188 75.823376 -0.142884 0.969918 0.197087 -0.939934 -0.070603 -0.333974 0.310012 0.232968 -0.921747
0.483067 -16.908461 -4.344534 18.631463 -0.182808 0.968932 0.166588 -0.955551 -0.135241 -0.261978 0.231310 0.207075 -0.950587
0.503784 -17.676594 -37.173184 28.326110 -0.157284 0.974170 0.162032 -0.929080 -0.090347 -0.358675 0.334771 0.206955 -0.919292
-0.167112 -6.482627 1.280506 -25.691602 0.203357 0.963388 -0.174725 -0.809938 0.265790 0.522835 -0.550133 -0.035195 -0.834335
-0.300783 -5.209315 -24.793338 -20.141640 -0.059837 0.981894 -0.179735 -0.477457 0.129971 0.868989 -0.876615 -0.137813 -0.461035
-0.265238 -5.000261 -25.740676 1.932000 -0.035150 0.974248 -0.222722 -0.542433 0.168577 0.823012 -0.839363 -0.149741 -0.522539
0.252657 -5.229861 -46.420861 -22.202287 -0.077163 0.984191 -0.159417 -0.514564 0.097641 0.851874 -0.853973 -0.147764 -0.498895
-0.486038 -4.709518 3.528707 3.476666 -0.014625 0.973918 -0.226427 -0.502462 0.188624 0.843773 -0.864475 -0.126111 -0.486599
0.084130 -5.611064 -37.040812 -38.447350 -0.090563 0.987946 -0.125539 -0.437024 0.073847 0.896413 -0.894879 -0.136046 -0.425068
0.042244 -21.174553 -33.379303 288.884024 -0.665526 0.715593 0.212137 0.630708 0.691175 -0.352823 0.399101 0.101016 0.911325
-0.481154 -25.063889 44.334521 461.775318 0.680916 -0.698902 -0.218834 0.702898 0.707567 -0.072685 0.205639 -0.104326 0.973051
-0.008845 -22.359769 -53.398039 193.454812 -0.667778 0.706690 0.233799 0.686427 0.706127 -0.173788 0.287906 -0.044434 0.956627
0.445964 -23.216570 -32.990478 98.085264 -0.664774 0.714233 0.218967 0.626705 0.692723 -0.356896 0.406590 0.100027 0.908118
0.220596 -20.157180 -45.039219 23.056551 -0.640093 0.740645 0.204270 0.566586 0.634620 -0.525583 0.518904 0.220686 0.825855
-0.335609 -18.737248 -47.635773 14.161717 -0.633996 0.746514 0.201907 0.569150 0.627175 -0.531713 0.523562 0.222189 0.822505
-6.557805 -13.736063 -17.793035 -101.408975 -0.296955 0.729776 0.615828 0.940920 0.113708 0.318967 0.162750 0.674164 -0.720427
-5.690644 -12.376011 -16.536699 -140.155511 -0.350737 0.708957 0.611852 0.935866 0.288891 0.201734 -0.033738 0.643367 -0.764814
-6.110856 -13.660516 21.443687 -88.914691 -0.382926 0.658410 0.647969 0.914024 0.168376 0.369066 0.133894 0.733584 -0.666278
-5.980305 -13.524477 -25.852718 -121.804667 -0.203794 0.796157 0.569739 0.973315 0.102065 0.205525 0.105480 0.596421 -0.795711
100.827223 -1351.946041 3838.680892 105099.075204 -0.255096 0.740628 0.621608 0.202038 0.669514 -0.714795 0.945572 0.056753 0.320426
4.931167 -48.738065 362.919777 1252.916004 -0.403424 0.700102 0.589158 -0.163047 0.578572 -0.799169 0.900369 0.418464 0.119260
-1.857024 -24.970489 40.990315 481.227584 0.237571 -0.585524 -0.775062 -0.345727 0.694689 -0.630778 0.907763 0.417814 -0.037394
-32.907502 -65.116307 375.653860 -319.282791 -0.166072 0.167705 -0.971749 -0.050802 0.982669 0.178272 0.984804 0.078973 -0.154674
-5.995501 -347.856447 1151.423700 -10863.916503 0.679625 -0.594799 0.429331 -0.365298 0.233120 0.901228 0.636135 0.769331 0.058845
-25.873377 -165.105146 -31.248122 -7389.832319 0.742067 -0.575962 0.342935 -0.381727 0.057446 0.922488 0.551018 0.815455 0.177232
-3.800356 -161.852873 184.914553 -4974.702492 0.793932 -0.557374 0.242912 -0.525259 -0.427539 0.735740 0.306228 0.711719 0.632203
4.109507 -275.144063 -699.602143 -358.523792 0.820855 -0.497668 0.280222 -0.554458 -0.576666 0.600028 0.137020 0.647907 0.749294
1.285687 -6.145949 -36.096935 -1.699452 -0.022840 0.994903 -0.098220 -0.951073 -0.051903 -0.304576 0.308121 -0.086458 -0.947410
1.423103 -6.244934 -32.748822 6.229307 -0.044887 0.993562 -0.104015 -0.973516 -0.066868 -0.218623 0.224171 -0.091447 -0.970250
0.783926 -5.993354 -29.725976 -5.800438 -0.054706 0.990735 -0.124300 -0.952207 -0.089230 -0.292130 0.300515 -0.102378 -0.948267
-0.499178 -3.459445 91.274255 -36.581445 0.515951 0.709132 -0.480548 -0.456951 0.702342 0.545812 -0.724562 0.062025 -0.686413
0.689618 -3.266639 -33.989752 1.010513 -0.566350 -0.584456 0.581083 -0.380498 0.810842 0.444698 -0.731073 0.030754 -0.681605
0.116038 -3.501928 -126.745460 20.242364 -0.558286 -0.648637 0.517288 -0.440020 0.760080 0.478185 -0.703348 0.039347 -0.709755
-1.763303 -3.937746 131.365839 -48.663198 0.413967 0.842124 -0.345627 -0.561826 0.535108 0.630881 -0.716228 0.066982 -0.694645
-1.807518 -4.505379 61.946519 -87.893308 0.342735 0.898251 -0.275097 -0.557323 0.430150 0.710184 -0.756257 0.090087 -0.648043
-0.964344 -4.026214 47.392067 -73.877677 0.484996 0.743754 -0.460011 -0.441778 0.662334 0.605101 -0.754726 0.090249 -0.649802
5.587233 -1.434857 -154.280650 9.216612 -0.307876 0.040383 0.950569 0.198616 0.979814 0.022703 -0.930464 0.195788 -0.309682
6.461328 -1.335593 -15.550540 5.640805 -0.187509 0.021677 0.982024 0.218762 0.975568 0.020237 -0.957592 0.218624 -0.187670
6.226122 -1.575810 23.081283 -8.649409 -0.158948 0.005230 0.987273 0.173675 0.984540 0.022746 -0.971891 0.175080 -0.157399
5.955934 -1.905695 -170.191732 12.912628 -0.303581 0.054399 0.951252 0.168528 0.985694 -0.002585 -0.937783 0.159528 -0.308405
-0.947114 -5.270826 48.178801 67.384042 0.345492 0.927240 -0.144430 -0.115321 0.194692 0.974062 -0.931309 0.319875 -0.174195
-1.402716 -5.118679 28.540332 87.364513 0.325975 0.927039 -0.185307 -0.068233 0.218574 0.973432 -0.942913 0.304670 -0.134504
-0.932649 -4.220800 49.493080 84.651739 0.337315 0.934486 -0.113819 -0.049674 0.138405 0.989129 -0.940080 0.327995 -0.093106
0.230422 -4.063837 80.861199 78.721518 0.342270 0.937804 -0.058098 -0.073673 0.088428 0.993354 -0.936709 0.335715 -0.099357
-0.398242 -18.887249 39.679865 272.609188 0.297010 0.943063 -0.149722 -0.884519 0.212652 -0.415216 0.359736 -0.255756 -0.897318
-0.377689 -17.573629 43.939725 -299.125056 0.275703 0.949363 -0.150658 0.944025 -0.237887 0.228533 0.181121 -0.205232 -0.961808
-0.480966 -20.678387 39.880655 310.891480 0.294063 0.946312 -0.134241 -0.844136 0.191263 -0.500852 0.448287 -0.260599 -0.855060
-0.289173 -21.155931 24.820812 311.297956 0.313011 0.937994 -0.148969 -0.784760 0.167087 -0.596853 0.534953 -0.303727 -0.788400
2.807045 -5.694861 50.556731 17.966632 0.092098 0.100695 0.990645 -0.263481 0.961878 -0.073276 -0.960258 -0.254268 0.115119
4.647363 -6.059179 143.035469 1.978195 0.114921 0.119773 0.986128 -0.372118 0.925613 -0.069057 -0.921043 -0.359020 0.150942
3.536918 -5.752929 -9.077285 -15.073715 0.040762 -0.009557 0.999123 -0.302939 0.952768 0.021473 -0.952138 -0.303549 0.035941
2.073533 -5.455705 -61.826402 11.507135 0.013952 -0.045684 0.998859 -0.193425 0.979964 0.047521 -0.981016 -0.193867 0.004836
-0.135989 -41.983064 74.813522 400.270339 0.185373 0.979879 -0.073982 0.709702 -0.081427 0.699780 -0.679676 0.182226 0.710517
-0.524925 -52.060160 -10.229711 1352.617862 0.126879 0.990664 -0.049858 0.875828 -0.088292 0.474478 -0.465646 0.103868 0.878854
0.512538 -42.047755 51.046358 1168.144223 0.187021 0.982191 -0.018016 0.921349 -0.169015 0.350072 -0.340792 0.082070 0.936550
-4.331479 -82.450085 88.411872 -2432.025413 0.756373 -0.318517 -0.571355 0.232877 -0.685105 0.690217 0.611284 0.655117 0.444020
-2.966492 -72.853103 81.552847 -3512.745647 0.749089 -0.411115 -0.519471 0.463241 -0.235489 0.854373 0.473575 0.880641 -0.014043
-1.797378 -55.282796 -20.249586 -2064.140649 0.803371 -0.408276 -0.433482 0.376210 -0.216284 0.900937 0.461586 0.886866 0.020159
-0.774652 -55.234594 -67.831553 -2499.325236 0.819720 -0.417907 -0.391679 0.382533 -0.109516 0.917428 0.426295 0.901865 -0.070091
-3.759525 -85.652343 -102.559455 -3817.617280 0.822569 -0.310156 -0.476637 0.255983 -0.546493 0.797382 0.507792 0.777913 0.370134
-0.214991 -52.847518 70.948135 -2353.206410 0.742960 -0.460583 -0.485668 0.571735 0.059408 0.818285 0.348035 0.885626 -0.307469
-4.964322 -68.762374 -32.894902 -1493.356612 0.802389 -0.315697 -0.506466 0.163939 -0.699392 0.695683 0.573843 0.641237 0.509429
-1.542771 -10.989205 66.723906 -244.663890 -0.538333 0.801153 0.261443 0.707303 0.598193 -0.376679 0.458171 0.017859 0.888685
1.627997 -17.759135 7.307696 -390.779825 -0.543504 0.789269 0.285758 0.563917 0.595484 -0.572185 0.621772 0.149841 0.768731
-0.038764 -12.801113 -82.463312 -251.752927 -0.360034 0.899472 0.247641 0.768548 0.436431 -0.467827 0.528875 -0.021891 0.848417
-1.319068 -8.721416 -4.816380 -213.230063 -0.276470 0.942650 0.187015 0.880207 0.326491 -0.344441 0.385746 -0.069384 0.919992
0.916849 -12.153653 -14.497652 46.104458 0.310544 0.938272 -0.152340 -0.507704 0.028232 -0.861069 0.803616 -0.344743 -0.485132
0.923153 -10.882730 -48.684135 84.038051 0.328332 0.925064 -0.190929 -0.620809 0.058995 -0.781739 0.711895 -0.375201 -0.593658
0.779922 -11.245732 -19.824177 73.189454 0.324626 0.931767 -0.162570 -0.503218 0.024608 -0.863809 0.800868 -0.362223 -0.476870
0.592417 -12.201396 -31.009823 57.472483 0.346041 0.926829 -0.145750 -0.356162 -0.013952 -0.934320 0.867989 -0.375223 -0.325273
-0.712467 -1.706022 37.832843 101.839202 0.008091 0.999774 0.019670 -0.038887 0.019970 -0.999044 0.999211 -0.007318 -0.039040
-0.337801 -1.579781 71.167136 67.073947 0.001702 0.542411 -0.840111 -0.022858 0.839914 0.542238 0.999737 0.018281 0.013828
-0.547654 -1.636243 -46.645546 -85.785049 0.054662 0.906594 -0.418449 0.065037 -0.421418 -0.904531 0.996385 -0.022228 0.081998
-2.862339 -5.980781 -53.999498 12.343369 -0.125562 0.991751 0.025774 0.487393 0.039037 0.872310 -0.864108 -0.122091 0.488274
-3.408384 -6.001463 -91.408915 -8.456578 -0.074243 0.995900 0.051683 0.528602 -0.004645 0.848857 -0.845617 -0.090341 0.526090
-3.891958 -6.692030 -30.487737 42.580863 0.036495 0.966045 0.255784 0.449616 -0.244458 0.859119 -0.892476 -0.083651 0.443271
-3.573744 -6.906008 -26.712976 68.023618 -0.059866 0.984575 0.164403 0.411213 -0.125748 0.902824 -0.909571 -0.121653 0.397342
-4.595924 -7.142973 -32.299651 66.576301 0.122290 0.936884 0.327557 0.381645 -0.349048 0.855869 -0.916183 -0.020346 0.400243
-4.227468 -7.628747 -20.537651 83.748108 0.033081 0.965275 0.259131 0.355155 -0.253705 0.899722 -0.934222 -0.062268 0.351215
-5.135333 -24.553144 -413.349477 -1519.892747 -0.487612 0.836111 0.251303 0.255305 -0.138705 0.956860 -0.834898 -0.530735 0.145829
-0.208414 -11.048390 -342.268805 -362.957296 -0.318722 0.813040 0.487219 0.549908 -0.260062 0.793706 -0.772022 -0.520897 0.364210
-5.872832 -84.382694 -368.514190 -6594.879499 -0.652074 0.758155 0.000418 -0.002438 -0.002648 0.999994 -0.758151 -0.652069 -0.003575
-11.557576 -128.074610 -452.450747 -8189.109615 -0.563461 0.823455 0.066584 0.003198 -0.078422 0.996915 -0.826136 -0.561936 -0.041554
-9.040562 -77.522547 -182.310968 -4326.473625 -0.303141 0.927876 0.217146 0.062238 -0.208104 0.976125 -0.950911 -0.309418 -0.005336
1.269703 -3.697671 46.524039 -19.513714 -0.141753 0.982806 0.118315 0.771731 0.184572 -0.608576 0.619950 -0.005040 0.784625
1.806026 -3.887290 40.908371 -3.908970 -0.091996 0.990112 0.105902 0.803038 0.136656 -0.580048 0.588784 -0.031682 0.807669
0.990673 -3.384830 25.999946 -2.120328 -0.095850 0.992198 0.079717 0.801054 0.124428 -0.585517 0.590868 -0.007736 0.806731
1.192271 -3.669370 24.436017 20.371432 -0.071824 0.995386 0.063631 0.832498 0.094963 -0.545828 0.549352 -0.013769 0.835477
-0.423589 -4.673830 -22.465417 10.274322 0.150811 0.841346 0.519031 0.035998 -0.529362 0.847632 -0.987907 0.109149 0.110121
-0.713920 -5.076091 2.550715 12.637214 0.148006 0.916767 0.370989 0.000569 -0.375200 0.926944 -0.988986 0.136982 0.056053
-0.234268 -4.809163 36.605980 29.273341 0.154240 0.881914 0.445463 0.089054 -0.461432 0.882694 -0.984012 0.096476 0.149710
-0.409414 -6.611492 30.412398 -148.251481 -0.370265 0.926974 -0.060194 0.921703 0.358548 -0.148008 0.115617 0.110284 0.987153
-0.353038 -6.781943 0.266577 -139.308626 -0.369175 0.928610 -0.037340 0.922692 0.361426 -0.134202 0.111126 0.083997 0.990250
-0.338870 -6.694858 2.317705 6.662148 -0.364452 0.930156 -0.044558 0.893839 0.335999 -0.296910 0.261201 0.148037 0.953865
-0.381065 -6.596637 -4.367385 -0.237426 -0.353743 0.933992 -0.050246 0.896413 0.323193 -0.303298 0.267039 0.152331 0.951570
-0.257697 -7.370729 -23.896465 122.399106 -0.332843 0.941910 -0.044968 0.850220 0.279134 -0.446330 0.407851 0.186791 0.893738
-0.285708 -7.453761 -3.957463 104.331617 -0.361367 0.931330 -0.045157 0.848147 0.308199 -0.430882 0.387376 0.194006 0.901278
4.250256 -2.005009 -43.642609 31.620016 -0.013008 0.816343 -0.577421 0.321095 -0.543475 -0.775585 0.946958 0.195495 0.255055
4.308739 -2.113738 30.495581 21.374697 -0.116656 0.806794 -0.579202 0.310360 -0.524365 -0.792918 0.943434 0.272259 0.189226
4.515121 -1.316210 -70.483359 39.492566 0.018591 0.776851 -0.629410 0.285488 -0.607435 -0.741296 0.958202 0.165908 0.233074
3.564747 -2.755178 24.853129 37.220998 -0.146064 0.854002 -0.499346 0.327251 -0.434631 -0.839049 0.933580 0.285966 0.215989
4.196378 -1.527334 -104.577163 33.078008 0.073752 0.800952 -0.594169 0.313239 -0.584244 -0.748692 0.946806 0.130899 0.293979
3.416453 -2.401312 -39.727393 27.543898 -0.045739 0.859799 -0.508580 0.350447 -0.462945 -0.814167 0.935465 0.215469 0.280139
3.813750 -1.865068 -45.366386 22.756661 0.054208 0.831817 -0.552396 0.340274 -0.535486 -0.772961 0.938763 0.146065 0.312073
0.009955 -7.174726 6.489037 -34.131692 -0.291262 0.956643 0.000776 0.788260 0.239536 0.566806 -0.542045 -0.165701 0.823851
-0.056568 -7.092219 11.747828 -7.876921 -0.270795 0.962515 0.015336 0.817123 0.221410 0.532248 -0.508901 -0.156662 0.846449
-0.075022 -6.889118 -10.637307 -11.347752 -0.286875 0.957589 0.026964 0.848120 0.240791 0.471924 -0.445416 -0.158251 0.881227
0.063452 -7.260693 0.853314 -76.398251 -0.299192 0.954160 0.007920 0.818039 0.252219 0.516912 -0.491219 -0.161135 0.856002
-0.090067 -7.076644 1.710964 -6.945519 -0.311655 0.950165 -0.007611 0.829301 0.275904 0.485939 -0.463822 -0.145133 0.873960
0.063680 -7.147793 -12.504184 -6.769870 -0.312305 0.949961 0.006255 0.750987 0.242847 0.614039 -0.581794 -0.196465 0.789251
2.713383 -10.932586 -40.058698 217.922957 -0.317412 0.944593 -0.083630 0.682148 0.288702 0.671808 -0.658729 -0.156192 0.735989
2.749776 -11.624909 -24.370018 225.809795 -0.321948 0.942088 -0.093917 0.602184 0.280311 0.747529 -0.730564 -0.184110 0.657556
3.416427 -12.285967 -39.190758 213.379847 -0.276297 0.954902 -0.108730 0.587291 0.257308 0.767386 -0.760756 -0.148170 0.631899
3.172850 -10.922724 -34.651157 191.593369 -0.246185 0.964225 -0.098303 0.712829 0.248848 0.655705 -0.656709 -0.091351 0.748590
-0.821725 -19.813585 -139.507631 -207.590100 0.169551 0.981454 -0.089447 0.449523 -0.157787 -0.879223 0.877030 -0.108865 0.467939
-0.781388 -19.533150 -7.322346 -196.532996 0.099592 0.991896 -0.078896 0.450732 -0.115660 -0.885135 0.887086 -0.052591 0.458598
-0.171914 -19.253838 -18.115683 131.273598 0.114884 0.988718 -0.096115 0.109381 -0.108757 -0.988032 0.987339 -0.102996 0.120641
0.027476 -20.211158 -78.325405 238.577904 0.156119 0.979318 -0.128695 0.057863 -0.139137 -0.988581 0.986042 -0.146889 0.078388
0.953188 -5.919760 58.120398 1.065335 -0.295666 0.876335 -0.380289 -0.429533 -0.477530 -0.766464 0.853278 0.063270 -0.517604
2.522097 -6.015901 102.145008 -13.807574 -0.314704 0.833503 -0.454131 -0.372865 -0.548537 -0.748384 0.872888 0.066190 -0.483411
1.535909 -5.864927 94.721865 7.718576 -0.320993 0.837645 -0.441944 -0.345727 -0.538072 -0.768734 0.881724 0.093966 -0.462313
0.289184 -5.714075 75.545628 16.009385 -0.322523 0.866613 -0.380737 -0.364000 -0.484852 -0.795250 0.873775 0.117899 -0.471823
2.538791 -8.289170 -110.426653 8.684776 -0.699438 0.693253 -0.173742 0.037664 0.278517 0.959693 -0.713700 -0.664702 0.220916
3.673682 -8.363672 -62.203356 121.819239 -0.641576 0.760048 -0.103480 0.121881 0.234201 0.964518 -0.757315 -0.606199 0.242893
2.507639 -8.589486 -83.095314 14.342079 -0.676455 0.720271 -0.153682 0.125185 0.318084 0.939761 -0.725767 -0.616467 0.305336
-1.132090 -10.136486 -41.416392 292.567558 -0.586899 0.258137 -0.767408 0.589475 0.785978 -0.186435 0.555040 -0.561786 -0.613455
-0.655263 -11.115960 -42.293823 276.299761 -0.588903 0.225016 -0.776248 0.591580 0.774412 -0.224320 0.550660 -0.591315 -0.589169
-1.029300 -15.466427 -67.766695 517.343600 -0.584952 0.213080 -0.782577 0.642640 0.710415 -0.286922 0.494818 -0.670751 -0.552493
-1.442234 -14.664532 -11.289320 450.069905 -0.601742 0.272646 -0.750714 0.637044 0.730781 -0.245222 0.481749 -0.625798 -0.613429
-1.391292 -8.565428 3.628553 175.757006 -0.570243 0.337234 -0.749063 0.617116 0.777721 -0.119658 0.542210 -0.530493 -0.651603
0.480779 -13.402718 13.173059 137.461569 -0.203886 0.959426 -0.194760 -0.533710 -0.275706 -0.799462 0.820722 0.059054 -0.568268
0.554406 -13.867057 -24.127333 158.966560 -0.164584 0.967937 -0.189762 -0.491829 -0.247297 -0.834834 0.854995 0.044070 -0.516761
0.775383 -14.601935 14.750226 126.822356 -0.173487 0.969737 -0.171794 -0.370398 -0.225879 -0.900990 0.912528 0.092678 -0.398376
0.541330 -14.046193 54.587357 154.951237 -0.219872 0.954956 -0.199289 -0.521824 -0.287737 -0.803061 0.824231 0.072576 -0.561584
-0.871306 -7.665823 16.463748 45.911201 -0.311990 0.900208 -0.303789 -0.024511 -0.327270 -0.944613 0.949769 0.287264 -0.124170
-1.079042 -8.495466 9.908347 36.751828 -0.289397 0.928859 -0.231237 0.006000 -0.239810 -0.970801 0.957190 0.282335 -0.063827
-0.868927 -8.010684 18.504668 111.923610 -0.294229 0.911253 -0.288178 -0.141238 -0.339672 -0.929879 0.945241 0.232895 -0.228645
-1.112928 -9.069970 7.083698 -19.248577 -0.302411 0.933404 -0.193143 0.145125 -0.155180 -0.977168 0.942065 0.323536 0.088532
-0.008745 -6.962198 42.905607 52.216634 -0.311847 0.853837 -0.416789 -0.132938 -0.473559 -0.870672 0.940786 0.216110 -0.261186
-0.338114 -7.081200 37.774615 80.736590 -0.324265 0.857768 -0.398857 -0.080467 -0.445123 -0.891847 0.942538 0.257100 -0.213360
-0.365872 -6.872624 50.917542 30.506667 -0.342490 0.841514 -0.417797 -0.002256 -0.445426 -0.895316 0.939519 0.305694 -0.154453
-1.188117 -7.647145 4.717602 -21.778810 -0.316520 0.916374 -0.245099 0.118710 -0.218086 -0.968683 0.941129 0.335703 0.039754
-3.135996 -27.461879 71.105762 177.122764 0.189479 0.846193 -0.498052 0.613821 0.293823 0.732729 -0.766369 0.444551 0.463738
-3.524614 -27.538491 107.386547 -59.026138 0.220151 0.830842 -0.511112 0.361373 0.417220 0.833869 -0.906059 0.368279 0.208392
-4.695791 -28.792479 65.351261 -12.565815 0.092398 0.852774 -0.514041 0.478642 0.414653 0.773928 -0.873135 0.317551 0.369860
-4.301914 -28.632873 36.067317 433.801963 0.085595 0.868818 -0.487678 0.776546 0.248489 0.578990 -0.624219 0.428263 0.653408
3.558849 -2.028012 13.873137 3.295679 0.128905 0.852758 -0.506150 0.389472 -0.512931 -0.764992 0.911973 0.098520 0.398245
3.377348 -1.806130 35.053787 4.944382 0.104047 0.872572 -0.477275 0.367551 -0.479643 -0.796774 0.924165 0.092521 0.370621
3.536916 -1.995013 9.338373 10.442987 0.153898 0.888735 -0.431816 0.373216 -0.456933 -0.807417 0.914891 0.036901 0.402011
3.617002 -2.396155 2.316315 20.439087 0.196141 0.852670 -0.484234 0.398817 -0.520505 -0.754996 0.895809 0.045035 0.442151
3.133685 -70.071828 -38.720629 -370.277883 0.155520 0.903109 -0.400258 0.549009 -0.415868 -0.725012 0.821220 0.106992 0.560491
4.570829 -70.125462 62.197384 -2034.318688 0.148539 0.886524 -0.438192 0.828068 -0.353730 -0.434947 0.540592 0.298246 0.786644
3.724721 -83.568652 -52.209204 -2120.184161 0.150245 0.879511 -0.451538 0.785520 -0.383526 -0.485661 0.600321 0.281723 0.748496
2.370834 -62.082033 -65.755050 1824.507528 0.196614 0.874751 -0.442893 0.094219 -0.466475 -0.879502 0.975943 -0.131194 0.174133
0.364771 -67.325793 -265.591056 1998.913162 0.278782 0.894145 -0.350408 0.078316 -0.384825 -0.919661 0.957156 -0.228942 0.177308
3.166313 -86.505590 32.129375 2446.153580 0.133018 0.877187 -0.461357 0.387896 -0.474437 -0.790219 0.912054 0.073845 0.403365
0.051946 -4.360981 -29.492458 -44.047361 -0.147469 0.944823 0.292510 0.268266 -0.246448 0.931288 -0.951991 -0.215806 0.217121
0.276291 -4.793569 -41.383745 -52.095025 -0.145995 0.939253 0.310627 0.319360 -0.252434 0.913393 -0.936320 -0.232552 0.263105
-0.148721 -5.108739 -23.180490 -76.544536 -0.158108 0.946346 0.281836 0.321496 -0.220537 0.920871 -0.933618 -0.236206 0.269378
0.036433 -4.141288 -16.790906 -43.246686 -0.153780 0.946115 0.284986 0.249784 -0.241827 0.937618 -0.956012 -0.215372 0.199136
-0.461376 -14.252285 -15.682338 34.996055 0.560886 -0.326713 0.760700 0.031705 0.926642 0.374606 -0.827285 -0.185994 0.530099
-0.463796 -13.400533 -19.611626 100.861136 0.559102 -0.332565 0.759477 -0.048932 0.901195 0.430643 -0.827654 -0.277936 0.487587
-0.869836 -15.457377 -5.696364 148.854434 0.564419 -0.285094 0.774695 -0.166315 0.879951 0.445000 -0.808561 -0.380010 0.449246
-0.431374 -7.827237 0.522023 11.785705 -0.303138 0.952946 -0.000527 0.755490 0.240663 0.609357 -0.580811 -0.184321 0.792896
-0.537634 -8.451706 -1.646634 35.392476 -0.350283 0.935925 -0.036693 0.661854 0.275048 0.697350 -0.662760 -0.219984 0.715790
-0.362025 -8.095217 -1.751238 17.222904 -0.318777 0.947786 -0.009050 0.773631 0.265695 0.575240 -0.547610 -0.176372 0.817934
-0.488291 -8.217918 10.435646 42.253915 -0.334426 0.941616 -0.038962 0.651878 0.260983 0.711999 -0.680598 -0.212713 0.701099
-0.215977 -7.437676 1.691935 -2.884357 -0.274894 0.961275 0.019583 0.834487 0.228421 0.501454 -0.477562 -0.154189 0.864963
2.722122 -82.685518 -38.008851 3937.498418 -0.102907 0.993546 0.047705 -0.660138 -0.032341 -0.750448 0.744062 0.108718 -0.659206
3.402578 -31.097668 -48.930666 873.864502 -0.099086 0.991024 -0.089744 -0.698665 -0.133506 -0.702883 0.708555 0.006945 -0.705622
3.325776 -38.876228 -61.623845 1023.438424 -0.066835 0.997650 -0.015055 -0.431495 -0.042505 -0.901113 0.899636 0.053730 -0.433322
3.774148 -54.484413 -63.408565 1143.161985 -0.136128 0.990467 0.021064 -0.194419 -0.005860 -0.980901 0.971427 0.137624 -0.193363
4.233546 -41.240099 -1.178976 472.924443 -0.200803 0.979291 0.025824 -0.303120 -0.037044 -0.952232 0.931556 0.199038 -0.304282
-11.663176 -37.781500 644.731448 -1546.405229 0.109162 0.977591 0.180001 -0.927996 0.035330 0.370910 -0.356239 0.207529 -0.911057
-9.704086 -137.339987 577.446927 -6879.169947 0.295109 0.953976 0.053298 -0.671956 0.167564 0.721386 -0.679254 0.248702 -0.690479
-2.545247 -43.267026 343.014144 -1766.483992 0.236663 0.963596 0.124396 -0.917169 0.179319 0.355874 -0.320612 0.198314 -0.926218
-12.017201 -36.183417 774.083520 1897.112823 0.208231 0.966047 0.152949 0.972698 -0.188156 -0.135850 -0.102459 0.177062 -0.978852
-31.940056 -46.354104 -344.827585 1839.640362 -0.719139 0.649441 0.247115 0.638349 0.757946 -0.134268 -0.274500 0.061188 -0.959638
-0.239999 -3.424654 25.053350 -52.115352 -0.199665 0.967192 0.157081 0.714865 0.253421 -0.651725 0.670150 0.017835 0.742011
-0.458224 -3.051253 -0.462862 -46.685178 -0.151725 0.979117 0.135313 0.719658 0.203271 -0.663908 0.677548 0.003352 0.735471
-0.422442 -3.829199 29.954817 -74.888310 -0.265229 0.938413 0.221439 0.668068 0.344460 -0.659570 0.695226 0.027001 0.718284
0.041087 -4.226004 58.571544 -54.411216 -0.274141 0.939903 0.203542 0.653412 0.337337 -0.677685 0.705620 0.052784 0.706621
-6.394281 -10.408761 40.641607 99.019483 -0.236016 0.971723 0.007173 -0.067714 -0.009082 -0.997663 0.969387 0.235950 -0.067943
-5.426409 -9.669816 -58.872986 96.715314 -0.315455 0.934502 -0.164907 -0.036954 -0.185746 -0.981903 0.948221 0.303652 -0.093128
5.207166 -8.598200 195.676743 167.142645 0.331596 0.749740 0.572655 -0.152495 0.641612 -0.751718 0.931015 -0.161939 -0.327087
-6.915733 -8.846645 -51.589562 -0.317758 0.417705 0.723552 0.549541 -0.613011 -0.221999 0.758244 -0.670626 0.653597 -0.350815
-6.592875 -9.027658 -60.277046 8.100858 0.328994 0.729033 0.600228 0.737817 0.198269 -0.645225 -0.589397 0.655133 -0.472664
-6.228108 -8.814801 -119.195845 15.674233 0.292047 0.805816 0.515140 -0.638777 -0.236527 0.732133 -0.711809 0.542877 -0.445660
-8.311399 -9.307889 -17.061066 13.992577 0.419405 0.615532 0.667247 0.705506 0.241540 -0.666273 -0.571280 0.750185 -0.332958
-6.812957 -9.023425 -85.077193 39.235412 0.422208 0.764092 0.487754 -0.487345 -0.262365 0.832862 -0.764353 0.589346 -0.261604
-8.197352 -9.216780 -7.915881 10.719363 0.634961 0.713534 0.296131 -0.342674 -0.083413 0.935744 -0.692387 0.695637 -0.191546
3.124880 -3.632461 -47.658078 -31.444332 -0.129871 0.595344 0.792906 -0.701232 0.510218 -0.497947 0.701004 0.620680 -0.351212
3.364467 -2.373306 90.553807 -0.298404 0.114386 -0.496876 -0.860250 -0.709862 0.564912 -0.420680 0.694991 0.658778 -0.288096
4.196205 -2.720806 80.424178 -39.431982 0.107055 -0.431179 -0.895893 -0.707817 0.599746 -0.373228 0.698236 0.674084 -0.240990
2.499431 -2.799492 -15.673032 6.119828 -0.213149 0.605838 0.766504 -0.671239 0.479262 -0.565462 0.709934 0.635035 -0.304508
0.123342 -2.256856 136.702222 26.650603 0.039152 -0.185652 0.981835 0.179328 0.967941 0.175873 -0.983010 0.169184 0.071189
1.260366 -1.949417 162.342496 11.836195 0.062299 -0.078924 0.994932 0.197777 0.978076 0.065203 -0.978265 0.192712 0.076542
-1.021838 -2.165502 111.517464 17.534567 0.039302 -0.129643 0.990781 0.204038 0.971697 0.119052 -0.978174 0.197478 0.064642
-1.763131 -2.283544 72.816831 -36.378708 0.173187 0.538638 0.824545 0.165898 0.809280 -0.563511 -0.970816 0.234383 0.050797
-2.414472 -2.874327 12.935812 101.305806 0.203235 0.978914 0.020569 0.026006 -0.026397 0.999313 -0.978785 0.202560 0.030822
-1.573528 -2.608962 88.051956 32.869193 -0.017636 -0.375550 0.926634 0.169069 0.912313 0.372963 -0.985446 0.163242 0.047404
3.270914 -7.325601 -206.660974 -22.363009 0.028067 0.996282 -0.081454 -0.731011 0.076036 0.678116 -0.681788 -0.040511 -0.730427
2.351968 -7.364965 -189.133028 3.011321 0.027805 0.995852 -0.086637 -0.642312 0.084209 0.761803 -0.765938 -0.034467 -0.641989
0.721857 -0.922949 9.876912 -28.799646 0.194586 0.890055 0.412235 -0.394370 0.455794 -0.797950 0.898114 0.007304 -0.439702
0.570339 -0.476527 -32.231172 -19.285050 0.226589 0.878967 0.419614 -0.391903 0.476682 -0.786884 0.891667 -0.013851 -0.452481
-0.420429 -7.008783 -18.799843 129.204071 0.180443 0.966947 -0.180150 -0.927952 0.228082 0.294760 -0.326106 -0.113983 -0.938436
-3.920680 -24.528486 -65.064003 -51.725025 0.569730 0.821777 -0.009511 -0.278715 0.182317 -0.942910 0.773127 -0.539855 -0.332913
-4.565868 -24.631588 -47.678134 273.072261 0.521425 0.853135 -0.016647 -0.500900 0.290233 -0.815392 0.690807 -0.433504 -0.578670
-4.471584 -23.745756 -5.035082 -416.212873 0.490431 0.871310 0.017237 -0.014418 0.027888 -0.999507 0.871361 -0.489940 -0.026240
-3.865835 -23.232214 86.660312 -618.835733 0.371758 0.927901 0.028203 -0.036318 0.044895 -0.998331 0.927619 -0.370114 -0.050390
0.022794 -20.415794 34.970315 -61.864439 0.258211 0.961140 0.097656 0.892558 -0.198655 -0.404817 0.369687 -0.191692 0.909168
-0.020581 -19.424023 31.463049 81.215485 0.269021 0.958522 0.094140 0.768728 -0.154806 -0.620558 0.580245 -0.239311 0.778489
-0.331134 -19.098250 36.775034 37.282027 0.259744 0.961235 0.092519 0.779137 -0.152004 -0.608144 0.570507 -0.230047 0.788416
-0.266719 -19.479206 -8.004518 -40.141691 0.244502 0.962554 0.117085 0.900691 -0.180730 -0.395084 0.359129 -0.202056 0.911153
5.812947 -12.566462 -43.508868 -109.615894 0.341137 0.676240 0.652936 -0.802840 0.570900 -0.171819 0.488952 0.465589 -0.737668
0.185456 -14.550846 -21.456286 88.614640 -0.179577 0.974402 0.135255 -0.941939 -0.209967 0.262038 -0.283730 0.080346 -0.955532
0.241128 -14.222356 13.398990 166.493282 -0.155344 0.977482 0.142816 -0.938714 -0.191097 0.286876 -0.307708 0.089499 -0.947262
0.254462 -14.978557 -8.388629 148.154159 -0.172669 0.974959 0.140145 -0.972547 -0.191290 0.132513 -0.156003 0.113417 -0.981224
0.401156 -15.147489 -37.142890 85.237111 -0.187981 0.973051 0.133549 -0.960102 -0.210714 0.183860 -0.207045 0.093659 -0.973838
-0.159903 -6.939692 -0.686411 -68.086925 0.193261 0.967114 -0.165348 -0.785464 0.253493 0.564612 -0.587959 -0.020758 -0.808624
0.135815 -5.032995 -45.224458 7.177764 -0.047035 0.976312 -0.211192 -0.578678 0.145701 0.802436 -0.814199 -0.159954 -0.558117
-0.216329 -5.292056 -28.861018 30.951883 -0.021342 0.968444 -0.248315 -0.614899 0.183125 0.767049 -0.788317 -0.169059 -0.591587
-0.400939 -4.774504 -6.937384 21.136521 0.004989 0.963303 -0.268371 -0.558862 0.225237 0.798086 -0.829246 -0.146001 -0.539477
-0.227035 -25.314722 41.300887 366.352293 0.690603 -0.689126 -0.219485 0.716538 0.693141 0.078284 0.098186 -0.211333 0.972470
-0.821984 -29.227802 38.577416 361.901231 0.699119 -0.684078 -0.208012 0.710658 0.632781 0.307497 -0.078726 -0.362803 0.928535
-1.008171 -24.251729 35.647282 248.149490 0.673566 -0.704902 -0.222309 0.736788 0.664250 0.126151 0.058745 -0.248766 0.966780
-0.911408 -22.082670 -23.648183 275.205159 -0.661121 0.718413 0.216338 0.713607 0.691144 -0.114386 0.231698 -0.078757 0.969594
-5.206227 -12.409036 53.729453 -132.681580 -0.450450 0.598080 0.662869 0.892126 0.330399 0.308135 -0.034722 0.730162 -0.682391
-4.518215 -11.062454 40.815591 -174.196616 -0.456308 0.599260 0.657777 0.870960 0.452187 0.192236 -0.182239 0.660616 -0.728269
-5.152859 -11.221832 10.202629 -144.457673 -0.258894 0.754703 0.602825 0.955648 0.290850 0.046293 -0.140394 0.588073 -0.796530
-4.394161 -10.103666 29.182746 -140.411072 -0.413759 0.647888 0.639565 0.877748 0.470324 0.091404 -0.241583 0.599196 -0.763283
-10.226760 -75.271228 407.605053 1903.529271 -0.538369 0.821961 0.185848 -0.112163 0.148683 -0.982503 0.835212 0.549794 -0.012147
-7.457291 -218.422862 324.881833 10470.029765 -0.583268 0.783262 0.215173 0.106002 0.336031 -0.935867 0.805333 0.523053 0.279023
98.739254 -1164.877801 4354.314755 91083.308391 -0.544505 0.823357 0.159996 -0.358542 -0.056037 -0.931830 0.758263 0.564751 -0.325721
-2.293057 -56.748887 84.085516 2324.026127 -0.384806 0.755234 0.530610 -0.507013 0.307419 -0.805253 0.771273 0.578892 -0.264616
-6.751698 -59.724288 186.034892 2716.653612 -0.493399 0.827423 0.268196 -0.529011 -0.040706 -0.847638 0.690438 0.560102 -0.457800
-9.324639 -64.667072 561.217591 -762.909052 0.563895 -0.421276 0.710316 -0.485576 0.526592 0.697794 0.668011 0.738395 -0.092382
-6.188981 -68.302741 -16.978669 -2170.551148 0.783216 -0.497234 0.373272 -0.490480 -0.125165 0.862417 0.382102 0.858541 0.341914
-2.095184 -7.189977 72.980424 -79.420408 -0.324101 0.822201 -0.467915 -0.084338 -0.517756 -0.851361 0.942256 0.236464 -0.237148
-2.690101 -6.307272 70.995367 -67.018703 -0.302850 0.835916 -0.457741 -0.014404 -0.484256 -0.874808 0.952929 0.258342 -0.158698
-3.143412 -7.255930 114.997287 -84.907496 -0.300105 0.817446 -0.491649 -0.085243 -0.536326 -0.839695 0.950090 0.210087 -0.230636
-1.749349 -5.829147 34.198483 -64.643845 -0.327137 0.834654 -0.443096 0.009473 -0.465976 -0.884747 0.944930 0.293631 -0.144531
-3.245036 -8.217578 109.115345 -77.203752 -0.313161 0.809541 -0.496561 -0.173546 -0.562838 -0.808143 0.933709 0.166903 -0.316752
-1.875704 -8.351086 48.615843 -87.163828 -0.322078 0.826848 -0.461073 -0.189463 -0.533468 -0.824327 0.927561 0.178142 -0.328475
-1.395868 -6.914560 24.587704 -83.403638 -0.331564 0.820645 -0.465411 -0.066715 -0.512477 -0.856106 0.941071 0.252803 -0.224668
-0.538893 -20.365629 -32.856817 129.689004 0.322747 0.935551 -0.143452 -0.682866 0.125217 -0.719732 0.655384 -0.330250 -0.679269
-0.531894 -19.838248 -10.525554 -91.403072 0.315485 0.939797 -0.131343 -0.505637 0.049362 -0.861333 0.802995 -0.338150 -0.490769
-0.365821 -19.810908 -53.662626 -222.256179 0.338991 0.929610 -0.144602 -0.402861 0.004539 -0.915250 0.850169 -0.368516 -0.376042
4.969914 -6.407236 47.208662 25.094060 0.078852 0.079745 0.993692 -0.450927 0.891843 -0.035789 -0.889071 -0.445260 0.106283
4.778219 -6.369708 223.776987 -1.899966 0.152579 0.242943 0.957966 -0.455831 0.877353 -0.149898 -0.876891 -0.413799 0.244607
