12882
25753
-3.912405 -5.021879 0.851415 52.288904 0.695877 0.505700 0.509924 -0.600431 0.020133 0.799423 -0.394002 0.862475 -0.317648
-4.821925 -6.100617 23.088138 46.664787 0.734974 0.443754 0.512734 -0.631934 0.174016 0.755234 -0.245914 0.879091 -0.408320
-4.173564 -6.785364 -16.270842 87.412174 0.876403 0.437383 0.201529 -0.358053 0.311954 0.880047 -0.322049 0.843434 -0.430003
-3.867540 -5.462855 6.700859 -35.306631 0.399813 0.412629 0.818466 0.879978 0.077079 -0.468720 -0.256494 0.907632 -0.332287
-2.853051 -6.657059 -45.155494 112.975480 0.839143 0.525963 0.138568 -0.310946 0.254873 0.915616 -0.446263 0.811420 -0.377421
-3.014941 -4.770405 -30.665215 75.933895 0.773931 0.576112 0.262917 -0.368759 0.072468 0.926696 -0.514827 0.814152 -0.268532
-2.829963 -3.931651 0.558745 -27.029451 0.164824 0.363401 0.916937 0.862706 0.397505 -0.312615 -0.478091 0.842573 -0.247990
-3.261223 -4.584769 2.149358 -30.284983 0.179934 0.348585 0.919844 0.908538 0.299559 -0.291244 -0.377071 0.888118 -0.262802
-3.905478 -5.579546 -1.375070 9.648241 0.688798 0.724804 0.014712 0.717909 -0.684787 0.125188 -0.100811 0.075668 0.992024
-3.773380 -5.720846 -0.049481 4.833096 0.688738 0.722195 0.063825 0.678715 -0.673209 0.293489 -0.254924 0.158819 0.953829
-3.692451 -5.590101 -1.541914 8.595040 0.673869 0.726439 0.134855 0.711381 -0.687223 0.147180 -0.199593 0.003247 0.979874
-3.661526 -5.389596 3.767955 11.538125 -0.689641 -0.705548 -0.163089 0.717890 -0.695666 -0.026130 -0.095020 -0.135100 0.986265
-4.140353 -5.359287 -13.516749 5.738800 0.668731 0.742914 -0.029633 0.741850 -0.669370 -0.040021 0.049567 -0.004780 0.998759
-4.420734 -5.572636 14.600912 10.699918 -0.698091 -0.705567 0.121833 0.715549 -0.693567 0.083392 0.025661 0.145393 0.989041
-3.826798 -5.365844 3.619385 7.227949 -0.690033 -0.721278 -0.060111 0.723351 -0.690097 -0.023019 -0.024880 -0.059365 0.997926
-1.071279 -2.771587 1.457527 14.716181 0.743039 -0.494108 0.451388 -0.595760 -0.795626 0.109769 -0.304899 0.350481 0.885551
-0.923991 -2.311089 -4.440007 -9.030063 -0.544263 0.717448 -0.434795 0.770765 0.632268 0.078474 -0.331208 0.292414 0.897104
-1.354749 -2.626492 -4.451674 -15.241497 0.651054 -0.614593 0.445425 0.705106 0.706952 -0.055170 -0.280988 0.349991 0.893618
-1.646702 -2.704350 -2.457929 -14.739429 0.469133 -0.775627 0.422277 0.850381 0.525751 0.020946 -0.238259 0.349270 0.906225
-1.694867 -3.089546 -10.060165 16.021512 0.724483 -0.532597 0.437567 -0.655036 -0.729601 0.196493 -0.214597 0.428978 0.877454
-1.394225 -3.202381 -3.426862 11.746774 0.781766 -0.437153 0.444678 -0.576728 -0.778056 0.249027 -0.237122 0.451139 0.860376
-0.330078 -3.688514 -11.804969 -42.455710 0.468839 0.574812 0.670657 -0.474234 -0.476751 0.740142 -0.745179 0.665056 -0.049076
-0.490084 -3.745544 -8.695031 -2.976237 0.482042 0.576570 0.659699 -0.493323 -0.443641 0.748208 -0.724063 0.686112 -0.070582
-0.418610 -3.718013 -4.369127 -6.616003 0.488173 0.576418 0.655308 -0.480262 -0.449523 0.753178 -0.728722 0.682401 -0.057387
-0.270518 -3.693887 -0.180776 -36.891363 0.497661 0.584150 0.641172 -0.451424 -0.456773 0.766534 -0.740641 0.670915 -0.036382
-0.302127 -3.807138 3.311780 5.095235 0.506568 0.577388 0.640322 -0.458488 -0.448561 0.767191 -0.730190 0.682214 -0.037498
-0.931804 -4.461935 1.516691 -36.760505 0.629731 0.767290 0.121262 -0.342366 0.134017 0.929960 -0.697298 0.627141 -0.347088
-1.507767 -4.859393 12.457178 33.307017 0.622009 0.764663 0.168507 -0.406219 0.131154 0.904315 -0.669396 0.630943 -0.392200
-1.211605 -4.196294 -5.234394 -19.833661 0.660088 0.748665 -0.061525 -0.222437 0.273035 0.935935 -0.717500 0.604114 -0.346758
-1.411623 -7.740626 -5.661924 -2.332247 0.561231 0.804767 -0.193314 0.637957 -0.569431 -0.518421 0.527287 -0.167628 0.832988
-1.401583 -7.345804 -8.869613 -9.515124 0.576196 0.804802 -0.142448 0.741191 -0.587984 -0.323901 0.344434 -0.081049 0.935306
-1.482872 -7.821025 0.695592 -17.765529 0.576131 0.801712 -0.159155 0.654492 -0.569141 -0.497713 0.489605 -0.182582 0.852614
-2.224876 -8.835569 -0.002753 18.982814 -0.793010 -0.529137 -0.301910 -0.428221 0.836644 -0.341544 0.433315 -0.141564 -0.890055
-1.848276 -9.589489 -21.805863 -15.192938 -0.727115 -0.569045 -0.384046 -0.459740 0.819062 -0.343187 0.509846 -0.072975 -0.857165
-2.039235 -8.299521 -9.882120 -59.234964 -0.768960 -0.546482 -0.331749 -0.319606 0.778042 -0.540835 0.553671 -0.309852 -0.772942
-2.071955 -9.819207 1.424055 34.194386 -0.781965 -0.552240 -0.289070 -0.519007 0.833681 -0.188697 0.345198 0.002475 -0.938527
-2.630804 -9.840245 -5.413624 -19.529786 -0.808615 -0.542533 -0.227594 -0.454512 0.821684 -0.343882 0.373578 -0.174624 -0.911014
2.208183 -3.876211 -22.721023 4.598370 0.589059 0.784404 0.194215 0.262997 -0.413347 0.871767 -0.764096 0.462444 0.449782
1.915700 -3.762913 -18.278604 5.661195 0.569732 0.793541 0.213771 0.368413 -0.479125 0.796688 -0.734627 0.375142 0.565324
1.404029 -3.943775 -23.701896 0.781544 0.531498 0.805938 0.260717 0.232583 -0.434813 0.869967 -0.814503 0.401748 0.418550
1.252393 -3.901064 -19.205097 -2.780680 0.544777 0.796912 0.261054 0.135215 -0.390707 0.910530 -0.827608 0.460737 0.320603
1.705418 -3.841322 -31.362913 -3.298190 0.552311 0.799981 0.234485 0.149571 -0.371809 0.916180 -0.820110 0.470945 0.325008
0.890064 -3.921180 -11.264392 -4.790639 0.538429 0.793382 0.283970 0.100753 -0.395182 0.913061 -0.836626 0.463007 0.292713
0.872697 -4.031991 -12.238218 0.766097 0.521761 0.804571 0.283603 0.263024 -0.467965 0.843699 -0.811532 0.365614 0.455787
0.767370 -4.014460 -14.831406 -4.226770 0.521315 0.800188 0.296529 0.155006 -0.430493 0.889184 -0.839169 0.417582 0.348456
-1.943051 -6.820860 -1.337506 -83.273697 -0.780577 -0.549262 -0.298346 -0.180093 0.654697 -0.734125 0.598553 -0.519311 -0.609959
-1.761890 -5.056255 1.278138 -55.685892 0.781609 0.557696 0.279398 -0.089857 0.543915 -0.834316 0.617263 -0.627003 -0.475241
-2.112364 -5.547600 -10.012698 -91.765548 0.811001 0.549595 0.200556 -0.170736 0.550219 -0.817379 0.559577 -0.628653 -0.540064
-2.243066 -6.476659 -11.356640 -109.883445 0.818430 0.529719 0.222644 -0.204474 0.630597 -0.748691 0.536994 -0.567226 -0.624413
-2.358707 -7.724817 -0.585158 -75.892224 -0.812143 -0.536000 -0.230496 -0.298501 0.721137 -0.625187 0.501320 -0.438938 -0.745662
0.345324 -7.436939 -3.724718 -13.123247 0.584257 0.708748 0.395374 0.789790 -0.608646 -0.076040 0.186749 0.356689 -0.915367
0.289769 -7.976767 3.830072 -0.944842 0.593476 0.690287 0.413872 0.790110 -0.597643 -0.136195 0.153334 0.407833 -0.900090
0.466805 -7.266023 -4.179363 -8.531003 0.555934 0.732165 0.393537 0.831171 -0.484177 -0.273365 -0.009607 0.479069 -0.877725
0.365092 -7.626230 5.136229 10.221822 0.549295 0.719809 0.424441 0.832643 -0.428573 -0.350758 -0.070575 0.546077 -0.834757
0.341380 -7.308137 -3.554553 -4.181760 0.557260 0.729403 0.396777 0.826330 -0.534049 -0.178800 0.081481 0.427507 -0.900332
0.387267 -7.405745 -3.403938 -1.323347 0.543354 0.735950 0.403910 0.832472 -0.410203 -0.372455 -0.108423 0.538619 -0.835544
0.472012 -7.316110 -2.912575 6.573383 0.536940 0.738075 0.408584 0.830139 -0.376019 -0.411678 -0.150214 0.560228 -0.814604
0.487543 -10.610345 10.084259 -33.479810 0.744435 0.604302 0.283965 -0.258955 -0.130698 0.957006 -0.615434 0.785963 -0.059191
0.645973 -10.399677 10.023954 -56.791262 0.743295 0.612015 0.270091 -0.395840 0.076905 0.915094 -0.539280 0.787098 -0.299423
0.313730 -10.176915 4.024123 -51.878792 0.733550 0.614818 0.289661 -0.343206 -0.032762 0.938689 -0.586612 0.787988 -0.186977
0.885062 -12.015798 -27.523357 -11.258692 0.796037 0.587545 0.145313 -0.014768 0.258873 -0.965799 0.605067 -0.766666 -0.214749
1.861230 -13.816801 -39.323260 -5.568670 0.802116 0.578513 0.148095 -0.142366 0.426098 -0.893405 0.579949 -0.695531 -0.424140
0.510690 -12.430386 -32.956692 -70.503226 0.793696 0.604800 0.065299 -0.229925 0.397641 -0.888266 0.563189 -0.689999 -0.454665
-0.620427 -12.380925 -6.619905 -100.360597 0.772463 0.631202 0.069896 -0.286819 0.444954 -0.848381 0.566600 -0.635296 -0.524751
-0.156342 -10.636072 -4.994318 -89.851992 0.784332 0.607985 0.123199 -0.099035 0.318772 -0.942643 0.612386 -0.727144 -0.310235
1.034932 -1.093068 -21.765727 14.225318 -0.632225 -0.771899 0.066811 0.774316 -0.626486 0.089170 -0.026974 0.108108 0.993773
0.214736 -0.833072 -19.864144 9.609553 -0.652294 -0.754134 0.076121 0.757909 -0.647711 0.077744 -0.009325 0.108405 0.994063
0.866383 -0.748104 -25.397787 6.859754 -0.607797 -0.790026 0.080263 0.794051 -0.603619 0.071608 -0.008124 0.107256 0.994198
-0.856396 -20.392399 14.378990 -24.220585 0.575660 0.397837 0.714382 0.812166 -0.176813 -0.555989 -0.094880 0.900257 -0.424894
-0.535940 -23.739084 20.796715 245.236792 0.574372 0.376929 0.726651 0.798983 -0.451279 -0.397459 0.178108 0.808871 -0.560362
-0.924693 -21.856262 12.929871 280.029798 0.573133 0.415198 0.706490 0.789726 -0.509992 -0.340940 0.218747 0.753338 -0.620187
-5.766876 -155.996282 47.947389 -3696.861759 0.436665 0.574451 0.692336 0.842654 -0.530684 -0.091149 0.315051 0.623202 -0.715795
-2.389215 -109.434895 29.410896 -3603.520635 0.646743 0.466880 0.603114 0.712212 -0.652623 -0.258528 0.272904 0.596747 -0.754597
3.225522 -256.623723 -210.048785 9338.947369 -0.532274 -0.484826 -0.693994 -0.374571 0.870035 -0.320524 0.759198 0.089344 -0.644699
-0.084037 -4.217611 27.548049 -3.049614 0.810587 0.550500 0.199744 -0.378856 0.753042 -0.537956 -0.446560 0.360386 0.818966
0.089372 -3.988470 13.113688 -9.532387 0.791514 0.566133 0.230215 -0.454132 0.796915 -0.398359 -0.408986 0.210758 0.887869
0.719274 -4.018602 19.376622 5.752614 0.776231 0.599967 0.193661 -0.411034 0.714529 -0.566127 -0.478034 0.359844 0.801246
3.853425 0.535615 116.244836 7.289265 0.744049 -0.646551 -0.168414 -0.666947 -0.703788 -0.244673 -0.039666 -0.294371 0.954868
0.796201 0.318170 70.023809 35.702117 0.237534 -0.920656 -0.309790 0.971264 0.230023 0.061125 0.014984 -0.315407 0.948838
3.174062 0.616143 145.651619 1.298532 0.740462 -0.633007 -0.225871 -0.671261 -0.713290 -0.201557 0.033525 -0.300863 0.953078
3.665046 0.637829 41.030544 -1.652970 0.771242 -0.635304 -0.039672 -0.630024 -0.752965 -0.190035 -0.090858 -0.171558 0.980975
2.303357 0.651753 70.217025 -1.802151 0.724125 -0.670561 -0.161218 -0.689666 -0.703319 -0.172348 -0.002182 -0.235988 0.971754
-0.371138 -6.095916 0.141614 -5.058416 -0.602196 -0.675912 -0.424856 -0.673324 0.715929 -0.184607 0.428945 0.174896 -0.886238
-0.517355 -6.467737 -5.011167 5.135677 0.610075 0.675398 0.414302 0.740658 -0.671866 0.004636 0.281486 0.304028 -0.910128
-0.398596 -5.919842 -0.846726 -10.923132 -0.619020 -0.652438 -0.437195 -0.664565 0.731790 -0.151120 0.418531 0.196998 -0.886580
-0.264950 -5.675900 1.560605 -10.653515 -0.635542 -0.638312 -0.434331 -0.578315 0.766283 -0.279933 0.511505 0.073271 -0.856150
-0.198621 -5.754301 4.545520 -17.829800 -0.635411 -0.648574 -0.419052 -0.539335 0.761146 -0.360242 0.552603 -0.002892 -0.833440
-0.187046 -6.204029 3.361394 -28.327699 -0.596690 -0.690161 -0.409438 -0.619745 0.720451 -0.311234 0.509781 0.068037 -0.857610
-0.185410 -8.586417 21.436719 24.369430 -0.621633 -0.782347 0.038799 0.779294 -0.612679 0.131628 -0.079208 0.112060 0.990540
0.051716 -8.956986 -6.460825 -5.118000 0.655202 0.753388 -0.055827 0.753106 -0.657201 -0.030287 0.059507 0.022200 0.997981
-0.448735 -8.446780 -24.938237 -3.848885 0.655422 0.754733 -0.028282 0.750152 -0.654879 -0.091679 0.087714 -0.038873 0.995387
1.280223 -35.018045 25.054209 955.880735 0.637079 0.743206 -0.204390 0.094010 -0.338106 -0.936401 0.765044 -0.577347 0.285269
0.019191 -16.814354 15.928886 431.597552 0.612904 0.769948 -0.177562 0.090096 -0.291349 -0.952365 0.785004 -0.567711 0.247938
0.409740 -10.874373 12.178564 21.785206 0.600919 0.795735 -0.075512 0.093068 -0.163485 -0.982146 0.793873 -0.583162 0.172299
-0.182107 -28.295667 14.619557 582.125343 0.494332 0.022668 0.868978 0.750479 0.493320 -0.439791 -0.438654 0.869552 0.226852
-0.126750 -13.251269 -2.403492 163.518389 0.556240 0.144572 0.818350 0.749507 0.338060 -0.569170 -0.358938 0.929954 0.079685
5.929642 -275.146088 335.708790 7446.737895 0.523304 0.066095 0.849579 0.772917 0.382994 -0.505880 -0.358820 0.921383 0.149336
0.404930 -10.656285 -1.851572 117.068102 0.599198 0.187837 0.778254 0.657035 0.440069 -0.612082 -0.457457 0.878098 0.140273
1.760345 -110.250884 64.970953 2828.799254 0.441221 0.013926 0.897290 0.573995 0.764219 -0.294109 -0.689822 0.644807 0.329196
0.176903 -62.084493 13.825032 1458.502909 0.428050 -0.113129 0.896647 0.648128 0.729864 -0.217323 -0.629844 0.674167 0.385740
6.492459 -164.622632 23.484044 3901.331993 0.495496 -0.019231 0.868397 0.717359 0.572783 -0.396631 -0.489775 0.819482 0.297607
0.122975 -8.062224 -19.829086 98.579892 0.612408 0.609469 -0.503493 0.782716 -0.378063 0.494393 0.110965 -0.696862 -0.708569
0.729176 -7.053654 -8.885325 81.987345 0.624520 0.620407 -0.474415 0.766476 -0.370231 0.524827 0.149963 -0.691393 -0.706744
0.734391 -9.231481 -13.539485 123.851589 0.621839 0.613012 -0.487372 0.783050 -0.476980 0.399153 0.012219 -0.629846 -0.776624
-3.731117 -5.275889 -13.583558 -5.112962 -0.294552 0.243105 -0.924197 -0.169393 0.938505 0.300856 0.940503 0.245170 -0.235258
-3.244526 -5.157873 -10.264606 -1.566979 -0.204952 0.409310 -0.889078 -0.105041 0.893916 0.435752 0.973119 0.182697 -0.140215
-3.455090 -5.020246 -10.181410 -4.755102 -0.279237 0.322697 -0.904375 -0.026058 0.938946 0.343078 0.959868 0.119366 -0.253780
-3.793188 -5.191029 -5.241916 -9.738060 -0.363979 0.063707 -0.929226 -0.117884 0.986484 0.113808 0.923917 0.150965 -0.351549
0.202014 -1.230544 -1.615846 -8.263524 0.177625 0.900354 0.397257 -0.837395 0.350329 -0.419571 0.516932 0.258135 -0.816179
0.239275 -1.173984 4.879647 -0.842651 0.177429 0.897001 0.404855 -0.819359 0.362516 -0.444109 0.545133 0.252924 -0.799287
-0.007328 -1.226383 7.322954 1.437406 0.248679 0.854471 0.456113 -0.805384 0.444012 -0.392696 0.538066 0.269691 -0.798593
5.509396 -6.110244 60.914223 50.993993 -0.081201 0.976185 -0.201171 -0.343267 -0.216880 -0.913855 0.935721 0.005150 -0.352702
4.862126 -4.183420 46.838377 19.251434 -0.050766 0.992865 -0.107895 -0.482268 -0.118975 -0.867907 0.874552 -0.007974 -0.484867
5.576048 -5.438474 1.869303 14.480464 0.119356 0.976902 -0.177246 -0.421198 -0.111840 -0.900047 0.899081 -0.182081 -0.398120
6.626879 -7.375359 5.782165 37.751325 0.125743 0.964106 -0.233856 -0.258686 -0.195707 -0.945928 0.957742 -0.179439 -0.224792
6.769244 -8.681946 83.777212 89.337890 -0.056005 0.968084 -0.244288 -0.168301 -0.250325 -0.953421 0.984143 0.012282 -0.176949
-0.230221 -4.150272 -4.034093 13.853411 0.533427 0.813555 0.231480 0.695536 -0.266158 -0.667375 -0.481336 0.516999 -0.707833
-0.107627 -3.959447 -4.728201 15.055527 0.517966 0.816913 0.253700 0.708715 -0.243758 -0.662046 -0.478993 0.522718 -0.705217
-0.245255 -4.370572 -0.991272 14.770412 0.544504 0.803559 0.240431 0.638065 -0.210778 -0.740571 -0.544415 0.556655 -0.627493
-0.164923 -4.636708 2.918077 -10.319571 0.569214 0.799080 0.193565 -0.583483 0.226733 0.779833 -0.579261 0.556834 -0.595309
-0.020975 -4.502066 4.054745 11.251706 0.553499 0.805334 0.212309 0.656069 -0.264577 -0.706805 -0.513042 0.530505 -0.674798
0.249627 -4.066534 12.397052 19.132993 0.535263 0.810515 0.237822 0.726488 -0.298099 -0.619154 -0.430939 0.504185 -0.748391
-0.567358 -6.552046 0.192191 26.175677 -0.616577 -0.610650 -0.496929 0.787171 -0.467011 -0.402818 0.013910 -0.639537 0.768635
-0.532518 -6.915430 2.050877 6.111416 -0.593445 -0.623789 -0.508637 0.795463 -0.550907 -0.252466 -0.122726 -0.554427 0.823134
-0.467146 -6.729438 4.740387 32.112732 -0.614739 -0.603127 -0.508266 0.787000 -0.426384 -0.445901 0.052219 -0.674118 0.736776
-0.532047 -6.626808 -5.957655 8.349605 -0.590347 -0.643169 -0.487672 0.798846 -0.552016 -0.239005 -0.115482 -0.530671 0.839674
-0.465119 -5.997112 2.542294 26.176047 -0.646977 -0.587011 -0.486660 0.749464 -0.371994 -0.547654 0.140444 -0.719054 0.680615
-0.473687 -5.841401 -2.592877 22.217469 -0.654904 -0.599844 -0.459661 0.744058 -0.405404 -0.531061 0.132206 -0.689808 0.711819
-0.473361 -6.155658 -5.609230 19.021609 -0.625011 -0.626434 -0.465769 0.780028 -0.478037 -0.403778 0.030285 -0.615679 0.787415
1.044623 -11.917490 6.426998 20.359616 0.643231 0.742654 -0.186331 0.761917 -0.596762 0.251711 0.075739 -0.303877 -0.949696
1.084954 -12.347204 7.918488 48.112755 0.631371 0.745513 -0.213495 0.768884 -0.565977 0.297467 0.100932 -0.351965 -0.930555
0.817906 -11.893358 9.572294 68.375082 0.639951 0.747835 -0.176652 0.709318 -0.486500 0.510084 0.295517 -0.451731 -0.841789
0.455276 -8.047924 -19.973792 -98.704346 0.560927 0.817895 -0.128093 -0.196724 0.281982 0.939035 -0.804152 0.501531 -0.319071
-0.330108 -8.235982 -37.259617 -105.895861 0.519238 0.852550 -0.059580 -0.212855 0.196526 0.957116 -0.827698 0.484289 -0.283513
-0.898131 -5.185276 -27.695755 -80.262761 0.557951 0.821794 -0.115524 -0.338700 0.352586 0.872333 -0.757610 0.447591 -0.475068
-1.297675 -4.069552 -1.422977 -25.992268 -0.261165 0.879348 0.398170 0.624150 0.468491 -0.625262 0.736362 -0.085221 0.671199
-1.237777 -4.031116 0.151349 -18.758432 -0.331564 0.866137 0.373994 0.626681 0.498524 -0.598953 0.705221 -0.035784 0.708084
-1.053842 -3.624873 -7.351575 -9.550697 -0.265416 0.882452 0.388371 0.700202 0.453338 -0.551545 0.662776 -0.125549 0.738218
-1.036769 -3.498656 -2.462578 -9.087817 -0.214148 0.899879 0.379945 0.703545 0.411926 -0.579087 0.677617 -0.143298 0.721319
-0.804446 -3.434650 -11.138524 4.985702 -0.219845 0.898639 0.379626 0.751734 0.404073 -0.521173 0.621743 -0.170801 0.764371
-0.454055 -3.556781 6.224538 -2.174608 0.549949 0.749864 0.367777 -0.283808 -0.246360 0.926693 -0.785499 0.614012 -0.077332
-0.617526 -3.932840 -0.418049 11.993209 0.555275 0.784321 0.276605 -0.288905 -0.129967 0.948495 -0.779874 0.606588 -0.154427
-0.634050 -3.652752 -0.983756 -2.534160 0.544175 0.772360 0.327618 -0.240326 -0.230631 0.942896 -0.803814 0.591836 -0.060115
-0.693162 -3.925981 -0.314201 15.930542 0.572982 0.782990 0.242112 -0.296168 -0.077633 0.951976 -0.764184 0.617170 -0.187415
-0.560359 -3.539886 4.921662 18.343121 0.593529 0.769518 0.235722 -0.260025 -0.093831 0.961032 -0.761650 0.631694 -0.144403
-0.638966 -3.788558 -5.721545 6.438615 0.531677 0.792248 0.299436 -0.258104 -0.185168 0.948206 -0.806661 0.581425 -0.106033
-0.552926 -4.194116 -7.399871 12.171568 0.516907 0.810081 0.276722 -0.283608 -0.142945 0.948227 -0.807697 0.568626 -0.155856
-0.513702 -4.434398 -5.138894 15.321133 0.532201 0.809052 0.249392 -0.361883 -0.048914 0.930939 -0.765378 0.585698 -0.266750
-0.628627 -4.191617 -1.926163 21.429701 0.563067 0.793350 0.231410 -0.336198 -0.035899 0.941107 -0.754935 0.607706 -0.246509
-0.216218 -4.173756 -3.210896 -17.963948 0.479904 0.825414 0.297296 0.875108 -0.474426 -0.095428 0.062278 0.305962 -0.950005
-0.132764 -4.175782 7.656137 -21.101702 0.446475 0.832362 0.328381 0.886703 -0.460812 -0.037543 0.120073 0.307939 -0.943799
-0.488379 -4.863378 -0.724383 -36.122524 0.543316 0.780809 0.308457 0.825022 -0.564590 -0.024023 0.155395 0.267536 -0.950935
-0.466255 -5.227749 -3.764473 -43.571394 0.581596 0.757444 0.296690 0.800786 -0.597260 -0.044972 0.143137 0.263740 -0.953914
-0.299578 -4.655855 -1.419811 -24.742610 0.533484 0.788915 0.304972 0.843230 -0.524222 -0.118974 0.066013 0.320632 -0.944901
-1.029814 -11.198037 0.557855 14.184289 -0.438658 -0.681629 -0.585629 0.821989 -0.040958 -0.568028 0.363199 -0.730551 0.578258
-0.698509 -10.760561 -15.516176 20.720752 -0.406102 -0.726251 -0.554654 0.800196 0.010514 -0.599647 0.441326 -0.687349 0.576873
-0.777357 -11.144086 -11.470782 -1.701928 -0.404106 -0.703794 -0.584271 0.897954 -0.183523 -0.399997 0.174289 -0.686290 0.706137
-1.103508 -11.417628 2.926991 -28.096503 -0.414809 -0.678012 -0.606822 0.902173 -0.219688 -0.371242 0.118395 -0.701453 0.702813
2.363207 -7.453470 56.435473 43.727386 0.366944 0.747754 0.553368 0.929272 -0.267477 -0.254773 -0.042494 0.607717 -0.793016
3.334454 -7.476871 85.979623 -51.570827 0.322047 0.749210 0.578766 0.944550 -0.295678 -0.142830 0.064119 0.592671 -0.802888
1.318139 -8.294820 51.561585 -60.240725 0.349793 0.718851 0.600748 0.934755 -0.310439 -0.172804 0.062275 0.621998 -0.780539
0.930738 -7.755065 33.403479 34.728626 0.350767 0.727499 0.589667 0.930221 -0.198100 -0.308943 -0.107943 0.656887 -0.746222
-2.647020 -6.377408 -20.973839 -22.996831 0.619027 0.781151 0.081297 0.430022 -0.250503 -0.867369 0.657181 -0.571884 0.490980
-2.755365 -5.785036 -13.032398 1.957108 0.532397 0.833851 0.145763 0.588641 -0.240945 -0.771652 0.608322 -0.496627 0.619117
-2.252368 -6.261691 -21.946366 5.663853 0.604547 0.779950 0.161867 0.541288 -0.253151 -0.801824 0.584406 -0.572357 0.575220
-2.908028 -6.103615 -4.514139 -30.004038 0.565654 0.824328 0.022759 0.444641 -0.281637 -0.850280 0.694500 -0.491084 0.525839
245.001343 -1577.909730 4695.665638 -48314.392199 -0.131353 -0.534426 -0.834946 -0.623000 0.699644 -0.349813 0.771114 0.474223 -0.424848
-4.826207 -26.845710 -135.970679 -553.821470 -0.441801 -0.136053 -0.886736 -0.225203 0.973602 -0.037177 0.868387 0.183271 -0.460778
-5.663055 -39.793996 -54.685833 -1383.574311 -0.519744 -0.261405 -0.813347 -0.177443 0.964307 -0.196534 0.835691 0.042176 -0.547578
-2.392043 -57.799273 184.408684 -1476.750404 -0.522778 -0.061231 -0.850267 -0.148049 0.988781 0.019820 0.839514 0.136243 -0.525979
-1.724371 -62.008981 -61.748297 1469.651329 0.414973 0.302622 0.858031 0.683263 -0.726386 -0.074258 0.600790 0.617076 -0.508201
0.509051 -1.460742 26.778326 17.941685 0.430045 0.741095 0.515597 -0.798108 0.579027 -0.166586 0.422000 0.339863 -0.840482
2.136613 -1.991042 59.790882 33.475517 0.460463 0.707439 0.536194 -0.794520 0.597833 -0.106462 0.395870 0.376994 -0.837354
2.137693 -2.040373 63.339275 22.887364 0.366117 0.779837 0.507752 -0.825932 0.523689 -0.208772 0.428713 0.342934 -0.835824
-1.536867 -3.771336 -6.930717 -3.737430 -0.330298 0.896928 0.293980 0.723429 0.440617 -0.531514 0.606262 -0.037116 0.794398
-1.363246 -4.009968 -3.917740 -11.800720 -0.325949 0.891290 0.315213 0.655599 0.453328 -0.603890 0.681136 -0.009816 0.732091
-1.527024 -3.978008 -2.347886 -7.635072 -0.316201 0.922584 0.221032 0.678584 0.382767 -0.626907 0.662979 0.048240 0.747083
-0.611748 -6.781849 3.132640 -1.773757 -0.733185 -0.640855 -0.227474 -0.541594 0.752579 -0.374568 0.411236 -0.151429 -0.898863
-0.460394 -6.584160 0.467318 5.701470 -0.740309 -0.635541 -0.219159 -0.583096 0.769280 -0.261165 0.334576 -0.065552 -0.940086
-0.524721 -6.838930 2.538000 -3.068688 -0.727257 -0.649146 -0.222949 -0.618009 0.760634 -0.198748 0.298599 -0.006756 -0.954355
0.350157 -8.895836 22.494285 118.109560 0.160792 -0.373319 -0.913662 0.622972 0.756396 -0.199426 0.765540 -0.537120 0.354189
2.019960 -6.284349 -11.150236 -54.014049 -0.106928 -0.604288 -0.789558 0.563379 0.617503 -0.548903 0.819250 -0.503513 0.274415
1.354140 -5.217493 1.372446 -51.203056 0.236066 0.624163 0.744777 0.605004 0.505365 -0.615286 0.760423 -0.595841 0.258322
2.781770 -6.762507 -9.211565 -41.035241 0.335456 0.655431 0.676668 0.425690 0.535309 -0.729543 0.840391 -0.532780 0.099438
-0.830818 -6.900733 47.079475 103.410296 0.174546 -0.334993 -0.925912 0.674055 0.726121 -0.135641 0.717763 -0.600440 0.352545
-0.101336 -4.669912 -9.174024 -37.721395 -0.429041 -0.674598 -0.600700 0.615909 0.267972 -0.740842 0.660742 -0.687829 0.300520
1.754189 -5.914678 -22.384130 -9.480903 0.464246 0.656411 0.594642 0.486118 0.372381 -0.790583 0.740381 -0.656092 0.146217
-0.180194 -4.704996 0.394724 -20.929934 0.560798 0.778587 0.281618 0.827950 -0.526521 -0.193065 -0.002040 0.341436 -0.939903
-0.333089 -5.603761 13.657820 -29.616726 0.615374 0.727120 0.304322 0.782009 -0.611609 -0.119986 0.098881 0.311819 -0.944982
-0.136784 -5.147940 -1.207145 -31.618845 0.615186 0.740715 0.269977 0.787363 -0.559834 -0.258159 -0.040080 0.371385 -0.927613
-4.634213 -6.499012 -1.332969 16.825033 0.828279 0.443386 0.342581 -0.525936 0.404346 0.748262 -0.193248 0.799946 -0.568104
-5.108765 -6.704957 33.414497 28.421108 0.724113 0.416650 0.549603 -0.679846 0.297111 0.670473 -0.116059 0.859144 -0.498400
-4.181282 -6.411506 4.066024 -35.633114 0.534907 0.408438 0.739630 0.837428 -0.140044 -0.528301 -0.112197 0.901979 -0.416948
-4.052538 -5.294476 -15.312961 -12.921212 0.691294 0.718181 -0.079551 0.598229 -0.507107 0.620455 -0.405258 0.476506 0.780197
-3.944501 -5.612569 -7.687234 -3.768167 0.699529 0.714574 0.006600 0.633414 -0.624301 0.457204 -0.330827 0.315647 0.889337
-4.311914 -5.547729 -15.072988 -5.090654 0.728801 0.675380 -0.112744 0.635042 -0.605118 0.480160 -0.256067 0.421539 0.869905
-4.749573 -5.456845 14.186008 -6.452167 -0.693062 -0.654795 0.301511 0.702432 -0.519407 0.486627 -0.162035 0.549053 0.819930
-4.440258 -5.234937 -19.040276 -8.697678 0.684913 0.696308 -0.214592 0.660381 -0.468781 0.586635 -0.307883 0.543506 0.780903
-4.530723 -5.617613 -14.395516 -1.999888 0.755947 0.631643 -0.171962 0.643590 -0.669051 0.371702 -0.119732 0.391660 0.912287
-0.735400 -2.388945 7.248241 -8.129692 0.588921 -0.676231 0.442588 0.719288 0.688257 0.094483 -0.368507 0.262706 0.891733
-0.462132 -4.502342 7.380528 8.927225 0.656552 0.473754 0.586939 0.604583 0.134759 -0.785061 0.451021 -0.870286 0.197947
-0.524145 -4.957196 -11.059991 2.129245 -0.650316 -0.473809 -0.593797 0.672090 0.005498 -0.740449 0.354096 -0.880611 0.314867
-0.486345 -4.941251 -5.289857 2.923196 0.674429 0.430091 0.600140 0.669457 -0.013392 -0.742730 0.311404 -0.902686 0.296959
-0.352036 -3.971934 6.533269 17.981833 0.681794 0.502684 0.531475 0.463075 0.265859 -0.845506 0.566319 -0.822574 0.051519
-0.295028 -4.236235 8.341469 15.322861 0.657790 0.493774 0.568770 0.565718 0.174659 -0.805889 0.497268 -0.851870 0.164448
-0.483600 -4.749651 -8.538935 10.024359 0.686757 0.420073 0.593214 0.605107 0.121796 -0.786773 0.402753 -0.899280 0.170545
-0.482325 -4.265642 -0.501850 17.870010 0.686881 0.463758 0.559573 0.506968 0.245938 -0.826134 0.520747 -0.851142 0.066180
-1.005325 -4.784564 8.849694 15.053494 0.573184 0.762032 0.301277 -0.499857 0.033818 0.865448 -0.649310 0.646656 -0.400290
-1.496494 -6.447275 21.758269 80.095612 0.577507 0.745875 0.331898 -0.566410 0.073288 0.820858 -0.587933 0.662042 -0.464796
-2.494997 -7.772664 23.106003 141.472692 0.660201 0.737061 0.144483 -0.421505 0.204362 0.883499 -0.621665 0.644187 -0.445595
-1.397318 -8.245750 -5.536231 -10.242271 0.551665 0.800530 -0.234132 0.467369 -0.064195 0.881729 -0.690820 0.595845 0.409557
-1.134658 -7.603148 0.623189 -23.164373 0.559176 0.793882 -0.238902 0.267785 0.099765 0.958300 -0.784611 0.599832 0.156803
-1.232212 -8.340318 -2.305275 -7.458546 0.545287 0.810042 -0.215627 0.460012 -0.074131 0.884813 -0.700750 0.581668 0.413052
-1.426966 -7.637624 -6.056231 -13.678787 0.568270 0.779750 -0.262793 0.351899 0.058392 0.934215 -0.743799 0.623362 0.241210
-1.331171 -8.510792 -6.581012 0.654411 0.549843 0.811773 -0.196713 0.606801 -0.226371 0.761937 -0.573990 0.538312 0.617054
-1.543229 -8.374941 2.514479 -0.368264 -0.567910 -0.784147 0.250184 0.612441 -0.199502 0.764928 -0.549903 0.587633 0.593543
-1.493430 -8.026201 1.578097 -7.958179 0.575810 0.774559 -0.261728 0.496726 -0.077159 0.864471 -0.649389 0.627778 0.429172
-1.456130 -8.533152 -20.723980 -44.024646 -0.707094 -0.567595 -0.421728 -0.354021 0.800432 -0.483713 0.612118 -0.192730 -0.766921
-1.519774 -9.573840 -23.028719 -18.371395 -0.695705 -0.593503 -0.404660 -0.508365 0.804798 -0.306376 0.507504 -0.007432 -0.861617
-1.685899 -9.912740 -12.313055 -6.393792 -0.722708 -0.591863 -0.356921 -0.582785 0.799465 -0.145662 0.371557 0.102737 -0.922708
2.360904 -3.800654 -11.091932 3.695280 0.625968 0.760958 0.170607 0.312854 -0.445432 0.838876 -0.714343 0.471735 0.516895
1.984029 -3.751153 0.613148 6.260262 0.654071 0.736317 0.173286 0.366989 -0.509204 0.778479 -0.661446 0.445587 0.603276
1.841443 -3.541164 -18.212551 8.218383 0.566860 0.795642 0.213596 0.475094 -0.527547 0.704258 -0.673020 0.297738 0.677050
1.370388 -3.721227 -22.993024 10.691638 0.508717 0.823199 0.252092 0.449519 -0.503704 0.737710 -0.734262 0.261965 0.626286
2.168526 -3.586251 -8.584488 8.548400 0.626306 0.759051 0.177713 0.435828 -0.529931 0.727480 -0.646370 0.378173 0.662715
-1.843914 -3.766919 -1.345058 -17.194625 0.764942 0.640650 0.066574 -0.277932 0.421550 -0.863162 0.581049 -0.641766 -0.500518
0.319331 -8.147442 3.793406 -23.433207 0.614419 0.670524 0.415797 0.732952 -0.680142 0.013735 0.292010 0.296320 -0.909354
0.168671 -8.422049 11.979824 -35.185855 0.620475 0.655418 0.430625 0.726330 -0.687346 -0.000396 0.295729 0.313022 -0.902531
0.301090 -7.875087 -4.299137 -16.664901 0.610488 0.687578 0.393117 0.741831 -0.670279 0.020325 0.277473 0.279218 -0.919264
-0.020956 -8.641176 12.554480 -21.707890 0.615478 0.659558 0.431474 0.755996 -0.648824 -0.086591 0.222839 0.379487 -0.897960
0.064588 -8.387465 14.822602 -11.414940 0.579637 0.682996 0.444452 0.814232 -0.507110 -0.282606 0.032368 0.525696 -0.850057
0.263877 -10.412488 -7.436181 17.642472 0.735479 0.607433 0.300159 -0.260043 -0.156013 0.952910 -0.625658 0.778900 -0.043215
0.207233 -11.124382 -10.622902 23.760742 0.750764 0.602360 0.271138 -0.305634 -0.047128 0.950982 -0.585612 0.796832 -0.148720
0.398320 -10.720048 -13.300968 36.541194 0.729533 0.611338 0.306672 -0.163562 -0.279433 0.946131 -0.664100 0.740394 0.103864
1.812632 -15.150376 -5.109282 48.247511 0.752814 0.602347 0.265422 -0.013817 0.417606 -0.908523 0.658088 -0.680282 -0.322702
2.952900 -14.802199 -51.574076 156.459936 0.817209 0.554608 0.156780 -0.295126 0.636340 -0.712722 0.495046 -0.536173 -0.683702
1.625119 -14.573748 -26.386000 6.076407 0.781390 0.589407 0.205013 0.103282 0.201848 -0.973956 0.615437 -0.782213 -0.096847
0.074751 -0.461849 -11.855083 -1.110731 -0.650805 -0.757055 0.057626 0.759243 -0.649072 0.047482 0.001457 0.074654 0.997208
0.465237 -0.482656 -15.905324 -2.011177 -0.644863 -0.761184 0.068930 0.763902 -0.644806 0.026052 0.024616 0.069456 0.997281
0.818728 -0.422808 -20.725489 -1.772595 -0.599861 -0.796893 0.071614 0.800102 -0.597663 0.051348 0.001882 0.088100 0.996110
-0.020425 -0.512118 -6.455229 -2.557039 -0.603065 -0.796007 0.051822 0.797587 -0.602767 0.022959 0.012961 0.055178 0.998392
-0.327994 -0.461513 -0.673799 -3.784591 -0.155616 -0.986308 0.054584 0.987794 -0.155757 0.001698 0.006828 0.054182 0.998508
-0.387501 -0.547010 -2.796846 -8.472351 0.914976 -0.402703 0.025503 -0.403509 -0.913065 0.059094 0.000511 0.064360 0.997927
-0.103828 -0.529573 10.348992 3.881956 0.763196 0.644202 -0.050357 0.646150 -0.760281 0.066804 -0.004750 0.083522 0.996495
-0.403606 -24.351984 26.012978 501.335930 0.578332 0.376037 0.723967 0.652481 -0.745900 -0.133796 0.489695 0.549753 -0.676735
0.618267 -167.319444 17.611114 -4488.559599 0.277725 0.696933 0.661175 0.893506 0.065410 -0.444262 -0.352868 0.714147 -0.604548
-0.834333 -159.771325 0.622311 11118.202279 0.153679 0.708918 0.688345 -0.235626 -0.650233 0.722272 -0.959616 0.273190 -0.067112
3.514954 -233.314088 76.722864 -12026.734828 0.126207 0.652810 0.746934 0.389368 0.659931 -0.642560 -0.912395 0.371928 -0.170896
22.289214 -532.585749 940.636608 21896.884302 -0.215673 0.302276 0.928501 -0.350776 0.863424 -0.362568 -0.911286 -0.403891 -0.080186
-3.732465 -30.370259 -259.865867 723.641858 -0.281085 0.753599 0.594205 -0.679261 -0.593618 0.431534 -0.677935 0.282322 -0.678748
-0.480257 -69.801316 77.911450 -1965.378610 0.320983 0.684340 0.654713 0.863813 0.071903 -0.498655 -0.388325 0.725610 -0.568062
0.712458 -3.390291 5.717447 -8.176398 0.714306 0.697217 0.060459 -0.338784 0.268904 0.901619 -0.612366 0.664514 -0.428285
0.743984 -3.268597 -3.678091 -11.049899 0.689005 0.721692 0.066581 -0.373657 0.275006 0.885862 -0.621009 0.635242 -0.459146
0.587076 -3.151171 1.641390 -9.436726 0.714522 0.697765 0.050807 -0.381076 0.327265 0.864684 -0.586719 0.637198 -0.499740
0.114666 -9.300483 0.884384 22.886252 -0.609871 -0.789781 0.065598 0.781738 -0.585929 0.213478 -0.130165 0.181475 0.974743
1.118720 -29.549591 5.245262 770.378414 0.637866 0.722789 -0.265900 0.123559 -0.436830 -0.891018 0.760171 -0.535496 0.367946
5.421177 -201.883314 13.657226 6329.254083 0.590473 0.796162 -0.132164 0.368863 -0.411886 -0.833241 0.717831 -0.443256 0.536882
1.825415 -42.116391 -27.720855 939.560921 0.571491 0.805381 -0.157348 0.616121 -0.547771 -0.565987 0.542027 -0.226511 0.809259
3.216013 -68.059512 -25.728719 1774.074181 0.549457 0.801378 -0.236411 0.511259 -0.546269 -0.663479 0.660842 -0.243686 0.709863
1.823675 -40.636665 -20.872653 1029.736149 0.583011 0.774452 -0.245607 0.133735 -0.389651 -0.911201 0.801382 -0.498394 0.330742
-0.050079 -17.229427 23.656660 500.216188 0.602315 0.746285 -0.283329 0.047141 -0.387568 -0.920635 0.796865 -0.541156 0.268619
0.044392 -18.696647 -30.722711 410.914570 0.477607 0.169332 0.862101 0.829893 0.235144 -0.505950 -0.288392 0.957097 -0.028221
1.581214 -7.452936 16.769936 -4.369496 0.738593 0.269212 0.618065 -0.609084 -0.126487 0.782954 -0.288958 0.954739 -0.070550
2.323978 -7.454830 25.895218 15.714512 0.748972 0.328414 0.575487 -0.555571 -0.162044 0.815526 -0.361084 0.930530 -0.061091
-3.423932 -5.413529 -13.499818 -5.784434 -0.197647 0.342642 -0.918440 -0.249688 0.888423 0.385176 0.947941 0.305453 -0.090041
-3.042903 -5.281969 -4.819886 1.930829 -0.091323 0.402196 -0.910988 -0.251393 0.875869 0.411892 0.963567 0.266631 0.021122
0.281828 -1.109827 -4.813115 -7.628990 0.205094 0.894196 0.397932 -0.820224 0.378861 -0.428599 0.534013 0.238490 -0.811143
0.366797 -1.162886 1.524195 0.699147 0.163929 0.909663 0.381629 -0.817372 0.341845 -0.463730 0.552296 0.235914 -0.799571
5.031729 -4.316291 -6.092786 17.661985 0.138407 0.986553 -0.086929 -0.578721 0.009336 -0.815472 0.803695 -0.163175 -0.572231
4.634197 -5.314142 -54.360763 18.722552 0.322567 0.932980 -0.159682 -0.563750 0.053848 -0.824188 0.760353 -0.355877 -0.543337
5.094745 -4.407589 -42.559880 25.389746 0.292108 0.954081 -0.066348 -0.675671 0.156775 -0.720340 0.676862 -0.255246 -0.690440
0.114548 -3.917605 -9.495201 16.000594 0.480103 0.834936 0.269042 0.728302 -0.208439 -0.652786 -0.488956 0.509349 -0.708157
-0.290501 -7.126592 14.186703 18.285462 -0.597417 -0.598032 -0.534276 0.797329 -0.514232 -0.315962 -0.085786 -0.614754 0.784039
-0.426158 -7.095381 7.024755 -4.777549 -0.585719 -0.618629 -0.523671 0.788850 -0.583486 -0.193027 -0.186143 -0.526158 0.829764
-0.566332 -6.724479 -0.480468 -5.451365 -0.569980 -0.642755 -0.511849 0.784508 -0.610914 -0.106449 -0.244275 -0.462223 0.852455
-0.379767 -6.859985 4.648959 -20.847028 -0.569637 -0.633536 -0.523589 0.756121 -0.653663 -0.031694 -0.322172 -0.413951 0.851381
-0.258698 -9.102700 13.059998 -25.822650 0.806958 0.583961 -0.088367 -0.099975 0.282521 0.954037 -0.582086 0.761034 -0.286364
0.272045 -9.071553 20.838622 -34.781271 0.814484 0.567739 -0.119532 -0.077706 0.310914 0.947256 -0.574958 0.762237 -0.297351
-0.111937 -8.331739 18.628935 -45.896333 0.815326 0.570790 -0.097170 -0.204606 0.441026 0.873861 -0.541646 0.692600 -0.476367
-0.019306 -9.507018 17.185135 -13.692728 0.811930 0.571734 -0.117850 0.055446 0.125440 0.990551 -0.581115 0.810793 -0.070148
-0.615929 -8.642590 8.393494 -40.102239 0.792414 0.604794 -0.079399 -0.224005 0.409595 0.884338 -0.567364 0.682976 -0.460046
-0.806847 -9.433819 5.671527 -19.510491 0.780885 0.621067 -0.067046 -0.124927 0.260427 0.957377 -0.612056 0.739225 -0.280951
-0.491876 -9.358264 9.937171 3.306527 0.801949 0.591987 -0.080177 0.026199 0.099231 0.994719 -0.596817 0.799815 -0.064068
-1.903215 -2.751072 -4.939717 -15.143018 -0.471161 -0.872064 -0.132330 0.881793 -0.469296 -0.046931 -0.021175 -0.138799 0.990094
-1.750258 -2.399863 -13.333641 -9.160579 -0.089654 -0.991913 -0.089843 0.993078 -0.095902 0.067820 -0.075888 -0.083141 0.993644
-1.926326 -2.711326 -6.950598 -12.641162 -0.168390 -0.971453 -0.167105 0.979772 -0.183548 0.079735 -0.108131 -0.150299 0.982710
-1.990065 -3.245792 -3.349597 -15.088515 -0.519618 -0.831378 -0.196994 0.854248 -0.509857 -0.101521 -0.016036 -0.221034 0.975134
-1.855446 -3.246908 -7.376781 -11.015369 -0.613437 -0.778370 -0.133552 0.789032 -0.596875 -0.145497 0.033536 -0.194630 0.980303
-1.781120 -2.961005 -7.694174 -15.919854 -0.652531 -0.753887 -0.076538 0.756215 -0.641417 -0.129319 0.048399 -0.142264 0.988645
-0.478288 -4.024744 6.663406 24.799816 0.598437 0.779083 0.186822 -0.308942 0.009252 0.951036 -0.739208 0.626852 -0.246228
-0.588923 -4.327871 0.641365 19.087053 0.585612 0.785165 0.201429 -0.365070 0.033604 0.930374 -0.723728 0.618374 -0.306319
-0.091614 -15.521727 8.686265 -118.353202 0.348799 0.745893 0.567435 -0.426374 -0.412880 0.804820 -0.834593 0.522659 -0.174017
-0.269618 -16.176387 -9.555858 -53.275177 0.329580 0.771768 0.543830 -0.353217 -0.433391 0.829102 -0.875566 0.465345 -0.129765
-0.040581 -13.850926 3.564057 -118.534642 0.348564 0.743714 0.570431 -0.645988 -0.250347 0.721128 -0.679119 0.619851 -0.393169
-0.136012 -15.945988 3.603046 11.512690 0.347322 0.751739 0.560586 -0.078649 -0.572343 0.816234 -0.934442 0.327586 0.139664
-0.013238 -13.651016 7.559273 -119.044486 0.331887 0.741506 0.583112 -0.655998 -0.262785 0.707538 -0.677877 0.617343 -0.399212
-0.187895 -15.427389 0.803489 0.963254 0.326258 0.754628 0.569291 -0.189600 -0.537765 0.821499 -0.926071 0.375958 0.032373
-0.176486 -14.299106 0.434702 -94.934908 0.320444 0.752900 0.574855 -0.545522 -0.349446 0.761770 -0.774417 0.557700 -0.298745
-2.311374 -6.137735 19.613919 22.321274 -0.463251 -0.844888 -0.267514 0.739257 -0.201922 -0.642438 0.488771 -0.495371 0.718130
1.164568 -52.128466 92.901302 1082.363724 0.479192 0.069558 0.874950 0.627297 -0.724375 -0.285971 0.613900 0.685889 -0.390748
7.695057 -73.441794 227.246804 1902.805999 0.528547 0.145258 0.836384 0.633713 -0.723079 -0.274891 0.564841 0.675320 -0.474233
2.858168 -86.960013 -207.577130 -2511.479511 -0.533030 -0.063826 -0.843686 -0.344962 0.926904 0.147821 0.772580 0.369832 -0.516085
-0.233205 -189.876730 192.197968 -5930.955087 -0.381756 -0.306486 -0.871968 -0.344491 0.922624 -0.173470 0.857664 0.234162 -0.457799
0.100088 -16.928711 0.185683 -38.049932 0.583546 0.800402 0.137222 0.782203 -0.508583 -0.359863 -0.218246 0.317332 -0.922859
0.041886 -16.713380 5.799702 -60.839919 0.615471 0.775533 0.140510 0.741541 -0.509388 -0.436623 -0.267042 0.372923 -0.888604
0.264195 -18.570873 10.671427 159.433862 0.593606 0.789476 0.156075 0.804582 -0.586239 -0.094715 0.016722 0.181798 -0.983194
-0.014172 -16.086323 2.104904 -224.212550 0.600175 0.787936 0.137647 0.649844 -0.379997 -0.658259 -0.466361 0.484520 -0.740100
0.183381 -17.477834 8.030760 -163.711325 0.573071 0.803046 0.163422 -0.809858 0.585459 -0.036986 0.125378 0.111153 -0.985863
-0.069869 -15.810505 -2.764166 245.759825 0.575855 0.805584 0.139374 -0.621834 0.320910 0.714380 -0.530767 0.498047 -0.685738
-1.969708 -3.596400 -2.283314 -4.979502 -0.258379 0.963143 0.074806 0.815280 0.258941 -0.517946 0.518226 0.072839 0.852136
-1.712075 -3.911661 -2.963264 -1.850629 -0.273129 0.955355 0.112680 0.735632 0.282904 -0.615476 0.619876 0.085214 0.780059
-1.874880 -3.833205 5.677352 -0.343603 -0.247605 0.968861 0.000418 0.786027 0.201132 -0.584557 0.566438 0.144411 0.811353
-2.026134 -3.401613 5.660837 -10.782934 -0.167815 0.984164 -0.057097 0.877000 0.122588 -0.464590 0.450233 0.128039 0.883683
-1.811651 -3.833953 5.332618 -1.168525 -0.176516 0.977767 -0.113201 0.821544 0.083008 -0.564071 0.542133 0.192567 0.817930
-0.497869 -6.361287 -1.621511 -6.193688 -0.731084 -0.640985 -0.233782 -0.488788 0.731102 -0.476000 0.476027 -0.233726 -0.847803
3.339472 -17.008048 -17.187883 -152.877401 0.655884 0.625591 0.422436 0.120255 0.465880 -0.876638 0.745221 -0.625773 -0.230333
7.072801 -47.152874 -93.050074 -1137.306925 0.740970 0.601330 0.298942 -0.124937 0.560830 -0.818450 0.659814 -0.569098 -0.490686
2.319666 -20.271297 -9.398752 -396.315624 0.717489 0.640876 0.272925 0.081784 0.311599 -0.946688 0.691752 -0.701559 -0.171155
6.347573 -32.680497 61.405382 -592.442235 -0.647375 -0.573695 -0.501778 -0.082503 0.707231 -0.702152 0.757693 -0.413157 -0.505175
