14985
29952
-11.828501 -15.368808 -295.342284 -318.548522 0.659577 0.730316 -0.177753 -0.157370 -0.097068 -0.982758 0.734978 -0.676177 -0.050906
-11.340296 -14.927775 47.322001 -708.832514 0.559541 0.756389 0.338806 0.263169 0.225486 -0.938029 0.785911 -0.614029 0.072889
-8.405142 -12.054327 -76.970521 -237.724451 0.569145 0.601202 -0.560920 -0.309389 -0.475465 -0.823536 0.761809 -0.642254 0.084603
-7.280940 -10.266602 44.512669 -305.091713 0.586495 0.793436 -0.162736 0.045098 -0.232599 -0.971527 0.808696 -0.562456 0.172201
-9.040258 -14.311497 48.658095 -237.472743 0.615323 0.615601 -0.492354 -0.373696 -0.322144 -0.869813 0.694067 -0.719207 -0.031825
-6.074522 -9.967183 57.084595 186.502313 0.498297 0.459699 -0.735103 0.346785 0.671411 0.654940 0.794632 -0.581278 0.175146
-8.155426 -12.473876 30.776122 -179.174993 0.535090 0.426426 -0.729273 -0.498181 -0.537902 -0.680057 0.682272 -0.727202 0.075389
-6.900491 -11.091536 25.024663 138.605299 0.479862 0.362568 -0.798922 0.477400 0.656092 0.584493 0.736085 -0.661882 0.141743
6.417278 -15.192201 -111.871668 -329.476714 0.328480 0.943710 0.038877 0.907071 -0.303718 -0.291507 0.263291 -0.131019 0.955778
6.995648 -15.563201 80.036824 -274.213959 -0.284898 -0.950618 -0.123122 0.946208 -0.258346 -0.194802 0.153374 -0.171998 0.973084
9.144651 -13.753015 -136.965500 -204.605126 0.403224 0.915086 0.005341 0.905179 -0.397988 -0.149184 0.134390 -0.064990 0.988795
11.075237 -13.051895 -75.964201 7.342261 0.488447 0.860557 -0.144435 0.857687 -0.503944 -0.102040 0.160598 0.074039 0.984239
8.737667 -13.452251 -152.685484 -169.318350 0.431002 0.899723 -0.068813 0.870340 -0.434634 -0.231522 0.238214 -0.039896 0.970393
-6.264144 -11.703083 259.832101 72.791322 0.424605 0.817092 -0.389963 0.799407 -0.540554 -0.262204 0.425041 0.200406 0.882710
-7.124562 -9.005020 132.886659 -132.136289 0.672812 0.601217 -0.431117 -0.553060 0.795792 0.246659 0.491375 0.072478 0.867927
-4.476350 -8.552743 324.946978 198.476431 0.491083 0.735235 -0.467190 0.691064 -0.655331 -0.304914 0.530348 0.173120 0.829916
-2.028698 -7.983958 -0.287451 -180.421425 0.791492 0.585197 -0.176307 -0.578103 0.810444 0.094749 0.198334 0.026931 0.979764
-2.381349 -6.304397 8.697813 -115.335815 0.732211 0.661275 -0.163041 -0.638515 0.749793 0.173520 0.236991 -0.022949 0.971241
-1.683244 -7.823479 43.258265 -136.602940 0.734439 0.652808 -0.185581 -0.646708 0.756106 0.100358 0.205834 0.046310 0.977491
-1.452882 -9.355065 3.686227 -161.750140 0.755427 0.630341 -0.178886 -0.638462 0.769502 0.015299 0.147297 0.102654 0.983751
-0.923977 -9.072966 96.712283 -114.145965 0.706701 0.677041 -0.205400 -0.689799 0.723888 0.012761 0.157326 0.132667 0.978595
-0.875177 -8.111253 111.013736 -85.746263 0.686224 0.698662 -0.202405 -0.694829 0.711939 0.101760 0.215196 0.070806 0.974001
-3.492231 -22.757253 -54.437859 978.380987 0.163420 0.985557 -0.044403 -0.983426 0.159153 -0.086857 0.078535 -0.057862 -0.995231
-3.634133 -14.005031 -77.202713 431.939462 0.038324 0.998014 -0.050003 -0.997491 0.035228 -0.061400 0.059517 -0.052230 -0.996860
-2.862291 -21.679212 20.654418 806.219565 0.235341 0.971507 0.028070 -0.945979 0.235593 -0.222753 0.223020 -0.025869 -0.974471
-2.540199 -27.893446 36.227351 1237.098659 0.249889 0.967948 0.025142 -0.928214 0.246861 -0.278350 0.275635 -0.046220 -0.960151
-1.339050 -29.583658 94.829920 1458.159883 0.342358 0.933109 0.109992 -0.853219 0.357779 -0.379488 0.393456 -0.036073 -0.918635
-1.696733 -37.233171 94.058133 1657.220608 0.325045 0.940277 0.101117 -0.830461 0.334952 -0.445131 0.452416 -0.060714 -0.889738
-2.611517 -17.245809 40.222920 485.282270 0.288650 0.954366 0.076589 -0.920425 0.298629 -0.252268 0.263628 -0.002323 -0.964622
-0.776971 -9.656117 -55.932739 14.137693 0.453957 0.885197 0.101732 0.842043 -0.388863 -0.373831 0.291354 -0.255366 0.921901
-1.000358 -10.322744 -35.633353 -82.158393 0.436178 0.893886 0.103523 0.830800 -0.355830 -0.427968 0.345718 -0.272677 0.897845
-1.280911 -10.844495 -22.678360 -72.365500 0.416805 0.903767 0.097357 0.828669 -0.333767 -0.449340 0.373605 -0.267964 0.888040
-1.310340 -10.610273 -40.400065 -203.350465 0.432068 0.895837 0.103891 0.812852 -0.336943 -0.475122 0.390626 -0.289733 0.873765
-1.445967 -11.557893 -4.106338 -105.480135 0.414784 0.904367 0.100375 0.765594 -0.287247 -0.575634 0.491752 -0.315610 0.811523
0.454258 -12.046895 38.859803 -40.887999 0.597206 0.798366 0.077181 0.639492 -0.532015 0.554986 -0.484144 0.282084 0.828271
-0.073023 -11.631112 52.481291 166.532310 0.586896 0.807570 0.058169 0.745177 -0.566853 0.351268 -0.316647 0.162812 0.934466
-0.114861 -11.921787 -58.251600 112.484039 0.560875 0.823548 0.084780 0.740531 -0.544835 0.393407 -0.370181 0.157869 0.915447
0.244164 -12.021140 -81.408012 -40.307762 0.544923 0.834485 0.081809 0.672107 -0.493047 0.552428 -0.501329 0.246046 0.829536
1.728520 -18.132341 120.070606 821.025538 0.229096 0.968418 0.098398 0.949408 -0.199997 -0.242129 0.214802 -0.148891 0.965242
1.611236 -22.483338 -89.145015 609.744791 -0.223886 -0.968686 -0.107342 0.974615 -0.222442 -0.025389 0.000717 -0.110301 0.993898
1.024764 -20.854740 -28.314123 726.083273 -0.233645 -0.965902 -0.111550 0.968007 -0.220277 -0.120166 0.091497 -0.136057 0.986467
1.338573 -15.835095 35.913034 731.785559 0.240448 0.965418 0.100761 0.937129 -0.203838 -0.283265 0.252930 -0.162537 0.953734
1.570819 -11.667726 74.341736 675.630308 0.252340 0.963720 0.087000 0.902700 -0.202070 -0.379868 0.348506 -0.174391 0.920940
-0.117461 -30.464109 45.081848 630.677009 0.261751 0.962401 0.072605 -0.076775 0.095753 -0.992440 0.962077 -0.254198 -0.098951
-0.755312 -25.463875 74.220936 905.471406 0.247133 0.963886 0.099239 -0.316166 0.177023 -0.932042 0.915950 -0.198962 -0.348496
0.115650 -27.138659 28.452458 928.238369 0.272416 0.958683 0.081950 -0.303452 0.166427 -0.938200 0.913075 -0.230713 -0.336252
-0.388924 -20.264243 16.117774 691.309412 0.286126 0.948228 0.137822 -0.478559 0.266029 -0.836785 0.830128 -0.173470 -0.529901
0.698535 -33.394731 74.919518 694.314391 0.250509 0.965865 0.065950 -0.052919 0.081681 -0.995253 0.966667 -0.245829 -0.071574
0.266516 -22.693683 25.989969 845.447290 0.284596 0.950602 0.123940 -0.443290 0.245130 -0.862210 0.850000 -0.190440 -0.491155
0.868425 -28.603748 63.197074 963.077518 0.260994 0.959463 0.106365 -0.284120 0.181651 -0.941424 0.922582 -0.215485 -0.320012
-1.562386 -8.146456 46.331162 -196.785225 0.146957 0.971354 0.186749 -0.873166 0.216099 -0.436902 0.464742 0.098858 -0.879910
-1.372287 -11.834191 -4.765059 -380.826334 0.183740 0.966744 0.177891 -0.890923 0.240248 -0.385405 0.415326 0.087673 -0.905438
-1.330945 -12.385399 -52.266563 -637.632357 0.161379 0.973610 0.161372 -0.894018 0.213475 -0.393904 0.417958 0.080701 -0.904875
-1.693084 -9.651125 3.416647 86.440965 0.234556 0.948499 0.212917 -0.861941 0.304201 -0.405609 0.449489 0.088384 -0.888902
-0.994775 -7.927029 -13.091111 -338.725373 0.083952 0.986216 0.142586 -0.868474 0.142574 -0.474791 0.488575 0.083972 -0.868472
-1.735349 -7.118804 103.159196 181.028431 0.188923 0.950982 0.244828 -0.846998 0.283962 -0.449400 0.496893 0.122467 -0.859127
-2.203210 -8.746393 54.824281 316.747978 0.272090 0.925278 0.264251 -0.837670 0.362901 -0.408181 0.473578 0.110293 -0.873819
5.991361 -11.630884 861.539826 168.237448 -0.347507 0.397425 -0.849289 -0.161282 0.866905 0.471661 0.923703 0.300881 -0.237158
17.202743 -9.800023 1113.771305 358.179744 -0.290732 0.454329 -0.842057 -0.300183 0.792326 0.531140 0.908496 0.407190 -0.093973
9.932804 -7.659006 914.155539 360.237581 -0.312864 0.150027 -0.937874 -0.418631 0.864575 0.277952 0.852563 0.479584 -0.207689
28.036438 -4.606770 1802.499969 296.876383 -0.337283 0.281616 -0.898294 -0.454365 0.787013 0.417329 0.824496 0.548911 -0.137490
1.139968 -9.880377 107.523007 241.420374 -0.183775 -0.057064 -0.981310 -0.362053 0.932058 0.013603 0.913862 0.357786 -0.191950
9.917289 -5.465078 -766.340100 222.851328 0.831541 0.545327 0.105634 -0.000468 0.190860 -0.981617 0.555464 -0.816205 -0.158963
4.299421 -5.451936 -442.759108 171.776065 0.840882 0.516434 0.161909 0.074753 0.185464 -0.979804 0.536032 -0.836002 -0.117349
9.686193 -6.749488 -715.700626 42.438551 0.814872 0.520860 0.254341 0.201723 0.156533 -0.966853 0.543408 -0.839168 -0.022485
14.297157 -9.588101 -565.216524 280.781210 0.716177 0.664751 0.212595 0.106062 0.197410 -0.974567 0.689813 -0.720510 -0.070875
15.169430 -10.065535 -596.740358 -169.193982 0.704482 0.643906 0.298479 0.289437 0.123338 -0.949217 0.648021 -0.755098 0.099481
-0.616650 -15.777895 29.843340 -0.113434 0.322429 0.924435 0.203616 -0.516963 0.352159 -0.780214 0.792962 -0.146302 -0.591445
-0.529191 -18.439754 32.459099 654.048275 0.269396 0.954112 0.130750 -0.500683 0.254741 -0.827299 0.822643 -0.157407 -0.546334
1.174078 -22.211214 -15.110413 -73.866118 0.283673 0.951873 0.116052 -0.134787 0.159402 -0.977969 0.949401 -0.261781 -0.173518
0.704391 -24.132844 -54.969243 45.777930 0.299807 0.947303 0.112842 -0.067123 0.138936 -0.988024 0.951636 -0.288642 -0.105240
1.463501 -22.556473 -44.527117 -53.785204 0.293702 0.952413 0.081541 0.031870 0.075499 -0.996636 0.955366 -0.295313 0.008179
-3.002466 -39.493473 54.434248 69.840125 0.696921 0.695068 0.176582 0.717072 -0.671819 -0.185653 -0.010410 0.256008 -0.966619
-2.795688 -42.464413 1.233657 -391.995599 0.679371 0.718150 0.150716 -0.723906 0.689533 -0.022474 0.120063 0.093836 -0.988322
-5.090616 -40.730107 61.651434 -405.438426 0.662675 0.734064 0.148367 0.730049 -0.589005 -0.346557 -0.167006 0.337970 -0.926221
-3.542132 -39.817949 174.470605 484.137197 0.714676 0.674128 0.186522 -0.666167 0.574728 0.475299 -0.213213 0.463940 -0.859826
-2.873638 -18.220495 -170.164383 -254.533887 0.583915 0.150071 0.797823 0.571214 -0.774274 -0.272422 -0.576851 -0.614800 0.537833
-2.269862 -20.263419 214.141895 -230.263973 -0.564536 -0.151070 -0.811466 0.678026 -0.645531 -0.351525 -0.470722 -0.748644 0.466855
-4.627775 -20.220276 225.426350 -279.446588 -0.591682 -0.185672 -0.784499 0.638269 -0.702341 -0.315165 -0.492469 -0.687199 0.534071
-4.342659 -21.344181 280.414941 -172.111875 -0.568902 -0.173557 -0.803883 0.737751 -0.539647 -0.405592 -0.363420 -0.823808 0.435048
-7.309789 -21.699262 226.951430 -226.197498 -0.579661 -0.260176 -0.772205 0.727661 -0.591790 -0.346834 -0.366745 -0.762950 0.532358
1.259458 -62.404379 -33.107368 1836.682884 0.826963 0.554779 0.091395 0.561030 -0.803453 -0.199272 0.037120 -0.216066 0.975673
1.800633 -75.724851 -228.900830 -1319.183663 0.810301 0.579078 0.089892 0.539737 -0.677734 -0.499361 0.228246 -0.453150 0.861718
0.275491 -56.715421 -244.177640 -81.813898 0.801326 0.587384 0.113386 0.588483 -0.739915 -0.325905 0.107536 -0.327881 0.938579
0.412615 -56.580950 -213.926605 -1410.615369 0.821201 0.553056 0.140561 -0.559718 0.828626 0.009707 -0.111104 -0.086646 0.990024
4.117917 -9.754477 -108.075717 66.377301 0.555175 0.826312 0.094812 0.491561 -0.417928 0.764005 -0.670931 0.377551 0.638206
3.474032 -9.806077 -61.699846 28.439345 0.576494 0.810429 0.104212 0.398441 -0.390166 0.830070 -0.713372 0.437008 0.547836
4.481400 -9.247731 -8.415357 42.873580 0.568192 0.822892 0.002728 0.523965 -0.364341 0.769881 -0.634522 0.436011 0.638182
4.963594 -9.344207 -89.162049 27.401291 0.543726 0.838345 0.039245 0.565026 -0.400234 0.721498 -0.620571 0.370122 0.691304
3.890297 -8.777929 71.020254 43.528422 0.583616 0.808744 -0.072974 0.517141 -0.300887 0.801269 -0.626065 0.505371 0.593837
4.378520 -8.601141 107.913613 -13.054236 0.570854 0.812947 -0.115077 0.597045 -0.314799 0.737861 -0.563616 0.489918 0.665070
5.398826 -8.908743 68.228820 -18.347680 0.553923 0.830276 -0.061733 0.617193 -0.359735 0.699759 -0.558786 0.425714 0.711707
-0.094479 -9.222333 9.572836 -107.107591 0.644349 0.743500 -0.178947 0.536961 -0.273259 0.798124 -0.544506 0.610359 0.575305
-0.232870 -9.734224 -38.515283 -46.612748 0.634263 0.753872 -0.171428 0.585968 -0.324113 0.742692 -0.504333 0.571513 0.647318
-0.302657 -10.238991 4.964072 -47.421793 0.630274 0.751175 -0.196192 0.611796 -0.324970 0.721180 -0.477976 0.574570 0.664386
-0.086830 -8.765691 -24.009675 -59.516880 0.645320 0.746316 -0.163017 0.517636 -0.270268 0.811793 -0.561796 0.608250 0.560730
-3.227837 -10.289120 0.937654 73.260049 0.527547 0.844300 0.094086 0.493809 -0.394883 0.774739 -0.691265 0.362250 0.625242
-3.907077 -10.456717 15.742371 14.139078 0.529576 0.842277 0.100592 0.420910 -0.363881 0.830919 -0.736467 0.397694 0.547225
-3.370405 -10.141008 -30.711246 43.318232 0.449834 0.892038 0.043796 0.523646 -0.303152 0.796175 -0.723495 0.335213 0.603480
-2.735350 -9.587413 -10.933003 112.250729 0.514378 0.853947 0.078674 0.568378 -0.408180 0.714377 -0.642154 0.322743 0.695324
-12.764495 -394.239995 -1416.344954 -23290.291810 0.824678 -0.544609 -0.152665 0.433340 0.781844 -0.448259 0.363486 0.303514 0.880771
91.042124 -806.783962 239204.888377 -269584.847119 0.560251 -0.807918 -0.182723 0.827053 0.557823 0.069409 0.045850 -0.190008 0.980711
46.858280 -375.474140 2648.788232 8692.346814 0.967083 -0.227485 -0.114018 -0.233535 -0.615529 -0.752719 -0.101051 -0.754569 0.648394
239.076412 -1173.580235 48641.101608 -108827.962613 0.601234 0.437137 -0.668902 0.799053 -0.322993 0.507139 0.005639 -0.839397 -0.543490
-118.896288 -289.810555 -7791.478454 -9234.535235 0.685436 0.432255 0.585946 0.361387 0.496656 -0.789134 0.632121 -0.752654 -0.184215
6.583825 -18.518881 -182.348311 -353.156651 0.882890 0.356177 0.306011 0.456070 -0.805596 -0.378172 -0.111825 -0.473447 0.873695
4.449094 -17.491440 -6.926384 -350.128862 0.918515 0.283061 0.276056 0.353589 -0.900497 -0.253141 -0.176933 -0.330124 0.927207
5.343588 -15.833715 -84.190235 -301.060945 0.893145 0.361449 0.267668 0.425149 -0.872670 -0.240201 -0.146765 -0.328333 0.933090
6.437774 -18.607602 -116.968323 -182.879645 0.844188 0.470523 0.256817 0.534449 -0.775757 -0.335508 -0.041363 -0.420487 0.906355
9.358517 -26.448643 -368.718469 -747.491591 0.886683 0.372242 0.274277 0.462376 -0.714888 -0.524541 -0.000821 -0.591921 0.805995
7.957825 -24.350332 -330.877829 -708.859966 0.901096 0.310302 0.302885 0.430360 -0.725476 -0.537099 -0.053073 -0.614327 0.787265
-0.742415 -2.970094 180.035472 -134.125989 0.136156 0.196143 0.971077 -0.154188 0.972456 -0.174803 -0.978615 -0.125928 0.162648
-0.353447 -3.223545 -260.244540 123.775633 -0.154870 0.987494 -0.029512 0.142956 0.051958 0.988364 -0.977537 -0.148849 0.149215
0.669765 -3.345392 71.565103 -145.485761 0.017815 0.713039 0.700898 0.234876 -0.684377 0.690262 -0.971862 -0.152327 0.179668
1.965595 -4.153818 -300.893775 -57.545046 -0.103508 0.956988 0.271036 0.212338 -0.244957 0.945996 -0.971699 -0.155469 0.177850
-5.864924 -10.403448 -53.349530 -593.777241 0.884058 0.459012 0.088027 -0.462874 0.885952 0.028912 0.064717 0.066305 -0.995698
-5.616762 -14.302020 12.789429 -227.388804 0.900538 0.425954 0.087149 -0.434613 0.876413 0.207392 -0.011961 0.224640 -0.974368
-5.846696 -12.949809 141.939755 -464.130549 0.869681 0.457326 0.185761 -0.477648 0.874625 0.082967 0.124529 0.160883 -0.979086
-5.561677 -13.215559 -59.447658 -248.874319 0.868633 0.493986 0.038141 -0.493204 0.854786 0.161528 -0.047190 0.159120 -0.986131
-5.293281 -10.437562 -29.308799 210.203958 0.365904 0.925584 0.096993 -0.921480 0.374921 -0.101535 0.130344 0.052225 -0.990092
-8.669791 -14.349324 -56.017954 75.327589 0.466347 0.874048 0.136236 0.337920 -0.318349 0.885700 -0.817515 0.367006 0.443820
-8.633789 -14.431547 -18.405341 6.149519 0.449540 0.882221 0.140003 0.204057 -0.254012 0.945431 -0.869641 0.396440 0.294211
-8.761598 -14.427657 -20.910012 63.025989 0.407542 0.895557 0.178573 0.317561 -0.322331 0.891772 -0.856192 0.306727 0.415757
-9.050289 -14.106282 -27.064392 42.970791 0.438837 0.884320 0.159374 0.451849 -0.370481 0.811527 -0.776695 0.284115 0.562160
-2.465187 -5.789661 -0.254219 35.124648 -0.022507 0.486410 0.873441 0.419102 0.797780 -0.433475 -0.907660 0.356304 -0.221811
-2.000134 -6.084954 15.976924 32.489583 -0.153589 0.229516 0.961110 0.401028 0.903425 -0.151655 -0.903099 0.362139 -0.230799
-3.303287 -6.088177 -27.692947 31.323908 -0.177002 0.153673 0.972139 0.331465 0.939341 -0.088137 -0.926715 0.306630 -0.217203
-0.839924 -5.719083 39.503041 59.663716 -0.061264 0.398199 0.915251 0.476158 0.817564 -0.323826 -0.877223 0.415965 -0.239693
-1.213183 -5.825332 -86.868263 83.557885 0.032529 0.589176 0.807350 0.480989 0.698859 -0.529383 -0.876123 0.405547 -0.260654
8.133548 -8.718688 687.702960 302.375981 -0.154468 -0.471131 0.868433 0.979099 0.044712 0.198409 -0.132306 0.880929 0.454377
0.938007 -9.301799 -156.225176 209.598756 -0.546013 -0.424992 0.721977 0.815640 -0.072870 0.573953 -0.191315 0.902259 0.386428
0.998702 -10.691462 349.745439 116.924712 -0.226511 -0.448671 0.864516 0.928703 0.168064 0.330552 -0.293603 0.877752 0.378614
12.035660 -10.792168 1189.358707 179.714927 0.035773 -0.452983 0.890801 0.978305 0.197882 0.061339 -0.204058 0.869281 0.450235
20.575384 -8.969728 1613.730810 306.593574 0.047008 -0.447034 0.893281 0.993294 0.115486 0.005523 -0.105631 0.887031 0.449465
23.682418 -5.442681 1592.946112 435.587001 -0.011733 -0.459093 0.888311 0.999775 0.010315 0.018536 -0.017673 0.888328 0.458869
0.986998 -9.116335 46.037970 12.178399 0.402904 0.865769 -0.296838 0.517337 -0.482974 -0.706469 0.755004 -0.131074 0.642486
0.428582 -10.019041 67.845570 118.100187 0.370672 0.886583 -0.276718 0.577370 -0.453340 -0.679064 0.727494 -0.091941 0.679926
0.546413 -9.192039 108.471690 37.439175 0.372918 0.877991 -0.300106 0.509983 -0.464153 -0.724210 0.775145 -0.117022 0.620852
0.342127 -11.356335 6.634102 -216.812506 0.400436 0.904405 0.147320 0.910133 -0.373897 -0.178493 -0.106348 0.205556 -0.972850
0.043597 -13.095289 15.735427 -238.692216 0.391293 0.907748 0.151272 0.920068 -0.389295 -0.043859 0.019077 0.156343 -0.987519
0.104446 -11.439630 23.273213 -218.803443 0.418691 0.895673 0.149895 0.902853 -0.392783 -0.174865 -0.097745 0.208547 -0.973116
0.371749 -10.315827 17.523455 -65.044509 0.422169 0.894520 0.146996 0.890023 -0.378210 -0.254589 -0.172139 0.238310 -0.955812
0.618213 -23.245157 308.025835 -677.538066 -0.095211 0.994298 -0.048034 0.355719 -0.011084 -0.934527 0.929730 0.106064 0.352635
0.289188 -30.957050 296.943469 -742.771587 -0.085179 0.995507 -0.041363 0.099131 -0.032841 -0.994532 0.991422 0.088813 0.095888
2.844005 -29.520636 215.651686 -981.224020 -0.053171 0.998063 -0.032288 0.229907 -0.019230 -0.973023 0.971759 0.059160 0.228439
2.483457 -20.176798 154.751037 -647.342648 -0.039202 0.998857 -0.027358 0.473411 -0.005546 -0.880824 0.879969 0.047482 0.472652
0.715911 -38.546465 32.211138 362.810683 0.279698 0.947663 0.153960 -0.601484 0.297950 -0.741244 0.748322 -0.114720 -0.653340
0.486230 -37.300806 -11.399963 285.950740 0.292413 0.942225 0.163420 -0.713703 0.328766 -0.618499 0.636492 -0.064224 -0.768605
0.580330 -34.388030 27.254212 226.210928 0.312063 0.931393 0.187414 -0.781025 0.363817 -0.507579 0.540940 -0.012022 -0.840975
0.616436 -39.182759 33.380087 325.394760 0.307534 0.934172 0.180958 -0.715830 0.352425 -0.602813 0.626906 -0.055850 -0.777091
0.084961 -33.050071 45.783988 343.781619 0.349510 0.912836 0.211125 -0.865384 0.400882 -0.300671 0.359099 0.077616 -0.930066
2.477653 -26.291076 -106.171770 -701.783676 0.258796 0.965810 -0.015380 0.034469 -0.025146 -0.999089 0.965317 -0.258030 0.039798
3.575293 -24.067604 -41.291890 -652.140400 0.200087 0.979564 -0.020469 0.202592 -0.061803 -0.977311 0.958604 -0.191400 0.210818
3.278922 -28.986320 -86.656584 -491.823545 0.207015 0.977532 -0.039704 -0.100389 -0.019144 -0.994764 0.973174 -0.209917 -0.094171
1.331523 -26.987587 -80.553819 -497.169145 0.281109 0.959642 -0.008006 -0.084262 0.016371 -0.996309 0.955969 -0.280746 -0.085463
1.840128 -21.645008 -69.456883 -769.753803 0.266909 0.963596 0.015566 0.190470 -0.036912 -0.980999 0.944712 -0.264802 0.193389
1.706366 -29.340650 -108.354787 -206.804474 0.255980 0.965834 -0.040487 -0.264894 0.029803 -0.963817 0.929680 -0.257443 -0.263472
0.715996 -9.734641 -32.219887 -110.698446 0.389469 0.898356 -0.203148 0.358985 -0.351183 -0.864755 0.848200 -0.263868 0.459271
0.375125 -10.415335 -86.470378 -241.294689 0.388833 0.908958 -0.150347 0.313522 -0.283995 -0.906119 0.866322 -0.305192 0.395405
0.151516 -10.732197 18.161504 -204.754243 0.358279 0.919922 -0.159309 0.327978 -0.283779 -0.901055 0.874109 -0.270579 0.403386
0.401642 -11.068000 -25.258340 -133.205585 0.375674 0.915130 -0.146311 0.373526 -0.294000 -0.879796 0.848143 -0.275866 0.452273
-0.197539 -12.883212 31.907976 -147.257810 0.329535 0.941121 -0.075484 0.255033 -0.165707 -0.952628 0.909046 -0.294673 0.294623
3.980350 -4.831730 381.853040 -128.841069 0.277464 0.952408 -0.126226 -0.793266 0.152994 -0.589341 0.541981 -0.263651 -0.797963
0.939251 -3.576013 352.847997 -98.814197 0.269683 0.956520 -0.111084 -0.779934 0.149311 -0.607791 0.564778 -0.250549 -0.786289
1.414942 -5.203733 373.478523 -164.015624 0.336196 0.940277 -0.053394 -0.776852 0.244819 -0.580141 0.532422 -0.236520 -0.812764
4.667928 -6.531022 325.789540 -152.967396 0.331527 0.938113 -0.100169 -0.807021 0.226989 -0.545154 0.488679 -0.261572 -0.832330
6.224946 -5.845450 173.750429 -123.027266 0.297238 0.931783 -0.208398 -0.808108 0.129256 -0.574678 0.508539 -0.339224 -0.791401
5.219446 -4.435684 204.611780 -50.047794 0.214713 0.946883 -0.239398 -0.800595 0.030239 -0.598443 0.559416 -0.320154 -0.764562
1.494299 -4.304106 -10.910027 -138.421780 0.367187 0.919422 -0.140842 -0.771073 0.216195 -0.598921 0.520212 -0.328516 -0.788325
0.965381 -5.211701 -67.526121 -161.122959 0.387877 0.909117 -0.151848 -0.783148 0.238190 -0.574409 0.486036 -0.341719 -0.804361
1.140918 -3.639187 -74.376846 -155.719060 0.382217 0.910959 -0.155124 -0.758742 0.213558 -0.615389 0.527466 -0.352911 -0.772809
1.418145 -6.285018 -15.628290 -152.062987 0.390301 0.911950 -0.126542 -0.798876 0.267126 -0.538926 0.457671 -0.311435 -0.832794
1.585518 -3.133253 31.682179 -66.767504 0.374233 0.920707 -0.110673 -0.741280 0.225303 -0.632252 0.557184 -0.318649 -0.766817
1.513822 -3.733121 17.835477 -112.457993 0.346690 0.928469 -0.133233 -0.770145 0.200688 -0.605476 0.535428 -0.312521 -0.784632
1.493519 -4.998487 21.512101 -139.069310 0.357988 0.924643 -0.129923 -0.790825 0.226272 -0.568680 0.496428 -0.306326 -0.812233
-0.766715 -42.540177 103.897253 -829.613513 0.630759 0.602870 -0.488559 -0.611710 0.773691 0.164962 0.477445 0.194806 0.856795
-0.881117 -36.722326 76.964542 -527.817854 0.619272 0.628856 -0.470151 -0.581189 0.769740 0.264045 0.527941 0.109731 0.842163
-0.059996 -37.338316 113.731824 -749.693168 0.609232 0.634191 -0.476065 -0.438451 0.769622 0.464158 0.660755 -0.074048 0.746940
-0.047402 -42.169578 76.878076 -765.783677 0.634012 0.605979 -0.480436 -0.471622 0.795342 0.380793 0.612864 -0.014843 0.790049
0.343563 -37.644257 115.926764 -390.365075 0.612836 0.645131 -0.456331 -0.293687 0.722064 0.626396 0.733608 -0.249860 0.631973
-1.211546 -31.272825 -5.900656 -722.431296 0.641862 0.725136 -0.249383 -0.208598 -0.147839 -0.966763 0.737903 -0.672549 -0.056370
-1.373713 -37.204457 43.064038 -821.866881 0.637547 0.734858 -0.231337 -0.404367 0.063599 -0.912383 0.655759 -0.675232 -0.337700
-0.841716 -35.757891 -33.716870 -738.616737 0.644938 0.725938 -0.238891 -0.366895 0.019896 -0.930050 0.670405 -0.687472 -0.279175
1.870324 -5.336776 -22.675638 -115.111756 0.152338 0.842273 -0.517077 -0.751961 -0.240738 -0.613678 0.641364 -0.482308 -0.596683
1.213411 -5.254525 -10.062190 -158.196362 0.222967 0.850559 -0.476273 -0.721353 -0.184668 -0.667494 0.655695 -0.492390 -0.572378
2.193606 -4.270629 29.146178 -95.825152 0.149439 0.840591 -0.520649 -0.720423 -0.268096 -0.639621 0.677243 -0.470672 -0.565517
0.623108 -7.005685 -33.316850 -185.348178 0.251530 0.853890 -0.455635 -0.756749 -0.119976 -0.642601 0.603377 -0.506435 -0.616003
2.547990 -4.313325 -3.860096 -73.196430 0.110547 0.842964 -0.526489 -0.724821 -0.294067 -0.623024 0.680010 -0.450483 -0.578490
2.960027 -4.639613 -83.042314 -80.417075 0.106245 0.838525 -0.534404 -0.754264 -0.282239 -0.592812 0.647918 -0.466066 -0.602483
2.673528 -5.416799 -111.517859 -80.059956 0.141633 0.840787 -0.522511 -0.777673 -0.232089 -0.584259 0.612507 -0.489093 -0.620986
1.837469 -6.551218 -96.869797 -137.715554 0.207867 0.845928 -0.491118 -0.782503 -0.157458 -0.602409 0.586925 -0.509522 -0.629211
-154.773907 -428.041556 -10921.692982 -19682.697157 0.723764 -0.427769 -0.541460 -0.177253 0.643092 -0.744993 0.666893 0.635175 0.389623
-609.576941 -1199.946338 76506.496565 199012.276611 -0.378085 -0.011031 -0.925705 -0.104023 0.994103 0.030640 0.919908 0.107879 -0.377003
-77.195330 -529.205754 -3337.153586 11738.067306 0.948079 -0.249910 0.196698 0.061806 0.751472 0.656864 0.311970 0.610602 -0.727901
-128.578025 -435.018781 -10500.299000 -43448.108873 0.996225 -0.043980 0.074849 -0.071877 0.065664 0.995250 0.048686 0.996872 -0.062255
-4.295891 -12.793277 100.611904 -24.885410 0.755684 0.424851 -0.498440 0.234246 0.535381 0.811478 -0.611613 0.729979 -0.305059
-4.876317 -12.147809 -12.739774 -85.216410 -0.727442 -0.474734 0.495434 0.130684 0.612960 0.779232 -0.673609 0.631592 -0.383853
-5.268720 -12.728671 34.859420 -34.906388 0.711067 0.462476 -0.529623 0.276331 0.508826 0.815314 -0.646549 0.726094 -0.234013
-3.880120 -12.844916 140.111470 -1.139466 0.759913 0.429402 -0.488002 0.309617 0.421003 0.852581 -0.571550 0.798981 -0.186976
-46.683845 -82.202488 5854.622258 -6649.981211 -0.137750 -0.329512 0.934049 0.762501 -0.637162 -0.112326 0.632153 0.696740 0.339022
-95.981908 -556.544570 -11947.101660 -17580.459162 0.673340 -0.122873 -0.729051 0.163042 0.986494 -0.015679 0.721132 -0.108309 0.684279
-49.991139 -566.046450 -16943.492026 61118.465463 0.387687 -0.068049 -0.919276 0.142968 0.989642 -0.012964 0.910636 -0.126401 0.393400
42.879258 -359.672265 4402.236987 -14319.621609 0.616961 -0.665914 -0.419425 0.484257 -0.098881 0.869320 0.620366 0.739446 -0.261468
35.106978 -128.393780 318.065218 9014.577573 0.959436 0.021269 0.281123 -0.249050 0.531248 0.809784 0.132123 0.846950 -0.514995
-12.825131 -17.089479 -1456.944764 -607.169027 0.086531 0.996188 0.011069 -0.775582 0.060387 0.628352 -0.625288 0.062957 -0.777851
-0.974781 -11.196462 -474.648111 -282.932680 0.215259 0.975239 0.050726 -0.790757 0.143589 0.595051 -0.573033 0.168203 -0.802085
0.516957 -22.569587 -532.064629 -975.915630 0.166292 0.984273 0.059608 -0.718691 0.079590 0.690760 -0.675152 0.157708 -0.720623
-17.693987 -44.397906 -1250.627104 -2732.817663 0.301094 0.935751 -0.183610 -0.627503 0.339407 0.700744 -0.718041 0.095774 -0.689380
-35.001953 -70.691481 -1384.445486 -4549.201229 -0.740661 0.045077 0.670365 0.122922 0.989998 0.069242 -0.660538 0.133688 -0.738794
-13.506896 -19.731511 24.349494 -817.095516 0.569440 0.616753 0.543464 0.276704 0.478730 -0.833218 0.774063 -0.624846 -0.101950
-7.166763 -18.693029 396.518435 -843.924529 0.485646 0.786127 0.382298 0.215728 0.316027 -0.923898 0.847118 -0.531160 0.016113
-7.580857 -15.227214 304.813258 -954.444601 0.458523 0.806063 0.374191 0.330304 0.236319 -0.913812 0.825019 -0.542600 0.157888
4.690850 -17.739524 -26.598391 -372.180034 0.221207 0.965636 0.136434 0.922844 -0.162033 -0.349434 0.315319 -0.203205 0.926974
-1.611423 -5.756648 905.335745 296.969513 0.782996 -0.277902 -0.556496 0.167613 0.955820 -0.241482 0.599018 0.095803 0.794984
0.904583 -9.011857 1131.151231 107.522323 0.793214 -0.172411 -0.584026 0.142802 0.985003 -0.096832 0.591962 -0.006592 0.805939
-2.458617 -6.087848 10.845822 -174.196524 0.833194 0.524915 -0.173930 -0.504798 0.850403 0.148304 0.225758 -0.035766 0.973527
-2.409133 -4.668093 -43.945384 -18.772022 0.506329 0.859629 -0.068328 0.821774 -0.505009 -0.263918 0.261378 -0.077480 0.962122
-2.260141 -5.709652 32.672822 17.835601 0.570242 0.812158 -0.123386 0.767736 -0.580325 -0.271668 0.292241 -0.060188 0.954449
-4.127840 -13.154870 -126.154272 -256.468474 -0.086610 0.992805 -0.082682 0.995479 0.082998 -0.046178 -0.038983 -0.086308 -0.995506
-0.061706 -11.873493 125.144030 43.455552 0.613809 0.786843 0.064165 0.685614 -0.571602 0.450782 -0.391372 0.232702 0.890325
-0.362366 -11.484303 109.009739 258.251184 0.600570 0.796539 0.069587 0.750262 -0.591484 0.295386 -0.276446 0.125192 0.952840
-0.182507 -11.139901 18.056960 133.773756 0.563333 0.822199 0.081515 0.793743 -0.565936 0.222908 -0.229407 0.060869 0.971425
1.296293 -23.462241 30.843536 374.566826 0.242798 0.963847 0.109762 0.964907 -0.251619 0.075111 -0.100014 -0.087673 0.991116
-0.468891 -25.932782 25.397839 790.885732 0.256662 0.962524 0.087596 -0.218282 0.146019 -0.964900 0.941529 -0.228532 -0.247579
-0.416266 -20.864997 -12.578205 892.125084 0.278521 0.955265 0.099468 -0.402883 0.210220 -0.890782 0.871844 -0.208027 -0.443410
-1.114470 -12.136727 14.961076 -317.357598 0.214376 0.959096 0.184871 -0.893902 0.268931 -0.358630 0.393678 0.088375 -0.914990
-0.845316 -15.278660 -3.569183 -592.497860 0.210009 0.962530 0.171560 -0.930129 0.250759 -0.268289 0.301257 0.103230 -0.947939
84.243506 -3.030807 -3517.942062 -353.205507 0.200408 0.246594 -0.948171 -0.530266 0.841094 0.106667 0.823805 0.481406 0.299322
144.473530 3.817442 -1195.423087 331.409898 0.047176 -0.169740 0.984359 0.714233 -0.683195 -0.152038 0.698316 0.710234 0.089003
117.562299 -6.596951 8353.529616 -613.164121 -0.491302 0.172502 -0.853736 -0.478395 0.765657 0.430009 0.727846 0.619688 -0.293645
34.055568 -2.606879 1161.942087 -97.997307 -0.330754 -0.031471 -0.943192 -0.558634 0.812055 0.168803 0.760612 0.582731 -0.286171
54.169188 -1.813009 2383.069717 33.981433 -0.296851 0.225042 -0.928028 -0.528279 0.770873 0.355915 0.795488 0.595912 -0.109949
-0.072940 -8.531109 -186.383600 68.075623 -0.010522 0.409957 0.912044 -0.103825 0.906717 -0.408760 -0.994540 -0.098994 0.033024
0.725555 -8.414265 -185.562948 31.135369 -0.017287 0.409713 0.912051 -0.169147 0.897841 -0.406536 -0.985439 -0.161298 0.053781
-0.722581 -9.188920 -169.656767 -15.614266 -0.017452 0.472430 0.881196 -0.241502 0.853243 -0.462226 -0.970243 -0.220878 0.099202
1.189707 -28.253591 33.916288 -359.196281 0.376447 0.892712 0.247693 -0.653245 0.445359 -0.612312 0.656931 -0.068699 -0.750814
1.888491 -24.817332 59.717769 4.305375 0.387466 0.891167 0.235991 -0.635801 0.443688 -0.631583 0.667553 -0.094673 -0.738519
1.522933 -27.623901 23.159575 268.128215 0.359525 0.915974 0.178136 -0.557168 0.363857 -0.746439 0.748535 -0.169112 -0.641168
0.940410 -26.341660 42.579121 299.932047 0.333243 0.921855 0.197822 -0.521763 0.355068 -0.775687 0.785310 -0.155276 -0.599314
0.603111 -23.251147 65.747915 -300.733884 0.349839 0.899091 0.263150 -0.602942 0.431082 -0.671289 0.716990 -0.076178 -0.692909
5.405779 -13.036532 460.399221 -67.268363 0.853187 0.454544 0.255855 -0.227264 -0.117566 0.966711 -0.469493 0.882931 -0.002996
9.137385 -12.559838 167.315846 -140.030327 0.805174 0.564055 0.183131 -0.193678 -0.041762 0.980176 -0.560521 0.824680 -0.075619
8.017074 -12.452411 388.771030 -130.161174 0.848504 0.480710 0.221269 -0.266606 0.027127 0.963424 -0.457125 0.876460 -0.151177
-0.822348 -37.127055 139.476501 -1084.396273 -0.796158 -0.572690 -0.195341 -0.514122 0.810483 -0.280707 0.319079 -0.123058 -0.939705
-1.277855 -35.543705 132.634884 -570.153522 -0.782099 -0.591918 -0.194820 -0.588030 0.804500 -0.083667 0.206257 0.049124 -0.977264
-1.548454 -33.484005 5.477858 -815.971396 -0.777336 -0.580153 -0.243252 -0.509019 0.807266 -0.298699 0.369660 -0.108370 -0.922826
-2.023555 -27.011399 -12.973615 -461.669843 -0.768198 -0.593877 -0.239126 -0.417164 0.747663 -0.516696 0.485640 -0.297171 -0.822097
-1.467001 -29.170099 99.263481 -954.924545 -0.790319 -0.573939 -0.214453 -0.429338 0.768482 -0.474452 0.437110 -0.282896 -0.853759
-4.233174 -41.646918 33.360514 -281.861502 0.609373 0.777870 0.153565 0.792759 -0.594305 -0.135407 -0.014064 0.204253 -0.978817
-2.522605 -15.472853 -114.344787 231.974202 0.590403 0.148211 0.793384 -0.460352 0.869257 0.180189 -0.662948 -0.471620 0.581441
-2.648126 -12.616883 -33.661467 247.072973 0.615226 0.143714 0.775141 -0.334771 0.937814 0.091832 -0.713741 -0.315992 0.625079
-2.701083 -12.726785 18.115816 218.917230 0.597236 0.142317 0.789338 -0.345662 0.933720 0.093189 -0.723759 -0.328500 0.606845
-2.187143 -15.232153 -11.646776 177.713714 0.577871 0.157848 0.800718 -0.476444 0.861825 0.173951 -0.662621 -0.482018 0.573229
-1.504212 -18.390915 95.095285 -260.557871 -0.563150 -0.158061 -0.811098 0.595316 -0.758342 -0.265550 -0.573116 -0.632404 0.521156
2.209209 -81.799346 143.332829 -2349.652256 0.783556 0.616938 0.073665 0.577876 -0.680072 -0.451178 0.228252 -0.396092 0.889389
2.404212 -10.355718 -117.568780 -18.971073 0.565762 0.806646 0.170983 0.338962 -0.416547 0.843560 -0.751677 0.419297 0.509089
2.733275 -9.892595 -27.184049 -14.210535 0.589333 0.798970 0.119721 0.281587 -0.342038 0.896504 -0.757229 0.494627 0.426554
3.149959 -10.351669 -151.411788 36.896055 0.551478 0.820327 0.151445 0.444656 -0.442680 0.778662 -0.705800 0.362074 0.608892
-0.264908 -10.437168 37.921277 -30.998338 -0.613181 -0.763477 0.202761 0.662502 -0.357231 0.658390 -0.430232 0.538042 0.724852
-0.221970 -9.233069 -44.340668 -40.998695 0.633521 0.755476 -0.167055 0.573626 -0.313710 0.756664 -0.519234 0.575190 0.632102
-1.093878 -8.725273 0.200333 105.965444 0.197749 0.968792 -0.149456 0.792968 -0.068464 0.605404 -0.576279 0.238232 0.781760
-1.657600 -9.255612 67.410870 91.421483 0.138226 0.970741 -0.196354 0.785114 0.013454 0.619205 -0.603730 0.239751 0.760283
-1.077026 -7.809230 65.149082 117.816260 0.192681 0.968105 -0.160144 0.842001 -0.079312 0.533614 -0.503894 0.237659 0.830427
-1.646609 -9.809825 -22.321679 71.011834 0.150096 0.972687 -0.177061 0.731112 0.011357 0.682163 -0.665542 0.231842 0.709439
-0.447217 -7.368196 39.957739 129.300473 0.268653 0.956018 -0.117711 0.826578 -0.166066 0.537764 -0.494565 0.241769 0.834837
-0.931542 -8.379508 19.450950 117.270640 0.276843 0.953712 -0.117439 0.778643 -0.151030 0.609020 -0.563092 0.260046 0.784413
-1.297570 -9.299708 -28.264482 95.057047 0.210697 0.966175 -0.148702 0.747880 -0.061361 0.660992 -0.629510 0.250480 0.735512
-3.182374 -19.759523 -59.496200 85.825820 0.359395 0.926710 0.109743 0.908260 -0.374367 0.186850 -0.214240 -0.032522 0.976239
-3.187621 -20.239327 -18.136529 -3.424766 0.390237 0.916283 0.090222 0.830536 -0.392617 0.395047 -0.397398 0.079229 0.914220
-3.608414 -20.283616 -11.002349 70.404329 0.364513 0.923140 0.122238 0.840898 -0.382708 0.382655 -0.400026 0.036693 0.915769
1.822627 -7.692723 -6.607767 -50.217556 0.350548 0.931204 -0.099874 0.058221 -0.128103 -0.990051 0.934733 -0.341246 0.099121
1.870401 -7.915683 -20.805911 -26.092943 0.363879 0.928319 -0.076266 -0.016386 -0.075486 -0.997012 0.931302 -0.364042 0.012256
2.371856 -7.674550 18.571831 -92.423547 0.371814 0.924182 -0.087415 0.048948 -0.113552 -0.992326 0.927016 -0.364682 0.087457
2.183216 -6.988894 -8.381052 -91.856862 0.361834 0.930076 -0.063513 0.128641 -0.117291 -0.984731 0.923324 -0.348139 0.162086
2.079748 -6.759014 -20.925081 -65.918701 0.341093 0.939356 -0.035567 0.182584 -0.103319 -0.977747 0.922127 -0.327008 0.206753
13.250179 -70.284856 208.756238 -3573.817232 0.651713 0.184264 -0.735743 0.574484 -0.753280 0.320215 0.495216 0.631361 0.596779
-0.504554 -6541.015779 2547.530596 752503.375030 0.216516 -0.028748 -0.975856 0.108838 0.994046 -0.005136 0.970193 -0.105099 0.218356
1.308181 -18.074065 124.064204 -95.606234 0.965550 0.110229 0.235716 -0.154270 0.971972 0.177400 -0.209555 -0.207653 0.955493
-1.595257 -13.371651 17.912196 -28.561551 0.506658 0.858634 0.077753 0.549447 -0.252080 -0.796595 0.664383 -0.446322 0.599492
-1.609997 -13.407857 -25.008926 -88.141100 0.485926 0.867293 0.108068 0.568521 -0.219748 -0.792776 0.663822 -0.446670 0.599856
-1.351934 -13.152816 14.531096 -9.500965 0.493984 0.865876 0.078985 0.604493 -0.276724 -0.747002 0.624954 -0.416753 0.660113
-1.773786 -19.612470 -431.494416 1314.086168 0.135954 0.990701 -0.005189 -0.985144 0.134633 -0.106606 0.104916 -0.019606 -0.994288
0.243972 -38.729362 -275.708378 2371.234925 0.377997 0.920150 0.102186 -0.877857 0.391291 -0.276149 0.294083 -0.014679 -0.955667
-4.533991 -58.015014 254.406435 4353.915373 0.354652 0.923588 0.145626 -0.922420 0.371073 -0.106989 0.152852 0.096385 -0.983538
-2.316008 -7.221377 -43.989721 56.267478 -0.283857 -0.073005 0.956083 0.284414 0.945815 0.156663 -0.915715 0.316393 -0.247712
-0.956734 -6.421140 58.851243 14.887841 -0.171785 0.193306 0.965983 0.437555 0.893503 -0.100989 -0.882630 0.405322 -0.238072
4.319434 -8.951635 439.545261 184.790610 0.738775 0.402016 -0.540920 0.647514 -0.200799 0.735123 -0.186915 0.893344 0.408657
6.067439 -10.899009 498.804369 67.824122 0.828141 0.403850 -0.388699 0.499536 -0.217192 0.838625 -0.254256 0.888669 0.381604
0.579713 -10.826053 435.715853 117.997880 0.764540 0.393144 -0.510800 0.587145 -0.097777 0.803555 -0.265968 0.914263 0.305587
9.074594 -10.907028 295.798020 -18.839025 0.797465 0.478715 -0.367262 0.532931 -0.273457 0.800753 -0.282903 0.834298 0.473195
7.986564 -7.656553 -372.914260 206.629140 -0.696629 -0.442960 0.564353 0.701724 -0.256993 0.664484 -0.149305 0.858918 0.489864
4.820794 -4.954330 -147.191454 -146.341190 0.049666 0.589505 -0.806237 0.554847 0.654925 0.513048 0.830468 -0.472819 -0.294558
3.459789 -4.693543 -143.687692 104.166455 0.137756 0.643618 -0.752847 -0.561945 -0.575131 -0.594511 0.815623 -0.504956 -0.282450
5.021958 -6.237569 -192.064396 -157.853718 0.097866 0.600846 -0.793351 0.524022 0.646605 0.554349 0.846063 -0.469986 -0.251576
3.226372 -5.850461 -144.892002 102.269275 0.172634 0.652616 -0.737760 -0.529489 -0.570094 -0.628199 0.830565 -0.499085 -0.247135
6.275270 -6.892758 -133.217469 -196.207166 0.007862 0.567063 -0.823637 0.504524 0.708892 0.492878 0.863362 -0.419419 -0.280523
3.428798 -7.241101 -148.896013 117.880046 0.175093 0.646100 -0.742898 -0.481850 -0.601777 -0.636934 0.858582 -0.469488 -0.205956
5.758668 -7.747889 -178.745173 -158.965077 0.103357 0.603033 -0.790992 0.449652 0.681021 0.577948 0.887204 -0.415406 -0.200766
0.731280 -38.051459 25.354658 314.328084 0.264455 0.953789 0.142651 -0.528576 0.267071 -0.805779 0.806641 -0.137691 -0.574779
0.302541 -35.871251 34.110846 217.991258 0.270395 0.947801 0.168995 -0.700919 0.314136 -0.640337 0.660000 -0.054692 -0.749272
4.264257 -28.533313 -90.746419 -646.012931 0.180340 0.982641 -0.043527 0.031925 -0.050077 -0.998235 0.983086 -0.178632 0.040402
4.428147 -24.197350 -78.524712 -649.291600 0.175960 0.984202 -0.019614 0.269958 -0.067406 -0.960510 0.946658 -0.163716 0.277554
3.973091 -18.326671 -7.497669 -493.984246 0.175578 0.984440 0.007097 0.377022 -0.060580 -0.924221 0.909410 -0.164948 0.381792
2.341268 -10.380211 2.852047 -35.135060 0.750107 0.598037 -0.282298 -0.142680 0.563169 0.813931 -0.645742 0.570257 -0.507765
2.938140 -10.619440 -15.790722 10.529073 0.734199 0.639351 -0.228435 -0.167635 0.496754 0.851548 -0.657914 0.586912 -0.471894
1.368987 -10.528847 23.505131 3.223541 0.726414 0.655618 -0.206125 -0.287828 0.562575 0.775025 -0.624081 0.503661 -0.597368
3.616211 -10.950499 25.397029 -16.650963 0.759905 0.589944 -0.272966 -0.072880 0.494601 0.866059 -0.645936 0.638229 -0.418845
2.145235 -10.924765 122.238911 -64.607366 0.792312 0.519224 -0.320386 -0.049198 0.577785 0.814705 -0.608129 0.629738 -0.483331
0.459307 -9.461578 -36.028107 -87.595090 0.393754 0.895725 -0.206484 0.317736 -0.343411 -0.883806 0.862555 -0.282394 0.419823
-0.068558 -10.944595 -55.275741 -166.515972 0.381464 0.912884 -0.145353 0.235898 -0.248174 -0.939554 0.893777 -0.324117 0.310017
0.666807 -6.827869 -75.973530 -152.110337 0.399613 0.904924 -0.146365 -0.807660 0.272047 -0.523140 0.433584 -0.327267 -0.839584
-0.120969 -5.566322 -114.348274 -167.594130 0.408060 0.901071 -0.146825 -0.779577 0.260212 -0.569692 0.475128 -0.346930 -0.808637
-1.418950 -36.131562 -22.645719 -638.843238 0.638559 0.636235 -0.432952 -0.552283 0.770651 0.317933 0.535935 0.036093 0.843488
-1.485426 -40.534838 21.313635 -548.484884 0.635659 0.626984 -0.450365 -0.687007 0.725527 0.040393 0.352078 0.283728 0.891931
