11813
23615
-9.026189 -11.348933 9.637542 142.939529 -0.046881 0.966129 0.253767 -0.938883 0.044115 -0.341399 0.341031 0.254262 -0.905013
-6.664435 -11.767032 -80.745421 277.993639 0.199565 0.965155 0.169261 -0.956774 0.229223 -0.178997 0.211559 0.126223 -0.969180
-7.230681 -9.052024 -4.073308 141.213476 -0.372241 0.923279 0.094833 -0.912276 -0.345156 -0.220501 0.170852 0.168593 -0.970766
-5.364243 -7.725088 -87.517429 -168.476680 -0.034703 0.997243 0.065588 0.997347 0.030356 0.066161 0.063988 0.067710 -0.995651
-7.103331 -9.857775 29.739708 -92.076672 -0.633846 0.765824 0.108413 0.735073 0.552833 0.392484 0.240639 0.328466 -0.913347
-5.398380 -7.616472 -22.766207 -110.618325 0.825945 -0.561622 -0.048946 0.561284 0.811114 0.164480 0.052675 0.163323 -0.985165
-5.753034 -8.608570 -24.062549 -104.216072 0.800333 -0.594075 -0.080877 0.589313 0.754643 0.288487 0.110349 0.278548 -0.954062
-4.530662 -10.434547 17.495275 -21.835398 -0.435692 0.880945 -0.184682 -0.127310 0.142805 0.981529 -0.891047 -0.451156 -0.049934
-3.927114 -9.683185 -25.394519 -68.995878 -0.464337 0.865626 -0.187305 -0.273184 0.061188 0.960014 -0.842474 -0.496938 -0.208063
-2.696034 -10.540665 -118.688315 -41.017161 -0.530016 0.835404 -0.145547 -0.116048 0.098567 0.988341 -0.840010 -0.540727 -0.044705
-4.886933 -9.661806 63.770444 -34.205290 -0.364525 0.914471 -0.175684 -0.256907 0.082580 0.962902 -0.895053 -0.396136 -0.204831
-4.087410 -10.956305 -13.929853 20.026431 -0.477567 0.869122 -0.128671 0.068893 0.183044 0.980688 -0.875890 -0.459480 0.147292
-4.641441 -10.030353 47.585244 -30.928076 -0.373651 0.920844 -0.111495 -0.105463 0.077247 0.991418 -0.921554 -0.382203 -0.068252
-4.456896 -10.340229 3.047641 8.240913 -0.398049 0.912900 -0.090392 0.081213 0.133215 0.987754 -0.913762 -0.385833 0.127165
4.949476 -10.355348 -224.157598 -2.381447 0.192300 0.915408 -0.353622 -0.769826 -0.082758 -0.632865 0.608595 -0.393927 -0.688791
2.801843 -12.275928 -139.536002 134.945617 0.206109 0.898351 -0.387923 -0.733871 -0.120319 -0.668549 0.647266 -0.422479 -0.634475
6.887047 -10.301363 -243.960772 22.948533 0.082236 0.891916 -0.444662 -0.653891 -0.288422 -0.699457 0.752107 -0.348280 -0.559497
7.212465 -8.972305 -228.394440 -92.082391 0.131277 0.936235 -0.325931 -0.740775 -0.125847 -0.659860 0.658801 -0.328066 -0.677019
-2.342811 -5.964529 36.986331 -29.766098 0.090125 -0.660909 0.745035 0.297543 0.731782 0.613159 -0.950445 0.166418 0.262601
-1.760010 -6.337789 10.801933 -39.873348 -0.063671 0.763666 -0.642464 0.305486 0.627782 0.715939 -0.950065 0.150679 0.273261
-2.019261 -6.476273 -4.210941 -6.476265 -0.041628 0.745344 -0.665379 0.416622 0.618246 0.666482 -0.908126 0.249467 0.336262
-2.835662 -6.225642 -37.889292 20.231314 -0.015364 0.759353 -0.650498 0.518761 0.562218 0.644048 -0.854781 0.327558 0.402561
-2.579788 -6.304357 -60.091886 -5.488971 -0.071123 0.687155 -0.723021 0.396496 0.684605 0.611643 -0.915277 0.243173 0.321145
-2.233463 -6.523134 15.901111 19.263697 -0.016520 0.793397 -0.608481 0.531493 0.522432 0.666768 -0.846902 0.312388 0.430315
3.625122 -4.045274 16.576394 54.751820 0.024390 -0.666980 -0.744677 0.984717 0.144523 -0.097192 0.172448 -0.730925 0.660311
1.816808 -3.962170 49.656831 64.623257 -0.054688 -0.601332 -0.797126 0.990104 0.070673 -0.121241 0.129241 -0.795868 0.591516
2.979315 -6.621630 37.906403 29.895166 0.313301 -0.647371 -0.694804 0.948411 0.175883 0.263782 -0.048561 -0.741603 0.669079
4.027769 -6.730626 -23.815581 33.184027 0.296091 -0.720138 -0.627479 0.955115 0.229569 0.187225 0.009222 -0.654751 0.755788
5.698583 -4.446670 -67.746409 40.110018 0.048845 -0.749437 -0.660271 0.973313 0.184117 -0.136978 0.224224 -0.635960 0.738430
0.052084 -7.092815 20.095525 -14.224300 -0.441805 0.809760 0.386130 0.045587 -0.409595 0.911128 -0.895952 -0.420143 -0.144047
0.054907 -7.834470 19.662926 -32.690081 -0.435888 0.804305 0.403850 0.184034 -0.359586 0.914784 -0.880984 -0.473065 -0.008720
0.221861 -7.077728 7.125473 -13.178230 -0.460353 0.800644 0.383463 0.056887 -0.404463 0.912783 -0.885912 -0.442016 -0.140650
0.113913 -6.550137 10.815067 -8.029194 -0.457960 0.804965 0.377231 -0.084186 -0.461708 0.883028 -0.884977 -0.372634 -0.279211
0.298685 -6.678668 3.109201 -9.550126 -0.469903 0.794417 0.384827 -0.069781 -0.468024 0.880956 -0.879955 -0.387111 -0.275361
0.276791 -7.349543 -14.359272 -26.138990 -0.490649 0.790604 0.366346 0.052823 -0.392670 0.918161 -0.869755 -0.469847 -0.150901
3.218396 -7.887489 -68.178056 -54.768835 0.206032 0.770273 0.603515 -0.467526 0.619286 -0.630796 0.859634 0.152195 -0.487716
2.094562 -7.491667 18.682440 -33.298448 0.129349 0.764972 0.630941 -0.604786 0.565099 -0.561157 0.785814 0.308999 -0.535739
0.755038 -8.132356 -126.532268 0.115520 0.250411 0.704669 0.663879 -0.544976 0.669364 -0.504929 0.800185 0.235358 -0.551644
-0.841443 -9.161545 -358.441684 -37.374123 0.312461 0.712436 0.628334 -0.397146 0.698844 -0.594889 0.862927 0.063661 -0.501303
1.798857 -3.797914 -1.131779 -27.273781 -0.346763 0.828280 -0.440123 0.419471 0.556644 0.717071 -0.838928 -0.064034 0.540463
1.243155 -4.243401 27.404833 -20.777460 -0.349567 0.801645 -0.484941 0.485588 0.597670 0.637961 -0.801253 0.012472 0.598195
1.262537 -4.072350 -36.584476 4.495622 -0.397850 0.806579 -0.437203 0.439595 0.585868 0.680819 -0.805278 -0.078672 0.587655
19.329875 -4.675548 -550.879194 -28.674186 -0.148696 -0.855290 -0.496354 0.860973 0.134929 -0.490429 0.486432 -0.500272 0.716318
16.570944 -3.670968 -344.372352 -12.258001 -0.309438 -0.751518 -0.582639 0.859529 0.041046 -0.509436 0.406765 -0.658434 0.633251
11.024890 -5.443590 -296.887711 -16.660868 0.013324 -0.884499 -0.466352 0.916942 0.196821 -0.347100 0.398797 -0.422993 0.813657
9.276158 -5.868004 294.293292 25.156646 -0.086579 0.906759 0.412666 0.836776 0.290984 -0.463826 0.540658 -0.305151 0.783946
-0.402178 -15.468275 27.454194 101.720486 -0.282596 0.939965 0.191327 -0.763716 -0.099787 -0.637793 0.580411 0.326357 -0.746066
-0.039865 -14.313419 23.165393 68.359149 -0.317729 0.933786 0.164599 -0.867949 -0.216541 -0.446961 0.381723 0.284876 -0.879280
0.141770 -14.279745 8.073574 82.801911 -0.304614 0.939332 0.157688 -0.773123 -0.147145 -0.616952 0.556320 0.309845 -0.771041
7.864020 -14.132123 -94.253704 -214.492160 0.217267 0.971835 0.091278 0.940200 -0.233488 0.248006 -0.262334 -0.031936 0.964449
5.583594 -17.134273 -125.588436 -337.472975 0.204517 0.971831 0.117122 0.969872 -0.217363 0.110009 -0.132368 -0.091095 0.987006
6.017860 -15.367690 -108.267892 -304.980213 0.075093 0.980338 0.182481 0.962114 -0.119329 0.245148 -0.262103 -0.157159 0.952157
-2.660274 -17.742616 331.466033 -212.480902 -0.379151 0.810512 0.446447 -0.326899 -0.568685 0.754808 -0.865669 -0.140243 -0.480573
-2.490127 -24.749045 129.683832 119.515020 -0.393287 0.856368 0.334604 -0.406244 -0.488336 0.772330 -0.824797 -0.167817 -0.539951
73.230950 -0.387211 -3740.425212 337.608025 -0.689652 -0.433116 0.580337 -0.307426 0.900725 0.306894 -0.655645 0.033240 -0.754338
-7.255377 -41.016462 179.577062 1312.364166 -0.040745 0.999128 0.009072 -0.675125 -0.034223 0.736909 -0.736578 -0.023900 -0.675931
-6.606301 -25.251794 203.430947 -821.360649 -0.424267 0.787284 0.447417 -0.674484 -0.604421 0.423965 -0.604209 0.121901 -0.787446
6.303556 -7.602666 19.454217 73.802376 -0.168185 0.984020 -0.058464 -0.800002 -0.170904 -0.575143 0.575944 0.049959 -0.815961
6.394670 -5.588200 12.720552 166.404710 -0.121022 0.991290 -0.051941 -0.887477 -0.131492 -0.441694 0.444677 0.007359 -0.895661
6.497959 -7.744759 -154.412412 163.199811 -0.084047 0.982073 -0.168729 -0.845457 -0.159899 -0.509543 0.527388 -0.099828 -0.843740
5.685284 -8.760721 -119.773992 23.259035 -0.091679 0.980136 -0.175868 -0.724218 -0.186844 -0.663776 0.683450 -0.066512 -0.726961
5.511558 -8.728603 -138.998209 130.235016 -0.042404 0.979160 -0.198616 -0.771070 -0.158488 -0.616712 0.635337 -0.126996 -0.761721
6.149935 -6.700657 -86.013112 137.524316 -0.097406 0.966638 -0.236902 -0.874964 -0.196609 -0.442473 0.474289 -0.164182 -0.864925
5.260982 -7.719801 -104.638291 167.336423 -0.071199 0.972525 -0.221645 -0.834512 -0.179796 -0.520830 0.546371 -0.147883 -0.824384
-0.201137 -106.234138 134.615259 -2984.212906 0.415080 0.786764 -0.456849 0.388528 -0.607350 -0.692945 0.822651 -0.110129 0.557778
2.703858 -90.261303 28.492774 840.545203 0.538178 0.675743 -0.503722 -0.638319 0.717060 0.279954 0.550376 0.170870 0.817245
-0.569083 -89.666945 318.006602 1058.978614 0.423624 0.749879 -0.508158 0.568108 -0.656880 -0.495743 0.705546 0.078680 0.704283
0.542730 -61.427533 105.684134 -291.741665 0.397877 0.788112 -0.469653 0.255120 -0.586771 -0.768514 0.881254 -0.185956 0.434526
0.015882 -180.106917 -80.667342 -7442.594017 0.654771 0.689671 -0.309240 -0.364044 0.646322 0.670626 -0.662380 0.326530 -0.674264
-18.976763 -791.076314 -558.415549 1874.067594 0.704909 0.692263 -0.154514 -0.546494 0.668938 0.503851 -0.452158 0.270728 -0.849859
5.181316 -466.612898 -439.282435 8206.895408 0.590885 0.759014 -0.273408 0.765007 -0.419543 0.488618 0.256162 -0.497877 -0.828553
-1.125550 -45.459519 -43.848452 -2002.644913 -0.692814 -0.655810 0.299869 -0.599257 0.754910 0.266462 -0.401122 0.004910 -0.916011
68.997073 -229.036002 -1960.821380 24267.456541 0.494953 0.777897 -0.387167 0.422001 0.174298 0.889683 -0.759564 0.603736 0.242004
1.167961 -2.514269 -205.746692 28.762107 -0.491361 0.176161 -0.852955 0.132775 0.983035 0.126539 0.860776 -0.051075 -0.506415
4.174399 -1.290194 -230.221591 -16.273098 -0.531431 0.022203 -0.846811 0.033027 0.999439 0.005479 0.846458 -0.025056 -0.531866
3.066892 -1.433277 -134.557462 103.220251 -0.495557 0.396088 -0.773006 0.249560 0.917373 0.310075 0.831952 -0.039251 -0.553458
-1.604262 -7.832831 33.281037 -71.177903 -0.215101 0.619853 0.754662 0.625805 -0.505756 0.593784 -0.749733 -0.599995 0.279118
-2.085762 -7.557409 -27.885555 -88.368837 -0.222618 0.608376 0.761787 0.604738 -0.526723 0.597373 -0.764679 -0.593668 0.250650
-2.194990 -6.310655 -11.530879 -62.252309 -0.228236 0.623235 0.747988 0.505047 -0.581027 0.638228 -0.832367 -0.523436 0.182152
-1.869931 -8.284306 43.911646 -54.004010 0.223002 -0.589120 -0.776664 0.721544 -0.435970 0.537870 -0.655473 -0.680343 0.327854
1.294504 -16.142352 -23.591990 -390.454200 0.408297 0.854653 -0.320720 -0.133105 -0.291845 -0.947159 0.903093 -0.429411 0.005400
0.905560 -11.224990 -26.232426 -238.198280 0.401134 0.853353 -0.332986 0.020413 -0.371752 -0.928108 0.915792 -0.365499 0.166542
1.591090 -14.454748 -26.823190 -348.498066 0.390345 0.866083 -0.312298 -0.024178 -0.329448 -0.943864 0.920351 -0.375984 0.107658
0.335745 -22.450302 -4.371553 -137.556041 -0.037910 0.906074 -0.421418 -0.074642 0.417976 0.905387 -0.996490 -0.065779 -0.051785
0.680511 -32.584928 -39.754473 -877.628968 -0.055386 0.932159 -0.357788 -0.122605 0.349277 0.928964 -0.990909 -0.095318 -0.094942
0.208924 -28.314510 -15.223186 -727.928063 -0.032310 0.926981 -0.373714 0.114442 0.374882 0.919982 -0.992904 0.013044 0.118198
0.532135 -22.577056 -17.063048 -109.879320 -0.034300 0.904776 -0.424504 -0.311522 0.393913 0.864747 -0.949620 -0.161903 -0.268346
0.210604 -22.689874 3.665019 -289.413646 -0.014016 0.908131 -0.418451 0.133640 0.416438 0.899288 -0.990931 0.043317 0.127199
0.160306 -21.824042 -3.292590 -53.405455 -0.030232 0.903156 -0.428247 -0.068038 0.425590 0.902355 -0.997225 -0.056417 -0.048582
12.247627 -12.267581 -207.143343 94.771822 0.171930 0.941616 -0.289481 0.815385 -0.300924 -0.494562 0.552800 0.151008 0.819518
17.839715 -14.649466 405.416855 -62.246931 -0.031703 -0.937875 0.345522 0.953353 -0.132201 -0.271367 0.300187 0.320801 0.898317
16.741655 -14.490386 -313.391431 70.826094 0.119379 0.896701 -0.426235 0.798176 -0.341998 -0.495935 0.590477 0.281006 0.756553
11.310855 -11.040436 -231.290564 -22.953323 0.122472 0.969089 -0.214168 0.919955 -0.191819 -0.341888 0.372402 0.155153 0.915011
11.084360 -10.421030 12.351986 -53.466368 -0.024880 0.931329 -0.363327 0.718044 0.269518 0.641696 -0.695553 0.244919 0.675441
11.043201 -13.522791 -58.583134 49.133280 -0.138902 0.968606 -0.206179 0.754860 0.238320 0.611056 -0.641009 0.070759 0.764265
10.954005 -12.693442 -84.919259 -52.117997 -0.077305 0.966819 -0.243486 0.627339 0.236981 0.741813 -0.774900 0.095402 0.624843
2.220241 -2.875191 64.358192 -19.577927 -0.674201 0.573863 -0.464903 0.196813 0.746322 0.635821 0.711841 0.337173 -0.616114
0.968953 -2.447058 8.442261 -36.386458 -0.639149 0.598662 -0.482796 0.241970 0.752407 0.612646 0.730027 0.274750 -0.625758
3.338128 -3.148651 176.334333 20.964143 -0.635926 0.690418 -0.344850 -0.331485 -0.647882 -0.685833 0.696933 0.321827 -0.640868
0.986400 -2.317729 -24.703088 -44.039994 -0.690669 0.350278 -0.632678 0.025822 0.886253 0.462480 0.722709 0.303084 -0.621153
5.912488 -3.900623 278.479856 16.289228 -0.708427 0.576912 -0.406576 0.173662 0.700836 0.691860 0.684086 0.419525 -0.596679
3.913648 -3.183857 118.138825 -15.065225 -0.714522 0.465274 -0.522474 0.073933 0.792838 0.604931 0.695696 0.393608 -0.600899
-0.080411 -7.295754 -3.669799 -16.165540 0.856933 -0.329583 -0.396284 0.205007 0.923357 -0.324629 0.472903 0.196945 0.858822
-0.048853 -7.599567 -1.654474 -15.845796 0.857782 -0.322326 -0.400396 0.186012 0.920817 -0.342776 0.479177 0.219549 0.849817
-0.081736 -7.036829 -3.945914 -24.820425 0.851807 -0.350065 -0.389718 0.303988 0.936183 -0.176502 0.426634 0.031876 0.903862
-0.190862 -6.793465 -6.611543 -22.418064 0.855118 -0.345904 -0.386165 0.306450 0.938059 -0.161660 0.418165 0.019898 0.908153
-0.223151 -7.108315 -7.544707 -15.765627 0.858180 -0.330670 -0.392664 0.216406 0.926650 -0.307388 0.465506 0.178820 0.866791
1.253773 -7.558814 -3.135506 30.253527 -0.936703 0.298911 0.182315 0.263943 0.944984 -0.193234 -0.230045 -0.132882 -0.964065
1.143505 -8.282440 11.027859 46.220845 0.941526 -0.288647 -0.173813 0.224846 0.922445 -0.313911 -0.250943 -0.256474 -0.933407
0.966124 -7.344304 -21.840747 31.732044 -0.945557 0.296794 0.133552 0.275174 0.948174 -0.158886 -0.173787 -0.113485 -0.978222
1.296981 -8.713262 2.627672 54.439416 -0.932320 0.286205 0.221056 0.202090 0.919251 -0.337841 -0.299898 -0.270303 -0.914876
1.018745 -6.867184 -9.952835 7.450413 -0.937506 0.312860 0.152322 0.310646 0.949736 -0.038751 -0.156789 0.010989 -0.987571
1.209703 -7.997766 11.031077 31.388643 -0.923286 0.312224 0.223741 0.262700 0.938226 -0.225211 -0.280236 -0.149157 -0.948272
1.105342 -7.217875 7.490385 1.374243 -0.922154 0.333043 0.196762 0.323494 0.942859 -0.079796 -0.212094 -0.009933 -0.977199
29.031708 -952.019808 -593.826097 -42922.019813 0.562602 0.213883 0.798582 0.687897 -0.656893 -0.308690 0.458559 0.723011 -0.516699
-6.097736 -33.204066 30.399759 -939.344797 0.461615 0.293800 0.837015 0.846860 -0.426853 -0.317215 0.264084 0.855265 -0.445849
0.553692 -368.973392 216.606264 -15861.519722 0.494298 0.228710 0.838666 0.736247 -0.623086 -0.264014 0.462179 0.747967 -0.476377
-5.666035 -35.665452 48.373017 -1081.433317 0.387419 0.402046 0.829618 0.892885 -0.387643 -0.229106 0.229484 0.829513 -0.509161
1.836332 -349.899849 339.828264 -15543.776578 0.405262 0.400294 0.821905 0.792345 -0.602252 -0.097371 0.456017 0.690693 -0.561241
-2.603987 -19.480694 34.517583 271.772528 -0.874112 0.467848 0.130559 0.425101 0.866897 -0.260344 -0.234983 -0.172069 -0.956648
-2.126464 -24.545785 30.578487 431.992284 -0.911467 0.348563 0.218477 0.241509 0.883335 -0.401738 -0.333019 -0.313406 -0.889311
-1.473699 -15.478067 13.048191 96.412076 -0.855454 0.491607 0.162854 0.444006 0.858082 -0.257980 -0.266567 -0.148382 -0.952326
-0.533790 -22.227645 17.600323 29.941918 0.620735 -0.611730 0.490382 0.066657 0.664383 0.744414 -0.781182 -0.429396 0.453182
-1.015535 -22.471056 2.489109 -32.546142 0.604363 -0.624917 0.494190 0.046878 0.647107 0.760956 -0.795329 -0.436727 0.420382
-0.685826 -21.029993 -20.695564 -206.622733 -0.619985 0.617817 -0.483654 -0.137947 0.520990 0.842342 -0.772392 -0.588958 0.237780
-0.337614 -21.504899 -50.018214 -114.176629 -0.633508 0.603420 -0.484305 -0.109649 0.549598 0.828202 -0.765927 -0.577777 0.282011
-0.575350 -19.592633 -39.574681 -356.266096 -0.627877 0.606835 -0.487361 -0.293270 0.395562 0.870358 -0.720946 -0.689406 0.070398
-0.744524 -18.339150 -11.835698 -364.453050 -0.612928 0.619829 -0.490032 -0.338338 0.354565 0.871671 -0.714036 -0.700068 0.007611
-1.022744 -20.087128 -0.887008 -328.585801 -0.598027 0.632657 -0.492046 -0.245075 0.440173 0.863821 -0.763087 -0.637176 0.108187
1.845979 -2.612021 81.226005 90.647689 0.100167 0.985870 0.134266 -0.732455 0.164396 -0.660669 0.673406 0.032166 -0.738572
2.726278 -2.113749 13.452659 117.191820 0.213011 0.970852 0.109879 -0.745737 0.234211 -0.623716 0.631271 -0.050918 -0.773889
2.643842 -4.121670 72.259243 63.191541 0.087850 0.992596 0.083875 -0.683534 0.121317 -0.719766 0.724613 -0.005900 -0.689131
0.056634 -8.706116 14.706120 -3.854019 0.951546 -0.261108 -0.162429 0.097613 0.757370 -0.645648 -0.291602 -0.598509 -0.746160
-0.074462 -8.288048 13.146447 -14.517461 0.944481 -0.302428 -0.128427 0.194645 0.829903 -0.522852 -0.264707 -0.468826 -0.842693
0.292791 -8.629905 18.607144 -3.420691 0.949308 -0.279709 -0.143448 0.162377 0.827071 -0.538133 -0.269162 -0.487562 -0.830563
0.595196 -12.419971 -7.117764 31.658864 0.915995 -0.195221 -0.350487 -0.125230 0.690835 -0.712084 -0.381143 -0.696158 -0.608354
0.098867 -13.339236 -11.111499 -15.673721 0.887047 -0.157815 -0.433869 -0.295982 0.526837 -0.796767 -0.354320 -0.835187 -0.420619
0.432363 -12.002030 -2.308450 1.228406 0.911652 -0.169553 -0.374356 -0.215532 0.578333 -0.786814 -0.349909 -0.797986 -0.490695
1.163346 -23.837767 -82.012665 -200.867939 -0.429041 0.578007 -0.694141 0.775225 -0.158810 -0.611397 -0.463628 -0.800430 -0.379949
-1.758459 -20.053390 -47.167564 -174.416431 -0.406115 0.558386 -0.723378 0.794784 -0.174838 -0.581163 -0.450987 -0.810948 -0.372792
0.658829 -23.079364 -121.444858 -259.872719 -0.370395 0.564397 -0.737742 0.901829 0.028246 -0.431169 -0.222512 -0.825020 -0.519452
0.307539 -1.328798 58.352315 -24.573389 0.030045 0.929935 -0.366494 0.767200 0.213572 0.604807 -0.640704 0.299346 0.707029
1.362711 -1.803985 79.989696 -52.327712 0.059663 0.938236 -0.340814 0.770559 0.173755 0.613228 -0.634570 0.299204 0.712599
1.262561 -1.269803 73.608998 -18.181852 0.065280 0.940448 -0.333611 0.766437 0.166833 0.620275 -0.638994 0.296184 0.709903
2.292479 -9.327771 -95.921756 55.296399 0.784695 -0.590092 -0.189857 -0.216959 -0.548352 0.807613 0.580674 0.592538 0.558315
0.864734 -8.539365 -46.203101 -50.004274 0.767155 -0.611479 -0.193818 0.350598 0.652726 -0.671587 0.537172 0.447260 0.715126
2.133003 -9.262758 34.872993 -41.065829 0.756436 -0.556574 -0.343554 0.132846 0.645047 -0.752507 0.640434 0.523583 0.561876
-7.741381 -10.779805 -41.200205 45.621100 -0.017563 0.991733 0.127109 -0.883977 0.044002 -0.465454 0.467200 0.120536 -0.875897
-3.496893 -10.365516 -190.787674 42.318903 0.052653 0.998383 0.021443 -0.916613 0.056840 -0.395713 0.396292 -0.001181 -0.918124
-3.565424 -11.639782 -143.225369 323.010062 0.166844 0.985259 0.037798 -0.978418 0.170182 -0.117205 0.121910 0.017427 -0.992388
-1.965413 -9.877493 -218.518973 -119.339537 -0.574626 0.803367 -0.156225 -0.279520 -0.013239 0.960049 -0.769204 -0.595336 -0.232165
-4.639533 -8.751953 38.743971 -47.723052 -0.387848 0.900904 -0.194797 -0.360917 0.046026 0.931461 -0.848123 -0.431571 -0.307301
0.821784 -12.569414 3.204022 301.786303 0.238396 0.920603 -0.309285 -0.846638 0.040987 -0.530589 0.475785 -0.388343 -0.789189
1.422074 -15.288319 2.789079 302.986411 0.208905 0.915368 -0.344181 -0.763881 -0.067012 -0.641869 0.610610 -0.397003 -0.685232
1.369962 -15.435552 -52.985598 9.588781 0.189830 0.897511 -0.398044 -0.613225 -0.208229 -0.761968 0.766759 -0.388735 -0.510848
3.847523 -12.838529 -227.216459 -24.678852 0.138196 0.864319 -0.483586 -0.542134 -0.342608 -0.767275 0.828850 -0.368203 -0.421229
-1.710971 -5.706339 21.936867 -71.762421 -0.068381 0.799885 -0.596244 0.177136 0.597882 0.781767 -0.981808 0.052158 0.182572
-2.269835 -6.468984 39.708785 -41.319910 -0.062076 0.840093 -0.538879 0.301191 0.530517 0.792361 -0.951541 0.113119 0.285961
-2.341677 -6.764151 28.005913 -4.162961 -0.058310 0.820298 -0.568957 0.433038 0.534299 0.725949 -0.899488 0.204050 0.386375
1.235031 -6.298813 98.692697 33.427583 0.263334 -0.574408 -0.775055 0.962826 0.106379 0.248293 -0.060172 -0.811627 0.581068
-0.083548 -8.037369 18.290955 -34.983799 -0.436639 0.796391 0.418458 0.184952 -0.375741 0.908081 -0.880420 -0.473898 -0.016769
-0.166342 -8.970128 14.601089 -61.449911 -0.425535 0.787838 0.445231 0.327929 -0.324311 0.887291 -0.843435 -0.523578 0.120349
-0.110701 -8.751540 13.239967 -56.708883 -0.433947 0.799432 0.415449 0.318047 -0.295510 0.900844 -0.842933 -0.523051 0.126021
5.402530 -16.013480 179.849563 -125.237449 0.410512 0.841628 -0.350917 0.560629 0.070555 0.825056 -0.719149 0.535429 0.442877
2.158683 -15.799723 102.958387 -120.769966 0.404048 0.821781 -0.401774 0.668705 0.034343 0.742734 -0.624163 0.568768 0.535653
6.249762 -15.337455 207.041517 97.520951 0.420741 0.829540 -0.367206 0.708487 -0.047659 0.704113 -0.566589 0.556410 0.607770
3.463673 -7.340369 74.917639 -28.344767 0.064190 0.804065 0.591066 -0.474976 0.545514 -0.690516 0.877655 0.236418 -0.416928
1.757543 -7.554245 68.712610 -42.050258 0.002660 0.805792 0.592193 -0.597558 0.476117 -0.645164 0.801821 0.352154 -0.482774
0.546053 -7.867550 19.046708 -29.391085 0.030216 0.806484 0.590484 -0.732787 0.419643 -0.535651 0.679787 0.416514 -0.603661
-0.251566 -5.361495 -61.858332 40.968525 -0.339050 0.907025 -0.249700 0.400637 0.379360 0.834012 -0.851196 -0.182733 0.492010
0.563643 -4.781302 -66.457907 44.435044 -0.379140 0.866309 -0.325210 0.439092 0.477794 0.760862 -0.814525 -0.145676 0.561541
-0.898055 -5.287329 -80.308632 34.854128 -0.364453 0.885418 -0.288460 0.448041 0.438281 0.779210 -0.816353 -0.154744 0.556437
-1.527730 -5.768927 -72.569169 25.882022 -0.303500 0.928719 -0.212998 0.409691 0.329017 0.850824 -0.860256 -0.170962 0.480345
-2.321702 -5.958695 -62.709230 14.447373 -0.287040 0.924454 -0.250984 0.436755 0.359493 0.824627 -0.852557 -0.127082 0.506949
-1.495285 -5.313482 -83.770070 11.163448 -0.387241 0.856392 -0.341521 0.466649 0.501526 0.728499 -0.795162 -0.122734 0.593846
25.453708 -3.957578 -590.732065 -71.864845 -0.397067 -0.674112 -0.622824 0.823359 0.038178 -0.566236 0.405485 -0.737641 0.539877
17.018498 -2.966037 -151.238855 0.025142 -0.510299 -0.491490 -0.705714 0.798155 0.034889 -0.601441 0.320224 -0.870184 0.374482
12.873809 -2.975229 -115.408091 15.701320 -0.479708 -0.489059 -0.728493 0.833547 0.005271 -0.552424 0.274007 -0.872235 0.405125
10.605433 -3.056855 -222.064692 2.274713 -0.329885 -0.703901 -0.629047 0.882674 0.006302 -0.469944 0.334758 -0.710271 0.619236
5.489678 -2.859517 196.760128 136.207980 -0.103011 0.990261 0.093660 -0.914970 -0.057401 -0.399419 0.390153 0.126841 -0.911971
7.132309 -2.973156 32.068857 124.300281 -0.051204 0.997914 -0.039318 -0.922889 -0.062326 -0.379988 0.381645 -0.016829 -0.924156
0.858327 -56.651838 -82.465164 -1228.386869 0.484135 0.743693 -0.461015 0.524019 -0.668375 -0.527901 0.700727 -0.013995 0.713293
1.522040 -73.934062 26.884523 -1467.075527 0.476756 0.742445 -0.470615 0.744167 -0.625860 -0.233484 0.467889 0.238901 0.850886
1.317342 -68.706330 -48.837274 -38.577958 -0.542100 -0.704706 0.457730 0.818037 -0.567159 0.095639 0.192208 0.426286 0.883932
-8.080223 -390.106437 -785.969008 45114.873090 0.578680 0.750113 -0.320095 -0.362498 -0.115013 -0.924860 0.730565 -0.651232 -0.205359
-757.562945 -1582.921129 -18914.394956 -140818.613159 0.424854 0.734101 -0.529712 0.761247 0.026948 0.647902 0.489900 -0.678506 -0.547383
-19.606852 -941.460108 -831.851338 -259643.463867 0.689641 0.622137 -0.370596 0.193790 0.334544 0.922240 -0.697740 0.707832 -0.110151
4.833979 -0.335147 -123.836211 -29.881245 -0.611712 -0.038523 -0.790142 -0.003500 0.998936 -0.045993 0.791073 -0.025369 -0.611195
5.530187 -1.279624 -161.200241 -61.849523 -0.592216 -0.168666 -0.787929 -0.077037 0.985219 -0.152996 0.802088 -0.029907 -0.596457
-0.689500 -4.651529 -13.393918 -80.867685 -0.086159 0.723847 -0.684560 0.073973 0.689867 0.720147 -0.993531 -0.011408 0.112984
-1.605447 -4.879731 58.975070 -80.208456 -0.052801 0.830910 -0.553896 0.083844 0.556400 0.826673 -0.995079 0.002792 0.099046
-3.011141 -7.112886 -84.311184 -80.372753 -0.258190 0.643005 0.721029 0.548451 -0.516854 0.657316 -0.795324 -0.565161 0.219210
-2.883627 -8.037944 -120.094279 -82.256116 -0.235350 0.598189 0.766016 0.668145 -0.472799 0.574494 -0.705828 -0.647017 0.288404
-0.171238 -49.241608 -29.301303 -1681.099344 0.011579 0.961048 -0.276139 0.216179 0.267221 0.939074 -0.976285 0.070569 0.204665
1.440690 -38.036141 -40.949597 -1136.183659 -0.016528 0.933031 -0.359415 -0.134805 0.354103 0.925440 -0.990734 -0.063747 -0.119924
1.741227 -21.453142 -38.456847 152.124297 -0.034409 0.930910 -0.363625 -0.264883 0.342334 0.901468 -0.963666 -0.127336 -0.234803
1.353485 -22.101613 -35.577872 -67.055318 -0.031373 0.916098 -0.399724 -0.325465 0.368762 0.870682 -0.945033 -0.157412 -0.286589
-4.711874 -96.845589 -159.369229 -4175.280767 0.765263 -0.095190 -0.636641 -0.629063 0.099247 -0.770993 -0.136576 -0.990499 -0.016070
-2.992126 -26.563052 -104.176001 -987.744492 0.782308 -0.139137 -0.607154 -0.619411 -0.070859 -0.781863 -0.065764 -0.987735 0.141617
0.484823 -223.402374 -248.176117 9082.893882 0.646922 -0.097369 -0.756314 0.715240 -0.266452 0.646092 -0.264431 -0.958917 -0.102731
-5.202860 -8.698848 20.703123 -11.172603 0.832219 0.073742 -0.549521 0.509801 -0.491427 0.706118 0.217978 0.867791 0.446569
-6.006782 -8.771009 52.950784 -18.405023 0.858510 0.166340 -0.485068 0.498966 -0.489179 0.715358 0.118292 0.856174 0.502964
-5.150912 -8.655946 19.996874 23.384918 0.848975 0.073439 -0.523305 0.447588 -0.626355 0.638235 0.280903 0.776071 0.564630
-6.056458 -8.777657 50.674613 -26.804308 0.838646 0.171415 -0.517001 0.542913 -0.339401 0.768149 0.043798 0.924891 0.377701
-4.981353 -8.635989 -4.396674 21.888981 0.808543 0.013621 -0.588279 0.460880 -0.636226 0.618712 0.365851 0.771382 0.520694
-5.186853 -8.805094 23.823235 -24.329847 0.831961 0.053026 -0.552294 0.533583 -0.349316 0.770238 0.152082 0.935503 0.318911
-4.929472 -8.730953 1.779294 -6.082570 0.797751 -0.007985 -0.602934 0.515033 -0.510980 0.688216 0.313582 0.859556 0.403523
10.680272 -12.643413 -111.656324 117.917759 -0.204901 0.969397 -0.135223 0.867898 0.243817 0.432790 -0.452515 0.028681 0.891296
9.744703 -14.402639 -71.497855 77.165680 -0.222173 0.972392 -0.071363 0.763627 0.219048 0.607364 -0.606228 -0.080445 0.791212
-0.020892 -7.995125 -8.696862 -1.933697 0.862944 -0.297800 -0.408220 0.057659 0.860632 -0.505952 0.501999 0.413070 0.759848
0.049369 -7.983905 0.063414 -16.452248 0.856139 -0.318197 -0.407157 0.166627 0.915831 -0.365361 0.489144 0.244957 0.837099
0.609028 -8.131024 -28.181166 4.417834 0.856976 -0.320981 -0.403192 0.051962 0.832185 -0.552058 0.512730 0.452150 0.729841
0.444108 -7.912827 -40.638053 -6.628440 0.872747 -0.290244 -0.392518 0.043793 -0.754265 0.655107 0.486204 0.588933 0.645572
1.161960 -9.426817 3.286861 51.623359 0.937098 -0.269200 -0.222213 0.142968 0.876742 -0.459220 -0.318446 -0.398565 -0.860080
-6.302837 -31.773321 0.778410 -898.032755 0.569858 0.142464 0.809299 0.766958 -0.445791 -0.461569 0.295021 0.883727 -0.363302
-7.500043 -19.936913 7.408712 -491.665778 0.525814 0.248751 0.813414 0.835933 -0.327932 -0.440086 0.157273 0.911364 -0.380370
-7.691205 -20.275635 -21.897041 -536.243574 0.418706 0.394549 0.817934 0.901603 -0.288335 -0.322452 0.108616 0.872464 -0.476454
-1.326645 -12.496745 11.615298 -24.853555 -0.810220 0.560394 0.171765 0.552302 0.828056 -0.096362 -0.196232 0.016792 -0.980414
-1.219051 -12.021739 -15.843218 -80.613936 0.778456 -0.593129 -0.205439 0.616966 0.783270 0.076425 -0.115584 0.186242 -0.975681
-1.518651 -12.486109 -8.687914 -35.607262 0.780392 -0.606107 -0.153699 0.620934 0.780144 0.076259 -0.073686 0.154949 -0.985171
-1.067936 -22.961557 -20.466176 151.145114 0.586190 -0.629051 0.510564 0.227931 0.732785 0.641150 -0.777450 -0.259463 0.572932
-1.376230 -24.795652 -13.580395 -45.970177 0.566986 -0.641813 0.516336 0.082311 0.667836 0.739744 -0.819604 -0.376924 0.431482
2.061692 -0.094488 62.893532 131.759826 0.169027 0.971147 0.168235 -0.766685 0.236817 -0.596751 0.619374 0.028116 -0.784593
3.080028 -0.971644 -36.600885 162.510508 0.390771 0.906022 0.162551 -0.733709 0.413221 -0.539369 0.555849 -0.091505 -0.826231
2.681189 -3.053939 -46.730914 109.094786 0.306110 0.948387 0.082816 -0.730049 0.289686 -0.618959 0.611003 -0.129009 -0.781045
2.683931 0.898639 30.505044 103.388895 0.478270 0.814695 0.327917 -0.647091 0.579357 -0.495599 0.593744 -0.024838 -0.804271
-0.798004 -10.332714 -3.837809 12.111358 0.934265 -0.242157 -0.261741 -0.296090 -0.117820 -0.947866 -0.198694 -0.963057 0.181775
-0.810646 -10.520182 7.290617 23.621232 0.936394 -0.201030 -0.287669 -0.309724 -0.087906 -0.946754 -0.165038 -0.975633 0.144578
-0.875908 -10.374117 -1.962340 -22.639520 0.930322 -0.234676 -0.281831 -0.345155 -0.300488 -0.889143 -0.123974 -0.924464 0.360550
-0.689745 -10.214885 0.130441 45.062929 0.937523 -0.230509 -0.260608 -0.245979 0.090600 -0.965032 -0.246060 -0.968843 -0.028240
-0.759183 -10.138514 -11.472445 -21.015491 0.924849 -0.281075 -0.256226 -0.336472 -0.290578 -0.895741 -0.177317 -0.914637 0.363314
-0.698090 -10.197861 -8.308768 13.860950 0.926832 -0.282294 -0.247572 -0.280205 -0.081119 -0.956507 -0.249933 -0.955892 0.154284
0.236287 -14.209010 -8.886096 52.949671 0.897353 -0.172571 -0.406173 -0.201911 0.657849 -0.725580 -0.392414 -0.733113 -0.555479
-0.262830 -14.888486 -6.873458 -44.130515 0.859727 -0.135782 -0.492374 -0.384196 0.463283 -0.798600 -0.336544 -0.875746 -0.346130
0.738619 -12.285810 -6.566683 80.298037 0.919888 -0.219053 -0.325302 -0.028902 0.789349 -0.613265 -0.391115 -0.573537 -0.719781
0.324368 -14.387155 -9.360632 117.078080 0.907449 -0.197614 -0.370790 -0.092818 0.766406 -0.635615 -0.409782 -0.611204 -0.677132
-0.164539 -16.582973 -4.985431 70.070885 0.875903 -0.144966 -0.460194 -0.287300 0.609561 -0.738846 -0.387624 -0.779371 -0.492268
23.229957 -23.214959 -1268.959319 -50.198987 -0.418577 0.326659 -0.847400 0.760449 0.636172 -0.130393 0.496498 -0.698984 -0.514695
-3.286814 -26.733953 -50.786551 -229.193923 -0.300247 0.551275 -0.778427 0.876274 0.481802 0.003220 0.376823 -0.681148 -0.627727
25.954503 -25.932674 -1850.475452 -100.584911 -0.474235 0.317583 -0.821123 0.572219 0.819992 -0.013337 0.669078 -0.476187 -0.570596
-17.384024 -32.032369 -151.092388 856.542877 0.466380 0.842552 -0.269437 -0.460829 -0.028577 -0.887029 0.755068 -0.537857 -0.374944
13.325476 -32.729207 -986.458394 576.880073 -0.028127 0.441773 -0.896686 0.765540 0.586341 0.264862 0.642773 -0.678999 -0.354687
29.042334 -18.494334 -1641.901286 200.149018 -0.487222 0.251130 -0.836390 0.779066 0.557716 -0.286372 0.394552 -0.791130 -0.467378
0.699775 -66.181939 -36.367635 -519.176318 0.674863 -0.109756 -0.729735 0.527801 -0.619321 0.581264 0.515738 0.777429 0.360027
0.295979 -50.588813 107.877214 589.106951 -0.661671 0.080262 0.745486 0.702052 -0.282793 0.653568 0.263275 0.955817 0.130768
-17.011603 -308.775722 1006.856959 -19803.261521 -0.641342 0.116879 0.758301 0.685320 -0.357127 0.634662 0.344989 0.926714 0.148941
-1.810739 -3.541359 -82.088954 0.383164 -0.547196 -0.804332 0.231573 0.827230 -0.477539 0.296051 -0.127538 0.353563 0.926676
-0.412640 -3.708573 -90.986669 -43.540695 -0.625571 -0.748141 0.221238 0.773825 -0.558927 0.297987 -0.099280 0.357611 0.928578
-1.153757 -3.387816 -71.669951 12.817214 -0.638818 -0.739951 0.210674 0.755827 -0.552465 0.351438 -0.143657 0.383738 0.912199
-2.025826 -3.928672 -59.382781 51.325518 -0.430824 -0.857375 0.281601 0.884241 -0.338713 0.321546 -0.180303 0.387533 0.904051
-2.659097 -4.033631 -43.407165 59.769317 -0.195535 -0.929885 0.311577 0.964835 -0.125495 0.230963 -0.175668 0.345782 0.921724
-2.723683 -3.791460 -27.961160 28.714623 -0.178324 -0.948743 0.260937 0.974243 -0.133042 0.182071 -0.138023 0.286683 0.948031
-2.113355 -5.958575 -30.906503 -10.108164 -0.023672 -0.947030 0.320273 0.983691 0.035072 0.176412 -0.178300 0.319226 0.930755
-1.941881 -6.060168 -58.717096 -2.255252 0.036624 -0.939971 0.339283 0.996738 0.058792 0.055288 -0.071917 0.336151 0.939058
-0.452994 -6.157984 -92.732537 -14.956015 0.017636 -0.933254 0.358785 0.980198 0.086924 0.177922 -0.197233 0.348543 0.916306
-2.814888 -5.791187 -11.479173 5.735810 -0.013058 -0.957968 0.286579 0.998707 0.001584 0.050804 -0.049122 0.286872 0.956709
-0.518667 -5.942357 -78.460062 -20.133120 -0.025458 -0.939743 0.340933 0.955010 0.077942 0.286150 -0.295480 0.332880 0.895479
-1.890903 -5.860479 -28.769871 -10.639512 -0.086482 -0.950818 0.297433 0.958666 0.001810 0.284528 -0.271073 0.309745 0.911360
-2.558922 -5.758277 -1.786374 -0.023378 -0.108092 -0.959374 0.260611 0.982658 -0.063379 0.174259 -0.150663 0.274928 0.949587
11.173322 -8.246128 -399.304616 -13.024350 0.878630 -0.301667 -0.370144 0.408564 0.073723 0.909747 0.247152 0.950559 -0.188025
14.242208 -7.018860 -639.337421 -48.647675 0.918243 -0.240881 -0.314335 0.378610 0.301228 0.875166 0.116124 0.922626 -0.367800
21.237492 -6.464051 -799.007805 -52.426125 0.895536 -0.367071 -0.251544 0.338873 0.196186 0.920150 0.288411 0.909269 -0.300081
5.136967 -8.542514 -336.155571 -59.890410 0.898540 -0.194106 -0.393634 0.434565 0.267858 0.859887 0.061472 0.943703 -0.325033
14.081594 -7.830445 -420.756726 -12.502313 0.832398 -0.482323 -0.272907 0.321482 0.019143 0.946722 0.451402 0.875784 -0.170992
9.748334 -8.869354 -176.490431 -1.727654 0.807136 -0.451077 -0.380868 0.373652 -0.109158 0.921124 0.457072 0.885784 -0.080441
6.313754 -9.477285 -214.098865 14.608075 0.847297 -0.277395 -0.452923 0.422482 -0.164774 0.891268 0.321864 0.946521 0.022418
4.987764 -9.577201 -362.421033 -9.749458 0.877398 -0.156146 -0.453643 0.461655 0.017446 0.886888 0.130570 0.987580 -0.087392
-9.518754 -11.466955 106.235806 18.653380 -0.197381 0.959798 0.199573 -0.803656 -0.041838 -0.593622 0.561407 0.277557 -0.779605
-7.533582 -11.214331 39.933783 -40.745383 -0.505858 0.840809 0.192738 0.760440 0.329185 0.559794 0.407233 0.429742 -0.805905
-8.534745 -11.709997 120.872568 50.023017 -0.362402 0.902643 0.232166 -0.794682 -0.169106 -0.582996 0.486976 0.395777 -0.778598
-2.381267 -11.368333 -102.065585 18.428396 -0.540449 0.837649 -0.079116 0.089530 0.150752 0.984509 -0.836600 -0.524994 0.156468
8.950256 -6.794978 -230.055819 126.496935 0.356375 0.927518 -0.112723 0.923776 -0.331679 0.191380 0.140121 -0.172334 -0.975022
8.927919 -5.011862 29.773069 -110.072454 0.292228 0.946354 0.137900 -0.928339 0.315347 -0.196832 0.229759 0.070498 -0.970691
8.639642 -6.634078 -82.896014 -70.988287 0.409727 0.912205 -0.002471 -0.909113 0.408112 -0.083414 0.075082 -0.036423 -0.996512
9.875149 -5.657160 -131.694877 -55.050006 0.274471 0.961578 0.005712 -0.924448 0.265499 -0.273691 0.264692 -0.069840 -0.961801
7.270263 -8.257218 -204.186721 78.864163 0.421447 0.892653 -0.159855 0.906853 -0.414958 0.073673 -0.000568 -0.176014 -0.984387
5.494600 -8.124931 -223.858492 109.385455 0.365344 0.900684 -0.235143 0.928813 -0.335920 0.156408 0.061885 -0.275547 -0.959294
8.094113 -6.894057 -333.496800 61.150534 0.307978 0.925773 -0.219304 0.930628 -0.245245 0.271637 0.197691 -0.287749 -0.937080
-3.535440 -5.962118 77.616444 -3.292782 0.074622 -0.634884 0.768996 0.413608 0.721392 0.555447 -0.907392 0.276614 0.316425
-2.891256 -5.875305 61.421482 -26.921032 0.102048 -0.571491 0.814239 0.303177 0.797440 0.521703 -0.947454 0.193620 0.254640
2.180311 -7.786423 48.317404 36.363078 0.362374 -0.636155 -0.681170 0.910660 0.086053 0.404095 -0.198450 -0.766748 0.610504
3.410364 -8.165278 -15.419636 35.894244 0.367876 -0.715510 -0.593896 0.913641 0.159307 0.374006 -0.172994 -0.680196 0.712325
3.802042 -8.063852 -5.703150 38.186931 0.385090 -0.699566 -0.601924 0.892295 0.115717 0.436371 -0.235617 -0.705136 0.668781
-0.150865 -6.673570 13.458664 -14.649215 -0.447533 0.822566 0.350855 -0.111940 -0.440781 0.890607 -0.887234 -0.359301 -0.289342
-0.214237 -6.388400 6.253283 -9.565459 -0.457499 0.819066 0.346159 -0.238693 -0.488120 0.839502 -0.856575 -0.301445 -0.418820
0.114115 -6.322737 9.551589 -5.620635 -0.466131 0.796468 0.385176 -0.208353 -0.521947 0.827140 -0.859832 -0.305303 -0.409242
0.728567 -14.095265 69.453795 111.415643 0.448462 0.844922 -0.291530 -0.087514 0.366109 0.926448 -0.889507 0.389963 -0.238129
1.018317 -13.068731 82.333875 59.006649 0.454144 0.839465 -0.298415 0.076393 0.297023 0.951809 -0.887647 0.455055 -0.070762
2.735400 -13.500376 109.685472 103.627005 0.436474 0.861817 -0.258384 -0.045832 0.308109 0.950247 -0.898549 0.402916 -0.173980
-0.688087 -13.376895 50.245080 66.303638 0.438439 0.839108 -0.321975 0.042669 0.338406 0.940032 -0.897747 0.425886 -0.112566
2.027501 -14.820517 86.510440 156.471565 0.424334 0.869007 -0.254495 -0.214592 0.369554 0.904091 -0.879711 0.329024 -0.343296
-0.800259 -14.440717 45.485599 80.425693 0.434200 0.844513 -0.313478 -0.135571 0.405291 0.904080 -0.890556 0.350053 -0.290468
0.419134 -15.061734 56.242665 87.489034 0.436113 0.854082 -0.283459 -0.274136 0.426112 0.862136 -0.857120 0.298283 -0.419968
3.870402 -8.470288 -146.351121 -1.448752 0.230159 0.806571 0.544491 -0.393174 0.588885 -0.706136 0.890191 0.051556 -0.452660
4.751155 -7.761908 13.266522 28.887234 0.124699 0.840980 0.526500 -0.404668 0.527610 -0.746908 0.905922 0.119919 -0.406110
-2.062175 -9.862229 -599.124693 -0.247133 0.327067 0.764385 0.555646 -0.292101 0.640965 -0.709817 0.898723 -0.069853 -0.432917
2.946728 -8.620559 -234.394941 53.780985 0.209514 0.862018 0.461550 -0.302832 0.506022 -0.807611 0.929730 -0.029434 -0.367065
0.831293 -5.151740 -41.182806 64.840859 -0.329429 0.906003 -0.265772 0.396846 0.388276 0.831718 -0.856732 -0.168522 0.487453
30.093338 -4.799959 -1002.139017 -32.155939 -0.264009 -0.785471 -0.559762 0.804144 0.141209 -0.577418 0.532589 -0.602574 0.594352
-0.702191 -15.547321 28.849615 36.992926 -0.259728 0.939433 0.223622 -0.587867 0.029902 -0.808405 0.766129 0.341425 -0.544495
-1.169134 -16.750382 38.993901 95.231366 -0.251603 0.944033 0.213301 -0.741464 -0.046368 -0.669389 0.622035 0.326576 -0.711632
5.505873 -18.366086 -75.637906 -367.442672 0.300625 0.953637 -0.014199 0.953320 -0.300902 -0.025266 0.028367 0.005941 0.999580
3.518013 -18.209372 103.782401 -189.347984 -0.204271 -0.972705 -0.110088 0.975823 -0.193404 -0.101802 0.077732 -0.128222 0.988695
5.685442 -7.109238 100.511414 -105.917536 -0.205893 0.976909 -0.057069 -0.645586 -0.179427 -0.742311 0.735410 0.115993 -0.667621
-1.220475 -100.212032 231.014481 -1392.354626 0.424669 0.811645 -0.401109 -0.101676 -0.397484 -0.911958 0.899621 -0.428064 0.086274
0.267245 -70.493654 32.779540 -1907.228789 0.474040 0.782922 -0.402889 0.147241 -0.521609 -0.840383 0.868105 -0.339054 0.362542
11.005628 -109.616939 255.993860 -3024.248708 0.654686 0.360349 -0.664481 0.456285 0.512451 0.727460 -0.602653 0.779451 -0.171073
14.210271 -4.371260 -866.489756 -842.093590 0.856060 0.231968 -0.461902 0.384742 -0.882727 0.269751 0.345160 0.408636 0.844915
1.725157 -795.217779 735.730656 70836.640652 -0.616587 -0.710386 0.339371 0.778808 -0.613461 0.130857 0.115232 0.344990 0.931506
3.844594 -1.176972 -70.917805 151.524701 -0.470478 0.582216 -0.663080 0.368203 0.812426 0.452095 0.801921 -0.031447 -0.596602
3.064364 -3.184814 -100.382679 110.491611 -0.397978 0.679191 -0.616695 0.487956 0.725965 0.484637 0.776860 -0.108045 -0.620334
3.740192 0.409424 -58.902800 31.141417 -0.613809 0.199941 -0.763716 0.140772 0.979613 0.143322 0.776802 -0.019537 -0.629441
-2.385250 -5.724961 -11.898242 37.568785 0.031243 0.802036 -0.596458 0.635242 0.444791 0.631371 -0.771681 0.398621 0.495590
-3.965481 -5.911803 -72.960872 25.151737 0.040468 0.754264 -0.655323 0.533482 0.538243 0.652451 -0.844843 0.376006 0.380604
-3.524557 -6.094974 -90.734686 -16.107756 -0.253295 0.659782 0.707482 0.468244 -0.556335 0.686468 -0.846516 -0.505153 0.168022
