14365
28718
-6.409449 -9.960800 0.796781 121.082499 0.783317 0.332896 0.524971 -0.620893 0.378089 0.686688 -0.030110 0.863845 -0.502856
-8.339375 -11.917633 133.971745 125.528946 0.865692 0.256831 0.429669 -0.497283 0.539549 0.679409 0.057334 0.801826 -0.594801
-7.716030 -11.587513 14.802486 318.496234 0.999015 0.044052 0.005243 -0.026944 0.508623 0.860568 -0.035243 0.859862 -0.509309
-6.374085 -10.513090 -55.110569 -120.196072 0.701106 0.337198 0.628290 0.710823 -0.400200 -0.578421 0.056400 0.852137 -0.520271
-5.444437 -8.736768 -27.209485 108.826829 0.884146 0.280149 0.373901 -0.455509 0.338891 0.823204 -0.103908 0.898148 -0.427240
-5.770809 -9.307536 -58.471458 -125.942288 0.609202 0.355018 0.709109 0.792901 -0.257496 -0.552272 -0.013473 0.898698 -0.438361
9.242023 -16.288701 -162.006660 462.330686 0.876455 0.395367 0.274794 -0.223740 0.839794 -0.494658 -0.426341 0.372063 0.824501
10.477859 -13.098902 -23.593935 -442.495333 0.915606 0.383661 0.120291 0.236621 -0.756035 0.610264 -0.325079 0.530298 0.783012
12.191354 -17.419904 -64.303562 -545.980710 0.922663 0.371732 0.102504 0.287231 -0.839906 0.460496 -0.257275 0.395440 0.881724
12.001285 -19.613707 -41.302994 357.320862 0.913412 0.366256 0.177583 -0.307413 0.906692 -0.288801 -0.266788 0.209202 0.940775
8.916588 -18.831003 -281.591656 220.458796 0.854631 0.382430 0.351215 -0.321810 0.920955 -0.219728 -0.407484 0.074762 0.910147
1.399692 -7.018907 65.730806 24.154452 0.720807 0.620914 0.308064 -0.497111 0.153365 0.854025 -0.483030 0.768730 -0.419210
2.175869 -7.479610 35.481352 31.341893 0.723095 0.641307 0.256629 -0.488531 0.212149 0.846363 -0.488335 0.737372 -0.466702
1.722779 -7.343254 67.018714 -8.730776 0.702064 0.623549 0.343937 -0.576261 0.213722 0.788826 -0.418365 0.752004 -0.509373
0.623856 -7.000777 92.283475 21.802961 0.692226 0.610229 0.385284 -0.560684 0.118619 0.819489 -0.454374 0.783294 -0.424257
0.075991 -6.377832 67.544267 58.633835 0.703100 0.617664 0.352336 -0.486260 0.056096 0.872012 -0.518846 0.784439 -0.339787
-2.229944 -7.713403 72.814496 38.719120 0.857261 0.460342 0.230627 -0.423344 0.885136 -0.193168 -0.293060 0.067961 0.953676
-1.832827 -7.501372 105.728410 15.423192 0.845404 0.492054 0.207785 -0.427070 0.856347 -0.290310 -0.320785 0.156690 0.934101
-2.995737 -7.937982 74.560985 10.618674 0.847499 0.463052 0.259476 -0.398887 0.878114 -0.264207 -0.350191 0.120413 0.928906
-3.223189 -8.039300 37.179221 22.196295 0.860903 0.410781 0.300176 -0.386927 0.911730 -0.137968 -0.330354 0.002631 0.943853
-2.600932 -7.807009 44.456070 13.606817 0.880014 0.395846 0.262452 -0.396369 0.916541 -0.053336 -0.261660 -0.057091 0.963470
-1.604812 -7.354959 82.369688 35.395914 0.865687 0.458813 0.200190 -0.440625 0.888194 -0.130236 -0.237561 0.024535 0.971063
-2.261152 -7.545382 40.224907 33.417279 0.901704 0.356191 0.245067 0.402183 -0.899050 -0.173083 -0.158676 -0.254632 0.953931
-1.860269 -7.616052 24.261384 -0.226012 0.900669 0.373620 0.221819 0.416032 -0.888810 -0.192183 -0.125351 -0.265377 0.955961
-1.694106 -7.483654 66.751773 1.283235 0.900534 0.386038 0.200030 -0.406593 0.910694 0.072932 -0.154012 -0.147008 0.977072
-20.067031 -68.548933 115.601892 81.434596 0.852270 -0.382879 0.356427 -0.343188 0.104977 0.933382 0.394789 0.917815 0.041931
-6.203233 -103.615224 -115.177591 5321.559736 0.198826 -0.584686 0.786518 0.898277 -0.212180 -0.384809 0.391876 0.783021 0.483023
-1.394894 -479.672569 3458.845727 23626.317947 0.904957 -0.138781 -0.402235 0.268381 -0.547395 0.792673 0.330190 0.825287 0.458122
-0.328637 -26.584726 12.626613 -660.098660 -0.084566 0.966606 -0.241912 0.895018 0.180394 0.407922 -0.437939 0.182020 0.880385
-0.335400 -23.552534 -14.278623 -325.242645 -0.110872 0.965504 -0.235605 0.822752 0.222150 0.523191 -0.557482 0.135837 0.819001
0.030377 -27.713210 -31.615481 -358.467384 -0.115308 0.968062 -0.222621 0.928733 0.184567 0.321543 -0.352363 0.169679 0.920353
-0.548289 -22.663196 16.277053 -271.304536 -0.095932 0.962453 -0.253932 0.777157 0.231822 0.585052 -0.621952 0.141220 0.770216
0.097223 -29.583673 26.031051 -310.771543 0.074308 -0.969098 0.235218 0.995173 0.087224 0.044977 -0.064104 0.230740 0.970901
-0.579836 -25.850057 -15.286111 -314.748764 -0.078345 0.972383 -0.219848 0.964279 0.129887 0.230857 -0.253036 0.193908 0.947825
7.878037 0.089416 -50.814456 -44.093024 0.412982 0.411869 0.812287 0.444541 0.687270 -0.574493 -0.794877 0.598350 0.100737
7.514034 -1.260133 -112.399338 -42.152622 0.270843 0.424880 0.863783 0.494056 0.708768 -0.503544 -0.826167 0.563139 -0.017949
7.094074 -2.344298 63.861953 -302.990306 0.440750 0.384000 0.811347 0.395473 0.728354 -0.559555 -0.805816 0.567490 0.169160
6.944440 -1.636146 86.017240 -311.864855 0.579846 0.405207 0.706813 0.323480 0.681733 -0.656202 -0.747756 0.609136 0.264224
5.281185 -6.413836 44.279141 -537.753448 0.593058 0.445300 0.670813 0.302593 0.648801 -0.698208 -0.746136 0.617061 0.250032
5.235699 -4.508121 -43.954381 -162.437888 -0.850987 0.484289 0.203189 0.445708 0.870600 -0.208328 -0.277787 -0.086721 -0.956720
6.295481 -3.116967 -19.034492 -179.971072 -0.760146 0.586154 0.280360 0.524828 0.808280 -0.266908 -0.383058 -0.055748 -0.922040
6.810691 -2.535443 -142.118952 -90.746884 -0.833696 0.522247 0.179470 0.475970 0.844357 -0.245996 -0.280007 -0.119664 -0.952511
-1.566483 -14.650347 -26.118410 33.274063 0.607868 -0.650936 0.454730 0.461224 -0.176712 -0.869508 -0.646351 -0.738278 -0.192810
-1.615051 -14.404867 -47.238006 35.195385 0.609479 -0.651006 0.452467 0.440687 -0.196234 -0.875949 -0.659038 -0.733269 -0.167289
-1.423046 -13.969519 11.749420 72.402365 -0.615928 0.631558 -0.470922 -0.300042 0.364657 0.881476 -0.728428 -0.684222 0.035108
-1.419430 -14.301437 19.207281 47.116591 -0.601801 0.652196 -0.460951 -0.312176 0.339150 0.887425 -0.735107 -0.677951 0.000501
-1.484491 -13.379551 38.174435 88.207608 -0.601721 0.651055 -0.462666 -0.206605 0.432677 0.877556 -0.771522 -0.623633 0.125840
1.400373 -9.541094 -44.235154 155.476416 0.641031 -0.510207 0.573383 0.483258 0.848691 0.214909 -0.596273 0.139329 0.790599
1.775760 -9.228748 52.435662 64.055546 0.679182 -0.518344 0.519646 0.483417 0.848654 0.214697 -0.552286 0.105388 0.826966
1.146766 -10.095554 -2.948069 148.569286 0.664734 -0.498778 0.556192 0.418872 0.865290 0.275353 -0.618607 0.049936 0.784112
1.104920 -9.832232 -37.350879 245.920471 0.649089 -0.496472 0.576367 0.422096 0.865387 0.270075 -0.632865 0.067980 0.771272
-0.666643 -25.722318 -38.249070 -44.308611 -0.467638 -0.698220 0.542036 0.851676 -0.191802 0.487709 -0.236564 0.689710 0.684352
-1.148680 -24.695946 -12.982653 -59.563085 -0.455228 -0.704438 0.544550 0.890259 -0.369994 0.265601 0.014381 0.605699 0.795564
-1.168339 -26.359183 33.244711 33.771171 -0.461324 -0.714447 0.526066 0.852753 -0.193361 0.485205 -0.244933 0.672442 0.698449
-0.864096 -26.868003 3.211237 222.583973 -0.478066 -0.710453 0.516440 0.758761 -0.037883 0.650267 -0.442419 0.702725 0.557175
-0.589324 -25.692619 2.050855 77.580012 -0.465944 -0.719015 0.515669 0.782325 -0.062510 0.619726 -0.413357 0.692178 0.591629
0.123063 -12.986364 -195.628382 7.929083 -0.240737 0.881266 0.406713 0.816832 0.410288 -0.405523 0.524243 -0.234591 0.818618
2.280700 -11.525542 -186.639675 -22.041911 -0.278366 0.874539 0.397106 0.746942 0.457029 -0.482910 0.603813 -0.162189 0.780451
0.461315 -13.382018 -114.636864 -37.213794 -0.319277 0.849124 0.420774 0.660511 0.517787 -0.543710 0.679549 -0.104332 0.726173
-1.021442 -13.825651 -91.976826 24.015322 -0.296864 0.865296 0.403898 0.715065 0.481764 -0.506543 0.632894 -0.138439 0.761761
-0.398849 -14.575885 -20.827164 -75.527670 -0.375639 0.824729 0.422750 0.541355 0.565507 -0.622202 0.752217 0.004866 0.658898
0.559878 -14.686764 -66.415247 -115.117501 -0.385545 0.802290 0.455725 0.484958 0.596385 -0.639641 0.784965 0.025603 0.619011
1.090376 -36.901006 -107.055193 -449.251282 0.501321 0.695781 -0.514360 0.843443 -0.525614 0.111056 -0.193084 -0.489508 -0.850353
1.006268 -31.032360 -54.520318 55.358929 0.543307 0.671043 -0.504498 -0.741310 0.665516 0.086879 -0.394051 -0.326788 -0.859031
0.770190 -34.412981 -44.026681 -53.158955 0.532888 0.680184 -0.503369 0.793617 -0.608139 0.018401 -0.293602 -0.409288 -0.863876
0.347240 -39.636491 -116.180058 -610.214519 0.485712 0.690644 -0.535812 0.871957 -0.425894 0.241464 -0.061433 -0.584487 -0.809074
5.727271 -243.761721 -121.661717 15408.496144 -0.368151 0.437929 0.820173 0.928518 0.127469 0.348721 0.048168 0.889927 -0.453553
10975.417860 -317487.233538 1027714.637380 -64991071.438802 -0.397258 0.119303 0.909919 0.858791 -0.301208 0.414429 0.323517 0.946066 0.017201
1.528954 -190.107411 -286.323055 8202.260450 -0.570085 0.220900 0.791332 0.595782 0.774375 0.213042 -0.565727 0.592913 -0.573068
-3.683396 -8.278501 -47.075384 35.858063 0.605694 -0.422937 0.673988 -0.122875 0.787163 0.604381 -0.786153 -0.448886 0.424811
-4.461148 -8.594039 -43.903267 31.433974 0.613500 -0.353509 0.706151 -0.229970 0.775473 0.588010 -0.755468 -0.523138 0.394456
-4.285670 -8.140727 -23.470434 56.091319 0.631310 -0.246548 0.735297 -0.219396 0.852613 0.474254 -0.743850 -0.460723 0.484172
-3.381912 -7.482717 -38.558556 57.701839 0.614893 -0.373306 0.694658 -0.069224 0.851912 0.519089 -0.785567 -0.367271 0.497993
-2.770419 -7.847071 -63.305528 57.199811 0.569768 -0.526813 0.630740 0.002187 0.768474 0.639878 -0.821803 -0.363202 0.439003
0.296537 -9.945864 70.514021 107.164595 0.782433 -0.499940 0.371294 0.529191 0.219500 -0.819620 -0.328262 -0.837783 -0.436307
-0.193887 -11.122736 58.002952 23.240883 0.735025 -0.522145 0.432553 0.513605 0.012272 -0.857939 -0.442660 -0.852768 -0.277197
-0.409525 -11.073199 49.970403 84.098564 0.754136 -0.522433 0.397924 0.555523 0.184325 -0.810814 -0.350248 -0.832519 -0.429229
0.188487 -11.187660 79.354657 37.290308 0.795445 -0.496221 0.347896 0.550624 0.351988 -0.756913 -0.253141 -0.793643 -0.553218
0.669634 -9.202957 112.431314 182.458611 0.817469 -0.473200 0.328369 0.516633 0.350376 -0.781234 -0.254627 -0.808281 -0.530893
-0.605456 -4.478112 -39.462119 73.639768 0.588409 0.174292 0.789555 -0.164278 0.981894 -0.094323 -0.791699 -0.074206 0.606388
-0.214739 -3.898335 -18.544004 68.476646 0.622433 -0.075791 0.778995 0.020923 0.996556 0.080240 -0.782393 -0.033645 0.621875
-0.969285 -4.574942 -7.266376 60.153400 0.624760 -0.061654 0.778379 -0.036734 0.993453 0.108173 -0.779953 -0.096176 0.618404
-0.556612 -4.408504 13.044765 68.447461 0.623614 -0.285486 0.727739 0.126723 0.955536 0.266257 -0.771393 -0.073820 0.632063
-1.581488 -5.296537 -8.131315 59.280079 0.590250 0.176887 0.787602 -0.224201 0.973231 -0.050555 -0.775461 -0.146741 0.614107
-1.747731 -5.299591 -8.943916 63.086891 0.623267 -0.088025 0.777039 -0.066280 0.984123 0.164648 -0.779195 -0.154122 0.607537
-1.174389 -5.040842 -1.191751 58.461085 0.622973 -0.264156 0.736292 0.064991 0.955481 0.287805 -0.779539 -0.131442 0.612407
1.749089 -30.956142 64.017469 -488.776196 0.112168 -0.965668 0.234316 0.984819 0.139470 0.103346 -0.132478 0.219167 0.966652
1.540285 -23.362379 67.139622 324.392534 -0.071190 0.962262 -0.262648 0.948567 0.146742 0.280513 -0.308469 0.229169 0.923216
1.231532 -23.425252 32.924672 466.368837 -0.086005 0.961417 -0.261306 0.948260 0.159450 0.274554 -0.305626 0.224173 0.925386
-4.490398 -9.101993 -195.205285 -329.230314 0.935290 0.353840 -0.005426 -0.178266 0.457848 -0.870974 0.305702 -0.815581 -0.491299
-4.041355 -12.757020 -287.926108 -461.257649 0.906805 0.401371 -0.128861 -0.328928 0.482511 -0.811782 0.263649 -0.778514 -0.569565
-6.870734 -9.738047 -99.346099 -307.779731 0.901919 0.431303 0.022791 -0.217595 0.499340 -0.838637 0.373087 -0.751423 -0.544214
-5.142499 -6.926458 101.292935 -146.779679 0.741243 -0.057960 0.668730 0.563375 0.595344 -0.572865 0.364920 -0.801378 -0.473948
-6.974831 -9.167437 131.541914 -121.565772 0.726070 -0.081277 0.682800 0.529273 0.699968 -0.479494 0.438966 -0.709534 -0.551244
-6.931770 -10.852932 19.871777 -29.001475 0.974294 0.176512 -0.139983 0.121361 -0.934737 -0.333975 0.189798 -0.308401 0.932130
-7.192685 -11.282028 -16.448800 -80.993977 0.954140 0.214923 -0.208385 0.102908 -0.889162 -0.445871 0.281116 -0.403979 0.870503
-7.177388 -10.749983 -34.861712 -17.940936 0.949771 0.223466 -0.219086 0.138824 -0.928275 -0.345011 0.280470 -0.297267 0.912671
-7.672201 -10.654910 -59.565417 3.418347 0.927842 0.226168 -0.296576 -0.147925 0.953100 0.264044 0.342385 -0.201120 0.917782
-7.132184 -10.460373 -18.593550 -29.313629 0.962023 0.205820 -0.179301 -0.159385 0.956803 0.243153 0.221602 -0.205341 0.953272
-17.302779 -138.793151 85.825434 8489.800262 0.953052 0.064644 0.295827 0.213122 0.550803 -0.806966 0.215108 -0.832128 -0.511167
-13.465330 -55.151857 521.613175 2869.092817 0.956634 0.108982 0.270137 0.209602 0.386458 -0.898174 0.202282 -0.915845 -0.346856
-4.709377 -33.192970 222.587072 1808.094067 0.823105 0.068414 0.563753 0.491294 0.412119 -0.767325 0.284830 -0.908558 -0.305606
-3.269218 -5.177240 -44.704501 -21.964789 0.550951 0.833132 -0.048407 0.567853 -0.416764 -0.709824 0.611552 -0.363590 0.702714
-2.549705 -5.148925 -57.475824 -57.119894 0.657920 0.742350 -0.126718 0.491785 -0.550945 -0.674245 0.570341 -0.381281 0.727555
-2.845526 -5.694887 -54.726890 10.380540 0.675964 0.718197 -0.165124 0.399116 -0.545148 -0.737238 0.619499 -0.432443 0.655144
-2.478837 -3.985206 -13.813971 -89.391699 0.427961 0.900899 0.072320 0.716737 -0.289552 -0.634388 0.550579 -0.323328 0.769625
-2.726376 -4.481116 59.248574 -53.740603 0.211232 0.956085 0.203179 0.770835 -0.035133 -0.636065 0.600994 -0.290975 0.744406
-0.311137 -7.715500 -44.250005 -39.081594 0.219014 -0.326002 -0.919650 0.466332 0.862889 -0.194825 0.857069 -0.386193 0.341010
0.193809 -9.085726 9.761095 178.774226 0.201208 -0.312086 -0.928503 0.487728 0.853954 -0.181337 0.849492 -0.416371 0.324035
0.131262 -8.862850 -11.429315 140.785339 0.179408 -0.376063 -0.909060 0.528753 0.816096 -0.233254 0.829598 -0.438820 0.345258
-0.587738 -9.102976 -33.903772 -134.323259 0.163995 -0.417228 -0.893883 0.484274 0.823494 -0.295527 0.859409 -0.384419 0.337102
0.090523 -8.985762 31.960929 49.357243 0.130584 -0.428388 -0.894109 0.538881 0.787653 -0.298679 0.832199 -0.442816 0.333705
0.669101 -10.961064 24.261046 281.388311 0.162062 -0.380718 -0.910379 0.608704 0.764705 -0.211439 0.776670 -0.519885 0.355674
-1.330750 -14.248308 23.960331 39.457287 0.149287 -0.410288 -0.899654 0.673690 0.708197 -0.211183 0.723778 -0.574561 0.382131
-1.951646 -15.208931 -20.902285 -53.341511 0.157563 -0.392770 -0.906039 0.594261 0.770486 -0.230664 0.788688 -0.502079 0.354807
-1.025763 -13.868878 -28.498555 -44.812030 0.173638 -0.436028 -0.883023 0.592655 0.762369 -0.259911 0.786518 -0.478197 0.390790
-1.236743 -13.604390 -48.995854 112.512568 0.177576 -0.453258 -0.873512 0.677421 0.700150 -0.225590 0.713840 -0.551676 0.431376
-2.780755 -18.584545 -65.503206 305.889395 -0.229809 0.332966 0.914506 0.959698 0.233710 0.156074 -0.161762 0.913517 -0.373256
-2.665943 -16.090295 -57.211118 320.832207 -0.170763 0.315626 0.933392 0.983849 0.106228 0.144073 -0.053679 0.942919 -0.328668
-2.004997 -14.366151 -30.439452 442.653893 -0.189246 0.328999 0.925173 0.975792 -0.042167 0.214595 0.109613 0.943388 -0.313055
-1.508966 -15.856326 -32.965261 514.659807 -0.243729 0.354237 0.902836 0.961409 -0.034259 0.272983 0.127631 0.934528 -0.332217
-2.338305 -18.429514 -22.732461 354.367366 -0.252218 0.323195 0.912102 0.961364 0.191122 0.198118 -0.110292 0.926832 -0.358913
-1.358442 -11.194670 -27.630644 410.990368 -0.176829 0.345012 0.921791 0.945750 -0.199791 0.256204 0.272559 0.917088 -0.290966
-1.231613 -9.053860 -28.993019 269.002886 -0.116357 0.321792 0.939633 0.948334 -0.245160 0.201393 0.295168 0.914520 -0.276640
-1.517387 -9.612515 -10.479202 434.869381 -0.087124 0.303842 0.948731 0.965055 -0.210522 0.156045 0.247142 0.929172 -0.274882
0.842131 -27.128798 31.037916 82.241017 0.334796 -0.256253 -0.906778 0.644912 -0.639307 0.418778 -0.687023 -0.724997 -0.048777
0.329086 -28.901114 73.116826 118.934373 0.351842 -0.222099 -0.909329 0.788186 -0.453740 0.415792 -0.504946 -0.863013 0.015410
0.402786 -27.656072 -75.145483 196.259461 -0.359250 0.223650 0.906047 -0.549385 0.734125 -0.399045 -0.754398 -0.641125 -0.140864
0.218134 -25.682302 -2.689873 277.850618 -0.323864 0.233726 0.916779 -0.452976 0.812417 -0.367139 -0.830617 -0.534183 -0.157241
0.211287 -24.953124 -18.003457 521.165849 -0.329543 0.228584 0.916052 -0.290779 0.898515 -0.328814 -0.898248 -0.374727 -0.229632
0.508724 -25.582962 -40.105672 271.457598 -0.343438 0.251372 0.904910 -0.352783 0.858428 -0.372351 -0.870399 -0.447116 -0.206137
14.310652 1.446473 141.063659 59.670538 0.958340 -0.215139 -0.187884 0.114119 0.891398 -0.438619 -0.261843 -0.398905 -0.878813
12.874057 1.239179 310.391334 -302.406993 0.987102 -0.137086 -0.082688 0.071628 0.840092 -0.537694 -0.143176 -0.524836 -0.839076
13.872889 0.437881 186.123118 -319.157409 0.945250 -0.284275 -0.160281 0.145478 0.806687 -0.572793 -0.292128 -0.518115 -0.803877
10.640185 -3.394470 215.783157 -494.611532 0.985144 -0.138431 -0.101625 0.058673 0.827488 -0.558410 -0.161394 -0.544151 -0.823317
1.946253 -24.850332 80.440602 217.750469 -0.227921 0.397274 0.888946 0.860756 0.508973 -0.006769 -0.455139 0.763623 -0.457961
1.966115 -26.344075 42.430532 328.496976 -0.225670 0.395661 0.890239 0.933300 0.349816 0.081113 -0.279326 0.849165 -0.448213
1.338351 -25.733906 0.793306 -178.114445 -0.274191 0.402155 0.873551 0.803808 0.594504 -0.021390 -0.527931 0.696302 -0.486263
32.425878 -11.342062 -1826.347988 -102.844919 0.613580 0.025010 -0.789236 -0.159867 0.982734 -0.093144 0.773280 0.183324 0.606985
38.086620 -10.544930 -2042.945281 -142.206470 0.575034 -0.037810 -0.817256 -0.019140 0.998036 -0.059640 0.817906 0.049937 0.573181
8.363280 -9.775178 -502.637165 -137.879737 0.592586 0.016090 -0.805346 -0.013745 0.999857 0.009862 0.805390 0.005226 0.592723
60.375192 -11.740761 -2820.644786 -2.606548 0.394740 -0.031365 -0.918257 -0.186160 0.975958 -0.113362 0.899736 0.215692 0.379411
4.156046 -11.271659 -349.625000 -142.339817 0.589765 0.030012 -0.807017 -0.145404 0.986924 -0.069559 0.794377 0.158367 0.586417
6.209940 -12.045708 -488.338621 -21.506268 0.614421 0.070700 -0.785804 -0.312212 0.936465 -0.159864 0.724576 0.343562 0.597457
48.675312 -12.991283 -2577.661689 56.400858 0.615139 0.118743 -0.779425 -0.342190 0.930837 -0.128253 0.710289 0.345605 0.613227
0.480117 -34.232487 -45.211061 -189.017188 -0.073874 0.122202 0.989752 0.721255 -0.678855 0.137650 0.688719 0.724033 -0.037989
0.832508 -33.281117 -85.388881 -333.019433 -0.093981 0.149289 0.984317 0.900563 -0.408765 0.147981 0.424446 0.900347 -0.096028
0.219969 -30.991944 -41.901567 -317.267027 -0.088982 0.146381 0.985218 0.897148 -0.417902 0.143119 0.432674 0.896622 -0.094139
0.831866 -35.456808 -55.473419 43.210615 -0.061057 0.119551 0.990949 0.712093 -0.690471 0.127176 0.699425 0.713413 -0.042973
2.234194 -27.408756 21.443486 156.804843 -0.235341 0.379842 0.894614 0.164386 0.922762 -0.348549 -0.957910 0.065034 -0.279605
3.149957 -27.863969 42.062743 342.652965 -0.214003 0.397240 0.892414 0.423440 0.861007 -0.281718 -0.880285 0.317596 -0.352466
1.855394 -29.546723 91.152880 139.133143 -0.199845 0.339898 0.918984 0.259725 0.922730 -0.284803 -0.944778 0.181767 -0.272683
0.567238 -28.034840 43.575369 4.457520 -0.220473 0.282854 0.933480 0.138286 0.956427 -0.257146 -0.965541 0.072394 -0.249981
0.902335 -26.912346 154.588773 -97.510077 -0.189481 0.318610 0.928754 -0.008984 0.945288 -0.326114 -0.981843 -0.070136 -0.176252
2.092704 -28.929519 94.243491 269.193891 -0.195634 0.289255 0.937048 0.438577 0.880439 -0.180215 -0.877142 0.375712 -0.299104
-2.669060 -9.971674 -285.337984 -41.284273 -0.333988 -0.633598 -0.697857 -0.260901 0.773587 -0.577490 0.905750 -0.010803 -0.423675
-2.045482 -9.065241 -296.369960 76.601335 -0.296959 -0.650888 -0.698685 -0.405261 0.748433 -0.524987 0.864626 0.127251 -0.486034
5.138494 -9.436417 -1024.964060 -6.441116 -0.163105 -0.670002 -0.724220 -0.346497 0.726192 -0.593789 0.923762 0.154090 -0.350599
3.144414 -9.781399 -761.663815 -44.942463 -0.226671 -0.626759 -0.745515 -0.194770 0.779147 -0.595815 0.954298 0.010150 -0.298684
-0.673250 -22.435407 -4.701075 41.255910 0.194621 -0.048444 -0.979682 0.954840 -0.219247 0.200527 -0.224506 -0.974466 0.003586
-0.781825 -23.944884 7.179287 -126.837202 0.225563 -0.050867 -0.972900 0.963834 -0.133839 0.230459 -0.141935 -0.989697 0.018838
-0.574852 -23.981647 3.800609 162.228756 0.213353 -0.060500 -0.975100 0.911340 -0.347332 0.220952 -0.352051 -0.935788 -0.018968
-0.655382 -23.907227 -20.118136 299.341875 0.197962 -0.066519 -0.977950 0.874341 -0.439022 0.206851 -0.443101 -0.896011 -0.028749
2.081119 -72.243397 -207.999376 -4003.165665 0.199568 -0.184038 -0.962446 -0.575487 0.772952 -0.267133 0.793087 0.607187 0.048345
-2.476527 -45.952346 -397.794735 -3734.305501 -0.007050 0.063166 -0.997978 -0.305550 0.950136 0.062297 0.952150 0.305372 0.012602
3.156397 -146.435407 215.719038 8302.797304 -0.292091 0.060920 0.954448 0.861569 -0.416479 0.290250 0.415189 0.907102 0.069163
-1.351571 -10.608912 -11.035180 -228.909383 -0.000585 -0.627865 -0.778322 0.245403 0.754432 -0.608777 0.969421 -0.191358 0.153638
-2.710230 -7.921164 22.383795 -93.609206 0.022135 0.718937 0.694722 0.365715 0.640908 -0.674900 0.930464 -0.269009 0.248740
-3.054623 -8.091484 -28.352336 -65.454365 0.027072 -0.561089 -0.827313 0.370618 0.774267 -0.512985 0.928391 -0.292729 0.228911
-1.666687 -9.783356 -15.956815 -253.860844 0.030690 0.730339 0.682395 0.300067 0.644493 -0.703270 0.953424 -0.226348 0.199371
-0.029213 -13.082012 -34.474371 -298.804914 0.026417 -0.498399 -0.866545 0.106755 0.863297 -0.493276 0.993934 -0.079478 0.076013
0.788528 -16.299776 76.132455 -331.433209 -0.030477 -0.570090 -0.821016 0.032846 0.820383 -0.570870 0.998996 -0.044366 -0.006278
1.380120 -33.309905 -84.340366 -1683.403155 0.868194 0.493287 0.053926 -0.496196 0.861813 0.105200 -0.005419 0.118092 -0.992988
1.610709 -47.181512 10.384624 -2321.242247 0.909092 0.410548 0.070729 -0.408584 0.845528 0.343718 -0.081309 0.341370 -0.936406
1.917941 -54.537743 -40.786646 -2598.176920 0.891609 0.452635 0.012418 -0.413331 0.802376 0.430523 -0.184906 0.388991 -0.902494
0.328919 -42.943459 -58.318484 -2312.993951 0.862436 0.502285 0.062566 -0.506164 0.855457 0.109503 -0.001479 0.126108 -0.992015
-1.818643 -13.842606 -71.385228 50.087376 0.605204 -0.044527 -0.794824 -0.377118 0.863258 -0.335510 0.701078 0.502794 0.505656
-0.720886 -13.204043 -161.219207 42.798086 0.618752 -0.015810 -0.785428 -0.421750 0.836815 -0.349095 0.662777 0.547257 0.511113
-1.323077 -12.666498 -61.345097 -148.378606 0.584719 -0.018780 -0.811018 -0.211758 0.961538 -0.174937 0.783110 0.274029 0.558253
-10.137750 -15.265871 -13.075492 542.221410 0.963531 -0.194964 -0.183293 0.264775 0.595418 0.758532 0.038751 0.779401 -0.625326
-8.702138 -13.213573 36.952049 108.685784 0.860407 0.220986 0.459200 -0.474618 0.675619 0.564161 0.185572 0.703352 -0.686191
-11.353728 -14.773524 46.567862 308.177745 0.986578 -0.162190 0.018909 0.100700 0.695485 0.711449 0.128541 0.699996 -0.702483
-6.922119 -11.950787 -46.068988 111.725915 0.755793 0.305077 0.579401 -0.637855 0.543060 0.546101 0.148046 0.782313 -0.605036
2.150269 -7.417840 2.215367 62.251772 0.734187 0.652419 0.187935 -0.401223 0.193613 0.895285 -0.547714 0.732710 -0.403913
2.194645 -7.944453 -29.254470 33.696639 0.715633 0.670734 0.194898 -0.466487 0.251283 0.848084 -0.519864 0.697834 -0.492716
2.667358 -7.661954 18.846747 -14.909840 0.713500 0.651263 0.258407 -0.540479 0.276894 0.794489 -0.445870 0.706531 -0.549558
-2.320457 -7.690491 101.848182 -19.363604 0.833906 0.504859 0.222978 -0.417293 0.841174 -0.343938 -0.361203 0.193764 0.912133
-0.768461 -7.540973 112.363397 -32.671477 0.816617 0.547960 0.181318 -0.451381 0.802083 -0.391047 -0.359711 0.237492 0.902334
-1.959291 -7.937409 109.006348 -47.711922 0.821133 0.531857 0.207048 -0.412906 0.804036 -0.427826 -0.394016 0.265810 0.879827
-0.343290 -7.946397 132.485187 -70.432165 0.810351 0.562078 0.165530 -0.434084 0.765631 -0.474742 -0.393577 0.312853 0.864419
0.694189 -7.887791 93.654854 -51.146582 0.793110 0.586007 0.166049 -0.452082 0.749073 -0.484264 -0.408165 0.309007 0.859021
0.620756 -7.411607 79.424912 -25.782515 0.787395 0.592326 0.170758 -0.492268 0.770908 -0.404195 -0.371054 0.234203 0.898592
-2.207909 -10.861761 -37.951319 1.150875 0.670074 -0.529690 0.520028 -0.145730 0.593062 0.791859 -0.727849 -0.606387 0.320203
-2.041764 -10.503517 12.396835 -54.506502 0.673357 -0.523191 0.522361 -0.088155 0.644686 0.759348 -0.734043 -0.557361 0.387982
-1.469183 -10.679812 -6.256266 7.643480 0.659019 -0.515148 0.548012 -0.193974 0.587558 0.785589 -0.726683 -0.624018 0.287286
-7.245081 -20.637302 117.450154 877.671443 -0.083267 -0.658156 0.748263 0.996343 -0.069406 0.049825 0.019141 0.749675 0.661529
-3.957354 -25.245614 173.313376 2296.898746 0.052769 -0.732235 0.679004 0.985821 0.146656 0.081540 -0.159287 0.665074 0.729592
-0.198596 -28.183811 -31.427531 -241.318285 -0.136034 0.962129 -0.236226 0.808102 0.245699 0.535353 -0.573119 0.118069 0.810922
-0.376893 -23.882211 -50.673543 17.922420 -0.134694 0.963252 -0.232386 0.706528 0.257794 0.659060 -0.694749 0.075416 0.715288
7.279719 -1.781894 -233.116650 -210.561212 0.311862 0.595239 0.740562 -0.463728 -0.584937 0.665436 -0.829276 0.550944 -0.093610
6.402384 -1.876301 -169.909791 162.228632 0.221324 0.568042 0.792682 0.521999 0.617582 -0.588311 -0.823731 0.543986 -0.159832
7.672568 -1.716461 -107.513950 -14.499630 0.179743 0.435601 0.882011 0.547173 0.700838 -0.457632 -0.817493 0.564869 -0.112378
6.013976 -4.687524 -26.438346 -176.630974 -0.652547 0.689137 0.315075 0.645141 0.723370 -0.246024 -0.397460 0.042726 -0.916624
7.496519 -2.966822 83.501864 -110.239776 -0.641907 0.645953 0.413159 0.579359 0.761543 -0.290509 -0.502293 0.052887 -0.863078
7.411181 -2.678793 -62.120867 -42.814476 -0.756000 0.599246 0.263378 0.531731 0.796876 -0.286795 -0.381740 -0.076771 -0.921076
-0.769965 -8.378779 -37.909486 -91.570360 0.605696 -0.522587 0.600029 0.324272 0.850748 0.413613 -0.726623 -0.055951 0.684755
-0.760599 -8.137471 -36.906927 -61.512430 0.611277 -0.490696 0.620933 0.336397 0.871278 0.357367 -0.716364 -0.009570 0.697661
-0.413924 -8.208513 -13.135566 -40.077448 0.625561 -0.474259 0.619477 0.286770 0.878214 0.382757 -0.725559 -0.061790 0.685380
-1.250254 -8.053013 -39.755749 7.077901 0.587314 -0.550572 0.593239 0.437974 0.832580 0.339100 -0.680619 0.060665 0.730122
-0.822295 -8.406136 -37.773334 -86.916900 0.590979 -0.562165 0.578545 0.306104 0.819824 0.483931 -0.746354 -0.108898 0.656580
-1.102481 -9.036831 -27.533875 -128.075041 0.588000 -0.577739 0.566104 0.379322 0.815103 0.437861 -0.714403 -0.042727 0.698429
1.748774 -8.599679 -65.281185 29.666590 0.650085 -0.484218 0.585596 0.489949 0.856176 0.164051 -0.580810 0.180265 0.793829
-1.458993 -23.275027 3.409385 175.439567 -0.447018 -0.722682 0.527168 0.837378 -0.545335 -0.037523 0.314601 0.424665 0.848932
-1.101248 -23.186739 -19.984158 105.394230 -0.465541 -0.709836 0.528588 0.869490 -0.478252 0.123541 0.165105 0.517115 0.839841
-1.588896 -21.777850 23.297692 231.110970 0.467131 0.717457 -0.516763 0.785295 -0.605231 -0.130411 0.406325 0.344892 0.846138
-1.243049 -24.925748 -2.214954 83.465806 -0.477673 -0.722016 0.500520 0.878516 -0.396597 0.266311 0.006224 0.566924 0.823746
-1.433003 -23.608073 7.191855 223.659940 -0.482353 -0.720002 0.498931 0.833383 -0.552636 0.008188 0.269832 0.419750 0.866603
2.391523 -11.509166 -182.699718 14.800166 -0.214972 0.911675 0.350193 0.870401 0.341478 -0.354675 0.442932 -0.228563 0.866931
3.699151 -10.089343 -95.473770 60.996649 -0.262957 0.909938 0.320729 0.815006 0.387407 -0.430908 0.516352 -0.148086 0.843476
4.039438 -10.046644 -186.791192 -19.158250 -0.280250 0.888283 0.363886 0.754112 0.438282 -0.489106 0.593949 -0.137339 0.792693
3.278238 -10.878113 -145.575462 -125.297085 -0.326022 0.863012 0.385900 0.683289 0.497216 -0.534689 0.653319 -0.089361 0.751791
0.917380 -5.695461 5.356506 -21.409507 0.712118 0.673281 0.198947 -0.663752 0.737991 -0.121666 -0.228736 -0.045411 0.972429
0.681563 -5.989162 -4.255643 50.776384 0.714256 0.668585 0.206960 -0.672907 0.737322 -0.059600 -0.192444 -0.096695 0.976532
0.728050 -5.639044 -33.684821 -26.652662 0.676896 0.699624 0.228775 -0.694130 0.710130 -0.117894 -0.244942 -0.078998 0.966314
-4.715390 -8.696985 -32.496747 43.702160 0.630223 -0.294152 0.718535 -0.281182 0.776162 0.564367 -0.723709 -0.557716 0.406445
-4.912969 -8.848651 -25.525535 6.053321 0.627311 -0.363613 0.688670 -0.314987 0.690277 0.651384 -0.712225 -0.625542 0.318485
-5.390562 -8.949100 1.971581 21.737728 0.635967 -0.299554 0.711205 0.435906 -0.621048 -0.651372 -0.636814 -0.724270 0.264388
-5.140172 -8.865458 -4.159566 6.843420 0.651775 -0.222264 0.725112 -0.385678 0.726100 0.569238 -0.653025 -0.650675 0.387531
-0.072754 -11.593470 0.131038 0.443349 0.694258 -0.555024 0.458208 0.454301 -0.155845 -0.877111 -0.558227 -0.817105 -0.143951
0.303860 -10.911580 72.998107 65.086139 0.742414 -0.517136 0.425902 0.495519 -0.003971 -0.868588 -0.450869 -0.855894 -0.253302
-0.756579 -12.063797 25.577554 -28.690364 0.691595 -0.527969 0.492895 0.470679 -0.188188 -0.862002 -0.547867 -0.828151 -0.118354
-0.893603 -11.431211 -4.013967 -42.959525 0.672058 -0.530441 0.516691 0.381891 -0.349535 -0.855561 -0.634427 -0.772306 0.032337
-0.485983 -11.433892 -37.322756 -46.842302 0.673270 -0.557887 0.485253 0.358802 -0.327322 -0.874140 -0.646506 -0.762642 0.020206
1.570176 -28.844521 17.615597 -170.151321 -0.103576 0.964531 -0.242800 0.948649 0.169158 0.267303 -0.298894 0.202645 0.932522
-1.213160 -12.096986 -236.027733 -307.415919 0.947450 0.309646 -0.080357 -0.241762 0.528563 -0.813740 0.209497 -0.790406 -0.575647
-0.841757 -12.938406 -531.158557 -168.140261 0.937816 0.289895 -0.190951 -0.338099 0.638125 -0.691726 0.078678 -0.713272 -0.696457
-7.196162 -11.725605 -39.991418 -75.389029 0.942658 0.247147 -0.224309 0.071953 -0.806746 -0.586501 0.325913 -0.536730 0.778268
-7.668235 -11.585134 -65.748042 -82.405710 0.920194 0.287419 -0.265770 0.114559 -0.846909 -0.519251 0.374326 -0.447365 0.812247
-6.961732 -11.762425 26.507065 -81.763546 0.968789 0.171789 -0.178707 0.042157 -0.824600 -0.564143 0.244275 -0.539002 0.806106
-6.962432 -11.435364 34.780221 -102.329610 0.980021 0.155862 -0.123555 0.087102 -0.894800 -0.437888 0.178807 -0.418378 0.890499
-37.722421 -154.690844 -281.964092 10240.441564 0.978720 0.020366 0.204186 0.164270 0.518561 -0.839112 0.122972 -0.854798 -0.504181
-2.350776 -5.786058 -11.384176 -1.966982 0.704659 0.687383 -0.175955 0.381977 -0.576480 -0.722333 0.597954 -0.441788 0.668786
-2.053430 -5.125283 -37.857033 -85.393126 0.720240 0.671485 -0.174247 0.434970 -0.632787 -0.640611 0.540422 -0.385601 0.747834
-2.084183 -3.859454 -73.680466 -144.545707 0.669322 0.735015 -0.108447 0.543472 -0.583882 -0.603092 0.506602 -0.344725 0.790266
19.049024 -10.010988 1745.840401 5.108794 -0.705720 -0.156233 -0.691050 -0.054855 0.984505 -0.166558 0.706364 -0.079635 -0.703355
76.175785 -11.428945 5144.848895 45.839507 -0.668639 -0.199966 -0.716196 -0.157414 0.979398 -0.126491 0.726735 0.028162 -0.686341
12.454317 -8.914070 1858.663882 39.522015 -0.739552 -0.215595 -0.637637 -0.166551 0.976471 -0.136988 0.652168 0.004890 -0.758059
42.230958 -10.559524 2120.047485 54.392708 -0.446206 -0.123788 -0.886328 -0.084985 0.991773 -0.095731 0.890886 0.032609 -0.453055
-1.402324 -9.223119 577.955537 51.718536 -0.599010 -0.353915 -0.718284 -0.201802 0.934792 -0.292302 0.774896 -0.030141 -0.631370
32.109578 -10.092911 2086.988868 52.750561 -0.538740 -0.070247 -0.839538 0.058617 0.990977 -0.120534 0.840431 -0.114148 -0.529761
10.127072 -9.878806 1281.555523 26.748942 -0.660058 -0.152101 -0.735656 0.033004 0.972471 -0.230675 0.750490 -0.176538 -0.636867
-0.524062 -9.774435 422.371717 23.951957 -0.571908 -0.357804 -0.738172 -0.091355 0.922044 -0.376151 0.815215 -0.147688 -0.560011
0.038413 -9.436077 -65.413517 208.192454 0.597543 -0.037204 -0.800973 0.648829 0.609365 0.455736 0.471130 -0.792016 0.388261
-0.228503 -9.814461 -27.607070 43.345762 0.604808 -0.011982 -0.796281 0.717746 0.441407 0.538516 0.345032 -0.897227 0.275567
-0.689039 -9.305118 -23.031946 133.081895 0.604953 -0.005385 -0.796243 0.663105 0.557009 0.500033 0.440822 -0.830489 0.340535
-0.497809 -9.955296 1.559376 -135.450866 0.221518 -0.282609 -0.933307 0.426196 0.888893 -0.168004 0.877090 -0.360556 0.317353
-2.331773 -15.421938 -44.861804 25.769181 0.151574 -0.414139 -0.897505 0.885610 0.460167 -0.062772 0.438998 -0.785325 0.436515
-2.741613 -15.814612 -40.369015 16.962952 0.153622 -0.385762 -0.909719 0.947450 0.318947 0.024745 0.280606 -0.865714 0.414487
-2.716461 -15.298985 -68.726671 54.224116 0.159772 -0.391239 -0.906314 0.862604 0.501747 -0.064529 0.479987 -0.771480 0.417650
-2.456112 -16.073579 -18.237995 33.719321 0.141785 -0.405391 -0.903081 0.956110 0.292401 0.018853 0.256420 -0.866118 0.429056
-2.114950 -14.987464 -38.268779 59.533823 0.150887 -0.424934 -0.892560 0.888631 0.453870 -0.065858 0.433091 -0.783220 0.446093
-2.821778 -18.195638 -23.762353 234.291737 -0.176215 0.285563 0.942020 0.962215 0.251784 0.103668 -0.207582 0.924694 -0.319141
0.081220 -29.019652 30.464058 191.147810 0.343071 -0.234481 -0.909572 0.775995 -0.474885 0.415110 -0.529277 -0.848235 0.019037
-0.013513 -28.204070 76.594018 226.140107 0.361214 -0.216697 -0.906955 0.890704 -0.207690 0.404365 -0.275990 -0.953891 0.117992
-0.496895 -26.609804 32.416065 353.894410 0.348130 -0.256599 -0.901644 0.862565 -0.288995 0.415286 -0.367133 -0.922301 0.120726
2.279412 -3.068828 82.782730 148.080537 0.986224 0.164687 -0.015495 -0.121916 0.786992 0.604797 -0.111797 0.594576 -0.796229
3.185136 -4.420733 46.345916 87.847007 0.982235 0.171652 -0.075825 -0.097330 0.811481 0.576217 -0.160439 0.558600 -0.813772
2.933690 -4.858475 104.939827 90.298853 0.976591 0.214685 0.013400 -0.187043 0.816780 0.545789 -0.106228 0.535519 -0.837816
1.966621 -27.593919 9.037268 264.016850 -0.214711 0.390888 0.895045 0.970982 0.184253 0.152459 -0.105321 0.901808 -0.419106
2.638428 -24.651059 44.881593 199.697732 -0.191781 0.395454 0.898240 0.977609 0.157736 0.139283 -0.086605 0.904840 -0.416851
3.011002 -23.681093 29.217206 54.390098 -0.163551 0.407434 0.898470 0.976965 -0.059656 0.204891 0.137078 0.911284 -0.388292
23.558122 -9.449842 -1220.898438 -133.011242 0.516248 -0.068265 -0.853714 0.122418 0.992464 -0.005332 0.847645 -0.101758 0.520715
43.336740 -10.441216 -2162.052486 -35.780788 0.371743 -0.084412 -0.924490 -0.009448 0.995462 -0.094692 0.928288 0.043935 0.369259
0.058802 -29.497405 -104.003675 -365.647474 -0.122022 0.172138 0.977486 0.979753 -0.136608 0.146362 0.158727 0.975555 -0.151984
0.784245 -40.228758 -73.811749 -451.492471 -0.096825 0.131432 0.986585 0.903532 -0.404128 0.142512 0.417437 0.905211 -0.079624
0.547112 -32.352986 -90.036514 -459.149704 -0.127371 0.150543 0.980364 0.982559 -0.115857 0.145447 0.135478 0.981791 -0.133161
0.831468 -7.769153 361.440278 127.641252 -0.541513 -0.474887 -0.693719 -0.406911 0.870132 -0.278019 0.735654 0.131731 -0.664424
5.212061 -8.146886 -1005.646421 66.070305 -0.167651 -0.672355 -0.720994 -0.488224 0.691988 -0.531780 0.856464 0.262853 -0.444272
-3.662172 -7.265376 -13.970974 31.077963 0.020980 -0.648058 -0.761302 0.432710 0.692341 -0.577431 0.901289 -0.317308 0.294946
-3.482960 -6.912348 45.386951 -5.339584 0.029470 0.801381 0.597428 0.444724 0.524760 -0.725843 0.895183 -0.287081 0.340929
-2.385798 -7.563912 9.049721 -92.532211 0.074062 0.840387 0.536903 0.380786 0.473758 -0.794075 0.921692 -0.263256 0.284920
2.493728 -8.484604 95.683955 -38.461411 0.315606 -0.027317 -0.948497 0.801014 0.543541 0.250878 0.508694 -0.838938 0.193426
1.345424 -6.341960 60.779739 -96.354770 0.361031 0.018908 -0.932362 0.801528 0.504743 0.320605 0.476665 -0.863063 0.167073
2.256723 -6.413562 63.984706 -107.331044 0.446882 0.043571 -0.893531 0.801607 0.423908 0.421579 0.397144 -0.904657 0.154510
3.196582 -7.605322 85.585932 -94.190736 0.419073 0.009653 -0.907901 0.820144 0.424982 0.383085 0.389539 -0.905150 0.170182
-2.915187 -16.251963 11.720655 64.212735 0.128898 -0.305545 -0.943413 0.936096 0.351464 0.014069 0.327277 -0.884938 0.331323
-3.035860 -16.584644 -3.550119 86.853533 0.123282 -0.298762 -0.946331 0.918807 0.394676 -0.004905 0.374959 -0.868891 0.323162
-2.847613 -15.245450 43.909452 88.601070 0.123132 -0.309821 -0.942788 0.851535 0.520859 -0.059952 0.509634 -0.795435 0.327958
-3.147055 -17.207659 -10.329609 21.824410 0.137164 -0.294349 -0.945804 0.985508 0.136755 0.100362 0.099802 -0.945863 0.308841
-2.846786 -15.887024 35.683307 11.014795 0.137335 -0.297316 -0.944850 0.976381 0.201258 0.078588 0.166793 -0.933326 0.317934
2.805815 -25.730219 -50.669521 -953.579813 0.846854 0.510559 0.148888 -0.531353 0.824069 0.196402 0.022419 0.245436 -0.969154
2.143780 -28.191237 -34.508649 -667.855233 0.844283 0.509567 0.165917 -0.532864 0.765355 0.360953 -0.056944 0.393158 -0.917706
2.549786 -22.814044 -46.321566 -964.944140 0.847407 0.511264 0.143215 -0.526307 0.844441 0.099597 0.070016 0.159774 -0.984667
0.548289 -12.115070 -217.581357 22.996963 0.682642 -0.110665 -0.722325 0.485156 -0.670551 0.561235 0.546465 0.733563 0.404056
-1.815354 -13.381952 -103.025284 49.611381 0.652959 -0.119277 -0.747942 0.433651 -0.750759 0.498306 0.620960 0.649719 0.438490
-2.843912 -13.265687 -38.637397 -13.453028 0.680931 -0.177201 -0.710586 0.484733 -0.618274 0.618685 0.548969 0.765726 0.335107
-1.517442 -11.834597 -78.207690 -124.315176 0.726760 -0.204052 -0.655883 0.524970 -0.450782 0.721943 0.442974 0.868998 0.220489
-5.374064 -15.767130 -205.463815 577.168794 0.981886 -0.011961 -0.189096 0.160780 0.580643 0.798125 -0.100251 0.814071 -0.572048
-4.635888 -12.178246 -152.845325 427.532992 0.989302 0.109082 -0.096867 0.037846 0.449365 0.892546 -0.140889 0.886663 -0.440430
-1.005642 -15.694807 -1000.951327 434.994768 0.926900 0.357043 -0.115656 -0.316344 0.909073 0.271132 -0.201946 0.214725 -0.955568
-6.502514 -12.851200 1219.751658 63.606840 -0.879262 -0.438965 0.184955 -0.363421 0.869208 0.335265 -0.307934 0.227569 -0.923790
-8.439339 -13.299588 -369.706221 22.380068 0.866876 0.481904 0.127648 -0.498522 0.838424 0.220274 0.000872 0.254585 -0.967050
-7.709818 -13.496533 -351.554957 -41.869549 0.889275 0.442397 0.116082 -0.454603 0.882839 0.118035 0.050264 0.157737 -0.986201
-5.209575 -13.595658 -555.064787 25.343073 0.948653 0.311920 0.052576 -0.314114 0.948528 0.040326 0.037291 0.054770 -0.997802
3.889375 -18.457221 -878.656794 94.095782 0.965850 0.258894 0.010339 -0.259053 0.964145 0.057578 -0.004938 0.058290 -0.998287
18.876764 -49.089652 -1460.738011 4199.695830 0.974832 0.222801 0.007903 -0.193843 0.829557 0.523698 -0.110124 0.512049 -0.851868
-10.675871 -11.993775 -51.967317 6.783112 0.529987 0.474000 -0.703163 -0.547550 0.824453 0.143062 0.647536 0.309195 0.696488
-10.722685 -12.294306 0.082881 -35.828540 0.290214 0.775376 -0.560864 0.587091 -0.607093 -0.535502 0.755712 0.173868 0.631403
-11.072315 -12.518127 49.652399 -21.003166 0.229581 0.648455 -0.725809 -0.552705 0.700681 0.451180 0.801130 0.297576 0.519268
-10.772337 -11.495043 -102.580537 59.465612 0.606679 0.538613 -0.584668 -0.511990 0.827368 0.230931 0.608118 0.159244 0.777711
-10.237353 -11.409687 -133.276639 -40.304666 0.798157 0.124349 -0.589477 -0.257730 0.954887 -0.147537 0.544537 0.269683 0.794198
1.532181 -7.880299 -81.084320 56.738381 0.716080 0.684075 0.138822 -0.386561 0.223044 0.894887 -0.581206 0.694473 -0.424153
0.495414 -5.276852 -21.641070 24.535342 0.765269 0.593442 0.249379 0.638355 -0.749508 -0.175330 -0.082864 -0.293367 0.952402
0.362051 -5.370024 -46.382637 102.256197 0.809976 0.531867 0.247095 0.574892 -0.803360 -0.155280 -0.115918 -0.267826 0.956469
0.486368 -4.972721 -49.450548 -22.960482 0.747776 0.613375 0.254169 0.657964 -0.735876 -0.159902 -0.088957 -0.286805 0.953850
