18341
36668
-5.144395 -8.288823 12.636064 -132.883652 -0.429993 0.894830 0.119937 0.901525 0.418418 0.110360 0.048570 0.155580 -0.986628
-6.523788 -9.644833 78.517399 137.214775 -0.194350 0.973589 0.119802 -0.969343 -0.171897 -0.175573 0.150342 0.150252 -0.977150
-6.813035 -9.654828 -1.250261 -204.512040 0.298698 0.943605 0.142791 0.951171 -0.306551 0.036062 0.077801 0.125047 -0.989096
-5.277110 -9.432485 -28.277021 -123.224636 -0.378039 0.915032 0.140723 0.913404 0.343866 0.217828 0.150930 0.210884 -0.965789
-4.718823 -7.490966 65.161140 -99.178994 -0.266608 0.958713 0.098944 0.963804 0.265026 0.029043 0.001621 0.103106 -0.994669
-3.699070 -7.079524 -34.430864 -64.174405 -0.483765 0.866300 0.124481 0.874767 0.483075 0.037702 -0.027473 0.127131 -0.991505
-4.686125 -7.617581 -59.989043 -71.710183 -0.645416 0.747362 0.157760 0.763335 0.638533 0.097956 -0.027527 0.183646 -0.982607
-5.212194 -8.739368 -46.586141 -121.471243 -0.570874 0.805310 0.159931 0.818460 0.542758 0.188514 0.065008 0.238515 -0.968961
2.440436 -8.684803 -11.001078 91.040257 0.177381 0.928742 -0.325536 -0.285379 0.365110 0.886146 -0.941857 0.064285 -0.329807
2.580850 -9.503619 -20.743173 86.686697 0.284228 0.858222 -0.427398 -0.264162 0.498629 0.825583 -0.921647 0.121752 -0.368435
3.578656 -7.707058 -13.411207 91.732020 0.193542 0.929160 -0.314967 -0.169424 0.347867 0.922108 -0.966352 0.125104 -0.224749
3.684719 -7.193240 31.066361 125.033263 0.107931 0.974709 -0.195687 -0.205685 0.214471 0.954828 -0.972648 0.062806 -0.223631
5.002317 -8.188489 5.167888 -12.457476 0.237544 0.926226 -0.292708 -0.065794 0.315983 0.946481 -0.969146 0.205573 -0.136000
4.828900 -6.905260 20.295476 80.370578 0.126284 0.970845 -0.203745 -0.102833 0.217094 0.970719 -0.986650 0.101635 -0.127251
-2.727061 -3.487285 -88.998137 -138.742018 -0.782835 0.569064 0.251666 0.528482 0.821573 -0.213831 -0.328445 -0.034393 -0.943897
-1.208134 -3.380371 -52.929957 124.986262 -0.356533 0.923980 0.138369 -0.869741 -0.382333 0.312044 -0.341226 0.009091 -0.939937
-0.737515 -2.221709 30.785041 -63.166274 -0.905225 0.256920 0.338467 0.222746 0.965212 -0.136934 -0.361873 -0.048564 -0.930961
12.708550 -7.892636 -199.627282 -54.846713 0.572351 0.786428 -0.232262 -0.576526 0.587344 0.568018 -0.583123 0.191200 -0.789563
14.844813 -5.400270 -147.284476 -36.225319 0.706006 0.694511 -0.138598 -0.488467 0.619236 0.614774 -0.512792 0.366334 -0.776430
13.583916 -7.684991 -286.880060 39.707209 0.619858 0.735762 -0.272818 -0.422752 0.606007 0.673822 -0.661102 0.302340 -0.686683
8.783994 -9.133401 -163.601362 42.606723 0.532079 0.760304 -0.372599 -0.419783 0.619053 0.663744 -0.735305 0.196754 -0.648548
9.708763 -9.402333 -269.372748 -63.324952 0.451706 0.803705 -0.387323 -0.604434 0.595005 0.529743 -0.656217 0.005177 -0.754555
0.565451 -3.072667 -4.726328 -22.225259 0.521480 0.787667 0.328085 0.827181 -0.561017 0.032112 0.209355 0.254640 -0.944102
0.327477 -2.760241 27.747723 -35.047302 0.484031 0.805035 0.342977 0.855577 -0.517622 0.007518 0.183584 0.289804 -0.939314
0.457540 -2.560086 7.143676 -33.587083 0.520170 0.789312 0.326205 0.838726 -0.544157 -0.020756 0.161124 0.284394 -0.945071
0.192823 -2.596078 -21.786428 -18.903684 0.507132 0.804836 0.308312 0.847233 -0.531176 -0.006972 0.158157 0.264748 -0.951260
0.297029 -2.690434 -22.956785 -15.566406 0.556198 0.769080 0.314896 0.807676 -0.589480 0.013114 0.195711 0.247040 -0.949036
-1.678027 -5.425272 -41.271187 53.120175 -0.590339 0.781256 0.202826 -0.015709 -0.262358 0.964843 -0.807002 -0.566398 -0.167153
-0.226687 -4.561016 -115.313913 39.494984 -0.609501 0.789274 0.074538 -0.054676 -0.135646 0.989248 -0.790898 -0.598872 -0.125830
-1.360703 -4.584229 -84.124945 34.795177 -0.586578 0.809379 0.028840 -0.043255 -0.066867 0.996824 -0.808736 -0.583468 -0.074232
0.718089 -3.865294 -147.732344 22.638238 -0.606016 0.793692 -0.052883 -0.069023 0.013762 0.997520 -0.792452 -0.608164 -0.046443
-2.375283 -5.331603 -31.809904 36.785704 -0.560601 0.819339 0.120038 -0.025522 -0.161985 0.986463 -0.827692 -0.549949 -0.111720
-2.251625 -4.721586 -64.851295 18.612233 -0.564824 0.819581 -0.096232 -0.065748 0.071550 0.995268 -0.822588 -0.568478 -0.013472
-0.787022 -4.100465 -98.738081 17.850970 -0.582345 0.798725 -0.151369 -0.089119 0.122353 0.988477 -0.808042 -0.589125 0.000070
0.147410 -6.225065 -120.685664 -19.223051 -0.519968 -0.816594 -0.250614 0.802691 -0.366789 -0.470269 0.292096 -0.445690 0.846191
2.087379 -6.065145 -214.863406 -21.672181 -0.518833 -0.822842 -0.231825 0.825271 -0.411350 -0.386936 0.223026 -0.392074 0.892489
-1.334331 -6.313773 -78.723779 -14.512461 -0.493081 -0.820562 -0.289050 0.837041 -0.356898 -0.414711 0.237134 -0.446433 0.862824
3.018775 -6.232624 -341.255653 -20.971919 -0.515868 -0.831632 -0.205595 0.794033 -0.374095 -0.479129 0.321547 -0.410416 0.853327
1.597558 -6.157761 -218.251449 -9.059221 -0.535979 -0.814355 -0.222604 0.760457 -0.351193 -0.546231 0.366649 -0.462049 0.807514
-0.589560 -5.630091 19.976606 0.075691 -0.261544 0.961888 -0.079787 -0.544936 -0.078930 0.834754 -0.796643 -0.261804 -0.544811
-0.430747 -5.460608 19.969992 10.757360 -0.239863 0.965070 -0.105385 -0.617677 -0.067963 0.783490 -0.748960 -0.253024 -0.612403
-0.634219 -5.595142 24.521820 3.807236 -0.258141 0.961839 -0.090714 -0.611224 -0.089880 0.786338 -0.748177 -0.258432 -0.611100
-0.472141 -5.403321 8.100748 -17.301983 -0.215545 0.967351 -0.133311 -0.704167 -0.059396 0.707545 -0.676527 -0.246381 -0.693980
-0.864594 -5.791790 34.648560 -8.758991 -0.273572 0.959841 -0.062156 -0.528572 -0.096035 0.843439 -0.803598 -0.263595 -0.533618
-0.876518 -5.507017 10.167191 11.311579 -0.287463 0.953829 -0.087034 -0.621741 -0.116710 0.774479 -0.728563 -0.276747 -0.626584
-0.996404 -5.873665 14.736189 -2.456683 -0.299337 0.951603 -0.069632 -0.557471 -0.115198 0.822165 -0.774354 -0.284922 -0.564974
-0.600118 -5.428934 14.903963 -23.684189 -0.253859 0.961304 -0.107007 -0.696646 -0.104970 0.709694 -0.670999 -0.254708 -0.696336
1.280757 -8.864047 13.979061 -4.061257 -0.150776 0.980019 0.129731 0.675798 0.197960 -0.710006 0.721501 0.019380 0.692142
0.935709 -9.074657 0.509053 88.071525 -0.151610 0.977509 0.146598 0.737442 0.210618 -0.641732 0.658175 -0.010814 0.752787
1.286035 -9.365785 -0.009318 -14.332969 -0.149513 0.979844 0.132482 0.699586 0.199519 -0.686128 0.698731 0.009902 0.715316
1.246112 -9.504746 7.732118 -104.314225 -0.145663 0.982877 0.112848 0.621620 0.179663 -0.762437 0.769656 0.040910 0.637147
1.177005 -9.173802 9.022487 -84.025550 -0.137496 0.983305 0.119192 0.621335 0.179338 -0.762746 0.771387 0.030816 0.635620
3.323537 -18.698627 12.801300 192.853496 0.076765 0.962824 -0.258993 0.273058 -0.270130 -0.923293 0.958930 -0.000156 0.283643
2.677856 -19.144979 -130.245637 172.482712 0.181712 0.964637 -0.190938 0.346027 -0.244476 -0.905813 0.920460 -0.098527 0.378214
3.758365 -18.581060 -19.212386 -192.355921 0.116688 0.959004 -0.258253 0.613178 -0.274117 -0.740860 0.781279 0.071906 0.620026
1.969421 -16.999710 -95.833138 328.342321 0.144393 0.965663 -0.215976 0.078392 -0.228741 -0.970326 0.986410 -0.123178 0.108729
3.619845 -18.290786 44.410897 8.688404 0.037663 0.950658 -0.307947 0.421025 -0.294575 -0.857883 0.906267 0.097343 0.411345
3.712711 -16.841579 25.177473 208.079817 0.017602 0.957202 -0.288885 0.157913 -0.287965 -0.944531 0.987296 0.028993 0.156224
2.822500 -16.417788 23.096544 345.490946 0.071556 0.962817 -0.260507 -0.021521 -0.259625 -0.965470 0.997204 -0.074692 -0.002143
1.493757 -29.139414 -90.102347 -684.187602 -0.158707 0.968400 -0.192388 -0.749680 -0.244998 -0.614782 0.642489 -0.046660 -0.764873
0.873820 -25.183303 51.058096 -517.522085 -0.164057 0.977194 -0.134825 -0.725185 -0.212129 -0.655063 0.668724 0.009695 -0.743448
1.406276 -24.718925 -51.767314 -576.365855 -0.120873 0.984161 -0.129676 -0.548174 -0.175086 -0.817833 0.827584 0.027769 -0.560655
1.163115 -9.107279 -67.874829 206.538796 0.180380 0.889872 -0.419036 -0.748799 0.400477 0.528128 -0.637780 -0.218511 -0.738573
0.545243 -5.788828 -45.422559 79.492362 0.140828 0.913846 -0.380859 -0.710609 0.361159 0.603820 -0.689349 -0.185607 -0.700249
0.845822 -7.555967 -54.638718 243.297187 0.206974 0.870066 -0.447378 -0.728430 0.442311 0.523211 -0.653109 -0.217593 -0.725329
5.512512 -12.056360 658.011464 -204.453522 0.851167 -0.332051 0.406518 -0.157348 0.577445 0.801124 0.500756 0.745855 -0.439254
0.102752 -10.880899 502.737496 -170.683109 0.868883 -0.330539 0.368492 -0.081737 0.638386 0.765365 0.488223 0.695131 -0.527665
-2.400142 -14.099810 300.573330 -165.176567 0.871455 -0.254983 0.418986 -0.252104 0.499900 0.828579 0.420725 0.827698 -0.371358
16.487228 -8.168793 1128.121878 -238.243548 0.870862 -0.309292 0.382017 -0.067729 0.694281 0.716510 0.486838 0.649855 -0.583675
25.389371 -10.438082 1481.317118 -197.224313 0.884973 -0.294340 0.360813 -0.130129 0.587667 0.798570 0.447089 0.753666 -0.481767
-0.903093 -17.037591 50.690435 -151.551979 -0.121613 0.991101 -0.054123 0.733812 0.053056 -0.677278 0.668379 0.122082 0.733734
-0.442446 -15.574719 51.007702 -172.643672 -0.168355 0.985491 -0.021541 0.839154 0.131821 -0.527678 0.517182 0.106913 0.849172
-1.228297 -17.667208 15.632684 -232.037147 -0.096296 0.994996 -0.026657 0.786939 0.059707 -0.614135 0.609470 0.080116 0.788751
-0.493653 -15.358603 8.995925 -303.163560 -0.155857 0.987660 0.015390 0.904069 0.148909 -0.400607 0.397955 0.048524 0.916121
-0.982697 -17.615642 64.466417 -318.984386 -0.102636 0.994201 -0.032100 0.885941 0.076691 -0.457414 0.452300 0.075386 0.888674
-1.866551 -19.467934 44.088799 -177.911839 -0.058220 0.996803 -0.054722 0.728926 0.004992 -0.684574 0.682112 0.079744 0.726886
-0.611579 -22.002694 5.795033 201.002945 0.569193 -0.456851 0.683598 -0.236057 0.705618 0.668117 -0.787589 -0.541656 0.293790
-0.859586 -23.815770 -31.234090 126.980653 0.558435 -0.480802 0.676002 -0.434960 0.524192 0.732142 -0.706371 -0.702888 0.083598
-0.733940 -22.702820 19.082907 188.756547 0.576499 -0.446707 0.684180 -0.395451 0.580200 0.712030 -0.715030 -0.681044 0.157833
-1.039073 -26.377453 1.855328 129.744388 -0.526837 0.514834 -0.676305 0.585032 -0.357566 -0.727931 -0.616587 -0.779162 -0.112815
-0.803378 -27.222397 35.592915 67.401029 -0.520538 0.535176 -0.665302 0.706452 -0.167675 -0.687613 -0.479548 -0.827932 -0.290795
-0.806564 -27.638194 -9.008206 96.446055 -0.555037 0.511399 -0.656052 0.682215 -0.171399 -0.710778 -0.475938 -0.842077 -0.253751
-0.855143 -27.188677 8.961139 176.844697 -0.561255 0.505113 -0.655633 0.698683 -0.135483 -0.702486 -0.443662 -0.852353 -0.276873
-0.974980 -26.778423 9.580671 103.235586 0.554285 -0.489572 0.673117 0.546172 -0.396309 -0.737994 -0.628064 -0.776697 -0.047723
3.620326 -1.918446 76.662888 19.769322 -0.164804 0.963868 -0.209280 0.982412 0.179296 0.052141 0.087780 -0.197007 -0.976465
3.167553 -1.600184 10.247707 -4.375906 -0.348658 0.910411 -0.222686 0.929610 0.366189 0.041613 0.119430 -0.192502 -0.974002
2.974797 -1.629992 50.431569 56.607943 -0.211450 0.963499 -0.164190 0.971292 0.225879 0.074636 0.108999 -0.143695 -0.983601
3.721672 -2.148657 43.227891 -8.744346 -0.273579 0.927452 -0.254924 0.955293 0.292891 0.040381 0.112117 -0.232480 -0.966117
3.352018 -2.130160 132.542467 18.145682 -0.102926 0.984828 -0.139712 0.993283 0.109228 0.038191 0.052872 -0.134842 -0.989455
3.948709 -2.372083 76.190833 6.826140 -0.093763 0.970312 -0.222944 0.994427 0.102117 0.026220 0.048208 -0.219243 -0.974479
4.148175 -2.642750 18.880378 7.551485 -0.191722 0.938190 -0.288171 0.977137 0.209960 0.033465 0.091901 -0.275167 -0.956994
31.326456 -330.787919 53.498652 128.163924 -0.552667 0.608429 0.569538 0.816491 0.532262 0.223697 -0.167040 0.588653 -0.790940
-11.123609 -276.407068 -273.819495 -13864.469563 0.033461 0.237175 0.970890 0.744327 -0.654201 0.134159 0.666977 0.718170 -0.198426
114.401328 -879.657061 7650.207145 -35222.830219 -0.350772 0.152916 0.923892 0.921564 -0.118904 0.369569 0.166367 0.981060 -0.099213
-11.611569 -258.820905 -626.636021 13161.486727 -0.487061 -0.119753 0.865119 -0.335785 0.940094 -0.058915 -0.806238 -0.319189 -0.498095
-7.217272 -96.656886 585.704183 -4755.874733 -0.786287 0.534257 0.310358 0.367311 0.808098 -0.460500 -0.496825 -0.248087 -0.831636
43.300733 -128.658399 2512.783273 35812.655651 -0.236328 0.130447 0.962877 0.522434 0.852585 0.012721 -0.819275 0.506047 -0.269639
-6.401833 -139.445443 547.280032 3808.663431 -0.004568 -0.133559 -0.991030 -0.098012 0.986329 -0.132473 0.995175 0.096528 -0.017596
-4.969320 -372.925390 379.806375 -9227.174730 0.057183 0.170507 -0.983696 0.665544 0.727923 0.164862 0.744165 -0.664120 -0.071855
16.849437 -724.823629 -119.675697 45190.698951 0.048986 0.027293 -0.998426 -0.329370 0.944152 0.009649 0.942929 0.328379 0.055240
0.497424 -7.502859 5.881485 -55.635367 -0.238725 0.968859 -0.065753 0.805891 0.235438 0.543239 -0.541802 -0.076695 0.837000
0.358113 -7.044433 -3.703061 -68.098493 -0.239912 0.969142 -0.056630 0.784566 0.227914 0.576638 -0.571751 -0.093912 0.815035
0.364482 -6.820518 -4.396227 -76.843013 -0.259022 0.963069 -0.073521 0.746235 0.247868 0.617814 -0.613221 -0.105164 0.782879
0.466972 -7.179438 0.458593 -72.653532 -0.255185 0.963705 -0.078442 0.751531 0.248736 0.611008 -0.608343 -0.096969 0.787728
-1.565182 -6.778199 -15.780123 5.521589 -0.489975 0.739983 -0.460815 0.240556 0.622865 0.744427 -0.837889 -0.253899 0.483196
-1.388278 -6.799258 25.480765 2.621370 -0.433031 0.787354 -0.438815 0.262878 0.575976 0.774046 -0.862195 -0.219831 0.456393
-1.732683 -6.721014 5.514916 -29.123644 -0.458246 0.769357 -0.445084 0.166692 0.566259 0.807195 -0.873055 -0.295702 0.387731
-1.239722 -6.754606 7.130291 47.645772 -0.450936 0.777890 -0.437658 0.334100 0.601803 0.725404 -0.827668 -0.180890 0.531268
-1.733068 -6.702083 -11.381123 -27.527164 -0.488509 0.733249 -0.472975 0.132503 0.598107 0.790386 -0.862439 -0.323441 0.389338
-1.360598 -6.747829 -18.115332 10.871678 -0.521268 0.708668 -0.475467 0.218300 0.649341 0.728493 -0.825000 -0.275946 0.493183
-1.273964 -6.700247 -7.369279 21.061578 -0.508355 0.720361 -0.471863 0.309814 0.664247 0.680287 -0.803486 -0.199638 0.560852
-1.166593 -6.598648 4.290127 26.849904 -0.474282 0.753254 -0.455703 0.350832 0.636461 0.686902 -0.807449 -0.165911 0.566127
-1.454996 -6.708011 -10.116432 -24.388082 -0.509616 0.715128 -0.478417 0.126197 0.612152 0.780605 -0.851097 -0.337434 0.402209
-0.016496 -7.790908 -2.619733 -29.091944 -0.318302 0.947753 0.021189 0.296148 0.078179 0.951937 -0.900544 -0.309279 0.305560
0.132662 -6.922379 -16.326777 -24.012564 -0.342627 0.939198 -0.022669 0.208823 0.099662 0.972862 -0.915969 -0.328595 0.230273
0.119995 -7.195912 0.580414 -37.721125 -0.330399 0.943389 -0.029206 0.124457 0.074219 0.989445 -0.935600 -0.323277 0.141933
1.492231 -4.807289 109.929319 -54.455237 -0.107878 0.986109 -0.126299 -0.971329 -0.077474 0.224762 -0.211855 -0.146924 -0.966194
1.225356 -5.475275 98.955250 -27.030736 -0.189159 0.975963 -0.108232 -0.932272 -0.143883 0.331913 -0.308363 -0.163686 -0.937080
3.015031 -4.315658 115.526203 -42.677724 -0.076952 0.982256 -0.171031 -0.975380 -0.038607 0.217125 -0.206669 -0.183528 -0.961044
2.543540 -4.339971 137.619273 -46.826665 -0.050851 0.988773 -0.140510 -0.983953 -0.025507 0.176598 -0.171031 -0.147235 -0.974202
0.856794 -21.972171 120.796829 -418.533228 -0.232284 0.968616 -0.088466 -0.324217 0.008645 0.945943 -0.917021 -0.248410 -0.312034
0.840348 -20.130746 120.927339 -71.688402 -0.253316 0.964667 -0.072446 -0.517087 -0.071731 0.852922 -0.817589 -0.253520 -0.516987
-0.274644 -21.856087 142.465452 -512.450874 -0.231057 0.966405 -0.112575 -0.368280 0.020224 0.929495 -0.900546 -0.256225 -0.351235
-4.793168 -7.613612 24.739786 -20.540576 0.668634 -0.076387 -0.739657 -0.395236 0.806054 -0.440529 0.629854 0.586892 0.508765
-4.908152 -7.762149 -25.834418 24.252811 0.739115 -0.072744 -0.669640 0.404424 -0.747090 0.527540 0.538656 0.660731 0.522766
-5.444960 -7.546428 16.172672 -0.386056 0.729622 -0.050519 -0.681982 -0.360020 0.819500 -0.445876 0.581409 0.570848 0.579737
-5.884675 -7.645681 54.226705 8.426787 0.767612 -0.079474 -0.635969 0.380349 -0.742175 0.551826 0.515856 0.665478 0.539474
-0.381219 -7.276968 -193.306751 12.148940 0.311475 0.946201 -0.087677 -0.763146 0.194101 -0.616387 0.566208 -0.258899 -0.782547
-2.280459 -7.722353 -145.654423 16.492835 0.353745 0.935239 -0.013874 -0.705452 0.257032 -0.660509 0.614167 -0.243439 -0.750690
0.467834 -7.285158 -203.792015 0.817865 0.274816 0.952569 -0.130727 -0.701541 0.105677 -0.704750 0.657508 -0.285386 -0.697308
-2.928625 -7.594860 -115.027436 17.204897 0.413430 0.909123 0.050700 -0.744177 0.369455 -0.556511 0.524669 -0.192348 -0.829292
2.408503 -6.982168 -189.228228 10.814618 0.238164 0.962304 -0.131333 -0.751478 0.096920 -0.652601 0.615272 -0.254120 -0.746233
1.656127 -6.753608 -198.365426 7.441647 0.281266 0.953903 -0.104683 -0.809891 0.177446 -0.559097 0.514749 -0.242037 -0.822467
-1.080390 -6.998049 -161.444680 4.959559 0.365545 0.930016 -0.038043 -0.803463 0.294641 -0.517333 0.469919 -0.219675 -0.854938
-0.593670 -1.230113 -177.400154 22.088024 0.917471 0.103146 0.384199 0.049924 0.928309 -0.368442 -0.394659 0.357215 0.846547
-1.394376 -2.960719 -23.406024 -110.829171 -0.085091 -0.928145 0.362363 0.931381 0.055104 0.359851 -0.353961 0.368118 0.859768
-0.640290 -1.237743 -158.621981 -12.202921 0.859606 -0.188173 0.475046 0.333167 0.911312 -0.241887 -0.387399 0.366197 0.846063
-1.532807 -2.860456 32.630104 -106.611359 0.259368 0.927458 -0.269349 0.898578 -0.129531 0.419260 -0.353957 0.350774 0.866990
-0.687316 -1.612555 -150.445003 59.187983 0.906922 0.275482 0.318752 -0.124704 0.898224 -0.421477 -0.402420 0.342497 0.848972
-0.841841 -6.499299 41.736961 47.942005 0.761015 0.529605 -0.374666 0.623574 -0.437890 0.647617 -0.178919 0.726478 0.663489
-0.046410 -6.579526 47.099718 48.734023 0.753474 0.523381 -0.397931 0.638820 -0.439618 0.631384 -0.155516 0.729938 0.665587
-0.222579 -5.974262 68.231818 -46.009040 0.750347 0.520960 -0.406915 0.612466 -0.316269 0.724472 -0.248726 0.792827 0.556382
-1.086494 -5.861828 72.112774 -32.664626 0.760049 0.521092 -0.388315 0.594702 -0.316788 0.738901 -0.262022 0.792533 0.550669
-0.330472 -5.687284 108.277130 -130.521226 0.764526 0.497946 -0.409329 0.559716 -0.197860 0.804717 -0.319716 0.844335 0.429978
0.093883 -5.888839 34.527827 -134.649781 0.731023 0.536795 -0.421257 0.597361 -0.205068 0.775311 -0.329796 0.818412 0.470570
0.022821 -6.036380 19.416871 8.830781 0.821847 0.556401 -0.122416 -0.568445 0.815173 -0.111195 -0.037921 -0.160972 -0.986230
0.146051 -5.884966 33.776821 61.844738 0.831113 0.544938 -0.110881 -0.555982 0.810058 -0.186253 0.011676 -0.216445 -0.976225
-0.050501 -6.077804 33.158970 108.302930 0.831009 0.544762 -0.112509 -0.555959 0.820034 -0.135844 -0.018259 -0.175438 -0.984321
-0.159602 -6.139297 19.790565 42.850126 0.826332 0.550541 -0.118661 -0.561543 0.821499 -0.099040 -0.042955 -0.148473 -0.987983
-0.218894 -6.357885 6.682846 49.569926 0.836903 0.532923 -0.124849 -0.547255 0.810414 -0.209145 0.010279 -0.243358 -0.969882
-0.805958 -8.762351 -13.994130 -16.399575 0.854669 0.488824 -0.174905 -0.266181 0.123332 -0.956000 0.445745 -0.863620 -0.235524
-0.683717 -8.216193 -10.636798 21.511787 0.853838 0.493437 -0.165776 -0.325935 0.258480 -0.909371 0.405867 -0.830487 -0.381528
-0.619747 -8.457037 9.497205 -68.006569 0.840490 0.515898 -0.165608 -0.276110 0.144824 -0.950152 0.466198 -0.844319 -0.264167
-0.786861 -16.309852 -31.623043 -34.189891 0.923493 0.322759 -0.207333 -0.040968 0.620358 0.783248 -0.381421 0.714830 -0.586119
-1.047879 -16.229660 -143.690808 183.017939 0.918947 0.333001 -0.211297 0.066274 0.397758 0.915094 -0.388772 0.854926 -0.343449
-1.226807 -16.822334 -92.912320 -88.526844 0.926349 0.323842 -0.192362 -0.038398 0.589226 0.807056 -0.374703 0.740229 -0.558264
-0.399684 -15.319233 -83.349846 157.748814 0.914795 0.305292 -0.264475 0.150197 0.350714 0.924360 -0.374954 0.885323 -0.274977
-0.703421 -17.449311 -69.905393 -180.425537 0.930820 0.326384 -0.164461 -0.139897 0.733905 0.664689 -0.337642 0.595699 -0.728794
-0.301649 -15.627251 49.216512 65.554047 0.945900 0.260464 -0.193474 0.008319 0.576632 0.816962 -0.324352 0.774373 -0.543269
-0.419678 -16.169480 61.159551 -18.061482 0.941726 0.306588 -0.138402 -0.141610 0.734548 0.663616 -0.305119 0.605345 -0.735159
-0.736859 -16.538233 66.748147 -75.579923 0.948036 0.298915 -0.108983 -0.164472 0.753653 0.636362 -0.272353 0.585369 -0.763654
-2.164947 -11.839962 2.649701 -27.841499 0.944225 -0.329302 0.000184 -0.101442 -0.291401 -0.951207 -0.313288 -0.898135 0.308553
-2.214627 -12.669926 13.042048 -18.085316 0.936692 -0.348603 0.032921 -0.060161 -0.252845 -0.965635 -0.344947 -0.902522 0.257810
-2.067633 -12.410796 12.229744 -38.450909 0.944675 -0.327547 -0.017393 -0.065112 -0.135289 -0.988664 -0.321481 -0.935099 0.149132
1.772758 -9.477395 75.550346 121.457323 0.930101 -0.162185 0.329558 0.267110 0.914529 -0.303791 0.252120 -0.370584 -0.893925
1.735801 -8.373253 -52.035414 84.275305 -0.913362 0.227367 -0.337749 0.298621 0.937981 -0.176118 0.276759 -0.261719 -0.924612
2.861047 -9.612668 75.263716 91.953231 0.912075 -0.230335 0.339212 0.333721 0.897677 -0.287762 0.238221 -0.375662 -0.895616
3.092067 -12.085027 74.426376 192.826361 0.929985 -0.186579 0.316727 0.311777 0.856798 -0.410723 0.194739 -0.480714 -0.854980
4.301547 -7.751461 302.757689 -37.037150 0.488841 0.657149 0.573750 0.004468 0.655794 -0.754926 0.872362 -0.371602 -0.317643
6.254462 -8.794742 -194.175505 -85.189756 -0.581072 -0.586409 -0.564340 -0.016089 0.701560 -0.712429 0.813693 -0.404892 -0.417091
6.340446 -7.377200 -229.514039 -42.324199 -0.537410 -0.625563 -0.565563 0.065442 0.637680 -0.767516 0.840778 -0.449483 -0.301757
0.403750 -7.113294 -68.277144 9.674455 -0.889046 0.294972 -0.350126 0.330984 0.942494 -0.046413 0.316302 -0.157150 -0.935552
1.417480 -8.390140 -2.901920 -71.488094 -0.888329 0.319128 -0.330195 0.317817 0.946281 0.059536 0.331457 -0.052054 -0.942033
1.887681 -8.248895 -48.186149 11.711249 -0.895149 0.297078 -0.332345 0.330186 0.942764 -0.046612 0.299476 -0.151460 -0.942005
-0.959935 -7.197986 -8.871631 -2.114390 0.884836 0.443014 -0.144232 -0.381421 0.511028 -0.770304 0.267549 -0.736606 -0.621152
-1.012836 -7.076575 21.086756 -16.290886 0.890555 0.442389 -0.105843 -0.382088 0.601263 -0.701777 0.246819 -0.665413 -0.704490
-0.828049 -7.435546 21.520523 -6.353540 0.884399 0.454193 -0.107456 -0.364946 0.529428 -0.765846 0.290952 -0.716530 -0.633981
-0.827229 -7.381981 21.364250 -20.510096 0.885243 0.454600 -0.098405 -0.398638 0.632516 -0.664087 0.239651 -0.627106 -0.741151
-0.860986 -7.643921 0.112003 33.444883 0.878964 0.455211 -0.142145 -0.363025 0.445395 -0.818436 0.309250 -0.770978 -0.556739
-0.812295 -7.863490 15.514345 36.710220 0.867101 0.479653 -0.134419 -0.368737 0.436623 -0.820605 0.334915 -0.761113 -0.555462
-0.796240 -7.489041 8.207924 -13.143009 0.878857 0.464257 -0.109889 -0.372124 0.522933 -0.766854 0.298553 -0.714847 -0.632345
132.004566 -14.831317 -7110.312502 275.980312 0.625148 0.692264 -0.360501 0.377315 0.136281 0.916003 -0.683245 0.708660 0.176006
8455.677588 -415.144976 -456900.912099 24125.233889 0.696949 0.645610 -0.312168 0.456008 -0.063025 0.887741 -0.553460 0.761062 0.338329
16.945838 -8.619880 -1075.733862 13.782871 0.659360 0.651795 -0.374710 0.443404 0.065364 0.893936 -0.607155 0.755573 0.245910
189.233230 -20.923262 -10703.733128 -511.959401 0.745573 0.530473 -0.403384 0.407253 0.116449 0.905861 -0.527509 0.839666 0.129215
18.918811 -10.576975 -1198.188397 121.635465 0.622113 0.630694 -0.463898 0.412227 0.239871 0.878937 -0.665616 0.738029 0.110763
44.346507 -11.091048 -2513.079708 31.032032 0.522046 0.665350 -0.533645 0.406296 0.356127 0.841485 -0.749927 0.656112 0.084415
95.141824 -12.349159 -5041.043644 -48.891634 0.648899 0.609290 -0.455737 0.391602 0.246107 0.886611 -0.652363 0.753789 0.078900
3.210064 -5.431529 -128.925602 -16.870522 0.872933 0.429295 0.231720 0.124336 0.263520 -0.956607 0.471730 -0.863865 -0.176659
1.517651 -5.790244 -16.066023 -80.777463 0.875896 0.458557 0.150106 0.077720 0.172951 -0.981859 0.476199 -0.871673 -0.115848
2.549584 -5.069263 -77.519181 -63.344530 0.852975 0.458980 0.248537 0.186452 0.176811 -0.966423 0.487513 -0.870675 -0.065238
0.338245 -18.135710 51.379074 -88.934156 0.943816 0.322665 -0.071402 -0.309067 0.785347 -0.536383 0.116997 -0.528315 -0.840949
0.931750 -20.782068 72.277997 -136.599898 0.954031 0.294562 -0.055293 -0.288193 0.850988 -0.439049 0.082273 -0.434801 -0.896760
0.891642 -19.481724 51.640925 49.688334 0.926864 0.360763 -0.103791 -0.343226 0.702417 -0.623544 0.152047 -0.613564 -0.774868
0.138939 -18.123433 20.979468 3.368608 0.928018 0.355596 -0.111058 -0.348001 0.721086 -0.599108 0.132958 -0.594631 -0.792929
2.309473 -3.122039 -51.605592 -41.929916 0.386409 0.875173 -0.291136 0.779668 -0.478580 -0.403831 0.492754 0.070946 0.867272
2.166765 -3.747843 -16.896666 -62.354686 0.406500 0.858630 -0.312271 0.750614 -0.508711 -0.421654 0.520900 0.062992 0.851290
1.679693 -3.585506 -1.554755 -23.640289 0.489668 0.807585 -0.328682 0.715308 -0.587634 -0.378180 0.498557 0.049926 0.865418
1.472162 -2.937584 -57.478385 -6.522679 0.479236 0.816596 -0.321721 0.741021 -0.572884 -0.350274 0.470341 0.070538 0.879661
1.911264 -2.813177 -33.223024 -46.488580 0.387673 0.865732 -0.316572 0.783300 -0.490439 -0.381982 0.485953 0.099887 0.868258
3.967348 -49.537756 155.647622 -1523.296881 0.825374 0.428261 -0.367900 -0.542728 0.781400 -0.307994 -0.155575 -0.453880 -0.877377
2.062819 -66.861822 -87.049308 -2836.725924 -0.837248 -0.386402 0.386923 -0.422069 0.906529 -0.007991 -0.347669 -0.169998 -0.922077
4.161398 -77.632632 -35.327156 -2927.949188 -0.809643 -0.391953 0.436865 -0.434124 0.900846 0.003673 -0.394988 -0.186680 -0.899519
7.307085 -79.334374 135.949398 -4016.106053 0.789581 0.408107 -0.458269 -0.592842 0.700116 -0.397965 -0.158429 -0.585907 -0.794741
7.593183 -86.059129 -302.573865 -3756.671747 -0.817033 -0.268121 0.510459 -0.414174 0.888832 -0.196057 -0.401145 -0.371604 -0.837254
4.861460 -62.609845 -224.875103 142.240557 -0.825983 -0.309816 0.470920 -0.186975 0.938702 0.289619 -0.531782 0.151170 -0.833280
4.850520 -32.519770 -51.183453 907.736363 0.811409 0.417248 -0.409291 -0.486188 0.093171 -0.868873 0.324402 -0.904004 -0.278461
5.093918 -59.222978 4.139653 2446.327139 0.825588 0.387375 -0.410300 -0.341110 -0.236612 -0.909758 0.449499 -0.891042 0.063206
4.490343 -43.351336 142.417258 1234.679741 0.775014 0.500199 -0.386206 -0.342471 -0.181172 -0.921895 0.531101 -0.846745 -0.030893
4.081546 -34.826675 121.703081 772.888057 0.762438 0.531605 -0.368897 -0.490249 0.102504 -0.865534 0.422309 -0.840767 -0.338772
6.455969 -29.469407 143.165103 130.116572 0.758921 0.504412 -0.411834 -0.604220 0.309648 -0.734191 0.242810 -0.806032 -0.539774
9.786134 -1746.758141 -2291.389617 511463.915543 0.875385 0.472551 -0.101966 0.465297 -0.766377 0.442906 -0.131151 0.435157 0.890751
25.112515 -397.615228 -1925.116876 -74210.155178 0.812202 0.578610 -0.074426 0.452713 -0.705600 -0.545141 0.367939 -0.409071 0.835034
-6.850244 -551.153614 -34.571649 -113682.951267 0.799660 0.587925 -0.122016 0.150114 -0.392498 -0.907420 0.581386 -0.707311 0.402121
-27.180180 -1354.653133 -2683.471782 -227984.634743 0.779031 0.617435 -0.109015 0.625338 -0.777743 0.063777 0.045408 0.117855 0.991992
-11.892411 -344.824734 -1077.543177 -29559.450151 0.836965 0.531198 -0.131598 0.172876 -0.028480 0.984532 -0.519233 0.846769 0.115668
-0.483712 -14.194407 -6.113768 257.999208 0.580860 0.680829 -0.446177 -0.401836 0.716514 0.570207 0.707905 -0.151920 0.689776
-0.304026 -10.686347 36.736827 274.671247 0.576024 0.652887 -0.491869 -0.511972 0.757237 0.405558 0.637245 0.018211 0.770446
-0.638618 -11.184574 10.031951 212.652855 0.598135 0.653693 -0.463595 -0.464665 0.754208 0.463957 0.652932 -0.062092 0.754867
0.317863 -4.547136 -27.000786 7.950705 -0.615733 0.786564 -0.046796 0.655676 0.478526 -0.584039 0.436990 0.390295 0.810376
-0.416893 -4.909204 -7.244965 23.761970 -0.521597 0.843511 -0.128165 0.760089 0.391170 -0.518894 0.387558 0.368071 0.845176
-0.184479 -4.598632 -5.424559 28.378327 -0.648329 0.760664 -0.032554 0.644933 0.525961 -0.554461 0.404637 0.380468 0.831573
-0.127745 -10.560875 40.462638 31.943683 0.788115 0.554580 -0.267051 -0.205264 -0.172229 -0.963433 0.580295 -0.814112 0.021901
0.132843 -10.265218 30.059571 22.164236 0.796218 0.545521 -0.261618 -0.286326 -0.041163 -0.957248 0.532968 -0.837086 -0.123423
0.149912 -10.740995 36.090564 16.308127 0.787112 0.550487 -0.278243 -0.193500 -0.207953 -0.958808 0.585673 -0.808530 0.057163
-0.161546 -10.686306 29.134689 30.011539 0.791128 0.546519 -0.274650 -0.119311 -0.302516 -0.945647 0.599900 -0.780897 0.174123
-0.078089 -2.538109 -41.499371 47.486217 0.732145 0.558301 0.390209 -0.461291 0.827906 -0.319033 -0.501173 0.053578 0.863687
-0.203781 -1.799159 -28.430689 71.668253 0.741901 0.542591 0.393927 -0.424025 0.834773 -0.351222 -0.519409 0.093537 0.849391
0.095722 -2.138765 -19.116995 61.625225 0.718003 0.587304 0.373559 -0.474917 0.805723 -0.353927 -0.508848 0.076712 0.857432
0.326248 -2.927187 -32.560961 25.530864 0.708281 0.600506 0.371121 -0.520603 0.799389 -0.299916 -0.476772 0.019218 0.878817
4.225368 -12.182899 -50.899858 112.606428 0.706166 0.702046 -0.091987 0.610302 -0.537656 0.581771 -0.358973 0.466967 0.808134
3.106479 -11.626957 -4.848279 0.276234 0.695988 0.715776 -0.057142 0.560563 -0.491881 0.666200 -0.448743 0.495699 0.743581
3.379629 -14.829346 -141.885244 151.059375 0.662618 0.736003 -0.138695 0.556900 -0.360354 0.748336 -0.500799 0.573100 0.648658
6.748688 -12.435804 -184.288681 141.629696 0.736153 0.667807 -0.110057 0.585126 -0.546230 0.599383 -0.340155 0.505635 0.792861
4.915358 -10.974861 -82.010245 177.844389 0.730426 0.673618 -0.112766 0.639309 -0.616227 0.459944 -0.240337 0.408048 0.880758
6.415952 -16.443769 -185.789687 203.927234 0.699483 0.697409 -0.156024 0.547663 -0.382852 0.743969 -0.459117 0.605842 0.649744
-1.753144 -127.050896 -127.812796 6924.640570 0.111821 0.985332 -0.128903 0.089226 -0.139149 -0.986244 0.989714 -0.098781 0.103477
-0.913963 -46.402969 9.882759 2256.233614 0.123243 0.957427 -0.261044 -0.136669 -0.244168 -0.960054 0.982920 -0.153997 -0.100758
-0.251451 -45.082750 -54.677893 2494.995775 0.112057 0.941203 -0.318716 -0.176739 -0.296745 -0.938459 0.977858 -0.161490 -0.133095
-9.195199 -12.225372 16.869222 335.875871 0.564078 0.780938 0.268239 -0.786722 0.606944 -0.112637 0.250769 0.147493 -0.956745
-7.040755 -10.508542 81.893429 82.017877 -0.159680 0.976432 0.145201 -0.951425 -0.113002 -0.286394 0.263236 0.183880 -0.947045
1.264939 -11.401462 -29.995353 114.267410 0.297341 0.839670 -0.454470 -0.420146 0.542505 0.727438 -0.857360 0.025353 -0.514093
2.837084 -10.105546 -28.393863 91.765149 0.372766 0.785859 -0.493427 -0.286836 0.603297 0.744149 -0.882480 0.135861 -0.450301
1.468654 -10.550222 -26.694487 130.505748 0.228149 0.890631 -0.393350 -0.361702 0.452624 0.815048 -0.903947 0.043677 -0.425409
-0.011366 -3.333113 13.112014 -138.111323 -0.941662 -0.156340 0.298043 -0.168516 0.985578 -0.015436 -0.291332 -0.064760 -0.954428
2.593679 -2.656064 18.252641 -256.102221 -0.956680 0.065489 0.283679 0.016843 0.985190 -0.170635 -0.290652 -0.158465 -0.943615
-3.584548 -24.451882 97.417835 -2038.251363 0.486298 0.840498 -0.238908 -0.852386 0.516458 0.081907 -0.192228 -0.163811 -0.967582
17.831127 -5.541126 428.992321 -36.317638 -0.754615 -0.615731 0.226785 -0.310289 0.639388 0.703494 -0.578167 0.460498 -0.673546
13.144054 -3.596929 111.985187 -4.911907 0.741232 0.669584 0.047258 -0.563214 0.582087 0.586484 -0.365192 0.461337 -0.808581
15.211519 -2.431438 -112.173855 -43.841659 0.885260 0.459185 -0.073924 -0.292210 0.672773 0.679698 -0.361841 0.580108 -0.729757
0.309069 -3.196782 26.862938 -16.556816 0.450187 0.822303 0.348065 0.862505 -0.501342 0.068857 0.231121 0.269209 -0.934938
-0.216657 -2.770061 41.661209 -36.111920 0.391278 0.851451 0.349188 0.902197 -0.429740 0.036922 0.181497 0.300590 -0.936325
-0.461529 -5.590965 -100.937058 78.621411 -0.617854 0.762375 0.192457 -0.037869 -0.273333 0.961174 -0.785380 -0.586577 -0.197750
0.935886 -4.860617 -172.701600 63.586792 -0.620097 0.781126 0.072959 -0.095935 -0.167799 0.981142 -0.778638 -0.601404 -0.178989
-1.058894 -6.047729 -89.350330 -26.558079 -0.450478 -0.841562 -0.298066 0.880720 -0.364185 -0.302824 0.146294 -0.398928 0.905237
0.475906 -5.776619 -150.918894 -24.702731 -0.471023 -0.840040 -0.269203 0.872123 -0.397652 -0.285086 0.132434 -0.369061 0.919921
2.779592 -5.824983 -235.800679 -6.095139 -0.563651 -0.794108 -0.227352 0.812791 -0.484158 -0.323976 0.147198 -0.367399 0.918341
5.626591 -6.045796 -288.632790 -0.584405 -0.570589 -0.794759 -0.206848 0.777787 -0.442136 -0.446725 0.263584 -0.415780 0.870431
5.243537 -6.096311 -249.268870 22.505393 -0.596590 -0.768913 -0.229899 0.779484 -0.486984 -0.394018 0.191008 -0.414270 0.889885
-0.484262 -5.389234 6.651756 21.986739 -0.239015 0.966796 -0.090431 -0.574441 -0.065699 0.815905 -0.782872 -0.246961 -0.571070
-0.448311 -5.206005 4.756124 25.258707 -0.221195 0.968160 -0.117217 -0.645450 -0.055232 0.761803 -0.731072 -0.244165 -0.637116
0.530406 -9.926642 -11.293413 102.975406 -0.155001 0.975508 0.156075 0.840095 0.213282 -0.498750 0.519822 -0.053811 0.852578
0.577179 -9.421285 -16.491043 109.212958 -0.120503 0.979488 0.161501 0.772407 0.194706 -0.604547 0.623592 -0.051894 0.780026
0.057584 -9.870773 -24.560610 68.168797 -0.085971 0.984329 0.153962 0.864541 0.150509 -0.479496 0.495154 -0.091884 0.863933
0.390493 -9.211121 -59.662234 90.780675 -0.072051 0.984528 0.159727 0.766366 0.157141 -0.622889 0.638351 -0.077529 0.765831
1.942223 -17.582811 -108.292861 348.908451 0.144193 0.971056 -0.190417 0.130381 -0.209394 -0.969100 0.980923 -0.114910 0.156800
1.336403 -24.418584 33.228181 -627.241198 -0.118721 0.987959 -0.099205 -0.538106 -0.147985 -0.829785 0.834475 0.045130 -0.549195
0.804744 -7.286496 -59.202400 3.782544 0.078427 0.942851 -0.323853 -0.703720 0.282458 0.651917 -0.706135 -0.176774 -0.685656
-4.500886 -13.328628 195.893893 -152.758843 0.912189 -0.225357 0.342235 -0.165930 0.560507 0.811356 0.374670 0.796897 -0.473895
-4.589225 -10.720618 190.383637 -194.020105 0.920505 -0.283109 0.269297 -0.000779 0.687881 0.725824 0.390731 0.668334 -0.632977
1.801465 -8.055400 525.263641 -164.945470 0.854749 -0.439230 0.276552 0.140052 0.708221 0.691960 0.499790 0.552721 -0.666866
2.428656 -9.023566 -4.177396 -85.834724 0.001195 0.957292 -0.289122 -0.420882 -0.261786 -0.868520 0.907115 -0.122724 -0.402594
2.217268 -9.403425 42.354739 -24.548623 -0.002553 0.957772 -0.287519 -0.398456 -0.264684 -0.878166 0.917184 -0.112322 -0.382305
2.626217 -8.504102 -19.811672 59.970331 0.003615 0.955519 -0.294908 -0.331770 -0.277060 -0.901757 0.943354 -0.101101 -0.316011
2.421754 -9.248246 -72.736654 -25.841881 0.014065 0.954962 -0.296394 -0.380818 -0.268967 -0.884666 0.924543 -0.125315 -0.359884
2.044136 -8.154528 21.096412 30.285323 0.353195 0.935511 -0.008520 -0.671559 0.247181 -0.698506 0.651354 -0.252430 -0.715554
1.664962 -8.097620 -3.379409 -10.149552 0.347329 0.937742 -0.001901 -0.590282 0.217058 -0.777466 0.728650 -0.271158 -0.628922
1.737150 -8.190190 -7.655699 8.777627 0.353840 0.935265 0.008725 -0.689136 0.267007 -0.673646 0.632367 -0.232350 -0.739002
2.069499 -8.860292 31.606303 -21.438788 0.361368 0.932220 0.019484 -0.731158 0.296272 -0.614517 0.578638 -0.207821 -0.788663
-0.509712 -18.760076 -39.976696 131.824882 0.562590 -0.426906 0.707986 -0.146476 0.791345 0.593564 -0.813657 -0.437636 0.382671
-0.507692 -19.817434 -16.474393 64.322830 0.567787 -0.420425 0.707715 -0.008890 0.856556 0.515977 -0.823127 -0.299257 0.482604
-0.418330 -22.202729 7.478567 205.404251 0.567885 -0.433701 0.699579 -0.236186 0.728322 0.643244 -0.788494 -0.530519 0.311169
-0.426913 -19.493709 22.317810 98.778477 0.572222 -0.411930 0.709138 -0.068443 0.837694 0.541834 -0.817238 -0.358585 0.451153
-1.318480 -28.059920 76.692860 125.182277 -0.486465 0.535152 -0.690626 0.538773 -0.438534 -0.719313 -0.687805 -0.722011 -0.074995
-0.694398 -30.470919 32.311615 273.100764 -0.498431 0.529018 -0.686809 0.662468 -0.278595 -0.695356 -0.559197 -0.801577 -0.211597
3.038457 -0.834064 -44.154938 36.064355 -0.344324 0.920545 -0.184491 0.930031 0.361311 0.067053 0.128384 -0.148495 -0.980544
3.328810 -2.573642 30.083245 -54.519502 -0.452117 0.852392 -0.262713 0.879560 0.474994 0.027467 0.148200 -0.218654 -0.964483
-5.729499 -12.726052 -501.279984 159.508991 -0.415632 0.185828 -0.890347 0.815410 -0.357537 -0.455273 -0.402935 -0.915224 -0.002922
-4.398752 -27.449442 220.547081 1559.947870 0.692889 -0.357954 0.625918 0.534622 -0.327435 -0.779080 -0.483823 -0.874446 0.035506
-9.354194 -9.645619 475.436104 -295.129963 0.289604 -0.034940 -0.956508 0.812458 -0.519335 0.264960 -0.506006 -0.853856 -0.122014
-0.564669 -30.313542 -396.438620 1059.422286 -0.601514 0.248899 -0.759098 0.659425 -0.381671 -0.647677 -0.450932 -0.890155 0.065451
-4.162492 -20.096563 78.227980 -722.586228 0.172884 -0.068594 -0.982551 0.881965 -0.433303 0.185436 -0.438462 -0.898634 -0.014414
-0.461252 -22.929745 -352.796785 -566.166615 -0.255269 0.073136 -0.964100 0.922559 -0.279983 -0.265509 -0.289350 -0.957215 0.003998
0.569919 -7.602187 8.428120 41.198412 -0.241361 0.967565 -0.074584 0.861142 0.248978 0.443220 -0.447414 -0.042749 0.893305
0.509073 -7.791064 1.143102 -28.823981 -0.250109 0.964980 -0.079120 0.820163 0.254584 0.512367 -0.514566 -0.063256 0.855114
0.420104 -7.457726 7.650767 49.259691 -0.248191 0.964825 -0.086689 0.863134 0.260880 0.432368 -0.439775 -0.032485 0.897520
0.614764 -5.824355 5.248354 185.398942 -0.264411 0.960745 -0.083996 0.907569 0.277341 0.315279 -0.326199 -0.007131 0.945274
1.648237 -7.123244 -0.493715 -14.761882 -0.409548 0.890665 -0.197450 -0.172562 0.136896 0.975439 -0.895820 -0.433561 -0.097629
1.496950 -7.108136 -1.776186 16.596395 -0.407907 0.885111 -0.224033 -0.059338 0.219156 0.973884 -0.911093 -0.410548 0.036874
1.238123 -7.298379 -90.546348 -2.395154 -0.448588 0.867653 -0.214354 -0.141800 0.167706 0.975586 -0.882418 -0.468032 -0.047802
-1.274523 -6.781498 49.628384 -18.134338 -0.409982 0.820018 -0.399356 0.218424 0.513374 0.829902 -0.885554 -0.253017 0.389586
-0.705563 -6.752246 63.298232 17.534094 -0.404245 0.815654 -0.413877 0.332322 0.552552 0.764361 -0.852143 -0.171449 0.494427
0.260033 -6.623890 -8.118819 -40.771898 -0.338695 0.939487 -0.051468 0.082497 0.084143 0.993033 -0.937272 -0.332090 0.106004
4.532900 -3.072423 -34.041117 7.222868 -0.000168 0.943388 -0.331691 0.987823 -0.051448 -0.146830 -0.155583 -0.327676 -0.931892
3.100785 -2.614819 -130.018695 -19.526428 0.032535 0.909085 -0.415338 0.985511 -0.098391 -0.138157 -0.166462 -0.404826 -0.899114
4.420525 -2.870620 -87.632449 6.641869 0.034581 0.925053 -0.378260 0.993572 -0.072645 -0.086822 -0.107794 -0.372826 -0.921619
4.752924 -3.105427 3.840717 26.210313 0.026941 0.952925 -0.302008 0.993817 -0.058086 -0.094625 -0.107713 -0.297591 -0.948598
1.159266 -29.784730 121.269530 990.996286 -0.291957 0.956159 -0.022808 -0.647151 -0.179932 0.740824 -0.704241 -0.231050 -0.671312
-0.280294 -17.498001 81.461562 105.024505 -0.298563 0.953585 -0.039180 -0.584977 -0.150407 0.796982 -0.754097 -0.260869 -0.602732
1.415259 -25.727015 79.106235 -933.307904 -0.433220 0.858708 0.273755 -0.398180 0.090138 -0.912868 0.808562 0.504476 -0.302871
1.732301 -38.638894 71.565930 -1335.986472 -0.423154 0.839947 0.339750 -0.579656 0.037236 -0.814010 0.696376 0.541390 -0.471124
2.398384 -39.620497 40.961302 -1669.301874 -0.423851 0.869188 0.254679 -0.548712 -0.022706 -0.835703 0.720601 0.493959 -0.486558
16.670529 -8.589447 67.349232 -36.656863 0.560101 0.563892 -0.606888 -0.332467 -0.517993 -0.788130 0.758784 -0.643202 0.102653
15.801496 -11.338824 80.374193 -279.493513 0.570332 0.572908 -0.588640 -0.360526 -0.469312 -0.806081 0.738067 -0.671954 0.061116
