17849
35685
-7.445703 -9.910303 -149.806074 174.413004 0.526937 -0.176534 0.831368 0.062875 0.983607 0.169010 -0.847576 -0.036786 0.529398
-6.781098 -11.057277 25.627084 139.790426 0.489541 -0.236639 0.839257 -0.002463 0.962093 0.272711 -0.871977 -0.135570 0.470401
-9.866213 -12.801598 -131.390467 260.132544 0.439929 0.292011 0.849231 -0.291445 0.940896 -0.172553 -0.849425 -0.171593 0.499032
-5.448939 -8.981740 23.392779 135.564251 0.434263 -0.470689 0.768028 0.228492 0.882293 0.411521 -0.871325 -0.003220 0.490696
-7.103520 -12.244998 92.174778 451.822136 0.484729 0.534362 0.692456 -0.290867 0.845104 -0.448548 -0.824884 0.016012 0.565075
-6.381540 -7.756878 -106.996203 172.226958 0.506611 -0.312901 0.803392 0.240596 0.946110 0.216769 -0.827924 0.083475 0.554593
3.875363 -14.557676 51.052653 -169.478911 0.798388 0.414739 0.436541 -0.326271 -0.311361 0.892525 -0.506087 0.855012 0.113270
5.616131 -12.190906 -2.913761 -175.840093 0.768492 0.406381 0.494241 -0.471265 -0.163008 0.866798 -0.432815 0.899045 -0.066243
4.024752 -13.647931 1.527937 -187.526221 0.775305 0.361508 0.517893 -0.415540 -0.325545 0.849321 -0.475635 0.873689 0.102176
2.927532 -15.274889 12.799445 -118.330005 0.794016 0.414670 0.444509 -0.241521 -0.455843 0.856665 -0.557859 0.787564 0.261795
3.279150 -15.763579 83.994331 -106.146129 0.804465 0.439697 0.399379 -0.215382 -0.410677 0.885977 -0.553577 0.798756 0.235672
-7.978629 -9.627202 20.339906 60.825834 0.711869 0.632147 0.305994 -0.344101 -0.065879 0.936619 -0.612239 0.772043 -0.170625
-8.356899 -10.292821 39.031643 39.472184 0.699388 0.646758 0.304238 -0.428548 0.038794 0.902686 -0.572017 0.761708 -0.304299
-8.519595 -9.652900 43.144238 47.558039 0.709113 0.700797 0.077732 -0.198239 0.092358 0.975793 -0.676653 0.707357 -0.204417
-7.988311 -8.960812 54.696764 67.001374 0.724658 0.672848 0.148817 -0.173183 -0.031205 0.984395 -0.666992 0.739123 -0.093913
-0.919523 -3.355120 -22.361210 -15.734372 0.184157 0.255598 0.949082 -0.174843 0.958715 -0.224267 -0.967221 -0.124640 0.221243
-0.937890 -3.664615 -32.130647 48.957244 0.165831 0.356367 0.919512 -0.219549 0.922363 -0.317877 -0.961404 -0.149164 0.231196
-1.445952 -4.009586 -34.786571 -3.747307 0.206115 0.200156 0.957838 -0.161143 0.972435 -0.168531 -0.965168 -0.119612 0.232687
-0.513252 -3.439398 -34.704717 41.894649 0.136170 0.437103 0.889044 -0.233969 0.886206 -0.399872 -0.962661 -0.153558 0.222943
3.061026 -10.374918 -111.004748 230.798916 -0.142795 0.923662 0.355609 -0.257962 -0.381605 0.887600 -0.955545 -0.035012 -0.292761
3.233163 -11.132170 -40.002511 262.230055 -0.088739 0.925683 0.367745 -0.321318 -0.376067 0.869096 -0.942804 0.041040 -0.330811
4.279677 -7.485118 -97.999444 177.314343 -0.093592 0.951253 0.293866 -0.212419 -0.307444 0.927554 -0.972686 -0.024389 -0.230839
-0.148626 -8.766449 27.350308 -103.980585 0.557562 0.253835 0.790375 0.812896 -0.359975 -0.457841 0.168300 0.897767 -0.407049
-0.148756 -8.973364 -8.840624 -31.044783 0.584793 0.259493 0.768558 0.780846 -0.436760 -0.446677 0.219766 0.861339 -0.458038
-0.127148 -9.966212 -14.792283 151.036720 0.567001 0.276289 0.775998 0.767679 -0.518780 -0.376214 0.298628 0.809031 -0.506250
-0.293843 -8.844283 47.227731 -141.324497 0.555930 0.252429 0.791973 0.827433 -0.259015 -0.498263 0.079357 0.932304 -0.352862
-0.162009 -8.853758 0.840788 -108.849942 0.523794 0.288244 0.801596 0.841666 -0.320160 -0.434851 0.131295 0.902448 -0.410303
-0.440826 -9.391073 15.692409 -189.256061 0.535145 0.277609 0.797843 0.843800 -0.220680 -0.489185 0.040266 0.935005 -0.352342
-1.138989 -9.555089 -51.156602 -156.840205 0.700964 0.323802 0.635454 0.284274 0.690305 -0.665332 -0.654094 0.647016 0.391831
-0.738556 -8.339649 -20.184967 -33.957483 0.686068 0.293949 0.665511 -0.420011 -0.586890 0.692207 -0.594056 0.754423 0.279185
-0.777400 -9.517494 -4.427529 115.491324 0.704606 0.324760 0.630921 -0.286703 -0.683028 0.671769 -0.649100 0.654220 0.388156
-1.078358 -11.445792 -25.848874 122.450126 0.713295 0.335435 0.615381 0.239688 0.708340 -0.663931 -0.658604 0.621078 0.424856
-0.738045 -11.661576 14.384515 164.678601 0.711004 0.325578 0.623276 0.256054 0.705635 -0.660694 -0.654913 0.629348 0.418343
-0.938780 -9.986765 15.763482 -34.044540 0.693086 0.316103 0.647851 0.300449 0.690267 -0.658226 -0.655258 0.650854 0.383441
1.710611 -10.456472 53.647464 -212.689398 0.824432 0.213261 0.524244 -0.502201 -0.151465 0.851383 -0.260971 0.965183 0.017773
1.936161 -9.456388 25.550792 -94.255383 0.815418 0.243440 0.525196 -0.521278 -0.085728 0.849070 -0.251721 0.966120 -0.056996
1.479955 -10.098749 55.026565 -243.078538 0.815276 0.191623 0.546449 -0.540105 -0.088686 0.836912 -0.208834 0.977453 -0.031193
-0.763213 -16.561375 51.290639 -33.415734 -0.800840 -0.338539 -0.494011 0.033879 0.797963 -0.601754 0.597919 -0.498645 -0.627571
-0.109404 -16.182520 -75.414772 -29.835940 0.807258 0.345109 0.478785 0.086779 0.733004 -0.674666 0.583784 -0.586178 -0.561775
-0.511903 -16.469899 55.280774 -86.765486 -0.799763 -0.370934 -0.472003 -0.066325 0.836043 -0.544641 0.596641 -0.404278 -0.693238
-0.288764 -16.330185 -40.810398 67.761171 0.798547 0.326180 0.505894 0.171389 0.682452 -0.710553 0.577016 -0.654115 -0.489066
-1.049236 -16.210964 43.238095 -36.862095 -0.796489 -0.363520 -0.483176 -0.128888 0.882803 -0.451715 0.590757 -0.297510 -0.749996
-1.316581 -15.295383 8.306178 -58.358237 -0.780948 -0.341215 -0.523157 -0.028033 0.855896 -0.516388 0.623967 -0.388607 -0.677975
-1.149766 -15.735586 7.252616 5.830684 -0.781575 -0.324795 -0.532588 0.090178 0.785970 -0.611653 0.617259 -0.526080 -0.585005
-0.907423 -9.016586 -14.203332 -19.973079 0.737411 0.378777 0.559242 0.674625 -0.372260 -0.637420 0.033256 -0.847319 0.530042
-0.602574 -9.195785 -24.161938 -57.656135 0.705322 0.387711 0.593466 0.705259 -0.299191 -0.642724 0.071632 -0.871875 0.484462
-0.748655 -9.169918 15.376637 -73.031361 0.727049 0.405286 0.554205 0.679897 -0.312598 -0.663342 0.095600 -0.859085 0.502826
-0.989596 -8.827646 16.029721 -27.228674 0.738249 0.395360 0.546515 0.673763 -0.393642 -0.625372 0.032116 -0.829902 0.556985
0.724235 -4.804066 -91.591983 -8.299554 0.822180 0.313120 0.475370 -0.326690 -0.424324 0.844525 -0.466149 0.849650 0.246577
0.986548 -4.978718 -56.893305 -18.114735 0.815274 0.279761 0.507013 -0.344216 -0.469953 0.812810 -0.465665 0.837185 0.286842
0.371478 -5.036074 -18.874317 -14.067247 0.820578 0.293684 0.490307 -0.306968 -0.497171 0.811537 -0.482102 0.816438 0.317816
1.282585 -4.935373 -57.033159 -19.086836 0.779663 0.229948 0.582451 -0.450894 -0.439291 0.776993 -0.434533 0.868417 0.238816
1.754299 -4.785825 -155.749201 -7.238925 0.807412 0.313407 0.499862 -0.377147 -0.377354 0.845792 -0.453702 0.871424 0.186480
0.359262 -4.477160 -102.781669 -21.695401 0.824995 0.325303 0.462127 -0.345408 -0.356972 0.867908 -0.447299 0.875642 0.182138
-0.294202 -4.629689 -56.669388 -2.375930 0.813026 0.292114 0.503645 -0.362527 -0.422896 0.830502 -0.455590 0.857804 0.237926
186.905980 3.646695 -11071.263122 51.245594 0.249050 0.967900 -0.033810 0.284273 -0.106430 -0.952818 0.925831 -0.227688 0.301655
89.922297 4.179172 -3806.031375 192.896705 -0.097324 0.987941 -0.120422 0.323986 -0.082956 -0.942418 0.941043 0.130735 0.312005
63.356297 3.632026 -107.156526 9.724320 -0.247074 0.957340 -0.149847 0.429818 -0.030319 -0.902406 0.868453 0.287367 0.403991
108.163153 3.924052 -5830.261921 64.326156 0.248616 0.962466 -0.108851 0.354900 -0.195081 -0.914325 0.901241 -0.188685 0.390079
-2.402824 -13.647803 114.268718 -160.150043 0.585476 0.300752 0.752838 0.792855 -0.406137 -0.454349 0.169110 0.862902 -0.476237
-2.973298 -12.250946 106.179061 -87.789827 0.654957 0.277664 0.702804 0.753181 -0.315230 -0.577363 0.061232 0.907487 -0.415594
-1.481544 -13.700669 78.404670 -117.012245 0.621696 0.267761 0.736069 0.777421 -0.325467 -0.538227 0.095450 0.906849 -0.410504
-3.815938 -12.933040 134.308260 -139.711036 0.592462 0.326853 0.736313 0.785581 -0.436886 -0.438169 0.178468 0.838032 -0.515608
-1.248950 -14.996648 96.396475 -119.563279 0.567788 0.294675 0.768624 0.783696 -0.479200 -0.395206 0.251867 0.826761 -0.503020
-2.753493 -14.867712 148.438351 -156.477197 0.532320 0.324480 0.781887 0.781977 -0.542267 -0.307342 0.324265 0.775022 -0.542396
-1.317740 -16.427053 26.646739 16.425939 0.604275 0.260960 0.752829 0.702743 -0.619842 -0.349211 0.375505 0.740065 -0.557942
-1.299581 -16.728702 26.330329 50.291362 0.624844 0.244844 0.741364 0.748582 -0.457631 -0.479790 0.221798 0.854766 -0.469234
-1.098705 -17.448824 15.527694 58.056857 0.614403 0.251217 0.747930 0.710667 -0.587985 -0.386299 0.342727 0.768872 -0.539791
-1.427559 -16.451626 -4.439934 24.076406 0.627877 0.287004 0.723463 0.732494 -0.532119 -0.424619 0.263101 0.796541 -0.544334
-1.436016 -16.045916 6.227248 -35.792439 0.608674 0.296169 0.736070 0.681499 -0.670221 -0.293875 0.406293 0.680505 -0.609786
11.272859 -25.430470 -412.680174 -780.531478 0.257316 0.450963 0.854646 -0.435720 0.843562 -0.313929 -0.862518 -0.291607 0.413555
6.868317 -32.617357 -433.438523 -982.086968 0.167547 0.373205 0.912494 -0.301689 0.900585 -0.312940 -0.938569 -0.222857 0.263482
8.535038 -32.879700 -412.463595 -985.793278 0.207611 0.436219 0.875563 -0.206881 0.894399 -0.396548 -0.956085 -0.098810 0.275933
6.417495 -41.521256 -270.857856 -1290.769735 0.248598 0.446962 0.859316 0.066413 0.877214 -0.475485 -0.966327 0.175274 0.188389
9.640127 -34.415717 -140.071224 -1201.087788 0.343916 0.493851 0.798645 -0.217750 0.869286 -0.443765 -0.913404 -0.021287 0.406497
-1.891256 -21.853741 15.955164 14.201967 0.197400 0.244652 0.949304 0.945355 -0.303832 -0.118276 0.259493 0.920777 -0.291260
-1.764528 -21.436247 -31.622537 26.374938 0.182645 0.284371 0.941155 0.874192 -0.485031 -0.023098 0.449921 0.826969 -0.337184
-1.665040 -21.007811 -29.626631 -96.334842 0.209645 0.284907 0.935349 0.954987 -0.264998 -0.133328 0.209880 0.921197 -0.327638
-1.388619 -2.893249 -35.065942 125.698349 0.113048 0.576969 0.808905 0.020660 0.812583 -0.582480 -0.993375 0.082560 0.079941
-1.324148 -1.796471 214.883467 -38.119439 0.052469 0.807775 -0.587152 0.118408 0.578781 0.806841 -0.991578 0.111857 0.065279
-0.842362 -2.054312 2.763564 -40.078545 0.103028 0.963308 0.247838 0.019231 -0.251047 0.967784 -0.994493 0.094942 0.044390
-1.889847 -33.265426 27.213493 -345.436051 0.277708 0.249991 0.927568 0.131942 0.946472 -0.294588 -0.951562 0.204194 0.229859
-2.054685 -35.912151 31.881643 -169.591379 0.279238 0.273551 0.920433 0.373714 0.852024 -0.366596 -0.884514 0.446346 0.135687
-2.029852 -37.739858 -20.132139 -403.965639 0.240396 0.277580 0.930139 0.204307 0.922304 -0.328045 -0.948930 0.268895 0.165007
-0.840905 -37.161310 -54.962757 -868.407900 0.217298 0.287814 0.932708 0.005000 0.955200 -0.295920 -0.976093 0.068966 0.206124
-1.548157 -32.855172 -15.840172 -770.515930 0.246507 0.259483 0.933757 -0.156057 0.961544 -0.226007 -0.956494 -0.090008 0.277521
-0.494932 -121.966478 146.930701 -7287.488738 -0.448245 -0.466675 -0.762424 0.502036 0.574270 -0.646664 0.739619 -0.672628 -0.023126
-4.049007 -67.583230 -107.747002 -4216.394592 -0.430494 -0.385470 -0.816142 0.666840 0.473541 -0.575398 0.608276 -0.791941 0.053190
-4.650450 -122.053268 59.830304 -6996.228810 -0.480136 -0.251465 -0.840378 0.268529 0.869901 -0.413719 0.835082 -0.424307 -0.350145
-5.443843 -116.151863 -123.886142 -7268.347860 -0.415395 -0.242383 -0.876754 0.349277 0.847462 -0.399768 0.839912 -0.472292 -0.267372
29.628059 -1835.919043 1506.632415 -201163.362169 -0.310553 -0.233120 -0.921527 0.190084 0.934649 -0.300497 0.931357 -0.268488 -0.245945
-4.547389 -161.181055 -183.246448 -122.096484 -0.450532 -0.295686 -0.842372 -0.262490 0.945726 -0.191575 0.853299 0.134804 -0.503695
-7.658296 -159.715846 -94.925790 4617.359177 -0.457056 -0.354968 -0.815535 -0.363966 0.911270 -0.192657 0.811559 0.208772 -0.545698
6.055083 -160.485714 -517.397093 -8600.166047 -0.661219 -0.275385 -0.697820 0.750056 -0.224878 -0.621970 0.014357 -0.934662 0.355248
-26.926023 -1798.854419 -2797.741563 -41076.618447 -0.503314 -0.163985 -0.848401 0.776211 0.345628 -0.527293 0.379699 -0.923932 -0.046673
50.498727 -1495.814525 -3422.129534 -125747.420882 0.620497 0.102925 0.777425 -0.353122 0.921829 0.159799 -0.700206 -0.373681 0.608338
-11.946631 -911.015665 -340.800061 2352.813421 0.506963 0.002638 0.861964 0.768606 0.451265 -0.453436 -0.390171 0.892386 0.226747
-11.084371 -640.435202 687.923666 -24448.557234 0.600077 -0.163870 0.782978 0.757887 0.429649 -0.490926 -0.255958 0.888002 0.382017
9.032240 -681.620717 711.630043 -47283.170036 0.658570 -0.037905 0.751564 0.095124 0.994912 -0.033175 -0.746483 0.093340 0.658825
715.923917 -1259.021930 -23445.385121 1130331.527397 0.361938 0.327820 0.872660 -0.473985 0.870804 -0.130536 -0.802707 -0.366382 0.470559
-1.925786 -5.127956 5.024375 -111.960244 0.574861 -0.104319 0.811574 -0.049542 0.985583 0.161777 -0.816750 -0.133206 0.561405
-1.965013 -6.123500 9.960556 -78.005327 0.566199 -0.062231 0.821916 -0.034961 0.994435 0.099378 -0.823527 -0.085003 0.560872
-1.962722 -5.251879 3.423677 -101.555277 0.548773 -0.115635 0.827936 -0.048689 0.984285 0.169744 -0.834553 -0.133462 0.534518
-1.940138 -3.654804 7.101361 -123.957705 0.571882 -0.225746 0.788664 -0.049121 0.950242 0.307614 -0.818864 -0.214659 0.532337
-1.991449 -4.008514 12.200102 -130.805744 0.539191 -0.142531 0.830035 -0.105983 0.966256 0.234769 -0.835488 -0.214555 0.505891
-2.010560 -5.187005 -5.511890 -90.796731 0.518053 -0.097769 0.849742 -0.073056 0.984758 0.157843 -0.852223 -0.143850 0.503014
-0.955698 -10.898253 32.519756 276.094916 0.429514 0.062319 0.900907 0.787259 -0.514590 -0.339735 0.442426 0.855169 -0.270085
-1.065642 -11.539772 23.518671 230.990018 0.380370 0.067796 0.922346 0.861308 -0.389215 -0.326589 0.336850 0.918648 -0.206439
-0.851558 -9.687722 82.252856 187.015032 0.467336 0.023930 0.883756 0.774327 -0.493475 -0.396107 0.426633 0.869431 -0.249148
1.811797 -3.360652 23.295340 37.846658 0.570457 0.277028 0.773197 0.816516 -0.293031 -0.497428 0.088769 0.915089 -0.393359
1.264325 -3.530757 45.894392 53.414641 0.590686 0.243001 0.769442 0.801951 -0.282265 -0.526500 0.089246 0.928050 -0.361605
1.731733 -3.633484 5.552759 69.725955 0.549777 0.300689 0.779315 0.833995 -0.249963 -0.491906 0.046889 0.920383 -0.388197
1.765672 -3.234600 -7.472533 29.032774 0.551311 0.304097 0.776905 0.830720 -0.286260 -0.477451 0.077205 0.908614 -0.410438
1.519936 -3.442030 -26.134809 64.736415 0.498346 0.348950 0.793653 0.865613 -0.251619 -0.432900 0.048638 0.902730 -0.427449
-0.235299 -13.840689 20.273493 -69.442879 0.810851 0.205622 0.547943 0.151841 0.830278 -0.536267 -0.565213 0.518032 0.642010
-0.143913 -12.312584 34.036918 82.106313 0.819805 0.219967 0.528710 0.073912 0.874912 -0.478608 -0.567853 0.431444 0.700999
0.050622 -13.935886 31.052116 -69.779287 0.807464 0.203425 0.553733 0.138160 0.847344 -0.512756 -0.573510 0.490536 0.656095
-0.064666 -14.020238 10.782989 -287.089980 0.799503 0.199360 0.566613 0.193870 0.807182 -0.557558 -0.568515 0.555619 0.606695
0.452785 -14.637274 32.494650 -173.837827 0.799428 0.182389 0.572406 0.189917 0.827213 -0.528820 -0.569952 0.531463 0.626659
0.620836 -13.835071 55.621244 -16.727262 0.808777 0.195570 0.554645 0.101797 0.882302 -0.459543 -0.579238 0.428129 0.693678
-1.317134 -16.050557 -42.984605 139.141165 0.703383 0.503462 0.501776 -0.678096 0.263574 0.686086 -0.213163 0.822833 -0.526789
-1.811863 -16.347853 -20.719288 90.508010 0.705878 0.487167 0.514202 -0.698370 0.357320 0.620163 -0.118388 0.796863 -0.592448
-1.396422 -17.388321 -58.678044 51.144755 0.721718 0.503358 0.475136 -0.688914 0.455670 0.563704 -0.067240 0.734163 -0.675636
4.033973 -5.850024 105.901151 50.266575 0.676254 0.317352 0.664807 -0.357446 -0.647740 0.672805 -0.644137 0.692619 0.324601
4.561440 -5.763175 -2.545563 -56.769644 0.638230 0.402032 0.656531 0.287997 0.666199 -0.687921 -0.713947 0.628131 0.309404
4.797680 -6.535432 -13.376970 39.567138 0.624579 0.377901 0.683441 -0.391350 -0.605869 0.692653 -0.675830 0.700081 0.230522
2.367127 -18.342289 10.735526 -398.856160 0.509723 0.336884 0.791638 0.728357 0.320765 -0.605480 -0.457906 0.885223 -0.081871
3.418737 -20.721425 -19.811011 105.100743 0.516869 0.312766 0.796884 0.699438 0.382433 -0.603764 -0.493592 0.869438 -0.021093
3.228340 -16.657231 73.700381 202.052717 0.454094 0.301219 0.838490 0.729000 0.415429 -0.544038 -0.512208 0.858304 -0.030945
2.485228 -17.263454 60.446855 -274.641943 0.410826 0.332683 0.848849 0.767592 0.376181 -0.518933 -0.491961 0.864760 -0.100820
4.493927 -17.427833 213.118102 254.277932 0.389461 0.265091 0.882069 0.730746 0.494023 -0.471118 -0.560652 0.828051 -0.001312
0.481313 -64.034108 6.276009 -1332.351827 0.477058 -0.010480 -0.878809 0.812472 -0.376021 0.445532 -0.335120 -0.926552 -0.170869
0.832146 -56.998455 68.582295 -239.022425 0.474950 0.013226 -0.879913 0.879973 0.002369 0.475018 0.008367 -0.999910 -0.010514
-5.236671 -98.113716 103.507610 -1195.288636 0.556682 0.052979 -0.829035 0.829549 -0.088540 0.551369 -0.044192 -0.994663 -0.093237
-2.270153 -81.987639 102.608135 1767.014599 0.523732 0.029458 -0.851374 0.785376 0.370429 0.495950 0.329983 -0.928394 0.170870
-0.037685 -85.373733 -22.067164 -4250.809793 0.474685 -0.026084 -0.879769 0.700090 -0.594609 0.395367 -0.533431 -0.803592 -0.263991
-19.264005 -62.069484 -597.138917 3321.475459 0.631315 0.235330 -0.738959 -0.114962 0.970719 0.210922 0.766958 -0.048206 0.639884
-17.559984 -46.439429 -518.385248 1041.904914 0.620619 0.228814 -0.749985 0.184148 0.887193 0.423059 0.762183 -0.400666 0.508473
-25.453623 -47.449059 -814.986986 1126.330101 0.460363 0.270561 -0.845496 0.173692 0.906563 0.384676 0.870573 -0.323946 0.370353
-29.236422 -58.294417 -933.706145 2860.245351 0.463378 0.328374 -0.823074 -0.238946 0.940707 0.240782 0.853338 0.085097 0.514366
-1.443192 -10.285526 -2.776415 12.920666 0.608925 0.495482 0.619442 -0.218273 0.855429 -0.469678 -0.762606 0.150791 0.629043
-1.321916 -11.067702 13.700424 -52.706427 0.643052 0.429949 0.633741 -0.179946 0.889191 -0.420665 -0.744381 0.156470 0.649164
-1.655493 -11.374601 -6.300774 -121.348201 0.627353 0.415368 0.658710 -0.109541 0.884530 -0.453439 -0.770993 0.212311 0.600412
1.670245 -17.740650 -60.067222 -60.239014 0.762090 0.478627 0.436045 -0.645669 0.612004 0.456687 0.048279 0.629577 -0.775437
1.563024 -18.137053 -71.272416 -74.209555 0.765235 0.486613 0.421454 -0.639349 0.498055 0.585811 -0.075156 0.717739 -0.692245
0.843108 -18.149873 -31.391434 -106.699104 0.750745 0.487823 0.445433 -0.659881 0.585082 0.471419 0.030645 0.647848 -0.761153
13.907281 -16.532266 410.662072 -1.582809 0.836100 0.314846 0.449231 0.241084 0.524697 -0.816438 0.492762 -0.790927 -0.362795
11.339017 -15.035408 110.673484 -99.686282 0.817842 0.365002 0.444869 0.269854 0.439541 -0.856728 0.508245 -0.820718 -0.260978
11.229245 -14.466772 254.236508 38.245367 0.767063 0.396639 0.504273 0.180141 0.621225 -0.762646 0.615762 -0.675838 -0.405068
-0.540576 -2.626847 -27.692709 23.332237 0.276811 -0.054160 0.959397 -0.421245 0.890524 0.171812 -0.863671 -0.451701 0.223692
-0.350968 -2.381473 -19.354151 32.586781 0.311362 -0.128751 0.941529 -0.400206 0.880867 0.252803 -0.861910 -0.455519 0.222742
-0.851151 -2.935473 -5.990464 42.817661 0.209416 0.089575 0.973715 -0.494822 0.868590 0.026517 -0.843384 -0.487368 0.226221
-0.579603 -2.524828 -13.353345 51.897180 0.293722 -0.093305 0.951326 -0.433619 0.873930 0.219594 -0.851881 -0.477013 0.216234
-1.081889 -3.310009 -29.761297 42.250050 0.195500 0.124728 0.972740 -0.489394 0.871959 -0.013448 -0.849867 -0.473424 0.231509
-1.177918 -3.899077 -13.687258 51.239957 0.099700 0.275642 0.956076 -0.558237 0.810892 -0.175571 -0.823669 -0.516212 0.234720
-0.968325 -3.152432 10.806319 38.328900 0.198343 0.101427 0.974870 -0.525454 0.850623 0.018406 -0.827380 -0.515900 0.222011
-1.149261 -3.978487 3.260230 53.802481 0.069624 0.295745 0.952726 -0.589798 0.782448 -0.199785 -0.804544 -0.548006 0.228907
2.946947 -8.169611 -215.743227 -2.167401 0.698554 0.077496 0.711349 0.596184 0.486726 -0.638485 0.395712 -0.870111 -0.293802
0.628210 -8.257367 -267.982036 -7.580193 0.705890 0.037995 0.707302 0.609037 0.477285 -0.633461 0.361653 -0.877927 -0.313770
1.354603 -8.118310 -230.029032 -4.715648 0.702516 0.053608 0.709646 0.646044 0.370200 -0.667518 0.298495 -0.927404 -0.225438
1.168406 -8.251234 -242.680294 -2.455949 0.693804 0.036523 0.719237 0.570241 0.582105 -0.579636 0.439842 -0.812293 -0.383040
3.665941 -8.121291 -143.243459 4.215915 0.679054 0.108483 0.726028 0.638457 0.400835 -0.657042 0.362296 -0.909705 -0.202927
5.013014 -8.084203 -92.991984 -4.298782 0.662817 0.137768 0.735998 0.596372 0.497243 -0.630151 0.452784 -0.856603 -0.247420
3.921003 -7.932831 -164.807802 26.639514 0.678181 0.099711 0.728099 0.552060 0.584837 -0.594303 0.485077 -0.804999 -0.341579
3.847414 -8.776761 -190.258105 8.989281 -0.178725 0.094041 -0.979395 -0.042248 0.993770 0.103130 0.982992 0.059809 -0.173639
1.079795 -9.239375 -186.240142 49.406307 -0.153253 0.181370 -0.971400 0.017251 0.983354 0.180880 0.988036 0.010963 -0.153831
3.104456 -8.708290 -234.463989 -44.639344 -0.138110 0.143043 -0.980033 -0.107076 0.981559 0.158356 0.984612 0.126809 -0.120247
5.745262 -8.324638 -113.842139 -85.011616 -0.234986 0.032684 -0.971449 -0.152661 0.985790 0.070094 0.959935 0.164773 -0.226658
5.494196 -8.345654 -61.682408 -1.748696 -0.279076 0.011115 -0.960205 -0.081480 0.996053 0.035211 0.956806 0.088064 -0.277069
-0.567650 -8.246476 8.933692 25.355748 -0.538738 -0.274077 -0.796645 0.763638 0.240531 -0.599168 0.355836 -0.931143 0.079712
-0.699835 -8.137547 -7.398985 -152.071328 -0.556658 -0.299360 -0.774929 0.729643 0.269801 -0.628354 0.397181 -0.915200 0.068239
-0.560986 -8.222001 12.811210 37.014043 -0.543023 -0.288221 -0.788704 0.754396 0.245065 -0.608958 0.368798 -0.925674 0.084357
-0.764037 -7.724149 9.220691 -111.166630 -0.551622 -0.307749 -0.775244 0.722682 0.287732 -0.628443 0.416466 -0.906918 0.063685
-0.896018 -8.458439 16.530735 44.297868 -0.548254 -0.305005 -0.778711 0.742701 0.250483 -0.621010 0.384465 -0.918820 0.089199
1.853367 -12.657802 -35.792810 -5.686235 -0.567246 -0.235995 -0.789011 0.339372 0.805951 -0.485047 0.750373 -0.542909 -0.377082
1.300614 -12.884882 -51.214125 34.157013 -0.554085 -0.238362 -0.797605 0.397340 0.766216 -0.505008 0.731513 -0.596738 -0.329838
1.292594 -13.276858 -68.004588 -137.845246 -0.527043 -0.233330 -0.817180 0.296211 0.850834 -0.433982 0.796546 -0.470785 -0.379311
2.116350 -12.267258 -26.309156 122.438106 -0.575218 -0.252760 -0.777969 0.424959 0.720311 -0.548235 0.698952 -0.645960 -0.306923
2.008918 -13.324260 -33.146485 -193.115407 -0.567675 -0.228859 -0.790803 0.254426 0.864787 -0.432909 0.782951 -0.446953 -0.432690
2.320880 -12.448647 -43.137060 119.017673 -0.579499 -0.232280 -0.781170 0.366936 0.781506 -0.504586 0.727694 -0.579046 -0.367650
2.573244 -13.353992 -50.557836 -118.043638 -0.573998 -0.234463 -0.784572 0.288550 0.838758 -0.461761 0.766332 -0.491438 -0.413791
-2.442687 -14.270792 -37.824634 -134.201028 0.793976 0.209464 0.570725 0.457032 0.413410 -0.787537 0.400904 -0.886125 -0.232506
-2.372725 -13.641676 -8.748564 -52.437282 0.783676 0.222825 0.579829 0.491354 0.348711 -0.798105 0.380031 -0.910357 -0.163790
-1.969643 -13.560541 -40.461858 -69.603448 0.799593 0.190062 0.569673 0.492215 0.336053 -0.802990 0.344058 -0.922467 -0.175154
-1.367971 -14.199899 -53.389355 -118.091968 0.814055 0.170697 0.555137 0.465938 0.378678 -0.799690 0.346723 -0.909651 -0.228731
-2.175249 -15.047578 -89.066625 -87.982607 0.821269 0.180044 0.541388 0.397640 0.499848 -0.769438 0.409145 -0.847193 -0.338917
-0.121226 -9.885037 8.859882 -97.156859 0.738456 0.186038 0.648129 -0.362589 -0.700840 0.614290 -0.568517 0.688631 0.450085
-0.290270 -12.054301 33.415689 166.084034 0.754996 0.207747 0.621950 0.243601 0.791747 -0.560175 -0.608802 0.574437 0.547158
-0.504579 -11.189406 -12.729145 -135.478833 0.744191 0.194223 0.639106 -0.324766 -0.730885 0.600279 -0.583701 0.654282 0.480841
-0.347855 -9.546069 -27.880060 -64.684338 0.729490 0.183432 0.658936 -0.429141 -0.627425 0.649751 -0.532618 0.756763 0.378982
-0.119981 -11.145410 -13.269402 160.205233 0.735246 0.213796 0.643199 0.285300 0.763172 -0.579804 -0.614831 0.609802 0.500123
-1.697919 -4.364382 -20.528014 101.832426 0.364769 0.333989 0.869135 -0.444914 0.882511 -0.152402 -0.817921 -0.331099 0.470508
-0.938743 -3.903656 -59.151822 105.319868 0.331824 0.337733 0.880812 -0.434656 0.883432 -0.174991 -0.837238 -0.324784 0.439941
-1.122443 -5.338857 -64.456973 49.048711 0.328507 0.348477 0.877865 -0.505959 0.849768 -0.147987 -0.797552 -0.395549 0.455470
-1.631511 -3.065007 -19.184096 166.997757 0.379727 0.285545 0.879927 -0.364147 0.920519 -0.141572 -0.850414 -0.266665 0.453526
-1.893319 -5.668918 -23.558381 51.922893 0.366578 0.334674 0.868110 -0.502822 0.856325 -0.117804 -0.782810 -0.393320 0.482191
-2.025276 -3.242768 -19.631886 140.467718 0.401524 0.290788 0.868459 -0.370600 0.918740 -0.136280 -0.837516 -0.267131 0.476663
-2.135196 -4.815857 -21.328408 96.823554 0.383249 0.338095 0.859541 -0.461339 0.876272 -0.138976 -0.800179 -0.343277 0.491807
-4.933107 -11.908496 40.897754 -469.200703 0.555590 0.233996 0.797851 0.741928 0.293630 -0.602764 -0.375317 0.926837 -0.010471
-5.514771 -15.618733 52.359026 -767.355410 0.462621 0.257596 0.848308 0.818328 0.244029 -0.520373 -0.341058 0.934930 -0.097905
-7.824479 -61.234963 -571.429066 3520.481977 0.803549 0.319673 -0.502114 0.427377 0.277306 0.860494 -0.414316 0.906041 -0.086208
0.279944 -5.981542 -20.893404 74.371287 0.669377 0.145265 0.728582 0.625537 0.418867 -0.658220 0.400796 -0.896353 -0.189512
0.513765 -5.827807 1.365181 84.834520 0.651040 0.147664 0.744542 0.636050 0.429171 -0.641290 0.414231 -0.891071 -0.185486
0.568068 -5.098858 -18.157341 68.314729 0.639390 0.130656 0.757700 0.623577 0.488396 -0.610427 0.449813 -0.862785 -0.230801
-0.087117 -6.906300 -0.312739 69.473667 0.663139 0.151394 0.733026 0.659259 0.345605 -0.667784 0.354436 -0.926087 -0.129376
0.087168 -5.614555 -46.024777 69.471798 0.670510 0.127087 0.730934 0.614335 0.457250 -0.643051 0.415943 -0.880211 -0.228517
-0.256306 -6.832282 -28.143267 69.664888 0.692476 0.153060 0.705018 0.622962 0.366012 -0.691342 0.363862 -0.917937 -0.158103
5.460923 -29.661181 70.163952 -286.603182 0.673363 -0.102053 0.732235 0.574758 -0.550696 -0.605299 -0.465011 -0.828444 0.312163
4.148257 -33.065925 22.647554 -106.209687 -0.599389 0.129258 -0.789952 0.727541 -0.323556 -0.604976 -0.333792 -0.937339 0.099895
4.953766 -33.380296 103.068866 -289.525013 -0.568437 0.167205 -0.805557 0.639354 -0.526448 -0.560428 -0.517790 -0.833604 0.192350
7.100549 -29.053500 73.743368 746.742508 0.670255 -0.127720 0.731058 -0.355337 0.809591 0.467223 -0.651532 -0.572931 0.497249
5.505596 -25.078781 240.389823 -312.695413 0.743763 -0.086328 0.662845 0.435010 -0.690396 -0.578031 -0.507526 -0.718263 0.475937
-5.259418 -11.791502 4.009337 183.508939 0.817568 -0.132747 0.560322 0.505041 0.632741 -0.587003 0.276616 -0.762900 -0.584352
-4.609505 -8.898809 -18.694819 214.641726 0.809349 -0.138236 0.570828 0.457856 0.757234 -0.465795 0.367861 -0.638348 -0.676159
-5.315828 -10.528821 -32.331857 188.680336 0.821123 -0.043691 0.569076 0.427549 0.707602 -0.562585 0.378099 -0.705260 -0.599708
-4.710150 -9.812172 3.320379 231.537936 0.795714 -0.211025 0.567721 0.525541 0.706502 -0.473985 0.301073 -0.675518 -0.673076
-5.642662 -13.351846 35.834632 128.834619 0.803120 -0.189877 0.564752 0.571258 0.514724 -0.639315 0.169300 -0.836066 -0.521854
-5.332859 -11.734578 -0.024483 174.933445 0.779522 -0.265795 0.567185 0.593534 0.602793 -0.533252 0.200159 -0.752325 -0.627649
1.331180 -52.808749 -65.793926 -121.135555 -0.262166 0.148994 -0.953452 0.014351 0.988502 0.150525 0.964916 0.025780 -0.261289
1.058364 -49.258229 -61.562971 -573.103306 -0.255424 0.195969 -0.946760 -0.104190 0.967961 0.228466 0.961199 0.156999 -0.226822
3.246320 -54.391453 -268.606425 -800.877282 -0.238131 0.192931 -0.951878 -0.308812 0.914170 0.262543 0.920831 0.356471 -0.158113
3.486160 -69.304607 -173.732375 1628.539296 -0.272114 0.137823 -0.952344 -0.220919 0.954307 0.201231 0.936562 0.265148 -0.229232
3.597464 -1795.521509 96.011720 32139.280246 0.190131 0.334388 0.923057 -0.336545 0.905439 -0.258685 -0.922273 -0.261467 0.284689
-35.988977 -2339.041055 -10019.258397 -82881.383399 0.038887 -0.326815 -0.944288 0.887721 -0.422537 0.182796 -0.458737 -0.845372 0.273690
-0.385511 -1013.704018 -1065.211158 70621.136907 -0.357103 -0.188090 -0.914932 0.869172 -0.425638 -0.251741 -0.342079 -0.885130 0.315479
-42.858998 -1077.132103 3224.925801 -245477.729357 -0.268874 0.832849 0.483807 0.784654 0.480711 -0.391452 0.558592 -0.274370 0.782749
-193.314588 -2222.930934 9893.399578 754876.665937 0.813414 -0.576940 0.074152 -0.569980 -0.765098 0.299581 0.116107 0.285948 0.951185
166.157514 -5254.822102 16189.882245 999965.520188 0.609827 0.193288 0.768603 -0.499358 0.846794 0.183252 -0.615428 -0.495560 0.612918
-129.373127 -1212.582645 -5175.095815 -66693.674895 0.465935 -0.016196 0.884671 0.675884 0.651780 -0.344040 -0.571039 0.758235 0.314634
1.530574 -7.859057 -18.060877 -5.061605 -0.349559 -0.318689 -0.881048 0.772382 0.434252 -0.463521 0.530316 -0.842533 0.094353
1.695420 -8.059044 -13.528753 -25.222754 -0.354195 -0.317202 -0.879732 0.719895 0.507963 -0.472996 0.596907 -0.800847 0.048434
1.981107 -8.038639 -52.468194 -10.666922 -0.382107 -0.317094 -0.868012 0.732067 0.469371 -0.493729 0.563979 -0.824101 0.052785
-0.661146 -7.971467 -38.137557 77.378083 -0.412726 -0.369638 -0.832481 0.199422 0.855112 -0.478555 0.888757 -0.363527 -0.279213
-0.608842 -8.819581 -18.106048 75.673125 -0.408458 -0.367681 -0.835447 0.296267 0.812323 -0.502352 0.863359 -0.452705 -0.222868
-1.004683 -8.903028 -25.206619 92.605141 -0.416002 -0.342101 -0.842561 0.288074 0.829243 -0.478926 0.862529 -0.441954 -0.246416
-0.436094 -8.413816 -31.218932 65.401146 -0.410462 -0.386308 -0.826007 0.242483 0.826978 -0.507258 0.879047 -0.408502 -0.245770
-1.267799 -8.235730 -25.683240 92.601172 -0.430740 -0.339984 -0.835987 0.231794 0.853573 -0.466567 0.872201 -0.394746 -0.288861
-1.101714 -7.205101 -49.383352 83.853453 -0.420590 -0.338066 -0.841912 0.150836 0.889010 -0.432330 0.894624 -0.308825 -0.322916
-0.403813 -7.811728 -47.077539 60.575930 -0.404315 -0.366502 -0.837977 0.159230 0.874005 -0.459087 0.900652 -0.319047 -0.295016
-0.481027 -7.124290 -42.990264 49.468963 -0.408860 -0.342913 -0.845721 0.115464 0.899834 -0.420674 0.905263 -0.269647 -0.328312
-0.247894 -4.604680 -6.380847 -51.571874 0.698016 0.272349 0.662269 0.335668 0.692501 -0.638568 0.632535 -0.668034 -0.391958
0.116214 -4.109556 -3.831274 -57.775696 0.704586 0.279743 0.652152 0.365056 0.645192 -0.671164 0.608517 -0.710965 -0.352472
-0.148574 -4.717386 6.460785 -42.408083 0.721319 0.335988 0.605649 0.266048 0.672952 -0.690184 0.639466 -0.658975 -0.396024
0.001608 -3.929698 -8.204823 -37.275695 0.661004 0.200592 0.723075 0.435396 0.682285 -0.587297 0.611150 -0.703029 -0.363656
-0.551351 -5.394894 23.093985 -50.871894 -0.732351 -0.341479 -0.589113 0.217526 0.702504 -0.677622 0.645247 -0.624404 -0.440199
-0.819214 -5.347831 17.623784 -71.230530 -0.704548 -0.276865 -0.653420 0.288422 0.729565 -0.620119 0.648402 -0.625364 -0.434160
-0.489685 -4.582202 -0.437246 -47.349618 0.649885 0.187159 0.736628 0.415054 0.724528 -0.550263 0.636694 -0.663348 -0.393179
0.108184 -8.704390 -11.214562 211.506442 -0.611298 -0.374774 -0.697036 0.664573 0.235147 -0.709260 0.429718 -0.896800 0.105320
0.317162 -7.138783 -12.136584 -10.073714 -0.628108 -0.380103 -0.678971 0.638988 0.245982 -0.728826 0.444044 -0.891636 0.088378
0.199418 -9.009095 -5.164599 224.610021 -0.630268 -0.378249 -0.678005 0.650649 0.219115 -0.727079 0.423578 -0.899398 0.108006
-0.708700 -22.477935 -23.515952 349.900500 0.745010 0.374534 0.551983 0.656785 -0.556501 -0.508861 -0.116593 -0.741641 0.660587
-0.493397 -20.278531 15.126830 197.782747 0.732403 0.389172 0.558688 0.680374 -0.449703 -0.578670 -0.026041 -0.803936 0.594146
-0.596649 -23.607473 39.509336 335.747942 0.753784 0.382945 0.534006 0.639551 -0.614198 -0.462316 -0.150944 -0.690010 0.707885
-0.614204 -22.519771 69.729016 170.837941 0.751648 0.397559 0.526281 0.650601 -0.578009 -0.492568 -0.108370 -0.712637 0.693112
-0.494620 -24.791129 49.618609 299.113777 0.752280 0.391310 0.530049 0.626984 -0.672350 -0.393493 -0.202401 -0.628349 0.751140
-1.248172 -8.535508 -155.716102 322.374043 0.720103 -0.531246 -0.446351 0.314884 0.823426 -0.472035 0.618304 0.199366 0.760233
-2.631183 -7.790912 73.325234 178.453767 0.772578 -0.130651 -0.621332 -0.038414 0.967188 -0.251141 0.633757 0.217894 0.742209
-1.876181 -6.100497 29.110238 35.772689 0.780228 -0.177576 -0.599759 0.008522 0.961784 -0.273678 0.625437 0.208420 0.751924
-5.090398 -27.042138 208.098914 1380.781637 0.767633 0.005159 -0.640869 -0.120196 0.983383 -0.136055 0.629518 0.181470 0.755497
-28.923607 -60.332648 1218.338480 -2483.717100 -0.681502 -0.093555 -0.725811 0.099558 0.970722 -0.218604 0.725012 -0.221239 -0.652235
-18.017836 -87.255200 1010.644253 -4588.300668 -0.809490 -0.215012 -0.546347 0.144979 0.828520 -0.540866 0.568952 -0.517035 -0.639506
-14.826282 -154.007509 618.140614 -9408.428382 -0.762455 -0.286886 -0.579964 -0.158394 0.951817 -0.262593 0.627354 -0.108353 -0.771159
-23.722350 -70.890271 976.670350 -2304.895703 -0.648120 -0.252753 -0.718371 -0.311969 0.948651 -0.052315 0.694706 0.190203 -0.693690
-37.800607 -59.414061 1352.860945 -1862.073690 -0.492639 -0.041659 -0.869236 -0.129028 0.991310 0.025617 0.860615 0.124775 -0.493733
-3.517622 -21.204900 -90.943590 -542.439935 0.571456 0.520777 -0.634216 -0.549809 0.816705 0.175223 0.609219 0.248566 0.753039
-7.410275 -26.162268 -236.049983 -486.789727 0.581250 0.474965 -0.660725 -0.511040 0.844944 0.157822 0.633236 0.245923 0.733849
-5.204404 -35.872905 -96.693428 -1786.030321 0.667777 0.386307 -0.636271 -0.530256 0.846777 -0.042399 0.522401 0.365700 0.770300
-0.357886 -9.633520 15.660870 -246.130679 -0.490144 -0.206699 -0.846779 0.748116 -0.598297 -0.286990 -0.447305 -0.774155 0.447886
-0.335335 -9.266696 48.082132 42.742333 -0.495117 -0.190300 -0.847729 0.811629 -0.449477 -0.373134 -0.310027 -0.872787 0.376996
-0.982445 -9.723700 -2.701888 -186.629737 -0.537049 -0.187870 -0.822364 0.733336 -0.585776 -0.345088 -0.416889 -0.788398 0.452362
-0.833661 -10.152804 15.396356 -118.045761 -0.512704 -0.184301 -0.838551 0.715685 -0.631260 -0.298840 -0.474267 -0.753355 0.455551
-1.177174 -10.100824 16.396973 -36.550071 -0.533488 -0.178964 -0.826658 0.715843 -0.616115 -0.328590 -0.450510 -0.767056 0.456800
-1.299088 -9.974412 -17.722140 -68.320474 -0.562639 -0.197545 -0.802754 0.738277 -0.557010 -0.380377 -0.372000 -0.806670 0.459239
-7.522730 -13.107201 -7.724245 133.452531 0.481127 -0.059063 0.874659 -0.225021 0.955979 0.188333 -0.847279 -0.287429 0.446657
-6.562045 -12.074854 134.143013 135.563585 0.458492 -0.191570 0.867805 -0.135552 0.949989 0.281330 -0.878300 -0.246621 0.409595
-6.832129 -10.786081 66.583397 142.375903 0.396692 -0.370026 0.840069 0.018760 0.918233 0.395596 -0.917760 -0.141170 0.371197
-6.071373 -9.582256 38.435131 119.158904 0.387052 -0.491770 0.779970 0.164466 0.869157 0.466387 -0.907271 -0.052238 0.417288
7.690909 -10.922627 -80.114212 -59.631425 0.709545 0.351120 0.610951 -0.625919 -0.084215 0.775327 -0.323684 0.932536 -0.160019
5.883555 -11.312584 -54.001533 -187.479845 0.737317 0.330101 0.589404 -0.560514 -0.188069 0.806507 -0.377078 0.925021 -0.046360
-7.654554 -10.166211 20.317774 30.713782 0.727322 0.567914 0.385327 -0.452367 -0.025516 0.891467 -0.516108 0.822692 -0.238347
-1.362746 -4.459058 -39.404358 57.058804 0.175347 0.379199 0.908549 -0.247484 0.910191 -0.332121 -0.952893 -0.166615 0.253445
-0.652886 -4.161758 -38.576845 82.079907 0.129299 0.471328 0.872429 -0.273370 0.862663 -0.425537 -0.953179 -0.183475 0.240388
2.337729 -13.914025 -11.455139 245.750948 -0.108260 0.906428 0.408250 -0.415561 -0.414325 0.809718 -0.903100 0.081993 -0.421531
2.255974 -14.878107 63.514422 339.230701 -0.058074 0.910123 0.410249 -0.453868 -0.390088 0.801146 -0.889174 0.139673 -0.435730
1.971893 -14.291161 -9.603280 383.588230 -0.029863 0.931600 0.362256 -0.406372 -0.342430 0.847115 -0.913220 0.121914 -0.388802
0.126872 -9.879269 -17.281890 47.246280 0.606328 0.258063 0.752176 0.724397 -0.569444 -0.388566 0.328048 0.780472 -0.532210
-0.150645 -9.802424 -1.453700 127.268170 0.624356 0.235266 0.744869 0.722054 -0.537628 -0.435423 0.298022 0.809695 -0.505547
-0.026389 -8.888762 16.766979 -35.321508 0.602298 0.236659 0.762384 0.763387 -0.450001 -0.463400 0.233406 0.861099 -0.451697
0.116893 -8.480191 28.487865 -116.999391 0.569067 0.251618 0.782848 0.815779 -0.292328 -0.499047 0.103279 0.922623 -0.371620
-0.838556 -8.814158 -64.179482 -232.474535 0.670977 0.282554 0.685531 -0.530470 -0.463048 0.710062 -0.518065 0.840089 0.160808
-0.496480 -8.230347 -5.450862 -209.231809 0.669451 0.272848 0.690934 -0.532706 -0.471924 0.702504 -0.517745 0.838357 0.170582
2.098080 -9.408751 31.020612 84.808827 0.773768 0.245494 0.583966 -0.599600 -0.013563 0.800185 -0.204361 0.969303 -0.136703
2.080510 -11.131413 -42.136012 32.595515 0.771940 0.318496 0.550154 -0.563788 -0.056816 0.823963 -0.293687 0.946220 -0.135706
2.272952 -12.573667 21.669317 263.226337 0.710890 0.284095 0.643371 -0.676181 0.024489 0.736329 -0.193432 0.958483 -0.209509
2.235055 -9.956909 34.671624 240.961561 0.731221 0.247695 0.635580 -0.660448 0.023970 0.750489 -0.170658 0.968541 -0.181117
0.835928 -16.082796 -83.686246 12.115386 0.810820 0.365558 0.457097 0.118880 0.661832 -0.740166 0.573095 -0.654481 -0.493169
0.213307 -16.518107 45.739544 -140.411269 -0.802937 -0.378737 -0.460271 -0.001745 0.773676 -0.633579 0.596061 -0.507921 -0.621874
0.767986 -16.345060 -87.189822 97.781391 0.808675 0.342410 0.478330 0.206509 0.596137 -0.775870 0.550816 -0.726206 -0.411371
-0.209321 -5.400729 11.255426 -33.741589 0.809266 0.245219 0.533812 -0.348404 -0.531281 0.772240 -0.472973 0.810930 0.344513
0.263419 -5.281880 5.883250 -37.854342 0.767777 0.178192 0.615440 -0.461451 -0.512602 0.724087 -0.444503 0.839933 0.311337
0.067376 -16.410341 56.250207 55.655263 -0.651323 -0.333486 -0.681590 0.335774 0.678849 -0.653008 0.680466 -0.654180 -0.330175
0.290334 -16.009385 12.139869 33.888667 0.625182 0.363451 0.690689 0.409866 0.600220 -0.686838 0.664197 -0.712488 -0.226280
0.479023 -14.993758 0.140246 43.052449 -0.607092 -0.325912 -0.724721 0.274922 0.769553 -0.576374 0.745558 -0.549154 -0.377589
358.378510 -6.842227 -20716.213008 -430.496183 0.736890 -0.669951 0.090327 -0.211416 -0.101473 0.972115 0.642104 0.735438 0.216413
189.498140 8.222660 -5898.605571 299.338981 -0.125829 0.986958 -0.100402 0.463380 -0.031015 -0.885617 0.877181 0.157961 0.453434
89.061877 -7.139729 -4522.704736 67.483115 0.692058 -0.468671 0.549001 -0.609862 0.027248 0.792039 0.386165 0.882952 0.266968
351.090164 4.174120 3356.419148 317.257573 -0.287402 0.955134 -0.071549 0.552276 0.104222 -0.827121 0.782555 0.277231 0.557451
641.761469 -47.904626 -41701.452387 -3133.139012 0.411699 0.712037 0.568777 0.609194 0.249154 -0.752865 0.677781 -0.656449 0.331192
79.113229 -5.265470 -4309.870962 145.524836 0.594826 0.694060 0.405540 0.383293 0.198566 -0.902030 0.706590 -0.691991 0.147916
-2.830324 -12.119605 102.551884 -50.442655 0.721217 0.256729 0.643379 -0.691621 0.214816 0.689576 -0.038826 0.942308 -0.332488
-1.752737 -13.175453 76.344262 16.613894 0.696847 0.247228 0.673263 0.716267 -0.191501 -0.671036 -0.036968 0.949845 -0.310528
-3.917653 -11.355361 91.836519 -1.140318 0.727577 0.280633 0.626000 -0.686018 0.293213 0.665887 -0.003318 0.913932 -0.405854
-4.517654 -11.756260 91.936340 -57.643950 0.667907 0.316598 0.673547 0.738308 -0.395939 -0.546016 0.093816 0.861974 -0.498197
-0.468049 -16.882631 36.649862 73.614878 0.583459 0.273613 0.764665 0.648968 -0.723150 -0.236421 0.488280 0.634185 -0.599494
