10713
21413
-12.175871 -16.552849 -125.260263 -582.539558 0.514142 0.455725 0.726617 0.626168 0.379512 -0.681091 -0.586150 0.805161 -0.090237
-15.468827 -20.980325 184.288878 -604.338821 0.619743 0.427789 0.657963 0.654595 0.180710 -0.734063 -0.432925 0.885630 -0.168035
-12.729536 -22.814573 -231.987321 1042.993089 0.719435 0.581170 0.380335 -0.404854 -0.094052 0.909531 -0.564363 0.808329 -0.167625
-13.484912 -18.847677 -94.266793 -450.349635 0.261056 0.263353 0.928706 0.852521 0.388408 -0.349781 -0.452833 0.883054 -0.123117
-6.814543 -17.592104 -410.932086 929.526035 0.542031 0.619190 0.568160 -0.473141 -0.333892 0.815263 -0.694507 0.710718 -0.111984
-9.609741 -12.474723 -123.707445 -221.483833 0.260643 0.334366 0.905685 0.692911 0.588448 -0.416657 -0.672264 0.736158 -0.078311
-11.362940 -15.635982 -10.125692 -333.362860 0.016736 0.024128 0.999569 0.833378 0.552031 -0.027279 -0.552451 0.833475 -0.010869
-13.285083 -13.914158 -147.065466 -271.683398 0.265364 -0.603828 0.751648 0.616597 0.705616 0.349163 -0.741208 0.370809 0.559563
-14.346497 -15.538006 45.548493 -268.270858 0.045945 0.889641 -0.454344 0.744312 0.272859 0.609547 -0.666249 0.366179 0.649634
-13.424991 -16.111336 128.483982 -215.553808 -0.104088 0.710108 -0.696357 0.767956 0.502294 0.397422 -0.631988 0.493405 0.597614
-13.178945 -14.970510 -220.546011 -198.671423 0.501288 0.831487 0.239457 0.475545 -0.495938 0.726569 -0.722888 0.250348 0.644018
0.779281 -12.374128 -37.300716 92.152729 0.379631 0.219744 0.898661 -0.090208 0.975545 -0.200437 -0.920729 -0.004974 0.390170
0.794316 -11.543236 22.687728 56.912241 0.393861 0.246351 0.885542 -0.000200 0.963438 -0.267932 -0.919170 0.105351 0.379510
0.983096 -12.509353 57.060262 53.535022 0.395262 0.229770 0.889367 -0.109989 0.973083 -0.202516 -0.911959 -0.017773 0.409895
0.964490 -12.972224 -8.295951 82.785890 0.380913 0.224517 0.896938 -0.207365 0.966103 -0.153766 -0.901058 -0.127422 0.414558
1.012449 -12.605937 7.565077 14.958630 0.389102 0.233804 0.891030 -0.141199 0.970962 -0.193119 -0.910309 -0.050669 0.410816
1.266875 -12.908945 11.337169 49.255346 0.388083 0.230595 0.892310 -0.228018 0.962116 -0.149466 -0.892972 -0.145458 0.425961
-3.997664 -26.468126 313.272998 650.236663 -0.613933 -0.454178 -0.645607 -0.339295 0.890314 -0.303677 0.712716 0.032614 -0.700694
-5.449311 -33.189864 250.440497 1609.566228 -0.585511 -0.409622 -0.699562 -0.181889 0.907328 -0.379042 0.789996 -0.094691 -0.605756
-4.330000 -39.634898 278.997084 1738.730176 -0.632289 -0.373026 -0.679016 -0.107066 0.910115 -0.400285 0.767299 -0.180396 -0.615394
-2.584377 -30.367807 258.293628 1506.162822 -0.655209 -0.361032 -0.663594 -0.211227 0.930929 -0.297918 0.725317 -0.055029 -0.686212
-2.825273 -44.256639 291.192555 2345.958197 -0.666124 -0.335795 -0.665973 0.006920 0.890095 -0.455723 0.745809 -0.308176 -0.590590
1.069135 -12.065078 -8.255001 -39.631201 0.713655 0.301061 0.632503 -0.557139 0.791261 0.251994 0.424609 0.532229 -0.732420
1.109614 -12.101801 -34.550996 112.774044 -0.702275 -0.315282 -0.638285 -0.517877 0.841450 0.154160 0.488481 0.438815 -0.754206
0.736926 -12.233259 6.958516 -47.153612 0.698425 0.292346 0.653250 -0.546133 0.807617 0.222472 0.462537 0.512142 -0.723720
0.448451 -13.649552 18.265117 -252.079691 0.681132 0.310880 0.662882 -0.616095 0.732536 0.289512 0.395582 0.605594 -0.690486
0.889878 -12.366796 12.026332 -66.298167 -0.689049 -0.299110 -0.660110 -0.535671 0.823706 0.185916 0.488127 0.481707 -0.727798
0.314805 -14.097225 36.745552 -274.042029 0.655632 0.319198 0.684295 -0.617994 0.747555 0.243403 0.433854 0.582473 -0.687383
1.157918 -22.568786 -20.047339 990.334072 0.528056 0.541868 0.653862 0.087727 0.731039 -0.676673 -0.844666 0.414683 0.338493
1.766797 -27.351433 9.727633 773.963194 0.541552 0.528973 0.653382 -0.105178 0.813745 -0.571626 -0.834062 0.240844 0.496322
1.276528 -23.653802 124.504843 786.295827 0.546286 0.505150 0.668128 0.047624 0.777648 -0.626894 -0.836243 0.374282 0.400761
0.780736 -17.433148 57.439342 518.555025 0.518105 0.506116 0.689502 0.214302 0.703609 -0.677502 -0.828035 0.498779 0.256082
0.528760 -15.550371 -39.639823 519.887619 0.508738 0.529811 0.678592 0.238697 0.670511 -0.702452 -0.827170 0.519342 0.214650
0.309058 -38.529667 20.411585 -842.129762 -0.651958 -0.452936 -0.608111 0.064866 0.765733 -0.639880 0.755475 -0.456620 -0.469846
-0.397956 -36.426558 75.277610 -612.439940 -0.659119 -0.431436 -0.615975 0.065781 0.782859 -0.618712 0.749156 -0.448324 -0.487617
0.669598 -37.288748 30.342770 -422.900716 -0.650666 -0.430271 -0.625700 0.226184 0.676763 -0.700594 0.724897 -0.597376 -0.343026
0.844804 -39.867500 -3.519565 -427.512556 -0.646410 -0.453226 -0.613792 0.202487 0.673707 -0.710716 0.735631 -0.583699 -0.343719
1.130811 -38.484399 19.947533 -274.724150 0.631653 0.449366 0.631732 0.351062 0.560739 -0.749885 0.691209 -0.695444 -0.196437
0.740235 -36.204652 -50.151908 -5.780545 0.650291 0.408332 0.640614 0.363185 0.573552 -0.734258 0.667247 -0.710143 -0.224675
4.065570 -9.295258 70.285683 -49.045495 0.425991 0.552068 0.716766 0.371783 0.615444 -0.694987 -0.824808 0.562540 0.056924
3.855743 -9.798498 -73.957833 -84.944518 0.398977 0.571842 0.716808 0.427587 0.575504 -0.697111 -0.811164 0.584629 -0.014899
3.811164 -9.202904 117.516204 -6.684131 0.428328 0.503515 0.750338 0.424980 0.620552 -0.659020 -0.797450 0.601156 0.051816
3.156146 -8.831205 25.659975 -5.906291 0.428283 0.522817 0.737046 0.351660 0.654912 -0.668899 -0.832412 0.545667 0.096634
-0.211591 -35.563666 165.816593 662.745987 0.596483 0.382883 0.705413 0.112639 0.830252 -0.545888 -0.794682 0.405070 0.452104
0.464114 -37.752367 139.179139 628.387698 0.577568 0.404346 0.709168 0.070162 0.840912 -0.536605 -0.813322 0.359682 0.457314
0.167738 -37.226420 214.413599 344.305365 0.607929 0.401700 0.684879 0.238256 0.730534 -0.639964 -0.757401 0.552229 0.348406
0.152095 -37.712263 -14.420262 215.096652 0.582183 0.421116 0.695503 0.212536 0.746850 -0.630114 -0.784788 0.514661 0.345301
-2.602895 -10.960660 103.168949 -174.751906 -0.409044 -0.274649 -0.870202 0.797889 -0.570383 -0.195031 -0.442783 -0.774100 0.452451
-1.761046 -10.269648 -42.049917 70.019329 -0.172996 -0.457481 -0.872229 0.864370 -0.495058 0.088218 -0.472162 -0.738667 0.481076
-1.858602 -11.421629 72.794715 76.352765 -0.375300 -0.296734 -0.878122 0.789993 -0.597937 -0.135581 -0.484830 -0.744594 0.458824
2.906649 -7.016179 -660.676131 -61.622677 0.302551 -0.693824 -0.653507 0.823864 -0.154404 0.545350 -0.479281 -0.703397 0.524902
10.460341 -5.862939 -967.430553 233.710055 0.666838 -0.655191 -0.355038 -0.570809 -0.142805 -0.808569 -0.479066 -0.741843 0.469217
479.046164 -21.406224 -39751.964912 -1109.439000 0.785642 -0.602631 0.140012 -0.200967 -0.462615 -0.863481 -0.585132 -0.650249 0.484558
2.485095 -3.887697 60.380133 225.417270 0.438179 0.253871 0.862293 -0.643910 0.757994 0.104042 -0.627199 -0.600829 0.495607
3.387550 -8.332293 -569.599576 95.921552 0.062761 -0.616691 -0.784699 0.842780 -0.388400 0.372648 -0.534587 -0.684717 0.495359
3.157146 -55.691580 227.745595 -981.674041 0.695065 0.418660 0.584473 0.002506 0.811541 -0.584290 -0.718943 0.407584 0.563024
3.487580 -59.386085 116.723092 531.046144 0.691983 0.437270 0.574416 0.174220 0.671016 -0.720684 -0.700576 0.598776 0.388150
2.425370 -72.305795 62.928091 -1835.940775 0.685186 0.427006 0.590073 0.010780 0.804096 -0.594402 -0.728288 0.413637 0.546352
3.693659 -55.698174 159.654494 -1416.880164 0.680937 0.437436 0.587345 -0.107131 0.852881 -0.510997 -0.724464 0.285034 0.627621
2.858431 -59.297417 151.010366 -2468.657624 0.672333 0.427022 0.604666 -0.195178 0.890197 -0.411648 -0.714055 0.158747 0.681854
1.113087 -14.703230 404.278197 -84.724835 0.701596 0.164182 0.693403 -0.382124 -0.734657 0.560589 -0.601452 0.658273 0.452695
0.900018 -14.015668 409.091505 -167.487944 0.726875 0.199493 0.657157 -0.423568 -0.622991 0.657626 -0.540594 0.756363 0.368337
-1.371232 -15.831577 268.149082 -67.177118 0.679250 0.131119 0.722099 -0.408312 -0.750060 0.520279 -0.609836 0.648242 0.455941
-1.083209 -15.472838 247.314569 -11.542222 0.661252 0.094945 0.744131 0.345425 0.842002 -0.414385 -0.665903 0.531054 0.523979
0.153851 -139.941443 -60.278888 4462.129651 0.729735 0.203458 0.652757 0.332281 0.728848 -0.598640 0.597559 -0.653747 -0.464261
0.372120 -157.422478 83.317471 341.639881 0.720926 0.213130 0.659425 0.502339 0.494793 -0.709109 0.477411 -0.842470 -0.249646
18.113230 -336.161098 1822.324903 36854.036991 0.737638 0.243339 0.629822 0.595401 0.205471 -0.776710 0.318414 -0.947928 -0.006678
1.033538 -156.756796 6.483410 693.243918 0.730328 0.250641 0.635453 0.466396 0.496714 -0.731949 0.499095 -0.830936 -0.245866
-78.663937 -5537.571399 263.940457 -554185.785165 0.096224 0.858219 0.504184 -0.398384 -0.430986 0.809655 -0.912157 0.278767 -0.300430
-8.590997 -1299.709543 4367.868484 398191.862751 -0.073305 0.850461 0.520905 -0.707369 -0.412530 0.573975 -0.703033 0.326396 -0.631831
-25.271806 -1994.586957 849.166410 -58780.604115 -0.127442 -0.742476 -0.657639 0.850645 -0.422792 0.312490 -0.510060 -0.519593 0.685464
-2.815671 -479.413247 -734.933375 -42381.355013 -0.230950 -0.781991 -0.578923 0.959931 -0.280200 -0.004461 -0.158726 -0.556757 0.815370
0.831661 -426.801599 -298.748429 -46012.131475 -0.037101 0.872004 0.488090 -0.036083 -0.489277 0.871382 -0.998660 -0.014717 -0.049618
310.027296 -685.716534 -90208.150310 -48855.008339 -0.548047 0.772792 0.320059 -0.755744 -0.621467 0.206467 -0.358462 0.128729 -0.924626
-0.442464 -4.693978 -179.794367 424.616173 -0.132775 -0.339944 -0.931026 0.986162 0.048780 -0.158449 0.099279 -0.939180 0.328763
-0.624320 -2.285277 182.585763 286.622525 0.277414 -0.216745 -0.935982 0.947221 0.224622 0.228730 0.160666 -0.950035 0.267619
0.706486 -1.796786 380.976993 128.414674 0.612848 -0.135220 -0.778545 0.773139 0.306242 0.555403 0.163321 -0.942301 0.292224
9.355769 2.204740 922.931218 -103.333633 0.831903 0.002661 -0.554915 -0.522495 -0.333070 -0.784897 0.186914 -0.942898 0.275691
4.099692 2.158437 1229.654019 73.346869 0.685905 -0.012064 -0.727591 0.693255 0.314773 0.648317 0.221204 -0.949090 0.224268
9.049411 2.782019 808.731227 -4.354924 0.802889 -0.039574 -0.594814 -0.575680 -0.310570 -0.756399 0.154797 -0.949726 0.272135
10.555315 2.502759 -591.960152 -39.225528 0.901295 -0.264547 -0.343049 -0.422318 -0.360140 -0.831833 -0.096514 -0.894603 0.436315
10.859764 2.857794 125.772330 -64.468952 0.875167 -0.151926 -0.459349 -0.480656 -0.381449 -0.789599 0.055257 -0.911820 0.406855
8.253231 2.519733 1226.938070 -75.964663 0.813273 0.005821 -0.581853 -0.538367 -0.371896 -0.756211 0.220790 -0.928256 0.299319
4.896006 -5.125517 104.757050 -40.855881 0.728868 0.444074 0.521104 -0.558776 -0.053981 0.827560 -0.395628 0.894362 -0.208793
4.485405 -4.429680 88.794364 -64.500903 0.789222 0.405332 0.461340 -0.490830 -0.035141 0.870546 -0.369072 0.913494 -0.171215
5.048052 -5.061434 160.484157 -7.596051 0.779153 0.429675 0.456400 -0.477930 -0.063904 0.876070 -0.405592 0.900719 -0.155563
-2.086136 -233.645105 -973.125743 -15835.073738 -0.020179 0.838823 -0.544030 0.973255 0.141027 0.181345 0.228839 -0.525821 -0.819235
-8.665716 -88.539991 -39.517107 -5367.802403 0.066801 0.879058 -0.472012 0.941211 -0.212524 -0.262593 -0.331148 -0.426721 -0.841576
-24.789675 -124.747683 -1575.668087 -8640.063213 -0.055755 0.905321 -0.421053 0.981627 -0.027371 -0.188835 -0.182481 -0.423846 -0.887162
-3.838122 -580.878239 -412.847924 63144.536142 -0.181696 0.901680 -0.392378 -0.868683 -0.334174 -0.365674 0.460844 -0.274410 -0.843992
0.360094 -7.412395 41.288531 -78.115610 0.859773 -0.182369 -0.477004 -0.507410 -0.410558 -0.757613 0.057672 -0.893411 0.445522
-0.282089 -6.479260 40.638949 -93.173575 0.868165 -0.174924 -0.464425 -0.487064 -0.479793 -0.729772 0.095173 -0.859768 0.501738
-0.915847 -7.310567 162.773729 -114.577645 0.905211 -0.125459 -0.406022 -0.416769 -0.448806 -0.790492 0.083050 -0.884779 0.458551
-3.809783 -16.698681 -246.146054 592.752457 -0.601825 -0.341162 -0.722091 -0.370202 0.920328 -0.126279 0.707642 0.191321 -0.680176
-2.615449 -13.838979 -511.482735 970.407754 -0.633633 -0.240348 -0.735351 -0.462516 0.879631 0.111032 0.620152 0.410465 -0.668528
-1.730722 -17.815855 -461.653767 912.222818 -0.511694 -0.424895 -0.746749 -0.506890 0.851068 -0.136915 0.693708 0.308461 -0.650861
-2.771527 -19.650228 -254.653698 -56.160145 -0.506615 -0.485119 -0.712742 -0.351404 0.871084 -0.343115 0.787309 0.076633 -0.611777
-2.721441 -10.223868 262.756273 -180.505843 -0.540611 -0.620870 -0.567680 -0.565935 0.767675 -0.300654 0.622461 0.158732 -0.766386
0.134241 -9.592165 -270.249359 -88.725047 0.429554 0.749129 0.504271 -0.652770 0.643447 -0.399834 0.623999 0.157422 -0.765404
0.374350 -9.818227 -411.161755 -28.754423 0.498933 0.699205 0.512033 -0.662328 0.688676 -0.295036 0.558916 0.191930 -0.806707
-0.087675 -9.692757 -145.517611 -112.571360 0.409515 0.760618 0.503744 -0.620909 0.636924 -0.456946 0.668408 0.125654 -0.733104
-4.831060 -11.518847 350.787443 -225.538489 -0.604656 -0.564918 -0.561479 -0.580659 0.795175 -0.174735 0.545185 0.220373 -0.808832
-1.084844 -9.505721 161.728466 -150.690485 -0.519968 -0.639624 -0.566140 -0.526779 0.761858 -0.376929 0.672412 0.102240 -0.733082
-4.672741 -47.452648 -131.091450 1129.294922 0.381391 0.204990 0.901399 -0.455349 0.890259 -0.009795 -0.804487 -0.406715 0.432879
-5.813780 -52.392801 -69.495859 1826.972710 0.425649 0.216217 0.878677 -0.441827 0.897075 -0.006715 -0.789691 -0.385365 0.477370
-4.860075 -43.950804 -164.518921 2454.145556 0.390352 0.213340 0.895607 -0.178216 0.971892 -0.153836 -0.903252 -0.099561 0.417400
-4.370387 -53.047858 77.488938 -48.267520 -0.389700 -0.209289 -0.896846 0.699582 -0.700605 -0.140491 -0.598931 -0.682166 0.419441
-3.337312 -54.303208 -162.575297 992.713124 0.321687 0.199235 0.925647 -0.616868 0.785765 0.045251 -0.718326 -0.585558 0.375672
-0.129295 -12.609918 -71.810061 129.414617 0.260997 0.465642 0.845611 0.636585 0.575497 -0.513383 -0.725700 0.672295 -0.146218
-0.440684 -12.669095 -32.641720 161.691769 0.286684 0.479715 0.829268 0.660031 0.528496 -0.533901 -0.694385 0.700404 -0.165115
0.163541 -12.149263 -80.155721 49.561390 0.251788 0.457497 0.852818 0.732257 0.486108 -0.476967 -0.632773 0.744577 -0.212610
0.849279 -12.322398 -84.015734 5.940961 0.240802 0.440788 0.864709 0.687809 0.551090 -0.472459 -0.684787 0.708524 -0.170474
0.114817 -13.310846 -17.908210 -143.409730 0.287863 0.448795 0.846001 0.773468 0.411944 -0.481715 -0.564696 0.793023 -0.228546
-0.261805 -12.684665 -62.990964 -139.436156 0.262821 0.463536 0.846203 0.786728 0.404765 -0.466073 -0.558555 0.788226 -0.258296
2.095896 -27.556898 26.450805 942.558972 -0.436447 -0.633077 -0.639318 -0.186110 0.758722 -0.624263 0.880271 -0.153474 -0.448964
2.706209 -28.840769 -4.271269 -291.806899 -0.433377 -0.628815 -0.645582 0.099065 0.678767 -0.727641 0.895751 -0.379297 -0.231868
2.684125 -28.719141 31.052923 249.258934 -0.421441 -0.655521 -0.626641 0.002930 0.690017 -0.723788 0.906851 -0.306870 -0.288881
2.181428 -26.228021 85.610527 1113.505349 -0.428918 -0.657815 -0.619119 -0.261040 0.746381 -0.612187 0.864805 -0.100964 -0.491853
2.467486 -28.475095 69.215364 738.684652 -0.410458 -0.675795 -0.612230 -0.093892 0.699146 -0.708787 0.907033 -0.233443 -0.350422
2.911745 -30.019265 29.524725 -285.177558 0.385415 0.682342 0.621180 0.173715 0.607496 -0.775094 0.906244 -0.406641 -0.115605
-0.414488 -33.554996 44.363610 -1608.578610 0.472573 0.625995 0.620326 0.771489 0.046393 -0.634548 -0.426003 0.778446 -0.461025
0.564253 -34.122376 82.720469 -1607.885927 0.453982 0.624106 0.635919 0.777984 0.070247 -0.624344 -0.434328 0.778176 -0.453654
-0.707624 -38.898932 37.422368 -967.859162 0.467738 0.624199 0.625777 0.867595 -0.189015 -0.459948 -0.168818 0.758056 -0.629962
-1.136954 -39.240601 23.592329 -992.886340 0.485607 0.625984 0.610188 0.858025 -0.207748 -0.469717 -0.167270 0.751654 -0.637994
8.503336 -12.414796 -15.335622 61.658526 -0.494011 -0.364910 -0.789173 0.540203 0.582391 -0.607454 0.681274 -0.726403 -0.090583
6.980932 -12.876101 -389.498175 130.035064 -0.401925 -0.410814 -0.818345 0.563740 0.593239 -0.574687 0.721563 -0.692315 -0.006845
8.112260 -12.610097 -306.483367 -95.204420 -0.432475 -0.398521 -0.808793 0.494285 0.645428 -0.582327 0.754088 -0.651616 -0.082149
8.838784 -12.082711 -106.994525 -110.462172 0.550943 0.328259 0.767273 0.485320 0.621919 -0.614558 0.678916 -0.710959 -0.183331
7.950144 -12.353461 -180.481616 101.232767 0.559813 0.298367 0.773037 0.545740 0.569246 -0.614920 0.623520 -0.766118 -0.155840
-2.891684 -11.128998 -596.598863 -149.155466 0.839572 -0.308788 -0.446955 0.424390 -0.140807 0.894464 0.339135 0.940650 -0.012829
-8.446611 -16.770042 430.424888 -539.194067 -0.581066 0.259577 0.771351 0.686356 -0.353024 0.635838 0.437354 0.898885 0.026968
-7.609279 -13.063887 -658.754819 -184.728389 0.841348 -0.378215 -0.386116 0.408801 -0.022030 0.912358 0.353574 0.925455 -0.136079
-1.027911 -10.496783 -745.640090 1.824399 0.939531 -0.307188 -0.151383 0.184270 0.080867 0.979543 0.288662 0.948207 -0.132583
1.560519 -8.086836 -326.968059 -19.564223 0.910119 -0.346767 -0.226795 0.240514 -0.003575 0.970639 0.337397 0.937944 -0.080149
-0.265614 -8.546978 -102.327189 -166.809762 -0.422479 -0.350823 -0.835724 0.312695 0.809028 -0.497691 0.850725 -0.471591 -0.232097
-0.313768 -10.453985 -80.527543 -179.673973 -0.436313 -0.378869 -0.816143 0.201484 0.842862 -0.498987 0.876946 -0.382154 -0.291415
0.486708 -8.821056 -77.861806 -175.213789 -0.433663 -0.365429 -0.823649 0.276151 0.816190 -0.507518 0.857716 -0.447543 -0.253038
3.481235 -7.078209 57.117696 223.824137 0.536502 0.366027 0.760388 0.821739 -0.431721 -0.371971 0.192124 0.824404 -0.532398
2.359861 -6.016645 76.387359 251.723452 0.579721 0.312089 0.752678 0.783375 -0.467602 -0.409478 0.224160 0.827012 -0.515561
3.954791 -8.893969 11.622383 227.167915 0.543562 0.357817 0.759281 0.828785 -0.371990 -0.418017 0.132872 0.856499 -0.498753
2.894436 -5.274839 81.471791 209.857063 0.518274 0.369225 0.771404 0.822114 -0.463616 -0.330439 0.235629 0.805440 -0.543825
3.938535 -8.817745 -7.616966 188.413538 0.518985 0.405821 0.752306 0.846936 -0.363116 -0.388389 0.115558 0.838723 -0.532156
3.606772 -6.565095 59.033056 180.110982 0.490415 0.419603 0.763824 0.847758 -0.432835 -0.306529 0.201989 0.797864 -0.567991
-0.741999 -123.478979 -26.791996 832.717808 -0.220693 -0.003467 -0.975337 0.888077 -0.414161 -0.199476 -0.403255 -0.910197 0.094481
-0.524735 -189.288540 628.104519 -5122.996654 -0.289902 0.106577 -0.951104 0.836134 -0.455321 -0.305880 -0.465657 -0.883926 0.042886
-0.800796 -130.737388 200.019547 5630.199031 -0.170172 0.036269 -0.984747 0.980174 -0.096696 -0.172943 -0.101494 -0.994653 -0.019095
1.335361 -157.024894 -75.685505 6398.562753 -0.230949 0.038722 -0.972195 0.971345 -0.048478 -0.232677 -0.056140 -0.998073 -0.026417
-0.686736 -233.802208 236.946295 -14562.344334 -0.233250 0.085151 -0.968682 0.788954 -0.565767 -0.239706 -0.568460 -0.820156 0.064785
-119.379295 -1504.358481 -13511.776557 -2990614.698319 0.204873 0.245141 0.947593 -0.694374 0.718723 -0.035806 -0.689835 -0.650648 0.317467
363.484622 -359.081058 2905134.470756 41046.436078 0.624296 -0.734848 -0.265051 0.629559 0.272397 0.727637 -0.462504 -0.621126 0.632687
-31.655970 -2781.698433 7494.012087 -325322.836936 0.594930 0.378207 0.709238 0.051994 0.862424 -0.503509 -0.802094 0.336428 0.493417
7134.004764 -19.387990 -188387.305639 -2118.755232 0.048317 0.877847 -0.476498 -0.683752 -0.318687 -0.656446 0.728113 -0.357524 -0.584831
3333.673672 -137.213092 7185077.964772 21717.413955 0.435194 0.677360 -0.593119 0.242610 0.546179 0.801766 -0.867033 0.492821 -0.073359
-6.505795 -11.941722 12.148560 -43.887895 0.487567 -0.384814 -0.783707 0.640502 0.767654 0.021543 0.593326 -0.512470 0.620757
-6.378734 -12.249144 -146.768355 30.589615 0.463005 -0.515705 -0.720884 0.680617 0.727860 -0.083553 0.567791 -0.451961 0.688000
-6.936880 -11.008055 -98.633353 -181.815488 0.406098 -0.539612 -0.737498 0.773612 0.632586 -0.036866 0.486424 -0.555566 0.674342
-8.595058 -15.104414 365.973269 407.965312 0.866845 -0.181950 0.464191 -0.317552 0.516276 0.795374 0.384369 0.836871 -0.389753
-8.408503 -17.686652 279.298826 310.132996 0.854509 -0.125401 0.504073 -0.302664 0.668463 0.679376 0.422148 0.733098 -0.533253
-9.419069 -16.295247 167.191294 274.768177 0.899645 -0.108205 0.423002 -0.272260 0.618364 0.737224 0.341341 0.778407 -0.526848
-9.650752 -14.232319 314.895565 442.469406 0.918162 -0.175574 0.355180 -0.242196 0.460743 0.853848 0.313560 0.869994 -0.380513
-87.000586 -298.073721 -5651.128046 24298.198305 -0.441508 -0.525686 -0.727135 0.694811 0.312455 -0.647773 0.567722 -0.791218 0.227301
-60.486799 -103.036476 760.199604 5302.239982 0.275786 0.101227 -0.955874 0.910324 0.291792 0.293545 0.308631 -0.951110 -0.011677
-91.440484 -674.268937 680.057344 51250.504484 0.217853 0.162430 -0.962370 0.583533 0.768719 0.261840 0.782323 -0.618617 0.072684
-28.652381 -115.402389 1708.929915 7455.429276 0.306348 0.595258 0.742845 0.487373 0.572248 -0.659546 0.817691 -0.564093 0.114805
-13.075649 -21.476971 -115.886261 -211.490728 0.640814 0.512403 0.571665 0.669974 -0.009698 -0.742321 -0.374823 0.858690 -0.349511
-17.434652 -21.528582 446.657648 -205.448195 0.546778 0.390515 0.740629 0.790107 0.052057 -0.610754 -0.277064 0.919123 -0.280085
-15.447869 -22.026973 71.292633 -264.514238 0.402504 0.286461 0.869443 0.887550 0.110446 -0.447276 -0.224153 0.951705 -0.209793
-10.669761 -12.989421 -335.843564 -38.492159 0.570068 0.310753 0.760563 0.124901 0.882174 -0.454059 -0.812048 0.353839 0.464085
-10.758155 -12.410984 -277.695304 34.349651 0.568832 0.350230 0.744157 0.188417 0.825245 -0.532419 -0.800581 0.443069 0.403436
-7.439944 -12.963110 -436.606836 12.680477 0.500048 0.452786 0.738198 0.108141 0.813104 -0.571985 -0.859219 0.365849 0.357627
0.266076 -11.176554 -112.754476 84.097977 0.367342 0.228892 0.901481 0.011033 0.968104 -0.250304 -0.930020 0.101894 0.353100
0.590760 -10.385824 -48.121438 72.732723 0.386552 0.294038 0.874139 0.105889 0.927397 -0.358778 -0.916169 0.231248 0.327352
-6.455006 -49.459623 -50.412308 2001.630306 -0.508922 -0.399191 -0.762657 0.194596 0.809686 -0.553661 0.838529 -0.430180 -0.334386
-6.737390 -38.537523 -10.324940 1955.050080 -0.515804 -0.402629 -0.756199 -0.058672 0.897210 -0.437688 0.854695 -0.181394 -0.486408
-8.128455 -46.943994 25.244926 2803.192928 -0.458788 -0.425274 -0.780164 -0.057511 0.890394 -0.451542 0.886683 -0.162294 -0.432960
-6.321017 -53.862392 118.283202 1825.985293 -0.484748 -0.392778 -0.781502 0.331517 0.744322 -0.579725 0.809392 -0.540102 -0.230596
-5.398252 -53.391099 -6.401903 465.887752 0.519779 0.380225 0.765022 0.517322 0.572554 -0.636050 0.679859 -0.726368 -0.100903
-4.724979 -56.282054 106.165422 1747.903660 -0.578457 -0.372628 -0.725628 0.367971 0.674708 -0.639818 0.728001 -0.637117 -0.253173
1.941919 -12.294056 -65.312675 96.372868 -0.707732 -0.322990 -0.628325 -0.532061 0.828789 0.173263 0.464787 0.456931 -0.758411
1.932802 -13.260893 -104.235996 167.950392 -0.677832 -0.365853 -0.637727 -0.515845 0.854720 0.057946 0.523878 0.368246 -0.768080
2.069302 -26.682328 137.873563 534.411579 0.557349 0.481291 0.676551 -0.131813 0.855805 -0.500222 -0.819749 0.189620 0.540423
-0.532980 -38.002982 51.633074 -402.885476 -0.652980 -0.457308 -0.603728 -0.119924 0.849505 -0.513770 0.747821 -0.263080 -0.609551
-1.515699 -36.157215 98.828997 -145.604007 -0.652946 -0.451892 -0.607829 -0.138687 0.860280 -0.490596 0.744599 -0.236035 -0.624388
-1.664766 -35.245850 127.706839 -408.054119 -0.660336 -0.426927 -0.617811 0.050638 0.795497 -0.603838 0.749261 -0.430021 -0.503676
1.116342 -10.564332 -421.378926 188.401907 0.346394 0.622061 0.702176 -0.405153 -0.575902 0.710062 -0.846087 0.530450 -0.052540
2.583343 -9.837744 -260.850816 148.917642 0.381478 0.643304 0.663803 -0.348603 -0.564965 0.747857 -0.856125 0.516695 -0.008736
0.117711 -10.267566 -485.086547 140.200467 0.359760 0.654582 0.664902 -0.335507 -0.574196 0.746816 -0.870637 0.491754 -0.013044
2.145386 -9.556384 -225.766140 16.726778 0.396853 0.660961 0.636897 -0.296383 -0.564433 0.770437 -0.868714 0.494516 0.028099
0.576950 -35.597086 52.731850 330.830821 0.577052 0.396314 0.714105 -0.074699 0.896317 -0.437077 -0.813284 0.198874 0.546826
1.916983 -34.475129 37.585564 623.166800 0.532086 0.451444 0.716298 0.112451 0.800824 -0.588248 -0.839189 0.393547 0.375342
2.680407 -36.857680 162.370709 25.800379 0.561558 0.437790 0.702134 0.285003 0.694300 -0.660848 -0.776805 0.571215 0.265118
1.407821 -36.278065 77.076965 562.666544 0.543748 0.427048 0.722474 -0.075946 0.882364 -0.464399 -0.835805 0.197647 0.512216
0.052315 -37.131737 79.369622 -171.871382 0.562210 0.402593 0.722384 -0.240313 0.915343 -0.323103 -0.791309 0.008053 0.611363
0.379892 -9.794554 -123.771239 179.459113 -0.162821 -0.461596 -0.872020 0.823689 -0.550140 0.137415 -0.543163 -0.695899 0.469786
-2.863455 -8.996665 -192.539880 -19.778335 -0.041102 -0.556250 -0.829998 0.907588 -0.368184 0.201806 -0.417846 -0.745001 0.519979
3.005442 -35.395013 -115.895991 203.665152 0.441572 0.536004 0.719524 -0.018317 0.807161 -0.590047 -0.897039 0.247369 0.366238
2.218925 -32.713884 -80.104830 -66.246398 0.449962 0.525103 0.722358 -0.227509 0.849582 -0.475868 -0.863582 0.049779 0.501745
2.451203 -31.471123 -100.289895 -57.465905 0.429323 0.566581 0.703326 -0.056638 0.794104 -0.605137 -0.901373 0.219965 0.373017
2.191310 -36.421280 61.381712 134.395775 0.522240 0.471883 0.710346 -0.246533 0.880933 -0.403954 -0.816386 0.035837 0.576393
3.230772 -31.057203 -183.299461 382.625439 0.404666 0.578678 0.708080 0.169442 0.713455 -0.679906 -0.898630 0.395113 0.190658
3.043349 -34.295986 -206.530001 114.694286 0.435596 0.567338 0.698845 0.194180 0.698866 -0.688390 -0.878948 0.435562 0.194257
3.148778 -36.937779 45.052593 387.771212 0.506786 0.498959 0.702999 0.012206 0.811241 -0.584584 -0.861986 0.304840 0.405035
3.657741 -56.562220 -36.970933 -1927.422476 0.673053 0.483741 0.559459 -0.390674 -0.409760 0.824300 -0.627992 0.773363 0.086805
3.326731 -82.239870 85.602172 -3551.774430 0.697164 0.397341 0.596726 -0.371069 -0.512190 0.774577 -0.613409 0.761434 0.209639
3.123975 -54.309973 -56.838014 -17.367735 0.662941 0.470418 0.582423 0.167448 0.665068 -0.727768 -0.729706 0.579992 0.362130
3.952746 -12.991989 464.131997 -155.106484 0.729438 0.232041 0.643488 -0.398121 -0.620956 0.675213 -0.556255 0.748712 0.360569
3.637630 -11.950094 439.650408 -173.539726 0.757304 0.266364 0.596273 -0.407968 -0.520005 0.750438 -0.509954 0.811570 0.285134
1.194993 -12.828500 387.437929 -190.829981 0.762862 0.253429 0.594824 -0.425746 -0.495485 0.757123 -0.486603 0.830824 0.270090
-0.054111 -123.319088 -120.613261 -3446.721364 0.733976 0.215067 0.644224 0.671712 -0.089636 -0.735370 0.100408 -0.972477 0.210254
40.130353 -1238.827716 5350.806508 -246541.165832 -0.161101 -0.459593 -0.873396 0.979190 0.036235 -0.199683 0.123420 -0.887390 0.444192
84.178486 -7098.586695 15479.354415 6900777.040861 -0.006640 0.791900 0.610615 0.388242 -0.560685 0.731369 -0.921534 -0.241922 0.303726
4.471923 -9.056790 -98.253879 -176.181185 0.472782 0.437829 0.764711 0.847039 0.013415 -0.531362 -0.242905 0.898958 -0.364516
4.323750 -6.810384 -50.087125 -238.610897 0.493623 0.403022 0.770656 0.822407 0.071849 -0.564345 -0.282814 0.912366 -0.295981
4.460620 -7.064876 -19.748052 -210.364050 0.508529 0.434252 0.743521 0.802157 0.074926 -0.592393 -0.312957 0.897670 -0.310236
0.481349 -108.964370 -462.636401 -8217.859888 0.109922 0.851813 -0.512183 0.952960 -0.236762 -0.189240 -0.282463 -0.467288 -0.837769
-7.160301 -126.717837 186.496064 11521.552684 0.065041 0.883690 -0.463531 -0.876327 0.272769 0.397050 -0.477306 -0.380380 -0.792143
-35.905476 -76.138623 504.534558 -50.983034 -0.663269 -0.433669 0.609923 -0.534543 0.844917 0.019460 -0.523774 -0.313122 -0.792222
-11.615820 -137.137724 -1124.210042 10501.947471 0.182004 0.861098 -0.474746 -0.870277 0.365803 0.329857 -0.457703 -0.353125 -0.815972
2.143491 -4.157973 44.725037 -157.182870 0.476938 0.391639 0.786860 0.634454 0.466155 -0.616578 -0.608274 0.793296 -0.026150
1.927829 -5.629309 26.999785 -310.734304 0.463535 0.379592 0.800653 0.661917 0.452371 -0.597684 -0.589068 0.807013 -0.041568
0.615054 -4.023494 204.180283 -153.861724 0.506490 0.365944 0.780739 0.634083 0.455515 -0.624856 -0.584300 0.811536 -0.001325
-0.720081 -6.844994 -95.690576 -75.239955 0.805476 -0.252298 -0.536241 -0.589645 -0.431876 -0.682497 0.059397 -0.865926 0.496632
-0.491923 -5.427571 6.361271 -87.244410 0.857725 -0.195147 -0.475632 -0.502088 -0.516862 -0.693370 0.110527 -0.833529 0.541306
-1.338040 -5.431344 109.535919 -78.595547 0.895046 -0.149363 -0.420217 -0.430100 -0.538242 -0.724782 0.117923 -0.829449 0.545993
1.007731 -12.930636 -836.427736 1155.478408 -0.542945 -0.387565 -0.744986 -0.597337 0.801784 0.018225 0.590254 0.454903 -0.666831
1.187601 -7.374159 -109.207783 -63.698415 -0.629187 -0.274405 -0.727204 -0.525526 0.839527 0.137903 0.572666 0.468932 -0.672426
0.389043 -6.582347 -32.097600 -5.160961 -0.607914 -0.304708 -0.733207 -0.538257 0.837013 0.098430 0.583712 0.454491 -0.672844
0.951070 -7.231922 -115.759793 -114.976256 -0.654888 -0.216770 -0.723970 -0.512736 0.831208 0.214931 0.555179 0.511962 -0.655493
0.395883 -6.039339 -13.499889 25.249352 -0.574673 -0.353711 -0.737997 -0.573901 0.817056 0.055290 0.583428 0.455311 -0.672536
3.357376 -8.516807 205.691331 -119.424757 0.647108 0.236757 0.724706 -0.547938 0.805367 0.226159 0.530109 0.543443 -0.650887
3.107105 -9.013214 210.089931 -110.211248 0.672411 0.189710 0.715453 -0.543461 0.782760 0.303210 0.502506 0.592703 -0.629437
-0.265252 -6.104342 -30.493408 -70.471443 -0.630059 -0.275451 -0.726053 -0.541660 0.825857 0.156730 0.556445 0.492023 -0.669540
-0.262844 -7.483955 97.166008 -154.251086 0.696972 0.151580 0.700895 -0.480101 0.824659 0.299067 0.532667 0.544942 -0.647537
0.994713 -8.634307 213.134532 -168.253269 0.691880 0.139178 0.708471 -0.496688 0.803920 0.327128 0.524025 0.578223 -0.625345
-6.340315 -45.669586 -12.742548 2729.910659 0.451531 0.207335 0.867832 -0.104214 0.978225 -0.179486 -0.886148 -0.009396 0.463306
-7.290562 -46.238697 -209.968017 2511.643196 0.480256 0.185331 0.857325 -0.139914 0.981094 -0.133709 -0.865897 -0.055737 0.497107
-6.175909 -55.407234 113.562788 96.070635 -0.486044 -0.179202 -0.855364 0.635401 -0.744449 -0.205089 -0.600023 -0.643182 0.475700
-7.541326 -49.209758 -256.375700 1757.216829 0.474370 0.187286 0.860173 -0.386236 0.922320 0.012185 -0.791072 -0.338010 0.509857
-4.764737 -57.028092 22.310609 952.711737 -0.433293 -0.217185 -0.874693 0.770171 -0.593282 -0.234205 -0.468074 -0.775143 0.424335
-1.137604 -14.137049 -30.392894 166.850117 0.314814 0.507483 0.802093 0.541127 0.598310 -0.590937 -0.779791 0.620070 -0.086256
-0.488913 -14.254152 59.252520 175.758320 0.336637 0.521689 0.783911 0.565472 0.553674 -0.611299 -0.752939 0.649066 -0.108613
-0.666472 -12.905420 -9.047936 152.275274 0.302195 0.489083 0.818215 0.680707 0.490167 -0.544403 -0.667320 0.721481 -0.184796
2.079834 -27.796082 -13.373068 608.590903 -0.445796 -0.600870 -0.663492 -0.101540 0.770381 -0.629446 0.889357 -0.213233 -0.404445
-0.030289 -24.556626 64.202201 -1192.414876 0.471814 0.629012 0.617848 0.650849 0.224261 -0.725329 -0.594800 0.744346 -0.303582
1.132772 -25.483400 111.067300 -1168.973409 0.462845 0.628870 0.624738 0.651135 0.237030 -0.720999 -0.601497 0.740499 -0.299771
1.657251 -35.015810 124.727522 -1560.733607 0.430943 0.626308 0.649635 0.789069 0.087721 -0.608009 -0.437787 0.774624 -0.456398
-2.810186 -19.898193 427.174460 -690.543202 -0.547549 0.133910 0.825989 0.655329 -0.545179 0.522803 0.520321 0.827555 0.210757
0.334407 -16.647426 469.837305 -715.376671 -0.605711 0.162680 0.778877 0.640588 -0.480941 0.598618 0.471977 0.861529 0.187100
-0.783734 -22.289513 354.023570 -789.117167 -0.524682 0.109628 0.844210 0.606516 -0.647731 0.461068 0.597367 0.753941 0.273361
0.839313 -7.505208 -18.377248 -132.843953 -0.446979 -0.339360 -0.827674 0.335011 0.794407 -0.506640 0.829444 -0.503738 -0.241394
0.542641 -7.004023 80.265186 -90.355667 -0.483351 -0.345333 -0.804436 0.364121 0.756342 -0.543472 0.796108 -0.555600 -0.239836
0.925710 -6.441216 -42.351695 -47.261803 -0.454215 -0.357381 -0.816069 0.374391 0.754629 -0.538856 0.808406 -0.550285 -0.208964
0.543107 -71.741116 75.439480 -4096.470957 -0.254899 -0.158917 -0.953820 0.109058 0.975385 -0.191654 0.960798 -0.152874 -0.231294
1.917323 -61.586477 -210.611332 -1615.062318 -0.184060 -0.202026 -0.961929 -0.121126 0.975852 -0.181773 0.975423 0.083057 -0.204086
0.333195 -49.719004 -169.932056 -2275.961221 -0.196766 -0.207814 -0.958173 0.299694 0.917755 -0.260592 0.933524 -0.338435 -0.118303
-0.505949 -102.135358 118.416288 -6993.519942 -0.272924 -0.106194 -0.956157 0.390800 0.895952 -0.211057 0.879083 -0.431269 -0.203026
3.148930 -9.357073 85.793561 250.404470 0.579233 0.299085 0.758312 0.799664 -0.389016 -0.457388 0.158198 0.871329 -0.464499
-4.515819 -13.996375 52.359464 -142.320720 0.498319 -0.109016 -0.860113 0.396453 0.910920 0.114236 0.771040 -0.397920 0.497148
-4.018926 -13.765415 43.723515 -180.576994 0.458515 -0.085325 -0.884581 0.403482 0.906863 0.121667 0.791812 -0.412698 0.450237
-3.763217 -16.061437 -2.566742 -267.477306 0.484753 -0.104423 -0.868395 0.276781 0.960139 0.039049 0.829703 -0.259284 0.494333
-2.952566 -20.293062 -64.178625 -472.246153 0.492107 -0.102906 -0.864431 0.135724 0.989915 -0.040579 0.859890 -0.097354 0.501111
-2.813296 -19.161959 -9.781958 -477.101240 0.496758 -0.175349 -0.849991 0.205060 0.975361 -0.081370 0.843316 -0.133878 0.520476
-3.286109 -18.952472 -30.889196 -390.589254 0.476895 -0.067063 -0.876398 0.162526 0.986619 0.012942 0.863803 -0.148609 0.481413
-3.650600 -19.997700 75.337105 301.391939 0.790433 -0.151387 0.593547 -0.288141 0.763189 0.578375 0.540546 0.628192 -0.559629
-5.507322 -19.018770 214.832967 43.395404 0.799364 -0.117691 0.589208 -0.254694 0.821797 0.509687 0.544194 0.557493 -0.626940
-4.492485 -18.249182 126.408527 403.741505 0.799448 -0.153263 0.580855 -0.343220 0.677029 0.651024 0.493034 0.719821 -0.488647
-3.387250 -20.445877 -155.429407 -142.208299 -0.773424 0.131857 -0.620023 -0.214883 0.865673 0.452146 0.596355 0.482933 -0.641199
8.555011 -185.762481 44.805143 -13079.221188 0.637027 0.245893 0.730570 0.343905 0.757548 -0.554843 -0.689874 0.604697 0.398015
7.673467 -58.729763 -13.611114 -2412.956640 0.515532 0.377619 0.769175 0.305449 0.757699 -0.576709 -0.800580 0.532255 0.275275
14.333970 -132.382300 -405.089755 8293.081310 0.598435 0.394696 0.697202 -0.561914 -0.413526 0.716414 -0.571077 0.820495 0.025683
2.729809 -49.629172 380.834204 -2410.892409 0.637980 0.163444 0.752508 0.308140 0.841382 -0.443989 -0.705714 0.515134 0.486421
3.095987 -56.882760 480.561893 -4173.633013 0.650681 0.180440 0.737601 0.113618 0.937288 -0.329519 -0.750803 0.298217 0.589374
9.883685 -95.848341 398.648377 -6952.401041 0.552445 0.107014 0.826651 0.580980 0.661708 -0.473926 -0.597718 0.742086 0.303385
9.826380 -104.137325 174.510513 -4557.332700 0.603448 0.201471 0.771531 0.671243 0.393952 -0.627881 -0.430447 0.896778 0.102493
-69.560992 -161.357017 -3323.506792 10837.229505 -0.398869 -0.180352 -0.899098 0.910664 0.037228 -0.411468 0.107681 -0.982897 0.149391
-76.820967 -150.678951 932.997815 3920.466201 -0.332236 0.306417 -0.892036 0.929356 -0.055071 -0.365053 -0.160984 -0.950303 -0.266474
-59.710338 -92.071080 1936.842531 954.677501 -0.010310 0.431356 -0.902123 0.972319 0.214928 0.091657 0.233428 -0.876206 -0.421632
-8.613242 -21.189803 -744.519082 186.475768 0.622558 0.646834 0.440485 -0.599196 0.031944 0.799965 -0.503374 0.761961 -0.407467
-5.090728 -22.093256 -742.009123 835.683700 0.551224 0.702705 0.449842 -0.529438 -0.122113 0.839514 -0.644862 0.700924 -0.304728
-0.406926 -9.631902 -165.908219 75.776895 0.365114 0.282617 0.887029 0.081967 0.939348 -0.333026 -0.927348 0.194299 0.319804
0.041387 -9.101101 -152.266803 52.259333 0.379257 0.382409 0.842572 0.146101 0.874430 -0.462631 -0.913684 0.298557 0.275764
0.994041 -9.598938 -56.602442 50.263435 0.398466 0.384372 0.832756 0.189040 0.854037 -0.484648 -0.897490 0.350540 0.267643
0.922827 -10.448355 68.700084 79.202050 0.415924 0.331351 0.846885 0.190015 0.879036 -0.437252 -0.889326 0.342784 0.302651
2.829418 -13.974214 -125.009615 136.858750 -0.688428 -0.377543 -0.619296 -0.523880 0.849341 0.064574 0.501614 0.368891 -0.782497
2.215493 -14.629431 -113.637890 74.405556 -0.653272 -0.425892 -0.625980 -0.479494 0.872575 -0.093266 0.585936 0.239226 -0.774242
-2.042825 -21.933455 -131.021733 1096.512896 0.568361 0.673907 0.472033 -0.153066 -0.477087 0.865424 -0.808416 0.564125 0.168005
0.057958 -14.494786 -36.018002 98.689346 0.577631 0.621911 0.528743 -0.134567 -0.566323 0.813123 -0.805130 0.540837 0.243437
-1.848166 -17.736280 53.730375 -748.673728 0.554443 0.569530 0.606819 0.211964 0.608468 -0.764747 -0.804776 0.552632 0.216640
0.521577 -18.011857 -110.092169 478.478131 0.595072 0.687700 0.415883 -0.101120 -0.449296 0.887642 -0.797286 0.570265 0.197823
-4.985656 -33.467021 53.215005 1940.397001 0.554153 0.595347 0.581786 -0.286982 -0.519426 0.804884 -0.781380 0.612991 0.116988
-5.100498 -38.175398 -192.638574 2161.589517 0.554312 0.689769 0.465785 -0.269556 -0.380691 0.884542 -0.787450 0.615868 0.025090
-0.839963 -28.243656 -257.538767 1375.566613 0.565559 0.734203 0.375619 -0.167083 -0.344006 0.923982 -0.807606 0.585326 0.071883
0.635156 -42.769252 2.665430 -568.316814 -0.644423 -0.466506 -0.605881 0.059522 0.759336 -0.647970 0.762349 -0.453630 -0.461566
1.016132 -45.640352 -7.409123 -7.568572 -0.618940 -0.464550 -0.633330 0.251071 0.647015 -0.719955 0.744229 -0.604620 -0.283829
1.334545 -11.285479 -381.035904 95.681216 0.320222 0.608352 0.726200 -0.493887 -0.546942 0.675966 -0.808414 0.575120 -0.125315
4.462209 -9.644977 177.831398 -27.526996 0.428721 0.482748 0.763644 0.497432 0.579468 -0.645584 -0.754162 0.656636 0.008296
0.867866 -36.101657 -108.139944 262.557855 0.555922 0.421301 0.716559 0.048969 0.843945 -0.534189 -0.829791 0.332057 0.448537
0.364958 -42.398098 -277.788754 156.426923 0.558187 0.465829 0.686608 0.064748 0.800543 -0.595767 -0.827185 0.377006 0.416691
-0.378047 -42.883883 -130.021882 233.927248 0.592236 0.480363 0.646922 0.297159 0.616067 -0.729492 -0.748968 0.624270 0.222113
-1.141637 -12.332679 -10.445075 235.289282 -0.383597 -0.291862 -0.876168 0.752391 -0.648910 -0.113246 -0.535501 -0.702661 0.468514
-1.581856 -12.398775 -31.178163 19.801171 -0.435440 -0.260334 -0.861753 0.766350 -0.609469 -0.203114 -0.472334 -0.748848 0.464894
1.328518 -31.853541 -88.743796 -346.135725 0.447593 0.531735 0.718970 -0.279195 0.846909 -0.452544 -0.849536 0.001823 0.527528
1.401820 -31.924725 -51.463100 -106.173973 0.478061 0.469012 0.742620 -0.426584 0.863061 -0.270465 -0.767778 -0.187492 0.612669
4.247900 -87.541516 21.341584 -6021.432236 0.663238 0.478394 0.575547 -0.590684 -0.137630 0.795079 -0.459574 0.867293 -0.191298
3.591087 -47.913163 -178.661544 -1424.281478 0.664389 0.533955 0.522952 -0.527104 -0.161294 0.834353 -0.529857 0.829985 -0.174288
0.940857 -52.627322 -222.816344 -764.952297 0.638170 0.518260 0.569338 -0.431690 -0.371438 0.821996 -0.637481 0.770351 0.013313
4.134213 -13.775635 436.558678 -100.809553 0.707020 0.214496 0.673880 -0.349691 -0.722209 0.596766 -0.614686 0.657575 0.435609
1.305464 -93.864538 25.369358 -462.543689 0.613682 0.290408 0.734205 -0.326336 0.940049 -0.099060 -0.718957 -0.178806 0.671662
1.592828 -109.366008 -94.316791 543.288883 0.587055 0.352679 0.728687 -0.049013 0.913949 -0.402858 -0.808062 0.200784 0.553824
1.979779 -122.730045 -195.210063 -1980.406825 0.595432 0.283960 0.751550 -0.259804 0.953249 -0.154333 -0.760239 -0.103360 0.641369
1.771039 -93.573339 7.447857 297.156651 0.641493 0.239903 0.728652 -0.506470 0.845852 0.167398 -0.576172 -0.476425 0.664112
