11311
22598
-3.800613 -5.423293 -9.714297 -74.361307 0.132352 -0.702192 0.699578 0.939785 0.313263 0.136638 -0.315098 0.639369 0.701371
-4.429879 -5.962564 13.810834 -48.821974 -0.221714 -0.807771 0.546213 0.955913 -0.069444 0.285319 -0.192541 0.585391 0.787556
-4.530462 -7.638157 -15.465297 -109.734465 0.382626 -0.652379 0.654217 0.908284 0.395261 -0.137069 -0.169165 0.646661 0.743783
-3.454979 -4.874998 2.074240 -41.896285 -0.463616 -0.773705 0.431787 0.827064 -0.203078 0.524142 -0.317845 0.600116 0.734054
-2.628282 -7.515850 -61.314385 -147.925515 0.344177 -0.544563 0.764849 0.889172 0.450655 -0.079262 -0.301520 0.707363 0.639315
-2.245985 -5.462941 -42.890903 -87.104875 0.173946 -0.602317 0.779074 0.896054 0.424949 0.128472 -0.408448 0.675746 0.613627
-3.101181 -4.170246 -10.593210 -30.057764 -0.248528 -0.765667 0.593286 0.883553 0.071807 0.462793 -0.396948 0.639217 0.658661
-5.348821 -7.517334 35.077601 11.713723 -0.038762 -0.842485 0.537323 0.947478 -0.201825 -0.248098 0.317464 0.499485 0.806059
-5.423545 -7.222825 -37.635358 30.020391 0.076783 0.829128 -0.553761 0.866255 -0.330470 -0.374689 0.493667 0.450928 0.743611
-6.340929 -7.376904 76.176610 22.846488 0.052204 -0.805991 0.589621 0.916729 -0.195500 -0.348408 0.396085 0.558711 0.728669
-0.245468 -1.847637 -20.708913 -3.323303 0.409788 -0.786773 0.461586 0.697689 -0.055642 -0.714237 0.587626 0.614729 0.526121
0.126127 -1.657119 3.935685 -4.064944 -0.394708 0.801308 -0.449568 0.698407 -0.056274 -0.713485 0.597020 0.595600 0.537427
-0.132158 -1.868118 -12.171490 7.193604 0.457676 -0.794227 0.399670 0.683235 0.026509 -0.729717 0.568967 0.607042 0.554776
-0.183952 -2.132803 -12.590305 9.722155 0.525630 -0.778794 0.342335 0.639813 0.096689 -0.762424 0.560671 0.619784 0.549105
0.747958 -1.023055 37.926099 13.585411 0.613319 -0.248152 -0.749841 -0.528456 0.576640 -0.623074 -0.587005 -0.778401 -0.222526
0.022239 -1.510968 0.925413 25.545394 0.215336 0.113348 -0.969939 0.756497 -0.647453 0.092288 -0.617530 -0.753629 -0.225167
0.149738 -0.681866 16.207487 11.527191 0.446968 -0.090333 -0.889977 0.666986 -0.629321 0.398854 -0.596111 -0.771877 -0.221035
1.509343 -0.710108 51.144847 9.553153 0.690327 -0.378705 -0.616467 -0.388536 0.524724 -0.757433 -0.610319 -0.762396 -0.215090
0.915121 -0.484287 65.683607 -3.773283 0.715949 -0.364478 -0.595460 -0.380797 0.511001 -0.770630 -0.585159 -0.778482 -0.227059
-0.112104 -1.105453 -17.192729 46.213525 0.038860 0.215730 -0.975680 0.782854 -0.613377 -0.104442 -0.620991 -0.759756 -0.192721
-0.644057 -6.675347 1.655021 26.293103 0.097636 0.799588 -0.592559 0.533915 -0.544553 -0.646836 0.839882 0.253222 0.480080
-0.836150 -7.580164 -0.112645 24.347147 0.111403 0.786269 -0.607759 0.701261 -0.495527 -0.512530 0.704147 0.369100 0.606582
-0.782959 -7.323803 4.592322 21.938354 0.107129 0.804857 -0.583719 0.675202 -0.489845 -0.551501 0.729812 0.335047 0.595918
-0.275011 -6.616249 0.309509 -26.219404 -0.185283 -0.683424 0.706117 0.907474 0.156706 0.389788 -0.377043 0.713004 0.591154
-0.228522 -5.972297 -1.206075 -32.366132 -0.212409 -0.686465 0.695449 0.855447 0.213373 0.471892 -0.472327 0.695154 0.541912
-0.364110 -6.573096 -0.740663 -17.742268 -0.187657 -0.690685 0.698383 0.928105 0.108090 0.356283 -0.321568 0.715032 0.620744
-0.347859 -7.172386 -3.389888 -12.813960 -0.165444 -0.673577 0.720362 0.967136 0.032184 0.252213 -0.193069 0.738416 0.646116
11.734498 -11.380916 -264.095205 39.617308 -0.551049 0.039934 -0.833516 0.738974 -0.440644 -0.509657 -0.387637 -0.896793 0.213306
9.061103 -10.622816 -190.018890 71.200715 -0.546420 -0.085896 -0.833095 0.829250 -0.194863 -0.523807 -0.117346 -0.977062 0.177706
11.676044 -10.294498 -182.074381 62.614142 -0.461999 0.174334 -0.869577 0.852982 -0.181145 -0.489498 -0.242856 -0.967881 -0.065015
5.882284 -10.917885 -156.049554 -0.345968 -0.573650 -0.099718 -0.813008 0.747210 -0.470333 -0.469536 -0.335563 -0.876837 0.344317
6.491022 -11.329018 -154.933585 -9.465769 -0.579656 -0.001556 -0.814859 0.604588 -0.671273 -0.428796 -0.546325 -0.741209 0.390049
0.832124 -5.899863 32.409867 5.723385 0.398345 0.881042 -0.255120 -0.574735 0.456518 0.679169 -0.714844 0.123917 -0.688217
1.269866 -5.586365 31.625103 29.267395 0.405685 0.869863 -0.280640 -0.434374 0.453637 0.778160 -0.804201 0.193785 -0.561879
1.797908 -5.765883 15.811121 14.566928 0.384842 0.861731 -0.330630 -0.546160 0.501384 0.671062 -0.744047 0.077676 -0.663596
1.665725 -5.895802 22.621846 -19.681100 0.388769 0.869179 -0.305592 -0.701970 0.494265 0.512778 -0.596739 -0.015165 -0.802292
1.462554 -17.510586 11.621857 -287.557151 0.552733 -0.270065 0.788385 0.737414 -0.282197 -0.613666 0.388209 0.920560 0.043170
3.248581 -21.285346 49.172170 298.711469 0.567135 -0.296878 0.768259 -0.513497 0.601846 0.611639 0.643956 0.741380 -0.188882
1.009697 -18.882890 3.125826 -248.180408 0.524411 -0.267787 0.808259 0.689198 -0.423928 -0.587615 0.500000 0.865202 -0.037754
1.182056 -13.931109 -4.946626 -113.124439 0.513881 -0.278398 0.811431 0.812018 -0.147212 -0.564761 0.276681 0.949117 0.150414
8.101446 -29.805831 -34.032832 610.129644 -0.317847 0.667378 -0.673483 0.668286 -0.346187 -0.658444 0.672582 0.659364 0.335965
4.078611 -25.541303 22.624919 272.437166 0.306262 -0.679751 0.666440 0.909711 0.002770 -0.415232 0.280408 0.733438 0.619225
6.364343 -23.042228 -158.408918 240.193554 0.514130 -0.413144 0.751653 0.799108 -0.087648 -0.594764 0.311604 0.906438 0.285084
11.400402 -20.415984 -319.377821 -258.235383 0.662511 -0.269132 0.699033 -0.588914 0.389544 0.708122 0.462882 0.880808 -0.099582
4.968413 -20.032495 -191.125732 109.992321 0.674204 -0.191680 0.713238 0.696450 -0.156375 -0.700360 0.245778 0.968920 0.028067
2.833284 -4.366843 21.345872 9.963098 0.355083 -0.562970 0.746311 0.884694 0.460310 -0.073694 -0.302047 0.686425 0.661505
2.849499 -4.437958 9.280146 1.657182 0.327228 -0.537503 0.777182 0.831601 0.554377 0.033270 -0.448734 0.635418 0.628396
2.445588 -4.147197 -47.760753 12.702584 0.304523 -0.413092 0.858266 0.871462 0.484540 -0.075991 -0.384473 0.771088 0.507548
3.345963 -4.084059 -18.218265 12.959225 0.357753 -0.469963 0.806937 0.894182 0.421486 -0.150959 -0.269167 0.775554 0.571020
3.085396 -4.192596 31.751652 10.590348 0.380885 -0.587035 0.714365 0.910079 0.374510 -0.177479 -0.163350 0.717727 0.676893
1.982951 -1.550129 -34.457033 -10.089241 0.566210 -0.593550 -0.571931 0.630820 -0.134573 0.764170 -0.530539 -0.793467 0.298227
1.517948 -1.952027 -37.031843 -14.260009 0.529387 -0.595461 -0.604297 0.685558 -0.119340 0.718170 -0.499759 -0.794471 0.345046
2.030324 -1.743713 -16.122271 8.652286 0.650463 -0.537204 -0.536944 -0.607905 0.055606 -0.792060 -0.455355 -0.841617 0.290399
3.846802 0.302452 129.807781 6.242406 0.768214 -0.411086 -0.490771 -0.257222 0.503801 -0.824634 -0.586246 -0.759732 -0.281286
3.804450 0.300348 46.944746 -8.539767 -0.578293 0.583714 0.569961 0.269155 -0.523006 0.808716 -0.770151 -0.621082 -0.145341
3.334263 0.058775 65.255620 16.511041 0.712492 -0.475949 -0.515585 -0.235012 0.530483 -0.814467 -0.661154 -0.701470 -0.266111
3.055846 0.561221 33.011361 -4.233329 0.668979 -0.485846 -0.562512 -0.312448 0.502867 -0.805916 -0.674420 -0.714897 -0.184606
2.300219 0.546072 137.034015 4.743052 0.807065 -0.392610 -0.441025 -0.231702 0.476427 -0.848134 -0.543102 -0.786686 -0.293539
0.167801 -2.712586 2.080148 -12.422562 0.224832 -0.356622 0.906792 -0.648645 0.639678 0.412398 -0.727124 -0.680906 -0.087501
-0.029150 -3.278455 3.193773 -12.827430 0.302409 -0.442994 0.843982 -0.562230 0.632105 0.533236 -0.769706 -0.635767 -0.057910
0.035355 -2.938721 -2.026161 -14.634246 0.254564 -0.390511 0.884703 -0.576912 0.672894 0.463018 -0.776125 -0.628263 -0.053996
-0.962029 -2.197895 1.546199 8.793203 0.150705 0.897040 -0.415460 0.393671 0.331044 0.857574 -0.906814 0.292795 0.303249
-0.745741 -2.196583 -3.941891 -6.181002 0.093425 0.837626 -0.538195 0.448100 0.447342 0.774010 -0.889089 0.313477 0.333547
-0.879876 -2.568153 3.200149 4.308870 0.212641 0.908798 -0.358984 0.387643 0.258780 0.884741 -0.896949 0.327289 0.297262
-1.042000 -2.658949 11.672962 16.375873 0.259486 0.942290 -0.211559 0.284945 0.134608 0.949045 -0.922753 0.306546 0.233572
-0.802888 -2.880340 11.737939 16.673567 0.298357 0.942379 -0.151345 0.259330 0.072562 0.963059 -0.918549 0.326583 0.222737
-0.782899 -2.930869 2.730905 12.811294 0.280341 0.927416 -0.247607 0.316492 0.154222 0.935974 -0.906224 0.340757 0.250285
-47.967408 -126.528478 -1712.703335 2480.576379 -0.157978 0.970640 0.181388 -0.472469 0.087000 -0.877043 0.867073 0.224253 -0.444853
13.281489 -46.928028 151.092598 -1312.605721 0.981075 -0.182188 -0.065568 0.187832 0.813247 0.550771 0.047021 0.552664 -0.832077
-38.721370 -102.557571 -726.787778 -2821.888636 0.906064 0.069912 -0.417325 0.190080 0.813898 0.549035 -0.378044 0.576786 -0.724155
-3.308966 -21.843034 70.601294 -431.236550 0.561020 0.818319 0.124946 -0.452900 0.429767 -0.781142 0.692920 -0.381648 -0.611724
-1.601006 -17.215149 33.469770 -308.006208 0.566042 0.810662 0.149748 -0.469102 0.466113 -0.750121 0.677894 -0.354353 -0.644123
-3.244399 -15.210975 43.971672 -352.956505 0.636783 0.755708 0.153013 -0.196390 0.350871 -0.915599 0.745613 -0.552987 -0.371842
-7.240804 -30.559201 109.801723 -696.761598 0.600413 0.799677 -0.004596 -0.397087 0.293143 -0.869707 0.694137 -0.524008 -0.493548
-6.331898 -15.905000 122.867272 -395.290953 0.665689 0.736489 0.120172 -0.112124 0.257928 -0.959636 0.737758 -0.625345 -0.254278
-2.288003 -5.773479 -1.185980 -64.054700 -0.666279 -0.449275 -0.595167 0.261918 0.606284 -0.750878 0.698191 -0.656180 -0.286282
-2.562507 -5.822260 -36.516403 -137.669240 0.694948 0.635509 0.336416 -0.009974 0.476330 -0.879210 0.718990 -0.607650 -0.337363
-3.364127 -4.580850 16.266799 14.840276 0.463503 0.773729 0.431866 0.085375 0.446119 -0.890892 0.881973 -0.449802 -0.140721
-2.953954 -4.264711 17.867154 26.262853 0.376585 0.879646 0.290528 -0.024572 0.322991 -0.946083 0.926056 -0.349142 -0.143248
-3.198995 -5.040529 7.379254 11.118251 0.428892 0.800004 0.419577 0.179445 0.379760 -0.907514 0.885353 -0.464517 -0.019320
-3.174782 -5.331505 1.160646 10.316223 0.362589 0.838715 0.406308 0.266868 0.324278 -0.907538 0.892923 -0.437494 0.106247
-3.207868 -5.378761 -0.491788 6.712500 0.424414 0.791430 0.439898 0.317161 0.325108 -0.890906 0.848105 -0.517632 0.113030
-3.326960 -5.325845 7.025476 8.019171 0.490958 0.756225 0.432531 0.301094 0.318600 -0.898797 0.817498 -0.571504 0.071275
-3.538698 -5.086017 8.729006 4.745310 0.522894 0.733965 0.433447 0.205495 0.384961 -0.899765 0.827257 -0.559553 -0.050468
0.605777 -1.718052 -23.965233 14.651681 0.110084 0.468927 -0.876350 -0.591577 0.739437 0.321354 0.798698 0.483053 0.358807
-0.238380 -1.348667 -10.010948 8.847529 0.080512 0.504446 -0.859681 -0.608963 0.707696 0.358232 0.789102 0.494672 0.364167
0.811758 -1.620733 -41.130699 21.032950 0.069562 0.562386 -0.823944 -0.651900 0.650819 0.389181 0.755108 0.510057 0.411891
2.257196 -2.220455 -66.341002 19.903845 0.133373 0.465864 -0.874747 -0.603899 0.738048 0.300985 0.785823 0.488115 0.379771
-0.527405 -4.301287 -1.619016 1.290508 -0.147632 0.561431 -0.814248 0.877015 0.454896 0.154642 0.457219 -0.691278 -0.559541
-0.551830 -4.629920 9.844307 0.223848 -0.178522 0.593182 -0.785026 0.903630 0.414541 0.107742 0.389336 -0.690138 -0.610022
-0.578202 -4.454833 9.854122 11.585933 -0.188206 0.574321 -0.796702 0.815654 0.543261 0.198939 0.547072 -0.612391 -0.570692
-0.478375 -4.497819 -2.925652 -10.138651 -0.133668 0.567392 -0.812526 0.938558 0.335714 0.080030 0.318185 -0.751906 -0.577405
-0.606115 -4.422019 -2.178463 19.132777 -0.174388 0.542649 -0.821657 0.793086 0.571975 0.209427 0.583613 -0.615123 -0.530113
-0.519573 -4.421950 -16.088711 -11.292627 -0.109530 0.541643 -0.833443 0.934494 0.341836 0.099344 0.338710 -0.767966 -0.543603
-0.477944 -4.265743 -4.397564 2.718185 -0.148484 0.542882 -0.826578 0.844246 0.504854 0.179922 0.514977 -0.671119 -0.533289
0.601948 -6.194478 11.092036 28.160489 -0.207875 0.606757 -0.767225 0.968659 0.236723 -0.075241 0.135967 -0.758820 -0.636949
0.952185 -6.728646 7.210435 16.249723 -0.217147 0.571924 -0.791044 0.970302 0.214959 -0.110939 0.106593 -0.791641 -0.601616
0.783977 -5.984025 6.533637 38.645805 -0.265024 0.557023 -0.787075 0.918233 0.394925 -0.029694 0.294296 -0.730588 -0.616142
-0.154021 -11.829849 6.892752 50.498352 -0.522978 0.457418 -0.719210 0.850939 0.328669 -0.409731 0.048964 -0.826284 -0.561121
-0.178726 -12.076420 -6.500978 53.286220 -0.533801 0.430146 -0.728032 0.837918 0.384927 -0.386943 0.113798 -0.816582 -0.565901
-0.176741 -11.117544 6.423414 35.877999 -0.564603 0.441201 -0.697542 0.782927 0.553795 -0.283436 0.261243 -0.706153 -0.658103
-0.082890 -12.497660 -3.676397 25.536060 -0.509352 0.438130 -0.740677 0.850396 0.124381 -0.511230 -0.131859 -0.890265 -0.435938
-0.194417 -11.227409 4.062392 39.771881 -0.514234 0.440082 -0.736133 0.856305 0.311496 -0.411961 0.048006 -0.842199 -0.537026
-0.109108 -11.885521 2.144804 -6.420388 -0.487464 0.452692 -0.746625 0.843287 0.022391 -0.536997 -0.226376 -0.891386 -0.392664
-0.155654 -7.902584 -1.678560 -36.532943 0.361852 -0.402240 0.840991 0.858411 -0.208072 -0.468867 0.363584 0.891577 0.269996
-0.135695 -8.228667 -2.923884 -37.745752 0.337613 -0.387375 0.857880 0.868807 -0.222460 -0.442365 0.362205 0.894680 0.261448
-0.228153 -7.078824 1.086695 -49.515268 0.321541 -0.397909 0.859232 0.932301 -0.025666 -0.360771 0.165607 0.917066 0.362719
-0.164445 -6.957327 5.439952 -50.278920 0.334785 -0.410602 0.848130 0.921180 -0.046859 -0.386306 0.198361 0.910610 0.362551
-0.086205 -7.561503 6.024901 -37.644634 0.363905 -0.422853 0.829921 0.856870 -0.197339 -0.476268 0.365167 0.884450 0.290517
-0.133310 -8.123094 0.490320 -8.019962 0.395554 -0.425350 0.814011 0.740363 -0.376812 -0.556664 0.543506 0.822855 0.165864
0.605996 -4.209407 -59.698884 46.870954 0.675435 -0.320365 -0.664194 -0.012173 0.895734 -0.444425 0.737319 0.308265 0.601110
1.718593 -2.503015 -18.785145 19.601502 0.576184 -0.518351 -0.631922 0.059247 0.797618 -0.600247 0.815170 0.308413 0.490285
1.868631 -3.329372 -30.182233 38.198477 0.600509 -0.363864 -0.712033 0.027473 0.899330 -0.436407 0.799146 0.242504 0.550053
0.582769 -20.029092 5.985652 197.642904 0.247747 -0.314314 0.916421 0.810157 -0.451510 -0.373878 0.531288 0.835072 0.142783
0.268785 -19.579639 -0.285350 22.454351 0.302326 -0.295734 0.906168 0.923517 -0.144532 -0.355283 0.236040 0.944273 0.229419
0.618554 -21.654438 10.194496 342.261228 0.306364 -0.319143 0.896821 0.762241 -0.482090 -0.431947 0.570201 0.815927 0.095569
0.955507 -17.399399 -3.325539 -257.110639 -0.269610 0.303944 -0.913744 -0.578652 0.707326 0.406020 0.769722 0.638207 -0.014824
2.039566 -4.369625 -45.560366 9.800637 -0.291763 0.233307 -0.927600 0.733895 0.676547 -0.060673 0.613410 -0.698464 -0.368614
1.859622 -4.131170 -34.980378 5.706969 -0.301116 0.233699 -0.924508 0.657819 0.752795 -0.023961 0.690365 -0.615374 -0.380410
2.474832 -4.272055 -15.211072 9.785422 -0.317317 0.295442 -0.901124 0.719084 0.694454 -0.025531 0.618246 -0.656085 -0.432810
-0.364748 -13.203761 4.265595 10.635217 0.170147 0.737092 -0.654023 0.970493 -0.240421 -0.018480 -0.170862 -0.631580 -0.756249
-0.623621 -13.478389 -6.257564 -15.332033 0.151190 0.743490 -0.651432 0.969883 -0.238886 -0.047546 -0.190968 -0.624625 -0.757216
-0.570935 -12.145413 -2.994993 53.969165 0.144736 0.741879 -0.654727 0.983050 -0.032562 0.180421 0.112531 -0.669743 -0.734017
-0.397875 -12.326507 1.874416 85.039171 0.156611 0.727855 -0.667608 0.980122 -0.031175 0.195933 0.121798 -0.685022 -0.718269
-0.583626 -13.501753 11.139180 67.280602 0.166741 0.725626 -0.667581 0.982601 -0.178466 0.051440 -0.081814 -0.664543 -0.742758
-0.442867 -15.059267 6.063388 -6.084930 0.176898 0.720939 -0.670040 0.885730 -0.413460 -0.211026 -0.429172 -0.556145 -0.711698
0.109639 -65.245948 28.539658 1909.385514 0.175912 0.748168 -0.639765 0.594046 -0.598908 -0.537047 0.784962 0.285576 0.549801
0.371483 -74.616494 13.360712 2529.407205 0.141903 0.753457 -0.642001 0.234519 -0.655689 -0.717686 0.961699 0.048720 0.269744
1.298616 -50.197682 25.656147 1074.543020 0.119978 0.789613 -0.601761 0.659142 -0.516620 -0.546476 0.742386 0.331081 0.582450
0.727243 -45.400775 -22.188581 -357.473194 -0.140079 -0.775753 0.615293 0.918513 -0.333865 -0.211822 0.369746 0.535483 0.759306
0.560556 -40.451431 14.400561 -236.078469 -0.154122 -0.791411 0.591536 0.884596 -0.377226 -0.274209 0.440155 0.481009 0.758218
2.250179 -57.526134 68.938790 -1087.925314 0.079744 0.817631 -0.570194 -0.398381 -0.498206 -0.770119 0.913747 -0.288567 -0.286000
0.950289 -58.427380 -26.170112 1681.199295 0.107576 0.869563 -0.481961 -0.146503 -0.465617 -0.872776 0.983343 -0.164499 -0.077304
0.160038 -28.751960 7.633491 -269.537442 0.111802 0.802106 -0.586623 -0.400981 -0.503717 -0.765169 0.909238 -0.320772 -0.265313
1.638144 -29.402205 -12.715945 366.644158 0.110830 0.876511 -0.468449 -0.052831 -0.465490 -0.883475 0.992434 -0.122664 0.005284
-1.253653 -2.864376 -21.487225 -26.000196 -0.197909 0.815379 -0.544050 0.443657 -0.420412 -0.791469 0.874071 0.398010 0.278545
-0.933079 -3.781520 -13.209624 -42.063214 -0.247360 0.871669 -0.423091 0.338038 -0.331588 -0.880784 0.908044 0.360891 0.212636
-1.756265 -3.703710 -29.662625 -35.539824 -0.270163 0.858704 -0.435476 0.354136 -0.331964 -0.874293 0.895321 0.390419 0.214413
0.830549 -5.586189 2.795761 13.020287 0.111357 -0.428925 0.896450 0.777869 0.599020 0.189986 -0.618482 0.676164 0.400353
0.677226 -5.606274 -9.072024 12.354499 0.094978 -0.378078 0.920889 0.747825 0.637692 0.184680 -0.657067 0.671123 0.343303
0.907088 -5.194292 -6.453148 12.152545 0.104150 -0.377588 0.920098 0.856719 0.503954 0.109835 -0.505159 0.776826 0.375974
0.682307 -5.233932 -14.511536 5.006402 0.106917 -0.339128 0.934645 0.818710 0.563421 0.110777 -0.564166 0.753359 0.337887
3.785640 -27.519190 -44.767782 -383.741657 -0.056237 -0.635568 0.769994 0.935396 -0.303198 -0.181948 0.349101 0.710017 0.611559
5.623666 -33.951072 -1.231841 -272.143113 0.036288 0.641992 -0.765852 0.691401 -0.569465 -0.444606 0.721559 0.513377 0.464539
4.619336 -34.599518 -2.913193 -580.395787 0.226869 0.629980 -0.742736 0.758607 -0.592565 -0.270890 0.610774 0.501988 0.612342
2.409964 -43.160830 -52.224289 -1143.540239 -0.244800 -0.656375 0.713614 0.946478 -0.321462 0.029004 0.210362 0.682520 0.699938
1.098642 -16.838748 -9.764728 -225.955683 -0.063199 -0.648182 0.758858 0.997383 -0.014259 0.070884 -0.035125 0.761352 0.647387
-5.462995 -7.416011 31.461898 -49.420742 0.097446 -0.803104 0.587817 0.994889 0.094315 -0.036071 -0.026471 0.588327 0.808189
-4.367014 -6.844234 -7.166154 -38.546959 -0.242254 -0.836170 0.492070 0.969135 -0.184647 0.163351 -0.045730 0.516454 0.855093
-3.973218 -5.881615 -5.726988 -36.224991 -0.470855 -0.810280 0.348914 0.861398 -0.336863 0.380153 -0.190495 0.479551 0.856588
-3.537886 -5.189400 0.935796 -31.980870 -0.557215 -0.769548 0.311942 0.778344 -0.353167 0.519089 -0.289296 0.532042 0.795763
-5.615345 -7.261141 -20.525779 29.452075 0.130638 0.690509 -0.711429 0.805740 -0.492060 -0.329635 0.577682 0.530164 0.620653
-5.480832 -6.781650 -34.523316 21.533747 0.165953 0.764303 -0.623138 0.749996 -0.508108 -0.423476 0.640286 0.397074 0.657546
-4.712080 -7.296952 6.689953 23.611482 0.125221 0.857466 -0.499070 0.831163 -0.365342 -0.419158 0.541745 0.362321 0.758443
-0.182567 -1.627076 -11.987869 0.351796 -0.295382 0.805903 -0.513098 0.733895 -0.152448 -0.661934 0.611676 0.572084 0.546419
-0.575374 -1.870320 -5.449675 5.355068 -0.141801 0.746154 -0.650497 0.788419 -0.312228 -0.530008 0.598572 0.588020 0.544008
-0.477643 -1.798368 9.305358 12.233642 0.198756 -0.778303 0.595601 0.789432 -0.232992 -0.567901 0.580769 0.583061 0.568109
-0.762210 -2.097445 1.094320 15.398932 0.012521 -0.689569 0.724111 0.830624 -0.395998 -0.391470 0.556692 0.606366 0.567815
-0.074509 -1.643686 -14.295510 10.012589 -0.323473 0.813198 -0.483812 0.736964 -0.104190 -0.667853 0.593506 0.572584 0.565596
-0.787267 -2.088389 4.553790 13.199011 0.049877 -0.722182 0.689903 0.846464 -0.336067 -0.412987 0.530105 0.604576 0.594539
-0.398492 -1.741898 11.711687 9.448852 0.255947 -0.800124 0.542488 0.790554 -0.149720 -0.593808 0.556341 0.580849 0.594221
-0.049215 -1.743618 15.201135 8.370265 0.396273 -0.037296 -0.917375 0.709063 -0.622317 0.331590 -0.583265 -0.781876 -0.220162
-0.393575 -2.356164 15.812764 14.571872 0.157355 0.167260 -0.973275 0.755117 -0.655522 0.009431 -0.636426 -0.736420 -0.229450
0.121582 -2.300064 7.133904 10.790467 0.069847 0.231995 -0.970206 0.724557 -0.680297 -0.110510 -0.685666 -0.695251 -0.215610
-0.857222 -7.111062 3.075964 4.479697 0.150320 0.824114 -0.546114 0.786280 -0.434513 -0.439275 0.599306 0.363366 0.713300
-0.824369 -6.651342 3.747995 31.999381 0.119839 0.843061 -0.524296 0.628340 -0.473282 -0.617409 0.768653 0.255446 0.586447
-0.808580 -6.994458 5.256903 25.043165 0.109492 0.825809 -0.553218 0.658293 -0.477257 -0.582131 0.744756 0.300441 0.595880
-0.746341 -6.245393 4.866516 43.500738 0.096187 0.846193 -0.524124 0.485704 -0.499521 -0.717335 0.868815 0.185571 0.459046
-0.178556 -5.834176 1.775488 -43.347720 -0.209532 -0.686220 0.696562 0.797161 0.292652 0.528100 -0.566243 0.665925 0.485708
-0.159112 -5.232488 0.197941 -37.246564 -0.231769 -0.693448 0.682212 0.762368 0.306120 0.570163 -0.604217 0.652242 0.457714
4.988821 -11.595864 90.965718 -24.331940 0.523032 -0.123677 0.843292 -0.180526 0.950892 0.251425 -0.832975 -0.283739 0.475020
8.095695 -10.825823 84.834746 15.098897 0.396142 -0.302161 0.867047 -0.311017 0.844320 0.436340 -0.863910 -0.442519 0.240494
4.929817 -10.906993 15.651165 -2.329834 0.355610 -0.257079 0.898583 -0.052725 0.954379 0.293907 -0.933146 -0.151895 0.325832
2.164248 -10.909706 58.811762 -31.438806 0.571676 -0.036108 0.819685 -0.082359 0.991460 0.101115 -0.816336 -0.125313 0.563820
3.290847 -10.717653 88.825132 -2.132288 0.576860 -0.021715 0.816554 -0.280961 0.933378 0.223308 -0.767003 -0.358238 0.532328
2.594508 -10.787834 36.054746 1.641190 0.475725 -0.141110 0.868202 0.127456 0.987689 0.090691 -0.870311 0.067514 0.487853
0.223914 -3.515070 24.932175 -36.167039 0.283685 -0.389549 0.876227 0.932341 -0.101588 -0.347016 0.224194 0.915386 0.334374
-0.431082 -4.176631 45.288370 -26.810051 0.304207 -0.408665 0.860494 0.898763 -0.176258 -0.401444 0.315726 0.895503 0.313675
-0.617539 -3.336200 47.696134 -38.841599 0.290315 -0.405986 0.866541 0.935178 -0.071616 -0.346863 0.202880 0.911069 0.358878
0.125883 -2.362769 33.319894 -33.123732 0.288477 -0.393782 0.872764 0.948714 -0.005553 -0.316086 0.129315 0.919187 0.371985
0.125142 -10.252416 -5.013961 -26.939451 0.464205 -0.316587 0.827216 0.346500 0.924417 0.159344 -0.815139 0.212662 0.538816
0.260204 -10.876520 -15.079015 -36.128274 0.470481 -0.266985 0.841051 0.532187 0.846126 -0.029108 -0.703864 0.461291 0.540172
0.424509 -10.983890 1.626709 -1.803238 0.478170 -0.324833 0.815988 0.464017 0.882269 0.079304 -0.745682 0.340712 0.572603
0.209551 -10.743797 -1.935751 -21.753002 0.457122 -0.364067 0.811477 0.220140 0.930308 0.293371 -0.861730 0.044532 0.505409
0.669549 -11.111794 4.208617 13.723822 0.479838 -0.339764 0.808898 0.570419 0.821327 0.006613 -0.666617 0.458238 0.587912
0.447431 -11.084566 -1.396728 -11.372174 0.464073 -0.362424 0.808261 0.380994 0.905420 0.187238 -0.799675 0.221050 0.558262
-4.588478 -16.102688 63.758447 -52.414295 -0.048457 0.779862 -0.624073 -0.702140 0.417781 0.576592 -0.710388 -0.466126 -0.527328
-4.736808 -15.699124 56.217151 -47.024363 -0.092421 0.758202 -0.645436 -0.463516 0.540934 0.701814 -0.881256 -0.364032 -0.301445
-3.852920 -16.253713 71.944081 -70.860241 0.010934 0.815109 -0.579205 -0.504332 0.504664 0.700688 -0.863440 -0.284450 -0.416604
-4.817548 -17.356497 19.192470 -78.556846 -0.179831 0.673644 -0.716844 -0.603643 0.499816 0.621127 -0.776708 -0.544416 -0.316758
-4.841980 -18.085884 31.399719 101.084391 -0.129803 0.719455 -0.682302 0.841014 -0.284608 -0.460102 -0.525211 -0.633548 -0.568129
2.782327 -4.511082 1.504773 1.318175 0.315910 -0.515321 0.796646 0.760458 0.639623 0.112189 -0.567366 0.570375 0.593943
2.291850 -4.282075 -62.289364 5.452096 0.268125 -0.409791 0.871883 0.810094 0.585716 0.026167 -0.521399 0.699291 0.489015
0.697180 -31.892484 17.223272 222.063108 -0.180809 -0.788647 0.587660 0.898973 0.109846 0.424007 -0.398944 0.604954 0.689111
3.239597 -136.830686 5.046540 -4680.306206 -0.097036 -0.767382 0.633805 0.994431 -0.048444 0.093595 -0.041119 0.639357 0.767810
0.390995 -29.282184 17.745067 -308.768967 -0.153559 -0.783933 0.601556 0.978183 -0.034392 0.204880 -0.139924 0.619892 0.772111
0.353166 -47.077049 33.946505 -405.245504 -0.124126 -0.795190 0.593520 0.918575 0.134118 0.371796 -0.375250 0.591342 0.713794
2.192350 -82.241209 -14.313939 -2483.971496 -0.263978 -0.784589 0.561013 0.963638 -0.189544 0.188348 -0.041439 0.590333 0.806095
-42.839506 -12070.545388 -413.211011 -20157.018873 -0.290151 -0.344318 0.892893 0.864371 0.306130 0.398933 -0.410701 0.887541 0.208795
-162.216937 -486.205859 -4139.029165 26513.357262 0.171165 0.722864 -0.669455 -0.615628 0.608973 0.500154 -0.769223 -0.326526 -0.549251
-5.822953 -598.200459 230.888030 -77386.690079 -0.095357 -0.489906 0.866544 0.922747 0.283055 0.261569 -0.373424 0.824543 0.425068
-155.540475 -5613.437226 -5514.965045 -870988.138777 0.071087 0.465031 -0.882436 -0.443212 0.807270 0.389716 0.893594 0.363402 0.263494
3.704782 0.173592 89.386147 -16.231001 -0.531479 0.634047 0.561707 0.231145 -0.529395 0.816280 -0.814925 -0.563671 -0.134805
3.184045 0.238296 155.629567 -9.045764 -0.403606 0.666066 0.627262 0.283327 -0.560894 0.777897 -0.869959 -0.491684 -0.037665
3.121434 0.475906 108.497476 -2.994728 -0.454875 0.659007 0.598998 0.295555 -0.522778 0.799594 -0.840081 -0.540752 -0.043026
-0.215086 -3.444912 5.231514 -17.059535 0.324662 -0.469018 0.821351 -0.498492 0.653143 0.570009 -0.803804 -0.594497 -0.021750
-0.092832 -3.826403 2.755366 -20.385257 0.349279 -0.512970 0.784134 -0.467290 0.629994 0.620280 -0.812185 -0.583069 -0.019662
0.066139 -3.679569 0.819380 -14.751097 0.318833 -0.477809 0.818562 -0.545836 0.613481 0.570705 -0.774860 -0.628761 -0.065208
-13.571726 -54.607397 -150.002211 -1883.009375 0.602173 0.685888 0.408590 0.796795 -0.484226 -0.361446 -0.050061 0.543215 -0.838100
-9.977886 -18.843461 -50.283701 325.714990 0.867996 0.476728 0.138975 -0.485580 0.756304 0.438425 -0.103902 0.448034 -0.887958
2.522901 -37.638055 104.652574 -1077.947370 0.951645 -0.208471 -0.225637 0.294433 0.828513 0.476315 -0.087645 0.519717 -0.849831
-2.575322 -17.614015 75.883786 -27.399062 0.549972 0.815929 0.178300 -0.689175 0.563955 -0.454965 0.471772 -0.127338 -0.872477
-0.932460 -15.751691 47.265796 8.588340 0.529776 0.830559 0.171783 -0.715318 0.546375 -0.435654 0.455694 -0.107920 -0.883570
-0.571539 -3.941971 16.945319 -7.857854 0.174250 0.762110 -0.623558 0.677590 0.366683 0.637507 -0.714499 0.533602 0.452504
-0.489337 -3.985140 14.280312 1.229429 0.216519 0.780591 -0.586343 0.623418 0.351646 0.698351 -0.751312 0.516743 0.410497
-0.816781 -3.875193 10.199445 -2.960387 0.157148 0.769447 -0.619077 0.619225 0.411562 0.668713 -0.769328 0.488434 0.411785
-3.166510 -3.611661 29.773001 39.448305 0.419368 0.852639 0.311667 -0.106814 0.387274 -0.915756 0.901510 -0.350749 -0.253485
-2.499594 -3.334195 39.478481 29.378298 0.271110 0.962329 -0.020533 -0.247607 0.049111 -0.967615 0.930156 -0.267414 -0.251594
-3.373183 -6.340100 11.525423 -5.850612 -0.023966 0.719610 -0.693965 0.883972 -0.308963 -0.350907 -0.466925 -0.621855 -0.628710
-3.190542 -6.391988 14.176346 -12.315525 -0.027188 0.743348 -0.668352 0.948366 -0.192182 -0.252325 -0.316011 -0.640702 -0.699741
-3.537851 -6.373436 6.134063 -13.385070 -0.103913 0.665614 -0.739027 0.941314 -0.174104 -0.289165 -0.321140 -0.725704 -0.608459
-3.339189 -6.354849 7.204770 -6.381167 -0.074061 0.703251 -0.707073 0.981936 -0.072366 -0.174826 -0.174114 -0.707249 -0.685188
-3.619723 -6.260256 7.640206 -9.504753 -0.094363 0.664090 -0.741674 0.867172 -0.311097 -0.388885 -0.488987 -0.679855 -0.546524
3.208149 -2.784695 -113.088119 -14.067711 0.287797 0.231787 -0.929219 -0.336126 0.932993 0.128624 0.896768 0.275317 0.346422
4.048604 -3.718844 -8.442740 -34.958844 0.039629 0.181957 -0.982508 -0.332295 0.929715 0.158777 0.942343 0.320190 0.097308
4.273321 -3.211757 -65.595430 -0.272104 0.186559 0.112711 -0.975957 -0.297197 0.953328 0.053287 0.936413 0.280110 0.211350
4.898703 -3.956090 47.752599 -13.865923 -0.053831 0.064890 -0.996439 -0.300470 0.950585 0.078137 0.952271 0.303607 -0.031673
2.910118 -2.494225 -123.337755 -2.956285 0.379441 0.117732 -0.917695 -0.262784 0.964736 0.015114 0.887113 0.235421 0.396998
-0.572961 -4.458101 10.343994 5.074713 -0.186315 0.588544 -0.786704 0.813164 0.541768 0.212723 0.551408 -0.600086 -0.579522
-0.477175 -4.486062 3.027470 9.966396 -0.183527 0.580857 -0.793047 0.853854 0.493941 0.164181 0.487084 -0.647015 -0.586618
-0.397387 -4.679711 -1.747384 -0.319752 -0.166059 0.578830 -0.798361 0.935557 0.348383 0.057990 0.311702 -0.737282 -0.599381
-0.500862 -4.563629 7.132671 -1.378633 -0.134925 0.592058 -0.794520 0.955481 0.290086 0.053907 0.262395 -0.751875 -0.604840
-0.502382 -4.835690 8.474983 6.032773 -0.151127 0.598038 -0.787090 0.959258 0.281006 0.029326 0.238715 -0.750591 -0.616140
0.598625 -2.572517 20.432531 1.976013 -0.464571 0.441415 -0.767676 0.336887 0.889821 0.307776 0.818951 -0.115637 -0.562092
0.431057 -2.660500 23.287650 6.615715 -0.433732 0.508283 -0.743992 0.438376 0.840428 0.318603 0.787212 -0.187960 -0.587339
0.741594 -2.761669 10.596100 4.446079 -0.421675 0.490499 -0.762628 0.370663 0.860821 0.348706 0.827526 -0.135637 -0.544796
0.182561 -2.388769 16.586802 0.492719 -0.481895 0.398715 -0.780259 0.344179 0.905034 0.249908 0.805803 -0.148119 -0.573361
0.863927 -2.649139 8.724999 1.138372 -0.449606 0.432014 -0.781804 0.270672 0.900000 0.341667 0.851229 -0.057997 -0.521580
0.574760 -2.484515 9.234590 0.362440 -0.490949 0.357316 -0.794541 0.248742 0.931547 0.265231 0.834923 -0.067421 -0.546221
1.170929 -7.117822 13.606418 -5.265713 -0.239166 0.559501 -0.793573 0.966241 0.217779 -0.137661 0.095802 -0.799707 -0.592698
1.210870 -7.200928 13.728849 -1.513567 -0.184540 0.582886 -0.791321 0.980578 0.054779 -0.188325 -0.066425 -0.810705 -0.581674
0.995908 -6.684659 5.560765 29.647299 -0.278860 0.531637 -0.799750 0.917632 0.393077 -0.058664 0.283175 -0.750235 -0.597461
1.445004 -7.773940 17.018127 -13.258101 -0.222603 0.554121 -0.802121 0.973629 0.084213 -0.212024 -0.049938 -0.828165 -0.558255
1.177885 -7.606534 5.683745 -3.784253 -0.293165 0.501874 -0.813743 0.939395 0.309444 -0.147585 0.177739 -0.807693 -0.562176
-0.219506 -10.533273 1.136666 43.586675 -0.552097 0.418159 -0.721341 0.785412 0.551206 -0.281602 0.279853 -0.722021 -0.632746
-0.262681 -10.402954 3.449587 4.195293 -0.602758 0.384907 -0.698948 0.665794 0.725397 -0.174694 0.439774 -0.570654 -0.693508
-0.288872 -9.700127 0.935671 10.362258 -0.577462 0.394172 -0.714959 0.710542 0.673936 -0.202339 0.402080 -0.624851 -0.669248
-0.266390 -10.074131 7.330916 42.572909 -0.541826 0.430462 -0.721891 0.802487 0.520302 -0.292064 0.249879 -0.737555 -0.627354
0.018080 -9.066095 -1.389691 -27.761618 0.309779 -0.379880 0.871624 0.827500 -0.343768 -0.443922 0.468273 0.858787 0.207859
-0.237611 -8.101895 -4.354702 -48.522932 0.292523 -0.366448 0.883259 0.924128 -0.129088 -0.359615 0.245798 0.921440 0.300884
-0.314089 -7.298631 -4.502567 -47.547155 0.305584 -0.373814 0.875718 0.936917 -0.045888 -0.346528 0.169722 0.926368 0.336210
0.181643 -19.375419 13.558649 -99.272189 0.262147 -0.311201 0.913473 0.952708 -0.067315 -0.296339 0.153712 0.947957 0.278838
0.430095 -3.640305 0.958311 11.047038 -0.384197 0.508865 -0.770356 0.781583 -0.264885 -0.564768 -0.491447 -0.819080 -0.295952
0.702751 -3.691672 -0.497190 6.136822 -0.406833 0.502117 -0.763129 0.805932 -0.196006 -0.558619 -0.430070 -0.842295 -0.324931
0.725194 -3.577424 9.680591 -4.649603 -0.440895 0.541376 -0.715908 0.805162 -0.113921 -0.582011 -0.396643 -0.833027 -0.385668
0.584478 -3.974125 3.237671 15.203958 -0.340464 0.485850 -0.805005 0.791649 -0.313824 -0.524220 -0.507322 -0.815760 -0.277777
0.309376 -3.193685 8.152049 0.643754 -0.419125 0.551350 -0.721351 0.768777 -0.207175 -0.605030 -0.483029 -0.808141 -0.337033
0.388683 -4.086674 1.348818 15.580630 -0.316876 0.481609 -0.817094 0.758207 -0.388953 -0.523295 -0.569835 -0.785346 -0.241909
0.189439 -3.438331 6.015588 16.961791 -0.356903 0.521821 -0.774805 0.755839 -0.326086 -0.567781 -0.548933 -0.788271 -0.278031
-0.813158 -13.485216 -11.082659 -27.839854 0.141063 0.748561 -0.647887 0.966857 -0.244844 -0.072379 -0.212811 -0.616204 -0.758290
-0.576395 -14.624372 -14.905608 44.380155 0.157887 0.735294 -0.659101 0.887832 -0.397875 -0.231191 -0.432234 -0.548669 -0.715637
-0.874836 -14.292611 -2.076106 30.044840 0.162086 0.764101 -0.624403 0.924950 -0.338104 -0.173645 -0.343795 -0.549396 -0.761557
-0.472873 -15.971531 -15.105763 -114.404289 0.166235 0.716596 -0.677389 -0.726250 0.553651 0.407470 -0.667028 -0.424218 -0.612464
-0.783094 -15.331028 -8.798796 -83.173153 0.173405 0.739552 -0.650380 -0.780763 0.505746 0.366919 -0.600283 -0.444167 -0.665114
1.616253 -64.007509 49.176815 1767.143445 0.087865 0.805321 -0.586292 0.266140 -0.586151 -0.765243 0.959922 0.088797 0.265830
0.289412 -33.809429 12.226957 759.843787 0.115798 0.786517 -0.606615 -0.035396 -0.607068 -0.793861 0.992642 -0.113400 0.042458
-1.893867 -9.423739 -37.942302 0.397080 0.206553 0.740339 -0.639715 -0.206228 -0.606184 -0.768122 0.956455 -0.290585 -0.027469
-1.547477 -10.222341 -53.707087 -23.736147 0.232810 0.824096 -0.516396 -0.061926 -0.517347 -0.853532 0.970549 -0.230689 0.069410
-0.445755 -10.048236 -33.600212 -23.651121 0.199084 0.775331 -0.599355 -0.338632 -0.519497 -0.784507 0.919616 -0.359143 -0.159128
-1.476792 -9.107946 -49.213255 1.878101 0.194035 0.750169 -0.632137 -0.432667 -0.512881 -0.741453 0.880426 -0.417373 -0.225057
-0.717987 -5.415883 -15.407808 -54.135189 -0.253210 0.886503 -0.387294 0.186236 -0.348184 -0.918740 0.949316 0.304762 0.076935
-1.385185 -4.862279 -28.154914 -46.389798 -0.268732 0.884728 -0.380841 0.232376 -0.324158 -0.917019 0.934764 0.334931 0.118478
0.907219 -4.627217 14.406206 4.750197 0.129307 -0.424797 0.896006 0.959204 0.282681 -0.004408 -0.251411 0.860023 0.444019
1.030484 -4.848358 3.741908 13.661248 0.113171 -0.404361 0.907571 0.920032 0.387537 0.057939 -0.375145 0.828437 0.415883
1.095726 -4.640109 1.124928 8.602453 0.101439 -0.384749 0.917430 0.959159 0.282592 0.012459 -0.264053 0.878698 0.397701
-2.276932 -4.453100 1.140146 2.113991 -0.317570 -0.200987 0.926690 -0.581223 0.813426 -0.022759 -0.749219 -0.545841 -0.375138
-2.326678 -4.347953 -1.940755 6.591977 -0.198425 -0.287691 0.936943 -0.700160 0.710556 0.069899 -0.685860 -0.642140 -0.342422
-2.150071 -3.975703 9.060571 1.629484 -0.344296 -0.024510 0.938541 -0.500973 0.850247 -0.161573 -0.794032 -0.525813 -0.305016
-2.013415 -4.461209 9.657367 -0.542014 -0.421343 -0.013169 0.906806 -0.381386 0.909752 -0.163997 -0.822809 -0.414942 -0.388341
6.944426 -93.735083 18.485944 2215.667795 -0.099306 0.655085 -0.749001 0.420922 -0.654403 -0.628157 0.901645 0.377651 0.210753
7.139182 -37.229837 11.245363 -494.363703 0.142155 0.662476 -0.735471 -0.297911 0.737201 0.606452 0.943950 0.132894 0.302156
-5.371426 -8.252485 -4.825740 -73.207756 0.439450 -0.676859 0.590547 0.897839 0.310689 -0.312022 0.027718 0.667334 0.744242
-2.656762 -7.472243 -79.996943 -50.422170 0.293835 -0.564579 0.771305 0.952367 0.241804 -0.185816 -0.081596 0.789165 0.608737
-0.248419 -1.747789 -9.670146 -10.220705 -0.304484 0.804178 -0.510477 0.716451 -0.159805 -0.679088 0.627685 0.572503 0.527496
-0.502731 -2.033115 -8.292491 -9.599071 -0.247490 0.782454 -0.571415 0.733728 -0.233806 -0.637948 0.632766 0.577149 0.516243
-0.828418 -2.273683 5.666101 8.540363 0.012518 -0.670286 0.741997 0.806439 -0.431958 -0.403817 0.591185 0.603430 0.535138
-0.856860 -2.400725 -1.333815 18.281033 -0.103859 -0.610170 0.785434 0.829032 -0.489390 -0.270562 0.549472 0.623050 0.556678
1.856822 -1.087714 31.463769 15.673434 0.675706 -0.402683 -0.617469 -0.393523 0.511245 -0.764047 -0.623347 -0.759259 -0.186986
1.976175 -0.857475 -3.249250 12.261418 0.633333 -0.509869 -0.582172 -0.333883 0.498633 -0.799929 -0.698149 -0.700998 -0.145564
1.864993 -0.610978 24.900937 5.553357 0.668608 -0.469536 -0.576628 -0.324374 0.513615 -0.794343 -0.669137 -0.718147 -0.191102
-0.880438 -6.672986 -0.811679 16.264365 0.159043 0.842092 -0.515351 0.719531 -0.456287 -0.523524 0.676004 0.287548 0.678480
-0.735638 -5.879175 -7.064268 37.732596 0.126182 0.878375 -0.461015 0.569868 -0.444580 -0.691086 0.811991 0.175515 0.556656
-0.670542 -5.739926 -2.853240 43.276362 0.097855 0.874189 -0.475624 0.465127 -0.462682 -0.754707 0.879819 0.147374 0.451885
-0.372559 -7.589708 -2.156024 -0.733013 -0.134248 -0.676979 0.723655 0.990073 -0.122309 0.069252 0.041627 0.725769 0.686678
-0.387820 -7.101000 0.470800 -5.402400 -0.149268 -0.682145 0.715819 0.987693 -0.068660 0.140531 -0.046714 0.727986 0.683998
-0.285991 -7.489638 -2.656513 -2.417622 -0.155751 -0.671633 0.724328 0.980140 -0.013957 0.197816 -0.122751 0.740753 0.660468
-0.392166 -7.366656 1.077988 -0.265527 -0.133244 -0.684248 0.716973 0.980419 -0.196843 -0.005655 0.145000 0.702180 0.697078
-0.378986 -7.720058 -5.456086 -11.783137 -0.125222 -0.673882 0.728150 0.961129 -0.264427 -0.079431 0.246070 0.689900 0.680800
-0.289529 -7.664515 -3.853746 -3.921166 -0.122804 -0.674935 0.727586 0.969710 -0.237583 -0.056720 0.211145 0.698582 0.683667
-0.249609 -7.500044 -11.099945 2.726960 -0.130566 -0.657509 0.742047 0.989094 -0.137843 0.051895 0.068164 0.740730 0.668336
0.715639 -25.245617 -11.239063 -150.405989 0.227444 -0.049562 0.972529 0.961927 -0.143984 -0.232302 0.151542 0.988338 0.014926
0.411655 -25.384791 -7.439426 -379.352056 0.184460 -0.016967 0.982694 0.933946 0.314460 -0.169880 -0.306136 0.949119 0.073852
0.400081 -24.671663 -1.245036 -238.148554 0.237746 -0.020666 0.971107 0.970956 0.032692 -0.237014 -0.026849 0.999252 0.027838
-0.033386 -4.295097 42.379085 30.096772 0.396881 0.903260 -0.163116 -0.207991 0.261591 0.942502 -0.893994 0.340135 -0.291690
0.626617 -4.004888 32.351602 11.771781 0.384422 0.896147 -0.221676 -0.184936 0.310018 0.932571 -0.904444 0.317505 -0.284907
0.927811 -4.836217 50.580465 25.630871 0.426178 0.871609 -0.242221 -0.307439 0.391364 0.867361 -0.850796 0.295182 -0.434757
1.332997 -4.085349 22.479818 11.490250 0.364505 0.876204 -0.315282 -0.221289 0.410381 0.884657 -0.904526 0.252693 -0.343480
0.281826 -4.153904 16.844992 -21.900336 0.313731 -0.384677 0.868099 0.887387 -0.206484 -0.412200 0.337812 0.899660 0.276578
-2.153474 -10.308397 -12.723677 -23.381346 0.586585 -0.257782 0.767767 0.687221 0.660041 -0.303434 -0.428538 0.705616 0.564324
-1.825138 -10.153488 -13.946543 35.948420 0.584883 -0.243705 0.773640 0.775728 0.446725 -0.445739 -0.236976 0.860840 0.450331
-1.339418 -10.278724 -27.235471 13.312393 0.538279 -0.207708 0.816770 0.751079 0.557836 -0.353127 -0.382277 0.803540 0.456276
-3.826710 -14.696153 48.449618 49.875708 -0.052331 0.771433 -0.634155 -0.194823 0.614937 0.764131 -0.979441 -0.163536 -0.118113
-4.513883 -16.360530 6.427894 132.725488 -0.213404 0.680575 -0.700911 -0.188413 0.675299 0.713072 -0.958624 -0.284233 0.015882
1.316074 -4.884146 32.563151 5.134233 0.250874 -0.714568 0.653035 0.954234 0.295999 -0.042694 -0.162790 0.633859 0.756123
2.301574 -4.524024 40.841640 12.813523 0.338791 -0.686810 0.643050 0.940797 0.255323 -0.222961 -0.011053 0.680516 0.732650
1.119544 -5.151733 24.295177 15.841520 0.238005 -0.741758 0.627016 0.971038 0.195639 -0.137151 -0.020936 0.641499 0.766838
2.519790 -4.520612 55.778166 11.611364 0.346003 -0.667160 0.659682 0.931523 0.328217 -0.156646 -0.112010 0.668709 0.735039
0.989651 -31.173903 -22.263006 118.593707 -0.192847 -0.772485 0.605043 0.894995 0.114292 0.431186 -0.402236 0.624663 0.669330
