10723
21431
-7.331803 -11.085587 100.390359 -362.309182 -0.616281 0.782229 0.091192 0.437934 0.436641 -0.785848 0.654531 0.444367 0.611659
-9.424207 -11.441018 -66.316526 -206.285255 -0.343277 0.918768 -0.195002 0.562154 0.034659 -0.826306 0.752425 0.393273 0.528387
-8.078700 -14.072130 153.605958 -406.144548 -0.627169 0.751509 0.204678 0.274235 0.459014 -0.845045 0.729009 0.473856 0.493969
-6.482776 -8.773956 19.217959 -156.928044 -0.224725 0.893675 -0.388387 0.740977 -0.102122 -0.663719 0.632812 0.436940 0.639243
-4.766219 -13.532116 239.726733 -432.550766 -0.715431 0.684835 0.138419 0.314173 0.492282 -0.811760 0.624063 0.537270 0.567350
-4.211062 -9.635222 189.133414 -269.937124 -0.633803 0.773176 -0.022201 0.529127 0.412453 -0.741557 0.564198 0.481748 0.670522
-6.926140 -10.869463 -87.841286 59.893405 0.177192 -0.802415 0.569853 0.961011 0.016181 -0.276036 0.212275 0.596547 0.773997
-5.290606 -10.421983 -209.872751 -25.935142 0.383082 -0.739783 0.553144 0.923052 0.283912 -0.259556 0.034971 0.610012 0.791620
-6.716892 -11.195125 57.803457 94.321299 0.103851 -0.876112 0.470789 0.973656 -0.007058 -0.227913 0.203000 0.482056 0.852299
-7.554505 -10.335719 60.047263 145.590011 0.038171 -0.842012 0.538107 0.936127 -0.158257 -0.314040 0.349585 0.515724 0.782189
-6.695941 -10.018496 -120.850471 89.591313 0.228565 -0.768632 0.597464 0.918228 -0.033690 -0.394617 0.323444 0.638803 0.698079
140.611667 -198.873900 106.690726 6122.035400 0.878382 0.470532 -0.083939 0.294286 -0.670807 -0.680745 0.376619 -0.573252 0.727696
434.176440 -170.249068 -26138.074316 9135.230145 -0.714831 0.696610 -0.061245 -0.232388 -0.319241 -0.918739 0.659554 0.642511 -0.390087
152.456749 -116.191379 -11428.268076 6851.448628 0.415926 -0.113946 0.902232 0.863048 0.362156 -0.352124 -0.286625 0.925127 0.248971
77.494185 -39.250167 4868.878082 540.622795 0.805616 -0.500203 0.317458 0.246498 0.770275 0.588146 -0.538722 -0.395567 0.743845
264.719838 -56.649901 16589.002574 -342.090659 0.925105 -0.325284 0.195884 -0.171103 -0.817646 -0.549708 -0.338976 -0.475021 0.812065
-359.047431 -8474.234817 -14633.102757 1351359.846390 0.437429 0.537810 0.720705 0.558649 0.465512 -0.686448 0.704675 -0.702893 0.096818
1.206815 -6.161148 -10.282098 80.535940 -0.519920 0.772859 -0.363830 -0.526475 0.045489 0.848973 -0.672687 -0.632945 -0.383240
1.294658 -5.666759 28.310781 55.900618 -0.450402 0.797386 -0.401637 -0.548669 0.107684 0.829076 -0.704344 -0.593784 -0.389000
1.566032 -5.762478 4.406760 11.012828 -0.486501 0.777825 -0.397876 -0.507982 0.118683 0.853152 -0.710824 -0.617173 -0.337382
1.885888 -5.910497 -16.648644 -15.538898 -0.515963 0.754458 -0.405679 -0.472830 0.144067 0.869296 -0.714292 -0.640343 -0.282397
1.581612 -6.420501 -22.266117 60.455693 -0.558035 0.749552 -0.356047 -0.487389 0.051204 0.871682 -0.671602 -0.659962 -0.336750
-0.416012 -7.848203 0.504039 -27.021461 -0.355509 0.928378 0.108293 0.734742 0.205966 0.646322 -0.577726 -0.309341 0.755341
-0.774772 -8.570485 7.146833 -77.769972 -0.367746 0.924474 0.100555 0.795341 0.256648 0.549148 -0.481866 -0.281922 0.829653
-0.583980 -8.210128 -0.887649 -58.899205 -0.379168 0.921865 0.079983 0.759266 0.260550 0.596346 -0.528911 -0.286843 0.798733
-0.363796 -7.679232 -4.700570 13.120312 -0.361739 0.927635 0.092939 0.711281 0.210168 0.670752 -0.602681 -0.308743 0.735835
-0.195819 -7.704580 -16.563988 30.254203 -0.354803 0.927676 0.116326 0.674358 0.167747 0.719098 -0.647577 -0.333584 0.685103
-0.269659 -7.606333 9.833289 11.387327 -0.327478 0.935969 0.129307 0.690515 0.143660 0.708908 -0.644940 -0.321441 0.693346
0.593990 -20.521604 106.244266 -129.517711 0.979784 -0.130690 0.151474 -0.009170 -0.785683 -0.618562 -0.199850 -0.604668 0.770997
-0.237957 -19.628901 76.646522 -155.829841 0.980034 -0.138812 0.142356 -0.081113 -0.932795 -0.351162 -0.181535 -0.332604 0.925429
-0.859284 -18.873652 95.417494 -141.343336 0.982308 -0.122536 0.141619 -0.025610 -0.837012 -0.546584 -0.185513 -0.533287 0.825342
-0.443166 -19.427370 103.922331 -31.160767 0.980728 -0.119072 0.154904 0.037012 -0.665254 -0.745699 -0.191843 -0.737061 0.648026
2.963551 -15.294581 88.612413 303.279488 0.892465 -0.271423 0.360327 -0.102705 0.655519 0.748162 0.439269 0.704716 -0.557151
3.777318 -18.507234 49.359065 502.951016 0.919522 -0.232584 0.316834 -0.042941 0.741839 0.669201 0.390685 0.628951 -0.672150
2.758364 -19.406207 104.597031 398.552973 0.886487 -0.267330 0.377725 -0.026417 0.785687 0.618060 0.462000 0.557880 -0.689439
-1.618769 -4.170801 202.315701 71.733265 0.621089 -0.215254 -0.753601 -0.360368 0.775436 -0.518492 0.695976 0.593604 0.404044
-0.020297 -2.866508 319.422638 38.128483 0.359577 0.121797 -0.925132 -0.646539 0.747402 -0.152896 0.672823 0.653112 0.347496
-3.619625 -3.983047 -195.863940 55.859331 -0.203613 -0.378088 0.903101 0.741248 -0.662142 -0.110088 0.639604 0.647006 0.415078
-0.396929 -2.996415 -260.811731 75.331036 -0.009170 -0.450476 0.892741 0.777389 -0.564751 -0.276987 0.628953 0.691468 0.355374
-3.994849 -5.860637 138.336372 94.320971 0.754785 -0.457997 -0.469615 -0.036313 0.685637 -0.727037 0.654966 0.565810 0.500878
-5.420035 -6.605570 -100.215713 98.559396 0.444507 -0.775802 0.447822 0.685985 -0.026680 -0.727126 0.576053 0.630412 0.520329
0.015477 -12.581736 -1.693744 151.026338 -0.501013 0.853526 0.143105 -0.244111 0.019268 -0.969556 0.830298 0.520694 -0.198702
-0.245420 -13.318218 5.550327 111.902627 -0.514931 0.849920 0.111721 -0.092472 0.074494 -0.992925 0.852230 0.521619 -0.040235
0.213858 -10.948557 -4.616781 156.007330 -0.493969 0.847312 0.195080 -0.311304 0.037141 -0.949584 0.811840 0.529795 -0.245425
6.819930 -7.921373 81.478773 37.516709 -0.372948 -0.323060 0.869794 0.058493 0.927377 0.369527 -0.926007 0.188691 -0.326967
10.726911 -6.784767 161.483828 82.008504 -0.380308 -0.365090 0.849750 0.169589 0.875681 0.452131 -0.909178 0.316058 -0.271113
7.533695 -6.933991 419.331069 99.202359 -0.144676 -0.460605 0.875735 0.123208 0.869773 0.477824 -0.981778 0.177027 -0.069085
6.817372 -7.994375 -197.626510 -51.886735 -0.539988 -0.238920 0.807050 -0.081615 0.969210 0.232318 -0.837706 0.059581 -0.542861
5.313763 -8.592635 -365.993610 -1.431073 -0.674937 -0.136429 0.725153 0.075017 0.964979 0.251372 -0.734052 0.224059 -0.641066
4.297437 -7.769835 340.251092 18.755918 -0.166348 -0.433502 0.885666 -0.045470 0.900597 0.432270 -0.985018 0.031636 -0.169524
6.537741 -8.053296 303.457713 -19.487690 -0.252769 -0.323876 0.911708 -0.103833 0.945947 0.307252 -0.961939 -0.017001 -0.272735
-5.857388 -13.453379 17.198444 144.582535 0.856891 -0.435797 0.275352 0.059486 -0.446987 -0.892560 -0.512054 -0.781207 0.357095
-5.358518 -10.560475 75.082229 141.114268 0.894859 -0.420671 0.149206 0.049904 -0.237890 -0.970009 -0.443550 -0.875468 0.191885
-5.453397 -11.937104 30.037525 188.140676 0.905373 -0.387405 0.173828 0.026939 -0.356145 -0.934042 -0.423761 -0.850340 0.312008
-4.563117 -9.534883 78.098746 156.636557 0.919269 -0.392802 -0.025495 -0.086610 -0.138659 -0.986546 -0.383982 -0.909109 0.161486
-4.981684 -11.125106 38.988942 215.678872 0.931400 -0.363778 -0.012613 -0.113272 -0.256736 -0.959821 -0.345923 -0.895406 0.280330
-5.798174 -13.906581 12.051354 187.667533 0.924441 -0.365227 0.109628 -0.079656 -0.466105 -0.881136 -0.372913 -0.805826 0.459979
-1.440547 -64.288130 -125.627065 2919.480457 -0.606275 0.788969 0.099795 0.467236 0.251843 0.847506 -0.643523 -0.560449 0.521321
-1.715066 -106.584059 -129.641220 5551.611904 -0.599716 0.792761 0.108951 0.328024 0.119359 0.937098 -0.729891 -0.597732 0.331626
0.862833 -65.972117 -83.531003 2373.145664 -0.574699 0.803153 0.157056 0.270692 0.005448 0.962651 -0.772300 -0.595748 0.220538
1.075278 -54.811438 -6.445893 1421.448541 -0.524093 0.836577 0.159580 0.442481 0.107369 0.890327 -0.727693 -0.537225 0.426441
1.697450 -5.866348 18.802420 -73.819128 0.826403 -0.483870 0.287973 -0.533084 -0.837014 0.123402 -0.181327 0.255494 0.949654
1.741532 -6.395204 -39.086178 53.677313 0.812152 -0.484488 0.325087 0.527598 0.847733 -0.054671 -0.249099 0.215916 0.944103
1.756809 -5.443919 -58.989408 -83.761936 0.817254 -0.472283 0.330219 -0.540746 -0.826573 0.156113 -0.199220 0.306148 0.930905
-0.529112 -5.237156 -22.815695 14.651151 0.064202 0.223096 -0.972680 0.793223 -0.602840 -0.085912 -0.605537 -0.766036 -0.215669
-0.860585 -5.650097 18.971111 3.789996 0.382202 0.014236 -0.923969 0.733248 -0.613182 0.293863 -0.562378 -0.789813 -0.244798
1.038847 -5.663845 -1.461043 -34.066106 0.377878 0.027981 -0.925433 0.675565 -0.691825 0.254933 -0.633104 -0.721523 -0.280328
-0.103692 -5.507404 -166.555030 10.635223 -0.129579 0.291996 -0.947601 0.754675 -0.590841 -0.285261 -0.643176 -0.752094 -0.143802
-2.315638 -5.834425 -97.904666 -80.348597 -0.343636 0.429696 -0.835030 0.735156 -0.430193 -0.523907 -0.584346 -0.793911 -0.168064
-4.691703 -8.542573 -44.518063 22.855327 -0.511068 0.812946 0.279156 0.067651 -0.285723 0.955921 -0.856874 -0.507426 -0.091027
-5.034785 -8.916253 -22.760956 39.744237 -0.417810 0.816102 0.399264 0.093148 -0.398666 0.912354 -0.903747 -0.418381 -0.090548
-5.144882 -8.999769 -50.670257 7.938027 -0.492401 0.783973 0.378059 -0.024800 -0.446827 0.894276 -0.870015 -0.430967 -0.239460
-5.198519 -9.104000 -54.738973 -6.988226 -0.491906 0.716624 0.494448 -0.095839 -0.609025 0.787339 -0.865358 -0.339909 -0.368264
-4.858829 -8.526267 -17.424239 -8.417236 -0.536528 0.715703 0.447110 -0.083426 -0.572214 0.815850 -0.839749 -0.400425 -0.366717
-4.828406 -8.561380 -3.025717 1.855239 -0.542996 0.782827 0.303870 -0.041694 -0.386551 0.921325 -0.838700 -0.487606 -0.242535
-46.694241 -133.685147 1669.136074 -6342.024810 -0.561901 -0.573082 -0.596527 -0.037222 0.737922 -0.673859 0.826366 -0.356438 -0.435971
-191.958510 -2506.035450 2347.139011 125011.955243 -0.090458 0.819352 -0.566110 -0.398928 -0.550654 -0.733237 0.912510 -0.159510 -0.376673
-12.887651 -100.935037 -691.421541 -3049.961916 0.703762 0.698834 -0.127863 0.269248 -0.428916 -0.862286 0.657437 -0.572418 0.490015
-61.701787 -455.276061 3039.488232 -5744.055960 -0.603639 -0.633399 -0.484175 -0.661027 0.737146 -0.140210 0.445717 0.235416 -0.863664
-37.029175 -113.739847 -1617.856039 -5633.274208 0.496653 0.859435 0.121270 0.218655 0.011324 -0.975736 0.839956 -0.511119 0.182296
-72.368050 -536.998214 -3162.603987 -28734.200395 0.563466 0.677335 0.472993 0.792939 -0.604086 -0.079548 0.231848 0.419877 -0.877468
-40.704900 -107.586745 -1661.913159 -4191.666391 0.431057 0.805952 0.405748 -0.310411 0.554675 -0.771998 0.847252 -0.206827 -0.489272
-6.256848 -10.844305 43.915521 -4.987957 0.712894 0.636422 -0.294533 -0.542950 0.235091 -0.806187 0.443833 -0.734642 -0.513140
-7.132491 -11.053734 72.293147 -17.941731 0.720600 0.595540 -0.355061 -0.568172 0.213699 -0.794678 0.397386 -0.774381 -0.492360
-6.658710 -10.890499 42.676726 -2.295099 0.718192 0.642507 -0.267181 -0.582441 0.344975 -0.736040 0.380740 -0.684235 -0.621980
-6.647427 -11.207214 47.956643 20.723419 0.710712 0.629044 -0.314948 -0.489372 0.120465 -0.863715 0.505374 -0.767979 -0.393452
-7.080478 -20.436115 205.093542 -1044.185378 -0.480987 0.870160 0.107111 -0.867013 -0.490231 0.089233 -0.130156 0.049946 -0.990235
-5.083022 -11.034920 -195.696635 37.418361 -0.388752 0.902636 -0.184715 -0.842675 -0.267279 0.467398 -0.372520 -0.337357 -0.864534
-4.312586 -10.578035 112.177306 127.842776 -0.298563 0.954325 -0.011148 -0.818476 -0.250019 0.517289 -0.490875 -0.163568 -0.855738
-8.159124 -23.317477 310.935596 -1137.157005 -0.338844 0.935218 0.102719 -0.934101 -0.347452 0.082048 -0.112423 0.068149 -0.991321
14.149863 -8.315597 -716.879628 -126.968708 -0.066196 -0.228038 0.971399 0.989021 -0.143903 0.033616 0.132122 0.962959 0.235060
18.450548 -9.898278 -150.379722 -94.356102 0.008468 -0.558002 0.829796 0.999012 -0.031480 -0.031363 0.043623 0.829242 0.557184
27.610396 -6.139859 -792.368180 -94.771446 -0.171067 -0.230618 0.957889 0.984750 -0.008766 0.173753 -0.031674 0.973005 0.228601
0.422111 -10.211452 -53.397894 -33.682740 -0.275842 0.961201 0.001918 -0.676853 -0.195657 0.709639 -0.682481 -0.194450 -0.704563
0.063227 -11.170513 -42.292868 -52.663984 -0.256268 0.966562 -0.009208 -0.603764 -0.152624 0.782416 -0.754848 -0.206068 -0.622688
-0.438598 -10.682279 -10.317396 -54.680171 -0.257868 0.965823 0.026263 -0.705747 -0.206854 0.677593 -0.659868 -0.156195 -0.734968
1.306614 -10.502634 -58.543289 -58.935661 -0.247766 0.968804 -0.005604 -0.631452 -0.157098 0.759334 -0.734766 -0.191675 -0.650676
-5.133998 -28.814928 -175.984984 -436.706510 0.877743 -0.263153 0.400397 -0.296027 0.359242 0.885050 0.376743 0.895375 -0.237422
-3.931956 -24.331351 -153.293788 -695.564002 0.892763 -0.257478 0.369701 -0.119489 0.655890 0.745339 0.434392 0.709587 -0.554789
-3.661440 -29.596222 -92.959318 -652.227682 0.870368 -0.253531 0.422115 -0.290696 0.427357 0.856073 0.397435 0.867806 -0.298258
-4.117241 -29.646451 -112.416625 9.077428 0.875721 -0.265194 0.403467 -0.400091 0.069175 0.913861 0.270260 0.961711 0.045524
-6.255619 -29.594695 -130.310639 41.554515 0.859496 -0.327205 0.392687 -0.383077 0.096277 0.918685 0.338405 0.940036 0.042594
1.457292 -8.497639 -8.598216 -22.441736 0.222388 -0.955729 0.192681 0.973509 0.206906 -0.097318 0.053143 0.209219 0.976424
1.674337 -8.360125 -25.096523 19.333948 0.201387 -0.956273 0.212097 0.978135 0.207811 0.008209 -0.051926 0.205806 0.977214
1.396959 -7.987433 -24.054251 26.841109 0.189543 -0.955480 0.226123 0.980798 0.173476 -0.089111 0.045917 0.238671 0.970014
1.285640 -8.116541 -3.011587 -19.567391 0.225828 -0.953673 0.198770 0.964371 0.189990 -0.184099 0.137806 0.233263 0.962600
1.028168 -8.912709 -9.226739 -57.632377 0.284089 -0.942094 0.178189 0.943631 0.241800 -0.226036 0.169861 0.232359 0.957683
-4.470878 -6.199176 -1.967036 -63.607383 -0.395055 0.815904 -0.422176 0.731338 0.001212 -0.682014 -0.555946 -0.578186 -0.597181
-4.442638 -6.188292 -26.703160 -60.938477 -0.564504 0.753891 -0.336130 0.668790 0.179064 -0.721565 -0.483792 -0.632127 -0.605277
-4.081531 -5.223163 -69.316029 -15.781025 -0.159661 0.697781 -0.698291 0.828519 -0.289870 -0.479095 -0.536717 -0.655040 -0.531844
-2.529610 -4.934663 -120.763870 11.003355 0.228875 0.443265 -0.866679 0.787601 -0.607559 -0.102746 -0.572102 -0.659081 -0.488171
-3.604054 -5.400034 -103.467508 11.930978 0.063699 0.606628 -0.792430 -0.785500 0.520264 0.335135 -0.615575 -0.601106 -0.509647
-3.836727 -13.443160 17.110887 -324.699631 0.496693 -0.810420 0.310671 0.867579 0.473722 -0.151307 -0.024550 0.344684 0.938398
-3.160047 -10.163043 18.953284 -28.029092 0.570908 -0.766714 0.293622 0.814894 0.572761 -0.088840 -0.100061 0.289990 0.951784
-2.543671 -11.667250 61.342353 -198.235302 0.468836 -0.851543 0.234664 0.882435 0.463207 -0.082144 -0.038749 0.245587 0.968600
-2.909631 -17.582183 -33.360682 -79.295572 0.870437 -0.473327 0.135279 0.373618 0.456255 -0.807615 -0.320544 -0.753521 -0.573984
-3.002178 -16.667353 -23.624485 -84.744496 0.874055 -0.461810 0.150860 0.311398 0.294199 -0.903592 -0.372905 -0.836767 -0.400953
-2.659759 -17.221207 -23.946203 -110.720384 0.857098 -0.496383 0.137792 0.296855 0.257302 -0.919605 -0.421022 -0.829096 -0.367887
-1.973116 -18.070243 -22.259378 -68.299270 0.859295 -0.495183 0.128081 0.379487 0.449339 -0.808755 -0.342930 -0.743564 -0.574031
-2.542374 -18.095492 -17.001373 24.607017 0.873486 -0.471023 0.123122 0.431064 0.630714 -0.645278 -0.226286 -0.616715 -0.753961
-2.959446 -17.911700 -24.323972 -36.246711 0.889411 -0.433173 0.145974 0.414762 0.630525 -0.656057 -0.192146 -0.644049 -0.740460
-0.930814 -34.973894 1.457167 433.649152 -0.309186 0.950380 -0.034369 -0.709617 -0.254617 -0.656973 0.633125 0.178738 -0.753130
-0.960273 -31.146682 32.433265 17.754156 -0.287737 0.957581 0.015681 -0.810510 -0.234758 -0.536621 0.510177 0.167115 -0.843678
-0.114780 -34.491094 41.300066 492.469823 -0.318587 0.947894 0.000529 -0.628205 -0.210721 -0.748969 0.709832 0.238944 -0.662604
-0.502532 -32.662430 34.636890 -8.442809 -0.280643 0.958709 0.046000 -0.808344 -0.210243 -0.549889 0.517512 0.191506 -0.833970
0.202990 -36.034602 48.784954 321.802818 -0.313662 0.949033 0.030874 -0.586086 -0.167919 -0.792658 0.747074 0.266721 -0.608885
0.774329 -27.178911 -14.493224 119.340765 -0.611180 0.703781 -0.362148 0.790433 0.519066 -0.325247 -0.040924 -0.485038 -0.873535
0.612983 -29.174098 21.105828 -54.375434 -0.609672 0.708053 -0.356315 0.748502 0.366335 -0.552760 -0.260853 -0.603705 -0.753323
0.386635 -28.448707 -30.872976 21.940541 -0.620049 0.695985 -0.362137 0.744472 0.376275 -0.551524 -0.247589 -0.611573 -0.751451
-6.237301 -13.853051 44.612732 -13.119756 -0.644261 0.619734 -0.448171 0.708234 0.704621 -0.043756 0.288674 -0.345600 -0.892876
-5.665778 -14.965097 110.693346 -70.429321 -0.736114 0.569340 -0.366045 0.601626 0.798154 0.031568 0.310132 -0.196985 -0.930062
-6.223846 -14.656923 53.478958 -108.018824 -0.728637 0.523053 -0.442157 0.562175 0.825499 0.050115 0.391213 -0.212054 -0.895537
-5.521972 -15.688389 83.550044 -120.109970 -0.766869 0.500401 -0.401884 0.470737 0.864179 0.177770 0.436256 -0.052856 -0.898269
1.250101 -1.718966 30.630984 -407.010011 0.679296 -0.677730 0.281494 0.419408 0.043763 -0.906743 -0.602208 -0.734007 -0.313973
2.920991 1.306601 -468.997803 -18.946617 0.187669 0.204515 -0.960705 0.744613 -0.667488 0.003361 -0.640572 -0.715984 -0.277552
3.391585 1.599105 -371.968132 12.502164 0.319573 0.116497 -0.940373 0.726937 -0.666724 0.164443 -0.607812 -0.736144 -0.297752
15.072674 -112.890694 -123.278774 5273.067544 -0.229850 0.967004 -0.109877 -0.408795 -0.198387 -0.890803 0.883207 0.159834 -0.440906
73.674851 -1876.332848 3181.095853 115554.578294 -0.427973 0.903185 0.033110 -0.512476 -0.212334 -0.832035 0.744451 0.373057 -0.553734
9.491352 -31.180888 -17.971042 924.959358 -0.288720 0.945025 -0.153522 -0.705425 -0.318391 -0.633247 0.647315 0.074533 -0.758570
11.389111 -53.898769 -249.116579 2147.927102 0.014984 0.980630 -0.195297 -0.628730 -0.142633 -0.764431 0.777479 -0.134244 -0.614414
-22.735786 -71.483428 737.764406 1537.735287 0.627168 0.777740 -0.042207 -0.100229 0.134326 0.985855 -0.772408 0.614067 -0.162197
-17.333814 -69.368836 626.427884 -2543.090479 0.626348 0.751433 0.207455 -0.033230 -0.240146 0.970168 -0.778835 0.614556 0.125445
-10.770637 -81.087187 259.612335 -2754.043433 0.668920 0.708304 0.225501 -0.132065 -0.185294 0.973768 -0.731508 0.681154 0.030404
-10.931752 -13.637268 -159.453685 -180.422738 -0.426972 0.904040 -0.020142 0.335160 0.137527 -0.932070 0.839859 0.404718 0.361719
-9.397983 -13.376222 -67.518845 -140.884741 -0.226597 0.935593 -0.270777 0.424573 -0.155322 -0.891971 0.876580 0.317083 0.362031
-6.938665 -10.167913 -19.741758 -136.521909 0.072022 0.811326 -0.580141 0.701040 -0.454920 -0.549172 0.709475 0.367150 0.601536
-8.009511 -11.719031 -29.052982 -108.018269 -0.018161 0.876943 -0.480252 0.562815 -0.388036 -0.729840 0.826383 0.283548 0.486510
-2.285907 -9.704708 -390.791221 -71.550176 0.531168 -0.620636 0.576776 0.840265 0.473208 -0.264630 -0.108696 0.625208 0.772852
-4.156402 -9.746076 -267.399504 -114.131140 0.464057 -0.695612 0.548429 0.872401 0.466205 -0.146867 -0.153518 0.546605 0.823198
-6.026243 -10.641881 -22.594158 -59.060678 0.247305 -0.840498 0.482083 0.968932 0.216166 -0.120175 -0.003203 0.496825 0.867845
227.610794 -84.164538 13608.573216 -2567.435901 0.927953 -0.185079 -0.323494 0.337334 0.048059 0.940158 0.158457 0.981548 -0.107030
1571.436539 -321.282057 -90609.681343 551.908941 -0.705042 0.672458 -0.225204 -0.014405 -0.331075 -0.943494 0.709020 0.661959 -0.243108
25.181125 -38.461815 1545.537265 215.434803 0.825588 -0.545494 0.144364 -0.203932 -0.049896 0.977713 0.526134 0.836628 0.152437
1.746290 -7.217038 19.960545 -71.604401 -0.481783 0.767216 -0.423396 -0.350123 0.274390 0.895614 -0.803305 -0.579732 -0.136423
1.958173 -6.279034 7.394170 -65.442513 -0.484844 0.761406 -0.430333 -0.438454 0.214135 0.872871 -0.756759 -0.611888 -0.230019
1.167378 -6.918020 69.966605 -99.098857 -0.461065 0.802254 -0.379221 -0.385809 0.203615 0.899829 -0.799106 -0.561186 -0.215637
0.929035 -7.846572 72.254188 -89.063571 -0.467853 0.803105 -0.368967 -0.294576 0.251905 0.921829 -0.833270 -0.539969 -0.118720
0.332900 -8.176044 79.988332 -93.868638 -0.471308 0.827330 -0.305604 -0.260716 0.200327 0.944403 -0.842553 -0.524781 -0.121282
-1.168679 -9.692522 -0.930178 -91.061814 -0.383226 0.916914 0.111385 0.849479 0.302530 0.432274 -0.362661 -0.260278 0.894836
-0.943539 -9.809558 18.288019 -124.808905 -0.401673 0.913229 0.068342 0.826273 0.329224 0.457039 -0.394881 -0.240049 0.886817
-0.755856 -9.171361 8.845770 -127.750517 -0.398325 0.915244 0.060548 0.798385 0.313455 0.514128 -0.451573 -0.253131 0.855574
-0.945196 -8.499461 20.125421 -49.529208 -0.325074 0.936390 0.132286 0.820028 0.209433 0.532627 -0.471042 -0.281622 0.835948
2.406628 -20.313528 108.908763 -29.308682 0.972873 -0.182060 0.142732 -0.029085 -0.708341 -0.705271 -0.229504 -0.681988 0.694421
3.653169 -21.039513 123.900765 53.346744 0.967033 -0.227997 0.113421 -0.080766 -0.697009 -0.712500 -0.241503 -0.679850 0.692445
2.463960 -19.050381 74.353911 -112.728646 0.967591 -0.216902 0.129313 -0.113104 -0.830089 -0.546039 -0.225778 -0.513717 0.827719
3.412690 -14.378691 45.261135 251.435739 0.918495 -0.230688 0.321169 -0.099826 0.650622 0.752812 0.382625 0.723515 -0.574564
3.978543 -16.489199 -11.701259 329.822520 0.943422 -0.202021 0.262948 -0.055305 0.686012 0.725485 0.326949 0.698981 -0.636027
2.844766 -12.409536 37.887916 46.391880 0.916249 -0.256112 0.308049 -0.124235 0.549388 0.826280 0.380859 0.795349 -0.471558
3.279645 -13.378974 -15.688003 33.078624 0.942775 -0.203219 0.264342 -0.099908 0.584198 0.805438 0.318109 0.785757 -0.530464
2.116766 -2.231273 245.039976 21.125684 0.446694 0.063604 -0.892423 -0.579184 0.780814 -0.234256 0.681917 0.621517 0.385624
2.995377 -1.424439 -331.869783 -27.234942 -0.261806 -0.239323 0.934977 0.711770 -0.702140 0.019581 0.651799 0.670615 0.354167
-0.213060 -14.373896 26.297152 72.975095 -0.524212 0.846774 0.090422 -0.043430 0.079460 -0.995892 0.850480 0.525985 0.004879
-0.361377 -15.065520 26.504606 55.839945 -0.519348 0.852697 0.056437 0.117478 0.136654 -0.983628 0.846449 0.504215 0.171144
-0.510775 -14.374590 15.024970 86.805839 -0.523287 0.849121 0.071870 0.093890 0.141275 -0.985508 0.846968 0.508955 0.153652
-0.357525 -13.098880 -29.782592 92.012219 -0.502469 0.856788 0.115922 -0.032371 0.115340 -0.992798 0.863989 0.502603 0.030220
11.781888 -4.924864 565.561118 143.322934 -0.143568 -0.549877 0.822815 0.254851 0.782844 0.567632 -0.956263 0.291189 0.027745
-5.869531 -34.557585 310.855324 -388.077086 0.759228 -0.613635 0.216852 0.567927 0.461936 -0.681230 -0.317854 -0.640365 -0.699215
-3.038285 -33.556582 198.500156 -137.994447 0.752960 -0.614485 0.235498 0.604776 0.505084 -0.615740 -0.259417 -0.606051 -0.751934
-3.024479 -30.294734 158.672777 -597.813523 0.759635 -0.617944 0.202730 0.438209 0.256007 -0.861645 -0.480549 -0.743374 -0.465261
-5.494920 -36.779793 329.537756 99.190061 0.728037 -0.639671 0.246542 0.683456 0.649259 -0.333692 -0.053383 -0.411441 -0.909872
-8.045493 -35.084443 283.192339 192.124725 0.732283 -0.662082 0.159401 0.653387 0.617094 -0.438499 -0.191957 -0.425256 -0.884483
-5.713823 -12.222919 12.027069 53.763558 0.845460 -0.500370 0.186618 0.057065 -0.262800 -0.963161 -0.530981 -0.824964 0.193634
-5.173605 -10.386318 93.824212 7.286513 0.883134 -0.468181 -0.029663 -0.061850 -0.053522 -0.996649 -0.465025 -0.882010 0.076224
-3.866567 -8.954228 167.179701 -35.232050 0.881015 -0.398147 -0.255524 -0.255586 0.053943 -0.965280 -0.398107 -0.915734 0.054236
-60.533620 -1292.367419 -2654.399833 118306.623854 -0.192354 0.967502 0.164135 0.620661 -0.009610 0.784020 -0.760118 -0.252682 0.598642
49.337362 -1551.658445 -9507.431964 -417129.525263 -0.244691 0.880704 0.405569 -0.644713 -0.460205 0.610374 -0.724204 0.112123 -0.680409
-333.526505 -32628.325194 161.919860 4070752.419397 -0.260054 0.912444 0.315939 0.051456 -0.313636 0.948148 -0.964222 -0.262826 -0.034612
537.867493 48.049304 2037789.154953 -23883.407256 -0.674114 -0.447075 0.587958 -0.230741 0.883640 0.407356 -0.701662 0.138938 -0.698832
-102.850406 -529.825178 -5336.980664 59516.901157 -0.294565 0.948238 0.118644 0.924305 0.251177 0.287349 -0.242675 -0.194307 0.950449
1.381916 -6.879921 57.994409 40.753076 0.824310 -0.496213 0.272553 0.514541 0.857452 0.004910 -0.236138 0.136192 0.962128
2.073008 -7.096082 -35.014464 24.299256 0.807643 -0.491221 0.326213 0.500986 0.863389 0.059769 -0.311008 0.115156 0.943405
-4.537259 -8.103017 -28.494266 45.167249 -0.440053 0.835438 0.329238 0.189948 -0.271748 0.943437 -0.877652 -0.477700 0.039106
-4.689437 -8.463887 50.941126 53.368592 -0.314521 0.831249 0.458368 0.210288 -0.409861 0.887577 -0.925665 -0.375551 0.045892
1.061048 -205.957977 132.854314 -14110.323574 0.508461 0.858860 0.061864 0.577333 -0.286724 -0.764510 0.638870 -0.424440 0.641636
-88.645221 -357.665948 -4390.491342 10081.985973 0.661863 0.356171 0.659606 0.663260 -0.688274 -0.293878 0.349319 0.631997 -0.691777
0.126180 -83.349478 69.387845 -598.480157 0.421313 0.827590 0.370931 0.867853 -0.486646 0.100034 0.263300 0.279768 -0.923257
0.744345 -48.835994 100.818310 -602.175269 0.422763 0.808732 0.408930 0.906071 -0.385914 -0.173507 0.017491 0.443872 -0.895919
1.847721 -70.863564 -29.277772 -3177.998337 0.437536 0.815413 0.379029 0.866474 -0.269641 -0.420138 -0.240385 0.512244 -0.824512
-7.461858 -10.953321 75.997219 -9.526672 0.698203 0.596623 -0.395668 -0.651899 0.301437 -0.695819 0.295873 -0.743758 -0.599403
-8.139835 -11.169427 102.941903 -28.122449 0.712221 0.537480 -0.451505 -0.627799 0.199987 -0.752245 0.314022 -0.819219 -0.479865
-8.128570 -11.216964 109.463430 -10.131359 0.741248 0.539127 -0.399865 -0.527955 0.100408 -0.843316 0.414505 -0.836218 -0.359062
-5.498803 -19.828810 -60.529179 962.078467 -0.581839 0.812698 0.031393 -0.483838 -0.376907 0.789837 -0.653731 -0.444368 -0.612513
-1.156582 -17.291606 55.555364 -92.011757 0.166726 0.581634 -0.796181 0.513806 0.637933 0.573624 0.841550 -0.504720 -0.192487
-2.079531 -17.304250 11.624919 -375.620327 0.150990 0.517502 -0.842255 0.760975 0.482985 0.433176 0.630966 -0.706341 -0.320880
-2.140649 -16.041243 9.550159 -297.965931 0.190923 0.584557 -0.788569 0.741074 0.440973 0.506312 0.643706 -0.681055 -0.349008
-1.189872 -16.538673 32.989576 210.294606 0.206157 0.635286 -0.744252 -0.581428 -0.532231 -0.615362 0.787045 -0.559590 -0.259650
-0.183496 -17.064113 29.556775 114.791194 0.211292 0.625499 -0.751070 0.322849 0.680628 0.657659 0.922564 -0.381440 -0.058130
16.938815 -10.200108 559.162107 -14.116052 0.049884 -0.846462 0.530108 0.985001 -0.046086 -0.166279 0.165179 0.530452 0.831467
15.449562 -10.430209 210.482171 -14.735352 0.033520 -0.691700 0.721406 0.972890 -0.142680 -0.182010 0.228827 0.707950 0.668166
12.282392 -10.174066 56.194917 26.364823 0.045885 -0.678978 0.732723 0.918039 -0.260513 -0.298893 0.393826 0.686383 0.611375
12.439012 -9.595082 420.901963 28.670362 0.048346 -0.846460 0.530252 0.933302 -0.150834 -0.325877 0.355822 0.510641 0.782711
-1.926975 -26.519465 -95.390084 -621.181229 0.886171 -0.220746 0.407396 -0.216932 0.579262 0.785745 0.409439 0.784682 -0.465439
-2.184387 -17.979001 -68.473452 -391.402840 0.874260 -0.269901 0.403512 -0.047864 0.779225 0.624913 0.483092 0.565651 -0.668327
1.437134 -8.386556 -54.266643 49.285682 0.189458 -0.949750 0.249158 0.980245 0.197627 0.007951 -0.056791 0.242730 0.968430
-4.392061 -7.005007 -10.049305 -41.705957 -0.619499 0.756183 -0.210734 0.633195 0.322685 -0.703519 -0.463988 -0.569265 -0.678714
-4.185061 -6.578209 36.290369 -60.027216 0.716785 -0.667661 0.201116 0.564722 0.386649 -0.729103 -0.409033 -0.636185 -0.654187
-2.982868 -16.137077 -27.054828 -20.264345 0.867166 -0.474964 0.149775 0.244656 0.144331 -0.958808 -0.433782 -0.868089 -0.241361
1.069036 -44.165307 29.491883 -277.248348 -0.308433 0.948465 -0.072685 0.327421 0.034111 -0.944263 0.893121 0.315040 0.321068
0.799520 -43.144257 26.236360 -397.471160 -0.327000 0.941093 -0.086116 0.222578 -0.011865 -0.974843 0.918439 0.337941 0.205587
0.857913 -41.657522 13.293293 226.990556 -0.324514 0.944541 -0.050340 -0.065366 -0.075487 -0.995002 0.943620 0.319601 -0.086238
1.130918 -44.881181 33.646151 293.673817 -0.314993 0.948822 -0.022694 -0.026875 -0.032819 -0.999100 0.948713 0.314100 -0.035837
0.856536 -29.917172 -6.967531 -139.740698 -0.613487 0.703636 -0.358511 0.637350 0.173113 -0.750877 -0.466282 -0.689150 -0.554665
0.855498 -29.840568 42.724699 -76.232801 -0.596243 0.719239 -0.356636 0.635391 0.151260 -0.757230 -0.490685 -0.678097 -0.547186
-5.194012 -14.731496 93.312670 50.144793 -0.644287 0.670521 -0.367826 0.740966 0.666378 -0.083120 0.189378 -0.326100 -0.926172
-0.196981 -15.938243 46.355400 58.865050 -0.536047 0.843250 -0.039780 0.495842 0.276365 -0.823264 0.683223 0.461033 0.566264
-0.378358 -15.756153 0.004912 -50.812148 -0.506502 0.860645 -0.052411 0.673194 0.356739 -0.647725 0.538764 0.363357 0.760069
-0.250292 -15.320615 23.569372 -52.800464 -0.520359 0.852253 -0.053768 0.637756 0.345978 -0.688161 0.567885 0.392381 0.723563
-41.936689 -131.865131 1705.502252 5404.852458 0.519840 0.811748 -0.266141 -0.116652 0.376079 0.919215 -0.846261 0.446799 -0.290193
-36.307774 -90.205597 1230.009468 -2262.819197 0.481107 0.859130 0.174448 -0.049819 -0.171876 0.983858 -0.875245 0.482032 0.039889
-8.768956 -13.088311 70.666114 -44.165499 -0.578749 0.813366 0.059039 0.214850 0.221913 -0.951102 0.786695 0.537764 0.303184
-4.516499 -11.959841 -385.221709 -35.158564 0.727291 -0.686316 -0.004234 -0.207288 -0.225536 0.951927 0.654278 0.691450 0.306295
-3.067093 -9.930163 33.648257 -243.419873 0.487414 -0.816064 0.310592 0.802098 0.277889 -0.528598 0.345060 0.506771 0.790011
-2.474762 -8.246934 100.157023 -65.299927 0.216607 -0.875904 0.431130 0.947178 0.081568 -0.310162 0.236505 0.475541 0.847305
-2.004218 -7.779788 127.542110 -91.751733 0.234878 -0.893493 0.382756 0.927497 0.088195 -0.363279 0.290830 0.440332 0.849427
5.268412 -10.952634 4.509722 347.492356 0.315285 0.898400 -0.305733 0.912184 -0.375756 -0.163483 0.261754 0.227341 0.937977
6.648234 -13.683407 113.409098 296.735542 -0.352874 -0.902847 0.245658 0.933448 -0.357774 0.025947 0.064464 0.238465 0.969009
5.747485 -12.276095 -250.844765 239.438667 -0.395171 -0.826647 0.400618 0.906728 -0.420922 0.025856 0.147255 0.373469 0.915880
4.636834 -12.126166 -241.253267 425.433564 0.251938 0.949747 -0.185762 0.944311 -0.283251 -0.167466 0.211668 0.133226 0.968219
4.174444 -10.125333 245.190242 257.155509 0.338023 0.839568 -0.425283 0.884344 -0.437947 -0.161675 0.321989 0.321446 0.890503
3.891856 -7.452665 -166.947260 250.868741 0.277113 0.935019 -0.221242 0.908869 -0.329782 -0.255344 0.311713 0.130321 0.941197
4.326697 -7.052189 32.411413 184.671493 0.319527 0.885482 -0.337379 0.875399 -0.412140 -0.252620 0.362737 0.214622 0.906840
427.579908 -677.722071 -17612.963601 38500.285402 0.735891 0.480520 0.477038 -0.257457 -0.453039 0.853506 -0.626243 0.750904 0.209674
67.352350 -24.857568 -3217.793474 -215.404556 -0.439644 0.865506 -0.240027 0.552856 0.471388 0.687128 -0.707859 -0.169391 0.685742
-3.052232 -4.471623 37.791783 180.793889 0.886094 -0.328669 0.326825 0.455677 0.488663 -0.744021 -0.084829 -0.808199 -0.582768
-2.932809 -3.200109 238.435149 19.056356 0.616401 0.453523 -0.643713 0.780362 -0.461134 0.422363 -0.105287 -0.762674 -0.638156
-1.337487 -3.045385 204.900131 16.953749 0.825818 0.309329 -0.471530 -0.560947 0.536563 -0.630428 -0.057996 -0.785121 -0.616621
-3.413012 -6.049648 26.077600 185.015676 0.728906 -0.467280 0.500346 0.669737 0.335169 -0.662657 -0.141946 -0.818114 -0.557261
-3.476928 -6.230055 12.609209 106.374396 0.799237 -0.383789 0.462522 0.587853 0.339009 -0.734508 -0.125097 -0.858941 -0.496560
5.917502 -21.145999 120.743091 113.825644 0.942306 -0.317825 0.105104 -0.081156 -0.521504 -0.849381 -0.324766 -0.791847 0.517209
3.835252 -20.241095 -33.197844 13.815138 0.912529 -0.381123 0.148446 -0.190258 -0.716814 -0.670806 -0.362067 -0.583887 0.726625
4.326429 -20.314913 -4.179367 481.671422 0.952234 -0.209775 0.221913 0.040600 0.807220 0.588853 0.302659 0.551716 -0.777179
-2.171637 -5.652979 134.917296 81.979485 0.710472 -0.483268 -0.511548 -0.038030 0.699485 -0.713634 0.702697 0.526471 0.478586
0.170573 -3.495349 151.323126 70.310166 0.642338 -0.279732 -0.713549 -0.276932 0.783400 -0.556410 0.714640 0.555008 0.425741
-0.069799 -14.622553 13.339139 133.937225 -0.531813 0.840587 0.102903 -0.129177 0.039569 -0.990832 0.836952 0.540230 -0.087541
0.102443 -12.373479 1.431964 182.009651 -0.507991 0.846924 0.157048 -0.327906 -0.021544 -0.944465 0.796507 0.531277 -0.288656
4.910629 -8.121555 -422.292666 -43.180711 -0.670801 -0.124116 0.731178 -0.040932 0.990590 0.130598 -0.740507 0.057677 -0.669569
-0.893521 -30.179687 60.443135 -389.481968 0.754539 -0.621886 0.209594 0.475754 0.298368 -0.827427 -0.452029 -0.724041 -0.520994
-0.221027 -33.174485 58.663326 9.885510 0.753014 -0.616926 0.228848 0.615525 0.537491 -0.576396 -0.232590 -0.574896 -0.784472
-2.029813 -35.595455 176.208391 91.823421 0.736215 -0.631814 0.242486 0.676203 0.672407 -0.301028 -0.027144 -0.385591 -0.922271
-5.557665 -13.107496 -38.847503 51.103326 0.797004 -0.498193 0.341451 0.096293 -0.453296 -0.886144 -0.596248 -0.739139 0.313306
-5.424784 -13.826481 -46.858757 94.303169 0.795832 -0.486128 0.361013 0.031170 -0.562526 -0.826192 -0.604714 -0.668763 0.432524
0.399743 -184.545515 -346.932752 -9695.347667 0.187504 0.893782 0.407426 0.685517 0.177997 -0.705963 0.703497 -0.411669 0.579328
-4.244825 -135.464022 -77.713509 -6084.011912 0.095662 0.878943 0.467235 0.784307 0.222483 -0.579105 0.612953 -0.421854 0.668078
-6.273034 -52.866742 381.550918 -2091.934545 -0.223160 -0.892575 -0.391804 0.932783 -0.078824 -0.351715 0.283048 -0.443956 0.850169
25.182681 -545.996901 -496.769170 -37606.510653 -0.176431 0.836296 0.519115 0.877448 0.372614 -0.302065 0.446045 -0.402203 0.799548
5.131997 -90.774129 -410.289557 -2853.337864 0.094683 0.903869 0.417201 0.574158 0.292777 -0.764607 0.813251 -0.311934 0.491242
1.226063 -3.939749 214.668667 33.711603 0.471498 0.537664 -0.699005 0.852197 -0.481670 0.204338 -0.226824 -0.692035 -0.685302
4.616315 -3.413402 180.556416 48.842371 0.543917 0.447662 -0.709756 0.812151 -0.493620 0.311047 -0.211106 -0.745613 -0.632057
1.031494 -3.582313 233.834095 39.279245 0.514745 0.522343 -0.679849 0.841262 -0.460596 0.283071 -0.165276 -0.717641 -0.676517
-2.212490 -4.385549 195.887152 62.518025 0.236035 0.640674 -0.730633 0.947739 -0.317865 0.027443 -0.214661 -0.698927 -0.682218
-2.776465 -3.837457 207.246305 62.085586 0.251295 0.623695 -0.740172 0.954700 -0.285632 0.083445 -0.159372 -0.727612 -0.667220
-4.271937 -7.897934 -45.975487 48.536779 -0.510546 0.823484 0.247420 0.182363 -0.177501 0.967077 -0.840290 -0.538857 0.059551
-4.007453 -7.097948 -50.308685 63.605034 -0.499957 0.829996 0.247282 0.280813 -0.114742 0.952879 -0.819260 -0.545839 0.175708
183.461213 -1378.014374 8953.729142 20583.931658 0.823196 0.564981 0.056082 -0.556194 0.822320 -0.120157 -0.114004 0.067720 0.991170
-185.120325 -681.172532 11040.079701 -53504.215247 -0.480555 -0.164414 0.861414 0.736289 -0.609233 0.294471 0.476387 0.775760 0.413826
-11.349893 -31.808228 -792.302205 -1367.153664 0.540746 0.428203 -0.724041 0.091158 0.825840 0.556488 0.836232 -0.366921 0.407536
2.057461 -48.785271 -18.387605 -2090.100381 0.471642 0.784568 0.402501 0.786228 -0.167493 -0.594803 -0.399248 0.596992 -0.695846
0.062237 -39.967479 117.338803 477.360277 0.425740 0.799577 0.423583 0.868105 -0.492975 0.058040 0.255223 0.343005 -0.903996
1.183583 -35.367612 67.185875 -441.303969 0.478534 0.769137 0.423595 0.866320 -0.334906 -0.370578 -0.143161 0.544303 -0.826583
-6.554595 -10.903354 8.354037 -12.621439 0.717170 0.667837 -0.199151 -0.611168 0.465401 -0.640215 0.334875 -0.580858 -0.741932
-6.271437 -10.869189 0.376897 -9.776056 0.713872 0.682082 -0.158591 -0.542698 0.395735 -0.740860 0.442567 -0.614946 -0.652668
-3.555317 -10.124147 242.642211 100.346952 -0.281406 0.957779 0.058901 -0.793398 -0.266757 0.547139 -0.539751 -0.107236 -0.834967
4.495501 -11.436590 -269.808395 402.936707 0.186307 0.414836 -0.890618 -0.058991 0.909577 0.411327 0.980719 -0.024095 0.193932
6.297380 -16.314862 -529.902212 466.372252 0.202688 0.351127 -0.914127 0.084879 0.923690 0.373621 0.975558 -0.153319 0.157417
1.929171 -16.488782 -149.906969 542.364249 0.187347 0.434403 -0.881020 0.092985 0.885030 0.456153 0.977883 -0.167380 0.125415
38.007047 -7.064534 859.185239 -6.967131 -0.206548 -0.604869 0.769072 0.967738 -0.010373 0.251745 -0.144295 0.796257 0.587497
28.758853 -9.583531 1156.338157 -11.431583 -0.030157 -0.824439 0.565147 0.999539 -0.022882 0.019955 -0.003520 0.565489 0.824749
-2.585013 -29.233608 -68.718259 -355.068702 0.876056 -0.238956 0.418839 -0.348561 0.286400 0.892458 0.333214 0.927834 -0.167611
-0.854069 -28.725785 -112.381289 -390.682449 0.895116 -0.186084 0.405142 -0.339707 0.303843 0.890101 0.288733 0.934373 -0.208761
-1.497991 -28.672195 -110.809501 273.185878 0.889550 -0.214039 0.403593 -0.422633 -0.050166 0.904911 0.173439 0.975536 0.135085
1.153690 -7.792127 9.191834 -8.715594 0.198648 -0.956015 0.215811 0.966219 0.154143 -0.206544 0.164193 0.249550 0.954340
0.938357 -8.549527 1.169645 -59.161792 0.266800 -0.946103 0.183594 0.933632 0.206475 -0.292745 0.239060 0.249513 0.938399
-1.582861 -5.139358 130.790086 -11.178262 -0.278535 -0.393986 0.875895 -0.723471 0.685882 0.078452 -0.631670 -0.611833 -0.476080
-0.982767 -4.884009 -102.036485 10.551479 0.313555 0.347623 -0.883652 0.745348 -0.666672 0.002215 -0.588336 -0.659323 -0.468138
-1.725675 -17.680889 -40.986041 -136.494264 0.833441 -0.534267 0.141193 0.307951 0.236881 -0.921441 -0.458850 -0.811447 -0.361955
-1.073640 -18.147912 -70.683460 -166.348605 0.824971 -0.555326 0.105051 0.357289 0.368418 -0.858261 -0.437912 -0.745575 -0.502346
-1.029141 -19.324145 -81.071331 -1.503643 0.833123 -0.547594 0.077760 0.425752 0.545205 -0.722140 -0.353045 -0.634738 -0.687362
-1.665173 -18.301053 -38.025640 41.846747 0.862327 -0.496790 0.097932 0.429330 0.614814 -0.661574 -0.268453 -0.612538 -0.743458
0.189838 -38.941815 50.450565 -172.212287 -0.349160 0.934107 -0.074378 0.102776 -0.040720 -0.993871 0.931410 0.354664 0.081786
0.398073 -36.989342 58.220448 -454.906100 -0.329733 0.937846 -0.108267 0.467992 0.062777 -0.881500 0.819915 0.341328 0.459603
-0.594363 -39.654573 30.271522 -286.636747 -0.340223 0.937580 -0.072058 0.066887 -0.052306 -0.996389 0.937963 0.343814 0.044916
-0.490495 -38.611054 43.829317 363.064809 -0.348528 0.935439 -0.059014 -0.269705 -0.160388 -0.949492 0.897656 0.315009 -0.308192
-0.143186 -36.568076 47.830449 -510.076311 -0.343994 0.933526 -0.100985 0.390081 0.044249 -0.919717 0.854111 0.355769 0.379372
0.365923 -29.263093 -80.221974 -40.625205 -0.641339 0.677647 -0.359832 0.646297 0.224382 -0.729351 -0.413503 -0.700319 -0.581866
0.893227 -30.386501 48.864678 -90.200606 0.635649 -0.682829 0.360132 0.478403 -0.017699 -0.877962 -0.605872 -0.730364 -0.315417
1.162630 -30.714156 -30.274524 109.801005 0.592562 -0.719910 0.361386 0.498986 -0.024141 -0.866274 -0.632364 -0.693647 -0.344919
-0.612359 -28.483383 113.564242 -92.450984 0.653921 -0.670927 0.349635 0.546195 0.098881 -0.831801 -0.523505 -0.734901 -0.431118
-4.164473 -14.747186 95.598866 46.128294 -0.531973 0.757901 -0.377612 0.846706 0.481208 -0.226997 0.009669 -0.440482 -0.897709
-3.389949 -16.484059 125.318521 57.735712 -0.673639 0.683152 -0.281983 0.731601 0.670468 -0.123422 0.104745 -0.289441 -0.951448
7.845712 -102.265887 326.245920 -4396.933992 -0.196565 0.979612 0.041505 0.919488 0.169472 0.354714 -0.340448 -0.107888 0.934053
9.339606 -82.333870 -283.485679 -2342.146636 0.218253 -0.964654 -0.147678 0.971225 0.229490 -0.063695 0.095334 -0.129526 0.986982
12.549212 -83.061585 -33.565633 -3354.050017 -0.245212 0.943000 0.224994 0.901788 0.136672 0.410000 -0.355879 -0.303434 0.883899
