16125
32236
-5.386577 -7.645102 88.606259 124.281837 -0.396566 0.846282 -0.355729 -0.463494 -0.519064 -0.718155 0.792407 0.119917 -0.598089
-6.611489 -9.282133 102.967424 124.735260 -0.286132 0.944139 -0.163496 -0.436207 -0.280272 -0.855086 0.853143 0.173350 -0.492034
-6.490910 -9.045891 -3.806077 239.858811 0.037778 0.975166 0.218230 -0.579690 0.199271 -0.790095 0.813961 0.096658 -0.572822
-4.971896 -7.969618 -21.415736 83.150695 -0.468991 0.789921 -0.395060 -0.365001 -0.580668 -0.727735 0.804252 0.197104 -0.560650
-4.943014 -6.455756 46.878326 113.066597 -0.269438 0.935188 -0.229839 -0.604503 -0.350031 -0.715580 0.749653 0.053867 -0.659635
-4.014898 -6.666792 -10.393115 -80.758909 -0.524853 0.689269 -0.499438 0.391517 0.716486 0.577375 0.755807 0.107499 -0.645910
-1.285198 -3.879278 0.227627 -37.555177 -0.399152 0.916683 0.019253 -0.565514 -0.229605 -0.792134 0.721715 0.327069 -0.610044
-1.520347 -4.508383 -10.288976 -47.307555 -0.458973 0.887019 -0.050410 -0.574521 -0.339599 -0.744713 0.677694 0.312841 -0.665478
-1.386429 -3.957152 -0.611220 -29.805839 -0.403127 0.913671 0.051912 -0.610295 -0.226136 -0.759212 0.681931 0.337740 -0.648770
-1.202246 -3.606062 5.932290 -19.381756 -0.320986 0.928842 0.184988 -0.660929 -0.079790 -0.746195 0.678337 0.361782 -0.639510
-1.047676 -3.404177 6.052263 -38.537394 -0.327470 0.932001 0.155361 -0.608925 -0.082441 -0.788932 0.722477 0.352955 -0.594516
0.148691 -1.989244 -4.587039 72.868650 -0.316740 0.810348 -0.492963 0.404701 0.585498 0.702431 -0.857842 -0.022986 0.513400
1.005585 -0.976267 136.005625 -42.647263 0.526889 -0.248707 0.812732 0.120456 0.968428 0.218261 -0.841355 -0.017100 0.540212
1.090668 -1.606662 91.317726 -37.816451 0.509481 -0.315414 0.800589 0.170791 0.948953 0.265178 -0.843362 0.001631 0.537343
-0.084723 -2.671891 -4.213557 43.938906 -0.366800 0.714328 -0.595981 0.364991 0.699768 0.614089 -0.855710 -0.007720 0.517399
0.236563 -3.460409 -17.555577 48.091148 -0.267336 0.868542 -0.417333 0.389414 0.493534 0.777677 -0.881413 -0.045386 0.470162
0.478564 -3.504259 -4.226489 38.611640 -0.223553 0.911157 -0.346145 0.382725 0.408669 0.828560 -0.896407 -0.052749 0.440082
2.345320 -7.207972 26.228333 -5.035703 -0.229678 0.964025 0.133804 -0.037028 -0.146035 0.988586 -0.972562 -0.222102 -0.069237
1.784707 -7.434926 40.564729 -20.043504 -0.188826 0.980296 0.058008 -0.063795 -0.071191 0.995421 -0.979936 -0.184261 -0.075981
2.480469 -7.008937 58.881339 -18.731887 -0.196329 0.975831 0.095962 0.021252 -0.093608 0.995382 -0.980308 -0.197462 0.002360
3.325797 -6.982693 37.937583 1.401482 -0.242227 0.958931 0.147570 0.092056 -0.128698 0.987402 -0.965842 -0.252761 0.057101
2.993542 -7.133755 0.390959 -8.509786 -0.288129 0.932299 0.218631 0.040626 -0.216207 0.975502 -0.956729 -0.289952 -0.024420
1.984635 -7.065848 -3.287269 22.138083 -0.288912 0.932988 0.214625 -0.051551 -0.239021 0.969645 -0.955967 -0.269078 -0.117153
-0.733361 -6.290805 -20.643802 30.024436 -0.107570 0.975419 -0.192321 -0.748617 -0.206761 -0.629939 0.654219 -0.076213 -0.752456
-0.977311 -6.605540 -16.597419 16.463061 -0.104274 0.977323 -0.184303 -0.701478 -0.203639 -0.682979 0.705022 -0.058067 -0.706804
-0.416240 -6.392048 -41.320066 23.407614 -0.050163 0.985033 -0.164904 -0.725625 -0.149398 -0.671676 0.686260 -0.085965 -0.722259
-0.042016 -5.891740 -41.869664 58.753412 -0.048935 0.985217 -0.164172 -0.792685 -0.138309 -0.593735 0.607664 -0.101082 -0.787735
0.339985 -6.167664 -16.358095 14.894358 0.044961 0.971315 -0.233506 -0.895639 0.142730 0.421258 -0.442503 -0.190197 -0.876366
0.213000 -7.196542 -21.699272 136.578637 0.044458 0.969615 -0.240564 -0.923356 0.131805 0.360611 -0.381362 -0.206095 -0.901159
0.536834 -7.199645 -27.037036 100.301626 0.066418 0.968457 -0.240165 -0.922101 0.151534 0.356045 -0.381207 -0.197808 -0.903080
1.469512 -13.639969 -187.477220 -327.329824 0.519638 0.846784 -0.113722 0.216045 -0.259008 -0.941403 0.826620 -0.464620 0.317534
0.155417 -16.733146 -177.576907 -365.161932 0.501495 0.860345 -0.091154 0.124232 -0.175880 -0.976541 0.856195 -0.478406 0.195085
-0.382461 -12.521479 -157.938772 -315.454961 0.505581 0.856859 -0.100900 0.267586 -0.266908 -0.925828 0.820235 -0.441082 0.364227
-2.309840 -13.251455 -92.256550 -306.243189 0.459272 0.884035 -0.086905 0.276998 -0.235483 -0.931569 0.844004 -0.403771 0.353026
-1.296334 -9.432399 -87.179959 -267.906829 0.466755 0.877557 -0.109696 0.423163 -0.330525 -0.843615 0.776578 -0.347342 0.525624
0.400319 -9.242899 -120.123393 -207.542619 0.500842 0.853896 -0.141490 0.352488 -0.350523 -0.867690 0.790513 -0.384702 0.476544
-0.417897 -16.715028 3.334155 -108.486528 -0.097419 0.974487 -0.202201 -0.835853 0.030173 0.548124 -0.540241 -0.222407 -0.811588
-0.444361 -16.907283 10.672951 -113.347711 -0.095994 0.975105 -0.199887 -0.812692 0.039171 0.581375 -0.574732 -0.218255 -0.788700
-0.515936 -16.192430 13.739578 -19.619262 -0.070856 0.976131 -0.205301 -0.912124 0.019902 0.409431 -0.403744 -0.216270 -0.888942
-0.307534 -17.869148 -4.433962 -155.545393 -0.121435 0.971910 -0.201604 -0.696426 0.061300 0.715006 -0.707280 -0.227229 -0.669419
-0.367197 -16.198104 8.093168 35.199720 -0.078171 0.975750 -0.204453 -0.918445 0.009279 0.395441 -0.387748 -0.218691 -0.895447
-0.285598 -16.966148 -37.427411 -60.961308 -0.106907 0.966919 -0.231598 -0.873537 0.019909 0.486351 -0.474873 -0.254304 -0.842511
-0.223030 -18.181064 -32.401150 -149.372756 -0.121155 0.967788 -0.220699 -0.760859 0.052252 0.646810 -0.637506 -0.246285 -0.730020
0.624258 -7.582842 -20.059493 -145.424678 0.383200 0.921818 -0.058397 0.922264 -0.378372 0.079143 0.050860 -0.084185 -0.995151
1.094549 -9.011907 -33.617416 -156.144739 0.422945 0.904668 -0.051896 0.901407 -0.414184 0.126161 0.092639 -0.100139 -0.990651
1.194361 -7.461397 -19.952560 -24.431651 0.334574 0.941176 -0.047408 0.942184 -0.333086 0.036651 0.018704 -0.056930 -0.998203
0.410408 -7.054155 -13.092633 12.165859 -0.074267 0.997123 0.015150 0.395754 0.015525 0.918225 -0.915349 -0.074189 0.395768
0.375609 -6.292497 -4.336594 81.716093 -0.077782 0.996957 0.005161 0.483789 0.033218 0.874554 -0.871721 -0.070522 0.484900
0.295488 -7.171179 3.528888 -0.688805 -0.067377 0.997637 0.013461 0.378054 0.013042 0.925692 -0.923328 -0.067459 0.378039
0.397023 -7.226795 -7.879056 -18.528835 -0.066511 0.997327 0.030242 0.312358 -0.007974 0.949931 -0.947633 -0.072627 0.310993
0.203257 -5.148005 -17.995729 -118.207388 0.107694 0.993210 0.044001 -0.473616 0.090168 -0.876104 0.874122 -0.073511 -0.480111
0.426075 -6.328679 -8.237459 -72.988944 0.088142 0.995701 0.028459 -0.554055 0.072749 -0.829295 0.827801 -0.057327 -0.558085
0.135160 -5.739833 -26.272054 -67.918794 0.074202 0.997239 0.002878 -0.549418 0.043289 -0.834425 0.832246 -0.060335 -0.551113
-0.244959 -4.099889 -40.643154 -97.967625 0.113615 0.992855 0.036475 -0.444737 0.083653 -0.891746 0.888426 -0.085094 -0.451063
0.529298 -23.661354 -25.145641 -195.649656 0.095273 0.995404 0.009647 0.056473 0.004271 -0.998395 0.993848 -0.095665 0.055806
0.817536 -25.767075 5.216322 138.622477 0.067415 0.997724 0.001031 -0.224822 0.016198 -0.974265 0.972065 -0.065449 -0.225403
-0.408252 -24.569482 -23.843168 -220.084211 0.103583 0.993557 -0.045994 0.106848 -0.057091 -0.992635 0.988865 -0.097906 0.112073
0.027780 -27.081604 5.803631 303.484071 0.080447 0.995225 -0.055279 -0.255275 -0.033038 -0.966304 0.963516 -0.091847 -0.251398
-0.844886 -26.799769 -1.016092 -4.119298 0.104146 0.988636 -0.108406 0.050161 -0.114082 -0.992204 0.993296 -0.097896 0.061472
-2.568065 -13.005082 -23.547504 -16.654136 0.093999 0.991971 -0.084604 -0.564345 0.123099 0.816310 -0.820170 0.028986 -0.571385
-2.423516 -12.752082 -7.622166 -1.761083 0.134546 0.989160 -0.058817 -0.667536 0.134345 0.732357 -0.732320 0.059273 -0.678376
-2.410967 -12.699619 -11.887080 -9.869374 0.080267 0.994220 -0.071304 -0.701330 0.107163 0.704736 -0.708303 0.006559 -0.705878
0.958090 -2.978904 22.882261 -46.188443 0.057279 0.972245 0.226844 -0.728543 0.196060 -0.656343 0.682602 0.127670 -0.719552
0.364903 -4.425008 1.469561 -85.384508 -0.064996 0.991347 0.114046 -0.774485 0.021953 -0.632212 0.629245 0.129418 -0.766356
0.723760 -3.264649 9.888406 -54.946171 0.091211 0.970614 0.222685 -0.754610 0.213282 -0.620544 0.649804 0.111440 -0.751889
1.329170 -2.365599 14.048476 -30.633955 0.184120 0.937697 0.294659 -0.709318 0.334286 -0.620581 0.680418 0.094745 -0.726674
1.132334 -2.613935 3.269998 -29.301960 0.246869 0.918572 0.308676 -0.716672 0.387467 -0.579871 0.652255 0.078068 -0.753969
0.333635 -3.881727 12.829771 -64.615883 0.138020 0.958191 0.250641 -0.775880 0.261893 -0.573953 0.615598 0.115251 -0.779587
-0.586650 -26.409234 -22.769918 84.043839 -0.095099 0.940605 0.325913 0.838769 0.252036 -0.482643 0.536118 -0.227467 0.812918
0.233619 -23.799828 48.419204 264.013469 -0.133314 0.936957 0.323016 0.613901 0.333938 -0.715270 0.778044 -0.102944 0.619718
-0.277332 -25.270766 -46.851031 288.053107 -0.076985 0.939591 0.333530 0.628469 0.305428 -0.715360 0.774015 -0.154541 0.614017
-1.320744 -26.796739 -77.771760 75.008852 -0.066445 0.949208 0.307554 0.844145 0.217815 -0.489874 0.531982 -0.227071 0.815741
-0.844855 -26.656840 20.783814 -86.143647 0.098576 -0.939143 -0.329079 0.966566 0.169022 -0.192827 0.236714 -0.299068 0.924405
-0.584044 -26.437731 7.138275 90.086640 -0.108842 0.935327 0.336625 0.924550 0.219655 -0.311382 0.365186 -0.277335 0.888665
-1.348927 -26.764559 62.245642 -109.961635 0.087429 -0.945729 -0.312974 0.966746 0.156347 -0.202381 0.240331 -0.284872 0.927949
-0.935864 -24.238593 14.265585 171.193346 -0.110382 0.931368 0.346944 0.820300 0.282472 -0.497311 0.561181 -0.229704 0.795181
-1.002017 -25.652135 -10.721611 124.874815 -0.089861 0.926504 0.365399 0.933982 0.205790 -0.292109 0.345835 -0.315027 0.883830
-0.845340 -26.938874 -22.963653 355.794588 -0.078706 0.921300 0.380803 0.835276 0.269458 -0.479277 0.544168 -0.280354 0.790748
1.205951 -38.013502 21.361377 906.039159 -0.198345 0.889796 0.411002 0.708262 0.419980 -0.567434 0.677513 -0.178549 0.713510
1.073117 -61.283734 -3.972035 2499.367789 -0.209713 0.881391 0.423284 0.890927 0.350609 -0.288658 0.402828 -0.316580 0.858782
1.863549 -36.819328 -73.175380 592.995657 -0.211963 0.876265 0.432702 0.851987 0.382584 -0.357418 0.478738 -0.292897 0.827660
1.528117 -30.029184 -58.492883 -18.948052 -0.175800 0.907155 0.382313 0.528464 0.414624 -0.740819 0.830554 -0.071803 0.552290
0.848015 -31.842725 1.311098 -209.994765 -0.185107 0.901231 0.391813 0.507801 0.429068 -0.747020 0.841352 -0.060684 0.537070
1.526443 -20.573440 11.465328 255.135450 0.054129 0.998206 -0.025578 -0.712535 0.020667 -0.701332 0.699545 -0.056188 -0.712376
1.083162 -24.740428 15.059791 356.546974 0.062228 0.998062 -0.000222 -0.509113 0.031551 -0.860121 0.858448 -0.053636 -0.510089
1.507648 -22.130173 -1.636269 346.564340 0.058822 0.998267 0.001575 -0.696164 0.042152 -0.716644 0.715469 -0.041058 -0.697437
-2.831523 -6.426058 7.634470 -17.559393 0.292982 0.879047 -0.376084 0.353157 0.266035 0.896943 -0.888506 0.395604 0.232498
-2.936589 -7.082446 19.806736 -19.367894 0.255668 0.906836 -0.335085 0.350811 0.235956 0.906232 -0.900870 0.349246 0.257801
-2.752758 -6.443322 28.939446 25.086227 0.340539 0.907727 -0.245082 0.413662 0.089435 0.906027 -0.844344 0.409919 0.345036
-3.124986 -5.683007 -24.728230 -9.605509 0.365480 0.884108 -0.291165 0.346717 0.160991 0.924051 -0.863835 0.438674 0.247696
-3.135627 -5.650130 -41.830889 -25.303991 0.265454 0.826907 -0.495740 0.327662 0.406206 0.853015 -0.906737 0.388871 0.163117
1.070064 -2.666819 -161.136769 -20.976414 -0.101272 -0.346404 -0.932603 -0.188870 0.927069 -0.323839 0.976766 0.143345 -0.159312
0.242357 -3.192403 -67.578572 -71.345528 -0.052654 -0.611423 -0.789550 -0.269668 0.769979 -0.578283 0.961513 0.182467 -0.205424
2.145281 -1.961446 -150.852578 -22.872069 -0.145209 -0.286280 -0.947079 -0.190954 0.947336 -0.257081 0.970799 0.143518 -0.192229
3.558432 -1.821374 -169.466466 5.330088 -0.191524 -0.103207 -0.976047 -0.133207 0.987988 -0.078331 0.972407 0.115014 -0.202971
-0.386657 -7.590080 -16.921810 30.254491 0.140090 0.984016 0.109943 0.760297 -0.035774 -0.648590 0.634290 -0.174451 0.753156
-0.132120 -7.166739 -5.395594 37.919832 0.122570 0.984824 0.122876 0.679451 0.006978 -0.733688 0.723411 -0.173416 0.668284
-0.234484 -7.206035 -17.831633 36.474205 0.150622 0.983312 0.102028 0.677288 -0.027461 -0.735205 0.720135 -0.179840 0.670122
-0.687705 -7.648258 -10.317954 6.151010 0.142130 0.985508 0.092588 0.820329 -0.064926 -0.568195 0.553949 -0.156710 0.817669
-0.546169 -7.840338 -19.907385 12.431575 0.122512 0.983986 0.129469 0.842315 -0.034098 -0.537905 0.524877 -0.174954 0.833004
2.131695 -2.628767 25.413947 -7.065245 0.323002 0.926715 0.192014 -0.670300 0.367242 -0.644850 0.668108 -0.079581 -0.739797
2.138150 -2.963531 20.143003 9.622163 0.268683 0.956486 0.113771 -0.679377 0.271910 -0.681551 0.682830 -0.105827 -0.722872
1.830273 -2.491124 13.815595 1.663493 0.264797 0.952612 0.149712 -0.670966 0.293521 -0.680919 0.692594 -0.079854 -0.716894
1.798617 -2.313932 15.331426 -11.631837 0.333833 0.911201 0.241389 -0.660331 0.408806 -0.629953 0.672695 -0.050902 -0.738167
-7.081439 -70.386812 3.610487 3603.819944 0.848060 0.119514 -0.516246 -0.508108 -0.093107 -0.856246 0.150400 -0.988457 0.018234
-7.802195 -78.520509 -1.458722 4864.810943 0.866084 0.302119 -0.398276 -0.403468 -0.047936 -0.913737 0.295149 -0.952064 -0.080379
-11.076199 -99.249139 729.031349 2893.447340 0.976478 0.191453 -0.099180 -0.069254 -0.157123 -0.985148 0.204193 -0.968844 0.140168
-5.937880 -108.009772 -115.836554 5670.993813 0.878539 0.090729 -0.468975 -0.422088 -0.312197 -0.851102 0.223633 -0.945675 0.235982
4.725865 -2.071286 -23.486608 -4.207375 0.377260 0.029930 0.925624 0.382887 0.905016 -0.185319 -0.843251 0.424323 0.329967
3.856057 -2.043742 -108.686671 -12.415091 0.250243 0.011284 0.968117 0.392042 0.913106 -0.111979 -0.885258 0.407565 0.224075
3.807832 -2.419243 -114.141585 -12.012220 0.262718 0.018270 0.964700 0.420596 0.897661 -0.131542 -0.868377 0.440307 0.228147
4.556184 -1.834333 -71.013545 -27.850260 0.299242 0.013887 0.954076 0.350407 0.928430 -0.123417 -0.887507 0.371247 0.272959
6.904874 -7.062967 -275.869782 -1.619641 0.254925 -0.198167 0.946437 -0.457771 0.837413 0.298641 -0.851739 -0.509382 0.122763
3.456191 -6.835560 -178.947959 14.521270 0.284719 -0.252253 0.924826 -0.310344 0.888544 0.337900 -0.906985 -0.383221 0.174700
5.085295 -6.889913 -90.777979 -34.093728 0.339502 -0.101897 0.935070 -0.400814 0.883669 0.241822 -0.850933 -0.456888 0.259165
2.870238 -6.568553 -69.884853 38.844386 0.318912 -0.175235 0.931444 -0.244548 0.934269 0.259496 -0.915692 -0.310539 0.255096
7.061965 -13.275912 0.477457 19.869167 -0.011213 0.999927 -0.004608 0.217149 0.006933 0.976114 -0.976074 -0.009944 0.217211
6.532417 -12.105874 -14.833874 148.005695 -0.044233 0.998641 0.027548 0.439817 -0.005293 0.898072 -0.896998 -0.051841 0.438985
5.318657 -12.165423 -107.985092 63.368115 -0.180043 0.983151 0.031599 0.274845 0.019435 0.961292 -0.944481 -0.181759 0.273714
4.669152 -12.140782 -196.332891 2.331849 -0.266324 0.963655 -0.020982 0.070949 0.041308 0.996624 -0.961269 -0.263936 0.079372
6.832845 -13.406852 -57.907121 -21.256561 -0.123612 0.991832 -0.031445 0.007300 0.032596 0.999442 -0.992304 -0.123314 0.011270
0.208540 -1.540976 53.946649 45.902146 0.030415 0.992097 -0.121727 0.324517 -0.124988 -0.937586 0.945391 0.010986 0.325754
0.846537 -1.488288 34.082231 5.113492 0.040409 0.993192 -0.109260 0.320361 -0.116454 -0.940110 0.946433 -0.002987 0.322886
0.804761 -2.069166 26.952498 51.778324 0.079170 0.976320 -0.201325 0.329247 -0.216236 -0.919151 0.940919 -0.006484 0.338570
-3.645109 -7.450306 -52.935103 19.857405 -0.079712 0.996585 -0.021549 0.964205 0.071602 -0.255308 0.252893 0.041129 0.966620
-3.633972 -7.486739 45.356374 19.608682 -0.062143 0.991558 -0.113799 0.978560 0.038099 -0.202409 0.196364 0.123937 0.972667
-3.640887 -7.741270 -54.916847 20.556703 -0.094679 0.995172 -0.025859 0.986671 0.090353 -0.135341 0.132351 0.038328 0.990462
-2.290964 -7.637361 -142.292578 20.044980 -0.053435 0.997595 0.044144 0.977495 0.061291 -0.201860 0.204080 -0.032364 0.978419
-2.180886 -7.774438 -144.428226 8.339677 -0.050291 0.997810 0.042957 0.995957 0.053310 -0.072309 0.074441 -0.039147 0.996457
-3.502292 -7.876796 69.693823 3.077316 0.091535 -0.995659 0.016872 0.995743 0.091700 0.009281 -0.010788 0.015950 0.999815
-1.970461 -6.989400 -67.931144 33.141869 0.382274 -0.599090 0.703533 -0.062669 0.742797 0.666577 -0.921921 -0.298905 0.246408
-2.150337 -7.349644 -70.358587 40.719632 0.397642 -0.618762 0.677506 -0.106439 0.702300 0.703878 -0.911346 -0.352005 0.213404
-3.038121 -7.512927 39.045790 24.364459 -0.438028 0.694680 -0.570570 0.016321 0.640740 0.767584 -0.898813 -0.326912 0.292000
-3.081754 -6.809079 3.688876 5.874143 -0.420929 0.730603 -0.537623 0.128983 0.634873 0.761774 -0.897877 -0.251308 0.361471
-3.535792 -8.023460 8.140179 22.508858 -0.506935 0.739571 -0.442777 0.121611 0.569897 0.812667 -0.853362 -0.358123 0.378841
-3.506280 -7.380081 1.650287 15.582056 -0.457200 0.776816 -0.433042 0.205298 0.565945 0.798473 -0.865344 -0.276159 0.418229
-0.700312 -11.097244 3.582731 -46.555639 0.275142 0.960434 0.043165 -0.201228 0.101434 -0.974278 0.940109 -0.259379 -0.221175
-0.467188 -10.777108 9.834603 -24.028799 0.258315 0.965070 0.043745 -0.188988 0.094888 -0.977384 0.947395 -0.244206 -0.206898
-0.653709 -10.521238 6.128733 27.721001 0.272064 0.961026 0.049091 -0.097895 0.078392 -0.992104 0.957287 -0.265111 -0.115407
-0.729771 -10.858920 -0.223319 3.928046 0.285378 0.957288 0.046459 -0.125261 0.085313 -0.988449 0.950194 -0.276262 -0.144258
0.335097 -5.323894 35.771228 29.629317 0.249257 0.966396 -0.062841 0.737510 -0.231476 -0.634428 0.627655 -0.111790 0.770424
0.551673 -6.290459 16.215814 220.613908 0.249970 0.968124 -0.015827 0.747422 -0.203325 -0.632471 0.615529 -0.146269 0.774422
0.541792 -7.206154 9.569499 205.195216 0.256470 0.965661 -0.041507 0.769101 -0.229898 -0.596348 0.585412 -0.121022 0.801652
0.371313 -6.440323 5.106036 50.983355 0.308404 0.945695 -0.102706 0.732875 -0.305047 -0.608145 0.606449 -0.112284 0.787154
-0.511300 -18.151957 -25.842937 274.996269 0.369642 0.929014 0.017244 -0.336433 0.151115 -0.929504 0.866128 -0.337782 -0.368409
-0.513234 -16.740168 3.936818 351.817310 0.347135 0.937501 0.024261 -0.421027 0.178908 -0.889229 0.837994 -0.298468 -0.456819
-0.524758 -19.881458 1.048840 209.643989 0.352413 0.935549 0.023536 -0.206360 0.102215 -0.973123 0.912809 -0.338084 -0.229082
-0.704262 -16.676242 -6.838705 351.791122 0.347820 0.937289 0.022573 -0.423635 0.178594 -0.888053 0.836394 -0.299320 -0.459187
-0.743718 -19.727849 -7.744135 220.137686 0.345972 0.938033 0.019941 -0.199798 0.094424 -0.975277 0.916725 -0.333434 -0.220085
0.848994 -6.256126 -1.798367 37.662918 0.004867 0.984514 -0.175240 -0.947870 -0.051294 -0.314500 0.318619 -0.167636 -0.932942
0.515126 -6.968361 7.709690 52.262285 0.056917 0.987951 -0.143921 -0.900422 -0.011475 -0.434865 0.431277 -0.154341 -0.888920
0.599620 -7.026543 -3.030106 52.964385 0.071393 0.988527 -0.133108 -0.922375 0.014637 -0.386018 0.379641 -0.150334 -0.912838
0.120297 -3.249781 68.740643 76.394907 -0.094937 0.960419 0.261884 -0.344959 0.215033 -0.913654 0.933804 0.177079 -0.310890
1.476821 -3.329436 106.832497 67.917714 -0.072226 0.939056 0.336092 -0.339590 0.293685 -0.893548 0.937796 0.178671 -0.297682
0.632588 -4.418912 90.728586 38.056766 -0.099288 0.956260 0.275153 -0.265033 0.241116 -0.933606 0.959114 0.165620 -0.229500
-0.557259 -3.566980 46.824203 71.702323 -0.090599 0.969548 0.227527 -0.327583 0.186740 -0.926184 0.940469 0.158445 -0.300689
-0.640775 -4.749869 51.074713 38.795520 -0.085845 0.963720 0.252734 -0.237455 0.226569 -0.944606 0.967598 0.141102 -0.209391
-0.654205 -2.041650 -98.727252 30.606313 0.183781 -0.398797 -0.898435 -0.365740 0.820637 -0.439078 0.912392 0.409288 0.004961
-0.960666 -2.921425 38.932640 55.056432 -0.275976 0.677120 0.682163 -0.257196 0.631820 -0.731200 0.926114 0.377243 0.000214
-1.435654 -2.017182 -8.013390 -7.208121 -0.372777 0.877901 0.300544 -0.144176 0.265158 -0.953365 0.916652 0.398724 -0.027727
-1.269759 -2.456456 -5.816396 0.615742 -0.367487 0.918162 0.148096 -0.116288 0.112625 -0.986809 0.922730 0.379861 -0.065383
-1.078630 -1.533186 10.229599 5.896440 -0.221800 0.421341 -0.879361 -0.368168 0.798884 0.475643 0.902916 0.429250 -0.022069
-1.026520 -2.270412 29.297666 -20.730093 -0.405012 0.857467 -0.317357 0.072767 -0.315769 -0.946042 0.911411 0.406252 -0.065495
2.399955 -10.238070 9.929345 93.715406 0.459244 0.873146 -0.163437 -0.791536 0.318717 -0.521431 0.403195 -0.368830 -0.837495
2.490446 -9.266326 10.832901 -1.271916 0.417148 0.898282 -0.138123 -0.847587 0.329666 -0.415833 0.328001 -0.290535 -0.898891
2.131989 -9.352447 -30.476816 34.484125 0.414608 0.889228 -0.193322 0.870020 -0.325067 0.370669 0.266767 -0.321877 -0.908422
1.967864 -8.215284 -36.086514 0.175535 0.469007 0.861371 -0.195119 0.829478 -0.353728 0.432253 0.303312 -0.364576 -0.880390
1.875432 -7.816218 -16.366102 -82.401842 0.527023 0.831652 -0.174936 0.776670 -0.387762 0.496411 0.345008 -0.397488 -0.850278
2.148695 -10.599233 -50.189009 -190.208437 0.526296 0.823035 -0.213603 0.748066 -0.328742 0.576478 0.404241 -0.463187 -0.788700
2.627882 -15.573496 -7.283568 304.677805 0.464280 0.865378 -0.188585 -0.700386 0.228394 -0.676237 0.542129 -0.446045 -0.712137
2.797405 -11.581420 50.844235 161.391262 0.421131 0.898642 -0.122849 -0.731465 0.256413 -0.631832 0.536291 -0.355944 -0.765308
3.504435 -6.913189 -41.080524 36.405462 0.018635 0.999825 0.001409 0.945503 -0.017164 -0.325161 0.325080 -0.007391 0.945658
3.158015 -6.985407 -48.282925 26.449807 -0.002764 0.998869 0.047471 0.961722 0.015663 -0.273577 0.274011 -0.044898 0.960678
3.863919 -7.061677 -47.965106 1.347760 0.018194 0.999833 0.001876 0.978235 -0.017413 -0.206767 0.206700 -0.005597 0.978388
3.796434 -6.945279 -4.140463 12.749433 0.037725 0.996438 -0.075416 0.959837 -0.057129 -0.274679 0.278009 0.062025 0.958574
3.457497 -6.774282 4.521573 31.940574 0.030003 0.997359 -0.066148 0.914889 -0.054056 -0.400071 0.402590 0.048515 0.914094
0.644141 -20.922904 -44.056605 16.058251 -0.204566 0.928584 -0.309652 -0.761603 -0.349715 -0.545583 0.614910 -0.124224 -0.778752
0.307184 -18.962948 -38.365639 44.282407 -0.172889 0.940379 -0.292912 -0.708482 -0.325327 -0.626272 0.684225 -0.099247 -0.722486
0.922067 -22.508099 -50.555541 223.441318 -0.168209 0.945632 -0.278361 -0.614357 -0.321402 -0.720601 0.770890 -0.049802 -0.635019
1.046617 -25.764841 -32.805906 187.992701 -0.204977 0.937534 -0.281097 -0.735214 -0.337067 -0.588087 0.646100 -0.086122 -0.758379
-1.327729 -20.519444 -13.179150 -68.399248 -0.271094 0.956980 -0.103426 0.544469 0.241064 0.803393 -0.793764 -0.161483 0.586398
-1.567918 -21.432067 18.047298 5.495144 -0.270931 0.948864 -0.162027 0.306758 0.244655 0.919806 -0.912412 -0.199501 0.357356
-1.290286 -21.236820 -18.045584 1.053880 -0.301059 0.944646 -0.130415 0.391969 0.247257 0.886129 -0.869324 -0.215658 0.444711
-1.144345 -23.274588 -31.582083 -55.110491 -0.307206 0.946811 -0.095783 0.570965 0.263903 0.777402 -0.761330 -0.184134 0.621668
-1.233737 -21.826549 -34.850686 -7.037997 -0.266854 0.961547 -0.064939 0.765835 0.252480 0.591398 -0.585052 -0.108084 0.803761
-1.480732 -19.880643 -12.044556 -96.755631 -0.243666 0.965097 -0.095989 0.701159 0.243673 0.670074 -0.670077 -0.095971 0.736062
3.814368 -6.759684 -88.394411 -22.246963 -0.033254 -0.987705 0.152750 0.998491 -0.026149 0.048293 -0.043705 0.154125 0.987084
2.267142 -6.341240 -186.235302 -19.195747 -0.029304 -0.974366 0.223051 0.999081 -0.021568 0.037040 -0.031280 0.223931 0.974103
2.725524 -6.834130 -118.582886 -20.204476 0.021475 -0.982248 0.186351 0.996359 0.005645 -0.085067 0.082505 0.187499 0.978794
3.761191 -7.147796 3.436963 -21.459618 -0.007416 -0.996277 0.085889 0.998223 -0.012454 -0.058275 0.059128 0.085305 0.994599
4.167502 -7.120483 -62.974021 -25.259397 0.039213 0.998561 -0.036578 0.997555 -0.037001 0.059293 -0.057854 0.038814 0.997570
-0.866614 -77.128573 -19.434356 4689.871206 0.079037 0.941100 -0.328760 0.987934 -0.118010 -0.100303 -0.133192 -0.316865 -0.939072
0.729539 -12.052702 106.620537 1145.383359 0.185317 0.930095 -0.317144 0.982039 -0.186927 0.025630 -0.035445 -0.316197 -0.948031
-46.287098 -84.429752 1268.549008 5092.903057 0.989385 0.040455 -0.139571 -0.079669 0.954262 -0.288160 -0.121530 -0.296221 -0.947356
1.174403 -140.958613 -247.885393 -7780.715636 -0.122912 0.957744 -0.260037 -0.888219 0.010713 0.459295 -0.442673 -0.287423 -0.849370
-2.278233 -8.530281 210.404430 652.746789 -0.054389 0.963694 -0.261410 0.991203 0.020472 -0.130761 -0.120662 -0.266222 -0.956330
44.869158 -61.663080 1086.958120 3833.334502 0.900851 -0.433885 -0.014503 0.395154 0.833355 -0.386489 -0.179778 -0.342438 -0.922180
0.229564 -140.576749 11.945217 -7135.650840 -0.015474 0.957203 -0.289003 -0.896764 0.114553 0.427424 -0.442238 -0.265781 -0.856613
4.276004 -6.432753 41.500034 -20.032485 0.206365 0.976021 -0.069261 0.782315 -0.122064 0.610805 -0.587704 0.180233 0.788746
3.339990 -6.317698 117.614376 -4.735584 0.237631 0.961924 -0.135032 0.837645 -0.132545 0.529889 -0.491815 0.239027 0.837248
4.162994 -6.678314 16.089942 -14.428474 0.177869 0.982121 -0.061648 0.846615 -0.120793 0.518317 -0.501604 0.144384 0.852963
-3.434806 -6.468925 -11.092209 -20.090111 -0.206081 0.956205 -0.207852 0.531012 0.287695 0.797031 -0.821923 -0.053882 0.567045
-3.309887 -6.917924 -7.073140 -10.655183 -0.291096 0.927742 -0.233578 0.507286 0.356683 0.784498 -0.811125 -0.109874 0.574460
-3.108746 -6.756594 -11.540695 -6.500399 -0.211286 0.963325 -0.165419 0.623555 0.263174 0.736152 -0.752687 -0.052391 0.656291
-3.503259 -6.441773 -12.540187 4.025388 -0.298167 0.904001 -0.306395 0.430109 0.413806 0.802353 -0.852116 -0.107451 0.512203
1.916277 -3.020385 29.789655 -4.632991 0.109539 0.971050 -0.212279 -0.031866 -0.210024 -0.977177 0.993472 -0.113803 -0.007937
1.855573 -3.754052 -3.156630 -11.428301 0.160077 0.977367 -0.138307 -0.053767 -0.131272 -0.989887 0.985639 -0.165894 -0.031537
2.199350 -3.485233 13.721967 4.050830 0.141962 0.956121 -0.256281 -0.015341 -0.256747 -0.966357 0.989753 -0.141117 0.021780
1.999942 -3.110773 22.370530 13.977626 0.110135 0.936633 -0.332549 0.001948 -0.334787 -0.942292 0.993915 -0.103131 0.038696
1.899189 -3.754939 -22.115050 -0.815409 0.172593 0.930440 -0.323254 0.030546 -0.333077 -0.942405 0.984519 -0.152779 0.085908
16.987740 -1731.785307 -738.191381 151824.007091 0.907976 -0.125147 -0.399896 0.096840 0.991194 -0.090315 0.407677 0.043278 0.912100
-18.130994 -116.670535 164.646917 -5563.366476 0.652216 -0.175166 -0.737517 0.416118 -0.730503 0.541490 0.633609 0.660063 0.403555
-9.029923 -75.111975 -113.907113 -2888.533331 0.843971 -0.180490 -0.505110 0.271456 -0.668470 0.692430 0.462627 0.721506 0.515174
-7.530113 -52.658476 66.610287 -2275.546112 0.720061 -0.290128 -0.630347 0.462239 -0.476962 0.747557 0.517539 0.829658 0.209333
-35.240755 -1246.143767 -1518.357637 88623.578593 0.924692 0.062303 -0.375583 -0.093827 0.993384 -0.066218 0.368973 0.096471 0.924420
5.644466 -1470.361213 829.160209 -70499.660037 0.853239 -0.259010 -0.452655 0.303192 -0.459850 0.834633 0.424332 0.849383 0.313832
-5.653763 -139.844424 -311.311512 -5965.939385 0.885724 -0.358263 -0.295196 0.198517 -0.282503 0.938501 0.419624 0.889854 0.179098
2.420706 -7.984988 -57.290070 75.408353 0.727732 -0.659504 0.188309 -0.685259 -0.710654 0.159346 -0.028733 0.245002 0.969097
2.583271 -11.650981 -47.250552 -35.821735 0.784195 -0.589657 0.193242 -0.620514 -0.745470 0.243387 -0.000541 0.310773 0.950484
4.841798 -8.374256 -67.279011 -205.442028 0.580194 -0.799068 0.157685 0.812733 0.555330 -0.176278 0.053291 0.230431 0.971628
2.180745 -5.801357 -79.470216 -123.904075 0.557729 -0.815939 0.152256 0.829795 0.552410 -0.079266 -0.019432 0.170550 0.985157
4.229164 -6.985404 14.801906 -134.173500 0.406906 -0.909788 0.081936 0.912743 0.401366 -0.076194 0.036434 0.105790 0.993721
4.770755 -9.620535 -66.768137 -144.719148 -0.460144 0.887003 -0.038644 0.874692 0.445434 -0.191056 0.152254 0.121715 0.980818
6.673020 -12.322577 -61.774317 -215.388543 0.570490 -0.809809 0.136937 0.787874 0.492522 -0.369697 0.231940 0.318797 0.919006
-8.111714 -11.722657 3.830970 293.712044 0.062926 0.899514 0.432336 -0.452040 0.411900 -0.791201 0.889776 0.145646 -0.432535
-7.294361 -11.126725 115.609495 93.933174 -0.258149 0.965112 -0.043789 -0.303740 -0.124104 -0.944638 0.917116 0.230556 -0.325180
-5.665871 -9.595328 -45.697996 100.604976 -0.381869 0.892499 -0.240047 -0.329131 -0.374026 -0.867051 0.863625 0.252093 -0.436578
5.108955 -13.057789 -113.451825 55.881677 0.593028 0.795567 0.124058 0.804991 -0.582456 -0.112848 -0.017520 0.166788 -0.985837
6.155588 -12.389772 -62.571025 63.150715 0.626094 0.748258 0.219355 0.778024 -0.618175 -0.111976 0.051812 0.240771 -0.969198
6.644978 -13.707944 -110.511065 122.360524 0.595141 0.787634 0.159501 0.790016 -0.537059 -0.295707 -0.147248 0.301995 -0.941869
7.464085 -13.994335 -35.062503 151.041514 0.646569 0.709536 0.280191 0.761685 -0.580125 -0.288601 -0.042228 0.400018 -0.915534
-4.871498 -5.910943 2.421140 -73.405679 -0.205876 0.977098 -0.053806 -0.976025 -0.201059 0.083367 -0.070639 -0.069679 -0.995065
-1.825895 -5.949510 355.759372 9.146353 0.797755 -0.595196 0.096589 0.602264 0.794330 -0.079486 0.029413 -0.121583 -0.992145
-3.047395 -5.529872 274.851985 -7.681066 0.870157 -0.491731 0.032042 0.489124 0.853983 -0.177401 -0.059870 -0.170039 -0.983617
-1.684611 -5.626053 -15.604401 -77.332165 -0.535535 0.830709 -0.152066 -0.554340 -0.481623 -0.678784 0.637110 0.279216 -0.718421
-1.483708 -4.924110 -8.507094 -59.361175 -0.488808 0.863281 -0.125750 -0.539326 -0.412331 -0.734242 0.685708 0.291083 -0.667140
-1.617352 -7.525999 -11.017164 -116.394927 -0.577128 0.789557 -0.208623 -0.579020 -0.575764 -0.577262 0.575898 0.212357 -0.789459
-1.810409 -6.753239 -8.280751 -106.461088 -0.591984 0.784150 -0.186181 -0.560115 -0.566388 -0.604546 0.579506 0.253599 -0.774507
-1.573609 -6.249328 -10.937528 -87.739493 -0.537662 0.821030 -0.191908 -0.546342 -0.512604 -0.662380 0.642207 0.251289 -0.724171
3.935061 -1.246346 103.583397 -18.141476 0.465792 -0.003073 0.884889 -0.009031 0.999925 0.008226 -0.884848 -0.011823 0.465729
2.391333 -0.903279 197.927751 -35.107262 0.532512 -0.013324 0.846318 -0.008359 0.999745 0.020999 -0.846381 -0.018257 0.532264
2.428750 -0.802722 147.562465 7.337066 0.510750 0.024649 0.859376 -0.022274 0.999633 -0.015434 -0.859441 -0.011259 0.511111
3.490476 -0.996757 -10.171051 1.145821 0.365795 0.002649 0.930692 -0.026515 0.999620 0.007576 -0.930318 -0.027448 0.365726
2.976624 -0.902859 153.082396 16.524758 0.504278 0.054587 0.861814 -0.050603 0.998153 -0.033613 -0.862057 -0.026660 0.506109
-0.152295 -0.617180 118.761437 29.152936 0.505226 -0.327336 0.798497 0.175286 0.944908 0.276448 -0.844998 0.000297 0.534770
0.783699 -7.599273 8.329537 39.238779 -0.147521 0.988253 -0.039913 -0.110059 0.023701 0.993642 -0.982916 -0.150976 -0.105270
1.159059 -7.456454 30.059632 4.093841 -0.164353 0.986376 0.007050 -0.116012 -0.026427 0.992896 -0.979556 -0.162368 -0.118775
0.594203 -7.358436 22.498178 -3.739607 -0.147452 0.988641 -0.029117 -0.238382 -0.006952 0.971146 -0.959912 -0.150138 -0.236700
0.560802 -7.427792 4.052145 13.837203 -0.139045 0.988282 -0.062968 -0.221452 0.030944 0.974680 -0.965207 -0.149469 -0.214555
0.456486 -7.640485 28.131479 -11.238883 -0.151520 0.988064 -0.027774 -0.369935 -0.030629 0.928552 -0.916618 -0.150969 -0.370161
0.365413 -7.398860 10.615484 -46.222979 -0.136466 0.988095 -0.071028 -0.353916 0.018339 0.935097 -0.925268 -0.152747 -0.347200
-0.934344 -6.425700 -23.273047 -14.588762 -0.075912 0.982748 -0.168651 -0.651778 -0.176908 -0.737488 0.754601 -0.053939 -0.653963
-0.075510 -7.710459 -8.329276 133.291653 0.029698 0.972700 -0.230159 -0.939243 0.105932 0.326497 -0.341965 -0.206479 -0.916748
0.019967 -8.219115 -19.150239 156.165309 0.043737 0.970719 -0.236202 -0.950904 0.112955 0.288136 -0.306379 -0.212004 -0.928001
0.133368 -6.311321 -6.748734 84.965458 0.037556 0.972074 -0.231650 -0.910713 0.128713 0.392472 -0.411328 -0.196227 -0.890114
1.952430 -19.876065 -217.718281 -488.063610 0.508526 0.854610 -0.105086 0.051903 -0.152246 -0.986979 0.859481 -0.496450 0.121778
-0.283554 -17.878187 6.155363 -101.159280 -0.113362 0.975390 -0.189112 -0.649234 0.071360 0.757233 -0.752093 -0.208620 -0.625167
0.511352 -6.748782 3.449696 -8.011723 0.051942 0.998648 -0.002023 -0.651400 0.032345 -0.758045 0.756954 -0.040692 -0.652200
0.296199 -6.827060 32.209016 -35.890513 0.079344 0.996303 0.032949 -0.620692 0.075241 -0.780436 0.780029 -0.041472 -0.624367
0.447090 -6.838826 36.176809 37.174553 0.050427 0.998719 0.004111 -0.714658 0.038959 -0.698388 0.697654 -0.032280 -0.715708
-0.350069 -7.026112 82.761160 54.532726 0.054482 0.998100 0.028786 -0.725958 0.059388 -0.685170 0.685578 -0.016431 -0.727814
-0.659508 -7.059132 99.581980 -33.650362 0.056014 0.996647 0.059640 -0.604456 0.081394 -0.792469 0.794667 -0.008340 -0.606989
-1.824233 -19.858409 -21.354253 -544.674022 0.138928 0.979739 -0.144258 0.587295 -0.198801 -0.784578 0.797360 -0.024277 0.603015
-1.164172 -26.404232 12.885805 -602.866743 0.122026 0.981572 -0.147056 0.426598 -0.185648 -0.885183 0.896172 -0.045282 0.441390
-1.636416 -19.616511 44.662173 -630.012135 0.157320 0.956411 -0.246027 0.684716 -0.285161 -0.670707 0.711628 0.062943 0.699731
-2.810341 -13.594132 -16.941099 -34.333033 0.092376 0.991734 -0.089050 -0.392676 0.118468 0.912015 -0.915026 0.049280 -0.400374
-2.658624 -13.545822 6.411846 -28.360106 0.133510 0.986735 -0.092348 -0.206064 0.118785 0.971302 -0.969388 0.110649 -0.219190
-2.471205 -13.671417 19.814277 -35.576881 0.167625 0.982930 -0.075836 -0.327249 0.128040 0.936223 -0.929952 0.132117 -0.343125
-2.850244 -13.480720 -9.196982 -42.611107 0.074074 0.992962 -0.092411 -0.239668 0.107675 0.964866 -0.968025 0.049323 -0.245957
0.354145 -5.241473 4.009155 -94.253821 -0.137300 0.987895 0.072192 -0.781230 -0.063194 -0.621037 0.608957 0.141667 -0.780450
0.025392 -6.247477 -11.919501 -100.469274 -0.154069 0.986801 0.049870 -0.822405 -0.100100 -0.560027 0.547643 0.127296 -0.826972
0.617571 -3.890055 21.059227 -69.815042 -0.072268 0.987998 0.136522 -0.751565 0.036041 -0.658673 0.655688 0.150206 -0.739940
0.626027 -21.143437 35.233822 404.903347 -0.128924 0.933959 0.333315 0.359025 0.357279 -0.862237 0.924380 -0.008506 0.381377
0.234042 -20.534304 63.427475 369.088497 -0.161057 0.924401 0.345750 0.410803 0.381323 -0.828150 0.897386 -0.008655 0.441162
-0.290788 -22.623775 37.802150 211.021416 -0.140052 0.926310 0.349765 0.633851 0.355254 -0.687042 0.760670 -0.125477 0.636897
-1.005345 -26.049008 21.218377 98.656044 -0.112445 0.934091 0.338867 0.945526 0.205437 -0.252540 0.305511 -0.292011 0.906307
-2.283175 -6.850538 37.830505 37.276429 0.689576 0.478461 0.543654 -0.425416 -0.339900 0.838743 -0.586094 0.809656 0.030842
-2.025216 -8.279721 47.752151 119.870766 0.687672 0.467440 0.555524 -0.492572 -0.261736 0.829980 -0.533367 0.844390 -0.050260
-2.605790 -7.363966 28.767246 90.212976 0.647961 0.500285 0.574335 -0.492113 -0.300554 0.817002 -0.581353 0.812023 -0.051449
-1.730854 -6.965098 52.309265 60.217810 0.721452 0.459678 0.517884 -0.423445 -0.298896 0.855193 -0.547907 0.836276 0.020991
-2.759455 -6.528627 27.688790 7.508754 0.670755 0.514637 0.534075 -0.395255 -0.361281 0.844541 -0.627583 0.777576 0.038918
1.016877 -52.136347 53.901045 1543.528570 0.229863 -0.876883 -0.422184 0.954319 0.288171 -0.078945 0.190886 -0.384751 0.903066
0.334919 -51.292127 3.441272 839.554273 0.230921 -0.878141 -0.418980 0.971221 0.182216 0.153384 -0.058348 -0.442342 0.894947
0.097402 -41.899618 28.593798 1028.501217 0.226376 -0.868249 -0.441472 0.952005 0.293085 -0.088248 0.206010 -0.400306 0.892925
0.578757 -31.792402 -9.451176 595.723189 -0.192680 0.877628 0.438912 0.823196 0.388015 -0.414478 0.534062 -0.281449 0.797223
-0.650368 -21.842703 -333.322655 435.457544 0.182378 0.939407 0.290264 0.763431 0.050741 -0.643893 0.619606 -0.339029 0.707918
-81.389449 -485.155078 595.022094 9323.091994 0.815172 0.404286 -0.414785 -0.448542 -0.012477 -0.893675 0.366475 -0.914548 -0.171169
-26.676305 -180.895411 1289.421177 8412.702536 0.223611 -0.779365 -0.585311 0.926596 0.356267 -0.120390 0.302354 -0.515426 0.801822
5.483969 -14.288914 313.479275 -485.403528 0.939766 -0.070757 -0.334416 -0.168320 -0.947296 -0.272577 0.297505 -0.312448 0.902146
-3.050777 -6.938819 17.156751 62.124036 0.276312 0.932541 -0.232420 0.433601 0.094861 0.896098 -0.857696 0.348381 0.378139
-3.111130 -7.595802 13.330855 -22.837928 0.217904 0.937048 -0.272873 0.325584 0.193782 0.925443 -0.920062 0.290501 0.262862
0.349626 -3.491787 -3.754627 -49.108092 0.033014 0.747465 0.663480 -0.391832 0.620378 -0.679410 0.919444 0.237542 -0.313362
0.124227 -2.299510 21.783864 -62.482868 -0.133729 -0.606249 -0.783951 -0.349464 0.769089 -0.535143 0.927357 0.202398 -0.314711
0.777738 -2.476925 -22.309539 -73.622023 -0.105737 -0.589700 -0.800670 -0.313673 0.783855 -0.535892 0.943625 0.194485 -0.267856
0.135755 -6.491043 -4.726275 30.969525 0.125365 0.984545 0.122293 0.583653 0.026489 -0.811571 0.802267 -0.173119 0.571312
0.170635 -6.539012 -0.956390 42.045988 0.104041 0.984055 0.144259 0.605710 0.052352 -0.793961 0.788854 -0.169984 0.590605
0.347021 -5.949370 -8.311219 33.968948 0.100123 0.982433 0.157482 0.528692 0.081553 -0.844887 0.842888 -0.167852 0.511239
49.841946 -167.448100 1515.236405 -8757.681835 0.974584 0.169344 0.146659 0.135060 0.078154 -0.987750 0.178732 -0.982453 -0.053296
-10.504884 -53.816787 533.982713 128.098835 0.269435 0.957650 -0.101545 0.467037 -0.037726 0.883432 -0.842188 0.285453 0.457423
-1.255121 -69.433269 270.255937 -2212.041976 0.254134 0.952026 -0.170475 0.305304 0.088283 0.948154 -0.917718 0.293005 0.268221
-7.037272 -106.552455 745.527373 -5283.815888 0.297709 0.923523 -0.241815 0.015532 0.248581 0.968487 -0.954530 0.292083 -0.059661
-6.049438 -96.114808 473.039966 5522.571273 0.331038 0.935921 -0.120276 0.762204 -0.190071 0.618804 -0.556291 0.296523 0.776283
-1.870966 -3.387905 7.101456 83.813558 0.003901 0.977362 0.211538 -0.364432 0.198381 -0.909854 0.931222 0.073542 -0.356956
-1.875615 -3.310779 -5.589222 69.599650 0.003143 0.995147 0.098353 -0.371181 0.092488 -0.923943 0.928555 0.033603 -0.369670
-1.893021 -2.655423 8.037911 30.472794 -0.065319 0.997750 0.015119 -0.386538 -0.011331 -0.922204 0.919958 0.066082 -0.386408
7.806658 -12.768225 9.303367 97.860993 0.070215 0.997471 -0.011031 0.393366 -0.017525 0.919215 -0.916697 0.068882 0.393602
7.146418 -11.184201 -2.530607 175.387149 0.033459 0.999154 0.023910 0.578527 -0.038870 0.814737 -0.814977 0.013428 0.579338
-0.476689 -2.436900 46.914343 8.846563 -0.412105 0.811363 -0.414559 0.083692 -0.419359 -0.903954 0.907285 0.407219 -0.104916
-0.798736 -2.349089 21.151038 13.760292 -0.402308 0.877021 -0.262644 -0.000869 -0.287250 -0.957855 0.915504 0.385125 -0.116325
-0.115181 -2.309385 42.153462 25.759753 -0.413847 0.812921 -0.409744 0.038653 -0.434000 -0.900083 0.909525 0.388335 -0.148188
0.470456 -7.597765 -158.671372 30.076567 0.341567 -0.506546 0.791671 -0.347950 0.714326 0.607181 -0.873076 -0.482855 0.067738
-0.170624 -7.305115 -134.183430 46.395420 0.347404 -0.486859 0.801423 -0.233196 0.782949 0.576724 -0.908257 -0.387245 0.158466
4.194533 -7.146397 -299.079277 26.788351 0.245385 -0.357831 0.900968 -0.419042 0.798919 0.431431 -0.874179 -0.483410 0.046096
5.903123 -6.847813 -406.736370 -17.859375 0.213881 -0.410569 0.886390 -0.528674 0.714368 0.458456 -0.821437 -0.566667 -0.064268
-0.544214 -10.654149 15.299091 -42.070870 0.252648 0.967131 0.028760 -0.313821 0.110026 -0.943086 0.915252 -0.229244 -0.331304
-0.591683 -10.391156 24.077413 -12.933044 0.229429 0.972764 0.033063 -0.334069 0.110606 -0.936037 0.914199 -0.203709 -0.350346
