19607
39202
-4.089456 -5.234767 -16.913695 -83.437653 0.680971 0.720753 -0.129589 0.284159 -0.423162 -0.860342 0.674931 -0.549044 0.492970
-3.447882 -5.603967 -15.467394 -39.762517 0.759409 0.428797 -0.489317 -0.136721 -0.630115 -0.764370 0.636086 -0.647370 0.419889
-5.040027 -6.426008 -66.692579 -64.765763 0.725789 0.678125 -0.115658 0.176548 -0.346114 -0.921432 0.664876 -0.648346 0.370927
-2.966711 -4.627690 -10.497026 34.963266 0.717998 0.246757 -0.650838 0.241492 0.788658 0.565421 0.652810 -0.563143 0.506665
-4.182080 -8.694558 48.065830 -215.136548 0.439535 0.825486 0.354093 0.537543 0.074090 -0.839975 0.719622 -0.559539 0.411168
-2.610866 -6.677290 80.372579 -188.791904 0.484260 0.867454 0.114090 0.498128 -0.166152 -0.851036 0.719278 -0.468954 0.512563
-2.910434 -4.343191 26.894553 -99.490492 0.586234 0.808601 -0.049946 0.428138 -0.361558 -0.828236 0.687771 -0.464156 0.558150
-2.308189 -3.943649 -14.541757 46.171040 0.725823 0.390879 -0.566034 0.052711 0.788842 0.612331 0.685859 -0.474280 0.551956
2.923976 -3.334129 -45.243718 38.141867 -0.636756 -0.599836 0.484498 0.703763 -0.708858 0.047321 0.315055 0.371103 0.873512
3.406497 -4.428044 -20.384805 22.717947 -0.671658 -0.600066 0.434506 0.704811 -0.698265 0.125170 0.228290 0.390317 0.891929
1.878927 -3.718425 -93.235295 48.766675 -0.651578 -0.526880 0.545751 0.676449 -0.729156 0.103678 0.343311 0.436726 0.831509
1.392843 -0.308199 124.318744 124.734590 0.495266 0.678718 -0.542267 0.775233 -0.626998 -0.076731 0.392078 0.382381 0.836696
-0.795126 -1.251190 -2.677849 -24.817622 0.808475 0.054953 -0.585960 0.152638 0.941984 0.298944 0.568393 -0.331128 0.753183
-0.909764 -1.383036 -3.763349 -24.782786 0.636050 -0.394723 -0.663049 0.511822 0.858852 -0.020305 0.577476 -0.326448 0.748300
-0.965115 -1.227829 -5.181057 -3.459372 0.780070 -0.028776 -0.625030 0.207832 0.954140 0.215458 0.590166 -0.297974 0.750277
-0.521948 -1.297817 25.956563 15.767630 0.649739 0.707163 -0.278854 0.466459 -0.660558 -0.588285 0.600213 -0.252158 0.759053
-0.801673 -1.514476 -3.969686 -20.337582 0.797021 0.413755 -0.439959 -0.187663 0.862072 0.470760 0.574055 -0.292642 0.764736
-0.681989 -1.115097 44.874032 -2.697261 0.413928 0.909975 -0.024681 0.669857 -0.322838 -0.668631 0.616406 -0.260232 0.743184
-0.294067 -4.604136 -48.865998 2.733604 0.661085 0.750311 -0.000749 0.510668 -0.449208 0.733096 -0.549714 0.485021 0.680124
-0.965207 -4.706389 -32.119066 2.307134 0.695300 0.718469 0.018961 0.404332 -0.412831 0.816141 -0.594200 0.559797 0.577541
-0.072075 -4.530729 -42.804262 9.953734 0.669670 0.742594 0.009743 0.457812 -0.423114 0.781910 -0.584765 0.519161 0.623315
-0.555481 -4.177086 8.663470 34.862177 0.663359 0.741470 -0.100879 0.726771 -0.670497 -0.149124 0.178210 -0.025607 0.983659
-0.602617 -4.471410 -1.371549 -11.456592 0.643614 0.759632 -0.093380 0.737616 -0.648205 -0.189086 0.204165 -0.052820 0.977510
-0.586264 -4.213806 13.506192 40.056073 0.648676 0.751655 -0.119306 0.737393 -0.659522 -0.145881 0.188338 -0.006654 0.982082
-0.528453 -4.479350 -9.670799 -8.974377 0.659819 0.747798 -0.073733 0.725346 -0.659473 -0.197407 0.196246 -0.076771 0.977545
-0.599725 -4.164306 -0.403740 33.913924 0.674885 0.733305 -0.082425 0.719859 -0.678808 -0.144990 0.162273 -0.038517 0.985994
-0.997105 -5.952044 26.041681 19.759371 0.778403 0.620545 -0.094933 -0.612202 0.783840 0.103944 0.138914 -0.022792 0.990042
-1.023538 -5.615053 20.854006 20.370651 0.815967 0.574534 -0.064097 -0.569014 0.817772 0.086442 0.102080 -0.034062 0.994193
-1.113084 -6.108551 15.661788 -9.018181 0.770315 0.636241 -0.042555 -0.610445 0.755081 0.239186 0.184312 -0.158272 0.970041
-0.171291 -5.288672 -5.716308 -97.967866 -0.585125 -0.758268 0.287504 0.810576 -0.557530 0.179238 0.024381 0.337921 0.940859
-0.241547 -5.427468 -5.995727 -22.389973 -0.566295 -0.773051 0.285835 0.810714 -0.584942 0.024186 0.148500 0.245427 0.957973
-0.039018 -5.504815 -4.195891 -102.985799 -0.560131 -0.775444 0.291443 0.827828 -0.537069 0.162039 0.030873 0.332028 0.942764
-0.044839 -4.778698 -3.960423 -60.303611 -0.573472 -0.767010 0.287794 0.819201 -0.534226 0.208594 -0.006247 0.355384 0.934700
-0.513475 -6.821076 4.236368 47.340709 -0.592561 -0.781636 0.194721 0.800950 -0.597450 0.039149 0.085736 0.179160 0.980077
-0.555102 -6.319020 -14.278305 45.214388 -0.593544 -0.776933 0.209953 0.791032 -0.611238 -0.025618 0.148235 0.150874 0.977376
-0.461441 -6.183438 16.546181 52.673227 0.603560 0.766179 -0.220648 0.756808 -0.637609 -0.143862 0.250911 0.080159 0.964685
-0.470355 -6.429442 -0.950170 31.420259 0.596724 0.778672 -0.193881 0.770314 -0.623545 -0.133446 0.224805 0.069719 0.971906
2.385430 -8.249923 0.744723 -90.320259 0.408552 0.902179 -0.138412 -0.777309 0.264425 -0.570850 0.478410 -0.340811 -0.809303
2.301175 -7.427288 45.016359 -81.663420 0.363318 0.928551 -0.076112 -0.724987 0.230466 -0.649060 0.585144 -0.290996 -0.756920
2.199373 -9.117490 36.865788 -85.357176 0.367336 0.926538 -0.081189 -0.827762 0.285870 -0.482793 0.424117 -0.244552 -0.871963
-0.246543 -0.706509 -29.604643 64.990425 0.737640 0.255205 -0.625106 0.197151 0.804061 0.560907 0.645770 -0.536988 0.542794
-0.274866 -1.900995 -38.223034 61.853286 0.766619 0.487410 -0.418002 -0.014385 0.663865 0.747714 0.641941 -0.567199 0.515943
-0.875386 -1.064212 -35.146606 26.486911 0.571022 -0.092179 -0.815743 0.474274 0.848112 0.236156 0.670073 -0.521736 0.528009
-0.870300 -2.627158 -35.114133 -62.833361 0.745253 0.582384 -0.324695 0.090288 -0.570614 -0.816240 0.660641 -0.578989 0.477834
0.339592 -0.779216 64.132403 -23.572049 -0.082769 0.662219 0.744725 0.738086 0.542850 -0.400678 0.669611 -0.516507 0.533706
0.280628 -1.716952 68.988391 -25.400475 -0.083864 0.668555 0.738919 0.710050 0.560359 -0.426412 0.699140 -0.488908 0.521701
-1.274656 -2.369006 100.890590 -53.263844 -0.056229 0.686076 0.725354 0.721654 0.529985 -0.445344 0.689966 -0.498414 0.524910
0.759043 -4.856914 -28.152663 3.482483 0.434142 0.900384 -0.028786 -0.743769 0.340231 -0.575369 0.508260 -0.271202 -0.817387
0.816493 -4.839656 -18.593335 -8.933599 0.455176 0.890281 0.014651 -0.647085 0.342050 -0.681383 0.611634 -0.300669 -0.731780
1.187015 -5.165067 -19.230313 7.911000 0.406873 0.913484 0.001095 -0.742488 0.331408 -0.582134 0.532133 -0.236042 -0.813092
0.776713 -4.725513 -24.103211 15.967813 0.400974 0.915341 -0.037028 -0.824828 0.343147 -0.449343 0.398596 -0.210717 -0.892592
0.494169 -4.742528 -22.079739 9.968683 0.428567 0.902857 -0.034350 -0.788957 0.355432 -0.501214 0.440315 -0.241905 -0.864641
-1.817743 -7.573002 12.987949 -18.295059 0.550512 0.823766 -0.135446 -0.006495 0.166466 0.986026 -0.834802 0.541940 -0.096992
-1.760616 -7.915017 10.714126 -15.793252 0.515708 0.849397 -0.112118 0.063034 0.092892 0.993679 -0.854442 0.519516 0.005636
-1.851888 -7.977270 5.405857 -7.036641 0.550161 0.826187 -0.121403 0.098147 0.080400 0.991919 -0.829271 0.557630 0.036855
0.006720 -4.111188 30.099423 25.863801 0.743412 0.661156 -0.101050 0.630346 -0.642078 0.436348 -0.223612 0.388083 0.894086
-0.105029 -4.409734 37.173370 79.067446 0.771428 0.630857 -0.083178 0.586607 -0.654410 0.477116 -0.246559 0.416853 0.874896
-0.247053 -3.862079 29.054684 35.896854 0.730669 0.675291 -0.100527 0.644255 -0.633244 0.428880 -0.225960 0.378134 0.897751
-0.221053 -4.021922 21.920735 -35.887076 0.711833 0.694157 -0.106959 0.667629 -0.621463 0.409947 -0.218096 0.363222 0.905817
-0.582343 -3.768344 14.951202 -8.925986 0.700722 0.706231 -0.101123 0.675629 -0.611361 0.412023 -0.229161 0.357035 0.905545
-0.760466 -3.781998 11.252122 43.548798 0.702429 0.705617 -0.093262 0.662535 -0.600339 0.447929 -0.260077 0.376428 0.889192
-0.740377 -15.603670 -14.637920 -84.007284 -0.797021 -0.562408 -0.220126 -0.355457 0.731484 -0.581877 0.488271 -0.385523 -0.782920
0.295107 -14.082655 -17.288861 -149.975935 -0.788428 -0.569755 -0.231862 -0.203492 0.597295 -0.775777 0.580493 -0.564462 -0.586865
-0.456129 -15.406084 4.856912 -75.187361 -0.765660 -0.627179 -0.142867 -0.388882 0.628246 -0.673853 0.512382 -0.460384 -0.724922
-1.582926 -16.089518 -8.133124 -48.565137 -0.775928 -0.610441 -0.159055 -0.493065 0.744160 -0.450680 0.393476 -0.271271 -0.878401
-1.509786 -16.205811 -20.353205 -46.874790 -0.802030 -0.557369 -0.214679 -0.472387 0.811883 -0.343070 0.365511 -0.173741 -0.914448
-0.894824 -10.701277 3.110519 -62.148495 0.516256 0.854381 0.059268 0.742031 -0.411668 -0.529074 0.427632 -0.317116 0.846503
-0.568289 -11.304166 29.980346 1.927818 0.521305 0.852625 0.035652 0.779103 -0.458475 -0.427549 0.348194 -0.250660 0.903289
-0.627135 -10.133519 -1.673123 -6.904611 0.564771 0.823730 0.050026 0.761491 -0.496816 -0.416298 0.318064 -0.273208 0.907851
-0.499774 -2.417506 -12.693688 -3.102101 0.436570 0.875433 -0.207419 0.858719 -0.474239 -0.194163 0.268343 0.093349 0.958790
-0.072457 -2.522497 -23.289836 -4.061195 0.337733 0.925331 -0.172335 0.893699 -0.372707 -0.249782 0.295362 0.069656 0.952843
-0.369298 -2.555347 -1.198724 -1.271667 0.441785 0.870342 -0.217555 0.834454 -0.487704 -0.256576 0.329411 0.068188 0.941721
-0.516458 -2.527638 12.898220 -0.111602 0.547747 0.794162 -0.263212 0.780937 -0.598193 -0.179729 0.300185 0.107106 0.947849
-2.814437 -5.584955 1.234806 -9.665552 0.495243 0.868500 -0.021035 0.561570 -0.301561 0.770519 -0.662852 0.393407 0.637069
-2.658614 -4.922568 -14.161902 -30.235310 0.450319 0.891709 0.045468 0.500765 -0.294395 0.813981 -0.739220 0.343783 0.579109
-2.753375 -5.602194 -2.292899 -31.721795 0.413081 0.909878 -0.038561 0.628102 -0.253984 0.735514 -0.659434 0.328046 0.676412
-2.658385 -5.865053 11.553723 -9.751306 0.446082 0.890048 -0.093947 0.695021 -0.278364 0.662917 -0.563877 0.361010 0.742775
-2.751745 -5.993876 -5.602411 -39.278503 0.392806 0.918398 0.047416 0.648664 -0.313250 0.693621 -0.651873 0.241701 0.718778
-2.768398 -6.091053 0.399690 -21.725025 0.407447 0.912873 -0.025497 0.701003 -0.294744 0.649400 -0.585305 0.282470 0.760019
1.963943 -30.888461 -36.522191 -110.951518 0.877066 0.410181 0.250015 -0.151378 -0.257942 0.954228 -0.455895 0.874767 0.164140
2.155583 -37.540470 15.319938 -101.710071 0.884949 0.360207 0.295155 -0.271523 -0.115817 0.955438 -0.378339 0.925655 0.004687
0.849064 -32.166160 -55.144653 83.769896 0.858297 0.426404 0.285492 -0.056924 -0.473799 0.878791 -0.509985 0.770516 0.382388
-2.795866 -45.646672 -96.884206 -1434.179796 0.850840 0.523335 0.046823 0.477977 -0.733919 -0.482598 0.218196 -0.432994 0.874589
-11.457833 -114.235795 -150.515529 -4535.750131 0.926484 0.352664 -0.131360 0.302524 -0.905547 -0.297429 0.223845 -0.235823 0.945664
-31.266363 -119.490215 -413.286660 -3680.554302 0.895607 -0.414127 -0.162442 0.426856 0.902838 0.051742 0.125231 -0.115680 0.985361
-2.894803 -15.480814 -33.044212 -298.242513 0.861825 0.506675 0.023189 0.499269 -0.839398 -0.214806 0.089372 -0.196703 0.976381
-1.457051 -35.667972 -96.754172 -1135.363698 0.691837 0.699099 0.180616 0.691268 -0.569020 -0.445382 0.208592 -0.432986 0.876934
-50.293409 -611.212458 -1248.623587 39125.267373 0.574722 0.720237 0.388526 -0.517294 0.687623 -0.509492 0.634114 -0.091834 -0.767766
-69.879829 -252.890122 -2021.062044 -3606.934338 0.793976 0.597453 -0.112480 -0.474005 0.492505 -0.729903 0.380686 -0.632841 -0.674233
-40.890928 -340.744296 -1044.693888 -38123.254688 0.893145 0.439839 0.093985 -0.342924 0.530731 0.775066 -0.291024 0.724476 -0.624851
-0.513985 -3.510418 6.606126 14.337573 0.767211 0.381747 -0.515419 -0.034548 0.827020 0.561109 0.640463 -0.412682 0.647688
-0.534597 -3.738391 -7.712788 11.961868 0.777759 0.367893 -0.509653 0.022703 0.793852 0.607687 0.628153 -0.484204 0.609073
-0.587073 -3.392134 -4.312823 18.194494 0.770230 0.387698 -0.506395 -0.051617 0.829304 0.556409 0.635674 -0.402425 0.658767
-0.587105 -2.949283 3.544105 19.514861 0.761089 0.441679 -0.475040 -0.158354 0.836715 0.524245 0.629021 -0.323773 0.706756
-0.544377 -2.806481 -0.453036 24.103936 0.754772 0.445780 -0.481247 -0.151915 0.832461 0.532851 0.638154 -0.329073 0.696039
-0.560495 -3.295738 2.866492 22.710853 0.753668 0.421152 -0.504594 -0.080466 0.821079 0.565115 0.652311 -0.385307 0.652710
-1.900617 -3.868768 0.971222 -3.046786 0.337077 0.495277 0.800675 -0.128710 0.866702 -0.481934 -0.932638 0.059394 0.355892
-1.793350 -4.146063 -0.823204 20.897297 0.388298 0.404617 0.827955 -0.091685 0.910958 -0.402181 -0.916962 0.080255 0.390820
-1.903423 -3.828448 8.047791 -2.317120 0.383642 0.378849 0.842195 -0.038989 0.917809 -0.395102 -0.922658 0.118741 0.366881
1.145070 -5.195164 154.844455 -14.571736 0.913851 0.204548 0.350766 -0.397069 0.269495 0.877330 -0.084927 0.941027 -0.327498
-1.329403 -5.576439 84.061925 12.507148 0.846179 0.285302 0.450093 -0.501363 0.139981 0.853839 -0.180598 0.948160 -0.261489
0.191685 -5.600025 103.956470 -20.035293 0.904271 0.250151 0.346003 -0.392343 0.167209 0.904493 -0.168405 0.953659 -0.249347
-0.203352 -11.637964 -19.647294 17.944520 0.642363 0.740005 -0.199405 0.623179 -0.352882 0.697942 -0.446114 0.572597 0.687834
-0.355772 -11.024647 19.137972 60.179905 -0.637441 -0.739354 0.216854 0.712509 -0.458515 0.531127 -0.293260 0.493072 0.819072
-0.184788 -11.499983 -1.523498 60.037858 -0.655844 -0.719519 0.228389 0.655912 -0.393374 0.644234 -0.373696 0.572319 0.729933
-0.107145 -11.837442 6.927808 5.019861 0.665965 0.710482 -0.227391 0.559117 -0.273597 0.782645 -0.493841 0.648352 0.579449
-0.191172 -11.450593 -18.591003 -31.694174 0.648298 0.737297 -0.190009 0.508481 -0.233510 0.828807 -0.566708 0.633929 0.526285
-17.085980 -330.014809 -393.906292 -9368.141957 0.774069 -0.452082 0.443215 0.629014 0.628592 -0.457398 0.071820 -0.632846 -0.770939
-22.940934 -330.373831 686.439517 9582.812689 -0.769239 0.551028 -0.323481 0.494456 0.834003 0.244851 0.404704 0.028402 -0.914007
-40.811215 -266.940047 1300.477816 8479.992996 -0.628951 0.634796 -0.448837 0.505226 0.772531 0.384633 0.590904 0.015151 -0.806600
-46.030694 -377.411629 921.309656 4486.626636 -0.499538 0.627101 -0.597668 0.555007 0.761401 0.335015 0.665153 -0.164357 -0.728394
-1.037973 -2.834582 -38.149651 14.927763 0.608144 -0.620577 -0.495020 0.449187 -0.245136 0.859150 0.654516 0.744844 -0.129677
-0.706832 -3.056019 -16.034682 36.411855 0.648402 -0.611474 -0.453513 0.452076 -0.170046 0.875621 0.612538 0.772777 -0.166174
-0.443910 -2.705148 6.165553 -11.846426 0.540784 -0.595375 -0.594206 0.536321 -0.300148 0.788842 0.648006 0.745278 -0.156997
-0.791066 -3.480856 5.542243 -34.669875 0.555458 -0.628435 -0.544551 0.457570 -0.315814 0.831199 0.694331 0.710866 -0.112132
-1.372557 -3.676451 -24.789723 -8.418485 0.587934 -0.634338 -0.501946 0.422269 -0.288583 0.859307 0.689944 0.717172 -0.098193
-12.272741 -25.357124 227.165644 206.852286 0.843483 -0.532659 -0.069361 0.456771 0.643302 0.614429 0.282661 0.549942 -0.785918
-16.377671 -28.960260 296.915306 798.834183 0.862129 -0.470823 -0.187244 0.390711 0.382443 0.837307 0.322613 0.795024 -0.513671
-11.776507 -34.916064 185.740963 973.520021 0.803668 -0.594962 -0.011772 0.259490 0.332576 0.906674 0.535521 0.731720 -0.421667
-0.072091 -7.287564 7.159465 -30.160942 0.468705 0.851292 -0.235833 0.113548 -0.322821 -0.939624 0.876027 -0.413628 0.247970
0.175272 -7.430323 19.904362 25.710452 0.467483 0.852707 -0.233131 0.171293 -0.346101 -0.922428 0.867248 -0.391285 0.307859
-0.268047 -7.419124 6.618418 28.108917 0.476528 0.847088 -0.235296 0.161338 -0.347351 -0.923752 0.864229 -0.402231 0.302190
-0.291235 -7.398944 -15.012561 -38.158959 0.497612 0.839228 -0.219268 0.114727 -0.314246 -0.942384 0.859779 -0.443786 0.252655
-0.686454 -3.515053 -27.015729 -8.938242 0.764228 0.641860 0.063022 0.482340 -0.633681 0.604812 -0.428140 0.431816 0.793871
-0.429886 -3.104928 -26.414029 -0.337087 0.784727 0.609889 0.110630 -0.425614 0.659935 -0.619143 -0.450617 0.438773 0.777446
-0.469885 -3.347167 -27.594635 -30.912603 0.714566 0.699114 0.025218 0.552851 -0.586424 0.591999 -0.428663 0.409080 0.805544
-0.449526 -3.339275 -27.241133 3.020615 0.829384 0.529397 0.178498 0.304159 -0.695871 0.650578 -0.468625 0.485287 0.738165
-1.343367 -4.118211 -4.055608 -149.135884 0.919610 0.359675 0.157959 -0.240303 0.833155 -0.498104 0.310760 -0.420103 -0.852609
-1.203194 -6.140726 -18.019495 -72.924439 0.842842 0.537459 0.027490 -0.489640 0.787045 -0.375249 0.223317 -0.302815 -0.926516
-2.082867 -5.588551 2.774916 -77.349389 0.881362 0.457827 0.116602 -0.391923 0.846349 -0.360680 0.263815 -0.272190 -0.925373
-1.988404 -7.073166 -0.200033 18.437301 0.819975 0.571686 0.028564 -0.556059 0.807413 -0.197188 0.135793 -0.145806 -0.979949
-2.386889 -6.502283 12.394535 -10.384850 -0.842924 -0.531900 -0.081007 -0.506943 0.835601 -0.211611 0.180245 -0.137306 -0.973991
-1.131724 -1.873220 61.032534 6.485471 -0.927244 0.070540 0.367753 0.142447 0.974708 0.172200 -0.346305 0.212057 -0.913841
-1.084981 -2.575712 28.290836 79.086977 -0.796060 -0.575660 0.186827 -0.503303 0.801115 0.323884 -0.336117 0.163800 -0.927467
0.266465 -1.120898 99.199105 45.280297 -0.911906 0.068820 0.404588 0.144035 0.976798 0.158490 -0.384294 0.202803 -0.900661
0.469479 -3.873652 87.392397 -118.939676 -0.898280 0.172718 0.404056 0.233152 0.966745 0.105090 -0.372469 0.188607 -0.908677
0.228807 -17.426031 -15.697555 104.392522 0.686680 0.661661 -0.301122 -0.091405 -0.332349 -0.938717 0.721190 -0.672123 0.167738
-0.140941 -16.831873 0.853948 22.698839 0.648421 0.694431 -0.311955 -0.006944 -0.404363 -0.914572 0.761251 -0.595194 0.257375
0.137836 -17.063657 0.644943 -99.667813 0.665667 0.683982 -0.298422 0.175641 -0.532264 -0.828158 0.725284 -0.498862 0.474446
0.064504 -17.667702 -3.406008 -11.673446 0.663100 0.686443 -0.298486 0.103012 -0.478654 -0.871940 0.741409 -0.547436 0.388107
0.297383 -17.449240 -5.332990 164.096222 0.667567 0.681040 -0.300897 -0.173176 -0.251024 -0.952364 0.724130 -0.687875 0.049636
0.251092 -15.836525 -18.287478 157.960714 0.683773 0.656258 -0.319029 -0.314306 -0.129688 -0.940422 0.658533 -0.743308 -0.117589
-0.970196 -97.164417 -250.643158 3685.852561 -0.873802 0.479454 0.081200 0.469602 0.875342 -0.115110 -0.126268 -0.062452 -0.990028
-2.642503 -22.125482 -64.405661 752.029721 -0.956874 0.215991 0.194267 0.189742 0.971059 -0.145062 -0.219977 -0.101946 -0.970164
-3.740828 -25.526611 -37.708324 1046.029979 -0.930578 0.284815 0.230010 0.310370 0.946978 0.083084 -0.194151 0.148705 -0.969635
-6.503842 -22.793874 157.823772 582.478330 0.896291 -0.438779 -0.064304 0.394754 0.855478 -0.335151 -0.202068 -0.275009 -0.939967
-2.588397 -7.638684 25.346265 44.719846 0.980026 0.174763 -0.094902 -0.160549 0.976900 0.141032 -0.117357 0.122978 -0.985446
-0.885036 -4.200900 71.608798 1.129759 0.700554 0.694413 -0.164362 0.705155 -0.638323 0.308707 0.109454 -0.332167 -0.936848
0.480483 -4.136055 96.320133 8.829578 0.644363 0.746066 -0.167873 0.736415 -0.546205 0.399191 0.206130 -0.380848 -0.901369
-1.372096 -4.115311 64.939245 -0.554624 0.678576 0.711489 -0.182535 0.710980 -0.573793 0.406533 0.184506 -0.405642 -0.895216
-0.935683 -6.726940 11.472360 2.432856 0.578393 0.794137 -0.186568 -0.565711 0.225696 -0.793115 0.587735 -0.564276 -0.579794
-0.810337 -6.835113 7.527555 9.884611 0.577001 0.797784 -0.174957 -0.554927 0.225762 -0.800679 0.599271 -0.559081 -0.572977
-0.818450 -7.101028 8.606776 97.592307 0.577552 0.795981 -0.181241 -0.528777 0.195616 -0.825912 0.621956 -0.572843 -0.533874
-0.954184 -7.086686 9.097692 88.260306 0.591132 0.785838 -0.181720 -0.530054 0.208667 -0.821888 0.607952 -0.582166 -0.539886
-0.701821 -8.075790 33.609551 -208.634042 0.505568 0.760426 -0.407620 0.595519 -0.649415 -0.472882 0.624306 0.003671 0.781171
-1.473132 -7.723793 -21.945864 -193.135550 0.480860 0.803608 -0.350696 0.642756 -0.595122 -0.482384 0.596355 -0.006548 0.802694
-0.589450 -6.200685 35.670976 -181.795862 0.518083 0.745482 -0.419341 0.636887 -0.663479 -0.392645 0.570934 0.063650 0.818525
-0.982072 -8.572579 13.369797 -180.231872 0.556618 0.712625 -0.427015 0.515266 -0.699328 -0.495420 0.651673 -0.055733 0.756450
-0.034004 -10.533158 13.083279 -11.085776 0.625953 0.779165 0.032948 0.771710 -0.612764 -0.170246 -0.112460 0.131992 -0.984851
0.003522 -11.247207 8.758758 -60.462074 0.644247 0.764462 0.023314 -0.721122 0.597001 0.351529 -0.254813 0.243284 -0.935887
-0.038937 -11.941521 3.714184 -13.386055 0.633905 0.772828 0.030040 -0.740923 0.595679 0.310160 -0.221806 0.218869 -0.950210
-0.103650 -12.658386 0.632116 -63.501773 0.601663 0.798164 0.030591 0.798583 -0.600312 -0.043487 -0.016346 0.050594 -0.998586
-1.259242 -2.802172 -53.665132 2.269192 0.527659 0.048063 -0.848096 0.656031 0.611189 0.442799 0.539629 -0.790024 0.290968
-0.325774 -2.460370 -56.636480 8.484399 0.549856 0.033080 -0.834604 0.658322 0.597818 0.457412 0.514073 -0.800949 0.306937
-1.177213 -2.965670 -37.291300 1.854031 0.644028 0.165195 -0.746953 -0.579988 -0.531254 -0.617562 0.498840 -0.830951 0.246331
-0.280998 -2.284422 -84.213444 1.245950 0.378446 -0.136773 -0.915462 0.736009 0.644222 0.208013 0.561311 -0.752510 0.344470
-2.205273 -3.204588 -32.230245 -4.671512 0.572800 0.161889 -0.803550 0.612105 0.567529 0.550670 0.545185 -0.807281 0.225988
0.113570 -4.561032 -14.540325 -13.219947 0.646650 0.674939 -0.355388 -0.293568 -0.209811 -0.932629 0.704032 -0.707416 -0.062466
-0.201928 -4.940263 -36.863334 0.460961 0.666971 0.673374 -0.318931 -0.301455 -0.147568 -0.941992 0.681377 -0.724425 -0.104568
-0.161117 -4.200562 -23.388839 -35.901126 0.645595 0.663551 -0.378030 -0.250535 -0.283589 -0.925640 0.721415 -0.692298 0.016841
-0.645121 -4.746155 -39.389223 -29.188391 0.663072 0.680523 -0.311808 -0.225377 -0.215722 -0.950089 0.713821 -0.700252 -0.010335
-0.447761 -3.616194 -29.371573 -88.755175 0.648473 0.680154 -0.341867 -0.157074 -0.319875 -0.934349 0.744856 -0.659599 0.100596
0.136890 -13.159515 -2.293229 5.673467 0.732037 0.604253 -0.314643 -0.080269 0.535135 0.840945 -0.676519 0.590347 -0.440241
0.100131 -12.335670 -1.355079 -61.347864 -0.736308 -0.611583 0.289512 -0.292130 0.673253 0.679257 -0.610337 0.415568 -0.674383
0.095166 -12.474756 4.277525 -15.338665 0.746225 0.586870 -0.314216 -0.101525 0.566823 0.817560 -0.657906 0.578183 -0.482560
0.233456 -12.733301 -3.818581 -61.518615 -0.737036 -0.608645 0.293819 -0.229429 0.634239 0.738311 -0.635720 0.476751 -0.607098
0.350028 -13.624188 4.284856 21.366680 0.739647 0.602945 -0.298965 -0.045392 0.487915 0.871710 -0.671463 0.631187 -0.388253
0.389214 -13.432166 0.180318 49.729069 0.733586 0.594496 -0.329280 0.110366 0.373875 0.920889 -0.670575 0.711893 -0.208658
0.669497 -9.553974 -16.184678 2.073780 0.620211 0.742213 -0.253885 -0.014107 -0.313049 -0.949632 0.784308 -0.592554 0.183686
0.785873 -9.143653 -13.464478 13.218658 0.614105 0.755594 -0.227931 -0.043857 -0.255686 -0.965765 0.788005 -0.603078 0.123880
0.810327 -9.240844 -20.210399 37.088186 0.637116 0.745581 -0.195430 -0.190256 -0.093580 -0.977264 0.746917 -0.659812 -0.082230
0.322155 -9.722515 -5.507288 -22.711208 0.612626 0.750573 -0.247648 -0.117211 -0.223589 -0.967610 0.781633 -0.621811 0.049001
3.068129 -4.475199 -9.528519 -0.258412 0.636126 0.719468 -0.278766 -0.727823 0.679460 0.092775 -0.256159 -0.143876 -0.955867
2.403705 -4.467533 -28.932783 1.850830 0.612748 0.721539 -0.322367 -0.728249 0.673956 0.124244 -0.306909 -0.158633 -0.938426
2.294311 -4.377860 -33.896465 1.731576 0.613106 0.717525 -0.330542 -0.748657 0.661298 0.046868 -0.252216 -0.218727 -0.942627
2.519315 -4.328875 -16.456753 9.246304 0.629477 0.718800 -0.295102 0.761598 -0.646044 0.050939 -0.154034 -0.256814 -0.954107
2.868207 -4.338166 13.575050 6.218818 0.666968 0.714418 -0.211569 0.731977 -0.681293 0.006983 -0.139151 -0.159521 -0.977338
3.109822 -4.479297 12.530152 3.674695 0.681516 0.707094 -0.188559 -0.702693 0.704260 0.101197 -0.204350 -0.063532 -0.976834
3.514526 -8.123124 -6.511585 88.055412 0.706580 0.561199 -0.431046 -0.136302 -0.489795 -0.861117 0.694382 -0.667201 0.269586
2.936068 -7.119357 -46.064086 50.807471 0.793053 0.424679 -0.436709 -0.144775 -0.564967 -0.812313 0.591698 -0.707432 0.386566
2.480343 -10.169342 -21.116555 191.302244 0.727685 0.578101 -0.369152 0.014926 -0.551411 -0.834100 0.685749 -0.601452 0.409883
1.885327 -9.590031 -23.824350 -164.798193 0.782683 0.483120 -0.392431 0.003070 0.627488 0.778620 0.622413 -0.610618 0.489642
3.073430 -10.401032 13.488861 191.986578 0.661607 0.657946 -0.359698 0.008650 -0.486358 -0.873717 0.749801 -0.574946 0.327469
2.000187 -12.201031 0.584813 159.141449 0.660714 0.680327 -0.317194 0.235129 -0.588876 -0.773265 0.712861 -0.436326 0.549044
1.351274 -13.150407 -30.869873 -200.781021 0.748665 0.581247 -0.318831 -0.232764 0.680775 0.694526 0.620743 -0.445755 0.644966
-0.582296 -4.729299 -16.007325 -11.791719 -0.500007 0.083027 0.862032 0.392684 0.908920 0.140227 -0.771876 0.408621 -0.487070
-0.622768 -4.174417 -3.180344 7.725405 -0.502264 0.024757 0.864360 0.342473 0.923546 0.172553 -0.794004 0.382687 -0.472343
-0.546581 -4.119012 -0.096358 1.768043 -0.455374 0.118503 0.882378 0.449236 0.886262 0.112815 -0.768650 0.447769 -0.456816
-0.412303 -4.604168 -9.419299 -21.816142 -0.440400 0.174703 0.880640 0.496869 0.864403 0.076998 -0.747776 0.471473 -0.467487
-0.407692 -3.808133 21.799300 -2.983546 -0.325243 0.296059 0.898090 0.594750 0.802408 -0.049128 -0.735180 0.518160 -0.437059
-4.937266 -160.268606 -10.803650 2702.251284 0.799455 0.538615 -0.266017 0.285486 0.048977 0.957131 -0.528554 0.841127 0.114612
-0.871585 -73.348235 -17.092239 2214.990938 0.770329 0.478206 -0.421798 0.620432 -0.409444 0.668894 -0.147166 0.776965 0.612101
5.036436 -193.352322 180.625421 7078.073166 -0.672176 -0.590300 0.446907 0.737516 -0.480684 0.474356 -0.065191 0.648451 0.758460
18.866917 -408.575685 -529.321855 24711.356527 0.695584 0.592777 -0.405929 0.602133 -0.172785 0.779475 -0.391917 0.786613 0.477117
6.694800 -269.305505 -651.529591 -13825.963876 0.774736 0.604588 -0.185089 -0.098315 0.404358 0.909301 -0.624595 0.686271 -0.372710
90.208663 -2025.948965 4245.850134 -86674.720760 0.942263 0.307452 0.132714 -0.248128 0.907153 -0.339861 0.224883 -0.287308 -0.931065
-4.726596 -352.199704 -53.749917 -5386.346321 0.889249 0.449366 -0.085480 -0.367674 0.591009 -0.718000 0.272125 -0.669909 -0.690774
1.053803 -393.770577 -49.553235 -8460.577613 0.856392 0.514587 -0.042333 -0.495751 0.842412 0.211123 -0.144303 0.159817 -0.976542
-0.555630 -307.370899 5.556602 30829.645517 0.912339 0.404752 0.061751 -0.342453 0.671687 0.656934 -0.224418 0.620494 -0.751415
-6.332138 -227.557350 88.761710 6985.974141 -0.857108 -0.499951 -0.124154 -0.502885 0.864309 -0.008746 0.111681 0.054939 -0.992224
-6.005379 -389.651175 50.096219 4004.490147 0.810685 0.585433 0.007590 -0.191265 0.277064 -0.941623 0.553360 -0.761908 -0.336584
0.725972 -2.297750 4.598876 21.511506 0.547448 0.767153 -0.334330 0.700174 -0.201095 0.685067 0.458319 -0.609128 -0.647230
0.800794 -2.198425 3.770441 23.656763 0.545402 0.763276 -0.346333 0.696728 -0.183150 0.693560 0.465947 -0.619569 -0.631686
0.690809 -1.794877 4.241909 24.346473 0.528321 0.772230 -0.352899 0.690310 -0.148698 0.708069 0.494317 -0.617698 -0.611638
0.795063 -1.659934 4.047156 28.003501 0.529112 0.767846 -0.361183 0.683517 -0.133438 0.717634 0.502837 -0.626584 -0.595439
0.695732 -1.322301 6.136582 16.793611 0.517275 0.778146 -0.356252 0.675215 -0.115304 0.728553 0.525843 -0.617409 -0.585060
3.305345 -1.368847 48.814340 3.109415 0.092947 0.159636 0.982790 0.350150 0.918772 -0.182353 -0.932071 0.361073 0.029501
3.210459 -1.184122 52.321099 6.165761 0.113629 0.133255 0.984546 0.384415 0.907884 -0.167245 -0.916140 0.397479 0.051937
2.826853 -1.287608 71.415411 3.306636 0.134828 0.084581 0.987252 0.369139 0.920341 -0.129261 -0.919542 0.381861 0.092866
-1.333821 -7.935057 -4.334645 -11.447607 -0.745670 -0.327008 0.580553 0.184333 0.736045 0.651351 -0.640311 0.592708 -0.488568
-2.222809 -7.620320 -4.046171 -55.091995 -0.733863 -0.342433 0.586673 0.068280 0.822087 0.565252 -0.675857 0.454876 -0.579918
-1.657220 -7.330146 28.480084 -19.481863 -0.662311 -0.227751 0.713775 0.260866 0.822969 0.504649 -0.702349 0.520434 -0.485649
-0.460185 -6.778944 -41.403510 53.613780 0.631680 0.161049 -0.758316 0.447576 0.722922 0.526364 -0.632974 0.671898 -0.384574
0.073501 -7.189738 -15.714993 69.517219 0.721521 0.345364 -0.600109 0.324563 0.596895 0.733741 -0.611610 0.724183 -0.318580
0.807068 -2.570529 9.897464 58.180403 0.766550 0.642116 0.009417 0.012720 -0.029843 0.999474 -0.642059 0.766027 0.031043
1.063683 -1.931678 13.407835 65.487806 0.752027 0.651586 0.099456 -0.046296 -0.098301 0.994079 -0.657504 0.752179 0.043759
0.725191 -3.445006 12.111307 12.229978 0.761991 0.644697 -0.061128 0.021428 0.069240 0.997370 -0.647233 0.761296 -0.038946
-1.104153 -3.905923 40.556895 -18.322896 0.358763 0.932913 0.031014 -0.682248 0.239401 0.690814 -0.637045 0.268998 -0.722367
-1.085391 -4.121710 18.115545 1.276827 0.352147 0.935944 -0.000643 -0.573512 0.216326 0.790119 -0.739646 0.277869 -0.612954
-1.129247 -4.153640 14.081128 -13.553662 0.373849 0.927489 -0.000580 -0.606812 0.245065 0.756124 -0.701439 0.282324 -0.654429
0.796243 -5.489428 -9.743894 15.387430 -0.696443 -0.621475 0.358798 0.704176 -0.688150 0.174889 0.138218 0.374457 0.916885
0.778261 -5.706501 5.958074 17.506097 0.710649 0.616876 -0.338293 0.697817 -0.679269 0.227254 0.089604 0.397564 0.913189
0.589582 -5.839293 -8.207512 16.803291 -0.706063 -0.611943 0.356373 0.706532 -0.642735 0.296148 0.047828 0.460888 0.886168
-0.548664 -4.042769 63.372726 9.855103 -0.665497 -0.602734 0.440255 -0.626881 0.771505 0.108629 -0.405134 -0.203696 -0.891277
-0.915703 -3.714860 63.799473 3.751427 -0.625601 -0.650349 0.430894 -0.622618 0.749018 0.226537 -0.470075 -0.126561 -0.873505
-1.605655 -3.939545 36.210798 10.530418 -0.732093 -0.529594 0.428451 -0.554375 0.828692 0.077058 -0.395864 -0.181109 -0.900273
-0.543113 -4.303351 55.186727 12.913047 -0.716084 -0.546019 0.434840 -0.617808 0.785727 -0.030771 -0.324864 -0.290682 -0.899982
-35.606699 -115.718796 -1160.509709 -2824.935108 0.943120 -0.155886 -0.293639 -0.332154 -0.479234 -0.812409 0.014078 -0.863733 0.503753
-2.253415 -253.174166 -694.023087 -11435.416581 0.861442 -0.164335 0.480533 0.420490 -0.299808 -0.856332 -0.284793 -0.939739 0.189166
-108.321636 -197.105277 6744.562260 -8702.506480 -0.560676 0.407983 -0.720550 0.806810 0.073405 -0.586234 -0.186281 -0.910034 -0.370321
154.757969 -776.782847 283.792317 -38048.261626 -0.638658 0.733169 -0.233621 0.750710 0.526994 -0.398387 -0.168968 -0.429815 -0.886966
92.678468 -1002.547962 3702.463798 38226.814192 0.910213 -0.383799 0.155599 0.408449 0.894008 -0.184173 0.068422 -0.231191 -0.970500
1.002854 -22.225035 -1.756051 243.114794 0.961052 -0.274799 -0.029416 -0.165760 -0.487978 -0.856972 -0.221141 -0.828470 0.514523
0.624137 -24.415593 -35.742542 688.791042 0.947064 -0.319628 0.030115 -0.037977 -0.204681 -0.978092 -0.318790 -0.925172 0.205985
0.531899 -25.915635 -13.211168 443.110435 0.946700 -0.322104 -0.003010 -0.189526 -0.549435 -0.813757 -0.260460 -0.770954 0.581197
1.056855 -25.080994 -40.233399 -77.368816 0.943095 -0.330936 0.032441 -0.254006 -0.779932 -0.572002 -0.214598 -0.531213 0.819610
-0.639080 -30.066771 -23.619939 291.602871 0.940578 -0.338884 -0.021704 -0.287338 -0.760191 -0.582707 -0.180971 -0.554317 0.812393
0.686907 -7.700072 -2.046764 31.619967 0.554177 0.817918 -0.154588 -0.063396 -0.143702 -0.987588 0.829981 -0.557099 0.027784
0.837693 -7.215629 -0.311103 20.899476 0.565635 0.812093 -0.143392 -0.156136 -0.065273 -0.985577 0.809740 -0.579866 -0.089876
0.684488 -7.960304 7.620449 32.441873 0.554378 0.812235 -0.181493 -0.033322 -0.196235 -0.979991 0.831598 -0.549333 0.081723
0.244765 -2.927944 19.127173 34.601290 0.686569 0.721706 -0.088104 -0.398455 0.272131 -0.875887 0.608158 -0.636463 -0.474404
-0.316617 -3.215389 17.364409 31.849327 0.713805 0.700149 -0.016511 -0.323980 0.309214 -0.894105 0.620902 -0.643566 -0.447553
-0.017800 -2.641861 22.217802 32.712547 0.691807 0.719322 -0.063083 -0.399398 0.308407 -0.863346 0.601569 -0.622464 -0.500654
-3.621961 -6.466257 -17.359972 -37.198526 0.766341 0.510589 -0.389898 -0.114311 -0.488849 -0.864847 0.632183 -0.707337 0.316259
-3.295782 -6.349932 25.602396 -43.082684 0.788114 0.434642 -0.435847 -0.178594 -0.516156 -0.837668 0.589050 -0.738018 0.329165
-3.123983 -5.112055 16.602781 -24.570871 0.738605 0.225663 -0.635247 -0.316644 -0.715764 -0.622430 0.595146 -0.660877 0.457212
2.558670 -5.954682 23.411352 -22.963847 -0.509674 -0.836109 0.202866 0.849696 -0.526181 -0.033899 0.135088 0.155097 0.978620
3.415887 -5.118706 18.727652 0.686108 -0.587223 -0.759795 0.279072 0.795322 -0.605693 0.024474 0.150436 0.236323 0.959958
2.603830 -5.024466 -31.722824 9.330745 0.453277 0.864613 -0.216757 0.853138 -0.491267 -0.175533 0.258253 0.105359 0.960315
1.810792 -6.754811 -10.809618 -27.502957 0.382899 0.911013 -0.153113 0.892200 -0.407664 -0.194395 0.239515 0.062174 0.968900
-10.225030 -52.839375 244.008360 -3252.300231 -0.310978 -0.940603 -0.136234 0.950278 -0.305267 -0.061515 0.016274 -0.148590 0.988765
86.382925 -1927.967734 2917.417014 -114972.568667 -0.106910 0.963693 0.244675 0.891077 -0.016301 0.453558 -0.441080 -0.266514 0.856982
-8.346463 -37.869578 -788.542918 1134.808422 0.746558 0.629724 0.214706 0.620847 -0.543377 -0.565058 0.239164 -0.555148 0.796625
-29.216965 -120.171718 104.295471 5603.963276 0.364910 0.920271 -0.141216 0.435614 -0.302807 -0.847672 0.822850 -0.247808 0.511380
-1.143717 -4.750899 -34.751506 1.568826 0.688485 0.725248 0.001922 0.482134 -0.459672 0.745821 -0.541788 0.512560 0.666144
-1.608459 -4.795406 -7.679619 3.786542 0.709236 0.703077 -0.051638 0.467656 -0.414410 0.780744 -0.527524 0.577881 0.622713
-1.385988 -4.688128 -9.421331 -9.022708 0.710627 0.702591 -0.037091 0.398038 -0.358000 0.844631 -0.580152 0.614981 0.534062
-1.172912 -4.605939 -15.342794 -20.162413 0.703572 0.710124 -0.026677 0.344539 -0.308046 0.886792 -0.621514 0.633113 0.461398
-0.815991 -4.701414 -20.253291 -7.301605 0.707925 0.705958 0.021585 0.312927 -0.340904 0.886488 -0.633181 0.620813 0.462248
-0.609671 -4.524592 6.306985 -6.250113 0.633573 0.764630 -0.118006 0.741932 -0.643710 -0.187549 0.219367 -0.031274 0.975141
-0.716385 -4.738051 -5.132805 -66.901484 0.639442 0.763062 -0.094073 0.731750 -0.641567 -0.230074 0.235915 -0.078281 0.968616
-0.789351 -4.482879 -16.462749 -53.420049 0.634149 0.770538 -0.064236 0.740178 -0.628981 -0.237736 0.223588 -0.103214 0.969203
-0.094696 -5.287476 20.340891 -29.992081 0.667354 0.741264 0.071881 0.675578 -0.561932 -0.477312 -0.313422 0.367097 -0.875789
-0.225215 -5.849839 13.906352 24.005814 0.648744 0.756650 0.081313 0.735374 -0.595806 -0.322863 -0.195847 0.269251 -0.942946
-0.196747 -5.269871 3.887279 7.549734 0.691642 0.721713 0.027583 -0.661062 0.617211 0.426670 -0.290909 0.313337 -0.903986
-0.067991 -5.665717 2.618626 -8.587624 0.642757 0.762849 0.070185 0.708744 -0.557383 -0.432442 -0.290768 0.327698 -0.898926
0.072970 -5.478887 2.416810 42.695212 0.688568 0.724840 0.021914 -0.606158 0.558712 0.566050 -0.398052 0.403048 -0.824079
0.132283 -5.442612 17.523139 40.363993 0.672736 0.737330 0.061411 -0.620455 0.516984 0.589714 -0.403065 0.434824 -0.805274
0.225533 -5.069781 -5.842524 -81.259847 -0.526732 -0.797004 0.295529 0.849799 -0.501872 0.161141 0.019888 0.336019 0.941645
0.191067 -3.825837 -1.351069 -4.109257 -0.525721 -0.801164 0.285928 0.850344 -0.485835 0.202184 -0.023069 0.349429 0.936679
0.107628 -4.891416 -3.532635 -77.943110 -0.545648 -0.785184 0.292837 0.837995 -0.513574 0.184404 0.005602 0.346016 0.938212
-0.298858 -5.702349 -4.940967 -114.063865 0.412073 0.906718 -0.089767 -0.811411 0.320361 -0.488857 0.414498 -0.274283 -0.867733
-0.483022 -7.945320 -10.513824 -92.027089 0.485167 0.871684 -0.069131 -0.836985 0.440057 -0.325278 0.253118 -0.215676 -0.943088
-0.375300 -6.398597 -14.820635 -129.722677 0.427387 0.900102 -0.084594 -0.811132 0.340448 -0.475563 0.399256 -0.271867 -0.875605
-0.371679 -6.520377 5.195157 -87.274820 0.458845 0.886347 -0.062053 -0.829777 0.402494 -0.386611 0.317695 -0.228885 -0.920153
-0.268681 -4.422202 -14.942669 -94.728787 0.344268 0.929269 -0.133934 -0.803064 0.217556 -0.554759 0.486382 -0.298544 -0.821160
-0.478953 -5.037896 1.862728 -74.614244 0.417596 0.905161 -0.079352 -0.791285 0.319348 -0.521426 0.446634 -0.280536 -0.849599
-0.456802 -4.102644 1.279294 -70.454240 0.371414 0.922306 -0.106784 -0.787373 0.251933 -0.562649 0.492033 -0.293054 -0.819770
0.184879 -1.303905 -44.537292 56.312691 0.769229 0.508369 -0.387102 -0.048732 0.650730 0.757744 0.637113 -0.564014 0.525334
0.210804 -2.516906 -42.966351 41.271954 0.770913 0.546539 -0.327091 -0.066045 0.579358 0.812393 0.633507 -0.604682 0.482730
0.404488 -5.731029 6.210061 -54.445283 0.672438 0.738058 0.055654 -0.562926 0.461156 0.685893 -0.480564 0.492549 -0.725571
0.194562 -5.889387 6.764546 -13.300105 0.670267 0.740595 0.047556 -0.593041 0.495997 0.634262 -0.446144 0.453328 -0.771654
0.520710 -5.727783 9.742938 -47.608617 0.715589 0.697988 0.027300 -0.528493 0.515436 0.674552 -0.456758 0.497130 -0.737722
0.221404 -5.877142 -17.092574 -4.949293 0.640108 0.767149 0.041776 -0.597355 0.462764 0.654993 -0.483145 0.444221 -0.754479
0.284103 -5.495208 -14.867273 -5.657438 0.657272 0.753075 0.029529 -0.504776 0.410790 0.759245 -0.559638 0.513935 -0.650135
-0.142321 -3.137544 2.614569 -21.721518 0.583689 0.746676 -0.319034 0.701829 -0.661528 -0.264226 0.408342 0.069682 0.910166
0.689108 -2.810998 -1.862363 -10.523877 0.503039 0.822316 -0.265985 0.792953 -0.561547 -0.236412 0.343769 0.091989 0.934538
-0.015124 -3.774948 -6.900355 43.179038 0.727504 0.574015 -0.375826 -0.556561 0.814057 0.165984 0.401221 0.088416 0.911704
-0.430286 -3.815935 -20.814302 50.419183 0.740558 0.559292 -0.372514 -0.522834 0.827798 0.203459 0.422159 0.044090 0.905449
-1.728644 -8.505251 -12.394890 1.439206 0.590165 0.801379 -0.097453 0.356734 -0.150592 0.921989 -0.724186 0.578890 0.374753
-1.552953 -8.200508 6.561966 -18.437410 0.630411 0.767250 -0.117938 0.282630 -0.085359 0.955424 -0.722982 0.635642 0.270659
-1.804877 -8.289070 -8.539270 -28.536808 0.587043 0.800825 -0.118576 0.204736 -0.005152 0.978804 -0.783239 0.598877 0.166982
-1.579686 -8.512197 22.085186 37.923953 0.645086 0.755793 -0.112430 0.398001 -0.206745 0.893785 -0.652272 0.621316 0.434175
-1.821924 -8.525100 -11.686634 -8.238646 0.561003 0.821848 -0.099204 0.344543 -0.122846 0.930698 -0.752705 0.556305 0.352079
-1.704961 -8.475610 -9.683563 -7.865838 0.567137 0.818268 -0.093775 0.463704 -0.223127 0.857434 -0.680687 0.529766 0.505978
-1.658206 -8.619258 13.874322 5.754027 0.608871 0.783841 -0.121944 0.487017 -0.248022 0.837436 -0.626172 0.569279 0.532758
0.135647 -4.531588 30.043011 85.336772 0.797012 0.601043 -0.059320 0.549339 -0.680606 0.484771 -0.250995 0.418955 0.872627
1.457680 -11.608160 -0.826509 -163.076351 0.783054 0.581831 0.219773 -0.061050 0.423557 -0.903810 0.618950 -0.694314 -0.367189
0.939441 -13.322244 0.989993 -188.623079 0.822293 0.491669 0.286525 -0.045664 0.558887 -0.827985 0.567230 -0.667762 -0.482021
1.766402 -9.487710 -23.689569 -143.226972 0.828099 0.478372 0.292253 0.104965 0.379801 -0.919094 0.550667 -0.791778 -0.264300
0.452387 -13.178491 -9.607279 -148.334517 0.838991 0.449673 0.306411 -0.091410 0.671576 -0.735275 0.536412 -0.588880 -0.604551
0.986044 -10.662004 -28.968160 -152.245692 0.849077 0.422695 0.316856 0.059288 0.519761 -0.852252 0.524932 -0.742413 -0.416256
-0.701596 -12.311072 29.118460 -14.727824 0.456425 0.887905 0.057458 0.722905 -0.332409 -0.605733 0.518734 -0.318008 0.793590
-2.388944 -4.555356 -28.908353 28.232783 0.566504 0.734914 0.372792 0.230108 -0.575467 0.784785 -0.791280 0.358802 0.495114
-2.264614 -4.028984 -25.545163 -20.928656 0.489719 0.835594 0.248913 0.359006 -0.453419 0.815797 -0.794538 0.310150 0.522032
-2.838019 -5.467148 -5.524291 19.647183 0.584805 0.789439 0.186519 0.346574 -0.451057 0.822456 -0.733409 0.416335 0.537379
0.690507 -19.979007 -1.365599 -64.307688 0.891522 0.422857 0.162419 0.426970 -0.664715 -0.613067 0.151277 -0.615911 0.773155
