17104
34191
-11.315189 -15.319065 50.253047 548.433193 0.822369 -0.560833 0.095787 -0.134628 -0.028239 0.990494 0.552797 0.827447 0.098727
-10.491690 -16.367487 84.594231 298.419920 0.723223 -0.556930 0.408383 -0.334135 0.235337 0.912672 0.604402 0.796521 0.015889
-13.634601 -18.836536 383.834159 339.700982 0.791895 -0.604830 0.084167 -0.018782 0.113640 0.993344 0.610369 0.788205 -0.078631
-10.436832 -15.154560 46.841944 253.048835 0.577758 -0.542171 0.610120 -0.492085 0.364999 0.790334 0.651189 0.756853 0.055913
-12.221004 -24.049389 -103.808275 1175.917588 0.785613 -0.489894 -0.377910 0.316789 -0.206171 0.925818 0.531466 0.847052 0.006778
-6.340707 -18.188139 -433.439500 997.260500 0.895363 -0.418742 -0.151591 0.064783 -0.214306 0.974616 0.440600 0.882456 0.164754
-9.912974 -11.443172 -50.049818 469.707144 0.833683 -0.519189 0.188192 -0.264275 -0.075854 0.961460 0.484904 0.851287 0.200447
-9.037252 -12.558682 101.418340 -205.196607 0.413901 -0.449292 0.791722 0.719915 -0.370737 -0.586750 0.557143 0.812829 0.170004
10.139456 -20.719571 -49.783632 53.870818 0.960457 -0.061906 -0.271458 0.012451 0.983543 -0.180242 0.278149 0.169735 0.945422
7.881854 -20.502607 -228.262842 63.859848 0.984882 -0.097632 -0.143090 -0.053724 -0.957463 0.283512 0.164683 0.271538 0.948233
8.695268 -20.870328 -79.305098 -5.950837 0.969900 -0.054674 -0.237288 0.028307 -0.942546 0.332875 0.241854 0.329572 0.912627
11.214026 -19.181530 -193.054890 -291.086021 0.953377 -0.023035 -0.300902 0.070765 -0.952219 0.297106 0.293369 0.304547 0.906193
13.016318 -20.592067 -169.855091 315.905854 0.940136 -0.044013 -0.337947 -0.013890 0.985853 -0.167034 0.340518 0.161728 0.926224
-13.628867 -15.651121 -155.428828 19.190589 0.946852 -0.026450 -0.320581 -0.244766 -0.705892 -0.664685 0.208715 -0.707825 0.674849
-12.925797 -15.858744 -138.492391 30.569122 0.908468 -0.184787 -0.374886 -0.362199 -0.795659 -0.485529 0.208562 -0.576871 0.789761
-11.965171 -15.305577 -117.554942 24.405925 0.954641 -0.175448 -0.240580 -0.293023 -0.697081 -0.654382 0.052894 -0.695195 0.716872
-14.421900 -16.033576 -160.690805 12.101500 0.876075 -0.041709 -0.480368 -0.304460 -0.820377 -0.484031 0.373894 -0.570300 0.731410
-13.222840 -15.598392 -128.424014 -19.252454 0.985890 0.029683 -0.164742 -0.117235 -0.580055 -0.806097 0.119487 -0.814036 0.568390
-14.348329 -15.942218 -105.534789 -29.486475 0.956791 0.272271 -0.102075 0.051631 -0.504540 -0.861843 0.286156 -0.819334 0.496797
-14.711404 -15.976141 -122.931657 -17.605257 0.923902 0.252358 -0.287613 -0.051351 -0.663097 -0.746770 0.379169 -0.704711 0.599678
2.955762 -21.265983 382.727456 805.733394 0.203075 -0.746911 0.633154 0.848465 -0.188528 -0.494534 0.488740 0.637637 0.595443
2.295453 -25.316754 361.966727 726.436818 0.254453 -0.748396 0.612501 0.889627 -0.067220 -0.451714 0.379233 0.659837 0.648689
7.271461 -25.404855 810.691935 899.035885 0.185945 -0.750771 0.633851 0.893722 -0.138817 -0.426603 0.408271 0.645812 0.645169
-3.216040 -11.654420 279.781372 -69.481247 0.908712 -0.417117 0.016022 -0.415394 -0.907406 -0.063739 -0.041125 -0.051265 0.997838
-3.127647 -12.047934 274.106091 -56.024362 0.898375 -0.439160 0.007836 -0.428979 -0.881099 -0.199104 -0.094342 -0.175508 0.979947
-0.763316 -11.487486 369.514136 -60.839343 0.918337 -0.395692 -0.009261 -0.395225 -0.915489 -0.075343 -0.021334 -0.072851 0.997115
4.343543 -13.984345 789.652210 -29.162463 -0.425085 0.890598 0.161670 0.203791 -0.079858 0.975752 -0.881914 -0.447724 0.147549
3.538577 -14.101249 743.331720 -80.034160 -0.419498 0.886621 0.194741 0.049487 -0.191874 0.980171 -0.906406 -0.420817 -0.036615
-0.295377 -14.341940 509.077052 -66.734680 -0.433340 0.867156 0.245472 0.151433 -0.198441 0.968344 -0.888417 -0.456795 0.045323
1.563695 -21.111486 65.098130 -624.047754 0.970316 -0.241729 0.007323 -0.237030 -0.944576 0.227139 0.047989 0.222132 0.973835
1.837343 -16.406816 35.432213 -285.176599 0.971531 -0.229615 0.058342 -0.235318 -0.906779 0.349824 0.027421 0.353594 0.934997
1.627316 -15.115913 8.707898 -397.011687 0.968179 -0.246475 0.043357 -0.242561 -0.881564 0.404980 0.061596 0.402610 0.913297
0.300679 -38.370160 -5.141298 -192.742618 0.885373 -0.428639 0.179951 -0.052013 -0.475998 -0.877907 -0.461962 -0.767915 0.443731
0.235390 -35.287283 -5.117638 127.792898 0.880515 -0.445775 0.161181 -0.059130 -0.440666 -0.895721 -0.470317 -0.779165 0.414372
-0.009614 -34.910608 -2.188739 -125.407718 0.882209 -0.434726 0.180889 -0.136842 -0.604304 -0.784915 -0.450535 -0.667706 0.592611
-0.141205 -32.828699 -5.133457 -180.972285 0.880939 -0.439654 0.175076 -0.221487 -0.709990 -0.668474 -0.418199 -0.550107 0.722836
-0.079608 -32.803072 -6.105692 -501.384682 0.881512 -0.434520 0.184739 -0.224566 -0.730011 -0.645488 -0.415339 -0.527519 0.741092
0.135612 -35.394040 -3.418064 -561.613391 0.884534 -0.425054 0.192169 -0.139192 -0.633690 -0.760962 -0.445226 -0.646348 0.619684
0.393855 -9.866700 14.136460 -163.616821 0.788498 -0.575751 0.216289 0.012068 -0.337118 -0.941385 -0.614919 -0.744891 0.258869
0.353352 -10.835103 -9.025235 -42.539710 0.787022 -0.592965 0.170260 0.046991 -0.217562 -0.974915 -0.615133 -0.775280 0.143362
0.222250 -10.298379 -15.956003 -67.408334 0.785729 -0.591261 0.181770 0.049358 -0.232990 -0.971226 -0.616598 -0.772092 0.153883
-0.695093 -10.358226 212.992190 122.368369 0.570789 -0.020551 -0.820839 0.778453 0.331522 0.533015 0.261172 -0.943224 0.205227
-0.820947 -10.439417 163.396672 -0.563917 0.557443 -0.035059 -0.829474 0.810484 0.239505 0.534558 0.179922 -0.970262 0.161925
0.575031 -10.031857 303.183656 136.171446 0.538938 -0.000781 -0.842345 0.812144 0.265854 0.519369 0.223535 -0.964013 0.143913
0.098026 -9.773630 247.165476 95.718057 0.582875 0.000904 -0.812561 0.757855 0.360117 0.544033 0.293109 -0.932907 0.209218
-1.356411 -10.584689 128.969572 54.934120 0.604718 -0.034538 -0.795691 0.734603 0.410159 0.540488 0.307693 -0.911360 0.273402
-1.649816 -11.629628 -124.669220 -235.427455 0.897928 -0.438482 -0.038203 0.437324 0.879002 0.190008 0.049734 0.187321 -0.981039
-2.137557 -11.975091 -163.779381 335.001451 0.869674 -0.490354 -0.056749 0.493098 0.857660 0.145858 0.022851 0.154832 -0.987677
-0.780906 -12.368096 -54.740858 -223.520680 0.861570 -0.505548 -0.046019 0.505539 0.846240 0.168250 0.046116 0.168224 -0.984670
-0.569780 -15.264814 -36.955196 -806.836400 0.892087 -0.450918 -0.029233 0.445439 0.866689 0.224575 0.075929 0.213362 -0.974018
-1.132378 -14.544306 -61.970197 -712.611546 0.914057 -0.405328 -0.014440 0.395718 0.883449 0.250849 0.088919 0.235004 -0.967919
0.660990 -20.540745 -70.148392 -3.027533 0.856624 -0.510836 0.072400 -0.109657 -0.317383 -0.941936 -0.504153 -0.798946 0.327895
0.654076 -19.295827 -60.521513 252.591100 0.853753 -0.517729 0.055340 -0.022858 -0.143450 -0.989394 -0.520176 -0.843433 0.134305
-0.003704 -19.747393 -61.253148 14.572183 0.855473 -0.513917 0.063686 -0.104183 -0.291267 -0.950952 -0.507260 -0.806878 0.302713
-1.410908 -23.440974 7.348684 -657.758905 0.918970 -0.383274 -0.092710 0.125454 0.507066 -0.852728 -0.373838 -0.772001 -0.514062
-2.227916 -27.401580 21.142618 -415.757143 0.922081 -0.374835 -0.096256 0.192348 0.659725 -0.726474 -0.335810 -0.651354 -0.680419
-1.533353 -24.081013 73.723800 -451.178632 0.913233 -0.407013 -0.018577 0.222273 0.535900 -0.814498 -0.341467 -0.739697 -0.579869
3.006106 -47.332630 -489.232743 913.425158 -0.546643 0.834898 0.064244 0.209192 0.210450 -0.954960 0.810814 0.508583 0.289695
1.539608 -53.786423 -322.369552 719.779014 -0.553276 0.831470 0.050427 0.437051 0.341292 -0.832169 0.709134 0.438380 0.552224
9.522048 -47.337743 -1011.770718 836.847277 -0.550828 0.827980 0.105060 0.228729 0.270814 -0.935063 0.802666 0.491028 0.338554
14.258367 -40.444650 -1432.006032 1368.048712 -0.535144 0.835859 0.122311 -0.015681 0.134933 -0.990731 0.844615 0.532102 0.059102
21.297821 -40.521307 -2110.245692 1121.457116 -0.563957 0.809585 0.162864 0.016420 0.208173 -0.977954 0.825641 0.548850 0.130694
14.308961 -47.104923 -1393.266687 1117.430360 -0.589867 0.795249 0.140130 0.232806 0.333648 -0.913499 0.773213 0.506220 0.381947
1.361261 -17.508344 24.967615 -226.451307 0.758576 -0.641430 -0.114587 -0.624869 -0.666296 -0.406926 -0.184666 -0.380286 0.906246
0.717535 -20.153197 -30.854979 -973.331130 0.807049 -0.587547 -0.058819 -0.534250 -0.684133 -0.496528 -0.251494 -0.432146 0.866026
2.275116 -19.385649 -109.954138 -465.853837 0.803639 -0.592785 -0.052631 -0.560686 -0.724532 -0.400853 -0.199487 -0.351651 0.914629
3.238080 -19.175842 -79.581656 398.684884 0.786937 -0.610917 -0.086660 -0.600875 -0.726805 -0.332723 -0.140281 -0.313904 0.939034
129.329461 -17.573193 19211.950439 638.095391 0.795351 -0.219418 -0.565042 -0.343463 0.604956 -0.718374 -0.499450 -0.765430 -0.405791
951.063883 26.681411 -161342.572866 1670.226679 -0.528370 -0.022463 0.848717 -0.520774 0.798081 -0.303086 -0.670537 -0.602131 -0.433380
125.106613 0.727228 -16228.972502 2426.399295 -0.508106 0.181876 0.841872 -0.418635 0.802071 -0.425942 -0.752710 -0.568861 -0.331398
44.018080 3.215141 2866.498403 2522.389253 -0.026129 0.669201 0.742622 -0.412804 0.669355 -0.617702 -0.910445 -0.322697 0.258759
47.772161 -4.837852 -5174.377644 1423.949503 -0.435007 0.346095 0.831257 -0.503358 0.671988 -0.543197 -0.746592 -0.654714 -0.118109
54.598343 -13.322759 8217.037306 656.331529 0.745632 -0.321001 -0.583944 -0.372080 0.526422 -0.764484 -0.552801 -0.787298 -0.273079
-17.091778 -147.198383 721.344119 -11903.143308 -0.055118 0.974525 -0.217400 0.991584 0.078969 0.102588 0.117143 -0.209916 -0.970676
-21.905285 -199.393218 712.434919 5008.552140 0.032269 0.972535 -0.230510 -0.879752 -0.081816 -0.468340 0.474337 -0.217905 -0.852949
-14.336044 -113.133545 460.430067 -6641.836396 0.001710 0.958313 -0.285716 0.990274 0.038126 0.133802 0.139117 -0.283166 -0.948927
-12.630753 -81.933760 428.681773 -5707.381240 0.088677 0.967588 -0.236453 0.981321 -0.125555 -0.145755 -0.170718 -0.219111 -0.960649
2.850450 -530.277394 -1286.691353 -12607.568210 -0.464693 0.820261 -0.333516 0.086309 0.416819 0.904883 -0.881255 -0.391707 0.264489
11.781103 -1856.655806 17.753495 -388761.405824 -0.462274 0.794075 -0.394649 0.541197 0.605207 0.583807 -0.702430 -0.056296 0.709523
3.510972 -892.801887 416.982051 44112.737214 0.529138 -0.705101 0.472065 0.542769 0.708881 0.450432 -0.652238 0.017882 0.757803
13.656840 -2477.806099 -4214.544079 -70067.441937 -0.447061 0.840433 -0.306282 -0.069419 0.308774 0.948599 -0.891806 -0.445344 0.079699
3.211468 -3.257980 318.483989 -33.921610 0.307234 -0.021153 -0.951399 0.935509 -0.176548 0.306028 -0.174441 -0.984065 -0.034453
6.570614 -3.145980 385.727142 -50.035792 0.182906 -0.037185 -0.982427 0.967673 -0.169694 0.186582 -0.173650 -0.984795 0.004945
2.951611 -3.681898 303.353041 -100.636094 0.319913 -0.027877 -0.947037 0.934114 -0.157823 0.320193 -0.158390 -0.987074 -0.024449
-5.195358 -11.738649 58.131335 130.973545 0.960096 -0.241378 0.141251 0.097442 -0.184701 -0.977952 -0.262146 -0.952692 0.153810
-4.736912 -10.960160 79.300951 56.808130 0.970562 -0.186238 0.152727 0.114599 -0.200651 -0.972937 -0.211843 -0.961797 0.173402
-4.818241 -11.482178 83.751075 -73.595852 0.950437 -0.197254 0.240332 0.169463 -0.319419 -0.932338 -0.260674 -0.926856 0.270160
-4.723974 -9.807393 74.363865 247.533760 0.973634 -0.221121 0.056055 0.042141 -0.067153 -0.996852 -0.224189 -0.972932 0.056064
-5.274171 -12.168977 53.429887 -57.398354 0.942616 -0.256378 0.213881 0.129225 -0.310520 -0.941742 -0.307857 -0.915340 0.259571
-5.170932 -10.115914 35.303366 325.755684 0.960095 -0.266391 0.085169 0.072499 -0.057056 -0.995735 -0.270114 -0.962175 0.035466
-5.538459 -12.039959 24.845696 178.023989 0.944056 -0.291903 0.153461 0.104273 -0.177256 -0.978625 -0.312866 -0.939879 0.136902
6.546168 -0.452157 -93.515444 332.078069 0.906396 -0.264175 0.329632 0.290377 -0.177094 -0.940382 -0.306801 -0.948077 0.083807
6.365885 0.953470 -117.835636 7.021420 0.946280 -0.302601 0.113959 0.064165 -0.169694 -0.983406 -0.316918 -0.937889 0.141161
5.809360 0.842810 -169.210459 438.858124 0.851611 -0.335867 0.402433 0.357813 -0.188560 -0.914557 -0.383052 -0.922843 0.040403
5.888168 -0.496149 152.693364 9.538366 0.973284 -0.198771 0.114928 0.080250 -0.174486 -0.981384 -0.215124 -0.964388 0.153873
6.068868 -1.107467 117.122504 196.750916 0.941461 -0.191034 0.277770 0.242347 -0.189250 -0.951553 -0.234347 -0.963167 0.131875
-3.390163 -10.919071 -6.318214 -79.371268 0.861127 -0.504719 0.060984 -0.291127 -0.587899 -0.754732 -0.416780 -0.632166 0.653193
-2.457974 -9.985727 2.843799 -132.430923 0.860505 -0.505375 0.064248 -0.335557 -0.657159 -0.674939 -0.383319 -0.559230 0.735071
-3.146512 -10.264759 54.634102 -151.207906 0.803166 -0.595194 -0.025846 -0.444639 -0.570001 -0.690938 -0.396510 -0.566430 0.722452
1.862875 -105.884184 -82.049609 3085.987091 0.912175 -0.401799 0.080590 0.215811 0.303814 -0.927967 -0.348372 -0.863860 -0.363844
0.655194 -72.529171 7.433032 -13.413310 0.913245 -0.404604 0.047746 0.153456 0.233049 -0.960281 -0.377406 -0.884299 -0.274919
1.312455 -87.879888 -54.387968 -2251.858217 0.917047 -0.390343 0.081587 0.068749 -0.046775 -0.996537 -0.392808 -0.919480 0.016059
1.042926 -69.587052 -15.181918 2695.330240 0.915171 -0.403066 0.000578 0.234749 0.531836 -0.813660 -0.327652 -0.744773 -0.581340
2.970683 -111.122840 -127.170914 -4775.197527 0.923046 -0.382596 0.040086 0.048064 0.011313 -0.998780 -0.381676 -0.923846 -0.028832
5.309428 -162.291607 -191.262573 14009.971946 0.913369 -0.396755 0.091341 0.264916 0.408807 -0.873325 -0.309156 -0.821865 -0.478498
2.004803 -93.095731 -59.374631 8744.127319 0.917635 -0.397216 0.012841 0.285315 0.635944 -0.717057 -0.276661 -0.661660 -0.696896
212.918489 -997.092009 40534.692915 -113564.465812 -0.433587 -0.887875 0.153884 0.895613 -0.405773 0.182280 -0.099400 0.216855 0.971130
699.767373 -49.374498 166814.601831 -3547.517083 0.406424 -0.501044 0.764052 0.784080 0.620578 -0.010120 -0.469083 0.603190 0.645076
1527.429662 -2257.620248 -144528.334621 -437390.664534 -0.355013 -0.163516 0.920450 0.933379 -0.117428 0.339138 0.052632 0.979527 0.194311
19.587071 -252.893312 -104.614923 -49814.551484 0.464847 0.834610 -0.295539 0.754012 -0.548131 -0.361964 0.464093 0.054582 0.884103
59.948775 -860.169369 -8580.174416 -176565.113359 0.236314 0.901288 0.363091 -0.817127 0.386534 -0.427662 0.525794 0.195629 -0.827811
42.022623 -56.053761 3349.489307 -1909.152912 -0.034451 0.606395 -0.794417 -0.360657 0.733782 0.575752 0.932062 0.306347 0.193421
81.428612 -411.651350 -14862.939957 40566.593241 0.313272 0.908212 0.277510 0.949556 -0.295175 -0.105897 -0.014263 0.296686 -0.954868
288.748186 -727.929217 -61679.304654 -119371.411453 0.060470 0.829771 0.554818 0.925856 0.161083 -0.341823 -0.373007 0.534351 -0.758508
-3.058631 -95.576531 -303.078671 -10622.157474 0.369764 0.928279 0.039655 -0.122086 0.006232 0.992500 -0.921070 0.371832 -0.115634
-1.773992 -12.287274 -93.198358 -1098.996858 0.361189 0.920037 -0.151901 -0.109908 0.203765 0.972831 -0.925993 0.334681 -0.174717
-0.681283 -101.005837 -195.932914 -10692.420549 0.346061 0.937598 -0.033933 -0.118241 0.079465 0.989800 -0.930732 0.338518 -0.138362
1.686367 -7.481605 -93.829630 -221.582614 0.343108 0.938769 0.031448 -0.202424 0.041206 0.978431 -0.917225 0.342073 -0.204167
-0.709408 -13.641311 -142.746841 -1296.597015 0.324563 0.943361 0.068764 -0.194858 -0.004453 0.980821 -0.925575 0.331738 -0.182376
0.511571 -5.824776 -25.616275 -128.275362 0.367376 0.903100 -0.222365 -0.106193 0.278249 0.954620 -0.923990 0.327091 -0.198125
2.841013 -7.601611 -19.281576 378.703000 0.369994 0.918673 -0.138361 -0.170963 0.213715 0.961820 -0.913168 0.332213 -0.236133
-6.015297 -13.774054 -531.923400 -414.204901 0.821289 -0.558398 -0.116947 0.568712 0.817586 0.090115 -0.045294 0.140519 -0.989041
-6.692317 -16.888971 -12.758124 870.948992 -0.480955 0.866108 0.136158 0.875081 0.483782 0.013712 -0.053995 0.125744 -0.990592
-6.642410 -19.492913 490.958050 -661.326074 0.843601 -0.528850 -0.093031 0.536410 0.837890 0.101023 -0.024524 0.135125 -0.990525
-3.574812 -22.404327 -362.678948 -2130.754169 0.926731 -0.366943 -0.080762 0.374856 0.917586 0.132360 -0.025537 0.152936 -0.987906
-10.386786 -15.301534 -131.235907 113.982128 0.958658 -0.257473 -0.121172 -0.134537 -0.034872 -0.990295 -0.250748 -0.965656 0.068070
-11.723817 -15.125786 -166.380045 111.892765 0.981336 -0.141310 -0.130425 -0.133345 -0.011355 -0.991005 -0.138558 -0.989900 0.029987
-10.855176 -15.649256 -113.899239 -27.273699 0.969576 -0.222797 -0.101406 -0.146123 -0.194419 -0.969974 -0.196392 -0.955282 0.221059
13.296239 -17.756632 -79.193472 -317.922893 0.979113 -0.193391 0.062755 -0.012025 -0.363197 -0.931635 -0.202962 -0.911421 0.357936
12.979440 -14.937057 -124.812910 -212.472880 0.991991 -0.116176 0.049566 0.009621 -0.321785 -0.946764 -0.125941 -0.939658 0.318090
13.326067 -17.735070 -185.899846 -355.103000 0.977508 -0.173460 0.119956 0.069850 -0.270401 -0.960210 -0.198994 -0.946993 0.252203
-2.014837 -2.712959 -50.758355 125.138447 -0.132833 0.862493 0.488325 0.894753 -0.107584 0.433407 0.426347 0.494502 -0.757427
-1.047749 -2.164483 168.830035 -12.558122 0.781559 -0.621180 0.057462 0.437896 0.611885 0.658668 0.444312 0.489625 -0.750236
-2.175433 -2.827068 37.374094 119.713108 -0.403584 0.852770 0.331516 0.810853 0.165518 0.561356 0.423836 0.495365 -0.758272
-1.204469 -2.969203 218.736963 -136.013098 0.807674 -0.580361 0.104134 0.382282 0.649879 0.656901 0.448914 0.490753 -0.746751
-2.347426 -2.999086 30.674627 29.186459 -0.178947 0.861682 0.474849 0.901478 -0.049727 0.429959 0.394101 0.505006 -0.767889
-2.310461 -3.165835 -43.000778 70.745085 0.307727 0.712742 0.630320 0.865975 -0.484262 0.124810 0.394197 0.507434 -0.766237
-2.932193 -3.136014 206.130461 -122.166545 0.757860 -0.652414 -0.002101 0.492507 0.569991 0.657683 0.427884 0.499467 -0.753292
0.725329 -21.403152 226.359916 -366.131005 -0.267201 0.281444 -0.921625 0.662734 0.747976 0.036273 0.699562 -0.601101 -0.386382
-0.601420 -20.924932 69.074024 -377.204555 -0.210473 0.284495 -0.935288 0.726544 0.685641 0.045059 0.654091 -0.670045 -0.351007
0.901396 -22.723458 -111.509066 -95.936164 -0.201735 0.268231 -0.941995 0.507280 0.851335 0.133778 0.837837 -0.450868 -0.307812
2.522187 -22.507748 -44.925528 115.354611 -0.239456 0.246802 -0.939015 0.443934 0.887964 0.120178 0.863472 -0.388083 -0.322193
-0.714639 -16.407402 -11.126281 124.452890 0.842753 -0.532132 0.081262 0.377861 0.477275 -0.793366 -0.383391 -0.699317 -0.603296
-0.290573 -17.001764 -37.568313 133.651947 0.828169 -0.552489 0.094295 0.402833 0.469771 -0.785519 -0.389694 -0.688528 -0.611611
-0.282282 -14.932680 -8.504744 116.714196 0.852933 -0.518552 0.060081 0.413496 0.600872 -0.684086 -0.318633 -0.608323 -0.726923
-0.649109 -18.422770 -37.349819 170.294408 0.819034 -0.560680 0.121744 0.356425 0.330937 -0.873752 -0.449606 -0.759025 -0.470889
-0.469951 -14.567791 0.196884 113.531656 0.866494 -0.497216 0.044321 0.384663 0.608478 -0.694110 -0.318154 -0.618491 -0.718503
-1.070378 -17.653319 -8.706150 130.016080 0.832299 -0.542396 0.114386 0.335492 0.328620 -0.882867 -0.441274 -0.773185 -0.455480
-0.822768 -15.819782 3.328329 105.552077 0.856776 -0.511141 0.068344 0.350031 0.479094 -0.804952 -0.378700 -0.713586 -0.589391
0.400734 -31.794817 -33.445806 1128.063255 0.972647 -0.231688 0.016688 -0.011096 0.025418 0.999615 0.232023 0.972458 -0.022152
-0.150780 -30.131895 -29.918634 1229.873939 0.973351 -0.228914 0.013674 -0.017681 -0.015463 0.999724 0.228639 0.973324 0.019098
0.207458 -36.680290 -23.623821 643.704248 0.971066 -0.238717 -0.006742 0.073114 0.270301 0.959996 0.227345 0.932712 -0.279934
0.279554 -25.835798 -40.088908 1177.704064 0.971893 -0.229856 0.050901 -0.099502 -0.205104 0.973669 0.213364 0.951367 0.222210
0.822644 -39.160115 -36.045888 689.972096 0.970507 -0.240959 -0.007449 0.072584 0.262601 0.962171 0.229887 0.934334 -0.272345
1.001503 -33.574173 -47.919726 1274.831970 0.972607 -0.231477 0.021300 -0.024928 -0.012757 0.999608 0.231115 0.972757 0.018177
3.112197 -21.861402 -70.949432 -90.649919 0.830589 -0.531970 0.164713 0.220838 0.043116 -0.974357 -0.511227 -0.845665 -0.153291
2.027904 -21.005077 -95.029736 -112.234654 0.808722 -0.565844 0.160591 0.214388 0.029325 -0.976308 -0.547729 -0.823990 -0.145026
2.909763 -20.026964 -65.911747 -447.070296 0.825791 -0.534615 0.179600 0.138179 -0.116954 -0.983478 -0.546787 -0.836964 0.022707
-1.225090 -30.267702 -22.315161 247.785793 0.784646 -0.561206 0.263398 0.104182 -0.299466 -0.948402 -0.611127 -0.771601 0.176507
-0.398815 -26.628873 0.969846 356.315640 0.792565 -0.547166 0.269166 0.270998 -0.079369 -0.959302 -0.546261 -0.833253 -0.085376
-0.710573 -28.608481 2.794379 409.907632 0.799130 -0.554797 0.231500 0.146686 -0.193495 -0.970074 -0.582988 -0.809173 0.073247
-4.930487 -7.698834 -205.612543 -76.441269 -0.565209 0.544959 -0.619320 -0.263088 0.592463 0.761428 0.781871 0.593302 -0.191493
-6.489508 -8.387770 -183.398855 -52.091385 -0.508844 0.366491 -0.778949 -0.422412 0.682133 0.596878 0.750097 0.632755 -0.192289
-4.508639 -8.063282 -207.721152 -23.186244 -0.534500 0.516670 -0.668851 -0.345376 0.588762 0.730804 0.771379 0.621620 -0.136248
-6.853440 -8.088040 -204.549618 -18.195467 -0.570729 0.428483 -0.700479 -0.324467 0.665957 0.671731 0.754314 0.610659 -0.241053
-3.110388 -7.517845 -186.754519 90.722203 -0.540372 0.577123 -0.612313 0.274689 -0.566843 -0.776682 0.795327 0.587893 -0.147777
-5.147008 -7.256824 -221.338901 49.898711 -0.612180 0.670073 -0.419807 0.075361 -0.479059 -0.874542 0.787119 0.567014 -0.242773
-3.582366 -6.890682 -187.235636 137.143482 -0.568589 0.632862 -0.525541 0.168174 -0.535941 -0.827336 0.805248 0.558796 -0.198299
-4.574574 -45.349848 -31.010548 1019.843419 0.797690 -0.601318 0.045907 -0.332701 -0.502284 -0.798136 -0.502992 -0.621392 0.600726
-4.877041 -47.981592 -177.194237 541.510798 0.787146 -0.613540 0.063008 -0.408604 -0.595275 -0.691875 -0.462000 -0.518861 0.719263
-4.793272 -41.961153 -197.146565 849.397644 0.792385 -0.600381 0.108027 -0.233846 -0.462511 -0.855219 -0.563420 -0.652401 0.506884
-4.011208 -38.572454 -96.091140 1072.375830 0.802820 -0.591093 0.078034 -0.167479 -0.349184 -0.921966 -0.572216 -0.727103 0.379327
-3.099697 -42.467227 -28.697922 1204.143206 0.799833 -0.578659 0.159437 -0.167453 -0.470208 -0.866524 -0.576391 -0.666377 0.472986
-2.490456 -35.079676 -95.302836 793.452074 0.804741 -0.573457 0.153421 -0.024182 -0.289901 -0.956751 -0.593133 -0.766227 0.247163
-0.862031 -37.644617 30.565271 -334.983857 -0.692694 0.657046 -0.297432 0.498346 0.734147 0.461171 0.521370 0.171226 -0.835976
-1.581568 -38.377422 69.360571 -298.342800 -0.693761 0.651832 -0.306285 0.517628 0.746977 0.417237 0.500756 0.130921 -0.855630
-1.096048 -35.922018 22.857660 -636.599698 -0.699032 0.649048 -0.300151 0.600815 0.760699 0.245681 0.387783 -0.008596 -0.921711
-1.507933 -39.216588 74.034922 79.120660 -0.687673 0.660403 -0.301619 0.382450 0.682636 0.622688 0.617121 0.312851 -0.722001
-0.695063 -35.660343 11.215936 -643.490810 -0.691530 0.661236 -0.290781 0.591531 0.749422 0.297418 0.414581 0.033667 -0.909389
-0.690343 -38.377762 44.515265 172.187581 -0.690449 0.661831 -0.291992 0.359603 0.664268 0.655312 0.627667 0.347459 -0.696640
-0.395912 -37.260945 33.192321 -267.548492 -0.690446 0.663920 -0.287219 0.481221 0.718003 0.502890 0.540103 0.209002 -0.815235
-2.601422 -34.402232 -107.422006 -348.655277 0.936318 -0.294864 0.190693 -0.231374 -0.109546 0.966678 0.264149 0.949239 0.170794
-3.655623 -35.352854 -7.428907 -103.214097 0.922055 -0.324904 0.210363 -0.261555 -0.122397 0.957396 0.285314 0.937793 0.197837
-3.165886 -32.346481 -104.182659 -251.543987 0.932419 -0.284235 0.223170 -0.205630 0.090528 0.974434 0.297171 0.954471 -0.025963
-2.865645 -34.456320 -10.440534 102.210076 0.927473 -0.319736 0.193811 -0.297561 -0.317357 0.900412 0.226387 0.892778 0.389481
0.704377 -30.021309 -491.028377 -544.034322 0.938024 -0.250355 0.239652 -0.216282 0.117444 0.969241 0.270800 0.961004 -0.056018
1.061661 -32.793294 -397.864502 -673.719684 0.939591 -0.276071 0.202370 -0.231791 -0.078116 0.969624 0.251877 0.957958 0.137388
-1.528003 -34.694299 -137.002798 -59.700464 0.940271 -0.292185 0.174697 -0.265518 -0.308278 0.913491 0.213053 0.905314 0.367445
9.194212 -12.198666 567.537769 -133.767529 0.544262 -0.640890 0.541331 -0.529612 0.237943 0.814183 0.650608 0.729824 0.209920
5.423146 -12.613067 381.629505 38.889280 0.503174 -0.662500 0.554896 0.578173 -0.219152 -0.785931 0.642287 0.716286 0.272768
7.502183 -14.844597 337.625803 -885.720557 0.603806 -0.611813 0.510982 -0.518464 0.185489 0.834739 0.605486 0.768946 0.205203
-3.900088 -14.354415 -17.561263 -377.875040 -0.482324 -0.074657 -0.872806 0.780653 0.415400 -0.466931 0.397423 -0.906570 -0.142076
-2.831904 -13.793016 168.207982 -322.621994 -0.519972 -0.036375 -0.853409 0.768995 0.415005 -0.486228 0.371855 -0.909092 -0.187819
-3.346791 -20.061540 169.932307 -732.420714 -0.438807 0.008102 -0.898545 0.763554 0.530555 -0.368100 0.473745 -0.847612 -0.238997
4.798375 -19.035723 787.809237 411.618163 -0.150049 0.672117 0.725082 0.864958 -0.265990 0.425556 0.478888 0.691020 -0.541441
11.684423 -21.259964 1292.534792 158.131619 -0.064843 0.638555 0.766840 0.933238 -0.233310 0.273192 0.353360 0.733358 -0.580795
13.526604 -24.684659 861.620969 817.813851 -0.229031 0.718218 0.657045 0.904992 -0.091496 0.415474 0.358517 0.689776 -0.629026
8.886111 -20.958034 671.659239 955.967274 -0.253739 0.726687 0.638390 0.829635 -0.175827 0.529898 0.497316 0.664087 -0.558271
-22.683666 -115.977316 2054.840741 4418.229476 0.010153 0.884492 0.466445 -0.891063 0.219681 -0.397173 0.453766 0.411600 -0.790368
-60.277352 -532.965711 5774.986201 -66411.735630 -0.214187 0.919633 0.329239 0.943993 0.108269 0.311697 0.251000 0.377561 -0.891317
-38.137941 -354.150087 8554.466359 7149.335915 -0.123628 0.948627 0.291244 -0.673921 0.135169 -0.726333 0.728386 0.286071 -0.622589
-23.224176 -119.585051 1096.953894 11750.349342 -0.242241 0.957941 0.153845 -0.703812 -0.064359 -0.707465 0.667809 0.279655 -0.689800
2.554590 -7.296610 -48.269413 -8.039425 0.938004 -0.346565 -0.006445 0.130895 0.336937 0.932384 0.320960 0.875424 -0.361412
3.209526 -6.574132 44.668568 -60.970770 0.932512 -0.349027 0.092745 0.067270 0.420194 0.904938 0.354819 0.837626 -0.415315
3.037650 -6.766791 28.380056 -34.599232 0.927060 -0.372756 0.040163 0.098416 0.345324 0.933309 0.361765 0.861281 -0.356821
7.457423 -4.542248 -598.816764 121.759861 0.013056 -0.408343 -0.912735 0.928988 -0.332706 0.162135 -0.369879 -0.850037 0.375002
11.218038 -3.690744 -505.205192 60.829537 -0.009023 -0.324479 -0.945850 0.938824 -0.328412 0.103707 -0.344279 -0.887051 0.307592
11.246085 -4.371825 -537.252344 82.072931 0.000296 -0.332012 -0.943275 0.923349 -0.362092 0.127738 -0.383963 -0.871010 0.306456
-3.167328 -9.736840 -87.943298 93.452660 0.987914 -0.126985 -0.088885 0.000245 0.574721 -0.818349 -0.155002 -0.808437 -0.567806
-2.426116 -9.311605 -118.167589 128.795622 0.980298 -0.166303 -0.106577 0.019355 0.617845 -0.786061 -0.196573 -0.768512 -0.608892
-2.883723 -8.468527 -171.210963 114.335675 0.981045 -0.174206 -0.084864 0.056468 0.675948 -0.734782 -0.185368 -0.716063 -0.672973
0.909922 -53.204057 -30.058336 3680.173208 0.905364 -0.423878 -0.025345 0.087411 0.244446 -0.965715 -0.415541 -0.872109 -0.258364
0.452253 -45.253983 4.958615 1463.093702 0.903813 -0.422136 -0.070174 0.008228 0.181097 -0.983431 -0.427849 -0.888260 -0.167151
0.359462 -65.462930 -9.250547 2533.960565 0.916070 -0.401016 -0.001528 -0.019492 -0.040722 -0.998980 -0.400545 -0.915165 0.045121
1.716602 -97.352091 -108.738346 7412.970119 0.913224 -0.402068 0.066053 0.065789 -0.014483 -0.997728 -0.402112 -0.915495 -0.013225
-0.207812 -63.513470 32.960683 1392.315583 0.921069 -0.387134 0.041934 -0.095275 -0.328465 -0.939698 -0.377563 -0.861532 0.339424
-0.400175 -87.173468 3.757495 2824.175965 0.926835 -0.370595 0.060298 -0.073944 -0.337607 -0.938378 -0.368115 -0.865264 0.340309
1427.126996 -1943.658308 153597.266625 101689.897862 0.324776 0.644299 -0.692386 0.424310 0.555007 0.715491 -0.845270 0.526161 0.093129
511.504209 -1108.930430 434323.241646 -6402.466978 0.065456 -0.919829 0.386820 0.992665 0.099512 0.068656 -0.101645 0.379489 0.919596
-633.958399 -9730.705786 -20273.532709 3506858.240963 0.595377 0.798184 -0.091804 0.538076 -0.311264 0.783319 -0.596657 0.515768 0.614804
-472.229333 -4586.678624 15916.890341 658293.729083 0.295053 0.906146 0.303057 -0.221091 -0.243821 0.944283 -0.929549 0.345617 -0.128401
-73.836296 -975.819759 67.417481 98226.154015 0.322930 0.945614 -0.039118 -0.348129 0.157119 0.924186 -0.880069 0.284829 -0.379934
-44.680016 -702.813544 337.971649 61755.881759 0.464132 0.882255 -0.078785 -0.309133 0.244694 0.919000 -0.830071 0.402183 -0.386304
-2.128671 -77.880437 -299.645992 5090.338041 0.108888 0.951244 -0.288579 0.076338 -0.297450 -0.951681 0.991118 -0.081597 0.105005
-6.356481 -85.404152 -315.484384 3503.702148 0.207865 0.915208 -0.345235 0.509334 -0.402592 -0.760591 0.835087 0.017740 0.549831
0.178976 -66.600939 -242.560675 3569.839776 0.110851 0.965079 -0.237348 0.241947 -0.257840 -0.935404 0.963936 -0.046264 0.262080
1.097839 -54.125489 -215.752694 3476.436144 0.080818 0.975863 -0.202880 -0.142304 -0.190163 -0.971384 0.986518 -0.107376 -0.123501
0.341866 -40.136929 -163.222846 2795.817648 0.059832 0.971791 -0.228127 -0.224887 -0.209538 -0.951588 0.972546 -0.108238 -0.206006
-3.807114 -267.028347 -283.858476 32631.288902 0.345679 0.781568 -0.519286 -0.501275 0.621630 0.601914 -0.793240 -0.052236 -0.606665
-4.414842 -147.230774 -257.844091 623.791464 0.291783 0.797772 -0.527657 -0.816351 0.495187 0.297256 -0.498432 -0.344019 -0.795749
-3.254166 -181.576178 -420.706270 19584.436601 0.339436 0.723089 -0.601603 -0.368457 0.690676 0.622259 -0.865461 -0.010447 -0.500868
-5.978199 -195.565043 -276.196398 22406.041621 0.337371 0.801468 -0.493792 -0.172354 0.568267 0.804591 -0.925459 0.186339 -0.329853
1.116179 -318.612692 -68.571728 37275.256915 0.304318 0.821351 -0.482467 -0.476195 0.569834 0.669722 -0.825002 -0.025940 -0.564534
0.868624 -539.853897 -1000.340057 72104.909845 0.349113 0.785161 -0.511510 -0.049931 0.560665 0.826536 -0.935750 0.263014 -0.234939
37.551229 -1458.191808 -2410.346898 181324.336342 0.321353 0.854256 -0.408632 -0.034242 0.441720 0.896499 -0.946340 0.274100 -0.171199
-10.828157 -17.633444 56.309317 289.312501 0.718009 -0.590110 0.369099 -0.247324 0.279376 0.927782 0.650611 0.757443 -0.054646
6.453332 -19.423968 -169.300466 313.107810 0.989273 -0.137961 -0.048018 -0.114794 -0.937494 0.328523 0.090340 0.319486 0.943275
8.986759 -17.373756 -146.073578 164.259228 0.981853 -0.182163 -0.052744 -0.173392 -0.974939 0.139392 0.076814 0.127717 0.988832
7.797825 -16.952202 102.472338 361.105274 0.973621 -0.227587 -0.016322 -0.218981 -0.952108 0.213394 0.064106 0.204191 0.976830
11.911534 -16.185021 9.395467 3.682906 0.966406 -0.243539 -0.082152 0.242699 0.969891 -0.020213 0.084601 -0.000404 0.996415
11.663223 -15.152727 162.787502 -39.357267 0.962803 -0.269437 -0.020366 0.268655 0.962618 -0.034503 0.028901 0.027749 0.999197
9.736759 -14.730285 115.368861 351.961154 0.970187 -0.241722 -0.017537 -0.238394 -0.964852 0.110580 0.043650 0.103103 0.993712
-11.423201 -15.684959 -79.080209 35.491114 0.940544 -0.243170 -0.237161 -0.334226 -0.787064 -0.518481 0.060582 -0.566920 0.821542
5.584809 -5.344200 -145.265159 95.860066 0.439025 -0.250012 -0.862990 -0.162554 0.922552 -0.349962 0.883648 0.293924 0.364383
6.346659 -9.002117 45.442520 290.425502 0.409374 -0.372410 -0.832901 -0.057253 0.900616 -0.430827 0.910569 0.224056 0.347367
5.133120 -5.526423 -149.971264 91.799738 0.492908 -0.318529 -0.809679 -0.086853 0.907918 -0.410050 0.865735 0.272441 0.419855
5.501915 -7.491891 73.617683 232.871256 0.350761 -0.294697 -0.888887 -0.173401 0.912342 -0.370898 0.920271 0.284230 0.268913
3.070296 -3.850396 -187.117119 -10.429469 0.514896 -0.315510 -0.797079 -0.119092 0.894464 -0.430989 0.848940 0.316841 0.422981
3.945134 -4.113390 -303.530442 55.819507 0.463336 -0.114593 -0.878742 -0.265848 0.927959 -0.261185 0.845367 0.354628 0.399493
5.598859 -5.010968 -147.094098 106.965446 0.366068 -0.098769 -0.925332 -0.299764 0.928835 -0.217732 0.880985 0.357086 0.310410
-4.946401 -12.242039 145.020080 -61.862913 0.885244 -0.462173 0.052333 -0.445189 -0.874506 -0.192475 -0.134722 -0.147090 0.979905
-4.685550 -12.549659 138.951909 -24.007588 0.875251 -0.482140 0.038432 -0.444282 -0.832841 -0.330136 -0.191180 -0.271877 0.943151
-2.923353 -12.323658 280.640179 -12.731973 0.886681 -0.462334 -0.006588 -0.437625 -0.834522 -0.334750 -0.149268 -0.299700 0.942284
14.739774 -6.632787 -782.139963 616.946669 -0.531741 0.382162 0.755780 0.073626 0.909881 -0.408283 -0.843701 -0.161455 -0.511958
10.493179 -9.763411 -794.246563 454.083623 -0.512681 0.312544 0.799671 -0.056631 0.917051 -0.394728 -0.856709 -0.247656 -0.452455
5.294062 -9.812223 535.787330 -311.668187 -0.423459 0.795905 0.432687 -0.201856 -0.548513 0.811411 -0.883140 -0.256259 -0.392931
21.837906 -10.048019 -1425.261155 550.616935 -0.468552 0.126002 0.874404 -0.086322 0.978510 -0.187260 -0.879209 -0.163221 -0.447606
9.376504 -9.301927 457.650000 -247.607724 -0.458720 0.805102 0.376013 -0.262713 -0.527125 0.808159 -0.848857 -0.271936 -0.453314
31.060687 -6.833501 -1828.489250 688.302471 -0.489510 0.169578 0.855350 -0.000300 0.980876 -0.194635 -0.871998 -0.095533 -0.480098
20.304173 -4.020965 -777.469080 401.023338 -0.561999 0.440941 0.699806 0.152596 0.886806 -0.436222 -0.812940 -0.138368 -0.565670
3.143887 -9.023488 -665.433977 -71.949856 0.914406 -0.361044 0.183055 -0.397129 -0.712502 0.578471 0.078426 0.601654 0.794897
2.600947 -9.820820 -719.949313 -52.768395 0.903232 -0.378100 0.203010 -0.428341 -0.765178 0.480653 0.026396 0.521099 0.853088
-0.858742 -9.116180 -555.905986 -59.289957 0.896963 -0.388682 0.210673 -0.436546 -0.703327 0.561034 0.069892 0.595196 0.800536
6.220567 -9.901703 -495.279388 -62.016905 0.911878 -0.382111 0.149898 -0.403519 -0.767662 0.497862 0.075168 0.514476 0.854204
-0.278462 -8.075317 -528.675466 -91.017418 0.901546 -0.380488 0.206018 -0.417665 -0.640918 0.644034 0.113006 0.666673 0.736734
6.329724 -9.076970 -434.370466 -85.190510 0.922835 -0.365571 0.121382 -0.362415 -0.717263 0.595137 0.130502 0.593204 0.794404
3.398381 -7.928209 -602.106058 -106.695705 0.924853 -0.345719 0.158511 -0.359261 -0.657360 0.662427 0.124815 0.669595 0.732164
3.868772 -18.248681 -5.551877 313.723011 0.917724 -0.397186 0.005084 -0.306439 -0.716074 -0.627163 -0.252741 -0.574004 0.778872
3.686191 -18.551359 -9.482893 564.507203 0.914416 -0.402589 0.042019 -0.316940 -0.776691 -0.544335 -0.251779 -0.484431 0.837815
3.289142 -20.428431 32.359093 804.238785 0.935188 -0.353858 0.014411 -0.288974 -0.785969 -0.546577 -0.204737 -0.506988 0.837285
0.586414 -38.496816 -14.316863 -3.292657 0.882665 -0.448919 0.139187 0.016619 -0.266146 -0.963789 -0.469708 -0.853017 0.227458
0.320683 -10.532021 -0.476381 -143.934611 0.788168 -0.580627 0.204114 0.005856 -0.324555 -0.945849 -0.615432 -0.746683 0.252404
0.426366 -11.279740 -15.916470 -14.615252 0.787323 -0.590511 0.177253 0.057604 -0.215783 -0.974741 -0.613843 -0.777647 0.135875
0.555835 -8.891645 37.273983 -148.257938 0.791060 -0.550438 0.266913 -0.002128 -0.438792 -0.898586 -0.611735 -0.710267 0.348282
0.324730 -9.637029 -2.960464 -145.201777 0.790222 -0.556517 0.256590 -0.010978 -0.431491 -0.902050 -0.612723 -0.710003 0.347083
0.364992 -11.142187 -17.865739 -117.515725 0.788183 -0.579315 0.207752 0.011760 -0.323328 -0.946214 -0.615328 -0.748233 0.248029
0.815409 -9.666000 257.409795 -35.233743 0.484208 -0.029889 -0.874442 0.865216 0.165042 0.473458 0.130168 -0.985834 0.105775
-0.748128 -10.491436 134.681212 -203.284733 0.527903 -0.051724 -0.847728 0.844043 0.142886 0.516890 0.094393 -0.988387 0.119088
-2.250044 -10.437550 75.188945 -106.099611 0.577929 -0.060938 -0.813809 0.807572 0.186379 0.559544 0.117579 -0.980586 0.156926
-2.533220 -15.585775 -190.993122 856.556691 0.849760 -0.523011 -0.066091 0.526876 0.846774 0.073320 -0.017617 0.097126 -0.995116
-3.748194 -14.552459 -181.793164 806.283736 0.879139 -0.475799 -0.027009 0.476252 0.875096 0.085967 0.017267 0.088440 -0.995932
-4.041041 -20.125798 187.013350 1125.025636 -0.857431 0.513543 0.032941 0.513108 0.858063 -0.021162 -0.039133 -0.001243 -0.999233
-5.283680 -18.045115 106.531538 1086.678115 -0.871689 0.488492 -0.039167 0.489154 0.872152 -0.008945 0.029790 -0.026956 -0.999193
-4.951290 -12.602674 132.079148 540.880172 -0.928915 0.368920 -0.031854 0.365964 0.927769 0.072912 0.056452 0.056071 -0.996830
-1.141327 -26.051047 -132.508404 -611.467746 0.906813 -0.379340 -0.183825 0.105822 0.626982 -0.771813 -0.408034 -0.680437 -0.608698
-1.490216 -29.225476 -141.713593 -430.201749 0.906384 -0.369053 -0.205590 0.166354 0.759137 -0.629315 -0.388321 -0.536201 -0.749463
-2.696551 -30.216799 6.884185 -332.067922 0.925696 -0.359007 -0.119166 0.236532 0.795211 -0.558293 -0.295194 -0.488623 -0.821041
-1.597113 -53.736287 -150.181652 805.174641 -0.568965 0.821911 0.027227 0.408046 0.310904 -0.858392 0.713987 0.477285 0.512272
-1.915711 -54.022049 -23.378084 284.914666 -0.589191 0.807757 0.019529 0.596619 0.451229 -0.663655 0.544884 0.379369 0.747784
0.555605 -53.584689 -219.902118 244.695660 -0.564852 0.823439 0.053756 0.619618 0.466257 -0.631409 0.544991 0.323345 0.773584
-0.706208 -18.296261 233.609447 -657.141442 0.788320 -0.608039 -0.094016 -0.564658 -0.654294 -0.503051 -0.244361 -0.449652 0.859128
-0.423025 -22.825822 66.747079 -1205.372669 0.842413 -0.538374 -0.022201 -0.441827 -0.666584 -0.600378 -0.308429 -0.515576 0.799408
0.195577 -25.390815 -45.066704 -1216.144094 0.846481 -0.532372 -0.007073 -0.426165 -0.669527 -0.608372 -0.319144 -0.517990 0.793620
2.518951 -30.399451 145.784050 343.568318 0.894064 -0.444574 0.054806 0.447926 0.888279 -0.101603 0.003513 -0.115388 -0.993314
2.635155 -29.517467 -30.716458 -80.862960 -0.922560 0.383508 -0.042468 0.381198 0.922938 0.053601 0.059752 0.033262 -0.997659
2.981084 -27.337535 -48.749997 362.554914 0.887816 -0.459937 0.015487 0.459592 0.884420 -0.081098 -0.023603 -0.079118 -0.996586
106.393803 -36.308059 16813.891303 -175.692158 0.943271 -0.281310 -0.176366 0.030778 0.602981 -0.797161 -0.330595 -0.746511 -0.577433
287.526155 -39.388983 43960.771010 -1051.222013 0.856583 -0.346101 -0.382727 -0.069440 0.657643 -0.750123 -0.511316 -0.669118 -0.539292
156.127466 -26.338968 23662.179448 -1164.750185 0.887779 -0.245561 -0.389292 -0.210129 0.536271 -0.817471 -0.409505 -0.807535 -0.424491
176.445728 41.034675 -10454.271853 -1669.879389 0.010158 0.146971 0.989089 -0.427098 0.895013 -0.128605 -0.904148 -0.421132 0.071862
-12.691688 -238.216240 778.195793 -19099.293745 -0.094707 0.983489 -0.154208 0.994467 0.100538 0.030448 0.045449 -0.150471 -0.987569
-19.715769 -225.872582 189.837621 -22634.830418 0.069810 0.980398 -0.184246 -0.598139 -0.106674 -0.794261 0.798346 -0.165652 -0.578968
-13.567905 -167.096390 891.129144 -11315.612694 0.130451 0.970842 -0.201119 -0.613629 -0.080272 -0.785504 0.778744 -0.225882 -0.585265
-394.441531 -15744.958585 -146622.547502 2294361.244913 -0.298344 0.847820 -0.438397 -0.593022 -0.524556 -0.610873 0.747874 -0.077728 -0.659274
9.314618 -244.051891 925.171462 21506.556153 -0.574678 0.817652 -0.034515 -0.751543 -0.543968 -0.373204 0.323926 0.188533 -0.927107
6.708480 -145.209964 1117.094047 16375.656508 -0.425066 0.904838 0.024242 -0.894710 -0.424065 0.140221 -0.137158 -0.037913 -0.989823
9.766516 -239.315102 2210.351430 -18708.607249 -0.408488 0.911886 -0.040026 0.912745 0.407805 -0.024340 -0.005872 -0.046476 -0.998902
14.849524 -428.025260 1919.188802 -16148.450876 -0.541803 0.837374 -0.072489 -0.531046 -0.407895 -0.742706 0.651491 0.363905 -0.665682
28.993051 -644.405389 -2233.055443 -32840.213767 -0.627983 0.722728 -0.288621 0.110622 0.450003 0.886149 -0.770325 -0.524558 0.362544
