19468
38912
-4.399043 -7.949140 -7.307724 128.349321 -0.675179 -0.518542 0.524641 -0.174357 0.803261 0.569536 -0.716752 0.293064 -0.632756
-5.565038 -9.160315 -19.847642 66.270098 -0.695849 -0.400407 0.596212 -0.161334 0.896093 0.413507 -0.699832 0.191549 -0.688145
-6.784505 -8.914257 -36.504036 220.358720 -0.619706 0.164463 0.767409 0.332274 0.940822 0.066694 -0.711026 0.296321 -0.637680
-4.368911 -8.414631 53.135903 88.742888 -0.694649 -0.558631 0.453204 -0.283276 0.791546 0.541488 -0.661224 0.247762 -0.708094
-3.894542 -6.501413 1.898553 142.470331 -0.680897 -0.507426 0.528108 -0.093684 0.775507 0.624349 -0.726363 0.375642 -0.575579
-3.403230 -7.299119 64.998562 153.537073 -0.673284 -0.628185 0.389964 -0.262919 0.696354 0.667806 -0.691059 0.347094 -0.634006
-5.136124 -5.412597 -18.975532 -6.458478 0.795479 0.118097 -0.594362 0.428659 0.583618 0.689668 -0.428328 0.803395 -0.413632
-5.158460 -5.802773 1.174449 -17.166311 0.535734 0.644099 0.546008 0.702654 0.018529 -0.711291 -0.468259 0.764717 -0.442652
-4.280681 -5.824665 95.814998 39.678710 -0.369975 0.223015 0.901877 0.806659 0.558700 0.192759 -0.460891 0.798823 -0.386602
-4.588146 -5.687676 75.070705 -1.040570 -0.615463 0.047436 0.786737 0.679953 0.536750 0.499563 -0.398584 0.842407 -0.362604
-4.925429 -5.770619 -71.247811 41.264013 0.886117 0.202240 -0.417007 0.268421 0.509552 0.817500 -0.377818 0.836335 -0.397238
-5.931898 -199.626286 -2091.477878 11826.478946 -0.836483 -0.419918 0.352088 -0.419825 0.904006 0.080751 -0.352198 -0.080269 -0.932477
24.990536 -385.260635 -2012.634852 23978.003612 -0.824833 -0.433847 0.362530 -0.336537 0.892003 0.301784 -0.454306 0.126917 -0.881759
11.175302 -74.317118 1209.568409 -2551.817525 0.773248 0.490555 -0.401801 -0.632328 0.643908 -0.430748 -0.047417 -0.587145 -0.808092
9.736867 -7.766559 19.705588 -23.959560 0.095995 -0.078327 -0.992295 -0.392957 0.912945 -0.110078 0.914533 0.400496 0.056859
9.489639 -9.659091 -49.214010 64.072356 0.223492 -0.041215 -0.973834 -0.455956 0.878629 -0.141826 0.861484 0.475723 0.177574
10.090666 -8.739797 50.355886 -17.812533 0.077880 -0.140262 -0.987047 -0.469839 0.868053 -0.160424 0.879310 0.476246 0.001703
-1.423121 -2.908994 82.968862 -193.505277 0.660625 0.747363 -0.070875 0.075034 0.028203 0.996782 -0.746957 0.663817 0.037445
-1.168359 -2.742357 68.768775 -183.401534 0.655585 0.739746 -0.151602 0.141269 0.077070 0.986967 -0.741789 0.668457 0.053977
0.669673 -1.995848 221.382633 8.082356 0.446119 0.552198 -0.704311 0.487902 0.509679 0.708645 -0.750286 0.659776 0.042041
-1.605765 -3.463214 18.757121 -158.586934 0.660519 0.726253 0.190450 -0.064026 -0.198251 0.978058 -0.748074 0.658220 0.084449
0.542019 -2.638607 -239.643146 53.797799 -0.434128 -0.532490 0.726627 0.485758 0.540919 0.686619 -0.758664 0.651046 0.023833
-1.972887 -4.363733 42.668300 -231.504123 0.632760 0.700947 0.329070 -0.165363 -0.292843 0.941753 -0.756485 0.650319 0.069389
-2.164712 -3.362368 146.657536 -114.059624 0.636463 0.747060 -0.191876 0.140579 0.132244 0.981198 -0.758388 0.651470 0.020852
-0.122104 -9.210548 -17.414850 170.648047 -0.087769 0.425459 -0.900712 0.810148 -0.495634 -0.313061 -0.579618 -0.757187 -0.301183
-0.302328 -7.820417 39.302809 130.300171 -0.125460 0.473610 -0.871753 0.836622 -0.421763 -0.349542 -0.533220 -0.773181 -0.343318
-0.642098 -8.676905 26.895059 65.729776 -0.063233 0.410464 -0.909682 0.753983 -0.577529 -0.313001 -0.653843 -0.705677 -0.272964
-0.578942 -10.940204 10.549391 -168.934886 0.000848 -0.339145 0.940734 -0.706562 0.665508 0.240560 -0.707651 -0.664890 -0.239063
-0.779595 -9.678074 -4.306439 -120.302493 -0.027844 -0.292602 0.955829 -0.653014 0.729289 0.204230 -0.756834 -0.618483 -0.211379
-1.131970 -7.982111 -45.001238 1.857839 0.014358 -0.348984 0.937019 -0.697217 0.668221 0.259555 -0.716716 -0.657032 -0.233723
23.174530 -9.188367 739.853911 -3.092788 -0.404610 0.482881 0.776606 0.039788 0.857715 -0.512584 -0.913623 -0.176497 -0.366252
25.435419 -9.649776 671.977029 -18.010212 -0.472284 0.472305 0.744228 -0.137120 0.794680 -0.591339 -0.870716 -0.381329 -0.310553
19.521918 -9.443853 -1358.007468 23.705329 -0.720256 0.384041 0.577706 0.035329 0.852005 -0.522340 -0.692809 -0.355809 -0.627229
18.289225 -8.493181 -703.289952 47.092260 -0.664183 0.433716 0.608893 0.211391 0.890218 -0.403518 -0.717060 -0.139295 -0.682951
16.696720 -8.509448 422.813761 54.917160 -0.434820 0.487964 0.756850 0.262144 0.872651 -0.412020 -0.861517 0.019250 -0.507363
-0.154258 -10.300076 -6.359908 102.858410 0.792184 0.295005 -0.534244 0.560693 -0.006164 0.828001 -0.240972 0.955476 0.170290
-0.141664 -11.692201 -6.476286 51.445208 0.783169 0.290666 -0.549690 0.494911 0.243800 0.834041 -0.376442 0.925243 -0.047083
0.134489 -10.765036 -13.095024 105.762642 0.783573 0.300490 -0.543800 0.562577 0.028289 0.826261 -0.263666 0.953365 0.146882
-0.341134 -11.279644 -4.819729 56.967853 0.788032 0.283041 -0.546712 0.504408 0.212291 0.836962 -0.352957 0.935318 -0.024524
0.145422 -9.339451 -13.935428 104.083836 0.804106 0.299340 -0.513624 0.578251 -0.193296 0.792630 -0.137984 0.934362 0.328524
-0.161959 -8.764406 -5.960686 98.050442 0.813490 0.292528 -0.502654 0.569278 -0.223702 0.791126 -0.118982 0.929723 0.348509
-0.335519 -9.808168 -5.659467 96.282990 0.799243 0.288696 -0.527129 0.558965 -0.034785 0.828462 -0.220837 0.956789 0.189173
0.153322 -15.005376 -8.981791 167.407638 0.076032 -0.070187 0.994632 0.741504 0.670883 -0.009341 -0.666626 0.738234 0.103052
-0.174035 -13.495608 -15.261460 101.108748 0.062983 -0.077209 0.995024 0.892566 0.450402 -0.021549 -0.446496 0.889481 0.097282
0.114512 -12.988572 -4.514679 135.341916 0.087911 -0.059163 0.994370 0.819664 0.571552 -0.038459 -0.566058 0.818430 0.098740
-0.492961 -13.701616 -19.636321 109.844656 0.049749 -0.090455 0.994657 0.856156 0.516701 0.004167 -0.514317 0.851374 0.103149
0.450947 -14.952805 -0.091752 145.262854 0.111501 -0.043802 0.992799 0.630140 0.775621 -0.036551 -0.768434 0.629677 0.114084
0.711596 -17.714677 -9.944049 146.035766 0.080959 -0.070065 0.994252 0.499653 0.865987 0.020340 -0.862434 0.495134 0.105118
-0.011760 -15.575514 -17.496214 128.274634 0.052881 -0.092258 0.994330 0.675100 0.737011 0.032480 -0.735829 0.669554 0.101257
-1.240551 -9.604533 35.662904 41.730603 0.705221 0.254082 -0.661896 0.603500 0.274830 0.748502 -0.372090 0.927314 -0.040478
-1.952753 -11.459929 42.307508 162.065231 0.728036 0.259994 -0.634324 0.514890 0.403515 0.756349 -0.452606 0.877256 -0.159905
-2.398088 -8.995480 -37.391873 58.582827 -0.641092 -0.265461 0.720091 0.645090 0.321907 0.692990 -0.415764 0.908794 -0.035126
-0.707560 -11.088831 30.018006 78.801593 0.761278 0.259741 -0.594130 0.478607 0.393109 0.785112 -0.437484 0.882043 -0.174951
-1.339185 -9.209724 -38.254427 -98.103471 -0.587338 -0.213512 0.780670 0.748344 0.224098 0.624308 -0.308244 0.950891 0.028159
-0.189047 -10.330075 20.777136 37.872780 0.729527 0.259111 -0.632970 0.590630 0.228001 0.774062 -0.344886 0.938550 -0.013294
-0.417585 -9.985861 -39.662248 -49.635056 -0.666350 -0.218797 0.712815 0.704564 0.128151 0.697973 -0.244063 0.967318 0.068763
0.145116 -6.827736 25.099070 19.597915 0.365241 0.473926 -0.801245 -0.188035 0.880526 0.435105 0.911725 -0.008256 0.410718
0.211224 -6.721459 26.298092 28.705981 0.369474 0.441432 -0.817696 -0.272485 0.892746 0.358826 0.888392 0.090233 0.450130
-0.274209 -6.388865 20.968474 20.100592 0.371444 0.461611 -0.805571 -0.189461 0.887075 0.420955 0.908919 -0.003737 0.416956
-0.203357 -5.845717 18.941350 -46.464363 0.363348 0.521528 -0.772002 -0.105524 0.846341 0.522083 0.925658 -0.108233 0.362550
0.700146 -27.000324 -11.737439 694.608174 -0.176050 -0.150457 0.972815 0.291206 0.936058 0.197471 -0.940322 0.318055 -0.120979
1.129349 -19.742253 -20.704861 391.446187 -0.190917 -0.149656 0.970131 0.480366 0.847638 0.225294 -0.856037 0.509031 -0.089939
1.710425 -26.985921 -92.784300 780.934089 -0.192467 -0.149024 0.969922 0.309656 0.928678 0.204133 -0.931166 0.339631 -0.132594
0.688878 -20.398041 29.711621 318.740969 -0.171410 -0.129651 0.976632 0.460378 0.865872 0.195749 -0.871017 0.483173 -0.088731
1.625483 -31.697255 -107.695265 783.810788 -0.188600 -0.156237 0.969546 0.062735 0.983330 0.170662 -0.980048 0.093011 -0.175655
0.163780 -26.406820 34.283758 554.936132 -0.158307 -0.135958 0.977985 0.264341 0.948484 0.174646 -0.951348 0.286169 -0.114212
0.304821 -30.799886 -23.235206 635.083153 -0.168502 -0.166167 0.971594 0.038961 0.983795 0.175011 -0.984931 0.067344 -0.159298
11.761748 -2.771696 198.558617 -62.418115 -0.321286 0.909254 0.264636 0.826891 0.133163 0.546369 -0.461549 -0.394366 0.794637
11.750027 -2.837872 307.974435 -46.189035 -0.050761 0.990858 0.124997 0.871615 -0.017148 0.489892 -0.487556 -0.133817 0.862776
9.134045 -3.197078 261.335857 -68.536033 -0.081485 0.987894 0.132004 0.900489 0.016206 0.434577 -0.427177 -0.154280 0.890908
1.072653 -13.021848 7.064385 -116.529574 0.332328 0.086825 -0.939159 -0.281437 0.959518 -0.010881 0.900195 0.267930 0.343310
1.111684 -13.789840 17.174409 -167.798163 0.322282 0.064449 -0.944447 -0.437214 0.895030 -0.088118 0.839630 0.441325 0.316630
0.875271 -12.941419 25.764480 -70.661541 0.307299 0.056446 -0.949937 -0.320402 0.946093 -0.047431 0.896052 0.318937 0.308819
15.857017 -19.601708 711.598821 447.146852 -0.067183 -0.097813 0.992935 0.147874 0.983216 0.106861 -0.986722 0.154008 -0.051592
28.128430 -18.076134 754.350281 351.329211 -0.179101 0.001260 0.983830 0.328508 0.942682 0.058596 -0.927365 0.333690 -0.169249
27.520889 -17.878520 1963.228227 251.622559 0.011994 -0.107730 0.994108 0.305127 0.947156 0.098961 -0.952236 0.302142 0.044231
16.067807 -18.565284 1332.063071 295.430039 0.086885 -0.206071 0.974672 0.258979 0.949406 0.177643 -0.961967 0.236985 0.135857
-11.199379 -20.217815 198.614374 -447.706973 0.126998 -0.384624 -0.914295 0.991894 0.053125 0.115429 0.004175 -0.921543 0.388253
-10.175136 -17.771700 149.018960 -196.161906 0.093319 -0.371156 -0.923869 0.985977 -0.094491 0.137553 -0.138351 -0.923750 0.357134
-9.609081 -19.109068 318.956787 -226.632879 0.075986 -0.249939 -0.965275 0.994742 0.085670 0.056124 0.068668 -0.964464 0.255135
-10.981950 -17.785074 -63.985425 -304.429562 0.220103 -0.518583 -0.826212 0.956881 -0.049813 0.286179 -0.189564 -0.853575 0.485258
-10.357748 -20.571627 425.950794 -384.058351 0.121239 -0.244731 -0.961981 0.972484 0.223513 0.065700 0.198937 -0.943477 0.265095
-12.208176 -21.892129 -155.413618 -558.696354 0.215224 -0.569354 -0.793419 0.975244 0.083065 0.204939 -0.050778 -0.817885 0.573137
-13.398006 -23.610992 10.014001 -571.230162 0.204533 -0.491196 -0.846695 0.970463 0.214810 0.109813 0.127939 -0.844147 0.520623
-12.771222 -22.750230 426.547363 -431.329318 0.190057 -0.332595 -0.923720 0.957220 0.271876 0.099058 0.218192 -0.903030 0.370039
1.240632 -0.767864 4.482850 -23.757764 0.303581 0.663045 -0.684259 -0.257939 0.748526 0.610882 0.917227 -0.008955 0.398263
1.130358 -0.562674 -10.833922 56.481900 0.292187 0.774581 -0.560937 0.288719 -0.630610 -0.720398 0.911739 -0.048538 0.407892
1.349836 -1.149844 -29.005715 30.160750 0.329979 0.749110 -0.574411 0.297526 -0.660012 -0.689828 0.895875 -0.056726 0.440670
0.969872 -1.209281 -33.719871 37.155831 0.306846 0.846970 -0.434152 0.329402 -0.522472 -0.786459 0.892939 -0.098311 0.439312
0.698480 -1.983064 -45.587564 27.386058 0.382260 0.724871 -0.573096 0.287096 -0.682668 -0.671967 0.878324 -0.092333 0.469064
182.383577 -14.904486 -19101.648035 1587.847983 -0.317543 -0.384262 0.866896 0.925126 -0.326180 0.194289 0.208106 0.863684 0.459067
116.122856 -16.750293 -12054.820160 922.642894 -0.260122 -0.378863 0.888144 0.951592 -0.256558 0.169262 0.163733 0.889180 0.427259
138.917090 -20.193112 -12666.072107 1563.494112 -0.202043 -0.380933 0.902258 0.955020 -0.280809 0.095301 0.217059 0.880929 0.420534
43.265944 -6.853074 3122.221046 117.977727 0.134608 0.363716 -0.921733 0.953264 -0.301459 0.020257 -0.270497 -0.881382 -0.387296
90.341918 -10.957290 -8992.980867 -220.552458 -0.494076 -0.271225 0.826030 0.839003 -0.397848 0.371203 0.227955 0.876444 0.424125
50.396380 -14.966935 3989.644431 80.360666 0.201638 0.351919 -0.914054 0.963797 -0.237516 0.121165 -0.174463 -0.905394 -0.387071
21.337214 0.706995 909.810770 421.254247 0.245786 -0.156163 0.956662 -0.034744 0.984884 0.169697 -0.968701 -0.074947 0.236645
20.921099 2.710890 976.259358 212.998989 0.245769 -0.117600 0.962168 -0.104192 0.983657 0.146840 -0.963712 -0.136339 0.229500
14.764447 0.904948 1034.047058 441.131476 0.393631 -0.066796 0.916839 -0.052514 0.994094 0.094971 -0.917767 -0.085531 0.387798
23.671332 2.734723 933.337607 285.295016 0.155573 -0.175857 0.972045 -0.082811 0.978240 0.190232 -0.984347 -0.110091 0.137625
12.694388 -4.746344 976.980664 532.811451 0.439122 -0.216261 0.872011 -0.013142 0.968947 0.246920 -0.898331 -0.119888 0.422644
17.693692 -0.578833 -192.827889 410.705753 0.029559 -0.168468 0.985264 -0.035029 0.984915 0.169459 -0.998949 -0.039521 0.023212
22.045396 2.325958 364.156413 308.386535 0.056696 -0.203144 0.977506 -0.072123 0.975690 0.206949 -0.995783 -0.082234 0.040666
16.132511 -4.767196 669.598400 376.090374 0.276704 -0.186232 0.942737 -0.066459 0.974984 0.212108 -0.958654 -0.121345 0.257405
11.854813 -37.066488 203.440745 1362.677099 -0.682990 0.728917 0.046951 -0.488046 -0.503231 0.713141 -0.543448 -0.464154 -0.699446
11.502840 -39.224857 394.893015 -1347.054549 0.735692 -0.672617 0.079645 0.506530 0.468306 -0.723960 -0.449649 -0.572954 -0.685229
13.909972 -39.443054 238.129848 804.106854 -0.706780 0.706860 0.028472 -0.602028 -0.622120 0.500528 -0.371517 -0.336623 -0.865252
12.280446 -36.211562 450.764848 595.762855 -0.656722 0.729604 0.190771 -0.593110 -0.655936 0.466871 -0.465764 -0.193456 -0.863503
14.354431 -38.821471 460.949692 430.991848 -0.708362 0.695261 0.121799 0.678911 0.718324 -0.151957 -0.193140 -0.024950 -0.980854
-5.766985 -116.193692 -289.448530 3251.545323 -0.683313 0.726036 0.077167 0.082157 0.181478 -0.979957 0.725488 0.663278 0.183655
-9.234432 -118.391038 328.749694 -2735.198107 0.721733 -0.688972 -0.066473 -0.072217 -0.170465 0.982714 0.688394 0.704457 0.172786
-5.927171 -117.544346 -526.993816 1633.121401 -0.684363 0.725564 0.072142 0.338823 0.404064 -0.849665 0.645637 0.557036 0.522364
-8.017911 -112.486597 264.722100 -3280.838915 0.712092 -0.697570 -0.079508 0.171813 0.063339 0.983091 0.680739 0.713712 -0.164955
-0.479351 -109.537271 -329.011656 -208.041246 -0.644495 0.763201 0.046378 0.394607 0.383959 -0.834782 0.654913 0.519711 0.548625
-6.299753 -110.729210 -172.826604 3653.581022 -0.681036 0.727738 0.081163 -0.170695 -0.049991 -0.984055 0.712077 0.684031 -0.158266
-3.254300 -114.380143 -132.628189 630.772460 -0.660728 0.747828 0.064737 0.121400 0.191572 -0.973942 0.740743 0.635651 0.217364
-40.242335 -501.005697 -2847.504674 -36862.114418 -0.719845 0.639382 0.270212 0.606232 0.768701 -0.203915 -0.338092 0.017024 -0.940959
-34.684963 -1119.160452 2196.514886 67574.043674 0.663655 -0.677330 -0.317467 0.534347 0.132259 0.834854 0.523484 0.723693 -0.449704
-99.520188 -1278.094765 -5311.302372 -146260.503821 -0.752480 0.516385 0.408804 0.028966 0.646049 -0.762746 -0.657978 -0.562109 -0.501096
-26.888298 -870.748266 2691.965363 7530.060417 0.765687 -0.583938 -0.269703 -0.169851 0.220863 -0.960401 -0.620382 -0.781176 -0.069929
2.847574 -5.461581 -69.944894 -33.432648 0.347515 0.580472 -0.736400 -0.773736 0.621155 0.124495 0.529685 0.526516 0.664993
2.558153 -5.120672 -59.318970 -23.650364 0.341850 0.589887 -0.731554 -0.727024 0.659262 0.191861 0.595462 0.466269 0.654231
1.928785 -5.565929 -68.612833 -34.230137 0.365816 0.599074 -0.712243 -0.769273 0.625369 0.130896 0.523831 0.500025 0.689620
1.118784 -5.728198 -53.492533 -29.872559 0.386892 0.602721 -0.697884 -0.764067 0.633242 0.123311 0.516252 0.485522 0.705515
1.138037 -6.096107 58.549594 22.559992 -0.399013 -0.586739 0.704646 0.811613 -0.583600 -0.026363 0.426699 0.561381 0.709069
9.304498 -5.149586 319.495150 -18.070027 -0.394407 -0.496212 0.773444 0.823126 0.183424 0.537419 -0.408542 0.848604 0.336102
10.553024 -5.793719 -70.324798 -13.856563 -0.481680 -0.386573 0.786477 0.833030 0.076690 0.547887 -0.272113 0.919065 0.285087
7.463677 -5.605408 403.760873 -31.924425 -0.414887 -0.530678 0.739086 0.843819 0.079436 0.530716 -0.340350 0.843843 0.414839
-2.808528 -4.384204 -94.986532 11.893743 0.340702 0.900710 -0.269527 0.146190 -0.333944 -0.931187 0.928736 -0.277855 0.245450
-0.914902 -4.056564 -67.610070 8.418003 0.298401 0.954409 -0.007806 0.209814 -0.073573 -0.974969 0.931093 -0.289294 0.222202
-1.531207 -3.779586 -97.253662 56.600860 0.305819 0.947282 -0.095558 0.121203 -0.138284 -0.982948 0.944343 -0.289023 0.157104
-3.267969 -4.572965 -16.453108 78.678758 0.322472 0.697170 -0.640286 -0.036155 -0.666855 -0.744310 0.945888 -0.263168 0.189836
-3.930748 -5.678038 -3.626672 -140.103834 0.353515 0.491955 -0.795617 0.054650 0.838223 0.542582 0.933831 -0.235291 0.269439
4.261963 -6.513279 -22.393596 86.198890 -0.516591 -0.498603 0.696081 -0.061680 0.832516 0.550556 -0.854008 0.241478 -0.460824
5.126029 -5.401891 -45.711987 72.525485 -0.492989 -0.550807 0.673478 -0.015639 0.779566 0.626124 -0.869895 0.298140 -0.392932
5.106979 -5.804997 -98.298579 22.439945 -0.476436 -0.554839 0.682028 -0.097609 0.804313 0.586134 -0.873774 0.212684 -0.437361
4.683929 -5.514221 45.954557 113.728633 -0.535426 -0.481335 0.694000 0.020245 0.814157 0.580292 -0.844339 0.324753 -0.426176
4.489833 -6.532497 -92.020064 59.551843 -0.512877 -0.448657 0.731890 -0.116851 0.881111 0.458247 -0.850472 0.149502 -0.504328
4.221895 -6.972749 53.689780 127.785179 -0.549751 -0.457360 0.698997 -0.037292 0.849396 0.526437 -0.834496 0.263343 -0.484011
4.117061 -7.349927 -35.108055 76.254383 -0.538694 -0.444104 0.715947 -0.112137 0.880022 0.461505 -0.835006 0.168326 -0.523863
-290.444643 -373.258053 45170.379463 -47632.202875 0.558096 0.803922 -0.205521 -0.780008 0.592764 0.200546 -0.283048 -0.048384 -0.957884
-217.755210 -4044.526858 92150.349963 -739022.380249 0.794726 0.605713 0.039003 -0.576094 0.732509 0.362693 -0.191118 0.310711 -0.931092
-2325.015076 -143660.573772 626430.515043 16553503.971913 0.043427 0.971817 -0.231703 0.997231 -0.028153 0.068826 0.060363 -0.234050 -0.970349
-6.151964 -38.761187 -34.367131 635.404916 0.791540 -0.168787 0.587346 0.040117 0.973380 0.225658 -0.609799 -0.155055 0.777241
0.453960 -53.890185 -24.263942 2181.627235 -0.707617 0.634561 -0.310823 0.195632 0.598633 0.776767 -0.678975 -0.488846 0.547743
-4.509868 -8.766353 -28.734284 349.018291 -0.540571 0.821758 -0.180266 0.588087 0.522321 0.617522 -0.601611 -0.227802 0.765617
-5.319736 -13.523424 88.667453 727.553360 0.775785 0.098980 0.623186 -0.221545 0.967472 0.122133 -0.590826 -0.232813 0.772478
-4.594029 -5.888045 104.971800 125.471751 0.685576 0.389226 0.615215 -0.431221 0.897985 -0.087585 -0.586544 -0.205247 0.783479
1.974233 -5.752571 -51.358008 41.110162 0.959331 -0.277419 -0.052178 0.252298 0.759747 0.599275 0.126608 0.588068 -0.798841
0.787049 -8.168462 -21.067874 257.814852 0.996237 -0.042868 0.075324 -0.005045 0.838949 0.544187 0.086521 0.542519 -0.835576
2.641589 -4.260336 -75.407382 -42.304473 0.917689 -0.387918 -0.085830 0.368913 0.751805 0.546528 0.147480 0.533206 -0.833031
0.673354 -14.261648 23.175847 537.511435 0.990093 0.049049 0.131569 -0.114653 0.823331 0.555860 0.081061 0.565438 -0.820798
2.633030 -6.088397 -15.035206 -118.434682 0.924136 -0.381092 -0.027238 0.323108 0.741498 0.588032 0.203897 0.552222 -0.808379
2.601517 -6.445970 -21.978614 -54.744210 0.932683 -0.354314 -0.067562 0.313079 0.702205 0.639445 0.179122 0.617552 -0.765863
1.454378 -8.504710 -1.765086 195.882312 0.988492 -0.150742 0.012695 0.107439 0.758647 0.642582 0.106495 0.633823 -0.766112
-1.351856 -162.709330 34.733702 11637.510726 0.899237 -0.142446 0.413620 -0.329604 -0.842292 0.426504 -0.287635 0.519858 0.804371
-2.213414 -374.338732 161.247918 33297.246478 0.885103 -0.135386 0.445267 -0.318392 -0.873964 0.367168 -0.339438 0.466751 0.816655
-1.849184 -220.166472 86.135589 -16858.812034 0.881762 -0.189598 0.431913 0.215258 0.976498 -0.010799 -0.419715 0.102495 0.901850
-1.228630 -151.856979 37.869201 -11097.345454 0.886096 -0.191695 0.422002 0.241247 0.968164 -0.066767 -0.395769 0.160969 0.904133
-1.010150 -107.042828 38.419455 5563.294582 0.897006 -0.185345 0.401282 -0.374406 -0.801143 0.466894 -0.234948 0.569049 0.788024
-5.465125 -20.614901 379.756050 115.233178 0.982579 -0.185831 -0.002228 -0.057052 -0.290209 -0.955261 -0.176871 -0.938747 0.295756
-2.671315 -16.123009 98.824603 81.495593 0.957548 -0.230326 -0.173354 -0.223766 -0.214742 -0.950692 -0.181742 -0.949124 0.257165
-3.908983 -17.750218 185.532331 -134.596599 0.986087 -0.158521 -0.050033 -0.109111 -0.390164 -0.914258 -0.125408 -0.906997 0.402032
-6.191754 -19.157548 242.131575 -322.825430 0.988092 -0.127008 0.086854 0.010030 -0.510110 -0.860051 -0.153539 -0.850680 0.502762
-4.620302 -13.062027 47.722734 -336.878237 0.989587 -0.089074 0.113066 0.039091 -0.589678 -0.806692 -0.138528 -0.802711 0.580056
10.943442 -8.474458 -185.919231 -110.955511 0.461226 0.091474 -0.882555 0.380722 0.878047 0.289973 0.801450 -0.469751 0.370152
13.549212 -8.847406 -335.475533 79.368925 0.418732 0.059257 -0.906174 0.435831 0.862322 0.257782 0.796690 -0.502880 0.335256
9.710655 -8.458738 -243.884869 157.836103 0.542628 -0.025277 -0.839593 0.417213 0.875641 0.243281 0.729032 -0.482300 0.485694
8.854077 -7.538048 -92.955533 -94.567537 0.569530 0.042834 -0.820854 0.340160 0.896833 0.282810 0.748283 -0.440290 0.496203
9.561929 -9.592882 -65.717264 -268.354604 0.497895 0.124887 -0.858198 0.282735 0.912134 0.296769 0.819854 -0.390402 0.418837
11.192003 -10.469183 -216.228144 -232.518293 0.423183 0.157403 -0.892267 0.310432 0.899999 0.305998 0.851204 -0.406481 0.332001
-8.221441 -9.192743 -44.500742 17.105910 -0.176196 0.047076 -0.983229 -0.312533 0.944498 0.101228 0.933423 0.325128 -0.151704
-7.501427 -8.841436 -47.871434 9.911618 0.051662 -0.094815 -0.994154 -0.392815 0.913311 -0.107517 0.918165 0.396073 0.009939
-8.017730 -9.293232 -33.579966 20.206559 -0.107144 0.110727 -0.988059 -0.179185 0.975356 0.128734 0.977964 0.190839 -0.084663
-2.923015 -7.756689 165.053989 11.509324 -0.357898 0.207850 0.910334 -0.138651 0.952275 -0.271936 -0.923410 -0.223544 -0.311999
-4.857009 -8.511202 109.526153 22.584972 -0.427214 0.371027 0.824517 -0.013247 0.909257 -0.416024 -0.904054 -0.188653 -0.383532
-3.197267 -8.128003 205.852458 -29.724899 -0.356521 0.160792 0.920347 -0.238834 0.936664 -0.256162 -0.903245 -0.311137 -0.295538
-3.702700 -7.613427 104.136512 52.784970 -0.378578 0.327546 0.865674 0.034570 0.939640 -0.340414 -0.924924 -0.098947 -0.367050
-1.641627 -7.112358 156.396831 17.734306 -0.326905 0.112546 0.938332 -0.135358 0.977071 -0.164349 -0.935313 -0.180737 -0.304176
-1.378558 -5.126018 -3.116012 -101.704340 0.275899 0.848543 0.451503 0.195167 0.410495 -0.890732 0.941164 -0.333870 0.052352
-0.307121 -4.266448 63.371804 -30.081095 0.203843 0.720853 0.662434 0.310862 0.593965 -0.742004 0.928339 -0.357178 0.103010
-1.024151 -5.041057 63.697416 -69.697605 0.265643 0.841003 0.471326 0.246341 0.413449 -0.876571 0.932068 -0.348962 0.097343
-1.591568 -6.005008 16.550531 -99.808316 0.312926 0.900685 0.301403 0.118149 0.277961 -0.953299 0.942400 -0.333922 0.019434
-1.783072 -5.930080 -20.730966 -80.648010 0.310994 0.902588 0.297688 0.054453 0.295784 -0.953702 0.948851 -0.312805 -0.042838
-1.771482 -5.135786 -28.505839 -103.272261 0.273654 0.857665 0.435344 0.132123 0.414811 -0.900264 0.952710 -0.303880 -0.000197
0.872458 -2.984642 -54.673316 27.475707 0.426235 0.871939 -0.240926 -0.499832 0.448988 0.740660 -0.753984 0.195273 -0.627198
0.165071 -2.801793 -66.291889 -13.001161 0.443131 0.852158 -0.278320 -0.516028 0.496346 0.698109 -0.733042 0.165733 -0.659683
0.873313 -2.950835 -44.464088 -32.571661 0.469728 0.832918 -0.292580 -0.511325 0.526858 0.678945 -0.719654 0.169316 -0.673372
1.031564 -12.888521 -14.455267 -146.866453 0.760652 0.648098 0.037113 0.285656 -0.385509 0.877373 -0.582931 0.656774 0.478371
0.546748 -11.100075 -8.541303 -110.499908 0.741571 0.670040 -0.033457 0.247259 -0.226614 0.942077 -0.623647 0.706889 0.333724
1.504188 -14.581407 -15.499893 -191.452192 0.759508 0.649799 -0.030140 0.345951 -0.364254 0.864660 -0.550876 0.667143 0.501453
2.098923 -15.922583 -33.417289 -177.446297 0.779420 0.625171 0.040814 0.383613 -0.527739 0.757847 -0.495323 0.575024 0.651154
1.369074 -14.228583 -25.620725 -152.905209 0.779062 0.619083 0.098990 0.323395 -0.532084 0.782497 -0.537102 0.577600 0.614735
0.684996 -17.029706 7.593513 -159.553201 -0.224026 -0.332340 0.916167 0.747247 0.544910 0.380388 -0.625647 0.769820 0.126266
1.171945 -14.044233 26.664224 -116.549785 -0.289215 -0.358755 0.887496 0.705479 0.546778 0.450925 -0.647035 0.756524 0.094958
0.664498 -18.487423 9.867269 -509.137053 -0.247218 -0.325243 0.912743 0.790850 0.476541 0.384011 -0.559857 0.816777 0.139409
0.737278 -2.633668 85.908331 -22.035498 0.504124 0.773707 -0.383715 -0.666546 0.631088 0.396793 -0.549159 -0.055730 -0.833858
3.027442 -2.489732 -149.445106 -26.123557 -0.595069 -0.673235 0.438916 -0.593980 0.736309 0.324093 -0.541369 -0.067850 -0.838043
1.954931 -2.614177 -81.214053 -80.043668 0.416110 0.792590 -0.445705 -0.742663 0.579054 0.336373 -0.524694 -0.191040 -0.829578
0.824225 -3.487314 -181.445185 -108.000589 0.200149 0.932847 -0.299561 -0.839029 0.321074 0.439251 -0.505935 -0.163425 -0.846949
0.790656 -16.626063 -17.120373 -13.404634 0.363762 0.924897 -0.110644 -0.438638 0.065295 -0.896289 0.821750 -0.374569 -0.429447
0.771662 -17.272492 -13.038123 -2.581460 0.342905 0.928869 -0.140069 -0.591534 0.097686 -0.800340 0.729728 -0.357296 -0.582955
0.439967 -16.157815 -5.673943 -35.871982 0.358968 0.924054 -0.131399 -0.431809 0.039611 -0.901095 0.827456 -0.380203 -0.413234
0.927614 -19.052119 -20.343889 -120.057439 0.329336 0.933085 -0.144531 -0.579182 0.078745 -0.811386 0.745711 -0.350929 -0.566360
0.319425 -15.976637 -4.197959 -3.289245 0.363648 0.924942 -0.110645 -0.278141 -0.005548 -0.960524 0.889043 -0.380067 -0.255246
0.611553 -16.724629 -16.599332 62.086444 0.372853 0.924483 -0.079446 -0.284035 0.032204 -0.958273 0.883349 -0.379861 -0.274593
1.270412 -17.702311 -42.007660 -55.588923 0.374097 0.923144 -0.088634 -0.417629 0.082361 -0.904877 0.828032 -0.375528 -0.416343
-1.240268 -17.442089 -14.572294 -100.020726 0.323595 -0.434170 0.840704 -0.387719 0.749646 0.536382 -0.863111 -0.499527 0.074245
-1.515586 -17.127666 -14.710900 -162.002314 0.333901 -0.394163 0.856239 -0.363501 0.784268 0.502783 -0.869700 -0.479123 0.118589
-1.003594 -18.896829 -11.240641 -95.674390 0.311378 -0.418985 0.852933 -0.201305 0.848102 0.490101 -0.928720 -0.324306 0.179737
-0.936913 -19.036708 -4.891403 -14.539137 0.307962 -0.443018 0.841959 -0.231862 0.823338 0.518029 -0.922713 -0.354752 0.150837
-8.625334 -48.676902 108.477598 816.357602 0.850806 -0.465185 -0.244400 -0.013267 0.445936 -0.894967 -0.525312 -0.764685 -0.373233
-7.851037 -34.557964 185.855715 995.101189 0.824586 -0.337207 -0.454258 -0.211462 0.561037 -0.800326 -0.524731 -0.755995 -0.391317
-8.866753 -28.919946 55.581438 106.121456 0.806975 -0.582671 -0.096370 0.289470 0.532461 -0.795420 -0.514781 -0.613987 -0.598348
0.196031 -32.204840 -40.216087 145.550958 -0.250398 0.575545 -0.778491 0.934526 -0.066369 -0.349653 -0.252909 -0.815072 -0.521243
0.279846 -31.078794 -7.945940 636.675754 -0.226653 0.582589 -0.780524 0.884041 -0.213284 -0.415910 -0.408778 -0.784283 -0.466692
-0.325005 -34.243946 -49.663678 -608.148246 -0.288070 0.567453 -0.771371 0.914307 -0.076505 -0.397730 -0.284706 -0.819844 -0.496788
0.160450 -34.245264 -52.068834 -914.255919 -0.293904 0.560920 -0.773944 0.950339 0.084774 -0.299450 -0.102357 -0.823518 -0.557979
3.188452 -36.458931 148.691732 105.348483 -0.365483 0.547124 -0.753046 -0.598345 0.481628 0.640326 -0.713025 -0.684610 -0.151342
2.481284 -37.584776 -53.775899 -34.613923 -0.377604 0.515818 -0.768991 0.717945 -0.361382 -0.594944 -0.584782 -0.776746 -0.233870
3.348718 -36.983825 -29.248878 -321.999970 -0.366234 0.530091 -0.764772 -0.581298 0.511439 0.632868 -0.726612 -0.676338 -0.120835
7.609641 -17.989718 -112.857520 314.563656 -0.028150 0.842320 -0.538243 0.032900 -0.537383 -0.842696 0.999062 0.041430 0.012585
6.778677 -15.547384 -173.375969 59.827978 -0.016143 0.766456 -0.642094 -0.118460 -0.639121 -0.759929 0.992828 -0.063795 -0.101112
4.767204 -15.790565 -127.123957 178.023630 0.037625 0.867188 -0.496558 0.008532 -0.497171 -0.867611 0.999256 -0.028407 0.026105
7.044241 -18.572610 -184.736394 475.221844 0.031586 0.928789 -0.369260 0.182045 -0.368611 -0.911584 0.982783 0.038428 0.180724
3.293374 -16.565396 -163.978869 536.597827 0.073487 0.953303 -0.292939 0.163754 -0.301281 -0.939369 0.983760 -0.021061 0.178248
2.333868 -12.792843 -189.797895 111.332043 0.099567 0.888559 -0.447828 0.029026 -0.452467 -0.891309 0.994607 -0.075746 0.070842
3.306337 -13.648313 -155.869780 -224.383246 0.090211 0.785156 -0.612692 -0.087444 -0.606580 -0.790199 0.992076 -0.124861 -0.013937
2.164687 -6.101866 -120.337517 23.695922 0.471071 0.416949 -0.777333 0.203411 0.806137 0.555668 0.858322 -0.419877 0.294936
2.287261 -5.562936 -102.507903 46.364901 0.468262 0.429446 -0.772209 0.110856 0.838486 0.533527 0.876608 -0.335435 0.345025
2.680645 -6.163416 0.727931 26.202136 0.394269 0.462170 -0.794324 0.206612 0.797634 0.566649 0.895469 -0.387529 0.218993
-96.215263 -247.634991 6451.802521 12464.926062 0.867849 0.474749 0.146463 -0.053576 0.382503 -0.922400 0.493931 -0.792657 -0.357390
-108.966936 -385.143886 6970.408030 -1016.536606 0.949065 0.254938 0.185153 0.225973 -0.141231 -0.963841 0.219570 -0.956588 0.191647
-645.264952 -1283.444306 93581.379458 127679.820588 -0.010624 0.335723 -0.941901 0.967813 0.240315 0.074739 0.251445 -0.910790 -0.327471
-0.995574 -96.505313 -68.707939 -6552.571046 0.819206 0.467996 0.331483 0.571635 -0.712900 -0.406210 -0.046210 -0.522257 0.851535
-0.759025 -113.715959 -65.084639 -5999.086562 0.846072 0.454741 0.278161 0.496270 -0.481411 -0.722468 0.194626 -0.749302 0.632982
-1.592347 -85.611969 -117.861002 -5249.922272 0.829565 0.459608 0.317147 0.558155 -0.699631 -0.446071 -0.016868 -0.547062 0.836922
-3.356634 -63.795500 -260.739506 -3362.437895 0.854572 0.381136 0.352765 0.459647 -0.871253 -0.172170 -0.241727 -0.309279 0.919736
-3.935716 -59.788761 -156.446317 -3401.253586 0.819442 0.467783 0.331199 0.526668 -0.842513 -0.113104 -0.226131 -0.267114 0.936757
-2.881908 -98.546470 -97.250436 -6370.541505 0.821129 0.488285 0.295508 0.570736 -0.705020 -0.420960 -0.002791 -0.514319 0.857594
2.327956 -9.233670 -59.115032 -41.929147 0.640425 0.580616 -0.502734 0.762087 -0.399199 0.509768 0.095289 -0.709595 -0.698137
1.698386 -10.644163 -33.045882 -0.825035 0.670906 0.542049 -0.506032 0.732203 -0.376277 0.567709 0.117318 -0.751398 -0.649337
2.099385 -10.430067 -20.646060 -122.049192 0.635236 0.604800 -0.480305 0.746181 -0.320193 0.583688 0.199224 -0.729173 -0.654688
-1.301009 -9.083228 -23.116044 9.561692 0.764130 0.644862 0.016067 -0.636157 0.749222 0.184313 -0.106819 0.151060 -0.982736
-1.181676 -8.560242 -9.026200 25.535877 0.762296 0.645930 0.040971 -0.638740 0.740572 0.208722 -0.104478 0.185278 -0.977116
-0.700238 -9.164769 14.414365 -25.617906 -0.829115 -0.559000 -0.009334 -0.558547 0.828940 -0.029723 0.024352 -0.019430 -0.999515
-8.761856 -11.444568 6.334491 302.320279 -0.638367 0.372282 0.673717 0.332791 0.922715 -0.194544 -0.694074 0.100016 -0.712923
-6.002938 -10.005660 -22.363194 45.548381 -0.731943 -0.318313 0.602442 -0.182072 0.943389 0.277249 -0.656589 0.093243 -0.748463
-4.904590 -9.482449 49.112083 26.469972 -0.719819 -0.497242 0.484366 -0.317626 0.856372 0.407113 -0.617231 0.139201 -0.774370
-4.207474 -5.869528 115.822796 8.649800 -0.009964 0.459829 0.887952 0.847425 0.475274 -0.236613 -0.530822 0.750115 -0.394406
-4.861226 -6.425746 26.168434 9.215335 0.385730 0.661275 0.643372 0.768165 0.156052 -0.620943 -0.511014 0.733732 -0.447774
-93.760867 -198.361027 -4753.440001 18345.903938 0.479554 -0.528848 -0.700249 0.650299 -0.321615 0.688240 -0.589185 -0.785419 0.189677
-99.929852 -301.767561 6812.986996 23632.397555 0.152508 -0.139083 0.978467 -0.294827 0.938566 0.179365 -0.943302 -0.315833 0.102133
-60.785008 -99.531379 -259.038149 3646.489430 -0.478060 0.086716 0.874036 -0.392462 0.869159 -0.300892 -0.785769 -0.486870 -0.381477
-79.015469 -235.377781 2443.470388 24508.722067 0.607652 -0.002032 -0.794201 0.706617 -0.455125 0.541806 -0.362562 -0.890425 -0.275122
0.632848 -2.008606 210.561993 -33.159082 0.431508 0.547789 -0.716748 0.507827 0.509174 0.694876 -0.745595 0.663829 0.058470
-1.344875 -2.961293 94.149125 -137.376854 0.625337 0.710401 -0.322931 0.279287 0.182671 0.942672 -0.728665 0.679678 0.084175
-1.635964 -3.333048 25.944048 -99.213028 0.667043 0.742757 -0.058016 0.122401 -0.032444 0.991950 -0.734896 0.668775 0.112556
0.462239 -7.543096 -45.528505 208.023554 -0.147144 0.446947 -0.882376 0.870712 -0.364701 -0.329930 -0.469264 -0.816843 -0.335498
0.029414 -6.811896 57.697707 115.766175 -0.150454 0.489104 -0.859151 0.876222 -0.336474 -0.344993 -0.457820 -0.804713 -0.377940
25.721993 -10.486020 669.744367 37.139522 -0.502816 0.493838 0.709437 -0.256438 0.698562 -0.668020 -0.825479 -0.517817 -0.224609
26.215774 -9.721554 1687.674558 -23.218476 -0.241067 0.590558 0.770148 -0.258024 0.725991 -0.637464 -0.935580 -0.352388 -0.022634
27.682154 -10.532507 1662.683233 55.640194 -0.343664 0.610910 0.713221 -0.366036 0.612271 -0.700815 -0.864820 -0.501909 0.013199
8.831243 -9.694109 1567.703256 -58.028930 -0.036824 0.567450 0.822584 -0.161136 0.808999 -0.565293 -0.986245 -0.153364 0.061646
7.743045 -7.848227 1216.140771 -75.491164 -0.149205 0.658668 0.737492 -0.294108 0.682523 -0.669076 -0.944054 -0.316732 0.091883
15.521914 -8.826961 1142.625202 -55.229619 -0.222817 0.688584 0.690075 0.358655 -0.600321 0.714829 -0.906487 -0.406776 0.113202
0.102759 -12.014534 -11.207219 40.212231 0.777707 0.294844 -0.555192 0.484770 0.280982 0.828280 -0.400212 0.913300 -0.075590
-0.317700 -12.307242 -5.309351 9.808230 0.779605 0.280747 -0.559818 0.408465 0.449658 0.794332 -0.474734 0.847932 -0.235881
-0.099035 -12.572841 -7.503606 -6.400038 0.775616 0.289572 -0.560863 0.388767 0.480865 0.785894 -0.497273 0.827597 -0.260391
0.068109 -12.783433 -4.124081 -9.243228 0.056802 -0.095083 0.993847 0.916770 0.399162 -0.014208 -0.395355 0.911937 0.109843
-0.674546 -13.398960 -28.870146 13.132177 0.060653 -0.073184 0.995472 0.948595 0.314589 -0.034670 -0.310627 0.946403 0.088503
-3.535117 -12.658876 56.262192 265.634533 0.653699 0.253509 -0.713029 0.590027 0.419256 0.689994 -0.473862 0.871755 -0.124490
0.621399 -6.926745 18.663128 40.956796 0.370262 0.469062 -0.801803 -0.282606 0.879114 0.383786 0.884896 0.084493 0.458062
0.796243 -6.402996 19.218002 31.271949 0.366209 0.461673 -0.807929 -0.369846 0.868932 0.328893 0.853876 0.178366 0.488959
0.447666 -6.299461 31.329874 10.054964 0.373026 0.405263 -0.834634 -0.343612 0.895942 0.281459 0.861848 0.181799 0.473462
2.747188 -17.398102 106.377412 -209.241477 0.006332 0.010132 0.999929 -0.356321 0.934336 -0.007211 -0.934342 -0.356250 0.009527
2.432662 -14.614628 62.893368 89.434603 -0.048100 -0.007285 0.998816 -0.120976 0.992654 0.001414 -0.991489 -0.120765 -0.048628
1.693935 -16.949755 54.708600 188.463157 -0.024714 0.078959 0.996571 -0.085003 0.993100 -0.080792 -0.996074 -0.086708 -0.017832
1.361592 -18.184461 11.081792 460.447701 -0.054474 0.125844 0.990553 0.069460 0.990101 -0.121967 -0.996096 0.062160 -0.062676
2.101078 -18.593701 60.522864 -50.740061 -0.005616 0.060180 0.998172 -0.265911 0.962159 -0.059505 -0.963981 -0.265759 0.010599
1.170898 -16.263202 15.112667 107.593535 -0.199857 -0.151369 0.968062 0.606665 0.756724 0.243570 -0.769425 0.635969 -0.059406
0.507985 -7.884686 7.967318 38.358839 0.941412 0.169274 -0.291702 0.249395 0.232844 0.939992 -0.227038 0.957669 -0.176986
0.103696 -8.401896 1.475310 27.426204 0.943253 0.161206 -0.290322 0.203494 0.410281 0.888965 -0.262420 0.897598 -0.354194
0.285656 -7.805807 -6.216423 31.636608 0.940014 0.159225 -0.301698 0.270858 0.189289 0.943825 -0.207389 0.968926 -0.134807
0.827697 -8.149902 41.653705 11.921711 0.946604 0.155391 -0.282478 0.184885 0.456146 0.870488 -0.264117 0.876233 -0.403060
1.202863 -8.009259 27.478050 35.656261 0.931306 0.185574 -0.313420 0.254793 0.282993 0.924660 -0.260289 0.940998 -0.216270
1.425912 -14.060876 22.838578 -168.167142 0.328621 0.091217 -0.940047 -0.410722 0.910084 -0.055271 0.850480 0.404261 0.336537
1.337314 -15.150361 24.702934 -128.871691 0.325761 0.060829 -0.943493 -0.577334 0.803063 -0.147561 0.748709 0.592781 0.296725
1.033381 -13.080762 -16.459643 -98.950676 0.348249 0.127949 -0.928629 -0.260093 0.964934 0.035413 0.900597 0.229197 0.369316
1.122436 -14.109428 6.474525 -116.191371 0.342961 0.120471 -0.931592 -0.379642 0.924914 -0.020156 0.859214 0.360585 0.362946
1.402312 -15.299197 25.138611 -111.660553 0.334012 0.078786 -0.939270 -0.543895 0.829972 -0.123795 0.769815 0.552213 0.320072
53.419946 -11.965251 4866.278392 285.518213 0.148306 -0.201828 0.968127 0.658732 0.750327 0.055512 -0.737616 0.629503 0.244229
47.002880 -10.068487 1222.033264 241.564758 -0.141863 0.081123 0.986557 0.691691 0.721075 0.040170 -0.708123 0.688091 -0.158406
59.151028 -9.970277 4924.521833 -61.585791 0.084422 -0.107777 0.990584 0.701640 0.712311 0.017704 -0.707512 0.693539 0.135755
39.234216 -11.889947 753.165337 267.932736 -0.169630 0.056149 0.983907 0.580908 0.812189 0.053802 -0.796097 0.580686 -0.170389
39.041851 -11.597607 3910.976361 130.165044 0.245394 -0.290369 0.924915 0.712350 0.701134 0.031117 -0.657525 0.651227 0.378899
43.990541 -14.280195 4144.212882 247.230842 0.149243 -0.182940 0.971730 0.551539 0.831058 0.071749 -0.820689 0.525239 0.224928
26.247274 -14.361576 2913.057720 371.840261 0.252256 -0.325998 0.911094 0.651694 0.753233 0.089079 -0.715306 0.571283 0.402458
-9.199080 -18.247189 97.600675 129.148613 0.095828 -0.276170 -0.956320 0.993884 -0.026418 0.107221 -0.054875 -0.960746 0.271949
0.540852 -0.989328 36.594919 -11.478137 0.326139 0.410741 -0.851425 -0.181387 0.911127 0.370062 0.927757 0.033746 0.371657
0.407436 -0.698981 13.916021 7.100480 0.342610 0.400557 -0.849807 -0.172421 0.915998 0.362242 0.923520 0.022417 0.382895
1.021116 -0.950491 47.980929 -6.031168 0.311632 0.471685 -0.824863 -0.207082 0.880939 0.425515 0.927363 0.038210 0.372207
-0.213549 -0.671350 11.249920 -6.973040 0.363867 0.305256 -0.880011 -0.121442 0.952257 0.280103 0.923500 0.004950 0.383566
1.307791 -1.488808 51.625308 -34.553548 0.320126 0.448772 -0.834340 -0.206458 0.892566 0.400876 0.924605 0.043925 0.378386
0.667781 -1.659358 51.270385 -36.791865 0.315796 0.428794 -0.846409 -0.202373 0.901971 0.381437 0.926994 0.050834 0.371615
-0.181711 -1.116394 35.082198 -21.524676 0.335585 0.373819 -0.864663 -0.158094 0.927222 0.339507 0.928649 0.022765 0.370260
99.237216 -17.997227 -9541.065924 469.248366 -0.256607 -0.360673 0.896698 0.950713 -0.261274 0.166974 0.174061 0.895350 0.409941
17.362417 2.786697 950.594404 183.604381 0.303922 -0.002371 0.952694 -0.128384 0.990773 0.043422 -0.944007 -0.135508 0.300813
19.380864 4.564815 520.356170 27.957895 0.191013 -0.029520 0.981144 -0.157807 0.985622 0.060377 -0.968819 -0.166364 0.183608
20.695414 4.998961 218.163663 95.979332 0.076727 -0.163693 0.983523 -0.132972 0.975939 0.172804 -0.988145 -0.144040 0.053115
7.852098 -29.382283 304.619429 -722.184489 0.702710 -0.705294 0.093585 0.442790 0.330576 -0.833460 -0.556898 -0.627120 -0.544597
-9.106821 -117.147494 -309.340689 1204.693671 -0.721476 0.690151 0.056254 0.312407 0.396934 -0.863044 0.617959 0.605091 0.501986
-55.325911 -447.935437 2820.450943 114751.300581 0.759958 -0.545951 -0.352705 0.363225 -0.093285 0.927020 0.539010 0.832607 -0.127410
-29.983612 -896.423386 2969.971900 -224022.531796 0.708307 -0.627854 -0.322646 0.330678 0.698932 -0.634150 0.623661 0.342481 0.702676
