13679
27340
-6.297124 -8.414516 87.983039 117.956401 -0.519467 0.854130 -0.024827 -0.734654 -0.461265 -0.497512 0.436392 0.240202 -0.867102
-6.542097 -9.638437 61.635168 103.685717 -0.493303 0.869601 0.021135 -0.692233 -0.377742 -0.614918 0.526750 0.317972 -0.788307
-7.283281 -11.045314 1.580318 290.636287 0.048483 0.956153 0.288826 -0.859949 0.187048 -0.474868 0.508071 0.225352 -0.831312
-5.100046 -8.156919 -5.946854 86.366147 -0.714617 0.692493 -0.098873 -0.562582 -0.652957 -0.507097 0.415721 0.306756 -0.856199
-6.175092 -7.915941 3.872635 182.331897 -0.179811 0.978721 0.098857 -0.900684 -0.123396 -0.416583 0.395520 0.163945 -0.903707
-4.646386 -6.770062 30.220540 -74.343812 -0.733388 0.662896 -0.150705 0.578601 0.725049 0.373530 0.356880 0.186744 -0.915294
-5.515448 -10.247105 -78.230753 -41.854383 0.969822 -0.243651 -0.008855 0.095200 0.344996 0.933764 0.224458 0.906428 -0.357781
-5.421851 -9.828066 -75.979658 -59.093393 0.978476 -0.204292 0.029161 0.081242 0.511246 0.855586 0.189697 0.834801 -0.516839
-4.876788 -10.096412 -99.621789 -50.190068 0.989098 -0.141056 -0.042295 0.092884 0.374711 0.922477 0.114272 0.916349 -0.383728
-4.834215 -10.243723 -105.033123 -11.844140 0.984739 -0.163801 -0.058814 0.092021 0.203201 0.974803 0.147723 0.965339 -0.215173
-6.088416 -10.603059 -65.403515 2.014510 0.953106 -0.291216 -0.082349 0.129914 0.147947 0.980426 0.273332 0.945148 -0.178842
-3.593578 -10.024133 -88.128146 39.488590 -0.435145 0.899746 0.033244 0.119239 0.020992 0.992644 -0.892429 -0.435908 0.116420
-4.812048 -9.528724 -28.627745 42.990370 -0.325140 0.944510 0.046748 0.125120 -0.006033 0.992123 -0.937352 -0.328429 0.116216
-4.673768 -9.771820 -38.950325 55.807599 -0.370888 0.928677 0.000957 0.012867 0.004109 0.999909 -0.928589 -0.370866 0.013474
-0.565899 -2.994233 -51.299460 10.794741 -0.056661 0.863027 0.501970 -0.231242 0.477762 -0.847509 0.971245 0.164097 -0.172497
-0.499515 -2.841256 -38.074065 4.638718 -0.091601 0.920401 0.380093 -0.167469 0.362023 -0.917003 0.981613 0.147652 -0.120977
-0.094119 -2.479962 -35.639529 13.736655 -0.086799 0.895938 0.435615 -0.205035 0.411838 -0.887891 0.974898 0.166385 -0.147951
-0.093919 -3.254990 18.423764 -11.529265 -0.097732 0.898746 0.427440 -0.175860 0.407141 -0.896275 0.979552 0.162765 -0.118262
-0.114124 -2.609299 -48.122343 0.488256 -0.055589 0.848570 0.526155 -0.250276 0.498303 -0.830094 0.966577 0.177828 -0.184677
-0.584555 -3.056079 -53.538277 -29.408187 -0.013038 0.776180 0.630376 -0.269879 0.604302 -0.749657 0.962806 0.179899 -0.201596
-0.162717 -3.574418 7.240953 -10.383906 -0.060058 0.829933 0.554621 -0.253179 0.524790 -0.812709 0.965553 0.189228 -0.178604
-2.702304 -9.147919 56.580341 8.242565 0.757473 -0.552716 -0.347476 -0.077999 0.451805 -0.888700 -0.648191 -0.700269 -0.299119
-2.129246 -8.871035 29.034982 33.472887 0.767683 -0.584571 -0.262562 0.072756 0.486579 -0.870602 -0.636686 -0.649243 -0.416069
-1.624208 -9.399713 51.117402 -14.221907 0.772470 -0.571334 -0.277250 -0.084473 0.340257 -0.936531 -0.629408 -0.746862 -0.214576
-2.929066 -8.648110 -31.559584 58.265375 -0.753120 0.570330 0.327925 0.085013 0.578643 -0.811138 -0.652368 -0.583006 -0.484272
-1.762887 -9.214095 68.750043 -17.694772 0.754392 -0.549846 -0.358555 -0.208107 0.317714 -0.925067 -0.622563 -0.772481 -0.125254
-2.887413 -9.333934 44.922103 -3.911238 0.700577 -0.558936 -0.443602 -0.229171 0.412490 -0.881665 -0.675776 -0.719335 -0.160889
-3.227090 -9.163883 -27.506735 -5.513356 -0.698430 0.575287 0.425724 0.126851 -0.485926 0.864746 -0.704347 -0.657967 -0.266410
-3.280825 -8.699610 -41.738070 -53.189170 -0.714013 0.578633 0.394169 0.008204 -0.556038 0.831116 -0.700085 -0.596662 -0.392271
-2.602659 -7.188477 1.344463 -2.764461 0.301084 0.943749 -0.136697 -0.204925 -0.075966 -0.975825 0.931319 -0.321818 -0.170526
-2.253167 -6.699842 105.936235 -35.820704 0.253104 0.967353 0.012890 -0.181381 0.060537 -0.981548 0.950284 -0.246096 -0.190781
-1.728779 -6.223925 54.178146 -113.592097 0.252904 0.961942 -0.103472 -0.059211 -0.091360 -0.994056 0.965678 -0.257527 -0.033852
-0.891391 -5.082024 87.955400 -132.778861 0.240282 0.969934 0.038638 0.032588 0.031721 -0.998965 0.970156 -0.241292 0.023987
-0.262173 -9.252498 2.604971 -16.307960 -0.651887 0.757384 -0.037590 -0.609875 -0.494175 0.619551 -0.450662 -0.426803 -0.784056
-0.335037 -8.440525 10.223514 -23.809741 -0.618974 0.783230 -0.058494 -0.706592 -0.522794 0.476879 -0.342926 -0.336507 -0.877020
-0.174888 -9.115775 -10.326561 3.480712 -0.628150 0.775489 -0.063598 0.685684 0.513063 -0.516336 -0.367783 -0.367945 -0.854021
0.251899 -9.571255 33.464004 -13.404179 0.661024 -0.748124 0.057948 0.605736 0.486442 -0.629649 -0.442867 -0.451314 -0.774716
-0.079383 -9.820003 -10.896067 -27.144169 -0.678338 0.734268 -0.026625 -0.532579 -0.466402 0.706279 -0.506180 -0.493275 -0.707433
-0.315760 -10.101837 9.381530 -48.639009 -0.676743 0.736178 -0.007806 -0.498899 -0.450772 0.740205 -0.541404 -0.504823 -0.672335
-0.359607 -9.468179 -3.023971 -44.916704 -0.682219 0.731011 -0.014150 -0.525073 -0.476376 0.705241 -0.508798 -0.488559 -0.708827
0.706161 -18.354369 27.801160 238.685776 0.500672 0.864998 -0.033273 -0.514382 0.266375 -0.815142 0.696232 -0.425233 -0.578305
0.507161 -20.359463 27.719692 175.592317 0.459542 0.885666 -0.066461 -0.400804 0.140022 -0.905401 0.792577 -0.442707 -0.419324
-0.024136 -18.314702 -2.193184 236.497528 0.498545 0.863850 -0.072221 -0.602532 0.285422 -0.745312 0.623224 -0.415087 -0.662793
-2.579328 -6.170701 15.653875 77.721289 0.023148 0.998979 0.038795 0.904081 -0.004354 -0.427339 0.426734 -0.044966 0.903259
-2.267346 -6.650679 24.856199 -82.337906 -0.193772 0.974460 0.113489 0.896158 0.222888 -0.383694 0.399190 -0.027355 0.916460
-1.989672 -7.102626 35.411074 120.540798 -0.082783 0.995240 0.051432 0.923593 0.096005 -0.371160 0.374331 -0.016776 0.927143
0.891980 -25.232794 -27.688944 -99.463722 0.258356 0.909655 0.325239 0.487006 -0.413398 0.769368 -0.834312 0.040377 0.549811
1.029409 -23.341903 -34.155277 207.295095 0.263697 0.904217 0.335940 0.731093 -0.414540 0.541904 -0.629260 -0.102705 0.770379
0.743696 -23.004912 -12.665479 180.217243 0.265745 0.911155 0.314921 0.701479 -0.406839 0.585157 -0.661291 -0.065408 0.747272
0.581171 -22.121564 -2.706639 459.613125 0.274452 0.908443 0.315289 0.850970 -0.382138 0.360305 -0.447801 -0.169415 0.877937
-1.249323 -3.793947 -34.492988 -48.337449 0.281682 0.958905 0.033994 0.024643 0.028187 -0.999299 0.959191 -0.282323 0.015691
-0.277776 -4.122532 -45.496861 -83.679076 0.300671 0.946910 0.113835 0.026695 0.110956 -0.993467 0.953354 -0.301746 -0.008084
-0.639216 -4.936627 -48.123472 -72.439161 0.295590 0.955310 -0.002971 -0.069954 0.018543 -0.997378 0.952750 -0.295023 -0.072309
-0.567701 -3.161101 -44.355902 -27.678203 0.304974 0.944710 0.120477 0.080482 0.100485 -0.991678 0.948954 -0.312132 0.045387
-1.156312 -3.508413 -34.701143 20.305902 0.298403 0.953386 0.044852 0.079277 0.022072 -0.996608 0.951142 -0.300946 0.068995
-2.092942 -5.921182 -128.801391 56.217076 0.394608 0.909051 -0.133834 -0.758520 0.240073 -0.605816 0.518587 -0.340575 -0.784268
-2.550495 -6.122672 -15.950329 85.448989 0.195507 0.955263 -0.221922 -0.846122 0.049892 -0.530649 0.495837 -0.291519 -0.818024
-3.827165 -7.711599 41.080661 102.839275 0.021429 0.942214 -0.334325 -0.785823 -0.190861 -0.588264 0.618080 -0.275326 -0.736324
-3.308079 -9.315256 82.723161 38.752531 -0.181296 0.897013 -0.403112 -0.672266 -0.412217 -0.614928 0.717768 -0.159515 -0.677764
-4.405882 -9.023661 111.831753 31.963452 -0.139758 0.903447 -0.405280 -0.620611 -0.398850 -0.675100 0.771563 -0.157170 -0.616431
0.781305 -27.885613 -91.477748 -200.367524 -0.247335 0.961189 0.122236 0.358654 0.208015 -0.909998 0.900107 0.181234 0.396184
1.344197 -36.572622 -43.135028 -443.574154 -0.284811 0.955788 0.073157 0.090653 0.102832 -0.990559 0.954288 0.275490 0.115933
0.729343 -32.348551 -83.149811 -508.085571 -0.233883 0.970069 0.065301 0.086145 0.087576 -0.992426 0.968441 0.226486 0.104049
-0.353670 -27.604898 -41.789793 -212.375131 -0.258165 0.961976 0.089180 0.094648 0.117049 -0.988606 0.961453 0.246783 0.121267
0.038549 -25.283577 -62.662475 -317.631369 -0.264662 0.960066 0.090706 0.322554 0.176775 -0.929898 0.908797 0.216851 0.356459
-4.489858 -19.770796 78.700467 -382.172136 0.216447 0.956682 0.194705 -0.755224 0.037687 0.654382 -0.618698 0.288686 -0.730666
-5.796230 -23.685465 164.814428 -318.869450 0.250251 0.943224 0.218408 -0.513960 -0.061755 0.855588 -0.820499 0.326365 -0.469326
-3.193745 -21.387778 72.428139 -319.339057 0.281781 0.940866 0.188070 -0.589316 0.015031 0.807763 -0.757170 0.338445 -0.558702
-3.267384 -4.390536 -23.238903 -35.010840 -0.363952 -0.082318 0.927773 0.499514 0.823478 0.269016 -0.786146 0.561345 -0.258587
-3.471760 -4.855781 -26.937108 -43.931565 -0.160466 0.207577 0.964967 0.664958 0.745223 -0.049730 -0.729439 0.633683 -0.257614
-3.104652 -4.871926 -33.828433 -47.115703 -0.236678 0.182646 0.954266 0.616715 0.787183 0.002292 -0.750764 0.589052 -0.298950
0.769965 -60.732770 -13.368429 1529.896400 -0.380966 0.923614 0.042449 -0.694537 -0.255568 -0.672535 0.610314 0.285696 -0.738847
0.595619 -44.130991 8.149121 369.951588 -0.391741 0.919659 0.027699 -0.848829 -0.349627 -0.396548 0.355005 0.178856 -0.917596
1.103888 -36.477853 -12.302899 457.838590 -0.376340 0.926091 0.026889 -0.808060 -0.313901 -0.498503 0.453219 0.209335 -0.866471
0.454230 -44.279721 65.962633 -112.983472 -0.416508 0.906931 0.063223 -0.826386 -0.348695 -0.442151 0.378955 0.236406 -0.894710
1.120664 -50.902483 -14.517206 1764.188626 -0.345956 0.937025 0.047949 -0.663473 -0.208184 -0.718654 0.663414 0.280436 -0.693713
3.305687 -213.932416 -34.894669 10331.172027 -0.409799 0.910284 0.058726 -0.649773 -0.246123 -0.719179 0.640203 0.332877 -0.692339
15.559205 -19.715590 -1030.331099 640.996380 0.631183 0.762903 0.139953 -0.696822 0.636990 -0.329671 0.340656 -0.110560 -0.933665
41.194651 -41.279037 2756.282411 1157.322006 -0.743527 -0.668298 -0.023359 -0.611779 0.693919 -0.379740 0.269989 -0.268056 -0.924798
4.511670 -421.048297 -939.391263 7141.113156 0.867019 0.324186 0.378393 0.327017 0.202755 -0.923011 0.375948 -0.924010 -0.069778
-4.576470 -136.071810 -362.214349 -3170.269998 -0.362118 0.864220 -0.349276 0.870044 0.178905 -0.459365 -0.334506 -0.470230 -0.816694
11.267586 -111.378767 13.964850 4968.210366 -0.558194 0.829687 -0.006247 0.253741 0.177869 0.950778 -0.789959 -0.529133 0.309811
8.944481 -32.130460 358.295288 -1308.646301 0.913227 -0.384227 0.135594 -0.230821 -0.762093 -0.604927 -0.335765 -0.521138 0.784651
3.391542 -93.828895 313.018953 2036.341905 0.029623 0.999532 -0.007677 -0.739173 0.016735 -0.673308 0.672864 -0.025620 -0.739323
370.699715 -782.193480 -8166.658751 22199.899202 -0.055590 0.905942 0.419736 0.271554 0.418257 -0.866787 0.960816 -0.065796 0.269263
22.507377 -37.300262 474.738590 -1047.652132 -0.407887 -0.865661 -0.290274 0.912080 -0.400839 -0.086247 -0.041692 -0.299932 0.953049
0.170132 -5.381525 10.180302 -21.251286 0.215292 0.974469 -0.063720 -0.909962 0.176503 -0.375255 0.354427 -0.138772 -0.924729
0.181366 -5.553735 2.155558 -22.561300 0.217791 0.973923 -0.063577 -0.910485 0.179278 -0.372663 0.351547 -0.139048 -0.925786
0.461067 -5.862738 -2.953452 -11.142657 0.207445 0.976134 -0.064259 -0.947078 0.183952 -0.263070 0.244971 -0.115430 -0.962635
0.221884 -5.669079 0.457476 -15.125718 0.187049 0.978829 -0.083103 -0.949527 0.158466 -0.270715 0.251815 -0.129545 -0.959066
6.242585 -3.090854 -82.489432 22.544547 0.411511 0.839877 0.353929 -0.417315 0.518869 -0.746072 0.810251 -0.159317 -0.564013
3.989282 -3.034176 -202.687396 35.481400 0.547271 0.776737 0.311728 -0.369422 0.558389 -0.742785 0.751014 -0.291346 -0.592534
5.204148 -3.347653 -158.073163 10.762904 0.494021 0.804936 0.328665 -0.327512 0.522455 -0.787259 0.805406 -0.281281 -0.521730
6.534241 -3.501054 -164.663608 -2.857345 0.483323 0.814259 0.321528 -0.273478 0.489328 -0.828111 0.831630 -0.312314 -0.459186
7.371154 -3.366322 -40.288906 4.158021 0.360545 0.848539 0.387284 -0.298118 0.498264 -0.814161 0.883817 -0.178086 -0.432611
7.322464 -3.249483 -28.799417 17.445000 0.302665 0.866919 0.396038 -0.361285 0.488872 -0.794026 0.881968 -0.097241 -0.461170
-3.257219 -8.272527 90.109220 -94.837542 -0.228611 0.872928 -0.430969 -0.352704 -0.486884 -0.799089 0.907379 0.030676 -0.419192
-2.197650 -8.564361 43.838401 -92.482773 -0.243938 0.874411 -0.419404 -0.393293 -0.484506 -0.781393 0.886462 0.025663 -0.462089
-2.221453 -6.647664 40.468509 -87.810863 -0.227511 0.903856 -0.362330 -0.263889 -0.415392 -0.870524 0.937337 0.102439 -0.333024
-1.687065 -7.440360 3.331177 -99.811252 -0.250969 0.886409 -0.388965 -0.330718 -0.456164 -0.826160 0.909747 0.078702 -0.407634
-3.937171 -7.395044 86.034855 -102.740949 -0.194729 0.884558 -0.423837 -0.270304 -0.463772 -0.843713 0.942876 0.049731 -0.329410
-3.145920 -6.003592 71.920946 -84.055136 -0.184125 0.932338 -0.311198 -0.213600 -0.346999 -0.913218 0.959413 0.101674 -0.263038
-2.368325 -5.155056 44.104531 -62.289173 -0.199123 0.951391 -0.234959 -0.190634 -0.272786 -0.942999 0.961254 0.142981 -0.235685
-1.649763 -5.887657 6.534332 -86.079145 -0.250481 0.905773 -0.341812 -0.248629 -0.401410 -0.881506 0.935651 0.135816 -0.325747
-0.749136 -44.357693 -20.251747 -696.816827 0.276267 0.940454 -0.198049 0.131282 0.167210 0.977142 -0.952072 0.295952 0.077270
0.084591 -34.243265 7.755279 -389.291446 0.255679 0.935663 -0.243234 -0.117822 0.279879 0.952778 -0.959555 0.214947 -0.181801
0.071401 -48.916069 -7.466169 -1593.708891 0.236008 0.946514 -0.220025 -0.299347 0.286225 0.910202 -0.924495 0.148951 -0.350887
-7.479922 -161.320838 -53.882610 -7380.449206 0.979945 -0.148809 -0.132526 -0.037852 0.513949 -0.856985 -0.195639 -0.844815 -0.498009
-5.526744 -144.452190 40.528084 -6217.656622 0.960355 -0.268591 -0.074684 0.115154 0.626158 -0.771146 -0.253887 -0.731973 -0.632263
-11.952922 -196.205409 19.542839 8284.632778 0.962941 -0.265511 -0.047419 0.253511 0.951017 -0.176916 -0.092069 -0.158338 -0.983083
1.626894 -26.589425 52.261346 -815.375808 0.918995 -0.260360 -0.296078 -0.349597 -0.190898 -0.917246 -0.182293 -0.946452 0.266455
4.459462 -97.303225 126.076825 -4254.619213 0.927408 -0.291342 -0.234593 -0.241718 0.011835 -0.970274 -0.285458 -0.956546 0.059446
3.380408 -64.099266 44.234982 -2815.304797 0.919024 -0.310177 -0.243280 -0.289288 -0.111445 -0.950733 -0.267783 -0.944124 0.192152
2.167206 -16.027246 5.536874 -250.666725 0.913847 -0.303596 -0.269655 -0.347173 -0.239736 -0.906641 -0.210606 -0.922148 0.324483
-1.811111 -2.941339 9.063152 82.167543 0.059004 0.926468 0.371719 0.104307 0.364607 -0.925301 0.992793 -0.093369 0.075124
-2.149344 -3.393354 9.379055 82.377174 0.110077 0.952806 0.282921 0.114399 0.270613 -0.955867 0.987318 -0.137585 0.079212
-2.064360 -2.186729 11.960954 57.334148 0.063336 0.891836 0.447904 0.093637 0.441514 -0.892355 0.993590 -0.098459 0.055545
-6.478381 -16.590021 143.318147 -459.877336 0.340761 -0.903150 -0.261156 0.940066 0.323594 0.107536 -0.012613 -0.282148 0.959288
-7.023792 -76.273215 264.297386 -4878.141677 0.568463 -0.761288 -0.311914 0.691224 0.236349 0.682897 -0.446161 -0.603804 0.660576
-5.816655 -19.212138 233.583855 -211.979629 0.487504 -0.810284 -0.325239 0.873035 0.447154 0.194584 -0.012236 -0.378806 0.925395
-29.893642 -105.364544 270.682591 6468.014314 -0.388538 0.900507 0.195259 0.719474 0.428879 -0.546277 0.575669 0.071766 0.814528
-28.732842 -72.254426 12.728769 4143.069378 -0.042442 0.976527 0.211173 0.837799 0.149940 -0.524987 0.544327 -0.154639 0.824497
22.001422 10.259424 -1956.085287 119.955606 -0.076889 0.337495 0.938182 0.078388 0.940101 -0.331761 -0.993953 0.048034 -0.098739
28.219820 -2.588920 -1523.169167 265.467153 0.070887 0.433298 0.898459 -0.388498 0.841593 -0.375221 -0.918719 -0.322451 0.227993
72.493867 -0.868355 -4082.418553 -393.766973 -0.402975 -0.434938 0.805258 -0.142617 0.898954 0.414176 -0.904031 0.052059 -0.424285
8.257903 -3.208061 670.178639 -225.935787 0.212121 0.797973 -0.564131 -0.034125 0.582964 0.811781 -0.976647 0.152945 -0.150890
36.058596 -59.360715 -2581.400486 -2179.186355 -0.323236 0.435473 0.840168 0.287960 0.890988 -0.351027 -0.901442 0.128470 -0.413398
1.017863 -6.844223 11.194113 -9.047584 -0.100054 0.994720 -0.022836 0.366483 0.058181 0.928604 -0.925030 -0.084541 0.370369
1.771555 -7.415158 33.293368 27.538536 -0.101656 0.993470 -0.051794 0.266131 0.077324 0.960831 -0.958562 -0.083890 0.272254
1.081992 -6.925346 11.359520 -4.697401 -0.059665 0.998143 0.012261 0.318739 0.007410 0.947814 -0.945963 -0.060459 0.318589
0.562526 -6.885078 -12.577341 -32.293734 -0.058257 0.997828 0.030764 0.444843 -0.001641 0.895607 -0.893712 -0.065860 0.443781
0.515937 -7.222223 -1.402022 -17.592246 -0.104442 0.994076 -0.030068 0.497592 0.078408 0.863860 -0.861101 -0.075262 0.502833
1.798219 -7.814868 83.053369 -14.210609 0.053525 0.992574 -0.109235 -0.979606 0.073410 0.187038 -0.193668 -0.096996 -0.976261
0.178464 -8.094286 24.864717 -12.312195 0.104065 0.988124 -0.113052 -0.958676 0.129921 0.253101 -0.264783 -0.082042 -0.960812
1.256691 -7.687793 72.786849 6.054292 0.046504 0.995242 -0.085621 -0.948575 0.070865 0.308517 -0.313117 -0.066870 -0.947358
0.843024 -13.412063 0.909252 141.028773 0.379759 0.919629 0.100323 0.880585 -0.392590 0.265411 -0.283465 0.012450 0.958902
0.933338 -13.450729 -15.029901 225.697306 0.429909 0.894363 0.123669 0.872925 -0.446717 0.196078 -0.230610 -0.023658 0.972759
0.406441 -11.318851 18.971913 293.555804 -0.386445 -0.913761 -0.125308 0.921000 -0.389562 0.000404 -0.049185 -0.115252 0.992118
0.361641 -12.480287 -2.911987 213.528399 0.337717 0.934657 0.111193 0.926759 -0.350838 0.134279 -0.164516 -0.057701 0.984685
1.101394 -13.425667 -13.997560 18.726564 0.312024 0.943537 0.111263 0.856985 -0.330071 0.395764 -0.410143 0.028137 0.911587
-2.256586 -17.291582 -11.482930 -48.447945 0.435056 0.893014 0.115120 0.900149 -0.434404 -0.032025 0.021410 0.117558 -0.992835
-2.031076 -17.129928 6.715085 49.326685 0.449356 0.882375 0.139621 -0.868648 0.468060 -0.162387 0.208637 0.048312 -0.976799
-2.449698 -18.395989 0.102844 60.261497 0.446646 0.889788 0.093725 -0.883336 0.455192 -0.111881 0.142213 0.032820 -0.989292
-2.489121 -17.727486 4.255657 -116.539678 0.410058 0.905913 0.105710 0.903610 -0.387780 -0.181978 -0.123864 0.170143 -0.977604
-2.022994 -16.190083 2.911718 -18.338531 0.410424 0.898593 0.155186 0.897807 -0.368391 -0.241310 -0.159671 0.238366 -0.957960
2.124913 -7.061997 60.281917 -33.553492 0.206380 0.922035 -0.327503 -0.299944 -0.258979 -0.918130 0.931365 -0.287717 -0.223111
2.173230 -7.132549 39.076994 -44.448753 0.212581 0.883186 -0.418082 -0.227429 -0.371390 -0.900192 0.950308 -0.286447 -0.121911
1.354187 -6.702773 48.124436 -35.966500 0.184249 0.916417 -0.355292 -0.209053 -0.316671 -0.925211 0.960390 -0.244745 -0.133234
3.804171 -7.931889 70.238627 -29.742421 0.245903 0.877561 -0.411606 -0.337272 -0.320643 -0.885119 0.908724 -0.356476 -0.217129
0.915692 -6.415372 54.868265 -21.735579 0.173116 0.944026 -0.280796 -0.238212 -0.236504 -0.941977 0.955660 -0.229960 -0.183936
1.426283 -6.735872 61.971619 -18.056773 0.195736 0.947960 -0.251117 -0.352146 -0.171047 -0.920183 0.915249 -0.268543 -0.300340
3.256893 -7.779265 79.296021 -7.511566 0.247494 0.923756 -0.292270 -0.436077 -0.163172 -0.884993 0.865207 -0.346483 -0.362444
-0.359266 -4.539375 -70.434699 24.007117 -0.229062 -0.225437 0.946947 0.029118 0.970790 0.238157 -0.972976 0.082126 -0.215807
-2.073409 -4.398765 -74.377091 6.349002 -0.234641 -0.410318 0.881240 0.043785 0.901167 0.431255 -0.971096 0.139775 -0.193485
-0.449833 -4.102402 -56.388245 18.612678 -0.226935 -0.217037 0.949419 0.112253 0.962527 0.246864 -0.967419 0.162597 -0.194068
-0.078374 -3.609235 -23.798741 14.639472 -0.208212 -0.165233 0.964026 0.205149 0.956325 0.208221 -0.956327 0.241123 -0.165221
0.460157 -3.948011 -17.388090 18.492544 -0.188542 -0.109589 0.975932 0.139398 0.980706 0.137055 -0.972122 0.161883 -0.169627
0.861054 -4.412585 -33.133122 16.430742 -0.203931 -0.104453 0.973397 0.045184 0.992228 0.115940 -0.977942 0.067626 -0.197626
2.125640 -6.834592 134.188789 47.227162 0.110468 0.987777 -0.109969 0.990826 -0.100786 0.090031 0.077847 -0.118906 -0.989849
9.615893 -5.700545 528.646479 -1.462262 0.172157 0.981065 -0.088732 -0.975860 0.157565 -0.151229 0.134384 -0.112625 -0.984508
-0.335477 -6.516804 17.914096 -8.819395 0.172173 0.979006 -0.109106 -0.970016 0.149212 -0.191846 0.171539 -0.138865 -0.975341
23.382846 -6.787804 929.911454 22.967852 0.212134 0.972513 -0.096012 0.977159 -0.209825 0.033654 0.012583 -0.100958 -0.994811
-0.347964 -6.945668 15.302581 40.478156 0.144087 0.982188 -0.120605 0.986206 -0.132494 0.099214 0.081467 -0.133237 -0.987730
0.118215 -3.350306 -2.921805 -21.062162 0.096583 0.995195 -0.016107 0.843402 -0.073237 0.532268 -0.528530 0.064993 0.846423
0.038902 -3.565350 13.307541 -36.253268 0.085372 0.995596 -0.038722 0.855059 -0.053260 0.515789 -0.511455 0.077144 0.855840
0.112813 -4.011165 -2.319431 -46.741540 0.070040 0.996911 -0.035544 0.874739 -0.044251 0.482569 -0.479505 0.064891 0.875136
0.983533 -5.179894 -15.094415 10.191559 0.197526 0.949890 0.242264 0.262847 -0.289403 0.920411 -0.944402 0.118127 0.306841
1.198300 -5.677909 -8.858607 20.986697 0.203200 0.960130 0.191988 0.273412 -0.243919 0.930456 -0.940189 0.136577 0.312076
1.437199 -5.514565 -11.576412 -4.901152 0.210346 0.942066 0.261280 0.336138 -0.320657 0.885545 -0.918023 0.098445 0.384113
0.794257 -5.999896 -9.011181 35.467977 0.182694 0.975226 0.124731 0.178807 -0.157709 0.971162 -0.966773 0.155123 0.203190
0.955631 -5.263415 -22.815763 -23.963833 0.198902 0.934659 0.294703 0.316647 -0.345874 0.883236 -0.927455 0.082361 0.364752
0.538021 -4.625227 -11.013336 -5.479866 0.194703 0.939371 0.282263 0.242182 -0.324901 0.914214 -0.950494 0.109641 0.290758
0.551537 -4.998174 -10.213507 28.743084 0.182530 0.962836 0.199071 0.203335 -0.235062 0.950474 -0.961945 0.133012 0.238685
-0.791238 -30.409248 -41.647919 157.172108 -0.533063 0.845895 -0.017460 -0.153510 -0.076403 0.985189 -0.832033 -0.527848 -0.170581
-0.459879 -35.927740 -66.104765 237.974083 -0.546150 0.837590 0.012802 0.035601 0.007939 0.999335 -0.836931 -0.546242 0.034155
-1.128612 -28.761072 -34.285335 159.319922 -0.520575 0.852828 0.041064 0.160040 0.050221 0.985832 -0.838683 -0.519772 0.162630
-0.821423 -25.855918 -6.625449 -103.748197 -0.425506 0.901364 -0.080545 -0.874849 -0.386950 0.291393 -0.231484 -0.194454 -0.953207
-0.909351 -25.455715 -17.116189 -8.292248 -0.444035 0.891569 -0.089090 -0.816673 -0.361808 0.449601 -0.368617 -0.272396 -0.888776
-1.131698 -28.417904 -9.638951 -67.462697 -0.436518 0.896883 -0.071087 -0.729624 -0.306666 0.611232 -0.526403 -0.318681 -0.788253
-0.799593 -24.104225 22.547209 -24.798137 -0.403523 0.914080 -0.040337 -0.876161 -0.373328 0.304908 -0.263651 -0.158379 -0.951527
-0.885809 -23.147530 -2.700381 201.934110 -0.407023 0.910291 -0.075519 0.913386 0.404926 -0.041957 -0.007614 -0.086056 -0.996261
-0.947493 -26.024100 14.510789 -22.277667 -0.413371 0.908912 -0.054798 -0.776424 -0.320397 0.542688 -0.475699 -0.266878 -0.838145
-1.417361 -12.898848 -53.588628 -145.082086 0.223750 -0.527080 0.819830 0.968072 0.022648 -0.249648 0.113018 0.849514 0.515319
-2.267683 -13.068797 -62.150100 -125.696497 0.248888 -0.552563 0.795443 0.956072 0.008849 -0.293000 0.154862 0.833424 0.530492
-1.453123 -13.931637 -77.654456 -82.375975 0.250084 -0.527605 0.811844 0.911587 -0.154267 -0.381065 0.326293 0.835365 0.442379
-2.073419 -11.054785 -47.740659 -132.219796 0.238526 -0.535810 0.809946 0.969808 0.175032 -0.169814 -0.050778 0.825997 0.561383
-1.467863 -10.724173 -28.246067 -145.963128 0.197401 -0.523107 0.829091 0.976677 0.177817 -0.120348 -0.084471 0.833511 0.546008
259.770876 -65089.617742 5541.832005 12741739.029727 0.759214 -0.587634 -0.279786 0.028225 0.459207 -0.887881 -0.650228 -0.666195 -0.365222
21.539802 -975.211261 -2517.235453 23216.566463 -0.225666 0.899881 -0.373214 -0.905455 -0.335101 -0.260495 0.359479 -0.279144 -0.890423
-558.377729 -1415.249242 -15179.014815 -55495.836146 0.810848 0.077336 0.580125 0.491403 0.448425 -0.746618 0.317883 -0.890469 -0.325601
0.714709 -10.671534 16.474760 -130.029529 -0.123866 0.885331 0.448158 0.879220 0.307300 -0.364060 0.460032 -0.348934 0.816465
0.489784 -8.247531 13.848415 -176.385762 0.012593 -0.913068 -0.407613 0.938516 0.151444 -0.310246 0.345006 -0.378645 0.858836
-0.073826 -10.270693 -7.522689 -131.927320 -0.142253 0.881733 0.449790 0.851453 0.340732 -0.398659 0.504769 -0.326265 0.799225
0.356308 -6.423574 -20.972393 -24.948512 0.439653 -0.224552 0.869645 0.216829 0.966140 0.139849 -0.871602 0.127079 0.473456
1.263347 -5.341048 -48.557729 4.510679 0.470716 0.019850 0.882062 0.091891 0.993207 -0.071389 -0.877487 0.114658 0.465694
2.347459 -5.645810 -51.160593 -110.856501 0.460407 -0.083707 0.883753 0.004791 0.995764 0.091820 -0.887695 -0.038040 0.458858
-0.050226 -7.202195 -56.696613 -93.541557 0.331283 -0.498739 0.800944 0.285855 0.862036 0.418546 -0.899188 0.090296 0.428145
-3.522188 -7.591351 -18.008960 -11.247729 -0.172157 0.801955 -0.572040 -0.205647 0.538656 0.817043 -0.963365 -0.258298 -0.072186
-3.384925 -7.976965 -4.384836 -2.790162 -0.176560 0.749093 -0.638503 -0.320613 0.569548 0.756851 -0.930610 -0.338342 -0.139609
-3.697555 -8.242227 19.568352 -4.257162 -0.224504 0.807740 -0.545118 -0.156190 0.522339 0.838312 -0.961875 -0.273346 -0.008893
-3.412084 -7.791125 -17.530426 8.778451 -0.206138 0.839781 -0.502271 -0.058965 0.501701 0.863029 -0.976745 -0.207520 0.053902
-3.458878 -7.505452 -7.853508 7.035725 -0.150366 0.877466 -0.455459 -0.016699 0.458377 0.888601 -0.988489 -0.141221 0.054271
-3.498533 -7.085466 -19.800690 11.813255 -0.113203 0.832636 -0.542127 -0.130054 0.528523 0.838898 -0.985023 -0.165471 -0.048457
31.233604 -571.437616 -265.914743 43568.806417 0.998708 0.002638 0.050744 0.032581 -0.799592 -0.599659 -0.038992 -0.600537 0.798645
-62.413383 -527.941144 1218.729029 32131.187533 0.671496 -0.154828 -0.724652 -0.016587 0.974542 -0.223590 0.740822 0.162160 0.651833
-23.996378 -90.437081 -120.208048 3630.513685 0.964617 0.197657 -0.174485 -0.114122 -0.283571 -0.952136 0.237675 -0.938360 0.250981
-10.825450 -104.606998 79.313180 4313.178145 0.918483 -0.063288 -0.390364 -0.393668 -0.240215 -0.887312 0.037614 -0.968654 0.245548
2.088953 -15.818976 -29.265733 291.587265 0.371958 0.916889 0.144783 0.488886 -0.326092 0.809107 -0.789074 0.230172 0.569546
9.822332 -222.976430 -6.547106 9766.523278 0.460299 0.868327 0.184749 0.372785 -0.377924 0.847470 -0.805702 0.321218 0.497657
0.146179 -16.439660 149.597882 389.297764 0.419405 0.904242 0.080284 0.546657 -0.322172 0.772898 -0.724753 0.280269 0.629431
-0.507660 -10.958929 1.403540 77.134342 0.240532 0.962760 0.123438 -0.020335 0.132142 -0.991022 0.970428 -0.235862 -0.051362
-0.253606 -10.334400 0.700218 25.245318 0.241554 0.963838 0.112553 -0.120189 0.144811 -0.982133 0.962916 -0.223710 -0.150822
-0.218957 -10.068483 27.465135 66.391917 0.212919 0.973491 0.083548 -0.146023 0.116253 -0.982427 0.966097 -0.196977 -0.166905
-8.524742 -11.612498 88.732359 135.226711 -0.203936 0.940960 0.270192 -0.754078 0.025022 -0.656308 0.624321 0.337591 -0.704455
-6.424115 -10.821650 -21.130409 84.183127 -0.507902 0.858580 0.069826 -0.601977 -0.295785 -0.741710 0.616164 0.418750 -0.667076
-5.772728 -9.369015 -32.050589 98.612816 -0.633031 0.773949 -0.016578 -0.592266 -0.497996 -0.633420 0.498490 0.391156 -0.773631
-4.838317 -9.552016 -38.372556 -39.304402 0.991831 -0.124440 0.028053 0.040825 0.517999 0.854406 0.120853 0.846281 -0.518848
-4.168576 -9.606850 -64.412188 20.104029 -0.384881 0.919790 0.076503 0.263564 0.030093 0.964172 -0.884534 -0.391255 0.254006
-5.115097 -9.067805 -27.773540 16.135563 -0.269742 0.960012 0.074945 0.243519 -0.007291 0.969869 -0.931632 -0.279865 0.231815
-5.363943 -9.188025 -13.386623 38.875066 -0.235121 0.971171 0.039301 0.100024 -0.016044 0.994856 -0.966806 -0.237842 0.093368
-0.179409 -2.848227 3.683108 -31.563542 -0.120500 0.933666 0.337264 -0.095661 0.327237 -0.940088 0.988093 0.145544 -0.049884
-0.348522 -2.496033 -21.713868 -5.816484 -0.101258 0.902368 0.418903 -0.123555 0.406401 -0.905303 0.987158 0.143427 -0.070340
-2.804355 -8.233060 6.784670 57.289148 -0.752130 0.587657 0.298260 0.168592 0.609104 -0.774964 -0.637084 -0.532589 -0.557200
-2.968764 -6.699862 -10.771175 52.776240 0.358669 0.932746 -0.036620 -0.325287 0.088119 -0.941501 0.874954 -0.349599 -0.335015
-2.929159 -6.750358 76.831055 50.640541 0.295510 0.955339 0.001181 -0.344715 0.107782 -0.932499 0.890980 -0.275156 -0.361170
-1.943360 -7.176068 112.029956 27.161153 0.239766 0.970453 0.027094 -0.301337 0.100922 -0.948162 0.922880 -0.219173 -0.316631
-1.044798 -6.938557 106.582252 -68.991566 0.234797 0.970342 0.057497 -0.141041 0.092534 -0.985670 0.961758 -0.223323 -0.158585
1.359725 -20.259921 31.448561 91.659213 0.512085 0.858608 -0.023683 -0.279984 0.140793 -0.949624 0.812021 -0.492919 -0.312494
1.528770 -20.315659 23.773657 -72.607540 0.523348 0.851524 -0.031836 -0.077521 0.010372 -0.996937 0.848585 -0.524213 -0.071439
1.669331 -19.703756 11.355834 -146.584524 0.520005 0.852885 -0.046711 -0.039952 -0.030341 -0.998741 0.853228 -0.521217 -0.018297
-0.119341 -23.779797 -72.956086 -240.302831 0.235193 0.917358 0.321151 0.170486 -0.364234 0.915570 -0.956880 0.160584 0.242062
0.159104 -26.177155 -51.018059 -171.254468 0.249716 0.907996 0.336430 0.315003 -0.404713 0.858476 -0.915650 0.108398 0.387084
-0.676103 -24.900045 -63.384261 -78.919741 0.250997 0.906878 0.338486 0.471892 -0.419950 0.775216 -0.845174 0.034848 0.533355
-1.297740 -23.929043 -61.172817 153.734667 0.259207 0.906955 0.332031 0.697811 -0.413542 0.584844 -0.667736 -0.080099 0.740076
-1.207504 -24.572290 -63.158358 -165.262691 0.253158 0.910137 0.327966 0.428536 -0.409435 0.805432 -0.867334 0.063357 0.493678
-0.690627 -23.876334 -52.810139 -255.180020 0.252064 0.912722 0.321564 0.147342 -0.364617 0.919426 -0.956428 0.184374 0.226389
-0.881580 -1.865290 35.490228 -56.912018 0.010889 0.999574 -0.027095 0.061559 -0.027715 -0.997719 0.998044 -0.009197 0.061835
-0.223732 -2.395626 65.168951 -104.077210 0.016446 0.961529 -0.274209 0.036381 -0.274640 -0.960859 0.999203 -0.005827 0.039498
0.329940 -0.921641 60.001428 -77.721996 0.002601 0.979953 -0.199214 0.063324 -0.198976 -0.977956 0.997990 0.010072 0.062572
-0.229912 -1.444372 50.187451 28.328491 -0.014551 0.975219 0.220763 0.045686 0.221204 -0.974157 0.998850 0.004089 0.047773
0.320781 -1.097336 70.669502 38.377964 -0.023332 0.970877 0.238439 0.040269 0.239224 -0.970129 0.998916 0.013034 0.044678
0.851152 -0.533053 62.047032 53.722276 -0.019905 0.964188 0.264472 0.037577 0.265059 -0.963500 0.999095 0.009241 0.041507
1.161955 0.324045 57.446332 -53.952779 0.010736 0.977271 -0.211724 0.054188 -0.211994 -0.975768 0.998473 0.000998 0.055232
1.763388 -0.912897 92.910024 -124.331334 0.023750 0.910030 -0.413862 0.063175 -0.414518 -0.907846 0.997720 0.004585 0.067336
-1.275340 -3.712659 7.298855 2.672943 0.330586 0.943461 -0.024373 -0.922274 0.317466 -0.220515 0.200310 -0.095378 -0.975079
-1.237117 -4.175500 -22.191982 -31.463778 0.098160 0.991838 -0.081375 -0.985599 0.085576 -0.145848 0.137694 -0.094520 -0.985955
-1.453495 -3.515554 8.267050 -4.545869 0.226739 0.973753 -0.019868 -0.961862 0.220673 -0.161633 0.153006 -0.055759 -0.986651
-0.869987 -4.250284 -37.875888 -25.592603 0.190351 0.977180 -0.094260 -0.963726 0.167703 -0.207622 0.187077 -0.130362 -0.973657
-0.446782 -3.263255 63.908725 27.548746 0.500581 0.863999 0.054076 -0.840164 0.499930 -0.210226 0.208669 -0.059802 -0.976156
-0.191632 -3.719110 49.100140 15.631284 0.517998 0.854228 0.044409 -0.815052 0.508663 -0.277404 0.259555 -0.107499 -0.959727
-0.951633 -3.991183 -6.297354 -2.827653 0.362454 0.931328 -0.035428 -0.900018 0.339891 -0.272839 0.242061 -0.130777 -0.961407
1.724039 -31.570752 -5.256901 -460.467878 -0.315845 0.940694 0.123843 0.442262 0.261441 -0.857935 0.839432 0.216203 0.498608
1.916934 -38.066570 53.239707 -510.502456 -0.357773 0.931300 0.068407 0.133491 0.123511 -0.983324 0.924218 0.342675 0.168509
-2.040382 -14.244864 -42.442610 247.488694 -0.224699 0.961348 0.159126 -0.958686 -0.247337 0.140523 -0.174449 0.120976 -0.977206
-2.722689 -15.481774 -21.054384 -86.211700 -0.269780 0.943553 0.192164 -0.933933 -0.304994 0.186411 -0.234497 0.129178 -0.963496
-3.023409 -13.533430 -46.504876 30.798640 -0.152692 0.971790 0.179747 -0.956065 -0.191307 0.222130 -0.250251 0.137932 -0.958305
-1.597156 -20.348811 12.335876 -387.943365 -0.336274 0.925454 0.174515 0.935088 0.350133 -0.054926 -0.111935 0.144717 -0.983121
-1.932356 -18.852244 -56.651855 558.392686 -0.175333 0.970860 0.163369 -0.973500 -0.195715 0.118290 -0.146817 0.138300 -0.979448
-1.024045 -23.253825 -47.123831 -709.093744 -0.275346 0.951551 0.136875 0.960987 0.276326 0.012167 -0.026245 0.134885 -0.990514
-3.717876 -4.255967 -4.541544 -12.055389 -0.372706 -0.172641 0.911749 0.514093 0.779560 0.357763 -0.772527 0.602064 -0.201793
-3.701455 -4.945054 -10.137423 -53.249075 0.018563 0.307685 0.951307 0.707640 0.668125 -0.229902 -0.706329 0.677451 -0.205327
0.848635 -33.088108 16.791668 -388.638072 -0.403366 0.914638 0.027084 -0.896795 -0.389269 -0.210306 0.181811 0.109119 -0.977260
-13.575423 -241.227891 271.889193 -4885.435116 0.638773 -0.732847 0.234317 -0.521036 -0.187945 0.832586 0.566119 0.653921 0.501893
-75.804200 -300.834552 -437.952936 -17783.009032 0.597834 -0.711240 0.369773 -0.535429 -0.010996 0.844509 0.596582 0.702863 0.387392
-10.436438 -710.398714 178.538886 -40499.298112 0.665493 -0.720411 0.195261 0.721402 0.553659 -0.415983 0.191570 0.417695 0.888162
-25.442648 -357.983334 202.581545 -5931.967094 0.875329 -0.456354 0.159811 0.452981 0.889559 0.059104 -0.169134 0.020656 0.985377
0.102877 -5.043413 3.017431 -26.070971 0.243106 0.968409 -0.055526 -0.868398 0.191780 -0.457280 0.432185 -0.159386 -0.887588
0.246458 -5.409504 -16.254412 -27.835417 0.261021 0.963560 -0.058482 -0.878338 0.211928 -0.428496 0.400487 -0.163213 -0.901649
4.457161 -2.833638 -198.742883 18.297024 0.519941 0.800102 0.299164 -0.419270 0.544176 -0.726695 0.744228 -0.252408 -0.618397
-3.327316 -9.307605 93.342691 -58.517905 -0.226095 0.872730 -0.432692 -0.493948 -0.485568 -0.721276 0.839581 -0.050651 -0.540868
-2.285398 -9.753929 45.501302 -57.303318 -0.237990 0.881484 -0.407856 -0.551708 -0.468288 -0.690163 0.799361 -0.060766 -0.597770
-1.665001 -9.123075 8.281050 -99.664071 -0.253970 0.877806 -0.406148 -0.447428 -0.478910 -0.755284 0.857501 0.010097 -0.514383
-0.542686 -10.243182 -12.791195 -28.012881 -0.370253 0.928927 -0.002863 0.276105 0.107106 -0.955141 0.886949 0.354434 0.296137
-0.615291 -11.269856 16.268365 1.650634 -0.386387 0.921661 -0.035293 0.074094 -0.007124 -0.997226 0.919356 0.387930 0.065537
-0.803600 -11.449992 -40.782566 -14.051244 -0.349478 0.936857 -0.012801 0.059087 0.008402 -0.998217 0.935079 0.349612 0.058292
-0.718057 -10.258615 -43.843560 -3.904308 -0.350751 0.936438 0.007582 0.203366 0.084071 -0.975487 0.914120 0.340611 0.219928
0.530142 -19.904542 -26.047398 -104.639001 0.267351 0.907095 -0.325118 -0.890438 0.361523 0.276443 -0.368298 -0.215590 -0.904366
0.803328 -18.929235 -36.627386 66.448911 0.266003 0.903416 -0.336277 0.951530 -0.301942 -0.058490 -0.154377 -0.304419 -0.939945
1.457962 -20.085617 -49.379613 -130.194386 0.239248 0.918572 -0.314621 -0.929732 0.310147 0.198513 -0.279927 -0.245019 -0.928227
0.274881 -20.338998 -1.516805 -25.426364 0.283639 0.900964 -0.328348 -0.889475 0.375133 0.260977 -0.358305 -0.218034 -0.907788
0.622310 -21.511848 -62.941586 -74.371170 0.237278 0.910925 -0.337511 -0.803985 0.379153 0.458095 -0.545259 -0.162658 -0.822335
-6.503629 -110.705638 2.273807 3702.931575 0.920533 -0.367778 -0.131749 -0.379915 -0.921327 -0.082586 0.091010 -0.126077 0.987837
-10.833676 -166.564814 39.982920 -5840.649366 0.879221 -0.427068 -0.211147 0.438871 0.898493 0.010170 0.185371 -0.101608 0.977401
-7.508528 -141.520276 -32.479713 6382.534766 0.894970 -0.443317 -0.049981 -0.368903 -0.798397 0.475891 0.250875 0.407470 0.878083
0.459655 -25.962657 122.766230 -729.654881 0.929919 -0.239908 -0.278738 -0.315320 -0.130049 -0.940032 -0.189272 -0.962045 0.196583
2.786090 -111.301000 173.107060 -5281.139431 0.947829 -0.271195 -0.167552 -0.159022 0.053296 -0.985836 -0.276284 -0.961048 -0.007389
0.226009 -64.033729 114.958328 -2441.054059 0.924979 -0.295209 -0.239304 -0.128426 0.349839 -0.927965 -0.357661 -0.889081 -0.285681
1.248516 -8.663321 31.499994 88.030925 -0.603555 0.796484 -0.036537 -0.641765 -0.512485 -0.570523 0.473137 0.320894 -0.820468
0.576014 -7.073148 19.363642 50.356464 -0.610476 0.790476 -0.049672 -0.683504 -0.557472 -0.471218 0.400177 0.253717 -0.880617
0.777309 -7.700797 6.534700 53.204028 -0.529662 0.848071 -0.015300 -0.740176 -0.470936 -0.479958 0.414244 0.242891 -0.877158
-7.160773 -11.578167 -52.492449 -97.262180 0.001533 0.911224 -0.411909 0.538934 -0.347724 -0.767228 0.842346 0.220815 0.491623
-8.057759 -11.059124 81.865648 -80.397674 -0.198217 0.926357 -0.320269 0.585961 -0.149939 -0.796347 0.785722 0.345515 0.513089
-6.402805 -11.429491 -41.942076 -218.875769 -0.036245 0.951358 -0.305948 0.700853 -0.194040 -0.686407 0.712385 0.239304 0.659729
-9.092105 -11.192861 49.726460 -146.532119 -0.007376 0.726420 -0.687211 0.506350 -0.589899 -0.628991 0.862297 0.352609 0.363471
-3.739242 -11.347324 -239.809406 -17.063226 0.081388 0.979908 -0.182088 0.547886 -0.196601 -0.813123 0.832584 0.033585 0.552879
-5.059444 -10.066817 -359.208223 292.430535 0.124733 0.984664 -0.121976 0.324831 -0.156687 -0.932703 0.937511 -0.076717 0.339393
-7.807820 -9.154978 -91.111136 162.439112 0.002863 0.913943 -0.405833 0.343141 -0.382092 -0.858056 0.939279 0.136801 0.314705
-7.133213 -9.298791 -38.929191 52.625748 0.833238 -0.516239 -0.198020 -0.097497 -0.489708 0.866418 0.544251 0.702626 0.458375
-6.593106 -9.291890 -28.217423 -37.646789 -0.685100 0.726016 0.059488 0.303844 0.359029 -0.882483 0.662055 0.586514 0.466567
-7.358398 -9.538081 15.245151 47.819783 0.733966 -0.674855 -0.076584 -0.196565 -0.318997 0.927148 0.650120 0.665441 0.366786
-3.442117 -16.917798 476.872884 -929.057705 0.598798 -0.634730 -0.488425 0.800895 0.476727 0.362351 0.002850 -0.608153 0.793815
7.227540 -3.094592 -257.718422 -215.944598 0.255624 -0.427851 0.866949 -0.042951 0.890830 0.452301 -0.965822 -0.152855 0.209341
2.622986 -7.936112 84.933528 -11.471523 -0.037750 0.998866 -0.028995 0.038588 0.030451 0.998791 -0.998542 -0.036585 0.039694
2.454827 -7.848854 71.265526 47.250981 -0.072071 0.994842 -0.071385 0.181272 0.083444 0.979886 -0.980789 -0.057681 0.186351
4.054173 -8.242419 78.415183 -9.039426 -0.124882 0.987298 -0.098217 -0.013290 0.097318 0.995165 -0.992083 -0.125583 -0.000968
3.169708 -7.798726 128.457861 -134.155626 -0.027913 0.999123 -0.031212 -0.122959 0.027555 0.992029 -0.992019 -0.031529 -0.122082
4.159699 -8.165509 107.558564 -15.714149 -0.063275 0.996559 -0.053534 -0.143574 0.043994 0.988661 -0.987615 -0.070244 -0.140297
5.285860 -8.098238 46.596224 3.941049 -0.170842 0.980147 -0.100625 -0.161838 0.072825 0.984127 -0.971916 -0.184415 -0.146183
4.091550 -8.109085 13.167852 11.422459 -0.235897 0.956307 -0.172714 0.057082 0.191059 0.979917 -0.970100 -0.221300 0.099658
5.072607 -8.346747 -3.268790 0.914536 -0.254867 0.953849 -0.158791 -0.095346 0.138625 0.985745 -0.962264 -0.266374 -0.055615
-0.096304 -7.568295 27.165457 33.624836 0.117700 0.986916 -0.110193 0.989218 -0.126260 -0.074204 -0.087146 -0.100271 -0.991136
-0.266881 -8.006590 8.109525 -14.531469 0.148244 0.981069 -0.124611 -0.969222 0.169171 0.178859 -0.196553 -0.094261 -0.975952
0.611657 -11.081055 17.040330 303.398411 -0.440489 -0.889381 -0.122354 0.896298 -0.443439 -0.003464 -0.051175 -0.111192 0.992480
1.296204 -13.512274 -29.260921 235.880034 0.478000 0.868971 0.128087 0.846611 -0.494649 0.196395 -0.234020 -0.014563 0.972123
