16645
33268
-7.533920 -9.675400 -19.995908 204.877755 0.128509 0.931844 0.339342 -0.769225 0.309630 -0.558948 0.625922 0.189201 -0.756587
-7.032505 -9.721594 66.304279 94.763554 -0.309503 0.950874 0.006878 -0.661670 -0.210162 -0.719740 0.682936 0.227313 -0.694210
-8.790940 -11.753719 44.712003 175.651191 0.050537 0.918527 0.392115 -0.654492 0.327020 -0.681687 0.754378 0.222186 -0.617695
-6.463120 -9.029895 23.197481 96.604954 -0.525266 0.839980 -0.136122 -0.555640 -0.459724 -0.692761 0.644484 0.288249 -0.708204
-6.422646 -14.344396 -78.115432 307.709343 0.240309 0.871351 0.427784 -0.642187 0.473182 -0.603072 0.727907 0.129794 -0.673280
-4.864205 -12.857234 -129.454900 391.993924 0.277016 0.912099 0.302222 -0.747271 0.402226 -0.528962 0.604027 0.079311 -0.793008
-5.402811 -7.431578 -82.727764 222.586227 0.099548 0.972860 0.208885 -0.840497 0.194578 -0.505672 0.532593 0.125228 -0.837056
-5.322440 -7.141456 67.601742 -73.108658 -0.750475 0.557285 -0.355276 0.372672 0.800787 0.468888 0.545805 0.219487 -0.808655
3.020682 -7.382173 146.478132 18.790958 0.356948 0.852075 0.382827 -0.405935 0.510597 -0.757963 0.841311 -0.115150 -0.528144
5.606315 -7.403713 224.224496 66.048553 0.404576 0.853005 0.329697 -0.434577 0.496540 -0.751392 0.804649 -0.160717 -0.571585
3.090324 -9.524444 147.493801 187.426112 0.361593 0.876069 0.318989 -0.358012 0.446379 -0.820105 0.860859 -0.182343 -0.475051
4.197339 -6.740245 218.305882 -66.549736 0.362508 0.860639 0.357614 -0.486972 0.502082 -0.714683 0.794636 -0.084930 -0.601117
2.221489 -8.542423 107.563033 85.012882 0.299127 0.904934 0.302684 -0.351822 0.399453 -0.846557 0.886986 -0.146737 -0.437862
2.692356 -7.220585 -8.859665 24.211089 0.340801 0.879484 0.332209 -0.408856 0.456847 -0.790017 0.846576 -0.133413 -0.515277
3.373420 -7.245266 -86.125093 -72.700142 0.385406 0.845067 0.370573 -0.461769 0.524326 -0.715438 0.798894 -0.104615 -0.592304
2.581243 -7.255629 107.725739 -81.593005 0.351927 0.860834 0.367576 -0.485429 0.503611 -0.714657 0.800316 -0.073075 -0.595108
-5.016736 -9.586359 -24.644155 -35.858504 0.008977 0.998325 -0.057155 -0.602472 0.051018 0.796508 -0.798089 -0.027284 -0.601921
-4.757831 -8.886114 -22.953400 -38.065209 0.001082 0.997378 -0.072362 -0.702210 0.052278 0.710048 -0.711969 -0.050045 -0.700425
-4.690529 -9.667452 -3.040018 -41.920956 -0.065084 0.994353 -0.083822 -0.594569 0.028819 0.803528 -0.801406 -0.102135 -0.589336
-4.931376 -10.053595 -11.170455 -16.318810 -0.078763 0.995165 -0.058682 -0.473414 0.014464 0.880721 -0.877311 -0.097149 -0.469986
-5.231597 -9.811281 -33.531890 -29.602818 0.008683 0.998841 -0.047337 -0.487436 0.045561 0.871969 -0.873115 -0.015503 -0.487267
-2.732391 -5.636865 -28.522057 62.106169 0.193720 0.964147 -0.181367 -0.771511 0.035522 -0.635224 0.606006 -0.262982 -0.750731
-1.328249 -5.142547 -82.435474 50.288965 0.338298 0.938632 -0.067270 -0.760593 0.230636 -0.606881 0.554123 -0.256472 -0.791940
-1.938107 -6.599316 88.000668 113.557474 -0.085473 0.940707 -0.328275 -0.784898 -0.266520 -0.559377 0.613702 -0.209850 -0.761139
-3.146054 -6.834521 99.210161 98.002669 -0.100917 0.923040 -0.371233 -0.747410 -0.316617 -0.584065 0.656654 -0.218521 -0.721841
-2.025544 -8.390065 140.136228 78.530077 -0.240045 0.869389 -0.431905 -0.648374 -0.474711 -0.595198 0.722488 -0.137161 -0.677641
-1.114773 -8.843828 59.479519 51.947514 -0.229123 0.874881 -0.426714 -0.638214 -0.466022 -0.612786 0.734973 -0.131932 -0.665138
-3.757572 -5.441152 3.388051 31.921958 0.349160 0.783343 0.514257 -0.446435 -0.343454 0.826278 -0.823883 0.518086 -0.229791
-3.279315 -5.277811 -38.465893 10.063250 0.448510 0.869882 0.205292 -0.272689 -0.085558 0.958290 -0.851163 0.485784 -0.198834
-2.854271 -5.342176 11.242843 46.415831 0.365982 0.741444 0.562421 -0.388123 -0.427673 0.816367 -0.845823 0.517065 -0.131251
-4.108963 -5.164739 -27.652124 -9.261621 0.453588 0.871243 0.187598 -0.353025 -0.017631 0.935448 -0.818310 0.490535 -0.299574
-3.590556 -5.892853 14.940591 50.004726 0.265809 0.672512 0.690704 -0.537691 -0.491256 0.685241 -0.800146 0.553529 -0.231024
-4.293093 -5.518708 31.289833 36.001235 0.192927 0.695603 0.692037 -0.594247 -0.478401 0.646531 -0.780801 0.535974 -0.321064
3.795482 -6.550828 -270.627696 -12.936279 0.133205 0.989821 -0.050108 -0.966286 0.118465 -0.228599 0.220336 -0.078870 -0.972230
3.281778 -6.837863 -281.055448 -16.209788 0.111106 0.991730 -0.064235 -0.989720 0.104561 -0.097575 0.090052 -0.074416 -0.993153
0.902902 -6.484973 -304.065922 -12.769937 0.131741 0.987828 -0.082707 -0.970930 0.111765 -0.211668 0.199847 -0.108188 -0.973836
-3.351438 -24.305591 70.286041 -122.330086 0.277675 0.958043 0.071062 0.034679 0.063926 -0.997352 0.960049 -0.279404 0.015474
-3.580521 -25.068083 -8.495599 -133.033368 0.390700 0.916258 0.088454 0.073658 0.064665 -0.995185 0.917566 -0.395334 0.042225
-2.881359 -22.852841 34.584856 220.431048 0.314239 0.946994 0.066751 -0.270994 0.156866 -0.949713 0.909844 -0.280348 -0.305923
-3.318997 -23.545353 93.029894 -302.593696 0.238943 0.968130 0.075036 0.330697 -0.008476 -0.943699 0.912987 -0.250305 0.322183
-2.754999 -23.458409 97.068671 -107.785423 0.171901 0.983180 0.061697 0.001630 0.062346 -0.998053 0.985113 -0.171667 -0.009115
39.770437 -6.855240 1547.140797 0.982518 -0.010708 0.971702 0.235968 0.902479 -0.092228 0.420744 -0.430601 -0.217462 0.875953
8.242386 -6.608283 263.346867 58.687565 -0.115707 0.992495 0.039561 0.922179 0.092540 0.375529 -0.369050 -0.079934 0.925966
4.910252 -8.126841 161.855062 -6.319459 -0.301997 0.952772 0.031982 0.903552 0.275376 0.328270 -0.303959 -0.128034 0.944042
52.457125 -11.489816 2642.984831 232.136139 -0.050559 0.990463 0.128170 0.955540 0.010645 0.294670 -0.290495 -0.137369 0.946965
-3.301823 -13.827941 -60.887178 -152.190232 0.973777 -0.215182 0.073862 -0.221738 -0.970318 0.096512 -0.050902 0.110359 0.992587
-4.440123 -15.136183 -61.430610 330.217892 0.988798 -0.149056 0.007777 -0.149258 -0.987308 0.054261 0.000409 0.054814 0.998497
-3.585434 -10.900961 -44.706766 -1017.674364 0.987876 -0.150718 0.037213 -0.154617 -0.976722 0.148684 -0.013938 0.152635 0.988184
-4.204069 -13.818514 -61.120759 -553.141752 0.983231 -0.177900 0.040109 0.178442 0.983896 -0.010343 -0.037623 0.017327 0.999142
-2.793740 -29.487369 -24.955146 1464.959134 0.990109 -0.121370 0.070376 -0.132600 -0.973409 0.186796 -0.045833 0.194280 0.979875
-2.584295 -32.611170 -36.850782 1826.159611 0.978015 -0.177594 0.109307 -0.192374 -0.970674 0.144170 -0.080498 0.162028 0.983497
-2.990583 -14.624789 -59.575244 -365.213329 0.959322 -0.262415 0.104113 0.267729 0.962638 -0.040611 -0.089566 0.066833 0.993736
0.173469 -14.597883 40.220256 35.978727 -0.126283 0.974983 0.182924 -0.696255 0.044234 -0.716430 0.706599 0.217834 -0.673251
0.336749 -15.040583 27.296223 -111.945045 -0.135414 0.976583 0.167178 -0.801776 -0.008881 -0.597559 0.582081 0.214957 -0.784203
0.992301 -14.059547 39.269846 -98.817724 -0.136991 0.978291 0.155499 -0.774010 -0.007750 -0.633126 0.618177 0.207091 -0.758268
-0.452841 -15.013100 12.552819 -391.554277 -0.077487 0.981753 0.173657 0.912779 0.139920 -0.383741 0.401037 -0.128776 0.906965
-0.547410 -18.139471 18.296852 -332.655306 -0.077669 0.981193 0.176712 0.823910 0.162973 -0.542782 0.561374 -0.103437 0.821073
-0.237390 -15.041142 10.042990 -445.333727 -0.088849 0.980301 0.176396 0.911646 0.151378 -0.382082 0.401258 -0.126863 0.907137
-0.292602 -11.247449 0.004611 -351.217242 -0.095696 0.978473 0.182846 0.954150 0.142507 -0.263230 0.283621 -0.149273 0.947247
-0.495353 -11.211009 -2.051625 -354.715832 -0.074117 0.982173 0.172750 0.950871 0.121815 -0.284616 0.300586 -0.143168 0.942948
-0.215226 -15.705067 12.732595 -528.603387 -0.079311 0.982152 0.170547 0.908646 0.141589 -0.392829 0.409965 -0.123812 0.903659
-0.897830 -14.185143 -10.235660 125.255540 0.254814 0.954514 -0.154832 -0.877183 0.160780 -0.452438 0.406965 -0.251104 -0.878252
-0.727889 -17.848577 -3.034557 261.042422 0.275042 0.952373 -0.131674 -0.747593 0.125737 -0.652147 0.604531 -0.277806 -0.746570
-0.698078 -14.727807 -6.368444 159.586636 0.255058 0.951453 -0.172288 -0.881785 0.155768 -0.445187 0.396737 -0.265469 -0.878707
1.578113 -18.945844 73.942260 -168.984769 -0.145644 0.979908 0.136267 0.706876 0.006704 0.707306 -0.692181 -0.199339 0.693649
1.886796 -19.925618 37.476095 -159.734742 -0.158689 0.978584 0.131111 0.846482 0.066492 0.528248 -0.508218 -0.194811 0.838906
2.416516 -19.197967 -31.279742 -187.162341 -0.193934 0.966202 0.169832 0.772165 0.043560 0.633927 -0.605104 -0.254078 0.754515
2.549494 -17.876048 -43.148611 -244.015420 -0.189934 0.963408 0.189130 0.669610 -0.013767 0.742585 -0.718016 -0.267686 0.642493
2.451988 -17.379060 -19.791763 -95.762862 -0.164998 0.966327 0.197451 0.591829 -0.063144 0.803586 -0.788995 -0.249448 0.561482
1.320230 -17.959142 81.137556 26.666061 -0.137265 0.979456 0.147733 0.562860 -0.045599 0.825294 -0.815075 -0.196437 0.545037
-0.167859 -17.480302 206.509857 -234.596146 -0.110480 0.987880 0.109030 0.630831 -0.015071 0.775774 -0.768014 -0.154487 0.621521
-1.045887 -16.702973 10.529149 -128.789946 -0.538198 0.820963 0.190690 -0.217630 -0.353948 0.909592 -0.814236 -0.448041 -0.369161
-1.070372 -18.355042 11.590618 -272.930759 -0.538582 0.813301 0.220162 -0.061251 -0.298398 0.952474 -0.840344 -0.499500 -0.210527
-0.738607 -16.432187 41.020674 -76.498352 -0.512997 0.831795 0.212019 -0.168198 -0.339613 0.925404 -0.841750 -0.439068 -0.314126
-0.355840 -19.122044 -4.291067 -146.382669 -0.510653 0.831497 0.218737 0.258807 -0.093954 0.961349 -0.819910 -0.547527 0.167219
-0.347978 -18.577369 14.885237 -203.956498 -0.481154 0.849422 0.216732 0.331659 -0.052471 0.941939 -0.811476 -0.525099 0.256472
-0.298609 -17.210406 10.597808 -134.032498 -0.491511 0.848747 0.195053 0.176699 -0.122123 0.976659 -0.852757 -0.514504 0.089948
-0.792446 -17.818873 -7.963263 -15.570224 -0.501574 0.839950 0.207141 0.113609 -0.173411 0.978275 -0.857622 -0.514211 0.008448
-0.277501 -16.783456 -4.948780 36.062428 -0.507655 0.839148 0.195235 0.033280 -0.207338 0.977703 -0.860917 -0.502834 -0.077329
-0.274193 -16.951736 -7.936652 -127.825040 -0.519167 0.832061 0.195294 0.102256 -0.166389 0.980744 -0.848533 -0.529140 -0.001300
-5.128497 -59.260842 -220.989346 -924.906987 0.777312 -0.551131 0.303382 -0.517640 -0.286232 0.806300 0.357540 0.783790 0.507779
-5.893813 -63.947292 -36.547959 -438.059726 0.790533 -0.548688 0.272028 -0.592483 -0.572794 0.566455 0.154991 0.608974 0.777900
-9.317335 -89.965185 -99.390985 -1818.638961 0.795076 -0.555119 0.244330 -0.541919 -0.469308 0.697190 0.272357 0.686726 0.673965
-6.506048 -78.335670 -305.635590 -2825.516438 0.780824 -0.560621 0.275716 -0.391265 -0.094755 0.915387 0.487059 0.822634 0.293338
-0.076606 -50.660413 -322.315435 -1444.960920 0.737232 -0.553349 0.387677 -0.416432 0.079694 0.905667 0.532045 0.829128 0.171679
1.898859 -14.712245 -536.268585 273.011742 0.308796 0.946493 -0.093782 -0.932175 0.281582 -0.227511 0.188930 -0.157676 -0.969249
-3.913669 -20.468261 -442.053480 -253.778985 -0.241661 0.924478 -0.294857 0.959724 0.272578 0.068048 0.143280 -0.266537 -0.953115
-50.228330 -521.164308 1829.489665 36885.765857 0.913780 0.278401 0.295802 0.195763 0.336242 -0.921205 0.355925 -0.899685 -0.252751
0.556160 -68.051899 119.882124 2518.571862 -0.557759 0.823368 -0.104738 -0.688978 -0.388923 0.611595 -0.462833 -0.413285 -0.784208
4.605184 -100.789842 -138.705590 -6987.215733 -0.172415 0.978935 -0.109360 -0.773028 -0.203280 -0.600920 0.610492 0.019069 -0.791793
65.145071 -470.161673 1380.221214 -16729.060273 0.115763 0.979120 0.167103 0.386540 0.110565 -0.915621 0.914978 -0.170587 0.365670
5.289100 -187.081141 137.963622 13200.212334 -0.583211 0.810962 -0.046962 0.251793 0.235439 0.938706 -0.772311 -0.535639 0.341506
0.479070 -1.134921 -61.283462 -178.450795 0.581975 0.626971 -0.517892 0.262841 0.457643 0.849398 -0.769558 0.630452 -0.101543
0.221996 -1.145736 -74.084336 -97.978021 0.367558 0.539626 0.757433 0.531900 0.546109 -0.647184 -0.762878 0.640757 -0.086301
0.793888 -1.864228 74.546702 64.224931 -0.280919 -0.197133 0.939267 0.574407 0.749500 0.329100 -0.768857 0.631972 -0.097314
1.793766 -2.611872 114.492649 -75.379198 -0.465297 -0.428110 0.774739 0.448459 0.640591 0.623320 -0.763141 0.637467 -0.106075
1.673609 -3.297394 36.053095 15.058661 -0.401963 -0.296936 0.866172 0.526670 0.698841 0.483984 -0.749029 0.650731 -0.124521
-2.787242 -7.781868 -81.933849 -53.024523 -0.482767 0.798739 0.359100 -0.351196 -0.552209 0.756126 -0.802246 -0.238918 -0.547102
-3.566479 -8.178471 -59.413166 -49.434193 -0.458665 0.798770 0.389349 -0.245171 -0.534902 0.808561 -0.854118 -0.275402 -0.441176
-3.416776 -7.581927 -48.803819 -45.263222 -0.426240 0.838577 0.339275 -0.405190 -0.512308 0.757206 -0.808789 -0.185281 -0.558149
-2.794828 -7.030070 -68.465518 -34.201229 -0.448921 0.829298 0.332768 -0.474193 -0.536734 0.697895 -0.757371 -0.155503 -0.634199
-3.441512 -7.392463 4.938154 -33.699550 -0.342524 0.893056 0.291768 -0.468262 -0.431508 0.771059 -0.814499 -0.127482 -0.565986
-3.075622 -6.891299 -17.533705 -25.752121 -0.378157 0.875850 0.299806 -0.533048 -0.470789 0.703006 -0.756873 -0.106036 -0.644902
-2.412019 -58.005398 -50.600361 6504.719470 0.977619 -0.163609 0.132261 -0.192289 -0.949948 0.246218 -0.085358 0.266140 0.960148
0.929854 -197.870221 -134.404696 25329.455295 0.984923 -0.091957 0.146528 -0.169732 -0.677375 0.715790 -0.033433 0.729868 0.682770
329.666364 -23.961914 -39796.407726 2582.111307 0.101097 -0.954091 0.281939 0.991253 0.120765 0.053234 -0.084839 0.274091 0.957954
-3.786501 -281.818905 -4180.729468 -17766.907505 0.998685 0.043036 -0.027874 -0.050349 0.925923 -0.374341 -0.009699 -0.375252 -0.926872
-58.378287 -246.310456 -4533.972620 -1370.376221 0.991603 -0.062133 -0.113414 -0.043847 0.663522 -0.746870 -0.121658 -0.745572 -0.655226
-34.456881 -173.863325 -2116.120062 -10250.736309 0.999971 0.005268 -0.005546 -0.007316 0.446976 -0.894516 0.002233 -0.894530 -0.447002
-4.621595 -19.935592 228.964258 1363.261437 0.966431 0.234965 -0.103932 -0.220161 0.548842 -0.806412 0.132437 -0.802224 -0.582149
219.852630 -2818.307384 -1377.674468 -458757.856539 0.965589 0.252482 -0.062384 -0.252044 0.849307 -0.463845 0.064129 -0.463607 -0.883717
-3.549811 -66.951708 237.362362 -3717.726622 0.947254 0.230672 0.222485 0.240061 -0.050790 -0.969428 0.212320 -0.971705 0.103487
-4.398854 -164.957222 111.467839 4301.469896 -0.970469 0.138278 0.197658 0.088391 0.966246 -0.241982 -0.224447 -0.217365 -0.949935
-2.481301 -325.904518 -177.934317 18603.073003 0.986510 0.003846 -0.163656 0.023421 0.986123 0.164356 -0.162017 0.165972 -0.972730
-0.383742 -221.642460 -93.779867 -13146.783274 0.986485 -0.041002 -0.158640 -0.069304 0.772906 -0.630724 -0.148474 -0.633194 -0.759619
-2.999495 -75.241663 -111.583287 -3284.331419 0.980223 -0.080810 -0.180647 -0.127406 0.440807 -0.888514 -0.151431 -0.893957 -0.421794
-2.430143 -321.390912 -102.031983 -17575.493661 0.977735 -0.051791 -0.203351 -0.140790 0.556675 -0.818713 -0.155602 -0.829115 -0.536989
-1.878595 -4.570645 58.017723 -47.699001 -0.287568 0.885063 -0.366016 -0.016867 -0.386779 -0.922018 0.957612 0.258969 -0.126153
-2.291360 -4.263243 58.855448 -7.267670 -0.277898 0.944903 -0.173004 -0.026888 -0.187678 -0.981862 0.960234 0.268206 -0.077562
-2.594708 -5.006670 72.918010 -40.274094 -0.260985 0.914795 -0.308280 -0.046771 -0.330955 -0.942487 0.964209 0.231557 -0.129160
-12.285906 -15.963749 663.369170 -377.916350 0.016077 0.980356 0.196582 0.565015 0.153299 -0.810714 0.824924 -0.124105 0.551451
-13.123584 -21.102074 819.894969 -496.152515 0.143581 0.989552 0.013058 0.350670 -0.038533 -0.935706 0.925427 -0.138928 0.352539
-3.817531 -17.451338 125.008399 -651.351464 0.179922 0.981608 0.063830 0.495791 -0.034448 -0.867758 0.849599 -0.187775 0.492871
-4.994203 -11.036781 81.200029 -219.019873 0.070940 0.973126 0.219075 0.607459 0.132057 -0.783297 0.791177 -0.188647 0.581766
-7.978729 -13.920265 341.900019 293.848323 -0.319498 0.769517 0.552960 0.578833 0.620510 -0.529074 0.750249 -0.151033 0.643673
-6.141254 -9.368752 45.643195 56.447557 0.999784 0.020709 -0.001660 0.006245 -0.223330 0.974723 -0.019815 0.974523 0.223411
-7.455648 -9.375545 51.069395 53.914167 0.974225 0.213287 -0.073445 0.117443 -0.201593 0.972403 -0.192595 0.955965 0.221446
-6.154261 -8.943052 46.032455 27.243089 0.996870 0.055351 -0.056454 0.072435 -0.353257 0.932718 -0.031685 0.933887 0.356161
0.163390 -1.800937 51.825815 53.304324 0.192613 0.971362 -0.139126 0.722206 -0.236314 -0.650057 0.664318 -0.024732 0.747041
-0.656629 -1.579659 67.118892 42.858367 0.076604 0.996226 -0.040807 0.741688 -0.084289 -0.665428 0.666356 -0.020709 0.745346
0.289135 -1.349306 53.049723 4.038055 0.098302 0.993649 -0.054752 0.735928 -0.109620 -0.668127 0.669886 -0.025385 0.742030
0.813251 -1.542247 22.432331 13.532249 0.172969 0.980026 -0.098133 0.725008 -0.194130 -0.660815 0.666667 -0.043153 0.744105
0.351610 -1.723041 57.422849 -45.392861 0.043381 0.999025 -0.008220 0.737190 -0.037563 -0.674641 0.674292 -0.023207 0.738100
0.929846 -1.775208 23.172357 -40.176684 0.096418 0.994929 -0.028643 0.734053 -0.090513 -0.673033 0.672213 -0.043867 0.739058
0.751616 -17.113685 44.618068 -314.429561 0.119868 0.986920 -0.107802 0.639496 -0.159813 -0.752000 0.759392 -0.021202 0.650288
-0.088380 -17.530259 42.936872 -315.697498 0.128516 0.983857 -0.124534 0.630211 -0.177982 -0.755749 0.765714 -0.018644 0.642911
0.389040 -21.301813 42.759037 -398.768181 0.126318 0.985195 -0.115908 0.468965 -0.162270 -0.868182 0.874137 -0.055310 0.482520
0.706655 -14.040680 47.813126 -222.993298 0.109509 0.988305 -0.106115 0.765276 -0.151958 -0.625510 0.634319 0.012709 0.772967
1.054813 -21.264052 37.791269 -424.433946 0.130629 0.985713 -0.106326 0.479994 -0.156716 -0.863160 0.867492 -0.061718 0.493608
1.441423 -16.663482 39.354531 -279.338950 0.122053 0.989144 -0.081835 0.641872 -0.141553 -0.753633 0.757036 -0.039455 0.652181
1.517360 -13.675605 45.491561 -193.357125 0.106817 0.991406 -0.075527 0.768354 -0.130518 -0.626576 0.631049 -0.008898 0.775692
-0.497378 -6.837986 57.270169 -40.275016 -0.032905 0.980004 0.196239 0.447183 -0.161160 0.879804 -0.893837 -0.116705 0.432938
-0.215280 -6.140235 36.021104 -61.271535 -0.050615 0.981585 0.184199 0.328078 -0.157858 0.931368 -0.943294 -0.107573 0.314046
-0.270844 -6.000151 13.967550 -68.106758 -0.049780 0.974282 0.219764 0.314845 -0.193510 0.929207 -0.947837 -0.115448 0.297115
-0.567925 -6.702652 6.688200 -51.509648 -0.054470 0.972813 0.225093 0.417522 -0.182585 0.890134 -0.907033 -0.142467 0.396226
-0.076968 -5.128256 -25.952093 -55.280959 -0.059522 0.966059 0.251370 0.218831 -0.233063 0.947520 -0.973946 -0.111406 0.197531
-0.382694 -5.951372 -54.412956 -66.803800 -0.075241 0.963818 0.255722 0.312930 -0.220671 0.923785 -0.946791 -0.149530 0.285004
-0.583383 -11.371498 -13.112482 0.653963 -0.224538 0.974039 -0.028821 0.176837 0.069814 0.981761 -0.958286 -0.215346 0.187922
-0.766090 -10.980742 6.955489 12.530068 -0.199841 0.978987 -0.040605 0.168464 0.075154 0.982839 -0.965237 -0.189571 0.179943
-0.511629 -11.007346 -12.701385 -49.195431 -0.230672 0.971928 -0.046319 -0.015027 0.044039 0.998917 -0.972916 -0.231118 -0.004446
-1.689405 -12.823129 14.542256 35.062475 0.382487 0.923886 0.011792 0.819177 -0.344986 0.458186 -0.427379 0.165591 0.888778
-2.007354 -12.668602 4.615333 20.314063 0.342987 0.938184 0.046597 0.828560 -0.325535 0.455538 -0.442547 0.117635 0.888996
-1.603300 -12.378504 14.056176 13.225342 0.370204 0.928932 0.005946 0.896180 -0.358822 0.260978 -0.244564 0.091286 0.965327
-1.111695 -12.468232 22.261509 37.840987 0.396293 0.917782 -0.025041 0.887690 -0.376050 0.265692 -0.234431 0.127521 0.963733
1.269771 -19.595188 -100.616156 199.169557 0.246159 0.948505 -0.199356 -0.830114 0.312495 0.461799 -0.500317 -0.051812 -0.864291
-0.123007 -19.295684 -70.923915 171.897242 0.162161 0.972519 -0.167067 -0.858032 0.222585 0.462858 -0.487325 -0.068291 -0.870546
-0.028258 -19.322128 -91.172365 -41.581267 0.247241 0.945910 -0.210063 -0.928995 0.293023 0.226066 -0.275391 -0.139255 -0.951193
2.461390 -6.847310 -56.369152 -13.549538 -0.087365 0.990666 0.104633 0.871269 0.025065 0.490166 -0.482968 -0.133987 0.865326
3.644305 -6.764217 -97.844724 -18.013200 -0.042349 0.994947 0.091032 0.869932 -0.008089 0.493106 -0.491350 -0.100074 0.865194
2.490163 -6.924508 -61.130978 -2.122715 -0.071459 0.992859 0.095519 0.928498 0.031228 0.370023 -0.364398 -0.115130 0.924099
1.766336 -6.927212 -27.968736 0.971892 -0.108779 0.988339 0.106548 0.929518 0.063136 0.363331 -0.352367 -0.138561 0.925547
1.918999 -6.930645 -20.319681 -7.430531 -0.123253 0.985707 0.114849 0.873920 0.052978 0.483175 -0.470184 -0.159921 0.867958
-0.922480 -6.624232 15.121237 50.672950 0.010656 0.995131 -0.097987 -0.978514 -0.009800 -0.205945 0.205903 -0.098076 -0.973645
-1.236316 -6.814343 -12.751769 44.492555 -0.028202 0.990714 -0.133006 -0.987594 -0.048178 -0.149455 0.154475 -0.127142 -0.979782
-0.761133 -5.956661 13.078975 -19.791632 -0.126884 0.985753 -0.110418 0.988679 0.134672 0.066159 0.080087 -0.100774 -0.991681
-1.211685 -7.366950 -6.028112 41.069989 0.043097 0.991809 -0.120243 -0.953094 0.004724 -0.302637 0.299590 -0.127646 -0.945490
-0.885267 -5.759375 23.142981 26.936479 -0.087667 0.991948 -0.091394 -0.987558 -0.098568 -0.122526 0.130548 -0.079515 -0.988248
-0.705782 -6.669869 52.935657 47.700506 0.041247 0.996780 -0.068765 -0.966189 0.022260 -0.256874 0.254516 -0.077035 -0.963996
-0.820472 -7.376142 27.169733 37.354772 0.062414 0.994322 -0.086191 -0.936085 0.028365 -0.350628 0.346192 -0.102566 -0.932540
0.323827 -14.574021 -35.822795 12.664853 0.163863 0.982218 0.091636 0.972008 -0.176615 0.154943 -0.168372 -0.063681 0.983664
0.667768 -14.531101 39.175457 41.161301 -0.187403 -0.977446 -0.097364 0.982226 -0.185395 -0.029350 0.010637 -0.101134 0.994816
-0.229844 -13.842576 54.781532 5.567590 -0.214693 -0.970386 -0.110713 0.976620 -0.214568 -0.013185 -0.010961 -0.110956 0.993765
5.558095 -50.012140 -281.917933 -3132.553364 0.952131 0.236237 0.194006 -0.272980 0.942705 0.191803 0.137580 0.235581 -0.962067
0.809676 -5.977737 30.816570 3.047339 0.806505 0.540480 0.239650 -0.567292 0.821597 0.056195 0.166523 0.181273 -0.969232
0.007558 -5.532877 116.152643 -14.423080 0.866689 0.435560 0.243183 -0.469095 0.877438 0.100264 0.169707 0.200974 -0.964784
1.656969 -43.605848 66.807295 -2620.039154 0.985887 0.044402 0.161415 -0.083625 0.965893 0.245068 0.145028 0.255108 -0.955974
-1.003473 -22.853313 12.002600 20.751008 -0.215921 0.908704 -0.357260 -0.695546 0.113646 0.709437 -0.685269 -0.401673 -0.607507
-0.763073 -23.638870 -16.272587 3.078414 -0.249525 0.894873 -0.370053 -0.666430 0.118562 0.736080 -0.702572 -0.430285 -0.566786
-1.102057 -22.288027 6.031926 114.954295 -0.231673 0.912374 -0.337494 -0.525338 0.174654 0.832776 -0.818748 -0.370230 -0.438842
-1.307573 -22.668248 -5.924646 141.110835 -0.215857 0.910877 -0.351723 -0.627191 0.146733 0.764919 -0.748356 -0.385711 -0.539620
-1.314017 -19.964421 -19.004830 241.993458 -0.223725 0.918681 -0.325533 -0.404177 0.216478 0.888694 -0.886898 -0.330397 -0.322879
-1.395081 -20.783025 17.161294 191.587033 -0.225571 0.922317 -0.313765 -0.388523 0.210181 0.897148 -0.893402 -0.324275 -0.310931
-1.023497 -6.000761 41.279794 -57.523329 0.149861 -0.501278 0.852210 0.367847 0.828336 0.422549 -0.917731 0.250160 0.308529
-1.336832 -5.442444 12.391736 -57.875299 0.149612 -0.462800 0.873746 0.354476 0.850055 0.389555 -0.923019 0.251439 0.291230
-0.736566 -4.994983 7.047644 -18.296009 0.229219 -0.240165 0.943281 0.233407 0.954371 0.186270 -0.944976 0.177472 0.274817
-0.777969 -6.157947 34.856615 -4.465482 0.206675 -0.342356 0.916558 0.270391 0.920285 0.282778 -0.940305 0.189386 0.282770
0.364039 -5.375727 -57.938373 63.513584 0.246760 0.032324 0.968537 0.089067 0.994457 -0.055881 -0.964975 0.100054 0.242513
-0.001743 -3.950473 -68.934213 -2.210088 0.248132 0.060484 0.966836 0.106682 0.990272 -0.089329 -0.962834 0.125310 0.239266
-0.424764 -4.063259 -63.509842 -31.266979 0.226105 -0.132764 0.965013 0.190843 0.977507 0.089768 -0.955225 0.163869 0.246356
0.930927 -22.089709 -2.842467 -412.937205 -0.243213 0.960646 -0.134190 0.934785 0.195212 -0.296765 0.258891 0.197616 0.945475
0.837004 -19.748323 3.007448 -197.824977 0.237944 -0.962391 0.131096 0.966932 0.221956 -0.125613 0.091792 0.156650 0.983379
0.829652 -19.426516 11.040169 -280.322536 0.246397 -0.958740 0.141794 0.962228 0.224522 -0.153970 0.115781 0.174375 0.977849
1.057832 -21.676650 9.256048 -291.034854 -0.224685 0.965970 -0.128136 0.944660 0.183673 -0.271811 0.239027 0.182117 0.953782
1.236357 -24.265145 12.013997 -373.421224 -0.222606 0.965619 -0.134265 0.881465 0.140516 -0.450861 0.416493 0.218714 0.882438
-4.848306 -19.809880 -70.590812 -634.756207 -0.401101 0.911639 0.089628 0.900047 0.410410 -0.146560 0.170394 -0.021884 0.985133
-4.219853 -30.665118 84.697185 -1270.744539 -0.271693 0.962329 0.010264 0.901978 0.258345 -0.345967 0.335586 0.084739 0.938190
-4.154602 -18.779960 177.999269 -413.179597 -0.190951 0.977297 -0.091809 0.940549 0.155398 -0.302023 0.280900 0.144022 0.948869
-4.248874 -74.223539 -25.291299 2421.964315 -0.264489 0.960742 0.083785 0.884595 0.207085 0.417861 -0.384106 -0.184636 0.904639
-5.306166 -507.573190 -412.300802 -5241.041668 -0.088869 0.986800 0.135380 0.771713 -0.017717 0.635724 -0.629731 -0.160971 0.759952
450.195103 -21.290130 167394.434020 6000.384771 0.816222 -0.217804 -0.535110 0.236114 0.971091 -0.035107 0.527287 -0.097692 0.844053
1.666560 -7.123195 -6.168573 6.237986 -0.136386 0.979789 0.146331 0.819168 0.028474 0.572846 -0.557102 -0.197998 0.806495
2.004626 -6.914668 -17.814990 -5.581794 -0.124134 0.983133 0.134316 0.809342 0.022005 0.586925 -0.574069 -0.181566 0.798422
1.856708 -7.008937 20.046239 -0.894543 -0.144605 0.982233 0.119619 0.878452 0.071795 0.472407 -0.455425 -0.173392 0.873226
1.533726 -7.083718 14.541095 5.119006 -0.154800 0.979160 0.131462 0.884877 0.078241 0.459208 -0.439352 -0.187413 0.878548
0.905709 -7.316366 -67.364815 19.258355 -0.144571 0.973768 0.175712 0.832179 0.023582 0.554006 -0.535330 -0.226317 0.813758
-3.539221 -7.569154 15.051117 -184.737187 0.288946 0.850994 -0.438543 0.753180 0.080697 0.652846 -0.590957 0.518939 0.617634
-3.106371 -6.611761 43.463108 -162.862315 0.163803 0.798867 -0.578774 0.775650 0.258214 0.575928 -0.609537 0.543265 0.577345
-3.056036 -5.649572 37.085920 -151.371655 0.233880 0.846586 -0.478113 0.717189 0.181803 0.672746 -0.656460 0.500239 0.564642
-3.508114 -6.772340 23.241724 -177.573026 0.342722 0.880020 -0.328797 0.685276 0.005218 0.728265 -0.642603 0.474909 0.601268
-3.820450 -8.669517 1.417761 -159.886501 0.352402 0.874118 -0.334262 0.749682 -0.049884 0.659916 -0.560170 0.483146 0.672889
-2.389083 -9.783498 95.318922 70.171576 -0.446844 0.804264 0.391779 0.525712 0.590405 -0.612412 0.723849 0.067690 0.686630
-1.243581 -10.093120 63.480255 45.181673 -0.455970 0.810020 0.368725 0.553883 0.582562 -0.594841 0.696638 0.066999 0.714287
-1.716884 -10.329863 90.903750 -6.092763 -0.433222 0.823493 0.366304 0.650754 0.566989 -0.505018 0.623569 -0.019589 0.781523
-3.206823 -9.960136 178.273300 -29.674200 -0.442749 0.813118 0.377905 0.661187 0.580751 -0.474932 0.605644 -0.039590 0.794750
-1.287432 -9.861214 86.073072 -65.625225 -0.402167 0.852809 0.333133 0.748057 0.515855 -0.417497 0.527894 -0.081299 0.845410
-2.376455 -9.353719 131.580917 -92.831517 -0.395756 0.848371 0.351630 0.762024 0.517055 -0.389837 0.512539 -0.113670 0.851107
2.908895 -5.347681 151.229000 56.986280 0.141545 0.909529 -0.390798 0.737689 -0.360165 -0.571049 0.660137 0.207458 0.721929
4.739747 -4.951641 174.128960 50.996506 0.148147 0.926420 -0.346119 0.758965 -0.330885 -0.560792 0.634054 0.179613 0.752140
3.201464 -6.093273 181.178086 44.483210 0.083924 0.931698 -0.353406 0.817713 -0.267075 -0.509918 0.569475 0.246190 0.784276
1.021131 -6.516100 110.388014 49.139569 0.064631 0.931872 -0.356985 0.807316 -0.259101 -0.530196 0.586569 0.253932 0.769061
1.099895 -5.779161 94.338821 61.178328 0.136038 0.903943 -0.405438 0.717843 -0.371985 -0.588498 0.682785 0.210982 0.699493
-60.586916 -316.652424 -4124.123000 4934.631619 0.962878 -0.121266 0.241167 -0.244911 -0.768151 0.591576 -0.113514 0.628680 0.769335
-14.245633 -227.143490 -2900.906712 25502.342967 0.946958 -0.027360 0.320192 -0.180369 -0.869879 0.459104 -0.265967 0.492505 0.828674
7.444174 -341.978996 -9265.046670 41285.859741 0.962626 -0.097769 0.252570 0.090173 0.995061 0.041505 -0.255380 -0.017179 0.966688
-51.836560 -339.433526 -4990.635138 18756.603022 0.995437 -0.057861 -0.075880 0.056880 0.998268 -0.015028 0.076618 0.010643 0.997004
-68.471940 -182.293911 -5139.834269 9362.540579 0.997845 -0.065612 -0.000407 -0.052917 -0.801076 -0.596219 -0.038793 -0.594956 0.802822
-5.002480 -179.669403 -2970.887413 8492.003601 0.977301 -0.156333 0.142976 -0.029303 -0.768144 -0.639606 -0.209818 -0.620898 0.755289
5.150741 -37.316617 -85.633461 483.942841 0.166624 0.969735 0.178466 0.083274 0.166510 -0.982517 0.982498 -0.178572 0.053009
4.808509 -33.114521 -75.396855 496.874879 0.146060 0.977402 0.152815 -0.209553 0.181534 -0.960798 0.966827 -0.108311 -0.231332
3.469272 -30.539940 -39.366751 140.635468 0.199719 0.963605 0.177701 0.001785 0.180997 -0.983482 0.979852 -0.196737 -0.034428
5.678360 -44.514193 -74.335137 484.642018 0.072237 0.984513 0.159734 -0.010863 0.160920 -0.986908 0.997328 -0.069556 -0.022319
4.332949 -34.020652 -76.429393 181.666053 0.178825 0.962705 0.203030 0.261503 0.152428 -0.953091 0.948492 -0.223530 0.224492
5.456099 -44.824262 -98.229484 -509.221639 0.097380 0.977714 0.185991 0.450099 0.123412 -0.884410 0.887653 -0.169838 0.428051
-2.205787 -49.627564 -127.156681 543.489801 0.953909 -0.239894 0.180303 0.272679 0.943769 -0.186939 0.125319 -0.227488 -0.965683
0.341295 -40.943988 63.273368 609.133587 -0.926896 0.295322 -0.231621 0.273960 0.954189 0.120287 0.256534 0.048039 -0.965341
-1.372785 -50.274750 120.836895 488.875859 -0.941630 0.268032 -0.203695 0.231372 0.954771 0.186761 0.244540 0.128731 -0.961056
-7.290077 -10.276061 72.040133 99.153699 -0.319355 0.946409 0.048193 -0.607460 -0.165417 -0.776936 0.727327 0.277394 -0.627733
6.216878 -9.378482 168.005496 271.670126 0.435340 0.854894 0.282198 -0.414405 0.468570 -0.780200 0.799217 -0.222708 -0.558259
9.604370 -8.593890 246.627632 222.245882 0.495438 0.837535 0.230383 -0.483757 0.486320 -0.727648 0.721471 -0.249055 -0.646105
7.297779 -7.012698 289.118777 0.470159 0.410032 0.863116 0.294797 -0.518971 0.486579 -0.702787 0.750029 -0.135174 -0.647445
-4.526552 -8.883739 -6.362012 -55.208436 -0.063194 0.991410 -0.114511 -0.696849 0.038305 0.716194 -0.714428 -0.125056 -0.688443
-1.477678 -5.372898 -180.578339 26.673052 0.441036 0.897462 -0.006992 -0.667812 0.322955 -0.670617 0.599595 -0.300436 -0.741771
-0.164195 -4.859956 -83.019574 38.604752 0.449762 0.892701 0.028275 -0.708347 0.375805 -0.597508 0.544021 -0.248708 -0.801365
-0.095486 -4.575974 -21.133184 44.099968 0.383681 0.923457 -0.004040 -0.776821 0.320384 -0.542129 0.499338 -0.211142 -0.840286
-0.076779 -5.047299 -131.794184 24.551612 0.461910 0.886852 0.011481 -0.673077 0.358938 -0.646630 0.577586 -0.290957 -0.762717
-2.532161 -5.018781 -13.587245 24.035056 0.430040 0.846188 0.314692 -0.237342 -0.230344 0.943721 -0.871054 0.480527 -0.101779
-2.719267 -5.521480 -17.994498 12.082612 0.468629 0.882922 0.028896 -0.178239 0.062466 0.982002 -0.865227 0.465345 -0.186645
-3.323473 -5.462641 -65.904382 3.355194 0.494377 0.861955 -0.112356 -0.193916 0.235362 0.952366 -0.847342 0.449041 -0.283504
-2.542975 -5.979845 -66.549949 -14.077789 0.143410 0.989467 -0.019709 -0.897117 0.121565 -0.424740 0.417870 -0.078593 -0.905101
-0.770748 -5.940998 -231.344617 -14.693405 0.162597 0.984278 -0.068982 -0.893439 0.117200 -0.433626 0.418724 -0.132138 -0.898449
-1.348509 -6.219259 -220.789165 -10.877042 0.146830 0.986778 -0.068627 -0.940177 0.117660 -0.319723 0.307421 -0.111466 -0.945022
-0.793297 -12.153458 -6.855326 6.574797 0.259402 0.960946 -0.096401 -0.413924 0.020438 -0.910082 0.872570 -0.275979 -0.403060
-0.651903 -12.202199 -4.962629 -20.126544 0.258932 0.962749 -0.077902 -0.185940 -0.029460 -0.982119 0.947829 -0.268787 -0.171385
-0.617003 -12.370868 -18.366380 -15.761660 0.288592 0.950712 -0.113407 -0.364918 -0.000288 -0.931040 0.885183 -0.310075 -0.346849
-0.908693 -11.999618 -2.094413 -5.539856 0.240573 0.967761 -0.074584 -0.388865 0.025691 -0.920937 0.889331 -0.250556 -0.382509
-0.709990 -12.041661 -12.968990 19.430721 0.268715 0.954993 -0.125621 -0.591010 0.060487 -0.804393 0.760592 -0.290396 -0.580664
-0.913649 -11.763614 -4.457090 34.578705 0.247360 0.963484 -0.102523 -0.609747 0.072558 -0.789268 0.753009 -0.257746 -0.605429
-3.481923 -24.310305 -9.505689 217.440572 0.397371 0.915040 0.069271 -0.251965 0.181382 -0.950586 0.882389 -0.360282 -0.302634
-3.647809 -25.659349 -23.311302 -187.102563 0.452831 0.884151 0.114981 0.133327 0.060361 -0.989232 0.881571 -0.463285 0.090548
-3.560325 -22.096887 34.386084 -329.920608 0.350885 0.930043 0.109083 0.422519 -0.053287 -0.904786 0.835678 -0.363565 0.411659
31.984026 -6.776513 1018.277883 -10.448796 0.005469 0.983293 0.181947 0.864352 -0.096144 0.493610 -0.502857 -0.154567 0.850438
7.429732 -6.777845 245.022783 51.069938 -0.035966 0.999324 0.007570 0.896694 0.028926 0.441706 -0.441188 -0.022674 0.897128
2.634446 -6.288317 115.679529 74.978140 0.019429 0.999459 0.026527 0.955254 -0.026389 0.294608 -0.295148 -0.019616 0.955250
-5.317875 -13.861373 -45.520352 605.280361 0.999091 -0.025823 -0.033928 -0.027027 -0.999004 -0.035515 0.032977 -0.036400 0.998793
-1.838007 -18.966915 50.801448 257.181725 -0.059914 0.969066 0.239420 -0.385898 0.198716 -0.900886 0.920594 0.146367 -0.362055
-1.483752 -17.418785 20.302694 181.616273 -0.031524 0.965039 0.260205 -0.556097 0.199385 -0.806846 0.830519 0.170135 -0.530370
-0.904586 -16.676408 46.119116 196.464143 -0.090753 0.970476 0.223472 -0.570625 0.133234 -0.810331 0.816181 0.201059 -0.541686
-0.960032 -18.045631 21.057761 -261.506010 -0.052023 0.983938 0.170762 0.822212 0.139251 -0.551884 0.566799 -0.111692 0.816250
-1.178857 -20.349160 22.997823 -167.378095 -0.058853 0.982268 0.178004 0.688847 0.169018 -0.704927 0.722513 -0.081130 0.686580
-0.626262 -20.738180 22.489241 -217.871772 -0.081071 0.979734 0.183162 0.687424 0.188028 -0.701494 0.721717 -0.069039 0.688736
-0.635059 -18.496855 -5.336406 276.730924 0.286531 0.946128 -0.150804 -0.744728 0.120926 -0.656321 0.602728 -0.300365 -0.739257
-0.635571 -20.991251 0.213500 265.407477 0.289695 0.949917 -0.117194 -0.537037 0.059971 -0.841425 0.792255 -0.306694 -0.527513
-1.957712 -28.132132 176.789993 2835.804854 0.999657 0.025966 0.003527 0.024689 -0.978363 0.205420 -0.008785 0.205262 0.978668
-2.821489 -20.760387 92.102903 -189.891383 0.998382 -0.054412 0.016536 -0.056782 -0.969877 0.236883 -0.003149 0.237438 0.971397
-0.251145 -7.842075 2337.193730 -1034.201544 0.895456 0.430830 -0.112000 0.445142 -0.865143 0.231031 -0.002639 0.256734 0.966478
1.662127 -19.117444 48.256708 121.261858 -0.151687 0.980399 0.125734 0.938650 0.103018 0.329126 -0.309722 -0.167945 0.935878
0.894795 -20.522843 54.924345 -16.927895 -0.151302 0.978721 0.138612 0.929917 0.093379 0.355717 -0.335205 -0.182718 0.924258
1.014921 -19.173164 -57.298497 151.689586 0.129275 -0.982051 -0.137349 0.979766 0.105156 0.170299 -0.152799 -0.156585 0.975773
-0.920487 -20.740230 206.316848 -154.132142 -0.141240 0.987324 0.072398 0.875748 0.090506 0.474208 -0.461645 -0.130380 0.877431
-0.003043 -21.309540 -110.691917 127.659428 0.115094 -0.986256 -0.118540 0.989132 0.102795 0.105124 -0.091494 -0.129350 0.987369
-1.344528 -18.557506 -1.650160 -253.114881 -0.556449 0.804956 0.205939 -0.105041 -0.314019 0.943588 -0.824215 -0.503427 -0.259289
-1.372556 -20.734216 -13.133150 -292.541614 -0.563098 0.790307 0.241527 0.076544 -0.241132 0.967469 -0.822838 -0.563267 -0.075288
-1.047096 -20.929942 22.541902 -254.038602 -0.529973 0.810661 0.248912 0.126646 -0.214570 0.968463 -0.838505 -0.544783 -0.011049
-43.447364 -607.865733 -1808.646395 -34952.147985 0.651390 -0.738725 0.173136 0.724107 0.537095 -0.432664 0.226630 0.407202 0.884774
-12.769447 -289.094644 987.749784 -7396.149195 0.852615 -0.519841 0.053044 -0.495531 -0.772155 0.397775 0.165821 0.365434 0.915948
-65.839408 -705.263097 2406.412241 -4929.089383 0.716890 -0.675767 0.171486 -0.382065 -0.175048 0.907405 0.583177 0.716029 0.383677
78.570244 -1546.318767 -644.841687 -108931.196636 0.850175 -0.490641 -0.190981 -0.064271 -0.456738 0.887276 0.522563 0.742065 0.419841
0.248944 -6.259907 -40.257588 35.325544 0.108824 0.987225 -0.116380 -0.324468 -0.075386 -0.942888 0.939616 -0.140370 -0.312119
-0.109386 -6.424313 -31.577026 -11.095488 0.114169 0.990071 -0.082005 -0.206244 -0.057125 -0.976832 0.971817 -0.128437 -0.197674
0.649193 -6.454769 -24.032386 45.513966 0.112522 0.992131 -0.054909 -0.319999 -0.016135 -0.947281 0.940712 -0.124161 -0.315665
0.975270 -5.593427 -29.144861 74.244045 0.106330 0.990564 -0.086472 -0.425763 -0.033232 -0.904224 0.898566 -0.132962 -0.418212
0.972449 -5.790616 8.229725 84.835654 0.097328 0.994566 -0.036957 -0.420838 0.007477 -0.907105 0.901899 -0.103840 -0.419279
0.648609 -6.759461 4.142562 53.737183 0.107428 0.994201 -0.004796 -0.310772 0.028997 -0.950042 0.944394 -0.103551 -0.312085
-2.797790 -6.205120 -42.732169 47.919570 0.013803 0.975601 -0.219118 -0.191958 0.217648 0.956965 -0.981306 -0.028852 -0.190278
-3.570478 -7.158637 7.584969 34.212528 0.059260 0.995570 -0.073001 -0.256141 0.085846 0.962820 -0.964821 0.038359 -0.260093
-3.327512 -6.878185 -11.774651 20.961398 -0.009150 0.998861 -0.046830 -0.308292 0.041732 0.950376 -0.951248 -0.023133 -0.307559
-2.873125 -19.191371 166.128724 -317.683750 -0.184063 0.978199 0.096165 0.783320 0.086883 0.615518 -0.593743 -0.188622 0.782234
-2.779419 -20.496479 107.038857 -72.970707 -0.194816 0.973079 0.123141 0.880219 0.118057 0.459649 -0.432737 -0.197938 0.879522
-4.004003 -19.893001 37.625863 -285.371730 -0.242731 0.957805 0.153922 0.807848 0.111729 0.578705 -0.537089 -0.264815 0.800880
-2.605791 -8.352502 -124.411358 -35.085256 -0.520674 0.763724 0.381607 -0.184528 -0.537079 0.823101 -0.833575 -0.358150 -0.420572
2.987946 -18.740505 408.989986 -1301.473551 -0.849858 0.525317 -0.042235 0.517665 0.847127 0.119993 0.098812 0.080114 -0.991876
13.710775 -9.002048 1637.604521 -397.199184 -0.492437 0.868090 -0.062655 -0.865602 -0.495989 -0.068766 0.090772 -0.020372 -0.995663
-109.090435 -472.282896 -7535.796985 -31218.995291 0.948274 -0.135260 0.287195 0.278358 0.789223 -0.547397 0.152620 -0.599026 -0.786051
953.985147 -117468.836893 -160210.203410 16894279.358461 0.899470 0.144871 -0.412270 -0.432449 0.159543 -0.887431 0.062788 -0.976503 -0.206154
-5.896621 -217.185379 78.117133 -9916.572369 0.990131 -0.114259 -0.081148 0.085094 0.950234 -0.299691 -0.111352 -0.289829 -0.950579
-4.439811 -458.028832 -112.995842 25870.916837 0.992560 -0.056818 -0.107685 0.102109 0.870184 0.482031 -0.066318 0.489440 -0.869512
-3.535319 -19.689563 122.471981 -354.761960 0.215768 0.975146 0.050340 0.239268 -0.002819 -0.970949 0.946676 -0.221544 0.233930
-5.320506 -8.700460 20.410366 -3.126798 0.992937 -0.032988 -0.113962 0.084097 -0.481849 0.872210 0.083685 0.875633 0.475671
-5.007608 -8.596881 -2.789612 -4.367922 0.979361 -0.082178 -0.184661 0.094144 -0.622991 0.776543 0.178857 0.777900 0.602397
-5.119124 -8.906139 -7.740928 7.051666 0.979964 -0.127254 -0.153224 0.068819 -0.505582 0.860029 0.186909 0.853342 0.486695
6.292453 -9.380575 -247.654888 84.539273 0.472709 0.836447 -0.277314 0.703269 -0.547711 -0.453239 0.530998 -0.019224 0.847155
3.258947 -9.303077 -104.184086 93.511416 0.403655 0.895069 -0.189511 0.733574 -0.440415 -0.517595 0.546746 -0.069909 0.834375
5.673758 -10.449495 -196.658766 -49.505510 0.453917 0.866190 -0.208986 0.812132 -0.498676 -0.302925 0.366607 0.032222 0.929818
4.906478 -11.891171 -177.059932 -34.584920 0.400928 0.910820 -0.098306 0.882733 -0.412791 -0.224466 0.245028 -0.003216 0.969511
