10178
20341
-4.076805 -4.980990 4.238979 40.312829 0.443641 0.895741 -0.028839 -0.039374 -0.012667 -0.999144 0.895339 -0.444397 -0.029649
-4.338634 -5.828624 9.984759 40.417291 0.411177 0.910811 0.036835 0.116783 -0.012559 -0.993078 0.904044 -0.412632 0.111531
-3.539460 -6.149763 -28.974438 64.164551 0.462048 0.824340 0.327070 0.209755 0.256756 -0.943440 0.861693 -0.504519 0.054276
-3.706453 -5.254746 -5.053637 30.275059 0.337575 0.857326 -0.388633 -0.091631 -0.380979 -0.920032 0.936828 -0.346191 0.050051
-3.778011 -4.975662 -17.160895 56.855816 0.507335 0.808655 0.297806 0.065850 0.308193 -0.949042 0.859230 -0.501092 -0.103107
-3.096864 -3.978794 -2.359583 22.321639 0.304104 0.752781 -0.583817 -0.381341 -0.465405 -0.798735 0.872983 -0.465532 -0.145534
-3.433038 -4.596780 -0.023984 23.061115 0.249845 0.742819 -0.621126 -0.286369 -0.556089 -0.780230 0.924971 -0.372807 -0.073784
-3.456284 -3.868754 -11.339250 14.405289 -0.081851 0.944872 -0.317045 -0.704473 -0.279873 -0.652218 0.704995 -0.169965 -0.688545
-2.367696 -3.703810 -38.372798 0.315577 0.444881 0.892565 0.073547 -0.617942 0.365365 -0.696173 0.648251 -0.264266 -0.714097
-3.267573 -3.840127 -22.646541 -1.120949 0.334792 0.941000 0.049337 -0.725778 0.290904 -0.623395 0.600967 -0.172900 -0.780349
-0.006730 -3.870006 29.406552 -6.238311 0.694962 0.716346 0.062258 -0.704302 0.695599 -0.141773 0.144865 -0.054678 -0.987939
-0.199320 -3.821774 25.169137 -1.678168 0.687874 0.723975 0.051854 -0.694466 0.677242 -0.243021 0.211060 -0.131157 -0.968634
-0.704171 -3.997773 14.953727 -6.840871 0.680763 0.731767 0.032844 -0.721908 0.677840 -0.139219 0.124139 -0.071064 -0.989717
-0.263975 -4.027159 26.316395 -8.118108 0.682208 0.728409 0.063346 -0.728570 0.684520 -0.024847 0.061461 0.029201 -0.997682
0.684924 -3.939467 29.418670 -4.579084 0.681199 0.729947 0.056089 -0.727578 0.683504 -0.058756 0.081226 0.000784 -0.996695
0.602424 -0.612522 6.926481 -4.577557 0.553472 0.713700 0.429303 0.124123 0.439013 -0.889866 0.823567 -0.545802 -0.154395
0.258783 -0.750187 -2.942086 8.221713 0.531221 0.609303 0.588689 0.233891 0.562368 -0.793119 0.814309 -0.559010 -0.156231
0.340006 -1.037917 10.470724 6.935779 0.508906 0.657822 0.555233 0.203857 0.534559 -0.820176 0.836335 -0.530581 -0.137939
0.581741 -0.872954 11.598565 -8.534714 0.549126 0.761149 0.345126 0.064469 0.373149 -0.925529 0.833249 -0.530482 -0.155835
0.475893 -7.711587 -6.914242 -69.392653 0.776352 0.625864 -0.074638 -0.630179 0.773053 -0.072553 -0.012290 -0.103362 -0.994568
0.352349 -5.930022 -6.772122 -80.843427 0.787990 0.611004 -0.075799 -0.595079 0.724234 -0.348377 0.157964 -0.319624 -0.934285
0.541347 -7.039053 -3.729697 -91.747210 0.791769 0.609084 -0.046027 -0.602531 0.766432 -0.222575 0.100291 -0.203960 -0.973829
0.596356 -6.160747 -3.035186 -46.870865 0.806143 0.591666 -0.008019 -0.567898 0.769810 -0.291348 0.166208 -0.239422 -0.956583
0.663829 -7.912225 -5.861195 -85.214813 0.800041 0.598881 -0.035717 -0.598265 0.791933 -0.122155 0.044871 -0.119097 -0.991868
-0.082002 -9.335076 0.948816 -134.634902 0.741353 0.661771 -0.111602 0.185482 -0.361857 -0.913595 0.644975 -0.656596 0.391010
0.119003 -7.702746 3.873381 -115.696329 0.740417 0.664219 -0.102932 0.253855 -0.418137 -0.872192 0.622366 -0.619656 0.478212
0.006720 -6.178331 2.771749 -84.668329 0.738791 0.664507 -0.112334 0.312925 -0.485866 -0.816096 0.596880 -0.567772 0.566894
-0.219836 -6.430558 3.673622 -77.258154 0.729597 0.675400 -0.107346 0.314243 -0.470510 -0.824543 0.607404 -0.567851 0.555523
0.500957 -2.809265 -6.764988 3.208360 0.818601 0.574224 0.012597 -0.316764 0.469650 -0.824069 0.479116 -0.670594 -0.566349
0.132741 -3.029810 -25.031169 6.767164 0.845558 0.533852 -0.005909 -0.301766 0.468774 -0.830174 0.440420 -0.703742 -0.557474
0.884726 -3.063229 -15.454649 3.811637 0.812169 0.582095 -0.039319 -0.301021 0.360362 -0.882908 0.499768 -0.728906 -0.467898
0.184331 -2.645627 -3.625075 5.535218 0.839507 0.540497 0.055598 -0.315282 0.567909 -0.760314 0.442522 -0.620759 -0.647172
0.976456 -2.766486 5.121683 -0.943764 0.773098 0.632506 -0.047497 -0.345621 0.357287 -0.867694 0.531851 -0.687228 -0.494825
0.201906 -2.601645 -1.115279 3.617200 0.817686 0.575185 0.023488 -0.359931 0.542672 -0.758918 0.449265 -0.612102 -0.650763
0.516752 -6.832871 2.823027 31.665519 0.612536 0.523818 0.591958 0.545676 0.261587 -0.796122 0.571871 -0.810671 0.125603
-1.066242 -6.864481 -27.863254 -5.923147 0.728547 0.552147 0.405405 0.268095 0.314783 -0.910514 0.630352 -0.772040 -0.081306
-0.871863 -6.275296 0.177033 18.987254 -0.507269 -0.448118 -0.736117 0.601590 0.427479 -0.674797 0.617063 -0.785145 0.052737
3.812451 -5.354728 -113.140726 8.869308 -0.230349 -0.395650 -0.889045 0.867828 0.329805 -0.371624 0.440244 -0.857141 0.267386
-2.252835 -6.162497 18.432953 -9.235549 -0.538314 -0.468114 -0.700777 0.451109 0.542321 -0.708794 0.711842 -0.697680 -0.080769
-0.712563 -5.096987 -47.392247 18.912652 -0.160437 -0.206708 -0.965159 0.747472 0.613163 -0.255572 0.644628 -0.762432 0.056134
2.519407 -5.042490 -95.293720 -24.410939 -0.039665 -0.150768 -0.987773 0.885463 0.452770 -0.104665 0.463014 -0.878788 0.115541
0.696155 -17.650969 1.521018 27.370269 0.564058 0.793975 0.226808 -0.010283 -0.267899 0.963392 -0.825671 0.545741 0.142946
0.723347 -16.101632 6.663221 50.645666 0.560682 0.792853 0.238789 0.273425 -0.449484 0.850414 -0.781585 0.411520 0.468803
0.723898 -16.250870 -14.581645 77.255187 0.504873 0.823583 0.258484 0.289821 -0.443803 0.847964 -0.813085 0.353200 0.462756
0.896987 -13.194609 -1.017342 60.439892 0.551956 0.798442 0.240490 0.470935 -0.536481 0.700292 -0.688161 0.273275 0.672128
0.565201 -16.004980 -16.178127 -24.632773 0.483958 0.831073 0.274049 -0.028562 -0.297998 0.954139 -0.874625 0.469591 0.120481
0.910295 -14.196610 -15.020472 125.264404 0.530102 0.803505 0.270871 0.578936 -0.576371 0.576740 -0.619536 0.148914 0.770713
0.712200 -13.453096 -19.391171 61.982079 0.481380 0.829414 0.283454 0.436416 -0.507254 0.743125 -0.760141 0.234021 0.606151
0.599840 -14.227561 -14.596152 7.291063 0.483078 0.832156 0.272309 0.210255 -0.412156 0.886522 -0.849958 0.371004 0.374068
-5.707082 -12.234526 67.294574 52.864280 0.153073 0.986974 -0.049513 -0.893877 0.116923 -0.432798 0.421371 -0.110508 -0.900130
-6.038986 -9.218225 90.468194 51.872894 0.228669 0.971225 -0.066578 -0.943630 0.204321 -0.260412 0.239315 -0.122373 -0.963199
-5.252246 -27.983853 119.101987 -535.590427 0.447813 0.890684 0.078395 -0.858243 0.452775 -0.241689 0.250764 -0.040949 -0.967182
-2.116942 -9.873994 39.767500 44.177029 0.331007 0.936050 0.119356 -0.852940 0.350897 -0.386478 0.403644 -0.026124 -0.914543
0.200834 -3.639019 -3.913873 13.153252 0.627801 0.772765 -0.093276 -0.173944 0.022481 -0.984499 0.758689 -0.634295 -0.148532
0.358089 -3.196892 -0.832410 22.529793 0.613506 0.777162 -0.140102 -0.282843 0.050609 -0.957830 0.737299 -0.627262 -0.250864
0.156523 -3.503382 -6.058821 11.054727 0.619061 0.770584 -0.151538 -0.206283 -0.026632 -0.978130 0.757767 -0.636781 -0.142472
-1.868593 -3.489412 -7.213633 17.996036 0.680167 0.687643 -0.254005 -0.132538 0.456148 0.879979 -0.720976 0.564867 -0.401396
-1.728966 -3.686088 -12.915976 6.682504 0.642714 0.735910 -0.212970 -0.259347 0.470576 0.843384 -0.720873 0.486821 -0.493302
-1.597636 -3.229735 -21.078411 18.646452 0.639345 0.690348 -0.338612 -0.069126 0.490194 0.868868 -0.765806 0.532099 -0.361125
-1.976562 -3.792003 2.983941 1.391619 0.701300 0.699634 -0.136717 -0.283178 0.449415 0.847252 -0.654209 0.555462 -0.513296
-1.703657 -2.973312 -12.474368 24.231966 0.672554 0.619602 -0.404678 0.068274 0.492546 0.867604 -0.736892 0.611140 -0.288960
-1.961761 -3.482870 1.046194 21.015323 0.720432 0.662723 -0.204391 -0.122254 0.411454 0.903194 -0.682665 0.625702 -0.377445
1.488982 -3.994516 34.180218 4.848924 0.763665 0.644026 0.045233 -0.534181 0.590958 0.604499 -0.362582 0.485798 -0.795321
0.929250 -3.861336 33.908671 -3.977794 0.758846 0.648542 0.059552 -0.584420 0.637747 0.501729 -0.287413 0.415539 -0.862972
0.343256 -3.774984 28.204979 -0.261987 0.792514 0.609401 0.023507 -0.500785 0.628295 0.595366 -0.348047 0.483607 -0.803111
-3.517942 -25.092380 46.960732 -578.882025 0.894241 -0.445071 0.047378 -0.447583 -0.888859 0.097975 0.001494 0.108819 0.994060
-2.349425 -22.147630 36.955087 -390.825459 0.853153 -0.520873 -0.028652 -0.508466 -0.818046 -0.268817 -0.116581 -0.243911 0.962765
-1.885125 -16.325682 -7.382923 406.351181 0.872078 -0.483883 0.073056 0.486123 0.873750 -0.015664 -0.056253 0.049175 0.997205
-2.633062 -5.016059 -19.274885 -83.003784 0.993399 -0.086678 0.075132 -0.097064 -0.984228 0.147898 -0.061128 0.154214 0.986145
-2.923293 -5.464483 -12.147586 -103.766079 0.806112 -0.588815 0.058997 -0.591686 -0.803599 0.064309 -0.009544 0.086748 0.996185
2.215496 -4.353211 -34.344199 -1.005906 0.425971 0.869256 0.250886 0.032076 -0.291638 0.955991 -0.904168 0.399177 0.152111
0.999804 -4.011390 -36.020582 -3.003831 0.387301 0.887549 0.249510 0.096603 -0.308209 0.946401 -0.916878 0.342438 0.205110
1.492408 -4.433605 -43.734179 32.401034 0.361005 0.920197 0.151370 0.012089 -0.166920 0.985896 -0.932486 0.354083 0.071384
0.126180 -3.600882 -40.943742 27.555240 0.347730 0.922502 0.167551 0.083718 -0.208539 0.974424 -0.933850 0.324809 0.149745
2.829538 -5.562533 -31.187626 18.911374 0.470108 0.869364 0.152330 0.002448 -0.173874 0.984765 -0.882606 0.462573 0.083868
2.495476 -6.111508 -36.094892 38.759337 0.421798 0.903780 0.072581 -0.094545 -0.035772 0.994878 -0.901747 0.426499 -0.070360
6.291003 -2.203266 119.707203 4.513069 0.484749 0.263803 -0.833922 -0.329242 0.938339 0.105450 0.810320 0.223446 0.541714
3.118154 -1.791905 16.670550 3.720304 0.500633 0.002160 -0.865657 -0.210019 0.970424 -0.119038 0.839797 0.241398 0.486280
2.691274 -1.772507 22.863684 7.474749 0.510765 0.128756 -0.850024 -0.222927 0.974739 0.013694 0.830315 0.182498 0.526566
-0.679790 -8.499836 4.453251 135.593345 -0.069929 0.608771 -0.790258 0.996329 0.081835 -0.025123 0.049376 -0.789114 -0.612259
0.157366 -10.022158 29.782707 191.599932 -0.031036 0.629265 -0.776571 0.999508 0.016063 -0.026929 -0.004471 -0.777025 -0.629454
-0.357190 -5.669948 9.796088 36.597479 0.059618 0.620269 -0.782121 0.990630 0.059683 0.122845 0.122876 -0.782116 -0.610898
-0.832758 -14.502017 3.672893 267.543737 -0.075767 0.604661 -0.792871 0.984221 -0.082162 -0.156711 -0.159901 -0.792234 -0.588895
-0.607611 -6.335341 -3.118766 8.451418 -0.003882 0.579446 -0.815002 0.987720 0.129518 0.087379 0.156188 -0.804654 -0.572833
-0.888023 -10.244592 -2.963046 143.629953 -0.090175 0.589309 -0.802860 0.995916 0.057000 -0.070020 0.004499 -0.805895 -0.592042
0.064789 -3.939042 4.461721 -5.533364 0.280615 0.948501 -0.146975 0.646982 -0.073811 0.758924 -0.708992 0.308055 0.634376
0.047923 -3.905844 1.783348 -2.625420 0.299837 0.947551 -0.110661 0.571625 -0.085579 0.816040 -0.763769 0.307936 0.567303
-0.039829 -4.036057 5.363361 -5.400616 0.316424 0.941693 -0.114409 0.649620 -0.127220 0.749539 -0.691281 0.311494 0.651999
-0.103048 -4.013417 -2.541058 -4.234538 0.276914 0.953710 -0.117286 0.719417 -0.124859 0.683264 -0.636991 0.273583 0.720690
-0.020101 -3.987917 0.212846 -1.617248 0.279592 0.949706 -0.141023 0.728928 -0.114368 0.674969 -0.624893 0.291512 0.724244
-0.028654 -4.019470 1.780905 -1.598570 0.254709 0.951747 -0.171173 0.733457 -0.074780 0.675610 -0.630210 0.297632 0.717113
0.140934 -3.911704 1.605689 -4.121402 0.254164 0.949868 -0.182074 0.616507 -0.014066 0.787223 -0.745197 0.312334 0.589176
-0.194130 -6.606945 -5.877671 -9.902234 0.192719 0.945295 -0.263204 -0.185595 0.298506 0.936189 -0.963542 0.131572 -0.232969
-0.121189 -6.547707 -12.981927 -13.775513 0.168189 0.954665 -0.245616 -0.045969 0.256490 0.965453 -0.984682 0.151088 -0.087024
-0.387835 -6.505793 -2.077469 -3.286698 0.204368 0.944771 -0.256207 0.033698 0.254786 0.966410 -0.978314 0.206137 -0.020233
0.101103 -6.689123 -17.549265 -7.626935 0.153159 0.956160 -0.249600 -0.198570 0.277206 0.940067 -0.968046 0.094416 -0.232322
-1.412079 -7.706292 1.651772 11.238559 0.825344 0.555517 0.101036 -0.381420 0.416598 0.825206 -0.416325 0.719616 -0.555722
-1.323083 -8.215800 4.398740 14.783578 0.815393 0.569684 0.102931 -0.482563 0.570643 0.664454 -0.319792 0.591462 -0.740207
-1.450206 -7.265908 2.837446 9.860109 0.792621 0.603166 0.089116 -0.434851 0.456779 0.776053 -0.427383 0.653868 -0.624340
-1.474611 -7.071827 3.046315 18.492743 0.785733 0.613120 0.081897 -0.347244 0.327634 0.878680 -0.511904 0.718846 -0.470335
-1.500591 -7.496667 -2.180161 14.172139 0.751764 0.657609 0.048998 -0.410659 0.408728 0.815046 -0.515955 0.632844 -0.577320
-0.706326 -7.415658 8.777988 -7.603318 0.879796 0.472951 -0.047720 0.475352 -0.875354 0.088289 0.000015 0.100360 0.994951
-0.893041 -7.361734 4.475467 -5.240743 0.875460 0.482613 -0.025584 0.483272 -0.873730 0.055174 -0.004274 0.060667 0.998149
-0.435529 -7.990774 8.795296 35.174369 0.886262 0.460383 -0.050868 -0.452480 0.884017 0.117373 0.099005 -0.081006 0.991784
6.380170 -3.942569 58.770690 -8.670431 0.627787 0.740308 -0.240475 0.394787 -0.569086 -0.721307 0.670841 -0.357891 0.649528
4.285886 -2.617511 92.461746 16.200481 0.411814 0.824312 -0.388484 0.292818 -0.523404 -0.800191 0.862941 -0.215775 0.456918
5.296174 -3.830994 55.881081 17.052882 0.563057 0.817702 -0.119706 0.338340 -0.360241 -0.869340 0.753984 -0.448987 0.479498
-1.812323 -7.147102 15.915297 -31.467343 -0.152164 -0.659542 0.736105 0.949339 0.109664 0.294499 -0.274959 0.743625 0.609442
-1.200923 -7.759116 21.430550 -25.131996 -0.147849 -0.700547 0.698123 0.970385 0.033591 0.239216 -0.191033 0.712816 0.674834
-1.585136 -7.921106 17.392491 -22.849530 -0.208725 -0.667637 0.714629 0.977191 -0.113133 0.179719 -0.039139 0.735841 0.676022
-2.119524 -7.598661 12.949455 -32.115515 -0.237110 -0.613189 0.753511 0.967770 -0.081345 0.238336 -0.084851 0.785737 0.612713
-2.239927 -6.719264 11.947588 -39.815441 -0.206849 -0.614706 0.761151 0.942021 0.084964 0.324619 -0.264215 0.784167 0.561491
-2.357990 -6.109586 9.454798 -30.453162 -0.181174 -0.590847 0.786178 0.902435 0.217850 0.371689 -0.390880 0.776815 0.493732
69.525678 -9.443503 1512.559160 255.117488 0.023398 0.350982 -0.936090 0.999298 -0.035604 0.011629 -0.029247 -0.935705 -0.351568
81.590479 -3.413070 1905.490501 26.952841 0.049776 0.291918 -0.955147 0.998674 -0.001936 0.051452 0.013171 -0.956441 -0.291627
23.558465 -5.624351 507.796881 59.127790 0.006734 0.578555 -0.815616 0.998816 0.035399 0.033357 0.048171 -0.814875 -0.577632
-3.716489 -11.899597 -59.421201 4.415873 0.181933 -0.442872 0.877932 -0.038974 0.888883 0.456473 -0.982538 -0.117264 0.144456
-1.594915 -12.341624 -29.938377 17.487626 0.138698 -0.514064 0.846464 -0.072456 0.847167 0.526363 -0.987681 -0.134336 0.080253
-3.728668 -18.097709 -59.907562 247.707321 0.143368 -0.437725 0.887605 -0.282219 0.841548 0.460597 -0.948577 -0.316534 -0.002884
-6.865274 -12.956029 -55.318302 90.769761 0.189051 -0.147366 0.970846 -0.245410 0.950211 0.192022 -0.950807 -0.274557 0.143474
-6.926772 -33.520762 -142.100259 645.564634 0.096034 -0.372669 0.922982 -0.565634 0.742569 0.358678 -0.819046 -0.556515 -0.139483
-8.581076 -26.122747 -94.481060 551.954868 0.170902 -0.222093 0.959931 -0.401466 0.874024 0.273693 -0.899787 -0.432155 0.060210
2.557881 -5.223865 -71.552824 40.377699 0.251234 0.315355 0.915113 -0.043453 0.948158 -0.314813 -0.966950 0.039328 0.251913
5.023805 -8.290684 -10.722855 71.353103 0.407246 0.407531 0.817355 -0.211021 0.912699 -0.349928 -0.888606 -0.029972 0.457691
2.654869 -7.267499 -75.502458 94.145441 0.161785 0.117726 0.979779 -0.088456 0.990592 -0.104419 -0.982854 -0.069774 0.170676
0.584846 -4.948209 -35.449775 6.867477 0.184018 0.031030 0.982433 0.073814 0.996243 -0.045292 -0.980147 0.080852 0.181036
0.713113 -4.407525 -44.359500 -1.995471 0.244208 0.289850 0.925391 0.080141 0.944988 -0.317137 -0.966406 0.151609 0.207545
20.310694 -536.863276 -202.520953 16805.376748 0.774851 0.577857 -0.256295 -0.534217 0.815341 0.223230 0.337963 -0.036053 0.940469
-7.904612 -70.149287 -146.298664 -1119.734426 0.634012 0.739133 -0.227402 0.406742 -0.568823 -0.714843 0.657716 -0.360725 0.661277
-0.774713 -82.868867 -9.774066 2219.521423 0.704367 0.603555 -0.373616 -0.617406 0.780630 0.097087 0.350253 0.162287 0.922489
-2.213009 -140.910663 -38.566764 1119.975652 0.698881 0.692667 -0.178262 0.225173 -0.449641 -0.864361 0.678869 -0.563945 0.470216
-7.012593 -28.709045 159.152034 -236.586697 0.987956 -0.144020 -0.056582 -0.111546 -0.916304 0.384636 0.107242 0.373692 0.921333
3.276336 -132.139337 -96.777554 -3824.080509 0.863302 0.452000 -0.224509 0.487818 -0.861386 0.141589 0.129391 0.231754 0.964131
-1.764574 -57.508668 -31.674667 1033.991071 0.706903 0.681000 -0.191122 -0.570842 0.708841 0.414347 0.417645 -0.183803 0.889825
0.735672 -4.148673 16.648624 11.564683 0.565276 0.780479 -0.267051 0.367736 0.051363 0.928511 -0.738399 0.623069 0.257976
0.395539 -4.138278 10.984821 -4.656106 0.552887 0.778926 -0.295956 0.268956 0.169345 0.948148 -0.788656 0.603818 0.115868
0.364607 -4.147640 27.700614 1.516013 0.579817 0.754065 -0.308543 0.366243 0.097054 0.925444 -0.727790 0.649589 0.219898
-0.870557 -3.058734 5.645494 1.312554 0.708284 0.657374 0.257280 -0.341064 -0.000430 0.940040 -0.618069 0.753564 -0.223902
-1.058801 -2.968342 5.836645 -8.964583 0.732356 0.656721 0.179922 -0.353416 0.140746 0.924818 -0.582024 0.740883 -0.335172
-1.238842 -3.170578 20.894179 1.401798 0.725726 0.663897 0.180452 -0.288348 0.055376 0.955923 -0.624641 0.745771 -0.231622
0.022762 -7.181948 -11.309298 -13.464297 0.558583 0.827606 -0.055259 0.071984 -0.114739 -0.990784 0.826319 -0.549457 0.123665
-0.128741 -6.934558 -5.360287 8.526091 0.544229 0.835172 -0.079389 -0.118113 -0.017410 -0.992847 0.830581 -0.549713 -0.089170
-0.060033 -7.192162 -8.124783 -12.754117 0.549449 0.834219 -0.046735 0.090116 -0.114776 -0.989296 0.830653 -0.539356 0.138240
0.044403 -6.906963 -6.659692 -12.086486 0.548884 0.834740 -0.043992 0.234614 -0.204356 -0.950366 0.802298 -0.511320 0.308009
1.542654 -1.706528 -3.935329 -5.450224 0.767121 0.596393 -0.236307 -0.242718 0.610817 0.753651 0.593813 -0.520786 0.613326
1.391954 -1.572732 0.600768 -7.201538 0.719012 0.676610 -0.158810 0.311815 -0.518270 -0.796346 0.621123 -0.523063 0.583620
1.154301 -2.096550 -11.704117 -3.669818 0.755722 0.648819 -0.088984 0.328927 -0.493543 -0.805123 0.566296 -0.579180 0.586395
1.235351 -2.100065 -11.752660 0.514413 0.802177 0.559201 -0.209299 -0.265456 0.647995 0.713888 0.534831 -0.517104 0.668250
-4.885784 -80.135297 15.640946 -539.147175 -0.503088 0.759766 -0.411897 -0.794797 -0.593915 -0.124750 0.339413 -0.264614 -0.902651
10.730662 -654.243985 1203.730318 -23101.190315 -0.238091 0.811557 -0.533561 0.967894 0.243843 -0.061013 0.080590 -0.530957 -0.843558
-2.019066 -58.980344 58.115918 -1325.771404 -0.449953 0.800781 -0.395339 0.881880 0.328612 -0.338085 -0.140818 -0.500764 -0.854053
-3.087778 -134.760874 -41.651135 -2093.398610 -0.294594 0.879118 -0.374655 0.919925 0.367041 0.137908 0.258751 -0.304027 -0.916851
-0.847357 -162.564920 33.556378 -5384.242862 -0.499423 0.743348 -0.444984 -0.547069 -0.668858 -0.503333 0.671783 0.007939 -0.740705
-5.004180 -6.460406 19.685932 31.477877 0.357507 0.910465 0.207946 0.308276 0.095134 -0.946528 0.881564 -0.402495 0.246663
-4.318917 -6.089338 8.411062 26.229287 0.360978 0.916168 -0.174158 0.158633 -0.244351 -0.956623 0.918983 -0.317693 0.233540
-0.170845 -3.682910 22.700743 -0.652089 0.682803 0.729139 0.046219 -0.667050 0.647966 -0.367675 0.298034 -0.220220 -0.928805
0.607326 -3.743650 20.854975 -0.191601 0.681964 0.730611 0.033652 -0.692532 0.659849 -0.291545 0.235212 -0.175518 -0.955965
0.404914 -3.694868 20.026942 -1.722164 0.681736 0.730750 0.035228 -0.652347 0.628979 -0.422881 0.331178 -0.265313 -0.905500
0.993830 -3.705426 12.249504 -2.160805 0.677974 0.735084 -0.001654 -0.683567 0.629628 -0.369196 0.270349 -0.251436 -0.929350
1.155962 -3.731400 6.827164 1.247981 0.671053 0.740419 -0.038316 0.719110 -0.637421 0.276721 0.180466 -0.213248 -0.960186
1.175384 -3.834469 15.469261 -0.935366 0.676095 0.736814 0.000379 -0.726559 0.666770 -0.165917 0.122503 -0.111900 -0.986140
0.394185 -2.330020 -13.453941 12.096776 0.468472 0.881606 -0.057479 -0.866603 0.471206 0.164210 -0.171854 0.027116 -0.984749
-0.205164 -2.794202 -19.653699 14.270507 0.407872 0.910858 -0.063071 -0.905430 0.412407 0.100581 -0.117626 -0.016082 -0.992928
0.188728 -2.817029 -9.521031 14.357972 0.450753 0.891269 -0.049605 -0.889083 0.453221 0.064200 -0.079701 -0.015165 -0.996703
0.547706 -2.413155 -1.618579 12.526976 0.509199 0.860266 -0.025663 -0.850723 0.507619 0.136356 -0.130329 0.047600 -0.990327
0.370690 -2.810530 -2.650480 14.499246 0.518657 0.854384 -0.031981 -0.852380 0.519633 0.058565 -0.066655 0.003115 -0.997771
0.596926 -0.465859 -5.002014 -5.659304 0.611358 0.740160 0.280007 0.032182 0.330286 -0.943332 0.790700 -0.585725 -0.178103
0.157906 -0.594903 -4.288352 1.661962 0.612258 0.721826 0.322655 0.060186 0.364352 -0.929314 0.788364 -0.588400 -0.179634
-0.142278 -1.420234 23.953997 26.750707 -0.494551 -0.450100 -0.743525 0.355965 0.675536 -0.645709 0.792912 -0.584005 -0.173867
0.369341 -6.315891 -4.179580 -86.436681 0.777985 0.623147 -0.080164 -0.617132 0.734001 -0.283532 0.117842 -0.270056 -0.955606
0.370420 -4.659556 -5.803861 -46.802662 0.763988 0.636705 -0.104539 -0.613459 0.666559 -0.423517 0.199975 -0.387692 -0.899836
0.149702 -4.539815 -1.703365 -26.986630 0.782932 0.617159 -0.078315 -0.581626 0.681492 -0.444161 0.220747 -0.393298 -0.892517
0.046964 -4.874590 -0.132045 -11.485533 0.819678 0.572671 -0.013284 -0.523400 0.739329 -0.423610 0.232769 -0.354177 -0.905747
0.352014 -5.643978 8.051090 -66.961068 0.741123 0.660545 -0.120073 0.321454 -0.506145 -0.800303 0.589410 -0.554525 0.587451
0.341039 -3.340735 -45.131047 11.650897 0.850056 0.523412 -0.058683 -0.286297 0.365674 -0.885616 0.442084 -0.769624 -0.460695
-0.089618 -2.792453 -12.745811 13.355238 0.822082 0.569146 -0.015933 -0.386483 0.537254 -0.749659 0.418105 -0.622439 -0.661632
-0.678723 -3.511775 -42.606463 13.426563 0.819247 0.562470 -0.111634 -0.360726 0.354159 -0.862814 0.445770 -0.747127 -0.493041
0.175384 -3.440860 1.975665 -22.054627 0.569613 0.821826 -0.011981 0.821818 -0.569264 0.023527 0.012515 -0.023247 -0.999651
0.189680 -3.133499 8.362934 -18.763609 0.612241 0.790551 0.013787 0.790301 -0.611328 -0.041244 -0.024177 0.036147 -0.999054
0.436589 -2.676332 5.314945 14.237373 0.556095 0.831095 -0.006328 -0.827277 0.554239 0.091822 -0.079820 0.045826 -0.995755
-0.008382 -3.901447 3.661910 23.137672 0.628738 0.777602 -0.004865 -0.774816 0.625930 -0.088727 0.065950 -0.059556 -0.996044
-0.091928 -4.216705 -2.609921 -27.223380 0.614314 0.788670 -0.024859 0.782246 -0.604573 0.150275 0.103488 -0.111762 -0.988332
-0.087043 -4.315498 -1.526786 30.270104 0.577504 0.816294 -0.012399 -0.808069 0.569391 -0.151057 0.116247 -0.097255 -0.988447
-0.798240 -8.752996 -26.673653 0.473061 0.777787 0.575450 0.252795 0.061079 0.331097 -0.941618 0.625554 -0.747818 -0.222375
-1.657761 -7.746288 -29.539979 -30.872529 0.753835 0.590288 0.288606 0.050485 0.385904 -0.921157 0.655122 -0.708970 -0.261107
0.750177 -9.003830 -0.667550 43.089794 0.718578 0.564194 0.406609 0.355655 0.204303 -0.912014 0.597624 -0.799966 0.053851
0.577812 -14.081186 9.054991 16.545879 0.565932 0.794577 0.219929 0.084402 -0.321193 0.943245 -0.820121 0.515250 0.248837
0.150864 -16.100451 22.979936 10.329906 0.580599 0.790204 0.196170 0.236156 -0.394023 0.888243 -0.779189 0.469386 0.415381
-1.650893 -3.569715 -2.258770 -8.831842 -0.068481 0.696550 0.714233 0.997024 0.073197 0.024210 -0.035416 0.713765 -0.699489
-1.723713 -3.219374 -8.325624 -5.569402 -0.169964 0.699698 0.693927 0.973447 0.228781 0.007744 -0.153339 0.676817 -0.720004
-1.908447 -3.300594 -4.141901 -10.500982 -0.017584 0.668882 0.743161 0.992900 0.099140 -0.065738 -0.117648 0.736728 -0.665876
-1.498307 -3.536504 -3.074784 -8.018043 -0.175126 0.726516 0.664459 0.980589 0.189160 0.051618 -0.088188 0.660600 -0.745540
-1.584003 -4.272472 0.100435 -21.412602 0.029065 0.661776 0.749138 0.997888 -0.062761 0.016727 0.058086 0.747070 -0.662202
-1.402597 -4.230922 1.599220 -18.259781 -0.088583 0.707270 0.701372 0.992904 0.006614 0.118734 0.079338 0.706913 -0.702837
-8.638483 -9.931868 -249.275376 48.550050 -0.409768 0.904259 -0.120024 0.910950 0.412512 -0.002168 0.047551 -0.110224 -0.992769
-4.297303 -9.281922 8.560108 -40.204920 0.419754 0.893747 -0.158185 0.901776 -0.390885 0.184416 0.102989 -0.220056 -0.970035
0.298574 -2.709131 6.299371 28.228908 0.609464 0.782865 -0.125204 -0.339941 0.115376 -0.933343 0.716236 -0.611401 -0.336446
0.464250 -2.483701 -1.608884 23.698497 0.606359 0.771084 -0.194313 -0.389592 0.075047 -0.917925 0.693215 -0.632295 -0.345914
-1.854942 -3.783794 -2.678025 -9.274136 0.664664 0.737056 -0.122354 -0.383970 0.477454 0.790320 -0.640928 0.478317 -0.600353
-1.491447 -3.518259 -13.141838 -1.873519 0.620407 0.758574 -0.199151 -0.367878 0.505733 0.780321 -0.692648 0.410853 -0.592823
1.236265 -4.036543 28.302443 -4.167282 0.711348 0.699429 0.069159 -0.664069 0.636616 0.392086 -0.230209 0.324836 -0.917325
0.570691 -3.810016 41.901927 -3.724727 0.736974 0.669840 0.090469 -0.643206 0.653857 0.398442 -0.207739 0.351832 -0.912721
-2.639788 -18.574605 59.988009 120.278664 0.886529 -0.461758 -0.029103 -0.291361 -0.508307 -0.810391 -0.359411 -0.726914 0.585166
-0.946966 -14.210643 24.109346 -75.589765 0.865661 -0.498401 -0.047191 -0.437560 -0.707433 -0.555049 -0.243253 -0.501133 0.830478
-6.098289 -32.435263 111.073071 680.386565 0.814314 -0.580234 0.014881 0.577637 0.812647 0.077073 -0.056813 -0.054166 0.996914
-5.338708 -19.309864 96.233384 -136.854727 0.839954 -0.541935 -0.028002 -0.461763 -0.686684 -0.561463 -0.285048 -0.484533 0.827028
3.097736 -2.107881 22.952462 -2.115045 0.402256 -0.112289 -0.908615 -0.231175 0.947833 -0.219479 0.885860 0.298336 0.355313
1.990217 -2.112661 13.165070 0.417445 0.390463 -0.237301 -0.889509 -0.094040 0.950873 -0.294952 0.915803 0.198818 0.348965
4.623440 -1.817098 41.308823 4.921675 0.512121 0.082447 -0.854947 -0.295443 0.951553 -0.085210 0.806502 0.296226 0.511669
1.095187 -5.056030 44.341864 47.278854 0.064056 0.640505 -0.765278 0.993399 0.032197 0.110098 0.095158 -0.767279 -0.634215
5.345598 -6.397335 147.168895 96.258256 0.042371 0.643676 -0.764124 0.998401 0.001368 0.056514 0.037422 -0.765297 -0.642589
3.084864 -13.262236 101.680606 241.023458 0.019261 0.642972 -0.765648 0.990216 -0.118123 -0.074286 -0.138205 -0.756726 -0.638956
-0.281510 -19.988797 23.890635 378.026961 -0.020837 0.601606 -0.798521 0.951485 -0.233311 -0.200604 -0.306989 -0.763961 -0.567557
-0.034387 -4.071096 0.966883 -0.318102 0.312506 0.944032 -0.105567 0.550210 -0.089296 0.830238 -0.774344 0.317539 0.547321
-0.165217 -4.056535 4.387921 -10.727529 0.329635 0.939517 -0.093000 0.617488 -0.140032 0.774015 -0.714178 0.312569 0.626300
-0.052258 -3.928368 -3.972583 -4.919400 0.306004 0.948654 -0.080109 0.634520 -0.140494 0.760030 -0.709751 0.283403 0.644931
-0.061493 -4.206791 -0.778865 8.596913 0.303722 0.945840 -0.114626 0.484744 -0.049830 0.873236 -0.820230 0.320785 0.473625
-0.008297 -4.078822 -2.723670 2.578029 0.304009 0.948392 -0.090175 0.573762 -0.106710 0.812040 -0.760510 0.298607 0.576592
-0.010556 -4.164702 4.441088 4.232301 0.310278 0.941934 -0.128404 0.420909 -0.015011 0.906979 -0.852387 0.335462 0.401126
-0.370038 -6.504369 5.100613 0.831490 0.231646 0.931046 -0.281946 -0.017170 0.293698 0.955744 -0.972649 0.216553 -0.084020
-0.445204 -6.286541 2.310212 13.902847 0.215949 0.942836 -0.253825 0.200469 0.211608 0.956574 -0.955604 0.257455 0.143313
-0.374737 -6.096112 4.959199 4.365281 0.252800 0.930039 -0.266684 0.120497 0.243226 0.962456 -0.959986 0.275443 0.050579
-0.334705 -6.256752 2.877415 -3.842445 0.244846 0.925267 -0.289709 -0.070210 0.314940 0.946511 -0.967017 0.211409 -0.142075
-1.243609 -8.253628 1.307687 11.416896 0.822468 0.555238 0.123517 -0.489523 0.580345 0.650820 -0.289678 0.595743 -0.749117
-1.144330 -8.362505 -0.512422 16.502201 0.816094 0.567696 0.108217 -0.536382 0.674333 0.507514 -0.215139 0.472225 -0.854821
-0.758926 -8.084019 13.449165 38.006867 0.866997 0.495641 -0.051530 -0.481194 0.859596 0.171890 0.129491 -0.124232 0.983767
-0.984150 -7.398435 5.979822 -7.929774 0.857128 0.515066 -0.006199 0.514967 -0.856563 0.033295 -0.011839 0.031731 0.999426
-1.168925 -7.126045 -1.695897 3.253005 0.844257 0.534262 0.042364 -0.525724 0.840934 -0.128239 -0.104138 0.085995 0.990838
-0.969503 -7.829707 -4.416208 -36.113347 0.836618 0.543652 0.067181 0.547589 -0.833299 -0.075882 -0.014729 -0.100272 0.994851
-0.918807 -8.635861 19.767557 -15.983423 -0.186398 -0.699158 0.690242 0.981076 -0.169930 0.092813 0.052402 0.694480 0.717601
-0.519659 -8.476147 23.837430 -30.325891 -0.119299 -0.721858 0.681681 0.969098 0.064645 0.238053 -0.215908 0.689015 0.691840
0.029842 -9.503856 19.673400 -12.190142 -0.145408 -0.721017 0.677488 0.988779 -0.129606 0.074287 0.034245 0.680688 0.731772
0.152604 -8.981672 14.232204 -35.869677 -0.095591 -0.708532 0.699174 0.954417 0.134281 0.266566 -0.282757 0.692785 0.663399
-0.363923 -7.859991 21.690201 -28.104475 -0.057875 -0.718548 0.693065 0.890868 0.276145 0.360692 -0.450561 0.638305 0.624149
0.596355 -3.365026 40.406394 38.300395 0.618229 0.569067 0.542177 0.160306 0.584006 -0.795763 -0.769477 0.578878 0.269825
0.777904 -4.638916 55.900249 42.137548 0.637727 0.596996 0.486724 0.000539 0.631547 -0.775337 -0.770262 0.494716 0.402433
1.665165 -4.117945 22.799762 40.156636 0.563190 0.576464 0.592036 0.101626 0.662707 -0.741951 -0.820054 0.478026 0.314646
1.293365 -3.152827 1.026427 30.910867 0.512151 0.584866 0.628994 0.218172 0.619721 -0.753887 -0.830724 0.523333 0.189789
1.632304 -3.804212 -18.822610 29.271789 0.456371 0.588622 0.667270 0.141361 0.692431 -0.707500 -0.878489 0.417208 0.232797
-1.343596 -16.710318 25.277513 109.466971 0.025999 0.546576 -0.837006 0.956271 -0.257604 -0.138515 -0.291325 -0.796803 -0.529372
-2.827859 -20.182220 22.525829 -64.910688 0.165854 0.491021 -0.855214 0.958743 -0.283322 0.023262 -0.230879 -0.823788 -0.517753
-1.424140 -17.670084 17.926041 -93.547708 0.002584 0.514336 -0.857585 0.840467 -0.465808 -0.276835 -0.541857 -0.720057 -0.433486
-2.269608 -17.152194 20.220632 43.189550 0.211785 0.532597 -0.819444 0.977010 -0.094391 0.191159 0.024462 -0.841089 -0.540343
-0.494787 -16.164001 17.901721 -0.537611 -0.061734 0.536048 -0.841927 0.773026 -0.507917 -0.380068 -0.631363 -0.674295 -0.383023
-0.098627 -15.532730 4.385244 29.719197 -0.096168 0.517037 -0.850544 0.787483 -0.483112 -0.382717 -0.608787 -0.706594 -0.360698
-0.409211 -16.120404 3.074787 184.073231 -0.066740 0.527319 -0.847042 0.975945 -0.142091 -0.165355 -0.207552 -0.837702 -0.505151
-1.808141 -13.855847 20.372427 76.540929 0.133413 0.542643 -0.829300 0.990171 -0.037536 0.134731 0.041983 -0.839124 -0.542318
-8.487952 -171.535412 -21.728642 2113.893133 0.675545 0.648317 -0.351175 0.091981 -0.546668 -0.832282 0.731559 -0.529943 0.428932
-1.569096 -142.607450 42.698090 3740.740576 0.632630 0.733018 -0.249928 -0.253267 -0.109153 -0.961219 0.731871 -0.671394 -0.116596
0.133593 -3.907225 9.683133 -15.096364 0.556867 0.777040 -0.293443 0.212812 0.208020 0.954693 -0.802876 0.594085 0.049524
-1.484191 -3.012618 18.980089 -13.778296 0.721755 0.674624 0.154767 -0.351735 0.164914 0.921459 -0.596115 0.719504 -0.356316
-1.194684 -2.591302 10.983196 -19.603703 0.733194 0.662052 0.155286 -0.397934 0.232541 0.887453 -0.551430 0.712469 -0.433951
-1.048281 -2.540208 -4.450052 -19.024172 0.756072 0.641504 0.129720 -0.375670 0.263070 0.888632 -0.535936 0.720602 -0.439893
0.043430 -7.390084 -9.241731 -6.492658 0.554751 0.828288 -0.078675 -0.040086 -0.067842 -0.996891 0.831050 -0.556180 0.004433
0.027060 -6.977086 0.135036 21.494851 0.514358 0.850549 -0.109559 -0.281841 0.046999 -0.958309 0.809940 -0.523792 -0.263894
-5.286560 -104.372830 -45.929658 -2802.525853 -0.491494 0.611854 -0.619733 0.776289 -0.014738 -0.630205 -0.394727 -0.790834 -0.467732
-1.045405 -164.226157 -154.886258 -4321.945904 -0.297056 0.667236 -0.683047 0.841219 -0.155584 -0.517827 -0.451784 -0.728416 -0.515074
-3.869058 -6.133561 -13.627430 6.658230 0.488379 0.848711 0.202915 0.347910 0.023877 -0.937224 0.800277 -0.528317 0.283614
-1.886388 -5.753773 -77.935946 11.451580 0.648404 0.710451 0.273554 0.289378 0.102351 -0.951727 0.704154 -0.696264 0.139224
-2.396990 -6.103748 -43.649304 93.224907 0.554059 0.762110 0.334972 0.119070 0.325694 -0.937948 0.823918 -0.559564 -0.089710
-4.796914 -5.197648 -0.218578 -2.882711 -0.673958 -0.070695 -0.735379 -0.362728 0.898833 0.246023 0.643591 0.432552 -0.631419
-4.810651 -5.198844 -12.123276 3.912342 -0.641861 0.087623 -0.761798 -0.344028 0.854952 0.388202 0.685317 0.511252 -0.518616
-4.422653 -5.017755 -14.895409 4.149825 -0.629912 0.471143 -0.617443 0.028333 0.808402 0.587949 0.776149 0.352862 -0.522571
-4.140422 -4.884374 -12.830779 -4.159351 -0.574971 0.576534 -0.580532 0.219626 0.792263 0.569284 0.788145 0.199822 -0.582150
-4.589437 -4.938562 -2.112548 -9.935716 -0.729188 0.161333 -0.665023 -0.051755 0.956026 0.288679 0.682353 0.244920 -0.688773
-0.681545 -3.800871 13.519056 -3.774530 0.686798 0.726410 0.025242 -0.692862 0.664785 -0.279290 0.219659 -0.174326 -0.959875
-0.800654 -3.179084 -18.322219 12.608023 0.361709 0.931329 -0.042347 -0.930745 0.363351 0.041098 -0.053663 -0.024549 -0.998257
-0.743338 -2.720807 -21.902028 11.566981 0.439049 0.896383 -0.061101 -0.883813 0.443120 0.150062 -0.161588 0.011883 -0.986787
-1.137046 -3.460003 -11.237050 9.278980 0.354901 0.934871 -0.007880 -0.934782 0.354706 -0.019148 0.015105 -0.014162 -0.999786
-0.918706 -3.725202 -16.566016 15.450244 0.317027 0.947598 -0.039395 -0.946271 0.313246 -0.080296 0.063748 -0.062735 -0.995992
-1.234147 -3.079559 -11.350215 10.196928 0.441726 0.897089 -0.010476 -0.891089 0.440066 0.110915 -0.104110 0.039659 -0.993775
0.691461 -0.749086 1.417965 -7.867146 0.590496 0.773564 0.230030 -0.016731 0.296702 -0.954824 0.806867 -0.559971 -0.188144
0.377585 -7.466925 -1.682469 -57.508263 0.774649 0.628981 -0.065591 -0.632106 0.773238 -0.050445 -0.018989 -0.080537 -0.996571
-0.242672 -12.761686 -8.818761 -44.235366 0.608145 0.792016 0.053580 0.726961 -0.582763 0.363202 -0.318886 0.181929 0.930168
0.125623 -13.307479 -3.942845 -50.638879 0.628905 0.775891 0.049710 0.707991 -0.597943 0.375783 -0.321290 0.201138 0.925373
-0.117295 -12.761686 -4.862272 -34.047573 0.635011 0.769946 0.062805 0.760207 -0.637282 0.126318 -0.137283 0.032469 0.990000
0.047041 -11.976753 -7.169715 -46.532770 0.588423 0.807616 0.038915 0.614716 -0.478106 0.627327 -0.525245 0.345212 0.777783
-0.476240 -12.212209 -10.136169 2.429851 0.637165 0.768095 0.063645 0.769375 -0.638764 0.006478 -0.045630 -0.044840 0.997952
-0.499597 -11.323278 -17.878860 -33.549339 0.573757 0.817111 0.055962 0.628029 -0.482788 0.610324 -0.525720 0.315032 0.790173
-0.830912 -12.017753 -20.092608 -32.711707 0.606589 0.791426 0.075461 0.732879 -0.593442 0.332741 -0.308122 0.146533 0.939994
1.149704 -3.006718 -3.182200 4.359191 0.758113 0.645807 -0.090541 -0.337871 0.270229 -0.901565 0.557770 -0.714080 -0.423064
1.151888 -2.814302 9.094736 1.523424 0.713813 0.689944 -0.120200 -0.387655 0.246311 -0.888287 0.583262 -0.680667 -0.443280
0.765993 -2.698266 4.592346 1.194403 0.728869 0.675161 -0.113614 -0.438970 0.333493 -0.834319 0.525410 -0.657982 -0.539448
0.277755 -2.534077 13.500246 13.833468 0.584140 0.811291 0.024246 -0.804554 0.574830 0.149210 -0.107116 0.106667 -0.988508
-0.001637 -3.009875 11.946102 -13.676051 0.629610 0.776584 0.022550 0.776189 -0.627508 -0.061353 -0.033496 0.056131 -0.997861
-0.034522 -3.495487 11.231072 19.141465 0.650357 0.759373 0.019708 -0.758871 0.650648 -0.027796 0.033930 -0.003121 -0.999419
-1.589482 -9.107389 -32.902093 -28.786663 0.775346 0.593048 0.217100 -0.113989 0.469536 -0.875524 0.621165 -0.654087 -0.431654
-2.258619 -8.012380 -17.059292 -32.370042 0.713414 0.614427 0.336928 -0.013619 0.492882 -0.869989 0.700610 -0.616074 -0.359997
0.576381 -15.174688 9.466915 52.460371 0.580505 0.783267 0.222500 -0.126018 -0.183540 0.974901 -0.804446 0.593974 0.007840
0.465018 -15.596640 -6.331735 -3.602685 0.515550 0.816228 0.260730 -0.289573 -0.120417 0.949551 -0.806446 0.565042 -0.174277
0.406418 -17.047320 3.182037 -47.901537 0.568008 0.785874 0.244475 -0.360436 -0.029518 0.932317 -0.739900 0.617681 -0.266491
-1.891909 -2.766644 -11.662669 -11.208117 -0.297422 0.632598 0.715095 0.919921 0.390323 0.037320 -0.255510 0.668931 -0.698031
-1.580879 -3.046398 -8.070319 -10.262733 -0.322015 0.673865 0.664991 0.913873 0.404703 0.032430 -0.247270 0.618160 -0.746147
-1.306590 -153.303444 172.789161 -4887.610697 0.512705 0.841243 0.171594 -0.819927 0.539035 -0.192774 0.254664 0.041858 -0.966123
-4.511314 -30.625727 113.716536 -678.219289 0.642890 0.761547 0.082088 -0.756973 0.648057 -0.083751 0.116978 0.008295 -0.993100
2.969939 -84.470395 -127.026747 1838.062132 -0.654317 0.423286 -0.626656 -0.121204 0.759255 0.639407 0.746444 0.494328 -0.445490
79.479972 -236.072315 -1481.663961 6337.647066 -0.694896 0.575359 -0.431371 0.050318 0.637301 0.768970 0.717348 0.512649 -0.471809
-12.293406 -148.900997 237.845071 3324.309196 -0.509062 0.282043 -0.813208 0.629366 0.766471 -0.128145 0.587158 -0.577039 -0.567690
-12.998105 -29.580284 -175.027636 612.005779 0.001156 0.546628 -0.837375 -0.359970 0.781468 0.509636 0.932963 0.300840 0.197673
-5.105161 -46.779480 39.863149 971.940290 -0.552248 0.472882 -0.686589 -0.113961 0.773014 0.624070 0.825854 0.422886 -0.373005
1.728552 -33.662519 -86.865543 668.782423 -0.599477 0.555040 -0.576679 -0.180327 0.608312 0.772942 0.779814 0.567352 -0.264580
-0.703723 -16.327379 28.366428 158.188093 0.875177 -0.480433 -0.057006 -0.276125 -0.399265 -0.874267 -0.397266 -0.780879 0.482087
-0.038546 -13.582405 20.545461 75.727109 0.856160 -0.508664 -0.090835 -0.409643 -0.561039 -0.719325 -0.314932 -0.653067 0.688710
0.010628 -1.138103 8.685350 -10.045889 0.473543 -0.071829 -0.877837 0.102478 0.994393 -0.026085 0.874789 -0.077607 0.478249
0.411131 -1.460674 3.209816 -12.654541 0.488832 -0.004398 -0.872367 0.049624 0.998508 0.022774 0.870966 -0.054423 0.488321
0.325386 -1.475729 0.063006 -8.958305 0.456285 -0.245018 -0.855435 0.145062 0.968965 -0.200160 0.877930 -0.032761 0.477667
-0.435010 -1.171986 1.102827 0.825404 0.375572 -0.502826 -0.778531 0.312591 0.859531 -0.404344 0.872486 -0.091502 0.479995
-0.072859 -1.707134 -6.602528 9.113568 0.323779 -0.643606 -0.693497 0.349581 0.762492 -0.544425 0.879182 -0.066160 0.471871
0.542162 -1.884763 -5.379657 -1.017444 0.398902 -0.462276 -0.791946 0.195555 0.886651 -0.419057 0.895899 0.012294 0.444087
0.887230 -5.294156 36.619435 -57.311841 0.107357 0.625261 -0.772996 0.981042 0.059549 0.184420 0.161342 -0.778140 -0.607015
-0.247587 -6.166895 4.751688 -53.715055 0.079394 0.591688 -0.802248 0.972531 0.130683 0.192630 0.218816 -0.795504 -0.565059
-0.186545 -6.567001 -9.591765 5.108278 0.186055 0.956543 -0.224521 0.176143 0.192337 0.965391 -0.966622 0.219163 0.132703
0.283423 -6.868696 -17.626458 -8.375883 0.161745 0.962118 -0.219469 0.025849 0.218191 0.975564 -0.986494 0.163466 -0.010421
-0.984804 -8.877409 2.720205 13.097785 0.836349 0.531735 0.133339 -0.526715 0.712015 0.464334 -0.151962 0.458577 -0.875566
-1.010263 -8.973609 3.566967 24.222737 0.824707 0.553873 0.114380 -0.560397 0.773027 0.297295 -0.076245 0.309279 -0.947910
-1.186611 -8.291886 -0.890799 15.327003 0.845093 0.521857 0.116118 -0.446848 0.570245 0.689309 -0.293505 0.634417 -0.715101
-0.704194 -8.234623 7.447584 0.288808 0.869836 0.473771 0.137575 -0.466815 0.700205 0.540182 -0.159592 0.534092 -0.830227
-0.466819 -9.463550 8.653086 11.452785 0.847873 0.510516 0.143128 -0.529595 0.828350 0.182659 0.025310 0.230672 -0.972702
-0.428506 -8.637200 11.276771 16.798332 0.866015 0.477425 0.148607 -0.496581 0.786410 0.367378 -0.058530 0.391950 -0.918123
