17840
35669
-5.051054 -7.847860 32.422602 55.142319 0.412681 0.901928 0.127363 -0.604996 0.375934 -0.701893 0.680937 -0.212603 -0.700803
-5.488395 -7.657160 40.870776 95.251120 0.620009 0.724680 0.300712 -0.491123 0.657359 -0.571557 0.611872 -0.206684 -0.763475
-4.168777 -6.907144 6.919726 71.771427 0.317053 0.946837 0.054570 -0.730575 0.280517 -0.622551 0.604762 -0.157514 -0.780674
-4.306602 -6.064094 25.827901 60.262492 0.421416 0.899441 0.115823 -0.735070 0.413584 -0.537234 0.531113 -0.141261 -0.835443
-4.016125 -7.456577 -12.958763 51.442080 0.226688 0.973134 0.040289 -0.679534 0.187659 -0.709238 0.697744 -0.133398 -0.703817
-3.774906 -6.482306 -16.586693 57.346617 0.135905 0.990312 -0.028496 -0.801199 0.092942 -0.591135 0.582760 -0.103169 -0.806069
2.202565 -7.956636 -28.854302 37.465515 0.940370 0.299995 -0.160335 -0.158031 0.802709 0.575052 -0.301215 0.515424 -0.802252
1.732238 -8.645244 -45.262106 74.568778 0.938987 0.299564 -0.169010 -0.187410 0.857629 0.478904 -0.288411 0.418011 -0.861444
3.008832 -8.107875 -42.915473 31.867517 0.964189 0.220995 -0.146634 -0.112637 0.841754 0.527980 -0.240111 0.492556 -0.836502
1.306517 -8.593665 -11.570513 92.385068 0.916991 0.374320 -0.137885 -0.244402 0.800374 0.547421 -0.315270 0.468281 -0.825420
0.220719 -2.153575 81.981640 -110.206516 -0.875213 0.446573 -0.185943 0.452251 0.891795 0.013102 0.171674 -0.072626 -0.982473
-0.387350 -0.867450 19.373429 12.681846 -0.452229 0.886987 -0.093502 -0.878389 -0.461103 -0.125770 0.154670 -0.025254 -0.987643
0.506301 -1.122070 43.836707 34.529026 -0.135307 0.990791 0.004984 -0.979798 -0.133054 -0.149305 0.147267 0.025085 -0.988779
2.499372 -1.328436 122.242514 6.444069 -0.426758 0.901778 -0.068367 -0.893102 -0.432131 -0.125023 0.142287 -0.007704 -0.989796
1.225876 -1.519058 142.501379 47.169143 -0.018479 0.996708 0.078936 -0.991473 -0.008082 -0.130058 0.128992 0.080666 -0.988359
-0.100873 -3.422876 46.008651 95.243165 0.447067 0.883030 0.142789 -0.866888 0.467067 -0.174224 0.220537 0.045892 -0.974298
0.349040 -3.735697 -63.657045 11.533898 0.753881 0.634344 -0.171085 -0.654627 0.747395 -0.113422 -0.055920 -0.197504 -0.978706
-0.914324 -4.221821 -96.796453 28.980600 0.728506 0.660359 -0.182220 -0.682940 0.720915 -0.117788 -0.053582 -0.210255 -0.976177
0.159173 -4.100863 -94.909175 -31.536642 0.684112 0.700746 -0.202350 0.729018 -0.665638 0.159558 -0.022882 -0.256672 -0.966228
6.960473 -12.338784 -128.606666 -230.693031 0.999063 -0.014121 -0.040906 0.041698 0.566914 0.822721 -0.011572 0.823656 -0.566972
5.978652 -13.641982 27.665018 -128.815984 0.997739 -0.053575 -0.040581 0.056195 0.333769 0.940979 0.036868 0.941131 -0.336024
5.802509 -12.476745 9.542607 -196.340605 0.997261 0.013184 -0.072785 0.057853 0.474117 0.878559 -0.046091 0.880363 -0.472055
5.737507 -10.555822 -79.331134 -197.277573 0.994030 0.057197 -0.092912 0.034093 0.646103 0.762488 -0.103643 0.761104 -0.640296
0.121954 -3.399486 -19.577071 35.673538 0.415872 0.902884 -0.108862 0.288886 -0.017651 0.957201 -0.862320 0.429521 0.268172
0.225526 -3.369807 -15.259156 -3.689473 0.416352 0.904988 -0.087447 0.316645 -0.054170 0.946996 -0.852284 0.421973 0.309114
-0.090442 -3.662222 -36.380178 38.304394 0.414015 0.910158 -0.014291 0.246631 -0.097048 0.964238 -0.876222 0.402733 0.264653
-0.126765 -3.980168 -24.594918 44.263578 0.423744 0.904037 -0.056195 0.189344 -0.027739 0.981519 -0.885771 0.426553 0.182928
-0.342593 -4.299053 -10.759392 34.631984 0.439494 0.898196 0.009468 0.120513 -0.069406 0.990283 -0.890125 0.434082 0.138748
0.716393 -4.684982 -0.374937 44.060539 0.598977 0.788387 0.140259 0.316475 -0.072169 -0.945851 0.735574 -0.610932 0.292733
0.806162 -5.122216 0.383924 48.708278 0.602219 0.787291 0.132307 0.379599 -0.136594 -0.915012 0.702308 -0.601261 0.381114
0.794428 -5.031581 -12.804091 48.674851 0.594637 0.791362 0.141963 0.345705 -0.092252 -0.933797 0.725875 -0.604347 0.328434
0.885825 -4.432611 -6.760129 13.996009 0.592402 0.793226 0.140899 0.284669 -0.042487 -0.957684 0.753673 -0.607443 0.250976
0.873221 -4.305578 -0.206148 16.885176 0.608020 0.782503 0.134168 0.264480 -0.040295 -0.963549 0.748574 -0.621342 0.231457
0.679011 -10.134724 15.979590 -274.887586 0.646379 0.760303 -0.064289 -0.694848 0.621350 0.362092 -0.315245 0.189378 -0.929923
0.745179 -13.364738 16.738311 -197.558791 0.638160 0.768480 -0.046806 -0.595346 0.531108 0.602900 -0.488175 0.356881 -0.796443
0.856441 -10.980142 16.117845 -251.228934 0.629130 0.774461 -0.066372 -0.681631 0.590723 0.431771 -0.373597 0.226399 -0.899538
0.854329 -5.996095 4.784874 -202.479795 0.655294 0.747299 -0.110153 -0.707467 0.658279 0.257214 -0.264727 0.090621 -0.960056
1.012652 -6.753107 0.829876 -169.479210 0.646316 0.753595 -0.119879 -0.699236 0.647796 0.302374 -0.305525 0.111605 -0.945621
0.873013 -10.893980 8.856311 -201.414884 0.627909 0.773832 -0.083153 -0.655152 0.583214 0.480248 -0.420127 0.247074 -0.873183
0.696819 -15.520664 28.662875 88.478138 0.722673 0.691176 0.004325 -0.579354 0.609144 -0.541564 0.376951 -0.388868 -0.840648
1.611818 -15.297286 61.980919 54.736216 0.726789 0.686849 0.004029 -0.512910 0.546618 -0.661915 0.456838 -0.479006 -0.749568
1.472329 -15.489919 -2.553378 -8.031384 0.730822 0.682065 -0.026196 -0.445156 0.447182 -0.775799 0.517431 -0.578633 -0.630436
3.786439 -4.055913 -17.192068 35.624243 -0.659907 -0.655859 -0.366568 0.676912 -0.307251 -0.668870 0.326056 -0.689526 0.646716
4.973063 -4.487720 -41.971692 33.932265 -0.651272 -0.635409 -0.414849 0.724149 -0.356989 -0.590057 0.226831 -0.684700 0.692628
3.796864 -4.686839 -44.142039 59.622958 -0.646921 -0.692408 -0.319474 0.690144 -0.353438 -0.631492 0.324336 -0.629009 0.706508
3.051297 -4.030327 35.653358 36.921135 0.648029 0.711508 0.271689 0.647857 -0.327418 -0.687807 0.400424 -0.621735 0.673132
2.797274 -4.735867 -42.997906 66.047564 -0.641085 -0.726243 -0.248156 0.674493 -0.378889 -0.633642 0.366155 -0.573597 0.732746
3.887502 -5.004394 -69.171543 55.079858 -0.632263 -0.715377 -0.297454 0.714671 -0.390288 -0.580449 0.299147 -0.579578 0.758024
-1.251140 -10.813924 -1.536383 -1.698045 0.703053 0.698569 -0.133112 0.453668 -0.296438 0.840422 -0.547633 0.651250 0.525330
-1.019428 -11.184380 18.434524 9.123176 0.743016 0.659613 -0.113307 0.293918 -0.169493 0.940683 -0.601282 0.732245 0.319808
-1.509778 -11.034285 17.948727 20.188076 0.725620 0.676049 -0.128192 0.299366 -0.142421 0.943449 -0.619561 0.722962 0.305729
-1.693871 -10.558321 38.363089 17.076588 0.709254 0.686579 -0.159901 0.414470 -0.222651 0.882406 -0.570239 0.692124 0.442483
1.824365 -5.713560 23.649304 -25.406663 0.315177 0.908467 0.274501 -0.228435 -0.208117 0.951054 -0.921130 0.362456 -0.141932
2.071175 -4.928363 -20.146348 -70.306058 0.230078 0.916432 0.327440 -0.207853 -0.282427 0.936500 -0.950716 0.283527 -0.125503
1.577710 -5.386162 5.359164 -0.042465 0.274175 0.919039 0.283187 -0.229837 -0.223317 0.947262 -0.933811 0.324802 -0.150001
1.524245 -5.082305 -46.802753 -22.746186 0.196679 0.927771 0.317110 -0.240022 -0.268026 0.933034 -0.950635 0.259621 -0.169970
0.228320 -5.253027 -37.999445 14.499823 0.464753 0.843552 -0.269117 0.762091 -0.226344 0.606619 0.450802 -0.487020 -0.748057
0.224286 -4.750253 -35.004967 -40.797724 0.517739 0.829955 -0.207656 -0.659397 0.232460 -0.714953 0.545107 -0.507087 -0.667623
0.676432 -5.534160 -12.633103 -9.964705 0.474718 0.852977 -0.216961 -0.745405 0.258567 -0.614422 0.467989 -0.453402 -0.758560
0.660219 -5.829619 10.232996 -5.263378 0.475278 0.857226 -0.198177 -0.740808 0.268375 -0.615774 0.474672 -0.439475 -0.762593
0.694506 -5.521220 11.859141 -22.766978 0.447218 0.866497 -0.221764 0.808293 -0.285372 0.515000 0.382961 -0.409567 -0.828007
0.691595 -5.277189 -17.483241 -19.645257 0.442632 0.858546 -0.258795 0.820863 -0.271791 0.502309 0.360917 -0.434773 -0.825052
-0.375847 -12.050375 -0.953585 -31.108570 0.341750 -0.781777 0.521567 0.871669 0.471128 0.135023 -0.351282 0.408490 0.842459
-0.460769 -11.562397 9.092646 -10.921564 0.375433 -0.773598 0.510486 0.873251 0.479818 0.084898 -0.310617 0.413909 0.855685
-0.353605 -11.788591 25.192267 -4.834464 0.381961 -0.774556 0.504151 0.907752 0.416827 -0.047347 -0.173471 0.475729 0.862316
-0.644492 -12.017480 1.734699 9.111041 -0.323708 0.794647 -0.513565 0.816113 0.509136 0.273385 -0.478719 0.330631 0.813333
0.654993 -5.053448 1.902586 -18.128186 0.564248 0.798636 -0.209296 -0.526687 0.543420 0.653678 -0.635787 0.258603 -0.727255
0.834384 -5.131814 13.334612 -17.437548 0.555774 0.809157 -0.190735 -0.491489 0.504855 0.709620 -0.670487 0.300644 -0.678277
0.936919 -5.017796 5.324950 -14.720344 0.546907 0.813578 -0.197443 -0.533744 0.520534 0.666454 -0.644988 0.259105 -0.718926
0.731393 -4.832378 0.701582 -13.012908 0.557468 0.802878 -0.211226 -0.583927 0.560053 0.587682 -0.590135 0.204273 -0.781034
-0.026758 -15.935309 -30.391443 -100.863859 -0.365412 0.789794 -0.492645 0.109444 0.562027 0.819846 -0.924389 -0.245665 0.291810
-1.097337 -17.470739 -55.710188 -24.265067 -0.353141 0.783590 -0.511154 0.038885 0.558177 0.828811 -0.934762 -0.272811 0.227585
0.017805 -16.159810 -33.642512 40.360790 -0.357866 0.783883 -0.507405 -0.078193 0.516326 0.852815 -0.930493 -0.344869 0.123481
-0.432186 -17.123537 -41.523769 -91.143000 -0.367668 0.789733 -0.491062 0.276909 0.597066 0.752883 -0.887773 -0.140831 0.438206
-0.013328 -3.366656 9.997842 -4.551539 0.452577 0.884782 -0.111059 0.891291 -0.452722 0.025368 -0.027834 -0.110466 -0.993490
-0.217171 -3.279362 11.765034 -2.745876 0.431858 0.895019 -0.111532 0.901864 -0.430132 0.040361 -0.011849 -0.118017 -0.992941
-0.160260 -3.340216 11.424347 8.435096 0.472348 0.874785 -0.107881 0.878705 -0.476942 -0.020089 -0.069027 -0.085307 -0.993961
-0.656596 -7.398438 13.567050 -14.690003 0.516381 -0.681691 0.518312 0.846980 0.317225 -0.426607 0.126393 0.659292 0.741188
0.329632 -6.833626 52.381174 13.328433 0.388678 -0.729040 0.563410 0.921289 0.299251 -0.248343 0.012451 0.615589 0.787969
0.469512 -6.451618 67.378778 -10.578564 0.448954 -0.719443 0.529945 0.883461 0.268499 -0.383934 0.133928 0.640555 0.756143
0.621972 -6.869863 72.485270 -73.947550 0.494028 -0.707625 0.505177 0.845336 0.255046 -0.469425 0.203333 0.658953 0.724180
-0.500113 -7.781755 16.011089 -49.452840 0.560699 -0.662731 0.496392 0.797069 0.269623 -0.540355 0.224271 0.698636 0.679419
1.966359 -6.003849 129.950265 -39.240499 0.387748 -0.747902 0.538790 0.909330 0.214677 -0.356417 0.150899 0.628137 0.763330
0.415714 -38.172706 -16.791350 325.646820 -0.220372 -0.459436 0.860439 0.950350 0.097563 0.295494 -0.219707 0.882836 0.415125
0.501388 -43.839705 -36.957196 118.530135 -0.256782 -0.462016 0.848884 0.747703 0.461564 0.477387 -0.612375 0.757298 0.226929
0.357416 -34.244848 -48.163214 320.783661 -0.257239 -0.426502 0.867136 0.863657 0.301075 0.404291 -0.433504 0.852907 0.290903
0.402361 -40.050252 -42.095805 536.828921 -0.283982 -0.461206 0.840621 0.615131 0.584884 0.528701 -0.735506 0.667233 0.117606
0.638775 -29.666355 -32.142155 252.939151 -0.197920 -0.407715 0.891401 0.977886 -0.019436 0.208233 -0.067574 0.912902 0.402546
0.647396 -27.877207 -19.313627 -67.566050 -0.213082 -0.430330 0.877161 0.947532 0.127938 0.292942 -0.238284 0.893559 0.380490
-46.856755 -223.663675 -2532.781670 -17990.104758 0.483313 -0.292747 -0.825050 0.872009 0.077534 0.483311 -0.077518 -0.953041 0.292751
-14.338653 -314.681614 -889.692350 -13734.480061 0.544648 -0.344433 -0.764673 0.440608 0.893321 -0.088552 0.713599 -0.288691 0.638306
-3.272477 -234.711401 23.682618 3231.572978 0.520853 -0.177787 -0.834927 0.593545 0.778379 0.204526 0.613528 -0.602095 0.510945
0.832958 -9.363041 5.369051 -59.879056 0.510118 -0.661508 0.549716 0.779359 0.625862 0.029920 -0.363839 0.413163 0.834816
0.811517 -9.499972 6.604531 -38.601920 0.518005 -0.668018 0.534250 0.805525 0.591074 -0.041961 -0.287750 0.452088 0.844285
0.639791 -9.316216 -19.301904 -3.093097 -0.511056 0.684773 -0.519527 0.760760 0.641679 0.097423 -0.400082 0.345447 0.848882
0.732665 -9.486645 4.414227 -23.236524 0.522556 -0.666559 0.531633 0.804245 0.592372 -0.047801 -0.283063 0.452542 0.845625
1.183404 -4.503931 -25.169974 -33.779422 0.148394 0.894088 0.422595 -0.251909 -0.379055 0.890426 -0.956306 0.238589 -0.168980
1.046648 -4.447100 -21.992284 -46.644579 0.128581 0.884985 0.447513 -0.220780 -0.414389 0.882915 -0.966811 0.212328 -0.142105
0.816079 -3.947141 -7.928004 -20.981433 0.139331 0.898621 0.416013 -0.294937 -0.363385 0.883721 -0.945304 0.245828 -0.214406
-1.111087 -6.079504 -27.688786 -17.930609 0.382436 0.916360 -0.118435 -0.747627 0.382210 0.543111 -0.542952 0.119160 -0.831266
-1.306777 -6.149613 -23.573156 -103.791256 0.376060 0.919901 -0.111177 -0.833212 0.388210 0.393764 -0.405384 0.055444 -0.912464
-1.127565 -6.483959 -36.820791 -108.495870 0.364596 0.923029 -0.122831 -0.825328 0.381411 0.416364 -0.431165 0.050429 -0.900863
-0.746620 -6.098002 -27.788710 -20.455499 0.381775 0.913926 -0.137797 -0.743931 0.392327 0.540968 -0.548466 0.104016 -0.829678
-0.716171 -6.248577 -26.791746 115.769500 0.384818 0.912182 -0.140851 -0.634402 0.372241 0.677474 -0.670410 0.171348 -0.721935
-1.006417 -6.162232 -27.858000 119.722180 0.378550 0.917138 -0.124731 -0.631578 0.354462 0.689540 -0.676616 0.182249 -0.713426
-0.654365 -14.211629 19.223291 -113.401978 0.638042 0.768186 -0.052854 0.714880 -0.565466 0.411333 0.286093 -0.300232 -0.909952
-0.429586 -13.560944 19.685951 107.949997 0.661627 0.749473 -0.023242 -0.704010 0.610226 -0.363310 0.258108 -0.256739 -0.931378
0.082902 -15.184281 66.700311 78.634374 0.641331 0.767153 -0.013088 -0.613014 0.502065 -0.610036 0.461420 -0.399258 -0.792265
0.384682 -15.291292 6.406215 68.176063 0.677713 0.735094 -0.018507 -0.590854 0.529406 -0.608786 0.437717 -0.423517 -0.793119
0.712148 -14.699575 40.176264 -59.137561 0.657278 0.753490 -0.015410 -0.433024 0.360839 -0.826006 0.616827 -0.549589 -0.563451
0.611856 -14.657603 74.251744 -85.029039 0.634106 0.772838 -0.025110 -0.439945 0.333885 -0.833648 0.635891 -0.539669 -0.551725
4.824800 -96.637341 130.812732 4037.508506 -0.429703 -0.877073 0.214706 0.895238 -0.382754 0.228143 -0.117918 0.290246 0.949659
5.433006 -48.777875 -157.270761 1974.521374 0.499527 0.853677 -0.147336 0.824474 -0.520691 -0.221636 0.265922 0.010762 0.963935
3.437989 -78.484396 25.031026 3257.284365 -0.478056 -0.870001 0.120668 0.875961 -0.482329 -0.007191 0.064458 0.102263 0.992667
3.220246 -32.868370 39.269058 1201.142844 -0.190506 0.931399 0.310168 -0.615510 0.132809 -0.776859 0.764758 0.338908 -0.547984
3.955005 -19.882797 3.326411 796.884984 -0.107875 0.934869 0.338207 -0.760587 0.141465 -0.633636 0.640211 0.325589 -0.695789
4.536124 -67.193161 -110.814910 2941.468555 -0.053626 0.920553 0.386920 -0.570845 0.289659 -0.768267 0.819304 0.262071 -0.509960
-2.226174 -29.078124 -113.539651 479.043276 -0.209734 0.659101 0.722217 0.051509 0.745068 -0.664996 -0.976401 -0.102272 -0.190216
-0.821356 -29.600441 -111.568825 317.409263 -0.262502 0.650957 0.712284 -0.052691 0.727399 -0.684189 -0.963492 -0.217132 -0.156644
-2.061517 -31.209401 -101.405517 -494.788496 -0.205945 0.646129 0.734917 -0.330922 0.660785 -0.673687 -0.920911 -0.381943 0.077733
-4.579040 -28.403145 -109.113861 -56.132119 -0.124552 0.652380 0.747587 -0.156933 0.731018 -0.664067 -0.979724 -0.200032 0.011330
1.054690 -2.774628 -9.646417 -61.977265 0.394929 0.871333 -0.291222 0.908056 -0.322077 0.267771 0.139521 -0.370196 -0.918416
1.015926 -2.150438 17.225949 -54.282345 0.420664 0.869010 -0.260507 0.898694 -0.359896 0.250647 0.124059 -0.339554 -0.932369
1.053082 -1.950093 -7.399819 -45.407080 0.403099 0.867202 -0.292354 0.908812 -0.341780 0.239263 0.107569 -0.362142 -0.925895
1.917751 -0.723883 -14.661166 -5.535167 -0.494695 0.500714 -0.710325 0.556284 0.810401 0.183843 0.667701 -0.304196 -0.679441
3.071784 -0.752992 -20.395542 -1.694778 -0.535695 0.369726 -0.759166 0.501694 0.862520 0.066048 0.679216 -0.345488 -0.647537
1.601586 -0.970125 -18.747329 -19.378651 -0.598508 0.069129 -0.798128 0.312678 0.937410 -0.153281 0.737577 -0.341298 -0.582663
1.597796 -0.776549 -20.990912 -13.382044 -0.569107 0.271077 -0.776295 0.419730 0.907602 0.009222 0.707067 -0.320586 -0.630302
8.979167 -6.407278 -30.558812 -12.846867 0.855719 0.455930 0.244688 -0.480987 0.875227 0.051280 -0.190778 -0.161573 0.968245
8.259000 -5.695994 -3.066901 78.074684 0.888163 0.382555 0.254594 0.442799 -0.860606 -0.251569 -0.122866 -0.336168 0.933753
5.888436 -5.680985 -40.195187 71.735190 0.777847 0.503462 0.376138 0.573315 -0.813624 -0.096568 -0.257417 -0.290760 0.921518
0.364683 -4.593156 145.021220 11.080501 -0.541425 -0.626905 -0.560223 0.743129 -0.668482 0.029855 -0.393215 -0.400154 0.827804
1.070013 -6.888409 -255.511151 139.153418 0.510144 0.607523 0.608825 -0.668545 0.725432 -0.163696 -0.541110 -0.323519 0.776231
7.489517 -5.954985 158.413159 -56.701353 0.828290 0.408854 0.383112 -0.478511 0.871893 0.104065 -0.291486 -0.269519 0.917821
7.730624 -5.518098 39.714329 7.046461 0.828944 0.437448 0.348557 -0.470665 0.882229 0.012122 -0.302204 -0.174102 0.937209
26.331636 -6.097899 556.381160 -46.243939 -0.434456 0.626516 -0.647090 0.006007 0.720436 0.693496 0.900673 0.297407 -0.316761
26.986271 -5.296926 725.882891 -105.653033 -0.487215 0.662954 -0.568431 0.125667 0.697364 0.705614 0.864193 0.272353 -0.423077
29.009531 -5.546970 -17.416098 -67.670595 -0.065632 0.704143 -0.707018 0.078590 0.709993 0.699810 0.994744 -0.009635 -0.101937
23.435366 -6.620607 796.949519 -114.580655 -0.787836 0.470335 -0.397617 0.099879 0.734627 0.671079 0.607732 0.488986 -0.625742
26.071025 -7.340436 -120.332631 4.324004 -0.007967 0.707701 -0.706467 0.045248 -0.705510 -0.707254 0.998944 0.037600 0.026401
22.049739 -7.876319 834.567088 -112.297654 -0.727493 0.502540 -0.467127 -0.018017 0.666601 0.745197 0.685878 0.550542 -0.475894
1.900243 -7.924615 27.126494 13.765192 0.822614 0.526462 0.214811 0.514377 -0.528014 -0.675735 0.242326 -0.666363 0.705152
1.484420 -7.804229 14.154402 -5.808942 0.832437 0.519270 0.193412 0.523254 -0.621760 -0.582769 0.182359 -0.586322 0.789285
1.526133 -7.439544 26.061840 14.896177 0.803922 0.556381 0.210119 0.540007 -0.534833 -0.649881 0.249203 -0.635919 0.730414
0.402194 -5.913637 -7.592310 69.183507 0.967172 -0.230065 0.107925 -0.191002 -0.938258 -0.288426 -0.167618 -0.258344 0.951400
0.154087 -5.839029 -15.089011 71.850534 0.954924 -0.273160 0.116208 -0.229491 -0.927629 -0.294685 -0.188294 -0.254733 0.948502
0.144434 -6.483194 -11.920451 143.668179 0.966207 -0.228683 0.118943 -0.191958 -0.946315 -0.260077 -0.172032 -0.228456 0.958234
0.458725 -6.809162 -19.653604 166.238182 0.975443 -0.188731 0.113543 -0.156186 -0.956192 -0.247594 -0.155297 -0.223780 0.962188
-1.963042 -4.811765 48.725439 -60.422057 0.432212 0.795958 -0.423843 -0.170416 -0.389447 -0.905146 0.885523 -0.463445 0.032680
-0.893678 -4.435491 102.492871 -63.986907 0.402094 0.850069 -0.340150 -0.085666 -0.334948 -0.938334 0.911582 -0.406438 0.061858
-1.280380 -3.715122 54.390453 -64.246916 0.422689 0.780979 -0.459789 -0.103175 -0.462573 -0.880557 0.900383 -0.419640 0.114947
-0.968411 -5.617662 80.348572 -66.427215 0.414115 0.859857 -0.298587 -0.163164 -0.252598 -0.953715 0.895481 -0.443666 -0.035693
-2.001362 -5.683636 10.600493 -51.324415 0.491136 0.801056 -0.342192 -0.233821 -0.257183 -0.937648 0.839114 -0.540525 -0.060992
-0.266276 -5.536570 8.939652 3.156477 0.877207 -0.459209 0.140124 -0.437284 -0.643676 0.628063 0.198218 0.612216 0.765442
-0.702243 -6.450068 11.032500 52.008172 0.887403 -0.439867 0.137963 -0.407911 -0.609805 0.679520 0.214768 0.659284 0.720569
-0.296741 -5.437435 21.709904 -15.008427 0.890133 -0.441294 0.113682 -0.405199 -0.652312 0.640549 0.208514 0.616237 0.759456
0.035382 -5.141872 40.040564 -10.156312 0.877057 -0.468180 0.107604 -0.448864 -0.718878 0.530788 0.171151 0.513831 0.840646
3.702891 -7.317921 44.763959 -46.806070 0.910219 -0.343832 0.230825 -0.017192 -0.588271 -0.808481 -0.413769 -0.731927 0.541367
3.769682 -8.040396 16.548971 -126.192140 0.888976 -0.366342 0.274798 0.034747 -0.544370 -0.838125 -0.456633 -0.754622 0.471203
4.361762 -6.886209 72.017252 -37.854785 0.896687 -0.344156 0.278406 0.004791 -0.621349 -0.783520 -0.442640 -0.703905 0.555506
-0.802204 -13.308141 -7.643752 240.903481 -0.339841 0.787623 -0.513962 -0.401939 -0.615699 -0.677761 0.850266 0.023749 -0.525817
-0.663087 -13.183114 4.426279 223.046049 -0.341595 0.779847 -0.524548 -0.398939 -0.625659 -0.670372 0.850976 0.019733 -0.524834
-0.820276 -15.045961 -1.270537 134.790827 -0.350762 0.786306 -0.508615 -0.216206 -0.596446 -0.772986 0.911165 0.161169 -0.379215
-0.844802 -9.539442 -3.256035 273.632825 -0.337794 0.783187 -0.522029 -0.600188 -0.606471 -0.521505 0.725031 -0.137155 -0.674922
-1.175174 -15.673188 -38.196210 95.380022 -0.300165 0.799739 -0.519921 -0.142269 -0.576493 -0.804622 0.943218 0.167550 -0.286821
-0.514967 -13.348198 -13.835188 247.710360 -0.324373 0.792405 -0.516601 -0.398517 -0.609776 -0.685097 0.857885 0.016353 -0.513582
-0.487707 -9.075030 -6.737930 292.480192 -0.332502 0.785106 -0.522543 -0.596547 -0.604228 -0.528242 0.730461 -0.136080 -0.669260
7.379731 -6.689653 6.985100 -63.217515 -0.527508 -0.087753 -0.845006 0.779450 0.345649 -0.522479 0.337924 -0.934252 -0.113934
7.679398 -5.633663 23.191823 -74.686589 -0.541813 -0.017796 -0.840311 0.806392 0.270908 -0.525681 0.237002 -0.962441 -0.132430
7.533607 -5.415567 13.365630 -60.369627 -0.511573 -0.072362 -0.856187 0.826447 0.231220 -0.513345 0.235115 -0.970207 -0.058483
6.761950 -5.711602 -121.015756 -40.104326 -0.477566 -0.220032 -0.850598 0.808006 0.270218 -0.523553 0.345046 -0.937319 0.048741
5.671334 -5.000697 -99.058477 -7.018436 0.651570 0.722970 -0.229718 0.481487 -0.628149 -0.611228 0.586197 -0.287651 0.757384
4.936177 -4.912884 -75.225972 -6.949615 0.646323 0.727360 -0.230680 0.435610 -0.599909 -0.671084 0.626507 -0.333250 0.704580
4.730184 -4.942741 -116.899578 -4.897312 0.674387 0.726506 -0.131877 0.529745 -0.600474 -0.599000 0.514366 -0.334097 0.789815
-0.133858 -10.334394 -16.354387 182.531640 0.970376 -0.152045 0.187755 0.235526 0.422210 -0.875366 -0.053823 -0.893656 -0.445513
-0.033025 -12.323296 -19.177367 150.737828 0.969309 -0.149391 0.195247 0.231845 0.291304 -0.928111 -0.081775 -0.944894 -0.317000
-0.067729 -14.381889 -0.365730 208.385908 0.970048 -0.135210 0.201803 0.225790 0.195514 -0.954355 -0.089583 -0.971335 -0.220187
-0.392029 -9.888352 -18.165318 100.607735 0.959309 -0.163810 0.229985 0.280915 0.471416 -0.835975 -0.028522 -0.866564 -0.498250
-0.246823 -8.579543 -22.793465 82.237518 0.956088 -0.176352 0.234083 0.292822 0.541355 -0.788156 -0.012271 -0.822091 -0.569223
-1.875144 -9.737678 24.880220 -144.271057 0.942644 -0.106980 0.316193 -0.016660 0.930993 0.364658 0.333384 0.349010 -0.875812
-1.153840 -7.502772 -29.398946 -72.450826 -0.933305 0.114841 -0.340227 0.018521 0.961615 0.273778 0.358608 0.249217 -0.899606
-1.858927 -8.050793 -27.558097 -103.524314 -0.948106 0.038099 -0.315664 -0.055883 0.957373 0.283397 0.313005 0.286331 -0.905562
-1.339413 -9.459596 -0.121313 -149.985037 -0.936645 0.152455 -0.315363 0.034976 0.936522 0.348859 0.348530 0.315727 -0.882521
-2.480415 -9.447457 23.050377 -166.674350 0.952801 -0.012050 0.303357 -0.099908 0.931112 0.350783 0.286687 0.364534 -0.885960
-2.339454 -8.900961 30.486928 -26.277727 0.947740 -0.037780 0.316799 -0.144715 0.834033 0.532396 0.284335 0.550419 -0.784980
1.221665 -16.056460 22.868278 302.091992 -0.944811 0.192567 -0.265047 0.196458 0.980439 0.012016 0.262177 -0.040717 -0.964161
2.178233 -17.110031 48.349686 332.368824 -0.932943 0.229855 -0.277099 0.227125 0.972943 0.042371 0.279341 -0.023407 -0.959907
2.108695 -13.610876 46.995183 372.005207 -0.947209 0.182922 -0.263313 0.119242 0.963350 0.240287 0.297617 0.196204 -0.934306
1.032819 -12.080685 28.034245 251.751103 -0.962481 0.143421 -0.230349 0.099379 0.976235 0.192586 0.252496 0.162468 -0.953861
0.624286 -14.832027 12.114788 263.156622 -0.957059 0.168155 -0.236140 0.178889 0.983561 -0.024634 0.228115 -0.065819 -0.971407
2.069370 -2.154786 6.999849 -31.639025 0.461311 0.846640 -0.265318 0.576028 -0.058352 0.815344 -0.674821 0.528958 0.514607
1.527873 -2.724502 -41.734563 -27.358673 0.384277 0.888886 -0.249426 0.605277 -0.038565 0.795080 -0.697117 0.456503 0.552842
1.854132 -1.666763 -8.252357 -21.555209 0.503851 0.849669 -0.155553 0.490313 -0.133066 0.861329 -0.711145 0.510251 0.483649
2.147574 -2.873298 -4.356746 -38.531300 0.407512 0.859631 -0.308170 0.634912 -0.024154 0.772207 -0.656369 0.510345 0.555633
-0.474360 -9.361672 -56.991137 7.782720 0.900364 -0.289777 0.324614 -0.432055 -0.683993 0.587777 -0.051710 0.669464 0.741043
-1.219363 -9.877105 -17.877383 21.961107 0.880498 -0.340602 0.329716 -0.474024 -0.639813 0.604930 -0.004916 0.688933 0.724808
-0.991688 -9.810448 -47.081078 32.271252 0.856424 -0.347416 0.381890 -0.514441 -0.512009 0.687893 0.043455 0.785588 0.617222
-0.266507 -9.179745 -76.528153 24.451228 0.878891 -0.302089 0.369179 -0.477015 -0.552326 0.683661 0.002619 0.776967 0.629536
2.049014 -5.859818 -292.863278 -75.099997 -0.193328 -0.239849 -0.951366 0.963053 0.138909 -0.230724 0.187492 -0.960821 0.204132
1.092089 -16.288437 40.325984 -598.898625 -0.178307 -0.181275 -0.967133 0.943259 0.248321 -0.220450 0.280122 -0.951565 0.126712
4.561121 -16.284049 9.201442 -1075.183675 -0.597260 -0.182443 -0.781022 0.784330 0.070693 -0.616303 0.167653 -0.980672 0.100874
-4.400852 -17.021650 8.776950 751.092317 0.587436 -0.024208 -0.808908 0.788182 0.243813 0.565088 0.183543 -0.969520 0.162305
4.969507 -2.277594 -145.368905 -147.510247 -0.331534 -0.095804 -0.938567 0.938237 0.070895 -0.338654 0.098984 -0.992872 0.066383
5.001147 -3.420962 -348.701997 87.508787 -0.030992 -0.178110 -0.983522 0.987645 0.145772 -0.057521 0.153615 -0.973153 0.171392
-1.028454 -11.828412 -240.006207 586.618417 0.494062 -0.141802 -0.857785 0.859739 0.226554 0.457735 0.129427 -0.963621 0.233845
1.828011 -70.296221 145.733911 3353.522029 0.916931 -0.361177 -0.169676 0.319823 0.410858 0.853762 0.238646 0.837106 -0.492241
3.905783 -46.901713 42.151466 1700.281638 0.881259 -0.360691 -0.305426 0.459207 0.500487 0.733922 0.111858 0.787029 -0.606690
4.903415 -42.701660 4.235029 1136.049150 0.901554 -0.372413 -0.220245 0.425456 0.670530 0.607763 0.078658 0.641636 -0.762965
8.580752 -116.688570 -269.827700 5943.719296 0.908334 -0.375785 -0.183618 0.361820 0.485793 0.795671 0.209801 0.789171 -0.577229
3.168333 -1.401395 -150.529347 15.633597 0.391168 -0.444211 0.806017 0.804565 0.590280 -0.065149 -0.446836 0.673978 0.588295
0.701179 -1.462446 -119.348358 26.673978 0.462061 -0.359693 0.810630 0.764047 0.625527 -0.157950 -0.450258 0.692341 0.563854
2.807030 -1.233013 -153.655543 15.382190 0.400174 -0.423675 0.812626 0.805996 0.584718 -0.092057 -0.436155 0.691812 0.575469
5.291398 -1.310622 -144.575877 11.152303 0.400154 -0.508053 0.762731 0.817745 0.573667 -0.046898 -0.413727 0.642486 0.645013
4.685860 -0.978564 -141.875897 4.083222 0.396665 -0.487566 0.777776 0.821506 0.566623 -0.063768 -0.409615 0.664243 0.625298
-2.421464 -6.446848 -44.314440 55.341597 -0.639259 -0.481855 -0.599302 0.075205 0.736426 -0.672325 0.765305 -0.474861 -0.434529
-2.429792 -6.994825 -67.795501 48.564398 -0.624338 -0.512329 -0.589679 0.145402 0.665470 -0.732126 0.767503 -0.542834 -0.340985
-2.860613 -6.677488 -16.078347 46.004935 -0.688081 -0.483334 -0.541233 0.101711 0.674270 -0.731447 0.718470 -0.558344 -0.414792
-2.950222 -6.050554 -11.872222 35.276652 -0.701186 -0.446951 -0.555494 0.060848 0.738761 -0.671215 0.710377 -0.504447 -0.490813
-2.626927 -5.558074 -38.735557 39.631826 -0.650590 -0.447204 -0.613793 0.022084 0.796746 -0.603910 0.759108 -0.406453 -0.508479
-0.287851 -4.635450 9.208335 -26.249845 0.317128 0.886639 -0.336603 0.732864 -0.003833 0.680364 -0.601947 0.462446 0.651002
-0.070346 -5.147351 -6.611641 -44.655223 0.317442 0.891839 -0.322262 0.756845 -0.033530 0.652733 -0.571328 0.451108 0.685628
-0.265488 -4.875227 -2.654461 -19.225851 0.369710 0.886936 -0.276872 0.688378 -0.061323 0.722756 -0.624060 0.457803 0.633219
-2.057568 -9.992388 0.596857 8.378960 0.325339 -0.792287 0.516175 0.932090 0.360633 -0.033942 -0.159258 0.492164 0.855810
-1.883821 -10.033670 17.324689 2.924504 0.345404 -0.808524 0.476430 0.926030 0.375978 -0.033306 -0.152198 0.452692 0.878581
-2.000187 -9.828323 18.216537 59.937617 0.324635 -0.801727 0.501842 0.945747 0.267723 -0.184086 0.013232 0.534376 0.845143
-2.021126 -9.920954 1.904263 -41.231838 0.332733 -0.794100 0.508621 0.884583 0.449738 0.123485 -0.326805 0.408830 0.852090
-2.072097 -10.377576 -14.297141 -11.540000 0.306345 -0.775664 0.551814 0.896389 0.430156 0.107014 -0.320373 0.461857 0.827073
-2.372598 -5.244518 -43.086288 15.594409 0.566942 -0.305760 0.764911 0.162938 0.951840 0.259714 -0.807483 -0.022610 0.589458
-1.637266 -5.145324 -58.162837 17.863026 0.563109 -0.188571 0.804580 0.098375 0.981990 0.161301 -0.820506 -0.011679 0.571519
-1.473223 -5.133136 -52.135648 17.694311 0.572553 -0.202840 0.794379 0.031177 0.973598 0.226132 -0.819274 -0.104706 0.563761
0.079078 -5.374981 -119.612275 6.403496 0.537122 -0.115995 0.835491 -0.103411 0.973972 0.201702 -0.837141 -0.194738 0.511147
-0.733063 -5.379710 -86.343250 14.640392 0.568281 -0.175669 0.803864 -0.089450 0.957966 0.272580 -0.817958 -0.226808 0.528680
-33.321238 -122.394640 -5320.321836 -13077.389479 0.430234 0.767611 0.475049 -0.544020 0.640420 -0.542129 0.720375 0.025193 -0.693127
-0.920376 -59.096575 422.967340 -11228.804251 0.955575 0.051081 0.290288 -0.272524 0.528298 0.804134 0.112282 0.847521 -0.518749
-85.588318 -258.378835 -314.243735 11441.290073 0.206671 -0.385831 -0.899123 -0.539530 0.721673 -0.433700 0.816207 0.574737 -0.059019
118.281743 -1212.393203 8680.048113 -72674.871760 0.888069 0.142857 -0.436951 0.416462 -0.652491 0.633100 0.194664 0.744209 0.638951
-27.172041 -116.311280 -803.498225 6922.340007 0.288183 0.810100 -0.510576 0.236829 -0.576929 -0.781706 0.927827 -0.104355 0.358117
-1.978475 -6.981461 -17.037174 -209.363300 0.786371 0.397444 -0.472925 -0.162686 -0.605296 -0.779198 0.595948 -0.689677 0.411329
-2.797522 -20.637000 -9.992206 -715.745060 0.831350 0.488281 -0.265403 -0.037155 -0.427657 -0.903177 0.554506 -0.760717 0.337391
-2.647386 -19.808105 36.417370 -691.185809 0.788931 0.541745 -0.289999 -0.009529 -0.461098 -0.887298 0.614408 -0.702780 0.358613
-1.889884 -6.283392 17.581559 -195.805297 0.770959 0.482866 -0.415286 -0.073667 -0.580073 -0.811227 0.632610 -0.656016 0.411641
-3.310197 -9.445010 31.216750 9.985865 0.969098 -0.012540 0.246357 -0.184870 0.624289 0.759004 0.163316 0.781093 -0.602679
-3.041655 -9.956219 41.285509 42.353045 0.953577 -0.015609 0.300745 -0.205475 0.696365 0.687646 0.220161 0.717518 -0.660830
-3.689781 -9.080441 49.708069 98.632645 0.959311 0.039249 0.279611 -0.231487 0.676345 0.699265 0.161668 0.735539 -0.657910
1.606764 -8.952006 -242.197992 -0.079972 0.997799 -0.063205 0.020074 0.022482 0.607170 0.794254 0.062389 0.792054 -0.607255
2.174564 -7.847427 -252.335311 -102.527745 0.995863 -0.087475 -0.024603 0.069137 0.553697 0.829843 0.058968 0.828111 -0.557454
-7.241560 -9.147603 -25.337001 101.200137 -0.645723 -0.571334 -0.506577 -0.215765 0.772919 -0.596693 0.732453 -0.275996 -0.622365
-6.151391 -11.052697 12.899350 297.807544 -0.762994 -0.307683 -0.568482 -0.070710 0.913900 -0.399733 0.642527 -0.264796 -0.719057
-3.620496 -7.932720 62.459661 179.338729 -0.769617 -0.519040 -0.371871 -0.367077 0.836208 -0.407443 0.522441 -0.177070 -0.834088
1.418005 -7.957357 -1.056944 78.769054 0.878080 0.466930 -0.104650 -0.320552 0.736355 0.595842 -0.355276 0.489652 -0.796254
2.206746 -6.741105 -9.888663 57.524789 0.849467 0.521603 -0.079606 -0.331510 0.644974 0.688556 -0.410497 0.558515 -0.720801
1.274504 -7.897620 -2.612267 69.618253 0.824319 0.561984 -0.068358 -0.419870 0.687881 0.592055 -0.379748 0.459341 -0.802993
0.685693 -8.826429 6.069445 93.437401 0.882693 0.458925 -0.101199 -0.358213 0.796425 0.487227 -0.304198 0.393821 -0.867392
-0.107384 -2.814363 -52.723856 -58.989985 -0.707359 0.101766 -0.699491 0.041883 0.993878 0.102241 0.705613 0.043024 -0.707290
-0.228502 -2.000145 -40.082948 -40.295327 -0.705025 -0.064253 -0.706265 -0.044065 0.997932 -0.046800 0.707812 -0.001874 -0.706399
-0.910087 -1.959513 -41.417454 -35.487313 -0.721560 0.006293 -0.692323 -0.013135 0.999654 0.022777 0.692227 0.025529 -0.721228
-0.752554 -2.784620 -32.915776 -49.488317 -0.718721 0.210444 -0.662687 0.101388 0.974630 0.199544 0.687867 0.076228 -0.721823
0.489235 -9.019674 -6.538330 142.814892 0.158247 0.983247 0.090466 -0.934408 0.119513 0.335556 -0.319122 0.137633 -0.937666
0.248506 -8.942423 -15.785176 191.652675 0.079238 0.990946 0.108385 -0.921523 0.031352 0.387055 -0.380153 0.130548 -0.915664
0.177641 -10.310024 -13.865802 70.608395 0.091807 0.990942 0.098010 -0.975697 0.069853 0.207690 -0.198962 0.114696 -0.973272
21.273811 -7.482805 -680.930805 -90.972006 0.982107 -0.046283 0.182545 -0.098155 0.701449 0.705928 0.160719 0.711215 -0.684355
13.219255 -5.634878 -353.980479 -12.061971 0.994507 0.011315 0.104060 -0.077108 0.751504 0.655207 0.070788 0.659631 -0.748248
22.378313 -5.166304 -600.795371 -28.650946 0.952041 -0.155318 0.263618 -0.070969 0.725987 0.684037 0.297626 0.669939 -0.680147
0.438041 -3.211735 10.362776 -1.477961 0.431322 0.890131 -0.147061 0.327912 -0.002815 0.944704 -0.840497 0.455695 0.293099
0.246373 -3.825329 7.423290 -45.495722 0.455338 0.886694 -0.080259 0.334769 -0.086983 0.938277 -0.824983 0.454101 0.336444
0.265537 -3.667662 -18.154451 -38.394547 0.408702 0.907573 -0.096302 0.363081 -0.064876 0.929496 -0.837338 0.414852 0.356038
0.843401 -5.399153 -21.228353 42.093779 0.595142 0.788975 0.152720 0.429823 -0.151943 -0.890037 0.679013 -0.595341 0.429548
0.784214 -5.551929 19.075862 19.339449 0.600991 0.788262 0.132109 0.452651 -0.199456 -0.869094 0.658724 -0.582117 0.476679
0.748611 -5.734563 8.394280 22.029750 0.585680 0.799283 0.134632 0.478378 -0.206777 -0.853462 0.654319 -0.564261 0.503465
0.876547 -5.065187 13.680160 27.058248 0.615559 0.777856 0.126598 0.377181 -0.149735 -0.913955 0.691969 -0.610344 0.385563
0.634321 -13.688737 4.333730 -285.364127 0.648021 0.758319 -0.070855 -0.625445 0.582935 0.518658 -0.434612 0.291786 -0.852041
0.124016 -13.722391 4.539229 90.648186 0.698639 0.715423 -0.008579 -0.658705 0.638478 -0.398062 0.279305 -0.283753 -0.917318
-0.580037 -11.458618 26.130389 122.031178 0.680230 0.732998 -0.000913 -0.723512 0.671226 -0.161200 0.117547 -0.110313 -0.986921
5.148976 -4.361545 -43.642298 56.707098 -0.649134 -0.617474 -0.444242 0.717550 -0.303215 -0.627042 0.252481 -0.725800 0.639896
6.708483 -4.605418 -92.144731 48.217735 -0.637949 -0.586664 -0.498846 0.749823 -0.325622 -0.575966 0.175463 -0.741482 0.647624
6.353599 -4.354948 -88.099811 -43.902438 -0.621886 -0.630309 -0.464724 0.778327 -0.432013 -0.455601 0.086402 -0.645039 0.759249
-0.828975 -10.686684 7.677843 -9.028357 0.731343 0.670667 -0.123868 0.417131 -0.296174 0.859234 -0.539574 0.680063 0.496361
-0.717686 -11.318195 32.047308 -27.533834 0.753194 0.642483 -0.141120 0.401880 -0.279606 0.871959 -0.520761 0.713467 0.468799
-0.728686 -11.120693 13.206851 -17.264506 0.717791 0.678645 -0.155617 0.530176 -0.387868 0.753971 -0.451320 0.623699 0.638209
-0.243051 -4.622185 -41.075206 -41.338598 0.484905 0.837288 -0.252618 -0.693454 0.192091 -0.694423 0.532906 -0.511908 -0.673766
-0.462196 -3.793229 -37.521190 -54.024603 0.517413 0.830070 -0.208008 -0.619611 0.195750 -0.760108 0.590225 -0.522174 -0.615604
-0.051210 -3.617355 -40.945127 -56.505069 0.570045 0.808426 -0.146614 -0.555845 0.248051 -0.793414 0.605049 -0.533777 -0.590760
0.011317 -8.834389 -3.167593 -101.730776 -0.400847 0.802377 -0.442168 0.874955 0.192193 -0.444428 -0.271617 -0.565025 -0.779084
-0.031425 -11.750072 -9.967786 -227.411576 -0.406652 0.800864 -0.439602 0.900139 0.268988 -0.342629 -0.156151 -0.535034 -0.830274
0.063596 -12.343983 -1.728117 -252.787296 -0.381213 0.817117 -0.432430 0.909681 0.248164 -0.333010 -0.164795 -0.520321 -0.837919
-0.217226 -15.085089 -6.861299 -274.515701 -0.393208 0.810922 -0.433351 0.919371 0.352926 -0.173782 0.012018 -0.466743 -0.884311
0.169619 -8.117265 -3.326401 -151.222058 -0.425149 0.803564 -0.416573 0.861173 0.217444 -0.459455 -0.278620 -0.554079 -0.784454
0.147060 -15.660456 -7.258346 -263.774277 -0.378188 0.820490 -0.428684 0.924695 0.356700 -0.133058 0.043738 -0.446723 -0.893602
0.287211 -13.782261 -10.597523 -301.851484 -0.372476 0.821440 -0.431854 0.922244 0.275695 -0.271033 -0.103577 -0.499228 -0.860258
0.261437 -10.443856 -9.379777 -238.135199 -0.399878 0.813182 -0.422887 0.880599 0.212867 -0.423359 -0.254249 -0.541685 -0.801208
0.462877 -11.876184 -26.037138 12.246628 0.584744 0.804954 -0.100611 -0.486327 0.248583 -0.837671 0.649277 -0.538753 -0.536829
0.022180 -11.072935 -6.592211 -54.205139 0.590771 0.802729 -0.081338 -0.315744 0.137240 -0.938867 0.742493 -0.580337 -0.334534
0.212654 -11.009993 -13.512496 -59.808212 0.592075 0.803259 -0.064982 -0.279868 0.129330 -0.951287 0.755726 -0.581420 -0.301379
0.785330 -12.093126 -2.069748 -113.109557 0.506649 -0.689793 0.517197 0.860144 0.363490 -0.357809 0.058819 0.626147 0.777483
0.934551 -13.565819 -10.048159 -94.774258 0.491229 -0.691882 0.529144 0.836132 0.204328 -0.509051 0.244085 0.692495 0.678877
0.489905 -12.717493 19.408656 -75.130276 0.461503 -0.730473 0.503412 0.882419 0.319523 -0.345314 0.091391 0.603584 0.792044
0.929728 -13.490876 -29.403643 -148.450226 0.516787 -0.666383 0.537462 0.834687 0.252614 -0.489371 0.190338 0.701513 0.686769
0.523254 -10.863455 8.789475 -62.201900 0.483582 -0.711394 0.509967 0.872402 0.439093 -0.214738 -0.071160 0.548740 0.832959
0.731064 -10.498835 0.738197 -62.713439 0.519140 -0.676374 0.522506 0.846680 0.490478 -0.206312 -0.116733 0.549500 0.827299
0.831808 -12.173240 -10.844246 -136.568794 0.524273 -0.669502 0.526217 0.850645 0.383273 -0.359867 0.039247 0.636293 0.770449
0.875051 -17.574286 13.220972 29.323503 -0.328198 0.811478 -0.483518 -0.320892 0.385652 0.865044 -0.888433 -0.439063 -0.133826
0.539651 -16.599504 12.306503 -94.377225 -0.358005 0.813104 -0.459014 -0.571714 0.197781 0.796258 -0.738225 -0.547489 -0.394056
0.613024 -16.546603 8.210023 -96.893425 -0.326481 0.812432 -0.483077 -0.469130 0.304409 0.829007 -0.820565 -0.497281 -0.281752
0.805693 -17.312359 8.951169 48.104293 -0.308936 0.814899 -0.490407 -0.189406 0.452587 0.871373 -0.932032 -0.362084 -0.014526
-0.476934 -7.912803 5.390849 0.862686 0.451765 -0.696542 0.557438 0.892136 0.352044 -0.283121 0.000963 0.625215 0.780452
0.480867 -7.805484 59.427150 31.137891 0.325470 -0.752132 0.573032 0.938759 0.329549 -0.100646 -0.113143 0.570696 0.813329
1.819328 -6.741865 112.410220 29.228443 0.293685 -0.769600 0.566979 0.953940 0.273951 -0.122270 -0.061225 0.576772 0.814607
1.111716 -41.618848 -4.094784 -177.451176 -0.203609 -0.470679 0.858490 0.788263 0.441255 0.428877 -0.580677 0.764039 0.281175
-470.254893 -5740.783059 -19966.129355 -567781.894654 0.347455 -0.286625 -0.892816 0.907534 0.342342 0.243279 0.235919 -0.894790 0.379070
-22.202716 -578.847201 -1511.464614 -75854.478856 0.551332 -0.241696 -0.798509 0.142337 0.970334 -0.195427 0.822054 -0.005912 0.569379
-13.046472 -320.515024 -2273.387958 27519.939504 0.580798 -0.328011 -0.745039 0.452837 -0.630368 0.630536 0.676471 0.703595 0.217581
-1.085565 -2.914948 6.718081 -15.925308 0.388146 0.881364 0.269332 -0.603841 0.463990 -0.648143 0.696217 -0.088941 -0.712300
-1.204011 -3.273349 16.864027 -39.018258 0.288281 0.939550 0.184772 -0.684870 0.337173 -0.645963 0.669214 -0.059674 -0.740670
-1.022722 -2.660441 13.744971 -19.299765 0.392832 0.865951 0.309534 -0.599599 0.496394 -0.627753 0.697254 -0.061006 -0.714223
-1.002867 -3.402368 13.129987 -44.550084 0.221825 0.963571 0.149415 -0.724352 0.265419 -0.636291 0.652769 -0.032916 -0.756841
0.680135 -10.098529 -5.247318 -49.021833 0.505068 -0.665982 0.548975 0.843815 0.514667 -0.151964 -0.181334 0.539986 0.821908
