12252
24472
-8.283189 -9.994799 32.662183 161.777365 -0.104659 0.968852 0.224440 -0.426267 0.160196 -0.890300 0.898522 0.188849 -0.396224
-6.410820 -9.990054 -79.279358 277.442177 0.115134 0.919047 0.376957 -0.506056 0.380811 -0.773880 0.854781 0.101662 -0.508934
-6.263035 -7.813807 81.427788 83.431744 -0.411063 0.808466 -0.421202 -0.378131 -0.571635 -0.728183 0.829484 0.140059 -0.540684
-5.492598 -6.932345 -46.110219 141.845446 -0.088889 0.995990 -0.010140 -0.597716 -0.061482 -0.799347 0.796765 0.064992 -0.600784
-6.486919 -8.744887 44.200779 88.194752 -0.438030 0.795808 -0.418114 -0.266680 -0.559205 -0.784966 0.858494 0.232336 -0.457174
-4.174280 -6.464129 -7.534167 -72.961841 -0.502133 0.675868 -0.539505 0.379067 0.732748 0.565145 0.777285 0.079269 -0.624135
-4.884001 -7.581540 7.070261 -61.164211 -0.557616 0.592164 -0.581727 0.215270 0.779975 0.587621 0.801700 0.202438 -0.562401
-5.448091 -9.934971 -9.420362 29.284620 0.025894 0.999420 -0.022110 -0.466094 0.031636 0.884170 -0.884356 0.012590 -0.466643
-5.207097 -10.209230 -7.995616 38.286724 -0.037126 0.996151 -0.079400 -0.454777 0.053907 0.888972 -0.889831 -0.069114 -0.451026
-5.345637 -9.671842 -22.585585 15.409427 -0.025970 0.999662 0.000831 -0.288752 -0.008298 0.957368 -0.957052 -0.024623 -0.288870
-5.855504 -9.465232 -23.534130 21.752864 0.085809 0.995293 0.045030 -0.405449 -0.006401 0.914095 -0.910081 0.096695 -0.402991
2.682299 -5.029569 25.758876 96.839619 0.331895 0.468424 0.818795 0.786261 -0.616945 0.034241 0.521191 0.632422 -0.573064
1.569270 -7.271998 97.446885 126.460800 0.239382 0.437845 0.866596 0.812290 -0.579244 0.068280 0.531866 0.687582 -0.494317
2.375294 -8.507638 40.278249 158.999081 0.238276 0.509273 0.826962 0.877139 -0.478406 0.041887 0.416955 0.715380 -0.560696
2.065177 -4.228535 -38.970373 -56.335913 -0.423921 -0.338496 -0.840066 -0.674504 0.736994 0.043409 0.604430 0.585031 -0.540744
2.355993 -3.133696 -35.103100 44.714311 0.440809 0.455729 0.773304 0.723405 -0.690402 -0.005493 0.531387 0.561833 -0.634012
-0.587156 -6.652842 -5.965623 -22.718717 -0.158228 0.986175 -0.049223 -0.866563 -0.114795 0.485687 -0.473322 -0.119504 -0.872746
-0.707203 -6.574741 -4.494268 -31.408730 -0.150812 0.987572 -0.044235 -0.919906 -0.123812 0.372081 -0.361980 -0.096806 -0.927146
-0.603832 -6.721155 4.812224 -5.034770 -0.137027 0.988871 -0.057948 -0.914708 -0.103865 0.390539 -0.380174 -0.106520 -0.918761
-0.447774 -6.744802 2.727760 -3.715778 -0.144722 0.987346 -0.064839 -0.841737 -0.088403 0.532601 -0.520130 -0.131657 -0.843879
-0.435585 -7.116648 -6.684827 -2.660714 -0.155071 0.986500 -0.052629 -0.787257 -0.091217 0.609841 -0.596808 -0.136002 -0.790774
-1.206289 -7.613428 -11.919664 20.138148 0.078345 0.992715 0.091536 0.970273 -0.054839 -0.235717 0.228980 -0.107283 0.967501
-1.057922 -7.059074 19.214757 23.313393 0.094131 0.994503 0.045864 0.954646 -0.077095 -0.287590 0.282473 -0.070855 0.956655
-1.128430 -7.351079 17.700176 37.584636 0.037170 0.997506 0.059997 0.985065 -0.026474 -0.170133 0.168120 -0.065425 0.983593
0.296315 -7.133341 -13.766616 -92.136421 0.344699 0.935786 -0.074081 0.938358 -0.341322 0.054633 0.025839 -0.088346 -0.995755
0.775212 -6.913730 -6.142998 75.953140 0.259137 0.962945 -0.074731 0.965431 -0.260503 -0.008976 -0.028111 -0.069822 -0.997163
0.435697 -6.703495 -16.817346 115.742505 0.187228 0.976274 -0.108786 0.982089 -0.188417 -0.000669 -0.021150 -0.106712 -0.994065
-0.165452 -6.978768 7.520485 -98.828470 0.225702 0.969390 -0.096654 0.973913 -0.222131 0.046373 0.023484 -0.104599 -0.994237
-1.462332 -13.965791 20.258204 -5.623823 0.122548 0.974661 -0.187132 0.838668 -0.000879 0.544642 -0.530677 0.223686 0.817525
-2.005403 -13.643452 14.894472 -46.483946 0.067466 0.984160 -0.163943 0.804618 0.043491 0.592198 -0.589948 0.171865 0.788939
-1.656204 -14.283482 15.019532 -32.360960 0.074635 0.982167 -0.172563 0.908797 0.004244 0.417217 -0.410509 0.187963 0.892274
-1.127685 -14.680998 26.872289 -15.833064 0.108871 0.975150 -0.192951 0.947458 -0.043062 0.316969 -0.300783 0.217322 0.928601
-0.829347 -14.495330 27.506555 -19.486482 0.145733 0.968472 -0.202050 0.933168 -0.066736 0.353191 -0.328571 0.240018 0.913473
-0.738998 -14.772372 22.005433 -14.693689 0.165353 0.967478 -0.191426 0.874033 -0.053841 0.482874 -0.456863 0.247157 0.854511
-1.204323 -14.369692 17.988050 -28.914338 0.169340 0.969594 -0.176669 0.715057 0.002491 0.699061 -0.678245 0.244708 0.692893
-1.667016 -13.726329 15.746833 -26.022463 0.138055 0.975341 -0.172192 0.683628 0.031960 0.729130 -0.716654 0.218376 0.662359
3.956913 -6.819818 96.961555 9.483930 0.130001 0.991444 0.011796 -0.641062 0.074970 0.763819 -0.756399 0.106859 -0.645323
3.477870 -6.812663 71.808114 8.287243 0.123666 0.992296 0.007462 -0.731523 0.086081 0.676361 -0.670507 0.089102 -0.736533
2.308943 -7.064396 144.756942 7.217368 0.164886 0.983405 0.075679 -0.667827 0.054849 0.742293 -0.725823 0.172934 -0.665788
5.925295 -14.906825 -208.478841 132.672205 0.270640 0.957369 0.100991 -0.381999 0.203093 -0.901571 0.883646 -0.205423 -0.420679
5.360892 -17.467925 -310.671760 -84.330656 0.335681 0.938101 0.085348 -0.487105 0.250421 -0.836671 0.806255 -0.239281 -0.541016
3.568617 -18.496676 -274.780994 268.210097 0.319412 0.947594 -0.006420 -0.341878 0.108915 -0.933412 0.883796 -0.300338 -0.358750
4.572265 -18.183575 -139.144003 406.792486 0.227369 0.973539 0.022914 -0.243390 0.079595 -0.966657 0.942902 -0.214211 -0.255047
0.825199 -6.229789 133.896281 -9.143389 0.306188 0.951921 -0.009753 -0.431177 0.147809 0.890078 -0.848726 0.268326 -0.455703
-0.752884 -6.015197 125.802972 -10.084125 0.285375 0.958353 0.010974 -0.531597 0.148749 0.833834 -0.797475 0.243789 -0.551907
-0.939739 -5.946610 97.508885 -14.244104 0.309267 0.948314 -0.071101 -0.425665 0.204902 0.881377 -0.850390 0.242315 -0.467033
-1.745250 -5.817343 17.861393 -20.250514 0.312721 0.928614 -0.199702 -0.365955 0.311808 0.876843 -0.876517 0.201125 -0.437340
-0.234424 -6.101229 91.633212 -2.181029 0.324491 0.940551 -0.100349 -0.313118 0.206918 0.926899 -0.892560 0.269349 -0.361646
6.215322 -77.811983 -203.007144 -3211.844342 -0.264923 0.927728 0.262940 0.455524 0.360746 -0.813855 0.849890 0.095833 0.518172
5.004589 -95.624301 -206.947548 -3772.169834 -0.280885 0.936026 0.212037 0.043893 0.233229 -0.971431 0.958737 0.263553 0.106595
4.350401 -123.738650 -103.377936 -6432.115912 -0.261667 0.929408 0.260252 0.159966 0.307680 -0.937946 0.951810 0.203798 0.229184
4.578545 -41.883109 -138.980638 -339.300063 -0.229408 0.910264 0.344661 0.466105 0.413603 -0.782099 0.854470 0.018771 0.519162
1.381903 -6.532487 -20.139667 -17.491119 -0.142556 0.981738 -0.125973 -0.810391 -0.042696 0.584332 -0.568282 -0.185387 -0.801677
1.937303 -6.652468 -53.680244 -9.785410 -0.122764 0.983381 -0.133760 -0.769454 -0.009190 0.638636 -0.626793 -0.181323 -0.757794
1.225303 -6.799397 -25.176006 -15.963352 -0.159997 0.977454 -0.137787 -0.741355 -0.026823 0.670577 -0.651762 -0.209440 -0.728932
4.331761 -2.330156 159.450943 26.214466 0.494990 -0.026552 0.868493 0.227307 0.968682 -0.099936 -0.838639 0.246882 0.485523
3.242053 -2.631897 154.375649 40.549806 0.500993 -0.066705 0.862877 0.220490 0.973963 -0.052725 -0.836893 0.216671 0.502657
5.040151 -2.491976 120.035701 30.119422 0.444752 -0.003464 0.895647 0.197625 0.975725 -0.094361 -0.873579 0.218970 0.434640
5.805681 -2.205143 84.964056 13.343438 0.391311 0.033261 0.919657 0.213133 0.968900 -0.125729 -0.895237 0.245208 0.372052
-1.466311 -5.489868 -32.480860 -34.971533 0.265704 0.914836 -0.304099 -0.386550 0.390068 0.835719 -0.883165 0.104504 -0.457273
-1.659169 -4.893771 -58.009302 -34.610965 0.238488 0.938466 -0.249811 -0.500104 0.339184 0.796775 -0.832478 0.065090 -0.550222
-0.912911 -4.703197 -24.602038 -37.680960 0.228954 0.944359 -0.236148 -0.494790 0.321816 0.807228 -0.838309 0.067974 -0.540941
-0.344879 -4.047863 -24.530775 -40.394985 0.164395 0.972511 -0.164913 -0.561622 0.229726 0.794863 -0.810898 0.038053 -0.583949
-0.483882 -4.515238 -21.031015 -39.106735 0.185628 0.962153 -0.199509 -0.497203 0.267098 0.825498 -0.847544 0.054039 -0.527966
-0.968655 -5.261244 -11.351263 -37.210212 0.228258 0.940562 -0.251479 -0.414398 0.327590 0.849093 -0.881007 0.089600 -0.464542
-2.495239 -15.713397 0.197389 -93.883879 -0.034806 0.998149 -0.049862 0.860928 0.055284 0.505714 -0.507534 0.025326 0.861259
-2.402973 -14.199641 -9.190941 -53.812818 -0.037568 0.995690 -0.084790 0.804682 0.080453 0.588230 -0.592517 0.046130 0.804236
-2.350243 -14.351004 -8.381600 -92.076288 -0.064211 0.995801 -0.065254 0.683441 0.091529 0.724245 -0.727176 -0.001908 0.686449
8.032528 -46.745641 -117.231865 -1219.276749 0.646239 -0.713630 -0.270383 0.539373 0.176477 0.823367 0.539863 0.677929 -0.498959
7.431200 -44.206711 -31.356945 -138.758530 -0.538659 0.818551 0.199552 -0.237101 0.080004 -0.968185 0.808474 0.568835 -0.150984
6.622023 -42.315160 79.722972 -555.314800 -0.658017 0.692973 0.294622 -0.216385 0.200745 -0.955447 0.721243 0.692452 -0.017856
5.561165 -39.201583 -140.114855 -796.504603 0.743735 -0.568858 -0.351081 0.457634 0.050454 0.887708 0.487266 0.820887 -0.297853
5.244332 -38.047367 -108.347394 558.915195 0.752172 -0.582547 -0.308020 0.135749 -0.320424 0.937497 0.644833 0.746973 0.161934
4.465457 -40.555063 50.493882 -1160.063493 -0.719362 0.637815 0.275156 0.094605 0.482383 -0.870837 0.688163 0.600415 0.407348
1.482854 -20.704304 -56.225126 -554.983847 0.845000 -0.080166 -0.528723 -0.534446 -0.160813 -0.829763 0.018507 -0.983724 0.178732
23.322689 -263.373613 -625.935517 12663.747698 0.620352 -0.074966 -0.780732 0.783982 0.029883 0.620064 -0.023153 -0.996738 0.077310
-1.067480 -60.532026 -81.521499 -2315.363953 0.795297 -0.108946 -0.596350 -0.603667 -0.052150 -0.795529 -0.055570 -0.992679 0.107242
-5.342877 -6.599181 -120.339291 13.903538 0.154383 0.984623 -0.081752 0.881701 -0.099961 0.461098 -0.445836 0.143266 0.883575
-6.001401 -7.069938 13.558524 -40.157950 0.910204 -0.126039 0.394515 0.217416 0.956170 -0.196136 -0.352503 0.264297 0.897713
-6.249864 -6.952287 -5.389440 -37.106533 0.740119 -0.428106 0.518604 0.500280 0.865863 0.000799 -0.449382 0.258855 0.855014
-5.624227 -6.785598 -81.461540 7.379763 -0.148856 0.935568 -0.320241 0.819416 0.297983 0.489657 -0.553534 0.189522 0.810976
-6.331135 -7.545334 20.869252 -20.199936 0.727420 -0.353936 0.587869 0.490186 0.867538 -0.084233 -0.480186 0.349438 0.804559
-4.742155 -7.271630 56.633920 67.016688 -0.134845 -0.640072 -0.756389 -0.059598 0.767218 -0.638611 0.989073 -0.041034 -0.141603
-3.202366 -7.196485 -150.286658 36.939587 0.203352 0.818724 0.536973 0.008046 0.547016 -0.837084 0.979073 -0.174543 -0.104650
-3.613474 -6.459161 -97.974664 48.965013 0.192081 0.757376 0.624088 -0.111023 0.648617 -0.752974 0.975079 -0.075344 -0.208673
-3.861074 -5.393308 -63.856490 51.502038 0.171921 0.754222 0.633713 -0.222486 0.656398 -0.720862 0.959658 0.017061 -0.280653
-4.871131 -6.096601 25.259642 70.099100 -0.136756 -0.558835 -0.817925 -0.162408 0.827158 -0.537990 0.977201 0.059264 -0.203878
-0.280466 -8.473117 -142.269843 -4.610021 -0.603799 0.793739 -0.073516 0.338921 0.339099 0.877579 -0.721498 -0.504965 0.473762
1.395466 -8.356277 -153.451749 -7.870088 -0.582545 0.812702 -0.012554 0.381012 0.286688 0.878999 -0.717963 -0.507273 0.476658
-0.438670 -8.391946 -120.405107 -9.223603 -0.595059 0.801002 -0.065581 0.445156 0.396441 0.802913 -0.669134 -0.448587 0.592477
-1.873455 -8.535681 -70.041754 0.396603 -0.588550 0.793591 -0.154343 0.384145 0.442491 0.810329 -0.711366 -0.417629 0.565283
-1.929337 -8.264785 -60.566062 18.917342 -0.582937 0.799079 -0.147159 0.495754 0.493291 0.714767 -0.643748 -0.343710 0.683704
-1.914940 -4.501469 58.967784 -91.502055 0.069215 0.991096 -0.113744 0.273329 -0.128495 -0.953300 0.959427 -0.034893 0.279789
-1.099144 -5.359668 85.346462 -89.694893 0.014018 0.994961 -0.099279 0.220378 -0.099921 -0.970283 0.975314 0.008278 0.220668
-1.026232 -3.681953 78.035353 -84.898536 0.014396 0.997926 -0.062737 0.310125 -0.064106 -0.948532 0.950587 0.005801 0.310404
2.932267 -9.899313 -62.201662 12.263586 0.146369 0.961995 -0.230527 0.014321 0.230951 0.972860 -0.989126 0.145698 -0.020027
1.993248 -10.208397 -30.497386 104.518828 0.107625 0.979953 -0.167658 0.010398 0.167518 0.985814 -0.994137 0.107842 -0.007839
1.812559 -11.578012 -61.719876 237.191310 0.120545 0.970824 -0.207291 -0.082834 0.217923 0.972444 -0.989246 0.100053 -0.106687
3.236229 -11.226723 -95.086222 176.265307 0.169247 0.945061 -0.279671 -0.078691 0.295816 0.951998 -0.982427 0.139116 -0.124433
0.160937 -15.839557 -24.178367 303.421781 0.128503 0.977219 -0.168910 -0.292306 0.200078 0.935161 -0.947652 0.070797 -0.311358
1.810230 -14.591569 -95.925995 374.680480 0.143992 0.957696 -0.249168 -0.212950 0.275881 0.937306 -0.966395 0.081904 -0.243666
-0.551718 -14.084269 27.516410 26.770169 0.438109 0.897344 -0.053242 -0.129873 0.121793 0.984022 -0.889491 0.424194 -0.169900
-0.072888 -14.262138 37.846710 -17.932886 0.450625 0.891981 -0.036152 -0.323143 0.200734 0.924816 -0.832175 0.405063 -0.378693
-0.540521 -14.615342 27.771256 4.242298 0.424677 0.905029 -0.023924 -0.354154 0.190387 0.915602 -0.833201 0.380362 -0.401372
0.491846 -14.862805 46.464902 41.088302 0.452729 0.890529 -0.044650 -0.486144 0.288506 0.824881 -0.747462 0.351741 -0.563541
-1.203955 -13.906157 28.937394 60.275258 0.418931 0.907843 -0.017838 -0.147161 0.087268 0.985255 -0.896014 0.410128 -0.170158
-0.234808 -15.481058 39.839674 13.700769 0.426196 0.904618 -0.004736 -0.564876 0.270215 0.779679 -0.706591 0.329621 -0.626162
-1.260496 -14.492264 33.305051 7.873120 0.407815 0.912954 0.014187 -0.379680 0.155431 0.911967 -0.830379 0.377300 -0.410018
1.476827 -19.296780 -3.889487 54.990007 0.215537 0.973299 -0.078949 -0.856009 0.149420 -0.494896 0.469885 -0.174250 -0.865358
1.876981 -18.463984 -27.323640 -33.005548 0.177485 0.978696 -0.103215 -0.948846 0.142350 -0.281828 0.261132 -0.147956 -0.953897
1.301025 -19.553411 -10.042171 -245.045087 0.204336 0.970429 -0.128507 -0.942420 0.159514 -0.293939 0.264748 -0.181170 -0.947146
1.017554 -18.340593 -5.684146 -45.123937 0.238618 0.965577 -0.103550 -0.845197 0.153984 -0.511791 0.478229 -0.209643 -0.852846
-0.908612 -2.522111 178.591640 0.025027 -0.472240 -0.176566 -0.863605 -0.133292 0.982771 -0.128042 0.871334 0.054645 -0.487639
-2.236781 -3.591835 109.477157 -4.468896 -0.443101 0.233234 -0.865600 -0.016609 0.963262 0.268051 0.896318 0.133150 -0.422948
-2.613821 -3.765141 109.378328 55.704497 -0.348229 -0.512711 -0.784770 -0.245723 0.857821 -0.451401 0.904631 0.035645 -0.424703
0.216439 -2.686517 158.951732 -7.481622 -0.489287 0.202277 -0.848341 -0.024590 0.969145 0.245263 0.871776 0.140864 -0.469216
0.953638 -1.460253 150.461406 1.664955 -0.444048 -0.353620 -0.823271 -0.183103 0.935248 -0.302958 0.877095 0.016216 -0.480044
2.259857 -1.710769 194.898076 -29.137740 -0.475615 -0.009160 -0.879606 -0.063349 0.997706 0.023864 0.877369 0.067072 -0.475105
-2.104720 -23.543517 137.002781 -46.186978 -0.106285 0.986597 -0.123817 -0.213472 0.098979 0.971922 -0.971151 -0.129732 -0.200091
-0.321244 -22.407818 79.330649 -4.091986 -0.116495 0.984623 -0.130180 -0.264608 0.095565 0.959609 -0.957294 -0.146237 -0.249406
-1.271573 -24.059171 88.167231 -1.802194 -0.125229 0.985603 -0.113601 -0.517956 0.032712 0.854781 -0.846191 -0.165884 -0.506403
-3.597076 -23.742434 143.638597 -66.213533 -0.140560 0.982711 -0.120509 -0.487538 0.037236 0.872307 -0.861713 -0.181364 -0.473875
1.447805 -3.029196 25.002159 25.208025 0.044154 0.837954 -0.543952 0.171256 -0.542772 -0.822235 0.984237 0.056850 0.167470
2.028455 -2.802768 25.472124 7.525202 0.083793 0.841218 -0.534164 0.145464 -0.540633 -0.828587 0.985809 0.008272 0.167668
2.192029 -3.081277 44.870648 16.976349 0.064855 0.840806 -0.537437 0.208078 -0.538127 -0.816776 0.975960 0.058857 0.209853
0.729691 -50.625336 0.463479 1378.239556 -0.637501 0.756389 -0.146524 -0.316646 -0.430599 -0.845174 0.702373 0.492403 -0.514015
0.728874 -39.940519 -8.123604 835.856906 -0.658624 0.727056 -0.193918 -0.430574 -0.575491 -0.695281 0.617106 0.374433 -0.692084
0.900571 -32.237149 2.118142 398.894697 -0.657637 0.716138 -0.233792 -0.479487 -0.637274 -0.603302 0.581038 0.284654 -0.762474
-1.122221 -8.214868 -4.154832 134.913212 -0.310263 0.810916 0.496137 0.042427 0.533183 -0.844935 0.949704 0.241103 0.199831
-1.363505 -9.209378 21.298821 102.676046 -0.298902 0.822909 0.483196 0.146168 0.539849 -0.828974 0.943023 0.177154 0.281645
-1.273539 -7.343835 8.712132 119.874863 -0.296759 0.821805 0.486385 -0.017032 0.504694 -0.863131 0.954801 0.264426 0.135775
-3.689321 -5.971333 5.159115 -101.341684 0.117789 0.991683 -0.051870 0.249048 0.021064 0.968262 -0.961302 0.126969 0.244495
-3.475598 -6.679689 19.993428 -28.524344 0.166221 0.983167 -0.075849 0.367650 0.009583 0.929915 -0.914989 0.182458 0.359868
-3.421658 -5.854608 21.590629 -108.300481 0.193876 0.978440 -0.071184 0.221462 0.027037 0.974794 -0.955702 0.204754 0.211446
-3.372010 -4.462602 -12.451606 -102.974940 0.170633 0.971419 0.165015 0.104817 -0.184416 0.977243 -0.979744 0.149454 0.133288
-3.135486 -4.144812 18.669446 -120.783914 0.219518 0.974839 -0.038747 0.115065 0.013568 0.993265 -0.968799 0.222498 0.109191
-3.009246 -5.580642 28.600949 -108.216142 0.250159 0.962303 -0.106741 0.207403 0.054427 0.976740 -0.945730 0.266479 0.185969
-3.100784 -6.597917 -12.535509 3.468799 -0.124034 0.985010 -0.119882 0.664680 0.172180 0.727018 -0.736761 -0.010492 0.676072
-3.160435 -6.234247 -1.338605 -11.592860 -0.010718 0.995743 -0.091547 0.633275 0.077612 0.770025 -0.773852 0.049721 0.631411
-3.432574 -6.345952 -13.882760 -17.372198 -0.129431 0.978340 -0.161548 0.566600 0.206671 0.797654 -0.813764 -0.011708 0.581077
-3.336784 -6.627574 -6.407343 -9.875771 -0.238270 0.946111 -0.219320 0.525232 0.315480 0.790318 -0.816920 -0.073116 0.572098
-0.440750 -15.517596 -11.373915 -111.291826 0.338497 0.934650 0.108851 0.804814 -0.227638 -0.548139 0.487539 -0.273149 0.829274
-0.556441 -13.674592 -17.131625 -41.845586 0.315119 0.941927 0.116076 0.860988 -0.232280 -0.452487 0.399248 -0.242528 0.884184
-0.467541 -14.461843 -6.397146 -7.312870 0.291985 0.948387 0.123719 0.911882 -0.237033 -0.335092 0.288471 -0.210659 0.934027
37.588167 -270.541204 -1706.322830 399.689161 -0.768820 0.001635 -0.639463 0.301648 0.882673 -0.360411 0.563848 -0.469984 -0.679110
6.831088 -48.218253 -967.342077 3106.750488 -0.483816 0.715412 0.504092 -0.228122 0.452990 -0.861835 0.844916 0.531964 0.055963
10.987156 -239.253589 5598.268217 -731.583905 0.036638 0.012693 -0.999248 0.241345 0.970208 0.021173 0.969747 -0.241940 0.032483
0.706352 -298.561598 670.274344 16982.114872 0.711722 -0.348746 -0.609777 -0.559079 -0.806784 -0.191129 0.425303 -0.476944 0.769183
-37.084409 -106.507629 945.664458 -5126.687514 -0.344093 0.938423 -0.031025 -0.705375 -0.236549 0.668200 -0.619715 -0.251807 -0.743335
-33.908765 -50.376019 746.795748 -1290.790458 -0.216934 0.961744 0.167295 -0.515844 -0.258433 0.816773 -0.828761 -0.090888 -0.552173
-26.995866 -524.616842 635.047580 -26901.699111 0.163599 0.986322 0.020096 -0.789042 0.118596 0.602784 -0.592156 0.114471 -0.797651
-33.444312 -59.679023 -263.230722 2295.996908 -0.725379 0.620668 0.297652 0.590766 0.783273 -0.193593 -0.353300 0.035414 -0.934840
-12.858757 -87.373783 472.998514 -3223.051551 0.243089 0.959869 0.139852 -0.754743 0.096601 0.648869 -0.609319 0.263285 -0.747938
-17.649609 -35.613979 732.856818 -1482.747845 0.249050 0.960181 0.126597 -0.900421 0.181419 0.395386 -0.356675 0.212461 -0.909749
-7.461479 -11.415923 -45.159480 142.052615 0.073550 0.897138 0.435584 -0.306578 0.435957 -0.846139 0.949000 0.071307 -0.307108
-3.905778 -11.879307 -206.432258 282.537396 0.177165 0.941984 0.285096 -0.419267 0.334315 -0.844067 0.890409 -0.030008 -0.454171
-3.647231 -9.187768 -152.559250 303.742729 0.151160 0.966840 0.205843 -0.581343 0.255367 -0.772546 0.799494 0.002887 -0.600667
1.542324 -9.770707 103.215095 154.263820 0.157518 0.482780 0.861459 0.906795 -0.416148 0.067411 0.391039 0.770548 -0.503334
0.333626 -10.358669 119.943022 162.580114 0.133236 0.481767 0.866112 0.898779 -0.427017 0.099262 0.417665 0.765218 -0.489896
0.775967 -6.156289 111.993824 96.398186 0.319825 0.357356 0.877501 0.722223 -0.691417 0.018344 0.613274 0.627885 -0.479223
-0.814402 -9.103078 117.288379 152.205917 0.196007 0.459340 0.866365 0.829745 -0.548536 0.103108 0.522594 0.698652 -0.488652
-0.681263 -6.642986 13.881479 9.764133 -0.106583 0.993077 -0.049387 -0.955183 -0.088467 0.282488 -0.276163 -0.077282 -0.957999
133.585340 -30.506372 6325.626870 523.840212 0.177030 0.984205 0.000561 0.974935 -0.175284 -0.137032 0.134769 -0.024806 0.990566
49.948362 -11.019871 2105.483296 115.047821 0.093294 0.995133 0.031722 0.989791 -0.089251 -0.111119 0.107747 -0.041765 0.993301
18.641951 -7.675348 -992.964260 59.457245 -0.212221 -0.976477 -0.038141 0.977130 -0.211503 -0.022010 0.013425 -0.041940 0.999030
25.897963 -5.692798 -1281.513640 10.927199 -0.231947 -0.971765 -0.043281 0.972574 -0.232473 0.007456 -0.017307 -0.040365 0.999035
1.082091 -7.788161 -39.638544 -83.430420 0.391932 0.916822 -0.076333 0.919516 -0.387703 0.064627 0.029657 -0.095519 -0.994986
1.323860 -9.013303 -8.491776 -54.966023 0.277596 0.958798 -0.060393 -0.958766 0.280474 0.045841 -0.060891 -0.045177 -0.997122
-2.279517 -13.733311 19.700477 -68.005573 0.030991 0.986648 -0.159891 0.766494 0.079210 0.637348 -0.641503 0.142308 0.753805
-2.050137 -14.750081 18.862903 -59.992275 0.040631 0.986546 -0.158354 0.907406 0.029914 0.419190 -0.418287 0.160723 0.893982
-0.313571 -9.050478 -7.921256 144.075153 0.208874 0.977455 -0.030860 0.788427 -0.186982 -0.586021 0.578580 -0.098073 0.809708
-0.247935 -10.988089 3.310691 123.297405 0.172960 0.984480 -0.029749 0.880938 -0.168136 -0.442356 0.440492 -0.050303 0.896346
-0.408578 -10.332217 -13.790095 194.289872 0.206088 0.978351 -0.018883 0.824699 -0.184044 -0.534789 0.526687 -0.094641 0.844775
-0.557461 -8.570290 -15.147897 199.620899 0.220680 0.975232 -0.014960 0.742502 -0.177923 -0.645782 0.632449 -0.131403 0.763375
-0.486532 -7.818761 -12.747266 69.556377 0.211085 0.977361 -0.014461 0.716226 -0.164720 -0.678150 0.665179 -0.132790 0.734781
1.125065 -13.519377 -5.168096 51.081465 0.104804 0.977281 -0.184220 -0.659744 -0.070286 -0.748196 0.744146 -0.199952 -0.637390
0.970483 -13.968106 -11.256315 37.466379 0.138102 0.978449 -0.153512 -0.429140 -0.080577 -0.899637 0.892618 -0.190120 -0.408764
1.126749 -14.368930 36.681073 60.016104 0.088577 0.987159 -0.132936 -0.529303 -0.066410 -0.845830 0.843797 -0.145284 -0.516623
0.868012 -13.009630 -44.233790 17.057039 0.160815 0.963721 -0.213029 -0.581248 -0.081966 -0.809588 0.797678 -0.254016 -0.546979
1.321943 -13.496089 14.486728 41.685457 0.077039 0.982609 -0.168951 -0.713168 -0.064110 -0.698055 0.696747 -0.174268 -0.695826
0.921905 -12.646394 -38.029144 3.419906 0.125956 0.964413 -0.232471 -0.761704 -0.056114 -0.645490 0.635564 -0.258377 -0.727530
1.177810 -12.959688 -4.292732 15.204454 0.079813 0.973968 -0.212170 -0.811438 -0.060145 -0.581335 0.578963 -0.218561 -0.785515
2.002497 -6.919272 16.794407 50.880089 0.339001 0.753892 0.562784 -0.195113 0.641539 -0.741861 0.920331 -0.141685 -0.364577
3.058109 -7.057669 -63.023044 55.406177 -0.381795 -0.675146 -0.631197 -0.160192 0.720934 -0.674235 0.910259 -0.156307 -0.383403
4.047183 -7.930311 65.344808 31.049137 0.358924 0.729934 0.581696 -0.038632 0.634307 -0.772115 0.932567 -0.254658 -0.255867
4.880641 -20.582694 -253.098448 -361.702299 0.330103 0.937749 0.107974 -0.635759 0.305420 -0.708892 0.697741 -0.165362 -0.697003
6.821795 -22.799649 -175.303190 -538.494914 0.241457 0.954944 0.172568 -0.600699 0.286747 -0.746282 0.762141 -0.076533 -0.642871
6.765324 -26.127718 84.526630 -823.740443 0.051940 0.957364 0.284177 -0.571884 0.261796 -0.777439 0.818688 0.122136 -0.561099
5.019243 -36.870195 -49.245767 -1182.203298 0.119606 0.970695 0.208438 -0.780216 0.221730 -0.584892 0.613969 0.092670 -0.783871
-0.651310 -6.088789 139.065991 3.918935 0.219648 0.970076 0.103476 -0.655939 0.068336 0.751714 -0.722149 0.232986 -0.651321
-1.960084 -5.603287 77.201826 0.591731 0.243700 0.969766 0.012833 -0.586265 0.136761 0.798492 -0.772595 0.202116 -0.601868
1.239213 -6.395164 147.569858 -7.546228 0.266737 0.962680 0.045803 -0.543882 0.111123 0.831772 -0.795640 0.246776 -0.553225
9.191737 -133.074210 -163.882545 -4913.040088 -0.377236 0.925383 0.036861 0.334768 0.173363 -0.926216 0.863495 0.337062 0.375187
5.352710 -112.540145 -81.385729 -569.291702 -0.322350 0.926527 0.194006 -0.285719 0.100157 -0.953065 0.902471 0.362652 -0.232441
-2.261249 -15.451547 95.182016 77.144508 -0.189049 0.963737 0.188337 0.969763 0.213378 -0.118447 -0.154339 0.160250 -0.974936
-4.784804 -15.964739 93.767236 188.931093 -0.133877 0.968776 0.208686 0.990113 0.121863 0.069461 0.041861 0.215922 -0.975513
-4.038517 -21.014800 -25.306667 -306.781241 0.083037 0.984089 0.157080 0.996088 -0.077183 -0.043018 -0.030209 0.160038 -0.986649
-1.876096 -5.491308 -37.414385 -31.727810 0.281713 0.919973 -0.272558 -0.403559 0.371322 0.836218 -0.870504 0.125580 -0.475870
-2.432639 -15.306515 -2.661834 -65.893821 -0.018909 0.997349 -0.070261 0.920437 0.044806 0.388316 -0.390435 0.057329 0.918844
2.485088 -5.402007 107.444680 30.446122 0.331197 0.936126 -0.118218 0.063782 0.102791 0.992656 -0.941403 0.336305 0.025664
0.991315 -5.794680 103.090828 16.243287 0.342355 0.929113 -0.139792 -0.014226 0.153891 0.987985 -0.939463 0.336253 -0.065904
0.474984 -5.299937 74.259963 41.510124 0.337158 0.928672 -0.154575 0.092982 0.130538 0.987074 -0.936845 0.347173 0.042338
9.005911 -55.629407 -29.511323 1726.127885 -0.511953 0.841958 0.170328 -0.592525 -0.202558 -0.779669 0.621947 0.500077 -0.602581
2.125039 -23.725920 11.783892 -580.268057 0.845052 -0.027196 -0.533991 -0.531005 -0.159639 -0.832196 0.062613 -0.986801 0.149344
2.619537 -132.126711 -41.128374 -5646.298024 0.736613 -0.036865 -0.675309 -0.676249 -0.026202 -0.736207 -0.009446 -0.998977 0.044230
-5.415348 -7.697389 16.401400 7.206218 0.953453 -0.092330 0.287060 -0.181494 -0.935941 0.301785 -0.240807 0.339838 0.909133
-5.638243 -7.764807 1.898027 1.101042 0.918546 -0.127663 0.374132 -0.262072 -0.905206 0.334544 -0.295958 0.405344 0.864931
-5.157041 -6.182106 -126.740942 24.069006 0.358268 0.933356 0.022160 0.867493 -0.341573 0.361641 -0.345109 0.110341 0.932054
-5.413036 -6.743975 29.998180 -59.799014 0.964002 -0.014844 0.265479 0.065348 0.981044 -0.182434 -0.257738 0.193215 0.946699
1.584646 -8.260736 -166.681333 -12.994890 -0.587351 0.808606 -0.034291 0.236713 0.212150 0.948135 -0.773942 -0.548770 0.316014
3.733086 -8.022697 -136.176007 9.974853 -0.512893 0.857739 0.034992 0.325075 0.156332 0.932677 -0.794523 -0.489739 0.359011
-1.252143 -5.364791 -14.166102 -35.440721 -0.004883 0.979602 0.200887 0.169688 0.198787 -0.965241 0.985486 -0.029374 0.167197
-0.780680 -5.272526 -27.570263 -42.263619 0.030355 0.990951 0.130745 0.180677 0.123211 -0.975795 0.983074 -0.053243 0.175302
-1.363533 -5.760204 -12.159587 -11.659439 -0.002451 0.983904 0.178682 0.058151 0.178520 -0.982216 0.998305 -0.007983 0.057652
-0.591079 -4.441274 -29.895782 -59.896571 0.032489 0.990877 0.130797 0.276918 0.116819 -0.953766 0.960344 -0.067206 0.270596
-1.532376 -5.739444 -1.095795 -5.446148 -0.030132 0.972200 0.232203 0.038842 0.233272 -0.971635 0.998791 0.020258 0.044791
-1.335741 -5.422984 -1.820720 -23.110460 -0.042034 0.964063 0.262329 0.145429 0.265668 -0.953032 0.988475 0.001909 0.151370
-1.010730 -4.651452 -10.605485 -49.863560 -0.017940 0.973929 0.226144 0.262157 0.222849 -0.938942 0.964859 -0.042441 0.259320
2.786732 -10.344535 -17.828186 -114.628523 0.125982 0.979933 -0.154467 0.096000 0.142934 0.985065 -0.987377 0.138929 0.076067
1.995966 -11.096838 -24.531163 46.910002 0.077578 0.992146 -0.098123 0.047948 0.094593 0.994361 -0.995833 0.081845 0.040234
0.365205 -14.488856 45.986997 -31.025008 0.470969 0.878681 -0.078155 -0.201559 0.193440 0.960185 -0.858814 0.436464 -0.268210
0.712713 -14.655834 69.399811 -7.824971 0.483110 0.873941 -0.053225 -0.392268 0.270389 0.879213 -0.782771 0.403878 -0.473446
2.037469 -20.346158 -35.864448 166.200985 0.197530 0.978127 -0.065191 -0.864168 0.142348 -0.482650 0.462814 -0.151674 -0.873383
2.651349 -25.821969 -53.258019 435.350611 0.190114 0.980231 -0.054799 -0.928816 0.161498 -0.333494 0.318052 -0.114300 -0.941158
1.828452 -23.108166 -45.355485 71.451679 0.181407 0.976696 -0.114699 0.982802 -0.175965 0.056003 0.034515 -0.122885 -0.991820
-1.408267 -3.661504 100.321725 -11.352600 -0.446739 0.520658 -0.727557 0.058914 0.828573 0.556773 0.892722 0.205869 -0.400830
-3.085135 -4.435769 69.567703 -0.301867 -0.374518 0.655257 -0.656030 0.085193 0.728848 0.679354 0.923298 0.198541 -0.328790
-3.887512 -4.243883 34.362686 45.124347 -0.315148 -0.245845 -0.916647 -0.171775 0.964689 -0.199673 0.933368 0.094531 -0.346249
0.658224 -23.796779 34.297552 -70.085971 -0.120732 0.984466 -0.127481 -0.091884 0.116786 0.988897 -0.988424 -0.131105 -0.076357
0.844054 -25.153081 -6.437476 -47.249632 -0.162274 0.976335 -0.142959 0.085544 0.158254 0.983686 -0.983031 -0.147398 0.109200
0.860639 -24.631774 -14.712048 23.106140 -0.177780 0.975108 -0.132508 -0.249964 0.085490 0.964474 -0.951794 -0.204587 -0.228544
1.023839 -1.446711 2.815527 28.430284 0.051665 0.905726 -0.420703 0.004531 -0.421474 -0.906829 0.998654 -0.044945 0.025879
1.248060 -2.024744 22.955615 5.315757 0.073480 0.957734 -0.278111 0.005249 -0.279233 -0.960209 0.997283 -0.069097 0.025545
1.291335 -1.987548 15.707366 18.810975 0.066142 0.900342 -0.430127 0.031513 -0.432741 -0.900968 0.997312 -0.046038 0.056995
1.725002 -2.426030 28.718557 14.513632 0.093214 0.938926 -0.331253 0.025206 -0.334820 -0.941945 0.995327 -0.079453 0.054877
1.272965 -1.841728 2.026550 22.947749 0.040674 0.848447 -0.527715 0.034700 -0.529033 -0.847892 0.998570 -0.016175 0.050958
1.451415 -2.232524 8.202358 10.357722 0.058191 0.852496 -0.519485 0.071919 -0.522594 -0.849543 0.995712 -0.012075 0.091721
1.721993 -2.427913 21.814086 14.389721 0.086532 0.891391 -0.444898 0.063105 -0.450580 -0.890503 0.994248 -0.048982 0.095241
1.254780 -54.134072 -30.933745 1325.416480 -0.670087 0.710722 -0.214144 -0.357934 -0.562119 -0.745590 0.650282 0.422961 -0.631061
0.708287 -46.218136 -30.359133 1057.493376 -0.651558 0.737786 -0.176474 -0.356288 -0.502997 -0.787434 0.669724 0.450184 -0.590596
1.083176 -59.639063 -52.089336 1486.952650 -0.658041 0.737805 -0.150421 -0.114264 -0.295298 -0.948548 0.744262 0.606996 -0.278622
1.613255 -114.313033 -56.207098 3996.592256 -0.671785 0.733763 -0.101474 -0.058851 -0.189424 -0.980130 0.738405 0.652464 -0.170435
0.856352 -57.803078 -32.463825 -340.874698 -0.668422 0.727516 -0.154701 0.270829 0.044352 -0.961605 0.692722 0.684656 0.226678
0.764122 -58.023307 -5.278033 923.453687 -0.687920 0.715140 -0.123856 0.140096 -0.036603 -0.989461 0.712137 0.698022 0.075008
-1.947056 -21.750278 158.453374 -804.404649 0.382838 -0.842838 -0.378230 0.896207 0.239499 0.373433 -0.224158 -0.481938 0.847047
1.206942 -39.167033 167.097158 2733.140004 -0.455725 0.889914 0.019166 0.674540 0.359321 -0.644891 0.580785 0.280964 0.764034
10.378691 -14.344080 -80.638161 -450.250634 -0.673077 -0.734708 -0.084688 0.736448 -0.655311 -0.167963 0.067907 -0.175420 0.982149
-1.524884 -9.879325 34.817302 7.322183 -0.269080 0.846323 0.459710 0.363615 0.531259 -0.765211 0.891841 0.038746 0.450687
-2.225842 -9.568775 57.261705 42.740821 -0.276539 0.825773 0.491554 0.249385 0.555643 -0.793138 0.928081 0.096747 0.359592
-1.883892 -8.629050 43.950742 113.065260 -0.279765 0.816327 0.505313 0.064335 0.541087 -0.838502 0.957911 0.202074 0.203895
-3.637718 -6.618997 7.446452 -22.171615 0.069142 0.992015 -0.105474 0.402143 0.069041 0.912970 -0.912962 0.105541 0.394158
-0.367307 -18.232116 -16.538004 -174.681531 0.380748 0.921477 0.076889 0.624163 -0.194766 -0.756628 0.682240 -0.336076 0.649309
-0.468412 -18.396598 -11.758097 -215.550960 0.369363 0.926977 0.065462 0.557678 -0.164761 -0.813541 0.743348 -0.336998 0.577811
-0.457144 -15.290143 -15.834533 -132.912928 0.350175 0.932458 0.088884 0.738807 -0.216622 -0.638153 0.575796 -0.289133 0.764762
-1.716527 -54.131639 -2002.842131 2277.671212 -0.198197 0.550744 0.810802 -0.699959 0.499534 -0.510415 0.686131 0.668691 -0.286492
-9.902456 -93.867493 -223.721877 3660.572609 0.778525 -0.141057 -0.611557 -0.231443 0.841217 -0.488660 0.583381 0.521975 0.622261
-34.247646 -85.811080 321.741967 -2980.955939 -0.404568 0.886819 -0.223331 -0.396804 0.049796 0.916552 -0.823937 -0.459426 -0.331747
-1.416456 -8.991868 -5.818775 29.811028 0.017418 0.994340 -0.104808 -0.122019 -0.101926 -0.987280 0.992375 -0.029985 -0.119553
-1.138204 -7.955673 10.878432 42.657037 -0.036634 0.980148 -0.194854 -0.217911 -0.198128 -0.955646 0.975281 -0.007452 -0.220844
-1.493386 -8.550073 -4.311593 15.007545 -0.008698 0.995769 -0.091477 -0.040796 -0.091758 -0.994945 0.999130 0.004922 -0.041421
-7.553209 -11.222807 90.027976 100.309516 -0.265986 0.962003 -0.061660 -0.224798 -0.124101 -0.966470 0.937399 0.243206 -0.249265
-9.487660 -11.981804 38.528635 197.187623 -0.043831 0.886848 0.459979 -0.304743 0.426609 -0.851549 0.951425 0.177500 -0.251562
-6.982261 -10.421187 14.286524 96.366851 -0.360954 0.912202 -0.193906 -0.217707 -0.284600 -0.933599 0.906816 0.294772 -0.301320
-4.551541 -8.942863 35.453529 -20.619180 0.851494 -0.198580 0.485308 -0.337968 0.499793 0.797486 0.400918 0.843074 -0.358457
-4.300536 -8.935638 16.162489 -18.778387 0.811006 -0.250257 0.528811 -0.340779 0.532640 0.774702 0.475541 0.808496 -0.346692
-4.568613 -8.491473 22.291893 -2.721024 0.821021 -0.230321 0.522375 -0.281662 0.632475 0.721556 0.496579 0.739546 -0.454402
-4.391459 -9.375661 14.924693 -44.653539 0.836049 -0.252020 0.487348 -0.370134 0.396606 0.840062 0.404997 0.882717 -0.238301
-5.693519 -9.077125 -14.905373 7.426401 0.080075 0.994059 0.073716 -0.254488 -0.051115 0.965724 -0.963755 0.096090 -0.248883
-5.975050 -9.068783 -25.695947 10.570573 0.169642 0.981544 0.088280 -0.427789 -0.007357 0.903849 -0.887816 0.191096 -0.418646
-5.949883 -9.451830 -21.681105 21.006879 0.166552 0.984310 0.058266 -0.539630 0.041534 0.840877 -0.825264 0.171492 -0.538080
-5.923994 -9.064446 -23.909606 13.551529 0.159139 0.982427 0.097529 -0.291792 -0.047570 0.955298 -0.943150 0.180483 -0.279094
1.279329 -11.369950 57.373732 130.595161 0.159148 0.520647 0.838808 0.963548 -0.266987 -0.017097 0.215050 0.810953 -0.544159
1.676396 -11.345562 -21.039982 169.959472 0.249473 0.569817 0.782989 0.940177 -0.336242 -0.054857 0.232016 0.749833 -0.619612
-0.719492 -6.658955 3.273251 8.672198 -0.090278 0.992705 -0.079916 -0.978703 -0.073577 0.191641 -0.184363 -0.095515 -0.978206
-0.675618 -6.731966 5.780095 10.457473 -0.114601 0.990881 -0.070857 -0.947733 -0.087673 0.306782 -0.297772 -0.102311 -0.949139
-0.690173 -6.795369 0.249129 13.307009 -0.119944 0.988832 -0.088462 -0.938431 -0.083849 0.335136 -0.323976 -0.123213 -0.938007
-0.730681 -6.457479 -4.887464 -8.197740 -0.077589 0.994272 -0.073502 -0.989894 -0.068049 0.124418 -0.118703 -0.082412 -0.989504
-0.712309 -6.921202 -3.713519 -0.621874 -0.045807 0.995826 -0.078942 0.998838 0.044472 -0.018584 -0.014996 -0.079702 -0.996706
-0.742175 -6.749452 -2.757420 19.929300 -0.076547 0.992870 -0.091380 0.995055 0.070253 -0.070216 -0.063296 -0.096303 -0.993338
-0.765109 -6.851851 -2.228691 -2.991318 -0.096532 0.990146 -0.101452 -0.979178 -0.076183 0.188167 -0.178584 -0.117503 -0.976883
-1.491086 -8.351125 25.024273 -20.440893 -0.107988 0.965333 0.237636 0.990737 0.124293 -0.054688 -0.082329 0.229529 -0.969813
-1.685222 -8.722751 33.456799 4.114396 -0.049909 0.971385 0.232209 0.995185 0.028731 0.093707 0.084354 0.235768 -0.968141
-1.757658 -8.921312 6.534813 -43.028152 -0.097228 0.975390 0.197893 0.991426 0.112360 -0.066703 -0.087297 0.189710 -0.977952
-0.953954 -8.132881 61.346631 6.541018 -0.030746 0.964063 0.263888 0.997295 0.011956 0.072518 0.066757 0.265404 -0.961823
-1.739895 -8.020902 1.189240 56.754949 -0.172241 0.962024 0.211761 -0.958979 -0.212897 0.187172 -0.225147 0.170836 -0.959231
0.014875 -7.731432 77.768790 5.836828 -0.029582 0.960277 0.277478 0.999459 0.032410 -0.005611 -0.014381 0.277161 -0.960716
-0.835262 -7.675560 56.726933 -10.606747 -0.087755 0.957424 0.275023 0.983027 0.127887 -0.131539 -0.161110 0.258812 -0.952397
-1.679014 -7.806972 12.155503 31.864412 -0.178886 0.952500 0.246463 -0.959963 -0.223861 0.168398 -0.215573 0.206471 -0.954410
-0.615298 -11.370144 -42.818859 -346.254265 0.392964 0.914936 -0.092041 0.915194 -0.379401 0.135922 0.089440 -0.137648 -0.986435
-1.239016 -11.087654 9.932901 -295.845509 0.244495 0.965693 -0.087514 0.966576 -0.235543 0.101242 0.077155 -0.109342 -0.991005
-2.213929 -13.985802 7.185320 -28.711111 -0.000938 0.990852 -0.134950 0.831629 0.075714 0.550146 -0.555331 0.111712 0.824092
-2.348693 -13.412493 -6.756784 -38.892608 -0.026387 0.992511 -0.119268 0.673746 0.105797 0.731350 -0.738492 0.061058 0.671492
-2.181075 -14.804905 6.418393 -38.388563 0.003738 0.992871 -0.119138 0.924783 0.041898 0.378181 -0.380476 0.111591 0.918033
2.038472 -6.567691 -70.486421 11.252579 -0.132406 0.978359 -0.159002 -0.537348 0.063945 0.840933 -0.832902 -0.196784 -0.517253
2.576265 -6.670450 -79.050127 3.838757 -0.123183 0.980690 -0.151896 -0.613268 0.045110 0.788586 -0.780211 -0.190293 -0.595869
3.239365 -6.434175 -82.697718 10.918042 -0.095760 0.984894 -0.144267 -0.523310 0.073476 0.848969 -0.846745 -0.156794 -0.508369
1.410598 -6.843238 -31.282029 -1.389297 -0.149025 0.977712 -0.147885 -0.628785 0.021727 0.777276 -0.763165 -0.208821 -0.611533
2.162697 -6.315755 -74.639654 31.691483 -0.128293 0.976212 -0.174787 -0.424158 0.105300 0.899445 -0.896454 -0.189530 -0.400559
1.322332 -6.741677 -30.877493 13.613116 -0.135551 0.976018 -0.170337 -0.522690 0.075606 0.849164 -0.841678 -0.204139 -0.499906
-1.129562 -6.712899 -41.505099 -200.481672 0.232057 0.969298 0.081312 0.645358 -0.090878 -0.758455 0.727780 -0.228480 0.646633
-1.044025 -5.576920 -7.521653 6.209999 0.235736 0.971683 0.016130 0.650020 -0.145317 -0.745893 0.722428 -0.186319 0.665870
-1.061011 -5.537835 4.687495 -14.023781 0.275831 0.961113 -0.013346 0.604681 -0.184297 -0.774852 0.747180 -0.205659 0.632002
0.901398 -14.574751 26.538214 46.982579 0.113778 0.987699 -0.107263 -0.328385 -0.064509 -0.942338 0.937666 -0.142441 -0.317006
0.848427 -12.881216 -34.643865 17.042590 0.163406 0.970921 -0.174959 -0.395049 -0.098109 -0.913406 0.904010 -0.218374 -0.367530
2.002456 -20.923360 -277.602937 -156.863521 0.340565 0.939463 0.037757 -0.593152 0.245834 -0.766640 0.729511 -0.238695 -0.640967
1.584664 -19.817987 -275.501778 85.040259 0.342398 0.939554 0.001283 -0.432065 0.158668 -0.887775 0.834316 -0.303418 -0.460276
-2.140041 -5.511872 73.946558 9.333925 0.152666 0.981670 0.114092 -0.688878 0.022927 0.724515 -0.708619 0.189204 -0.679751
3.668253 -42.989030 -123.058350 740.397223 -0.232768 0.890506 0.390919 0.691820 0.434125 -0.576993 0.683524 -0.136140 0.717120
2.158589 -39.197682 -78.068542 -355.266145 -0.192761 0.905716 0.377521 0.472911 0.422855 -0.773013 0.859767 -0.029527 0.509833
1.670092 -42.142296 -73.970378 764.271073 -0.211029 0.875068 0.435571 0.693166 0.448154 -0.564517 0.689194 -0.182793 0.701141
1.176485 -34.678485 -22.358442 -101.392101 -0.182448 0.902436 0.390285 0.497593 0.427109 -0.754970 0.848006 -0.056460 0.526971
1.497306 -56.889075 -43.089462 -1739.541297 -0.168344 0.939996 0.296762 0.218277 0.329133 -0.918709 0.961257 0.089883 0.260587
-0.128165 -4.079319 -17.531215 -39.627021 0.123403 0.986168 -0.110656 -0.551075 0.160835 0.818809 -0.825280 0.040064 -0.563300
0.019792 -3.618872 -31.717032 -29.193995 0.105181 0.989743 -0.096672 -0.615288 0.141140 0.775565 -0.781254 0.022094 -0.623822
0.237884 -3.471503 -3.950460 -24.954163 0.076048 0.996843 -0.022816 -0.617233 0.065034 0.784088 -0.783097 0.045546 -0.620230
-2.503387 -17.140511 2.712004 -84.225391 0.001511 0.998953 -0.045731 0.973445 0.008999 0.228743 -0.228915 0.044862 0.972412
