11078
22131
-9.300460 -11.371639 2.846530 152.181369 0.040441 0.985718 0.163474 -0.948863 0.089153 -0.302839 0.313088 0.142868 -0.938917
-6.859902 -11.594129 -77.741787 276.702454 0.232320 0.971248 0.052011 -0.953740 0.237970 -0.183713 0.190808 0.006925 -0.981603
-7.187367 -9.172324 35.794243 106.525929 -0.423908 0.905648 -0.010152 -0.893120 -0.419854 -0.161431 0.150462 0.059365 -0.986832
-5.133870 -8.056911 -69.342625 -143.518057 -0.053506 0.997609 -0.043753 0.998258 0.054529 0.022548 0.024880 -0.042470 -0.998788
-6.752337 -9.919499 37.949364 -67.891584 -0.655237 0.754679 0.033530 0.723239 0.613884 0.316341 0.218152 0.231528 -0.948053
-5.666053 -8.078485 -19.934439 -106.074934 0.733794 -0.679235 -0.013625 0.678515 0.731714 0.064903 0.034115 0.056871 -0.997799
-5.584730 -9.008981 -22.520401 -112.041644 0.747583 -0.664005 -0.014721 0.655565 0.734162 0.176751 0.106556 0.141787 -0.984146
15.774016 -4.263050 -3.857038 -54.318730 0.711645 0.517126 0.475544 -0.698780 0.590955 0.403086 0.072579 0.619155 -0.781908
14.257797 -6.694071 -10.855270 -115.877470 0.709631 0.490280 0.506014 -0.702288 0.550006 0.451980 0.056714 0.676106 -0.734619
15.978516 -5.194271 -214.278919 -65.314981 0.711383 0.655189 0.254288 -0.689967 0.582232 0.430059 -0.133715 0.481387 -0.866249
14.046046 -5.308299 321.537185 109.040838 0.646483 0.282460 0.708715 0.691904 -0.608461 -0.388644 0.321449 0.741614 -0.588795
15.849675 -3.960679 -112.674083 46.783041 0.681139 0.678070 0.276171 0.728012 -0.587188 -0.353850 -0.077771 0.442076 -0.893600
16.247223 -2.952740 -118.458675 29.390879 0.694696 0.615080 0.372926 0.719246 -0.587451 -0.370926 -0.009074 0.525906 -0.850494
14.895702 -2.558602 -10.820372 0.532047 0.718929 0.504504 0.478139 -0.689394 0.605375 0.397816 0.088754 0.615627 -0.783023
13.269750 -3.428191 207.250575 -14.235618 0.697790 0.319224 0.641237 -0.667561 0.614392 0.420576 0.259713 0.721539 -0.641818
1.238135 0.289612 311.448389 -32.257294 0.871986 0.317351 0.372730 -0.263074 0.945900 -0.189911 -0.412834 0.067544 0.908298
0.545687 -2.897564 -30.388053 213.149159 -0.027514 0.995848 -0.086779 0.870143 0.066590 0.488280 -0.492031 0.062076 0.868362
1.962851 1.102327 322.027937 -42.970310 0.825402 0.463055 0.322942 -0.395213 0.882436 -0.255174 -0.403135 0.082991 0.911369
4.152708 0.743298 248.071108 -15.097106 0.897548 0.136139 0.419372 -0.092844 0.988168 -0.122078 -0.431030 0.070635 0.899569
3.998210 0.356274 200.340347 -35.935710 0.889683 0.046540 0.454201 -0.032211 0.998711 -0.039238 -0.455442 0.020279 0.890035
1.322790 -4.045392 46.513724 38.129929 -0.225791 0.911935 -0.342628 0.395343 0.407223 0.823330 -0.890350 -0.050445 0.452474
1.500071 -3.901178 70.407805 -14.718811 -0.214375 0.914262 -0.343756 0.433231 0.404427 0.805450 -0.875417 -0.023742 0.482785
1.459187 -3.847652 36.237857 51.598274 -0.271661 0.895949 -0.351390 0.408155 0.437917 0.801024 -0.871556 -0.074186 0.484651
18.092460 -9.948320 353.291468 -302.053113 -0.118458 -0.982484 -0.143854 0.989699 -0.128553 0.063006 -0.080396 -0.134908 0.987591
9.931297 -15.337495 -113.234815 -351.171999 0.101176 0.991255 0.084718 0.986779 -0.089152 -0.135351 0.126615 -0.097292 0.987169
12.211271 -12.363919 401.908047 -342.429231 0.007301 -0.924888 -0.380170 0.999887 0.001748 0.014951 -0.013163 -0.380237 0.924796
18.250806 -8.607110 667.143544 -275.784190 -0.006872 -0.913539 -0.406692 0.987224 -0.070942 0.142673 -0.159189 -0.400516 0.902356
10.574613 -10.402017 408.868699 -281.351400 0.119178 -0.826236 -0.550573 0.989300 0.051816 0.136386 -0.084159 -0.560936 0.823570
7.242240 -13.591650 286.969591 -253.546486 0.098840 -0.853590 -0.511483 0.991749 0.126665 -0.019738 0.081635 -0.505312 0.859067
-2.536236 -12.907026 -4.162493 -84.225142 -0.127299 -0.752504 0.646167 0.991001 -0.123679 0.051201 0.041388 0.646870 0.761476
-2.515108 -12.858073 -4.469333 -29.542996 -0.158989 -0.703588 0.692594 0.981739 -0.186889 0.035508 0.104456 0.685592 0.720453
-2.606600 -12.362443 11.950806 -18.578751 -0.122099 -0.751370 0.648486 0.988300 -0.031867 0.149156 -0.091406 0.659111 0.746470
-2.518734 -13.248611 -10.551945 -24.517513 -0.155787 -0.731861 0.663408 0.959215 -0.272458 -0.075320 0.235875 0.624617 0.744458
-2.257036 -12.247300 6.851394 -75.004069 -0.098412 -0.788990 0.606473 0.982327 0.020484 0.186050 -0.159215 0.614064 0.773030
-2.300465 -13.528463 0.570533 -173.225745 -0.126274 -0.791215 0.598360 0.991387 -0.079538 0.104043 -0.034728 0.606344 0.794444
-2.369670 -13.910473 0.162028 -76.017927 -0.156356 -0.775179 0.612086 0.972358 -0.229610 -0.042405 0.173413 0.588537 0.789653
1.402090 -18.336808 1.789586 376.643638 0.351934 0.654055 -0.669593 0.652038 0.341933 0.676704 0.671558 -0.674755 -0.306130
1.004965 -19.522404 18.504380 242.087011 0.327644 0.680198 -0.655728 0.812145 0.151875 0.563343 0.482774 -0.717122 -0.502658
1.215572 -19.529047 15.430924 136.388984 0.353557 0.660305 -0.662567 0.838917 0.089496 0.536851 0.413783 -0.745646 -0.522299
-0.544317 -25.197504 27.634972 131.426048 -0.135827 0.093669 -0.986295 0.990450 0.036620 -0.132921 0.023668 -0.994930 -0.097748
-0.530442 -23.667061 13.599143 437.614960 -0.136687 0.071047 -0.988063 0.946594 0.303396 -0.109134 0.292021 -0.950212 -0.108723
-0.759246 -23.864575 13.895694 263.572729 -0.117830 0.068334 -0.990680 0.989332 0.094135 -0.111177 0.085660 -0.993211 -0.078697
7.435026 -3.710854 -152.530175 21.497722 0.677798 0.393675 0.620974 0.563819 0.263782 -0.782641 0.471908 -0.880590 0.043171
6.108371 -3.943560 -115.486525 -40.539635 0.672677 0.395227 0.625540 0.620628 0.158953 -0.767824 0.402896 -0.904726 0.138366
7.560355 -4.340262 10.411328 -28.267931 -0.525711 -0.574701 -0.627174 0.623743 0.240901 -0.743580 0.578423 -0.782103 0.231822
14.373834 -24.713525 -615.806095 -428.250052 0.708908 0.697790 -0.102653 0.553519 -0.640628 -0.532177 0.437111 -0.320444 0.840387
6.117194 -23.395647 -401.038246 -362.923303 0.705961 0.702849 -0.087306 0.550180 -0.621845 -0.557325 0.446006 -0.345415 0.825692
65.159413 -35.212111 -2534.296533 420.319024 0.691274 0.721023 -0.047598 0.672456 -0.666022 -0.322828 0.264468 -0.191155 0.945260
44.381512 -19.716382 -2017.123455 189.474337 0.761861 0.643617 -0.072970 -0.564744 0.715185 0.411795 0.317225 -0.272521 0.908350
11.772731 -27.075469 -620.355529 542.299739 0.653163 0.753164 -0.078240 0.745060 -0.657677 -0.111116 0.135145 -0.014283 0.990723
25.750071 -28.581206 -1338.362309 516.897228 0.656241 0.753456 -0.040647 0.750672 -0.657374 -0.065960 0.076418 -0.012773 0.996994
75.370680 -202.010001 -2750.712954 6939.764825 0.681673 0.728594 -0.066887 0.726859 -0.684819 -0.051956 0.083660 0.013200 0.996407
355.952952 -86.231038 -12376.906590 1454.057408 0.827965 0.557490 -0.060658 0.516697 -0.800440 -0.303843 0.217942 -0.220229 0.950789
36.855362 -27.564456 2288.359950 298.697828 -0.753810 -0.163534 -0.636418 -0.275610 0.957909 0.080304 0.596498 0.235937 -0.767153
39.438139 -22.440003 -2733.890644 157.180523 0.773190 0.342031 0.534033 -0.521932 0.821531 0.229506 0.360227 0.456181 -0.813717
6.951067 -22.143553 1012.759774 -12.572865 -0.699797 -0.282579 -0.656074 -0.393878 0.918840 0.024372 0.595940 0.275469 -0.754303
4.047018 -21.221905 -631.028715 318.109241 0.632446 0.324338 0.703432 -0.626678 0.748006 0.218547 0.455288 0.579044 -0.676328
6.990271 -21.895198 615.876253 27.355745 -0.592492 -0.197601 -0.780965 -0.136349 0.980061 -0.144533 0.793953 0.020849 -0.607621
-2.139112 -10.895986 2.717069 9.130911 0.243133 0.241995 0.939321 0.460608 0.823432 -0.331362 -0.853655 0.513224 0.088739
-2.006731 -11.323444 -40.297697 41.628400 0.169482 0.230081 0.958300 0.466283 0.837929 -0.283647 -0.868249 0.494911 0.034731
-2.278639 -11.078572 -28.251453 27.632233 0.177236 0.185937 0.966444 0.308697 0.921931 -0.233985 -0.934502 0.339809 0.106001
-1.566333 -11.587236 -54.408889 -49.545233 0.109310 0.174381 0.978592 0.133114 0.973056 -0.188263 -0.985054 0.150844 0.083153
-2.323320 -11.123989 -35.642424 -22.159105 0.155014 0.145286 0.977171 0.122186 0.978713 -0.164899 -0.980327 0.144958 0.133962
-1.084212 -3.290678 31.342389 -3.405072 -0.285987 0.912734 -0.291767 0.944730 0.217632 -0.245197 -0.160302 -0.345764 -0.924527
-1.345137 -3.477982 21.810827 -24.967831 -0.348198 0.889663 -0.295395 0.931049 0.291534 -0.219444 -0.109113 -0.351437 -0.929831
-1.519766 -3.174412 16.397219 11.393651 -0.175877 0.921195 -0.347084 0.973185 0.109607 -0.202233 -0.148253 -0.373345 -0.915770
10.571441 -9.175467 -95.879067 28.248551 -0.053063 0.909332 -0.412674 -0.666009 -0.340146 -0.663877 0.744054 -0.239618 -0.623672
9.999756 -8.567313 -120.077458 -7.924797 0.009020 0.952314 -0.304988 -0.775221 -0.185994 -0.603687 0.631626 -0.241878 -0.736576
10.813835 -11.589453 -300.871542 -11.799603 0.128041 0.874003 -0.468748 -0.733444 -0.234697 -0.637948 0.667582 -0.425484 -0.610981
9.912471 -12.648145 -270.560804 -41.342771 0.126806 0.836591 -0.532950 -0.615508 -0.354974 -0.703664 0.777863 -0.417264 -0.469915
-7.428020 -11.219276 -54.471398 72.823911 -0.479169 0.852455 0.209086 -0.441225 -0.028012 -0.896959 0.758761 0.522049 -0.389547
-6.811966 -10.500222 -23.494028 7.280689 -0.417677 0.848086 0.326032 -0.615568 -0.000198 -0.788084 0.668298 0.529859 -0.522137
-7.195305 -10.560369 -52.139871 57.147106 -0.534162 0.785035 0.313674 -0.555568 -0.046313 -0.830180 0.637193 0.617718 -0.460879
-7.588102 -11.312580 23.515444 -3.011795 -0.398728 0.893325 0.207331 -0.453887 0.004214 -0.891049 0.796870 0.449391 -0.403788
-7.661984 -11.333254 -17.620442 98.322666 -0.620768 0.751932 0.221914 -0.394149 -0.054642 -0.917421 0.677712 0.656973 -0.330293
-8.185128 -11.216521 -22.497835 28.891341 -0.410869 0.906740 0.094915 -0.231818 -0.003218 -0.972754 0.881729 0.421678 -0.211521
-7.648308 -11.553749 -61.885396 102.354959 -0.531485 0.840826 0.102644 -0.258549 -0.045635 -0.964920 0.806645 0.539379 -0.241649
-7.996568 -14.475410 -106.360235 -408.345627 0.691307 -0.525521 -0.495905 0.705849 0.344406 0.619001 -0.154505 -0.777954 0.609028
14.951965 -714.582060 183.368968 -30928.412001 0.479056 -0.576964 -0.661527 0.874676 0.250399 0.415021 -0.073807 -0.777440 0.624611
-7.698518 -59.147520 -14.802104 -2462.418781 0.339947 -0.709703 -0.617056 0.939649 0.229331 0.253905 -0.038687 -0.666130 0.744831
-6.435057 -16.610894 -49.667542 -494.862809 0.592601 -0.653953 -0.470287 0.790624 0.360555 0.494888 -0.154069 -0.665091 0.730696
8.638306 -10.749192 132.288246 209.466901 0.144596 -0.983468 0.109012 0.988906 0.147417 0.018239 -0.034008 0.105165 0.993873
6.190156 -7.776446 149.077555 134.654170 0.117751 -0.992347 -0.037187 0.992388 0.116231 0.040701 -0.036067 -0.041697 0.998479
7.233955 -11.257281 -131.617489 182.923263 -0.208638 0.977239 -0.038384 0.956255 0.212073 0.201499 -0.205053 -0.005335 0.978736
4.444693 -11.786252 -161.833785 101.906860 -0.280289 0.956947 0.075433 0.885156 0.227257 0.406020 -0.371398 -0.180573 0.910745
7.497581 -12.890896 -91.613060 68.192049 -0.213657 0.973347 -0.083341 0.862827 0.228026 0.451147 -0.458127 -0.024481 0.888549
9.519430 -12.734233 -92.650555 51.543963 -0.149328 0.966434 -0.209063 0.884232 0.225146 0.409198 -0.442533 0.123755 0.888172
10.507179 -12.286668 109.053620 224.784169 0.131745 -0.958547 0.252650 0.980311 0.163801 0.110274 -0.147087 0.233147 0.961253
6.820385 -2.526384 202.913172 -20.432600 -0.808222 0.419125 -0.413657 0.106648 0.795012 0.597145 0.579141 0.438510 -0.687245
12.515502 -3.809275 344.572423 -26.432549 -0.829420 0.345952 -0.438610 -0.014181 0.771868 0.635625 0.558445 0.533420 -0.635297
6.565056 -2.708771 36.377756 3.759557 -0.810780 0.257407 -0.525716 -0.087915 0.834384 0.544127 0.578712 0.487385 -0.653872
1.088666 -3.240195 25.811357 -236.692467 -0.288366 0.843393 -0.453358 0.546595 0.533739 0.645257 -0.786180 0.061733 0.614906
0.742667 -5.797884 -1.429783 -140.920377 -0.198726 0.922119 -0.331970 0.682426 0.373312 0.628436 -0.703422 0.101658 0.703465
1.052155 -3.474457 21.572965 -210.065312 -0.285979 0.850816 -0.440826 0.576978 0.520188 0.629684 -0.765057 0.074271 0.639665
-1.066966 -7.407584 -19.733676 10.795474 0.783032 0.380703 -0.491860 0.554407 -0.785678 0.274485 0.281946 0.487621 0.826276
-0.527548 -7.249941 -22.488444 -5.550522 0.769425 0.415812 -0.484856 0.586166 -0.761237 0.277359 0.253761 0.497613 0.829450
-0.621329 -6.887565 -18.644517 -7.904879 0.769852 0.405118 -0.493161 -0.521043 0.845183 -0.119083 0.368568 0.348634 0.861749
-0.989312 -6.934081 -1.714759 -16.390336 0.770504 0.360290 -0.525846 -0.492052 0.860603 -0.131333 0.405227 0.359936 0.840379
-0.693920 -6.737811 -7.219967 -18.630963 0.766949 0.387709 -0.511341 -0.441149 0.897240 0.018636 0.466021 0.211285 0.859176
-0.292927 -6.793192 -20.205419 -20.282092 0.779115 0.401901 -0.481099 -0.445900 0.894724 0.025323 0.440628 0.194792 0.876301
-12.843966 -40.163482 -526.793932 -1468.458720 0.920584 -0.160840 -0.355887 0.167440 -0.660713 0.731726 0.352830 0.733205 0.581310
-4.895007 -36.484414 -427.679356 -949.284667 0.848925 -0.213951 -0.483271 0.135271 -0.795982 0.590012 0.510909 0.566249 0.646788
-17.175106 -32.988311 -525.530507 -1375.994340 0.827896 -0.460897 -0.319628 0.041846 -0.517523 0.854646 0.559319 0.720933 0.409168
-19.582158 -26.025484 -230.302180 -972.385982 0.740973 -0.561361 -0.368556 0.193880 -0.346624 0.917748 0.642939 0.751482 0.148003
-16.939084 -31.881870 -490.246747 -1191.335258 0.871076 -0.251474 -0.421886 0.297455 -0.413415 0.860586 0.390829 0.875128 0.285313
0.139902 -20.375089 -7.577857 -44.606241 0.437423 0.730004 -0.525123 0.854717 -0.519006 -0.009529 -0.279498 -0.444664 -0.850973
-0.189188 -17.758976 -9.600794 228.821814 0.438007 0.729697 -0.525064 0.898012 -0.382128 0.218065 -0.041520 -0.567028 -0.822652
0.256077 -18.236057 -5.508229 275.934460 0.438385 0.727194 -0.528212 0.897233 -0.388624 0.209630 -0.052834 -0.565828 -0.822829
1.284137 -16.990674 55.154036 -74.805375 0.898676 -0.299076 0.320834 -0.279123 0.174287 0.944306 0.338337 0.938178 -0.073149
0.401984 -15.362308 62.284848 -48.578887 0.876710 -0.308821 0.368795 -0.287492 0.278285 0.916464 0.385653 0.909498 -0.155191
0.225047 -15.915895 61.149503 -8.568006 0.890184 -0.312540 0.331497 -0.333262 0.049441 0.941537 0.310657 0.948617 0.060146
0.527142 -16.353346 44.236222 38.426113 0.910873 -0.288901 0.294697 -0.352893 -0.175048 0.919143 0.213956 0.941220 0.261398
0.830376 -15.734021 -24.315344 -131.059681 0.970173 -0.107791 0.217131 -0.202134 0.134724 0.970047 0.133815 0.985003 -0.108917
1.368355 -14.742399 -30.244892 -126.476651 0.972612 -0.114629 0.202203 -0.167485 0.257574 0.951632 0.161167 0.959435 -0.231321
1.367710 -16.026898 -28.898992 -140.932342 0.967836 -0.119877 0.221185 -0.213145 0.076352 0.974033 0.133652 0.989848 -0.048345
24.021213 -26.795083 -1331.899222 -251.998707 -0.841753 0.042004 -0.538226 -0.089193 0.972448 0.215384 0.532444 0.229306 -0.814814
11.453368 -27.225143 562.608211 -255.889931 0.901364 -0.054264 0.429650 -0.179496 0.856073 0.484685 0.394113 0.513998 -0.761893
13.727973 -36.624665 214.908802 -668.235048 0.986584 0.024437 0.161415 -0.080058 0.934104 0.347908 0.142277 0.356163 -0.923529
10.849209 -2.684411 -102.714282 -93.807779 -0.263091 0.958788 -0.107280 -0.371858 -0.203381 -0.905736 0.890227 0.198398 -0.410041
11.673470 -1.485215 553.991112 -38.284986 -0.472114 0.881050 -0.029314 -0.383893 -0.235418 -0.892863 0.793558 0.410280 -0.449373
11.513304 -2.699326 575.988731 -40.243364 -0.526362 0.846277 0.082211 -0.430958 -0.182190 -0.883788 0.732952 0.500622 -0.460608
10.615679 -3.435129 7.780356 -114.743576 -0.326263 0.945199 -0.012296 -0.396998 -0.148817 -0.905674 0.857873 0.290606 -0.423796
8.149339 -3.176991 385.171260 66.581136 -0.533953 0.839446 0.101122 -0.512771 -0.226403 -0.828135 0.672280 0.494037 -0.551332
-1.440826 -115.888672 173.819274 -4118.411707 0.580282 0.024556 -0.814045 0.658163 0.574581 0.486496 0.479681 -0.818079 0.317257
-0.271113 -44.622097 21.826477 9.263579 0.680464 0.139673 -0.719347 -0.519931 -0.599729 -0.608274 0.516372 -0.787920 0.335473
0.160329 -46.256213 78.485472 305.741861 0.678589 0.182645 -0.711448 -0.669379 -0.245001 -0.701360 0.302405 -0.952164 0.043996
0.238638 -81.018762 -97.759643 2766.031590 0.751404 0.105321 -0.651383 -0.657944 0.044772 -0.751734 0.050009 -0.993430 -0.102937
-100.908971 -790.134795 3962.489402 116951.889567 -0.780958 -0.341279 0.523100 -0.144267 0.913435 0.380557 -0.607693 0.221733 -0.762590
-78.160432 -298.042446 -2954.921137 -183337.136499 0.900182 0.211094 -0.380935 0.112240 0.732686 0.671248 -0.420802 0.647002 -0.635857
-34.252889 -1712.587240 -775.626096 170041.671085 0.666920 0.551515 -0.501047 0.669694 -0.148837 0.727570 0.326692 -0.820779 -0.468608
-0.908598 -3.598574 -70.132728 -6.468252 0.665678 0.614386 0.423559 -0.350025 0.758349 -0.549900 -0.659056 0.217800 0.719867
-0.728573 -3.128451 -61.541793 48.582544 0.685331 0.584845 0.433909 -0.265789 0.755617 -0.598664 -0.677995 0.294955 0.673294
-0.162840 -2.941847 -105.079466 26.413541 0.691995 0.484028 0.535593 -0.185690 0.836301 -0.515869 -0.697612 0.257524 0.668595
-1.877064 -65.185358 -25.884406 2226.017000 0.877081 -0.480211 -0.011223 0.307248 0.542907 0.781569 0.369225 0.688948 -0.623717
-7.467480 -86.120115 138.572206 1862.434013 0.976505 -0.212040 -0.038435 0.215206 0.950325 0.224875 0.011157 0.227863 -0.973629
-1.242423 -74.686629 2.844421 2832.027542 0.866425 -0.497276 -0.044986 0.454697 0.748582 0.482571 0.206295 0.438567 -0.874701
1.323315 -58.088154 -9.085973 2179.223498 0.811598 -0.582669 -0.042485 0.371876 0.459160 0.806771 0.450573 0.670573 -0.589335
1.244246 -51.259020 -32.295504 1465.484964 0.778015 -0.620845 -0.096142 0.501137 0.521003 0.690954 0.378885 0.585753 -0.716477
-0.983510 -51.721577 -57.604284 47.807345 0.811972 -0.569487 -0.128010 0.582608 0.777339 0.237300 0.035633 0.267261 -0.962965
-3.076517 -39.139718 94.655979 742.991308 0.972636 -0.214874 -0.088369 -0.184771 -0.484790 -0.854891 -0.140854 -0.847826 0.511226
0.384146 -68.178487 86.278211 2808.504633 0.974339 -0.205865 -0.091015 -0.197324 -0.586679 -0.785411 -0.108292 -0.783216 0.612246
-5.511600 -113.890824 169.076510 4515.182848 0.976849 -0.211028 -0.035105 -0.180828 -0.726832 -0.662583 -0.114308 -0.653592 0.748165
-9.321324 -72.315845 194.806303 2493.924409 0.969724 -0.235746 -0.063709 -0.186171 -0.544849 -0.817606 -0.158036 -0.804713 0.572242
-7.592740 -42.075753 140.964243 -928.669707 0.885113 -0.335534 -0.322477 -0.414402 -0.252945 -0.874237 -0.211767 -0.907434 0.362931
-3.468216 -32.183677 83.492594 -424.343332 0.931230 -0.251596 -0.263646 -0.321714 -0.227683 -0.919054 -0.171203 -0.940670 0.292967
-8.287457 -11.898942 -83.903223 119.603723 0.246224 0.961197 0.124395 -0.869799 0.275762 -0.409152 0.427579 0.007455 -0.903947
-3.738001 -11.064447 -223.325956 64.720150 0.153492 0.982112 -0.109075 -0.918853 0.101247 -0.381390 0.363524 -0.158764 -0.917957
-2.626016 -11.055982 -174.857484 243.300283 0.131553 0.985656 -0.105719 -0.982583 0.115533 -0.145543 0.131241 -0.123024 -0.983687
9.715229 -11.260741 -66.757555 -221.905530 0.719681 0.511640 0.469344 -0.691934 0.472712 0.545684 -0.057329 0.717473 -0.694223
13.354057 -7.862923 -219.618259 -126.428891 0.736467 0.628737 0.249611 -0.654631 0.569389 0.497247 -0.170512 0.529609 -0.830927
12.355310 -8.367927 248.883117 173.249074 0.635710 0.301800 0.710486 0.738171 -0.506880 -0.445169 0.225779 0.807459 -0.545008
0.571078 -5.923101 -32.001210 62.101206 -0.110123 0.984402 -0.137205 0.793602 0.170196 0.584148 -0.598389 0.044558 0.799966
-0.104994 -5.205804 -34.616399 81.343402 -0.117917 0.981342 -0.151865 0.792989 0.185108 0.580433 -0.597715 0.051985 0.800021
0.244657 -6.173968 -33.353580 -28.663393 -0.157575 0.972171 -0.173358 0.690928 0.233964 0.684017 -0.705541 0.011994 0.708567
-0.503812 -3.156885 -23.267001 134.969122 -0.188766 0.964472 -0.184829 0.806530 0.259638 0.531128 -0.560247 0.048811 0.826886
0.102051 -5.019398 -9.077634 21.245650 -0.206202 0.951541 -0.228145 0.686959 0.306811 0.658752 -0.696827 0.020891 0.716935
-1.826244 -4.383089 -16.936041 31.987755 -0.012691 0.883550 -0.468165 0.838555 0.264441 0.476337 -0.544669 0.386537 0.744261
-1.781294 -4.440241 16.462832 46.349597 -0.069142 0.881655 -0.466802 0.843218 0.301700 0.444928 -0.533107 0.362852 0.764287
-1.407976 -3.378154 -5.471142 92.470220 -0.013249 0.889883 -0.455996 0.891561 0.216982 0.397539 -0.452707 0.401282 0.796260
-1.898706 -5.051746 15.129079 -5.963252 -0.066991 0.875752 -0.478091 0.767018 0.351656 0.536676 -0.638119 0.330752 0.695275
-1.985142 -3.309399 -40.650324 79.051172 0.091484 0.900377 -0.425384 0.883807 0.123408 0.451283 -0.458821 0.417242 0.784469
-2.188384 -4.867812 -23.689417 -8.439866 -0.031328 0.869092 -0.493657 0.772953 0.334198 0.539310 -0.633689 0.364678 0.682237
16.290995 -11.034436 -39.267220 -279.104288 -0.206891 -0.972013 0.111299 0.978030 -0.208449 -0.002420 0.025553 0.108353 0.993784
10.697500 -14.843572 27.100031 -423.635294 0.221083 0.966860 -0.127684 0.962981 -0.237127 -0.128214 0.154243 0.094612 0.983493
4.919099 -19.766001 26.878490 -389.608536 0.224385 0.964266 -0.140866 0.905615 -0.259715 -0.335276 0.359880 0.052339 0.931529
2.974988 -19.115923 -25.053463 -244.439159 0.114976 0.992402 0.043807 0.886248 -0.082557 -0.455794 0.448714 -0.091229 0.889006
-2.629291 -12.638817 5.664834 4.890887 -0.165203 -0.698273 0.696508 0.985384 -0.087112 0.146388 -0.041545 0.710511 0.702458
-2.335334 -13.039854 -7.620107 8.183040 -0.198682 -0.645999 0.737029 0.969447 -0.239933 0.051036 0.143868 0.724650 0.673932
-2.396639 -13.099375 -10.509753 5.949424 -0.179945 -0.684377 0.706575 0.941189 -0.328612 -0.078593 0.285976 0.650878 0.703260
0.700815 -19.047535 13.594097 293.788728 0.285428 0.697374 -0.657419 0.798431 0.206406 0.565601 0.530131 -0.686342 -0.497891
0.416438 -19.829609 19.983289 -31.947115 0.290583 0.704232 -0.647779 0.929290 -0.046396 0.366425 0.227994 -0.708452 -0.667918
8.099756 -2.763374 184.860429 -207.605291 0.367600 0.746686 0.554374 0.228426 0.505355 -0.832129 0.901494 -0.432524 -0.015206
9.526558 -3.312168 334.319560 -166.250655 0.382813 0.653144 0.653343 0.250168 0.607500 -0.753896 0.889309 -0.452047 -0.069163
11.894286 -2.113615 -482.871224 -199.294121 -0.399533 -0.610880 -0.683520 0.310337 0.611461 -0.727878 0.862592 -0.502932 -0.054720
-1.058489 -18.244834 -7.224527 224.045728 0.135235 -0.048094 0.989646 -0.630814 0.766054 0.123429 -0.764058 -0.640974 0.073259
-0.874611 -18.395731 -7.610944 186.535388 0.141758 -0.043731 0.988935 -0.502456 0.857583 0.109947 -0.852902 -0.512482 0.099597
-0.610434 -17.294340 -29.085502 142.808545 0.131093 -0.090410 0.987239 -0.596826 0.787955 0.151410 -0.791589 -0.609059 0.049336
-1.442118 -21.859867 2.359837 471.943680 0.145108 -0.011568 0.989348 -0.653465 0.749694 0.104610 -0.742918 -0.661684 0.101227
-0.811555 -18.864160 21.527860 -288.672307 -0.121889 0.076574 -0.989585 0.724703 -0.674387 -0.141447 -0.678195 -0.734397 0.026707
-1.268847 -20.947867 -0.036223 -436.342144 -0.132922 0.029786 -0.990679 0.758210 -0.640686 -0.120994 -0.638318 -0.767225 0.062577
4.454138 -3.760755 -164.070620 8.595558 0.789937 0.273325 0.548901 0.516922 0.184678 -0.835875 0.329835 -0.944027 -0.004596
3.933342 -4.260719 -165.076343 -25.611040 0.781708 0.261918 0.565979 0.564123 0.089961 -0.820776 0.265892 -0.960888 0.077431
4.995288 -4.145838 -98.588155 -58.918795 0.696417 0.372499 0.613391 0.636974 0.072855 -0.767435 0.330558 -0.925168 0.186535
36.824890 -45.879448 -1759.157146 1253.743399 0.750013 0.607323 -0.261990 -0.248859 0.626105 0.738960 0.612821 -0.489032 0.620724
1.248614 -26.260473 -231.599414 -433.098819 0.680757 0.728965 -0.071975 0.420057 -0.468988 -0.776919 0.600102 -0.498659 0.625473
-1.921687 -21.221398 -5.264600 -221.520668 0.619149 0.778114 -0.105802 0.531826 -0.514624 -0.672550 0.577768 -0.360141 0.732450
-1.765589 -11.649697 -50.542452 -47.255898 0.207997 0.308431 0.928228 0.580301 0.725019 -0.370943 -0.787393 0.615807 -0.028181
0.442232 -4.526780 -52.497386 30.640170 -0.022543 0.900461 -0.434352 0.944183 -0.123646 -0.305337 -0.328650 -0.416991 -0.847412
0.208506 -3.991232 -67.429216 43.698115 0.002149 0.893834 -0.448392 0.971645 -0.107883 -0.210400 -0.236436 -0.435226 -0.868721
0.720447 -4.434680 1.031679 37.854235 0.000998 0.911033 -0.412333 0.951427 -0.127811 -0.280090 -0.307872 -0.392026 -0.866909
1.097949 -5.042609 -32.959154 -25.346044 -0.005903 0.906974 -0.421145 -0.914625 0.165361 0.368939 -0.404259 -0.387368 -0.828565
0.779685 -5.063664 -58.168340 -19.568740 -0.029188 0.902149 -0.430436 -0.907665 0.156447 0.389447 -0.418680 -0.402059 -0.814282
0.725831 -7.458583 -79.686061 -13.350788 -0.370544 0.910322 -0.184420 -0.145012 0.139420 0.979558 -0.917425 -0.389713 -0.080346
0.011895 -7.455428 -180.642186 5.535578 -0.415718 0.883382 -0.216368 -0.241922 0.121924 0.962605 -0.876728 -0.452516 -0.163023
2.093158 -7.245339 -132.278950 7.525612 -0.390908 0.903495 -0.175751 -0.256178 0.076602 0.963590 -0.884061 -0.421698 -0.201511
2.103597 -7.150166 -9.107629 -10.069936 -0.321779 0.938052 -0.128517 -0.240613 0.050264 0.969319 -0.915731 -0.342830 -0.209534
8.934647 -6.594519 164.952724 -82.369028 -0.125056 0.989740 -0.069101 -0.775706 -0.140960 -0.615151 0.618580 0.023326 -0.785376
7.899541 -5.792251 261.171791 -152.998885 -0.102345 0.984906 0.139590 -0.796212 0.003011 -0.605010 0.596298 0.173063 -0.783886
9.450704 -8.012105 -32.608730 -135.653100 0.058692 0.987536 -0.146042 -0.813674 -0.037432 -0.580115 0.578351 -0.152879 -0.801335
-7.398113 -10.946540 58.756338 -17.163224 -0.381476 0.887215 0.259471 -0.613330 -0.032925 -0.789140 0.691593 0.460180 -0.556716
-29.232698 -124.254469 -867.198839 -3422.716360 0.979584 -0.064140 0.190531 0.130753 -0.516638 -0.846161 -0.152708 -0.853798 0.497704
-5.819906 -166.519429 535.618536 -6392.498149 0.535973 -0.477236 -0.696404 0.844069 0.286566 0.453240 -0.016736 -0.830738 0.556412
-0.154884 -20.395595 -68.600472 -84.610695 0.409777 0.582194 -0.702235 0.907680 -0.183821 0.377263 0.090555 -0.791998 -0.603771
-0.908208 -21.035307 -86.609003 62.935764 0.417231 0.585373 -0.695166 0.868278 -0.030897 0.495114 0.268348 -0.810175 -0.521158
0.181983 -20.358466 -65.613831 85.381757 0.410711 0.582761 -0.701218 0.854175 0.023071 0.519474 0.318907 -0.812316 -0.488304
9.097257 -8.203196 174.712256 -6.453628 0.024566 -0.998101 0.056487 0.999688 0.024267 -0.005969 0.004587 0.056616 0.998385
3.893612 -2.363984 -94.870938 -79.315683 -0.765845 -0.108154 -0.633864 -0.292385 0.936526 0.193468 0.572706 0.333499 -0.748857
5.168500 -2.870926 -78.785005 -53.645883 -0.752965 -0.325133 -0.572130 -0.458843 0.882609 0.102297 0.471707 0.339544 -0.813758
3.546556 -1.791096 -38.787205 -50.121590 -0.754077 -0.269262 -0.599054 -0.404373 0.909065 0.100413 0.517542 0.317960 -0.794388
2.396453 -1.605431 -58.986547 -64.052135 -0.772293 -0.070492 -0.631344 -0.255466 0.944386 0.207055 0.581637 0.321194 -0.747351
2.030548 -1.988029 -76.292020 -65.965473 -0.774827 0.149659 -0.614203 -0.085086 0.938045 0.335905 0.626422 0.312528 -0.714088
2.976905 -2.090594 -55.774316 -58.626724 -0.783089 0.203933 -0.587522 -0.060885 0.915030 0.398766 0.618922 0.348041 -0.704133
-1.110939 -8.016526 -22.329269 25.889059 0.798125 0.380712 -0.466964 0.579869 -0.695788 0.423829 0.163551 0.609046 0.776089
5.549421 -37.969923 -141.156462 -1809.599364 0.838160 -0.372354 -0.398548 -0.010024 -0.741104 0.671315 0.545333 0.558674 0.624896
-15.361499 -21.618222 -1569.938862 -657.646480 0.212336 0.804553 -0.554624 0.785396 -0.478212 -0.393023 0.581435 0.352146 0.733434
43.143822 -250.599343 316.888142 24021.251993 0.864697 0.219144 -0.451967 -0.325397 0.929860 -0.171688 0.382642 0.295527 0.875356
-9.041675 -91.832769 -584.057615 -3876.786208 0.879283 0.147803 -0.452787 0.303387 -0.906635 0.293205 0.367176 0.395180 0.842030
-1.648903 -10.563891 -26.312534 81.689921 0.402528 0.852991 -0.332230 0.173024 0.285494 0.942632 -0.898907 0.436920 0.032669
-1.771567 -11.474450 -28.853441 77.225435 0.398135 0.846752 -0.352844 0.036487 0.369722 0.928426 -0.916601 0.382513 -0.116304
-0.998272 -11.000034 -35.485855 48.073245 0.353860 0.866697 -0.351597 0.160170 0.314212 0.935744 -0.921482 0.387437 0.027632
-2.288057 -10.856449 -18.213449 80.984690 0.456220 0.824733 -0.334184 0.138736 0.305030 0.942183 -0.878986 0.476206 -0.024741
-0.919424 -10.695696 -32.682300 -15.097826 0.365544 0.868260 -0.335413 0.280098 0.241038 0.929218 -0.887650 0.433618 0.155088
-1.750225 -10.599060 -24.558584 28.248303 0.415768 0.846004 -0.333787 0.277389 0.231565 0.932434 -0.866137 0.480265 0.138395
-0.738433 -3.877796 43.307642 -68.190264 0.040318 0.878660 -0.475742 0.116762 -0.477010 -0.871107 0.992341 0.020427 0.121826
-0.972374 -3.425033 54.133675 -82.447769 0.060489 0.745485 -0.663772 0.131733 -0.665135 -0.735012 0.989438 0.042980 0.138439
-0.529122 -4.079739 2.543631 -31.750258 0.075670 0.779278 -0.622093 0.055971 -0.626217 -0.777637 0.995561 -0.024024 0.091003
-1.062921 -4.586831 -49.739403 -36.237466 0.088191 0.861564 -0.499930 0.022678 -0.503493 -0.863702 0.995845 -0.064833 0.063943
2.813668 -5.947595 36.181561 9.862677 -0.058694 0.905884 -0.419440 0.609943 -0.300073 -0.733434 0.790269 0.298883 0.534925
2.291939 -5.707498 43.059778 12.980102 -0.047534 0.886021 -0.461203 0.511106 -0.375127 -0.773337 0.858202 0.272483 0.435019
2.714212 -5.500657 -29.444081 10.779939 -0.027350 0.917724 -0.396276 0.510993 -0.327880 -0.794595 0.859150 0.224226 0.459983
4.193459 -6.144291 -9.611319 11.258329 -0.048814 0.922550 -0.382777 0.692520 -0.244898 -0.678557 0.719745 0.298204 0.626930
3.591881 -6.324854 88.547284 10.402759 -0.082410 0.895319 -0.437737 0.697774 -0.261770 -0.666774 0.711561 0.360390 0.603158
2.616375 -5.669267 -38.588268 13.965962 -0.026858 0.957720 -0.286444 0.572705 -0.220117 -0.789656 0.819321 0.185257 0.542579
3.597525 -6.012617 -44.408835 8.249336 -0.026814 0.951626 -0.306087 0.673757 -0.208993 -0.708783 0.738466 0.225234 0.635561
0.804585 -16.281819 59.736073 -70.809157 0.872695 -0.312909 0.374821 -0.215217 0.442548 0.870536 0.438275 0.840381 -0.318866
-0.133887 -15.961841 48.447879 -31.103880 0.872256 -0.287618 0.395531 -0.244146 0.444685 0.861770 0.423748 0.848252 -0.317658
0.458279 -23.244127 -44.416931 277.560157 0.995711 0.091565 -0.013253 0.012877 0.004698 0.999906 -0.091619 0.995788 -0.003499
-1.927345 -22.558344 -4.280075 391.058229 0.986857 0.072265 -0.144540 0.158322 -0.253174 0.954378 -0.032374 0.964718 0.261288
0.850916 -29.217306 -49.533260 234.955283 0.974447 0.125213 -0.186478 0.160504 0.192622 0.968057 -0.157133 0.973251 -0.167603
9.217621 -1.484096 -464.527976 -28.386763 -0.161830 0.951466 -0.261769 -0.363304 -0.304078 -0.880651 0.917508 0.047414 -0.394881
8.632112 -0.627718 81.878381 15.035192 -0.379606 0.895840 -0.231022 -0.343108 -0.368229 -0.864109 0.859172 0.248755 -0.447151
846.679209 -5509.600190 205301.132242 499822.535255 0.025443 0.982042 0.186941 -0.722322 0.147336 -0.675679 0.691088 0.117840 -0.713099
343.736832 -1042.030613 -106054.559473 -40204.831336 -0.470879 0.872284 -0.131882 0.626761 0.225574 -0.745846 0.620841 0.433862 0.652932
-49.680386 -891.385981 -799.936546 -12289.488633 0.340015 0.912094 -0.229073 -0.643931 0.048279 -0.763559 0.685378 -0.407129 -0.603741
-2.537933 -4.884503 -10.412287 0.536564 -0.255740 0.953080 -0.161975 0.764890 0.301945 0.569010 -0.591219 -0.021625 0.806221
-2.110351 -4.096130 -25.795077 -10.624875 -0.220393 0.972034 -0.081094 0.792114 0.226872 0.566643 -0.569194 -0.060649 0.819963
-2.655067 -5.414119 3.165466 -56.667912 -0.450417 0.841950 -0.297059 0.712349 0.539473 0.448919 -0.538222 0.009409 0.842750
-2.374408 -6.094953 -0.823669 -36.302656 -0.392785 0.864979 -0.312300 0.741977 0.498705 0.448067 -0.543314 0.055726 0.837678
-2.389700 -5.751697 -1.152016 -9.807086 -0.249213 0.942928 -0.220861 0.747830 0.332274 0.574756 -0.615340 0.021930 0.787957
-3.584298 -76.070646 3.829243 2075.470445 0.916794 -0.396252 0.049724 0.339391 0.838685 0.425937 0.210481 0.373620 -0.903386
-76.325036 -551.673651 1511.948756 -16898.250656 0.947927 -0.317459 -0.025596 0.305868 0.929818 -0.204653 -0.088768 -0.186167 -0.978500
-7.509302 -273.983827 -270.124615 12559.174729 0.946801 -0.289766 -0.140012 0.236156 0.921137 -0.309415 -0.218628 -0.259889 -0.940563
-0.271334 -68.663924 113.561950 2514.868654 0.950882 -0.271667 -0.148392 -0.309540 -0.830146 -0.463726 -0.002792 -0.486882 0.873463
-10.174345 -11.479376 75.713739 58.832089 -0.007377 0.982537 0.185922 -0.849152 0.092035 -0.520068 0.528097 0.161713 -0.833644
-7.563534 -10.840851 67.868553 44.267918 -0.497594 0.861133 0.104167 -0.780716 -0.392287 -0.486409 0.377999 0.323359 -0.867500
-8.980661 -11.565623 125.692533 81.087922 -0.263166 0.947289 0.182721 -0.848669 -0.137239 -0.510809 0.458807 0.289497 -0.840052
9.586303 -12.103095 -95.727221 -286.094599 0.780555 0.595775 0.189172 -0.573350 0.561821 0.596345 -0.249006 0.573942 -0.780120
9.202733 -11.409561 125.173816 192.269447 0.622225 0.348001 0.701235 0.780276 -0.348109 -0.519605 0.063283 0.870468 -0.488139
5.671888 -13.928159 -51.699708 285.841947 0.678171 0.489535 0.548124 0.724691 -0.321549 -0.609450 -0.122099 0.810531 -0.572827
5.037434 -15.006441 -31.279083 -306.169860 0.781029 0.541462 0.311146 -0.570335 0.415501 0.708574 -0.254385 0.730874 -0.633333
1.124142 -2.938208 -21.876752 190.251220 -0.072146 0.989549 -0.124851 0.870332 0.123600 0.476703 -0.487152 0.074270 0.870153
-1.351502 -3.392958 7.726858 97.233645 -0.070824 0.882029 -0.465842 0.888608 0.267958 0.372254 -0.453165 0.387586 0.802757
-1.638924 -3.375743 15.151547 89.934041 -0.219447 0.831573 -0.510225 0.861812 0.410356 0.298140 -0.457299 0.374292 0.806711
-2.102337 -4.455270 28.369206 44.162542 -0.164512 0.857791 -0.486960 0.828159 0.388293 0.404205 -0.535807 0.336784 0.774266
-2.336895 -5.180455 33.772658 3.744600 -0.123984 0.872009 -0.473528 0.760049 0.390249 0.519646 -0.637930 0.295476 0.711154
24.326993 -7.852402 -585.658056 -180.813804 0.115412 0.980906 0.156536 0.975333 -0.141759 0.169205 -0.188165 -0.133146 0.973070
22.884888 -7.850301 917.404585 -94.146154 0.011677 -0.905301 -0.424611 0.969662 -0.093441 0.225887 -0.244172 -0.414367 0.876744
13.623504 -8.173164 540.743596 -185.575174 0.120990 -0.807481 -0.577353 0.974979 -0.012600 0.221938 -0.186486 -0.589759 0.785753
-2.705784 -12.132735 23.760081 13.064922 -0.124409 -0.752543 0.646685 0.959225 0.075484 0.272376 -0.253789 0.654203 0.712467
-2.216218 -11.680095 22.242417 4.167535 -0.090571 -0.793450 0.601858 0.950520 0.111459 0.289980 -0.297167 0.598342 0.744096
13.641350 -3.422739 -380.364879 -128.432715 -0.487945 -0.489813 -0.722491 0.300845 0.682627 -0.665968 0.819391 -0.542314 -0.185726
15.004062 -1.980873 -313.441251 -129.754768 -0.502728 -0.504939 -0.701641 0.322880 0.643240 -0.694255 0.801881 -0.575567 -0.160340
12.178033 -5.426063 -455.250478 -76.889662 -0.468966 -0.431428 -0.770676 0.243276 0.775727 -0.582292 0.849051 -0.460562 -0.258834
14.735487 -4.239815 -83.113923 -54.250988 -0.663647 -0.316430 -0.677824 0.263434 0.749217 -0.607682 0.700126 -0.581848 -0.413857
15.751982 -2.863313 -127.146278 -90.956509 0.700850 0.338300 0.627982 0.308445 0.650085 -0.694443 0.643172 -0.680399 -0.351265
-0.567157 -16.422646 -18.445185 -40.826986 0.130528 -0.073115 0.988745 -0.469513 0.873803 0.126597 -0.873224 -0.480753 0.079727
-0.720793 -16.243925 -7.088613 3.734650 0.155573 -0.033583 0.987253 -0.345682 0.934379 0.086257 -0.925365 -0.354695 0.133755
-1.258523 -18.870833 -8.335627 178.066343 0.149434 -0.014312 0.988668 -0.506188 0.857826 0.088926 -0.849378 -0.513740 0.120944
5.605218 -3.933146 -191.804259 23.937341 0.800722 0.264282 0.537587 0.478143 0.258648 -0.839334 0.360866 -0.929116 -0.080740
13.333276 -98.442963 -892.116432 -4534.883509 0.681907 0.720462 -0.126245 0.544523 -0.615269 -0.570034 0.488363 -0.319967 0.811864
46.603682 -29.154399 2386.118104 1239.973586 -0.606122 0.266475 -0.749405 0.001283 0.942533 0.334111 0.795371 0.201550 -0.571632
-1.704825 -11.494616 18.922980 -72.919940 0.298162 0.297265 0.907046 0.562990 0.712608 -0.418607 -0.770805 0.635471 0.045116
12.423306 -125.917385 -299.415675 -3807.118566 -0.655166 -0.750125 -0.089827 0.752476 -0.637328 -0.166109 0.067353 -0.176422 0.982008
7.092948 -69.316492 -99.606755 2234.555930 0.764031 0.595878 0.247358 -0.532532 0.798887 -0.279624 -0.364233 0.081915 0.927698
7.708220 -67.490368 61.588954 1548.918837 0.769391 0.631185 0.098194 -0.589191 0.760613 -0.272622 -0.246762 0.151898 0.957097
0.976154 -3.842422 -75.694240 48.577969 0.003178 0.897837 -0.440317 0.976878 -0.096916 -0.190568 -0.213773 -0.429530 -0.877385
0.467578 -3.457283 -104.247275 30.128131 0.009727 0.888665 -0.458454 0.983929 -0.090255 -0.154074 -0.178297 -0.449588 -0.875261
2.417776 -6.140974 -131.329049 -37.368041 -0.382237 0.909509 -0.163368 -0.678671 -0.156324 0.717613 -0.627137 -0.385171 -0.677011
3.593808 -5.662384 -127.394532 -30.481815 -0.346947 0.923131 -0.165700 -0.753111 -0.168916 0.635840 -0.558974 -0.345393 -0.753825
4.685565 -6.237900 2.098789 -13.013526 -0.323283 0.944869 -0.052064 -0.673063 -0.190914 0.714520 -0.665188 -0.266034 -0.697675
3.688314 -1.854452 -178.754928 -16.992675 -0.647571 -0.196628 -0.736199 -0.189133 0.977376 -0.094679 0.738160 0.077928 -0.670110
1.466978 -2.269373 -248.790101 -17.469334 -0.549038 -0.360138 -0.754227 -0.309716 0.925826 -0.216618 0.776295 0.114665 -0.619854
3.745586 -1.638423 -172.456498 7.512859 -0.646467 -0.261914 -0.716577 -0.245312 0.960711 -0.129836 0.722429 0.091850 -0.685318
4.609411 -1.558486 16.298439 -2.197461 -0.791511 -0.159241 -0.590044 -0.151478 0.986449 -0.063024 0.592085 0.039495 -0.804907
4.740498 -1.347959 31.747861 -23.918451 -0.789971 -0.159376 -0.592069 -0.148167 0.986629 -0.067892 0.594973 0.034092 -0.803022
-7.827868 -55.899538 -47.144811 1889.169495 0.294640 -0.804175 -0.516226 0.831155 -0.050916 0.553705 -0.471560 -0.592208 0.653392
-4.590972 -104.284442 241.413117 4127.208335 -0.075910 0.845076 0.529229 0.629345 -0.371077 0.682808 -0.773410 -0.384900 0.503676
-0.556930 -266.128889 -68.216062 14361.147510 -0.312758 0.887902 0.337362 0.321175 -0.235399 0.917297 -0.893884 -0.395244 0.211549
79.337186 -1119.310147 1571.610787 60909.780604 -0.326201 0.709404 0.624771 0.528253 -0.411297 0.742821 -0.783927 -0.572346 0.240580
-1.156164 -21.377988 -65.688584 -279.331887 0.405371 0.593112 -0.695624 0.911178 -0.323486 0.255168 -0.073681 -0.737275 -0.671563
-2.378762 -21.799167 -106.772959 -124.576253 0.406451 0.593429 -0.694723 0.907855 -0.176638 0.380262 0.102944 -0.785265 -0.610542
16.010578 -15.174477 261.255740 16.641142 0.024543 -0.749285 0.661793 0.855489 -0.326770 -0.401696 0.517238 0.576016 0.632985
14.053488 -13.396505 -353.253967 -27.468527 0.129039 0.867041 -0.481236 0.859313 -0.339969 -0.382103 0.494904 0.364226 0.788929
14.864838 -13.172216 272.353307 -106.213203 -0.056835 -0.869320 0.490972 0.950543 -0.197519 -0.239694 0.305347 0.453067 0.837552
13.518185 -13.849005 -312.692039 43.126256 0.137750 0.806431 -0.575060 0.692007 -0.493743 -0.526634 0.708626 0.325402 0.626069
14.228548 -14.619886 -61.814107 -6.613197 0.098342 -0.676374 0.729963 0.959907 -0.129015 -0.248863 0.262501 0.725171 0.636569
13.915450 -16.223068 -232.736793 117.438309 0.220379 -0.473612 0.852716 0.892788 -0.254186 -0.371914 0.392891 0.843256 0.366818
16.077949 -15.140963 -105.537784 165.069534 0.243649 -0.486964 0.838750 0.744097 -0.460820 -0.483698 0.622056 0.741964 0.250070
16.510539 -13.539445 -305.914521 37.693067 -0.030571 0.660223 -0.750448 0.674579 -0.540397 -0.502906 0.737569 0.521611 0.428852
4.504726 -2.898183 -45.657481 1.735831 -0.676095 -0.532776 -0.508966 -0.600828 0.798488 -0.037721 0.426500 0.280298 -0.859960
5.840698 -3.735568 -79.547588 -20.389995 -0.734085 -0.461151 -0.498457 -0.560260 0.826079 0.060851 0.383704 0.323935 -0.864776
8.343286 -7.273586 -167.032937 19.785538 0.970386 0.119223 0.210089 0.171047 0.274993 -0.946109 0.170571 -0.954026 -0.246457
9.748549 -6.155140 -210.857983 -220.244587 0.952156 0.178961 0.247733 0.187008 0.299951 -0.935445 0.241716 -0.937018 -0.252133
5.455972 -10.109891 -111.661406 -291.065025 0.959105 0.047449 0.279044 0.248300 0.332230 -0.909929 0.135882 -0.942004 -0.306862
