11180
22341
-3.466785 -4.531359 6.719896 -38.609198 -0.732085 0.074083 -0.677173 0.070565 0.996968 0.032782 0.677548 -0.023785 -0.735094
-4.076310 -5.369772 10.314751 -40.757580 -0.759489 0.030259 -0.649816 -0.052485 0.992811 0.107573 0.648399 0.115806 -0.752441
-3.866959 -6.091740 -29.685696 -91.686329 -0.551141 0.657292 -0.514014 0.440097 0.752353 0.490183 0.708914 0.043944 -0.703925
-3.036103 -4.702391 -1.898750 -28.222066 -0.734526 -0.338968 -0.587855 -0.274072 0.940690 -0.199966 0.620771 0.014234 -0.783863
-2.778731 -4.734737 -42.622990 -68.921109 -0.531434 0.559614 -0.635932 0.459346 0.821136 0.338727 0.711743 -0.112102 -0.693437
-2.831803 -3.835908 8.675070 -25.086750 -0.729362 -0.283712 -0.622526 -0.140890 0.952741 -0.269136 0.669464 -0.108590 -0.734865
-4.514777 -6.812160 -18.472708 8.149230 0.795781 -0.171150 0.580896 -0.267558 0.761165 0.590797 0.543272 0.625568 -0.559928
-4.958335 -6.665950 -14.567077 15.336790 0.682802 -0.140572 0.716952 -0.452822 0.688679 0.566281 0.573353 0.711309 -0.406578
-5.257351 -6.801302 63.092497 7.237265 -0.762127 0.264793 -0.590801 -0.184131 0.786204 0.589898 0.620691 0.558362 -0.550431
-4.690275 -6.565128 -10.114927 22.554287 0.804418 -0.130252 0.579609 -0.390342 0.619597 0.680979 0.447823 0.774038 -0.447572
-0.209019 -1.784678 2.890646 8.544895 -0.782281 0.598851 -0.171505 0.473187 0.750330 0.461627 0.405131 0.279968 -0.870337
-0.514565 -1.641416 10.340918 -2.087671 -0.794529 0.580445 -0.178346 0.483908 0.782672 0.391481 0.366820 0.224740 -0.902738
-0.295834 -1.835745 3.523886 2.762509 -0.720263 0.682270 -0.125412 0.584456 0.694220 0.420083 0.373674 0.229273 -0.898778
1.344404 -0.183470 68.118017 6.203350 -0.030296 0.948625 0.314949 0.743713 -0.189126 0.641189 -0.667813 -0.253657 0.699774
0.036715 -0.635370 2.637529 68.997392 0.712408 -0.476893 0.514828 0.190925 0.837658 0.511738 -0.675294 -0.266273 0.687806
1.740239 0.156102 71.440463 4.599759 0.031971 0.931919 0.361254 0.753556 -0.259919 0.603817 -0.656605 -0.252920 0.710564
1.916406 0.006202 -8.873620 5.244730 -0.105876 0.844025 0.525749 0.753869 -0.276649 0.595942 -0.648438 -0.459442 0.606994
2.165428 -0.256270 38.324302 4.601117 -0.032299 0.893530 0.447841 0.751234 -0.273841 0.600548 -0.659245 -0.355830 0.662406
-0.203381 -3.850847 -9.036304 14.572929 0.686200 -0.474047 0.551732 -0.232046 0.576204 0.783673 -0.689408 -0.665784 0.285391
0.152484 -4.143009 -14.107122 -11.027605 0.691417 -0.483857 0.536493 0.288741 -0.495636 -0.819130 -0.662247 -0.721268 0.202982
-0.405617 -4.099243 -10.414067 -10.650193 0.684594 -0.466632 0.559987 0.332622 -0.483607 -0.809622 -0.648609 -0.740526 0.175862
-0.227130 -3.683046 1.233994 11.833693 0.674776 -0.421998 0.605470 -0.274732 0.617806 0.736776 -0.684981 -0.663501 0.300944
-0.390341 -4.463375 8.649087 -23.074462 -0.686159 0.186944 -0.703020 0.702334 0.422002 -0.573273 0.189506 -0.887111 -0.420858
-0.174936 -4.044071 2.324014 -8.729990 -0.694430 0.161145 -0.701284 0.710617 0.306763 -0.633182 0.113094 -0.938045 -0.327537
-0.306466 -4.374621 5.389449 -14.914768 0.707356 -0.131560 0.694507 0.669876 0.438404 -0.599223 0.225641 -0.889098 -0.398236
-0.367607 -4.351854 -0.319697 -15.384465 0.741622 -0.155844 0.652464 0.622962 0.520784 -0.583697 0.248827 -0.839343 -0.483310
-0.429277 -4.511953 4.300608 -6.442262 0.716849 -0.141397 0.682740 0.624283 0.566219 -0.538207 0.310480 -0.812036 -0.494166
-0.253227 -4.123893 5.578284 -10.529468 0.736809 -0.128263 0.663823 0.652251 0.393330 -0.647966 0.177992 -0.910406 -0.373469
0.482242 -9.100969 -15.516882 24.246126 0.459742 -0.468490 0.754423 0.092159 0.870108 0.484168 -0.883258 -0.153066 0.443201
0.282785 -8.626615 -5.605183 31.119614 0.477213 -0.451741 0.753789 0.219308 0.891840 0.395634 -0.850983 -0.023490 0.524668
0.831124 -8.716347 -24.698714 41.255316 0.433584 -0.474044 0.766347 0.288267 0.878722 0.380461 -0.853761 0.055951 0.517650
0.984126 -9.193881 -23.972738 34.675112 0.451255 -0.494296 0.742994 0.093071 0.854112 0.511694 -0.887528 -0.161753 0.431427
0.397814 -7.785626 -25.221045 68.158389 0.553455 -0.253095 0.793492 0.790597 -0.140048 -0.596106 0.261998 0.957251 0.122586
0.772042 -6.713033 -21.512245 66.883880 0.537439 -0.265506 0.800416 0.752857 -0.276582 -0.597250 0.379955 0.923585 0.051242
0.898329 -8.763908 -21.631211 69.311360 0.534759 -0.274650 0.799125 0.823016 -0.045050 -0.566229 0.191516 0.960488 0.201951
0.217728 -6.550004 -17.663464 68.811053 0.564223 -0.266778 0.781333 0.722257 -0.298999 -0.623653 0.399995 0.916203 0.023980
-0.235015 -8.631258 -18.406409 74.316162 0.587991 -0.261322 0.765492 0.777484 -0.078465 -0.623989 0.223126 0.962057 0.157037
-0.174766 -3.496347 4.528085 -7.608998 0.744581 -0.157204 0.648757 0.423150 -0.640506 -0.640856 -0.516278 -0.751691 0.410388
0.072389 -3.198852 6.744426 -16.524575 0.737849 -0.112346 0.665551 0.416642 -0.699960 -0.580056 -0.531026 -0.705290 0.469656
0.043221 -3.123705 3.174530 -14.245035 0.726837 -0.107210 0.678390 0.399716 -0.737197 -0.544764 -0.558511 -0.667118 0.492969
-0.586674 -4.236991 -0.258070 -27.975031 0.647069 -0.438686 0.623584 0.696791 0.008252 -0.717227 0.309491 0.898603 0.311012
-0.716649 -4.831557 2.085793 -67.048623 0.649075 -0.468862 0.599058 0.663364 -0.036606 -0.747401 0.372357 0.882513 0.287266
-0.606359 -5.211851 -7.169154 67.004010 0.679502 -0.415722 0.604527 -0.631827 0.087244 0.770184 0.372924 0.905297 0.203382
-0.493063 -4.752739 -9.811735 20.814728 0.681521 -0.397035 0.614729 -0.656492 0.039449 0.753300 0.323337 0.916955 0.233765
-0.596152 -8.674486 -12.095898 -26.678356 0.467404 -0.442449 0.765358 -0.113925 0.828382 0.548457 -0.876672 -0.343544 0.336783
-0.111595 -9.073956 -5.819359 -15.580782 0.483458 -0.438485 0.757628 -0.025538 0.858063 0.512909 -0.874995 -0.267318 0.403639
-0.387845 -8.840065 -11.430652 -12.983110 0.467437 -0.474839 0.745675 -0.217748 0.755667 0.617700 -0.856789 -0.451105 0.249832
0.512740 -13.060778 2.673332 -43.963728 0.732209 -0.385489 0.561487 0.524477 0.845079 -0.103758 -0.434504 0.370459 0.820955
0.520977 -12.670843 6.726550 -22.733582 0.755589 -0.351249 0.552910 0.379122 0.922833 0.068155 -0.534183 0.158123 0.830449
0.441658 -14.902286 -3.739980 -11.976440 0.715628 -0.369657 0.592647 0.532983 0.837391 -0.121270 -0.451448 0.402655 0.796281
-0.563052 -3.417873 -6.734771 0.346569 -0.639125 0.709898 0.295911 0.274137 -0.149205 0.950046 -0.718587 -0.688318 0.099248
-0.747350 -3.244790 -7.049820 6.325015 -0.633361 0.721359 0.280168 0.219227 -0.179956 0.958934 -0.742155 -0.668772 0.044164
-0.557457 -3.575800 -12.856445 -17.344221 -0.684028 0.705453 0.185584 0.111751 -0.150067 0.982340 -0.720845 -0.692687 -0.023815
-0.566005 -4.102314 -0.644260 -21.905627 -0.661958 0.702783 0.260592 0.231985 -0.138501 0.962809 -0.712738 -0.697792 0.071354
-0.203543 -3.601289 1.853017 4.002204 0.564534 -0.692219 -0.449593 -0.458335 0.190106 -0.868210 -0.686462 -0.696198 0.209947
-0.238120 -3.375963 -70.375536 -49.392722 0.483950 -0.687546 0.541362 0.871824 0.325365 -0.366143 0.075600 0.649167 0.756880
0.773190 -3.938662 44.763668 -102.893107 0.293222 -0.847929 0.441630 0.950238 0.207650 -0.232227 0.105207 0.487748 0.866622
-0.313971 -4.005419 -23.972430 91.570934 0.503672 -0.694825 0.513355 0.849190 0.289030 -0.441971 0.158718 0.658544 0.735614
-0.568354 -7.409582 -62.388175 255.419477 0.694868 -0.548964 0.464540 0.705379 0.394536 -0.588882 0.139997 0.736872 0.661378
-0.318580 -35.606661 -27.877573 1014.040819 0.694008 -0.578157 0.429054 0.697519 0.392284 -0.599650 0.178381 0.715436 0.675524
-1.132178 -23.584903 45.987186 -653.243436 0.701057 -0.600247 0.384997 -0.682431 -0.408081 0.606431 0.206898 0.687876 0.695715
0.168381 -5.263438 -5.267717 -5.791590 0.790465 -0.249781 0.559263 -0.108744 0.841336 0.529461 -0.602777 -0.479337 0.637884
0.279941 -4.919350 -3.020045 -8.617813 0.795355 -0.241097 0.556131 -0.111078 0.843981 0.524746 -0.595879 -0.479133 0.644484
0.328159 -4.748081 -0.378009 13.374033 0.796037 -0.209403 0.567870 0.219661 -0.774316 -0.593451 -0.563981 -0.597148 0.570386
0.243869 -5.086862 -6.890239 3.405830 0.777065 -0.219315 0.589976 0.252285 -0.750217 -0.611169 -0.576648 -0.623760 0.527637
-4.224011 -10.971097 32.717637 149.223429 -0.761202 -0.605898 0.231211 -0.520203 0.783361 0.340196 -0.387246 0.138682 -0.911487
-4.722256 -16.904028 96.738992 351.291871 -0.832918 -0.431152 0.346924 -0.361698 0.898600 0.248379 -0.418835 0.081398 -0.904407
0.527120 -5.556856 7.531532 -46.668580 -0.949541 -0.044105 0.310525 -0.022644 0.997120 0.072382 -0.312823 0.061698 -0.947805
3.041542 -5.793803 23.539612 35.563281 0.654640 -0.420720 0.628045 0.339462 0.905944 0.253044 -0.675435 0.047544 0.735886
2.100144 -5.183974 35.699849 34.846055 0.730224 -0.398243 0.555136 0.306303 0.917137 0.255025 -0.610698 -0.016185 0.791698
2.816777 -6.614337 21.978478 54.965238 0.697543 -0.345679 0.627646 0.161838 0.929307 0.331960 -0.698028 -0.129980 0.704175
3.844918 -7.087842 17.599212 66.603212 0.586702 -0.398084 0.705202 0.274729 0.917032 0.289096 -0.761777 0.024126 0.647390
2.957998 -7.443952 17.533009 25.715908 0.696973 -0.307522 0.647811 -0.058224 0.876129 0.478548 -0.714730 -0.371253 0.592733
3.684748 -7.711825 5.325698 46.730607 0.596253 -0.377199 0.708663 0.055347 0.899957 0.432451 -0.800886 -0.218628 0.557479
-0.651916 -2.114057 1.041050 -18.329955 0.912280 -0.355309 0.203715 0.066285 0.618920 0.782652 0.404167 0.700495 -0.588180
-0.535131 -1.475794 -3.492062 -5.277992 0.873164 -0.064315 0.483165 -0.274290 0.754580 0.596133 0.402927 0.653049 -0.641231
-0.662515 -1.507537 3.237890 -10.810832 0.918953 -0.229587 0.320647 -0.081704 0.684591 0.724334 0.385810 0.691827 -0.610349
-0.423606 -1.197310 -5.938703 -4.313691 0.802895 0.101364 0.587440 -0.453993 0.742608 0.492365 0.386330 0.662011 -0.642255
-0.657109 -2.234314 3.517083 -22.515441 0.911135 -0.393663 0.121910 0.133665 0.562124 0.816181 0.389829 0.727356 -0.564789
-0.696272 -1.771355 2.176916 -20.803298 0.911761 -0.406537 0.058477 0.191650 0.547037 0.814875 0.363266 0.731764 -0.576680
-0.641657 -1.145967 -8.002623 3.154365 0.780517 0.140556 0.609129 -0.513489 0.699892 0.496468 0.356543 0.700282 -0.618451
-0.103049 -2.403388 1.268878 -21.987038 0.723031 -0.267668 0.636851 -0.161980 0.830494 0.532956 -0.671557 -0.488501 0.557116
-0.018325 -2.780290 4.127550 -13.865548 0.738159 -0.288139 0.609997 -0.095547 0.850434 0.517333 -0.667826 -0.440158 0.600225
-0.132152 -3.131356 2.440457 8.248613 0.731114 -0.324060 0.600381 -0.017787 0.870642 0.491595 -0.682023 -0.370091 0.630775
-0.203330 -3.618954 7.310322 -17.376410 0.684545 -0.280664 0.672775 0.118380 0.953460 0.277307 -0.719295 -0.110186 0.685911
-0.374730 -3.942990 -12.122140 -20.304553 0.676396 -0.158723 0.719232 0.049563 0.984099 0.170563 -0.734869 -0.079721 0.673508
-0.023801 -3.317809 0.516637 -18.165885 0.675055 -0.263603 0.689068 0.042045 0.946218 0.320785 -0.736568 -0.187576 0.649833
0.501508 -3.245258 26.397586 -15.124420 0.679580 -0.362065 0.638028 0.132959 0.916106 0.378248 -0.721452 -0.172218 0.670707
0.628933 -2.766274 16.234664 -16.664436 0.675633 -0.359077 0.643882 0.060497 0.897428 0.436993 -0.734752 -0.256293 0.628055
0.323328 -2.934802 -3.007167 -16.788080 0.670621 -0.283547 0.685470 -0.017662 0.917697 0.396888 -0.741590 -0.278268 0.610419
-0.431713 -5.324765 -0.008365 -13.494893 0.625325 -0.515586 0.585781 0.728852 0.117672 -0.674483 0.278824 0.848720 0.449369
-0.460999 -4.949786 6.431455 -10.133263 0.644516 -0.526656 0.554286 0.736387 0.232489 -0.635360 0.205751 0.817669 0.537666
-0.340253 -4.769281 0.740615 -17.360289 0.651320 -0.511615 0.560386 0.750700 0.326817 -0.574143 0.110597 0.794633 0.596932
-0.393604 -4.465517 2.257300 -12.479460 0.670396 -0.504857 0.543773 0.740364 0.406431 -0.535421 0.049304 0.761534 0.646247
0.236355 -10.612307 -11.482396 91.306833 -0.534009 0.349309 -0.769947 0.483833 0.873065 0.060521 0.693354 -0.340207 -0.635232
0.306347 -12.981803 -9.436362 164.424308 -0.556359 0.318716 -0.767388 0.642900 0.750200 -0.154527 0.526445 -0.579327 -0.622283
0.056670 -10.988783 -2.761226 110.773970 -0.550059 0.337653 -0.763823 0.580989 0.811729 -0.059562 0.599906 -0.476535 -0.642672
0.016892 -9.848417 -3.314909 64.736519 -0.530883 0.366721 -0.763989 0.449185 0.886230 0.113266 0.718607 -0.283041 -0.635210
-0.379246 -3.713574 1.390692 0.540057 0.892441 -0.014181 0.450941 0.175254 0.931912 -0.317533 -0.415734 0.362408 0.834162
-0.052480 -3.647513 0.608179 20.944309 0.898441 0.015904 0.438806 0.127740 0.946653 -0.295855 -0.420103 0.321862 0.848480
-0.188320 -4.007507 -3.594136 -7.301585 0.861992 -0.119801 0.492562 0.269261 0.931473 -0.244658 -0.429498 0.343521 0.835180
-0.245417 -3.775393 12.595101 14.647340 0.915395 0.105421 0.388507 0.033402 0.941882 -0.334279 -0.401168 0.318974 0.858673
-0.544785 -3.420364 4.339611 0.905069 0.893766 -0.009648 0.448430 -0.193204 -0.910545 0.365485 -0.404790 0.413297 0.815678
-0.135069 -9.439668 -7.201179 75.012125 -0.524352 0.369423 -0.767191 0.439135 0.889247 0.128061 0.729531 -0.269752 -0.628505
-0.182664 -8.645791 -7.149955 -52.252912 -0.491256 0.452865 -0.744030 0.376490 0.880693 0.287464 0.785444 -0.138902 -0.603145
0.136176 -10.655293 -7.356279 -133.228747 -0.475513 0.513544 -0.714254 0.292044 0.858029 0.422489 0.829818 -0.007694 -0.557981
0.103874 -9.010829 -6.898688 -10.497278 -0.505474 0.425462 -0.750652 0.396292 0.887265 0.236037 0.766452 -0.178166 -0.617097
-0.676995 -8.419485 -2.979631 -32.465167 0.545617 -0.557968 0.625279 0.809806 0.159016 -0.564737 0.215676 0.814485 0.538608
-0.487659 -8.894349 5.645140 -37.945607 0.535754 -0.585780 0.608136 0.811162 0.157050 -0.563339 0.234485 0.795108 0.559303
-0.563234 -9.718651 3.548395 -77.458082 0.518762 -0.573014 0.634461 0.765706 -0.018653 -0.642920 0.380236 0.819333 0.429084
-0.427355 -11.000853 10.651115 -83.479351 0.509361 -0.595545 0.621190 0.774364 0.002320 -0.632736 0.375381 0.803319 0.462351
-0.713811 -9.537383 -0.945855 -68.537125 0.532451 -0.545566 0.647190 0.784931 0.032052 -0.618753 0.316827 0.837455 0.445298
-0.682775 -11.704833 3.396655 -105.091358 0.495070 -0.548607 0.673748 0.690874 -0.221672 -0.688153 0.526876 0.806159 0.269275
-0.563050 -11.909309 8.284010 -95.532440 0.496371 -0.570796 0.654070 0.647528 -0.258388 -0.716898 0.578206 0.779376 0.241350
-0.196501 -16.714588 3.551076 -137.983583 0.851462 -0.006520 0.524375 -0.289743 0.827595 0.480765 0.437105 0.561288 -0.702777
-0.255295 -18.446252 0.810983 -88.269598 0.858485 -0.027082 0.512123 -0.426529 0.516741 0.742328 0.284739 0.855713 -0.432063
-0.071905 -18.410124 3.816586 -81.963229 0.868786 -0.014918 0.494964 -0.383326 0.612515 0.691294 0.313485 0.790318 -0.526426
0.046742 -16.467656 5.749012 -84.544441 0.853866 0.015049 0.520275 -0.278824 0.857285 0.432804 0.439511 0.514622 -0.736202
0.253113 -18.497301 7.850850 -150.093130 0.862323 -0.024371 0.505771 -0.344823 0.703185 0.621795 0.370805 0.710589 -0.597969
-3.565355 -7.989292 -21.929989 26.212377 0.490963 0.522451 0.697138 0.851650 -0.119339 -0.510344 -0.183434 0.844277 -0.503536
-3.928196 -8.145680 8.231071 24.708738 0.503855 0.323174 0.801055 0.860085 -0.101926 -0.499864 -0.079895 0.940834 -0.329314
-3.838316 -7.175614 -7.389213 48.420977 0.478642 0.435083 0.762630 0.876455 -0.288446 -0.385521 0.052244 0.852937 -0.519393
1.649451 -3.857803 18.635269 -5.401697 0.723509 -0.438801 0.532906 0.495112 0.867796 0.042355 -0.481039 0.233204 0.845114
1.767912 -3.814443 14.121548 0.744552 0.715209 -0.393580 0.577556 0.425782 0.900680 0.086514 -0.554243 0.184037 0.811754
2.138464 -3.856188 16.154404 1.497263 0.710875 -0.377438 0.593463 0.475534 0.879639 -0.010171 -0.518194 0.289441 0.804797
1.281462 -3.773070 10.007700 -2.533171 0.715101 -0.438430 0.544436 0.413761 0.893239 0.175856 -0.563412 0.099511 0.820161
2.070641 -3.853912 24.583364 -3.919445 0.728823 -0.419999 0.540756 0.531672 0.844791 -0.060440 -0.431441 0.331555 0.839005
0.790868 -2.556113 -14.433983 0.342133 -0.551526 0.461296 -0.695000 -0.221454 0.722306 0.655158 0.804225 0.515247 -0.296215
1.107517 -2.277312 -1.460804 6.262424 -0.561499 0.370126 -0.740085 -0.335472 0.715766 0.612485 0.756424 0.592188 -0.277734
1.055200 -2.526472 -0.649810 10.985554 -0.594082 0.411856 -0.690972 -0.226769 0.738397 0.635095 0.771779 0.533989 -0.345272
-0.378093 -1.462408 -16.615867 -16.672877 0.394153 -0.329882 0.857800 -0.059334 0.922279 0.381942 -0.917127 -0.201441 0.343946
0.354904 -1.454216 -25.996506 -17.448636 0.384915 -0.414818 0.824480 -0.009495 0.891480 0.452960 -0.922903 -0.182179 0.339205
0.052511 -0.990446 -20.053518 -11.374927 0.392476 -0.350127 0.850513 -0.072681 0.910012 0.408160 -0.916886 -0.222010 0.331711
-0.023492 -1.976383 -21.411862 -19.059735 0.388089 -0.443078 0.808127 0.042196 0.884476 0.464675 -0.920655 -0.146236 0.361952
-0.487414 -1.082804 -13.906869 -8.927303 0.364455 -0.085433 0.927294 -0.190214 0.967958 0.163940 -0.911587 -0.236133 0.336527
-0.884147 -1.388267 -11.004140 -10.398144 0.381537 -0.069026 0.921773 -0.192136 0.969505 0.152129 -0.904164 -0.235149 0.356640
-0.839487 -1.954504 -14.422142 -20.919554 0.409012 -0.409910 0.815281 0.001582 0.893747 0.448568 -0.912528 -0.182179 0.366202
-0.663494 -8.998843 6.971432 26.880010 -0.445336 0.564884 -0.694681 -0.513215 0.474715 0.715022 -0.733680 -0.674946 -0.078500
-0.418414 -9.681471 12.808233 -18.696404 -0.445741 0.578523 -0.683101 0.707460 -0.239887 -0.664797 -0.548467 -0.779593 -0.302354
-0.923117 -8.748837 8.600797 -20.731627 -0.477180 0.567873 -0.670686 0.591174 -0.357260 -0.723103 -0.650240 -0.741542 -0.165234
-1.043026 -8.246160 9.578834 24.084102 -0.456251 0.564665 -0.687741 -0.425103 0.540666 0.725926 -0.781743 -0.623565 0.006639
1.036335 -12.196321 -27.598487 -2.315697 0.640006 -0.370305 0.673251 0.572066 0.814598 -0.095768 -0.512965 0.446436 0.733186
1.256114 -12.895103 -10.528910 -36.089305 0.670084 -0.398714 0.626111 -0.613026 -0.772874 0.163907 -0.418553 0.493654 0.762312
1.583920 -23.938733 -5.208926 342.215316 0.635854 -0.465937 0.615299 0.471961 0.865524 0.167693 -0.610690 0.183769 0.770251
1.393937 -12.350673 -28.687725 -9.610173 0.714892 -0.288861 0.636780 -0.653874 -0.598835 0.462435 -0.247746 0.746965 0.616981
4.189874 -69.632751 -104.427678 2088.085289 0.532357 -0.587918 0.609055 0.525245 0.793643 0.306998 -0.663862 0.156470 0.731303
0.893614 -8.981721 -13.043331 -26.704836 0.707529 -0.296970 0.641257 -0.620636 -0.695071 0.362886 -0.337953 0.654740 0.676094
0.904186 -9.525661 -7.399334 -12.174220 0.635948 -0.409955 0.653840 0.556313 0.830726 -0.020228 -0.534869 0.376604 0.756362
2.560046 -103.617640 -16.024214 2933.547406 0.474306 -0.522636 0.708438 0.029258 0.813628 0.580650 -0.879874 -0.254678 0.401200
-0.704411 -37.469739 -51.421476 107.211345 0.480783 -0.514928 0.709716 -0.320559 0.650155 0.688870 -0.816143 -0.558703 0.147519
-0.663059 -55.767079 -66.851450 1542.924506 0.419722 -0.536094 0.732418 0.310810 0.843042 0.438951 -0.852778 0.043405 0.520467
-0.692779 -5.228181 -2.443771 -15.364907 0.614976 -0.473767 0.630357 0.708698 -0.018448 -0.705271 0.345763 0.880457 0.324413
-0.748978 -5.008521 -1.864497 -13.594127 0.629196 -0.467147 0.621198 0.705843 0.008801 -0.708313 0.325420 0.884136 0.335270
-0.589746 -4.726757 -2.500191 -2.748019 0.645595 -0.470924 0.601196 0.722591 0.121945 -0.680435 0.247120 0.873704 0.419013
-4.884113 -6.689198 4.949916 -57.322442 -0.689565 0.536299 -0.486707 0.258282 0.809958 0.526554 0.676602 0.237386 -0.697035
-4.354914 -6.161964 9.227979 -30.236893 -0.788355 0.048219 -0.613328 -0.144635 0.954456 0.260949 0.597977 0.294429 -0.745476
-3.594025 -5.464703 -4.814639 -30.328872 -0.771254 -0.268437 -0.577156 -0.316708 0.948355 -0.017866 0.552145 0.169010 -0.816438
-4.706553 -6.503441 -0.377336 18.738765 0.676442 -0.120357 0.726595 -0.564508 0.548906 0.616468 0.473029 0.827174 -0.303361
-3.269599 -6.911966 49.094371 11.318010 0.620993 -0.310243 0.719804 -0.482185 0.572796 0.662874 0.617952 0.758719 -0.206108
-0.324228 -1.686467 10.379648 7.055802 -0.834459 0.507827 -0.213987 0.380859 0.812106 0.442075 0.398277 0.287395 -0.871079
-0.683072 -1.753758 7.068334 5.608239 -0.878942 0.376712 -0.292487 0.260248 0.892756 0.367774 0.399664 0.247133 -0.882719
-0.892918 -1.714896 3.986462 -3.576519 -0.902431 0.288188 -0.320259 0.201954 0.939578 0.276419 0.380569 0.184771 -0.906105
-0.936612 -1.171068 0.129085 -10.195411 -0.937222 0.063843 -0.342839 0.008115 0.986826 0.161582 0.348639 0.148656 -0.925393
-0.637113 -1.080469 7.453323 5.731576 -0.404157 0.914591 0.013425 -0.856814 -0.373406 -0.355580 0.320197 0.155213 -0.934549
0.006365 -2.227386 -0.348152 30.283585 0.723446 -0.273645 0.633833 -0.075441 0.881259 0.466573 -0.686247 -0.385357 0.616899
-0.151827 -1.802388 4.065786 33.884249 0.727143 -0.283123 0.625383 -0.045575 0.889073 0.455491 -0.684971 -0.359709 0.633580
-0.056590 -2.983031 -2.895385 -3.869848 0.705489 -0.232954 0.669342 -0.205056 0.836947 0.507416 -0.678408 -0.495229 0.542688
-0.292005 -1.159270 4.064738 45.108289 0.724087 -0.288201 0.626609 -0.020855 0.898948 0.437560 -0.689394 -0.329899 0.644905
-0.133948 -2.371940 5.980900 9.121342 0.717560 -0.190327 0.669988 -0.198049 0.866475 0.458256 -0.667746 -0.461517 0.584053
0.772738 -3.998048 -24.178633 -3.305078 0.667944 -0.485560 0.563988 0.319927 -0.496890 -0.806689 -0.671935 -0.719258 0.176551
0.715709 -4.060287 -23.434145 2.343466 0.666992 -0.480952 0.569040 0.394860 -0.419490 -0.817382 -0.631828 -0.769879 0.089888
0.504808 -3.942323 -14.532821 12.762884 0.687339 -0.471530 0.552471 -0.224835 0.585144 0.779138 -0.690662 -0.659746 0.296176
-0.213419 -4.152322 -0.673148 -12.452848 -0.666721 0.155001 -0.729012 0.726895 0.351307 -0.590091 0.164643 -0.923341 -0.346893
-0.108913 -3.732869 0.254336 -4.505904 -0.672483 0.152162 -0.724302 0.733139 0.270977 -0.623762 0.101356 -0.950483 -0.293783
-0.054139 -3.847159 3.455437 -0.507258 -0.689791 0.158372 -0.706475 0.723420 0.190105 -0.663720 0.029190 -0.968906 -0.245702
-0.007374 -3.931692 -1.416690 2.919551 -0.704519 0.144916 -0.694732 0.709469 0.167972 -0.684426 0.017511 -0.975082 -0.221153
0.552936 -9.406350 -15.223905 -14.218032 0.466340 -0.478823 0.743811 -0.137670 0.791310 0.595714 -0.873827 -0.380206 0.303100
1.007244 -9.577999 -16.227562 -31.752956 0.493746 -0.492118 0.716962 -0.351784 0.640962 0.682213 -0.795275 -0.589056 0.143354
0.307060 -9.317622 -16.573940 -12.555457 0.464024 -0.501500 0.730191 -0.315732 0.676535 0.665292 -0.827644 -0.539256 0.155589
0.392067 -9.228520 18.294360 -15.835587 -0.465854 0.516663 -0.718358 -0.499746 0.516338 0.695449 -0.730229 -0.682974 -0.017662
-0.065271 -9.104027 -7.633039 -20.115784 0.477136 -0.472514 0.740994 -0.228294 0.747574 0.623711 -0.848660 -0.466759 0.248822
-0.264240 -8.966731 -12.044827 2.927489 0.470180 -0.493240 0.731878 -0.368090 0.644100 0.670555 -0.802147 -0.584679 0.121287
0.390043 -9.737783 -22.476804 32.032362 0.537929 -0.263437 0.800770 0.840299 0.243409 -0.484407 -0.067304 0.933463 0.352302
-0.005757 -9.870665 -14.335527 -27.160016 0.542012 -0.295239 0.786801 0.778197 0.529752 -0.337301 -0.317225 0.795108 0.516887
-0.330828 -9.593896 -11.960341 -21.714418 0.574558 -0.283625 0.767750 0.793607 0.422479 -0.437835 -0.200177 0.860853 0.467826
0.746881 -9.803618 -19.716758 2.480955 0.502495 -0.311732 0.806425 0.836580 0.410763 -0.362501 -0.218246 0.856795 0.467195
0.042711 -3.402971 4.059644 -14.260020 0.733310 -0.126663 0.667991 0.463821 -0.625171 -0.627719 -0.497117 -0.770142 0.399695
-0.934515 -4.696389 7.149717 -66.313451 0.612472 -0.515374 0.599389 0.669894 -0.064156 -0.739680 0.419666 0.854560 0.305952
-0.859677 -6.311487 7.533206 104.665544 0.652361 -0.498076 0.571266 -0.599867 0.121368 0.790841 0.463233 0.858598 0.219603
-0.739830 -3.728100 0.629563 2.247595 0.574639 -0.474326 0.666937 0.733020 -0.064117 -0.677178 0.363965 0.878011 0.310847
-0.773232 -3.360736 -9.782464 -7.705503 -0.666658 0.721406 0.187460 0.072572 -0.187485 0.979583 -0.741823 -0.666651 -0.072635
1.896134 -16.209319 -37.228716 -493.932995 0.600490 -0.693791 0.397575 0.794219 0.459726 -0.397326 0.092886 0.554352 0.827083
0.564540 -14.450429 5.914823 -124.308182 -0.706827 0.410846 -0.575849 0.219441 0.901240 0.373646 0.672489 0.137738 -0.727177
0.716220 -12.375996 8.090582 -119.576901 -0.708897 0.398193 -0.582157 0.374566 0.911920 0.167637 0.597632 -0.099219 -0.795607
0.820176 -14.364444 19.380125 -140.844689 -0.726953 0.391673 -0.564031 0.301723 0.920032 0.250009 0.616848 0.011563 -0.786997
0.915760 -3.580350 -35.834221 8.448786 0.410998 -0.436115 0.800552 -0.447053 0.668894 0.593906 -0.794496 -0.601984 0.079948
1.705231 -3.334457 -20.356417 13.726092 0.477547 -0.412378 0.775818 -0.375393 0.702589 0.604524 -0.794374 -0.579925 0.180715
1.443182 -3.737270 -22.744481 4.326831 0.472847 -0.426519 0.771036 -0.487661 0.602137 0.632153 -0.733895 -0.674916 0.076722
0.967160 -3.280229 -34.097312 16.051481 0.405917 -0.429975 0.806445 -0.369438 0.729901 0.575118 -0.835911 -0.531381 0.137430
0.630877 -3.734296 -36.908665 2.130661 0.409572 -0.443227 0.797371 -0.521463 0.603435 0.603276 -0.748550 -0.662885 0.016024
-0.088249 -3.664789 -23.963415 3.329600 0.389222 -0.390090 0.834467 -0.527052 0.648652 0.549061 -0.755462 -0.653514 0.046872
0.154072 -3.450263 -24.657730 12.214406 0.388699 -0.390833 0.834364 -0.435840 0.719854 0.540235 -0.811761 -0.573638 0.109466
5.962739 -11.068204 84.613587 -143.430315 -0.174210 0.616305 -0.767997 0.561282 -0.578672 -0.591694 0.809082 0.534142 0.245111
5.980411 -8.418565 18.560658 78.354145 -0.209988 0.508384 -0.835135 -0.605411 0.603108 0.519363 0.767712 0.614660 0.181136
4.527626 -9.745539 -4.404734 63.238797 -0.197532 0.604133 -0.772013 -0.385118 0.676387 0.627841 0.901479 0.421335 0.099054
5.780281 -7.443066 -77.247377 27.054524 -0.276880 0.464373 -0.841246 -0.443402 0.714950 0.540593 0.852486 0.522690 0.007948
-0.337962 -12.249069 1.028383 226.111280 -0.920688 -0.131321 0.367543 -0.122244 0.991340 0.047980 -0.370661 -0.000755 -0.928768
-12.113285 -61.468345 221.137144 1508.587471 -0.781788 -0.507144 0.362785 -0.404945 0.855359 0.323081 -0.474160 0.105673 -0.874074
-2.569846 -36.043660 -8.955131 875.970824 -0.815620 -0.391538 0.425983 -0.337611 0.919973 0.199169 -0.469875 0.018630 -0.882536
-0.181702 -1.418506 -9.602596 6.287101 0.757855 0.173068 0.629050 -0.505694 0.765024 0.398762 0.412226 0.620311 -0.667296
-0.225161 -1.212236 -7.533563 -2.836292 0.774995 0.145879 0.614901 -0.487419 0.757292 0.434663 0.402251 0.636575 -0.658001
-0.738187 -1.869986 -6.503060 -9.423778 0.906273 -0.224077 0.358412 -0.096590 0.715705 0.691691 0.411510 0.661479 -0.626981
-0.491394 -1.696980 -11.014102 5.772861 0.810819 0.079563 0.579865 -0.412802 0.780078 0.470183 0.414931 0.620602 -0.665346
0.201624 -1.360003 2.244838 -76.324894 0.739802 -0.304145 0.600157 -0.210648 0.742452 0.635919 -0.639000 -0.596876 0.485200
0.100962 -2.519240 2.565968 -34.546004 0.734238 -0.278979 0.618923 -0.162210 0.813169 0.558967 -0.659229 -0.510810 0.551806
0.144042 -0.037015 12.018442 64.237300 -0.524906 -0.103032 -0.844901 0.582739 -0.767022 -0.268500 -0.620394 -0.633294 0.462655
1.521694 0.246399 119.687517 2.551752 0.334947 -0.711863 -0.617302 0.718068 -0.231339 0.656399 -0.610073 -0.663124 0.433680
2.504949 0.205808 91.362315 6.544908 0.298691 -0.741493 -0.600809 0.741981 -0.215504 0.634840 -0.600207 -0.635410 0.485805
0.027324 -4.257065 0.609821 -14.508054 0.618294 -0.545168 0.566131 0.785913 0.435540 -0.438914 -0.007291 0.716308 0.697746
-0.136659 -4.995887 -0.532427 -25.383148 0.591556 -0.552661 0.587050 0.798294 0.299354 -0.522603 0.113086 0.777787 0.618271
-0.125922 -4.691186 2.918654 -24.942609 0.619985 -0.549731 0.559834 0.780073 0.355214 -0.515082 0.084296 0.756054 0.649058
1.002206 -11.824653 -10.095389 -86.720125 0.382865 -0.388350 0.838212 0.731891 -0.426139 -0.531734 0.563693 0.817062 0.121076
0.788951 -9.009345 0.333382 -70.827135 0.332140 -0.406515 0.851134 0.840747 -0.281462 -0.462518 0.427582 0.869209 0.248291
0.481059 -9.438820 -14.291964 -54.846526 0.405282 -0.375773 0.833391 0.843918 -0.196722 -0.499103 0.351496 0.905591 0.237394
-0.202479 -7.633652 -14.128405 -35.179832 0.457214 -0.377290 0.805362 0.866230 -0.016250 -0.499382 0.201499 0.925953 0.319390
0.260714 -9.665775 -16.840777 -58.031983 0.461163 -0.371499 0.805802 0.784323 -0.253997 -0.565971 0.414929 0.893014 0.174241
0.812766 -11.739177 -26.556505 -92.413584 0.449296 -0.360238 0.817534 0.724894 -0.387862 -0.569291 0.522170 0.848406 0.086869
0.016695 -7.416871 -12.130831 -28.678191 0.429141 -0.380824 0.819031 0.899818 0.101416 -0.424315 0.078526 0.919069 0.386194
0.504587 -10.380004 -6.004881 85.002356 -0.546849 0.347395 -0.761757 0.529420 0.848333 0.006818 0.648592 -0.399560 -0.647828
-0.340273 -4.025959 -0.456648 15.767679 0.842209 -0.191654 0.503937 -0.360248 -0.895450 0.261517 -0.401130 0.401794 0.823199
-0.311146 -4.204438 1.744647 -2.614793 0.821637 -0.257220 0.508675 -0.462794 -0.822001 0.331869 -0.332768 0.508087 0.794426
-0.377621 -3.865310 7.649528 -5.321213 0.837846 -0.220058 0.499589 -0.436534 -0.819593 0.371086 -0.327799 0.529000 0.782756
-0.477213 -4.139195 4.643291 -18.993080 0.806559 -0.286257 0.517222 -0.538031 -0.717960 0.441652 -0.244919 0.634500 0.733093
-0.531092 -3.994036 14.046706 -21.145250 0.800479 -0.288724 0.525235 -0.548435 -0.706335 0.447561 -0.241770 0.646320 0.723752
-0.304908 -9.181707 5.638123 -30.667479 0.558829 -0.586203 0.586580 0.810789 0.237670 -0.534914 0.174156 0.774518 0.608104
0.471815 -20.969349 12.149947 -180.765789 0.858103 0.023033 0.512962 -0.272844 0.866744 0.417506 0.434990 0.498222 -0.750039
0.487353 -19.752536 16.260713 -130.043731 0.858997 -0.018604 0.511643 -0.245173 0.862357 0.442979 0.449460 0.505958 -0.736201
0.333395 -21.952124 16.887305 -93.256003 0.873332 -0.043502 0.485180 -0.365278 0.600466 0.711346 0.322279 0.798466 -0.508516
0.500780 -25.265818 1.888705 -185.018614 0.885578 0.032863 0.463326 -0.371105 0.649949 0.663210 0.279343 0.759267 -0.587776
0.446121 -24.746524 12.928584 96.363374 0.892564 -0.007185 0.450864 -0.439518 0.209574 0.873443 0.100766 0.977766 -0.183900
0.326157 -13.632746 -5.665371 4.145875 0.767477 -0.117110 0.630290 -0.134601 0.931822 0.337033 -0.626787 -0.343502 0.699388
0.277288 -12.931656 4.306691 63.801563 0.787348 -0.106843 0.607180 0.062022 0.993599 0.094415 -0.613381 -0.036679 0.788935
0.408719 -13.195233 5.451645 2.717571 0.780486 -0.119165 0.613712 -0.080446 0.954361 0.287616 -0.619976 -0.273851 0.735279
-3.791919 -8.494742 16.156010 -0.037141 0.488317 0.186633 0.852476 0.855762 0.088934 -0.509669 -0.170935 0.978396 -0.116286
-3.806524 -8.418071 8.765399 -13.274451 0.510293 0.326134 0.795762 0.806364 0.140216 -0.574557 -0.298961 0.934867 -0.191432
-3.412407 -8.243721 -17.591041 -36.773339 0.498772 0.479517 0.722004 0.696944 0.273332 -0.662993 -0.515263 0.833878 -0.197866
-3.467458 -8.131367 4.795812 -32.600261 0.483482 0.292252 0.825127 0.747079 0.353492 -0.562953 -0.456200 0.888613 -0.047429
-5.275719 -65.438898 -86.557025 -1681.155913 0.834833 -0.229461 0.500402 -0.466636 -0.777228 0.422100 -0.292071 0.585888 0.755929
-3.306467 -27.083157 100.660970 264.382254 0.471459 -0.634759 0.612215 0.863451 0.473459 -0.174039 -0.179386 0.610670 0.771299
-1.515616 -21.358775 -35.483674 336.353263 0.735185 -0.333396 0.590211 0.478305 0.872114 -0.103156 -0.480340 0.358140 0.800631
13.008529 -362.106669 -441.342603 16174.602033 0.773954 -0.151492 0.614854 -0.106030 0.926252 0.361684 -0.624302 -0.345120 0.700813
1.682590 -3.922194 0.626468 5.622045 0.696313 -0.320983 0.641964 0.363749 0.928871 0.069893 -0.618737 0.184847 0.763542
1.312803 -3.854999 7.287416 5.482947 0.714622 -0.362279 0.598389 0.330805 0.928763 0.167233 -0.616347 0.078441 0.783558
1.036980 -1.364900 -28.516951 -14.948470 0.396256 -0.465018 0.791669 0.008886 0.864155 0.503147 -0.918097 -0.192340 0.346559
0.903634 -1.896744 -31.031577 -18.691993 0.383054 -0.454086 0.804410 0.047931 0.879429 0.473610 -0.922481 -0.142863 0.358634
4.048760 -65.529289 40.945260 1977.657412 0.738872 -0.358434 0.570608 0.416799 0.908471 0.030960 -0.529478 0.214953 0.820639
1.805211 -13.346287 -5.481389 -12.921542 0.701928 -0.397134 0.591254 -0.697051 -0.553595 0.455689 -0.146345 0.731995 0.665407
2.645231 -107.299306 -47.002015 3017.989079 0.427092 -0.606598 0.670545 0.587749 0.749787 0.303927 -0.687127 0.264307 0.676755
5.108031 -105.928896 -132.621158 3379.052103 0.322061 -0.609573 0.724359 0.593166 0.726252 0.347436 -0.737855 0.317770 0.595476
-0.987945 -12.068019 -82.478084 259.343529 0.425069 -0.481199 0.766658 0.606865 0.779929 0.153056 -0.671589 0.400198 0.623546
-0.606152 -4.470107 -1.717573 0.053079 0.669689 -0.457353 0.585102 0.703982 0.140067 -0.696269 0.236488 0.878185 0.415770
-3.558571 -6.797522 -39.010337 -53.195055 -0.545044 0.652051 -0.527026 0.289215 0.736244 0.611800 0.786945 0.181034 -0.589868
-2.206147 -6.705149 -59.976906 -99.311209 -0.460518 0.641540 -0.613473 0.412986 0.766617 0.491672 0.785726 -0.026932 -0.617988
-0.129939 -1.637454 4.455387 4.355163 -0.827587 0.518642 -0.214734 0.370624 0.792159 0.484895 0.421590 0.321707 -0.847801
-0.179780 -1.792709 -4.690609 7.848127 -0.780543 0.596823 -0.185891 0.452920 0.744917 0.489859 0.430833 0.298162 -0.851753
-0.093942 -1.634110 -3.911533 -0.606892 -0.818805 0.526944 -0.227793 0.363441 0.782978 0.504833 0.444375 0.330570 -0.832619
-0.248516 -1.845445 -12.654900 2.863327 -0.781254 0.587538 -0.210808 0.420906 0.745239 0.517163 0.460955 0.315305 -0.829519
-0.134593 -2.039660 -5.877477 9.234343 -0.734255 0.661697 -0.151741 0.527686 0.696918 0.485647 0.427103 0.276518 -0.860884
0.169797 -0.633685 1.648331 81.080344 0.707684 -0.481394 0.517149 0.209193 0.841904 0.497430 -0.674850 -0.243839 0.696506
0.086973 -2.444812 5.828569 41.560030 0.738906 -0.314205 0.596065 -0.010201 0.879303 0.476154 -0.673731 -0.357913 0.646517
0.327751 -3.466583 24.149663 11.358920 0.662336 -0.344795 0.665152 -0.325894 0.666825 0.670177 -0.674614 -0.660651 0.329295
0.012968 -3.256417 5.868303 11.772478 0.664990 -0.384973 0.639988 -0.240266 0.701087 0.671379 -0.707150 -0.600227 0.373720
-0.340384 -4.466489 0.835519 -29.177903 -0.666029 0.159816 -0.728605 0.710686 0.432638 -0.554752 0.226564 -0.887290 -0.401728
1.178038 -9.331504 -19.928675 11.378943 0.478625 -0.492291 0.727027 -0.099502 0.792284 0.601984 -0.872363 -0.360465 0.330223
0.854073 -9.503092 17.219862 17.230567 -0.491189 0.492853 -0.718212 0.536679 -0.478206 -0.695193 -0.686082 -0.726921 -0.029615
1.303869 -6.765099 -11.484119 50.824404 0.515718 -0.322791 0.793625 0.770004 -0.231542 -0.594544 0.375671 0.917711 0.129140
1.180435 -5.798304 -8.692941 17.750510 0.517590 -0.314458 0.795749 0.689218 -0.397884 -0.605530 0.507029 0.861861 0.010789
0.623036 -5.674297 -15.826559 30.677640 0.544367 -0.284417 0.789159 0.665599 -0.426110 -0.612706 0.510532 0.858800 -0.042653
-0.732284 -3.468470 14.879212 3.511048 0.761915 -0.177190 0.622968 0.400851 -0.626493 -0.668450 -0.508728 -0.759019 0.406308
-0.470613 -3.599820 8.403306 7.167471 0.755801 -0.178595 0.629975 0.452788 -0.552453 -0.699842 -0.473020 -0.814186 0.336679
-0.157195 -3.734557 1.234545 -1.973302 0.733804 -0.154113 0.661650 0.508494 -0.521265 -0.685359 -0.450517 -0.839364 0.304141
-0.389748 -9.799414 -2.635026 139.582657 -0.563066 0.313833 -0.764503 -0.393771 0.711437 0.582066 0.726568 0.628781 -0.277008
-0.409099 -10.023817 -11.568549 142.081145 -0.552580 0.322205 -0.768661 -0.366932 0.734020 0.571467 0.748342 0.597828 -0.287378
-0.263912 -7.478389 0.674552 109.244934 0.582433 -0.331517 0.742205 -0.496292 0.578108 0.647677 0.643791 0.745579 -0.172180
-0.354926 -6.352373 -1.215418 101.849392 0.569802 -0.306983 0.762290 -0.543404 0.555108 0.629736 0.616472 0.773056 -0.149486
-0.403131 -5.284986 -3.731957 10.571633 0.602787 -0.325021 0.728704 -0.549701 0.492803 0.674518 0.578339 0.807160 -0.118391
0.631916 -24.770653 8.038005 180.376348 -0.907958 0.301201 -0.291359 0.175420 0.904599 0.388495 0.380578 0.301627 -0.874174
0.434142 -26.332826 -5.195457 -86.562559 -0.908515 0.286688 -0.303992 0.279169 0.957765 0.068918 0.310911 -0.022252 -0.950178
0.625885 -28.185567 2.243023 206.294594 -0.903499 0.290133 -0.315455 0.288848 0.955965 0.051934 0.316632 -0.044196 -0.947518
0.403755 -27.998267 1.410213 160.887836 0.912323 -0.311216 0.266103 0.152802 0.861684 0.483893 0.379891 0.400806 -0.833689
-2.757484 -6.726695 -0.361378 -47.190866 -0.543118 0.613508 -0.573263 0.747505 0.042320 -0.662906 -0.382438 -0.788554 -0.481585
-2.946414 -8.135228 -8.432552 -38.883525 -0.556449 0.624518 -0.548034 0.807438 0.250868 -0.533957 -0.195982 -0.739623 -0.643855
-2.764430 -7.796798 -1.392548 -44.002864 -0.552928 0.574061 -0.603925 0.811402 0.206156 -0.546924 -0.189465 -0.792435 -0.579784
-2.946702 -7.167255 -10.259161 -46.577409 -0.554014 0.670527 -0.493419 0.737324 0.120004 -0.664795 -0.386550 -0.732116 -0.560879
-2.631777 -6.514963 -0.541633 -42.156024 -0.543382 0.542187 -0.640912 0.773907 0.027714 -0.632693 -0.325276 -0.839800 -0.434662
-2.671547 -5.559993 9.197208 -34.485725 -0.521930 0.582231 -0.623375 0.703265 -0.119844 -0.700753 -0.482708 -0.804142 -0.346913
-2.418901 -5.322517 5.190484 -42.020350 -0.535543 0.627225 -0.565493 0.649332 -0.122311 -0.750605 -0.539964 -0.769174 -0.341774
-2.501419 -5.718485 -3.915685 -43.331486 -0.558089 0.663971 -0.497674 0.641552 -0.035109 -0.766275 -0.526258 -0.746933 -0.406378
-13.971975 -438.881281 706.697188 -8501.216847 0.659530 0.727045 0.190857 -0.243286 0.446707 -0.860967 0.711219 -0.521401 -0.471497
-19.840502 -39.512834 231.234341 -898.099102 -0.607607 0.122127 -0.784793 0.109103 0.991574 0.069835 0.786709 -0.043191 -0.615811
-8.055851 -31.150289 -36.104393 -814.221198 -0.785136 -0.521948 -0.333364 -0.367689 0.825983 -0.427266 0.498364 -0.212888 -0.840424
-1.733519 -13.763057 191.652601 273.087001 -0.032771 0.972869 -0.229024 -0.898191 -0.129175 -0.420199 0.438382 -0.191937 -0.878055
-2.109189 -36.762165 -14.962912 -823.676863 -0.942527 -0.225255 -0.246785 -0.209826 0.973817 -0.087486 0.260030 -0.030676 -0.965113
-2.226291 -26.066499 295.279606 -206.580479 0.648438 0.760982 0.020860 -0.710711 0.614966 -0.341622 0.272797 -0.206696 -0.939606
1.720708 -3.654281 9.537249 8.467767 0.566710 -0.348657 0.746511 -0.436428 0.641470 0.630909 -0.698835 -0.683341 0.211364
1.758881 -3.197714 14.919422 18.557028 0.582880 -0.339159 0.738391 -0.324132 0.736244 0.594040 -0.745110 -0.585590 0.319210
1.441495 -2.823600 -34.484506 20.379180 0.422734 -0.433215 0.796003 -0.286577 0.769371 0.570913 -0.859750 -0.469460 0.201090
2.005629 -2.924766 -15.560923 20.717859 0.499768 -0.399712 0.768415 -0.286354 0.761021 0.582107 -0.817456 -0.510957 0.265875
-0.403119 -0.964494 -9.893640 4.579625 0.881469 -0.292176 0.371007 0.017350 0.805134 0.592839 0.471924 0.516132 -0.714769
0.687922 -1.249769 -33.033900 -1.258730 0.880371 -0.101539 0.463289 -0.171814 0.842190 0.511074 0.442071 0.529534 -0.723993
-0.368267 -1.071753 -9.252332 -5.952125 0.791117 0.102481 0.603018 -0.399624 0.832963 0.382719 0.463071 0.543756 -0.699925
-0.585795 -0.821862 8.434223 7.838338 0.575579 0.389149 0.719216 0.644473 -0.757238 -0.106041 0.503352 0.524551 -0.686646
-0.546133 -0.810335 -11.990208 -8.203573 -0.608950 0.785915 0.107320 -0.589122 -0.357516 -0.724650 0.531144 0.504500 -0.680709
0.486177 -4.670981 -2.541934 -8.643723 0.805501 -0.214603 0.552371 -0.177531 0.801921 0.570443 -0.565377 -0.557555 0.607850
1.185027 -5.689407 -7.560040 -22.841197 -0.952136 0.068715 0.297850 0.058976 0.997393 -0.041573 -0.299930 -0.022017 -0.953707
0.932923 -29.061517 2.302144 -910.153136 -0.948983 -0.180394 0.258628 -0.150802 0.979954 0.130185 -0.276928 0.084542 -0.957164
-0.732910 -1.814813 2.225500 7.684086 -0.904867 0.193656 -0.379094 0.072532 0.947649 0.310967 0.419469 0.253887 -0.871543
-0.932113 -1.978738 -2.927096 6.785400 -0.898340 -0.080266 -0.431907 -0.145820 0.981906 0.120817 0.414394 0.171515 -0.893790
3.861842 -6.088737 27.549592 12.766759 0.570496 -0.461225 0.679562 0.422869 0.874276 0.238378 -0.704071 0.151372 0.693809
0.060036 -1.295847 -6.609021 5.899747 0.685082 0.266314 0.678041 -0.599641 0.734673 0.317310 0.413635 0.623965 -0.663004
